timestamp,value
2025-06-12 11:56:00,98.8
2025-06-12 08:00:00,49.96204002157484
2025-06-12 08:51:00,37.7
2025-06-12 01:31:00,11.9
2025-06-12 16:07:00,9.5
2025-06-12 17:33:00,95.0
2025-06-12 23:37:00,25.5
2025-06-12 17:46:00,6.6
2025-06-12 22:54:00,69.0
2025-06-12 19:03:00,35.5
2025-06-12 23:39:00,97.0
2025-06-12 00:31:00,49.96204002157484
2025-06-12 00:30:00,57.9
2025-06-12 05:21:00,37.0
2025-06-12 06:25:00,99.7
2025-06-12 23:59:00,83.1
2025-06-12 11:39:00,49.96204002157484
2025-06-12 07:56:00,17.2
2025-06-12 20:19:00,61.5
2025-06-12 16:58:00,11.5
2025-06-12 14:52:00,69.8
2025-06-12 01:23:00,49.96204002157484
2025-06-12 09:51:00,35.6
2025-06-12 13:31:00,49.96204002157484
2025-06-12 17:13:00,79.3
2025-06-12 08:07:00,90.2
2025-06-12 04:21:00,26.4
2025-06-12 07:18:00,22.6
2025-06-12 16:35:00,95.3
2025-06-12 01:46:00,97.3
2025-06-12 12:51:00,49.96204002157484
2025-06-12 23:12:00,49.96204002157484
2025-06-12 07:11:00,2.8
2025-06-12 08:59:00,53.6
2025-06-12 19:07:00,26.9
2025-06-12 07:22:00,35.7
2025-06-12 02:15:00,60.1
2025-06-12 04:52:00,17.3
2025-06-12 14:16:00,49.96204002157484
2025-06-12 08:57:00,71.5
2025-06-12 06:27:00,15.4
2025-06-12 18:23:00,82.0
2025-06-12 05:05:00,7.0
2025-06-12 22:44:00,31.4
2025-06-12 17:05:00,61.5
2025-06-12 23:26:00,90.5
2025-06-12 13:01:00,88.8
2025-06-12 12:07:00,77.9
2025-06-12 09:23:00,49.96204002157484
2025-06-12 22:35:00,95.9
2025-06-12 18:36:00,49.96204002157484
2025-06-12 16:44:00,67.3
2025-06-12 18:17:00,49.96204002157484
2025-06-12 14:35:00,3.5
2025-06-12 04:45:00,45.8
2025-06-12 01:58:00,56.5
2025-06-12 06:48:00,49.96204002157484
2025-06-12 20:59:00,15.5
2025-06-12 03:28:00,84.7
2025-06-12 20:02:00,49.96204002157484
2025-06-12 12:32:00,53.5
2025-06-12 11:28:00,49.96204002157484
2025-06-12 00:26:00,62.3
2025-06-12 01:26:00,9.8
2025-06-12 19:41:00,21.2
2025-06-12 22:00:00,82.2
2025-06-12 20:23:00,49.96204002157484
2025-06-12 21:46:00,49.96204002157484
2025-06-12 05:12:00,49.96204002157484
2025-06-12 04:44:00,63.0
2025-06-12 05:36:00,41.6
2025-06-12 11:03:00,33.2
2025-06-12 17:29:00,97.7
2025-06-12 07:00:00,49.96204002157484
2025-06-12 12:52:00,47.5
2025-06-12 20:16:00,41.8
2025-06-12 06:10:00,54.7
2025-06-12 02:13:00,49.96204002157484
2025-06-12 17:31:00,13.1
2025-06-12 21:37:00,10.9
2025-06-12 16:32:00,46.1
2025-06-12 06:16:00,68.8
2025-06-12 04:50:00,34.6
2025-06-12 22:13:00,86.4
2025-06-12 02:36:00,70.3
2025-06-12 13:41:00,8.7
2025-06-12 19:54:00,63.5
2025-06-12 08:06:00,57.9
2025-06-12 04:35:00,15.7
2025-06-12 15:06:00,49.96204002157484
2025-06-12 17:07:00,13.3
2025-06-12 17:20:00,49.96204002157484
2025-06-12 09:49:00,2.7
2025-06-12 05:08:00,58.3
2025-06-12 18:26:00,11.8
2025-06-12 19:11:00,49.96204002157484
2025-06-12 08:46:00,97.1
2025-06-12 23:11:00,49.96204002157484
2025-06-12 16:16:00,38.5
2025-06-12 18:09:00,50.6
2025-06-12 09:41:00,37.3
2025-06-12 10:28:00,49.96204002157484
2025-06-12 21:19:00,9.3
2025-06-12 15:42:00,2.9
2025-06-12 04:18:00,4.4
2025-06-12 23:41:00,17.2
2025-06-12 00:32:00,36.8
2025-06-12 11:14:00,6.7
2025-06-12 16:01:00,57.0
2025-06-12 08:43:00,10.5
2025-06-12 01:04:00,0.9
2025-06-12 13:09:00,12.4
2025-06-12 00:51:00,14.9
2025-06-12 03:01:00,61.2
2025-06-12 13:26:00,52.0
2025-06-12 19:04:00,15.3
2025-06-12 18:46:00,45.0
2025-06-12 05:13:00,51.4
2025-06-12 23:58:00,50.8
2025-06-12 17:57:00,77.4
2025-06-12 07:30:00,49.96204002157484
2025-06-12 20:18:00,49.96204002157484
2025-06-12 16:09:00,14.2
2025-06-12 13:15:00,81.5
2025-06-12 11:06:00,77.6
2025-06-12 22:25:00,88.5
2025-06-12 11:13:00,47.7
2025-06-12 18:11:00,18.0
2025-06-12 23:22:00,88.3
2025-06-12 00:18:00,98.4
2025-06-12 12:44:00,83.8
2025-06-12 10:13:00,20.3
2025-06-12 17:06:00,25.0
2025-06-12 21:29:00,40.4
2025-06-12 04:05:00,3.9
2025-06-12 21:15:00,81.5
2025-06-12 07:21:00,61.3
2025-06-12 19:51:00,49.96204002157484
2025-06-12 11:42:00,98.6
2025-06-12 02:38:00,57.8
2025-06-12 18:45:00,18.7
2025-06-12 03:56:00,49.4
2025-06-12 23:25:00,99.4
2025-06-12 03:44:00,28.4
2025-06-12 02:52:00,7.1
2025-06-12 05:38:00,82.4
2025-06-12 08:35:00,31.8
2025-06-12 01:14:00,49.96204002157484
2025-06-12 20:10:00,94.0
2025-06-12 04:17:00,19.5
2025-06-12 11:51:00,85.1
2025-06-12 07:27:00,11.6
2025-06-12 13:53:00,24.4
2025-06-12 17:00:00,11.2
2025-06-12 18:12:00,16.8
2025-06-12 01:57:00,75.0
2025-06-12 15:15:00,42.0
2025-06-12 04:19:00,65.1
2025-06-12 10:41:00,70.2
2025-06-12 18:50:00,11.6
2025-06-12 11:09:00,72.9
2025-06-12 21:56:00,57.3
2025-06-12 15:33:00,91.5
2025-06-12 01:54:00,97.5
2025-06-12 13:56:00,31.3
2025-06-12 05:00:00,43.4
2025-06-12 08:32:00,89.6
2025-06-12 08:01:00,65.5
2025-06-12 00:22:00,49.96204002157484
2025-06-12 23:53:00,97.9
2025-06-12 20:38:00,18.7
2025-06-12 16:25:00,99.0
2025-06-12 01:00:00,49.96204002157484
2025-06-12 14:20:00,47.1
2025-06-12 16:55:00,59.4
2025-06-12 01:28:00,92.3
2025-06-12 11:34:00,63.5
2025-06-12 07:26:00,92.9
2025-06-12 18:49:00,49.96204002157484
2025-06-12 12:53:00,53.9
2025-06-12 15:58:00,77.5
2025-06-12 05:06:00,56.3
2025-06-12 14:19:00,25.4
2025-06-12 16:49:00,30.7
2025-06-12 08:44:00,85.5
2025-06-12 22:43:00,67.9
2025-06-12 02:39:00,92.7
2025-06-12 15:11:00,61.8
2025-06-12 18:43:00,44.4
2025-06-12 12:36:00,63.7
2025-06-12 01:59:00,72.5
2025-06-12 01:39:00,25.7
2025-06-12 07:06:00,71.8
2025-06-12 12:42:00,60.3
2025-06-12 10:07:00,40.8
2025-06-12 00:55:00,49.96204002157484
2025-06-12 13:35:00,73.0
2025-06-12 04:47:00,82.1
2025-06-12 05:25:00,89.0
2025-06-12 07:16:00,22.6
2025-06-12 20:47:00,37.8
2025-06-12 21:38:00,46.9
2025-06-12 08:34:00,36.0
2025-06-12 10:10:00,77.3
2025-06-12 18:44:00,52.7
2025-06-12 05:04:00,14.4
2025-06-12 04:30:00,33.9
2025-06-12 01:44:00,49.96204002157484
2025-06-12 09:35:00,19.5
2025-06-12 12:43:00,11.3
2025-06-12 22:31:00,49.96204002157484
2025-06-12 22:14:00,8.8
2025-06-12 14:41:00,49.96204002157484
2025-06-12 10:23:00,44.6
2025-06-12 20:35:00,50.9
2025-06-12 13:27:00,64.7
2025-06-12 07:31:00,77.8
2025-06-12 05:51:00,40.2
2025-06-12 06:39:00,49.96204002157484
2025-06-12 05:02:00,98.3
2025-06-12 14:53:00,7.8
2025-06-12 01:22:00,47.3
2025-06-12 09:33:00,20.2
2025-06-12 18:22:00,14.5
2025-06-12 09:13:00,59.3
2025-06-12 05:40:00,81.5
2025-06-12 17:26:00,63.6
2025-06-12 03:26:00,0.3
2025-06-12 19:06:00,53.5
2025-06-12 04:36:00,31.7
2025-06-12 03:29:00,49.96204002157484
2025-06-12 19:02:00,49.96204002157484
2025-06-12 01:37:00,1.5
2025-06-12 01:27:00,76.6
2025-06-12 23:32:00,43.0
2025-06-12 06:14:00,18.1
2025-06-12 17:23:00,49.96204002157484
2025-06-12 01:07:00,95.1
2025-06-12 20:24:00,49.96204002157484
2025-06-12 08:36:00,57.1
2025-06-12 12:50:00,49.96204002157484
2025-06-12 14:04:00,9.1
2025-06-12 16:24:00,49.96204002157484
2025-06-12 20:00:00,43.2
2025-06-12 03:06:00,87.6
2025-06-12 11:00:00,15.6
2025-06-12 18:59:00,13.5
2025-06-12 05:49:00,91.1
2025-06-12 20:37:00,49.96204002157484
2025-06-12 20:05:00,32.6
2025-06-12 19:49:00,18.1
2025-06-12 10:15:00,92.4
2025-06-12 14:54:00,13.4
2025-06-12 04:09:00,6.6
2025-06-12 09:08:00,15.0
2025-06-12 13:28:00,76.6
2025-06-12 14:13:00,29.5
2025-06-12 23:45:00,91.1
2025-06-12 05:53:00,52.1
2025-06-12 01:25:00,9.2
2025-06-12 06:04:00,41.6
2025-06-12 06:21:00,81.0
2025-06-12 17:24:00,62.4
2025-06-12 10:29:00,49.2
2025-06-12 06:29:00,76.6
2025-06-12 16:04:00,37.1
2025-06-12 16:02:00,92.0
2025-06-12 08:17:00,73.9
2025-06-12 01:05:00,64.8
2025-06-12 10:01:00,64.4
2025-06-12 06:01:00,49.96204002157484
2025-06-12 00:34:00,11.1
2025-06-12 11:16:00,49.96204002157484
2025-06-12 05:27:00,69.7
2025-06-12 18:31:00,11.2
2025-06-12 07:54:00,37.4
2025-06-12 00:59:00,40.5
2025-06-12 09:14:00,25.8
2025-06-12 21:04:00,49.96204002157484
2025-06-12 15:21:00,57.2
2025-06-12 13:02:00,11.6
2025-06-12 11:55:00,70.1
2025-06-12 18:29:00,18.1
2025-06-12 04:31:00,9.2
2025-06-12 03:47:00,28.5
2025-06-12 07:44:00,49.96204002157484
2025-06-12 23:55:00,42.6
2025-06-12 07:57:00,49.96204002157484
2025-06-12 00:07:00,31.2
2025-06-12 23:08:00,11.8
2025-06-12 10:33:00,71.4
2025-06-12 18:03:00,21.2
2025-06-12 21:30:00,56.1
2025-06-12 05:34:00,49.96204002157484
2025-06-12 12:37:00,49.96204002157484
2025-06-12 03:48:00,2.0
2025-06-12 23:51:00,42.9
2025-06-12 17:48:00,2.7
2025-06-12 08:15:00,66.1
2025-06-12 06:52:00,60.6
2025-06-12 19:37:00,21.0
2025-06-12 16:26:00,31.3
2025-06-12 00:37:00,41.3
2025-06-12 19:31:00,65.1
2025-06-12 12:48:00,49.96204002157484
2025-06-12 07:08:00,0.8
2025-06-12 18:20:00,97.6
2025-06-12 19:01:00,66.2
2025-06-12 04:56:00,93.5
2025-06-12 11:53:00,85.9
2025-06-12 13:54:00,32.2
2025-06-12 05:52:00,57.2
2025-06-12 06:56:00,88.1
2025-06-12 22:06:00,5.1
2025-06-12 06:38:00,82.3
2025-06-12 13:51:00,49.96204002157484
2025-06-12 11:21:00,68.4
2025-06-12 22:16:00,49.96204002157484
2025-06-12 01:12:00,16.2
2025-06-12 17:04:00,41.4
2025-06-12 01:13:00,3.4
2025-06-12 14:23:00,47.7
2025-06-12 13:50:00,4.6
2025-06-12 06:57:00,1.3
2025-06-12 17:12:00,68.7
2025-06-12 06:12:00,49.96204002157484
2025-06-12 16:45:00,96.9
2025-06-12 21:44:00,69.5
2025-06-12 18:00:00,96.7
2025-06-12 19:27:00,39.2
2025-06-12 02:04:00,0.4
2025-06-12 05:41:00,39.0
2025-06-12 13:22:00,13.2
2025-06-12 15:52:00,61.5
2025-06-12 15:05:00,59.4
2025-06-12 02:55:00,17.6
2025-06-12 03:38:00,14.7
2025-06-12 09:26:00,49.1
2025-06-12 05:56:00,62.3
2025-06-12 13:00:00,19.7
2025-06-12 17:50:00,91.7
2025-06-12 10:55:00,18.8
2025-06-12 09:21:00,87.1
2025-06-12 11:45:00,0.4
2025-06-12 13:42:00,49.96204002157484
2025-06-12 21:09:00,59.7
2025-06-12 14:27:00,32.2
2025-06-12 14:49:00,49.96204002157484
2025-06-12 07:10:00,52.1
2025-06-12 02:43:00,2.8
2025-06-12 15:54:00,75.4
2025-06-12 11:52:00,47.3
2025-06-12 07:20:00,94.2
2025-06-12 09:09:00,7.2
2025-06-12 15:23:00,68.7
2025-06-12 14:29:00,7.4
2025-06-12 13:32:00,4.1
2025-06-12 15:59:00,82.8
2025-06-12 06:34:00,68.3
2025-06-12 17:02:00,39.6
2025-06-12 01:02:00,59.7
2025-06-12 15:51:00,49.96204002157484
2025-06-12 06:24:00,5.6
2025-06-12 21:01:00,17.8
2025-06-12 02:10:00,60.8
2025-06-12 14:38:00,49.96204002157484
2025-06-12 03:33:00,88.0
2025-06-12 22:02:00,28.9
2025-06-12 06:49:00,32.0
2025-06-12 06:11:00,49.96204002157484
2025-06-12 03:21:00,13.6
2025-06-12 00:58:00,26.8
2025-06-12 14:42:00,24.5
2025-06-12 12:18:00,31.8
2025-06-12 18:33:00,13.9
2025-06-12 11:15:00,35.8
2025-06-12 16:39:00,64.2
2025-06-12 03:34:00,44.5
2025-06-12 05:39:00,46.4
2025-06-12 05:54:00,93.7
2025-06-12 08:16:00,44.6
2025-06-12 08:30:00,85.4
2025-06-12 00:12:00,49.96204002157484
2025-06-12 04:34:00,15.0
2025-06-12 09:37:00,38.6
2025-06-12 18:07:00,45.7
2025-06-12 20:57:00,81.9
2025-06-12 09:17:00,39.9
2025-06-12 08:10:00,2.6
2025-06-12 21:18:00,72.6
2025-06-12 18:42:00,64.1
2025-06-12 12:00:00,51.7
2025-06-12 11:31:00,18.5
2025-06-12 23:15:00,42.6
2025-06-12 18:28:00,25.8
2025-06-12 13:07:00,94.4
2025-06-12 04:41:00,97.3
2025-06-12 09:18:00,91.0
2025-06-12 19:33:00,49.96204002157484
2025-06-12 05:19:00,31.0
2025-06-12 00:01:00,2.0
2025-06-12 05:47:00,42.2
2025-06-12 19:16:00,49.96204002157484
2025-06-12 23:42:00,35.5
2025-06-12 15:32:00,49.96204002157484
2025-06-12 03:07:00,20.7
2025-06-12 22:32:00,34.5
2025-06-12 08:03:00,49.96204002157484
2025-06-12 10:35:00,25.8
2025-06-12 18:25:00,49.96204002157484
2025-06-12 15:34:00,49.96204002157484
2025-06-12 05:18:00,49.96204002157484
2025-06-12 12:11:00,49.96204002157484
2025-06-12 19:36:00,49.96204002157484
2025-06-12 02:01:00,18.8
2025-06-12 13:44:00,49.96204002157484
2025-06-12 12:08:00,54.9
2025-06-12 22:10:00,57.3
2025-06-12 12:54:00,54.7
2025-06-12 15:08:00,75.3
2025-06-12 15:49:00,53.9
2025-06-12 09:07:00,99.8
2025-06-12 04:16:00,39.6
2025-06-12 01:42:00,74.0
2025-06-12 06:28:00,89.8
2025-06-12 22:15:00,5.3
2025-06-12 13:33:00,83.8
2025-06-12 22:24:00,50.9
2025-06-12 04:39:00,49.96204002157484
2025-06-12 22:12:00,52.7
2025-06-12 06:42:00,23.9
2025-06-12 01:15:00,96.6
2025-06-12 19:18:00,24.7
2025-06-12 00:05:00,87.8
2025-06-12 16:05:00,32.3
2025-06-12 02:40:00,81.1
2025-06-12 23:30:00,49.96204002157484
2025-06-12 19:30:00,37.2
2025-06-12 00:41:00,52.3
2025-06-12 20:48:00,49.96204002157484
2025-06-12 06:58:00,44.1
2025-06-12 10:20:00,49.96204002157484
2025-06-12 04:01:00,72.4
2025-06-12 05:22:00,4.7
2025-06-12 06:45:00,41.7
2025-06-12 14:57:00,28.7
2025-06-12 20:46:00,3.1
2025-06-12 04:04:00,85.3
2025-06-12 12:01:00,49.96204002157484
2025-06-12 20:54:00,68.8
2025-06-12 16:38:00,16.6
2025-06-12 12:55:00,49.96204002157484
2025-06-12 16:17:00,42.7
2025-06-12 13:17:00,49.96204002157484
2025-06-12 17:56:00,72.9
2025-06-12 23:48:00,64.6
2025-06-12 19:50:00,87.4
2025-06-12 14:30:00,63.2
2025-06-12 14:50:00,20.4
2025-06-12 03:31:00,56.3
2025-06-12 02:16:00,49.96204002157484
2025-06-12 19:44:00,68.7
2025-06-12 19:53:00,60.7
2025-06-12 22:34:00,89.2
2025-06-12 11:29:00,49.96204002157484
2025-06-12 03:54:00,1.3
2025-06-12 17:08:00,19.9
2025-06-12 00:06:00,44.6
2025-06-12 09:31:00,83.1
2025-06-12 23:02:00,85.8
2025-06-12 22:01:00,89.4
2025-06-12 17:03:00,82.5
2025-06-12 00:57:00,23.1
2025-06-12 01:48:00,99.7
2025-06-12 07:46:00,13.3
2025-06-12 00:47:00,19.7
2025-06-12 02:29:00,58.7
2025-06-12 08:20:00,49.96204002157484
2025-06-12 01:16:00,49.96204002157484
2025-06-12 21:02:00,93.5
2025-06-12 22:07:00,49.96204002157484
2025-06-12 18:04:00,99.1
2025-06-12 23:06:00,64.3
2025-06-12 02:32:00,24.6
2025-06-12 14:37:00,41.2
2025-06-12 09:53:00,78.6
2025-06-12 04:48:00,68.3
2025-06-12 04:07:00,36.7
2025-06-12 16:41:00,70.1
2025-06-12 19:24:00,34.0
2025-06-12 12:39:00,47.8
2025-06-12 20:01:00,49.96204002157484
2025-06-12 11:54:00,25.0
2025-06-12 21:34:00,59.7
2025-06-12 09:03:00,98.9
2025-06-12 16:54:00,66.9
2025-06-12 08:18:00,88.1
2025-06-12 03:05:00,11.9
2025-06-12 00:38:00,19.2
2025-06-12 05:24:00,94.3
2025-06-12 21:51:00,8.0
2025-06-12 23:13:00,59.0
2025-06-12 02:54:00,59.3
2025-06-12 10:47:00,83.0
2025-06-12 21:52:00,63.2
2025-06-12 09:12:00,52.0
2025-06-12 03:45:00,44.6
2025-06-12 04:14:00,79.6
2025-06-12 09:40:00,89.9
2025-06-12 07:09:00,28.2
2025-06-12 02:22:00,45.8
2025-06-12 03:04:00,87.1
2025-06-12 15:02:00,53.6
2025-06-12 10:32:00,29.5
2025-06-12 01:32:00,73.1
2025-06-12 15:17:00,23.2
2025-06-12 11:40:00,49.96204002157484
2025-06-12 15:56:00,71.6
2025-06-12 07:34:00,50.3
2025-06-12 21:12:00,28.8
2025-06-12 22:47:00,49.96204002157484
2025-06-12 17:41:00,37.3
2025-06-12 06:43:00,87.4
2025-06-12 03:51:00,36.7
2025-06-12 09:06:00,98.4
2025-06-12 16:06:00,34.4
2025-06-12 22:03:00,30.5
2025-06-12 17:18:00,24.6
2025-06-12 20:44:00,37.0
2025-06-12 03:43:00,39.0
2025-06-12 10:57:00,49.96204002157484
2025-06-12 13:52:00,35.1
2025-06-12 18:47:00,79.1
2025-06-12 04:25:00,90.9
2025-06-12 23:20:00,77.1
2025-06-12 01:17:00,56.9
2025-06-12 22:56:00,81.4
2025-06-12 08:39:00,88.5
2025-06-12 15:24:00,12.3
2025-06-12 11:26:00,0.9
2025-06-12 05:07:00,5.1
2025-06-12 08:41:00,18.0
2025-06-12 10:25:00,96.3
2025-06-12 16:40:00,39.7
2025-06-12 21:59:00,52.6
2025-06-12 01:36:00,18.6
2025-06-12 16:31:00,13.0
2025-06-12 14:24:00,18.5
2025-06-12 15:01:00,49.0
2025-06-12 10:18:00,14.9
2025-06-12 12:15:00,45.6
2025-06-12 19:25:00,41.4
2025-06-12 16:12:00,49.96204002157484
2025-06-12 12:05:00,2.6
2025-06-12 16:30:00,83.6
2025-06-12 06:15:00,23.3
2025-06-12 05:42:00,76.5
2025-06-12 17:49:00,50.4
2025-06-12 07:29:00,0.1
2025-06-12 05:44:00,6.2
2025-06-12 10:45:00,76.3
2025-06-12 07:48:00,49.96204002157484
2025-06-12 07:51:00,86.9
2025-06-12 12:14:00,49.96204002157484
2025-06-12 19:57:00,42.5
2025-06-12 07:19:00,49.96204002157484
2025-06-12 06:20:00,44.9
2025-06-12 14:15:00,36.2
2025-06-12 00:40:00,62.7
2025-06-12 13:04:00,47.8
2025-06-12 13:36:00,34.4
2025-06-12 15:53:00,62.0
2025-06-12 07:38:00,93.1
2025-06-12 01:30:00,3.3
2025-06-12 11:10:00,67.9
2025-06-12 02:49:00,49.96204002157484
2025-06-12 16:00:00,65.0
2025-06-12 21:20:00,67.2
2025-06-12 08:55:00,58.4
2025-06-12 14:31:00,4.2
2025-06-12 03:30:00,49.96204002157484
2025-06-12 10:06:00,46.9
2025-06-12 01:09:00,90.9
2025-06-12 06:44:00,42.8
2025-06-12 06:35:00,63.5
2025-06-12 03:20:00,28.1
2025-06-12 06:30:00,49.96204002157484
2025-06-12 19:56:00,6.5
2025-06-12 12:12:00,81.9
2025-06-12 04:55:00,25.7
2025-06-12 13:10:00,97.5
2025-06-12 06:18:00,30.3
2025-06-12 19:47:00,49.96204002157484
2025-06-12 21:42:00,40.8
2025-06-12 15:14:00,53.6
2025-06-12 01:11:00,89.1
2025-06-12 05:26:00,28.5
2025-06-12 00:10:00,49.96204002157484
2025-06-12 22:18:00,62.9
2025-06-12 03:39:00,18.4
2025-06-12 10:56:00,19.7
2025-06-12 22:39:00,49.96204002157484
2025-06-12 15:16:00,13.7
2025-06-12 07:07:00,49.96204002157484
2025-06-12 05:17:00,96.3
2025-06-12 22:30:00,49.96204002157484
2025-06-12 20:27:00,61.1
2025-06-12 23:18:00,37.3
2025-06-12 08:11:00,62.6
2025-06-12 02:35:00,49.96204002157484
2025-06-12 17:16:00,68.8
2025-06-12 13:57:00,50.7
2025-06-12 18:48:00,56.6
2025-06-12 13:37:00,76.4
2025-06-12 21:33:00,67.9
2025-06-12 23:33:00,49.96204002157484
2025-06-12 13:55:00,31.6
2025-06-12 14:21:00,57.0
2025-06-12 07:35:00,72.0
2025-06-12 07:50:00,82.1
2025-06-12 08:26:00,49.96204002157484
2025-06-12 02:21:00,47.8
2025-06-12 10:36:00,21.5
2025-06-12 00:56:00,7.2
2025-06-12 05:45:00,49.96204002157484
2025-06-12 03:32:00,90.3
2025-06-12 21:10:00,38.4
2025-06-12 10:24:00,49.96204002157484
2025-06-12 06:55:00,49.96204002157484
2025-06-12 13:39:00,34.2
2025-06-12 00:39:00,22.3
2025-06-12 20:49:00,90.8
2025-06-12 11:49:00,73.6
2025-06-12 04:26:00,49.96204002157484
2025-06-12 07:37:00,12.4
2025-06-12 14:58:00,19.6
2025-06-12 01:34:00,86.1
2025-06-12 11:46:00,84.8
2025-06-12 11:24:00,49.96204002157484
2025-06-12 04:29:00,16.0
2025-06-12 03:46:00,55.9
2025-06-12 07:04:00,76.9
2025-06-12 11:02:00,25.7
2025-06-12 10:03:00,49.96204002157484
2025-06-12 13:49:00,49.96204002157484
2025-06-12 11:11:00,77.7
2025-06-12 16:08:00,8.0
2025-06-12 03:55:00,49.96204002157484
2025-06-12 02:07:00,17.9
2025-06-12 01:50:00,46.1
2025-06-12 03:27:00,82.5
2025-06-12 02:57:00,45.5
2025-06-12 03:08:00,69.8
2025-06-12 04:40:00,35.7
2025-06-12 19:14:00,60.5
2025-06-12 09:36:00,49.96204002157484
2025-06-12 03:25:00,6.3
2025-06-12 16:52:00,49.96204002157484
2025-06-12 16:36:00,10.7
2025-06-12 08:47:00,76.1
2025-06-12 00:29:00,43.6
2025-06-12 12:06:00,89.1
2025-06-12 16:28:00,40.4
2025-06-12 02:14:00,49.96204002157484
2025-06-12 23:00:00,91.2
2025-06-12 05:29:00,49.7
2025-06-12 07:41:00,29.2
2025-06-12 12:49:00,92.9
2025-06-12 21:50:00,12.3
2025-06-12 10:04:00,54.0
2025-06-12 07:25:00,21.5
2025-06-12 03:49:00,57.0
2025-06-12 18:51:00,80.3
2025-06-12 06:47:00,62.5
2025-06-12 10:58:00,81.9
2025-06-12 13:46:00,3.1
2025-06-12 23:34:00,62.7
2025-06-12 21:43:00,49.96204002157484
2025-06-12 16:21:00,90.6
2025-06-12 18:41:00,83.4
2025-06-12 02:58:00,67.9
2025-06-12 07:13:00,15.9
2025-06-12 21:11:00,11.5
2025-06-12 17:30:00,15.3
2025-06-12 09:29:00,19.3
2025-06-12 04:32:00,49.96204002157484
2025-06-12 11:18:00,73.5
2025-06-12 15:26:00,86.2
2025-06-12 05:14:00,42.0
2025-06-12 14:56:00,32.6
2025-06-12 06:53:00,31.4
2025-06-12 17:21:00,69.8
2025-06-12 03:02:00,49.96204002157484
2025-06-12 09:39:00,71.1
2025-06-12 04:27:00,30.5
2025-06-12 18:13:00,13.1
2025-06-12 18:01:00,77.2
2025-06-12 07:17:00,40.0
2025-06-12 20:52:00,32.5
2025-06-12 22:46:00,76.1
2025-06-12 03:53:00,83.1
2025-06-12 01:20:00,23.5
2025-06-12 14:59:00,30.0
2025-06-12 07:58:00,62.6
2025-06-12 15:13:00,22.6
2025-06-12 10:21:00,16.3
2025-06-12 23:36:00,69.6
2025-06-12 21:08:00,49.96204002157484
2025-06-12 21:55:00,51.4
2025-06-12 12:34:00,25.2
2025-06-12 01:06:00,90.9
2025-06-12 22:36:00,99.4
2025-06-12 20:36:00,1.7
2025-06-12 20:08:00,9.3
2025-06-12 03:59:00,48.5
2025-06-12 10:44:00,56.8
2025-06-12 09:25:00,6.5
2025-06-12 21:36:00,68.8
2025-06-12 19:34:00,28.1
2025-06-12 23:40:00,61.4
2025-06-12 21:03:00,71.1
2025-06-12 06:22:00,31.8
2025-06-12 14:06:00,21.5
2025-06-12 03:15:00,18.0
2025-06-12 21:39:00,26.6
2025-06-12 12:41:00,46.4
2025-06-12 22:42:00,95.4
2025-06-12 20:33:00,54.7
2025-06-12 20:11:00,12.8
2025-06-12 03:11:00,45.2
2025-06-12 02:19:00,87.6
2025-06-12 03:52:00,84.4
2025-06-12 14:45:00,65.0
2025-06-12 14:03:00,41.7
2025-06-12 15:35:00,72.0
2025-06-12 16:53:00,14.1
2025-06-12 20:43:00,49.96204002157484
2025-06-12 13:25:00,37.8
2025-06-12 11:30:00,49.96204002157484
2025-06-12 10:31:00,28.2
2025-06-12 23:09:00,30.2
2025-06-12 14:07:00,60.4
2025-06-12 15:22:00,70.6
2025-06-12 16:34:00,85.5
2025-06-12 14:22:00,95.2
2025-06-12 00:08:00,14.5
2025-06-12 09:58:00,25.4
2025-06-12 02:27:00,61.3
2025-06-12 23:27:00,44.2
2025-06-12 08:40:00,17.2
2025-06-12 18:30:00,33.4
2025-06-12 13:59:00,73.9
2025-06-12 13:18:00,90.0
2025-06-12 23:16:00,75.3
2025-06-12 03:23:00,56.1
2025-06-12 22:29:00,63.3
2025-06-12 04:43:00,83.2
2025-06-12 02:00:00,47.7
2025-06-12 14:51:00,49.96204002157484
2025-06-12 08:04:00,20.1
2025-06-12 02:17:00,49.96204002157484
2025-06-12 04:03:00,79.7
2025-06-12 22:20:00,26.4
2025-06-12 18:18:00,7.4
2025-06-12 09:42:00,49.96204002157484
2025-06-12 10:37:00,73.7
2025-06-12 20:30:00,32.6
2025-06-12 08:31:00,2.7
2025-06-12 10:00:00,49.96204002157484
2025-06-12 13:29:00,4.2
2025-06-12 17:47:00,21.8
2025-06-12 12:23:00,42.5
2025-06-12 21:24:00,49.96204002157484
2025-06-12 14:11:00,17.2
2025-06-12 05:09:00,82.6
2025-06-12 14:18:00,33.2
2025-06-12 11:38:00,88.1
2025-06-12 23:24:00,37.3
2025-06-12 02:53:00,49.96204002157484
2025-06-12 16:11:00,49.96204002157484
2025-06-12 17:59:00,78.5
2025-06-12 00:14:00,3.4
2025-06-12 04:53:00,51.5
2025-06-12 08:14:00,81.2
2025-06-12 02:46:00,38.0
2025-06-12 22:05:00,38.0
2025-06-12 21:58:00,19.0
2025-06-12 23:29:00,87.5
2025-06-12 21:49:00,35.2
2025-06-12 12:31:00,60.5
2025-06-12 02:26:00,80.5
2025-06-12 04:49:00,8.5
2025-06-12 18:05:00,39.8
2025-06-12 19:39:00,19.7
2025-06-12 00:25:00,49.96204002157484
2025-06-12 01:19:00,67.7
2025-06-12 09:44:00,31.6
2025-06-12 05:58:00,56.2
2025-06-12 12:40:00,63.1
2025-06-12 01:18:00,54.0
2025-06-12 09:20:00,68.8
2025-06-12 02:48:00,29.5
2025-06-12 12:10:00,10.9
2025-06-12 16:27:00,6.7
2025-06-12 15:09:00,63.2
2025-06-12 20:09:00,14.6
2025-06-12 17:10:00,96.5
2025-06-12 02:56:00,38.7
2025-06-12 19:45:00,49.96204002157484
2025-06-12 12:24:00,53.7
2025-06-12 01:08:00,90.0
2025-06-12 13:34:00,67.6
2025-06-12 19:48:00,94.4
2025-06-12 09:56:00,75.5
2025-06-12 12:59:00,68.8
2025-06-12 15:29:00,41.3
2025-06-12 09:57:00,43.5
2025-06-12 21:47:00,77.8
2025-06-12 11:19:00,70.5
2025-06-12 23:04:00,49.96204002157484
2025-06-12 19:19:00,49.96204002157484
2025-06-12 06:23:00,36.5
2025-06-12 12:09:00,90.8
2025-06-12 04:57:00,16.0
2025-06-12 00:16:00,5.1
2025-06-12 18:37:00,94.1
2025-06-12 21:26:00,7.0
2025-06-12 11:17:00,39.3
2025-06-12 04:37:00,17.4
2025-06-12 08:42:00,83.6
2025-06-12 13:47:00,28.9
2025-06-12 08:02:00,42.0
2025-06-12 18:14:00,36.4
2025-06-12 13:40:00,86.1
2025-06-12 17:39:00,84.7
2025-06-12 11:50:00,22.9
2025-06-12 22:40:00,89.4
2025-06-12 22:59:00,49.96204002157484
2025-06-12 06:07:00,48.8
2025-06-12 02:31:00,66.4
2025-06-12 18:32:00,65.7
2025-06-12 00:20:00,64.3
2025-06-12 20:14:00,49.96204002157484
2025-06-12 04:59:00,82.3
2025-06-12 19:28:00,49.96204002157484
2025-06-12 18:38:00,77.5
2025-06-12 14:34:00,51.7
2025-06-12 23:57:00,10.9
2025-06-12 00:28:00,49.96204002157484
2025-06-12 00:03:00,54.5
2025-06-12 10:11:00,84.2
2025-06-12 01:38:00,9.5
2025-06-12 21:27:00,87.3
2025-06-12 10:52:00,77.3
2025-06-12 08:38:00,60.5
2025-06-12 06:03:00,90.8
2025-06-12 22:09:00,20.7
2025-06-12 01:41:00,23.9
2025-06-12 18:06:00,22.6
2025-06-12 12:56:00,30.7
2025-06-12 09:04:00,50.2
2025-06-12 16:20:00,58.4
2025-06-12 19:05:00,3.5
2025-06-12 04:23:00,3.7
2025-06-12 00:36:00,49.96204002157484
2025-06-12 17:28:00,92.4
2025-06-12 03:17:00,21.9
2025-06-12 03:18:00,28.0
2025-06-12 14:43:00,73.8
2025-06-12 06:32:00,1.1
2025-06-12 23:28:00,66.6
2025-06-12 03:00:00,69.0
2025-06-12 06:26:00,22.0
2025-06-12 09:22:00,3.1
2025-06-12 07:40:00,84.1
2025-06-12 21:32:00,18.2
2025-06-12 11:25:00,34.1
2025-06-12 04:00:00,58.6
2025-06-12 16:56:00,50.9
2025-06-12 02:06:00,95.3
2025-06-12 05:35:00,99.1
2025-06-12 17:15:00,57.3
2025-06-12 18:10:00,93.4
2025-06-12 00:13:00,1.5
2025-06-12 11:59:00,91.1
2025-06-12 20:21:00,71.0
2025-06-12 07:14:00,9.7
2025-06-12 13:05:00,19.1
2025-06-12 17:53:00,76.9
2025-06-12 17:43:00,49.96204002157484
2025-06-12 08:23:00,49.96204002157484
2025-06-12 11:23:00,89.9
2025-06-12 04:42:00,49.96204002157484
2025-06-12 06:13:00,44.8
2025-06-12 23:38:00,33.9
2025-06-12 01:21:00,49.96204002157484
2025-06-12 12:29:00,36.4
2025-06-12 11:27:00,63.9
2025-06-12 18:15:00,6.5
2025-06-12 15:07:00,24.7
2025-06-12 14:05:00,97.0
2025-06-12 21:00:00,30.2
2025-06-12 04:06:00,85.0
2025-06-12 13:21:00,49.96204002157484
2025-06-12 14:48:00,23.8
2025-06-12 20:55:00,31.7
2025-06-12 06:51:00,2.2
2025-06-12 22:27:00,41.0
2025-06-12 08:52:00,16.3
2025-06-12 08:25:00,63.8
2025-06-12 03:36:00,49.96204002157484
2025-06-12 18:57:00,8.6
2025-06-12 20:50:00,49.96204002157484
2025-06-12 05:48:00,49.96204002157484
2025-06-12 15:31:00,38.9
2025-06-12 21:06:00,49.96204002157484
2025-06-12 07:05:00,63.5
2025-06-12 08:48:00,82.7
2025-06-12 02:50:00,56.0
2025-06-12 05:10:00,97.4
2025-06-12 13:30:00,57.9
2025-06-12 08:21:00,13.0
2025-06-12 21:53:00,36.4
2025-06-12 10:59:00,12.7
2025-06-12 02:25:00,95.7
2025-06-12 09:05:00,86.9
2025-06-12 09:01:00,50.1
2025-06-12 03:13:00,33.7
2025-06-12 03:58:00,9.1
2025-06-12 23:21:00,0.6
2025-06-12 02:51:00,15.0
2025-06-12 06:19:00,34.6
2025-06-12 20:58:00,54.1
2025-06-12 12:04:00,43.6
2025-06-12 17:42:00,99.8
2025-06-12 02:41:00,49.96204002157484
2025-06-12 20:31:00,16.5
2025-06-12 21:54:00,4.9
2025-06-12 05:15:00,13.9
2025-06-12 20:51:00,68.0
2025-06-12 02:34:00,30.3
2025-06-12 03:19:00,49.96204002157484
2025-06-12 14:01:00,88.6
2025-06-12 23:31:00,34.4
2025-06-12 11:37:00,4.0
2025-06-12 15:27:00,7.4
2025-06-12 23:05:00,32.7
2025-06-12 14:28:00,24.4
2025-06-12 13:14:00,90.5
2025-06-12 23:35:00,85.1
2025-06-12 14:14:00,13.1
2025-06-12 11:07:00,16.7
2025-06-12 06:06:00,42.8
2025-06-12 09:54:00,58.8
2025-06-12 13:19:00,93.0
2025-06-12 10:51:00,66.3
2025-06-12 10:19:00,71.2
2025-06-12 01:01:00,97.3
2025-06-12 08:05:00,49.96204002157484
2025-06-12 09:59:00,61.8
2025-06-12 00:49:00,12.8
2025-06-12 19:52:00,87.3
2025-06-12 11:22:00,6.8
2025-06-12 19:58:00,85.4
2025-06-12 06:31:00,13.6
2025-06-12 19:20:00,96.5
2025-06-12 21:31:00,65.2
2025-06-12 12:26:00,94.8
2025-06-12 09:02:00,99.0
2025-06-12 16:13:00,11.7
2025-06-12 06:17:00,49.96204002157484
2025-06-12 04:11:00,42.2
2025-06-12 17:22:00,82.2
2025-06-12 19:35:00,49.96204002157484
2025-06-12 20:15:00,17.7
2025-06-12 04:24:00,13.3
2025-06-12 12:19:00,49.96204002157484
2025-06-12 23:19:00,49.96204002157484
2025-06-12 20:41:00,2.8
2025-06-12 11:12:00,49.96204002157484
2025-06-12 07:47:00,29.8
2025-06-12 06:36:00,7.2
2025-06-12 00:44:00,3.7
2025-06-12 16:46:00,69.0
2025-06-12 03:10:00,45.9
2025-06-12 20:32:00,62.9
2025-06-12 16:10:00,57.1
2025-06-12 23:52:00,5.6
2025-06-12 19:40:00,69.8
2025-06-12 07:15:00,43.5
2025-06-12 07:52:00,44.0
2025-06-12 12:57:00,2.1
2025-06-12 12:35:00,77.1
2025-06-12 04:58:00,4.5
2025-06-12 06:37:00,12.7
2025-06-12 00:50:00,24.8
2025-06-12 11:57:00,48.2
2025-06-12 08:08:00,86.7
2025-06-12 12:22:00,64.8
2025-06-12 17:52:00,63.5
2025-06-12 17:34:00,89.3
2025-06-12 21:17:00,55.9
2025-06-12 07:53:00,85.0
2025-06-12 15:03:00,80.6
2025-06-12 15:37:00,59.7
2025-06-12 20:06:00,66.9
2025-06-12 23:44:00,44.6
2025-06-12 20:04:00,49.96204002157484
2025-06-12 22:55:00,90.7
2025-06-12 02:03:00,41.6
2025-06-12 16:22:00,26.9
2025-06-12 10:12:00,6.5
2025-06-12 03:42:00,9.5
2025-06-12 09:46:00,24.0
2025-06-12 13:38:00,63.3
2025-06-12 04:15:00,68.1
2025-06-12 02:18:00,27.4
2025-06-12 10:05:00,77.6
2025-06-12 10:50:00,49.96204002157484
2025-06-12 15:12:00,53.9
2025-06-12 02:09:00,82.0
2025-06-12 16:48:00,92.4
2025-06-12 03:50:00,93.9
2025-06-12 12:58:00,49.96204002157484
2025-06-12 17:09:00,80.2
2025-06-12 20:56:00,81.5
2025-06-12 10:34:00,34.3
2025-06-12 20:13:00,49.96204002157484
2025-06-12 15:19:00,49.96204002157484
2025-06-12 05:46:00,49.96204002157484
2025-06-12 22:08:00,49.96204002157484
2025-06-12 05:16:00,53.2
2025-06-12 08:13:00,31.9
2025-06-12 01:43:00,82.1
2025-06-12 06:00:00,55.1
2025-06-12 03:41:00,69.4
2025-06-12 02:28:00,42.2
2025-06-12 21:41:00,68.8
2025-06-12 04:12:00,68.4
2025-06-12 12:17:00,61.3
2025-06-12 15:28:00,49.96204002157484
2025-06-12 11:41:00,0.2
2025-06-12 02:44:00,49.96204002157484
2025-06-12 08:37:00,5.2
2025-06-12 07:55:00,68.6
2025-06-12 18:52:00,2.1
2025-06-12 23:14:00,85.5
2025-06-12 02:30:00,17.5
2025-06-12 10:08:00,37.2
2025-06-12 04:38:00,40.5
2025-06-12 01:40:00,78.6
2025-06-12 17:27:00,85.8
2025-06-12 11:20:00,18.7
2025-06-12 08:33:00,71.7
2025-06-12 07:01:00,88.9
2025-06-12 22:41:00,26.0
2025-06-12 15:44:00,52.5
2025-06-12 19:09:00,44.4
2025-06-12 06:50:00,49.96204002157484
2025-06-12 11:33:00,68.9
2025-06-12 08:53:00,89.9
2025-06-12 16:33:00,49.96204002157484
2025-06-12 21:25:00,97.0
2025-06-12 08:49:00,75.0
2025-06-12 16:43:00,67.5
2025-06-12 19:13:00,82.4
2025-06-12 13:58:00,43.8
2025-06-12 22:21:00,57.6
2025-06-12 17:36:00,62.6
2025-06-12 00:24:00,91.3
2025-06-12 12:21:00,68.5
2025-06-12 10:46:00,23.6
2025-06-12 13:13:00,20.4
2025-06-12 10:40:00,49.96204002157484
2025-06-12 15:47:00,84.3
2025-06-12 05:28:00,50.2
2025-06-12 17:11:00,4.7
2025-06-12 12:46:00,7.8
2025-06-12 04:22:00,7.3
2025-06-12 23:43:00,43.0
2025-06-12 09:32:00,8.5
2025-06-12 18:02:00,69.7
2025-06-12 01:47:00,80.0
2025-06-12 16:18:00,26.0
2025-06-12 14:02:00,49.96204002157484
2025-06-12 12:03:00,19.7
2025-06-12 18:39:00,19.2
2025-06-12 19:43:00,22.0
2025-06-12 12:27:00,30.9
2025-06-12 08:56:00,94.3
2025-06-12 11:36:00,8.5
2025-06-12 16:51:00,49.96204002157484
2025-06-12 20:07:00,49.96204002157484
2025-06-12 03:16:00,70.3
2025-06-12 03:57:00,49.96204002157484
2025-06-12 17:54:00,34.0
2025-06-12 10:43:00,49.96204002157484
2025-06-12 00:02:00,13.0
2025-06-12 14:17:00,95.8
2025-06-12 20:22:00,27.1
2025-06-12 12:16:00,93.4
2025-06-12 19:15:00,39.2
2025-06-12 00:19:00,82.4
2025-06-12 19:21:00,67.7
2025-06-12 09:52:00,93.2
2025-06-12 09:16:00,49.96204002157484
2025-06-12 16:37:00,13.0
2025-06-12 12:33:00,67.7
2025-06-12 10:27:00,37.7
2025-06-12 08:50:00,92.0
2025-06-12 18:35:00,26.0
2025-06-12 23:56:00,0.4
2025-06-12 06:02:00,47.9
2025-06-12 00:17:00,19.3
2025-06-12 10:48:00,42.3
2025-06-12 10:02:00,11.7
2025-06-12 10:30:00,34.3
2025-06-12 05:57:00,31.9
2025-06-12 00:33:00,88.5
2025-06-12 21:28:00,23.8
2025-06-12 14:55:00,54.1
2025-06-12 02:24:00,20.8
2025-06-12 03:09:00,5.9
2025-06-12 00:43:00,49.96204002157484
2025-06-12 22:53:00,52.2
2025-06-12 02:45:00,49.96204002157484
2025-06-12 09:34:00,27.7
2025-06-12 17:44:00,3.5
2025-06-12 22:50:00,65.8
2025-06-12 11:01:00,13.2
2025-06-12 20:28:00,49.96204002157484
2025-06-12 16:50:00,74.3
2025-06-12 13:12:00,49.96204002157484
2025-06-12 06:08:00,19.0
2025-06-12 05:23:00,60.1
2025-06-12 06:41:00,48.0
2025-06-12 15:00:00,57.7
2025-06-12 06:33:00,29.1
2025-06-12 22:37:00,28.9
2025-06-12 03:35:00,88.8
2025-06-12 05:30:00,13.0
2025-06-12 22:58:00,17.8
2025-06-12 09:50:00,84.6
2025-06-12 16:15:00,8.8
2025-06-12 07:49:00,8.2
2025-06-12 08:09:00,1.0
2025-06-12 05:50:00,80.5
2025-06-12 23:46:00,21.1
2025-06-12 18:16:00,40.9
2025-06-12 01:53:00,49.96204002157484
2025-06-12 00:54:00,57.8
2025-06-12 19:46:00,58.2
2025-06-12 14:46:00,59.4
2025-06-12 18:24:00,52.4
2025-06-12 10:26:00,49.96204002157484
2025-06-12 19:00:00,21.4
2025-06-12 09:27:00,73.3
2025-06-12 15:48:00,53.7
2025-06-12 09:00:00,49.96204002157484
2025-06-12 18:34:00,49.96204002157484
2025-06-12 15:46:00,9.4
2025-06-12 10:54:00,23.0
2025-06-12 20:53:00,88.3
2025-06-12 03:03:00,34.6
2025-06-12 13:20:00,90.1
2025-06-12 00:09:00,27.8
2025-06-12 19:12:00,49.96204002157484
2025-06-12 02:02:00,71.3
2025-06-12 02:11:00,78.3
2025-06-12 22:22:00,78.3
2025-06-12 10:39:00,11.5
2025-06-12 21:48:00,88.7
2025-06-12 09:11:00,79.0
2025-06-12 00:42:00,65.9
2025-06-12 20:42:00,10.1
2025-06-12 02:20:00,12.4
2025-06-12 09:45:00,37.0
2025-06-12 07:03:00,39.6
2025-06-12 02:08:00,1.5
2025-06-12 21:13:00,59.8
2025-06-12 22:57:00,76.8
2025-06-12 03:12:00,67.4
2025-06-12 15:40:00,16.3
2025-06-12 01:29:00,46.1
2025-06-12 01:24:00,49.96204002157484
2025-06-12 21:05:00,82.5
2025-06-12 08:27:00,44.2
2025-06-12 22:04:00,68.4
2025-06-12 05:59:00,39.6
2025-06-12 18:21:00,49.96204002157484
2025-06-12 04:08:00,50.0
2025-06-12 05:32:00,57.7
2025-06-12 10:53:00,2.2
2025-06-12 07:42:00,93.5
2025-06-12 04:10:00,80.3
2025-06-12 22:48:00,58.5
2025-06-12 16:42:00,49.96204002157484
2025-06-12 00:45:00,14.2
2025-06-12 14:08:00,33.9
2025-06-12 01:51:00,5.5
2025-06-12 07:24:00,98.2
2025-06-12 23:49:00,49.96204002157484
2025-06-12 02:59:00,55.2
2025-06-12 10:49:00,84.4
2025-06-12 20:03:00,80.0
2025-06-12 09:24:00,85.3
2025-06-12 00:04:00,4.7
2025-06-12 03:37:00,7.8
2025-06-12 06:59:00,60.2
2025-06-12 14:09:00,14.3
2025-06-12 14:26:00,26.1
2025-06-12 12:20:00,3.9
2025-06-12 18:40:00,74.9
2025-06-12 15:43:00,39.4
2025-06-12 03:14:00,95.8
2025-06-12 20:25:00,55.5
2025-06-12 14:12:00,8.3
2025-06-12 21:57:00,65.3
2025-06-12 00:15:00,16.2
2025-06-12 01:55:00,78.2
2025-06-12 12:30:00,21.5
2025-06-12 05:33:00,51.5
2025-06-12 22:19:00,96.5
2025-06-12 04:28:00,30.3
2025-06-12 07:32:00,81.5
2025-06-12 09:48:00,61.2
2025-06-12 19:23:00,25.5
2025-06-12 14:25:00,17.4
2025-06-12 20:40:00,69.9
2025-06-12 01:49:00,91.9
2025-06-12 05:11:00,11.9
2025-06-12 09:43:00,19.9
2025-06-12 11:44:00,54.0
2025-06-12 11:08:00,53.7
2025-06-12 00:27:00,60.5
2025-06-12 14:33:00,96.9
2025-06-12 02:12:00,49.96204002157484
2025-06-12 20:12:00,44.1
2025-06-12 02:05:00,49.96204002157484
2025-06-12 01:35:00,87.9
2025-06-12 15:20:00,79.0
2025-06-12 23:07:00,49.96204002157484
2025-06-12 02:37:00,93.7
2025-06-12 13:08:00,41.3
2025-06-12 14:32:00,49.96204002157484
2025-06-12 12:38:00,49.96204002157484
2025-06-12 22:51:00,43.8
2025-06-12 10:14:00,59.6
2025-06-12 00:11:00,47.0
2025-06-12 22:11:00,12.9
2025-06-12 00:53:00,49.96204002157484
2025-06-12 13:43:00,16.7
2025-06-12 11:48:00,49.96204002157484
2025-06-12 22:23:00,19.4
2025-06-12 14:00:00,43.9
2025-06-12 16:14:00,74.5
2025-06-12 23:17:00,46.8
2025-06-12 11:58:00,30.4
2025-06-12 08:19:00,57.0
2025-06-12 23:50:00,70.2
2025-06-12 11:35:00,55.2
2025-06-12 10:38:00,69.7
2025-06-12 05:01:00,77.3
2025-06-12 05:37:00,77.4
2025-06-12 21:35:00,85.2
2025-06-12 19:42:00,49.96204002157484
2025-06-12 21:40:00,75.3
2025-06-12 15:45:00,49.96204002157484
2025-06-12 07:45:00,44.0
2025-06-12 16:23:00,47.7
2025-06-12 11:05:00,12.9
2025-06-12 07:59:00,4.7
2025-06-12 15:57:00,70.6
2025-06-12 14:44:00,38.1
2025-06-12 12:25:00,49.96204002157484
2025-06-12 07:33:00,41.9
2025-06-12 19:55:00,2.1
2025-06-12 05:20:00,53.4
2025-06-12 02:33:00,49.96204002157484
2025-06-12 22:45:00,82.0
2025-06-12 13:03:00,97.3
2025-06-12 12:13:00,23.1
2025-06-12 17:32:00,3.8
2025-06-12 15:50:00,36.3
2025-06-12 11:43:00,22.4
2025-06-12 17:58:00,97.1
2025-06-12 10:42:00,73.8
2025-06-12 07:12:00,44.6
2025-06-12 00:00:00,3.0
2025-06-12 09:15:00,66.8
2025-06-12 09:38:00,46.5
2025-06-12 20:17:00,0.1
2025-06-12 01:03:00,96.9
2025-06-12 15:10:00,95.1
2025-06-12 23:54:00,19.3
2025-06-12 09:10:00,82.0
2025-06-12 05:43:00,18.3
2025-06-12 08:22:00,49.96204002157484
2025-06-12 20:39:00,35.7
2025-06-12 07:43:00,4.5
2025-06-12 00:23:00,72.7
2025-06-12 07:28:00,80.3
2025-06-12 04:51:00,41.8
2025-06-12 00:52:00,23.0
2025-06-12 04:46:00,49.96204002157484
2025-06-12 08:54:00,29.6
2025-06-12 15:04:00,18.7
2025-06-12 05:03:00,84.5
2025-06-12 04:54:00,49.96204002157484
2025-06-12 03:22:00,46.1
2025-06-12 19:08:00,56.7
2025-06-12 19:38:00,49.96204002157484
2025-06-12 02:47:00,65.1
2025-06-12 21:16:00,75.7
2025-06-12 10:22:00,42.8
2025-06-12 18:55:00,49.96204002157484
2025-06-12 11:47:00,89.0
2025-06-12 23:01:00,16.7
2025-06-12 15:30:00,19.3
2025-06-12 17:35:00,14.0
2025-06-12 19:32:00,54.9
2025-06-12 14:39:00,63.3
2025-06-12 17:01:00,7.2
2025-06-12 09:30:00,1.4
2025-06-12 16:29:00,19.9
2025-06-12 13:16:00,12.4
2025-06-12 19:26:00,0.4
2025-06-12 21:22:00,59.5
2025-06-12 10:16:00,28.2
2025-06-12 18:53:00,39.6
2025-06-12 23:23:00,21.0
2025-06-12 20:45:00,38.2
2025-06-12 08:29:00,3.8
2025-06-12 23:03:00,49.96204002157484
2025-06-12 04:13:00,6.9
2025-06-12 05:31:00,59.7
2025-06-12 22:38:00,51.5
2025-06-12 16:03:00,49.96204002157484
2025-06-12 08:12:00,78.7
2025-06-12 13:24:00,90.8
2025-06-12 03:40:00,74.4
2025-06-12 21:07:00,14.2
2025-06-12 17:37:00,86.8
2025-06-12 21:23:00,14.1
2025-06-12 13:45:00,86.5
2025-06-12 09:55:00,42.8
2025-06-12 17:14:00,12.1
2025-06-12 01:10:00,79.1
2025-06-12 12:47:00,10.2
2025-06-12 06:09:00,83.9
2025-06-12 13:48:00,93.4
2025-06-12 02:23:00,64.0
2025-06-12 00:21:00,56.4
2025-06-12 18:58:00,33.0
2025-06-12 21:14:00,92.4
2025-06-12 22:26:00,93.0
2025-06-12 17:25:00,49.96204002157484
2025-06-12 15:36:00,71.3
2025-06-12 01:33:00,17.8
2025-06-12 23:10:00,34.4
2025-06-12 14:40:00,96.7
2025-06-12 00:48:00,12.3
2025-06-12 16:19:00,94.5
2025-06-12 17:17:00,70.0
2025-06-12 17:51:00,19.1
2025-06-12 18:56:00,83.9
2025-06-12 08:28:00,22.6
2025-06-12 04:20:00,88.2
2025-06-12 19:17:00,98.4
2025-06-12 15:41:00,98.4
2025-06-12 08:58:00,49.96204002157484
2025-06-12 18:27:00,83.8
2025-06-12 14:36:00,49.96204002157484
2025-06-12 10:09:00,93.7
2025-06-12 12:02:00,49.96204002157484
2025-06-12 22:17:00,58.7
2025-06-12 14:47:00,96.2
2025-06-12 22:33:00,17.1
2025-06-12 17:45:00,36.5
2025-06-12 20:26:00,16.7
2025-06-12 07:39:00,53.4
2025-06-12 19:29:00,91.1
2025-06-12 20:29:00,32.7
2025-06-12 18:08:00,28.1
2025-06-12 06:54:00,97.6
2025-06-12 07:36:00,97.8
2025-06-12 05:55:00,98.7
2025-06-12 04:33:00,96.3
2025-06-12 12:45:00,49.96204002157484
2025-06-12 03:24:00,37.2
2025-06-12 17:38:00,85.4
2025-06-12 07:23:00,50.1
2025-06-12 15:25:00,52.2
2025-06-12 01:52:00,90.6
2025-06-12 16:59:00,96.5
2025-06-12 00:35:00,72.5
2025-06-12 04:02:00,49.96204002157484
2025-06-12 15:39:00,4.6
2025-06-12 06:40:00,69.9
2025-06-12 18:54:00,49.9
2025-06-12 21:45:00,21.3
2025-06-12 17:55:00,30.8
2025-06-12 01:45:00,50.9
2025-06-12 23:47:00,71.3
2025-06-12 14:10:00,26.7
2025-06-12 19:59:00,49.96204002157484
2025-06-12 16:57:00,27.8
2025-06-12 16:47:00,49.96204002157484
2025-06-12 22:28:00,76.4
2025-06-12 15:38:00,81.4
2025-06-12 06:46:00,38.5
2025-06-12 19:22:00,39.9
2025-06-12 02:42:00,69.4
2025-06-12 13:06:00,85.8
2025-06-12 21:21:00,87.4
2025-06-12 11:32:00,20.9
2025-06-12 00:46:00,96.1
2025-06-12 12:28:00,86.4
2025-06-12 01:56:00,80.7
2025-06-12 10:17:00,44.9
2025-06-12 13:23:00,47.7
2025-06-12 09:47:00,99.5
2025-06-12 17:40:00,53.3
2025-06-12 22:52:00,23.8
2025-06-12 09:19:00,85.4
2025-06-12 11:04:00,25.1
2025-06-12 13:11:00,21.3
2025-06-12 15:55:00,9.7
2025-06-12 06:05:00,17.8
2025-06-12 22:49:00,88.2
2025-06-12 15:18:00,89.8
2025-06-12 09:28:00,7.0
2025-06-12 18:19:00,5.5
2025-06-12 07:02:00,45.3
2025-06-12 17:19:00,49.96204002157484
2025-06-12 08:45:00,31.2
2025-06-12 20:34:00,94.3
2025-06-12 20:20:00,18.6
2025-06-12 08:24:00,17.5
2025-06-12 19:10:00,76.5
2025-06-12 11:56:00,98.8
2025-06-12 08:00:00,49.86672560113154
2025-06-12 08:51:00,37.7
2025-06-12 01:31:00,11.9
2025-06-12 16:07:00,9.5
2025-06-12 17:33:00,95.0
2025-06-12 23:37:00,25.5
2025-06-12 17:46:00,6.6
2025-06-12 22:54:00,69.0
2025-06-12 19:03:00,35.5
2025-06-12 23:39:00,97.0
2025-06-12 19:03:00,3.6
2025-06-12 00:31:00,49.86672560113154
2025-06-12 00:30:00,57.9
2025-06-12 05:21:00,37.0
2025-06-12 06:25:00,99.7
2025-06-12 23:59:00,83.1
2025-06-12 11:39:00,49.86672560113154
2025-06-12 07:56:00,17.2
2025-06-12 20:19:00,61.5
2025-06-12 16:58:00,11.5
2025-06-12 14:52:00,69.8
2025-06-12 01:23:00,49.86672560113154
2025-06-12 09:51:00,35.6
2025-06-12 13:31:00,49.86672560113154
2025-06-12 17:13:00,79.3
2025-06-12 08:07:00,90.2
2025-06-12 04:21:00,26.4
2025-06-12 07:18:00,22.6
2025-06-12 16:35:00,95.3
2025-06-12 01:46:00,97.3
2025-06-12 12:51:00,49.86672560113154
2025-06-12 23:12:00,49.86672560113154
2025-06-12 07:11:00,2.8
2025-06-12 08:59:00,53.6
2025-06-12 19:07:00,26.9
2025-06-12 07:22:00,35.7
2025-06-12 02:15:00,60.1
2025-06-12 04:52:00,17.3
2025-06-12 14:16:00,49.86672560113154
2025-06-12 08:57:00,71.5
2025-06-12 06:27:00,15.4
2025-06-12 18:23:00,82.0
2025-06-12 05:05:00,7.0
2025-06-12 22:44:00,31.4
2025-06-12 17:05:00,61.5
2025-06-12 23:26:00,90.5
2025-06-12 13:01:00,88.8
2025-06-12 12:07:00,77.9
2025-06-12 09:23:00,49.86672560113154
2025-06-12 22:35:00,95.9
2025-06-12 18:36:00,49.86672560113154
2025-06-12 16:44:00,67.3
2025-06-12 14:16:00,97.1
2025-06-12 18:17:00,49.86672560113154
2025-06-12 14:35:00,3.5
2025-06-12 04:45:00,45.8
2025-06-12 01:58:00,56.5
2025-06-12 06:48:00,49.86672560113154
2025-06-12 20:59:00,15.5
2025-06-12 03:28:00,84.7
2025-06-12 20:02:00,49.86672560113154
2025-06-12 12:32:00,53.5
2025-06-12 11:28:00,49.86672560113154
2025-06-12 00:26:00,62.3
2025-06-12 01:26:00,9.8
2025-06-12 19:41:00,21.2
2025-06-12 22:00:00,82.2
2025-06-12 20:23:00,49.86672560113154
2025-06-12 21:46:00,49.86672560113154
2025-06-12 05:12:00,49.86672560113154
2025-06-12 04:44:00,63.0
2025-06-12 05:36:00,41.6
2025-06-12 11:03:00,33.2
2025-06-12 17:29:00,97.7
2025-06-12 07:00:00,49.86672560113154
2025-06-12 12:52:00,47.5
2025-06-12 20:16:00,41.8
2025-06-12 05:12:00,49.86672560113154
2025-06-12 06:10:00,54.7
2025-06-12 02:13:00,49.86672560113154
2025-06-12 17:31:00,13.1
2025-06-12 21:37:00,10.9
2025-06-12 16:32:00,46.1
2025-06-12 06:16:00,68.8
2025-06-12 04:50:00,34.6
2025-06-12 22:13:00,86.4
2025-06-12 02:36:00,70.3
2025-06-12 08:00:00,30.4
2025-06-12 13:41:00,8.7
2025-06-12 19:54:00,63.5
2025-06-12 08:06:00,57.9
2025-06-12 04:35:00,15.7
2025-06-12 15:06:00,49.86672560113154
2025-06-12 17:07:00,13.3
2025-06-12 17:20:00,49.86672560113154
2025-06-12 09:49:00,2.7
2025-06-12 05:08:00,58.3
2025-06-12 18:26:00,11.8
2025-06-12 19:11:00,49.86672560113154
2025-06-12 08:46:00,97.1
2025-06-12 23:11:00,49.86672560113154
2025-06-12 16:16:00,38.5
2025-06-12 18:09:00,50.6
2025-06-12 09:41:00,37.3
2025-06-12 16:32:00,54.7
2025-06-12 10:28:00,49.86672560113154
2025-06-12 21:19:00,9.3
2025-06-12 15:42:00,2.9
2025-06-12 04:18:00,4.4
2025-06-12 23:41:00,17.2
2025-06-12 00:32:00,36.8
2025-06-12 11:14:00,6.7
2025-06-12 16:01:00,57.0
2025-06-12 08:43:00,10.5
2025-06-12 01:04:00,0.9
2025-06-12 13:09:00,12.4
2025-06-12 00:51:00,14.9
2025-06-12 03:01:00,61.2
2025-06-12 13:26:00,52.0
2025-06-12 19:04:00,15.3
2025-06-12 18:46:00,45.0
2025-06-12 05:13:00,51.4
2025-06-12 23:58:00,50.8
2025-06-12 17:57:00,77.4
2025-06-12 07:30:00,49.86672560113154
2025-06-12 20:18:00,49.86672560113154
2025-06-12 16:09:00,14.2
2025-06-12 13:15:00,81.5
2025-06-12 11:06:00,77.6
2025-06-12 22:25:00,88.5
2025-06-12 11:13:00,47.7
2025-06-12 18:11:00,18.0
2025-06-12 23:22:00,88.3
2025-06-12 00:18:00,98.4
2025-06-12 12:44:00,83.8
2025-06-12 10:13:00,20.3
2025-06-12 17:06:00,25.0
2025-06-12 21:29:00,40.4
2025-06-12 04:05:00,3.9
2025-06-12 21:15:00,81.5
2025-06-12 07:21:00,61.3
2025-06-12 19:51:00,49.86672560113154
2025-06-12 11:42:00,98.6
2025-06-12 02:38:00,57.8
2025-06-12 18:45:00,18.7
2025-06-12 03:56:00,49.4
2025-06-12 23:25:00,99.4
2025-06-12 03:44:00,28.4
2025-06-12 02:52:00,7.1
2025-06-12 05:38:00,82.4
2025-06-12 08:35:00,31.8
2025-06-12 01:14:00,49.86672560113154
2025-06-12 20:10:00,94.0
2025-06-12 04:17:00,19.5
2025-06-12 11:51:00,85.1
2025-06-12 07:27:00,11.6
2025-06-12 13:53:00,24.4
2025-06-12 17:00:00,11.2
2025-06-12 18:12:00,16.8
2025-06-12 01:57:00,75.0
2025-06-12 15:15:00,42.0
2025-06-12 04:19:00,65.1
2025-06-12 10:41:00,70.2
2025-06-12 02:38:00,34.6
2025-06-12 18:50:00,11.6
2025-06-12 11:09:00,72.9
2025-06-12 21:56:00,57.3
2025-06-12 15:33:00,91.5
2025-06-12 01:54:00,97.5
2025-06-12 13:56:00,31.3
2025-06-12 05:00:00,43.4
2025-06-12 08:32:00,89.6
2025-06-12 08:01:00,65.5
2025-06-12 00:22:00,49.86672560113154
2025-06-12 02:36:00,75.9
2025-06-12 23:53:00,97.9
2025-06-12 20:38:00,18.7
2025-06-12 16:25:00,99.0
2025-06-12 01:00:00,49.86672560113154
2025-06-12 17:20:00,80.7
2025-06-12 14:20:00,47.1
2025-06-12 16:55:00,59.4
2025-06-12 01:28:00,92.3
2025-06-12 11:34:00,63.5
2025-06-12 19:54:00,49.86672560113154
2025-06-12 07:26:00,92.9
2025-06-12 18:49:00,49.86672560113154
2025-06-12 12:53:00,53.9
2025-06-12 15:58:00,77.5
2025-06-12 05:06:00,56.3
2025-06-12 14:19:00,25.4
2025-06-12 16:49:00,30.7
2025-06-12 03:56:00,44.6
2025-06-12 20:23:00,61.7
2025-06-12 08:44:00,85.5
2025-06-12 22:43:00,67.9
2025-06-12 02:39:00,92.7
2025-06-12 15:11:00,61.8
2025-06-12 18:43:00,44.4
2025-06-12 12:36:00,63.7
2025-06-12 01:59:00,72.5
2025-06-12 01:39:00,25.7
2025-06-12 07:06:00,71.8
2025-06-12 12:42:00,60.3
2025-06-12 07:56:00,52.4
2025-06-12 10:07:00,40.8
2025-06-12 00:55:00,49.86672560113154
2025-06-12 13:35:00,73.0
2025-06-12 04:47:00,82.1
2025-06-12 11:39:00,16.7
2025-06-12 05:25:00,89.0
2025-06-12 07:16:00,22.6
2025-06-12 20:47:00,37.8
2025-06-12 21:38:00,46.9
2025-06-12 08:34:00,36.0
2025-06-12 10:10:00,77.3
2025-06-12 18:44:00,52.7
2025-06-12 05:04:00,14.4
2025-06-12 04:30:00,33.9
2025-06-12 01:44:00,49.86672560113154
2025-06-12 09:35:00,19.5
2025-06-12 12:43:00,11.3
2025-06-12 22:31:00,49.86672560113154
2025-06-12 22:14:00,8.8
2025-06-12 14:41:00,49.86672560113154
2025-06-12 00:18:00,65.1
2025-06-12 10:23:00,44.6
2025-06-12 20:35:00,50.9
2025-06-12 13:27:00,64.7
2025-06-12 07:31:00,77.8
2025-06-12 05:51:00,40.2
2025-06-12 05:04:00,36.6
2025-06-12 06:39:00,49.86672560113154
2025-06-12 05:02:00,98.3
2025-06-12 22:00:00,88.3
2025-06-12 14:53:00,7.8
2025-06-12 01:22:00,47.3
2025-06-12 09:33:00,20.2
2025-06-12 18:22:00,14.5
2025-06-12 09:13:00,59.3
2025-06-12 04:30:00,7.1
2025-06-12 05:40:00,81.5
2025-06-12 17:26:00,63.6
2025-06-12 03:26:00,0.3
2025-06-12 19:06:00,53.5
2025-06-12 04:36:00,31.7
2025-06-12 03:29:00,49.86672560113154
2025-06-12 19:02:00,49.86672560113154
2025-06-12 01:37:00,1.5
2025-06-12 01:27:00,76.6
2025-06-12 23:32:00,43.0
2025-06-12 04:45:00,7.7
2025-06-12 06:14:00,18.1
2025-06-12 08:35:00,16.7
2025-06-12 17:23:00,49.86672560113154
2025-06-12 01:07:00,95.1
2025-06-12 20:24:00,49.86672560113154
2025-06-12 08:36:00,57.1
2025-06-12 12:50:00,49.86672560113154
2025-06-12 14:04:00,9.1
2025-06-12 16:24:00,49.86672560113154
2025-06-12 22:54:00,49.86672560113154
2025-06-12 20:00:00,43.2
2025-06-12 03:06:00,87.6
2025-06-12 11:00:00,15.6
2025-06-12 20:18:00,51.4
2025-06-12 18:59:00,13.5
2025-06-12 05:49:00,91.1
2025-06-12 20:37:00,49.86672560113154
2025-06-12 20:05:00,32.6
2025-06-12 19:49:00,18.1
2025-06-12 10:15:00,92.4
2025-06-12 14:54:00,13.4
2025-06-12 04:09:00,6.6
2025-06-12 09:08:00,15.0
2025-06-12 13:28:00,76.6
2025-06-12 14:13:00,29.5
2025-06-12 23:45:00,91.1
2025-06-12 05:53:00,52.1
2025-06-12 01:25:00,9.2
2025-06-12 06:04:00,41.6
2025-06-12 06:21:00,81.0
2025-06-12 17:24:00,62.4
2025-06-12 10:29:00,49.2
2025-06-12 06:29:00,76.6
2025-06-12 23:58:00,50.9
2025-06-12 16:04:00,37.1
2025-06-12 16:02:00,92.0
2025-06-12 08:17:00,73.9
2025-06-12 01:05:00,64.8
2025-06-12 10:01:00,64.4
2025-06-12 06:01:00,49.86672560113154
2025-06-12 00:34:00,11.1
2025-06-12 11:16:00,49.86672560113154
2025-06-12 05:27:00,69.7
2025-06-12 18:31:00,11.2
2025-06-12 07:54:00,37.4
2025-06-12 00:59:00,40.5
2025-06-12 05:00:00,76.4
2025-06-12 01:39:00,97.0
2025-06-12 09:14:00,25.8
2025-06-12 21:04:00,49.86672560113154
2025-06-12 15:21:00,57.2
2025-06-12 13:02:00,11.6
2025-06-12 18:44:00,66.5
2025-06-12 11:34:00,92.8
2025-06-12 11:55:00,70.1
2025-06-12 18:29:00,18.1
2025-06-12 04:31:00,9.2
2025-06-12 03:47:00,28.5
2025-06-12 07:44:00,49.86672560113154
2025-06-12 23:55:00,42.6
2025-06-12 07:57:00,49.86672560113154
2025-06-12 00:07:00,31.2
2025-06-12 16:35:00,96.8
2025-06-12 23:08:00,11.8
2025-06-12 10:33:00,71.4
2025-06-12 18:03:00,21.2
2025-06-12 21:30:00,56.1
2025-06-12 05:34:00,49.86672560113154
2025-06-12 11:28:00,68.8
2025-06-12 12:37:00,49.86672560113154
2025-06-12 03:48:00,2.0
2025-06-12 23:51:00,42.9
2025-06-12 11:13:00,57.6
2025-06-12 17:48:00,2.7
2025-06-12 08:15:00,66.1
2025-06-12 16:58:00,66.6
2025-06-12 06:52:00,60.6
2025-06-12 14:41:00,63.2
2025-06-12 19:37:00,21.0
2025-06-12 08:07:00,49.86672560113154
2025-06-12 16:26:00,31.3
2025-06-12 00:37:00,41.3
2025-06-12 19:31:00,65.1
2025-06-12 12:48:00,50.613932505273034
2025-06-12 07:08:00,0.8
2025-06-12 10:33:00,92.6
2025-06-12 18:20:00,97.6
2025-06-12 03:01:00,41.4
2025-06-12 19:01:00,66.2
2025-06-12 04:56:00,93.5
2025-06-12 11:53:00,85.9
2025-06-12 13:54:00,32.2
2025-06-12 01:54:00,75.3
2025-06-12 05:52:00,57.2
2025-06-12 06:56:00,88.1
2025-06-12 22:06:00,5.1
2025-06-12 06:38:00,82.3
2025-06-12 13:28:00,5.5
2025-06-12 20:35:00,89.3
2025-06-12 13:51:00,50.613932505273034
2025-06-12 11:21:00,68.4
2025-06-12 22:16:00,50.613932505273034
2025-06-12 01:12:00,16.2
2025-06-12 17:04:00,41.4
2025-06-12 01:13:00,3.4
2025-06-12 21:15:00,50.613932505273034
2025-06-12 14:23:00,47.7
2025-06-12 13:50:00,4.6
2025-06-12 06:57:00,1.3
2025-06-12 17:12:00,68.7
2025-06-12 06:12:00,50.613932505273034
2025-06-12 11:13:00,89.9
2025-06-12 16:45:00,96.9
2025-06-12 21:44:00,69.5
2025-06-12 18:00:00,96.7
2025-06-12 12:36:00,50.613932505273034
2025-06-12 19:27:00,39.2
2025-06-12 02:04:00,0.4
2025-06-12 05:41:00,39.0
2025-06-12 13:22:00,13.2
2025-06-12 08:44:00,44.2
2025-06-12 03:28:00,18.5
2025-06-12 00:34:00,27.2
2025-06-12 15:52:00,61.5
2025-06-12 15:05:00,59.4
2025-06-12 02:55:00,17.6
2025-06-12 03:38:00,14.7
2025-06-12 09:26:00,49.1
2025-06-12 11:14:00,36.7
2025-06-12 05:56:00,62.3
2025-06-12 17:05:00,54.6
2025-06-12 13:00:00,19.7
2025-06-12 17:50:00,91.7
2025-06-12 10:55:00,18.8
2025-06-12 09:21:00,87.1
2025-06-12 23:26:00,39.0
2025-06-12 13:35:00,43.8
2025-06-12 11:45:00,0.4
2025-06-12 04:45:00,50.613932505273034
2025-06-12 13:42:00,50.613932505273034
2025-06-12 01:57:00,99.6
2025-06-12 21:09:00,59.7
2025-06-12 14:27:00,32.2
2025-06-12 14:49:00,50.613932505273034
2025-06-12 14:04:00,94.6
2025-06-12 07:10:00,52.1
2025-06-12 00:32:00,77.0
2025-06-12 07:16:00,70.5
2025-06-12 02:43:00,2.8
2025-06-12 13:56:00,47.0
2025-06-12 15:54:00,75.4
2025-06-12 23:53:00,76.7
2025-06-12 11:52:00,47.3
2025-06-12 07:20:00,94.2
2025-06-12 14:19:00,14.8
2025-06-12 09:09:00,7.2
2025-06-12 09:41:00,6.0
2025-06-12 15:23:00,68.7
2025-06-12 14:29:00,7.4
2025-06-12 13:32:00,4.1
2025-06-12 12:32:00,27.2
2025-06-12 15:59:00,82.8
2025-06-12 06:34:00,68.3
2025-06-12 17:02:00,39.6
2025-06-12 18:22:00,10.6
2025-06-12 11:42:00,56.4
2025-06-12 01:02:00,59.7
2025-06-12 15:51:00,50.613932505273034
2025-06-12 06:24:00,5.6
2025-06-12 06:01:00,42.1
2025-06-12 21:01:00,17.8
2025-06-12 02:10:00,60.8
2025-06-12 14:38:00,50.613932505273034
2025-06-12 03:33:00,88.0
2025-06-12 17:20:00,67.5
2025-06-12 22:02:00,28.9
2025-06-12 18:23:00,95.7
2025-06-12 06:49:00,32.0
2025-06-12 06:11:00,50.613932505273034
2025-06-12 03:21:00,13.6
2025-06-12 00:58:00,26.8
2025-06-12 14:42:00,24.5
2025-06-12 12:18:00,31.8
2025-06-12 18:33:00,13.9
2025-06-12 11:15:00,35.8
2025-06-12 16:39:00,64.2
2025-06-12 03:34:00,44.5
2025-06-12 14:20:00,9.4
2025-06-12 05:39:00,46.4
2025-06-12 05:54:00,93.7
2025-06-12 08:16:00,44.6
2025-06-12 08:30:00,85.4
2025-06-12 00:12:00,50.613932505273034
2025-06-12 10:13:00,89.9
2025-06-12 07:31:00,52.8
2025-06-12 04:34:00,15.0
2025-06-12 09:37:00,38.6
2025-06-12 18:07:00,45.7
2025-06-12 20:57:00,81.9
2025-06-12 09:17:00,39.9
2025-06-12 02:10:00,13.0
2025-06-12 08:10:00,2.6
2025-06-12 21:18:00,72.6
2025-06-12 18:42:00,64.1
2025-06-12 01:00:00,78.3
2025-06-12 03:48:00,33.6
2025-06-12 13:02:00,36.9
2025-06-12 12:00:00,51.7
2025-06-12 00:58:00,60.0
2025-06-12 11:31:00,18.5
2025-06-12 23:15:00,42.6
2025-06-12 18:28:00,25.8
2025-06-12 20:19:00,50.613932505273034
2025-06-12 13:07:00,94.4
2025-06-12 04:41:00,97.3
2025-06-12 09:18:00,91.0
2025-06-12 13:02:00,64.2
2025-06-12 19:33:00,50.613932505273034
2025-06-12 05:19:00,31.0
2025-06-12 00:01:00,2.0
2025-06-12 05:47:00,42.2
2025-06-12 14:41:00,10.8
2025-06-12 19:16:00,50.613932505273034
2025-06-12 23:42:00,35.5
2025-06-12 06:10:00,28.1
2025-06-12 15:32:00,50.613932505273034
2025-06-12 14:27:00,63.2
2025-06-12 03:07:00,20.7
2025-06-12 22:32:00,34.5
2025-06-12 08:03:00,50.613932505273034
2025-06-12 10:35:00,25.8
2025-06-12 20:57:00,37.1
2025-06-12 18:25:00,50.613932505273034
2025-06-12 15:34:00,50.613932505273034
2025-06-12 05:18:00,50.613932505273034
2025-06-12 22:06:00,36.6
2025-06-12 20:37:00,85.0
2025-06-12 12:11:00,50.613932505273034
2025-06-12 18:43:00,50.613932505273034
2025-06-12 19:36:00,50.613932505273034
2025-06-12 02:01:00,18.8
2025-06-12 13:44:00,50.613932505273034
2025-06-12 22:35:00,42.0
2025-06-12 12:08:00,54.9
2025-06-12 22:10:00,57.3
2025-06-12 12:54:00,54.7
2025-06-12 05:25:00,80.7
2025-06-12 15:08:00,75.3
2025-06-12 15:49:00,53.9
2025-06-12 09:07:00,99.8
2025-06-12 19:54:00,47.4
2025-06-12 04:16:00,39.6
2025-06-12 01:42:00,74.0
2025-06-12 00:58:00,94.5
2025-06-12 06:28:00,89.8
2025-06-12 22:15:00,5.3
2025-06-12 05:56:00,37.6
2025-06-12 13:33:00,83.8
2025-06-12 22:24:00,50.9
2025-06-12 23:41:00,41.7
2025-06-12 11:06:00,28.0
2025-06-12 04:39:00,50.613932505273034
2025-06-12 18:25:00,20.0
2025-06-12 22:12:00,52.7
2025-06-12 06:42:00,23.9
2025-06-12 18:00:00,48.0
2025-06-12 01:15:00,96.6
2025-06-12 19:18:00,24.7
2025-06-12 00:05:00,87.8
2025-06-12 16:05:00,32.3
2025-06-12 23:22:00,50.5
2025-06-12 03:33:00,100.0
2025-06-12 02:40:00,81.1
2025-06-12 23:30:00,50.613932505273034
2025-06-12 19:30:00,37.2
2025-06-12 00:41:00,52.3
2025-06-12 01:22:00,4.1
2025-06-12 20:48:00,50.613932505273034
2025-06-12 06:58:00,44.1
2025-06-12 08:51:00,5.4
2025-06-12 10:20:00,50.613932505273034
2025-06-12 10:13:00,31.8
2025-06-12 04:01:00,72.4
2025-06-12 05:22:00,4.7
2025-06-12 06:45:00,41.7
2025-06-12 14:57:00,28.7
2025-06-12 08:16:00,99.0
2025-06-12 20:46:00,3.1
2025-06-12 22:31:00,50.613932505273034
2025-06-12 01:57:00,12.3
2025-06-12 04:04:00,85.3
2025-06-12 04:21:00,98.9
2025-06-12 12:01:00,50.613932505273034
2025-06-12 20:54:00,68.8
2025-06-12 16:38:00,16.6
2025-06-12 12:55:00,50.613932505273034
2025-06-12 16:17:00,42.7
2025-06-12 13:17:00,50.613932505273034
2025-06-12 06:57:00,82.4
2025-06-12 17:56:00,72.9
2025-06-12 11:16:00,93.4
2025-06-12 18:28:00,77.8
2025-06-12 12:54:00,69.6
2025-06-12 23:48:00,64.6
2025-06-12 22:10:00,50.613932505273034
2025-06-12 19:50:00,87.4
2025-06-12 19:30:00,26.2
2025-06-12 14:30:00,63.2
2025-06-12 14:50:00,20.4
2025-06-12 03:31:00,56.3
2025-06-12 18:07:00,50.613932505273034
2025-06-12 02:16:00,50.613932505273034
2025-06-12 19:44:00,68.7
2025-06-12 21:15:00,93.9
2025-06-12 19:53:00,60.7
2025-06-12 22:34:00,89.2
2025-06-12 11:29:00,50.613932505273034
2025-06-12 03:54:00,1.3
2025-06-12 17:08:00,19.9
2025-06-12 00:06:00,44.6
2025-06-12 09:37:00,6.5
2025-06-12 09:31:00,83.1
2025-06-12 23:02:00,85.8
2025-06-12 22:01:00,89.4
2025-06-12 17:03:00,82.5
2025-06-12 00:57:00,23.1
2025-06-12 01:48:00,99.7
2025-06-12 08:06:00,10.6
2025-06-12 04:04:00,25.0
2025-06-12 07:46:00,13.3
2025-06-12 00:47:00,19.7
2025-06-12 02:29:00,58.7
2025-06-12 08:20:00,50.613932505273034
2025-06-12 01:16:00,50.613932505273034
2025-06-12 21:02:00,93.5
2025-06-12 22:07:00,50.613932505273034
2025-06-12 18:04:00,99.1
2025-06-12 05:22:00,35.7
2025-06-12 23:06:00,64.3
2025-06-12 02:32:00,24.6
2025-06-12 14:37:00,41.2
2025-06-12 09:53:00,78.6
2025-06-12 04:48:00,68.3
2025-06-12 04:07:00,36.7
2025-06-12 16:41:00,70.1
2025-06-12 19:24:00,34.0
2025-06-12 20:05:00,80.9
2025-06-12 12:39:00,47.8
2025-06-12 01:14:00,95.0
2025-06-12 05:38:00,37.4
2025-06-12 20:01:00,50.613932505273034
2025-06-12 03:54:00,58.4
2025-06-12 01:14:00,78.2
2025-06-12 04:39:00,19.5
2025-06-12 20:54:00,0.5
2025-06-12 11:54:00,25.0
2025-06-12 14:20:00,9.7
2025-06-12 21:34:00,59.7
2025-06-12 16:58:00,9.8
2025-06-12 11:13:00,50.613932505273034
2025-06-12 09:03:00,98.9
2025-06-12 12:48:00,16.8
2025-06-12 05:52:00,53.1
2025-06-12 07:30:00,50.613932505273034
2025-06-12 21:02:00,50.613932505273034
2025-06-12 12:42:00,58.7
2025-06-12 16:54:00,66.9
2025-06-12 08:18:00,88.1
2025-06-12 03:05:00,11.9
2025-06-12 05:54:00,76.1
2025-06-12 12:36:00,6.3
2025-06-12 00:38:00,19.2
2025-06-12 05:24:00,94.3
2025-06-12 21:51:00,8.0
2025-06-12 23:13:00,59.0
2025-06-12 00:30:00,50.613932505273034
2025-06-12 22:00:00,34.2
2025-06-12 01:48:00,57.8
2025-06-12 02:54:00,59.3
2025-06-12 22:31:00,50.613932505273034
2025-06-12 21:04:00,4.1
2025-06-12 10:47:00,83.0
2025-06-12 21:52:00,63.2
2025-06-12 09:12:00,52.0
2025-06-12 03:45:00,44.6
2025-06-12 04:14:00,79.6
2025-06-12 18:29:00,12.0
2025-06-12 09:40:00,89.9
2025-06-12 07:09:00,28.2
2025-06-12 20:47:00,61.2
2025-06-12 02:22:00,45.8
2025-06-12 03:04:00,87.1
2025-06-12 15:02:00,53.6
2025-06-12 10:32:00,29.5
2025-06-12 01:32:00,73.1
2025-06-12 12:50:00,50.613932505273034
2025-06-12 15:17:00,23.2
2025-06-12 11:40:00,50.613932505273034
2025-06-12 15:56:00,71.6
2025-06-12 05:04:00,9.7
2025-06-12 07:34:00,50.3
2025-06-12 21:12:00,28.8
2025-06-12 22:47:00,50.613932505273034
2025-06-12 12:42:00,55.7
2025-06-12 20:10:00,18.1
2025-06-12 17:41:00,37.3
2025-06-12 06:43:00,87.4
2025-06-12 08:51:00,19.0
2025-06-12 03:51:00,36.7
2025-06-12 09:26:00,50.613932505273034
2025-06-12 09:06:00,98.4
2025-06-12 16:06:00,34.4
2025-06-12 08:07:00,33.9
2025-06-12 22:03:00,30.5
2025-06-12 17:18:00,24.6
2025-06-12 20:44:00,37.0
2025-06-12 05:24:00,54.8
2025-06-12 07:56:00,56.7
2025-06-12 00:30:00,89.4
2025-06-12 03:43:00,39.0
2025-06-12 10:57:00,50.613932505273034
2025-06-12 13:52:00,35.1
2025-06-12 18:47:00,79.1
2025-06-12 04:25:00,90.9
2025-06-12 23:20:00,77.1
2025-06-12 01:17:00,56.9
2025-06-12 22:56:00,81.4
2025-06-12 08:39:00,88.5
2025-06-12 15:24:00,12.3
2025-06-12 18:31:00,41.3
2025-06-12 11:26:00,0.9
2025-06-12 05:07:00,5.1
2025-06-12 08:41:00,18.0
2025-06-12 10:25:00,96.3
2025-06-12 16:40:00,39.7
2025-06-12 07:10:00,35.8
2025-06-12 21:59:00,52.6
2025-06-12 16:09:00,50.17195767195767
2025-06-12 01:36:00,18.6
2025-06-12 16:31:00,13.0
2025-06-12 14:24:00,18.5
2025-06-12 15:01:00,49.0
2025-06-12 10:18:00,14.9
2025-06-12 12:15:00,45.6
2025-06-12 19:25:00,41.4
2025-06-12 04:39:00,33.3
2025-06-12 16:12:00,50.17195767195767
2025-06-12 12:05:00,2.6
2025-06-12 14:54:00,67.5
2025-06-12 16:30:00,83.6
2025-06-12 05:00:00,30.2
2025-06-12 06:15:00,23.3
2025-06-12 01:54:00,71.2
2025-06-12 05:13:00,11.2
2025-06-12 16:25:00,50.17195767195767
2025-06-12 05:42:00,76.5
2025-06-12 04:45:00,57.4
2025-06-12 17:49:00,50.4
2025-06-12 07:29:00,0.1
2025-06-12 05:44:00,6.2
2025-06-12 10:45:00,76.3
2025-06-12 09:03:00,4.3
2025-06-12 07:48:00,50.17195767195767
2025-06-12 07:51:00,86.9
2025-06-12 12:14:00,50.17195767195767
2025-06-12 13:44:00,50.17195767195767
2025-06-12 19:57:00,42.5
2025-06-12 07:19:00,50.17195767195767
2025-06-12 06:20:00,44.9
2025-06-12 14:15:00,36.2
2025-06-12 13:00:00,54.9
2025-06-12 11:54:00,59.1
2025-06-12 08:30:00,50.17195767195767
2025-06-12 00:40:00,62.7
2025-06-12 13:04:00,47.8
2025-06-12 15:33:00,50.17195767195767
2025-06-12 15:17:00,55.1
2025-06-12 13:36:00,34.4
2025-06-12 03:48:00,68.6
2025-06-12 15:53:00,62.0
2025-06-12 07:38:00,93.1
2025-06-12 01:30:00,3.3
2025-06-12 11:10:00,67.9
2025-06-12 02:49:00,50.17195767195767
2025-06-12 16:00:00,65.0
2025-06-12 06:56:00,25.7
2025-06-12 19:33:00,24.7
2025-06-12 00:26:00,49.7
2025-06-12 16:54:00,67.0
2025-06-12 18:11:00,59.1
2025-06-12 21:20:00,67.2
2025-06-12 01:31:00,31.2
2025-06-12 08:55:00,58.4
2025-06-12 14:31:00,4.2
2025-06-12 03:30:00,50.17195767195767
2025-06-12 21:51:00,50.17195767195767
2025-06-12 10:06:00,46.9
2025-06-12 01:09:00,90.9
2025-06-12 06:44:00,42.8
2025-06-12 06:35:00,63.5
2025-06-12 03:20:00,28.1
2025-06-12 06:30:00,50.17195767195767
2025-06-12 19:56:00,6.5
2025-06-12 12:12:00,81.9
2025-06-12 16:01:00,50.17195767195767
2025-06-12 04:55:00,25.7
2025-06-12 13:10:00,97.5
2025-06-12 04:50:00,29.7
2025-06-12 06:18:00,30.3
2025-06-12 19:47:00,50.17195767195767
2025-06-12 03:47:00,50.17195767195767
2025-06-12 21:42:00,40.8
2025-06-12 15:14:00,53.6
2025-06-12 01:11:00,89.1
2025-06-12 07:30:00,82.6
2025-06-12 05:26:00,28.5
2025-06-12 00:10:00,50.17195767195767
2025-06-12 22:18:00,62.9
2025-06-12 03:39:00,18.4
2025-06-12 10:56:00,19.7
2025-06-12 22:39:00,50.17195767195767
2025-06-12 15:16:00,13.7
2025-06-12 07:07:00,50.17195767195767
2025-06-12 05:17:00,96.3
2025-06-12 22:30:00,50.17195767195767
2025-06-12 20:27:00,61.1
2025-06-12 23:18:00,37.3
2025-06-12 08:11:00,62.6
2025-06-12 02:35:00,50.17195767195767
2025-06-12 17:16:00,68.8
2025-06-12 13:57:00,50.7
2025-06-12 13:01:00,63.0
2025-06-12 18:48:00,56.6
2025-06-12 13:37:00,76.4
2025-06-12 21:33:00,67.9
2025-06-12 01:16:00,77.6
2025-06-12 07:48:00,51.3
2025-06-12 08:07:00,32.5
2025-06-12 23:33:00,50.17195767195767
2025-06-12 13:55:00,31.6
2025-06-12 14:21:00,57.0
2025-06-12 07:35:00,72.0
2025-06-12 07:50:00,82.1
2025-06-12 08:35:00,97.7
2025-06-12 08:26:00,50.17195767195767
2025-06-12 19:01:00,46.6
2025-06-12 14:20:00,20.6
2025-06-12 02:21:00,47.8
2025-06-12 10:36:00,21.5
2025-06-12 08:35:00,0.9
2025-06-12 00:56:00,7.2
2025-06-12 10:32:00,81.4
2025-06-12 05:45:00,50.17195767195767
2025-06-12 03:32:00,90.3
2025-06-12 21:10:00,38.4
2025-06-12 10:24:00,50.17195767195767
2025-06-12 06:55:00,50.17195767195767
2025-06-12 13:39:00,34.2
2025-06-12 19:47:00,76.5
2025-06-12 04:14:00,50.17195767195767
2025-06-12 00:39:00,22.3
2025-06-12 20:49:00,90.8
2025-06-12 12:42:00,5.9
2025-06-12 11:49:00,73.6
2025-06-12 15:01:00,40.6
2025-06-12 04:26:00,50.17195767195767
2025-06-12 23:51:00,25.3
2025-06-12 09:31:00,30.3
2025-06-12 04:31:00,90.9
2025-06-12 07:37:00,12.4
2025-06-12 02:01:00,50.17195767195767
2025-06-12 13:07:00,86.2
2025-06-12 14:58:00,19.6
2025-06-12 01:34:00,86.1
2025-06-12 11:46:00,84.8
2025-06-12 11:24:00,50.17195767195767
2025-06-12 04:45:00,63.2
2025-06-12 04:29:00,16.0
2025-06-12 03:46:00,55.9
2025-06-12 07:04:00,76.9
2025-06-12 11:02:00,25.7
2025-06-12 10:03:00,50.17195767195767
2025-06-12 13:49:00,50.17195767195767
2025-06-12 08:39:00,57.2
2025-06-12 06:16:00,48.7
2025-06-12 17:18:00,8.9
2025-06-12 11:11:00,77.7
2025-06-12 16:08:00,8.0
2025-06-12 03:55:00,50.17195767195767
2025-06-12 02:07:00,17.9
2025-06-12 20:00:00,86.9
2025-06-12 04:19:00,76.3
2025-06-12 01:50:00,46.1
2025-06-12 03:27:00,82.5
2025-06-12 02:57:00,45.5
2025-06-12 03:08:00,69.8
2025-06-12 04:40:00,35.7
2025-06-12 19:14:00,60.5
2025-06-12 11:15:00,50.17195767195767
2025-06-12 09:36:00,50.17195767195767
2025-06-12 03:25:00,6.3
2025-06-12 16:52:00,50.17195767195767
2025-06-12 16:36:00,10.7
2025-06-12 04:01:00,74.3
2025-06-12 04:47:00,32.2
2025-06-12 14:52:00,50.17195767195767
2025-06-12 08:47:00,76.1
2025-06-12 00:29:00,43.6
2025-06-12 12:06:00,89.1
2025-06-12 16:28:00,40.4
2025-06-12 04:04:00,21.6
2025-06-12 15:58:00,62.1
2025-06-12 02:14:00,50.17195767195767
2025-06-12 23:00:00,91.2
2025-06-12 18:28:00,24.9
2025-06-12 07:38:00,38.0
2025-06-12 21:15:00,48.6
2025-06-12 07:19:00,50.17195767195767
2025-06-12 12:14:00,50.17195767195767
2025-06-12 01:50:00,35.3
2025-06-12 05:29:00,49.7
2025-06-12 17:50:00,77.7
2025-06-12 10:18:00,22.9
2025-06-12 07:41:00,29.2
2025-06-12 12:49:00,92.9
2025-06-12 11:42:00,56.8
2025-06-12 16:06:00,9.6
2025-06-12 14:23:00,50.17195767195767
2025-06-12 21:50:00,12.3
2025-06-12 06:52:00,87.1
2025-06-12 11:34:00,25.9
2025-06-12 10:04:00,54.0
2025-06-12 07:25:00,21.5
2025-06-12 03:49:00,57.0
2025-06-12 06:18:00,55.0
2025-06-12 02:15:00,50.17195767195767
2025-06-12 23:59:00,46.0
2025-06-12 18:51:00,80.3
2025-06-12 19:53:00,31.4
2025-06-12 06:47:00,62.5
2025-06-12 18:04:00,42.0
2025-06-12 04:04:00,35.2
2025-06-12 10:58:00,81.9
2025-06-12 13:46:00,3.1
2025-06-12 23:34:00,62.7
2025-06-12 03:32:00,44.3
2025-06-12 21:43:00,50.17195767195767
2025-06-12 16:21:00,90.6
2025-06-12 01:32:00,67.4
2025-06-12 19:37:00,34.3
2025-06-12 18:41:00,83.4
2025-06-12 16:04:00,48.4
2025-06-12 18:28:00,98.1
2025-06-12 02:58:00,67.9
2025-06-12 07:13:00,15.9
2025-06-12 10:56:00,46.8
2025-06-12 21:11:00,11.5
2025-06-12 09:09:00,52.4
2025-06-12 03:21:00,56.3
2025-06-12 07:41:00,81.7
2025-06-12 17:30:00,15.3
2025-06-12 09:29:00,19.3
2025-06-12 04:32:00,50.17195767195767
2025-06-12 11:18:00,73.5
2025-06-12 15:26:00,86.2
2025-06-12 12:55:00,44.7
2025-06-12 05:14:00,42.0
2025-06-12 10:01:00,68.2
2025-06-12 14:56:00,32.6
2025-06-12 06:53:00,31.4
2025-06-12 17:21:00,69.8
2025-06-12 06:12:00,12.1
2025-06-12 21:52:00,60.3
2025-06-12 12:32:00,77.0
2025-06-12 03:02:00,50.17195767195767
2025-06-12 18:50:00,18.3
2025-06-12 19:41:00,68.8
2025-06-12 09:39:00,71.1
2025-06-12 00:10:00,50.17195767195767
2025-06-12 04:27:00,30.5
2025-06-12 09:40:00,56.1
2025-06-12 18:13:00,13.1
2025-06-12 18:01:00,77.2
2025-06-12 07:17:00,40.0
2025-06-12 20:52:00,32.5
2025-06-12 22:46:00,76.1
2025-06-12 08:34:00,50.17195767195767
2025-06-12 18:33:00,59.1
2025-06-12 20:02:00,10.8
2025-06-12 03:53:00,83.1
2025-06-12 01:20:00,23.5
2025-06-12 21:59:00,14.4
2025-06-12 14:59:00,30.0
2025-06-12 07:58:00,62.6
2025-06-12 03:28:00,66.4
2025-06-12 08:44:00,58.7
2025-06-12 15:13:00,22.6
2025-06-12 06:01:00,3.5
2025-06-12 22:01:00,70.1
2025-06-12 10:21:00,16.3
2025-06-12 01:30:00,58.6
2025-06-12 16:55:00,56.2
2025-06-12 23:36:00,69.6
2025-06-12 21:08:00,50.17195767195767
2025-06-12 21:55:00,51.4
2025-06-12 17:00:00,91.1
2025-06-12 05:56:00,50.3
2025-06-12 12:34:00,25.2
2025-06-12 01:06:00,90.9
2025-06-12 22:46:00,89.2
2025-06-12 22:36:00,99.4
2025-06-12 02:58:00,9.3
2025-06-12 10:10:00,90.3
2025-06-12 20:36:00,1.7
2025-06-12 20:08:00,9.3
2025-06-12 09:36:00,15.5
2025-06-12 03:59:00,48.5
2025-06-12 10:44:00,56.8
2025-06-12 09:25:00,6.5
2025-06-12 21:36:00,68.8
2025-06-12 23:32:00,49.2
2025-06-12 13:09:00,74.5
2025-06-12 09:06:00,30.6
2025-06-12 19:34:00,28.1
2025-06-12 18:12:00,50.17195767195767
2025-06-12 05:07:00,89.3
2025-06-12 23:40:00,61.4
2025-06-12 21:02:00,68.4
2025-06-12 21:11:00,44.3
2025-06-12 21:03:00,71.1
2025-06-12 22:00:00,47.4
2025-06-12 06:22:00,31.8
2025-06-12 09:37:00,19.7
2025-06-12 10:57:00,50.17195767195767
2025-06-12 14:06:00,21.5
2025-06-12 10:55:00,84.6
2025-06-12 03:15:00,18.0
2025-06-12 09:14:00,91.7
2025-06-12 07:34:00,50.8
2025-06-12 21:39:00,26.6
2025-06-12 03:34:00,81.5
2025-06-12 12:08:00,32.3
2025-06-12 00:38:00,88.9
2025-06-12 07:44:00,18.7
2025-06-12 12:41:00,46.4
2025-06-12 06:14:00,96.8
2025-06-12 22:42:00,95.4
2025-06-12 23:13:00,56.7
2025-06-12 04:01:00,0.9
2025-06-12 04:29:00,50.17195767195767
2025-06-12 20:33:00,54.7
2025-06-12 20:11:00,12.8
2025-06-12 03:11:00,45.2
2025-06-12 21:33:00,97.7
2025-06-12 02:19:00,87.6
2025-06-12 02:39:00,33.8
2025-06-12 03:52:00,84.4
2025-06-12 14:45:00,65.0
2025-06-12 14:03:00,41.7
2025-06-12 15:35:00,72.0
2025-06-12 11:40:00,60.2
2025-06-12 05:51:00,20.7
2025-06-12 19:30:00,90.0
2025-06-12 16:53:00,14.1
2025-06-12 20:43:00,49.69252501471454
2025-06-12 13:25:00,37.8
2025-06-12 11:30:00,49.69252501471454
2025-06-12 10:18:00,31.4
2025-06-12 22:10:00,81.6
2025-06-12 10:31:00,28.2
2025-06-12 23:09:00,30.2
2025-06-12 14:07:00,60.4
2025-06-12 15:22:00,70.6
2025-06-12 18:36:00,17.8
2025-06-12 18:43:00,26.7
2025-06-12 16:34:00,85.5
2025-06-12 14:22:00,95.2
2025-06-12 23:25:00,68.4
2025-06-12 06:27:00,24.6
2025-06-12 21:01:00,49.69252501471454
2025-06-12 00:08:00,14.5
2025-06-12 10:29:00,2.5
2025-06-12 09:58:00,25.4
2025-06-12 17:07:00,49.69252501471454
2025-06-12 03:01:00,34.7
2025-06-12 02:27:00,61.3
2025-06-12 19:53:00,93.1
2025-06-12 15:26:00,90.6
2025-06-12 23:27:00,44.2
2025-06-12 06:28:00,49.69252501471454
2025-06-12 12:32:00,49.69252501471454
2025-06-12 09:31:00,71.2
2025-06-12 04:19:00,97.9
2025-06-12 07:27:00,68.3
2025-06-12 07:31:00,4.2
2025-06-12 12:18:00,49.69252501471454
2025-06-12 08:40:00,17.2
2025-06-12 18:31:00,94.4
2025-06-12 01:26:00,89.1
2025-06-12 18:30:00,33.4
2025-06-12 17:04:00,49.69252501471454
2025-06-12 19:27:00,89.1
2025-06-12 13:59:00,73.9
2025-06-12 13:18:00,90.0
2025-06-12 22:12:00,84.1
2025-06-12 23:16:00,75.3
2025-06-12 03:23:00,56.1
2025-06-12 21:39:00,65.3
2025-06-12 05:25:00,37.8
2025-06-12 05:44:00,56.0
2025-06-12 22:29:00,63.3
2025-06-12 22:25:00,57.9
2025-06-12 04:43:00,83.2
2025-06-12 02:00:00,47.7
2025-06-12 16:08:00,97.2
2025-06-12 14:51:00,49.69252501471454
2025-06-12 19:44:00,9.6
2025-06-12 08:04:00,20.1
2025-06-12 02:17:00,49.69252501471454
2025-06-12 04:03:00,79.7
2025-06-12 22:20:00,26.4
2025-06-12 21:12:00,48.6
2025-06-12 18:18:00,7.4
2025-06-12 09:42:00,49.69252501471454
2025-06-12 22:56:00,42.9
2025-06-12 15:52:00,18.9
2025-06-12 09:33:00,73.1
2025-06-12 16:31:00,90.8
2025-06-12 10:37:00,73.7
2025-06-12 23:20:00,37.9
2025-06-12 00:10:00,5.7
2025-06-12 06:12:00,49.69252501471454
2025-06-12 21:42:00,71.0
2025-06-12 20:30:00,32.6
2025-06-12 08:31:00,2.7
2025-06-12 10:00:00,49.69252501471454
2025-06-12 13:29:00,4.2
2025-06-12 17:47:00,21.8
2025-06-12 20:47:00,49.69252501471454
2025-06-12 14:52:00,25.9
2025-06-12 12:23:00,42.5
2025-06-12 23:59:00,33.7
2025-06-12 21:24:00,49.69252501471454
2025-06-12 14:11:00,17.2
2025-06-12 04:07:00,49.69252501471454
2025-06-12 17:02:00,37.4
2025-06-12 15:51:00,17.6
2025-06-12 05:09:00,82.6
2025-06-12 14:18:00,33.2
2025-06-12 11:38:00,88.1
2025-06-12 02:49:00,35.6
2025-06-12 01:06:00,41.4
2025-06-12 01:17:00,50.3
2025-06-12 01:14:00,29.2
2025-06-12 04:26:00,49.69252501471454
2025-06-12 23:24:00,37.3
2025-06-12 02:53:00,49.69252501471454
2025-06-12 08:32:00,1.5
2025-06-12 03:46:00,49.69252501471454
2025-06-12 20:54:00,67.5
2025-06-12 07:06:00,1.1
2025-06-12 04:40:00,96.2
2025-06-12 16:11:00,49.69252501471454
2025-06-12 17:59:00,78.5
2025-06-12 00:14:00,3.4
2025-06-12 04:53:00,51.5
2025-06-12 08:14:00,81.2
2025-06-12 10:10:00,94.6
2025-06-12 17:00:00,94.6
2025-06-12 22:36:00,41.8
2025-06-12 17:50:00,70.3
2025-06-12 02:46:00,38.0
2025-06-12 22:05:00,38.0
2025-06-12 02:13:00,39.6
2025-06-12 10:33:00,58.5
2025-06-12 14:04:00,48.9
2025-06-12 06:27:00,49.69252501471454
2025-06-12 21:58:00,19.0
2025-06-12 22:10:00,51.5
2025-06-12 23:29:00,87.5
2025-06-12 21:49:00,35.2
2025-06-12 12:31:00,60.5
2025-06-12 02:26:00,80.5
2025-06-12 13:39:00,49.69252501471454
2025-06-12 04:49:00,8.5
2025-06-12 10:01:00,49.69252501471454
2025-06-12 00:57:00,95.6
2025-06-12 18:05:00,39.8
2025-06-12 13:02:00,74.5
2025-06-12 01:09:00,10.5
2025-06-12 19:39:00,19.7
2025-06-12 00:25:00,49.69252501471454
2025-06-12 01:19:00,67.7
2025-06-12 13:00:00,34.3
2025-06-12 00:10:00,97.6
2025-06-12 21:51:00,98.3
2025-06-12 07:07:00,60.5
2025-06-12 16:40:00,12.4
2025-06-12 15:42:00,63.2
2025-06-12 03:55:00,88.9
2025-06-12 08:17:00,98.2
2025-06-12 09:44:00,31.6
2025-06-12 18:11:00,92.1
2025-06-12 09:53:00,63.0
2025-06-12 16:00:00,81.5
2025-06-12 05:58:00,56.2
2025-06-12 18:01:00,51.4
2025-06-12 12:40:00,63.1
2025-06-12 22:35:00,7.6
2025-06-12 10:41:00,38.6
2025-06-12 15:01:00,4.6
2025-06-12 23:06:00,7.4
2025-06-12 01:18:00,54.0
2025-06-12 09:20:00,68.8
2025-06-12 07:22:00,13.4
2025-06-12 10:06:00,67.6
2025-06-12 22:31:00,7.5
2025-06-12 02:22:00,61.7
2025-06-12 02:48:00,29.5
2025-06-12 20:47:00,50.7
2025-06-12 12:10:00,10.9
2025-06-12 01:15:00,49.69252501471454
2025-06-12 11:16:00,95.7
2025-06-12 16:27:00,6.7
2025-06-12 15:09:00,63.2
2025-06-12 20:09:00,14.6
2025-06-12 17:10:00,96.5
2025-06-12 02:56:00,38.7
2025-06-12 13:10:00,42.6
2025-06-12 11:53:00,21.4
2025-06-12 23:11:00,83.5
2025-06-12 19:45:00,49.69252501471454
2025-06-12 07:30:00,43.6
2025-06-12 22:34:00,67.6
2025-06-12 04:01:00,31.4
2025-06-12 12:24:00,53.7
2025-06-12 04:03:00,85.9
2025-06-12 01:08:00,90.0
2025-06-12 13:34:00,67.6
2025-06-12 04:35:00,69.1
2025-06-12 19:48:00,94.4
2025-06-12 08:39:00,99.0
2025-06-12 15:35:00,52.5
2025-06-12 16:12:00,29.7
2025-06-12 01:31:00,38.4
2025-06-12 06:27:00,13.0
2025-06-12 12:37:00,20.1
2025-06-12 18:01:00,84.8
2025-06-12 09:56:00,75.5
2025-06-12 01:46:00,73.6
2025-06-12 19:14:00,50.3
2025-06-12 12:59:00,68.8
2025-06-12 16:27:00,33.7
2025-06-12 15:29:00,41.3
2025-06-12 05:38:00,37.9
2025-06-12 09:57:00,43.5
2025-06-12 17:06:00,19.3
2025-06-12 00:26:00,3.9
2025-06-12 19:27:00,78.1
2025-06-12 13:28:00,6.1
2025-06-12 12:42:00,50.9
2025-06-12 04:31:00,44.7
2025-06-12 18:44:00,22.1
2025-06-12 07:30:00,7.0
2025-06-12 10:36:00,49.69252501471454
2025-06-12 21:47:00,77.8
2025-06-12 11:19:00,70.5
2025-06-12 23:04:00,49.69252501471454
2025-06-12 22:25:00,26.4
2025-06-12 08:40:00,12.6
2025-06-12 19:19:00,49.69252501471454
2025-06-12 18:17:00,58.6
2025-06-12 06:23:00,36.5
2025-06-12 10:01:00,92.6
2025-06-12 16:16:00,67.6
2025-06-12 04:56:00,85.8
2025-06-12 12:09:00,90.8
2025-06-12 04:57:00,16.0
2025-06-12 08:40:00,65.7
2025-06-12 15:32:00,49.69252501471454
2025-06-12 19:44:00,6.8
2025-06-12 00:16:00,5.1
2025-06-12 18:37:00,94.1
2025-06-12 04:03:00,1.4
2025-06-12 13:46:00,49.69252501471454
2025-06-12 23:33:00,59.3
2025-06-12 16:27:00,49.69252501471454
2025-06-12 12:24:00,49.69252501471454
2025-06-12 16:36:00,63.3
2025-06-12 21:26:00,7.0
2025-06-12 11:17:00,39.3
2025-06-12 22:30:00,42.7
2025-06-12 04:37:00,17.4
2025-06-12 08:46:00,76.6
2025-06-12 05:29:00,79.1
2025-06-12 08:42:00,83.6
2025-06-12 11:21:00,14.9
2025-06-12 23:08:00,71.8
2025-06-12 13:47:00,28.9
2025-06-12 17:03:00,49.69252501471454
2025-06-12 08:02:00,42.0
2025-06-12 04:53:00,87.4
2025-06-12 18:14:00,36.4
2025-06-12 05:21:00,64.2
2025-06-12 22:47:00,14.3
2025-06-12 16:52:00,55.8
2025-06-12 13:40:00,86.1
2025-06-12 16:41:00,52.0
2025-06-12 17:39:00,84.7
2025-06-12 11:50:00,22.9
2025-06-12 22:40:00,89.4
2025-06-12 22:59:00,49.69252501471454
2025-06-12 02:16:00,72.4
2025-06-12 01:32:00,94.8
2025-06-12 19:49:00,1.9
2025-06-12 05:39:00,92.5
2025-06-12 06:04:00,49.69252501471454
2025-06-12 11:56:00,49.69252501471454
2025-06-12 13:10:00,59.5
2025-06-12 16:32:00,56.1
2025-06-12 17:07:00,73.6
2025-06-12 01:48:00,63.3
2025-06-12 06:07:00,48.8
2025-06-12 02:31:00,66.4
2025-06-12 12:49:00,44.4
2025-06-12 11:40:00,93.0
2025-06-12 18:32:00,65.7
2025-06-12 23:09:00,11.3
2025-06-12 09:53:00,63.1
2025-06-12 10:25:00,48.5
2025-06-12 00:20:00,64.3
2025-06-12 03:29:00,51.6
2025-06-12 20:14:00,49.69252501471454
2025-06-12 11:40:00,89.1
2025-06-12 16:44:00,77.0
2025-06-12 10:35:00,49.69252501471454
2025-06-12 07:20:00,49.69252501471454
2025-06-12 04:59:00,82.3
2025-06-12 19:28:00,49.69252501471454
2025-06-12 20:43:00,50.7
2025-06-12 18:38:00,77.5
2025-06-12 14:34:00,51.7
2025-06-12 09:49:00,31.6
2025-06-12 06:23:00,70.3
2025-06-12 23:57:00,10.9
2025-06-12 00:28:00,49.69252501471454
2025-06-12 12:48:00,63.7
2025-06-12 06:14:00,49.69252501471454
2025-06-12 00:03:00,54.5
2025-06-12 10:11:00,84.2
2025-06-12 01:38:00,9.5
2025-06-12 17:18:00,81.8
2025-06-12 21:27:00,87.3
2025-06-12 15:21:00,47.8
2025-06-12 10:52:00,77.3
2025-06-12 13:44:00,68.6
2025-06-12 08:38:00,60.5
2025-06-12 02:16:00,95.2
2025-06-12 00:06:00,55.1
2025-06-12 06:03:00,90.8
2025-06-12 23:00:00,69.6
2025-06-12 22:09:00,20.7
2025-06-12 19:51:00,82.3
2025-06-12 01:41:00,23.9
2025-06-12 18:06:00,22.6
2025-06-12 12:56:00,30.7
2025-06-12 09:04:00,50.2
2025-06-12 05:05:00,40.9
2025-06-12 16:20:00,58.4
2025-06-12 13:57:00,30.3
2025-06-12 00:10:00,80.7
2025-06-12 20:16:00,49.69252501471454
2025-06-12 19:05:00,3.5
2025-06-12 04:23:00,3.7
2025-06-12 21:42:00,49.69252501471454
2025-06-12 00:36:00,49.69252501471454
2025-06-12 23:20:00,25.8
2025-06-12 17:28:00,92.4
2025-06-12 03:33:00,49.69252501471454
2025-06-12 03:17:00,21.9
2025-06-12 05:12:00,90.6
2025-06-12 03:18:00,28.0
2025-06-12 14:43:00,73.8
2025-06-12 10:41:00,82.1
2025-06-12 12:56:00,77.1
2025-06-12 06:32:00,1.1
2025-06-12 23:28:00,66.6
2025-06-12 18:03:00,0.7
2025-06-12 18:03:00,96.7
2025-06-12 03:00:00,69.0
2025-06-12 03:21:00,36.0
2025-06-12 02:22:00,2.4
2025-06-12 06:26:00,22.0
2025-06-12 04:57:00,28.5
2025-06-12 09:22:00,3.1
2025-06-12 07:40:00,84.1
2025-06-12 03:01:00,65.2
2025-06-12 21:32:00,18.2
2025-06-12 13:17:00,49.88181818181819
2025-06-12 11:25:00,34.1
2025-06-12 08:47:00,49.88181818181819
2025-06-12 19:25:00,37.7
2025-06-12 04:00:00,58.6
2025-06-12 05:24:00,49.88181818181819
2025-06-12 06:24:00,36.0
2025-06-12 01:02:00,91.7
2025-06-12 00:37:00,45.9
2025-06-12 16:56:00,50.9
2025-06-12 12:59:00,49.88181818181819
2025-06-12 02:06:00,95.3
2025-06-12 05:29:00,49.88181818181819
2025-06-12 05:35:00,99.1
2025-06-12 19:57:00,4.4
2025-06-12 17:15:00,57.3
2025-06-12 18:10:00,93.4
2025-06-12 21:02:00,81.0
2025-06-12 16:09:00,92.0
2025-06-12 17:56:00,49.88181818181819
2025-06-12 19:44:00,47.1
2025-06-12 11:30:00,69.5
2025-06-12 00:13:00,1.5
2025-06-12 04:44:00,4.9
2025-06-12 11:59:00,91.1
2025-06-12 06:44:00,84.3
2025-06-12 08:18:00,49.88181818181819
2025-06-12 20:21:00,71.0
2025-06-12 00:29:00,60.8
2025-06-12 07:14:00,9.7
2025-06-12 18:48:00,98.8
2025-06-12 13:05:00,19.1
2025-06-12 17:53:00,76.9
2025-06-12 04:04:00,45.8
2025-06-12 23:04:00,59.2
2025-06-12 17:43:00,49.88181818181819
2025-06-12 01:28:00,63.0
2025-06-12 01:41:00,28.4
2025-06-12 15:35:00,77.2
2025-06-12 01:30:00,14.9
2025-06-12 15:52:00,49.88181818181819
2025-06-12 08:23:00,49.88181818181819
2025-06-12 13:41:00,89.3
2025-06-12 09:13:00,64.7
2025-06-12 11:23:00,89.9
2025-06-12 21:10:00,36.4
2025-06-12 04:42:00,49.88181818181819
2025-06-12 19:16:00,49.9
2025-06-12 00:41:00,37.4
2025-06-12 06:13:00,44.8
2025-06-12 00:26:00,31.9
2025-06-12 23:38:00,33.9
2025-06-12 01:21:00,49.88181818181819
2025-06-12 17:30:00,32.0
2025-06-12 12:37:00,97.7
2025-06-12 12:29:00,36.4
2025-06-12 12:34:00,49.88181818181819
2025-06-12 08:23:00,59.4
2025-06-12 11:27:00,63.9
2025-06-12 18:15:00,6.5
2025-06-12 23:53:00,40.2
2025-06-12 17:56:00,69.2
2025-06-12 18:07:00,68.8
2025-06-12 20:59:00,33.0
2025-06-12 06:24:00,18.2
2025-06-12 15:07:00,24.7
2025-06-12 21:19:00,46.7
2025-06-12 14:05:00,97.0
2025-06-12 21:00:00,30.2
2025-06-12 04:06:00,85.0
2025-06-12 13:21:00,49.88181818181819
2025-06-12 15:05:00,98.4
2025-06-12 12:36:00,95.3
2025-06-12 14:48:00,23.8
2025-06-12 20:55:00,31.7
2025-06-12 04:56:00,48.9
2025-06-12 20:54:00,67.1
2025-06-12 18:41:00,77.2
2025-06-12 06:51:00,2.2
2025-06-12 22:27:00,41.0
2025-06-12 17:53:00,31.8
2025-06-12 08:52:00,16.3
2025-06-12 07:26:00,49.88181818181819
2025-06-12 08:25:00,63.8
2025-06-12 09:03:00,53.7
2025-06-12 21:34:00,13.1
2025-06-12 03:36:00,49.88181818181819
2025-06-12 01:04:00,49.88181818181819
2025-06-12 21:01:00,32.8
2025-06-12 18:57:00,8.6
2025-06-12 20:50:00,49.88181818181819
2025-06-12 23:58:00,2.6
2025-06-12 09:12:00,62.7
2025-06-12 03:26:00,33.1
2025-06-12 05:48:00,49.88181818181819
2025-06-12 15:31:00,38.9
2025-06-12 19:14:00,50.0
2025-06-12 21:06:00,49.88181818181819
2025-06-12 17:04:00,24.6
2025-06-12 02:01:00,16.3
2025-06-12 05:41:00,2.3
2025-06-12 07:05:00,63.5
2025-06-12 23:29:00,21.7
2025-06-12 08:48:00,82.7
2025-06-12 18:05:00,19.0
2025-06-12 02:48:00,30.0
2025-06-12 00:08:00,42.4
2025-06-12 02:50:00,56.0
2025-06-12 22:03:00,61.8
2025-06-12 20:18:00,97.0
2025-06-12 23:53:00,38.2
2025-06-12 05:10:00,97.4
2025-06-12 06:48:00,79.8
2025-06-12 02:49:00,49.88181818181819
2025-06-12 19:25:00,70.8
2025-06-12 13:30:00,57.9
2025-06-12 08:21:00,13.0
2025-06-12 12:41:00,80.9
2025-06-12 16:39:00,68.9
2025-06-12 04:21:00,49.88181818181819
2025-06-12 23:08:00,55.7
2025-06-12 15:14:00,17.4
2025-06-12 17:21:00,48.1
2025-06-12 16:07:00,4.1
2025-06-12 14:05:00,37.3
2025-06-12 22:44:00,26.3
2025-06-12 22:03:00,49.88181818181819
2025-06-12 21:53:00,36.4
2025-06-12 05:04:00,72.6
2025-06-12 04:25:00,97.4
2025-06-12 10:59:00,12.7
2025-06-12 17:24:00,96.9
2025-06-12 22:42:00,15.1
2025-06-12 13:59:00,99.1
2025-06-12 07:13:00,42.0
2025-06-12 15:26:00,36.7
2025-06-12 02:25:00,95.7
2025-06-12 09:05:00,86.9
2025-06-12 12:12:00,44.7
2025-06-12 11:40:00,64.4
2025-06-12 09:01:00,50.1
2025-06-12 08:39:00,71.9
2025-06-12 04:07:00,83.4
2025-06-12 03:13:00,33.7
2025-06-12 14:31:00,49.88181818181819
2025-06-12 03:58:00,9.1
2025-06-12 21:55:00,14.6
2025-06-12 08:35:00,71.0
2025-06-12 09:12:00,49.88181818181819
2025-06-12 17:15:00,12.8
2025-06-12 06:03:00,49.88181818181819
2025-06-12 16:04:00,33.1
2025-06-12 00:20:00,85.9
2025-06-12 14:50:00,88.0
2025-06-12 23:21:00,0.6
2025-06-12 12:42:00,63.6
2025-06-12 00:36:00,31.7
2025-06-12 02:51:00,15.0
2025-06-12 01:22:00,72.5
2025-06-12 18:00:00,56.0
2025-06-12 06:19:00,34.6
2025-06-12 01:31:00,64.1
2025-06-12 16:17:00,97.1
2025-06-12 21:27:00,57.0
2025-06-12 11:52:00,6.2
2025-06-12 20:58:00,54.1
2025-06-12 12:04:00,43.6
2025-06-12 17:23:00,31.5
2025-06-12 09:17:00,14.1
2025-06-12 17:42:00,99.8
2025-06-12 02:41:00,49.88181818181819
2025-06-12 11:31:00,49.88181818181819
2025-06-12 19:37:00,49.88181818181819
2025-06-12 20:31:00,16.5
2025-06-12 11:56:00,56.8
2025-06-12 07:41:00,45.6
2025-06-12 21:54:00,4.9
2025-06-12 19:39:00,98.1
2025-06-12 03:02:00,22.2
2025-06-12 04:07:00,25.6
2025-06-12 06:53:00,32.4
2025-06-12 11:56:00,24.5
2025-06-12 00:34:00,77.6
2025-06-12 00:36:00,99.7
2025-06-12 19:25:00,46.6
2025-06-12 10:20:00,49.88181818181819
2025-06-12 23:11:00,25.1
2025-06-12 05:15:00,13.9
2025-06-12 20:51:00,68.0
2025-06-12 02:34:00,30.3
2025-06-12 03:19:00,49.88181818181819
2025-06-12 19:31:00,83.5
2025-06-12 14:01:00,88.6
2025-06-12 23:31:00,34.4
2025-06-12 11:37:00,4.0
2025-06-12 20:14:00,52.7
2025-06-12 15:27:00,7.4
2025-06-12 23:05:00,32.7
2025-06-12 14:28:00,24.4
2025-06-12 13:14:00,90.5
2025-06-12 01:54:00,50.7
2025-06-12 19:54:00,16.4
2025-06-12 23:35:00,85.1
2025-06-12 14:48:00,49.88181818181819
2025-06-12 14:14:00,13.1
2025-06-12 05:05:00,60.4
2025-06-12 20:51:00,92.4
2025-06-12 01:20:00,24.7
2025-06-12 08:15:00,49.88181818181819
2025-06-12 02:32:00,79.5
2025-06-12 03:44:00,61.0
2025-06-12 10:56:00,49.88181818181819
2025-06-12 11:07:00,16.7
2025-06-12 03:01:00,58.9
2025-06-12 06:06:00,42.8
2025-06-12 06:25:00,49.88181818181819
2025-06-12 09:54:00,58.8
2025-06-12 09:29:00,35.3
2025-06-12 04:16:00,63.1
2025-06-12 13:19:00,93.0
2025-06-12 02:16:00,77.6
2025-06-12 10:11:00,10.6
2025-06-12 09:23:00,92.1
2025-06-12 15:21:00,27.8
2025-06-12 10:51:00,66.3
2025-06-12 21:52:00,20.2
2025-06-12 12:42:00,98.3
2025-06-12 07:40:00,80.4
2025-06-12 10:19:00,71.2
2025-06-12 04:34:00,73.3
2025-06-12 14:27:00,96.1
2025-06-12 01:01:00,97.3
2025-06-12 18:13:00,49.88181818181819
2025-06-12 14:14:00,41.9
2025-06-12 08:05:00,49.88181818181819
2025-06-12 04:40:00,50.8
2025-06-12 02:27:00,58.9
2025-06-12 00:34:00,22.8
2025-06-12 09:59:00,61.8
2025-06-12 14:03:00,47.2
2025-06-12 19:48:00,95.4
2025-06-12 00:49:00,12.8
2025-06-12 23:39:00,28.0
2025-06-12 19:52:00,87.3
2025-06-12 03:29:00,63.3
2025-06-12 15:09:00,73.2
2025-06-12 19:45:00,97.1
2025-06-12 23:37:00,49.88181818181819
2025-06-12 16:21:00,68.6
2025-06-12 17:56:00,82.3
2025-06-12 13:51:00,91.1
2025-06-12 04:35:00,17.0
2025-06-12 11:22:00,6.8
2025-06-12 22:31:00,77.2
2025-06-12 15:35:00,72.6
2025-06-12 12:14:00,49.88181818181819
2025-06-12 21:09:00,63.5
2025-06-12 19:58:00,85.4
2025-06-12 10:13:00,49.88181818181819
2025-06-12 22:02:00,39.5
2025-06-12 10:52:00,39.6
2025-06-12 00:10:00,89.5
2025-06-12 06:31:00,13.6
2025-06-12 19:20:00,96.5
2025-06-12 21:31:00,65.2
2025-06-12 22:24:00,80.3
2025-06-12 22:20:00,98.4
2025-06-12 12:26:00,94.8
2025-06-12 22:27:00,36.0
2025-06-12 21:04:00,77.1
2025-06-12 19:58:00,49.88181818181819
2025-06-12 09:02:00,99.0
2025-06-12 12:26:00,33.8
2025-06-12 16:13:00,11.7
2025-06-12 06:17:00,49.88181818181819
2025-06-12 03:54:00,49.88181818181819
2025-06-12 07:35:00,19.1
2025-06-12 04:11:00,42.2
2025-06-12 04:21:00,28.2
2025-06-12 01:01:00,75.0
2025-06-12 18:31:00,69.6
2025-06-12 17:22:00,82.2
2025-06-12 19:35:00,49.88181818181819
2025-06-12 08:01:00,36.7
2025-06-12 20:15:00,17.7
2025-06-12 04:24:00,13.3
2025-06-12 12:19:00,49.88181818181819
2025-06-12 23:19:00,49.88181818181819
2025-06-12 14:01:00,22.7
2025-06-12 20:41:00,2.8
2025-06-12 06:07:00,12.3
2025-06-12 13:32:00,62.6
2025-06-12 02:35:00,68.1
2025-06-12 01:30:00,33.6
2025-06-12 07:05:00,49.88181818181819
2025-06-12 03:04:00,94.4
2025-06-12 16:49:00,49.88181818181819
2025-06-12 09:12:00,98.3
2025-06-12 11:07:00,55.6
2025-06-12 11:21:00,11.6
2025-06-12 15:51:00,4.3
2025-06-12 08:26:00,72.6
2025-06-12 23:22:00,94.5
2025-06-12 04:31:00,49.88181818181819
2025-06-12 09:33:00,49.88181818181819
2025-06-12 11:12:00,49.88181818181819
2025-06-12 07:47:00,29.8
2025-06-12 20:54:00,49.88181818181819
2025-06-12 18:01:00,2.3
2025-06-12 06:36:00,7.2
2025-06-12 00:44:00,3.7
2025-06-12 07:25:00,27.3
2025-06-12 16:46:00,69.0
2025-06-12 03:10:00,45.9
2025-06-12 10:35:00,30.4
2025-06-12 20:32:00,62.9
2025-06-12 12:18:00,40.1
2025-06-12 11:39:00,47.3
2025-06-12 11:13:00,0.9
2025-06-12 15:01:00,69.8
2025-06-12 07:40:00,6.1
2025-06-12 21:49:00,24.9
2025-06-12 05:38:00,49.88181818181819
2025-06-12 16:10:00,57.1
2025-06-12 20:09:00,13.3
2025-06-12 00:25:00,61.4
2025-06-12 06:21:00,26.0
2025-06-12 23:52:00,5.6
2025-06-12 05:36:00,4.4
2025-06-12 09:20:00,28.6
2025-06-12 19:40:00,69.8
2025-06-12 03:51:00,3.9
2025-06-12 14:52:00,39.1
2025-06-12 23:52:00,78.0
2025-06-12 07:15:00,43.5
2025-06-12 07:52:00,44.0
2025-06-12 18:57:00,36.2
2025-06-12 08:42:00,78.9
2025-06-12 21:32:00,13.2
2025-06-12 20:47:00,38.7
2025-06-12 02:01:00,55.1
2025-06-12 04:57:00,21.6
2025-06-12 18:06:00,49.88181818181819
2025-06-12 21:33:00,49.88181818181819
2025-06-12 05:40:00,67.4
2025-06-12 23:11:00,68.3
2025-06-12 16:01:00,84.3
2025-06-12 21:01:00,62.9
2025-06-12 20:14:00,38.0
2025-06-12 08:30:00,15.1
2025-06-12 12:57:00,2.1
2025-06-12 12:35:00,77.1
2025-06-12 04:58:00,4.5
2025-06-12 06:37:00,12.7
2025-06-12 10:41:00,75.5
2025-06-12 20:38:00,27.2
2025-06-12 00:50:00,24.8
2025-06-12 03:01:00,50.019744401453856
2025-06-12 10:28:00,84.5
2025-06-12 12:32:00,2.2
2025-06-12 07:51:00,47.1
2025-06-12 11:57:00,48.2
2025-06-12 08:08:00,86.7
2025-06-12 13:54:00,50.019744401453856
2025-06-12 05:47:00,65.7
2025-06-12 18:00:00,23.4
2025-06-12 21:01:00,50.0
2025-06-12 12:22:00,64.8
2025-06-12 15:01:00,31.5
2025-06-12 09:59:00,89.5
2025-06-12 01:21:00,44.3
2025-06-12 18:18:00,76.2
2025-06-12 17:52:00,63.5
2025-06-12 08:03:00,64.4
2025-06-12 11:42:00,90.5
2025-06-12 17:34:00,89.3
2025-06-12 21:17:00,55.9
2025-06-12 21:12:00,79.7
2025-06-12 08:14:00,4.2
2025-06-12 07:53:00,85.0
2025-06-12 04:43:00,65.9
2025-06-12 20:24:00,7.0
2025-06-12 15:03:00,80.6
2025-06-12 05:29:00,41.8
2025-06-12 14:35:00,82.5
2025-06-12 16:16:00,20.8
2025-06-12 21:53:00,63.2
2025-06-12 15:37:00,59.7
2025-06-12 13:29:00,52.9
2025-06-12 10:24:00,23.5
2025-06-12 21:10:00,55.0
2025-06-12 20:06:00,66.9
2025-06-12 15:11:00,60.1
2025-06-12 16:25:00,90.2
2025-06-12 23:44:00,44.6
2025-06-12 18:29:00,11.1
2025-06-12 20:04:00,50.019744401453856
2025-06-12 22:55:00,90.7
2025-06-12 06:16:00,55.0
2025-06-12 19:50:00,14.2
2025-06-12 20:08:00,6.1
2025-06-12 00:07:00,50.019744401453856
2025-06-12 13:00:00,43.7
2025-06-12 01:04:00,57.2
2025-06-12 07:25:00,88.9
2025-06-12 12:01:00,90.9
2025-06-12 02:03:00,41.6
2025-06-12 13:22:00,27.0
2025-06-12 16:54:00,61.9
2025-06-12 11:59:00,28.3
2025-06-12 16:22:00,26.9
2025-06-12 20:16:00,96.4
2025-06-12 10:12:00,6.5
2025-06-12 23:53:00,51.5
2025-06-12 05:15:00,50.019744401453856
2025-06-12 03:42:00,9.5
2025-06-12 03:13:00,27.4
2025-06-12 08:34:00,59.7
2025-06-12 01:01:00,67.2
2025-06-12 18:43:00,49.8
2025-06-12 00:29:00,2.9
2025-06-12 02:36:00,84.1
2025-06-12 04:25:00,15.8
2025-06-12 09:46:00,24.0
2025-06-12 00:10:00,50.019744401453856
2025-06-12 13:38:00,63.3
2025-06-12 04:15:00,68.1
2025-06-12 13:52:00,36.3
2025-06-12 04:18:00,77.6
2025-06-12 02:18:00,27.4
2025-06-12 00:26:00,73.6
2025-06-12 21:52:00,50.019744401453856
2025-06-12 20:57:00,24.9
2025-06-12 20:21:00,62.7
2025-06-12 06:58:00,65.3
2025-06-12 07:30:00,78.7
2025-06-12 03:27:00,37.9
2025-06-12 11:11:00,24.7
2025-06-12 23:51:00,55.2
2025-06-12 19:07:00,10.9
2025-06-12 10:05:00,77.6
2025-06-12 12:24:00,10.3
2025-06-12 10:50:00,50.019744401453856
2025-06-12 08:16:00,1.7
2025-06-12 21:59:00,70.7
2025-06-12 09:33:00,57.9
2025-06-12 03:49:00,50.019744401453856
2025-06-12 05:53:00,34.7
2025-06-12 15:12:00,53.9
2025-06-12 23:26:00,68.5
2025-06-12 00:38:00,52.6
2025-06-12 00:30:00,77.7
2025-06-12 03:45:00,10.1
2025-06-12 18:14:00,10.6
2025-06-12 19:05:00,9.8
2025-06-12 03:10:00,48.8
2025-06-12 21:32:00,57.1
2025-06-12 02:09:00,82.0
2025-06-12 00:34:00,99.1
2025-06-12 18:04:00,98.3
2025-06-12 16:48:00,92.4
2025-06-12 20:24:00,19.7
2025-06-12 02:38:00,50.019744401453856
2025-06-12 01:00:00,38.4
2025-06-12 03:50:00,93.9
2025-06-12 09:01:00,8.4
2025-06-12 07:26:00,72.1
2025-06-12 12:58:00,50.019744401453856
2025-06-12 00:37:00,95.3
2025-06-12 17:09:00,80.2
2025-06-12 22:59:00,62.0
2025-06-12 23:09:00,34.4
2025-06-12 20:38:00,53.2
2025-06-12 10:45:00,99.9
2025-06-12 20:56:00,81.5
2025-06-12 06:03:00,85.9
2025-06-12 02:36:00,11.1
2025-06-12 10:24:00,50.019744401453856
2025-06-12 11:56:00,31.9
2025-06-12 10:34:00,34.3
2025-06-12 04:03:00,37.5
2025-06-12 14:41:00,54.0
2025-06-12 20:13:00,50.019744401453856
2025-06-12 17:13:00,52.9
2025-06-12 15:19:00,50.019744401453856
2025-06-12 03:53:00,42.6
2025-06-12 05:46:00,50.019744401453856
2025-06-12 07:07:00,43.1
2025-06-12 06:49:00,29.5
2025-06-12 13:50:00,89.4
2025-06-12 22:16:00,16.0
2025-06-12 16:44:00,39.5
2025-06-12 22:08:00,50.019744401453856
2025-06-12 08:20:00,50.019744401453856
2025-06-12 05:16:00,53.2
2025-06-12 08:13:00,31.9
2025-06-12 01:43:00,82.1
2025-06-12 09:36:00,50.019744401453856
2025-06-12 06:00:00,55.1
2025-06-12 09:42:00,43.8
2025-06-12 09:46:00,75.3
2025-06-12 04:05:00,64.7
2025-06-12 06:26:00,97.9
2025-06-12 11:00:00,34.7
2025-06-12 03:41:00,69.4
2025-06-12 22:29:00,50.9
2025-06-12 12:34:00,54.9
2025-06-12 02:04:00,2.1
2025-06-12 17:09:00,38.9
2025-06-12 11:30:00,56.7
2025-06-12 03:50:00,9.7
2025-06-12 02:28:00,42.2
2025-06-12 21:41:00,68.8
2025-06-12 22:18:00,15.9
2025-06-12 23:52:00,42.6
2025-06-12 04:12:00,68.4
2025-06-12 12:17:00,61.3
2025-06-12 07:05:00,42.9
2025-06-12 09:07:00,98.2
2025-06-12 12:44:00,68.2
2025-06-12 15:28:00,50.019744401453856
2025-06-12 04:29:00,50.019744401453856
2025-06-12 11:41:00,0.2
2025-06-12 21:31:00,50.019744401453856
2025-06-12 18:22:00,10.1
2025-06-12 00:39:00,87.5
2025-06-12 02:44:00,50.019744401453856
2025-06-12 01:59:00,9.3
2025-06-12 08:37:00,5.2
2025-06-12 20:10:00,51.2
2025-06-12 23:38:00,39.5
2025-06-12 01:04:00,28.4
2025-06-12 07:55:00,68.6
2025-06-12 07:06:00,50.019744401453856
2025-06-12 18:09:00,22.3
2025-06-12 18:52:00,2.1
2025-06-12 21:43:00,49.2
2025-06-12 12:26:00,50.019744401453856
2025-06-12 23:14:00,85.5
2025-06-12 16:58:00,79.0
2025-06-12 01:31:00,94.8
2025-06-12 22:13:00,52.0
2025-06-12 11:57:00,84.0
2025-06-12 02:30:00,17.5
2025-06-12 05:18:00,4.0
2025-06-12 10:12:00,50.019744401453856
2025-06-12 14:49:00,50.019744401453856
2025-06-12 17:21:00,29.8
2025-06-12 21:52:00,90.8
2025-06-12 01:59:00,68.3
2025-06-12 01:18:00,48.3
2025-06-12 22:34:00,50.019744401453856
2025-06-12 09:41:00,52.9
2025-06-12 10:08:00,37.2
2025-06-12 04:38:00,40.5
2025-06-12 01:17:00,38.4
2025-06-12 01:40:00,78.6
2025-06-12 16:36:00,22.2
2025-06-12 03:54:00,47.0
2025-06-12 16:28:00,79.6
2025-06-12 07:34:00,56.7
2025-06-12 17:27:00,85.8
2025-06-12 23:15:00,9.7
2025-06-12 14:45:00,66.4
2025-06-12 02:53:00,21.9
2025-06-12 15:32:00,66.3
2025-06-12 04:55:00,2.5
2025-06-12 20:06:00,60.5
2025-06-12 11:20:00,18.7
2025-06-12 08:33:00,71.7
2025-06-12 03:43:00,3.2
2025-06-12 07:01:00,88.9
2025-06-12 22:41:00,26.0
2025-06-12 01:40:00,31.0
2025-06-12 22:43:00,79.2
2025-06-12 20:59:00,50.019744401453856
2025-06-12 22:14:00,84.1
2025-06-12 19:14:00,64.3
2025-06-12 09:46:00,43.9
2025-06-12 15:22:00,50.019744401453856
2025-06-12 15:44:00,52.5
2025-06-12 19:09:00,44.4
2025-06-12 16:20:00,50.019744401453856
2025-06-12 16:04:00,50.019744401453856
2025-06-12 16:05:00,27.6
2025-06-12 18:00:00,35.7
2025-06-12 06:50:00,50.019744401453856
2025-06-12 23:20:00,49.9
2025-06-12 22:30:00,50.7
2025-06-12 11:00:00,50.019744401453856
2025-06-12 03:28:00,50.019744401453856
2025-06-12 21:46:00,56.1
2025-06-12 11:33:00,68.9
2025-06-12 06:58:00,59.8
2025-06-12 20:09:00,62.3
2025-06-12 16:10:00,76.2
2025-06-12 12:06:00,39.1
2025-06-12 12:48:00,41.0
2025-06-12 12:11:00,28.7
2025-06-12 05:04:00,92.0
2025-06-12 02:46:00,57.4
2025-06-12 13:52:00,59.7
2025-06-12 08:53:00,89.9
2025-06-12 10:51:00,7.6
2025-06-12 20:23:00,26.2
2025-06-12 17:59:00,65.7
2025-06-12 12:57:00,93.1
2025-06-12 06:22:00,22.7
2025-06-12 15:05:00,20.3
2025-06-12 16:33:00,50.019744401453856
2025-06-12 01:05:00,18.2
2025-06-12 21:25:00,97.0
2025-06-12 08:49:00,75.0
2025-06-12 02:29:00,82.4
2025-06-12 16:43:00,67.5
2025-06-12 19:13:00,82.4
2025-06-12 04:53:00,39.7
2025-06-12 16:45:00,99.0
2025-06-12 04:23:00,97.9
2025-06-12 13:58:00,43.8
2025-06-12 19:54:00,30.7
2025-06-12 11:29:00,85.8
2025-06-12 22:21:00,57.6
2025-06-12 12:10:00,62.3
2025-06-12 19:24:00,76.3
2025-06-12 15:59:00,23.5
2025-06-12 04:41:00,97.7
2025-06-12 08:14:00,95.8
2025-06-12 05:51:00,20.1
2025-06-12 20:56:00,22.1
2025-06-12 05:05:00,62.6
2025-06-12 23:22:00,47.6
2025-06-12 02:26:00,17.0
2025-06-12 07:00:00,57.6
2025-06-12 02:31:00,75.7
2025-06-12 06:13:00,48.3
2025-06-12 18:00:00,50.019744401453856
2025-06-12 00:41:00,65.7
2025-06-12 02:26:00,50.019744401453856
2025-06-12 08:49:00,26.6
2025-06-12 17:36:00,62.6
2025-06-12 00:24:00,91.3
2025-06-12 11:46:00,50.019744401453856
2025-06-12 12:21:00,68.5
2025-06-12 10:46:00,23.6
2025-06-12 12:37:00,0.2
2025-06-12 16:07:00,56.1
2025-06-12 13:13:00,20.4
2025-06-12 02:39:00,73.9
2025-06-12 07:55:00,2.4
2025-06-12 10:40:00,50.019744401453856
2025-06-12 08:37:00,56.5
2025-06-12 15:24:00,50.019744401453856
2025-06-12 01:20:00,26.3
2025-06-12 15:47:00,84.3
2025-06-12 22:56:00,50.019744401453856
2025-06-12 17:31:00,91.7
2025-06-12 22:01:00,36.8
2025-06-12 11:20:00,6.8
2025-06-12 05:28:00,50.2
2025-06-12 16:10:00,50.019744401453856
2025-06-12 17:11:00,4.7
2025-06-12 12:46:00,7.8
2025-06-12 19:53:00,76.3
2025-06-12 04:53:00,52.8
2025-06-12 04:22:00,7.3
2025-06-12 13:29:00,53.0
2025-06-12 21:36:00,18.0
2025-06-12 04:49:00,27.4
2025-06-12 02:54:00,30.9
2025-06-12 12:17:00,87.6
2025-06-12 14:59:00,37.9
2025-06-12 22:59:00,24.3
2025-06-12 08:07:00,14.6
2025-06-12 05:13:00,6.0
2025-06-12 20:19:00,96.9
2025-06-12 20:30:00,85.8
2025-06-12 13:13:00,50.019744401453856
2025-06-12 09:44:00,75.5
2025-06-12 23:43:00,43.0
2025-06-12 09:08:00,43.0
2025-06-12 09:32:00,8.5
2025-06-12 14:05:00,2.6
2025-06-12 20:11:00,71.0
2025-06-12 18:02:00,69.7
2025-06-12 21:02:00,50.019744401453856
2025-06-12 22:55:00,50.019744401453856
2025-06-12 01:47:00,80.0
2025-06-12 16:18:00,26.0
2025-06-12 12:43:00,48.2
2025-06-12 18:33:00,42.2
2025-06-12 10:21:00,72.0
2025-06-12 08:17:00,63.0
2025-06-12 16:31:00,68.1
2025-06-12 06:16:00,58.0
2025-06-12 16:12:00,49.0
2025-06-12 22:00:00,50.0
2025-06-12 12:35:00,70.1
2025-06-12 21:00:00,86.2
2025-06-12 14:02:00,49.94205948042788
2025-06-12 12:03:00,19.7
2025-06-12 18:39:00,19.2
2025-06-12 18:57:00,73.5
2025-06-12 04:44:00,11.1
2025-06-12 16:48:00,12.0
2025-06-12 19:43:00,22.0
2025-06-12 01:17:00,92.4
2025-06-12 18:23:00,24.3
2025-06-12 04:07:00,13.4
2025-06-12 02:53:00,14.3
2025-06-12 00:24:00,1.2
2025-06-12 18:04:00,16.2
2025-06-12 12:27:00,30.9
2025-06-12 01:00:00,36.6
2025-06-12 08:56:00,94.3
2025-06-12 01:48:00,69.5
2025-06-12 15:32:00,36.7
2025-06-12 11:36:00,8.5
2025-06-12 14:22:00,70.2
2025-06-12 10:31:00,0.8
2025-06-12 16:31:00,14.3
2025-06-12 16:51:00,49.94205948042788
2025-06-12 17:26:00,39.3
2025-06-12 18:09:00,52.1
2025-06-12 07:21:00,35.3
2025-06-12 16:35:00,88.2
2025-06-12 00:08:00,75.6
2025-06-12 20:07:00,49.94205948042788
2025-06-12 03:16:00,70.3
2025-06-12 03:42:00,40.3
2025-06-12 14:35:00,49.94205948042788
2025-06-12 03:57:00,49.94205948042788
2025-06-12 19:43:00,51.4
2025-06-12 08:00:00,22.5
2025-06-12 12:56:00,49.94205948042788
2025-06-12 17:54:00,34.0
2025-06-12 10:43:00,49.94205948042788
2025-06-12 07:01:00,43.8
2025-06-12 16:45:00,62.6
2025-06-12 07:14:00,88.3
2025-06-12 09:57:00,82.1
2025-06-12 11:10:00,37.8
2025-06-12 23:26:00,60.1
2025-06-12 13:17:00,66.6
2025-06-12 12:32:00,38.5
2025-06-12 23:43:00,79.6
2025-06-12 06:04:00,14.3
2025-06-12 15:02:00,68.6
2025-06-12 20:21:00,59.7
2025-06-12 00:02:00,13.0
2025-06-12 10:06:00,49.94205948042788
2025-06-12 14:48:00,23.7
2025-06-12 20:06:00,16.6
2025-06-12 02:19:00,58.3
2025-06-12 09:04:00,4.3
2025-06-12 13:54:00,56.8
2025-06-12 18:50:00,85.8
2025-06-12 09:22:00,36.4
2025-06-12 09:23:00,49.94205948042788
2025-06-12 15:13:00,56.8
2025-06-12 08:40:00,53.5
2025-06-12 12:40:00,87.5
2025-06-12 05:38:00,29.8
2025-06-12 14:17:00,95.8
2025-06-12 21:27:00,46.2
2025-06-12 08:59:00,9.3
2025-06-12 13:42:00,72.8
2025-06-12 23:19:00,32.1
2025-06-12 20:22:00,27.1
2025-06-12 20:09:00,49.94205948042788
2025-06-12 17:16:00,24.1
2025-06-12 12:16:00,93.4
2025-06-12 19:15:00,39.2
2025-06-12 00:19:00,82.4
2025-06-12 04:03:00,8.5
2025-06-12 23:38:00,15.2
2025-06-12 19:21:00,67.7
2025-06-12 09:59:00,12.0
2025-06-12 09:52:00,93.2
2025-06-12 18:59:00,19.1
2025-06-12 08:46:00,42.4
2025-06-12 09:42:00,49.94205948042788
2025-06-12 09:16:00,49.94205948042788
2025-06-12 09:14:00,99.8
2025-06-12 01:16:00,39.6
2025-06-12 16:37:00,13.0
2025-06-12 01:58:00,81.8
2025-06-12 06:56:00,49.94205948042788
2025-06-12 23:39:00,37.9
2025-06-12 12:33:00,67.7
2025-06-12 04:24:00,87.3
2025-06-12 21:09:00,19.9
2025-06-12 06:56:00,38.2
2025-06-12 08:30:00,67.7
2025-06-12 23:04:00,48.2
2025-06-12 12:14:00,35.9
2025-06-12 12:08:00,14.0
2025-06-12 00:39:00,7.4
2025-06-12 08:11:00,47.8
2025-06-12 20:15:00,5.9
2025-06-12 10:27:00,37.7
2025-06-12 16:37:00,44.2
2025-06-12 00:58:00,66.4
2025-06-12 13:56:00,49.94205948042788
2025-06-12 23:27:00,16.9
2025-06-12 23:11:00,93.5
2025-06-12 08:50:00,92.0
2025-06-12 00:30:00,40.3
2025-06-12 02:21:00,49.94205948042788
2025-06-12 10:20:00,23.8
2025-06-12 08:40:00,69.7
2025-06-12 12:55:00,49.3
2025-06-12 08:13:00,92.1
2025-06-12 08:53:00,49.94205948042788
2025-06-12 05:04:00,12.1
2025-06-12 21:30:00,0.3
2025-06-12 07:57:00,61.1
2025-06-12 18:35:00,26.0
2025-06-12 08:23:00,60.9
2025-06-12 20:59:00,88.6
2025-06-12 04:15:00,7.6
2025-06-12 14:42:00,31.6
2025-06-12 03:46:00,49.94205948042788
2025-06-12 00:20:00,49.94205948042788
2025-06-12 11:03:00,66.0
2025-06-12 07:04:00,97.9
2025-06-12 23:56:00,0.4
2025-06-12 06:02:00,47.9
2025-06-12 20:56:00,86.1
2025-06-12 07:50:00,49.94205948042788
2025-06-12 15:11:00,36.4
2025-06-12 19:41:00,49.94205948042788
2025-06-12 09:53:00,64.7
2025-06-12 19:03:00,1.7
2025-06-12 17:28:00,38.0
2025-06-12 12:03:00,1.6
2025-06-12 02:22:00,38.0
2025-06-12 18:39:00,20.5
2025-06-12 18:29:00,85.1
2025-06-12 21:44:00,56.1
2025-06-12 07:14:00,92.5
2025-06-12 14:43:00,97.8
2025-06-12 02:25:00,49.94205948042788
2025-06-12 03:30:00,97.5
2025-06-12 00:17:00,19.3
2025-06-12 10:48:00,42.3
2025-06-12 08:44:00,56.8
2025-06-12 23:22:00,25.0
2025-06-12 13:30:00,24.7
2025-06-12 00:06:00,19.0
2025-06-12 13:07:00,32.0
2025-06-12 03:32:00,89.5
2025-06-12 19:40:00,82.0
2025-06-12 10:02:00,11.7
2025-06-12 10:30:00,34.3
2025-06-12 09:37:00,52.5
2025-06-12 10:23:00,3.4
2025-06-12 03:25:00,49.94205948042788
2025-06-12 05:57:00,31.9
2025-06-12 19:56:00,74.7
2025-06-12 17:16:00,8.9
2025-06-12 00:33:00,88.5
2025-06-12 18:23:00,48.8
2025-06-12 03:57:00,57.4
2025-06-12 01:44:00,95.1
2025-06-12 04:58:00,20.4
2025-06-12 10:24:00,7.9
2025-06-12 06:26:00,76.2
2025-06-12 18:43:00,48.5
2025-06-12 08:40:00,4.2
2025-06-12 04:26:00,13.1
2025-06-12 15:06:00,28.6
2025-06-12 21:36:00,69.4
2025-06-12 21:28:00,23.8
2025-06-12 22:27:00,49.0
2025-06-12 23:45:00,94.9
2025-06-12 11:10:00,22.0
2025-06-12 13:59:00,30.2
2025-06-12 05:15:00,82.8
2025-06-12 14:55:00,54.1
2025-06-12 02:24:00,20.8
2025-06-12 10:46:00,10.3
2025-06-12 06:38:00,79.6
2025-06-12 03:09:00,5.9
2025-06-12 09:06:00,49.94205948042788
2025-06-12 15:51:00,13.0
2025-06-12 00:43:00,49.94205948042788
2025-06-12 20:49:00,49.94205948042788
2025-06-12 03:44:00,43.3
2025-06-12 22:53:00,52.2
2025-06-12 13:59:00,43.7
2025-06-12 06:28:00,28.6
2025-06-12 06:18:00,49.94205948042788
2025-06-12 08:32:00,18.0
2025-06-12 11:52:00,10.8
2025-06-12 02:45:00,49.94205948042788
2025-06-12 09:34:00,27.7
2025-06-12 10:10:00,49.94205948042788
2025-06-12 17:44:00,3.5
2025-06-12 22:50:00,65.8
2025-06-12 06:48:00,2.6
2025-06-12 15:49:00,52.8
2025-06-12 12:49:00,12.5
2025-06-12 11:34:00,1.9
2025-06-12 14:07:00,86.2
2025-06-12 16:39:00,69.7
2025-06-12 11:01:00,13.2
2025-06-12 06:07:00,29.7
2025-06-12 07:40:00,6.7
2025-06-12 10:11:00,89.2
2025-06-12 19:33:00,49.94205948042788
2025-06-12 01:13:00,79.5
2025-06-12 08:01:00,30.6
2025-06-12 23:33:00,56.4
2025-06-12 22:30:00,14.1
2025-06-12 05:29:00,58.2
2025-06-12 12:04:00,49.94205948042788
2025-06-12 11:06:00,49.94205948042788
2025-06-12 20:28:00,49.94205948042788
2025-06-12 16:50:00,74.3
2025-06-12 13:12:00,49.94205948042788
2025-06-12 22:03:00,59.5
2025-06-12 06:08:00,19.0
2025-06-12 01:23:00,78.6
2025-06-12 21:32:00,3.9
2025-06-12 05:23:00,60.1
2025-06-12 15:59:00,25.0
2025-06-12 05:10:00,13.6
2025-06-12 08:56:00,49.2
2025-06-12 10:31:00,41.9
2025-06-12 15:32:00,85.9
2025-06-12 15:49:00,59.5
2025-06-12 05:26:00,3.0
2025-06-12 08:23:00,92.0
2025-06-12 06:23:00,36.1
2025-06-12 02:10:00,90.6
2025-06-12 19:34:00,12.5
2025-06-12 17:59:00,71.1
2025-06-12 23:27:00,29.3
2025-06-12 14:07:00,7.1
2025-06-12 23:20:00,82.0
2025-06-12 03:56:00,42.3
2025-06-12 09:53:00,49.94205948042788
2025-06-12 09:07:00,39.8
2025-06-12 03:09:00,26.7
2025-06-12 06:41:00,48.0
2025-06-12 20:18:00,49.94205948042788
2025-06-12 12:23:00,34.2
2025-06-12 09:51:00,55.6
2025-06-12 18:11:00,8.8
2025-06-12 18:51:00,8.9
2025-06-12 00:30:00,71.0
2025-06-12 09:34:00,83.1
2025-06-12 15:00:00,57.7
2025-06-12 20:56:00,49.94205948042788
2025-06-12 12:22:00,25.1
2025-06-12 06:33:00,29.1
2025-06-12 04:03:00,18.1
2025-06-12 16:35:00,86.8
2025-06-12 22:37:00,28.9
2025-06-12 23:53:00,21.9
2025-06-12 03:35:00,88.8
2025-06-12 05:30:00,13.0
2025-06-12 23:04:00,34.9
2025-06-12 13:21:00,71.7
2025-06-12 17:16:00,68.0
2025-06-12 15:01:00,12.8
2025-06-12 22:58:00,17.8
2025-06-12 09:50:00,84.6
2025-06-12 16:15:00,8.8
2025-06-12 09:46:00,56.3
2025-06-12 07:49:00,8.2
2025-06-12 03:06:00,19.7
2025-06-12 09:07:00,62.2
2025-06-12 03:06:00,84.4
2025-06-12 13:13:00,49.7
2025-06-12 11:00:00,66.3
2025-06-12 18:38:00,49.94205948042788
2025-06-12 17:52:00,75.4
2025-06-12 08:09:00,1.0
2025-06-12 23:27:00,49.94205948042788
2025-06-12 18:18:00,62.4
2025-06-12 14:01:00,47.8
2025-06-12 05:50:00,80.5
2025-06-12 00:38:00,9.8
2025-06-12 21:56:00,49.94205948042788
2025-06-12 23:46:00,21.1
2025-06-12 11:38:00,98.4
2025-06-12 11:38:00,49.94205948042788
2025-06-12 01:13:00,78.2
2025-06-12 00:12:00,47.7
2025-06-12 18:16:00,40.9
2025-06-12 09:16:00,99.4
2025-06-12 03:59:00,56.5
2025-06-12 01:53:00,49.94205948042788
2025-06-12 13:54:00,57.5
2025-06-12 10:43:00,95.6
2025-06-12 19:21:00,19.9
2025-06-12 02:39:00,48.8
2025-06-12 08:48:00,29.8
2025-06-12 01:30:00,10.0
2025-06-12 14:28:00,97.7
2025-06-12 00:54:00,57.8
2025-06-12 18:26:00,90.3
2025-06-12 15:27:00,58.3
2025-06-12 18:01:00,49.94205948042788
2025-06-12 19:46:00,58.2
2025-06-12 14:11:00,64.7
2025-06-12 20:54:00,71.4
2025-06-12 15:09:00,49.94205948042788
2025-06-12 08:48:00,13.5
2025-06-12 17:06:00,58.1
2025-06-12 14:46:00,59.4
2025-06-12 10:45:00,47.4
2025-06-12 14:34:00,50.9
2025-06-12 18:24:00,52.4
2025-06-12 00:08:00,13.0
2025-06-12 09:44:00,49.94205948042788
2025-06-12 10:26:00,49.94205948042788
2025-06-12 07:11:00,49.94205948042788
2025-06-12 16:58:00,49.94205948042788
2025-06-12 19:00:00,21.4
2025-06-12 07:30:00,24.0
2025-06-12 09:27:00,73.3
2025-06-12 04:42:00,30.5
2025-06-12 23:15:00,36.8
2025-06-12 15:48:00,53.7
2025-06-12 10:29:00,17.1
2025-06-12 01:57:00,53.8
2025-06-12 10:48:00,76.0
2025-06-12 00:29:00,49.94205948042788
2025-06-12 07:47:00,33.1
2025-06-12 04:38:00,78.4
2025-06-12 01:27:00,49.94205948042788
2025-06-12 16:45:00,71.6
2025-06-12 07:25:00,97.9
2025-06-12 01:32:00,49.94205948042788
2025-06-12 09:00:00,49.94205948042788
2025-06-12 11:18:00,65.1
2025-06-12 13:51:00,5.8
2025-06-12 14:45:00,34.0
2025-06-12 14:59:00,84.3
2025-06-12 15:31:00,38.0
2025-06-12 12:09:00,51.4
2025-06-12 14:21:00,4.1
2025-06-12 09:39:00,87.6
2025-06-12 18:46:00,14.3
2025-06-12 06:21:00,99.7
2025-06-12 22:55:00,73.4
2025-06-12 06:20:00,0.1
2025-06-12 18:34:00,50.024092836946274
2025-06-12 22:30:00,95.5
2025-06-12 15:52:00,32.7
2025-06-12 22:12:00,22.6
2025-06-12 15:46:00,9.4
2025-06-12 13:36:00,24.0
2025-06-12 17:10:00,81.8
2025-06-12 10:54:00,23.0
2025-06-12 02:30:00,3.8
2025-06-12 06:38:00,49.5
2025-06-12 18:25:00,33.0
2025-06-12 13:26:00,17.5
2025-06-12 01:07:00,50.024092836946274
2025-06-12 17:36:00,34.8
2025-06-12 00:14:00,49.1
2025-06-12 06:20:00,64.1
2025-06-12 13:12:00,19.5
2025-06-12 23:35:00,46.6
2025-06-12 20:55:00,13.7
2025-06-12 12:31:00,76.2
2025-06-12 07:13:00,7.0
2025-06-12 17:06:00,99.0
2025-06-12 10:46:00,60.9
2025-06-12 04:45:00,54.8
2025-06-12 12:36:00,96.5
2025-06-12 20:47:00,17.6
2025-06-12 15:56:00,86.7
2025-06-12 04:31:00,55.7
2025-06-12 08:42:00,14.2
2025-06-12 17:23:00,76.5
2025-06-12 12:36:00,42.4
2025-06-12 12:07:00,46.7
2025-06-12 20:53:00,88.3
2025-06-12 03:03:00,34.6
2025-06-12 22:08:00,10.8
2025-06-12 19:05:00,50.024092836946274
2025-06-12 13:20:00,90.1
2025-06-12 16:27:00,42.5
2025-06-12 12:58:00,50.024092836946274
2025-06-12 07:37:00,76.0
2025-06-12 08:31:00,0.2
2025-06-12 06:22:00,92.5
2025-06-12 05:28:00,75.2
2025-06-12 03:39:00,0.1
2025-06-12 18:07:00,37.4
2025-06-12 17:05:00,14.2
2025-06-12 04:17:00,48.7
2025-06-12 10:12:00,50.024092836946274
2025-06-12 19:15:00,5.2
2025-06-12 08:10:00,9.8
2025-06-12 11:41:00,3.0
2025-06-12 21:31:00,25.2
2025-06-12 03:31:00,50.024092836946274
2025-06-12 05:04:00,80.0
2025-06-12 21:06:00,9.5
2025-06-12 00:09:00,27.8
2025-06-12 15:15:00,62.7
2025-06-12 16:41:00,91.9
2025-06-12 14:13:00,50.024092836946274
2025-06-12 19:12:00,50.024092836946274
2025-06-12 20:06:00,31.9
2025-06-12 09:35:00,54.4
2025-06-12 10:18:00,27.5
2025-06-12 05:15:00,20.5
2025-06-12 01:59:00,64.2
2025-06-12 00:44:00,37.1
2025-06-12 08:55:00,88.7
2025-06-12 21:27:00,73.7
2025-06-12 06:57:00,66.2
2025-06-12 20:35:00,93.7
2025-06-12 11:39:00,81.1
2025-06-12 02:02:00,71.3
2025-06-12 10:50:00,75.4
2025-06-12 02:11:00,78.3
2025-06-12 01:57:00,8.8
2025-06-12 22:22:00,78.3
2025-06-12 19:02:00,31.7
2025-06-12 10:39:00,11.5
2025-06-12 00:47:00,53.9
2025-06-12 02:13:00,61.0
2025-06-12 14:45:00,2.8
2025-06-12 22:56:00,43.3
2025-06-12 21:48:00,88.7
2025-06-12 09:11:00,79.0
2025-06-12 02:43:00,82.2
2025-06-12 16:12:00,19.2
2025-06-12 02:32:00,79.1
2025-06-12 04:48:00,99.5
2025-06-12 18:00:00,24.4
2025-06-12 02:04:00,88.7
2025-06-12 10:12:00,45.7
2025-06-12 00:42:00,65.9
2025-06-12 14:38:00,18.3
2025-06-12 12:50:00,4.5
2025-06-12 21:29:00,2.6
2025-06-12 20:42:00,10.1
2025-06-12 17:48:00,20.2
2025-06-12 08:04:00,50.024092836946274
2025-06-12 01:06:00,50.024092836946274
2025-06-12 02:20:00,12.4
2025-06-12 09:57:00,50.024092836946274
2025-06-12 23:11:00,87.0
2025-06-12 15:01:00,50.024092836946274
2025-06-12 09:45:00,37.0
2025-06-12 06:39:00,68.3
2025-06-12 13:58:00,30.1
2025-06-12 06:38:00,49.7
2025-06-12 11:12:00,36.7
2025-06-12 17:21:00,34.9
2025-06-12 07:03:00,39.6
2025-06-12 06:35:00,50.024092836946274
2025-06-12 07:06:00,91.2
2025-06-12 02:08:00,1.5
2025-06-12 04:24:00,62.4
2025-06-12 21:13:00,59.8
2025-06-12 10:23:00,1.3
2025-06-12 10:36:00,99.7
2025-06-12 07:15:00,74.3
2025-06-12 17:59:00,50.024092836946274
2025-06-12 12:17:00,38.8
2025-06-12 12:27:00,85.0
2025-06-12 06:07:00,87.1
2025-06-12 12:18:00,95.3
2025-06-12 19:11:00,65.6
2025-06-12 13:31:00,14.1
2025-06-12 10:10:00,50.024092836946274
2025-06-12 20:42:00,50.024092836946274
2025-06-12 12:41:00,93.7
2025-06-12 09:22:00,50.024092836946274
2025-06-12 22:57:00,76.8
2025-06-12 10:29:00,38.9
2025-06-12 07:29:00,4.7
2025-06-12 10:56:00,87.7
2025-06-12 03:28:00,65.7
2025-06-12 07:08:00,95.6
2025-06-12 23:53:00,62.3
2025-06-12 14:56:00,50.024092836946274
2025-06-12 03:34:00,78.1
2025-06-12 01:58:00,50.024092836946274
2025-06-12 08:55:00,70.0
2025-06-12 17:43:00,49.3
2025-06-12 03:12:00,67.4
2025-06-12 15:40:00,16.3
2025-06-12 08:39:00,49.2
2025-06-12 14:30:00,30.5
2025-06-12 01:29:00,46.1
2025-06-12 02:29:00,46.9
2025-06-12 12:43:00,6.5
2025-06-12 02:52:00,94.9
2025-06-12 16:12:00,95.4
2025-06-12 22:40:00,82.8
2025-06-12 11:34:00,0.6
2025-06-12 01:24:00,50.024092836946274
2025-06-12 08:21:00,70.9
2025-06-12 07:57:00,5.8
2025-06-12 20:11:00,92.7
2025-06-12 01:20:00,50.024092836946274
2025-06-12 06:44:00,57.1
2025-06-12 21:05:00,82.5
2025-06-12 04:22:00,6.8
2025-06-12 08:27:00,44.2
2025-06-12 18:11:00,72.7
2025-06-12 03:45:00,53.8
2025-06-12 17:50:00,13.1
2025-06-12 14:02:00,4.0
2025-06-12 21:33:00,52.2
2025-06-12 10:54:00,44.7
2025-06-12 22:04:00,68.4
2025-06-12 16:22:00,50.024092836946274
2025-06-12 21:12:00,50.024092836946274
2025-06-12 19:41:00,31.0
2025-06-12 05:59:00,39.6
2025-06-12 02:01:00,27.4
2025-06-12 14:34:00,34.5
2025-06-12 14:30:00,25.6
2025-06-12 11:54:00,50.024092836946274
2025-06-12 07:19:00,4.2
2025-06-12 11:14:00,50.0
2025-06-12 21:36:00,58.2
2025-06-12 18:21:00,50.024092836946274
2025-06-12 19:15:00,53.2
2025-06-12 01:20:00,87.9
2025-06-12 11:26:00,51.6
2025-06-12 09:33:00,91.3
2025-06-12 09:11:00,26.3
2025-06-12 16:44:00,1.6
2025-06-12 12:22:00,9.1
2025-06-12 10:40:00,55.9
2025-06-12 16:21:00,74.3
2025-06-12 23:51:00,82.2
2025-06-12 17:33:00,66.6
2025-06-12 11:37:00,50.024092836946274
2025-06-12 08:33:00,6.9
2025-06-12 20:41:00,81.1
2025-06-12 10:20:00,19.5
2025-06-12 16:24:00,33.5
2025-06-12 15:51:00,50.024092836946274
2025-06-12 13:26:00,1.4
2025-06-12 09:46:00,89.6
2025-06-12 22:00:00,41.3
2025-06-12 20:08:00,38.4
2025-06-12 14:29:00,94.9
2025-06-12 13:00:00,43.8
2025-06-12 09:31:00,62.2
2025-06-12 13:04:00,19.8
2025-06-12 06:03:00,62.9
2025-06-12 23:28:00,54.9
2025-06-12 14:20:00,27.0
2025-06-12 08:10:00,78.9
2025-06-12 07:07:00,50.024092836946274
2025-06-12 04:08:00,50.0
2025-06-12 05:32:00,57.7
2025-06-12 17:33:00,33.1
2025-06-12 00:09:00,13.9
2025-06-12 05:52:00,60.1
2025-06-12 12:01:00,53.9
2025-06-12 17:13:00,50.024092836946274
2025-06-12 20:22:00,50.024092836946274
2025-06-12 05:02:00,50.024092836946274
2025-06-12 03:10:00,16.5
2025-06-12 17:53:00,20.7
2025-06-12 04:17:00,85.2
2025-06-12 04:07:00,47.5
2025-06-12 00:18:00,50.024092836946274
2025-06-12 21:41:00,34.1
2025-06-12 07:11:00,23.0
2025-06-12 23:31:00,19.5
2025-06-12 11:55:00,50.024092836946274
2025-06-12 10:53:00,2.2
2025-06-12 07:42:00,93.5
2025-06-12 04:10:00,80.3
2025-06-12 14:07:00,97.9
2025-06-12 10:20:00,81.2
2025-06-12 10:11:00,8.8
2025-06-12 22:48:00,58.5
2025-06-12 06:38:00,90.7
2025-06-12 17:16:00,27.1
2025-06-12 08:31:00,50.024092836946274
2025-06-12 15:33:00,51.7
2025-06-12 03:46:00,50.024092836946274
2025-06-12 09:27:00,50.024092836946274
2025-06-12 21:18:00,96.6
2025-06-12 16:42:00,50.024092836946274
2025-06-12 00:45:00,14.2
2025-06-12 07:11:00,90.9
2025-06-12 14:08:00,33.9
2025-06-12 13:54:00,77.5
2025-06-12 05:23:00,96.1
2025-06-12 16:28:00,50.024092836946274
2025-06-12 14:16:00,45.0
2025-06-12 05:49:00,50.024092836946274
2025-06-12 10:55:00,77.3
2025-06-12 09:33:00,0.2
2025-06-12 01:51:00,5.5
2025-06-12 07:24:00,98.2
2025-06-12 03:43:00,39.9
2025-06-12 11:59:00,11.5
2025-06-12 23:49:00,50.024092836946274
2025-06-12 22:42:00,90.0
2025-06-12 23:33:00,31.2
2025-06-12 03:41:00,94.6
2025-06-12 23:53:00,93.1
2025-06-12 09:16:00,29.5
2025-06-12 09:21:00,92.8
2025-06-12 23:49:00,85.1
2025-06-12 12:07:00,14.6
2025-06-12 07:18:00,45.4
2025-06-12 09:23:00,70.8
2025-06-12 16:34:00,50.024092836946274
2025-06-12 21:31:00,36.7
2025-06-12 02:59:00,55.2
2025-06-12 14:02:00,50.024092836946274
2025-06-12 10:49:00,84.4
2025-06-12 15:53:00,74.6
2025-06-12 18:44:00,93.4
2025-06-12 20:03:00,80.0
2025-06-12 00:26:00,68.0
2025-06-12 14:02:00,67.3
2025-06-12 20:55:00,75.9
2025-06-12 12:49:00,50.024092836946274
2025-06-12 09:27:00,98.5
2025-06-12 12:44:00,85.4
2025-06-12 09:51:00,45.2
2025-06-12 18:41:00,50.024092836946274
2025-06-12 10:11:00,99.8
2025-06-12 09:24:00,85.3
2025-06-12 04:56:00,62.5
2025-06-12 21:58:00,64.0
2025-06-12 03:27:00,12.5
2025-06-12 18:01:00,71.7
2025-06-12 20:52:00,41.6
2025-06-12 00:04:00,4.7
2025-06-12 03:37:00,7.8
2025-06-12 22:08:00,26.2
2025-06-12 12:58:00,37.4
2025-06-12 07:04:00,71.3
2025-06-12 06:59:00,60.2
2025-06-12 17:28:00,50.6
2025-06-12 03:36:00,11.5
2025-06-12 10:11:00,96.2
2025-06-12 08:20:00,8.5
2025-06-12 19:49:00,66.3
2025-06-12 03:19:00,72.9
2025-06-12 16:58:00,8.9
2025-06-12 14:09:00,14.3
2025-06-12 05:22:00,19.6
2025-06-12 15:56:00,51.8
2025-06-12 14:26:00,26.1
2025-06-12 10:19:00,22.9
2025-06-12 03:36:00,48.0
2025-06-12 12:20:00,3.9
2025-06-12 18:40:00,74.9
2025-06-12 15:43:00,39.4
2025-06-12 00:49:00,89.6
2025-06-12 12:32:00,95.6
2025-06-12 13:44:00,43.8
2025-06-12 18:04:00,50.024092836946274
2025-06-12 13:53:00,11.4
2025-06-12 01:41:00,15.2
2025-06-12 17:36:00,50.024092836946274
2025-06-12 08:03:00,15.7
2025-06-12 09:01:00,50.024092836946274
2025-06-12 23:55:00,65.7
2025-06-12 04:14:00,21.0
2025-06-12 03:14:00,95.8
2025-06-12 11:33:00,81.1
2025-06-12 13:10:00,68.9
2025-06-12 02:25:00,33.0
2025-06-12 22:48:00,63.1
2025-06-12 07:05:00,72.0
2025-06-12 05:34:00,36.9
2025-06-12 06:01:00,42.3
2025-06-12 13:57:00,9.1
2025-06-12 19:16:00,20.6
2025-06-12 06:19:00,92.9
2025-06-12 04:18:00,49.2
2025-06-12 13:28:00,95.5
2025-06-12 20:25:00,55.5
2025-06-12 05:07:00,35.0
2025-06-12 02:31:00,77.1
2025-06-12 14:12:00,8.3
2025-06-12 15:19:00,52.0
2025-06-12 04:18:00,42.3
2025-06-12 06:07:00,77.6
2025-06-12 11:50:00,49.54963144963145
2025-06-12 22:35:00,91.8
2025-06-12 10:05:00,80.1
2025-06-12 12:42:00,49.54963144963145
2025-06-12 21:59:00,31.2
2025-06-12 23:26:00,23.8
2025-06-12 13:15:00,81.8
2025-06-12 21:57:00,65.3
2025-06-12 21:15:00,79.8
2025-06-12 07:31:00,49.54963144963145
2025-06-12 10:59:00,79.4
2025-06-12 06:21:00,30.4
2025-06-12 00:15:00,16.2
2025-06-12 01:32:00,76.0
2025-06-12 23:34:00,46.0
2025-06-12 02:58:00,85.8
2025-06-12 07:00:00,13.4
2025-06-12 10:30:00,26.3
2025-06-12 01:55:00,78.2
2025-06-12 12:30:00,21.5
2025-06-12 05:47:00,49.54963144963145
2025-06-12 05:33:00,51.5
2025-06-12 02:56:00,45.2
2025-06-12 20:47:00,93.9
2025-06-12 22:19:00,96.5
2025-06-12 04:28:00,30.3
2025-06-12 07:32:00,81.5
2025-06-12 06:42:00,17.1
2025-06-12 23:33:00,49.54963144963145
2025-06-12 17:11:00,5.5
2025-06-12 10:45:00,41.5
2025-06-12 09:48:00,61.2
2025-06-12 19:23:00,25.5
2025-06-12 10:11:00,26.5
2025-06-12 11:14:00,69.7
2025-06-12 03:49:00,71.3
2025-06-12 11:27:00,32.8
2025-06-12 14:09:00,7.8
2025-06-12 03:13:00,41.9
2025-06-12 13:13:00,65.7
2025-06-12 17:50:00,9.5
2025-06-12 23:38:00,49.54963144963145
2025-06-12 11:07:00,61.7
2025-06-12 21:34:00,19.6
2025-06-12 01:38:00,24.7
2025-06-12 16:06:00,49.54963144963145
2025-06-12 14:25:00,17.4
2025-06-12 12:15:00,84.5
2025-06-12 21:05:00,17.3
2025-06-12 20:40:00,69.9
2025-06-12 09:41:00,66.0
2025-06-12 16:02:00,44.7
2025-06-12 08:04:00,7.9
2025-06-12 16:25:00,49.54963144963145
2025-06-12 11:59:00,84.9
2025-06-12 15:46:00,49.54963144963145
2025-06-12 01:04:00,60.4
2025-06-12 05:05:00,3.0
2025-06-12 07:24:00,43.3
2025-06-12 16:54:00,13.7
2025-06-12 12:53:00,60.7
2025-06-12 15:02:00,34.5
2025-06-12 01:23:00,27.7
2025-06-12 01:49:00,91.9
2025-06-12 05:18:00,59.6
2025-06-12 16:44:00,20.6
2025-06-12 13:46:00,49.54963144963145
2025-06-12 06:50:00,40.1
2025-06-12 10:23:00,18.3
2025-06-12 05:11:00,11.9
2025-06-12 23:26:00,39.8
2025-06-12 13:54:00,19.4
2025-06-12 07:49:00,22.2
2025-06-12 09:43:00,19.9
2025-06-12 00:15:00,81.2
2025-06-12 10:58:00,37.2
2025-06-12 12:10:00,18.3
2025-06-12 09:06:00,16.6
2025-06-12 23:55:00,84.9
2025-06-12 15:09:00,49.4
2025-06-12 11:44:00,54.0
2025-06-12 11:44:00,79.0
2025-06-12 12:34:00,35.0
2025-06-12 03:25:00,34.6
2025-06-12 14:35:00,98.6
2025-06-12 06:42:00,63.1
2025-06-12 11:01:00,83.8
2025-06-12 15:13:00,49.54963144963145
2025-06-12 16:22:00,1.4
2025-06-12 23:13:00,71.2
2025-06-12 11:08:00,53.7
2025-06-12 16:08:00,49.54963144963145
2025-06-12 03:15:00,47.3
2025-06-12 05:52:00,49.54963144963145
2025-06-12 19:18:00,22.9
2025-06-12 10:27:00,49.5
2025-06-12 11:01:00,49.3
2025-06-12 15:31:00,98.0
2025-06-12 22:03:00,26.8
2025-06-12 05:17:00,40.6
2025-06-12 10:30:00,56.1
2025-06-12 03:39:00,50.6
2025-06-12 11:02:00,74.1
2025-06-12 12:09:00,32.2
2025-06-12 00:27:00,60.5
2025-06-12 20:36:00,73.8
2025-06-12 14:33:00,96.9
2025-06-12 04:25:00,27.1
2025-06-12 19:03:00,49.54963144963145
2025-06-12 22:54:00,50.1
2025-06-12 12:58:00,49.0
2025-06-12 14:22:00,29.5
2025-06-12 02:12:00,49.54963144963145
2025-06-12 02:32:00,60.5
2025-06-12 05:00:00,16.2
2025-06-12 23:40:00,19.1
2025-06-12 05:46:00,95.4
2025-06-12 02:09:00,56.4
2025-06-12 23:35:00,66.7
2025-06-12 20:12:00,44.1
2025-06-12 06:14:00,1.3
2025-06-12 09:01:00,52.1
2025-06-12 09:16:00,50.6
2025-06-12 02:05:00,49.54963144963145
2025-06-12 06:51:00,64.0
2025-06-12 14:57:00,49.54963144963145
2025-06-12 14:30:00,72.1
2025-06-12 18:49:00,73.4
2025-06-12 05:09:00,7.6
2025-06-12 02:35:00,49.54963144963145
2025-06-12 08:46:00,95.5
2025-06-12 01:35:00,87.9
2025-06-12 16:28:00,77.9
2025-06-12 04:08:00,49.54963144963145
2025-06-12 05:40:00,15.1
2025-06-12 15:20:00,79.0
2025-06-12 07:38:00,6.6
2025-06-12 06:15:00,36.5
2025-06-12 04:11:00,67.7
2025-06-12 20:55:00,94.5
2025-06-12 15:43:00,39.9
2025-06-12 23:07:00,49.54963144963145
2025-06-12 02:21:00,82.2
2025-06-12 18:59:00,83.8
2025-06-12 13:53:00,1.7
2025-06-12 20:42:00,49.3
2025-06-12 02:37:00,93.7
2025-06-12 10:58:00,95.2
2025-06-12 13:02:00,85.6
2025-06-12 16:22:00,36.6
2025-06-12 15:23:00,39.2
2025-06-12 18:15:00,93.2
2025-06-12 01:15:00,71.5
2025-06-12 01:57:00,42.5
2025-06-12 23:44:00,49.54963144963145
2025-06-12 13:08:00,41.3
2025-06-12 00:09:00,77.6
2025-06-12 11:39:00,94.7
2025-06-12 14:32:00,49.54963144963145
2025-06-12 14:16:00,49.54963144963145
2025-06-12 17:24:00,0.0
2025-06-12 14:28:00,83.2
2025-06-12 12:38:00,49.54963144963145
2025-06-12 11:20:00,91.6
2025-06-12 18:07:00,72.8
2025-06-12 19:39:00,39.7
2025-06-12 16:34:00,70.5
2025-06-12 11:31:00,97.9
2025-06-12 11:28:00,47.1
2025-06-12 23:40:00,4.4
2025-06-12 04:09:00,70.0
2025-06-12 11:30:00,7.6
2025-06-12 22:51:00,43.8
2025-06-12 19:43:00,50.7
2025-06-12 10:14:00,59.6
2025-06-12 15:26:00,64.6
2025-06-12 01:53:00,49.54963144963145
2025-06-12 02:11:00,68.2
2025-06-12 00:18:00,2.5
2025-06-12 06:41:00,33.5
2025-06-12 06:48:00,0.5
2025-06-12 09:16:00,95.5
2025-06-12 10:04:00,65.0
2025-06-12 22:06:00,28.1
2025-06-12 14:30:00,49.54963144963145
2025-06-12 18:25:00,49.54963144963145
2025-06-12 21:09:00,16.5
2025-06-12 04:22:00,0.5
2025-06-12 13:15:00,68.5
2025-06-12 07:35:00,12.1
2025-06-12 00:11:00,47.0
2025-06-12 02:04:00,3.3
2025-06-12 09:21:00,77.3
2025-06-12 06:24:00,82.1
2025-06-12 20:41:00,32.8
2025-06-12 07:27:00,20.0
2025-06-12 14:01:00,26.6
2025-06-12 23:00:00,29.2
2025-06-12 15:33:00,5.7
2025-06-12 08:10:00,36.3
2025-06-12 22:11:00,12.9
2025-06-12 07:09:00,24.2
2025-06-12 10:04:00,31.1
2025-06-12 00:53:00,49.54963144963145
2025-06-12 13:43:00,16.7
2025-06-12 23:49:00,78.8
2025-06-12 09:32:00,76.6
2025-06-12 18:29:00,49.54963144963145
2025-06-12 11:48:00,49.54963144963145
2025-06-12 11:22:00,37.0
2025-06-12 02:45:00,90.7
2025-06-12 00:50:00,27.3
2025-06-12 05:36:00,18.2
2025-06-12 05:10:00,99.0
2025-06-12 06:39:00,33.8
2025-06-12 22:23:00,19.4
2025-06-12 00:29:00,68.8
2025-06-12 21:42:00,95.8
2025-06-12 11:00:00,44.2
2025-06-12 17:16:00,8.6
2025-06-12 13:04:00,34.6
2025-06-12 00:13:00,54.2
2025-06-12 18:18:00,75.7
2025-06-12 08:37:00,37.3
2025-06-12 01:48:00,45.9
2025-06-12 23:56:00,93.4
2025-06-12 14:48:00,71.8
2025-06-12 02:52:00,2.5
2025-06-12 06:29:00,49.54963144963145
2025-06-12 08:08:00,49.54963144963145
2025-06-12 06:32:00,99.0
2025-06-12 12:59:00,49.54963144963145
2025-06-12 16:21:00,37.8
2025-06-12 05:13:00,23.7
2025-06-12 13:52:00,49.54963144963145
2025-06-12 10:36:00,49.54963144963145
2025-06-12 14:00:00,43.9
2025-06-12 16:14:00,74.5
2025-06-12 19:39:00,49.54963144963145
2025-06-12 17:41:00,97.1
2025-06-12 16:48:00,32.5
2025-06-12 19:31:00,27.6
2025-06-12 02:02:00,24.5
2025-06-12 23:17:00,46.8
2025-06-12 03:14:00,43.1
2025-06-12 15:20:00,45.8
2025-06-12 10:43:00,52.1
2025-06-12 06:25:00,68.5
2025-06-12 11:50:00,90.5
2025-06-12 09:58:00,64.1
2025-06-12 14:09:00,65.7
2025-06-12 17:10:00,35.5
2025-06-12 20:23:00,80.2
2025-06-12 19:34:00,49.54963144963145
2025-06-12 05:17:00,81.6
2025-06-12 10:34:00,92.8
2025-06-12 00:16:00,92.0
2025-06-12 19:47:00,33.5
2025-06-12 11:16:00,87.9
2025-06-12 21:01:00,49.54963144963145
2025-06-12 22:11:00,49.54963144963145
2025-06-12 05:35:00,31.0
2025-06-12 01:23:00,11.9
2025-06-12 20:28:00,19.5
2025-06-12 21:08:00,12.3
2025-06-12 15:27:00,1.0
2025-06-12 09:31:00,51.1
2025-06-12 23:37:00,84.0
2025-06-12 14:37:00,30.7
2025-06-12 03:14:00,82.4
2025-06-12 11:12:00,92.2
2025-06-12 11:55:00,12.2
2025-06-12 06:59:00,73.9
2025-06-12 11:58:00,30.4
2025-06-12 05:13:00,30.2
2025-06-12 00:02:00,13.0
2025-06-12 03:35:00,70.4
2025-06-12 12:46:00,42.3
2025-06-12 13:22:00,12.0
2025-06-12 04:59:00,5.6
2025-06-12 18:28:00,55.4
2025-06-12 14:31:00,49.54963144963145
2025-06-12 08:14:00,10.1
2025-06-12 22:07:00,96.4
2025-06-12 08:19:00,57.0
2025-06-12 00:43:00,65.4
2025-06-12 23:50:00,70.2
2025-06-12 22:22:00,51.2
2025-06-12 01:39:00,49.54963144963145
2025-06-12 01:26:00,20.6
2025-06-12 08:30:00,89.5
2025-06-12 11:35:00,55.2
2025-06-12 21:48:00,46.9
2025-06-12 10:23:00,3.0
2025-06-12 01:39:00,82.1
2025-06-12 15:46:00,90.8
2025-06-12 10:38:00,69.7
2025-06-12 19:50:00,73.1
2025-06-12 16:35:00,29.8
2025-06-12 07:03:00,48.1
2025-06-12 04:27:00,52.0
2025-06-12 11:39:00,42.0
2025-06-12 12:49:00,24.0
2025-06-12 15:06:00,39.2
2025-06-12 04:52:00,27.1
2025-06-12 11:25:00,19.0
2025-06-12 10:00:00,83.5
2025-06-12 07:48:00,100.0
2025-06-12 06:43:00,49.54963144963145
2025-06-12 00:39:00,18.5
2025-06-12 13:22:00,29.7
2025-06-12 18:07:00,39.7
2025-06-12 23:31:00,49.7
2025-06-12 01:28:00,39.1
2025-06-12 01:15:00,10.3
2025-06-12 10:23:00,63.9
2025-06-12 15:19:00,49.54963144963145
2025-06-12 03:02:00,49.54963144963145
2025-06-12 05:08:00,6.8
2025-06-12 13:34:00,51.3
2025-06-12 03:58:00,49.54963144963145
2025-06-12 21:53:00,24.0
2025-06-12 10:29:00,51.9
2025-06-12 13:14:00,72.0
2025-06-12 04:24:00,12.9
2025-06-12 01:27:00,49.54963144963145
2025-06-12 17:08:00,49.54963144963145
2025-06-12 12:00:00,39.7
2025-06-12 11:22:00,3.4
2025-06-12 02:13:00,97.1
2025-06-12 00:41:00,49.54963144963145
2025-06-12 21:10:00,44.0
2025-06-12 12:42:00,90.0
2025-06-12 01:40:00,86.6
2025-06-12 04:32:00,54.3
2025-06-12 21:43:00,60.2
2025-06-12 14:37:00,91.0
2025-06-12 05:01:00,77.3
2025-06-12 22:05:00,59.8
2025-06-12 19:39:00,35.9
2025-06-12 23:58:00,79.2
2025-06-12 21:19:00,80.7
2025-06-12 07:17:00,50.9
2025-06-12 19:58:00,30.4
2025-06-12 04:45:00,88.0
2025-06-12 01:14:00,18.2
2025-06-12 20:42:00,10.9
2025-06-12 16:07:00,98.7
2025-06-12 16:30:00,49.54963144963145
2025-06-12 23:58:00,14.9
2025-06-12 04:06:00,51.4
2025-06-12 05:37:00,77.4
2025-06-12 05:11:00,17.5
2025-06-12 21:35:00,85.2
2025-06-12 21:33:00,92.5
2025-06-12 20:11:00,24.0
2025-06-12 05:54:00,72.9
2025-06-12 11:46:00,91.7
2025-06-12 05:06:00,29.4
2025-06-12 07:48:00,61.9
2025-06-12 19:42:00,49.560128956623686
2025-06-12 21:04:00,46.8
2025-06-12 02:15:00,36.5
2025-06-12 01:07:00,49.560128956623686
2025-06-12 07:55:00,92.3
2025-06-12 15:48:00,68.9
2025-06-12 12:22:00,22.8
2025-06-12 14:53:00,49.560128956623686
2025-06-12 21:40:00,75.3
2025-06-12 03:53:00,12.1
2025-06-12 13:05:00,49.560128956623686
2025-06-12 13:53:00,4.3
2025-06-12 21:34:00,33.6
2025-06-12 01:25:00,8.9
2025-06-12 23:32:00,20.5
2025-06-12 17:41:00,66.7
2025-06-12 20:19:00,51.3
2025-06-12 12:17:00,35.4
2025-06-12 22:11:00,21.7
2025-06-12 15:45:00,49.560128956623686
2025-06-12 04:41:00,36.8
2025-06-12 19:50:00,49.560128956623686
2025-06-12 15:53:00,49.560128956623686
2025-06-12 17:26:00,26.2
2025-06-12 16:35:00,22.5
2025-06-12 07:45:00,44.0
2025-06-12 17:04:00,23.3
2025-06-12 04:05:00,49.560128956623686
2025-06-12 22:58:00,64.9
2025-06-12 05:24:00,43.1
2025-06-12 04:58:00,17.9
2025-06-12 12:41:00,53.6
2025-06-12 21:32:00,58.4
2025-06-12 22:08:00,49.560128956623686
2025-06-12 02:39:00,16.3
2025-06-12 05:08:00,49.560128956623686
2025-06-12 16:23:00,47.7
2025-06-12 16:42:00,44.4
2025-06-12 21:38:00,9.9
2025-06-12 11:33:00,20.8
2025-06-12 11:19:00,72.9
2025-06-12 16:45:00,39.2
2025-06-12 11:05:00,12.9
2025-06-12 11:12:00,95.0
2025-06-12 07:59:00,4.7
2025-06-12 15:57:00,70.6
2025-06-12 22:00:00,13.4
2025-06-12 02:50:00,56.0
2025-06-12 18:12:00,35.3
2025-06-12 15:00:00,40.3
2025-06-12 11:20:00,0.7
2025-06-12 15:17:00,9.3
2025-06-12 15:53:00,96.1
2025-06-12 21:29:00,8.6
2025-06-12 02:00:00,8.3
2025-06-12 22:41:00,51.1
2025-06-12 12:48:00,84.9
2025-06-12 14:44:00,38.1
2025-06-12 16:44:00,26.0
2025-06-12 05:17:00,62.6
2025-06-12 02:54:00,49.560128956623686
2025-06-12 11:26:00,13.9
2025-06-12 01:09:00,6.4
2025-06-12 22:20:00,49.560128956623686
2025-06-12 01:22:00,12.2
2025-06-12 08:47:00,8.4
2025-06-12 01:32:00,10.2
2025-06-12 12:25:00,49.560128956623686
2025-06-12 04:45:00,49.560128956623686
2025-06-12 09:03:00,49.560128956623686
2025-06-12 04:05:00,36.8
2025-06-12 00:57:00,94.5
2025-06-12 17:28:00,49.560128956623686
2025-06-12 18:35:00,70.4
2025-06-12 10:54:00,63.6
2025-06-12 07:33:00,41.9
2025-06-12 17:04:00,15.6
2025-06-12 01:58:00,2.7
2025-06-12 19:55:00,2.1
2025-06-12 10:21:00,97.5
2025-06-12 14:05:00,43.1
2025-06-12 18:57:00,35.7
2025-06-12 00:38:00,68.2
2025-06-12 05:20:00,53.4
2025-06-12 14:00:00,52.4
2025-06-12 05:49:00,20.8
2025-06-12 11:36:00,76.4
2025-06-12 07:11:00,17.7
2025-06-12 08:15:00,16.0
2025-06-12 21:15:00,88.0
2025-06-12 14:08:00,35.2
2025-06-12 02:33:00,49.560128956623686
2025-06-12 15:43:00,9.0
2025-06-12 22:45:00,82.0
2025-06-12 14:43:00,25.0
2025-06-12 06:04:00,76.4
2025-06-12 17:50:00,44.1
2025-06-12 15:07:00,7.2
2025-06-12 19:09:00,23.8
2025-06-12 13:03:00,97.3
2025-06-12 02:03:00,18.0
2025-06-12 12:56:00,33.1
2025-06-12 12:52:00,62.3
2025-06-12 09:35:00,80.3
2025-06-12 07:17:00,49.560128956623686
2025-06-12 23:41:00,75.0
2025-06-12 15:06:00,42.6
2025-06-12 12:13:00,23.1
2025-06-12 20:40:00,41.2
2025-06-12 01:30:00,11.7
2025-06-12 07:11:00,47.2
2025-06-12 15:34:00,87.9
2025-06-12 23:33:00,34.3
2025-06-12 22:45:00,85.6
2025-06-12 23:32:00,49.560128956623686
2025-06-12 05:36:00,77.6
2025-06-12 07:24:00,99.0
2025-06-12 17:32:00,3.8
2025-06-12 14:58:00,49.560128956623686
2025-06-12 16:06:00,29.3
2025-06-12 02:09:00,62.4
2025-06-12 07:25:00,40.4
2025-06-12 04:14:00,26.2
2025-06-12 13:01:00,39.6
2025-06-12 11:13:00,49.560128956623686
2025-06-12 12:32:00,35.2
2025-06-12 04:12:00,34.7
2025-06-12 14:41:00,49.560128956623686
2025-06-12 21:25:00,4.9
2025-06-12 20:49:00,53.6
2025-06-12 21:50:00,61.7
2025-06-12 22:42:00,94.5
2025-06-12 00:40:00,50.8
2025-06-12 17:41:00,49.560128956623686
2025-06-12 00:51:00,49.560128956623686
2025-06-12 23:41:00,40.9
2025-06-12 18:29:00,42.7
2025-06-12 01:50:00,1.8
2025-06-12 07:30:00,47.3
2025-06-12 21:02:00,29.7
2025-06-12 02:18:00,65.6
2025-06-12 09:44:00,49.560128956623686
2025-06-12 09:52:00,43.4
2025-06-12 06:57:00,14.6
2025-06-12 19:54:00,61.2
2025-06-12 06:06:00,49.560128956623686
2025-06-12 22:24:00,1.4
2025-06-12 11:02:00,54.0
2025-06-12 19:53:00,85.9
2025-06-12 15:27:00,64.7
2025-06-12 05:59:00,54.6
2025-06-12 21:34:00,49.560128956623686
2025-06-12 15:03:00,86.7
2025-06-12 21:46:00,84.8
2025-06-12 04:59:00,86.3
2025-06-12 07:04:00,78.1
2025-06-12 14:22:00,44.0
2025-06-12 14:45:00,2.4
2025-06-12 02:13:00,87.0
2025-06-12 12:18:00,20.1
2025-06-12 03:31:00,33.1
2025-06-12 05:40:00,67.1
2025-06-12 21:25:00,4.2
2025-06-12 22:24:00,79.0
2025-06-12 03:59:00,17.5
2025-06-12 12:58:00,77.6
2025-06-12 19:09:00,4.4
2025-06-12 23:40:00,94.3
2025-06-12 06:20:00,37.4
2025-06-12 20:16:00,9.6
2025-06-12 03:29:00,7.9
2025-06-12 15:50:00,36.3
2025-06-12 16:48:00,59.1
2025-06-12 21:18:00,8.0
2025-06-12 08:05:00,66.2
2025-06-12 03:54:00,3.2
2025-06-12 12:44:00,49.560128956623686
2025-06-12 08:09:00,49.560128956623686
2025-06-12 20:42:00,86.9
2025-06-12 03:28:00,34.0
2025-06-12 08:42:00,60.4
2025-06-12 05:49:00,67.7
2025-06-12 22:30:00,79.4
2025-06-12 13:49:00,65.9
2025-06-12 23:50:00,40.0
2025-06-12 00:28:00,53.8
2025-06-12 14:34:00,65.4
2025-06-12 11:43:00,22.4
2025-06-12 12:24:00,49.560128956623686
2025-06-12 17:33:00,96.7
2025-06-12 20:32:00,60.0
2025-06-12 13:43:00,31.7
2025-06-12 05:16:00,49.560128956623686
2025-06-12 00:24:00,49.560128956623686
2025-06-12 06:38:00,49.0
2025-06-12 08:09:00,91.7
2025-06-12 05:58:00,22.9
2025-06-12 17:49:00,24.0
2025-06-12 19:42:00,26.3
2025-06-12 21:47:00,32.2
2025-06-12 07:25:00,72.8
2025-06-12 12:53:00,30.5
2025-06-12 14:04:00,49.560128956623686
2025-06-12 00:31:00,46.5
2025-06-12 20:51:00,67.4
2025-06-12 00:41:00,81.8
2025-06-12 17:58:00,97.1
2025-06-12 14:42:00,9.7
2025-06-12 10:42:00,73.8
2025-06-12 16:07:00,32.6
2025-06-12 22:14:00,40.6
2025-06-12 19:44:00,14.8
2025-06-12 13:02:00,80.2
2025-06-12 01:19:00,11.2
2025-06-12 07:12:00,44.6
2025-06-12 00:00:00,3.0
2025-06-12 19:28:00,92.2
2025-06-12 02:01:00,9.5
2025-06-12 09:46:00,17.3
2025-06-12 00:20:00,49.560128956623686
2025-06-12 08:30:00,39.2
2025-06-12 09:15:00,66.8
2025-06-12 09:21:00,21.7
2025-06-12 21:24:00,49.560128956623686
2025-06-12 21:49:00,84.0
2025-06-12 17:24:00,34.4
2025-06-12 09:38:00,46.5
2025-06-12 21:30:00,24.0
2025-06-12 19:57:00,42.7
2025-06-12 20:51:00,49.560128956623686
2025-06-12 03:54:00,2.5
2025-06-12 10:50:00,49.560128956623686
2025-06-12 14:51:00,85.5
2025-06-12 13:08:00,31.9
2025-06-12 08:13:00,99.5
2025-06-12 15:52:00,85.5
2025-06-12 17:08:00,77.9
2025-06-12 09:13:00,22.7
2025-06-12 20:17:00,0.1
2025-06-12 13:17:00,80.7
2025-06-12 13:10:00,35.3
2025-06-12 23:30:00,9.0
2025-06-12 14:21:00,6.1
2025-06-12 06:41:00,4.3
2025-06-12 14:56:00,28.6
2025-06-12 01:03:00,96.9
2025-06-12 21:15:00,25.6
2025-06-12 21:29:00,49.560128956623686
2025-06-12 10:51:00,25.3
2025-06-12 16:25:00,69.4
2025-06-12 15:10:00,95.1
2025-06-12 22:10:00,49.2
2025-06-12 13:44:00,87.9
2025-06-12 10:26:00,58.1
2025-06-12 11:24:00,24.2
2025-06-12 11:55:00,93.3
2025-06-12 10:13:00,1.7
2025-06-12 00:36:00,2.9
2025-06-12 20:28:00,92.2
2025-06-12 17:41:00,19.9
2025-06-12 17:09:00,49.560128956623686
2025-06-12 08:26:00,24.1
2025-06-12 23:54:00,19.3
2025-06-12 23:11:00,22.1
2025-06-12 13:27:00,49.560128956623686
2025-06-12 15:01:00,50.2
2025-06-12 09:10:00,82.0
2025-06-12 03:21:00,44.0
2025-06-12 14:34:00,45.0
2025-06-12 05:43:00,18.3
2025-06-12 20:53:00,25.0
2025-06-12 01:43:00,64.1
2025-06-12 19:31:00,12.6
2025-06-12 21:38:00,49.560128956623686
2025-06-12 18:01:00,66.6
2025-06-12 00:53:00,53.3
2025-06-12 23:36:00,98.5
2025-06-12 13:41:00,40.2
2025-06-12 00:12:00,91.3
2025-06-12 15:29:00,76.7
2025-06-12 16:58:00,63.7
2025-06-12 08:22:00,49.560128956623686
2025-06-12 04:18:00,60.1
2025-06-12 09:05:00,49.9
2025-06-12 22:25:00,83.0
2025-06-12 20:39:00,35.7
2025-06-12 11:58:00,49.560128956623686
2025-06-12 23:43:00,46.2
2025-06-12 05:00:00,12.2
2025-06-12 22:35:00,23.0
2025-06-12 18:13:00,90.0
2025-06-12 04:22:00,31.9
2025-06-12 04:34:00,4.2
2025-06-12 05:46:00,58.9
2025-06-12 18:34:00,91.3
2025-06-12 03:20:00,59.3
2025-06-12 01:47:00,44.0
2025-06-12 03:42:00,56.9
2025-06-12 01:46:00,49.560128956623686
2025-06-12 21:31:00,36.9
2025-06-12 01:28:00,49.560128956623686
2025-06-12 04:37:00,20.8
2025-06-12 00:34:00,64.8
2025-06-12 16:55:00,88.8
2025-06-12 17:24:00,64.7
2025-06-12 13:46:00,4.8
2025-06-12 22:31:00,94.0
2025-06-12 07:14:00,29.2
2025-06-12 07:43:00,4.5
2025-06-12 02:26:00,14.8
2025-06-12 06:03:00,67.6
2025-06-12 11:07:00,75.3
2025-06-12 22:13:00,19.7
2025-06-12 08:17:00,83.3
2025-06-12 00:23:00,72.7
2025-06-12 02:53:00,41.7
2025-06-12 07:28:00,80.3
2025-06-12 06:28:00,7.4
2025-06-12 16:50:00,3.8
2025-06-12 02:58:00,50.10277843742579
2025-06-12 06:03:00,20.7
2025-06-12 13:07:00,8.4
2025-06-12 14:23:00,90.4
2025-06-12 23:50:00,51.4
2025-06-12 08:19:00,80.3
2025-06-12 09:34:00,30.5
2025-06-12 19:34:00,83.5
2025-06-12 23:00:00,50.10277843742579
2025-06-12 06:55:00,81.2
2025-06-12 06:31:00,74.7
2025-06-12 19:30:00,39.0
2025-06-12 15:44:00,48.7
2025-06-12 18:44:00,72.0
2025-06-12 04:51:00,41.8
2025-06-12 11:06:00,42.1
2025-06-12 00:37:00,14.1
2025-06-12 00:30:00,96.8
2025-06-12 04:42:00,79.8
2025-06-12 00:52:00,23.0
2025-06-12 16:30:00,24.0
2025-06-12 10:49:00,93.1
2025-06-12 08:49:00,55.1
2025-06-12 02:50:00,20.2
2025-06-12 18:32:00,50.10277843742579
2025-06-12 23:59:00,98.7
2025-06-12 11:02:00,68.2
2025-06-12 09:12:00,80.9
2025-06-12 05:40:00,63.6
2025-06-12 17:43:00,50.10277843742579
2025-06-12 10:35:00,7.9
2025-06-12 02:14:00,29.5
2025-06-12 10:20:00,22.7
2025-06-12 21:42:00,48.4
2025-06-12 00:47:00,71.3
2025-06-12 09:00:00,73.2
2025-06-12 14:08:00,34.5
2025-06-12 06:12:00,96.6
2025-06-12 22:18:00,94.8
2025-06-12 06:52:00,4.0
2025-06-12 06:43:00,50.10277843742579
2025-06-12 15:57:00,97.4
2025-06-12 19:35:00,83.8
2025-06-12 04:46:00,50.10277843742579
2025-06-12 23:34:00,86.4
2025-06-12 23:33:00,49.3
2025-06-12 11:18:00,59.2
2025-06-12 03:44:00,10.8
2025-06-12 03:53:00,5.2
2025-06-12 14:22:00,24.1
2025-06-12 17:22:00,79.0
2025-06-12 08:54:00,29.6
2025-06-12 15:04:00,18.7
2025-06-12 17:28:00,83.4
2025-06-12 10:11:00,2.2
2025-06-12 11:39:00,50.10277843742579
2025-06-12 18:09:00,33.4
2025-06-12 07:19:00,39.9
2025-06-12 04:06:00,33.1
2025-06-12 15:14:00,43.1
2025-06-12 01:30:00,16.1
2025-06-12 18:37:00,40.1
2025-06-12 16:11:00,50.10277843742579
2025-06-12 22:55:00,98.5
2025-06-12 05:03:00,84.5
2025-06-12 12:23:00,87.0
2025-06-12 20:07:00,16.1
2025-06-12 15:00:00,82.8
2025-06-12 04:54:00,50.10277843742579
2025-06-12 14:14:00,99.6
2025-06-12 04:46:00,26.4
2025-06-12 06:12:00,32.6
2025-06-12 03:22:00,46.1
2025-06-12 23:05:00,90.0
2025-06-12 19:08:00,56.7
2025-06-12 17:54:00,50.10277843742579
2025-06-12 22:16:00,50.10277843742579
2025-06-12 04:18:00,50.10277843742579
2025-06-12 15:27:00,50.10277843742579
2025-06-12 10:07:00,20.1
2025-06-12 06:03:00,66.3
2025-06-12 16:05:00,32.0
2025-06-12 18:39:00,8.6
2025-06-12 07:03:00,23.2
2025-06-12 03:49:00,15.4
2025-06-12 16:38:00,81.3
2025-06-12 12:49:00,36.2
2025-06-12 13:37:00,66.0
2025-06-12 14:51:00,18.6
2025-06-12 05:09:00,50.10277843742579
2025-06-12 04:36:00,50.10277843742579
2025-06-12 14:57:00,35.4
2025-06-12 19:38:00,50.10277843742579
2025-06-12 16:52:00,96.2
2025-06-12 08:52:00,80.8
2025-06-12 01:57:00,15.7
2025-06-12 12:06:00,78.5
2025-06-12 10:45:00,61.1
2025-06-12 09:18:00,36.9
2025-06-12 20:07:00,50.10277843742579
2025-06-12 02:47:00,65.1
2025-06-12 02:04:00,15.9
2025-06-12 01:24:00,34.7
2025-06-12 10:41:00,95.4
2025-06-12 04:41:00,7.6
2025-06-12 13:17:00,27.2
2025-06-12 03:55:00,50.10277843742579
2025-06-12 14:29:00,53.2
2025-06-12 05:16:00,42.5
2025-06-12 21:16:00,75.7
2025-06-12 09:49:00,83.4
2025-06-12 05:58:00,69.6
2025-06-12 10:22:00,42.8
2025-06-12 05:04:00,10.6
2025-06-12 14:59:00,86.2
2025-06-12 09:33:00,51.5
2025-06-12 22:59:00,39.7
2025-06-12 01:08:00,0.8
2025-06-12 07:48:00,4.5
2025-06-12 00:18:00,26.7
2025-06-12 22:31:00,31.3
2025-06-12 17:02:00,74.9
2025-06-12 07:06:00,45.5
2025-06-12 23:34:00,50.10277843742579
2025-06-12 00:16:00,50.10277843742579
2025-06-12 22:12:00,50.10277843742579
2025-06-12 18:55:00,50.10277843742579
2025-06-12 07:25:00,43.4
2025-06-12 14:07:00,84.5
2025-06-12 18:44:00,90.2
2025-06-12 02:09:00,97.9
2025-06-12 03:26:00,4.0
2025-06-12 10:37:00,86.7
2025-06-12 11:47:00,89.0
2025-06-12 21:50:00,95.5
2025-06-12 20:46:00,89.4
2025-06-12 11:12:00,4.8
2025-06-12 13:25:00,88.6
2025-06-12 14:21:00,50.10277843742579
2025-06-12 18:17:00,68.2
2025-06-12 02:36:00,50.10277843742579
2025-06-12 17:23:00,7.0
2025-06-12 16:09:00,71.0
2025-06-12 16:27:00,28.1
2025-06-12 12:07:00,15.9
2025-06-12 20:21:00,43.0
2025-06-12 19:58:00,64.5
2025-06-12 04:10:00,15.1
2025-06-12 01:09:00,45.2
2025-06-12 14:56:00,50.10277843742579
2025-06-12 18:46:00,50.10277843742579
2025-06-12 03:27:00,99.5
2025-06-12 05:48:00,12.9
2025-06-12 09:41:00,65.9
2025-06-12 11:12:00,3.5
2025-06-12 22:14:00,50.10277843742579
2025-06-12 07:31:00,49.5
2025-06-12 06:49:00,58.4
2025-06-12 04:36:00,55.2
2025-06-12 07:37:00,97.7
2025-06-12 06:59:00,70.7
2025-06-12 16:53:00,50.10277843742579
2025-06-12 04:59:00,13.9
2025-06-12 13:36:00,86.0
2025-06-12 21:27:00,50.10277843742579
2025-06-12 15:08:00,27.3
2025-06-12 05:54:00,50.10277843742579
2025-06-12 15:04:00,59.0
2025-06-12 05:58:00,27.8
2025-06-12 09:00:00,24.8
2025-06-12 08:07:00,26.4
2025-06-12 09:10:00,35.4
2025-06-12 00:01:00,50.10277843742579
2025-06-12 19:35:00,24.7
2025-06-12 21:20:00,10.6
2025-06-12 00:30:00,50.9
2025-06-12 20:56:00,43.3
2025-06-12 13:58:00,18.9
2025-06-12 16:01:00,50.10277843742579
2025-06-12 12:01:00,88.2
2025-06-12 09:15:00,75.7
2025-06-12 03:35:00,50.10277843742579
2025-06-12 03:33:00,97.5
2025-06-12 10:43:00,10.9
2025-06-12 13:33:00,49.7
2025-06-12 23:01:00,16.7
2025-06-12 12:15:00,13.4
2025-06-12 04:35:00,30.0
2025-06-12 07:11:00,35.4
2025-06-12 21:10:00,10.5
2025-06-12 19:00:00,60.4
2025-06-12 22:18:00,50.10277843742579
2025-06-12 14:26:00,50.10277843742579
2025-06-12 14:42:00,50.10277843742579
2025-06-12 12:37:00,48.3
2025-06-12 15:30:00,19.3
2025-06-12 12:36:00,26.7
2025-06-12 20:22:00,48.6
2025-06-12 00:28:00,7.2
2025-06-12 01:12:00,25.8
2025-06-12 12:22:00,43.2
2025-06-12 05:21:00,42.3
2025-06-12 09:09:00,50.10277843742579
2025-06-12 01:16:00,43.3
2025-06-12 22:50:00,19.4
2025-06-12 17:35:00,14.0
2025-06-12 16:44:00,6.6
2025-06-12 19:40:00,24.4
2025-06-12 06:11:00,68.7
2025-06-12 21:34:00,55.9
2025-06-12 22:45:00,50.10277843742579
2025-06-12 21:37:00,4.4
2025-06-12 23:25:00,85.6
2025-06-12 19:18:00,46.1
2025-06-12 15:56:00,15.9
2025-06-12 10:38:00,50.10277843742579
2025-06-12 07:48:00,85.9
2025-06-12 05:32:00,7.3
2025-06-12 07:54:00,39.8
2025-06-12 06:30:00,50.10277843742579
2025-06-12 06:31:00,53.6
2025-06-12 19:32:00,54.9
2025-06-12 11:53:00,36.8
2025-06-12 11:45:00,57.1
2025-06-12 15:53:00,2.6
2025-06-12 14:01:00,84.9
2025-06-12 19:49:00,85.3
2025-06-12 14:39:00,63.3
2025-06-12 14:39:00,39.2
2025-06-12 01:54:00,39.0
2025-06-12 10:48:00,65.3
2025-06-12 17:30:00,30.3
2025-06-12 13:03:00,50.10277843742579
2025-06-12 23:32:00,88.3
2025-06-12 06:48:00,11.1
2025-06-12 19:04:00,40.1
2025-06-12 23:07:00,46.2
2025-06-12 06:20:00,89.6
2025-06-12 13:39:00,93.2
2025-06-12 08:17:00,56.0
2025-06-12 23:49:00,98.0
2025-06-12 19:20:00,17.1
2025-06-12 21:50:00,65.2
2025-06-12 22:53:00,4.2
2025-06-12 01:51:00,50.10277843742579
2025-06-12 15:02:00,41.5
2025-06-12 22:57:00,40.0
2025-06-12 23:55:00,31.4
2025-06-12 20:01:00,53.2
2025-06-12 09:00:00,51.4
2025-06-12 17:01:00,7.2
2025-06-12 12:24:00,22.2
2025-06-12 12:01:00,7.4
2025-06-12 03:37:00,46.9
2025-06-12 20:48:00,53.0
2025-06-12 21:53:00,66.6
2025-06-12 00:23:00,82.3
2025-06-12 03:44:00,18.7
2025-06-12 17:31:00,84.3
2025-06-12 01:19:00,32.0
2025-06-12 03:39:00,50.10277843742579
2025-06-12 11:40:00,50.10277843742579
2025-06-12 14:14:00,58.7
2025-06-12 09:30:00,1.4
2025-06-12 15:35:00,15.2
2025-06-12 17:48:00,9.0
2025-06-12 08:54:00,16.4
2025-06-12 03:14:00,28.5
2025-06-12 10:36:00,50.10277843742579
2025-06-12 16:29:00,19.9
2025-06-12 13:30:00,13.9
2025-06-12 13:18:00,95.9
2025-06-12 11:46:00,24.5
2025-06-12 11:00:00,73.6
2025-06-12 03:03:00,87.5
2025-06-12 03:30:00,65.3
2025-06-12 00:11:00,24.3
2025-06-12 17:15:00,89.1
2025-06-12 13:16:00,12.4
2025-06-12 01:40:00,5.2
2025-06-12 17:10:00,50.10277843742579
2025-06-12 11:07:00,90.4
2025-06-12 05:27:00,50.10277843742579
2025-06-12 19:26:00,0.4
2025-06-12 13:31:00,50.10277843742579
2025-06-12 01:41:00,50.2
2025-06-12 20:40:00,75.6
2025-06-12 16:20:00,37.3
2025-06-12 00:47:00,95.0
2025-06-12 19:57:00,21.3
2025-06-12 21:37:00,65.2
2025-06-12 13:25:00,86.4
2025-06-12 05:35:00,50.10277843742579
2025-06-12 11:23:00,4.0
2025-06-12 21:22:00,59.5
2025-06-12 03:36:00,47.6
2025-06-12 07:22:00,14.7
2025-06-12 00:27:00,97.4
2025-06-12 19:30:00,96.2
2025-06-12 02:18:00,99.3
2025-06-12 00:22:00,30.8
2025-06-12 01:20:00,44.1
2025-06-12 23:08:00,61.3
2025-06-12 04:57:00,4.1
2025-06-12 18:15:00,15.9
2025-06-12 10:16:00,28.2
2025-06-12 22:20:00,37.3
2025-06-12 21:30:00,28.4
2025-06-12 11:56:00,32.1
2025-06-12 06:48:00,50.10277843742579
2025-06-12 15:31:00,64.6
2025-06-12 21:42:00,33.3
2025-06-12 01:16:00,96.3
2025-06-12 13:35:00,59.0
2025-06-12 00:26:00,29.7
2025-06-12 09:17:00,50.10277843742579
2025-06-12 00:51:00,96.8
2025-06-12 21:12:00,20.3
2025-06-12 03:25:00,57.0
2025-06-12 20:48:00,72.5
2025-06-12 00:00:00,18.7
2025-06-12 11:58:00,66.6
2025-06-12 03:07:00,17.4
2025-06-12 05:15:00,25.8
2025-06-12 22:21:00,75.1
2025-06-12 01:31:00,72.6
2025-06-12 13:52:00,62.7
2025-06-12 07:19:00,58.9
2025-06-12 09:08:00,19.8
2025-06-12 00:30:00,6.6
2025-06-12 18:42:00,35.1
2025-06-12 16:24:00,84.0
2025-06-12 08:39:00,18.1
2025-06-12 18:53:00,39.6
2025-06-12 21:00:00,39.6
2025-06-12 10:07:00,54.0
2025-06-12 07:10:00,19.1
2025-06-12 22:25:00,74.6
2025-06-12 13:59:00,53.6
2025-06-12 04:01:00,77.8
2025-06-12 09:10:00,49.2
2025-06-12 13:44:00,49.85036359371334
2025-06-12 14:32:00,13.6
2025-06-12 18:24:00,54.0
2025-06-12 06:30:00,30.8
2025-06-12 00:39:00,11.7
2025-06-12 13:19:00,14.4
2025-06-12 13:30:00,49.85036359371334
2025-06-12 00:42:00,37.5
2025-06-12 06:44:00,24.6
2025-06-12 02:27:00,83.2
2025-06-12 10:07:00,93.3
2025-06-12 12:00:00,96.9
2025-06-12 23:14:00,68.1
2025-06-12 18:53:00,28.8
2025-06-12 18:17:00,69.5
2025-06-12 06:36:00,49.85036359371334
2025-06-12 03:59:00,37.9
2025-06-12 05:00:00,75.8
2025-06-12 03:20:00,84.5
2025-06-12 23:23:00,21.0
2025-06-12 03:58:00,94.0
2025-06-12 03:57:00,41.9
2025-06-12 03:21:00,35.2
2025-06-12 16:10:00,49.85036359371334
2025-06-12 07:48:00,85.1
2025-06-12 17:57:00,57.2
2025-06-12 20:44:00,40.3
2025-06-12 06:58:00,49.85036359371334
2025-06-12 21:56:00,49.85036359371334
2025-06-12 12:52:00,12.7
2025-06-12 00:57:00,4.2
2025-06-12 12:55:00,49.85036359371334
2025-06-12 16:09:00,49.1
2025-06-12 07:32:00,60.8
2025-06-12 08:40:00,96.3
2025-06-12 23:20:00,80.7
2025-06-12 19:46:00,57.7
2025-06-12 03:59:00,39.0
2025-06-12 02:46:00,61.3
2025-06-12 22:19:00,37.5
2025-06-12 00:01:00,77.7
2025-06-12 06:31:00,39.4
2025-06-12 02:44:00,28.3
2025-06-12 03:47:00,96.8
2025-06-12 06:53:00,0.2
2025-06-12 21:18:00,14.6
2025-06-12 22:32:00,77.1
2025-06-12 09:35:00,98.9
2025-06-12 10:29:00,62.6
2025-06-12 18:55:00,22.0
2025-06-12 20:21:00,78.3
2025-06-12 05:35:00,70.6
2025-06-12 01:08:00,49.85036359371334
2025-06-12 07:44:00,49.85036359371334
2025-06-12 20:23:00,68.1
2025-06-12 10:21:00,67.2
2025-06-12 11:10:00,49.85036359371334
2025-06-12 19:33:00,63.9
2025-06-12 20:45:00,38.2
2025-06-12 09:54:00,10.2
2025-06-12 02:35:00,95.9
2025-06-12 03:21:00,3.6
2025-06-12 01:57:00,33.2
2025-06-12 16:18:00,49.85036359371334
2025-06-12 08:29:00,3.8
2025-06-12 07:06:00,36.2
2025-06-12 01:23:00,12.7
2025-06-12 18:43:00,84.3
2025-06-12 23:03:00,49.85036359371334
2025-06-12 21:54:00,2.0
2025-06-12 06:52:00,46.6
2025-06-12 17:20:00,49.85036359371334
2025-06-12 13:20:00,2.6
2025-06-12 04:45:00,49.85036359371334
2025-06-12 20:53:00,49.85036359371334
2025-06-12 10:49:00,18.2
2025-06-12 04:13:00,6.9
2025-06-12 22:03:00,93.5
2025-06-12 05:31:00,59.7
2025-06-12 22:38:00,51.5
2025-06-12 04:51:00,57.4
2025-06-12 16:03:00,49.85036359371334
2025-06-12 23:57:00,94.4
2025-06-12 03:14:00,50.0
2025-06-12 06:19:00,22.2
2025-06-12 15:14:00,84.8
2025-06-12 14:19:00,49.85036359371334
2025-06-12 22:25:00,91.0
2025-06-12 18:42:00,40.9
2025-06-12 09:26:00,21.1
2025-06-12 12:11:00,49.85036359371334
2025-06-12 01:19:00,33.0
2025-06-12 17:57:00,11.5
2025-06-12 16:27:00,29.9
2025-06-12 10:37:00,55.6
2025-06-12 00:03:00,79.1
2025-06-12 13:08:00,13.7
2025-06-12 22:15:00,49.85036359371334
2025-06-12 17:43:00,42.4
2025-06-12 08:36:00,49.85036359371334
2025-06-12 23:12:00,49.85036359371334
2025-06-12 20:15:00,49.85036359371334
2025-06-12 08:12:00,78.7
2025-06-12 13:24:00,90.8
2025-06-12 07:05:00,66.7
2025-06-12 06:52:00,40.0
2025-06-12 19:40:00,49.85036359371334
2025-06-12 03:40:00,74.4
2025-06-12 21:57:00,42.0
2025-06-12 15:57:00,38.3
2025-06-12 06:56:00,90.8
2025-06-12 00:14:00,46.5
2025-06-12 12:21:00,48.6
2025-06-12 11:25:00,56.5
2025-06-12 19:14:00,59.4
2025-06-12 15:54:00,6.4
2025-06-12 21:07:00,14.2
2025-06-12 04:49:00,84.2
2025-06-12 09:01:00,97.4
2025-06-12 20:38:00,79.9
2025-06-12 17:37:00,86.8
2025-06-12 07:35:00,22.5
2025-06-12 13:40:00,14.7
2025-06-12 17:08:00,41.5
2025-06-12 21:10:00,55.4
2025-06-12 01:13:00,88.4
2025-06-12 14:08:00,43.6
2025-06-12 15:07:00,52.1
2025-06-12 23:15:00,49.85036359371334
2025-06-12 09:08:00,5.3
2025-06-12 15:49:00,13.1
2025-06-12 06:14:00,14.6
2025-06-12 17:53:00,36.8
2025-06-12 02:20:00,49.85036359371334
2025-06-12 21:15:00,53.1
2025-06-12 02:50:00,14.0
2025-06-12 04:55:00,68.8
2025-06-12 07:53:00,87.0
2025-06-12 07:10:00,32.7
2025-06-12 06:26:00,21.5
2025-06-12 10:28:00,49.85036359371334
2025-06-12 19:12:00,99.7
2025-06-12 15:23:00,24.5
2025-06-12 14:44:00,29.0
2025-06-12 10:41:00,71.7
2025-06-12 13:50:00,74.9
2025-06-12 02:47:00,89.0
2025-06-12 01:21:00,10.1
2025-06-12 21:23:00,14.1
2025-06-12 07:37:00,22.5
2025-06-12 07:53:00,66.1
2025-06-12 13:45:00,86.5
2025-06-12 04:48:00,54.4
2025-06-12 08:09:00,16.2
2025-06-12 19:15:00,68.4
2025-06-12 00:42:00,3.9
2025-06-12 18:34:00,26.9
2025-06-12 02:18:00,29.0
2025-06-12 07:17:00,91.7
2025-06-12 12:20:00,39.9
2025-06-12 11:52:00,35.9
2025-06-12 18:01:00,6.8
2025-06-12 17:12:00,24.3
2025-06-12 01:17:00,99.2
2025-06-12 00:07:00,59.7
2025-06-12 19:40:00,49.85036359371334
2025-06-12 13:30:00,13.5
2025-06-12 19:25:00,42.3
2025-06-12 00:54:00,61.5
2025-06-12 08:14:00,29.2
2025-06-12 20:23:00,41.8
2025-06-12 23:43:00,49.85036359371334
2025-06-12 00:34:00,1.2
2025-06-12 14:16:00,68.8
2025-06-12 10:14:00,21.8
2025-06-12 04:04:00,94.4
2025-06-12 02:21:00,9.5
2025-06-12 06:17:00,26.6
2025-06-12 16:33:00,49.85036359371334
2025-06-12 14:29:00,37.2
2025-06-12 10:37:00,31.3
2025-06-12 20:36:00,52.6
2025-06-12 09:37:00,25.1
2025-06-12 10:21:00,17.5
2025-06-12 09:55:00,42.8
2025-06-12 17:14:00,12.1
2025-06-12 14:15:00,2.9
2025-06-12 14:17:00,49.85036359371334
2025-06-12 09:37:00,49.5
2025-06-12 23:28:00,24.3
2025-06-12 23:38:00,29.2
2025-06-12 04:52:00,10.8
2025-06-12 13:41:00,91.2
2025-06-12 20:28:00,13.6
2025-06-12 10:42:00,33.4
2025-06-12 08:04:00,65.5
2025-06-12 20:05:00,83.4
2025-06-12 15:23:00,37.2
2025-06-12 16:26:00,52.6
2025-06-12 19:23:00,49.85036359371334
2025-06-12 08:39:00,19.4
2025-06-12 09:00:00,13.6
2025-06-12 00:40:00,86.8
2025-06-12 16:15:00,18.2
2025-06-12 18:03:00,67.2
2025-06-12 01:10:00,79.1
2025-06-12 21:50:00,47.3
2025-06-12 07:16:00,9.2
2025-06-12 09:33:00,8.2
2025-06-12 12:40:00,1.8
2025-06-12 23:08:00,88.1
2025-06-12 06:19:00,87.0
2025-06-12 14:02:00,85.1
2025-06-12 08:15:00,60.8
2025-06-12 14:35:00,49.8
2025-06-12 18:20:00,49.85036359371334
2025-06-12 01:05:00,49.85036359371334
2025-06-12 16:25:00,53.0
2025-06-12 18:02:00,18.9
2025-06-12 12:47:00,10.2
2025-06-12 12:25:00,49.85036359371334
2025-06-12 14:09:00,51.5
2025-06-12 20:27:00,49.85036359371334
2025-06-12 08:57:00,64.6
2025-06-12 09:09:00,57.0
2025-06-12 06:09:00,83.9
2025-06-12 14:02:00,2.7
2025-06-12 12:36:00,71.1
2025-06-12 10:20:00,13.6
2025-06-12 22:42:00,96.8
2025-06-12 05:41:00,49.85036359371334
2025-06-12 04:04:00,80.9
2025-06-12 04:57:00,79.0
2025-06-12 21:32:00,49.85036359371334
2025-06-12 08:36:00,49.6
2025-06-12 22:18:00,76.2
2025-06-12 05:48:00,73.1
2025-06-12 08:09:00,49.85036359371334
2025-06-12 05:58:00,66.2
2025-06-12 01:23:00,28.9
2025-06-12 16:22:00,36.4
2025-06-12 15:59:00,79.1
2025-06-12 00:43:00,97.5
2025-06-12 21:39:00,33.5
2025-06-12 18:42:00,49.85036359371334
2025-06-12 13:48:00,93.4
2025-06-12 20:09:00,79.6
2025-06-12 03:55:00,75.4
2025-06-12 02:53:00,60.9
2025-06-12 23:25:00,51.2
2025-06-12 17:31:00,45.4
2025-06-12 00:33:00,35.0
2025-06-12 02:23:00,64.0
2025-06-12 00:21:00,56.4
2025-06-12 15:44:00,39.5
2025-06-12 04:12:00,28.1
2025-06-12 22:44:00,16.8
2025-06-12 07:45:00,17.9
2025-06-12 22:14:00,46.4
2025-06-12 18:58:00,33.0
2025-06-12 22:08:00,8.4
2025-06-12 15:45:00,94.0
2025-06-12 08:42:00,49.85036359371334
2025-06-12 21:01:00,97.4
2025-06-12 23:06:00,98.9
2025-06-12 20:09:00,64.2
2025-06-12 15:27:00,14.7
2025-06-12 08:19:00,41.0
2025-06-12 17:32:00,30.8
2025-06-12 10:26:00,57.4
2025-06-12 15:32:00,45.6
2025-06-12 11:26:00,68.5
2025-06-12 14:35:00,88.3
2025-06-12 04:19:00,49.85036359371334
2025-06-12 01:02:00,49.85036359371334
2025-06-12 12:44:00,94.2
2025-06-12 23:49:00,15.5
2025-06-12 19:15:00,25.8
2025-06-12 04:45:00,75.8
2025-06-12 02:56:00,49.85036359371334
2025-06-12 20:50:00,26.3
2025-06-12 09:53:00,3.2
2025-06-12 00:54:00,63.2
2025-06-12 19:28:00,9.6
2025-06-12 15:26:00,58.4
2025-06-12 00:30:00,39.5
2025-06-12 19:23:00,76.6
2025-06-12 10:13:00,25.9
2025-06-12 00:31:00,44.8
2025-06-12 15:37:00,51.2
2025-06-12 13:10:00,16.4
2025-06-12 07:05:00,0.5
2025-06-12 14:12:00,62.3
2025-06-12 03:18:00,18.6
2025-06-12 10:23:00,6.5
2025-06-12 03:51:00,49.85036359371334
2025-06-12 21:14:00,92.4
2025-06-12 12:20:00,70.2
2025-06-12 09:14:00,55.6
2025-06-12 06:14:00,34.4
2025-06-12 03:07:00,86.8
2025-06-12 08:23:00,72.8
2025-06-12 15:17:00,35.5
2025-06-12 05:33:00,31.6
2025-06-12 16:06:00,1.9
2025-06-12 23:59:00,78.7
2025-06-12 10:16:00,63.6
2025-06-12 00:25:00,28.5
2025-06-12 15:31:00,0.9
2025-06-12 08:12:00,65.3
2025-06-12 05:10:00,11.3
2025-06-12 03:12:00,26.1
2025-06-12 06:58:00,45.7
2025-06-12 06:03:00,68.6
2025-06-12 01:31:00,21.1
2025-06-12 20:50:00,42.2
2025-06-12 15:17:00,65.0
2025-06-12 13:18:00,49.85036359371334
2025-06-12 08:52:00,23.5
2025-06-12 12:34:00,40.8
2025-06-12 12:04:00,22.3
2025-06-12 03:57:00,74.2
2025-06-12 09:10:00,36.8
2025-06-12 10:28:00,56.5
2025-06-12 06:23:00,49.85036359371334
2025-06-12 13:35:00,63.7
2025-06-12 19:15:00,54.5
2025-06-12 08:36:00,39.5
2025-06-12 15:34:00,67.1
2025-06-12 04:03:00,77.7
2025-06-12 20:50:00,8.4
2025-06-12 07:40:00,19.1
2025-06-12 21:30:00,63.0
2025-06-12 03:36:00,40.9
2025-06-12 02:25:00,86.4
2025-06-12 07:34:00,1.3
2025-06-12 04:16:00,65.0
2025-06-12 01:02:00,21.6
2025-06-12 19:37:00,7.1
2025-06-12 11:08:00,39.3
2025-06-12 21:35:00,26.3
2025-06-12 23:21:00,29.0
2025-06-12 17:41:00,83.0
2025-06-12 01:25:00,49.85036359371334
2025-06-12 20:33:00,24.9
2025-06-12 04:43:00,5.5
2025-06-12 08:54:00,61.4
2025-06-12 19:45:00,99.1
2025-06-12 18:43:00,38.8
2025-06-12 13:22:00,14.1
2025-06-12 15:37:00,51.3
2025-06-12 04:07:00,19.6
2025-06-12 05:48:00,41.1
2025-06-12 01:36:00,25.2
2025-06-12 12:05:00,40.7
2025-06-12 02:21:00,16.3
2025-06-12 22:26:00,93.0
2025-06-12 17:30:00,100.0
2025-06-12 18:29:00,40.1
2025-06-12 02:15:00,68.8
2025-06-12 09:52:00,2.6
2025-06-12 23:16:00,8.2
2025-06-12 07:54:00,11.4
2025-06-12 13:24:00,37.4
2025-06-12 09:24:00,21.4
2025-06-12 08:42:00,51.3
2025-06-12 20:24:00,50.02337935876432
2025-06-12 02:25:00,93.4
2025-06-12 17:25:00,50.02337935876432
2025-06-12 15:36:00,71.3
2025-06-12 12:39:00,60.8
2025-06-12 11:25:00,54.0
2025-06-12 16:46:00,98.7
2025-06-12 02:25:00,18.7
2025-06-12 07:07:00,61.5
2025-06-12 02:09:00,12.5
2025-06-12 13:30:00,39.3
2025-06-12 03:07:00,16.8
2025-06-12 18:42:00,71.3
2025-06-12 19:57:00,50.02337935876432
2025-06-12 08:31:00,50.02337935876432
2025-06-12 12:35:00,7.9
2025-06-12 23:53:00,33.1
2025-06-12 08:34:00,50.02337935876432
2025-06-12 11:47:00,84.6
2025-06-12 12:52:00,33.0
2025-06-12 23:35:00,99.0
2025-06-12 18:49:00,4.6
2025-06-12 06:45:00,50.02337935876432
2025-06-12 08:04:00,58.6
2025-06-12 08:21:00,14.1
2025-06-12 07:26:00,6.1
2025-06-12 04:57:00,50.02337935876432
2025-06-12 18:10:00,52.3
2025-06-12 20:44:00,87.2
2025-06-12 10:39:00,27.2
2025-06-12 02:44:00,58.7
2025-06-12 01:33:00,17.8
2025-06-12 14:27:00,13.7
2025-06-12 16:27:00,94.5
2025-06-12 14:34:00,50.02337935876432
2025-06-12 01:48:00,50.02337935876432
2025-06-12 13:02:00,75.4
2025-06-12 23:08:00,50.02337935876432
2025-06-12 22:24:00,50.02337935876432
2025-06-12 15:53:00,50.02337935876432
2025-06-12 07:00:00,55.2
2025-06-12 09:49:00,14.3
2025-06-12 16:50:00,39.7
2025-06-12 14:35:00,73.9
2025-06-12 05:33:00,25.7
2025-06-12 13:42:00,82.3
2025-06-12 18:41:00,93.9
2025-06-12 05:20:00,62.3
2025-06-12 19:09:00,3.6
2025-06-12 18:05:00,9.5
2025-06-12 23:10:00,34.4
2025-06-12 10:53:00,50.02337935876432
2025-06-12 00:51:00,68.6
2025-06-12 22:25:00,29.0
2025-06-12 09:32:00,36.3
2025-06-12 20:59:00,50.02337935876432
2025-06-12 06:19:00,91.1
2025-06-12 01:17:00,50.02337935876432
2025-06-12 23:48:00,31.5
2025-06-12 12:21:00,47.1
2025-06-12 00:13:00,81.7
2025-06-12 04:40:00,82.1
2025-06-12 18:49:00,69.6
2025-06-12 03:13:00,54.2
2025-06-12 03:55:00,69.2
2025-06-12 09:23:00,92.6
2025-06-12 22:29:00,97.4
2025-06-12 07:48:00,40.8
2025-06-12 17:43:00,94.5
2025-06-12 18:06:00,76.4
2025-06-12 03:29:00,33.2
2025-06-12 02:15:00,17.7
2025-06-12 08:53:00,50.02337935876432
2025-06-12 14:02:00,78.5
2025-06-12 09:29:00,38.2
2025-06-12 06:43:00,50.02337935876432
2025-06-12 14:38:00,50.02337935876432
2025-06-12 09:08:00,61.1
2025-06-12 00:32:00,43.0
2025-06-12 02:57:00,46.8
2025-06-12 09:24:00,13.5
2025-06-12 21:10:00,10.3
2025-06-12 01:49:00,15.9
2025-06-12 07:04:00,46.8
2025-06-12 17:25:00,50.0
2025-06-12 01:28:00,77.0
2025-06-12 20:08:00,50.02337935876432
2025-06-12 08:26:00,81.0
2025-06-12 11:00:00,39.5
2025-06-12 15:27:00,80.7
2025-06-12 10:58:00,25.2
2025-06-12 06:25:00,12.3
2025-06-12 21:00:00,88.8
2025-06-12 09:55:00,44.5
2025-06-12 23:07:00,18.0
2025-06-12 23:51:00,1.5
2025-06-12 07:07:00,50.02337935876432
2025-06-12 05:58:00,13.4
2025-06-12 01:03:00,10.9
2025-06-12 02:54:00,50.02337935876432
2025-06-12 18:16:00,50.02337935876432
2025-06-12 09:11:00,73.3
2025-06-12 11:56:00,16.5
2025-06-12 04:26:00,56.1
2025-06-12 04:22:00,29.3
2025-06-12 00:36:00,50.02337935876432
2025-06-12 02:24:00,84.5
2025-06-12 21:56:00,34.6
2025-06-12 20:36:00,7.5
2025-06-12 14:40:00,96.7
2025-06-12 20:06:00,92.6
2025-06-12 21:30:00,50.02337935876432
2025-06-12 17:16:00,92.7
2025-06-12 10:18:00,91.1
2025-06-12 14:55:00,58.4
2025-06-12 20:06:00,76.0
2025-06-12 23:58:00,19.5
2025-06-12 15:19:00,77.6
2025-06-12 03:05:00,37.2
2025-06-12 10:01:00,72.2
2025-06-12 05:20:00,63.9
2025-06-12 11:13:00,21.4
2025-06-12 03:52:00,22.2
2025-06-12 08:32:00,54.0
2025-06-12 18:38:00,6.6
2025-06-12 21:51:00,97.9
2025-06-12 16:55:00,50.02337935876432
2025-06-12 04:30:00,50.02337935876432
2025-06-12 00:48:00,12.3
2025-06-12 06:53:00,23.7
2025-06-12 16:19:00,94.5
2025-06-12 03:05:00,26.4
2025-06-12 11:48:00,64.1
2025-06-12 19:53:00,86.8
2025-06-12 17:17:00,70.0
2025-06-12 21:46:00,84.5
2025-06-12 12:48:00,50.6
2025-06-12 06:20:00,4.7
2025-06-12 11:38:00,73.3
2025-06-12 14:07:00,28.7
2025-06-12 22:03:00,82.6
2025-06-12 14:06:00,49.6
2025-06-12 10:44:00,63.3
2025-06-12 14:59:00,80.3
2025-06-12 18:32:00,79.2
2025-06-12 08:01:00,8.6
2025-06-12 10:32:00,6.8
2025-06-12 01:54:00,50.02337935876432
2025-06-12 14:43:00,73.3
2025-06-12 06:14:00,89.4
2025-06-12 06:09:00,48.6
2025-06-12 16:44:00,26.7
2025-06-12 13:03:00,28.1
2025-06-12 06:07:00,18.4
2025-06-12 05:12:00,12.8
2025-06-12 02:07:00,93.8
2025-06-12 15:44:00,97.1
2025-06-12 19:36:00,76.8
2025-06-12 19:23:00,10.7
2025-06-12 16:54:00,16.8
2025-06-12 10:20:00,50.02337935876432
2025-06-12 18:22:00,50.02337935876432
2025-06-12 23:52:00,65.9
2025-06-12 06:50:00,62.7
2025-06-12 17:06:00,36.1
2025-06-12 11:38:00,69.7
2025-06-12 02:35:00,1.8
2025-06-12 11:40:00,93.5
2025-06-12 22:11:00,55.4
2025-06-12 04:15:00,56.5
2025-06-12 20:38:00,22.2
2025-06-12 11:24:00,66.3
2025-06-12 17:43:00,4.5
2025-06-12 17:26:00,13.1
2025-06-12 04:19:00,70.9
2025-06-12 02:41:00,42.7
2025-06-12 16:19:00,10.0
2025-06-12 20:56:00,92.9
2025-06-12 15:58:00,4.1
2025-06-12 21:30:00,56.9
2025-06-12 02:37:00,70.8
2025-06-12 12:03:00,47.2
2025-06-12 12:43:00,85.6
2025-06-12 04:28:00,21.1
2025-06-12 18:58:00,50.02337935876432
2025-06-12 01:03:00,84.3
2025-06-12 18:40:00,1.5
2025-06-12 18:17:00,6.0
2025-06-12 18:16:00,20.0
2025-06-12 18:31:00,10.9
2025-06-12 21:22:00,51.6
2025-06-12 06:42:00,28.3
2025-06-12 19:40:00,41.5
2025-06-12 05:31:00,50.02337935876432
2025-06-12 16:48:00,50.02337935876432
2025-06-12 03:37:00,77.6
2025-06-12 02:38:00,53.3
2025-06-12 17:51:00,19.1
2025-06-12 04:47:00,49.6
2025-06-12 10:27:00,50.02337935876432
2025-06-12 17:28:00,55.6
2025-06-12 18:56:00,83.9
2025-06-12 19:53:00,50.02337935876432
2025-06-12 03:31:00,50.02337935876432
2025-06-12 22:50:00,50.02337935876432
2025-06-12 12:49:00,35.1
2025-06-12 09:29:00,39.8
2025-06-12 05:18:00,50.02337935876432
2025-06-12 16:40:00,96.5
2025-06-12 20:44:00,78.1
2025-06-12 01:27:00,45.3
2025-06-12 00:32:00,89.8
2025-06-12 19:43:00,37.8
2025-06-12 08:28:00,22.6
2025-06-12 02:21:00,9.3
2025-06-12 03:58:00,22.4
2025-06-12 04:20:00,88.2
2025-06-12 21:44:00,94.8
2025-06-12 19:56:00,50.02337935876432
2025-06-12 19:36:00,2.1
2025-06-12 19:17:00,98.4
2025-06-12 05:22:00,50.02337935876432
2025-06-12 01:55:00,50.02337935876432
2025-06-12 02:12:00,50.02337935876432
2025-06-12 10:20:00,57.1
2025-06-12 02:11:00,50.02337935876432
2025-06-12 12:10:00,50.6
2025-06-12 17:11:00,68.5
2025-06-12 11:47:00,88.0
2025-06-12 05:51:00,6.0
2025-06-12 20:00:00,41.4
2025-06-12 13:36:00,64.9
2025-06-12 14:40:00,90.5
2025-06-12 04:14:00,99.4
2025-06-12 06:24:00,5.1
2025-06-12 08:26:00,3.8
2025-06-12 23:01:00,50.02337935876432
2025-06-12 09:20:00,50.02337935876432
2025-06-12 18:51:00,31.1
2025-06-12 02:57:00,60.3
2025-06-12 19:26:00,50.02337935876432
2025-06-12 14:42:00,8.1
2025-06-12 22:44:00,78.7
2025-06-12 15:41:00,98.4
2025-06-12 05:39:00,72.5
2025-06-12 15:50:00,73.1
2025-06-12 06:15:00,50.02337935876432
2025-06-12 14:03:00,99.3
2025-06-12 20:53:00,18.1
2025-06-12 16:33:00,79.0
2025-06-12 18:32:00,83.5
2025-06-12 02:12:00,95.1
2025-06-12 03:14:00,35.1
2025-06-12 05:25:00,50.02337935876432
2025-06-12 22:44:00,81.4
2025-06-12 08:33:00,50.02337935876432
2025-06-12 21:23:00,75.3
2025-06-12 08:58:00,50.02337935876432
2025-06-12 16:17:00,28.6
2025-06-12 00:54:00,59.3
2025-06-12 20:11:00,21.3
2025-06-12 21:36:00,78.6
2025-06-12 07:05:00,7.0
2025-06-12 11:56:00,72.2
2025-06-12 07:29:00,50.02337935876432
2025-06-12 19:36:00,97.4
2025-06-12 17:32:00,27.2
2025-06-12 10:58:00,31.0
2025-06-12 12:07:00,62.9
2025-06-12 12:47:00,83.4
2025-06-12 15:58:00,22.0
2025-06-12 09:58:00,50.02337935876432
2025-06-12 11:11:00,20.8
2025-06-12 22:46:00,14.5
2025-06-12 03:43:00,45.5
2025-06-12 18:27:00,83.8
2025-06-12 14:36:00,50.02337935876432
2025-06-12 00:41:00,50.02337935876432
2025-06-12 14:09:00,42.0
2025-06-12 10:18:00,94.4
2025-06-12 20:13:00,76.9
2025-06-12 11:19:00,75.6
2025-06-12 06:51:00,91.9
2025-06-12 21:28:00,93.8
2025-06-12 07:46:00,52.4
2025-06-12 22:46:00,45.8
2025-06-12 10:41:00,8.3
2025-06-12 12:15:00,43.7
2025-06-12 06:35:00,7.7
2025-06-12 23:17:00,79.5
2025-06-12 15:15:00,11.7
2025-06-12 09:45:00,4.3
2025-06-12 00:43:00,90.9
2025-06-12 02:32:00,37.5
2025-06-12 08:17:00,41.1
2025-06-12 10:09:00,93.7
2025-06-12 09:10:00,68.1
2025-06-12 22:51:00,53.8
2025-06-12 10:59:00,74.8
2025-06-12 12:01:00,52.0
2025-06-12 07:03:00,60.3
2025-06-12 20:55:00,22.2
2025-06-12 17:22:00,10.2
2025-06-12 17:46:00,9.9
2025-06-12 12:17:00,79.8
2025-06-12 14:59:00,44.4
2025-06-12 15:44:00,73.1
2025-06-12 18:23:00,47.4
2025-06-12 04:23:00,70.7
2025-06-12 02:48:00,4.3
2025-06-12 09:29:00,26.0
2025-06-12 19:13:00,5.2
2025-06-12 23:27:00,50.19809456598448
2025-06-12 13:08:00,98.9
2025-06-12 12:02:00,50.19809456598448
2025-06-12 19:11:00,23.6
2025-06-12 07:18:00,25.6
2025-06-12 16:23:00,39.4
2025-06-12 12:49:00,50.19809456598448
2025-06-12 11:31:00,29.9
2025-06-12 07:48:00,78.3
2025-06-12 05:45:00,72.0
2025-06-12 13:45:00,95.0
2025-06-12 00:45:00,2.9
2025-06-12 12:40:00,64.6
2025-06-12 05:33:00,33.5
2025-06-12 05:23:00,19.4
2025-06-12 14:24:00,51.1
2025-06-12 05:35:00,45.6
2025-06-12 06:08:00,42.0
2025-06-12 16:40:00,98.6
2025-06-12 16:15:00,15.5
2025-06-12 07:48:00,50.19809456598448
2025-06-12 14:50:00,76.2
2025-06-12 01:59:00,99.0
2025-06-12 02:58:00,99.9
2025-06-12 18:00:00,81.0
2025-06-12 19:54:00,24.9
2025-06-12 13:55:00,98.7
2025-06-12 15:19:00,50.19809456598448
2025-06-12 03:54:00,25.7
2025-06-12 11:22:00,67.6
2025-06-12 16:39:00,74.3
2025-06-12 03:49:00,46.3
2025-06-12 01:06:00,4.7
2025-06-12 06:29:00,16.9
2025-06-12 19:51:00,38.4
2025-06-12 22:16:00,24.0
2025-06-12 04:19:00,73.8
2025-06-12 17:58:00,34.6
2025-06-12 18:45:00,82.0
2025-06-12 03:33:00,8.3
2025-06-12 11:26:00,34.9
2025-06-12 18:18:00,66.4
2025-06-12 11:43:00,50.19809456598448
2025-06-12 22:17:00,58.7
2025-06-12 18:45:00,50.19809456598448
2025-06-12 03:50:00,50.19809456598448
2025-06-12 13:04:00,68.9
2025-06-12 18:45:00,93.0
2025-06-12 16:12:00,62.4
2025-06-12 02:41:00,37.2
2025-06-12 23:45:00,50.19809456598448
2025-06-12 19:14:00,8.5
2025-06-12 12:10:00,59.6
2025-06-12 01:12:00,69.0
2025-06-12 16:53:00,78.4
2025-06-12 11:45:00,19.0
2025-06-12 22:10:00,50.19809456598448
2025-06-12 21:24:00,71.2
2025-06-12 23:57:00,17.7
2025-06-12 02:14:00,69.8
2025-06-12 13:37:00,92.3
2025-06-12 18:05:00,62.9
2025-06-12 22:31:00,52.6
2025-06-12 00:42:00,50.19809456598448
2025-06-12 14:47:00,96.2
2025-06-12 14:50:00,19.6
2025-06-12 19:02:00,55.3
2025-06-12 09:29:00,23.7
2025-06-12 01:03:00,15.7
2025-06-12 09:52:00,57.2
2025-06-12 14:46:00,53.3
2025-06-12 05:08:00,84.0
2025-06-12 05:09:00,7.2
2025-06-12 10:52:00,55.3
2025-06-12 05:28:00,7.2
2025-06-12 22:33:00,17.1
2025-06-12 18:40:00,27.4
2025-06-12 04:24:00,7.1
2025-06-12 08:57:00,12.4
2025-06-12 01:12:00,29.0
2025-06-12 16:46:00,49.4
2025-06-12 07:25:00,71.6
2025-06-12 22:33:00,51.7
2025-06-12 06:11:00,12.4
2025-06-12 20:01:00,50.19809456598448
2025-06-12 07:19:00,66.4
2025-06-12 17:44:00,50.19809456598448
2025-06-12 22:11:00,25.6
2025-06-12 18:36:00,32.3
2025-06-12 14:56:00,51.0
2025-06-12 14:03:00,81.1
2025-06-12 12:47:00,46.2
2025-06-12 06:51:00,62.9
2025-06-12 06:17:00,28.6
2025-06-12 23:59:00,50.19809456598448
2025-06-12 16:12:00,90.5
2025-06-12 17:45:00,36.5
2025-06-12 16:22:00,8.6
2025-06-12 13:19:00,22.5
2025-06-12 18:42:00,74.5
2025-06-12 13:05:00,54.8
2025-06-12 02:41:00,50.19809456598448
2025-06-12 22:15:00,96.1
2025-06-12 22:48:00,9.4
2025-06-12 17:14:00,50.19809456598448
2025-06-12 17:24:00,70.2
2025-06-12 12:05:00,83.6
2025-06-12 20:26:00,16.7
2025-06-12 00:14:00,18.0
2025-06-12 23:33:00,50.19809456598448
2025-06-12 01:33:00,8.7
2025-06-12 13:00:00,81.1
2025-06-12 13:34:00,27.6
2025-06-12 13:46:00,50.19809456598448
2025-06-12 07:48:00,52.6
2025-06-12 06:14:00,76.8
2025-06-12 17:12:00,50.19809456598448
2025-06-12 23:19:00,5.2
2025-06-12 15:48:00,80.3
2025-06-12 12:04:00,60.9
2025-06-12 18:02:00,20.4
2025-06-12 03:25:00,65.5
2025-06-12 00:26:00,50.19809456598448
2025-06-12 13:52:00,33.0
2025-06-12 21:55:00,47.3
2025-06-12 14:08:00,74.9
2025-06-12 20:03:00,50.19809456598448
2025-06-12 19:11:00,49.0
2025-06-12 08:36:00,47.5
2025-06-12 23:02:00,99.2
2025-06-12 12:49:00,96.4
2025-06-12 07:39:00,53.4
2025-06-12 19:54:00,59.0
2025-06-12 01:55:00,85.0
2025-06-12 06:08:00,80.2
2025-06-12 14:34:00,60.2
2025-06-12 09:17:00,94.9
2025-06-12 11:38:00,5.4
2025-06-12 13:48:00,50.19809456598448
2025-06-12 08:07:00,40.4
2025-06-12 13:28:00,38.9
2025-06-12 19:16:00,33.5
2025-06-12 17:32:00,8.5
2025-06-12 13:04:00,50.19809456598448
2025-06-12 06:38:00,65.2
2025-06-12 14:24:00,17.5
2025-06-12 17:52:00,96.0
2025-06-12 06:23:00,48.9
2025-06-12 00:03:00,98.5
2025-06-12 08:12:00,32.2
2025-06-12 17:07:00,50.19809456598448
2025-06-12 21:32:00,31.1
2025-06-12 15:10:00,43.9
2025-06-12 01:57:00,50.19809456598448
2025-06-12 04:35:00,18.3
2025-06-12 21:47:00,45.2
2025-06-12 22:08:00,27.5
2025-06-12 16:58:00,50.19809456598448
2025-06-12 19:29:00,91.1
2025-06-12 09:46:00,12.2
2025-06-12 02:01:00,77.7
2025-06-12 07:07:00,85.6
2025-06-12 00:27:00,49.7
2025-06-12 14:00:00,7.4
2025-06-12 15:45:00,43.2
2025-06-12 10:54:00,58.8
2025-06-12 06:58:00,13.4
2025-06-12 23:39:00,72.7
2025-06-12 11:49:00,58.4
2025-06-12 16:03:00,69.8
2025-06-12 23:22:00,35.1
2025-06-12 21:16:00,77.8
2025-06-12 09:41:00,29.0
2025-06-12 01:51:00,50.19809456598448
2025-06-12 01:23:00,8.9
2025-06-12 20:53:00,98.6
2025-06-12 06:29:00,93.3
2025-06-12 20:29:00,32.7
2025-06-12 05:16:00,43.8
2025-06-12 09:32:00,44.3
2025-06-12 04:16:00,50.19809456598448
2025-06-12 16:43:00,60.6
2025-06-12 21:55:00,28.8
2025-06-12 18:08:00,28.1
2025-06-12 12:47:00,62.6
2025-06-12 00:41:00,36.7
2025-06-12 22:36:00,50.19809456598448
2025-06-12 11:05:00,82.4
2025-06-12 18:56:00,61.0
2025-06-12 00:31:00,89.9
2025-06-12 09:56:00,22.8
2025-06-12 21:24:00,47.4
2025-06-12 10:12:00,50.19809456598448
2025-06-12 06:32:00,9.7
2025-06-12 01:23:00,34.6
2025-06-12 21:13:00,50.19809456598448
2025-06-12 07:59:00,78.0
2025-06-12 06:45:00,74.8
2025-06-12 00:49:00,35.2
2025-06-12 11:06:00,79.8
2025-06-12 12:44:00,67.7
2025-06-12 01:21:00,71.3
2025-06-12 05:58:00,97.1
2025-06-12 11:19:00,64.8
2025-06-12 16:10:00,93.6
2025-06-12 01:32:00,97.3
2025-06-12 21:22:00,2.2
2025-06-12 08:50:00,50.19809456598448
2025-06-12 14:06:00,58.5
2025-06-12 19:41:00,33.7
2025-06-12 19:16:00,92.2
2025-06-12 15:08:00,50.19809456598448
2025-06-12 10:27:00,24.8
2025-06-12 06:56:00,47.0
2025-06-12 17:12:00,7.4
2025-06-12 05:49:00,89.2
2025-06-12 18:15:00,91.0
2025-06-12 03:48:00,69.3
2025-06-12 20:48:00,30.3
2025-06-12 18:15:00,24.5
2025-06-12 14:56:00,99.3
2025-06-12 05:51:00,29.1
2025-06-12 03:37:00,50.19809456598448
2025-06-12 03:22:00,25.9
2025-06-12 16:10:00,33.5
2025-06-12 06:54:00,97.6
2025-06-12 14:04:00,6.9
2025-06-12 19:05:00,37.9
2025-06-12 12:57:00,67.6
2025-06-12 21:59:00,46.1
2025-06-12 23:14:00,32.5
2025-06-12 11:35:00,20.7
2025-06-12 16:31:00,97.0
2025-06-12 21:17:00,53.4
2025-06-12 16:01:00,47.0
2025-06-12 07:48:00,12.4
2025-06-12 02:02:00,93.1
2025-06-12 00:12:00,36.9
2025-06-12 18:26:00,46.6
2025-06-12 21:54:00,51.4
2025-06-12 18:49:00,37.9
2025-06-12 06:39:00,61.4
2025-06-12 19:08:00,63.0
2025-06-12 18:33:00,99.2
2025-06-12 19:55:00,50.19809456598448
2025-06-12 13:36:00,50.19809456598448
2025-06-12 07:36:00,97.8
2025-06-12 20:21:00,51.9
2025-06-12 16:51:00,39.7
2025-06-12 10:25:00,50.19809456598448
2025-06-12 20:43:00,61.1
2025-06-12 22:47:00,50.19809456598448
2025-06-12 11:48:00,56.4
2025-06-12 02:48:00,82.2
2025-06-12 09:27:00,36.0
2025-06-12 01:37:00,62.0
2025-06-12 04:35:00,50.19809456598448
2025-06-12 20:47:00,39.2
2025-06-12 13:56:00,50.19809456598448
2025-06-12 02:16:00,0.6
2025-06-12 07:17:00,5.0
2025-06-12 04:44:00,45.1
2025-06-12 19:23:00,6.3
2025-06-12 09:54:00,79.1
2025-06-12 13:08:00,80.4
2025-06-12 09:26:00,18.7
2025-06-12 02:50:00,36.6
2025-06-12 05:31:00,76.5
2025-06-12 14:58:00,66.6
2025-06-12 04:15:00,50.19809456598448
2025-06-12 05:56:00,57.5
2025-06-12 03:01:00,8.2
2025-06-12 18:34:00,10.2
2025-06-12 09:37:00,3.7
2025-06-12 02:14:00,6.5
2025-06-12 10:41:00,50.19809456598448
2025-06-12 14:14:00,50.19809456598448
2025-06-12 07:03:00,53.5
2025-06-12 09:36:00,33.7
2025-06-12 03:57:00,81.8
2025-06-12 02:12:00,18.9
2025-06-12 12:17:00,50.19809456598448
2025-06-12 18:22:00,45.6
2025-06-12 02:49:00,16.1
2025-06-12 20:47:00,50.19809456598448
2025-06-12 05:04:00,24.1
2025-06-12 08:56:00,78.4
2025-06-12 14:59:00,19.2
2025-06-12 00:39:00,50.19809456598448
2025-06-12 08:27:00,12.6
2025-06-12 04:48:00,50.19809456598448
2025-06-12 03:08:00,19.3
2025-06-12 14:43:00,39.3
2025-06-12 03:04:00,71.1
2025-06-12 18:20:00,73.9
2025-06-12 10:34:00,32.4
2025-06-12 16:38:00,3.9
2025-06-12 16:23:00,95.9
2025-06-12 12:40:00,25.3
2025-06-12 07:40:00,36.1
2025-06-12 13:17:00,50.19809456598448
2025-06-12 12:23:00,47.6
2025-06-12 21:04:00,50.19809456598448
2025-06-12 17:03:00,33.5
2025-06-12 19:33:00,47.3
2025-06-12 10:10:00,59.9
2025-06-12 21:11:00,57.7
2025-06-12 01:54:00,10.5
2025-06-12 16:11:00,84.9
2025-06-12 14:41:00,45.9
2025-06-12 20:48:00,80.5
2025-06-12 10:24:00,83.0
2025-06-12 22:13:00,5.4
2025-06-12 08:21:00,52.5
2025-06-12 05:59:00,80.5
2025-06-12 06:31:00,74.1
2025-06-12 16:14:00,56.0
2025-06-12 04:38:00,66.7
2025-06-12 16:18:00,80.9
2025-06-12 07:58:00,88.7
2025-06-12 01:47:00,49.54486036141751
2025-06-12 14:20:00,89.8
2025-06-12 18:34:00,53.7
2025-06-12 08:35:00,55.5
2025-06-12 12:23:00,96.3
2025-06-12 01:46:00,30.3
2025-06-12 20:29:00,51.2
2025-06-12 12:18:00,26.8
2025-06-12 12:38:00,66.1
2025-06-12 07:21:00,31.5
2025-06-12 16:31:00,90.4
2025-06-12 02:19:00,90.2
2025-06-12 05:49:00,91.5
2025-06-12 23:21:00,4.2
2025-06-12 10:13:00,23.1
2025-06-12 15:19:00,74.2
2025-06-12 23:25:00,32.3
2025-06-12 02:01:00,86.9
2025-06-12 13:40:00,59.8
2025-06-12 05:55:00,98.7
2025-06-12 10:00:00,93.1
2025-06-12 14:42:00,96.0
2025-06-12 11:45:00,17.1
2025-06-12 06:30:00,50.8
2025-06-12 03:27:00,49.54486036141751
2025-06-12 16:29:00,85.8
2025-06-12 20:48:00,33.2
2025-06-12 11:23:00,89.1
2025-06-12 23:37:00,49.54486036141751
2025-06-12 02:09:00,51.3
2025-06-12 00:45:00,47.6
2025-06-12 15:32:00,61.0
2025-06-12 03:28:00,65.9
2025-06-12 00:59:00,11.0
2025-06-12 09:08:00,87.3
2025-06-12 05:51:00,90.6
2025-06-12 00:49:00,83.2
2025-06-12 14:40:00,77.1
2025-06-12 20:38:00,49.54486036141751
2025-06-12 02:16:00,20.3
2025-06-12 04:30:00,8.9
2025-06-12 07:47:00,81.0
2025-06-12 14:47:00,71.5
2025-06-12 06:49:00,23.2
2025-06-12 02:41:00,72.8
2025-06-12 01:41:00,89.2
2025-06-12 08:05:00,65.7
2025-06-12 23:52:00,61.3
2025-06-12 14:07:00,43.7
2025-06-12 18:05:00,0.2
2025-06-12 08:52:00,49.54486036141751
2025-06-12 16:52:00,23.0
2025-06-12 13:46:00,35.4
2025-06-12 19:35:00,9.1
2025-06-12 05:22:00,57.4
2025-06-12 05:34:00,19.9
2025-06-12 21:05:00,23.1
2025-06-12 05:18:00,24.9
2025-06-12 21:08:00,62.7
2025-06-12 21:22:00,84.2
2025-06-12 12:15:00,66.4
2025-06-12 18:26:00,60.0
2025-06-12 06:27:00,49.54486036141751
2025-06-12 11:01:00,78.5
2025-06-12 09:43:00,24.8
2025-06-12 18:20:00,78.5
2025-06-12 15:41:00,25.2
2025-06-12 20:25:00,71.1
2025-06-12 23:01:00,27.1
2025-06-12 17:13:00,29.4
2025-06-12 10:08:00,49.54486036141751
2025-06-12 11:07:00,49.54486036141751
2025-06-12 09:40:00,47.6
2025-06-12 09:21:00,49.54486036141751
2025-06-12 05:22:00,69.0
2025-06-12 13:20:00,98.1
2025-06-12 15:37:00,41.4
2025-06-12 17:46:00,3.6
2025-06-12 20:25:00,61.2
2025-06-12 23:41:00,51.8
2025-06-12 18:28:00,84.4
2025-06-12 12:36:00,68.2
2025-06-12 23:07:00,19.8
2025-06-12 10:05:00,40.0
2025-06-12 09:20:00,60.7
2025-06-12 18:00:00,49.1
2025-06-12 04:33:00,96.3
2025-06-12 15:58:00,30.1
2025-06-12 15:12:00,17.6
2025-06-12 23:13:00,21.1
2025-06-12 07:27:00,95.4
2025-06-12 22:27:00,64.1
2025-06-12 07:48:00,91.8
2025-06-12 15:44:00,45.2
2025-06-12 10:44:00,47.2
2025-06-12 09:31:00,49.54486036141751
2025-06-12 12:07:00,4.2
2025-06-12 21:40:00,10.0
2025-06-12 17:18:00,48.0
2025-06-12 23:40:00,59.9
2025-06-12 18:58:00,49.54486036141751
2025-06-12 16:28:00,46.4
2025-06-12 02:03:00,52.6
2025-06-12 02:01:00,17.4
2025-06-12 15:47:00,56.0
2025-06-12 13:33:00,14.0
2025-06-12 09:14:00,58.8
2025-06-12 05:37:00,2.0
2025-06-12 09:50:00,49.54486036141751
2025-06-12 13:07:00,75.2
2025-06-12 03:11:00,49.54486036141751
2025-06-12 08:05:00,85.3
2025-06-12 13:32:00,84.0
2025-06-12 07:11:00,20.5
2025-06-12 16:12:00,29.1
2025-06-12 08:51:00,43.2
2025-06-12 21:04:00,69.9
2025-06-12 21:47:00,42.7
2025-06-12 13:28:00,21.8
2025-06-12 13:59:00,49.6
2025-06-12 01:23:00,64.7
2025-06-12 17:27:00,28.7
2025-06-12 00:24:00,22.3
2025-06-12 01:50:00,39.7
2025-06-12 12:51:00,85.5
2025-06-12 06:44:00,64.0
2025-06-12 00:39:00,49.54486036141751
2025-06-12 20:02:00,49.54486036141751
2025-06-12 11:50:00,49.54486036141751
2025-06-12 05:11:00,17.9
2025-06-12 04:01:00,36.3
2025-06-12 12:50:00,71.1
2025-06-12 02:00:00,3.6
2025-06-12 21:27:00,60.0
2025-06-12 12:45:00,49.54486036141751
2025-06-12 18:41:00,88.0
2025-06-12 17:50:00,39.0
2025-06-12 20:54:00,88.4
2025-06-12 00:32:00,63.7
2025-06-12 06:02:00,80.4
2025-06-12 06:10:00,99.4
2025-06-12 10:30:00,58.0
2025-06-12 00:24:00,56.8
2025-06-12 02:50:00,0.4
2025-06-12 09:01:00,52.7
2025-06-12 12:07:00,8.0
2025-06-12 15:14:00,86.6
2025-06-12 06:13:00,42.1
2025-06-12 15:04:00,7.9
2025-06-12 21:26:00,31.9
2025-06-12 16:03:00,34.7
2025-06-12 11:27:00,13.8
2025-06-12 07:34:00,65.4
2025-06-12 04:16:00,83.9
2025-06-12 18:09:00,12.7
2025-06-12 01:42:00,50.5
2025-06-12 16:53:00,17.2
2025-06-12 17:42:00,92.4
2025-06-12 03:31:00,23.1
2025-06-12 11:11:00,19.4
2025-06-12 14:41:00,96.4
2025-06-12 21:32:00,21.1
2025-06-12 13:08:00,49.54486036141751
2025-06-12 19:05:00,49.54486036141751
2025-06-12 06:47:00,88.5
2025-06-12 07:58:00,38.2
2025-06-12 06:00:00,15.2
2025-06-12 19:53:00,31.2
2025-06-12 00:48:00,80.5
2025-06-12 03:24:00,37.2
2025-06-12 09:37:00,29.7
2025-06-12 22:33:00,29.5
2025-06-12 09:00:00,1.0
2025-06-12 15:43:00,25.2
2025-06-12 07:51:00,49.54486036141751
2025-06-12 00:09:00,13.1
2025-06-12 18:45:00,90.9
2025-06-12 12:14:00,48.8
2025-06-12 21:14:00,49.54486036141751
2025-06-12 21:43:00,59.3
2025-06-12 16:48:00,99.5
2025-06-12 17:35:00,49.54486036141751
2025-06-12 20:55:00,49.54486036141751
2025-06-12 14:46:00,88.8
2025-06-12 07:58:00,85.2
2025-06-12 21:28:00,18.7
2025-06-12 19:18:00,47.2
2025-06-12 23:21:00,99.1
2025-06-12 02:36:00,35.7
2025-06-12 07:59:00,5.8
2025-06-12 02:49:00,75.1
2025-06-12 07:54:00,72.0
2025-06-12 04:14:00,57.8
2025-06-12 23:24:00,36.5
2025-06-12 00:55:00,98.9
2025-06-12 19:14:00,60.9
2025-06-12 07:14:00,8.4
2025-06-12 02:58:00,4.1
2025-06-12 13:05:00,46.4
2025-06-12 07:00:00,28.3
2025-06-12 21:29:00,94.9
2025-06-12 07:40:00,48.5
2025-06-12 21:27:00,49.54486036141751
2025-06-12 07:47:00,79.2
2025-06-12 01:54:00,6.5
2025-06-12 06:04:00,29.0
2025-06-12 10:26:00,90.3
2025-06-12 08:35:00,93.4
2025-06-12 17:50:00,31.4
2025-06-12 07:03:00,68.9
2025-06-12 01:24:00,84.0
2025-06-12 23:59:00,13.9
2025-06-12 00:56:00,58.2
2025-06-12 00:14:00,80.0
2025-06-12 16:06:00,41.3
2025-06-12 08:04:00,13.2
2025-06-12 19:50:00,22.9
2025-06-12 08:33:00,0.3
2025-06-12 17:38:00,85.4
2025-06-12 12:45:00,91.8
2025-06-12 09:37:00,54.9
2025-06-12 22:14:00,32.0
2025-06-12 21:17:00,93.0
2025-06-12 12:00:00,60.7
2025-06-12 13:10:00,53.1
2025-06-12 16:49:00,39.3
2025-06-12 21:35:00,10.2
2025-06-12 04:35:00,14.0
2025-06-12 20:17:00,56.7
2025-06-12 22:06:00,69.8
2025-06-12 02:40:00,97.1
2025-06-12 07:06:00,6.1
2025-06-12 17:09:00,20.3
2025-06-12 14:22:00,80.2
2025-06-12 10:51:00,80.7
2025-06-12 06:07:00,53.7
2025-06-12 09:22:00,49.54486036141751
2025-06-12 05:13:00,49.54486036141751
2025-06-12 17:00:00,62.5
2025-06-12 08:25:00,59.3
2025-06-12 22:16:00,80.0
2025-06-12 00:58:00,28.4
2025-06-12 23:19:00,49.54486036141751
2025-06-12 04:08:00,49.54486036141751
2025-06-12 07:22:00,33.2
2025-06-12 00:44:00,49.54486036141751
2025-06-12 14:54:00,94.6
2025-06-12 10:22:00,69.6
2025-06-12 16:38:00,12.2
2025-06-12 08:21:00,36.3
2025-06-12 05:40:00,49.54486036141751
2025-06-12 05:00:00,72.4
2025-06-12 00:15:00,19.2
2025-06-12 21:58:00,98.5
2025-06-12 02:07:00,89.2
2025-06-12 09:51:00,49.54486036141751
2025-06-12 12:41:00,63.3
2025-06-12 09:46:00,16.2
2025-06-12 23:07:00,74.3
2025-06-12 13:07:00,53.0
2025-06-12 10:57:00,20.5
2025-06-12 00:31:00,49.54486036141751
2025-06-12 17:18:00,3.5
2025-06-12 16:11:00,44.3
2025-06-12 07:17:00,3.1
2025-06-12 00:24:00,21.4
2025-06-12 20:32:00,47.1
2025-06-12 18:53:00,66.1
2025-06-12 19:05:00,17.3
2025-06-12 20:57:00,43.2
2025-06-12 13:25:00,83.7
2025-06-12 07:23:00,50.1
2025-06-12 13:30:00,62.1
2025-06-12 04:20:00,90.2
2025-06-12 06:28:00,52.4
2025-06-12 18:20:00,1.5
2025-06-12 06:24:00,76.9
2025-06-12 17:04:00,49.54486036141751
2025-06-12 18:38:00,71.7
2025-06-12 13:04:00,67.7
2025-06-12 15:00:00,55.1
2025-06-12 18:04:00,85.4
2025-06-12 07:52:00,47.4
2025-06-12 01:08:00,49.54486036141751
2025-06-12 23:12:00,49.54486036141751
2025-06-12 02:46:00,49.54486036141751
2025-06-12 01:53:00,49.54486036141751
2025-06-12 01:38:00,88.4
2025-06-12 08:00:00,32.1
2025-06-12 00:56:00,81.7
2025-06-12 10:38:00,52.9
2025-06-12 07:09:00,74.0
2025-06-12 22:07:00,41.5
2025-06-12 23:14:00,96.4
2025-06-12 05:05:00,18.0
2025-06-12 13:31:00,32.8
2025-06-12 15:54:00,8.1
2025-06-12 08:22:00,58.1
2025-06-12 03:03:00,45.7
2025-06-12 19:29:00,74.3
2025-06-12 00:22:00,17.6
2025-06-12 20:39:00,21.3
2025-06-12 06:13:00,10.5
2025-06-12 12:47:00,55.0
2025-06-12 21:27:00,93.5
2025-06-12 08:27:00,50.136426804852206
2025-06-12 23:09:00,4.7
2025-06-12 11:52:00,1.2
2025-06-12 09:04:00,50.136426804852206
2025-06-12 17:37:00,40.3
2025-06-12 13:52:00,92.2
2025-06-12 17:35:00,76.0
2025-06-12 11:51:00,49.1
2025-06-12 13:21:00,54.0
2025-06-12 23:01:00,46.9
2025-06-12 06:23:00,17.7
2025-06-12 02:29:00,73.7
2025-06-12 05:18:00,85.0
2025-06-12 15:36:00,19.5
2025-06-12 12:49:00,43.4
2025-06-12 00:53:00,50.136426804852206
2025-06-12 01:39:00,74.8
2025-06-12 07:48:00,42.1
2025-06-12 02:26:00,21.4
2025-06-12 04:17:00,50.136426804852206
2025-06-12 01:46:00,62.2
2025-06-12 19:21:00,16.9
2025-06-12 21:41:00,50.136426804852206
2025-06-12 12:13:00,0.0
2025-06-12 16:36:00,64.4
2025-06-12 08:06:00,22.1
2025-06-12 21:47:00,64.7
2025-06-12 23:48:00,87.1
2025-06-12 07:06:00,50.136426804852206
2025-06-12 00:38:00,28.6
2025-06-12 15:25:00,52.2
2025-06-12 21:19:00,16.6
2025-06-12 11:56:00,9.9
2025-06-12 15:28:00,50.8
2025-06-12 04:25:00,70.0
2025-06-12 07:57:00,60.0
2025-06-12 00:19:00,28.1
2025-06-12 18:14:00,95.8
2025-06-12 15:32:00,46.0
2025-06-12 02:33:00,19.9
2025-06-12 18:25:00,74.6
2025-06-12 05:05:00,14.1
2025-06-12 15:49:00,81.4
2025-06-12 16:28:00,11.5
2025-06-12 11:10:00,94.2
2025-06-12 00:02:00,42.8
2025-06-12 02:12:00,90.3
2025-06-12 18:07:00,18.3
2025-06-12 10:58:00,71.3
2025-06-12 21:27:00,3.5
2025-06-12 23:02:00,50.136426804852206
2025-06-12 03:34:00,50.136426804852206
2025-06-12 01:52:00,90.6
2025-06-12 11:50:00,50.136426804852206
2025-06-12 17:31:00,50.136426804852206
2025-06-12 16:22:00,46.9
2025-06-12 20:10:00,13.0
2025-06-12 23:03:00,50.136426804852206
2025-06-12 00:59:00,17.7
2025-06-12 23:38:00,28.5
2025-06-12 06:32:00,92.1
2025-06-12 17:53:00,92.2
2025-06-12 21:27:00,69.9
2025-06-12 06:00:00,60.3
2025-06-12 10:59:00,50.136426804852206
2025-06-12 16:39:00,77.4
2025-06-12 23:22:00,89.5
2025-06-12 11:06:00,50.136426804852206
2025-06-12 02:21:00,22.6
2025-06-12 07:42:00,9.1
2025-06-12 17:38:00,70.5
2025-06-12 19:01:00,50.136426804852206
2025-06-12 07:50:00,90.6
2025-06-12 19:25:00,74.7
2025-06-12 22:07:00,50.136426804852206
2025-06-12 03:33:00,90.1
2025-06-12 11:37:00,82.9
2025-06-12 11:39:00,17.1
2025-06-12 21:17:00,91.4
2025-06-12 00:36:00,42.2
2025-06-12 08:53:00,64.4
2025-06-12 22:32:00,50.136426804852206
2025-06-12 22:50:00,72.7
2025-06-12 10:21:00,48.3
2025-06-12 04:43:00,39.6
2025-06-12 15:31:00,20.0
2025-06-12 17:46:00,6.0
2025-06-12 09:53:00,50.136426804852206
2025-06-12 16:20:00,57.4
2025-06-12 03:24:00,8.6
2025-06-12 22:48:00,50.136426804852206
2025-06-12 01:04:00,42.7
2025-06-12 18:55:00,34.4
2025-06-12 12:33:00,50.136426804852206
2025-06-12 18:51:00,40.5
2025-06-12 14:33:00,81.0
2025-06-12 10:45:00,50.136426804852206
2025-06-12 09:08:00,91.3
2025-06-12 22:59:00,90.5
2025-06-12 08:33:00,35.7
2025-06-12 12:57:00,48.8
2025-06-12 16:33:00,66.7
2025-06-12 16:59:00,96.5
2025-06-12 00:35:00,72.5
2025-06-12 19:06:00,59.6
2025-06-12 15:34:00,35.1
2025-06-12 10:02:00,10.2
2025-06-12 00:04:00,27.1
2025-06-12 20:32:00,87.7
2025-06-12 08:28:00,77.1
2025-06-12 15:09:00,92.6
2025-06-12 11:05:00,90.3
2025-06-12 13:31:00,97.3
2025-06-12 03:16:00,78.1
2025-06-12 07:29:00,50.136426804852206
2025-06-12 06:59:00,96.0
2025-06-12 21:33:00,7.7
2025-06-12 06:47:00,15.5
2025-06-12 02:41:00,72.9
2025-06-12 23:41:00,76.5
2025-06-12 03:14:00,11.0
2025-06-12 13:51:00,88.2
2025-06-12 04:38:00,4.5
2025-06-12 15:16:00,70.7
2025-06-12 18:03:00,50.136426804852206
2025-06-12 20:02:00,71.7
2025-06-12 03:13:00,49.9
2025-06-12 05:27:00,4.4
2025-06-12 14:12:00,68.2
2025-06-12 22:48:00,12.0
2025-06-12 00:29:00,50.136426804852206
2025-06-12 11:20:00,50.136426804852206
2025-06-12 22:21:00,24.9
2025-06-12 01:40:00,50.136426804852206
2025-06-12 21:58:00,82.2
2025-06-12 01:01:00,65.2
2025-06-12 19:33:00,42.1
2025-06-12 16:42:00,59.3
2025-06-12 04:02:00,50.136426804852206
2025-06-12 00:05:00,70.5
2025-06-12 04:11:00,4.9
2025-06-12 00:48:00,43.4
2025-06-12 06:47:00,20.0
2025-06-12 21:27:00,94.7
2025-06-12 18:11:00,50.136426804852206
2025-06-12 18:00:00,61.0
2025-06-12 15:39:00,4.6
2025-06-12 01:30:00,62.5
2025-06-12 15:34:00,57.5
2025-06-12 06:25:00,50.136426804852206
2025-06-12 20:04:00,24.4
2025-06-12 06:19:00,84.3
2025-06-12 09:13:00,11.1
2025-06-12 04:32:00,57.8
2025-06-12 07:26:00,43.8
2025-06-12 06:40:00,69.9
2025-06-12 00:36:00,43.1
2025-06-12 23:17:00,63.0
2025-06-12 18:54:00,49.9
2025-06-12 11:58:00,41.8
2025-06-12 10:03:00,76.4
2025-06-12 12:45:00,45.6
2025-06-12 21:38:00,35.2
2025-06-12 00:17:00,54.3
2025-06-12 11:06:00,23.7
2025-06-12 05:08:00,83.6
2025-06-12 14:33:00,55.0
2025-06-12 19:02:00,64.1
2025-06-12 20:17:00,78.4
2025-06-12 04:11:00,23.6
2025-06-12 10:35:00,27.0
2025-06-12 10:09:00,50.136426804852206
2025-06-12 16:17:00,85.2
2025-06-12 04:41:00,50.136426804852206
2025-06-12 17:13:00,4.0
2025-06-12 21:54:00,96.8
2025-06-12 14:03:00,44.5
2025-06-12 21:45:00,21.3
2025-06-12 10:36:00,30.6
2025-06-12 09:51:00,74.1
2025-06-12 22:16:00,80.4
2025-06-12 15:35:00,42.2
2025-06-12 15:09:00,2.6
2025-06-12 03:30:00,88.8
2025-06-12 16:39:00,34.5
2025-06-12 07:00:00,42.2
2025-06-12 08:57:00,85.4
2025-06-12 07:14:00,50.136426804852206
2025-06-12 02:08:00,49.1
2025-06-12 19:34:00,44.0
2025-06-12 17:42:00,50.136426804852206
2025-06-12 08:51:00,42.1
2025-06-12 18:33:00,93.6
2025-06-12 21:39:00,79.9
2025-06-12 17:59:00,75.2
2025-06-12 01:07:00,94.9
2025-06-12 00:09:00,50.136426804852206
2025-06-12 16:49:00,59.0
2025-06-12 17:21:00,7.8
2025-06-12 03:19:00,50.136426804852206
2025-06-12 20:05:00,55.6
2025-06-12 23:14:00,50.136426804852206
2025-06-12 13:08:00,62.5
2025-06-12 04:17:00,2.3
2025-06-12 17:25:00,72.1
2025-06-12 01:48:00,50.136426804852206
2025-06-12 05:16:00,27.5
2025-06-12 03:44:00,50.136426804852206
2025-06-12 05:42:00,50.136426804852206
2025-06-12 21:49:00,36.1
2025-06-12 13:07:00,17.5
2025-06-12 09:21:00,15.4
2025-06-12 07:00:00,4.9
2025-06-12 23:21:00,52.5
2025-06-12 08:57:00,32.0
2025-06-12 05:32:00,59.0
2025-06-12 15:25:00,5.0
2025-06-12 16:22:00,3.5
2025-06-12 17:38:00,98.7
2025-06-12 05:54:00,1.8
2025-06-12 17:55:00,30.8
2025-06-12 01:42:00,49.9
2025-06-12 18:24:00,43.1
2025-06-12 23:43:00,50.136426804852206
2025-06-12 05:12:00,67.3
2025-06-12 12:40:00,25.7
2025-06-12 19:57:00,90.4
2025-06-12 04:16:00,50.136426804852206
2025-06-12 12:11:00,23.4
2025-06-12 01:45:00,50.9
2025-06-12 07:51:00,14.3
2025-06-12 17:15:00,50.136426804852206
2025-06-12 10:03:00,31.6
2025-06-12 05:36:00,88.2
2025-06-12 13:33:00,50.136426804852206
2025-06-12 00:02:00,13.0
2025-06-12 12:06:00,48.0
2025-06-12 10:54:00,50.136426804852206
2025-06-12 17:32:00,26.6
2025-06-12 19:12:00,58.6
2025-06-12 07:53:00,23.0
2025-06-12 15:43:00,12.1
2025-06-12 19:43:00,97.6
2025-06-12 02:51:00,31.2
2025-06-12 20:38:00,39.9
2025-06-12 08:17:00,50.136426804852206
2025-06-12 22:29:00,40.8
2025-06-12 00:19:00,50.136426804852206
2025-06-12 11:30:00,45.2
2025-06-12 12:56:00,50.136426804852206
2025-06-12 23:27:00,87.2
2025-06-12 13:12:00,85.7
2025-06-12 13:34:00,52.8
2025-06-12 16:17:00,87.8
2025-06-12 19:27:00,50.136426804852206
2025-06-12 11:36:00,54.9
2025-06-12 07:46:00,71.7
2025-06-12 14:43:00,8.2
2025-06-12 14:24:00,47.1
2025-06-12 23:12:00,37.3
2025-06-12 08:36:00,43.5
2025-06-12 19:50:00,33.1
2025-06-12 18:10:00,29.7
2025-06-12 12:23:00,90.7
2025-06-12 02:59:00,2.8
2025-06-12 04:40:00,50.136426804852206
2025-06-12 10:03:00,52.3
2025-06-12 06:31:00,12.3
2025-06-12 09:36:00,76.4
2025-06-12 21:04:00,50.136426804852206
2025-06-12 23:51:00,62.9
2025-06-12 23:40:00,50.136426804852206
2025-06-12 09:38:00,4.9
2025-06-12 11:55:00,61.2
2025-06-12 17:01:00,89.8
2025-06-12 23:47:00,71.3
2025-06-12 23:28:00,75.7
2025-06-12 23:11:00,78.0
2025-06-12 16:59:00,50.136426804852206
2025-06-12 01:21:00,55.0
2025-06-12 22:10:00,70.4
2025-06-12 03:51:00,40.4
2025-06-12 03:17:00,61.4
2025-06-12 02:01:00,31.5
2025-06-12 09:37:00,44.2
2025-06-12 12:30:00,63.8
2025-06-12 02:03:00,58.9
2025-06-12 19:04:00,50.136426804852206
2025-06-12 14:33:00,5.7
2025-06-12 23:13:00,15.6
2025-06-12 10:33:00,4.8
2025-06-12 17:20:00,88.6
2025-06-12 09:58:00,50.136426804852206
2025-06-12 19:53:00,31.6
2025-06-12 09:17:00,37.5
2025-06-12 01:28:00,25.5
2025-06-12 23:23:00,18.9
2025-06-12 17:00:00,33.7
2025-06-12 19:33:00,93.1
2025-06-12 22:02:00,13.1
2025-06-12 06:14:00,40.6
2025-06-12 13:53:00,35.2
2025-06-12 23:36:00,28.2
2025-06-12 14:18:00,36.7
2025-06-12 23:23:00,50.136426804852206
2025-06-12 07:36:00,50.136426804852206
2025-06-12 05:09:00,18.5
2025-06-12 04:16:00,29.9
2025-06-12 19:12:00,81.3
2025-06-12 15:32:00,4.9
2025-06-12 01:45:00,36.8
2025-06-12 18:08:00,10.4
2025-06-12 14:34:00,69.0
2025-06-12 18:52:00,50.136426804852206
2025-06-12 21:56:00,11.4
2025-06-12 17:55:00,72.7
2025-06-12 20:43:00,1.1
2025-06-12 14:15:00,99.9
2025-06-12 14:20:00,50.136426804852206
2025-06-12 02:30:00,84.1
2025-06-12 16:46:00,94.8
2025-06-12 11:11:00,67.8
2025-06-12 23:20:00,80.0
2025-06-12 05:10:00,86.8
2025-06-12 11:15:00,50.136426804852206
2025-06-12 23:26:00,35.4
2025-06-12 02:54:00,61.3
2025-06-12 12:32:00,90.1
2025-06-12 04:08:00,64.8
2025-06-12 03:55:00,21.7
2025-06-12 21:18:00,37.7
2025-06-12 15:57:00,10.1
2025-06-12 03:43:00,7.9
2025-06-12 10:15:00,50.037891637220255
2025-06-12 11:37:00,30.0
2025-06-12 13:32:00,40.6
2025-06-12 03:23:00,65.5
2025-06-12 19:12:00,37.6
2025-06-12 11:27:00,60.9
2025-06-12 06:43:00,43.5
2025-06-12 19:44:00,56.8
2025-06-12 23:51:00,55.2
2025-06-12 04:05:00,15.5
2025-06-12 14:10:00,26.7
2025-06-12 19:31:00,4.2
2025-06-12 17:01:00,23.0
2025-06-12 02:28:00,50.037891637220255
2025-06-12 14:20:00,96.7
2025-06-12 07:38:00,20.7
2025-06-12 11:34:00,6.9
2025-06-12 11:22:00,50.0
2025-06-12 15:06:00,68.7
2025-06-12 17:56:00,50.037891637220255
2025-06-12 05:38:00,4.9
2025-06-12 02:23:00,39.1
2025-06-12 18:16:00,10.2
2025-06-12 10:02:00,50.037891637220255
2025-06-12 02:39:00,10.9
2025-06-12 21:51:00,47.9
2025-06-12 17:38:00,50.037891637220255
2025-06-12 23:11:00,63.7
2025-06-12 16:36:00,32.9
2025-06-12 11:11:00,50.037891637220255
2025-06-12 11:31:00,83.6
2025-06-12 08:07:00,72.1
2025-06-12 20:58:00,79.4
2025-06-12 11:56:00,43.4
2025-06-12 22:09:00,57.7
2025-06-12 19:20:00,11.0
2025-06-12 17:13:00,76.7
2025-06-12 01:39:00,11.8
2025-06-12 12:09:00,7.3
2025-06-12 13:20:00,66.9
2025-06-12 15:17:00,76.0
2025-06-12 16:48:00,90.1
2025-06-12 00:48:00,23.6
2025-06-12 05:16:00,40.3
2025-06-12 00:56:00,43.1
2025-06-12 19:25:00,95.8
2025-06-12 14:19:00,2.1
2025-06-12 19:25:00,38.6
2025-06-12 07:28:00,58.2
2025-06-12 10:25:00,50.037891637220255
2025-06-12 16:07:00,0.6
2025-06-12 22:54:00,11.4
2025-06-12 10:22:00,10.2
2025-06-12 23:24:00,50.037891637220255
2025-06-12 14:38:00,99.1
2025-06-12 04:21:00,35.0
2025-06-12 14:00:00,50.037891637220255
2025-06-12 22:07:00,65.3
2025-06-12 13:17:00,77.2
2025-06-12 12:45:00,43.8
2025-06-12 14:40:00,50.037891637220255
2025-06-12 04:36:00,87.3
2025-06-12 04:03:00,17.7
2025-06-12 22:14:00,50.037891637220255
2025-06-12 03:18:00,2.2
2025-06-12 10:42:00,7.1
2025-06-12 05:38:00,33.0
2025-06-12 21:01:00,34.5
2025-06-12 06:49:00,94.9
2025-06-12 06:55:00,50.6
2025-06-12 12:38:00,50.037891637220255
2025-06-12 11:39:00,68.6
2025-06-12 11:20:00,11.1
2025-06-12 20:59:00,53.0
2025-06-12 23:42:00,50.037891637220255
2025-06-12 13:49:00,68.1
2025-06-12 20:33:00,20.4
2025-06-12 10:36:00,50.037891637220255
2025-06-12 01:31:00,84.8
2025-06-12 17:22:00,2.5
2025-06-12 19:59:00,50.037891637220255
2025-06-12 00:10:00,76.5
2025-06-12 10:13:00,10.8
2025-06-12 20:38:00,47.8
2025-06-12 12:35:00,13.5
2025-06-12 04:36:00,12.3
2025-06-12 01:20:00,44.3
2025-06-12 13:07:00,58.6
2025-06-12 20:48:00,57.4
2025-06-12 03:04:00,15.3
2025-06-12 06:45:00,19.8
2025-06-12 15:20:00,50.037891637220255
2025-06-12 05:16:00,28.5
2025-06-12 19:07:00,97.6
2025-06-12 20:35:00,20.5
2025-06-12 16:09:00,85.1
2025-06-12 12:51:00,10.5
2025-06-12 07:29:00,40.3
2025-06-12 00:23:00,50.037891637220255
2025-06-12 13:27:00,48.4
2025-06-12 16:27:00,66.9
2025-06-12 23:03:00,50.037891637220255
2025-06-12 07:13:00,50.037891637220255
2025-06-12 00:13:00,82.3
2025-06-12 17:12:00,27.7
2025-06-12 19:37:00,67.6
2025-06-12 13:19:00,48.3
2025-06-12 12:18:00,29.1
2025-06-12 05:09:00,50.037891637220255
2025-06-12 03:13:00,22.3
2025-06-12 00:30:00,50.037891637220255
2025-06-12 23:25:00,65.0
2025-06-12 20:51:00,50.037891637220255
2025-06-12 03:12:00,50.037891637220255
2025-06-12 09:16:00,83.1
2025-06-12 00:38:00,41.6
2025-06-12 02:08:00,50.037891637220255
2025-06-12 14:36:00,50.037891637220255
2025-06-12 23:27:00,18.5
2025-06-12 12:26:00,77.0
2025-06-12 01:48:00,74.9
2025-06-12 04:22:00,42.6
2025-06-12 16:57:00,27.8
2025-06-12 11:15:00,92.1
2025-06-12 23:56:00,50.037891637220255
2025-06-12 05:16:00,50.037891637220255
2025-06-12 14:22:00,82.7
2025-06-12 22:33:00,50.037891637220255
2025-06-12 21:01:00,75.8
2025-06-12 20:01:00,43.3
2025-06-12 17:21:00,36.8
2025-06-12 23:24:00,68.1
2025-06-12 14:13:00,35.3
2025-06-12 11:33:00,35.2
2025-06-12 15:51:00,71.0
2025-06-12 20:46:00,7.6
2025-06-12 05:59:00,50.037891637220255
2025-06-12 06:16:00,68.7
2025-06-12 11:10:00,52.4
2025-06-12 23:49:00,12.9
2025-06-12 09:15:00,39.0
2025-06-12 16:44:00,16.8
2025-06-12 07:26:00,76.1
2025-06-12 10:22:00,84.0
2025-06-12 02:09:00,34.7
2025-06-12 04:13:00,7.5
2025-06-12 17:34:00,80.1
2025-06-12 09:38:00,46.1
2025-06-12 10:39:00,35.9
2025-06-12 15:14:00,16.2
2025-06-12 03:31:00,21.4
2025-06-12 13:45:00,65.5
2025-06-12 09:31:00,5.5
2025-06-12 15:31:00,19.3
2025-06-12 01:55:00,68.4
2025-06-12 16:40:00,46.5
2025-06-12 03:34:00,81.5
2025-06-12 01:43:00,50.037891637220255
2025-06-12 03:45:00,50.037891637220255
2025-06-12 02:50:00,70.2
2025-06-12 15:27:00,75.1
2025-06-12 13:57:00,53.9
2025-06-12 22:26:00,42.6
2025-06-12 11:01:00,18.7
2025-06-12 10:40:00,80.6
2025-06-12 01:42:00,56.9
2025-06-12 19:38:00,99.1
2025-06-12 01:48:00,50.037891637220255
2025-06-12 07:14:00,72.7
2025-06-12 23:56:00,80.2
2025-06-12 03:56:00,91.5
2025-06-12 06:21:00,81.2
2025-06-12 14:04:00,95.1
2025-06-12 03:34:00,38.8
2025-06-12 05:41:00,93.3
2025-06-12 21:39:00,48.9
2025-06-12 18:46:00,42.8
2025-06-12 14:20:00,55.2
2025-06-12 14:57:00,50.037891637220255
2025-06-12 18:10:00,14.1
2025-06-12 18:39:00,42.4
2025-06-12 04:34:00,90.0
2025-06-12 13:08:00,14.4
2025-06-12 01:26:00,51.0
2025-06-12 05:46:00,26.0
2025-06-12 23:41:00,50.037891637220255
2025-06-12 13:01:00,93.6
2025-06-12 14:13:00,85.5
2025-06-12 04:45:00,82.5
2025-06-12 16:47:00,50.037891637220255
2025-06-12 12:02:00,73.0
2025-06-12 07:38:00,36.7
2025-06-12 22:28:00,76.4
2025-06-12 05:37:00,50.037891637220255
2025-06-12 09:37:00,28.9
2025-06-12 06:22:00,47.8
2025-06-12 09:30:00,93.2
2025-06-12 03:48:00,1.7
2025-06-12 11:46:00,84.7
2025-06-12 12:43:00,28.6
2025-06-12 12:20:00,33.5
2025-06-12 21:44:00,20.3
2025-06-12 22:36:00,9.2
2025-06-12 08:14:00,15.8
2025-06-12 15:38:00,81.4
2025-06-12 03:04:00,92.3
2025-06-12 01:53:00,0.8
2025-06-12 15:43:00,81.5
2025-06-12 06:46:00,38.5
2025-06-12 00:26:00,12.9
2025-06-12 15:57:00,81.1
2025-06-12 11:56:00,50.037891637220255
2025-06-12 10:50:00,43.8
2025-06-12 03:25:00,68.4
2025-06-12 21:52:00,69.5
2025-06-12 11:07:00,50.037891637220255
2025-06-12 09:45:00,56.9
2025-06-12 09:36:00,95.0
2025-06-12 19:20:00,11.7
2025-06-12 09:52:00,26.4
2025-06-12 01:58:00,61.7
2025-06-12 06:08:00,68.3
2025-06-12 07:59:00,50.0
2025-06-12 10:06:00,98.1
2025-06-12 15:22:00,17.3
2025-06-12 04:59:00,56.7
2025-06-12 06:22:00,55.0
2025-06-12 18:49:00,60.8
2025-06-12 23:20:00,6.1
2025-06-12 04:58:00,84.6
2025-06-12 00:20:00,10.6
2025-06-12 15:10:00,50.037891637220255
2025-06-12 06:22:00,30.0
2025-06-12 16:30:00,64.9
2025-06-12 19:21:00,12.4
2025-06-12 05:49:00,4.8
2025-06-12 14:08:00,76.0
2025-06-12 11:56:00,50.037891637220255
2025-06-12 16:48:00,21.8
2025-06-12 16:43:00,65.7
2025-06-12 07:51:00,50.037891637220255
2025-06-12 08:39:00,50.037891637220255
2025-06-12 22:39:00,15.8
2025-06-12 04:35:00,70.9
2025-06-12 15:04:00,85.7
2025-06-12 02:30:00,59.8
2025-06-12 03:39:00,52.8
2025-06-12 15:59:00,37.9
2025-06-12 08:54:00,84.2
2025-06-12 02:26:00,26.1
2025-06-12 19:22:00,39.9
2025-06-12 02:42:00,69.4
2025-06-12 02:17:00,50.037891637220255
2025-06-12 00:48:00,24.7
2025-06-12 04:16:00,56.5
2025-06-12 17:59:00,35.5
2025-06-12 02:09:00,27.2
2025-06-12 10:16:00,12.8
2025-06-12 03:57:00,50.037891637220255
2025-06-12 16:47:00,15.5
2025-06-12 13:06:00,85.8
2025-06-12 17:10:00,93.3
2025-06-12 15:15:00,82.7
2025-06-12 22:17:00,0.6
2025-06-12 18:53:00,19.7
2025-06-12 15:09:00,73.8
2025-06-12 03:41:00,26.0
2025-06-12 21:21:00,87.4
2025-06-12 08:50:00,50.037891637220255
2025-06-12 00:30:00,62.5
2025-06-12 13:09:00,90.1
2025-06-12 14:28:00,3.8
2025-06-12 16:37:00,78.7
2025-06-12 21:19:00,15.1
2025-06-12 15:47:00,47.3
2025-06-12 03:44:00,60.3
2025-06-12 08:43:00,93.3
2025-06-12 16:53:00,68.4
2025-06-12 03:01:00,61.8
2025-06-12 19:53:00,44.1
2025-06-12 05:47:00,46.1
2025-06-12 10:44:00,50.037891637220255
2025-06-12 08:00:00,1.7
2025-06-12 07:12:00,50.037891637220255
2025-06-12 19:27:00,17.5
2025-06-12 20:08:00,50.037891637220255
2025-06-12 22:00:00,72.6
2025-06-12 00:45:00,78.2
2025-06-12 21:33:00,81.2
2025-06-12 00:28:00,14.4
2025-06-12 16:00:00,17.1
2025-06-12 16:50:00,50.037891637220255
2025-06-12 09:24:00,50.037891637220255
2025-06-12 18:50:00,37.6
2025-06-12 16:16:00,30.7
2025-06-12 06:33:00,41.0
2025-06-12 23:40:00,42.0
2025-06-12 13:37:00,42.9
2025-06-12 18:45:00,30.9
2025-06-12 20:41:00,75.0
2025-06-12 18:34:00,78.4
2025-06-12 10:39:00,50.037891637220255
2025-06-12 06:41:00,41.7
2025-06-12 06:52:00,42.9
2025-06-12 22:21:00,20.1
2025-06-12 07:18:00,12.1
2025-06-12 13:30:00,84.3
2025-06-12 07:32:00,54.4
2025-06-12 13:58:00,1.8
2025-06-12 05:01:00,8.7
2025-06-12 07:21:00,96.2
2025-06-12 06:15:00,62.3
2025-06-12 04:56:00,15.7
2025-06-12 10:22:00,75.1
2025-06-12 19:13:00,89.8
2025-06-12 01:45:00,40.9
2025-06-12 05:45:00,88.4
2025-06-12 23:22:00,28.2
2025-06-12 17:48:00,72.6
2025-06-12 14:11:00,1.3
2025-06-12 13:09:00,99.5
2025-06-12 09:13:00,99.3
2025-06-12 15:09:00,3.7
2025-06-12 10:57:00,23.3
2025-06-12 05:30:00,41.4
2025-06-12 00:59:00,63.7
2025-06-12 17:33:00,50.037891637220255
2025-06-12 16:09:00,73.8
2025-06-12 08:17:00,49.0
2025-06-12 04:43:00,25.6
2025-06-12 06:32:00,39.5
2025-06-12 17:46:00,62.6
2025-06-12 21:35:00,96.0
2025-06-12 06:58:00,21.3
2025-06-12 10:47:00,79.6
2025-06-12 10:07:00,48.7
2025-06-12 07:10:00,50.037891637220255
2025-06-12 11:41:00,50.037891637220255
2025-06-12 21:12:00,21.0
2025-06-12 21:49:00,5.1
2025-06-12 02:07:00,50.037891637220255
2025-06-12 13:14:00,3.8
2025-06-12 04:49:00,2.7
2025-06-12 19:20:00,99.8
2025-06-12 15:22:00,2.5
2025-06-12 06:53:00,32.2
2025-06-12 15:57:00,43.0
2025-06-12 03:01:00,43.7
2025-06-12 01:32:00,22.1
2025-06-12 02:29:00,21.4
2025-06-12 17:48:00,43.2
2025-06-12 20:21:00,50.60542317173377
2025-06-12 11:54:00,93.9
2025-06-12 08:13:00,98.6
2025-06-12 06:23:00,60.1
2025-06-12 10:33:00,79.7
2025-06-12 19:48:00,50.60542317173377
2025-06-12 03:27:00,1.0
2025-06-12 21:50:00,50.60542317173377
2025-06-12 03:14:00,89.5
2025-06-12 10:19:00,86.2
2025-06-12 12:49:00,42.8
2025-06-12 21:13:00,32.9
2025-06-12 09:21:00,2.9
2025-06-12 11:18:00,50.60542317173377
2025-06-12 10:42:00,82.5
2025-06-12 11:32:00,20.9
2025-06-12 10:49:00,4.9
2025-06-12 00:04:00,74.9
2025-06-12 02:51:00,21.1
2025-06-12 06:04:00,62.1
2025-06-12 16:23:00,11.2
2025-06-12 20:33:00,64.6
2025-06-12 19:09:00,3.2
2025-06-12 11:03:00,67.0
2025-06-12 22:54:00,78.4
2025-06-12 12:03:00,50.60542317173377
2025-06-12 17:27:00,50.60542317173377
2025-06-12 00:46:00,96.1
2025-06-12 10:46:00,19.3
2025-06-12 10:05:00,50.60542317173377
2025-06-12 17:26:00,18.2
2025-06-12 10:42:00,56.5
2025-06-12 10:09:00,80.7
2025-06-12 11:19:00,63.1
2025-06-12 23:54:00,67.3
2025-06-12 19:45:00,45.9
2025-06-12 05:46:00,50.60542317173377
2025-06-12 02:09:00,65.1
2025-06-12 23:09:00,35.1
2025-06-12 00:39:00,96.7
2025-06-12 19:37:00,50.60542317173377
2025-06-12 07:57:00,67.5
2025-06-12 21:13:00,11.0
2025-06-12 07:55:00,82.3
2025-06-12 11:25:00,50.60542317173377
2025-06-12 14:41:00,3.7
2025-06-12 09:13:00,59.9
2025-06-12 12:28:00,86.4
2025-06-12 10:38:00,40.3
2025-06-12 08:58:00,27.7
2025-06-12 13:29:00,99.9
2025-06-12 19:38:00,3.0
2025-06-12 16:02:00,48.5
2025-06-12 06:48:00,50.60542317173377
2025-06-12 23:21:00,12.2
2025-06-12 20:12:00,26.5
2025-06-12 06:45:00,96.3
2025-06-12 14:07:00,50.60542317173377
2025-06-12 08:31:00,54.9
2025-06-12 15:51:00,50.60542317173377
2025-06-12 23:38:00,84.8
2025-06-12 13:06:00,51.4
2025-06-12 20:42:00,71.9
2025-06-12 05:26:00,50.60542317173377
2025-06-12 21:01:00,37.9
2025-06-12 16:12:00,35.2
2025-06-12 05:52:00,14.4
2025-06-12 20:35:00,76.4
2025-06-12 19:07:00,27.4
2025-06-12 10:51:00,45.2
2025-06-12 15:41:00,32.0
2025-06-12 12:34:00,48.2
2025-06-12 11:02:00,59.1
2025-06-12 18:43:00,50.60542317173377
2025-06-12 18:53:00,99.0
2025-06-12 16:55:00,27.6
2025-06-12 22:27:00,17.8
2025-06-12 14:16:00,76.3
2025-06-12 06:38:00,50.60542317173377
2025-06-12 05:09:00,53.1
2025-06-12 13:08:00,46.3
2025-06-12 21:41:00,30.4
2025-06-12 23:27:00,79.3
2025-06-12 19:03:00,85.9
2025-06-12 21:49:00,39.1
2025-06-12 07:45:00,76.2
2025-06-12 09:48:00,64.8
2025-06-12 22:28:00,97.4
2025-06-12 07:35:00,50.60542317173377
2025-06-12 19:36:00,56.8
2025-06-12 08:38:00,57.8
2025-06-12 18:06:00,74.6
2025-06-12 10:48:00,2.8
2025-06-12 11:51:00,10.5
2025-06-12 06:00:00,50.60542317173377
2025-06-12 18:34:00,28.6
2025-06-12 18:43:00,74.5
2025-06-12 07:03:00,57.6
2025-06-12 10:00:00,88.7
2025-06-12 21:51:00,16.5
2025-06-12 00:18:00,51.3
2025-06-12 14:51:00,38.4
2025-06-12 11:08:00,53.7
2025-06-12 00:35:00,84.9
2025-06-12 17:20:00,9.7
2025-06-12 04:53:00,58.7
2025-06-12 13:16:00,9.1
2025-06-12 02:26:00,15.4
2025-06-12 09:23:00,30.9
2025-06-12 21:48:00,62.6
2025-06-12 11:57:00,79.4
2025-06-12 21:55:00,17.9
2025-06-12 14:43:00,50.60542317173377
2025-06-12 09:04:00,73.9
2025-06-12 22:05:00,28.6
2025-06-12 02:00:00,71.3
2025-06-12 18:09:00,25.0
2025-06-12 18:46:00,50.60542317173377
2025-06-12 18:35:00,63.5
2025-06-12 13:03:00,84.6
2025-06-12 22:09:00,75.4
2025-06-12 21:30:00,3.3
2025-06-12 19:36:00,16.3
2025-06-12 07:32:00,50.60542317173377
2025-06-12 02:30:00,6.7
2025-06-12 09:21:00,9.4
2025-06-12 17:51:00,64.9
2025-06-12 21:45:00,65.5
2025-06-12 10:34:00,95.9
2025-06-12 01:45:00,80.4
2025-06-12 09:49:00,8.2
2025-06-12 17:23:00,84.1
2025-06-12 11:41:00,62.5
2025-06-12 21:18:00,1.0
2025-06-12 04:28:00,11.9
2025-06-12 23:26:00,50.60542317173377
2025-06-12 11:05:00,29.4
2025-06-12 04:38:00,74.8
2025-06-12 12:29:00,74.1
2025-06-12 09:54:00,50.60542317173377
2025-06-12 02:23:00,60.7
2025-06-12 13:32:00,50.60542317173377
2025-06-12 22:03:00,34.2
2025-06-12 23:17:00,41.5
2025-06-12 17:36:00,76.8
2025-06-12 07:09:00,0.5
2025-06-12 18:03:00,35.3
2025-06-12 08:14:00,22.0
2025-06-12 08:52:00,25.5
2025-06-12 01:40:00,24.3
2025-06-12 10:51:00,50.60542317173377
2025-06-12 08:57:00,94.3
2025-06-12 10:38:00,50.60542317173377
2025-06-12 19:59:00,29.0
2025-06-12 00:58:00,93.3
2025-06-12 09:59:00,79.2
2025-06-12 21:35:00,83.8
2025-06-12 18:26:00,86.3
2025-06-12 17:52:00,39.6
2025-06-12 23:03:00,52.2
2025-06-12 09:08:00,17.4
2025-06-12 01:06:00,16.0
2025-06-12 18:02:00,47.5
2025-06-12 05:29:00,86.6
2025-06-12 14:27:00,54.7
2025-06-12 20:40:00,83.4
2025-06-12 08:42:00,32.3
2025-06-12 12:24:00,15.6
2025-06-12 09:04:00,7.3
2025-06-12 21:22:00,53.3
2025-06-12 04:26:00,71.3
2025-06-12 17:20:00,15.7
2025-06-12 09:08:00,50.4
2025-06-12 18:50:00,48.5
2025-06-12 20:13:00,32.1
2025-06-12 02:23:00,51.1
2025-06-12 10:18:00,50.60542317173377
2025-06-12 17:48:00,48.2
2025-06-12 11:23:00,97.8
2025-06-12 04:24:00,64.0
2025-06-12 11:14:00,50.3
2025-06-12 21:57:00,27.2
2025-06-12 01:10:00,50.60542317173377
2025-06-12 12:50:00,57.2
2025-06-12 07:08:00,59.3
2025-06-12 10:07:00,50.60542317173377
2025-06-12 03:01:00,35.7
2025-06-12 15:03:00,64.1
2025-06-12 23:18:00,14.8
2025-06-12 12:25:00,60.1
2025-06-12 21:16:00,44.8
2025-06-12 22:47:00,99.6
2025-06-12 05:05:00,27.4
2025-06-12 20:22:00,19.7
2025-06-12 18:00:00,36.5
2025-06-12 01:20:00,20.9
2025-06-12 22:50:00,84.1
2025-06-12 05:41:00,79.6
2025-06-12 20:44:00,32.7
2025-06-12 18:46:00,66.1
2025-06-12 14:23:00,97.1
2025-06-12 10:27:00,68.4
2025-06-12 01:39:00,50.60542317173377
2025-06-12 00:26:00,61.5
2025-06-12 01:01:00,2.0
2025-06-12 05:19:00,86.0
2025-06-12 08:16:00,14.0
2025-06-12 22:01:00,95.3
2025-06-12 01:05:00,41.5
2025-06-12 15:19:00,91.0
2025-06-12 12:46:00,98.4
2025-06-12 17:13:00,1.4
2025-06-12 17:57:00,95.7
2025-06-12 16:44:00,7.2
2025-06-12 10:06:00,50.60542317173377
2025-06-12 16:29:00,19.2
2025-06-12 08:10:00,56.9
2025-06-12 07:12:00,58.6
2025-06-12 00:12:00,51.9
2025-06-12 19:17:00,94.8
2025-06-12 17:04:00,66.2
2025-06-12 04:50:00,94.9
2025-06-12 01:45:00,50.60542317173377
2025-06-12 12:42:00,54.8
2025-06-12 14:31:00,56.5
2025-06-12 14:08:00,19.6
2025-06-12 07:03:00,7.2
2025-06-12 19:46:00,75.8
2025-06-12 09:18:00,32.4
2025-06-12 03:30:00,44.3
2025-06-12 01:16:00,5.8
2025-06-12 06:38:00,39.1
2025-06-12 03:28:00,96.5
2025-06-12 10:34:00,50.60542317173377
2025-06-12 07:10:00,52.6
2025-06-12 14:11:00,77.5
2025-06-12 16:30:00,15.3
2025-06-12 05:05:00,90.2
2025-06-12 07:56:00,50.60542317173377
2025-06-12 05:19:00,56.7
2025-06-12 14:14:00,34.4
2025-06-12 07:36:00,31.8
2025-06-12 11:40:00,46.9
2025-06-12 09:10:00,70.6
2025-06-12 23:22:00,59.8
2025-06-12 04:13:00,9.5
2025-06-12 11:28:00,47.2
2025-06-12 04:33:00,50.60542317173377
2025-06-12 05:30:00,34.4
2025-06-12 04:23:00,35.0
2025-06-12 19:55:00,45.9
2025-06-12 07:21:00,21.5
2025-06-12 13:16:00,10.6
2025-06-12 04:29:00,99.7
2025-06-12 18:39:00,93.9
2025-06-12 05:10:00,97.2
2025-06-12 01:56:00,80.7
2025-06-12 09:34:00,29.9
2025-06-12 17:35:00,0.9
2025-06-12 20:21:00,50.60542317173377
2025-06-12 22:46:00,40.8
2025-06-12 06:48:00,80.5
2025-06-12 08:16:00,50.60542317173377
2025-06-12 05:45:00,35.5
2025-06-12 09:20:00,46.7
2025-06-12 03:16:00,27.4
2025-06-12 02:43:00,59.6
2025-06-12 00:49:00,50.60542317173377
2025-06-12 04:58:00,49.1
2025-06-12 19:29:00,47.0
2025-06-12 17:06:00,95.8
2025-06-12 11:52:00,23.1
2025-06-12 02:46:00,90.1
2025-06-12 13:20:00,98.4
2025-06-12 21:45:00,84.7
2025-06-12 09:20:00,37.1
2025-06-12 07:26:00,82.5
2025-06-12 13:41:00,7.6
2025-06-12 09:24:00,75.1
2025-06-12 20:48:00,35.1
2025-06-12 15:01:00,39.0
2025-06-12 21:46:00,52.3
2025-06-12 17:08:00,26.9
2025-06-12 12:24:00,21.2
2025-06-12 07:52:00,58.2
2025-06-12 10:08:00,9.6
2025-06-12 14:11:00,98.4
2025-06-12 11:22:00,50.60542317173377
2025-06-12 15:05:00,2.4
2025-06-12 02:52:00,15.8
2025-06-12 06:40:00,50.60542317173377
2025-06-12 06:10:00,59.3
2025-06-12 04:21:00,70.9
2025-06-12 23:36:00,50.60542317173377
2025-06-12 20:45:00,50.60542317173377
2025-06-12 12:19:00,50.60542317173377
2025-06-12 23:30:00,61.6
2025-06-12 04:15:00,25.5
2025-06-12 16:51:00,51.7
2025-06-12 23:12:00,52.7
2025-06-12 20:33:00,93.3
2025-06-12 12:23:00,21.2
2025-06-12 13:48:00,16.0
2025-06-12 15:50:00,50.60542317173377
2025-06-12 00:45:00,77.9
2025-06-12 10:15:00,51.5
2025-06-12 02:28:00,15.5
2025-06-12 23:42:00,96.0
2025-06-12 10:04:00,50.60542317173377
2025-06-12 02:27:00,90.4
2025-06-12 22:30:00,41.0
2025-06-12 22:33:00,62.1
2025-06-12 15:25:00,81.0
2025-06-12 06:41:00,72.1
2025-06-12 13:37:00,88.8
2025-06-12 09:54:00,82.1
2025-06-12 18:00:00,11.3
2025-06-12 07:25:00,78.1
2025-06-12 11:03:00,72.1
2025-06-12 05:31:00,20.7
2025-06-12 03:50:00,50.60542317173377
2025-06-12 16:18:00,20.9
2025-06-12 03:39:00,53.8
2025-06-12 11:31:00,90.7
2025-06-12 12:32:00,98.0
2025-06-12 07:47:00,3.1
2025-06-12 22:11:00,49.2
2025-06-12 18:18:00,93.0
2025-06-12 04:19:00,85.5
2025-06-12 21:28:00,65.6
2025-06-12 19:40:00,40.8
2025-06-12 18:27:00,50.60542317173377
2025-06-12 22:48:00,50.60542317173377
2025-06-12 08:30:00,50.60542317173377
2025-06-12 10:17:00,44.9
2025-06-12 07:27:00,65.2
2025-06-12 13:48:00,90.8
2025-06-12 13:23:00,47.7
2025-06-12 16:39:00,90.4
2025-06-12 13:28:00,87.3
2025-06-12 21:00:00,4.1
2025-06-12 06:27:00,50.60542317173377
2025-06-12 01:32:00,23.7
2025-06-12 14:36:00,0.8
2025-06-12 11:23:00,4.9
2025-06-12 06:11:00,25.2
2025-06-12 18:02:00,16.1
2025-06-12 08:17:00,50.4
2025-06-12 09:18:00,50.60542317173377
2025-06-12 09:14:00,53.1
2025-06-12 22:12:00,79.9
2025-06-12 21:53:00,72.6
2025-06-12 04:12:00,14.6
2025-06-12 00:56:00,78.8
2025-06-12 05:04:00,91.3
2025-06-12 05:53:00,98.0
2025-06-12 23:16:00,12.2
2025-06-12 03:00:00,93.6
2025-06-12 23:42:00,17.4
2025-06-12 10:19:00,76.0
2025-06-12 14:28:00,58.7
2025-06-12 13:31:00,3.5
2025-06-12 01:47:00,52.4
2025-06-12 11:45:00,5.7
2025-06-12 20:18:00,76.8
2025-06-12 17:41:00,54.2
2025-06-12 14:25:00,31.9
2025-06-12 18:50:00,75.6
2025-06-12 13:29:00,99.2
2025-06-12 19:24:00,74.5
2025-06-12 13:36:00,29.7
2025-06-12 23:07:00,34.1
2025-06-12 01:55:00,28.5
2025-06-12 15:52:00,6.9
2025-06-12 00:29:00,14.3
2025-06-12 09:47:00,99.5
2025-06-12 17:40:00,53.3
2025-06-12 22:42:00,49.935598591549294
2025-06-12 19:07:00,49.935598591549294
2025-06-12 11:13:00,59.3
2025-06-12 23:13:00,49.935598591549294
2025-06-12 16:13:00,15.1
2025-06-12 06:21:00,49.935598591549294
2025-06-12 10:49:00,13.5
2025-06-12 02:35:00,6.2
2025-06-12 03:42:00,49.935598591549294
2025-06-12 15:10:00,30.2
2025-06-12 10:25:00,86.9
2025-06-12 23:28:00,66.1
2025-06-12 12:29:00,60.6
2025-06-12 04:44:00,76.1
2025-06-12 03:35:00,49.935598591549294
2025-06-12 01:11:00,0.7
2025-06-12 09:27:00,64.7
2025-06-12 19:51:00,59.0
2025-06-12 12:06:00,6.2
2025-06-12 11:27:00,10.1
2025-06-12 04:26:00,1.9
2025-06-12 14:42:00,3.5
2025-06-12 20:26:00,75.0
2025-06-12 20:26:00,6.3
2025-06-12 14:56:00,94.4
2025-06-12 17:13:00,5.5
2025-06-12 16:52:00,49.935598591549294
2025-06-12 22:01:00,98.2
2025-06-12 08:02:00,1.3
2025-06-12 23:58:00,61.8
2025-06-12 03:22:00,35.4
2025-06-12 04:37:00,49.935598591549294
2025-06-12 06:49:00,14.6
2025-06-12 02:23:00,42.6
2025-06-12 14:58:00,87.4
2025-06-12 06:00:00,74.3
2025-06-12 22:46:00,9.1
2025-06-12 12:33:00,96.3
2025-06-12 21:04:00,69.5
2025-06-12 18:12:00,98.0
2025-06-12 15:23:00,21.2
2025-06-12 04:00:00,65.4
2025-06-12 06:38:00,51.2
2025-06-12 19:04:00,44.1
2025-06-12 19:11:00,69.0
2025-06-12 00:03:00,25.7
2025-06-12 15:22:00,63.8
2025-06-12 09:59:00,47.2
2025-06-12 20:21:00,85.5
2025-06-12 07:57:00,67.5
2025-06-12 12:01:00,20.4
2025-06-12 10:08:00,10.3
2025-06-12 02:41:00,7.1
2025-06-12 09:15:00,64.7
2025-06-12 07:38:00,15.9
2025-06-12 07:04:00,92.3
2025-06-12 20:38:00,49.935598591549294
2025-06-12 06:57:00,49.935598591549294
2025-06-12 16:38:00,86.1
2025-06-12 00:06:00,4.1
2025-06-12 20:01:00,3.4
2025-06-12 06:11:00,30.9
2025-06-12 15:02:00,6.1
2025-06-12 03:21:00,66.0
2025-06-12 11:23:00,63.9
2025-06-12 17:27:00,24.6
2025-06-12 22:13:00,79.1
2025-06-12 18:03:00,45.2
2025-06-12 15:39:00,66.0
2025-06-12 01:38:00,17.0
2025-06-12 20:25:00,41.0
2025-06-12 10:03:00,86.4
2025-06-12 13:01:00,35.7
2025-06-12 01:00:00,52.6
2025-06-12 09:26:00,59.0
2025-06-12 04:16:00,74.5
2025-06-12 07:53:00,78.0
2025-06-12 23:20:00,72.1
2025-06-12 21:23:00,49.935598591549294
2025-06-12 05:45:00,49.935598591549294
2025-06-12 09:26:00,62.4
2025-06-12 12:00:00,29.8
2025-06-12 15:00:00,49.935598591549294
2025-06-12 17:28:00,66.7
2025-06-12 03:01:00,76.9
2025-06-12 10:21:00,45.3
2025-06-12 07:43:00,49.935598591549294
2025-06-12 00:32:00,69.1
2025-06-12 11:33:00,11.0
2025-06-12 04:32:00,23.7
2025-06-12 08:13:00,68.1
2025-06-12 00:25:00,100.0
2025-06-12 18:30:00,56.3
2025-06-12 03:45:00,20.4
2025-06-12 08:08:00,39.2
2025-06-12 06:25:00,0.6
2025-06-12 09:51:00,27.6
2025-06-12 13:05:00,18.0
2025-06-12 02:15:00,86.0
2025-06-12 09:30:00,34.8
2025-06-12 09:43:00,50.4
2025-06-12 17:39:00,8.3
2025-06-12 15:12:00,42.1
2025-06-12 21:15:00,49.935598591549294
2025-06-12 20:04:00,49.935598591549294
2025-06-12 05:51:00,73.1
2025-06-12 18:03:00,22.7
2025-06-12 11:11:00,76.1
2025-06-12 13:04:00,75.4
2025-06-12 06:57:00,5.1
2025-06-12 22:56:00,91.8
2025-06-12 20:10:00,94.3
2025-06-12 17:55:00,18.9
2025-06-12 23:31:00,61.1
2025-06-12 08:22:00,57.0
2025-06-12 16:26:00,5.1
2025-06-12 05:28:00,43.7
2025-06-12 00:57:00,49.935598591549294
2025-06-12 09:45:00,14.6
2025-06-12 22:01:00,45.8
2025-06-12 04:29:00,49.935598591549294
2025-06-12 10:46:00,6.3
2025-06-12 23:27:00,38.3
2025-06-12 23:10:00,32.5
2025-06-12 01:56:00,49.935598591549294
2025-06-12 17:33:00,40.3
2025-06-12 09:37:00,30.5
2025-06-12 13:09:00,90.3
2025-06-12 07:55:00,7.0
2025-06-12 05:20:00,68.2
2025-06-12 04:25:00,27.9
2025-06-12 02:29:00,14.9
2025-06-12 14:34:00,2.0
2025-06-12 09:12:00,94.4
2025-06-12 09:13:00,28.2
2025-06-12 19:32:00,83.9
2025-06-12 03:02:00,49.935598591549294
2025-06-12 14:40:00,89.6
2025-06-12 12:10:00,4.8
2025-06-12 10:50:00,95.4
2025-06-12 00:45:00,39.4
2025-06-12 20:10:00,52.7
2025-06-12 04:20:00,44.7
2025-06-12 18:10:00,52.3
2025-06-12 05:59:00,88.5
2025-06-12 23:00:00,41.3
2025-06-12 13:59:00,30.9
2025-06-12 18:47:00,57.8
2025-06-12 15:38:00,71.9
2025-06-12 00:42:00,8.7
2025-06-12 11:13:00,63.3
2025-06-12 13:41:00,45.1
2025-06-12 18:16:00,55.5
2025-06-12 21:34:00,65.8
2025-06-12 15:51:00,79.2
2025-06-12 11:57:00,40.1
2025-06-12 08:41:00,99.3
2025-06-12 19:45:00,45.3
2025-06-12 03:30:00,55.5
2025-06-12 21:53:00,68.2
2025-06-12 11:01:00,28.8
2025-06-12 13:15:00,89.4
2025-06-12 11:35:00,49.6
2025-06-12 04:13:00,54.9
2025-06-12 07:55:00,69.5
2025-06-12 03:33:00,89.0
2025-06-12 16:13:00,49.935598591549294
2025-06-12 14:48:00,81.4
2025-06-12 23:26:00,10.9
2025-06-12 00:37:00,49.935598591549294
2025-06-12 09:13:00,62.4
2025-06-12 21:48:00,26.3
2025-06-12 11:28:00,49.935598591549294
2025-06-12 22:52:00,23.8
2025-06-12 19:51:00,9.6
2025-06-12 06:57:00,49.935598591549294
2025-06-12 00:38:00,99.7
2025-06-12 09:54:00,83.7
2025-06-12 04:34:00,58.1
2025-06-12 13:30:00,35.3
2025-06-12 19:09:00,32.7
2025-06-12 23:35:00,63.6
2025-06-12 04:03:00,49.935598591549294
2025-06-12 15:36:00,24.9
2025-06-12 01:41:00,33.6
2025-06-12 17:55:00,85.0
2025-06-12 04:50:00,41.1
2025-06-12 01:03:00,66.8
2025-06-12 12:23:00,16.8
2025-06-12 01:04:00,85.2
2025-06-12 21:53:00,82.5
2025-06-12 14:18:00,19.9
2025-06-12 09:34:00,49.935598591549294
2025-06-12 23:09:00,88.9
2025-06-12 03:39:00,26.9
2025-06-12 19:30:00,50.0
2025-06-12 06:09:00,31.4
2025-06-12 13:20:00,32.2
2025-06-12 07:27:00,82.7
2025-06-12 06:39:00,51.9
2025-06-12 17:06:00,49.935598591549294
2025-06-12 19:37:00,49.935598591549294
2025-06-12 16:35:00,88.9
2025-06-12 22:25:00,75.3
2025-06-12 08:49:00,24.5
2025-06-12 01:27:00,82.6
2025-06-12 12:00:00,63.8
2025-06-12 15:09:00,93.0
2025-06-12 22:13:00,53.4
2025-06-12 23:07:00,1.9
2025-06-12 20:12:00,34.4
2025-06-12 10:18:00,99.0
2025-06-12 18:51:00,52.9
2025-06-12 23:17:00,5.1
2025-06-12 21:57:00,60.2
2025-06-12 07:00:00,49.935598591549294
2025-06-12 10:23:00,81.0
2025-06-12 20:31:00,67.3
2025-06-12 09:43:00,91.1
2025-06-12 14:39:00,66.1
2025-06-12 02:44:00,49.8
2025-06-12 13:54:00,10.1
2025-06-12 11:00:00,49.935598591549294
2025-06-12 12:52:00,21.3
2025-06-12 00:43:00,75.0
2025-06-12 11:00:00,96.6
2025-06-12 12:31:00,49.935598591549294
2025-06-12 09:46:00,49.935598591549294
2025-06-12 06:12:00,42.5
2025-06-12 00:06:00,71.8
2025-06-12 00:03:00,40.9
2025-06-12 23:58:00,21.0
2025-06-12 15:04:00,46.1
2025-06-12 23:36:00,19.3
2025-06-12 14:19:00,49.935598591549294
2025-06-12 05:42:00,85.1
2025-06-12 17:32:00,46.7
2025-06-12 21:48:00,49.935598591549294
2025-06-12 21:37:00,47.3
2025-06-12 09:48:00,65.8
2025-06-12 08:21:00,63.8
2025-06-12 10:06:00,49.935598591549294
2025-06-12 02:07:00,39.5
2025-06-12 09:38:00,99.7
2025-06-12 15:56:00,49.935598591549294
2025-06-12 18:50:00,64.8
2025-06-12 03:44:00,56.7
2025-06-12 01:42:00,64.7
2025-06-12 20:52:00,30.2
2025-06-12 21:13:00,2.5
2025-06-12 07:14:00,99.8
2025-06-12 05:50:00,30.2
2025-06-12 09:45:00,25.2
2025-06-12 09:19:00,85.4
2025-06-12 18:23:00,20.8
2025-06-12 22:42:00,12.3
2025-06-12 09:15:00,73.0
2025-06-12 20:01:00,20.3
2025-06-12 07:22:00,94.5
2025-06-12 10:49:00,49.3
2025-06-12 02:14:00,19.5
2025-06-12 11:04:00,25.1
2025-06-12 13:55:00,4.0
2025-06-12 14:39:00,97.0
2025-06-12 11:33:00,78.7
2025-06-12 14:06:00,49.935598591549294
2025-06-12 06:50:00,49.935598591549294
2025-06-12 08:56:00,45.0
2025-06-12 04:43:00,68.2
2025-06-12 00:04:00,95.6
2025-06-12 11:59:00,76.9
2025-06-12 03:33:00,0.6
2025-06-12 05:43:00,38.1
2025-06-12 07:24:00,49.935598591549294
2025-06-12 14:35:00,49.935598591549294
2025-06-12 06:52:00,59.1
2025-06-12 10:17:00,82.4
2025-06-12 01:52:00,19.6
2025-06-12 00:51:00,49.935598591549294
2025-06-12 17:49:00,95.9
2025-06-12 14:15:00,92.6
2025-06-12 09:49:00,9.2
2025-06-12 23:24:00,13.1
2025-06-12 19:11:00,17.3
2025-06-12 06:06:00,86.4
2025-06-12 23:46:00,49.935598591549294
2025-06-12 19:40:00,13.6
2025-06-12 01:17:00,11.5
2025-06-12 10:21:00,98.5
2025-06-12 16:12:00,91.6
2025-06-12 11:58:00,51.1
2025-06-12 07:23:00,6.0
2025-06-12 12:33:00,49.935598591549294
2025-06-12 02:54:00,90.3
2025-06-12 16:26:00,30.9
2025-06-12 06:00:00,56.2
2025-06-12 07:47:00,78.2
2025-06-12 16:58:00,34.5
2025-06-12 01:00:00,34.2
2025-06-12 06:10:00,88.9
2025-06-12 10:28:00,76.3
2025-06-12 03:55:00,37.4
2025-06-12 04:14:00,24.9
2025-06-12 00:37:00,90.8
2025-06-12 22:54:00,49.935598591549294
2025-06-12 20:24:00,95.1
2025-06-12 21:27:00,38.8
2025-06-12 04:58:00,51.7
2025-06-12 20:13:00,18.5
2025-06-12 11:16:00,57.8
2025-06-12 21:53:00,25.2
2025-06-12 15:49:00,60.1
2025-06-12 21:49:00,22.6
2025-06-12 17:15:00,49.935598591549294
2025-06-12 14:22:00,65.6
2025-06-12 13:13:00,25.4
2025-06-12 15:17:00,49.935598591549294
2025-06-12 16:33:00,94.7
2025-06-12 13:02:00,87.2
2025-06-12 04:54:00,26.1
2025-06-12 04:00:00,7.4
2025-06-12 21:08:00,17.8
2025-06-12 20:33:00,43.9
2025-06-12 00:47:00,69.6
2025-06-12 02:48:00,69.7
2025-06-12 10:49:00,17.6
2025-06-12 01:21:00,53.7
2025-06-12 13:08:00,51.7
2025-06-12 23:25:00,90.5
2025-06-12 05:38:00,62.8
2025-06-12 17:47:00,38.0
2025-06-12 19:16:00,9.5
2025-06-12 08:40:00,81.1
2025-06-12 21:19:00,24.9
2025-06-12 06:33:00,54.3
2025-06-12 18:46:00,78.9
2025-06-12 22:17:00,96.4
2025-06-12 20:36:00,75.6
2025-06-12 00:49:00,69.1
2025-06-12 04:46:00,42.5
2025-06-12 04:01:00,38.2
2025-06-12 01:58:00,5.0
2025-06-12 19:17:00,57.4
2025-06-12 11:40:00,49.935598591549294
2025-06-12 14:57:00,6.7
2025-06-12 16:19:00,5.7
2025-06-12 21:41:00,61.9
2025-06-12 20:14:00,93.3
2025-06-12 22:46:00,21.5
2025-06-12 17:54:00,34.7
2025-06-12 07:42:00,66.1
2025-06-12 15:54:00,28.2
2025-06-12 09:13:00,65.5
2025-06-12 02:11:00,51.0
2025-06-12 15:52:00,32.0
2025-06-12 08:57:00,85.9
2025-06-12 09:20:00,67.7
2025-06-12 03:04:00,12.2
2025-06-12 10:21:00,49.740225962104276
2025-06-12 17:29:00,3.2
2025-06-12 22:22:00,70.6
2025-06-12 00:20:00,49.740225962104276
2025-06-12 00:57:00,4.4
2025-06-12 13:05:00,19.1
2025-06-12 17:50:00,96.0
2025-06-12 19:46:00,88.6
2025-06-12 13:03:00,73.9
2025-06-12 19:51:00,49.740225962104276
2025-06-12 03:13:00,47.7
2025-06-12 11:01:00,72.1
2025-06-12 15:16:00,49.740225962104276
2025-06-12 22:04:00,76.6
2025-06-12 10:12:00,86.8
2025-06-12 10:01:00,96.2
2025-06-12 12:14:00,26.7
2025-06-12 09:20:00,30.2
2025-06-12 08:51:00,49.740225962104276
2025-06-12 09:35:00,40.8
2025-06-12 00:46:00,84.7
2025-06-12 15:12:00,32.1
2025-06-12 06:17:00,13.4
2025-06-12 11:40:00,49.740225962104276
2025-06-12 03:25:00,85.9
2025-06-12 14:09:00,33.7
2025-06-12 18:27:00,32.2
2025-06-12 20:53:00,49.740225962104276
2025-06-12 16:05:00,49.740225962104276
2025-06-12 05:13:00,40.1
2025-06-12 22:44:00,59.4
2025-06-12 00:29:00,70.2
2025-06-12 06:19:00,94.6
2025-06-12 07:34:00,77.1
2025-06-12 00:07:00,96.0
2025-06-12 04:58:00,19.5
2025-06-12 03:34:00,63.4
2025-06-12 19:15:00,70.8
2025-06-12 21:58:00,49.740225962104276
2025-06-12 13:57:00,66.8
2025-06-12 08:10:00,49.740225962104276
2025-06-12 21:46:00,97.7
2025-06-12 21:51:00,51.1
2025-06-12 18:08:00,55.2
2025-06-12 05:03:00,12.3
2025-06-12 20:10:00,64.2
2025-06-12 04:17:00,62.0
2025-06-12 07:04:00,1.8
2025-06-12 00:43:00,94.1
2025-06-12 04:31:00,32.5
2025-06-12 18:08:00,19.7
2025-06-12 16:22:00,60.7
2025-06-12 19:20:00,11.9
2025-06-12 19:36:00,85.4
2025-06-12 13:11:00,21.3
2025-06-12 07:36:00,3.8
2025-06-12 09:08:00,49.740225962104276
2025-06-12 22:04:00,33.9
2025-06-12 00:42:00,62.0
2025-06-12 07:23:00,9.2
2025-06-12 01:40:00,66.5
2025-06-12 20:35:00,89.6
2025-06-12 03:39:00,41.2
2025-06-12 20:19:00,2.7
2025-06-12 09:17:00,49.740225962104276
2025-06-12 09:43:00,49.740225962104276
2025-06-12 15:47:00,89.0
2025-06-12 14:13:00,50.9
2025-06-12 06:22:00,49.740225962104276
2025-06-12 18:18:00,95.4
2025-06-12 01:41:00,12.6
2025-06-12 21:04:00,98.8
2025-06-12 09:43:00,17.1
2025-06-12 04:44:00,47.3
2025-06-12 12:06:00,49.740225962104276
2025-06-12 08:42:00,34.5
2025-06-12 03:07:00,33.7
2025-06-12 15:55:00,9.7
2025-06-12 12:58:00,49.740225962104276
2025-06-12 22:46:00,49.740225962104276
2025-06-12 15:45:00,27.0
2025-06-12 06:11:00,7.0
2025-06-12 17:04:00,61.3
2025-06-12 09:27:00,40.1
2025-06-12 13:36:00,81.2
2025-06-12 00:52:00,73.1
2025-06-12 11:35:00,87.6
2025-06-12 04:07:00,24.7
2025-06-12 11:39:00,77.5
2025-06-12 15:06:00,83.6
2025-06-12 01:32:00,44.3
2025-06-12 13:20:00,74.7
2025-06-12 17:41:00,35.9
2025-06-12 20:24:00,33.1
2025-06-12 12:13:00,75.6
2025-06-12 09:30:00,9.9
2025-06-12 16:19:00,49.740225962104276
2025-06-12 12:44:00,49.740225962104276
2025-06-12 15:07:00,2.5
2025-06-12 19:56:00,30.7
2025-06-12 09:21:00,10.1
2025-06-12 01:43:00,54.0
2025-06-12 00:33:00,9.9
2025-06-12 20:18:00,49.740225962104276
2025-06-12 21:27:00,16.8
2025-06-12 14:43:00,49.740225962104276
2025-06-12 11:25:00,3.7
2025-06-12 11:13:00,79.6
2025-06-12 05:55:00,79.7
2025-06-12 09:01:00,97.9
2025-06-12 11:15:00,90.7
2025-06-12 13:43:00,37.9
2025-06-12 13:27:00,49.740225962104276
2025-06-12 17:02:00,48.9
2025-06-12 19:39:00,21.8
2025-06-12 06:38:00,40.4
2025-06-12 02:23:00,49.740225962104276
2025-06-12 22:48:00,97.5
2025-06-12 00:32:00,51.5
2025-06-12 07:56:00,55.8
2025-06-12 15:59:00,87.6
2025-06-12 22:30:00,33.4
2025-06-12 04:44:00,18.7
2025-06-12 08:40:00,61.2
2025-06-12 10:25:00,45.5
2025-06-12 05:55:00,94.0
2025-06-12 14:00:00,65.6
2025-06-12 03:31:00,78.7
2025-06-12 11:42:00,2.0
2025-06-12 01:38:00,84.5
2025-06-12 16:27:00,37.2
2025-06-12 13:10:00,89.4
2025-06-12 02:59:00,92.3
2025-06-12 19:16:00,43.4
2025-06-12 05:05:00,59.2
2025-06-12 10:43:00,49.740225962104276
2025-06-12 23:58:00,7.7
2025-06-12 09:55:00,76.0
2025-06-12 13:56:00,25.6
2025-06-12 22:10:00,93.7
2025-06-12 04:49:00,93.9
2025-06-12 02:35:00,49.740225962104276
2025-06-12 07:04:00,38.4
2025-06-12 11:12:00,100.0
2025-06-12 11:12:00,82.3
2025-06-12 23:39:00,15.3
2025-06-12 21:19:00,49.740225962104276
2025-06-12 21:54:00,52.8
2025-06-12 18:42:00,15.4
2025-06-12 14:04:00,49.740225962104276
2025-06-12 07:08:00,70.9
2025-06-12 20:07:00,98.7
2025-06-12 18:03:00,49.740225962104276
2025-06-12 23:15:00,41.5
2025-06-12 03:39:00,59.6
2025-06-12 03:41:00,14.5
2025-06-12 16:55:00,41.4
2025-06-12 06:06:00,96.6
2025-06-12 12:32:00,33.8
2025-06-12 19:18:00,49.740225962104276
2025-06-12 10:07:00,85.5
2025-06-12 08:57:00,20.6
2025-06-12 20:07:00,10.3
2025-06-12 20:43:00,15.6
2025-06-12 06:14:00,21.7
2025-06-12 00:14:00,9.7
2025-06-12 17:44:00,32.7
2025-06-12 02:19:00,98.2
2025-06-12 00:01:00,49.740225962104276
2025-06-12 03:56:00,64.8
2025-06-12 23:18:00,34.7
2025-06-12 04:41:00,5.2
2025-06-12 15:06:00,63.4
2025-06-12 15:50:00,84.5
2025-06-12 22:19:00,59.3
2025-06-12 16:35:00,26.8
2025-06-12 03:42:00,5.0
2025-06-12 04:01:00,34.4
2025-06-12 05:43:00,22.8
2025-06-12 15:41:00,13.2
2025-06-12 18:53:00,7.7
2025-06-12 08:14:00,82.0
2025-06-12 14:07:00,79.8
2025-06-12 06:05:00,17.8
2025-06-12 18:03:00,99.8
2025-06-12 15:24:00,26.5
2025-06-12 04:18:00,80.5
2025-06-12 23:51:00,9.5
2025-06-12 14:42:00,49.740225962104276
2025-06-12 15:19:00,49.740225962104276
2025-06-12 03:21:00,25.7
2025-06-12 03:56:00,49.740225962104276
2025-06-12 03:11:00,29.8
2025-06-12 20:37:00,11.0
2025-06-12 06:47:00,42.8
2025-06-12 05:41:00,73.4
2025-06-12 18:35:00,51.7
2025-06-12 21:18:00,3.5
2025-06-12 07:15:00,85.4
2025-06-12 22:49:00,88.2
2025-06-12 08:18:00,49.740225962104276
2025-06-12 07:15:00,47.8
2025-06-12 08:54:00,5.7
2025-06-12 11:08:00,49.740225962104276
2025-06-12 15:07:00,49.740225962104276
2025-06-12 06:21:00,49.740225962104276
2025-06-12 04:37:00,16.3
2025-06-12 09:08:00,70.5
2025-06-12 17:37:00,5.1
2025-06-12 04:20:00,58.3
2025-06-12 10:46:00,36.3
2025-06-12 08:41:00,7.7
2025-06-12 09:04:00,49.740225962104276
2025-06-12 19:41:00,40.9
2025-06-12 07:04:00,25.6
2025-06-12 00:20:00,60.4
2025-06-12 01:48:00,38.9
2025-06-12 00:38:00,49.740225962104276
2025-06-12 23:38:00,65.0
2025-06-12 23:37:00,6.6
2025-06-12 15:18:00,89.8
2025-06-12 07:07:00,95.8
2025-06-12 03:46:00,37.3
2025-06-12 04:44:00,49.740225962104276
2025-06-12 03:25:00,91.5
2025-06-12 06:18:00,49.740225962104276
2025-06-12 18:07:00,38.4
2025-06-12 13:55:00,49.740225962104276
2025-06-12 20:08:00,96.8
2025-06-12 13:36:00,30.8
2025-06-12 09:41:00,64.2
2025-06-12 01:43:00,10.3
2025-06-12 08:26:00,49.740225962104276
2025-06-12 03:40:00,36.5
2025-06-12 08:11:00,76.5
2025-06-12 05:41:00,50.8
2025-06-12 12:51:00,84.6
2025-06-12 23:19:00,62.8
2025-06-12 11:06:00,67.2
2025-06-12 01:28:00,71.4
2025-06-12 03:31:00,84.2
2025-06-12 09:28:00,7.0
2025-06-12 18:19:00,5.5
2025-06-12 14:06:00,26.7
2025-06-12 09:01:00,47.7
2025-06-12 10:59:00,33.9
2025-06-12 13:27:00,49.4
2025-06-12 19:00:00,87.2
2025-06-12 06:59:00,8.4
2025-06-12 07:21:00,93.8
2025-06-12 18:09:00,63.9
2025-06-12 21:45:00,52.2
2025-06-12 22:46:00,5.2
2025-06-12 03:19:00,65.6
2025-06-12 07:46:00,34.0
2025-06-12 09:42:00,22.2
2025-06-12 04:05:00,14.2
2025-06-12 04:12:00,84.1
2025-06-12 14:12:00,49.740225962104276
2025-06-12 04:20:00,79.9
2025-06-12 12:08:00,49.740225962104276
2025-06-12 11:15:00,74.1
2025-06-12 08:13:00,8.1
2025-06-12 02:09:00,78.1
2025-06-12 04:01:00,3.4
2025-06-12 05:40:00,87.5
2025-06-12 19:16:00,65.9
2025-06-12 11:13:00,30.9
2025-06-12 04:06:00,14.5
2025-06-12 12:27:00,91.0
2025-06-12 14:31:00,53.1
2025-06-12 22:01:00,49.740225962104276
2025-06-12 17:42:00,87.0
2025-06-12 04:56:00,16.6
2025-06-12 12:32:00,56.5
2025-06-12 16:21:00,23.9
2025-06-12 23:53:00,23.7
2025-06-12 02:00:00,14.2
2025-06-12 07:09:00,87.5
2025-06-12 08:47:00,73.1
2025-06-12 05:12:00,50.3
2025-06-12 21:55:00,0.1
2025-06-12 08:58:00,49.740225962104276
2025-06-12 17:36:00,10.9
2025-06-12 23:29:00,49.740225962104276
2025-06-12 19:27:00,16.3
2025-06-12 23:55:00,73.7
2025-06-12 12:24:00,18.0
2025-06-12 09:39:00,76.0
2025-06-12 06:14:00,75.7
2025-06-12 17:02:00,48.9
2025-06-12 19:49:00,25.0
2025-06-12 09:35:00,73.4
2025-06-12 00:12:00,28.9
2025-06-12 15:03:00,1.8
2025-06-12 19:12:00,27.8
2025-06-12 00:47:00,89.5
2025-06-12 14:11:00,86.3
2025-06-12 02:10:00,52.6
2025-06-12 21:47:00,75.2
2025-06-12 03:50:00,14.2
2025-06-12 03:08:00,4.7
2025-06-12 10:42:00,50.9
2025-06-12 19:20:00,65.0
2025-06-12 20:41:00,38.1
2025-06-12 13:51:00,19.6
2025-06-12 06:50:00,62.3
2025-06-12 07:41:00,76.2
2025-06-12 00:11:00,11.6
2025-06-12 04:48:00,29.2
2025-06-12 03:54:00,21.6
2025-06-12 20:55:00,94.1
2025-06-12 20:35:00,58.2
2025-06-12 20:53:00,84.5
2025-06-12 13:47:00,39.2
2025-06-12 15:38:00,67.4
2025-06-12 07:02:00,45.3
2025-06-12 07:57:00,49.740225962104276
2025-06-12 08:42:00,74.1
2025-06-12 03:40:00,39.8
2025-06-12 16:49:00,49.740225962104276
2025-06-12 23:24:00,20.7
2025-06-12 03:52:00,77.7
2025-06-12 04:14:00,59.7
2025-06-12 15:22:00,50.18838223164841
2025-06-12 13:59:00,71.6
2025-06-12 15:08:00,37.8
2025-06-12 12:32:00,1.9
2025-06-12 15:02:00,2.5
2025-06-12 20:43:00,51.0
2025-06-12 23:19:00,93.2
2025-06-12 06:54:00,50.18838223164841
2025-06-12 20:10:00,75.5
2025-06-12 12:18:00,98.5
2025-06-12 09:23:00,39.4
2025-06-12 03:59:00,50.18838223164841
2025-06-12 20:16:00,50.18838223164841
2025-06-12 06:00:00,89.1
2025-06-12 00:35:00,79.2
2025-06-12 17:36:00,51.3
2025-06-12 21:51:00,32.4
2025-06-12 03:33:00,65.7
2025-06-12 12:01:00,21.0
2025-06-12 04:07:00,66.3
2025-06-12 18:13:00,80.4
2025-06-12 06:12:00,26.9
2025-06-12 03:52:00,70.8
2025-06-12 20:04:00,10.1
2025-06-12 18:23:00,58.9
2025-06-12 23:34:00,3.5
2025-06-12 09:16:00,70.7
2025-06-12 07:07:00,83.7
2025-06-12 11:16:00,30.8
2025-06-12 15:00:00,27.0
2025-06-12 09:53:00,50.18838223164841
2025-06-12 17:57:00,70.4
2025-06-12 13:00:00,99.9
2025-06-12 08:20:00,93.9
2025-06-12 19:11:00,14.5
2025-06-12 17:30:00,82.9
2025-06-12 23:59:00,72.1
2025-06-12 03:20:00,50.6
2025-06-12 03:33:00,0.5
2025-06-12 16:29:00,69.6
2025-06-12 08:22:00,50.18838223164841
2025-06-12 01:33:00,50.18838223164841
2025-06-12 15:57:00,48.6
2025-06-12 20:28:00,50.18838223164841
2025-06-12 22:38:00,79.7
2025-06-12 15:29:00,57.9
2025-06-12 13:59:00,50.0
2025-06-12 16:28:00,50.18838223164841
2025-06-12 13:27:00,81.3
2025-06-12 21:16:00,50.18838223164841
2025-06-12 13:37:00,83.8
2025-06-12 05:09:00,69.8
2025-06-12 13:45:00,50.18838223164841
2025-06-12 16:30:00,45.3
2025-06-12 20:15:00,63.7
2025-06-12 17:02:00,50.18838223164841
2025-06-12 03:50:00,72.4
2025-06-12 04:01:00,35.5
2025-06-12 18:27:00,13.2
2025-06-12 11:14:00,2.1
2025-06-12 08:07:00,69.3
2025-06-12 16:51:00,14.3
2025-06-12 11:04:00,58.8
2025-06-12 12:51:00,61.0
2025-06-12 11:27:00,11.0
2025-06-12 03:09:00,39.3
2025-06-12 20:55:00,50.18838223164841
2025-06-12 11:03:00,31.7
2025-06-12 21:16:00,20.9
2025-06-12 21:38:00,66.7
2025-06-12 18:27:00,62.2
2025-06-12 02:34:00,91.9
2025-06-12 02:19:00,19.7
2025-06-12 21:48:00,8.2
2025-06-12 12:07:00,50.18838223164841
2025-06-12 14:34:00,15.0
2025-06-12 21:44:00,5.8
2025-06-12 11:48:00,87.6
2025-06-12 10:24:00,42.7
2025-06-12 22:57:00,92.7
2025-06-12 10:07:00,23.4
2025-06-12 03:23:00,50.18838223164841
2025-06-12 16:52:00,22.3
2025-06-12 06:54:00,74.0
2025-06-12 17:19:00,50.18838223164841
2025-06-12 16:41:00,56.3
2025-06-12 15:58:00,87.6
2025-06-12 12:52:00,83.6
2025-06-12 03:28:00,93.3
2025-06-12 15:38:00,97.8
2025-06-12 17:24:00,50.4
2025-06-12 20:09:00,61.7
2025-06-12 09:17:00,59.6
2025-06-12 18:58:00,20.6
2025-06-12 01:06:00,32.7
2025-06-12 21:09:00,91.4
2025-06-12 19:51:00,18.9
2025-06-12 22:52:00,71.0
2025-06-12 08:19:00,76.2
2025-06-12 15:55:00,25.5
2025-06-12 11:10:00,94.2
2025-06-12 02:42:00,42.8
2025-06-12 17:30:00,76.7
2025-06-12 06:05:00,75.5
2025-06-12 07:06:00,99.9
2025-06-12 12:58:00,50.18838223164841
2025-06-12 02:17:00,83.7
2025-06-12 17:03:00,76.3
2025-06-12 17:27:00,1.8
2025-06-12 08:31:00,18.2
2025-06-12 08:28:00,2.1
2025-06-12 06:53:00,50.18838223164841
2025-06-12 20:11:00,21.7
2025-06-12 08:39:00,98.3
2025-06-12 13:51:00,18.5
2025-06-12 15:58:00,44.7
2025-06-12 02:14:00,89.4
2025-06-12 09:46:00,40.2
2025-06-12 12:09:00,39.1
2025-06-12 04:38:00,2.5
2025-06-12 04:13:00,5.2
2025-06-12 01:16:00,29.7
2025-06-12 10:42:00,7.8
2025-06-12 21:32:00,74.6
2025-06-12 00:01:00,65.4
2025-06-12 15:14:00,72.0
2025-06-12 22:42:00,52.5
2025-06-12 10:24:00,0.9
2025-06-12 02:22:00,81.9
2025-06-12 16:23:00,58.7
2025-06-12 16:15:00,50.18838223164841
2025-06-12 15:21:00,50.18838223164841
2025-06-12 15:10:00,50.18838223164841
2025-06-12 09:45:00,50.18838223164841
2025-06-12 12:48:00,21.0
2025-06-12 19:31:00,25.5
2025-06-12 19:33:00,58.9
2025-06-12 18:25:00,32.8
2025-06-12 23:54:00,75.8
2025-06-12 14:12:00,7.8
2025-06-12 17:31:00,50.18838223164841
2025-06-12 19:35:00,77.0
2025-06-12 00:36:00,22.6
2025-06-12 05:50:00,45.6
2025-06-12 18:51:00,3.0
2025-06-12 07:55:00,40.7
2025-06-12 17:11:00,8.9
2025-06-12 04:45:00,88.7
2025-06-12 02:28:00,73.2
2025-06-12 14:01:00,15.8
2025-06-12 22:44:00,93.3
2025-06-12 05:56:00,92.9
2025-06-12 01:02:00,59.3
2025-06-12 17:40:00,78.6
2025-06-12 17:20:00,2.4
2025-06-12 20:41:00,47.4
2025-06-12 00:42:00,50.18838223164841
2025-06-12 08:37:00,24.7
2025-06-12 15:08:00,26.2
2025-06-12 06:44:00,33.8
2025-06-12 11:59:00,56.0
2025-06-12 17:52:00,44.1
2025-06-12 17:28:00,88.8
2025-06-12 13:20:00,5.3
2025-06-12 07:39:00,24.1
2025-06-12 11:27:00,22.2
2025-06-12 08:45:00,31.2
2025-06-12 13:31:00,44.6
2025-06-12 15:58:00,3.7
2025-06-12 19:37:00,73.8
2025-06-12 08:53:00,33.4
2025-06-12 02:45:00,82.6
2025-06-12 21:43:00,24.7
2025-06-12 01:27:00,70.9
2025-06-12 03:36:00,55.8
2025-06-12 06:13:00,50.18838223164841
2025-06-12 18:51:00,81.2
2025-06-12 05:04:00,72.9
2025-06-12 07:21:00,11.6
2025-06-12 02:43:00,10.6
2025-06-12 12:44:00,98.0
2025-06-12 06:31:00,69.1
2025-06-12 08:41:00,94.2
2025-06-12 18:04:00,36.4
2025-06-12 11:48:00,40.1
2025-06-12 03:28:00,92.6
2025-06-12 00:14:00,47.6
2025-06-12 18:51:00,50.18838223164841
2025-06-12 20:40:00,12.6
2025-06-12 18:23:00,63.2
2025-06-12 14:41:00,47.8
2025-06-12 21:59:00,50.18838223164841
2025-06-12 19:25:00,2.0
2025-06-12 03:32:00,87.6
2025-06-12 01:47:00,31.6
2025-06-12 03:41:00,83.9
2025-06-12 13:08:00,22.9
2025-06-12 01:02:00,50.18838223164841
2025-06-12 19:21:00,60.8
2025-06-12 02:04:00,68.2
2025-06-12 07:33:00,16.5
2025-06-12 05:23:00,51.3
2025-06-12 04:04:00,75.3
2025-06-12 12:25:00,10.2
2025-06-12 20:24:00,50.18838223164841
2025-06-12 12:39:00,5.9
2025-06-12 15:38:00,92.2
2025-06-12 17:20:00,19.2
2025-06-12 22:18:00,50.18838223164841
2025-06-12 06:32:00,50.18838223164841
2025-06-12 12:00:00,21.7
2025-06-12 10:22:00,67.7
2025-06-12 11:57:00,89.4
2025-06-12 03:24:00,2.1
2025-06-12 06:53:00,50.18838223164841
2025-06-12 08:31:00,2.4
2025-06-12 13:21:00,23.7
2025-06-12 23:11:00,53.0
2025-06-12 20:41:00,62.1
2025-06-12 19:33:00,58.7
2025-06-12 08:55:00,76.3
2025-06-12 14:04:00,12.3
2025-06-12 08:25:00,7.3
2025-06-12 10:34:00,50.18838223164841
2025-06-12 11:44:00,32.4
2025-06-12 21:00:00,60.9
2025-06-12 07:07:00,50.18838223164841
2025-06-12 12:44:00,96.8
2025-06-12 22:08:00,73.3
2025-06-12 08:37:00,82.4
2025-06-12 21:59:00,19.4
2025-06-12 01:40:00,50.18838223164841
2025-06-12 15:18:00,83.5
2025-06-12 02:55:00,50.18838223164841
2025-06-12 14:52:00,50.18838223164841
2025-06-12 02:53:00,50.18838223164841
2025-06-12 07:50:00,41.8
2025-06-12 20:31:00,71.7
2025-06-12 01:22:00,50.18838223164841
2025-06-12 18:09:00,79.7
2025-06-12 00:08:00,35.0
2025-06-12 05:28:00,50.18838223164841
2025-06-12 16:28:00,15.7
2025-06-12 10:03:00,50.18838223164841
2025-06-12 19:38:00,58.8
2025-06-12 14:56:00,80.8
2025-06-12 15:03:00,11.4
2025-06-12 13:37:00,50.18838223164841
2025-06-12 18:01:00,50.18838223164841
2025-06-12 01:27:00,11.1
2025-06-12 12:27:00,50.18838223164841
2025-06-12 05:28:00,77.0
2025-06-12 12:10:00,35.7
2025-06-12 09:20:00,50.18838223164841
2025-06-12 04:10:00,93.1
2025-06-12 22:14:00,11.1
2025-06-12 22:21:00,43.1
2025-06-12 01:23:00,34.7
2025-06-12 08:36:00,77.8
2025-06-12 10:57:00,51.9
2025-06-12 17:02:00,79.9
2025-06-12 05:46:00,50.18838223164841
2025-06-12 00:32:00,79.8
2025-06-12 04:40:00,27.1
2025-06-12 17:06:00,69.3
2025-06-12 07:49:00,50.18838223164841
2025-06-12 20:54:00,65.1
2025-06-12 13:27:00,91.8
2025-06-12 20:46:00,85.8
2025-06-12 20:44:00,50.18838223164841
2025-06-12 20:02:00,6.4
2025-06-12 16:59:00,47.2
2025-06-12 05:41:00,76.4
2025-06-12 20:12:00,90.0
2025-06-12 17:04:00,75.8
2025-06-12 09:13:00,43.9
2025-06-12 16:06:00,73.6
2025-06-12 12:13:00,27.8
2025-06-12 13:47:00,27.1
2025-06-12 22:53:00,53.2
2025-06-12 10:56:00,28.1
2025-06-12 12:43:00,66.9
2025-06-12 21:08:00,78.0
2025-06-12 04:00:00,50.18838223164841
2025-06-12 16:07:00,50.18838223164841
2025-06-12 04:23:00,62.0
2025-06-12 15:59:00,54.8
2025-06-12 07:05:00,77.2
2025-06-12 07:05:00,92.2
2025-06-12 13:11:00,18.8
2025-06-12 03:13:00,41.8
2025-06-12 06:31:00,28.2
2025-06-12 14:21:00,92.3
2025-06-12 13:32:00,8.2
2025-06-12 21:23:00,88.0
2025-06-12 22:18:00,83.3
2025-06-12 08:43:00,50.18838223164841
2025-06-12 13:06:00,76.3
2025-06-12 08:26:00,50.18838223164841
2025-06-12 11:07:00,29.4
2025-06-12 23:06:00,85.4
2025-06-12 00:33:00,66.8
2025-06-12 07:02:00,50.18838223164841
2025-06-12 18:28:00,37.1
2025-06-12 00:40:00,8.7
2025-06-12 13:05:00,45.7
2025-06-12 08:17:00,97.0
2025-06-12 23:41:00,53.9
2025-06-12 03:45:00,65.9
2025-06-12 15:34:00,31.6
2025-06-12 10:39:00,79.6
2025-06-12 18:30:00,23.7
2025-06-12 12:45:00,99.2
2025-06-12 00:49:00,14.6
2025-06-12 01:26:00,63.5
2025-06-12 20:13:00,41.5
2025-06-12 08:32:00,91.5
2025-06-12 19:11:00,5.5
2025-06-12 23:13:00,99.8
2025-06-12 05:39:00,50.18838223164841
2025-06-12 11:04:00,22.6
2025-06-12 16:18:00,85.7
2025-06-12 12:31:00,19.7
2025-06-12 01:02:00,26.7
2025-06-12 04:12:00,89.7
2025-06-12 09:48:00,34.3
2025-06-12 15:41:00,63.0
2025-06-12 12:45:00,93.6
2025-06-12 09:24:00,34.2
2025-06-12 21:51:00,31.4
2025-06-12 06:36:00,19.9
2025-06-12 17:00:00,49.927249175694776
2025-06-12 19:05:00,92.3
2025-06-12 22:27:00,49.927249175694776
2025-06-12 18:35:00,13.2
2025-06-12 13:08:00,72.3
2025-06-12 20:29:00,96.4
2025-06-12 12:31:00,90.6
2025-06-12 11:09:00,93.6
2025-06-12 22:58:00,54.2
2025-06-12 12:23:00,51.4
2025-06-12 23:52:00,20.7
2025-06-12 11:04:00,68.2
2025-06-12 20:17:00,52.0
2025-06-12 09:04:00,55.3
2025-06-12 15:36:00,51.4
2025-06-12 06:58:00,89.1
2025-06-12 16:01:00,93.7
2025-06-12 16:19:00,23.9
2025-06-12 02:42:00,68.4
2025-06-12 18:30:00,76.9
2025-06-12 08:37:00,51.7
2025-06-12 21:54:00,80.3
2025-06-12 11:01:00,49.927249175694776
2025-06-12 06:06:00,96.8
2025-06-12 23:25:00,28.1
2025-06-12 18:09:00,93.3
2025-06-12 12:19:00,82.3
2025-06-12 02:51:00,8.0
2025-06-12 04:47:00,49.927249175694776
2025-06-12 06:50:00,54.3
2025-06-12 03:32:00,22.1
2025-06-12 07:46:00,23.0
2025-06-12 01:36:00,16.5
2025-06-12 15:53:00,26.7
2025-06-12 13:49:00,49.927249175694776
2025-06-12 23:43:00,35.6
2025-06-12 19:44:00,64.5
2025-06-12 23:33:00,86.5
2025-06-12 22:21:00,49.927249175694776
2025-06-12 02:09:00,49.927249175694776
2025-06-12 12:05:00,64.0
2025-06-12 18:49:00,99.8
2025-06-12 17:05:00,40.8
2025-06-12 18:16:00,95.4
2025-06-12 12:47:00,49.927249175694776
2025-06-12 16:47:00,49.4
2025-06-12 20:48:00,44.4
2025-06-12 20:21:00,13.7
2025-06-12 18:43:00,80.2
2025-06-12 19:27:00,78.7
2025-06-12 02:17:00,71.3
2025-06-12 14:29:00,8.3
2025-06-12 17:57:00,92.7
2025-06-12 03:15:00,7.8
2025-06-12 22:48:00,49.927249175694776
2025-06-12 19:51:00,8.2
2025-06-12 09:58:00,34.9
2025-06-12 01:18:00,44.5
2025-06-12 18:06:00,7.7
2025-06-12 14:35:00,49.927249175694776
2025-06-12 09:20:00,12.6
2025-06-12 06:07:00,92.0
2025-06-12 10:12:00,93.5
2025-06-12 23:03:00,81.9
2025-06-12 16:12:00,23.2
2025-06-12 00:14:00,90.9
2025-06-12 18:41:00,49.927249175694776
2025-06-12 03:04:00,79.6
2025-06-12 15:43:00,35.9
2025-06-12 06:09:00,22.7
2025-06-12 11:06:00,47.1
2025-06-12 00:04:00,31.7
2025-06-12 01:42:00,41.3
2025-06-12 20:06:00,39.7
2025-06-12 04:12:00,49.927249175694776
2025-06-12 04:21:00,94.6
2025-06-12 15:32:00,6.7
2025-06-12 05:58:00,40.1
2025-06-12 16:16:00,20.6
2025-06-12 15:40:00,94.0
2025-06-12 04:18:00,41.2
2025-06-12 07:06:00,90.3
2025-06-12 17:37:00,77.5
2025-06-12 01:49:00,66.5
2025-06-12 12:11:00,59.4
2025-06-12 21:17:00,50.4
2025-06-12 11:53:00,66.4
2025-06-12 02:38:00,81.7
2025-06-12 00:26:00,80.8
2025-06-12 02:30:00,49.927249175694776
2025-06-12 03:08:00,49.927249175694776
2025-06-12 07:47:00,43.2
2025-06-12 22:16:00,18.9
2025-06-12 15:27:00,48.8
2025-06-12 07:20:00,97.3
2025-06-12 01:03:00,2.7
2025-06-12 03:17:00,98.5
2025-06-12 21:09:00,27.2
2025-06-12 18:30:00,60.5
2025-06-12 16:06:00,3.6
2025-06-12 07:08:00,35.0
2025-06-12 08:38:00,67.4
2025-06-12 07:12:00,82.1
2025-06-12 17:42:00,41.9
2025-06-12 14:06:00,49.927249175694776
2025-06-12 03:54:00,34.6
2025-06-12 07:06:00,69.3
2025-06-12 16:17:00,82.4
2025-06-12 04:29:00,47.6
2025-06-12 07:47:00,20.2
2025-06-12 17:51:00,0.3
2025-06-12 16:07:00,49.927249175694776
2025-06-12 17:19:00,72.2
2025-06-12 17:00:00,31.7
2025-06-12 06:26:00,40.7
2025-06-12 20:33:00,8.0
2025-06-12 17:19:00,4.9
2025-06-12 03:47:00,32.7
2025-06-12 16:47:00,4.5
2025-06-12 14:54:00,61.0
2025-06-12 16:40:00,49.927249175694776
2025-06-12 11:07:00,78.5
2025-06-12 23:40:00,29.0
2025-06-12 21:49:00,77.5
2025-06-12 01:44:00,38.6
2025-06-12 11:00:00,95.5
2025-06-12 16:02:00,11.0
2025-06-12 09:48:00,49.927249175694776
2025-06-12 13:55:00,43.6
2025-06-12 11:55:00,89.7
2025-06-12 12:52:00,49.927249175694776
2025-06-12 14:06:00,76.2
2025-06-12 22:41:00,93.3
2025-06-12 10:10:00,46.0
2025-06-12 08:25:00,49.927249175694776
2025-06-12 22:35:00,45.0
2025-06-12 10:34:00,85.7
2025-06-12 02:41:00,78.4
2025-06-12 02:57:00,92.0
2025-06-12 13:08:00,49.927249175694776
2025-06-12 20:04:00,82.7
2025-06-12 11:45:00,55.9
2025-06-12 06:02:00,61.5
2025-06-12 22:01:00,49.927249175694776
2025-06-12 23:40:00,41.0
2025-06-12 20:13:00,60.0
2025-06-12 22:15:00,64.6
2025-06-12 00:09:00,17.6
2025-06-12 16:19:00,7.3
2025-06-12 01:42:00,67.6
2025-06-12 20:39:00,39.5
2025-06-12 02:29:00,53.6
2025-06-12 00:01:00,49.927249175694776
2025-06-12 15:14:00,88.0
2025-06-12 15:00:00,36.2
2025-06-12 20:11:00,98.3
2025-06-12 08:14:00,9.6
2025-06-12 08:20:00,54.6
2025-06-12 12:19:00,49.927249175694776
2025-06-12 18:47:00,37.4
2025-06-12 09:03:00,96.0
2025-06-12 02:13:00,49.927249175694776
2025-06-12 03:29:00,8.0
2025-06-12 07:31:00,36.3
2025-06-12 02:33:00,49.927249175694776
2025-06-12 07:14:00,33.9
2025-06-12 02:24:00,73.2
2025-06-12 10:08:00,62.7
2025-06-12 15:02:00,97.6
2025-06-12 13:58:00,74.0
2025-06-12 16:27:00,73.7
2025-06-12 03:02:00,1.5
2025-06-12 10:21:00,25.4
2025-06-12 22:44:00,43.5
2025-06-12 22:38:00,25.3
2025-06-12 00:37:00,78.4
2025-06-12 17:23:00,45.6
2025-06-12 13:45:00,2.2
2025-06-12 07:32:00,58.0
2025-06-12 03:15:00,0.7
2025-06-12 20:07:00,28.2
2025-06-12 01:13:00,16.8
2025-06-12 11:45:00,49.927249175694776
2025-06-12 12:34:00,89.3
2025-06-12 03:45:00,49.927249175694776
2025-06-12 15:13:00,49.927249175694776
2025-06-12 20:40:00,6.4
2025-06-12 02:50:00,32.2
2025-06-12 04:55:00,53.9
2025-06-12 06:44:00,16.9
2025-06-12 14:53:00,58.3
2025-06-12 15:44:00,49.927249175694776
2025-06-12 10:12:00,38.3
2025-06-12 06:15:00,6.6
2025-06-12 01:34:00,40.8
2025-06-12 23:22:00,49.927249175694776
2025-06-12 18:30:00,49.927249175694776
2025-06-12 07:12:00,70.3
2025-06-12 17:10:00,25.7
2025-06-12 00:37:00,10.0
2025-06-12 12:42:00,75.8
2025-06-12 11:34:00,97.0
2025-06-12 06:22:00,46.5
2025-06-12 09:33:00,45.9
2025-06-12 09:34:00,48.5
2025-06-12 08:30:00,44.2
2025-06-12 09:30:00,10.0
2025-06-12 05:48:00,37.4
2025-06-12 00:09:00,9.2
2025-06-12 14:47:00,42.6
2025-06-12 22:10:00,19.7
2025-06-12 17:18:00,84.9
2025-06-12 09:40:00,23.8
2025-06-12 00:32:00,15.1
2025-06-12 23:20:00,66.3
2025-06-12 12:43:00,11.8
2025-06-12 17:19:00,30.0
2025-06-12 11:47:00,33.1
2025-06-12 19:34:00,22.4
2025-06-12 02:17:00,72.3
2025-06-12 21:52:00,49.927249175694776
2025-06-12 10:33:00,18.7
2025-06-12 15:32:00,22.6
2025-06-12 05:34:00,25.6
2025-06-12 11:59:00,3.0
2025-06-12 15:24:00,88.3
2025-06-12 10:07:00,49.8
2025-06-12 06:43:00,12.1
2025-06-12 00:49:00,19.2
2025-06-12 02:00:00,37.0
2025-06-12 09:55:00,20.8
2025-06-12 20:47:00,67.1
2025-06-12 02:55:00,98.5
2025-06-12 10:01:00,73.5
2025-06-12 03:23:00,8.3
2025-06-12 20:13:00,33.6
2025-06-12 01:54:00,60.7
2025-06-12 17:40:00,32.9
2025-06-12 20:26:00,4.7
2025-06-12 05:17:00,24.6
2025-06-12 06:53:00,94.8
2025-06-12 11:57:00,94.8
2025-06-12 15:38:00,7.9
2025-06-12 08:52:00,81.7
2025-06-12 06:55:00,49.927249175694776
2025-06-12 16:59:00,41.1
2025-06-12 16:44:00,17.9
2025-06-12 00:00:00,0.1
2025-06-12 06:41:00,86.0
2025-06-12 02:26:00,66.2
2025-06-12 09:40:00,49.927249175694776
2025-06-12 00:01:00,87.7
2025-06-12 05:33:00,73.1
2025-06-12 10:04:00,33.6
2025-06-12 02:29:00,47.4
2025-06-12 23:19:00,47.0
2025-06-12 08:18:00,52.3
2025-06-12 11:35:00,97.1
2025-06-12 22:50:00,4.0
2025-06-12 14:24:00,2.7
2025-06-12 13:40:00,70.5
2025-06-12 23:11:00,31.8
2025-06-12 07:47:00,91.0
2025-06-12 05:57:00,63.6
2025-06-12 15:48:00,26.5
2025-06-12 10:59:00,60.3
2025-06-12 00:33:00,55.8
2025-06-12 16:37:00,32.7
2025-06-12 20:50:00,65.0
2025-06-12 22:15:00,89.2
2025-06-12 15:18:00,49.7
2025-06-12 14:20:00,6.7
2025-06-12 05:18:00,69.0
2025-06-12 17:04:00,19.7
2025-06-12 02:42:00,49.927249175694776
2025-06-12 09:48:00,41.5
2025-06-12 16:40:00,4.2
2025-06-12 04:38:00,44.8
2025-06-12 19:55:00,87.6
2025-06-12 03:46:00,30.0
2025-06-12 13:52:00,94.0
2025-06-12 04:30:00,55.3
2025-06-12 00:18:00,73.1
2025-06-12 05:37:00,31.4
2025-06-12 10:44:00,1.3
2025-06-12 09:53:00,49.927249175694776
2025-06-12 03:48:00,49.927249175694776
2025-06-12 04:04:00,15.4
2025-06-12 12:48:00,3.1
2025-06-12 10:15:00,65.7
2025-06-12 16:11:00,16.3
2025-06-12 13:58:00,2.5
2025-06-12 03:36:00,49.927249175694776
2025-06-12 12:01:00,20.7
2025-06-12 15:50:00,5.7
2025-06-12 17:03:00,22.8
2025-06-12 08:15:00,93.3
2025-06-12 20:23:00,17.2
2025-06-12 19:34:00,40.9
2025-06-12 04:29:00,70.3
2025-06-12 07:51:00,2.8
2025-06-12 22:24:00,12.8
2025-06-12 12:45:00,24.0
2025-06-12 20:23:00,19.7
2025-06-12 18:21:00,9.0
2025-06-12 01:50:00,33.6
2025-06-12 21:10:00,39.9
2025-06-12 17:23:00,77.1
2025-06-12 22:22:00,49.927249175694776
2025-06-12 08:32:00,54.9
2025-06-12 17:12:00,87.3
2025-06-12 14:14:00,30.9
2025-06-12 09:14:00,33.8
2025-06-12 21:45:00,14.8
2025-06-12 08:18:00,52.5
2025-06-12 10:53:00,64.4
2025-06-12 12:01:00,49.72265128325876
2025-06-12 21:06:00,49.72265128325876
2025-06-12 22:32:00,84.0
2025-06-12 15:10:00,0.3
2025-06-12 14:41:00,63.2
2025-06-12 20:34:00,94.3
2025-06-12 10:18:00,62.4
2025-06-12 14:27:00,87.7
2025-06-12 10:52:00,25.6
2025-06-12 20:47:00,9.9
2025-06-12 19:24:00,71.4
2025-06-12 17:37:00,39.5
2025-06-12 17:32:00,49.72265128325876
2025-06-12 17:33:00,98.7
2025-06-12 07:47:00,60.3
2025-06-12 01:32:00,6.8
2025-06-12 18:21:00,2.3
2025-06-12 09:39:00,46.7
2025-06-12 05:06:00,80.3
2025-06-12 12:32:00,49.72265128325876
2025-06-12 09:52:00,13.7
2025-06-12 02:44:00,84.1
2025-06-12 00:21:00,64.1
2025-06-12 00:16:00,49.72265128325876
2025-06-12 06:28:00,49.2
2025-06-12 18:17:00,67.6
2025-06-12 08:16:00,38.4
2025-06-12 00:28:00,57.5
2025-06-12 16:49:00,44.6
2025-06-12 18:46:00,94.2
2025-06-12 22:36:00,49.72265128325876
2025-06-12 12:33:00,76.4
2025-06-12 20:55:00,51.6
2025-06-12 23:18:00,90.6
2025-06-12 15:23:00,74.5
2025-06-12 06:41:00,3.5
2025-06-12 18:39:00,72.3
2025-06-12 22:33:00,49.72265128325876
2025-06-12 14:13:00,0.1
2025-06-12 15:37:00,49.72265128325876
2025-06-12 06:05:00,89.5
2025-06-12 01:22:00,58.7
2025-06-12 02:09:00,85.1
2025-06-12 07:55:00,74.8
2025-06-12 07:45:00,92.4
2025-06-12 03:06:00,0.9
2025-06-12 16:31:00,97.3
2025-06-12 13:08:00,86.3
2025-06-12 10:48:00,80.7
2025-06-12 18:38:00,13.3
2025-06-12 00:27:00,49.72265128325876
2025-06-12 20:36:00,39.7
2025-06-12 17:02:00,45.6
2025-06-12 15:47:00,21.4
2025-06-12 23:50:00,69.5
2025-06-12 11:51:00,6.0
2025-06-12 11:04:00,30.0
2025-06-12 02:13:00,69.0
2025-06-12 05:14:00,40.2
2025-06-12 09:39:00,88.0
2025-06-12 05:04:00,73.6
2025-06-12 17:32:00,8.2
2025-06-12 10:34:00,90.8
2025-06-12 22:12:00,39.9
2025-06-12 15:57:00,49.72265128325876
2025-06-12 14:55:00,82.5
2025-06-12 16:22:00,20.7
2025-06-12 22:48:00,29.8
2025-06-12 05:04:00,79.0
2025-06-12 21:31:00,49.72265128325876
2025-06-12 04:04:00,31.6
2025-06-12 01:44:00,0.6
2025-06-12 09:19:00,10.0
2025-06-12 07:53:00,0.3
2025-06-12 09:02:00,62.5
2025-06-12 22:52:00,17.0
2025-06-12 05:34:00,50.2
2025-06-12 03:23:00,4.7
2025-06-12 11:02:00,77.3
2025-06-12 20:56:00,49.72265128325876
2025-06-12 04:23:00,49.72265128325876
2025-06-12 18:39:00,26.0
2025-06-12 04:10:00,11.4
2025-06-12 04:11:00,85.6
2025-06-12 09:43:00,62.8
2025-06-12 08:44:00,49.72265128325876
2025-06-12 01:51:00,49.72265128325876
2025-06-12 00:45:00,16.7
2025-06-12 01:35:00,15.7
2025-06-12 03:37:00,90.7
2025-06-12 18:58:00,30.7
2025-06-12 11:55:00,28.9
2025-06-12 02:04:00,49.72265128325876
2025-06-12 07:47:00,80.4
2025-06-12 12:17:00,79.1
2025-06-12 20:16:00,14.7
2025-06-12 10:38:00,45.4
2025-06-12 00:10:00,70.7
2025-06-12 14:49:00,86.5
2025-06-12 05:19:00,65.9
2025-06-12 17:00:00,49.0
2025-06-12 19:09:00,71.0
2025-06-12 15:57:00,49.72265128325876
2025-06-12 13:39:00,62.8
2025-06-12 22:05:00,31.7
2025-06-12 17:30:00,49.72265128325876
2025-06-12 02:22:00,74.5
2025-06-12 01:05:00,85.1
2025-06-12 05:14:00,49.72265128325876
2025-06-12 15:03:00,73.8
2025-06-12 12:58:00,49.72265128325876
2025-06-12 21:02:00,60.0
2025-06-12 07:53:00,49.72265128325876
2025-06-12 14:25:00,0.6
2025-06-12 13:00:00,63.3
2025-06-12 17:17:00,67.9
2025-06-12 01:03:00,42.4
2025-06-12 04:13:00,49.72265128325876
2025-06-12 21:32:00,50.0
2025-06-12 00:27:00,99.8
2025-06-12 06:24:00,43.0
2025-06-12 08:53:00,27.5
2025-06-12 10:33:00,52.5
2025-06-12 12:38:00,35.2
2025-06-12 02:51:00,22.7
2025-06-12 03:31:00,62.7
2025-06-12 17:58:00,46.9
2025-06-12 15:59:00,29.5
2025-06-12 09:15:00,94.6
2025-06-12 06:31:00,76.3
2025-06-12 11:29:00,71.5
2025-06-12 20:25:00,49.72265128325876
2025-06-12 19:49:00,1.6
2025-06-12 00:06:00,0.1
2025-06-12 15:19:00,93.4
2025-06-12 18:10:00,30.9
2025-06-12 14:42:00,57.1
2025-06-12 17:52:00,69.7
2025-06-12 11:43:00,37.1
2025-06-12 13:40:00,16.8
2025-06-12 08:57:00,49.72265128325876
2025-06-12 19:38:00,32.1
2025-06-12 21:43:00,41.3
2025-06-12 13:31:00,53.3
2025-06-12 05:16:00,68.1
2025-06-12 00:30:00,59.7
2025-06-12 03:18:00,48.2
2025-06-12 13:09:00,76.6
2025-06-12 11:14:00,71.6
2025-06-12 05:15:00,0.9
2025-06-12 23:57:00,38.8
2025-06-12 09:25:00,24.0
2025-06-12 03:08:00,36.6
2025-06-12 00:23:00,63.1
2025-06-12 19:53:00,81.2
2025-06-12 04:02:00,76.3
2025-06-12 17:52:00,4.6
2025-06-12 02:31:00,47.1
2025-06-12 06:04:00,73.2
2025-06-12 00:27:00,75.7
2025-06-12 00:38:00,95.4
2025-06-12 10:59:00,85.7
2025-06-12 10:22:00,77.9
2025-06-12 00:55:00,62.9
2025-06-12 12:17:00,7.9
2025-06-12 06:51:00,99.3
2025-06-12 14:05:00,39.0
2025-06-12 23:20:00,0.7
2025-06-12 05:36:00,5.1
2025-06-12 02:30:00,12.9
2025-06-12 02:13:00,67.1
2025-06-12 21:53:00,12.1
2025-06-12 23:27:00,85.1
2025-06-12 08:49:00,30.8
2025-06-12 09:41:00,99.5
2025-06-12 16:04:00,22.0
2025-06-12 14:52:00,14.3
2025-06-12 11:18:00,49.1
2025-06-12 05:00:00,61.8
2025-06-12 05:52:00,92.3
2025-06-12 05:44:00,84.6
2025-06-12 10:19:00,89.1
2025-06-12 10:56:00,1.1
2025-06-12 03:11:00,58.6
2025-06-12 01:54:00,48.0
2025-06-12 13:09:00,46.6
2025-06-12 13:52:00,73.4
2025-06-12 20:03:00,1.1
2025-06-12 16:16:00,49.72265128325876
2025-06-12 10:43:00,10.2
2025-06-12 11:00:00,60.9
2025-06-12 17:33:00,46.3
2025-06-12 00:32:00,95.9
2025-06-12 14:51:00,56.6
2025-06-12 19:15:00,62.4
2025-06-12 22:11:00,8.1
2025-06-12 17:43:00,66.4
2025-06-12 20:43:00,0.8
2025-06-12 05:27:00,37.1
2025-06-12 18:36:00,25.3
2025-06-12 04:32:00,0.4
2025-06-12 19:06:00,70.5
2025-06-12 17:10:00,43.3
2025-06-12 14:02:00,54.1
2025-06-12 20:14:00,77.0
2025-06-12 13:39:00,29.3
2025-06-12 11:16:00,49.72265128325876
2025-06-12 13:08:00,44.1
2025-06-12 15:12:00,47.8
2025-06-12 11:27:00,34.8
2025-06-12 01:41:00,47.7
2025-06-12 23:12:00,20.6
2025-06-12 13:10:00,30.3
2025-06-12 15:40:00,13.2
2025-06-12 13:53:00,85.2
2025-06-12 13:25:00,49.72265128325876
2025-06-12 22:57:00,90.3
2025-06-12 19:35:00,18.7
2025-06-12 01:44:00,83.7
2025-06-12 01:38:00,25.8
2025-06-12 04:20:00,88.0
2025-06-12 13:53:00,99.5
2025-06-12 03:30:00,69.6
2025-06-12 06:45:00,61.6
2025-06-12 13:59:00,89.2
2025-06-12 05:50:00,16.9
2025-06-12 08:17:00,27.6
2025-06-12 20:47:00,36.1
2025-06-12 11:51:00,87.5
2025-06-12 12:30:00,58.0
2025-06-12 12:07:00,6.3
2025-06-12 17:24:00,49.72265128325876
2025-06-12 22:12:00,59.9
2025-06-12 23:57:00,9.2
2025-06-12 08:13:00,49.72265128325876
2025-06-12 18:31:00,27.7
2025-06-12 12:08:00,36.6
2025-06-12 07:05:00,65.3
2025-06-12 16:32:00,68.8
2025-06-12 06:18:00,91.0
2025-06-12 12:27:00,62.4
2025-06-12 00:18:00,63.2
2025-06-12 22:18:00,32.1
2025-06-12 19:35:00,80.3
2025-06-12 20:24:00,66.4
2025-06-12 17:55:00,83.1
2025-06-12 19:00:00,3.2
2025-06-12 21:13:00,89.2
2025-06-12 01:04:00,31.6
2025-06-12 05:22:00,21.0
2025-06-12 10:33:00,56.8
2025-06-12 06:46:00,53.8
2025-06-12 19:11:00,72.3
2025-06-12 12:26:00,9.5
2025-06-12 04:19:00,96.7
2025-06-12 20:06:00,63.0
2025-06-12 06:40:00,49.72265128325876
2025-06-12 05:00:00,70.3
2025-06-12 04:56:00,33.7
2025-06-12 20:50:00,58.0
2025-06-12 16:07:00,15.0
2025-06-12 23:55:00,56.0
2025-06-12 02:43:00,50.9
2025-06-12 12:10:00,49.72265128325876
2025-06-12 21:29:00,25.4
2025-06-12 23:10:00,14.5
2025-06-12 12:04:00,81.0
2025-06-12 10:07:00,25.5
2025-06-12 08:26:00,49.72265128325876
2025-06-12 19:26:00,67.1
2025-06-12 18:35:00,49.72265128325876
2025-06-12 07:32:00,48.5
2025-06-12 18:34:00,10.3
2025-06-12 23:48:00,49.72265128325876
2025-06-12 07:19:00,90.4
2025-06-12 09:03:00,70.9
2025-06-12 23:28:00,95.4
2025-06-12 15:47:00,76.7
2025-06-12 05:02:00,2.2
2025-06-12 00:34:00,7.5
2025-06-12 23:29:00,57.7
2025-06-12 19:42:00,50.6
2025-06-12 12:38:00,67.0
2025-06-12 08:51:00,53.1
2025-06-12 12:39:00,10.3
2025-06-12 03:45:00,65.6
2025-06-12 00:45:00,30.3
2025-06-12 01:23:00,72.5
2025-06-12 04:42:00,47.1
2025-06-12 00:42:00,51.3
2025-06-12 09:17:00,4.3
2025-06-12 16:18:00,49.72265128325876
2025-06-12 05:34:00,98.9
2025-06-12 11:21:00,49.72265128325876
2025-06-12 03:57:00,96.7
2025-06-12 09:06:00,76.9
2025-06-12 18:50:00,91.9
2025-06-12 01:55:00,80.5
2025-06-12 03:06:00,84.1
2025-06-12 19:14:00,68.6
2025-06-12 11:25:00,49.2
2025-06-12 03:53:00,24.5
2025-06-12 03:52:00,49.72265128325876
2025-06-12 20:55:00,4.4
2025-06-12 09:42:00,88.3
2025-06-12 14:25:00,49.72265128325876
2025-06-12 10:45:00,38.0
2025-06-12 13:00:00,61.1
2025-06-12 06:50:00,37.9
2025-06-12 10:09:00,78.8
2025-06-12 20:50:00,67.0
2025-06-12 16:29:00,47.8
2025-06-12 23:00:00,49.72265128325876
2025-06-12 15:25:00,49.72265128325876
2025-06-12 09:26:00,96.2
2025-06-12 22:30:00,65.7
2025-06-12 03:26:00,49.72265128325876
2025-06-12 06:46:00,70.2
2025-06-12 03:09:00,14.4
2025-06-12 19:00:00,85.6
2025-06-12 12:18:00,49.72265128325876
2025-06-12 16:16:00,7.4
2025-06-12 00:02:00,70.8
2025-06-12 09:49:00,51.3
2025-06-12 13:54:00,90.7
2025-06-12 18:40:00,26.7
2025-06-12 14:25:00,61.4
2025-06-12 02:37:00,7.5
2025-06-12 07:12:00,75.3
2025-06-12 16:08:00,21.6
2025-06-12 20:02:00,49.72265128325876
2025-06-12 23:02:00,33.2
2025-06-12 00:42:00,83.2
2025-06-12 16:58:00,62.0
2025-06-12 20:09:00,98.8
2025-06-12 15:30:00,27.2
2025-06-12 06:09:00,49.72265128325876
2025-06-12 09:20:00,59.0
2025-06-12 18:13:00,17.8
2025-06-12 18:22:00,22.6
2025-06-12 03:43:00,55.5
2025-06-12 03:23:00,96.3
2025-06-12 01:02:00,37.1
2025-06-12 15:05:00,50.25777465777466
2025-06-12 04:40:00,50.25777465777466
2025-06-12 08:07:00,39.7
2025-06-12 00:40:00,4.0
2025-06-12 23:17:00,57.3
2025-06-12 04:07:00,67.2
2025-06-12 12:47:00,80.5
2025-06-12 04:46:00,50.25777465777466
2025-06-12 14:12:00,50.25777465777466
2025-06-12 08:31:00,58.6
2025-06-12 04:12:00,27.8
2025-06-12 05:03:00,10.4
2025-06-12 10:39:00,33.6
2025-06-12 18:13:00,50.25777465777466
2025-06-12 03:13:00,83.6
2025-06-12 19:45:00,45.3
2025-06-12 20:07:00,97.1
2025-06-12 17:42:00,97.8
2025-06-12 17:35:00,77.1
2025-06-12 10:56:00,40.4
2025-06-12 05:37:00,16.5
2025-06-12 14:06:00,3.4
2025-06-12 10:17:00,44.9
2025-06-12 15:04:00,89.3
2025-06-12 23:26:00,51.5
2025-06-12 13:35:00,45.6
2025-06-12 18:51:00,10.3
2025-06-12 19:33:00,53.7
2025-06-12 17:41:00,64.0
2025-06-12 06:35:00,50.25777465777466
2025-06-12 09:38:00,77.3
2025-06-12 13:05:00,37.4
2025-06-12 05:42:00,75.7
2025-06-12 06:09:00,56.1
2025-06-12 14:52:00,90.3
2025-06-12 18:57:00,48.4
2025-06-12 13:21:00,82.8
2025-06-12 23:54:00,73.0
2025-06-12 22:31:00,92.9
2025-06-12 12:44:00,50.25777465777466
2025-06-12 12:33:00,44.8
2025-06-12 20:11:00,13.9
2025-06-12 17:09:00,36.6
2025-06-12 06:12:00,33.9
2025-06-12 08:42:00,50.25777465777466
2025-06-12 05:50:00,64.3
2025-06-12 08:01:00,93.1
2025-06-12 22:26:00,46.7
2025-06-12 02:37:00,54.9
2025-06-12 01:24:00,10.4
2025-06-12 08:15:00,41.6
2025-06-12 18:32:00,50.25777465777466
2025-06-12 17:30:00,29.7
2025-06-12 00:48:00,98.9
2025-06-12 14:40:00,60.6
2025-06-12 07:19:00,66.5
2025-06-12 21:39:00,89.4
2025-06-12 21:20:00,20.4
2025-06-12 09:15:00,50.25777465777466
2025-06-12 08:10:00,50.25777465777466
2025-06-12 22:04:00,18.7
2025-06-12 20:43:00,50.25777465777466
2025-06-12 12:03:00,16.9
2025-06-12 02:37:00,79.0
2025-06-12 23:03:00,50.25777465777466
2025-06-12 01:31:00,0.7
2025-06-12 15:01:00,30.3
2025-06-12 16:36:00,38.3
2025-06-12 11:14:00,39.7
2025-06-12 13:01:00,44.7
2025-06-12 08:33:00,35.6
2025-06-12 05:52:00,38.0
2025-06-12 00:19:00,50.25777465777466
2025-06-12 02:47:00,77.2
2025-06-12 18:43:00,39.1
2025-06-12 23:48:00,9.1
2025-06-12 12:52:00,44.3
2025-06-12 11:01:00,39.6
2025-06-12 07:11:00,80.6
2025-06-12 18:16:00,50.25777465777466
2025-06-12 18:52:00,50.25777465777466
2025-06-12 01:18:00,9.6
2025-06-12 10:55:00,31.2
2025-06-12 04:04:00,9.8
2025-06-12 13:18:00,50.25777465777466
2025-06-12 06:36:00,15.6
2025-06-12 15:52:00,3.4
2025-06-12 21:19:00,11.5
2025-06-12 20:48:00,45.1
2025-06-12 12:41:00,71.9
2025-06-12 21:42:00,49.3
2025-06-12 05:37:00,71.2
2025-06-12 15:26:00,93.1
2025-06-12 07:45:00,18.5
2025-06-12 15:09:00,19.9
2025-06-12 18:44:00,19.8
2025-06-12 12:21:00,1.4
2025-06-12 00:15:00,89.0
2025-06-12 12:52:00,81.3
2025-06-12 12:56:00,50.7
2025-06-12 22:48:00,68.6
2025-06-12 06:50:00,12.2
2025-06-12 11:45:00,51.8
2025-06-12 12:14:00,44.5
2025-06-12 22:32:00,38.5
2025-06-12 15:35:00,29.5
2025-06-12 08:40:00,1.8
2025-06-12 18:17:00,50.25777465777466
2025-06-12 10:39:00,88.3
2025-06-12 02:31:00,2.1
2025-06-12 18:49:00,19.3
2025-06-12 08:08:00,73.5
2025-06-12 16:39:00,79.3
2025-06-12 09:27:00,62.0
2025-06-12 19:56:00,17.3
2025-06-12 08:13:00,50.25777465777466
2025-06-12 10:33:00,41.8
2025-06-12 17:26:00,23.6
2025-06-12 08:37:00,37.4
2025-06-12 06:21:00,79.6
2025-06-12 09:47:00,97.3
2025-06-12 19:57:00,50.25777465777466
2025-06-12 01:11:00,26.2
2025-06-12 07:45:00,20.6
2025-06-12 22:03:00,95.1
2025-06-12 04:16:00,98.6
2025-06-12 06:25:00,3.4
2025-06-12 18:53:00,91.1
2025-06-12 21:35:00,28.3
2025-06-12 04:10:00,15.3
2025-06-12 21:53:00,75.7
2025-06-12 15:15:00,1.1
2025-06-12 11:13:00,59.5
2025-06-12 04:14:00,3.2
2025-06-12 10:56:00,50.25777465777466
2025-06-12 06:06:00,3.5
2025-06-12 11:06:00,52.8
2025-06-12 06:41:00,69.2
2025-06-12 21:10:00,58.3
2025-06-12 03:24:00,70.7
2025-06-12 16:41:00,0.7
2025-06-12 18:37:00,4.4
2025-06-12 07:24:00,20.1
2025-06-12 18:36:00,29.0
2025-06-12 17:37:00,0.1
2025-06-12 15:14:00,86.8
2025-06-12 12:19:00,10.8
2025-06-12 18:15:00,50.25777465777466
2025-06-12 04:20:00,97.2
2025-06-12 01:47:00,14.8
2025-06-12 15:37:00,84.5
2025-06-12 12:30:00,44.4
2025-06-12 06:37:00,37.2
2025-06-12 17:11:00,29.5
2025-06-12 02:50:00,48.1
2025-06-12 07:14:00,60.7
2025-06-12 16:58:00,50.25777465777466
2025-06-12 11:17:00,53.2
2025-06-12 03:37:00,50.25777465777466
2025-06-12 23:08:00,35.9
2025-06-12 04:48:00,41.5
2025-06-12 09:37:00,72.4
2025-06-12 10:42:00,15.3
2025-06-12 15:13:00,60.7
2025-06-12 06:42:00,28.5
2025-06-12 02:48:00,74.3
2025-06-12 04:27:00,18.1
2025-06-12 06:57:00,41.4
2025-06-12 04:28:00,9.2
2025-06-12 10:52:00,42.7
2025-06-12 01:17:00,47.5
2025-06-12 07:02:00,23.4
2025-06-12 22:53:00,16.3
2025-06-12 06:02:00,42.3
2025-06-12 18:09:00,46.7
2025-06-12 21:00:00,92.8
2025-06-12 08:44:00,74.0
2025-06-12 09:27:00,50.25777465777466
2025-06-12 16:53:00,86.7
2025-06-12 19:44:00,68.5
2025-06-12 05:24:00,86.2
2025-06-12 04:33:00,73.5
2025-06-12 19:48:00,50.3
2025-06-12 16:48:00,82.1
2025-06-12 16:23:00,30.2
2025-06-12 00:56:00,50.25777465777466
2025-06-12 06:18:00,38.4
2025-06-12 07:04:00,43.5
2025-06-12 22:31:00,62.8
2025-06-12 08:14:00,1.0
2025-06-12 01:28:00,77.8
2025-06-12 14:00:00,82.4
2025-06-12 02:08:00,80.3
2025-06-12 08:36:00,25.6
2025-06-12 01:20:00,0.5
2025-06-12 06:55:00,51.4
2025-06-12 12:35:00,27.6
2025-06-12 10:56:00,50.25777465777466
2025-06-12 05:23:00,48.5
2025-06-12 23:17:00,51.1
2025-06-12 12:48:00,66.1
2025-06-12 04:40:00,46.2
2025-06-12 01:09:00,50.25777465777466
2025-06-12 09:06:00,84.7
2025-06-12 17:44:00,50.25777465777466
2025-06-12 14:16:00,73.6
2025-06-12 08:47:00,48.4
2025-06-12 00:29:00,52.4
2025-06-12 20:36:00,10.8
2025-06-12 06:00:00,43.8
2025-06-12 06:40:00,50.25777465777466
2025-06-12 15:00:00,29.7
2025-06-12 18:54:00,10.9
2025-06-12 04:44:00,33.7
2025-06-12 05:04:00,99.0
2025-06-12 07:24:00,31.9
2025-06-12 08:32:00,33.0
2025-06-12 06:32:00,50.25777465777466
2025-06-12 19:02:00,50.25777465777466
2025-06-12 20:25:00,35.8
2025-06-12 15:08:00,24.1
2025-06-12 11:34:00,50.25777465777466
2025-06-12 04:11:00,50.25777465777466
2025-06-12 02:03:00,27.6
2025-06-12 14:49:00,23.5
2025-06-12 19:31:00,35.1
2025-06-12 20:40:00,4.8
2025-06-12 09:21:00,71.0
2025-06-12 20:16:00,99.2
2025-06-12 19:27:00,50.25777465777466
2025-06-12 00:35:00,83.0
2025-06-12 05:30:00,58.7
2025-06-12 19:56:00,6.6
2025-06-12 21:07:00,50.25777465777466
2025-06-12 10:30:00,62.5
2025-06-12 15:55:00,58.4
2025-06-12 23:19:00,53.1
2025-06-12 17:31:00,50.25777465777466
2025-06-12 19:28:00,2.8
2025-06-12 10:40:00,21.1
2025-06-12 20:09:00,50.25777465777466
2025-06-12 02:59:00,45.8
2025-06-12 19:36:00,72.1
2025-06-12 16:02:00,50.25777465777466
2025-06-12 09:28:00,34.9
2025-06-12 19:06:00,72.4
2025-06-12 23:05:00,39.3
2025-06-12 13:40:00,3.2
2025-06-12 18:50:00,75.6
2025-06-12 21:52:00,77.7
2025-06-12 07:11:00,35.9
2025-06-12 12:25:00,50.25777465777466
2025-06-12 00:48:00,33.4
2025-06-12 23:00:00,6.6
2025-06-12 06:33:00,83.7
2025-06-12 05:56:00,21.0
2025-06-12 18:11:00,43.3
2025-06-12 06:38:00,50.25777465777466
2025-06-12 15:46:00,11.3
2025-06-12 22:22:00,50.25777465777466
2025-06-12 09:45:00,6.2
2025-06-12 13:32:00,32.0
2025-06-12 04:36:00,62.2
2025-06-12 23:16:00,70.4
2025-06-12 06:08:00,50.25777465777466
2025-06-12 06:29:00,81.7
2025-06-12 17:57:00,93.1
2025-06-12 05:17:00,34.6
2025-06-12 22:19:00,50.25777465777466
2025-06-12 08:20:00,50.25777465777466
2025-06-12 19:32:00,62.3
2025-06-12 09:29:00,49.7
2025-06-12 23:23:00,2.1
2025-06-12 14:08:00,22.7
2025-06-12 11:42:00,92.9
2025-06-12 23:01:00,24.6
2025-06-12 00:43:00,49.4
2025-06-12 01:56:00,79.8
2025-06-12 00:19:00,74.8
2025-06-12 04:11:00,99.4
2025-06-12 09:07:00,98.0
2025-06-12 09:11:00,62.2
2025-06-12 18:03:00,16.1
2025-06-12 21:26:00,70.2
2025-06-12 19:32:00,70.4
2025-06-12 20:46:00,28.3
2025-06-12 02:25:00,69.8
2025-06-12 07:54:00,25.3
2025-06-12 19:13:00,34.8
2025-06-12 02:27:00,2.3
2025-06-12 01:18:00,44.5
2025-06-12 07:59:00,96.2
2025-06-12 03:41:00,72.6
2025-06-12 17:36:00,74.5
2025-06-12 04:35:00,23.9
2025-06-12 14:46:00,40.9
2025-06-12 10:56:00,80.6
2025-06-12 08:11:00,28.2
2025-06-12 15:06:00,69.4
2025-06-12 05:25:00,50.25777465777466
2025-06-12 21:05:00,29.3
2025-06-12 17:22:00,50.25777465777466
2025-06-12 05:55:00,67.4
2025-06-12 05:25:00,50.25777465777466
2025-06-12 12:08:00,71.9
2025-06-12 20:19:00,15.0
2025-06-12 23:28:00,76.3
2025-06-12 08:29:00,83.8
2025-06-12 01:19:00,58.0
2025-06-12 03:10:00,28.2
2025-06-12 01:21:00,50.25777465777466
2025-06-12 03:28:00,20.3
2025-06-12 10:35:00,36.3
2025-06-12 13:45:00,80.2
2025-06-12 10:11:00,65.5
2025-06-12 01:43:00,84.5
2025-06-12 10:38:00,9.0
2025-06-12 21:19:00,64.2
2025-06-12 04:03:00,8.2
2025-06-12 16:54:00,86.3
2025-06-12 01:36:00,34.7
2025-06-12 15:22:00,50.5
2025-06-12 03:59:00,59.3
2025-06-12 02:37:00,45.4
2025-06-12 11:26:00,77.6
2025-06-12 16:55:00,55.7
2025-06-12 04:23:00,78.1
2025-06-12 04:27:00,50.25777465777466
2025-06-12 11:13:00,50.25777465777466
2025-06-12 16:04:00,68.1
2025-06-12 21:56:00,7.1
2025-06-12 03:21:00,72.5
2025-06-12 05:45:00,50.25777465777466
2025-06-12 19:15:00,52.1
2025-06-12 03:34:00,50.25777465777466
2025-06-12 22:25:00,5.9
2025-06-12 04:33:00,57.3
2025-06-12 01:57:00,35.9
2025-06-12 12:55:00,31.3
2025-06-12 15:03:00,74.5
2025-06-12 12:45:00,50.25777465777466
2025-06-12 07:20:00,69.7
2025-06-12 16:33:00,49.9464552238806
2025-06-12 11:17:00,73.9
2025-06-12 01:59:00,49.5
2025-06-12 23:17:00,34.4
2025-06-12 12:16:00,50.9
2025-06-12 13:14:00,75.1
2025-06-12 08:00:00,49.9464552238806
2025-06-12 02:24:00,25.0
2025-06-12 09:38:00,87.7
2025-06-12 07:22:00,30.6
2025-06-12 14:11:00,49.9464552238806
2025-06-12 01:31:00,54.7
2025-06-12 06:45:00,49.9464552238806
2025-06-12 17:12:00,14.9
2025-06-12 12:04:00,27.6
2025-06-12 16:35:00,14.2
2025-06-12 15:44:00,63.5
2025-06-12 15:18:00,57.6
2025-06-12 10:07:00,96.3
2025-06-12 23:10:00,49.9464552238806
2025-06-12 03:13:00,18.4
2025-06-12 06:20:00,63.9
2025-06-12 07:58:00,55.6
2025-06-12 12:21:00,28.5
2025-06-12 21:51:00,49.9464552238806
2025-06-12 07:04:00,20.2
2025-06-12 22:28:00,49.9464552238806
2025-06-12 06:13:00,66.3
2025-06-12 00:44:00,49.9464552238806
2025-06-12 17:43:00,5.6
2025-06-12 13:53:00,78.1
2025-06-12 19:14:00,92.1
2025-06-12 06:31:00,49.9464552238806
2025-06-12 15:15:00,10.7
2025-06-12 07:34:00,25.6
2025-06-12 17:23:00,60.6
2025-06-12 02:38:00,11.1
2025-06-12 07:50:00,9.0
2025-06-12 09:25:00,37.8
2025-06-12 00:35:00,63.2
2025-06-12 00:03:00,47.6
2025-06-12 13:38:00,11.2
2025-06-12 23:28:00,79.7
2025-06-12 09:06:00,38.3
2025-06-12 08:37:00,33.7
2025-06-12 01:56:00,25.9
2025-06-12 16:55:00,49.9464552238806
2025-06-12 04:12:00,82.7
2025-06-12 09:07:00,62.1
2025-06-12 10:48:00,8.9
2025-06-12 13:34:00,62.1
2025-06-12 16:52:00,29.3
2025-06-12 06:54:00,62.0
2025-06-12 05:37:00,45.3
2025-06-12 13:45:00,24.3
2025-06-12 16:55:00,49.9464552238806
2025-06-12 17:25:00,11.1
2025-06-12 07:55:00,38.3
2025-06-12 22:58:00,49.2
2025-06-12 08:53:00,7.0
2025-06-12 15:40:00,72.5
2025-06-12 16:01:00,81.5
2025-06-12 00:37:00,56.2
2025-06-12 04:58:00,53.1
2025-06-12 04:26:00,57.1
2025-06-12 10:53:00,23.4
2025-06-12 19:22:00,49.9464552238806
2025-06-12 10:55:00,23.8
2025-06-12 09:09:00,100.0
2025-06-12 09:35:00,73.0
2025-06-12 22:44:00,11.7
2025-06-12 10:52:00,24.2
2025-06-12 01:44:00,82.0
2025-06-12 23:07:00,68.4
2025-06-12 11:24:00,92.4
2025-06-12 19:37:00,49.9464552238806
2025-06-12 20:41:00,33.2
2025-06-12 22:34:00,26.5
2025-06-12 09:52:00,58.2
2025-06-12 10:02:00,10.6
2025-06-12 04:54:00,73.5
2025-06-12 10:01:00,73.3
2025-06-12 16:32:00,91.1
2025-06-12 23:45:00,19.0
2025-06-12 00:48:00,49.9464552238806
2025-06-12 15:10:00,1.9
2025-06-12 22:48:00,49.9464552238806
2025-06-12 11:32:00,49.9464552238806
2025-06-12 15:17:00,19.9
2025-06-12 16:40:00,80.6
2025-06-12 16:27:00,27.6
2025-06-12 04:54:00,49.9464552238806
2025-06-12 10:10:00,3.6
2025-06-12 19:59:00,17.4
2025-06-12 04:34:00,89.6
2025-06-12 08:49:00,40.8
2025-06-12 15:28:00,48.8
2025-06-12 15:07:00,36.8
2025-06-12 03:00:00,36.1
2025-06-12 02:23:00,20.0
2025-06-12 12:30:00,5.1
2025-06-12 22:00:00,64.4
2025-06-12 05:11:00,19.2
2025-06-12 12:46:00,84.6
2025-06-12 12:01:00,61.2
2025-06-12 23:39:00,38.5
2025-06-12 23:37:00,49.9464552238806
2025-06-12 18:46:00,49.9464552238806
2025-06-12 17:47:00,49.9464552238806
2025-06-12 01:39:00,30.4
2025-06-12 06:51:00,49.9464552238806
2025-06-12 06:09:00,12.6
2025-06-12 05:27:00,92.5
2025-06-12 16:38:00,95.6
2025-06-12 07:54:00,61.9
2025-06-12 10:27:00,2.2
2025-06-12 18:34:00,70.3
2025-06-12 13:17:00,6.6
2025-06-12 06:03:00,17.2
2025-06-12 07:41:00,64.2
2025-06-12 07:42:00,44.5
2025-06-12 00:08:00,85.2
2025-06-12 08:29:00,100.0
2025-06-12 10:07:00,49.9464552238806
2025-06-12 23:54:00,66.3
2025-06-12 19:14:00,49.9464552238806
2025-06-12 06:01:00,37.1
2025-06-12 09:54:00,51.6
2025-06-12 06:58:00,91.7
2025-06-12 00:18:00,49.9464552238806
2025-06-12 16:38:00,76.5
2025-06-12 17:22:00,93.6
2025-06-12 13:11:00,17.4
2025-06-12 09:30:00,49.9464552238806
2025-06-12 04:56:00,82.1
2025-06-12 14:20:00,46.2
2025-06-12 12:26:00,49.9464552238806
2025-06-12 07:02:00,37.3
2025-06-12 18:41:00,49.9464552238806
2025-06-12 16:15:00,49.9464552238806
2025-06-12 01:45:00,49.9464552238806
2025-06-12 17:58:00,17.0
2025-06-12 06:33:00,73.3
2025-06-12 13:57:00,33.0
2025-06-12 01:50:00,60.7
2025-06-12 03:30:00,65.7
2025-06-12 02:48:00,49.9464552238806
2025-06-12 03:25:00,22.4
2025-06-12 14:17:00,32.0
2025-06-12 03:25:00,85.6
2025-06-12 01:09:00,74.8
2025-06-12 05:21:00,64.9
2025-06-12 14:37:00,49.9464552238806
2025-06-12 18:54:00,49.9464552238806
2025-06-12 03:30:00,3.7
2025-06-12 18:51:00,74.4
2025-06-12 13:35:00,47.8
2025-06-12 06:29:00,26.3
2025-06-12 19:42:00,90.5
2025-06-12 07:11:00,44.0
2025-06-12 02:09:00,71.0
2025-06-12 06:20:00,56.9
2025-06-12 10:55:00,96.5
2025-06-12 07:22:00,6.2
2025-06-12 00:14:00,12.2
2025-06-12 02:46:00,55.1
2025-06-12 15:53:00,96.3
2025-06-12 17:49:00,8.2
2025-06-12 18:40:00,49.9464552238806
2025-06-12 21:00:00,12.5
2025-06-12 16:20:00,43.6
2025-06-12 13:27:00,27.1
2025-06-12 14:49:00,85.3
2025-06-12 01:07:00,46.2
2025-06-12 23:08:00,68.8
2025-06-12 20:18:00,74.9
2025-06-12 14:42:00,49.9464552238806
2025-06-12 06:33:00,38.2
2025-06-12 09:39:00,75.2
2025-06-12 19:49:00,49.9464552238806
2025-06-12 09:23:00,42.8
2025-06-12 15:10:00,49.9464552238806
2025-06-12 06:21:00,84.3
2025-06-12 08:35:00,46.7
2025-06-12 16:14:00,91.9
2025-06-12 00:14:00,60.6
2025-06-12 01:01:00,15.6
2025-06-12 16:57:00,49.9464552238806
2025-06-12 02:23:00,74.4
2025-06-12 13:22:00,41.6
2025-06-12 06:47:00,54.1
2025-06-12 20:20:00,18.6
2025-06-12 17:11:00,37.2
2025-06-12 01:24:00,1.8
2025-06-12 08:27:00,89.5
2025-06-12 14:52:00,49.9464552238806
2025-06-12 05:43:00,49.9464552238806
2025-06-12 23:51:00,99.6
2025-06-12 16:15:00,45.9
2025-06-12 12:35:00,49.9464552238806
2025-06-12 06:53:00,68.6
2025-06-12 01:53:00,89.2
2025-06-12 06:10:00,52.7
2025-06-12 15:54:00,84.9
2025-06-12 00:56:00,50.7
2025-06-12 11:39:00,23.1
2025-06-12 00:34:00,49.9464552238806
2025-06-12 01:06:00,40.7
2025-06-12 21:33:00,24.0
2025-06-12 22:50:00,36.7
2025-06-12 21:46:00,12.3
2025-06-12 06:45:00,71.5
2025-06-12 04:53:00,98.6
2025-06-12 22:44:00,49.9464552238806
2025-06-12 10:46:00,94.3
2025-06-12 13:18:00,83.2
2025-06-12 17:18:00,55.2
2025-06-12 23:17:00,76.3
2025-06-12 09:49:00,49.9464552238806
2025-06-12 03:21:00,92.8
2025-06-12 21:03:00,55.4
2025-06-12 19:17:00,76.7
2025-06-12 11:13:00,33.4
2025-06-12 07:37:00,96.3
2025-06-12 17:26:00,49.9464552238806
2025-06-12 23:02:00,12.0
2025-06-12 05:33:00,65.4
2025-06-12 12:36:00,74.8
2025-06-12 22:20:00,21.2
2025-06-12 03:38:00,43.3
2025-06-12 10:21:00,0.2
2025-06-12 22:46:00,49.9464552238806
2025-06-12 06:33:00,14.1
2025-06-12 16:44:00,37.8
2025-06-12 15:54:00,59.0
2025-06-12 14:16:00,50.9
2025-06-12 20:09:00,82.1
2025-06-12 13:35:00,34.1
2025-06-12 20:19:00,49.9464552238806
2025-06-12 14:48:00,68.2
2025-06-12 09:34:00,39.6
2025-06-12 05:15:00,34.9
2025-06-12 13:01:00,64.8
2025-06-12 22:21:00,51.3
2025-06-12 17:57:00,0.9
2025-06-12 09:52:00,67.2
2025-06-12 10:52:00,71.9
2025-06-12 16:51:00,54.8
2025-06-12 21:47:00,56.0
2025-06-12 06:19:00,49.9464552238806
2025-06-12 09:44:00,76.8
2025-06-12 19:11:00,16.4
2025-06-12 10:39:00,11.3
2025-06-12 05:24:00,45.5
2025-06-12 06:01:00,49.9464552238806
2025-06-12 13:43:00,22.2
2025-06-12 03:04:00,89.0
2025-06-12 22:41:00,4.4
2025-06-12 08:46:00,19.2
2025-06-12 05:20:00,2.6
2025-06-12 18:29:00,49.9464552238806
2025-06-12 12:38:00,19.7
2025-06-12 07:17:00,49.9464552238806
2025-06-12 15:12:00,2.1
2025-06-12 07:26:00,72.4
2025-06-12 09:31:00,11.9
2025-06-12 06:23:00,91.3
2025-06-12 15:16:00,70.5
2025-06-12 15:22:00,8.3
2025-06-12 08:41:00,18.1
2025-06-12 00:00:00,94.5
2025-06-12 02:37:00,49.1
2025-06-12 06:17:00,96.1
2025-06-12 03:24:00,13.1
2025-06-12 05:55:00,47.2
2025-06-12 17:29:00,94.8
2025-06-12 13:50:00,6.6
2025-06-12 07:23:00,68.3
2025-06-12 09:42:00,49.9464552238806
2025-06-12 14:26:00,17.7
2025-06-12 09:34:00,7.1
2025-06-12 18:56:00,49.9464552238806
2025-06-12 04:32:00,49.9464552238806
2025-06-12 12:38:00,68.0
2025-06-12 11:05:00,88.1
2025-06-12 19:30:00,2.0
2025-06-12 20:39:00,49.9464552238806
2025-06-12 17:03:00,36.3
2025-06-12 23:02:00,99.3
2025-06-12 15:09:00,34.5
2025-06-12 19:29:00,46.2
2025-06-12 19:14:00,45.2
2025-06-12 16:46:00,35.6
2025-06-12 02:21:00,49.9464552238806
2025-06-12 20:41:00,49.9464552238806
2025-06-12 09:06:00,77.6
2025-06-12 07:17:00,20.9
2025-06-12 22:32:00,49.9464552238806
2025-06-12 05:02:00,11.2
2025-06-12 06:32:00,45.8
2025-06-12 16:31:00,78.2
2025-06-12 14:41:00,45.6
2025-06-12 19:53:00,49.9464552238806
2025-06-12 17:47:00,48.2
2025-06-12 03:22:00,30.5
2025-06-12 06:40:00,19.3
2025-06-12 05:51:00,89.5
2025-06-12 18:25:00,49.9464552238806
2025-06-12 13:36:00,22.1
2025-06-12 01:47:00,67.1
2025-06-12 15:31:00,5.3
2025-06-12 10:44:00,25.7
2025-06-12 03:03:00,30.7
2025-06-12 07:09:00,52.7
2025-06-12 02:51:00,27.4
2025-06-12 17:40:00,8.3
2025-06-12 01:50:00,67.6
2025-06-12 03:43:00,39.3
2025-06-12 02:42:00,68.9
2025-06-12 15:47:00,99.1
2025-06-12 03:38:00,97.0
2025-06-12 21:38:00,57.6
2025-06-12 17:17:00,85.6
2025-06-12 18:44:00,55.3
2025-06-12 00:48:00,66.8
2025-06-12 15:41:00,49.9464552238806
2025-06-12 17:48:00,11.4
2025-06-12 21:46:00,94.7
2025-06-12 15:21:00,49.9464552238806
2025-06-12 17:04:00,78.2
2025-06-12 07:39:00,99.0
2025-06-12 17:17:00,15.6
2025-06-12 02:59:00,1.5
2025-06-12 15:30:00,49.9464552238806
2025-06-12 14:21:00,15.7
2025-06-12 23:11:00,57.4
2025-06-12 16:42:00,98.2
2025-06-12 22:05:00,49.742524640779
2025-06-12 21:26:00,96.1
2025-06-12 11:03:00,64.5
2025-06-12 16:48:00,66.8
2025-06-12 16:47:00,11.5
2025-06-12 03:35:00,49.742524640779
2025-06-12 23:37:00,12.5
2025-06-12 16:50:00,32.2
2025-06-12 11:27:00,21.7
2025-06-12 23:49:00,78.2
2025-06-12 02:53:00,40.1
2025-06-12 01:43:00,61.7
2025-06-12 07:47:00,70.7
2025-06-12 10:10:00,83.4
2025-06-12 03:26:00,10.0
2025-06-12 00:48:00,28.0
2025-06-12 02:12:00,24.4
2025-06-12 13:15:00,21.3
2025-06-12 09:07:00,49.742524640779
2025-06-12 01:09:00,49.742524640779
2025-06-12 13:28:00,68.2
2025-06-12 07:14:00,49.742524640779
2025-06-12 22:57:00,19.2
2025-06-12 14:32:00,70.4
2025-06-12 17:03:00,2.4
2025-06-12 13:44:00,26.9
2025-06-12 20:09:00,66.0
2025-06-12 09:27:00,42.6
2025-06-12 01:43:00,79.1
2025-06-12 00:09:00,13.3
2025-06-12 08:10:00,81.9
2025-06-12 18:05:00,58.2
2025-06-12 18:38:00,14.3
2025-06-12 06:47:00,30.9
2025-06-12 13:57:00,86.2
2025-06-12 06:34:00,99.0
2025-06-12 21:58:00,84.8
2025-06-12 20:06:00,46.5
2025-06-12 00:04:00,35.3
2025-06-12 21:06:00,50.9
2025-06-12 12:55:00,49.2
2025-06-12 10:32:00,42.8
2025-06-12 13:47:00,65.5
2025-06-12 07:29:00,32.3
2025-06-12 18:51:00,50.7
2025-06-12 19:35:00,4.6
2025-06-12 10:11:00,54.0
2025-06-12 07:35:00,49.742524640779
2025-06-12 12:05:00,30.9
2025-06-12 13:21:00,49.742524640779
2025-06-12 05:08:00,12.2
2025-06-12 08:12:00,43.9
2025-06-12 02:00:00,12.2
2025-06-12 17:46:00,49.742524640779
2025-06-12 15:04:00,53.9
2025-06-12 10:21:00,92.8
2025-06-12 21:45:00,56.9
2025-06-12 16:39:00,0.7
2025-06-12 08:42:00,11.1
2025-06-12 11:27:00,11.8
2025-06-12 00:44:00,22.5
2025-06-12 06:51:00,96.2
2025-06-12 16:43:00,33.3
2025-06-12 13:44:00,82.1
2025-06-12 21:57:00,28.9
2025-06-12 08:19:00,49.742524640779
2025-06-12 04:23:00,99.9
2025-06-12 15:17:00,49.742524640779
2025-06-12 02:31:00,1.1
2025-06-12 20:16:00,8.2
2025-06-12 22:15:00,49.742524640779
2025-06-12 22:32:00,46.2
2025-06-12 13:01:00,53.4
2025-06-12 19:59:00,38.9
2025-06-12 09:35:00,74.5
2025-06-12 13:27:00,85.1
2025-06-12 10:29:00,42.4
2025-06-12 23:06:00,46.7
2025-06-12 23:08:00,15.4
2025-06-12 04:51:00,46.6
2025-06-12 22:35:00,49.742524640779
2025-06-12 16:05:00,6.8
2025-06-12 21:01:00,24.4
2025-06-12 01:30:00,50.1
2025-06-12 18:19:00,9.6
2025-06-12 13:01:00,22.3
2025-06-12 03:41:00,67.7
2025-06-12 02:18:00,92.9
2025-06-12 05:32:00,24.0
2025-06-12 10:47:00,70.7
2025-06-12 13:57:00,23.3
2025-06-12 13:57:00,78.0
2025-06-12 10:41:00,28.0
2025-06-12 21:51:00,7.6
2025-06-12 09:09:00,31.9
2025-06-12 13:07:00,49.742524640779
2025-06-12 10:39:00,48.4
2025-06-12 10:53:00,39.0
2025-06-12 18:38:00,73.8
2025-06-12 00:37:00,17.8
2025-06-12 07:27:00,49.742524640779
2025-06-12 17:24:00,61.6
2025-06-12 17:06:00,35.1
2025-06-12 07:11:00,92.2
2025-06-12 19:59:00,1.6
2025-06-12 10:07:00,96.0
2025-06-12 19:44:00,78.4
2025-06-12 04:05:00,90.3
2025-06-12 13:17:00,88.6
2025-06-12 14:55:00,69.9
2025-06-12 17:57:00,17.7
2025-06-12 21:58:00,57.1
2025-06-12 13:47:00,59.3
2025-06-12 23:53:00,42.6
2025-06-12 17:13:00,60.2
2025-06-12 21:38:00,16.8
2025-06-12 09:09:00,31.9
2025-06-12 03:05:00,26.6
2025-06-12 09:46:00,25.0
2025-06-12 13:23:00,40.1
2025-06-12 19:04:00,67.9
2025-06-12 12:53:00,2.8
2025-06-12 17:59:00,71.1
2025-06-12 22:33:00,20.8
2025-06-12 21:03:00,45.7
2025-06-12 02:08:00,49.742524640779
2025-06-12 11:59:00,10.5
2025-06-12 03:22:00,82.6
2025-06-12 19:52:00,38.1
2025-06-12 22:09:00,48.4
2025-06-12 14:03:00,87.8
2025-06-12 21:12:00,88.6
2025-06-12 17:06:00,42.8
2025-06-12 04:23:00,27.0
2025-06-12 11:36:00,2.4
2025-06-12 20:48:00,49.742524640779
2025-06-12 10:00:00,69.4
2025-06-12 16:21:00,66.7
2025-06-12 07:18:00,25.8
2025-06-12 16:37:00,53.0
2025-06-12 09:40:00,32.3
2025-06-12 19:46:00,49.742524640779
2025-06-12 13:18:00,54.2
2025-06-12 06:06:00,39.6
2025-06-12 15:21:00,80.4
2025-06-12 22:54:00,12.7
2025-06-12 05:27:00,7.8
2025-06-12 01:43:00,93.4
2025-06-12 17:25:00,32.4
2025-06-12 03:24:00,46.1
2025-06-12 09:41:00,49.742524640779
2025-06-12 08:55:00,7.1
2025-06-12 15:33:00,5.5
2025-06-12 21:08:00,71.5
2025-06-12 06:07:00,6.4
2025-06-12 02:09:00,34.1
2025-06-12 12:11:00,55.6
2025-06-12 11:54:00,57.7
2025-06-12 17:35:00,48.0
2025-06-12 05:09:00,49.742524640779
2025-06-12 01:46:00,39.8
2025-06-12 18:22:00,95.2
2025-06-12 02:25:00,87.4
2025-06-12 01:30:00,49.742524640779
2025-06-12 03:47:00,68.1
2025-06-12 15:11:00,86.9
2025-06-12 08:39:00,50.8
2025-06-12 19:05:00,38.5
2025-06-12 14:48:00,85.0
2025-06-12 04:18:00,54.2
2025-06-12 04:35:00,20.0
2025-06-12 04:29:00,73.5
2025-06-12 11:42:00,19.0
2025-06-12 06:09:00,0.2
2025-06-12 07:37:00,27.2
2025-06-12 16:10:00,13.0
2025-06-12 09:27:00,57.6
2025-06-12 13:08:00,76.0
2025-06-12 19:20:00,79.2
2025-06-12 08:54:00,82.1
2025-06-12 09:42:00,71.3
2025-06-12 20:29:00,12.3
2025-06-12 18:03:00,85.0
2025-06-12 08:18:00,14.8
2025-06-12 20:22:00,49.5
2025-06-12 05:53:00,31.3
2025-06-12 05:33:00,87.3
2025-06-12 23:33:00,53.0
2025-06-12 07:14:00,82.9
2025-06-12 01:10:00,35.9
2025-06-12 14:21:00,78.9
2025-06-12 13:44:00,17.0
2025-06-12 04:23:00,69.9
2025-06-12 07:14:00,49.742524640779
2025-06-12 19:34:00,39.5
2025-06-12 03:44:00,21.3
2025-06-12 14:36:00,81.3
2025-06-12 12:35:00,57.0
2025-06-12 07:57:00,0.7
2025-06-12 13:46:00,49.742524640779
2025-06-12 13:39:00,52.1
2025-06-12 21:10:00,20.8
2025-06-12 10:23:00,61.7
2025-06-12 06:05:00,22.9
2025-06-12 18:01:00,49.742524640779
2025-06-12 13:04:00,29.1
2025-06-12 11:27:00,20.7
2025-06-12 01:52:00,91.7
2025-06-12 21:43:00,35.6
2025-06-12 07:06:00,46.1
2025-06-12 10:03:00,49.742524640779
2025-06-12 09:44:00,70.5
2025-06-12 06:13:00,98.3
2025-06-12 11:40:00,13.3
2025-06-12 03:21:00,4.1
2025-06-12 20:27:00,69.0
2025-06-12 23:38:00,70.6
2025-06-12 05:56:00,49.742524640779
2025-06-12 17:00:00,99.3
2025-06-12 23:36:00,93.1
2025-06-12 07:08:00,95.6
2025-06-12 22:23:00,49.742524640779
2025-06-12 23:47:00,49.742524640779
2025-06-12 09:38:00,31.0
2025-06-12 06:05:00,13.6
2025-06-12 19:19:00,49.742524640779
2025-06-12 03:53:00,45.5
2025-06-12 05:02:00,61.4
2025-06-12 10:07:00,92.5
2025-06-12 22:18:00,32.1
2025-06-12 11:51:00,36.0
2025-06-12 08:27:00,44.4
2025-06-12 22:21:00,89.5
2025-06-12 03:33:00,89.5
2025-06-12 11:49:00,1.7
2025-06-12 20:51:00,75.3
2025-06-12 05:28:00,3.1
2025-06-12 16:34:00,25.2
2025-06-12 02:46:00,52.8
2025-06-12 23:01:00,49.742524640779
2025-06-12 05:04:00,42.0
2025-06-12 01:34:00,62.3
2025-06-12 14:39:00,69.2
2025-06-12 04:54:00,36.3
2025-06-12 13:38:00,47.4
2025-06-12 01:02:00,49.742524640779
2025-06-12 18:46:00,23.4
2025-06-12 16:35:00,59.1
2025-06-12 21:52:00,40.1
2025-06-12 00:04:00,89.5
2025-06-12 22:37:00,49.742524640779
2025-06-12 19:36:00,1.1
2025-06-12 15:53:00,96.6
2025-06-12 08:46:00,56.4
2025-06-12 09:41:00,47.6
2025-06-12 07:47:00,12.4
2025-06-12 06:45:00,68.2
2025-06-12 00:41:00,53.9
2025-06-12 13:33:00,49.742524640779
2025-06-12 03:53:00,10.9
2025-06-12 04:42:00,49.742524640779
2025-06-12 03:58:00,3.3
2025-06-12 13:18:00,87.2
2025-06-12 19:40:00,1.0
2025-06-12 17:55:00,17.3
2025-06-12 23:25:00,49.742524640779
2025-06-12 08:11:00,57.3
2025-06-12 21:20:00,49.742524640779
2025-06-12 08:19:00,11.7
2025-06-12 17:22:00,92.3
2025-06-12 22:14:00,5.0
2025-06-12 18:00:00,71.6
2025-06-12 15:29:00,29.4
2025-06-12 22:46:00,62.5
2025-06-12 15:35:00,8.8
2025-06-12 06:32:00,56.0
2025-06-12 14:12:00,90.0
2025-06-12 02:44:00,52.8
2025-06-12 16:36:00,37.9
2025-06-12 03:37:00,6.6
2025-06-12 09:47:00,48.0
2025-06-12 12:06:00,85.5
2025-06-12 08:41:00,30.3
2025-06-12 06:09:00,28.0
2025-06-12 19:31:00,26.4
2025-06-12 18:12:00,49.742524640779
2025-06-12 05:43:00,49.742524640779
2025-06-12 11:27:00,20.2
2025-06-12 17:49:00,49.0
2025-06-12 13:50:00,49.742524640779
2025-06-12 16:06:00,46.9
2025-06-12 21:04:00,67.9
2025-06-12 13:16:00,20.0
2025-06-12 17:27:00,53.0
2025-06-12 00:12:00,98.2
2025-06-12 09:40:00,49.742524640779
2025-06-12 13:22:00,71.7
2025-06-12 20:49:00,38.7
2025-06-12 15:31:00,70.0
2025-06-12 08:46:00,49.742524640779
2025-06-12 01:26:00,22.7
2025-06-12 17:27:00,2.7
2025-06-12 03:53:00,63.5
2025-06-12 06:40:00,61.1
2025-06-12 07:43:00,83.8
2025-06-12 08:56:00,41.0
2025-06-12 12:57:00,65.4
2025-06-12 20:08:00,76.2
2025-06-12 07:23:00,49.742524640779
2025-06-12 08:23:00,72.4
2025-06-12 03:14:00,24.5
2025-06-12 11:54:00,11.4
2025-06-12 08:27:00,78.4
2025-06-12 16:21:00,49.742524640779
2025-06-12 04:43:00,49.742524640779
2025-06-12 16:13:00,62.1
2025-06-12 01:22:00,88.6
2025-06-12 01:59:00,49.742524640779
2025-06-12 23:13:00,15.6
2025-06-12 20:31:00,11.9
2025-06-12 15:23:00,10.4
2025-06-12 04:54:00,28.7
2025-06-12 02:58:00,7.6
2025-06-12 13:55:00,40.2
2025-06-12 11:34:00,49.742524640779
2025-06-12 05:57:00,68.9
2025-06-12 22:24:00,93.2
2025-06-12 02:39:00,60.7
2025-06-12 03:59:00,6.5
2025-06-12 12:12:00,74.4
2025-06-12 09:00:00,50.1
2025-06-12 19:00:00,49.742524640779
2025-06-12 18:17:00,7.2
2025-06-12 16:52:00,6.7
2025-06-12 10:29:00,60.2
2025-06-12 00:19:00,96.6
2025-06-12 17:52:00,64.7
2025-06-12 01:28:00,97.8
2025-06-12 17:42:00,0.0
2025-06-12 19:57:00,13.2
2025-06-12 18:48:00,95.7
2025-06-12 18:20:00,50.09606761356967
2025-06-12 09:31:00,5.9
2025-06-12 11:35:00,50.09606761356967
2025-06-12 06:50:00,44.9
2025-06-12 15:28:00,77.9
2025-06-12 03:12:00,50.09606761356967
2025-06-12 09:00:00,47.7
2025-06-12 05:31:00,42.1
2025-06-12 20:11:00,21.5
2025-06-12 03:21:00,75.7
2025-06-12 06:02:00,1.8
2025-06-12 11:11:00,70.0
2025-06-12 08:41:00,70.6
2025-06-12 23:17:00,45.2
2025-06-12 21:38:00,19.9
2025-06-12 13:09:00,50.09606761356967
2025-06-12 12:36:00,50.09606761356967
2025-06-12 16:09:00,84.1
2025-06-12 12:29:00,17.0
2025-06-12 13:32:00,53.3
2025-06-12 08:08:00,59.5
2025-06-12 10:24:00,32.5
2025-06-12 01:20:00,42.6
2025-06-12 02:43:00,57.6
2025-06-12 15:38:00,42.5
2025-06-12 15:36:00,59.7
2025-06-12 10:04:00,38.0
2025-06-12 17:38:00,35.5
2025-06-12 16:39:00,70.6
2025-06-12 08:55:00,69.7
2025-06-12 15:41:00,70.6
2025-06-12 02:59:00,50.09606761356967
2025-06-12 23:22:00,3.7
2025-06-12 16:02:00,66.5
2025-06-12 09:15:00,49.9
2025-06-12 07:35:00,94.8
2025-06-12 03:51:00,60.8
2025-06-12 07:47:00,9.7
2025-06-12 21:14:00,50.09606761356967
2025-06-12 07:06:00,33.6
2025-06-12 23:41:00,80.7
2025-06-12 15:10:00,11.6
2025-06-12 11:49:00,86.0
2025-06-12 11:50:00,10.3
2025-06-12 16:06:00,29.6
2025-06-12 04:24:00,50.09606761356967
2025-06-12 00:23:00,34.5
2025-06-12 21:44:00,70.6
2025-06-12 20:52:00,64.7
2025-06-12 09:18:00,56.0
2025-06-12 07:04:00,7.5
2025-06-12 08:43:00,32.6
2025-06-12 22:52:00,38.0
2025-06-12 23:31:00,13.6
2025-06-12 14:46:00,31.7
2025-06-12 02:18:00,34.2
2025-06-12 12:05:00,17.9
2025-06-12 10:45:00,48.6
2025-06-12 11:35:00,81.9
2025-06-12 00:31:00,50.09606761356967
2025-06-12 11:18:00,94.2
2025-06-12 21:42:00,38.4
2025-06-12 15:52:00,73.4
2025-06-12 18:18:00,74.9
2025-06-12 05:34:00,53.3
2025-06-12 00:16:00,34.7
2025-06-12 16:41:00,6.1
2025-06-12 06:48:00,83.0
2025-06-12 16:02:00,3.0
2025-06-12 03:51:00,99.7
2025-06-12 19:37:00,57.5
2025-06-12 01:34:00,29.2
2025-06-12 14:22:00,3.5
2025-06-12 08:49:00,21.9
2025-06-12 23:42:00,68.0
2025-06-12 17:17:00,18.7
2025-06-12 18:50:00,48.5
2025-06-12 05:23:00,94.3
2025-06-12 22:12:00,55.4
2025-06-12 20:16:00,50.09606761356967
2025-06-12 06:07:00,24.6
2025-06-12 13:00:00,29.0
2025-06-12 05:42:00,50.09606761356967
2025-06-12 09:49:00,99.0
2025-06-12 10:47:00,96.4
2025-06-12 05:18:00,47.6
2025-06-12 09:52:00,2.8
2025-06-12 03:15:00,91.5
2025-06-12 09:52:00,60.5
2025-06-12 21:53:00,17.2
2025-06-12 10:48:00,19.2
2025-06-12 07:02:00,50.09606761356967
2025-06-12 05:48:00,37.6
2025-06-12 03:33:00,79.9
2025-06-12 14:55:00,13.1
2025-06-12 19:27:00,92.8
2025-06-12 10:57:00,80.2
2025-06-12 02:06:00,72.1
2025-06-12 23:55:00,97.2
2025-06-12 09:31:00,54.4
2025-06-12 23:46:00,51.6
2025-06-12 17:59:00,50.09606761356967
2025-06-12 23:33:00,26.3
2025-06-12 00:46:00,50.09606761356967
2025-06-12 07:09:00,47.7
2025-06-12 07:06:00,79.0
2025-06-12 16:46:00,60.6
2025-06-12 03:12:00,89.4
2025-06-12 17:13:00,41.6
2025-06-12 20:43:00,19.0
2025-06-12 01:56:00,56.8
2025-06-12 21:04:00,26.1
2025-06-12 01:47:00,81.7
2025-06-12 18:18:00,45.0
2025-06-12 07:53:00,24.3
2025-06-12 00:18:00,69.4
2025-06-12 00:24:00,85.0
2025-06-12 04:11:00,53.4
2025-06-12 15:18:00,32.9
2025-06-12 17:23:00,6.8
2025-06-12 18:23:00,59.7
2025-06-12 17:34:00,88.7
2025-06-12 17:31:00,70.9
2025-06-12 12:08:00,46.3
2025-06-12 15:34:00,68.7
2025-06-12 09:06:00,50.09606761356967
2025-06-12 03:22:00,3.1
2025-06-12 10:42:00,50.09606761356967
2025-06-12 04:03:00,57.4
2025-06-12 00:11:00,37.8
2025-06-12 05:17:00,50.09606761356967
2025-06-12 22:49:00,43.7
2025-06-12 19:35:00,5.0
2025-06-12 21:41:00,9.2
2025-06-12 02:46:00,38.9
2025-06-12 01:51:00,61.8
2025-06-12 13:03:00,23.7
2025-06-12 00:04:00,50.09606761356967
2025-06-12 14:18:00,26.6
2025-06-12 19:33:00,47.3
2025-06-12 04:27:00,50.09606761356967
2025-06-12 13:31:00,5.6
2025-06-12 09:10:00,63.6
2025-06-12 15:15:00,69.5
2025-06-12 19:17:00,50.09606761356967
2025-06-12 02:39:00,31.8
2025-06-12 14:43:00,6.0
2025-06-12 12:48:00,50.09606761356967
2025-06-12 19:40:00,79.5
2025-06-12 20:34:00,21.3
2025-06-12 12:24:00,70.7
2025-06-12 18:59:00,50.09606761356967
2025-06-12 10:46:00,71.8
2025-06-12 16:05:00,33.1
2025-06-12 17:00:00,14.8
2025-06-12 13:44:00,51.3
2025-06-12 19:51:00,54.5
2025-06-12 02:02:00,17.0
2025-06-12 19:11:00,27.3
2025-06-12 09:32:00,91.0
2025-06-12 12:48:00,43.0
2025-06-12 01:19:00,77.8
2025-06-12 21:16:00,57.9
2025-06-12 19:14:00,63.6
2025-06-12 02:47:00,12.6
2025-06-12 00:33:00,24.5
2025-06-12 19:28:00,26.2
2025-06-12 06:49:00,50.09606761356967
2025-06-12 01:06:00,83.3
2025-06-12 10:30:00,44.9
2025-06-12 14:29:00,50.09606761356967
2025-06-12 22:50:00,69.2
2025-06-12 04:27:00,39.0
2025-06-12 11:39:00,8.8
2025-06-12 04:43:00,35.2
2025-06-12 17:53:00,77.9
2025-06-12 19:31:00,59.4
2025-06-12 12:24:00,97.7
2025-06-12 02:18:00,87.1
2025-06-12 12:20:00,85.8
2025-06-12 07:48:00,30.0
2025-06-12 18:33:00,50.09606761356967
2025-06-12 09:21:00,96.6
2025-06-12 11:34:00,57.2
2025-06-12 23:11:00,29.4
2025-06-12 08:26:00,2.0
2025-06-12 04:48:00,18.8
2025-06-12 14:24:00,12.8
2025-06-12 17:06:00,80.8
2025-06-12 20:09:00,34.7
2025-06-12 21:35:00,31.1
2025-06-12 13:49:00,83.3
2025-06-12 20:55:00,24.7
2025-06-12 22:39:00,63.4
2025-06-12 21:43:00,59.8
2025-06-12 08:34:00,13.1
2025-06-12 01:14:00,50.2
2025-06-12 06:30:00,82.9
2025-06-12 13:20:00,50.09606761356967
2025-06-12 21:55:00,17.4
2025-06-12 19:38:00,47.5
2025-06-12 15:15:00,69.8
2025-06-12 02:59:00,2.1
2025-06-12 03:23:00,50.09606761356967
2025-06-12 02:55:00,3.3
2025-06-12 10:31:00,84.8
2025-06-12 07:02:00,89.2
2025-06-12 19:31:00,68.8
2025-06-12 05:08:00,29.9
2025-06-12 14:41:00,3.5
2025-06-12 11:58:00,38.9
2025-06-12 06:34:00,56.1
2025-06-12 02:29:00,46.9
2025-06-12 09:53:00,37.5
2025-06-12 03:42:00,2.1
2025-06-12 02:58:00,59.4
2025-06-12 09:20:00,50.09606761356967
2025-06-12 10:58:00,50.09606761356967
2025-06-12 02:11:00,51.4
2025-06-12 05:52:00,29.3
2025-06-12 19:31:00,4.5
2025-06-12 18:53:00,75.1
2025-06-12 04:25:00,98.8
2025-06-12 06:38:00,92.6
2025-06-12 07:58:00,50.09606761356967
2025-06-12 08:43:00,41.5
2025-06-12 09:15:00,50.09606761356967
2025-06-12 12:04:00,38.3
2025-06-12 12:07:00,50.09606761356967
2025-06-12 00:09:00,15.9
2025-06-12 04:39:00,43.2
2025-06-12 04:36:00,25.4
2025-06-12 02:54:00,71.8
2025-06-12 00:48:00,69.5
2025-06-12 11:57:00,72.7
2025-06-12 22:23:00,76.9
2025-06-12 17:22:00,26.4
2025-06-12 05:19:00,15.3
2025-06-12 00:45:00,5.6
2025-06-12 05:35:00,45.3
2025-06-12 23:47:00,1.5
2025-06-12 00:38:00,51.9
2025-06-12 17:47:00,33.7
2025-06-12 18:49:00,1.7
2025-06-12 14:30:00,14.5
2025-06-12 18:03:00,83.9
2025-06-12 10:29:00,2.4
2025-06-12 16:55:00,25.6
2025-06-12 07:48:00,60.7
2025-06-12 16:49:00,50.09606761356967
2025-06-12 05:02:00,35.8
2025-06-12 22:08:00,50.09606761356967
2025-06-12 19:54:00,14.2
2025-06-12 05:28:00,75.9
2025-06-12 18:24:00,30.4
2025-06-12 20:06:00,24.3
2025-06-12 02:56:00,72.1
2025-06-12 19:34:00,62.5
2025-06-12 08:21:00,8.0
2025-06-12 19:02:00,40.9
2025-06-12 23:43:00,79.9
2025-06-12 00:09:00,95.2
2025-06-12 07:47:00,50.09606761356967
2025-06-12 06:21:00,50.09606761356967
2025-06-12 08:26:00,16.7
2025-06-12 12:10:00,70.4
2025-06-12 10:42:00,26.4
2025-06-12 02:43:00,56.8
2025-06-12 23:15:00,25.3
2025-06-12 19:49:00,82.1
2025-06-12 03:55:00,3.4
2025-06-12 07:51:00,4.1
2025-06-12 00:41:00,50.09606761356967
2025-06-12 22:31:00,10.5
2025-06-12 19:33:00,12.1
2025-06-12 14:07:00,50.09606761356967
2025-06-12 06:45:00,98.5
2025-06-12 23:02:00,85.3
2025-06-12 10:17:00,60.4
2025-06-12 00:34:00,51.4
2025-06-12 10:46:00,60.3
2025-06-12 18:36:00,83.9
2025-06-12 02:36:00,38.8
2025-06-12 06:43:00,70.5
2025-06-12 21:09:00,97.4
2025-06-12 19:47:00,16.7
2025-06-12 06:31:00,2.2
2025-06-12 17:16:00,62.9
2025-06-12 15:34:00,43.9
2025-06-12 21:56:00,60.2
2025-06-12 01:07:00,50.09606761356967
2025-06-12 09:16:00,57.8
2025-06-12 17:21:00,50.09606761356967
2025-06-12 20:42:00,80.2
2025-06-12 13:18:00,93.2
2025-06-12 07:39:00,50.09606761356967
2025-06-12 17:12:00,50.09606761356967
2025-06-12 05:33:00,78.6
2025-06-12 12:42:00,10.8
2025-06-12 14:06:00,50.09606761356967
2025-06-12 18:31:00,74.4
2025-06-12 10:04:00,50.09606761356967
2025-06-12 10:29:00,32.1
2025-06-12 15:08:00,25.5
2025-06-12 11:52:00,98.7
2025-06-12 18:11:00,50.09606761356967
2025-06-12 02:51:00,89.6
2025-06-12 15:17:00,92.7
2025-06-12 23:22:00,50.09606761356967
2025-06-12 12:17:00,4.0
2025-06-12 16:53:00,50.09606761356967
2025-06-12 17:19:00,33.0
2025-06-12 16:48:00,78.2
2025-06-12 16:30:00,37.3
2025-06-12 01:01:00,92.6
2025-06-12 06:18:00,35.7
2025-06-12 18:48:00,33.3
2025-06-12 11:48:00,32.1
2025-06-12 22:32:00,17.7
2025-06-12 20:05:00,39.6
2025-06-12 00:04:00,94.1
2025-06-12 16:26:00,6.3
2025-06-12 17:40:00,22.0
2025-06-12 09:42:00,10.1
2025-06-12 20:55:00,30.5
2025-06-12 08:05:00,50.09606761356967
2025-06-12 15:04:00,11.1
2025-06-12 15:27:00,74.9
2025-06-12 07:48:00,46.6
2025-06-12 08:39:00,49.952608030142464
2025-06-12 03:18:00,52.6
2025-06-12 01:15:00,83.6
2025-06-12 08:07:00,7.2
2025-06-12 09:25:00,22.0
2025-06-12 15:34:00,11.1
2025-06-12 13:16:00,91.6
2025-06-12 11:07:00,69.7
2025-06-12 19:58:00,24.3
2025-06-12 15:07:00,24.5
2025-06-12 15:29:00,60.7
2025-06-12 06:33:00,49.952608030142464
2025-06-12 15:50:00,49.952608030142464
2025-06-12 02:47:00,20.4
2025-06-12 12:32:00,98.3
2025-06-12 22:53:00,86.9
2025-06-12 09:15:00,42.9
2025-06-12 06:42:00,60.5
2025-06-12 02:01:00,76.6
2025-06-12 00:44:00,56.1
2025-06-12 09:11:00,20.9
2025-06-12 20:20:00,17.4
2025-06-12 13:21:00,49.952608030142464
2025-06-12 02:23:00,47.8
2025-06-12 07:25:00,49.952608030142464
2025-06-12 19:05:00,11.9
2025-06-12 16:25:00,66.8
2025-06-12 17:12:00,9.3
2025-06-12 03:11:00,42.1
2025-06-12 23:05:00,49.952608030142464
2025-06-12 13:04:00,65.9
2025-06-12 14:41:00,35.0
2025-06-12 15:06:00,95.5
2025-06-12 00:03:00,72.7
2025-06-12 20:02:00,60.8
2025-06-12 20:04:00,54.7
2025-06-12 14:22:00,49.952608030142464
2025-06-12 05:44:00,10.0
2025-06-12 09:46:00,27.4
2025-06-12 09:52:00,67.6
2025-06-12 05:58:00,86.9
2025-06-12 18:42:00,49.952608030142464
2025-06-12 12:39:00,19.2
2025-06-12 12:20:00,51.9
2025-06-12 03:23:00,39.9
2025-06-12 22:03:00,99.1
2025-06-12 05:14:00,49.952608030142464
2025-06-12 20:46:00,16.7
2025-06-12 07:31:00,49.952608030142464
2025-06-12 18:20:00,22.7
2025-06-12 05:17:00,52.2
2025-06-12 12:22:00,49.952608030142464
2025-06-12 11:21:00,49.952608030142464
2025-06-12 18:13:00,62.9
2025-06-12 17:50:00,14.5
2025-06-12 12:49:00,60.3
2025-06-12 17:12:00,42.5
2025-06-12 19:32:00,61.5
2025-06-12 05:43:00,56.2
2025-06-12 23:28:00,92.7
2025-06-12 23:44:00,75.2
2025-06-12 19:33:00,49.952608030142464
2025-06-12 10:19:00,8.8
2025-06-12 10:56:00,59.8
2025-06-12 07:20:00,94.6
2025-06-12 04:46:00,66.2
2025-06-12 01:22:00,87.2
2025-06-12 09:30:00,5.8
2025-06-12 10:38:00,47.1
2025-06-12 06:31:00,15.1
2025-06-12 19:44:00,22.7
2025-06-12 07:02:00,15.9
2025-06-12 22:19:00,34.8
2025-06-12 08:05:00,69.0
2025-06-12 03:42:00,36.5
2025-06-12 12:45:00,51.3
2025-06-12 07:23:00,91.4
2025-06-12 18:20:00,40.3
2025-06-12 22:37:00,33.9
2025-06-12 11:31:00,30.0
2025-06-12 06:59:00,10.1
2025-06-12 16:33:00,27.3
2025-06-12 01:40:00,12.7
2025-06-12 18:34:00,81.8
2025-06-12 04:36:00,60.3
2025-06-12 19:00:00,46.0
2025-06-12 13:57:00,59.3
2025-06-12 02:26:00,30.0
2025-06-12 08:56:00,85.3
2025-06-12 10:57:00,65.9
2025-06-12 03:53:00,62.2
2025-06-12 18:55:00,49.952608030142464
2025-06-12 00:04:00,55.3
2025-06-12 16:46:00,24.7
2025-06-12 07:01:00,79.3
2025-06-12 18:15:00,62.2
2025-06-12 08:24:00,17.5
2025-06-12 00:38:00,29.3
2025-06-12 14:01:00,63.3
2025-06-12 10:40:00,26.6
2025-06-12 05:41:00,81.6
2025-06-12 08:13:00,55.9
2025-06-12 06:57:00,95.9
2025-06-12 02:07:00,16.9
2025-06-12 21:24:00,78.1
2025-06-12 13:37:00,32.5
2025-06-12 19:36:00,9.6
2025-06-12 22:20:00,13.8
2025-06-12 09:25:00,49.952608030142464
2025-06-12 15:24:00,49.952608030142464
2025-06-12 09:10:00,87.9
2025-06-12 04:27:00,39.5
2025-06-12 18:36:00,94.1
2025-06-12 14:21:00,62.8
2025-06-12 05:53:00,92.5
2025-06-12 22:47:00,8.5
2025-06-12 14:12:00,77.3
2025-06-12 10:41:00,49.952608030142464
2025-06-12 21:13:00,48.5
2025-06-12 22:46:00,55.5
2025-06-12 20:02:00,96.0
2025-06-12 19:31:00,76.2
2025-06-12 15:21:00,22.1
2025-06-12 04:26:00,86.0
2025-06-12 09:20:00,54.5
2025-06-12 23:13:00,19.3
2025-06-12 20:47:00,30.5
2025-06-12 09:43:00,24.2
2025-06-12 19:04:00,19.2
2025-06-12 02:36:00,67.2
2025-06-12 08:00:00,85.1
2025-06-12 01:13:00,83.0
2025-06-12 08:51:00,47.0
2025-06-12 10:29:00,26.0
2025-06-12 14:46:00,49.952608030142464
2025-06-12 04:03:00,76.6
2025-06-12 14:21:00,68.3
2025-06-12 17:00:00,49.952608030142464
2025-06-12 22:27:00,54.7
2025-06-12 02:47:00,68.6
2025-06-12 03:57:00,31.0
2025-06-12 15:15:00,23.2
2025-06-12 11:34:00,54.5
2025-06-12 02:03:00,20.2
2025-06-12 00:24:00,86.2
2025-06-12 07:00:00,13.0
2025-06-12 08:42:00,49.952608030142464
2025-06-12 02:16:00,9.6
2025-06-12 05:39:00,13.8
2025-06-12 22:42:00,41.6
2025-06-12 18:22:00,88.3
2025-06-12 14:25:00,55.2
2025-06-12 01:18:00,10.6
2025-06-12 10:40:00,95.8
2025-06-12 04:57:00,92.2
2025-06-12 08:25:00,24.7
2025-06-12 22:59:00,84.6
2025-06-12 05:47:00,7.3
2025-06-12 03:43:00,71.9
2025-06-12 01:02:00,32.1
2025-06-12 23:29:00,32.8
2025-06-12 19:55:00,79.2
2025-06-12 06:18:00,36.4
2025-06-12 17:27:00,96.9
2025-06-12 18:49:00,23.5
2025-06-12 01:36:00,66.1
2025-06-12 15:00:00,15.7
2025-06-12 22:14:00,65.3
2025-06-12 17:54:00,51.9
2025-06-12 18:03:00,68.3
2025-06-12 13:54:00,84.6
2025-06-12 17:35:00,57.9
2025-06-12 17:56:00,15.1
2025-06-12 11:21:00,12.6
2025-06-12 09:19:00,89.9
2025-06-12 18:08:00,0.9
2025-06-12 18:23:00,3.6
2025-06-12 06:03:00,27.9
2025-06-12 04:50:00,92.1
2025-06-12 19:46:00,1.5
2025-06-12 01:31:00,9.7
2025-06-12 14:17:00,49.952608030142464
2025-06-12 22:40:00,38.0
2025-06-12 04:59:00,69.6
2025-06-12 10:33:00,50.7
2025-06-12 02:45:00,79.3
2025-06-12 04:09:00,93.0
2025-06-12 18:28:00,85.0
2025-06-12 04:30:00,91.7
2025-06-12 20:56:00,82.8
2025-06-12 04:40:00,59.7
2025-06-12 10:41:00,54.6
2025-06-12 22:45:00,49.952608030142464
2025-06-12 18:46:00,35.0
2025-06-12 18:37:00,58.3
2025-06-12 15:36:00,49.952608030142464
2025-06-12 21:54:00,27.3
2025-06-12 04:46:00,16.5
2025-06-12 15:14:00,95.1
2025-06-12 09:57:00,83.7
2025-06-12 03:00:00,49.952608030142464
2025-06-12 00:29:00,49.952608030142464
2025-06-12 04:51:00,17.1
2025-06-12 11:44:00,69.0
2025-06-12 11:18:00,58.4
2025-06-12 03:25:00,42.2
2025-06-12 07:41:00,94.8
2025-06-12 22:28:00,66.8
2025-06-12 02:11:00,49.952608030142464
2025-06-12 21:05:00,0.6
2025-06-12 20:36:00,88.9
2025-06-12 17:39:00,87.2
2025-06-12 23:29:00,30.7
2025-06-12 18:36:00,49.952608030142464
2025-06-12 02:54:00,70.2
2025-06-12 16:29:00,49.952608030142464
2025-06-12 03:25:00,20.1
2025-06-12 00:58:00,49.952608030142464
2025-06-12 02:08:00,85.1
2025-06-12 19:03:00,48.6
2025-06-12 11:58:00,49.952608030142464
2025-06-12 02:24:00,77.3
2025-06-12 08:00:00,49.7
2025-06-12 18:59:00,34.5
2025-06-12 15:15:00,29.8
2025-06-12 15:03:00,88.3
2025-06-12 22:57:00,76.2
2025-06-12 00:05:00,49.952608030142464
2025-06-12 15:44:00,35.7
2025-06-12 19:55:00,64.1
2025-06-12 11:20:00,25.2
2025-06-12 18:53:00,27.9
2025-06-12 19:47:00,34.1
2025-06-12 12:51:00,27.8
2025-06-12 02:04:00,49.952608030142464
2025-06-12 08:52:00,99.3
2025-06-12 15:06:00,45.4
2025-06-12 18:27:00,5.0
2025-06-12 22:16:00,49.952608030142464
2025-06-12 20:52:00,49.952608030142464
2025-06-12 01:09:00,87.0
2025-06-12 16:54:00,50.8
2025-06-12 18:39:00,21.5
2025-06-12 02:16:00,48.0
2025-06-12 22:33:00,42.4
2025-06-12 04:14:00,27.9
2025-06-12 00:29:00,71.3
2025-06-12 17:01:00,49.952608030142464
2025-06-12 10:05:00,38.2
2025-06-12 19:43:00,49.952608030142464
2025-06-12 02:12:00,4.7
2025-06-12 02:41:00,49.952608030142464
2025-06-12 21:38:00,49.952608030142464
2025-06-12 11:47:00,49.952608030142464
2025-06-12 21:57:00,22.1
2025-06-12 21:09:00,15.5
2025-06-12 08:17:00,6.9
2025-06-12 13:51:00,34.8
2025-06-12 10:32:00,84.7
2025-06-12 05:47:00,50.1
2025-06-12 16:53:00,95.5
2025-06-12 12:51:00,49.952608030142464
2025-06-12 02:37:00,79.5
2025-06-12 01:30:00,70.2
2025-06-12 15:02:00,0.7
2025-06-12 07:28:00,5.4
2025-06-12 20:35:00,9.6
2025-06-12 10:56:00,36.7
2025-06-12 02:47:00,49.952608030142464
2025-06-12 05:26:00,10.3
2025-06-12 05:31:00,12.0
2025-06-12 21:54:00,57.6
2025-06-12 16:07:00,77.6
2025-06-12 04:14:00,83.7
2025-06-12 04:48:00,10.5
2025-06-12 09:05:00,76.1
2025-06-12 16:24:00,49.952608030142464
2025-06-12 20:47:00,11.7
2025-06-12 18:56:00,27.2
2025-06-12 10:39:00,85.9
2025-06-12 15:35:00,24.9
2025-06-12 21:25:00,85.1
2025-06-12 17:56:00,87.1
2025-06-12 00:16:00,5.9
2025-06-12 12:30:00,45.7
2025-06-12 20:19:00,88.0
2025-06-12 12:13:00,49.952608030142464
2025-06-12 17:51:00,84.3
2025-06-12 18:07:00,21.5
2025-06-12 08:07:00,84.2
2025-06-12 18:48:00,14.2
2025-06-12 20:33:00,3.7
2025-06-12 06:56:00,79.6
2025-06-12 08:22:00,18.7
2025-06-12 02:48:00,20.6
2025-06-12 01:13:00,63.1
2025-06-12 03:32:00,28.4
2025-06-12 16:25:00,17.2
2025-06-12 21:18:00,49.952608030142464
2025-06-12 08:14:00,12.2
2025-06-12 03:07:00,47.7
2025-06-12 14:08:00,77.6
2025-06-12 03:52:00,28.1
2025-06-12 03:10:00,61.4
2025-06-12 00:07:00,82.0
2025-06-12 15:39:00,32.9
2025-06-12 09:37:00,97.9
2025-06-12 18:13:00,29.2
2025-06-12 06:41:00,50.21640523646657
2025-06-12 21:30:00,27.3
2025-06-12 16:21:00,50.21640523646657
2025-06-12 17:38:00,50.21640523646657
2025-06-12 17:00:00,40.3
2025-06-12 02:53:00,93.0
2025-06-12 14:21:00,82.4
2025-06-12 05:45:00,29.4
2025-06-12 18:41:00,59.0
2025-06-12 02:41:00,8.2
2025-06-12 19:55:00,64.1
2025-06-12 00:51:00,93.0
2025-06-12 06:36:00,90.5
2025-06-12 21:20:00,26.0
2025-06-12 15:23:00,76.1
2025-06-12 16:55:00,78.8
2025-06-12 21:42:00,69.5
2025-06-12 15:24:00,18.9
2025-06-12 00:19:00,38.3
2025-06-12 15:47:00,7.8
2025-06-12 13:26:00,55.6
2025-06-12 22:17:00,66.5
2025-06-12 04:26:00,18.8
2025-06-12 00:22:00,91.0
2025-06-12 18:10:00,93.6
2025-06-12 22:14:00,50.21640523646657
2025-06-12 15:50:00,50.21640523646657
2025-06-12 21:34:00,92.1
2025-06-12 21:37:00,97.7
2025-06-12 01:38:00,1.4
2025-06-12 01:51:00,36.8
2025-06-12 18:21:00,16.4
2025-06-12 04:32:00,50.21640523646657
2025-06-12 21:55:00,82.9
2025-06-12 04:27:00,76.5
2025-06-12 00:58:00,34.2
2025-06-12 20:08:00,94.4
2025-06-12 20:11:00,50.21640523646657
2025-06-12 10:52:00,80.4
2025-06-12 09:55:00,50.21640523646657
2025-06-12 03:00:00,97.9
2025-06-12 15:23:00,54.1
2025-06-12 13:29:00,86.4
2025-06-12 00:38:00,76.4
2025-06-12 10:04:00,50.21640523646657
2025-06-12 23:37:00,99.2
2025-06-12 18:39:00,68.1
2025-06-12 20:52:00,4.6
2025-06-12 02:12:00,36.9
2025-06-12 14:03:00,50.21640523646657
2025-06-12 11:03:00,77.8
2025-06-12 08:17:00,11.2
2025-06-12 19:42:00,91.1
2025-06-12 14:37:00,9.6
2025-06-12 13:35:00,50.21640523646657
2025-06-12 06:20:00,26.5
2025-06-12 04:27:00,44.2
2025-06-12 23:09:00,44.6
2025-06-12 05:23:00,34.4
2025-06-12 21:42:00,50.21640523646657
2025-06-12 03:08:00,36.1
2025-06-12 11:11:00,50.21640523646657
2025-06-12 23:30:00,40.3
2025-06-12 07:41:00,19.0
2025-06-12 15:38:00,52.7
2025-06-12 00:31:00,66.7
2025-06-12 14:33:00,83.1
2025-06-12 03:07:00,16.8
2025-06-12 12:40:00,41.1
2025-06-12 12:20:00,50.21640523646657
2025-06-12 22:13:00,17.1
2025-06-12 21:20:00,82.0
2025-06-12 08:07:00,55.2
2025-06-12 14:25:00,9.4
2025-06-12 03:19:00,50.21640523646657
2025-06-12 01:02:00,50.21640523646657
2025-06-12 01:10:00,26.8
2025-06-12 11:36:00,50.21640523646657
2025-06-12 23:16:00,70.2
2025-06-12 23:32:00,60.0
2025-06-12 00:03:00,64.0
2025-06-12 00:27:00,31.5
2025-06-12 06:08:00,75.9
2025-06-12 22:53:00,71.5
2025-06-12 09:42:00,92.7
2025-06-12 10:29:00,35.2
2025-06-12 00:27:00,50.21640523646657
2025-06-12 08:24:00,40.8
2025-06-12 22:18:00,46.6
2025-06-12 05:12:00,81.1
2025-06-12 03:14:00,75.1
2025-06-12 23:17:00,50.21640523646657
2025-06-12 21:41:00,50.21640523646657
2025-06-12 11:58:00,50.21640523646657
2025-06-12 19:00:00,54.8
2025-06-12 11:12:00,30.2
2025-06-12 13:36:00,18.8
2025-06-12 18:12:00,13.4
2025-06-12 03:39:00,50.21640523646657
2025-06-12 12:21:00,51.6
2025-06-12 06:59:00,11.9
2025-06-12 06:21:00,30.9
2025-06-12 03:18:00,97.4
2025-06-12 17:18:00,81.8
2025-06-12 19:16:00,70.3
2025-06-12 21:24:00,98.3
2025-06-12 22:51:00,24.6
2025-06-12 10:55:00,30.8
2025-06-12 19:03:00,57.0
2025-06-12 02:03:00,40.0
2025-06-12 17:38:00,42.4
2025-06-12 16:41:00,30.6
2025-06-12 01:20:00,21.5
2025-06-12 18:21:00,50.21640523646657
2025-06-12 05:14:00,90.3
2025-06-12 13:12:00,23.5
2025-06-12 19:39:00,72.9
2025-06-12 06:28:00,50.21640523646657
2025-06-12 15:54:00,44.3
2025-06-12 16:17:00,60.4
2025-06-12 00:22:00,50.2
2025-06-12 19:23:00,0.1
2025-06-12 19:25:00,28.9
2025-06-12 16:43:00,50.21640523646657
2025-06-12 11:49:00,36.1
2025-06-12 09:50:00,50.21640523646657
2025-06-12 00:33:00,68.0
2025-06-12 05:09:00,50.21640523646657
2025-06-12 16:48:00,36.0
2025-06-12 00:38:00,10.3
2025-06-12 18:52:00,97.5
2025-06-12 08:28:00,76.1
2025-06-12 08:09:00,14.6
2025-06-12 11:13:00,10.1
2025-06-12 13:51:00,11.9
2025-06-12 16:53:00,91.6
2025-06-12 01:59:00,56.1
2025-06-12 03:09:00,67.4
2025-06-12 07:36:00,50.21640523646657
2025-06-12 15:39:00,3.6
2025-06-12 14:12:00,47.6
2025-06-12 11:33:00,12.8
2025-06-12 07:01:00,50.21640523646657
2025-06-12 17:01:00,84.1
2025-06-12 00:05:00,50.21640523646657
2025-06-12 20:21:00,81.4
2025-06-12 08:46:00,94.7
2025-06-12 10:36:00,50.21640523646657
2025-06-12 04:52:00,50.21640523646657
2025-06-12 14:48:00,71.5
2025-06-12 19:55:00,83.7
2025-06-12 02:17:00,89.6
2025-06-12 16:37:00,51.8
2025-06-12 12:54:00,63.7
2025-06-12 12:04:00,50.21640523646657
2025-06-12 06:46:00,82.2
2025-06-12 21:24:00,70.1
2025-06-12 13:33:00,59.0
2025-06-12 21:48:00,33.4
2025-06-12 16:27:00,76.2
2025-06-12 03:41:00,27.6
2025-06-12 05:09:00,50.21640523646657
2025-06-12 17:09:00,88.9
2025-06-12 21:18:00,37.4
2025-06-12 16:22:00,61.0
2025-06-12 06:56:00,40.9
2025-06-12 00:30:00,2.6
2025-06-12 14:36:00,82.3
2025-06-12 23:36:00,79.7
2025-06-12 21:16:00,26.5
2025-06-12 08:58:00,50.21640523646657
2025-06-12 22:41:00,58.8
2025-06-12 07:07:00,60.3
2025-06-12 19:11:00,65.2
2025-06-12 06:13:00,50.21640523646657
2025-06-12 03:13:00,24.0
2025-06-12 16:26:00,67.6
2025-06-12 03:18:00,84.2
2025-06-12 17:46:00,9.4
2025-06-12 04:17:00,22.8
2025-06-12 01:21:00,45.0
2025-06-12 11:07:00,2.1
2025-06-12 01:45:00,42.1
2025-06-12 07:48:00,7.3
2025-06-12 01:32:00,50.21640523646657
2025-06-12 20:31:00,17.7
2025-06-12 05:32:00,13.6
2025-06-12 22:53:00,80.1
2025-06-12 15:44:00,50.6
2025-06-12 23:27:00,62.6
2025-06-12 09:03:00,97.6
2025-06-12 21:44:00,75.4
2025-06-12 05:44:00,83.1
2025-06-12 22:51:00,73.5
2025-06-12 02:02:00,96.9
2025-06-12 01:20:00,66.4
2025-06-12 08:24:00,61.7
2025-06-12 22:26:00,6.0
2025-06-12 17:58:00,5.8
2025-06-12 03:55:00,24.5
2025-06-12 10:47:00,50.21640523646657
2025-06-12 17:45:00,50.21640523646657
2025-06-12 19:50:00,50.21640523646657
2025-06-12 04:11:00,87.0
2025-06-12 19:35:00,64.1
2025-06-12 09:14:00,38.3
2025-06-12 06:57:00,46.0
2025-06-12 12:24:00,3.6
2025-06-12 18:10:00,92.6
2025-06-12 05:58:00,24.2
2025-06-12 02:00:00,34.7
2025-06-12 21:52:00,48.9
2025-06-12 15:22:00,72.1
2025-06-12 19:45:00,16.0
2025-06-12 16:22:00,2.1
2025-06-12 07:57:00,64.3
2025-06-12 06:41:00,67.4
2025-06-12 08:05:00,78.1
2025-06-12 09:01:00,50.21640523646657
2025-06-12 12:46:00,54.4
2025-06-12 15:30:00,11.4
2025-06-12 12:40:00,50.21640523646657
2025-06-12 18:08:00,85.2
2025-06-12 01:37:00,46.6
2025-06-12 22:53:00,50.21640523646657
2025-06-12 18:21:00,14.1
2025-06-12 03:35:00,60.1
2025-06-12 09:02:00,18.6
2025-06-12 01:35:00,70.8
2025-06-12 02:52:00,5.4
2025-06-12 23:19:00,31.5
2025-06-12 20:59:00,58.1
2025-06-12 19:36:00,42.8
2025-06-12 01:07:00,46.9
2025-06-12 17:24:00,3.7
2025-06-12 10:31:00,9.8
2025-06-12 05:02:00,98.3
2025-06-12 21:49:00,12.0
2025-06-12 15:29:00,81.3
2025-06-12 09:02:00,67.2
2025-06-12 16:17:00,36.6
2025-06-12 03:24:00,97.6
2025-06-12 07:16:00,22.4
2025-06-12 14:34:00,31.6
2025-06-12 19:01:00,50.21640523646657
2025-06-12 21:21:00,76.2
2025-06-12 06:46:00,36.6
2025-06-12 15:10:00,4.5
2025-06-12 15:59:00,63.9
2025-06-12 13:19:00,41.1
2025-06-12 13:41:00,40.1
2025-06-12 07:09:00,50.21640523646657
2025-06-12 03:56:00,90.4
2025-06-12 02:45:00,99.2
2025-06-12 07:46:00,50.21640523646657
2025-06-12 08:29:00,50.21640523646657
2025-06-12 23:08:00,78.6
2025-06-12 16:09:00,85.4
2025-06-12 11:16:00,32.4
2025-06-12 04:48:00,50.21640523646657
2025-06-12 23:32:00,34.1
2025-06-12 09:48:00,28.0
2025-06-12 03:21:00,55.7
2025-06-12 04:25:00,50.21640523646657
2025-06-12 07:03:00,93.4
2025-06-12 21:22:00,86.8
2025-06-12 09:13:00,96.3
2025-06-12 16:56:00,30.3
2025-06-12 21:59:00,19.1
2025-06-12 22:09:00,50.21640523646657
2025-06-12 22:23:00,77.9
2025-06-12 12:06:00,50.21640523646657
2025-06-12 07:28:00,25.0
2025-06-12 13:52:00,80.2
2025-06-12 00:52:00,32.2
2025-06-12 22:42:00,54.1
2025-06-12 17:20:00,3.4
2025-06-12 17:56:00,51.7
2025-06-12 08:12:00,50.21640523646657
2025-06-12 21:15:00,91.0
2025-06-12 09:52:00,19.6
2025-06-12 23:41:00,50.9
2025-06-12 05:10:00,87.8
2025-06-12 00:44:00,50.21640523646657
2025-06-12 19:50:00,51.2
2025-06-12 12:48:00,60.1
2025-06-12 11:56:00,34.5
2025-06-12 12:01:00,70.1
2025-06-12 20:51:00,54.3
2025-06-12 08:59:00,61.1
2025-06-12 20:46:00,71.7
2025-06-12 14:13:00,46.5
2025-06-12 14:25:00,61.0
2025-06-12 17:22:00,92.7
2025-06-12 09:33:00,81.4
2025-06-12 17:53:00,76.0
2025-06-12 17:39:00,92.6
2025-06-12 20:24:00,40.5
2025-06-12 19:59:00,79.2
2025-06-12 23:42:00,45.0
2025-06-12 18:16:00,17.0
2025-06-12 01:52:00,42.6
2025-06-12 10:23:00,42.7
2025-06-12 06:23:00,21.0
2025-06-12 06:12:00,56.1
2025-06-12 19:51:00,50.21640523646657
2025-06-12 22:44:00,50.21640523646657
2025-06-12 04:33:00,46.2
2025-06-12 18:47:00,91.5
2025-06-12 23:52:00,34.9
2025-06-12 00:35:00,90.2
2025-06-12 16:24:00,28.1
2025-06-12 02:56:00,22.1
2025-06-12 01:47:00,13.3
2025-06-12 16:37:00,90.4
2025-06-12 13:33:00,50.21640523646657
2025-06-12 01:26:00,92.2
2025-06-12 10:01:00,66.6
2025-06-12 18:56:00,4.9
2025-06-12 18:38:00,62.5
2025-06-12 09:55:00,63.3
2025-06-12 01:20:00,2.0
2025-06-12 10:11:00,39.0
2025-06-12 13:39:00,50.21640523646657
2025-06-12 00:40:00,14.7
2025-06-12 15:27:00,56.6
2025-06-12 09:48:00,10.6
2025-06-12 22:00:00,66.8
2025-06-12 09:36:00,92.5
2025-06-12 02:40:00,22.3
2025-06-12 00:35:00,50.21640523646657
2025-06-12 06:49:00,61.0
2025-06-12 11:17:00,59.7
2025-06-12 23:18:00,32.0
2025-06-12 18:42:00,3.4
2025-06-12 09:45:00,63.7
2025-06-12 21:31:00,8.0
2025-06-12 02:22:00,90.9
2025-06-12 15:16:00,49.70408187272085
2025-06-12 21:16:00,98.2
2025-06-12 14:06:00,93.2
2025-06-12 08:28:00,77.3
2025-06-12 04:54:00,31.3
2025-06-12 02:49:00,19.7
2025-06-12 02:08:00,49.70408187272085
2025-06-12 00:32:00,22.6
2025-06-12 04:47:00,80.3
2025-06-12 13:18:00,44.9
2025-06-12 15:06:00,79.1
2025-06-12 04:15:00,66.0
2025-06-12 23:13:00,72.8
2025-06-12 05:30:00,94.4
2025-06-12 13:56:00,80.3
2025-06-12 17:18:00,57.9
2025-06-12 10:58:00,56.4
2025-06-12 21:31:00,23.9
2025-06-12 06:52:00,49.70408187272085
2025-06-12 16:32:00,49.9
2025-06-12 22:23:00,97.5
2025-06-12 19:41:00,55.6
2025-06-12 21:41:00,49.70408187272085
2025-06-12 10:55:00,3.9
2025-06-12 14:40:00,46.0
2025-06-12 18:35:00,8.8
2025-06-12 14:10:00,77.6
2025-06-12 20:28:00,58.3
2025-06-12 11:02:00,72.7
2025-06-12 03:31:00,64.3
2025-06-12 07:37:00,49.70408187272085
2025-06-12 23:02:00,10.4
2025-06-12 08:04:00,75.1
2025-06-12 10:51:00,70.3
2025-06-12 21:18:00,9.5
2025-06-12 15:48:00,60.5
2025-06-12 10:26:00,49.70408187272085
2025-06-12 19:24:00,97.1
2025-06-12 20:58:00,49.70408187272085
2025-06-12 21:56:00,43.9
2025-06-12 20:21:00,32.1
2025-06-12 03:42:00,31.1
2025-06-12 15:10:00,29.0
2025-06-12 21:22:00,32.2
2025-06-12 03:06:00,49.70408187272085
2025-06-12 04:00:00,4.4
2025-06-12 08:37:00,20.5
2025-06-12 12:57:00,51.7
2025-06-12 19:53:00,24.5
2025-06-12 03:50:00,56.0
2025-06-12 04:56:00,9.8
2025-06-12 20:28:00,15.0
2025-06-12 05:53:00,76.7
2025-06-12 19:29:00,49.3
2025-06-12 16:24:00,82.9
2025-06-12 09:39:00,92.2
2025-06-12 10:41:00,49.70408187272085
2025-06-12 07:37:00,58.2
2025-06-12 05:19:00,46.1
2025-06-12 19:59:00,78.5
2025-06-12 14:12:00,49.70408187272085
2025-06-12 14:16:00,78.4
2025-06-12 02:40:00,49.70408187272085
2025-06-12 00:46:00,56.2
2025-06-12 22:31:00,96.1
2025-06-12 05:08:00,19.7
2025-06-12 04:01:00,14.7
2025-06-12 15:30:00,36.8
2025-06-12 02:38:00,55.1
2025-06-12 20:17:00,96.1
2025-06-12 02:59:00,86.0
2025-06-12 09:46:00,94.7
2025-06-12 14:22:00,46.8
2025-06-12 01:07:00,50.0
2025-06-12 00:37:00,49.70408187272085
2025-06-12 12:53:00,10.3
2025-06-12 23:46:00,47.9
2025-06-12 13:05:00,0.6
2025-06-12 18:19:00,35.1
2025-06-12 04:57:00,22.2
2025-06-12 04:31:00,42.4
2025-06-12 20:25:00,73.7
2025-06-12 23:05:00,89.1
2025-06-12 07:12:00,71.3
2025-06-12 03:20:00,43.0
2025-06-12 22:31:00,44.3
2025-06-12 18:00:00,91.4
2025-06-12 22:17:00,58.8
2025-06-12 14:43:00,49.70408187272085
2025-06-12 23:40:00,26.7
2025-06-12 05:54:00,8.3
2025-06-12 03:24:00,64.3
2025-06-12 17:29:00,49.70408187272085
2025-06-12 12:54:00,64.8
2025-06-12 13:22:00,49.70408187272085
2025-06-12 21:49:00,64.6
2025-06-12 06:05:00,65.6
2025-06-12 03:29:00,49.70408187272085
2025-06-12 23:21:00,49.70408187272085
2025-06-12 05:05:00,81.4
2025-06-12 23:25:00,27.7
2025-06-12 13:52:00,35.1
2025-06-12 06:40:00,61.2
2025-06-12 21:51:00,56.7
2025-06-12 17:22:00,47.0
2025-06-12 13:36:00,31.3
2025-06-12 21:29:00,28.8
2025-06-12 20:36:00,48.0
2025-06-12 12:16:00,3.0
2025-06-12 21:08:00,78.2
2025-06-12 12:50:00,81.0
2025-06-12 14:27:00,97.6
2025-06-12 04:40:00,77.5
2025-06-12 13:33:00,54.3
2025-06-12 20:07:00,17.5
2025-06-12 03:31:00,82.0
2025-06-12 18:42:00,46.0
2025-06-12 16:37:00,72.9
2025-06-12 18:32:00,88.4
2025-06-12 20:13:00,49.70408187272085
2025-06-12 00:56:00,0.5
2025-06-12 07:39:00,35.1
2025-06-12 03:16:00,56.8
2025-06-12 12:10:00,90.3
2025-06-12 22:56:00,49.70408187272085
2025-06-12 03:47:00,49.70408187272085
2025-06-12 20:01:00,23.8
2025-06-12 19:13:00,87.9
2025-06-12 06:41:00,49.70408187272085
2025-06-12 03:26:00,67.9
2025-06-12 22:48:00,50.6
2025-06-12 15:32:00,61.3
2025-06-12 21:16:00,65.8
2025-06-12 08:15:00,74.5
2025-06-12 21:54:00,19.6
2025-06-12 04:14:00,91.0
2025-06-12 21:58:00,49.70408187272085
2025-06-12 23:35:00,49.70408187272085
2025-06-12 20:16:00,12.5
2025-06-12 03:59:00,19.3
2025-06-12 08:26:00,49.70408187272085
2025-06-12 03:12:00,47.3
2025-06-12 14:11:00,61.5
2025-06-12 13:04:00,5.3
2025-06-12 22:33:00,50.6
2025-06-12 01:05:00,82.6
2025-06-12 09:04:00,66.8
2025-06-12 12:52:00,49.70408187272085
2025-06-12 18:16:00,47.9
2025-06-12 03:44:00,63.8
2025-06-12 13:35:00,34.9
2025-06-12 15:23:00,86.2
2025-06-12 15:27:00,41.1
2025-06-12 02:03:00,0.8
2025-06-12 07:09:00,56.8
2025-06-12 10:09:00,31.1
2025-06-12 10:18:00,50.3
2025-06-12 06:21:00,96.0
2025-06-12 15:06:00,79.8
2025-06-12 19:23:00,43.7
2025-06-12 12:57:00,97.7
2025-06-12 06:40:00,49.70408187272085
2025-06-12 15:29:00,49.70408187272085
2025-06-12 00:45:00,49.70408187272085
2025-06-12 04:48:00,24.9
2025-06-12 07:44:00,9.7
2025-06-12 05:52:00,31.8
2025-06-12 23:14:00,2.6
2025-06-12 04:24:00,49.70408187272085
2025-06-12 05:18:00,54.7
2025-06-12 05:07:00,76.4
2025-06-12 03:37:00,49.6
2025-06-12 13:47:00,63.6
2025-06-12 18:36:00,67.8
2025-06-12 06:29:00,56.0
2025-06-12 04:06:00,91.1
2025-06-12 03:49:00,61.9
2025-06-12 17:36:00,18.7
2025-06-12 00:59:00,77.3
2025-06-12 11:20:00,58.7
2025-06-12 07:11:00,29.1
2025-06-12 06:04:00,56.9
2025-06-12 22:18:00,13.5
2025-06-12 22:26:00,24.6
2025-06-12 01:58:00,49.70408187272085
2025-06-12 03:51:00,34.0
2025-06-12 22:44:00,2.6
2025-06-12 23:52:00,20.7
2025-06-12 05:09:00,1.9
2025-06-12 12:44:00,82.4
2025-06-12 01:53:00,10.7
2025-06-12 04:23:00,49.70408187272085
2025-06-12 05:33:00,61.2
2025-06-12 13:14:00,3.2
2025-06-12 22:50:00,49.70408187272085
2025-06-12 06:23:00,90.1
2025-06-12 07:21:00,4.5
2025-06-12 11:15:00,49.70408187272085
2025-06-12 20:48:00,19.9
2025-06-12 19:43:00,49.70408187272085
2025-06-12 07:50:00,25.2
2025-06-12 17:39:00,27.3
2025-06-12 10:51:00,97.9
2025-06-12 06:22:00,16.6
2025-06-12 17:21:00,39.7
2025-06-12 06:31:00,34.8
2025-06-12 08:57:00,87.2
2025-06-12 20:20:00,49.70408187272085
2025-06-12 07:09:00,54.9
2025-06-12 14:58:00,37.2
2025-06-12 16:14:00,34.2
2025-06-12 09:07:00,6.8
2025-06-12 06:59:00,88.6
2025-06-12 01:45:00,49.70408187272085
2025-06-12 17:25:00,33.1
2025-06-12 06:12:00,49.70408187272085
2025-06-12 12:40:00,70.5
2025-06-12 03:24:00,40.3
2025-06-12 17:17:00,85.6
2025-06-12 18:51:00,13.3
2025-06-12 08:29:00,49.70408187272085
2025-06-12 08:16:00,26.0
2025-06-12 18:38:00,8.8
2025-06-12 12:34:00,42.8
2025-06-12 11:57:00,73.4
2025-06-12 10:21:00,60.0
2025-06-12 01:20:00,28.4
2025-06-12 00:03:00,89.4
2025-06-12 03:35:00,76.9
2025-06-12 18:15:00,58.6
2025-06-12 20:59:00,59.1
2025-06-12 17:52:00,22.7
2025-06-12 18:47:00,7.3
2025-06-12 02:54:00,33.2
2025-06-12 13:22:00,34.8
2025-06-12 17:04:00,28.8
2025-06-12 17:43:00,49.70408187272085
2025-06-12 23:36:00,64.3
2025-06-12 05:14:00,14.8
2025-06-12 00:12:00,35.8
2025-06-12 00:14:00,49.70408187272085
2025-06-12 01:50:00,18.1
2025-06-12 03:25:00,19.0
2025-06-12 15:55:00,6.2
2025-06-12 11:51:00,10.1
2025-06-12 13:17:00,47.4
2025-06-12 04:35:00,53.5
2025-06-12 19:24:00,27.7
2025-06-12 01:48:00,83.2
2025-06-12 11:44:00,16.9
2025-06-12 03:37:00,15.9
2025-06-12 22:38:00,2.4
2025-06-12 21:16:00,35.1
2025-06-12 12:00:00,27.3
2025-06-12 06:03:00,75.6
2025-06-12 19:15:00,49.70408187272085
2025-06-12 01:10:00,49.70408187272085
2025-06-12 16:01:00,13.1
2025-06-12 10:06:00,22.5
2025-06-12 23:13:00,6.7
2025-06-12 13:29:00,40.6
2025-06-12 04:28:00,3.8
2025-06-12 17:45:00,51.3
2025-06-12 14:57:00,26.1
2025-06-12 21:26:00,7.9
2025-06-12 07:41:00,49.70408187272085
2025-06-12 16:38:00,79.6
2025-06-12 03:23:00,49.70408187272085
2025-06-12 15:30:00,37.3
2025-06-12 15:34:00,4.9
2025-06-12 02:13:00,73.2
2025-06-12 20:25:00,12.2
2025-06-12 18:25:00,0.2
2025-06-12 18:58:00,15.7
2025-06-12 07:09:00,86.5
2025-06-12 09:55:00,85.3
2025-06-12 00:30:00,33.3
2025-06-12 04:43:00,55.9
2025-06-12 16:26:00,68.9
2025-06-12 12:36:00,87.1
2025-06-12 16:55:00,92.2
2025-06-12 22:08:00,92.3
2025-06-12 08:08:00,15.3
2025-06-12 06:01:00,94.4
2025-06-12 12:36:00,23.9
2025-06-12 08:19:00,55.7
2025-06-12 18:43:00,69.1
2025-06-12 08:56:00,84.0
2025-06-12 08:48:00,91.0
2025-06-12 08:56:00,78.3
2025-06-12 04:37:00,1.6
2025-06-12 04:30:00,55.7
2025-06-12 12:54:00,83.6
2025-06-12 01:17:00,49.70408187272085
2025-06-12 06:57:00,88.9
2025-06-12 16:36:00,8.8
2025-06-12 00:40:00,56.4
2025-06-12 16:35:00,13.9
2025-06-12 22:21:00,23.8
2025-06-12 22:35:00,14.9
2025-06-12 04:51:00,39.6
2025-06-12 14:04:00,49.3
2025-06-12 16:16:00,49.70408187272085
2025-06-12 04:24:00,34.9
2025-06-12 16:54:00,59.6
2025-06-12 17:31:00,4.2
2025-06-12 02:50:00,9.9
2025-06-12 13:39:00,49.70408187272085
2025-06-12 14:14:00,4.8
2025-06-12 08:32:00,59.4
2025-06-12 13:56:00,49.70408187272085
2025-06-12 03:14:00,58.1
2025-06-12 08:57:00,95.6
2025-06-12 17:35:00,50.4
2025-06-12 22:42:00,15.6
2025-06-12 18:37:00,6.2
2025-06-12 20:34:00,59.0
2025-06-12 22:40:00,38.4
2025-06-12 14:18:00,58.7
2025-06-12 08:41:00,85.8
2025-06-12 00:35:00,85.6
2025-06-12 09:40:00,15.3
2025-06-12 23:08:00,14.1
2025-06-12 07:05:00,32.2
2025-06-12 15:41:00,98.8
2025-06-12 22:03:00,62.3
2025-06-12 02:46:00,50.1110094970102
2025-06-12 16:43:00,50.1110094970102
2025-06-12 13:37:00,64.2
2025-06-12 19:28:00,50.1110094970102
2025-06-12 15:35:00,77.9
2025-06-12 08:56:00,83.3
2025-06-12 02:19:00,67.8
2025-06-12 01:07:00,17.3
2025-06-12 13:45:00,73.5
2025-06-12 09:56:00,85.6
2025-06-12 19:25:00,82.4
2025-06-12 04:16:00,24.0
2025-06-12 09:21:00,68.8
2025-06-12 19:13:00,9.4
2025-06-12 06:48:00,47.8
2025-06-12 09:04:00,50.1110094970102
2025-06-12 23:47:00,99.5
2025-06-12 09:07:00,52.3
2025-06-12 17:24:00,94.4
2025-06-12 14:16:00,81.0
2025-06-12 23:47:00,17.9
2025-06-12 02:12:00,19.3
2025-06-12 19:54:00,3.5
2025-06-12 21:21:00,32.3
2025-06-12 07:37:00,50.1110094970102
2025-06-12 16:17:00,16.4
2025-06-12 11:11:00,68.0
2025-06-12 13:36:00,58.4
2025-06-12 22:42:00,92.1
2025-06-12 02:16:00,1.6
2025-06-12 09:53:00,80.8
2025-06-12 09:29:00,27.4
2025-06-12 21:54:00,99.2
2025-06-12 08:02:00,93.1
2025-06-12 01:53:00,94.2
2025-06-12 04:57:00,50.1110094970102
2025-06-12 14:47:00,50.1110094970102
2025-06-12 03:47:00,25.6
2025-06-12 10:31:00,87.9
2025-06-12 08:23:00,50.1110094970102
2025-06-12 21:32:00,47.1
2025-06-12 06:53:00,35.8
2025-06-12 08:58:00,40.1
2025-06-12 03:44:00,50.1110094970102
2025-06-12 23:22:00,41.0
2025-06-12 00:38:00,21.1
2025-06-12 20:53:00,99.1
2025-06-12 05:31:00,50.1110094970102
2025-06-12 04:04:00,34.8
2025-06-12 12:30:00,61.3
2025-06-12 08:53:00,35.0
2025-06-12 12:54:00,78.8
2025-06-12 12:06:00,18.2
2025-06-12 10:09:00,94.1
2025-06-12 16:31:00,12.2
2025-06-12 18:42:00,50.1110094970102
2025-06-12 01:47:00,50.1110094970102
2025-06-12 03:49:00,58.0
2025-06-12 19:31:00,59.0
2025-06-12 15:03:00,52.4
2025-06-12 20:19:00,86.4
2025-06-12 18:16:00,15.5
2025-06-12 12:29:00,4.5
2025-06-12 13:06:00,35.3
2025-06-12 23:02:00,50.1110094970102
2025-06-12 19:48:00,81.9
2025-06-12 14:39:00,92.1
2025-06-12 00:37:00,41.0
2025-06-12 00:40:00,41.6
2025-06-12 16:30:00,33.7
2025-06-12 06:06:00,50.1110094970102
2025-06-12 16:07:00,37.1
2025-06-12 19:54:00,97.9
2025-06-12 15:55:00,21.8
2025-06-12 01:40:00,60.2
2025-06-12 18:41:00,74.0
2025-06-12 14:30:00,30.1
2025-06-12 12:43:00,50.1110094970102
2025-06-12 09:57:00,24.0
2025-06-12 11:00:00,26.0
2025-06-12 11:12:00,50.1110094970102
2025-06-12 02:37:00,78.5
2025-06-12 08:51:00,23.8
2025-06-12 14:35:00,93.8
2025-06-12 12:24:00,75.4
2025-06-12 06:34:00,62.4
2025-06-12 14:09:00,79.6
2025-06-12 10:31:00,27.0
2025-06-12 23:13:00,50.1110094970102
2025-06-12 12:49:00,61.8
2025-06-12 07:05:00,81.2
2025-06-12 13:04:00,85.7
2025-06-12 23:59:00,31.5
2025-06-12 00:11:00,95.6
2025-06-12 12:24:00,70.7
2025-06-12 01:39:00,17.6
2025-06-12 01:10:00,14.7
2025-06-12 10:59:00,50.1110094970102
2025-06-12 09:08:00,74.0
2025-06-12 10:00:00,10.8
2025-06-12 10:14:00,17.9
2025-06-12 04:32:00,27.9
2025-06-12 09:02:00,81.6
2025-06-12 14:32:00,69.2
2025-06-12 08:59:00,60.8
2025-06-12 11:51:00,52.7
2025-06-12 09:41:00,76.2
2025-06-12 00:03:00,21.9
2025-06-12 05:02:00,11.0
2025-06-12 19:12:00,93.4
2025-06-12 14:04:00,50.1110094970102
2025-06-12 15:59:00,21.8
2025-06-12 09:24:00,84.0
2025-06-12 11:33:00,84.7
2025-06-12 03:46:00,62.5
2025-06-12 11:42:00,99.8
2025-06-12 00:13:00,13.4
2025-06-12 17:47:00,14.9
2025-06-12 11:52:00,29.7
2025-06-12 12:57:00,78.3
2025-06-12 15:18:00,94.4
2025-06-12 23:26:00,6.2
2025-06-12 07:08:00,90.3
2025-06-12 14:10:00,93.0
2025-06-12 13:55:00,31.4
2025-06-12 16:43:00,26.2
2025-06-12 17:46:00,15.6
2025-06-12 11:39:00,50.1110094970102
2025-06-12 02:20:00,3.3
2025-06-12 02:31:00,81.9
2025-06-12 21:11:00,36.5
2025-06-12 07:43:00,69.8
2025-06-12 12:05:00,44.1
2025-06-12 15:21:00,15.8
2025-06-12 23:09:00,7.3
2025-06-12 12:19:00,77.2
2025-06-12 21:56:00,59.1
2025-06-12 09:41:00,24.7
2025-06-12 08:23:00,2.2
2025-06-12 14:06:00,88.3
2025-06-12 02:39:00,0.4
2025-06-12 08:07:00,77.3
2025-06-12 23:13:00,50.1110094970102
2025-06-12 01:31:00,50.1110094970102
2025-06-12 00:56:00,35.7
2025-06-12 09:17:00,50.1110094970102
2025-06-12 08:20:00,70.5
2025-06-12 18:28:00,40.9
2025-06-12 11:48:00,21.3
2025-06-12 23:37:00,35.1
2025-06-12 10:09:00,4.8
2025-06-12 18:41:00,46.0
2025-06-12 20:36:00,1.8
2025-06-12 14:52:00,50.1110094970102
2025-06-12 14:39:00,16.3
2025-06-12 20:46:00,61.0
2025-06-12 08:51:00,81.0
2025-06-12 09:03:00,68.8
2025-06-12 12:01:00,54.3
2025-06-12 01:43:00,38.1
2025-06-12 06:30:00,58.9
2025-06-12 03:46:00,35.4
2025-06-12 00:29:00,50.1110094970102
2025-06-12 09:28:00,83.0
2025-06-12 07:42:00,50.1110094970102
2025-06-12 23:11:00,41.1
2025-06-12 23:39:00,77.4
2025-06-12 12:58:00,76.5
2025-06-12 01:28:00,63.3
2025-06-12 23:29:00,50.1110094970102
2025-06-12 23:15:00,74.0
2025-06-12 11:53:00,31.4
2025-06-12 02:01:00,10.2
2025-06-12 04:13:00,69.4
2025-06-12 01:27:00,73.9
2025-06-12 03:29:00,50.4
2025-06-12 21:04:00,25.0
2025-06-12 22:20:00,14.8
2025-06-12 08:41:00,66.5
2025-06-12 05:51:00,94.7
2025-06-12 05:28:00,40.7
2025-06-12 12:03:00,47.4
2025-06-12 12:08:00,21.9
2025-06-12 18:18:00,93.8
2025-06-12 21:54:00,21.9
2025-06-12 21:46:00,74.8
2025-06-12 13:54:00,22.4
2025-06-12 15:56:00,25.8
2025-06-12 00:29:00,54.1
2025-06-12 06:43:00,50.1110094970102
2025-06-12 10:19:00,40.9
2025-06-12 21:26:00,38.4
2025-06-12 00:11:00,5.3
2025-06-12 15:49:00,50.1110094970102
2025-06-12 03:42:00,70.7
2025-06-12 11:13:00,21.1
2025-06-12 16:45:00,39.4
2025-06-12 14:38:00,70.1
2025-06-12 15:34:00,62.8
2025-06-12 10:21:00,49.3
2025-06-12 07:24:00,48.1
2025-06-12 23:40:00,62.2
2025-06-12 08:18:00,67.8
2025-06-12 08:43:00,4.5
2025-06-12 03:05:00,45.3
2025-06-12 00:44:00,7.6
2025-06-12 03:37:00,42.2
2025-06-12 22:26:00,97.4
2025-06-12 10:18:00,66.8
2025-06-12 22:13:00,27.9
2025-06-12 23:28:00,28.0
2025-06-12 04:56:00,19.1
2025-06-12 16:21:00,14.5
2025-06-12 23:36:00,50.1110094970102
2025-06-12 16:06:00,40.5
2025-06-12 06:48:00,74.7
2025-06-12 08:19:00,24.5
2025-06-12 02:21:00,0.4
2025-06-12 10:10:00,94.4
2025-06-12 23:53:00,29.2
2025-06-12 18:20:00,61.5
2025-06-12 12:48:00,79.4
2025-06-12 15:12:00,50.1110094970102
2025-06-12 21:42:00,15.8
2025-06-12 03:32:00,97.4
2025-06-12 00:23:00,72.6
2025-06-12 13:12:00,4.7
2025-06-12 23:59:00,45.7
2025-06-12 06:12:00,11.5
2025-06-12 03:31:00,86.8
2025-06-12 11:15:00,94.7
2025-06-12 09:23:00,81.0
2025-06-12 10:38:00,69.1
2025-06-12 11:46:00,50.1110094970102
2025-06-12 05:51:00,92.4
2025-06-12 12:43:00,2.9
2025-06-12 10:13:00,73.9
2025-06-12 05:50:00,17.4
2025-06-12 14:57:00,50.1110094970102
2025-06-12 14:36:00,16.7
2025-06-12 17:58:00,46.3
2025-06-12 09:11:00,50.1110094970102
2025-06-12 12:20:00,17.7
2025-06-12 09:22:00,26.2
2025-06-12 14:50:00,42.8
2025-06-12 10:19:00,68.9
2025-06-12 04:54:00,38.5
2025-06-12 14:58:00,37.0
2025-06-12 16:47:00,69.4
2025-06-12 17:02:00,50.1110094970102
2025-06-12 20:00:00,47.9
2025-06-12 13:38:00,50.1110094970102
2025-06-12 14:28:00,71.0
2025-06-12 02:47:00,40.6
2025-06-12 16:34:00,6.7
2025-06-12 19:07:00,50.1110094970102
2025-06-12 23:03:00,12.0
2025-06-12 08:08:00,18.6
2025-06-12 11:59:00,86.4
2025-06-12 16:20:00,81.3
2025-06-12 17:34:00,50.1110094970102
2025-06-12 10:08:00,48.0
2025-06-12 00:21:00,97.4
2025-06-12 06:25:00,13.2
2025-06-12 19:24:00,71.0
2025-06-12 13:44:00,28.2
2025-06-12 04:48:00,64.7
2025-06-12 11:39:00,90.5
2025-06-12 22:47:00,49.0
2025-06-12 16:32:00,50.1110094970102
2025-06-12 02:18:00,32.5
2025-06-12 16:22:00,40.8
2025-06-12 02:18:00,28.2
2025-06-12 18:47:00,19.2
2025-06-12 12:25:00,50.1110094970102
2025-06-12 03:56:00,2.5
2025-06-12 06:39:00,50.1110094970102
2025-06-12 21:12:00,89.1
2025-06-12 23:08:00,80.3
2025-06-12 14:59:00,46.9
2025-06-12 04:12:00,50.1110094970102
2025-06-12 09:37:00,51.2
2025-06-12 20:49:00,40.7
2025-06-12 05:10:00,47.5
2025-06-12 21:51:00,50.1110094970102
2025-06-12 22:58:00,20.8
2025-06-12 23:00:00,50.0
2025-06-12 01:41:00,51.8
2025-06-12 17:26:00,99.8
2025-06-12 15:17:00,1.1
2025-06-12 23:22:00,50.1110094970102
2025-06-12 09:39:00,41.8
2025-06-12 10:50:00,36.2
2025-06-12 16:44:00,87.4
2025-06-12 18:01:00,82.9
2025-06-12 05:33:00,34.5
2025-06-12 02:53:00,99.5
2025-06-12 17:40:00,7.6
2025-06-12 16:58:00,61.5
2025-06-12 06:40:00,50.1110094970102
2025-06-12 05:59:00,12.2
2025-06-12 00:53:00,88.9
2025-06-12 02:33:00,64.0
2025-06-12 01:19:00,0.9
2025-06-12 20:21:00,97.0
2025-06-12 15:40:00,55.7
2025-06-12 11:50:00,50.1110094970102
2025-06-12 02:59:00,86.5
2025-06-12 17:58:00,84.8
2025-06-12 05:10:00,1.0
2025-06-12 11:58:00,65.1
2025-06-12 12:41:00,50.1110094970102
2025-06-12 20:51:00,19.6
2025-06-12 11:33:00,20.1
2025-06-12 01:49:00,36.8
2025-06-12 16:10:00,7.8
2025-06-12 20:55:00,37.4
2025-06-12 01:52:00,4.5
2025-06-12 18:41:00,7.4
2025-06-12 18:31:00,50.1110094970102
2025-06-12 15:45:00,50.1110094970102
2025-06-12 01:37:00,50.1110094970102
2025-06-12 19:54:00,82.7
2025-06-12 19:41:00,10.2
2025-06-12 06:07:00,47.1
2025-06-12 01:02:00,69.4
2025-06-12 09:17:00,50.1110094970102
2025-06-12 01:46:00,16.4
2025-06-12 00:27:00,18.4
2025-06-12 04:11:00,9.7
2025-06-12 18:01:00,61.1
2025-06-12 05:18:00,31.3
2025-06-12 02:31:00,64.7
2025-06-12 05:26:00,94.9
2025-06-12 22:34:00,50.1110094970102
2025-06-12 07:19:00,50.1110094970102
2025-06-12 17:23:00,20.6
2025-06-12 17:10:00,11.9
2025-06-12 15:40:00,63.2
2025-06-12 13:55:00,50.1110094970102
2025-06-12 17:10:00,37.4
2025-06-12 08:43:00,6.5
2025-06-12 16:45:00,4.8
2025-06-12 04:00:00,9.4
2025-06-12 16:44:00,12.5
2025-06-12 00:56:00,32.0
2025-06-12 12:35:00,64.1
2025-06-12 20:15:00,87.9
2025-06-12 16:48:00,38.2
2025-06-12 20:16:00,27.5
2025-06-12 21:46:00,50.26990393626991
2025-06-12 16:14:00,28.0
2025-06-12 14:38:00,50.26990393626991
2025-06-12 23:20:00,83.9
2025-06-12 10:55:00,50.26990393626991
2025-06-12 16:42:00,59.8
2025-06-12 17:20:00,40.5
2025-06-12 10:11:00,6.6
2025-06-12 21:07:00,0.1
2025-06-12 08:32:00,29.0
2025-06-12 22:31:00,76.5
2025-06-12 14:44:00,51.3
2025-06-12 05:01:00,50.26990393626991
2025-06-12 03:38:00,50.26990393626991
2025-06-12 17:44:00,50.26990393626991
2025-06-12 05:23:00,65.1
2025-06-12 01:04:00,72.9
2025-06-12 11:54:00,29.2
2025-06-12 05:59:00,71.5
2025-06-12 22:59:00,10.8
2025-06-12 02:00:00,60.8
2025-06-12 14:06:00,11.1
2025-06-12 00:54:00,50.26990393626991
2025-06-12 20:54:00,16.6
2025-06-12 09:32:00,35.5
2025-06-12 13:03:00,30.5
2025-06-12 22:34:00,22.3
2025-06-12 00:38:00,24.8
2025-06-12 06:27:00,9.5
2025-06-12 20:16:00,4.9
2025-06-12 02:54:00,50.26990393626991
2025-06-12 03:22:00,24.2
2025-06-12 01:47:00,69.0
2025-06-12 06:12:00,25.1
2025-06-12 05:45:00,50.26990393626991
2025-06-12 14:42:00,95.5
2025-06-12 22:11:00,46.3
2025-06-12 16:38:00,10.6
2025-06-12 20:24:00,66.0
2025-06-12 13:35:00,1.7
2025-06-12 16:14:00,48.0
2025-06-12 11:41:00,30.1
2025-06-12 09:51:00,19.9
2025-06-12 17:05:00,6.4
2025-06-12 01:55:00,32.4
2025-06-12 00:55:00,49.6
2025-06-12 08:35:00,1.4
2025-06-12 12:12:00,68.0
2025-06-12 00:36:00,79.9
2025-06-12 05:23:00,33.9
2025-06-12 20:43:00,23.5
2025-06-12 10:30:00,29.9
2025-06-12 06:54:00,21.0
2025-06-12 02:33:00,80.0
2025-06-12 20:31:00,21.0
2025-06-12 09:55:00,83.0
2025-06-12 12:10:00,73.8
2025-06-12 04:49:00,50.26990393626991
2025-06-12 20:02:00,25.7
2025-06-12 22:04:00,50.26990393626991
2025-06-12 12:38:00,18.0
2025-06-12 12:53:00,98.0
2025-06-12 07:12:00,96.1
2025-06-12 17:47:00,7.9
2025-06-12 23:04:00,49.0
2025-06-12 07:00:00,57.5
2025-06-12 01:36:00,68.2
2025-06-12 09:43:00,50.26990393626991
2025-06-12 08:45:00,50.26990393626991
2025-06-12 11:11:00,72.2
2025-06-12 06:44:00,22.4
2025-06-12 12:28:00,92.9
2025-06-12 00:08:00,20.0
2025-06-12 20:11:00,16.6
2025-06-12 14:06:00,22.6
2025-06-12 17:45:00,88.5
2025-06-12 11:21:00,52.1
2025-06-12 09:18:00,8.0
2025-06-12 16:55:00,63.9
2025-06-12 04:41:00,2.8
2025-06-12 03:07:00,50.26990393626991
2025-06-12 18:10:00,7.4
2025-06-12 09:04:00,21.1
2025-06-12 19:56:00,70.5
2025-06-12 16:55:00,20.5
2025-06-12 06:46:00,85.2
2025-06-12 10:34:00,50.26990393626991
2025-06-12 03:26:00,63.0
2025-06-12 15:24:00,62.0
2025-06-12 05:59:00,38.3
2025-06-12 21:16:00,96.9
2025-06-12 17:41:00,96.7
2025-06-12 21:45:00,73.8
2025-06-12 22:25:00,33.4
2025-06-12 14:29:00,82.9
2025-06-12 21:11:00,8.5
2025-06-12 10:48:00,57.1
2025-06-12 12:15:00,95.4
2025-06-12 21:27:00,50.26990393626991
2025-06-12 15:02:00,5.8
2025-06-12 04:19:00,18.8
2025-06-12 08:41:00,98.6
2025-06-12 11:53:00,27.6
2025-06-12 11:50:00,94.7
2025-06-12 08:09:00,82.6
2025-06-12 00:53:00,21.7
2025-06-12 18:22:00,78.2
2025-06-12 21:13:00,50.26990393626991
2025-06-12 00:30:00,50.26990393626991
2025-06-12 06:53:00,65.3
2025-06-12 00:32:00,65.5
2025-06-12 13:09:00,69.8
2025-06-12 10:03:00,62.0
2025-06-12 05:32:00,41.5
2025-06-12 15:28:00,50.6
2025-06-12 14:37:00,13.2
2025-06-12 06:22:00,61.8
2025-06-12 08:10:00,49.3
2025-06-12 14:49:00,49.0
2025-06-12 05:28:00,50.26990393626991
2025-06-12 14:21:00,23.4
2025-06-12 11:17:00,65.2
2025-06-12 04:15:00,8.4
2025-06-12 10:57:00,6.0
2025-06-12 12:22:00,18.7
2025-06-12 19:36:00,87.1
2025-06-12 08:53:00,38.7
2025-06-12 10:25:00,35.6
2025-06-12 05:08:00,89.0
2025-06-12 16:58:00,16.8
2025-06-12 00:39:00,8.9
2025-06-12 02:35:00,94.7
2025-06-12 11:25:00,36.9
2025-06-12 16:45:00,19.5
2025-06-12 09:03:00,50.26990393626991
2025-06-12 14:25:00,60.2
2025-06-12 11:56:00,38.8
2025-06-12 14:10:00,14.8
2025-06-12 16:09:00,21.2
2025-06-12 11:38:00,22.7
2025-06-12 01:18:00,35.9
2025-06-12 01:04:00,87.8
2025-06-12 01:10:00,16.0
2025-06-12 01:44:00,52.5
2025-06-12 23:58:00,76.5
2025-06-12 02:03:00,44.2
2025-06-12 22:52:00,86.3
2025-06-12 02:21:00,32.3
2025-06-12 08:13:00,93.0
2025-06-12 12:49:00,50.26990393626991
2025-06-12 11:12:00,53.5
2025-06-12 22:56:00,11.7
2025-06-12 16:49:00,54.2
2025-06-12 17:33:00,50.26990393626991
2025-06-12 00:04:00,18.9
2025-06-12 10:15:00,20.2
2025-06-12 03:44:00,52.0
2025-06-12 01:52:00,5.1
2025-06-12 18:11:00,46.8
2025-06-12 13:17:00,14.4
2025-06-12 20:40:00,15.8
2025-06-12 14:41:00,66.5
2025-06-12 06:10:00,80.1
2025-06-12 02:44:00,20.3
2025-06-12 05:16:00,50.26990393626991
2025-06-12 20:35:00,90.6
2025-06-12 13:00:00,49.2
2025-06-12 10:58:00,10.8
2025-06-12 10:52:00,88.6
2025-06-12 13:14:00,98.4
2025-06-12 14:00:00,18.1
2025-06-12 18:32:00,24.4
2025-06-12 20:49:00,3.7
2025-06-12 18:49:00,62.9
2025-06-12 01:45:00,67.8
2025-06-12 01:30:00,17.4
2025-06-12 03:50:00,30.0
2025-06-12 16:05:00,28.2
2025-06-12 08:31:00,60.1
2025-06-12 10:16:00,50.26990393626991
2025-06-12 19:53:00,81.2
2025-06-12 16:58:00,90.0
2025-06-12 16:58:00,60.4
2025-06-12 16:00:00,38.6
2025-06-12 20:40:00,20.6
2025-06-12 16:27:00,71.3
2025-06-12 05:30:00,50.26990393626991
2025-06-12 16:55:00,97.7
2025-06-12 22:04:00,50.9
2025-06-12 05:38:00,99.0
2025-06-12 02:05:00,56.6
2025-06-12 08:07:00,26.2
2025-06-12 10:18:00,99.2
2025-06-12 00:38:00,39.8
2025-06-12 02:44:00,49.7
2025-06-12 04:09:00,67.8
2025-06-12 05:54:00,50.26990393626991
2025-06-12 13:11:00,18.2
2025-06-12 17:30:00,18.6
2025-06-12 02:42:00,59.7
2025-06-12 02:49:00,68.4
2025-06-12 00:03:00,50.26990393626991
2025-06-12 13:54:00,89.3
2025-06-12 10:36:00,78.2
2025-06-12 02:44:00,98.0
2025-06-12 07:08:00,50.26990393626991
2025-06-12 20:58:00,52.0
2025-06-12 06:42:00,20.8
2025-06-12 15:54:00,33.9
2025-06-12 05:54:00,43.4
2025-06-12 15:19:00,4.0
2025-06-12 15:22:00,84.1
2025-06-12 08:16:00,4.0
2025-06-12 01:38:00,10.6
2025-06-12 08:12:00,81.7
2025-06-12 02:09:00,85.4
2025-06-12 04:35:00,57.2
2025-06-12 05:00:00,50.26990393626991
2025-06-12 22:12:00,99.1
2025-06-12 22:16:00,50.7
2025-06-12 20:23:00,40.2
2025-06-12 01:07:00,89.0
2025-06-12 22:11:00,22.0
2025-06-12 00:04:00,91.3
2025-06-12 05:09:00,42.9
2025-06-12 11:01:00,81.9
2025-06-12 16:48:00,85.7
2025-06-12 09:42:00,42.0
2025-06-12 01:42:00,90.0
2025-06-12 10:55:00,32.6
2025-06-12 01:26:00,61.9
2025-06-12 11:52:00,82.0
2025-06-12 18:22:00,89.9
2025-06-12 15:23:00,79.2
2025-06-12 03:37:00,26.6
2025-06-12 01:24:00,15.9
2025-06-12 13:41:00,76.2
2025-06-12 08:56:00,54.0
2025-06-12 12:55:00,25.8
2025-06-12 08:57:00,50.26990393626991
2025-06-12 05:12:00,92.2
2025-06-12 11:01:00,28.6
2025-06-12 05:53:00,60.1
2025-06-12 05:03:00,78.5
2025-06-12 16:20:00,52.5
2025-06-12 05:42:00,24.5
2025-06-12 01:27:00,37.7
2025-06-12 00:44:00,30.6
2025-06-12 00:59:00,39.8
2025-06-12 06:41:00,14.9
2025-06-12 12:35:00,53.1
2025-06-12 18:02:00,69.1
2025-06-12 15:27:00,26.1
2025-06-12 06:15:00,50.26990393626991
2025-06-12 18:15:00,26.4
2025-06-12 05:31:00,50.26990393626991
2025-06-12 08:24:00,50.26990393626991
2025-06-12 19:20:00,50.26990393626991
2025-06-12 07:31:00,27.2
2025-06-12 15:31:00,0.3
2025-06-12 02:15:00,55.2
2025-06-12 13:48:00,49.2
2025-06-12 12:10:00,16.9
2025-06-12 17:52:00,50.26990393626991
2025-06-12 03:09:00,24.0
2025-06-12 14:18:00,77.4
2025-06-12 06:20:00,11.8
2025-06-12 04:41:00,50.26990393626991
2025-06-12 14:51:00,7.8
2025-06-12 19:24:00,7.7
2025-06-12 19:55:00,32.8
2025-06-12 05:44:00,92.5
2025-06-12 20:50:00,82.6
2025-06-12 12:54:00,32.7
2025-06-12 22:46:00,95.7
2025-06-12 00:49:00,66.8
2025-06-12 01:00:00,86.1
2025-06-12 08:34:00,49.3
2025-06-12 06:08:00,28.4
2025-06-12 05:46:00,79.4
2025-06-12 12:31:00,50.26990393626991
2025-06-12 22:56:00,73.3
2025-06-12 22:03:00,11.7
2025-06-12 00:42:00,87.9
2025-06-12 09:42:00,37.4
2025-06-12 03:01:00,50.26990393626991
2025-06-12 17:14:00,62.3
2025-06-12 19:15:00,50.26990393626991
2025-06-12 14:15:00,63.7
2025-06-12 10:39:00,55.0
2025-06-12 11:42:00,67.6
2025-06-12 20:35:00,74.2
2025-06-12 23:18:00,66.7
2025-06-12 17:32:00,19.6
2025-06-12 12:59:00,10.3
2025-06-12 17:06:00,27.6
2025-06-12 07:25:00,50.26990393626991
2025-06-12 19:14:00,78.4
2025-06-12 13:09:00,74.5
2025-06-12 02:18:00,67.7
2025-06-12 21:17:00,86.3
2025-06-12 18:36:00,8.5
2025-06-12 12:05:00,36.6
2025-06-12 00:45:00,65.0
2025-06-12 20:51:00,77.0
2025-06-12 04:40:00,50.26990393626991
2025-06-12 20:47:00,31.0
2025-06-12 08:12:00,93.0
2025-06-12 22:37:00,19.2
2025-06-12 20:07:00,50.9
2025-06-12 06:35:00,49.3
2025-06-12 10:29:00,90.6
2025-06-12 05:40:00,10.3
2025-06-12 12:20:00,50.26990393626991
2025-06-12 00:26:00,2.5
2025-06-12 14:59:00,18.1
2025-06-12 08:24:00,82.3
2025-06-12 16:05:00,97.3
2025-06-12 18:52:00,85.8
2025-06-12 22:39:00,50.26990393626991
2025-06-12 15:33:00,95.3
2025-06-12 03:17:00,61.2
2025-06-12 22:40:00,50.26990393626991
2025-06-12 06:09:00,88.8
2025-06-12 13:32:00,50.26990393626991
2025-06-12 02:32:00,4.7
2025-06-12 20:11:00,56.0
2025-06-12 00:43:00,77.7
2025-06-12 00:16:00,95.3
2025-06-12 07:44:00,76.1
2025-06-12 21:48:00,49.485271956675305
2025-06-12 05:32:00,49.485271956675305
2025-06-12 13:34:00,83.5
2025-06-12 21:24:00,67.7
2025-06-12 23:50:00,30.6
2025-06-12 09:14:00,93.6
2025-06-12 08:02:00,36.6
2025-06-12 18:22:00,49.485271956675305
2025-06-12 22:45:00,5.1
2025-06-12 05:18:00,36.9
2025-06-12 20:29:00,9.4
2025-06-12 18:56:00,30.1
2025-06-12 12:56:00,51.8
2025-06-12 12:52:00,30.6
2025-06-12 16:59:00,18.2
2025-06-12 02:14:00,62.2
2025-06-12 15:40:00,88.1
2025-06-12 20:30:00,23.1
2025-06-12 17:36:00,90.3
2025-06-12 05:56:00,69.1
2025-06-12 11:13:00,10.5
2025-06-12 01:58:00,55.8
2025-06-12 19:29:00,18.6
2025-06-12 22:47:00,25.4
2025-06-12 07:46:00,73.1
2025-06-12 14:07:00,1.5
2025-06-12 12:11:00,49.485271956675305
2025-06-12 18:08:00,21.7
2025-06-12 21:39:00,27.6
2025-06-12 00:06:00,80.5
2025-06-12 00:26:00,49.485271956675305
2025-06-12 19:17:00,34.3
2025-06-12 04:09:00,66.2
2025-06-12 08:10:00,90.5
2025-06-12 08:19:00,56.1
2025-06-12 08:08:00,49.485271956675305
2025-06-12 17:48:00,73.0
2025-06-12 03:26:00,49.485271956675305
2025-06-12 09:40:00,28.7
2025-06-12 11:57:00,20.7
2025-06-12 10:51:00,45.9
2025-06-12 09:05:00,16.7
2025-06-12 16:37:00,80.1
2025-06-12 04:46:00,49.485271956675305
2025-06-12 03:48:00,43.8
2025-06-12 07:34:00,93.0
2025-06-12 01:53:00,49.485271956675305
2025-06-12 15:26:00,13.3
2025-06-12 01:12:00,47.5
2025-06-12 15:36:00,49.485271956675305
2025-06-12 08:34:00,99.4
2025-06-12 18:08:00,85.1
2025-06-12 17:14:00,26.4
2025-06-12 01:32:00,15.9
2025-06-12 00:08:00,72.4
2025-06-12 14:56:00,31.7
2025-06-12 03:24:00,90.9
2025-06-12 03:33:00,49.485271956675305
2025-06-12 21:28:00,63.3
2025-06-12 15:15:00,3.2
2025-06-12 16:23:00,17.5
2025-06-12 08:09:00,49.485271956675305
2025-06-12 20:58:00,73.3
2025-06-12 08:00:00,49.485271956675305
2025-06-12 22:15:00,79.3
2025-06-12 09:12:00,41.5
2025-06-12 18:44:00,49.485271956675305
2025-06-12 05:27:00,32.3
2025-06-12 13:01:00,49.9
2025-06-12 13:19:00,49.485271956675305
2025-06-12 01:04:00,68.7
2025-06-12 08:53:00,81.1
2025-06-12 19:06:00,50.7
2025-06-12 01:23:00,10.6
2025-06-12 12:10:00,70.7
2025-06-12 16:54:00,8.6
2025-06-12 16:21:00,20.3
2025-06-12 16:16:00,88.4
2025-06-12 21:12:00,87.1
2025-06-12 06:56:00,93.2
2025-06-12 21:26:00,97.8
2025-06-12 00:45:00,69.6
2025-06-12 11:52:00,69.2
2025-06-12 17:03:00,46.6
2025-06-12 06:21:00,39.4
2025-06-12 18:21:00,25.0
2025-06-12 05:36:00,49.485271956675305
2025-06-12 09:39:00,5.9
2025-06-12 16:08:00,63.5
2025-06-12 00:32:00,65.7
2025-06-12 17:58:00,49.485271956675305
2025-06-12 21:03:00,89.5
2025-06-12 00:08:00,72.7
2025-06-12 16:54:00,18.3
2025-06-12 04:15:00,12.2
2025-06-12 09:50:00,45.6
2025-06-12 10:13:00,9.4
2025-06-12 19:10:00,76.5
2025-06-12 20:30:00,39.1
2025-06-12 16:33:00,28.5
2025-06-12 23:13:00,28.1
2025-06-12 05:18:00,73.8
2025-06-12 09:40:00,55.3
2025-06-12 20:24:00,49.485271956675305
2025-06-12 01:56:00,39.1
2025-06-12 20:45:00,49.485271956675305
2025-06-12 02:02:00,17.0
2025-06-12 12:04:00,11.8
2025-06-12 02:49:00,54.2
2025-06-12 02:53:00,49.485271956675305
2025-06-12 00:23:00,64.5
2025-06-12 21:39:00,38.1
2025-06-12 07:30:00,49.485271956675305
2025-06-12 10:17:00,82.5
2025-06-12 03:33:00,49.485271956675305
2025-06-12 10:12:00,77.5
2025-06-12 08:55:00,5.5
2025-06-12 02:57:00,84.2
2025-06-12 15:55:00,49.485271956675305
2025-06-12 13:08:00,48.8
2025-06-12 07:28:00,18.3
2025-06-12 13:54:00,59.5
2025-06-12 11:18:00,49.485271956675305
2025-06-12 12:54:00,49.485271956675305
2025-06-12 07:08:00,60.0
2025-06-12 10:53:00,15.7
2025-06-12 16:47:00,17.8
2025-06-12 14:42:00,49.485271956675305
2025-06-12 03:26:00,95.7
2025-06-12 20:46:00,5.8
2025-06-12 01:29:00,54.4
2025-06-12 08:55:00,78.7
2025-06-12 03:11:00,85.1
2025-06-12 17:49:00,7.0
2025-06-12 18:58:00,50.2
2025-06-12 18:23:00,40.1
2025-06-12 05:48:00,19.9
2025-06-12 05:47:00,49.485271956675305
2025-06-12 01:29:00,45.2
2025-06-12 04:19:00,25.8
2025-06-12 22:01:00,71.4
2025-06-12 12:19:00,98.3
2025-06-12 20:29:00,49.485271956675305
2025-06-12 14:57:00,37.4
2025-06-12 07:34:00,87.2
2025-06-12 01:38:00,9.0
2025-06-12 16:41:00,78.5
2025-06-12 19:41:00,75.3
2025-06-12 06:17:00,59.8
2025-06-12 01:41:00,49.485271956675305
2025-06-12 00:12:00,74.1
2025-06-12 06:35:00,18.5
2025-06-12 09:52:00,48.6
2025-06-12 08:08:00,45.3
2025-06-12 17:48:00,88.1
2025-06-12 10:39:00,52.2
2025-06-12 23:33:00,52.6
2025-06-12 00:22:00,20.7
2025-06-12 01:23:00,46.6
2025-06-12 18:22:00,69.1
2025-06-12 03:52:00,36.8
2025-06-12 10:37:00,6.6
2025-06-12 06:59:00,49.485271956675305
2025-06-12 23:01:00,69.4
2025-06-12 12:52:00,18.9
2025-06-12 00:50:00,9.4
2025-06-12 09:51:00,11.9
2025-06-12 16:40:00,88.4
2025-06-12 06:48:00,72.8
2025-06-12 16:45:00,88.2
2025-06-12 13:29:00,37.6
2025-06-12 09:00:00,74.5
2025-06-12 07:08:00,21.0
2025-06-12 13:30:00,72.0
2025-06-12 17:53:00,42.2
2025-06-12 10:05:00,67.8
2025-06-12 19:16:00,2.9
2025-06-12 09:50:00,39.7
2025-06-12 07:39:00,24.3
2025-06-12 08:59:00,49.485271956675305
2025-06-12 08:45:00,78.0
2025-06-12 06:11:00,96.7
2025-06-12 01:15:00,89.5
2025-06-12 01:50:00,3.3
2025-06-12 17:00:00,27.6
2025-06-12 08:53:00,55.9
2025-06-12 18:33:00,49.485271956675305
2025-06-12 20:41:00,99.1
2025-06-12 22:01:00,1.0
2025-06-12 09:17:00,78.4
2025-06-12 13:35:00,49.485271956675305
2025-06-12 23:16:00,39.5
2025-06-12 06:33:00,49.485271956675305
2025-06-12 23:01:00,49.485271956675305
2025-06-12 22:05:00,93.8
2025-06-12 09:30:00,76.7
2025-06-12 05:39:00,42.1
2025-06-12 09:26:00,37.4
2025-06-12 06:00:00,81.7
2025-06-12 04:14:00,49.485271956675305
2025-06-12 17:13:00,74.7
2025-06-12 12:40:00,22.1
2025-06-12 14:22:00,99.0
2025-06-12 13:10:00,78.2
2025-06-12 18:16:00,55.3
2025-06-12 08:17:00,49.485271956675305
2025-06-12 19:53:00,49.485271956675305
2025-06-12 18:21:00,95.4
2025-06-12 09:09:00,56.8
2025-06-12 15:13:00,77.9
2025-06-12 06:40:00,43.2
2025-06-12 14:07:00,8.1
2025-06-12 10:53:00,99.1
2025-06-12 20:14:00,98.5
2025-06-12 06:55:00,32.5
2025-06-12 06:47:00,70.6
2025-06-12 16:44:00,75.9
2025-06-12 11:48:00,49.4
2025-06-12 03:53:00,49.485271956675305
2025-06-12 11:48:00,28.0
2025-06-12 12:24:00,21.3
2025-06-12 08:09:00,67.7
2025-06-12 21:14:00,96.2
2025-06-12 05:37:00,17.7
2025-06-12 17:54:00,67.3
2025-06-12 03:28:00,42.6
2025-06-12 04:55:00,46.9
2025-06-12 13:01:00,24.4
2025-06-12 09:53:00,75.6
2025-06-12 21:19:00,26.8
2025-06-12 13:56:00,67.8
2025-06-12 13:01:00,24.9
2025-06-12 17:10:00,52.0
2025-06-12 19:13:00,49.485271956675305
2025-06-12 13:55:00,92.4
2025-06-12 01:47:00,0.7
2025-06-12 20:00:00,23.6
2025-06-12 23:02:00,42.7
2025-06-12 15:41:00,70.8
2025-06-12 10:39:00,44.8
2025-06-12 15:37:00,54.4
2025-06-12 09:53:00,32.4
2025-06-12 20:54:00,97.3
2025-06-12 21:19:00,13.3
2025-06-12 12:30:00,10.7
2025-06-12 19:39:00,31.0
2025-06-12 13:51:00,91.3
2025-06-12 04:58:00,17.9
2025-06-12 21:25:00,46.8
2025-06-12 13:31:00,42.6
2025-06-12 05:32:00,93.7
2025-06-12 06:12:00,39.7
2025-06-12 20:06:00,78.1
2025-06-12 13:27:00,7.5
2025-06-12 12:29:00,95.8
2025-06-12 22:45:00,5.2
2025-06-12 00:13:00,98.1
2025-06-12 10:34:00,49.485271956675305
2025-06-12 01:44:00,60.7
2025-06-12 18:11:00,42.0
2025-06-12 04:17:00,79.6
2025-06-12 15:25:00,58.2
2025-06-12 12:29:00,55.0
2025-06-12 13:46:00,90.4
2025-06-12 09:14:00,49.7
2025-06-12 13:10:00,38.3
2025-06-12 10:13:00,61.8
2025-06-12 19:53:00,48.1
2025-06-12 15:18:00,48.2
2025-06-12 07:38:00,45.7
2025-06-12 16:32:00,76.6
2025-06-12 07:21:00,60.3
2025-06-12 11:01:00,18.5
2025-06-12 03:51:00,79.6
2025-06-12 08:49:00,49.485271956675305
2025-06-12 20:26:00,26.2
2025-06-12 07:59:00,44.9
2025-06-12 22:38:00,18.5
2025-06-12 00:39:00,94.9
2025-06-12 15:45:00,54.4
2025-06-12 08:25:00,93.2
2025-06-12 14:11:00,49.485271956675305
2025-06-12 04:58:00,49.485271956675305
2025-06-12 16:24:00,72.1
2025-06-12 07:09:00,25.3
2025-06-12 17:56:00,34.2
2025-06-12 21:06:00,64.4
2025-06-12 17:21:00,9.2
2025-06-12 19:00:00,36.5
2025-06-12 06:05:00,20.6
2025-06-12 15:43:00,38.4
2025-06-12 11:00:00,49.485271956675305
2025-06-12 19:21:00,93.3
2025-06-12 10:29:00,65.7
2025-06-12 18:48:00,41.5
2025-06-12 07:52:00,43.7
2025-06-12 17:49:00,52.4
2025-06-12 15:33:00,79.2
2025-06-12 05:37:00,40.9
2025-06-12 02:47:00,49.485271956675305
2025-06-12 09:27:00,41.9
2025-06-12 17:22:00,50.0997191011236
2025-06-12 21:32:00,50.0997191011236
2025-06-12 12:09:00,63.8
2025-06-12 12:04:00,25.5
2025-06-12 11:07:00,24.7
2025-06-12 19:42:00,27.5
2025-06-12 00:08:00,89.7
2025-06-12 17:10:00,90.7
2025-06-12 09:47:00,60.0
2025-06-12 00:09:00,80.8
2025-06-12 06:55:00,50.4
2025-06-12 07:55:00,34.7
2025-06-12 21:31:00,7.5
2025-06-12 02:25:00,94.5
2025-06-12 02:07:00,5.2
2025-06-12 17:39:00,44.9
2025-06-12 11:27:00,50.0997191011236
2025-06-12 23:38:00,89.1
2025-06-12 09:05:00,55.8
2025-06-12 03:56:00,50.0997191011236
2025-06-12 10:32:00,22.2
2025-06-12 06:58:00,3.9
2025-06-12 12:46:00,18.8
2025-06-12 11:47:00,50.0997191011236
2025-06-12 10:28:00,7.2
2025-06-12 13:36:00,32.9
2025-06-12 13:05:00,10.2
2025-06-12 02:49:00,42.4
2025-06-12 06:15:00,50.0997191011236
2025-06-12 12:04:00,71.5
2025-06-12 16:26:00,26.2
2025-06-12 07:29:00,55.7
2025-06-12 10:48:00,74.3
2025-06-12 20:39:00,30.8
2025-06-12 06:04:00,57.7
2025-06-12 02:02:00,55.9
2025-06-12 12:57:00,80.8
2025-06-12 16:31:00,50.0997191011236
2025-06-12 14:00:00,50.0997191011236
2025-06-12 19:36:00,80.3
2025-06-12 22:14:00,19.6
2025-06-12 01:13:00,3.4
2025-06-12 09:16:00,88.1
2025-06-12 17:18:00,40.5
2025-06-12 03:11:00,50.0997191011236
2025-06-12 10:34:00,46.3
2025-06-12 17:21:00,50.0997191011236
2025-06-12 16:01:00,35.4
2025-06-12 14:35:00,96.9
2025-06-12 15:57:00,81.9
2025-06-12 00:03:00,79.4
2025-06-12 16:41:00,55.6
2025-06-12 21:06:00,13.6
2025-06-12 10:26:00,34.9
2025-06-12 19:58:00,50.0997191011236
2025-06-12 23:11:00,87.2
2025-06-12 18:19:00,47.8
2025-06-12 09:52:00,50.0997191011236
2025-06-12 20:01:00,12.5
2025-06-12 02:43:00,50.0997191011236
2025-06-12 22:26:00,67.2
2025-06-12 21:17:00,83.6
2025-06-12 13:14:00,50.0997191011236
2025-06-12 21:06:00,97.7
2025-06-12 18:04:00,13.1
2025-06-12 15:36:00,96.4
2025-06-12 08:29:00,29.6
2025-06-12 15:02:00,9.8
2025-06-12 12:19:00,70.7
2025-06-12 17:55:00,44.9
2025-06-12 11:59:00,93.2
2025-06-12 15:29:00,47.0
2025-06-12 22:09:00,50.0997191011236
2025-06-12 01:18:00,50.9
2025-06-12 20:41:00,78.6
2025-06-12 19:10:00,96.7
2025-06-12 04:59:00,87.2
2025-06-12 01:11:00,5.6
2025-06-12 14:31:00,37.6
2025-06-12 09:19:00,49.0
2025-06-12 13:07:00,88.0
2025-06-12 12:22:00,8.8
2025-06-12 17:50:00,80.0
2025-06-12 04:51:00,50.0997191011236
2025-06-12 14:07:00,50.0997191011236
2025-06-12 10:05:00,42.5
2025-06-12 13:11:00,28.1
2025-06-12 21:23:00,93.0
2025-06-12 19:48:00,22.5
2025-06-12 15:30:00,49.3
2025-06-12 04:29:00,50.0997191011236
2025-06-12 20:23:00,50.0997191011236
2025-06-12 21:57:00,50.0997191011236
2025-06-12 18:41:00,5.0
2025-06-12 08:44:00,63.7
2025-06-12 14:23:00,89.7
2025-06-12 11:04:00,97.6
2025-06-12 08:15:00,1.7
2025-06-12 23:03:00,36.2
2025-06-12 19:52:00,50.0997191011236
2025-06-12 10:45:00,77.2
2025-06-12 15:59:00,42.7
2025-06-12 20:14:00,99.3
2025-06-12 11:17:00,50.0997191011236
2025-06-12 05:22:00,43.3
2025-06-12 00:02:00,42.4
2025-06-12 08:44:00,40.8
2025-06-12 05:11:00,93.5
2025-06-12 16:59:00,22.2
2025-06-12 18:57:00,15.6
2025-06-12 11:28:00,56.9
2025-06-12 08:20:00,73.7
2025-06-12 08:52:00,27.4
2025-06-12 17:58:00,50.0997191011236
2025-06-12 20:06:00,15.4
2025-06-12 19:54:00,9.8
2025-06-12 02:16:00,50.0997191011236
2025-06-12 08:24:00,8.9
2025-06-12 23:30:00,81.8
2025-06-12 22:42:00,78.3
2025-06-12 15:20:00,50.0997191011236
2025-06-12 12:10:00,59.7
2025-06-12 01:03:00,9.1
2025-06-12 16:46:00,2.3
2025-06-12 17:50:00,50.0997191011236
2025-06-12 11:42:00,50.0997191011236
2025-06-12 21:38:00,27.7
2025-06-12 15:06:00,0.6
2025-06-12 22:46:00,27.3
2025-06-12 20:52:00,58.2
2025-06-12 05:29:00,74.1
2025-06-12 04:28:00,50.0997191011236
2025-06-12 17:45:00,38.1
2025-06-12 02:01:00,22.4
2025-06-12 15:12:00,13.8
2025-06-12 11:22:00,3.9
2025-06-12 14:21:00,5.2
2025-06-12 04:32:00,75.3
2025-06-12 21:54:00,50.0997191011236
2025-06-12 04:13:00,27.7
2025-06-12 01:03:00,98.4
2025-06-12 19:52:00,0.7
2025-06-12 01:03:00,72.8
2025-06-12 01:11:00,74.5
2025-06-12 06:58:00,41.2
2025-06-12 03:43:00,61.4
2025-06-12 20:37:00,81.4
2025-06-12 19:25:00,16.0
2025-06-12 15:55:00,85.7
2025-06-12 01:37:00,50.1
2025-06-12 16:52:00,58.1
2025-06-12 13:06:00,50.0997191011236
2025-06-12 03:26:00,99.9
2025-06-12 19:14:00,42.4
2025-06-12 22:25:00,50.0997191011236
2025-06-12 05:02:00,18.7
2025-06-12 09:02:00,17.6
2025-06-12 09:46:00,50.0997191011236
2025-06-12 05:49:00,14.7
2025-06-12 10:50:00,6.4
2025-06-12 19:31:00,21.7
2025-06-12 12:26:00,33.6
2025-06-12 13:37:00,36.1
2025-06-12 23:47:00,56.3
2025-06-12 15:44:00,49.3
2025-06-12 17:59:00,41.2
2025-06-12 16:32:00,26.2
2025-06-12 21:46:00,50.0997191011236
2025-06-12 14:15:00,7.0
2025-06-12 09:41:00,20.2
2025-06-12 15:53:00,6.4
2025-06-12 18:46:00,81.9
2025-06-12 20:10:00,50.0997191011236
2025-06-12 13:01:00,50.0997191011236
2025-06-12 18:13:00,74.9
2025-06-12 01:13:00,33.3
2025-06-12 18:53:00,59.6
2025-06-12 11:13:00,26.2
2025-06-12 11:03:00,38.1
2025-06-12 12:17:00,88.5
2025-06-12 10:05:00,46.7
2025-06-12 13:15:00,54.3
2025-06-12 00:24:00,26.6
2025-06-12 23:20:00,32.1
2025-06-12 13:31:00,94.6
2025-06-12 09:47:00,38.5
2025-06-12 07:17:00,65.8
2025-06-12 07:08:00,0.3
2025-06-12 06:56:00,53.9
2025-06-12 04:48:00,50.0997191011236
2025-06-12 13:32:00,44.0
2025-06-12 22:03:00,97.9
2025-06-12 12:01:00,51.9
2025-06-12 20:36:00,80.6
2025-06-12 11:21:00,94.5
2025-06-12 17:00:00,50.0997191011236
2025-06-12 13:14:00,5.3
2025-06-12 09:45:00,89.4
2025-06-12 01:19:00,50.0997191011236
2025-06-12 15:31:00,50.0997191011236
2025-06-12 12:24:00,52.1
2025-06-12 17:49:00,50.0997191011236
2025-06-12 01:46:00,62.0
2025-06-12 22:37:00,82.6
2025-06-12 17:35:00,50.0997191011236
2025-06-12 00:03:00,9.4
2025-06-12 19:06:00,47.2
2025-06-12 11:59:00,54.4
2025-06-12 01:45:00,95.3
2025-06-12 20:40:00,50.0997191011236
2025-06-12 14:44:00,99.1
2025-06-12 02:36:00,29.8
2025-06-12 17:04:00,78.5
2025-06-12 19:35:00,62.1
2025-06-12 20:35:00,26.4
2025-06-12 23:16:00,63.2
2025-06-12 03:20:00,21.1
2025-06-12 03:39:00,3.9
2025-06-12 12:09:00,9.0
2025-06-12 16:41:00,71.1
2025-06-12 07:55:00,50.0997191011236
2025-06-12 14:36:00,50.0997191011236
2025-06-12 22:37:00,46.8
2025-06-12 00:58:00,69.5
2025-06-12 18:10:00,51.3
2025-06-12 12:07:00,72.7
2025-06-12 04:25:00,46.4
2025-06-12 01:18:00,7.9
2025-06-12 04:46:00,53.1
2025-06-12 02:25:00,73.2
2025-06-12 10:04:00,64.1
2025-06-12 00:32:00,77.8
2025-06-12 02:07:00,32.1
2025-06-12 14:34:00,34.1
2025-06-12 18:55:00,87.1
2025-06-12 23:25:00,50.0997191011236
2025-06-12 13:33:00,79.5
2025-06-12 16:21:00,77.5
2025-06-12 02:59:00,29.0
2025-06-12 22:34:00,97.1
2025-06-12 18:59:00,40.2
2025-06-12 06:19:00,93.0
2025-06-12 15:27:00,93.6
2025-06-12 00:24:00,37.5
2025-06-12 20:56:00,18.1
2025-06-12 11:24:00,5.0
2025-06-12 13:15:00,26.4
2025-06-12 18:45:00,27.0
2025-06-12 10:32:00,32.9
2025-06-12 19:31:00,76.4
2025-06-12 05:15:00,50.0997191011236
2025-06-12 09:20:00,65.0
2025-06-12 18:03:00,79.6
2025-06-12 14:30:00,8.3
2025-06-12 22:04:00,11.6
2025-06-12 12:49:00,84.3
2025-06-12 09:42:00,97.2
2025-06-12 20:38:00,76.3
2025-06-12 18:24:00,20.7
2025-06-12 03:26:00,1.6
2025-06-12 09:57:00,22.1
2025-06-12 01:07:00,38.3
2025-06-12 16:13:00,13.0
2025-06-12 03:03:00,50.0997191011236
2025-06-12 00:15:00,58.7
2025-06-12 02:26:00,69.2
2025-06-12 02:50:00,92.3
2025-06-12 04:55:00,45.6
2025-06-12 10:14:00,11.5
2025-06-12 15:52:00,47.0
2025-06-12 07:46:00,50.0997191011236
2025-06-12 14:46:00,15.0
2025-06-12 04:07:00,19.2
2025-06-12 21:32:00,76.4
2025-06-12 17:34:00,50.0997191011236
2025-06-12 05:57:00,50.0997191011236
2025-06-12 04:19:00,56.3
2025-06-12 04:53:00,60.2
2025-06-12 12:55:00,93.0
2025-06-12 06:00:00,51.1
2025-06-12 11:42:00,10.5
2025-06-12 11:58:00,50.0997191011236
2025-06-12 19:12:00,77.9
2025-06-12 14:45:00,48.8
2025-06-12 21:21:00,9.8
2025-06-12 06:28:00,8.1
2025-06-12 07:54:00,52.1
2025-06-12 13:08:00,59.4
2025-06-12 20:43:00,50.0997191011236
2025-06-12 20:54:00,50.0997191011236
2025-06-12 18:31:00,42.4
2025-06-12 07:22:00,63.7
2025-06-12 01:02:00,76.4
2025-06-12 13:56:00,45.4
2025-06-12 08:04:00,64.6
2025-06-12 12:13:00,50.0997191011236
2025-06-12 19:08:00,25.7
2025-06-12 16:26:00,19.5
2025-06-12 06:23:00,50.7
2025-06-12 22:01:00,50.0997191011236
2025-06-12 08:19:00,95.2
2025-06-12 11:32:00,80.1
2025-06-12 08:25:00,37.0
2025-06-12 10:21:00,83.0
2025-06-12 03:53:00,29.4
2025-06-12 20:01:00,71.1
2025-06-12 02:13:00,97.6
2025-06-12 08:17:00,50.0997191011236
2025-06-12 14:10:00,20.3
2025-06-12 06:40:00,95.1
2025-06-12 10:15:00,47.2
2025-06-12 03:08:00,79.7
2025-06-12 09:07:00,69.7
2025-06-12 22:44:00,94.9
2025-06-12 02:15:00,50.0997191011236
2025-06-12 02:10:00,50.0997191011236
2025-06-12 03:40:00,50.0997191011236
2025-06-12 03:49:00,72.9
2025-06-12 06:38:00,51.9
2025-06-12 22:33:00,45.5
2025-06-12 08:56:00,74.6
2025-06-12 11:59:00,72.4
2025-06-12 18:03:00,86.6
2025-06-12 06:03:00,45.7
2025-06-12 15:09:00,6.8
2025-06-12 19:47:00,15.9
2025-06-12 05:37:00,0.4
2025-06-12 02:14:00,90.5
2025-06-12 03:06:00,62.7
2025-06-12 16:09:00,86.8
2025-06-12 02:11:00,33.4
2025-06-12 06:15:00,31.7
2025-06-12 15:44:00,95.9
2025-06-12 10:13:00,65.6
2025-06-12 06:57:00,67.5
2025-06-12 19:14:00,36.0
2025-06-12 23:54:00,12.9
2025-06-12 08:26:00,11.9
2025-06-12 11:22:00,96.0
2025-06-12 12:10:00,49.889081537019685
2025-06-12 03:13:00,57.5
2025-06-12 08:19:00,85.1
2025-06-12 17:19:00,52.4
2025-06-12 19:39:00,88.0
2025-06-12 20:29:00,11.7
2025-06-12 22:33:00,67.4
2025-06-12 13:28:00,49.889081537019685
2025-06-12 05:38:00,38.4
2025-06-12 12:27:00,31.6
2025-06-12 20:32:00,81.9
2025-06-12 07:13:00,63.1
2025-06-12 13:39:00,32.6
2025-06-12 23:05:00,76.3
2025-06-12 03:16:00,49.6
2025-06-12 01:45:00,4.8
2025-06-12 23:57:00,49.889081537019685
2025-06-12 04:51:00,99.6
2025-06-12 02:38:00,48.7
2025-06-12 20:17:00,67.3
2025-06-12 02:34:00,64.8
2025-06-12 23:53:00,60.1
2025-06-12 22:03:00,98.9
2025-06-12 17:08:00,75.2
2025-06-12 02:14:00,79.0
2025-06-12 05:42:00,37.5
2025-06-12 15:14:00,47.2
2025-06-12 06:07:00,49.889081537019685
2025-06-12 10:11:00,35.8
2025-06-12 07:21:00,1.6
2025-06-12 10:31:00,5.8
2025-06-12 17:19:00,49.889081537019685
2025-06-12 00:12:00,20.4
2025-06-12 11:32:00,55.4
2025-06-12 16:32:00,27.0
2025-06-12 14:40:00,21.3
2025-06-12 21:56:00,79.1
2025-06-12 04:13:00,81.7
2025-06-12 01:01:00,5.7
2025-06-12 15:39:00,49.889081537019685
2025-06-12 01:07:00,99.2
2025-06-12 21:11:00,20.6
2025-06-12 02:15:00,4.3
2025-06-12 19:54:00,16.5
2025-06-12 19:16:00,15.3
2025-06-12 00:01:00,49.889081537019685
2025-06-12 04:18:00,49.889081537019685
2025-06-12 12:56:00,45.3
2025-06-12 12:38:00,85.4
2025-06-12 15:13:00,57.9
2025-06-12 08:52:00,11.1
2025-06-12 12:16:00,49.889081537019685
2025-06-12 06:24:00,6.1
2025-06-12 05:45:00,49.889081537019685
2025-06-12 19:30:00,62.1
2025-06-12 05:19:00,79.1
2025-06-12 19:29:00,68.8
2025-06-12 07:09:00,92.1
2025-06-12 01:20:00,15.7
2025-06-12 17:57:00,51.5
2025-06-12 22:16:00,33.2
2025-06-12 08:24:00,5.7
2025-06-12 12:21:00,91.2
2025-06-12 17:54:00,28.6
2025-06-12 23:41:00,98.2
2025-06-12 03:49:00,26.9
2025-06-12 16:30:00,14.0
2025-06-12 03:40:00,2.1
2025-06-12 14:47:00,19.1
2025-06-12 06:15:00,71.1
2025-06-12 21:39:00,31.0
2025-06-12 06:20:00,32.7
2025-06-12 10:09:00,49.889081537019685
2025-06-12 16:47:00,83.1
2025-06-12 00:11:00,16.7
2025-06-12 08:09:00,48.5
2025-06-12 12:34:00,34.2
2025-06-12 15:12:00,32.0
2025-06-12 07:39:00,3.3
2025-06-12 16:27:00,44.0
2025-06-12 20:55:00,92.2
2025-06-12 10:50:00,65.2
2025-06-12 23:58:00,25.7
2025-06-12 09:23:00,49.889081537019685
2025-06-12 17:27:00,22.2
2025-06-12 01:07:00,54.3
2025-06-12 14:18:00,49.889081537019685
2025-06-12 09:53:00,2.2
2025-06-12 15:47:00,21.1
2025-06-12 08:35:00,67.8
2025-06-12 18:04:00,38.5
2025-06-12 18:09:00,98.3
2025-06-12 03:15:00,9.2
2025-06-12 14:06:00,49.889081537019685
2025-06-12 09:32:00,73.3
2025-06-12 11:16:00,49.889081537019685
2025-06-12 18:38:00,92.9
2025-06-12 15:39:00,12.7
2025-06-12 19:50:00,38.3
2025-06-12 07:57:00,1.6
2025-06-12 02:00:00,70.9
2025-06-12 13:57:00,97.0
2025-06-12 19:13:00,76.2
2025-06-12 22:02:00,49.889081537019685
2025-06-12 00:56:00,54.6
2025-06-12 04:36:00,54.6
2025-06-12 07:52:00,15.6
2025-06-12 20:56:00,50.0
2025-06-12 21:47:00,58.3
2025-06-12 06:08:00,12.9
2025-06-12 17:48:00,98.5
2025-06-12 16:59:00,4.3
2025-06-12 04:25:00,41.7
2025-06-12 19:48:00,11.4
2025-06-12 02:16:00,49.889081537019685
2025-06-12 06:06:00,97.0
2025-06-12 17:16:00,48.5
2025-06-12 16:55:00,66.7
2025-06-12 06:08:00,48.6
2025-06-12 06:25:00,49.889081537019685
2025-06-12 06:11:00,73.0
2025-06-12 17:49:00,49.889081537019685
2025-06-12 13:09:00,39.1
2025-06-12 09:17:00,97.6
2025-06-12 10:33:00,8.5
2025-06-12 00:57:00,83.0
2025-06-12 17:46:00,35.7
2025-06-12 21:17:00,93.0
2025-06-12 14:39:00,9.5
2025-06-12 13:50:00,54.5
2025-06-12 22:37:00,76.2
2025-06-12 18:40:00,10.5
2025-06-12 18:15:00,34.8
2025-06-12 12:30:00,90.0
2025-06-12 20:17:00,37.6
2025-06-12 20:47:00,13.1
2025-06-12 08:56:00,19.2
2025-06-12 16:41:00,77.1
2025-06-12 02:11:00,19.9
2025-06-12 01:26:00,94.4
2025-06-12 09:22:00,88.8
2025-06-12 03:09:00,49.889081537019685
2025-06-12 17:04:00,49.889081537019685
2025-06-12 08:32:00,13.9
2025-06-12 16:35:00,66.2
2025-06-12 07:37:00,71.2
2025-06-12 10:14:00,38.3
2025-06-12 20:43:00,8.1
2025-06-12 17:53:00,83.9
2025-06-12 11:23:00,49.889081537019685
2025-06-12 07:55:00,49.889081537019685
2025-06-12 11:47:00,77.3
2025-06-12 07:01:00,8.5
2025-06-12 12:37:00,15.6
2025-06-12 13:28:00,46.7
2025-06-12 14:37:00,41.5
2025-06-12 10:19:00,54.0
2025-06-12 12:42:00,66.3
2025-06-12 16:49:00,35.8
2025-06-12 03:22:00,73.2
2025-06-12 06:38:00,49.889081537019685
2025-06-12 16:05:00,54.9
2025-06-12 13:19:00,18.4
2025-06-12 20:02:00,39.5
2025-06-12 03:16:00,41.5
2025-06-12 03:51:00,7.0
2025-06-12 06:24:00,49.889081537019685
2025-06-12 11:54:00,49.889081537019685
2025-06-12 17:28:00,59.1
2025-06-12 17:09:00,76.7
2025-06-12 15:36:00,78.6
2025-06-12 12:08:00,49.889081537019685
2025-06-12 01:47:00,81.9
2025-06-12 23:54:00,38.7
2025-06-12 03:23:00,1.8
2025-06-12 12:59:00,26.8
2025-06-12 10:32:00,77.4
2025-06-12 18:21:00,6.2
2025-06-12 00:28:00,15.7
2025-06-12 11:05:00,74.5
2025-06-12 06:30:00,3.6
2025-06-12 00:22:00,21.8
2025-06-12 07:59:00,43.0
2025-06-12 00:58:00,58.1
2025-06-12 07:27:00,4.3
2025-06-12 08:43:00,49.889081537019685
2025-06-12 06:27:00,14.6
2025-06-12 15:17:00,49.889081537019685
2025-06-12 00:38:00,62.7
2025-06-12 14:53:00,47.4
2025-06-12 07:42:00,50.1
2025-06-12 15:09:00,49.889081537019685
2025-06-12 00:17:00,70.5
2025-06-12 19:46:00,44.9
2025-06-12 05:31:00,92.2
2025-06-12 19:53:00,16.0
2025-06-12 07:04:00,95.3
2025-06-12 19:38:00,52.1
2025-06-12 19:21:00,98.6
2025-06-12 14:28:00,33.2
2025-06-12 15:55:00,99.3
2025-06-12 00:11:00,49.889081537019685
2025-06-12 22:45:00,28.5
2025-06-12 00:03:00,49.889081537019685
2025-06-12 23:08:00,69.8
2025-06-12 03:03:00,92.5
2025-06-12 00:59:00,21.5
2025-06-12 16:35:00,45.0
2025-06-12 06:37:00,33.4
2025-06-12 07:00:00,48.6
2025-06-12 01:44:00,32.1
2025-06-12 13:37:00,82.3
2025-06-12 04:04:00,49.889081537019685
2025-06-12 04:29:00,49.889081537019685
2025-06-12 05:35:00,58.9
2025-06-12 08:06:00,49.889081537019685
2025-06-12 13:01:00,31.7
2025-06-12 02:27:00,47.5
2025-06-12 06:53:00,79.2
2025-06-12 23:13:00,62.0
2025-06-12 21:11:00,78.2
2025-06-12 01:52:00,72.6
2025-06-12 01:58:00,76.7
2025-06-12 08:49:00,90.5
2025-06-12 07:04:00,91.3
2025-06-12 01:37:00,79.9
2025-06-12 08:31:00,86.9
2025-06-12 15:07:00,69.7
2025-06-12 13:32:00,59.5
2025-06-12 15:45:00,52.5
2025-06-12 08:56:00,85.8
2025-06-12 05:10:00,49.889081537019685
2025-06-12 02:00:00,34.8
2025-06-12 05:09:00,71.8
2025-06-12 12:09:00,57.4
2025-06-12 16:00:00,96.1
2025-06-12 06:36:00,98.3
2025-06-12 07:21:00,82.7
2025-06-12 15:58:00,49.889081537019685
2025-06-12 03:12:00,45.9
2025-06-12 03:39:00,49.889081537019685
2025-06-12 08:20:00,90.4
2025-06-12 08:08:00,70.1
2025-06-12 05:23:00,30.1
2025-06-12 05:08:00,5.5
2025-06-12 19:42:00,95.9
2025-06-12 00:17:00,5.2
2025-06-12 16:26:00,19.2
2025-06-12 07:10:00,41.9
2025-06-12 07:13:00,87.2
2025-06-12 10:24:00,60.2
2025-06-12 13:29:00,31.0
2025-06-12 01:31:00,87.5
2025-06-12 01:50:00,41.6
2025-06-12 08:27:00,12.2
2025-06-12 20:04:00,92.2
2025-06-12 08:09:00,49.889081537019685
2025-06-12 11:28:00,80.4
2025-06-12 01:24:00,9.6
2025-06-12 02:19:00,16.7
2025-06-12 13:04:00,96.3
2025-06-12 20:52:00,79.6
2025-06-12 23:58:00,99.8
2025-06-12 08:19:00,25.3
2025-06-12 00:25:00,1.0
2025-06-12 13:46:00,45.8
2025-06-12 02:38:00,39.1
2025-06-12 00:42:00,50.1
2025-06-12 23:15:00,60.3
2025-06-12 15:14:00,31.0
2025-06-12 01:48:00,63.4
2025-06-12 10:22:00,35.6
2025-06-12 20:32:00,49.889081537019685
2025-06-12 13:19:00,70.2
2025-06-12 20:09:00,79.5
2025-06-12 03:30:00,24.4
2025-06-12 11:02:00,81.6
2025-06-12 04:32:00,15.5
2025-06-12 19:58:00,69.3
2025-06-12 15:08:00,11.7
2025-06-12 07:37:00,68.1
2025-06-12 23:18:00,30.5
2025-06-12 00:09:00,70.2
2025-06-12 08:38:00,12.9
2025-06-12 11:37:00,5.3
2025-06-12 00:21:00,25.8
2025-06-12 21:03:00,82.5
2025-06-12 06:57:00,49.889081537019685
2025-06-12 15:40:00,85.8
2025-06-12 04:31:00,12.1
2025-06-12 14:26:00,92.4
2025-06-12 07:28:00,49.889081537019685
2025-06-12 17:45:00,3.7
2025-06-12 19:27:00,55.3
2025-06-12 14:39:00,25.8
2025-06-12 13:46:00,49.889081537019685
2025-06-12 00:58:00,72.9
2025-06-12 05:01:00,49.889081537019685
2025-06-12 12:35:00,80.1
2025-06-12 19:43:00,28.1
2025-06-12 06:26:00,92.1
2025-06-12 12:00:00,72.1
2025-06-12 06:45:00,49.889081537019685
2025-06-12 09:48:00,83.1
2025-06-12 02:38:00,90.3
2025-06-12 07:40:00,78.4
2025-06-12 15:50:00,61.6
2025-06-12 13:52:00,87.7
2025-06-12 11:08:00,71.9
2025-06-12 04:55:00,96.6
2025-06-12 13:45:00,52.9
2025-06-12 15:56:00,88.0
2025-06-12 18:00:00,49.889081537019685
2025-06-12 17:38:00,81.5
2025-06-12 18:41:00,60.7
2025-06-12 21:41:00,23.0
2025-06-12 22:05:00,49.889081537019685
2025-06-12 16:40:00,28.1
2025-06-12 08:21:00,49.889081537019685
2025-06-12 02:29:00,93.9
2025-06-12 20:09:00,12.1
2025-06-12 09:17:00,47.6
2025-06-12 17:02:00,26.9
2025-06-12 23:06:00,63.9
2025-06-12 01:31:00,12.3
2025-06-12 03:05:00,24.7
2025-06-12 13:36:00,77.6
2025-06-12 18:38:00,76.8
2025-06-12 12:46:00,28.7
2025-06-12 03:43:00,87.6
2025-06-12 01:31:00,75.0
2025-06-12 09:58:00,91.0
2025-06-12 09:58:00,11.0
2025-06-12 08:01:00,73.2
2025-06-12 03:31:00,65.6
2025-06-12 21:37:00,92.4
2025-06-12 17:46:00,48.7
2025-06-12 11:22:00,45.9
2025-06-12 01:35:00,37.5
2025-06-12 09:59:00,12.8
2025-06-12 13:53:00,19.9
2025-06-12 15:18:00,60.0
2025-06-12 08:29:00,88.6
2025-06-12 21:56:00,78.8
2025-06-12 01:44:00,4.3
2025-06-12 22:34:00,19.3
2025-06-12 06:39:00,56.9
2025-06-12 11:59:00,22.2
2025-06-12 02:35:00,50.12778039031272
2025-06-12 23:21:00,12.6
2025-06-12 06:39:00,21.4
2025-06-12 05:08:00,78.9
2025-06-12 20:32:00,23.4
2025-06-12 05:31:00,17.2
2025-06-12 02:50:00,95.7
2025-06-12 19:48:00,33.4
2025-06-12 23:11:00,63.8
2025-06-12 03:59:00,23.7
2025-06-12 07:49:00,89.9
2025-06-12 03:09:00,86.6
2025-06-12 10:40:00,14.2
2025-06-12 17:57:00,50.12778039031272
2025-06-12 13:35:00,57.7
2025-06-12 13:20:00,69.0
2025-06-12 01:03:00,91.7
2025-06-12 01:42:00,61.4
2025-06-12 10:42:00,15.8
2025-06-12 12:25:00,95.0
2025-06-12 23:27:00,2.1
2025-06-12 08:18:00,2.4
2025-06-12 15:21:00,40.6
2025-06-12 11:12:00,50.12778039031272
2025-06-12 17:09:00,42.9
2025-06-12 13:00:00,29.0
2025-06-12 22:50:00,34.8
2025-06-12 12:34:00,90.6
2025-06-12 16:02:00,0.6
2025-06-12 13:37:00,34.9
2025-06-12 18:41:00,58.7
2025-06-12 00:13:00,18.3
2025-06-12 04:04:00,81.3
2025-06-12 13:51:00,50.12778039031272
2025-06-12 23:47:00,50.12778039031272
2025-06-12 14:24:00,91.8
2025-06-12 17:59:00,12.5
2025-06-12 01:01:00,16.9
2025-06-12 03:19:00,21.7
2025-06-12 11:27:00,59.3
2025-06-12 05:59:00,79.2
2025-06-12 07:04:00,97.9
2025-06-12 01:19:00,44.8
2025-06-12 12:58:00,67.7
2025-06-12 20:56:00,50.12778039031272
2025-06-12 07:49:00,78.6
2025-06-12 05:12:00,94.8
2025-06-12 19:28:00,3.2
2025-06-12 12:38:00,70.8
2025-06-12 10:33:00,77.0
2025-06-12 20:59:00,69.7
2025-06-12 13:11:00,19.9
2025-06-12 13:29:00,62.8
2025-06-12 04:44:00,39.4
2025-06-12 16:12:00,50.12778039031272
2025-06-12 22:15:00,50.12778039031272
2025-06-12 21:44:00,59.5
2025-06-12 10:53:00,70.4
2025-06-12 05:48:00,26.9
2025-06-12 15:03:00,40.6
2025-06-12 05:09:00,68.2
2025-06-12 22:43:00,49.8
2025-06-12 22:13:00,64.7
2025-06-12 17:07:00,83.8
2025-06-12 09:39:00,13.6
2025-06-12 04:55:00,55.8
2025-06-12 00:24:00,28.5
2025-06-12 12:40:00,38.2
2025-06-12 15:48:00,45.1
2025-06-12 02:47:00,80.3
2025-06-12 21:32:00,62.5
2025-06-12 12:34:00,77.9
2025-06-12 03:10:00,29.9
2025-06-12 08:52:00,50.12778039031272
2025-06-12 21:21:00,40.3
2025-06-12 14:51:00,91.9
2025-06-12 20:59:00,50.12778039031272
2025-06-12 04:55:00,21.1
2025-06-12 18:23:00,72.8
2025-06-12 21:06:00,19.7
2025-06-12 01:17:00,1.3
2025-06-12 13:20:00,27.1
2025-06-12 23:36:00,50.12778039031272
2025-06-12 01:35:00,7.0
2025-06-12 09:20:00,50.12778039031272
2025-06-12 10:47:00,50.12778039031272
2025-06-12 18:48:00,50.12778039031272
2025-06-12 19:03:00,19.4
2025-06-12 00:36:00,20.2
2025-06-12 16:06:00,50.12778039031272
2025-06-12 01:52:00,77.8
2025-06-12 10:21:00,26.5
2025-06-12 16:02:00,80.3
2025-06-12 21:18:00,86.2
2025-06-12 23:19:00,6.9
2025-06-12 19:50:00,48.7
2025-06-12 19:42:00,16.8
2025-06-12 13:28:00,52.8
2025-06-12 06:12:00,17.0
2025-06-12 00:37:00,50.12778039031272
2025-06-12 10:56:00,81.5
2025-06-12 17:16:00,22.8
2025-06-12 16:57:00,47.3
2025-06-12 09:17:00,40.7
2025-06-12 14:05:00,55.3
2025-06-12 14:33:00,99.8
2025-06-12 23:48:00,92.1
2025-06-12 21:20:00,22.0
2025-06-12 11:08:00,53.7
2025-06-12 20:12:00,78.1
2025-06-12 04:17:00,62.8
2025-06-12 06:02:00,20.1
2025-06-12 08:16:00,65.8
2025-06-12 06:17:00,61.7
2025-06-12 02:20:00,20.0
2025-06-12 12:46:00,66.4
2025-06-12 18:04:00,53.8
2025-06-12 23:58:00,62.8
2025-06-12 10:44:00,58.6
2025-06-12 00:42:00,50.12778039031272
2025-06-12 10:59:00,7.8
2025-06-12 15:25:00,10.5
2025-06-12 09:21:00,51.1
2025-06-12 12:33:00,64.3
2025-06-12 16:23:00,57.7
2025-06-12 23:50:00,88.1
2025-06-12 10:49:00,93.7
2025-06-12 10:51:00,3.3
2025-06-12 06:14:00,36.7
2025-06-12 11:58:00,35.2
2025-06-12 06:56:00,65.1
2025-06-12 22:42:00,64.7
2025-06-12 01:16:00,1.2
2025-06-12 10:09:00,78.4
2025-06-12 03:11:00,89.0
2025-06-12 14:23:00,58.5
2025-06-12 21:13:00,45.5
2025-06-12 05:15:00,23.2
2025-06-12 08:48:00,26.3
2025-06-12 13:37:00,54.2
2025-06-12 21:35:00,72.7
2025-06-12 13:37:00,1.0
2025-06-12 18:43:00,50.12778039031272
2025-06-12 16:40:00,21.4
2025-06-12 20:17:00,92.0
2025-06-12 08:52:00,42.6
2025-06-12 03:29:00,40.7
2025-06-12 20:59:00,1.9
2025-06-12 15:24:00,33.8
2025-06-12 08:16:00,27.5
2025-06-12 15:22:00,35.4
2025-06-12 16:47:00,33.1
2025-06-12 17:37:00,74.0
2025-06-12 03:31:00,16.6
2025-06-12 11:07:00,90.8
2025-06-12 04:47:00,61.1
2025-06-12 08:03:00,45.2
2025-06-12 01:52:00,32.3
2025-06-12 09:18:00,26.6
2025-06-12 20:13:00,33.0
2025-06-12 22:12:00,56.5
2025-06-12 14:25:00,45.6
2025-06-12 13:10:00,69.6
2025-06-12 14:34:00,14.3
2025-06-12 21:46:00,44.3
2025-06-12 06:51:00,50.12778039031272
2025-06-12 07:32:00,37.0
2025-06-12 06:53:00,34.3
2025-06-12 01:05:00,98.6
2025-06-12 11:49:00,90.9
2025-06-12 20:06:00,12.7
2025-06-12 16:26:00,58.7
2025-06-12 01:44:00,31.7
2025-06-12 00:19:00,50.12778039031272
2025-06-12 10:12:00,54.4
2025-06-12 17:57:00,77.3
2025-06-12 21:56:00,24.3
2025-06-12 04:24:00,50.12778039031272
2025-06-12 10:06:00,31.1
2025-06-12 21:01:00,37.8
2025-06-12 16:03:00,50.4
2025-06-12 01:01:00,82.2
2025-06-12 17:01:00,68.4
2025-06-12 04:17:00,11.8
2025-06-12 15:00:00,95.1
2025-06-12 16:12:00,35.4
2025-06-12 07:38:00,50.12778039031272
2025-06-12 01:38:00,84.7
2025-06-12 14:18:00,50.12778039031272
2025-06-12 00:44:00,56.7
2025-06-12 20:50:00,27.3
2025-06-12 16:11:00,28.9
2025-06-12 21:19:00,54.7
2025-06-12 05:25:00,50.12778039031272
2025-06-12 22:55:00,21.9
2025-06-12 22:23:00,95.8
2025-06-12 13:20:00,19.3
2025-06-12 14:28:00,38.0
2025-06-12 19:11:00,75.0
2025-06-12 03:38:00,50.12778039031272
2025-06-12 04:46:00,44.4
2025-06-12 12:48:00,62.7
2025-06-12 04:57:00,0.4
2025-06-12 11:13:00,48.6
2025-06-12 16:35:00,69.3
2025-06-12 17:37:00,22.8
2025-06-12 16:25:00,76.0
2025-06-12 02:59:00,87.1
2025-06-12 04:39:00,95.7
2025-06-12 16:02:00,68.4
2025-06-12 01:19:00,13.6
2025-06-12 05:37:00,50.12778039031272
2025-06-12 08:16:00,9.1
2025-06-12 23:31:00,50.12778039031272
2025-06-12 06:45:00,80.7
2025-06-12 00:45:00,50.12778039031272
2025-06-12 02:10:00,73.0
2025-06-12 06:50:00,27.1
2025-06-12 19:44:00,50.12778039031272
2025-06-12 00:42:00,33.9
2025-06-12 04:17:00,53.5
2025-06-12 02:03:00,39.8
2025-06-12 08:50:00,50.12778039031272
2025-06-12 02:12:00,54.8
2025-06-12 17:26:00,99.4
2025-06-12 02:59:00,23.2
2025-06-12 16:47:00,83.4
2025-06-12 22:06:00,73.7
2025-06-12 08:18:00,98.8
2025-06-12 02:55:00,50.12778039031272
2025-06-12 22:28:00,50.12778039031272
2025-06-12 03:56:00,1.7
2025-06-12 04:41:00,3.4
2025-06-12 17:04:00,28.7
2025-06-12 04:53:00,50.12778039031272
2025-06-12 10:21:00,27.6
2025-06-12 12:47:00,89.9
2025-06-12 08:33:00,40.3
2025-06-12 09:16:00,65.9
2025-06-12 22:08:00,50.7
2025-06-12 06:37:00,57.5
2025-06-12 12:12:00,11.0
2025-06-12 10:41:00,26.0
2025-06-12 09:15:00,50.12778039031272
2025-06-12 06:30:00,50.12778039031272
2025-06-12 11:00:00,75.5
2025-06-12 07:54:00,9.0
2025-06-12 11:15:00,13.6
2025-06-12 18:25:00,50.12778039031272
2025-06-12 13:54:00,51.1
2025-06-12 01:01:00,14.2
2025-06-12 13:46:00,66.5
2025-06-12 19:57:00,94.9
2025-06-12 00:24:00,48.7
2025-06-12 14:41:00,19.3
2025-06-12 08:06:00,23.0
2025-06-12 08:41:00,58.6
2025-06-12 20:23:00,32.4
2025-06-12 10:37:00,28.9
2025-06-12 21:40:00,88.8
2025-06-12 10:35:00,50.12778039031272
2025-06-12 08:06:00,23.6
2025-06-12 08:53:00,35.4
2025-06-12 04:25:00,53.8
2025-06-12 23:35:00,92.7
2025-06-12 06:43:00,50.12778039031272
2025-06-12 00:03:00,67.5
2025-06-12 23:32:00,97.9
2025-06-12 21:26:00,2.4
2025-06-12 03:04:00,50.12778039031272
2025-06-12 07:51:00,15.8
2025-06-12 07:42:00,17.9
2025-06-12 23:13:00,50.12778039031272
2025-06-12 03:15:00,76.4
2025-06-12 11:06:00,30.7
2025-06-12 23:35:00,6.3
2025-06-12 04:12:00,59.9
2025-06-12 16:50:00,79.0
2025-06-12 23:12:00,50.12778039031272
2025-06-12 18:04:00,56.3
2025-06-12 19:32:00,71.2
2025-06-12 18:21:00,47.0
2025-06-12 04:26:00,10.9
2025-06-12 01:09:00,80.8
2025-06-12 23:38:00,69.7
2025-06-12 14:51:00,79.4
2025-06-12 18:43:00,95.7
2025-06-12 06:19:00,72.7
2025-06-12 14:56:00,60.2
2025-06-12 16:47:00,46.4
2025-06-12 11:02:00,30.8
2025-06-12 09:18:00,62.9
2025-06-12 23:02:00,31.6
2025-06-12 19:23:00,38.8
2025-06-12 14:14:00,50.12778039031272
2025-06-12 17:35:00,50.12778039031272
2025-06-12 06:25:00,2.7
2025-06-12 23:09:00,50.12778039031272
2025-06-12 19:57:00,50.12778039031272
2025-06-12 17:44:00,78.3
2025-06-12 17:36:00,50.12778039031272
2025-06-12 07:25:00,73.1
2025-06-12 14:23:00,14.7
2025-06-12 22:16:00,20.3
2025-06-12 14:12:00,62.9
2025-06-12 21:17:00,42.8
2025-06-12 03:31:00,84.6
2025-06-12 16:30:00,51.5
2025-06-12 15:13:00,50.12778039031272
2025-06-12 01:13:00,17.8
2025-06-12 14:32:00,50.12778039031272
2025-06-12 01:04:00,75.9
2025-06-12 11:27:00,32.4
2025-06-12 07:52:00,87.6
2025-06-12 19:37:00,89.9
2025-06-12 18:39:00,12.6
2025-06-12 23:43:00,52.5
2025-06-12 20:57:00,50.12778039031272
2025-06-12 19:38:00,95.9
2025-06-12 00:47:00,95.3
2025-06-12 17:03:00,4.5
2025-06-12 13:07:00,61.4
2025-06-12 09:34:00,40.8
2025-06-12 10:49:00,23.9
2025-06-12 20:08:00,88.6
2025-06-12 01:07:00,98.6
2025-06-12 22:34:00,95.4
2025-06-12 00:24:00,79.3
2025-06-12 14:45:00,49.8
2025-06-12 06:54:00,20.1
2025-06-12 04:58:00,50.1655304792927
2025-06-12 06:39:00,76.1
2025-06-12 20:22:00,59.4
2025-06-12 14:40:00,50.1655304792927
2025-06-12 15:07:00,89.7
2025-06-12 15:40:00,97.7
2025-06-12 21:25:00,38.1
2025-06-12 22:31:00,28.4
2025-06-12 00:47:00,84.8
2025-06-12 02:55:00,48.2
2025-06-12 15:01:00,50.1655304792927
2025-06-12 18:56:00,42.7
2025-06-12 03:08:00,63.3
2025-06-12 03:36:00,70.7
2025-06-12 07:55:00,59.4
2025-06-12 14:53:00,61.0
2025-06-12 23:00:00,53.8
2025-06-12 23:01:00,62.5
2025-06-12 11:57:00,10.3
2025-06-12 18:36:00,47.6
2025-06-12 03:44:00,74.4
2025-06-12 17:17:00,54.0
2025-06-12 01:55:00,25.8
2025-06-12 21:08:00,41.6
2025-06-12 17:35:00,45.5
2025-06-12 20:48:00,74.9
2025-06-12 14:15:00,45.4
2025-06-12 23:16:00,51.6
2025-06-12 23:39:00,26.0
2025-06-12 20:57:00,35.2
2025-06-12 20:56:00,10.4
2025-06-12 02:35:00,20.5
2025-06-12 04:03:00,50.1655304792927
2025-06-12 15:40:00,89.8
2025-06-12 21:32:00,36.5
2025-06-12 11:20:00,12.8
2025-06-12 05:04:00,50.1655304792927
2025-06-12 21:33:00,48.7
2025-06-12 17:37:00,56.9
2025-06-12 05:11:00,6.1
2025-06-12 22:50:00,50.1655304792927
2025-06-12 08:57:00,40.0
2025-06-12 03:27:00,20.7
2025-06-12 19:15:00,79.0
2025-06-12 02:43:00,75.1
2025-06-12 10:35:00,99.8
2025-06-12 03:54:00,29.9
2025-06-12 18:54:00,41.0
2025-06-12 17:05:00,50.1655304792927
2025-06-12 10:26:00,14.7
2025-06-12 00:01:00,12.2
2025-06-12 09:41:00,7.3
2025-06-12 07:50:00,17.4
2025-06-12 02:18:00,94.1
2025-06-12 13:38:00,27.3
2025-06-12 23:34:00,65.8
2025-06-12 06:12:00,30.8
2025-06-12 09:49:00,50.1655304792927
2025-06-12 04:53:00,62.7
2025-06-12 02:36:00,17.0
2025-06-12 13:14:00,91.9
2025-06-12 04:35:00,56.5
2025-06-12 05:08:00,78.8
2025-06-12 12:54:00,48.5
2025-06-12 18:29:00,95.2
2025-06-12 14:13:00,91.4
2025-06-12 22:47:00,37.3
2025-06-12 23:17:00,15.0
2025-06-12 21:34:00,50.1655304792927
2025-06-12 17:33:00,74.4
2025-06-12 10:26:00,87.0
2025-06-12 08:29:00,19.7
2025-06-12 03:41:00,46.5
2025-06-12 04:03:00,84.5
2025-06-12 21:46:00,55.6
2025-06-12 17:47:00,72.5
2025-06-12 20:58:00,7.0
2025-06-12 19:10:00,47.1
2025-06-12 22:05:00,63.5
2025-06-12 22:06:00,26.4
2025-06-12 00:52:00,16.5
2025-06-12 01:48:00,50.1655304792927
2025-06-12 00:18:00,2.3
2025-06-12 00:36:00,61.2
2025-06-12 12:48:00,98.8
2025-06-12 03:31:00,89.5
2025-06-12 23:33:00,85.6
2025-06-12 03:48:00,4.3
2025-06-12 18:39:00,60.0
2025-06-12 14:55:00,74.2
2025-06-12 04:47:00,10.5
2025-06-12 11:38:00,24.9
2025-06-12 04:43:00,94.5
2025-06-12 20:29:00,50.1655304792927
2025-06-12 21:51:00,54.7
2025-06-12 17:37:00,31.9
2025-06-12 13:09:00,70.8
2025-06-12 16:36:00,44.7
2025-06-12 23:35:00,41.5
2025-06-12 05:21:00,27.7
2025-06-12 01:29:00,75.9
2025-06-12 14:08:00,2.2
2025-06-12 21:44:00,32.1
2025-06-12 07:13:00,81.0
2025-06-12 05:54:00,89.5
2025-06-12 03:33:00,82.4
2025-06-12 18:59:00,78.1
2025-06-12 03:43:00,68.0
2025-06-12 03:32:00,66.9
2025-06-12 20:32:00,22.6
2025-06-12 00:25:00,40.8
2025-06-12 10:00:00,14.5
2025-06-12 19:55:00,36.4
2025-06-12 14:53:00,36.2
2025-06-12 04:55:00,61.8
2025-06-12 17:21:00,48.7
2025-06-12 14:52:00,23.0
2025-06-12 11:54:00,1.2
2025-06-12 19:31:00,32.9
2025-06-12 08:56:00,42.8
2025-06-12 23:30:00,36.1
2025-06-12 16:22:00,32.7
2025-06-12 00:29:00,96.5
2025-06-12 05:50:00,57.2
2025-06-12 21:05:00,98.7
2025-06-12 15:49:00,5.9
2025-06-12 05:18:00,57.1
2025-06-12 01:55:00,11.8
2025-06-12 21:32:00,45.8
2025-06-12 16:31:00,29.8
2025-06-12 06:54:00,17.3
2025-06-12 03:49:00,44.0
2025-06-12 00:18:00,73.9
2025-06-12 12:38:00,24.7
2025-06-12 13:59:00,34.0
2025-06-12 19:09:00,8.0
2025-06-12 03:33:00,31.3
2025-06-12 01:25:00,87.5
2025-06-12 01:56:00,30.9
2025-06-12 15:54:00,43.0
2025-06-12 18:29:00,18.4
2025-06-12 00:00:00,58.9
2025-06-12 21:01:00,91.3
2025-06-12 14:13:00,74.8
2025-06-12 00:52:00,51.1
2025-06-12 22:46:00,26.3
2025-06-12 03:12:00,63.2
2025-06-12 10:32:00,63.1
2025-06-12 07:37:00,13.9
2025-06-12 19:36:00,93.6
2025-06-12 02:33:00,63.8
2025-06-12 06:24:00,0.5
2025-06-12 11:07:00,55.1
2025-06-12 04:31:00,72.5
2025-06-12 19:27:00,95.7
2025-06-12 22:25:00,96.1
2025-06-12 01:21:00,26.8
2025-06-12 15:43:00,94.5
2025-06-12 13:41:00,43.7
2025-06-12 14:28:00,49.1
2025-06-12 18:56:00,45.4
2025-06-12 03:34:00,97.0
2025-06-12 12:55:00,71.1
2025-06-12 23:17:00,65.8
2025-06-12 15:37:00,49.5
2025-06-12 04:14:00,88.6
2025-06-12 06:40:00,2.7
2025-06-12 00:40:00,77.4
2025-06-12 10:16:00,61.6
2025-06-12 09:06:00,77.9
2025-06-12 23:09:00,50.1655304792927
2025-06-12 01:43:00,68.1
2025-06-12 23:34:00,71.1
2025-06-12 15:47:00,99.1
2025-06-12 04:47:00,52.0
2025-06-12 06:33:00,53.9
2025-06-12 19:27:00,73.1
2025-06-12 09:56:00,20.5
2025-06-12 11:35:00,64.1
2025-06-12 19:56:00,50.1655304792927
2025-06-12 14:35:00,35.7
2025-06-12 19:11:00,6.2
2025-06-12 08:53:00,50.1655304792927
2025-06-12 19:50:00,9.2
2025-06-12 02:45:00,9.0
2025-06-12 05:52:00,1.1
2025-06-12 06:29:00,68.3
2025-06-12 01:41:00,63.1
2025-06-12 04:04:00,86.8
2025-06-12 01:16:00,88.8
2025-06-12 13:46:00,8.9
2025-06-12 15:21:00,77.6
2025-06-12 07:24:00,25.3
2025-06-12 10:54:00,50.1655304792927
2025-06-12 05:41:00,54.8
2025-06-12 06:14:00,95.6
2025-06-12 23:56:00,54.2
2025-06-12 03:10:00,50.2
2025-06-12 17:56:00,63.1
2025-06-12 17:36:00,27.5
2025-06-12 18:52:00,50.1655304792927
2025-06-12 03:14:00,50.1655304792927
2025-06-12 15:59:00,50.1655304792927
2025-06-12 02:40:00,64.4
2025-06-12 21:12:00,17.3
2025-06-12 05:21:00,69.0
2025-06-12 16:40:00,58.9
2025-06-12 23:43:00,51.8
2025-06-12 07:05:00,60.8
2025-06-12 00:16:00,40.4
2025-06-12 19:05:00,94.5
2025-06-12 01:26:00,3.2
2025-06-12 00:55:00,9.3
2025-06-12 14:42:00,7.4
2025-06-12 20:40:00,23.6
2025-06-12 08:20:00,2.2
2025-06-12 00:05:00,53.8
2025-06-12 08:25:00,90.6
2025-06-12 11:20:00,31.1
2025-06-12 17:28:00,92.0
2025-06-12 03:35:00,74.5
2025-06-12 02:57:00,54.4
2025-06-12 04:56:00,64.7
2025-06-12 05:06:00,50.1655304792927
2025-06-12 19:43:00,50.1655304792927
2025-06-12 01:33:00,12.3
2025-06-12 20:16:00,72.1
2025-06-12 06:18:00,53.4
2025-06-12 01:27:00,50.1655304792927
2025-06-12 03:08:00,90.2
2025-06-12 14:07:00,26.4
2025-06-12 08:34:00,54.0
2025-06-12 20:48:00,80.2
2025-06-12 14:53:00,90.2
2025-06-12 19:22:00,15.8
2025-06-12 12:59:00,50.1655304792927
2025-06-12 03:57:00,29.9
2025-06-12 15:23:00,40.9
2025-06-12 15:08:00,14.6
2025-06-12 01:12:00,56.4
2025-06-12 17:23:00,38.3
2025-06-12 05:50:00,62.1
2025-06-12 00:25:00,78.2
2025-06-12 08:15:00,54.6
2025-06-12 02:51:00,27.0
2025-06-12 17:45:00,38.3
2025-06-12 18:52:00,79.4
2025-06-12 18:44:00,43.6
2025-06-12 04:10:00,37.3
2025-06-12 19:59:00,61.5
2025-06-12 13:52:00,73.7
2025-06-12 02:28:00,49.4
2025-06-12 19:51:00,36.8
2025-06-12 00:43:00,25.3
2025-06-12 07:22:00,87.8
2025-06-12 20:03:00,53.5
2025-06-12 12:40:00,14.6
2025-06-12 11:38:00,38.0
2025-06-12 10:06:00,50.1655304792927
2025-06-12 20:49:00,54.8
2025-06-12 18:02:00,3.6
2025-06-12 15:06:00,50.1655304792927
2025-06-12 16:01:00,35.6
2025-06-12 22:54:00,22.4
2025-06-12 14:18:00,71.6
2025-06-12 16:11:00,50.1655304792927
2025-06-12 20:25:00,86.0
2025-06-12 01:32:00,11.5
2025-06-12 03:38:00,10.2
2025-06-12 21:09:00,94.4
2025-06-12 05:43:00,88.3
2025-06-12 01:50:00,94.0
2025-06-12 18:49:00,50.1655304792927
2025-06-12 03:42:00,73.0
2025-06-12 03:25:00,46.0
2025-06-12 00:41:00,13.4
2025-06-12 00:30:00,19.4
2025-06-12 02:30:00,79.4
2025-06-12 17:30:00,89.9
2025-06-12 10:30:00,21.5
2025-06-12 03:24:00,59.7
2025-06-12 23:47:00,50.1655304792927
2025-06-12 19:56:00,38.1
2025-06-12 18:41:00,94.7
2025-06-12 22:19:00,50.1655304792927
2025-06-12 10:49:00,51.1
2025-06-12 03:55:00,50.1655304792927
2025-06-12 23:40:00,56.4
2025-06-12 20:48:00,30.4
2025-06-12 04:49:00,50.1655304792927
2025-06-12 03:39:00,50.1655304792927
2025-06-12 15:37:00,50.1655304792927
2025-06-12 13:14:00,40.1
2025-06-12 06:28:00,83.6
2025-06-12 20:04:00,75.2
2025-06-12 19:14:00,42.9
2025-06-12 13:52:00,34.8
2025-06-12 12:23:00,54.2
2025-06-12 19:21:00,35.9
2025-06-12 02:06:00,88.3
2025-06-12 06:56:00,25.3
2025-06-12 15:28:00,78.8
2025-06-12 23:14:00,64.7
2025-06-12 04:14:00,50.1655304792927
2025-06-12 06:04:00,69.9
2025-06-12 01:59:00,43.8
2025-06-12 00:03:00,19.5
2025-06-12 23:18:00,82.9
2025-06-12 23:07:00,94.2
2025-06-12 13:14:00,6.6
2025-06-12 23:31:00,75.9
2025-06-12 21:39:00,40.1
2025-06-12 07:37:00,1.9
2025-06-12 14:12:00,68.3
2025-06-12 07:43:00,37.5
2025-06-12 02:04:00,50.2
2025-06-12 21:01:00,92.3
2025-06-12 16:49:00,15.1
2025-06-12 22:58:00,67.9
2025-06-12 13:46:00,55.5
2025-06-12 03:25:00,50.1655304792927
2025-06-12 11:53:00,97.2
2025-06-12 03:29:00,32.9
2025-06-12 15:33:00,67.5
2025-06-12 13:42:00,44.6
2025-06-12 17:01:00,50.1655304792927
2025-06-12 12:42:00,50.0
2025-06-12 02:49:00,84.2
2025-06-12 11:53:00,39.8
2025-06-12 19:01:00,55.2
2025-06-12 09:34:00,13.9
2025-06-12 21:57:00,13.0
2025-06-12 04:19:00,85.3
2025-06-12 02:57:00,68.2
2025-06-12 17:31:00,50.16485882352941
2025-06-12 18:36:00,50.16485882352941
2025-06-12 20:34:00,90.4
2025-06-12 01:38:00,57.6
2025-06-12 05:58:00,59.2
2025-06-12 17:59:00,50.16485882352941
2025-06-12 11:47:00,50.16485882352941
2025-06-12 17:08:00,50.16485882352941
2025-06-12 22:39:00,98.1
2025-06-12 15:03:00,6.4
2025-06-12 10:36:00,54.5
2025-06-12 14:41:00,67.3
2025-06-12 00:19:00,99.8
2025-06-12 23:50:00,82.5
2025-06-12 16:58:00,50.16485882352941
2025-06-12 17:30:00,50.16485882352941
2025-06-12 17:33:00,50.16485882352941
2025-06-12 19:51:00,19.6
2025-06-12 10:39:00,38.0
2025-06-12 18:55:00,3.3
2025-06-12 04:10:00,53.3
2025-06-12 03:03:00,28.9
2025-06-12 03:42:00,50.16485882352941
2025-06-12 05:35:00,78.0
2025-06-12 01:40:00,43.4
2025-06-12 19:15:00,74.8
2025-06-12 00:51:00,44.6
2025-06-12 00:49:00,15.7
2025-06-12 09:06:00,63.0
2025-06-12 07:57:00,67.0
2025-06-12 19:07:00,48.0
2025-06-12 00:42:00,99.1
2025-06-12 06:53:00,13.1
2025-06-12 00:52:00,7.9
2025-06-12 04:09:00,59.1
2025-06-12 11:07:00,25.1
2025-06-12 13:18:00,32.7
2025-06-12 10:27:00,3.0
2025-06-12 13:02:00,65.2
2025-06-12 00:09:00,45.9
2025-06-12 02:10:00,74.5
2025-06-12 20:46:00,45.9
2025-06-12 09:07:00,90.2
2025-06-12 21:26:00,35.2
2025-06-12 06:20:00,39.6
2025-06-12 08:43:00,67.5
2025-06-12 14:14:00,70.9
2025-06-12 00:10:00,13.0
2025-06-12 16:11:00,81.9
2025-06-12 03:11:00,48.6
2025-06-12 03:34:00,68.0
2025-06-12 08:21:00,5.9
2025-06-12 21:06:00,79.7
2025-06-12 12:58:00,50.9
2025-06-12 00:10:00,27.0
2025-06-12 12:36:00,50.16485882352941
2025-06-12 07:49:00,41.3
2025-06-12 03:04:00,59.8
2025-06-12 00:58:00,98.5
2025-06-12 16:34:00,63.3
2025-06-12 02:03:00,0.3
2025-06-12 14:09:00,16.7
2025-06-12 03:45:00,19.7
2025-06-12 22:51:00,22.6
2025-06-12 06:10:00,72.0
2025-06-12 15:31:00,29.2
2025-06-12 06:04:00,77.6
2025-06-12 05:28:00,95.1
2025-06-12 09:37:00,26.7
2025-06-12 22:36:00,50.16485882352941
2025-06-12 01:57:00,18.4
2025-06-12 06:20:00,98.9
2025-06-12 22:41:00,50.16485882352941
2025-06-12 01:32:00,85.4
2025-06-12 05:00:00,50.16485882352941
2025-06-12 11:32:00,98.1
2025-06-12 16:15:00,67.7
2025-06-12 01:28:00,86.6
2025-06-12 01:37:00,52.5
2025-06-12 07:40:00,50.1
2025-06-12 04:11:00,2.8
2025-06-12 18:45:00,46.5
2025-06-12 23:21:00,87.8
2025-06-12 20:26:00,24.9
2025-06-12 22:53:00,17.7
2025-06-12 03:23:00,67.4
2025-06-12 10:08:00,54.7
2025-06-12 06:26:00,50.16485882352941
2025-06-12 12:12:00,16.9
2025-06-12 16:11:00,50.16485882352941
2025-06-12 21:45:00,5.3
2025-06-12 03:28:00,84.0
2025-06-12 19:56:00,39.2
2025-06-12 12:26:00,85.8
2025-06-12 07:41:00,38.7
2025-06-12 01:03:00,62.5
2025-06-12 03:37:00,39.7
2025-06-12 20:24:00,50.16485882352941
2025-06-12 04:18:00,70.4
2025-06-12 02:06:00,35.1
2025-06-12 16:40:00,50.16485882352941
2025-06-12 00:25:00,34.4
2025-06-12 07:46:00,17.4
2025-06-12 02:57:00,50.16485882352941
2025-06-12 00:25:00,31.9
2025-06-12 19:09:00,30.8
2025-06-12 09:42:00,65.7
2025-06-12 05:41:00,64.8
2025-06-12 21:48:00,92.8
2025-06-12 23:15:00,17.2
2025-06-12 04:37:00,33.6
2025-06-12 11:02:00,40.7
2025-06-12 07:31:00,90.9
2025-06-12 15:35:00,46.2
2025-06-12 01:00:00,72.6
2025-06-12 23:01:00,65.6
2025-06-12 00:38:00,92.5
2025-06-12 11:17:00,56.7
2025-06-12 06:30:00,53.4
2025-06-12 06:05:00,5.5
2025-06-12 00:15:00,50.16485882352941
2025-06-12 05:57:00,50.16485882352941
2025-06-12 21:34:00,98.1
2025-06-12 17:37:00,66.2
2025-06-12 23:59:00,6.9
2025-06-12 08:38:00,53.2
2025-06-12 07:00:00,44.7
2025-06-12 04:28:00,24.4
2025-06-12 06:08:00,66.9
2025-06-12 12:33:00,87.3
2025-06-12 20:13:00,22.9
2025-06-12 23:38:00,50.16485882352941
2025-06-12 14:47:00,98.1
2025-06-12 20:14:00,96.8
2025-06-12 00:54:00,78.0
2025-06-12 15:34:00,76.8
2025-06-12 00:18:00,20.1
2025-06-12 01:15:00,18.6
2025-06-12 00:16:00,23.4
2025-06-12 19:28:00,3.9
2025-06-12 06:02:00,68.0
2025-06-12 06:27:00,50.16485882352941
2025-06-12 16:49:00,50.16485882352941
2025-06-12 06:25:00,63.3
2025-06-12 18:11:00,50.16485882352941
2025-06-12 02:49:00,29.6
2025-06-12 00:25:00,28.6
2025-06-12 02:46:00,9.5
2025-06-12 16:06:00,40.8
2025-06-12 01:22:00,74.8
2025-06-12 09:39:00,97.7
2025-06-12 18:31:00,50.16485882352941
2025-06-12 08:17:00,50.16485882352941
2025-06-12 00:36:00,49.9
2025-06-12 10:18:00,69.9
2025-06-12 17:32:00,29.0
2025-06-12 06:46:00,21.0
2025-06-12 06:43:00,50.16485882352941
2025-06-12 01:10:00,20.0
2025-06-12 01:40:00,98.0
2025-06-12 06:12:00,14.2
2025-06-12 05:56:00,50.16485882352941
2025-06-12 09:07:00,67.0
2025-06-12 21:42:00,78.6
2025-06-12 01:15:00,15.3
2025-06-12 15:29:00,28.0
2025-06-12 15:50:00,59.3
2025-06-12 08:29:00,50.6
2025-06-12 23:40:00,43.6
2025-06-12 21:46:00,61.4
2025-06-12 20:57:00,69.4
2025-06-12 14:26:00,8.6
2025-06-12 21:49:00,9.9
2025-06-12 20:02:00,68.5
2025-06-12 17:46:00,72.9
2025-06-12 00:23:00,58.5
2025-06-12 03:17:00,50.16485882352941
2025-06-12 10:53:00,40.0
2025-06-12 08:38:00,54.7
2025-06-12 05:36:00,35.9
2025-06-12 09:15:00,95.6
2025-06-12 23:18:00,49.5
2025-06-12 02:34:00,50.8
2025-06-12 07:01:00,22.4
2025-06-12 02:32:00,30.3
2025-06-12 12:50:00,9.5
2025-06-12 08:27:00,99.5
2025-06-12 23:01:00,8.6
2025-06-12 04:13:00,33.3
2025-06-12 16:19:00,88.5
2025-06-12 18:26:00,70.9
2025-06-12 11:48:00,50.16485882352941
2025-06-12 22:43:00,77.8
2025-06-12 03:54:00,45.7
2025-06-12 08:23:00,66.5
2025-06-12 16:57:00,31.4
2025-06-12 19:09:00,60.4
2025-06-12 10:27:00,95.0
2025-06-12 21:35:00,46.0
2025-06-12 00:01:00,84.9
2025-06-12 03:28:00,94.3
2025-06-12 12:59:00,50.16485882352941
2025-06-12 00:12:00,35.7
2025-06-12 19:30:00,45.8
2025-06-12 15:30:00,52.6
2025-06-12 08:35:00,66.0
2025-06-12 08:50:00,50.16485882352941
2025-06-12 07:23:00,87.7
2025-06-12 19:55:00,14.5
2025-06-12 16:07:00,50.16485882352941
2025-06-12 23:36:00,66.9
2025-06-12 16:28:00,88.8
2025-06-12 04:44:00,67.3
2025-06-12 08:10:00,50.16485882352941
2025-06-12 19:55:00,65.2
2025-06-12 11:46:00,70.1
2025-06-12 07:03:00,39.3
2025-06-12 07:14:00,50.16485882352941
2025-06-12 06:34:00,46.8
2025-06-12 23:47:00,91.9
2025-06-12 10:46:00,65.3
2025-06-12 18:53:00,27.1
2025-06-12 00:31:00,7.0
2025-06-12 22:29:00,32.6
2025-06-12 23:24:00,46.0
2025-06-12 22:07:00,15.7
2025-06-12 10:10:00,50.16485882352941
2025-06-12 18:23:00,38.9
2025-06-12 13:56:00,88.8
2025-06-12 03:15:00,19.3
2025-06-12 07:41:00,67.4
2025-06-12 17:35:00,8.6
2025-06-12 09:29:00,34.0
2025-06-12 10:43:00,49.8
2025-06-12 07:02:00,50.16485882352941
2025-06-12 12:51:00,88.0
2025-06-12 19:59:00,22.8
2025-06-12 05:51:00,82.1
2025-06-12 19:11:00,99.9
2025-06-12 18:04:00,76.1
2025-06-12 21:04:00,80.8
2025-06-12 22:24:00,15.1
2025-06-12 17:51:00,44.5
2025-06-12 11:48:00,73.4
2025-06-12 23:03:00,15.2
2025-06-12 01:24:00,71.9
2025-06-12 06:15:00,18.9
2025-06-12 09:01:00,24.1
2025-06-12 07:22:00,29.9
2025-06-12 10:57:00,94.1
2025-06-12 07:48:00,89.1
2025-06-12 16:42:00,71.8
2025-06-12 20:10:00,79.3
2025-06-12 03:37:00,50.16485882352941
2025-06-12 11:28:00,77.3
2025-06-12 07:22:00,50.16485882352941
2025-06-12 07:28:00,45.9
2025-06-12 03:34:00,9.0
2025-06-12 00:35:00,49.8
2025-06-12 12:26:00,20.4
2025-06-12 23:07:00,50.16485882352941
2025-06-12 23:29:00,50.16485882352941
2025-06-12 04:30:00,78.7
2025-06-12 17:52:00,50.16485882352941
2025-06-12 06:03:00,47.3
2025-06-12 06:21:00,95.3
2025-06-12 21:35:00,81.3
2025-06-12 12:50:00,50.16485882352941
2025-06-12 22:45:00,32.0
2025-06-12 09:41:00,50.16485882352941
2025-06-12 04:27:00,79.6
2025-06-12 13:38:00,0.6
2025-06-12 11:42:00,14.7
2025-06-12 20:16:00,24.0
2025-06-12 23:49:00,14.6
2025-06-12 14:00:00,50.16485882352941
2025-06-12 19:31:00,63.3
2025-06-12 05:59:00,67.6
2025-06-12 00:54:00,50.16485882352941
2025-06-12 02:35:00,48.9
2025-06-12 20:20:00,69.3
2025-06-12 00:17:00,16.9
2025-06-12 00:33:00,23.5
2025-06-12 22:04:00,50.16485882352941
2025-06-12 17:20:00,50.16485882352941
2025-06-12 13:44:00,16.2
2025-06-12 02:05:00,18.4
2025-06-12 21:55:00,2.9
2025-06-12 01:17:00,47.9
2025-06-12 20:33:00,82.0
2025-06-12 21:27:00,32.3
2025-06-12 08:39:00,50.16485882352941
2025-06-12 07:58:00,37.7
2025-06-12 00:51:00,77.7
2025-06-12 21:07:00,37.9
2025-06-12 20:53:00,35.5
2025-06-12 17:04:00,84.9
2025-06-12 08:44:00,41.5
2025-06-12 15:40:00,27.5
2025-06-12 16:02:00,31.1
2025-06-12 23:44:00,50.16485882352941
2025-06-12 18:26:00,73.7
2025-06-12 09:46:00,50.16485882352941
2025-06-12 05:57:00,50.16485882352941
2025-06-12 11:56:00,50.16485882352941
2025-06-12 18:15:00,31.0
2025-06-12 16:12:00,50.16485882352941
2025-06-12 04:45:00,64.9
2025-06-12 11:56:00,3.2
2025-06-12 09:00:00,14.9
2025-06-12 11:55:00,69.1
2025-06-12 11:40:00,56.0
2025-06-12 22:20:00,8.3
2025-06-12 21:03:00,16.0
2025-06-12 10:02:00,50.16485882352941
2025-06-12 02:08:00,97.6
2025-06-12 05:30:00,90.7
2025-06-12 08:49:00,4.4
2025-06-12 10:30:00,89.6
2025-06-12 00:13:00,32.5
2025-06-12 22:05:00,13.6
2025-06-12 01:05:00,64.2
2025-06-12 18:27:00,50.16485882352941
2025-06-12 10:17:00,12.1
2025-06-12 13:33:00,50.16485882352941
2025-06-12 13:07:00,50.16485882352941
2025-06-12 10:36:00,58.8
2025-06-12 22:49:00,30.5
2025-06-12 12:59:00,99.0
2025-06-12 04:43:00,78.5
2025-06-12 02:49:00,92.2
2025-06-12 22:31:00,83.1
2025-06-12 19:25:00,78.6
2025-06-12 03:10:00,13.2
2025-06-12 19:51:00,39.7
2025-06-12 06:16:00,50.16485882352941
2025-06-12 06:50:00,50.16485882352941
2025-06-12 07:34:00,77.5
2025-06-12 21:14:00,46.7
2025-06-12 08:34:00,9.5
2025-06-12 21:11:00,1.4
2025-06-12 09:59:00,55.5
2025-06-12 07:05:00,50.9
2025-06-12 20:19:00,49.7
2025-06-12 22:58:00,31.7
2025-06-12 14:36:00,49.40323484760014
2025-06-12 14:54:00,68.6
2025-06-12 09:39:00,25.7
2025-06-12 01:28:00,49.40323484760014
2025-06-12 17:56:00,49.40323484760014
2025-06-12 14:45:00,49.40323484760014
2025-06-12 16:35:00,9.0
2025-06-12 19:05:00,42.8
2025-06-12 19:22:00,52.6
2025-06-12 21:58:00,69.1
2025-06-12 06:43:00,91.4
2025-06-12 08:00:00,62.7
2025-06-12 08:32:00,45.0
2025-06-12 16:49:00,79.9
2025-06-12 04:38:00,33.0
2025-06-12 15:15:00,38.6
2025-06-12 22:58:00,49.40323484760014
2025-06-12 00:01:00,49.40323484760014
2025-06-12 21:08:00,53.4
2025-06-12 08:55:00,84.9
2025-06-12 17:54:00,68.6
2025-06-12 16:54:00,49.40323484760014
2025-06-12 03:36:00,70.3
2025-06-12 17:44:00,29.0
2025-06-12 22:23:00,49.40323484760014
2025-06-12 18:42:00,30.1
2025-06-12 23:25:00,85.4
2025-06-12 23:27:00,59.5
2025-06-12 05:24:00,49.40323484760014
2025-06-12 06:14:00,42.1
2025-06-12 04:56:00,76.0
2025-06-12 06:46:00,14.3
2025-06-12 22:38:00,68.8
2025-06-12 14:28:00,31.8
2025-06-12 09:28:00,33.8
2025-06-12 21:10:00,13.7
2025-06-12 02:39:00,11.0
2025-06-12 17:53:00,6.1
2025-06-12 09:03:00,52.5
2025-06-12 20:13:00,49.40323484760014
2025-06-12 21:06:00,49.40323484760014
2025-06-12 09:13:00,11.1
2025-06-12 05:59:00,50.6
2025-06-12 19:58:00,71.5
2025-06-12 17:50:00,11.8
2025-06-12 11:42:00,48.9
2025-06-12 12:56:00,77.9
2025-06-12 06:01:00,96.6
2025-06-12 04:37:00,40.7
2025-06-12 19:46:00,13.3
2025-06-12 11:10:00,16.6
2025-06-12 13:13:00,96.2
2025-06-12 17:10:00,49.40323484760014
2025-06-12 23:05:00,99.5
2025-06-12 03:28:00,91.3
2025-06-12 06:31:00,64.1
2025-06-12 01:41:00,48.2
2025-06-12 08:46:00,97.5
2025-06-12 14:18:00,22.7
2025-06-12 02:59:00,36.6
2025-06-12 13:50:00,95.5
2025-06-12 16:38:00,28.8
2025-06-12 04:26:00,15.9
2025-06-12 19:00:00,50.3
2025-06-12 00:05:00,70.3
2025-06-12 00:12:00,73.2
2025-06-12 14:55:00,49.40323484760014
2025-06-12 07:56:00,49.40323484760014
2025-06-12 01:44:00,97.8
2025-06-12 06:54:00,13.6
2025-06-12 21:25:00,45.3
2025-06-12 00:16:00,38.6
2025-06-12 13:04:00,56.1
2025-06-12 15:52:00,66.9
2025-06-12 08:08:00,61.3
2025-06-12 03:26:00,95.0
2025-06-12 20:15:00,53.4
2025-06-12 15:24:00,54.6
2025-06-12 03:50:00,88.2
2025-06-12 10:48:00,93.3
2025-06-12 11:14:00,98.1
2025-06-12 08:59:00,50.7
2025-06-12 09:32:00,44.5
2025-06-12 09:07:00,96.6
2025-06-12 21:24:00,39.4
2025-06-12 14:51:00,49.40323484760014
2025-06-12 04:58:00,34.1
2025-06-12 18:08:00,49.40323484760014
2025-06-12 09:53:00,51.2
2025-06-12 23:17:00,76.0
2025-06-12 19:40:00,85.9
2025-06-12 22:15:00,0.7
2025-06-12 08:33:00,81.3
2025-06-12 22:02:00,31.8
2025-06-12 07:32:00,54.7
2025-06-12 10:46:00,49.40323484760014
2025-06-12 20:04:00,72.6
2025-06-12 19:02:00,49.40323484760014
2025-06-12 03:28:00,49.40323484760014
2025-06-12 09:51:00,73.3
2025-06-12 16:03:00,35.7
2025-06-12 22:27:00,58.3
2025-06-12 08:00:00,33.8
2025-06-12 17:51:00,34.8
2025-06-12 01:09:00,79.5
2025-06-12 09:51:00,59.5
2025-06-12 01:56:00,81.0
2025-06-12 05:47:00,92.6
2025-06-12 01:10:00,55.3
2025-06-12 04:25:00,48.8
2025-06-12 22:03:00,62.9
2025-06-12 06:14:00,82.6
2025-06-12 09:18:00,83.4
2025-06-12 23:20:00,49.40323484760014
2025-06-12 11:39:00,70.0
2025-06-12 03:15:00,83.9
2025-06-12 01:04:00,49.40323484760014
2025-06-12 05:17:00,79.6
2025-06-12 00:05:00,13.2
2025-06-12 12:29:00,17.7
2025-06-12 15:35:00,9.7
2025-06-12 06:04:00,8.6
2025-06-12 10:14:00,13.2
2025-06-12 23:58:00,13.3
2025-06-12 01:46:00,64.4
2025-06-12 01:06:00,7.4
2025-06-12 12:37:00,49.1
2025-06-12 17:12:00,44.5
2025-06-12 14:34:00,75.2
2025-06-12 02:34:00,49.0
2025-06-12 09:18:00,12.7
2025-06-12 03:53:00,11.2
2025-06-12 01:33:00,54.4
2025-06-12 20:15:00,65.8
2025-06-12 22:50:00,59.4
2025-06-12 14:09:00,59.7
2025-06-12 08:15:00,61.3
2025-06-12 13:19:00,92.5
2025-06-12 17:23:00,59.5
2025-06-12 22:14:00,19.5
2025-06-12 17:32:00,43.0
2025-06-12 22:28:00,95.8
2025-06-12 14:06:00,49.40323484760014
2025-06-12 19:23:00,49.40323484760014
2025-06-12 08:17:00,42.4
2025-06-12 05:10:00,27.3
2025-06-12 05:50:00,31.3
2025-06-12 06:05:00,17.3
2025-06-12 00:29:00,68.1
2025-06-12 23:45:00,90.9
2025-06-12 19:05:00,3.3
2025-06-12 06:39:00,49.40323484760014
2025-06-12 10:32:00,59.9
2025-06-12 01:22:00,15.5
2025-06-12 08:50:00,6.3
2025-06-12 13:50:00,28.0
2025-06-12 14:11:00,49.40323484760014
2025-06-12 09:16:00,17.9
2025-06-12 12:01:00,33.5
2025-06-12 08:46:00,43.2
2025-06-12 19:21:00,33.7
2025-06-12 20:39:00,23.1
2025-06-12 03:37:00,23.6
2025-06-12 19:31:00,78.2
2025-06-12 17:47:00,49.40323484760014
2025-06-12 03:45:00,12.6
2025-06-12 22:10:00,16.0
2025-06-12 10:36:00,15.5
2025-06-12 09:23:00,6.3
2025-06-12 22:21:00,49.40323484760014
2025-06-12 15:39:00,20.2
2025-06-12 20:41:00,66.3
2025-06-12 04:35:00,70.5
2025-06-12 03:09:00,94.3
2025-06-12 03:26:00,91.2
2025-06-12 21:42:00,22.5
2025-06-12 21:33:00,52.7
2025-06-12 13:56:00,50.3
2025-06-12 08:55:00,4.5
2025-06-12 23:07:00,49.40323484760014
2025-06-12 00:54:00,11.2
2025-06-12 01:22:00,62.8
2025-06-12 04:52:00,87.5
2025-06-12 06:22:00,68.8
2025-06-12 15:19:00,55.4
2025-06-12 13:28:00,76.8
2025-06-12 04:17:00,47.9
2025-06-12 03:29:00,49.40323484760014
2025-06-12 09:45:00,48.6
2025-06-12 11:57:00,54.9
2025-06-12 21:46:00,14.3
2025-06-12 12:14:00,70.2
2025-06-12 10:00:00,47.7
2025-06-12 15:04:00,69.8
2025-06-12 13:18:00,38.1
2025-06-12 11:43:00,64.4
2025-06-12 09:08:00,42.3
2025-06-12 13:44:00,82.1
2025-06-12 06:50:00,86.1
2025-06-12 06:18:00,31.2
2025-06-12 21:19:00,31.6
2025-06-12 21:56:00,31.1
2025-06-12 02:32:00,39.8
2025-06-12 23:52:00,41.5
2025-06-12 14:16:00,18.1
2025-06-12 14:11:00,80.6
2025-06-12 01:24:00,69.1
2025-06-12 11:45:00,49.40323484760014
2025-06-12 01:05:00,76.2
2025-06-12 21:05:00,30.9
2025-06-12 04:16:00,53.3
2025-06-12 22:39:00,49.40323484760014
2025-06-12 11:12:00,64.2
2025-06-12 20:22:00,49.40323484760014
2025-06-12 19:41:00,1.3
2025-06-12 21:13:00,49.40323484760014
2025-06-12 12:02:00,49.40323484760014
2025-06-12 11:17:00,49.40323484760014
2025-06-12 10:28:00,14.1
2025-06-12 09:05:00,84.6
2025-06-12 14:24:00,16.0
2025-06-12 16:12:00,86.2
2025-06-12 20:14:00,6.0
2025-06-12 08:49:00,49.40323484760014
2025-06-12 06:56:00,35.8
2025-06-12 04:59:00,58.1
2025-06-12 20:23:00,49.40323484760014
2025-06-12 18:09:00,93.5
2025-06-12 15:30:00,3.9
2025-06-12 08:13:00,92.9
2025-06-12 09:44:00,94.0
2025-06-12 02:39:00,22.5
2025-06-12 21:18:00,77.2
2025-06-12 19:36:00,88.5
2025-06-12 17:38:00,73.8
2025-06-12 20:17:00,53.3
2025-06-12 05:11:00,47.1
2025-06-12 09:29:00,84.4
2025-06-12 12:05:00,49.40323484760014
2025-06-12 23:40:00,93.2
2025-06-12 09:32:00,19.0
2025-06-12 13:10:00,5.3
2025-06-12 22:14:00,41.1
2025-06-12 23:03:00,91.7
2025-06-12 13:15:00,7.4
2025-06-12 05:57:00,35.4
2025-06-12 06:25:00,77.5
2025-06-12 14:17:00,5.2
2025-06-12 00:50:00,69.6
2025-06-12 15:45:00,62.8
2025-06-12 23:42:00,70.5
2025-06-12 16:08:00,77.5
2025-06-12 11:18:00,24.9
2025-06-12 04:13:00,66.7
2025-06-12 01:47:00,49.8
2025-06-12 19:23:00,63.0
2025-06-12 23:22:00,49.40323484760014
2025-06-12 20:42:00,64.3
2025-06-12 16:08:00,8.3
2025-06-12 05:01:00,97.3
2025-06-12 10:25:00,51.7
2025-06-12 21:47:00,35.0
2025-06-12 03:28:00,48.6
2025-06-12 01:31:00,54.6
2025-06-12 15:16:00,21.1
2025-06-12 13:35:00,14.3
2025-06-12 13:51:00,33.7
2025-06-12 21:06:00,74.3
2025-06-12 00:40:00,86.7
2025-06-12 04:40:00,49.40323484760014
2025-06-12 03:42:00,27.7
2025-06-12 00:30:00,74.8
2025-06-12 18:41:00,83.4
2025-06-12 18:49:00,49.40323484760014
2025-06-12 15:13:00,65.8
2025-06-12 01:35:00,13.7
2025-06-12 07:48:00,49.40323484760014
2025-06-12 17:17:00,54.6
2025-06-12 11:35:00,66.1
2025-06-12 16:25:00,2.6
2025-06-12 22:34:00,86.4
2025-06-12 16:27:00,41.7
2025-06-12 14:55:00,1.3
2025-06-12 14:45:00,50.7
2025-06-12 19:55:00,29.5
2025-06-12 05:19:00,49.40323484760014
2025-06-12 13:47:00,50.4
2025-06-12 03:22:00,7.2
2025-06-12 07:06:00,57.4
2025-06-12 00:18:00,41.8
2025-06-12 17:26:00,58.0
2025-06-12 16:09:00,2.0
2025-06-12 12:27:00,18.8
2025-06-12 06:38:00,49.40323484760014
2025-06-12 07:42:00,21.4
2025-06-12 21:32:00,8.1
2025-06-12 05:42:00,50.6
2025-06-12 08:01:00,52.4
2025-06-12 11:58:00,20.1
2025-06-12 07:43:00,70.1
2025-06-12 16:24:00,48.0
2025-06-12 00:07:00,89.6
2025-06-12 04:17:00,80.6
2025-06-12 04:34:00,75.6
2025-06-12 00:44:00,38.6
2025-06-12 04:15:00,49.40323484760014
2025-06-12 02:09:00,24.7
2025-06-12 01:56:00,13.4
2025-06-12 17:53:00,22.6
2025-06-12 06:18:00,75.1
2025-06-12 12:18:00,51.7
2025-06-12 07:07:00,88.4
2025-06-12 11:55:00,63.8
2025-06-12 23:37:00,9.3
2025-06-12 16:24:00,95.9
2025-06-12 00:30:00,29.0
2025-06-12 23:54:00,39.8
2025-06-12 09:48:00,12.6
2025-06-12 12:18:00,26.3
2025-06-12 05:36:00,91.5
2025-06-12 17:20:00,50.400661703887515
2025-06-12 09:05:00,76.8
2025-06-12 19:03:00,50.400661703887515
2025-06-12 03:13:00,91.9
2025-06-12 08:50:00,56.0
2025-06-12 06:42:00,76.4
2025-06-12 08:22:00,56.1
2025-06-12 03:27:00,73.0
2025-06-12 04:52:00,27.4
2025-06-12 15:56:00,4.1
2025-06-12 05:52:00,75.6
2025-06-12 18:20:00,39.5
2025-06-12 02:20:00,8.4
2025-06-12 11:33:00,27.3
2025-06-12 23:02:00,99.2
2025-06-12 02:36:00,76.8
2025-06-12 23:45:00,93.4
2025-06-12 03:44:00,23.5
2025-06-12 16:34:00,8.0
2025-06-12 21:12:00,79.4
2025-06-12 11:07:00,0.5
2025-06-12 17:50:00,10.8
2025-06-12 23:45:00,52.3
2025-06-12 14:28:00,24.5
2025-06-12 00:41:00,50.400661703887515
2025-06-12 01:21:00,97.1
2025-06-12 09:23:00,23.1
2025-06-12 08:54:00,96.5
2025-06-12 06:38:00,50.400661703887515
2025-06-12 20:18:00,59.4
2025-06-12 20:08:00,3.6
2025-06-12 02:58:00,76.4
2025-06-12 05:22:00,12.0
2025-06-12 07:47:00,50.400661703887515
2025-06-12 22:57:00,71.6
2025-06-12 15:54:00,63.2
2025-06-12 10:10:00,27.2
2025-06-12 18:59:00,95.9
2025-06-12 21:17:00,22.5
2025-06-12 01:36:00,95.2
2025-06-12 19:27:00,39.4
2025-06-12 22:40:00,50.400661703887515
2025-06-12 03:13:00,40.5
2025-06-12 14:56:00,50.400661703887515
2025-06-12 11:10:00,97.9
2025-06-12 09:25:00,74.9
2025-06-12 21:19:00,16.8
2025-06-12 09:13:00,76.3
2025-06-12 22:25:00,91.4
2025-06-12 11:45:00,59.6
2025-06-12 05:19:00,92.2
2025-06-12 22:48:00,20.6
2025-06-12 03:58:00,26.2
2025-06-12 09:12:00,37.0
2025-06-12 06:23:00,88.0
2025-06-12 06:18:00,17.5
2025-06-12 01:20:00,61.6
2025-06-12 22:03:00,75.5
2025-06-12 13:15:00,47.1
2025-06-12 05:00:00,50.400661703887515
2025-06-12 03:22:00,53.9
2025-06-12 16:25:00,14.0
2025-06-12 13:11:00,75.9
2025-06-12 06:37:00,33.1
2025-06-12 13:03:00,50.400661703887515
2025-06-12 07:58:00,88.4
2025-06-12 09:06:00,50.400661703887515
2025-06-12 10:46:00,50.1
2025-06-12 12:17:00,50.400661703887515
2025-06-12 13:46:00,39.7
2025-06-12 14:55:00,66.4
2025-06-12 07:51:00,13.4
2025-06-12 11:25:00,28.9
2025-06-12 13:28:00,17.5
2025-06-12 22:07:00,50.400661703887515
2025-06-12 05:21:00,99.5
2025-06-12 04:39:00,52.2
2025-06-12 08:25:00,20.2
2025-06-12 11:43:00,50.400661703887515
2025-06-12 17:13:00,50.400661703887515
2025-06-12 10:37:00,48.0
2025-06-12 03:25:00,50.8
2025-06-12 13:23:00,70.9
2025-06-12 18:41:00,86.6
2025-06-12 17:01:00,37.4
2025-06-12 22:47:00,80.5
2025-06-12 05:54:00,65.3
2025-06-12 23:31:00,58.3
2025-06-12 11:58:00,18.2
2025-06-12 01:37:00,55.9
2025-06-12 07:46:00,46.0
2025-06-12 08:54:00,50.400661703887515
2025-06-12 20:41:00,97.9
2025-06-12 20:09:00,21.1
2025-06-12 12:21:00,21.9
2025-06-12 10:47:00,50.400661703887515
2025-06-12 05:31:00,36.7
2025-06-12 18:36:00,67.6
2025-06-12 04:51:00,91.7
2025-06-12 03:15:00,25.2
2025-06-12 13:29:00,44.2
2025-06-12 08:13:00,33.0
2025-06-12 12:01:00,33.0
2025-06-12 20:01:00,50.400661703887515
2025-06-12 15:48:00,43.2
2025-06-12 22:49:00,19.4
2025-06-12 23:00:00,81.4
2025-06-12 14:12:00,20.5
2025-06-12 03:37:00,16.6
2025-06-12 19:03:00,77.2
2025-06-12 23:02:00,50.400661703887515
2025-06-12 22:00:00,10.7
2025-06-12 02:12:00,54.0
2025-06-12 13:28:00,63.7
2025-06-12 07:21:00,24.6
2025-06-12 14:53:00,76.0
2025-06-12 06:23:00,12.1
2025-06-12 11:53:00,74.9
2025-06-12 01:12:00,86.5
2025-06-12 17:12:00,97.5
2025-06-12 10:46:00,49.2
2025-06-12 01:09:00,30.6
2025-06-12 04:14:00,50.400661703887515
2025-06-12 07:18:00,20.1
2025-06-12 15:48:00,67.4
2025-06-12 21:39:00,43.7
2025-06-12 13:23:00,86.0
2025-06-12 06:29:00,59.8
2025-06-12 05:59:00,6.1
2025-06-12 09:27:00,10.0
2025-06-12 14:51:00,11.7
2025-06-12 13:08:00,50.400661703887515
2025-06-12 07:59:00,84.0
2025-06-12 11:09:00,67.5
2025-06-12 02:18:00,83.6
2025-06-12 22:38:00,41.6
2025-06-12 22:56:00,27.7
2025-06-12 15:17:00,61.9
2025-06-12 01:11:00,99.1
2025-06-12 15:31:00,50.400661703887515
2025-06-12 21:27:00,50.400661703887515
2025-06-12 22:25:00,50.400661703887515
2025-06-12 21:13:00,42.0
2025-06-12 22:00:00,41.5
2025-06-12 03:39:00,34.9
2025-06-12 13:08:00,59.9
2025-06-12 10:52:00,55.0
2025-06-12 22:10:00,52.3
2025-06-12 03:10:00,50.400661703887515
2025-06-12 04:45:00,16.1
2025-06-12 09:40:00,14.7
2025-06-12 18:47:00,18.7
2025-06-12 21:11:00,11.0
2025-06-12 10:17:00,13.6
2025-06-12 13:25:00,26.3
2025-06-12 09:01:00,47.3
2025-06-12 21:19:00,53.6
2025-06-12 15:30:00,22.3
2025-06-12 07:43:00,47.9
2025-06-12 03:24:00,0.6
2025-06-12 11:06:00,65.3
2025-06-12 00:58:00,50.400661703887515
2025-06-12 05:49:00,27.9
2025-06-12 19:12:00,37.1
2025-06-12 05:41:00,52.2
2025-06-12 06:12:00,40.1
2025-06-12 21:38:00,64.3
2025-06-12 18:22:00,96.4
2025-06-12 10:22:00,68.3
2025-06-12 21:42:00,3.0
2025-06-12 04:54:00,31.7
2025-06-12 04:58:00,56.7
2025-06-12 05:16:00,59.2
2025-06-12 08:26:00,10.6
2025-06-12 13:33:00,74.7
2025-06-12 19:05:00,50.400661703887515
2025-06-12 11:58:00,34.7
2025-06-12 18:56:00,74.4
2025-06-12 10:52:00,67.7
2025-06-12 10:46:00,8.4
2025-06-12 12:06:00,85.8
2025-06-12 14:54:00,15.2
2025-06-12 14:00:00,34.0
2025-06-12 14:45:00,34.7
2025-06-12 07:14:00,15.5
2025-06-12 10:22:00,50.400661703887515
2025-06-12 00:13:00,17.0
2025-06-12 04:24:00,51.0
2025-06-12 00:14:00,82.5
2025-06-12 16:34:00,78.8
2025-06-12 23:25:00,40.7
2025-06-12 15:48:00,80.9
2025-06-12 11:06:00,22.6
2025-06-12 16:18:00,18.8
2025-06-12 09:29:00,88.8
2025-06-12 08:18:00,50.400661703887515
2025-06-12 00:01:00,54.0
2025-06-12 20:15:00,77.4
2025-06-12 23:54:00,15.3
2025-06-12 08:12:00,19.7
2025-06-12 06:28:00,83.1
2025-06-12 21:20:00,56.8
2025-06-12 18:06:00,31.1
2025-06-12 14:31:00,82.7
2025-06-12 02:50:00,27.6
2025-06-12 07:13:00,30.2
2025-06-12 17:13:00,18.5
2025-06-12 04:24:00,50.400661703887515
2025-06-12 09:56:00,91.7
2025-06-12 04:26:00,68.3
2025-06-12 10:54:00,51.9
2025-06-12 13:40:00,7.3
2025-06-12 17:02:00,66.1
2025-06-12 00:58:00,90.0
2025-06-12 15:19:00,50.400661703887515
2025-06-12 11:13:00,70.2
2025-06-12 04:47:00,93.1
2025-06-12 02:19:00,55.5
2025-06-12 01:41:00,50.400661703887515
2025-06-12 03:42:00,46.0
2025-06-12 00:19:00,53.9
2025-06-12 18:04:00,50.400661703887515
2025-06-12 16:29:00,61.7
2025-06-12 00:48:00,50.400661703887515
2025-06-12 13:21:00,90.9
2025-06-12 21:46:00,94.6
2025-06-12 19:52:00,50.400661703887515
2025-06-12 15:20:00,17.5
2025-06-12 15:13:00,48.4
2025-06-12 20:00:00,12.2
2025-06-12 16:03:00,50.400661703887515
2025-06-12 11:52:00,9.6
2025-06-12 16:22:00,20.1
2025-06-12 07:03:00,93.6
2025-06-12 14:37:00,68.9
2025-06-12 00:49:00,1.4
2025-06-12 21:21:00,36.8
2025-06-12 13:19:00,27.6
2025-06-12 06:38:00,51.0
2025-06-12 03:33:00,99.0
2025-06-12 08:27:00,55.9
2025-06-12 23:53:00,12.4
2025-06-12 20:48:00,70.3
2025-06-12 18:05:00,78.0
2025-06-12 03:41:00,41.2
2025-06-12 12:50:00,46.6
2025-06-12 07:51:00,75.8
2025-06-12 08:07:00,32.7
2025-06-12 20:14:00,50.400661703887515
2025-06-12 00:04:00,50.400661703887515
2025-06-12 02:01:00,50.400661703887515
2025-06-12 20:00:00,30.7
2025-06-12 02:23:00,19.7
2025-06-12 19:10:00,74.6
2025-06-12 09:44:00,50.400661703887515
2025-06-12 03:09:00,46.8
2025-06-12 03:02:00,36.2
2025-06-12 19:15:00,81.1
2025-06-12 16:55:00,63.0
2025-06-12 22:28:00,23.0
2025-06-12 12:58:00,50.400661703887515
2025-06-12 01:01:00,50.400661703887515
2025-06-12 18:02:00,82.9
2025-06-12 16:08:00,50.400661703887515
2025-06-12 09:53:00,2.1
2025-06-12 13:07:00,50.400661703887515
2025-06-12 10:41:00,68.7
2025-06-12 12:21:00,29.8
2025-06-12 23:53:00,40.3
2025-06-12 04:56:00,45.8
2025-06-12 15:38:00,50.400661703887515
2025-06-12 12:46:00,46.2
2025-06-12 06:32:00,82.7
2025-06-12 08:57:00,0.0
2025-06-12 12:01:00,51.6
2025-06-12 18:50:00,56.9
2025-06-12 22:17:00,4.5
2025-06-12 06:06:00,89.5
2025-06-12 03:08:00,94.5
2025-06-12 00:24:00,64.5
2025-06-12 05:15:00,85.3
2025-06-12 04:42:00,33.1
2025-06-12 07:39:00,77.2
2025-06-12 10:04:00,71.5
2025-06-12 15:28:00,29.3
2025-06-12 18:33:00,21.9
2025-06-12 01:20:00,81.0
2025-06-12 01:42:00,10.1
2025-06-12 16:57:00,59.9
2025-06-12 05:58:00,40.9
2025-06-12 06:31:00,50.400661703887515
2025-06-12 18:28:00,9.2
2025-06-12 19:14:00,20.0
2025-06-12 19:25:00,39.3
2025-06-12 10:12:00,2.6
2025-06-12 01:37:00,92.1
2025-06-12 07:15:00,10.7
2025-06-12 16:46:00,82.9
2025-06-12 07:38:00,15.5
2025-06-12 04:50:00,52.2
2025-06-12 09:39:00,15.9
2025-06-12 11:00:00,52.4
2025-06-12 21:10:00,14.1
2025-06-12 13:44:00,50.400661703887515
2025-06-12 20:18:00,89.8
2025-06-12 21:40:00,73.9
2025-06-12 07:59:00,24.0
2025-06-12 02:04:00,50.400661703887515
2025-06-12 11:18:00,63.0
2025-06-12 18:22:00,99.2
2025-06-12 17:34:00,3.3
2025-06-12 18:30:00,37.7
2025-06-12 09:06:00,63.3
2025-06-12 01:07:00,73.4
2025-06-12 11:43:00,23.3
2025-06-12 15:13:00,73.9
2025-06-12 01:30:00,3.1
2025-06-12 22:45:00,33.5
2025-06-12 08:53:00,19.6
2025-06-12 02:27:00,50.400661703887515
2025-06-12 06:57:00,97.7
2025-06-12 22:26:00,56.2
2025-06-12 18:02:00,32.2
2025-06-12 07:39:00,29.4
2025-06-12 04:31:00,84.9
2025-06-12 06:08:00,24.2
2025-06-12 09:04:00,62.9
2025-06-12 22:27:00,11.3
2025-06-12 10:56:00,50.400661703887515
2025-06-12 08:22:00,64.4
2025-06-12 11:55:00,93.4
2025-06-12 12:59:00,41.5
2025-06-12 03:32:00,49.84418741885991
2025-06-12 06:54:00,1.0
2025-06-12 15:39:00,19.0
2025-06-12 04:16:00,48.9
2025-06-12 15:19:00,1.4
2025-06-12 06:33:00,82.2
2025-06-12 20:45:00,49.84418741885991
2025-06-12 01:48:00,94.1
2025-06-12 17:55:00,14.5
2025-06-12 02:31:00,46.1
2025-06-12 08:05:00,13.5
2025-06-12 00:33:00,27.4
2025-06-12 10:57:00,84.1
2025-06-12 20:59:00,49.84418741885991
2025-06-12 14:46:00,82.9
2025-06-12 03:47:00,7.4
2025-06-12 03:08:00,49.84418741885991
2025-06-12 22:50:00,49.84418741885991
2025-06-12 06:14:00,6.9
2025-06-12 22:44:00,83.4
2025-06-12 06:59:00,91.0
2025-06-12 15:10:00,2.4
2025-06-12 21:39:00,30.6
2025-06-12 19:08:00,90.7
2025-06-12 07:55:00,32.3
2025-06-12 22:48:00,54.6
2025-06-12 19:39:00,74.8
2025-06-12 01:13:00,49.84418741885991
2025-06-12 20:14:00,49.84418741885991
2025-06-12 03:10:00,62.3
2025-06-12 17:36:00,49.84418741885991
2025-06-12 23:21:00,76.9
2025-06-12 19:44:00,37.9
2025-06-12 03:51:00,80.0
2025-06-12 17:44:00,2.4
2025-06-12 07:11:00,32.9
2025-06-12 08:02:00,66.9
2025-06-12 08:58:00,95.1
2025-06-12 05:56:00,22.9
2025-06-12 20:56:00,73.8
2025-06-12 06:58:00,98.8
2025-06-12 06:11:00,50.0
2025-06-12 16:04:00,68.6
2025-06-12 13:59:00,92.1
2025-06-12 00:50:00,64.8
2025-06-12 09:54:00,74.0
2025-06-12 21:31:00,23.3
2025-06-12 13:15:00,1.6
2025-06-12 20:31:00,43.9
2025-06-12 10:46:00,65.4
2025-06-12 08:36:00,28.0
2025-06-12 14:24:00,23.0
2025-06-12 14:31:00,86.0
2025-06-12 22:11:00,26.0
2025-06-12 16:41:00,49.84418741885991
2025-06-12 01:08:00,34.5
2025-06-12 17:38:00,55.7
2025-06-12 11:46:00,72.5
2025-06-12 13:49:00,39.9
2025-06-12 06:25:00,62.0
2025-06-12 23:46:00,23.3
2025-06-12 09:46:00,86.5
2025-06-12 05:24:00,9.5
2025-06-12 20:59:00,83.9
2025-06-12 10:46:00,74.0
2025-06-12 22:16:00,66.6
2025-06-12 17:53:00,0.5
2025-06-12 19:59:00,57.6
2025-06-12 11:33:00,4.4
2025-06-12 08:26:00,27.9
2025-06-12 11:42:00,32.9
2025-06-12 07:17:00,14.2
2025-06-12 19:04:00,53.6
2025-06-12 13:02:00,41.2
2025-06-12 05:52:00,71.6
2025-06-12 03:02:00,81.8
2025-06-12 20:18:00,92.8
2025-06-12 06:58:00,26.3
2025-06-12 04:29:00,93.1
2025-06-12 14:14:00,49.84418741885991
2025-06-12 01:32:00,49.84418741885991
2025-06-12 19:02:00,49.84418741885991
2025-06-12 23:24:00,9.9
2025-06-12 19:27:00,46.0
2025-06-12 20:53:00,50.2
2025-06-12 15:37:00,49.84418741885991
2025-06-12 09:42:00,96.0
2025-06-12 23:34:00,37.3
2025-06-12 02:01:00,88.6
2025-06-12 22:00:00,46.0
2025-06-12 05:40:00,49.84418741885991
2025-06-12 11:46:00,73.2
2025-06-12 00:10:00,9.0
2025-06-12 06:08:00,49.84418741885991
2025-06-12 18:32:00,92.7
2025-06-12 09:08:00,91.8
2025-06-12 07:46:00,11.4
2025-06-12 08:07:00,57.5
2025-06-12 11:08:00,64.9
2025-06-12 05:08:00,47.0
2025-06-12 04:32:00,49.84418741885991
2025-06-12 07:28:00,94.4
2025-06-12 09:59:00,64.3
2025-06-12 12:27:00,54.0
2025-06-12 16:40:00,49.84418741885991
2025-06-12 02:52:00,32.3
2025-06-12 12:34:00,19.1
2025-06-12 07:27:00,56.9
2025-06-12 11:21:00,47.0
2025-06-12 14:39:00,49.84418741885991
2025-06-12 06:17:00,26.3
2025-06-12 00:46:00,4.4
2025-06-12 06:36:00,98.7
2025-06-12 21:57:00,44.3
2025-06-12 16:29:00,3.2
2025-06-12 00:33:00,84.6
2025-06-12 20:52:00,14.1
2025-06-12 14:11:00,88.2
2025-06-12 07:34:00,68.7
2025-06-12 05:21:00,73.6
2025-06-12 13:55:00,49.84418741885991
2025-06-12 09:18:00,5.8
2025-06-12 01:04:00,30.4
2025-06-12 01:11:00,82.3
2025-06-12 15:18:00,49.84418741885991
2025-06-12 02:54:00,43.5
2025-06-12 11:06:00,9.9
2025-06-12 03:22:00,0.0
2025-06-12 09:18:00,25.9
2025-06-12 14:25:00,95.4
2025-06-12 03:27:00,93.8
2025-06-12 03:39:00,49.84418741885991
2025-06-12 00:11:00,43.6
2025-06-12 20:44:00,68.2
2025-06-12 12:36:00,28.6
2025-06-12 09:17:00,16.5
2025-06-12 06:31:00,13.1
2025-06-12 11:19:00,40.1
2025-06-12 16:02:00,78.8
2025-06-12 09:38:00,11.0
2025-06-12 13:17:00,40.0
2025-06-12 02:26:00,28.9
2025-06-12 01:41:00,92.8
2025-06-12 13:22:00,94.4
2025-06-12 10:12:00,40.8
2025-06-12 09:57:00,78.8
2025-06-12 02:57:00,56.2
2025-06-12 17:44:00,92.6
2025-06-12 11:56:00,0.3
2025-06-12 22:10:00,76.5
2025-06-12 13:30:00,49.2
2025-06-12 06:16:00,31.9
2025-06-12 17:58:00,26.3
2025-06-12 16:36:00,66.6
2025-06-12 19:01:00,64.2
2025-06-12 14:59:00,49.84418741885991
2025-06-12 03:33:00,95.4
2025-06-12 21:29:00,95.4
2025-06-12 06:29:00,82.0
2025-06-12 06:45:00,47.9
2025-06-12 11:27:00,52.6
2025-06-12 19:39:00,49.84418741885991
2025-06-12 23:34:00,65.5
2025-06-12 07:00:00,49.84418741885991
2025-06-12 23:57:00,24.4
2025-06-12 12:05:00,49.84418741885991
2025-06-12 11:57:00,85.7
2025-06-12 21:23:00,19.5
2025-06-12 07:06:00,33.5
2025-06-12 19:32:00,68.1
2025-06-12 01:57:00,47.3
2025-06-12 08:07:00,52.7
2025-06-12 13:01:00,63.9
2025-06-12 01:10:00,7.6
2025-06-12 00:32:00,94.8
2025-06-12 17:40:00,99.8
2025-06-12 13:46:00,57.5
2025-06-12 03:11:00,76.7
2025-06-12 03:51:00,61.8
2025-06-12 11:41:00,60.4
2025-06-12 15:09:00,88.1
2025-06-12 07:41:00,10.5
2025-06-12 08:49:00,34.0
2025-06-12 05:40:00,35.0
2025-06-12 15:44:00,96.2
2025-06-12 06:25:00,49.84418741885991
2025-06-12 06:14:00,39.3
2025-06-12 17:17:00,44.4
2025-06-12 19:06:00,20.2
2025-06-12 05:38:00,67.4
2025-06-12 17:52:00,49.84418741885991
2025-06-12 10:33:00,76.8
2025-06-12 16:35:00,71.7
2025-06-12 01:45:00,51.9
2025-06-12 23:26:00,20.3
2025-06-12 17:17:00,85.4
2025-06-12 16:03:00,17.8
2025-06-12 10:44:00,33.9
2025-06-12 14:14:00,33.5
2025-06-12 18:57:00,49.84418741885991
2025-06-12 01:31:00,67.6
2025-06-12 18:38:00,55.4
2025-06-12 22:33:00,49.84418741885991
2025-06-12 02:50:00,54.3
2025-06-12 16:33:00,49.84418741885991
2025-06-12 13:55:00,31.3
2025-06-12 05:52:00,49.84418741885991
2025-06-12 16:32:00,0.6
2025-06-12 23:20:00,10.7
2025-06-12 19:21:00,7.6
2025-06-12 08:41:00,8.0
2025-06-12 19:06:00,49.84418741885991
2025-06-12 13:36:00,66.3
2025-06-12 22:12:00,65.9
2025-06-12 18:15:00,81.5
2025-06-12 08:36:00,33.1
2025-06-12 15:15:00,49.84418741885991
2025-06-12 11:02:00,77.8
2025-06-12 23:00:00,52.7
2025-06-12 08:38:00,92.9
2025-06-12 20:07:00,58.5
2025-06-12 03:23:00,22.4
2025-06-12 15:24:00,75.4
2025-06-12 14:31:00,98.0
2025-06-12 05:57:00,60.1
2025-06-12 13:37:00,51.1
2025-06-12 19:13:00,25.4
2025-06-12 18:29:00,13.2
2025-06-12 13:24:00,90.8
2025-06-12 02:13:00,49.84418741885991
2025-06-12 15:57:00,99.8
2025-06-12 16:00:00,49.84418741885991
2025-06-12 22:51:00,72.4
2025-06-12 21:22:00,52.2
2025-06-12 07:15:00,63.7
2025-06-12 14:49:00,37.7
2025-06-12 12:22:00,67.9
2025-06-12 22:54:00,13.1
2025-06-12 10:29:00,2.1
2025-06-12 00:45:00,49.84418741885991
2025-06-12 11:55:00,12.3
2025-06-12 23:47:00,49.84418741885991
2025-06-12 18:06:00,73.9
2025-06-12 14:03:00,75.9
2025-06-12 10:58:00,25.6
2025-06-12 06:27:00,46.3
2025-06-12 02:54:00,3.7
2025-06-12 23:35:00,62.1
2025-06-12 06:31:00,47.2
2025-06-12 12:18:00,35.9
2025-06-12 15:49:00,53.4
2025-06-12 21:10:00,60.7
2025-06-12 19:47:00,49.84418741885991
2025-06-12 21:22:00,45.7
2025-06-12 06:26:00,49.84418741885991
2025-06-12 22:34:00,77.2
2025-06-12 05:54:00,66.4
2025-06-12 01:21:00,96.9
2025-06-12 22:26:00,75.4
2025-06-12 20:33:00,30.9
2025-06-12 17:25:00,68.4
2025-06-12 22:45:00,35.6
2025-06-12 02:43:00,38.7
2025-06-12 09:34:00,63.2
2025-06-12 13:12:00,95.1
2025-06-12 20:11:00,29.1
2025-06-12 01:57:00,28.7
2025-06-12 16:16:00,13.8
2025-06-12 06:34:00,37.1
2025-06-12 22:07:00,13.2
2025-06-12 05:32:00,2.0
2025-06-12 12:29:00,32.3
2025-06-12 05:27:00,96.3
2025-06-12 00:34:00,49.84418741885991
2025-06-12 06:41:00,35.1
2025-06-12 19:43:00,20.5
2025-06-12 08:19:00,42.3
2025-06-12 23:08:00,7.3
2025-06-12 04:23:00,29.6
2025-06-12 02:33:00,26.4
2025-06-12 16:34:00,49.84418741885991
2025-06-12 17:50:00,74.6
2025-06-12 21:13:00,52.6
2025-06-12 05:43:00,86.7
2025-06-12 17:31:00,7.8
2025-06-12 09:31:00,10.7
2025-06-12 06:27:00,26.8
2025-06-12 14:14:00,24.4
2025-06-12 00:56:00,55.0
2025-06-12 00:08:00,3.9
2025-06-12 19:00:00,22.9
2025-06-12 18:18:00,49.84418741885991
2025-06-12 16:22:00,35.7
2025-06-12 18:23:00,44.4
2025-06-12 18:27:00,55.2
2025-06-12 16:04:00,96.3
2025-06-12 03:26:00,28.1
2025-06-12 02:53:00,52.9
2025-06-12 09:05:00,54.6
2025-06-12 22:56:00,77.2
2025-06-12 14:04:00,34.0
2025-06-12 14:56:00,96.6
2025-06-12 01:06:00,14.2
2025-06-12 16:16:00,11.3
2025-06-12 10:46:00,65.0
2025-06-12 01:37:00,32.3
2025-06-12 05:07:00,98.1
2025-06-12 02:39:00,38.9
2025-06-12 06:20:00,57.9
2025-06-12 10:50:00,49.84418741885991
2025-06-12 12:31:00,59.9
2025-06-12 01:32:00,43.5
2025-06-12 14:33:00,14.0
2025-06-12 01:14:00,29.3
2025-06-12 18:20:00,94.7
2025-06-12 07:43:00,94.0
2025-06-12 06:28:00,53.7
2025-06-12 05:54:00,89.9
2025-06-12 15:51:00,32.7
2025-06-12 09:51:00,14.0
2025-06-12 07:58:00,64.1
2025-06-12 04:16:00,58.4
2025-06-12 18:59:00,0.6
2025-06-12 18:18:00,58.4
2025-06-12 14:50:00,67.8
2025-06-12 20:01:00,58.5
2025-06-12 06:13:00,3.0
2025-06-12 12:59:00,46.2
2025-06-12 08:01:00,75.6
2025-06-12 21:10:00,18.7
2025-06-12 11:48:00,5.0
2025-06-12 04:37:00,40.1
2025-06-12 13:25:00,59.7
2025-06-12 04:10:00,6.5
2025-06-12 19:06:00,28.0
2025-06-12 04:31:00,61.4
2025-06-12 02:17:00,50.31892714921527
2025-06-12 08:56:00,89.8
2025-06-12 15:39:00,10.0
2025-06-12 04:51:00,54.5
2025-06-12 07:24:00,0.8
2025-06-12 04:19:00,23.2
2025-06-12 01:04:00,65.7
2025-06-12 10:22:00,50.31892714921527
2025-06-12 09:41:00,50.31892714921527
2025-06-12 22:14:00,84.6
2025-06-12 14:31:00,61.6
2025-06-12 22:24:00,4.7
2025-06-12 03:56:00,89.3
2025-06-12 18:14:00,50.31892714921527
2025-06-12 08:30:00,50.31892714921527
2025-06-12 18:00:00,46.8
2025-06-12 13:01:00,94.1
2025-06-12 07:32:00,37.4
2025-06-12 02:46:00,83.4
2025-06-12 06:37:00,64.0
2025-06-12 22:59:00,5.3
2025-06-12 11:49:00,62.1
2025-06-12 17:19:00,50.2
2025-06-12 15:39:00,37.0
2025-06-12 03:56:00,35.2
2025-06-12 10:27:00,32.0
2025-06-12 10:59:00,11.0
2025-06-12 18:32:00,10.0
2025-06-12 06:36:00,66.1
2025-06-12 01:21:00,64.9
2025-06-12 04:43:00,66.1
2025-06-12 16:32:00,62.5
2025-06-12 11:32:00,26.9
2025-06-12 15:36:00,78.6
2025-06-12 05:12:00,19.1
2025-06-12 18:18:00,50.0
2025-06-12 13:31:00,50.31892714921527
2025-06-12 01:30:00,94.9
2025-06-12 08:59:00,26.4
2025-06-12 17:42:00,57.4
2025-06-12 21:13:00,37.8
2025-06-12 08:05:00,60.7
2025-06-12 13:21:00,74.3
2025-06-12 19:03:00,6.7
2025-06-12 03:22:00,83.6
2025-06-12 19:15:00,50.31892714921527
2025-06-12 20:44:00,43.1
2025-06-12 17:28:00,93.3
2025-06-12 11:17:00,44.3
2025-06-12 03:10:00,24.5
2025-06-12 03:11:00,41.2
2025-06-12 01:35:00,50.31892714921527
2025-06-12 14:03:00,88.1
2025-06-12 01:06:00,73.0
2025-06-12 09:29:00,70.9
2025-06-12 00:47:00,17.5
2025-06-12 01:12:00,16.8
2025-06-12 05:16:00,90.7
2025-06-12 02:28:00,35.7
2025-06-12 04:36:00,33.6
2025-06-12 00:41:00,61.0
2025-06-12 21:39:00,61.2
2025-06-12 10:55:00,67.8
2025-06-12 20:22:00,59.2
2025-06-12 00:57:00,21.0
2025-06-12 14:18:00,67.2
2025-06-12 21:11:00,78.6
2025-06-12 23:41:00,51.5
2025-06-12 18:15:00,56.9
2025-06-12 12:45:00,63.1
2025-06-12 14:27:00,46.6
2025-06-12 15:19:00,25.5
2025-06-12 14:03:00,0.5
2025-06-12 08:39:00,73.7
2025-06-12 11:13:00,71.0
2025-06-12 09:45:00,50.31892714921527
2025-06-12 00:26:00,3.1
2025-06-12 03:18:00,4.1
2025-06-12 11:30:00,56.0
2025-06-12 13:29:00,94.7
2025-06-12 05:05:00,61.9
2025-06-12 01:46:00,83.0
2025-06-12 04:42:00,14.1
2025-06-12 08:41:00,50.31892714921527
2025-06-12 21:20:00,32.5
2025-06-12 04:20:00,6.6
2025-06-12 03:21:00,70.6
2025-06-12 18:16:00,91.9
2025-06-12 18:46:00,58.3
2025-06-12 10:09:00,50.31892714921527
2025-06-12 19:43:00,60.1
2025-06-12 14:41:00,85.8
2025-06-12 02:29:00,62.3
2025-06-12 02:07:00,89.1
2025-06-12 11:00:00,74.0
2025-06-12 01:29:00,64.0
2025-06-12 15:28:00,93.9
2025-06-12 02:55:00,5.1
2025-06-12 15:48:00,28.4
2025-06-12 09:39:00,49.9
2025-06-12 22:35:00,15.7
2025-06-12 06:51:00,23.1
2025-06-12 10:12:00,50.31892714921527
2025-06-12 01:47:00,58.2
2025-06-12 01:06:00,20.7
2025-06-12 08:16:00,80.9
2025-06-12 03:23:00,61.9
2025-06-12 08:31:00,38.0
2025-06-12 09:26:00,98.2
2025-06-12 16:15:00,71.4
2025-06-12 12:30:00,95.6
2025-06-12 15:54:00,80.8
2025-06-12 00:24:00,24.3
2025-06-12 20:10:00,84.2
2025-06-12 20:45:00,42.9
2025-06-12 05:33:00,12.9
2025-06-12 00:02:00,50.31892714921527
2025-06-12 10:01:00,96.5
2025-06-12 20:00:00,26.3
2025-06-12 01:07:00,50.31892714921527
2025-06-12 16:05:00,24.7
2025-06-12 05:07:00,55.4
2025-06-12 12:41:00,67.1
2025-06-12 12:20:00,44.7
2025-06-12 19:14:00,4.1
2025-06-12 22:39:00,27.2
2025-06-12 02:23:00,8.7
2025-06-12 10:16:00,49.5
2025-06-12 17:02:00,86.4
2025-06-12 05:37:00,8.6
2025-06-12 03:17:00,15.8
2025-06-12 20:42:00,65.8
2025-06-12 14:40:00,50.31892714921527
2025-06-12 01:05:00,74.3
2025-06-12 00:34:00,99.8
2025-06-12 20:10:00,99.7
2025-06-12 17:02:00,28.3
2025-06-12 13:20:00,92.1
2025-06-12 06:14:00,63.8
2025-06-12 15:26:00,50.31892714921527
2025-06-12 03:16:00,6.4
2025-06-12 11:34:00,50.31892714921527
2025-06-12 03:35:00,39.7
2025-06-12 16:12:00,74.7
2025-06-12 05:51:00,5.4
2025-06-12 19:04:00,36.0
2025-06-12 10:47:00,50.4
2025-06-12 19:27:00,10.3
2025-06-12 11:44:00,50.31892714921527
2025-06-12 17:59:00,50.31892714921527
2025-06-12 08:18:00,51.9
2025-06-12 02:06:00,69.7
2025-06-12 14:29:00,55.4
2025-06-12 03:33:00,74.9
2025-06-12 07:07:00,92.6
2025-06-12 15:05:00,49.8
2025-06-12 18:49:00,80.4
2025-06-12 03:50:00,83.2
2025-06-12 21:03:00,34.8
2025-06-12 09:09:00,37.4
2025-06-12 01:21:00,59.9
2025-06-12 13:29:00,44.2
2025-06-12 08:47:00,8.6
2025-06-12 17:34:00,68.1
2025-06-12 01:22:00,75.9
2025-06-12 18:16:00,44.9
2025-06-12 20:18:00,50.31892714921527
2025-06-12 17:42:00,57.9
2025-06-12 19:29:00,0.9
2025-06-12 04:17:00,87.3
2025-06-12 07:29:00,54.4
2025-06-12 06:39:00,37.0
2025-06-12 04:51:00,56.6
2025-06-12 23:20:00,92.2
2025-06-12 05:40:00,41.4
2025-06-12 04:12:00,49.3
2025-06-12 19:37:00,64.0
2025-06-12 20:42:00,92.0
2025-06-12 10:23:00,91.8
2025-06-12 03:37:00,46.8
2025-06-12 04:56:00,76.6
2025-06-12 09:35:00,50.31892714921527
2025-06-12 17:45:00,72.3
2025-06-12 13:20:00,42.3
2025-06-12 04:43:00,50.31892714921527
2025-06-12 05:43:00,53.7
2025-06-12 14:40:00,32.1
2025-06-12 01:03:00,90.8
2025-06-12 00:55:00,57.8
2025-06-12 11:28:00,74.3
2025-06-12 09:38:00,21.5
2025-06-12 21:42:00,99.7
2025-06-12 13:53:00,59.3
2025-06-12 03:34:00,32.4
2025-06-12 12:16:00,26.1
2025-06-12 11:04:00,50.31892714921527
2025-06-12 06:28:00,53.3
2025-06-12 14:19:00,45.6
2025-06-12 18:23:00,4.9
2025-06-12 04:05:00,68.8
2025-06-12 20:56:00,50.9
2025-06-12 16:37:00,23.0
2025-06-12 17:21:00,7.1
2025-06-12 15:59:00,28.2
2025-06-12 13:37:00,59.5
2025-06-12 00:13:00,86.5
2025-06-12 14:45:00,69.9
2025-06-12 19:57:00,50.31892714921527
2025-06-12 18:27:00,59.4
2025-06-12 08:17:00,68.5
2025-06-12 10:44:00,50.31892714921527
2025-06-12 08:51:00,50.31892714921527
2025-06-12 08:32:00,93.9
2025-06-12 15:35:00,93.8
2025-06-12 06:54:00,50.31892714921527
2025-06-12 06:11:00,56.8
2025-06-12 13:35:00,29.9
2025-06-12 01:07:00,37.3
2025-06-12 21:41:00,97.8
2025-06-12 03:32:00,50.31892714921527
2025-06-12 03:55:00,7.2
2025-06-12 08:27:00,40.0
2025-06-12 18:30:00,8.9
2025-06-12 23:17:00,77.0
2025-06-12 02:22:00,63.8
2025-06-12 21:18:00,24.6
2025-06-12 08:56:00,58.5
2025-06-12 15:19:00,50.31892714921527
2025-06-12 07:06:00,50.31892714921527
2025-06-12 13:17:00,54.1
2025-06-12 13:22:00,85.3
2025-06-12 10:30:00,86.6
2025-06-12 07:55:00,50.31892714921527
2025-06-12 20:53:00,50.31892714921527
2025-06-12 04:22:00,13.3
2025-06-12 00:22:00,71.6
2025-06-12 15:31:00,92.3
2025-06-12 02:22:00,24.3
2025-06-12 17:00:00,67.3
2025-06-12 18:35:00,30.4
2025-06-12 06:10:00,50.31892714921527
2025-06-12 03:08:00,1.9
2025-06-12 04:41:00,70.7
2025-06-12 06:55:00,71.7
2025-06-12 01:59:00,50.31892714921527
2025-06-12 15:38:00,45.2
2025-06-12 10:35:00,50.31892714921527
2025-06-12 14:05:00,41.8
2025-06-12 19:39:00,61.7
2025-06-12 16:54:00,46.7
2025-06-12 11:34:00,67.6
2025-06-12 13:21:00,58.4
2025-06-12 13:00:00,45.5
2025-06-12 21:33:00,91.5
2025-06-12 15:17:00,50.31892714921527
2025-06-12 16:16:00,95.6
2025-06-12 08:27:00,45.2
2025-06-12 18:58:00,62.3
2025-06-12 12:33:00,87.3
2025-06-12 00:46:00,97.3
2025-06-12 06:32:00,61.8
2025-06-12 02:22:00,35.5
2025-06-12 20:38:00,12.6
2025-06-12 01:14:00,36.4
2025-06-12 11:00:00,56.0
2025-06-12 10:04:00,43.2
2025-06-12 08:44:00,4.0
2025-06-12 22:59:00,75.6
2025-06-12 23:13:00,17.4
2025-06-12 11:54:00,31.6
2025-06-12 14:45:00,50.2
2025-06-12 07:10:00,12.6
2025-06-12 19:36:00,63.6
2025-06-12 20:18:00,4.9
2025-06-12 02:53:00,50.31892714921527
2025-06-12 20:11:00,50.31892714921527
2025-06-12 03:14:00,98.3
2025-06-12 08:58:00,12.3
2025-06-12 15:51:00,14.6
2025-06-12 15:19:00,57.5
2025-06-12 05:31:00,40.5
2025-06-12 10:00:00,15.6
2025-06-12 01:53:00,60.9
2025-06-12 07:29:00,30.1
2025-06-12 10:15:00,91.7
2025-06-12 06:37:00,60.6
2025-06-12 00:39:00,98.3
2025-06-12 05:47:00,97.8
2025-06-12 16:13:00,77.0
2025-06-12 04:34:00,29.0
2025-06-12 18:50:00,50.31892714921527
2025-06-12 11:22:00,88.6
2025-06-12 05:16:00,17.5
2025-06-12 04:40:00,24.7
2025-06-12 11:34:00,14.1
2025-06-12 15:32:00,1.8
2025-06-12 16:25:00,41.3
2025-06-12 17:47:00,10.2
2025-06-12 19:29:00,50.31892714921527
2025-06-12 00:52:00,52.2
2025-06-12 14:12:00,30.9
2025-06-12 00:06:00,33.6
2025-06-12 03:48:00,95.7
2025-06-12 11:36:00,64.2
2025-06-12 14:09:00,43.7
2025-06-12 16:54:00,86.2
2025-06-12 22:52:00,68.4
2025-06-12 03:16:00,50.31892714921527
2025-06-12 06:06:00,50.31892714921527
2025-06-12 22:12:00,11.3
2025-06-12 00:25:00,50.31892714921527
2025-06-12 21:57:00,33.0
2025-06-12 14:20:00,41.9
2025-06-12 18:40:00,25.7
2025-06-12 21:54:00,62.9
2025-06-12 14:19:00,87.9
2025-06-12 23:50:00,36.5
2025-06-12 07:36:00,27.5
2025-06-12 17:09:00,9.6
2025-06-12 15:55:00,19.0
2025-06-12 06:30:00,54.9
2025-06-12 02:11:00,55.4
2025-06-12 11:31:00,68.1
2025-06-12 22:08:00,52.4
2025-06-12 23:14:00,98.1
2025-06-12 01:37:00,60.6
2025-06-12 19:49:00,46.6
2025-06-12 03:20:00,45.1
2025-06-12 07:53:00,83.9
2025-06-12 11:22:00,14.4
2025-06-12 22:00:00,51.6
2025-06-12 23:40:00,50.31892714921527
2025-06-12 14:51:00,53.4
2025-06-12 23:15:00,54.2
2025-06-12 13:03:00,50.31892714921527
2025-06-12 11:53:00,91.3
2025-06-12 12:49:00,68.9
2025-06-12 23:20:00,15.0
2025-06-12 19:13:00,7.5
2025-06-12 18:35:00,17.0
2025-06-12 17:30:00,78.4
2025-06-12 22:53:00,50.31892714921527
2025-06-12 16:01:00,76.6
2025-06-12 19:23:00,19.1
2025-06-12 09:39:00,95.3
2025-06-12 16:11:00,6.5
2025-06-12 01:51:00,67.3
2025-06-12 22:50:00,64.2
2025-06-12 03:46:00,69.0
2025-06-12 03:51:00,50.31892714921527
2025-06-12 01:12:00,27.2
2025-06-12 10:21:00,26.8
2025-06-12 01:59:00,50.31892714921527
2025-06-12 01:30:00,24.8
2025-06-12 11:18:00,36.5
2025-06-12 15:08:00,1.1
2025-06-12 23:05:00,50.9
2025-06-12 11:38:00,25.6
2025-06-12 19:16:00,96.0
2025-06-12 19:58:00,99.4
2025-06-12 01:00:00,42.7
2025-06-12 06:33:00,57.1
2025-06-12 14:43:00,97.9
2025-06-12 22:10:00,20.7
2025-06-12 14:38:00,43.7
2025-06-12 09:36:00,88.3
2025-06-12 23:30:00,96.6
2025-06-12 20:07:00,31.1
2025-06-12 20:02:00,8.3
2025-06-12 22:17:00,6.1
2025-06-12 06:43:00,88.8
2025-06-12 17:34:00,30.3
2025-06-12 11:04:00,49.91221338324755
2025-06-12 09:03:00,70.6
2025-06-12 07:51:00,9.1
2025-06-12 07:28:00,23.8
2025-06-12 10:03:00,77.0
2025-06-12 00:04:00,5.4
2025-06-12 14:25:00,42.8
2025-06-12 19:09:00,8.4
2025-06-12 16:40:00,30.0
2025-06-12 16:19:00,34.8
2025-06-12 01:15:00,0.3
2025-06-12 15:42:00,88.4
2025-06-12 02:46:00,5.9
2025-06-12 14:23:00,75.2
2025-06-12 03:40:00,55.7
2025-06-12 22:49:00,57.5
2025-06-12 14:37:00,49.91221338324755
2025-06-12 10:02:00,59.9
2025-06-12 18:33:00,53.7
2025-06-12 08:05:00,47.0
2025-06-12 05:19:00,17.0
2025-06-12 09:06:00,49.91221338324755
2025-06-12 12:44:00,21.3
2025-06-12 01:07:00,33.8
2025-06-12 05:46:00,49.91221338324755
2025-06-12 22:03:00,18.4
2025-06-12 22:01:00,89.7
2025-06-12 14:44:00,47.6
2025-06-12 05:25:00,96.6
2025-06-12 15:43:00,51.1
2025-06-12 06:58:00,63.5
2025-06-12 03:25:00,14.3
2025-06-12 10:26:00,97.7
2025-06-12 07:12:00,39.8
2025-06-12 19:06:00,98.2
2025-06-12 21:04:00,28.6
2025-06-12 18:28:00,4.3
2025-06-12 15:03:00,51.5
2025-06-12 20:47:00,65.4
2025-06-12 17:06:00,31.4
2025-06-12 18:58:00,49.91221338324755
2025-06-12 01:21:00,46.7
2025-06-12 19:12:00,29.9
2025-06-12 06:18:00,90.5
2025-06-12 23:47:00,13.7
2025-06-12 23:20:00,9.4
2025-06-12 01:03:00,49.0
2025-06-12 13:03:00,5.7
2025-06-12 17:07:00,89.0
2025-06-12 04:58:00,97.1
2025-06-12 07:59:00,89.9
2025-06-12 09:00:00,9.9
2025-06-12 20:10:00,49.1
2025-06-12 11:01:00,22.5
2025-06-12 00:42:00,12.0
2025-06-12 22:24:00,18.3
2025-06-12 00:22:00,22.0
2025-06-12 17:44:00,9.8
2025-06-12 09:06:00,59.0
2025-06-12 23:11:00,83.0
2025-06-12 19:03:00,15.6
2025-06-12 05:06:00,15.2
2025-06-12 21:38:00,49.91221338324755
2025-06-12 07:12:00,96.5
2025-06-12 17:37:00,41.5
2025-06-12 04:56:00,3.6
2025-06-12 03:10:00,14.6
2025-06-12 23:35:00,49.91221338324755
2025-06-12 11:34:00,42.5
2025-06-12 06:02:00,49.91221338324755
2025-06-12 07:35:00,87.0
2025-06-12 04:12:00,90.2
2025-06-12 02:32:00,0.2
2025-06-12 14:38:00,83.1
2025-06-12 04:37:00,86.7
2025-06-12 15:05:00,9.3
2025-06-12 10:33:00,6.1
2025-06-12 01:38:00,39.4
2025-06-12 01:55:00,49.91221338324755
2025-06-12 01:01:00,13.4
2025-06-12 10:12:00,49.91221338324755
2025-06-12 08:14:00,99.5
2025-06-12 21:45:00,42.2
2025-06-12 09:42:00,49.91221338324755
2025-06-12 12:48:00,61.5
2025-06-12 12:03:00,62.3
2025-06-12 06:05:00,35.0
2025-06-12 23:13:00,20.5
2025-06-12 15:47:00,16.0
2025-06-12 08:19:00,32.4
2025-06-12 18:07:00,33.3
2025-06-12 15:28:00,49.91221338324755
2025-06-12 03:20:00,11.5
2025-06-12 16:44:00,6.3
2025-06-12 16:48:00,34.8
2025-06-12 17:17:00,89.7
2025-06-12 01:11:00,42.4
2025-06-12 00:58:00,28.2
2025-06-12 12:15:00,6.8
2025-06-12 07:21:00,89.6
2025-06-12 21:06:00,35.9
2025-06-12 04:50:00,49.91221338324755
2025-06-12 05:14:00,23.9
2025-06-12 21:57:00,49.91221338324755
2025-06-12 06:10:00,26.5
2025-06-12 05:27:00,91.6
2025-06-12 18:24:00,61.3
2025-06-12 15:57:00,98.2
2025-06-12 23:04:00,98.3
2025-06-12 10:03:00,60.3
2025-06-12 15:00:00,64.7
2025-06-12 17:59:00,46.3
2025-06-12 00:18:00,62.0
2025-06-12 00:52:00,49.91221338324755
2025-06-12 15:50:00,41.5
2025-06-12 18:09:00,41.6
2025-06-12 07:00:00,80.6
2025-06-12 07:11:00,80.1
2025-06-12 08:15:00,58.3
2025-06-12 10:12:00,93.7
2025-06-12 14:33:00,49.91221338324755
2025-06-12 17:45:00,75.1
2025-06-12 18:04:00,93.9
2025-06-12 08:47:00,74.6
2025-06-12 14:06:00,57.6
2025-06-12 22:19:00,86.7
2025-06-12 17:23:00,41.5
2025-06-12 08:08:00,18.1
2025-06-12 21:32:00,39.8
2025-06-12 11:46:00,92.5
2025-06-12 07:46:00,94.2
2025-06-12 12:12:00,99.7
2025-06-12 10:03:00,36.3
2025-06-12 18:11:00,24.0
2025-06-12 08:58:00,49.91221338324755
2025-06-12 13:15:00,27.0
2025-06-12 19:41:00,78.9
2025-06-12 08:04:00,49.91221338324755
2025-06-12 01:25:00,49.91221338324755
2025-06-12 11:10:00,22.2
2025-06-12 02:08:00,35.9
2025-06-12 07:36:00,23.4
2025-06-12 09:14:00,31.3
2025-06-12 00:25:00,71.6
2025-06-12 16:55:00,47.3
2025-06-12 21:58:00,22.0
2025-06-12 20:12:00,49.91221338324755
2025-06-12 12:26:00,58.5
2025-06-12 17:47:00,78.1
2025-06-12 04:18:00,68.8
2025-06-12 09:55:00,46.2
2025-06-12 22:01:00,49.91221338324755
2025-06-12 02:47:00,20.1
2025-06-12 01:31:00,86.7
2025-06-12 10:57:00,63.0
2025-06-12 04:25:00,64.7
2025-06-12 22:40:00,67.9
2025-06-12 10:07:00,49.91221338324755
2025-06-12 13:44:00,79.9
2025-06-12 18:54:00,49.91221338324755
2025-06-12 08:41:00,49.91221338324755
2025-06-12 21:46:00,0.7
2025-06-12 15:36:00,54.9
2025-06-12 16:07:00,49.91221338324755
2025-06-12 10:43:00,53.5
2025-06-12 12:33:00,5.0
2025-06-12 11:21:00,38.8
2025-06-12 01:07:00,13.7
2025-06-12 15:23:00,16.2
2025-06-12 17:41:00,88.1
2025-06-12 20:11:00,69.5
2025-06-12 23:37:00,28.4
2025-06-12 11:21:00,84.5
2025-06-12 03:15:00,49.91221338324755
2025-06-12 03:20:00,55.5
2025-06-12 15:17:00,24.8
2025-06-12 13:43:00,41.8
2025-06-12 10:33:00,38.9
2025-06-12 15:51:00,16.9
2025-06-12 23:59:00,10.8
2025-06-12 05:52:00,72.8
2025-06-12 09:47:00,44.8
2025-06-12 16:11:00,83.1
2025-06-12 13:21:00,59.1
2025-06-12 11:37:00,25.1
2025-06-12 02:43:00,49.91221338324755
2025-06-12 16:23:00,17.3
2025-06-12 21:08:00,76.6
2025-06-12 15:48:00,94.7
2025-06-12 03:29:00,95.9
2025-06-12 17:05:00,96.7
2025-06-12 11:36:00,82.6
2025-06-12 10:21:00,49.91221338324755
2025-06-12 09:29:00,80.4
2025-06-12 04:16:00,26.1
2025-06-12 05:38:00,83.9
2025-06-12 17:15:00,43.0
2025-06-12 15:13:00,41.6
2025-06-12 07:57:00,88.5
2025-06-12 21:49:00,66.0
2025-06-12 18:51:00,49.91221338324755
2025-06-12 23:01:00,94.0
2025-06-12 14:33:00,85.1
2025-06-12 15:59:00,52.1
2025-06-12 01:54:00,92.2
2025-06-12 19:28:00,55.4
2025-06-12 21:01:00,26.0
2025-06-12 14:07:00,88.6
2025-06-12 22:41:00,52.7
2025-06-12 06:22:00,31.1
2025-06-12 02:36:00,49.91221338324755
2025-06-12 04:22:00,81.4
2025-06-12 14:30:00,91.1
2025-06-12 19:01:00,97.6
2025-06-12 09:59:00,27.6
2025-06-12 18:24:00,92.6
2025-06-12 13:30:00,67.3
2025-06-12 15:27:00,49.91221338324755
2025-06-12 22:10:00,8.7
2025-06-12 19:51:00,67.5
2025-06-12 10:02:00,25.0
2025-06-12 01:56:00,12.0
2025-06-12 20:40:00,49.91221338324755
2025-06-12 23:58:00,49.91221338324755
2025-06-12 15:07:00,53.3
2025-06-12 22:57:00,32.2
2025-06-12 19:55:00,25.7
2025-06-12 13:09:00,49.91221338324755
2025-06-12 00:17:00,68.6
2025-06-12 16:42:00,87.6
2025-06-12 02:08:00,26.5
2025-06-12 19:59:00,48.6
2025-06-12 04:22:00,49.91221338324755
2025-06-12 07:18:00,48.5
2025-06-12 13:15:00,63.7
2025-06-12 07:30:00,49.91221338324755
2025-06-12 00:27:00,79.0
2025-06-12 09:23:00,76.1
2025-06-12 14:47:00,83.2
2025-06-12 19:36:00,49.91221338324755
2025-06-12 14:29:00,69.3
2025-06-12 19:14:00,37.5
2025-06-12 19:07:00,47.6
2025-06-12 14:24:00,10.4
2025-06-12 21:46:00,18.2
2025-06-12 11:38:00,15.6
2025-06-12 21:43:00,7.6
2025-06-12 12:05:00,5.1
2025-06-12 22:01:00,71.2
2025-06-12 02:53:00,13.2
2025-06-12 04:40:00,39.4
2025-06-12 03:32:00,26.7
2025-06-12 09:46:00,49.91221338324755
2025-06-12 23:19:00,53.4
2025-06-12 23:03:00,81.2
2025-06-12 05:19:00,0.8
2025-06-12 13:15:00,86.8
2025-06-12 11:14:00,49.91221338324755
2025-06-12 13:20:00,0.6
2025-06-12 16:19:00,49.91221338324755
2025-06-12 22:31:00,35.6
2025-06-12 12:43:00,45.9
2025-06-12 06:16:00,49.91221338324755
2025-06-12 07:03:00,95.9
2025-06-12 15:07:00,58.3
2025-06-12 08:28:00,39.4
2025-06-12 16:01:00,90.6
2025-06-12 04:53:00,26.0
2025-06-12 22:18:00,40.5
2025-06-12 18:18:00,52.7
2025-06-12 07:52:00,12.6
2025-06-12 20:12:00,6.7
2025-06-12 22:21:00,73.5
2025-06-12 21:11:00,97.0
2025-06-12 14:58:00,35.8
2025-06-12 02:02:00,47.3
2025-06-12 16:48:00,76.0
2025-06-12 08:33:00,15.2
2025-06-12 08:29:00,33.0
2025-06-12 07:43:00,45.6
2025-06-12 06:58:00,49.91221338324755
2025-06-12 21:52:00,57.7
2025-06-12 14:51:00,17.9
2025-06-12 07:44:00,59.9
2025-06-12 21:02:00,3.0
2025-06-12 23:16:00,68.1
2025-06-12 10:22:00,68.2
2025-06-12 06:24:00,80.2
2025-06-12 00:27:00,89.9
2025-06-12 21:30:00,12.1
2025-06-12 18:55:00,39.5
2025-06-12 00:18:00,11.0
2025-06-12 19:41:00,59.9
2025-06-12 09:38:00,41.5
2025-06-12 12:05:00,1.7
2025-06-12 08:01:00,34.1
2025-06-12 02:31:00,49.91221338324755
2025-06-12 19:03:00,13.8
2025-06-12 03:02:00,4.4
2025-06-12 21:43:00,66.7
2025-06-12 06:22:00,28.4
2025-06-12 11:07:00,44.9
2025-06-12 10:42:00,3.6
2025-06-12 07:28:00,12.3
2025-06-12 01:33:00,0.4
2025-06-12 19:02:00,85.4
2025-06-12 16:45:00,8.2
2025-06-12 06:41:00,45.2
2025-06-12 03:20:00,80.8
2025-06-12 02:27:00,77.3
2025-06-12 07:25:00,49.91221338324755
2025-06-12 23:46:00,37.9
2025-06-12 10:13:00,49.91221338324755
2025-06-12 12:15:00,49.91221338324755
2025-06-12 11:04:00,49.91221338324755
2025-06-12 17:41:00,65.4
2025-06-12 14:32:00,26.3
2025-06-12 16:06:00,52.5
2025-06-12 13:16:00,96.1
2025-06-12 16:22:00,95.3
2025-06-12 16:32:00,75.3
2025-06-12 22:01:00,76.9
2025-06-12 21:47:00,50.557353635505194
2025-06-12 10:30:00,14.0
2025-06-12 22:29:00,77.2
2025-06-12 03:37:00,52.2
2025-06-12 22:03:00,47.4
2025-06-12 06:22:00,1.9
2025-06-12 12:19:00,93.7
2025-06-12 11:25:00,52.0
2025-06-12 11:37:00,29.1
2025-06-12 08:17:00,70.3
2025-06-12 11:08:00,90.6
2025-06-12 00:54:00,80.8
2025-06-12 06:36:00,4.1
2025-06-12 20:36:00,96.2
2025-06-12 10:52:00,10.7
2025-06-12 07:44:00,28.7
2025-06-12 13:38:00,45.2
2025-06-12 01:07:00,18.6
2025-06-12 15:00:00,70.1
2025-06-12 10:58:00,64.2
2025-06-12 19:54:00,5.5
2025-06-12 23:52:00,34.9
2025-06-12 02:35:00,58.5
2025-06-12 16:41:00,54.2
2025-06-12 19:36:00,38.6
2025-06-12 03:22:00,46.8
2025-06-12 18:13:00,32.7
2025-06-12 00:18:00,17.9
2025-06-12 22:52:00,33.7
2025-06-12 16:20:00,88.8
2025-06-12 12:05:00,43.9
2025-06-12 05:42:00,68.7
2025-06-12 00:58:00,94.4
2025-06-12 17:16:00,74.2
2025-06-12 10:40:00,58.0
2025-06-12 18:56:00,76.2
2025-06-12 01:10:00,79.3
2025-06-12 02:36:00,47.9
2025-06-12 02:49:00,50.557353635505194
2025-06-12 10:56:00,84.1
2025-06-12 15:06:00,50.557353635505194
2025-06-12 04:31:00,9.6
2025-06-12 02:57:00,50.557353635505194
2025-06-12 01:19:00,58.6
2025-06-12 06:43:00,5.8
2025-06-12 03:07:00,40.0
2025-06-12 04:08:00,4.6
2025-06-12 18:31:00,25.0
2025-06-12 15:38:00,50.557353635505194
2025-06-12 02:27:00,2.1
2025-06-12 07:33:00,34.1
2025-06-12 03:29:00,18.9
2025-06-12 23:29:00,52.7
2025-06-12 15:25:00,1.4
2025-06-12 04:30:00,50.557353635505194
2025-06-12 12:33:00,42.8
2025-06-12 10:25:00,57.5
2025-06-12 02:58:00,83.1
2025-06-12 19:05:00,50.557353635505194
2025-06-12 01:57:00,47.7
2025-06-12 15:02:00,42.7
2025-06-12 01:00:00,15.4
2025-06-12 04:42:00,68.9
2025-06-12 18:27:00,1.2
2025-06-12 10:27:00,50.557353635505194
2025-06-12 00:56:00,84.6
2025-06-12 17:08:00,38.4
2025-06-12 16:20:00,64.5
2025-06-12 21:31:00,24.4
2025-06-12 00:05:00,82.2
2025-06-12 06:40:00,75.8
2025-06-12 06:25:00,5.1
2025-06-12 14:15:00,96.5
2025-06-12 13:50:00,85.9
2025-06-12 23:54:00,23.2
2025-06-12 13:52:00,34.0
2025-06-12 09:22:00,19.3
2025-06-12 05:54:00,6.5
2025-06-12 00:53:00,60.5
2025-06-12 13:10:00,5.7
2025-06-12 23:01:00,50.557353635505194
2025-06-12 21:15:00,13.4
2025-06-12 05:09:00,50.557353635505194
2025-06-12 16:26:00,32.0
2025-06-12 07:44:00,79.5
2025-06-12 05:56:00,50.557353635505194
2025-06-12 01:58:00,26.9
2025-06-12 00:15:00,41.8
2025-06-12 20:01:00,6.1
2025-06-12 03:57:00,9.0
2025-06-12 03:16:00,63.5
2025-06-12 10:17:00,72.3
2025-06-12 17:46:00,90.3
2025-06-12 18:28:00,2.3
2025-06-12 11:38:00,50.557353635505194
2025-06-12 02:59:00,22.6
2025-06-12 10:02:00,50.557353635505194
2025-06-12 02:45:00,80.5
2025-06-12 22:40:00,93.2
2025-06-12 10:34:00,73.2
2025-06-12 12:05:00,34.9
2025-06-12 17:02:00,22.3
2025-06-12 04:37:00,35.7
2025-06-12 02:05:00,67.2
2025-06-12 16:14:00,15.4
2025-06-12 13:42:00,50.557353635505194
2025-06-12 07:57:00,2.3
2025-06-12 12:18:00,56.7
2025-06-12 21:12:00,19.1
2025-06-12 04:29:00,4.7
2025-06-12 22:55:00,23.9
2025-06-12 15:51:00,56.5
2025-06-12 11:41:00,30.9
2025-06-12 13:10:00,8.2
2025-06-12 12:24:00,5.9
2025-06-12 12:08:00,54.5
2025-06-12 15:20:00,81.1
2025-06-12 20:43:00,64.1
2025-06-12 08:21:00,50.557353635505194
2025-06-12 01:02:00,84.6
2025-06-12 02:40:00,7.4
2025-06-12 06:06:00,87.2
2025-06-12 01:19:00,55.6
2025-06-12 00:30:00,10.5
2025-06-12 03:45:00,88.7
2025-06-12 02:33:00,66.0
2025-06-12 09:24:00,50.557353635505194
2025-06-12 07:40:00,22.5
2025-06-12 07:59:00,50.557353635505194
2025-06-12 18:35:00,60.1
2025-06-12 09:01:00,50.557353635505194
2025-06-12 19:40:00,44.5
2025-06-12 19:39:00,94.6
2025-06-12 20:52:00,92.3
2025-06-12 13:38:00,28.4
2025-06-12 04:56:00,5.1
2025-06-12 03:00:00,47.5
2025-06-12 13:54:00,28.3
2025-06-12 08:59:00,99.6
2025-06-12 14:42:00,99.8
2025-06-12 00:34:00,1.1
2025-06-12 10:35:00,79.5
2025-06-12 10:17:00,50.557353635505194
2025-06-12 15:15:00,45.2
2025-06-12 09:53:00,50.557353635505194
2025-06-12 09:46:00,50.557353635505194
2025-06-12 06:27:00,57.0
2025-06-12 06:23:00,25.8
2025-06-12 10:47:00,61.0
2025-06-12 04:32:00,50.557353635505194
2025-06-12 06:21:00,6.9
2025-06-12 04:23:00,92.1
2025-06-12 08:55:00,24.9
2025-06-12 11:10:00,32.7
2025-06-12 00:26:00,86.3
2025-06-12 10:22:00,50.4
2025-06-12 21:03:00,99.1
2025-06-12 03:46:00,50.557353635505194
2025-06-12 13:11:00,26.4
2025-06-12 12:14:00,10.4
2025-06-12 04:29:00,59.4
2025-06-12 03:10:00,60.3
2025-06-12 04:44:00,18.8
2025-06-12 21:37:00,3.7
2025-06-12 15:21:00,1.9
2025-06-12 06:39:00,22.7
2025-06-12 08:25:00,58.0
2025-06-12 02:46:00,50.557353635505194
2025-06-12 19:49:00,50.557353635505194
2025-06-12 20:38:00,33.9
2025-06-12 03:54:00,94.3
2025-06-12 22:54:00,50.557353635505194
2025-06-12 23:03:00,97.2
2025-06-12 02:54:00,41.1
2025-06-12 17:39:00,83.3
2025-06-12 11:00:00,12.8
2025-06-12 18:11:00,29.0
2025-06-12 14:59:00,11.5
2025-06-12 14:14:00,77.4
2025-06-12 09:27:00,47.9
2025-06-12 23:30:00,50.557353635505194
2025-06-12 06:09:00,23.5
2025-06-12 12:08:00,6.7
2025-06-12 23:44:00,50.557353635505194
2025-06-12 07:49:00,22.9
2025-06-12 04:07:00,28.9
2025-06-12 20:28:00,36.4
2025-06-12 05:53:00,98.6
2025-06-12 01:21:00,50.557353635505194
2025-06-12 12:48:00,82.3
2025-06-12 20:59:00,50.557353635505194
2025-06-12 20:05:00,81.5
2025-06-12 07:12:00,41.4
2025-06-12 16:40:00,85.6
2025-06-12 14:57:00,32.8
2025-06-12 00:55:00,49.0
2025-06-12 21:12:00,19.3
2025-06-12 17:46:00,3.9
2025-06-12 07:11:00,50.557353635505194
2025-06-12 02:45:00,50.557353635505194
2025-06-12 05:57:00,1.2
2025-06-12 06:32:00,54.9
2025-06-12 01:54:00,18.9
2025-06-12 19:16:00,94.4
2025-06-12 15:41:00,41.4
2025-06-12 15:52:00,34.9
2025-06-12 09:50:00,44.7
2025-06-12 12:21:00,50.557353635505194
2025-06-12 09:54:00,62.6
2025-06-12 02:11:00,85.9
2025-06-12 08:30:00,94.0
2025-06-12 14:34:00,50.557353635505194
2025-06-12 06:10:00,42.2
2025-06-12 05:00:00,50.557353635505194
2025-06-12 18:04:00,50.557353635505194
2025-06-12 22:58:00,80.2
2025-06-12 13:12:00,50.557353635505194
2025-06-12 00:00:00,37.4
2025-06-12 09:38:00,41.3
2025-06-12 13:50:00,23.6
2025-06-12 20:14:00,82.9
2025-06-12 18:42:00,69.9
2025-06-12 18:51:00,33.6
2025-06-12 22:53:00,50.557353635505194
2025-06-12 16:13:00,50.557353635505194
2025-06-12 02:04:00,50.557353635505194
2025-06-12 07:52:00,92.6
2025-06-12 18:45:00,30.7
2025-06-12 22:14:00,46.6
2025-06-12 12:23:00,75.0
2025-06-12 18:35:00,73.5
2025-06-12 07:10:00,8.6
2025-06-12 14:07:00,51.0
2025-06-12 11:04:00,98.9
2025-06-12 17:00:00,38.1
2025-06-12 12:15:00,77.3
2025-06-12 09:06:00,50.557353635505194
2025-06-12 21:51:00,74.0
2025-06-12 09:33:00,78.6
2025-06-12 05:11:00,70.5
2025-06-12 13:00:00,66.7
2025-06-12 19:49:00,27.5
2025-06-12 18:51:00,11.7
2025-06-12 02:41:00,95.2
2025-06-12 21:44:00,95.3
2025-06-12 16:55:00,57.0
2025-06-12 05:14:00,80.0
2025-06-12 06:32:00,88.4
2025-06-12 09:19:00,78.0
2025-06-12 02:54:00,99.1
2025-06-12 13:10:00,95.8
2025-06-12 06:38:00,62.7
2025-06-12 18:07:00,35.3
2025-06-12 07:02:00,37.1
2025-06-12 15:04:00,52.9
2025-06-12 00:41:00,70.8
2025-06-12 02:44:00,61.7
2025-06-12 10:03:00,70.4
2025-06-12 00:13:00,75.1
2025-06-12 13:18:00,88.1
2025-06-12 20:48:00,70.9
2025-06-12 17:03:00,79.9
2025-06-12 07:32:00,77.5
2025-06-12 11:04:00,57.1
2025-06-12 18:42:00,74.7
2025-06-12 11:40:00,12.9
2025-06-12 22:14:00,20.3
2025-06-12 20:41:00,93.9
2025-06-12 01:40:00,39.2
2025-06-12 15:42:00,87.2
2025-06-12 08:23:00,17.6
2025-06-12 10:52:00,31.4
2025-06-12 16:34:00,67.3
2025-06-12 10:49:00,8.6
2025-06-12 22:59:00,96.5
2025-06-12 22:38:00,50.557353635505194
2025-06-12 11:19:00,13.6
2025-06-12 03:41:00,50.557353635505194
2025-06-12 09:32:00,12.9
2025-06-12 12:10:00,41.0
2025-06-12 15:37:00,54.9
2025-06-12 12:26:00,64.5
2025-06-12 16:54:00,19.6
2025-06-12 13:18:00,23.5
2025-06-12 07:40:00,50.557353635505194
2025-06-12 04:08:00,50.557353635505194
2025-06-12 01:16:00,56.0
2025-06-12 19:00:00,91.2
2025-06-12 18:26:00,93.8
2025-06-12 14:51:00,86.0
2025-06-12 19:29:00,23.9
2025-06-12 19:29:00,54.3
2025-06-12 00:27:00,50.557353635505194
2025-06-12 01:43:00,52.3
2025-06-12 17:13:00,93.2
2025-06-12 13:55:00,30.4
2025-06-12 09:39:00,60.8
2025-06-12 06:56:00,21.9
2025-06-12 01:19:00,54.3
2025-06-12 15:43:00,53.8
2025-06-12 06:50:00,98.2
2025-06-12 20:56:00,76.7
2025-06-12 05:35:00,47.2
2025-06-12 10:46:00,13.2
2025-06-12 14:13:00,25.1
2025-06-12 12:12:00,50.557353635505194
2025-06-12 22:27:00,28.8
2025-06-12 00:07:00,90.1
2025-06-12 22:19:00,28.6
2025-06-12 12:33:00,85.7
2025-06-12 23:04:00,90.0
2025-06-12 21:36:00,1.5
2025-06-12 19:31:00,61.0
2025-06-12 15:40:00,80.6
2025-06-12 20:40:00,42.8
2025-06-12 12:14:00,38.0
2025-06-12 05:20:00,7.1
2025-06-12 16:18:00,42.9
2025-06-12 03:36:00,38.1
2025-06-12 12:48:00,73.0
2025-06-12 21:47:00,49.87196987526477
2025-06-12 07:32:00,67.4
2025-06-12 14:58:00,46.1
2025-06-12 11:01:00,97.8
2025-06-12 06:42:00,49.87196987526477
2025-06-12 21:02:00,64.1
2025-06-12 04:19:00,15.8
2025-06-12 17:20:00,84.1
2025-06-12 04:18:00,49.87196987526477
2025-06-12 22:00:00,62.4
2025-06-12 02:55:00,70.9
2025-06-12 00:25:00,49.87196987526477
2025-06-12 10:12:00,12.9
2025-06-12 06:24:00,77.0
2025-06-12 10:25:00,49.3
2025-06-12 00:36:00,49.87196987526477
2025-06-12 10:55:00,29.6
2025-06-12 16:41:00,48.3
2025-06-12 08:47:00,15.5
2025-06-12 15:07:00,39.7
2025-06-12 03:11:00,49.87196987526477
2025-06-12 07:33:00,16.5
2025-06-12 05:49:00,22.3
2025-06-12 21:32:00,55.6
2025-06-12 01:19:00,45.4
2025-06-12 21:42:00,49.87196987526477
2025-06-12 04:05:00,69.8
2025-06-12 03:35:00,34.3
2025-06-12 13:46:00,1.7
2025-06-12 02:01:00,96.1
2025-06-12 00:46:00,7.9
2025-06-12 18:09:00,61.1
2025-06-12 15:35:00,61.0
2025-06-12 11:00:00,73.5
2025-06-12 23:28:00,1.4
2025-06-12 16:13:00,12.5
2025-06-12 15:57:00,96.7
2025-06-12 11:01:00,85.4
2025-06-12 17:50:00,79.9
2025-06-12 20:47:00,5.8
2025-06-12 20:17:00,84.3
2025-06-12 16:24:00,49.87196987526477
2025-06-12 14:31:00,82.7
2025-06-12 02:17:00,18.8
2025-06-12 18:39:00,77.5
2025-06-12 07:43:00,8.9
2025-06-12 12:57:00,23.1
2025-06-12 09:38:00,81.6
2025-06-12 08:05:00,99.3
2025-06-12 14:15:00,18.8
2025-06-12 08:00:00,49.87196987526477
2025-06-12 15:38:00,49.87196987526477
2025-06-12 13:47:00,75.0
2025-06-12 22:31:00,49.87196987526477
2025-06-12 14:56:00,72.6
2025-06-12 18:03:00,76.9
2025-06-12 21:33:00,97.4
2025-06-12 17:49:00,37.4
2025-06-12 10:39:00,65.8
2025-06-12 22:14:00,2.6
2025-06-12 02:46:00,49.87196987526477
2025-06-12 00:09:00,10.9
2025-06-12 08:03:00,49.87196987526477
2025-06-12 19:06:00,97.8
2025-06-12 14:42:00,1.3
2025-06-12 09:46:00,46.3
2025-06-12 16:38:00,67.2
2025-06-12 15:24:00,15.0
2025-06-12 07:45:00,36.2
2025-06-12 17:10:00,30.6
2025-06-12 11:59:00,62.0
2025-06-12 04:41:00,22.9
2025-06-12 07:36:00,49.87196987526477
2025-06-12 15:08:00,51.0
2025-06-12 20:09:00,61.8
2025-06-12 03:43:00,29.5
2025-06-12 23:23:00,56.4
2025-06-12 08:24:00,74.9
2025-06-12 16:23:00,58.8
2025-06-12 23:21:00,49.87196987526477
2025-06-12 11:52:00,81.6
2025-06-12 07:28:00,21.9
2025-06-12 20:23:00,66.9
2025-06-12 21:26:00,91.0
2025-06-12 19:11:00,4.5
2025-06-12 01:42:00,49.87196987526477
2025-06-12 08:34:00,49.87196987526477
2025-06-12 20:38:00,81.9
2025-06-12 09:37:00,70.9
2025-06-12 02:48:00,54.5
2025-06-12 22:36:00,49.87196987526477
2025-06-12 12:26:00,40.7
2025-06-12 19:32:00,49.87196987526477
2025-06-12 05:47:00,72.7
2025-06-12 10:45:00,49.87196987526477
2025-06-12 22:26:00,59.0
2025-06-12 15:25:00,27.9
2025-06-12 01:55:00,29.7
2025-06-12 02:35:00,14.6
2025-06-12 14:10:00,1.8
2025-06-12 10:27:00,49.87196987526477
2025-06-12 16:38:00,49.87196987526477
2025-06-12 13:55:00,51.2
2025-06-12 16:22:00,13.7
2025-06-12 22:38:00,49.87196987526477
2025-06-12 14:35:00,44.0
2025-06-12 17:45:00,79.4
2025-06-12 20:24:00,81.2
2025-06-12 01:06:00,90.6
2025-06-12 19:45:00,49.87196987526477
2025-06-12 02:17:00,49.87196987526477
2025-06-12 08:56:00,54.1
2025-06-12 13:00:00,95.0
2025-06-12 11:52:00,50.0
2025-06-12 03:37:00,66.7
2025-06-12 13:46:00,83.8
2025-06-12 00:09:00,4.4
2025-06-12 03:23:00,35.6
2025-06-12 20:00:00,9.5
2025-06-12 09:26:00,51.0
2025-06-12 04:42:00,49.87196987526477
2025-06-12 09:18:00,35.3
2025-06-12 07:27:00,49.87196987526477
2025-06-12 22:53:00,36.6
2025-06-12 20:47:00,87.9
2025-06-12 02:39:00,49.87196987526477
2025-06-12 10:07:00,77.4
2025-06-12 19:48:00,16.2
2025-06-12 00:27:00,75.7
2025-06-12 03:47:00,49.87196987526477
2025-06-12 04:26:00,2.3
2025-06-12 03:20:00,77.0
2025-06-12 06:12:00,17.6
2025-06-12 13:37:00,66.2
2025-06-12 02:44:00,5.5
2025-06-12 02:46:00,49.87196987526477
2025-06-12 19:30:00,93.7
2025-06-12 16:10:00,49.87196987526477
2025-06-12 16:51:00,37.5
2025-06-12 10:48:00,45.7
2025-06-12 17:27:00,49.87196987526477
2025-06-12 01:26:00,22.7
2025-06-12 12:00:00,66.7
2025-06-12 12:21:00,14.5
2025-06-12 12:30:00,66.6
2025-06-12 04:17:00,45.5
2025-06-12 02:55:00,49.87196987526477
2025-06-12 09:32:00,39.0
2025-06-12 10:56:00,45.5
2025-06-12 16:37:00,10.0
2025-06-12 04:11:00,59.3
2025-06-12 01:54:00,99.9
2025-06-12 04:57:00,30.3
2025-06-12 19:22:00,78.4
2025-06-12 16:55:00,89.2
2025-06-12 03:10:00,37.9
2025-06-12 11:37:00,93.4
2025-06-12 04:08:00,84.7
2025-06-12 03:41:00,85.1
2025-06-12 06:38:00,30.2
2025-06-12 09:21:00,16.5
2025-06-12 04:38:00,49.87196987526477
2025-06-12 21:13:00,26.9
2025-06-12 18:22:00,94.9
2025-06-12 06:08:00,64.1
2025-06-12 13:56:00,49.87196987526477
2025-06-12 00:01:00,49.87196987526477
2025-06-12 10:43:00,41.7
2025-06-12 15:32:00,26.9
2025-06-12 04:54:00,49.87196987526477
2025-06-12 23:10:00,87.8
2025-06-12 09:34:00,87.5
2025-06-12 20:37:00,95.2
2025-06-12 06:04:00,49.87196987526477
2025-06-12 16:04:00,87.3
2025-06-12 07:24:00,45.7
2025-06-12 03:25:00,91.8
2025-06-12 01:21:00,49.87196987526477
2025-06-12 19:20:00,49.87196987526477
2025-06-12 16:59:00,45.7
2025-06-12 10:47:00,56.7
2025-06-12 01:37:00,49.87196987526477
2025-06-12 03:20:00,76.7
2025-06-12 17:38:00,49.87196987526477
2025-06-12 06:15:00,33.0
2025-06-12 14:22:00,0.6
2025-06-12 19:55:00,78.6
2025-06-12 22:10:00,60.5
2025-06-12 01:09:00,0.8
2025-06-12 19:42:00,14.5
2025-06-12 20:31:00,25.3
2025-06-12 23:04:00,79.7
2025-06-12 10:43:00,63.2
2025-06-12 09:41:00,83.7
2025-06-12 20:46:00,75.0
2025-06-12 22:17:00,62.2
2025-06-12 08:53:00,33.1
2025-06-12 20:22:00,40.5
2025-06-12 16:00:00,75.3
2025-06-12 12:49:00,49.87196987526477
2025-06-12 03:01:00,49.87196987526477
2025-06-12 12:39:00,44.0
2025-06-12 06:33:00,95.5
2025-06-12 16:56:00,26.5
2025-06-12 04:28:00,49.87196987526477
2025-06-12 01:28:00,8.1
2025-06-12 04:11:00,74.5
2025-06-12 19:04:00,49.87196987526477
2025-06-12 08:04:00,37.2
2025-06-12 05:32:00,47.7
2025-06-12 03:41:00,70.1
2025-06-12 00:10:00,69.6
2025-06-12 18:52:00,49.87196987526477
2025-06-12 17:02:00,17.6
2025-06-12 16:01:00,49.87196987526477
2025-06-12 14:43:00,79.3
2025-06-12 00:33:00,57.7
2025-06-12 12:45:00,11.8
2025-06-12 14:04:00,75.7
2025-06-12 20:53:00,34.3
2025-06-12 12:59:00,97.6
2025-06-12 18:41:00,10.3
2025-06-12 03:23:00,49.87196987526477
2025-06-12 09:38:00,74.6
2025-06-12 20:00:00,65.8
2025-06-12 07:36:00,18.2
2025-06-12 13:49:00,16.1
2025-06-12 22:43:00,13.9
2025-06-12 15:15:00,49.87196987526477
2025-06-12 02:28:00,99.4
2025-06-12 21:18:00,97.3
2025-06-12 19:11:00,100.0
2025-06-12 10:02:00,49.87196987526477
2025-06-12 09:23:00,42.7
2025-06-12 06:15:00,84.3
2025-06-12 11:33:00,41.0
2025-06-12 19:10:00,90.2
2025-06-12 20:21:00,94.2
2025-06-12 18:57:00,33.5
2025-06-12 07:10:00,63.5
2025-06-12 12:42:00,12.8
2025-06-12 04:40:00,49.87196987526477
2025-06-12 11:23:00,42.6
2025-06-12 13:07:00,17.9
2025-06-12 01:55:00,94.2
2025-06-12 12:20:00,85.1
2025-06-12 19:58:00,50.6
2025-06-12 14:42:00,92.7
2025-06-12 10:23:00,57.2
2025-06-12 20:36:00,83.8
2025-06-12 09:15:00,93.1
2025-06-12 10:39:00,18.9
2025-06-12 10:46:00,70.5
2025-06-12 10:59:00,37.7
2025-06-12 06:36:00,17.1
2025-06-12 23:09:00,0.8
2025-06-12 15:38:00,38.4
2025-06-12 22:09:00,70.8
2025-06-12 04:49:00,16.2
2025-06-12 20:28:00,33.0
2025-06-12 20:19:00,30.2
2025-06-12 14:12:00,68.3
2025-06-12 16:43:00,72.0
2025-06-12 11:21:00,77.8
2025-06-12 10:40:00,65.0
2025-06-12 04:43:00,48.7
2025-06-12 08:35:00,29.5
2025-06-12 19:20:00,29.8
2025-06-12 18:14:00,40.1
2025-06-12 01:39:00,68.8
2025-06-12 08:57:00,56.5
2025-06-12 22:03:00,49.87196987526477
2025-06-12 19:21:00,69.3
2025-06-12 14:06:00,63.4
2025-06-12 00:45:00,49.87196987526477
2025-06-12 02:29:00,10.1
2025-06-12 15:41:00,97.7
2025-06-12 15:14:00,26.4
2025-06-12 13:24:00,87.7
2025-06-12 06:55:00,30.0
2025-06-12 14:00:00,5.8
2025-06-12 16:42:00,70.4
2025-06-12 15:28:00,73.8
2025-06-12 01:26:00,60.5
2025-06-12 00:21:00,49.87196987526477
2025-06-12 08:53:00,94.7
2025-06-12 17:41:00,49.87196987526477
2025-06-12 13:55:00,68.5
2025-06-12 12:07:00,23.8
2025-06-12 05:25:00,37.4
2025-06-12 01:15:00,14.0
2025-06-12 05:42:00,2.1
2025-06-12 00:05:00,82.7
2025-06-12 17:19:00,42.0
2025-06-12 21:25:00,51.4
2025-06-12 20:49:00,98.7
2025-06-12 10:14:00,89.0
2025-06-12 02:28:00,62.0
2025-06-12 14:39:00,12.2
2025-06-12 21:37:00,53.5
2025-06-12 13:36:00,23.4
2025-06-12 21:40:00,8.0
2025-06-12 17:49:00,49.87196987526477
2025-06-12 18:39:00,87.6
2025-06-12 06:14:00,49.87196987526477
2025-06-12 11:30:00,49.87196987526477
2025-06-12 15:47:00,36.8
2025-06-12 10:37:00,38.0
2025-06-12 11:41:00,64.8
2025-06-12 11:04:00,70.1
2025-06-12 03:19:00,49.93628109892701
2025-06-12 09:22:00,98.7
2025-06-12 09:00:00,49.93628109892701
2025-06-12 23:34:00,30.0
2025-06-12 13:11:00,2.7
2025-06-12 13:46:00,49.93628109892701
2025-06-12 08:40:00,3.5
2025-06-12 14:13:00,93.1
2025-06-12 18:28:00,17.6
2025-06-12 11:39:00,18.9
2025-06-12 00:51:00,49.93628109892701
2025-06-12 14:40:00,13.3
2025-06-12 03:32:00,49.93628109892701
2025-06-12 16:59:00,49.93628109892701
2025-06-12 18:21:00,0.8
2025-06-12 23:12:00,19.7
2025-06-12 17:35:00,93.8
2025-06-12 00:53:00,49.93628109892701
2025-06-12 16:46:00,77.7
2025-06-12 10:32:00,13.0
2025-06-12 05:53:00,74.1
2025-06-12 14:03:00,33.5
2025-06-12 09:57:00,73.5
2025-06-12 22:52:00,49.93628109892701
2025-06-12 18:10:00,92.0
2025-06-12 07:06:00,61.1
2025-06-12 22:22:00,17.5
2025-06-12 08:33:00,5.3
2025-06-12 14:42:00,41.1
2025-06-12 07:12:00,96.2
2025-06-12 12:44:00,56.8
2025-06-12 14:29:00,1.6
2025-06-12 06:31:00,30.3
2025-06-12 17:00:00,0.2
2025-06-12 08:48:00,49.93628109892701
2025-06-12 23:31:00,76.9
2025-06-12 15:53:00,89.7
2025-06-12 16:27:00,30.6
2025-06-12 01:53:00,58.3
2025-06-12 08:57:00,27.2
2025-06-12 12:03:00,49.93628109892701
2025-06-12 23:26:00,39.1
2025-06-12 17:57:00,25.4
2025-06-12 05:23:00,63.5
2025-06-12 03:50:00,40.9
2025-06-12 03:02:00,61.6
2025-06-12 18:14:00,48.9
2025-06-12 00:26:00,92.2
2025-06-12 13:11:00,81.1
2025-06-12 14:37:00,91.7
2025-06-12 15:08:00,49.0
2025-06-12 17:45:00,49.93628109892701
2025-06-12 16:18:00,65.0
2025-06-12 16:28:00,29.9
2025-06-12 05:50:00,49.93628109892701
2025-06-12 07:18:00,49.93628109892701
2025-06-12 16:32:00,19.4
2025-06-12 03:37:00,66.7
2025-06-12 01:12:00,24.9
2025-06-12 03:14:00,49.93628109892701
2025-06-12 07:23:00,10.1
2025-06-12 06:33:00,13.1
2025-06-12 21:33:00,68.5
2025-06-12 04:55:00,39.0
2025-06-12 17:01:00,76.7
2025-06-12 10:43:00,49.93628109892701
2025-06-12 04:29:00,80.4
2025-06-12 19:19:00,79.8
2025-06-12 12:06:00,49.93628109892701
2025-06-12 06:36:00,5.8
2025-06-12 12:37:00,55.1
2025-06-12 10:20:00,59.0
2025-06-12 06:24:00,38.1
2025-06-12 00:46:00,68.0
2025-06-12 02:57:00,49.93628109892701
2025-06-12 08:15:00,4.8
2025-06-12 05:24:00,49.93628109892701
2025-06-12 08:03:00,52.7
2025-06-12 03:06:00,66.4
2025-06-12 10:08:00,82.7
2025-06-12 17:38:00,25.1
2025-06-12 01:29:00,82.6
2025-06-12 22:52:00,74.3
2025-06-12 22:29:00,49.93628109892701
2025-06-12 22:54:00,96.0
2025-06-12 14:09:00,11.0
2025-06-12 16:22:00,65.2
2025-06-12 16:20:00,49.93628109892701
2025-06-12 15:41:00,1.6
2025-06-12 16:10:00,19.0
2025-06-12 07:19:00,75.9
2025-06-12 11:54:00,59.8
2025-06-12 14:54:00,26.1
2025-06-12 03:38:00,64.0
2025-06-12 14:52:00,54.3
2025-06-12 04:26:00,49.93628109892701
2025-06-12 13:35:00,49.93628109892701
2025-06-12 03:40:00,30.5
2025-06-12 06:59:00,55.8
2025-06-12 13:49:00,68.0
2025-06-12 18:06:00,53.6
2025-06-12 06:03:00,89.4
2025-06-12 08:57:00,29.4
2025-06-12 10:11:00,34.9
2025-06-12 20:28:00,41.6
2025-06-12 08:13:00,9.3
2025-06-12 22:38:00,90.1
2025-06-12 20:56:00,7.8
2025-06-12 22:53:00,5.7
2025-06-12 07:37:00,68.4
2025-06-12 19:10:00,84.8
2025-06-12 08:21:00,47.6
2025-06-12 05:49:00,49.93628109892701
2025-06-12 03:48:00,49.93628109892701
2025-06-12 16:24:00,28.7
2025-06-12 12:40:00,8.8
2025-06-12 13:47:00,91.2
2025-06-12 04:57:00,51.5
2025-06-12 05:24:00,52.1
2025-06-12 23:16:00,69.4
2025-06-12 01:52:00,28.0
2025-06-12 20:44:00,65.9
2025-06-12 02:25:00,69.9
2025-06-12 16:58:00,98.8
2025-06-12 12:34:00,49.93628109892701
2025-06-12 21:26:00,8.4
2025-06-12 06:33:00,12.9
2025-06-12 22:44:00,38.6
2025-06-12 09:20:00,49.93628109892701
2025-06-12 23:35:00,51.5
2025-06-12 13:20:00,97.1
2025-06-12 09:30:00,70.9
2025-06-12 09:35:00,49.93628109892701
2025-06-12 15:54:00,88.0
2025-06-12 00:08:00,40.6
2025-06-12 02:49:00,48.4
2025-06-12 02:17:00,28.1
2025-06-12 16:05:00,1.8
2025-06-12 18:18:00,49.93628109892701
2025-06-12 02:09:00,25.8
2025-06-12 19:31:00,49.93628109892701
2025-06-12 17:01:00,49.93628109892701
2025-06-12 19:52:00,49.93628109892701
2025-06-12 20:56:00,3.4
2025-06-12 12:19:00,49.93628109892701
2025-06-12 18:09:00,0.9
2025-06-12 16:50:00,75.8
2025-06-12 14:43:00,49.93628109892701
2025-06-12 16:54:00,5.6
2025-06-12 12:17:00,49.93628109892701
2025-06-12 11:37:00,24.0
2025-06-12 00:59:00,10.4
2025-06-12 08:21:00,35.3
2025-06-12 12:50:00,14.5
2025-06-12 00:37:00,42.9
2025-06-12 21:49:00,24.1
2025-06-12 06:10:00,84.7
2025-06-12 08:44:00,81.9
2025-06-12 05:03:00,49.93628109892701
2025-06-12 23:59:00,35.5
2025-06-12 08:54:00,35.6
2025-06-12 22:26:00,50.9
2025-06-12 20:23:00,75.1
2025-06-12 01:56:00,84.0
2025-06-12 20:12:00,84.5
2025-06-12 05:44:00,77.1
2025-06-12 19:43:00,13.6
2025-06-12 13:10:00,89.9
2025-06-12 11:15:00,54.1
2025-06-12 10:06:00,5.2
2025-06-12 14:59:00,34.7
2025-06-12 01:31:00,82.4
2025-06-12 01:17:00,49.93628109892701
2025-06-12 09:31:00,59.9
2025-06-12 19:48:00,95.1
2025-06-12 23:07:00,44.9
2025-06-12 14:21:00,76.0
2025-06-12 10:03:00,90.1
2025-06-12 18:32:00,49.93628109892701
2025-06-12 05:21:00,56.4
2025-06-12 09:18:00,49.93628109892701
2025-06-12 02:18:00,82.7
2025-06-12 16:18:00,12.2
2025-06-12 07:47:00,49.93628109892701
2025-06-12 04:57:00,49.93628109892701
2025-06-12 03:40:00,25.7
2025-06-12 18:01:00,33.6
2025-06-12 07:22:00,3.5
2025-06-12 19:55:00,59.6
2025-06-12 22:14:00,49.93628109892701
2025-06-12 20:36:00,16.5
2025-06-12 19:10:00,6.0
2025-06-12 16:46:00,31.9
2025-06-12 00:01:00,47.2
2025-06-12 17:33:00,50.2
2025-06-12 20:31:00,62.9
2025-06-12 18:50:00,54.1
2025-06-12 00:48:00,3.3
2025-06-12 09:18:00,98.6
2025-06-12 03:37:00,92.3
2025-06-12 05:07:00,1.8
2025-06-12 11:49:00,92.0
2025-06-12 15:16:00,49.93628109892701
2025-06-12 07:27:00,53.5
2025-06-12 16:53:00,74.0
2025-06-12 14:10:00,30.8
2025-06-12 22:13:00,9.3
2025-06-12 14:47:00,92.0
2025-06-12 03:27:00,32.3
2025-06-12 04:33:00,45.1
2025-06-12 02:10:00,49.2
2025-06-12 09:56:00,21.7
2025-06-12 11:09:00,74.1
2025-06-12 21:35:00,49.93628109892701
2025-06-12 11:25:00,12.8
2025-06-12 01:18:00,37.7
2025-06-12 00:35:00,43.2
2025-06-12 16:21:00,47.2
2025-06-12 05:53:00,42.1
2025-06-12 00:08:00,5.6
2025-06-12 19:28:00,49.93628109892701
2025-06-12 01:10:00,0.5
2025-06-12 13:26:00,78.2
2025-06-12 17:14:00,84.9
2025-06-12 16:17:00,45.5
2025-06-12 05:38:00,27.4
2025-06-12 09:56:00,12.4
2025-06-12 02:34:00,82.6
2025-06-12 12:59:00,23.9
2025-06-12 14:58:00,37.2
2025-06-12 11:00:00,40.2
2025-06-12 04:07:00,46.1
2025-06-12 01:17:00,93.8
2025-06-12 12:32:00,4.9
2025-06-12 03:08:00,2.3
2025-06-12 15:59:00,8.6
2025-06-12 20:28:00,49.93628109892701
2025-06-12 01:28:00,84.4
2025-06-12 16:13:00,49.93628109892701
2025-06-12 01:08:00,49.93628109892701
2025-06-12 07:17:00,49.93628109892701
2025-06-12 15:52:00,5.6
2025-06-12 03:36:00,18.2
2025-06-12 19:47:00,60.7
2025-06-12 02:07:00,66.3
2025-06-12 23:08:00,40.6
2025-06-12 21:02:00,49.93628109892701
2025-06-12 13:15:00,75.3
2025-06-12 22:54:00,25.1
2025-06-12 13:22:00,70.4
2025-06-12 16:45:00,6.8
2025-06-12 18:39:00,41.5
2025-06-12 13:52:00,60.8
2025-06-12 01:40:00,15.4
2025-06-12 01:58:00,49.93628109892701
2025-06-12 23:07:00,57.1
2025-06-12 16:58:00,94.1
2025-06-12 15:26:00,14.6
2025-06-12 03:17:00,81.2
2025-06-12 23:05:00,10.1
2025-06-12 17:35:00,71.5
2025-06-12 01:11:00,27.0
2025-06-12 15:06:00,42.4
2025-06-12 09:09:00,51.2
2025-06-12 05:03:00,57.0
2025-06-12 21:16:00,44.1
2025-06-12 13:30:00,97.8
2025-06-12 14:51:00,58.7
2025-06-12 03:19:00,11.8
2025-06-12 10:54:00,37.4
2025-06-12 16:44:00,49.93628109892701
2025-06-12 04:21:00,74.9
2025-06-12 07:43:00,98.0
2025-06-12 09:04:00,68.9
2025-06-12 12:50:00,38.3
2025-06-12 20:48:00,49.7
2025-06-12 23:33:00,81.4
2025-06-12 05:05:00,18.3
2025-06-12 08:19:00,42.1
2025-06-12 09:58:00,59.1
2025-06-12 08:20:00,6.2
2025-06-12 13:51:00,53.0
2025-06-12 01:25:00,30.7
2025-06-12 13:42:00,48.8
2025-06-12 18:28:00,36.4
2025-06-12 22:12:00,7.9
2025-06-12 10:11:00,1.7
2025-06-12 13:29:00,95.4
2025-06-12 21:20:00,15.1
2025-06-12 07:44:00,66.7
2025-06-12 09:41:00,31.2
2025-06-12 23:54:00,11.8
2025-06-12 21:32:00,32.3
2025-06-12 02:42:00,49.93628109892701
2025-06-12 08:44:00,79.3
2025-06-12 06:18:00,17.0
2025-06-12 08:09:00,92.5
2025-06-12 00:42:00,49.93628109892701
2025-06-12 03:29:00,79.8
2025-06-12 05:35:00,49.93628109892701
2025-06-12 23:38:00,91.8
2025-06-12 23:26:00,3.7
2025-06-12 09:52:00,45.3
2025-06-12 07:07:00,15.9
2025-06-12 01:23:00,55.6
2025-06-12 23:33:00,49.93628109892701
2025-06-12 09:00:00,6.7
2025-06-12 02:52:00,22.8
2025-06-12 22:05:00,55.0
2025-06-12 02:20:00,89.1
2025-06-12 01:41:00,28.3
2025-06-12 04:14:00,49.93628109892701
2025-06-12 12:22:00,84.9
2025-06-12 08:43:00,72.3
2025-06-12 20:02:00,78.1
2025-06-12 09:09:00,45.0
2025-06-12 18:12:00,49.93628109892701
2025-06-12 05:42:00,62.7
2025-06-12 11:06:00,59.1
2025-06-12 21:35:00,38.2
2025-06-12 00:41:00,82.4
2025-06-12 22:54:00,13.2
2025-06-12 15:21:00,30.4
2025-06-12 18:33:00,28.2
2025-06-12 06:08:00,5.7
2025-06-12 05:48:00,88.0
2025-06-12 16:54:00,49.93628109892701
2025-06-12 06:16:00,49.797736698660984
2025-06-12 20:48:00,8.4
2025-06-12 10:46:00,49.797736698660984
2025-06-12 01:04:00,59.8
2025-06-12 17:19:00,47.2
2025-06-12 23:53:00,25.0
2025-06-12 07:38:00,49.797736698660984
2025-06-12 02:32:00,49.797736698660984
2025-06-12 03:40:00,16.6
2025-06-12 15:38:00,5.0
2025-06-12 00:44:00,92.8
2025-06-12 18:03:00,98.1
2025-06-12 14:34:00,49.797736698660984
2025-06-12 04:05:00,70.6
2025-06-12 10:16:00,64.9
2025-06-12 06:38:00,94.9
2025-06-12 21:03:00,60.5
2025-06-12 11:10:00,33.1
2025-06-12 10:09:00,64.6
2025-06-12 11:52:00,10.1
2025-06-12 21:51:00,49.4
2025-06-12 15:37:00,19.1
2025-06-12 17:51:00,54.7
2025-06-12 10:11:00,79.7
2025-06-12 22:11:00,1.3
2025-06-12 10:15:00,46.5
2025-06-12 09:17:00,66.6
2025-06-12 00:06:00,92.3
2025-06-12 09:24:00,8.0
2025-06-12 03:34:00,43.4
2025-06-12 20:47:00,46.8
2025-06-12 06:20:00,91.7
2025-06-12 19:11:00,65.9
2025-06-12 02:05:00,80.8
2025-06-12 10:07:00,59.4
2025-06-12 02:10:00,93.9
2025-06-12 09:25:00,70.5
2025-06-12 09:52:00,63.2
2025-06-12 22:49:00,63.6
2025-06-12 10:53:00,68.3
2025-06-12 06:34:00,87.6
2025-06-12 08:41:00,39.6
2025-06-12 05:19:00,15.6
2025-06-12 10:39:00,49.797736698660984
2025-06-12 23:48:00,33.7
2025-06-12 08:23:00,35.8
2025-06-12 02:02:00,66.8
2025-06-12 07:57:00,55.8
2025-06-12 16:03:00,39.1
2025-06-12 09:33:00,92.7
2025-06-12 06:01:00,0.4
2025-06-12 08:46:00,95.2
2025-06-12 16:09:00,22.0
2025-06-12 05:48:00,38.1
2025-06-12 12:16:00,37.5
2025-06-12 04:28:00,49.797736698660984
2025-06-12 23:49:00,68.3
2025-06-12 00:54:00,49.797736698660984
2025-06-12 16:45:00,6.0
2025-06-12 23:27:00,24.3
2025-06-12 00:25:00,62.7
2025-06-12 00:43:00,73.5
2025-06-12 10:21:00,92.3
2025-06-12 07:24:00,4.6
2025-06-12 00:09:00,60.0
2025-06-12 20:42:00,66.1
2025-06-12 16:58:00,78.9
2025-06-12 13:50:00,5.2
2025-06-12 04:03:00,70.8
2025-06-12 14:50:00,51.9
2025-06-12 18:14:00,72.0
2025-06-12 09:17:00,12.9
2025-06-12 16:29:00,20.1
2025-06-12 06:25:00,31.7
2025-06-12 02:57:00,56.3
2025-06-12 22:21:00,49.797736698660984
2025-06-12 19:52:00,20.3
2025-06-12 03:27:00,37.4
2025-06-12 11:24:00,82.8
2025-06-12 12:16:00,85.1
2025-06-12 14:22:00,43.0
2025-06-12 11:35:00,93.9
2025-06-12 08:19:00,98.8
2025-06-12 15:41:00,49.797736698660984
2025-06-12 14:55:00,2.1
2025-06-12 11:13:00,54.1
2025-06-12 11:51:00,71.1
2025-06-12 21:38:00,9.5
2025-06-12 11:59:00,7.8
2025-06-12 12:11:00,36.8
2025-06-12 10:27:00,99.2
2025-06-12 08:29:00,15.3
2025-06-12 07:40:00,87.2
2025-06-12 07:51:00,49.797736698660984
2025-06-12 12:51:00,25.4
2025-06-12 04:47:00,68.6
2025-06-12 20:15:00,56.6
2025-06-12 03:07:00,53.2
2025-06-12 17:55:00,18.5
2025-06-12 21:27:00,32.8
2025-06-12 18:08:00,49.797736698660984
2025-06-12 03:53:00,49.797736698660984
2025-06-12 21:23:00,71.8
2025-06-12 10:18:00,61.8
2025-06-12 08:17:00,56.2
2025-06-12 07:42:00,49.797736698660984
2025-06-12 09:51:00,0.1
2025-06-12 10:28:00,47.7
2025-06-12 02:13:00,99.8
2025-06-12 04:04:00,85.0
2025-06-12 01:52:00,65.7
2025-06-12 12:48:00,31.4
2025-06-12 11:13:00,82.5
2025-06-12 00:08:00,49.797736698660984
2025-06-12 12:24:00,66.1
2025-06-12 21:19:00,82.2
2025-06-12 21:58:00,7.1
2025-06-12 21:11:00,22.0
2025-06-12 18:21:00,83.5
2025-06-12 13:42:00,49.797736698660984
2025-06-12 01:10:00,97.8
2025-06-12 04:11:00,73.5
2025-06-12 16:49:00,64.4
2025-06-12 20:25:00,47.1
2025-06-12 09:31:00,94.7
2025-06-12 01:19:00,27.2
2025-06-12 08:45:00,86.1
2025-06-12 23:33:00,96.7
2025-06-12 00:20:00,34.9
2025-06-12 07:14:00,42.9
2025-06-12 12:57:00,14.9
2025-06-12 18:35:00,52.6
2025-06-12 02:37:00,17.5
2025-06-12 16:54:00,5.9
2025-06-12 03:44:00,21.6
2025-06-12 04:45:00,12.6
2025-06-12 15:54:00,41.0
2025-06-12 10:11:00,66.7
2025-06-12 17:26:00,59.5
2025-06-12 06:31:00,77.7
2025-06-12 20:43:00,50.9
2025-06-12 09:17:00,16.8
2025-06-12 13:05:00,6.6
2025-06-12 02:45:00,76.3
2025-06-12 09:32:00,41.2
2025-06-12 06:04:00,49.797736698660984
2025-06-12 21:49:00,61.0
2025-06-12 02:13:00,49.797736698660984
2025-06-12 01:12:00,62.7
2025-06-12 15:27:00,32.8
2025-06-12 01:01:00,86.2
2025-06-12 14:58:00,61.7
2025-06-12 04:11:00,28.2
2025-06-12 00:19:00,71.2
2025-06-12 14:37:00,76.1
2025-06-12 11:15:00,49.797736698660984
2025-06-12 04:32:00,78.1
2025-06-12 19:50:00,49.797736698660984
2025-06-12 06:45:00,2.2
2025-06-12 14:57:00,20.4
2025-06-12 00:15:00,50.8
2025-06-12 13:03:00,2.9
2025-06-12 07:48:00,86.6
2025-06-12 20:00:00,49.1
2025-06-12 01:18:00,14.2
2025-06-12 14:09:00,36.0
2025-06-12 10:58:00,71.9
2025-06-12 19:03:00,72.1
2025-06-12 19:30:00,35.8
2025-06-12 22:53:00,49.797736698660984
2025-06-12 23:48:00,23.5
2025-06-12 07:59:00,42.1
2025-06-12 13:11:00,30.9
2025-06-12 07:48:00,67.0
2025-06-12 17:13:00,49.797736698660984
2025-06-12 07:31:00,88.3
2025-06-12 01:59:00,94.7
2025-06-12 19:31:00,49.797736698660984
2025-06-12 06:15:00,49.797736698660984
2025-06-12 11:47:00,71.6
2025-06-12 14:03:00,2.9
2025-06-12 21:34:00,34.5
2025-06-12 00:49:00,58.2
2025-06-12 20:41:00,37.1
2025-06-12 11:24:00,31.6
2025-06-12 02:25:00,23.6
2025-06-12 07:50:00,18.7
2025-06-12 14:37:00,58.0
2025-06-12 23:59:00,49.797736698660984
2025-06-12 04:03:00,74.8
2025-06-12 20:41:00,3.5
2025-06-12 19:05:00,49.797736698660984
2025-06-12 07:43:00,49.797736698660984
2025-06-12 01:41:00,49.797736698660984
2025-06-12 02:45:00,9.6
2025-06-12 03:46:00,86.3
2025-06-12 10:30:00,49.797736698660984
2025-06-12 12:01:00,35.1
2025-06-12 21:47:00,52.5
2025-06-12 00:03:00,99.0
2025-06-12 00:30:00,80.2
2025-06-12 23:58:00,37.0
2025-06-12 14:50:00,21.3
2025-06-12 06:20:00,49.797736698660984
2025-06-12 08:28:00,35.8
2025-06-12 18:07:00,49.797736698660984
2025-06-12 07:53:00,49.797736698660984
2025-06-12 03:44:00,64.7
2025-06-12 11:08:00,31.6
2025-06-12 11:26:00,81.4
2025-06-12 03:04:00,60.8
2025-06-12 22:35:00,65.9
2025-06-12 17:25:00,25.3
2025-06-12 18:48:00,1.6
2025-06-12 06:43:00,49.797736698660984
2025-06-12 00:34:00,49.797736698660984
2025-06-12 00:35:00,96.0
2025-06-12 13:30:00,1.2
2025-06-12 00:26:00,87.3
2025-06-12 00:27:00,23.1
2025-06-12 10:00:00,72.8
2025-06-12 03:40:00,49.797736698660984
2025-06-12 23:13:00,49.797736698660984
2025-06-12 12:28:00,76.0
2025-06-12 08:01:00,37.1
2025-06-12 04:24:00,77.7
2025-06-12 03:30:00,93.2
2025-06-12 21:25:00,49.797736698660984
2025-06-12 09:25:00,7.5
2025-06-12 22:32:00,47.4
2025-06-12 17:47:00,80.2
2025-06-12 19:42:00,59.0
2025-06-12 20:57:00,15.3
2025-06-12 07:48:00,49.797736698660984
2025-06-12 06:45:00,96.1
2025-06-12 23:47:00,49.797736698660984
2025-06-12 12:11:00,54.3
2025-06-12 21:31:00,49.797736698660984
2025-06-12 01:37:00,74.9
2025-06-12 14:46:00,31.1
2025-06-12 07:07:00,35.7
2025-06-12 10:39:00,17.7
2025-06-12 03:28:00,29.7
2025-06-12 17:02:00,29.2
2025-06-12 19:42:00,96.2
2025-06-12 06:58:00,76.8
2025-06-12 14:02:00,51.3
2025-06-12 08:10:00,97.2
2025-06-12 07:14:00,16.5
2025-06-12 08:11:00,58.1
2025-06-12 02:53:00,58.5
2025-06-12 20:29:00,49.797736698660984
2025-06-12 06:36:00,44.2
2025-06-12 22:20:00,10.8
2025-06-12 10:00:00,68.8
2025-06-12 18:26:00,95.1
2025-06-12 05:55:00,49.797736698660984
2025-06-12 21:16:00,31.0
2025-06-12 06:21:00,36.0
2025-06-12 21:52:00,72.8
2025-06-12 19:18:00,14.4
2025-06-12 09:56:00,47.9
2025-06-12 03:07:00,41.6
2025-06-12 04:35:00,61.9
2025-06-12 17:12:00,49.797736698660984
2025-06-12 04:21:00,56.2
2025-06-12 00:02:00,28.0
2025-06-12 12:27:00,93.3
2025-06-12 12:34:00,76.5
2025-06-12 17:55:00,70.0
2025-06-12 13:45:00,45.1
2025-06-12 14:13:00,14.7
2025-06-12 23:05:00,52.5
2025-06-12 16:32:00,32.6
2025-06-12 08:31:00,57.5
2025-06-12 03:18:00,49.797736698660984
2025-06-12 20:19:00,64.3
2025-06-12 21:39:00,1.4
2025-06-12 03:52:00,60.2
2025-06-12 05:37:00,60.5
2025-06-12 06:15:00,49.797736698660984
2025-06-12 16:25:00,42.4
2025-06-12 18:03:00,25.5
2025-06-12 18:11:00,30.1
2025-06-12 22:06:00,31.7
2025-06-12 22:23:00,59.9
2025-06-12 02:47:00,49.797736698660984
2025-06-12 13:58:00,49.797736698660984
2025-06-12 19:23:00,75.9
2025-06-12 03:47:00,17.4
2025-06-12 12:58:00,49.797736698660984
2025-06-12 10:08:00,9.6
2025-06-12 12:33:00,30.5
2025-06-12 21:23:00,76.8
2025-06-12 16:16:00,9.4
2025-06-12 07:01:00,28.4
2025-06-12 03:51:00,6.7
2025-06-12 00:24:00,24.7
2025-06-12 23:18:00,19.4
2025-06-12 17:23:00,49.797736698660984
2025-06-12 10:45:00,57.9
2025-06-12 12:35:00,55.7
2025-06-12 06:23:00,39.6
2025-06-12 09:07:00,42.9
2025-06-12 15:17:00,49.797736698660984
2025-06-12 20:41:00,3.2
2025-06-12 21:34:00,48.0
2025-06-12 01:35:00,91.5
2025-06-12 09:19:00,37.8
2025-06-12 18:55:00,66.3
2025-06-12 00:56:00,79.8
2025-06-12 18:53:00,17.8
2025-06-12 18:39:00,70.6
2025-06-12 20:24:00,94.8
2025-06-12 09:29:00,91.7
2025-06-12 14:10:00,68.3
2025-06-12 20:07:00,49.797736698660984
2025-06-12 21:50:00,92.5
2025-06-12 19:59:00,1.0
2025-06-12 19:45:00,3.1
2025-06-12 17:40:00,49.797736698660984
2025-06-12 10:38:00,61.0
2025-06-12 06:34:00,27.3
2025-06-12 08:13:00,12.6
2025-06-12 06:24:00,74.1
2025-06-12 18:05:00,30.7
2025-06-12 00:28:00,21.1
2025-06-12 17:16:00,41.2
2025-06-12 18:57:00,67.0
2025-06-12 22:40:00,5.8
2025-06-12 13:29:00,27.2
2025-06-12 06:40:00,54.0
2025-06-12 23:58:00,22.1
2025-06-12 09:58:00,90.1
2025-06-12 19:44:00,4.5
2025-06-12 03:22:00,35.5
2025-06-12 03:14:00,17.3
2025-06-12 18:03:00,50.18136565940501
2025-06-12 20:58:00,61.2
2025-06-12 14:47:00,19.4
2025-06-12 14:48:00,50.18136565940501
2025-06-12 11:40:00,53.4
2025-06-12 07:02:00,12.8
2025-06-12 15:09:00,50.18136565940501
2025-06-12 08:47:00,28.3
2025-06-12 05:17:00,18.0
2025-06-12 10:47:00,19.7
2025-06-12 05:38:00,47.1
2025-06-12 14:10:00,33.7
2025-06-12 19:48:00,89.8
2025-06-12 03:57:00,50.18136565940501
2025-06-12 06:47:00,13.0
2025-06-12 06:30:00,23.2
2025-06-12 10:27:00,70.0
2025-06-12 14:02:00,50.18136565940501
2025-06-12 12:04:00,48.3
2025-06-12 17:29:00,49.9
2025-06-12 13:23:00,6.7
2025-06-12 23:33:00,60.4
2025-06-12 00:15:00,50.18136565940501
2025-06-12 12:15:00,96.5
2025-06-12 00:02:00,50.18136565940501
2025-06-12 20:44:00,50.18136565940501
2025-06-12 14:16:00,67.5
2025-06-12 21:25:00,60.0
2025-06-12 23:31:00,35.1
2025-06-12 04:26:00,9.3
2025-06-12 08:09:00,50.18136565940501
2025-06-12 05:21:00,58.8
2025-06-12 14:46:00,14.9
2025-06-12 09:06:00,50.18136565940501
2025-06-12 22:42:00,98.1
2025-06-12 01:29:00,85.4
2025-06-12 16:38:00,99.4
2025-06-12 06:42:00,50.18136565940501
2025-06-12 11:29:00,50.18136565940501
2025-06-12 02:35:00,9.9
2025-06-12 23:53:00,85.9
2025-06-12 09:30:00,14.7
2025-06-12 03:53:00,86.7
2025-06-12 10:00:00,93.9
2025-06-12 15:19:00,4.1
2025-06-12 05:45:00,8.4
2025-06-12 02:09:00,55.3
2025-06-12 20:34:00,9.8
2025-06-12 03:28:00,55.6
2025-06-12 10:47:00,34.0
2025-06-12 06:53:00,44.4
2025-06-12 08:34:00,50.18136565940501
2025-06-12 10:42:00,75.3
2025-06-12 11:16:00,50.18136565940501
2025-06-12 14:03:00,21.8
2025-06-12 20:54:00,50.18136565940501
2025-06-12 14:22:00,30.4
2025-06-12 18:02:00,50.18136565940501
2025-06-12 23:43:00,13.2
2025-06-12 13:46:00,84.7
2025-06-12 16:39:00,89.9
2025-06-12 12:20:00,39.0
2025-06-12 18:57:00,98.6
2025-06-12 20:53:00,36.1
2025-06-12 05:29:00,28.0
2025-06-12 21:20:00,76.0
2025-06-12 12:37:00,42.0
2025-06-12 21:02:00,77.6
2025-06-12 17:12:00,38.9
2025-06-12 07:01:00,84.0
2025-06-12 11:29:00,50.18136565940501
2025-06-12 09:22:00,31.2
2025-06-12 17:22:00,43.7
2025-06-12 04:49:00,73.6
2025-06-12 01:19:00,95.7
2025-06-12 01:33:00,93.0
2025-06-12 09:43:00,69.3
2025-06-12 02:45:00,0.3
2025-06-12 10:56:00,56.8
2025-06-12 20:35:00,50.18136565940501
2025-06-12 21:57:00,13.8
2025-06-12 09:31:00,30.4
2025-06-12 12:13:00,55.7
2025-06-12 03:36:00,50.2
2025-06-12 16:56:00,50.18136565940501
2025-06-12 08:06:00,27.0
2025-06-12 08:50:00,43.2
2025-06-12 12:10:00,5.7
2025-06-12 14:37:00,43.0
2025-06-12 11:08:00,74.4
2025-06-12 03:39:00,52.7
2025-06-12 01:07:00,33.5
2025-06-12 09:20:00,50.18136565940501
2025-06-12 23:56:00,42.9
2025-06-12 02:27:00,99.1
2025-06-12 11:56:00,32.3
2025-06-12 17:04:00,50.18136565940501
2025-06-12 04:21:00,82.0
2025-06-12 14:51:00,86.6
2025-06-12 00:21:00,16.6
2025-06-12 03:27:00,69.4
2025-06-12 06:38:00,53.4
2025-06-12 01:43:00,51.7
2025-06-12 20:16:00,50.18136565940501
2025-06-12 10:17:00,41.2
2025-06-12 00:15:00,62.0
2025-06-12 01:33:00,8.3
2025-06-12 12:16:00,17.1
2025-06-12 04:40:00,50.18136565940501
2025-06-12 18:53:00,80.2
2025-06-12 19:12:00,48.2
2025-06-12 02:23:00,33.2
2025-06-12 04:03:00,59.0
2025-06-12 03:35:00,41.0
2025-06-12 19:48:00,50.18136565940501
2025-06-12 05:03:00,58.7
2025-06-12 02:58:00,46.0
2025-06-12 09:16:00,59.5
2025-06-12 10:07:00,51.8
2025-06-12 05:41:00,43.4
2025-06-12 15:19:00,93.4
2025-06-12 20:09:00,95.3
2025-06-12 02:05:00,3.0
2025-06-12 02:27:00,34.2
2025-06-12 20:51:00,19.4
2025-06-12 05:58:00,50.18136565940501
2025-06-12 16:16:00,50.18136565940501
2025-06-12 05:59:00,77.8
2025-06-12 09:06:00,21.9
2025-06-12 14:11:00,19.8
2025-06-12 16:02:00,89.8
2025-06-12 10:55:00,50.18136565940501
2025-06-12 21:47:00,41.2
2025-06-12 03:43:00,42.0
2025-06-12 11:33:00,50.18136565940501
2025-06-12 16:14:00,50.18136565940501
2025-06-12 06:12:00,15.9
2025-06-12 19:31:00,50.18136565940501
2025-06-12 10:47:00,49.3
2025-06-12 15:51:00,1.4
2025-06-12 15:54:00,18.3
2025-06-12 04:00:00,53.3
2025-06-12 06:09:00,71.6
2025-06-12 21:28:00,10.6
2025-06-12 02:46:00,18.7
2025-06-12 06:44:00,51.7
2025-06-12 17:07:00,51.9
2025-06-12 06:42:00,11.8
2025-06-12 08:16:00,30.5
2025-06-12 06:13:00,42.5
2025-06-12 12:37:00,40.7
2025-06-12 09:53:00,50.18136565940501
2025-06-12 06:51:00,20.5
2025-06-12 11:45:00,50.18136565940501
2025-06-12 21:23:00,52.3
2025-06-12 21:35:00,50.18136565940501
2025-06-12 19:15:00,11.6
2025-06-12 00:49:00,6.8
2025-06-12 21:09:00,9.6
2025-06-12 18:25:00,94.1
2025-06-12 00:40:00,97.6
2025-06-12 18:19:00,41.4
2025-06-12 09:34:00,50.18136565940501
2025-06-12 13:33:00,46.2
2025-06-12 11:07:00,42.3
2025-06-12 09:01:00,2.4
2025-06-12 20:41:00,67.2
2025-06-12 23:25:00,50.18136565940501
2025-06-12 08:58:00,28.3
2025-06-12 08:41:00,92.1
2025-06-12 23:46:00,28.9
2025-06-12 21:44:00,81.7
2025-06-12 16:01:00,20.0
2025-06-12 05:21:00,50.9
2025-06-12 06:21:00,37.9
2025-06-12 18:55:00,50.18136565940501
2025-06-12 06:07:00,64.9
2025-06-12 15:06:00,78.9
2025-06-12 07:59:00,59.8
2025-06-12 09:33:00,54.3
2025-06-12 00:48:00,50.4
2025-06-12 03:35:00,76.9
2025-06-12 07:05:00,32.3
2025-06-12 19:08:00,50.18136565940501
2025-06-12 00:18:00,22.0
2025-06-12 20:08:00,76.6
2025-06-12 19:03:00,89.7
2025-06-12 17:02:00,40.8
2025-06-12 11:18:00,84.5
2025-06-12 15:15:00,98.7
2025-06-12 09:27:00,23.7
2025-06-12 13:42:00,6.2
2025-06-12 13:15:00,48.6
2025-06-12 18:38:00,15.5
2025-06-12 13:42:00,62.6
2025-06-12 19:17:00,50.18136565940501
2025-06-12 11:32:00,95.1
2025-06-12 10:10:00,50.18136565940501
2025-06-12 09:38:00,94.8
2025-06-12 08:52:00,50.18136565940501
2025-06-12 13:41:00,6.5
2025-06-12 09:37:00,26.4
2025-06-12 17:21:00,14.6
2025-06-12 09:44:00,17.8
2025-06-12 16:48:00,35.5
2025-06-12 21:56:00,4.4
2025-06-12 18:35:00,27.7
2025-06-12 18:47:00,75.4
2025-06-12 07:52:00,50.18136565940501
2025-06-12 12:57:00,18.8
2025-06-12 19:46:00,69.5
2025-06-12 11:13:00,11.0
2025-06-12 05:06:00,63.4
2025-06-12 17:27:00,51.9
2025-06-12 19:36:00,12.0
2025-06-12 10:57:00,47.7
2025-06-12 15:26:00,10.1
2025-06-12 15:30:00,23.8
2025-06-12 06:04:00,75.9
2025-06-12 20:30:00,43.4
2025-06-12 18:39:00,22.1
2025-06-12 17:02:00,76.8
2025-06-12 06:01:00,36.9
2025-06-12 16:14:00,12.7
2025-06-12 04:18:00,76.0
2025-06-12 10:26:00,57.3
2025-06-12 03:15:00,60.2
2025-06-12 12:04:00,38.2
2025-06-12 12:19:00,57.1
2025-06-12 16:54:00,14.6
2025-06-12 18:06:00,5.8
2025-06-12 05:33:00,58.9
2025-06-12 21:51:00,83.4
2025-06-12 09:39:00,83.7
2025-06-12 09:37:00,22.5
2025-06-12 06:27:00,57.7
2025-06-12 22:00:00,61.5
2025-06-12 09:51:00,74.7
2025-06-12 12:07:00,4.1
2025-06-12 13:47:00,65.1
2025-06-12 03:37:00,50.18136565940501
2025-06-12 12:56:00,39.5
2025-06-12 17:25:00,63.3
2025-06-12 16:01:00,70.1
2025-06-12 06:27:00,68.0
2025-06-12 22:47:00,65.3
2025-06-12 10:06:00,46.4
2025-06-12 09:31:00,4.1
2025-06-12 14:14:00,70.6
2025-06-12 06:11:00,94.3
2025-06-12 07:30:00,4.4
2025-06-12 14:20:00,61.3
2025-06-12 10:28:00,99.9
2025-06-12 07:23:00,19.8
2025-06-12 23:33:00,94.0
2025-06-12 04:44:00,12.2
2025-06-12 13:54:00,44.9
2025-06-12 06:07:00,84.7
2025-06-12 08:36:00,41.1
2025-06-12 11:32:00,5.0
2025-06-12 20:45:00,30.5
2025-06-12 07:24:00,65.3
2025-06-12 19:18:00,66.4
2025-06-12 14:58:00,26.6
2025-06-12 10:54:00,52.4
2025-06-12 18:19:00,68.5
2025-06-12 21:20:00,12.3
2025-06-12 04:44:00,24.2
2025-06-12 07:21:00,26.8
2025-06-12 02:52:00,54.0
2025-06-12 17:00:00,97.1
2025-06-12 21:14:00,61.0
2025-06-12 21:38:00,75.8
2025-06-12 00:04:00,85.9
2025-06-12 12:54:00,35.5
2025-06-12 18:00:00,16.5
2025-06-12 09:05:00,88.1
2025-06-12 14:49:00,46.6
2025-06-12 03:35:00,54.8
2025-06-12 06:11:00,50.18136565940501
2025-06-12 16:29:00,57.4
2025-06-12 18:01:00,51.2
2025-06-12 06:32:00,21.6
2025-06-12 19:58:00,2.3
2025-06-12 12:05:00,45.6
2025-06-12 01:28:00,94.9
2025-06-12 07:22:00,22.3
2025-06-12 20:20:00,21.1
2025-06-12 17:08:00,81.8
2025-06-12 01:28:00,46.1
2025-06-12 17:01:00,95.8
2025-06-12 05:06:00,12.3
2025-06-12 01:56:00,41.8
2025-06-12 07:02:00,71.2
2025-06-12 23:12:00,11.5
2025-06-12 17:52:00,50.18136565940501
2025-06-12 12:20:00,28.5
2025-06-12 07:26:00,65.3
2025-06-12 11:03:00,96.5
2025-06-12 21:58:00,33.4
2025-06-12 22:45:00,59.4
2025-06-12 11:40:00,53.1
2025-06-12 04:19:00,99.1
2025-06-12 06:56:00,68.4
2025-06-12 17:05:00,94.3
2025-06-12 23:46:00,37.1
2025-06-12 05:51:00,49.7
2025-06-12 04:02:00,20.9
2025-06-12 09:37:00,25.7
2025-06-12 09:33:00,50.18136565940501
2025-06-12 06:19:00,50.18136565940501
2025-06-12 09:57:00,77.7
2025-06-12 05:54:00,72.5
2025-06-12 05:35:00,87.8
2025-06-12 08:16:00,89.1
2025-06-12 10:01:00,84.6
2025-06-12 15:08:00,7.7
2025-06-12 15:02:00,50.18136565940501
2025-06-12 18:32:00,34.0
2025-06-12 19:02:00,44.9
2025-06-12 23:53:00,95.4
2025-06-12 11:24:00,99.1
2025-06-12 04:48:00,49.5
2025-06-12 07:50:00,68.9
2025-06-12 10:44:00,20.6
2025-06-12 14:47:00,75.0
2025-06-12 15:08:00,45.5
2025-06-12 06:12:00,26.6
2025-06-12 23:19:00,99.7
2025-06-12 20:30:00,50.18136565940501
2025-06-12 17:29:00,35.6
2025-06-12 13:47:00,14.7
2025-06-12 01:30:00,93.2
2025-06-12 14:11:00,85.3
2025-06-12 07:02:00,24.7
2025-06-12 18:02:00,49.66792053602915
2025-06-12 17:41:00,39.9
2025-06-12 07:57:00,24.0
2025-06-12 03:56:00,50.5
2025-06-12 18:42:00,3.1
2025-06-12 09:10:00,38.1
2025-06-12 03:58:00,49.66792053602915
2025-06-12 09:52:00,68.7
2025-06-12 04:14:00,41.0
2025-06-12 10:54:00,76.1
2025-06-12 13:23:00,17.3
2025-06-12 14:14:00,15.0
2025-06-12 14:21:00,49.66792053602915
2025-06-12 17:32:00,61.4
2025-06-12 19:12:00,19.1
2025-06-12 23:30:00,44.1
2025-06-12 17:21:00,49.66792053602915
2025-06-12 22:31:00,51.4
2025-06-12 09:09:00,68.6
2025-06-12 17:16:00,16.4
2025-06-12 11:45:00,85.8
2025-06-12 04:45:00,75.9
2025-06-12 18:55:00,15.6
2025-06-12 01:16:00,49.66792053602915
2025-06-12 08:05:00,9.1
2025-06-12 15:24:00,62.8
2025-06-12 06:44:00,55.5
2025-06-12 13:25:00,50.3
2025-06-12 12:42:00,49.66792053602915
2025-06-12 09:00:00,8.6
2025-06-12 15:13:00,49.66792053602915
2025-06-12 00:39:00,44.2
2025-06-12 21:51:00,55.3
2025-06-12 05:04:00,42.4
2025-06-12 15:47:00,49.66792053602915
2025-06-12 20:15:00,44.3
2025-06-12 07:01:00,48.7
2025-06-12 19:40:00,28.4
2025-06-12 19:52:00,36.4
2025-06-12 08:20:00,11.4
2025-06-12 20:09:00,33.8
2025-06-12 12:24:00,32.2
2025-06-12 21:15:00,25.1
2025-06-12 11:19:00,40.1
2025-06-12 16:22:00,63.9
2025-06-12 23:50:00,41.8
2025-06-12 01:13:00,9.9
2025-06-12 20:25:00,25.3
2025-06-12 09:31:00,8.9
2025-06-12 16:39:00,61.2
2025-06-12 16:24:00,49.66792053602915
2025-06-12 06:54:00,58.6
2025-06-12 22:44:00,43.6
2025-06-12 04:00:00,49.66792053602915
2025-06-12 08:24:00,59.3
2025-06-12 05:14:00,26.7
2025-06-12 11:31:00,77.2
2025-06-12 05:07:00,56.3
2025-06-12 08:58:00,34.0
2025-06-12 01:41:00,35.4
2025-06-12 10:13:00,60.6
2025-06-12 16:08:00,49.66792053602915
2025-06-12 00:13:00,60.0
2025-06-12 16:21:00,68.0
2025-06-12 05:06:00,3.7
2025-06-12 11:53:00,53.9
2025-06-12 14:10:00,49.66792053602915
2025-06-12 19:10:00,25.2
2025-06-12 00:10:00,32.6
2025-06-12 21:08:00,71.6
2025-06-12 18:57:00,27.0
2025-06-12 03:54:00,34.3
2025-06-12 07:46:00,14.9
2025-06-12 04:52:00,49.66792053602915
2025-06-12 06:47:00,85.4
2025-06-12 18:14:00,3.9
2025-06-12 19:33:00,64.4
2025-06-12 14:16:00,33.1
2025-06-12 09:20:00,32.7
2025-06-12 08:43:00,67.5
2025-06-12 06:38:00,65.2
2025-06-12 19:10:00,50.9
2025-06-12 08:30:00,82.3
2025-06-12 04:08:00,49.66792053602915
2025-06-12 02:17:00,95.9
2025-06-12 17:50:00,49.66792053602915
2025-06-12 02:52:00,32.9
2025-06-12 22:14:00,36.5
2025-06-12 17:52:00,72.1
2025-06-12 08:33:00,11.4
2025-06-12 09:14:00,96.6
2025-06-12 14:34:00,22.3
2025-06-12 13:00:00,91.2
2025-06-12 22:20:00,90.3
2025-06-12 07:29:00,87.3
2025-06-12 18:34:00,49.66792053602915
2025-06-12 07:17:00,49.66792053602915
2025-06-12 23:29:00,8.8
2025-06-12 16:56:00,49.66792053602915
2025-06-12 23:52:00,87.0
2025-06-12 08:38:00,23.4
2025-06-12 04:16:00,9.5
2025-06-12 21:07:00,49.66792053602915
2025-06-12 18:37:00,12.7
2025-06-12 07:54:00,55.0
2025-06-12 01:27:00,49.5
2025-06-12 18:58:00,83.8
2025-06-12 01:12:00,32.6
2025-06-12 08:47:00,14.2
2025-06-12 11:10:00,52.9
2025-06-12 06:09:00,44.0
2025-06-12 11:06:00,49.66792053602915
2025-06-12 12:54:00,31.4
2025-06-12 02:33:00,49.66792053602915
2025-06-12 13:59:00,37.0
2025-06-12 18:33:00,27.5
2025-06-12 17:31:00,49.66792053602915
2025-06-12 16:10:00,49.66792053602915
2025-06-12 13:13:00,78.9
2025-06-12 21:20:00,68.6
2025-06-12 20:39:00,67.5
2025-06-12 14:46:00,22.6
2025-06-12 16:42:00,66.4
2025-06-12 03:35:00,98.0
2025-06-12 13:43:00,70.6
2025-06-12 10:22:00,73.5
2025-06-12 11:59:00,64.5
2025-06-12 16:58:00,81.0
2025-06-12 09:11:00,83.3
2025-06-12 13:57:00,30.0
2025-06-12 08:59:00,49.66792053602915
2025-06-12 20:57:00,17.4
2025-06-12 23:51:00,25.2
2025-06-12 22:29:00,71.8
2025-06-12 02:03:00,30.1
2025-06-12 13:12:00,14.5
2025-06-12 00:46:00,49.66792053602915
2025-06-12 17:09:00,91.9
2025-06-12 18:09:00,49.66792053602915
2025-06-12 00:54:00,61.3
2025-06-12 09:28:00,49.66792053602915
2025-06-12 09:03:00,42.2
2025-06-12 19:15:00,18.0
2025-06-12 14:17:00,45.8
2025-06-12 11:56:00,83.1
2025-06-12 10:43:00,61.2
2025-06-12 20:18:00,39.8
2025-06-12 18:08:00,49.66792053602915
2025-06-12 03:39:00,44.4
2025-06-12 10:09:00,18.4
2025-06-12 15:38:00,97.6
2025-06-12 13:30:00,10.5
2025-06-12 08:57:00,49.66792053602915
2025-06-12 13:11:00,42.6
2025-06-12 23:41:00,2.3
2025-06-12 15:33:00,23.0
2025-06-12 18:31:00,54.7
2025-06-12 11:01:00,0.5
2025-06-12 06:46:00,3.3
2025-06-12 14:13:00,38.2
2025-06-12 07:15:00,88.0
2025-06-12 22:26:00,49.66792053602915
2025-06-12 23:56:00,35.8
2025-06-12 04:19:00,50.9
2025-06-12 02:42:00,32.1
2025-06-12 00:05:00,58.7
2025-06-12 23:16:00,87.3
2025-06-12 08:47:00,54.8
2025-06-12 21:59:00,76.7
2025-06-12 03:15:00,15.8
2025-06-12 12:34:00,56.2
2025-06-12 04:47:00,49.66792053602915
2025-06-12 18:32:00,25.4
2025-06-12 22:49:00,88.6
2025-06-12 04:43:00,51.8
2025-06-12 08:46:00,49.66792053602915
2025-06-12 00:56:00,7.9
2025-06-12 10:19:00,62.5
2025-06-12 20:28:00,39.3
2025-06-12 16:38:00,42.3
2025-06-12 06:04:00,17.5
2025-06-12 21:54:00,9.0
2025-06-12 00:37:00,32.4
2025-06-12 08:06:00,49.66792053602915
2025-06-12 02:46:00,2.5
2025-06-12 17:20:00,65.7
2025-06-12 11:06:00,25.5
2025-06-12 11:26:00,45.7
2025-06-12 13:18:00,17.7
2025-06-12 01:30:00,49.66792053602915
2025-06-12 19:10:00,12.7
2025-06-12 14:26:00,49.66792053602915
2025-06-12 12:43:00,58.3
2025-06-12 07:20:00,18.9
2025-06-12 12:21:00,3.9
2025-06-12 02:11:00,44.5
2025-06-12 06:49:00,8.1
2025-06-12 13:07:00,29.0
2025-06-12 02:16:00,16.4
2025-06-12 08:04:00,39.3
2025-06-12 01:16:00,68.6
2025-06-12 20:42:00,57.3
2025-06-12 14:20:00,41.3
2025-06-12 01:56:00,68.0
2025-06-12 13:59:00,96.9
2025-06-12 10:32:00,82.9
2025-06-12 13:50:00,51.7
2025-06-12 18:28:00,88.5
2025-06-12 18:01:00,49.66792053602915
2025-06-12 20:13:00,8.3
2025-06-12 03:00:00,9.1
2025-06-12 19:41:00,9.7
2025-06-12 06:10:00,49.66792053602915
2025-06-12 08:53:00,68.1
2025-06-12 08:13:00,24.6
2025-06-12 18:50:00,90.1
2025-06-12 05:10:00,23.8
2025-06-12 13:09:00,8.3
2025-06-12 22:49:00,52.0
2025-06-12 21:04:00,6.9
2025-06-12 08:30:00,60.4
2025-06-12 23:47:00,86.9
2025-06-12 04:58:00,32.3
2025-06-12 21:38:00,49.66792053602915
2025-06-12 04:23:00,49.66792053602915
2025-06-12 19:20:00,64.1
2025-06-12 11:56:00,75.8
2025-06-12 11:56:00,20.6
2025-06-12 20:30:00,6.5
2025-06-12 15:00:00,2.1
2025-06-12 21:18:00,9.2
2025-06-12 21:25:00,49.66792053602915
2025-06-12 17:19:00,57.8
2025-06-12 14:58:00,49.66792053602915
2025-06-12 10:12:00,55.0
2025-06-12 01:14:00,80.5
2025-06-12 15:44:00,30.2
2025-06-12 00:45:00,93.4
2025-06-12 14:51:00,73.4
2025-06-12 03:29:00,49.66792053602915
2025-06-12 11:26:00,82.1
2025-06-12 11:06:00,47.3
2025-06-12 13:35:00,11.5
2025-06-12 05:28:00,17.1
2025-06-12 06:33:00,72.8
2025-06-12 21:25:00,49.66792053602915
2025-06-12 22:38:00,10.6
2025-06-12 09:18:00,49.66792053602915
2025-06-12 09:22:00,83.2
2025-06-12 00:23:00,67.9
2025-06-12 14:46:00,49.66792053602915
2025-06-12 21:49:00,52.3
2025-06-12 05:26:00,80.5
2025-06-12 21:47:00,60.7
2025-06-12 21:11:00,49.66792053602915
2025-06-12 19:37:00,69.6
2025-06-12 10:07:00,9.0
2025-06-12 06:43:00,23.0
2025-06-12 06:57:00,39.2
2025-06-12 08:27:00,31.5
2025-06-12 07:55:00,95.0
2025-06-12 03:23:00,12.9
2025-06-12 00:32:00,64.0
2025-06-12 15:54:00,19.4
2025-06-12 07:36:00,17.9
2025-06-12 03:59:00,78.9
2025-06-12 21:10:00,79.8
2025-06-12 10:06:00,7.5
2025-06-12 06:21:00,2.2
2025-06-12 21:29:00,74.1
2025-06-12 07:45:00,49.66792053602915
2025-06-12 00:15:00,49.66792053602915
2025-06-12 00:06:00,37.2
2025-06-12 02:13:00,16.8
2025-06-12 08:51:00,49.66792053602915
2025-06-12 11:39:00,62.9
2025-06-12 05:28:00,70.4
2025-06-12 22:16:00,69.1
2025-06-12 22:08:00,95.9
2025-06-12 20:35:00,46.1
2025-06-12 14:15:00,49.66792053602915
2025-06-12 18:02:00,31.9
2025-06-12 15:08:00,80.1
2025-06-12 10:43:00,3.6
2025-06-12 05:35:00,58.6
2025-06-12 20:54:00,60.8
2025-06-12 05:05:00,47.7
2025-06-12 03:08:00,10.7
2025-06-12 19:42:00,82.2
2025-06-12 10:29:00,41.0
2025-06-12 18:31:00,19.7
2025-06-12 00:59:00,31.4
2025-06-12 18:52:00,4.7
2025-06-12 16:08:00,17.1
2025-06-12 17:55:00,9.2
2025-06-12 13:18:00,5.3
2025-06-12 15:27:00,65.8
2025-06-12 18:28:00,49.66792053602915
2025-06-12 17:04:00,66.8
2025-06-12 18:46:00,16.6
2025-06-12 07:30:00,42.2
2025-06-12 20:15:00,27.5
2025-06-12 04:11:00,7.2
2025-06-12 04:03:00,49.66792053602915
2025-06-12 07:51:00,56.7
2025-06-12 19:55:00,25.2
2025-06-12 08:36:00,29.8
2025-06-12 18:33:00,49.66792053602915
2025-06-12 23:06:00,77.6
2025-06-12 03:39:00,34.8
2025-06-12 05:30:00,36.7
2025-06-12 16:21:00,72.2
2025-06-12 04:45:00,77.7
2025-06-12 19:08:00,68.4
2025-06-12 19:02:00,20.6
2025-06-12 07:06:00,15.6
2025-06-12 04:16:00,53.3
2025-06-12 02:38:00,13.5
2025-06-12 01:16:00,49.66792053602915
2025-06-12 22:17:00,49.66792053602915
2025-06-12 08:10:00,80.3
2025-06-12 21:26:00,58.6
2025-06-12 07:53:00,68.8
2025-06-12 04:33:00,38.6
2025-06-12 01:41:00,30.4
2025-06-12 03:40:00,45.3
2025-06-12 01:46:00,93.3
2025-06-12 16:47:00,93.6
2025-06-12 17:34:00,91.6
2025-06-12 10:34:00,49.66792053602915
2025-06-12 08:52:00,45.1
2025-06-12 12:05:00,49.66792053602915
2025-06-12 21:38:00,29.2
2025-06-12 01:09:00,77.0
2025-06-12 01:34:00,70.3
2025-06-12 06:35:00,55.0
2025-06-12 05:50:00,3.8
2025-06-12 21:06:00,39.6
2025-06-12 22:18:00,19.0
2025-06-12 01:17:00,88.6
2025-06-12 20:29:00,49.66792053602915
2025-06-12 08:41:00,9.8
2025-06-12 10:25:00,97.7
2025-06-12 15:18:00,59.8
2025-06-12 03:20:00,49.1
2025-06-12 15:14:00,43.0
2025-06-12 08:14:00,6.8
2025-06-12 07:35:00,49.66792053602915
2025-06-12 16:14:00,80.3
2025-06-12 10:03:00,55.0
2025-06-12 11:22:00,49.66792053602915
2025-06-12 07:39:00,54.6
2025-06-12 19:48:00,49.66792053602915
2025-06-12 19:19:00,3.9
2025-06-12 12:25:00,49.66792053602915
2025-06-12 14:52:00,16.5
2025-06-12 23:58:00,66.8
2025-06-12 02:29:00,21.4
2025-06-12 08:04:00,49.66792053602915
2025-06-12 16:27:00,12.1
2025-06-12 06:38:00,17.4
2025-06-12 04:50:00,37.0
2025-06-12 03:50:00,56.5
2025-06-12 18:30:00,26.0
2025-06-12 18:41:00,58.2
2025-06-12 06:35:00,93.4
2025-06-12 10:34:00,33.8
2025-06-12 09:00:00,50.4
2025-06-12 00:01:00,19.2
2025-06-12 22:23:00,93.8
2025-06-12 16:10:00,25.3
2025-06-12 07:36:00,49.82591552591553
2025-06-12 22:57:00,35.7
2025-06-12 23:02:00,75.6
2025-06-12 12:11:00,62.2
2025-06-12 22:42:00,87.8
2025-06-12 00:11:00,89.9
2025-06-12 16:36:00,70.9
2025-06-12 09:19:00,40.5
2025-06-12 09:38:00,49.82591552591553
2025-06-12 11:24:00,10.1
2025-06-12 21:25:00,3.1
2025-06-12 18:42:00,84.1
2025-06-12 04:25:00,91.9
2025-06-12 22:48:00,40.5
2025-06-12 17:57:00,96.1
2025-06-12 15:17:00,76.1
2025-06-12 00:37:00,72.3
2025-06-12 09:01:00,51.0
2025-06-12 17:02:00,30.9
2025-06-12 21:05:00,2.2
2025-06-12 14:43:00,49.82591552591553
2025-06-12 13:39:00,19.2
2025-06-12 09:51:00,100.0
2025-06-12 10:29:00,49.82591552591553
2025-06-12 17:59:00,49.82591552591553
2025-06-12 03:15:00,46.3
2025-06-12 04:50:00,90.4
2025-06-12 18:29:00,93.6
2025-06-12 08:52:00,36.5
2025-06-12 06:47:00,10.5
2025-06-12 21:23:00,48.6
2025-06-12 09:31:00,49.82591552591553
2025-06-12 05:30:00,50.3
2025-06-12 12:22:00,4.0
2025-06-12 02:21:00,17.4
2025-06-12 05:01:00,3.9
2025-06-12 02:12:00,49.82591552591553
2025-06-12 14:22:00,49.82591552591553
2025-06-12 16:19:00,87.0
2025-06-12 14:31:00,44.3
2025-06-12 08:41:00,91.3
2025-06-12 07:03:00,49.82591552591553
2025-06-12 09:15:00,27.2
2025-06-12 06:17:00,49.82591552591553
2025-06-12 22:03:00,25.7
2025-06-12 23:05:00,49.82591552591553
2025-06-12 15:11:00,50.5
2025-06-12 17:46:00,46.4
2025-06-12 15:04:00,93.2
2025-06-12 13:44:00,69.5
2025-06-12 23:09:00,40.2
2025-06-12 13:11:00,98.9
2025-06-12 03:10:00,56.9
2025-06-12 13:27:00,92.9
2025-06-12 16:03:00,55.5
2025-06-12 15:00:00,61.5
2025-06-12 22:03:00,24.5
2025-06-12 14:22:00,91.8
2025-06-12 16:29:00,70.2
2025-06-12 07:32:00,72.4
2025-06-12 05:58:00,64.1
2025-06-12 17:52:00,49.82591552591553
2025-06-12 00:29:00,49.82591552591553
2025-06-12 14:27:00,94.9
2025-06-12 05:24:00,21.1
2025-06-12 02:49:00,46.6
2025-06-12 01:18:00,64.4
2025-06-12 07:38:00,83.2
2025-06-12 00:47:00,82.1
2025-06-12 02:08:00,53.8
2025-06-12 20:11:00,94.6
2025-06-12 04:57:00,24.1
2025-06-12 10:38:00,11.8
2025-06-12 05:17:00,63.6
2025-06-12 08:09:00,40.9
2025-06-12 11:43:00,49.82591552591553
2025-06-12 15:11:00,48.8
2025-06-12 04:23:00,42.9
2025-06-12 23:48:00,59.3
2025-06-12 07:45:00,49.82591552591553
2025-06-12 09:45:00,49.82591552591553
2025-06-12 20:54:00,45.6
2025-06-12 03:33:00,22.4
2025-06-12 10:20:00,38.0
2025-06-12 16:17:00,38.5
2025-06-12 12:06:00,73.9
2025-06-12 13:20:00,49.82591552591553
2025-06-12 00:36:00,49.82591552591553
2025-06-12 14:43:00,5.9
2025-06-12 09:33:00,58.1
2025-06-12 09:56:00,34.4
2025-06-12 15:27:00,86.9
2025-06-12 01:00:00,91.3
2025-06-12 05:41:00,59.9
2025-06-12 12:30:00,50.0
2025-06-12 04:26:00,85.5
2025-06-12 08:20:00,62.2
2025-06-12 01:44:00,70.1
2025-06-12 04:46:00,82.3
2025-06-12 18:48:00,49.82591552591553
2025-06-12 01:29:00,21.0
2025-06-12 12:05:00,19.5
2025-06-12 18:20:00,88.1
2025-06-12 10:44:00,90.9
2025-06-12 02:40:00,55.4
2025-06-12 22:32:00,89.7
2025-06-12 13:19:00,47.8
2025-06-12 17:06:00,32.8
2025-06-12 20:36:00,71.4
2025-06-12 14:18:00,49.82591552591553
2025-06-12 00:01:00,49.82591552591553
2025-06-12 18:04:00,42.7
2025-06-12 22:03:00,56.7
2025-06-12 23:01:00,75.5
2025-06-12 00:33:00,15.0
2025-06-12 19:33:00,79.3
2025-06-12 15:16:00,4.1
2025-06-12 22:19:00,16.7
2025-06-12 08:52:00,68.7
2025-06-12 14:04:00,68.3
2025-06-12 19:46:00,7.1
2025-06-12 18:11:00,49.82591552591553
2025-06-12 06:51:00,77.6
2025-06-12 00:04:00,91.7
2025-06-12 15:53:00,49.82591552591553
2025-06-12 19:23:00,40.3
2025-06-12 23:52:00,71.9
2025-06-12 05:14:00,12.7
2025-06-12 21:37:00,79.4
2025-06-12 17:26:00,2.4
2025-06-12 04:04:00,11.7
2025-06-12 13:33:00,67.6
2025-06-12 07:47:00,80.0
2025-06-12 07:04:00,30.0
2025-06-12 03:57:00,25.6
2025-06-12 22:46:00,21.9
2025-06-12 16:19:00,85.6
2025-06-12 08:40:00,19.1
2025-06-12 23:26:00,16.1
2025-06-12 03:30:00,49.82591552591553
2025-06-12 12:16:00,48.6
2025-06-12 08:51:00,27.2
2025-06-12 15:03:00,16.1
2025-06-12 15:52:00,88.0
2025-06-12 07:37:00,49.82591552591553
2025-06-12 11:23:00,25.4
2025-06-12 23:25:00,7.8
2025-06-12 06:38:00,60.0
2025-06-12 21:02:00,12.7
2025-06-12 20:12:00,73.0
2025-06-12 22:42:00,92.9
2025-06-12 05:52:00,5.0
2025-06-12 08:58:00,49.82591552591553
2025-06-12 10:38:00,26.6
2025-06-12 02:17:00,28.2
2025-06-12 13:49:00,70.1
2025-06-12 22:11:00,39.0
2025-06-12 02:21:00,45.9
2025-06-12 12:35:00,83.9
2025-06-12 11:00:00,49.82591552591553
2025-06-12 01:21:00,97.3
2025-06-12 02:41:00,91.6
2025-06-12 13:47:00,81.7
2025-06-12 11:16:00,87.3
2025-06-12 16:24:00,49.82591552591553
2025-06-12 12:42:00,31.2
2025-06-12 17:11:00,19.3
2025-06-12 22:38:00,32.7
2025-06-12 16:50:00,98.2
2025-06-12 04:48:00,49.82591552591553
2025-06-12 18:46:00,58.1
2025-06-12 03:05:00,50.7
2025-06-12 05:55:00,13.4
2025-06-12 08:10:00,40.6
2025-06-12 15:00:00,34.5
2025-06-12 01:06:00,93.1
2025-06-12 02:46:00,48.9
2025-06-12 05:39:00,74.1
2025-06-12 09:09:00,49.82591552591553
2025-06-12 03:37:00,95.6
2025-06-12 12:45:00,95.0
2025-06-12 00:43:00,25.5
2025-06-12 12:07:00,1.6
2025-06-12 10:56:00,17.2
2025-06-12 09:42:00,16.3
2025-06-12 12:09:00,49.82591552591553
2025-06-12 07:54:00,96.5
2025-06-12 20:42:00,99.2
2025-06-12 03:53:00,84.3
2025-06-12 02:56:00,49.82591552591553
2025-06-12 05:29:00,97.9
2025-06-12 11:09:00,98.7
2025-06-12 06:22:00,52.2
2025-06-12 23:49:00,25.0
2025-06-12 13:12:00,59.0
2025-06-12 23:55:00,77.7
2025-06-12 13:18:00,49.82591552591553
2025-06-12 21:08:00,26.9
2025-06-12 06:31:00,79.5
2025-06-12 23:02:00,49.82591552591553
2025-06-12 23:55:00,11.0
2025-06-12 05:00:00,15.0
2025-06-12 21:42:00,49.5
2025-06-12 10:39:00,90.9
2025-06-12 19:38:00,48.1
2025-06-12 14:05:00,0.4
2025-06-12 20:28:00,66.0
2025-06-12 07:49:00,46.9
2025-06-12 03:00:00,30.5
2025-06-12 05:28:00,79.6
2025-06-12 05:34:00,88.8
2025-06-12 18:32:00,18.9
2025-06-12 09:13:00,77.3
2025-06-12 03:57:00,7.4
2025-06-12 12:27:00,27.4
2025-06-12 08:56:00,50.6
2025-06-12 00:47:00,49.82591552591553
2025-06-12 15:11:00,92.0
2025-06-12 16:58:00,21.5
2025-06-12 23:34:00,37.3
2025-06-12 22:05:00,85.8
2025-06-12 04:16:00,31.3
2025-06-12 04:09:00,2.3
2025-06-12 19:51:00,23.0
2025-06-12 09:40:00,49.82591552591553
2025-06-12 13:21:00,93.9
2025-06-12 22:13:00,66.9
2025-06-12 15:41:00,1.9
2025-06-12 18:34:00,62.1
2025-06-12 22:43:00,6.0
2025-06-12 01:03:00,92.4
2025-06-12 16:29:00,43.2
2025-06-12 10:51:00,17.0
2025-06-12 03:30:00,49.82591552591553
2025-06-12 05:57:00,77.8
2025-06-12 18:04:00,62.3
2025-06-12 23:30:00,30.0
2025-06-12 11:42:00,25.9
2025-06-12 20:44:00,92.5
2025-06-12 00:25:00,49.82591552591553
2025-06-12 14:12:00,37.1
2025-06-12 08:40:00,98.6
2025-06-12 21:54:00,0.4
2025-06-12 21:40:00,78.5
2025-06-12 20:00:00,55.9
2025-06-12 16:19:00,42.0
2025-06-12 19:41:00,56.6
2025-06-12 03:30:00,35.1
2025-06-12 04:03:00,99.3
2025-06-12 16:16:00,49.82591552591553
2025-06-12 15:00:00,49.82591552591553
2025-06-12 16:42:00,90.9
2025-06-12 00:50:00,23.9
2025-06-12 04:33:00,93.9
2025-06-12 10:16:00,74.1
2025-06-12 02:07:00,47.9
2025-06-12 18:27:00,49.82591552591553
2025-06-12 21:28:00,32.6
2025-06-12 18:50:00,76.9
2025-06-12 23:42:00,50.7
2025-06-12 03:39:00,10.6
2025-06-12 19:03:00,55.2
2025-06-12 21:25:00,81.3
2025-06-12 11:47:00,48.7
2025-06-12 17:27:00,49.82591552591553
2025-06-12 12:59:00,18.3
2025-06-12 18:49:00,73.9
2025-06-12 14:15:00,8.7
2025-06-12 00:28:00,31.8
2025-06-12 14:33:00,23.6
2025-06-12 18:09:00,67.7
2025-06-12 20:39:00,75.2
2025-06-12 09:01:00,12.5
2025-06-12 17:23:00,74.8
2025-06-12 08:38:00,49.82591552591553
2025-06-12 12:18:00,83.3
2025-06-12 12:31:00,53.3
2025-06-12 21:47:00,79.7
2025-06-12 15:12:00,49.82591552591553
2025-06-12 18:21:00,5.9
2025-06-12 17:54:00,99.3
2025-06-12 07:12:00,94.0
2025-06-12 07:30:00,69.0
2025-06-12 18:28:00,37.7
2025-06-12 04:39:00,61.8
2025-06-12 08:27:00,81.0
2025-06-12 01:04:00,62.0
2025-06-12 12:53:00,7.3
2025-06-12 16:00:00,20.8
2025-06-12 20:47:00,77.7
2025-06-12 21:42:00,50.7
2025-06-12 06:06:00,49.82591552591553
2025-06-12 18:55:00,60.2
2025-06-12 14:19:00,34.2
2025-06-12 22:17:00,13.1
2025-06-12 23:44:00,77.2
2025-06-12 07:34:00,83.8
2025-06-12 13:21:00,10.3
2025-06-12 17:08:00,12.5
2025-06-12 15:34:00,73.3
2025-06-12 08:21:00,49.82591552591553
2025-06-12 21:07:00,44.3
2025-06-12 15:34:00,43.5
2025-06-12 02:58:00,49.82591552591553
2025-06-12 17:46:00,44.4
2025-06-12 20:24:00,47.0
2025-06-12 03:01:00,87.9
2025-06-12 07:41:00,75.2
2025-06-12 15:20:00,97.6
2025-06-12 10:44:00,49.82591552591553
2025-06-12 15:36:00,57.4
2025-06-12 02:02:00,16.0
2025-06-12 09:21:00,11.4
2025-06-12 21:53:00,60.5
2025-06-12 23:50:00,49.82591552591553
2025-06-12 09:12:00,56.7
2025-06-12 06:03:00,55.7
2025-06-12 18:41:00,65.0
2025-06-12 20:07:00,12.0
2025-06-12 13:54:00,4.6
2025-06-12 10:58:00,43.7
2025-06-12 06:44:00,70.6
2025-06-12 13:22:00,75.4
2025-06-12 10:16:00,53.9
2025-06-12 13:59:00,49.2
2025-06-12 07:51:00,62.0
2025-06-12 08:02:00,90.3
2025-06-12 19:36:00,49.82264106490752
2025-06-12 08:26:00,10.4
2025-06-12 09:47:00,63.8
2025-06-12 17:00:00,82.1
2025-06-12 01:19:00,3.3
2025-06-12 10:26:00,18.8
2025-06-12 13:52:00,89.5
2025-06-12 01:12:00,49.82264106490752
2025-06-12 04:39:00,60.2
2025-06-12 08:50:00,46.0
2025-06-12 11:09:00,5.7
2025-06-12 05:42:00,35.2
2025-06-12 06:40:00,18.3
2025-06-12 01:42:00,54.4
2025-06-12 13:41:00,49.82264106490752
2025-06-12 20:00:00,49.82264106490752
2025-06-12 03:30:00,37.8
2025-06-12 23:13:00,78.8
2025-06-12 18:39:00,49.82264106490752
2025-06-12 13:52:00,34.2
2025-06-12 19:52:00,7.5
2025-06-12 01:37:00,92.3
2025-06-12 16:43:00,36.1
2025-06-12 14:43:00,90.4
2025-06-12 15:31:00,2.1
2025-06-12 04:00:00,49.2
2025-06-12 21:12:00,79.9
2025-06-12 10:53:00,55.7
2025-06-12 08:07:00,85.1
2025-06-12 09:24:00,21.7
2025-06-12 05:36:00,49.1
2025-06-12 17:25:00,20.3
2025-06-12 13:27:00,48.8
2025-06-12 16:35:00,81.7
2025-06-12 01:13:00,49.82264106490752
2025-06-12 17:48:00,12.8
2025-06-12 00:09:00,79.8
2025-06-12 09:09:00,70.5
2025-06-12 13:21:00,78.7
2025-06-12 17:44:00,81.9
2025-06-12 12:51:00,18.1
2025-06-12 18:36:00,46.5
2025-06-12 21:03:00,69.4
2025-06-12 00:40:00,58.1
2025-06-12 06:21:00,49.82264106490752
2025-06-12 14:15:00,11.7
2025-06-12 01:16:00,96.9
2025-06-12 05:02:00,49.82264106490752
2025-06-12 18:57:00,60.4
2025-06-12 15:22:00,2.0
2025-06-12 19:05:00,5.7
2025-06-12 07:04:00,49.82264106490752
2025-06-12 05:03:00,49.82264106490752
2025-06-12 13:43:00,93.2
2025-06-12 13:40:00,67.6
2025-06-12 22:34:00,14.4
2025-06-12 19:20:00,91.9
2025-06-12 11:37:00,13.0
2025-06-12 00:25:00,49.82264106490752
2025-06-12 07:25:00,58.6
2025-06-12 09:18:00,45.6
2025-06-12 08:00:00,49.82264106490752
2025-06-12 11:39:00,80.4
2025-06-12 10:06:00,49.82264106490752
2025-06-12 03:36:00,44.7
2025-06-12 18:58:00,87.9
2025-06-12 22:12:00,49.82264106490752
2025-06-12 19:51:00,16.5
2025-06-12 06:52:00,95.8
2025-06-12 14:29:00,73.7
2025-06-12 15:27:00,20.4
2025-06-12 15:30:00,53.6
2025-06-12 03:09:00,10.3
2025-06-12 08:26:00,0.8
2025-06-12 12:46:00,68.5
2025-06-12 04:59:00,84.7
2025-06-12 13:51:00,74.7
2025-06-12 20:29:00,36.6
2025-06-12 12:40:00,78.4
2025-06-12 10:37:00,57.9
2025-06-12 02:04:00,4.1
2025-06-12 07:21:00,39.5
2025-06-12 17:16:00,38.4
2025-06-12 01:39:00,17.6
2025-06-12 00:06:00,24.7
2025-06-12 21:02:00,49.82264106490752
2025-06-12 15:43:00,10.0
2025-06-12 15:59:00,60.8
2025-06-12 11:32:00,49.82264106490752
2025-06-12 11:43:00,8.4
2025-06-12 16:14:00,76.8
2025-06-12 10:05:00,41.6
2025-06-12 11:34:00,13.1
2025-06-12 03:02:00,68.2
2025-06-12 16:35:00,54.4
2025-06-12 16:24:00,80.1
2025-06-12 18:37:00,47.7
2025-06-12 03:37:00,21.7
2025-06-12 01:50:00,50.0
2025-06-12 02:24:00,62.7
2025-06-12 21:28:00,2.6
2025-06-12 02:37:00,38.8
2025-06-12 11:26:00,27.2
2025-06-12 14:29:00,27.6
2025-06-12 00:45:00,59.5
2025-06-12 23:03:00,82.4
2025-06-12 02:48:00,10.9
2025-06-12 19:09:00,49.82264106490752
2025-06-12 03:50:00,8.6
2025-06-12 01:14:00,68.6
2025-06-12 05:45:00,2.9
2025-06-12 22:33:00,65.2
2025-06-12 22:34:00,28.2
2025-06-12 20:55:00,9.9
2025-06-12 22:19:00,93.3
2025-06-12 22:37:00,49.82264106490752
2025-06-12 06:21:00,80.3
2025-06-12 06:35:00,83.6
2025-06-12 09:53:00,15.0
2025-06-12 13:37:00,5.0
2025-06-12 20:26:00,9.6
2025-06-12 02:35:00,49.82264106490752
2025-06-12 02:38:00,60.4
2025-06-12 02:34:00,29.5
2025-06-12 19:10:00,67.4
2025-06-12 07:59:00,88.5
2025-06-12 17:38:00,87.6
2025-06-12 09:13:00,35.9
2025-06-12 04:17:00,49.82264106490752
2025-06-12 12:07:00,87.3
2025-06-12 04:29:00,59.7
2025-06-12 21:57:00,2.3
2025-06-12 07:01:00,52.7
2025-06-12 17:34:00,15.5
2025-06-12 18:33:00,80.6
2025-06-12 18:23:00,76.3
2025-06-12 22:52:00,20.4
2025-06-12 19:57:00,12.5
2025-06-12 14:59:00,21.6
2025-06-12 22:27:00,6.4
2025-06-12 03:26:00,30.7
2025-06-12 10:00:00,9.0
2025-06-12 17:23:00,27.5
2025-06-12 06:39:00,49.82264106490752
2025-06-12 21:42:00,49.82264106490752
2025-06-12 15:02:00,58.2
2025-06-12 00:26:00,49.82264106490752
2025-06-12 19:32:00,48.7
2025-06-12 07:14:00,49.82264106490752
2025-06-12 11:03:00,2.4
2025-06-12 22:27:00,49.82264106490752
2025-06-12 13:43:00,48.0
2025-06-12 04:58:00,33.3
2025-06-12 23:40:00,1.3
2025-06-12 10:08:00,57.2
2025-06-12 04:00:00,92.2
2025-06-12 14:08:00,34.9
2025-06-12 00:49:00,42.6
2025-06-12 13:45:00,49.82264106490752
2025-06-12 13:59:00,54.0
2025-06-12 14:13:00,49.82264106490752
2025-06-12 00:34:00,88.9
2025-06-12 20:49:00,49.82264106490752
2025-06-12 00:44:00,3.8
2025-06-12 04:15:00,47.3
2025-06-12 19:58:00,4.6
2025-06-12 09:19:00,14.1
2025-06-12 14:06:00,49.82264106490752
2025-06-12 21:10:00,49.82264106490752
2025-06-12 15:11:00,56.2
2025-06-12 17:33:00,96.9
2025-06-12 23:40:00,21.6
2025-06-12 19:53:00,49.82264106490752
2025-06-12 14:34:00,48.5
2025-06-12 21:38:00,48.8
2025-06-12 18:33:00,70.4
2025-06-12 14:05:00,1.2
2025-06-12 01:39:00,49.82264106490752
2025-06-12 10:21:00,49.82264106490752
2025-06-12 23:53:00,8.7
2025-06-12 00:15:00,45.2
2025-06-12 09:06:00,49.82264106490752
2025-06-12 08:20:00,49.82264106490752
2025-06-12 05:54:00,49.82264106490752
2025-06-12 15:31:00,85.7
2025-06-12 15:29:00,11.1
2025-06-12 11:09:00,36.9
2025-06-12 16:15:00,49.82264106490752
2025-06-12 06:04:00,64.7
2025-06-12 22:36:00,68.6
2025-06-12 01:31:00,5.4
2025-06-12 11:44:00,37.7
2025-06-12 10:09:00,94.0
2025-06-12 07:06:00,66.5
2025-06-12 12:37:00,32.4
2025-06-12 17:19:00,3.2
2025-06-12 14:55:00,90.2
2025-06-12 15:39:00,7.9
2025-06-12 19:26:00,49.82264106490752
2025-06-12 07:39:00,49.82264106490752
2025-06-12 06:06:00,5.6
2025-06-12 03:14:00,82.6
2025-06-12 06:32:00,63.2
2025-06-12 17:13:00,23.1
2025-06-12 04:23:00,15.7
2025-06-12 06:33:00,73.7
2025-06-12 23:36:00,49.82264106490752
2025-06-12 02:23:00,8.6
2025-06-12 13:00:00,96.8
2025-06-12 03:16:00,5.5
2025-06-12 05:32:00,56.0
2025-06-12 21:39:00,87.8
2025-06-12 16:30:00,41.0
2025-06-12 10:46:00,55.4
2025-06-12 14:56:00,74.0
2025-06-12 15:55:00,38.4
2025-06-12 17:54:00,49.82264106490752
2025-06-12 14:57:00,52.3
2025-06-12 14:12:00,62.7
2025-06-12 10:18:00,85.8
2025-06-12 09:28:00,91.7
2025-06-12 12:52:00,34.8
2025-06-12 07:11:00,19.5
2025-06-12 17:14:00,9.3
2025-06-12 08:54:00,13.4
2025-06-12 09:59:00,71.8
2025-06-12 03:02:00,94.5
2025-06-12 14:01:00,19.3
2025-06-12 18:46:00,3.1
2025-06-12 07:13:00,49.82264106490752
2025-06-12 02:48:00,79.3
2025-06-12 22:11:00,48.8
2025-06-12 01:16:00,16.4
2025-06-12 12:36:00,3.0
2025-06-12 18:28:00,14.0
2025-06-12 09:14:00,49.82264106490752
2025-06-12 00:52:00,37.4
2025-06-12 21:31:00,96.7
2025-06-12 18:30:00,32.6
2025-06-12 17:01:00,49.82264106490752
2025-06-12 15:32:00,11.4
2025-06-12 07:54:00,28.3
2025-06-12 16:57:00,3.0
2025-06-12 17:51:00,49.82264106490752
2025-06-12 01:55:00,58.3
2025-06-12 06:45:00,81.9
2025-06-12 23:08:00,69.5
2025-06-12 09:19:00,41.4
2025-06-12 08:29:00,15.4
2025-06-12 02:10:00,49.2
2025-06-12 17:10:00,67.3
2025-06-12 06:47:00,61.1
2025-06-12 03:51:00,75.5
2025-06-12 20:01:00,49.82264106490752
2025-06-12 01:13:00,1.7
2025-06-12 16:31:00,49.82264106490752
2025-06-12 20:05:00,88.7
2025-06-12 03:29:00,35.2
2025-06-12 15:25:00,4.6
2025-06-12 19:20:00,52.9
2025-06-12 05:04:00,98.4
2025-06-12 08:02:00,35.1
2025-06-12 13:07:00,86.6
2025-06-12 09:01:00,64.9
2025-06-12 10:43:00,83.5
2025-06-12 10:10:00,9.1
2025-06-12 11:20:00,85.5
2025-06-12 17:24:00,21.5
2025-06-12 00:50:00,66.2
2025-06-12 14:04:00,43.0
2025-06-12 15:45:00,49.82264106490752
2025-06-12 00:19:00,43.6
2025-06-12 19:38:00,46.0
2025-06-12 07:02:00,30.2
2025-06-12 14:05:00,41.1
2025-06-12 23:35:00,49.1
2025-06-12 08:22:00,46.9
2025-06-12 16:33:00,1.8
2025-06-12 02:01:00,3.3
2025-06-12 06:30:00,6.4
2025-06-12 00:16:00,2.8
2025-06-12 13:21:00,49.82264106490752
2025-06-12 19:02:00,19.9
2025-06-12 08:12:00,21.9
2025-06-12 16:18:00,10.0
2025-06-12 21:12:00,53.4
2025-06-12 20:31:00,82.5
2025-06-12 19:42:00,40.1
2025-06-12 04:18:00,49.82264106490752
2025-06-12 19:00:00,86.3
2025-06-12 08:28:00,29.5
2025-06-12 18:36:00,5.2
2025-06-12 14:59:00,55.9
2025-06-12 19:18:00,1.1
2025-06-12 10:07:00,44.6
2025-06-12 05:42:00,80.5
2025-06-12 08:24:00,20.0
2025-06-12 20:19:00,75.0
2025-06-12 22:18:00,52.6
2025-06-12 20:00:00,86.4
2025-06-12 15:14:00,85.5
2025-06-12 20:48:00,50.2
2025-06-12 17:40:00,25.8
2025-06-12 15:49:00,37.8
2025-06-12 21:15:00,49.82264106490752
2025-06-12 07:42:00,8.1
2025-06-12 21:50:00,20.8
2025-06-12 11:50:00,45.5
2025-06-12 01:02:00,49.82264106490752
2025-06-12 19:23:00,24.9
2025-06-12 15:11:00,49.82264106490752
2025-06-12 15:30:00,36.4
2025-06-12 20:36:00,22.8
2025-06-12 04:50:00,46.9
2025-06-12 18:43:00,1.8
2025-06-12 19:36:00,19.7
2025-06-12 16:38:00,41.2
2025-06-12 13:17:00,26.4
2025-06-12 00:54:00,73.1
2025-06-12 15:38:00,80.8
2025-06-12 18:56:00,86.4
2025-06-12 16:09:00,91.8
2025-06-12 11:46:00,49.82264106490752
2025-06-12 22:41:00,49.82264106490752
2025-06-12 06:07:00,53.9
2025-06-12 08:08:00,11.1
2025-06-12 14:41:00,14.6
2025-06-12 05:28:00,90.1
2025-06-12 11:28:00,57.7
2025-06-12 10:02:00,57.8
2025-06-12 17:29:00,63.6
2025-06-12 11:58:00,30.8
2025-06-12 06:15:00,21.5
2025-06-12 11:23:00,2.9
2025-06-12 01:36:00,86.9
2025-06-12 00:35:00,18.1
2025-06-12 00:52:00,63.3
2025-06-12 19:21:00,73.4
2025-06-12 12:34:00,95.7
2025-06-12 15:33:00,38.5
2025-06-12 21:00:00,66.0
2025-06-12 11:03:00,78.9
2025-06-12 17:56:00,92.3
2025-06-12 03:18:00,18.2
2025-06-12 15:16:00,9.6
2025-06-12 04:07:00,60.9
2025-06-12 13:07:00,33.4
2025-06-12 14:25:00,94.4
2025-06-12 02:01:00,0.6
2025-06-12 12:20:00,49.73505924170616
2025-06-12 23:05:00,91.6
2025-06-12 05:28:00,98.5
2025-06-12 05:58:00,34.4
2025-06-12 18:34:00,52.0
2025-06-12 16:39:00,76.3
2025-06-12 03:39:00,62.8
2025-06-12 13:23:00,36.3
2025-06-12 19:01:00,30.9
2025-06-12 22:44:00,68.7
2025-06-12 11:04:00,16.4
2025-06-12 09:24:00,19.4
2025-06-12 14:12:00,49.73505924170616
2025-06-12 01:04:00,48.3
2025-06-12 14:31:00,50.9
2025-06-12 20:49:00,49.73505924170616
2025-06-12 06:52:00,20.6
2025-06-12 04:08:00,60.7
2025-06-12 14:34:00,45.9
2025-06-12 00:10:00,24.3
2025-06-12 06:42:00,49.73505924170616
2025-06-12 00:25:00,15.3
2025-06-12 19:44:00,76.8
2025-06-12 17:55:00,26.9
2025-06-12 22:39:00,96.9
2025-06-12 10:45:00,64.5
2025-06-12 22:10:00,2.6
2025-06-12 21:46:00,72.7
2025-06-12 11:36:00,1.8
2025-06-12 10:14:00,6.1
2025-06-12 20:42:00,49.73505924170616
2025-06-12 21:54:00,82.6
2025-06-12 17:26:00,92.9
2025-06-12 15:07:00,78.4
2025-06-12 10:11:00,81.4
2025-06-12 06:47:00,71.5
2025-06-12 16:37:00,92.4
2025-06-12 07:54:00,15.3
2025-06-12 06:12:00,49.6
2025-06-12 07:36:00,49.73505924170616
2025-06-12 16:56:00,57.3
2025-06-12 01:39:00,68.1
2025-06-12 20:09:00,62.6
2025-06-12 21:23:00,52.0
2025-06-12 19:14:00,91.2
2025-06-12 15:54:00,70.5
2025-06-12 08:14:00,49.73505924170616
2025-06-12 11:48:00,22.4
2025-06-12 19:45:00,7.8
2025-06-12 15:11:00,3.2
2025-06-12 09:50:00,49.73505924170616
2025-06-12 04:14:00,31.3
2025-06-12 00:35:00,30.5
2025-06-12 19:58:00,85.5
2025-06-12 02:22:00,17.7
2025-06-12 22:20:00,7.3
2025-06-12 12:49:00,52.0
2025-06-12 05:25:00,29.4
2025-06-12 07:48:00,83.5
2025-06-12 12:18:00,49.73505924170616
2025-06-12 15:25:00,83.0
2025-06-12 19:06:00,59.5
2025-06-12 22:39:00,84.9
2025-06-12 07:13:00,49.73505924170616
2025-06-12 01:28:00,86.0
2025-06-12 16:55:00,86.0
2025-06-12 05:56:00,70.1
2025-06-12 18:12:00,36.2
2025-06-12 09:35:00,51.0
2025-06-12 00:14:00,34.2
2025-06-12 13:01:00,13.4
2025-06-12 07:17:00,71.3
2025-06-12 13:20:00,36.1
2025-06-12 19:04:00,58.1
2025-06-12 10:53:00,9.2
2025-06-12 04:00:00,87.3
2025-06-12 19:53:00,48.7
2025-06-12 14:26:00,58.8
2025-06-12 02:14:00,97.1
2025-06-12 07:39:00,74.2
2025-06-12 00:03:00,15.8
2025-06-12 12:05:00,17.2
2025-06-12 09:22:00,49.73505924170616
2025-06-12 06:49:00,28.2
2025-06-12 02:49:00,70.2
2025-06-12 22:44:00,12.4
2025-06-12 16:42:00,75.8
2025-06-12 21:25:00,34.8
2025-06-12 07:44:00,28.7
2025-06-12 05:39:00,74.3
2025-06-12 17:22:00,91.9
2025-06-12 10:26:00,2.7
2025-06-12 08:49:00,57.0
2025-06-12 00:58:00,2.1
2025-06-12 10:07:00,45.1
2025-06-12 19:18:00,36.2
2025-06-12 07:08:00,29.4
2025-06-12 08:52:00,0.9
2025-06-12 12:48:00,4.3
2025-06-12 09:39:00,35.5
2025-06-12 14:36:00,26.0
2025-06-12 02:37:00,79.9
2025-06-12 22:49:00,59.1
2025-06-12 01:04:00,38.4
2025-06-12 15:15:00,26.5
2025-06-12 02:17:00,15.8
2025-06-12 04:22:00,11.2
2025-06-12 21:36:00,67.9
2025-06-12 03:21:00,32.6
2025-06-12 13:32:00,61.4
2025-06-12 21:36:00,82.4
2025-06-12 18:57:00,17.7
2025-06-12 01:57:00,34.7
2025-06-12 08:00:00,35.6
2025-06-12 16:01:00,49.73505924170616
2025-06-12 22:19:00,16.0
2025-06-12 20:09:00,49.73505924170616
2025-06-12 08:08:00,1.0
2025-06-12 05:37:00,20.3
2025-06-12 18:05:00,33.7
2025-06-12 04:45:00,36.9
2025-06-12 12:54:00,21.2
2025-06-12 05:37:00,5.9
2025-06-12 04:38:00,28.8
2025-06-12 16:55:00,24.8
2025-06-12 15:59:00,50.1
2025-06-12 05:40:00,48.4
2025-06-12 05:34:00,61.7
2025-06-12 06:17:00,20.8
2025-06-12 15:56:00,42.6
2025-06-12 05:33:00,31.6
2025-06-12 03:04:00,44.1
2025-06-12 08:07:00,51.2
2025-06-12 15:29:00,10.2
2025-06-12 18:04:00,6.4
2025-06-12 20:50:00,49.73505924170616
2025-06-12 01:14:00,49.73505924170616
2025-06-12 15:14:00,12.3
2025-06-12 05:46:00,49.73505924170616
2025-06-12 03:13:00,81.1
2025-06-12 05:34:00,49.73505924170616
2025-06-12 08:11:00,91.2
2025-06-12 13:26:00,49.73505924170616
2025-06-12 05:45:00,51.8
2025-06-12 02:34:00,82.4
2025-06-12 13:14:00,14.5
2025-06-12 12:34:00,77.0
2025-06-12 05:16:00,25.3
2025-06-12 13:36:00,44.5
2025-06-12 08:11:00,30.5
2025-06-12 18:20:00,62.8
2025-06-12 12:26:00,16.8
2025-06-12 06:22:00,3.3
2025-06-12 12:31:00,49.4
2025-06-12 08:55:00,91.4
2025-06-12 10:54:00,92.8
2025-06-12 17:54:00,49.73505924170616
2025-06-12 21:08:00,90.4
2025-06-12 23:10:00,52.8
2025-06-12 14:00:00,67.2
2025-06-12 09:59:00,86.1
2025-06-12 12:51:00,44.4
2025-06-12 17:48:00,42.9
2025-06-12 21:20:00,0.3
2025-06-12 06:47:00,38.1
2025-06-12 11:38:00,25.2
2025-06-12 10:38:00,25.9
2025-06-12 20:02:00,36.3
2025-06-12 11:48:00,49.73505924170616
2025-06-12 11:33:00,43.4
2025-06-12 00:33:00,2.8
2025-06-12 19:19:00,23.1
2025-06-12 17:17:00,40.2
2025-06-12 23:30:00,18.5
2025-06-12 06:21:00,88.1
2025-06-12 17:47:00,49.73505924170616
2025-06-12 05:19:00,93.8
2025-06-12 12:15:00,72.8
2025-06-12 09:03:00,46.6
2025-06-12 21:00:00,49.73505924170616
2025-06-12 22:34:00,42.9
2025-06-12 17:33:00,10.3
2025-06-12 16:33:00,49.73505924170616
2025-06-12 11:24:00,32.9
2025-06-12 21:24:00,10.8
2025-06-12 14:58:00,85.1
2025-06-12 12:00:00,12.1
2025-06-12 13:48:00,62.7
2025-06-12 18:02:00,30.3
2025-06-12 01:01:00,47.2
2025-06-12 16:04:00,0.2
2025-06-12 06:32:00,70.6
2025-06-12 15:58:00,31.2
2025-06-12 20:48:00,9.5
2025-06-12 00:28:00,47.0
2025-06-12 07:23:00,49.73505924170616
2025-06-12 11:44:00,5.2
2025-06-12 07:45:00,54.4
2025-06-12 03:40:00,25.2
2025-06-12 15:40:00,53.6
2025-06-12 20:17:00,44.2
2025-06-12 22:46:00,42.5
2025-06-12 07:34:00,82.5
2025-06-12 11:05:00,49.73505924170616
2025-06-12 07:44:00,4.9
2025-06-12 01:08:00,49.73505924170616
2025-06-12 06:50:00,49.0
2025-06-12 16:14:00,49.73505924170616
2025-06-12 21:14:00,22.3
2025-06-12 14:22:00,84.3
2025-06-12 12:19:00,5.6
2025-06-12 21:40:00,74.6
2025-06-12 23:37:00,35.8
2025-06-12 06:52:00,97.0
2025-06-12 13:53:00,1.3
2025-06-12 06:44:00,48.1
2025-06-12 04:25:00,49.73505924170616
2025-06-12 04:57:00,54.3
2025-06-12 08:55:00,15.9
2025-06-12 17:10:00,49.73505924170616
2025-06-12 18:28:00,0.9
2025-06-12 10:30:00,16.4
2025-06-12 02:12:00,38.5
2025-06-12 19:49:00,41.2
2025-06-12 23:54:00,49.73505924170616
2025-06-12 14:33:00,45.6
2025-06-12 11:03:00,92.1
2025-06-12 21:34:00,16.0
2025-06-12 05:05:00,4.3
2025-06-12 17:02:00,27.9
2025-06-12 11:55:00,92.1
2025-06-12 13:22:00,97.9
2025-06-12 14:39:00,55.9
2025-06-12 00:26:00,83.0
2025-06-12 02:08:00,53.8
2025-06-12 14:00:00,88.0
2025-06-12 17:02:00,74.8
2025-06-12 12:44:00,99.7
2025-06-12 10:17:00,82.4
2025-06-12 04:25:00,24.5
2025-06-12 10:07:00,44.6
2025-06-12 09:41:00,5.0
2025-06-12 22:54:00,49.73505924170616
2025-06-12 04:32:00,88.8
2025-06-12 17:05:00,88.6
2025-06-12 01:32:00,6.9
2025-06-12 00:27:00,41.8
2025-06-12 03:36:00,74.6
2025-06-12 02:59:00,20.0
2025-06-12 22:00:00,17.5
2025-06-12 22:26:00,90.2
2025-06-12 12:26:00,90.0
2025-06-12 08:01:00,49.73505924170616
2025-06-12 06:57:00,93.2
2025-06-12 20:36:00,35.7
2025-06-12 11:25:00,49.73505924170616
2025-06-12 17:52:00,49.73505924170616
2025-06-12 21:49:00,77.9
2025-06-12 19:06:00,4.7
2025-06-12 00:18:00,87.5
2025-06-12 19:14:00,67.5
2025-06-12 00:53:00,83.0
2025-06-12 16:59:00,91.8
2025-06-12 14:18:00,3.4
2025-06-12 14:08:00,36.7
2025-06-12 12:16:00,38.0
2025-06-12 08:00:00,82.9
2025-06-12 05:16:00,30.8
2025-06-12 23:46:00,29.9
2025-06-12 10:54:00,29.3
2025-06-12 21:27:00,67.5
2025-06-12 00:40:00,41.9
2025-06-12 09:36:00,49.73505924170616
2025-06-12 20:58:00,49.73505924170616
2025-06-12 13:35:00,31.9
2025-06-12 16:51:00,69.3
2025-06-12 10:55:00,48.7
2025-06-12 21:31:00,22.4
2025-06-12 02:50:00,80.6
2025-06-12 08:40:00,67.5
2025-06-12 13:25:00,85.6
2025-06-12 08:05:00,70.6
2025-06-12 05:42:00,92.8
2025-06-12 19:19:00,66.6
2025-06-12 14:42:00,18.4
2025-06-12 23:15:00,28.3
2025-06-12 00:37:00,54.1
2025-06-12 16:16:00,2.3
2025-06-12 01:09:00,60.1
2025-06-12 00:41:00,50.04950773558369
2025-06-12 00:03:00,43.2
2025-06-12 19:56:00,31.0
2025-06-12 11:14:00,25.4
2025-06-12 02:51:00,92.8
2025-06-12 09:02:00,30.9
2025-06-12 10:58:00,84.2
2025-06-12 17:23:00,81.0
2025-06-12 19:03:00,13.2
2025-06-12 22:36:00,39.7
2025-06-12 08:21:00,40.0
2025-06-12 07:19:00,36.9
2025-06-12 06:46:00,49.6
2025-06-12 13:59:00,93.4
2025-06-12 22:36:00,78.5
2025-06-12 11:01:00,18.1
2025-06-12 05:10:00,33.7
2025-06-12 12:22:00,21.5
2025-06-12 23:42:00,26.2
2025-06-12 06:00:00,27.5
2025-06-12 19:32:00,50.04950773558369
2025-06-12 04:46:00,51.2
2025-06-12 13:59:00,50.04950773558369
2025-06-12 03:11:00,58.4
2025-06-12 08:40:00,78.6
2025-06-12 16:25:00,50.04950773558369
2025-06-12 13:29:00,94.6
2025-06-12 13:47:00,50.04950773558369
2025-06-12 14:52:00,25.7
2025-06-12 16:33:00,73.7
2025-06-12 06:21:00,21.1
2025-06-12 14:05:00,50.04950773558369
2025-06-12 21:46:00,60.6
2025-06-12 06:56:00,96.1
2025-06-12 14:09:00,38.2
2025-06-12 18:16:00,50.04950773558369
2025-06-12 01:55:00,35.9
2025-06-12 15:54:00,39.2
2025-06-12 18:41:00,80.2
2025-06-12 02:19:00,87.9
2025-06-12 11:37:00,86.4
2025-06-12 18:06:00,89.4
2025-06-12 20:17:00,90.3
2025-06-12 01:29:00,26.1
2025-06-12 12:43:00,93.3
2025-06-12 01:36:00,37.8
2025-06-12 09:22:00,76.2
2025-06-12 13:05:00,30.6
2025-06-12 08:18:00,77.8
2025-06-12 01:00:00,27.9
2025-06-12 20:47:00,52.7
2025-06-12 22:40:00,6.2
2025-06-12 02:27:00,1.6
2025-06-12 18:04:00,58.7
2025-06-12 13:02:00,92.4
2025-06-12 17:54:00,44.1
2025-06-12 19:30:00,50.04950773558369
2025-06-12 01:03:00,71.1
2025-06-12 05:34:00,71.0
2025-06-12 17:46:00,13.0
2025-06-12 08:00:00,9.5
2025-06-12 09:38:00,86.4
2025-06-12 18:53:00,53.5
2025-06-12 20:05:00,30.2
2025-06-12 07:14:00,36.8
2025-06-12 14:00:00,99.1
2025-06-12 20:55:00,84.4
2025-06-12 04:52:00,36.7
2025-06-12 02:50:00,61.7
2025-06-12 09:02:00,28.6
2025-06-12 05:34:00,21.1
2025-06-12 15:41:00,50.04950773558369
2025-06-12 14:07:00,50.04950773558369
2025-06-12 15:16:00,46.1
2025-06-12 01:03:00,79.7
2025-06-12 01:41:00,50.04950773558369
2025-06-12 06:44:00,21.9
2025-06-12 17:05:00,7.0
2025-06-12 05:41:00,4.1
2025-06-12 17:47:00,75.8
2025-06-12 22:27:00,88.6
2025-06-12 02:06:00,47.9
2025-06-12 01:51:00,88.8
2025-06-12 23:54:00,51.6
2025-06-12 23:03:00,98.8
2025-06-12 03:41:00,10.1
2025-06-12 20:34:00,97.7
2025-06-12 20:40:00,73.5
2025-06-12 06:04:00,78.5
2025-06-12 02:58:00,50.04950773558369
2025-06-12 01:27:00,63.8
2025-06-12 14:38:00,72.5
2025-06-12 15:32:00,53.3
2025-06-12 00:42:00,60.5
2025-06-12 08:56:00,28.5
2025-06-12 09:26:00,94.7
2025-06-12 16:28:00,52.9
2025-06-12 12:52:00,50.04950773558369
2025-06-12 10:53:00,50.04950773558369
2025-06-12 07:32:00,6.1
2025-06-12 17:55:00,19.2
2025-06-12 09:12:00,59.0
2025-06-12 02:01:00,16.7
2025-06-12 01:16:00,50.04950773558369
2025-06-12 23:16:00,30.3
2025-06-12 17:22:00,42.8
2025-06-12 04:45:00,68.1
2025-06-12 23:17:00,51.2
2025-06-12 20:52:00,50.04950773558369
2025-06-12 07:48:00,81.7
2025-06-12 19:51:00,50.04950773558369
2025-06-12 16:34:00,88.5
2025-06-12 02:35:00,97.0
2025-06-12 03:32:00,37.9
2025-06-12 02:28:00,50.04950773558369
2025-06-12 06:48:00,97.3
2025-06-12 19:26:00,69.9
2025-06-12 14:38:00,68.9
2025-06-12 11:26:00,53.0
2025-06-12 12:31:00,19.1
2025-06-12 09:30:00,80.0
2025-06-12 15:32:00,27.3
2025-06-12 20:58:00,21.8
2025-06-12 19:46:00,41.6
2025-06-12 07:44:00,77.1
2025-06-12 12:07:00,50.04950773558369
2025-06-12 16:31:00,53.8
2025-06-12 13:28:00,32.0
2025-06-12 04:39:00,22.5
2025-06-12 16:42:00,12.0
2025-06-12 15:28:00,50.04950773558369
2025-06-12 06:19:00,73.2
2025-06-12 20:05:00,50.04950773558369
2025-06-12 14:40:00,25.7
2025-06-12 08:53:00,50.04950773558369
2025-06-12 03:41:00,23.7
2025-06-12 10:47:00,72.0
2025-06-12 06:34:00,5.1
2025-06-12 18:35:00,80.4
2025-06-12 03:28:00,50.04950773558369
2025-06-12 16:26:00,95.2
2025-06-12 10:43:00,50.04950773558369
2025-06-12 02:31:00,15.1
2025-06-12 23:39:00,98.1
2025-06-12 03:45:00,55.1
2025-06-12 23:51:00,23.6
2025-06-12 09:36:00,28.8
2025-06-12 05:55:00,50.04950773558369
2025-06-12 14:07:00,69.1
2025-06-12 06:18:00,35.5
2025-06-12 11:15:00,1.8
2025-06-12 02:05:00,68.9
2025-06-12 17:53:00,6.6
2025-06-12 03:32:00,12.4
2025-06-12 22:51:00,16.4
2025-06-12 22:51:00,76.0
2025-06-12 00:07:00,42.8
2025-06-12 05:05:00,53.7
2025-06-12 06:58:00,2.0
2025-06-12 15:11:00,73.3
2025-06-12 14:40:00,41.5
2025-06-12 09:27:00,50.04950773558369
2025-06-12 18:09:00,64.2
2025-06-12 15:40:00,40.2
2025-06-12 16:26:00,50.04950773558369
2025-06-12 04:20:00,99.5
2025-06-12 05:00:00,4.0
2025-06-12 09:26:00,32.3
2025-06-12 02:28:00,95.2
2025-06-12 17:22:00,95.3
2025-06-12 10:22:00,97.0
2025-06-12 05:12:00,10.9
2025-06-12 12:08:00,29.4
2025-06-12 00:51:00,77.5
2025-06-12 07:27:00,50.04950773558369
2025-06-12 12:19:00,84.8
2025-06-12 03:42:00,50.04950773558369
2025-06-12 23:41:00,84.6
2025-06-12 04:30:00,63.0
2025-06-12 09:45:00,48.7
2025-06-12 23:13:00,78.4
2025-06-12 08:23:00,71.5
2025-06-12 16:09:00,50.04950773558369
2025-06-12 13:23:00,50.04950773558369
2025-06-12 15:13:00,81.2
2025-06-12 04:00:00,57.9
2025-06-12 14:09:00,45.4
2025-06-12 01:37:00,22.4
2025-06-12 11:45:00,91.5
2025-06-12 19:01:00,2.3
2025-06-12 23:36:00,50.04950773558369
2025-06-12 09:52:00,13.3
2025-06-12 13:00:00,77.4
2025-06-12 01:46:00,50.04950773558369
2025-06-12 18:25:00,12.2
2025-06-12 14:11:00,52.4
2025-06-12 15:41:00,84.8
2025-06-12 19:56:00,22.8
2025-06-12 02:09:00,64.9
2025-06-12 23:49:00,50.04950773558369
2025-06-12 06:47:00,70.8
2025-06-12 20:23:00,50.04950773558369
2025-06-12 19:04:00,69.2
2025-06-12 11:33:00,57.6
2025-06-12 08:47:00,0.4
2025-06-12 14:50:00,5.8
2025-06-12 18:02:00,95.0
2025-06-12 13:42:00,81.0
2025-06-12 19:54:00,43.5
2025-06-12 22:14:00,68.0
2025-06-12 18:06:00,46.6
2025-06-12 06:23:00,26.4
2025-06-12 13:46:00,67.6
2025-06-12 10:11:00,31.1
2025-06-12 06:37:00,50.04950773558369
2025-06-12 10:41:00,48.9
2025-06-12 15:20:00,50.04950773558369
2025-06-12 18:02:00,84.7
2025-06-12 05:29:00,50.04950773558369
2025-06-12 19:33:00,50.04950773558369
2025-06-12 22:23:00,12.3
2025-06-12 16:41:00,7.4
2025-06-12 19:30:00,50.04950773558369
2025-06-12 06:35:00,53.7
2025-06-12 20:19:00,50.04950773558369
2025-06-12 10:28:00,50.04950773558369
2025-06-12 04:41:00,78.1
2025-06-12 17:31:00,72.7
2025-06-12 20:10:00,61.3
2025-06-12 17:59:00,9.0
2025-06-12 05:36:00,90.0
2025-06-12 23:36:00,50.04950773558369
2025-06-12 15:05:00,95.2
2025-06-12 17:01:00,38.9
2025-06-12 14:37:00,61.6
2025-06-12 09:42:00,16.8
2025-06-12 19:20:00,50.04950773558369
2025-06-12 08:24:00,40.7
2025-06-12 02:19:00,44.9
2025-06-12 23:04:00,64.1
2025-06-12 15:45:00,95.3
2025-06-12 16:24:00,93.9
2025-06-12 20:43:00,60.6
2025-06-12 09:15:00,95.9
2025-06-12 03:58:00,40.2
2025-06-12 20:58:00,48.4
2025-06-12 06:32:00,48.9
2025-06-12 04:50:00,50.04950773558369
2025-06-12 05:16:00,71.6
2025-06-12 18:30:00,79.7
2025-06-12 03:15:00,7.9
2025-06-12 11:24:00,91.5
2025-06-12 19:42:00,50.04950773558369
2025-06-12 08:47:00,10.2
2025-06-12 18:08:00,60.0
2025-06-12 14:36:00,10.2
2025-06-12 21:01:00,36.7
2025-06-12 01:17:00,50.04950773558369
2025-06-12 08:00:00,34.1
2025-06-12 17:15:00,21.5
2025-06-12 15:49:00,87.1
2025-06-12 17:41:00,2.7
2025-06-12 21:38:00,50.04950773558369
2025-06-12 00:19:00,56.5
2025-06-12 07:09:00,89.5
2025-06-12 10:45:00,24.7
2025-06-12 02:59:00,7.6
2025-06-12 06:48:00,60.3
2025-06-12 01:36:00,35.5
2025-06-12 07:56:00,79.0
2025-06-12 07:34:00,50.04950773558369
2025-06-12 01:48:00,24.7
2025-06-12 10:25:00,51.3
2025-06-12 08:29:00,74.8
2025-06-12 13:35:00,53.2
2025-06-12 01:20:00,50.04950773558369
2025-06-12 16:40:00,82.3
2025-06-12 02:47:00,76.1
2025-06-12 21:43:00,45.2
2025-06-12 05:05:00,93.2
2025-06-12 07:08:00,12.8
2025-06-12 08:12:00,1.0
2025-06-12 07:01:00,13.0
2025-06-12 08:26:00,91.4
2025-06-12 21:01:00,99.4
2025-06-12 08:07:00,50.04950773558369
2025-06-12 12:11:00,87.6
2025-06-12 20:16:00,50.04950773558369
2025-06-12 14:16:00,74.2
2025-06-12 15:38:00,74.1
2025-06-12 12:03:00,94.2
2025-06-12 18:36:00,56.1
2025-06-12 08:29:00,46.1
2025-06-12 19:57:00,65.8
2025-06-12 05:50:00,19.6
2025-06-12 00:13:00,61.0
2025-06-12 07:35:00,25.1
2025-06-12 10:43:00,51.0
2025-06-12 04:36:00,6.4
2025-06-12 03:37:00,70.9
2025-06-12 05:48:00,46.8
2025-06-12 08:48:00,9.3
2025-06-12 00:15:00,3.1
2025-06-12 11:47:00,98.2
2025-06-12 16:41:00,35.4
2025-06-12 23:56:00,33.6
2025-06-12 15:19:00,85.1
2025-06-12 08:57:00,50.04950773558369
2025-06-12 10:59:00,51.5
2025-06-12 09:39:00,11.1
2025-06-12 14:05:00,50.04950773558369
2025-06-12 22:39:00,75.1
2025-06-12 12:03:00,50.04950773558369
2025-06-12 12:49:00,50.04950773558369
2025-06-12 15:58:00,68.0
2025-06-12 22:56:00,97.5
2025-06-12 23:32:00,49.9
2025-06-12 12:32:00,19.5
2025-06-12 13:57:00,50.04950773558369
2025-06-12 18:26:00,26.1
2025-06-12 14:00:00,83.8
2025-06-12 13:31:00,61.1
2025-06-12 11:56:00,83.0
2025-06-12 16:27:00,50.04950773558369
2025-06-12 01:02:00,42.5
2025-06-12 09:08:00,50.04950773558369
2025-06-12 22:43:00,52.1
2025-06-12 23:43:00,64.1
2025-06-12 16:08:00,62.1
2025-06-12 15:21:00,85.5
2025-06-12 01:39:00,50.04950773558369
2025-06-12 05:02:00,37.1
2025-06-12 21:11:00,0.5
2025-06-12 04:36:00,31.0
2025-06-12 03:10:00,62.2
2025-06-12 01:12:00,49.64720650636492
2025-06-12 12:13:00,71.5
2025-06-12 09:28:00,85.2
2025-06-12 17:32:00,94.5
2025-06-12 22:11:00,6.0
2025-06-12 05:25:00,11.0
2025-06-12 02:18:00,21.5
2025-06-12 07:23:00,16.6
2025-06-12 02:06:00,67.0
2025-06-12 10:16:00,9.4
2025-06-12 12:01:00,57.6
2025-06-12 23:22:00,76.5
2025-06-12 00:46:00,49.64720650636492
2025-06-12 10:02:00,52.6
2025-06-12 13:15:00,26.0
2025-06-12 07:13:00,99.1
2025-06-12 14:37:00,76.3
2025-06-12 13:16:00,49.64720650636492
2025-06-12 02:25:00,8.3
2025-06-12 16:04:00,68.6
2025-06-12 14:44:00,63.0
2025-06-12 20:48:00,95.8
2025-06-12 08:57:00,43.8
2025-06-12 02:08:00,59.0
2025-06-12 08:03:00,25.6
2025-06-12 12:30:00,24.9
2025-06-12 17:36:00,49.64720650636492
2025-06-12 07:12:00,91.2
2025-06-12 03:24:00,12.9
2025-06-12 23:19:00,15.5
2025-06-12 18:51:00,38.2
2025-06-12 02:04:00,92.1
2025-06-12 19:09:00,0.4
2025-06-12 20:52:00,93.3
2025-06-12 05:57:00,43.7
2025-06-12 10:10:00,34.4
2025-06-12 22:59:00,49.64720650636492
2025-06-12 21:23:00,12.3
2025-06-12 04:23:00,7.0
2025-06-12 05:51:00,67.6
2025-06-12 22:43:00,14.4
2025-06-12 16:05:00,20.0
2025-06-12 16:11:00,49.64720650636492
2025-06-12 19:46:00,49.64720650636492
2025-06-12 05:26:00,41.6
2025-06-12 00:05:00,49.64720650636492
2025-06-12 15:32:00,49.64720650636492
2025-06-12 15:57:00,49.64720650636492
2025-06-12 06:45:00,82.6
2025-06-12 00:07:00,49.64720650636492
2025-06-12 21:34:00,12.5
2025-06-12 08:59:00,39.0
2025-06-12 05:27:00,32.4
2025-06-12 07:05:00,16.5
2025-06-12 14:54:00,35.9
2025-06-12 09:47:00,75.0
2025-06-12 10:06:00,84.7
2025-06-12 22:44:00,8.9
2025-06-12 07:16:00,39.2
2025-06-12 14:24:00,0.5
2025-06-12 16:53:00,93.4
2025-06-12 05:57:00,49.64720650636492
2025-06-12 09:28:00,50.5
2025-06-12 17:23:00,81.2
2025-06-12 20:29:00,49.64720650636492
2025-06-12 00:53:00,57.3
2025-06-12 19:16:00,29.5
2025-06-12 06:40:00,49.64720650636492
2025-06-12 11:59:00,45.6
2025-06-12 03:51:00,27.2
2025-06-12 12:30:00,13.3
2025-06-12 17:02:00,23.0
2025-06-12 17:13:00,10.2
2025-06-12 00:36:00,63.1
2025-06-12 01:07:00,45.4
2025-06-12 04:16:00,49.64720650636492
2025-06-12 18:55:00,63.6
2025-06-12 19:36:00,23.7
2025-06-12 00:25:00,50.7
2025-06-12 06:15:00,49.64720650636492
2025-06-12 04:04:00,86.2
2025-06-12 21:42:00,90.1
2025-06-12 03:49:00,49.64720650636492
2025-06-12 03:23:00,38.0
2025-06-12 13:28:00,32.1
2025-06-12 12:07:00,49.64720650636492
2025-06-12 22:33:00,40.2
2025-06-12 06:28:00,29.9
2025-06-12 13:35:00,72.1
2025-06-12 21:19:00,13.6
2025-06-12 21:44:00,72.8
2025-06-12 16:02:00,65.4
2025-06-12 23:49:00,38.3
2025-06-12 22:07:00,54.0
2025-06-12 05:57:00,97.0
2025-06-12 03:50:00,88.2
2025-06-12 16:15:00,41.8
2025-06-12 03:19:00,49.64720650636492
2025-06-12 19:34:00,23.0
2025-06-12 15:08:00,49.64720650636492
2025-06-12 09:03:00,87.4
2025-06-12 20:08:00,89.6
2025-06-12 06:13:00,6.2
2025-06-12 10:12:00,27.6
2025-06-12 13:42:00,49.64720650636492
2025-06-12 16:59:00,32.3
2025-06-12 08:37:00,69.6
2025-06-12 22:22:00,49.64720650636492
2025-06-12 07:55:00,65.2
2025-06-12 04:21:00,35.5
2025-06-12 21:59:00,86.7
2025-06-12 21:57:00,87.6
2025-06-12 23:04:00,49.64720650636492
2025-06-12 15:57:00,5.4
2025-06-12 06:20:00,84.8
2025-06-12 13:20:00,71.4
2025-06-12 17:40:00,21.6
2025-06-12 00:57:00,49.64720650636492
2025-06-12 15:38:00,45.8
2025-06-12 19:34:00,15.8
2025-06-12 04:43:00,52.6
2025-06-12 21:22:00,49.64720650636492
2025-06-12 22:17:00,88.0
2025-06-12 06:42:00,63.6
2025-06-12 19:19:00,31.2
2025-06-12 01:57:00,33.6
2025-06-12 14:21:00,27.7
2025-06-12 00:53:00,97.2
2025-06-12 13:33:00,49.64720650636492
2025-06-12 12:53:00,56.4
2025-06-12 17:52:00,49.9
2025-06-12 02:38:00,95.5
2025-06-12 13:37:00,83.5
2025-06-12 07:23:00,13.0
2025-06-12 22:20:00,77.3
2025-06-12 02:35:00,39.4
2025-06-12 14:31:00,51.4
2025-06-12 01:20:00,27.3
2025-06-12 10:51:00,51.6
2025-06-12 12:59:00,29.7
2025-06-12 09:30:00,14.5
2025-06-12 06:17:00,12.7
2025-06-12 08:59:00,27.2
2025-06-12 03:27:00,49.64720650636492
2025-06-12 07:09:00,27.8
2025-06-12 10:02:00,25.6
2025-06-12 18:26:00,49.64720650636492
2025-06-12 18:09:00,68.2
2025-06-12 02:51:00,71.7
2025-06-12 05:10:00,19.9
2025-06-12 23:13:00,57.0
2025-06-12 18:41:00,6.9
2025-06-12 10:04:00,35.7
2025-06-12 13:48:00,72.9
2025-06-12 01:58:00,97.7
2025-06-12 14:56:00,83.5
2025-06-12 06:30:00,49.64720650636492
2025-06-12 20:40:00,80.0
2025-06-12 11:25:00,33.5
2025-06-12 21:47:00,36.6
2025-06-12 00:47:00,49.64720650636492
2025-06-12 16:05:00,11.7
2025-06-12 01:46:00,91.6
2025-06-12 14:42:00,78.5
2025-06-12 01:16:00,11.9
2025-06-12 15:14:00,64.7
2025-06-12 07:59:00,49.64720650636492
2025-06-12 20:50:00,2.8
2025-06-12 19:18:00,30.6
2025-06-12 13:26:00,38.6
2025-06-12 12:00:00,46.7
2025-06-12 08:10:00,1.2
2025-06-12 08:08:00,49.64720650636492
2025-06-12 00:18:00,47.4
2025-06-12 10:00:00,32.2
2025-06-12 21:41:00,91.8
2025-06-12 18:47:00,71.8
2025-06-12 12:39:00,49.64720650636492
2025-06-12 21:27:00,87.9
2025-06-12 03:59:00,36.4
2025-06-12 22:52:00,64.4
2025-06-12 12:20:00,82.2
2025-06-12 09:58:00,97.9
2025-06-12 10:49:00,94.8
2025-06-12 02:38:00,49.64720650636492
2025-06-12 18:23:00,45.2
2025-06-12 16:55:00,24.9
2025-06-12 07:47:00,49.64720650636492
2025-06-12 02:17:00,49.64720650636492
2025-06-12 15:12:00,38.0
2025-06-12 06:51:00,89.2
2025-06-12 00:19:00,36.5
2025-06-12 14:07:00,2.6
2025-06-12 04:36:00,49.64720650636492
2025-06-12 08:17:00,69.9
2025-06-12 18:51:00,38.8
2025-06-12 15:32:00,40.1
2025-06-12 12:37:00,49.7
2025-06-12 14:31:00,48.1
2025-06-12 05:25:00,49.64720650636492
2025-06-12 22:53:00,87.0
2025-06-12 13:09:00,91.9
2025-06-12 10:05:00,69.9
2025-06-12 18:00:00,49.64720650636492
2025-06-12 03:31:00,69.4
2025-06-12 08:13:00,52.8
2025-06-12 09:03:00,37.7
2025-06-12 17:01:00,59.0
2025-06-12 10:57:00,13.9
2025-06-12 12:45:00,48.8
2025-06-12 13:52:00,7.3
2025-06-12 04:26:00,3.5
2025-06-12 15:02:00,44.1
2025-06-12 03:54:00,49.64720650636492
2025-06-12 20:12:00,49.64720650636492
2025-06-12 07:36:00,62.9
2025-06-12 22:20:00,49.64720650636492
2025-06-12 06:21:00,90.1
2025-06-12 05:16:00,60.1
2025-06-12 20:53:00,51.3
2025-06-12 02:26:00,5.4
2025-06-12 00:50:00,49.64720650636492
2025-06-12 17:14:00,18.3
2025-06-12 10:52:00,6.8
2025-06-12 11:11:00,17.1
2025-06-12 14:03:00,65.9
2025-06-12 16:10:00,49.64720650636492
2025-06-12 12:40:00,0.0
2025-06-12 04:43:00,65.2
2025-06-12 06:07:00,14.5
2025-06-12 06:05:00,49.64720650636492
2025-06-12 20:41:00,34.3
2025-06-12 00:03:00,11.0
2025-06-12 22:19:00,66.4
2025-06-12 17:18:00,49.64720650636492
2025-06-12 06:44:00,86.6
2025-06-12 11:09:00,46.4
2025-06-12 10:07:00,93.2
2025-06-12 14:41:00,39.0
2025-06-12 06:20:00,82.1
2025-06-12 07:42:00,84.3
2025-06-12 02:30:00,36.0
2025-06-12 13:15:00,86.1
2025-06-12 15:03:00,12.1
2025-06-12 15:45:00,96.4
2025-06-12 19:58:00,94.3
2025-06-12 09:10:00,6.2
2025-06-12 00:30:00,49.64720650636492
2025-06-12 15:16:00,35.5
2025-06-12 09:18:00,43.1
2025-06-12 02:56:00,52.2
2025-06-12 21:30:00,97.7
2025-06-12 01:05:00,33.5
2025-06-12 18:33:00,26.9
2025-06-12 00:20:00,14.9
2025-06-12 02:54:00,49.6
2025-06-12 14:17:00,94.3
2025-06-12 08:08:00,39.8
2025-06-12 20:10:00,49.64720650636492
2025-06-12 09:44:00,72.0
2025-06-12 04:10:00,60.6
2025-06-12 19:20:00,81.6
2025-06-12 07:41:00,47.5
2025-06-12 11:32:00,84.7
2025-06-12 05:16:00,14.5
2025-06-12 05:43:00,41.3
2025-06-12 06:43:00,51.8
2025-06-12 01:19:00,24.2
2025-06-12 15:39:00,65.2
2025-06-12 01:19:00,35.5
2025-06-12 19:07:00,72.6
2025-06-12 13:16:00,33.5
2025-06-12 23:55:00,92.3
2025-06-12 05:52:00,28.2
2025-06-12 07:48:00,3.1
2025-06-12 04:59:00,21.2
2025-06-12 12:37:00,0.9
2025-06-12 15:37:00,80.2
2025-06-12 01:21:00,88.0
2025-06-12 20:46:00,55.5
2025-06-12 01:47:00,74.6
2025-06-12 02:36:00,24.0
2025-06-12 14:14:00,66.0
2025-06-12 11:00:00,3.8
2025-06-12 08:39:00,69.2
2025-06-12 13:59:00,26.7
2025-06-12 07:30:00,90.3
2025-06-12 10:10:00,23.6
2025-06-12 14:28:00,97.8
2025-06-12 05:07:00,45.5
2025-06-12 01:21:00,36.2
2025-06-12 15:59:00,61.8
2025-06-12 01:25:00,82.5
2025-06-12 15:44:00,49.64720650636492
2025-06-12 21:50:00,0.6
2025-06-12 09:20:00,11.5
2025-06-12 20:58:00,3.7
2025-06-12 09:54:00,45.2
2025-06-12 21:08:00,99.1
2025-06-12 14:10:00,82.8
2025-06-12 14:26:00,21.6
2025-06-12 18:42:00,35.4
2025-06-12 08:37:00,64.4
2025-06-12 14:45:00,4.8
2025-06-12 10:40:00,35.3
2025-06-12 08:45:00,44.6
2025-06-12 16:20:00,68.5
2025-06-12 18:14:00,37.7
2025-06-12 01:11:00,65.1
2025-06-12 04:11:00,91.7
2025-06-12 03:20:00,38.8
2025-06-12 14:33:00,9.6
2025-06-12 20:32:00,35.6
2025-06-12 21:22:00,76.4
2025-06-12 08:52:00,36.6
2025-06-12 02:13:00,54.5
2025-06-12 09:48:00,46.7
2025-06-12 01:54:00,33.1
2025-06-12 20:43:00,6.5
2025-06-12 14:23:00,2.3
2025-06-12 06:23:00,43.6
2025-06-12 02:58:00,47.2
2025-06-12 16:54:00,16.8
2025-06-12 02:14:00,1.6
2025-06-12 22:23:00,71.1
2025-06-12 14:55:00,76.5
2025-06-12 07:08:00,13.9
2025-06-12 21:13:00,56.1
2025-06-12 00:54:00,20.4
2025-06-12 07:44:00,49.44888862615275
2025-06-12 15:40:00,88.6
2025-06-12 06:52:00,55.1
2025-06-12 23:38:00,49.44888862615275
2025-06-12 21:43:00,49.44888862615275
2025-06-12 10:43:00,44.0
2025-06-12 04:10:00,48.4
2025-06-12 12:50:00,1.8
2025-06-12 22:47:00,49.8
2025-06-12 00:57:00,85.5
2025-06-12 04:43:00,7.9
2025-06-12 05:10:00,49.44888862615275
2025-06-12 19:48:00,62.4
2025-06-12 04:36:00,33.7
2025-06-12 21:45:00,90.2
2025-06-12 22:45:00,40.6
2025-06-12 11:39:00,29.2
2025-06-12 20:21:00,23.3
2025-06-12 03:43:00,43.1
2025-06-12 22:22:00,16.0
2025-06-12 19:14:00,41.2
2025-06-12 20:14:00,89.5
2025-06-12 23:50:00,77.4
2025-06-12 20:42:00,47.1
2025-06-12 01:57:00,47.2
2025-06-12 14:38:00,9.6
2025-06-12 18:07:00,71.7
2025-06-12 09:32:00,18.7
2025-06-12 05:01:00,93.2
2025-06-12 10:44:00,86.4
2025-06-12 13:59:00,81.9
2025-06-12 00:51:00,60.8
2025-06-12 12:45:00,49.44888862615275
2025-06-12 01:36:00,74.9
2025-06-12 19:52:00,81.2
2025-06-12 22:20:00,66.1
2025-06-12 07:02:00,35.8
2025-06-12 18:21:00,67.6
2025-06-12 01:21:00,21.4
2025-06-12 20:53:00,39.6
2025-06-12 21:15:00,68.8
2025-06-12 17:29:00,73.9
2025-06-12 16:30:00,38.6
2025-06-12 15:55:00,98.6
2025-06-12 14:10:00,27.8
2025-06-12 12:51:00,83.6
2025-06-12 22:37:00,49.44888862615275
2025-06-12 17:37:00,58.6
2025-06-12 14:52:00,24.8
2025-06-12 09:19:00,21.8
2025-06-12 18:47:00,49.44888862615275
2025-06-12 12:31:00,49.44888862615275
2025-06-12 01:01:00,19.8
2025-06-12 17:12:00,49.44888862615275
2025-06-12 10:54:00,7.6
2025-06-12 01:24:00,63.7
2025-06-12 17:06:00,49.1
2025-06-12 09:58:00,58.7
2025-06-12 19:59:00,76.9
2025-06-12 10:32:00,21.4
2025-06-12 09:03:00,39.1
2025-06-12 05:26:00,55.4
2025-06-12 19:02:00,49.44888862615275
2025-06-12 02:18:00,42.1
2025-06-12 11:48:00,1.2
2025-06-12 12:10:00,49.44888862615275
2025-06-12 03:05:00,46.7
2025-06-12 04:39:00,28.2
2025-06-12 17:27:00,80.6
2025-06-12 18:10:00,49.44888862615275
2025-06-12 07:17:00,87.6
2025-06-12 17:31:00,80.1
2025-06-12 23:35:00,97.6
2025-06-12 08:39:00,75.5
2025-06-12 16:35:00,66.6
2025-06-12 09:12:00,1.6
2025-06-12 06:46:00,49.44888862615275
2025-06-12 17:26:00,3.1
2025-06-12 06:19:00,49.44888862615275
2025-06-12 05:37:00,99.4
2025-06-12 02:42:00,74.6
2025-06-12 04:09:00,8.9
2025-06-12 06:10:00,41.0
2025-06-12 20:31:00,26.0
2025-06-12 03:27:00,2.0
2025-06-12 15:31:00,75.4
2025-06-12 01:42:00,62.9
2025-06-12 08:52:00,12.5
2025-06-12 08:04:00,49.44888862615275
2025-06-12 15:18:00,37.0
2025-06-12 17:10:00,79.3
2025-06-12 20:23:00,69.2
2025-06-12 18:10:00,41.1
2025-06-12 18:43:00,30.1
2025-06-12 18:44:00,76.6
2025-06-12 13:27:00,67.3
2025-06-12 06:40:00,61.5
2025-06-12 14:25:00,88.0
2025-06-12 14:36:00,26.9
2025-06-12 03:02:00,25.4
2025-06-12 20:47:00,35.8
2025-06-12 10:52:00,75.1
2025-06-12 00:21:00,57.0
2025-06-12 20:09:00,53.1
2025-06-12 12:06:00,92.9
2025-06-12 03:27:00,49.44888862615275
2025-06-12 10:10:00,6.0
2025-06-12 06:33:00,49.6
2025-06-12 17:30:00,64.0
2025-06-12 03:14:00,43.2
2025-06-12 09:48:00,35.2
2025-06-12 20:34:00,95.5
2025-06-12 17:40:00,49.44888862615275
2025-06-12 21:14:00,49.44888862615275
2025-06-12 04:01:00,20.6
2025-06-12 08:33:00,78.8
2025-06-12 13:06:00,54.8
2025-06-12 18:44:00,20.8
2025-06-12 20:45:00,40.7
2025-06-12 21:17:00,49.44888862615275
2025-06-12 21:37:00,35.8
2025-06-12 01:47:00,3.6
2025-06-12 16:06:00,57.4
2025-06-12 17:17:00,91.1
2025-06-12 08:29:00,14.7
2025-06-12 18:45:00,56.4
2025-06-12 23:25:00,96.2
2025-06-12 13:53:00,77.2
2025-06-12 20:03:00,71.0
2025-06-12 05:41:00,7.4
2025-06-12 13:25:00,61.6
2025-06-12 04:35:00,54.0
2025-06-12 19:18:00,57.0
2025-06-12 07:02:00,96.1
2025-06-12 17:02:00,17.2
2025-06-12 09:40:00,11.5
2025-06-12 18:55:00,17.8
2025-06-12 13:45:00,26.7
2025-06-12 09:33:00,38.9
2025-06-12 14:30:00,49.44888862615275
2025-06-12 20:21:00,86.5
2025-06-12 16:20:00,48.7
2025-06-12 17:43:00,87.0
2025-06-12 10:03:00,6.7
2025-06-12 10:04:00,58.6
2025-06-12 04:54:00,75.5
2025-06-12 14:14:00,57.8
2025-06-12 22:47:00,49.44888862615275
2025-06-12 11:13:00,81.8
2025-06-12 03:42:00,5.3
2025-06-12 17:18:00,37.1
2025-06-12 09:58:00,49.44888862615275
2025-06-12 14:38:00,36.6
2025-06-12 22:27:00,49.44888862615275
2025-06-12 02:47:00,38.1
2025-06-12 00:08:00,64.5
2025-06-12 11:45:00,49.44888862615275
2025-06-12 14:15:00,49.7
2025-06-12 03:56:00,32.9
2025-06-12 13:02:00,22.9
2025-06-12 07:47:00,36.0
2025-06-12 15:15:00,51.2
2025-06-12 02:43:00,42.5
2025-06-12 19:47:00,53.6
2025-06-12 21:37:00,49.44888862615275
2025-06-12 21:55:00,39.0
2025-06-12 00:47:00,56.3
2025-06-12 14:58:00,14.8
2025-06-12 00:51:00,49.44888862615275
2025-06-12 05:33:00,54.2
2025-06-12 14:58:00,81.6
2025-06-12 12:54:00,99.3
2025-06-12 05:00:00,2.6
2025-06-12 21:54:00,43.0
2025-06-12 16:23:00,6.4
2025-06-12 00:58:00,49.44888862615275
2025-06-12 07:04:00,71.3
2025-06-12 16:22:00,30.7
2025-06-12 10:45:00,97.8
2025-06-12 13:09:00,17.6
2025-06-12 17:19:00,56.8
2025-06-12 22:02:00,23.6
2025-06-12 05:48:00,62.3
2025-06-12 02:26:00,25.5
2025-06-12 18:01:00,75.8
2025-06-12 17:07:00,24.2
2025-06-12 15:16:00,78.4
2025-06-12 17:27:00,52.6
2025-06-12 12:54:00,49.44888862615275
2025-06-12 21:28:00,57.6
2025-06-12 14:57:00,25.0
2025-06-12 12:40:00,49.44888862615275
2025-06-12 12:42:00,87.3
2025-06-12 18:57:00,49.44888862615275
2025-06-12 10:05:00,49.44888862615275
2025-06-12 10:47:00,49.44888862615275
2025-06-12 19:40:00,4.9
2025-06-12 10:36:00,49.44888862615275
2025-06-12 14:33:00,81.1
2025-06-12 07:45:00,89.3
2025-06-12 04:48:00,61.0
2025-06-12 04:55:00,17.1
2025-06-12 06:08:00,32.2
2025-06-12 16:22:00,49.44888862615275
2025-06-12 16:46:00,28.4
2025-06-12 09:05:00,0.0
2025-06-12 15:52:00,13.3
2025-06-12 13:07:00,49.44888862615275
2025-06-12 07:18:00,66.9
2025-06-12 12:49:00,49.44888862615275
2025-06-12 13:53:00,87.3
2025-06-12 10:44:00,38.5
2025-06-12 10:24:00,40.3
2025-06-12 13:18:00,49.44888862615275
2025-06-12 20:26:00,77.9
2025-06-12 12:22:00,97.2
2025-06-12 22:03:00,56.5
2025-06-12 06:05:00,72.4
2025-06-12 18:30:00,28.6
2025-06-12 10:36:00,83.5
2025-06-12 21:55:00,49.44888862615275
2025-06-12 22:52:00,86.6
2025-06-12 20:18:00,48.9
2025-06-12 15:49:00,93.6
2025-06-12 23:55:00,14.8
2025-06-12 00:32:00,13.8
2025-06-12 20:15:00,59.4
2025-06-12 10:21:00,49.44888862615275
2025-06-12 18:10:00,44.8
2025-06-12 10:21:00,20.3
2025-06-12 07:27:00,49.44888862615275
2025-06-12 03:46:00,94.4
2025-06-12 15:13:00,40.8
2025-06-12 15:20:00,32.3
2025-06-12 18:56:00,27.8
2025-06-12 19:53:00,77.8
2025-06-12 07:09:00,93.8
2025-06-12 14:09:00,2.1
2025-06-12 12:24:00,21.3
2025-06-12 11:50:00,55.8
2025-06-12 22:12:00,7.2
2025-06-12 02:05:00,71.4
2025-06-12 13:27:00,69.0
2025-06-12 03:39:00,11.9
2025-06-12 21:20:00,85.8
2025-06-12 04:10:00,80.8
2025-06-12 05:25:00,69.2
2025-06-12 02:24:00,50.6
2025-06-12 06:51:00,77.1
2025-06-12 03:53:00,42.9
2025-06-12 08:31:00,25.0
2025-06-12 12:03:00,49.44888862615275
2025-06-12 20:04:00,34.4
2025-06-12 15:15:00,8.3
2025-06-12 06:42:00,91.2
2025-06-12 14:42:00,8.0
2025-06-12 10:25:00,1.9
2025-06-12 20:52:00,0.7
2025-06-12 12:24:00,45.3
2025-06-12 15:45:00,53.3
2025-06-12 20:36:00,58.7
2025-06-12 08:04:00,72.5
2025-06-12 22:21:00,52.2
2025-06-12 05:26:00,51.9
2025-06-12 04:57:00,49.44888862615275
2025-06-12 06:46:00,14.0
2025-06-12 23:06:00,24.6
2025-06-12 21:49:00,35.9
2025-06-12 14:49:00,69.7
2025-06-12 23:53:00,67.8
2025-06-12 06:49:00,57.3
2025-06-12 14:34:00,77.3
2025-06-12 09:49:00,49.44888862615275
2025-06-12 11:35:00,43.0
2025-06-12 09:00:00,49.44888862615275
2025-06-12 13:35:00,78.3
2025-06-12 13:12:00,55.7
2025-06-12 20:39:00,44.3
2025-06-12 19:48:00,88.4
2025-06-12 14:02:00,10.2
2025-06-12 12:45:00,29.5
2025-06-12 19:01:00,4.7
2025-06-12 18:37:00,80.9
2025-06-12 06:53:00,99.4
2025-06-12 23:37:00,37.2
2025-06-12 01:45:00,44.7
2025-06-12 13:56:00,14.7
2025-06-12 07:33:00,50.4
2025-06-12 23:55:00,84.4
2025-06-12 12:41:00,85.4
2025-06-12 13:20:00,5.5
2025-06-12 22:06:00,87.7
2025-06-12 11:42:00,49.44888862615275
2025-06-12 01:50:00,53.1
2025-06-12 17:57:00,49.44888862615275
2025-06-12 01:06:00,49.44888862615275
2025-06-12 07:38:00,38.4
2025-06-12 21:04:00,39.8
2025-06-12 10:36:00,34.1
2025-06-12 09:18:00,55.1
2025-06-12 22:21:00,5.8
2025-06-12 11:53:00,51.3
2025-06-12 14:29:00,26.0
2025-06-12 06:12:00,98.2
2025-06-12 20:38:00,14.1
2025-06-12 10:44:00,49.4
2025-06-12 03:28:00,49.44888862615275
2025-06-12 07:56:00,98.0
2025-06-12 00:11:00,86.1
2025-06-12 11:20:00,83.4
2025-06-12 17:33:00,49.44888862615275
2025-06-12 03:02:00,49.44888862615275
2025-06-12 12:06:00,49.44888862615275
2025-06-12 19:37:00,61.3
2025-06-12 03:17:00,26.8
2025-06-12 00:49:00,60.1
2025-06-12 14:00:00,3.2
2025-06-12 21:01:00,64.9
2025-06-12 14:37:00,77.3
2025-06-12 00:53:00,49.44888862615275
2025-06-12 19:55:00,22.9
2025-06-12 05:10:00,51.7
2025-06-12 12:10:00,49.44888862615275
2025-06-12 19:32:00,33.2
2025-06-12 12:10:00,9.0
2025-06-12 16:42:00,49.44888862615275
2025-06-12 12:50:00,74.9
2025-06-12 16:36:00,84.1
2025-06-12 22:55:00,95.4
2025-06-12 17:52:00,72.5
2025-06-12 10:06:00,70.6
2025-06-12 07:38:00,96.9
2025-06-12 03:25:00,58.7
2025-06-12 15:23:00,59.1
2025-06-12 22:26:00,34.5
2025-06-12 12:00:00,92.6
2025-06-12 15:26:00,91.5
2025-06-12 02:09:00,85.1
2025-06-12 01:06:00,57.1
2025-06-12 02:27:00,55.4
2025-06-12 22:45:00,76.1
2025-06-12 04:33:00,11.2
2025-06-12 14:42:00,87.7
2025-06-12 03:13:00,47.9
2025-06-12 08:49:00,8.0
2025-06-12 02:51:00,23.5
2025-06-12 05:17:00,84.4
2025-06-12 07:35:00,66.3
2025-06-12 11:04:00,92.9
2025-06-12 18:58:00,45.5
2025-06-12 09:51:00,98.6
2025-06-12 08:12:00,98.8
2025-06-12 14:42:00,19.2
2025-06-12 06:03:00,49.953150620754265
2025-06-12 00:04:00,16.0
2025-06-12 00:22:00,96.9
2025-06-12 21:40:00,49.953150620754265
2025-06-12 03:36:00,1.2
2025-06-12 11:39:00,64.0
2025-06-12 09:39:00,85.2
2025-06-12 05:41:00,62.4
2025-06-12 15:12:00,49.953150620754265
2025-06-12 22:51:00,31.8
2025-06-12 12:37:00,22.2
2025-06-12 02:06:00,47.4
2025-06-12 09:11:00,7.5
2025-06-12 19:24:00,35.7
2025-06-12 13:24:00,70.2
2025-06-12 19:36:00,77.4
2025-06-12 10:37:00,46.7
2025-06-12 05:54:00,49.953150620754265
2025-06-12 17:03:00,63.2
2025-06-12 22:14:00,39.9
2025-06-12 07:59:00,18.7
2025-06-12 10:24:00,23.6
2025-06-12 14:09:00,48.4
2025-06-12 03:38:00,63.8
2025-06-12 17:39:00,83.4
2025-06-12 01:19:00,49.953150620754265
2025-06-12 16:56:00,38.0
2025-06-12 18:23:00,24.6
2025-06-12 03:09:00,49.953150620754265
2025-06-12 07:32:00,57.5
2025-06-12 23:41:00,52.2
2025-06-12 14:03:00,32.5
2025-06-12 21:18:00,28.8
2025-06-12 12:13:00,74.6
2025-06-12 00:13:00,90.1
2025-06-12 03:38:00,49.953150620754265
2025-06-12 13:03:00,45.7
2025-06-12 03:09:00,49.953150620754265
2025-06-12 23:04:00,40.7
2025-06-12 23:14:00,71.4
2025-06-12 01:51:00,49.953150620754265
2025-06-12 07:06:00,49.953150620754265
2025-06-12 15:18:00,71.8
2025-06-12 20:00:00,94.7
2025-06-12 07:49:00,24.3
2025-06-12 05:50:00,1.9
2025-06-12 16:53:00,83.9
2025-06-12 20:50:00,36.0
2025-06-12 23:32:00,1.4
2025-06-12 06:47:00,87.2
2025-06-12 16:00:00,68.6
2025-06-12 00:33:00,73.7
2025-06-12 18:12:00,99.0
2025-06-12 01:17:00,98.2
2025-06-12 21:00:00,67.6
2025-06-12 08:32:00,30.6
2025-06-12 15:59:00,97.8
2025-06-12 20:25:00,26.8
2025-06-12 19:25:00,49.953150620754265
2025-06-12 18:32:00,1.5
2025-06-12 01:06:00,27.4
2025-06-12 16:37:00,99.5
2025-06-12 17:44:00,21.2
2025-06-12 22:30:00,61.1
2025-06-12 04:02:00,98.9
2025-06-12 23:41:00,49.953150620754265
2025-06-12 11:34:00,60.1
2025-06-12 12:58:00,53.0
2025-06-12 04:50:00,73.9
2025-06-12 18:40:00,74.7
2025-06-12 15:15:00,3.5
2025-06-12 05:19:00,18.5
2025-06-12 05:45:00,21.8
2025-06-12 18:10:00,77.3
2025-06-12 09:17:00,52.9
2025-06-12 15:37:00,6.8
2025-06-12 10:58:00,94.1
2025-06-12 23:31:00,76.8
2025-06-12 12:43:00,99.9
2025-06-12 13:56:00,13.9
2025-06-12 09:12:00,4.7
2025-06-12 12:32:00,93.0
2025-06-12 19:49:00,49.953150620754265
2025-06-12 22:41:00,14.5
2025-06-12 08:16:00,51.1
2025-06-12 00:41:00,82.8
2025-06-12 13:38:00,21.6
2025-06-12 08:19:00,91.5
2025-06-12 20:10:00,100.0
2025-06-12 05:03:00,16.1
2025-06-12 23:03:00,16.7
2025-06-12 03:48:00,68.9
2025-06-12 20:01:00,9.3
2025-06-12 19:06:00,82.0
2025-06-12 06:21:00,49.953150620754265
2025-06-12 17:43:00,91.8
2025-06-12 07:23:00,55.3
2025-06-12 12:07:00,94.0
2025-06-12 10:09:00,3.2
2025-06-12 10:08:00,49.953150620754265
2025-06-12 05:24:00,49.953150620754265
2025-06-12 03:24:00,58.6
2025-06-12 11:36:00,68.0
2025-06-12 06:23:00,78.5
2025-06-12 22:20:00,61.6
2025-06-12 07:19:00,49.953150620754265
2025-06-12 07:00:00,6.1
2025-06-12 16:44:00,15.9
2025-06-12 13:24:00,37.3
2025-06-12 07:58:00,24.1
2025-06-12 16:21:00,8.3
2025-06-12 10:38:00,49.953150620754265
2025-06-12 15:50:00,60.9
2025-06-12 13:45:00,20.0
2025-06-12 01:37:00,94.0
2025-06-12 00:36:00,71.1
2025-06-12 17:02:00,31.1
2025-06-12 02:00:00,92.8
2025-06-12 19:16:00,69.8
2025-06-12 01:21:00,12.8
2025-06-12 13:26:00,5.8
2025-06-12 22:13:00,7.1
2025-06-12 12:09:00,33.1
2025-06-12 09:34:00,49.953150620754265
2025-06-12 03:18:00,46.7
2025-06-12 19:40:00,62.2
2025-06-12 00:35:00,46.7
2025-06-12 06:30:00,85.4
2025-06-12 21:54:00,35.8
2025-06-12 09:36:00,49.953150620754265
2025-06-12 13:47:00,64.1
2025-06-12 21:59:00,6.0
2025-06-12 23:35:00,49.953150620754265
2025-06-12 08:28:00,24.8
2025-06-12 02:00:00,94.4
2025-06-12 01:22:00,47.9
2025-06-12 07:43:00,56.1
2025-06-12 01:16:00,12.0
2025-06-12 16:07:00,49.0
2025-06-12 19:27:00,8.6
2025-06-12 07:29:00,56.2
2025-06-12 19:15:00,49.953150620754265
2025-06-12 01:10:00,22.9
2025-06-12 06:52:00,7.8
2025-06-12 08:55:00,10.8
2025-06-12 14:14:00,21.9
2025-06-12 06:29:00,50.2
2025-06-12 04:49:00,77.6
2025-06-12 08:38:00,49.953150620754265
2025-06-12 13:41:00,82.7
2025-06-12 07:31:00,77.0
2025-06-12 01:48:00,45.8
2025-06-12 04:21:00,51.9
2025-06-12 07:30:00,19.5
2025-06-12 00:57:00,49.953150620754265
2025-06-12 10:01:00,93.3
2025-06-12 23:04:00,20.8
2025-06-12 19:55:00,56.1
2025-06-12 18:37:00,41.9
2025-06-12 23:09:00,57.1
2025-06-12 10:25:00,37.5
2025-06-12 08:02:00,53.4
2025-06-12 03:30:00,20.0
2025-06-12 19:32:00,54.4
2025-06-12 13:35:00,74.9
2025-06-12 03:18:00,24.5
2025-06-12 22:19:00,21.4
2025-06-12 15:00:00,7.7
2025-06-12 07:10:00,57.7
2025-06-12 14:31:00,53.1
2025-06-12 16:59:00,14.9
2025-06-12 12:57:00,49.953150620754265
2025-06-12 21:52:00,34.1
2025-06-12 18:12:00,49.953150620754265
2025-06-12 06:27:00,10.2
2025-06-12 10:48:00,49.953150620754265
2025-06-12 18:24:00,52.6
2025-06-12 06:36:00,33.9
2025-06-12 06:05:00,49.953150620754265
2025-06-12 21:14:00,15.0
2025-06-12 04:06:00,42.0
2025-06-12 09:27:00,56.3
2025-06-12 19:23:00,46.0
2025-06-12 01:26:00,76.0
2025-06-12 18:32:00,63.4
2025-06-12 04:12:00,68.2
2025-06-12 02:08:00,42.9
2025-06-12 12:55:00,21.2
2025-06-12 21:31:00,75.7
2025-06-12 15:38:00,49.953150620754265
2025-06-12 19:58:00,86.5
2025-06-12 14:02:00,92.6
2025-06-12 18:29:00,90.4
2025-06-12 00:28:00,77.0
2025-06-12 14:40:00,39.2
2025-06-12 13:21:00,0.6
2025-06-12 13:39:00,36.1
2025-06-12 22:23:00,79.8
2025-06-12 16:35:00,8.7
2025-06-12 20:28:00,49.953150620754265
2025-06-12 10:23:00,33.5
2025-06-12 01:27:00,49.953150620754265
2025-06-12 12:37:00,49.953150620754265
2025-06-12 05:35:00,82.8
2025-06-12 03:51:00,41.9
2025-06-12 22:14:00,70.6
2025-06-12 21:17:00,49.953150620754265
2025-06-12 06:58:00,75.0
2025-06-12 09:48:00,53.9
2025-06-12 21:25:00,49.953150620754265
2025-06-12 03:48:00,7.4
2025-06-12 00:35:00,78.9
2025-06-12 06:09:00,86.5
2025-06-12 21:17:00,68.3
2025-06-12 00:57:00,49.9
2025-06-12 20:23:00,56.1
2025-06-12 12:19:00,76.2
2025-06-12 11:53:00,59.8
2025-06-12 14:21:00,19.8
2025-06-12 17:22:00,93.2
2025-06-12 22:58:00,92.5
2025-06-12 00:39:00,50.1
2025-06-12 13:14:00,8.9
2025-06-12 01:11:00,66.1
2025-06-12 22:30:00,95.8
2025-06-12 07:32:00,87.6
2025-06-12 02:44:00,25.7
2025-06-12 14:36:00,77.6
2025-06-12 15:23:00,49.953150620754265
2025-06-12 22:43:00,49.953150620754265
2025-06-12 20:52:00,89.9
2025-06-12 04:47:00,49.953150620754265
2025-06-12 02:10:00,80.1
2025-06-12 05:42:00,49.953150620754265
2025-06-12 11:32:00,2.2
2025-06-12 07:26:00,8.2
2025-06-12 02:03:00,49.953150620754265
2025-06-12 05:15:00,26.4
2025-06-12 10:42:00,10.3
2025-06-12 14:09:00,49.953150620754265
2025-06-12 04:08:00,73.0
2025-06-12 03:09:00,44.8
2025-06-12 09:15:00,54.8
2025-06-12 15:13:00,52.6
2025-06-12 09:22:00,97.6
2025-06-12 05:08:00,76.9
2025-06-12 05:43:00,34.3
2025-06-12 18:18:00,55.8
2025-06-12 22:09:00,63.3
2025-06-12 16:40:00,49.953150620754265
2025-06-12 14:49:00,49.953150620754265
2025-06-12 19:19:00,15.4
2025-06-12 19:28:00,91.1
2025-06-12 03:52:00,6.9
2025-06-12 10:56:00,13.8
2025-06-12 05:30:00,28.1
2025-06-12 06:05:00,14.5
2025-06-12 09:52:00,13.3
2025-06-12 01:04:00,49.953150620754265
2025-06-12 06:57:00,2.5
2025-06-12 02:17:00,49.953150620754265
2025-06-12 01:21:00,49.953150620754265
2025-06-12 07:16:00,64.4
2025-06-12 14:24:00,79.8
2025-06-12 04:29:00,93.3
2025-06-12 07:22:00,40.3
2025-06-12 11:13:00,79.8
2025-06-12 17:45:00,77.7
2025-06-12 13:55:00,61.7
2025-06-12 04:30:00,52.1
2025-06-12 04:15:00,49.953150620754265
2025-06-12 04:38:00,69.0
2025-06-12 23:28:00,74.8
2025-06-12 05:47:00,46.2
2025-06-12 21:14:00,73.4
2025-06-12 02:42:00,27.6
2025-06-12 17:26:00,93.9
2025-06-12 07:56:00,14.5
2025-06-12 14:25:00,9.2
2025-06-12 06:53:00,27.1
2025-06-12 01:18:00,9.7
2025-06-12 07:13:00,49.953150620754265
2025-06-12 05:37:00,16.9
2025-06-12 21:49:00,16.5
2025-06-12 19:34:00,83.0
2025-06-12 06:42:00,49.953150620754265
2025-06-12 14:28:00,19.5
2025-06-12 02:34:00,21.5
2025-06-12 09:15:00,35.9
2025-06-12 07:20:00,1.1
2025-06-12 03:11:00,74.8
2025-06-12 08:47:00,1.7
2025-06-12 16:57:00,59.3
2025-06-12 00:18:00,20.1
2025-06-12 23:15:00,49.58899212042808
2025-06-12 17:14:00,6.3
2025-06-12 00:09:00,49.58899212042808
2025-06-12 17:55:00,45.9
2025-06-12 21:38:00,73.6
2025-06-12 09:18:00,34.0
2025-06-12 05:12:00,40.6
2025-06-12 13:03:00,3.4
2025-06-12 03:36:00,5.0
2025-06-12 00:20:00,39.7
2025-06-12 06:29:00,49.58899212042808
2025-06-12 12:00:00,26.4
2025-06-12 02:58:00,74.1
2025-06-12 06:45:00,10.0
2025-06-12 20:26:00,29.6
2025-06-12 04:43:00,87.2
2025-06-12 03:27:00,49.9
2025-06-12 09:48:00,63.1
2025-06-12 19:00:00,49.58899212042808
2025-06-12 01:33:00,29.5
2025-06-12 18:25:00,49.58899212042808
2025-06-12 08:02:00,25.1
2025-06-12 02:54:00,65.6
2025-06-12 11:38:00,6.3
2025-06-12 02:40:00,81.1
2025-06-12 04:30:00,67.9
2025-06-12 10:24:00,49.58899212042808
2025-06-12 13:55:00,24.8
2025-06-12 08:47:00,49.58899212042808
2025-06-12 01:37:00,43.6
2025-06-12 09:08:00,7.0
2025-06-12 23:50:00,98.5
2025-06-12 19:56:00,98.4
2025-06-12 01:47:00,76.6
2025-06-12 13:12:00,39.6
2025-06-12 18:08:00,45.6
2025-06-12 11:06:00,38.5
2025-06-12 14:38:00,49.58899212042808
2025-06-12 22:50:00,9.3
2025-06-12 08:30:00,65.5
2025-06-12 01:53:00,49.58899212042808
2025-06-12 00:55:00,57.1
2025-06-12 23:33:00,71.5
2025-06-12 11:24:00,73.9
2025-06-12 15:09:00,85.2
2025-06-12 17:30:00,21.9
2025-06-12 01:23:00,35.9
2025-06-12 20:01:00,72.9
2025-06-12 07:33:00,15.5
2025-06-12 05:09:00,49.58899212042808
2025-06-12 06:52:00,11.4
2025-06-12 08:16:00,59.4
2025-06-12 16:35:00,49.58899212042808
2025-06-12 09:14:00,50.9
2025-06-12 23:09:00,47.7
2025-06-12 10:49:00,74.3
2025-06-12 09:33:00,31.8
2025-06-12 07:54:00,80.8
2025-06-12 08:39:00,34.1
2025-06-12 02:03:00,72.7
2025-06-12 18:33:00,70.1
2025-06-12 10:20:00,91.6
2025-06-12 10:27:00,86.6
2025-06-12 06:56:00,68.2
2025-06-12 11:33:00,40.8
2025-06-12 07:12:00,45.9
2025-06-12 05:28:00,52.8
2025-06-12 12:47:00,45.3
2025-06-12 01:39:00,96.5
2025-06-12 10:59:00,79.6
2025-06-12 20:45:00,19.2
2025-06-12 03:50:00,49.58899212042808
2025-06-12 14:37:00,44.3
2025-06-12 10:49:00,66.6
2025-06-12 11:07:00,49.58899212042808
2025-06-12 01:55:00,99.3
2025-06-12 10:02:00,85.0
2025-06-12 07:19:00,81.1
2025-06-12 00:57:00,83.6
2025-06-12 10:46:00,53.9
2025-06-12 09:30:00,49.8
2025-06-12 15:32:00,83.5
2025-06-12 01:50:00,32.4
2025-06-12 11:35:00,20.6
2025-06-12 07:29:00,44.1
2025-06-12 22:47:00,97.8
2025-06-12 23:19:00,24.4
2025-06-12 09:02:00,42.5
2025-06-12 19:47:00,49.58899212042808
2025-06-12 17:11:00,49.58899212042808
2025-06-12 01:38:00,8.7
2025-06-12 02:09:00,3.9
2025-06-12 06:08:00,61.2
2025-06-12 08:53:00,49.58899212042808
2025-06-12 18:19:00,99.6
2025-06-12 16:55:00,25.2
2025-06-12 23:45:00,24.8
2025-06-12 17:33:00,20.4
2025-06-12 21:51:00,66.4
2025-06-12 23:38:00,49.58899212042808
2025-06-12 14:05:00,68.2
2025-06-12 20:05:00,49.58899212042808
2025-06-12 16:30:00,84.5
2025-06-12 16:03:00,32.6
2025-06-12 04:50:00,12.4
2025-06-12 04:30:00,49.58899212042808
2025-06-12 08:09:00,26.4
2025-06-12 22:07:00,49.58899212042808
2025-06-12 02:58:00,49.58899212042808
2025-06-12 04:42:00,30.2
2025-06-12 08:00:00,36.5
2025-06-12 09:22:00,99.7
2025-06-12 17:37:00,28.7
2025-06-12 21:58:00,68.8
2025-06-12 20:37:00,35.6
2025-06-12 21:07:00,66.9
2025-06-12 09:39:00,74.8
2025-06-12 18:32:00,86.5
2025-06-12 19:56:00,66.6
2025-06-12 16:03:00,59.6
2025-06-12 13:18:00,29.1
2025-06-12 06:42:00,89.9
2025-06-12 17:04:00,76.8
2025-06-12 01:15:00,16.2
2025-06-12 07:59:00,59.5
2025-06-12 08:20:00,21.5
2025-06-12 04:49:00,74.5
2025-06-12 09:44:00,34.4
2025-06-12 00:25:00,76.6
2025-06-12 01:24:00,49.58899212042808
2025-06-12 00:59:00,49.58899212042808
2025-06-12 18:05:00,1.1
2025-06-12 21:19:00,49.58899212042808
2025-06-12 18:26:00,73.1
2025-06-12 07:24:00,62.0
2025-06-12 14:15:00,18.4
2025-06-12 14:49:00,0.1
2025-06-12 04:06:00,71.7
2025-06-12 11:55:00,49.0
2025-06-12 16:17:00,84.5
2025-06-12 16:41:00,57.5
2025-06-12 06:19:00,43.6
2025-06-12 18:47:00,97.1
2025-06-12 14:43:00,28.9
2025-06-12 13:48:00,11.8
2025-06-12 16:13:00,78.6
2025-06-12 23:12:00,49.58899212042808
2025-06-12 23:55:00,48.9
2025-06-12 17:42:00,17.5
2025-06-12 19:38:00,75.4
2025-06-12 05:13:00,58.5
2025-06-12 19:03:00,95.1
2025-06-12 16:40:00,55.3
2025-06-12 21:42:00,46.2
2025-06-12 23:35:00,40.1
2025-06-12 19:43:00,35.2
2025-06-12 09:40:00,16.6
2025-06-12 17:47:00,51.6
2025-06-12 19:00:00,41.8
2025-06-12 14:29:00,96.0
2025-06-12 22:36:00,49.58899212042808
2025-06-12 14:33:00,12.8
2025-06-12 10:04:00,79.5
2025-06-12 07:50:00,80.0
2025-06-12 12:07:00,93.2
2025-06-12 04:58:00,49.58899212042808
2025-06-12 22:03:00,28.6
2025-06-12 03:16:00,19.6
2025-06-12 23:08:00,83.8
2025-06-12 15:08:00,89.9
2025-06-12 16:20:00,57.5
2025-06-12 02:07:00,86.4
2025-06-12 20:39:00,71.8
2025-06-12 02:06:00,6.9
2025-06-12 13:21:00,62.8
2025-06-12 20:12:00,92.2
2025-06-12 17:05:00,37.2
2025-06-12 07:04:00,51.6
2025-06-12 18:20:00,13.0
2025-06-12 17:06:00,71.8
2025-06-12 02:57:00,58.7
2025-06-12 01:15:00,49.58899212042808
2025-06-12 18:13:00,49.58899212042808
2025-06-12 08:55:00,97.3
2025-06-12 07:49:00,88.5
2025-06-12 12:33:00,75.6
2025-06-12 23:00:00,49.58899212042808
2025-06-12 17:51:00,37.0
2025-06-12 22:14:00,63.9
2025-06-12 21:35:00,11.1
2025-06-12 05:03:00,33.9
2025-06-12 17:15:00,22.1
2025-06-12 21:28:00,49.58899212042808
2025-06-12 14:22:00,68.8
2025-06-12 10:00:00,47.7
2025-06-12 13:37:00,93.9
2025-06-12 01:20:00,20.2
2025-06-12 22:41:00,92.4
2025-06-12 08:40:00,3.4
2025-06-12 08:30:00,71.3
2025-06-12 05:53:00,27.6
2025-06-12 16:37:00,64.8
2025-06-12 11:49:00,96.7
2025-06-12 10:52:00,100.0
2025-06-12 03:37:00,49.58899212042808
2025-06-12 05:12:00,82.7
2025-06-12 23:27:00,49.58899212042808
2025-06-12 03:07:00,35.2
2025-06-12 21:23:00,1.9
2025-06-12 16:51:00,7.0
2025-06-12 18:39:00,81.2
2025-06-12 23:51:00,9.3
2025-06-12 00:17:00,82.2
2025-06-12 14:40:00,19.0
2025-06-12 17:42:00,35.5
2025-06-12 02:36:00,93.4
2025-06-12 07:42:00,49.58899212042808
2025-06-12 07:20:00,6.8
2025-06-12 19:08:00,22.9
2025-06-12 16:43:00,84.2
2025-06-12 17:08:00,3.2
2025-06-12 16:42:00,45.4
2025-06-12 07:41:00,23.6
2025-06-12 18:48:00,72.3
2025-06-12 06:39:00,52.8
2025-06-12 01:58:00,78.8
2025-06-12 18:53:00,30.3
2025-06-12 17:42:00,2.7
2025-06-12 07:37:00,95.2
2025-06-12 17:50:00,49.58899212042808
2025-06-12 15:51:00,25.8
2025-06-12 04:32:00,41.7
2025-06-12 03:19:00,48.1
2025-06-12 23:53:00,56.1
2025-06-12 07:56:00,98.8
2025-06-12 06:02:00,25.8
2025-06-12 21:26:00,55.5
2025-06-12 15:07:00,49.58899212042808
2025-06-12 02:41:00,53.1
2025-06-12 10:27:00,49.58899212042808
2025-06-12 12:34:00,49.58899212042808
2025-06-12 00:28:00,40.6
2025-06-12 13:01:00,16.9
2025-06-12 07:54:00,92.2
2025-06-12 12:05:00,49.58899212042808
2025-06-12 01:51:00,97.5
2025-06-12 04:51:00,35.8
2025-06-12 15:19:00,70.6
2025-06-12 01:30:00,49.58899212042808
2025-06-12 05:10:00,60.8
2025-06-12 19:10:00,12.0
2025-06-12 00:29:00,95.7
2025-06-12 05:57:00,46.5
2025-06-12 22:14:00,58.4
2025-06-12 23:11:00,7.3
2025-06-12 21:37:00,61.8
2025-06-12 23:04:00,15.9
2025-06-12 21:26:00,11.0
2025-06-12 01:39:00,95.1
2025-06-12 17:02:00,41.9
2025-06-12 19:54:00,67.6
2025-06-12 00:31:00,89.9
2025-06-12 23:50:00,17.0
2025-06-12 19:11:00,49.58899212042808
2025-06-12 04:04:00,97.8
2025-06-12 18:04:00,83.1
2025-06-12 09:39:00,16.9
2025-06-12 03:05:00,49.58899212042808
2025-06-12 03:22:00,70.7
2025-06-12 05:53:00,45.5
2025-06-12 03:46:00,32.5
2025-06-12 16:17:00,49.58899212042808
2025-06-12 04:33:00,96.3
2025-06-12 01:21:00,23.1
2025-06-12 16:13:00,49.58899212042808
2025-06-12 11:15:00,43.0
2025-06-12 01:28:00,23.5
2025-06-12 16:35:00,49.58899212042808
2025-06-12 21:36:00,49.58899212042808
2025-06-12 20:50:00,65.8
2025-06-12 02:21:00,73.2
2025-06-12 02:25:00,85.9
2025-06-12 02:42:00,73.9
2025-06-12 19:53:00,97.3
2025-06-12 20:05:00,55.7
2025-06-12 19:10:00,2.5
2025-06-12 20:26:00,82.7
2025-06-12 02:08:00,4.0
2025-06-12 23:25:00,49.2
2025-06-12 21:53:00,20.2
2025-06-12 02:23:00,21.7
2025-06-12 22:05:00,65.5
2025-06-12 20:27:00,16.3
2025-06-12 08:35:00,26.7
2025-06-12 13:00:00,89.8
2025-06-12 06:41:00,11.1
2025-06-12 11:31:00,33.7
2025-06-12 10:41:00,92.7
2025-06-12 22:51:00,49.1
2025-06-12 00:10:00,86.9
2025-06-12 13:22:00,66.0
2025-06-12 03:38:00,49.58899212042808
2025-06-12 20:42:00,49.58899212042808
2025-06-12 00:14:00,26.7
2025-06-12 04:16:00,79.3
2025-06-12 19:20:00,67.8
2025-06-12 22:07:00,49.58899212042808
2025-06-12 13:31:00,79.9
2025-06-12 21:15:00,74.1
2025-06-12 19:39:00,38.7
2025-06-12 10:47:00,49.58899212042808
2025-06-12 01:11:00,60.7
2025-06-12 05:56:00,81.7
2025-06-12 02:57:00,78.6
2025-06-12 04:26:00,69.3
2025-06-12 11:26:00,32.2
2025-06-12 06:27:00,47.8
2025-06-12 22:42:00,25.1
2025-06-12 12:46:00,26.2
2025-06-12 22:24:00,23.3
2025-06-12 21:01:00,47.7
2025-06-12 13:39:00,15.8
2025-06-12 09:44:00,99.6
2025-06-12 20:33:00,14.5
2025-06-12 18:05:00,49.58899212042808
2025-06-12 06:49:00,59.2
2025-06-12 00:41:00,7.1
2025-06-12 23:34:00,92.0
2025-06-12 00:39:00,58.1
2025-06-12 21:52:00,89.0
2025-06-12 00:12:00,67.3
2025-06-12 20:26:00,18.4
2025-06-12 17:40:00,66.2
2025-06-12 21:40:00,37.9
2025-06-12 19:02:00,93.4
2025-06-12 08:28:00,90.6
2025-06-12 01:07:00,42.4
2025-06-12 01:20:00,13.7
2025-06-12 08:06:00,86.4
2025-06-12 08:00:00,49.58899212042808
2025-06-12 08:44:00,56.0
2025-06-12 11:07:00,27.1
2025-06-12 11:42:00,70.3
2025-06-12 06:06:00,83.3
2025-06-12 00:34:00,54.6
2025-06-12 04:51:00,66.2
2025-06-12 06:05:00,87.9
2025-06-12 02:16:00,20.6
2025-06-12 03:29:00,91.8
2025-06-12 17:08:00,32.4
2025-06-12 05:58:00,49.58899212042808
2025-06-12 19:36:00,24.2
2025-06-12 23:56:00,56.7
2025-06-12 10:21:00,24.5
2025-06-12 07:08:00,0.2
2025-06-12 19:50:00,61.0
2025-06-12 03:02:00,21.2
2025-06-12 07:05:00,58.2
2025-06-12 07:05:00,50.2977004785806
2025-06-12 20:58:00,88.1
2025-06-12 05:05:00,12.3
2025-06-12 09:49:00,50.2977004785806
2025-06-12 15:19:00,60.3
2025-06-12 14:30:00,71.4
2025-06-12 00:44:00,37.2
2025-06-12 21:24:00,37.9
2025-06-12 01:49:00,24.3
2025-06-12 23:46:00,60.7
2025-06-12 12:56:00,81.2
2025-06-12 21:52:00,65.8
2025-06-12 18:40:00,41.7
2025-06-12 05:08:00,37.0
2025-06-12 08:39:00,89.5
2025-06-12 02:27:00,97.8
2025-06-12 08:45:00,50.2977004785806
2025-06-12 10:38:00,20.6
2025-06-12 00:29:00,60.8
2025-06-12 10:57:00,17.7
2025-06-12 10:14:00,55.6
2025-06-12 23:44:00,80.5
2025-06-12 14:59:00,64.8
2025-06-12 22:53:00,45.3
2025-06-12 14:22:00,34.5
2025-06-12 19:23:00,60.2
2025-06-12 15:24:00,17.9
2025-06-12 05:00:00,22.8
2025-06-12 21:08:00,33.8
2025-06-12 11:15:00,75.4
2025-06-12 22:48:00,50.2977004785806
2025-06-12 09:56:00,50.2977004785806
2025-06-12 00:18:00,94.5
2025-06-12 22:17:00,68.7
2025-06-12 06:22:00,17.0
2025-06-12 21:55:00,61.4
2025-06-12 12:36:00,56.8
2025-06-12 18:51:00,50.2977004785806
2025-06-12 21:54:00,50.2977004785806
2025-06-12 23:49:00,28.2
2025-06-12 18:06:00,64.0
2025-06-12 22:46:00,55.5
2025-06-12 16:14:00,50.2977004785806
2025-06-12 05:20:00,77.9
2025-06-12 12:48:00,62.6
2025-06-12 03:07:00,10.8
2025-06-12 09:10:00,57.0
2025-06-12 13:07:00,72.6
2025-06-12 02:04:00,31.9
2025-06-12 09:44:00,66.7
2025-06-12 09:42:00,80.1
2025-06-12 16:13:00,50.2977004785806
2025-06-12 22:48:00,43.4
2025-06-12 19:49:00,35.2
2025-06-12 21:06:00,30.3
2025-06-12 08:43:00,20.4
2025-06-12 05:10:00,41.0
2025-06-12 05:09:00,46.6
2025-06-12 14:51:00,1.5
2025-06-12 14:09:00,32.1
2025-06-12 09:56:00,50.2977004785806
2025-06-12 18:00:00,92.7
2025-06-12 21:54:00,44.1
2025-06-12 20:05:00,18.7
2025-06-12 20:09:00,26.0
2025-06-12 08:13:00,49.8
2025-06-12 12:34:00,92.7
2025-06-12 23:10:00,50.2977004785806
2025-06-12 02:43:00,32.6
2025-06-12 01:19:00,74.6
2025-06-12 06:55:00,51.9
2025-06-12 08:35:00,99.8
2025-06-12 01:46:00,80.6
2025-06-12 03:37:00,65.8
2025-06-12 06:18:00,35.0
2025-06-12 19:31:00,2.6
2025-06-12 10:15:00,88.6
2025-06-12 12:17:00,50.3
2025-06-12 19:41:00,71.4
2025-06-12 13:09:00,11.7
2025-06-12 02:44:00,20.4
2025-06-12 21:16:00,98.7
2025-06-12 17:04:00,10.7
2025-06-12 07:14:00,71.1
2025-06-12 09:40:00,50.2977004785806
2025-06-12 14:10:00,64.3
2025-06-12 16:14:00,87.4
2025-06-12 17:53:00,50.2977004785806
2025-06-12 19:30:00,39.9
2025-06-12 20:02:00,92.7
2025-06-12 03:09:00,21.3
2025-06-12 01:05:00,94.6
2025-06-12 02:48:00,66.6
2025-06-12 18:32:00,38.6
2025-06-12 13:12:00,50.9
2025-06-12 06:59:00,1.1
2025-06-12 16:41:00,19.1
2025-06-12 14:17:00,65.3
2025-06-12 09:07:00,50.2977004785806
2025-06-12 10:46:00,38.0
2025-06-12 00:55:00,85.1
2025-06-12 20:44:00,1.8
2025-06-12 09:33:00,18.5
2025-06-12 09:54:00,61.9
2025-06-12 00:00:00,50.2977004785806
2025-06-12 12:35:00,77.8
2025-06-12 04:58:00,97.0
2025-06-12 12:06:00,69.1
2025-06-12 12:54:00,50.2977004785806
2025-06-12 03:46:00,60.9
2025-06-12 11:57:00,99.1
2025-06-12 10:20:00,35.1
2025-06-12 18:14:00,2.1
2025-06-12 03:16:00,11.8
2025-06-12 03:28:00,66.5
2025-06-12 07:26:00,2.7
2025-06-12 02:58:00,73.0
2025-06-12 13:12:00,48.9
2025-06-12 10:57:00,42.8
2025-06-12 08:12:00,29.4
2025-06-12 16:34:00,82.3
2025-06-12 11:01:00,50.2977004785806
2025-06-12 18:49:00,93.3
2025-06-12 03:36:00,29.8
2025-06-12 03:13:00,62.7
2025-06-12 06:20:00,50.2977004785806
2025-06-12 02:22:00,13.6
2025-06-12 06:23:00,64.7
2025-06-12 14:41:00,93.8
2025-06-12 01:29:00,10.5
2025-06-12 21:09:00,11.9
2025-06-12 11:05:00,73.9
2025-06-12 19:06:00,27.2
2025-06-12 23:03:00,9.9
2025-06-12 17:00:00,43.2
2025-06-12 04:30:00,0.4
2025-06-12 22:12:00,40.1
2025-06-12 00:42:00,28.9
2025-06-12 07:42:00,37.2
2025-06-12 01:29:00,81.3
2025-06-12 18:57:00,47.5
2025-06-12 00:51:00,50.2977004785806
2025-06-12 06:57:00,16.9
2025-06-12 12:52:00,51.7
2025-06-12 00:20:00,73.5
2025-06-12 06:53:00,89.0
2025-06-12 06:40:00,62.7
2025-06-12 23:14:00,98.2
2025-06-12 15:12:00,82.6
2025-06-12 17:01:00,25.6
2025-06-12 21:58:00,10.2
2025-06-12 12:02:00,98.5
2025-06-12 16:31:00,34.5
2025-06-12 02:36:00,70.3
2025-06-12 05:08:00,50.2977004785806
2025-06-12 19:48:00,70.9
2025-06-12 04:41:00,32.0
2025-06-12 03:03:00,90.8
2025-06-12 17:33:00,14.5
2025-06-12 16:39:00,98.2
2025-06-12 02:05:00,19.6
2025-06-12 01:22:00,68.6
2025-06-12 13:05:00,11.4
2025-06-12 09:09:00,36.6
2025-06-12 19:22:00,11.8
2025-06-12 20:34:00,61.4
2025-06-12 11:18:00,61.8
2025-06-12 16:47:00,35.2
2025-06-12 10:07:00,90.4
2025-06-12 13:42:00,99.7
2025-06-12 16:04:00,3.8
2025-06-12 06:10:00,95.0
2025-06-12 01:19:00,82.3
2025-06-12 15:11:00,96.1
2025-06-12 21:10:00,50.2977004785806
2025-06-12 15:02:00,65.0
2025-06-12 09:22:00,9.7
2025-06-12 23:39:00,50.2977004785806
2025-06-12 03:32:00,50.2977004785806
2025-06-12 23:57:00,91.6
2025-06-12 10:06:00,79.8
2025-06-12 04:50:00,65.9
2025-06-12 00:49:00,58.6
2025-06-12 22:02:00,98.2
2025-06-12 15:47:00,92.5
2025-06-12 00:19:00,13.2
2025-06-12 09:00:00,68.7
2025-06-12 01:54:00,54.2
2025-06-12 09:32:00,50.2977004785806
2025-06-12 22:07:00,50.2977004785806
2025-06-12 23:28:00,7.4
2025-06-12 22:41:00,78.2
2025-06-12 11:57:00,31.1
2025-06-12 14:52:00,84.0
2025-06-12 03:04:00,37.7
2025-06-12 18:21:00,93.6
2025-06-12 13:44:00,16.3
2025-06-12 21:15:00,5.0
2025-06-12 14:11:00,21.0
2025-06-12 23:22:00,30.1
2025-06-12 17:24:00,4.9
2025-06-12 08:16:00,72.6
2025-06-12 04:22:00,50.2977004785806
2025-06-12 21:50:00,59.0
2025-06-12 12:28:00,61.4
2025-06-12 06:45:00,50.2977004785806
2025-06-12 15:21:00,58.8
2025-06-12 11:47:00,50.2977004785806
2025-06-12 17:22:00,82.4
2025-06-12 20:09:00,63.3
2025-06-12 17:36:00,57.6
2025-06-12 03:14:00,48.4
2025-06-12 20:15:00,23.8
2025-06-12 00:40:00,47.2
2025-06-12 01:12:00,95.2
2025-06-12 15:22:00,65.8
2025-06-12 16:54:00,94.8
2025-06-12 00:13:00,14.4
2025-06-12 23:44:00,50.2977004785806
2025-06-12 10:51:00,11.1
2025-06-12 22:20:00,96.1
2025-06-12 05:19:00,36.6
2025-06-12 13:27:00,30.3
2025-06-12 13:21:00,50.2977004785806
2025-06-12 03:43:00,50.2977004785806
2025-06-12 10:15:00,41.1
2025-06-12 06:11:00,91.2
2025-06-12 19:19:00,6.0
2025-06-12 16:23:00,26.6
2025-06-12 10:46:00,85.1
2025-06-12 08:10:00,40.1
2025-06-12 00:04:00,28.5
2025-06-12 07:04:00,45.3
2025-06-12 01:47:00,73.1
2025-06-12 08:05:00,50.2977004785806
2025-06-12 08:06:00,50.2977004785806
2025-06-12 07:20:00,97.8
2025-06-12 16:46:00,14.8
2025-06-12 15:48:00,73.8
2025-06-12 02:32:00,75.4
2025-06-12 22:17:00,7.2
2025-06-12 01:25:00,8.1
2025-06-12 06:33:00,0.6
2025-06-12 06:08:00,69.5
2025-06-12 07:51:00,2.7
2025-06-12 21:08:00,75.5
2025-06-12 23:24:00,98.4
2025-06-12 16:01:00,50.2977004785806
2025-06-12 04:21:00,82.1
2025-06-12 20:43:00,76.2
2025-06-12 12:41:00,6.3
2025-06-12 09:38:00,12.9
2025-06-12 00:59:00,12.5
2025-06-12 17:15:00,50.2977004785806
2025-06-12 00:35:00,73.4
2025-06-12 12:26:00,52.8
2025-06-12 21:37:00,50.2977004785806
2025-06-12 06:35:00,50.2977004785806
2025-06-12 19:58:00,40.1
2025-06-12 12:26:00,58.4
2025-06-12 11:20:00,22.1
2025-06-12 21:19:00,58.6
2025-06-12 09:03:00,94.8
2025-06-12 17:15:00,76.9
2025-06-12 01:59:00,30.6
2025-06-12 13:16:00,50.2977004785806
2025-06-12 18:48:00,28.9
2025-06-12 17:21:00,83.5
2025-06-12 00:33:00,97.6
2025-06-12 06:19:00,32.9
2025-06-12 23:55:00,15.2
2025-06-12 15:15:00,75.8
2025-06-12 12:05:00,60.7
2025-06-12 02:38:00,14.5
2025-06-12 21:39:00,50.2977004785806
2025-06-12 12:16:00,8.7
2025-06-12 21:04:00,69.4
2025-06-12 13:15:00,79.3
2025-06-12 22:28:00,43.3
2025-06-12 23:24:00,70.0
2025-06-12 04:12:00,39.0
2025-06-12 16:37:00,92.4
2025-06-12 20:56:00,98.2
2025-06-12 23:32:00,50.2977004785806
2025-06-12 20:37:00,94.3
2025-06-12 23:32:00,59.6
2025-06-12 02:35:00,2.2
2025-06-12 07:15:00,80.1
2025-06-12 03:38:00,75.4
2025-06-12 00:57:00,51.2
2025-06-12 19:57:00,14.5
2025-06-12 11:03:00,55.7
2025-06-12 18:44:00,81.5
2025-06-12 00:53:00,25.9
2025-06-12 13:06:00,74.6
2025-06-12 19:19:00,50.2977004785806
2025-06-12 11:30:00,5.0
2025-06-12 07:31:00,17.7
2025-06-12 00:28:00,3.1
2025-06-12 20:40:00,76.5
2025-06-12 21:26:00,50.2977004785806
2025-06-12 06:57:00,98.3
2025-06-12 11:25:00,28.7
2025-06-12 07:19:00,50.2977004785806
2025-06-12 14:16:00,43.3
2025-06-12 21:46:00,8.8
2025-06-12 05:08:00,46.9
2025-06-12 02:07:00,28.1
2025-06-12 02:19:00,16.4
2025-06-12 07:00:00,50.2977004785806
2025-06-12 07:04:00,51.1
2025-06-12 17:08:00,24.2
2025-06-12 17:40:00,8.9
2025-06-12 22:30:00,13.1
2025-06-12 08:24:00,60.1
2025-06-12 08:46:00,22.0
2025-06-12 13:08:00,50.2977004785806
2025-06-12 18:24:00,48.0
2025-06-12 07:23:00,50.2977004785806
2025-06-12 02:26:00,18.3
2025-06-12 13:23:00,32.8
2025-06-12 09:03:00,98.7
2025-06-12 06:20:00,44.8
2025-06-12 09:30:00,46.7
2025-06-12 10:22:00,92.7
2025-06-12 03:57:00,50.2977004785806
2025-06-12 01:04:00,49.82536769031651
2025-06-12 08:03:00,86.6
2025-06-12 21:08:00,9.3
2025-06-12 10:01:00,89.9
2025-06-12 20:53:00,2.3
2025-06-12 18:15:00,51.9
2025-06-12 05:11:00,54.0
2025-06-12 18:18:00,50.1
2025-06-12 12:01:00,59.9
2025-06-12 14:50:00,60.9
2025-06-12 08:19:00,70.1
2025-06-12 09:58:00,49.82536769031651
2025-06-12 01:46:00,58.9
2025-06-12 02:01:00,87.5
2025-06-12 01:59:00,33.7
2025-06-12 01:09:00,98.8
2025-06-12 23:35:00,49.82536769031651
2025-06-12 21:53:00,43.0
2025-06-12 02:39:00,34.7
2025-06-12 13:13:00,77.7
2025-06-12 18:52:00,47.0
2025-06-12 16:39:00,49.82536769031651
2025-06-12 18:51:00,78.7
2025-06-12 12:11:00,40.4
2025-06-12 09:55:00,62.2
2025-06-12 13:19:00,44.2
2025-06-12 07:51:00,86.9
2025-06-12 19:32:00,41.1
2025-06-12 10:59:00,49.82536769031651
2025-06-12 08:21:00,62.2
2025-06-12 05:01:00,92.3
2025-06-12 03:50:00,0.8
2025-06-12 07:53:00,66.3
2025-06-12 11:08:00,87.4
2025-06-12 07:02:00,18.9
2025-06-12 03:25:00,49.82536769031651
2025-06-12 23:22:00,74.3
2025-06-12 19:00:00,13.8
2025-06-12 06:07:00,40.1
2025-06-12 12:40:00,72.8
2025-06-12 18:50:00,47.2
2025-06-12 04:30:00,8.2
2025-06-12 06:03:00,83.3
2025-06-12 02:19:00,49.82536769031651
2025-06-12 10:13:00,12.8
2025-06-12 18:34:00,55.9
2025-06-12 15:01:00,49.82536769031651
2025-06-12 02:05:00,34.6
2025-06-12 18:20:00,52.2
2025-06-12 21:39:00,64.6
2025-06-12 20:39:00,25.3
2025-06-12 21:12:00,44.3
2025-06-12 08:53:00,98.9
2025-06-12 18:43:00,81.4
2025-06-12 15:21:00,44.3
2025-06-12 05:39:00,93.5
2025-06-12 18:20:00,22.6
2025-06-12 14:13:00,7.3
2025-06-12 15:17:00,88.7
2025-06-12 07:18:00,14.8
2025-06-12 10:59:00,84.5
2025-06-12 08:03:00,77.3
2025-06-12 20:27:00,26.1
2025-06-12 12:02:00,5.1
2025-06-12 08:34:00,88.8
2025-06-12 01:37:00,49.82536769031651
2025-06-12 21:42:00,49.82536769031651
2025-06-12 10:09:00,1.8
2025-06-12 23:02:00,77.6
2025-06-12 00:38:00,7.4
2025-06-12 23:04:00,15.8
2025-06-12 08:20:00,70.7
2025-06-12 09:53:00,58.7
2025-06-12 20:27:00,72.9
2025-06-12 12:39:00,89.3
2025-06-12 14:07:00,82.9
2025-06-12 13:08:00,17.0
2025-06-12 09:03:00,62.1
2025-06-12 14:25:00,82.8
2025-06-12 07:30:00,54.8
2025-06-12 05:19:00,47.2
2025-06-12 22:34:00,11.6
2025-06-12 01:12:00,49.82536769031651
2025-06-12 03:17:00,81.2
2025-06-12 23:56:00,40.2
2025-06-12 08:51:00,34.2
2025-06-12 19:22:00,55.0
2025-06-12 00:10:00,3.5
2025-06-12 17:42:00,19.8
2025-06-12 09:48:00,78.8
2025-06-12 05:36:00,37.3
2025-06-12 02:05:00,72.1
2025-06-12 05:46:00,52.1
2025-06-12 22:57:00,96.0
2025-06-12 15:56:00,90.6
2025-06-12 02:13:00,21.1
2025-06-12 01:18:00,83.8
2025-06-12 21:54:00,64.3
2025-06-12 09:15:00,72.5
2025-06-12 05:47:00,86.2
2025-06-12 16:24:00,12.0
2025-06-12 20:16:00,49.82536769031651
2025-06-12 23:16:00,21.4
2025-06-12 14:01:00,38.5
2025-06-12 08:35:00,7.3
2025-06-12 01:10:00,91.6
2025-06-12 12:29:00,2.5
2025-06-12 23:22:00,98.8
2025-06-12 00:44:00,8.4
2025-06-12 04:28:00,68.4
2025-06-12 01:50:00,53.0
2025-06-12 07:22:00,49.82536769031651
2025-06-12 19:31:00,36.8
2025-06-12 18:59:00,49.82536769031651
2025-06-12 16:31:00,49.82536769031651
2025-06-12 16:32:00,30.5
2025-06-12 08:18:00,89.1
2025-06-12 11:19:00,47.8
2025-06-12 23:28:00,76.6
2025-06-12 05:57:00,1.5
2025-06-12 20:08:00,49.82536769031651
2025-06-12 21:55:00,4.0
2025-06-12 00:01:00,35.4
2025-06-12 00:24:00,65.9
2025-06-12 13:49:00,49.82536769031651
2025-06-12 08:44:00,16.5
2025-06-12 20:44:00,49.82536769031651
2025-06-12 10:23:00,77.0
2025-06-12 09:16:00,67.1
2025-06-12 00:18:00,51.9
2025-06-12 15:16:00,22.9
2025-06-12 18:57:00,13.4
2025-06-12 22:55:00,38.1
2025-06-12 09:13:00,97.3
2025-06-12 07:41:00,92.9
2025-06-12 01:35:00,61.6
2025-06-12 16:55:00,49.82536769031651
2025-06-12 16:04:00,42.2
2025-06-12 14:48:00,4.5
2025-06-12 08:40:00,65.0
2025-06-12 23:04:00,59.6
2025-06-12 22:16:00,67.6
2025-06-12 01:49:00,49.82536769031651
2025-06-12 09:46:00,2.8
2025-06-12 06:44:00,96.8
2025-06-12 03:41:00,30.4
2025-06-12 22:41:00,76.6
2025-06-12 13:46:00,92.4
2025-06-12 03:43:00,21.6
2025-06-12 22:26:00,65.4
2025-06-12 18:59:00,66.5
2025-06-12 23:26:00,6.8
2025-06-12 17:16:00,49.82536769031651
2025-06-12 12:42:00,15.6
2025-06-12 19:29:00,68.9
2025-06-12 06:55:00,49.82536769031651
2025-06-12 15:21:00,85.6
2025-06-12 19:25:00,68.4
2025-06-12 02:36:00,0.8
2025-06-12 05:31:00,11.5
2025-06-12 02:34:00,70.7
2025-06-12 11:26:00,60.9
2025-06-12 19:13:00,49.82536769031651
2025-06-12 04:20:00,49.82536769031651
2025-06-12 18:48:00,8.7
2025-06-12 20:07:00,59.1
2025-06-12 06:26:00,44.5
2025-06-12 07:22:00,75.9
2025-06-12 16:23:00,92.8
2025-06-12 17:43:00,49.82536769031651
2025-06-12 17:17:00,31.0
2025-06-12 19:10:00,49.82536769031651
2025-06-12 23:53:00,49.82536769031651
2025-06-12 07:43:00,90.3
2025-06-12 14:57:00,98.9
2025-06-12 07:34:00,75.8
2025-06-12 08:50:00,37.6
2025-06-12 08:05:00,23.6
2025-06-12 20:12:00,75.9
2025-06-12 20:09:00,49.82536769031651
2025-06-12 15:08:00,82.6
2025-06-12 16:12:00,32.9
2025-06-12 15:12:00,37.3
2025-06-12 05:19:00,49.82536769031651
2025-06-12 16:32:00,52.9
2025-06-12 20:10:00,61.5
2025-06-12 19:35:00,27.4
2025-06-12 13:16:00,12.1
2025-06-12 04:00:00,40.7
2025-06-12 18:33:00,6.3
2025-06-12 06:19:00,89.3
2025-06-12 15:56:00,27.4
2025-06-12 15:01:00,98.3
2025-06-12 07:36:00,93.7
2025-06-12 11:48:00,49.82536769031651
2025-06-12 17:31:00,99.9
2025-06-12 22:49:00,49.82536769031651
2025-06-12 11:19:00,49.82536769031651
2025-06-12 05:11:00,11.3
2025-06-12 08:48:00,4.3
2025-06-12 03:57:00,75.0
2025-06-12 00:16:00,21.7
2025-06-12 09:04:00,49.82536769031651
2025-06-12 01:15:00,72.5
2025-06-12 09:55:00,79.5
2025-06-12 08:27:00,96.1
2025-06-12 06:40:00,73.1
2025-06-12 14:19:00,20.4
2025-06-12 05:51:00,82.0
2025-06-12 03:21:00,44.2
2025-06-12 13:46:00,5.0
2025-06-12 20:20:00,48.7
2025-06-12 15:56:00,49.82536769031651
2025-06-12 06:12:00,55.4
2025-06-12 06:51:00,82.6
2025-06-12 18:38:00,18.6
2025-06-12 14:15:00,49.82536769031651
2025-06-12 21:38:00,23.6
2025-06-12 16:18:00,56.3
2025-06-12 13:41:00,95.7
2025-06-12 07:21:00,7.2
2025-06-12 22:09:00,79.5
2025-06-12 08:35:00,44.3
2025-06-12 11:23:00,74.0
2025-06-12 08:33:00,52.3
2025-06-12 08:21:00,74.0
2025-06-12 03:21:00,42.4
2025-06-12 05:47:00,86.6
2025-06-12 19:38:00,54.5
2025-06-12 02:54:00,4.0
2025-06-12 19:21:00,74.5
2025-06-12 02:08:00,46.5
2025-06-12 10:35:00,14.2
2025-06-12 12:00:00,96.4
2025-06-12 03:18:00,29.5
2025-06-12 04:38:00,40.9
2025-06-12 15:51:00,93.3
2025-06-12 10:23:00,18.0
2025-06-12 00:09:00,96.1
2025-06-12 17:32:00,65.6
2025-06-12 18:46:00,74.3
2025-06-12 00:03:00,35.7
2025-06-12 16:33:00,49.0
2025-06-12 21:12:00,49.82536769031651
2025-06-12 05:14:00,77.2
2025-06-12 14:23:00,84.2
2025-06-12 11:49:00,73.3
2025-06-12 11:45:00,3.5
2025-06-12 16:12:00,50.9
2025-06-12 17:05:00,89.3
2025-06-12 16:32:00,8.5
2025-06-12 01:26:00,50.9
2025-06-12 16:28:00,7.7
2025-06-12 13:47:00,45.7
2025-06-12 12:35:00,19.2
2025-06-12 08:41:00,19.6
2025-06-12 22:32:00,49.82536769031651
2025-06-12 22:57:00,54.9
2025-06-12 15:59:00,49.82536769031651
2025-06-12 11:07:00,5.8
2025-06-12 07:55:00,39.3
2025-06-12 17:56:00,37.7
2025-06-12 00:55:00,75.8
2025-06-12 13:16:00,32.2
2025-06-12 18:52:00,49.82536769031651
2025-06-12 10:29:00,71.9
2025-06-12 12:44:00,49.3
2025-06-12 22:06:00,95.4
2025-06-12 12:08:00,27.3
2025-06-12 03:38:00,58.4
2025-06-12 18:08:00,24.0
2025-06-12 11:28:00,18.4
2025-06-12 17:20:00,61.3
2025-06-12 09:28:00,49.82536769031651
2025-06-12 21:53:00,25.1
2025-06-12 11:58:00,76.0
2025-06-12 15:54:00,45.4
2025-06-12 03:19:00,49.82536769031651
2025-06-12 15:21:00,49.82536769031651
2025-06-12 11:22:00,85.0
2025-06-12 09:25:00,32.5
2025-06-12 08:54:00,62.0
2025-06-12 10:23:00,27.7
2025-06-12 03:26:00,59.5
2025-06-12 00:44:00,65.8
2025-06-12 10:25:00,76.4
2025-06-12 08:28:00,93.9
2025-06-12 14:43:00,32.4
2025-06-12 01:19:00,48.7
2025-06-12 19:47:00,34.2
2025-06-12 17:06:00,82.8
2025-06-12 04:02:00,49.82536769031651
2025-06-12 07:56:00,6.3
2025-06-12 11:54:00,32.6
2025-06-12 22:19:00,26.7
2025-06-12 08:36:00,27.2
2025-06-12 12:47:00,38.2
2025-06-12 13:22:00,81.9
2025-06-12 21:17:00,93.8
2025-06-12 16:08:00,92.7
2025-06-12 12:45:00,97.3
2025-06-12 10:45:00,75.8
2025-06-12 06:40:00,49.82536769031651
2025-06-12 10:07:00,75.5
2025-06-12 14:31:00,25.0
2025-06-12 14:32:00,73.7
2025-06-12 07:15:00,90.3
2025-06-12 15:08:00,1.2
2025-06-12 20:41:00,84.1
2025-06-12 13:16:00,69.4
2025-06-12 05:55:00,36.1
2025-06-12 05:58:00,6.3
2025-06-12 10:14:00,98.1
2025-06-12 09:04:00,63.7
2025-06-12 17:21:00,34.3
2025-06-12 05:11:00,95.6
2025-06-12 12:24:00,8.0
2025-06-12 06:15:00,86.5
2025-06-12 17:23:00,67.8
2025-06-12 23:31:00,20.8
2025-06-12 02:30:00,25.9
2025-06-12 04:35:00,71.6
2025-06-12 04:51:00,59.9
2025-06-12 18:21:00,67.1
2025-06-12 11:01:00,77.0
2025-06-12 14:12:00,59.5
2025-06-12 23:34:00,49.82536769031651
2025-06-12 00:13:00,49.82536769031651
2025-06-12 23:38:00,94.0
2025-06-12 10:42:00,43.1
2025-06-12 23:50:00,50.7
2025-06-12 04:21:00,17.5
2025-06-12 15:21:00,16.5
2025-06-12 18:41:00,98.2
2025-06-12 16:45:00,45.5
2025-06-12 03:10:00,49.82536769031651
2025-06-12 21:08:00,49.82536769031651
2025-06-12 12:05:00,17.2
2025-06-12 00:46:00,35.4
2025-06-12 09:24:00,7.7
2025-06-12 23:29:00,50.10362276498773
2025-06-12 18:34:00,72.7
2025-06-12 06:39:00,60.8
2025-06-12 05:37:00,88.7
2025-06-12 13:07:00,69.3
2025-06-12 21:45:00,70.4
2025-06-12 13:32:00,81.6
2025-06-12 02:58:00,89.3
2025-06-12 01:44:00,96.6
2025-06-12 20:50:00,50.10362276498773
2025-06-12 02:30:00,7.1
2025-06-12 13:05:00,22.4
2025-06-12 14:45:00,72.6
2025-06-12 21:46:00,14.7
2025-06-12 22:33:00,81.2
2025-06-12 11:31:00,50.6
2025-06-12 00:15:00,55.6
2025-06-12 11:48:00,92.2
2025-06-12 17:35:00,50.10362276498773
2025-06-12 09:33:00,50.10362276498773
2025-06-12 07:12:00,43.1
2025-06-12 07:58:00,87.0
2025-06-12 14:51:00,82.8
2025-06-12 05:52:00,58.9
2025-06-12 06:32:00,77.1
2025-06-12 00:59:00,72.5
2025-06-12 18:17:00,4.9
2025-06-12 21:20:00,99.4
2025-06-12 19:43:00,15.8
2025-06-12 03:20:00,81.0
2025-06-12 20:35:00,23.1
2025-06-12 17:17:00,31.7
2025-06-12 09:29:00,13.8
2025-06-12 17:16:00,10.4
2025-06-12 21:47:00,50.10362276498773
2025-06-12 08:45:00,50.10362276498773
2025-06-12 10:04:00,15.0
2025-06-12 16:18:00,85.8
2025-06-12 09:45:00,92.4
2025-06-12 04:07:00,46.1
2025-06-12 07:29:00,54.2
2025-06-12 12:45:00,51.7
2025-06-12 08:10:00,50.10362276498773
2025-06-12 17:02:00,78.3
2025-06-12 12:46:00,84.4
2025-06-12 18:56:00,58.6
2025-06-12 22:31:00,27.1
2025-06-12 10:48:00,6.5
2025-06-12 05:35:00,26.1
2025-06-12 14:02:00,94.6
2025-06-12 12:35:00,50.10362276498773
2025-06-12 01:24:00,29.1
2025-06-12 04:52:00,50.10362276498773
2025-06-12 19:16:00,48.9
2025-06-12 04:48:00,9.0
2025-06-12 08:45:00,49.0
2025-06-12 15:56:00,93.7
2025-06-12 04:35:00,50.10362276498773
2025-06-12 11:55:00,0.7
2025-06-12 20:06:00,44.2
2025-06-12 04:01:00,50.10362276498773
2025-06-12 05:58:00,77.2
2025-06-12 04:01:00,24.4
2025-06-12 22:05:00,4.3
2025-06-12 11:04:00,50.10362276498773
2025-06-12 08:17:00,4.4
2025-06-12 14:37:00,50.10362276498773
2025-06-12 11:02:00,69.9
2025-06-12 08:09:00,23.9
2025-06-12 06:48:00,50.10362276498773
2025-06-12 23:29:00,43.1
2025-06-12 05:13:00,68.0
2025-06-12 07:01:00,42.7
2025-06-12 08:23:00,50.10362276498773
2025-06-12 13:42:00,43.7
2025-06-12 23:23:00,6.4
2025-06-12 19:03:00,50.10362276498773
2025-06-12 18:30:00,51.9
2025-06-12 06:02:00,24.1
2025-06-12 02:42:00,43.7
2025-06-12 06:45:00,39.1
2025-06-12 18:10:00,9.7
2025-06-12 01:13:00,81.7
2025-06-12 02:15:00,51.8
2025-06-12 06:32:00,94.7
2025-06-12 14:46:00,94.2
2025-06-12 09:58:00,33.6
2025-06-12 09:00:00,51.4
2025-06-12 20:18:00,4.3
2025-06-12 17:34:00,21.0
2025-06-12 14:12:00,57.5
2025-06-12 14:11:00,29.9
2025-06-12 07:40:00,51.1
2025-06-12 05:45:00,46.6
2025-06-12 12:06:00,37.1
2025-06-12 00:29:00,65.1
2025-06-12 09:27:00,85.9
2025-06-12 22:09:00,97.2
2025-06-12 14:07:00,50.10362276498773
2025-06-12 23:04:00,1.6
2025-06-12 08:43:00,77.9
2025-06-12 04:26:00,25.2
2025-06-12 19:08:00,50.10362276498773
2025-06-12 11:25:00,9.2
2025-06-12 12:22:00,36.8
2025-06-12 19:02:00,10.2
2025-06-12 10:22:00,5.4
2025-06-12 14:44:00,3.7
2025-06-12 00:33:00,70.2
2025-06-12 15:06:00,30.9
2025-06-12 06:15:00,32.8
2025-06-12 08:27:00,74.4
2025-06-12 07:24:00,85.0
2025-06-12 14:13:00,50.10362276498773
2025-06-12 21:58:00,66.2
2025-06-12 03:28:00,70.8
2025-06-12 21:35:00,71.4
2025-06-12 12:16:00,2.3
2025-06-12 18:52:00,10.8
2025-06-12 20:19:00,89.3
2025-06-12 14:58:00,88.5
2025-06-12 06:29:00,35.4
2025-06-12 09:24:00,33.3
2025-06-12 01:53:00,95.9
2025-06-12 21:41:00,32.5
2025-06-12 02:41:00,50.10362276498773
2025-06-12 02:54:00,26.2
2025-06-12 23:34:00,52.6
2025-06-12 16:16:00,88.6
2025-06-12 05:34:00,2.4
2025-06-12 21:57:00,81.2
2025-06-12 03:42:00,50.10362276498773
2025-06-12 11:44:00,42.0
2025-06-12 13:07:00,73.3
2025-06-12 21:26:00,17.0
2025-06-12 07:14:00,50.10362276498773
2025-06-12 16:35:00,50.10362276498773
2025-06-12 15:35:00,57.9
2025-06-12 22:01:00,13.9
2025-06-12 09:59:00,4.5
2025-06-12 11:01:00,75.7
2025-06-12 02:59:00,88.9
2025-06-12 09:22:00,50.10362276498773
2025-06-12 07:23:00,50.10362276498773
2025-06-12 15:45:00,96.7
2025-06-12 10:20:00,83.3
2025-06-12 05:50:00,7.5
2025-06-12 16:11:00,98.8
2025-06-12 01:52:00,72.8
2025-06-12 07:56:00,38.9
2025-06-12 15:24:00,49.1
2025-06-12 07:54:00,50.10362276498773
2025-06-12 21:30:00,50.10362276498773
2025-06-12 07:37:00,36.7
2025-06-12 10:53:00,45.9
2025-06-12 15:23:00,16.7
2025-06-12 14:34:00,56.6
2025-06-12 09:31:00,38.1
2025-06-12 04:02:00,50.3
2025-06-12 00:31:00,50.10362276498773
2025-06-12 22:39:00,17.2
2025-06-12 00:52:00,57.3
2025-06-12 11:57:00,6.8
2025-06-12 19:20:00,74.3
2025-06-12 07:37:00,96.1
2025-06-12 10:52:00,50.10362276498773
2025-06-12 18:16:00,50.10362276498773
2025-06-12 19:07:00,50.10362276498773
2025-06-12 23:53:00,34.9
2025-06-12 03:38:00,31.2
2025-06-12 17:40:00,81.7
2025-06-12 17:54:00,43.4
2025-06-12 22:30:00,5.3
2025-06-12 19:28:00,62.3
2025-06-12 14:02:00,50.10362276498773
2025-06-12 08:05:00,96.1
2025-06-12 11:29:00,16.4
2025-06-12 10:44:00,78.0
2025-06-12 04:13:00,50.10362276498773
2025-06-12 21:45:00,53.1
2025-06-12 19:52:00,16.5
2025-06-12 17:46:00,49.0
2025-06-12 19:21:00,9.9
2025-06-12 20:15:00,49.7
2025-06-12 19:05:00,43.9
2025-06-12 19:15:00,51.9
2025-06-12 06:51:00,50.10362276498773
2025-06-12 04:38:00,50.10362276498773
2025-06-12 02:26:00,2.9
2025-06-12 01:35:00,44.6
2025-06-12 03:09:00,3.1
2025-06-12 21:47:00,89.2
2025-06-12 17:25:00,49.2
2025-06-12 22:10:00,15.9
2025-06-12 17:36:00,81.8
2025-06-12 07:06:00,83.3
2025-06-12 00:27:00,32.3
2025-06-12 14:30:00,63.1
2025-06-12 08:26:00,63.0
2025-06-12 09:17:00,50.10362276498773
2025-06-12 02:26:00,16.6
2025-06-12 18:30:00,50.10362276498773
2025-06-12 05:51:00,50.10362276498773
2025-06-12 20:21:00,50.10362276498773
2025-06-12 08:58:00,19.8
2025-06-12 20:58:00,50.10362276498773
2025-06-12 06:04:00,50.10362276498773
2025-06-12 18:51:00,50.10362276498773
2025-06-12 10:56:00,50.10362276498773
2025-06-12 11:07:00,50.10362276498773
2025-06-12 22:52:00,50.10362276498773
2025-06-12 12:59:00,62.4
2025-06-12 16:14:00,48.6
2025-06-12 21:47:00,2.8
2025-06-12 20:39:00,11.8
2025-06-12 03:18:00,75.3
2025-06-12 22:35:00,50.10362276498773
2025-06-12 14:07:00,71.7
2025-06-12 17:37:00,53.0
2025-06-12 20:44:00,59.7
2025-06-12 02:26:00,86.1
2025-06-12 03:17:00,6.9
2025-06-12 08:00:00,20.0
2025-06-12 21:03:00,38.8
2025-06-12 05:50:00,5.5
2025-06-12 00:48:00,87.4
2025-06-12 04:35:00,10.9
2025-06-12 07:42:00,78.8
2025-06-12 12:27:00,84.5
2025-06-12 15:14:00,50.10362276498773
2025-06-12 06:49:00,43.3
2025-06-12 13:10:00,50.10362276498773
2025-06-12 14:39:00,45.7
2025-06-12 05:26:00,29.9
2025-06-12 02:52:00,78.2
2025-06-12 21:29:00,88.3
2025-06-12 07:33:00,50.10362276498773
2025-06-12 04:03:00,50.10362276498773
2025-06-12 19:18:00,6.1
2025-06-12 02:02:00,58.4
2025-06-12 19:21:00,49.5
2025-06-12 03:57:00,43.4
2025-06-12 10:35:00,47.9
2025-06-12 18:26:00,25.0
2025-06-12 01:18:00,54.9
2025-06-12 19:58:00,98.2
2025-06-12 07:52:00,37.4
2025-06-12 08:56:00,26.6
2025-06-12 11:06:00,37.0
2025-06-12 21:45:00,50.10362276498773
2025-06-12 07:31:00,50.0
2025-06-12 07:05:00,6.7
2025-06-12 20:07:00,45.7
2025-06-12 20:27:00,75.5
2025-06-12 08:02:00,31.2
2025-06-12 00:06:00,54.2
2025-06-12 15:34:00,50.10362276498773
2025-06-12 05:02:00,0.2
2025-06-12 20:19:00,19.6
2025-06-12 12:43:00,69.6
2025-06-12 00:17:00,53.9
2025-06-12 07:56:00,62.3
2025-06-12 23:54:00,37.5
2025-06-12 16:47:00,38.4
2025-06-12 16:43:00,5.8
2025-06-12 19:37:00,97.6
2025-06-12 22:47:00,17.8
2025-06-12 15:37:00,79.4
2025-06-12 06:07:00,98.4
2025-06-12 12:19:00,21.8
2025-06-12 16:51:00,43.8
2025-06-12 01:40:00,50.10362276498773
2025-06-12 01:33:00,83.7
2025-06-12 02:44:00,50.10362276498773
2025-06-12 14:07:00,63.1
2025-06-12 03:44:00,13.6
2025-06-12 13:43:00,71.0
2025-06-12 10:41:00,40.3
2025-06-12 06:08:00,22.3
2025-06-12 02:32:00,71.0
2025-06-12 00:20:00,76.6
2025-06-12 19:54:00,50.10362276498773
2025-06-12 18:40:00,50.10362276498773
2025-06-12 04:40:00,56.4
2025-06-12 20:42:00,59.9
2025-06-12 05:07:00,37.6
2025-06-12 10:52:00,63.4
2025-06-12 12:57:00,50.10362276498773
2025-06-12 04:51:00,50.10362276498773
2025-06-12 17:58:00,3.7
2025-06-12 07:45:00,44.0
2025-06-12 02:23:00,58.1
2025-06-12 20:33:00,92.4
2025-06-12 00:00:00,61.6
2025-06-12 08:28:00,73.2
2025-06-12 00:06:00,84.6
2025-06-12 00:35:00,44.3
2025-06-12 13:15:00,10.9
2025-06-12 08:42:00,63.0
2025-06-12 06:30:00,24.1
2025-06-12 18:56:00,71.5
2025-06-12 19:18:00,34.6
2025-06-12 16:20:00,83.4
2025-06-12 12:08:00,32.7
2025-06-12 08:11:00,35.3
2025-06-12 07:00:00,72.6
2025-06-12 01:54:00,23.2
2025-06-12 09:28:00,50.10362276498773
2025-06-12 21:30:00,37.1
2025-06-12 08:43:00,40.0
2025-06-12 15:11:00,42.3
2025-06-12 08:18:00,72.3
2025-06-12 14:25:00,27.3
2025-06-12 23:57:00,44.0
2025-06-12 20:40:00,97.4
2025-06-12 22:51:00,50.10362276498773
2025-06-12 13:31:00,6.6
2025-06-12 20:22:00,69.3
2025-06-12 04:02:00,12.0
2025-06-12 18:08:00,84.7
2025-06-12 10:15:00,51.1
2025-06-12 17:35:00,46.9
2025-06-12 19:34:00,86.0
2025-06-12 16:26:00,51.4
2025-06-12 19:18:00,37.2
2025-06-12 15:02:00,27.2
2025-06-12 21:49:00,63.0
2025-06-12 17:53:00,73.1
2025-06-12 11:32:00,35.1
2025-06-12 18:24:00,99.2
2025-06-12 11:18:00,62.2
2025-06-12 23:22:00,20.1
2025-06-12 09:59:00,85.5
2025-06-12 13:11:00,56.7
2025-06-12 19:06:00,34.8
2025-06-12 05:47:00,79.3
2025-06-12 12:03:00,50.10362276498773
2025-06-12 07:57:00,77.8
2025-06-12 15:21:00,60.9
2025-06-12 15:44:00,98.8
2025-06-12 12:18:00,97.0
2025-06-12 19:51:00,13.3
2025-06-12 17:10:00,13.0
2025-06-12 20:13:00,50.10362276498773
2025-06-12 20:58:00,81.3
2025-06-12 01:40:00,43.4
2025-06-12 05:45:00,52.8
2025-06-12 18:29:00,5.9
2025-06-12 05:04:00,43.8
2025-06-12 21:53:00,82.1
2025-06-12 18:14:00,34.6
2025-06-12 13:08:00,78.8
2025-06-12 13:30:00,2.1
2025-06-12 04:11:00,56.6
2025-06-12 06:38:00,93.4
2025-06-12 23:20:00,83.0
2025-06-12 06:22:00,53.3
2025-06-12 03:33:00,40.5
2025-06-12 02:31:00,50.12327810650887
2025-06-12 22:41:00,63.5
2025-06-12 09:16:00,74.3
2025-06-12 02:38:00,4.2
2025-06-12 08:38:00,17.2
2025-06-12 07:23:00,88.7
2025-06-12 10:31:00,75.1
2025-06-12 10:12:00,50.12327810650887
2025-06-12 12:55:00,83.4
2025-06-12 21:52:00,22.0
2025-06-12 03:22:00,50.12327810650887
2025-06-12 17:11:00,50.12327810650887
2025-06-12 19:56:00,50.3
2025-06-12 17:52:00,16.1
2025-06-12 23:05:00,40.7
2025-06-12 18:55:00,15.5
2025-06-12 00:30:00,2.1
2025-06-12 05:47:00,8.5
2025-06-12 08:37:00,13.1
2025-06-12 23:05:00,3.7
2025-06-12 16:31:00,72.8
2025-06-12 21:59:00,49.3
2025-06-12 13:27:00,50.12327810650887
2025-06-12 03:30:00,14.2
2025-06-12 17:02:00,88.0
2025-06-12 17:47:00,50.12327810650887
2025-06-12 05:17:00,34.3
2025-06-12 05:28:00,69.6
2025-06-12 03:47:00,9.1
2025-06-12 02:18:00,32.8
2025-06-12 14:43:00,50.12327810650887
2025-06-12 23:00:00,17.0
2025-06-12 09:10:00,92.7
2025-06-12 03:32:00,12.8
2025-06-12 07:55:00,52.9
2025-06-12 12:20:00,1.7
2025-06-12 20:37:00,39.1
2025-06-12 05:24:00,27.9
2025-06-12 03:53:00,50.12327810650887
2025-06-12 20:08:00,10.6
2025-06-12 12:31:00,71.9
2025-06-12 18:57:00,9.3
2025-06-12 21:50:00,34.5
2025-06-12 08:14:00,14.6
2025-06-12 08:05:00,67.4
2025-06-12 04:52:00,50.12327810650887
2025-06-12 04:41:00,45.5
2025-06-12 17:08:00,21.4
2025-06-12 11:31:00,90.3
2025-06-12 02:24:00,50.12327810650887
2025-06-12 01:38:00,69.7
2025-06-12 01:12:00,71.4
2025-06-12 18:18:00,5.3
2025-06-12 16:32:00,66.4
2025-06-12 12:39:00,64.2
2025-06-12 23:52:00,37.7
2025-06-12 13:32:00,2.9
2025-06-12 08:57:00,9.2
2025-06-12 23:25:00,56.7
2025-06-12 11:47:00,50.12327810650887
2025-06-12 04:39:00,67.4
2025-06-12 02:43:00,35.2
2025-06-12 17:29:00,36.9
2025-06-12 21:14:00,91.1
2025-06-12 17:32:00,55.3
2025-06-12 23:46:00,16.7
2025-06-12 21:58:00,2.3
2025-06-12 15:18:00,41.1
2025-06-12 08:00:00,48.2
2025-06-12 22:42:00,8.3
2025-06-12 05:22:00,97.5
2025-06-12 14:08:00,50.8
2025-06-12 01:41:00,51.7
2025-06-12 01:48:00,3.5
2025-06-12 06:41:00,50.12327810650887
2025-06-12 15:47:00,77.0
2025-06-12 16:57:00,98.4
2025-06-12 13:25:00,86.3
2025-06-12 10:55:00,84.2
2025-06-12 14:53:00,61.8
2025-06-12 16:26:00,76.6
2025-06-12 06:08:00,38.0
2025-06-12 17:21:00,91.4
2025-06-12 19:24:00,82.5
2025-06-12 02:46:00,24.1
2025-06-12 03:22:00,13.1
2025-06-12 06:13:00,83.9
2025-06-12 18:14:00,1.6
2025-06-12 04:43:00,35.8
2025-06-12 00:13:00,0.1
2025-06-12 11:36:00,93.5
2025-06-12 11:10:00,52.8
2025-06-12 15:30:00,92.0
2025-06-12 18:21:00,55.2
2025-06-12 05:13:00,54.7
2025-06-12 09:52:00,7.2
2025-06-12 18:34:00,99.1
2025-06-12 10:22:00,89.0
2025-06-12 15:36:00,1.4
2025-06-12 11:55:00,52.8
2025-06-12 11:50:00,64.0
2025-06-12 08:07:00,89.1
2025-06-12 03:35:00,70.7
2025-06-12 04:37:00,90.6
2025-06-12 14:13:00,89.7
2025-06-12 16:14:00,65.4
2025-06-12 03:59:00,50.12327810650887
2025-06-12 09:47:00,10.7
2025-06-12 19:15:00,34.9
2025-06-12 14:25:00,3.0
2025-06-12 02:11:00,49.2
2025-06-12 14:26:00,81.6
2025-06-12 02:37:00,58.5
2025-06-12 10:53:00,16.8
2025-06-12 06:10:00,50.12327810650887
2025-06-12 02:28:00,32.4
2025-06-12 02:29:00,30.1
2025-06-12 08:56:00,0.4
2025-06-12 14:45:00,88.5
2025-06-12 20:03:00,39.6
2025-06-12 10:42:00,93.4
2025-06-12 21:30:00,98.5
2025-06-12 13:45:00,53.9
2025-06-12 21:33:00,69.1
2025-06-12 01:07:00,66.8
2025-06-12 09:34:00,95.9
2025-06-12 22:08:00,7.5
2025-06-12 07:29:00,71.8
2025-06-12 03:41:00,90.0
2025-06-12 11:44:00,11.8
2025-06-12 01:31:00,50.12327810650887
2025-06-12 15:58:00,85.5
2025-06-12 14:38:00,59.9
2025-06-12 16:13:00,24.6
2025-06-12 10:18:00,50.12327810650887
2025-06-12 00:25:00,68.6
2025-06-12 15:52:00,68.0
2025-06-12 04:00:00,38.4
2025-06-12 05:28:00,38.8
2025-06-12 04:16:00,69.8
2025-06-12 10:46:00,81.6
2025-06-12 15:09:00,50.12327810650887
2025-06-12 03:30:00,16.8
2025-06-12 14:15:00,13.1
2025-06-12 08:52:00,34.6
2025-06-12 07:46:00,50.12327810650887
2025-06-12 05:38:00,72.8
2025-06-12 00:37:00,76.0
2025-06-12 17:39:00,85.7
2025-06-12 14:24:00,50.12327810650887
2025-06-12 08:14:00,14.8
2025-06-12 10:23:00,95.0
2025-06-12 01:28:00,0.3
2025-06-12 05:22:00,77.2
2025-06-12 00:12:00,88.3
2025-06-12 09:31:00,3.6
2025-06-12 06:30:00,16.9
2025-06-12 23:58:00,4.5
2025-06-12 12:39:00,50.12327810650887
2025-06-12 05:33:00,25.9
2025-06-12 15:25:00,77.5
2025-06-12 00:51:00,1.5
2025-06-12 12:56:00,76.2
2025-06-12 17:48:00,70.0
2025-06-12 12:48:00,50.12327810650887
2025-06-12 21:42:00,75.2
2025-06-12 16:04:00,9.8
2025-06-12 14:20:00,35.0
2025-06-12 13:06:00,21.8
2025-06-12 22:49:00,71.8
2025-06-12 10:23:00,32.5
2025-06-12 03:28:00,50.3
2025-06-12 05:42:00,50.12327810650887
2025-06-12 23:53:00,48.4
2025-06-12 10:18:00,50.12327810650887
2025-06-12 01:20:00,84.7
2025-06-12 10:16:00,67.4
2025-06-12 04:38:00,71.8
2025-06-12 17:14:00,42.8
2025-06-12 03:46:00,49.3
2025-06-12 13:38:00,36.0
2025-06-12 02:02:00,31.8
2025-06-12 21:15:00,90.3
2025-06-12 14:01:00,98.3
2025-06-12 05:50:00,96.7
2025-06-12 10:49:00,60.1
2025-06-12 22:12:00,30.8
2025-06-12 09:08:00,22.8
2025-06-12 10:01:00,48.0
2025-06-12 23:49:00,29.7
2025-06-12 11:18:00,92.8
2025-06-12 04:23:00,20.4
2025-06-12 22:45:00,50.12327810650887
2025-06-12 00:31:00,28.8
2025-06-12 21:44:00,30.6
2025-06-12 21:57:00,0.5
2025-06-12 00:35:00,43.2
2025-06-12 12:13:00,74.4
2025-06-12 21:37:00,88.7
2025-06-12 22:26:00,3.7
2025-06-12 22:22:00,48.1
2025-06-12 06:04:00,53.1
2025-06-12 21:51:00,43.5
2025-06-12 03:18:00,9.2
2025-06-12 20:24:00,50.12327810650887
2025-06-12 15:34:00,57.7
2025-06-12 20:00:00,69.9
2025-06-12 11:45:00,98.1
2025-06-12 10:30:00,73.2
2025-06-12 03:09:00,88.9
2025-06-12 01:17:00,50.12327810650887
2025-06-12 18:46:00,37.2
2025-06-12 01:08:00,33.1
2025-06-12 01:56:00,2.8
2025-06-12 01:07:00,52.1
2025-06-12 19:17:00,28.3
2025-06-12 10:20:00,95.1
2025-06-12 05:20:00,30.2
2025-06-12 14:17:00,50.12327810650887
2025-06-12 18:14:00,96.1
2025-06-12 14:52:00,50.12327810650887
2025-06-12 07:22:00,89.9
2025-06-12 22:39:00,39.7
2025-06-12 02:49:00,98.4
2025-06-12 10:25:00,8.1
2025-06-12 11:17:00,5.3
2025-06-12 10:54:00,63.8
2025-06-12 22:17:00,91.1
2025-06-12 07:01:00,80.8
2025-06-12 15:27:00,8.4
2025-06-12 22:43:00,11.0
2025-06-12 00:36:00,67.5
2025-06-12 14:42:00,68.6
2025-06-12 04:29:00,32.2
2025-06-12 23:03:00,91.8
2025-06-12 01:50:00,95.2
2025-06-12 09:50:00,54.0
2025-06-12 06:56:00,66.5
2025-06-12 02:54:00,50.12327810650887
2025-06-12 16:30:00,36.8
2025-06-12 05:42:00,90.3
2025-06-12 01:52:00,77.6
2025-06-12 17:55:00,70.9
2025-06-12 12:16:00,93.5
2025-06-12 22:01:00,77.7
2025-06-12 09:35:00,35.1
2025-06-12 19:12:00,57.1
2025-06-12 10:56:00,11.4
2025-06-12 02:44:00,41.8
2025-06-12 23:34:00,59.9
2025-06-12 23:14:00,34.5
2025-06-12 10:03:00,53.4
2025-06-12 04:29:00,19.7
2025-06-12 03:51:00,50.12327810650887
2025-06-12 13:35:00,16.3
2025-06-12 21:05:00,68.2
2025-06-12 20:30:00,29.3
2025-06-12 18:19:00,94.7
2025-06-12 23:08:00,80.9
2025-06-12 09:00:00,68.0
2025-06-12 01:50:00,50.12327810650887
2025-06-12 17:54:00,72.2
2025-06-12 02:54:00,15.7
2025-06-12 13:33:00,10.1
2025-06-12 09:23:00,39.1
2025-06-12 03:03:00,6.6
2025-06-12 17:21:00,52.9
2025-06-12 09:59:00,10.9
2025-06-12 14:17:00,85.9
2025-06-12 11:56:00,86.8
2025-06-12 10:51:00,4.0
2025-06-12 07:30:00,45.5
2025-06-12 16:41:00,50.12327810650887
2025-06-12 03:30:00,43.1
2025-06-12 12:13:00,50.12327810650887
2025-06-12 23:35:00,50.12327810650887
2025-06-12 12:36:00,46.1
2025-06-12 09:46:00,95.1
2025-06-12 00:01:00,63.7
2025-06-12 14:24:00,48.1
2025-06-12 07:18:00,54.9
2025-06-12 15:28:00,0.3
2025-06-12 21:55:00,91.9
2025-06-12 17:06:00,50.12327810650887
2025-06-12 02:37:00,71.7
2025-06-12 10:54:00,7.9
2025-06-12 20:34:00,50.12327810650887
2025-06-12 09:53:00,29.9
2025-06-12 10:00:00,90.4
2025-06-12 01:20:00,44.3
2025-06-12 07:00:00,77.9
2025-06-12 22:51:00,66.0
2025-06-12 22:16:00,75.6
2025-06-12 23:33:00,20.5
2025-06-12 21:16:00,10.2
2025-06-12 15:39:00,50.12327810650887
2025-06-12 22:25:00,0.3
2025-06-12 20:17:00,66.1
2025-06-12 09:12:00,18.0
2025-06-12 15:40:00,77.4
2025-06-12 19:34:00,77.9
2025-06-12 14:48:00,49.63956792297757
2025-06-12 02:38:00,14.1
2025-06-12 14:09:00,66.0
2025-06-12 18:30:00,71.3
2025-06-12 23:29:00,32.2
2025-06-12 00:30:00,34.7
2025-06-12 05:00:00,12.8
2025-06-12 22:37:00,97.1
2025-06-12 02:54:00,20.1
2025-06-12 14:39:00,45.8
2025-06-12 22:48:00,73.1
2025-06-12 14:55:00,89.2
2025-06-12 08:28:00,81.3
2025-06-12 23:11:00,90.3
2025-06-12 07:51:00,10.3
2025-06-12 23:50:00,61.3
2025-06-12 18:19:00,22.0
2025-06-12 22:33:00,41.9
2025-06-12 02:45:00,31.2
2025-06-12 17:50:00,24.2
2025-06-12 10:55:00,9.0
2025-06-12 20:55:00,49.63956792297757
2025-06-12 08:13:00,98.4
2025-06-12 04:33:00,97.1
2025-06-12 05:29:00,2.7
2025-06-12 14:42:00,17.3
2025-06-12 18:43:00,10.2
2025-06-12 13:52:00,66.7
2025-06-12 04:35:00,12.4
2025-06-12 21:28:00,49.0
2025-06-12 03:08:00,95.1
2025-06-12 20:35:00,16.4
2025-06-12 07:42:00,19.5
2025-06-12 21:52:00,29.6
2025-06-12 15:26:00,89.1
2025-06-12 03:33:00,83.5
2025-06-12 20:56:00,13.0
2025-06-12 23:45:00,43.3
2025-06-12 05:41:00,50.5
2025-06-12 16:48:00,8.7
2025-06-12 07:16:00,5.6
2025-06-12 14:39:00,96.2
2025-06-12 14:48:00,31.4
2025-06-12 16:55:00,45.8
2025-06-12 17:52:00,46.8
2025-06-12 10:57:00,49.63956792297757
2025-06-12 10:38:00,76.6
2025-06-12 13:52:00,94.4
2025-06-12 17:34:00,63.9
2025-06-12 05:05:00,41.3
2025-06-12 01:42:00,73.8
2025-06-12 00:27:00,84.8
2025-06-12 08:16:00,58.9
2025-06-12 09:11:00,2.1
2025-06-12 02:39:00,19.8
2025-06-12 13:27:00,49.63956792297757
2025-06-12 02:56:00,37.0
2025-06-12 16:14:00,0.7
2025-06-12 00:45:00,20.9
2025-06-12 17:19:00,88.9
2025-06-12 15:19:00,52.3
2025-06-12 05:39:00,55.9
2025-06-12 08:33:00,3.0
2025-06-12 09:00:00,3.1
2025-06-12 19:38:00,16.8
2025-06-12 05:30:00,83.9
2025-06-12 03:43:00,80.3
2025-06-12 07:41:00,47.5
2025-06-12 15:13:00,42.4
2025-06-12 07:25:00,97.6
2025-06-12 00:25:00,12.8
2025-06-12 03:47:00,62.8
2025-06-12 14:51:00,4.5
2025-06-12 13:53:00,27.1
2025-06-12 07:16:00,89.5
2025-06-12 14:27:00,49.9
2025-06-12 04:58:00,40.2
2025-06-12 20:31:00,47.1
2025-06-12 22:55:00,77.6
2025-06-12 00:21:00,46.6
2025-06-12 13:29:00,80.4
2025-06-12 05:46:00,49.63956792297757
2025-06-12 00:26:00,49.63956792297757
2025-06-12 11:02:00,9.6
2025-06-12 01:42:00,49.63956792297757
2025-06-12 07:15:00,77.0
2025-06-12 21:00:00,70.2
2025-06-12 08:56:00,13.0
2025-06-12 22:24:00,14.3
2025-06-12 13:43:00,82.0
2025-06-12 17:20:00,38.0
2025-06-12 06:12:00,54.0
2025-06-12 23:09:00,34.0
2025-06-12 17:09:00,50.1
2025-06-12 22:42:00,49.63956792297757
2025-06-12 10:31:00,76.7
2025-06-12 13:37:00,24.9
2025-06-12 21:24:00,40.6
2025-06-12 20:55:00,22.3
2025-06-12 02:13:00,44.3
2025-06-12 18:20:00,3.8
2025-06-12 23:15:00,27.6
2025-06-12 01:46:00,22.8
2025-06-12 13:01:00,49.63956792297757
2025-06-12 12:10:00,72.4
2025-06-12 12:43:00,97.4
2025-06-12 14:23:00,24.5
2025-06-12 03:22:00,93.3
2025-06-12 14:56:00,58.0
2025-06-12 16:15:00,98.0
2025-06-12 13:45:00,38.7
2025-06-12 10:54:00,28.1
2025-06-12 01:52:00,98.0
2025-06-12 16:55:00,0.8
2025-06-12 14:11:00,99.7
2025-06-12 03:21:00,37.0
2025-06-12 15:21:00,75.2
2025-06-12 13:01:00,71.6
2025-06-12 09:29:00,38.8
2025-06-12 06:29:00,94.6
2025-06-12 00:04:00,23.1
2025-06-12 21:31:00,18.9
2025-06-12 19:52:00,9.6
2025-06-12 15:08:00,56.0
2025-06-12 02:43:00,8.3
2025-06-12 11:35:00,22.0
2025-06-12 22:05:00,26.0
2025-06-12 13:09:00,49.63956792297757
2025-06-12 04:06:00,62.5
2025-06-12 11:31:00,49.63956792297757
2025-06-12 02:56:00,22.8
2025-06-12 09:02:00,95.4
2025-06-12 15:13:00,71.7
2025-06-12 16:53:00,49.63956792297757
2025-06-12 05:00:00,36.5
2025-06-12 00:43:00,49.63956792297757
2025-06-12 14:42:00,65.4
2025-06-12 14:56:00,8.9
2025-06-12 01:50:00,49.63956792297757
2025-06-12 05:54:00,22.2
2025-06-12 13:45:00,14.3
2025-06-12 16:42:00,80.2
2025-06-12 16:33:00,22.3
2025-06-12 17:23:00,19.5
2025-06-12 10:44:00,62.0
2025-06-12 01:26:00,2.0
2025-06-12 02:27:00,69.1
2025-06-12 12:02:00,49.63956792297757
2025-06-12 18:59:00,43.5
2025-06-12 21:27:00,32.8
2025-06-12 13:38:00,19.9
2025-06-12 18:51:00,53.2
2025-06-12 05:51:00,19.3
2025-06-12 01:08:00,25.3
2025-06-12 21:02:00,97.9
2025-06-12 02:24:00,45.0
2025-06-12 08:28:00,49.63956792297757
2025-06-12 11:26:00,0.5
2025-06-12 18:08:00,69.0
2025-06-12 22:48:00,89.2
2025-06-12 13:52:00,74.1
2025-06-12 17:15:00,49.63956792297757
2025-06-12 06:58:00,5.4
2025-06-12 10:22:00,68.0
2025-06-12 14:44:00,79.3
2025-06-12 20:36:00,43.4
2025-06-12 22:36:00,49.63956792297757
2025-06-12 12:38:00,21.2
2025-06-12 16:27:00,12.8
2025-06-12 07:36:00,55.5
2025-06-12 23:59:00,49.63956792297757
2025-06-12 11:39:00,28.2
2025-06-12 11:13:00,66.7
2025-06-12 15:40:00,90.6
2025-06-12 06:16:00,81.5
2025-06-12 14:58:00,19.5
2025-06-12 20:51:00,71.3
2025-06-12 08:34:00,29.5
2025-06-12 05:50:00,21.0
2025-06-12 10:59:00,54.6
2025-06-12 18:05:00,13.7
2025-06-12 07:36:00,45.5
2025-06-12 13:00:00,83.5
2025-06-12 20:17:00,6.1
2025-06-12 19:45:00,61.4
2025-06-12 07:56:00,41.7
2025-06-12 04:45:00,19.3
2025-06-12 16:12:00,92.4
2025-06-12 23:01:00,49.63956792297757
2025-06-12 12:09:00,60.3
2025-06-12 10:24:00,96.8
2025-06-12 19:37:00,92.7
2025-06-12 19:00:00,93.5
2025-06-12 15:06:00,17.0
2025-06-12 11:47:00,82.3
2025-06-12 12:24:00,41.9
2025-06-12 10:04:00,0.0
2025-06-12 23:55:00,49.63956792297757
2025-06-12 05:18:00,57.3
2025-06-12 09:15:00,58.6
2025-06-12 04:04:00,5.5
2025-06-12 13:25:00,58.8
2025-06-12 20:36:00,23.5
2025-06-12 01:03:00,49.63956792297757
2025-06-12 09:15:00,8.9
2025-06-12 11:23:00,49.63956792297757
2025-06-12 06:53:00,91.7
2025-06-12 02:37:00,38.2
2025-06-12 05:55:00,85.2
2025-06-12 23:00:00,0.5
2025-06-12 00:33:00,86.6
2025-06-12 04:12:00,16.8
2025-06-12 15:00:00,7.9
2025-06-12 15:52:00,95.8
2025-06-12 09:24:00,97.0
2025-06-12 21:36:00,76.1
2025-06-12 03:52:00,24.6
2025-06-12 01:01:00,81.5
2025-06-12 15:45:00,79.9
2025-06-12 06:18:00,49.63956792297757
2025-06-12 13:51:00,80.3
2025-06-12 06:22:00,77.1
2025-06-12 21:39:00,49.63956792297757
2025-06-12 08:17:00,48.0
2025-06-12 07:02:00,1.2
2025-06-12 06:13:00,58.2
2025-06-12 23:29:00,41.6
2025-06-12 16:30:00,4.6
2025-06-12 04:54:00,34.3
2025-06-12 04:48:00,38.2
2025-06-12 04:31:00,98.6
2025-06-12 15:12:00,49.63956792297757
2025-06-12 17:45:00,73.9
2025-06-12 15:52:00,42.6
2025-06-12 08:14:00,15.6
2025-06-12 22:09:00,49.63956792297757
2025-06-12 15:36:00,97.2
2025-06-12 22:23:00,55.2
2025-06-12 09:37:00,28.7
2025-06-12 19:30:00,49.63956792297757
2025-06-12 18:07:00,91.4
2025-06-12 18:58:00,49.63956792297757
2025-06-12 04:00:00,4.7
2025-06-12 22:23:00,49.63956792297757
2025-06-12 02:33:00,16.2
2025-06-12 10:32:00,70.1
2025-06-12 11:14:00,19.5
2025-06-12 23:28:00,87.8
2025-06-12 08:44:00,57.6
2025-06-12 03:56:00,1.6
2025-06-12 09:48:00,69.5
2025-06-12 01:52:00,51.5
2025-06-12 20:28:00,54.6
2025-06-12 01:04:00,82.9
2025-06-12 20:16:00,30.8
2025-06-12 14:53:00,37.4
2025-06-12 16:07:00,78.6
2025-06-12 01:30:00,77.0
2025-06-12 06:41:00,30.7
2025-06-12 18:55:00,18.2
2025-06-12 18:41:00,8.1
2025-06-12 21:28:00,44.1
2025-06-12 02:39:00,49.63956792297757
2025-06-12 05:34:00,65.6
2025-06-12 07:02:00,99.5
2025-06-12 11:11:00,49.63956792297757
2025-06-12 20:44:00,3.7
2025-06-12 01:51:00,49.63956792297757
2025-06-12 06:29:00,49.63956792297757
2025-06-12 05:16:00,69.0
2025-06-12 13:26:00,3.1
2025-06-12 08:43:00,49.63956792297757
2025-06-12 21:05:00,49.63956792297757
2025-06-12 21:47:00,88.0
2025-06-12 19:23:00,5.6
2025-06-12 07:08:00,84.1
2025-06-12 00:12:00,63.7
2025-06-12 07:07:00,93.5
2025-06-12 09:01:00,15.4
2025-06-12 06:18:00,30.0
2025-06-12 18:17:00,23.6
2025-06-12 03:42:00,56.3
2025-06-12 03:28:00,79.3
2025-06-12 01:59:00,59.0
2025-06-12 03:42:00,38.7
2025-06-12 05:07:00,60.9
2025-06-12 15:51:00,15.4
2025-06-12 15:49:00,48.2
2025-06-12 13:59:00,31.4
2025-06-12 08:56:00,28.7
2025-06-12 13:55:00,52.2
2025-06-12 18:33:00,56.8
2025-06-12 03:40:00,49.63956792297757
2025-06-12 12:14:00,3.0
2025-06-12 22:24:00,40.1
2025-06-12 10:25:00,39.9
2025-06-12 00:23:00,19.8
2025-06-12 23:17:00,10.7
2025-06-12 09:19:00,73.4
2025-06-12 11:49:00,37.6
2025-06-12 12:59:00,49.63956792297757
2025-06-12 23:38:00,57.8
2025-06-12 21:08:00,28.9
2025-06-12 02:59:00,41.3
2025-06-12 03:45:00,64.6
2025-06-12 13:40:00,64.7
2025-06-12 14:37:00,49.8
2025-06-12 12:51:00,88.4
2025-06-12 05:06:00,50.29152382078261
2025-06-12 02:47:00,51.4
2025-06-12 01:20:00,72.9
2025-06-12 16:46:00,82.7
2025-06-12 01:35:00,64.0
2025-06-12 19:38:00,87.2
2025-06-12 15:48:00,20.2
2025-06-12 07:19:00,10.7
2025-06-12 04:11:00,48.2
2025-06-12 19:32:00,66.4
2025-06-12 02:06:00,39.6
2025-06-12 00:33:00,79.9
2025-06-12 02:02:00,55.0
2025-06-12 00:52:00,48.3
2025-06-12 18:01:00,94.8
2025-06-12 18:20:00,77.7
2025-06-12 18:21:00,85.6
2025-06-12 14:34:00,91.0
2025-06-12 11:50:00,5.7
2025-06-12 18:39:00,82.6
2025-06-12 16:56:00,40.7
2025-06-12 03:37:00,10.4
2025-06-12 02:51:00,50.29152382078261
2025-06-12 22:32:00,20.9
2025-06-12 14:19:00,89.8
2025-06-12 11:20:00,80.3
2025-06-12 21:11:00,87.0
2025-06-12 01:51:00,6.7
2025-06-12 20:13:00,8.0
2025-06-12 17:49:00,98.1
2025-06-12 05:40:00,39.4
2025-06-12 13:16:00,73.4
2025-06-12 02:35:00,29.0
2025-06-12 01:49:00,65.9
2025-06-12 14:17:00,50.29152382078261
2025-06-12 00:12:00,59.6
2025-06-12 22:13:00,30.1
2025-06-12 14:48:00,64.7
2025-06-12 18:16:00,34.5
2025-06-12 03:51:00,32.9
2025-06-12 22:52:00,43.6
2025-06-12 18:20:00,50.29152382078261
2025-06-12 19:24:00,46.9
2025-06-12 13:45:00,50.29152382078261
2025-06-12 17:43:00,91.9
2025-06-12 19:12:00,50.29152382078261
2025-06-12 06:11:00,35.1
2025-06-12 15:39:00,67.6
2025-06-12 09:47:00,3.9
2025-06-12 00:19:00,26.0
2025-06-12 13:53:00,65.3
2025-06-12 12:37:00,2.9
2025-06-12 04:21:00,90.0
2025-06-12 15:41:00,99.9
2025-06-12 10:32:00,24.0
2025-06-12 16:07:00,42.3
2025-06-12 23:58:00,15.5
2025-06-12 09:35:00,71.6
2025-06-12 13:46:00,59.7
2025-06-12 21:16:00,64.3
2025-06-12 16:53:00,69.2
2025-06-12 09:55:00,37.8
2025-06-12 20:33:00,22.8
2025-06-12 07:11:00,91.6
2025-06-12 01:43:00,62.1
2025-06-12 10:33:00,96.3
2025-06-12 10:26:00,0.7
2025-06-12 17:12:00,98.9
2025-06-12 15:00:00,91.2
2025-06-12 19:38:00,4.2
2025-06-12 15:11:00,79.6
2025-06-12 12:07:00,62.6
2025-06-12 20:24:00,86.9
2025-06-12 00:05:00,70.1
2025-06-12 22:07:00,50.29152382078261
2025-06-12 18:27:00,45.1
2025-06-12 09:26:00,50.29152382078261
2025-06-12 11:25:00,26.8
2025-06-12 01:33:00,83.2
2025-06-12 14:30:00,50.29152382078261
2025-06-12 07:27:00,61.6
2025-06-12 14:09:00,50.29152382078261
2025-06-12 06:38:00,50.29152382078261
2025-06-12 04:53:00,15.8
2025-06-12 05:09:00,70.7
2025-06-12 22:15:00,50.29152382078261
2025-06-12 10:20:00,9.0
2025-06-12 17:54:00,7.0
2025-06-12 03:42:00,43.6
2025-06-12 06:38:00,34.6
2025-06-12 09:45:00,9.8
2025-06-12 15:40:00,66.6
2025-06-12 02:52:00,50.29152382078261
2025-06-12 07:15:00,71.8
2025-06-12 07:50:00,50.29152382078261
2025-06-12 00:06:00,67.8
2025-06-12 02:23:00,31.5
2025-06-12 19:22:00,72.0
2025-06-12 16:27:00,30.0
2025-06-12 19:06:00,51.6
2025-06-12 15:30:00,98.3
2025-06-12 05:07:00,50.29152382078261
2025-06-12 03:41:00,21.7
2025-06-12 09:59:00,30.4
2025-06-12 04:39:00,50.29152382078261
2025-06-12 12:14:00,84.8
2025-06-12 06:11:00,9.0
2025-06-12 11:26:00,50.29152382078261
2025-06-12 13:08:00,74.7
2025-06-12 07:06:00,52.4
2025-06-12 06:00:00,41.8
2025-06-12 04:10:00,60.6
2025-06-12 03:28:00,30.9
2025-06-12 02:30:00,47.4
2025-06-12 18:09:00,23.2
2025-06-12 13:09:00,61.1
2025-06-12 07:57:00,42.7
2025-06-12 22:16:00,93.4
2025-06-12 00:40:00,14.4
2025-06-12 12:48:00,19.4
2025-06-12 20:02:00,93.7
2025-06-12 17:33:00,78.2
2025-06-12 04:05:00,44.3
2025-06-12 18:09:00,77.3
2025-06-12 12:25:00,64.6
2025-06-12 00:43:00,50.29152382078261
2025-06-12 21:13:00,27.4
2025-06-12 10:07:00,46.3
2025-06-12 21:07:00,45.4
2025-06-12 14:04:00,91.0
2025-06-12 18:17:00,50.29152382078261
2025-06-12 20:48:00,4.8
2025-06-12 18:19:00,37.9
2025-06-12 00:25:00,59.7
2025-06-12 19:22:00,50.29152382078261
2025-06-12 11:20:00,79.8
2025-06-12 08:55:00,50.0
2025-06-12 21:32:00,67.5
2025-06-12 09:17:00,50.29152382078261
2025-06-12 05:22:00,62.5
2025-06-12 09:37:00,19.6
2025-06-12 13:01:00,63.1
2025-06-12 21:10:00,10.2
2025-06-12 02:42:00,6.2
2025-06-12 07:18:00,50.29152382078261
2025-06-12 01:36:00,50.29152382078261
2025-06-12 02:11:00,47.3
2025-06-12 22:10:00,50.29152382078261
2025-06-12 19:37:00,52.0
2025-06-12 14:08:00,29.3
2025-06-12 01:47:00,10.3
2025-06-12 23:29:00,1.9
2025-06-12 23:58:00,23.4
2025-06-12 09:58:00,44.5
2025-06-12 09:09:00,50.29152382078261
2025-06-12 03:46:00,66.6
2025-06-12 23:04:00,65.9
2025-06-12 20:25:00,63.4
2025-06-12 17:31:00,20.8
2025-06-12 03:41:00,50.29152382078261
2025-06-12 17:03:00,47.2
2025-06-12 04:22:00,30.4
2025-06-12 10:39:00,34.8
2025-06-12 17:57:00,13.8
2025-06-12 01:27:00,50.29152382078261
2025-06-12 18:52:00,50.29152382078261
2025-06-12 02:07:00,25.9
2025-06-12 06:30:00,88.4
2025-06-12 01:38:00,99.3
2025-06-12 11:51:00,74.6
2025-06-12 21:36:00,32.3
2025-06-12 21:24:00,23.8
2025-06-12 02:59:00,65.2
2025-06-12 12:39:00,56.5
2025-06-12 10:22:00,3.0
2025-06-12 12:08:00,27.8
2025-06-12 12:07:00,34.6
2025-06-12 21:27:00,69.6
2025-06-12 11:47:00,50.29152382078261
2025-06-12 00:20:00,50.29152382078261
2025-06-12 12:32:00,38.9
2025-06-12 20:58:00,62.1
2025-06-12 00:56:00,89.8
2025-06-12 03:24:00,50.29152382078261
2025-06-12 02:54:00,62.2
2025-06-12 19:48:00,46.4
2025-06-12 04:34:00,50.29152382078261
2025-06-12 13:17:00,50.29152382078261
2025-06-12 02:04:00,65.7
2025-06-12 14:24:00,62.2
2025-06-12 23:09:00,2.7
2025-06-12 23:26:00,33.0
2025-06-12 19:33:00,67.2
2025-06-12 08:43:00,50.29152382078261
2025-06-12 13:14:00,21.7
2025-06-12 09:15:00,11.0
2025-06-12 12:22:00,52.4
2025-06-12 14:11:00,50.29152382078261
2025-06-12 13:30:00,49.8
2025-06-12 19:57:00,50.29152382078261
2025-06-12 22:42:00,1.5
2025-06-12 03:30:00,36.6
2025-06-12 10:31:00,32.9
2025-06-12 07:10:00,64.8
2025-06-12 13:59:00,48.9
2025-06-12 12:28:00,62.0
2025-06-12 22:26:00,50.29152382078261
2025-06-12 22:55:00,62.3
2025-06-12 05:50:00,25.3
2025-06-12 20:45:00,20.9
2025-06-12 09:20:00,29.9
2025-06-12 11:55:00,88.6
2025-06-12 04:33:00,46.7
2025-06-12 04:33:00,50.29152382078261
2025-06-12 09:57:00,35.1
2025-06-12 23:35:00,21.7
2025-06-12 10:06:00,74.0
2025-06-12 04:47:00,17.8
2025-06-12 10:05:00,76.4
2025-06-12 07:33:00,97.7
2025-06-12 08:14:00,50.29152382078261
2025-06-12 09:09:00,9.0
2025-06-12 05:27:00,32.1
2025-06-12 22:59:00,50.29152382078261
2025-06-12 12:23:00,2.7
2025-06-12 09:56:00,51.1
2025-06-12 03:20:00,28.3
2025-06-12 03:26:00,11.1
2025-06-12 05:04:00,50.29152382078261
2025-06-12 07:40:00,30.0
2025-06-12 22:33:00,24.9
2025-06-12 04:14:00,50.29152382078261
2025-06-12 00:12:00,36.1
2025-06-12 15:53:00,8.3
2025-06-12 03:01:00,53.3
2025-06-12 00:55:00,49.1
2025-06-12 03:44:00,65.0
2025-06-12 05:21:00,43.1
2025-06-12 10:14:00,44.6
2025-06-12 01:10:00,66.2
2025-06-12 23:01:00,29.3
2025-06-12 04:56:00,50.29152382078261
2025-06-12 02:30:00,50.29152382078261
2025-06-12 16:37:00,17.4
2025-06-12 03:10:00,8.7
2025-06-12 14:10:00,22.9
2025-06-12 23:59:00,74.8
2025-06-12 19:34:00,97.8
2025-06-12 12:50:00,77.7
2025-06-12 00:09:00,50.29152382078261
2025-06-12 22:33:00,23.1
2025-06-12 06:52:00,17.8
2025-06-12 09:52:00,7.7
2025-06-12 10:20:00,18.4
2025-06-12 05:57:00,90.4
2025-06-12 19:23:00,50.29152382078261
2025-06-12 17:22:00,22.3
2025-06-12 22:54:00,81.0
2025-06-12 01:56:00,78.5
2025-06-12 11:00:00,8.5
2025-06-12 17:05:00,17.1
2025-06-12 18:12:00,25.3
2025-06-12 11:49:00,80.4
2025-06-12 01:59:00,67.9
2025-06-12 18:33:00,50.29152382078261
2025-06-12 22:58:00,61.9
2025-06-12 00:09:00,50.29152382078261
2025-06-12 00:54:00,49.0
2025-06-12 17:37:00,33.7
2025-06-12 04:11:00,73.3
2025-06-12 21:59:00,45.4
2025-06-12 17:54:00,13.8
2025-06-12 23:47:00,45.9
2025-06-12 15:49:00,52.5
2025-06-12 07:20:00,50.29152382078261
2025-06-12 08:16:00,50.29152382078261
2025-06-12 18:04:00,99.4
2025-06-12 10:33:00,50.29152382078261
2025-06-12 14:55:00,50.29152382078261
2025-06-12 02:37:00,85.8
2025-06-12 18:30:00,35.0
2025-06-12 03:09:00,20.1
2025-06-12 15:34:00,10.2
2025-06-12 00:55:00,33.0
2025-06-12 02:03:00,72.3
2025-06-12 10:13:00,93.8
2025-06-12 00:02:00,50.29152382078261
2025-06-12 05:08:00,95.8
2025-06-12 11:13:00,63.1
2025-06-12 23:32:00,81.1
2025-06-12 12:41:00,48.0
2025-06-12 17:44:00,92.5
2025-06-12 06:12:00,15.9
2025-06-12 01:21:00,19.2
2025-06-12 15:56:00,52.1
2025-06-12 18:59:00,40.1
2025-06-12 07:16:00,62.5
2025-06-12 20:11:00,53.0
2025-06-12 01:34:00,99.9
2025-06-12 03:13:00,62.0
2025-06-12 12:16:00,60.3
2025-06-12 17:36:00,25.4
2025-06-12 09:10:00,90.2
2025-06-12 05:49:00,63.9
2025-06-12 07:11:00,67.2
2025-06-12 02:02:00,78.3
2025-06-12 07:54:00,1.9
2025-06-12 08:03:00,6.1
2025-06-12 20:00:00,50.29152382078261
2025-06-12 02:11:00,50.29152382078261
2025-06-12 23:32:00,32.2
2025-06-12 19:15:00,97.7
2025-06-12 07:14:00,73.5
2025-06-12 05:10:00,58.9
2025-06-12 14:07:00,19.0
2025-06-12 15:14:00,50.29152382078261
2025-06-12 18:55:00,81.3
2025-06-12 19:51:00,12.2
2025-06-12 06:04:00,50.15830883217688
2025-06-12 18:43:00,92.7
2025-06-12 14:58:00,2.2
2025-06-12 19:42:00,80.5
2025-06-12 12:01:00,45.4
2025-06-12 07:25:00,15.7
2025-06-12 02:08:00,51.5
2025-06-12 17:31:00,3.7
2025-06-12 07:43:00,27.7
2025-06-12 22:12:00,13.3
2025-06-12 06:26:00,97.1
2025-06-12 04:18:00,77.3
2025-06-12 12:13:00,36.1
2025-06-12 21:20:00,38.6
2025-06-12 04:30:00,50.15830883217688
2025-06-12 05:10:00,1.3
2025-06-12 12:22:00,14.3
2025-06-12 01:56:00,41.1
2025-06-12 08:52:00,16.9
2025-06-12 02:58:00,50.15830883217688
2025-06-12 05:36:00,39.3
2025-06-12 00:40:00,42.6
2025-06-12 02:13:00,78.1
2025-06-12 19:02:00,50.15830883217688
2025-06-12 23:22:00,50.15830883217688
2025-06-12 03:16:00,88.0
2025-06-12 14:13:00,13.0
2025-06-12 00:51:00,9.5
2025-06-12 09:50:00,77.8
2025-06-12 21:43:00,93.4
2025-06-12 08:48:00,50.15830883217688
2025-06-12 09:59:00,18.6
2025-06-12 05:32:00,41.0
2025-06-12 14:16:00,97.0
2025-06-12 05:45:00,50.15830883217688
2025-06-12 01:08:00,82.5
2025-06-12 11:18:00,92.6
2025-06-12 18:33:00,97.5
2025-06-12 09:54:00,50.15830883217688
2025-06-12 05:21:00,20.2
2025-06-12 14:33:00,81.9
2025-06-12 18:44:00,99.1
2025-06-12 07:07:00,89.1
2025-06-12 09:57:00,58.8
2025-06-12 23:27:00,50.15830883217688
2025-06-12 12:32:00,32.2
2025-06-12 03:36:00,61.3
2025-06-12 13:12:00,45.5
2025-06-12 06:25:00,50.15830883217688
2025-06-12 20:50:00,38.4
2025-06-12 20:45:00,50.15830883217688
2025-06-12 22:10:00,49.9
2025-06-12 22:16:00,30.9
2025-06-12 09:40:00,86.0
2025-06-12 02:31:00,64.6
2025-06-12 08:00:00,50.15830883217688
2025-06-12 19:12:00,46.1
2025-06-12 18:27:00,50.15830883217688
2025-06-12 08:03:00,80.5
2025-06-12 18:23:00,51.3
2025-06-12 18:15:00,75.9
2025-06-12 05:09:00,3.3
2025-06-12 17:39:00,38.9
2025-06-12 12:24:00,21.4
2025-06-12 03:51:00,50.15830883217688
2025-06-12 00:38:00,50.15830883217688
2025-06-12 07:13:00,14.9
2025-06-12 10:12:00,66.1
2025-06-12 03:16:00,50.15830883217688
2025-06-12 15:33:00,50.3
2025-06-12 07:22:00,47.0
2025-06-12 01:04:00,78.0
2025-06-12 02:07:00,20.1
2025-06-12 06:21:00,45.8
2025-06-12 04:07:00,3.9
2025-06-12 14:53:00,16.8
2025-06-12 23:39:00,74.7
2025-06-12 08:26:00,63.8
2025-06-12 02:42:00,59.2
2025-06-12 06:53:00,54.9
2025-06-12 16:42:00,72.1
2025-06-12 12:17:00,50.15830883217688
2025-06-12 19:01:00,37.4
2025-06-12 06:40:00,62.4
2025-06-12 07:42:00,12.0
2025-06-12 18:07:00,0.6
2025-06-12 16:51:00,90.6
2025-06-12 04:23:00,45.8
2025-06-12 04:04:00,99.9
2025-06-12 07:25:00,91.8
2025-06-12 22:59:00,97.5
2025-06-12 05:18:00,28.4
2025-06-12 17:12:00,61.7
2025-06-12 18:47:00,89.4
2025-06-12 18:51:00,93.9
2025-06-12 19:18:00,99.0
2025-06-12 05:48:00,71.1
2025-06-12 12:24:00,26.1
2025-06-12 06:16:00,50.15830883217688
2025-06-12 05:22:00,50.15830883217688
2025-06-12 05:54:00,37.3
2025-06-12 18:10:00,8.6
2025-06-12 12:33:00,6.2
2025-06-12 21:25:00,19.9
2025-06-12 10:57:00,50.15830883217688
2025-06-12 02:07:00,88.2
2025-06-12 22:20:00,44.5
2025-06-12 12:50:00,33.6
2025-06-12 00:11:00,47.2
2025-06-12 04:45:00,74.4
2025-06-12 13:55:00,4.5
2025-06-12 06:28:00,66.8
2025-06-12 03:10:00,10.3
2025-06-12 23:28:00,75.7
2025-06-12 04:58:00,59.4
2025-06-12 03:41:00,79.7
2025-06-12 21:08:00,58.0
2025-06-12 20:42:00,28.6
2025-06-12 21:04:00,50.15830883217688
2025-06-12 13:35:00,34.0
2025-06-12 04:10:00,55.2
2025-06-12 13:16:00,8.4
2025-06-12 12:24:00,33.1
2025-06-12 07:20:00,43.1
2025-06-12 18:06:00,66.5
2025-06-12 07:14:00,65.5
2025-06-12 13:47:00,28.7
2025-06-12 03:01:00,51.8
2025-06-12 21:50:00,7.9
2025-06-12 07:28:00,97.7
2025-06-12 07:00:00,15.9
2025-06-12 23:51:00,1.3
2025-06-12 06:45:00,8.0
2025-06-12 11:31:00,61.8
2025-06-12 06:28:00,0.7
2025-06-12 01:10:00,5.6
2025-06-12 05:42:00,6.1
2025-06-12 16:39:00,48.3
2025-06-12 21:58:00,30.6
2025-06-12 17:36:00,95.8
2025-06-12 09:30:00,36.7
2025-06-12 20:49:00,55.7
2025-06-12 09:32:00,50.15830883217688
2025-06-12 00:28:00,50.15830883217688
2025-06-12 10:29:00,24.6
2025-06-12 16:46:00,67.8
2025-06-12 07:16:00,50.15830883217688
2025-06-12 03:05:00,42.7
2025-06-12 16:08:00,90.8
2025-06-12 02:22:00,24.2
2025-06-12 00:13:00,56.2
2025-06-12 07:56:00,38.5
2025-06-12 22:50:00,85.0
2025-06-12 23:36:00,92.8
2025-06-12 01:35:00,32.3
2025-06-12 14:33:00,37.8
2025-06-12 18:47:00,1.9
2025-06-12 04:04:00,50.15830883217688
2025-06-12 09:29:00,84.9
2025-06-12 16:20:00,15.5
2025-06-12 11:39:00,46.7
2025-06-12 23:05:00,81.7
2025-06-12 10:48:00,50.15830883217688
2025-06-12 07:17:00,29.5
2025-06-12 23:36:00,32.1
2025-06-12 00:21:00,62.4
2025-06-12 17:18:00,79.7
2025-06-12 17:33:00,90.8
2025-06-12 10:14:00,3.2
2025-06-12 17:00:00,8.8
2025-06-12 07:46:00,74.6
2025-06-12 05:15:00,33.4
2025-06-12 15:08:00,60.7
2025-06-12 00:18:00,95.0
2025-06-12 13:11:00,49.3
2025-06-12 19:23:00,50.15830883217688
2025-06-12 17:28:00,44.9
2025-06-12 16:15:00,25.8
2025-06-12 06:55:00,96.6
2025-06-12 00:29:00,59.5
2025-06-12 21:32:00,50.15830883217688
2025-06-12 22:39:00,77.9
2025-06-12 01:32:00,83.5
2025-06-12 09:32:00,58.8
2025-06-12 15:16:00,97.0
2025-06-12 04:06:00,14.3
2025-06-12 20:56:00,86.7
2025-06-12 14:00:00,84.5
2025-06-12 08:39:00,58.1
2025-06-12 23:49:00,29.2
2025-06-12 07:24:00,92.2
2025-06-12 20:48:00,54.5
2025-06-12 17:05:00,98.8
2025-06-12 19:17:00,12.3
2025-06-12 20:18:00,50.15830883217688
2025-06-12 17:19:00,50.15830883217688
2025-06-12 18:36:00,22.0
2025-06-12 08:49:00,43.4
2025-06-12 18:45:00,48.1
2025-06-12 00:50:00,79.5
2025-06-12 10:23:00,41.1
2025-06-12 14:19:00,71.0
2025-06-12 07:20:00,26.6
2025-06-12 03:10:00,14.2
2025-06-12 01:18:00,55.1
2025-06-12 17:35:00,50.15830883217688
2025-06-12 19:56:00,57.2
2025-06-12 22:52:00,92.8
2025-06-12 06:42:00,84.5
2025-06-12 20:28:00,84.2
2025-06-12 08:03:00,50.15830883217688
2025-06-12 04:28:00,25.8
2025-06-12 12:24:00,57.9
2025-06-12 05:07:00,50.15830883217688
2025-06-12 20:28:00,19.0
2025-06-12 16:02:00,43.5
2025-06-12 10:32:00,74.3
2025-06-12 12:56:00,9.7
2025-06-12 11:11:00,2.9
2025-06-12 08:15:00,70.0
2025-06-12 06:13:00,50.15830883217688
2025-06-12 09:51:00,78.8
2025-06-12 19:55:00,59.5
2025-06-12 01:46:00,90.1
2025-06-12 01:44:00,46.2
2025-06-12 11:57:00,39.2
2025-06-12 23:29:00,6.6
2025-06-12 20:43:00,39.8
2025-06-12 03:06:00,50.15830883217688
2025-06-12 14:19:00,64.1
2025-06-12 12:59:00,8.4
2025-06-12 03:20:00,69.2
2025-06-12 01:04:00,4.9
2025-06-12 12:16:00,50.15830883217688
2025-06-12 05:28:00,86.4
2025-06-12 07:59:00,90.7
2025-06-12 22:28:00,64.9
2025-06-12 21:52:00,66.7
2025-06-12 21:08:00,12.5
2025-06-12 03:38:00,54.0
2025-06-12 21:10:00,1.3
2025-06-12 00:33:00,43.6
2025-06-12 19:31:00,59.0
2025-06-12 03:46:00,50.15830883217688
2025-06-12 22:47:00,48.5
2025-06-12 17:14:00,83.4
2025-06-12 08:18:00,61.7
2025-06-12 20:35:00,6.5
2025-06-12 06:18:00,80.5
2025-06-12 09:18:00,86.3
2025-06-12 09:05:00,37.2
2025-06-12 21:28:00,39.2
2025-06-12 13:57:00,40.0
2025-06-12 21:18:00,75.4
2025-06-12 19:02:00,50.15830883217688
2025-06-12 14:50:00,98.8
2025-06-12 17:03:00,56.9
2025-06-12 19:33:00,72.5
2025-06-12 01:06:00,37.6
2025-06-12 12:22:00,50.15830883217688
2025-06-12 04:56:00,50.15830883217688
2025-06-12 11:16:00,50.15830883217688
2025-06-12 22:05:00,30.0
2025-06-12 11:33:00,69.3
2025-06-12 03:34:00,32.8
2025-06-12 14:19:00,97.0
2025-06-12 17:14:00,57.8
2025-06-12 16:17:00,16.6
2025-06-12 13:31:00,50.15830883217688
2025-06-12 23:27:00,84.3
2025-06-12 05:44:00,12.8
2025-06-12 08:58:00,28.3
2025-06-12 16:39:00,65.6
2025-06-12 17:52:00,66.4
2025-06-12 10:57:00,62.7
2025-06-12 19:35:00,27.1
2025-06-12 04:14:00,97.5
2025-06-12 03:23:00,85.2
2025-06-12 19:03:00,4.7
2025-06-12 06:12:00,50.15830883217688
2025-06-12 07:09:00,81.9
2025-06-12 06:09:00,86.8
2025-06-12 01:30:00,17.4
2025-06-12 15:08:00,41.1
2025-06-12 15:42:00,50.15830883217688
2025-06-12 12:03:00,59.8
2025-06-12 11:43:00,50.15830883217688
2025-06-12 05:27:00,25.2
2025-06-12 10:03:00,70.5
2025-06-12 13:37:00,85.5
2025-06-12 08:55:00,97.2
2025-06-12 10:09:00,22.4
2025-06-12 20:35:00,50.15830883217688
2025-06-12 19:45:00,8.3
2025-06-12 11:07:00,50.15830883217688
2025-06-12 15:15:00,82.9
2025-06-12 17:36:00,50.15830883217688
2025-06-12 06:44:00,61.0
2025-06-12 15:32:00,75.3
2025-06-12 19:38:00,69.4
2025-06-12 03:17:00,42.9
2025-06-12 00:44:00,45.2
2025-06-12 13:54:00,50.15830883217688
2025-06-12 01:07:00,92.1
2025-06-12 09:04:00,83.2
2025-06-12 03:12:00,89.1
2025-06-12 06:05:00,40.7
2025-06-12 09:05:00,33.8
2025-06-12 19:19:00,68.8
2025-06-12 05:57:00,92.9
2025-06-12 06:46:00,50.15830883217688
2025-06-12 08:10:00,94.9
2025-06-12 08:36:00,81.2
2025-06-12 21:41:00,42.3
2025-06-12 23:53:00,46.9
2025-06-12 09:27:00,16.9
2025-06-12 19:13:00,52.2
2025-06-12 05:59:00,85.0
2025-06-12 07:21:00,29.6
2025-06-12 09:11:00,15.9
2025-06-12 20:36:00,12.8
2025-06-12 06:19:00,76.9
2025-06-12 00:42:00,63.4
2025-06-12 03:22:00,98.4
2025-06-12 14:02:00,32.1
2025-06-12 10:06:00,3.4
2025-06-12 04:28:00,96.6
2025-06-12 18:39:00,51.2
2025-06-12 13:06:00,36.5
2025-06-12 07:09:00,92.1
2025-06-12 21:22:00,61.6
2025-06-12 02:30:00,31.5
2025-06-12 10:44:00,68.5
2025-06-12 02:12:00,4.6
2025-06-12 13:43:00,50.5
2025-06-12 03:18:00,50.8
2025-06-12 08:57:00,75.9
2025-06-12 07:11:00,19.9
2025-06-12 22:45:00,20.9
2025-06-12 14:51:00,83.4
2025-06-12 13:17:00,50.05645730416373
2025-06-12 18:18:00,47.7
2025-06-12 10:43:00,52.3
2025-06-12 01:47:00,36.0
2025-06-12 10:14:00,62.1
2025-06-12 09:55:00,50.05645730416373
2025-06-12 07:00:00,40.3
2025-06-12 14:13:00,1.5
2025-06-12 11:30:00,25.3
2025-06-12 08:54:00,80.8
2025-06-12 17:34:00,80.2
2025-06-12 22:40:00,64.2
2025-06-12 06:13:00,88.4
2025-06-12 03:56:00,41.7
2025-06-12 02:16:00,17.3
2025-06-12 04:16:00,47.6
2025-06-12 21:14:00,7.9
2025-06-12 07:05:00,50.05645730416373
2025-06-12 01:50:00,41.1
2025-06-12 23:32:00,9.2
2025-06-12 11:52:00,28.0
2025-06-12 23:50:00,47.1
2025-06-12 22:40:00,48.2
2025-06-12 15:22:00,3.9
2025-06-12 16:00:00,87.0
2025-06-12 00:44:00,73.7
2025-06-12 16:10:00,72.3
2025-06-12 14:14:00,5.2
2025-06-12 19:45:00,55.2
2025-06-12 02:54:00,50.05645730416373
2025-06-12 22:42:00,81.9
2025-06-12 12:02:00,50.05645730416373
2025-06-12 18:55:00,50.05645730416373
2025-06-12 18:44:00,50.9
2025-06-12 02:50:00,25.6
2025-06-12 10:27:00,50.05645730416373
2025-06-12 10:45:00,58.5
2025-06-12 15:17:00,36.6
2025-06-12 08:28:00,17.8
2025-06-12 11:45:00,45.4
2025-06-12 03:12:00,42.9
2025-06-12 23:58:00,50.05645730416373
2025-06-12 22:56:00,64.3
2025-06-12 22:08:00,31.8
2025-06-12 20:29:00,50.05645730416373
2025-06-12 06:22:00,85.3
2025-06-12 00:47:00,37.4
2025-06-12 00:35:00,79.9
2025-06-12 14:30:00,47.9
2025-06-12 21:49:00,69.3
2025-06-12 20:49:00,50.05645730416373
2025-06-12 14:47:00,68.6
2025-06-12 23:07:00,17.7
2025-06-12 06:52:00,59.1
2025-06-12 19:24:00,75.8
2025-06-12 02:09:00,68.1
2025-06-12 12:27:00,58.4
2025-06-12 20:22:00,50.05645730416373
2025-06-12 06:17:00,50.05645730416373
2025-06-12 20:32:00,56.9
2025-06-12 17:01:00,85.7
2025-06-12 04:06:00,19.9
2025-06-12 12:23:00,41.1
2025-06-12 06:39:00,57.0
2025-06-12 03:51:00,44.6
2025-06-12 13:08:00,73.1
2025-06-12 04:37:00,90.5
2025-06-12 04:25:00,30.6
2025-06-12 11:03:00,26.9
2025-06-12 03:21:00,76.1
2025-06-12 22:24:00,69.7
2025-06-12 03:09:00,83.9
2025-06-12 22:20:00,30.9
2025-06-12 12:04:00,22.5
2025-06-12 22:15:00,28.7
2025-06-12 23:30:00,80.1
2025-06-12 22:01:00,93.3
2025-06-12 21:06:00,50.05645730416373
2025-06-12 01:33:00,17.5
2025-06-12 04:48:00,47.1
2025-06-12 19:34:00,99.7
2025-06-12 18:17:00,39.3
2025-06-12 11:25:00,24.8
2025-06-12 14:42:00,97.3
2025-06-12 03:11:00,39.1
2025-06-12 01:33:00,50.05645730416373
2025-06-12 16:29:00,50.05645730416373
2025-06-12 06:33:00,50.05645730416373
2025-06-12 06:13:00,11.8
2025-06-12 22:09:00,50.05645730416373
2025-06-12 18:16:00,94.8
2025-06-12 03:16:00,60.1
2025-06-12 16:36:00,31.6
2025-06-12 18:32:00,95.5
2025-06-12 17:30:00,60.3
2025-06-12 22:29:00,64.7
2025-06-12 09:17:00,25.1
2025-06-12 11:59:00,50.05645730416373
2025-06-12 16:00:00,69.1
2025-06-12 10:26:00,26.4
2025-06-12 16:40:00,76.3
2025-06-12 09:07:00,80.2
2025-06-12 12:06:00,19.2
2025-06-12 18:47:00,22.2
2025-06-12 11:11:00,43.6
2025-06-12 21:49:00,68.7
2025-06-12 04:07:00,73.9
2025-06-12 17:40:00,95.8
2025-06-12 08:37:00,93.6
2025-06-12 01:11:00,43.6
2025-06-12 21:34:00,60.1
2025-06-12 16:20:00,23.2
2025-06-12 12:52:00,5.3
2025-06-12 17:38:00,12.7
2025-06-12 14:44:00,49.5
2025-06-12 13:14:00,50.05645730416373
2025-06-12 08:16:00,86.4
2025-06-12 13:28:00,20.4
2025-06-12 05:41:00,13.8
2025-06-12 08:17:00,51.2
2025-06-12 03:20:00,72.6
2025-06-12 14:57:00,50.05645730416373
2025-06-12 05:37:00,37.0
2025-06-12 15:53:00,64.5
2025-06-12 11:01:00,2.8
2025-06-12 07:10:00,47.0
2025-06-12 11:43:00,93.3
2025-06-12 08:16:00,85.6
2025-06-12 20:31:00,91.6
2025-06-12 09:56:00,13.4
2025-06-12 05:58:00,95.3
2025-06-12 14:20:00,50.05645730416373
2025-06-12 01:38:00,6.6
2025-06-12 05:17:00,56.3
2025-06-12 02:44:00,92.7
2025-06-12 08:43:00,49.2
2025-06-12 19:17:00,55.5
2025-06-12 23:23:00,97.4
2025-06-12 13:35:00,11.6
2025-06-12 23:13:00,87.8
2025-06-12 16:39:00,15.8
2025-06-12 02:34:00,61.3
2025-06-12 07:25:00,51.6
2025-06-12 12:49:00,21.9
2025-06-12 09:55:00,70.9
2025-06-12 08:21:00,29.2
2025-06-12 18:58:00,11.3
2025-06-12 07:38:00,47.9
2025-06-12 15:39:00,9.5
2025-06-12 07:45:00,7.9
2025-06-12 03:01:00,16.4
2025-06-12 18:00:00,59.3
2025-06-12 14:03:00,16.5
2025-06-12 12:39:00,28.2
2025-06-12 01:13:00,50.05645730416373
2025-06-12 04:33:00,50.05645730416373
2025-06-12 04:13:00,89.7
2025-06-12 06:29:00,32.8
2025-06-12 14:23:00,20.3
2025-06-12 02:31:00,50.05645730416373
2025-06-12 07:04:00,68.8
2025-06-12 21:49:00,31.0
2025-06-12 06:35:00,33.6
2025-06-12 16:19:00,85.4
2025-06-12 08:28:00,50.05645730416373
2025-06-12 08:30:00,50.05645730416373
2025-06-12 10:00:00,77.8
2025-06-12 04:40:00,50.05645730416373
2025-06-12 21:05:00,15.9
2025-06-12 15:59:00,92.1
2025-06-12 01:42:00,87.2
2025-06-12 01:56:00,60.1
2025-06-12 20:13:00,31.1
2025-06-12 13:21:00,63.3
2025-06-12 21:33:00,5.1
2025-06-12 00:07:00,38.8
2025-06-12 19:42:00,50.05645730416373
2025-06-12 01:21:00,31.6
2025-06-12 08:42:00,28.7
2025-06-12 18:43:00,35.9
2025-06-12 09:48:00,49.7
2025-06-12 19:00:00,43.5
2025-06-12 15:18:00,50.05645730416373
2025-06-12 07:54:00,50.05645730416373
2025-06-12 19:23:00,35.4
2025-06-12 11:26:00,12.4
2025-06-12 03:14:00,21.6
2025-06-12 05:16:00,71.8
2025-06-12 21:47:00,74.7
2025-06-12 14:08:00,50.05645730416373
2025-06-12 19:45:00,50.05645730416373
2025-06-12 22:50:00,38.4
2025-06-12 22:07:00,80.3
2025-06-12 18:41:00,1.9
2025-06-12 15:51:00,50.05645730416373
2025-06-12 15:52:00,69.5
2025-06-12 19:26:00,50.05645730416373
2025-06-12 08:22:00,68.0
2025-06-12 16:41:00,50.05645730416373
2025-06-12 00:52:00,2.8
2025-06-12 00:22:00,50.05645730416373
2025-06-12 09:16:00,83.5
2025-06-12 04:11:00,97.0
2025-06-12 09:35:00,27.4
2025-06-12 01:15:00,35.3
2025-06-12 09:37:00,71.5
2025-06-12 00:10:00,76.5
2025-06-12 06:58:00,90.1
2025-06-12 11:41:00,58.3
2025-06-12 20:53:00,0.7
2025-06-12 05:19:00,18.9
2025-06-12 16:54:00,50.05645730416373
2025-06-12 11:37:00,27.3
2025-06-12 14:28:00,50.05645730416373
2025-06-12 21:19:00,67.6
2025-06-12 19:21:00,46.6
2025-06-12 06:28:00,37.3
2025-06-12 01:48:00,67.8
2025-06-12 03:50:00,50.05645730416373
2025-06-12 21:04:00,98.1
2025-06-12 18:56:00,73.2
2025-06-12 21:43:00,58.7
2025-06-12 18:21:00,32.7
2025-06-12 13:15:00,61.5
2025-06-12 23:41:00,21.4
2025-06-12 05:51:00,16.5
2025-06-12 06:20:00,87.4
2025-06-12 13:05:00,56.6
2025-06-12 00:23:00,27.6
2025-06-12 18:39:00,56.5
2025-06-12 18:28:00,91.5
2025-06-12 02:57:00,50.05645730416373
2025-06-12 07:16:00,86.9
2025-06-12 00:14:00,4.7
2025-06-12 21:22:00,48.2
2025-06-12 04:08:00,18.3
2025-06-12 02:12:00,97.4
2025-06-12 18:11:00,8.6
2025-06-12 10:38:00,1.2
2025-06-12 03:54:00,12.2
2025-06-12 00:01:00,89.9
2025-06-12 03:01:00,88.2
2025-06-12 16:08:00,50.05645730416373
2025-06-12 10:11:00,39.3
2025-06-12 22:21:00,64.9
2025-06-12 23:57:00,7.1
2025-06-12 17:27:00,15.5
2025-06-12 16:52:00,75.6
2025-06-12 05:04:00,77.5
2025-06-12 01:23:00,63.1
2025-06-12 03:15:00,0.9
2025-06-12 03:52:00,50.05645730416373
2025-06-12 15:45:00,9.9
2025-06-12 23:29:00,50.05645730416373
2025-06-12 02:10:00,92.8
2025-06-12 23:53:00,58.2
2025-06-12 02:33:00,38.7
2025-06-12 03:57:00,50.05645730416373
2025-06-12 01:03:00,28.1
2025-06-12 20:25:00,72.1
2025-06-12 18:55:00,50.05645730416373
2025-06-12 00:02:00,61.0
2025-06-12 19:15:00,24.9
2025-06-12 15:25:00,43.3
2025-06-12 07:07:00,73.3
2025-06-12 06:54:00,62.9
2025-06-12 16:18:00,60.1
2025-06-12 02:00:00,9.8
2025-06-12 21:43:00,55.1
2025-06-12 23:02:00,50.05645730416373
2025-06-12 12:09:00,77.7
2025-06-12 19:58:00,28.4
2025-06-12 06:37:00,64.6
2025-06-12 15:44:00,40.8
2025-06-12 13:53:00,14.8
2025-06-12 11:07:00,28.6
2025-06-12 09:25:00,64.2
2025-06-12 08:57:00,33.8
2025-06-12 15:35:00,31.3
2025-06-12 09:38:00,56.2
2025-06-12 00:36:00,3.7
2025-06-12 21:23:00,50.05645730416373
2025-06-12 23:42:00,67.8
2025-06-12 15:19:00,26.2
2025-06-12 17:34:00,50.05645730416373
2025-06-12 03:04:00,37.7
2025-06-12 23:11:00,28.0
2025-06-12 20:58:00,66.4
2025-06-12 01:17:00,70.7
2025-06-12 06:19:00,59.1
2025-06-12 11:19:00,3.8
2025-06-12 08:16:00,50.2
2025-06-12 05:57:00,7.9
2025-06-12 11:18:00,67.6
2025-06-12 18:03:00,34.8
2025-06-12 06:08:00,23.2
2025-06-12 11:02:00,50.05645730416373
2025-06-12 15:03:00,50.05645730416373
2025-06-12 17:08:00,50.05645730416373
2025-06-12 05:49:00,36.4
2025-06-12 02:58:00,64.5
2025-06-12 12:45:00,8.0
2025-06-12 11:05:00,21.4
2025-06-12 01:11:00,95.3
2025-06-12 03:36:00,98.7
2025-06-12 03:09:00,66.3
2025-06-12 12:02:00,71.3
2025-06-12 21:25:00,55.2
2025-06-12 20:38:00,96.6
2025-06-12 14:18:00,24.1
2025-06-12 02:36:00,50.05645730416373
2025-06-12 19:36:00,68.1
2025-06-12 00:38:00,27.5
2025-06-12 22:28:00,99.1
2025-06-12 15:58:00,11.3
2025-06-12 15:50:00,85.0
2025-06-12 12:35:00,14.6
2025-06-12 06:39:00,43.6
2025-06-12 13:09:00,87.8
2025-06-12 02:36:00,47.5
2025-06-12 08:13:00,15.2
2025-06-12 01:51:00,43.3
2025-06-12 18:39:00,66.8
2025-06-12 22:07:00,47.2
2025-06-12 10:47:00,20.5
2025-06-12 16:04:00,10.8
2025-06-12 23:39:00,69.0
2025-06-12 05:39:00,40.8
2025-06-12 05:08:00,29.4
2025-06-12 18:00:00,97.6
2025-06-12 08:27:00,38.3
2025-06-12 21:44:00,1.1
2025-06-12 10:24:00,20.3
2025-06-12 23:41:00,50.05645730416373
2025-06-12 14:18:00,50.05645730416373
2025-06-12 17:41:00,71.1
2025-06-12 15:52:00,50.05645730416373
2025-06-12 14:03:00,22.2
2025-06-12 14:58:00,49.90502819548872
2025-06-12 12:45:00,95.3
2025-06-12 01:00:00,84.1
2025-06-12 12:12:00,42.1
2025-06-12 12:34:00,49.90502819548872
2025-06-12 20:12:00,5.9
2025-06-12 08:58:00,98.1
2025-06-12 07:12:00,44.1
2025-06-12 13:03:00,5.7
2025-06-12 15:14:00,83.2
2025-06-12 08:58:00,78.6
2025-06-12 15:48:00,26.8
2025-06-12 04:23:00,19.6
2025-06-12 18:24:00,72.0
2025-06-12 22:15:00,61.1
2025-06-12 01:28:00,28.3
2025-06-12 01:44:00,52.4
2025-06-12 07:32:00,49.90502819548872
2025-06-12 19:17:00,54.5
2025-06-12 10:51:00,49.0
2025-06-12 01:03:00,94.7
2025-06-12 22:46:00,5.8
2025-06-12 09:21:00,57.3
2025-06-12 22:39:00,49.90502819548872
2025-06-12 20:49:00,49.90502819548872
2025-06-12 14:40:00,68.5
2025-06-12 13:42:00,59.4
2025-06-12 02:08:00,62.5
2025-06-12 20:22:00,90.5
2025-06-12 03:35:00,49.90502819548872
2025-06-12 22:11:00,42.9
2025-06-12 03:50:00,11.8
2025-06-12 01:34:00,49.90502819548872
2025-06-12 16:35:00,27.7
2025-06-12 10:12:00,1.3
2025-06-12 01:05:00,14.2
2025-06-12 11:20:00,24.9
2025-06-12 08:32:00,53.2
2025-06-12 19:23:00,50.0
2025-06-12 09:29:00,42.7
2025-06-12 15:42:00,5.4
2025-06-12 09:34:00,76.8
2025-06-12 22:42:00,61.5
2025-06-12 14:06:00,11.8
2025-06-12 23:34:00,9.1
2025-06-12 10:14:00,49.90502819548872
2025-06-12 20:55:00,46.5
2025-06-12 10:42:00,4.5
2025-06-12 13:53:00,61.0
2025-06-12 23:11:00,84.9
2025-06-12 12:33:00,73.8
2025-06-12 09:47:00,33.7
2025-06-12 09:12:00,57.8
2025-06-12 06:18:00,49.90502819548872
2025-06-12 06:19:00,3.5
2025-06-12 17:23:00,49.90502819548872
2025-06-12 16:01:00,1.6
2025-06-12 07:03:00,27.1
2025-06-12 16:02:00,49.90502819548872
2025-06-12 16:40:00,85.6
2025-06-12 00:02:00,80.8
2025-06-12 07:08:00,58.9
2025-06-12 00:44:00,75.4
2025-06-12 05:55:00,47.0
2025-06-12 16:36:00,44.6
2025-06-12 04:49:00,8.4
2025-06-12 16:57:00,60.3
2025-06-12 14:24:00,23.3
2025-06-12 01:46:00,79.6
2025-06-12 09:08:00,63.1
2025-06-12 08:12:00,78.5
2025-06-12 12:20:00,46.3
2025-06-12 09:55:00,49.90502819548872
2025-06-12 21:01:00,52.9
2025-06-12 00:57:00,39.7
2025-06-12 19:50:00,70.0
2025-06-12 03:20:00,3.4
2025-06-12 15:07:00,49.90502819548872
2025-06-12 16:56:00,60.5
2025-06-12 04:25:00,49.90502819548872
2025-06-12 02:06:00,64.5
2025-06-12 03:38:00,49.90502819548872
2025-06-12 14:07:00,49.90502819548872
2025-06-12 19:48:00,5.0
2025-06-12 20:25:00,86.4
2025-06-12 13:03:00,49.90502819548872
2025-06-12 04:50:00,34.5
2025-06-12 15:54:00,3.5
2025-06-12 19:42:00,89.7
2025-06-12 23:16:00,49.90502819548872
2025-06-12 14:37:00,3.3
2025-06-12 23:47:00,92.9
2025-06-12 05:43:00,19.6
2025-06-12 02:38:00,4.6
2025-06-12 20:26:00,68.1
2025-06-12 21:22:00,76.8
2025-06-12 08:27:00,80.0
2025-06-12 19:15:00,23.4
2025-06-12 11:53:00,51.7
2025-06-12 07:25:00,72.5
2025-06-12 17:34:00,39.0
2025-06-12 19:26:00,28.9
2025-06-12 22:42:00,66.7
2025-06-12 03:22:00,80.8
2025-06-12 17:56:00,51.3
2025-06-12 11:03:00,49.90502819548872
2025-06-12 07:13:00,15.1
2025-06-12 01:33:00,89.1
2025-06-12 19:45:00,23.0
2025-06-12 20:51:00,17.6
2025-06-12 22:24:00,53.9
2025-06-12 14:18:00,89.2
2025-06-12 22:15:00,89.7
2025-06-12 19:22:00,94.1
2025-06-12 06:26:00,49.90502819548872
2025-06-12 19:08:00,67.7
2025-06-12 18:41:00,94.7
2025-06-12 22:36:00,11.6
2025-06-12 05:40:00,29.1
2025-06-12 10:21:00,66.4
2025-06-12 12:45:00,36.8
2025-06-12 11:59:00,59.1
2025-06-12 09:23:00,76.8
2025-06-12 19:24:00,92.2
2025-06-12 22:38:00,49.90502819548872
2025-06-12 15:09:00,29.7
2025-06-12 18:23:00,41.9
2025-06-12 18:59:00,49.90502819548872
2025-06-12 02:40:00,24.7
2025-06-12 19:31:00,9.3
2025-06-12 03:15:00,94.4
2025-06-12 12:02:00,70.4
2025-06-12 06:06:00,19.9
2025-06-12 06:36:00,86.0
2025-06-12 18:05:00,8.0
2025-06-12 10:05:00,49.90502819548872
2025-06-12 19:09:00,59.6
2025-06-12 16:05:00,97.6
2025-06-12 20:53:00,98.9
2025-06-12 09:39:00,49.90502819548872
2025-06-12 18:41:00,33.3
2025-06-12 00:35:00,86.2
2025-06-12 05:13:00,54.4
2025-06-12 03:27:00,73.6
2025-06-12 17:07:00,84.0
2025-06-12 21:57:00,96.1
2025-06-12 10:55:00,89.4
2025-06-12 08:56:00,99.1
2025-06-12 18:46:00,47.0
2025-06-12 05:10:00,42.3
2025-06-12 06:01:00,14.4
2025-06-12 02:43:00,21.8
2025-06-12 22:13:00,29.3
2025-06-12 19:59:00,49.90502819548872
2025-06-12 22:43:00,92.5
2025-06-12 17:26:00,49.90502819548872
2025-06-12 19:13:00,32.2
2025-06-12 07:25:00,29.6
2025-06-12 06:01:00,18.7
2025-06-12 17:05:00,85.0
2025-06-12 10:20:00,4.0
2025-06-12 15:27:00,14.3
2025-06-12 08:43:00,36.1
2025-06-12 06:42:00,13.9
2025-06-12 09:44:00,31.6
2025-06-12 05:35:00,50.1
2025-06-12 00:57:00,49.90502819548872
2025-06-12 21:04:00,11.3
2025-06-12 15:33:00,49.90502819548872
2025-06-12 09:46:00,49.90502819548872
2025-06-12 06:38:00,68.9
2025-06-12 02:10:00,29.8
2025-06-12 01:14:00,33.0
2025-06-12 03:02:00,24.5
2025-06-12 05:17:00,49.90502819548872
2025-06-12 05:23:00,49.90502819548872
2025-06-12 00:52:00,87.9
2025-06-12 08:17:00,83.2
2025-06-12 07:03:00,57.6
2025-06-12 17:38:00,88.8
2025-06-12 00:22:00,90.2
2025-06-12 19:38:00,3.8
2025-06-12 06:12:00,88.0
2025-06-12 21:02:00,49.90502819548872
2025-06-12 23:18:00,61.2
2025-06-12 12:53:00,76.6
2025-06-12 20:38:00,63.0
2025-06-12 20:08:00,33.5
2025-06-12 13:20:00,0.2
2025-06-12 19:26:00,49.90502819548872
2025-06-12 11:21:00,6.7
2025-06-12 11:48:00,16.2
2025-06-12 03:54:00,53.7
2025-06-12 01:18:00,13.2
2025-06-12 06:09:00,30.3
2025-06-12 15:55:00,19.5
2025-06-12 02:00:00,58.7
2025-06-12 00:02:00,76.6
2025-06-12 16:54:00,60.3
2025-06-12 05:47:00,37.7
2025-06-12 01:11:00,80.8
2025-06-12 12:59:00,52.2
2025-06-12 10:23:00,32.6
2025-06-12 21:45:00,8.5
2025-06-12 10:11:00,49.90502819548872
2025-06-12 19:53:00,62.2
2025-06-12 05:01:00,41.8
2025-06-12 17:03:00,52.2
2025-06-12 19:30:00,29.7
2025-06-12 20:14:00,84.5
2025-06-12 20:50:00,48.0
2025-06-12 18:20:00,49.6
2025-06-12 21:56:00,39.3
2025-06-12 11:45:00,54.0
2025-06-12 13:05:00,15.3
2025-06-12 00:54:00,41.9
2025-06-12 20:01:00,96.3
2025-06-12 13:55:00,41.0
2025-06-12 23:57:00,70.0
2025-06-12 05:07:00,30.4
2025-06-12 22:50:00,88.9
2025-06-12 15:03:00,76.1
2025-06-12 20:16:00,70.5
2025-06-12 09:29:00,49.90502819548872
2025-06-12 02:19:00,1.1
2025-06-12 08:04:00,35.3
2025-06-12 10:10:00,76.7
2025-06-12 11:30:00,76.4
2025-06-12 18:01:00,35.7
2025-06-12 15:18:00,25.3
2025-06-12 02:53:00,32.0
2025-06-12 06:02:00,55.0
2025-06-12 08:30:00,12.0
2025-06-12 15:17:00,8.4
2025-06-12 13:39:00,90.4
2025-06-12 16:28:00,83.9
2025-06-12 22:06:00,43.5
2025-06-12 14:37:00,49.90502819548872
2025-06-12 22:00:00,49.90502819548872
2025-06-12 18:18:00,28.0
2025-06-12 07:07:00,49.90502819548872
2025-06-12 05:08:00,14.6
2025-06-12 23:26:00,11.5
2025-06-12 13:06:00,49.90502819548872
2025-06-12 16:02:00,19.3
2025-06-12 03:29:00,29.2
2025-06-12 20:34:00,14.8
2025-06-12 22:44:00,75.1
2025-06-12 02:09:00,7.9
2025-06-12 01:15:00,49.90502819548872
2025-06-12 05:21:00,75.3
2025-06-12 17:54:00,45.7
2025-06-12 19:22:00,65.7
2025-06-12 22:36:00,49.90502819548872
2025-06-12 20:39:00,81.0
2025-06-12 06:31:00,49.90502819548872
2025-06-12 18:46:00,5.1
2025-06-12 02:17:00,64.6
2025-06-12 17:14:00,32.9
2025-06-12 21:36:00,49.90502819548872
2025-06-12 12:52:00,57.0
2025-06-12 02:24:00,9.7
2025-06-12 21:49:00,49.90502819548872
2025-06-12 02:32:00,44.1
2025-06-12 00:27:00,47.6
2025-06-12 10:53:00,68.1
2025-06-12 19:57:00,40.3
2025-06-12 11:02:00,68.4
2025-06-12 23:58:00,87.2
2025-06-12 16:40:00,89.6
2025-06-12 01:24:00,97.7
2025-06-12 22:54:00,56.3
2025-06-12 13:57:00,0.2
2025-06-12 15:34:00,19.2
2025-06-12 11:58:00,82.2
2025-06-12 09:24:00,57.9
2025-06-12 21:36:00,49.90502819548872
2025-06-12 20:18:00,5.3
2025-06-12 10:43:00,35.4
2025-06-12 16:12:00,69.0
2025-06-12 21:25:00,44.3
2025-06-12 19:10:00,63.8
2025-06-12 22:58:00,34.0
2025-06-12 21:01:00,73.6
2025-06-12 23:10:00,78.5
2025-06-12 16:32:00,71.4
2025-06-12 13:56:00,16.0
2025-06-12 13:42:00,16.1
2025-06-12 20:06:00,19.3
2025-06-12 23:28:00,14.6
2025-06-12 08:12:00,91.3
2025-06-12 11:17:00,49.90502819548872
2025-06-12 23:45:00,59.9
2025-06-12 03:00:00,51.9
2025-06-12 11:55:00,49.90502819548872
2025-06-12 08:33:00,7.2
2025-06-12 16:57:00,67.4
2025-06-12 09:02:00,49.90502819548872
2025-06-12 09:26:00,3.9
2025-06-12 01:27:00,86.2
2025-06-12 00:43:00,35.6
2025-06-12 19:11:00,91.5
2025-06-12 12:45:00,84.5
2025-06-12 03:44:00,52.7
2025-06-12 14:43:00,76.5
2025-06-12 01:04:00,49.90502819548872
2025-06-12 20:14:00,65.6
2025-06-12 14:43:00,80.8
2025-06-12 21:44:00,50.475078938135894
2025-06-12 02:21:00,40.3
2025-06-12 19:06:00,99.2
2025-06-12 16:14:00,85.5
2025-06-12 15:40:00,62.3
2025-06-12 22:29:00,66.5
2025-06-12 15:26:00,6.3
2025-06-12 12:54:00,76.2
2025-06-12 11:24:00,66.9
2025-06-12 19:12:00,85.2
2025-06-12 03:03:00,38.7
2025-06-12 16:23:00,32.4
2025-06-12 06:12:00,13.2
2025-06-12 06:57:00,73.6
2025-06-12 15:06:00,94.2
2025-06-12 17:38:00,50.475078938135894
2025-06-12 16:16:00,32.4
2025-06-12 01:52:00,73.6
2025-06-12 06:02:00,20.2
2025-06-12 02:10:00,50.475078938135894
2025-06-12 12:52:00,67.8
2025-06-12 18:41:00,64.1
2025-06-12 05:46:00,50.475078938135894
2025-06-12 01:08:00,65.7
2025-06-12 04:32:00,94.7
2025-06-12 01:04:00,84.4
2025-06-12 00:30:00,96.6
2025-06-12 15:26:00,92.5
2025-06-12 18:27:00,50.475078938135894
2025-06-12 08:06:00,91.1
2025-06-12 13:13:00,1.1
2025-06-12 11:55:00,76.1
2025-06-12 20:01:00,50.475078938135894
2025-06-12 16:03:00,50.475078938135894
2025-06-12 18:51:00,0.7
2025-06-12 15:58:00,32.9
2025-06-12 21:56:00,55.9
2025-06-12 00:03:00,98.7
2025-06-12 06:06:00,98.0
2025-06-12 00:28:00,90.3
2025-06-12 19:31:00,50.2
2025-06-12 12:46:00,89.9
2025-06-12 19:04:00,50.475078938135894
2025-06-12 04:12:00,50.475078938135894
2025-06-12 06:42:00,61.2
2025-06-12 04:04:00,50.2
2025-06-12 16:52:00,16.3
2025-06-12 19:07:00,71.2
2025-06-12 07:44:00,18.1
2025-06-12 18:24:00,31.2
2025-06-12 09:22:00,87.5
2025-06-12 10:50:00,65.0
2025-06-12 22:41:00,39.3
2025-06-12 01:29:00,9.2
2025-06-12 22:09:00,50.475078938135894
2025-06-12 10:12:00,50.475078938135894
2025-06-12 13:04:00,89.0
2025-06-12 15:23:00,19.9
2025-06-12 22:33:00,98.7
2025-06-12 14:49:00,50.475078938135894
2025-06-12 07:19:00,45.7
2025-06-12 04:59:00,60.1
2025-06-12 13:06:00,69.1
2025-06-12 07:52:00,91.7
2025-06-12 22:16:00,22.0
2025-06-12 18:59:00,53.6
2025-06-12 18:55:00,23.7
2025-06-12 06:17:00,44.2
2025-06-12 05:39:00,12.7
2025-06-12 18:10:00,50.475078938135894
2025-06-12 19:28:00,99.5
2025-06-12 14:00:00,84.5
2025-06-12 00:43:00,67.4
2025-06-12 02:35:00,69.5
2025-06-12 20:18:00,19.9
2025-06-12 23:39:00,99.7
2025-06-12 05:38:00,43.4
2025-06-12 00:30:00,92.3
2025-06-12 17:06:00,81.7
2025-06-12 13:55:00,89.7
2025-06-12 12:32:00,48.1
2025-06-12 20:07:00,50.475078938135894
2025-06-12 06:56:00,7.9
2025-06-12 20:36:00,29.0
2025-06-12 02:44:00,63.2
2025-06-12 11:07:00,50.475078938135894
2025-06-12 12:51:00,53.0
2025-06-12 14:03:00,75.0
2025-06-12 22:38:00,54.2
2025-06-12 10:57:00,19.1
2025-06-12 12:36:00,61.6
2025-06-12 00:42:00,50.475078938135894
2025-06-12 20:51:00,58.1
2025-06-12 04:50:00,5.2
2025-06-12 14:16:00,50.475078938135894
2025-06-12 00:34:00,35.8
2025-06-12 02:42:00,27.4
2025-06-12 05:40:00,84.3
2025-06-12 07:30:00,54.6
2025-06-12 23:45:00,95.1
2025-06-12 04:23:00,45.2
2025-06-12 01:43:00,25.7
2025-06-12 01:15:00,50.475078938135894
2025-06-12 10:51:00,39.5
2025-06-12 15:57:00,74.8
2025-06-12 23:30:00,16.5
2025-06-12 14:18:00,30.5
2025-06-12 06:10:00,64.6
2025-06-12 17:10:00,6.2
2025-06-12 05:39:00,43.3
2025-06-12 16:10:00,37.6
2025-06-12 01:53:00,8.7
2025-06-12 23:43:00,50.475078938135894
2025-06-12 20:30:00,8.8
2025-06-12 06:31:00,38.0
2025-06-12 19:41:00,50.475078938135894
2025-06-12 16:46:00,65.6
2025-06-12 20:37:00,15.1
2025-06-12 14:39:00,38.0
2025-06-12 23:24:00,42.8
2025-06-12 07:34:00,20.3
2025-06-12 02:56:00,45.3
2025-06-12 15:19:00,83.6
2025-06-12 06:55:00,50.475078938135894
2025-06-12 21:12:00,74.9
2025-06-12 21:17:00,12.5
2025-06-12 09:14:00,91.1
2025-06-12 03:24:00,32.9
2025-06-12 05:06:00,53.8
2025-06-12 17:43:00,69.9
2025-06-12 05:47:00,10.6
2025-06-12 14:58:00,36.0
2025-06-12 12:59:00,18.9
2025-06-12 08:02:00,49.4
2025-06-12 13:15:00,50.475078938135894
2025-06-12 09:56:00,50.475078938135894
2025-06-12 22:41:00,29.2
2025-06-12 09:13:00,36.8
2025-06-12 09:13:00,15.6
2025-06-12 04:20:00,50.475078938135894
2025-06-12 09:36:00,3.1
2025-06-12 08:58:00,61.2
2025-06-12 13:56:00,48.1
2025-06-12 22:02:00,24.5
2025-06-12 20:00:00,97.3
2025-06-12 17:08:00,18.0
2025-06-12 02:40:00,72.1
2025-06-12 01:01:00,59.3
2025-06-12 13:47:00,58.5
2025-06-12 00:02:00,50.475078938135894
2025-06-12 01:07:00,75.3
2025-06-12 15:49:00,13.9
2025-06-12 21:37:00,33.0
2025-06-12 20:40:00,98.6
2025-06-12 13:23:00,34.2
2025-06-12 09:36:00,39.7
2025-06-12 09:48:00,12.3
2025-06-12 17:55:00,63.1
2025-06-12 10:55:00,26.4
2025-06-12 07:08:00,79.3
2025-06-12 03:27:00,72.0
2025-06-12 16:13:00,50.475078938135894
2025-06-12 12:50:00,20.8
2025-06-12 21:21:00,50.475078938135894
2025-06-12 09:27:00,42.3
2025-06-12 22:29:00,38.8
2025-06-12 01:00:00,93.1
2025-06-12 05:13:00,40.5
2025-06-12 19:02:00,60.8
2025-06-12 11:58:00,50.475078938135894
2025-06-12 05:32:00,75.4
2025-06-12 10:30:00,47.4
2025-06-12 08:54:00,20.1
2025-06-12 15:13:00,76.9
2025-06-12 23:05:00,10.7
2025-06-12 17:08:00,33.4
2025-06-12 06:45:00,17.1
2025-06-12 19:26:00,21.4
2025-06-12 09:06:00,50.475078938135894
2025-06-12 07:27:00,50.475078938135894
2025-06-12 01:36:00,50.475078938135894
2025-06-12 21:58:00,58.8
2025-06-12 03:20:00,93.5
2025-06-12 17:31:00,97.1
2025-06-12 03:29:00,68.7
2025-06-12 01:09:00,67.5
2025-06-12 09:34:00,93.2
2025-06-12 13:47:00,50.475078938135894
2025-06-12 11:34:00,80.3
2025-06-12 04:15:00,7.5
2025-06-12 19:00:00,79.8
2025-06-12 10:40:00,50.475078938135894
2025-06-12 16:19:00,0.5
2025-06-12 01:28:00,9.4
2025-06-12 06:41:00,21.6
2025-06-12 09:08:00,31.9
2025-06-12 17:01:00,0.9
2025-06-12 07:31:00,55.6
2025-06-12 21:01:00,15.5
2025-06-12 10:21:00,88.8
2025-06-12 05:59:00,29.6
2025-06-12 03:41:00,14.1
2025-06-12 18:52:00,76.1
2025-06-12 13:57:00,19.0
2025-06-12 15:22:00,95.8
2025-06-12 17:29:00,82.3
2025-06-12 09:30:00,35.0
2025-06-12 02:36:00,47.1
2025-06-12 18:59:00,68.9
2025-06-12 04:46:00,99.4
2025-06-12 02:48:00,10.0
2025-06-12 04:41:00,50.475078938135894
2025-06-12 22:08:00,61.3
2025-06-12 12:15:00,63.0
2025-06-12 20:52:00,70.7
2025-06-12 23:08:00,96.0
2025-06-12 12:28:00,50.475078938135894
2025-06-12 02:26:00,86.4
2025-06-12 23:51:00,57.7
2025-06-12 13:26:00,85.2
2025-06-12 17:49:00,59.8
2025-06-12 20:09:00,49.8
2025-06-12 20:09:00,73.2
2025-06-12 03:01:00,30.4
2025-06-12 04:55:00,50.475078938135894
2025-06-12 11:54:00,84.3
2025-06-12 09:47:00,7.4
2025-06-12 08:17:00,59.8
2025-06-12 17:03:00,38.1
2025-06-12 01:46:00,50.475078938135894
2025-06-12 16:46:00,54.9
2025-06-12 15:09:00,50.475078938135894
2025-06-12 05:25:00,11.8
2025-06-12 16:40:00,46.5
2025-06-12 00:47:00,13.6
2025-06-12 17:40:00,13.1
2025-06-12 07:12:00,79.0
2025-06-12 19:47:00,76.2
2025-06-12 09:31:00,11.4
2025-06-12 10:38:00,14.5
2025-06-12 15:12:00,99.2
2025-06-12 13:34:00,0.8
2025-06-12 16:44:00,11.9
2025-06-12 18:16:00,37.2
2025-06-12 19:15:00,33.0
2025-06-12 09:29:00,93.6
2025-06-12 02:14:00,30.8
2025-06-12 08:59:00,37.2
2025-06-12 19:51:00,48.0
2025-06-12 16:05:00,26.0
2025-06-12 00:44:00,4.3
2025-06-12 03:06:00,43.9
2025-06-12 10:56:00,47.8
2025-06-12 22:17:00,57.5
2025-06-12 03:32:00,59.2
2025-06-12 04:03:00,2.4
2025-06-12 01:17:00,58.1
2025-06-12 16:38:00,55.0
2025-06-12 11:38:00,12.0
2025-06-12 23:30:00,89.5
2025-06-12 15:53:00,50.475078938135894
2025-06-12 02:32:00,50.3
2025-06-12 03:29:00,43.1
2025-06-12 08:39:00,20.2
2025-06-12 17:00:00,50.475078938135894
2025-06-12 10:30:00,47.5
2025-06-12 00:05:00,17.6
2025-06-12 10:54:00,50.475078938135894
2025-06-12 04:55:00,31.3
2025-06-12 08:13:00,68.5
2025-06-12 22:32:00,28.4
2025-06-12 13:43:00,49.5
2025-06-12 18:52:00,81.3
2025-06-12 01:30:00,16.0
2025-06-12 12:33:00,64.8
2025-06-12 14:44:00,93.7
2025-06-12 21:48:00,26.9
2025-06-12 07:23:00,41.9
2025-06-12 18:22:00,59.9
2025-06-12 09:28:00,96.0
2025-06-12 14:17:00,76.1
2025-06-12 04:29:00,63.1
2025-06-12 12:14:00,46.4
2025-06-12 13:30:00,45.6
2025-06-12 03:38:00,1.0
2025-06-12 12:36:00,76.8
2025-06-12 06:48:00,88.7
2025-06-12 11:14:00,13.4
2025-06-12 19:17:00,89.5
2025-06-12 13:41:00,53.4
2025-06-12 05:25:00,50.475078938135894
2025-06-12 01:43:00,54.8
2025-06-12 16:29:00,65.2
2025-06-12 03:10:00,59.5
2025-06-12 22:56:00,17.0
2025-06-12 15:34:00,53.7
2025-06-12 22:09:00,63.2
2025-06-12 14:08:00,14.4
2025-06-12 10:36:00,50.475078938135894
2025-06-12 12:30:00,50.475078938135894
2025-06-12 02:11:00,50.475078938135894
2025-06-12 01:15:00,27.1
2025-06-12 01:58:00,77.6
2025-06-12 03:11:00,31.1
2025-06-12 17:08:00,53.3
2025-06-12 07:15:00,64.3
2025-06-12 09:11:00,85.3
2025-06-12 01:15:00,25.6
2025-06-12 21:51:00,82.5
2025-06-12 14:55:00,24.3
2025-06-12 01:09:00,16.8
2025-06-12 21:28:00,75.2
2025-06-12 19:37:00,93.2
2025-06-12 09:20:00,82.1
2025-06-12 00:14:00,50.475078938135894
2025-06-12 15:27:00,80.6
2025-06-12 14:45:00,38.7
2025-06-12 03:33:00,50.1
2025-06-12 13:19:00,65.8
2025-06-12 22:07:00,18.1
2025-06-12 00:00:00,38.5
2025-06-12 01:45:00,21.8
2025-06-12 02:50:00,4.3
2025-06-12 06:19:00,87.1
2025-06-12 02:50:00,12.1
2025-06-12 20:49:00,2.7
2025-06-12 15:47:00,53.8
2025-06-12 22:59:00,50.492298592215775
2025-06-12 04:42:00,65.4
2025-06-12 16:20:00,92.5
2025-06-12 13:49:00,50.492298592215775
2025-06-12 02:49:00,95.3
2025-06-12 16:55:00,15.6
2025-06-12 12:14:00,58.9
2025-06-12 12:46:00,50.492298592215775
2025-06-12 12:40:00,14.5
2025-06-12 15:28:00,46.3
2025-06-12 11:32:00,96.7
2025-06-12 18:19:00,50.492298592215775
2025-06-12 17:59:00,29.7
2025-06-12 22:48:00,73.7
2025-06-12 03:24:00,35.5
2025-06-12 18:53:00,62.6
2025-06-12 12:48:00,63.6
2025-06-12 02:19:00,2.8
2025-06-12 20:27:00,33.7
2025-06-12 04:37:00,59.9
2025-06-12 14:01:00,30.9
2025-06-12 18:53:00,36.5
2025-06-12 15:10:00,7.3
2025-06-12 19:17:00,54.2
2025-06-12 18:07:00,66.3
2025-06-12 07:26:00,78.3
2025-06-12 19:49:00,30.8
2025-06-12 14:14:00,88.2
2025-06-12 12:03:00,60.7
2025-06-12 06:38:00,98.1
2025-06-12 14:23:00,50.492298592215775
2025-06-12 00:28:00,87.6
2025-06-12 14:31:00,19.5
2025-06-12 23:41:00,84.1
2025-06-12 05:50:00,50.492298592215775
2025-06-12 11:16:00,88.3
2025-06-12 09:15:00,45.1
2025-06-12 05:45:00,20.6
2025-06-12 17:16:00,19.1
2025-06-12 01:48:00,69.4
2025-06-12 17:44:00,59.9
2025-06-12 11:21:00,95.3
2025-06-12 00:52:00,51.1
2025-06-12 15:25:00,81.4
2025-06-12 10:24:00,3.9
2025-06-12 22:14:00,37.8
2025-06-12 14:42:00,14.2
2025-06-12 23:49:00,62.9
2025-06-12 02:38:00,82.7
2025-06-12 14:28:00,26.0
2025-06-12 21:05:00,5.9
2025-06-12 03:08:00,50.492298592215775
2025-06-12 17:55:00,36.2
2025-06-12 21:06:00,46.1
2025-06-12 04:26:00,69.9
2025-06-12 08:24:00,50.492298592215775
2025-06-12 23:30:00,72.1
2025-06-12 15:24:00,89.5
2025-06-12 18:56:00,99.8
2025-06-12 16:16:00,95.4
2025-06-12 15:57:00,14.7
2025-06-12 01:31:00,75.4
2025-06-12 12:55:00,10.5
2025-06-12 17:22:00,89.6
2025-06-12 23:07:00,35.6
2025-06-12 15:00:00,17.9
2025-06-12 06:05:00,50.492298592215775
2025-06-12 21:16:00,14.6
2025-06-12 15:08:00,9.7
2025-06-12 09:18:00,25.1
2025-06-12 13:11:00,65.9
2025-06-12 20:39:00,49.6
2025-06-12 15:25:00,20.7
2025-06-12 14:31:00,54.5
2025-06-12 15:26:00,55.6
2025-06-12 02:24:00,70.3
2025-06-12 20:15:00,52.2
2025-06-12 16:13:00,54.1
2025-06-12 08:56:00,39.8
2025-06-12 07:29:00,49.2
2025-06-12 08:50:00,5.1
2025-06-12 13:41:00,36.6
2025-06-12 17:30:00,64.3
2025-06-12 20:15:00,73.9
2025-06-12 10:29:00,57.0
2025-06-12 18:22:00,80.6
2025-06-12 10:18:00,50.492298592215775
2025-06-12 17:06:00,13.5
2025-06-12 14:31:00,27.4
2025-06-12 10:31:00,59.0
2025-06-12 04:12:00,50.492298592215775
2025-06-12 15:46:00,62.7
2025-06-12 20:19:00,24.3
2025-06-12 20:09:00,50.492298592215775
2025-06-12 11:15:00,6.3
2025-06-12 02:00:00,50.492298592215775
2025-06-12 05:51:00,93.7
2025-06-12 10:30:00,38.1
2025-06-12 09:51:00,86.5
2025-06-12 22:25:00,70.1
2025-06-12 15:16:00,32.3
2025-06-12 20:38:00,4.5
2025-06-12 19:31:00,13.8
2025-06-12 20:13:00,50.492298592215775
2025-06-12 06:04:00,73.4
2025-06-12 23:06:00,69.4
2025-06-12 21:51:00,17.2
2025-06-12 22:36:00,79.4
2025-06-12 00:16:00,62.3
2025-06-12 18:15:00,93.8
2025-06-12 01:38:00,99.0
2025-06-12 08:36:00,4.0
2025-06-12 01:46:00,50.492298592215775
2025-06-12 10:20:00,98.5
2025-06-12 19:09:00,76.2
2025-06-12 05:53:00,13.9
2025-06-12 16:42:00,88.3
2025-06-12 03:39:00,83.3
2025-06-12 04:04:00,52.9
2025-06-12 20:59:00,35.9
2025-06-12 15:53:00,31.4
2025-06-12 15:34:00,81.0
2025-06-12 22:57:00,30.2
2025-06-12 09:42:00,6.7
2025-06-12 13:44:00,36.7
2025-06-12 11:44:00,29.9
2025-06-12 07:32:00,71.8
2025-06-12 01:27:00,27.3
2025-06-12 18:45:00,17.9
2025-06-12 16:53:00,87.3
2025-06-12 08:31:00,49.3
2025-06-12 14:51:00,72.1
2025-06-12 15:31:00,37.2
2025-06-12 23:07:00,98.8
2025-06-12 22:30:00,98.5
2025-06-12 14:36:00,82.3
2025-06-12 23:37:00,65.7
2025-06-12 20:45:00,50.492298592215775
2025-06-12 10:58:00,96.0
2025-06-12 15:10:00,84.9
2025-06-12 23:56:00,34.2
2025-06-12 15:18:00,82.6
2025-06-12 10:16:00,79.5
2025-06-12 08:37:00,8.8
2025-06-12 06:52:00,54.5
2025-06-12 08:02:00,79.7
2025-06-12 14:09:00,55.8
2025-06-12 06:59:00,95.8
2025-06-12 01:05:00,87.8
2025-06-12 17:19:00,33.7
2025-06-12 06:41:00,58.4
2025-06-12 06:59:00,38.5
2025-06-12 23:02:00,40.2
2025-06-12 06:12:00,95.4
2025-06-12 22:00:00,62.8
2025-06-12 17:34:00,50.492298592215775
2025-06-12 10:23:00,92.6
2025-06-12 00:36:00,15.5
2025-06-12 16:37:00,50.492298592215775
2025-06-12 06:08:00,50.492298592215775
2025-06-12 03:45:00,22.5
2025-06-12 21:49:00,95.1
2025-06-12 22:20:00,50.492298592215775
2025-06-12 11:34:00,97.4
2025-06-12 16:37:00,50.492298592215775
2025-06-12 14:08:00,50.492298592215775
2025-06-12 09:23:00,47.6
2025-06-12 13:36:00,9.6
2025-06-12 12:44:00,83.8
2025-06-12 08:21:00,80.2
2025-06-12 19:07:00,47.5
2025-06-12 03:21:00,50.492298592215775
2025-06-12 02:51:00,11.7
2025-06-12 08:58:00,50.492298592215775
2025-06-12 07:49:00,50.492298592215775
2025-06-12 18:40:00,61.0
2025-06-12 12:17:00,43.8
2025-06-12 20:47:00,91.9
2025-06-12 15:59:00,59.7
2025-06-12 13:52:00,67.1
2025-06-12 17:13:00,26.7
2025-06-12 07:46:00,73.6
2025-06-12 06:05:00,81.9
2025-06-12 18:22:00,91.1
2025-06-12 04:15:00,50.492298592215775
2025-06-12 09:54:00,79.3
2025-06-12 03:45:00,42.1
2025-06-12 17:33:00,77.7
2025-06-12 11:05:00,97.0
2025-06-12 15:47:00,34.3
2025-06-12 07:50:00,50.492298592215775
2025-06-12 04:34:00,47.8
2025-06-12 08:03:00,48.3
2025-06-12 08:22:00,27.4
2025-06-12 02:30:00,12.2
2025-06-12 05:26:00,59.3
2025-06-12 12:13:00,92.1
2025-06-12 09:25:00,68.2
2025-06-12 08:34:00,41.4
2025-06-12 23:17:00,50.492298592215775
2025-06-12 21:20:00,46.0
2025-06-12 19:14:00,50.492298592215775
2025-06-12 01:32:00,74.0
2025-06-12 01:11:00,34.5
2025-06-12 21:14:00,20.5
2025-06-12 07:41:00,64.8
2025-06-12 20:20:00,42.4
2025-06-12 11:57:00,99.8
2025-06-12 07:16:00,27.6
2025-06-12 12:30:00,4.5
2025-06-12 22:13:00,76.5
2025-06-12 08:52:00,61.6
2025-06-12 04:45:00,72.9
2025-06-12 23:14:00,87.0
2025-06-12 18:02:00,31.2
2025-06-12 10:05:00,91.8
2025-06-12 10:04:00,50.492298592215775
2025-06-12 05:19:00,56.2
2025-06-12 04:36:00,81.1
2025-06-12 19:07:00,42.2
2025-06-12 13:32:00,57.5
2025-06-12 12:21:00,95.8
2025-06-12 10:03:00,39.8
2025-06-12 15:05:00,21.7
2025-06-12 02:44:00,50.492298592215775
2025-06-12 05:45:00,50.492298592215775
2025-06-12 05:12:00,8.0
2025-06-12 19:40:00,84.9
2025-06-12 03:47:00,2.1
2025-06-12 02:12:00,14.7
2025-06-12 01:37:00,82.2
2025-06-12 19:04:00,50.492298592215775
2025-06-12 20:36:00,48.7
2025-06-12 22:39:00,13.9
2025-06-12 07:26:00,16.8
2025-06-12 23:49:00,8.8
2025-06-12 11:48:00,37.7
2025-06-12 21:10:00,29.9
2025-06-12 15:20:00,50.492298592215775
2025-06-12 15:56:00,51.5
2025-06-12 06:58:00,7.8
2025-06-12 16:53:00,9.1
2025-06-12 08:27:00,82.5
2025-06-12 21:19:00,10.4
2025-06-12 07:28:00,11.1
2025-06-12 19:57:00,27.3
2025-06-12 00:35:00,11.6
2025-06-12 20:30:00,50.492298592215775
2025-06-12 02:32:00,78.6
2025-06-12 06:39:00,86.5
2025-06-12 11:24:00,95.4
2025-06-12 13:28:00,0.2
2025-06-12 00:57:00,73.8
2025-06-12 19:34:00,50.492298592215775
2025-06-12 15:04:00,50.492298592215775
2025-06-12 12:45:00,13.3
2025-06-12 16:01:00,50.492298592215775
2025-06-12 11:01:00,47.7
2025-06-12 11:47:00,79.8
2025-06-12 07:49:00,18.9
2025-06-12 01:39:00,45.2
2025-06-12 00:14:00,76.6
2025-06-12 12:16:00,46.5
2025-06-12 00:13:00,50.492298592215775
2025-06-12 21:45:00,34.7
2025-06-12 16:02:00,51.6
2025-06-12 22:06:00,64.1
2025-06-12 12:35:00,7.5
2025-06-12 11:19:00,30.9
2025-06-12 02:41:00,57.6
2025-06-12 07:08:00,36.4
2025-06-12 14:39:00,74.1
2025-06-12 03:12:00,88.5
2025-06-12 06:44:00,95.2
2025-06-12 07:16:00,52.9
2025-06-12 11:18:00,50.492298592215775
2025-06-12 14:14:00,8.0
2025-06-12 10:08:00,18.0
2025-06-12 19:11:00,69.1
2025-06-12 19:06:00,42.6
2025-06-12 20:28:00,4.8
2025-06-12 22:37:00,50.492298592215775
2025-06-12 01:01:00,27.9
2025-06-12 03:21:00,4.4
2025-06-12 12:07:00,5.1
2025-06-12 18:19:00,19.1
2025-06-12 23:41:00,95.6
2025-06-12 19:09:00,91.2
2025-06-12 02:31:00,53.7
2025-06-12 14:00:00,86.2
2025-06-12 12:33:00,69.2
2025-06-12 12:03:00,50.492298592215775
2025-06-12 03:17:00,50.492298592215775
2025-06-12 00:58:00,69.7
2025-06-12 16:19:00,50.492298592215775
2025-06-12 07:19:00,44.2
2025-06-12 02:05:00,67.3
2025-06-12 09:39:00,68.9
2025-06-12 22:38:00,64.3
2025-06-12 16:08:00,71.8
2025-06-12 05:53:00,2.5
2025-06-12 16:27:00,12.7
2025-06-12 03:38:00,88.8
2025-06-12 04:04:00,68.8
2025-06-12 15:16:00,48.7
2025-06-12 21:56:00,50.492298592215775
2025-06-12 20:26:00,0.9
2025-06-12 08:35:00,58.4
2025-06-12 11:01:00,32.4
2025-06-12 03:52:00,26.8
2025-06-12 17:38:00,50.492298592215775
2025-06-12 19:19:00,27.3
2025-06-12 07:28:00,50.492298592215775
2025-06-12 16:08:00,25.9
2025-06-12 06:32:00,50.492298592215775
2025-06-12 20:09:00,86.1
2025-06-12 06:12:00,84.8
2025-06-12 21:55:00,50.492298592215775
2025-06-12 03:04:00,76.7
2025-06-12 09:52:00,4.7
2025-06-12 14:09:00,60.1
2025-06-12 01:06:00,46.0
2025-06-12 18:56:00,53.5
2025-06-12 21:41:00,83.4
2025-06-12 10:25:00,42.3
2025-06-12 07:31:00,88.5
2025-06-12 21:37:00,20.5
2025-06-12 02:00:00,74.1
2025-06-12 01:02:00,77.4
2025-06-12 03:37:00,8.6
2025-06-12 01:38:00,86.1
2025-06-12 17:15:00,95.0
2025-06-12 23:26:00,50.492298592215775
2025-06-12 14:12:00,50.492298592215775
2025-06-12 16:56:00,88.5
2025-06-12 18:07:00,15.4
2025-06-12 12:39:00,61.5
2025-06-12 14:11:00,69.6
2025-06-12 11:17:00,91.1
2025-06-12 01:31:00,83.4
2025-06-12 06:51:00,91.8
2025-06-12 17:37:00,99.8
2025-06-12 10:18:00,97.9
2025-06-12 14:19:00,17.0
2025-06-12 01:16:00,52.2
2025-06-12 19:59:00,22.9
2025-06-12 13:40:00,89.4
2025-06-12 04:56:00,50.492298592215775
2025-06-12 03:40:00,87.5
2025-06-12 08:03:00,28.4
2025-06-12 05:47:00,65.8
2025-06-12 15:37:00,50.492298592215775
2025-06-12 02:47:00,27.9
2025-06-12 10:32:00,50.8
2025-06-12 11:29:00,27.6
2025-06-12 02:06:00,3.7
2025-06-12 17:04:00,80.8
2025-06-12 01:35:00,50.492298592215775
2025-06-12 14:29:00,64.2
2025-06-12 14:58:00,74.3
2025-06-12 19:55:00,50.190676567656766
2025-06-12 09:24:00,73.7
2025-06-12 20:19:00,50.190676567656766
2025-06-12 02:35:00,50.190676567656766
2025-06-12 06:38:00,11.2
2025-06-12 13:05:00,18.5
2025-06-12 06:41:00,95.7
2025-06-12 05:04:00,98.7
2025-06-12 17:06:00,9.3
2025-06-12 13:44:00,14.4
2025-06-12 00:02:00,81.0
2025-06-12 18:42:00,39.7
2025-06-12 02:55:00,20.2
2025-06-12 17:18:00,19.1
2025-06-12 13:42:00,68.4
2025-06-12 12:05:00,2.0
2025-06-12 23:55:00,50.190676567656766
2025-06-12 15:15:00,32.2
2025-06-12 18:02:00,49.3
2025-06-12 03:51:00,50.190676567656766
2025-06-12 09:17:00,50.190676567656766
2025-06-12 22:24:00,15.5
2025-06-12 04:38:00,51.7
2025-06-12 09:31:00,22.5
2025-06-12 16:17:00,17.3
2025-06-12 13:01:00,68.5
2025-06-12 07:21:00,60.8
2025-06-12 19:41:00,27.9
2025-06-12 02:42:00,20.4
2025-06-12 00:37:00,36.2
2025-06-12 23:09:00,61.4
2025-06-12 09:00:00,92.0
2025-06-12 00:11:00,16.9
2025-06-12 11:11:00,25.7
2025-06-12 22:27:00,5.3
2025-06-12 15:31:00,41.6
2025-06-12 16:53:00,74.8
2025-06-12 14:52:00,2.1
2025-06-12 09:04:00,50.190676567656766
2025-06-12 14:04:00,88.5
2025-06-12 11:24:00,36.7
2025-06-12 21:50:00,39.7
2025-06-12 04:57:00,50.190676567656766
2025-06-12 18:10:00,58.1
2025-06-12 07:24:00,99.2
2025-06-12 04:35:00,21.8
2025-06-12 04:04:00,15.0
2025-06-12 03:18:00,56.9
2025-06-12 19:58:00,19.2
2025-06-12 10:54:00,50.190676567656766
2025-06-12 04:36:00,50.190676567656766
2025-06-12 14:08:00,50.190676567656766
2025-06-12 18:03:00,88.7
2025-06-12 01:49:00,14.7
2025-06-12 03:52:00,22.3
2025-06-12 00:40:00,17.2
2025-06-12 13:40:00,50.190676567656766
2025-06-12 18:18:00,73.6
2025-06-12 15:53:00,47.6
2025-06-12 15:11:00,66.8
2025-06-12 17:19:00,72.0
2025-06-12 05:07:00,9.4
2025-06-12 18:21:00,89.6
2025-06-12 15:54:00,30.5
2025-06-12 01:26:00,50.190676567656766
2025-06-12 01:51:00,43.0
2025-06-12 20:30:00,51.3
2025-06-12 07:49:00,74.2
2025-06-12 05:45:00,9.7
2025-06-12 21:35:00,50.190676567656766
2025-06-12 10:34:00,50.190676567656766
2025-06-12 19:08:00,54.4
2025-06-12 01:08:00,75.3
2025-06-12 00:02:00,18.6
2025-06-12 11:55:00,50.190676567656766
2025-06-12 08:32:00,0.1
2025-06-12 08:24:00,25.9
2025-06-12 00:43:00,1.5
2025-06-12 23:55:00,87.0
2025-06-12 21:07:00,22.1
2025-06-12 13:18:00,1.6
2025-06-12 05:19:00,50.190676567656766
2025-06-12 03:04:00,83.6
2025-06-12 23:03:00,50.190676567656766
2025-06-12 14:48:00,50.190676567656766
2025-06-12 00:32:00,29.0
2025-06-12 22:57:00,82.9
2025-06-12 16:59:00,44.6
2025-06-12 07:12:00,52.9
2025-06-12 12:57:00,50.8
2025-06-12 04:17:00,46.1
2025-06-12 09:10:00,13.0
2025-06-12 14:45:00,62.8
2025-06-12 18:40:00,82.6
2025-06-12 15:36:00,98.7
2025-06-12 15:41:00,19.2
2025-06-12 03:50:00,24.1
2025-06-12 18:09:00,50.190676567656766
2025-06-12 22:30:00,50.190676567656766
2025-06-12 04:34:00,50.190676567656766
2025-06-12 21:29:00,44.9
2025-06-12 14:39:00,75.1
2025-06-12 11:22:00,5.8
2025-06-12 00:50:00,95.3
2025-06-12 06:50:00,52.7
2025-06-12 15:33:00,50.190676567656766
2025-06-12 03:34:00,50.190676567656766
2025-06-12 20:50:00,83.0
2025-06-12 09:50:00,97.2
2025-06-12 14:22:00,95.0
2025-06-12 12:53:00,50.190676567656766
2025-06-12 12:25:00,13.3
2025-06-12 20:39:00,18.1
2025-06-12 22:36:00,25.5
2025-06-12 22:52:00,35.9
2025-06-12 05:38:00,88.0
2025-06-12 01:52:00,83.9
2025-06-12 07:18:00,40.0
2025-06-12 10:03:00,56.6
2025-06-12 06:57:00,50.190676567656766
2025-06-12 08:57:00,24.8
2025-06-12 09:44:00,89.7
2025-06-12 00:01:00,50.190676567656766
2025-06-12 05:58:00,32.4
2025-06-12 08:59:00,35.9
2025-06-12 00:35:00,76.4
2025-06-12 06:37:00,50.190676567656766
2025-06-12 17:27:00,50.190676567656766
2025-06-12 20:58:00,50.190676567656766
2025-06-12 02:44:00,34.9
2025-06-12 14:55:00,92.7
2025-06-12 07:24:00,54.4
2025-06-12 20:35:00,50.190676567656766
2025-06-12 09:26:00,94.3
2025-06-12 23:36:00,22.4
2025-06-12 15:12:00,66.7
2025-06-12 19:54:00,68.7
2025-06-12 12:10:00,20.1
2025-06-12 23:44:00,59.0
2025-06-12 13:34:00,29.7
2025-06-12 19:18:00,35.5
2025-06-12 19:43:00,42.2
2025-06-12 06:49:00,50.190676567656766
2025-06-12 07:47:00,61.6
2025-06-12 07:02:00,21.0
2025-06-12 23:03:00,5.2
2025-06-12 03:50:00,37.6
2025-06-12 01:34:00,42.4
2025-06-12 21:24:00,89.2
2025-06-12 09:29:00,21.6
2025-06-12 18:25:00,62.9
2025-06-12 10:19:00,32.4
2025-06-12 17:58:00,31.3
2025-06-12 13:15:00,50.190676567656766
2025-06-12 22:16:00,50.190676567656766
2025-06-12 10:39:00,50.190676567656766
2025-06-12 20:35:00,26.6
2025-06-12 13:19:00,94.2
2025-06-12 20:10:00,51.8
2025-06-12 05:28:00,14.2
2025-06-12 20:04:00,90.7
2025-06-12 03:54:00,95.1
2025-06-12 04:04:00,71.0
2025-06-12 17:03:00,63.6
2025-06-12 04:23:00,9.9
2025-06-12 19:17:00,19.8
2025-06-12 11:15:00,60.6
2025-06-12 05:55:00,36.6
2025-06-12 03:19:00,66.6
2025-06-12 17:42:00,94.2
2025-06-12 10:21:00,50.190676567656766
2025-06-12 07:16:00,9.7
2025-06-12 14:23:00,51.6
2025-06-12 07:38:00,50.190676567656766
2025-06-12 03:27:00,43.1
2025-06-12 08:31:00,61.8
2025-06-12 01:35:00,54.3
2025-06-12 03:48:00,50.190676567656766
2025-06-12 02:56:00,95.7
2025-06-12 08:45:00,50.190676567656766
2025-06-12 02:29:00,8.5
2025-06-12 19:19:00,19.9
2025-06-12 05:03:00,13.8
2025-06-12 19:05:00,50.190676567656766
2025-06-12 23:46:00,50.190676567656766
2025-06-12 21:57:00,45.6
2025-06-12 04:16:00,17.8
2025-06-12 03:21:00,48.8
2025-06-12 17:23:00,48.8
2025-06-12 06:29:00,5.0
2025-06-12 05:51:00,50.190676567656766
2025-06-12 03:05:00,92.8
2025-06-12 03:11:00,45.8
2025-06-12 16:00:00,50.190676567656766
2025-06-12 16:03:00,25.6
2025-06-12 01:19:00,83.1
2025-06-12 15:10:00,39.9
2025-06-12 22:24:00,49.9
2025-06-12 11:54:00,87.0
2025-06-12 17:57:00,8.1
2025-06-12 07:34:00,13.0
2025-06-12 07:37:00,2.1
2025-06-12 03:07:00,50.190676567656766
2025-06-12 00:37:00,86.0
2025-06-12 10:32:00,57.0
2025-06-12 06:54:00,80.7
2025-06-12 02:59:00,15.1
2025-06-12 21:36:00,11.4
2025-06-12 08:23:00,18.8
2025-06-12 18:10:00,50.190676567656766
2025-06-12 17:39:00,50.7
2025-06-12 11:20:00,50.190676567656766
2025-06-12 20:13:00,88.1
2025-06-12 10:24:00,9.8
2025-06-12 17:24:00,88.3
2025-06-12 02:39:00,69.7
2025-06-12 09:33:00,29.2
2025-06-12 04:16:00,96.9
2025-06-12 10:51:00,82.3
2025-06-12 16:55:00,80.7
2025-06-12 22:27:00,78.1
2025-06-12 07:06:00,74.0
2025-06-12 17:30:00,100.0
2025-06-12 12:49:00,46.8
2025-06-12 17:23:00,12.3
2025-06-12 13:03:00,67.6
2025-06-12 08:34:00,50.190676567656766
2025-06-12 00:07:00,89.2
2025-06-12 11:47:00,10.3
2025-06-12 13:41:00,40.3
2025-06-12 13:04:00,43.5
2025-06-12 08:19:00,19.5
2025-06-12 23:48:00,50.190676567656766
2025-06-12 07:49:00,50.190676567656766
2025-06-12 12:29:00,98.2
2025-06-12 11:33:00,64.5
2025-06-12 14:45:00,58.9
2025-06-12 13:17:00,20.8
2025-06-12 11:25:00,50.190676567656766
2025-06-12 21:20:00,24.0
2025-06-12 12:59:00,50.190676567656766
2025-06-12 14:39:00,97.4
2025-06-12 20:53:00,43.0
2025-06-12 21:49:00,45.9
2025-06-12 23:09:00,4.3
2025-06-12 15:50:00,50.190676567656766
2025-06-12 10:18:00,80.6
2025-06-12 09:06:00,95.1
2025-06-12 00:42:00,24.1
2025-06-12 19:08:00,50.190676567656766
2025-06-12 04:08:00,30.7
2025-06-12 05:02:00,33.9
2025-06-12 03:18:00,57.2
2025-06-12 06:39:00,4.9
2025-06-12 07:16:00,86.7
2025-06-12 07:15:00,46.7
2025-06-12 18:55:00,19.7
2025-06-12 21:30:00,69.0
2025-06-12 10:45:00,31.2
2025-06-12 13:40:00,91.6
2025-06-12 09:27:00,50.190676567656766
2025-06-12 06:55:00,57.3
2025-06-12 05:02:00,14.2
2025-06-12 09:51:00,62.2
2025-06-12 00:53:00,13.0
2025-06-12 20:27:00,98.3
2025-06-12 17:05:00,5.0
2025-06-12 12:33:00,58.0
2025-06-12 13:51:00,80.2
2025-06-12 14:24:00,2.8
2025-06-12 01:48:00,14.2
2025-06-12 19:39:00,32.4
2025-06-12 03:35:00,97.0
2025-06-12 08:22:00,50.190676567656766
2025-06-12 06:35:00,51.0
2025-06-12 15:12:00,20.0
2025-06-12 11:51:00,57.4
2025-06-12 19:21:00,29.4
2025-06-12 14:40:00,3.8
2025-06-12 17:53:00,18.1
2025-06-12 17:29:00,50.190676567656766
2025-06-12 22:27:00,48.7
2025-06-12 04:11:00,4.6
2025-06-12 19:41:00,88.7
2025-06-12 00:06:00,25.8
2025-06-12 05:13:00,14.6
2025-06-12 03:12:00,96.5
2025-06-12 03:48:00,45.3
2025-06-12 13:49:00,34.4
2025-06-12 06:25:00,59.3
2025-06-12 12:53:00,47.1
2025-06-12 23:42:00,42.5
2025-06-12 12:56:00,25.1
2025-06-12 21:28:00,50.8
2025-06-12 22:00:00,50.7
2025-06-12 08:57:00,15.3
2025-06-12 22:00:00,97.5
2025-06-12 10:18:00,50.190676567656766
2025-06-12 02:11:00,7.3
2025-06-12 19:28:00,50.190676567656766
2025-06-12 02:59:00,61.0
2025-06-12 11:43:00,54.3
2025-06-12 21:23:00,81.2
2025-06-12 23:04:00,29.8
2025-06-12 03:47:00,13.3
2025-06-12 00:10:00,10.7
2025-06-12 09:41:00,15.8
2025-06-12 16:59:00,5.8
2025-06-12 17:37:00,60.5
2025-06-12 11:46:00,95.9
2025-06-12 10:46:00,28.4
2025-06-12 00:56:00,50.190676567656766
2025-06-12 08:28:00,60.6
2025-06-12 09:35:00,33.6
2025-06-12 21:07:00,16.5
2025-06-12 14:50:00,86.8
2025-06-12 19:17:00,75.9
2025-06-12 05:53:00,12.4
2025-06-12 02:34:00,96.2
2025-06-12 12:45:00,4.4
2025-06-12 17:21:00,53.2
2025-06-12 02:31:00,60.6
2025-06-12 17:09:00,34.0
2025-06-12 07:11:00,7.4
2025-06-12 03:16:00,54.0
2025-06-12 07:11:00,50.190676567656766
2025-06-12 15:29:00,50.190676567656766
2025-06-12 18:29:00,40.9
2025-06-12 16:33:00,52.3
2025-06-12 05:06:00,22.1
2025-06-12 01:58:00,97.9
2025-06-12 15:33:00,65.3
2025-06-12 17:35:00,78.8
2025-06-12 11:31:00,6.6
2025-06-12 22:54:00,27.2
2025-06-12 06:14:00,66.0
2025-06-12 03:22:00,36.0
2025-06-12 15:15:00,74.5
2025-06-12 04:41:00,91.0
2025-06-12 07:33:00,49.0
2025-06-12 21:18:00,65.7
2025-06-12 10:34:00,18.3
2025-06-12 16:50:00,50.190676567656766
2025-06-12 20:54:00,99.9
2025-06-12 21:36:00,15.7
2025-06-12 02:42:00,23.7
2025-06-12 13:17:00,19.0
2025-06-12 18:07:00,49.69925181201777
2025-06-12 01:02:00,13.4
2025-06-12 01:29:00,58.5
2025-06-12 11:59:00,99.1
2025-06-12 17:44:00,17.3
2025-06-12 20:25:00,49.69925181201777
2025-06-12 09:33:00,42.7
2025-06-12 22:28:00,28.6
2025-06-12 19:53:00,49.69925181201777
2025-06-12 17:03:00,0.2
2025-06-12 08:49:00,1.9
2025-06-12 19:25:00,63.5
2025-06-12 10:56:00,96.5
2025-06-12 16:19:00,49.69925181201777
2025-06-12 20:04:00,76.2
2025-06-12 22:53:00,49.69925181201777
2025-06-12 20:31:00,69.7
2025-06-12 01:09:00,6.0
2025-06-12 15:12:00,47.5
2025-06-12 05:00:00,49.69925181201777
2025-06-12 07:26:00,29.5
2025-06-12 02:13:00,0.8
2025-06-12 16:35:00,44.7
2025-06-12 23:17:00,31.7
2025-06-12 02:51:00,61.3
2025-06-12 20:27:00,21.9
2025-06-12 12:18:00,49.3
2025-06-12 14:27:00,48.8
2025-06-12 09:54:00,66.3
2025-06-12 11:03:00,50.4
2025-06-12 09:06:00,94.6
2025-06-12 02:36:00,20.1
2025-06-12 20:22:00,36.8
2025-06-12 17:28:00,49.69925181201777
2025-06-12 21:37:00,23.2
2025-06-12 20:00:00,76.5
2025-06-12 23:53:00,18.1
2025-06-12 08:53:00,100.0
2025-06-12 16:47:00,71.1
2025-06-12 14:50:00,87.0
2025-06-12 15:28:00,69.4
2025-06-12 19:32:00,36.3
2025-06-12 13:07:00,86.8
2025-06-12 15:16:00,20.1
2025-06-12 07:27:00,35.3
2025-06-12 06:10:00,49.69925181201777
2025-06-12 21:18:00,18.6
2025-06-12 23:50:00,65.9
2025-06-12 08:44:00,84.8
2025-06-12 16:05:00,89.6
2025-06-12 15:58:00,25.0
2025-06-12 01:17:00,17.8
2025-06-12 22:43:00,51.2
2025-06-12 07:17:00,49.69925181201777
2025-06-12 20:08:00,41.0
2025-06-12 11:50:00,49.9
2025-06-12 21:38:00,4.7
2025-06-12 04:18:00,79.4
2025-06-12 13:33:00,92.6
2025-06-12 08:22:00,29.4
2025-06-12 14:40:00,8.6
2025-06-12 04:04:00,70.5
2025-06-12 01:41:00,85.2
2025-06-12 19:04:00,4.1
2025-06-12 23:03:00,49.69925181201777
2025-06-12 14:25:00,23.8
2025-06-12 01:12:00,15.0
2025-06-12 05:56:00,45.3
2025-06-12 20:42:00,48.9
2025-06-12 22:18:00,30.2
2025-06-12 14:26:00,34.1
2025-06-12 22:22:00,29.0
2025-06-12 17:46:00,78.2
2025-06-12 12:56:00,80.6
2025-06-12 01:00:00,8.8
2025-06-12 23:41:00,98.9
2025-06-12 06:12:00,49.69925181201777
2025-06-12 02:53:00,41.6
2025-06-12 13:53:00,53.2
2025-06-12 11:49:00,10.0
2025-06-12 22:22:00,21.2
2025-06-12 02:46:00,24.3
2025-06-12 21:44:00,28.1
2025-06-12 19:05:00,40.0
2025-06-12 06:30:00,60.6
2025-06-12 03:08:00,26.1
2025-06-12 17:13:00,1.1
2025-06-12 16:58:00,43.4
2025-06-12 03:12:00,29.6
2025-06-12 03:56:00,81.8
2025-06-12 20:08:00,49.69925181201777
2025-06-12 21:25:00,90.2
2025-06-12 06:29:00,49.69925181201777
2025-06-12 10:35:00,63.0
2025-06-12 10:25:00,30.2
2025-06-12 04:53:00,60.0
2025-06-12 22:43:00,90.8
2025-06-12 18:13:00,86.4
2025-06-12 13:37:00,79.2
2025-06-12 03:36:00,49.69925181201777
2025-06-12 09:09:00,26.1
2025-06-12 03:07:00,64.0
2025-06-12 10:33:00,47.0
2025-06-12 19:58:00,39.7
2025-06-12 12:44:00,49.69925181201777
2025-06-12 16:26:00,68.5
2025-06-12 01:39:00,81.5
2025-06-12 22:32:00,42.8
2025-06-12 15:22:00,26.9
2025-06-12 02:15:00,49.69925181201777
2025-06-12 23:34:00,29.5
2025-06-12 04:14:00,26.5
2025-06-12 07:39:00,58.1
2025-06-12 05:22:00,49.69925181201777
2025-06-12 22:30:00,60.1
2025-06-12 17:28:00,63.9
2025-06-12 20:08:00,98.6
2025-06-12 20:35:00,86.2
2025-06-12 01:04:00,69.4
2025-06-12 04:48:00,59.6
2025-06-12 20:55:00,98.2
2025-06-12 11:41:00,49.69925181201777
2025-06-12 04:34:00,17.0
2025-06-12 18:58:00,25.6
2025-06-12 17:58:00,91.0
2025-06-12 03:04:00,79.8
2025-06-12 22:49:00,10.9
2025-06-12 08:26:00,45.2
2025-06-12 02:47:00,64.4
2025-06-12 10:25:00,49.69925181201777
2025-06-12 04:01:00,61.5
2025-06-12 04:36:00,43.4
2025-06-12 14:18:00,49.69925181201777
2025-06-12 07:41:00,13.1
2025-06-12 01:23:00,98.6
2025-06-12 14:47:00,68.5
2025-06-12 13:03:00,25.2
2025-06-12 16:43:00,12.2
2025-06-12 06:12:00,72.2
2025-06-12 18:48:00,71.6
2025-06-12 06:54:00,60.6
2025-06-12 22:30:00,67.5
2025-06-12 16:58:00,73.8
2025-06-12 19:15:00,13.9
2025-06-12 19:33:00,49.69925181201777
2025-06-12 19:36:00,0.7
2025-06-12 01:02:00,23.0
2025-06-12 11:07:00,85.0
2025-06-12 19:23:00,49.69925181201777
2025-06-12 11:11:00,68.8
2025-06-12 17:48:00,95.6
2025-06-12 04:22:00,61.0
2025-06-12 09:12:00,24.1
2025-06-12 11:34:00,79.7
2025-06-12 15:46:00,27.7
2025-06-12 08:15:00,49.69925181201777
2025-06-12 17:40:00,41.7
2025-06-12 22:20:00,37.6
2025-06-12 11:54:00,94.2
2025-06-12 17:18:00,24.7
2025-06-12 16:22:00,49.69925181201777
2025-06-12 22:50:00,65.3
2025-06-12 01:40:00,95.9
2025-06-12 04:46:00,49.69925181201777
2025-06-12 14:04:00,49.69925181201777
2025-06-12 20:45:00,45.0
2025-06-12 10:38:00,22.2
2025-06-12 04:16:00,49.69925181201777
2025-06-12 06:07:00,10.9
2025-06-12 07:20:00,71.9
2025-06-12 23:49:00,87.7
2025-06-12 15:58:00,74.1
2025-06-12 13:12:00,99.1
2025-06-12 15:20:00,45.9
2025-06-12 01:30:00,54.2
2025-06-12 01:01:00,50.6
2025-06-12 05:41:00,50.8
2025-06-12 22:20:00,49.69925181201777
2025-06-12 04:58:00,51.8
2025-06-12 22:08:00,53.8
2025-06-12 05:49:00,53.6
2025-06-12 01:51:00,49.69925181201777
2025-06-12 12:33:00,11.9
2025-06-12 22:26:00,36.4
2025-06-12 22:43:00,8.2
2025-06-12 11:27:00,83.9
2025-06-12 12:02:00,19.2
2025-06-12 07:21:00,70.3
2025-06-12 21:05:00,94.9
2025-06-12 19:02:00,95.7
2025-06-12 11:36:00,49.69925181201777
2025-06-12 11:46:00,26.9
2025-06-12 02:30:00,90.0
2025-06-12 11:30:00,61.2
2025-06-12 04:09:00,9.6
2025-06-12 16:20:00,38.5
2025-06-12 00:03:00,61.7
2025-06-12 10:02:00,93.1
2025-06-12 21:17:00,94.9
2025-06-12 18:35:00,49.69925181201777
2025-06-12 04:29:00,55.5
2025-06-12 17:56:00,49.69925181201777
2025-06-12 20:03:00,96.3
2025-06-12 08:11:00,38.6
2025-06-12 17:42:00,47.7
2025-06-12 08:32:00,49.69925181201777
2025-06-12 07:20:00,53.8
2025-06-12 15:04:00,60.4
2025-06-12 09:18:00,49.69925181201777
2025-06-12 02:22:00,28.7
2025-06-12 23:23:00,33.9
2025-06-12 11:11:00,83.6
2025-06-12 13:54:00,73.6
2025-06-12 03:02:00,87.7
2025-06-12 17:43:00,99.0
2025-06-12 03:36:00,52.7
2025-06-12 17:26:00,56.4
2025-06-12 06:14:00,9.9
2025-06-12 16:39:00,69.5
2025-06-12 18:53:00,78.5
2025-06-12 19:55:00,82.9
2025-06-12 17:56:00,56.9
2025-06-12 16:29:00,45.1
2025-06-12 09:20:00,58.0
2025-06-12 01:30:00,39.3
2025-06-12 03:09:00,52.5
2025-06-12 06:27:00,76.8
2025-06-12 14:08:00,14.6
2025-06-12 01:33:00,18.1
2025-06-12 19:36:00,49.69925181201777
2025-06-12 08:03:00,0.4
2025-06-12 06:35:00,74.1
2025-06-12 03:50:00,79.3
2025-06-12 02:11:00,96.5
2025-06-12 04:59:00,87.6
2025-06-12 14:22:00,46.5
2025-06-12 06:56:00,99.4
2025-06-12 05:09:00,49.69925181201777
2025-06-12 23:41:00,71.4
2025-06-12 16:19:00,49.69925181201777
2025-06-12 01:57:00,2.8
2025-06-12 15:38:00,49.69925181201777
2025-06-12 15:55:00,49.69925181201777
2025-06-12 14:58:00,57.3
2025-06-12 05:23:00,67.7
2025-06-12 22:17:00,6.6
2025-06-12 04:20:00,69.4
2025-06-12 16:37:00,35.2
2025-06-12 07:43:00,63.8
2025-06-12 15:00:00,5.5
2025-06-12 14:35:00,67.1
2025-06-12 12:56:00,37.5
2025-06-12 17:48:00,16.9
2025-06-12 07:13:00,69.7
2025-06-12 00:08:00,83.9
2025-06-12 01:47:00,4.3
2025-06-12 22:41:00,22.2
2025-06-12 16:38:00,50.2
2025-06-12 23:01:00,19.4
2025-06-12 22:06:00,88.1
2025-06-12 03:36:00,70.6
2025-06-12 17:18:00,48.0
2025-06-12 23:49:00,54.8
2025-06-12 15:54:00,35.4
2025-06-12 01:39:00,53.5
2025-06-12 01:04:00,82.0
2025-06-12 15:30:00,36.5
2025-06-12 06:11:00,18.6
2025-06-12 22:39:00,58.2
2025-06-12 11:42:00,23.5
2025-06-12 05:59:00,3.2
2025-06-12 10:34:00,75.5
2025-06-12 01:16:00,49.69925181201777
2025-06-12 04:01:00,17.5
2025-06-12 08:11:00,76.1
2025-06-12 07:31:00,49.69925181201777
2025-06-12 17:05:00,27.8
2025-06-12 02:15:00,25.0
2025-06-12 23:53:00,49.69925181201777
2025-06-12 06:32:00,93.6
2025-06-12 18:55:00,6.4
2025-06-12 11:05:00,42.0
2025-06-12 15:08:00,49.69925181201777
2025-06-12 11:56:00,44.1
2025-06-12 09:24:00,69.6
2025-06-12 22:39:00,96.4
2025-06-12 08:17:00,28.3
2025-06-12 08:41:00,49.69925181201777
2025-06-12 17:49:00,61.2
2025-06-12 10:48:00,83.6
2025-06-12 04:25:00,34.4
2025-06-12 10:34:00,49.69925181201777
2025-06-12 17:39:00,24.1
2025-06-12 00:47:00,79.0
2025-06-12 03:52:00,18.3
2025-06-12 12:55:00,49.69925181201777
2025-06-12 13:40:00,83.0
2025-06-12 18:16:00,84.2
2025-06-12 19:38:00,72.4
2025-06-12 13:16:00,85.6
2025-06-12 05:01:00,2.7
2025-06-12 10:16:00,9.8
2025-06-12 11:39:00,1.7
2025-06-12 10:45:00,63.2
2025-06-12 14:46:00,74.5
2025-06-12 07:56:00,9.6
2025-06-12 14:41:00,85.5
2025-06-12 20:35:00,93.5
2025-06-12 23:57:00,97.7
2025-06-12 15:56:00,9.7
2025-06-12 03:54:00,22.1
2025-06-12 02:30:00,49.69925181201777
2025-06-12 08:28:00,18.7
2025-06-12 20:14:00,1.7
2025-06-12 02:06:00,8.5
2025-06-12 05:10:00,39.8
2025-06-12 08:19:00,79.3
2025-06-12 12:33:00,92.1
2025-06-12 17:41:00,18.2
2025-06-12 02:19:00,86.6
2025-06-12 17:19:00,49.69925181201777
2025-06-12 20:14:00,61.6
2025-06-12 16:08:00,82.5
2025-06-12 09:37:00,91.4
2025-06-12 15:02:00,54.1
2025-06-12 19:27:00,49.69925181201777
2025-06-12 18:47:00,97.5
2025-06-12 01:16:00,10.7
2025-06-12 15:00:00,29.0
2025-06-12 14:02:00,27.7
2025-06-12 01:29:00,49.69925181201777
2025-06-12 13:10:00,11.8
2025-06-12 12:27:00,30.6
2025-06-12 22:40:00,29.7
2025-06-12 08:11:00,20.8
2025-06-12 11:20:00,61.8
2025-06-12 08:53:00,74.9
2025-06-12 15:22:00,92.7
2025-06-12 14:58:00,20.4
2025-06-12 10:47:00,46.5
2025-06-12 18:37:00,50.9
2025-06-12 12:31:00,49.69925181201777
2025-06-12 16:22:00,71.3
2025-06-12 12:53:00,49.69925181201777
2025-06-12 00:17:00,4.1
2025-06-12 19:52:00,33.4
2025-06-12 15:45:00,81.9
2025-06-12 13:15:00,48.5
2025-06-12 16:04:00,87.9
2025-06-12 20:44:00,65.2
2025-06-12 23:35:00,8.1
2025-06-12 05:05:00,67.1
2025-06-12 00:36:00,98.8
2025-06-12 02:31:00,39.6
2025-06-12 19:14:00,50.15234640140434
2025-06-12 05:52:00,83.9
2025-06-12 18:40:00,11.3
2025-06-12 09:54:00,21.8
2025-06-12 14:14:00,94.8
2025-06-12 05:54:00,4.5
2025-06-12 18:17:00,50.15234640140434
2025-06-12 11:11:00,8.0
2025-06-12 13:54:00,36.6
2025-06-12 14:27:00,67.6
2025-06-12 06:49:00,50.15234640140434
2025-06-12 14:35:00,88.8
2025-06-12 18:56:00,57.9
2025-06-12 23:18:00,82.4
2025-06-12 23:50:00,42.8
2025-06-12 18:18:00,5.6
2025-06-12 06:48:00,50.15234640140434
2025-06-12 21:48:00,50.15234640140434
2025-06-12 15:33:00,67.3
2025-06-12 10:10:00,61.4
2025-06-12 22:32:00,71.9
2025-06-12 11:37:00,14.7
2025-06-12 11:24:00,65.7
2025-06-12 20:05:00,9.6
2025-06-12 05:29:00,16.9
2025-06-12 02:20:00,12.8
2025-06-12 15:33:00,59.6
2025-06-12 18:32:00,10.4
2025-06-12 23:22:00,49.3
2025-06-12 11:16:00,50.15234640140434
2025-06-12 13:37:00,58.7
2025-06-12 12:27:00,59.0
2025-06-12 05:46:00,33.5
2025-06-12 12:49:00,50.15234640140434
2025-06-12 16:04:00,22.2
2025-06-12 09:40:00,50.15234640140434
2025-06-12 17:25:00,67.9
2025-06-12 18:49:00,72.3
2025-06-12 15:24:00,16.4
2025-06-12 23:36:00,35.9
2025-06-12 22:53:00,4.5
2025-06-12 15:13:00,39.8
2025-06-12 13:26:00,83.4
2025-06-12 16:57:00,90.5
2025-06-12 21:13:00,78.4
2025-06-12 16:29:00,35.5
2025-06-12 19:36:00,97.3
2025-06-12 14:09:00,50.15234640140434
2025-06-12 12:08:00,50.7
2025-06-12 13:58:00,71.8
2025-06-12 08:09:00,47.4
2025-06-12 23:01:00,89.5
2025-06-12 21:53:00,93.1
2025-06-12 07:09:00,61.0
2025-06-12 23:15:00,50.15234640140434
2025-06-12 02:59:00,50.15234640140434
2025-06-12 04:36:00,43.4
2025-06-12 01:57:00,68.6
2025-06-12 15:31:00,50.15234640140434
2025-06-12 18:58:00,42.8
2025-06-12 19:53:00,94.6
2025-06-12 15:02:00,51.7
2025-06-12 05:47:00,98.8
2025-06-12 15:19:00,50.5
2025-06-12 03:08:00,0.0
2025-06-12 13:21:00,50.15234640140434
2025-06-12 11:36:00,18.8
2025-06-12 10:38:00,87.9
2025-06-12 12:49:00,50.15234640140434
2025-06-12 17:06:00,68.6
2025-06-12 10:05:00,87.4
2025-06-12 01:18:00,63.9
2025-06-12 22:38:00,75.3
2025-06-12 13:32:00,50.15234640140434
2025-06-12 15:47:00,50.15234640140434
2025-06-12 12:31:00,4.8
2025-06-12 14:15:00,87.5
2025-06-12 10:52:00,15.2
2025-06-12 21:21:00,25.1
2025-06-12 21:22:00,50.15234640140434
2025-06-12 22:30:00,7.2
2025-06-12 02:19:00,50.15234640140434
2025-06-12 23:40:00,89.0
2025-06-12 10:36:00,50.15234640140434
2025-06-12 05:37:00,91.1
2025-06-12 17:59:00,47.4
2025-06-12 11:01:00,3.7
2025-06-12 11:03:00,97.0
2025-06-12 19:01:00,5.1
2025-06-12 05:44:00,50.15234640140434
2025-06-12 10:15:00,90.6
2025-06-12 00:40:00,21.2
2025-06-12 19:57:00,11.3
2025-06-12 07:06:00,87.0
2025-06-12 10:49:00,99.0
2025-06-12 22:21:00,89.9
2025-06-12 00:17:00,6.5
2025-06-12 10:17:00,95.0
2025-06-12 04:50:00,58.5
2025-06-12 13:47:00,43.2
2025-06-12 11:51:00,57.0
2025-06-12 22:35:00,84.9
2025-06-12 10:15:00,90.0
2025-06-12 01:42:00,34.6
2025-06-12 20:46:00,3.8
2025-06-12 23:05:00,13.6
2025-06-12 02:52:00,46.5
2025-06-12 02:17:00,16.5
2025-06-12 22:06:00,67.0
2025-06-12 06:51:00,89.1
2025-06-12 08:16:00,32.9
2025-06-12 11:48:00,34.7
2025-06-12 10:39:00,15.3
2025-06-12 22:20:00,68.5
2025-06-12 02:16:00,23.0
2025-06-12 11:33:00,98.5
2025-06-12 19:07:00,72.8
2025-06-12 17:58:00,50.15234640140434
2025-06-12 08:23:00,62.4
2025-06-12 16:30:00,28.6
2025-06-12 10:18:00,14.7
2025-06-12 20:58:00,7.6
2025-06-12 03:06:00,50.15234640140434
2025-06-12 12:04:00,54.4
2025-06-12 19:13:00,50.15234640140434
2025-06-12 05:21:00,50.15234640140434
2025-06-12 02:56:00,50.15234640140434
2025-06-12 16:52:00,88.5
2025-06-12 11:58:00,11.8
2025-06-12 04:33:00,66.5
2025-06-12 08:55:00,50.15234640140434
2025-06-12 10:23:00,6.5
2025-06-12 20:03:00,44.4
2025-06-12 09:53:00,0.8
2025-06-12 02:34:00,69.3
2025-06-12 19:13:00,22.5
2025-06-12 00:47:00,50.4
2025-06-12 11:02:00,19.2
2025-06-12 11:04:00,46.2
2025-06-12 10:57:00,47.9
2025-06-12 02:16:00,50.15234640140434
2025-06-12 05:43:00,39.9
2025-06-12 07:12:00,50.15234640140434
2025-06-12 08:46:00,27.4
2025-06-12 02:17:00,89.1
2025-06-12 11:46:00,72.4
2025-06-12 04:02:00,68.6
2025-06-12 05:18:00,48.5
2025-06-12 15:30:00,57.7
2025-06-12 17:44:00,55.7
2025-06-12 17:11:00,2.4
2025-06-12 15:29:00,43.2
2025-06-12 19:59:00,40.9
2025-06-12 02:40:00,13.4
2025-06-12 05:03:00,76.5
2025-06-12 21:11:00,50.15234640140434
2025-06-12 22:17:00,4.6
2025-06-12 20:36:00,37.9
2025-06-12 05:36:00,40.6
2025-06-12 04:48:00,50.15234640140434
2025-06-12 16:07:00,70.8
2025-06-12 11:25:00,54.3
2025-06-12 19:39:00,11.8
2025-06-12 19:14:00,93.2
2025-06-12 15:00:00,37.8
2025-06-12 13:08:00,19.4
2025-06-12 19:02:00,56.3
2025-06-12 07:46:00,43.8
2025-06-12 07:38:00,76.8
2025-06-12 12:27:00,28.9
2025-06-12 19:35:00,18.2
2025-06-12 23:55:00,50.15234640140434
2025-06-12 15:42:00,98.0
2025-06-12 09:49:00,33.3
2025-06-12 23:22:00,63.4
2025-06-12 05:02:00,67.1
2025-06-12 14:38:00,50.15234640140434
2025-06-12 15:57:00,32.3
2025-06-12 17:38:00,59.7
2025-06-12 10:03:00,50.15234640140434
2025-06-12 01:06:00,26.6
2025-06-12 19:03:00,60.0
2025-06-12 11:44:00,19.9
2025-06-12 20:34:00,14.8
2025-06-12 23:20:00,52.4
2025-06-12 10:49:00,50.15234640140434
2025-06-12 17:06:00,89.6
2025-06-12 07:12:00,78.3
2025-06-12 02:10:00,15.3
2025-06-12 09:39:00,49.2
2025-06-12 03:15:00,21.3
2025-06-12 06:07:00,60.8
2025-06-12 08:43:00,62.1
2025-06-12 00:40:00,66.4
2025-06-12 14:09:00,84.5
2025-06-12 12:10:00,50.15234640140434
2025-06-12 07:52:00,32.3
2025-06-12 00:11:00,44.5
2025-06-12 11:06:00,25.7
2025-06-12 08:32:00,50.15234640140434
2025-06-12 08:26:00,50.15234640140434
2025-06-12 07:04:00,45.4
2025-06-12 23:20:00,50.15234640140434
2025-06-12 12:18:00,50.15234640140434
2025-06-12 04:11:00,77.9
2025-06-12 14:44:00,59.5
2025-06-12 13:00:00,45.3
2025-06-12 21:54:00,50.15234640140434
2025-06-12 20:39:00,13.7
2025-06-12 08:53:00,61.1
2025-06-12 03:45:00,96.6
2025-06-12 14:36:00,50.15234640140434
2025-06-12 10:51:00,95.4
2025-06-12 14:37:00,50.15234640140434
2025-06-12 08:26:00,52.3
2025-06-12 20:58:00,54.9
2025-06-12 15:34:00,50.15234640140434
2025-06-12 12:12:00,80.7
2025-06-12 12:05:00,14.5
2025-06-12 19:23:00,50.15234640140434
2025-06-12 23:14:00,94.6
2025-06-12 20:52:00,17.7
2025-06-12 13:24:00,85.7
2025-06-12 02:06:00,57.8
2025-06-12 12:20:00,35.7
2025-06-12 01:01:00,51.0
2025-06-12 16:01:00,85.9
2025-06-12 09:53:00,32.9
2025-06-12 22:31:00,4.1
2025-06-12 16:44:00,50.15234640140434
2025-06-12 06:43:00,50.15234640140434
2025-06-12 19:29:00,34.9
2025-06-12 03:08:00,92.4
2025-06-12 12:56:00,61.4
2025-06-12 19:28:00,73.5
2025-06-12 11:13:00,54.8
2025-06-12 09:36:00,70.6
2025-06-12 02:28:00,88.3
2025-06-12 18:40:00,73.5
2025-06-12 07:42:00,99.5
2025-06-12 04:09:00,6.3
2025-06-12 23:58:00,67.5
2025-06-12 23:07:00,40.1
2025-06-12 13:45:00,10.2
2025-06-12 04:45:00,34.2
2025-06-12 13:44:00,99.2
2025-06-12 10:13:00,63.8
2025-06-12 22:46:00,68.1
2025-06-12 18:50:00,50.15234640140434
2025-06-12 09:06:00,33.2
2025-06-12 01:47:00,86.8
2025-06-12 21:25:00,26.2
2025-06-12 06:32:00,86.4
2025-06-12 12:47:00,50.15234640140434
2025-06-12 01:55:00,71.3
2025-06-12 12:24:00,11.1
2025-06-12 11:21:00,40.6
2025-06-12 19:50:00,47.5
2025-06-12 16:43:00,65.7
2025-06-12 12:18:00,19.2
2025-06-12 15:14:00,50.15234640140434
2025-06-12 00:42:00,67.3
2025-06-12 20:27:00,59.0
2025-06-12 12:03:00,50.8
2025-06-12 23:31:00,66.0
2025-06-12 10:55:00,65.2
2025-06-12 20:27:00,13.0
2025-06-12 18:30:00,19.9
2025-06-12 23:16:00,61.0
2025-06-12 18:12:00,9.2
2025-06-12 04:44:00,61.5
2025-06-12 11:05:00,39.2
2025-06-12 05:25:00,9.6
2025-06-12 06:37:00,16.6
2025-06-12 13:23:00,89.3
2025-06-12 21:44:00,82.8
2025-06-12 03:12:00,37.6
2025-06-12 18:58:00,97.1
2025-06-12 12:59:00,73.9
2025-06-12 06:07:00,18.6
2025-06-12 14:20:00,50.15234640140434
2025-06-12 10:57:00,28.2
2025-06-12 03:18:00,83.4
2025-06-12 02:16:00,39.7
2025-06-12 19:48:00,27.3
2025-06-12 18:06:00,69.2
2025-06-12 00:50:00,82.2
2025-06-12 22:15:00,17.0
2025-06-12 18:45:00,6.9
2025-06-12 01:15:00,5.3
2025-06-12 21:32:00,50.15234640140434
2025-06-12 03:17:00,94.9
2025-06-12 23:24:00,41.2
2025-06-12 01:34:00,43.8
2025-06-12 12:57:00,53.2
2025-06-12 10:43:00,50.15234640140434
2025-06-12 21:25:00,43.1
2025-06-12 03:54:00,53.2
2025-06-12 20:36:00,13.6
2025-06-12 19:37:00,50.15234640140434
2025-06-12 04:46:00,22.2
2025-06-12 14:22:00,50.15234640140434
2025-06-12 13:44:00,21.6
2025-06-12 17:03:00,50.15234640140434
2025-06-12 15:57:00,50.15234640140434
2025-06-12 07:20:00,72.6
2025-06-12 02:11:00,59.5
2025-06-12 21:59:00,62.0
2025-06-12 08:24:00,88.3
2025-06-12 08:45:00,70.5
2025-06-12 22:41:00,69.4
2025-06-12 01:33:00,23.2
2025-06-12 08:13:00,14.1
2025-06-12 12:02:00,50.15234640140434
2025-06-12 19:39:00,54.0
2025-06-12 06:20:00,43.0
2025-06-12 22:48:00,36.8
2025-06-12 17:00:00,67.7
2025-06-12 06:51:00,18.3
2025-06-12 17:36:00,81.0
2025-06-12 06:53:00,41.8
2025-06-12 03:14:00,76.9
2025-06-12 22:21:00,61.5
2025-06-12 06:53:00,50.15234640140434
2025-06-12 20:06:00,89.5
2025-06-12 11:30:00,76.4
2025-06-12 11:03:00,61.9
2025-06-12 07:42:00,56.6
2025-06-12 02:38:00,88.4
2025-06-12 12:29:00,28.1
2025-06-12 11:00:00,24.4
2025-06-12 17:27:00,74.5
2025-06-12 00:41:00,57.1
2025-06-12 10:04:00,22.7
2025-06-12 01:49:00,14.2
2025-06-12 11:30:00,50.15234640140434
2025-06-12 00:03:00,75.5
2025-06-12 10:33:00,49.8
2025-06-12 07:23:00,20.7
2025-06-12 02:06:00,70.4
2025-06-12 09:36:00,43.7
2025-06-12 15:21:00,75.4
2025-06-12 07:11:00,69.2
2025-06-12 20:29:00,50.15747328871669
2025-06-12 11:37:00,15.4
2025-06-12 12:08:00,90.0
2025-06-12 00:04:00,91.5
2025-06-12 05:31:00,10.5
2025-06-12 00:28:00,82.5
2025-06-12 00:53:00,32.5
2025-06-12 22:32:00,68.4
2025-06-12 23:41:00,35.7
2025-06-12 10:27:00,95.4
2025-06-12 10:14:00,85.3
2025-06-12 17:25:00,31.5
2025-06-12 16:44:00,42.4
2025-06-12 14:11:00,50.15747328871669
2025-06-12 15:30:00,93.1
2025-06-12 10:25:00,8.5
2025-06-12 09:18:00,46.8
2025-06-12 02:10:00,30.6
2025-06-12 09:18:00,53.3
2025-06-12 16:39:00,11.5
2025-06-12 21:27:00,97.9
2025-06-12 03:01:00,40.6
2025-06-12 16:29:00,56.7
2025-06-12 16:36:00,88.8
2025-06-12 05:00:00,16.4
2025-06-12 03:51:00,27.6
2025-06-12 21:19:00,74.9
2025-06-12 12:48:00,37.7
2025-06-12 08:16:00,48.9
2025-06-12 17:31:00,45.4
2025-06-12 13:44:00,3.8
2025-06-12 01:27:00,69.3
2025-06-12 12:32:00,77.7
2025-06-12 23:57:00,6.9
2025-06-12 18:44:00,26.4
2025-06-12 16:13:00,34.8
2025-06-12 17:51:00,15.2
2025-06-12 08:08:00,98.8
2025-06-12 02:10:00,10.2
2025-06-12 09:51:00,48.6
2025-06-12 01:52:00,43.3
2025-06-12 21:25:00,47.9
2025-06-12 18:55:00,73.8
2025-06-12 19:48:00,29.4
2025-06-12 12:19:00,62.8
2025-06-12 17:04:00,15.8
2025-06-12 19:39:00,73.9
2025-06-12 19:52:00,50.15747328871669
2025-06-12 20:43:00,70.5
2025-06-12 18:46:00,85.5
2025-06-12 22:54:00,75.8
2025-06-12 20:56:00,74.7
2025-06-12 13:37:00,57.9
2025-06-12 07:42:00,62.7
2025-06-12 02:53:00,79.5
2025-06-12 01:39:00,6.5
2025-06-12 11:01:00,50.15747328871669
2025-06-12 23:27:00,34.9
2025-06-12 01:47:00,10.6
2025-06-12 11:53:00,32.0
2025-06-12 22:06:00,83.5
2025-06-12 06:45:00,70.0
2025-06-12 14:27:00,45.0
2025-06-12 22:48:00,47.8
2025-06-12 14:57:00,32.5
2025-06-12 15:45:00,5.3
2025-06-12 13:07:00,50.15747328871669
2025-06-12 16:50:00,50.15747328871669
2025-06-12 05:33:00,53.6
2025-06-12 20:49:00,50.15747328871669
2025-06-12 08:54:00,63.7
2025-06-12 04:03:00,50.15747328871669
2025-06-12 12:52:00,96.4
2025-06-12 20:46:00,54.8
2025-06-12 10:03:00,16.0
2025-06-12 17:49:00,33.1
2025-06-12 21:52:00,8.0
2025-06-12 20:14:00,79.7
2025-06-12 07:36:00,96.5
2025-06-12 01:50:00,70.3
2025-06-12 16:20:00,95.6
2025-06-12 03:10:00,63.5
2025-06-12 07:34:00,67.8
2025-06-12 18:48:00,2.6
2025-06-12 10:14:00,36.9
2025-06-12 01:48:00,16.5
2025-06-12 12:28:00,50.15747328871669
2025-06-12 11:55:00,35.4
2025-06-12 16:15:00,10.1
2025-06-12 08:58:00,77.0
2025-06-12 16:18:00,43.0
2025-06-12 01:55:00,54.7
2025-06-12 21:59:00,1.9
2025-06-12 19:09:00,78.6
2025-06-12 09:02:00,73.3
2025-06-12 22:10:00,90.5
2025-06-12 15:29:00,54.9
2025-06-12 04:33:00,50.15747328871669
2025-06-12 11:59:00,81.6
2025-06-12 03:02:00,97.6
2025-06-12 12:34:00,65.8
2025-06-12 17:28:00,4.6
2025-06-12 12:15:00,73.8
2025-06-12 06:45:00,81.9
2025-06-12 03:11:00,50.15747328871669
2025-06-12 10:12:00,32.9
2025-06-12 04:54:00,18.2
2025-06-12 21:34:00,68.5
2025-06-12 18:42:00,23.5
2025-06-12 21:02:00,50.15747328871669
2025-06-12 10:39:00,74.5
2025-06-12 08:39:00,81.0
2025-06-12 09:41:00,26.3
2025-06-12 04:34:00,30.0
2025-06-12 10:32:00,59.3
2025-06-12 19:05:00,47.4
2025-06-12 19:44:00,55.5
2025-06-12 13:29:00,40.3
2025-06-12 20:25:00,3.1
2025-06-12 18:45:00,28.5
2025-06-12 07:24:00,50.15747328871669
2025-06-12 02:28:00,18.2
2025-06-12 02:06:00,79.2
2025-06-12 15:33:00,96.6
2025-06-12 08:41:00,58.0
2025-06-12 03:31:00,74.2
2025-06-12 18:05:00,14.9
2025-06-12 13:54:00,59.1
2025-06-12 04:57:00,25.4
2025-06-12 07:15:00,50.15747328871669
2025-06-12 20:58:00,52.0
2025-06-12 05:05:00,46.4
2025-06-12 09:45:00,22.9
2025-06-12 02:12:00,50.15747328871669
2025-06-12 14:03:00,21.7
2025-06-12 08:30:00,35.3
2025-06-12 03:19:00,51.6
2025-06-12 09:13:00,48.8
2025-06-12 12:02:00,99.7
2025-06-12 11:17:00,33.2
2025-06-12 13:53:00,50.15747328871669
2025-06-12 22:27:00,98.9
2025-06-12 10:43:00,26.4
2025-06-12 14:53:00,54.0
2025-06-12 06:51:00,60.2
2025-06-12 09:09:00,78.2
2025-06-12 12:47:00,1.5
2025-06-12 01:35:00,5.2
2025-06-12 07:30:00,50.15747328871669
2025-06-12 02:37:00,46.6
2025-06-12 15:28:00,50.15747328871669
2025-06-12 15:20:00,59.8
2025-06-12 10:05:00,50.2
2025-06-12 08:33:00,77.6
2025-06-12 11:08:00,15.8
2025-06-12 21:11:00,84.5
2025-06-12 03:52:00,65.9
2025-06-12 09:49:00,67.9
2025-06-12 17:45:00,48.8
2025-06-12 05:38:00,24.3
2025-06-12 05:14:00,23.4
2025-06-12 14:10:00,50.15747328871669
2025-06-12 19:38:00,10.2
2025-06-12 04:27:00,37.5
2025-06-12 17:03:00,20.2
2025-06-12 12:18:00,40.0
2025-06-12 23:52:00,79.3
2025-06-12 06:45:00,76.5
2025-06-12 16:13:00,75.6
2025-06-12 15:44:00,50.15747328871669
2025-06-12 20:22:00,20.3
2025-06-12 05:55:00,41.0
2025-06-12 21:28:00,50.15747328871669
2025-06-12 07:06:00,95.1
2025-06-12 11:11:00,93.4
2025-06-12 23:34:00,30.2
2025-06-12 03:07:00,58.8
2025-06-12 17:49:00,40.2
2025-06-12 05:27:00,44.3
2025-06-12 05:51:00,69.3
2025-06-12 06:51:00,57.9
2025-06-12 05:14:00,50.15747328871669
2025-06-12 18:18:00,45.3
2025-06-12 02:45:00,93.8
2025-06-12 14:46:00,37.2
2025-06-12 20:58:00,49.0
2025-06-12 03:13:00,41.7
2025-06-12 21:50:00,66.2
2025-06-12 22:32:00,40.9
2025-06-12 13:43:00,92.1
2025-06-12 21:05:00,49.0
2025-06-12 12:49:00,60.0
2025-06-12 06:33:00,85.5
2025-06-12 23:23:00,50.15747328871669
2025-06-12 00:21:00,93.3
2025-06-12 17:21:00,34.3
2025-06-12 16:23:00,50.15747328871669
2025-06-12 14:23:00,6.3
2025-06-12 14:45:00,11.8
2025-06-12 00:03:00,49.4
2025-06-12 23:40:00,14.8
2025-06-12 18:41:00,92.7
2025-06-12 14:27:00,42.9
2025-06-12 21:20:00,73.7
2025-06-12 03:56:00,2.0
2025-06-12 11:18:00,15.6
2025-06-12 06:43:00,50.15747328871669
2025-06-12 16:21:00,58.7
2025-06-12 08:52:00,86.6
2025-06-12 22:43:00,70.6
2025-06-12 01:49:00,67.2
2025-06-12 11:23:00,50.15747328871669
2025-06-12 12:37:00,75.1
2025-06-12 01:36:00,93.6
2025-06-12 09:23:00,50.15747328871669
2025-06-12 14:21:00,71.8
2025-06-12 05:07:00,19.3
2025-06-12 15:07:00,50.15747328871669
2025-06-12 01:00:00,78.4
2025-06-12 19:54:00,6.9
2025-06-12 03:07:00,80.8
2025-06-12 17:34:00,50.15747328871669
2025-06-12 13:34:00,92.6
2025-06-12 05:33:00,60.2
2025-06-12 11:55:00,19.7
2025-06-12 07:26:00,50.15747328871669
2025-06-12 23:59:00,50.15747328871669
2025-06-12 21:08:00,6.6
2025-06-12 16:54:00,87.7
2025-06-12 12:51:00,50.15747328871669
2025-06-12 12:09:00,70.7
2025-06-12 05:30:00,23.1
2025-06-12 16:02:00,83.1
2025-06-12 12:39:00,50.15747328871669
2025-06-12 04:52:00,1.6
2025-06-12 19:04:00,50.15747328871669
2025-06-12 09:22:00,50.15747328871669
2025-06-12 04:19:00,59.9
2025-06-12 00:45:00,13.1
2025-06-12 16:12:00,67.0
2025-06-12 04:14:00,47.5
2025-06-12 04:46:00,8.7
2025-06-12 04:13:00,26.5
2025-06-12 06:57:00,61.2
2025-06-12 21:43:00,17.0
2025-06-12 07:18:00,50.15747328871669
2025-06-12 10:34:00,93.5
2025-06-12 00:13:00,62.7
2025-06-12 04:33:00,80.1
2025-06-12 19:35:00,3.6
2025-06-12 21:18:00,87.8
2025-06-12 01:17:00,69.4
2025-06-12 15:51:00,7.9
2025-06-12 11:33:00,67.1
2025-06-12 22:46:00,72.4
2025-06-12 19:18:00,81.7
2025-06-12 00:14:00,37.8
2025-06-12 18:31:00,76.3
2025-06-12 15:13:00,6.9
2025-06-12 14:21:00,57.5
2025-06-12 02:12:00,73.8
2025-06-12 18:11:00,6.5
2025-06-12 18:04:00,62.6
2025-06-12 05:45:00,68.5
2025-06-12 03:42:00,30.3
2025-06-12 04:58:00,50.15747328871669
2025-06-12 16:22:00,66.4
2025-06-12 13:38:00,67.8
2025-06-12 12:27:00,45.4
2025-06-12 16:35:00,91.8
2025-06-12 18:33:00,8.0
2025-06-12 09:27:00,50.15747328871669
2025-06-12 07:36:00,63.8
2025-06-12 18:54:00,31.9
2025-06-12 22:29:00,35.8
2025-06-12 06:56:00,41.0
2025-06-12 11:05:00,86.0
2025-06-12 05:39:00,78.4
2025-06-12 10:15:00,94.5
2025-06-12 17:39:00,5.6
2025-06-12 02:56:00,40.4
2025-06-12 09:59:00,9.3
2025-06-12 07:49:00,50.15747328871669
2025-06-12 00:36:00,70.8
2025-06-12 06:26:00,17.3
2025-06-12 15:35:00,2.5
2025-06-12 12:48:00,81.8
2025-06-12 20:15:00,98.9
2025-06-12 21:09:00,63.6
2025-06-12 22:10:00,97.2
2025-06-12 08:18:00,52.1
2025-06-12 05:22:00,50.15747328871669
2025-06-12 01:05:00,82.1
2025-06-12 07:20:00,50.15747328871669
2025-06-12 13:47:00,50.3
2025-06-12 01:41:00,50.15747328871669
2025-06-12 22:52:00,39.0
2025-06-12 01:25:00,6.2
2025-06-12 14:10:00,73.9
2025-06-12 09:05:00,47.6
2025-06-12 13:30:00,79.3
2025-06-12 00:39:00,77.3
2025-06-12 21:11:00,81.8
2025-06-12 17:48:00,24.0
2025-06-12 02:17:00,24.8
2025-06-12 02:03:00,15.4
2025-06-12 20:33:00,82.9
2025-06-12 19:37:00,54.6
2025-06-12 00:17:00,56.0
2025-06-12 12:12:00,76.9
2025-06-12 04:09:00,79.6
2025-06-12 21:02:00,50.15747328871669
2025-06-12 04:09:00,7.1
2025-06-12 07:22:00,70.4
2025-06-12 14:59:00,63.0
2025-06-12 06:09:00,33.4
2025-06-12 01:34:00,0.9
2025-06-12 09:14:00,50.15747328871669
2025-06-12 18:34:00,60.5
2025-06-12 22:00:00,41.8
2025-06-12 14:54:00,26.7
2025-06-12 08:24:00,16.5
2025-06-12 12:49:00,92.3
2025-06-12 01:36:00,20.3
2025-06-12 09:08:00,37.6
2025-06-12 05:48:00,70.5
2025-06-12 10:06:00,89.2
2025-06-12 23:23:00,86.2
2025-06-12 21:08:00,50.15747328871669
2025-06-12 12:10:00,99.9
2025-06-12 21:44:00,33.4
2025-06-12 05:17:00,50.15747328871669
2025-06-12 22:44:00,11.9
2025-06-12 09:00:00,61.6
2025-06-12 17:24:00,64.9
2025-06-12 16:50:00,34.3
2025-06-12 07:07:00,75.1
2025-06-12 13:44:00,89.5
2025-06-12 15:37:00,79.2
2025-06-12 04:23:00,40.2
2025-06-12 01:31:00,68.5
2025-06-12 23:28:00,13.7
2025-06-12 05:10:00,50.15747328871669
2025-06-12 21:50:00,50.15747328871669
2025-06-12 16:28:00,40.5
2025-06-12 22:06:00,50.15747328871669
2025-06-12 11:18:00,50.15747328871669
2025-06-12 13:51:00,99.2
2025-06-12 18:06:00,11.1
2025-06-12 03:36:00,50.15747328871669
2025-06-12 10:24:00,68.2
2025-06-12 10:37:00,69.9
2025-06-12 17:50:00,48.4
2025-06-12 13:33:00,50.15747328871669
2025-06-12 14:17:00,20.4
2025-06-12 18:05:00,24.7
2025-06-12 22:23:00,27.0
2025-06-12 04:00:00,95.1
2025-06-12 15:22:00,61.8
2025-06-12 04:31:00,2.5
2025-06-12 23:36:00,50.07997412982127
2025-06-12 10:21:00,75.8
2025-06-12 14:22:00,81.7
2025-06-12 03:13:00,18.8
2025-06-12 00:40:00,63.2
2025-06-12 18:41:00,16.8
2025-06-12 00:12:00,26.5
2025-06-12 01:19:00,49.5
2025-06-12 07:38:00,50.07997412982127
2025-06-12 03:38:00,94.4
2025-06-12 21:36:00,50.07997412982127
2025-06-12 14:05:00,36.1
2025-06-12 06:37:00,50.07997412982127
2025-06-12 18:35:00,50.07997412982127
2025-06-12 18:18:00,3.9
2025-06-12 20:31:00,68.4
2025-06-12 18:19:00,36.8
2025-06-12 23:53:00,61.6
2025-06-12 09:28:00,6.4
2025-06-12 14:00:00,94.0
2025-06-12 00:44:00,37.4
2025-06-12 05:52:00,50.07997412982127
2025-06-12 10:41:00,17.8
2025-06-12 00:18:00,77.8
2025-06-12 12:41:00,5.6
2025-06-12 01:13:00,74.4
2025-06-12 19:58:00,57.5
2025-06-12 23:51:00,90.2
2025-06-12 05:37:00,36.3
2025-06-12 17:16:00,50.07997412982127
2025-06-12 04:40:00,15.2
2025-06-12 15:33:00,54.6
2025-06-12 08:33:00,50.07997412982127
2025-06-12 22:55:00,57.8
2025-06-12 09:58:00,99.4
2025-06-12 16:34:00,50.07997412982127
2025-06-12 09:14:00,17.4
2025-06-12 02:47:00,50.07997412982127
2025-06-12 12:20:00,50.07997412982127
2025-06-12 09:56:00,50.07997412982127
2025-06-12 06:30:00,32.2
2025-06-12 07:01:00,86.7
2025-06-12 03:27:00,71.4
2025-06-12 10:56:00,31.2
2025-06-12 23:02:00,50.07997412982127
2025-06-12 01:59:00,68.0
2025-06-12 19:13:00,50.07997412982127
2025-06-12 14:29:00,30.5
2025-06-12 18:45:00,16.4
2025-06-12 12:03:00,82.0
2025-06-12 10:07:00,59.5
2025-06-12 11:58:00,56.7
2025-06-12 01:15:00,21.0
2025-06-12 16:43:00,15.4
2025-06-12 11:03:00,50.07997412982127
2025-06-12 18:41:00,81.0
2025-06-12 20:21:00,21.0
2025-06-12 06:47:00,80.4
2025-06-12 20:37:00,29.8
2025-06-12 23:11:00,60.8
2025-06-12 06:50:00,94.4
2025-06-12 21:12:00,57.5
2025-06-12 02:14:00,75.3
2025-06-12 08:40:00,97.4
2025-06-12 20:08:00,66.6
2025-06-12 22:04:00,58.1
2025-06-12 09:47:00,93.1
2025-06-12 20:55:00,50.07997412982127
2025-06-12 01:22:00,10.3
2025-06-12 16:53:00,45.8
2025-06-12 19:35:00,2.6
2025-06-12 23:12:00,50.07997412982127
2025-06-12 18:42:00,87.3
2025-06-12 10:20:00,50.07997412982127
2025-06-12 01:32:00,58.2
2025-06-12 14:22:00,40.6
2025-06-12 22:34:00,44.5
2025-06-12 18:15:00,29.7
2025-06-12 02:54:00,26.1
2025-06-12 04:30:00,66.7
2025-06-12 09:59:00,50.07997412982127
2025-06-12 00:47:00,33.8
2025-06-12 04:18:00,50.07997412982127
2025-06-12 01:18:00,46.0
2025-06-12 21:21:00,50.07997412982127
2025-06-12 10:02:00,82.5
2025-06-12 18:17:00,50.07997412982127
2025-06-12 21:17:00,50.07997412982127
2025-06-12 18:16:00,12.6
2025-06-12 09:06:00,50.07997412982127
2025-06-12 13:55:00,56.3
2025-06-12 20:52:00,50.07997412982127
2025-06-12 20:26:00,16.3
2025-06-12 18:28:00,92.1
2025-06-12 18:22:00,90.5
2025-06-12 15:44:00,21.9
2025-06-12 07:10:00,30.1
2025-06-12 17:05:00,70.2
2025-06-12 14:44:00,1.1
2025-06-12 02:47:00,4.3
2025-06-12 04:27:00,62.3
2025-06-12 17:48:00,8.6
2025-06-12 09:35:00,54.5
2025-06-12 11:59:00,27.4
2025-06-12 05:05:00,81.0
2025-06-12 19:02:00,50.07997412982127
2025-06-12 16:14:00,34.9
2025-06-12 02:16:00,50.07997412982127
2025-06-12 02:22:00,50.07997412982127
2025-06-12 11:00:00,82.8
2025-06-12 21:13:00,58.3
2025-06-12 05:37:00,91.6
2025-06-12 18:45:00,53.2
2025-06-12 15:19:00,65.8
2025-06-12 15:05:00,41.1
2025-06-12 09:59:00,60.0
2025-06-12 09:04:00,50.07997412982127
2025-06-12 19:54:00,30.1
2025-06-12 05:26:00,5.1
2025-06-12 21:55:00,64.6
2025-06-12 08:08:00,5.3
2025-06-12 18:47:00,2.1
2025-06-12 00:22:00,4.5
2025-06-12 08:38:00,57.5
2025-06-12 03:38:00,34.5
2025-06-12 00:44:00,12.6
2025-06-12 23:06:00,97.8
2025-06-12 18:22:00,50.3
2025-06-12 02:44:00,67.3
2025-06-12 01:20:00,50.07997412982127
2025-06-12 15:43:00,40.8
2025-06-12 23:04:00,4.4
2025-06-12 10:37:00,50.07997412982127
2025-06-12 06:06:00,94.1
2025-06-12 21:58:00,96.9
2025-06-12 06:01:00,33.8
2025-06-12 15:24:00,99.6
2025-06-12 20:55:00,68.5
2025-06-12 00:08:00,74.6
2025-06-12 07:49:00,78.0
2025-06-12 21:14:00,50.07997412982127
2025-06-12 11:18:00,28.9
2025-06-12 08:23:00,55.2
2025-06-12 02:16:00,33.2
2025-06-12 11:57:00,81.5
2025-06-12 09:13:00,39.5
2025-06-12 15:38:00,45.5
2025-06-12 15:51:00,50.07997412982127
2025-06-12 12:57:00,50.07997412982127
2025-06-12 04:32:00,13.8
2025-06-12 12:37:00,42.7
2025-06-12 23:43:00,85.9
2025-06-12 13:52:00,80.0
2025-06-12 07:14:00,13.8
2025-06-12 01:55:00,62.9
2025-06-12 14:00:00,83.3
2025-06-12 21:46:00,80.3
2025-06-12 23:54:00,95.8
2025-06-12 09:42:00,30.7
2025-06-12 09:38:00,89.8
2025-06-12 07:01:00,52.7
2025-06-12 09:37:00,85.5
2025-06-12 23:21:00,50.07997412982127
2025-06-12 14:19:00,8.3
2025-06-12 01:53:00,76.9
2025-06-12 20:20:00,85.5
2025-06-12 21:13:00,37.1
2025-06-12 06:25:00,93.4
2025-06-12 21:18:00,17.4
2025-06-12 03:08:00,50.07997412982127
2025-06-12 03:48:00,46.5
2025-06-12 13:12:00,2.5
2025-06-12 15:03:00,11.4
2025-06-12 06:24:00,43.3
2025-06-12 15:30:00,80.2
2025-06-12 16:06:00,38.5
2025-06-12 18:36:00,50.07997412982127
2025-06-12 07:14:00,5.7
2025-06-12 11:58:00,52.6
2025-06-12 10:29:00,61.7
2025-06-12 12:36:00,11.0
2025-06-12 15:38:00,93.5
2025-06-12 03:53:00,61.4
2025-06-12 20:41:00,51.0
2025-06-12 11:41:00,41.8
2025-06-12 00:19:00,24.1
2025-06-12 01:48:00,38.3
2025-06-12 20:25:00,42.8
2025-06-12 02:29:00,22.6
2025-06-12 07:57:00,50.07997412982127
2025-06-12 19:26:00,94.4
2025-06-12 00:23:00,77.2
2025-06-12 10:24:00,13.6
2025-06-12 10:37:00,72.9
2025-06-12 10:43:00,32.9
2025-06-12 19:13:00,5.4
2025-06-12 18:39:00,88.0
2025-06-12 03:12:00,29.8
2025-06-12 16:51:00,90.9
2025-06-12 03:18:00,50.07997412982127
2025-06-12 22:29:00,67.0
2025-06-12 00:15:00,17.5
2025-06-12 03:05:00,22.2
2025-06-12 14:43:00,97.6
2025-06-12 15:56:00,55.4
2025-06-12 22:07:00,81.3
2025-06-12 08:21:00,54.1
2025-06-12 23:47:00,61.6
2025-06-12 18:22:00,89.1
2025-06-12 16:03:00,93.5
2025-06-12 21:44:00,1.5
2025-06-12 08:36:00,50.07997412982127
2025-06-12 17:28:00,65.2
2025-06-12 09:25:00,50.07997412982127
2025-06-12 10:08:00,57.6
2025-06-12 08:38:00,73.9
2025-06-12 03:45:00,50.07997412982127
2025-06-12 09:01:00,50.07997412982127
2025-06-12 15:16:00,27.3
2025-06-12 01:19:00,50.07997412982127
2025-06-12 23:18:00,50.07997412982127
2025-06-12 22:15:00,51.9
2025-06-12 04:50:00,17.6
2025-06-12 18:38:00,92.6
2025-06-12 15:08:00,97.2
2025-06-12 04:00:00,26.6
2025-06-12 08:30:00,43.1
2025-06-12 07:13:00,94.0
2025-06-12 08:05:00,45.8
2025-06-12 19:58:00,14.5
2025-06-12 18:34:00,27.5
2025-06-12 09:13:00,56.9
2025-06-12 15:07:00,29.8
2025-06-12 20:37:00,12.4
2025-06-12 16:08:00,15.0
2025-06-12 21:30:00,30.2
2025-06-12 03:51:00,64.7
2025-06-12 10:09:00,47.2
2025-06-12 15:16:00,50.07997412982127
2025-06-12 17:14:00,30.6
2025-06-12 03:21:00,32.8
2025-06-12 08:54:00,66.3
2025-06-12 03:21:00,17.7
2025-06-12 23:09:00,11.6
2025-06-12 03:47:00,88.0
2025-06-12 10:33:00,37.4
2025-06-12 06:07:00,13.7
2025-06-12 18:16:00,91.6
2025-06-12 12:08:00,20.6
2025-06-12 12:32:00,25.6
2025-06-12 23:05:00,64.7
2025-06-12 04:13:00,6.1
2025-06-12 06:48:00,18.0
2025-06-12 12:38:00,97.4
2025-06-12 02:10:00,50.07997412982127
2025-06-12 23:48:00,75.6
2025-06-12 01:37:00,2.4
2025-06-12 20:39:00,65.4
2025-06-12 17:51:00,11.4
2025-06-12 02:10:00,33.3
2025-06-12 15:54:00,80.6
2025-06-12 07:11:00,25.0
2025-06-12 14:18:00,50.07997412982127
2025-06-12 09:47:00,27.0
2025-06-12 16:08:00,16.3
2025-06-12 19:59:00,94.7
2025-06-12 20:04:00,4.5
2025-06-12 00:59:00,44.4
2025-06-12 14:44:00,50.07997412982127
2025-06-12 12:28:00,26.0
2025-06-12 15:40:00,87.5
2025-06-12 21:49:00,88.7
2025-06-12 08:42:00,13.3
2025-06-12 01:38:00,97.7
2025-06-12 18:42:00,78.0
2025-06-12 12:27:00,18.3
2025-06-12 21:44:00,79.4
2025-06-12 22:42:00,68.5
2025-06-12 10:38:00,75.7
2025-06-12 00:13:00,70.7
2025-06-12 03:24:00,20.1
2025-06-12 06:12:00,70.2
2025-06-12 00:08:00,13.4
2025-06-12 12:34:00,99.5
2025-06-12 16:08:00,50.07997412982127
2025-06-12 00:49:00,6.9
2025-06-12 22:59:00,42.3
2025-06-12 03:17:00,87.9
2025-06-12 22:11:00,22.3
2025-06-12 07:56:00,50.07997412982127
2025-06-12 06:41:00,50.07997412982127
2025-06-12 21:49:00,47.6
2025-06-12 13:55:00,34.0
2025-06-12 05:11:00,65.2
2025-06-12 06:49:00,54.5
2025-06-12 08:55:00,50.07997412982127
2025-06-12 09:03:00,11.1
2025-06-12 05:55:00,84.4
2025-06-12 23:26:00,59.8
2025-06-12 13:33:00,26.5
2025-06-12 18:24:00,35.3
2025-06-12 14:46:00,20.7
2025-06-12 01:45:00,40.6
2025-06-12 10:12:00,66.0
2025-06-12 17:16:00,50.07997412982127
2025-06-12 15:00:00,59.1
2025-06-12 22:38:00,50.07997412982127
2025-06-12 17:54:00,50.07997412982127
2025-06-12 07:22:00,50.07997412982127
2025-06-12 00:23:00,10.8
2025-06-12 07:20:00,50.07997412982127
2025-06-12 05:54:00,14.1
2025-06-12 05:55:00,50.07997412982127
2025-06-12 10:59:00,88.2
2025-06-12 00:28:00,91.5
2025-06-12 07:54:00,73.0
2025-06-12 12:05:00,55.9
2025-06-12 00:23:00,51.1
2025-06-12 12:36:00,57.8
2025-06-12 02:48:00,99.4
2025-06-12 23:18:00,64.7
2025-06-12 21:55:00,95.4
2025-06-12 16:45:00,2.7
2025-06-12 14:18:00,55.4
2025-06-12 21:18:00,54.4
2025-06-12 11:46:00,56.8
2025-06-12 15:14:00,48.8
2025-06-12 13:39:00,50.07997412982127
2025-06-12 18:05:00,31.6
2025-06-12 19:32:00,2.2
2025-06-12 18:56:00,16.9
2025-06-12 18:42:00,45.3
2025-06-12 23:46:00,43.3
2025-06-12 13:17:00,54.2
2025-06-12 13:31:00,58.9
2025-06-12 03:08:00,17.9
2025-06-12 14:42:00,83.2
2025-06-12 13:16:00,76.2
2025-06-12 22:29:00,42.9
2025-06-12 08:08:00,27.8
2025-06-12 03:41:00,90.2
2025-06-12 19:19:00,24.4
2025-06-12 19:29:00,48.4
2025-06-12 09:25:00,49.822039706925075
2025-06-12 02:16:00,16.3
2025-06-12 21:46:00,3.6
2025-06-12 13:16:00,72.6
2025-06-12 10:06:00,8.6
2025-06-12 14:34:00,9.8
2025-06-12 23:49:00,49.822039706925075
2025-06-12 10:59:00,54.5
2025-06-12 08:48:00,7.6
2025-06-12 04:33:00,49.822039706925075
2025-06-12 13:37:00,43.2
2025-06-12 04:35:00,81.6
2025-06-12 11:28:00,26.1
2025-06-12 14:31:00,7.9
2025-06-12 04:08:00,84.8
2025-06-12 23:14:00,87.7
2025-06-12 03:37:00,19.6
2025-06-12 16:25:00,5.6
2025-06-12 01:47:00,67.0
2025-06-12 11:53:00,28.9
2025-06-12 11:46:00,98.8
2025-06-12 17:31:00,49.822039706925075
2025-06-12 05:26:00,33.0
2025-06-12 19:32:00,44.3
2025-06-12 20:26:00,79.4
2025-06-12 00:40:00,13.3
2025-06-12 11:48:00,45.1
2025-06-12 11:33:00,11.8
2025-06-12 08:31:00,32.9
2025-06-12 01:55:00,13.0
2025-06-12 19:50:00,91.4
2025-06-12 14:00:00,26.9
2025-06-12 09:53:00,46.0
2025-06-12 18:56:00,18.5
2025-06-12 22:57:00,46.7
2025-06-12 13:22:00,7.3
2025-06-12 07:55:00,45.9
2025-06-12 09:54:00,49.822039706925075
2025-06-12 02:20:00,43.1
2025-06-12 06:25:00,67.6
2025-06-12 12:40:00,49.822039706925075
2025-06-12 11:02:00,74.7
2025-06-12 21:43:00,94.5
2025-06-12 23:24:00,78.9
2025-06-12 17:57:00,92.8
2025-06-12 09:27:00,49.822039706925075
2025-06-12 21:46:00,19.9
2025-06-12 06:23:00,81.1
2025-06-12 05:28:00,89.8
2025-06-12 07:40:00,16.9
2025-06-12 18:13:00,74.9
2025-06-12 09:35:00,49.822039706925075
2025-06-12 23:08:00,81.1
2025-06-12 16:23:00,84.0
2025-06-12 13:26:00,17.6
2025-06-12 15:12:00,65.5
2025-06-12 03:29:00,70.3
2025-06-12 14:26:00,49.822039706925075
2025-06-12 18:15:00,85.3
2025-06-12 09:04:00,49.822039706925075
2025-06-12 12:34:00,88.2
2025-06-12 22:43:00,19.1
2025-06-12 06:43:00,95.3
2025-06-12 06:30:00,94.8
2025-06-12 07:12:00,49.822039706925075
2025-06-12 04:36:00,72.1
2025-06-12 07:44:00,63.0
2025-06-12 19:17:00,27.3
2025-06-12 16:09:00,77.1
2025-06-12 09:37:00,51.6
2025-06-12 01:22:00,31.1
2025-06-12 11:46:00,49.822039706925075
2025-06-12 03:47:00,6.6
2025-06-12 11:41:00,69.1
2025-06-12 09:32:00,64.2
2025-06-12 12:03:00,78.1
2025-06-12 02:31:00,50.8
2025-06-12 03:52:00,31.6
2025-06-12 02:01:00,88.2
2025-06-12 21:48:00,70.0
2025-06-12 21:17:00,44.9
2025-06-12 23:31:00,22.8
2025-06-12 00:01:00,24.0
2025-06-12 20:35:00,49.822039706925075
2025-06-12 10:34:00,52.9
2025-06-12 20:22:00,19.0
2025-06-12 18:48:00,52.1
2025-06-12 07:46:00,82.1
2025-06-12 19:37:00,90.4
2025-06-12 15:48:00,23.8
2025-06-12 03:15:00,49.6
2025-06-12 10:49:00,49.822039706925075
2025-06-12 23:13:00,9.7
2025-06-12 22:47:00,76.9
2025-06-12 01:34:00,5.5
2025-06-12 19:57:00,21.9
2025-06-12 00:27:00,9.4
2025-06-12 21:04:00,58.3
2025-06-12 00:29:00,49.822039706925075
2025-06-12 20:16:00,60.0
2025-06-12 09:23:00,27.3
2025-06-12 09:53:00,29.2
2025-06-12 12:57:00,40.4
2025-06-12 09:52:00,45.0
2025-06-12 18:11:00,19.1
2025-06-12 07:23:00,4.2
2025-06-12 06:20:00,90.5
2025-06-12 03:49:00,92.8
2025-06-12 15:37:00,62.6
2025-06-12 14:56:00,72.8
2025-06-12 01:12:00,49.822039706925075
2025-06-12 04:32:00,79.5
2025-06-12 01:55:00,26.4
2025-06-12 17:44:00,48.9
2025-06-12 19:04:00,6.9
2025-06-12 12:15:00,90.8
2025-06-12 05:29:00,86.7
2025-06-12 21:35:00,49.822039706925075
2025-06-12 01:38:00,48.5
2025-06-12 06:14:00,21.1
2025-06-12 18:50:00,60.8
2025-06-12 04:46:00,52.9
2025-06-12 03:36:00,34.3
2025-06-12 06:05:00,73.7
2025-06-12 21:52:00,2.4
2025-06-12 17:37:00,49.822039706925075
2025-06-12 13:19:00,37.3
2025-06-12 06:24:00,59.7
2025-06-12 00:20:00,12.1
2025-06-12 13:49:00,49.822039706925075
2025-06-12 12:11:00,92.0
2025-06-12 14:54:00,49.822039706925075
2025-06-12 05:53:00,5.5
2025-06-12 21:57:00,49.822039706925075
2025-06-12 22:39:00,89.0
2025-06-12 13:16:00,69.2
2025-06-12 09:07:00,42.9
2025-06-12 09:43:00,80.5
2025-06-12 09:54:00,4.5
2025-06-12 23:38:00,59.5
2025-06-12 07:04:00,49.822039706925075
2025-06-12 16:45:00,87.2
2025-06-12 19:43:00,67.9
2025-06-12 10:27:00,6.2
2025-06-12 11:05:00,24.7
2025-06-12 15:05:00,49.822039706925075
2025-06-12 01:50:00,49.4
2025-06-12 12:13:00,68.1
2025-06-12 09:03:00,43.1
2025-06-12 00:04:00,6.0
2025-06-12 11:42:00,17.4
2025-06-12 00:57:00,85.3
2025-06-12 02:20:00,15.5
2025-06-12 12:40:00,51.5
2025-06-12 09:26:00,55.8
2025-06-12 12:55:00,16.3
2025-06-12 22:40:00,81.7
2025-06-12 04:48:00,56.0
2025-06-12 14:43:00,49.822039706925075
2025-06-12 15:28:00,4.1
2025-06-12 17:07:00,90.7
2025-06-12 11:49:00,16.3
2025-06-12 05:29:00,6.4
2025-06-12 19:00:00,50.9
2025-06-12 17:18:00,88.5
2025-06-12 02:36:00,28.1
2025-06-12 09:39:00,57.1
2025-06-12 01:40:00,18.5
2025-06-12 16:19:00,1.7
2025-06-12 12:02:00,60.8
2025-06-12 01:13:00,94.4
2025-06-12 10:40:00,75.4
2025-06-12 04:24:00,26.5
2025-06-12 14:43:00,70.4
2025-06-12 04:37:00,49.822039706925075
2025-06-12 18:25:00,28.7
2025-06-12 20:46:00,54.7
2025-06-12 14:27:00,26.8
2025-06-12 13:11:00,51.6
2025-06-12 11:36:00,79.0
2025-06-12 07:18:00,71.6
2025-06-12 09:24:00,45.4
2025-06-12 14:35:00,30.7
2025-06-12 17:31:00,25.4
2025-06-12 04:15:00,49.4
2025-06-12 21:56:00,1.3
2025-06-12 12:10:00,95.3
2025-06-12 02:58:00,26.0
2025-06-12 22:16:00,53.7
2025-06-12 21:45:00,49.822039706925075
2025-06-12 07:49:00,35.6
2025-06-12 07:56:00,49.822039706925075
2025-06-12 12:23:00,79.3
2025-06-12 23:03:00,11.0
2025-06-12 09:11:00,44.0
2025-06-12 14:02:00,84.0
2025-06-12 16:23:00,24.1
2025-06-12 09:47:00,14.6
2025-06-12 01:41:00,49.822039706925075
2025-06-12 00:25:00,71.9
2025-06-12 04:13:00,49.822039706925075
2025-06-12 01:11:00,91.2
2025-06-12 10:51:00,63.5
2025-06-12 07:39:00,69.8
2025-06-12 08:13:00,70.4
2025-06-12 18:27:00,55.4
2025-06-12 22:58:00,98.7
2025-06-12 13:14:00,80.2
2025-06-12 23:02:00,49.822039706925075
2025-06-12 23:34:00,60.9
2025-06-12 23:54:00,89.8
2025-06-12 07:16:00,18.8
2025-06-12 05:00:00,49.822039706925075
2025-06-12 22:08:00,98.1
2025-06-12 23:54:00,55.0
2025-06-12 15:21:00,97.3
2025-06-12 18:27:00,92.1
2025-06-12 19:13:00,65.3
2025-06-12 14:02:00,69.3
2025-06-12 22:47:00,49.822039706925075
2025-06-12 04:34:00,53.1
2025-06-12 20:12:00,74.3
2025-06-12 13:11:00,87.1
2025-06-12 20:10:00,76.4
2025-06-12 17:59:00,71.0
2025-06-12 05:26:00,96.8
2025-06-12 08:30:00,49.822039706925075
2025-06-12 01:11:00,1.2
2025-06-12 22:47:00,69.3
2025-06-12 16:20:00,49.822039706925075
2025-06-12 21:58:00,49.822039706925075
2025-06-12 22:16:00,85.2
2025-06-12 06:13:00,11.9
2025-06-12 17:52:00,31.5
2025-06-12 09:29:00,21.9
2025-06-12 15:11:00,36.0
2025-06-12 04:13:00,13.9
2025-06-12 17:10:00,67.7
2025-06-12 11:23:00,72.3
2025-06-12 02:24:00,90.4
2025-06-12 14:43:00,8.7
2025-06-12 19:07:00,14.6
2025-06-12 11:23:00,86.4
2025-06-12 07:17:00,33.7
2025-06-12 06:30:00,91.6
2025-06-12 14:07:00,49.822039706925075
2025-06-12 13:47:00,36.3
2025-06-12 12:02:00,28.3
2025-06-12 03:44:00,96.8
2025-06-12 01:20:00,56.2
2025-06-12 16:37:00,82.9
2025-06-12 01:18:00,58.2
2025-06-12 17:14:00,63.3
2025-06-12 10:06:00,41.7
2025-06-12 04:01:00,34.9
2025-06-12 10:05:00,25.0
2025-06-12 11:44:00,88.1
2025-06-12 06:59:00,72.0
2025-06-12 23:51:00,31.2
2025-06-12 18:46:00,67.8
2025-06-12 10:06:00,66.7
2025-06-12 16:36:00,53.9
2025-06-12 13:33:00,62.8
2025-06-12 04:12:00,49.822039706925075
2025-06-12 23:02:00,70.9
2025-06-12 12:17:00,48.4
2025-06-12 22:59:00,67.2
2025-06-12 06:06:00,33.9
2025-06-12 14:22:00,49.822039706925075
2025-06-12 11:03:00,42.7
2025-06-12 01:30:00,32.2
2025-06-12 14:20:00,38.8
2025-06-12 16:35:00,71.7
2025-06-12 15:07:00,25.7
2025-06-12 21:00:00,87.3
2025-06-12 01:57:00,49.822039706925075
2025-06-12 21:03:00,52.1
2025-06-12 05:50:00,73.5
2025-06-12 21:17:00,49.822039706925075
2025-06-12 04:43:00,78.8
2025-06-12 16:51:00,63.0
2025-06-12 22:55:00,49.822039706925075
2025-06-12 22:03:00,49.4
2025-06-12 15:43:00,49.822039706925075
2025-06-12 06:05:00,49.822039706925075
2025-06-12 21:30:00,13.5
2025-06-12 04:39:00,41.2
2025-06-12 08:49:00,91.5
2025-06-12 20:12:00,8.8
2025-06-12 04:24:00,26.9
2025-06-12 00:25:00,86.0
2025-06-12 23:00:00,22.0
2025-06-12 21:11:00,23.8
2025-06-12 18:47:00,68.3
2025-06-12 16:34:00,81.9
2025-06-12 08:48:00,36.0
2025-06-12 02:17:00,49.822039706925075
2025-06-12 01:33:00,77.4
2025-06-12 14:28:00,84.7
2025-06-12 05:31:00,74.1
2025-06-12 18:35:00,61.2
2025-06-12 21:24:00,97.6
2025-06-12 00:45:00,27.9
2025-06-12 20:01:00,91.3
2025-06-12 06:10:00,6.3
2025-06-12 10:53:00,9.4
2025-06-12 12:30:00,30.9
2025-06-12 04:44:00,61.5
2025-06-12 11:30:00,20.3
2025-06-12 22:07:00,73.8
2025-06-12 12:34:00,50.313785814936594
2025-06-12 02:56:00,95.5
2025-06-12 10:49:00,0.3
2025-06-12 21:31:00,77.5
2025-06-12 14:32:00,50.313785814936594
2025-06-12 12:36:00,50.313785814936594
2025-06-12 06:43:00,6.1
2025-06-12 15:17:00,50.313785814936594
2025-06-12 08:56:00,65.3
2025-06-12 11:00:00,11.0
2025-06-12 13:22:00,50.313785814936594
2025-06-12 07:16:00,23.4
2025-06-12 04:53:00,46.9
2025-06-12 13:56:00,37.6
2025-06-12 06:19:00,54.0
2025-06-12 10:35:00,50.4
2025-06-12 08:22:00,94.2
2025-06-12 02:05:00,23.1
2025-06-12 23:32:00,43.2
2025-06-12 18:05:00,33.5
2025-06-12 09:52:00,50.313785814936594
2025-06-12 13:18:00,22.7
2025-06-12 23:37:00,24.7
2025-06-12 04:46:00,3.4
2025-06-12 03:22:00,54.0
2025-06-12 19:39:00,50.313785814936594
2025-06-12 18:31:00,63.2
2025-06-12 02:32:00,32.9
2025-06-12 23:02:00,86.1
2025-06-12 08:01:00,64.8
2025-06-12 02:53:00,50.313785814936594
2025-06-12 23:45:00,67.6
2025-06-12 13:23:00,47.2
2025-06-12 09:18:00,94.6
2025-06-12 18:50:00,24.5
2025-06-12 03:58:00,3.5
2025-06-12 02:45:00,51.3
2025-06-12 15:43:00,72.6
2025-06-12 06:28:00,18.5
2025-06-12 01:05:00,64.4
2025-06-12 02:48:00,98.7
2025-06-12 07:16:00,14.3
2025-06-12 08:32:00,58.2
2025-06-12 01:46:00,50.313785814936594
2025-06-12 06:58:00,68.1
2025-06-12 09:09:00,40.3
2025-06-12 13:01:00,90.3
2025-06-12 11:51:00,50.313785814936594
2025-06-12 10:24:00,86.8
2025-06-12 13:59:00,63.7
2025-06-12 03:02:00,69.7
2025-06-12 02:42:00,3.1
2025-06-12 03:31:00,53.1
2025-06-12 09:48:00,47.2
2025-06-12 07:11:00,88.9
2025-06-12 07:56:00,50.313785814936594
2025-06-12 08:25:00,13.4
2025-06-12 01:50:00,40.4
2025-06-12 08:33:00,90.3
2025-06-12 10:53:00,39.2
2025-06-12 11:44:00,28.3
2025-06-12 17:09:00,63.0
2025-06-12 13:22:00,4.9
2025-06-12 17:33:00,28.5
2025-06-12 14:10:00,23.7
2025-06-12 13:58:00,21.9
2025-06-12 08:05:00,40.1
2025-06-12 11:39:00,85.2
2025-06-12 06:42:00,84.3
2025-06-12 18:54:00,69.4
2025-06-12 22:23:00,50.313785814936594
2025-06-12 11:43:00,37.7
2025-06-12 21:30:00,52.5
2025-06-12 03:33:00,8.7
2025-06-12 00:37:00,50.313785814936594
2025-06-12 23:58:00,43.4
2025-06-12 22:43:00,42.1
2025-06-12 04:02:00,48.7
2025-06-12 12:04:00,14.2
2025-06-12 16:25:00,2.5
2025-06-12 16:34:00,47.3
2025-06-12 02:08:00,0.8
2025-06-12 02:00:00,50.313785814936594
2025-06-12 19:30:00,20.4
2025-06-12 05:59:00,81.5
2025-06-12 20:20:00,75.1
2025-06-12 05:01:00,88.7
2025-06-12 16:02:00,30.0
2025-06-12 22:52:00,49.7
2025-06-12 00:29:00,37.0
2025-06-12 23:33:00,65.1
2025-06-12 18:42:00,18.4
2025-06-12 22:59:00,66.4
2025-06-12 21:44:00,58.8
2025-06-12 08:27:00,60.3
2025-06-12 04:30:00,71.6
2025-06-12 11:20:00,12.8
2025-06-12 22:49:00,57.8
2025-06-12 00:39:00,67.5
2025-06-12 19:36:00,31.0
2025-06-12 20:21:00,46.4
2025-06-12 07:58:00,69.3
2025-06-12 06:06:00,69.1
2025-06-12 04:50:00,29.4
2025-06-12 22:32:00,30.6
2025-06-12 05:51:00,91.9
2025-06-12 16:59:00,80.0
2025-06-12 01:15:00,40.8
2025-06-12 18:08:00,56.3
2025-06-12 12:40:00,11.7
2025-06-12 17:58:00,58.0
2025-06-12 08:57:00,59.2
2025-06-12 08:12:00,34.5
2025-06-12 03:18:00,18.4
2025-06-12 18:36:00,88.1
2025-06-12 16:25:00,99.3
2025-06-12 12:17:00,82.9
2025-06-12 16:48:00,50.313785814936594
2025-06-12 05:21:00,50.313785814936594
2025-06-12 00:46:00,50.313785814936594
2025-06-12 01:11:00,50.313785814936594
2025-06-12 08:52:00,10.3
2025-06-12 08:05:00,53.5
2025-06-12 17:11:00,15.4
2025-06-12 04:49:00,50.313785814936594
2025-06-12 08:01:00,50.313785814936594
2025-06-12 09:54:00,88.0
2025-06-12 17:35:00,94.9
2025-06-12 14:27:00,50.313785814936594
2025-06-12 18:20:00,88.9
2025-06-12 18:41:00,42.5
2025-06-12 18:14:00,94.6
2025-06-12 11:05:00,32.9
2025-06-12 03:18:00,67.8
2025-06-12 03:25:00,4.5
2025-06-12 09:10:00,50.313785814936594
2025-06-12 21:08:00,5.4
2025-06-12 07:15:00,23.5
2025-06-12 12:09:00,42.7
2025-06-12 00:26:00,54.5
2025-06-12 22:45:00,13.7
2025-06-12 22:46:00,9.5
2025-06-12 21:56:00,16.1
2025-06-12 19:22:00,81.2
2025-06-12 05:35:00,56.2
2025-06-12 07:38:00,84.8
2025-06-12 23:48:00,55.0
2025-06-12 04:18:00,22.4
2025-06-12 08:38:00,50.313785814936594
2025-06-12 08:43:00,59.3
2025-06-12 12:02:00,60.4
2025-06-12 09:10:00,89.1
2025-06-12 19:34:00,96.9
2025-06-12 01:49:00,55.4
2025-06-12 03:32:00,11.4
2025-06-12 21:34:00,89.3
2025-06-12 14:51:00,50.313785814936594
2025-06-12 11:20:00,84.9
2025-06-12 10:38:00,63.1
2025-06-12 07:21:00,60.9
2025-06-12 17:56:00,57.5
2025-06-12 10:14:00,32.7
2025-06-12 12:19:00,50.313785814936594
2025-06-12 12:34:00,50.313785814936594
2025-06-12 02:14:00,8.6
2025-06-12 01:38:00,30.7
2025-06-12 22:04:00,11.5
2025-06-12 12:58:00,64.7
2025-06-12 20:25:00,63.3
2025-06-12 04:04:00,50.313785814936594
2025-06-12 19:12:00,50.313785814936594
2025-06-12 03:33:00,43.2
2025-06-12 08:45:00,21.2
2025-06-12 05:11:00,87.8
2025-06-12 09:23:00,85.9
2025-06-12 11:37:00,49.9
2025-06-12 15:23:00,19.9
2025-06-12 10:48:00,90.0
2025-06-12 11:32:00,0.5
2025-06-12 19:19:00,8.2
2025-06-12 06:58:00,64.5
2025-06-12 06:08:00,39.4
2025-06-12 04:25:00,25.6
2025-06-12 06:22:00,19.9
2025-06-12 17:00:00,17.0
2025-06-12 12:03:00,48.7
2025-06-12 08:02:00,76.3
2025-06-12 12:02:00,79.6
2025-06-12 20:12:00,50.313785814936594
2025-06-12 01:20:00,99.3
2025-06-12 15:09:00,99.8
2025-06-12 09:07:00,0.2
2025-06-12 19:39:00,2.5
2025-06-12 20:35:00,81.9
2025-06-12 13:08:00,50.313785814936594
2025-06-12 04:35:00,34.3
2025-06-12 21:20:00,50.313785814936594
2025-06-12 10:45:00,84.6
2025-06-12 21:44:00,38.8
2025-06-12 10:51:00,64.1
2025-06-12 16:57:00,93.1
2025-06-12 21:46:00,13.0
2025-06-12 10:15:00,88.8
2025-06-12 19:40:00,66.1
2025-06-12 04:08:00,63.8
2025-06-12 04:58:00,76.0
2025-06-12 14:31:00,51.3
2025-06-12 21:49:00,36.6
2025-06-12 05:37:00,72.7
2025-06-12 14:56:00,78.7
2025-06-12 18:52:00,59.9
2025-06-12 21:01:00,83.8
2025-06-12 17:17:00,8.8
2025-06-12 01:31:00,48.5
2025-06-12 20:05:00,82.1
2025-06-12 17:30:00,30.1
2025-06-12 04:24:00,68.2
2025-06-12 16:20:00,61.2
2025-06-12 05:14:00,90.6
2025-06-12 00:17:00,11.0
2025-06-12 06:18:00,2.4
2025-06-12 12:49:00,73.5
2025-06-12 12:46:00,24.7
2025-06-12 10:08:00,8.4
2025-06-12 02:24:00,50.313785814936594
2025-06-12 02:16:00,50.313785814936594
2025-06-12 10:51:00,69.5
2025-06-12 17:15:00,39.9
2025-06-12 04:28:00,85.9
2025-06-12 17:14:00,77.5
2025-06-12 11:45:00,3.0
2025-06-12 16:22:00,35.6
2025-06-12 19:39:00,36.0
2025-06-12 07:49:00,50.313785814936594
2025-06-12 12:55:00,88.1
2025-06-12 21:46:00,83.7
2025-06-12 19:12:00,55.6
2025-06-12 13:17:00,89.0
2025-06-12 13:59:00,32.0
2025-06-12 04:09:00,33.7
2025-06-12 05:21:00,95.9
2025-06-12 19:02:00,66.3
2025-06-12 02:59:00,7.0
2025-06-12 11:53:00,22.3
2025-06-12 05:48:00,16.0
2025-06-12 05:59:00,50.313785814936594
2025-06-12 02:05:00,50.5
2025-06-12 11:22:00,75.9
2025-06-12 20:48:00,50.313785814936594
2025-06-12 12:57:00,99.3
2025-06-12 21:34:00,25.8
2025-06-12 16:56:00,59.7
2025-06-12 23:29:00,4.1
2025-06-12 21:34:00,68.8
2025-06-12 19:28:00,0.3
2025-06-12 05:43:00,86.4
2025-06-12 13:20:00,50.313785814936594
2025-06-12 10:25:00,32.3
2025-06-12 04:46:00,41.8
2025-06-12 20:23:00,97.8
2025-06-12 20:57:00,93.8
2025-06-12 05:36:00,79.8
2025-06-12 18:20:00,50.313785814936594
2025-06-12 04:12:00,22.3
2025-06-12 09:21:00,81.6
2025-06-12 17:29:00,41.1
2025-06-12 01:02:00,60.7
2025-06-12 23:56:00,74.9
2025-06-12 01:13:00,93.7
2025-06-12 16:57:00,51.2
2025-06-12 05:27:00,36.3
2025-06-12 11:52:00,68.5
2025-06-12 14:12:00,50.313785814936594
2025-06-12 00:09:00,32.1
2025-06-12 03:48:00,61.5
2025-06-12 09:23:00,65.7
2025-06-12 01:39:00,93.1
2025-06-12 13:30:00,43.6
2025-06-12 15:14:00,90.4
2025-06-12 09:38:00,26.6
2025-06-12 08:58:00,50.313785814936594
2025-06-12 06:22:00,70.7
2025-06-12 01:02:00,71.5
2025-06-12 21:54:00,50.6
2025-06-12 19:48:00,70.9
2025-06-12 05:03:00,25.2
2025-06-12 04:23:00,23.0
2025-06-12 19:04:00,50.313785814936594
2025-06-12 05:28:00,64.6
2025-06-12 10:30:00,58.2
2025-06-12 18:04:00,85.8
2025-06-12 08:33:00,39.3
2025-06-12 22:54:00,19.6
2025-06-12 01:53:00,49.947505013566115
2025-06-12 03:18:00,51.2
2025-06-12 08:14:00,40.7
2025-06-12 03:15:00,25.1
2025-06-12 16:54:00,49.947505013566115
2025-06-12 06:34:00,17.4
2025-06-12 10:29:00,41.9
2025-06-12 06:43:00,76.1
2025-06-12 13:01:00,69.8
2025-06-12 22:26:00,9.2
2025-06-12 05:30:00,85.0
2025-06-12 22:07:00,7.7
2025-06-12 09:05:00,31.2
2025-06-12 20:24:00,34.6
2025-06-12 15:03:00,55.6
2025-06-12 10:32:00,54.8
2025-06-12 18:16:00,0.1
2025-06-12 08:24:00,20.3
2025-06-12 20:09:00,76.2
2025-06-12 01:24:00,5.2
2025-06-12 13:16:00,22.9
2025-06-12 01:13:00,29.4
2025-06-12 02:38:00,45.4
2025-06-12 14:57:00,1.7
2025-06-12 10:12:00,49.947505013566115
2025-06-12 13:29:00,49.947505013566115
2025-06-12 05:03:00,75.2
2025-06-12 02:01:00,40.6
2025-06-12 22:17:00,49.0
2025-06-12 20:12:00,24.7
2025-06-12 06:11:00,9.1
2025-06-12 19:50:00,31.5
2025-06-12 17:12:00,49.6
2025-06-12 06:05:00,53.1
2025-06-12 16:55:00,20.1
2025-06-12 02:35:00,49.947505013566115
2025-06-12 23:14:00,74.2
2025-06-12 03:45:00,12.9
2025-06-12 02:00:00,27.9
2025-06-12 06:55:00,26.3
2025-06-12 01:10:00,49.947505013566115
2025-06-12 23:54:00,39.8
2025-06-12 06:46:00,49.947505013566115
2025-06-12 02:01:00,72.3
2025-06-12 09:23:00,76.2
2025-06-12 01:51:00,29.7
2025-06-12 23:34:00,36.6
2025-06-12 02:47:00,27.1
2025-06-12 05:47:00,28.1
2025-06-12 07:52:00,36.0
2025-06-12 00:11:00,49.947505013566115
2025-06-12 14:08:00,49.947505013566115
2025-06-12 08:15:00,76.7
2025-06-12 20:06:00,49.947505013566115
2025-06-12 00:16:00,49.947505013566115
2025-06-12 05:37:00,93.0
2025-06-12 09:41:00,70.2
2025-06-12 05:29:00,93.1
2025-06-12 02:18:00,54.0
2025-06-12 07:35:00,49.947505013566115
2025-06-12 10:06:00,97.7
2025-06-12 06:40:00,85.9
2025-06-12 15:02:00,86.1
2025-06-12 22:56:00,79.9
2025-06-12 02:48:00,85.0
2025-06-12 07:02:00,5.5
2025-06-12 14:09:00,21.0
2025-06-12 09:19:00,33.8
2025-06-12 07:03:00,49.947505013566115
2025-06-12 10:41:00,32.6
2025-06-12 19:09:00,22.0
2025-06-12 18:37:00,42.4
2025-06-12 00:43:00,36.9
2025-06-12 16:33:00,22.6
2025-06-12 20:01:00,49.947505013566115
2025-06-12 03:26:00,69.8
2025-06-12 15:20:00,27.4
2025-06-12 05:27:00,60.3
2025-06-12 18:35:00,69.0
2025-06-12 14:05:00,67.7
2025-06-12 18:46:00,49.947505013566115
2025-06-12 17:11:00,55.3
2025-06-12 03:35:00,49.947505013566115
2025-06-12 05:43:00,6.8
2025-06-12 10:06:00,45.5
2025-06-12 05:01:00,49.947505013566115
2025-06-12 19:17:00,98.5
2025-06-12 16:46:00,29.2
2025-06-12 05:38:00,4.3
2025-06-12 07:50:00,63.7
2025-06-12 21:06:00,89.7
2025-06-12 06:52:00,77.2
2025-06-12 08:59:00,49.947505013566115
2025-06-12 21:06:00,33.4
2025-06-12 06:57:00,49.947505013566115
2025-06-12 06:58:00,92.8
2025-06-12 23:31:00,13.3
2025-06-12 01:08:00,49.947505013566115
2025-06-12 00:17:00,55.7
2025-06-12 10:53:00,1.9
2025-06-12 09:09:00,12.7
2025-06-12 04:46:00,49.947505013566115
2025-06-12 05:12:00,61.2
2025-06-12 16:30:00,45.3
2025-06-12 09:33:00,49.947505013566115
2025-06-12 08:12:00,34.4
2025-06-12 22:25:00,49.947505013566115
2025-06-12 06:17:00,16.7
2025-06-12 23:08:00,61.7
2025-06-12 04:19:00,17.3
2025-06-12 01:15:00,30.4
2025-06-12 07:11:00,37.8
2025-06-12 06:04:00,16.6
2025-06-12 01:05:00,17.9
2025-06-12 01:39:00,36.5
2025-06-12 21:34:00,85.5
2025-06-12 03:28:00,68.3
2025-06-12 21:52:00,49.947505013566115
2025-06-12 12:47:00,89.0
2025-06-12 07:13:00,1.3
2025-06-12 19:45:00,78.4
2025-06-12 03:37:00,31.2
2025-06-12 01:30:00,49.947505013566115
2025-06-12 17:51:00,39.1
2025-06-12 19:06:00,50.7
2025-06-12 12:06:00,19.5
2025-06-12 01:40:00,49.947505013566115
2025-06-12 21:09:00,63.9
2025-06-12 12:20:00,20.5
2025-06-12 14:11:00,71.4
2025-06-12 10:43:00,49.947505013566115
2025-06-12 13:02:00,68.6
2025-06-12 17:22:00,1.0
2025-06-12 15:56:00,77.6
2025-06-12 10:40:00,91.7
2025-06-12 19:15:00,80.6
2025-06-12 02:58:00,27.2
2025-06-12 07:25:00,8.9
2025-06-12 19:51:00,39.3
2025-06-12 12:59:00,11.0
2025-06-12 03:31:00,50.1
2025-06-12 15:43:00,63.1
2025-06-12 19:03:00,5.1
2025-06-12 23:06:00,71.0
2025-06-12 08:07:00,81.3
2025-06-12 20:51:00,89.8
2025-06-12 11:20:00,76.5
2025-06-12 02:17:00,6.5
2025-06-12 01:56:00,80.7
2025-06-12 16:34:00,93.9
2025-06-12 09:44:00,49.947505013566115
2025-06-12 09:53:00,49.947505013566115
2025-06-12 08:19:00,12.1
2025-06-12 16:27:00,67.5
2025-06-12 20:42:00,21.5
2025-06-12 12:36:00,78.4
2025-06-12 23:42:00,56.0
2025-06-12 00:03:00,49.947505013566115
2025-06-12 00:35:00,8.5
2025-06-12 05:29:00,12.7
2025-06-12 12:53:00,73.7
2025-06-12 12:56:00,9.1
2025-06-12 21:31:00,5.6
2025-06-12 05:48:00,3.8
2025-06-12 04:19:00,32.9
2025-06-12 19:23:00,51.2
2025-06-12 18:46:00,49.947505013566115
2025-06-12 07:03:00,1.5
2025-06-12 23:32:00,64.7
2025-06-12 00:19:00,28.2
2025-06-12 17:51:00,68.5
2025-06-12 05:22:00,3.9
2025-06-12 21:31:00,49.947505013566115
2025-06-12 10:16:00,49.947505013566115
2025-06-12 20:29:00,53.0
2025-06-12 23:36:00,43.3
2025-06-12 10:39:00,25.1
2025-06-12 20:56:00,1.0
2025-06-12 22:27:00,22.6
2025-06-12 17:22:00,6.0
2025-06-12 02:00:00,49.947505013566115
2025-06-12 09:48:00,79.3
2025-06-12 00:27:00,86.0
2025-06-12 22:08:00,5.6
2025-06-12 18:03:00,86.9
2025-06-12 17:30:00,7.6
2025-06-12 22:53:00,49.5
2025-06-12 14:39:00,49.947505013566115
2025-06-12 14:03:00,49.947505013566115
2025-06-12 23:09:00,29.9
2025-06-12 20:26:00,73.5
2025-06-12 15:38:00,49.947505013566115
2025-06-12 15:41:00,70.8
2025-06-12 05:28:00,83.0
2025-06-12 15:38:00,79.5
2025-06-12 19:47:00,49.947505013566115
2025-06-12 12:04:00,51.7
2025-06-12 08:03:00,30.5
2025-06-12 21:14:00,49.947505013566115
2025-06-12 11:26:00,41.3
2025-06-12 19:45:00,50.4
2025-06-12 14:43:00,49.947505013566115
2025-06-12 00:45:00,52.9
2025-06-12 08:56:00,2.7
2025-06-12 22:30:00,78.4
2025-06-12 12:06:00,84.5
2025-06-12 21:16:00,32.4
2025-06-12 01:02:00,81.1
2025-06-12 13:09:00,67.7
2025-06-12 05:46:00,97.8
2025-06-12 22:09:00,84.3
2025-06-12 03:21:00,84.9
2025-06-12 05:34:00,64.6
2025-06-12 18:50:00,42.3
2025-06-12 17:07:00,53.1
2025-06-12 00:28:00,49.947505013566115
2025-06-12 16:53:00,92.0
2025-06-12 06:09:00,84.3
2025-06-12 15:04:00,30.1
2025-06-12 14:21:00,24.9
2025-06-12 20:06:00,67.5
2025-06-12 19:36:00,8.2
2025-06-12 00:04:00,45.4
2025-06-12 14:50:00,42.6
2025-06-12 03:19:00,3.0
2025-06-12 14:59:00,5.3
2025-06-12 10:51:00,39.0
2025-06-12 06:04:00,80.7
2025-06-12 10:03:00,2.0
2025-06-12 14:02:00,49.947505013566115
2025-06-12 18:44:00,55.5
2025-06-12 22:15:00,89.0
2025-06-12 04:50:00,86.2
2025-06-12 13:40:00,15.3
2025-06-12 14:37:00,49.947505013566115
2025-06-12 17:12:00,72.0
2025-06-12 02:04:00,61.7
2025-06-12 02:40:00,19.4
2025-06-12 13:05:00,90.3
2025-06-12 09:49:00,60.1
2025-06-12 11:49:00,18.9
2025-06-12 01:44:00,16.3
2025-06-12 15:32:00,73.0
2025-06-12 12:54:00,63.9
2025-06-12 02:05:00,10.9
2025-06-12 06:01:00,54.3
2025-06-12 15:46:00,76.4
2025-06-12 10:35:00,3.6
2025-06-12 04:33:00,49.947505013566115
2025-06-12 00:46:00,96.2
2025-06-12 18:24:00,49.947505013566115
2025-06-12 14:39:00,61.7
2025-06-12 14:05:00,63.0
2025-06-12 00:10:00,4.3
2025-06-12 18:04:00,82.5
2025-06-12 06:52:00,85.8
2025-06-12 21:15:00,15.7
2025-06-12 10:05:00,11.1
2025-06-12 12:05:00,76.4
2025-06-12 20:04:00,39.4
2025-06-12 10:44:00,49.947505013566115
2025-06-12 13:31:00,56.1
2025-06-12 16:50:00,98.3
2025-06-12 04:48:00,41.7
2025-06-12 02:19:00,3.6
2025-06-12 11:56:00,37.4
2025-06-12 15:08:00,74.0
2025-06-12 07:58:00,89.2
2025-06-12 12:28:00,81.2
2025-06-12 12:17:00,90.0
2025-06-12 04:14:00,32.2
2025-06-12 09:09:00,65.1
2025-06-12 00:02:00,84.8
2025-06-12 02:33:00,95.1
2025-06-12 20:32:00,57.1
2025-06-12 02:22:00,95.0
2025-06-12 00:19:00,49.947505013566115
2025-06-12 03:41:00,25.8
2025-06-12 00:12:00,36.3
2025-06-12 12:24:00,63.9
2025-06-12 20:18:00,49.947505013566115
2025-06-12 09:38:00,44.5
2025-06-12 05:22:00,95.8
2025-06-12 11:52:00,49.947505013566115
2025-06-12 23:35:00,43.0
2025-06-12 17:48:00,41.1
2025-06-12 16:44:00,96.7
2025-06-12 00:54:00,57.9
2025-06-12 19:07:00,49.947505013566115
2025-06-12 04:09:00,41.8
2025-06-12 22:18:00,49.947505013566115
2025-06-12 16:45:00,38.3
2025-06-12 02:19:00,72.3
2025-06-12 04:33:00,95.3
2025-06-12 07:58:00,93.5
2025-06-12 03:16:00,49.947505013566115
2025-06-12 19:37:00,48.0
2025-06-12 00:38:00,49.947505013566115
2025-06-12 14:33:00,13.7
2025-06-12 22:43:00,56.8
2025-06-12 21:05:00,96.9
2025-06-12 09:59:00,85.2
2025-06-12 14:52:00,49.947505013566115
2025-06-12 23:25:00,43.2
2025-06-12 18:57:00,77.9
2025-06-12 14:49:00,93.1
2025-06-12 11:01:00,42.3
2025-06-12 05:39:00,17.8
2025-06-12 16:26:00,59.0
2025-06-12 05:12:00,85.8
2025-06-12 23:23:00,8.2
2025-06-12 11:02:00,20.7
2025-06-12 19:01:00,5.1
2025-06-12 12:25:00,10.1
2025-06-12 18:27:00,7.4
2025-06-12 12:45:00,49.947505013566115
2025-06-12 06:43:00,30.4
2025-06-12 16:27:00,18.8
2025-06-12 17:00:00,49.947505013566115
2025-06-12 01:01:00,35.3
2025-06-12 21:23:00,70.7
2025-06-12 06:33:00,56.8
2025-06-12 10:22:00,19.1
2025-06-12 09:59:00,55.5
2025-06-12 21:07:00,20.8
2025-06-12 08:51:00,57.9
2025-06-12 21:55:00,76.3
2025-06-12 13:45:00,36.4
2025-06-12 15:09:00,96.8
2025-06-12 21:57:00,95.0
2025-06-12 08:43:00,32.4
2025-06-12 07:50:00,27.7
2025-06-12 04:55:00,91.6
2025-06-12 13:38:00,3.0
2025-06-12 09:53:00,49.0
2025-06-12 07:58:00,99.5
2025-06-12 00:05:00,50.31471380077256
2025-06-12 09:51:00,75.5
2025-06-12 15:19:00,49.4
2025-06-12 01:51:00,81.3
2025-06-12 03:21:00,22.5
2025-06-12 18:19:00,49.9
2025-06-12 10:03:00,58.9
2025-06-12 21:48:00,61.5
2025-06-12 22:41:00,7.7
2025-06-12 12:25:00,8.4
2025-06-12 17:47:00,50.31471380077256
2025-06-12 10:45:00,48.0
2025-06-12 01:00:00,65.6
2025-06-12 15:21:00,89.0
2025-06-12 02:34:00,36.8
2025-06-12 00:04:00,48.2
2025-06-12 23:07:00,40.3
2025-06-12 06:32:00,16.0
2025-06-12 14:32:00,50.31471380077256
2025-06-12 19:39:00,15.6
2025-06-12 13:19:00,50.31471380077256
2025-06-12 19:02:00,92.7
2025-06-12 06:54:00,7.1
2025-06-12 01:00:00,93.0
2025-06-12 10:01:00,23.8
2025-06-12 13:44:00,87.3
2025-06-12 14:38:00,4.8
2025-06-12 00:54:00,78.2
2025-06-12 22:29:00,98.0
2025-06-12 15:23:00,50.31471380077256
2025-06-12 18:06:00,2.2
2025-06-12 12:56:00,99.4
2025-06-12 06:13:00,50.31471380077256
2025-06-12 07:58:00,50.31471380077256
2025-06-12 13:17:00,72.9
2025-06-12 18:54:00,54.9
2025-06-12 15:27:00,68.2
2025-06-12 00:26:00,21.2
2025-06-12 00:41:00,3.9
2025-06-12 22:54:00,92.1
2025-06-12 12:15:00,51.2
2025-06-12 07:55:00,37.2
2025-06-12 21:08:00,50.31471380077256
2025-06-12 06:29:00,98.2
2025-06-12 20:47:00,92.8
2025-06-12 02:00:00,70.2
2025-06-12 07:29:00,53.7
2025-06-12 00:50:00,66.4
2025-06-12 07:08:00,40.9
2025-06-12 00:26:00,67.1
2025-06-12 06:33:00,4.0
2025-06-12 07:02:00,90.4
2025-06-12 06:12:00,19.4
2025-06-12 22:27:00,93.3
2025-06-12 03:52:00,50.31471380077256
2025-06-12 18:37:00,6.7
2025-06-12 14:07:00,23.4
2025-06-12 06:37:00,46.4
2025-06-12 11:15:00,11.2
2025-06-12 11:10:00,14.3
2025-06-12 15:25:00,55.9
2025-06-12 12:33:00,75.5
2025-06-12 15:42:00,75.6
2025-06-12 18:15:00,37.7
2025-06-12 01:59:00,50.31471380077256
2025-06-12 05:26:00,29.0
2025-06-12 10:55:00,50.31471380077256
2025-06-12 14:37:00,10.0
2025-06-12 04:25:00,95.0
2025-06-12 13:17:00,87.8
2025-06-12 09:27:00,23.1
2025-06-12 07:27:00,50.31471380077256
2025-06-12 21:12:00,50.31471380077256
2025-06-12 22:41:00,50.31471380077256
2025-06-12 18:48:00,5.1
2025-06-12 23:05:00,28.2
2025-06-12 14:35:00,37.8
2025-06-12 01:39:00,70.9
2025-06-12 07:59:00,41.0
2025-06-12 23:59:00,16.0
2025-06-12 00:58:00,80.9
2025-06-12 07:04:00,54.9
2025-06-12 21:23:00,26.9
2025-06-12 13:59:00,50.31471380077256
2025-06-12 11:55:00,46.3
2025-06-12 15:37:00,31.9
2025-06-12 07:11:00,44.8
2025-06-12 08:29:00,76.8
2025-06-12 14:35:00,50.31471380077256
2025-06-12 19:07:00,89.5
2025-06-12 17:52:00,50.31471380077256
2025-06-12 03:18:00,3.7
2025-06-12 05:33:00,15.4
2025-06-12 03:11:00,57.6
2025-06-12 09:08:00,68.0
2025-06-12 18:30:00,14.5
2025-06-12 22:36:00,72.6
2025-06-12 12:34:00,60.7
2025-06-12 22:48:00,85.2
2025-06-12 16:47:00,28.1
2025-06-12 18:14:00,48.1
2025-06-12 09:21:00,73.8
2025-06-12 01:44:00,26.2
2025-06-12 21:15:00,63.1
2025-06-12 11:24:00,50.31471380077256
2025-06-12 19:32:00,45.0
2025-06-12 05:36:00,50.31471380077256
2025-06-12 11:49:00,1.3
2025-06-12 10:20:00,50.31471380077256
2025-06-12 22:57:00,83.0
2025-06-12 06:00:00,45.2
2025-06-12 17:59:00,41.8
2025-06-12 13:01:00,39.8
2025-06-12 05:40:00,28.4
2025-06-12 15:10:00,84.8
2025-06-12 02:43:00,84.9
2025-06-12 12:39:00,93.0
2025-06-12 04:48:00,43.0
2025-06-12 01:45:00,8.4
2025-06-12 03:56:00,83.7
2025-06-12 16:57:00,12.9
2025-06-12 23:08:00,86.7
2025-06-12 10:26:00,26.8
2025-06-12 07:03:00,50.31471380077256
2025-06-12 22:35:00,3.7
2025-06-12 22:41:00,96.3
2025-06-12 19:14:00,71.8
2025-06-12 05:04:00,70.4
2025-06-12 18:43:00,73.7
2025-06-12 19:11:00,0.7
2025-06-12 14:00:00,26.1
2025-06-12 10:19:00,42.2
2025-06-12 05:04:00,29.6
2025-06-12 06:59:00,60.4
2025-06-12 23:54:00,45.7
2025-06-12 14:24:00,59.0
2025-06-12 11:37:00,59.2
2025-06-12 00:44:00,80.8
2025-06-12 22:39:00,6.2
2025-06-12 13:50:00,34.6
2025-06-12 06:18:00,82.8
2025-06-12 21:51:00,50.31471380077256
2025-06-12 23:36:00,5.1
2025-06-12 02:17:00,63.0
2025-06-12 08:25:00,50.31471380077256
2025-06-12 20:23:00,88.1
2025-06-12 14:23:00,35.7
2025-06-12 16:33:00,67.0
2025-06-12 04:16:00,6.5
2025-06-12 06:55:00,94.3
2025-06-12 10:37:00,50.31471380077256
2025-06-12 23:13:00,28.7
2025-06-12 18:38:00,87.3
2025-06-12 23:08:00,1.2
2025-06-12 14:01:00,55.2
2025-06-12 16:24:00,19.4
2025-06-12 09:49:00,44.4
2025-06-12 22:39:00,0.6
2025-06-12 01:08:00,81.5
2025-06-12 18:16:00,9.1
2025-06-12 16:29:00,44.7
2025-06-12 09:23:00,97.6
2025-06-12 18:35:00,50.31471380077256
2025-06-12 22:21:00,83.6
2025-06-12 18:32:00,27.1
2025-06-12 02:52:00,8.0
2025-06-12 12:06:00,37.9
2025-06-12 20:04:00,65.2
2025-06-12 15:29:00,83.4
2025-06-12 08:07:00,73.3
2025-06-12 07:23:00,50.8
2025-06-12 00:29:00,35.5
2025-06-12 12:46:00,37.4
2025-06-12 18:52:00,19.0
2025-06-12 00:28:00,50.31471380077256
2025-06-12 03:37:00,68.4
2025-06-12 12:44:00,58.6
2025-06-12 12:47:00,32.7
2025-06-12 09:58:00,3.4
2025-06-12 07:22:00,42.7
2025-06-12 21:18:00,13.7
2025-06-12 10:33:00,50.31471380077256
2025-06-12 17:09:00,1.0
2025-06-12 03:48:00,68.1
2025-06-12 02:06:00,50.31471380077256
2025-06-12 04:03:00,7.4
2025-06-12 06:14:00,22.9
2025-06-12 15:48:00,63.9
2025-06-12 07:34:00,92.9
2025-06-12 06:30:00,48.7
2025-06-12 11:27:00,64.0
2025-06-12 16:43:00,20.6
2025-06-12 07:08:00,59.6
2025-06-12 23:29:00,66.7
2025-06-12 01:57:00,76.5
2025-06-12 21:51:00,50.31471380077256
2025-06-12 20:58:00,65.8
2025-06-12 09:15:00,59.3
2025-06-12 06:13:00,23.1
2025-06-12 19:23:00,40.4
2025-06-12 08:54:00,50.31471380077256
2025-06-12 18:17:00,11.0
2025-06-12 03:58:00,95.6
2025-06-12 05:36:00,51.6
2025-06-12 04:17:00,99.5
2025-06-12 13:52:00,69.5
2025-06-12 20:18:00,62.2
2025-06-12 00:04:00,59.8
2025-06-12 08:41:00,69.1
2025-06-12 08:02:00,37.7
2025-06-12 06:41:00,13.9
2025-06-12 14:52:00,53.8
2025-06-12 23:14:00,55.2
2025-06-12 09:16:00,37.2
2025-06-12 03:16:00,74.3
2025-06-12 21:50:00,30.9
2025-06-12 18:48:00,22.0
2025-06-12 13:37:00,84.5
2025-06-12 23:48:00,53.4
2025-06-12 09:51:00,50.31471380077256
2025-06-12 04:10:00,98.2
2025-06-12 18:04:00,50.31471380077256
2025-06-12 20:29:00,66.3
2025-06-12 03:54:00,6.6
2025-06-12 20:29:00,96.1
2025-06-12 11:48:00,38.9
2025-06-12 01:39:00,93.9
2025-06-12 18:51:00,36.3
2025-06-12 20:46:00,89.8
2025-06-12 01:38:00,30.8
2025-06-12 18:41:00,42.2
2025-06-12 18:37:00,20.4
2025-06-12 09:34:00,16.7
2025-06-12 06:14:00,50.31471380077256
2025-06-12 06:58:00,51.0
2025-06-12 12:52:00,95.4
2025-06-12 06:46:00,52.3
2025-06-12 10:50:00,14.9
2025-06-12 17:18:00,50.31471380077256
2025-06-12 23:47:00,10.7
2025-06-12 17:25:00,50.4
2025-06-12 11:51:00,24.3
2025-06-12 11:19:00,24.5
2025-06-12 10:57:00,50.31471380077256
2025-06-12 19:25:00,50.31471380077256
2025-06-12 13:08:00,30.8
2025-06-12 17:39:00,50.31471380077256
2025-06-12 23:38:00,19.4
2025-06-12 00:41:00,78.8
2025-06-12 02:56:00,11.4
2025-06-12 16:19:00,79.8
2025-06-12 01:43:00,1.3
2025-06-12 03:03:00,78.8
2025-06-12 12:10:00,44.0
2025-06-12 10:13:00,1.8
2025-06-12 02:24:00,50.31471380077256
2025-06-12 07:37:00,64.0
2025-06-12 06:26:00,68.8
2025-06-12 00:32:00,90.8
2025-06-12 19:53:00,26.7
2025-06-12 18:34:00,86.1
2025-06-12 10:46:00,19.7
2025-06-12 16:08:00,71.7
2025-06-12 15:45:00,18.4
2025-06-12 12:25:00,79.5
2025-06-12 05:58:00,67.1
2025-06-12 02:43:00,72.4
2025-06-12 00:39:00,40.7
2025-06-12 19:28:00,22.3
2025-06-12 23:47:00,29.6
2025-06-12 21:43:00,86.4
2025-06-12 08:29:00,65.5
2025-06-12 03:12:00,50.31471380077256
2025-06-12 13:33:00,56.4
2025-06-12 13:30:00,9.5
2025-06-12 02:57:00,17.9
2025-06-12 05:15:00,61.5
2025-06-12 22:21:00,74.5
2025-06-12 03:21:00,95.2
2025-06-12 12:25:00,43.5
2025-06-12 17:22:00,3.9
2025-06-12 21:57:00,73.8
2025-06-12 14:01:00,10.3
2025-06-12 07:57:00,97.9
2025-06-12 18:55:00,93.0
2025-06-12 16:44:00,84.6
2025-06-12 01:43:00,50.31471380077256
2025-06-12 10:43:00,39.2
2025-06-12 01:16:00,78.1
2025-06-12 19:23:00,38.0
2025-06-12 00:12:00,26.3
2025-06-12 16:59:00,50.31471380077256
2025-06-12 23:00:00,50.31471380077256
2025-06-12 14:43:00,88.9
2025-06-12 17:53:00,20.1
2025-06-12 10:54:00,50.4
2025-06-12 23:51:00,84.3
2025-06-12 15:47:00,43.3
2025-06-12 18:08:00,23.8
2025-06-12 13:59:00,50.31471380077256
2025-06-12 00:07:00,20.8
2025-06-12 06:14:00,85.3
2025-06-12 09:33:00,43.0
2025-06-12 00:52:00,72.7
2025-06-12 12:02:00,43.2
2025-06-12 17:18:00,3.2
2025-06-12 01:29:00,55.4
2025-06-12 21:39:00,41.2
2025-06-12 07:06:00,26.9
2025-06-12 07:52:00,7.5
2025-06-12 07:00:00,48.5
2025-06-12 16:08:00,46.9
2025-06-12 18:23:00,45.3
2025-06-12 05:33:00,47.2
2025-06-12 13:15:00,50.31471380077256
2025-06-12 18:42:00,16.7
2025-06-12 16:22:00,28.7
2025-06-12 06:54:00,78.1
2025-06-12 20:22:00,32.2
2025-06-12 01:10:00,23.5
2025-06-12 11:19:00,89.1
2025-06-12 20:50:00,21.9
2025-06-12 13:14:00,9.2
2025-06-12 13:00:00,51.9
2025-06-12 00:12:00,37.8
2025-06-12 09:01:00,33.5
2025-06-12 20:01:00,40.5
2025-06-12 18:43:00,11.4
2025-06-12 01:30:00,5.1
2025-06-12 04:52:00,73.0
2025-06-12 19:36:00,49.873700916999766
2025-06-12 13:26:00,49.873700916999766
2025-06-12 16:55:00,34.9
2025-06-12 05:42:00,53.3
2025-06-12 01:34:00,83.7
2025-06-12 17:11:00,24.1
2025-06-12 22:04:00,65.4
2025-06-12 14:06:00,26.5
2025-06-12 03:51:00,68.6
2025-06-12 22:25:00,1.3
2025-06-12 20:49:00,52.0
2025-06-12 14:24:00,63.9
2025-06-12 00:52:00,15.4
2025-06-12 08:08:00,76.5
2025-06-12 13:00:00,49.873700916999766
2025-06-12 01:43:00,9.2
2025-06-12 19:38:00,34.8
2025-06-12 15:18:00,15.7
2025-06-12 19:57:00,49.873700916999766
2025-06-12 08:09:00,66.1
2025-06-12 10:17:00,28.0
2025-06-12 13:54:00,49.873700916999766
2025-06-12 07:45:00,49.873700916999766
2025-06-12 11:14:00,81.0
2025-06-12 14:38:00,15.8
2025-06-12 13:44:00,53.6
2025-06-12 15:28:00,49.873700916999766
2025-06-12 08:35:00,81.1
2025-06-12 07:38:00,82.4
2025-06-12 08:36:00,49.873700916999766
2025-06-12 21:08:00,92.8
2025-06-12 15:55:00,24.4
2025-06-12 09:05:00,65.6
2025-06-12 02:11:00,5.3
2025-06-12 18:17:00,46.1
2025-06-12 11:48:00,97.6
2025-06-12 00:10:00,66.9
2025-06-12 19:49:00,68.7
2025-06-12 04:44:00,49.873700916999766
2025-06-12 06:46:00,49.873700916999766
2025-06-12 06:11:00,84.1
2025-06-12 01:29:00,35.1
2025-06-12 14:51:00,9.7
2025-06-12 03:32:00,36.2
2025-06-12 21:30:00,39.4
2025-06-12 20:02:00,95.7
2025-06-12 09:11:00,50.5
2025-06-12 01:23:00,52.5
2025-06-12 08:10:00,22.3
2025-06-12 11:43:00,41.4
2025-06-12 14:00:00,80.4
2025-06-12 12:32:00,73.8
2025-06-12 11:24:00,93.4
2025-06-12 11:00:00,2.9
2025-06-12 11:00:00,63.3
2025-06-12 23:15:00,65.2
2025-06-12 00:57:00,68.0
2025-06-12 15:46:00,87.4
2025-06-12 10:20:00,55.6
2025-06-12 08:58:00,49.873700916999766
2025-06-12 22:58:00,52.3
2025-06-12 21:58:00,50.5
2025-06-12 16:42:00,2.0
2025-06-12 09:39:00,64.1
2025-06-12 15:37:00,26.2
2025-06-12 14:38:00,49.873700916999766
2025-06-12 17:12:00,18.4
2025-06-12 06:02:00,89.5
2025-06-12 13:24:00,19.4
2025-06-12 19:03:00,32.5
2025-06-12 05:26:00,88.3
2025-06-12 01:26:00,54.7
2025-06-12 02:56:00,23.4
2025-06-12 10:09:00,3.0
2025-06-12 13:42:00,47.8
2025-06-12 17:08:00,80.4
2025-06-12 00:48:00,45.1
2025-06-12 12:53:00,88.9
2025-06-12 20:33:00,49.7
2025-06-12 17:59:00,46.9
2025-06-12 01:53:00,69.6
2025-06-12 09:41:00,68.6
2025-06-12 10:51:00,63.4
2025-06-12 04:58:00,49.873700916999766
2025-06-12 14:12:00,51.5
2025-06-12 13:17:00,88.2
2025-06-12 20:55:00,38.1
2025-06-12 17:41:00,42.7
2025-06-12 10:30:00,64.8
2025-06-12 00:22:00,37.7
2025-06-12 04:01:00,4.1
2025-06-12 08:37:00,82.0
2025-06-12 02:13:00,64.5
2025-06-12 13:29:00,69.3
2025-06-12 09:08:00,57.7
2025-06-12 12:34:00,19.5
2025-06-12 16:40:00,7.4
2025-06-12 11:35:00,59.8
2025-06-12 06:13:00,98.4
2025-06-12 12:41:00,40.4
2025-06-12 13:43:00,80.4
2025-06-12 18:06:00,32.6
2025-06-12 09:23:00,84.6
2025-06-12 20:13:00,87.3
2025-06-12 12:50:00,76.8
2025-06-12 05:33:00,49.873700916999766
2025-06-12 01:53:00,90.9
2025-06-12 19:43:00,33.9
2025-06-12 12:02:00,8.1
2025-06-12 09:03:00,82.5
2025-06-12 22:49:00,79.5
2025-06-12 18:55:00,52.4
2025-06-12 18:52:00,49.873700916999766
2025-06-12 16:53:00,14.7
2025-06-12 23:06:00,69.8
2025-06-12 23:28:00,41.8
2025-06-12 05:01:00,17.5
2025-06-12 14:13:00,55.0
2025-06-12 19:54:00,6.0
2025-06-12 04:42:00,0.1
2025-06-12 06:27:00,11.9
2025-06-12 03:43:00,49.873700916999766
2025-06-12 02:08:00,71.2
2025-06-12 13:59:00,48.4
2025-06-12 04:31:00,57.5
2025-06-12 11:04:00,49.873700916999766
2025-06-12 20:45:00,81.5
2025-06-12 19:41:00,84.2
2025-06-12 10:55:00,49.873700916999766
2025-06-12 10:39:00,49.873700916999766
2025-06-12 11:37:00,70.0
2025-06-12 03:32:00,2.1
2025-06-12 07:03:00,49.873700916999766
2025-06-12 02:38:00,52.8
2025-06-12 11:27:00,5.3
2025-06-12 15:06:00,49.873700916999766
2025-06-12 09:56:00,54.7
2025-06-12 02:25:00,49.873700916999766
2025-06-12 10:13:00,10.0
2025-06-12 22:31:00,29.5
2025-06-12 08:00:00,61.8
2025-06-12 22:56:00,16.0
2025-06-12 05:10:00,1.2
2025-06-12 19:08:00,0.7
2025-06-12 16:24:00,49.873700916999766
2025-06-12 17:27:00,58.0
2025-06-12 11:11:00,17.2
2025-06-12 21:47:00,49.873700916999766
2025-06-12 13:44:00,11.0
2025-06-12 13:12:00,80.3
2025-06-12 08:18:00,47.8
2025-06-12 01:25:00,3.2
2025-06-12 18:12:00,29.9
2025-06-12 11:38:00,26.3
2025-06-12 14:34:00,44.8
2025-06-12 20:21:00,76.7
2025-06-12 18:18:00,3.4
2025-06-12 01:02:00,73.9
2025-06-12 01:35:00,52.0
2025-06-12 02:53:00,6.5
2025-06-12 18:48:00,23.2
2025-06-12 14:57:00,86.5
2025-06-12 20:46:00,91.0
2025-06-12 09:47:00,39.9
2025-06-12 02:50:00,49.873700916999766
2025-06-12 14:37:00,49.873700916999766
2025-06-12 00:44:00,26.0
2025-06-12 01:00:00,68.7
2025-06-12 20:46:00,34.1
2025-06-12 15:04:00,93.0
2025-06-12 01:07:00,20.0
2025-06-12 17:33:00,78.9
2025-06-12 22:33:00,12.1
2025-06-12 04:37:00,49.873700916999766
2025-06-12 17:00:00,34.8
2025-06-12 08:41:00,8.0
2025-06-12 23:10:00,2.5
2025-06-12 12:59:00,96.9
2025-06-12 05:04:00,56.2
2025-06-12 15:49:00,66.6
2025-06-12 08:14:00,4.0
2025-06-12 01:47:00,56.4
2025-06-12 05:01:00,49.873700916999766
2025-06-12 02:20:00,75.3
2025-06-12 10:31:00,50.3
2025-06-12 11:42:00,69.9
2025-06-12 18:26:00,74.7
2025-06-12 13:11:00,99.8
2025-06-12 15:06:00,49.873700916999766
2025-06-12 18:33:00,75.4
2025-06-12 23:26:00,3.8
2025-06-12 16:19:00,71.5
2025-06-12 11:09:00,6.4
2025-06-12 14:34:00,61.9
2025-06-12 07:11:00,78.8
2025-06-12 11:04:00,68.1
2025-06-12 19:12:00,82.5
2025-06-12 16:51:00,16.3
2025-06-12 23:34:00,1.2
2025-06-12 16:29:00,76.5
2025-06-12 18:17:00,28.9
2025-06-12 18:47:00,42.0
2025-06-12 08:09:00,86.7
2025-06-12 19:52:00,22.6
2025-06-12 00:37:00,86.5
2025-06-12 11:26:00,19.6
2025-06-12 13:17:00,49.873700916999766
2025-06-12 16:43:00,63.4
2025-06-12 07:49:00,53.8
2025-06-12 21:03:00,28.8
2025-06-12 08:47:00,50.3
2025-06-12 02:53:00,28.2
2025-06-12 14:20:00,45.1
2025-06-12 10:13:00,35.6
2025-06-12 20:29:00,58.4
2025-06-12 18:09:00,85.2
2025-06-12 13:52:00,4.1
2025-06-12 22:02:00,49.1
2025-06-12 17:59:00,22.3
2025-06-12 00:45:00,29.9
2025-06-12 21:25:00,93.9
2025-06-12 06:11:00,83.4
2025-06-12 02:33:00,19.1
2025-06-12 18:56:00,87.5
2025-06-12 04:03:00,6.9
2025-06-12 08:27:00,83.7
2025-06-12 01:33:00,45.3
2025-06-12 17:43:00,17.1
2025-06-12 15:03:00,67.5
2025-06-12 11:31:00,34.0
2025-06-12 18:46:00,45.7
2025-06-12 00:31:00,80.9
2025-06-12 16:05:00,74.6
2025-06-12 20:19:00,49.873700916999766
2025-06-12 11:29:00,49.873700916999766
2025-06-12 13:08:00,64.9
2025-06-12 01:19:00,49.873700916999766
2025-06-12 11:24:00,34.7
2025-06-12 03:36:00,12.2
2025-06-12 23:19:00,95.5
2025-06-12 05:04:00,68.5
2025-06-12 07:48:00,38.6
2025-06-12 18:23:00,25.7
2025-06-12 22:17:00,16.6
2025-06-12 06:02:00,49.873700916999766
2025-06-12 06:08:00,91.2
2025-06-12 17:42:00,1.8
2025-06-12 14:46:00,80.2
2025-06-12 13:39:00,11.9
2025-06-12 21:11:00,66.9
2025-06-12 00:29:00,46.2
2025-06-12 11:05:00,36.3
2025-06-12 03:19:00,70.4
2025-06-12 12:15:00,71.4
2025-06-12 19:46:00,35.3
2025-06-12 03:25:00,28.2
2025-06-12 07:39:00,49.5
2025-06-12 05:43:00,45.7
2025-06-12 01:42:00,21.8
2025-06-12 02:02:00,49.873700916999766
2025-06-12 06:35:00,83.0
2025-06-12 05:09:00,17.5
2025-06-12 22:24:00,34.7
2025-06-12 05:19:00,11.0
2025-06-12 09:26:00,94.6
2025-06-12 13:06:00,91.6
2025-06-12 16:40:00,82.6
2025-06-12 23:07:00,88.7
2025-06-12 03:08:00,15.9
2025-06-12 10:50:00,88.0
2025-06-12 21:11:00,55.0
2025-06-12 00:15:00,21.2
2025-06-12 03:59:00,22.6
2025-06-12 03:41:00,4.6
2025-06-12 03:36:00,51.4
2025-06-12 12:34:00,43.5
2025-06-12 11:33:00,31.2
2025-06-12 09:43:00,90.0
2025-06-12 00:24:00,69.8
2025-06-12 07:15:00,74.2
2025-06-12 17:31:00,42.1
2025-06-12 08:44:00,20.4
2025-06-12 02:10:00,12.0
2025-06-12 00:23:00,53.1
2025-06-12 09:38:00,49.873700916999766
2025-06-12 13:17:00,38.9
2025-06-12 05:45:00,23.2
2025-06-12 14:35:00,17.9
2025-06-12 16:13:00,35.3
2025-06-12 05:14:00,60.1
2025-06-12 11:17:00,97.9
2025-06-12 20:43:00,60.4
2025-06-12 01:58:00,62.5
2025-06-12 06:18:00,49.873700916999766
2025-06-12 01:15:00,82.1
2025-06-12 10:59:00,63.8
2025-06-12 23:07:00,45.7
2025-06-12 10:12:00,88.8
2025-06-12 20:48:00,56.1
2025-06-12 21:57:00,12.2
2025-06-12 17:51:00,95.6
2025-06-12 17:20:00,10.4
2025-06-12 03:49:00,65.8
2025-06-12 14:32:00,99.9
2025-06-12 22:36:00,36.5
2025-06-12 02:05:00,53.8
2025-06-12 14:26:00,37.8
2025-06-12 06:49:00,46.4
2025-06-12 00:41:00,14.5
2025-06-12 05:23:00,33.5
2025-06-12 13:37:00,94.0
2025-06-12 14:58:00,78.3
2025-06-12 13:04:00,66.8
2025-06-12 07:50:00,3.1
2025-06-12 11:04:00,82.2
2025-06-12 05:52:00,98.8
2025-06-12 15:04:00,19.2
2025-06-12 14:43:00,67.3
2025-06-12 01:41:00,21.0
2025-06-12 22:12:00,14.9
2025-06-12 21:01:00,11.0
2025-06-12 17:07:00,82.8
2025-06-12 12:35:00,84.0
2025-06-12 10:59:00,35.1
2025-06-12 20:12:00,49.660353652861794
2025-06-12 01:47:00,40.2
2025-06-12 15:12:00,47.1
2025-06-12 09:04:00,0.9
2025-06-12 18:18:00,58.1
2025-06-12 20:40:00,12.6
2025-06-12 11:06:00,87.0
2025-06-12 08:38:00,49.660353652861794
2025-06-12 06:46:00,1.0
2025-06-12 17:57:00,96.9
2025-06-12 07:25:00,63.5
2025-06-12 06:16:00,2.1
2025-06-12 04:06:00,76.0
2025-06-12 03:30:00,0.9
2025-06-12 19:35:00,49.660353652861794
2025-06-12 23:28:00,93.6
2025-06-12 04:32:00,49.660353652861794
2025-06-12 04:50:00,87.6
2025-06-12 17:17:00,73.0
2025-06-12 18:05:00,3.1
2025-06-12 11:37:00,50.2
2025-06-12 09:31:00,49.0
2025-06-12 12:37:00,76.6
2025-06-12 18:16:00,3.9
2025-06-12 11:22:00,82.6
2025-06-12 16:28:00,98.3
2025-06-12 13:02:00,54.6
2025-06-12 20:57:00,52.4
2025-06-12 14:36:00,22.2
2025-06-12 08:48:00,0.8
2025-06-12 06:06:00,59.4
2025-06-12 22:01:00,0.6
2025-06-12 22:48:00,49.660353652861794
2025-06-12 18:17:00,0.4
2025-06-12 12:37:00,70.6
2025-06-12 23:45:00,38.5
2025-06-12 05:43:00,49.660353652861794
2025-06-12 21:42:00,49.6
2025-06-12 22:14:00,49.660353652861794
2025-06-12 22:08:00,85.7
2025-06-12 14:20:00,70.7
2025-06-12 04:03:00,95.8
2025-06-12 03:31:00,88.8
2025-06-12 23:41:00,49.660353652861794
2025-06-12 12:38:00,29.8
2025-06-12 08:45:00,59.3
2025-06-12 19:24:00,61.1
2025-06-12 08:04:00,49.660353652861794
2025-06-12 07:02:00,43.2
2025-06-12 12:55:00,71.1
2025-06-12 10:52:00,59.7
2025-06-12 16:19:00,57.2
2025-06-12 00:21:00,49.660353652861794
2025-06-12 04:22:00,68.5
2025-06-12 10:31:00,75.0
2025-06-12 17:02:00,52.4
2025-06-12 22:36:00,96.5
2025-06-12 20:11:00,49.660353652861794
2025-06-12 08:51:00,1.8
2025-06-12 01:29:00,49.660353652861794
2025-06-12 13:02:00,49.660353652861794
2025-06-12 03:16:00,67.7
2025-06-12 08:25:00,53.0
2025-06-12 19:06:00,29.8
2025-06-12 17:02:00,13.4
2025-06-12 00:46:00,13.2
2025-06-12 03:30:00,58.4
2025-06-12 14:16:00,72.7
2025-06-12 18:44:00,48.2
2025-06-12 03:45:00,67.4
2025-06-12 08:59:00,92.8
2025-06-12 09:06:00,20.6
2025-06-12 21:44:00,24.2
2025-06-12 14:37:00,72.5
2025-06-12 12:05:00,40.2
2025-06-12 17:20:00,24.8
2025-06-12 06:54:00,62.2
2025-06-12 06:07:00,85.6
2025-06-12 06:11:00,1.9
2025-06-12 01:09:00,16.3
2025-06-12 06:49:00,89.9
2025-06-12 19:41:00,0.5
2025-06-12 03:02:00,52.0
2025-06-12 00:01:00,18.5
2025-06-12 16:33:00,81.1
2025-06-12 04:17:00,53.4
2025-06-12 21:14:00,49.660353652861794
2025-06-12 14:57:00,2.3
2025-06-12 05:17:00,78.7
2025-06-12 22:10:00,89.2
2025-06-12 10:04:00,66.8
2025-06-12 10:08:00,84.4
2025-06-12 20:45:00,48.5
2025-06-12 01:32:00,68.4
2025-06-12 06:43:00,14.3
2025-06-12 06:39:00,54.5
2025-06-12 16:34:00,63.6
2025-06-12 09:22:00,42.5
2025-06-12 16:29:00,6.5
2025-06-12 14:07:00,61.3
2025-06-12 23:24:00,49.660353652861794
2025-06-12 22:19:00,46.1
2025-06-12 12:41:00,70.2
2025-06-12 17:46:00,49.660353652861794
2025-06-12 08:19:00,14.5
2025-06-12 17:27:00,52.7
2025-06-12 04:27:00,49.660353652861794
2025-06-12 06:33:00,3.4
2025-06-12 15:38:00,68.6
2025-06-12 08:45:00,70.5
2025-06-12 12:22:00,27.4
2025-06-12 15:50:00,32.5
2025-06-12 13:36:00,23.1
2025-06-12 17:42:00,49.660353652861794
2025-06-12 07:08:00,91.1
2025-06-12 14:38:00,87.0
2025-06-12 11:05:00,57.5
2025-06-12 11:09:00,50.4
2025-06-12 12:03:00,44.1
2025-06-12 18:48:00,13.9
2025-06-12 13:27:00,49.6
2025-06-12 06:02:00,27.4
2025-06-12 06:44:00,66.3
2025-06-12 20:14:00,81.7
2025-06-12 20:52:00,34.7
2025-06-12 03:46:00,49.660353652861794
2025-06-12 19:34:00,52.0
2025-06-12 04:45:00,36.4
2025-06-12 07:04:00,13.8
2025-06-12 21:39:00,58.5
2025-06-12 20:52:00,60.7
2025-06-12 02:06:00,33.4
2025-06-12 23:18:00,61.7
2025-06-12 10:39:00,20.1
2025-06-12 19:11:00,3.2
2025-06-12 05:08:00,37.0
2025-06-12 01:49:00,17.4
2025-06-12 04:43:00,78.5
2025-06-12 21:04:00,71.0
2025-06-12 06:07:00,49.660353652861794
2025-06-12 06:10:00,41.4
2025-06-12 19:27:00,48.1
2025-06-12 23:25:00,80.7
2025-06-12 23:23:00,11.0
2025-06-12 00:04:00,18.2
2025-06-12 18:51:00,49.660353652861794
2025-06-12 07:19:00,16.3
2025-06-12 14:23:00,72.3
2025-06-12 15:40:00,19.3
2025-06-12 23:03:00,78.4
2025-06-12 06:14:00,79.2
2025-06-12 21:32:00,0.8
2025-06-12 11:42:00,64.9
2025-06-12 11:03:00,14.7
2025-06-12 05:08:00,49.660353652861794
2025-06-12 19:58:00,94.7
2025-06-12 14:39:00,49.660353652861794
2025-06-12 15:08:00,98.0
2025-06-12 06:13:00,52.7
2025-06-12 19:21:00,32.1
2025-06-12 00:59:00,49.660353652861794
2025-06-12 04:32:00,8.4
2025-06-12 18:50:00,49.660353652861794
2025-06-12 14:35:00,18.3
2025-06-12 08:15:00,56.1
2025-06-12 22:51:00,67.1
2025-06-12 14:30:00,28.6
2025-06-12 14:43:00,49.0
2025-06-12 09:18:00,91.7
2025-06-12 14:50:00,26.2
2025-06-12 14:08:00,61.3
2025-06-12 15:31:00,49.660353652861794
2025-06-12 10:43:00,78.7
2025-06-12 22:32:00,11.9
2025-06-12 13:59:00,64.9
2025-06-12 08:44:00,22.9
2025-06-12 05:16:00,49.660353652861794
2025-06-12 20:35:00,49.6
2025-06-12 13:14:00,49.660353652861794
2025-06-12 10:47:00,61.8
2025-06-12 19:49:00,15.4
2025-06-12 16:23:00,50.8
2025-06-12 18:37:00,37.2
2025-06-12 23:36:00,17.0
2025-06-12 13:17:00,49.660353652861794
2025-06-12 15:53:00,58.6
2025-06-12 01:46:00,49.660353652861794
2025-06-12 11:22:00,85.1
2025-06-12 07:55:00,24.9
2025-06-12 05:27:00,46.7
2025-06-12 09:46:00,82.1
2025-06-12 00:59:00,38.0
2025-06-12 21:35:00,55.6
2025-06-12 23:16:00,70.4
2025-06-12 16:54:00,92.3
2025-06-12 20:50:00,19.5
2025-06-12 11:35:00,95.4
2025-06-12 00:52:00,82.4
2025-06-12 02:45:00,29.8
2025-06-12 08:21:00,32.1
2025-06-12 10:30:00,28.2
2025-06-12 22:15:00,6.9
2025-06-12 21:24:00,41.5
2025-06-12 00:08:00,56.8
2025-06-12 06:58:00,26.6
2025-06-12 16:49:00,53.8
2025-06-12 17:25:00,86.6
2025-06-12 02:24:00,56.6
2025-06-12 02:56:00,36.9
2025-06-12 01:27:00,57.0
2025-06-12 15:41:00,49.660353652861794
2025-06-12 10:45:00,49.660353652861794
2025-06-12 06:34:00,61.8
2025-06-12 12:20:00,48.1
2025-06-12 07:49:00,96.1
2025-06-12 01:39:00,46.7
2025-06-12 11:27:00,99.3
2025-06-12 08:31:00,11.7
2025-06-12 07:16:00,38.1
2025-06-12 20:26:00,62.2
2025-06-12 19:48:00,49.660353652861794
2025-06-12 21:32:00,44.3
2025-06-12 16:42:00,55.0
2025-06-12 07:10:00,87.0
2025-06-12 02:39:00,8.9
2025-06-12 23:24:00,75.4
2025-06-12 11:40:00,58.6
2025-06-12 16:28:00,82.9
2025-06-12 15:28:00,24.5
2025-06-12 21:23:00,7.0
2025-06-12 00:14:00,20.4
2025-06-12 21:14:00,57.0
2025-06-12 16:48:00,73.9
2025-06-12 08:08:00,11.7
2025-06-12 07:59:00,86.8
2025-06-12 08:16:00,34.6
2025-06-12 01:25:00,2.0
2025-06-12 03:52:00,33.5
2025-06-12 23:19:00,49.9
2025-06-12 11:51:00,46.4
2025-06-12 18:48:00,7.5
2025-06-12 23:00:00,13.2
2025-06-12 08:35:00,49.660353652861794
2025-06-12 00:20:00,9.8
2025-06-12 20:00:00,58.4
2025-06-12 07:09:00,27.8
2025-06-12 15:47:00,73.4
2025-06-12 01:47:00,66.9
2025-06-12 22:41:00,77.4
2025-06-12 02:57:00,59.3
2025-06-12 10:36:00,7.7
2025-06-12 00:56:00,58.8
2025-06-12 21:43:00,49.660353652861794
2025-06-12 06:32:00,25.7
2025-06-12 16:34:00,98.3
2025-06-12 23:44:00,27.0
2025-06-12 03:49:00,17.2
2025-06-12 05:25:00,44.4
2025-06-12 09:55:00,67.5
2025-06-12 19:48:00,90.0
2025-06-12 10:03:00,55.3
2025-06-12 20:18:00,26.9
2025-06-12 08:03:00,7.4
2025-06-12 01:27:00,54.3
2025-06-12 12:44:00,95.6
2025-06-12 01:33:00,57.7
2025-06-12 22:51:00,53.2
2025-06-12 23:11:00,94.9
2025-06-12 02:22:00,89.8
2025-06-12 02:05:00,45.2
2025-06-12 13:27:00,65.1
2025-06-12 22:01:00,88.1
2025-06-12 18:37:00,32.6
2025-06-12 12:59:00,43.4
2025-06-12 23:03:00,78.3
2025-06-12 15:24:00,44.3
2025-06-12 10:07:00,30.2
2025-06-12 23:17:00,90.8
2025-06-12 07:53:00,81.9
2025-06-12 08:01:00,96.7
2025-06-12 18:17:00,7.7
2025-06-12 22:14:00,49.1
2025-06-12 22:32:00,60.7
2025-06-12 08:29:00,84.6
2025-06-12 13:19:00,81.2
2025-06-12 00:18:00,72.2
2025-06-12 09:37:00,78.7
2025-06-12 04:51:00,43.5
2025-06-12 10:31:00,49.660353652861794
2025-06-12 14:07:00,88.9
2025-06-12 09:56:00,34.1
2025-06-12 09:01:00,77.5
2025-06-12 06:29:00,49.660353652861794
2025-06-12 19:31:00,59.1
2025-06-12 11:14:00,34.0
2025-06-12 14:47:00,34.4
2025-06-12 20:38:00,33.3
2025-06-12 15:24:00,92.4
2025-06-12 09:53:00,61.8
2025-06-12 17:51:00,49.660353652861794
2025-06-12 07:20:00,57.9
2025-06-12 23:55:00,62.5
2025-06-12 04:44:00,88.2
2025-06-12 05:06:00,20.3
2025-06-12 23:27:00,34.3
2025-06-12 08:39:00,50.5
2025-06-12 04:16:00,76.5
2025-06-12 15:59:00,49.660353652861794
2025-06-12 15:33:00,33.8
2025-06-12 01:50:00,30.1
2025-06-12 23:00:00,18.3
2025-06-12 16:46:00,30.7
2025-06-12 20:20:00,22.0
2025-06-12 16:16:00,49.9804001872221
2025-06-12 20:04:00,64.6
2025-06-12 16:13:00,49.9804001872221
2025-06-12 18:00:00,67.9
2025-06-12 02:12:00,30.2
2025-06-12 20:06:00,49.9804001872221
2025-06-12 12:30:00,3.7
2025-06-12 13:07:00,49.9804001872221
2025-06-12 20:27:00,70.2
2025-06-12 08:44:00,17.2
2025-06-12 10:41:00,38.0
2025-06-12 02:58:00,49.9804001872221
2025-06-12 15:30:00,37.2
2025-06-12 14:07:00,10.2
2025-06-12 04:47:00,40.7
2025-06-12 14:07:00,91.2
2025-06-12 01:30:00,19.6
2025-06-12 23:35:00,49.9804001872221
2025-06-12 12:26:00,87.1
2025-06-12 19:04:00,61.7
2025-06-12 14:29:00,23.8
2025-06-12 09:48:00,19.5
2025-06-12 09:58:00,49.9804001872221
2025-06-12 01:33:00,31.8
2025-06-12 03:59:00,49.7
2025-06-12 15:31:00,35.3
2025-06-12 04:19:00,92.6
2025-06-12 21:10:00,49.9804001872221
2025-06-12 18:05:00,64.9
2025-06-12 02:22:00,49.9804001872221
2025-06-12 00:11:00,59.7
2025-06-12 17:01:00,86.8
2025-06-12 15:07:00,88.5
2025-06-12 01:19:00,88.5
2025-06-12 16:47:00,49.9804001872221
2025-06-12 05:36:00,67.0
2025-06-12 00:23:00,58.3
2025-06-12 09:45:00,24.2
2025-06-12 10:55:00,70.6
2025-06-12 13:21:00,49.9804001872221
2025-06-12 10:29:00,0.6
2025-06-12 09:38:00,62.7
2025-06-12 02:44:00,63.5
2025-06-12 17:31:00,28.3
2025-06-12 15:09:00,41.8
2025-06-12 08:41:00,49.9804001872221
2025-06-12 15:12:00,76.7
2025-06-12 07:08:00,43.1
2025-06-12 19:52:00,71.0
2025-06-12 09:15:00,61.4
2025-06-12 11:55:00,38.8
2025-06-12 07:48:00,49.9804001872221
2025-06-12 12:11:00,62.3
2025-06-12 08:41:00,81.6
2025-06-12 12:17:00,63.3
2025-06-12 02:09:00,65.1
2025-06-12 06:44:00,91.6
2025-06-12 08:09:00,1.5
2025-06-12 11:09:00,84.3
2025-06-12 09:51:00,78.3
2025-06-12 12:11:00,51.8
2025-06-12 23:36:00,94.9
2025-06-12 05:33:00,28.0
2025-06-12 02:51:00,90.6
2025-06-12 13:24:00,43.7
2025-06-12 11:02:00,49.9804001872221
2025-06-12 16:16:00,38.4
2025-06-12 00:58:00,8.3
2025-06-12 19:13:00,82.4
2025-06-12 17:29:00,82.9
2025-06-12 03:10:00,69.1
2025-06-12 02:52:00,51.1
2025-06-12 09:45:00,49.9804001872221
2025-06-12 08:04:00,39.0
2025-06-12 11:05:00,15.1
2025-06-12 21:25:00,37.1
2025-06-12 01:07:00,64.1
2025-06-12 18:59:00,43.5
2025-06-12 12:55:00,40.4
2025-06-12 08:33:00,40.4
2025-06-12 21:55:00,65.2
2025-06-12 12:10:00,18.0
2025-06-12 17:27:00,96.4
2025-06-12 10:36:00,91.2
2025-06-12 19:48:00,45.4
2025-06-12 08:24:00,5.2
2025-06-12 15:48:00,59.3
2025-06-12 23:40:00,91.6
2025-06-12 20:14:00,51.8
2025-06-12 02:38:00,17.9
2025-06-12 06:58:00,21.7
2025-06-12 03:47:00,13.1
2025-06-12 16:18:00,49.9804001872221
2025-06-12 03:51:00,60.8
2025-06-12 16:31:00,45.4
2025-06-12 07:03:00,69.6
2025-06-12 00:06:00,46.4
2025-06-12 00:51:00,63.9
2025-06-12 20:08:00,77.6
2025-06-12 12:15:00,75.3
2025-06-12 15:48:00,34.9
2025-06-12 15:33:00,33.9
2025-06-12 07:52:00,49.9804001872221
2025-06-12 03:46:00,52.5
2025-06-12 04:22:00,49.9804001872221
2025-06-12 01:00:00,11.1
2025-06-12 22:49:00,49.9804001872221
2025-06-12 04:20:00,29.1
2025-06-12 09:15:00,37.7
2025-06-12 09:13:00,9.8
2025-06-12 14:31:00,88.0
2025-06-12 19:06:00,50.8
2025-06-12 18:27:00,40.7
2025-06-12 22:48:00,75.6
2025-06-12 00:20:00,54.3
2025-06-12 19:50:00,88.2
2025-06-12 19:37:00,18.7
2025-06-12 07:06:00,65.1
2025-06-12 14:30:00,71.6
2025-06-12 06:06:00,88.6
2025-06-12 06:55:00,34.4
2025-06-12 02:18:00,21.4
2025-06-12 01:02:00,9.3
2025-06-12 05:00:00,84.6
2025-06-12 08:16:00,49.9804001872221
2025-06-12 18:29:00,12.7
2025-06-12 03:55:00,52.9
2025-06-12 10:30:00,41.4
2025-06-12 13:38:00,49.1
2025-06-12 23:49:00,27.8
2025-06-12 08:07:00,86.0
2025-06-12 16:13:00,49.9804001872221
2025-06-12 05:46:00,46.9
2025-06-12 00:30:00,6.4
2025-06-12 06:06:00,49.9804001872221
2025-06-12 18:56:00,76.6
2025-06-12 08:33:00,17.1
2025-06-12 00:28:00,76.7
2025-06-12 13:18:00,49.9804001872221
2025-06-12 05:30:00,45.3
2025-06-12 03:20:00,68.0
2025-06-12 15:54:00,55.9
2025-06-12 06:55:00,49.9804001872221
2025-06-12 21:31:00,49.9804001872221
2025-06-12 11:20:00,64.2
2025-06-12 00:36:00,77.3
2025-06-12 07:38:00,49.9804001872221
2025-06-12 19:45:00,24.5
2025-06-12 03:16:00,55.7
2025-06-12 18:46:00,72.3
2025-06-12 15:34:00,89.3
2025-06-12 14:20:00,49.9804001872221
2025-06-12 21:13:00,24.2
2025-06-12 22:01:00,87.9
2025-06-12 23:06:00,98.5
2025-06-12 12:00:00,14.4
2025-06-12 00:50:00,63.0
2025-06-12 05:07:00,82.8
2025-06-12 02:02:00,82.9
2025-06-12 23:34:00,61.3
2025-06-12 08:56:00,7.7
2025-06-12 08:54:00,78.3
2025-06-12 21:13:00,3.8
2025-06-12 03:57:00,78.6
2025-06-12 13:22:00,86.1
2025-06-12 07:42:00,9.2
2025-06-12 22:30:00,31.0
2025-06-12 04:48:00,79.5
2025-06-12 14:12:00,68.9
2025-06-12 23:40:00,44.7
2025-06-12 11:22:00,93.9
2025-06-12 16:49:00,49.9804001872221
2025-06-12 16:12:00,49.9804001872221
2025-06-12 04:36:00,95.3
2025-06-12 07:49:00,63.3
2025-06-12 10:14:00,0.9
2025-06-12 22:52:00,44.8
2025-06-12 01:05:00,65.9
2025-06-12 19:38:00,65.5
2025-06-12 02:26:00,90.9
2025-06-12 18:58:00,24.5
2025-06-12 06:24:00,46.7
2025-06-12 10:09:00,2.6
2025-06-12 15:49:00,45.7
2025-06-12 18:06:00,12.3
2025-06-12 06:45:00,49.9804001872221
2025-06-12 18:40:00,49.9804001872221
2025-06-12 16:33:00,73.0
2025-06-12 09:27:00,15.5
2025-06-12 02:00:00,1.3
2025-06-12 00:35:00,46.9
2025-06-12 14:43:00,71.1
2025-06-12 08:43:00,13.7
2025-06-12 03:48:00,39.6
2025-06-12 15:26:00,29.9
2025-06-12 08:36:00,22.5
2025-06-12 17:46:00,55.9
2025-06-12 14:40:00,4.7
2025-06-12 06:20:00,87.2
2025-06-12 10:14:00,18.1
2025-06-12 15:17:00,71.2
2025-06-12 15:49:00,92.8
2025-06-12 05:50:00,70.0
2025-06-12 22:30:00,36.6
2025-06-12 07:04:00,16.3
2025-06-12 06:49:00,2.8
2025-06-12 07:20:00,26.7
2025-06-12 15:45:00,65.9
2025-06-12 04:06:00,80.6
2025-06-12 14:33:00,35.2
2025-06-12 13:34:00,89.3
2025-06-12 06:35:00,15.7
2025-06-12 08:29:00,10.4
2025-06-12 11:07:00,85.3
2025-06-12 10:30:00,9.2
2025-06-12 09:26:00,78.8
2025-06-12 22:54:00,81.8
2025-06-12 14:06:00,49.9804001872221
2025-06-12 11:37:00,28.4
2025-06-12 09:48:00,49.9804001872221
2025-06-12 16:48:00,86.8
2025-06-12 02:01:00,6.3
2025-06-12 21:41:00,35.8
2025-06-12 09:18:00,97.2
2025-06-12 19:52:00,19.1
2025-06-12 20:02:00,42.1
2025-06-12 23:43:00,11.9
2025-06-12 03:49:00,94.9
2025-06-12 09:15:00,8.8
2025-06-12 04:45:00,61.3
2025-06-12 23:01:00,64.5
2025-06-12 01:56:00,17.8
2025-06-12 08:07:00,34.3
2025-06-12 09:26:00,49.9804001872221
2025-06-12 03:07:00,56.2
2025-06-12 09:39:00,60.5
2025-06-12 02:47:00,83.1
2025-06-12 23:58:00,51.3
2025-06-12 00:53:00,85.4
2025-06-12 02:37:00,38.5
2025-06-12 17:04:00,12.9
2025-06-12 01:45:00,63.4
2025-06-12 11:51:00,96.9
2025-06-12 16:36:00,33.9
2025-06-12 03:00:00,0.3
2025-06-12 06:53:00,49.9804001872221
2025-06-12 04:35:00,67.1
2025-06-12 03:35:00,47.2
2025-06-12 19:59:00,18.7
2025-06-12 14:50:00,69.6
2025-06-12 19:14:00,65.4
2025-06-12 07:17:00,84.1
2025-06-12 05:59:00,57.8
2025-06-12 18:45:00,49.9804001872221
2025-06-12 21:22:00,50.5
2025-06-12 01:52:00,60.5
2025-06-12 15:48:00,39.3
2025-06-12 23:52:00,49.9804001872221
2025-06-12 02:36:00,82.0
2025-06-12 05:42:00,86.5
2025-06-12 08:24:00,8.0
2025-06-12 13:09:00,21.9
2025-06-12 14:33:00,51.2
2025-06-12 05:47:00,62.3
2025-06-12 04:57:00,49.9804001872221
2025-06-12 15:46:00,34.8
2025-06-12 04:22:00,7.1
2025-06-12 08:41:00,57.0
2025-06-12 10:19:00,49.9804001872221
2025-06-12 19:58:00,11.1
2025-06-12 23:37:00,26.7
2025-06-12 01:21:00,87.7
2025-06-12 20:25:00,18.1
2025-06-12 00:44:00,72.5
2025-06-12 00:00:00,41.2
2025-06-12 11:35:00,91.7
2025-06-12 05:02:00,72.1
2025-06-12 12:57:00,68.2
2025-06-12 15:20:00,32.1
2025-06-12 12:26:00,57.8
2025-06-12 12:12:00,51.1
2025-06-12 11:46:00,32.9
2025-06-12 23:25:00,98.7
2025-06-12 18:09:00,62.4
2025-06-12 11:44:00,47.9
2025-06-12 23:01:00,22.7
2025-06-12 19:55:00,82.8
2025-06-12 12:56:00,29.9
2025-06-12 09:55:00,31.8
2025-06-12 16:52:00,38.6
2025-06-12 00:50:00,48.9
2025-06-12 16:26:00,41.8
2025-06-12 17:23:00,30.6
2025-06-12 13:07:00,53.9
2025-06-12 00:50:00,49.9804001872221
2025-06-12 04:30:00,74.6
2025-06-12 11:37:00,19.2
2025-06-12 14:39:00,43.4
2025-06-12 12:55:00,26.0
2025-06-12 12:43:00,66.4
2025-06-12 19:10:00,76.9
2025-06-12 08:29:00,60.7
2025-06-12 01:54:00,77.4
2025-06-12 17:30:00,49.9804001872221
2025-06-12 03:47:00,17.2
2025-06-12 12:59:00,54.4
2025-06-12 14:33:00,30.3
2025-06-12 14:43:00,29.4
2025-06-12 10:48:00,87.6
2025-06-12 11:32:00,10.6
2025-06-12 15:11:00,49.9804001872221
2025-06-12 20:26:00,3.3
2025-06-12 15:33:00,55.7
2025-06-12 15:27:00,70.0
2025-06-12 11:18:00,49.9804001872221
2025-06-12 17:47:00,11.4
2025-06-12 19:40:00,63.0
2025-06-12 00:14:00,76.3
2025-06-12 08:57:00,5.3
2025-06-12 17:58:00,5.8
2025-06-12 16:25:00,42.2
2025-06-12 03:33:00,49.9804001872221
2025-06-12 15:44:00,92.1
2025-06-12 23:12:00,47.1
2025-06-12 05:17:00,49.9804001872221
2025-06-12 09:19:00,93.5
2025-06-12 12:37:00,30.9
2025-06-12 21:41:00,49.9804001872221
2025-06-12 03:06:00,86.5
2025-06-12 03:29:00,6.7
2025-06-12 18:40:00,21.6
2025-06-12 17:43:00,35.4
2025-06-12 13:26:00,20.2
2025-06-12 01:36:00,49.9804001872221
2025-06-12 19:04:00,71.1
2025-06-12 22:40:00,40.9
2025-06-12 08:38:00,39.3
2025-06-12 08:02:00,8.6
2025-06-12 05:25:00,31.2
2025-06-12 04:38:00,49.9804001872221
2025-06-12 16:33:00,51.1
2025-06-12 22:38:00,13.5
2025-06-12 21:36:00,59.7
2025-06-12 02:21:00,99.4
2025-06-12 02:40:00,52.2
2025-06-12 07:30:00,61.5
2025-06-12 07:29:00,82.5
2025-06-12 04:05:00,73.5
2025-06-12 23:53:00,48.7
2025-06-12 06:13:00,91.1
2025-06-12 16:52:00,62.8
2025-06-12 17:30:00,83.4
2025-06-12 10:37:00,12.1
2025-06-12 10:57:00,71.1
2025-06-12 02:40:00,68.9
2025-06-12 13:32:00,32.3
2025-06-12 00:38:00,37.9
2025-06-12 11:36:00,5.9
2025-06-12 04:28:00,13.0
2025-06-12 10:57:00,19.5
2025-06-12 13:48:00,86.1
2025-06-12 17:52:00,83.0
2025-06-12 06:56:00,49.6
2025-06-12 06:39:00,52.6
2025-06-12 14:14:00,49.659483264826775
2025-06-12 22:04:00,49.659483264826775
2025-06-12 10:04:00,41.4
2025-06-12 18:24:00,49.659483264826775
2025-06-12 10:28:00,45.3
2025-06-12 03:07:00,97.0
2025-06-12 04:09:00,62.5
2025-06-12 20:19:00,49.659483264826775
2025-06-12 05:35:00,52.4
2025-06-12 11:13:00,51.0
2025-06-12 01:12:00,53.5
2025-06-12 08:26:00,12.1
2025-06-12 11:32:00,72.8
2025-06-12 19:21:00,49.659483264826775
2025-06-12 22:35:00,49.659483264826775
2025-06-12 00:20:00,49.659483264826775
2025-06-12 00:34:00,49.659483264826775
2025-06-12 08:55:00,75.8
2025-06-12 02:39:00,0.0
2025-06-12 10:47:00,88.3
2025-06-12 11:55:00,91.2
2025-06-12 20:18:00,77.6
2025-06-12 16:35:00,49.659483264826775
2025-06-12 12:51:00,49.659483264826775
2025-06-12 21:33:00,64.2
2025-06-12 16:50:00,75.0
2025-06-12 03:40:00,80.0
2025-06-12 01:31:00,5.1
2025-06-12 15:45:00,97.2
2025-06-12 15:56:00,65.8
2025-06-12 12:16:00,69.4
2025-06-12 02:23:00,60.8
2025-06-12 01:17:00,96.2
2025-06-12 03:45:00,76.8
2025-06-12 16:27:00,79.2
2025-06-12 07:30:00,77.0
2025-06-12 09:34:00,46.8
2025-06-12 20:09:00,7.1
2025-06-12 05:45:00,2.4
2025-06-12 03:00:00,49.659483264826775
2025-06-12 08:10:00,82.3
2025-06-12 06:16:00,51.6
2025-06-12 06:55:00,82.6
2025-06-12 23:19:00,62.2
2025-06-12 00:24:00,83.4
2025-06-12 08:28:00,92.4
2025-06-12 07:05:00,49.659483264826775
2025-06-12 03:06:00,2.2
2025-06-12 09:02:00,49.659483264826775
2025-06-12 16:45:00,67.0
2025-06-12 20:38:00,49.659483264826775
2025-06-12 08:28:00,54.6
2025-06-12 01:10:00,84.9
2025-06-12 19:10:00,76.0
2025-06-12 06:39:00,31.5
2025-06-12 17:53:00,55.6
2025-06-12 17:16:00,39.9
2025-06-12 06:56:00,55.2
2025-06-12 19:58:00,36.5
2025-06-12 02:59:00,13.7
2025-06-12 13:46:00,10.0
2025-06-12 20:15:00,62.6
2025-06-12 12:45:00,34.2
2025-06-12 23:33:00,49.659483264826775
2025-06-12 02:51:00,32.0
2025-06-12 14:41:00,97.2
2025-06-12 07:28:00,18.3
2025-06-12 17:13:00,63.8
2025-06-12 06:06:00,96.7
2025-06-12 07:25:00,16.3
2025-06-12 14:39:00,31.0
2025-06-12 09:33:00,35.7
2025-06-12 10:18:00,49.659483264826775
2025-06-12 03:14:00,32.3
2025-06-12 23:18:00,49.659483264826775
2025-06-12 13:23:00,26.1
2025-06-12 20:35:00,2.7
2025-06-12 00:56:00,49.659483264826775
2025-06-12 14:44:00,8.5
2025-06-12 07:53:00,98.4
2025-06-12 09:59:00,82.7
2025-06-12 03:26:00,90.9
2025-06-12 03:01:00,80.0
2025-06-12 07:18:00,49.659483264826775
2025-06-12 22:08:00,85.4
2025-06-12 18:10:00,71.4
2025-06-12 12:51:00,74.7
2025-06-12 01:08:00,46.3
2025-06-12 07:32:00,88.0
2025-06-12 18:18:00,49.659483264826775
2025-06-12 09:17:00,49.659483264826775
2025-06-12 14:06:00,86.8
2025-06-12 13:43:00,61.3
2025-06-12 15:05:00,8.0
2025-06-12 10:11:00,74.3
2025-06-12 21:10:00,65.9
2025-06-12 14:59:00,57.8
2025-06-12 09:40:00,50.0
2025-06-12 03:09:00,70.2
2025-06-12 13:35:00,25.6
2025-06-12 02:54:00,52.4
2025-06-12 11:39:00,46.4
2025-06-12 06:53:00,69.8
2025-06-12 13:37:00,23.5
2025-06-12 15:41:00,82.6
2025-06-12 14:35:00,51.5
2025-06-12 17:05:00,36.1
2025-06-12 12:15:00,19.5
2025-06-12 06:28:00,64.0
2025-06-12 07:08:00,94.1
2025-06-12 21:37:00,49.7
2025-06-12 10:33:00,49.659483264826775
2025-06-12 08:23:00,6.4
2025-06-12 12:30:00,2.3
2025-06-12 06:08:00,58.1
2025-06-12 11:31:00,49.659483264826775
2025-06-12 07:07:00,0.2
2025-06-12 12:52:00,79.5
2025-06-12 06:09:00,49.659483264826775
2025-06-12 21:21:00,30.9
2025-06-12 20:56:00,84.6
2025-06-12 12:53:00,62.3
2025-06-12 22:12:00,95.9
2025-06-12 20:17:00,43.2
2025-06-12 09:54:00,73.5
2025-06-12 10:38:00,4.4
2025-06-12 19:17:00,8.0
2025-06-12 16:26:00,49.659483264826775
2025-06-12 13:02:00,49.659483264826775
2025-06-12 17:08:00,31.7
2025-06-12 06:02:00,90.1
2025-06-12 20:55:00,49.659483264826775
2025-06-12 18:50:00,41.6
2025-06-12 01:57:00,42.9
2025-06-12 17:53:00,12.8
2025-06-12 16:11:00,67.1
2025-06-12 21:50:00,54.3
2025-06-12 18:26:00,30.8
2025-06-12 15:54:00,34.3
2025-06-12 17:23:00,37.8
2025-06-12 03:04:00,32.2
2025-06-12 13:06:00,25.3
2025-06-12 20:18:00,90.2
2025-06-12 03:18:00,64.2
2025-06-12 08:03:00,13.1
2025-06-12 19:30:00,49.659483264826775
2025-06-12 01:49:00,71.9
2025-06-12 08:25:00,95.4
2025-06-12 06:19:00,8.0
2025-06-12 17:01:00,49.659483264826775
2025-06-12 10:40:00,19.1
2025-06-12 13:48:00,1.5
2025-06-12 15:06:00,97.6
2025-06-12 08:52:00,99.6
2025-06-12 12:03:00,60.1
2025-06-12 18:57:00,15.4
2025-06-12 17:52:00,0.4
2025-06-12 16:05:00,83.2
2025-06-12 16:24:00,41.3
2025-06-12 16:04:00,49.659483264826775
2025-06-12 00:58:00,84.3
2025-06-12 13:31:00,60.4
2025-06-12 04:52:00,36.6
2025-06-12 18:00:00,51.1
2025-06-12 06:25:00,85.9
2025-06-12 17:52:00,49.659483264826775
2025-06-12 06:02:00,45.5
2025-06-12 05:55:00,14.7
2025-06-12 07:11:00,28.1
2025-06-12 16:43:00,35.3
2025-06-12 11:54:00,95.0
2025-06-12 14:27:00,94.2
2025-06-12 18:13:00,73.0
2025-06-12 10:10:00,38.8
2025-06-12 21:36:00,58.2
2025-06-12 13:07:00,39.2
2025-06-12 02:31:00,56.8
2025-06-12 19:45:00,42.6
2025-06-12 04:27:00,88.2
2025-06-12 16:10:00,55.5
2025-06-12 05:48:00,62.7
2025-06-12 14:39:00,49.659483264826775
2025-06-12 07:05:00,20.6
2025-06-12 21:31:00,49.659483264826775
2025-06-12 02:02:00,51.7
2025-06-12 19:55:00,49.6
2025-06-12 09:49:00,71.6
2025-06-12 03:37:00,47.3
2025-06-12 22:56:00,49.659483264826775
2025-06-12 15:29:00,24.9
2025-06-12 07:46:00,10.6
2025-06-12 18:15:00,18.1
2025-06-12 04:12:00,7.8
2025-06-12 21:12:00,53.6
2025-06-12 07:12:00,96.9
2025-06-12 05:32:00,57.1
2025-06-12 19:35:00,0.9
2025-06-12 05:50:00,49.659483264826775
2025-06-12 09:51:00,9.8
2025-06-12 10:19:00,64.7
2025-06-12 19:50:00,44.2
2025-06-12 16:54:00,54.4
2025-06-12 16:06:00,72.3
2025-06-12 14:49:00,45.2
2025-06-12 02:30:00,81.6
2025-06-12 12:11:00,84.1
2025-06-12 22:07:00,30.3
2025-06-12 08:32:00,72.3
2025-06-12 07:40:00,27.7
2025-06-12 21:04:00,28.0
2025-06-12 05:22:00,81.8
2025-06-12 18:56:00,49.659483264826775
2025-06-12 11:17:00,66.8
2025-06-12 23:41:00,41.2
2025-06-12 22:36:00,49.659483264826775
2025-06-12 17:10:00,49.659483264826775
2025-06-12 01:43:00,44.7
2025-06-12 02:26:00,16.8
2025-06-12 04:36:00,92.8
2025-06-12 14:18:00,1.8
2025-06-12 18:04:00,6.7
2025-06-12 02:24:00,47.5
2025-06-12 22:57:00,58.5
2025-06-12 07:27:00,49.659483264826775
2025-06-12 03:12:00,49.659483264826775
2025-06-12 20:53:00,62.5
2025-06-12 11:41:00,49.659483264826775
2025-06-12 08:28:00,44.9
2025-06-12 16:16:00,49.659483264826775
2025-06-12 07:51:00,33.0
2025-06-12 06:39:00,68.3
2025-06-12 00:24:00,4.5
2025-06-12 01:07:00,32.4
2025-06-12 14:11:00,69.1
2025-06-12 14:46:00,26.1
2025-06-12 18:11:00,44.7
2025-06-12 22:10:00,49.659483264826775
2025-06-12 19:28:00,25.0
2025-06-12 17:09:00,46.8
2025-06-12 03:22:00,55.8
2025-06-12 15:50:00,96.6
2025-06-12 02:58:00,73.8
2025-06-12 16:43:00,49.659483264826775
2025-06-12 08:27:00,96.7
2025-06-12 06:54:00,99.5
2025-06-12 03:52:00,96.1
2025-06-12 22:06:00,67.4
2025-06-12 16:02:00,49.659483264826775
2025-06-12 13:54:00,26.9
2025-06-12 05:27:00,42.8
2025-06-12 00:15:00,40.1
2025-06-12 15:37:00,38.9
2025-06-12 13:31:00,49.659483264826775
2025-06-12 15:07:00,46.1
2025-06-12 05:12:00,82.6
2025-06-12 15:08:00,21.0
2025-06-12 21:30:00,97.3
2025-06-12 11:25:00,76.5
2025-06-12 21:16:00,94.8
2025-06-12 14:40:00,22.4
2025-06-12 17:03:00,70.5
2025-06-12 02:32:00,85.0
2025-06-12 01:56:00,70.7
2025-06-12 04:23:00,25.4
2025-06-12 17:26:00,45.4
2025-06-12 02:38:00,88.8
2025-06-12 07:14:00,26.1
2025-06-12 06:59:00,49.659483264826775
2025-06-12 18:10:00,76.1
2025-06-12 14:25:00,48.2
2025-06-12 19:39:00,72.9
2025-06-12 04:23:00,88.8
2025-06-12 03:16:00,4.8
2025-06-12 14:12:00,62.0
2025-06-12 19:53:00,49.659483264826775
2025-06-12 09:41:00,80.0
2025-06-12 23:40:00,56.1
2025-06-12 14:02:00,54.2
2025-06-12 06:19:00,28.7
2025-06-12 13:02:00,85.3
2025-06-12 15:10:00,6.5
2025-06-12 01:16:00,4.1
2025-06-12 23:36:00,28.5
2025-06-12 21:56:00,39.0
2025-06-12 01:08:00,49.659483264826775
2025-06-12 18:06:00,9.4
2025-06-12 16:51:00,45.1
2025-06-12 05:42:00,31.7
2025-06-12 09:51:00,97.3
2025-06-12 16:15:00,69.8
2025-06-12 02:58:00,25.7
2025-06-12 03:32:00,20.8
2025-06-12 04:39:00,22.6
2025-06-12 05:33:00,40.5
2025-06-12 21:08:00,99.8
2025-06-12 15:46:00,55.9
2025-06-12 02:28:00,49.659483264826775
2025-06-12 05:34:00,73.5
2025-06-12 04:24:00,15.3
2025-06-12 10:20:00,21.4
2025-06-12 12:01:00,33.1
2025-06-12 02:40:00,49.659483264826775
2025-06-12 04:05:00,68.8
2025-06-12 06:36:00,94.1
2025-06-12 04:45:00,45.4
2025-06-12 02:54:00,19.0
2025-06-12 14:48:00,49.732274758880266
2025-06-12 08:48:00,32.3
2025-06-12 20:46:00,89.2
2025-06-12 01:49:00,17.6
2025-06-12 21:46:00,17.8
2025-06-12 06:52:00,81.2
2025-06-12 22:00:00,64.5
2025-06-12 21:32:00,87.5
2025-06-12 05:23:00,49.732274758880266
2025-06-12 12:36:00,19.8
2025-06-12 10:28:00,0.2
2025-06-12 15:18:00,40.5
2025-06-12 18:15:00,17.9
2025-06-12 19:20:00,49.2
2025-06-12 17:13:00,70.8
2025-06-12 04:16:00,14.2
2025-06-12 14:02:00,16.4
2025-06-12 20:50:00,49.732274758880266
2025-06-12 01:04:00,70.5
2025-06-12 13:05:00,62.5
2025-06-12 23:21:00,58.8
2025-06-12 11:26:00,38.1
2025-06-12 16:03:00,91.7
2025-06-12 01:39:00,12.1
2025-06-12 05:11:00,80.2
2025-06-12 07:58:00,42.8
2025-06-12 21:01:00,83.9
2025-06-12 06:22:00,16.6
2025-06-12 19:43:00,10.1
2025-06-12 07:37:00,8.9
2025-06-12 08:36:00,41.5
2025-06-12 16:41:00,49.732274758880266
2025-06-12 13:38:00,49.732274758880266
2025-06-12 18:06:00,49.732274758880266
2025-06-12 11:35:00,72.9
2025-06-12 18:56:00,63.2
2025-06-12 18:17:00,49.732274758880266
2025-06-12 01:03:00,81.7
2025-06-12 09:45:00,49.732274758880266
2025-06-12 01:46:00,42.7
2025-06-12 13:08:00,60.6
2025-06-12 11:12:00,88.5
2025-06-12 01:25:00,49.732274758880266
2025-06-12 12:46:00,55.1
2025-06-12 17:14:00,20.3
2025-06-12 02:30:00,58.4
2025-06-12 23:49:00,12.7
2025-06-12 04:26:00,23.4
2025-06-12 05:58:00,98.8
2025-06-12 21:35:00,73.5
2025-06-12 19:56:00,15.4
2025-06-12 10:14:00,49.732274758880266
2025-06-12 06:28:00,89.6
2025-06-12 13:50:00,49.732274758880266
2025-06-12 14:32:00,46.6
2025-06-12 06:02:00,60.9
2025-06-12 07:14:00,52.8
2025-06-12 07:38:00,95.4
2025-06-12 03:43:00,51.8
2025-06-12 21:18:00,1.1
2025-06-12 16:59:00,94.5
2025-06-12 21:36:00,49.2
2025-06-12 17:40:00,8.8
2025-06-12 14:01:00,14.6
2025-06-12 17:17:00,68.1
2025-06-12 23:03:00,49.732274758880266
2025-06-12 04:20:00,19.8
2025-06-12 05:15:00,92.9
2025-06-12 23:26:00,51.2
2025-06-12 17:24:00,89.8
2025-06-12 13:44:00,49.732274758880266
2025-06-12 16:50:00,99.5
2025-06-12 11:08:00,49.732274758880266
2025-06-12 10:36:00,18.6
2025-06-12 18:31:00,67.7
2025-06-12 10:48:00,49.732274758880266
2025-06-12 08:09:00,62.3
2025-06-12 14:43:00,18.2
2025-06-12 08:05:00,15.6
2025-06-12 04:33:00,51.8
2025-06-12 23:08:00,49.732274758880266
2025-06-12 09:59:00,38.9
2025-06-12 18:28:00,41.7
2025-06-12 05:54:00,44.7
2025-06-12 02:15:00,82.6
2025-06-12 21:58:00,59.9
2025-06-12 18:52:00,75.5
2025-06-12 07:01:00,16.2
2025-06-12 11:39:00,7.9
2025-06-12 19:41:00,85.0
2025-06-12 23:53:00,74.9
2025-06-12 11:53:00,90.4
2025-06-12 13:43:00,49.732274758880266
2025-06-12 15:47:00,6.3
2025-06-12 00:31:00,42.1
2025-06-12 17:40:00,49.732274758880266
2025-06-12 09:40:00,56.4
2025-06-12 21:53:00,70.1
2025-06-12 06:58:00,72.7
2025-06-12 23:10:00,88.8
2025-06-12 01:12:00,46.7
2025-06-12 07:28:00,62.9
2025-06-12 03:40:00,80.0
2025-06-12 18:02:00,49.732274758880266
2025-06-12 13:42:00,52.0
2025-06-12 00:18:00,68.4
2025-06-12 06:58:00,84.9
2025-06-12 18:34:00,32.5
2025-06-12 05:26:00,80.2
2025-06-12 10:28:00,43.8
2025-06-12 11:16:00,48.4
2025-06-12 21:26:00,80.0
2025-06-12 02:08:00,66.3
2025-06-12 00:52:00,48.0
2025-06-12 15:50:00,19.9
2025-06-12 08:34:00,61.7
2025-06-12 17:44:00,82.9
2025-06-12 10:26:00,8.2
2025-06-12 11:18:00,64.1
2025-06-12 09:21:00,66.7
2025-06-12 08:02:00,43.4
2025-06-12 00:25:00,25.2
2025-06-12 02:02:00,49.732274758880266
2025-06-12 16:22:00,17.0
2025-06-12 06:44:00,7.7
2025-06-12 19:09:00,76.6
2025-06-12 13:19:00,49.732274758880266
2025-06-12 10:49:00,48.5
2025-06-12 20:14:00,30.5
2025-06-12 03:00:00,43.1
2025-06-12 05:24:00,63.5
2025-06-12 18:41:00,76.4
2025-06-12 07:20:00,50.8
2025-06-12 04:07:00,31.1
2025-06-12 02:07:00,63.4
2025-06-12 08:21:00,37.4
2025-06-12 13:29:00,76.8
2025-06-12 14:46:00,66.6
2025-06-12 22:18:00,48.2
2025-06-12 18:05:00,96.6
2025-06-12 03:32:00,49.732274758880266
2025-06-12 11:32:00,46.0
2025-06-12 18:25:00,60.2
2025-06-12 20:10:00,55.9
2025-06-12 04:36:00,6.6
2025-06-12 19:09:00,24.8
2025-06-12 02:54:00,49.732274758880266
2025-06-12 16:21:00,11.9
2025-06-12 19:29:00,42.8
2025-06-12 08:05:00,42.0
2025-06-12 10:17:00,48.0
2025-06-12 12:48:00,71.6
2025-06-12 03:33:00,11.5
2025-06-12 20:53:00,49.732274758880266
2025-06-12 18:26:00,7.5
2025-06-12 23:00:00,93.5
2025-06-12 11:57:00,7.1
2025-06-12 20:48:00,37.1
2025-06-12 15:42:00,54.5
2025-06-12 03:34:00,21.0
2025-06-12 19:04:00,54.5
2025-06-12 15:14:00,31.4
2025-06-12 14:30:00,94.2
2025-06-12 17:35:00,93.5
2025-06-12 00:25:00,49.732274758880266
2025-06-12 22:18:00,75.1
2025-06-12 01:08:00,15.2
2025-06-12 15:42:00,63.0
2025-06-12 04:25:00,49.732274758880266
2025-06-12 10:21:00,30.3
2025-06-12 02:55:00,49.732274758880266
2025-06-12 04:29:00,86.2
2025-06-12 03:58:00,12.6
2025-06-12 00:27:00,89.4
2025-06-12 16:49:00,90.0
2025-06-12 07:08:00,42.8
2025-06-12 05:46:00,49.732274758880266
2025-06-12 18:20:00,59.3
2025-06-12 01:16:00,49.732274758880266
2025-06-12 16:22:00,47.9
2025-06-12 13:21:00,25.5
2025-06-12 02:16:00,80.6
2025-06-12 16:14:00,44.3
2025-06-12 06:28:00,7.8
2025-06-12 15:03:00,42.7
2025-06-12 15:26:00,63.1
2025-06-12 11:39:00,30.0
2025-06-12 20:17:00,49.732274758880266
2025-06-12 08:52:00,76.5
2025-06-12 12:12:00,76.1
2025-06-12 12:48:00,65.9
2025-06-12 07:54:00,39.8
2025-06-12 10:59:00,63.6
2025-06-12 20:24:00,97.9
2025-06-12 22:19:00,37.9
2025-06-12 18:32:00,57.6
2025-06-12 12:56:00,33.8
2025-06-12 17:07:00,49.732274758880266
2025-06-12 21:22:00,3.3
2025-06-12 03:54:00,76.1
2025-06-12 17:42:00,58.6
2025-06-12 18:54:00,30.1
2025-06-12 01:20:00,39.2
2025-06-12 22:21:00,10.4
2025-06-12 10:49:00,70.5
2025-06-12 21:24:00,15.1
2025-06-12 06:32:00,79.1
2025-06-12 23:58:00,77.5
2025-06-12 00:36:00,49.732274758880266
2025-06-12 06:45:00,43.7
2025-06-12 14:20:00,0.3
2025-06-12 15:32:00,40.1
2025-06-12 11:58:00,49.732274758880266
2025-06-12 10:24:00,49.732274758880266
2025-06-12 13:15:00,76.8
2025-06-12 04:23:00,10.5
2025-06-12 23:29:00,60.8
2025-06-12 22:23:00,7.5
2025-06-12 12:53:00,34.9
2025-06-12 21:00:00,81.9
2025-06-12 19:07:00,12.5
2025-06-12 22:14:00,15.8
2025-06-12 20:27:00,51.2
2025-06-12 16:49:00,42.9
2025-06-12 10:29:00,45.2
2025-06-12 15:58:00,52.6
2025-06-12 17:56:00,49.732274758880266
2025-06-12 21:18:00,24.2
2025-06-12 04:49:00,58.9
2025-06-12 06:54:00,94.1
2025-06-12 21:27:00,79.8
2025-06-12 09:28:00,31.2
2025-06-12 20:14:00,68.2
2025-06-12 08:19:00,57.5
2025-06-12 06:30:00,49.732274758880266
2025-06-12 18:46:00,49.732274758880266
2025-06-12 06:05:00,49.732274758880266
2025-06-12 10:31:00,49.732274758880266
2025-06-12 18:19:00,52.0
2025-06-12 23:19:00,47.5
2025-06-12 10:45:00,49.732274758880266
2025-06-12 12:31:00,49.732274758880266
2025-06-12 13:06:00,4.6
2025-06-12 08:54:00,76.1
2025-06-12 10:02:00,33.2
2025-06-12 08:38:00,49.4
2025-06-12 08:45:00,97.3
2025-06-12 07:37:00,70.9
2025-06-12 16:35:00,15.6
2025-06-12 22:14:00,5.9
2025-06-12 00:36:00,96.3
2025-06-12 00:21:00,90.3
2025-06-12 12:11:00,36.8
2025-06-12 06:35:00,30.3
2025-06-12 21:37:00,83.7
2025-06-12 21:52:00,32.5
2025-06-12 05:14:00,71.1
2025-06-12 04:35:00,67.1
2025-06-12 09:51:00,87.9
2025-06-12 18:48:00,5.4
2025-06-12 11:17:00,74.2
2025-06-12 16:28:00,89.4
2025-06-12 21:45:00,31.5
2025-06-12 23:58:00,37.5
2025-06-12 17:31:00,97.5
2025-06-12 15:46:00,64.7
2025-06-12 09:51:00,70.5
2025-06-12 15:08:00,43.0
2025-06-12 12:36:00,28.4
2025-06-12 21:26:00,23.0
2025-06-12 15:28:00,42.7
2025-06-12 16:40:00,49.732274758880266
2025-06-12 10:44:00,22.6
2025-06-12 21:10:00,12.2
2025-06-12 06:58:00,52.3
2025-06-12 05:24:00,32.0
2025-06-12 08:18:00,49.6
2025-06-12 07:22:00,29.2
2025-06-12 16:09:00,78.6
2025-06-12 08:45:00,10.6
2025-06-12 21:13:00,69.1
2025-06-12 13:16:00,42.7
2025-06-12 16:07:00,1.4
2025-06-12 22:13:00,99.2
2025-06-12 19:36:00,34.0
2025-06-12 02:39:00,56.3
2025-06-12 22:00:00,57.4
2025-06-12 02:52:00,56.1
2025-06-12 17:07:00,42.0
2025-06-12 00:37:00,73.4
2025-06-12 03:33:00,13.5
2025-06-12 19:40:00,49.732274758880266
2025-06-12 15:35:00,85.5
2025-06-12 15:29:00,49.732274758880266
2025-06-12 11:40:00,49.732274758880266
2025-06-12 02:23:00,2.9
2025-06-12 04:05:00,97.7
2025-06-12 21:34:00,49.732274758880266
2025-06-12 17:57:00,49.732274758880266
2025-06-12 15:10:00,34.7
2025-06-12 08:29:00,58.2
2025-06-12 06:28:00,49.732274758880266
2025-06-12 17:23:00,71.7
2025-06-12 03:15:00,98.6
2025-06-12 11:45:00,16.1
2025-06-12 13:32:00,82.6
2025-06-12 18:20:00,11.4
2025-06-12 22:07:00,43.0
2025-06-12 02:06:00,8.9
2025-06-12 15:31:00,88.5
2025-06-12 03:04:00,81.7
2025-06-12 23:03:00,21.6
2025-06-12 14:01:00,53.6
2025-06-12 08:26:00,68.8
2025-06-12 08:12:00,58.8
2025-06-12 02:45:00,55.5
2025-06-12 19:45:00,28.0
2025-06-12 02:53:00,49.732274758880266
2025-06-12 02:35:00,12.6
2025-06-12 19:22:00,2.9
2025-06-12 20:03:00,6.6
2025-06-12 19:31:00,49.38053801169591
2025-06-12 08:09:00,72.3
2025-06-12 07:43:00,49.38053801169591
2025-06-12 11:24:00,4.0
2025-06-12 12:11:00,49.38053801169591
2025-06-12 13:07:00,32.7
2025-06-12 01:01:00,88.7
2025-06-12 22:13:00,10.3
2025-06-12 11:22:00,73.3
2025-06-12 19:52:00,24.8
2025-06-12 15:58:00,81.5
2025-06-12 16:44:00,70.8
2025-06-12 21:48:00,99.5
2025-06-12 11:58:00,19.6
2025-06-12 15:44:00,17.3
2025-06-12 01:09:00,87.9
2025-06-12 10:42:00,70.9
2025-06-12 02:11:00,5.4
2025-06-12 09:34:00,82.0
2025-06-12 02:52:00,1.3
2025-06-12 09:28:00,52.3
2025-06-12 15:01:00,82.6
2025-06-12 21:52:00,64.7
2025-06-12 09:45:00,64.0
2025-06-12 15:06:00,49.38053801169591
2025-06-12 23:32:00,17.5
2025-06-12 02:31:00,58.7
2025-06-12 23:43:00,96.8
2025-06-12 02:06:00,14.2
2025-06-12 19:21:00,45.4
2025-06-12 20:23:00,33.7
2025-06-12 17:21:00,49.38053801169591
2025-06-12 05:55:00,32.7
2025-06-12 01:09:00,86.7
2025-06-12 20:25:00,33.2
2025-06-12 12:43:00,14.4
2025-06-12 05:29:00,17.4
2025-06-12 18:21:00,36.2
2025-06-12 16:17:00,24.5
2025-06-12 17:37:00,41.8
2025-06-12 19:25:00,84.4
2025-06-12 22:18:00,54.8
2025-06-12 21:11:00,42.4
2025-06-12 05:48:00,67.2
2025-06-12 10:27:00,15.3
2025-06-12 04:27:00,84.6
2025-06-12 07:19:00,96.1
2025-06-12 02:57:00,73.3
2025-06-12 23:36:00,36.9
2025-06-12 17:57:00,15.8
2025-06-12 05:59:00,71.0
2025-06-12 20:55:00,95.4
2025-06-12 08:12:00,85.4
2025-06-12 19:33:00,50.9
2025-06-12 04:28:00,55.7
2025-06-12 14:48:00,97.4
2025-06-12 13:23:00,50.2
2025-06-12 11:11:00,63.5
2025-06-12 23:37:00,56.1
2025-06-12 01:32:00,8.8
2025-06-12 03:05:00,69.9
2025-06-12 03:56:00,14.0
2025-06-12 23:38:00,49.38053801169591
2025-06-12 12:34:00,9.4
2025-06-12 16:30:00,86.8
2025-06-12 16:57:00,49.38053801169591
2025-06-12 15:15:00,76.4
2025-06-12 12:22:00,14.5
2025-06-12 18:57:00,45.8
2025-06-12 23:36:00,19.4
2025-06-12 12:40:00,49.38053801169591
2025-06-12 20:42:00,29.8
2025-06-12 11:22:00,84.0
2025-06-12 19:03:00,44.2
2025-06-12 13:12:00,14.2
2025-06-12 18:09:00,49.5
2025-06-12 08:00:00,33.3
2025-06-12 05:54:00,78.1
2025-06-12 19:17:00,36.6
2025-06-12 08:44:00,29.1
2025-06-12 06:06:00,6.9
2025-06-12 03:48:00,92.9
2025-06-12 20:45:00,83.9
2025-06-12 21:47:00,71.2
2025-06-12 10:50:00,49.38053801169591
2025-06-12 23:07:00,22.5
2025-06-12 20:16:00,75.9
2025-06-12 21:54:00,49.38053801169591
2025-06-12 16:44:00,41.6
2025-06-12 11:57:00,75.0
2025-06-12 02:40:00,49.38053801169591
2025-06-12 19:08:00,20.3
2025-06-12 02:54:00,9.7
2025-06-12 06:00:00,89.1
2025-06-12 14:41:00,25.4
2025-06-12 21:15:00,45.0
2025-06-12 19:37:00,15.4
2025-06-12 17:28:00,49.38053801169591
2025-06-12 15:11:00,46.3
2025-06-12 13:35:00,8.6
2025-06-12 17:17:00,82.4
2025-06-12 18:53:00,4.4
2025-06-12 10:46:00,44.2
2025-06-12 20:50:00,49.38053801169591
2025-06-12 22:12:00,74.2
2025-06-12 17:35:00,47.1
2025-06-12 07:01:00,49.38053801169591
2025-06-12 07:11:00,63.2
2025-06-12 17:31:00,52.8
2025-06-12 06:51:00,49.38053801169591
2025-06-12 21:46:00,49.38053801169591
2025-06-12 20:44:00,49.38053801169591
2025-06-12 01:28:00,49.38053801169591
2025-06-12 18:16:00,33.3
2025-06-12 00:15:00,49.38053801169591
2025-06-12 13:12:00,68.1
2025-06-12 13:39:00,86.1
2025-06-12 17:46:00,52.3
2025-06-12 16:43:00,98.0
2025-06-12 12:54:00,49.38053801169591
2025-06-12 05:58:00,79.2
2025-06-12 09:52:00,49.38053801169591
2025-06-12 12:32:00,25.8
2025-06-12 14:08:00,49.2
2025-06-12 04:00:00,49.38053801169591
2025-06-12 14:21:00,49.38053801169591
2025-06-12 11:45:00,49.38053801169591
2025-06-12 08:51:00,75.0
2025-06-12 08:06:00,73.7
2025-06-12 22:27:00,80.7
2025-06-12 00:29:00,67.4
2025-06-12 19:36:00,88.7
2025-06-12 16:45:00,42.5
2025-06-12 14:17:00,59.6
2025-06-12 22:55:00,69.3
2025-06-12 14:51:00,50.0
2025-06-12 16:17:00,54.7
2025-06-12 11:46:00,49.38053801169591
2025-06-12 01:10:00,49.1
2025-06-12 08:54:00,17.5
2025-06-12 07:06:00,97.2
2025-06-12 06:33:00,3.0
2025-06-12 16:24:00,52.2
2025-06-12 14:25:00,87.9
2025-06-12 14:24:00,76.2
2025-06-12 10:27:00,68.6
2025-06-12 23:29:00,57.7
2025-06-12 16:31:00,82.3
2025-06-12 08:45:00,49.38053801169591
2025-06-12 22:39:00,74.3
2025-06-12 05:04:00,4.6
2025-06-12 15:57:00,13.3
2025-06-12 14:26:00,30.7
2025-06-12 14:23:00,17.3
2025-06-12 23:41:00,29.3
2025-06-12 14:19:00,49.38053801169591
2025-06-12 23:12:00,84.4
2025-06-12 05:08:00,87.9
2025-06-12 16:26:00,21.0
2025-06-12 08:29:00,23.9
2025-06-12 05:23:00,29.0
2025-06-12 02:36:00,49.38053801169591
2025-06-12 17:32:00,26.2
2025-06-12 14:11:00,92.0
2025-06-12 09:55:00,96.5
2025-06-12 11:00:00,37.5
2025-06-12 10:32:00,60.7
2025-06-12 16:51:00,96.6
2025-06-12 08:22:00,2.2
2025-06-12 10:18:00,37.7
2025-06-12 13:30:00,14.5
2025-06-12 11:00:00,79.6
2025-06-12 13:02:00,32.2
2025-06-12 21:32:00,77.8
2025-06-12 01:31:00,47.5
2025-06-12 07:49:00,18.2
2025-06-12 10:09:00,94.2
2025-06-12 15:28:00,53.5
2025-06-12 05:15:00,93.9
2025-06-12 02:02:00,7.2
2025-06-12 16:34:00,37.7
2025-06-12 18:06:00,42.9
2025-06-12 12:23:00,53.4
2025-06-12 06:40:00,61.9
2025-06-12 01:05:00,46.7
2025-06-12 22:35:00,40.7
2025-06-12 12:27:00,59.5
2025-06-12 08:28:00,13.1
2025-06-12 21:54:00,28.2
2025-06-12 20:57:00,59.5
2025-06-12 10:08:00,46.6
2025-06-12 18:22:00,84.5
2025-06-12 13:52:00,48.8
2025-06-12 00:16:00,39.5
2025-06-12 05:18:00,4.5
2025-06-12 20:21:00,16.6
2025-06-12 19:15:00,49.38053801169591
2025-06-12 09:49:00,32.2
2025-06-12 07:31:00,90.5
2025-06-12 15:34:00,27.7
2025-06-12 17:52:00,77.0
2025-06-12 19:24:00,1.7
2025-06-12 19:47:00,58.1
2025-06-12 15:21:00,47.2
2025-06-12 04:39:00,60.9
2025-06-12 21:15:00,68.7
2025-06-12 03:06:00,23.8
2025-06-12 23:54:00,0.6
2025-06-12 20:28:00,24.1
2025-06-12 19:17:00,49.38053801169591
2025-06-12 00:28:00,40.3
2025-06-12 21:14:00,67.6
2025-06-12 05:56:00,49.38053801169591
2025-06-12 09:57:00,27.1
2025-06-12 03:48:00,4.4
2025-06-12 22:01:00,90.9
2025-06-12 18:27:00,0.4
2025-06-12 14:07:00,18.3
2025-06-12 19:58:00,49.38053801169591
2025-06-12 08:02:00,69.4
2025-06-12 03:57:00,77.7
2025-06-12 22:36:00,86.3
2025-06-12 20:09:00,25.0
2025-06-12 12:21:00,62.9
2025-06-12 06:03:00,8.0
2025-06-12 20:47:00,27.2
2025-06-12 07:42:00,88.4
2025-06-12 04:26:00,11.9
2025-06-12 09:46:00,90.5
2025-06-12 11:19:00,94.0
2025-06-12 05:06:00,21.3
2025-06-12 01:54:00,64.4
2025-06-12 18:11:00,83.8
2025-06-12 03:51:00,68.3
2025-06-12 21:12:00,76.8
2025-06-12 07:03:00,22.4
2025-06-12 10:49:00,1.4
2025-06-12 00:06:00,4.3
2025-06-12 02:49:00,39.6
2025-06-12 23:27:00,0.9
2025-06-12 14:41:00,75.3
2025-06-12 12:01:00,27.9
2025-06-12 03:56:00,55.5
2025-06-12 02:31:00,40.3
2025-06-12 10:36:00,42.4
2025-06-12 02:52:00,56.9
2025-06-12 11:16:00,49.38053801169591
2025-06-12 19:11:00,79.9
2025-06-12 16:33:00,49.38053801169591
2025-06-12 18:17:00,56.7
2025-06-12 16:29:00,49.38053801169591
2025-06-12 01:27:00,42.0
2025-06-12 17:08:00,23.7
2025-06-12 09:59:00,78.1
2025-06-12 13:11:00,67.3
2025-06-12 14:27:00,50.7
2025-06-12 04:42:00,9.3
2025-06-12 18:01:00,52.6
2025-06-12 08:52:00,43.6
2025-06-12 07:42:00,47.9
2025-06-12 03:00:00,37.5
2025-06-12 11:17:00,29.3
2025-06-12 15:12:00,30.4
2025-06-12 10:30:00,62.5
2025-06-12 02:49:00,55.5
2025-06-12 20:29:00,87.9
2025-06-12 05:30:00,87.8
2025-06-12 18:00:00,94.5
2025-06-12 15:12:00,28.7
2025-06-12 01:18:00,59.3
2025-06-12 08:16:00,22.1
2025-06-12 02:52:00,0.2
2025-06-12 09:53:00,49.38053801169591
2025-06-12 23:48:00,98.7
2025-06-12 03:57:00,73.8
2025-06-12 19:20:00,49.38053801169591
2025-06-12 01:43:00,44.7
2025-06-12 03:24:00,66.0
2025-06-12 07:05:00,22.7
2025-06-12 02:43:00,17.5
2025-06-12 12:44:00,49.38053801169591
2025-06-12 22:20:00,71.5
2025-06-12 07:32:00,50.4
2025-06-12 20:45:00,49.38053801169591
2025-06-12 19:24:00,85.0
2025-06-12 04:31:00,80.3
2025-06-12 08:20:00,88.9
2025-06-12 07:12:00,51.0
2025-06-12 04:20:00,39.6
2025-06-12 17:45:00,49.38053801169591
2025-06-12 05:35:00,11.3
2025-06-12 00:51:00,86.0
2025-06-12 21:06:00,33.0
2025-06-12 05:12:00,63.0
2025-06-12 07:17:00,7.2
2025-06-12 15:47:00,6.8
2025-06-12 11:59:00,39.7
2025-06-12 05:31:00,1.7
2025-06-12 11:13:00,55.8
2025-06-12 16:42:00,49.38053801169591
2025-06-12 19:01:00,22.3
2025-06-12 03:41:00,32.0
2025-06-12 14:01:00,85.0
2025-06-12 14:52:00,39.4
2025-06-12 14:13:00,49.38053801169591
2025-06-12 01:49:00,49.38053801169591
2025-06-12 12:02:00,81.6
2025-06-12 16:52:00,79.6
2025-06-12 04:06:00,98.0
2025-06-12 19:59:00,7.6
2025-06-12 22:59:00,49.38053801169591
2025-06-12 03:40:00,49.38053801169591
2025-06-12 09:09:00,17.0
2025-06-12 05:52:00,31.4
2025-06-12 00:11:00,99.0
2025-06-12 20:55:00,39.2
2025-06-12 00:25:00,92.0
2025-06-12 19:15:00,4.3
2025-06-12 14:54:00,85.4
2025-06-12 18:45:00,52.2
2025-06-12 12:33:00,41.1
2025-06-12 17:55:00,26.4
2025-06-12 15:50:00,2.0
2025-06-12 01:56:00,63.5
2025-06-12 18:44:00,19.3
2025-06-12 23:24:00,28.3
2025-06-12 19:09:00,44.4
2025-06-12 17:57:00,88.1
2025-06-12 16:12:00,49.38053801169591
2025-06-12 15:16:00,46.6
2025-06-12 05:11:00,44.4
2025-06-12 01:03:00,0.9
2025-06-12 23:30:00,44.6
2025-06-12 05:50:00,0.7
2025-06-12 20:57:00,66.1
2025-06-12 13:06:00,17.6
2025-06-12 18:07:00,83.8
2025-06-12 10:51:00,80.2
2025-06-12 13:52:00,31.7
2025-06-12 07:00:00,78.2
2025-06-12 07:58:00,24.6
2025-06-12 12:31:00,73.4
2025-06-12 08:36:00,25.3
2025-06-12 08:06:00,70.0
2025-06-12 22:35:00,49.38053801169591
2025-06-12 08:33:00,70.7
2025-06-12 06:51:00,52.2
2025-06-12 23:39:00,50.4
2025-06-12 12:21:00,63.8
2025-06-12 01:37:00,7.3
2025-06-12 00:26:00,84.9
2025-06-12 09:52:00,78.5
2025-06-12 17:47:00,61.1
2025-06-12 07:31:00,20.0
2025-06-12 11:45:00,57.0
2025-06-12 07:42:00,95.9
2025-06-12 20:53:00,57.5
2025-06-12 22:03:00,26.6
2025-06-12 05:48:00,0.8
2025-06-12 05:46:00,65.3
2025-06-12 11:03:00,92.4
2025-06-12 05:04:00,49.594186729301235
2025-06-12 07:59:00,26.3
2025-06-12 19:51:00,49.594186729301235
2025-06-12 00:54:00,99.5
2025-06-12 17:48:00,56.9
2025-06-12 21:11:00,38.5
2025-06-12 09:42:00,59.9
2025-06-12 16:14:00,14.1
2025-06-12 02:21:00,14.9
2025-06-12 19:41:00,77.3
2025-06-12 08:08:00,66.0
2025-06-12 13:29:00,49.594186729301235
2025-06-12 03:44:00,40.5
2025-06-12 02:40:00,79.6
2025-06-12 01:41:00,25.0
2025-06-12 11:59:00,43.8
2025-06-12 03:26:00,61.6
2025-06-12 06:37:00,48.5
2025-06-12 22:10:00,44.7
2025-06-12 07:50:00,39.3
2025-06-12 23:24:00,24.5
2025-06-12 23:04:00,32.1
2025-06-12 16:16:00,17.3
2025-06-12 04:13:00,56.7
2025-06-12 08:00:00,49.594186729301235
2025-06-12 11:17:00,86.9
2025-06-12 13:05:00,49.594186729301235
2025-06-12 19:05:00,14.4
2025-06-12 13:21:00,60.9
2025-06-12 14:51:00,15.4
2025-06-12 17:35:00,64.6
2025-06-12 13:24:00,85.7
2025-06-12 10:44:00,61.6
2025-06-12 22:11:00,76.2
2025-06-12 21:15:00,12.9
2025-06-12 10:52:00,69.3
2025-06-12 04:59:00,49.594186729301235
2025-06-12 10:35:00,52.4
2025-06-12 07:45:00,72.2
2025-06-12 19:04:00,54.4
2025-06-12 04:59:00,5.8
2025-06-12 07:01:00,54.7
2025-06-12 23:36:00,70.8
2025-06-12 17:38:00,49.594186729301235
2025-06-12 10:26:00,49.594186729301235
2025-06-12 05:32:00,49.594186729301235
2025-06-12 09:27:00,93.0
2025-06-12 10:39:00,66.9
2025-06-12 16:55:00,28.3
2025-06-12 17:27:00,63.4
2025-06-12 14:46:00,0.9
2025-06-12 14:43:00,60.4
2025-06-12 15:15:00,13.2
2025-06-12 20:00:00,66.4
2025-06-12 10:50:00,71.5
2025-06-12 10:47:00,87.6
2025-06-12 02:13:00,44.5
2025-06-12 01:28:00,64.9
2025-06-12 23:31:00,1.7
2025-06-12 16:01:00,26.7
2025-06-12 03:13:00,28.4
2025-06-12 01:52:00,49.594186729301235
2025-06-12 02:56:00,1.6
2025-06-12 13:51:00,86.3
2025-06-12 23:33:00,9.4
2025-06-12 19:41:00,87.5
2025-06-12 16:58:00,14.2
2025-06-12 15:54:00,92.4
2025-06-12 11:38:00,11.7
2025-06-12 09:58:00,49.594186729301235
2025-06-12 21:28:00,32.4
2025-06-12 22:05:00,49.594186729301235
2025-06-12 03:42:00,49.594186729301235
2025-06-12 17:46:00,43.5
2025-06-12 12:07:00,67.8
2025-06-12 14:08:00,49.594186729301235
2025-06-12 08:52:00,50.9
2025-06-12 06:59:00,0.8
2025-06-12 21:27:00,5.2
2025-06-12 09:45:00,49.594186729301235
2025-06-12 08:03:00,49.594186729301235
2025-06-12 17:33:00,49.594186729301235
2025-06-12 02:11:00,64.3
2025-06-12 23:09:00,96.1
2025-06-12 02:18:00,0.5
2025-06-12 16:24:00,62.2
2025-06-12 00:10:00,41.4
2025-06-12 06:54:00,1.5
2025-06-12 05:22:00,49.594186729301235
2025-06-12 23:52:00,90.8
2025-06-12 00:16:00,72.5
2025-06-12 02:58:00,81.1
2025-06-12 05:19:00,56.4
2025-06-12 11:54:00,50.5
2025-06-12 08:18:00,80.6
2025-06-12 22:29:00,74.3
2025-06-12 01:57:00,83.1
2025-06-12 09:05:00,49.594186729301235
2025-06-12 09:49:00,48.7
2025-06-12 10:59:00,49.4
2025-06-12 00:11:00,23.2
2025-06-12 13:30:00,32.1
2025-06-12 12:01:00,99.6
2025-06-12 22:54:00,78.3
2025-06-12 02:37:00,2.7
2025-06-12 06:02:00,7.0
2025-06-12 22:38:00,27.8
2025-06-12 03:14:00,82.4
2025-06-12 22:37:00,49.594186729301235
2025-06-12 10:14:00,21.3
2025-06-12 14:39:00,91.9
2025-06-12 09:43:00,36.8
2025-06-12 07:36:00,26.7
2025-06-12 16:39:00,60.6
2025-06-12 04:30:00,55.9
2025-06-12 10:22:00,10.7
2025-06-12 05:22:00,81.0
2025-06-12 15:29:00,50.3
2025-06-12 21:17:00,79.0
2025-06-12 07:23:00,20.0
2025-06-12 02:52:00,71.6
2025-06-12 11:02:00,49.594186729301235
2025-06-12 18:24:00,86.3
2025-06-12 00:21:00,39.1
2025-06-12 19:46:00,54.8
2025-06-12 07:09:00,18.4
2025-06-12 04:45:00,95.4
2025-06-12 10:55:00,42.3
2025-06-12 03:27:00,17.6
2025-06-12 06:01:00,12.8
2025-06-12 13:02:00,49.594186729301235
2025-06-12 21:34:00,5.3
2025-06-12 13:18:00,88.5
2025-06-12 00:08:00,72.2
2025-06-12 14:30:00,49.594186729301235
2025-06-12 02:02:00,18.3
2025-06-12 00:33:00,43.6
2025-06-12 00:23:00,1.4
2025-06-12 12:14:00,54.3
2025-06-12 11:55:00,65.9
2025-06-12 19:56:00,18.0
2025-06-12 13:28:00,49.594186729301235
2025-06-12 00:43:00,63.9
2025-06-12 15:06:00,35.9
2025-06-12 03:57:00,38.2
2025-06-12 02:43:00,7.7
2025-06-12 08:54:00,77.0
2025-06-12 10:51:00,49.594186729301235
2025-06-12 11:38:00,38.8
2025-06-12 21:23:00,90.4
2025-06-12 02:03:00,55.0
2025-06-12 02:02:00,3.9
2025-06-12 04:58:00,49.594186729301235
2025-06-12 17:00:00,8.2
2025-06-12 20:26:00,70.9
2025-06-12 19:49:00,57.5
2025-06-12 14:50:00,8.6
2025-06-12 22:29:00,53.8
2025-06-12 14:56:00,24.7
2025-06-12 18:35:00,24.3
2025-06-12 01:04:00,66.4
2025-06-12 00:08:00,69.2
2025-06-12 02:08:00,62.9
2025-06-12 19:51:00,56.7
2025-06-12 21:42:00,93.1
2025-06-12 10:45:00,87.6
2025-06-12 05:55:00,23.6
2025-06-12 13:03:00,68.8
2025-06-12 16:08:00,66.3
2025-06-12 04:04:00,63.8
2025-06-12 00:37:00,66.7
2025-06-12 09:45:00,49.594186729301235
2025-06-12 02:29:00,88.5
2025-06-12 08:47:00,49.594186729301235
2025-06-12 14:25:00,40.4
2025-06-12 20:06:00,76.4
2025-06-12 04:52:00,52.5
2025-06-12 17:30:00,82.1
2025-06-12 23:24:00,87.0
2025-06-12 16:56:00,31.6
2025-06-12 20:29:00,33.5
2025-06-12 00:51:00,90.9
2025-06-12 06:53:00,51.1
2025-06-12 06:48:00,64.4
2025-06-12 15:01:00,25.8
2025-06-12 08:32:00,20.2
2025-06-12 13:14:00,37.8
2025-06-12 19:34:00,4.4
2025-06-12 20:57:00,12.6
2025-06-12 04:39:00,49.594186729301235
2025-06-12 23:12:00,6.1
2025-06-12 01:54:00,98.1
2025-06-12 23:14:00,6.6
2025-06-12 17:18:00,49.594186729301235
2025-06-12 19:07:00,34.4
2025-06-12 20:32:00,76.6
2025-06-12 07:10:00,81.5
2025-06-12 09:35:00,63.2
2025-06-12 00:16:00,75.6
2025-06-12 01:49:00,31.2
2025-06-12 21:26:00,49.594186729301235
2025-06-12 11:36:00,15.2
2025-06-12 11:31:00,91.9
2025-06-12 20:36:00,1.4
2025-06-12 14:49:00,66.3
2025-06-12 16:48:00,78.8
2025-06-12 18:08:00,87.7
2025-06-12 02:17:00,49.594186729301235
2025-06-12 14:46:00,15.1
2025-06-12 06:17:00,54.3
2025-06-12 15:30:00,87.8
2025-06-12 01:20:00,79.4
2025-06-12 21:44:00,55.6
2025-06-12 02:15:00,99.9
2025-06-12 02:30:00,28.9
2025-06-12 11:40:00,53.7
2025-06-12 22:40:00,26.7
2025-06-12 14:31:00,58.0
2025-06-12 04:10:00,86.6
2025-06-12 14:42:00,49.594186729301235
2025-06-12 02:39:00,46.5
2025-06-12 22:03:00,49.594186729301235
2025-06-12 16:07:00,35.7
2025-06-12 16:22:00,83.3
2025-06-12 19:46:00,9.7
2025-06-12 20:38:00,49.594186729301235
2025-06-12 11:58:00,49.594186729301235
2025-06-12 17:15:00,44.1
2025-06-12 16:30:00,0.2
2025-06-12 11:00:00,55.4
2025-06-12 20:07:00,50.3
2025-06-12 17:23:00,22.8
2025-06-12 07:09:00,43.2
2025-06-12 22:50:00,17.6
2025-06-12 06:10:00,87.4
2025-06-12 18:08:00,87.3
2025-06-12 12:50:00,43.0
2025-06-12 12:20:00,92.1
2025-06-12 14:35:00,40.4
2025-06-12 17:46:00,53.6
2025-06-12 16:55:00,18.3
2025-06-12 17:05:00,96.6
2025-06-12 05:15:00,27.5
2025-06-12 11:05:00,16.8
2025-06-12 21:05:00,24.0
2025-06-12 12:18:00,20.5
2025-06-12 06:19:00,33.9
2025-06-12 18:43:00,94.6
2025-06-12 14:21:00,8.7
2025-06-12 08:09:00,27.7
2025-06-12 07:48:00,96.6
2025-06-12 21:38:00,49.594186729301235
2025-06-12 20:36:00,49.594186729301235
2025-06-12 10:18:00,44.1
2025-06-12 00:42:00,91.3
2025-06-12 05:02:00,77.5
2025-06-12 12:51:00,99.1
2025-06-12 13:52:00,49.594186729301235
2025-06-12 18:56:00,8.0
2025-06-12 12:00:00,0.4
2025-06-12 00:46:00,69.2
2025-06-12 00:03:00,49.3
2025-06-12 00:31:00,17.2
2025-06-12 09:30:00,74.5
2025-06-12 14:31:00,32.5
2025-06-12 02:26:00,20.7
2025-06-12 20:42:00,98.4
2025-06-12 15:06:00,64.1
2025-06-12 12:43:00,49.594186729301235
2025-06-12 19:48:00,21.4
2025-06-12 01:31:00,46.3
2025-06-12 03:38:00,94.3
2025-06-12 04:10:00,49.594186729301235
2025-06-12 14:51:00,7.9
2025-06-12 01:19:00,83.3
2025-06-12 02:08:00,56.5
2025-06-12 17:52:00,98.1
2025-06-12 00:41:00,14.6
2025-06-12 02:13:00,7.9
2025-06-12 02:31:00,49.594186729301235
2025-06-12 08:46:00,41.8
2025-06-12 19:35:00,83.3
2025-06-12 17:41:00,2.4
2025-06-12 05:40:00,67.3
2025-06-12 13:12:00,49.594186729301235
2025-06-12 10:49:00,49.594186729301235
2025-06-12 22:31:00,12.9
2025-06-12 15:22:00,56.9
2025-06-12 03:13:00,49.594186729301235
2025-06-12 13:33:00,49.594186729301235
2025-06-12 13:32:00,34.9
2025-06-12 01:20:00,34.7
2025-06-12 12:21:00,23.0
2025-06-12 22:13:00,87.2
2025-06-12 22:48:00,50.03812089971884
2025-06-12 09:51:00,50.03812089971884
2025-06-12 01:38:00,96.1
2025-06-12 15:59:00,50.03812089971884
2025-06-12 23:56:00,50.03812089971884
2025-06-12 00:16:00,28.8
2025-06-12 15:02:00,60.7
2025-06-12 05:01:00,84.0
2025-06-12 18:31:00,24.9
2025-06-12 10:30:00,50.03812089971884
2025-06-12 07:07:00,91.0
2025-06-12 00:00:00,12.2
2025-06-12 10:49:00,89.1
2025-06-12 10:01:00,5.4
2025-06-12 22:58:00,94.8
2025-06-12 23:14:00,16.1
2025-06-12 13:42:00,50.03812089971884
2025-06-12 12:56:00,60.6
2025-06-12 13:21:00,96.1
2025-06-12 22:54:00,80.6
2025-06-12 14:30:00,50.03812089971884
2025-06-12 16:14:00,80.5
2025-06-12 22:32:00,44.6
2025-06-12 04:38:00,50.03812089971884
2025-06-12 15:32:00,27.8
2025-06-12 10:17:00,62.9
2025-06-12 06:57:00,47.8
2025-06-12 04:33:00,89.3
2025-06-12 04:45:00,41.6
2025-06-12 01:53:00,74.4
2025-06-12 00:49:00,23.3
2025-06-12 16:12:00,69.4
2025-06-12 11:50:00,80.4
2025-06-12 21:59:00,78.7
2025-06-12 19:53:00,5.6
2025-06-12 10:44:00,50.03812089971884
2025-06-12 04:07:00,49.3
2025-06-12 06:35:00,50.03812089971884
2025-06-12 12:49:00,50.03812089971884
2025-06-12 07:12:00,58.8
2025-06-12 08:06:00,18.9
2025-06-12 01:53:00,44.5
2025-06-12 06:49:00,50.03812089971884
2025-06-12 19:18:00,50.03812089971884
2025-06-12 05:16:00,61.3
2025-06-12 12:14:00,36.6
2025-06-12 05:02:00,74.0
2025-06-12 13:03:00,68.9
2025-06-12 08:04:00,12.5
2025-06-12 02:32:00,13.3
2025-06-12 00:42:00,37.2
2025-06-12 09:32:00,40.0
2025-06-12 09:45:00,56.2
2025-06-12 05:03:00,50.03812089971884
2025-06-12 02:42:00,82.4
2025-06-12 18:21:00,29.2
2025-06-12 18:55:00,38.5
2025-06-12 00:17:00,11.3
2025-06-12 17:45:00,19.8
2025-06-12 13:35:00,16.7
2025-06-12 16:30:00,33.9
2025-06-12 05:30:00,99.3
2025-06-12 22:15:00,57.3
2025-06-12 19:10:00,41.5
2025-06-12 22:08:00,30.3
2025-06-12 22:57:00,98.5
2025-06-12 07:36:00,41.9
2025-06-12 11:45:00,44.7
2025-06-12 12:31:00,75.3
2025-06-12 21:48:00,75.8
2025-06-12 03:24:00,74.9
2025-06-12 04:58:00,87.2
2025-06-12 12:24:00,50.03812089971884
2025-06-12 13:43:00,95.5
2025-06-12 00:28:00,47.2
2025-06-12 06:40:00,78.3
2025-06-12 08:45:00,50.03812089971884
2025-06-12 09:19:00,89.6
2025-06-12 00:32:00,64.3
2025-06-12 16:14:00,33.3
2025-06-12 04:31:00,97.7
2025-06-12 11:18:00,69.0
2025-06-12 02:00:00,35.0
2025-06-12 18:01:00,9.9
2025-06-12 18:52:00,50.03812089971884
2025-06-12 04:22:00,18.2
2025-06-12 04:21:00,42.2
2025-06-12 05:42:00,50.03812089971884
2025-06-12 12:39:00,2.2
2025-06-12 20:41:00,82.8
2025-06-12 07:32:00,97.9
2025-06-12 22:49:00,83.4
2025-06-12 17:17:00,50.03812089971884
2025-06-12 11:26:00,50.2
2025-06-12 13:43:00,50.03812089971884
2025-06-12 03:42:00,45.9
2025-06-12 21:26:00,50.03812089971884
2025-06-12 17:29:00,50.03812089971884
2025-06-12 11:01:00,11.4
2025-06-12 21:28:00,44.0
2025-06-12 20:02:00,44.3
2025-06-12 03:14:00,50.03812089971884
2025-06-12 03:23:00,88.8
2025-06-12 23:19:00,95.6
2025-06-12 04:35:00,50.03812089971884
2025-06-12 11:51:00,50.03812089971884
2025-06-12 23:49:00,95.2
2025-06-12 10:39:00,52.4
2025-06-12 23:19:00,17.6
2025-06-12 04:08:00,50.03812089971884
2025-06-12 08:06:00,34.3
2025-06-12 19:32:00,91.3
2025-06-12 08:03:00,50.03812089971884
2025-06-12 06:04:00,50.03812089971884
2025-06-12 09:34:00,77.1
2025-06-12 19:12:00,50.03812089971884
2025-06-12 16:45:00,64.6
2025-06-12 07:30:00,96.4
2025-06-12 08:46:00,60.4
2025-06-12 16:16:00,50.03812089971884
2025-06-12 23:18:00,6.3
2025-06-12 18:47:00,16.2
2025-06-12 06:21:00,92.6
2025-06-12 11:17:00,59.1
2025-06-12 22:49:00,80.2
2025-06-12 06:42:00,50.03812089971884
2025-06-12 04:01:00,25.6
2025-06-12 04:20:00,77.8
2025-06-12 17:17:00,67.7
2025-06-12 02:19:00,32.8
2025-06-12 20:40:00,7.8
2025-06-12 01:32:00,80.8
2025-06-12 18:34:00,68.2
2025-06-12 03:03:00,50.03812089971884
2025-06-12 03:28:00,50.03812089971884
2025-06-12 19:14:00,29.5
2025-06-12 20:10:00,1.7
2025-06-12 11:35:00,50.03812089971884
2025-06-12 07:39:00,42.9
2025-06-12 17:59:00,52.1
2025-06-12 15:28:00,67.0
2025-06-12 21:42:00,71.3
2025-06-12 08:46:00,86.9
2025-06-12 18:47:00,37.9
2025-06-12 01:31:00,67.1
2025-06-12 07:04:00,99.5
2025-06-12 22:04:00,78.0
2025-06-12 00:03:00,24.9
2025-06-12 20:40:00,97.2
2025-06-12 10:48:00,55.1
2025-06-12 20:47:00,92.6
2025-06-12 08:24:00,18.4
2025-06-12 19:45:00,55.0
2025-06-12 07:38:00,13.4
2025-06-12 08:56:00,31.7
2025-06-12 10:59:00,22.5
2025-06-12 02:14:00,52.9
2025-06-12 14:59:00,63.2
2025-06-12 18:04:00,50.03812089971884
2025-06-12 20:29:00,12.7
2025-06-12 06:26:00,38.3
2025-06-12 02:38:00,16.8
2025-06-12 03:31:00,83.5
2025-06-12 10:12:00,73.0
2025-06-12 05:15:00,3.1
2025-06-12 10:48:00,37.9
2025-06-12 02:37:00,50.03812089971884
2025-06-12 20:27:00,56.1
2025-06-12 14:39:00,22.2
2025-06-12 20:26:00,19.1
2025-06-12 19:43:00,17.6
2025-06-12 22:16:00,73.4
2025-06-12 02:47:00,32.1
2025-06-12 13:34:00,22.6
2025-06-12 06:35:00,75.7
2025-06-12 21:54:00,52.6
2025-06-12 01:29:00,83.9
2025-06-12 14:20:00,80.6
2025-06-12 13:41:00,3.5
2025-06-12 02:18:00,73.4
2025-06-12 09:43:00,5.5
2025-06-12 21:53:00,87.5
2025-06-12 02:58:00,96.2
2025-06-12 01:20:00,81.3
2025-06-12 08:11:00,52.4
2025-06-12 17:36:00,50.03812089971884
2025-06-12 06:07:00,16.1
2025-06-12 02:15:00,73.9
2025-06-12 14:27:00,3.4
2025-06-12 23:46:00,31.5
2025-06-12 18:45:00,10.0
2025-06-12 09:24:00,30.5
2025-06-12 17:16:00,62.3
2025-06-12 19:28:00,27.3
2025-06-12 14:08:00,50.03812089971884
2025-06-12 21:44:00,68.4
2025-06-12 05:08:00,71.5
2025-06-12 15:50:00,2.0
2025-06-12 18:01:00,83.4
2025-06-12 12:02:00,59.5
2025-06-12 11:30:00,81.1
2025-06-12 02:15:00,90.2
2025-06-12 17:37:00,32.7
2025-06-12 06:55:00,0.4
2025-06-12 20:34:00,94.6
2025-06-12 03:59:00,89.7
2025-06-12 13:48:00,50.03812089971884
2025-06-12 03:55:00,99.0
2025-06-12 07:19:00,42.8
2025-06-12 05:50:00,46.3
2025-06-12 11:42:00,84.6
2025-06-12 15:39:00,86.1
2025-06-12 07:47:00,56.6
2025-06-12 06:52:00,79.9
2025-06-12 02:29:00,3.8
2025-06-12 19:33:00,73.7
2025-06-12 21:02:00,59.2
2025-06-12 09:43:00,57.8
2025-06-12 07:21:00,13.3
2025-06-12 12:58:00,95.4
2025-06-12 15:25:00,28.7
2025-06-12 15:57:00,32.7
2025-06-12 03:33:00,19.3
2025-06-12 01:03:00,18.4
2025-06-12 23:52:00,50.03812089971884
2025-06-12 01:04:00,42.2
2025-06-12 07:57:00,20.7
2025-06-12 18:11:00,29.2
2025-06-12 12:53:00,94.2
2025-06-12 06:21:00,50.03812089971884
2025-06-12 10:59:00,47.4
2025-06-12 02:12:00,92.3
2025-06-12 09:52:00,50.03812089971884
2025-06-12 13:19:00,79.0
2025-06-12 11:28:00,50.03812089971884
2025-06-12 12:09:00,79.7
2025-06-12 18:26:00,58.8
2025-06-12 03:12:00,50.03812089971884
2025-06-12 06:01:00,99.1
2025-06-12 17:28:00,59.8
2025-06-12 06:25:00,26.2
2025-06-12 14:42:00,59.5
2025-06-12 18:14:00,50.03812089971884
2025-06-12 16:42:00,73.3
2025-06-12 00:21:00,5.3
2025-06-12 14:46:00,38.0
2025-06-12 16:23:00,89.1
2025-06-12 22:02:00,89.9
2025-06-12 17:33:00,49.0
2025-06-12 19:28:00,89.9
2025-06-12 14:56:00,3.7
2025-06-12 22:18:00,70.8
2025-06-12 18:13:00,63.2
2025-06-12 22:13:00,82.4
2025-06-12 01:12:00,90.9
2025-06-12 08:08:00,55.5
2025-06-12 17:12:00,72.3
2025-06-12 18:16:00,53.9
2025-06-12 12:28:00,5.7
2025-06-12 12:46:00,34.7
2025-06-12 14:36:00,70.9
2025-06-12 08:30:00,28.0
2025-06-12 06:39:00,50.03812089971884
2025-06-12 11:53:00,97.8
2025-06-12 13:00:00,98.7
2025-06-12 14:20:00,99.4
2025-06-12 21:07:00,60.5
2025-06-12 15:11:00,78.7
2025-06-12 15:24:00,23.5
2025-06-12 04:06:00,62.6
2025-06-12 02:11:00,82.6
2025-06-12 11:16:00,29.2
2025-06-12 16:29:00,18.8
2025-06-12 11:13:00,16.6
2025-06-12 11:45:00,51.2
2025-06-12 18:01:00,86.8
2025-06-12 14:14:00,74.3
2025-06-12 07:31:00,33.7
2025-06-12 11:13:00,19.2
2025-06-12 10:25:00,43.9
2025-06-12 12:15:00,28.4
2025-06-12 14:52:00,74.1
2025-06-12 12:41:00,21.5
2025-06-12 14:58:00,7.9
2025-06-12 11:31:00,88.9
2025-06-12 18:42:00,30.2
2025-06-12 08:43:00,30.9
2025-06-12 04:11:00,20.1
2025-06-12 04:45:00,28.5
2025-06-12 00:57:00,77.4
2025-06-12 12:07:00,18.7
2025-06-12 21:48:00,78.7
2025-06-12 02:05:00,60.1
2025-06-12 21:36:00,26.4
2025-06-12 05:26:00,46.2
2025-06-12 08:13:00,58.4
2025-06-12 08:26:00,1.7
2025-06-12 13:07:00,41.3
2025-06-12 18:24:00,74.1
2025-06-12 18:13:00,45.3
2025-06-12 18:39:00,53.8
2025-06-12 20:28:00,0.7
2025-06-12 15:32:00,27.8
2025-06-12 01:23:00,50.03812089971884
2025-06-12 12:00:00,50.03812089971884
2025-06-12 02:08:00,88.9
2025-06-12 19:23:00,65.9
2025-06-12 07:05:00,31.4
2025-06-12 23:07:00,6.3
2025-06-12 15:14:00,50.03812089971884
2025-06-12 10:14:00,92.1
2025-06-12 08:33:00,40.2
2025-06-12 00:20:00,50.03812089971884
2025-06-12 08:03:00,18.8
2025-06-12 19:22:00,28.1
2025-06-12 06:55:00,78.2
2025-06-12 01:43:00,62.1
2025-06-12 11:15:00,53.3
2025-06-12 05:27:00,50.03812089971884
2025-06-12 09:09:00,23.1
2025-06-12 03:30:00,0.4
2025-06-12 14:34:00,40.4
2025-06-12 19:13:00,78.1
2025-06-12 23:02:00,40.6
2025-06-12 00:40:00,68.6
2025-06-12 20:55:00,64.7
2025-06-12 07:41:00,46.9
2025-06-12 06:54:00,15.5
2025-06-12 03:08:00,50.03812089971884
2025-06-12 11:15:00,65.7
2025-06-12 11:55:00,87.9
2025-06-12 17:33:00,4.6
2025-06-12 05:35:00,49.697634180790956
2025-06-12 13:40:00,84.1
2025-06-12 14:09:00,49.697634180790956
2025-06-12 06:32:00,59.4
2025-06-12 21:26:00,78.5
2025-06-12 08:56:00,8.8
2025-06-12 15:24:00,30.9
2025-06-12 19:47:00,49.697634180790956
2025-06-12 08:31:00,54.7
2025-06-12 10:55:00,93.1
2025-06-12 13:53:00,58.8
2025-06-12 16:16:00,89.3
2025-06-12 00:37:00,76.7
2025-06-12 06:35:00,33.3
2025-06-12 08:42:00,7.0
2025-06-12 20:52:00,49.697634180790956
2025-06-12 21:25:00,75.2
2025-06-12 11:36:00,15.8
2025-06-12 16:27:00,49.6
2025-06-12 09:06:00,78.0
2025-06-12 11:17:00,55.4
2025-06-12 21:10:00,63.9
2025-06-12 09:24:00,25.9
2025-06-12 06:48:00,60.8
2025-06-12 09:14:00,79.3
2025-06-12 23:09:00,6.8
2025-06-12 23:04:00,92.1
2025-06-12 20:37:00,61.5
2025-06-12 22:19:00,48.1
2025-06-12 17:13:00,36.3
2025-06-12 22:08:00,81.4
2025-06-12 04:40:00,96.4
2025-06-12 13:49:00,48.7
2025-06-12 22:25:00,83.0
2025-06-12 08:13:00,25.7
2025-06-12 04:09:00,82.4
2025-06-12 18:37:00,10.3
2025-06-12 15:54:00,79.5
2025-06-12 01:39:00,49.697634180790956
2025-06-12 22:31:00,12.3
2025-06-12 19:03:00,36.2
2025-06-12 17:39:00,95.9
2025-06-12 18:22:00,40.8
2025-06-12 20:44:00,74.9
2025-06-12 10:30:00,98.4
2025-06-12 21:55:00,67.9
2025-06-12 20:50:00,22.6
2025-06-12 01:26:00,40.3
2025-06-12 01:34:00,5.2
2025-06-12 07:58:00,49.697634180790956
2025-06-12 03:33:00,95.9
2025-06-12 03:52:00,11.8
2025-06-12 06:32:00,96.6
2025-06-12 04:04:00,48.9
2025-06-12 11:52:00,42.5
2025-06-12 01:38:00,88.9
2025-06-12 06:08:00,40.9
2025-06-12 01:27:00,68.0
2025-06-12 02:10:00,20.2
2025-06-12 19:19:00,49.697634180790956
2025-06-12 19:37:00,76.7
2025-06-12 08:19:00,3.6
2025-06-12 08:12:00,96.7
2025-06-12 23:37:00,5.9
2025-06-12 17:06:00,35.8
2025-06-12 06:51:00,49.697634180790956
2025-06-12 10:47:00,98.2
2025-06-12 14:56:00,34.9
2025-06-12 16:47:00,60.1
2025-06-12 18:10:00,29.0
2025-06-12 02:03:00,58.1
2025-06-12 21:06:00,73.2
2025-06-12 08:20:00,87.2
2025-06-12 20:50:00,91.8
2025-06-12 05:12:00,53.9
2025-06-12 09:29:00,6.0
2025-06-12 11:32:00,85.4
2025-06-12 08:39:00,51.0
2025-06-12 15:52:00,42.2
2025-06-12 00:33:00,11.8
2025-06-12 21:08:00,60.6
2025-06-12 09:48:00,36.7
2025-06-12 12:32:00,0.1
2025-06-12 23:17:00,89.1
2025-06-12 01:24:00,74.5
2025-06-12 04:16:00,28.1
2025-06-12 06:30:00,54.9
2025-06-12 03:37:00,53.4
2025-06-12 17:12:00,64.8
2025-06-12 06:50:00,49.697634180790956
2025-06-12 09:07:00,49.697634180790956
2025-06-12 06:20:00,95.8
2025-06-12 21:16:00,21.6
2025-06-12 19:39:00,94.7
2025-06-12 14:05:00,75.7
2025-06-12 05:07:00,18.6
2025-06-12 08:44:00,3.3
2025-06-12 09:15:00,29.8
2025-06-12 03:22:00,55.0
2025-06-12 08:54:00,49.697634180790956
2025-06-12 00:02:00,49.697634180790956
2025-06-12 16:01:00,3.5
2025-06-12 22:21:00,63.0
2025-06-12 14:59:00,34.1
2025-06-12 18:00:00,26.4
2025-06-12 13:29:00,3.7
2025-06-12 11:51:00,75.2
2025-06-12 15:45:00,15.3
2025-06-12 19:36:00,5.2
2025-06-12 07:10:00,46.7
2025-06-12 01:55:00,11.8
2025-06-12 09:19:00,12.6
2025-06-12 01:13:00,49.697634180790956
2025-06-12 14:28:00,3.2
2025-06-12 01:06:00,29.4
2025-06-12 21:37:00,15.4
2025-06-12 14:43:00,29.1
2025-06-12 01:02:00,49.697634180790956
2025-06-12 19:03:00,4.8
2025-06-12 09:20:00,35.8
2025-06-12 01:30:00,18.7
2025-06-12 09:55:00,83.2
2025-06-12 01:03:00,84.8
2025-06-12 13:41:00,41.6
2025-06-12 14:02:00,38.4
2025-06-12 01:50:00,84.5
2025-06-12 13:31:00,0.6
2025-06-12 03:02:00,49.697634180790956
2025-06-12 21:58:00,58.3
2025-06-12 09:23:00,49.697634180790956
2025-06-12 08:35:00,53.5
2025-06-12 14:12:00,88.0
2025-06-12 05:15:00,40.2
2025-06-12 07:58:00,22.1
2025-06-12 13:35:00,94.8
2025-06-12 09:11:00,99.0
2025-06-12 17:47:00,69.6
2025-06-12 19:00:00,1.0
2025-06-12 05:23:00,74.9
2025-06-12 05:15:00,58.3
2025-06-12 06:42:00,18.9
2025-06-12 04:45:00,60.6
2025-06-12 15:57:00,38.2
2025-06-12 16:32:00,18.3
2025-06-12 04:37:00,88.0
2025-06-12 12:43:00,41.2
2025-06-12 07:35:00,17.7
2025-06-12 12:26:00,49.697634180790956
2025-06-12 19:42:00,73.3
2025-06-12 08:03:00,97.4
2025-06-12 22:42:00,97.6
2025-06-12 21:17:00,63.9
2025-06-12 18:44:00,49.697634180790956
2025-06-12 09:39:00,45.4
2025-06-12 19:40:00,71.9
2025-06-12 11:51:00,72.0
2025-06-12 18:26:00,41.8
2025-06-12 14:37:00,88.6
2025-06-12 23:10:00,5.0
2025-06-12 02:29:00,43.5
2025-06-12 22:36:00,50.6
2025-06-12 18:35:00,0.7
2025-06-12 19:56:00,12.7
2025-06-12 22:56:00,67.5
2025-06-12 13:40:00,76.7
2025-06-12 06:14:00,61.9
2025-06-12 12:34:00,57.5
2025-06-12 06:17:00,7.3
2025-06-12 22:42:00,16.8
2025-06-12 08:55:00,13.6
2025-06-12 02:47:00,49.697634180790956
2025-06-12 09:17:00,10.2
2025-06-12 06:08:00,61.6
2025-06-12 11:55:00,15.1
2025-06-12 03:17:00,62.9
2025-06-12 13:10:00,43.4
2025-06-12 11:37:00,62.0
2025-06-12 05:46:00,49.4
2025-06-12 08:17:00,44.4
2025-06-12 18:19:00,5.8
2025-06-12 02:23:00,84.5
2025-06-12 09:50:00,8.4
2025-06-12 03:56:00,78.5
2025-06-12 18:49:00,49.697634180790956
2025-06-12 14:24:00,71.3
2025-06-12 19:59:00,73.9
2025-06-12 08:32:00,30.0
2025-06-12 10:37:00,72.4
2025-06-12 17:20:00,97.5
2025-06-12 12:46:00,49.697634180790956
2025-06-12 21:55:00,18.7
2025-06-12 23:11:00,49.697634180790956
2025-06-12 00:58:00,93.7
2025-06-12 18:11:00,49.697634180790956
2025-06-12 16:41:00,89.5
2025-06-12 12:15:00,82.1
2025-06-12 20:56:00,52.2
2025-06-12 10:43:00,43.2
2025-06-12 20:40:00,15.8
2025-06-12 08:49:00,42.6
2025-06-12 04:30:00,93.5
2025-06-12 20:21:00,7.6
2025-06-12 20:27:00,28.8
2025-06-12 12:41:00,21.2
2025-06-12 06:17:00,49.697634180790956
2025-06-12 17:08:00,24.8
2025-06-12 06:28:00,49.697634180790956
2025-06-12 12:53:00,35.8
2025-06-12 16:10:00,49.697634180790956
2025-06-12 23:08:00,49.697634180790956
2025-06-12 18:02:00,3.7
2025-06-12 13:31:00,62.1
2025-06-12 10:47:00,99.2
2025-06-12 16:31:00,6.9
2025-06-12 16:58:00,55.5
2025-06-12 18:45:00,49.697634180790956
2025-06-12 23:36:00,57.1
2025-06-12 06:15:00,13.1
2025-06-12 14:27:00,94.5
2025-06-12 03:01:00,72.8
2025-06-12 13:21:00,28.7
2025-06-12 12:24:00,64.1
2025-06-12 09:58:00,25.8
2025-06-12 02:05:00,1.4
2025-06-12 07:15:00,1.8
2025-06-12 20:20:00,2.6
2025-06-12 13:50:00,46.9
2025-06-12 17:02:00,49.697634180790956
2025-06-12 08:55:00,68.6
2025-06-12 00:34:00,49.697634180790956
2025-06-12 21:18:00,51.8
2025-06-12 13:47:00,33.7
2025-06-12 09:53:00,49.697634180790956
2025-06-12 10:56:00,75.6
2025-06-12 10:13:00,62.2
2025-06-12 08:50:00,46.1
2025-06-12 04:47:00,75.1
2025-06-12 10:28:00,24.5
2025-06-12 05:50:00,3.5
2025-06-12 15:47:00,49.697634180790956
2025-06-12 11:29:00,49.697634180790956
2025-06-12 11:50:00,70.5
2025-06-12 17:38:00,57.7
2025-06-12 22:59:00,64.9
2025-06-12 22:04:00,14.9
2025-06-12 18:32:00,23.4
2025-06-12 18:17:00,8.3
2025-06-12 18:43:00,41.5
2025-06-12 23:48:00,45.2
2025-06-12 01:26:00,85.2
2025-06-12 23:23:00,55.1
2025-06-12 00:33:00,39.3
2025-06-12 21:14:00,19.3
2025-06-12 14:14:00,4.6
2025-06-12 04:53:00,73.6
2025-06-12 15:27:00,84.9
2025-06-12 11:08:00,99.3
2025-06-12 23:43:00,80.8
2025-06-12 07:10:00,49.697634180790956
2025-06-12 15:10:00,28.6
2025-06-12 18:14:00,75.0
2025-06-12 14:51:00,49.697634180790956
2025-06-12 19:16:00,15.6
2025-06-12 20:50:00,52.8
2025-06-12 15:23:00,83.2
2025-06-12 12:59:00,76.6
2025-06-12 07:19:00,48.4
2025-06-12 21:03:00,49.697634180790956
2025-06-12 19:55:00,29.1
2025-06-12 20:57:00,19.4
2025-06-12 22:14:00,74.1
2025-06-12 16:37:00,12.7
2025-06-12 17:17:00,89.8
2025-06-12 05:05:00,13.6
2025-06-12 09:09:00,36.8
2025-06-12 07:21:00,49.697634180790956
2025-06-12 15:15:00,49.697634180790956
2025-06-12 22:48:00,56.6
2025-06-12 09:31:00,52.2
2025-06-12 15:03:00,11.6
2025-06-12 13:22:00,45.7
2025-06-12 14:52:00,48.6
2025-06-12 17:38:00,49.697634180790956
2025-06-12 11:34:00,5.6
2025-06-12 03:19:00,47.0
2025-06-12 00:42:00,52.2
2025-06-12 20:00:00,49.697634180790956
2025-06-12 10:15:00,84.0
2025-06-12 17:48:00,60.0
2025-06-12 23:30:00,37.9
2025-06-12 08:43:00,13.4
2025-06-12 12:25:00,76.8
2025-06-12 13:46:00,81.3
2025-06-12 17:17:00,54.5
2025-06-12 20:21:00,49.697634180790956
2025-06-12 10:35:00,88.4
2025-06-12 07:33:00,96.8
2025-06-12 11:06:00,88.2
2025-06-12 09:10:00,49.697634180790956
2025-06-12 23:25:00,81.5
2025-06-12 14:04:00,9.1
2025-06-12 17:54:00,65.7
2025-06-12 13:04:00,80.2
2025-06-12 18:09:00,15.3
2025-06-12 14:05:00,17.6
2025-06-12 03:18:00,66.0
2025-06-12 14:55:00,36.6
2025-06-12 10:07:00,49.697634180790956
2025-06-12 06:34:00,74.5
2025-06-12 17:04:00,79.9
2025-06-12 09:02:00,64.9
2025-06-12 17:43:00,49.697634180790956
2025-06-12 23:09:00,95.4
2025-06-12 09:37:00,49.81454693687398
2025-06-12 01:06:00,84.7
2025-06-12 18:30:00,11.8
2025-06-12 05:25:00,30.0
2025-06-12 03:26:00,75.8
2025-06-12 12:10:00,84.4
2025-06-12 14:17:00,11.6
2025-06-12 23:27:00,89.6
2025-06-12 09:01:00,29.8
2025-06-12 18:55:00,47.4
2025-06-12 10:41:00,21.0
2025-06-12 15:27:00,37.8
2025-06-12 05:27:00,16.4
2025-06-12 02:04:00,96.2
2025-06-12 08:19:00,30.9
2025-06-12 19:27:00,95.5
2025-06-12 05:35:00,77.1
2025-06-12 20:09:00,68.5
2025-06-12 12:08:00,32.2
2025-06-12 06:55:00,49.81454693687398
2025-06-12 21:48:00,66.1
2025-06-12 03:33:00,53.8
2025-06-12 11:48:00,49.81454693687398
2025-06-12 03:19:00,70.7
2025-06-12 16:26:00,18.3
2025-06-12 06:45:00,71.9
2025-06-12 00:07:00,18.8
2025-06-12 18:09:00,2.3
2025-06-12 03:06:00,63.0
2025-06-12 21:11:00,80.0
2025-06-12 02:51:00,99.7
2025-06-12 02:33:00,10.9
2025-06-12 01:29:00,86.4
2025-06-12 08:20:00,49.81454693687398
2025-06-12 16:08:00,19.0
2025-06-12 07:56:00,92.5
2025-06-12 02:11:00,21.8
2025-06-12 08:47:00,36.4
2025-06-12 00:41:00,15.7
2025-06-12 02:26:00,7.9
2025-06-12 18:44:00,10.4
2025-06-12 16:37:00,73.2
2025-06-12 11:27:00,12.8
2025-06-12 18:45:00,19.2
2025-06-12 10:10:00,40.7
2025-06-12 21:51:00,76.8
2025-06-12 17:25:00,60.5
2025-06-12 00:57:00,17.0
2025-06-12 19:54:00,15.6
2025-06-12 06:57:00,6.2
2025-06-12 16:28:00,15.2
2025-06-12 16:00:00,47.3
2025-06-12 15:10:00,58.1
2025-06-12 16:51:00,7.0
2025-06-12 10:46:00,72.4
2025-06-12 12:06:00,95.5
2025-06-12 10:10:00,82.7
2025-06-12 18:54:00,35.3
2025-06-12 12:20:00,10.4
2025-06-12 10:00:00,49.81454693687398
2025-06-12 11:27:00,23.5
2025-06-12 03:39:00,4.2
2025-06-12 01:01:00,49.81454693687398
2025-06-12 03:34:00,25.0
2025-06-12 13:28:00,42.5
2025-06-12 23:49:00,5.1
2025-06-12 08:26:00,66.4
2025-06-12 19:05:00,79.3
2025-06-12 20:00:00,0.9
2025-06-12 04:23:00,96.0
2025-06-12 17:25:00,49.81454693687398
2025-06-12 23:27:00,3.9
2025-06-12 07:59:00,25.3
2025-06-12 05:53:00,62.1
2025-06-12 22:18:00,13.4
2025-06-12 19:08:00,85.1
2025-06-12 00:23:00,49.6
2025-06-12 13:35:00,52.4
2025-06-12 08:45:00,1.6
2025-06-12 03:00:00,31.0
2025-06-12 18:48:00,27.3
2025-06-12 11:52:00,11.6
2025-06-12 08:08:00,33.0
2025-06-12 16:23:00,49.81454693687398
2025-06-12 09:23:00,49.81454693687398
2025-06-12 03:21:00,98.9
2025-06-12 08:21:00,12.4
2025-06-12 08:31:00,94.0
2025-06-12 19:37:00,1.1
2025-06-12 02:21:00,80.2
2025-06-12 06:09:00,62.0
2025-06-12 19:24:00,37.7
2025-06-12 08:07:00,18.9
2025-06-12 18:40:00,12.0
2025-06-12 22:02:00,38.9
2025-06-12 16:56:00,42.7
2025-06-12 04:31:00,89.4
2025-06-12 04:22:00,16.6
2025-06-12 17:56:00,16.2
2025-06-12 22:34:00,71.4
2025-06-12 16:31:00,36.5
2025-06-12 19:29:00,49.81454693687398
2025-06-12 13:43:00,77.2
2025-06-12 19:57:00,81.5
2025-06-12 18:10:00,17.1
2025-06-12 00:19:00,72.0
2025-06-12 23:49:00,14.4
2025-06-12 22:16:00,86.2
2025-06-12 17:24:00,79.7
2025-06-12 15:57:00,77.8
2025-06-12 06:11:00,53.4
2025-06-12 08:52:00,21.8
2025-06-12 15:37:00,29.8
2025-06-12 14:24:00,5.7
2025-06-12 02:15:00,86.4
2025-06-12 05:58:00,9.0
2025-06-12 14:52:00,49.81454693687398
2025-06-12 04:12:00,17.4
2025-06-12 13:38:00,33.4
2025-06-12 01:28:00,63.4
2025-06-12 20:57:00,25.3
2025-06-12 17:03:00,49.81454693687398
2025-06-12 21:55:00,49.81454693687398
2025-06-12 14:19:00,49.81454693687398
2025-06-12 22:13:00,49.81454693687398
2025-06-12 05:06:00,86.3
2025-06-12 02:53:00,10.6
2025-06-12 00:54:00,36.7
2025-06-12 19:27:00,33.3
2025-06-12 02:20:00,52.0
2025-06-12 04:55:00,15.0
2025-06-12 21:09:00,24.0
2025-06-12 13:09:00,23.7
2025-06-12 15:36:00,40.8
2025-06-12 00:47:00,74.1
2025-06-12 15:44:00,77.0
2025-06-12 03:36:00,14.5
2025-06-12 09:36:00,7.1
2025-06-12 21:40:00,24.0
2025-06-12 18:39:00,49.81454693687398
2025-06-12 04:18:00,39.0
2025-06-12 19:42:00,48.0
2025-06-12 17:24:00,6.0
2025-06-12 20:36:00,44.1
2025-06-12 08:15:00,49.81454693687398
2025-06-12 07:34:00,16.5
2025-06-12 04:24:00,49.81454693687398
2025-06-12 00:22:00,90.0
2025-06-12 00:50:00,30.7
2025-06-12 16:34:00,69.4
2025-06-12 07:29:00,0.7
2025-06-12 13:27:00,64.2
2025-06-12 04:27:00,33.4
2025-06-12 06:44:00,49.81454693687398
2025-06-12 17:14:00,6.3
2025-06-12 21:36:00,16.7
2025-06-12 21:22:00,49.81454693687398
2025-06-12 02:39:00,74.5
2025-06-12 12:13:00,74.5
2025-06-12 04:37:00,49.81454693687398
2025-06-12 11:32:00,95.4
2025-06-12 21:12:00,21.6
2025-06-12 04:15:00,99.5
2025-06-12 12:48:00,30.6
2025-06-12 00:14:00,69.8
2025-06-12 04:07:00,26.5
2025-06-12 10:34:00,83.9
2025-06-12 11:35:00,34.1
2025-06-12 19:22:00,94.2
2025-06-12 05:18:00,19.5
2025-06-12 05:37:00,23.5
2025-06-12 22:39:00,37.9
2025-06-12 16:27:00,18.9
2025-06-12 13:40:00,49.81454693687398
2025-06-12 16:27:00,52.9
2025-06-12 04:24:00,66.2
2025-06-12 01:09:00,36.6
2025-06-12 03:29:00,32.6
2025-06-12 16:11:00,26.1
2025-06-12 22:40:00,3.7
2025-06-12 16:20:00,49.81454693687398
2025-06-12 22:35:00,71.2
2025-06-12 01:15:00,54.7
2025-06-12 17:15:00,96.9
2025-06-12 07:16:00,5.8
2025-06-12 06:37:00,81.0
2025-06-12 23:47:00,45.9
2025-06-12 10:31:00,37.4
2025-06-12 09:30:00,9.0
2025-06-12 15:16:00,87.7
2025-06-12 01:25:00,29.3
2025-06-12 02:14:00,49.81454693687398
2025-06-12 15:10:00,24.7
2025-06-12 12:07:00,18.0
2025-06-12 16:36:00,49.81454693687398
2025-06-12 23:57:00,60.2
2025-06-12 17:49:00,33.0
2025-06-12 08:50:00,49.81454693687398
2025-06-12 06:09:00,35.0
2025-06-12 07:48:00,22.9
2025-06-12 02:34:00,81.1
2025-06-12 13:54:00,55.5
2025-06-12 17:26:00,95.1
2025-06-12 03:21:00,49.81454693687398
2025-06-12 14:07:00,49.81454693687398
2025-06-12 09:51:00,60.3
2025-06-12 21:21:00,26.3
2025-06-12 17:49:00,61.5
2025-06-12 18:07:00,10.1
2025-06-12 23:38:00,1.0
2025-06-12 06:59:00,49.81454693687398
2025-06-12 06:53:00,55.8
2025-06-12 17:01:00,62.3
2025-06-12 18:40:00,26.6
2025-06-12 04:58:00,24.4
2025-06-12 19:51:00,4.8
2025-06-12 23:48:00,7.5
2025-06-12 17:56:00,46.8
2025-06-12 07:46:00,7.3
2025-06-12 19:25:00,17.9
2025-06-12 04:15:00,77.2
2025-06-12 01:31:00,6.0
2025-06-12 13:21:00,35.4
2025-06-12 15:02:00,36.0
2025-06-12 00:34:00,70.7
2025-06-12 15:20:00,15.9
2025-06-12 05:45:00,12.1
2025-06-12 10:38:00,51.7
2025-06-12 03:00:00,79.5
2025-06-12 01:49:00,49.81454693687398
2025-06-12 15:44:00,15.7
2025-06-12 04:27:00,34.3
2025-06-12 08:50:00,49.9
2025-06-12 11:27:00,43.4
2025-06-12 06:51:00,49.81454693687398
2025-06-12 21:32:00,30.7
2025-06-12 13:51:00,58.6
2025-06-12 23:35:00,68.2
2025-06-12 18:41:00,73.9
2025-06-12 13:49:00,28.1
2025-06-12 04:05:00,9.3
2025-06-12 03:21:00,49.81454693687398
2025-06-12 03:00:00,61.9
2025-06-12 21:53:00,60.0
2025-06-12 21:44:00,26.1
2025-06-12 15:45:00,76.5
2025-06-12 18:34:00,14.6
2025-06-12 20:24:00,87.9
2025-06-12 00:45:00,94.2
2025-06-12 13:54:00,0.0
2025-06-12 21:18:00,49.81454693687398
2025-06-12 22:20:00,40.6
2025-06-12 21:03:00,81.7
2025-06-12 07:10:00,49.1
2025-06-12 22:56:00,49.3
2025-06-12 09:30:00,83.0
2025-06-12 01:25:00,55.0
2025-06-12 09:17:00,52.7
2025-06-12 06:15:00,19.5
2025-06-12 22:51:00,55.1
2025-06-12 21:46:00,49.81454693687398
2025-06-12 06:11:00,26.0
2025-06-12 08:58:00,5.7
2025-06-12 05:02:00,93.4
2025-06-12 00:01:00,69.7
2025-06-12 13:18:00,65.4
2025-06-12 04:47:00,14.8
2025-06-12 06:07:00,76.7
2025-06-12 09:04:00,48.8
2025-06-12 11:14:00,25.8
2025-06-12 01:07:00,53.7
2025-06-12 16:16:00,21.4
2025-06-12 02:48:00,72.4
2025-06-12 10:22:00,90.0
2025-06-12 02:37:00,53.0
2025-06-12 06:00:00,49.81454693687398
2025-06-12 10:06:00,12.0
2025-06-12 08:33:00,13.1
2025-06-12 06:43:00,85.4
2025-06-12 15:51:00,86.4
2025-06-12 00:02:00,7.5
2025-06-12 21:25:00,88.5
2025-06-12 15:49:00,58.8
2025-06-12 15:38:00,49.81454693687398
2025-06-12 09:48:00,70.1
2025-06-12 16:51:00,93.5
2025-06-12 07:29:00,32.5
2025-06-12 00:51:00,60.5
2025-06-12 16:15:00,49.81454693687398
2025-06-12 17:26:00,49.81454693687398
2025-06-12 01:08:00,44.5
2025-06-12 13:45:00,54.1
2025-06-12 15:32:00,49.81454693687398
2025-06-12 15:01:00,82.7
2025-06-12 01:42:00,49.81454693687398
2025-06-12 23:28:00,37.2
2025-06-12 14:00:00,51.5
2025-06-12 13:18:00,71.2
2025-06-12 22:28:00,18.5
2025-06-12 06:40:00,35.4
2025-06-12 13:18:00,18.9
2025-06-12 07:54:00,95.5
2025-06-12 23:15:00,49.81454693687398
2025-06-12 19:29:00,50.5
2025-06-12 09:44:00,49.81454693687398
2025-06-12 02:50:00,30.4
2025-06-12 06:08:00,40.9
2025-06-12 03:12:00,88.9
2025-06-12 02:05:00,89.5
2025-06-12 04:38:00,1.9
2025-06-12 07:44:00,12.8
2025-06-12 04:09:00,5.2
2025-06-12 07:40:00,64.3
2025-06-12 23:41:00,49.81454693687398
2025-06-12 14:56:00,74.3
2025-06-12 21:44:00,5.3
2025-06-12 01:23:00,72.7
2025-06-12 03:56:00,86.4
2025-06-12 00:29:00,5.8
2025-06-12 12:29:00,28.8
2025-06-12 13:28:00,21.9
2025-06-12 12:40:00,56.3
2025-06-12 15:43:00,20.8
2025-06-12 17:29:00,67.6
2025-06-12 23:50:00,63.9
2025-06-12 16:22:00,0.4
2025-06-12 04:11:00,67.3
2025-06-12 14:08:00,50.17466168922071
2025-06-12 11:34:00,3.8
2025-06-12 06:34:00,13.9
2025-06-12 15:42:00,11.0
2025-06-12 07:51:00,51.6
2025-06-12 23:00:00,53.2
2025-06-12 22:30:00,50.3
2025-06-12 21:32:00,38.0
2025-06-12 19:11:00,48.6
2025-06-12 01:39:00,30.6
2025-06-12 15:36:00,18.5
2025-06-12 06:25:00,20.5
2025-06-12 01:21:00,52.3
2025-06-12 01:45:00,91.7
2025-06-12 02:15:00,99.4
2025-06-12 00:14:00,74.1
2025-06-12 01:48:00,44.4
2025-06-12 18:30:00,2.0
2025-06-12 00:12:00,23.1
2025-06-12 02:25:00,50.17466168922071
2025-06-12 07:37:00,6.0
2025-06-12 11:05:00,48.0
2025-06-12 22:54:00,50.17466168922071
2025-06-12 03:50:00,42.3
2025-06-12 21:50:00,91.1
2025-06-12 17:58:00,53.0
2025-06-12 09:30:00,2.6
2025-06-12 21:22:00,44.4
2025-06-12 16:19:00,3.0
2025-06-12 21:51:00,5.4
2025-06-12 19:38:00,24.5
2025-06-12 21:58:00,50.17466168922071
2025-06-12 16:11:00,68.3
2025-06-12 10:51:00,31.4
2025-06-12 13:05:00,47.3
2025-06-12 01:11:00,88.5
2025-06-12 13:50:00,3.5
2025-06-12 02:50:00,58.9
2025-06-12 22:44:00,66.9
2025-06-12 00:19:00,67.5
2025-06-12 00:10:00,97.4
2025-06-12 14:17:00,66.3
2025-06-12 02:41:00,57.0
2025-06-12 00:09:00,16.0
2025-06-12 01:49:00,53.7
2025-06-12 05:01:00,50.17466168922071
2025-06-12 05:46:00,70.3
2025-06-12 20:24:00,51.5
2025-06-12 03:36:00,95.2
2025-06-12 19:29:00,94.8
2025-06-12 21:00:00,95.8
2025-06-12 16:41:00,60.7
2025-06-12 15:27:00,47.5
2025-06-12 19:28:00,14.7
2025-06-12 20:31:00,55.9
2025-06-12 06:28:00,30.5
2025-06-12 07:54:00,25.6
2025-06-12 10:45:00,0.9
2025-06-12 12:12:00,64.9
2025-06-12 14:26:00,50.17466168922071
2025-06-12 05:58:00,66.1
2025-06-12 10:42:00,22.2
2025-06-12 11:58:00,44.7
2025-06-12 22:34:00,40.7
2025-06-12 21:32:00,31.4
2025-06-12 00:05:00,29.4
2025-06-12 16:30:00,80.5
2025-06-12 11:09:00,56.4
2025-06-12 14:14:00,12.2
2025-06-12 12:34:00,73.2
2025-06-12 20:48:00,93.6
2025-06-12 02:23:00,92.0
2025-06-12 00:57:00,11.2
2025-06-12 14:34:00,71.8
2025-06-12 05:04:00,71.3
2025-06-12 08:48:00,42.9
2025-06-12 18:36:00,49.6
2025-06-12 19:29:00,1.5
2025-06-12 21:14:00,10.6
2025-06-12 08:24:00,31.9
2025-06-12 15:16:00,58.8
2025-06-12 06:31:00,92.4
2025-06-12 10:12:00,36.1
2025-06-12 04:05:00,89.6
2025-06-12 04:47:00,91.4
2025-06-12 16:23:00,30.8
2025-06-12 10:55:00,71.7
2025-06-12 22:09:00,24.5
2025-06-12 20:43:00,81.2
2025-06-12 19:57:00,5.1
2025-06-12 11:14:00,74.1
2025-06-12 07:32:00,94.8
2025-06-12 15:08:00,83.7
2025-06-12 04:07:00,50.17466168922071
2025-06-12 02:42:00,26.5
2025-06-12 06:07:00,50.17466168922071
2025-06-12 17:01:00,11.0
2025-06-12 02:01:00,89.0
2025-06-12 02:09:00,81.7
2025-06-12 02:50:00,39.5
2025-06-12 20:10:00,61.5
2025-06-12 07:47:00,50.17466168922071
2025-06-12 09:30:00,14.3
2025-06-12 23:52:00,27.3
2025-06-12 15:54:00,20.5
2025-06-12 23:12:00,19.4
2025-06-12 23:20:00,44.8
2025-06-12 16:44:00,38.6
2025-06-12 20:55:00,54.7
2025-06-12 03:40:00,63.1
2025-06-12 23:25:00,55.7
2025-06-12 04:36:00,37.4
2025-06-12 05:37:00,2.1
2025-06-12 19:04:00,52.5
2025-06-12 04:06:00,50.1
2025-06-12 21:47:00,18.3
2025-06-12 13:31:00,71.6
2025-06-12 00:30:00,19.4
2025-06-12 23:21:00,46.6
2025-06-12 19:25:00,50.17466168922071
2025-06-12 22:47:00,24.7
2025-06-12 22:21:00,93.4
2025-06-12 13:48:00,66.2
2025-06-12 14:15:00,61.8
2025-06-12 05:10:00,37.3
2025-06-12 21:36:00,3.2
2025-06-12 14:16:00,92.5
2025-06-12 22:09:00,5.4
2025-06-12 17:57:00,71.3
2025-06-12 15:38:00,57.4
2025-06-12 10:24:00,12.3
2025-06-12 07:37:00,83.2
2025-06-12 06:36:00,19.3
2025-06-12 15:17:00,22.2
2025-06-12 22:57:00,8.6
2025-06-12 14:38:00,26.2
2025-06-12 14:28:00,52.6
2025-06-12 22:50:00,21.0
2025-06-12 21:33:00,67.9
2025-06-12 16:14:00,11.9
2025-06-12 09:14:00,67.5
2025-06-12 18:01:00,15.2
2025-06-12 12:26:00,74.9
2025-06-12 07:48:00,2.7
2025-06-12 21:01:00,6.9
2025-06-12 05:48:00,60.1
2025-06-12 07:59:00,38.3
2025-06-12 19:59:00,9.4
2025-06-12 12:57:00,47.5
2025-06-12 06:42:00,50.17466168922071
2025-06-12 08:25:00,41.8
2025-06-12 19:30:00,74.1
2025-06-12 15:04:00,42.6
2025-06-12 23:29:00,41.2
2025-06-12 02:57:00,39.7
2025-06-12 20:23:00,50.17466168922071
2025-06-12 13:08:00,84.2
2025-06-12 10:49:00,60.5
2025-06-12 15:00:00,50.17466168922071
2025-06-12 05:51:00,50.17466168922071
2025-06-12 16:07:00,50.17466168922071
2025-06-12 21:15:00,67.7
2025-06-12 18:14:00,99.8
2025-06-12 20:35:00,70.1
2025-06-12 06:20:00,84.2
2025-06-12 16:57:00,29.4
2025-06-12 17:55:00,10.1
2025-06-12 17:08:00,68.6
2025-06-12 11:13:00,50.17466168922071
2025-06-12 02:22:00,40.6
2025-06-12 06:23:00,3.6
2025-06-12 04:52:00,17.5
2025-06-12 20:49:00,22.4
2025-06-12 10:47:00,50.17466168922071
2025-06-12 16:45:00,86.8
2025-06-12 20:47:00,90.2
2025-06-12 10:56:00,77.6
2025-06-12 10:26:00,70.6
2025-06-12 08:31:00,93.1
2025-06-12 22:16:00,63.4
2025-06-12 19:22:00,81.6
2025-06-12 14:43:00,50.17466168922071
2025-06-12 09:01:00,78.5
2025-06-12 01:55:00,23.4
2025-06-12 02:34:00,73.8
2025-06-12 14:07:00,24.3
2025-06-12 15:29:00,27.6
2025-06-12 01:27:00,95.6
2025-06-12 01:35:00,45.0
2025-06-12 08:53:00,81.2
2025-06-12 13:17:00,74.3
2025-06-12 04:44:00,14.7
2025-06-12 03:23:00,63.6
2025-06-12 04:12:00,91.4
2025-06-12 19:26:00,98.7
2025-06-12 10:13:00,50.17466168922071
2025-06-12 13:05:00,70.1
2025-06-12 06:27:00,83.2
2025-06-12 04:46:00,52.8
2025-06-12 00:23:00,5.9
2025-06-12 09:52:00,23.7
2025-06-12 15:23:00,92.6
2025-06-12 07:04:00,20.4
2025-06-12 10:04:00,54.3
2025-06-12 15:59:00,91.4
2025-06-12 19:43:00,71.6
2025-06-12 22:02:00,50.17466168922071
2025-06-12 20:37:00,30.6
2025-06-12 22:23:00,4.8
2025-06-12 03:01:00,79.1
2025-06-12 00:11:00,37.0
2025-06-12 00:24:00,10.8
2025-06-12 05:54:00,36.2
2025-06-12 17:26:00,50.17466168922071
2025-06-12 19:44:00,50.17466168922071
2025-06-12 13:27:00,14.1
2025-06-12 16:06:00,42.2
2025-06-12 11:52:00,3.8
2025-06-12 10:10:00,71.9
2025-06-12 17:08:00,50.17466168922071
2025-06-12 09:56:00,50.6
2025-06-12 00:56:00,2.4
2025-06-12 03:48:00,62.8
2025-06-12 15:26:00,49.9
2025-06-12 19:18:00,22.0
2025-06-12 04:01:00,50.17466168922071
2025-06-12 21:21:00,75.1
2025-06-12 00:55:00,71.1
2025-06-12 18:05:00,35.1
2025-06-12 11:59:00,65.5
2025-06-12 17:41:00,50.17466168922071
2025-06-12 00:27:00,50.17466168922071
2025-06-12 12:29:00,25.8
2025-06-12 00:43:00,5.0
2025-06-12 17:29:00,30.9
2025-06-12 09:40:00,23.8
2025-06-12 23:34:00,74.9
2025-06-12 13:45:00,18.2
2025-06-12 08:37:00,82.4
2025-06-12 02:56:00,18.4
2025-06-12 16:18:00,76.3
2025-06-12 17:54:00,58.5
2025-06-12 13:02:00,85.0
2025-06-12 20:29:00,50.17466168922071
2025-06-12 14:29:00,86.3
2025-06-12 09:07:00,28.5
2025-06-12 04:40:00,46.7
2025-06-12 03:41:00,55.0
2025-06-12 05:37:00,38.8
2025-06-12 16:09:00,16.5
2025-06-12 21:01:00,51.0
2025-06-12 21:29:00,21.1
2025-06-12 04:10:00,25.5
2025-06-12 03:02:00,50.17466168922071
2025-06-12 10:51:00,50.17466168922071
2025-06-12 18:36:00,46.7
2025-06-12 18:57:00,50.17466168922071
2025-06-12 21:03:00,36.9
2025-06-12 15:43:00,30.5
2025-06-12 19:11:00,50.17466168922071
2025-06-12 12:14:00,9.0
2025-06-12 07:37:00,50.17466168922071
2025-06-12 02:46:00,23.9
2025-06-12 19:33:00,52.1
2025-06-12 15:17:00,47.3
2025-06-12 20:14:00,75.3
2025-06-12 22:41:00,93.7
2025-06-12 16:20:00,28.2
2025-06-12 07:05:00,50.17466168922071
2025-06-12 12:22:00,41.7
2025-06-12 18:20:00,84.5
2025-06-12 15:56:00,84.7
2025-06-12 09:37:00,4.8
2025-06-12 10:39:00,73.2
2025-06-12 18:27:00,18.1
2025-06-12 09:17:00,68.6
2025-06-12 00:40:00,4.8
2025-06-12 12:25:00,50.17466168922071
2025-06-12 04:25:00,83.7
2025-06-12 22:51:00,3.1
2025-06-12 02:17:00,40.2
2025-06-12 09:43:00,54.9
2025-06-12 02:15:00,43.3
2025-06-12 20:53:00,50.17466168922071
2025-06-12 00:24:00,15.3
2025-06-12 13:11:00,23.8
2025-06-12 02:34:00,77.4
2025-06-12 23:18:00,44.3
2025-06-12 11:19:00,50.17466168922071
2025-06-12 11:30:00,50.17466168922071
2025-06-12 15:25:00,77.7
2025-06-12 19:59:00,50.17466168922071
2025-06-12 00:24:00,18.4
2025-06-12 18:18:00,27.8
2025-06-12 10:33:00,34.2
2025-06-12 12:07:00,81.9
2025-06-12 23:12:00,54.5
2025-06-12 18:49:00,97.1
2025-06-12 21:33:00,12.3
2025-06-12 06:49:00,56.6
2025-06-12 09:00:00,78.3
2025-06-12 16:26:00,31.5
2025-06-12 09:46:00,51.4
2025-06-12 08:01:00,58.0
2025-06-12 01:52:00,92.3
2025-06-12 09:30:00,16.0
2025-06-12 11:43:00,14.3
2025-06-12 13:49:00,34.6
2025-06-12 18:39:00,1.9
2025-06-12 01:00:00,11.8
2025-06-12 02:04:00,97.1
2025-06-12 16:35:00,15.4
2025-06-12 14:51:00,52.6
2025-06-12 06:29:00,50.17466168922071
2025-06-12 14:16:00,79.6
2025-06-12 05:53:00,34.9
2025-06-12 02:25:00,54.9
2025-06-12 15:59:00,55.2
2025-06-12 16:11:00,78.7
2025-06-12 22:13:00,50.17466168922071
2025-06-12 18:48:00,50.17466168922071
2025-06-12 11:23:00,90.9
2025-06-12 10:16:00,21.7
2025-06-12 09:07:00,20.7
2025-06-12 10:34:00,78.1
2025-06-12 10:03:00,39.8
2025-06-12 12:04:00,9.1
2025-06-12 04:51:00,21.9
2025-06-12 01:12:00,96.7
2025-06-12 10:32:00,64.4
2025-06-12 03:11:00,60.4
2025-06-12 02:01:00,52.9
2025-06-12 16:54:00,92.5
2025-06-12 04:42:00,50.17466168922071
2025-06-12 03:15:00,41.1
2025-06-12 18:57:00,1.0
2025-06-12 03:44:00,80.7
2025-06-12 13:00:00,50.17466168922071
2025-06-12 12:00:00,33.4
2025-06-12 13:15:00,93.3
2025-06-12 15:48:00,87.3
2025-06-12 16:28:00,33.2
2025-06-12 21:17:00,49.28634215500945
2025-06-12 08:03:00,16.3
2025-06-12 23:13:00,99.4
2025-06-12 01:23:00,18.8
2025-06-12 10:18:00,63.2
2025-06-12 18:02:00,49.28634215500945
2025-06-12 15:56:00,97.5
2025-06-12 00:24:00,6.2
2025-06-12 04:18:00,62.6
2025-06-12 03:31:00,20.4
2025-06-12 18:30:00,58.0
2025-06-12 00:36:00,39.3
2025-06-12 21:09:00,3.3
2025-06-12 22:14:00,7.4
2025-06-12 13:03:00,13.2
2025-06-12 07:54:00,59.8
2025-06-12 17:41:00,49.28634215500945
2025-06-12 10:39:00,55.0
2025-06-12 06:30:00,24.2
2025-06-12 01:50:00,67.2
2025-06-12 07:55:00,49.28634215500945
2025-06-12 13:16:00,93.3
2025-06-12 18:25:00,49.28634215500945
2025-06-12 03:51:00,26.0
2025-06-12 12:18:00,54.2
2025-06-12 03:08:00,40.2
2025-06-12 21:34:00,63.8
2025-06-12 22:35:00,95.2
2025-06-12 08:15:00,70.7
2025-06-12 08:11:00,93.9
2025-06-12 14:42:00,45.8
2025-06-12 10:20:00,8.8
2025-06-12 12:20:00,10.5
2025-06-12 20:00:00,87.4
2025-06-12 08:24:00,49.28634215500945
2025-06-12 00:53:00,26.7
2025-06-12 13:46:00,49.28634215500945
2025-06-12 19:10:00,31.0
2025-06-12 10:42:00,49.28634215500945
2025-06-12 07:32:00,23.6
2025-06-12 19:45:00,34.0
2025-06-12 16:43:00,97.7
2025-06-12 03:36:00,16.8
2025-06-12 02:56:00,14.5
2025-06-12 08:15:00,49.28634215500945
2025-06-12 06:30:00,49.28634215500945
2025-06-12 03:45:00,49.28634215500945
2025-06-12 01:45:00,33.5
2025-06-12 06:58:00,62.3
2025-06-12 22:25:00,61.9
2025-06-12 03:08:00,49.28634215500945
2025-06-12 14:00:00,25.3
2025-06-12 00:02:00,72.1
2025-06-12 19:35:00,11.4
2025-06-12 16:49:00,13.1
2025-06-12 04:01:00,49.28634215500945
2025-06-12 14:58:00,22.3
2025-06-12 21:32:00,49.28634215500945
2025-06-12 20:50:00,34.0
2025-06-12 02:29:00,2.5
2025-06-12 22:08:00,30.4
2025-06-12 19:31:00,45.2
2025-06-12 10:50:00,49.28634215500945
2025-06-12 02:10:00,56.0
2025-06-12 01:24:00,71.1
2025-06-12 11:05:00,19.8
2025-06-12 12:36:00,47.2
2025-06-12 09:45:00,39.4
2025-06-12 15:30:00,49.28634215500945
2025-06-12 12:14:00,4.7
2025-06-12 13:52:00,32.8
2025-06-12 09:27:00,49.28634215500945
2025-06-12 02:40:00,39.5
2025-06-12 17:56:00,52.7
2025-06-12 19:31:00,41.2
2025-06-12 00:02:00,49.28634215500945
2025-06-12 12:33:00,49.28634215500945
2025-06-12 18:48:00,49.9
2025-06-12 06:16:00,29.9
2025-06-12 23:17:00,72.2
2025-06-12 06:39:00,47.5
2025-06-12 06:40:00,45.6
2025-06-12 22:59:00,87.0
2025-06-12 00:20:00,89.7
2025-06-12 10:41:00,47.7
2025-06-12 10:14:00,86.3
2025-06-12 16:07:00,49.28634215500945
2025-06-12 23:58:00,72.0
2025-06-12 18:51:00,68.5
2025-06-12 19:49:00,77.9
2025-06-12 08:18:00,95.1
2025-06-12 23:10:00,94.7
2025-06-12 19:38:00,48.8
2025-06-12 14:49:00,61.1
2025-06-12 15:03:00,24.0
2025-06-12 20:56:00,53.1
2025-06-12 09:37:00,49.28634215500945
2025-06-12 16:40:00,2.8
2025-06-12 09:15:00,58.4
2025-06-12 10:47:00,92.2
2025-06-12 08:11:00,10.9
2025-06-12 11:26:00,67.2
2025-06-12 19:43:00,98.4
2025-06-12 17:17:00,42.6
2025-06-12 12:20:00,72.0
2025-06-12 08:00:00,77.9
2025-06-12 22:46:00,78.9
2025-06-12 23:59:00,16.0
2025-06-12 15:03:00,1.0
2025-06-12 01:39:00,49.28634215500945
2025-06-12 17:29:00,27.2
2025-06-12 04:27:00,13.7
2025-06-12 05:24:00,66.7
2025-06-12 02:40:00,42.4
2025-06-12 04:02:00,49.28634215500945
2025-06-12 19:00:00,52.9
2025-06-12 15:06:00,49.28634215500945
2025-06-12 05:58:00,49.28634215500945
2025-06-12 09:45:00,17.5
2025-06-12 10:45:00,49.28634215500945
2025-06-12 11:19:00,49.28634215500945
2025-06-12 19:17:00,24.3
2025-06-12 12:04:00,88.5
2025-06-12 08:39:00,50.6
2025-06-12 00:48:00,1.6
2025-06-12 03:38:00,80.4
2025-06-12 23:48:00,42.7
2025-06-12 16:18:00,40.3
2025-06-12 01:23:00,95.4
2025-06-12 07:14:00,30.2
2025-06-12 13:31:00,49.28634215500945
2025-06-12 18:59:00,52.1
2025-06-12 04:19:00,97.6
2025-06-12 00:55:00,92.0
2025-06-12 09:02:00,49.28634215500945
2025-06-12 23:03:00,38.6
2025-06-12 17:37:00,89.9
2025-06-12 13:17:00,41.9
2025-06-12 15:04:00,51.9
2025-06-12 15:45:00,41.7
2025-06-12 07:36:00,15.9
2025-06-12 18:44:00,6.4
2025-06-12 16:00:00,9.4
2025-06-12 17:20:00,33.8
2025-06-12 16:28:00,82.9
2025-06-12 09:50:00,35.0
2025-06-12 22:55:00,84.8
2025-06-12 15:02:00,49.28634215500945
2025-06-12 18:36:00,43.4
2025-06-12 18:53:00,12.1
2025-06-12 21:42:00,79.1
2025-06-12 19:11:00,9.9
2025-06-12 13:34:00,67.5
2025-06-12 05:25:00,60.0
2025-06-12 02:23:00,20.0
2025-06-12 13:04:00,72.2
2025-06-12 18:36:00,63.4
2025-06-12 07:53:00,49.28634215500945
2025-06-12 03:56:00,9.5
2025-06-12 03:47:00,24.3
2025-06-12 20:10:00,99.4
2025-06-12 08:53:00,50.1
2025-06-12 22:31:00,62.9
2025-06-12 18:17:00,96.2
2025-06-12 13:47:00,86.4
2025-06-12 02:43:00,49.28634215500945
2025-06-12 17:36:00,49.28634215500945
2025-06-12 12:07:00,35.1
2025-06-12 10:30:00,39.3
2025-06-12 22:12:00,16.8
2025-06-12 17:27:00,64.1
2025-06-12 23:14:00,81.2
2025-06-12 15:14:00,9.5
2025-06-12 23:11:00,49.28634215500945
2025-06-12 05:16:00,49.28634215500945
2025-06-12 03:58:00,49.28634215500945
2025-06-12 07:19:00,23.4
2025-06-12 21:19:00,38.9
2025-06-12 02:57:00,82.6
2025-06-12 14:01:00,20.0
2025-06-12 01:00:00,66.0
2025-06-12 17:47:00,49.28634215500945
2025-06-12 00:11:00,94.6
2025-06-12 21:16:00,12.6
2025-06-12 13:41:00,65.4
2025-06-12 22:18:00,57.6
2025-06-12 14:10:00,99.6
2025-06-12 07:27:00,31.1
2025-06-12 01:29:00,49.28634215500945
2025-06-12 02:31:00,49.28634215500945
2025-06-12 19:25:00,49.28634215500945
2025-06-12 15:32:00,49.28634215500945
2025-06-12 02:11:00,27.5
2025-06-12 07:19:00,5.2
2025-06-12 11:12:00,43.0
2025-06-12 06:11:00,34.4
2025-06-12 18:20:00,69.5
2025-06-12 04:31:00,60.6
2025-06-12 04:01:00,8.5
2025-06-12 06:43:00,49.28634215500945
2025-06-12 19:35:00,96.4
2025-06-12 10:56:00,92.6
2025-06-12 11:58:00,59.1
2025-06-12 23:10:00,99.1
2025-06-12 23:29:00,15.3
2025-06-12 23:49:00,39.7
2025-06-12 15:39:00,16.8
2025-06-12 02:46:00,88.7
2025-06-12 17:18:00,49.28634215500945
2025-06-12 17:34:00,70.9
2025-06-12 19:32:00,6.6
2025-06-12 14:02:00,0.3
2025-06-12 09:15:00,31.3
2025-06-12 17:55:00,49.28634215500945
2025-06-12 05:40:00,7.8
2025-06-12 00:05:00,44.6
2025-06-12 08:51:00,31.2
2025-06-12 22:10:00,86.0
2025-06-12 21:27:00,18.4
2025-06-12 00:58:00,18.1
2025-06-12 13:56:00,53.9
2025-06-12 01:48:00,88.4
2025-06-12 06:32:00,74.8
2025-06-12 06:42:00,43.7
2025-06-12 01:19:00,72.4
2025-06-12 14:37:00,49.28634215500945
2025-06-12 05:44:00,34.2
2025-06-12 17:29:00,78.9
2025-06-12 22:25:00,43.5
2025-06-12 03:15:00,28.7
2025-06-12 02:20:00,49.28634215500945
2025-06-12 09:11:00,25.1
2025-06-12 20:17:00,72.4
2025-06-12 01:15:00,29.8
2025-06-12 14:28:00,49.28634215500945
2025-06-12 15:09:00,9.5
2025-06-12 04:06:00,65.6
2025-06-12 10:33:00,75.8
2025-06-12 15:42:00,68.3
2025-06-12 12:50:00,6.9
2025-06-12 06:01:00,49.28634215500945
2025-06-12 22:37:00,78.7
2025-06-12 05:39:00,37.2
2025-06-12 01:37:00,93.3
2025-06-12 03:04:00,44.8
2025-06-12 14:11:00,49.28634215500945
2025-06-12 01:31:00,71.5
2025-06-12 02:02:00,58.1
2025-06-12 20:04:00,49.28634215500945
2025-06-12 18:59:00,83.1
2025-06-12 03:39:00,44.6
2025-06-12 00:14:00,48.5
2025-06-12 14:46:00,75.8
2025-06-12 21:46:00,44.3
2025-06-12 09:34:00,42.1
2025-06-12 08:39:00,18.5
2025-06-12 05:37:00,49.28634215500945
2025-06-12 13:09:00,30.2
2025-06-12 04:53:00,97.0
2025-06-12 09:14:00,24.1
2025-06-12 11:13:00,95.6
2025-06-12 04:38:00,60.1
2025-06-12 06:21:00,4.4
2025-06-12 16:48:00,2.4
2025-06-12 09:33:00,72.5
2025-06-12 04:39:00,26.4
2025-06-12 20:06:00,49.28634215500945
2025-06-12 15:42:00,82.2
2025-06-12 03:54:00,49.28634215500945
2025-06-12 15:08:00,4.2
2025-06-12 20:57:00,3.8
2025-06-12 17:16:00,36.9
2025-06-12 05:33:00,78.0
2025-06-12 00:18:00,21.4
2025-06-12 16:22:00,75.0
2025-06-12 16:17:00,37.1
2025-06-12 03:42:00,58.6
2025-06-12 21:09:00,71.3
2025-06-12 07:31:00,80.8
2025-06-12 17:05:00,49.28634215500945
2025-06-12 16:53:00,6.9
2025-06-12 06:13:00,92.3
2025-06-12 22:59:00,13.4
2025-06-12 09:11:00,53.1
2025-06-12 03:59:00,49.28634215500945
2025-06-12 21:30:00,56.0
2025-06-12 11:41:00,40.8
2025-06-12 15:16:00,15.2
2025-06-12 12:00:00,50.6
2025-06-12 23:14:00,43.0
2025-06-12 08:25:00,39.4
2025-06-12 22:50:00,91.8
2025-06-12 06:52:00,20.6
2025-06-12 12:39:00,64.3
2025-06-12 21:07:00,34.4
2025-06-12 06:44:00,42.3
2025-06-12 08:35:00,17.0
2025-06-12 06:49:00,81.5
2025-06-12 23:57:00,46.8
2025-06-12 19:46:00,49.28634215500945
2025-06-12 04:04:00,49.28634215500945
2025-06-12 13:37:00,49.28634215500945
2025-06-12 20:26:00,18.4
2025-06-12 05:07:00,51.3
2025-06-12 11:49:00,25.4
2025-06-12 19:42:00,79.3
2025-06-12 16:46:00,47.9
2025-06-12 23:04:00,13.7
2025-06-12 11:10:00,49.28634215500945
2025-06-12 17:44:00,33.7
2025-06-12 17:53:00,90.6
2025-06-12 06:57:00,49.28634215500945
2025-06-12 12:54:00,51.5
2025-06-12 14:54:00,28.4
2025-06-12 11:35:00,93.8
2025-06-12 13:31:00,65.4
2025-06-12 20:17:00,49.28634215500945
2025-06-12 00:21:00,70.2
2025-06-12 14:39:00,49.28634215500945
2025-06-12 14:58:00,26.7
2025-06-12 02:09:00,19.0
2025-06-12 23:35:00,29.8
2025-06-12 17:18:00,49.28634215500945
2025-06-12 00:40:00,51.7
2025-06-12 08:30:00,49.28634215500945
2025-06-12 10:56:00,1.8
2025-06-12 18:02:00,98.1
2025-06-12 06:49:00,57.1
2025-06-12 04:44:00,49.28634215500945
2025-06-12 22:57:00,99.3
2025-06-12 02:53:00,73.4
2025-06-12 23:25:00,20.5
2025-06-12 13:43:00,49.28634215500945
2025-06-12 01:17:00,61.3
2025-06-12 15:55:00,5.7
2025-06-12 17:44:00,45.7
2025-06-12 08:46:00,49.28634215500945
2025-06-12 08:52:00,38.5
2025-06-12 15:15:00,97.5
2025-06-12 09:11:00,35.4
2025-06-12 19:01:00,85.2
2025-06-12 15:37:00,72.4
2025-06-12 11:08:00,49.28634215500945
2025-06-12 21:04:00,59.8
2025-06-12 20:33:00,13.5
2025-06-12 06:40:00,45.4
2025-06-12 19:11:00,41.2
2025-06-12 07:23:00,37.4
2025-06-12 00:30:00,32.7
2025-06-12 10:06:00,51.8
2025-06-12 16:10:00,28.0
2025-06-12 10:22:00,42.3
2025-06-12 08:21:00,41.8
2025-06-12 07:56:00,50.0812925170068
2025-06-12 17:21:00,1.6
2025-06-12 16:36:00,26.8
2025-06-12 21:16:00,81.7
2025-06-12 10:39:00,27.3
2025-06-12 19:55:00,91.7
2025-06-12 00:02:00,69.0
2025-06-12 21:14:00,71.0
2025-06-12 04:16:00,64.0
2025-06-12 12:31:00,99.5
2025-06-12 06:51:00,16.5
2025-06-12 02:57:00,58.1
2025-06-12 08:22:00,12.1
2025-06-12 03:21:00,52.3
2025-06-12 16:47:00,5.0
2025-06-12 02:37:00,64.5
2025-06-12 15:50:00,94.5
2025-06-12 11:55:00,70.1
2025-06-12 03:30:00,96.1
2025-06-12 09:16:00,34.0
2025-06-12 23:47:00,50.0812925170068
2025-06-12 13:42:00,94.7
2025-06-12 04:21:00,26.8
2025-06-12 03:43:00,3.6
2025-06-12 09:04:00,77.5
2025-06-12 20:47:00,55.8
2025-06-12 01:33:00,67.9
2025-06-12 01:51:00,94.2
2025-06-12 06:43:00,4.1
2025-06-12 08:53:00,68.1
2025-06-12 08:16:00,7.6
2025-06-12 20:43:00,3.4
2025-06-12 15:25:00,98.0
2025-06-12 05:30:00,50.0812925170068
2025-06-12 22:57:00,77.6
2025-06-12 17:14:00,21.7
2025-06-12 17:09:00,49.3
2025-06-12 21:29:00,60.4
2025-06-12 19:01:00,39.9
2025-06-12 22:04:00,8.9
2025-06-12 21:59:00,77.8
2025-06-12 17:02:00,50.0812925170068
2025-06-12 19:14:00,75.3
2025-06-12 17:55:00,50.0812925170068
2025-06-12 13:25:00,3.3
2025-06-12 08:29:00,28.0
2025-06-12 09:17:00,81.7
2025-06-12 13:02:00,69.9
2025-06-12 00:57:00,61.8
2025-06-12 13:45:00,84.0
2025-06-12 00:12:00,93.3
2025-06-12 22:08:00,99.2
2025-06-12 05:21:00,72.0
2025-06-12 02:25:00,52.1
2025-06-12 17:04:00,11.1
2025-06-12 01:34:00,46.8
2025-06-12 12:03:00,67.4
2025-06-12 02:50:00,50.0812925170068
2025-06-12 10:27:00,77.4
2025-06-12 18:42:00,77.0
2025-06-12 06:18:00,66.3
2025-06-12 23:25:00,38.7
2025-06-12 20:43:00,36.6
2025-06-12 16:56:00,4.9
2025-06-12 22:49:00,5.6
2025-06-12 02:45:00,50.0812925170068
2025-06-12 00:26:00,50.0812925170068
2025-06-12 10:22:00,39.2
2025-06-12 06:18:00,41.9
2025-06-12 09:43:00,5.5
2025-06-12 20:31:00,37.4
2025-06-12 19:55:00,96.9
2025-06-12 20:21:00,12.7
2025-06-12 02:28:00,72.2
2025-06-12 16:33:00,89.4
2025-06-12 03:10:00,67.3
2025-06-12 22:59:00,5.4
2025-06-12 23:07:00,71.5
2025-06-12 19:04:00,77.6
2025-06-12 20:59:00,35.2
2025-06-12 23:25:00,25.3
2025-06-12 01:50:00,50.0812925170068
2025-06-12 03:10:00,75.7
2025-06-12 20:04:00,13.8
2025-06-12 12:20:00,23.4
2025-06-12 03:23:00,38.3
2025-06-12 04:26:00,64.1
2025-06-12 19:36:00,58.1
2025-06-12 17:54:00,35.7
2025-06-12 04:13:00,69.5
2025-06-12 10:47:00,50.0812925170068
2025-06-12 22:01:00,96.3
2025-06-12 03:43:00,50.0812925170068
2025-06-12 06:56:00,62.1
2025-06-12 22:20:00,28.6
2025-06-12 17:27:00,0.5
2025-06-12 04:05:00,56.7
2025-06-12 11:47:00,84.2
2025-06-12 11:50:00,50.0812925170068
2025-06-12 04:06:00,61.6
2025-06-12 11:51:00,57.3
2025-06-12 07:59:00,72.1
2025-06-12 04:19:00,33.6
2025-06-12 12:59:00,39.5
2025-06-12 22:23:00,88.2
2025-06-12 17:10:00,46.8
2025-06-12 07:29:00,6.2
2025-06-12 08:08:00,93.0
2025-06-12 18:16:00,69.0
2025-06-12 02:10:00,71.5
2025-06-12 22:53:00,50.0812925170068
2025-06-12 08:16:00,89.1
2025-06-12 05:53:00,82.3
2025-06-12 21:12:00,33.8
2025-06-12 11:53:00,91.5
2025-06-12 19:40:00,97.6
2025-06-12 08:20:00,40.0
2025-06-12 21:56:00,59.8
2025-06-12 12:01:00,92.0
2025-06-12 21:07:00,35.5
2025-06-12 23:27:00,44.9
2025-06-12 11:58:00,16.3
2025-06-12 08:28:00,81.7
2025-06-12 20:20:00,80.5
2025-06-12 22:52:00,93.2
2025-06-12 19:32:00,20.7
2025-06-12 03:04:00,32.4
2025-06-12 15:02:00,91.5
2025-06-12 09:14:00,26.6
2025-06-12 05:39:00,45.9
2025-06-12 04:09:00,69.4
2025-06-12 14:22:00,76.9
2025-06-12 08:40:00,61.9
2025-06-12 18:03:00,5.7
2025-06-12 15:50:00,50.0812925170068
2025-06-12 21:23:00,58.6
2025-06-12 10:36:00,26.6
2025-06-12 09:58:00,12.4
2025-06-12 16:01:00,81.3
2025-06-12 15:21:00,20.8
2025-06-12 22:13:00,22.7
2025-06-12 11:06:00,60.7
2025-06-12 23:33:00,50.0812925170068
2025-06-12 09:29:00,7.6
2025-06-12 01:20:00,12.4
2025-06-12 04:17:00,53.2
2025-06-12 20:31:00,2.1
2025-06-12 14:17:00,8.0
2025-06-12 07:09:00,30.8
2025-06-12 13:35:00,36.8
2025-06-12 13:22:00,81.7
2025-06-12 15:55:00,28.8
2025-06-12 10:23:00,8.2
2025-06-12 21:03:00,76.8
2025-06-12 22:37:00,28.9
2025-06-12 01:00:00,8.8
2025-06-12 07:35:00,23.5
2025-06-12 01:52:00,82.8
2025-06-12 03:32:00,81.9
2025-06-12 05:45:00,32.7
2025-06-12 23:58:00,22.1
2025-06-12 11:45:00,6.2
2025-06-12 21:20:00,82.0
2025-06-12 16:10:00,55.8
2025-06-12 19:09:00,75.2
2025-06-12 20:19:00,44.2
2025-06-12 12:31:00,44.7
2025-06-12 02:13:00,55.9
2025-06-12 04:58:00,64.8
2025-06-12 13:58:00,60.6
2025-06-12 14:31:00,53.5
2025-06-12 16:26:00,46.6
2025-06-12 04:21:00,85.0
2025-06-12 10:00:00,41.2
2025-06-12 03:02:00,65.5
2025-06-12 13:02:00,96.1
2025-06-12 01:46:00,50.0812925170068
2025-06-12 12:50:00,62.2
2025-06-12 05:13:00,17.9
2025-06-12 06:59:00,53.8
2025-06-12 08:39:00,11.5
2025-06-12 14:04:00,66.1
2025-06-12 21:28:00,50.0812925170068
2025-06-12 17:09:00,33.0
2025-06-12 09:12:00,57.7
2025-06-12 16:46:00,28.5
2025-06-12 20:18:00,30.8
2025-06-12 18:42:00,58.6
2025-06-12 09:51:00,36.4
2025-06-12 03:25:00,82.3
2025-06-12 01:00:00,42.9
2025-06-12 07:47:00,77.4
2025-06-12 11:34:00,67.7
2025-06-12 23:35:00,43.2
2025-06-12 03:29:00,2.3
2025-06-12 14:55:00,15.2
2025-06-12 11:58:00,62.3
2025-06-12 07:01:00,97.1
2025-06-12 03:55:00,45.7
2025-06-12 00:52:00,50.0812925170068
2025-06-12 08:14:00,91.0
2025-06-12 15:59:00,50.0812925170068
2025-06-12 10:45:00,26.7
2025-06-12 04:41:00,30.8
2025-06-12 19:11:00,8.9
2025-06-12 15:42:00,4.4
2025-06-12 16:11:00,4.3
2025-06-12 05:04:00,71.0
2025-06-12 00:44:00,50.0812925170068
2025-06-12 01:09:00,50.0812925170068
2025-06-12 14:00:00,14.9
2025-06-12 08:44:00,0.4
2025-06-12 07:47:00,92.2
2025-06-12 03:25:00,50.0812925170068
2025-06-12 19:31:00,6.2
2025-06-12 23:37:00,53.4
2025-06-12 08:19:00,50.0812925170068
2025-06-12 14:29:00,5.7
2025-06-12 01:28:00,73.6
2025-06-12 12:16:00,24.7
2025-06-12 13:53:00,16.5
2025-06-12 15:36:00,63.7
2025-06-12 17:12:00,47.1
2025-06-12 03:43:00,17.5
2025-06-12 00:59:00,81.8
2025-06-12 16:06:00,62.7
2025-06-12 12:56:00,29.9
2025-06-12 09:43:00,38.1
2025-06-12 21:30:00,51.0
2025-06-12 19:18:00,50.0812925170068
2025-06-12 02:11:00,31.5
2025-06-12 07:27:00,43.8
2025-06-12 03:30:00,70.1
2025-06-12 14:13:00,19.2
2025-06-12 20:09:00,91.5
2025-06-12 14:13:00,53.6
2025-06-12 23:35:00,50.0812925170068
2025-06-12 19:48:00,17.6
2025-06-12 22:12:00,67.4
2025-06-12 19:36:00,47.5
2025-06-12 08:01:00,33.6
2025-06-12 05:08:00,20.8
2025-06-12 00:09:00,34.2
2025-06-12 03:44:00,32.0
2025-06-12 08:11:00,51.8
2025-06-12 13:55:00,14.7
2025-06-12 03:24:00,28.1
2025-06-12 04:01:00,3.6
2025-06-12 15:28:00,39.3
2025-06-12 01:48:00,93.8
2025-06-12 00:57:00,50.0812925170068
2025-06-12 08:54:00,64.8
2025-06-12 20:42:00,50.0812925170068
2025-06-12 08:06:00,2.5
2025-06-12 13:24:00,41.3
2025-06-12 23:05:00,50.0812925170068
2025-06-12 22:02:00,49.0
2025-06-12 21:20:00,2.1
2025-06-12 22:46:00,3.6
2025-06-12 06:26:00,1.1
2025-06-12 11:51:00,26.2
2025-06-12 18:18:00,50.6
2025-06-12 10:29:00,34.0
2025-06-12 23:11:00,68.2
2025-06-12 18:18:00,49.9
2025-06-12 22:53:00,50.0812925170068
2025-06-12 04:01:00,80.9
2025-06-12 14:09:00,73.4
2025-06-12 12:34:00,49.7
2025-06-12 02:13:00,10.8
2025-06-12 08:29:00,87.0
2025-06-12 20:31:00,50.2
2025-06-12 23:04:00,85.7
2025-06-12 08:09:00,44.5
2025-06-12 04:11:00,50.0812925170068
2025-06-12 16:07:00,91.7
2025-06-12 12:09:00,50.0812925170068
2025-06-12 18:31:00,9.2
2025-06-12 01:00:00,50.0812925170068
2025-06-12 03:01:00,50.0812925170068
2025-06-12 02:05:00,77.6
2025-06-12 07:25:00,50.0812925170068
2025-06-12 02:14:00,61.8
2025-06-12 10:48:00,21.9
2025-06-12 03:26:00,0.7
2025-06-12 22:02:00,55.0
2025-06-12 16:54:00,50.0812925170068
2025-06-12 18:51:00,50.0812925170068
2025-06-12 11:13:00,87.2
2025-06-12 14:56:00,24.1
2025-06-12 02:37:00,71.4
2025-06-12 04:33:00,17.8
2025-06-12 02:34:00,23.6
2025-06-12 09:55:00,20.5
2025-06-12 09:21:00,6.2
2025-06-12 11:31:00,69.6
2025-06-12 17:08:00,54.4
2025-06-12 07:14:00,50.0812925170068
2025-06-12 03:22:00,60.8
2025-06-12 15:29:00,50.0812925170068
2025-06-12 12:52:00,98.4
2025-06-12 15:46:00,70.1
2025-06-12 05:15:00,82.2
2025-06-12 04:44:00,50.0812925170068
2025-06-12 05:24:00,67.1
2025-06-12 04:00:00,86.2
2025-06-12 06:40:00,84.8
2025-06-12 10:43:00,97.1
2025-06-12 14:32:00,50.0812925170068
2025-06-12 04:25:00,88.3
2025-06-12 08:18:00,48.8
2025-06-12 10:00:00,34.1
2025-06-12 11:22:00,75.8
2025-06-12 23:47:00,71.0
2025-06-12 03:34:00,36.9
2025-06-12 03:55:00,37.7
2025-06-12 05:16:00,45.3
2025-06-12 11:26:00,41.4
2025-06-12 15:40:00,36.6
2025-06-12 22:06:00,1.3
2025-06-12 23:27:00,50.0812925170068
2025-06-12 09:47:00,51.1
2025-06-12 22:12:00,94.4
2025-06-12 16:48:00,49.0
2025-06-12 23:01:00,74.8
2025-06-12 23:31:00,50.0812925170068
2025-06-12 00:53:00,75.8
2025-06-12 13:22:00,45.6
2025-06-12 18:39:00,50.0812925170068
2025-06-12 04:44:00,77.2
2025-06-12 11:38:00,82.3
2025-06-12 15:35:00,39.6
2025-06-12 10:03:00,50.0812925170068
2025-06-12 13:47:00,65.8
2025-06-12 13:58:00,46.9
2025-06-12 22:44:00,96.1
2025-06-12 10:13:00,8.3
2025-06-12 22:22:00,84.3
2025-06-12 01:36:00,33.4
2025-06-12 04:06:00,23.9
2025-06-12 10:13:00,27.7
2025-06-12 22:22:00,5.5
2025-06-12 17:59:00,98.7
2025-06-12 00:00:00,80.2
2025-06-12 20:20:00,49.63695830886671
2025-06-12 03:34:00,59.3
2025-06-12 00:42:00,85.0
2025-06-12 23:39:00,66.8
2025-06-12 12:06:00,99.2
2025-06-12 08:38:00,71.8
2025-06-12 03:32:00,71.7
2025-06-12 18:06:00,68.9
2025-06-12 18:19:00,79.7
2025-06-12 02:12:00,49.63695830886671
2025-06-12 08:47:00,58.8
2025-06-12 18:11:00,12.1
2025-06-12 23:32:00,16.6
2025-06-12 16:29:00,57.0
2025-06-12 21:03:00,6.0
2025-06-12 10:28:00,49.63695830886671
2025-06-12 07:00:00,61.4
2025-06-12 19:16:00,38.4
2025-06-12 19:36:00,87.8
2025-06-12 14:37:00,92.1
2025-06-12 11:17:00,28.7
2025-06-12 20:01:00,49.63695830886671
2025-06-12 09:16:00,36.2
2025-06-12 19:54:00,17.0
2025-06-12 11:49:00,18.3
2025-06-12 12:52:00,1.5
2025-06-12 10:39:00,49.63695830886671
2025-06-12 05:59:00,40.3
2025-06-12 22:59:00,75.3
2025-06-12 09:17:00,75.7
2025-06-12 01:51:00,20.8
2025-06-12 19:38:00,94.2
2025-06-12 11:33:00,26.7
2025-06-12 23:55:00,30.8
2025-06-12 15:52:00,48.9
2025-06-12 05:56:00,23.0
2025-06-12 16:22:00,13.3
2025-06-12 01:47:00,58.6
2025-06-12 12:54:00,32.4
2025-06-12 14:12:00,55.5
2025-06-12 06:31:00,38.8
2025-06-12 13:32:00,69.6
2025-06-12 16:21:00,68.3
2025-06-12 08:10:00,83.2
2025-06-12 21:05:00,82.2
2025-06-12 11:36:00,39.5
2025-06-12 10:04:00,60.1
2025-06-12 01:26:00,32.7
2025-06-12 22:49:00,57.3
2025-06-12 14:40:00,86.2
2025-06-12 05:32:00,37.4
2025-06-12 13:49:00,40.2
2025-06-12 16:28:00,39.0
2025-06-12 05:37:00,46.1
2025-06-12 03:14:00,76.4
2025-06-12 13:22:00,44.9
2025-06-12 03:35:00,30.6
2025-06-12 01:19:00,30.5
2025-06-12 22:35:00,38.8
2025-06-12 12:54:00,32.8
2025-06-12 23:29:00,57.6
2025-06-12 13:50:00,18.6
2025-06-12 08:42:00,82.5
2025-06-12 07:50:00,72.7
2025-06-12 09:51:00,32.6
2025-06-12 02:05:00,84.4
2025-06-12 18:38:00,30.4
2025-06-12 00:11:00,72.1
2025-06-12 22:09:00,81.4
2025-06-12 11:46:00,68.5
2025-06-12 07:29:00,72.0
2025-06-12 05:38:00,19.7
2025-06-12 10:23:00,35.9
2025-06-12 11:20:00,36.1
2025-06-12 17:46:00,73.8
2025-06-12 17:38:00,50.3
2025-06-12 06:34:00,69.7
2025-06-12 08:22:00,86.0
2025-06-12 12:24:00,55.2
2025-06-12 07:39:00,0.9
2025-06-12 01:52:00,57.0
2025-06-12 00:14:00,1.5
2025-06-12 04:46:00,49.63695830886671
2025-06-12 22:11:00,49.63695830886671
2025-06-12 04:45:00,83.6
2025-06-12 19:46:00,49.63695830886671
2025-06-12 21:32:00,15.6
2025-06-12 05:24:00,47.4
2025-06-12 02:25:00,25.9
2025-06-12 10:14:00,33.7
2025-06-12 21:35:00,13.7
2025-06-12 07:43:00,67.5
2025-06-12 17:06:00,68.0
2025-06-12 10:07:00,80.2
2025-06-12 03:28:00,49.63695830886671
2025-06-12 08:49:00,21.3
2025-06-12 16:29:00,72.2
2025-06-12 08:02:00,54.2
2025-06-12 07:42:00,15.5
2025-06-12 20:53:00,48.1
2025-06-12 13:17:00,13.4
2025-06-12 08:38:00,34.6
2025-06-12 23:54:00,94.2
2025-06-12 03:49:00,66.8
2025-06-12 19:34:00,33.8
2025-06-12 01:40:00,8.0
2025-06-12 07:36:00,98.6
2025-06-12 23:14:00,49.63695830886671
2025-06-12 13:18:00,62.2
2025-06-12 20:33:00,85.0
2025-06-12 10:59:00,49.63695830886671
2025-06-12 06:06:00,89.3
2025-06-12 06:47:00,12.6
2025-06-12 05:44:00,36.2
2025-06-12 10:23:00,29.4
2025-06-12 03:44:00,49.2
2025-06-12 07:09:00,59.6
2025-06-12 06:01:00,1.4
2025-06-12 13:27:00,22.6
2025-06-12 20:28:00,50.7
2025-06-12 13:49:00,84.1
2025-06-12 01:17:00,67.7
2025-06-12 18:51:00,91.2
2025-06-12 13:47:00,49.63695830886671
2025-06-12 16:14:00,94.6
2025-06-12 17:53:00,50.1
2025-06-12 17:07:00,5.9
2025-06-12 09:14:00,28.1
2025-06-12 10:24:00,29.9
2025-06-12 08:46:00,72.3
2025-06-12 09:06:00,20.2
2025-06-12 22:12:00,82.4
2025-06-12 23:43:00,24.1
2025-06-12 09:41:00,34.0
2025-06-12 10:52:00,23.7
2025-06-12 00:05:00,10.7
2025-06-12 04:24:00,49.63695830886671
2025-06-12 00:27:00,88.5
2025-06-12 00:21:00,98.1
2025-06-12 10:45:00,2.2
2025-06-12 20:53:00,3.3
2025-06-12 02:27:00,49.63695830886671
2025-06-12 17:56:00,78.2
2025-06-12 13:48:00,86.0
2025-06-12 00:47:00,45.2
2025-06-12 06:54:00,59.7
2025-06-12 11:08:00,83.0
2025-06-12 06:35:00,73.9
2025-06-12 17:38:00,50.7
2025-06-12 20:24:00,3.6
2025-06-12 03:56:00,25.9
2025-06-12 02:00:00,86.6
2025-06-12 12:37:00,49.63695830886671
2025-06-12 08:32:00,27.9
2025-06-12 08:15:00,49.63695830886671
2025-06-12 18:50:00,7.1
2025-06-12 18:12:00,87.0
2025-06-12 08:41:00,38.1
2025-06-12 08:55:00,12.7
2025-06-12 07:52:00,1.9
2025-06-12 21:03:00,26.0
2025-06-12 05:04:00,5.5
2025-06-12 09:39:00,61.9
2025-06-12 17:09:00,79.6
2025-06-12 16:14:00,37.9
2025-06-12 01:44:00,49.63695830886671
2025-06-12 04:45:00,60.3
2025-06-12 18:12:00,39.1
2025-06-12 16:54:00,96.3
2025-06-12 01:56:00,49.63695830886671
2025-06-12 18:09:00,33.7
2025-06-12 10:19:00,73.8
2025-06-12 00:14:00,67.4
2025-06-12 05:07:00,64.8
2025-06-12 23:32:00,90.5
2025-06-12 15:55:00,56.1
2025-06-12 13:19:00,4.4
2025-06-12 07:44:00,84.0
2025-06-12 18:55:00,26.0
2025-06-12 11:49:00,85.8
2025-06-12 20:07:00,21.8
2025-06-12 02:26:00,49.63695830886671
2025-06-12 16:34:00,75.7
2025-06-12 11:00:00,91.7
2025-06-12 00:49:00,49.63695830886671
2025-06-12 18:15:00,49.63695830886671
2025-06-12 19:05:00,87.6
2025-06-12 10:26:00,49.63695830886671
2025-06-12 11:37:00,7.2
2025-06-12 19:54:00,49.63695830886671
2025-06-12 01:34:00,99.1
2025-06-12 06:18:00,92.7
2025-06-12 12:15:00,8.0
2025-06-12 05:51:00,52.4
2025-06-12 09:17:00,93.7
2025-06-12 05:47:00,21.3
2025-06-12 05:24:00,51.4
2025-06-12 06:32:00,26.3
2025-06-12 12:31:00,88.4
2025-06-12 10:07:00,45.9
2025-06-12 07:29:00,50.0
2025-06-12 11:05:00,56.6
2025-06-12 23:41:00,88.6
2025-06-12 05:04:00,51.3
2025-06-12 16:15:00,49.63695830886671
2025-06-12 08:23:00,13.4
2025-06-12 05:33:00,37.4
2025-06-12 18:13:00,93.2
2025-06-12 08:44:00,65.1
2025-06-12 07:51:00,97.9
2025-06-12 00:58:00,6.8
2025-06-12 07:16:00,28.4
2025-06-12 04:43:00,49.63695830886671
2025-06-12 20:23:00,16.4
2025-06-12 12:23:00,55.8
2025-06-12 09:00:00,48.1
2025-06-12 21:46:00,91.9
2025-06-12 11:48:00,92.6
2025-06-12 18:21:00,28.9
2025-06-12 14:36:00,96.0
2025-06-12 14:22:00,68.9
2025-06-12 13:29:00,12.5
2025-06-12 17:11:00,49.63695830886671
2025-06-12 18:30:00,4.7
2025-06-12 01:27:00,81.7
2025-06-12 17:51:00,46.1
2025-06-12 21:30:00,60.1
2025-06-12 16:19:00,44.7
2025-06-12 02:07:00,43.6
2025-06-12 23:47:00,78.5
2025-06-12 10:13:00,38.0
2025-06-12 02:47:00,80.6
2025-06-12 19:19:00,35.2
2025-06-12 21:04:00,0.2
2025-06-12 03:13:00,41.4
2025-06-12 15:14:00,53.6
2025-06-12 20:07:00,65.1
2025-06-12 11:42:00,78.7
2025-06-12 02:06:00,22.9
2025-06-12 18:51:00,97.8
2025-06-12 12:04:00,60.6
2025-06-12 08:13:00,49.1
2025-06-12 02:37:00,44.7
2025-06-12 16:24:00,39.5
2025-06-12 07:36:00,67.3
2025-06-12 21:23:00,95.3
2025-06-12 00:15:00,58.2
2025-06-12 17:57:00,33.5
2025-06-12 16:31:00,10.5
2025-06-12 06:10:00,94.9
2025-06-12 10:06:00,49.63695830886671
2025-06-12 16:27:00,43.5
2025-06-12 06:47:00,49.63695830886671
2025-06-12 15:38:00,47.3
2025-06-12 23:30:00,4.7
2025-06-12 11:39:00,49.63695830886671
2025-06-12 15:52:00,74.9
2025-06-12 04:54:00,31.0
2025-06-12 00:59:00,54.1
2025-06-12 23:15:00,65.2
2025-06-12 10:57:00,88.0
2025-06-12 23:57:00,49.63695830886671
2025-06-12 14:13:00,49.63695830886671
2025-06-12 12:56:00,60.5
2025-06-12 02:41:00,49.63695830886671
2025-06-12 05:28:00,49.63695830886671
2025-06-12 13:05:00,17.6
2025-06-12 23:07:00,58.0
2025-06-12 12:51:00,47.5
2025-06-12 21:58:00,80.1
2025-06-12 01:58:00,32.4
2025-06-12 14:13:00,62.8
2025-06-12 22:21:00,45.1
2025-06-12 02:20:00,69.2
2025-06-12 02:19:00,21.3
2025-06-12 17:56:00,30.9
2025-06-12 23:55:00,59.6
2025-06-12 07:49:00,91.4
2025-06-12 00:18:00,68.1
2025-06-12 14:07:00,72.7
2025-06-12 16:21:00,49.63695830886671
2025-06-12 20:46:00,10.9
2025-06-12 07:46:00,27.2
2025-06-12 10:33:00,49.63695830886671
2025-06-12 22:08:00,4.1
2025-06-12 18:53:00,86.1
2025-06-12 07:17:00,20.7
2025-06-12 19:28:00,10.5
2025-06-12 19:21:00,68.8
2025-06-12 19:45:00,80.9
2025-06-12 16:51:00,70.0
2025-06-12 10:44:00,49.63695830886671
2025-06-12 08:43:00,52.5
2025-06-12 23:40:00,20.4
2025-06-12 01:25:00,87.4
2025-06-12 19:08:00,49.63695830886671
2025-06-12 12:12:00,19.1
2025-06-12 17:54:00,14.5
2025-06-12 11:59:00,90.3
2025-06-12 12:53:00,49.63695830886671
2025-06-12 20:28:00,5.5
2025-06-12 13:02:00,6.4
2025-06-12 00:10:00,49.63695830886671
2025-06-12 03:26:00,23.7
2025-06-12 07:25:00,49.63695830886671
2025-06-12 10:36:00,66.0
2025-06-12 10:20:00,41.6
2025-06-12 10:20:00,51.6
2025-06-12 07:23:00,12.2
2025-06-12 18:35:00,63.5
2025-06-12 22:01:00,75.3
2025-06-12 10:09:00,9.5
2025-06-12 15:41:00,87.9
2025-06-12 09:23:00,94.4
2025-06-12 17:02:00,79.7
2025-06-12 10:01:00,49.63695830886671
2025-06-12 12:40:00,80.2
2025-06-12 11:03:00,80.6
2025-06-12 00:21:00,49.63695830886671
2025-06-12 19:20:00,75.6
2025-06-12 04:55:00,75.2
2025-06-12 02:35:00,29.6
2025-06-12 16:39:00,88.1
2025-06-12 06:10:00,75.1
2025-06-12 09:02:00,40.5
2025-06-12 18:53:00,41.2
2025-06-12 14:42:00,47.3
2025-06-12 22:24:00,81.7
2025-06-12 21:42:00,49.63695830886671
2025-06-12 03:32:00,9.6
2025-06-12 11:39:00,83.7
2025-06-12 08:00:00,56.7
2025-06-12 13:54:00,61.9
2025-06-12 07:27:00,94.4
2025-06-12 08:39:00,47.7
2025-06-12 18:42:00,99.0
2025-06-12 04:58:00,49.63695830886671
2025-06-12 11:18:00,4.9
2025-06-12 10:32:00,22.2
2025-06-12 10:18:00,83.8
2025-06-12 09:39:00,56.9
2025-06-12 18:45:00,84.2
2025-06-12 22:05:00,16.8
2025-06-12 14:13:00,83.2
2025-06-12 06:58:00,49.63695830886671
2025-06-12 11:16:00,60.1
2025-06-12 02:25:00,11.7
2025-06-12 07:48:00,61.9
2025-06-12 13:46:00,30.6
2025-06-12 09:02:00,2.5
2025-06-12 09:58:00,1.1
2025-06-12 17:34:00,38.9
2025-06-12 20:31:00,49.63695830886671
2025-06-12 09:22:00,89.7
2025-06-12 05:52:00,96.4
2025-06-12 18:29:00,47.4
2025-06-12 05:38:00,50.5
2025-06-12 23:34:00,78.6
2025-06-12 13:37:00,30.9
2025-06-12 01:40:00,45.2
2025-06-12 18:50:00,96.0
2025-06-12 15:59:00,67.0
2025-06-12 04:05:00,96.9
2025-06-12 21:51:00,58.2
2025-06-12 20:03:00,72.9
2025-06-12 01:23:00,58.2
2025-06-12 12:48:00,50.41405513666353
2025-06-12 17:38:00,12.5
2025-06-12 19:45:00,53.5
2025-06-12 10:55:00,38.2
2025-06-12 17:52:00,1.5
2025-06-12 06:29:00,47.1
2025-06-12 02:06:00,16.1
2025-06-12 21:26:00,15.4
2025-06-12 00:50:00,88.4
2025-06-12 08:39:00,95.1
2025-06-12 06:22:00,99.4
2025-06-12 06:05:00,50.41405513666353
2025-06-12 01:37:00,40.5
2025-06-12 03:30:00,76.5
2025-06-12 20:29:00,4.6
2025-06-12 01:34:00,15.7
2025-06-12 19:24:00,92.7
2025-06-12 08:12:00,97.5
2025-06-12 01:16:00,99.5
2025-06-12 09:50:00,11.5
2025-06-12 06:23:00,89.4
2025-06-12 13:16:00,47.4
2025-06-12 04:07:00,58.2
2025-06-12 20:29:00,50.41405513666353
2025-06-12 05:41:00,56.5
2025-06-12 21:54:00,42.8
2025-06-12 08:47:00,94.6
2025-06-12 21:47:00,95.6
2025-06-12 03:05:00,28.7
2025-06-12 21:27:00,39.6
2025-06-12 20:30:00,51.1
2025-06-12 10:06:00,9.4
2025-06-12 11:25:00,50.41405513666353
2025-06-12 16:26:00,93.5
2025-06-12 13:24:00,60.6
2025-06-12 20:42:00,51.7
2025-06-12 04:10:00,71.7
2025-06-12 16:16:00,81.0
2025-06-12 14:49:00,19.7
2025-06-12 21:39:00,84.2
2025-06-12 13:32:00,64.6
2025-06-12 15:55:00,66.9
2025-06-12 22:45:00,50.41405513666353
2025-06-12 17:07:00,50.41405513666353
2025-06-12 21:18:00,83.9
2025-06-12 13:01:00,44.3
2025-06-12 09:02:00,33.7
2025-06-12 08:50:00,50.41405513666353
2025-06-12 01:40:00,43.1
2025-06-12 17:15:00,63.7
2025-06-12 19:26:00,50.41405513666353
2025-06-12 11:19:00,85.7
2025-06-12 07:20:00,33.1
2025-06-12 11:51:00,50.41405513666353
2025-06-12 10:49:00,98.3
2025-06-12 23:09:00,8.0
2025-06-12 06:05:00,94.2
2025-06-12 05:45:00,50.41405513666353
2025-06-12 08:31:00,100.0
2025-06-12 20:41:00,51.2
2025-06-12 00:07:00,0.7
2025-06-12 15:13:00,99.2
2025-06-12 19:22:00,97.8
2025-06-12 18:24:00,27.6
2025-06-12 21:07:00,40.6
2025-06-12 08:04:00,16.1
2025-06-12 01:30:00,15.9
2025-06-12 22:59:00,44.0
2025-06-12 21:15:00,64.9
2025-06-12 04:05:00,58.4
2025-06-12 14:39:00,12.9
2025-06-12 19:47:00,51.4
2025-06-12 12:00:00,18.5
2025-06-12 02:49:00,27.7
2025-06-12 23:12:00,94.2
2025-06-12 14:47:00,83.1
2025-06-12 20:51:00,75.4
2025-06-12 01:56:00,13.9
2025-06-12 09:45:00,81.7
2025-06-12 01:40:00,53.5
2025-06-12 13:10:00,50.41405513666353
2025-06-12 13:17:00,45.7
2025-06-12 16:44:00,68.9
2025-06-12 17:58:00,31.7
2025-06-12 06:43:00,92.9
2025-06-12 07:39:00,60.3
2025-06-12 10:59:00,79.4
2025-06-12 08:11:00,30.1
2025-06-12 17:09:00,79.7
2025-06-12 22:29:00,62.9
2025-06-12 12:45:00,32.8
2025-06-12 15:46:00,50.41405513666353
2025-06-12 05:33:00,89.8
2025-06-12 15:17:00,71.9
2025-06-12 01:15:00,99.8
2025-06-12 06:49:00,4.8
2025-06-12 07:46:00,93.3
2025-06-12 18:10:00,88.6
2025-06-12 23:19:00,13.3
2025-06-12 17:01:00,23.8
2025-06-12 03:06:00,47.1
2025-06-12 06:42:00,48.9
2025-06-12 16:04:00,57.8
2025-06-12 17:56:00,4.2
2025-06-12 22:31:00,32.8
2025-06-12 17:34:00,84.0
2025-06-12 17:28:00,50.41405513666353
2025-06-12 05:00:00,49.5
2025-06-12 18:09:00,21.0
2025-06-12 09:00:00,80.3
2025-06-12 01:16:00,79.6
2025-06-12 08:15:00,15.8
2025-06-12 16:28:00,63.6
2025-06-12 03:59:00,50.41405513666353
2025-06-12 20:07:00,32.3
2025-06-12 04:46:00,7.9
2025-06-12 12:38:00,30.1
2025-06-12 20:12:00,70.6
2025-06-12 10:45:00,27.5
2025-06-12 08:47:00,90.9
2025-06-12 19:53:00,56.6
2025-06-12 12:21:00,70.9
2025-06-12 14:13:00,50.41405513666353
2025-06-12 07:57:00,5.6
2025-06-12 22:52:00,82.6
2025-06-12 14:08:00,56.0
2025-06-12 05:02:00,39.2
2025-06-12 13:02:00,7.3
2025-06-12 04:59:00,94.7
2025-06-12 18:48:00,1.6
2025-06-12 08:07:00,50.41405513666353
2025-06-12 09:20:00,68.0
2025-06-12 01:54:00,16.4
2025-06-12 10:39:00,6.8
2025-06-12 06:53:00,2.3
2025-06-12 11:59:00,52.0
2025-06-12 00:34:00,45.6
2025-06-12 00:20:00,22.1
2025-06-12 21:19:00,98.7
2025-06-12 16:15:00,96.7
2025-06-12 01:27:00,50.41405513666353
2025-06-12 17:26:00,12.1
2025-06-12 14:58:00,22.2
2025-06-12 08:57:00,83.7
2025-06-12 08:52:00,67.8
2025-06-12 01:02:00,68.0
2025-06-12 18:13:00,41.3
2025-06-12 08:47:00,29.0
2025-06-12 14:11:00,39.8
2025-06-12 00:19:00,44.8
2025-06-12 20:18:00,91.1
2025-06-12 08:34:00,40.4
2025-06-12 04:43:00,50.41405513666353
2025-06-12 04:40:00,5.2
2025-06-12 04:26:00,32.3
2025-06-12 22:48:00,50.41405513666353
2025-06-12 21:11:00,57.1
2025-06-12 12:17:00,42.8
2025-06-12 22:20:00,19.1
2025-06-12 22:23:00,30.2
2025-06-12 06:40:00,33.4
2025-06-12 12:57:00,39.6
2025-06-12 11:06:00,78.9
2025-06-12 01:49:00,20.1
2025-06-12 05:34:00,81.1
2025-06-12 17:01:00,64.4
2025-06-12 15:13:00,83.1
2025-06-12 16:22:00,34.4
2025-06-12 04:56:00,18.9
2025-06-12 23:20:00,34.5
2025-06-12 19:22:00,50.41405513666353
2025-06-12 23:16:00,58.0
2025-06-12 06:51:00,3.2
2025-06-12 08:57:00,65.2
2025-06-12 16:00:00,20.9
2025-06-12 10:23:00,3.2
2025-06-12 17:00:00,86.5
2025-06-12 20:11:00,90.5
2025-06-12 23:48:00,2.4
2025-06-12 01:51:00,17.6
2025-06-12 11:55:00,14.7
2025-06-12 23:39:00,3.2
2025-06-12 21:03:00,41.5
2025-06-12 18:47:00,12.8
2025-06-12 11:07:00,51.2
2025-06-12 21:10:00,2.0
2025-06-12 03:46:00,23.2
2025-06-12 11:32:00,68.2
2025-06-12 02:34:00,35.8
2025-06-12 07:49:00,47.9
2025-06-12 13:19:00,64.2
2025-06-12 11:07:00,44.8
2025-06-12 01:03:00,49.4
2025-06-12 13:54:00,94.9
2025-06-12 06:54:00,61.1
2025-06-12 17:03:00,81.7
2025-06-12 12:58:00,4.2
2025-06-12 20:17:00,62.8
2025-06-12 07:38:00,31.6
2025-06-12 06:44:00,24.8
2025-06-12 09:54:00,81.2
2025-06-12 11:24:00,14.9
2025-06-12 10:43:00,25.5
2025-06-12 10:39:00,58.5
2025-06-12 17:35:00,50.41405513666353
2025-06-12 07:11:00,50.41405513666353
2025-06-12 17:21:00,27.4
2025-06-12 01:44:00,47.8
2025-06-12 09:39:00,63.2
2025-06-12 20:08:00,14.9
2025-06-12 16:38:00,13.3
2025-06-12 08:54:00,88.6
2025-06-12 21:19:00,11.5
2025-06-12 15:35:00,47.7
2025-06-12 16:25:00,8.6
2025-06-12 02:05:00,74.9
2025-06-12 05:42:00,35.2
2025-06-12 22:45:00,51.1
2025-06-12 06:54:00,50.41405513666353
2025-06-12 06:59:00,50.41405513666353
2025-06-12 13:08:00,46.2
2025-06-12 23:14:00,43.7
2025-06-12 01:53:00,24.6
2025-06-12 22:09:00,64.0
2025-06-12 06:57:00,86.5
2025-06-12 04:53:00,50.41405513666353
2025-06-12 07:16:00,70.8
2025-06-12 21:56:00,69.7
2025-06-12 06:58:00,27.1
2025-06-12 20:33:00,61.5
2025-06-12 18:54:00,77.5
2025-06-12 13:20:00,23.5
2025-06-12 20:23:00,44.5
2025-06-12 03:44:00,50.41405513666353
2025-06-12 04:22:00,76.8
2025-06-12 23:12:00,6.7
2025-06-12 23:43:00,5.6
2025-06-12 19:34:00,85.3
2025-06-12 18:38:00,46.4
2025-06-12 12:00:00,90.0
2025-06-12 12:50:00,66.7
2025-06-12 02:51:00,66.2
2025-06-12 05:48:00,7.6
2025-06-12 20:29:00,99.4
2025-06-12 20:46:00,20.1
2025-06-12 22:06:00,17.7
2025-06-12 03:36:00,84.0
2025-06-12 14:31:00,86.5
2025-06-12 02:21:00,50.41405513666353
2025-06-12 22:29:00,90.8
2025-06-12 15:08:00,70.5
2025-06-12 05:26:00,74.1
2025-06-12 15:27:00,90.6
2025-06-12 23:09:00,97.0
2025-06-12 00:25:00,0.4
2025-06-12 11:25:00,68.4
2025-06-12 00:05:00,33.5
2025-06-12 07:13:00,37.8
2025-06-12 22:21:00,84.3
2025-06-12 00:38:00,17.6
2025-06-12 02:43:00,29.8
2025-06-12 20:26:00,50.41405513666353
2025-06-12 04:05:00,50.41405513666353
2025-06-12 17:45:00,31.5
2025-06-12 21:05:00,67.5
2025-06-12 00:15:00,92.2
2025-06-12 12:58:00,59.2
2025-06-12 15:22:00,88.5
2025-06-12 06:16:00,49.2
2025-06-12 15:47:00,15.1
2025-06-12 11:25:00,22.5
2025-06-12 04:57:00,48.8
2025-06-12 13:46:00,53.9
2025-06-12 05:44:00,50.41405513666353
2025-06-12 07:18:00,50.41405513666353
2025-06-12 02:56:00,50.41405513666353
2025-06-12 14:47:00,56.2
2025-06-12 14:22:00,68.5
2025-06-12 04:01:00,50.41405513666353
2025-06-12 22:37:00,26.7
2025-06-12 15:09:00,38.7
2025-06-12 20:37:00,59.4
2025-06-12 11:42:00,87.1
2025-06-12 14:51:00,50.41405513666353
2025-06-12 23:35:00,25.5
2025-06-12 12:10:00,41.5
2025-06-12 07:02:00,12.6
2025-06-12 02:59:00,59.2
2025-06-12 15:02:00,72.5
2025-06-12 00:21:00,0.0
2025-06-12 13:06:00,77.1
2025-06-12 23:06:00,45.4
2025-06-12 07:13:00,70.3
2025-06-12 15:18:00,27.5
2025-06-12 00:33:00,30.5
2025-06-12 19:09:00,89.7
2025-06-12 13:37:00,54.0
2025-06-12 06:01:00,73.5
2025-06-12 01:40:00,88.0
2025-06-12 07:37:00,12.1
2025-06-12 01:23:00,77.9
2025-06-12 20:30:00,53.5
2025-06-12 22:50:00,3.3
2025-06-12 13:09:00,19.6
2025-06-12 02:17:00,94.8
2025-06-12 23:57:00,34.3
2025-06-12 06:40:00,35.0
2025-06-12 06:37:00,48.3
2025-06-12 22:42:00,74.7
2025-06-12 00:07:00,9.4
2025-06-12 17:37:00,79.8
2025-06-12 09:59:00,11.9
2025-06-12 12:23:00,96.2
2025-06-12 02:09:00,49.776157380139004
2025-06-12 00:24:00,8.4
2025-06-12 15:24:00,42.3
2025-06-12 01:11:00,6.2
2025-06-12 08:46:00,71.6
2025-06-12 07:13:00,43.7
2025-06-12 18:24:00,81.0
2025-06-12 14:10:00,47.0
2025-06-12 21:08:00,39.9
2025-06-12 07:03:00,14.3
2025-06-12 09:53:00,7.7
2025-06-12 21:58:00,67.5
2025-06-12 10:08:00,18.4
2025-06-12 09:01:00,46.7
2025-06-12 16:26:00,57.2
2025-06-12 09:31:00,27.5
2025-06-12 23:42:00,69.0
2025-06-12 03:30:00,43.6
2025-06-12 23:59:00,30.3
2025-06-12 13:16:00,25.4
2025-06-12 07:29:00,68.3
2025-06-12 22:14:00,49.776157380139004
2025-06-12 14:03:00,20.5
2025-06-12 02:01:00,56.2
2025-06-12 15:58:00,49.776157380139004
2025-06-12 13:21:00,26.8
2025-06-12 02:27:00,12.2
2025-06-12 19:32:00,13.6
2025-06-12 08:57:00,49.776157380139004
2025-06-12 02:27:00,34.9
2025-06-12 06:55:00,91.5
2025-06-12 03:04:00,2.0
2025-06-12 05:27:00,53.6
2025-06-12 14:15:00,49.776157380139004
2025-06-12 10:14:00,24.5
2025-06-12 14:01:00,89.8
2025-06-12 17:23:00,49.776157380139004
2025-06-12 09:31:00,93.4
2025-06-12 04:49:00,23.1
2025-06-12 21:09:00,70.8
2025-06-12 21:05:00,62.0
2025-06-12 14:34:00,44.4
2025-06-12 15:41:00,16.3
2025-06-12 13:52:00,78.6
2025-06-12 19:04:00,32.8
2025-06-12 15:01:00,41.9
2025-06-12 07:05:00,28.5
2025-06-12 00:46:00,49.776157380139004
2025-06-12 04:56:00,49.0
2025-06-12 12:16:00,45.0
2025-06-12 12:37:00,49.776157380139004
2025-06-12 13:28:00,44.2
2025-06-12 14:28:00,90.1
2025-06-12 04:37:00,66.8
2025-06-12 23:26:00,40.1
2025-06-12 10:03:00,49.776157380139004
2025-06-12 09:56:00,92.9
2025-06-12 13:31:00,9.0
2025-06-12 04:32:00,70.1
2025-06-12 23:18:00,43.2
2025-06-12 05:18:00,71.4
2025-06-12 07:50:00,95.4
2025-06-12 07:54:00,74.3
2025-06-12 00:17:00,28.7
2025-06-12 01:51:00,65.8
2025-06-12 17:55:00,56.7
2025-06-12 13:42:00,7.2
2025-06-12 13:04:00,59.7
2025-06-12 04:22:00,57.1
2025-06-12 07:50:00,22.7
2025-06-12 23:26:00,64.1
2025-06-12 12:18:00,45.2
2025-06-12 16:19:00,44.8
2025-06-12 18:37:00,29.5
2025-06-12 14:54:00,35.1
2025-06-12 20:31:00,87.7
2025-06-12 22:40:00,51.3
2025-06-12 10:43:00,99.5
2025-06-12 14:17:00,2.5
2025-06-12 12:33:00,90.9
2025-06-12 07:38:00,64.8
2025-06-12 23:43:00,25.6
2025-06-12 13:49:00,60.9
2025-06-12 15:35:00,49.776157380139004
2025-06-12 06:08:00,81.9
2025-06-12 01:35:00,49.776157380139004
2025-06-12 01:14:00,17.8
2025-06-12 08:45:00,47.4
2025-06-12 21:48:00,57.2
2025-06-12 07:28:00,88.3
2025-06-12 09:32:00,49.776157380139004
2025-06-12 18:30:00,49.776157380139004
2025-06-12 19:46:00,83.5
2025-06-12 21:35:00,34.0
2025-06-12 02:48:00,45.5
2025-06-12 09:27:00,34.9
2025-06-12 18:54:00,65.4
2025-06-12 08:00:00,70.3
2025-06-12 18:36:00,43.9
2025-06-12 20:23:00,19.8
2025-06-12 05:46:00,58.8
2025-06-12 04:41:00,34.3
2025-06-12 01:49:00,49.776157380139004
2025-06-12 23:18:00,74.1
2025-06-12 02:07:00,23.1
2025-06-12 03:48:00,97.5
2025-06-12 23:26:00,20.9
2025-06-12 11:21:00,22.0
2025-06-12 07:18:00,49.776157380139004
2025-06-12 12:28:00,62.7
2025-06-12 03:10:00,2.9
2025-06-12 23:19:00,72.6
2025-06-12 12:28:00,94.7
2025-06-12 18:04:00,63.0
2025-06-12 22:30:00,39.9
2025-06-12 09:53:00,63.8
2025-06-12 09:29:00,6.7
2025-06-12 06:15:00,0.5
2025-06-12 15:02:00,53.6
2025-06-12 03:20:00,79.8
2025-06-12 04:45:00,77.9
2025-06-12 17:31:00,50.8
2025-06-12 18:31:00,90.4
2025-06-12 17:50:00,16.9
2025-06-12 03:17:00,44.7
2025-06-12 12:13:00,54.7
2025-06-12 19:16:00,95.5
2025-06-12 11:35:00,38.1
2025-06-12 22:40:00,60.1
2025-06-12 00:03:00,26.4
2025-06-12 06:35:00,87.0
2025-06-12 00:04:00,89.7
2025-06-12 17:05:00,32.9
2025-06-12 02:31:00,49.776157380139004
2025-06-12 01:17:00,21.2
2025-06-12 16:24:00,11.9
2025-06-12 18:54:00,70.2
2025-06-12 21:48:00,51.7
2025-06-12 04:19:00,16.4
2025-06-12 08:40:00,50.2
2025-06-12 13:08:00,70.6
2025-06-12 04:45:00,22.5
2025-06-12 01:33:00,40.5
2025-06-12 18:03:00,96.1
2025-06-12 21:21:00,14.0
2025-06-12 15:45:00,66.7
2025-06-12 17:04:00,59.7
2025-06-12 16:39:00,44.5
2025-06-12 07:39:00,49.776157380139004
2025-06-12 04:30:00,85.1
2025-06-12 04:52:00,48.8
2025-06-12 07:38:00,11.3
2025-06-12 21:18:00,29.3
2025-06-12 09:49:00,11.5
2025-06-12 07:03:00,23.8
2025-06-12 17:46:00,58.0
2025-06-12 08:31:00,91.2
2025-06-12 13:19:00,91.0
2025-06-12 21:02:00,96.4
2025-06-12 15:28:00,4.4
2025-06-12 20:08:00,61.8
2025-06-12 17:11:00,91.8
2025-06-12 10:53:00,30.5
2025-06-12 15:32:00,49.776157380139004
2025-06-12 23:20:00,24.3
2025-06-12 20:34:00,28.7
2025-06-12 01:45:00,4.1
2025-06-12 13:00:00,49.776157380139004
2025-06-12 22:32:00,15.0
2025-06-12 12:19:00,49.776157380139004
2025-06-12 04:59:00,0.7
2025-06-12 18:19:00,24.0
2025-06-12 05:00:00,28.1
2025-06-12 00:57:00,49.776157380139004
2025-06-12 07:14:00,49.776157380139004
2025-06-12 19:48:00,5.3
2025-06-12 00:25:00,49.776157380139004
2025-06-12 00:28:00,73.1
2025-06-12 16:13:00,49.776157380139004
2025-06-12 20:49:00,15.2
2025-06-12 22:21:00,48.0
2025-06-12 14:36:00,79.4
2025-06-12 14:54:00,37.2
2025-06-12 17:32:00,8.9
2025-06-12 15:50:00,44.1
2025-06-12 11:37:00,52.0
2025-06-12 10:52:00,42.7
2025-06-12 10:19:00,46.3
2025-06-12 00:32:00,57.4
2025-06-12 19:44:00,88.3
2025-06-12 19:12:00,95.1
2025-06-12 01:37:00,71.0
2025-06-12 20:08:00,49.776157380139004
2025-06-12 20:20:00,90.9
2025-06-12 22:41:00,49.776157380139004
2025-06-12 21:54:00,50.0
2025-06-12 09:32:00,100.0
2025-06-12 00:42:00,30.9
2025-06-12 13:00:00,39.1
2025-06-12 23:35:00,49.776157380139004
2025-06-12 19:12:00,7.0
2025-06-12 05:57:00,93.1
2025-06-12 20:24:00,83.6
2025-06-12 02:08:00,40.0
2025-06-12 01:27:00,98.0
2025-06-12 22:22:00,63.2
2025-06-12 19:44:00,49.776157380139004
2025-06-12 22:48:00,49.776157380139004
2025-06-12 13:00:00,49.3
2025-06-12 16:51:00,26.7
2025-06-12 19:04:00,49.776157380139004
2025-06-12 13:17:00,1.1
2025-06-12 02:28:00,96.7
2025-06-12 14:08:00,66.5
2025-06-12 20:34:00,16.8
2025-06-12 12:01:00,35.8
2025-06-12 08:39:00,85.8
2025-06-12 03:32:00,43.9
2025-06-12 00:22:00,64.2
2025-06-12 18:44:00,49.3
2025-06-12 11:10:00,51.8
2025-06-12 12:56:00,96.9
2025-06-12 06:33:00,85.8
2025-06-12 13:07:00,10.6
2025-06-12 11:47:00,90.3
2025-06-12 08:48:00,74.5
2025-06-12 13:58:00,52.7
2025-06-12 22:30:00,21.1
2025-06-12 15:02:00,12.7
2025-06-12 07:54:00,49.776157380139004
2025-06-12 04:07:00,28.2
2025-06-12 06:36:00,98.7
2025-06-12 23:20:00,36.2
2025-06-12 22:41:00,22.5
2025-06-12 18:22:00,85.0
2025-06-12 22:03:00,49.776157380139004
2025-06-12 16:20:00,82.4
2025-06-12 12:08:00,23.7
2025-06-12 01:49:00,83.2
2025-06-12 15:39:00,49.776157380139004
2025-06-12 05:31:00,49.3
2025-06-12 13:40:00,19.7
2025-06-12 22:37:00,95.4
2025-06-12 08:01:00,5.2
2025-06-12 20:00:00,19.9
2025-06-12 20:02:00,63.8
2025-06-12 14:20:00,62.3
2025-06-12 02:09:00,49.776157380139004
2025-06-12 23:14:00,71.3
2025-06-12 04:38:00,43.0
2025-06-12 18:34:00,35.3
2025-06-12 21:51:00,19.5
2025-06-12 18:33:00,25.6
2025-06-12 00:46:00,62.4
2025-06-12 20:16:00,49.776157380139004
2025-06-12 19:53:00,71.5
2025-06-12 10:16:00,36.0
2025-06-12 14:32:00,49.776157380139004
2025-06-12 00:00:00,68.3
2025-06-12 20:09:00,11.4
2025-06-12 17:02:00,85.9
2025-06-12 18:11:00,49.776157380139004
2025-06-12 05:11:00,56.1
2025-06-12 06:58:00,64.7
2025-06-12 21:17:00,67.2
2025-06-12 21:15:00,49.776157380139004
2025-06-12 15:23:00,49.1
2025-06-12 12:34:00,45.6
2025-06-12 04:06:00,66.8
2025-06-12 12:49:00,65.9
2025-06-12 04:54:00,3.3
2025-06-12 22:27:00,26.9
2025-06-12 06:03:00,58.2
2025-06-12 22:37:00,24.8
2025-06-12 13:44:00,4.3
2025-06-12 19:23:00,11.1
2025-06-12 05:44:00,49.776157380139004
2025-06-12 21:56:00,34.9
2025-06-12 14:13:00,49.776157380139004
2025-06-12 10:35:00,3.4
2025-06-12 06:54:00,49.776157380139004
2025-06-12 18:50:00,65.8
2025-06-12 16:56:00,24.3
2025-06-12 04:29:00,77.6
2025-06-12 19:22:00,82.6
2025-06-12 21:13:00,3.9
2025-06-12 06:16:00,59.7
2025-06-12 06:16:00,89.1
2025-06-12 18:38:00,49.776157380139004
2025-06-12 21:13:00,49.776157380139004
2025-06-12 12:09:00,33.4
2025-06-12 13:39:00,72.2
2025-06-12 05:00:00,24.4
2025-06-12 22:58:00,1.3
2025-06-12 19:27:00,8.8
2025-06-12 22:50:00,84.6
2025-06-12 02:24:00,61.3
2025-06-12 14:28:00,56.4
2025-06-12 16:51:00,0.5
2025-06-12 13:11:00,59.5
2025-06-12 01:59:00,60.4
2025-06-12 06:17:00,31.1
2025-06-12 04:54:00,21.1
2025-06-12 00:00:00,88.8
2025-06-12 14:36:00,21.0
2025-06-12 10:36:00,10.0
2025-06-12 03:48:00,59.3
2025-06-12 19:51:00,98.8
2025-06-12 11:27:00,49.776157380139004
2025-06-12 14:04:00,84.5
2025-06-12 12:05:00,49.776157380139004
2025-06-12 14:29:00,62.6
2025-06-12 16:52:00,22.4
2025-06-12 16:06:00,74.1
2025-06-12 21:17:00,90.7
2025-06-12 02:50:00,65.4
2025-06-12 23:09:00,92.5
2025-06-12 12:42:00,33.8
2025-06-12 22:32:00,37.6
2025-06-12 01:29:00,46.9
2025-06-12 18:16:00,95.0
2025-06-12 07:13:00,35.6
2025-06-12 11:14:00,85.0
2025-06-12 15:09:00,49.81767540251498
2025-06-12 21:47:00,32.2
2025-06-12 18:36:00,12.9
2025-06-12 06:57:00,49.81767540251498
2025-06-12 13:26:00,18.0
2025-06-12 09:26:00,26.7
2025-06-12 22:24:00,84.6
2025-06-12 22:11:00,59.4
2025-06-12 23:13:00,35.1
2025-06-12 11:01:00,25.0
2025-06-12 09:32:00,6.9
2025-06-12 06:36:00,49.81767540251498
2025-06-12 23:05:00,71.4
2025-06-12 19:18:00,98.1
2025-06-12 16:37:00,17.1
2025-06-12 05:15:00,66.6
2025-06-12 17:51:00,49.81767540251498
2025-06-12 03:19:00,49.81767540251498
2025-06-12 18:07:00,33.9
2025-06-12 03:58:00,56.9
2025-06-12 16:19:00,49.81767540251498
2025-06-12 04:24:00,74.8
2025-06-12 07:18:00,93.8
2025-06-12 04:13:00,38.3
2025-06-12 07:24:00,72.4
2025-06-12 20:54:00,69.4
2025-06-12 23:57:00,64.6
2025-06-12 22:44:00,83.6
2025-06-12 02:56:00,66.7
2025-06-12 10:59:00,31.8
2025-06-12 04:28:00,71.6
2025-06-12 12:40:00,55.2
2025-06-12 06:40:00,24.5
2025-06-12 23:53:00,29.2
2025-06-12 20:52:00,33.1
2025-06-12 06:37:00,49.81767540251498
2025-06-12 18:34:00,29.3
2025-06-12 01:45:00,40.5
2025-06-12 11:33:00,31.4
2025-06-12 00:31:00,87.1
2025-06-12 06:19:00,41.8
2025-06-12 17:02:00,0.4
2025-06-12 15:09:00,74.5
2025-06-12 05:43:00,0.3
2025-06-12 01:16:00,49.81767540251498
2025-06-12 12:30:00,47.9
2025-06-12 04:01:00,35.4
2025-06-12 23:34:00,11.3
2025-06-12 21:48:00,38.5
2025-06-12 13:37:00,60.0
2025-06-12 07:33:00,50.4
2025-06-12 02:22:00,20.3
2025-06-12 08:38:00,95.0
2025-06-12 02:33:00,49.81767540251498
2025-06-12 14:05:00,27.1
2025-06-12 19:53:00,82.6
2025-06-12 07:51:00,24.2
2025-06-12 19:38:00,48.5
2025-06-12 19:43:00,44.9
2025-06-12 11:57:00,40.0
2025-06-12 03:53:00,74.3
2025-06-12 01:59:00,49.81767540251498
2025-06-12 08:47:00,49.81767540251498
2025-06-12 02:59:00,35.5
2025-06-12 09:59:00,92.4
2025-06-12 10:26:00,15.8
2025-06-12 23:02:00,70.6
2025-06-12 07:35:00,35.9
2025-06-12 11:57:00,49.8
2025-06-12 03:14:00,30.4
2025-06-12 20:04:00,59.2
2025-06-12 08:34:00,69.0
2025-06-12 08:07:00,49.81767540251498
2025-06-12 14:08:00,13.7
2025-06-12 06:38:00,12.3
2025-06-12 07:11:00,88.7
2025-06-12 00:35:00,63.8
2025-06-12 22:07:00,33.9
2025-06-12 12:29:00,72.2
2025-06-12 23:51:00,60.1
2025-06-12 15:00:00,49.81767540251498
2025-06-12 16:03:00,77.7
2025-06-12 16:07:00,30.1
2025-06-12 07:30:00,37.7
2025-06-12 14:03:00,98.8
2025-06-12 21:23:00,49.81767540251498
2025-06-12 16:40:00,97.1
2025-06-12 11:36:00,29.3
2025-06-12 09:20:00,65.9
2025-06-12 19:21:00,99.3
2025-06-12 07:15:00,3.8
2025-06-12 11:43:00,25.0
2025-06-12 23:30:00,66.8
2025-06-12 01:35:00,42.8
2025-06-12 07:45:00,55.2
2025-06-12 01:30:00,68.1
2025-06-12 06:53:00,31.0
2025-06-12 20:45:00,62.4
2025-06-12 01:56:00,69.0
2025-06-12 06:05:00,28.4
2025-06-12 13:48:00,27.4
2025-06-12 07:27:00,48.4
2025-06-12 20:16:00,82.9
2025-06-12 18:19:00,26.8
2025-06-12 10:05:00,43.6
2025-06-12 07:57:00,78.1
2025-06-12 05:59:00,3.8
2025-06-12 23:01:00,90.4
2025-06-12 00:54:00,99.2
2025-06-12 07:11:00,29.1
2025-06-12 17:57:00,60.7
2025-06-12 00:11:00,49.5
2025-06-12 01:20:00,37.0
2025-06-12 00:35:00,65.4
2025-06-12 20:59:00,54.7
2025-06-12 09:09:00,49.81767540251498
2025-06-12 02:10:00,7.9
2025-06-12 05:28:00,81.9
2025-06-12 17:57:00,1.9
2025-06-12 12:22:00,19.2
2025-06-12 22:57:00,67.7
2025-06-12 12:19:00,28.8
2025-06-12 09:59:00,14.8
2025-06-12 16:17:00,23.1
2025-06-12 03:39:00,19.0
2025-06-12 08:29:00,56.6
2025-06-12 19:15:00,94.9
2025-06-12 13:16:00,83.0
2025-06-12 20:53:00,96.6
2025-06-12 14:09:00,80.5
2025-06-12 16:34:00,49.81767540251498
2025-06-12 12:45:00,88.0
2025-06-12 04:25:00,39.7
2025-06-12 09:19:00,32.5
2025-06-12 14:29:00,52.8
2025-06-12 05:19:00,8.5
2025-06-12 16:14:00,52.2
2025-06-12 01:28:00,40.7
2025-06-12 08:57:00,84.7
2025-06-12 07:45:00,90.6
2025-06-12 08:25:00,39.8
2025-06-12 21:32:00,39.3
2025-06-12 10:03:00,7.9
2025-06-12 07:47:00,5.4
2025-06-12 17:44:00,95.8
2025-06-12 17:51:00,33.9
2025-06-12 18:02:00,49.81767540251498
2025-06-12 14:28:00,69.3
2025-06-12 17:23:00,49.81767540251498
2025-06-12 07:52:00,32.4
2025-06-12 11:00:00,72.1
2025-06-12 23:21:00,52.7
2025-06-12 02:59:00,49.81767540251498
2025-06-12 04:35:00,46.2
2025-06-12 17:19:00,79.4
2025-06-12 07:55:00,49.81767540251498
2025-06-12 02:36:00,49.81767540251498
2025-06-12 04:11:00,12.9
2025-06-12 01:11:00,83.6
2025-06-12 00:07:00,51.8
2025-06-12 08:33:00,49.81767540251498
2025-06-12 16:11:00,1.5
2025-06-12 01:26:00,40.2
2025-06-12 21:20:00,45.6
2025-06-12 13:54:00,14.0
2025-06-12 11:39:00,69.6
2025-06-12 16:20:00,49.81767540251498
2025-06-12 14:58:00,82.4
2025-06-12 10:15:00,67.1
2025-06-12 05:59:00,18.5
2025-06-12 13:41:00,81.0
2025-06-12 01:15:00,49.81767540251498
2025-06-12 11:40:00,92.1
2025-06-12 09:03:00,88.1
2025-06-12 03:09:00,18.5
2025-06-12 03:15:00,20.1
2025-06-12 12:26:00,29.5
2025-06-12 04:52:00,49.81767540251498
2025-06-12 19:32:00,61.0
2025-06-12 19:02:00,54.3
2025-06-12 09:29:00,72.6
2025-06-12 02:43:00,72.5
2025-06-12 00:19:00,84.5
2025-06-12 20:57:00,50.7
2025-06-12 00:10:00,25.9
2025-06-12 20:15:00,90.8
2025-06-12 13:34:00,13.7
2025-06-12 04:34:00,7.4
2025-06-12 18:36:00,72.9
2025-06-12 20:11:00,49.81767540251498
2025-06-12 13:21:00,49.81767540251498
2025-06-12 23:00:00,47.1
2025-06-12 05:12:00,82.0
2025-06-12 12:49:00,26.1
2025-06-12 11:40:00,2.5
2025-06-12 16:38:00,49.81767540251498
2025-06-12 16:27:00,49.81767540251498
2025-06-12 21:40:00,26.9
2025-06-12 05:25:00,53.2
2025-06-12 01:44:00,95.3
2025-06-12 15:09:00,7.3
2025-06-12 22:58:00,96.4
2025-06-12 13:54:00,0.5
2025-06-12 08:05:00,15.6
2025-06-12 22:59:00,49.81767540251498
2025-06-12 22:49:00,67.9
2025-06-12 21:02:00,49.81767540251498
2025-06-12 00:19:00,7.5
2025-06-12 11:58:00,86.8
2025-06-12 06:23:00,58.9
2025-06-12 11:26:00,49.81767540251498
2025-06-12 09:11:00,62.5
2025-06-12 21:37:00,81.4
2025-06-12 16:55:00,49.81767540251498
2025-06-12 02:03:00,93.7
2025-06-12 13:51:00,47.8
2025-06-12 01:33:00,86.0
2025-06-12 18:06:00,0.6
2025-06-12 19:23:00,49.81767540251498
2025-06-12 18:35:00,13.1
2025-06-12 08:44:00,23.1
2025-06-12 05:50:00,49.81767540251498
2025-06-12 14:06:00,95.1
2025-06-12 05:42:00,98.3
2025-06-12 00:18:00,60.7
2025-06-12 21:16:00,7.2
2025-06-12 19:24:00,61.6
2025-06-12 01:20:00,46.6
2025-06-12 08:00:00,70.3
2025-06-12 01:25:00,58.1
2025-06-12 12:19:00,81.1
2025-06-12 02:27:00,49.81767540251498
2025-06-12 05:33:00,24.8
2025-06-12 10:55:00,45.4
2025-06-12 18:55:00,63.7
2025-06-12 23:55:00,49.81767540251498
2025-06-12 16:38:00,71.6
2025-06-12 12:58:00,49.81767540251498
2025-06-12 06:22:00,49.81767540251498
2025-06-12 09:21:00,94.4
2025-06-12 17:15:00,48.1
2025-06-12 16:29:00,0.6
2025-06-12 13:35:00,87.0
2025-06-12 20:34:00,92.1
2025-06-12 04:24:00,84.4
2025-06-12 14:36:00,40.7
2025-06-12 00:21:00,24.2
2025-06-12 17:03:00,21.6
2025-06-12 01:54:00,91.9
2025-06-12 16:59:00,34.7
2025-06-12 18:50:00,7.6
2025-06-12 09:13:00,10.8
2025-06-12 23:48:00,35.9
2025-06-12 16:17:00,23.1
2025-06-12 16:04:00,54.8
2025-06-12 20:08:00,89.1
2025-06-12 19:47:00,66.8
2025-06-12 18:00:00,0.4
2025-06-12 10:14:00,23.3
2025-06-12 04:51:00,86.6
2025-06-12 17:49:00,16.7
2025-06-12 05:24:00,93.4
2025-06-12 16:42:00,9.7
2025-06-12 12:01:00,80.0
2025-06-12 12:58:00,55.7
2025-06-12 12:15:00,91.9
2025-06-12 14:24:00,49.81767540251498
2025-06-12 11:12:00,37.3
2025-06-12 23:40:00,61.1
2025-06-12 09:05:00,97.0
2025-06-12 15:48:00,62.2
2025-06-12 17:10:00,49.81767540251498
2025-06-12 01:52:00,51.0
2025-06-12 06:35:00,49.81767540251498
2025-06-12 22:10:00,88.7
2025-06-12 17:46:00,39.0
2025-06-12 23:22:00,79.3
2025-06-12 14:19:00,98.6
2025-06-12 10:10:00,80.5
2025-06-12 11:40:00,29.0
2025-06-12 23:16:00,49.81767540251498
2025-06-12 18:53:00,49.81767540251498
2025-06-12 03:11:00,94.2
2025-06-12 02:08:00,76.4
2025-06-12 10:52:00,49.81767540251498
2025-06-12 13:45:00,56.1
2025-06-12 19:00:00,49.81767540251498
2025-06-12 06:00:00,55.3
2025-06-12 08:48:00,66.0
2025-06-12 11:13:00,49.81767540251498
2025-06-12 23:57:00,23.2
2025-06-12 09:24:00,32.6
2025-06-12 23:27:00,49.81767540251498
2025-06-12 06:37:00,32.6
2025-06-12 00:55:00,36.8
2025-06-12 12:35:00,72.6
2025-06-12 11:15:00,49.81767540251498
2025-06-12 10:49:00,49.9
2025-06-12 21:14:00,67.2
2025-06-12 03:22:00,13.4
2025-06-12 19:23:00,26.6
2025-06-12 19:24:00,52.9
2025-06-12 17:53:00,49.81767540251498
2025-06-12 22:05:00,89.1
2025-06-12 08:30:00,96.2
2025-06-12 13:07:00,83.5
2025-06-12 07:33:00,11.8
2025-06-12 08:24:00,13.9
2025-06-12 03:16:00,0.0
2025-06-12 09:34:00,39.1
2025-06-12 06:21:00,71.6
2025-06-12 10:15:00,97.4
2025-06-12 17:47:00,69.1
2025-06-12 15:05:00,66.2
2025-06-12 13:07:00,49.81767540251498
2025-06-12 20:50:00,47.9
2025-06-12 17:13:00,49.81767540251498
2025-06-12 15:43:00,37.4
2025-06-12 02:27:00,49.81767540251498
2025-06-12 21:54:00,49.81767540251498
2025-06-12 18:10:00,64.2
2025-06-12 04:18:00,16.8
2025-06-12 14:42:00,12.8
2025-06-12 04:03:00,50.0
2025-06-12 23:45:00,77.5
2025-06-12 01:58:00,49.81767540251498
2025-06-12 14:44:00,59.0
2025-06-12 08:50:00,9.0
2025-06-12 06:54:00,74.9
2025-06-12 18:23:00,96.8
2025-06-12 10:41:00,67.6
2025-06-12 13:10:00,64.9
2025-06-12 10:44:00,24.0
2025-06-12 07:32:00,65.7
2025-06-12 21:58:00,49.81767540251498
2025-06-12 17:22:00,10.9
2025-06-12 13:20:00,86.8
2025-06-12 14:09:00,54.9
2025-06-12 08:04:00,14.1
2025-06-12 00:08:00,68.7
2025-06-12 03:52:00,49.791111632270166
2025-06-12 19:00:00,66.4
2025-06-12 17:02:00,94.5
2025-06-12 11:04:00,49.791111632270166
2025-06-12 11:44:00,19.2
2025-06-12 05:43:00,5.3
2025-06-12 01:16:00,16.2
2025-06-12 00:39:00,66.1
2025-06-12 10:17:00,32.6
2025-06-12 18:01:00,72.4
2025-06-12 17:29:00,75.5
2025-06-12 03:48:00,60.8
2025-06-12 20:25:00,49.791111632270166
2025-06-12 12:11:00,73.2
2025-06-12 22:03:00,71.1
2025-06-12 00:32:00,26.3
2025-06-12 20:32:00,53.5
2025-06-12 05:39:00,11.0
2025-06-12 01:02:00,96.9
2025-06-12 21:10:00,44.1
2025-06-12 02:02:00,13.5
2025-06-12 15:38:00,11.1
2025-06-12 23:00:00,88.7
2025-06-12 03:53:00,49.791111632270166
2025-06-12 03:29:00,52.7
2025-06-12 11:59:00,56.7
2025-06-12 23:12:00,6.6
2025-06-12 19:55:00,79.4
2025-06-12 11:33:00,31.0
2025-06-12 09:57:00,46.2
2025-06-12 07:01:00,93.4
2025-06-12 18:18:00,7.0
2025-06-12 12:11:00,3.2
2025-06-12 03:04:00,80.4
2025-06-12 14:11:00,49.791111632270166
2025-06-12 21:14:00,72.2
2025-06-12 21:50:00,62.0
2025-06-12 04:00:00,25.7
2025-06-12 18:36:00,94.9
2025-06-12 20:52:00,1.3
2025-06-12 17:10:00,94.6
2025-06-12 19:47:00,41.5
2025-06-12 19:42:00,49.791111632270166
2025-06-12 14:45:00,78.4
2025-06-12 21:14:00,85.3
2025-06-12 12:35:00,60.3
2025-06-12 17:47:00,46.8
2025-06-12 21:33:00,62.1
2025-06-12 08:40:00,42.6
2025-06-12 20:16:00,97.5
2025-06-12 04:38:00,90.2
2025-06-12 03:20:00,49.791111632270166
2025-06-12 09:42:00,99.8
2025-06-12 12:40:00,53.9
2025-06-12 13:15:00,40.8
2025-06-12 13:47:00,23.9
2025-06-12 16:55:00,49.791111632270166
2025-06-12 18:40:00,27.4
2025-06-12 21:25:00,49.791111632270166
2025-06-12 06:04:00,49.791111632270166
2025-06-12 23:16:00,60.0
2025-06-12 02:58:00,52.6
2025-06-12 11:33:00,2.2
2025-06-12 12:39:00,25.6
2025-06-12 12:44:00,49.791111632270166
2025-06-12 04:09:00,43.1
2025-06-12 14:56:00,94.6
2025-06-12 03:42:00,64.8
2025-06-12 13:59:00,49.791111632270166
2025-06-12 05:22:00,33.5
2025-06-12 03:36:00,49.791111632270166
2025-06-12 10:07:00,7.0
2025-06-12 02:10:00,12.3
2025-06-12 19:36:00,20.7
2025-06-12 13:14:00,35.2
2025-06-12 19:33:00,43.3
2025-06-12 03:19:00,73.5
2025-06-12 20:12:00,40.9
2025-06-12 10:28:00,43.1
2025-06-12 02:04:00,82.3
2025-06-12 12:44:00,54.8
2025-06-12 04:41:00,59.2
2025-06-12 22:57:00,51.9
2025-06-12 13:05:00,47.6
2025-06-12 19:38:00,22.2
2025-06-12 12:09:00,44.5
2025-06-12 16:53:00,35.8
2025-06-12 12:39:00,73.7
2025-06-12 19:57:00,59.1
2025-06-12 11:18:00,68.2
2025-06-12 15:56:00,87.9
2025-06-12 22:53:00,49.791111632270166
2025-06-12 22:36:00,2.6
2025-06-12 00:07:00,78.5
2025-06-12 02:59:00,12.5
2025-06-12 10:20:00,15.2
2025-06-12 00:04:00,10.9
2025-06-12 09:09:00,89.3
2025-06-12 01:40:00,49.791111632270166
2025-06-12 03:09:00,9.3
2025-06-12 22:54:00,4.9
2025-06-12 01:49:00,40.0
2025-06-12 02:13:00,15.7
2025-06-12 08:03:00,49.791111632270166
2025-06-12 05:50:00,14.5
2025-06-12 14:30:00,2.0
2025-06-12 06:43:00,46.3
2025-06-12 06:59:00,3.6
2025-06-12 19:02:00,3.7
2025-06-12 07:10:00,73.2
2025-06-12 01:45:00,8.7
2025-06-12 08:06:00,60.3
2025-06-12 05:01:00,22.9
2025-06-12 06:43:00,69.3
2025-06-12 15:07:00,13.9
2025-06-12 19:40:00,62.0
2025-06-12 23:00:00,33.5
2025-06-12 03:00:00,67.5
2025-06-12 23:01:00,69.4
2025-06-12 06:52:00,2.6
2025-06-12 11:10:00,94.2
2025-06-12 20:09:00,83.9
2025-06-12 11:26:00,61.2
2025-06-12 14:01:00,20.7
2025-06-12 07:34:00,42.5
2025-06-12 17:59:00,59.6
2025-06-12 06:56:00,54.9
2025-06-12 05:41:00,34.9
2025-06-12 21:47:00,95.1
2025-06-12 12:35:00,58.9
2025-06-12 21:08:00,49.791111632270166
2025-06-12 07:34:00,27.4
2025-06-12 16:05:00,67.3
2025-06-12 06:38:00,74.0
2025-06-12 16:21:00,30.4
2025-06-12 21:11:00,16.8
2025-06-12 18:18:00,89.6
2025-06-12 20:39:00,57.8
2025-06-12 07:59:00,65.4
2025-06-12 16:50:00,60.8
2025-06-12 06:18:00,18.7
2025-06-12 13:57:00,16.4
2025-06-12 06:41:00,49.791111632270166
2025-06-12 19:19:00,41.1
2025-06-12 09:24:00,7.2
2025-06-12 05:54:00,19.2
2025-06-12 12:16:00,49.791111632270166
2025-06-12 05:34:00,10.5
2025-06-12 12:59:00,82.6
2025-06-12 07:34:00,33.8
2025-06-12 16:39:00,40.0
2025-06-12 03:08:00,83.1
2025-06-12 10:17:00,28.9
2025-06-12 23:38:00,51.9
2025-06-12 17:30:00,21.2
2025-06-12 01:47:00,75.5
2025-06-12 02:55:00,59.2
2025-06-12 05:18:00,58.0
2025-06-12 08:51:00,54.1
2025-06-12 11:55:00,50.0
2025-06-12 02:52:00,49.791111632270166
2025-06-12 00:38:00,64.8
2025-06-12 04:25:00,77.8
2025-06-12 13:57:00,54.5
2025-06-12 15:06:00,6.0
2025-06-12 08:27:00,49.791111632270166
2025-06-12 04:49:00,61.2
2025-06-12 12:13:00,45.7
2025-06-12 20:17:00,12.7
2025-06-12 23:02:00,67.0
2025-06-12 02:01:00,49.791111632270166
2025-06-12 19:40:00,78.9
2025-06-12 23:14:00,73.9
2025-06-12 19:43:00,63.4
2025-06-12 23:44:00,30.1
2025-06-12 10:23:00,30.5
2025-06-12 02:51:00,33.7
2025-06-12 16:25:00,99.8
2025-06-12 14:57:00,54.2
2025-06-12 19:54:00,28.3
2025-06-12 06:32:00,21.6
2025-06-12 22:08:00,95.5
2025-06-12 00:32:00,24.8
2025-06-12 07:36:00,49.791111632270166
2025-06-12 06:33:00,29.6
2025-06-12 15:17:00,49.791111632270166
2025-06-12 10:35:00,39.4
2025-06-12 00:10:00,14.8
2025-06-12 20:08:00,96.7
2025-06-12 02:28:00,24.0
2025-06-12 00:00:00,99.6
2025-06-12 08:03:00,47.5
2025-06-12 07:37:00,76.9
2025-06-12 06:21:00,46.7
2025-06-12 11:05:00,70.1
2025-06-12 04:47:00,97.8
2025-06-12 06:03:00,79.9
2025-06-12 00:20:00,42.9
2025-06-12 06:21:00,87.0
2025-06-12 11:35:00,31.1
2025-06-12 07:05:00,36.3
2025-06-12 02:51:00,80.6
2025-06-12 06:53:00,49.791111632270166
2025-06-12 18:03:00,84.5
2025-06-12 14:23:00,38.1
2025-06-12 02:54:00,68.0
2025-06-12 06:00:00,72.1
2025-06-12 07:37:00,67.5
2025-06-12 19:23:00,97.0
2025-06-12 16:46:00,49.791111632270166
2025-06-12 17:43:00,49.791111632270166
2025-06-12 04:09:00,47.3
2025-06-12 18:05:00,21.8
2025-06-12 05:40:00,90.5
2025-06-12 13:33:00,49.791111632270166
2025-06-12 13:14:00,38.9
2025-06-12 18:52:00,6.2
2025-06-12 16:09:00,14.2
2025-06-12 03:31:00,19.6
2025-06-12 09:06:00,86.6
2025-06-12 10:37:00,77.7
2025-06-12 22:24:00,39.8
2025-06-12 06:11:00,2.8
2025-06-12 08:17:00,49.791111632270166
2025-06-12 21:32:00,80.5
2025-06-12 01:31:00,46.0
2025-06-12 15:20:00,49.791111632270166
2025-06-12 01:58:00,80.2
2025-06-12 12:43:00,17.6
2025-06-12 19:22:00,98.7
2025-06-12 07:06:00,49.791111632270166
2025-06-12 02:20:00,29.1
2025-06-12 06:41:00,49.791111632270166
2025-06-12 19:41:00,66.7
2025-06-12 05:39:00,90.1
2025-06-12 21:14:00,37.4
2025-06-12 02:08:00,49.791111632270166
2025-06-12 04:34:00,74.3
2025-06-12 02:30:00,49.791111632270166
2025-06-12 04:31:00,95.1
2025-06-12 19:37:00,96.2
2025-06-12 10:15:00,9.7
2025-06-12 18:56:00,66.8
2025-06-12 14:16:00,68.7
2025-06-12 05:56:00,39.5
2025-06-12 17:30:00,37.8
2025-06-12 18:17:00,51.1
2025-06-12 16:31:00,6.5
2025-06-12 13:31:00,49.791111632270166
2025-06-12 23:41:00,82.8
2025-06-12 11:08:00,49.791111632270166
2025-06-12 12:52:00,95.4
2025-06-12 19:53:00,49.791111632270166
2025-06-12 22:22:00,99.8
2025-06-12 16:11:00,69.6
2025-06-12 02:30:00,59.3
2025-06-12 06:56:00,52.9
2025-06-12 22:53:00,2.0
2025-06-12 20:26:00,6.1
2025-06-12 08:38:00,46.3
2025-06-12 06:32:00,22.1
2025-06-12 17:56:00,5.3
2025-06-12 09:43:00,20.7
2025-06-12 22:40:00,49.791111632270166
2025-06-12 10:34:00,44.4
2025-06-12 03:36:00,99.5
2025-06-12 02:21:00,47.8
2025-06-12 19:49:00,76.4
2025-06-12 09:04:00,14.1
2025-06-12 12:21:00,89.8
2025-06-12 21:02:00,53.0
2025-06-12 10:04:00,28.0
2025-06-12 04:25:00,28.0
2025-06-12 09:40:00,2.5
2025-06-12 12:56:00,49.791111632270166
2025-06-12 23:10:00,61.8
2025-06-12 20:43:00,7.9
2025-06-12 10:59:00,1.7
2025-06-12 15:06:00,9.4
2025-06-12 12:46:00,16.1
2025-06-12 08:56:00,33.5
2025-06-12 09:46:00,72.9
2025-06-12 09:05:00,4.5
2025-06-12 15:00:00,63.5
2025-06-12 20:17:00,26.9
2025-06-12 23:23:00,91.3
2025-06-12 07:22:00,70.6
2025-06-12 01:33:00,5.6
2025-06-12 15:31:00,55.3
2025-06-12 16:42:00,97.9
2025-06-12 19:15:00,65.5
2025-06-12 06:01:00,4.8
2025-06-12 23:35:00,59.7
2025-06-12 16:25:00,0.8
2025-06-12 12:08:00,36.0
2025-06-12 16:36:00,98.5
2025-06-12 21:21:00,73.0
2025-06-12 08:13:00,6.6
2025-06-12 07:43:00,77.0
2025-06-12 09:55:00,17.6
2025-06-12 13:10:00,52.4
2025-06-12 15:00:00,20.4
2025-06-12 08:25:00,55.2
2025-06-12 18:30:00,38.6
2025-06-12 03:23:00,94.1
2025-06-12 19:55:00,20.5
2025-06-12 04:55:00,49.6
2025-06-12 07:53:00,88.5
2025-06-12 02:34:00,2.5
2025-06-12 13:01:00,14.4
2025-06-12 16:10:00,29.1
2025-06-12 14:24:00,50.406503298774744
2025-06-12 00:26:00,9.9
2025-06-12 04:16:00,6.6
2025-06-12 23:43:00,5.8
2025-06-12 03:41:00,50.406503298774744
2025-06-12 15:06:00,79.8
2025-06-12 14:46:00,64.5
2025-06-12 10:46:00,56.3
2025-06-12 00:29:00,64.9
2025-06-12 11:11:00,50.406503298774744
2025-06-12 02:19:00,50.406503298774744
2025-06-12 04:35:00,41.3
2025-06-12 00:52:00,50.406503298774744
2025-06-12 01:34:00,50.406503298774744
2025-06-12 04:40:00,78.6
2025-06-12 14:08:00,12.0
2025-06-12 12:35:00,18.0
2025-06-12 19:37:00,50.406503298774744
2025-06-12 19:29:00,68.8
2025-06-12 08:54:00,15.7
2025-06-12 14:31:00,38.8
2025-06-12 00:28:00,9.4
2025-06-12 11:38:00,1.4
2025-06-12 19:58:00,58.7
2025-06-12 07:37:00,41.8
2025-06-12 00:15:00,43.6
2025-06-12 18:59:00,78.5
2025-06-12 02:51:00,49.8
2025-06-12 11:59:00,78.8
2025-06-12 21:50:00,35.5
2025-06-12 07:56:00,50.406503298774744
2025-06-12 16:18:00,3.7
2025-06-12 17:00:00,18.3
2025-06-12 13:49:00,50.406503298774744
2025-06-12 03:46:00,89.8
2025-06-12 03:33:00,44.2
2025-06-12 17:39:00,50.406503298774744
2025-06-12 20:54:00,50.406503298774744
2025-06-12 13:16:00,90.7
2025-06-12 13:33:00,18.6
2025-06-12 06:13:00,18.3
2025-06-12 09:29:00,50.406503298774744
2025-06-12 12:24:00,34.7
2025-06-12 12:00:00,1.1
2025-06-12 07:11:00,50.406503298774744
2025-06-12 20:23:00,38.5
2025-06-12 06:53:00,92.9
2025-06-12 03:43:00,57.1
2025-06-12 09:23:00,30.6
2025-06-12 21:35:00,95.8
2025-06-12 00:59:00,25.9
2025-06-12 01:08:00,50.406503298774744
2025-06-12 06:30:00,50.406503298774744
2025-06-12 02:14:00,60.5
2025-06-12 19:52:00,33.0
2025-06-12 01:52:00,60.5
2025-06-12 03:48:00,50.406503298774744
2025-06-12 21:36:00,50.406503298774744
2025-06-12 15:29:00,50.406503298774744
2025-06-12 15:47:00,95.2
2025-06-12 14:35:00,84.7
2025-06-12 11:01:00,90.6
2025-06-12 03:11:00,65.3
2025-06-12 19:45:00,0.3
2025-06-12 04:36:00,73.9
2025-06-12 02:40:00,50.406503298774744
2025-06-12 23:10:00,69.9
2025-06-12 02:37:00,70.4
2025-06-12 12:36:00,40.7
2025-06-12 18:07:00,11.8
2025-06-12 03:40:00,78.0
2025-06-12 11:11:00,36.4
2025-06-12 11:08:00,2.8
2025-06-12 01:02:00,50.406503298774744
2025-06-12 16:00:00,65.5
2025-06-12 15:50:00,30.2
2025-06-12 07:48:00,50.406503298774744
2025-06-12 22:36:00,19.7
2025-06-12 01:33:00,63.7
2025-06-12 08:59:00,91.8
2025-06-12 21:52:00,50.406503298774744
2025-06-12 11:21:00,82.5
2025-06-12 20:03:00,57.5
2025-06-12 11:22:00,50.406503298774744
2025-06-12 06:30:00,61.9
2025-06-12 08:18:00,65.0
2025-06-12 15:14:00,14.0
2025-06-12 19:17:00,21.9
2025-06-12 17:06:00,50.406503298774744
2025-06-12 23:57:00,86.0
2025-06-12 02:06:00,65.7
2025-06-12 12:39:00,53.4
2025-06-12 05:13:00,68.2
2025-06-12 09:16:00,77.1
2025-06-12 02:06:00,91.1
2025-06-12 21:01:00,48.1
2025-06-12 16:38:00,86.5
2025-06-12 08:52:00,13.8
2025-06-12 15:38:00,51.1
2025-06-12 06:20:00,4.0
2025-06-12 14:26:00,50.406503298774744
2025-06-12 01:15:00,37.7
2025-06-12 04:16:00,56.1
2025-06-12 18:16:00,80.9
2025-06-12 03:15:00,4.0
2025-06-12 04:53:00,35.3
2025-06-12 02:36:00,73.9
2025-06-12 16:23:00,48.5
2025-06-12 14:44:00,15.7
2025-06-12 13:11:00,50.406503298774744
2025-06-12 04:48:00,74.7
2025-06-12 00:35:00,11.4
2025-06-12 07:55:00,64.2
2025-06-12 00:15:00,85.0
2025-06-12 08:36:00,58.9
2025-06-12 21:47:00,75.3
2025-06-12 01:46:00,84.2
2025-06-12 09:18:00,76.1
2025-06-12 06:14:00,81.1
2025-06-12 04:14:00,50.406503298774744
2025-06-12 02:47:00,50.406503298774744
2025-06-12 16:14:00,92.7
2025-06-12 21:47:00,87.4
2025-06-12 14:31:00,52.7
2025-06-12 03:38:00,18.5
2025-06-12 14:18:00,8.7
2025-06-12 12:49:00,15.6
2025-06-12 17:46:00,83.0
2025-06-12 13:24:00,45.7
2025-06-12 21:43:00,83.8
2025-06-12 17:35:00,50.406503298774744
2025-06-12 02:33:00,50.406503298774744
2025-06-12 16:05:00,50.406503298774744
2025-06-12 19:19:00,2.5
2025-06-12 13:45:00,13.1
2025-06-12 22:15:00,37.6
2025-06-12 21:07:00,89.2
2025-06-12 23:15:00,8.2
2025-06-12 22:40:00,99.2
2025-06-12 20:03:00,20.8
2025-06-12 04:32:00,73.1
2025-06-12 14:34:00,50.406503298774744
2025-06-12 08:03:00,13.4
2025-06-12 01:06:00,10.7
2025-06-12 03:57:00,27.5
2025-06-12 02:36:00,0.3
2025-06-12 20:00:00,5.0
2025-06-12 11:41:00,90.6
2025-06-12 14:58:00,23.3
2025-06-12 02:59:00,13.6
2025-06-12 16:10:00,42.8
2025-06-12 05:41:00,74.9
2025-06-12 13:34:00,45.4
2025-06-12 23:32:00,3.3
2025-06-12 01:00:00,31.1
2025-06-12 02:07:00,32.9
2025-06-12 16:33:00,21.9
2025-06-12 16:06:00,37.8
2025-06-12 20:24:00,16.7
2025-06-12 04:29:00,14.5
2025-06-12 12:44:00,50.406503298774744
2025-06-12 14:19:00,91.1
2025-06-12 17:30:00,76.7
2025-06-12 14:42:00,15.2
2025-06-12 08:00:00,21.7
2025-06-12 09:23:00,50.406503298774744
2025-06-12 14:20:00,17.6
2025-06-12 20:00:00,50.406503298774744
2025-06-12 15:31:00,0.1
2025-06-12 19:55:00,88.7
2025-06-12 11:28:00,50.406503298774744
2025-06-12 05:50:00,7.3
2025-06-12 08:23:00,64.9
2025-06-12 21:44:00,50.406503298774744
2025-06-12 14:11:00,80.4
2025-06-12 09:06:00,31.1
2025-06-12 06:12:00,80.0
2025-06-12 00:38:00,27.0
2025-06-12 15:46:00,50.406503298774744
2025-06-12 07:57:00,12.3
2025-06-12 02:39:00,53.5
2025-06-12 06:15:00,58.9
2025-06-12 19:04:00,46.3
2025-06-12 23:44:00,61.2
2025-06-12 00:49:00,22.6
2025-06-12 13:14:00,23.4
2025-06-12 01:37:00,30.3
2025-06-12 22:27:00,14.6
2025-06-12 17:57:00,23.7
2025-06-12 18:34:00,48.1
2025-06-12 04:51:00,31.6
2025-06-12 18:49:00,50.406503298774744
2025-06-12 03:05:00,28.8
2025-06-12 23:47:00,50.406503298774744
2025-06-12 09:14:00,50.406503298774744
2025-06-12 14:41:00,92.7
2025-06-12 16:21:00,52.3
2025-06-12 07:16:00,78.2
2025-06-12 19:20:00,78.3
2025-06-12 04:00:00,95.4
2025-06-12 06:12:00,70.3
2025-06-12 14:50:00,79.5
2025-06-12 18:40:00,2.5
2025-06-12 18:15:00,79.0
2025-06-12 02:48:00,45.1
2025-06-12 13:28:00,4.5
2025-06-12 11:32:00,20.6
2025-06-12 21:17:00,35.7
2025-06-12 22:23:00,45.4
2025-06-12 09:10:00,33.8
2025-06-12 13:26:00,99.2
2025-06-12 05:15:00,39.6
2025-06-12 23:34:00,21.0
2025-06-12 23:22:00,50.406503298774744
2025-06-12 08:18:00,42.2
2025-06-12 07:28:00,50.406503298774744
2025-06-12 11:13:00,76.6
2025-06-12 21:35:00,5.0
2025-06-12 22:17:00,57.3
2025-06-12 07:44:00,50.406503298774744
2025-06-12 20:55:00,67.9
2025-06-12 10:57:00,69.6
2025-06-12 22:16:00,83.6
2025-06-12 03:06:00,30.0
2025-06-12 11:32:00,90.2
2025-06-12 15:40:00,50.406503298774744
2025-06-12 21:03:00,49.1
2025-06-12 20:20:00,42.1
2025-06-12 09:22:00,50.0
2025-06-12 17:46:00,1.2
2025-06-12 14:21:00,6.1
2025-06-12 11:54:00,69.3
2025-06-12 18:25:00,51.0
2025-06-12 21:46:00,1.3
2025-06-12 00:34:00,47.8
2025-06-12 08:39:00,78.5
2025-06-12 19:57:00,42.9
2025-06-12 06:39:00,60.8
2025-06-12 20:51:00,28.3
2025-06-12 01:33:00,34.5
2025-06-12 16:21:00,77.1
2025-06-12 19:15:00,77.6
2025-06-12 09:53:00,65.7
2025-06-12 08:03:00,66.4
2025-06-12 14:04:00,74.4
2025-06-12 01:14:00,19.7
2025-06-12 22:55:00,81.2
2025-06-12 00:13:00,21.4
2025-06-12 02:20:00,15.2
2025-06-12 00:24:00,99.7
2025-06-12 08:35:00,8.2
2025-06-12 18:14:00,81.8
2025-06-12 04:41:00,49.0
2025-06-12 23:53:00,76.7
2025-06-12 12:52:00,50.406503298774744
2025-06-12 21:46:00,4.0
2025-06-12 19:44:00,48.3
2025-06-12 14:07:00,99.7
2025-06-12 04:05:00,93.2
2025-06-12 04:38:00,50.406503298774744
2025-06-12 10:48:00,97.8
2025-06-12 10:31:00,50.406503298774744
2025-06-12 13:31:00,50.406503298774744
2025-06-12 05:03:00,21.8
2025-06-12 12:56:00,46.2
2025-06-12 11:48:00,77.5
2025-06-12 05:41:00,87.4
2025-06-12 06:08:00,50.406503298774744
2025-06-12 12:20:00,62.4
2025-06-12 22:48:00,22.0
2025-06-12 12:44:00,81.9
2025-06-12 17:42:00,13.4
2025-06-12 07:54:00,35.9
2025-06-12 18:25:00,50.406503298774744
2025-06-12 04:04:00,23.1
2025-06-12 02:49:00,73.7
2025-06-12 00:36:00,71.1
2025-06-12 03:31:00,10.1
2025-06-12 15:46:00,50.406503298774744
2025-06-12 21:50:00,30.8
2025-06-12 20:51:00,11.5
2025-06-12 04:37:00,28.5
2025-06-12 12:49:00,11.7
2025-06-12 11:26:00,35.3
2025-06-12 13:04:00,95.6
2025-06-12 12:47:00,46.3
2025-06-12 18:00:00,77.9
2025-06-12 05:18:00,79.3
2025-06-12 06:55:00,70.3
2025-06-12 18:07:00,34.3
2025-06-12 21:36:00,73.2
2025-06-12 07:12:00,92.7
2025-06-12 22:55:00,56.7
2025-06-12 18:33:00,85.0
2025-06-12 08:12:00,21.0
2025-06-12 22:09:00,77.8
2025-06-12 05:55:00,24.8
2025-06-12 12:26:00,85.0
2025-06-12 22:00:00,89.7
2025-06-12 18:11:00,33.3
2025-06-12 08:48:00,42.0
2025-06-12 07:08:00,61.8
2025-06-12 03:19:00,10.3
2025-06-12 17:32:00,98.8
2025-06-12 06:25:00,24.9
2025-06-12 19:46:00,73.9
2025-06-12 06:37:00,12.0
2025-06-12 05:05:00,14.4
2025-06-12 11:48:00,67.2
2025-06-12 00:24:00,75.4
2025-06-12 04:13:00,19.6
2025-06-12 18:40:00,24.3
2025-06-12 20:05:00,11.7
2025-06-12 04:05:00,92.4
2025-06-12 14:06:00,41.9
2025-06-12 19:37:00,6.2
2025-06-12 04:45:00,61.3
2025-06-12 22:35:00,13.1
2025-06-12 10:04:00,75.4
2025-06-12 13:40:00,50.406503298774744
2025-06-12 17:10:00,33.8
2025-06-12 14:38:00,70.5
2025-06-12 19:07:00,50.406503298774744
2025-06-12 10:32:00,29.6
2025-06-12 03:23:00,31.5
2025-06-12 13:24:00,47.2
2025-06-12 09:25:00,50.406503298774744
2025-06-12 20:02:00,50.406503298774744
2025-06-12 04:25:00,16.6
2025-06-12 01:20:00,55.5
2025-06-12 01:54:00,70.5
2025-06-12 03:26:00,16.2
2025-06-12 02:29:00,80.8
2025-06-12 19:07:00,40.8
2025-06-12 06:06:00,36.7
2025-06-12 18:10:00,2.2
2025-06-12 00:54:00,56.0
2025-06-12 13:49:00,50.406503298774744
2025-06-12 04:18:00,50.406503298774744
2025-06-12 13:44:00,72.7
2025-06-12 19:28:00,56.1
2025-06-12 20:58:00,7.3
2025-06-12 06:40:00,20.3
2025-06-12 05:36:00,36.3
2025-06-12 10:55:00,79.9
2025-06-12 16:20:00,30.9
2025-06-12 09:19:00,94.5
2025-06-12 19:35:00,92.9
2025-06-12 23:58:00,49.4
2025-06-12 07:18:00,68.0
2025-06-12 22:31:00,59.9
2025-06-12 14:05:00,60.9
2025-06-12 13:12:00,5.4
2025-06-12 19:50:00,6.0
2025-06-12 21:52:00,67.5
2025-06-12 17:25:00,34.6
2025-06-12 09:14:00,25.7
2025-06-12 07:42:00,79.0
2025-06-12 10:16:00,73.4
2025-06-12 15:41:00,50.3160582227961
2025-06-12 03:59:00,8.5
2025-06-12 07:29:00,43.5
2025-06-12 13:20:00,50.3160582227961
2025-06-12 14:53:00,7.4
2025-06-12 00:13:00,29.6
2025-06-12 04:18:00,66.6
2025-06-12 06:24:00,66.4
2025-06-12 12:53:00,50.3160582227961
2025-06-12 00:39:00,50.3160582227961
2025-06-12 23:27:00,88.6
2025-06-12 09:14:00,50.3160582227961
2025-06-12 01:42:00,58.7
2025-06-12 00:25:00,69.6
2025-06-12 23:46:00,20.0
2025-06-12 20:35:00,93.4
2025-06-12 17:41:00,50.3160582227961
2025-06-12 12:51:00,26.9
2025-06-12 15:28:00,84.9
2025-06-12 08:56:00,50.3160582227961
2025-06-12 23:59:00,50.3160582227961
2025-06-12 12:06:00,73.1
2025-06-12 10:38:00,99.9
2025-06-12 10:27:00,22.6
2025-06-12 00:06:00,3.6
2025-06-12 05:57:00,25.9
2025-06-12 10:22:00,73.0
2025-06-12 09:07:00,74.9
2025-06-12 01:04:00,21.8
2025-06-12 19:39:00,96.3
2025-06-12 13:20:00,5.1
2025-06-12 08:03:00,89.9
2025-06-12 04:37:00,64.2
2025-06-12 20:16:00,15.3
2025-06-12 22:12:00,80.8
2025-06-12 18:50:00,86.8
2025-06-12 14:16:00,50.3160582227961
2025-06-12 06:33:00,28.7
2025-06-12 05:19:00,78.4
2025-06-12 13:24:00,50.3160582227961
2025-06-12 14:13:00,50.3160582227961
2025-06-12 21:00:00,51.4
2025-06-12 12:16:00,38.9
2025-06-12 16:54:00,55.7
2025-06-12 19:57:00,2.1
2025-06-12 06:52:00,50.3160582227961
2025-06-12 13:56:00,50.3160582227961
2025-06-12 19:02:00,3.0
2025-06-12 07:31:00,84.4
2025-06-12 12:22:00,4.9
2025-06-12 15:12:00,70.0
2025-06-12 00:14:00,15.2
2025-06-12 02:35:00,89.8
2025-06-12 20:44:00,33.9
2025-06-12 07:16:00,0.2
2025-06-12 21:05:00,48.2
2025-06-12 12:37:00,55.4
2025-06-12 08:32:00,50.3160582227961
2025-06-12 19:34:00,89.6
2025-06-12 14:22:00,87.6
2025-06-12 19:20:00,24.3
2025-06-12 01:49:00,34.8
2025-06-12 02:57:00,60.4
2025-06-12 07:02:00,97.0
2025-06-12 19:56:00,55.3
2025-06-12 21:19:00,99.4
2025-06-12 12:27:00,22.8
2025-06-12 18:57:00,50.3160582227961
2025-06-12 04:04:00,50.3160582227961
2025-06-12 15:13:00,71.8
2025-06-12 08:54:00,1.7
2025-06-12 00:43:00,2.3
2025-06-12 09:57:00,26.2
2025-06-12 06:54:00,16.9
2025-06-12 22:15:00,13.3
2025-06-12 00:55:00,0.2
2025-06-12 19:22:00,70.9
2025-06-12 06:20:00,47.2
2025-06-12 14:16:00,5.9
2025-06-12 07:52:00,66.9
2025-06-12 22:28:00,85.8
2025-06-12 16:13:00,92.1
2025-06-12 12:09:00,58.9
2025-06-12 21:24:00,99.9
2025-06-12 22:05:00,61.7
2025-06-12 07:55:00,25.1
2025-06-12 07:05:00,40.2
2025-06-12 15:36:00,75.9
2025-06-12 19:47:00,43.4
2025-06-12 00:32:00,96.8
2025-06-12 05:24:00,54.6
2025-06-12 04:43:00,42.5
2025-06-12 21:02:00,0.8
2025-06-12 20:53:00,65.0
2025-06-12 14:13:00,83.8
2025-06-12 01:11:00,65.2
2025-06-12 21:05:00,50.3160582227961
2025-06-12 11:40:00,21.6
2025-06-12 19:06:00,4.1
2025-06-12 10:28:00,46.1
2025-06-12 03:30:00,54.4
2025-06-12 17:55:00,27.9
2025-06-12 02:06:00,50.3160582227961
2025-06-12 19:29:00,50.3160582227961
2025-06-12 22:41:00,45.1
2025-06-12 10:15:00,31.2
2025-06-12 06:49:00,56.7
2025-06-12 01:23:00,70.7
2025-06-12 07:49:00,46.0
2025-06-12 01:58:00,48.0
2025-06-12 01:28:00,80.1
2025-06-12 14:35:00,50.3160582227961
2025-06-12 08:23:00,8.7
2025-06-12 13:11:00,19.6
2025-06-12 18:24:00,2.4
2025-06-12 02:26:00,44.1
2025-06-12 19:38:00,80.3
2025-06-12 15:30:00,50.3160582227961
2025-06-12 22:59:00,78.2
2025-06-12 03:57:00,31.2
2025-06-12 11:08:00,44.4
2025-06-12 21:57:00,20.5
2025-06-12 16:08:00,50.3160582227961
2025-06-12 15:54:00,77.6
2025-06-12 18:44:00,55.4
2025-06-12 20:56:00,85.6
2025-06-12 20:29:00,50.3160582227961
2025-06-12 14:44:00,19.7
2025-06-12 15:38:00,46.1
2025-06-12 20:15:00,88.0
2025-06-12 23:30:00,95.9
2025-06-12 00:28:00,50.3160582227961
2025-06-12 11:09:00,70.1
2025-06-12 04:45:00,98.5
2025-06-12 05:30:00,19.9
2025-06-12 20:07:00,95.0
2025-06-12 10:01:00,50.3160582227961
2025-06-12 16:55:00,50.3160582227961
2025-06-12 05:25:00,90.6
2025-06-12 17:11:00,7.8
2025-06-12 06:44:00,34.2
2025-06-12 23:48:00,1.2
2025-06-12 04:15:00,50.3160582227961
2025-06-12 06:14:00,58.2
2025-06-12 14:43:00,46.9
2025-06-12 11:43:00,50.3160582227961
2025-06-12 21:26:00,96.4
2025-06-12 02:19:00,68.6
2025-06-12 08:02:00,89.0
2025-06-12 09:32:00,51.9
2025-06-12 05:21:00,18.5
2025-06-12 00:13:00,80.6
2025-06-12 09:44:00,30.1
2025-06-12 20:39:00,98.6
2025-06-12 05:03:00,89.6
2025-06-12 22:14:00,16.2
2025-06-12 22:05:00,40.9
2025-06-12 20:21:00,2.2
2025-06-12 22:12:00,68.4
2025-06-12 19:05:00,96.1
2025-06-12 16:25:00,71.0
2025-06-12 02:42:00,92.1
2025-06-12 22:52:00,64.4
2025-06-12 03:53:00,7.1
2025-06-12 20:58:00,3.5
2025-06-12 21:48:00,32.4
2025-06-12 12:34:00,33.7
2025-06-12 19:25:00,3.9
2025-06-12 04:38:00,50.3160582227961
2025-06-12 17:09:00,7.9
2025-06-12 19:36:00,33.8
2025-06-12 13:48:00,26.4
2025-06-12 10:46:00,3.8
2025-06-12 13:58:00,45.7
2025-06-12 11:35:00,50.3160582227961
2025-06-12 05:50:00,41.6
2025-06-12 23:48:00,75.1
2025-06-12 06:07:00,50.3160582227961
2025-06-12 10:02:00,77.4
2025-06-12 10:47:00,50.3160582227961
2025-06-12 01:01:00,98.2
2025-06-12 12:30:00,20.0
2025-06-12 04:42:00,20.0
2025-06-12 21:23:00,50.3160582227961
2025-06-12 23:32:00,6.8
2025-06-12 09:35:00,98.2
2025-06-12 10:51:00,53.5
2025-06-12 23:15:00,11.1
2025-06-12 01:06:00,88.1
2025-06-12 10:07:00,16.6
2025-06-12 01:59:00,88.5
2025-06-12 18:34:00,89.8
2025-06-12 14:51:00,94.6
2025-06-12 15:55:00,66.5
2025-06-12 03:47:00,25.4
2025-06-12 16:16:00,63.1
2025-06-12 09:56:00,63.8
2025-06-12 14:37:00,32.3
2025-06-12 18:13:00,50.3160582227961
2025-06-12 17:15:00,88.2
2025-06-12 20:15:00,10.2
2025-06-12 03:31:00,39.9
2025-06-12 15:03:00,85.9
2025-06-12 20:27:00,93.6
2025-06-12 02:45:00,81.0
2025-06-12 20:13:00,18.5
2025-06-12 10:32:00,45.8
2025-06-12 12:24:00,47.1
2025-06-12 18:57:00,5.9
2025-06-12 04:11:00,55.7
2025-06-12 06:45:00,39.7
2025-06-12 20:05:00,88.6
2025-06-12 21:06:00,50.3160582227961
2025-06-12 23:56:00,11.8
2025-06-12 08:31:00,46.2
2025-06-12 13:29:00,25.1
2025-06-12 19:07:00,93.0
2025-06-12 10:22:00,50.3160582227961
2025-06-12 23:50:00,47.1
2025-06-12 08:13:00,71.6
2025-06-12 00:26:00,65.1
2025-06-12 06:13:00,96.8
2025-06-12 10:13:00,78.2
2025-06-12 01:27:00,27.9
2025-06-12 23:12:00,95.7
2025-06-12 02:28:00,3.0
2025-06-12 18:06:00,61.5
2025-06-12 14:46:00,8.7
2025-06-12 09:13:00,30.7
2025-06-12 05:25:00,4.4
2025-06-12 05:40:00,74.8
2025-06-12 04:54:00,27.7
2025-06-12 15:13:00,55.5
2025-06-12 20:48:00,37.1
2025-06-12 17:47:00,50.3
2025-06-12 12:08:00,73.4
2025-06-12 05:32:00,50.3160582227961
2025-06-12 11:21:00,62.7
2025-06-12 14:29:00,47.8
2025-06-12 00:12:00,78.8
2025-06-12 16:06:00,47.4
2025-06-12 08:22:00,39.7
2025-06-12 13:18:00,96.7
2025-06-12 03:09:00,52.4
2025-06-12 05:00:00,83.6
2025-06-12 17:44:00,70.1
2025-06-12 20:12:00,35.9
2025-06-12 04:00:00,28.0
2025-06-12 06:38:00,35.2
2025-06-12 07:15:00,5.6
2025-06-12 14:18:00,45.4
2025-06-12 08:28:00,83.2
2025-06-12 08:28:00,57.9
2025-06-12 12:17:00,13.9
2025-06-12 05:20:00,50.3160582227961
2025-06-12 04:35:00,35.9
2025-06-12 23:40:00,52.6
2025-06-12 08:52:00,38.8
2025-06-12 23:16:00,80.9
2025-06-12 14:10:00,27.4
2025-06-12 08:17:00,1.0
2025-06-12 09:37:00,56.9
2025-06-12 03:45:00,93.7
2025-06-12 05:30:00,50.3160582227961
2025-06-12 11:20:00,50.4
2025-06-12 12:29:00,18.0
2025-06-12 20:31:00,63.6
2025-06-12 05:39:00,91.6
2025-06-12 11:52:00,86.2
2025-06-12 20:11:00,50.3160582227961
2025-06-12 12:01:00,30.8
2025-06-12 01:21:00,82.3
2025-06-12 06:43:00,7.6
2025-06-12 03:46:00,86.8
2025-06-12 14:24:00,76.9
2025-06-12 03:11:00,49.3
2025-06-12 09:23:00,36.6
2025-06-12 02:48:00,78.9
2025-06-12 23:12:00,67.4
2025-06-12 21:55:00,77.3
2025-06-12 14:58:00,26.4
2025-06-12 21:04:00,14.0
2025-06-12 21:12:00,32.7
2025-06-12 21:08:00,47.1
2025-06-12 12:23:00,87.6
2025-06-12 14:07:00,67.4
2025-06-12 08:22:00,78.1
2025-06-12 05:48:00,51.6
2025-06-12 08:30:00,37.5
2025-06-12 20:25:00,86.7
2025-06-12 08:56:00,78.2
2025-06-12 23:55:00,86.7
2025-06-12 17:25:00,56.1
2025-06-12 14:08:00,33.4
2025-06-12 23:51:00,55.9
2025-06-12 04:55:00,56.3
2025-06-12 09:31:00,50.3160582227961
2025-06-12 03:08:00,64.5
2025-06-12 21:08:00,84.4
2025-06-12 02:55:00,50.3160582227961
2025-06-12 14:29:00,57.9
2025-06-12 15:56:00,88.5
2025-06-12 19:06:00,51.6
2025-06-12 04:53:00,89.1
2025-06-12 05:57:00,50.3160582227961
2025-06-12 10:13:00,83.9
2025-06-12 19:22:00,50.3160582227961
2025-06-12 10:03:00,40.1
2025-06-12 00:50:00,30.8
2025-06-12 18:11:00,36.4
2025-06-12 06:59:00,42.5
2025-06-12 15:50:00,27.1
2025-06-12 22:17:00,1.0
2025-06-12 12:52:00,74.5
2025-06-12 08:44:00,24.8
2025-06-12 06:44:00,13.8
2025-06-12 09:10:00,99.6
2025-06-12 22:44:00,83.7
2025-06-12 20:56:00,77.9
2025-06-12 14:03:00,72.5
2025-06-12 06:16:00,89.5
2025-06-12 16:27:00,35.7
2025-06-12 08:04:00,21.1
2025-06-12 13:24:00,78.2
2025-06-12 17:41:00,53.7
2025-06-12 17:13:00,78.2
2025-06-12 11:37:00,42.7
2025-06-12 09:53:00,92.3
2025-06-12 18:22:00,20.3
2025-06-12 05:45:00,16.9
2025-06-12 03:49:00,24.1
2025-06-12 18:26:00,35.0
2025-06-12 16:40:00,86.6
2025-06-12 04:00:00,19.1
2025-06-12 21:47:00,75.7
2025-06-12 06:00:00,33.4
2025-06-12 13:41:00,37.7
2025-06-12 18:57:00,23.1
2025-06-12 10:59:00,60.8
2025-06-12 09:11:00,82.2
2025-06-12 16:37:00,53.3
2025-06-12 10:44:00,50.04954009433962
2025-06-12 20:33:00,4.3
2025-06-12 14:43:00,87.4
2025-06-12 16:58:00,5.8
2025-06-12 22:16:00,97.1
2025-06-12 16:48:00,27.4
2025-06-12 16:26:00,21.3
2025-06-12 19:28:00,94.4
2025-06-12 22:59:00,27.4
2025-06-12 14:48:00,50.04954009433962
2025-06-12 03:55:00,11.9
2025-06-12 05:50:00,96.8
2025-06-12 05:15:00,75.6
2025-06-12 07:15:00,82.4
2025-06-12 03:34:00,36.3
2025-06-12 23:07:00,76.4
2025-06-12 22:57:00,30.2
2025-06-12 08:41:00,72.7
2025-06-12 09:52:00,76.6
2025-06-12 09:47:00,50.04954009433962
2025-06-12 02:03:00,94.3
2025-06-12 01:07:00,24.7
2025-06-12 23:05:00,94.6
2025-06-12 23:49:00,75.5
2025-06-12 07:43:00,4.4
2025-06-12 13:28:00,96.8
2025-06-12 01:57:00,50.04954009433962
2025-06-12 08:41:00,8.4
2025-06-12 04:20:00,74.1
2025-06-12 10:01:00,69.7
2025-06-12 14:40:00,14.5
2025-06-12 13:50:00,5.1
2025-06-12 02:09:00,31.9
2025-06-12 15:41:00,15.4
2025-06-12 07:17:00,79.9
2025-06-12 18:11:00,33.9
2025-06-12 18:03:00,49.9
2025-06-12 06:13:00,60.5
2025-06-12 21:53:00,98.9
2025-06-12 18:04:00,42.1
2025-06-12 17:46:00,24.2
2025-06-12 15:55:00,50.04954009433962
2025-06-12 11:16:00,10.6
2025-06-12 02:22:00,61.5
2025-06-12 01:43:00,19.2
2025-06-12 15:38:00,50.04954009433962
2025-06-12 22:27:00,10.3
2025-06-12 17:48:00,66.7
2025-06-12 15:58:00,20.5
2025-06-12 08:07:00,58.6
2025-06-12 09:27:00,14.6
2025-06-12 07:18:00,47.1
2025-06-12 22:35:00,34.0
2025-06-12 14:51:00,79.6
2025-06-12 12:54:00,2.5
2025-06-12 05:50:00,50.04954009433962
2025-06-12 05:30:00,15.8
2025-06-12 15:00:00,68.9
2025-06-12 08:24:00,50.04954009433962
2025-06-12 05:06:00,33.7
2025-06-12 02:42:00,67.1
2025-06-12 03:41:00,50.04954009433962
2025-06-12 03:52:00,38.9
2025-06-12 04:28:00,50.04954009433962
2025-06-12 16:45:00,89.1
2025-06-12 12:21:00,4.9
2025-06-12 05:59:00,97.3
2025-06-12 23:31:00,50.04954009433962
2025-06-12 20:52:00,78.0
2025-06-12 03:47:00,78.2
2025-06-12 04:13:00,90.9
2025-06-12 03:56:00,31.2
2025-06-12 13:43:00,40.6
2025-06-12 12:04:00,45.8
2025-06-12 23:55:00,91.2
2025-06-12 20:04:00,45.1
2025-06-12 07:34:00,92.5
2025-06-12 06:01:00,88.5
2025-06-12 12:03:00,50.04954009433962
2025-06-12 12:21:00,54.8
2025-06-12 21:13:00,16.7
2025-06-12 01:55:00,22.6
2025-06-12 14:19:00,49.0
2025-06-12 05:55:00,54.0
2025-06-12 14:24:00,77.3
2025-06-12 14:31:00,80.7
2025-06-12 16:44:00,55.1
2025-06-12 14:48:00,49.3
2025-06-12 04:10:00,50.04954009433962
2025-06-12 03:56:00,52.4
2025-06-12 19:58:00,53.7
2025-06-12 10:09:00,61.7
2025-06-12 14:08:00,35.6
2025-06-12 22:08:00,55.7
2025-06-12 08:45:00,0.4
2025-06-12 00:46:00,50.6
2025-06-12 22:27:00,42.3
2025-06-12 14:05:00,19.1
2025-06-12 07:31:00,96.9
2025-06-12 23:16:00,82.4
2025-06-12 22:12:00,66.5
2025-06-12 11:03:00,8.0
2025-06-12 05:03:00,98.1
2025-06-12 13:11:00,90.1
2025-06-12 23:20:00,58.1
2025-06-12 00:37:00,9.7
2025-06-12 06:11:00,1.9
2025-06-12 07:14:00,53.5
2025-06-12 01:34:00,94.6
2025-06-12 02:46:00,18.7
2025-06-12 02:36:00,50.04954009433962
2025-06-12 01:46:00,98.5
2025-06-12 10:25:00,50.04954009433962
2025-06-12 04:37:00,36.0
2025-06-12 00:43:00,42.3
2025-06-12 02:14:00,12.5
2025-06-12 00:02:00,29.4
2025-06-12 08:09:00,50.04954009433962
2025-06-12 17:52:00,78.9
2025-06-12 07:56:00,94.3
2025-06-12 00:24:00,86.3
2025-06-12 05:28:00,50.04954009433962
2025-06-12 03:33:00,32.5
2025-06-12 06:04:00,50.04954009433962
2025-06-12 01:20:00,50.04954009433962
2025-06-12 19:55:00,91.7
2025-06-12 13:34:00,38.9
2025-06-12 20:20:00,31.9
2025-06-12 05:17:00,58.6
2025-06-12 07:43:00,50.1
2025-06-12 05:23:00,35.6
2025-06-12 09:30:00,86.7
2025-06-12 16:06:00,1.8
2025-06-12 19:49:00,96.6
2025-06-12 10:23:00,32.5
2025-06-12 11:26:00,77.2
2025-06-12 08:36:00,80.8
2025-06-12 00:31:00,34.6
2025-06-12 23:12:00,47.3
2025-06-12 21:12:00,21.7
2025-06-12 12:53:00,31.7
2025-06-12 08:29:00,24.5
2025-06-12 17:09:00,2.2
2025-06-12 19:21:00,87.5
2025-06-12 01:32:00,19.5
2025-06-12 10:47:00,52.5
2025-06-12 02:38:00,72.3
2025-06-12 23:30:00,9.4
2025-06-12 03:08:00,40.9
2025-06-12 11:06:00,89.6
2025-06-12 16:39:00,34.1
2025-06-12 09:06:00,67.4
2025-06-12 21:50:00,98.2
2025-06-12 03:45:00,60.7
2025-06-12 18:20:00,75.4
2025-06-12 00:41:00,42.8
2025-06-12 07:03:00,56.5
2025-06-12 18:17:00,54.1
2025-06-12 15:40:00,44.0
2025-06-12 07:31:00,84.0
2025-06-12 06:45:00,46.7
2025-06-12 17:59:00,96.2
2025-06-12 01:25:00,97.2
2025-06-12 08:00:00,17.9
2025-06-12 22:51:00,50.04954009433962
2025-06-12 09:40:00,9.7
2025-06-12 21:10:00,97.1
2025-06-12 20:41:00,60.7
2025-06-12 15:11:00,6.4
2025-06-12 22:30:00,58.8
2025-06-12 13:09:00,82.5
2025-06-12 21:44:00,59.0
2025-06-12 04:52:00,70.9
2025-06-12 00:41:00,99.7
2025-06-12 00:48:00,25.1
2025-06-12 07:14:00,46.4
2025-06-12 13:29:00,65.3
2025-06-12 09:16:00,82.7
2025-06-12 12:16:00,21.9
2025-06-12 20:36:00,50.04954009433962
2025-06-12 06:39:00,69.4
2025-06-12 07:48:00,6.6
2025-06-12 15:36:00,91.8
2025-06-12 07:31:00,50.04954009433962
2025-06-12 20:24:00,97.5
2025-06-12 20:18:00,56.4
2025-06-12 04:56:00,80.2
2025-06-12 07:10:00,50.04954009433962
2025-06-12 23:19:00,25.1
2025-06-12 09:58:00,68.1
2025-06-12 07:33:00,36.1
2025-06-12 02:40:00,0.1
2025-06-12 21:42:00,50.04954009433962
2025-06-12 03:48:00,48.5
2025-06-12 10:45:00,32.0
2025-06-12 16:01:00,76.3
2025-06-12 10:15:00,26.1
2025-06-12 11:42:00,98.9
2025-06-12 04:39:00,44.8
2025-06-12 14:03:00,35.9
2025-06-12 03:56:00,50.04954009433962
2025-06-12 11:34:00,15.6
2025-06-12 15:49:00,20.7
2025-06-12 11:34:00,73.2
2025-06-12 23:22:00,50.04954009433962
2025-06-12 19:54:00,50.04954009433962
2025-06-12 08:02:00,64.4
2025-06-12 08:04:00,34.9
2025-06-12 05:20:00,86.0
2025-06-12 17:09:00,50.04954009433962
2025-06-12 09:07:00,19.5
2025-06-12 06:17:00,33.9
2025-06-12 00:15:00,57.7
2025-06-12 21:13:00,8.4
2025-06-12 12:20:00,85.6
2025-06-12 00:14:00,50.04954009433962
2025-06-12 21:19:00,58.4
2025-06-12 17:45:00,50.04954009433962
2025-06-12 21:48:00,31.0
2025-06-12 06:55:00,59.8
2025-06-12 05:28:00,54.9
2025-06-12 06:51:00,57.6
2025-06-12 12:49:00,9.8
2025-06-12 22:57:00,91.0
2025-06-12 07:02:00,65.7
2025-06-12 21:06:00,50.04954009433962
2025-06-12 07:26:00,7.1
2025-06-12 14:37:00,42.6
2025-06-12 09:02:00,84.9
2025-06-12 18:45:00,41.3
2025-06-12 11:54:00,36.1
2025-06-12 10:20:00,77.8
2025-06-12 07:59:00,20.1
2025-06-12 14:42:00,76.4
2025-06-12 07:06:00,34.4
2025-06-12 02:53:00,30.8
2025-06-12 15:07:00,97.5
2025-06-12 04:00:00,82.2
2025-06-12 03:25:00,41.4
2025-06-12 17:48:00,62.5
2025-06-12 09:29:00,83.0
2025-06-12 14:36:00,59.0
2025-06-12 20:09:00,46.4
2025-06-12 22:47:00,18.5
2025-06-12 10:13:00,85.3
2025-06-12 00:53:00,74.8
2025-06-12 18:59:00,42.8
2025-06-12 23:44:00,50.04954009433962
2025-06-12 14:27:00,34.9
2025-06-12 15:24:00,61.7
2025-06-12 15:47:00,50.04954009433962
2025-06-12 16:15:00,61.9
2025-06-12 07:27:00,50.04954009433962
2025-06-12 06:18:00,5.2
2025-06-12 19:41:00,2.4
2025-06-12 07:20:00,30.6
2025-06-12 16:48:00,95.2
2025-06-12 09:28:00,26.9
2025-06-12 05:47:00,50.04954009433962
2025-06-12 13:41:00,2.2
2025-06-12 21:47:00,11.8
2025-06-12 14:23:00,21.3
2025-06-12 06:05:00,32.6
2025-06-12 19:57:00,51.6
2025-06-12 21:51:00,50.04954009433962
2025-06-12 09:05:00,11.0
2025-06-12 08:50:00,50.04954009433962
2025-06-12 02:12:00,39.7
2025-06-12 19:55:00,57.0
2025-06-12 20:58:00,27.4
2025-06-12 19:39:00,26.6
2025-06-12 15:14:00,50.04954009433962
2025-06-12 21:51:00,32.2
2025-06-12 10:02:00,31.8
2025-06-12 05:20:00,7.9
2025-06-12 20:16:00,77.4
2025-06-12 06:39:00,31.1
2025-06-12 02:03:00,18.4
2025-06-12 21:29:00,47.8
2025-06-12 21:37:00,2.1
2025-06-12 03:34:00,28.2
2025-06-12 19:51:00,8.2
2025-06-12 18:29:00,50.04954009433962
2025-06-12 14:30:00,67.7
2025-06-12 03:09:00,20.1
2025-06-12 20:34:00,16.2
2025-06-12 13:42:00,50.04954009433962
2025-06-12 04:22:00,60.6
2025-06-12 03:37:00,54.5
2025-06-12 20:43:00,0.6
2025-06-12 23:42:00,77.6
2025-06-12 19:29:00,50.04954009433962
2025-06-12 00:00:00,26.5
2025-06-12 17:40:00,31.6
2025-06-12 13:35:00,88.8
2025-06-12 20:33:00,17.7
2025-06-12 08:42:00,55.6
2025-06-12 15:36:00,65.8
2025-06-12 16:17:00,73.7
2025-06-12 02:28:00,35.8
2025-06-12 15:53:00,25.5
2025-06-12 00:52:00,23.6
2025-06-12 21:28:00,50.04954009433962
2025-06-12 00:21:00,48.8
2025-06-12 18:15:00,77.7
2025-06-12 08:59:00,78.4
2025-06-12 20:11:00,92.2
2025-06-12 22:15:00,26.9
2025-06-12 01:26:00,85.2
2025-06-12 02:43:00,61.3
2025-06-12 19:58:00,32.9
2025-06-12 19:52:00,6.6
2025-06-12 20:14:00,1.5
2025-06-12 18:40:00,76.0
2025-06-12 01:44:00,7.7
2025-06-12 09:13:00,50.04954009433962
2025-06-12 02:08:00,27.8
2025-06-12 09:48:00,27.2
2025-06-12 20:41:00,4.9
2025-06-12 19:43:00,50.04954009433962
2025-06-12 14:17:00,36.2
2025-06-12 20:20:00,50.04954009433962
2025-06-12 09:02:00,73.9
2025-06-12 04:17:00,4.4
2025-06-12 16:03:00,77.4
2025-06-12 01:18:00,50.06682414078186
2025-06-12 10:44:00,93.5
2025-06-12 10:01:00,20.7
2025-06-12 03:10:00,90.9
2025-06-12 06:40:00,46.4
2025-06-12 21:08:00,68.0
2025-06-12 03:50:00,9.8
2025-06-12 11:39:00,41.7
2025-06-12 02:01:00,50.06682414078186
2025-06-12 07:32:00,72.5
2025-06-12 21:02:00,82.0
2025-06-12 21:29:00,29.5
2025-06-12 07:59:00,61.1
2025-06-12 13:14:00,95.4
2025-06-12 00:30:00,91.8
2025-06-12 15:36:00,50.06682414078186
2025-06-12 02:49:00,50.06682414078186
2025-06-12 02:15:00,12.3
2025-06-12 05:33:00,62.3
2025-06-12 08:36:00,13.4
2025-06-12 19:30:00,22.7
2025-06-12 08:10:00,79.4
2025-06-12 19:32:00,36.6
2025-06-12 22:28:00,66.8
2025-06-12 12:37:00,25.1
2025-06-12 05:14:00,3.4
2025-06-12 14:45:00,50.06682414078186
2025-06-12 11:33:00,87.2
2025-06-12 15:31:00,76.2
2025-06-12 18:02:00,80.2
2025-06-12 04:15:00,35.9
2025-06-12 20:12:00,50.06682414078186
2025-06-12 00:00:00,15.8
2025-06-12 20:37:00,12.0
2025-06-12 04:34:00,94.6
2025-06-12 07:08:00,70.5
2025-06-12 05:51:00,33.0
2025-06-12 08:04:00,80.7
2025-06-12 11:31:00,10.2
2025-06-12 05:53:00,84.7
2025-06-12 07:25:00,40.0
2025-06-12 21:43:00,89.6
2025-06-12 16:00:00,51.9
2025-06-12 01:27:00,64.0
2025-06-12 22:31:00,16.2
2025-06-12 13:15:00,25.7
2025-06-12 14:25:00,82.4
2025-06-12 22:41:00,50.06682414078186
2025-06-12 03:08:00,40.0
2025-06-12 11:34:00,22.4
2025-06-12 06:35:00,62.9
2025-06-12 00:47:00,50.6
2025-06-12 19:58:00,92.1
2025-06-12 14:28:00,68.6
2025-06-12 13:42:00,52.8
2025-06-12 07:15:00,7.5
2025-06-12 19:24:00,82.0
2025-06-12 04:14:00,7.3
2025-06-12 20:08:00,19.9
2025-06-12 19:14:00,48.1
2025-06-12 22:41:00,28.5
2025-06-12 18:52:00,15.6
2025-06-12 02:14:00,95.6
2025-06-12 15:55:00,92.8
2025-06-12 16:39:00,50.06682414078186
2025-06-12 00:01:00,50.06682414078186
2025-06-12 01:06:00,52.7
2025-06-12 03:54:00,38.2
2025-06-12 16:28:00,50.06682414078186
2025-06-12 17:02:00,90.1
2025-06-12 01:51:00,75.5
2025-06-12 13:17:00,39.3
2025-06-12 10:47:00,50.06682414078186
2025-06-12 00:36:00,50.06682414078186
2025-06-12 12:22:00,69.8
2025-06-12 02:58:00,70.2
2025-06-12 01:31:00,19.9
2025-06-12 00:04:00,52.2
2025-06-12 21:07:00,27.8
2025-06-12 09:43:00,79.1
2025-06-12 03:10:00,50.06682414078186
2025-06-12 22:26:00,71.5
2025-06-12 14:09:00,4.0
2025-06-12 20:12:00,93.6
2025-06-12 20:35:00,41.4
2025-06-12 20:26:00,50.06682414078186
2025-06-12 06:45:00,7.2
2025-06-12 05:36:00,18.6
2025-06-12 20:54:00,64.1
2025-06-12 18:55:00,50.2
2025-06-12 00:39:00,15.0
2025-06-12 04:09:00,89.9
2025-06-12 13:56:00,69.5
2025-06-12 12:22:00,44.0
2025-06-12 13:58:00,95.0
2025-06-12 05:42:00,1.2
2025-06-12 13:53:00,46.3
2025-06-12 16:16:00,50.06682414078186
2025-06-12 15:16:00,97.5
2025-06-12 09:38:00,70.5
2025-06-12 10:13:00,10.7
2025-06-12 15:04:00,22.3
2025-06-12 14:17:00,97.4
2025-06-12 08:09:00,70.9
2025-06-12 09:32:00,50.06682414078186
2025-06-12 13:26:00,98.9
2025-06-12 12:50:00,9.8
2025-06-12 04:10:00,22.4
2025-06-12 06:26:00,26.7
2025-06-12 13:32:00,77.9
2025-06-12 00:38:00,1.9
2025-06-12 06:35:00,2.2
2025-06-12 06:18:00,50.06682414078186
2025-06-12 11:30:00,14.1
2025-06-12 19:35:00,47.7
2025-06-12 08:27:00,87.0
2025-06-12 23:30:00,12.9
2025-06-12 07:13:00,7.0
2025-06-12 07:32:00,82.3
2025-06-12 19:17:00,12.1
2025-06-12 03:58:00,64.3
2025-06-12 06:41:00,50.06682414078186
2025-06-12 10:19:00,74.1
2025-06-12 19:47:00,43.5
2025-06-12 11:36:00,47.9
2025-06-12 14:47:00,92.5
2025-06-12 12:22:00,22.6
2025-06-12 11:56:00,80.3
2025-06-12 10:36:00,67.8
2025-06-12 06:33:00,99.1
2025-06-12 16:25:00,10.9
2025-06-12 09:57:00,40.2
2025-06-12 08:20:00,99.3
2025-06-12 01:05:00,19.1
2025-06-12 19:14:00,26.5
2025-06-12 06:15:00,24.9
2025-06-12 16:57:00,31.4
2025-06-12 20:39:00,57.7
2025-06-12 14:44:00,84.5
2025-06-12 07:34:00,50.06682414078186
2025-06-12 02:33:00,76.8
2025-06-12 06:47:00,80.4
2025-06-12 23:49:00,57.5
2025-06-12 22:57:00,50.06682414078186
2025-06-12 22:46:00,39.8
2025-06-12 07:01:00,35.1
2025-06-12 00:24:00,17.8
2025-06-12 12:29:00,63.7
2025-06-12 03:03:00,46.6
2025-06-12 06:29:00,47.9
2025-06-12 10:16:00,22.9
2025-06-12 11:53:00,30.7
2025-06-12 17:03:00,29.8
2025-06-12 06:25:00,88.6
2025-06-12 16:10:00,21.2
2025-06-12 22:55:00,2.5
2025-06-12 07:14:00,43.3
2025-06-12 18:04:00,50.06682414078186
2025-06-12 13:32:00,28.4
2025-06-12 00:31:00,50.06682414078186
2025-06-12 06:32:00,96.3
2025-06-12 00:49:00,50.3
2025-06-12 15:59:00,50.06682414078186
2025-06-12 10:13:00,49.7
2025-06-12 22:06:00,10.5
2025-06-12 13:50:00,30.9
2025-06-12 07:14:00,85.4
2025-06-12 22:57:00,19.0
2025-06-12 04:44:00,6.4
2025-06-12 05:31:00,87.1
2025-06-12 08:58:00,9.9
2025-06-12 03:36:00,70.9
2025-06-12 00:39:00,16.5
2025-06-12 10:42:00,19.6
2025-06-12 09:38:00,50.06682414078186
2025-06-12 17:39:00,96.0
2025-06-12 02:56:00,89.2
2025-06-12 02:10:00,92.6
2025-06-12 17:58:00,14.1
2025-06-12 19:12:00,35.1
2025-06-12 05:53:00,43.0
2025-06-12 03:38:00,60.8
2025-06-12 08:07:00,52.7
2025-06-12 10:13:00,3.6
2025-06-12 13:31:00,78.4
2025-06-12 01:12:00,50.06682414078186
2025-06-12 05:46:00,50.06682414078186
2025-06-12 19:41:00,88.2
2025-06-12 02:40:00,64.7
2025-06-12 01:36:00,30.1
2025-06-12 12:00:00,80.3
2025-06-12 15:44:00,38.8
2025-06-12 03:42:00,28.7
2025-06-12 16:32:00,54.9
2025-06-12 01:46:00,79.1
2025-06-12 18:22:00,5.3
2025-06-12 08:27:00,78.6
2025-06-12 13:30:00,50.06682414078186
2025-06-12 00:35:00,9.2
2025-06-12 00:08:00,64.2
2025-06-12 11:36:00,11.5
2025-06-12 18:14:00,87.3
2025-06-12 01:24:00,39.0
2025-06-12 21:56:00,21.4
2025-06-12 16:59:00,5.0
2025-06-12 20:15:00,6.0
2025-06-12 03:45:00,86.8
2025-06-12 05:32:00,82.9
2025-06-12 11:14:00,27.1
2025-06-12 07:18:00,72.1
2025-06-12 18:46:00,41.7
2025-06-12 23:03:00,47.5
2025-06-12 22:31:00,29.7
2025-06-12 22:18:00,11.9
2025-06-12 12:18:00,50.0
2025-06-12 13:24:00,48.6
2025-06-12 10:39:00,32.4
2025-06-12 06:17:00,71.4
2025-06-12 18:12:00,60.5
2025-06-12 05:10:00,41.8
2025-06-12 00:16:00,4.4
2025-06-12 21:11:00,79.9
2025-06-12 06:08:00,38.7
2025-06-12 00:23:00,93.2
2025-06-12 22:37:00,5.3
2025-06-12 13:29:00,98.2
2025-06-12 15:09:00,92.0
2025-06-12 07:56:00,93.2
2025-06-12 17:45:00,52.9
2025-06-12 10:34:00,65.7
2025-06-12 13:50:00,54.8
2025-06-12 08:45:00,68.9
2025-06-12 20:44:00,14.3
2025-06-12 18:55:00,96.3
2025-06-12 16:54:00,50.06682414078186
2025-06-12 22:47:00,31.8
2025-06-12 09:46:00,50.06682414078186
2025-06-12 04:38:00,84.9
2025-06-12 11:06:00,71.0
2025-06-12 12:32:00,50.06682414078186
2025-06-12 04:44:00,48.2
2025-06-12 16:42:00,78.7
2025-06-12 02:37:00,8.1
2025-06-12 03:21:00,50.06682414078186
2025-06-12 22:46:00,72.3
2025-06-12 01:13:00,58.0
2025-06-12 03:18:00,41.1
2025-06-12 03:29:00,50.06682414078186
2025-06-12 16:45:00,30.3
2025-06-12 05:14:00,50.06682414078186
2025-06-12 00:55:00,29.8
2025-06-12 02:17:00,47.9
2025-06-12 15:30:00,41.1
2025-06-12 15:22:00,50.06682414078186
2025-06-12 13:26:00,56.0
2025-06-12 03:26:00,98.4
2025-06-12 23:29:00,64.6
2025-06-12 19:59:00,50.06682414078186
2025-06-12 09:20:00,77.4
2025-06-12 11:41:00,50.06682414078186
2025-06-12 21:57:00,71.5
2025-06-12 17:17:00,71.9
2025-06-12 11:36:00,17.8
2025-06-12 09:32:00,54.2
2025-06-12 03:50:00,64.5
2025-06-12 10:44:00,34.6
2025-06-12 07:06:00,28.9
2025-06-12 06:20:00,59.4
2025-06-12 15:22:00,50.06682414078186
2025-06-12 14:37:00,50.06682414078186
2025-06-12 08:13:00,21.4
2025-06-12 23:27:00,52.3
2025-06-12 04:47:00,55.9
2025-06-12 00:59:00,92.5
2025-06-12 22:54:00,13.8
2025-06-12 12:35:00,98.9
2025-06-12 21:05:00,50.06682414078186
2025-06-12 10:44:00,8.0
2025-06-12 03:02:00,11.7
2025-06-12 18:27:00,40.1
2025-06-12 18:33:00,56.6
2025-06-12 14:18:00,50.06682414078186
2025-06-12 08:47:00,42.7
2025-06-12 06:51:00,17.1
2025-06-12 15:40:00,81.0
2025-06-12 12:48:00,40.2
2025-06-12 00:46:00,21.1
2025-06-12 04:41:00,90.1
2025-06-12 05:53:00,69.6
2025-06-12 04:48:00,78.9
2025-06-12 03:04:00,60.0
2025-06-12 20:01:00,54.6
2025-06-12 22:05:00,43.9
2025-06-12 05:04:00,4.4
2025-06-12 02:02:00,42.9
2025-06-12 11:35:00,51.6
2025-06-12 08:21:00,32.3
2025-06-12 04:13:00,81.7
2025-06-12 23:41:00,14.0
2025-06-12 18:56:00,72.1
2025-06-12 08:11:00,13.5
2025-06-12 15:54:00,64.7
2025-06-12 14:14:00,52.8
2025-06-12 07:34:00,92.4
2025-06-12 18:40:00,90.8
2025-06-12 21:40:00,76.2
2025-06-12 07:40:00,27.3
2025-06-12 09:25:00,99.6
2025-06-12 00:43:00,95.1
2025-06-12 19:52:00,50.06682414078186
2025-06-12 23:42:00,26.8
2025-06-12 20:20:00,20.0
2025-06-12 09:58:00,4.2
2025-06-12 10:43:00,63.8
2025-06-12 07:06:00,22.2
2025-06-12 03:52:00,55.9
2025-06-12 11:02:00,53.7
2025-06-12 15:55:00,40.7
2025-06-12 00:41:00,40.7
2025-06-12 01:17:00,49.6
2025-06-12 06:43:00,30.2
2025-06-12 09:26:00,1.7
2025-06-12 16:19:00,50.06682414078186
2025-06-12 18:54:00,17.8
2025-06-12 06:31:00,92.7
2025-06-12 21:54:00,85.2
2025-06-12 04:04:00,54.2
2025-06-12 04:09:00,35.0
2025-06-12 07:50:00,23.4
2025-06-12 14:53:00,16.9
2025-06-12 20:30:00,69.2
2025-06-12 03:20:00,49.378098152289034
2025-06-12 15:04:00,39.7
2025-06-12 18:04:00,94.1
2025-06-12 20:58:00,39.6
2025-06-12 12:59:00,45.6
2025-06-12 06:58:00,49.378098152289034
2025-06-12 02:53:00,37.0
2025-06-12 04:42:00,49.378098152289034
2025-06-12 14:16:00,35.5
2025-06-12 10:29:00,49.378098152289034
2025-06-12 01:10:00,41.1
2025-06-12 20:37:00,31.6
2025-06-12 06:11:00,4.2
2025-06-12 21:32:00,39.7
2025-06-12 03:28:00,49.378098152289034
2025-06-12 15:14:00,49.378098152289034
2025-06-12 19:29:00,88.0
2025-06-12 02:59:00,4.3
2025-06-12 15:09:00,49.378098152289034
2025-06-12 20:12:00,81.5
2025-06-12 08:58:00,74.0
2025-06-12 23:24:00,36.6
2025-06-12 23:16:00,49.378098152289034
2025-06-12 20:06:00,46.4
2025-06-12 19:22:00,7.9
2025-06-12 17:20:00,83.8
2025-06-12 05:24:00,38.0
2025-06-12 08:16:00,82.7
2025-06-12 15:18:00,7.0
2025-06-12 09:23:00,21.9
2025-06-12 03:01:00,17.2
2025-06-12 19:00:00,49.378098152289034
2025-06-12 06:27:00,98.9
2025-06-12 02:53:00,95.7
2025-06-12 17:30:00,49.378098152289034
2025-06-12 05:08:00,76.9
2025-06-12 18:13:00,75.0
2025-06-12 04:11:00,49.378098152289034
2025-06-12 11:29:00,18.1
2025-06-12 15:47:00,49.378098152289034
2025-06-12 22:21:00,49.378098152289034
2025-06-12 21:19:00,13.5
2025-06-12 18:54:00,49.378098152289034
2025-06-12 06:19:00,49.378098152289034
2025-06-12 20:29:00,41.3
2025-06-12 03:29:00,53.3
2025-06-12 17:45:00,15.7
2025-06-12 15:22:00,47.6
2025-06-12 03:40:00,23.7
2025-06-12 05:52:00,91.0
2025-06-12 23:52:00,49.378098152289034
2025-06-12 22:16:00,48.7
2025-06-12 08:44:00,74.6
2025-06-12 08:09:00,42.4
2025-06-12 13:03:00,49.378098152289034
2025-06-12 18:23:00,83.3
2025-06-12 22:22:00,49.378098152289034
2025-06-12 20:55:00,49.378098152289034
2025-06-12 18:05:00,18.0
2025-06-12 03:39:00,3.7
2025-06-12 04:15:00,95.9
2025-06-12 08:54:00,43.2
2025-06-12 09:48:00,64.9
2025-06-12 11:35:00,52.2
2025-06-12 07:35:00,79.2
2025-06-12 03:32:00,2.7
2025-06-12 09:18:00,49.378098152289034
2025-06-12 18:40:00,49.378098152289034
2025-06-12 17:03:00,49.378098152289034
2025-06-12 07:36:00,7.4
2025-06-12 04:03:00,81.7
2025-06-12 22:47:00,49.378098152289034
2025-06-12 21:15:00,49.378098152289034
2025-06-12 09:28:00,67.3
2025-06-12 21:24:00,95.8
2025-06-12 00:08:00,62.2
2025-06-12 12:41:00,56.5
2025-06-12 18:59:00,43.8
2025-06-12 01:46:00,62.6
2025-06-12 08:11:00,53.4
2025-06-12 11:26:00,55.8
2025-06-12 10:33:00,33.6
2025-06-12 14:06:00,62.3
2025-06-12 15:31:00,1.1
2025-06-12 14:40:00,45.3
2025-06-12 07:31:00,75.4
2025-06-12 00:20:00,97.3
2025-06-12 03:46:00,85.3
2025-06-12 21:58:00,49.378098152289034
2025-06-12 23:34:00,84.5
2025-06-12 05:15:00,49.378098152289034
2025-06-12 13:53:00,49.378098152289034
2025-06-12 08:51:00,57.7
2025-06-12 04:18:00,49.378098152289034
2025-06-12 16:56:00,49.378098152289034
2025-06-12 21:06:00,68.3
2025-06-12 11:02:00,83.3
2025-06-12 17:59:00,36.4
2025-06-12 23:04:00,8.9
2025-06-12 06:04:00,65.7
2025-06-12 13:49:00,49.378098152289034
2025-06-12 21:09:00,21.1
2025-06-12 21:26:00,62.3
2025-06-12 06:01:00,49.378098152289034
2025-06-12 08:04:00,52.0
2025-06-12 08:36:00,83.4
2025-06-12 05:22:00,22.1
2025-06-12 07:40:00,49.378098152289034
2025-06-12 14:17:00,99.9
2025-06-12 09:59:00,61.9
2025-06-12 03:13:00,38.2
2025-06-12 09:31:00,9.3
2025-06-12 00:24:00,82.5
2025-06-12 04:02:00,75.8
2025-06-12 13:56:00,81.9
2025-06-12 14:13:00,30.7
2025-06-12 19:19:00,17.1
2025-06-12 16:28:00,51.4
2025-06-12 08:34:00,78.3
2025-06-12 05:22:00,37.4
2025-06-12 22:05:00,26.7
2025-06-12 20:08:00,59.8
2025-06-12 14:27:00,75.4
2025-06-12 09:51:00,43.6
2025-06-12 14:52:00,71.3
2025-06-12 20:03:00,49.378098152289034
2025-06-12 23:30:00,71.1
2025-06-12 13:14:00,54.8
2025-06-12 23:04:00,20.8
2025-06-12 00:22:00,23.9
2025-06-12 20:53:00,41.2
2025-06-12 10:43:00,49.378098152289034
2025-06-12 03:39:00,80.2
2025-06-12 22:46:00,18.5
2025-06-12 15:56:00,49.378098152289034
2025-06-12 05:09:00,56.6
2025-06-12 11:36:00,22.3
2025-06-12 23:36:00,37.5
2025-06-12 18:33:00,65.2
2025-06-12 18:35:00,49.378098152289034
2025-06-12 18:04:00,44.0
2025-06-12 22:52:00,90.3
2025-06-12 16:58:00,79.3
2025-06-12 23:27:00,5.1
2025-06-12 14:26:00,68.3
2025-06-12 14:43:00,71.9
2025-06-12 02:49:00,60.0
2025-06-12 00:48:00,83.5
2025-06-12 23:22:00,48.0
2025-06-12 06:21:00,93.8
2025-06-12 10:57:00,45.0
2025-06-12 00:57:00,93.3
2025-06-12 16:21:00,29.0
2025-06-12 11:05:00,41.5
2025-06-12 10:22:00,38.4
2025-06-12 03:30:00,76.6
2025-06-12 15:25:00,74.8
2025-06-12 16:55:00,63.8
2025-06-12 11:24:00,45.2
2025-06-12 07:59:00,49.378098152289034
2025-06-12 07:40:00,43.8
2025-06-12 15:16:00,55.1
2025-06-12 17:56:00,38.2
2025-06-12 14:45:00,82.5
2025-06-12 16:49:00,49.378098152289034
2025-06-12 08:33:00,58.4
2025-06-12 05:34:00,37.9
2025-06-12 04:50:00,53.2
2025-06-12 15:37:00,49.378098152289034
2025-06-12 09:08:00,94.7
2025-06-12 12:06:00,22.3
2025-06-12 05:58:00,23.5
2025-06-12 09:11:00,16.2
2025-06-12 11:34:00,28.6
2025-06-12 04:47:00,43.4
2025-06-12 06:39:00,15.1
2025-06-12 01:14:00,21.9
2025-06-12 03:21:00,33.4
2025-06-12 03:05:00,16.3
2025-06-12 02:18:00,49.8
2025-06-12 10:31:00,79.5
2025-06-12 14:44:00,59.9
2025-06-12 21:35:00,49.378098152289034
2025-06-12 21:29:00,87.3
2025-06-12 18:33:00,59.6
2025-06-12 21:21:00,46.8
2025-06-12 19:37:00,22.6
2025-06-12 20:34:00,0.8
2025-06-12 07:47:00,37.3
2025-06-12 02:56:00,18.6
2025-06-12 05:43:00,60.7
2025-06-12 13:13:00,49.378098152289034
2025-06-12 16:59:00,89.9
2025-06-12 01:30:00,49.378098152289034
2025-06-12 14:49:00,6.3
2025-06-12 15:07:00,19.0
2025-06-12 12:59:00,33.4
2025-06-12 11:22:00,49.378098152289034
2025-06-12 02:29:00,49.378098152289034
2025-06-12 02:00:00,26.6
2025-06-12 19:10:00,0.0
2025-06-12 21:03:00,49.378098152289034
2025-06-12 03:20:00,60.0
2025-06-12 23:21:00,3.2
2025-06-12 07:55:00,39.3
2025-06-12 07:11:00,22.8
2025-06-12 05:48:00,49.378098152289034
2025-06-12 11:41:00,73.7
2025-06-12 12:27:00,19.5
2025-06-12 01:48:00,29.3
2025-06-12 12:35:00,85.5
2025-06-12 10:03:00,57.7
2025-06-12 04:19:00,48.2
2025-06-12 21:23:00,64.1
2025-06-12 07:43:00,32.9
2025-06-12 09:48:00,63.5
2025-06-12 04:47:00,79.6
2025-06-12 00:19:00,29.3
2025-06-12 13:34:00,76.6
2025-06-12 11:11:00,23.9
2025-06-12 06:05:00,63.4
2025-06-12 18:30:00,31.4
2025-06-12 17:23:00,93.2
2025-06-12 03:02:00,54.8
2025-06-12 22:42:00,1.3
2025-06-12 21:07:00,30.8
2025-06-12 01:15:00,40.2
2025-06-12 23:05:00,55.5
2025-06-12 22:32:00,94.6
2025-06-12 17:50:00,23.7
2025-06-12 16:09:00,29.7
2025-06-12 21:08:00,58.3
2025-06-12 02:24:00,55.0
2025-06-12 08:00:00,6.1
2025-06-12 22:05:00,35.8
2025-06-12 02:49:00,55.9
2025-06-12 22:08:00,2.4
2025-06-12 23:46:00,12.3
2025-06-12 12:57:00,22.4
2025-06-12 03:11:00,13.9
2025-06-12 16:38:00,49.378098152289034
2025-06-12 00:11:00,88.2
2025-06-12 00:00:00,58.2
2025-06-12 15:30:00,18.2
2025-06-12 02:05:00,66.9
2025-06-12 23:07:00,94.2
2025-06-12 19:11:00,51.0
2025-06-12 01:11:00,2.4
2025-06-12 11:07:00,83.1
2025-06-12 18:27:00,55.2
2025-06-12 00:40:00,46.5
2025-06-12 00:10:00,29.5
2025-06-12 11:47:00,4.8
2025-06-12 01:17:00,49.378098152289034
2025-06-12 04:13:00,68.7
2025-06-12 03:08:00,71.7
2025-06-12 12:17:00,95.7
2025-06-12 21:19:00,63.0
2025-06-12 16:05:00,34.8
2025-06-12 02:34:00,63.7
2025-06-12 18:27:00,78.5
2025-06-12 00:02:00,96.2
2025-06-12 01:59:00,49.378098152289034
2025-06-12 06:28:00,7.0
2025-06-12 15:29:00,73.8
2025-06-12 14:28:00,75.0
2025-06-12 11:16:00,93.6
2025-06-12 16:42:00,31.0
2025-06-12 02:31:00,83.3
2025-06-12 07:18:00,68.0
2025-06-12 09:30:00,10.5
2025-06-12 06:08:00,49.378098152289034
2025-06-12 20:28:00,91.7
2025-06-12 05:17:00,21.6
2025-06-12 03:59:00,32.7
2025-06-12 22:10:00,24.0
2025-06-12 15:37:00,49.378098152289034
2025-06-12 14:15:00,16.4
2025-06-12 23:58:00,28.6
2025-06-12 14:24:00,1.9
2025-06-12 01:09:00,11.9
2025-06-12 16:58:00,82.8
2025-06-12 11:15:00,49.378098152289034
2025-06-12 08:50:00,24.1
2025-06-12 13:51:00,75.9
2025-06-12 09:12:00,88.1
2025-06-12 21:28:00,35.8
2025-06-12 19:30:00,86.2
2025-06-12 09:09:00,40.9
2025-06-12 01:56:00,87.4
2025-06-12 13:25:00,11.2
2025-06-12 19:59:00,49.378098152289034
2025-06-12 20:42:00,45.5
2025-06-12 11:21:00,13.1
2025-06-12 08:10:00,49.378098152289034
2025-06-12 09:19:00,49.378098152289034
2025-06-12 19:44:00,71.3
2025-06-12 17:01:00,49.378098152289034
2025-06-12 09:03:00,51.7
2025-06-12 04:28:00,9.6
2025-06-12 21:22:00,99.5
2025-06-12 14:14:00,96.8
2025-06-12 09:23:00,66.4
2025-06-12 17:24:00,60.2
2025-06-12 07:33:00,23.0
2025-06-12 03:57:00,98.3
2025-06-12 12:53:00,49.378098152289034
2025-06-12 00:38:00,99.3
2025-06-12 16:14:00,49.378098152289034
2025-06-12 18:34:00,75.7
2025-06-12 04:02:00,62.7
2025-06-12 02:16:00,17.6
2025-06-12 11:43:00,31.0
2025-06-12 20:30:00,57.6
2025-06-12 22:48:00,1.8
2025-06-12 19:23:00,47.1
2025-06-12 15:57:00,49.378098152289034
2025-06-12 16:06:00,16.4
2025-06-12 02:03:00,69.0
2025-06-12 06:25:00,88.7
2025-06-12 11:07:00,18.7
2025-06-12 14:16:00,78.4
2025-06-12 07:42:00,84.7
2025-06-12 05:23:00,11.3
2025-06-12 07:20:00,15.2
2025-06-12 10:27:00,9.8
2025-06-12 15:38:00,95.9
2025-06-12 11:56:00,98.8
2025-06-12 08:00:00,49.86672560113154
2025-06-12 08:51:00,37.7
2025-06-12 01:31:00,11.9
2025-06-12 16:07:00,9.5
2025-06-12 17:33:00,95.0
2025-06-12 23:37:00,25.5
2025-06-12 17:46:00,6.6
2025-06-12 22:54:00,69.0
2025-06-12 19:03:00,35.5
2025-06-12 23:39:00,97.0
2025-06-12 19:03:00,3.6
2025-06-12 00:31:00,49.86672560113154
2025-06-12 00:30:00,57.9
2025-06-12 05:21:00,37.0
2025-06-12 06:25:00,99.7
2025-06-12 23:59:00,83.1
2025-06-12 11:39:00,49.86672560113154
2025-06-12 07:56:00,17.2
2025-06-12 20:19:00,61.5
2025-06-12 16:58:00,11.5
2025-06-12 14:52:00,69.8
2025-06-12 01:23:00,49.86672560113154
2025-06-12 09:51:00,35.6
2025-06-12 13:31:00,49.86672560113154
2025-06-12 17:13:00,79.3
2025-06-12 08:07:00,90.2
2025-06-12 04:21:00,26.4
2025-06-12 07:18:00,22.6
2025-06-12 16:35:00,95.3
2025-06-12 01:46:00,97.3
2025-06-12 12:51:00,49.86672560113154
2025-06-12 23:12:00,49.86672560113154
2025-06-12 07:11:00,2.8
2025-06-12 08:59:00,53.6
2025-06-12 19:07:00,26.9
2025-06-12 07:22:00,35.7
2025-06-12 02:15:00,60.1
2025-06-12 04:52:00,17.3
2025-06-12 14:16:00,49.86672560113154
2025-06-12 08:57:00,71.5
2025-06-12 06:27:00,15.4
2025-06-12 18:23:00,82.0
2025-06-12 05:05:00,7.0
2025-06-12 22:44:00,31.4
2025-06-12 17:05:00,61.5
2025-06-12 23:26:00,90.5
2025-06-12 13:01:00,88.8
2025-06-12 12:07:00,77.9
2025-06-12 09:23:00,49.86672560113154
2025-06-12 22:35:00,95.9
2025-06-12 18:36:00,49.86672560113154
2025-06-12 16:44:00,67.3
2025-06-12 14:16:00,97.1
2025-06-12 18:17:00,49.86672560113154
2025-06-12 14:35:00,3.5
2025-06-12 04:45:00,45.8
2025-06-12 01:58:00,56.5
2025-06-12 06:48:00,49.86672560113154
2025-06-12 20:59:00,15.5
2025-06-12 03:28:00,84.7
2025-06-12 20:02:00,49.86672560113154
2025-06-12 12:32:00,53.5
2025-06-12 11:28:00,49.86672560113154
2025-06-12 00:26:00,62.3
2025-06-12 01:26:00,9.8
2025-06-12 19:41:00,21.2
2025-06-12 22:00:00,82.2
2025-06-12 20:23:00,49.86672560113154
2025-06-12 21:46:00,49.86672560113154
2025-06-12 05:12:00,49.86672560113154
2025-06-12 04:44:00,63.0
2025-06-12 05:36:00,41.6
2025-06-12 11:03:00,33.2
2025-06-12 17:29:00,97.7
2025-06-12 07:00:00,49.86672560113154
2025-06-12 12:52:00,47.5
2025-06-12 20:16:00,41.8
2025-06-12 05:12:00,49.86672560113154
2025-06-12 06:10:00,54.7
2025-06-12 02:13:00,49.86672560113154
2025-06-12 17:31:00,13.1
2025-06-12 21:37:00,10.9
2025-06-12 16:32:00,46.1
2025-06-12 06:16:00,68.8
2025-06-12 04:50:00,34.6
2025-06-12 22:13:00,86.4
2025-06-12 02:36:00,70.3
2025-06-12 08:00:00,30.4
2025-06-12 13:41:00,8.7
2025-06-12 19:54:00,63.5
2025-06-12 08:06:00,57.9
2025-06-12 04:35:00,15.7
2025-06-12 15:06:00,49.86672560113154
2025-06-12 17:07:00,13.3
2025-06-12 17:20:00,49.86672560113154
2025-06-12 09:49:00,2.7
2025-06-12 05:08:00,58.3
2025-06-12 18:26:00,11.8
2025-06-12 19:11:00,49.86672560113154
2025-06-12 08:46:00,97.1
2025-06-12 23:11:00,49.86672560113154
2025-06-12 16:16:00,38.5
2025-06-12 18:09:00,50.6
2025-06-12 09:41:00,37.3
2025-06-12 16:32:00,54.7
2025-06-12 10:28:00,49.86672560113154
2025-06-12 21:19:00,9.3
2025-06-12 15:42:00,2.9
2025-06-12 04:18:00,4.4
2025-06-12 23:41:00,17.2
2025-06-12 00:32:00,36.8
2025-06-12 11:14:00,6.7
2025-06-12 16:01:00,57.0
2025-06-12 08:43:00,10.5
2025-06-12 01:04:00,0.9
2025-06-12 13:09:00,12.4
2025-06-12 00:51:00,14.9
2025-06-12 03:01:00,61.2
2025-06-12 13:26:00,52.0
2025-06-12 19:04:00,15.3
2025-06-12 18:46:00,45.0
2025-06-12 05:13:00,51.4
2025-06-12 23:58:00,50.8
2025-06-12 17:57:00,77.4
2025-06-12 07:30:00,49.86672560113154
2025-06-12 20:18:00,49.86672560113154
2025-06-12 16:09:00,14.2
2025-06-12 13:15:00,81.5
2025-06-12 11:06:00,77.6
2025-06-12 22:25:00,88.5
2025-06-12 11:13:00,47.7
2025-06-12 18:11:00,18.0
2025-06-12 23:22:00,88.3
2025-06-12 00:18:00,98.4
2025-06-12 12:44:00,83.8
2025-06-12 10:13:00,20.3
2025-06-12 17:06:00,25.0
2025-06-12 21:29:00,40.4
2025-06-12 04:05:00,3.9
2025-06-12 21:15:00,81.5
2025-06-12 07:21:00,61.3
2025-06-12 19:51:00,49.86672560113154
2025-06-12 11:42:00,98.6
2025-06-12 02:38:00,57.8
2025-06-12 18:45:00,18.7
2025-06-12 03:56:00,49.4
2025-06-12 23:25:00,99.4
2025-06-12 03:44:00,28.4
2025-06-12 02:52:00,7.1
2025-06-12 05:38:00,82.4
2025-06-12 08:35:00,31.8
2025-06-12 01:14:00,49.86672560113154
2025-06-12 20:10:00,94.0
2025-06-12 04:17:00,19.5
2025-06-12 11:51:00,85.1
2025-06-12 07:27:00,11.6
2025-06-12 13:53:00,24.4
2025-06-12 17:00:00,11.2
2025-06-12 18:12:00,16.8
2025-06-12 01:57:00,75.0
2025-06-12 15:15:00,42.0
2025-06-12 04:19:00,65.1
2025-06-12 10:41:00,70.2
2025-06-12 02:38:00,34.6
2025-06-12 18:50:00,11.6
2025-06-12 11:09:00,72.9
2025-06-12 21:56:00,57.3
2025-06-12 15:33:00,91.5
2025-06-12 01:54:00,97.5
2025-06-12 13:56:00,31.3
2025-06-12 05:00:00,43.4
2025-06-12 08:32:00,89.6
2025-06-12 08:01:00,65.5
2025-06-12 00:22:00,49.86672560113154
2025-06-12 02:36:00,75.9
2025-06-12 23:53:00,97.9
2025-06-12 20:38:00,18.7
2025-06-12 16:25:00,99.0
2025-06-12 01:00:00,49.86672560113154
2025-06-12 17:20:00,80.7
2025-06-12 14:20:00,47.1
2025-06-12 16:55:00,59.4
2025-06-12 01:28:00,92.3
2025-06-12 11:34:00,63.5
2025-06-12 19:54:00,49.86672560113154
2025-06-12 07:26:00,92.9
2025-06-12 18:49:00,49.86672560113154
2025-06-12 12:53:00,53.9
2025-06-12 15:58:00,77.5
2025-06-12 05:06:00,56.3
2025-06-12 14:19:00,25.4
2025-06-12 16:49:00,30.7
2025-06-12 03:56:00,44.6
2025-06-12 20:23:00,61.7
2025-06-12 08:44:00,85.5
2025-06-12 22:43:00,67.9
2025-06-12 02:39:00,92.7
2025-06-12 15:11:00,61.8
2025-06-12 18:43:00,44.4
2025-06-12 12:36:00,63.7
2025-06-12 01:59:00,72.5
2025-06-12 01:39:00,25.7
2025-06-12 07:06:00,71.8
2025-06-12 12:42:00,60.3
2025-06-12 07:56:00,52.4
2025-06-12 10:07:00,40.8
2025-06-12 00:55:00,49.86672560113154
2025-06-12 13:35:00,73.0
2025-06-12 04:47:00,82.1
2025-06-12 11:39:00,16.7
2025-06-12 05:25:00,89.0
2025-06-12 07:16:00,22.6
2025-06-12 20:47:00,37.8
2025-06-12 21:38:00,46.9
2025-06-12 08:34:00,36.0
2025-06-12 10:10:00,77.3
2025-06-12 18:44:00,52.7
2025-06-12 05:04:00,14.4
2025-06-12 04:30:00,33.9
2025-06-12 01:44:00,49.86672560113154
2025-06-12 09:35:00,19.5
2025-06-12 12:43:00,11.3
2025-06-12 22:31:00,49.86672560113154
2025-06-12 22:14:00,8.8
2025-06-12 14:41:00,49.86672560113154
2025-06-12 00:18:00,65.1
2025-06-12 10:23:00,44.6
2025-06-12 20:35:00,50.9
2025-06-12 13:27:00,64.7
2025-06-12 07:31:00,77.8
2025-06-12 05:51:00,40.2
2025-06-12 05:04:00,36.6
2025-06-12 06:39:00,49.86672560113154
2025-06-12 05:02:00,98.3
2025-06-12 22:00:00,88.3
2025-06-12 14:53:00,7.8
2025-06-12 01:22:00,47.3
2025-06-12 09:33:00,20.2
2025-06-12 18:22:00,14.5
2025-06-12 09:13:00,59.3
2025-06-12 04:30:00,7.1
2025-06-12 05:40:00,81.5
2025-06-12 17:26:00,63.6
2025-06-12 03:26:00,0.3
2025-06-12 19:06:00,53.5
2025-06-12 04:36:00,31.7
2025-06-12 03:29:00,49.86672560113154
2025-06-12 19:02:00,49.86672560113154
2025-06-12 01:37:00,1.5
2025-06-12 01:27:00,76.6
2025-06-12 23:32:00,43.0
2025-06-12 04:45:00,7.7
2025-06-12 06:14:00,18.1
2025-06-12 08:35:00,16.7
2025-06-12 17:23:00,49.86672560113154
2025-06-12 01:07:00,95.1
2025-06-12 20:24:00,49.86672560113154
2025-06-12 08:36:00,57.1
2025-06-12 12:50:00,49.86672560113154
2025-06-12 14:04:00,9.1
2025-06-12 16:24:00,49.86672560113154
2025-06-12 22:54:00,49.86672560113154
2025-06-12 20:00:00,43.2
2025-06-12 03:06:00,87.6
2025-06-12 11:00:00,15.6
2025-06-12 20:18:00,51.4
2025-06-12 18:59:00,13.5
2025-06-12 05:49:00,91.1
2025-06-12 20:37:00,49.86672560113154
2025-06-12 20:05:00,32.6
2025-06-12 19:49:00,18.1
2025-06-12 10:15:00,92.4
2025-06-12 14:54:00,13.4
2025-06-12 04:09:00,6.6
2025-06-12 09:08:00,15.0
2025-06-12 13:28:00,76.6
2025-06-12 14:13:00,29.5
2025-06-12 23:45:00,91.1
2025-06-12 05:53:00,52.1
2025-06-12 01:25:00,9.2
2025-06-12 06:04:00,41.6
2025-06-12 06:21:00,81.0
2025-06-12 17:24:00,62.4
2025-06-12 10:29:00,49.2
2025-06-12 06:29:00,76.6
2025-06-12 23:58:00,50.9
2025-06-12 16:04:00,37.1
2025-06-12 16:02:00,92.0
2025-06-12 08:17:00,73.9
2025-06-12 01:05:00,64.8
2025-06-12 10:01:00,64.4
2025-06-12 06:01:00,49.86672560113154
2025-06-12 00:34:00,11.1
2025-06-12 11:16:00,49.86672560113154
2025-06-12 05:27:00,69.7
2025-06-12 18:31:00,11.2
2025-06-12 07:54:00,37.4
2025-06-12 00:59:00,40.5
2025-06-12 05:00:00,76.4
2025-06-12 01:39:00,97.0
2025-06-12 09:14:00,25.8
2025-06-12 21:04:00,49.86672560113154
2025-06-12 15:21:00,57.2
2025-06-12 13:02:00,11.6
2025-06-12 18:44:00,66.5
2025-06-12 11:34:00,92.8
2025-06-12 11:55:00,70.1
2025-06-12 18:29:00,18.1
2025-06-12 04:31:00,9.2
2025-06-12 03:47:00,28.5
2025-06-12 07:44:00,49.86672560113154
2025-06-12 23:55:00,42.6
2025-06-12 07:57:00,49.86672560113154
2025-06-12 00:07:00,31.2
2025-06-12 16:35:00,96.8
2025-06-12 23:08:00,11.8
2025-06-12 10:33:00,71.4
2025-06-12 18:03:00,21.2
2025-06-12 21:30:00,56.1
2025-06-12 05:34:00,49.86672560113154
2025-06-12 11:28:00,68.8
2025-06-12 12:37:00,49.86672560113154
2025-06-12 03:48:00,2.0
2025-06-12 23:51:00,42.9
2025-06-12 11:13:00,57.6
2025-06-12 17:48:00,2.7
2025-06-12 08:15:00,66.1
2025-06-12 16:58:00,66.6
2025-06-12 06:52:00,60.6
2025-06-12 14:41:00,63.2
2025-06-12 19:37:00,21.0
2025-06-12 08:07:00,49.86672560113154
2025-06-12 16:26:00,31.3
2025-06-12 00:37:00,41.3
2025-06-12 19:31:00,65.1
2025-06-12 12:48:00,50.613932505273034
2025-06-12 07:08:00,0.8
2025-06-12 10:33:00,92.6
2025-06-12 18:20:00,97.6
2025-06-12 03:01:00,41.4
2025-06-12 19:01:00,66.2
2025-06-12 04:56:00,93.5
2025-06-12 11:53:00,85.9
2025-06-12 13:54:00,32.2
2025-06-12 01:54:00,75.3
2025-06-12 05:52:00,57.2
2025-06-12 06:56:00,88.1
2025-06-12 22:06:00,5.1
2025-06-12 06:38:00,82.3
2025-06-12 13:28:00,5.5
2025-06-12 20:35:00,89.3
2025-06-12 13:51:00,50.613932505273034
2025-06-12 11:21:00,68.4
2025-06-12 22:16:00,50.613932505273034
2025-06-12 01:12:00,16.2
2025-06-12 17:04:00,41.4
2025-06-12 01:13:00,3.4
2025-06-12 21:15:00,50.613932505273034
2025-06-12 14:23:00,47.7
2025-06-12 13:50:00,4.6
2025-06-12 06:57:00,1.3
2025-06-12 17:12:00,68.7
2025-06-12 06:12:00,50.613932505273034
2025-06-12 11:13:00,89.9
2025-06-12 16:45:00,96.9
2025-06-12 21:44:00,69.5
2025-06-12 18:00:00,96.7
2025-06-12 12:36:00,50.613932505273034
2025-06-12 19:27:00,39.2
2025-06-12 02:04:00,0.4
2025-06-12 05:41:00,39.0
2025-06-12 13:22:00,13.2
2025-06-12 08:44:00,44.2
2025-06-12 03:28:00,18.5
2025-06-12 00:34:00,27.2
2025-06-12 15:52:00,61.5
2025-06-12 15:05:00,59.4
2025-06-12 02:55:00,17.6
2025-06-12 03:38:00,14.7
2025-06-12 09:26:00,49.1
2025-06-12 11:14:00,36.7
2025-06-12 05:56:00,62.3
2025-06-12 17:05:00,54.6
2025-06-12 13:00:00,19.7
2025-06-12 17:50:00,91.7
2025-06-12 10:55:00,18.8
2025-06-12 09:21:00,87.1
2025-06-12 23:26:00,39.0
2025-06-12 13:35:00,43.8
2025-06-12 11:45:00,0.4
2025-06-12 04:45:00,50.613932505273034
2025-06-12 13:42:00,50.613932505273034
2025-06-12 01:57:00,99.6
2025-06-12 21:09:00,59.7
2025-06-12 14:27:00,32.2
2025-06-12 14:49:00,50.613932505273034
2025-06-12 14:04:00,94.6
2025-06-12 07:10:00,52.1
2025-06-12 00:32:00,77.0
2025-06-12 07:16:00,70.5
2025-06-12 02:43:00,2.8
2025-06-12 13:56:00,47.0
2025-06-12 15:54:00,75.4
2025-06-12 23:53:00,76.7
2025-06-12 11:52:00,47.3
2025-06-12 07:20:00,94.2
2025-06-12 14:19:00,14.8
2025-06-12 09:09:00,7.2
2025-06-12 09:41:00,6.0
2025-06-12 15:23:00,68.7
2025-06-12 14:29:00,7.4
2025-06-12 13:32:00,4.1
2025-06-12 12:32:00,27.2
2025-06-12 15:59:00,82.8
2025-06-12 06:34:00,68.3
2025-06-12 17:02:00,39.6
2025-06-12 18:22:00,10.6
2025-06-12 11:42:00,56.4
2025-06-12 01:02:00,59.7
2025-06-12 15:51:00,50.613932505273034
2025-06-12 06:24:00,5.6
2025-06-12 06:01:00,42.1
2025-06-12 21:01:00,17.8
2025-06-12 02:10:00,60.8
2025-06-12 14:38:00,50.613932505273034
2025-06-12 03:33:00,88.0
2025-06-12 17:20:00,67.5
2025-06-12 22:02:00,28.9
2025-06-12 18:23:00,95.7
2025-06-12 06:49:00,32.0
2025-06-12 06:11:00,50.613932505273034
2025-06-12 03:21:00,13.6
2025-06-12 00:58:00,26.8
2025-06-12 14:42:00,24.5
2025-06-12 12:18:00,31.8
2025-06-12 18:33:00,13.9
2025-06-12 11:15:00,35.8
2025-06-12 16:39:00,64.2
2025-06-12 03:34:00,44.5
2025-06-12 14:20:00,9.4
2025-06-12 05:39:00,46.4
2025-06-12 05:54:00,93.7
2025-06-12 08:16:00,44.6
2025-06-12 08:30:00,85.4
2025-06-12 00:12:00,50.613932505273034
2025-06-12 10:13:00,89.9
2025-06-12 07:31:00,52.8
2025-06-12 04:34:00,15.0
2025-06-12 09:37:00,38.6
2025-06-12 18:07:00,45.7
2025-06-12 20:57:00,81.9
2025-06-12 09:17:00,39.9
2025-06-12 02:10:00,13.0
2025-06-12 08:10:00,2.6
2025-06-12 21:18:00,72.6
2025-06-12 18:42:00,64.1
2025-06-12 01:00:00,78.3
2025-06-12 03:48:00,33.6
2025-06-12 13:02:00,36.9
2025-06-12 12:00:00,51.7
2025-06-12 00:58:00,60.0
2025-06-12 11:31:00,18.5
2025-06-12 23:15:00,42.6
2025-06-12 18:28:00,25.8
2025-06-12 20:19:00,50.613932505273034
2025-06-12 13:07:00,94.4
2025-06-12 04:41:00,97.3
2025-06-12 09:18:00,91.0
2025-06-12 13:02:00,64.2
2025-06-12 19:33:00,50.613932505273034
2025-06-12 05:19:00,31.0
2025-06-12 00:01:00,2.0
2025-06-12 05:47:00,42.2
2025-06-12 14:41:00,10.8
2025-06-12 19:16:00,50.613932505273034
2025-06-12 23:42:00,35.5
2025-06-12 06:10:00,28.1
2025-06-12 15:32:00,50.613932505273034
2025-06-12 14:27:00,63.2
2025-06-12 03:07:00,20.7
2025-06-12 22:32:00,34.5
2025-06-12 08:03:00,50.613932505273034
2025-06-12 10:35:00,25.8
2025-06-12 20:57:00,37.1
2025-06-12 18:25:00,50.613932505273034
2025-06-12 15:34:00,50.613932505273034
2025-06-12 05:18:00,50.613932505273034
2025-06-12 22:06:00,36.6
2025-06-12 20:37:00,85.0
2025-06-12 12:11:00,50.613932505273034
2025-06-12 18:43:00,50.613932505273034
2025-06-12 19:36:00,50.613932505273034
2025-06-12 02:01:00,18.8
2025-06-12 13:44:00,50.613932505273034
2025-06-12 22:35:00,42.0
2025-06-12 12:08:00,54.9
2025-06-12 22:10:00,57.3
2025-06-12 12:54:00,54.7
2025-06-12 05:25:00,80.7
2025-06-12 15:08:00,75.3
2025-06-12 15:49:00,53.9
2025-06-12 09:07:00,99.8
2025-06-12 19:54:00,47.4
2025-06-12 04:16:00,39.6
2025-06-12 01:42:00,74.0
2025-06-12 00:58:00,94.5
2025-06-12 06:28:00,89.8
2025-06-12 22:15:00,5.3
2025-06-12 05:56:00,37.6
2025-06-12 13:33:00,83.8
2025-06-12 22:24:00,50.9
2025-06-12 23:41:00,41.7
2025-06-12 11:06:00,28.0
2025-06-12 04:39:00,50.613932505273034
2025-06-12 18:25:00,20.0
2025-06-12 22:12:00,52.7
2025-06-12 06:42:00,23.9
2025-06-12 18:00:00,48.0
2025-06-12 01:15:00,96.6
2025-06-12 19:18:00,24.7
2025-06-12 00:05:00,87.8
2025-06-12 16:05:00,32.3
2025-06-12 23:22:00,50.5
2025-06-12 03:33:00,100.0
2025-06-12 02:40:00,81.1
2025-06-12 23:30:00,50.613932505273034
2025-06-12 19:30:00,37.2
2025-06-12 00:41:00,52.3
2025-06-12 01:22:00,4.1
2025-06-12 20:48:00,50.613932505273034
2025-06-12 06:58:00,44.1
2025-06-12 08:51:00,5.4
2025-06-12 10:20:00,50.613932505273034
2025-06-12 10:13:00,31.8
2025-06-12 04:01:00,72.4
2025-06-12 05:22:00,4.7
2025-06-12 06:45:00,41.7
2025-06-12 14:57:00,28.7
2025-06-12 08:16:00,99.0
2025-06-12 20:46:00,3.1
2025-06-12 22:31:00,50.613932505273034
2025-06-12 01:57:00,12.3
2025-06-12 04:04:00,85.3
2025-06-12 04:21:00,98.9
2025-06-12 12:01:00,50.613932505273034
2025-06-12 20:54:00,68.8
2025-06-12 16:38:00,16.6
2025-06-12 12:55:00,50.613932505273034
2025-06-12 16:17:00,42.7
2025-06-12 13:17:00,50.613932505273034
2025-06-12 06:57:00,82.4
2025-06-12 17:56:00,72.9
2025-06-12 11:16:00,93.4
2025-06-12 18:28:00,77.8
2025-06-12 12:54:00,69.6
2025-06-12 23:48:00,64.6
2025-06-12 22:10:00,50.613932505273034
2025-06-12 19:50:00,87.4
2025-06-12 19:30:00,26.2
2025-06-12 14:30:00,63.2
2025-06-12 14:50:00,20.4
2025-06-12 03:31:00,56.3
2025-06-12 18:07:00,50.613932505273034
2025-06-12 02:16:00,50.613932505273034
2025-06-12 19:44:00,68.7
2025-06-12 21:15:00,93.9
2025-06-12 19:53:00,60.7
2025-06-12 22:34:00,89.2
2025-06-12 11:29:00,50.613932505273034
2025-06-12 03:54:00,1.3
2025-06-12 17:08:00,19.9
2025-06-12 00:06:00,44.6
2025-06-12 09:37:00,6.5
2025-06-12 09:31:00,83.1
2025-06-12 23:02:00,85.8
2025-06-12 22:01:00,89.4
2025-06-12 17:03:00,82.5
2025-06-12 00:57:00,23.1
2025-06-12 01:48:00,99.7
2025-06-12 08:06:00,10.6
2025-06-12 04:04:00,25.0
2025-06-12 07:46:00,13.3
2025-06-12 00:47:00,19.7
2025-06-12 02:29:00,58.7
2025-06-12 08:20:00,50.613932505273034
2025-06-12 01:16:00,50.613932505273034
2025-06-12 21:02:00,93.5
2025-06-12 22:07:00,50.613932505273034
2025-06-12 18:04:00,99.1
2025-06-12 05:22:00,35.7
2025-06-12 23:06:00,64.3
2025-06-12 02:32:00,24.6
2025-06-12 14:37:00,41.2
2025-06-12 09:53:00,78.6
2025-06-12 04:48:00,68.3
2025-06-12 04:07:00,36.7
2025-06-12 16:41:00,70.1
2025-06-12 19:24:00,34.0
2025-06-12 20:05:00,80.9
2025-06-12 12:39:00,47.8
2025-06-12 01:14:00,95.0
2025-06-12 05:38:00,37.4
2025-06-12 20:01:00,50.613932505273034
2025-06-12 03:54:00,58.4
2025-06-12 01:14:00,78.2
2025-06-12 04:39:00,19.5
2025-06-12 20:54:00,0.5
2025-06-12 11:54:00,25.0
2025-06-12 14:20:00,9.7
2025-06-12 21:34:00,59.7
2025-06-12 16:58:00,9.8
2025-06-12 11:13:00,50.613932505273034
2025-06-12 09:03:00,98.9
2025-06-12 12:48:00,16.8
2025-06-12 05:52:00,53.1
2025-06-12 07:30:00,50.613932505273034
2025-06-12 21:02:00,50.613932505273034
2025-06-12 12:42:00,58.7
2025-06-12 16:54:00,66.9
2025-06-12 08:18:00,88.1
2025-06-12 03:05:00,11.9
2025-06-12 05:54:00,76.1
2025-06-12 12:36:00,6.3
2025-06-12 00:38:00,19.2
2025-06-12 05:24:00,94.3
2025-06-12 21:51:00,8.0
2025-06-12 23:13:00,59.0
2025-06-12 00:30:00,50.613932505273034
2025-06-12 22:00:00,34.2
2025-06-12 01:48:00,57.8
2025-06-12 02:54:00,59.3
2025-06-12 22:31:00,50.613932505273034
2025-06-12 21:04:00,4.1
2025-06-12 10:47:00,83.0
2025-06-12 21:52:00,63.2
2025-06-12 09:12:00,52.0
2025-06-12 03:45:00,44.6
2025-06-12 04:14:00,79.6
2025-06-12 18:29:00,12.0
2025-06-12 09:40:00,89.9
2025-06-12 07:09:00,28.2
2025-06-12 20:47:00,61.2
2025-06-12 02:22:00,45.8
2025-06-12 03:04:00,87.1
2025-06-12 15:02:00,53.6
2025-06-12 10:32:00,29.5
2025-06-12 01:32:00,73.1
2025-06-12 12:50:00,50.613932505273034
2025-06-12 15:17:00,23.2
2025-06-12 11:40:00,50.613932505273034
2025-06-12 15:56:00,71.6
2025-06-12 05:04:00,9.7
2025-06-12 07:34:00,50.3
2025-06-12 21:12:00,28.8
2025-06-12 22:47:00,50.613932505273034
2025-06-12 12:42:00,55.7
2025-06-12 20:10:00,18.1
2025-06-12 17:41:00,37.3
2025-06-12 06:43:00,87.4
2025-06-12 08:51:00,19.0
2025-06-12 03:51:00,36.7
2025-06-12 09:26:00,50.613932505273034
2025-06-12 09:06:00,98.4
2025-06-12 16:06:00,34.4
2025-06-12 08:07:00,33.9
2025-06-12 22:03:00,30.5
2025-06-12 17:18:00,24.6
2025-06-12 20:44:00,37.0
2025-06-12 05:24:00,54.8
2025-06-12 07:56:00,56.7
2025-06-12 00:30:00,89.4
2025-06-12 03:43:00,39.0
2025-06-12 10:57:00,50.613932505273034
2025-06-12 13:52:00,35.1
2025-06-12 18:47:00,79.1
2025-06-12 04:25:00,90.9
2025-06-12 23:20:00,77.1
2025-06-12 01:17:00,56.9
2025-06-12 22:56:00,81.4
2025-06-12 08:39:00,88.5
2025-06-12 15:24:00,12.3
2025-06-12 18:31:00,41.3
2025-06-12 11:26:00,0.9
2025-06-12 05:07:00,5.1
2025-06-12 08:41:00,18.0
2025-06-12 10:25:00,96.3
2025-06-12 16:40:00,39.7
2025-06-12 07:10:00,35.8
2025-06-12 21:59:00,52.6
2025-06-12 16:09:00,50.17195767195767
2025-06-12 01:36:00,18.6
2025-06-12 16:31:00,13.0
2025-06-12 14:24:00,18.5
2025-06-12 15:01:00,49.0
2025-06-12 10:18:00,14.9
2025-06-12 12:15:00,45.6
2025-06-12 19:25:00,41.4
2025-06-12 04:39:00,33.3
2025-06-12 16:12:00,50.17195767195767
2025-06-12 12:05:00,2.6
2025-06-12 14:54:00,67.5
2025-06-12 16:30:00,83.6
2025-06-12 05:00:00,30.2
2025-06-12 06:15:00,23.3
2025-06-12 01:54:00,71.2
2025-06-12 05:13:00,11.2
2025-06-12 16:25:00,50.17195767195767
2025-06-12 05:42:00,76.5
2025-06-12 04:45:00,57.4
2025-06-12 17:49:00,50.4
2025-06-12 07:29:00,0.1
2025-06-12 05:44:00,6.2
2025-06-12 10:45:00,76.3
2025-06-12 09:03:00,4.3
2025-06-12 07:48:00,50.17195767195767
2025-06-12 07:51:00,86.9
2025-06-12 12:14:00,50.17195767195767
2025-06-12 13:44:00,50.17195767195767
2025-06-12 19:57:00,42.5
2025-06-12 07:19:00,50.17195767195767
2025-06-12 06:20:00,44.9
2025-06-12 14:15:00,36.2
2025-06-12 13:00:00,54.9
2025-06-12 11:54:00,59.1
2025-06-12 08:30:00,50.17195767195767
2025-06-12 00:40:00,62.7
2025-06-12 13:04:00,47.8
2025-06-12 15:33:00,50.17195767195767
2025-06-12 15:17:00,55.1
2025-06-12 13:36:00,34.4
2025-06-12 03:48:00,68.6
2025-06-12 15:53:00,62.0
2025-06-12 07:38:00,93.1
2025-06-12 01:30:00,3.3
2025-06-12 11:10:00,67.9
2025-06-12 02:49:00,50.17195767195767
2025-06-12 16:00:00,65.0
2025-06-12 06:56:00,25.7
2025-06-12 19:33:00,24.7
2025-06-12 00:26:00,49.7
2025-06-12 16:54:00,67.0
2025-06-12 18:11:00,59.1
2025-06-12 21:20:00,67.2
2025-06-12 01:31:00,31.2
2025-06-12 08:55:00,58.4
2025-06-12 14:31:00,4.2
2025-06-12 03:30:00,50.17195767195767
2025-06-12 21:51:00,50.17195767195767
2025-06-12 10:06:00,46.9
2025-06-12 01:09:00,90.9
2025-06-12 06:44:00,42.8
2025-06-12 06:35:00,63.5
2025-06-12 03:20:00,28.1
2025-06-12 06:30:00,50.17195767195767
2025-06-12 19:56:00,6.5
2025-06-12 12:12:00,81.9
2025-06-12 16:01:00,50.17195767195767
2025-06-12 04:55:00,25.7
2025-06-12 13:10:00,97.5
2025-06-12 04:50:00,29.7
2025-06-12 06:18:00,30.3
2025-06-12 19:47:00,50.17195767195767
2025-06-12 03:47:00,50.17195767195767
2025-06-12 21:42:00,40.8
2025-06-12 15:14:00,53.6
2025-06-12 01:11:00,89.1
2025-06-12 07:30:00,82.6
2025-06-12 05:26:00,28.5
2025-06-12 00:10:00,50.17195767195767
2025-06-12 22:18:00,62.9
2025-06-12 03:39:00,18.4
2025-06-12 10:56:00,19.7
2025-06-12 22:39:00,50.17195767195767
2025-06-12 15:16:00,13.7
2025-06-12 07:07:00,50.17195767195767
2025-06-12 05:17:00,96.3
2025-06-12 22:30:00,50.17195767195767
2025-06-12 20:27:00,61.1
2025-06-12 23:18:00,37.3
2025-06-12 08:11:00,62.6
2025-06-12 02:35:00,50.17195767195767
2025-06-12 17:16:00,68.8
2025-06-12 13:57:00,50.7
2025-06-12 13:01:00,63.0
2025-06-12 18:48:00,56.6
2025-06-12 13:37:00,76.4
2025-06-12 21:33:00,67.9
2025-06-12 01:16:00,77.6
2025-06-12 07:48:00,51.3
2025-06-12 08:07:00,32.5
2025-06-12 23:33:00,50.17195767195767
2025-06-12 13:55:00,31.6
2025-06-12 14:21:00,57.0
2025-06-12 07:35:00,72.0
2025-06-12 07:50:00,82.1
2025-06-12 08:35:00,97.7
2025-06-12 08:26:00,50.17195767195767
2025-06-12 19:01:00,46.6
2025-06-12 14:20:00,20.6
2025-06-12 02:21:00,47.8
2025-06-12 10:36:00,21.5
2025-06-12 08:35:00,0.9
2025-06-12 00:56:00,7.2
2025-06-12 10:32:00,81.4
2025-06-12 05:45:00,50.17195767195767
2025-06-12 03:32:00,90.3
2025-06-12 21:10:00,38.4
2025-06-12 10:24:00,50.17195767195767
2025-06-12 06:55:00,50.17195767195767
2025-06-12 13:39:00,34.2
2025-06-12 19:47:00,76.5
2025-06-12 04:14:00,50.17195767195767
2025-06-12 00:39:00,22.3
2025-06-12 20:49:00,90.8
2025-06-12 12:42:00,5.9
2025-06-12 11:49:00,73.6
2025-06-12 15:01:00,40.6
2025-06-12 04:26:00,50.17195767195767
2025-06-12 23:51:00,25.3
2025-06-12 09:31:00,30.3
2025-06-12 04:31:00,90.9
2025-06-12 07:37:00,12.4
2025-06-12 02:01:00,50.17195767195767
2025-06-12 13:07:00,86.2
2025-06-12 14:58:00,19.6
2025-06-12 01:34:00,86.1
2025-06-12 11:46:00,84.8
2025-06-12 11:24:00,50.17195767195767
2025-06-12 04:45:00,63.2
2025-06-12 04:29:00,16.0
2025-06-12 03:46:00,55.9
2025-06-12 07:04:00,76.9
2025-06-12 11:02:00,25.7
2025-06-12 10:03:00,50.17195767195767
2025-06-12 13:49:00,50.17195767195767
2025-06-12 08:39:00,57.2
2025-06-12 06:16:00,48.7
2025-06-12 17:18:00,8.9
2025-06-12 11:11:00,77.7
2025-06-12 16:08:00,8.0
2025-06-12 03:55:00,50.17195767195767
2025-06-12 02:07:00,17.9
2025-06-12 20:00:00,86.9
2025-06-12 04:19:00,76.3
2025-06-12 01:50:00,46.1
2025-06-12 03:27:00,82.5
2025-06-12 02:57:00,45.5
2025-06-12 03:08:00,69.8
2025-06-12 04:40:00,35.7
2025-06-12 19:14:00,60.5
2025-06-12 11:15:00,50.17195767195767
2025-06-12 09:36:00,50.17195767195767
2025-06-12 03:25:00,6.3
2025-06-12 16:52:00,50.17195767195767
2025-06-12 16:36:00,10.7
2025-06-12 04:01:00,74.3
2025-06-12 04:47:00,32.2
2025-06-12 14:52:00,50.17195767195767
2025-06-12 08:47:00,76.1
2025-06-12 00:29:00,43.6
2025-06-12 12:06:00,89.1
2025-06-12 16:28:00,40.4
2025-06-12 04:04:00,21.6
2025-06-12 15:58:00,62.1
2025-06-12 02:14:00,50.17195767195767
2025-06-12 23:00:00,91.2
2025-06-12 18:28:00,24.9
2025-06-12 07:38:00,38.0
2025-06-12 21:15:00,48.6
2025-06-12 07:19:00,50.17195767195767
2025-06-12 12:14:00,50.17195767195767
2025-06-12 01:50:00,35.3
2025-06-12 05:29:00,49.7
2025-06-12 17:50:00,77.7
2025-06-12 10:18:00,22.9
2025-06-12 07:41:00,29.2
2025-06-12 12:49:00,92.9
2025-06-12 11:42:00,56.8
2025-06-12 16:06:00,9.6
2025-06-12 14:23:00,50.17195767195767
2025-06-12 21:50:00,12.3
2025-06-12 06:52:00,87.1
2025-06-12 11:34:00,25.9
2025-06-12 10:04:00,54.0
2025-06-12 07:25:00,21.5
2025-06-12 03:49:00,57.0
2025-06-12 06:18:00,55.0
2025-06-12 02:15:00,50.17195767195767
2025-06-12 23:59:00,46.0
2025-06-12 18:51:00,80.3
2025-06-12 19:53:00,31.4
2025-06-12 06:47:00,62.5
2025-06-12 18:04:00,42.0
2025-06-12 04:04:00,35.2
2025-06-12 10:58:00,81.9
2025-06-12 13:46:00,3.1
2025-06-12 23:34:00,62.7
2025-06-12 03:32:00,44.3
2025-06-12 21:43:00,50.17195767195767
2025-06-12 16:21:00,90.6
2025-06-12 01:32:00,67.4
2025-06-12 19:37:00,34.3
2025-06-12 18:41:00,83.4
2025-06-12 16:04:00,48.4
2025-06-12 18:28:00,98.1
2025-06-12 02:58:00,67.9
2025-06-12 07:13:00,15.9
2025-06-12 10:56:00,46.8
2025-06-12 21:11:00,11.5
2025-06-12 09:09:00,52.4
2025-06-12 03:21:00,56.3
2025-06-12 07:41:00,81.7
2025-06-12 17:30:00,15.3
2025-06-12 09:29:00,19.3
2025-06-12 04:32:00,50.17195767195767
2025-06-12 11:18:00,73.5
2025-06-12 15:26:00,86.2
2025-06-12 12:55:00,44.7
2025-06-12 05:14:00,42.0
2025-06-12 10:01:00,68.2
2025-06-12 14:56:00,32.6
2025-06-12 06:53:00,31.4
2025-06-12 17:21:00,69.8
2025-06-12 06:12:00,12.1
2025-06-12 21:52:00,60.3
2025-06-12 12:32:00,77.0
2025-06-12 03:02:00,50.17195767195767
2025-06-12 18:50:00,18.3
2025-06-12 19:41:00,68.8
2025-06-12 09:39:00,71.1
2025-06-12 00:10:00,50.17195767195767
2025-06-12 04:27:00,30.5
2025-06-12 09:40:00,56.1
2025-06-12 18:13:00,13.1
2025-06-12 18:01:00,77.2
2025-06-12 07:17:00,40.0
2025-06-12 20:52:00,32.5
2025-06-12 22:46:00,76.1
2025-06-12 08:34:00,50.17195767195767
2025-06-12 18:33:00,59.1
2025-06-12 20:02:00,10.8
2025-06-12 03:53:00,83.1
2025-06-12 01:20:00,23.5
2025-06-12 21:59:00,14.4
2025-06-12 14:59:00,30.0
2025-06-12 07:58:00,62.6
2025-06-12 03:28:00,66.4
2025-06-12 08:44:00,58.7
2025-06-12 15:13:00,22.6
2025-06-12 06:01:00,3.5
2025-06-12 22:01:00,70.1
2025-06-12 10:21:00,16.3
2025-06-12 01:30:00,58.6
2025-06-12 16:55:00,56.2
2025-06-12 23:36:00,69.6
2025-06-12 21:08:00,50.17195767195767
2025-06-12 21:55:00,51.4
2025-06-12 17:00:00,91.1
2025-06-12 05:56:00,50.3
2025-06-12 12:34:00,25.2
2025-06-12 01:06:00,90.9
2025-06-12 22:46:00,89.2
2025-06-12 22:36:00,99.4
2025-06-12 02:58:00,9.3
2025-06-12 10:10:00,90.3
2025-06-12 20:36:00,1.7
2025-06-12 20:08:00,9.3
2025-06-12 09:36:00,15.5
2025-06-12 03:59:00,48.5
2025-06-12 10:44:00,56.8
2025-06-12 09:25:00,6.5
2025-06-12 21:36:00,68.8
2025-06-12 23:32:00,49.2
2025-06-12 13:09:00,74.5
2025-06-12 09:06:00,30.6
2025-06-12 19:34:00,28.1
2025-06-12 18:12:00,50.17195767195767
2025-06-12 05:07:00,89.3
2025-06-12 23:40:00,61.4
2025-06-12 21:02:00,68.4
2025-06-12 21:11:00,44.3
2025-06-12 21:03:00,71.1
2025-06-12 22:00:00,47.4
2025-06-12 06:22:00,31.8
2025-06-12 09:37:00,19.7
2025-06-12 10:57:00,50.17195767195767
2025-06-12 14:06:00,21.5
2025-06-12 10:55:00,84.6
2025-06-12 03:15:00,18.0
2025-06-12 09:14:00,91.7
2025-06-12 07:34:00,50.8
2025-06-12 21:39:00,26.6
2025-06-12 03:34:00,81.5
2025-06-12 12:08:00,32.3
2025-06-12 00:38:00,88.9
2025-06-12 07:44:00,18.7
2025-06-12 12:41:00,46.4
2025-06-12 06:14:00,96.8
2025-06-12 22:42:00,95.4
2025-06-12 23:13:00,56.7
2025-06-12 04:01:00,0.9
2025-06-12 04:29:00,50.17195767195767
2025-06-12 20:33:00,54.7
2025-06-12 20:11:00,12.8
2025-06-12 03:11:00,45.2
2025-06-12 21:33:00,97.7
2025-06-12 02:19:00,87.6
2025-06-12 02:39:00,33.8
2025-06-12 03:52:00,84.4
2025-06-12 14:45:00,65.0
2025-06-12 14:03:00,41.7
2025-06-12 15:35:00,72.0
2025-06-12 11:40:00,60.2
2025-06-12 05:51:00,20.7
2025-06-12 19:30:00,90.0
2025-06-12 16:53:00,14.1
2025-06-12 20:43:00,49.69252501471454
2025-06-12 13:25:00,37.8
2025-06-12 11:30:00,49.69252501471454
2025-06-12 10:18:00,31.4
2025-06-12 22:10:00,81.6
2025-06-12 10:31:00,28.2
2025-06-12 23:09:00,30.2
2025-06-12 14:07:00,60.4
2025-06-12 15:22:00,70.6
2025-06-12 18:36:00,17.8
2025-06-12 18:43:00,26.7
2025-06-12 16:34:00,85.5
2025-06-12 14:22:00,95.2
2025-06-12 23:25:00,68.4
2025-06-12 06:27:00,24.6
2025-06-12 21:01:00,49.69252501471454
2025-06-12 00:08:00,14.5
2025-06-12 10:29:00,2.5
2025-06-12 09:58:00,25.4
2025-06-12 17:07:00,49.69252501471454
2025-06-12 03:01:00,34.7
2025-06-12 02:27:00,61.3
2025-06-12 19:53:00,93.1
2025-06-12 15:26:00,90.6
2025-06-12 23:27:00,44.2
2025-06-12 06:28:00,49.69252501471454
2025-06-12 12:32:00,49.69252501471454
2025-06-12 09:31:00,71.2
2025-06-12 04:19:00,97.9
2025-06-12 07:27:00,68.3
2025-06-12 07:31:00,4.2
2025-06-12 12:18:00,49.69252501471454
2025-06-12 08:40:00,17.2
2025-06-12 18:31:00,94.4
2025-06-12 01:26:00,89.1
2025-06-12 18:30:00,33.4
2025-06-12 17:04:00,49.69252501471454
2025-06-12 19:27:00,89.1
2025-06-12 13:59:00,73.9
2025-06-12 13:18:00,90.0
2025-06-12 22:12:00,84.1
2025-06-12 23:16:00,75.3
2025-06-12 03:23:00,56.1
2025-06-12 21:39:00,65.3
2025-06-12 05:25:00,37.8
2025-06-12 05:44:00,56.0
2025-06-12 22:29:00,63.3
2025-06-12 22:25:00,57.9
2025-06-12 04:43:00,83.2
2025-06-12 02:00:00,47.7
2025-06-12 16:08:00,97.2
2025-06-12 14:51:00,49.69252501471454
2025-06-12 19:44:00,9.6
2025-06-12 08:04:00,20.1
2025-06-12 02:17:00,49.69252501471454
2025-06-12 04:03:00,79.7
2025-06-12 22:20:00,26.4
2025-06-12 21:12:00,48.6
2025-06-12 18:18:00,7.4
2025-06-12 09:42:00,49.69252501471454
2025-06-12 22:56:00,42.9
2025-06-12 15:52:00,18.9
2025-06-12 09:33:00,73.1
2025-06-12 16:31:00,90.8
2025-06-12 10:37:00,73.7
2025-06-12 23:20:00,37.9
2025-06-12 00:10:00,5.7
2025-06-12 06:12:00,49.69252501471454
2025-06-12 21:42:00,71.0
2025-06-12 20:30:00,32.6
2025-06-12 08:31:00,2.7
2025-06-12 10:00:00,49.69252501471454
2025-06-12 13:29:00,4.2
2025-06-12 17:47:00,21.8
2025-06-12 20:47:00,49.69252501471454
2025-06-12 14:52:00,25.9
2025-06-12 12:23:00,42.5
2025-06-12 23:59:00,33.7
2025-06-12 21:24:00,49.69252501471454
2025-06-12 14:11:00,17.2
2025-06-12 04:07:00,49.69252501471454
2025-06-12 17:02:00,37.4
2025-06-12 15:51:00,17.6
2025-06-12 05:09:00,82.6
2025-06-12 14:18:00,33.2
2025-06-12 11:38:00,88.1
2025-06-12 02:49:00,35.6
2025-06-12 01:06:00,41.4
2025-06-12 01:17:00,50.3
2025-06-12 01:14:00,29.2
2025-06-12 04:26:00,49.69252501471454
2025-06-12 23:24:00,37.3
2025-06-12 02:53:00,49.69252501471454
2025-06-12 08:32:00,1.5
2025-06-12 03:46:00,49.69252501471454
2025-06-12 20:54:00,67.5
2025-06-12 07:06:00,1.1
2025-06-12 04:40:00,96.2
2025-06-12 16:11:00,49.69252501471454
2025-06-12 17:59:00,78.5
2025-06-12 00:14:00,3.4
2025-06-12 04:53:00,51.5
2025-06-12 08:14:00,81.2
2025-06-12 10:10:00,94.6
2025-06-12 17:00:00,94.6
2025-06-12 22:36:00,41.8
2025-06-12 17:50:00,70.3
2025-06-12 02:46:00,38.0
2025-06-12 22:05:00,38.0
2025-06-12 02:13:00,39.6
2025-06-12 10:33:00,58.5
2025-06-12 14:04:00,48.9
2025-06-12 06:27:00,49.69252501471454
2025-06-12 21:58:00,19.0
2025-06-12 22:10:00,51.5
2025-06-12 23:29:00,87.5
2025-06-12 21:49:00,35.2
2025-06-12 12:31:00,60.5
2025-06-12 02:26:00,80.5
2025-06-12 13:39:00,49.69252501471454
2025-06-12 04:49:00,8.5
2025-06-12 10:01:00,49.69252501471454
2025-06-12 00:57:00,95.6
2025-06-12 18:05:00,39.8
2025-06-12 13:02:00,74.5
2025-06-12 01:09:00,10.5
2025-06-12 19:39:00,19.7
2025-06-12 00:25:00,49.69252501471454
2025-06-12 01:19:00,67.7
2025-06-12 13:00:00,34.3
2025-06-12 00:10:00,97.6
2025-06-12 21:51:00,98.3
2025-06-12 07:07:00,60.5
2025-06-12 16:40:00,12.4
2025-06-12 15:42:00,63.2
2025-06-12 03:55:00,88.9
2025-06-12 08:17:00,98.2
2025-06-12 09:44:00,31.6
2025-06-12 18:11:00,92.1
2025-06-12 09:53:00,63.0
2025-06-12 16:00:00,81.5
2025-06-12 05:58:00,56.2
2025-06-12 18:01:00,51.4
2025-06-12 12:40:00,63.1
2025-06-12 22:35:00,7.6
2025-06-12 10:41:00,38.6
2025-06-12 15:01:00,4.6
2025-06-12 23:06:00,7.4
2025-06-12 01:18:00,54.0
2025-06-12 09:20:00,68.8
2025-06-12 07:22:00,13.4
2025-06-12 10:06:00,67.6
2025-06-12 22:31:00,7.5
2025-06-12 02:22:00,61.7
2025-06-12 02:48:00,29.5
2025-06-12 20:47:00,50.7
2025-06-12 12:10:00,10.9
2025-06-12 01:15:00,49.69252501471454
2025-06-12 11:16:00,95.7
2025-06-12 16:27:00,6.7
2025-06-12 15:09:00,63.2
2025-06-12 20:09:00,14.6
2025-06-12 17:10:00,96.5
2025-06-12 02:56:00,38.7
2025-06-12 13:10:00,42.6
2025-06-12 11:53:00,21.4
2025-06-12 23:11:00,83.5
2025-06-12 19:45:00,49.69252501471454
2025-06-12 07:30:00,43.6
2025-06-12 22:34:00,67.6
2025-06-12 04:01:00,31.4
2025-06-12 12:24:00,53.7
2025-06-12 04:03:00,85.9
2025-06-12 01:08:00,90.0
2025-06-12 13:34:00,67.6
2025-06-12 04:35:00,69.1
2025-06-12 19:48:00,94.4
2025-06-12 08:39:00,99.0
2025-06-12 15:35:00,52.5
2025-06-12 16:12:00,29.7
2025-06-12 01:31:00,38.4
2025-06-12 06:27:00,13.0
2025-06-12 12:37:00,20.1
2025-06-12 18:01:00,84.8
2025-06-12 09:56:00,75.5
2025-06-12 01:46:00,73.6
2025-06-12 19:14:00,50.3
2025-06-12 12:59:00,68.8
2025-06-12 16:27:00,33.7
2025-06-12 15:29:00,41.3
2025-06-12 05:38:00,37.9
2025-06-12 09:57:00,43.5
2025-06-12 17:06:00,19.3
2025-06-12 00:26:00,3.9
2025-06-12 19:27:00,78.1
2025-06-12 13:28:00,6.1
2025-06-12 12:42:00,50.9
2025-06-12 04:31:00,44.7
2025-06-12 18:44:00,22.1
2025-06-12 07:30:00,7.0
2025-06-12 10:36:00,49.69252501471454
2025-06-12 21:47:00,77.8
2025-06-12 11:19:00,70.5
2025-06-12 23:04:00,49.69252501471454
2025-06-12 22:25:00,26.4
2025-06-12 08:40:00,12.6
2025-06-12 19:19:00,49.69252501471454
2025-06-12 18:17:00,58.6
2025-06-12 06:23:00,36.5
2025-06-12 10:01:00,92.6
2025-06-12 16:16:00,67.6
2025-06-12 04:56:00,85.8
2025-06-12 12:09:00,90.8
2025-06-12 04:57:00,16.0
2025-06-12 08:40:00,65.7
2025-06-12 15:32:00,49.69252501471454
2025-06-12 19:44:00,6.8
2025-06-12 00:16:00,5.1
2025-06-12 18:37:00,94.1
2025-06-12 04:03:00,1.4
2025-06-12 13:46:00,49.69252501471454
2025-06-12 23:33:00,59.3
2025-06-12 16:27:00,49.69252501471454
2025-06-12 12:24:00,49.69252501471454
2025-06-12 16:36:00,63.3
2025-06-12 21:26:00,7.0
2025-06-12 11:17:00,39.3
2025-06-12 22:30:00,42.7
2025-06-12 04:37:00,17.4
2025-06-12 08:46:00,76.6
2025-06-12 05:29:00,79.1
2025-06-12 08:42:00,83.6
2025-06-12 11:21:00,14.9
2025-06-12 23:08:00,71.8
2025-06-12 13:47:00,28.9
2025-06-12 17:03:00,49.69252501471454
2025-06-12 08:02:00,42.0
2025-06-12 04:53:00,87.4
2025-06-12 18:14:00,36.4
2025-06-12 05:21:00,64.2
2025-06-12 22:47:00,14.3
2025-06-12 16:52:00,55.8
2025-06-12 13:40:00,86.1
2025-06-12 16:41:00,52.0
2025-06-12 17:39:00,84.7
2025-06-12 11:50:00,22.9
2025-06-12 22:40:00,89.4
2025-06-12 22:59:00,49.69252501471454
2025-06-12 02:16:00,72.4
2025-06-12 01:32:00,94.8
2025-06-12 19:49:00,1.9
2025-06-12 05:39:00,92.5
2025-06-12 06:04:00,49.69252501471454
2025-06-12 11:56:00,49.69252501471454
2025-06-12 13:10:00,59.5
2025-06-12 16:32:00,56.1
2025-06-12 17:07:00,73.6
2025-06-12 01:48:00,63.3
2025-06-12 06:07:00,48.8
2025-06-12 02:31:00,66.4
2025-06-12 12:49:00,44.4
2025-06-12 11:40:00,93.0
2025-06-12 18:32:00,65.7
2025-06-12 23:09:00,11.3
2025-06-12 09:53:00,63.1
2025-06-12 10:25:00,48.5
2025-06-12 00:20:00,64.3
2025-06-12 03:29:00,51.6
2025-06-12 20:14:00,49.69252501471454
2025-06-12 11:40:00,89.1
2025-06-12 16:44:00,77.0
2025-06-12 10:35:00,49.69252501471454
2025-06-12 07:20:00,49.69252501471454
2025-06-12 04:59:00,82.3
2025-06-12 19:28:00,49.69252501471454
2025-06-12 20:43:00,50.7
2025-06-12 18:38:00,77.5
2025-06-12 14:34:00,51.7
2025-06-12 09:49:00,31.6
2025-06-12 06:23:00,70.3
2025-06-12 23:57:00,10.9
2025-06-12 00:28:00,49.69252501471454
2025-06-12 12:48:00,63.7
2025-06-12 06:14:00,49.69252501471454
2025-06-12 00:03:00,54.5
2025-06-12 10:11:00,84.2
2025-06-12 01:38:00,9.5
2025-06-12 17:18:00,81.8
2025-06-12 21:27:00,87.3
2025-06-12 15:21:00,47.8
2025-06-12 10:52:00,77.3
2025-06-12 13:44:00,68.6
2025-06-12 08:38:00,60.5
2025-06-12 02:16:00,95.2
2025-06-12 00:06:00,55.1
2025-06-12 06:03:00,90.8
2025-06-12 23:00:00,69.6
2025-06-12 22:09:00,20.7
2025-06-12 19:51:00,82.3
2025-06-12 01:41:00,23.9
2025-06-12 18:06:00,22.6
2025-06-12 12:56:00,30.7
2025-06-12 09:04:00,50.2
2025-06-12 05:05:00,40.9
2025-06-12 16:20:00,58.4
2025-06-12 13:57:00,30.3
2025-06-12 00:10:00,80.7
2025-06-12 20:16:00,49.69252501471454
2025-06-12 19:05:00,3.5
2025-06-12 04:23:00,3.7
2025-06-12 21:42:00,49.69252501471454
2025-06-12 00:36:00,49.69252501471454
2025-06-12 23:20:00,25.8
2025-06-12 17:28:00,92.4
2025-06-12 03:33:00,49.69252501471454
2025-06-12 03:17:00,21.9
2025-06-12 05:12:00,90.6
2025-06-12 03:18:00,28.0
2025-06-12 14:43:00,73.8
2025-06-12 10:41:00,82.1
2025-06-12 12:56:00,77.1
2025-06-12 06:32:00,1.1
2025-06-12 23:28:00,66.6
2025-06-12 18:03:00,0.7
2025-06-12 18:03:00,96.7
2025-06-12 03:00:00,69.0
2025-06-12 03:21:00,36.0
2025-06-12 02:22:00,2.4
2025-06-12 06:26:00,22.0
2025-06-12 04:57:00,28.5
2025-06-12 09:22:00,3.1
2025-06-12 07:40:00,84.1
2025-06-12 03:01:00,65.2
2025-06-12 21:32:00,18.2
2025-06-12 13:17:00,49.88181818181819
2025-06-12 11:25:00,34.1
2025-06-12 08:47:00,49.88181818181819
2025-06-12 19:25:00,37.7
2025-06-12 04:00:00,58.6
2025-06-12 05:24:00,49.88181818181819
2025-06-12 06:24:00,36.0
2025-06-12 01:02:00,91.7
2025-06-12 00:37:00,45.9
2025-06-12 16:56:00,50.9
2025-06-12 12:59:00,49.88181818181819
2025-06-12 02:06:00,95.3
2025-06-12 05:29:00,49.88181818181819
2025-06-12 05:35:00,99.1
2025-06-12 19:57:00,4.4
2025-06-12 17:15:00,57.3
2025-06-12 18:10:00,93.4
2025-06-12 21:02:00,81.0
2025-06-12 16:09:00,92.0
2025-06-12 17:56:00,49.88181818181819
2025-06-12 19:44:00,47.1
2025-06-12 11:30:00,69.5
2025-06-12 00:13:00,1.5
2025-06-12 04:44:00,4.9
2025-06-12 11:59:00,91.1
2025-06-12 06:44:00,84.3
2025-06-12 08:18:00,49.88181818181819
2025-06-12 20:21:00,71.0
2025-06-12 00:29:00,60.8
2025-06-12 07:14:00,9.7
2025-06-12 18:48:00,98.8
2025-06-12 13:05:00,19.1
2025-06-12 17:53:00,76.9
2025-06-12 04:04:00,45.8
2025-06-12 23:04:00,59.2
2025-06-12 17:43:00,49.88181818181819
2025-06-12 01:28:00,63.0
2025-06-12 01:41:00,28.4
2025-06-12 15:35:00,77.2
2025-06-12 01:30:00,14.9
2025-06-12 15:52:00,49.88181818181819
2025-06-12 08:23:00,49.88181818181819
2025-06-12 13:41:00,89.3
2025-06-12 09:13:00,64.7
2025-06-12 11:23:00,89.9
2025-06-12 21:10:00,36.4
2025-06-12 04:42:00,49.88181818181819
2025-06-12 19:16:00,49.9
2025-06-12 00:41:00,37.4
2025-06-12 06:13:00,44.8
2025-06-12 00:26:00,31.9
2025-06-12 23:38:00,33.9
2025-06-12 01:21:00,49.88181818181819
2025-06-12 17:30:00,32.0
2025-06-12 12:37:00,97.7
2025-06-12 12:29:00,36.4
2025-06-12 12:34:00,49.88181818181819
2025-06-12 08:23:00,59.4
2025-06-12 11:27:00,63.9
2025-06-12 18:15:00,6.5
2025-06-12 23:53:00,40.2
2025-06-12 17:56:00,69.2
2025-06-12 18:07:00,68.8
2025-06-12 20:59:00,33.0
2025-06-12 06:24:00,18.2
2025-06-12 15:07:00,24.7
2025-06-12 21:19:00,46.7
2025-06-12 14:05:00,97.0
2025-06-12 21:00:00,30.2
2025-06-12 04:06:00,85.0
2025-06-12 13:21:00,49.88181818181819
2025-06-12 15:05:00,98.4
2025-06-12 12:36:00,95.3
2025-06-12 14:48:00,23.8
2025-06-12 20:55:00,31.7
2025-06-12 04:56:00,48.9
2025-06-12 20:54:00,67.1
2025-06-12 18:41:00,77.2
2025-06-12 06:51:00,2.2
2025-06-12 22:27:00,41.0
2025-06-12 17:53:00,31.8
2025-06-12 08:52:00,16.3
2025-06-12 07:26:00,49.88181818181819
2025-06-12 08:25:00,63.8
2025-06-12 09:03:00,53.7
2025-06-12 21:34:00,13.1
2025-06-12 03:36:00,49.88181818181819
2025-06-12 01:04:00,49.88181818181819
2025-06-12 21:01:00,32.8
2025-06-12 18:57:00,8.6
2025-06-12 20:50:00,49.88181818181819
2025-06-12 23:58:00,2.6
2025-06-12 09:12:00,62.7
2025-06-12 03:26:00,33.1
2025-06-12 05:48:00,49.88181818181819
2025-06-12 15:31:00,38.9
2025-06-12 19:14:00,50.0
2025-06-12 21:06:00,49.88181818181819
2025-06-12 17:04:00,24.6
2025-06-12 02:01:00,16.3
2025-06-12 05:41:00,2.3
2025-06-12 07:05:00,63.5
2025-06-12 23:29:00,21.7
2025-06-12 08:48:00,82.7
2025-06-12 18:05:00,19.0
2025-06-12 02:48:00,30.0
2025-06-12 00:08:00,42.4
2025-06-12 02:50:00,56.0
2025-06-12 22:03:00,61.8
2025-06-12 20:18:00,97.0
2025-06-12 23:53:00,38.2
2025-06-12 05:10:00,97.4
2025-06-12 06:48:00,79.8
2025-06-12 02:49:00,49.88181818181819
2025-06-12 19:25:00,70.8
2025-06-12 13:30:00,57.9
2025-06-12 08:21:00,13.0
2025-06-12 12:41:00,80.9
2025-06-12 16:39:00,68.9
2025-06-12 04:21:00,49.88181818181819
2025-06-12 23:08:00,55.7
2025-06-12 15:14:00,17.4
2025-06-12 17:21:00,48.1
2025-06-12 16:07:00,4.1
2025-06-12 14:05:00,37.3
2025-06-12 22:44:00,26.3
2025-06-12 22:03:00,49.88181818181819
2025-06-12 21:53:00,36.4
2025-06-12 05:04:00,72.6
2025-06-12 04:25:00,97.4
2025-06-12 10:59:00,12.7
2025-06-12 17:24:00,96.9
2025-06-12 22:42:00,15.1
2025-06-12 13:59:00,99.1
2025-06-12 07:13:00,42.0
2025-06-12 15:26:00,36.7
2025-06-12 02:25:00,95.7
2025-06-12 09:05:00,86.9
2025-06-12 12:12:00,44.7
2025-06-12 11:40:00,64.4
2025-06-12 09:01:00,50.1
2025-06-12 08:39:00,71.9
2025-06-12 04:07:00,83.4
2025-06-12 03:13:00,33.7
2025-06-12 14:31:00,49.88181818181819
2025-06-12 03:58:00,9.1
2025-06-12 21:55:00,14.6
2025-06-12 08:35:00,71.0
2025-06-12 09:12:00,49.88181818181819
2025-06-12 17:15:00,12.8
2025-06-12 06:03:00,49.88181818181819
2025-06-12 16:04:00,33.1
2025-06-12 00:20:00,85.9
2025-06-12 14:50:00,88.0
2025-06-12 23:21:00,0.6
2025-06-12 12:42:00,63.6
2025-06-12 00:36:00,31.7
2025-06-12 02:51:00,15.0
2025-06-12 01:22:00,72.5
2025-06-12 18:00:00,56.0
2025-06-12 06:19:00,34.6
2025-06-12 01:31:00,64.1
2025-06-12 16:17:00,97.1
2025-06-12 21:27:00,57.0
2025-06-12 11:52:00,6.2
2025-06-12 20:58:00,54.1
2025-06-12 12:04:00,43.6
2025-06-12 17:23:00,31.5
2025-06-12 09:17:00,14.1
2025-06-12 17:42:00,99.8
2025-06-12 02:41:00,49.88181818181819
2025-06-12 11:31:00,49.88181818181819
2025-06-12 19:37:00,49.88181818181819
2025-06-12 20:31:00,16.5
2025-06-12 11:56:00,56.8
2025-06-12 07:41:00,45.6
2025-06-12 21:54:00,4.9
2025-06-12 19:39:00,98.1
2025-06-12 03:02:00,22.2
2025-06-12 04:07:00,25.6
2025-06-12 06:53:00,32.4
2025-06-12 11:56:00,24.5
2025-06-12 00:34:00,77.6
2025-06-12 00:36:00,99.7
2025-06-12 19:25:00,46.6
2025-06-12 10:20:00,49.88181818181819
2025-06-12 23:11:00,25.1
2025-06-12 05:15:00,13.9
2025-06-12 20:51:00,68.0
2025-06-12 02:34:00,30.3
2025-06-12 03:19:00,49.88181818181819
2025-06-12 19:31:00,83.5
2025-06-12 14:01:00,88.6
2025-06-12 23:31:00,34.4
2025-06-12 11:37:00,4.0
2025-06-12 20:14:00,52.7
2025-06-12 15:27:00,7.4
2025-06-12 23:05:00,32.7
2025-06-12 14:28:00,24.4
2025-06-12 13:14:00,90.5
2025-06-12 01:54:00,50.7
2025-06-12 19:54:00,16.4
2025-06-12 23:35:00,85.1
2025-06-12 14:48:00,49.88181818181819
2025-06-12 14:14:00,13.1
2025-06-12 05:05:00,60.4
2025-06-12 20:51:00,92.4
2025-06-12 01:20:00,24.7
2025-06-12 08:15:00,49.88181818181819
2025-06-12 02:32:00,79.5
2025-06-12 03:44:00,61.0
2025-06-12 10:56:00,49.88181818181819
2025-06-12 11:07:00,16.7
2025-06-12 03:01:00,58.9
2025-06-12 06:06:00,42.8
2025-06-12 06:25:00,49.88181818181819
2025-06-12 09:54:00,58.8
2025-06-12 09:29:00,35.3
2025-06-12 04:16:00,63.1
2025-06-12 13:19:00,93.0
2025-06-12 02:16:00,77.6
2025-06-12 10:11:00,10.6
2025-06-12 09:23:00,92.1
2025-06-12 15:21:00,27.8
2025-06-12 10:51:00,66.3
2025-06-12 21:52:00,20.2
2025-06-12 12:42:00,98.3
2025-06-12 07:40:00,80.4
2025-06-12 10:19:00,71.2
2025-06-12 04:34:00,73.3
2025-06-12 14:27:00,96.1
2025-06-12 01:01:00,97.3
2025-06-12 18:13:00,49.88181818181819
2025-06-12 14:14:00,41.9
2025-06-12 08:05:00,49.88181818181819
2025-06-12 04:40:00,50.8
2025-06-12 02:27:00,58.9
2025-06-12 00:34:00,22.8
2025-06-12 09:59:00,61.8
2025-06-12 14:03:00,47.2
2025-06-12 19:48:00,95.4
2025-06-12 00:49:00,12.8
2025-06-12 23:39:00,28.0
2025-06-12 19:52:00,87.3
2025-06-12 03:29:00,63.3
2025-06-12 15:09:00,73.2
2025-06-12 19:45:00,97.1
2025-06-12 23:37:00,49.88181818181819
2025-06-12 16:21:00,68.6
2025-06-12 17:56:00,82.3
2025-06-12 13:51:00,91.1
2025-06-12 04:35:00,17.0
2025-06-12 11:22:00,6.8
2025-06-12 22:31:00,77.2
2025-06-12 15:35:00,72.6
2025-06-12 12:14:00,49.88181818181819
2025-06-12 21:09:00,63.5
2025-06-12 19:58:00,85.4
2025-06-12 10:13:00,49.88181818181819
2025-06-12 22:02:00,39.5
2025-06-12 10:52:00,39.6
2025-06-12 00:10:00,89.5
2025-06-12 06:31:00,13.6
2025-06-12 19:20:00,96.5
2025-06-12 21:31:00,65.2
2025-06-12 22:24:00,80.3
2025-06-12 22:20:00,98.4
2025-06-12 12:26:00,94.8
2025-06-12 22:27:00,36.0
2025-06-12 21:04:00,77.1
2025-06-12 19:58:00,49.88181818181819
2025-06-12 09:02:00,99.0
2025-06-12 12:26:00,33.8
2025-06-12 16:13:00,11.7
2025-06-12 06:17:00,49.88181818181819
2025-06-12 03:54:00,49.88181818181819
2025-06-12 07:35:00,19.1
2025-06-12 04:11:00,42.2
2025-06-12 04:21:00,28.2
2025-06-12 01:01:00,75.0
2025-06-12 18:31:00,69.6
2025-06-12 17:22:00,82.2
2025-06-12 19:35:00,49.88181818181819
2025-06-12 08:01:00,36.7
2025-06-12 20:15:00,17.7
2025-06-12 04:24:00,13.3
2025-06-12 12:19:00,49.88181818181819
2025-06-12 23:19:00,49.88181818181819
2025-06-12 14:01:00,22.7
2025-06-12 20:41:00,2.8
2025-06-12 06:07:00,12.3
2025-06-12 13:32:00,62.6
2025-06-12 02:35:00,68.1
2025-06-12 01:30:00,33.6
2025-06-12 07:05:00,49.88181818181819
2025-06-12 03:04:00,94.4
2025-06-12 16:49:00,49.88181818181819
2025-06-12 09:12:00,98.3
2025-06-12 11:07:00,55.6
2025-06-12 11:21:00,11.6
2025-06-12 15:51:00,4.3
2025-06-12 08:26:00,72.6
2025-06-12 23:22:00,94.5
2025-06-12 04:31:00,49.88181818181819
2025-06-12 09:33:00,49.88181818181819
2025-06-12 11:12:00,49.88181818181819
2025-06-12 07:47:00,29.8
2025-06-12 20:54:00,49.88181818181819
2025-06-12 18:01:00,2.3
2025-06-12 06:36:00,7.2
2025-06-12 00:44:00,3.7
2025-06-12 07:25:00,27.3
2025-06-12 16:46:00,69.0
2025-06-12 03:10:00,45.9
2025-06-12 10:35:00,30.4
2025-06-12 20:32:00,62.9
2025-06-12 12:18:00,40.1
2025-06-12 11:39:00,47.3
2025-06-12 11:13:00,0.9
2025-06-12 15:01:00,69.8
2025-06-12 07:40:00,6.1
2025-06-12 21:49:00,24.9
2025-06-12 05:38:00,49.88181818181819
2025-06-12 16:10:00,57.1
2025-06-12 20:09:00,13.3
2025-06-12 00:25:00,61.4
2025-06-12 06:21:00,26.0
2025-06-12 23:52:00,5.6
2025-06-12 05:36:00,4.4
2025-06-12 09:20:00,28.6
2025-06-12 19:40:00,69.8
2025-06-12 03:51:00,3.9
2025-06-12 14:52:00,39.1
2025-06-12 23:52:00,78.0
2025-06-12 07:15:00,43.5
2025-06-12 07:52:00,44.0
2025-06-12 18:57:00,36.2
2025-06-12 08:42:00,78.9
2025-06-12 21:32:00,13.2
2025-06-12 20:47:00,38.7
2025-06-12 02:01:00,55.1
2025-06-12 04:57:00,21.6
2025-06-12 18:06:00,49.88181818181819
2025-06-12 21:33:00,49.88181818181819
2025-06-12 05:40:00,67.4
2025-06-12 23:11:00,68.3
2025-06-12 16:01:00,84.3
2025-06-12 21:01:00,62.9
2025-06-12 20:14:00,38.0
2025-06-12 08:30:00,15.1
2025-06-12 12:57:00,2.1
2025-06-12 12:35:00,77.1
2025-06-12 04:58:00,4.5
2025-06-12 06:37:00,12.7
2025-06-12 10:41:00,75.5
2025-06-12 20:38:00,27.2
2025-06-12 00:50:00,24.8
2025-06-12 03:01:00,50.019744401453856
2025-06-12 10:28:00,84.5
2025-06-12 12:32:00,2.2
2025-06-12 07:51:00,47.1
2025-06-12 11:57:00,48.2
2025-06-12 08:08:00,86.7
2025-06-12 13:54:00,50.019744401453856
2025-06-12 05:47:00,65.7
2025-06-12 18:00:00,23.4
2025-06-12 21:01:00,50.0
2025-06-12 12:22:00,64.8
2025-06-12 15:01:00,31.5
2025-06-12 09:59:00,89.5
2025-06-12 01:21:00,44.3
2025-06-12 18:18:00,76.2
2025-06-12 17:52:00,63.5
2025-06-12 08:03:00,64.4
2025-06-12 11:42:00,90.5
2025-06-12 17:34:00,89.3
2025-06-12 21:17:00,55.9
2025-06-12 21:12:00,79.7
2025-06-12 08:14:00,4.2
2025-06-12 07:53:00,85.0
2025-06-12 04:43:00,65.9
2025-06-12 20:24:00,7.0
2025-06-12 15:03:00,80.6
2025-06-12 05:29:00,41.8
2025-06-12 14:35:00,82.5
2025-06-12 16:16:00,20.8
2025-06-12 21:53:00,63.2
2025-06-12 15:37:00,59.7
2025-06-12 13:29:00,52.9
2025-06-12 10:24:00,23.5
2025-06-12 21:10:00,55.0
2025-06-12 20:06:00,66.9
2025-06-12 15:11:00,60.1
2025-06-12 16:25:00,90.2
2025-06-12 23:44:00,44.6
2025-06-12 18:29:00,11.1
2025-06-12 20:04:00,50.019744401453856
2025-06-12 22:55:00,90.7
2025-06-12 06:16:00,55.0
2025-06-12 19:50:00,14.2
2025-06-12 20:08:00,6.1
2025-06-12 00:07:00,50.019744401453856
2025-06-12 13:00:00,43.7
2025-06-12 01:04:00,57.2
2025-06-12 07:25:00,88.9
2025-06-12 12:01:00,90.9
2025-06-12 02:03:00,41.6
2025-06-12 13:22:00,27.0
2025-06-12 16:54:00,61.9
2025-06-12 11:59:00,28.3
2025-06-12 16:22:00,26.9
2025-06-12 20:16:00,96.4
2025-06-12 10:12:00,6.5
2025-06-12 23:53:00,51.5
2025-06-12 05:15:00,50.019744401453856
2025-06-12 03:42:00,9.5
2025-06-12 03:13:00,27.4
2025-06-12 08:34:00,59.7
2025-06-12 01:01:00,67.2
2025-06-12 18:43:00,49.8
2025-06-12 00:29:00,2.9
2025-06-12 02:36:00,84.1
2025-06-12 04:25:00,15.8
2025-06-12 09:46:00,24.0
2025-06-12 00:10:00,50.019744401453856
2025-06-12 13:38:00,63.3
2025-06-12 04:15:00,68.1
2025-06-12 13:52:00,36.3
2025-06-12 04:18:00,77.6
2025-06-12 02:18:00,27.4
2025-06-12 00:26:00,73.6
2025-06-12 21:52:00,50.019744401453856
2025-06-12 20:57:00,24.9
2025-06-12 20:21:00,62.7
2025-06-12 06:58:00,65.3
2025-06-12 07:30:00,78.7
2025-06-12 03:27:00,37.9
2025-06-12 11:11:00,24.7
2025-06-12 23:51:00,55.2
2025-06-12 19:07:00,10.9
2025-06-12 10:05:00,77.6
2025-06-12 12:24:00,10.3
2025-06-12 10:50:00,50.019744401453856
2025-06-12 08:16:00,1.7
2025-06-12 21:59:00,70.7
2025-06-12 09:33:00,57.9
2025-06-12 03:49:00,50.019744401453856
2025-06-12 05:53:00,34.7
2025-06-12 15:12:00,53.9
2025-06-12 23:26:00,68.5
2025-06-12 00:38:00,52.6
2025-06-12 00:30:00,77.7
2025-06-12 03:45:00,10.1
2025-06-12 18:14:00,10.6
2025-06-12 19:05:00,9.8
2025-06-12 03:10:00,48.8
2025-06-12 21:32:00,57.1
2025-06-12 02:09:00,82.0
2025-06-12 00:34:00,99.1
2025-06-12 18:04:00,98.3
2025-06-12 16:48:00,92.4
2025-06-12 20:24:00,19.7
2025-06-12 02:38:00,50.019744401453856
2025-06-12 01:00:00,38.4
2025-06-12 03:50:00,93.9
2025-06-12 09:01:00,8.4
2025-06-12 07:26:00,72.1
2025-06-12 12:58:00,50.019744401453856
2025-06-12 00:37:00,95.3
2025-06-12 17:09:00,80.2
2025-06-12 22:59:00,62.0
2025-06-12 23:09:00,34.4
2025-06-12 20:38:00,53.2
2025-06-12 10:45:00,99.9
2025-06-12 20:56:00,81.5
2025-06-12 06:03:00,85.9
2025-06-12 02:36:00,11.1
2025-06-12 10:24:00,50.019744401453856
2025-06-12 11:56:00,31.9
2025-06-12 10:34:00,34.3
2025-06-12 04:03:00,37.5
2025-06-12 14:41:00,54.0
2025-06-12 20:13:00,50.019744401453856
2025-06-12 17:13:00,52.9
2025-06-12 15:19:00,50.019744401453856
2025-06-12 03:53:00,42.6
2025-06-12 05:46:00,50.019744401453856
2025-06-12 07:07:00,43.1
2025-06-12 06:49:00,29.5
2025-06-12 13:50:00,89.4
2025-06-12 22:16:00,16.0
2025-06-12 16:44:00,39.5
2025-06-12 22:08:00,50.019744401453856
2025-06-12 08:20:00,50.019744401453856
2025-06-12 05:16:00,53.2
2025-06-12 08:13:00,31.9
2025-06-12 01:43:00,82.1
2025-06-12 09:36:00,50.019744401453856
2025-06-12 06:00:00,55.1
2025-06-12 09:42:00,43.8
2025-06-12 09:46:00,75.3
2025-06-12 04:05:00,64.7
2025-06-12 06:26:00,97.9
2025-06-12 11:00:00,34.7
2025-06-12 03:41:00,69.4
2025-06-12 22:29:00,50.9
2025-06-12 12:34:00,54.9
2025-06-12 02:04:00,2.1
2025-06-12 17:09:00,38.9
2025-06-12 11:30:00,56.7
2025-06-12 03:50:00,9.7
2025-06-12 02:28:00,42.2
2025-06-12 21:41:00,68.8
2025-06-12 22:18:00,15.9
2025-06-12 23:52:00,42.6
2025-06-12 04:12:00,68.4
2025-06-12 12:17:00,61.3
2025-06-12 07:05:00,42.9
2025-06-12 09:07:00,98.2
2025-06-12 12:44:00,68.2
2025-06-12 15:28:00,50.019744401453856
2025-06-12 04:29:00,50.019744401453856
2025-06-12 11:41:00,0.2
2025-06-12 21:31:00,50.019744401453856
2025-06-12 18:22:00,10.1
2025-06-12 00:39:00,87.5
2025-06-12 02:44:00,50.019744401453856
2025-06-12 01:59:00,9.3
2025-06-12 08:37:00,5.2
2025-06-12 20:10:00,51.2
2025-06-12 23:38:00,39.5
2025-06-12 01:04:00,28.4
2025-06-12 07:55:00,68.6
2025-06-12 07:06:00,50.019744401453856
2025-06-12 18:09:00,22.3
2025-06-12 18:52:00,2.1
2025-06-12 21:43:00,49.2
2025-06-12 12:26:00,50.019744401453856
2025-06-12 23:14:00,85.5
2025-06-12 16:58:00,79.0
2025-06-12 01:31:00,94.8
2025-06-12 22:13:00,52.0
2025-06-12 11:57:00,84.0
2025-06-12 02:30:00,17.5
2025-06-12 05:18:00,4.0
2025-06-12 10:12:00,50.019744401453856
2025-06-12 14:49:00,50.019744401453856
2025-06-12 17:21:00,29.8
2025-06-12 21:52:00,90.8
2025-06-12 01:59:00,68.3
2025-06-12 01:18:00,48.3
2025-06-12 22:34:00,50.019744401453856
2025-06-12 09:41:00,52.9
2025-06-12 10:08:00,37.2
2025-06-12 04:38:00,40.5
2025-06-12 01:17:00,38.4
2025-06-12 01:40:00,78.6
2025-06-12 16:36:00,22.2
2025-06-12 03:54:00,47.0
2025-06-12 16:28:00,79.6
2025-06-12 07:34:00,56.7
2025-06-12 17:27:00,85.8
2025-06-12 23:15:00,9.7
2025-06-12 14:45:00,66.4
2025-06-12 02:53:00,21.9
2025-06-12 15:32:00,66.3
2025-06-12 04:55:00,2.5
2025-06-12 20:06:00,60.5
2025-06-12 11:20:00,18.7
2025-06-12 08:33:00,71.7
2025-06-12 03:43:00,3.2
2025-06-12 07:01:00,88.9
2025-06-12 22:41:00,26.0
2025-06-12 01:40:00,31.0
2025-06-12 22:43:00,79.2
2025-06-12 20:59:00,50.019744401453856
2025-06-12 22:14:00,84.1
2025-06-12 19:14:00,64.3
2025-06-12 09:46:00,43.9
2025-06-12 15:22:00,50.019744401453856
2025-06-12 15:44:00,52.5
2025-06-12 19:09:00,44.4
2025-06-12 16:20:00,50.019744401453856
2025-06-12 16:04:00,50.019744401453856
2025-06-12 16:05:00,27.6
2025-06-12 18:00:00,35.7
2025-06-12 06:50:00,50.019744401453856
2025-06-12 23:20:00,49.9
2025-06-12 22:30:00,50.7
2025-06-12 11:00:00,50.019744401453856
2025-06-12 03:28:00,50.019744401453856
2025-06-12 21:46:00,56.1
2025-06-12 11:33:00,68.9
2025-06-12 06:58:00,59.8
2025-06-12 20:09:00,62.3
2025-06-12 16:10:00,76.2
2025-06-12 12:06:00,39.1
2025-06-12 12:48:00,41.0
2025-06-12 12:11:00,28.7
2025-06-12 05:04:00,92.0
2025-06-12 02:46:00,57.4
2025-06-12 13:52:00,59.7
2025-06-12 08:53:00,89.9
2025-06-12 10:51:00,7.6
2025-06-12 20:23:00,26.2
2025-06-12 17:59:00,65.7
2025-06-12 12:57:00,93.1
2025-06-12 06:22:00,22.7
2025-06-12 15:05:00,20.3
2025-06-12 16:33:00,50.019744401453856
2025-06-12 01:05:00,18.2
2025-06-12 21:25:00,97.0
2025-06-12 08:49:00,75.0
2025-06-12 02:29:00,82.4
2025-06-12 16:43:00,67.5
2025-06-12 19:13:00,82.4
2025-06-12 04:53:00,39.7
2025-06-12 16:45:00,99.0
2025-06-12 04:23:00,97.9
2025-06-12 13:58:00,43.8
2025-06-12 19:54:00,30.7
2025-06-12 11:29:00,85.8
2025-06-12 22:21:00,57.6
2025-06-12 12:10:00,62.3
2025-06-12 19:24:00,76.3
2025-06-12 15:59:00,23.5
2025-06-12 04:41:00,97.7
2025-06-12 08:14:00,95.8
2025-06-12 05:51:00,20.1
2025-06-12 20:56:00,22.1
2025-06-12 05:05:00,62.6
2025-06-12 23:22:00,47.6
2025-06-12 02:26:00,17.0
2025-06-12 07:00:00,57.6
2025-06-12 02:31:00,75.7
2025-06-12 06:13:00,48.3
2025-06-12 18:00:00,50.019744401453856
2025-06-12 00:41:00,65.7
2025-06-12 02:26:00,50.019744401453856
2025-06-12 08:49:00,26.6
2025-06-12 17:36:00,62.6
2025-06-12 00:24:00,91.3
2025-06-12 11:46:00,50.019744401453856
2025-06-12 12:21:00,68.5
2025-06-12 10:46:00,23.6
2025-06-12 12:37:00,0.2
2025-06-12 16:07:00,56.1
2025-06-12 13:13:00,20.4
2025-06-12 02:39:00,73.9
2025-06-12 07:55:00,2.4
2025-06-12 10:40:00,50.019744401453856
2025-06-12 08:37:00,56.5
2025-06-12 15:24:00,50.019744401453856
2025-06-12 01:20:00,26.3
2025-06-12 15:47:00,84.3
2025-06-12 22:56:00,50.019744401453856
2025-06-12 17:31:00,91.7
2025-06-12 22:01:00,36.8
2025-06-12 11:20:00,6.8
2025-06-12 05:28:00,50.2
2025-06-12 16:10:00,50.019744401453856
2025-06-12 17:11:00,4.7
2025-06-12 12:46:00,7.8
2025-06-12 19:53:00,76.3
2025-06-12 04:53:00,52.8
2025-06-12 04:22:00,7.3
2025-06-12 13:29:00,53.0
2025-06-12 21:36:00,18.0
2025-06-12 04:49:00,27.4
2025-06-12 02:54:00,30.9
2025-06-12 12:17:00,87.6
2025-06-12 14:59:00,37.9
2025-06-12 22:59:00,24.3
2025-06-12 08:07:00,14.6
2025-06-12 05:13:00,6.0
2025-06-12 20:19:00,96.9
2025-06-12 20:30:00,85.8
2025-06-12 13:13:00,50.019744401453856
2025-06-12 09:44:00,75.5
2025-06-12 23:43:00,43.0
2025-06-12 09:08:00,43.0
2025-06-12 09:32:00,8.5
2025-06-12 14:05:00,2.6
2025-06-12 20:11:00,71.0
2025-06-12 18:02:00,69.7
2025-06-12 21:02:00,50.019744401453856
2025-06-12 22:55:00,50.019744401453856
2025-06-12 01:47:00,80.0
2025-06-12 16:18:00,26.0
2025-06-12 12:43:00,48.2
2025-06-12 18:33:00,42.2
2025-06-12 10:21:00,72.0
2025-06-12 08:17:00,63.0
2025-06-12 16:31:00,68.1
2025-06-12 06:16:00,58.0
2025-06-12 16:12:00,49.0
2025-06-12 22:00:00,50.0
2025-06-12 12:35:00,70.1
2025-06-12 21:00:00,86.2
2025-06-12 14:02:00,49.94205948042788
2025-06-12 12:03:00,19.7
2025-06-12 18:39:00,19.2
2025-06-12 18:57:00,73.5
2025-06-12 04:44:00,11.1
2025-06-12 16:48:00,12.0
2025-06-12 19:43:00,22.0
2025-06-12 01:17:00,92.4
2025-06-12 18:23:00,24.3
2025-06-12 04:07:00,13.4
2025-06-12 02:53:00,14.3
2025-06-12 00:24:00,1.2
2025-06-12 18:04:00,16.2
2025-06-12 12:27:00,30.9
2025-06-12 01:00:00,36.6
2025-06-12 08:56:00,94.3
2025-06-12 01:48:00,69.5
2025-06-12 15:32:00,36.7
2025-06-12 11:36:00,8.5
2025-06-12 14:22:00,70.2
2025-06-12 10:31:00,0.8
2025-06-12 16:31:00,14.3
2025-06-12 16:51:00,49.94205948042788
2025-06-12 17:26:00,39.3
2025-06-12 18:09:00,52.1
2025-06-12 07:21:00,35.3
2025-06-12 16:35:00,88.2
2025-06-12 00:08:00,75.6
2025-06-12 20:07:00,49.94205948042788
2025-06-12 03:16:00,70.3
2025-06-12 03:42:00,40.3
2025-06-12 14:35:00,49.94205948042788
2025-06-12 03:57:00,49.94205948042788
2025-06-12 19:43:00,51.4
2025-06-12 08:00:00,22.5
2025-06-12 12:56:00,49.94205948042788
2025-06-12 17:54:00,34.0
2025-06-12 10:43:00,49.94205948042788
2025-06-12 07:01:00,43.8
2025-06-12 16:45:00,62.6
2025-06-12 07:14:00,88.3
2025-06-12 09:57:00,82.1
2025-06-12 11:10:00,37.8
2025-06-12 23:26:00,60.1
2025-06-12 13:17:00,66.6
2025-06-12 12:32:00,38.5
2025-06-12 23:43:00,79.6
2025-06-12 06:04:00,14.3
2025-06-12 15:02:00,68.6
2025-06-12 20:21:00,59.7
2025-06-12 00:02:00,13.0
2025-06-12 10:06:00,49.94205948042788
2025-06-12 14:48:00,23.7
2025-06-12 20:06:00,16.6
2025-06-12 02:19:00,58.3
2025-06-12 09:04:00,4.3
2025-06-12 13:54:00,56.8
2025-06-12 18:50:00,85.8
2025-06-12 09:22:00,36.4
2025-06-12 09:23:00,49.94205948042788
2025-06-12 15:13:00,56.8
2025-06-12 08:40:00,53.5
2025-06-12 12:40:00,87.5
2025-06-12 05:38:00,29.8
2025-06-12 14:17:00,95.8
2025-06-12 21:27:00,46.2
2025-06-12 08:59:00,9.3
2025-06-12 13:42:00,72.8
2025-06-12 23:19:00,32.1
2025-06-12 20:22:00,27.1
2025-06-12 20:09:00,49.94205948042788
2025-06-12 17:16:00,24.1
2025-06-12 12:16:00,93.4
2025-06-12 19:15:00,39.2
2025-06-12 00:19:00,82.4
2025-06-12 04:03:00,8.5
2025-06-12 23:38:00,15.2
2025-06-12 19:21:00,67.7
2025-06-12 09:59:00,12.0
2025-06-12 09:52:00,93.2
2025-06-12 18:59:00,19.1
2025-06-12 08:46:00,42.4
2025-06-12 09:42:00,49.94205948042788
2025-06-12 09:16:00,49.94205948042788
2025-06-12 09:14:00,99.8
2025-06-12 01:16:00,39.6
2025-06-12 16:37:00,13.0
2025-06-12 01:58:00,81.8
2025-06-12 06:56:00,49.94205948042788
2025-06-12 23:39:00,37.9
2025-06-12 12:33:00,67.7
2025-06-12 04:24:00,87.3
2025-06-12 21:09:00,19.9
2025-06-12 06:56:00,38.2
2025-06-12 08:30:00,67.7
2025-06-12 23:04:00,48.2
2025-06-12 12:14:00,35.9
2025-06-12 12:08:00,14.0
2025-06-12 00:39:00,7.4
2025-06-12 08:11:00,47.8
2025-06-12 20:15:00,5.9
2025-06-12 10:27:00,37.7
2025-06-12 16:37:00,44.2
2025-06-12 00:58:00,66.4
2025-06-12 13:56:00,49.94205948042788
2025-06-12 23:27:00,16.9
2025-06-12 23:11:00,93.5
2025-06-12 08:50:00,92.0
2025-06-12 00:30:00,40.3
2025-06-12 02:21:00,49.94205948042788
2025-06-12 10:20:00,23.8
2025-06-12 08:40:00,69.7
2025-06-12 12:55:00,49.3
2025-06-12 08:13:00,92.1
2025-06-12 08:53:00,49.94205948042788
2025-06-12 05:04:00,12.1
2025-06-12 21:30:00,0.3
2025-06-12 07:57:00,61.1
2025-06-12 18:35:00,26.0
2025-06-12 08:23:00,60.9
2025-06-12 20:59:00,88.6
2025-06-12 04:15:00,7.6
2025-06-12 14:42:00,31.6
2025-06-12 03:46:00,49.94205948042788
2025-06-12 00:20:00,49.94205948042788
2025-06-12 11:03:00,66.0
2025-06-12 07:04:00,97.9
2025-06-12 23:56:00,0.4
2025-06-12 06:02:00,47.9
2025-06-12 20:56:00,86.1
2025-06-12 07:50:00,49.94205948042788
2025-06-12 15:11:00,36.4
2025-06-12 19:41:00,49.94205948042788
2025-06-12 09:53:00,64.7
2025-06-12 19:03:00,1.7
2025-06-12 17:28:00,38.0
2025-06-12 12:03:00,1.6
2025-06-12 02:22:00,38.0
2025-06-12 18:39:00,20.5
2025-06-12 18:29:00,85.1
2025-06-12 21:44:00,56.1
2025-06-12 07:14:00,92.5
2025-06-12 14:43:00,97.8
2025-06-12 02:25:00,49.94205948042788
2025-06-12 03:30:00,97.5
2025-06-12 00:17:00,19.3
2025-06-12 10:48:00,42.3
2025-06-12 08:44:00,56.8
2025-06-12 23:22:00,25.0
2025-06-12 13:30:00,24.7
2025-06-12 00:06:00,19.0
2025-06-12 13:07:00,32.0
2025-06-12 03:32:00,89.5
2025-06-12 19:40:00,82.0
2025-06-12 10:02:00,11.7
2025-06-12 10:30:00,34.3
2025-06-12 09:37:00,52.5
2025-06-12 10:23:00,3.4
2025-06-12 03:25:00,49.94205948042788
2025-06-12 05:57:00,31.9
2025-06-12 19:56:00,74.7
2025-06-12 17:16:00,8.9
2025-06-12 00:33:00,88.5
2025-06-12 18:23:00,48.8
2025-06-12 03:57:00,57.4
2025-06-12 01:44:00,95.1
2025-06-12 04:58:00,20.4
2025-06-12 10:24:00,7.9
2025-06-12 06:26:00,76.2
2025-06-12 18:43:00,48.5
2025-06-12 08:40:00,4.2
2025-06-12 04:26:00,13.1
2025-06-12 15:06:00,28.6
2025-06-12 21:36:00,69.4
2025-06-12 21:28:00,23.8
2025-06-12 22:27:00,49.0
2025-06-12 23:45:00,94.9
2025-06-12 11:10:00,22.0
2025-06-12 13:59:00,30.2
2025-06-12 05:15:00,82.8
2025-06-12 14:55:00,54.1
2025-06-12 02:24:00,20.8
2025-06-12 10:46:00,10.3
2025-06-12 06:38:00,79.6
2025-06-12 03:09:00,5.9
2025-06-12 09:06:00,49.94205948042788
2025-06-12 15:51:00,13.0
2025-06-12 00:43:00,49.94205948042788
2025-06-12 20:49:00,49.94205948042788
2025-06-12 03:44:00,43.3
2025-06-12 22:53:00,52.2
2025-06-12 13:59:00,43.7
2025-06-12 06:28:00,28.6
2025-06-12 06:18:00,49.94205948042788
2025-06-12 08:32:00,18.0
2025-06-12 11:52:00,10.8
2025-06-12 02:45:00,49.94205948042788
2025-06-12 09:34:00,27.7
2025-06-12 10:10:00,49.94205948042788
2025-06-12 17:44:00,3.5
2025-06-12 22:50:00,65.8
2025-06-12 06:48:00,2.6
2025-06-12 15:49:00,52.8
2025-06-12 12:49:00,12.5
2025-06-12 11:34:00,1.9
2025-06-12 14:07:00,86.2
2025-06-12 16:39:00,69.7
2025-06-12 11:01:00,13.2
2025-06-12 06:07:00,29.7
2025-06-12 07:40:00,6.7
2025-06-12 10:11:00,89.2
2025-06-12 19:33:00,49.94205948042788
2025-06-12 01:13:00,79.5
2025-06-12 08:01:00,30.6
2025-06-12 23:33:00,56.4
2025-06-12 22:30:00,14.1
2025-06-12 05:29:00,58.2
2025-06-12 12:04:00,49.94205948042788
2025-06-12 11:06:00,49.94205948042788
2025-06-12 20:28:00,49.94205948042788
2025-06-12 16:50:00,74.3
2025-06-12 13:12:00,49.94205948042788
2025-06-12 22:03:00,59.5
2025-06-12 06:08:00,19.0
2025-06-12 01:23:00,78.6
2025-06-12 21:32:00,3.9
2025-06-12 05:23:00,60.1
2025-06-12 15:59:00,25.0
2025-06-12 05:10:00,13.6
2025-06-12 08:56:00,49.2
2025-06-12 10:31:00,41.9
2025-06-12 15:32:00,85.9
2025-06-12 15:49:00,59.5
2025-06-12 05:26:00,3.0
2025-06-12 08:23:00,92.0
2025-06-12 06:23:00,36.1
2025-06-12 02:10:00,90.6
2025-06-12 19:34:00,12.5
2025-06-12 17:59:00,71.1
2025-06-12 23:27:00,29.3
2025-06-12 14:07:00,7.1
2025-06-12 23:20:00,82.0
2025-06-12 03:56:00,42.3
2025-06-12 09:53:00,49.94205948042788
2025-06-12 09:07:00,39.8
2025-06-12 03:09:00,26.7
2025-06-12 06:41:00,48.0
2025-06-12 20:18:00,49.94205948042788
2025-06-12 12:23:00,34.2
2025-06-12 09:51:00,55.6
2025-06-12 18:11:00,8.8
2025-06-12 18:51:00,8.9
2025-06-12 00:30:00,71.0
2025-06-12 09:34:00,83.1
2025-06-12 15:00:00,57.7
2025-06-12 20:56:00,49.94205948042788
2025-06-12 12:22:00,25.1
2025-06-12 06:33:00,29.1
2025-06-12 04:03:00,18.1
2025-06-12 16:35:00,86.8
2025-06-12 22:37:00,28.9
2025-06-12 23:53:00,21.9
2025-06-12 03:35:00,88.8
2025-06-12 05:30:00,13.0
2025-06-12 23:04:00,34.9
2025-06-12 13:21:00,71.7
2025-06-12 17:16:00,68.0
2025-06-12 15:01:00,12.8
2025-06-12 22:58:00,17.8
2025-06-12 09:50:00,84.6
2025-06-12 16:15:00,8.8
2025-06-12 09:46:00,56.3
2025-06-12 07:49:00,8.2
2025-06-12 03:06:00,19.7
2025-06-12 09:07:00,62.2
2025-06-12 03:06:00,84.4
2025-06-12 13:13:00,49.7
2025-06-12 11:00:00,66.3
2025-06-12 18:38:00,49.94205948042788
2025-06-12 17:52:00,75.4
2025-06-12 08:09:00,1.0
2025-06-12 23:27:00,49.94205948042788
2025-06-12 18:18:00,62.4
2025-06-12 14:01:00,47.8
2025-06-12 05:50:00,80.5
2025-06-12 00:38:00,9.8
2025-06-12 21:56:00,49.94205948042788
2025-06-12 23:46:00,21.1
2025-06-12 11:38:00,98.4
2025-06-12 11:38:00,49.94205948042788
2025-06-12 01:13:00,78.2
2025-06-12 00:12:00,47.7
2025-06-12 18:16:00,40.9
2025-06-12 09:16:00,99.4
2025-06-12 03:59:00,56.5
2025-06-12 01:53:00,49.94205948042788
2025-06-12 13:54:00,57.5
2025-06-12 10:43:00,95.6
2025-06-12 19:21:00,19.9
2025-06-12 02:39:00,48.8
2025-06-12 08:48:00,29.8
2025-06-12 01:30:00,10.0
2025-06-12 14:28:00,97.7
2025-06-12 00:54:00,57.8
2025-06-12 18:26:00,90.3
2025-06-12 15:27:00,58.3
2025-06-12 18:01:00,49.94205948042788
2025-06-12 19:46:00,58.2
2025-06-12 14:11:00,64.7
2025-06-12 20:54:00,71.4
2025-06-12 15:09:00,49.94205948042788
2025-06-12 08:48:00,13.5
2025-06-12 17:06:00,58.1
2025-06-12 14:46:00,59.4
2025-06-12 10:45:00,47.4
2025-06-12 14:34:00,50.9
2025-06-12 18:24:00,52.4
2025-06-12 00:08:00,13.0
2025-06-12 09:44:00,49.94205948042788
2025-06-12 10:26:00,49.94205948042788
2025-06-12 07:11:00,49.94205948042788
2025-06-12 16:58:00,49.94205948042788
2025-06-12 19:00:00,21.4
2025-06-12 07:30:00,24.0
2025-06-12 09:27:00,73.3
2025-06-12 04:42:00,30.5
2025-06-12 23:15:00,36.8
2025-06-12 15:48:00,53.7
2025-06-12 10:29:00,17.1
2025-06-12 01:57:00,53.8
2025-06-12 10:48:00,76.0
2025-06-12 00:29:00,49.94205948042788
2025-06-12 07:47:00,33.1
2025-06-12 04:38:00,78.4
2025-06-12 01:27:00,49.94205948042788
2025-06-12 16:45:00,71.6
2025-06-12 07:25:00,97.9
2025-06-12 01:32:00,49.94205948042788
2025-06-12 09:00:00,49.94205948042788
2025-06-12 11:18:00,65.1
2025-06-12 13:51:00,5.8
2025-06-12 14:45:00,34.0
2025-06-12 14:59:00,84.3
2025-06-12 15:31:00,38.0
2025-06-12 12:09:00,51.4
2025-06-12 14:21:00,4.1
2025-06-12 09:39:00,87.6
2025-06-12 18:46:00,14.3
2025-06-12 06:21:00,99.7
2025-06-12 22:55:00,73.4
2025-06-12 06:20:00,0.1
2025-06-12 18:34:00,50.024092836946274
2025-06-12 22:30:00,95.5
2025-06-12 15:52:00,32.7
2025-06-12 22:12:00,22.6
2025-06-12 15:46:00,9.4
2025-06-12 13:36:00,24.0
2025-06-12 17:10:00,81.8
2025-06-12 10:54:00,23.0
2025-06-12 02:30:00,3.8
2025-06-12 06:38:00,49.5
2025-06-12 18:25:00,33.0
2025-06-12 13:26:00,17.5
2025-06-12 01:07:00,50.024092836946274
2025-06-12 17:36:00,34.8
2025-06-12 00:14:00,49.1
2025-06-12 06:20:00,64.1
2025-06-12 13:12:00,19.5
2025-06-12 23:35:00,46.6
2025-06-12 20:55:00,13.7
2025-06-12 12:31:00,76.2
2025-06-12 07:13:00,7.0
2025-06-12 17:06:00,99.0
2025-06-12 10:46:00,60.9
2025-06-12 04:45:00,54.8
2025-06-12 12:36:00,96.5
2025-06-12 20:47:00,17.6
2025-06-12 15:56:00,86.7
2025-06-12 04:31:00,55.7
2025-06-12 08:42:00,14.2
2025-06-12 17:23:00,76.5
2025-06-12 12:36:00,42.4
2025-06-12 12:07:00,46.7
2025-06-12 20:53:00,88.3
2025-06-12 03:03:00,34.6
2025-06-12 22:08:00,10.8
2025-06-12 19:05:00,50.024092836946274
2025-06-12 13:20:00,90.1
2025-06-12 16:27:00,42.5
2025-06-12 12:58:00,50.024092836946274
2025-06-12 07:37:00,76.0
2025-06-12 08:31:00,0.2
2025-06-12 06:22:00,92.5
2025-06-12 05:28:00,75.2
2025-06-12 03:39:00,0.1
2025-06-12 18:07:00,37.4
2025-06-12 17:05:00,14.2
2025-06-12 04:17:00,48.7
2025-06-12 10:12:00,50.024092836946274
2025-06-12 19:15:00,5.2
2025-06-12 08:10:00,9.8
2025-06-12 11:41:00,3.0
2025-06-12 21:31:00,25.2
2025-06-12 03:31:00,50.024092836946274
2025-06-12 05:04:00,80.0
2025-06-12 21:06:00,9.5
2025-06-12 00:09:00,27.8
2025-06-12 15:15:00,62.7
2025-06-12 16:41:00,91.9
2025-06-12 14:13:00,50.024092836946274
2025-06-12 19:12:00,50.024092836946274
2025-06-12 20:06:00,31.9
2025-06-12 09:35:00,54.4
2025-06-12 10:18:00,27.5
2025-06-12 05:15:00,20.5
2025-06-12 01:59:00,64.2
2025-06-12 00:44:00,37.1
2025-06-12 08:55:00,88.7
2025-06-12 21:27:00,73.7
2025-06-12 06:57:00,66.2
2025-06-12 20:35:00,93.7
2025-06-12 11:39:00,81.1
2025-06-12 02:02:00,71.3
2025-06-12 10:50:00,75.4
2025-06-12 02:11:00,78.3
2025-06-12 01:57:00,8.8
2025-06-12 22:22:00,78.3
2025-06-12 19:02:00,31.7
2025-06-12 10:39:00,11.5
2025-06-12 00:47:00,53.9
2025-06-12 02:13:00,61.0
2025-06-12 14:45:00,2.8
2025-06-12 22:56:00,43.3
2025-06-12 21:48:00,88.7
2025-06-12 09:11:00,79.0
2025-06-12 02:43:00,82.2
2025-06-12 16:12:00,19.2
2025-06-12 02:32:00,79.1
2025-06-12 04:48:00,99.5
2025-06-12 18:00:00,24.4
2025-06-12 02:04:00,88.7
2025-06-12 10:12:00,45.7
2025-06-12 00:42:00,65.9
2025-06-12 14:38:00,18.3
2025-06-12 12:50:00,4.5
2025-06-12 21:29:00,2.6
2025-06-12 20:42:00,10.1
2025-06-12 17:48:00,20.2
2025-06-12 08:04:00,50.024092836946274
2025-06-12 01:06:00,50.024092836946274
2025-06-12 02:20:00,12.4
2025-06-12 09:57:00,50.024092836946274
2025-06-12 23:11:00,87.0
2025-06-12 15:01:00,50.024092836946274
2025-06-12 09:45:00,37.0
2025-06-12 06:39:00,68.3
2025-06-12 13:58:00,30.1
2025-06-12 06:38:00,49.7
2025-06-12 11:12:00,36.7
2025-06-12 17:21:00,34.9
2025-06-12 07:03:00,39.6
2025-06-12 06:35:00,50.024092836946274
2025-06-12 07:06:00,91.2
2025-06-12 02:08:00,1.5
2025-06-12 04:24:00,62.4
2025-06-12 21:13:00,59.8
2025-06-12 10:23:00,1.3
2025-06-12 10:36:00,99.7
2025-06-12 07:15:00,74.3
2025-06-12 17:59:00,50.024092836946274
2025-06-12 12:17:00,38.8
2025-06-12 12:27:00,85.0
2025-06-12 06:07:00,87.1
2025-06-12 12:18:00,95.3
2025-06-12 19:11:00,65.6
2025-06-12 13:31:00,14.1
2025-06-12 10:10:00,50.024092836946274
2025-06-12 20:42:00,50.024092836946274
2025-06-12 12:41:00,93.7
2025-06-12 09:22:00,50.024092836946274
2025-06-12 22:57:00,76.8
2025-06-12 10:29:00,38.9
2025-06-12 07:29:00,4.7
2025-06-12 10:56:00,87.7
2025-06-12 03:28:00,65.7
2025-06-12 07:08:00,95.6
2025-06-12 23:53:00,62.3
2025-06-12 14:56:00,50.024092836946274
2025-06-12 03:34:00,78.1
2025-06-12 01:58:00,50.024092836946274
2025-06-12 08:55:00,70.0
2025-06-12 17:43:00,49.3
2025-06-12 03:12:00,67.4
2025-06-12 15:40:00,16.3
2025-06-12 08:39:00,49.2
2025-06-12 14:30:00,30.5
2025-06-12 01:29:00,46.1
2025-06-12 02:29:00,46.9
2025-06-12 12:43:00,6.5
2025-06-12 02:52:00,94.9
2025-06-12 16:12:00,95.4
2025-06-12 22:40:00,82.8
2025-06-12 11:34:00,0.6
2025-06-12 01:24:00,50.024092836946274
2025-06-12 08:21:00,70.9
2025-06-12 07:57:00,5.8
2025-06-12 20:11:00,92.7
2025-06-12 01:20:00,50.024092836946274
2025-06-12 06:44:00,57.1
2025-06-12 21:05:00,82.5
2025-06-12 04:22:00,6.8
2025-06-12 08:27:00,44.2
2025-06-12 18:11:00,72.7
2025-06-12 03:45:00,53.8
2025-06-12 17:50:00,13.1
2025-06-12 14:02:00,4.0
2025-06-12 21:33:00,52.2
2025-06-12 10:54:00,44.7
2025-06-12 22:04:00,68.4
2025-06-12 16:22:00,50.024092836946274
2025-06-12 21:12:00,50.024092836946274
2025-06-12 19:41:00,31.0
2025-06-12 05:59:00,39.6
2025-06-12 02:01:00,27.4
2025-06-12 14:34:00,34.5
2025-06-12 14:30:00,25.6
2025-06-12 11:54:00,50.024092836946274
2025-06-12 07:19:00,4.2
2025-06-12 11:14:00,50.0
2025-06-12 21:36:00,58.2
2025-06-12 18:21:00,50.024092836946274
2025-06-12 19:15:00,53.2
2025-06-12 01:20:00,87.9
2025-06-12 11:26:00,51.6
2025-06-12 09:33:00,91.3
2025-06-12 09:11:00,26.3
2025-06-12 16:44:00,1.6
2025-06-12 12:22:00,9.1
2025-06-12 10:40:00,55.9
2025-06-12 16:21:00,74.3
2025-06-12 23:51:00,82.2
2025-06-12 17:33:00,66.6
2025-06-12 11:37:00,50.024092836946274
2025-06-12 08:33:00,6.9
2025-06-12 20:41:00,81.1
2025-06-12 10:20:00,19.5
2025-06-12 16:24:00,33.5
2025-06-12 15:51:00,50.024092836946274
2025-06-12 13:26:00,1.4
2025-06-12 09:46:00,89.6
2025-06-12 22:00:00,41.3
2025-06-12 20:08:00,38.4
2025-06-12 14:29:00,94.9
2025-06-12 13:00:00,43.8
2025-06-12 09:31:00,62.2
2025-06-12 13:04:00,19.8
2025-06-12 06:03:00,62.9
2025-06-12 23:28:00,54.9
2025-06-12 14:20:00,27.0
2025-06-12 08:10:00,78.9
2025-06-12 07:07:00,50.024092836946274
2025-06-12 04:08:00,50.0
2025-06-12 05:32:00,57.7
2025-06-12 17:33:00,33.1
2025-06-12 00:09:00,13.9
2025-06-12 05:52:00,60.1
2025-06-12 12:01:00,53.9
2025-06-12 17:13:00,50.024092836946274
2025-06-12 20:22:00,50.024092836946274
2025-06-12 05:02:00,50.024092836946274
2025-06-12 03:10:00,16.5
2025-06-12 17:53:00,20.7
2025-06-12 04:17:00,85.2
2025-06-12 04:07:00,47.5
2025-06-12 00:18:00,50.024092836946274
2025-06-12 21:41:00,34.1
2025-06-12 07:11:00,23.0
2025-06-12 23:31:00,19.5
2025-06-12 11:55:00,50.024092836946274
2025-06-12 10:53:00,2.2
2025-06-12 07:42:00,93.5
2025-06-12 04:10:00,80.3
2025-06-12 14:07:00,97.9
2025-06-12 10:20:00,81.2
2025-06-12 10:11:00,8.8
2025-06-12 22:48:00,58.5
2025-06-12 06:38:00,90.7
2025-06-12 17:16:00,27.1
2025-06-12 08:31:00,50.024092836946274
2025-06-12 15:33:00,51.7
2025-06-12 03:46:00,50.024092836946274
2025-06-12 09:27:00,50.024092836946274
2025-06-12 21:18:00,96.6
2025-06-12 16:42:00,50.024092836946274
2025-06-12 00:45:00,14.2
2025-06-12 07:11:00,90.9
2025-06-12 14:08:00,33.9
2025-06-12 13:54:00,77.5
2025-06-12 05:23:00,96.1
2025-06-12 16:28:00,50.024092836946274
2025-06-12 14:16:00,45.0
2025-06-12 05:49:00,50.024092836946274
2025-06-12 10:55:00,77.3
2025-06-12 09:33:00,0.2
2025-06-12 01:51:00,5.5
2025-06-12 07:24:00,98.2
2025-06-12 03:43:00,39.9
2025-06-12 11:59:00,11.5
2025-06-12 23:49:00,50.024092836946274
2025-06-12 22:42:00,90.0
2025-06-12 23:33:00,31.2
2025-06-12 03:41:00,94.6
2025-06-12 23:53:00,93.1
2025-06-12 09:16:00,29.5
2025-06-12 09:21:00,92.8
2025-06-12 23:49:00,85.1
2025-06-12 12:07:00,14.6
2025-06-12 07:18:00,45.4
2025-06-12 09:23:00,70.8
2025-06-12 16:34:00,50.024092836946274
2025-06-12 21:31:00,36.7
2025-06-12 02:59:00,55.2
2025-06-12 14:02:00,50.024092836946274
2025-06-12 10:49:00,84.4
2025-06-12 15:53:00,74.6
2025-06-12 18:44:00,93.4
2025-06-12 20:03:00,80.0
2025-06-12 00:26:00,68.0
2025-06-12 14:02:00,67.3
2025-06-12 20:55:00,75.9
2025-06-12 12:49:00,50.024092836946274
2025-06-12 09:27:00,98.5
2025-06-12 12:44:00,85.4
2025-06-12 09:51:00,45.2
2025-06-12 18:41:00,50.024092836946274
2025-06-12 10:11:00,99.8
2025-06-12 09:24:00,85.3
2025-06-12 04:56:00,62.5
2025-06-12 21:58:00,64.0
2025-06-12 03:27:00,12.5
2025-06-12 18:01:00,71.7
2025-06-12 20:52:00,41.6
2025-06-12 00:04:00,4.7
2025-06-12 03:37:00,7.8
2025-06-12 22:08:00,26.2
2025-06-12 12:58:00,37.4
2025-06-12 07:04:00,71.3
2025-06-12 06:59:00,60.2
2025-06-12 17:28:00,50.6
2025-06-12 03:36:00,11.5
2025-06-12 10:11:00,96.2
2025-06-12 08:20:00,8.5
2025-06-12 19:49:00,66.3
2025-06-12 03:19:00,72.9
2025-06-12 16:58:00,8.9
2025-06-12 14:09:00,14.3
2025-06-12 05:22:00,19.6
2025-06-12 15:56:00,51.8
2025-06-12 14:26:00,26.1
2025-06-12 10:19:00,22.9
2025-06-12 03:36:00,48.0
2025-06-12 12:20:00,3.9
2025-06-12 18:40:00,74.9
2025-06-12 15:43:00,39.4
2025-06-12 00:49:00,89.6
2025-06-12 12:32:00,95.6
2025-06-12 13:44:00,43.8
2025-06-12 18:04:00,50.024092836946274
2025-06-12 13:53:00,11.4
2025-06-12 01:41:00,15.2
2025-06-12 17:36:00,50.024092836946274
2025-06-12 08:03:00,15.7
2025-06-12 09:01:00,50.024092836946274
2025-06-12 23:55:00,65.7
2025-06-12 04:14:00,21.0
2025-06-12 03:14:00,95.8
2025-06-12 11:33:00,81.1
2025-06-12 13:10:00,68.9
2025-06-12 02:25:00,33.0
2025-06-12 22:48:00,63.1
2025-06-12 07:05:00,72.0
2025-06-12 05:34:00,36.9
2025-06-12 06:01:00,42.3
2025-06-12 13:57:00,9.1
2025-06-12 19:16:00,20.6
2025-06-12 06:19:00,92.9
2025-06-12 04:18:00,49.2
2025-06-12 13:28:00,95.5
2025-06-12 20:25:00,55.5
2025-06-12 05:07:00,35.0
2025-06-12 02:31:00,77.1
2025-06-12 14:12:00,8.3
2025-06-12 15:19:00,52.0
2025-06-12 04:18:00,42.3
2025-06-12 06:07:00,77.6
2025-06-12 11:50:00,49.54963144963145
2025-06-12 22:35:00,91.8
2025-06-12 10:05:00,80.1
2025-06-12 12:42:00,49.54963144963145
2025-06-12 21:59:00,31.2
2025-06-12 23:26:00,23.8
2025-06-12 13:15:00,81.8
2025-06-12 21:57:00,65.3
2025-06-12 21:15:00,79.8
2025-06-12 07:31:00,49.54963144963145
2025-06-12 10:59:00,79.4
2025-06-12 06:21:00,30.4
2025-06-12 00:15:00,16.2
2025-06-12 01:32:00,76.0
2025-06-12 23:34:00,46.0
2025-06-12 02:58:00,85.8
2025-06-12 07:00:00,13.4
2025-06-12 10:30:00,26.3
2025-06-12 01:55:00,78.2
2025-06-12 12:30:00,21.5
2025-06-12 05:47:00,49.54963144963145
2025-06-12 05:33:00,51.5
2025-06-12 02:56:00,45.2
2025-06-12 20:47:00,93.9
2025-06-12 22:19:00,96.5
2025-06-12 04:28:00,30.3
2025-06-12 07:32:00,81.5
2025-06-12 06:42:00,17.1
2025-06-12 23:33:00,49.54963144963145
2025-06-12 17:11:00,5.5
2025-06-12 10:45:00,41.5
2025-06-12 09:48:00,61.2
2025-06-12 19:23:00,25.5
2025-06-12 10:11:00,26.5
2025-06-12 11:14:00,69.7
2025-06-12 03:49:00,71.3
2025-06-12 11:27:00,32.8
2025-06-12 14:09:00,7.8
2025-06-12 03:13:00,41.9
2025-06-12 13:13:00,65.7
2025-06-12 17:50:00,9.5
2025-06-12 23:38:00,49.54963144963145
2025-06-12 11:07:00,61.7
2025-06-12 21:34:00,19.6
2025-06-12 01:38:00,24.7
2025-06-12 16:06:00,49.54963144963145
2025-06-12 14:25:00,17.4
2025-06-12 12:15:00,84.5
2025-06-12 21:05:00,17.3
2025-06-12 20:40:00,69.9
2025-06-12 09:41:00,66.0
2025-06-12 16:02:00,44.7
2025-06-12 08:04:00,7.9
2025-06-12 16:25:00,49.54963144963145
2025-06-12 11:59:00,84.9
2025-06-12 15:46:00,49.54963144963145
2025-06-12 01:04:00,60.4
2025-06-12 05:05:00,3.0
2025-06-12 07:24:00,43.3
2025-06-12 16:54:00,13.7
2025-06-12 12:53:00,60.7
2025-06-12 15:02:00,34.5
2025-06-12 01:23:00,27.7
2025-06-12 01:49:00,91.9
2025-06-12 05:18:00,59.6
2025-06-12 16:44:00,20.6
2025-06-12 13:46:00,49.54963144963145
2025-06-12 06:50:00,40.1
2025-06-12 10:23:00,18.3
2025-06-12 05:11:00,11.9
2025-06-12 23:26:00,39.8
2025-06-12 13:54:00,19.4
2025-06-12 07:49:00,22.2
2025-06-12 09:43:00,19.9
2025-06-12 00:15:00,81.2
2025-06-12 10:58:00,37.2
2025-06-12 12:10:00,18.3
2025-06-12 09:06:00,16.6
2025-06-12 23:55:00,84.9
2025-06-12 15:09:00,49.4
2025-06-12 11:44:00,54.0
2025-06-12 11:44:00,79.0
2025-06-12 12:34:00,35.0
2025-06-12 03:25:00,34.6
2025-06-12 14:35:00,98.6
2025-06-12 06:42:00,63.1
2025-06-12 11:01:00,83.8
2025-06-12 15:13:00,49.54963144963145
2025-06-12 16:22:00,1.4
2025-06-12 23:13:00,71.2
2025-06-12 11:08:00,53.7
2025-06-12 16:08:00,49.54963144963145
2025-06-12 03:15:00,47.3
2025-06-12 05:52:00,49.54963144963145
2025-06-12 19:18:00,22.9
2025-06-12 10:27:00,49.5
2025-06-12 11:01:00,49.3
2025-06-12 15:31:00,98.0
2025-06-12 22:03:00,26.8
2025-06-12 05:17:00,40.6
2025-06-12 10:30:00,56.1
2025-06-12 03:39:00,50.6
2025-06-12 11:02:00,74.1
2025-06-12 12:09:00,32.2
2025-06-12 00:27:00,60.5
2025-06-12 20:36:00,73.8
2025-06-12 14:33:00,96.9
2025-06-12 04:25:00,27.1
2025-06-12 19:03:00,49.54963144963145
2025-06-12 22:54:00,50.1
2025-06-12 12:58:00,49.0
2025-06-12 14:22:00,29.5
2025-06-12 02:12:00,49.54963144963145
2025-06-12 02:32:00,60.5
2025-06-12 05:00:00,16.2
2025-06-12 23:40:00,19.1
2025-06-12 05:46:00,95.4
2025-06-12 02:09:00,56.4
2025-06-12 23:35:00,66.7
2025-06-12 20:12:00,44.1
2025-06-12 06:14:00,1.3
2025-06-12 09:01:00,52.1
2025-06-12 09:16:00,50.6
2025-06-12 02:05:00,49.54963144963145
2025-06-12 06:51:00,64.0
2025-06-12 14:57:00,49.54963144963145
2025-06-12 14:30:00,72.1
2025-06-12 18:49:00,73.4
2025-06-12 05:09:00,7.6
2025-06-12 02:35:00,49.54963144963145
2025-06-12 08:46:00,95.5
2025-06-12 01:35:00,87.9
2025-06-12 16:28:00,77.9
2025-06-12 04:08:00,49.54963144963145
2025-06-12 05:40:00,15.1
2025-06-12 15:20:00,79.0
2025-06-12 07:38:00,6.6
2025-06-12 06:15:00,36.5
2025-06-12 04:11:00,67.7
2025-06-12 20:55:00,94.5
2025-06-12 15:43:00,39.9
2025-06-12 23:07:00,49.54963144963145
2025-06-12 02:21:00,82.2
2025-06-12 18:59:00,83.8
2025-06-12 13:53:00,1.7
2025-06-12 20:42:00,49.3
2025-06-12 02:37:00,93.7
2025-06-12 10:58:00,95.2
2025-06-12 13:02:00,85.6
2025-06-12 16:22:00,36.6
2025-06-12 15:23:00,39.2
2025-06-12 18:15:00,93.2
2025-06-12 01:15:00,71.5
2025-06-12 01:57:00,42.5
2025-06-12 23:44:00,49.54963144963145
2025-06-12 13:08:00,41.3
2025-06-12 00:09:00,77.6
2025-06-12 11:39:00,94.7
2025-06-12 14:32:00,49.54963144963145
2025-06-12 14:16:00,49.54963144963145
2025-06-12 17:24:00,0.0
2025-06-12 14:28:00,83.2
2025-06-12 12:38:00,49.54963144963145
2025-06-12 11:20:00,91.6
2025-06-12 18:07:00,72.8
2025-06-12 19:39:00,39.7
2025-06-12 16:34:00,70.5
2025-06-12 11:31:00,97.9
2025-06-12 11:28:00,47.1
2025-06-12 23:40:00,4.4
2025-06-12 04:09:00,70.0
2025-06-12 11:30:00,7.6
2025-06-12 22:51:00,43.8
2025-06-12 19:43:00,50.7
2025-06-12 10:14:00,59.6
2025-06-12 15:26:00,64.6
2025-06-12 01:53:00,49.54963144963145
2025-06-12 02:11:00,68.2
2025-06-12 00:18:00,2.5
2025-06-12 06:41:00,33.5
2025-06-12 06:48:00,0.5
2025-06-12 09:16:00,95.5
2025-06-12 10:04:00,65.0
2025-06-12 22:06:00,28.1
2025-06-12 14:30:00,49.54963144963145
2025-06-12 18:25:00,49.54963144963145
2025-06-12 21:09:00,16.5
2025-06-12 04:22:00,0.5
2025-06-12 13:15:00,68.5
2025-06-12 07:35:00,12.1
2025-06-12 00:11:00,47.0
2025-06-12 02:04:00,3.3
2025-06-12 09:21:00,77.3
2025-06-12 06:24:00,82.1
2025-06-12 20:41:00,32.8
2025-06-12 07:27:00,20.0
2025-06-12 14:01:00,26.6
2025-06-12 23:00:00,29.2
2025-06-12 15:33:00,5.7
2025-06-12 08:10:00,36.3
2025-06-12 22:11:00,12.9
2025-06-12 07:09:00,24.2
2025-06-12 10:04:00,31.1
2025-06-12 00:53:00,49.54963144963145
2025-06-12 13:43:00,16.7
2025-06-12 23:49:00,78.8
2025-06-12 09:32:00,76.6
2025-06-12 18:29:00,49.54963144963145
2025-06-12 11:48:00,49.54963144963145
2025-06-12 11:22:00,37.0
2025-06-12 02:45:00,90.7
2025-06-12 00:50:00,27.3
2025-06-12 05:36:00,18.2
2025-06-12 05:10:00,99.0
2025-06-12 06:39:00,33.8
2025-06-12 22:23:00,19.4
2025-06-12 00:29:00,68.8
2025-06-12 21:42:00,95.8
2025-06-12 11:00:00,44.2
2025-06-12 17:16:00,8.6
2025-06-12 13:04:00,34.6
2025-06-12 00:13:00,54.2
2025-06-12 18:18:00,75.7
2025-06-12 08:37:00,37.3
2025-06-12 01:48:00,45.9
2025-06-12 23:56:00,93.4
2025-06-12 14:48:00,71.8
2025-06-12 02:52:00,2.5
2025-06-12 06:29:00,49.54963144963145
2025-06-12 08:08:00,49.54963144963145
2025-06-12 06:32:00,99.0
2025-06-12 12:59:00,49.54963144963145
2025-06-12 16:21:00,37.8
2025-06-12 05:13:00,23.7
2025-06-12 13:52:00,49.54963144963145
2025-06-12 10:36:00,49.54963144963145
2025-06-12 14:00:00,43.9
2025-06-12 16:14:00,74.5
2025-06-12 19:39:00,49.54963144963145
2025-06-12 17:41:00,97.1
2025-06-12 16:48:00,32.5
2025-06-12 19:31:00,27.6
2025-06-12 02:02:00,24.5
2025-06-12 23:17:00,46.8
2025-06-12 03:14:00,43.1
2025-06-12 15:20:00,45.8
2025-06-12 10:43:00,52.1
2025-06-12 06:25:00,68.5
2025-06-12 11:50:00,90.5
2025-06-12 09:58:00,64.1
2025-06-12 14:09:00,65.7
2025-06-12 17:10:00,35.5
2025-06-12 20:23:00,80.2
2025-06-12 19:34:00,49.54963144963145
2025-06-12 05:17:00,81.6
2025-06-12 10:34:00,92.8
2025-06-12 00:16:00,92.0
2025-06-12 19:47:00,33.5
2025-06-12 11:16:00,87.9
2025-06-12 21:01:00,49.54963144963145
2025-06-12 22:11:00,49.54963144963145
2025-06-12 05:35:00,31.0
2025-06-12 01:23:00,11.9
2025-06-12 20:28:00,19.5
2025-06-12 21:08:00,12.3
2025-06-12 15:27:00,1.0
2025-06-12 09:31:00,51.1
2025-06-12 23:37:00,84.0
2025-06-12 14:37:00,30.7
2025-06-12 03:14:00,82.4
2025-06-12 11:12:00,92.2
2025-06-12 11:55:00,12.2
2025-06-12 06:59:00,73.9
2025-06-12 11:58:00,30.4
2025-06-12 05:13:00,30.2
2025-06-12 00:02:00,13.0
2025-06-12 03:35:00,70.4
2025-06-12 12:46:00,42.3
2025-06-12 13:22:00,12.0
2025-06-12 04:59:00,5.6
2025-06-12 18:28:00,55.4
2025-06-12 14:31:00,49.54963144963145
2025-06-12 08:14:00,10.1
2025-06-12 22:07:00,96.4
2025-06-12 08:19:00,57.0
2025-06-12 00:43:00,65.4
2025-06-12 23:50:00,70.2
2025-06-12 22:22:00,51.2
2025-06-12 01:39:00,49.54963144963145
2025-06-12 01:26:00,20.6
2025-06-12 08:30:00,89.5
2025-06-12 11:35:00,55.2
2025-06-12 21:48:00,46.9
2025-06-12 10:23:00,3.0
2025-06-12 01:39:00,82.1
2025-06-12 15:46:00,90.8
2025-06-12 10:38:00,69.7
2025-06-12 19:50:00,73.1
2025-06-12 16:35:00,29.8
2025-06-12 07:03:00,48.1
2025-06-12 04:27:00,52.0
2025-06-12 11:39:00,42.0
2025-06-12 12:49:00,24.0
2025-06-12 15:06:00,39.2
2025-06-12 04:52:00,27.1
2025-06-12 11:25:00,19.0
2025-06-12 10:00:00,83.5
2025-06-12 07:48:00,100.0
2025-06-12 06:43:00,49.54963144963145
2025-06-12 00:39:00,18.5
2025-06-12 13:22:00,29.7
2025-06-12 18:07:00,39.7
2025-06-12 23:31:00,49.7
2025-06-12 01:28:00,39.1
2025-06-12 01:15:00,10.3
2025-06-12 10:23:00,63.9
2025-06-12 15:19:00,49.54963144963145
2025-06-12 03:02:00,49.54963144963145
2025-06-12 05:08:00,6.8
2025-06-12 13:34:00,51.3
2025-06-12 03:58:00,49.54963144963145
2025-06-12 21:53:00,24.0
2025-06-12 10:29:00,51.9
2025-06-12 13:14:00,72.0
2025-06-12 04:24:00,12.9
2025-06-12 01:27:00,49.54963144963145
2025-06-12 17:08:00,49.54963144963145
2025-06-12 12:00:00,39.7
2025-06-12 11:22:00,3.4
2025-06-12 02:13:00,97.1
2025-06-12 00:41:00,49.54963144963145
2025-06-12 21:10:00,44.0
2025-06-12 12:42:00,90.0
2025-06-12 01:40:00,86.6
2025-06-12 04:32:00,54.3
2025-06-12 21:43:00,60.2
2025-06-12 14:37:00,91.0
2025-06-12 05:01:00,77.3
2025-06-12 22:05:00,59.8
2025-06-12 19:39:00,35.9
2025-06-12 23:58:00,79.2
2025-06-12 21:19:00,80.7
2025-06-12 07:17:00,50.9
2025-06-12 19:58:00,30.4
2025-06-12 04:45:00,88.0
2025-06-12 01:14:00,18.2
2025-06-12 20:42:00,10.9
2025-06-12 16:07:00,98.7
2025-06-12 16:30:00,49.54963144963145
2025-06-12 23:58:00,14.9
2025-06-12 04:06:00,51.4
2025-06-12 05:37:00,77.4
2025-06-12 05:11:00,17.5
2025-06-12 21:35:00,85.2
2025-06-12 21:33:00,92.5
2025-06-12 20:11:00,24.0
2025-06-12 05:54:00,72.9
2025-06-12 11:46:00,91.7
2025-06-12 05:06:00,29.4
2025-06-12 07:48:00,61.9
2025-06-12 19:42:00,49.560128956623686
2025-06-12 21:04:00,46.8
2025-06-12 02:15:00,36.5
2025-06-12 01:07:00,49.560128956623686
2025-06-12 07:55:00,92.3
2025-06-12 15:48:00,68.9
2025-06-12 12:22:00,22.8
2025-06-12 14:53:00,49.560128956623686
2025-06-12 21:40:00,75.3
2025-06-12 03:53:00,12.1
2025-06-12 13:05:00,49.560128956623686
2025-06-12 13:53:00,4.3
2025-06-12 21:34:00,33.6
2025-06-12 01:25:00,8.9
2025-06-12 23:32:00,20.5
2025-06-12 17:41:00,66.7
2025-06-12 20:19:00,51.3
2025-06-12 12:17:00,35.4
2025-06-12 22:11:00,21.7
2025-06-12 15:45:00,49.560128956623686
2025-06-12 04:41:00,36.8
2025-06-12 19:50:00,49.560128956623686
2025-06-12 15:53:00,49.560128956623686
2025-06-12 17:26:00,26.2
2025-06-12 16:35:00,22.5
2025-06-12 07:45:00,44.0
2025-06-12 17:04:00,23.3
2025-06-12 04:05:00,49.560128956623686
2025-06-12 22:58:00,64.9
2025-06-12 05:24:00,43.1
2025-06-12 04:58:00,17.9
2025-06-12 12:41:00,53.6
2025-06-12 21:32:00,58.4
2025-06-12 22:08:00,49.560128956623686
2025-06-12 02:39:00,16.3
2025-06-12 05:08:00,49.560128956623686
2025-06-12 16:23:00,47.7
2025-06-12 16:42:00,44.4
2025-06-12 21:38:00,9.9
2025-06-12 11:33:00,20.8
2025-06-12 11:19:00,72.9
2025-06-12 16:45:00,39.2
2025-06-12 11:05:00,12.9
2025-06-12 11:12:00,95.0
2025-06-12 07:59:00,4.7
2025-06-12 15:57:00,70.6
2025-06-12 22:00:00,13.4
2025-06-12 02:50:00,56.0
2025-06-12 18:12:00,35.3
2025-06-12 15:00:00,40.3
2025-06-12 11:20:00,0.7
2025-06-12 15:17:00,9.3
2025-06-12 15:53:00,96.1
2025-06-12 21:29:00,8.6
2025-06-12 02:00:00,8.3
2025-06-12 22:41:00,51.1
2025-06-12 12:48:00,84.9
2025-06-12 14:44:00,38.1
2025-06-12 16:44:00,26.0
2025-06-12 05:17:00,62.6
2025-06-12 02:54:00,49.560128956623686
2025-06-12 11:26:00,13.9
2025-06-12 01:09:00,6.4
2025-06-12 22:20:00,49.560128956623686
2025-06-12 01:22:00,12.2
2025-06-12 08:47:00,8.4
2025-06-12 01:32:00,10.2
2025-06-12 12:25:00,49.560128956623686
2025-06-12 04:45:00,49.560128956623686
2025-06-12 09:03:00,49.560128956623686
2025-06-12 04:05:00,36.8
2025-06-12 00:57:00,94.5
2025-06-12 17:28:00,49.560128956623686
2025-06-12 18:35:00,70.4
2025-06-12 10:54:00,63.6
2025-06-12 07:33:00,41.9
2025-06-12 17:04:00,15.6
2025-06-12 01:58:00,2.7
2025-06-12 19:55:00,2.1
2025-06-12 10:21:00,97.5
2025-06-12 14:05:00,43.1
2025-06-12 18:57:00,35.7
2025-06-12 00:38:00,68.2
2025-06-12 05:20:00,53.4
2025-06-12 14:00:00,52.4
2025-06-12 05:49:00,20.8
2025-06-12 11:36:00,76.4
2025-06-12 07:11:00,17.7
2025-06-12 08:15:00,16.0
2025-06-12 21:15:00,88.0
2025-06-12 14:08:00,35.2
2025-06-12 02:33:00,49.560128956623686
2025-06-12 15:43:00,9.0
2025-06-12 22:45:00,82.0
2025-06-12 14:43:00,25.0
2025-06-12 06:04:00,76.4
2025-06-12 17:50:00,44.1
2025-06-12 15:07:00,7.2
2025-06-12 19:09:00,23.8
2025-06-12 13:03:00,97.3
2025-06-12 02:03:00,18.0
2025-06-12 12:56:00,33.1
2025-06-12 12:52:00,62.3
2025-06-12 09:35:00,80.3
2025-06-12 07:17:00,49.560128956623686
2025-06-12 23:41:00,75.0
2025-06-12 15:06:00,42.6
2025-06-12 12:13:00,23.1
2025-06-12 20:40:00,41.2
2025-06-12 01:30:00,11.7
2025-06-12 07:11:00,47.2
2025-06-12 15:34:00,87.9
2025-06-12 23:33:00,34.3
2025-06-12 22:45:00,85.6
2025-06-12 23:32:00,49.560128956623686
2025-06-12 05:36:00,77.6
2025-06-12 07:24:00,99.0
2025-06-12 17:32:00,3.8
2025-06-12 14:58:00,49.560128956623686
2025-06-12 16:06:00,29.3
2025-06-12 02:09:00,62.4
2025-06-12 07:25:00,40.4
2025-06-12 04:14:00,26.2
2025-06-12 13:01:00,39.6
2025-06-12 11:13:00,49.560128956623686
2025-06-12 12:32:00,35.2
2025-06-12 04:12:00,34.7
2025-06-12 14:41:00,49.560128956623686
2025-06-12 21:25:00,4.9
2025-06-12 20:49:00,53.6
2025-06-12 21:50:00,61.7
2025-06-12 22:42:00,94.5
2025-06-12 00:40:00,50.8
2025-06-12 17:41:00,49.560128956623686
2025-06-12 00:51:00,49.560128956623686
2025-06-12 23:41:00,40.9
2025-06-12 18:29:00,42.7
2025-06-12 01:50:00,1.8
2025-06-12 07:30:00,47.3
2025-06-12 21:02:00,29.7
2025-06-12 02:18:00,65.6
2025-06-12 09:44:00,49.560128956623686
2025-06-12 09:52:00,43.4
2025-06-12 06:57:00,14.6
2025-06-12 19:54:00,61.2
2025-06-12 06:06:00,49.560128956623686
2025-06-12 22:24:00,1.4
2025-06-12 11:02:00,54.0
2025-06-12 19:53:00,85.9
2025-06-12 15:27:00,64.7
2025-06-12 05:59:00,54.6
2025-06-12 21:34:00,49.560128956623686
2025-06-12 15:03:00,86.7
2025-06-12 21:46:00,84.8
2025-06-12 04:59:00,86.3
2025-06-12 07:04:00,78.1
2025-06-12 14:22:00,44.0
2025-06-12 14:45:00,2.4
2025-06-12 02:13:00,87.0
2025-06-12 12:18:00,20.1
2025-06-12 03:31:00,33.1
2025-06-12 05:40:00,67.1
2025-06-12 21:25:00,4.2
2025-06-12 22:24:00,79.0
2025-06-12 03:59:00,17.5
2025-06-12 12:58:00,77.6
2025-06-12 19:09:00,4.4
2025-06-12 23:40:00,94.3
2025-06-12 06:20:00,37.4
2025-06-12 20:16:00,9.6
2025-06-12 03:29:00,7.9
2025-06-12 15:50:00,36.3
2025-06-12 16:48:00,59.1
2025-06-12 21:18:00,8.0
2025-06-12 08:05:00,66.2
2025-06-12 03:54:00,3.2
2025-06-12 12:44:00,49.560128956623686
2025-06-12 08:09:00,49.560128956623686
2025-06-12 20:42:00,86.9
2025-06-12 03:28:00,34.0
2025-06-12 08:42:00,60.4
2025-06-12 05:49:00,67.7
2025-06-12 22:30:00,79.4
2025-06-12 13:49:00,65.9
2025-06-12 23:50:00,40.0
2025-06-12 00:28:00,53.8
2025-06-12 14:34:00,65.4
2025-06-12 11:43:00,22.4
2025-06-12 12:24:00,49.560128956623686
2025-06-12 17:33:00,96.7
2025-06-12 20:32:00,60.0
2025-06-12 13:43:00,31.7
2025-06-12 05:16:00,49.560128956623686
2025-06-12 00:24:00,49.560128956623686
2025-06-12 06:38:00,49.0
2025-06-12 08:09:00,91.7
2025-06-12 05:58:00,22.9
2025-06-12 17:49:00,24.0
2025-06-12 19:42:00,26.3
2025-06-12 21:47:00,32.2
2025-06-12 07:25:00,72.8
2025-06-12 12:53:00,30.5
2025-06-12 14:04:00,49.560128956623686
2025-06-12 00:31:00,46.5
2025-06-12 20:51:00,67.4
2025-06-12 00:41:00,81.8
2025-06-12 17:58:00,97.1
2025-06-12 14:42:00,9.7
2025-06-12 10:42:00,73.8
2025-06-12 16:07:00,32.6
2025-06-12 22:14:00,40.6
2025-06-12 19:44:00,14.8
2025-06-12 13:02:00,80.2
2025-06-12 01:19:00,11.2
2025-06-12 07:12:00,44.6
2025-06-12 00:00:00,3.0
2025-06-12 19:28:00,92.2
2025-06-12 02:01:00,9.5
2025-06-12 09:46:00,17.3
2025-06-12 00:20:00,49.560128956623686
2025-06-12 08:30:00,39.2
2025-06-12 09:15:00,66.8
2025-06-12 09:21:00,21.7
2025-06-12 21:24:00,49.560128956623686
2025-06-12 21:49:00,84.0
2025-06-12 17:24:00,34.4
2025-06-12 09:38:00,46.5
2025-06-12 21:30:00,24.0
2025-06-12 19:57:00,42.7
2025-06-12 20:51:00,49.560128956623686
2025-06-12 03:54:00,2.5
2025-06-12 10:50:00,49.560128956623686
2025-06-12 14:51:00,85.5
2025-06-12 13:08:00,31.9
2025-06-12 08:13:00,99.5
2025-06-12 15:52:00,85.5
2025-06-12 17:08:00,77.9
2025-06-12 09:13:00,22.7
2025-06-12 20:17:00,0.1
2025-06-12 13:17:00,80.7
2025-06-12 13:10:00,35.3
2025-06-12 23:30:00,9.0
2025-06-12 14:21:00,6.1
2025-06-12 06:41:00,4.3
2025-06-12 14:56:00,28.6
2025-06-12 01:03:00,96.9
2025-06-12 21:15:00,25.6
2025-06-12 21:29:00,49.560128956623686
2025-06-12 10:51:00,25.3
2025-06-12 16:25:00,69.4
2025-06-12 15:10:00,95.1
2025-06-12 22:10:00,49.2
2025-06-12 13:44:00,87.9
2025-06-12 10:26:00,58.1
2025-06-12 11:24:00,24.2
2025-06-12 11:55:00,93.3
2025-06-12 10:13:00,1.7
2025-06-12 00:36:00,2.9
2025-06-12 20:28:00,92.2
2025-06-12 17:41:00,19.9
2025-06-12 17:09:00,49.560128956623686
2025-06-12 08:26:00,24.1
2025-06-12 23:54:00,19.3
2025-06-12 23:11:00,22.1
2025-06-12 13:27:00,49.560128956623686
2025-06-12 15:01:00,50.2
2025-06-12 09:10:00,82.0
2025-06-12 03:21:00,44.0
2025-06-12 14:34:00,45.0
2025-06-12 05:43:00,18.3
2025-06-12 20:53:00,25.0
2025-06-12 01:43:00,64.1
2025-06-12 19:31:00,12.6
2025-06-12 21:38:00,49.560128956623686
2025-06-12 18:01:00,66.6
2025-06-12 00:53:00,53.3
2025-06-12 23:36:00,98.5
2025-06-12 13:41:00,40.2
2025-06-12 00:12:00,91.3
2025-06-12 15:29:00,76.7
2025-06-12 16:58:00,63.7
2025-06-12 08:22:00,49.560128956623686
2025-06-12 04:18:00,60.1
2025-06-12 09:05:00,49.9
2025-06-12 22:25:00,83.0
2025-06-12 20:39:00,35.7
2025-06-12 11:58:00,49.560128956623686
2025-06-12 23:43:00,46.2
2025-06-12 05:00:00,12.2
2025-06-12 22:35:00,23.0
2025-06-12 18:13:00,90.0
2025-06-12 04:22:00,31.9
2025-06-12 04:34:00,4.2
2025-06-12 05:46:00,58.9
2025-06-12 18:34:00,91.3
2025-06-12 03:20:00,59.3
2025-06-12 01:47:00,44.0
2025-06-12 03:42:00,56.9
2025-06-12 01:46:00,49.560128956623686
2025-06-12 21:31:00,36.9
2025-06-12 01:28:00,49.560128956623686
2025-06-12 04:37:00,20.8
2025-06-12 00:34:00,64.8
2025-06-12 16:55:00,88.8
2025-06-12 17:24:00,64.7
2025-06-12 13:46:00,4.8
2025-06-12 22:31:00,94.0
2025-06-12 07:14:00,29.2
2025-06-12 07:43:00,4.5
2025-06-12 02:26:00,14.8
2025-06-12 06:03:00,67.6
2025-06-12 11:07:00,75.3
2025-06-12 22:13:00,19.7
2025-06-12 08:17:00,83.3
2025-06-12 00:23:00,72.7
2025-06-12 02:53:00,41.7
2025-06-12 07:28:00,80.3
2025-06-12 06:28:00,7.4
2025-06-12 16:50:00,3.8
2025-06-12 02:58:00,50.10277843742579
2025-06-12 06:03:00,20.7
2025-06-12 13:07:00,8.4
2025-06-12 14:23:00,90.4
2025-06-12 23:50:00,51.4
2025-06-12 08:19:00,80.3
2025-06-12 09:34:00,30.5
2025-06-12 19:34:00,83.5
2025-06-12 23:00:00,50.10277843742579
2025-06-12 06:55:00,81.2
2025-06-12 06:31:00,74.7
2025-06-12 19:30:00,39.0
2025-06-12 15:44:00,48.7
2025-06-12 18:44:00,72.0
2025-06-12 04:51:00,41.8
2025-06-12 11:06:00,42.1
2025-06-12 00:37:00,14.1
2025-06-12 00:30:00,96.8
2025-06-12 04:42:00,79.8
2025-06-12 00:52:00,23.0
2025-06-12 16:30:00,24.0
2025-06-12 10:49:00,93.1
2025-06-12 08:49:00,55.1
2025-06-12 02:50:00,20.2
2025-06-12 18:32:00,50.10277843742579
2025-06-12 23:59:00,98.7
2025-06-12 11:02:00,68.2
2025-06-12 09:12:00,80.9
2025-06-12 05:40:00,63.6
2025-06-12 17:43:00,50.10277843742579
2025-06-12 10:35:00,7.9
2025-06-12 02:14:00,29.5
2025-06-12 10:20:00,22.7
2025-06-12 21:42:00,48.4
2025-06-12 00:47:00,71.3
2025-06-12 09:00:00,73.2
2025-06-12 14:08:00,34.5
2025-06-12 06:12:00,96.6
2025-06-12 22:18:00,94.8
2025-06-12 06:52:00,4.0
2025-06-12 06:43:00,50.10277843742579
2025-06-12 15:57:00,97.4
2025-06-12 19:35:00,83.8
2025-06-12 04:46:00,50.10277843742579
2025-06-12 23:34:00,86.4
2025-06-12 23:33:00,49.3
2025-06-12 11:18:00,59.2
2025-06-12 03:44:00,10.8
2025-06-12 03:53:00,5.2
2025-06-12 14:22:00,24.1
2025-06-12 17:22:00,79.0
2025-06-12 08:54:00,29.6
2025-06-12 15:04:00,18.7
2025-06-12 17:28:00,83.4
2025-06-12 10:11:00,2.2
2025-06-12 11:39:00,50.10277843742579
2025-06-12 18:09:00,33.4
2025-06-12 07:19:00,39.9
2025-06-12 04:06:00,33.1
2025-06-12 15:14:00,43.1
2025-06-12 01:30:00,16.1
2025-06-12 18:37:00,40.1
2025-06-12 16:11:00,50.10277843742579
2025-06-12 22:55:00,98.5
2025-06-12 05:03:00,84.5
2025-06-12 12:23:00,87.0
2025-06-12 20:07:00,16.1
2025-06-12 15:00:00,82.8
2025-06-12 04:54:00,50.10277843742579
2025-06-12 14:14:00,99.6
2025-06-12 04:46:00,26.4
2025-06-12 06:12:00,32.6
2025-06-12 03:22:00,46.1
2025-06-12 23:05:00,90.0
2025-06-12 19:08:00,56.7
2025-06-12 17:54:00,50.10277843742579
2025-06-12 22:16:00,50.10277843742579
2025-06-12 04:18:00,50.10277843742579
2025-06-12 15:27:00,50.10277843742579
2025-06-12 10:07:00,20.1
2025-06-12 06:03:00,66.3
2025-06-12 16:05:00,32.0
2025-06-12 18:39:00,8.6
2025-06-12 07:03:00,23.2
2025-06-12 03:49:00,15.4
2025-06-12 16:38:00,81.3
2025-06-12 12:49:00,36.2
2025-06-12 13:37:00,66.0
2025-06-12 14:51:00,18.6
2025-06-12 05:09:00,50.10277843742579
2025-06-12 04:36:00,50.10277843742579
2025-06-12 14:57:00,35.4
2025-06-12 19:38:00,50.10277843742579
2025-06-12 16:52:00,96.2
2025-06-12 08:52:00,80.8
2025-06-12 01:57:00,15.7
2025-06-12 12:06:00,78.5
2025-06-12 10:45:00,61.1
2025-06-12 09:18:00,36.9
2025-06-12 20:07:00,50.10277843742579
2025-06-12 02:47:00,65.1
2025-06-12 02:04:00,15.9
2025-06-12 01:24:00,34.7
2025-06-12 10:41:00,95.4
2025-06-12 04:41:00,7.6
2025-06-12 13:17:00,27.2
2025-06-12 03:55:00,50.10277843742579
2025-06-12 14:29:00,53.2
2025-06-12 05:16:00,42.5
2025-06-12 21:16:00,75.7
2025-06-12 09:49:00,83.4
2025-06-12 05:58:00,69.6
2025-06-12 10:22:00,42.8
2025-06-12 05:04:00,10.6
2025-06-12 14:59:00,86.2
2025-06-12 09:33:00,51.5
2025-06-12 22:59:00,39.7
2025-06-12 01:08:00,0.8
2025-06-12 07:48:00,4.5
2025-06-12 00:18:00,26.7
2025-06-12 22:31:00,31.3
2025-06-12 17:02:00,74.9
2025-06-12 07:06:00,45.5
2025-06-12 23:34:00,50.10277843742579
2025-06-12 00:16:00,50.10277843742579
2025-06-12 22:12:00,50.10277843742579
2025-06-12 18:55:00,50.10277843742579
2025-06-12 07:25:00,43.4
2025-06-12 14:07:00,84.5
2025-06-12 18:44:00,90.2
2025-06-12 02:09:00,97.9
2025-06-12 03:26:00,4.0
2025-06-12 10:37:00,86.7
2025-06-12 11:47:00,89.0
2025-06-12 21:50:00,95.5
2025-06-12 20:46:00,89.4
2025-06-12 11:12:00,4.8
2025-06-12 13:25:00,88.6
2025-06-12 14:21:00,50.10277843742579
2025-06-12 18:17:00,68.2
2025-06-12 02:36:00,50.10277843742579
2025-06-12 17:23:00,7.0
2025-06-12 16:09:00,71.0
2025-06-12 16:27:00,28.1
2025-06-12 12:07:00,15.9
2025-06-12 20:21:00,43.0
2025-06-12 19:58:00,64.5
2025-06-12 04:10:00,15.1
2025-06-12 01:09:00,45.2
2025-06-12 14:56:00,50.10277843742579
2025-06-12 18:46:00,50.10277843742579
2025-06-12 03:27:00,99.5
2025-06-12 05:48:00,12.9
2025-06-12 09:41:00,65.9
2025-06-12 11:12:00,3.5
2025-06-12 22:14:00,50.10277843742579
2025-06-12 07:31:00,49.5
2025-06-12 06:49:00,58.4
2025-06-12 04:36:00,55.2
2025-06-12 07:37:00,97.7
2025-06-12 06:59:00,70.7
2025-06-12 16:53:00,50.10277843742579
2025-06-12 04:59:00,13.9
2025-06-12 13:36:00,86.0
2025-06-12 21:27:00,50.10277843742579
2025-06-12 15:08:00,27.3
2025-06-12 05:54:00,50.10277843742579
2025-06-12 15:04:00,59.0
2025-06-12 05:58:00,27.8
2025-06-12 09:00:00,24.8
2025-06-12 08:07:00,26.4
2025-06-12 09:10:00,35.4
2025-06-12 00:01:00,50.10277843742579
2025-06-12 19:35:00,24.7
2025-06-12 21:20:00,10.6
2025-06-12 00:30:00,50.9
2025-06-12 20:56:00,43.3
2025-06-12 13:58:00,18.9
2025-06-12 16:01:00,50.10277843742579
2025-06-12 12:01:00,88.2
2025-06-12 09:15:00,75.7
2025-06-12 03:35:00,50.10277843742579
2025-06-12 03:33:00,97.5
2025-06-12 10:43:00,10.9
2025-06-12 13:33:00,49.7
2025-06-12 23:01:00,16.7
2025-06-12 12:15:00,13.4
2025-06-12 04:35:00,30.0
2025-06-12 07:11:00,35.4
2025-06-12 21:10:00,10.5
2025-06-12 19:00:00,60.4
2025-06-12 22:18:00,50.10277843742579
2025-06-12 14:26:00,50.10277843742579
2025-06-12 14:42:00,50.10277843742579
2025-06-12 12:37:00,48.3
2025-06-12 15:30:00,19.3
2025-06-12 12:36:00,26.7
2025-06-12 20:22:00,48.6
2025-06-12 00:28:00,7.2
2025-06-12 01:12:00,25.8
2025-06-12 12:22:00,43.2
2025-06-12 05:21:00,42.3
2025-06-12 09:09:00,50.10277843742579
2025-06-12 01:16:00,43.3
2025-06-12 22:50:00,19.4
2025-06-12 17:35:00,14.0
2025-06-12 16:44:00,6.6
2025-06-12 19:40:00,24.4
2025-06-12 06:11:00,68.7
2025-06-12 21:34:00,55.9
2025-06-12 22:45:00,50.10277843742579
2025-06-12 21:37:00,4.4
2025-06-12 23:25:00,85.6
2025-06-12 19:18:00,46.1
2025-06-12 15:56:00,15.9
2025-06-12 10:38:00,50.10277843742579
2025-06-12 07:48:00,85.9
2025-06-12 05:32:00,7.3
2025-06-12 07:54:00,39.8
2025-06-12 06:30:00,50.10277843742579
2025-06-12 06:31:00,53.6
2025-06-12 19:32:00,54.9
2025-06-12 11:53:00,36.8
2025-06-12 11:45:00,57.1
2025-06-12 15:53:00,2.6
2025-06-12 14:01:00,84.9
2025-06-12 19:49:00,85.3
2025-06-12 14:39:00,63.3
2025-06-12 14:39:00,39.2
2025-06-12 01:54:00,39.0
2025-06-12 10:48:00,65.3
2025-06-12 17:30:00,30.3
2025-06-12 13:03:00,50.10277843742579
2025-06-12 23:32:00,88.3
2025-06-12 06:48:00,11.1
2025-06-12 19:04:00,40.1
2025-06-12 23:07:00,46.2
2025-06-12 06:20:00,89.6
2025-06-12 13:39:00,93.2
2025-06-12 08:17:00,56.0
2025-06-12 23:49:00,98.0
2025-06-12 19:20:00,17.1
2025-06-12 21:50:00,65.2
2025-06-12 22:53:00,4.2
2025-06-12 01:51:00,50.10277843742579
2025-06-12 15:02:00,41.5
2025-06-12 22:57:00,40.0
2025-06-12 23:55:00,31.4
2025-06-12 20:01:00,53.2
2025-06-12 09:00:00,51.4
2025-06-12 17:01:00,7.2
2025-06-12 12:24:00,22.2
2025-06-12 12:01:00,7.4
2025-06-12 03:37:00,46.9
2025-06-12 20:48:00,53.0
2025-06-12 21:53:00,66.6
2025-06-12 00:23:00,82.3
2025-06-12 03:44:00,18.7
2025-06-12 17:31:00,84.3
2025-06-12 01:19:00,32.0
2025-06-12 03:39:00,50.10277843742579
2025-06-12 11:40:00,50.10277843742579
2025-06-12 14:14:00,58.7
2025-06-12 09:30:00,1.4
2025-06-12 15:35:00,15.2
2025-06-12 17:48:00,9.0
2025-06-12 08:54:00,16.4
2025-06-12 03:14:00,28.5
2025-06-12 10:36:00,50.10277843742579
2025-06-12 16:29:00,19.9
2025-06-12 13:30:00,13.9
2025-06-12 13:18:00,95.9
2025-06-12 11:46:00,24.5
2025-06-12 11:00:00,73.6
2025-06-12 03:03:00,87.5
2025-06-12 03:30:00,65.3
2025-06-12 00:11:00,24.3
2025-06-12 17:15:00,89.1
2025-06-12 13:16:00,12.4
2025-06-12 01:40:00,5.2
2025-06-12 17:10:00,50.10277843742579
2025-06-12 11:07:00,90.4
2025-06-12 05:27:00,50.10277843742579
2025-06-12 19:26:00,0.4
2025-06-12 13:31:00,50.10277843742579
2025-06-12 01:41:00,50.2
2025-06-12 20:40:00,75.6
2025-06-12 16:20:00,37.3
2025-06-12 00:47:00,95.0
2025-06-12 19:57:00,21.3
2025-06-12 21:37:00,65.2
2025-06-12 13:25:00,86.4
2025-06-12 05:35:00,50.10277843742579
2025-06-12 11:23:00,4.0
2025-06-12 21:22:00,59.5
2025-06-12 03:36:00,47.6
2025-06-12 07:22:00,14.7
2025-06-12 00:27:00,97.4
2025-06-12 19:30:00,96.2
2025-06-12 02:18:00,99.3
2025-06-12 00:22:00,30.8
2025-06-12 01:20:00,44.1
2025-06-12 23:08:00,61.3
2025-06-12 04:57:00,4.1
2025-06-12 18:15:00,15.9
2025-06-12 10:16:00,28.2
2025-06-12 22:20:00,37.3
2025-06-12 21:30:00,28.4
2025-06-12 11:56:00,32.1
2025-06-12 06:48:00,50.10277843742579
2025-06-12 15:31:00,64.6
2025-06-12 21:42:00,33.3
2025-06-12 01:16:00,96.3
2025-06-12 13:35:00,59.0
2025-06-12 00:26:00,29.7
2025-06-12 09:17:00,50.10277843742579
2025-06-12 00:51:00,96.8
2025-06-12 21:12:00,20.3
2025-06-12 03:25:00,57.0
2025-06-12 20:48:00,72.5
2025-06-12 00:00:00,18.7
2025-06-12 11:58:00,66.6
2025-06-12 03:07:00,17.4
2025-06-12 05:15:00,25.8
2025-06-12 22:21:00,75.1
2025-06-12 01:31:00,72.6
2025-06-12 13:52:00,62.7
2025-06-12 07:19:00,58.9
2025-06-12 09:08:00,19.8
2025-06-12 00:30:00,6.6
2025-06-12 18:42:00,35.1
2025-06-12 16:24:00,84.0
2025-06-12 08:39:00,18.1
2025-06-12 18:53:00,39.6
2025-06-12 21:00:00,39.6
2025-06-12 10:07:00,54.0
2025-06-12 07:10:00,19.1
2025-06-12 22:25:00,74.6
2025-06-12 13:59:00,53.6
2025-06-12 04:01:00,77.8
2025-06-12 09:10:00,49.2
2025-06-12 13:44:00,49.85036359371334
2025-06-12 14:32:00,13.6
2025-06-12 18:24:00,54.0
2025-06-12 06:30:00,30.8
2025-06-12 00:39:00,11.7
2025-06-12 13:19:00,14.4
2025-06-12 13:30:00,49.85036359371334
2025-06-12 00:42:00,37.5
2025-06-12 06:44:00,24.6
2025-06-12 02:27:00,83.2
2025-06-12 10:07:00,93.3
2025-06-12 12:00:00,96.9
2025-06-12 23:14:00,68.1
2025-06-12 18:53:00,28.8
2025-06-12 18:17:00,69.5
2025-06-12 06:36:00,49.85036359371334
2025-06-12 03:59:00,37.9
2025-06-12 05:00:00,75.8
2025-06-12 03:20:00,84.5
2025-06-12 23:23:00,21.0
2025-06-12 03:58:00,94.0
2025-06-12 03:57:00,41.9
2025-06-12 03:21:00,35.2
2025-06-12 16:10:00,49.85036359371334
2025-06-12 07:48:00,85.1
2025-06-12 17:57:00,57.2
2025-06-12 20:44:00,40.3
2025-06-12 06:58:00,49.85036359371334
2025-06-12 21:56:00,49.85036359371334
2025-06-12 12:52:00,12.7
2025-06-12 00:57:00,4.2
2025-06-12 12:55:00,49.85036359371334
2025-06-12 16:09:00,49.1
2025-06-12 07:32:00,60.8
2025-06-12 08:40:00,96.3
2025-06-12 23:20:00,80.7
2025-06-12 19:46:00,57.7
2025-06-12 03:59:00,39.0
2025-06-12 02:46:00,61.3
2025-06-12 22:19:00,37.5
2025-06-12 00:01:00,77.7
2025-06-12 06:31:00,39.4
2025-06-12 02:44:00,28.3
2025-06-12 03:47:00,96.8
2025-06-12 06:53:00,0.2
2025-06-12 21:18:00,14.6
2025-06-12 22:32:00,77.1
2025-06-12 09:35:00,98.9
2025-06-12 10:29:00,62.6
2025-06-12 18:55:00,22.0
2025-06-12 20:21:00,78.3
2025-06-12 05:35:00,70.6
2025-06-12 01:08:00,49.85036359371334
2025-06-12 07:44:00,49.85036359371334
2025-06-12 20:23:00,68.1
2025-06-12 10:21:00,67.2
2025-06-12 11:10:00,49.85036359371334
2025-06-12 19:33:00,63.9
2025-06-12 20:45:00,38.2
2025-06-12 09:54:00,10.2
2025-06-12 02:35:00,95.9
2025-06-12 03:21:00,3.6
2025-06-12 01:57:00,33.2
2025-06-12 16:18:00,49.85036359371334
2025-06-12 08:29:00,3.8
2025-06-12 07:06:00,36.2
2025-06-12 01:23:00,12.7
2025-06-12 18:43:00,84.3
2025-06-12 23:03:00,49.85036359371334
2025-06-12 21:54:00,2.0
2025-06-12 06:52:00,46.6
2025-06-12 17:20:00,49.85036359371334
2025-06-12 13:20:00,2.6
2025-06-12 04:45:00,49.85036359371334
2025-06-12 20:53:00,49.85036359371334
2025-06-12 10:49:00,18.2
2025-06-12 04:13:00,6.9
2025-06-12 22:03:00,93.5
2025-06-12 05:31:00,59.7
2025-06-12 22:38:00,51.5
2025-06-12 04:51:00,57.4
2025-06-12 16:03:00,49.85036359371334
2025-06-12 23:57:00,94.4
2025-06-12 03:14:00,50.0
2025-06-12 06:19:00,22.2
2025-06-12 15:14:00,84.8
2025-06-12 14:19:00,49.85036359371334
2025-06-12 22:25:00,91.0
2025-06-12 18:42:00,40.9
2025-06-12 09:26:00,21.1
2025-06-12 12:11:00,49.85036359371334
2025-06-12 01:19:00,33.0
2025-06-12 17:57:00,11.5
2025-06-12 16:27:00,29.9
2025-06-12 10:37:00,55.6
2025-06-12 00:03:00,79.1
2025-06-12 13:08:00,13.7
2025-06-12 22:15:00,49.85036359371334
2025-06-12 17:43:00,42.4
2025-06-12 08:36:00,49.85036359371334
2025-06-12 23:12:00,49.85036359371334
2025-06-12 20:15:00,49.85036359371334
2025-06-12 08:12:00,78.7
2025-06-12 13:24:00,90.8
2025-06-12 07:05:00,66.7
2025-06-12 06:52:00,40.0
2025-06-12 19:40:00,49.85036359371334
2025-06-12 03:40:00,74.4
2025-06-12 21:57:00,42.0
2025-06-12 15:57:00,38.3
2025-06-12 06:56:00,90.8
2025-06-12 00:14:00,46.5
2025-06-12 12:21:00,48.6
2025-06-12 11:25:00,56.5
2025-06-12 19:14:00,59.4
2025-06-12 15:54:00,6.4
2025-06-12 21:07:00,14.2
2025-06-12 04:49:00,84.2
2025-06-12 09:01:00,97.4
2025-06-12 20:38:00,79.9
2025-06-12 17:37:00,86.8
2025-06-12 07:35:00,22.5
2025-06-12 13:40:00,14.7
2025-06-12 17:08:00,41.5
2025-06-12 21:10:00,55.4
2025-06-12 01:13:00,88.4
2025-06-12 14:08:00,43.6
2025-06-12 15:07:00,52.1
2025-06-12 23:15:00,49.85036359371334
2025-06-12 09:08:00,5.3
2025-06-12 15:49:00,13.1
2025-06-12 06:14:00,14.6
2025-06-12 17:53:00,36.8
2025-06-12 02:20:00,49.85036359371334
2025-06-12 21:15:00,53.1
2025-06-12 02:50:00,14.0
2025-06-12 04:55:00,68.8
2025-06-12 07:53:00,87.0
2025-06-12 07:10:00,32.7
2025-06-12 06:26:00,21.5
2025-06-12 10:28:00,49.85036359371334
2025-06-12 19:12:00,99.7
2025-06-12 15:23:00,24.5
2025-06-12 14:44:00,29.0
2025-06-12 10:41:00,71.7
2025-06-12 13:50:00,74.9
2025-06-12 02:47:00,89.0
2025-06-12 01:21:00,10.1
2025-06-12 21:23:00,14.1
2025-06-12 07:37:00,22.5
2025-06-12 07:53:00,66.1
2025-06-12 13:45:00,86.5
2025-06-12 04:48:00,54.4
2025-06-12 08:09:00,16.2
2025-06-12 19:15:00,68.4
2025-06-12 00:42:00,3.9
2025-06-12 18:34:00,26.9
2025-06-12 02:18:00,29.0
2025-06-12 07:17:00,91.7
2025-06-12 12:20:00,39.9
2025-06-12 11:52:00,35.9
2025-06-12 18:01:00,6.8
2025-06-12 17:12:00,24.3
2025-06-12 01:17:00,99.2
2025-06-12 00:07:00,59.7
2025-06-12 19:40:00,49.85036359371334
2025-06-12 13:30:00,13.5
2025-06-12 19:25:00,42.3
2025-06-12 00:54:00,61.5
2025-06-12 08:14:00,29.2
2025-06-12 20:23:00,41.8
2025-06-12 23:43:00,49.85036359371334
2025-06-12 00:34:00,1.2
2025-06-12 14:16:00,68.8
2025-06-12 10:14:00,21.8
2025-06-12 04:04:00,94.4
2025-06-12 02:21:00,9.5
2025-06-12 06:17:00,26.6
2025-06-12 16:33:00,49.85036359371334
2025-06-12 14:29:00,37.2
2025-06-12 10:37:00,31.3
2025-06-12 20:36:00,52.6
2025-06-12 09:37:00,25.1
2025-06-12 10:21:00,17.5
2025-06-12 09:55:00,42.8
2025-06-12 17:14:00,12.1
2025-06-12 14:15:00,2.9
2025-06-12 14:17:00,49.85036359371334
2025-06-12 09:37:00,49.5
2025-06-12 23:28:00,24.3
2025-06-12 23:38:00,29.2
2025-06-12 04:52:00,10.8
2025-06-12 13:41:00,91.2
2025-06-12 20:28:00,13.6
2025-06-12 10:42:00,33.4
2025-06-12 08:04:00,65.5
2025-06-12 20:05:00,83.4
2025-06-12 15:23:00,37.2
2025-06-12 16:26:00,52.6
2025-06-12 19:23:00,49.85036359371334
2025-06-12 08:39:00,19.4
2025-06-12 09:00:00,13.6
2025-06-12 00:40:00,86.8
2025-06-12 16:15:00,18.2
2025-06-12 18:03:00,67.2
2025-06-12 01:10:00,79.1
2025-06-12 21:50:00,47.3
2025-06-12 07:16:00,9.2
2025-06-12 09:33:00,8.2
2025-06-12 12:40:00,1.8
2025-06-12 23:08:00,88.1
2025-06-12 06:19:00,87.0
2025-06-12 14:02:00,85.1
2025-06-12 08:15:00,60.8
2025-06-12 14:35:00,49.8
2025-06-12 18:20:00,49.85036359371334
2025-06-12 01:05:00,49.85036359371334
2025-06-12 16:25:00,53.0
2025-06-12 18:02:00,18.9
2025-06-12 12:47:00,10.2
2025-06-12 12:25:00,49.85036359371334
2025-06-12 14:09:00,51.5
2025-06-12 20:27:00,49.85036359371334
2025-06-12 08:57:00,64.6
2025-06-12 09:09:00,57.0
2025-06-12 06:09:00,83.9
2025-06-12 14:02:00,2.7
2025-06-12 12:36:00,71.1
2025-06-12 10:20:00,13.6
2025-06-12 22:42:00,96.8
2025-06-12 05:41:00,49.85036359371334
2025-06-12 04:04:00,80.9
2025-06-12 04:57:00,79.0
2025-06-12 21:32:00,49.85036359371334
2025-06-12 08:36:00,49.6
2025-06-12 22:18:00,76.2
2025-06-12 05:48:00,73.1
2025-06-12 08:09:00,49.85036359371334
2025-06-12 05:58:00,66.2
2025-06-12 01:23:00,28.9
2025-06-12 16:22:00,36.4
2025-06-12 15:59:00,79.1
2025-06-12 00:43:00,97.5
2025-06-12 21:39:00,33.5
2025-06-12 18:42:00,49.85036359371334
2025-06-12 13:48:00,93.4
2025-06-12 20:09:00,79.6
2025-06-12 03:55:00,75.4
2025-06-12 02:53:00,60.9
2025-06-12 23:25:00,51.2
2025-06-12 17:31:00,45.4
2025-06-12 00:33:00,35.0
2025-06-12 02:23:00,64.0
2025-06-12 00:21:00,56.4
2025-06-12 15:44:00,39.5
2025-06-12 04:12:00,28.1
2025-06-12 22:44:00,16.8
2025-06-12 07:45:00,17.9
2025-06-12 22:14:00,46.4
2025-06-12 18:58:00,33.0
2025-06-12 22:08:00,8.4
2025-06-12 15:45:00,94.0
2025-06-12 08:42:00,49.85036359371334
2025-06-12 21:01:00,97.4
2025-06-12 23:06:00,98.9
2025-06-12 20:09:00,64.2
2025-06-12 15:27:00,14.7
2025-06-12 08:19:00,41.0
2025-06-12 17:32:00,30.8
2025-06-12 10:26:00,57.4
2025-06-12 15:32:00,45.6
2025-06-12 11:26:00,68.5
2025-06-12 14:35:00,88.3
2025-06-12 04:19:00,49.85036359371334
2025-06-12 01:02:00,49.85036359371334
2025-06-12 12:44:00,94.2
2025-06-12 23:49:00,15.5
2025-06-12 19:15:00,25.8
2025-06-12 04:45:00,75.8
2025-06-12 02:56:00,49.85036359371334
2025-06-12 20:50:00,26.3
2025-06-12 09:53:00,3.2
2025-06-12 00:54:00,63.2
2025-06-12 19:28:00,9.6
2025-06-12 15:26:00,58.4
2025-06-12 00:30:00,39.5
2025-06-12 19:23:00,76.6
2025-06-12 10:13:00,25.9
2025-06-12 00:31:00,44.8
2025-06-12 15:37:00,51.2
2025-06-12 13:10:00,16.4
2025-06-12 07:05:00,0.5
2025-06-12 14:12:00,62.3
2025-06-12 03:18:00,18.6
2025-06-12 10:23:00,6.5
2025-06-12 03:51:00,49.85036359371334
2025-06-12 21:14:00,92.4
2025-06-12 12:20:00,70.2
2025-06-12 09:14:00,55.6
2025-06-12 06:14:00,34.4
2025-06-12 03:07:00,86.8
2025-06-12 08:23:00,72.8
2025-06-12 15:17:00,35.5
2025-06-12 05:33:00,31.6
2025-06-12 16:06:00,1.9
2025-06-12 23:59:00,78.7
2025-06-12 10:16:00,63.6
2025-06-12 00:25:00,28.5
2025-06-12 15:31:00,0.9
2025-06-12 08:12:00,65.3
2025-06-12 05:10:00,11.3
2025-06-12 03:12:00,26.1
2025-06-12 06:58:00,45.7
2025-06-12 06:03:00,68.6
2025-06-12 01:31:00,21.1
2025-06-12 20:50:00,42.2
2025-06-12 15:17:00,65.0
2025-06-12 13:18:00,49.85036359371334
2025-06-12 08:52:00,23.5
2025-06-12 12:34:00,40.8
2025-06-12 12:04:00,22.3
2025-06-12 03:57:00,74.2
2025-06-12 09:10:00,36.8
2025-06-12 10:28:00,56.5
2025-06-12 06:23:00,49.85036359371334
2025-06-12 13:35:00,63.7
2025-06-12 19:15:00,54.5
2025-06-12 08:36:00,39.5
2025-06-12 15:34:00,67.1
2025-06-12 04:03:00,77.7
2025-06-12 20:50:00,8.4
2025-06-12 07:40:00,19.1
2025-06-12 21:30:00,63.0
2025-06-12 03:36:00,40.9
2025-06-12 02:25:00,86.4
2025-06-12 07:34:00,1.3
2025-06-12 04:16:00,65.0
2025-06-12 01:02:00,21.6
2025-06-12 19:37:00,7.1
2025-06-12 11:08:00,39.3
2025-06-12 21:35:00,26.3
2025-06-12 23:21:00,29.0
2025-06-12 17:41:00,83.0
2025-06-12 01:25:00,49.85036359371334
2025-06-12 20:33:00,24.9
2025-06-12 04:43:00,5.5
2025-06-12 08:54:00,61.4
2025-06-12 19:45:00,99.1
2025-06-12 18:43:00,38.8
2025-06-12 13:22:00,14.1
2025-06-12 15:37:00,51.3
2025-06-12 04:07:00,19.6
2025-06-12 05:48:00,41.1
2025-06-12 01:36:00,25.2
2025-06-12 12:05:00,40.7
2025-06-12 02:21:00,16.3
2025-06-12 22:26:00,93.0
2025-06-12 17:30:00,100.0
2025-06-12 18:29:00,40.1
2025-06-12 02:15:00,68.8
2025-06-12 09:52:00,2.6
2025-06-12 23:16:00,8.2
2025-06-12 07:54:00,11.4
2025-06-12 13:24:00,37.4
2025-06-12 09:24:00,21.4
2025-06-12 08:42:00,51.3
2025-06-12 20:24:00,50.02337935876432
2025-06-12 02:25:00,93.4
2025-06-12 17:25:00,50.02337935876432
2025-06-12 15:36:00,71.3
2025-06-12 12:39:00,60.8
2025-06-12 11:25:00,54.0
2025-06-12 16:46:00,98.7
2025-06-12 02:25:00,18.7
2025-06-12 07:07:00,61.5
2025-06-12 02:09:00,12.5
2025-06-12 13:30:00,39.3
2025-06-12 03:07:00,16.8
2025-06-12 18:42:00,71.3
2025-06-12 19:57:00,50.02337935876432
2025-06-12 08:31:00,50.02337935876432
2025-06-12 12:35:00,7.9
2025-06-12 23:53:00,33.1
2025-06-12 08:34:00,50.02337935876432
2025-06-12 11:47:00,84.6
2025-06-12 12:52:00,33.0
2025-06-12 23:35:00,99.0
2025-06-12 18:49:00,4.6
2025-06-12 06:45:00,50.02337935876432
2025-06-12 08:04:00,58.6
2025-06-12 08:21:00,14.1
2025-06-12 07:26:00,6.1
2025-06-12 04:57:00,50.02337935876432
2025-06-12 18:10:00,52.3
2025-06-12 20:44:00,87.2
2025-06-12 10:39:00,27.2
2025-06-12 02:44:00,58.7
2025-06-12 01:33:00,17.8
2025-06-12 14:27:00,13.7
2025-06-12 16:27:00,94.5
2025-06-12 14:34:00,50.02337935876432
2025-06-12 01:48:00,50.02337935876432
2025-06-12 13:02:00,75.4
2025-06-12 23:08:00,50.02337935876432
2025-06-12 22:24:00,50.02337935876432
2025-06-12 15:53:00,50.02337935876432
2025-06-12 07:00:00,55.2
2025-06-12 09:49:00,14.3
2025-06-12 16:50:00,39.7
2025-06-12 14:35:00,73.9
2025-06-12 05:33:00,25.7
2025-06-12 13:42:00,82.3
2025-06-12 18:41:00,93.9
2025-06-12 05:20:00,62.3
2025-06-12 19:09:00,3.6
2025-06-12 18:05:00,9.5
2025-06-12 23:10:00,34.4
2025-06-12 10:53:00,50.02337935876432
2025-06-12 00:51:00,68.6
2025-06-12 22:25:00,29.0
2025-06-12 09:32:00,36.3
2025-06-12 20:59:00,50.02337935876432
2025-06-12 06:19:00,91.1
2025-06-12 01:17:00,50.02337935876432
2025-06-12 23:48:00,31.5
2025-06-12 12:21:00,47.1
2025-06-12 00:13:00,81.7
2025-06-12 04:40:00,82.1
2025-06-12 18:49:00,69.6
2025-06-12 03:13:00,54.2
2025-06-12 03:55:00,69.2
2025-06-12 09:23:00,92.6
2025-06-12 22:29:00,97.4
2025-06-12 07:48:00,40.8
2025-06-12 17:43:00,94.5
2025-06-12 18:06:00,76.4
2025-06-12 03:29:00,33.2
2025-06-12 02:15:00,17.7
2025-06-12 08:53:00,50.02337935876432
2025-06-12 14:02:00,78.5
2025-06-12 09:29:00,38.2
2025-06-12 06:43:00,50.02337935876432
2025-06-12 14:38:00,50.02337935876432
2025-06-12 09:08:00,61.1
2025-06-12 00:32:00,43.0
2025-06-12 02:57:00,46.8
2025-06-12 09:24:00,13.5
2025-06-12 21:10:00,10.3
2025-06-12 01:49:00,15.9
2025-06-12 07:04:00,46.8
2025-06-12 17:25:00,50.0
2025-06-12 01:28:00,77.0
2025-06-12 20:08:00,50.02337935876432
2025-06-12 08:26:00,81.0
2025-06-12 11:00:00,39.5
2025-06-12 15:27:00,80.7
2025-06-12 10:58:00,25.2
2025-06-12 06:25:00,12.3
2025-06-12 21:00:00,88.8
2025-06-12 09:55:00,44.5
2025-06-12 23:07:00,18.0
2025-06-12 23:51:00,1.5
2025-06-12 07:07:00,50.02337935876432
2025-06-12 05:58:00,13.4
2025-06-12 01:03:00,10.9
2025-06-12 02:54:00,50.02337935876432
2025-06-12 18:16:00,50.02337935876432
2025-06-12 09:11:00,73.3
2025-06-12 11:56:00,16.5
2025-06-12 04:26:00,56.1
2025-06-12 04:22:00,29.3
2025-06-12 00:36:00,50.02337935876432
2025-06-12 02:24:00,84.5
2025-06-12 21:56:00,34.6
2025-06-12 20:36:00,7.5
2025-06-12 14:40:00,96.7
2025-06-12 20:06:00,92.6
2025-06-12 21:30:00,50.02337935876432
2025-06-12 17:16:00,92.7
2025-06-12 10:18:00,91.1
2025-06-12 14:55:00,58.4
2025-06-12 20:06:00,76.0
2025-06-12 23:58:00,19.5
2025-06-12 15:19:00,77.6
2025-06-12 03:05:00,37.2
2025-06-12 10:01:00,72.2
2025-06-12 05:20:00,63.9
2025-06-12 11:13:00,21.4
2025-06-12 03:52:00,22.2
2025-06-12 08:32:00,54.0
2025-06-12 18:38:00,6.6
2025-06-12 21:51:00,97.9
2025-06-12 16:55:00,50.02337935876432
2025-06-12 04:30:00,50.02337935876432
2025-06-12 00:48:00,12.3
2025-06-12 06:53:00,23.7
2025-06-12 16:19:00,94.5
2025-06-12 03:05:00,26.4
2025-06-12 11:48:00,64.1
2025-06-12 19:53:00,86.8
2025-06-12 17:17:00,70.0
2025-06-12 21:46:00,84.5
2025-06-12 12:48:00,50.6
2025-06-12 06:20:00,4.7
2025-06-12 11:38:00,73.3
2025-06-12 14:07:00,28.7
2025-06-12 22:03:00,82.6
2025-06-12 14:06:00,49.6
2025-06-12 10:44:00,63.3
2025-06-12 14:59:00,80.3
2025-06-12 18:32:00,79.2
2025-06-12 08:01:00,8.6
2025-06-12 10:32:00,6.8
2025-06-12 01:54:00,50.02337935876432
2025-06-12 14:43:00,73.3
2025-06-12 06:14:00,89.4
2025-06-12 06:09:00,48.6
2025-06-12 16:44:00,26.7
2025-06-12 13:03:00,28.1
2025-06-12 06:07:00,18.4
2025-06-12 05:12:00,12.8
2025-06-12 02:07:00,93.8
2025-06-12 15:44:00,97.1
2025-06-12 19:36:00,76.8
2025-06-12 19:23:00,10.7
2025-06-12 16:54:00,16.8
2025-06-12 10:20:00,50.02337935876432
2025-06-12 18:22:00,50.02337935876432
2025-06-12 23:52:00,65.9
2025-06-12 06:50:00,62.7
2025-06-12 17:06:00,36.1
2025-06-12 11:38:00,69.7
2025-06-12 02:35:00,1.8
2025-06-12 11:40:00,93.5
2025-06-12 22:11:00,55.4
2025-06-12 04:15:00,56.5
2025-06-12 20:38:00,22.2
2025-06-12 11:24:00,66.3
2025-06-12 17:43:00,4.5
2025-06-12 17:26:00,13.1
2025-06-12 04:19:00,70.9
2025-06-12 02:41:00,42.7
2025-06-12 16:19:00,10.0
2025-06-12 20:56:00,92.9
2025-06-12 15:58:00,4.1
2025-06-12 21:30:00,56.9
2025-06-12 02:37:00,70.8
2025-06-12 12:03:00,47.2
2025-06-12 12:43:00,85.6
2025-06-12 04:28:00,21.1
2025-06-12 18:58:00,50.02337935876432
2025-06-12 01:03:00,84.3
2025-06-12 18:40:00,1.5
2025-06-12 18:17:00,6.0
2025-06-12 18:16:00,20.0
2025-06-12 18:31:00,10.9
2025-06-12 21:22:00,51.6
2025-06-12 06:42:00,28.3
2025-06-12 19:40:00,41.5
2025-06-12 05:31:00,50.02337935876432
2025-06-12 16:48:00,50.02337935876432
2025-06-12 03:37:00,77.6
2025-06-12 02:38:00,53.3
2025-06-12 17:51:00,19.1
2025-06-12 04:47:00,49.6
2025-06-12 10:27:00,50.02337935876432
2025-06-12 17:28:00,55.6
2025-06-12 18:56:00,83.9
2025-06-12 19:53:00,50.02337935876432
2025-06-12 03:31:00,50.02337935876432
2025-06-12 22:50:00,50.02337935876432
2025-06-12 12:49:00,35.1
2025-06-12 09:29:00,39.8
2025-06-12 05:18:00,50.02337935876432
2025-06-12 16:40:00,96.5
2025-06-12 20:44:00,78.1
2025-06-12 01:27:00,45.3
2025-06-12 00:32:00,89.8
2025-06-12 19:43:00,37.8
2025-06-12 08:28:00,22.6
2025-06-12 02:21:00,9.3
2025-06-12 03:58:00,22.4
2025-06-12 04:20:00,88.2
2025-06-12 21:44:00,94.8
2025-06-12 19:56:00,50.02337935876432
2025-06-12 19:36:00,2.1
2025-06-12 19:17:00,98.4
2025-06-12 05:22:00,50.02337935876432
2025-06-12 01:55:00,50.02337935876432
2025-06-12 02:12:00,50.02337935876432
2025-06-12 10:20:00,57.1
2025-06-12 02:11:00,50.02337935876432
2025-06-12 12:10:00,50.6
2025-06-12 17:11:00,68.5
2025-06-12 11:47:00,88.0
2025-06-12 05:51:00,6.0
2025-06-12 20:00:00,41.4
2025-06-12 13:36:00,64.9
2025-06-12 14:40:00,90.5
2025-06-12 04:14:00,99.4
2025-06-12 06:24:00,5.1
2025-06-12 08:26:00,3.8
2025-06-12 23:01:00,50.02337935876432
2025-06-12 09:20:00,50.02337935876432
2025-06-12 18:51:00,31.1
2025-06-12 02:57:00,60.3
2025-06-12 19:26:00,50.02337935876432
2025-06-12 14:42:00,8.1
2025-06-12 22:44:00,78.7
2025-06-12 15:41:00,98.4
2025-06-12 05:39:00,72.5
2025-06-12 15:50:00,73.1
2025-06-12 06:15:00,50.02337935876432
2025-06-12 14:03:00,99.3
2025-06-12 20:53:00,18.1
2025-06-12 16:33:00,79.0
2025-06-12 18:32:00,83.5
2025-06-12 02:12:00,95.1
2025-06-12 03:14:00,35.1
2025-06-12 05:25:00,50.02337935876432
2025-06-12 22:44:00,81.4
2025-06-12 08:33:00,50.02337935876432
2025-06-12 21:23:00,75.3
2025-06-12 08:58:00,50.02337935876432
2025-06-12 16:17:00,28.6
2025-06-12 00:54:00,59.3
2025-06-12 20:11:00,21.3
2025-06-12 21:36:00,78.6
2025-06-12 07:05:00,7.0
2025-06-12 11:56:00,72.2
2025-06-12 07:29:00,50.02337935876432
2025-06-12 19:36:00,97.4
2025-06-12 17:32:00,27.2
2025-06-12 10:58:00,31.0
2025-06-12 12:07:00,62.9
2025-06-12 12:47:00,83.4
2025-06-12 15:58:00,22.0
2025-06-12 09:58:00,50.02337935876432
2025-06-12 11:11:00,20.8
2025-06-12 22:46:00,14.5
2025-06-12 03:43:00,45.5
2025-06-12 18:27:00,83.8
2025-06-12 14:36:00,50.02337935876432
2025-06-12 00:41:00,50.02337935876432
2025-06-12 14:09:00,42.0
2025-06-12 10:18:00,94.4
2025-06-12 20:13:00,76.9
2025-06-12 11:19:00,75.6
2025-06-12 06:51:00,91.9
2025-06-12 21:28:00,93.8
2025-06-12 07:46:00,52.4
2025-06-12 22:46:00,45.8
2025-06-12 10:41:00,8.3
2025-06-12 12:15:00,43.7
2025-06-12 06:35:00,7.7
2025-06-12 23:17:00,79.5
2025-06-12 15:15:00,11.7
2025-06-12 09:45:00,4.3
2025-06-12 00:43:00,90.9
2025-06-12 02:32:00,37.5
2025-06-12 08:17:00,41.1
2025-06-12 10:09:00,93.7
2025-06-12 09:10:00,68.1
2025-06-12 22:51:00,53.8
2025-06-12 10:59:00,74.8
2025-06-12 12:01:00,52.0
2025-06-12 07:03:00,60.3
2025-06-12 20:55:00,22.2
2025-06-12 17:22:00,10.2
2025-06-12 17:46:00,9.9
2025-06-12 12:17:00,79.8
2025-06-12 14:59:00,44.4
2025-06-12 15:44:00,73.1
2025-06-12 18:23:00,47.4
2025-06-12 04:23:00,70.7
2025-06-12 02:48:00,4.3
2025-06-12 09:29:00,26.0
2025-06-12 19:13:00,5.2
2025-06-12 23:27:00,50.19809456598448
2025-06-12 13:08:00,98.9
2025-06-12 12:02:00,50.19809456598448
2025-06-12 19:11:00,23.6
2025-06-12 07:18:00,25.6
2025-06-12 16:23:00,39.4
2025-06-12 12:49:00,50.19809456598448
2025-06-12 11:31:00,29.9
2025-06-12 07:48:00,78.3
2025-06-12 05:45:00,72.0
2025-06-12 13:45:00,95.0
2025-06-12 00:45:00,2.9
2025-06-12 12:40:00,64.6
2025-06-12 05:33:00,33.5
2025-06-12 05:23:00,19.4
2025-06-12 14:24:00,51.1
2025-06-12 05:35:00,45.6
2025-06-12 06:08:00,42.0
2025-06-12 16:40:00,98.6
2025-06-12 16:15:00,15.5
2025-06-12 07:48:00,50.19809456598448
2025-06-12 14:50:00,76.2
2025-06-12 01:59:00,99.0
2025-06-12 02:58:00,99.9
2025-06-12 18:00:00,81.0
2025-06-12 19:54:00,24.9
2025-06-12 13:55:00,98.7
2025-06-12 15:19:00,50.19809456598448
2025-06-12 03:54:00,25.7
2025-06-12 11:22:00,67.6
2025-06-12 16:39:00,74.3
2025-06-12 03:49:00,46.3
2025-06-12 01:06:00,4.7
2025-06-12 06:29:00,16.9
2025-06-12 19:51:00,38.4
2025-06-12 22:16:00,24.0
2025-06-12 04:19:00,73.8
2025-06-12 17:58:00,34.6
2025-06-12 18:45:00,82.0
2025-06-12 03:33:00,8.3
2025-06-12 11:26:00,34.9
2025-06-12 18:18:00,66.4
2025-06-12 11:43:00,50.19809456598448
2025-06-12 22:17:00,58.7
2025-06-12 18:45:00,50.19809456598448
2025-06-12 03:50:00,50.19809456598448
2025-06-12 13:04:00,68.9
2025-06-12 18:45:00,93.0
2025-06-12 16:12:00,62.4
2025-06-12 02:41:00,37.2
2025-06-12 23:45:00,50.19809456598448
2025-06-12 19:14:00,8.5
2025-06-12 12:10:00,59.6
2025-06-12 01:12:00,69.0
2025-06-12 16:53:00,78.4
2025-06-12 11:45:00,19.0
2025-06-12 22:10:00,50.19809456598448
2025-06-12 21:24:00,71.2
2025-06-12 23:57:00,17.7
2025-06-12 02:14:00,69.8
2025-06-12 13:37:00,92.3
2025-06-12 18:05:00,62.9
2025-06-12 22:31:00,52.6
2025-06-12 00:42:00,50.19809456598448
2025-06-12 14:47:00,96.2
2025-06-12 14:50:00,19.6
2025-06-12 19:02:00,55.3
2025-06-12 09:29:00,23.7
2025-06-12 01:03:00,15.7
2025-06-12 09:52:00,57.2
2025-06-12 14:46:00,53.3
2025-06-12 05:08:00,84.0
2025-06-12 05:09:00,7.2
2025-06-12 10:52:00,55.3
2025-06-12 05:28:00,7.2
2025-06-12 22:33:00,17.1
2025-06-12 18:40:00,27.4
2025-06-12 04:24:00,7.1
2025-06-12 08:57:00,12.4
2025-06-12 01:12:00,29.0
2025-06-12 16:46:00,49.4
2025-06-12 07:25:00,71.6
2025-06-12 22:33:00,51.7
2025-06-12 06:11:00,12.4
2025-06-12 20:01:00,50.19809456598448
2025-06-12 07:19:00,66.4
2025-06-12 17:44:00,50.19809456598448
2025-06-12 22:11:00,25.6
2025-06-12 18:36:00,32.3
2025-06-12 14:56:00,51.0
2025-06-12 14:03:00,81.1
2025-06-12 12:47:00,46.2
2025-06-12 06:51:00,62.9
2025-06-12 06:17:00,28.6
2025-06-12 23:59:00,50.19809456598448
2025-06-12 16:12:00,90.5
2025-06-12 17:45:00,36.5
2025-06-12 16:22:00,8.6
2025-06-12 13:19:00,22.5
2025-06-12 18:42:00,74.5
2025-06-12 13:05:00,54.8
2025-06-12 02:41:00,50.19809456598448
2025-06-12 22:15:00,96.1
2025-06-12 22:48:00,9.4
2025-06-12 17:14:00,50.19809456598448
2025-06-12 17:24:00,70.2
2025-06-12 12:05:00,83.6
2025-06-12 20:26:00,16.7
2025-06-12 00:14:00,18.0
2025-06-12 23:33:00,50.19809456598448
2025-06-12 01:33:00,8.7
2025-06-12 13:00:00,81.1
2025-06-12 13:34:00,27.6
2025-06-12 13:46:00,50.19809456598448
2025-06-12 07:48:00,52.6
2025-06-12 06:14:00,76.8
2025-06-12 17:12:00,50.19809456598448
2025-06-12 23:19:00,5.2
2025-06-12 15:48:00,80.3
2025-06-12 12:04:00,60.9
2025-06-12 18:02:00,20.4
2025-06-12 03:25:00,65.5
2025-06-12 00:26:00,50.19809456598448
2025-06-12 13:52:00,33.0
2025-06-12 21:55:00,47.3
2025-06-12 14:08:00,74.9
2025-06-12 20:03:00,50.19809456598448
2025-06-12 19:11:00,49.0
2025-06-12 08:36:00,47.5
2025-06-12 23:02:00,99.2
2025-06-12 12:49:00,96.4
2025-06-12 07:39:00,53.4
2025-06-12 19:54:00,59.0
2025-06-12 01:55:00,85.0
2025-06-12 06:08:00,80.2
2025-06-12 14:34:00,60.2
2025-06-12 09:17:00,94.9
2025-06-12 11:38:00,5.4
2025-06-12 13:48:00,50.19809456598448
2025-06-12 08:07:00,40.4
2025-06-12 13:28:00,38.9
2025-06-12 19:16:00,33.5
2025-06-12 17:32:00,8.5
2025-06-12 13:04:00,50.19809456598448
2025-06-12 06:38:00,65.2
2025-06-12 14:24:00,17.5
2025-06-12 17:52:00,96.0
2025-06-12 06:23:00,48.9
2025-06-12 00:03:00,98.5
2025-06-12 08:12:00,32.2
2025-06-12 17:07:00,50.19809456598448
2025-06-12 21:32:00,31.1
2025-06-12 15:10:00,43.9
2025-06-12 01:57:00,50.19809456598448
2025-06-12 04:35:00,18.3
2025-06-12 21:47:00,45.2
2025-06-12 22:08:00,27.5
2025-06-12 16:58:00,50.19809456598448
2025-06-12 19:29:00,91.1
2025-06-12 09:46:00,12.2
2025-06-12 02:01:00,77.7
2025-06-12 07:07:00,85.6
2025-06-12 00:27:00,49.7
2025-06-12 14:00:00,7.4
2025-06-12 15:45:00,43.2
2025-06-12 10:54:00,58.8
2025-06-12 06:58:00,13.4
2025-06-12 23:39:00,72.7
2025-06-12 11:49:00,58.4
2025-06-12 16:03:00,69.8
2025-06-12 23:22:00,35.1
2025-06-12 21:16:00,77.8
2025-06-12 09:41:00,29.0
2025-06-12 01:51:00,50.19809456598448
2025-06-12 01:23:00,8.9
2025-06-12 20:53:00,98.6
2025-06-12 06:29:00,93.3
2025-06-12 20:29:00,32.7
2025-06-12 05:16:00,43.8
2025-06-12 09:32:00,44.3
2025-06-12 04:16:00,50.19809456598448
2025-06-12 16:43:00,60.6
2025-06-12 21:55:00,28.8
2025-06-12 18:08:00,28.1
2025-06-12 12:47:00,62.6
2025-06-12 00:41:00,36.7
2025-06-12 22:36:00,50.19809456598448
2025-06-12 11:05:00,82.4
2025-06-12 18:56:00,61.0
2025-06-12 00:31:00,89.9
2025-06-12 09:56:00,22.8
2025-06-12 21:24:00,47.4
2025-06-12 10:12:00,50.19809456598448
2025-06-12 06:32:00,9.7
2025-06-12 01:23:00,34.6
2025-06-12 21:13:00,50.19809456598448
2025-06-12 07:59:00,78.0
2025-06-12 06:45:00,74.8
2025-06-12 00:49:00,35.2
2025-06-12 11:06:00,79.8
2025-06-12 12:44:00,67.7
2025-06-12 01:21:00,71.3
2025-06-12 05:58:00,97.1
2025-06-12 11:19:00,64.8
2025-06-12 16:10:00,93.6
2025-06-12 01:32:00,97.3
2025-06-12 21:22:00,2.2
2025-06-12 08:50:00,50.19809456598448
2025-06-12 14:06:00,58.5
2025-06-12 19:41:00,33.7
2025-06-12 19:16:00,92.2
2025-06-12 15:08:00,50.19809456598448
2025-06-12 10:27:00,24.8
2025-06-12 06:56:00,47.0
2025-06-12 17:12:00,7.4
2025-06-12 05:49:00,89.2
2025-06-12 18:15:00,91.0
2025-06-12 03:48:00,69.3
2025-06-12 20:48:00,30.3
2025-06-12 18:15:00,24.5
2025-06-12 14:56:00,99.3
2025-06-12 05:51:00,29.1
2025-06-12 03:37:00,50.19809456598448
2025-06-12 03:22:00,25.9
2025-06-12 16:10:00,33.5
2025-06-12 06:54:00,97.6
2025-06-12 14:04:00,6.9
2025-06-12 19:05:00,37.9
2025-06-12 12:57:00,67.6
2025-06-12 21:59:00,46.1
2025-06-12 23:14:00,32.5
2025-06-12 11:35:00,20.7
2025-06-12 16:31:00,97.0
2025-06-12 21:17:00,53.4
2025-06-12 16:01:00,47.0
2025-06-12 07:48:00,12.4
2025-06-12 02:02:00,93.1
2025-06-12 00:12:00,36.9
2025-06-12 18:26:00,46.6
2025-06-12 21:54:00,51.4
2025-06-12 18:49:00,37.9
2025-06-12 06:39:00,61.4
2025-06-12 19:08:00,63.0
2025-06-12 18:33:00,99.2
2025-06-12 19:55:00,50.19809456598448
2025-06-12 13:36:00,50.19809456598448
2025-06-12 07:36:00,97.8
2025-06-12 20:21:00,51.9
2025-06-12 16:51:00,39.7
2025-06-12 10:25:00,50.19809456598448
2025-06-12 20:43:00,61.1
2025-06-12 22:47:00,50.19809456598448
2025-06-12 11:48:00,56.4
2025-06-12 02:48:00,82.2
2025-06-12 09:27:00,36.0
2025-06-12 01:37:00,62.0
2025-06-12 04:35:00,50.19809456598448
2025-06-12 20:47:00,39.2
2025-06-12 13:56:00,50.19809456598448
2025-06-12 02:16:00,0.6
2025-06-12 07:17:00,5.0
2025-06-12 04:44:00,45.1
2025-06-12 19:23:00,6.3
2025-06-12 09:54:00,79.1
2025-06-12 13:08:00,80.4
2025-06-12 09:26:00,18.7
2025-06-12 02:50:00,36.6
2025-06-12 05:31:00,76.5
2025-06-12 14:58:00,66.6
2025-06-12 04:15:00,50.19809456598448
2025-06-12 05:56:00,57.5
2025-06-12 03:01:00,8.2
2025-06-12 18:34:00,10.2
2025-06-12 09:37:00,3.7
2025-06-12 02:14:00,6.5
2025-06-12 10:41:00,50.19809456598448
2025-06-12 14:14:00,50.19809456598448
2025-06-12 07:03:00,53.5
2025-06-12 09:36:00,33.7
2025-06-12 03:57:00,81.8
2025-06-12 02:12:00,18.9
2025-06-12 12:17:00,50.19809456598448
2025-06-12 18:22:00,45.6
2025-06-12 02:49:00,16.1
2025-06-12 20:47:00,50.19809456598448
2025-06-12 05:04:00,24.1
2025-06-12 08:56:00,78.4
2025-06-12 14:59:00,19.2
2025-06-12 00:39:00,50.19809456598448
2025-06-12 08:27:00,12.6
2025-06-12 04:48:00,50.19809456598448
2025-06-12 03:08:00,19.3
2025-06-12 14:43:00,39.3
2025-06-12 03:04:00,71.1
2025-06-12 18:20:00,73.9
2025-06-12 10:34:00,32.4
2025-06-12 16:38:00,3.9
2025-06-12 16:23:00,95.9
2025-06-12 12:40:00,25.3
2025-06-12 07:40:00,36.1
2025-06-12 13:17:00,50.19809456598448
2025-06-12 12:23:00,47.6
2025-06-12 21:04:00,50.19809456598448
2025-06-12 17:03:00,33.5
2025-06-12 19:33:00,47.3
2025-06-12 10:10:00,59.9
2025-06-12 21:11:00,57.7
2025-06-12 01:54:00,10.5
2025-06-12 16:11:00,84.9
2025-06-12 14:41:00,45.9
2025-06-12 20:48:00,80.5
2025-06-12 10:24:00,83.0
2025-06-12 22:13:00,5.4
2025-06-12 08:21:00,52.5
2025-06-12 05:59:00,80.5
2025-06-12 06:31:00,74.1
2025-06-12 16:14:00,56.0
2025-06-12 04:38:00,66.7
2025-06-12 16:18:00,80.9
2025-06-12 07:58:00,88.7
2025-06-12 01:47:00,49.54486036141751
2025-06-12 14:20:00,89.8
2025-06-12 18:34:00,53.7
2025-06-12 08:35:00,55.5
2025-06-12 12:23:00,96.3
2025-06-12 01:46:00,30.3
2025-06-12 20:29:00,51.2
2025-06-12 12:18:00,26.8
2025-06-12 12:38:00,66.1
2025-06-12 07:21:00,31.5
2025-06-12 16:31:00,90.4
2025-06-12 02:19:00,90.2
2025-06-12 05:49:00,91.5
2025-06-12 23:21:00,4.2
2025-06-12 10:13:00,23.1
2025-06-12 15:19:00,74.2
2025-06-12 23:25:00,32.3
2025-06-12 02:01:00,86.9
2025-06-12 13:40:00,59.8
2025-06-12 05:55:00,98.7
2025-06-12 10:00:00,93.1
2025-06-12 14:42:00,96.0
2025-06-12 11:45:00,17.1
2025-06-12 06:30:00,50.8
2025-06-12 03:27:00,49.54486036141751
2025-06-12 16:29:00,85.8
2025-06-12 20:48:00,33.2
2025-06-12 11:23:00,89.1
2025-06-12 23:37:00,49.54486036141751
2025-06-12 02:09:00,51.3
2025-06-12 00:45:00,47.6
2025-06-12 15:32:00,61.0
2025-06-12 03:28:00,65.9
2025-06-12 00:59:00,11.0
2025-06-12 09:08:00,87.3
2025-06-12 05:51:00,90.6
2025-06-12 00:49:00,83.2
2025-06-12 14:40:00,77.1
2025-06-12 20:38:00,49.54486036141751
2025-06-12 02:16:00,20.3
2025-06-12 04:30:00,8.9
2025-06-12 07:47:00,81.0
2025-06-12 14:47:00,71.5
2025-06-12 06:49:00,23.2
2025-06-12 02:41:00,72.8
2025-06-12 01:41:00,89.2
2025-06-12 08:05:00,65.7
2025-06-12 23:52:00,61.3
2025-06-12 14:07:00,43.7
2025-06-12 18:05:00,0.2
2025-06-12 08:52:00,49.54486036141751
2025-06-12 16:52:00,23.0
2025-06-12 13:46:00,35.4
2025-06-12 19:35:00,9.1
2025-06-12 05:22:00,57.4
2025-06-12 05:34:00,19.9
2025-06-12 21:05:00,23.1
2025-06-12 05:18:00,24.9
2025-06-12 21:08:00,62.7
2025-06-12 21:22:00,84.2
2025-06-12 12:15:00,66.4
2025-06-12 18:26:00,60.0
2025-06-12 06:27:00,49.54486036141751
2025-06-12 11:01:00,78.5
2025-06-12 09:43:00,24.8
2025-06-12 18:20:00,78.5
2025-06-12 15:41:00,25.2
2025-06-12 20:25:00,71.1
2025-06-12 23:01:00,27.1
2025-06-12 17:13:00,29.4
2025-06-12 10:08:00,49.54486036141751
2025-06-12 11:07:00,49.54486036141751
2025-06-12 09:40:00,47.6
2025-06-12 09:21:00,49.54486036141751
2025-06-12 05:22:00,69.0
2025-06-12 13:20:00,98.1
2025-06-12 15:37:00,41.4
2025-06-12 17:46:00,3.6
2025-06-12 20:25:00,61.2
2025-06-12 23:41:00,51.8
2025-06-12 18:28:00,84.4
2025-06-12 12:36:00,68.2
2025-06-12 23:07:00,19.8
2025-06-12 10:05:00,40.0
2025-06-12 09:20:00,60.7
2025-06-12 18:00:00,49.1
2025-06-12 04:33:00,96.3
2025-06-12 15:58:00,30.1
2025-06-12 15:12:00,17.6
2025-06-12 23:13:00,21.1
2025-06-12 07:27:00,95.4
2025-06-12 22:27:00,64.1
2025-06-12 07:48:00,91.8
2025-06-12 15:44:00,45.2
2025-06-12 10:44:00,47.2
2025-06-12 09:31:00,49.54486036141751
2025-06-12 12:07:00,4.2
2025-06-12 21:40:00,10.0
2025-06-12 17:18:00,48.0
2025-06-12 23:40:00,59.9
2025-06-12 18:58:00,49.54486036141751
2025-06-12 16:28:00,46.4
2025-06-12 02:03:00,52.6
2025-06-12 02:01:00,17.4
2025-06-12 15:47:00,56.0
2025-06-12 13:33:00,14.0
2025-06-12 09:14:00,58.8
2025-06-12 05:37:00,2.0
2025-06-12 09:50:00,49.54486036141751
2025-06-12 13:07:00,75.2
2025-06-12 03:11:00,49.54486036141751
2025-06-12 08:05:00,85.3
2025-06-12 13:32:00,84.0
2025-06-12 07:11:00,20.5
2025-06-12 16:12:00,29.1
2025-06-12 08:51:00,43.2
2025-06-12 21:04:00,69.9
2025-06-12 21:47:00,42.7
2025-06-12 13:28:00,21.8
2025-06-12 13:59:00,49.6
2025-06-12 01:23:00,64.7
2025-06-12 17:27:00,28.7
2025-06-12 00:24:00,22.3
2025-06-12 01:50:00,39.7
2025-06-12 12:51:00,85.5
2025-06-12 06:44:00,64.0
2025-06-12 00:39:00,49.54486036141751
2025-06-12 20:02:00,49.54486036141751
2025-06-12 11:50:00,49.54486036141751
2025-06-12 05:11:00,17.9
2025-06-12 04:01:00,36.3
2025-06-12 12:50:00,71.1
2025-06-12 02:00:00,3.6
2025-06-12 21:27:00,60.0
2025-06-12 12:45:00,49.54486036141751
2025-06-12 18:41:00,88.0
2025-06-12 17:50:00,39.0
2025-06-12 20:54:00,88.4
2025-06-12 00:32:00,63.7
2025-06-12 06:02:00,80.4
2025-06-12 06:10:00,99.4
2025-06-12 10:30:00,58.0
2025-06-12 00:24:00,56.8
2025-06-12 02:50:00,0.4
2025-06-12 09:01:00,52.7
2025-06-12 12:07:00,8.0
2025-06-12 15:14:00,86.6
2025-06-12 06:13:00,42.1
2025-06-12 15:04:00,7.9
2025-06-12 21:26:00,31.9
2025-06-12 16:03:00,34.7
2025-06-12 11:27:00,13.8
2025-06-12 07:34:00,65.4
2025-06-12 04:16:00,83.9
2025-06-12 18:09:00,12.7
2025-06-12 01:42:00,50.5
2025-06-12 16:53:00,17.2
2025-06-12 17:42:00,92.4
2025-06-12 03:31:00,23.1
2025-06-12 11:11:00,19.4
2025-06-12 14:41:00,96.4
2025-06-12 21:32:00,21.1
2025-06-12 13:08:00,49.54486036141751
2025-06-12 19:05:00,49.54486036141751
2025-06-12 06:47:00,88.5
2025-06-12 07:58:00,38.2
2025-06-12 06:00:00,15.2
2025-06-12 19:53:00,31.2
2025-06-12 00:48:00,80.5
2025-06-12 03:24:00,37.2
2025-06-12 09:37:00,29.7
2025-06-12 22:33:00,29.5
2025-06-12 09:00:00,1.0
2025-06-12 15:43:00,25.2
2025-06-12 07:51:00,49.54486036141751
2025-06-12 00:09:00,13.1
2025-06-12 18:45:00,90.9
2025-06-12 12:14:00,48.8
2025-06-12 21:14:00,49.54486036141751
2025-06-12 21:43:00,59.3
2025-06-12 16:48:00,99.5
2025-06-12 17:35:00,49.54486036141751
2025-06-12 20:55:00,49.54486036141751
2025-06-12 14:46:00,88.8
2025-06-12 07:58:00,85.2
2025-06-12 21:28:00,18.7
2025-06-12 19:18:00,47.2
2025-06-12 23:21:00,99.1
2025-06-12 02:36:00,35.7
2025-06-12 07:59:00,5.8
2025-06-12 02:49:00,75.1
2025-06-12 07:54:00,72.0
2025-06-12 04:14:00,57.8
2025-06-12 23:24:00,36.5
2025-06-12 00:55:00,98.9
2025-06-12 19:14:00,60.9
2025-06-12 07:14:00,8.4
2025-06-12 02:58:00,4.1
2025-06-12 13:05:00,46.4
2025-06-12 07:00:00,28.3
2025-06-12 21:29:00,94.9
2025-06-12 07:40:00,48.5
2025-06-12 21:27:00,49.54486036141751
2025-06-12 07:47:00,79.2
2025-06-12 01:54:00,6.5
2025-06-12 06:04:00,29.0
2025-06-12 10:26:00,90.3
2025-06-12 08:35:00,93.4
2025-06-12 17:50:00,31.4
2025-06-12 07:03:00,68.9
2025-06-12 01:24:00,84.0
2025-06-12 23:59:00,13.9
2025-06-12 00:56:00,58.2
2025-06-12 00:14:00,80.0
2025-06-12 16:06:00,41.3
2025-06-12 08:04:00,13.2
2025-06-12 19:50:00,22.9
2025-06-12 08:33:00,0.3
2025-06-12 17:38:00,85.4
2025-06-12 12:45:00,91.8
2025-06-12 09:37:00,54.9
2025-06-12 22:14:00,32.0
2025-06-12 21:17:00,93.0
2025-06-12 12:00:00,60.7
2025-06-12 13:10:00,53.1
2025-06-12 16:49:00,39.3
2025-06-12 21:35:00,10.2
2025-06-12 04:35:00,14.0
2025-06-12 20:17:00,56.7
2025-06-12 22:06:00,69.8
2025-06-12 02:40:00,97.1
2025-06-12 07:06:00,6.1
2025-06-12 17:09:00,20.3
2025-06-12 14:22:00,80.2
2025-06-12 10:51:00,80.7
2025-06-12 06:07:00,53.7
2025-06-12 09:22:00,49.54486036141751
2025-06-12 05:13:00,49.54486036141751
2025-06-12 17:00:00,62.5
2025-06-12 08:25:00,59.3
2025-06-12 22:16:00,80.0
2025-06-12 00:58:00,28.4
2025-06-12 23:19:00,49.54486036141751
2025-06-12 04:08:00,49.54486036141751
2025-06-12 07:22:00,33.2
2025-06-12 00:44:00,49.54486036141751
2025-06-12 14:54:00,94.6
2025-06-12 10:22:00,69.6
2025-06-12 16:38:00,12.2
2025-06-12 08:21:00,36.3
2025-06-12 05:40:00,49.54486036141751
2025-06-12 05:00:00,72.4
2025-06-12 00:15:00,19.2
2025-06-12 21:58:00,98.5
2025-06-12 02:07:00,89.2
2025-06-12 09:51:00,49.54486036141751
2025-06-12 12:41:00,63.3
2025-06-12 09:46:00,16.2
2025-06-12 23:07:00,74.3
2025-06-12 13:07:00,53.0
2025-06-12 10:57:00,20.5
2025-06-12 00:31:00,49.54486036141751
2025-06-12 17:18:00,3.5
2025-06-12 16:11:00,44.3
2025-06-12 07:17:00,3.1
2025-06-12 00:24:00,21.4
2025-06-12 20:32:00,47.1
2025-06-12 18:53:00,66.1
2025-06-12 19:05:00,17.3
2025-06-12 20:57:00,43.2
2025-06-12 13:25:00,83.7
2025-06-12 07:23:00,50.1
2025-06-12 13:30:00,62.1
2025-06-12 04:20:00,90.2
2025-06-12 06:28:00,52.4
2025-06-12 18:20:00,1.5
2025-06-12 06:24:00,76.9
2025-06-12 17:04:00,49.54486036141751
2025-06-12 18:38:00,71.7
2025-06-12 13:04:00,67.7
2025-06-12 15:00:00,55.1
2025-06-12 18:04:00,85.4
2025-06-12 07:52:00,47.4
2025-06-12 01:08:00,49.54486036141751
2025-06-12 23:12:00,49.54486036141751
2025-06-12 02:46:00,49.54486036141751
2025-06-12 01:53:00,49.54486036141751
2025-06-12 01:38:00,88.4
2025-06-12 08:00:00,32.1
2025-06-12 00:56:00,81.7
2025-06-12 10:38:00,52.9
2025-06-12 07:09:00,74.0
2025-06-12 22:07:00,41.5
2025-06-12 23:14:00,96.4
2025-06-12 05:05:00,18.0
2025-06-12 13:31:00,32.8
2025-06-12 15:54:00,8.1
2025-06-12 08:22:00,58.1
2025-06-12 03:03:00,45.7
2025-06-12 19:29:00,74.3
2025-06-12 00:22:00,17.6
2025-06-12 20:39:00,21.3
2025-06-12 06:13:00,10.5
2025-06-12 12:47:00,55.0
2025-06-12 21:27:00,93.5
2025-06-12 08:27:00,50.136426804852206
2025-06-12 23:09:00,4.7
2025-06-12 11:52:00,1.2
2025-06-12 09:04:00,50.136426804852206
2025-06-12 17:37:00,40.3
2025-06-12 13:52:00,92.2
2025-06-12 17:35:00,76.0
2025-06-12 11:51:00,49.1
2025-06-12 13:21:00,54.0
2025-06-12 23:01:00,46.9
2025-06-12 06:23:00,17.7
2025-06-12 02:29:00,73.7
2025-06-12 05:18:00,85.0
2025-06-12 15:36:00,19.5
2025-06-12 12:49:00,43.4
2025-06-12 00:53:00,50.136426804852206
2025-06-12 01:39:00,74.8
2025-06-12 07:48:00,42.1
2025-06-12 02:26:00,21.4
2025-06-12 04:17:00,50.136426804852206
2025-06-12 01:46:00,62.2
2025-06-12 19:21:00,16.9
2025-06-12 21:41:00,50.136426804852206
2025-06-12 12:13:00,0.0
2025-06-12 16:36:00,64.4
2025-06-12 08:06:00,22.1
2025-06-12 21:47:00,64.7
2025-06-12 23:48:00,87.1
2025-06-12 07:06:00,50.136426804852206
2025-06-12 00:38:00,28.6
2025-06-12 15:25:00,52.2
2025-06-12 21:19:00,16.6
2025-06-12 11:56:00,9.9
2025-06-12 15:28:00,50.8
2025-06-12 04:25:00,70.0
2025-06-12 07:57:00,60.0
2025-06-12 00:19:00,28.1
2025-06-12 18:14:00,95.8
2025-06-12 15:32:00,46.0
2025-06-12 02:33:00,19.9
2025-06-12 18:25:00,74.6
2025-06-12 05:05:00,14.1
2025-06-12 15:49:00,81.4
2025-06-12 16:28:00,11.5
2025-06-12 11:10:00,94.2
2025-06-12 00:02:00,42.8
2025-06-12 02:12:00,90.3
2025-06-12 18:07:00,18.3
2025-06-12 10:58:00,71.3
2025-06-12 21:27:00,3.5
2025-06-12 23:02:00,50.136426804852206
2025-06-12 03:34:00,50.136426804852206
2025-06-12 01:52:00,90.6
2025-06-12 11:50:00,50.136426804852206
2025-06-12 17:31:00,50.136426804852206
2025-06-12 16:22:00,46.9
2025-06-12 20:10:00,13.0
2025-06-12 23:03:00,50.136426804852206
2025-06-12 00:59:00,17.7
2025-06-12 23:38:00,28.5
2025-06-12 06:32:00,92.1
2025-06-12 17:53:00,92.2
2025-06-12 21:27:00,69.9
2025-06-12 06:00:00,60.3
2025-06-12 10:59:00,50.136426804852206
2025-06-12 16:39:00,77.4
2025-06-12 23:22:00,89.5
2025-06-12 11:06:00,50.136426804852206
2025-06-12 02:21:00,22.6
2025-06-12 07:42:00,9.1
2025-06-12 17:38:00,70.5
2025-06-12 19:01:00,50.136426804852206
2025-06-12 07:50:00,90.6
2025-06-12 19:25:00,74.7
2025-06-12 22:07:00,50.136426804852206
2025-06-12 03:33:00,90.1
2025-06-12 11:37:00,82.9
2025-06-12 11:39:00,17.1
2025-06-12 21:17:00,91.4
2025-06-12 00:36:00,42.2
2025-06-12 08:53:00,64.4
2025-06-12 22:32:00,50.136426804852206
2025-06-12 22:50:00,72.7
2025-06-12 10:21:00,48.3
2025-06-12 04:43:00,39.6
2025-06-12 15:31:00,20.0
2025-06-12 17:46:00,6.0
2025-06-12 09:53:00,50.136426804852206
2025-06-12 16:20:00,57.4
2025-06-12 03:24:00,8.6
2025-06-12 22:48:00,50.136426804852206
2025-06-12 01:04:00,42.7
2025-06-12 18:55:00,34.4
2025-06-12 12:33:00,50.136426804852206
2025-06-12 18:51:00,40.5
2025-06-12 14:33:00,81.0
2025-06-12 10:45:00,50.136426804852206
2025-06-12 09:08:00,91.3
2025-06-12 22:59:00,90.5
2025-06-12 08:33:00,35.7
2025-06-12 12:57:00,48.8
2025-06-12 16:33:00,66.7
2025-06-12 16:59:00,96.5
2025-06-12 00:35:00,72.5
2025-06-12 19:06:00,59.6
2025-06-12 15:34:00,35.1
2025-06-12 10:02:00,10.2
2025-06-12 00:04:00,27.1
2025-06-12 20:32:00,87.7
2025-06-12 08:28:00,77.1
2025-06-12 15:09:00,92.6
2025-06-12 11:05:00,90.3
2025-06-12 13:31:00,97.3
2025-06-12 03:16:00,78.1
2025-06-12 07:29:00,50.136426804852206
2025-06-12 06:59:00,96.0
2025-06-12 21:33:00,7.7
2025-06-12 06:47:00,15.5
2025-06-12 02:41:00,72.9
2025-06-12 23:41:00,76.5
2025-06-12 03:14:00,11.0
2025-06-12 13:51:00,88.2
2025-06-12 04:38:00,4.5
2025-06-12 15:16:00,70.7
2025-06-12 18:03:00,50.136426804852206
2025-06-12 20:02:00,71.7
2025-06-12 03:13:00,49.9
2025-06-12 05:27:00,4.4
2025-06-12 14:12:00,68.2
2025-06-12 22:48:00,12.0
2025-06-12 00:29:00,50.136426804852206
2025-06-12 11:20:00,50.136426804852206
2025-06-12 22:21:00,24.9
2025-06-12 01:40:00,50.136426804852206
2025-06-12 21:58:00,82.2
2025-06-12 01:01:00,65.2
2025-06-12 19:33:00,42.1
2025-06-12 16:42:00,59.3
2025-06-12 04:02:00,50.136426804852206
2025-06-12 00:05:00,70.5
2025-06-12 04:11:00,4.9
2025-06-12 00:48:00,43.4
2025-06-12 06:47:00,20.0
2025-06-12 21:27:00,94.7
2025-06-12 18:11:00,50.136426804852206
2025-06-12 18:00:00,61.0
2025-06-12 15:39:00,4.6
2025-06-12 01:30:00,62.5
2025-06-12 15:34:00,57.5
2025-06-12 06:25:00,50.136426804852206
2025-06-12 20:04:00,24.4
2025-06-12 06:19:00,84.3
2025-06-12 09:13:00,11.1
2025-06-12 04:32:00,57.8
2025-06-12 07:26:00,43.8
2025-06-12 06:40:00,69.9
2025-06-12 00:36:00,43.1
2025-06-12 23:17:00,63.0
2025-06-12 18:54:00,49.9
2025-06-12 11:58:00,41.8
2025-06-12 10:03:00,76.4
2025-06-12 12:45:00,45.6
2025-06-12 21:38:00,35.2
2025-06-12 00:17:00,54.3
2025-06-12 11:06:00,23.7
2025-06-12 05:08:00,83.6
2025-06-12 14:33:00,55.0
2025-06-12 19:02:00,64.1
2025-06-12 20:17:00,78.4
2025-06-12 04:11:00,23.6
2025-06-12 10:35:00,27.0
2025-06-12 10:09:00,50.136426804852206
2025-06-12 16:17:00,85.2
2025-06-12 04:41:00,50.136426804852206
2025-06-12 17:13:00,4.0
2025-06-12 21:54:00,96.8
2025-06-12 14:03:00,44.5
2025-06-12 21:45:00,21.3
2025-06-12 10:36:00,30.6
2025-06-12 09:51:00,74.1
2025-06-12 22:16:00,80.4
2025-06-12 15:35:00,42.2
2025-06-12 15:09:00,2.6
2025-06-12 03:30:00,88.8
2025-06-12 16:39:00,34.5
2025-06-12 07:00:00,42.2
2025-06-12 08:57:00,85.4
2025-06-12 07:14:00,50.136426804852206
2025-06-12 02:08:00,49.1
2025-06-12 19:34:00,44.0
2025-06-12 17:42:00,50.136426804852206
2025-06-12 08:51:00,42.1
2025-06-12 18:33:00,93.6
2025-06-12 21:39:00,79.9
2025-06-12 17:59:00,75.2
2025-06-12 01:07:00,94.9
2025-06-12 00:09:00,50.136426804852206
2025-06-12 16:49:00,59.0
2025-06-12 17:21:00,7.8
2025-06-12 03:19:00,50.136426804852206
2025-06-12 20:05:00,55.6
2025-06-12 23:14:00,50.136426804852206
2025-06-12 13:08:00,62.5
2025-06-12 04:17:00,2.3
2025-06-12 17:25:00,72.1
2025-06-12 01:48:00,50.136426804852206
2025-06-12 05:16:00,27.5
2025-06-12 03:44:00,50.136426804852206
2025-06-12 05:42:00,50.136426804852206
2025-06-12 21:49:00,36.1
2025-06-12 13:07:00,17.5
2025-06-12 09:21:00,15.4
2025-06-12 07:00:00,4.9
2025-06-12 23:21:00,52.5
2025-06-12 08:57:00,32.0
2025-06-12 05:32:00,59.0
2025-06-12 15:25:00,5.0
2025-06-12 16:22:00,3.5
2025-06-12 17:38:00,98.7
2025-06-12 05:54:00,1.8
2025-06-12 17:55:00,30.8
2025-06-12 01:42:00,49.9
2025-06-12 18:24:00,43.1
2025-06-12 23:43:00,50.136426804852206
2025-06-12 05:12:00,67.3
2025-06-12 12:40:00,25.7
2025-06-12 19:57:00,90.4
2025-06-12 04:16:00,50.136426804852206
2025-06-12 12:11:00,23.4
2025-06-12 01:45:00,50.9
2025-06-12 07:51:00,14.3
2025-06-12 17:15:00,50.136426804852206
2025-06-12 10:03:00,31.6
2025-06-12 05:36:00,88.2
2025-06-12 13:33:00,50.136426804852206
2025-06-12 00:02:00,13.0
2025-06-12 12:06:00,48.0
2025-06-12 10:54:00,50.136426804852206
2025-06-12 17:32:00,26.6
2025-06-12 19:12:00,58.6
2025-06-12 07:53:00,23.0
2025-06-12 15:43:00,12.1
2025-06-12 19:43:00,97.6
2025-06-12 02:51:00,31.2
2025-06-12 20:38:00,39.9
2025-06-12 08:17:00,50.136426804852206
2025-06-12 22:29:00,40.8
2025-06-12 00:19:00,50.136426804852206
2025-06-12 11:30:00,45.2
2025-06-12 12:56:00,50.136426804852206
2025-06-12 23:27:00,87.2
2025-06-12 13:12:00,85.7
2025-06-12 13:34:00,52.8
2025-06-12 16:17:00,87.8
2025-06-12 19:27:00,50.136426804852206
2025-06-12 11:36:00,54.9
2025-06-12 07:46:00,71.7
2025-06-12 14:43:00,8.2
2025-06-12 14:24:00,47.1
2025-06-12 23:12:00,37.3
2025-06-12 08:36:00,43.5
2025-06-12 19:50:00,33.1
2025-06-12 18:10:00,29.7
2025-06-12 12:23:00,90.7
2025-06-12 02:59:00,2.8
2025-06-12 04:40:00,50.136426804852206
2025-06-12 10:03:00,52.3
2025-06-12 06:31:00,12.3
2025-06-12 09:36:00,76.4
2025-06-12 21:04:00,50.136426804852206
2025-06-12 23:51:00,62.9
2025-06-12 23:40:00,50.136426804852206
2025-06-12 09:38:00,4.9
2025-06-12 11:55:00,61.2
2025-06-12 17:01:00,89.8
2025-06-12 23:47:00,71.3
2025-06-12 23:28:00,75.7
2025-06-12 23:11:00,78.0
2025-06-12 16:59:00,50.136426804852206
2025-06-12 01:21:00,55.0
2025-06-12 22:10:00,70.4
2025-06-12 03:51:00,40.4
2025-06-12 03:17:00,61.4
2025-06-12 02:01:00,31.5
2025-06-12 09:37:00,44.2
2025-06-12 12:30:00,63.8
2025-06-12 02:03:00,58.9
2025-06-12 19:04:00,50.136426804852206
2025-06-12 14:33:00,5.7
2025-06-12 23:13:00,15.6
2025-06-12 10:33:00,4.8
2025-06-12 17:20:00,88.6
2025-06-12 09:58:00,50.136426804852206
2025-06-12 19:53:00,31.6
2025-06-12 09:17:00,37.5
2025-06-12 01:28:00,25.5
2025-06-12 23:23:00,18.9
2025-06-12 17:00:00,33.7
2025-06-12 19:33:00,93.1
2025-06-12 22:02:00,13.1
2025-06-12 06:14:00,40.6
2025-06-12 13:53:00,35.2
2025-06-12 23:36:00,28.2
2025-06-12 14:18:00,36.7
2025-06-12 23:23:00,50.136426804852206
2025-06-12 07:36:00,50.136426804852206
2025-06-12 05:09:00,18.5
2025-06-12 04:16:00,29.9
2025-06-12 19:12:00,81.3
2025-06-12 15:32:00,4.9
2025-06-12 01:45:00,36.8
2025-06-12 18:08:00,10.4
2025-06-12 14:34:00,69.0
2025-06-12 18:52:00,50.136426804852206
2025-06-12 21:56:00,11.4
2025-06-12 17:55:00,72.7
2025-06-12 20:43:00,1.1
2025-06-12 14:15:00,99.9
2025-06-12 14:20:00,50.136426804852206
2025-06-12 02:30:00,84.1
2025-06-12 16:46:00,94.8
2025-06-12 11:11:00,67.8
2025-06-12 23:20:00,80.0
2025-06-12 05:10:00,86.8
2025-06-12 11:15:00,50.136426804852206
2025-06-12 23:26:00,35.4
2025-06-12 02:54:00,61.3
2025-06-12 12:32:00,90.1
2025-06-12 04:08:00,64.8
2025-06-12 03:55:00,21.7
2025-06-12 21:18:00,37.7
2025-06-12 15:57:00,10.1
2025-06-12 03:43:00,7.9
2025-06-12 10:15:00,50.037891637220255
2025-06-12 11:37:00,30.0
2025-06-12 13:32:00,40.6
2025-06-12 03:23:00,65.5
2025-06-12 19:12:00,37.6
2025-06-12 11:27:00,60.9
2025-06-12 06:43:00,43.5
2025-06-12 19:44:00,56.8
2025-06-12 23:51:00,55.2
2025-06-12 04:05:00,15.5
2025-06-12 14:10:00,26.7
2025-06-12 19:31:00,4.2
2025-06-12 17:01:00,23.0
2025-06-12 02:28:00,50.037891637220255
2025-06-12 14:20:00,96.7
2025-06-12 07:38:00,20.7
2025-06-12 11:34:00,6.9
2025-06-12 11:22:00,50.0
2025-06-12 15:06:00,68.7
2025-06-12 17:56:00,50.037891637220255
2025-06-12 05:38:00,4.9
2025-06-12 02:23:00,39.1
2025-06-12 18:16:00,10.2
2025-06-12 10:02:00,50.037891637220255
2025-06-12 02:39:00,10.9
2025-06-12 21:51:00,47.9
2025-06-12 17:38:00,50.037891637220255
2025-06-12 23:11:00,63.7
2025-06-12 16:36:00,32.9
2025-06-12 11:11:00,50.037891637220255
2025-06-12 11:31:00,83.6
2025-06-12 08:07:00,72.1
2025-06-12 20:58:00,79.4
2025-06-12 11:56:00,43.4
2025-06-12 22:09:00,57.7
2025-06-12 19:20:00,11.0
2025-06-12 17:13:00,76.7
2025-06-12 01:39:00,11.8
2025-06-12 12:09:00,7.3
2025-06-12 13:20:00,66.9
2025-06-12 15:17:00,76.0
2025-06-12 16:48:00,90.1
2025-06-12 00:48:00,23.6
2025-06-12 05:16:00,40.3
2025-06-12 00:56:00,43.1
2025-06-12 19:25:00,95.8
2025-06-12 14:19:00,2.1
2025-06-12 19:25:00,38.6
2025-06-12 07:28:00,58.2
2025-06-12 10:25:00,50.037891637220255
2025-06-12 16:07:00,0.6
2025-06-12 22:54:00,11.4
2025-06-12 10:22:00,10.2
2025-06-12 23:24:00,50.037891637220255
2025-06-12 14:38:00,99.1
2025-06-12 04:21:00,35.0
2025-06-12 14:00:00,50.037891637220255
2025-06-12 22:07:00,65.3
2025-06-12 13:17:00,77.2
2025-06-12 12:45:00,43.8
2025-06-12 14:40:00,50.037891637220255
2025-06-12 04:36:00,87.3
2025-06-12 04:03:00,17.7
2025-06-12 22:14:00,50.037891637220255
2025-06-12 03:18:00,2.2
2025-06-12 10:42:00,7.1
2025-06-12 05:38:00,33.0
2025-06-12 21:01:00,34.5
2025-06-12 06:49:00,94.9
2025-06-12 06:55:00,50.6
2025-06-12 12:38:00,50.037891637220255
2025-06-12 11:39:00,68.6
2025-06-12 11:20:00,11.1
2025-06-12 20:59:00,53.0
2025-06-12 23:42:00,50.037891637220255
2025-06-12 13:49:00,68.1
2025-06-12 20:33:00,20.4
2025-06-12 10:36:00,50.037891637220255
2025-06-12 01:31:00,84.8
2025-06-12 17:22:00,2.5
2025-06-12 19:59:00,50.037891637220255
2025-06-12 00:10:00,76.5
2025-06-12 10:13:00,10.8
2025-06-12 20:38:00,47.8
2025-06-12 12:35:00,13.5
2025-06-12 04:36:00,12.3
2025-06-12 01:20:00,44.3
2025-06-12 13:07:00,58.6
2025-06-12 20:48:00,57.4
2025-06-12 03:04:00,15.3
2025-06-12 06:45:00,19.8
2025-06-12 15:20:00,50.037891637220255
2025-06-12 05:16:00,28.5
2025-06-12 19:07:00,97.6
2025-06-12 20:35:00,20.5
2025-06-12 16:09:00,85.1
2025-06-12 12:51:00,10.5
2025-06-12 07:29:00,40.3
2025-06-12 00:23:00,50.037891637220255
2025-06-12 13:27:00,48.4
2025-06-12 16:27:00,66.9
2025-06-12 23:03:00,50.037891637220255
2025-06-12 07:13:00,50.037891637220255
2025-06-12 00:13:00,82.3
2025-06-12 17:12:00,27.7
2025-06-12 19:37:00,67.6
2025-06-12 13:19:00,48.3
2025-06-12 12:18:00,29.1
2025-06-12 05:09:00,50.037891637220255
2025-06-12 03:13:00,22.3
2025-06-12 00:30:00,50.037891637220255
2025-06-12 23:25:00,65.0
2025-06-12 20:51:00,50.037891637220255
2025-06-12 03:12:00,50.037891637220255
2025-06-12 09:16:00,83.1
2025-06-12 00:38:00,41.6
2025-06-12 02:08:00,50.037891637220255
2025-06-12 14:36:00,50.037891637220255
2025-06-12 23:27:00,18.5
2025-06-12 12:26:00,77.0
2025-06-12 01:48:00,74.9
2025-06-12 04:22:00,42.6
2025-06-12 16:57:00,27.8
2025-06-12 11:15:00,92.1
2025-06-12 23:56:00,50.037891637220255
2025-06-12 05:16:00,50.037891637220255
2025-06-12 14:22:00,82.7
2025-06-12 22:33:00,50.037891637220255
2025-06-12 21:01:00,75.8
2025-06-12 20:01:00,43.3
2025-06-12 17:21:00,36.8
2025-06-12 23:24:00,68.1
2025-06-12 14:13:00,35.3
2025-06-12 11:33:00,35.2
2025-06-12 15:51:00,71.0
2025-06-12 20:46:00,7.6
2025-06-12 05:59:00,50.037891637220255
2025-06-12 06:16:00,68.7
2025-06-12 11:10:00,52.4
2025-06-12 23:49:00,12.9
2025-06-12 09:15:00,39.0
2025-06-12 16:44:00,16.8
2025-06-12 07:26:00,76.1
2025-06-12 10:22:00,84.0
2025-06-12 02:09:00,34.7
2025-06-12 04:13:00,7.5
2025-06-12 17:34:00,80.1
2025-06-12 09:38:00,46.1
2025-06-12 10:39:00,35.9
2025-06-12 15:14:00,16.2
2025-06-12 03:31:00,21.4
2025-06-12 13:45:00,65.5
2025-06-12 09:31:00,5.5
2025-06-12 15:31:00,19.3
2025-06-12 01:55:00,68.4
2025-06-12 16:40:00,46.5
2025-06-12 03:34:00,81.5
2025-06-12 01:43:00,50.037891637220255
2025-06-12 03:45:00,50.037891637220255
2025-06-12 02:50:00,70.2
2025-06-12 15:27:00,75.1
2025-06-12 13:57:00,53.9
2025-06-12 22:26:00,42.6
2025-06-12 11:01:00,18.7
2025-06-12 10:40:00,80.6
2025-06-12 01:42:00,56.9
2025-06-12 19:38:00,99.1
2025-06-12 01:48:00,50.037891637220255
2025-06-12 07:14:00,72.7
2025-06-12 23:56:00,80.2
2025-06-12 03:56:00,91.5
2025-06-12 06:21:00,81.2
2025-06-12 14:04:00,95.1
2025-06-12 03:34:00,38.8
2025-06-12 05:41:00,93.3
2025-06-12 21:39:00,48.9
2025-06-12 18:46:00,42.8
2025-06-12 14:20:00,55.2
2025-06-12 14:57:00,50.037891637220255
2025-06-12 18:10:00,14.1
2025-06-12 18:39:00,42.4
2025-06-12 04:34:00,90.0
2025-06-12 13:08:00,14.4
2025-06-12 01:26:00,51.0
2025-06-12 05:46:00,26.0
2025-06-12 23:41:00,50.037891637220255
2025-06-12 13:01:00,93.6
2025-06-12 14:13:00,85.5
2025-06-12 04:45:00,82.5
2025-06-12 16:47:00,50.037891637220255
2025-06-12 12:02:00,73.0
2025-06-12 07:38:00,36.7
2025-06-12 22:28:00,76.4
2025-06-12 05:37:00,50.037891637220255
2025-06-12 09:37:00,28.9
2025-06-12 06:22:00,47.8
2025-06-12 09:30:00,93.2
2025-06-12 03:48:00,1.7
2025-06-12 11:46:00,84.7
2025-06-12 12:43:00,28.6
2025-06-12 12:20:00,33.5
2025-06-12 21:44:00,20.3
2025-06-12 22:36:00,9.2
2025-06-12 08:14:00,15.8
2025-06-12 15:38:00,81.4
2025-06-12 03:04:00,92.3
2025-06-12 01:53:00,0.8
2025-06-12 15:43:00,81.5
2025-06-12 06:46:00,38.5
2025-06-12 00:26:00,12.9
2025-06-12 15:57:00,81.1
2025-06-12 11:56:00,50.037891637220255
2025-06-12 10:50:00,43.8
2025-06-12 03:25:00,68.4
2025-06-12 21:52:00,69.5
2025-06-12 11:07:00,50.037891637220255
2025-06-12 09:45:00,56.9
2025-06-12 09:36:00,95.0
2025-06-12 19:20:00,11.7
2025-06-12 09:52:00,26.4
2025-06-12 01:58:00,61.7
2025-06-12 06:08:00,68.3
2025-06-12 07:59:00,50.0
2025-06-12 10:06:00,98.1
2025-06-12 15:22:00,17.3
2025-06-12 04:59:00,56.7
2025-06-12 06:22:00,55.0
2025-06-12 18:49:00,60.8
2025-06-12 23:20:00,6.1
2025-06-12 04:58:00,84.6
2025-06-12 00:20:00,10.6
2025-06-12 15:10:00,50.037891637220255
2025-06-12 06:22:00,30.0
2025-06-12 16:30:00,64.9
2025-06-12 19:21:00,12.4
2025-06-12 05:49:00,4.8
2025-06-12 14:08:00,76.0
2025-06-12 11:56:00,50.037891637220255
2025-06-12 16:48:00,21.8
2025-06-12 16:43:00,65.7
2025-06-12 07:51:00,50.037891637220255
2025-06-12 08:39:00,50.037891637220255
2025-06-12 22:39:00,15.8
2025-06-12 04:35:00,70.9
2025-06-12 15:04:00,85.7
2025-06-12 02:30:00,59.8
2025-06-12 03:39:00,52.8
2025-06-12 15:59:00,37.9
2025-06-12 08:54:00,84.2
2025-06-12 02:26:00,26.1
2025-06-12 19:22:00,39.9
2025-06-12 02:42:00,69.4
2025-06-12 02:17:00,50.037891637220255
2025-06-12 00:48:00,24.7
2025-06-12 04:16:00,56.5
2025-06-12 17:59:00,35.5
2025-06-12 02:09:00,27.2
2025-06-12 10:16:00,12.8
2025-06-12 03:57:00,50.037891637220255
2025-06-12 16:47:00,15.5
2025-06-12 13:06:00,85.8
2025-06-12 17:10:00,93.3
2025-06-12 15:15:00,82.7
2025-06-12 22:17:00,0.6
2025-06-12 18:53:00,19.7
2025-06-12 15:09:00,73.8
2025-06-12 03:41:00,26.0
2025-06-12 21:21:00,87.4
2025-06-12 08:50:00,50.037891637220255
2025-06-12 00:30:00,62.5
2025-06-12 13:09:00,90.1
2025-06-12 14:28:00,3.8
2025-06-12 16:37:00,78.7
2025-06-12 21:19:00,15.1
2025-06-12 15:47:00,47.3
2025-06-12 03:44:00,60.3
2025-06-12 08:43:00,93.3
2025-06-12 16:53:00,68.4
2025-06-12 03:01:00,61.8
2025-06-12 19:53:00,44.1
2025-06-12 05:47:00,46.1
2025-06-12 10:44:00,50.037891637220255
2025-06-12 08:00:00,1.7
2025-06-12 07:12:00,50.037891637220255
2025-06-12 19:27:00,17.5
2025-06-12 20:08:00,50.037891637220255
2025-06-12 22:00:00,72.6
2025-06-12 00:45:00,78.2
2025-06-12 21:33:00,81.2
2025-06-12 00:28:00,14.4
2025-06-12 16:00:00,17.1
2025-06-12 16:50:00,50.037891637220255
2025-06-12 09:24:00,50.037891637220255
2025-06-12 18:50:00,37.6
2025-06-12 16:16:00,30.7
2025-06-12 06:33:00,41.0
2025-06-12 23:40:00,42.0
2025-06-12 13:37:00,42.9
2025-06-12 18:45:00,30.9
2025-06-12 20:41:00,75.0
2025-06-12 18:34:00,78.4
2025-06-12 10:39:00,50.037891637220255
2025-06-12 06:41:00,41.7
2025-06-12 06:52:00,42.9
2025-06-12 22:21:00,20.1
2025-06-12 07:18:00,12.1
2025-06-12 13:30:00,84.3
2025-06-12 07:32:00,54.4
2025-06-12 13:58:00,1.8
2025-06-12 05:01:00,8.7
2025-06-12 07:21:00,96.2
2025-06-12 06:15:00,62.3
2025-06-12 04:56:00,15.7
2025-06-12 10:22:00,75.1
2025-06-12 19:13:00,89.8
2025-06-12 01:45:00,40.9
2025-06-12 05:45:00,88.4
2025-06-12 23:22:00,28.2
2025-06-12 17:48:00,72.6
2025-06-12 14:11:00,1.3
2025-06-12 13:09:00,99.5
2025-06-12 09:13:00,99.3
2025-06-12 15:09:00,3.7
2025-06-12 10:57:00,23.3
2025-06-12 05:30:00,41.4
2025-06-12 00:59:00,63.7
2025-06-12 17:33:00,50.037891637220255
2025-06-12 16:09:00,73.8
2025-06-12 08:17:00,49.0
2025-06-12 04:43:00,25.6
2025-06-12 06:32:00,39.5
2025-06-12 17:46:00,62.6
2025-06-12 21:35:00,96.0
2025-06-12 06:58:00,21.3
2025-06-12 10:47:00,79.6
2025-06-12 10:07:00,48.7
2025-06-12 07:10:00,50.037891637220255
2025-06-12 11:41:00,50.037891637220255
2025-06-12 21:12:00,21.0
2025-06-12 21:49:00,5.1
2025-06-12 02:07:00,50.037891637220255
2025-06-12 13:14:00,3.8
2025-06-12 04:49:00,2.7
2025-06-12 19:20:00,99.8
2025-06-12 15:22:00,2.5
2025-06-12 06:53:00,32.2
2025-06-12 15:57:00,43.0
2025-06-12 03:01:00,43.7
2025-06-12 01:32:00,22.1
2025-06-12 02:29:00,21.4
2025-06-12 17:48:00,43.2
2025-06-12 20:21:00,50.60542317173377
2025-06-12 11:54:00,93.9
2025-06-12 08:13:00,98.6
2025-06-12 06:23:00,60.1
2025-06-12 10:33:00,79.7
2025-06-12 19:48:00,50.60542317173377
2025-06-12 03:27:00,1.0
2025-06-12 21:50:00,50.60542317173377
2025-06-12 03:14:00,89.5
2025-06-12 10:19:00,86.2
2025-06-12 12:49:00,42.8
2025-06-12 21:13:00,32.9
2025-06-12 09:21:00,2.9
2025-06-12 11:18:00,50.60542317173377
2025-06-12 10:42:00,82.5
2025-06-12 11:32:00,20.9
2025-06-12 10:49:00,4.9
2025-06-12 00:04:00,74.9
2025-06-12 02:51:00,21.1
2025-06-12 06:04:00,62.1
2025-06-12 16:23:00,11.2
2025-06-12 20:33:00,64.6
2025-06-12 19:09:00,3.2
2025-06-12 11:03:00,67.0
2025-06-12 22:54:00,78.4
2025-06-12 12:03:00,50.60542317173377
2025-06-12 17:27:00,50.60542317173377
2025-06-12 00:46:00,96.1
2025-06-12 10:46:00,19.3
2025-06-12 10:05:00,50.60542317173377
2025-06-12 17:26:00,18.2
2025-06-12 10:42:00,56.5
2025-06-12 10:09:00,80.7
2025-06-12 11:19:00,63.1
2025-06-12 23:54:00,67.3
2025-06-12 19:45:00,45.9
2025-06-12 05:46:00,50.60542317173377
2025-06-12 02:09:00,65.1
2025-06-12 23:09:00,35.1
2025-06-12 00:39:00,96.7
2025-06-12 19:37:00,50.60542317173377
2025-06-12 07:57:00,67.5
2025-06-12 21:13:00,11.0
2025-06-12 07:55:00,82.3
2025-06-12 11:25:00,50.60542317173377
2025-06-12 14:41:00,3.7
2025-06-12 09:13:00,59.9
2025-06-12 12:28:00,86.4
2025-06-12 10:38:00,40.3
2025-06-12 08:58:00,27.7
2025-06-12 13:29:00,99.9
2025-06-12 19:38:00,3.0
2025-06-12 16:02:00,48.5
2025-06-12 06:48:00,50.60542317173377
2025-06-12 23:21:00,12.2
2025-06-12 20:12:00,26.5
2025-06-12 06:45:00,96.3
2025-06-12 14:07:00,50.60542317173377
2025-06-12 08:31:00,54.9
2025-06-12 15:51:00,50.60542317173377
2025-06-12 23:38:00,84.8
2025-06-12 13:06:00,51.4
2025-06-12 20:42:00,71.9
2025-06-12 05:26:00,50.60542317173377
2025-06-12 21:01:00,37.9
2025-06-12 16:12:00,35.2
2025-06-12 05:52:00,14.4
2025-06-12 20:35:00,76.4
2025-06-12 19:07:00,27.4
2025-06-12 10:51:00,45.2
2025-06-12 15:41:00,32.0
2025-06-12 12:34:00,48.2
2025-06-12 11:02:00,59.1
2025-06-12 18:43:00,50.60542317173377
2025-06-12 18:53:00,99.0
2025-06-12 16:55:00,27.6
2025-06-12 22:27:00,17.8
2025-06-12 14:16:00,76.3
2025-06-12 06:38:00,50.60542317173377
2025-06-12 05:09:00,53.1
2025-06-12 13:08:00,46.3
2025-06-12 21:41:00,30.4
2025-06-12 23:27:00,79.3
2025-06-12 19:03:00,85.9
2025-06-12 21:49:00,39.1
2025-06-12 07:45:00,76.2
2025-06-12 09:48:00,64.8
2025-06-12 22:28:00,97.4
2025-06-12 07:35:00,50.60542317173377
2025-06-12 19:36:00,56.8
2025-06-12 08:38:00,57.8
2025-06-12 18:06:00,74.6
2025-06-12 10:48:00,2.8
2025-06-12 11:51:00,10.5
2025-06-12 06:00:00,50.60542317173377
2025-06-12 18:34:00,28.6
2025-06-12 18:43:00,74.5
2025-06-12 07:03:00,57.6
2025-06-12 10:00:00,88.7
2025-06-12 21:51:00,16.5
2025-06-12 00:18:00,51.3
2025-06-12 14:51:00,38.4
2025-06-12 11:08:00,53.7
2025-06-12 00:35:00,84.9
2025-06-12 17:20:00,9.7
2025-06-12 04:53:00,58.7
2025-06-12 13:16:00,9.1
2025-06-12 02:26:00,15.4
2025-06-12 09:23:00,30.9
2025-06-12 21:48:00,62.6
2025-06-12 11:57:00,79.4
2025-06-12 21:55:00,17.9
2025-06-12 14:43:00,50.60542317173377
2025-06-12 09:04:00,73.9
2025-06-12 22:05:00,28.6
2025-06-12 02:00:00,71.3
2025-06-12 18:09:00,25.0
2025-06-12 18:46:00,50.60542317173377
2025-06-12 18:35:00,63.5
2025-06-12 13:03:00,84.6
2025-06-12 22:09:00,75.4
2025-06-12 21:30:00,3.3
2025-06-12 19:36:00,16.3
2025-06-12 07:32:00,50.60542317173377
2025-06-12 02:30:00,6.7
2025-06-12 09:21:00,9.4
2025-06-12 17:51:00,64.9
2025-06-12 21:45:00,65.5
2025-06-12 10:34:00,95.9
2025-06-12 01:45:00,80.4
2025-06-12 09:49:00,8.2
2025-06-12 17:23:00,84.1
2025-06-12 11:41:00,62.5
2025-06-12 21:18:00,1.0
2025-06-12 04:28:00,11.9
2025-06-12 23:26:00,50.60542317173377
2025-06-12 11:05:00,29.4
2025-06-12 04:38:00,74.8
2025-06-12 12:29:00,74.1
2025-06-12 09:54:00,50.60542317173377
2025-06-12 02:23:00,60.7
2025-06-12 13:32:00,50.60542317173377
2025-06-12 22:03:00,34.2
2025-06-12 23:17:00,41.5
2025-06-12 17:36:00,76.8
2025-06-12 07:09:00,0.5
2025-06-12 18:03:00,35.3
2025-06-12 08:14:00,22.0
2025-06-12 08:52:00,25.5
2025-06-12 01:40:00,24.3
2025-06-12 10:51:00,50.60542317173377
2025-06-12 08:57:00,94.3
2025-06-12 10:38:00,50.60542317173377
2025-06-12 19:59:00,29.0
2025-06-12 00:58:00,93.3
2025-06-12 09:59:00,79.2
2025-06-12 21:35:00,83.8
2025-06-12 18:26:00,86.3
2025-06-12 17:52:00,39.6
2025-06-12 23:03:00,52.2
2025-06-12 09:08:00,17.4
2025-06-12 01:06:00,16.0
2025-06-12 18:02:00,47.5
2025-06-12 05:29:00,86.6
2025-06-12 14:27:00,54.7
2025-06-12 20:40:00,83.4
2025-06-12 08:42:00,32.3
2025-06-12 12:24:00,15.6
2025-06-12 09:04:00,7.3
2025-06-12 21:22:00,53.3
2025-06-12 04:26:00,71.3
2025-06-12 17:20:00,15.7
2025-06-12 09:08:00,50.4
2025-06-12 18:50:00,48.5
2025-06-12 20:13:00,32.1
2025-06-12 02:23:00,51.1
2025-06-12 10:18:00,50.60542317173377
2025-06-12 17:48:00,48.2
2025-06-12 11:23:00,97.8
2025-06-12 04:24:00,64.0
2025-06-12 11:14:00,50.3
2025-06-12 21:57:00,27.2
2025-06-12 01:10:00,50.60542317173377
2025-06-12 12:50:00,57.2
2025-06-12 07:08:00,59.3
2025-06-12 10:07:00,50.60542317173377
2025-06-12 03:01:00,35.7
2025-06-12 15:03:00,64.1
2025-06-12 23:18:00,14.8
2025-06-12 12:25:00,60.1
2025-06-12 21:16:00,44.8
2025-06-12 22:47:00,99.6
2025-06-12 05:05:00,27.4
2025-06-12 20:22:00,19.7
2025-06-12 18:00:00,36.5
2025-06-12 01:20:00,20.9
2025-06-12 22:50:00,84.1
2025-06-12 05:41:00,79.6
2025-06-12 20:44:00,32.7
2025-06-12 18:46:00,66.1
2025-06-12 14:23:00,97.1
2025-06-12 10:27:00,68.4
2025-06-12 01:39:00,50.60542317173377
2025-06-12 00:26:00,61.5
2025-06-12 01:01:00,2.0
2025-06-12 05:19:00,86.0
2025-06-12 08:16:00,14.0
2025-06-12 22:01:00,95.3
2025-06-12 01:05:00,41.5
2025-06-12 15:19:00,91.0
2025-06-12 12:46:00,98.4
2025-06-12 17:13:00,1.4
2025-06-12 17:57:00,95.7
2025-06-12 16:44:00,7.2
2025-06-12 10:06:00,50.60542317173377
2025-06-12 16:29:00,19.2
2025-06-12 08:10:00,56.9
2025-06-12 07:12:00,58.6
2025-06-12 00:12:00,51.9
2025-06-12 19:17:00,94.8
2025-06-12 17:04:00,66.2
2025-06-12 04:50:00,94.9
2025-06-12 01:45:00,50.60542317173377
2025-06-12 12:42:00,54.8
2025-06-12 14:31:00,56.5
2025-06-12 14:08:00,19.6
2025-06-12 07:03:00,7.2
2025-06-12 19:46:00,75.8
2025-06-12 09:18:00,32.4
2025-06-12 03:30:00,44.3
2025-06-12 01:16:00,5.8
2025-06-12 06:38:00,39.1
2025-06-12 03:28:00,96.5
2025-06-12 10:34:00,50.60542317173377
2025-06-12 07:10:00,52.6
2025-06-12 14:11:00,77.5
2025-06-12 16:30:00,15.3
2025-06-12 05:05:00,90.2
2025-06-12 07:56:00,50.60542317173377
2025-06-12 05:19:00,56.7
2025-06-12 14:14:00,34.4
2025-06-12 07:36:00,31.8
2025-06-12 11:40:00,46.9
2025-06-12 09:10:00,70.6
2025-06-12 23:22:00,59.8
2025-06-12 04:13:00,9.5
2025-06-12 11:28:00,47.2
2025-06-12 04:33:00,50.60542317173377
2025-06-12 05:30:00,34.4
2025-06-12 04:23:00,35.0
2025-06-12 19:55:00,45.9
2025-06-12 07:21:00,21.5
2025-06-12 13:16:00,10.6
2025-06-12 04:29:00,99.7
2025-06-12 18:39:00,93.9
2025-06-12 05:10:00,97.2
2025-06-12 01:56:00,80.7
2025-06-12 09:34:00,29.9
2025-06-12 17:35:00,0.9
2025-06-12 20:21:00,50.60542317173377
2025-06-12 22:46:00,40.8
2025-06-12 06:48:00,80.5
2025-06-12 08:16:00,50.60542317173377
2025-06-12 05:45:00,35.5
2025-06-12 09:20:00,46.7
2025-06-12 03:16:00,27.4
2025-06-12 02:43:00,59.6
2025-06-12 00:49:00,50.60542317173377
2025-06-12 04:58:00,49.1
2025-06-12 19:29:00,47.0
2025-06-12 17:06:00,95.8
2025-06-12 11:52:00,23.1
2025-06-12 02:46:00,90.1
2025-06-12 13:20:00,98.4
2025-06-12 21:45:00,84.7
2025-06-12 09:20:00,37.1
2025-06-12 07:26:00,82.5
2025-06-12 13:41:00,7.6
2025-06-12 09:24:00,75.1
2025-06-12 20:48:00,35.1
2025-06-12 15:01:00,39.0
2025-06-12 21:46:00,52.3
2025-06-12 17:08:00,26.9
2025-06-12 12:24:00,21.2
2025-06-12 07:52:00,58.2
2025-06-12 10:08:00,9.6
2025-06-12 14:11:00,98.4
2025-06-12 11:22:00,50.60542317173377
2025-06-12 15:05:00,2.4
2025-06-12 02:52:00,15.8
2025-06-12 06:40:00,50.60542317173377
2025-06-12 06:10:00,59.3
2025-06-12 04:21:00,70.9
2025-06-12 23:36:00,50.60542317173377
2025-06-12 20:45:00,50.60542317173377
2025-06-12 12:19:00,50.60542317173377
2025-06-12 23:30:00,61.6
2025-06-12 04:15:00,25.5
2025-06-12 16:51:00,51.7
2025-06-12 23:12:00,52.7
2025-06-12 20:33:00,93.3
2025-06-12 12:23:00,21.2
2025-06-12 13:48:00,16.0
2025-06-12 15:50:00,50.60542317173377
2025-06-12 00:45:00,77.9
2025-06-12 10:15:00,51.5
2025-06-12 02:28:00,15.5
2025-06-12 23:42:00,96.0
2025-06-12 10:04:00,50.60542317173377
2025-06-12 02:27:00,90.4
2025-06-12 22:30:00,41.0
2025-06-12 22:33:00,62.1
2025-06-12 15:25:00,81.0
2025-06-12 06:41:00,72.1
2025-06-12 13:37:00,88.8
2025-06-12 09:54:00,82.1
2025-06-12 18:00:00,11.3
2025-06-12 07:25:00,78.1
2025-06-12 11:03:00,72.1
2025-06-12 05:31:00,20.7
2025-06-12 03:50:00,50.60542317173377
2025-06-12 16:18:00,20.9
2025-06-12 03:39:00,53.8
2025-06-12 11:31:00,90.7
2025-06-12 12:32:00,98.0
2025-06-12 07:47:00,3.1
2025-06-12 22:11:00,49.2
2025-06-12 18:18:00,93.0
2025-06-12 04:19:00,85.5
2025-06-12 21:28:00,65.6
2025-06-12 19:40:00,40.8
2025-06-12 18:27:00,50.60542317173377
2025-06-12 22:48:00,50.60542317173377
2025-06-12 08:30:00,50.60542317173377
2025-06-12 10:17:00,44.9
2025-06-12 07:27:00,65.2
2025-06-12 13:48:00,90.8
2025-06-12 13:23:00,47.7
2025-06-12 16:39:00,90.4
2025-06-12 13:28:00,87.3
2025-06-12 21:00:00,4.1
2025-06-12 06:27:00,50.60542317173377
2025-06-12 01:32:00,23.7
2025-06-12 14:36:00,0.8
2025-06-12 11:23:00,4.9
2025-06-12 06:11:00,25.2
2025-06-12 18:02:00,16.1
2025-06-12 08:17:00,50.4
2025-06-12 09:18:00,50.60542317173377
2025-06-12 09:14:00,53.1
2025-06-12 22:12:00,79.9
2025-06-12 21:53:00,72.6
2025-06-12 04:12:00,14.6
2025-06-12 00:56:00,78.8
2025-06-12 05:04:00,91.3
2025-06-12 05:53:00,98.0
2025-06-12 23:16:00,12.2
2025-06-12 03:00:00,93.6
2025-06-12 23:42:00,17.4
2025-06-12 10:19:00,76.0
2025-06-12 14:28:00,58.7
2025-06-12 13:31:00,3.5
2025-06-12 01:47:00,52.4
2025-06-12 11:45:00,5.7
2025-06-12 20:18:00,76.8
2025-06-12 17:41:00,54.2
2025-06-12 14:25:00,31.9
2025-06-12 18:50:00,75.6
2025-06-12 13:29:00,99.2
2025-06-12 19:24:00,74.5
2025-06-12 13:36:00,29.7
2025-06-12 23:07:00,34.1
2025-06-12 01:55:00,28.5
2025-06-12 15:52:00,6.9
2025-06-12 00:29:00,14.3
2025-06-12 09:47:00,99.5
2025-06-12 17:40:00,53.3
2025-06-12 22:42:00,49.935598591549294
2025-06-12 19:07:00,49.935598591549294
2025-06-12 11:13:00,59.3
2025-06-12 23:13:00,49.935598591549294
2025-06-12 16:13:00,15.1
2025-06-12 06:21:00,49.935598591549294
2025-06-12 10:49:00,13.5
2025-06-12 02:35:00,6.2
2025-06-12 03:42:00,49.935598591549294
2025-06-12 15:10:00,30.2
2025-06-12 10:25:00,86.9
2025-06-12 23:28:00,66.1
2025-06-12 12:29:00,60.6
2025-06-12 04:44:00,76.1
2025-06-12 03:35:00,49.935598591549294
2025-06-12 01:11:00,0.7
2025-06-12 09:27:00,64.7
2025-06-12 19:51:00,59.0
2025-06-12 12:06:00,6.2
2025-06-12 11:27:00,10.1
2025-06-12 04:26:00,1.9
2025-06-12 14:42:00,3.5
2025-06-12 20:26:00,75.0
2025-06-12 20:26:00,6.3
2025-06-12 14:56:00,94.4
2025-06-12 17:13:00,5.5
2025-06-12 16:52:00,49.935598591549294
2025-06-12 22:01:00,98.2
2025-06-12 08:02:00,1.3
2025-06-12 23:58:00,61.8
2025-06-12 03:22:00,35.4
2025-06-12 04:37:00,49.935598591549294
2025-06-12 06:49:00,14.6
2025-06-12 02:23:00,42.6
2025-06-12 14:58:00,87.4
2025-06-12 06:00:00,74.3
2025-06-12 22:46:00,9.1
2025-06-12 12:33:00,96.3
2025-06-12 21:04:00,69.5
2025-06-12 18:12:00,98.0
2025-06-12 15:23:00,21.2
2025-06-12 04:00:00,65.4
2025-06-12 06:38:00,51.2
2025-06-12 19:04:00,44.1
2025-06-12 19:11:00,69.0
2025-06-12 00:03:00,25.7
2025-06-12 15:22:00,63.8
2025-06-12 09:59:00,47.2
2025-06-12 20:21:00,85.5
2025-06-12 07:57:00,67.5
2025-06-12 12:01:00,20.4
2025-06-12 10:08:00,10.3
2025-06-12 02:41:00,7.1
2025-06-12 09:15:00,64.7
2025-06-12 07:38:00,15.9
2025-06-12 07:04:00,92.3
2025-06-12 20:38:00,49.935598591549294
2025-06-12 06:57:00,49.935598591549294
2025-06-12 16:38:00,86.1
2025-06-12 00:06:00,4.1
2025-06-12 20:01:00,3.4
2025-06-12 06:11:00,30.9
2025-06-12 15:02:00,6.1
2025-06-12 03:21:00,66.0
2025-06-12 11:23:00,63.9
2025-06-12 17:27:00,24.6
2025-06-12 22:13:00,79.1
2025-06-12 18:03:00,45.2
2025-06-12 15:39:00,66.0
2025-06-12 01:38:00,17.0
2025-06-12 20:25:00,41.0
2025-06-12 10:03:00,86.4
2025-06-12 13:01:00,35.7
2025-06-12 01:00:00,52.6
2025-06-12 09:26:00,59.0
2025-06-12 04:16:00,74.5
2025-06-12 07:53:00,78.0
2025-06-12 23:20:00,72.1
2025-06-12 21:23:00,49.935598591549294
2025-06-12 05:45:00,49.935598591549294
2025-06-12 09:26:00,62.4
2025-06-12 12:00:00,29.8
2025-06-12 15:00:00,49.935598591549294
2025-06-12 17:28:00,66.7
2025-06-12 03:01:00,76.9
2025-06-12 10:21:00,45.3
2025-06-12 07:43:00,49.935598591549294
2025-06-12 00:32:00,69.1
2025-06-12 11:33:00,11.0
2025-06-12 04:32:00,23.7
2025-06-12 08:13:00,68.1
2025-06-12 00:25:00,100.0
2025-06-12 18:30:00,56.3
2025-06-12 03:45:00,20.4
2025-06-12 08:08:00,39.2
2025-06-12 06:25:00,0.6
2025-06-12 09:51:00,27.6
2025-06-12 13:05:00,18.0
2025-06-12 02:15:00,86.0
2025-06-12 09:30:00,34.8
2025-06-12 09:43:00,50.4
2025-06-12 17:39:00,8.3
2025-06-12 15:12:00,42.1
2025-06-12 21:15:00,49.935598591549294
2025-06-12 20:04:00,49.935598591549294
2025-06-12 05:51:00,73.1
2025-06-12 18:03:00,22.7
2025-06-12 11:11:00,76.1
2025-06-12 13:04:00,75.4
2025-06-12 06:57:00,5.1
2025-06-12 22:56:00,91.8
2025-06-12 20:10:00,94.3
2025-06-12 17:55:00,18.9
2025-06-12 23:31:00,61.1
2025-06-12 08:22:00,57.0
2025-06-12 16:26:00,5.1
2025-06-12 05:28:00,43.7
2025-06-12 00:57:00,49.935598591549294
2025-06-12 09:45:00,14.6
2025-06-12 22:01:00,45.8
2025-06-12 04:29:00,49.935598591549294
2025-06-12 10:46:00,6.3
2025-06-12 23:27:00,38.3
2025-06-12 23:10:00,32.5
2025-06-12 01:56:00,49.935598591549294
2025-06-12 17:33:00,40.3
2025-06-12 09:37:00,30.5
2025-06-12 13:09:00,90.3
2025-06-12 07:55:00,7.0
2025-06-12 05:20:00,68.2
2025-06-12 04:25:00,27.9
2025-06-12 02:29:00,14.9
2025-06-12 14:34:00,2.0
2025-06-12 09:12:00,94.4
2025-06-12 09:13:00,28.2
2025-06-12 19:32:00,83.9
2025-06-12 03:02:00,49.935598591549294
2025-06-12 14:40:00,89.6
2025-06-12 12:10:00,4.8
2025-06-12 10:50:00,95.4
2025-06-12 00:45:00,39.4
2025-06-12 20:10:00,52.7
2025-06-12 04:20:00,44.7
2025-06-12 18:10:00,52.3
2025-06-12 05:59:00,88.5
2025-06-12 23:00:00,41.3
2025-06-12 13:59:00,30.9
2025-06-12 18:47:00,57.8
2025-06-12 15:38:00,71.9
2025-06-12 00:42:00,8.7
2025-06-12 11:13:00,63.3
2025-06-12 13:41:00,45.1
2025-06-12 18:16:00,55.5
2025-06-12 21:34:00,65.8
2025-06-12 15:51:00,79.2
2025-06-12 11:57:00,40.1
2025-06-12 08:41:00,99.3
2025-06-12 19:45:00,45.3
2025-06-12 03:30:00,55.5
2025-06-12 21:53:00,68.2
2025-06-12 11:01:00,28.8
2025-06-12 13:15:00,89.4
2025-06-12 11:35:00,49.6
2025-06-12 04:13:00,54.9
2025-06-12 07:55:00,69.5
2025-06-12 03:33:00,89.0
2025-06-12 16:13:00,49.935598591549294
2025-06-12 14:48:00,81.4
2025-06-12 23:26:00,10.9
2025-06-12 00:37:00,49.935598591549294
2025-06-12 09:13:00,62.4
2025-06-12 21:48:00,26.3
2025-06-12 11:28:00,49.935598591549294
2025-06-12 22:52:00,23.8
2025-06-12 19:51:00,9.6
2025-06-12 06:57:00,49.935598591549294
2025-06-12 00:38:00,99.7
2025-06-12 09:54:00,83.7
2025-06-12 04:34:00,58.1
2025-06-12 13:30:00,35.3
2025-06-12 19:09:00,32.7
2025-06-12 23:35:00,63.6
2025-06-12 04:03:00,49.935598591549294
2025-06-12 15:36:00,24.9
2025-06-12 01:41:00,33.6
2025-06-12 17:55:00,85.0
2025-06-12 04:50:00,41.1
2025-06-12 01:03:00,66.8
2025-06-12 12:23:00,16.8
2025-06-12 01:04:00,85.2
2025-06-12 21:53:00,82.5
2025-06-12 14:18:00,19.9
2025-06-12 09:34:00,49.935598591549294
2025-06-12 23:09:00,88.9
2025-06-12 03:39:00,26.9
2025-06-12 19:30:00,50.0
2025-06-12 06:09:00,31.4
2025-06-12 13:20:00,32.2
2025-06-12 07:27:00,82.7
2025-06-12 06:39:00,51.9
2025-06-12 17:06:00,49.935598591549294
2025-06-12 19:37:00,49.935598591549294
2025-06-12 16:35:00,88.9
2025-06-12 22:25:00,75.3
2025-06-12 08:49:00,24.5
2025-06-12 01:27:00,82.6
2025-06-12 12:00:00,63.8
2025-06-12 15:09:00,93.0
2025-06-12 22:13:00,53.4
2025-06-12 23:07:00,1.9
2025-06-12 20:12:00,34.4
2025-06-12 10:18:00,99.0
2025-06-12 18:51:00,52.9
2025-06-12 23:17:00,5.1
2025-06-12 21:57:00,60.2
2025-06-12 07:00:00,49.935598591549294
2025-06-12 10:23:00,81.0
2025-06-12 20:31:00,67.3
2025-06-12 09:43:00,91.1
2025-06-12 14:39:00,66.1
2025-06-12 02:44:00,49.8
2025-06-12 13:54:00,10.1
2025-06-12 11:00:00,49.935598591549294
2025-06-12 12:52:00,21.3
2025-06-12 00:43:00,75.0
2025-06-12 11:00:00,96.6
2025-06-12 12:31:00,49.935598591549294
2025-06-12 09:46:00,49.935598591549294
2025-06-12 06:12:00,42.5
2025-06-12 00:06:00,71.8
2025-06-12 00:03:00,40.9
2025-06-12 23:58:00,21.0
2025-06-12 15:04:00,46.1
2025-06-12 23:36:00,19.3
2025-06-12 14:19:00,49.935598591549294
2025-06-12 05:42:00,85.1
2025-06-12 17:32:00,46.7
2025-06-12 21:48:00,49.935598591549294
2025-06-12 21:37:00,47.3
2025-06-12 09:48:00,65.8
2025-06-12 08:21:00,63.8
2025-06-12 10:06:00,49.935598591549294
2025-06-12 02:07:00,39.5
2025-06-12 09:38:00,99.7
2025-06-12 15:56:00,49.935598591549294
2025-06-12 18:50:00,64.8
2025-06-12 03:44:00,56.7
2025-06-12 01:42:00,64.7
2025-06-12 20:52:00,30.2
2025-06-12 21:13:00,2.5
2025-06-12 07:14:00,99.8
2025-06-12 05:50:00,30.2
2025-06-12 09:45:00,25.2
2025-06-12 09:19:00,85.4
2025-06-12 18:23:00,20.8
2025-06-12 22:42:00,12.3
2025-06-12 09:15:00,73.0
2025-06-12 20:01:00,20.3
2025-06-12 07:22:00,94.5
2025-06-12 10:49:00,49.3
2025-06-12 02:14:00,19.5
2025-06-12 11:04:00,25.1
2025-06-12 13:55:00,4.0
2025-06-12 14:39:00,97.0
2025-06-12 11:33:00,78.7
2025-06-12 14:06:00,49.935598591549294
2025-06-12 06:50:00,49.935598591549294
2025-06-12 08:56:00,45.0
2025-06-12 04:43:00,68.2
2025-06-12 00:04:00,95.6
2025-06-12 11:59:00,76.9
2025-06-12 03:33:00,0.6
2025-06-12 05:43:00,38.1
2025-06-12 07:24:00,49.935598591549294
2025-06-12 14:35:00,49.935598591549294
2025-06-12 06:52:00,59.1
2025-06-12 10:17:00,82.4
2025-06-12 01:52:00,19.6
2025-06-12 00:51:00,49.935598591549294
2025-06-12 17:49:00,95.9
2025-06-12 14:15:00,92.6
2025-06-12 09:49:00,9.2
2025-06-12 23:24:00,13.1
2025-06-12 19:11:00,17.3
2025-06-12 06:06:00,86.4
2025-06-12 23:46:00,49.935598591549294
2025-06-12 19:40:00,13.6
2025-06-12 01:17:00,11.5
2025-06-12 10:21:00,98.5
2025-06-12 16:12:00,91.6
2025-06-12 11:58:00,51.1
2025-06-12 07:23:00,6.0
2025-06-12 12:33:00,49.935598591549294
2025-06-12 02:54:00,90.3
2025-06-12 16:26:00,30.9
2025-06-12 06:00:00,56.2
2025-06-12 07:47:00,78.2
2025-06-12 16:58:00,34.5
2025-06-12 01:00:00,34.2
2025-06-12 06:10:00,88.9
2025-06-12 10:28:00,76.3
2025-06-12 03:55:00,37.4
2025-06-12 04:14:00,24.9
2025-06-12 00:37:00,90.8
2025-06-12 22:54:00,49.935598591549294
2025-06-12 20:24:00,95.1
2025-06-12 21:27:00,38.8
2025-06-12 04:58:00,51.7
2025-06-12 20:13:00,18.5
2025-06-12 11:16:00,57.8
2025-06-12 21:53:00,25.2
2025-06-12 15:49:00,60.1
2025-06-12 21:49:00,22.6
2025-06-12 17:15:00,49.935598591549294
2025-06-12 14:22:00,65.6
2025-06-12 13:13:00,25.4
2025-06-12 15:17:00,49.935598591549294
2025-06-12 16:33:00,94.7
2025-06-12 13:02:00,87.2
2025-06-12 04:54:00,26.1
2025-06-12 04:00:00,7.4
2025-06-12 21:08:00,17.8
2025-06-12 20:33:00,43.9
2025-06-12 00:47:00,69.6
2025-06-12 02:48:00,69.7
2025-06-12 10:49:00,17.6
2025-06-12 01:21:00,53.7
2025-06-12 13:08:00,51.7
2025-06-12 23:25:00,90.5
2025-06-12 05:38:00,62.8
2025-06-12 17:47:00,38.0
2025-06-12 19:16:00,9.5
2025-06-12 08:40:00,81.1
2025-06-12 21:19:00,24.9
2025-06-12 06:33:00,54.3
2025-06-12 18:46:00,78.9
2025-06-12 22:17:00,96.4
2025-06-12 20:36:00,75.6
2025-06-12 00:49:00,69.1
2025-06-12 04:46:00,42.5
2025-06-12 04:01:00,38.2
2025-06-12 01:58:00,5.0
2025-06-12 19:17:00,57.4
2025-06-12 11:40:00,49.935598591549294
2025-06-12 14:57:00,6.7
2025-06-12 16:19:00,5.7
2025-06-12 21:41:00,61.9
2025-06-12 20:14:00,93.3
2025-06-12 22:46:00,21.5
2025-06-12 17:54:00,34.7
2025-06-12 07:42:00,66.1
2025-06-12 15:54:00,28.2
2025-06-12 09:13:00,65.5
2025-06-12 02:11:00,51.0
2025-06-12 15:52:00,32.0
2025-06-12 08:57:00,85.9
2025-06-12 09:20:00,67.7
2025-06-12 03:04:00,12.2
2025-06-12 10:21:00,49.740225962104276
2025-06-12 17:29:00,3.2
2025-06-12 22:22:00,70.6
2025-06-12 00:20:00,49.740225962104276
2025-06-12 00:57:00,4.4
2025-06-12 13:05:00,19.1
2025-06-12 17:50:00,96.0
2025-06-12 19:46:00,88.6
2025-06-12 13:03:00,73.9
2025-06-12 19:51:00,49.740225962104276
2025-06-12 03:13:00,47.7
2025-06-12 11:01:00,72.1
2025-06-12 15:16:00,49.740225962104276
2025-06-12 22:04:00,76.6
2025-06-12 10:12:00,86.8
2025-06-12 10:01:00,96.2
2025-06-12 12:14:00,26.7
2025-06-12 09:20:00,30.2
2025-06-12 08:51:00,49.740225962104276
2025-06-12 09:35:00,40.8
2025-06-12 00:46:00,84.7
2025-06-12 15:12:00,32.1
2025-06-12 06:17:00,13.4
2025-06-12 11:40:00,49.740225962104276
2025-06-12 03:25:00,85.9
2025-06-12 14:09:00,33.7
2025-06-12 18:27:00,32.2
2025-06-12 20:53:00,49.740225962104276
2025-06-12 16:05:00,49.740225962104276
2025-06-12 05:13:00,40.1
2025-06-12 22:44:00,59.4
2025-06-12 00:29:00,70.2
2025-06-12 06:19:00,94.6
2025-06-12 07:34:00,77.1
2025-06-12 00:07:00,96.0
2025-06-12 04:58:00,19.5
2025-06-12 03:34:00,63.4
2025-06-12 19:15:00,70.8
2025-06-12 21:58:00,49.740225962104276
2025-06-12 13:57:00,66.8
2025-06-12 08:10:00,49.740225962104276
2025-06-12 21:46:00,97.7
2025-06-12 21:51:00,51.1
2025-06-12 18:08:00,55.2
2025-06-12 05:03:00,12.3
2025-06-12 20:10:00,64.2
2025-06-12 04:17:00,62.0
2025-06-12 07:04:00,1.8
2025-06-12 00:43:00,94.1
2025-06-12 04:31:00,32.5
2025-06-12 18:08:00,19.7
2025-06-12 16:22:00,60.7
2025-06-12 19:20:00,11.9
2025-06-12 19:36:00,85.4
2025-06-12 13:11:00,21.3
2025-06-12 07:36:00,3.8
2025-06-12 09:08:00,49.740225962104276
2025-06-12 22:04:00,33.9
2025-06-12 00:42:00,62.0
2025-06-12 07:23:00,9.2
2025-06-12 01:40:00,66.5
2025-06-12 20:35:00,89.6
2025-06-12 03:39:00,41.2
2025-06-12 20:19:00,2.7
2025-06-12 09:17:00,49.740225962104276
2025-06-12 09:43:00,49.740225962104276
2025-06-12 15:47:00,89.0
2025-06-12 14:13:00,50.9
2025-06-12 06:22:00,49.740225962104276
2025-06-12 18:18:00,95.4
2025-06-12 01:41:00,12.6
2025-06-12 21:04:00,98.8
2025-06-12 09:43:00,17.1
2025-06-12 04:44:00,47.3
2025-06-12 12:06:00,49.740225962104276
2025-06-12 08:42:00,34.5
2025-06-12 03:07:00,33.7
2025-06-12 15:55:00,9.7
2025-06-12 12:58:00,49.740225962104276
2025-06-12 22:46:00,49.740225962104276
2025-06-12 15:45:00,27.0
2025-06-12 06:11:00,7.0
2025-06-12 17:04:00,61.3
2025-06-12 09:27:00,40.1
2025-06-12 13:36:00,81.2
2025-06-12 00:52:00,73.1
2025-06-12 11:35:00,87.6
2025-06-12 04:07:00,24.7
2025-06-12 11:39:00,77.5
2025-06-12 15:06:00,83.6
2025-06-12 01:32:00,44.3
2025-06-12 13:20:00,74.7
2025-06-12 17:41:00,35.9
2025-06-12 20:24:00,33.1
2025-06-12 12:13:00,75.6
2025-06-12 09:30:00,9.9
2025-06-12 16:19:00,49.740225962104276
2025-06-12 12:44:00,49.740225962104276
2025-06-12 15:07:00,2.5
2025-06-12 19:56:00,30.7
2025-06-12 09:21:00,10.1
2025-06-12 01:43:00,54.0
2025-06-12 00:33:00,9.9
2025-06-12 20:18:00,49.740225962104276
2025-06-12 21:27:00,16.8
2025-06-12 14:43:00,49.740225962104276
2025-06-12 11:25:00,3.7
2025-06-12 11:13:00,79.6
2025-06-12 05:55:00,79.7
2025-06-12 09:01:00,97.9
2025-06-12 11:15:00,90.7
2025-06-12 13:43:00,37.9
2025-06-12 13:27:00,49.740225962104276
2025-06-12 17:02:00,48.9
2025-06-12 19:39:00,21.8
2025-06-12 06:38:00,40.4
2025-06-12 02:23:00,49.740225962104276
2025-06-12 22:48:00,97.5
2025-06-12 00:32:00,51.5
2025-06-12 07:56:00,55.8
2025-06-12 15:59:00,87.6
2025-06-12 22:30:00,33.4
2025-06-12 04:44:00,18.7
2025-06-12 08:40:00,61.2
2025-06-12 10:25:00,45.5
2025-06-12 05:55:00,94.0
2025-06-12 14:00:00,65.6
2025-06-12 03:31:00,78.7
2025-06-12 11:42:00,2.0
2025-06-12 01:38:00,84.5
2025-06-12 16:27:00,37.2
2025-06-12 13:10:00,89.4
2025-06-12 02:59:00,92.3
2025-06-12 19:16:00,43.4
2025-06-12 05:05:00,59.2
2025-06-12 10:43:00,49.740225962104276
2025-06-12 23:58:00,7.7
2025-06-12 09:55:00,76.0
2025-06-12 13:56:00,25.6
2025-06-12 22:10:00,93.7
2025-06-12 04:49:00,93.9
2025-06-12 02:35:00,49.740225962104276
2025-06-12 07:04:00,38.4
2025-06-12 11:12:00,100.0
2025-06-12 11:12:00,82.3
2025-06-12 23:39:00,15.3
2025-06-12 21:19:00,49.740225962104276
2025-06-12 21:54:00,52.8
2025-06-12 18:42:00,15.4
2025-06-12 14:04:00,49.740225962104276
2025-06-12 07:08:00,70.9
2025-06-12 20:07:00,98.7
2025-06-12 18:03:00,49.740225962104276
2025-06-12 23:15:00,41.5
2025-06-12 03:39:00,59.6
2025-06-12 03:41:00,14.5
2025-06-12 16:55:00,41.4
2025-06-12 06:06:00,96.6
2025-06-12 12:32:00,33.8
2025-06-12 19:18:00,49.740225962104276
2025-06-12 10:07:00,85.5
2025-06-12 08:57:00,20.6
2025-06-12 20:07:00,10.3
2025-06-12 20:43:00,15.6
2025-06-12 06:14:00,21.7
2025-06-12 00:14:00,9.7
2025-06-12 17:44:00,32.7
2025-06-12 02:19:00,98.2
2025-06-12 00:01:00,49.740225962104276
2025-06-12 03:56:00,64.8
2025-06-12 23:18:00,34.7
2025-06-12 04:41:00,5.2
2025-06-12 15:06:00,63.4
2025-06-12 15:50:00,84.5
2025-06-12 22:19:00,59.3
2025-06-12 16:35:00,26.8
2025-06-12 03:42:00,5.0
2025-06-12 04:01:00,34.4
2025-06-12 05:43:00,22.8
2025-06-12 15:41:00,13.2
2025-06-12 18:53:00,7.7
2025-06-12 08:14:00,82.0
2025-06-12 14:07:00,79.8
2025-06-12 06:05:00,17.8
2025-06-12 18:03:00,99.8
2025-06-12 15:24:00,26.5
2025-06-12 04:18:00,80.5
2025-06-12 23:51:00,9.5
2025-06-12 14:42:00,49.740225962104276
2025-06-12 15:19:00,49.740225962104276
2025-06-12 03:21:00,25.7
2025-06-12 03:56:00,49.740225962104276
2025-06-12 03:11:00,29.8
2025-06-12 20:37:00,11.0
2025-06-12 06:47:00,42.8
2025-06-12 05:41:00,73.4
2025-06-12 18:35:00,51.7
2025-06-12 21:18:00,3.5
2025-06-12 07:15:00,85.4
2025-06-12 22:49:00,88.2
2025-06-12 08:18:00,49.740225962104276
2025-06-12 07:15:00,47.8
2025-06-12 08:54:00,5.7
2025-06-12 11:08:00,49.740225962104276
2025-06-12 15:07:00,49.740225962104276
2025-06-12 06:21:00,49.740225962104276
2025-06-12 04:37:00,16.3
2025-06-12 09:08:00,70.5
2025-06-12 17:37:00,5.1
2025-06-12 04:20:00,58.3
2025-06-12 10:46:00,36.3
2025-06-12 08:41:00,7.7
2025-06-12 09:04:00,49.740225962104276
2025-06-12 19:41:00,40.9
2025-06-12 07:04:00,25.6
2025-06-12 00:20:00,60.4
2025-06-12 01:48:00,38.9
2025-06-12 00:38:00,49.740225962104276
2025-06-12 23:38:00,65.0
2025-06-12 23:37:00,6.6
2025-06-12 15:18:00,89.8
2025-06-12 07:07:00,95.8
2025-06-12 03:46:00,37.3
2025-06-12 04:44:00,49.740225962104276
2025-06-12 03:25:00,91.5
2025-06-12 06:18:00,49.740225962104276
2025-06-12 18:07:00,38.4
2025-06-12 13:55:00,49.740225962104276
2025-06-12 20:08:00,96.8
2025-06-12 13:36:00,30.8
2025-06-12 09:41:00,64.2
2025-06-12 01:43:00,10.3
2025-06-12 08:26:00,49.740225962104276
2025-06-12 03:40:00,36.5
2025-06-12 08:11:00,76.5
2025-06-12 05:41:00,50.8
2025-06-12 12:51:00,84.6
2025-06-12 23:19:00,62.8
2025-06-12 11:06:00,67.2
2025-06-12 01:28:00,71.4
2025-06-12 03:31:00,84.2
2025-06-12 09:28:00,7.0
2025-06-12 18:19:00,5.5
2025-06-12 14:06:00,26.7
2025-06-12 09:01:00,47.7
2025-06-12 10:59:00,33.9
2025-06-12 13:27:00,49.4
2025-06-12 19:00:00,87.2
2025-06-12 06:59:00,8.4
2025-06-12 07:21:00,93.8
2025-06-12 18:09:00,63.9
2025-06-12 21:45:00,52.2
2025-06-12 22:46:00,5.2
2025-06-12 03:19:00,65.6
2025-06-12 07:46:00,34.0
2025-06-12 09:42:00,22.2
2025-06-12 04:05:00,14.2
2025-06-12 04:12:00,84.1
2025-06-12 14:12:00,49.740225962104276
2025-06-12 04:20:00,79.9
2025-06-12 12:08:00,49.740225962104276
2025-06-12 11:15:00,74.1
2025-06-12 08:13:00,8.1
2025-06-12 02:09:00,78.1
2025-06-12 04:01:00,3.4
2025-06-12 05:40:00,87.5
2025-06-12 19:16:00,65.9
2025-06-12 11:13:00,30.9
2025-06-12 04:06:00,14.5
2025-06-12 12:27:00,91.0
2025-06-12 14:31:00,53.1
2025-06-12 22:01:00,49.740225962104276
2025-06-12 17:42:00,87.0
2025-06-12 04:56:00,16.6
2025-06-12 12:32:00,56.5
2025-06-12 16:21:00,23.9
2025-06-12 23:53:00,23.7
2025-06-12 02:00:00,14.2
2025-06-12 07:09:00,87.5
2025-06-12 08:47:00,73.1
2025-06-12 05:12:00,50.3
2025-06-12 21:55:00,0.1
2025-06-12 08:58:00,49.740225962104276
2025-06-12 17:36:00,10.9
2025-06-12 23:29:00,49.740225962104276
2025-06-12 19:27:00,16.3
2025-06-12 23:55:00,73.7
2025-06-12 12:24:00,18.0
2025-06-12 09:39:00,76.0
2025-06-12 06:14:00,75.7
2025-06-12 17:02:00,48.9
2025-06-12 19:49:00,25.0
2025-06-12 09:35:00,73.4
2025-06-12 00:12:00,28.9
2025-06-12 15:03:00,1.8
2025-06-12 19:12:00,27.8
2025-06-12 00:47:00,89.5
2025-06-12 14:11:00,86.3
2025-06-12 02:10:00,52.6
2025-06-12 21:47:00,75.2
2025-06-12 03:50:00,14.2
2025-06-12 03:08:00,4.7
2025-06-12 10:42:00,50.9
2025-06-12 19:20:00,65.0
2025-06-12 20:41:00,38.1
2025-06-12 13:51:00,19.6
2025-06-12 06:50:00,62.3
2025-06-12 07:41:00,76.2
2025-06-12 00:11:00,11.6
2025-06-12 04:48:00,29.2
2025-06-12 03:54:00,21.6
2025-06-12 20:55:00,94.1
2025-06-12 20:35:00,58.2
2025-06-12 20:53:00,84.5
2025-06-12 13:47:00,39.2
2025-06-12 15:38:00,67.4
2025-06-12 07:02:00,45.3
2025-06-12 07:57:00,49.740225962104276
2025-06-12 08:42:00,74.1
2025-06-12 03:40:00,39.8
2025-06-12 16:49:00,49.740225962104276
2025-06-12 23:24:00,20.7
2025-06-12 03:52:00,77.7
2025-06-12 04:14:00,59.7
2025-06-12 15:22:00,50.18838223164841
2025-06-12 13:59:00,71.6
2025-06-12 15:08:00,37.8
2025-06-12 12:32:00,1.9
2025-06-12 15:02:00,2.5
2025-06-12 20:43:00,51.0
2025-06-12 23:19:00,93.2
2025-06-12 06:54:00,50.18838223164841
2025-06-12 20:10:00,75.5
2025-06-12 12:18:00,98.5
2025-06-12 09:23:00,39.4
2025-06-12 03:59:00,50.18838223164841
2025-06-12 20:16:00,50.18838223164841
2025-06-12 06:00:00,89.1
2025-06-12 00:35:00,79.2
2025-06-12 17:36:00,51.3
2025-06-12 21:51:00,32.4
2025-06-12 03:33:00,65.7
2025-06-12 12:01:00,21.0
2025-06-12 04:07:00,66.3
2025-06-12 18:13:00,80.4
2025-06-12 06:12:00,26.9
2025-06-12 03:52:00,70.8
2025-06-12 20:04:00,10.1
2025-06-12 18:23:00,58.9
2025-06-12 23:34:00,3.5
2025-06-12 09:16:00,70.7
2025-06-12 07:07:00,83.7
2025-06-12 11:16:00,30.8
2025-06-12 15:00:00,27.0
2025-06-12 09:53:00,50.18838223164841
2025-06-12 17:57:00,70.4
2025-06-12 13:00:00,99.9
2025-06-12 08:20:00,93.9
2025-06-12 19:11:00,14.5
2025-06-12 17:30:00,82.9
2025-06-12 23:59:00,72.1
2025-06-12 03:20:00,50.6
2025-06-12 03:33:00,0.5
2025-06-12 16:29:00,69.6
2025-06-12 08:22:00,50.18838223164841
2025-06-12 01:33:00,50.18838223164841
2025-06-12 15:57:00,48.6
2025-06-12 20:28:00,50.18838223164841
2025-06-12 22:38:00,79.7
2025-06-12 15:29:00,57.9
2025-06-12 13:59:00,50.0
2025-06-12 16:28:00,50.18838223164841
2025-06-12 13:27:00,81.3
2025-06-12 21:16:00,50.18838223164841
2025-06-12 13:37:00,83.8
2025-06-12 05:09:00,69.8
2025-06-12 13:45:00,50.18838223164841
2025-06-12 16:30:00,45.3
2025-06-12 20:15:00,63.7
2025-06-12 17:02:00,50.18838223164841
2025-06-12 03:50:00,72.4
2025-06-12 04:01:00,35.5
2025-06-12 18:27:00,13.2
2025-06-12 11:14:00,2.1
2025-06-12 08:07:00,69.3
2025-06-12 16:51:00,14.3
2025-06-12 11:04:00,58.8
2025-06-12 12:51:00,61.0
2025-06-12 11:27:00,11.0
2025-06-12 03:09:00,39.3
2025-06-12 20:55:00,50.18838223164841
2025-06-12 11:03:00,31.7
2025-06-12 21:16:00,20.9
2025-06-12 21:38:00,66.7
2025-06-12 18:27:00,62.2
2025-06-12 02:34:00,91.9
2025-06-12 02:19:00,19.7
2025-06-12 21:48:00,8.2
2025-06-12 12:07:00,50.18838223164841
2025-06-12 14:34:00,15.0
2025-06-12 21:44:00,5.8
2025-06-12 11:48:00,87.6
2025-06-12 10:24:00,42.7
2025-06-12 22:57:00,92.7
2025-06-12 10:07:00,23.4
2025-06-12 03:23:00,50.18838223164841
2025-06-12 16:52:00,22.3
2025-06-12 06:54:00,74.0
2025-06-12 17:19:00,50.18838223164841
2025-06-12 16:41:00,56.3
2025-06-12 15:58:00,87.6
2025-06-12 12:52:00,83.6
2025-06-12 03:28:00,93.3
2025-06-12 15:38:00,97.8
2025-06-12 17:24:00,50.4
2025-06-12 20:09:00,61.7
2025-06-12 09:17:00,59.6
2025-06-12 18:58:00,20.6
2025-06-12 01:06:00,32.7
2025-06-12 21:09:00,91.4
2025-06-12 19:51:00,18.9
2025-06-12 22:52:00,71.0
2025-06-12 08:19:00,76.2
2025-06-12 15:55:00,25.5
2025-06-12 11:10:00,94.2
2025-06-12 02:42:00,42.8
2025-06-12 17:30:00,76.7
2025-06-12 06:05:00,75.5
2025-06-12 07:06:00,99.9
2025-06-12 12:58:00,50.18838223164841
2025-06-12 02:17:00,83.7
2025-06-12 17:03:00,76.3
2025-06-12 17:27:00,1.8
2025-06-12 08:31:00,18.2
2025-06-12 08:28:00,2.1
2025-06-12 06:53:00,50.18838223164841
2025-06-12 20:11:00,21.7
2025-06-12 08:39:00,98.3
2025-06-12 13:51:00,18.5
2025-06-12 15:58:00,44.7
2025-06-12 02:14:00,89.4
2025-06-12 09:46:00,40.2
2025-06-12 12:09:00,39.1
2025-06-12 04:38:00,2.5
2025-06-12 04:13:00,5.2
2025-06-12 01:16:00,29.7
2025-06-12 10:42:00,7.8
2025-06-12 21:32:00,74.6
2025-06-12 00:01:00,65.4
2025-06-12 15:14:00,72.0
2025-06-12 22:42:00,52.5
2025-06-12 10:24:00,0.9
2025-06-12 02:22:00,81.9
2025-06-12 16:23:00,58.7
2025-06-12 16:15:00,50.18838223164841
2025-06-12 15:21:00,50.18838223164841
2025-06-12 15:10:00,50.18838223164841
2025-06-12 09:45:00,50.18838223164841
2025-06-12 12:48:00,21.0
2025-06-12 19:31:00,25.5
2025-06-12 19:33:00,58.9
2025-06-12 18:25:00,32.8
2025-06-12 23:54:00,75.8
2025-06-12 14:12:00,7.8
2025-06-12 17:31:00,50.18838223164841
2025-06-12 19:35:00,77.0
2025-06-12 00:36:00,22.6
2025-06-12 05:50:00,45.6
2025-06-12 18:51:00,3.0
2025-06-12 07:55:00,40.7
2025-06-12 17:11:00,8.9
2025-06-12 04:45:00,88.7
2025-06-12 02:28:00,73.2
2025-06-12 14:01:00,15.8
2025-06-12 22:44:00,93.3
2025-06-12 05:56:00,92.9
2025-06-12 01:02:00,59.3
2025-06-12 17:40:00,78.6
2025-06-12 17:20:00,2.4
2025-06-12 20:41:00,47.4
2025-06-12 00:42:00,50.18838223164841
2025-06-12 08:37:00,24.7
2025-06-12 15:08:00,26.2
2025-06-12 06:44:00,33.8
2025-06-12 11:59:00,56.0
2025-06-12 17:52:00,44.1
2025-06-12 17:28:00,88.8
2025-06-12 13:20:00,5.3
2025-06-12 07:39:00,24.1
2025-06-12 11:27:00,22.2
2025-06-12 08:45:00,31.2
2025-06-12 13:31:00,44.6
2025-06-12 15:58:00,3.7
2025-06-12 19:37:00,73.8
2025-06-12 08:53:00,33.4
2025-06-12 02:45:00,82.6
2025-06-12 21:43:00,24.7
2025-06-12 01:27:00,70.9
2025-06-12 03:36:00,55.8
2025-06-12 06:13:00,50.18838223164841
2025-06-12 18:51:00,81.2
2025-06-12 05:04:00,72.9
2025-06-12 07:21:00,11.6
2025-06-12 02:43:00,10.6
2025-06-12 12:44:00,98.0
2025-06-12 06:31:00,69.1
2025-06-12 08:41:00,94.2
2025-06-12 18:04:00,36.4
2025-06-12 11:48:00,40.1
2025-06-12 03:28:00,92.6
2025-06-12 00:14:00,47.6
2025-06-12 18:51:00,50.18838223164841
2025-06-12 20:40:00,12.6
2025-06-12 18:23:00,63.2
2025-06-12 14:41:00,47.8
2025-06-12 21:59:00,50.18838223164841
2025-06-12 19:25:00,2.0
2025-06-12 03:32:00,87.6
2025-06-12 01:47:00,31.6
2025-06-12 03:41:00,83.9
2025-06-12 13:08:00,22.9
2025-06-12 01:02:00,50.18838223164841
2025-06-12 19:21:00,60.8
2025-06-12 02:04:00,68.2
2025-06-12 07:33:00,16.5
2025-06-12 05:23:00,51.3
2025-06-12 04:04:00,75.3
2025-06-12 12:25:00,10.2
2025-06-12 20:24:00,50.18838223164841
2025-06-12 12:39:00,5.9
2025-06-12 15:38:00,92.2
2025-06-12 17:20:00,19.2
2025-06-12 22:18:00,50.18838223164841
2025-06-12 06:32:00,50.18838223164841
2025-06-12 12:00:00,21.7
2025-06-12 10:22:00,67.7
2025-06-12 11:57:00,89.4
2025-06-12 03:24:00,2.1
2025-06-12 06:53:00,50.18838223164841
2025-06-12 08:31:00,2.4
2025-06-12 13:21:00,23.7
2025-06-12 23:11:00,53.0
2025-06-12 20:41:00,62.1
2025-06-12 19:33:00,58.7
2025-06-12 08:55:00,76.3
2025-06-12 14:04:00,12.3
2025-06-12 08:25:00,7.3
2025-06-12 10:34:00,50.18838223164841
2025-06-12 11:44:00,32.4
2025-06-12 21:00:00,60.9
2025-06-12 07:07:00,50.18838223164841
2025-06-12 12:44:00,96.8
2025-06-12 22:08:00,73.3
2025-06-12 08:37:00,82.4
2025-06-12 21:59:00,19.4
2025-06-12 01:40:00,50.18838223164841
2025-06-12 15:18:00,83.5
2025-06-12 02:55:00,50.18838223164841
2025-06-12 14:52:00,50.18838223164841
2025-06-12 02:53:00,50.18838223164841
2025-06-12 07:50:00,41.8
2025-06-12 20:31:00,71.7
2025-06-12 01:22:00,50.18838223164841
2025-06-12 18:09:00,79.7
2025-06-12 00:08:00,35.0
2025-06-12 05:28:00,50.18838223164841
2025-06-12 16:28:00,15.7
2025-06-12 10:03:00,50.18838223164841
2025-06-12 19:38:00,58.8
2025-06-12 14:56:00,80.8
2025-06-12 15:03:00,11.4
2025-06-12 13:37:00,50.18838223164841
2025-06-12 18:01:00,50.18838223164841
2025-06-12 01:27:00,11.1
2025-06-12 12:27:00,50.18838223164841
2025-06-12 05:28:00,77.0
2025-06-12 12:10:00,35.7
2025-06-12 09:20:00,50.18838223164841
2025-06-12 04:10:00,93.1
2025-06-12 22:14:00,11.1
2025-06-12 22:21:00,43.1
2025-06-12 01:23:00,34.7
2025-06-12 08:36:00,77.8
2025-06-12 10:57:00,51.9
2025-06-12 17:02:00,79.9
2025-06-12 05:46:00,50.18838223164841
2025-06-12 00:32:00,79.8
2025-06-12 04:40:00,27.1
2025-06-12 17:06:00,69.3
2025-06-12 07:49:00,50.18838223164841
2025-06-12 20:54:00,65.1
2025-06-12 13:27:00,91.8
2025-06-12 20:46:00,85.8
2025-06-12 20:44:00,50.18838223164841
2025-06-12 20:02:00,6.4
2025-06-12 16:59:00,47.2
2025-06-12 05:41:00,76.4
2025-06-12 20:12:00,90.0
2025-06-12 17:04:00,75.8
2025-06-12 09:13:00,43.9
2025-06-12 16:06:00,73.6
2025-06-12 12:13:00,27.8
2025-06-12 13:47:00,27.1
2025-06-12 22:53:00,53.2
2025-06-12 10:56:00,28.1
2025-06-12 12:43:00,66.9
2025-06-12 21:08:00,78.0
2025-06-12 04:00:00,50.18838223164841
2025-06-12 16:07:00,50.18838223164841
2025-06-12 04:23:00,62.0
2025-06-12 15:59:00,54.8
2025-06-12 07:05:00,77.2
2025-06-12 07:05:00,92.2
2025-06-12 13:11:00,18.8
2025-06-12 03:13:00,41.8
2025-06-12 06:31:00,28.2
2025-06-12 14:21:00,92.3
2025-06-12 13:32:00,8.2
2025-06-12 21:23:00,88.0
2025-06-12 22:18:00,83.3
2025-06-12 08:43:00,50.18838223164841
2025-06-12 13:06:00,76.3
2025-06-12 08:26:00,50.18838223164841
2025-06-12 11:07:00,29.4
2025-06-12 23:06:00,85.4
2025-06-12 00:33:00,66.8
2025-06-12 07:02:00,50.18838223164841
2025-06-12 18:28:00,37.1
2025-06-12 00:40:00,8.7
2025-06-12 13:05:00,45.7
2025-06-12 08:17:00,97.0
2025-06-12 23:41:00,53.9
2025-06-12 03:45:00,65.9
2025-06-12 15:34:00,31.6
2025-06-12 10:39:00,79.6
2025-06-12 18:30:00,23.7
2025-06-12 12:45:00,99.2
2025-06-12 00:49:00,14.6
2025-06-12 01:26:00,63.5
2025-06-12 20:13:00,41.5
2025-06-12 08:32:00,91.5
2025-06-12 19:11:00,5.5
2025-06-12 23:13:00,99.8
2025-06-12 05:39:00,50.18838223164841
2025-06-12 11:04:00,22.6
2025-06-12 16:18:00,85.7
2025-06-12 12:31:00,19.7
2025-06-12 01:02:00,26.7
2025-06-12 04:12:00,89.7
2025-06-12 09:48:00,34.3
2025-06-12 15:41:00,63.0
2025-06-12 12:45:00,93.6
2025-06-12 09:24:00,34.2
2025-06-12 21:51:00,31.4
2025-06-12 06:36:00,19.9
2025-06-12 17:00:00,49.927249175694776
2025-06-12 19:05:00,92.3
2025-06-12 22:27:00,49.927249175694776
2025-06-12 18:35:00,13.2
2025-06-12 13:08:00,72.3
2025-06-12 20:29:00,96.4
2025-06-12 12:31:00,90.6
2025-06-12 11:09:00,93.6
2025-06-12 22:58:00,54.2
2025-06-12 12:23:00,51.4
2025-06-12 23:52:00,20.7
2025-06-12 11:04:00,68.2
2025-06-12 20:17:00,52.0
2025-06-12 09:04:00,55.3
2025-06-12 15:36:00,51.4
2025-06-12 06:58:00,89.1
2025-06-12 16:01:00,93.7
2025-06-12 16:19:00,23.9
2025-06-12 02:42:00,68.4
2025-06-12 18:30:00,76.9
2025-06-12 08:37:00,51.7
2025-06-12 21:54:00,80.3
2025-06-12 11:01:00,49.927249175694776
2025-06-12 06:06:00,96.8
2025-06-12 23:25:00,28.1
2025-06-12 18:09:00,93.3
2025-06-12 12:19:00,82.3
2025-06-12 02:51:00,8.0
2025-06-12 04:47:00,49.927249175694776
2025-06-12 06:50:00,54.3
2025-06-12 03:32:00,22.1
2025-06-12 07:46:00,23.0
2025-06-12 01:36:00,16.5
2025-06-12 15:53:00,26.7
2025-06-12 13:49:00,49.927249175694776
2025-06-12 23:43:00,35.6
2025-06-12 19:44:00,64.5
2025-06-12 23:33:00,86.5
2025-06-12 22:21:00,49.927249175694776
2025-06-12 02:09:00,49.927249175694776
2025-06-12 12:05:00,64.0
2025-06-12 18:49:00,99.8
2025-06-12 17:05:00,40.8
2025-06-12 18:16:00,95.4
2025-06-12 12:47:00,49.927249175694776
2025-06-12 16:47:00,49.4
2025-06-12 20:48:00,44.4
2025-06-12 20:21:00,13.7
2025-06-12 18:43:00,80.2
2025-06-12 19:27:00,78.7
2025-06-12 02:17:00,71.3
2025-06-12 14:29:00,8.3
2025-06-12 17:57:00,92.7
2025-06-12 03:15:00,7.8
2025-06-12 22:48:00,49.927249175694776
2025-06-12 19:51:00,8.2
2025-06-12 09:58:00,34.9
2025-06-12 01:18:00,44.5
2025-06-12 18:06:00,7.7
2025-06-12 14:35:00,49.927249175694776
2025-06-12 09:20:00,12.6
2025-06-12 06:07:00,92.0
2025-06-12 10:12:00,93.5
2025-06-12 23:03:00,81.9
2025-06-12 16:12:00,23.2
2025-06-12 00:14:00,90.9
2025-06-12 18:41:00,49.927249175694776
2025-06-12 03:04:00,79.6
2025-06-12 15:43:00,35.9
2025-06-12 06:09:00,22.7
2025-06-12 11:06:00,47.1
2025-06-12 00:04:00,31.7
2025-06-12 01:42:00,41.3
2025-06-12 20:06:00,39.7
2025-06-12 04:12:00,49.927249175694776
2025-06-12 04:21:00,94.6
2025-06-12 15:32:00,6.7
2025-06-12 05:58:00,40.1
2025-06-12 16:16:00,20.6
2025-06-12 15:40:00,94.0
2025-06-12 04:18:00,41.2
2025-06-12 07:06:00,90.3
2025-06-12 17:37:00,77.5
2025-06-12 01:49:00,66.5
2025-06-12 12:11:00,59.4
2025-06-12 21:17:00,50.4
2025-06-12 11:53:00,66.4
2025-06-12 02:38:00,81.7
2025-06-12 00:26:00,80.8
2025-06-12 02:30:00,49.927249175694776
2025-06-12 03:08:00,49.927249175694776
2025-06-12 07:47:00,43.2
2025-06-12 22:16:00,18.9
2025-06-12 15:27:00,48.8
2025-06-12 07:20:00,97.3
2025-06-12 01:03:00,2.7
2025-06-12 03:17:00,98.5
2025-06-12 21:09:00,27.2
2025-06-12 18:30:00,60.5
2025-06-12 16:06:00,3.6
2025-06-12 07:08:00,35.0
2025-06-12 08:38:00,67.4
2025-06-12 07:12:00,82.1
2025-06-12 17:42:00,41.9
2025-06-12 14:06:00,49.927249175694776
2025-06-12 03:54:00,34.6
2025-06-12 07:06:00,69.3
2025-06-12 16:17:00,82.4
2025-06-12 04:29:00,47.6
2025-06-12 07:47:00,20.2
2025-06-12 17:51:00,0.3
2025-06-12 16:07:00,49.927249175694776
2025-06-12 17:19:00,72.2
2025-06-12 17:00:00,31.7
2025-06-12 06:26:00,40.7
2025-06-12 20:33:00,8.0
2025-06-12 17:19:00,4.9
2025-06-12 03:47:00,32.7
2025-06-12 16:47:00,4.5
2025-06-12 14:54:00,61.0
2025-06-12 16:40:00,49.927249175694776
2025-06-12 11:07:00,78.5
2025-06-12 23:40:00,29.0
2025-06-12 21:49:00,77.5
2025-06-12 01:44:00,38.6
2025-06-12 11:00:00,95.5
2025-06-12 16:02:00,11.0
2025-06-12 09:48:00,49.927249175694776
2025-06-12 13:55:00,43.6
2025-06-12 11:55:00,89.7
2025-06-12 12:52:00,49.927249175694776
2025-06-12 14:06:00,76.2
2025-06-12 22:41:00,93.3
2025-06-12 10:10:00,46.0
2025-06-12 08:25:00,49.927249175694776
2025-06-12 22:35:00,45.0
2025-06-12 10:34:00,85.7
2025-06-12 02:41:00,78.4
2025-06-12 02:57:00,92.0
2025-06-12 13:08:00,49.927249175694776
2025-06-12 20:04:00,82.7
2025-06-12 11:45:00,55.9
2025-06-12 06:02:00,61.5
2025-06-12 22:01:00,49.927249175694776
2025-06-12 23:40:00,41.0
2025-06-12 20:13:00,60.0
2025-06-12 22:15:00,64.6
2025-06-12 00:09:00,17.6
2025-06-12 16:19:00,7.3
2025-06-12 01:42:00,67.6
2025-06-12 20:39:00,39.5
2025-06-12 02:29:00,53.6
2025-06-12 00:01:00,49.927249175694776
2025-06-12 15:14:00,88.0
2025-06-12 15:00:00,36.2
2025-06-12 20:11:00,98.3
2025-06-12 08:14:00,9.6
2025-06-12 08:20:00,54.6
2025-06-12 12:19:00,49.927249175694776
2025-06-12 18:47:00,37.4
2025-06-12 09:03:00,96.0
2025-06-12 02:13:00,49.927249175694776
2025-06-12 03:29:00,8.0
2025-06-12 07:31:00,36.3
2025-06-12 02:33:00,49.927249175694776
2025-06-12 07:14:00,33.9
2025-06-12 02:24:00,73.2
2025-06-12 10:08:00,62.7
2025-06-12 15:02:00,97.6
2025-06-12 13:58:00,74.0
2025-06-12 16:27:00,73.7
2025-06-12 03:02:00,1.5
2025-06-12 10:21:00,25.4
2025-06-12 22:44:00,43.5
2025-06-12 22:38:00,25.3
2025-06-12 00:37:00,78.4
2025-06-12 17:23:00,45.6
2025-06-12 13:45:00,2.2
2025-06-12 07:32:00,58.0
2025-06-12 03:15:00,0.7
2025-06-12 20:07:00,28.2
2025-06-12 01:13:00,16.8
2025-06-12 11:45:00,49.927249175694776
2025-06-12 12:34:00,89.3
2025-06-12 03:45:00,49.927249175694776
2025-06-12 15:13:00,49.927249175694776
2025-06-12 20:40:00,6.4
2025-06-12 02:50:00,32.2
2025-06-12 04:55:00,53.9
2025-06-12 06:44:00,16.9
2025-06-12 14:53:00,58.3
2025-06-12 15:44:00,49.927249175694776
2025-06-12 10:12:00,38.3
2025-06-12 06:15:00,6.6
2025-06-12 01:34:00,40.8
2025-06-12 23:22:00,49.927249175694776
2025-06-12 18:30:00,49.927249175694776
2025-06-12 07:12:00,70.3
2025-06-12 17:10:00,25.7
2025-06-12 00:37:00,10.0
2025-06-12 12:42:00,75.8
2025-06-12 11:34:00,97.0
2025-06-12 06:22:00,46.5
2025-06-12 09:33:00,45.9
2025-06-12 09:34:00,48.5
2025-06-12 08:30:00,44.2
2025-06-12 09:30:00,10.0
2025-06-12 05:48:00,37.4
2025-06-12 00:09:00,9.2
2025-06-12 14:47:00,42.6
2025-06-12 22:10:00,19.7
2025-06-12 17:18:00,84.9
2025-06-12 09:40:00,23.8
2025-06-12 00:32:00,15.1
2025-06-12 23:20:00,66.3
2025-06-12 12:43:00,11.8
2025-06-12 17:19:00,30.0
2025-06-12 11:47:00,33.1
2025-06-12 19:34:00,22.4
2025-06-12 02:17:00,72.3
2025-06-12 21:52:00,49.927249175694776
2025-06-12 10:33:00,18.7
2025-06-12 15:32:00,22.6
2025-06-12 05:34:00,25.6
2025-06-12 11:59:00,3.0
2025-06-12 15:24:00,88.3
2025-06-12 10:07:00,49.8
2025-06-12 06:43:00,12.1
2025-06-12 00:49:00,19.2
2025-06-12 02:00:00,37.0
2025-06-12 09:55:00,20.8
2025-06-12 20:47:00,67.1
2025-06-12 02:55:00,98.5
2025-06-12 10:01:00,73.5
2025-06-12 03:23:00,8.3
2025-06-12 20:13:00,33.6
2025-06-12 01:54:00,60.7
2025-06-12 17:40:00,32.9
2025-06-12 20:26:00,4.7
2025-06-12 05:17:00,24.6
2025-06-12 06:53:00,94.8
2025-06-12 11:57:00,94.8
2025-06-12 15:38:00,7.9
2025-06-12 08:52:00,81.7
2025-06-12 06:55:00,49.927249175694776
2025-06-12 16:59:00,41.1
2025-06-12 16:44:00,17.9
2025-06-12 00:00:00,0.1
2025-06-12 06:41:00,86.0
2025-06-12 02:26:00,66.2
2025-06-12 09:40:00,49.927249175694776
2025-06-12 00:01:00,87.7
2025-06-12 05:33:00,73.1
2025-06-12 10:04:00,33.6
2025-06-12 02:29:00,47.4
2025-06-12 23:19:00,47.0
2025-06-12 08:18:00,52.3
2025-06-12 11:35:00,97.1
2025-06-12 22:50:00,4.0
2025-06-12 14:24:00,2.7
2025-06-12 13:40:00,70.5
2025-06-12 23:11:00,31.8
2025-06-12 07:47:00,91.0
2025-06-12 05:57:00,63.6
2025-06-12 15:48:00,26.5
2025-06-12 10:59:00,60.3
2025-06-12 00:33:00,55.8
2025-06-12 16:37:00,32.7
2025-06-12 20:50:00,65.0
2025-06-12 22:15:00,89.2
2025-06-12 15:18:00,49.7
2025-06-12 14:20:00,6.7
2025-06-12 05:18:00,69.0
2025-06-12 17:04:00,19.7
2025-06-12 02:42:00,49.927249175694776
2025-06-12 09:48:00,41.5
2025-06-12 16:40:00,4.2
2025-06-12 04:38:00,44.8
2025-06-12 19:55:00,87.6
2025-06-12 03:46:00,30.0
2025-06-12 13:52:00,94.0
2025-06-12 04:30:00,55.3
2025-06-12 00:18:00,73.1
2025-06-12 05:37:00,31.4
2025-06-12 10:44:00,1.3
2025-06-12 09:53:00,49.927249175694776
2025-06-12 03:48:00,49.927249175694776
2025-06-12 04:04:00,15.4
2025-06-12 12:48:00,3.1
2025-06-12 10:15:00,65.7
2025-06-12 16:11:00,16.3
2025-06-12 13:58:00,2.5
2025-06-12 03:36:00,49.927249175694776
2025-06-12 12:01:00,20.7
2025-06-12 15:50:00,5.7
2025-06-12 17:03:00,22.8
2025-06-12 08:15:00,93.3
2025-06-12 20:23:00,17.2
2025-06-12 19:34:00,40.9
2025-06-12 04:29:00,70.3
2025-06-12 07:51:00,2.8
2025-06-12 22:24:00,12.8
2025-06-12 12:45:00,24.0
2025-06-12 20:23:00,19.7
2025-06-12 18:21:00,9.0
2025-06-12 01:50:00,33.6
2025-06-12 21:10:00,39.9
2025-06-12 17:23:00,77.1
2025-06-12 22:22:00,49.927249175694776
2025-06-12 08:32:00,54.9
2025-06-12 17:12:00,87.3
2025-06-12 14:14:00,30.9
2025-06-12 09:14:00,33.8
2025-06-12 21:45:00,14.8
2025-06-12 08:18:00,52.5
2025-06-12 10:53:00,64.4
2025-06-12 12:01:00,49.72265128325876
2025-06-12 21:06:00,49.72265128325876
2025-06-12 22:32:00,84.0
2025-06-12 15:10:00,0.3
2025-06-12 14:41:00,63.2
2025-06-12 20:34:00,94.3
2025-06-12 10:18:00,62.4
2025-06-12 14:27:00,87.7
2025-06-12 10:52:00,25.6
2025-06-12 20:47:00,9.9
2025-06-12 19:24:00,71.4
2025-06-12 17:37:00,39.5
2025-06-12 17:32:00,49.72265128325876
2025-06-12 17:33:00,98.7
2025-06-12 07:47:00,60.3
2025-06-12 01:32:00,6.8
2025-06-12 18:21:00,2.3
2025-06-12 09:39:00,46.7
2025-06-12 05:06:00,80.3
2025-06-12 12:32:00,49.72265128325876
2025-06-12 09:52:00,13.7
2025-06-12 02:44:00,84.1
2025-06-12 00:21:00,64.1
2025-06-12 00:16:00,49.72265128325876
2025-06-12 06:28:00,49.2
2025-06-12 18:17:00,67.6
2025-06-12 08:16:00,38.4
2025-06-12 00:28:00,57.5
2025-06-12 16:49:00,44.6
2025-06-12 18:46:00,94.2
2025-06-12 22:36:00,49.72265128325876
2025-06-12 12:33:00,76.4
2025-06-12 20:55:00,51.6
2025-06-12 23:18:00,90.6
2025-06-12 15:23:00,74.5
2025-06-12 06:41:00,3.5
2025-06-12 18:39:00,72.3
2025-06-12 22:33:00,49.72265128325876
2025-06-12 14:13:00,0.1
2025-06-12 15:37:00,49.72265128325876
2025-06-12 06:05:00,89.5
2025-06-12 01:22:00,58.7
2025-06-12 02:09:00,85.1
2025-06-12 07:55:00,74.8
2025-06-12 07:45:00,92.4
2025-06-12 03:06:00,0.9
2025-06-12 16:31:00,97.3
2025-06-12 13:08:00,86.3
2025-06-12 10:48:00,80.7
2025-06-12 18:38:00,13.3
2025-06-12 00:27:00,49.72265128325876
2025-06-12 20:36:00,39.7
2025-06-12 17:02:00,45.6
2025-06-12 15:47:00,21.4
2025-06-12 23:50:00,69.5
2025-06-12 11:51:00,6.0
2025-06-12 11:04:00,30.0
2025-06-12 02:13:00,69.0
2025-06-12 05:14:00,40.2
2025-06-12 09:39:00,88.0
2025-06-12 05:04:00,73.6
2025-06-12 17:32:00,8.2
2025-06-12 10:34:00,90.8
2025-06-12 22:12:00,39.9
2025-06-12 15:57:00,49.72265128325876
2025-06-12 14:55:00,82.5
2025-06-12 16:22:00,20.7
2025-06-12 22:48:00,29.8
2025-06-12 05:04:00,79.0
2025-06-12 21:31:00,49.72265128325876
2025-06-12 04:04:00,31.6
2025-06-12 01:44:00,0.6
2025-06-12 09:19:00,10.0
2025-06-12 07:53:00,0.3
2025-06-12 09:02:00,62.5
2025-06-12 22:52:00,17.0
2025-06-12 05:34:00,50.2
2025-06-12 03:23:00,4.7
2025-06-12 11:02:00,77.3
2025-06-12 20:56:00,49.72265128325876
2025-06-12 04:23:00,49.72265128325876
2025-06-12 18:39:00,26.0
2025-06-12 04:10:00,11.4
2025-06-12 04:11:00,85.6
2025-06-12 09:43:00,62.8
2025-06-12 08:44:00,49.72265128325876
2025-06-12 01:51:00,49.72265128325876
2025-06-12 00:45:00,16.7
2025-06-12 01:35:00,15.7
2025-06-12 03:37:00,90.7
2025-06-12 18:58:00,30.7
2025-06-12 11:55:00,28.9
2025-06-12 02:04:00,49.72265128325876
2025-06-12 07:47:00,80.4
2025-06-12 12:17:00,79.1
2025-06-12 20:16:00,14.7
2025-06-12 10:38:00,45.4
2025-06-12 00:10:00,70.7
2025-06-12 14:49:00,86.5
2025-06-12 05:19:00,65.9
2025-06-12 17:00:00,49.0
2025-06-12 19:09:00,71.0
2025-06-12 15:57:00,49.72265128325876
2025-06-12 13:39:00,62.8
2025-06-12 22:05:00,31.7
2025-06-12 17:30:00,49.72265128325876
2025-06-12 02:22:00,74.5
2025-06-12 01:05:00,85.1
2025-06-12 05:14:00,49.72265128325876
2025-06-12 15:03:00,73.8
2025-06-12 12:58:00,49.72265128325876
2025-06-12 21:02:00,60.0
2025-06-12 07:53:00,49.72265128325876
2025-06-12 14:25:00,0.6
2025-06-12 13:00:00,63.3
2025-06-12 17:17:00,67.9
2025-06-12 01:03:00,42.4
2025-06-12 04:13:00,49.72265128325876
2025-06-12 21:32:00,50.0
2025-06-12 00:27:00,99.8
2025-06-12 06:24:00,43.0
2025-06-12 08:53:00,27.5
2025-06-12 10:33:00,52.5
2025-06-12 12:38:00,35.2
2025-06-12 02:51:00,22.7
2025-06-12 03:31:00,62.7
2025-06-12 17:58:00,46.9
2025-06-12 15:59:00,29.5
2025-06-12 09:15:00,94.6
2025-06-12 06:31:00,76.3
2025-06-12 11:29:00,71.5
2025-06-12 20:25:00,49.72265128325876
2025-06-12 19:49:00,1.6
2025-06-12 00:06:00,0.1
2025-06-12 15:19:00,93.4
2025-06-12 18:10:00,30.9
2025-06-12 14:42:00,57.1
2025-06-12 17:52:00,69.7
2025-06-12 11:43:00,37.1
2025-06-12 13:40:00,16.8
2025-06-12 08:57:00,49.72265128325876
2025-06-12 19:38:00,32.1
2025-06-12 21:43:00,41.3
2025-06-12 13:31:00,53.3
2025-06-12 05:16:00,68.1
2025-06-12 00:30:00,59.7
2025-06-12 03:18:00,48.2
2025-06-12 13:09:00,76.6
2025-06-12 11:14:00,71.6
2025-06-12 05:15:00,0.9
2025-06-12 23:57:00,38.8
2025-06-12 09:25:00,24.0
2025-06-12 03:08:00,36.6
2025-06-12 00:23:00,63.1
2025-06-12 19:53:00,81.2
2025-06-12 04:02:00,76.3
2025-06-12 17:52:00,4.6
2025-06-12 02:31:00,47.1
2025-06-12 06:04:00,73.2
2025-06-12 00:27:00,75.7
2025-06-12 00:38:00,95.4
2025-06-12 10:59:00,85.7
2025-06-12 10:22:00,77.9
2025-06-12 00:55:00,62.9
2025-06-12 12:17:00,7.9
2025-06-12 06:51:00,99.3
2025-06-12 14:05:00,39.0
2025-06-12 23:20:00,0.7
2025-06-12 05:36:00,5.1
2025-06-12 02:30:00,12.9
2025-06-12 02:13:00,67.1
2025-06-12 21:53:00,12.1
2025-06-12 23:27:00,85.1
2025-06-12 08:49:00,30.8
2025-06-12 09:41:00,99.5
2025-06-12 16:04:00,22.0
2025-06-12 14:52:00,14.3
2025-06-12 11:18:00,49.1
2025-06-12 05:00:00,61.8
2025-06-12 05:52:00,92.3
2025-06-12 05:44:00,84.6
2025-06-12 10:19:00,89.1
2025-06-12 10:56:00,1.1
2025-06-12 03:11:00,58.6
2025-06-12 01:54:00,48.0
2025-06-12 13:09:00,46.6
2025-06-12 13:52:00,73.4
2025-06-12 20:03:00,1.1
2025-06-12 16:16:00,49.72265128325876
2025-06-12 10:43:00,10.2
2025-06-12 11:00:00,60.9
2025-06-12 17:33:00,46.3
2025-06-12 00:32:00,95.9
2025-06-12 14:51:00,56.6
2025-06-12 19:15:00,62.4
2025-06-12 22:11:00,8.1
2025-06-12 17:43:00,66.4
2025-06-12 20:43:00,0.8
2025-06-12 05:27:00,37.1
2025-06-12 18:36:00,25.3
2025-06-12 04:32:00,0.4
2025-06-12 19:06:00,70.5
2025-06-12 17:10:00,43.3
2025-06-12 14:02:00,54.1
2025-06-12 20:14:00,77.0
2025-06-12 13:39:00,29.3
2025-06-12 11:16:00,49.72265128325876
2025-06-12 13:08:00,44.1
2025-06-12 15:12:00,47.8
2025-06-12 11:27:00,34.8
2025-06-12 01:41:00,47.7
2025-06-12 23:12:00,20.6
2025-06-12 13:10:00,30.3
2025-06-12 15:40:00,13.2
2025-06-12 13:53:00,85.2
2025-06-12 13:25:00,49.72265128325876
2025-06-12 22:57:00,90.3
2025-06-12 19:35:00,18.7
2025-06-12 01:44:00,83.7
2025-06-12 01:38:00,25.8
2025-06-12 04:20:00,88.0
2025-06-12 13:53:00,99.5
2025-06-12 03:30:00,69.6
2025-06-12 06:45:00,61.6
2025-06-12 13:59:00,89.2
2025-06-12 05:50:00,16.9
2025-06-12 08:17:00,27.6
2025-06-12 20:47:00,36.1
2025-06-12 11:51:00,87.5
2025-06-12 12:30:00,58.0
2025-06-12 12:07:00,6.3
2025-06-12 17:24:00,49.72265128325876
2025-06-12 22:12:00,59.9
2025-06-12 23:57:00,9.2
2025-06-12 08:13:00,49.72265128325876
2025-06-12 18:31:00,27.7
2025-06-12 12:08:00,36.6
2025-06-12 07:05:00,65.3
2025-06-12 16:32:00,68.8
2025-06-12 06:18:00,91.0
2025-06-12 12:27:00,62.4
2025-06-12 00:18:00,63.2
2025-06-12 22:18:00,32.1
2025-06-12 19:35:00,80.3
2025-06-12 20:24:00,66.4
2025-06-12 17:55:00,83.1
2025-06-12 19:00:00,3.2
2025-06-12 21:13:00,89.2
2025-06-12 01:04:00,31.6
2025-06-12 05:22:00,21.0
2025-06-12 10:33:00,56.8
2025-06-12 06:46:00,53.8
2025-06-12 19:11:00,72.3
2025-06-12 12:26:00,9.5
2025-06-12 04:19:00,96.7
2025-06-12 20:06:00,63.0
2025-06-12 06:40:00,49.72265128325876
2025-06-12 05:00:00,70.3
2025-06-12 04:56:00,33.7
2025-06-12 20:50:00,58.0
2025-06-12 16:07:00,15.0
2025-06-12 23:55:00,56.0
2025-06-12 02:43:00,50.9
2025-06-12 12:10:00,49.72265128325876
2025-06-12 21:29:00,25.4
2025-06-12 23:10:00,14.5
2025-06-12 12:04:00,81.0
2025-06-12 10:07:00,25.5
2025-06-12 08:26:00,49.72265128325876
2025-06-12 19:26:00,67.1
2025-06-12 18:35:00,49.72265128325876
2025-06-12 07:32:00,48.5
2025-06-12 18:34:00,10.3
2025-06-12 23:48:00,49.72265128325876
2025-06-12 07:19:00,90.4
2025-06-12 09:03:00,70.9
2025-06-12 23:28:00,95.4
2025-06-12 15:47:00,76.7
2025-06-12 05:02:00,2.2
2025-06-12 00:34:00,7.5
2025-06-12 23:29:00,57.7
2025-06-12 19:42:00,50.6
2025-06-12 12:38:00,67.0
2025-06-12 08:51:00,53.1
2025-06-12 12:39:00,10.3
2025-06-12 03:45:00,65.6
2025-06-12 00:45:00,30.3
2025-06-12 01:23:00,72.5
2025-06-12 04:42:00,47.1
2025-06-12 00:42:00,51.3
2025-06-12 09:17:00,4.3
2025-06-12 16:18:00,49.72265128325876
2025-06-12 05:34:00,98.9
2025-06-12 11:21:00,49.72265128325876
2025-06-12 03:57:00,96.7
2025-06-12 09:06:00,76.9
2025-06-12 18:50:00,91.9
2025-06-12 01:55:00,80.5
2025-06-12 03:06:00,84.1
2025-06-12 19:14:00,68.6
2025-06-12 11:25:00,49.2
2025-06-12 03:53:00,24.5
2025-06-12 03:52:00,49.72265128325876
2025-06-12 20:55:00,4.4
2025-06-12 09:42:00,88.3
2025-06-12 14:25:00,49.72265128325876
2025-06-12 10:45:00,38.0
2025-06-12 13:00:00,61.1
2025-06-12 06:50:00,37.9
2025-06-12 10:09:00,78.8
2025-06-12 20:50:00,67.0
2025-06-12 16:29:00,47.8
2025-06-12 23:00:00,49.72265128325876
2025-06-12 15:25:00,49.72265128325876
2025-06-12 09:26:00,96.2
2025-06-12 22:30:00,65.7
2025-06-12 03:26:00,49.72265128325876
2025-06-12 06:46:00,70.2
2025-06-12 03:09:00,14.4
2025-06-12 19:00:00,85.6
2025-06-12 12:18:00,49.72265128325876
2025-06-12 16:16:00,7.4
2025-06-12 00:02:00,70.8
2025-06-12 09:49:00,51.3
2025-06-12 13:54:00,90.7
2025-06-12 18:40:00,26.7
2025-06-12 14:25:00,61.4
2025-06-12 02:37:00,7.5
2025-06-12 07:12:00,75.3
2025-06-12 16:08:00,21.6
2025-06-12 20:02:00,49.72265128325876
2025-06-12 23:02:00,33.2
2025-06-12 00:42:00,83.2
2025-06-12 16:58:00,62.0
2025-06-12 20:09:00,98.8
2025-06-12 15:30:00,27.2
2025-06-12 06:09:00,49.72265128325876
2025-06-12 09:20:00,59.0
2025-06-12 18:13:00,17.8
2025-06-12 18:22:00,22.6
2025-06-12 03:43:00,55.5
2025-06-12 03:23:00,96.3
2025-06-12 01:02:00,37.1
2025-06-12 15:05:00,50.25777465777466
2025-06-12 04:40:00,50.25777465777466
2025-06-12 08:07:00,39.7
2025-06-12 00:40:00,4.0
2025-06-12 23:17:00,57.3
2025-06-12 04:07:00,67.2
2025-06-12 12:47:00,80.5
2025-06-12 04:46:00,50.25777465777466
2025-06-12 14:12:00,50.25777465777466
2025-06-12 08:31:00,58.6
2025-06-12 04:12:00,27.8
2025-06-12 05:03:00,10.4
2025-06-12 10:39:00,33.6
2025-06-12 18:13:00,50.25777465777466
2025-06-12 03:13:00,83.6
2025-06-12 19:45:00,45.3
2025-06-12 20:07:00,97.1
2025-06-12 17:42:00,97.8
2025-06-12 17:35:00,77.1
2025-06-12 10:56:00,40.4
2025-06-12 05:37:00,16.5
2025-06-12 14:06:00,3.4
2025-06-12 10:17:00,44.9
2025-06-12 15:04:00,89.3
2025-06-12 23:26:00,51.5
2025-06-12 13:35:00,45.6
2025-06-12 18:51:00,10.3
2025-06-12 19:33:00,53.7
2025-06-12 17:41:00,64.0
2025-06-12 06:35:00,50.25777465777466
2025-06-12 09:38:00,77.3
2025-06-12 13:05:00,37.4
2025-06-12 05:42:00,75.7
2025-06-12 06:09:00,56.1
2025-06-12 14:52:00,90.3
2025-06-12 18:57:00,48.4
2025-06-12 13:21:00,82.8
2025-06-12 23:54:00,73.0
2025-06-12 22:31:00,92.9
2025-06-12 12:44:00,50.25777465777466
2025-06-12 12:33:00,44.8
2025-06-12 20:11:00,13.9
2025-06-12 17:09:00,36.6
2025-06-12 06:12:00,33.9
2025-06-12 08:42:00,50.25777465777466
2025-06-12 05:50:00,64.3
2025-06-12 08:01:00,93.1
2025-06-12 22:26:00,46.7
2025-06-12 02:37:00,54.9
2025-06-12 01:24:00,10.4
2025-06-12 08:15:00,41.6
2025-06-12 18:32:00,50.25777465777466
2025-06-12 17:30:00,29.7
2025-06-12 00:48:00,98.9
2025-06-12 14:40:00,60.6
2025-06-12 07:19:00,66.5
2025-06-12 21:39:00,89.4
2025-06-12 21:20:00,20.4
2025-06-12 09:15:00,50.25777465777466
2025-06-12 08:10:00,50.25777465777466
2025-06-12 22:04:00,18.7
2025-06-12 20:43:00,50.25777465777466
2025-06-12 12:03:00,16.9
2025-06-12 02:37:00,79.0
2025-06-12 23:03:00,50.25777465777466
2025-06-12 01:31:00,0.7
2025-06-12 15:01:00,30.3
2025-06-12 16:36:00,38.3
2025-06-12 11:14:00,39.7
2025-06-12 13:01:00,44.7
2025-06-12 08:33:00,35.6
2025-06-12 05:52:00,38.0
2025-06-12 00:19:00,50.25777465777466
2025-06-12 02:47:00,77.2
2025-06-12 18:43:00,39.1
2025-06-12 23:48:00,9.1
2025-06-12 12:52:00,44.3
2025-06-12 11:01:00,39.6
2025-06-12 07:11:00,80.6
2025-06-12 18:16:00,50.25777465777466
2025-06-12 18:52:00,50.25777465777466
2025-06-12 01:18:00,9.6
2025-06-12 10:55:00,31.2
2025-06-12 04:04:00,9.8
2025-06-12 13:18:00,50.25777465777466
2025-06-12 06:36:00,15.6
2025-06-12 15:52:00,3.4
2025-06-12 21:19:00,11.5
2025-06-12 20:48:00,45.1
2025-06-12 12:41:00,71.9
2025-06-12 21:42:00,49.3
2025-06-12 05:37:00,71.2
2025-06-12 15:26:00,93.1
2025-06-12 07:45:00,18.5
2025-06-12 15:09:00,19.9
2025-06-12 18:44:00,19.8
2025-06-12 12:21:00,1.4
2025-06-12 00:15:00,89.0
2025-06-12 12:52:00,81.3
2025-06-12 12:56:00,50.7
2025-06-12 22:48:00,68.6
2025-06-12 06:50:00,12.2
2025-06-12 11:45:00,51.8
2025-06-12 12:14:00,44.5
2025-06-12 22:32:00,38.5
2025-06-12 15:35:00,29.5
2025-06-12 08:40:00,1.8
2025-06-12 18:17:00,50.25777465777466
2025-06-12 10:39:00,88.3
2025-06-12 02:31:00,2.1
2025-06-12 18:49:00,19.3
2025-06-12 08:08:00,73.5
2025-06-12 16:39:00,79.3
2025-06-12 09:27:00,62.0
2025-06-12 19:56:00,17.3
2025-06-12 08:13:00,50.25777465777466
2025-06-12 10:33:00,41.8
2025-06-12 17:26:00,23.6
2025-06-12 08:37:00,37.4
2025-06-12 06:21:00,79.6
2025-06-12 09:47:00,97.3
2025-06-12 19:57:00,50.25777465777466
2025-06-12 01:11:00,26.2
2025-06-12 07:45:00,20.6
2025-06-12 22:03:00,95.1
2025-06-12 04:16:00,98.6
2025-06-12 06:25:00,3.4
2025-06-12 18:53:00,91.1
2025-06-12 21:35:00,28.3
2025-06-12 04:10:00,15.3
2025-06-12 21:53:00,75.7
2025-06-12 15:15:00,1.1
2025-06-12 11:13:00,59.5
2025-06-12 04:14:00,3.2
2025-06-12 10:56:00,50.25777465777466
2025-06-12 06:06:00,3.5
2025-06-12 11:06:00,52.8
2025-06-12 06:41:00,69.2
2025-06-12 21:10:00,58.3
2025-06-12 03:24:00,70.7
2025-06-12 16:41:00,0.7
2025-06-12 18:37:00,4.4
2025-06-12 07:24:00,20.1
2025-06-12 18:36:00,29.0
2025-06-12 17:37:00,0.1
2025-06-12 15:14:00,86.8
2025-06-12 12:19:00,10.8
2025-06-12 18:15:00,50.25777465777466
2025-06-12 04:20:00,97.2
2025-06-12 01:47:00,14.8
2025-06-12 15:37:00,84.5
2025-06-12 12:30:00,44.4
2025-06-12 06:37:00,37.2
2025-06-12 17:11:00,29.5
2025-06-12 02:50:00,48.1
2025-06-12 07:14:00,60.7
2025-06-12 16:58:00,50.25777465777466
2025-06-12 11:17:00,53.2
2025-06-12 03:37:00,50.25777465777466
2025-06-12 23:08:00,35.9
2025-06-12 04:48:00,41.5
2025-06-12 09:37:00,72.4
2025-06-12 10:42:00,15.3
2025-06-12 15:13:00,60.7
2025-06-12 06:42:00,28.5
2025-06-12 02:48:00,74.3
2025-06-12 04:27:00,18.1
2025-06-12 06:57:00,41.4
2025-06-12 04:28:00,9.2
2025-06-12 10:52:00,42.7
2025-06-12 01:17:00,47.5
2025-06-12 07:02:00,23.4
2025-06-12 22:53:00,16.3
2025-06-12 06:02:00,42.3
2025-06-12 18:09:00,46.7
2025-06-12 21:00:00,92.8
2025-06-12 08:44:00,74.0
2025-06-12 09:27:00,50.25777465777466
2025-06-12 16:53:00,86.7
2025-06-12 19:44:00,68.5
2025-06-12 05:24:00,86.2
2025-06-12 04:33:00,73.5
2025-06-12 19:48:00,50.3
2025-06-12 16:48:00,82.1
2025-06-12 16:23:00,30.2
2025-06-12 00:56:00,50.25777465777466
2025-06-12 06:18:00,38.4
2025-06-12 07:04:00,43.5
2025-06-12 22:31:00,62.8
2025-06-12 08:14:00,1.0
2025-06-12 01:28:00,77.8
2025-06-12 14:00:00,82.4
2025-06-12 02:08:00,80.3
2025-06-12 08:36:00,25.6
2025-06-12 01:20:00,0.5
2025-06-12 06:55:00,51.4
2025-06-12 12:35:00,27.6
2025-06-12 10:56:00,50.25777465777466
2025-06-12 05:23:00,48.5
2025-06-12 23:17:00,51.1
2025-06-12 12:48:00,66.1
2025-06-12 04:40:00,46.2
2025-06-12 01:09:00,50.25777465777466
2025-06-12 09:06:00,84.7
2025-06-12 17:44:00,50.25777465777466
2025-06-12 14:16:00,73.6
2025-06-12 08:47:00,48.4
2025-06-12 00:29:00,52.4
2025-06-12 20:36:00,10.8
2025-06-12 06:00:00,43.8
2025-06-12 06:40:00,50.25777465777466
2025-06-12 15:00:00,29.7
2025-06-12 18:54:00,10.9
2025-06-12 04:44:00,33.7
2025-06-12 05:04:00,99.0
2025-06-12 07:24:00,31.9
2025-06-12 08:32:00,33.0
2025-06-12 06:32:00,50.25777465777466
2025-06-12 19:02:00,50.25777465777466
2025-06-12 20:25:00,35.8
2025-06-12 15:08:00,24.1
2025-06-12 11:34:00,50.25777465777466
2025-06-12 04:11:00,50.25777465777466
2025-06-12 02:03:00,27.6
2025-06-12 14:49:00,23.5
2025-06-12 19:31:00,35.1
2025-06-12 20:40:00,4.8
2025-06-12 09:21:00,71.0
2025-06-12 20:16:00,99.2
2025-06-12 19:27:00,50.25777465777466
2025-06-12 00:35:00,83.0
2025-06-12 05:30:00,58.7
2025-06-12 19:56:00,6.6
2025-06-12 21:07:00,50.25777465777466
2025-06-12 10:30:00,62.5
2025-06-12 15:55:00,58.4
2025-06-12 23:19:00,53.1
2025-06-12 17:31:00,50.25777465777466
2025-06-12 19:28:00,2.8
2025-06-12 10:40:00,21.1
2025-06-12 20:09:00,50.25777465777466
2025-06-12 02:59:00,45.8
2025-06-12 19:36:00,72.1
2025-06-12 16:02:00,50.25777465777466
2025-06-12 09:28:00,34.9
2025-06-12 19:06:00,72.4
2025-06-12 23:05:00,39.3
2025-06-12 13:40:00,3.2
2025-06-12 18:50:00,75.6
2025-06-12 21:52:00,77.7
2025-06-12 07:11:00,35.9
2025-06-12 12:25:00,50.25777465777466
2025-06-12 00:48:00,33.4
2025-06-12 23:00:00,6.6
2025-06-12 06:33:00,83.7
2025-06-12 05:56:00,21.0
2025-06-12 18:11:00,43.3
2025-06-12 06:38:00,50.25777465777466
2025-06-12 15:46:00,11.3
2025-06-12 22:22:00,50.25777465777466
2025-06-12 09:45:00,6.2
2025-06-12 13:32:00,32.0
2025-06-12 04:36:00,62.2
2025-06-12 23:16:00,70.4
2025-06-12 06:08:00,50.25777465777466
2025-06-12 06:29:00,81.7
2025-06-12 17:57:00,93.1
2025-06-12 05:17:00,34.6
2025-06-12 22:19:00,50.25777465777466
2025-06-12 08:20:00,50.25777465777466
2025-06-12 19:32:00,62.3
2025-06-12 09:29:00,49.7
2025-06-12 23:23:00,2.1
2025-06-12 14:08:00,22.7
2025-06-12 11:42:00,92.9
2025-06-12 23:01:00,24.6
2025-06-12 00:43:00,49.4
2025-06-12 01:56:00,79.8
2025-06-12 00:19:00,74.8
2025-06-12 04:11:00,99.4
2025-06-12 09:07:00,98.0
2025-06-12 09:11:00,62.2
2025-06-12 18:03:00,16.1
2025-06-12 21:26:00,70.2
2025-06-12 19:32:00,70.4
2025-06-12 20:46:00,28.3
2025-06-12 02:25:00,69.8
2025-06-12 07:54:00,25.3
2025-06-12 19:13:00,34.8
2025-06-12 02:27:00,2.3
2025-06-12 01:18:00,44.5
2025-06-12 07:59:00,96.2
2025-06-12 03:41:00,72.6
2025-06-12 17:36:00,74.5
2025-06-12 04:35:00,23.9
2025-06-12 14:46:00,40.9
2025-06-12 10:56:00,80.6
2025-06-12 08:11:00,28.2
2025-06-12 15:06:00,69.4
2025-06-12 05:25:00,50.25777465777466
2025-06-12 21:05:00,29.3
2025-06-12 17:22:00,50.25777465777466
2025-06-12 05:55:00,67.4
2025-06-12 05:25:00,50.25777465777466
2025-06-12 12:08:00,71.9
2025-06-12 20:19:00,15.0
2025-06-12 23:28:00,76.3
2025-06-12 08:29:00,83.8
2025-06-12 01:19:00,58.0
2025-06-12 03:10:00,28.2
2025-06-12 01:21:00,50.25777465777466
2025-06-12 03:28:00,20.3
2025-06-12 10:35:00,36.3
2025-06-12 13:45:00,80.2
2025-06-12 10:11:00,65.5
2025-06-12 01:43:00,84.5
2025-06-12 10:38:00,9.0
2025-06-12 21:19:00,64.2
2025-06-12 04:03:00,8.2
2025-06-12 16:54:00,86.3
2025-06-12 01:36:00,34.7
2025-06-12 15:22:00,50.5
2025-06-12 03:59:00,59.3
2025-06-12 02:37:00,45.4
2025-06-12 11:26:00,77.6
2025-06-12 16:55:00,55.7
2025-06-12 04:23:00,78.1
2025-06-12 04:27:00,50.25777465777466
2025-06-12 11:13:00,50.25777465777466
2025-06-12 16:04:00,68.1
2025-06-12 21:56:00,7.1
2025-06-12 03:21:00,72.5
2025-06-12 05:45:00,50.25777465777466
2025-06-12 19:15:00,52.1
2025-06-12 03:34:00,50.25777465777466
2025-06-12 22:25:00,5.9
2025-06-12 04:33:00,57.3
2025-06-12 01:57:00,35.9
2025-06-12 12:55:00,31.3
2025-06-12 15:03:00,74.5
2025-06-12 12:45:00,50.25777465777466
2025-06-12 07:20:00,69.7
2025-06-12 16:33:00,49.9464552238806
2025-06-12 11:17:00,73.9
2025-06-12 01:59:00,49.5
2025-06-12 23:17:00,34.4
2025-06-12 12:16:00,50.9
2025-06-12 13:14:00,75.1
2025-06-12 08:00:00,49.9464552238806
2025-06-12 02:24:00,25.0
2025-06-12 09:38:00,87.7
2025-06-12 07:22:00,30.6
2025-06-12 14:11:00,49.9464552238806
2025-06-12 01:31:00,54.7
2025-06-12 06:45:00,49.9464552238806
2025-06-12 17:12:00,14.9
2025-06-12 12:04:00,27.6
2025-06-12 16:35:00,14.2
2025-06-12 15:44:00,63.5
2025-06-12 15:18:00,57.6
2025-06-12 10:07:00,96.3
2025-06-12 23:10:00,49.9464552238806
2025-06-12 03:13:00,18.4
2025-06-12 06:20:00,63.9
2025-06-12 07:58:00,55.6
2025-06-12 12:21:00,28.5
2025-06-12 21:51:00,49.9464552238806
2025-06-12 07:04:00,20.2
2025-06-12 22:28:00,49.9464552238806
2025-06-12 06:13:00,66.3
2025-06-12 00:44:00,49.9464552238806
2025-06-12 17:43:00,5.6
2025-06-12 13:53:00,78.1
2025-06-12 19:14:00,92.1
2025-06-12 06:31:00,49.9464552238806
2025-06-12 15:15:00,10.7
2025-06-12 07:34:00,25.6
2025-06-12 17:23:00,60.6
2025-06-12 02:38:00,11.1
2025-06-12 07:50:00,9.0
2025-06-12 09:25:00,37.8
2025-06-12 00:35:00,63.2
2025-06-12 00:03:00,47.6
2025-06-12 13:38:00,11.2
2025-06-12 23:28:00,79.7
2025-06-12 09:06:00,38.3
2025-06-12 08:37:00,33.7
2025-06-12 01:56:00,25.9
2025-06-12 16:55:00,49.9464552238806
2025-06-12 04:12:00,82.7
2025-06-12 09:07:00,62.1
2025-06-12 10:48:00,8.9
2025-06-12 13:34:00,62.1
2025-06-12 16:52:00,29.3
2025-06-12 06:54:00,62.0
2025-06-12 05:37:00,45.3
2025-06-12 13:45:00,24.3
2025-06-12 16:55:00,49.9464552238806
2025-06-12 17:25:00,11.1
2025-06-12 07:55:00,38.3
2025-06-12 22:58:00,49.2
2025-06-12 08:53:00,7.0
2025-06-12 15:40:00,72.5
2025-06-12 16:01:00,81.5
2025-06-12 00:37:00,56.2
2025-06-12 04:58:00,53.1
2025-06-12 04:26:00,57.1
2025-06-12 10:53:00,23.4
2025-06-12 19:22:00,49.9464552238806
2025-06-12 10:55:00,23.8
2025-06-12 09:09:00,100.0
2025-06-12 09:35:00,73.0
2025-06-12 22:44:00,11.7
2025-06-12 10:52:00,24.2
2025-06-12 01:44:00,82.0
2025-06-12 23:07:00,68.4
2025-06-12 11:24:00,92.4
2025-06-12 19:37:00,49.9464552238806
2025-06-12 20:41:00,33.2
2025-06-12 22:34:00,26.5
2025-06-12 09:52:00,58.2
2025-06-12 10:02:00,10.6
2025-06-12 04:54:00,73.5
2025-06-12 10:01:00,73.3
2025-06-12 16:32:00,91.1
2025-06-12 23:45:00,19.0
2025-06-12 00:48:00,49.9464552238806
2025-06-12 15:10:00,1.9
2025-06-12 22:48:00,49.9464552238806
2025-06-12 11:32:00,49.9464552238806
2025-06-12 15:17:00,19.9
2025-06-12 16:40:00,80.6
2025-06-12 16:27:00,27.6
2025-06-12 04:54:00,49.9464552238806
2025-06-12 10:10:00,3.6
2025-06-12 19:59:00,17.4
2025-06-12 04:34:00,89.6
2025-06-12 08:49:00,40.8
2025-06-12 15:28:00,48.8
2025-06-12 15:07:00,36.8
2025-06-12 03:00:00,36.1
2025-06-12 02:23:00,20.0
2025-06-12 12:30:00,5.1
2025-06-12 22:00:00,64.4
2025-06-12 05:11:00,19.2
2025-06-12 12:46:00,84.6
2025-06-12 12:01:00,61.2
2025-06-12 23:39:00,38.5
2025-06-12 23:37:00,49.9464552238806
2025-06-12 18:46:00,49.9464552238806
2025-06-12 17:47:00,49.9464552238806
2025-06-12 01:39:00,30.4
2025-06-12 06:51:00,49.9464552238806
2025-06-12 06:09:00,12.6
2025-06-12 05:27:00,92.5
2025-06-12 16:38:00,95.6
2025-06-12 07:54:00,61.9
2025-06-12 10:27:00,2.2
2025-06-12 18:34:00,70.3
2025-06-12 13:17:00,6.6
2025-06-12 06:03:00,17.2
2025-06-12 07:41:00,64.2
2025-06-12 07:42:00,44.5
2025-06-12 00:08:00,85.2
2025-06-12 08:29:00,100.0
2025-06-12 10:07:00,49.9464552238806
2025-06-12 23:54:00,66.3
2025-06-12 19:14:00,49.9464552238806
2025-06-12 06:01:00,37.1
2025-06-12 09:54:00,51.6
2025-06-12 06:58:00,91.7
2025-06-12 00:18:00,49.9464552238806
2025-06-12 16:38:00,76.5
2025-06-12 17:22:00,93.6
2025-06-12 13:11:00,17.4
2025-06-12 09:30:00,49.9464552238806
2025-06-12 04:56:00,82.1
2025-06-12 14:20:00,46.2
2025-06-12 12:26:00,49.9464552238806
2025-06-12 07:02:00,37.3
2025-06-12 18:41:00,49.9464552238806
2025-06-12 16:15:00,49.9464552238806
2025-06-12 01:45:00,49.9464552238806
2025-06-12 17:58:00,17.0
2025-06-12 06:33:00,73.3
2025-06-12 13:57:00,33.0
2025-06-12 01:50:00,60.7
2025-06-12 03:30:00,65.7
2025-06-12 02:48:00,49.9464552238806
2025-06-12 03:25:00,22.4
2025-06-12 14:17:00,32.0
2025-06-12 03:25:00,85.6
2025-06-12 01:09:00,74.8
2025-06-12 05:21:00,64.9
2025-06-12 14:37:00,49.9464552238806
2025-06-12 18:54:00,49.9464552238806
2025-06-12 03:30:00,3.7
2025-06-12 18:51:00,74.4
2025-06-12 13:35:00,47.8
2025-06-12 06:29:00,26.3
2025-06-12 19:42:00,90.5
2025-06-12 07:11:00,44.0
2025-06-12 02:09:00,71.0
2025-06-12 06:20:00,56.9
2025-06-12 10:55:00,96.5
2025-06-12 07:22:00,6.2
2025-06-12 00:14:00,12.2
2025-06-12 02:46:00,55.1
2025-06-12 15:53:00,96.3
2025-06-12 17:49:00,8.2
2025-06-12 18:40:00,49.9464552238806
2025-06-12 21:00:00,12.5
2025-06-12 16:20:00,43.6
2025-06-12 13:27:00,27.1
2025-06-12 14:49:00,85.3
2025-06-12 01:07:00,46.2
2025-06-12 23:08:00,68.8
2025-06-12 20:18:00,74.9
2025-06-12 14:42:00,49.9464552238806
2025-06-12 06:33:00,38.2
2025-06-12 09:39:00,75.2
2025-06-12 19:49:00,49.9464552238806
2025-06-12 09:23:00,42.8
2025-06-12 15:10:00,49.9464552238806
2025-06-12 06:21:00,84.3
2025-06-12 08:35:00,46.7
2025-06-12 16:14:00,91.9
2025-06-12 00:14:00,60.6
2025-06-12 01:01:00,15.6
2025-06-12 16:57:00,49.9464552238806
2025-06-12 02:23:00,74.4
2025-06-12 13:22:00,41.6
2025-06-12 06:47:00,54.1
2025-06-12 20:20:00,18.6
2025-06-12 17:11:00,37.2
2025-06-12 01:24:00,1.8
2025-06-12 08:27:00,89.5
2025-06-12 14:52:00,49.9464552238806
2025-06-12 05:43:00,49.9464552238806
2025-06-12 23:51:00,99.6
2025-06-12 16:15:00,45.9
2025-06-12 12:35:00,49.9464552238806
2025-06-12 06:53:00,68.6
2025-06-12 01:53:00,89.2
2025-06-12 06:10:00,52.7
2025-06-12 15:54:00,84.9
2025-06-12 00:56:00,50.7
2025-06-12 11:39:00,23.1
2025-06-12 00:34:00,49.9464552238806
2025-06-12 01:06:00,40.7
2025-06-12 21:33:00,24.0
2025-06-12 22:50:00,36.7
2025-06-12 21:46:00,12.3
2025-06-12 06:45:00,71.5
2025-06-12 04:53:00,98.6
2025-06-12 22:44:00,49.9464552238806
2025-06-12 10:46:00,94.3
2025-06-12 13:18:00,83.2
2025-06-12 17:18:00,55.2
2025-06-12 23:17:00,76.3
2025-06-12 09:49:00,49.9464552238806
2025-06-12 03:21:00,92.8
2025-06-12 21:03:00,55.4
2025-06-12 19:17:00,76.7
2025-06-12 11:13:00,33.4
2025-06-12 07:37:00,96.3
2025-06-12 17:26:00,49.9464552238806
2025-06-12 23:02:00,12.0
2025-06-12 05:33:00,65.4
2025-06-12 12:36:00,74.8
2025-06-12 22:20:00,21.2
2025-06-12 03:38:00,43.3
2025-06-12 10:21:00,0.2
2025-06-12 22:46:00,49.9464552238806
2025-06-12 06:33:00,14.1
2025-06-12 16:44:00,37.8
2025-06-12 15:54:00,59.0
2025-06-12 14:16:00,50.9
2025-06-12 20:09:00,82.1
2025-06-12 13:35:00,34.1
2025-06-12 20:19:00,49.9464552238806
2025-06-12 14:48:00,68.2
2025-06-12 09:34:00,39.6
2025-06-12 05:15:00,34.9
2025-06-12 13:01:00,64.8
2025-06-12 22:21:00,51.3
2025-06-12 17:57:00,0.9
2025-06-12 09:52:00,67.2
2025-06-12 10:52:00,71.9
2025-06-12 16:51:00,54.8
2025-06-12 21:47:00,56.0
2025-06-12 06:19:00,49.9464552238806
2025-06-12 09:44:00,76.8
2025-06-12 19:11:00,16.4
2025-06-12 10:39:00,11.3
2025-06-12 05:24:00,45.5
2025-06-12 06:01:00,49.9464552238806
2025-06-12 13:43:00,22.2
2025-06-12 03:04:00,89.0
2025-06-12 22:41:00,4.4
2025-06-12 08:46:00,19.2
2025-06-12 05:20:00,2.6
2025-06-12 18:29:00,49.9464552238806
2025-06-12 12:38:00,19.7
2025-06-12 07:17:00,49.9464552238806
2025-06-12 15:12:00,2.1
2025-06-12 07:26:00,72.4
2025-06-12 09:31:00,11.9
2025-06-12 06:23:00,91.3
2025-06-12 15:16:00,70.5
2025-06-12 15:22:00,8.3
2025-06-12 08:41:00,18.1
2025-06-12 00:00:00,94.5
2025-06-12 02:37:00,49.1
2025-06-12 06:17:00,96.1
2025-06-12 03:24:00,13.1
2025-06-12 05:55:00,47.2
2025-06-12 17:29:00,94.8
2025-06-12 13:50:00,6.6
2025-06-12 07:23:00,68.3
2025-06-12 09:42:00,49.9464552238806
2025-06-12 14:26:00,17.7
2025-06-12 09:34:00,7.1
2025-06-12 18:56:00,49.9464552238806
2025-06-12 04:32:00,49.9464552238806
2025-06-12 12:38:00,68.0
2025-06-12 11:05:00,88.1
2025-06-12 19:30:00,2.0
2025-06-12 20:39:00,49.9464552238806
2025-06-12 17:03:00,36.3
2025-06-12 23:02:00,99.3
2025-06-12 15:09:00,34.5
2025-06-12 19:29:00,46.2
2025-06-12 19:14:00,45.2
2025-06-12 16:46:00,35.6
2025-06-12 02:21:00,49.9464552238806
2025-06-12 20:41:00,49.9464552238806
2025-06-12 09:06:00,77.6
2025-06-12 07:17:00,20.9
2025-06-12 22:32:00,49.9464552238806
2025-06-12 05:02:00,11.2
2025-06-12 06:32:00,45.8
2025-06-12 16:31:00,78.2
2025-06-12 14:41:00,45.6
2025-06-12 19:53:00,49.9464552238806
2025-06-12 17:47:00,48.2
2025-06-12 03:22:00,30.5
2025-06-12 06:40:00,19.3
2025-06-12 05:51:00,89.5
2025-06-12 18:25:00,49.9464552238806
2025-06-12 13:36:00,22.1
2025-06-12 01:47:00,67.1
2025-06-12 15:31:00,5.3
2025-06-12 10:44:00,25.7
2025-06-12 03:03:00,30.7
2025-06-12 07:09:00,52.7
2025-06-12 02:51:00,27.4
2025-06-12 17:40:00,8.3
2025-06-12 01:50:00,67.6
2025-06-12 03:43:00,39.3
2025-06-12 02:42:00,68.9
2025-06-12 15:47:00,99.1
2025-06-12 03:38:00,97.0
2025-06-12 21:38:00,57.6
2025-06-12 17:17:00,85.6
2025-06-12 18:44:00,55.3
2025-06-12 00:48:00,66.8
2025-06-12 15:41:00,49.9464552238806
2025-06-12 17:48:00,11.4
2025-06-12 21:46:00,94.7
2025-06-12 15:21:00,49.9464552238806
2025-06-12 17:04:00,78.2
2025-06-12 07:39:00,99.0
2025-06-12 17:17:00,15.6
2025-06-12 02:59:00,1.5
2025-06-12 15:30:00,49.9464552238806
2025-06-12 14:21:00,15.7
2025-06-12 23:11:00,57.4
2025-06-12 16:42:00,98.2
2025-06-12 22:05:00,49.742524640779
2025-06-12 21:26:00,96.1
2025-06-12 11:03:00,64.5
2025-06-12 16:48:00,66.8
2025-06-12 16:47:00,11.5
2025-06-12 03:35:00,49.742524640779
2025-06-12 23:37:00,12.5
2025-06-12 16:50:00,32.2
2025-06-12 11:27:00,21.7
2025-06-12 23:49:00,78.2
2025-06-12 02:53:00,40.1
2025-06-12 01:43:00,61.7
2025-06-12 07:47:00,70.7
2025-06-12 10:10:00,83.4
2025-06-12 03:26:00,10.0
2025-06-12 00:48:00,28.0
2025-06-12 02:12:00,24.4
2025-06-12 13:15:00,21.3
2025-06-12 09:07:00,49.742524640779
2025-06-12 01:09:00,49.742524640779
2025-06-12 13:28:00,68.2
2025-06-12 07:14:00,49.742524640779
2025-06-12 22:57:00,19.2
2025-06-12 14:32:00,70.4
2025-06-12 17:03:00,2.4
2025-06-12 13:44:00,26.9
2025-06-12 20:09:00,66.0
2025-06-12 09:27:00,42.6
2025-06-12 01:43:00,79.1
2025-06-12 00:09:00,13.3
2025-06-12 08:10:00,81.9
2025-06-12 18:05:00,58.2
2025-06-12 18:38:00,14.3
2025-06-12 06:47:00,30.9
2025-06-12 13:57:00,86.2
2025-06-12 06:34:00,99.0
2025-06-12 21:58:00,84.8
2025-06-12 20:06:00,46.5
2025-06-12 00:04:00,35.3
2025-06-12 21:06:00,50.9
2025-06-12 12:55:00,49.2
2025-06-12 10:32:00,42.8
2025-06-12 13:47:00,65.5
2025-06-12 07:29:00,32.3
2025-06-12 18:51:00,50.7
2025-06-12 19:35:00,4.6
2025-06-12 10:11:00,54.0
2025-06-12 07:35:00,49.742524640779
2025-06-12 12:05:00,30.9
2025-06-12 13:21:00,49.742524640779
2025-06-12 05:08:00,12.2
2025-06-12 08:12:00,43.9
2025-06-12 02:00:00,12.2
2025-06-12 17:46:00,49.742524640779
2025-06-12 15:04:00,53.9
2025-06-12 10:21:00,92.8
2025-06-12 21:45:00,56.9
2025-06-12 16:39:00,0.7
2025-06-12 08:42:00,11.1
2025-06-12 11:27:00,11.8
2025-06-12 00:44:00,22.5
2025-06-12 06:51:00,96.2
2025-06-12 16:43:00,33.3
2025-06-12 13:44:00,82.1
2025-06-12 21:57:00,28.9
2025-06-12 08:19:00,49.742524640779
2025-06-12 04:23:00,99.9
2025-06-12 15:17:00,49.742524640779
2025-06-12 02:31:00,1.1
2025-06-12 20:16:00,8.2
2025-06-12 22:15:00,49.742524640779
2025-06-12 22:32:00,46.2
2025-06-12 13:01:00,53.4
2025-06-12 19:59:00,38.9
2025-06-12 09:35:00,74.5
2025-06-12 13:27:00,85.1
2025-06-12 10:29:00,42.4
2025-06-12 23:06:00,46.7
2025-06-12 23:08:00,15.4
2025-06-12 04:51:00,46.6
2025-06-12 22:35:00,49.742524640779
2025-06-12 16:05:00,6.8
2025-06-12 21:01:00,24.4
2025-06-12 01:30:00,50.1
2025-06-12 18:19:00,9.6
2025-06-12 13:01:00,22.3
2025-06-12 03:41:00,67.7
2025-06-12 02:18:00,92.9
2025-06-12 05:32:00,24.0
2025-06-12 10:47:00,70.7
2025-06-12 13:57:00,23.3
2025-06-12 13:57:00,78.0
2025-06-12 10:41:00,28.0
2025-06-12 21:51:00,7.6
2025-06-12 09:09:00,31.9
2025-06-12 13:07:00,49.742524640779
2025-06-12 10:39:00,48.4
2025-06-12 10:53:00,39.0
2025-06-12 18:38:00,73.8
2025-06-12 00:37:00,17.8
2025-06-12 07:27:00,49.742524640779
2025-06-12 17:24:00,61.6
2025-06-12 17:06:00,35.1
2025-06-12 07:11:00,92.2
2025-06-12 19:59:00,1.6
2025-06-12 10:07:00,96.0
2025-06-12 19:44:00,78.4
2025-06-12 04:05:00,90.3
2025-06-12 13:17:00,88.6
2025-06-12 14:55:00,69.9
2025-06-12 17:57:00,17.7
2025-06-12 21:58:00,57.1
2025-06-12 13:47:00,59.3
2025-06-12 23:53:00,42.6
2025-06-12 17:13:00,60.2
2025-06-12 21:38:00,16.8
2025-06-12 09:09:00,31.9
2025-06-12 03:05:00,26.6
2025-06-12 09:46:00,25.0
2025-06-12 13:23:00,40.1
2025-06-12 19:04:00,67.9
2025-06-12 12:53:00,2.8
2025-06-12 17:59:00,71.1
2025-06-12 22:33:00,20.8
2025-06-12 21:03:00,45.7
2025-06-12 02:08:00,49.742524640779
2025-06-12 11:59:00,10.5
2025-06-12 03:22:00,82.6
2025-06-12 19:52:00,38.1
2025-06-12 22:09:00,48.4
2025-06-12 14:03:00,87.8
2025-06-12 21:12:00,88.6
2025-06-12 17:06:00,42.8
2025-06-12 04:23:00,27.0
2025-06-12 11:36:00,2.4
2025-06-12 20:48:00,49.742524640779
2025-06-12 10:00:00,69.4
2025-06-12 16:21:00,66.7
2025-06-12 07:18:00,25.8
2025-06-12 16:37:00,53.0
2025-06-12 09:40:00,32.3
2025-06-12 19:46:00,49.742524640779
2025-06-12 13:18:00,54.2
2025-06-12 06:06:00,39.6
2025-06-12 15:21:00,80.4
2025-06-12 22:54:00,12.7
2025-06-12 05:27:00,7.8
2025-06-12 01:43:00,93.4
2025-06-12 17:25:00,32.4
2025-06-12 03:24:00,46.1
2025-06-12 09:41:00,49.742524640779
2025-06-12 08:55:00,7.1
2025-06-12 15:33:00,5.5
2025-06-12 21:08:00,71.5
2025-06-12 06:07:00,6.4
2025-06-12 02:09:00,34.1
2025-06-12 12:11:00,55.6
2025-06-12 11:54:00,57.7
2025-06-12 17:35:00,48.0
2025-06-12 05:09:00,49.742524640779
2025-06-12 01:46:00,39.8
2025-06-12 18:22:00,95.2
2025-06-12 02:25:00,87.4
2025-06-12 01:30:00,49.742524640779
2025-06-12 03:47:00,68.1
2025-06-12 15:11:00,86.9
2025-06-12 08:39:00,50.8
2025-06-12 19:05:00,38.5
2025-06-12 14:48:00,85.0
2025-06-12 04:18:00,54.2
2025-06-12 04:35:00,20.0
2025-06-12 04:29:00,73.5
2025-06-12 11:42:00,19.0
2025-06-12 06:09:00,0.2
2025-06-12 07:37:00,27.2
2025-06-12 16:10:00,13.0
2025-06-12 09:27:00,57.6
2025-06-12 13:08:00,76.0
2025-06-12 19:20:00,79.2
2025-06-12 08:54:00,82.1
2025-06-12 09:42:00,71.3
2025-06-12 20:29:00,12.3
2025-06-12 18:03:00,85.0
2025-06-12 08:18:00,14.8
2025-06-12 20:22:00,49.5
2025-06-12 05:53:00,31.3
2025-06-12 05:33:00,87.3
2025-06-12 23:33:00,53.0
2025-06-12 07:14:00,82.9
2025-06-12 01:10:00,35.9
2025-06-12 14:21:00,78.9
2025-06-12 13:44:00,17.0
2025-06-12 04:23:00,69.9
2025-06-12 07:14:00,49.742524640779
2025-06-12 19:34:00,39.5
2025-06-12 03:44:00,21.3
2025-06-12 14:36:00,81.3
2025-06-12 12:35:00,57.0
2025-06-12 07:57:00,0.7
2025-06-12 13:46:00,49.742524640779
2025-06-12 13:39:00,52.1
2025-06-12 21:10:00,20.8
2025-06-12 10:23:00,61.7
2025-06-12 06:05:00,22.9
2025-06-12 18:01:00,49.742524640779
2025-06-12 13:04:00,29.1
2025-06-12 11:27:00,20.7
2025-06-12 01:52:00,91.7
2025-06-12 21:43:00,35.6
2025-06-12 07:06:00,46.1
2025-06-12 10:03:00,49.742524640779
2025-06-12 09:44:00,70.5
2025-06-12 06:13:00,98.3
2025-06-12 11:40:00,13.3
2025-06-12 03:21:00,4.1
2025-06-12 20:27:00,69.0
2025-06-12 23:38:00,70.6
2025-06-12 05:56:00,49.742524640779
2025-06-12 17:00:00,99.3
2025-06-12 23:36:00,93.1
2025-06-12 07:08:00,95.6
2025-06-12 22:23:00,49.742524640779
2025-06-12 23:47:00,49.742524640779
2025-06-12 09:38:00,31.0
2025-06-12 06:05:00,13.6
2025-06-12 19:19:00,49.742524640779
2025-06-12 03:53:00,45.5
2025-06-12 05:02:00,61.4
2025-06-12 10:07:00,92.5
2025-06-12 22:18:00,32.1
2025-06-12 11:51:00,36.0
2025-06-12 08:27:00,44.4
2025-06-12 22:21:00,89.5
2025-06-12 03:33:00,89.5
2025-06-12 11:49:00,1.7
2025-06-12 20:51:00,75.3
2025-06-12 05:28:00,3.1
2025-06-12 16:34:00,25.2
2025-06-12 02:46:00,52.8
2025-06-12 23:01:00,49.742524640779
2025-06-12 05:04:00,42.0
2025-06-12 01:34:00,62.3
2025-06-12 14:39:00,69.2
2025-06-12 04:54:00,36.3
2025-06-12 13:38:00,47.4
2025-06-12 01:02:00,49.742524640779
2025-06-12 18:46:00,23.4
2025-06-12 16:35:00,59.1
2025-06-12 21:52:00,40.1
2025-06-12 00:04:00,89.5
2025-06-12 22:37:00,49.742524640779
2025-06-12 19:36:00,1.1
2025-06-12 15:53:00,96.6
2025-06-12 08:46:00,56.4
2025-06-12 09:41:00,47.6
2025-06-12 07:47:00,12.4
2025-06-12 06:45:00,68.2
2025-06-12 00:41:00,53.9
2025-06-12 13:33:00,49.742524640779
2025-06-12 03:53:00,10.9
2025-06-12 04:42:00,49.742524640779
2025-06-12 03:58:00,3.3
2025-06-12 13:18:00,87.2
2025-06-12 19:40:00,1.0
2025-06-12 17:55:00,17.3
2025-06-12 23:25:00,49.742524640779
2025-06-12 08:11:00,57.3
2025-06-12 21:20:00,49.742524640779
2025-06-12 08:19:00,11.7
2025-06-12 17:22:00,92.3
2025-06-12 22:14:00,5.0
2025-06-12 18:00:00,71.6
2025-06-12 15:29:00,29.4
2025-06-12 22:46:00,62.5
2025-06-12 15:35:00,8.8
2025-06-12 06:32:00,56.0
2025-06-12 14:12:00,90.0
2025-06-12 02:44:00,52.8
2025-06-12 16:36:00,37.9
2025-06-12 03:37:00,6.6
2025-06-12 09:47:00,48.0
2025-06-12 12:06:00,85.5
2025-06-12 08:41:00,30.3
2025-06-12 06:09:00,28.0
2025-06-12 19:31:00,26.4
2025-06-12 18:12:00,49.742524640779
2025-06-12 05:43:00,49.742524640779
2025-06-12 11:27:00,20.2
2025-06-12 17:49:00,49.0
2025-06-12 13:50:00,49.742524640779
2025-06-12 16:06:00,46.9
2025-06-12 21:04:00,67.9
2025-06-12 13:16:00,20.0
2025-06-12 17:27:00,53.0
2025-06-12 00:12:00,98.2
2025-06-12 09:40:00,49.742524640779
2025-06-12 13:22:00,71.7
2025-06-12 20:49:00,38.7
2025-06-12 15:31:00,70.0
2025-06-12 08:46:00,49.742524640779
2025-06-12 01:26:00,22.7
2025-06-12 17:27:00,2.7
2025-06-12 03:53:00,63.5
2025-06-12 06:40:00,61.1
2025-06-12 07:43:00,83.8
2025-06-12 08:56:00,41.0
2025-06-12 12:57:00,65.4
2025-06-12 20:08:00,76.2
2025-06-12 07:23:00,49.742524640779
2025-06-12 08:23:00,72.4
2025-06-12 03:14:00,24.5
2025-06-12 11:54:00,11.4
2025-06-12 08:27:00,78.4
2025-06-12 16:21:00,49.742524640779
2025-06-12 04:43:00,49.742524640779
2025-06-12 16:13:00,62.1
2025-06-12 01:22:00,88.6
2025-06-12 01:59:00,49.742524640779
2025-06-12 23:13:00,15.6
2025-06-12 20:31:00,11.9
2025-06-12 15:23:00,10.4
2025-06-12 04:54:00,28.7
2025-06-12 02:58:00,7.6
2025-06-12 13:55:00,40.2
2025-06-12 11:34:00,49.742524640779
2025-06-12 05:57:00,68.9
2025-06-12 22:24:00,93.2
2025-06-12 02:39:00,60.7
2025-06-12 03:59:00,6.5
2025-06-12 12:12:00,74.4
2025-06-12 09:00:00,50.1
2025-06-12 19:00:00,49.742524640779
2025-06-12 18:17:00,7.2
2025-06-12 16:52:00,6.7
2025-06-12 10:29:00,60.2
2025-06-12 00:19:00,96.6
2025-06-12 17:52:00,64.7
2025-06-12 01:28:00,97.8
2025-06-12 17:42:00,0.0
2025-06-12 19:57:00,13.2
2025-06-12 18:48:00,95.7
2025-06-12 18:20:00,50.09606761356967
2025-06-12 09:31:00,5.9
2025-06-12 11:35:00,50.09606761356967
2025-06-12 06:50:00,44.9
2025-06-12 15:28:00,77.9
2025-06-12 03:12:00,50.09606761356967
2025-06-12 09:00:00,47.7
2025-06-12 05:31:00,42.1
2025-06-12 20:11:00,21.5
2025-06-12 03:21:00,75.7
2025-06-12 06:02:00,1.8
2025-06-12 11:11:00,70.0
2025-06-12 08:41:00,70.6
2025-06-12 23:17:00,45.2
2025-06-12 21:38:00,19.9
2025-06-12 13:09:00,50.09606761356967
2025-06-12 12:36:00,50.09606761356967
2025-06-12 16:09:00,84.1
2025-06-12 12:29:00,17.0
2025-06-12 13:32:00,53.3
2025-06-12 08:08:00,59.5
2025-06-12 10:24:00,32.5
2025-06-12 01:20:00,42.6
2025-06-12 02:43:00,57.6
2025-06-12 15:38:00,42.5
2025-06-12 15:36:00,59.7
2025-06-12 10:04:00,38.0
2025-06-12 17:38:00,35.5
2025-06-12 16:39:00,70.6
2025-06-12 08:55:00,69.7
2025-06-12 15:41:00,70.6
2025-06-12 02:59:00,50.09606761356967
2025-06-12 23:22:00,3.7
2025-06-12 16:02:00,66.5
2025-06-12 09:15:00,49.9
2025-06-12 07:35:00,94.8
2025-06-12 03:51:00,60.8
2025-06-12 07:47:00,9.7
2025-06-12 21:14:00,50.09606761356967
2025-06-12 07:06:00,33.6
2025-06-12 23:41:00,80.7
2025-06-12 15:10:00,11.6
2025-06-12 11:49:00,86.0
2025-06-12 11:50:00,10.3
2025-06-12 16:06:00,29.6
2025-06-12 04:24:00,50.09606761356967
2025-06-12 00:23:00,34.5
2025-06-12 21:44:00,70.6
2025-06-12 20:52:00,64.7
2025-06-12 09:18:00,56.0
2025-06-12 07:04:00,7.5
2025-06-12 08:43:00,32.6
2025-06-12 22:52:00,38.0
2025-06-12 23:31:00,13.6
2025-06-12 14:46:00,31.7
2025-06-12 02:18:00,34.2
2025-06-12 12:05:00,17.9
2025-06-12 10:45:00,48.6
2025-06-12 11:35:00,81.9
2025-06-12 00:31:00,50.09606761356967
2025-06-12 11:18:00,94.2
2025-06-12 21:42:00,38.4
2025-06-12 15:52:00,73.4
2025-06-12 18:18:00,74.9
2025-06-12 05:34:00,53.3
2025-06-12 00:16:00,34.7
2025-06-12 16:41:00,6.1
2025-06-12 06:48:00,83.0
2025-06-12 16:02:00,3.0
2025-06-12 03:51:00,99.7
2025-06-12 19:37:00,57.5
2025-06-12 01:34:00,29.2
2025-06-12 14:22:00,3.5
2025-06-12 08:49:00,21.9
2025-06-12 23:42:00,68.0
2025-06-12 17:17:00,18.7
2025-06-12 18:50:00,48.5
2025-06-12 05:23:00,94.3
2025-06-12 22:12:00,55.4
2025-06-12 20:16:00,50.09606761356967
2025-06-12 06:07:00,24.6
2025-06-12 13:00:00,29.0
2025-06-12 05:42:00,50.09606761356967
2025-06-12 09:49:00,99.0
2025-06-12 10:47:00,96.4
2025-06-12 05:18:00,47.6
2025-06-12 09:52:00,2.8
2025-06-12 03:15:00,91.5
2025-06-12 09:52:00,60.5
2025-06-12 21:53:00,17.2
2025-06-12 10:48:00,19.2
2025-06-12 07:02:00,50.09606761356967
2025-06-12 05:48:00,37.6
2025-06-12 03:33:00,79.9
2025-06-12 14:55:00,13.1
2025-06-12 19:27:00,92.8
2025-06-12 10:57:00,80.2
2025-06-12 02:06:00,72.1
2025-06-12 23:55:00,97.2
2025-06-12 09:31:00,54.4
2025-06-12 23:46:00,51.6
2025-06-12 17:59:00,50.09606761356967
2025-06-12 23:33:00,26.3
2025-06-12 00:46:00,50.09606761356967
2025-06-12 07:09:00,47.7
2025-06-12 07:06:00,79.0
2025-06-12 16:46:00,60.6
2025-06-12 03:12:00,89.4
2025-06-12 17:13:00,41.6
2025-06-12 20:43:00,19.0
2025-06-12 01:56:00,56.8
2025-06-12 21:04:00,26.1
2025-06-12 01:47:00,81.7
2025-06-12 18:18:00,45.0
2025-06-12 07:53:00,24.3
2025-06-12 00:18:00,69.4
2025-06-12 00:24:00,85.0
2025-06-12 04:11:00,53.4
2025-06-12 15:18:00,32.9
2025-06-12 17:23:00,6.8
2025-06-12 18:23:00,59.7
2025-06-12 17:34:00,88.7
2025-06-12 17:31:00,70.9
2025-06-12 12:08:00,46.3
2025-06-12 15:34:00,68.7
2025-06-12 09:06:00,50.09606761356967
2025-06-12 03:22:00,3.1
2025-06-12 10:42:00,50.09606761356967
2025-06-12 04:03:00,57.4
2025-06-12 00:11:00,37.8
2025-06-12 05:17:00,50.09606761356967
2025-06-12 22:49:00,43.7
2025-06-12 19:35:00,5.0
2025-06-12 21:41:00,9.2
2025-06-12 02:46:00,38.9
2025-06-12 01:51:00,61.8
2025-06-12 13:03:00,23.7
2025-06-12 00:04:00,50.09606761356967
2025-06-12 14:18:00,26.6
2025-06-12 19:33:00,47.3
2025-06-12 04:27:00,50.09606761356967
2025-06-12 13:31:00,5.6
2025-06-12 09:10:00,63.6
2025-06-12 15:15:00,69.5
2025-06-12 19:17:00,50.09606761356967
2025-06-12 02:39:00,31.8
2025-06-12 14:43:00,6.0
2025-06-12 12:48:00,50.09606761356967
2025-06-12 19:40:00,79.5
2025-06-12 20:34:00,21.3
2025-06-12 12:24:00,70.7
2025-06-12 18:59:00,50.09606761356967
2025-06-12 10:46:00,71.8
2025-06-12 16:05:00,33.1
2025-06-12 17:00:00,14.8
2025-06-12 13:44:00,51.3
2025-06-12 19:51:00,54.5
2025-06-12 02:02:00,17.0
2025-06-12 19:11:00,27.3
2025-06-12 09:32:00,91.0
2025-06-12 12:48:00,43.0
2025-06-12 01:19:00,77.8
2025-06-12 21:16:00,57.9
2025-06-12 19:14:00,63.6
2025-06-12 02:47:00,12.6
2025-06-12 00:33:00,24.5
2025-06-12 19:28:00,26.2
2025-06-12 06:49:00,50.09606761356967
2025-06-12 01:06:00,83.3
2025-06-12 10:30:00,44.9
2025-06-12 14:29:00,50.09606761356967
2025-06-12 22:50:00,69.2
2025-06-12 04:27:00,39.0
2025-06-12 11:39:00,8.8
2025-06-12 04:43:00,35.2
2025-06-12 17:53:00,77.9
2025-06-12 19:31:00,59.4
2025-06-12 12:24:00,97.7
2025-06-12 02:18:00,87.1
2025-06-12 12:20:00,85.8
2025-06-12 07:48:00,30.0
2025-06-12 18:33:00,50.09606761356967
2025-06-12 09:21:00,96.6
2025-06-12 11:34:00,57.2
2025-06-12 23:11:00,29.4
2025-06-12 08:26:00,2.0
2025-06-12 04:48:00,18.8
2025-06-12 14:24:00,12.8
2025-06-12 17:06:00,80.8
2025-06-12 20:09:00,34.7
2025-06-12 21:35:00,31.1
2025-06-12 13:49:00,83.3
2025-06-12 20:55:00,24.7
2025-06-12 22:39:00,63.4
2025-06-12 21:43:00,59.8
2025-06-12 08:34:00,13.1
2025-06-12 01:14:00,50.2
2025-06-12 06:30:00,82.9
2025-06-12 13:20:00,50.09606761356967
2025-06-12 21:55:00,17.4
2025-06-12 19:38:00,47.5
2025-06-12 15:15:00,69.8
2025-06-12 02:59:00,2.1
2025-06-12 03:23:00,50.09606761356967
2025-06-12 02:55:00,3.3
2025-06-12 10:31:00,84.8
2025-06-12 07:02:00,89.2
2025-06-12 19:31:00,68.8
2025-06-12 05:08:00,29.9
2025-06-12 14:41:00,3.5
2025-06-12 11:58:00,38.9
2025-06-12 06:34:00,56.1
2025-06-12 02:29:00,46.9
2025-06-12 09:53:00,37.5
2025-06-12 03:42:00,2.1
2025-06-12 02:58:00,59.4
2025-06-12 09:20:00,50.09606761356967
2025-06-12 10:58:00,50.09606761356967
2025-06-12 02:11:00,51.4
2025-06-12 05:52:00,29.3
2025-06-12 19:31:00,4.5
2025-06-12 18:53:00,75.1
2025-06-12 04:25:00,98.8
2025-06-12 06:38:00,92.6
2025-06-12 07:58:00,50.09606761356967
2025-06-12 08:43:00,41.5
2025-06-12 09:15:00,50.09606761356967
2025-06-12 12:04:00,38.3
2025-06-12 12:07:00,50.09606761356967
2025-06-12 00:09:00,15.9
2025-06-12 04:39:00,43.2
2025-06-12 04:36:00,25.4
2025-06-12 02:54:00,71.8
2025-06-12 00:48:00,69.5
2025-06-12 11:57:00,72.7
2025-06-12 22:23:00,76.9
2025-06-12 17:22:00,26.4
2025-06-12 05:19:00,15.3
2025-06-12 00:45:00,5.6
2025-06-12 05:35:00,45.3
2025-06-12 23:47:00,1.5
2025-06-12 00:38:00,51.9
2025-06-12 17:47:00,33.7
2025-06-12 18:49:00,1.7
2025-06-12 14:30:00,14.5
2025-06-12 18:03:00,83.9
2025-06-12 10:29:00,2.4
2025-06-12 16:55:00,25.6
2025-06-12 07:48:00,60.7
2025-06-12 16:49:00,50.09606761356967
2025-06-12 05:02:00,35.8
2025-06-12 22:08:00,50.09606761356967
2025-06-12 19:54:00,14.2
2025-06-12 05:28:00,75.9
2025-06-12 18:24:00,30.4
2025-06-12 20:06:00,24.3
2025-06-12 02:56:00,72.1
2025-06-12 19:34:00,62.5
2025-06-12 08:21:00,8.0
2025-06-12 19:02:00,40.9
2025-06-12 23:43:00,79.9
2025-06-12 00:09:00,95.2
2025-06-12 07:47:00,50.09606761356967
2025-06-12 06:21:00,50.09606761356967
2025-06-12 08:26:00,16.7
2025-06-12 12:10:00,70.4
2025-06-12 10:42:00,26.4
2025-06-12 02:43:00,56.8
2025-06-12 23:15:00,25.3
2025-06-12 19:49:00,82.1
2025-06-12 03:55:00,3.4
2025-06-12 07:51:00,4.1
2025-06-12 00:41:00,50.09606761356967
2025-06-12 22:31:00,10.5
2025-06-12 19:33:00,12.1
2025-06-12 14:07:00,50.09606761356967
2025-06-12 06:45:00,98.5
2025-06-12 23:02:00,85.3
2025-06-12 10:17:00,60.4
2025-06-12 00:34:00,51.4
2025-06-12 10:46:00,60.3
2025-06-12 18:36:00,83.9
2025-06-12 02:36:00,38.8
2025-06-12 06:43:00,70.5
2025-06-12 21:09:00,97.4
2025-06-12 19:47:00,16.7
2025-06-12 06:31:00,2.2
2025-06-12 17:16:00,62.9
2025-06-12 15:34:00,43.9
2025-06-12 21:56:00,60.2
2025-06-12 01:07:00,50.09606761356967
2025-06-12 09:16:00,57.8
2025-06-12 17:21:00,50.09606761356967
2025-06-12 20:42:00,80.2
2025-06-12 13:18:00,93.2
2025-06-12 07:39:00,50.09606761356967
2025-06-12 17:12:00,50.09606761356967
2025-06-12 05:33:00,78.6
2025-06-12 12:42:00,10.8
2025-06-12 14:06:00,50.09606761356967
2025-06-12 18:31:00,74.4
2025-06-12 10:04:00,50.09606761356967
2025-06-12 10:29:00,32.1
2025-06-12 15:08:00,25.5
2025-06-12 11:52:00,98.7
2025-06-12 18:11:00,50.09606761356967
2025-06-12 02:51:00,89.6
2025-06-12 15:17:00,92.7
2025-06-12 23:22:00,50.09606761356967
2025-06-12 12:17:00,4.0
2025-06-12 16:53:00,50.09606761356967
2025-06-12 17:19:00,33.0
2025-06-12 16:48:00,78.2
2025-06-12 16:30:00,37.3
2025-06-12 01:01:00,92.6
2025-06-12 06:18:00,35.7
2025-06-12 18:48:00,33.3
2025-06-12 11:48:00,32.1
2025-06-12 22:32:00,17.7
2025-06-12 20:05:00,39.6
2025-06-12 00:04:00,94.1
2025-06-12 16:26:00,6.3
2025-06-12 17:40:00,22.0
2025-06-12 09:42:00,10.1
2025-06-12 20:55:00,30.5
2025-06-12 08:05:00,50.09606761356967
2025-06-12 15:04:00,11.1
2025-06-12 15:27:00,74.9
2025-06-12 07:48:00,46.6
2025-06-12 08:39:00,49.952608030142464
2025-06-12 03:18:00,52.6
2025-06-12 01:15:00,83.6
2025-06-12 08:07:00,7.2
2025-06-12 09:25:00,22.0
2025-06-12 15:34:00,11.1
2025-06-12 13:16:00,91.6
2025-06-12 11:07:00,69.7
2025-06-12 19:58:00,24.3
2025-06-12 15:07:00,24.5
2025-06-12 15:29:00,60.7
2025-06-12 06:33:00,49.952608030142464
2025-06-12 15:50:00,49.952608030142464
2025-06-12 02:47:00,20.4
2025-06-12 12:32:00,98.3
2025-06-12 22:53:00,86.9
2025-06-12 09:15:00,42.9
2025-06-12 06:42:00,60.5
2025-06-12 02:01:00,76.6
2025-06-12 00:44:00,56.1
2025-06-12 09:11:00,20.9
2025-06-12 20:20:00,17.4
2025-06-12 13:21:00,49.952608030142464
2025-06-12 02:23:00,47.8
2025-06-12 07:25:00,49.952608030142464
2025-06-12 19:05:00,11.9
2025-06-12 16:25:00,66.8
2025-06-12 17:12:00,9.3
2025-06-12 03:11:00,42.1
2025-06-12 23:05:00,49.952608030142464
2025-06-12 13:04:00,65.9
2025-06-12 14:41:00,35.0
2025-06-12 15:06:00,95.5
2025-06-12 00:03:00,72.7
2025-06-12 20:02:00,60.8
2025-06-12 20:04:00,54.7
2025-06-12 14:22:00,49.952608030142464
2025-06-12 05:44:00,10.0
2025-06-12 09:46:00,27.4
2025-06-12 09:52:00,67.6
2025-06-12 05:58:00,86.9
2025-06-12 18:42:00,49.952608030142464
2025-06-12 12:39:00,19.2
2025-06-12 12:20:00,51.9
2025-06-12 03:23:00,39.9
2025-06-12 22:03:00,99.1
2025-06-12 05:14:00,49.952608030142464
2025-06-12 20:46:00,16.7
2025-06-12 07:31:00,49.952608030142464
2025-06-12 18:20:00,22.7
2025-06-12 05:17:00,52.2
2025-06-12 12:22:00,49.952608030142464
2025-06-12 11:21:00,49.952608030142464
2025-06-12 18:13:00,62.9
2025-06-12 17:50:00,14.5
2025-06-12 12:49:00,60.3
2025-06-12 17:12:00,42.5
2025-06-12 19:32:00,61.5
2025-06-12 05:43:00,56.2
2025-06-12 23:28:00,92.7
2025-06-12 23:44:00,75.2
2025-06-12 19:33:00,49.952608030142464
2025-06-12 10:19:00,8.8
2025-06-12 10:56:00,59.8
2025-06-12 07:20:00,94.6
2025-06-12 04:46:00,66.2
2025-06-12 01:22:00,87.2
2025-06-12 09:30:00,5.8
2025-06-12 10:38:00,47.1
2025-06-12 06:31:00,15.1
2025-06-12 19:44:00,22.7
2025-06-12 07:02:00,15.9
2025-06-12 22:19:00,34.8
2025-06-12 08:05:00,69.0
2025-06-12 03:42:00,36.5
2025-06-12 12:45:00,51.3
2025-06-12 07:23:00,91.4
2025-06-12 18:20:00,40.3
2025-06-12 22:37:00,33.9
2025-06-12 11:31:00,30.0
2025-06-12 06:59:00,10.1
2025-06-12 16:33:00,27.3
2025-06-12 01:40:00,12.7
2025-06-12 18:34:00,81.8
2025-06-12 04:36:00,60.3
2025-06-12 19:00:00,46.0
2025-06-12 13:57:00,59.3
2025-06-12 02:26:00,30.0
2025-06-12 08:56:00,85.3
2025-06-12 10:57:00,65.9
2025-06-12 03:53:00,62.2
2025-06-12 18:55:00,49.952608030142464
2025-06-12 00:04:00,55.3
2025-06-12 16:46:00,24.7
2025-06-12 07:01:00,79.3
2025-06-12 18:15:00,62.2
2025-06-12 08:24:00,17.5
2025-06-12 00:38:00,29.3
2025-06-12 14:01:00,63.3
2025-06-12 10:40:00,26.6
2025-06-12 05:41:00,81.6
2025-06-12 08:13:00,55.9
2025-06-12 06:57:00,95.9
2025-06-12 02:07:00,16.9
2025-06-12 21:24:00,78.1
2025-06-12 13:37:00,32.5
2025-06-12 19:36:00,9.6
2025-06-12 22:20:00,13.8
2025-06-12 09:25:00,49.952608030142464
2025-06-12 15:24:00,49.952608030142464
2025-06-12 09:10:00,87.9
2025-06-12 04:27:00,39.5
2025-06-12 18:36:00,94.1
2025-06-12 14:21:00,62.8
2025-06-12 05:53:00,92.5
2025-06-12 22:47:00,8.5
2025-06-12 14:12:00,77.3
2025-06-12 10:41:00,49.952608030142464
2025-06-12 21:13:00,48.5
2025-06-12 22:46:00,55.5
2025-06-12 20:02:00,96.0
2025-06-12 19:31:00,76.2
2025-06-12 15:21:00,22.1
2025-06-12 04:26:00,86.0
2025-06-12 09:20:00,54.5
2025-06-12 23:13:00,19.3
2025-06-12 20:47:00,30.5
2025-06-12 09:43:00,24.2
2025-06-12 19:04:00,19.2
2025-06-12 02:36:00,67.2
2025-06-12 08:00:00,85.1
2025-06-12 01:13:00,83.0
2025-06-12 08:51:00,47.0
2025-06-12 10:29:00,26.0
2025-06-12 14:46:00,49.952608030142464
2025-06-12 04:03:00,76.6
2025-06-12 14:21:00,68.3
2025-06-12 17:00:00,49.952608030142464
2025-06-12 22:27:00,54.7
2025-06-12 02:47:00,68.6
2025-06-12 03:57:00,31.0
2025-06-12 15:15:00,23.2
2025-06-12 11:34:00,54.5
2025-06-12 02:03:00,20.2
2025-06-12 00:24:00,86.2
2025-06-12 07:00:00,13.0
2025-06-12 08:42:00,49.952608030142464
2025-06-12 02:16:00,9.6
2025-06-12 05:39:00,13.8
2025-06-12 22:42:00,41.6
2025-06-12 18:22:00,88.3
2025-06-12 14:25:00,55.2
2025-06-12 01:18:00,10.6
2025-06-12 10:40:00,95.8
2025-06-12 04:57:00,92.2
2025-06-12 08:25:00,24.7
2025-06-12 22:59:00,84.6
2025-06-12 05:47:00,7.3
2025-06-12 03:43:00,71.9
2025-06-12 01:02:00,32.1
2025-06-12 23:29:00,32.8
2025-06-12 19:55:00,79.2
2025-06-12 06:18:00,36.4
2025-06-12 17:27:00,96.9
2025-06-12 18:49:00,23.5
2025-06-12 01:36:00,66.1
2025-06-12 15:00:00,15.7
2025-06-12 22:14:00,65.3
2025-06-12 17:54:00,51.9
2025-06-12 18:03:00,68.3
2025-06-12 13:54:00,84.6
2025-06-12 17:35:00,57.9
2025-06-12 17:56:00,15.1
2025-06-12 11:21:00,12.6
2025-06-12 09:19:00,89.9
2025-06-12 18:08:00,0.9
2025-06-12 18:23:00,3.6
2025-06-12 06:03:00,27.9
2025-06-12 04:50:00,92.1
2025-06-12 19:46:00,1.5
2025-06-12 01:31:00,9.7
2025-06-12 14:17:00,49.952608030142464
2025-06-12 22:40:00,38.0
2025-06-12 04:59:00,69.6
2025-06-12 10:33:00,50.7
2025-06-12 02:45:00,79.3
2025-06-12 04:09:00,93.0
2025-06-12 18:28:00,85.0
2025-06-12 04:30:00,91.7
2025-06-12 20:56:00,82.8
2025-06-12 04:40:00,59.7
2025-06-12 10:41:00,54.6
2025-06-12 22:45:00,49.952608030142464
2025-06-12 18:46:00,35.0
2025-06-12 18:37:00,58.3
2025-06-12 15:36:00,49.952608030142464
2025-06-12 21:54:00,27.3
2025-06-12 04:46:00,16.5
2025-06-12 15:14:00,95.1
2025-06-12 09:57:00,83.7
2025-06-12 03:00:00,49.952608030142464
2025-06-12 00:29:00,49.952608030142464
2025-06-12 04:51:00,17.1
2025-06-12 11:44:00,69.0
2025-06-12 11:18:00,58.4
2025-06-12 03:25:00,42.2
2025-06-12 07:41:00,94.8
2025-06-12 22:28:00,66.8
2025-06-12 02:11:00,49.952608030142464
2025-06-12 21:05:00,0.6
2025-06-12 20:36:00,88.9
2025-06-12 17:39:00,87.2
2025-06-12 23:29:00,30.7
2025-06-12 18:36:00,49.952608030142464
2025-06-12 02:54:00,70.2
2025-06-12 16:29:00,49.952608030142464
2025-06-12 03:25:00,20.1
2025-06-12 00:58:00,49.952608030142464
2025-06-12 02:08:00,85.1
2025-06-12 19:03:00,48.6
2025-06-12 11:58:00,49.952608030142464
2025-06-12 02:24:00,77.3
2025-06-12 08:00:00,49.7
2025-06-12 18:59:00,34.5
2025-06-12 15:15:00,29.8
2025-06-12 15:03:00,88.3
2025-06-12 22:57:00,76.2
2025-06-12 00:05:00,49.952608030142464
2025-06-12 15:44:00,35.7
2025-06-12 19:55:00,64.1
2025-06-12 11:20:00,25.2
2025-06-12 18:53:00,27.9
2025-06-12 19:47:00,34.1
2025-06-12 12:51:00,27.8
2025-06-12 02:04:00,49.952608030142464
2025-06-12 08:52:00,99.3
2025-06-12 15:06:00,45.4
2025-06-12 18:27:00,5.0
2025-06-12 22:16:00,49.952608030142464
2025-06-12 20:52:00,49.952608030142464
2025-06-12 01:09:00,87.0
2025-06-12 16:54:00,50.8
2025-06-12 18:39:00,21.5
2025-06-12 02:16:00,48.0
2025-06-12 22:33:00,42.4
2025-06-12 04:14:00,27.9
2025-06-12 00:29:00,71.3
2025-06-12 17:01:00,49.952608030142464
2025-06-12 10:05:00,38.2
2025-06-12 19:43:00,49.952608030142464
2025-06-12 02:12:00,4.7
2025-06-12 02:41:00,49.952608030142464
2025-06-12 21:38:00,49.952608030142464
2025-06-12 11:47:00,49.952608030142464
2025-06-12 21:57:00,22.1
2025-06-12 21:09:00,15.5
2025-06-12 08:17:00,6.9
2025-06-12 13:51:00,34.8
2025-06-12 10:32:00,84.7
2025-06-12 05:47:00,50.1
2025-06-12 16:53:00,95.5
2025-06-12 12:51:00,49.952608030142464
2025-06-12 02:37:00,79.5
2025-06-12 01:30:00,70.2
2025-06-12 15:02:00,0.7
2025-06-12 07:28:00,5.4
2025-06-12 20:35:00,9.6
2025-06-12 10:56:00,36.7
2025-06-12 02:47:00,49.952608030142464
2025-06-12 05:26:00,10.3
2025-06-12 05:31:00,12.0
2025-06-12 21:54:00,57.6
2025-06-12 16:07:00,77.6
2025-06-12 04:14:00,83.7
2025-06-12 04:48:00,10.5
2025-06-12 09:05:00,76.1
2025-06-12 16:24:00,49.952608030142464
2025-06-12 20:47:00,11.7
2025-06-12 18:56:00,27.2
2025-06-12 10:39:00,85.9
2025-06-12 15:35:00,24.9
2025-06-12 21:25:00,85.1
2025-06-12 17:56:00,87.1
2025-06-12 00:16:00,5.9
2025-06-12 12:30:00,45.7
2025-06-12 20:19:00,88.0
2025-06-12 12:13:00,49.952608030142464
2025-06-12 17:51:00,84.3
2025-06-12 18:07:00,21.5
2025-06-12 08:07:00,84.2
2025-06-12 18:48:00,14.2
2025-06-12 20:33:00,3.7
2025-06-12 06:56:00,79.6
2025-06-12 08:22:00,18.7
2025-06-12 02:48:00,20.6
2025-06-12 01:13:00,63.1
2025-06-12 03:32:00,28.4
2025-06-12 16:25:00,17.2
2025-06-12 21:18:00,49.952608030142464
2025-06-12 08:14:00,12.2
2025-06-12 03:07:00,47.7
2025-06-12 14:08:00,77.6
2025-06-12 03:52:00,28.1
2025-06-12 03:10:00,61.4
2025-06-12 00:07:00,82.0
2025-06-12 15:39:00,32.9
2025-06-12 09:37:00,97.9
2025-06-12 18:13:00,29.2
2025-06-12 06:41:00,50.21640523646657
2025-06-12 21:30:00,27.3
2025-06-12 16:21:00,50.21640523646657
2025-06-12 17:38:00,50.21640523646657
2025-06-12 17:00:00,40.3
2025-06-12 02:53:00,93.0
2025-06-12 14:21:00,82.4
2025-06-12 05:45:00,29.4
2025-06-12 18:41:00,59.0
2025-06-12 02:41:00,8.2
2025-06-12 19:55:00,64.1
2025-06-12 00:51:00,93.0
2025-06-12 06:36:00,90.5
2025-06-12 21:20:00,26.0
2025-06-12 15:23:00,76.1
2025-06-12 16:55:00,78.8
2025-06-12 21:42:00,69.5
2025-06-12 15:24:00,18.9
2025-06-12 00:19:00,38.3
2025-06-12 15:47:00,7.8
2025-06-12 13:26:00,55.6
2025-06-12 22:17:00,66.5
2025-06-12 04:26:00,18.8
2025-06-12 00:22:00,91.0
2025-06-12 18:10:00,93.6
2025-06-12 22:14:00,50.21640523646657
2025-06-12 15:50:00,50.21640523646657
2025-06-12 21:34:00,92.1
2025-06-12 21:37:00,97.7
2025-06-12 01:38:00,1.4
2025-06-12 01:51:00,36.8
2025-06-12 18:21:00,16.4
2025-06-12 04:32:00,50.21640523646657
2025-06-12 21:55:00,82.9
2025-06-12 04:27:00,76.5
2025-06-12 00:58:00,34.2
2025-06-12 20:08:00,94.4
2025-06-12 20:11:00,50.21640523646657
2025-06-12 10:52:00,80.4
2025-06-12 09:55:00,50.21640523646657
2025-06-12 03:00:00,97.9
2025-06-12 15:23:00,54.1
2025-06-12 13:29:00,86.4
2025-06-12 00:38:00,76.4
2025-06-12 10:04:00,50.21640523646657
2025-06-12 23:37:00,99.2
2025-06-12 18:39:00,68.1
2025-06-12 20:52:00,4.6
2025-06-12 02:12:00,36.9
2025-06-12 14:03:00,50.21640523646657
2025-06-12 11:03:00,77.8
2025-06-12 08:17:00,11.2
2025-06-12 19:42:00,91.1
2025-06-12 14:37:00,9.6
2025-06-12 13:35:00,50.21640523646657
2025-06-12 06:20:00,26.5
2025-06-12 04:27:00,44.2
2025-06-12 23:09:00,44.6
2025-06-12 05:23:00,34.4
2025-06-12 21:42:00,50.21640523646657
2025-06-12 03:08:00,36.1
2025-06-12 11:11:00,50.21640523646657
2025-06-12 23:30:00,40.3
2025-06-12 07:41:00,19.0
2025-06-12 15:38:00,52.7
2025-06-12 00:31:00,66.7
2025-06-12 14:33:00,83.1
2025-06-12 03:07:00,16.8
2025-06-12 12:40:00,41.1
2025-06-12 12:20:00,50.21640523646657
2025-06-12 22:13:00,17.1
2025-06-12 21:20:00,82.0
2025-06-12 08:07:00,55.2
2025-06-12 14:25:00,9.4
2025-06-12 03:19:00,50.21640523646657
2025-06-12 01:02:00,50.21640523646657
2025-06-12 01:10:00,26.8
2025-06-12 11:36:00,50.21640523646657
2025-06-12 23:16:00,70.2
2025-06-12 23:32:00,60.0
2025-06-12 00:03:00,64.0
2025-06-12 00:27:00,31.5
2025-06-12 06:08:00,75.9
2025-06-12 22:53:00,71.5
2025-06-12 09:42:00,92.7
2025-06-12 10:29:00,35.2
2025-06-12 00:27:00,50.21640523646657
2025-06-12 08:24:00,40.8
2025-06-12 22:18:00,46.6
2025-06-12 05:12:00,81.1
2025-06-12 03:14:00,75.1
2025-06-12 23:17:00,50.21640523646657
2025-06-12 21:41:00,50.21640523646657
2025-06-12 11:58:00,50.21640523646657
2025-06-12 19:00:00,54.8
2025-06-12 11:12:00,30.2
2025-06-12 13:36:00,18.8
2025-06-12 18:12:00,13.4
2025-06-12 03:39:00,50.21640523646657
2025-06-12 12:21:00,51.6
2025-06-12 06:59:00,11.9
2025-06-12 06:21:00,30.9
2025-06-12 03:18:00,97.4
2025-06-12 17:18:00,81.8
2025-06-12 19:16:00,70.3
2025-06-12 21:24:00,98.3
2025-06-12 22:51:00,24.6
2025-06-12 10:55:00,30.8
2025-06-12 19:03:00,57.0
2025-06-12 02:03:00,40.0
2025-06-12 17:38:00,42.4
2025-06-12 16:41:00,30.6
2025-06-12 01:20:00,21.5
2025-06-12 18:21:00,50.21640523646657
2025-06-12 05:14:00,90.3
2025-06-12 13:12:00,23.5
2025-06-12 19:39:00,72.9
2025-06-12 06:28:00,50.21640523646657
2025-06-12 15:54:00,44.3
2025-06-12 16:17:00,60.4
2025-06-12 00:22:00,50.2
2025-06-12 19:23:00,0.1
2025-06-12 19:25:00,28.9
2025-06-12 16:43:00,50.21640523646657
2025-06-12 11:49:00,36.1
2025-06-12 09:50:00,50.21640523646657
2025-06-12 00:33:00,68.0
2025-06-12 05:09:00,50.21640523646657
2025-06-12 16:48:00,36.0
2025-06-12 00:38:00,10.3
2025-06-12 18:52:00,97.5
2025-06-12 08:28:00,76.1
2025-06-12 08:09:00,14.6
2025-06-12 11:13:00,10.1
2025-06-12 13:51:00,11.9
2025-06-12 16:53:00,91.6
2025-06-12 01:59:00,56.1
2025-06-12 03:09:00,67.4
2025-06-12 07:36:00,50.21640523646657
2025-06-12 15:39:00,3.6
2025-06-12 14:12:00,47.6
2025-06-12 11:33:00,12.8
2025-06-12 07:01:00,50.21640523646657
2025-06-12 17:01:00,84.1
2025-06-12 00:05:00,50.21640523646657
2025-06-12 20:21:00,81.4
2025-06-12 08:46:00,94.7
2025-06-12 10:36:00,50.21640523646657
2025-06-12 04:52:00,50.21640523646657
2025-06-12 14:48:00,71.5
2025-06-12 19:55:00,83.7
2025-06-12 02:17:00,89.6
2025-06-12 16:37:00,51.8
2025-06-12 12:54:00,63.7
2025-06-12 12:04:00,50.21640523646657
2025-06-12 06:46:00,82.2
2025-06-12 21:24:00,70.1
2025-06-12 13:33:00,59.0
2025-06-12 21:48:00,33.4
2025-06-12 16:27:00,76.2
2025-06-12 03:41:00,27.6
2025-06-12 05:09:00,50.21640523646657
2025-06-12 17:09:00,88.9
2025-06-12 21:18:00,37.4
2025-06-12 16:22:00,61.0
2025-06-12 06:56:00,40.9
2025-06-12 00:30:00,2.6
2025-06-12 14:36:00,82.3
2025-06-12 23:36:00,79.7
2025-06-12 21:16:00,26.5
2025-06-12 08:58:00,50.21640523646657
2025-06-12 22:41:00,58.8
2025-06-12 07:07:00,60.3
2025-06-12 19:11:00,65.2
2025-06-12 06:13:00,50.21640523646657
2025-06-12 03:13:00,24.0
2025-06-12 16:26:00,67.6
2025-06-12 03:18:00,84.2
2025-06-12 17:46:00,9.4
2025-06-12 04:17:00,22.8
2025-06-12 01:21:00,45.0
2025-06-12 11:07:00,2.1
2025-06-12 01:45:00,42.1
2025-06-12 07:48:00,7.3
2025-06-12 01:32:00,50.21640523646657
2025-06-12 20:31:00,17.7
2025-06-12 05:32:00,13.6
2025-06-12 22:53:00,80.1
2025-06-12 15:44:00,50.6
2025-06-12 23:27:00,62.6
2025-06-12 09:03:00,97.6
2025-06-12 21:44:00,75.4
2025-06-12 05:44:00,83.1
2025-06-12 22:51:00,73.5
2025-06-12 02:02:00,96.9
2025-06-12 01:20:00,66.4
2025-06-12 08:24:00,61.7
2025-06-12 22:26:00,6.0
2025-06-12 17:58:00,5.8
2025-06-12 03:55:00,24.5
2025-06-12 10:47:00,50.21640523646657
2025-06-12 17:45:00,50.21640523646657
2025-06-12 19:50:00,50.21640523646657
2025-06-12 04:11:00,87.0
2025-06-12 19:35:00,64.1
2025-06-12 09:14:00,38.3
2025-06-12 06:57:00,46.0
2025-06-12 12:24:00,3.6
2025-06-12 18:10:00,92.6
2025-06-12 05:58:00,24.2
2025-06-12 02:00:00,34.7
2025-06-12 21:52:00,48.9
2025-06-12 15:22:00,72.1
2025-06-12 19:45:00,16.0
2025-06-12 16:22:00,2.1
2025-06-12 07:57:00,64.3
2025-06-12 06:41:00,67.4
2025-06-12 08:05:00,78.1
2025-06-12 09:01:00,50.21640523646657
2025-06-12 12:46:00,54.4
2025-06-12 15:30:00,11.4
2025-06-12 12:40:00,50.21640523646657
2025-06-12 18:08:00,85.2
2025-06-12 01:37:00,46.6
2025-06-12 22:53:00,50.21640523646657
2025-06-12 18:21:00,14.1
2025-06-12 03:35:00,60.1
2025-06-12 09:02:00,18.6
2025-06-12 01:35:00,70.8
2025-06-12 02:52:00,5.4
2025-06-12 23:19:00,31.5
2025-06-12 20:59:00,58.1
2025-06-12 19:36:00,42.8
2025-06-12 01:07:00,46.9
2025-06-12 17:24:00,3.7
2025-06-12 10:31:00,9.8
2025-06-12 05:02:00,98.3
2025-06-12 21:49:00,12.0
2025-06-12 15:29:00,81.3
2025-06-12 09:02:00,67.2
2025-06-12 16:17:00,36.6
2025-06-12 03:24:00,97.6
2025-06-12 07:16:00,22.4
2025-06-12 14:34:00,31.6
2025-06-12 19:01:00,50.21640523646657
2025-06-12 21:21:00,76.2
2025-06-12 06:46:00,36.6
2025-06-12 15:10:00,4.5
2025-06-12 15:59:00,63.9
2025-06-12 13:19:00,41.1
2025-06-12 13:41:00,40.1
2025-06-12 07:09:00,50.21640523646657
2025-06-12 03:56:00,90.4
2025-06-12 02:45:00,99.2
2025-06-12 07:46:00,50.21640523646657
2025-06-12 08:29:00,50.21640523646657
2025-06-12 23:08:00,78.6
2025-06-12 16:09:00,85.4
2025-06-12 11:16:00,32.4
2025-06-12 04:48:00,50.21640523646657
2025-06-12 23:32:00,34.1
2025-06-12 09:48:00,28.0
2025-06-12 03:21:00,55.7
2025-06-12 04:25:00,50.21640523646657
2025-06-12 07:03:00,93.4
2025-06-12 21:22:00,86.8
2025-06-12 09:13:00,96.3
2025-06-12 16:56:00,30.3
2025-06-12 21:59:00,19.1
2025-06-12 22:09:00,50.21640523646657
2025-06-12 22:23:00,77.9
2025-06-12 12:06:00,50.21640523646657
2025-06-12 07:28:00,25.0
2025-06-12 13:52:00,80.2
2025-06-12 00:52:00,32.2
2025-06-12 22:42:00,54.1
2025-06-12 17:20:00,3.4
2025-06-12 17:56:00,51.7
2025-06-12 08:12:00,50.21640523646657
2025-06-12 21:15:00,91.0
2025-06-12 09:52:00,19.6
2025-06-12 23:41:00,50.9
2025-06-12 05:10:00,87.8
2025-06-12 00:44:00,50.21640523646657
2025-06-12 19:50:00,51.2
2025-06-12 12:48:00,60.1
2025-06-12 11:56:00,34.5
2025-06-12 12:01:00,70.1
2025-06-12 20:51:00,54.3
2025-06-12 08:59:00,61.1
2025-06-12 20:46:00,71.7
2025-06-12 14:13:00,46.5
2025-06-12 14:25:00,61.0
2025-06-12 17:22:00,92.7
2025-06-12 09:33:00,81.4
2025-06-12 17:53:00,76.0
2025-06-12 17:39:00,92.6
2025-06-12 20:24:00,40.5
2025-06-12 19:59:00,79.2
2025-06-12 23:42:00,45.0
2025-06-12 18:16:00,17.0
2025-06-12 01:52:00,42.6
2025-06-12 10:23:00,42.7
2025-06-12 06:23:00,21.0
2025-06-12 06:12:00,56.1
2025-06-12 19:51:00,50.21640523646657
2025-06-12 22:44:00,50.21640523646657
2025-06-12 04:33:00,46.2
2025-06-12 18:47:00,91.5
2025-06-12 23:52:00,34.9
2025-06-12 00:35:00,90.2
2025-06-12 16:24:00,28.1
2025-06-12 02:56:00,22.1
2025-06-12 01:47:00,13.3
2025-06-12 16:37:00,90.4
2025-06-12 13:33:00,50.21640523646657
2025-06-12 01:26:00,92.2
2025-06-12 10:01:00,66.6
2025-06-12 18:56:00,4.9
2025-06-12 18:38:00,62.5
2025-06-12 09:55:00,63.3
2025-06-12 01:20:00,2.0
2025-06-12 10:11:00,39.0
2025-06-12 13:39:00,50.21640523646657
2025-06-12 00:40:00,14.7
2025-06-12 15:27:00,56.6
2025-06-12 09:48:00,10.6
2025-06-12 22:00:00,66.8
2025-06-12 09:36:00,92.5
2025-06-12 02:40:00,22.3
2025-06-12 00:35:00,50.21640523646657
2025-06-12 06:49:00,61.0
2025-06-12 11:17:00,59.7
2025-06-12 23:18:00,32.0
2025-06-12 18:42:00,3.4
2025-06-12 09:45:00,63.7
2025-06-12 21:31:00,8.0
2025-06-12 02:22:00,90.9
2025-06-12 15:16:00,49.70408187272085
2025-06-12 21:16:00,98.2
2025-06-12 14:06:00,93.2
2025-06-12 08:28:00,77.3
2025-06-12 04:54:00,31.3
2025-06-12 02:49:00,19.7
2025-06-12 02:08:00,49.70408187272085
2025-06-12 00:32:00,22.6
2025-06-12 04:47:00,80.3
2025-06-12 13:18:00,44.9
2025-06-12 15:06:00,79.1
2025-06-12 04:15:00,66.0
2025-06-12 23:13:00,72.8
2025-06-12 05:30:00,94.4
2025-06-12 13:56:00,80.3
2025-06-12 17:18:00,57.9
2025-06-12 10:58:00,56.4
2025-06-12 21:31:00,23.9
2025-06-12 06:52:00,49.70408187272085
2025-06-12 16:32:00,49.9
2025-06-12 22:23:00,97.5
2025-06-12 19:41:00,55.6
2025-06-12 21:41:00,49.70408187272085
2025-06-12 10:55:00,3.9
2025-06-12 14:40:00,46.0
2025-06-12 18:35:00,8.8
2025-06-12 14:10:00,77.6
2025-06-12 20:28:00,58.3
2025-06-12 11:02:00,72.7
2025-06-12 03:31:00,64.3
2025-06-12 07:37:00,49.70408187272085
2025-06-12 23:02:00,10.4
2025-06-12 08:04:00,75.1
2025-06-12 10:51:00,70.3
2025-06-12 21:18:00,9.5
2025-06-12 15:48:00,60.5
2025-06-12 10:26:00,49.70408187272085
2025-06-12 19:24:00,97.1
2025-06-12 20:58:00,49.70408187272085
2025-06-12 21:56:00,43.9
2025-06-12 20:21:00,32.1
2025-06-12 03:42:00,31.1
2025-06-12 15:10:00,29.0
2025-06-12 21:22:00,32.2
2025-06-12 03:06:00,49.70408187272085
2025-06-12 04:00:00,4.4
2025-06-12 08:37:00,20.5
2025-06-12 12:57:00,51.7
2025-06-12 19:53:00,24.5
2025-06-12 03:50:00,56.0
2025-06-12 04:56:00,9.8
2025-06-12 20:28:00,15.0
2025-06-12 05:53:00,76.7
2025-06-12 19:29:00,49.3
2025-06-12 16:24:00,82.9
2025-06-12 09:39:00,92.2
2025-06-12 10:41:00,49.70408187272085
2025-06-12 07:37:00,58.2
2025-06-12 05:19:00,46.1
2025-06-12 19:59:00,78.5
2025-06-12 14:12:00,49.70408187272085
2025-06-12 14:16:00,78.4
2025-06-12 02:40:00,49.70408187272085
2025-06-12 00:46:00,56.2
2025-06-12 22:31:00,96.1
2025-06-12 05:08:00,19.7
2025-06-12 04:01:00,14.7
2025-06-12 15:30:00,36.8
2025-06-12 02:38:00,55.1
2025-06-12 20:17:00,96.1
2025-06-12 02:59:00,86.0
2025-06-12 09:46:00,94.7
2025-06-12 14:22:00,46.8
2025-06-12 01:07:00,50.0
2025-06-12 00:37:00,49.70408187272085
2025-06-12 12:53:00,10.3
2025-06-12 23:46:00,47.9
2025-06-12 13:05:00,0.6
2025-06-12 18:19:00,35.1
2025-06-12 04:57:00,22.2
2025-06-12 04:31:00,42.4
2025-06-12 20:25:00,73.7
2025-06-12 23:05:00,89.1
2025-06-12 07:12:00,71.3
2025-06-12 03:20:00,43.0
2025-06-12 22:31:00,44.3
2025-06-12 18:00:00,91.4
2025-06-12 22:17:00,58.8
2025-06-12 14:43:00,49.70408187272085
2025-06-12 23:40:00,26.7
2025-06-12 05:54:00,8.3
2025-06-12 03:24:00,64.3
2025-06-12 17:29:00,49.70408187272085
2025-06-12 12:54:00,64.8
2025-06-12 13:22:00,49.70408187272085
2025-06-12 21:49:00,64.6
2025-06-12 06:05:00,65.6
2025-06-12 03:29:00,49.70408187272085
2025-06-12 23:21:00,49.70408187272085
2025-06-12 05:05:00,81.4
2025-06-12 23:25:00,27.7
2025-06-12 13:52:00,35.1
2025-06-12 06:40:00,61.2
2025-06-12 21:51:00,56.7
2025-06-12 17:22:00,47.0
2025-06-12 13:36:00,31.3
2025-06-12 21:29:00,28.8
2025-06-12 20:36:00,48.0
2025-06-12 12:16:00,3.0
2025-06-12 21:08:00,78.2
2025-06-12 12:50:00,81.0
2025-06-12 14:27:00,97.6
2025-06-12 04:40:00,77.5
2025-06-12 13:33:00,54.3
2025-06-12 20:07:00,17.5
2025-06-12 03:31:00,82.0
2025-06-12 18:42:00,46.0
2025-06-12 16:37:00,72.9
2025-06-12 18:32:00,88.4
2025-06-12 20:13:00,49.70408187272085
2025-06-12 00:56:00,0.5
2025-06-12 07:39:00,35.1
2025-06-12 03:16:00,56.8
2025-06-12 12:10:00,90.3
2025-06-12 22:56:00,49.70408187272085
2025-06-12 03:47:00,49.70408187272085
2025-06-12 20:01:00,23.8
2025-06-12 19:13:00,87.9
2025-06-12 06:41:00,49.70408187272085
2025-06-12 03:26:00,67.9
2025-06-12 22:48:00,50.6
2025-06-12 15:32:00,61.3
2025-06-12 21:16:00,65.8
2025-06-12 08:15:00,74.5
2025-06-12 21:54:00,19.6
2025-06-12 04:14:00,91.0
2025-06-12 21:58:00,49.70408187272085
2025-06-12 23:35:00,49.70408187272085
2025-06-12 20:16:00,12.5
2025-06-12 03:59:00,19.3
2025-06-12 08:26:00,49.70408187272085
2025-06-12 03:12:00,47.3
2025-06-12 14:11:00,61.5
2025-06-12 13:04:00,5.3
2025-06-12 22:33:00,50.6
2025-06-12 01:05:00,82.6
2025-06-12 09:04:00,66.8
2025-06-12 12:52:00,49.70408187272085
2025-06-12 18:16:00,47.9
2025-06-12 03:44:00,63.8
2025-06-12 13:35:00,34.9
2025-06-12 15:23:00,86.2
2025-06-12 15:27:00,41.1
2025-06-12 02:03:00,0.8
2025-06-12 07:09:00,56.8
2025-06-12 10:09:00,31.1
2025-06-12 10:18:00,50.3
2025-06-12 06:21:00,96.0
2025-06-12 15:06:00,79.8
2025-06-12 19:23:00,43.7
2025-06-12 12:57:00,97.7
2025-06-12 06:40:00,49.70408187272085
2025-06-12 15:29:00,49.70408187272085
2025-06-12 00:45:00,49.70408187272085
2025-06-12 04:48:00,24.9
2025-06-12 07:44:00,9.7
2025-06-12 05:52:00,31.8
2025-06-12 23:14:00,2.6
2025-06-12 04:24:00,49.70408187272085
2025-06-12 05:18:00,54.7
2025-06-12 05:07:00,76.4
2025-06-12 03:37:00,49.6
2025-06-12 13:47:00,63.6
2025-06-12 18:36:00,67.8
2025-06-12 06:29:00,56.0
2025-06-12 04:06:00,91.1
2025-06-12 03:49:00,61.9
2025-06-12 17:36:00,18.7
2025-06-12 00:59:00,77.3
2025-06-12 11:20:00,58.7
2025-06-12 07:11:00,29.1
2025-06-12 06:04:00,56.9
2025-06-12 22:18:00,13.5
2025-06-12 22:26:00,24.6
2025-06-12 01:58:00,49.70408187272085
2025-06-12 03:51:00,34.0
2025-06-12 22:44:00,2.6
2025-06-12 23:52:00,20.7
2025-06-12 05:09:00,1.9
2025-06-12 12:44:00,82.4
2025-06-12 01:53:00,10.7
2025-06-12 04:23:00,49.70408187272085
2025-06-12 05:33:00,61.2
2025-06-12 13:14:00,3.2
2025-06-12 22:50:00,49.70408187272085
2025-06-12 06:23:00,90.1
2025-06-12 07:21:00,4.5
2025-06-12 11:15:00,49.70408187272085
2025-06-12 20:48:00,19.9
2025-06-12 19:43:00,49.70408187272085
2025-06-12 07:50:00,25.2
2025-06-12 17:39:00,27.3
2025-06-12 10:51:00,97.9
2025-06-12 06:22:00,16.6
2025-06-12 17:21:00,39.7
2025-06-12 06:31:00,34.8
2025-06-12 08:57:00,87.2
2025-06-12 20:20:00,49.70408187272085
2025-06-12 07:09:00,54.9
2025-06-12 14:58:00,37.2
2025-06-12 16:14:00,34.2
2025-06-12 09:07:00,6.8
2025-06-12 06:59:00,88.6
2025-06-12 01:45:00,49.70408187272085
2025-06-12 17:25:00,33.1
2025-06-12 06:12:00,49.70408187272085
2025-06-12 12:40:00,70.5
2025-06-12 03:24:00,40.3
2025-06-12 17:17:00,85.6
2025-06-12 18:51:00,13.3
2025-06-12 08:29:00,49.70408187272085
2025-06-12 08:16:00,26.0
2025-06-12 18:38:00,8.8
2025-06-12 12:34:00,42.8
2025-06-12 11:57:00,73.4
2025-06-12 10:21:00,60.0
2025-06-12 01:20:00,28.4
2025-06-12 00:03:00,89.4
2025-06-12 03:35:00,76.9
2025-06-12 18:15:00,58.6
2025-06-12 20:59:00,59.1
2025-06-12 17:52:00,22.7
2025-06-12 18:47:00,7.3
2025-06-12 02:54:00,33.2
2025-06-12 13:22:00,34.8
2025-06-12 17:04:00,28.8
2025-06-12 17:43:00,49.70408187272085
2025-06-12 23:36:00,64.3
2025-06-12 05:14:00,14.8
2025-06-12 00:12:00,35.8
2025-06-12 00:14:00,49.70408187272085
2025-06-12 01:50:00,18.1
2025-06-12 03:25:00,19.0
2025-06-12 15:55:00,6.2
2025-06-12 11:51:00,10.1
2025-06-12 13:17:00,47.4
2025-06-12 04:35:00,53.5
2025-06-12 19:24:00,27.7
2025-06-12 01:48:00,83.2
2025-06-12 11:44:00,16.9
2025-06-12 03:37:00,15.9
2025-06-12 22:38:00,2.4
2025-06-12 21:16:00,35.1
2025-06-12 12:00:00,27.3
2025-06-12 06:03:00,75.6
2025-06-12 19:15:00,49.70408187272085
2025-06-12 01:10:00,49.70408187272085
2025-06-12 16:01:00,13.1
2025-06-12 10:06:00,22.5
2025-06-12 23:13:00,6.7
2025-06-12 13:29:00,40.6
2025-06-12 04:28:00,3.8
2025-06-12 17:45:00,51.3
2025-06-12 14:57:00,26.1
2025-06-12 21:26:00,7.9
2025-06-12 07:41:00,49.70408187272085
2025-06-12 16:38:00,79.6
2025-06-12 03:23:00,49.70408187272085
2025-06-12 15:30:00,37.3
2025-06-12 15:34:00,4.9
2025-06-12 02:13:00,73.2
2025-06-12 20:25:00,12.2
2025-06-12 18:25:00,0.2
2025-06-12 18:58:00,15.7
2025-06-12 07:09:00,86.5
2025-06-12 09:55:00,85.3
2025-06-12 00:30:00,33.3
2025-06-12 04:43:00,55.9
2025-06-12 16:26:00,68.9
2025-06-12 12:36:00,87.1
2025-06-12 16:55:00,92.2
2025-06-12 22:08:00,92.3
2025-06-12 08:08:00,15.3
2025-06-12 06:01:00,94.4
2025-06-12 12:36:00,23.9
2025-06-12 08:19:00,55.7
2025-06-12 18:43:00,69.1
2025-06-12 08:56:00,84.0
2025-06-12 08:48:00,91.0
2025-06-12 08:56:00,78.3
2025-06-12 04:37:00,1.6
2025-06-12 04:30:00,55.7
2025-06-12 12:54:00,83.6
2025-06-12 01:17:00,49.70408187272085
2025-06-12 06:57:00,88.9
2025-06-12 16:36:00,8.8
2025-06-12 00:40:00,56.4
2025-06-12 16:35:00,13.9
2025-06-12 22:21:00,23.8
2025-06-12 22:35:00,14.9
2025-06-12 04:51:00,39.6
2025-06-12 14:04:00,49.3
2025-06-12 16:16:00,49.70408187272085
2025-06-12 04:24:00,34.9
2025-06-12 16:54:00,59.6
2025-06-12 17:31:00,4.2
2025-06-12 02:50:00,9.9
2025-06-12 13:39:00,49.70408187272085
2025-06-12 14:14:00,4.8
2025-06-12 08:32:00,59.4
2025-06-12 13:56:00,49.70408187272085
2025-06-12 03:14:00,58.1
2025-06-12 08:57:00,95.6
2025-06-12 17:35:00,50.4
2025-06-12 22:42:00,15.6
2025-06-12 18:37:00,6.2
2025-06-12 20:34:00,59.0
2025-06-12 22:40:00,38.4
2025-06-12 14:18:00,58.7
2025-06-12 08:41:00,85.8
2025-06-12 00:35:00,85.6
2025-06-12 09:40:00,15.3
2025-06-12 23:08:00,14.1
2025-06-12 07:05:00,32.2
2025-06-12 15:41:00,98.8
2025-06-12 22:03:00,62.3
2025-06-12 02:46:00,50.1110094970102
2025-06-12 16:43:00,50.1110094970102
2025-06-12 13:37:00,64.2
2025-06-12 19:28:00,50.1110094970102
2025-06-12 15:35:00,77.9
2025-06-12 08:56:00,83.3
2025-06-12 02:19:00,67.8
2025-06-12 01:07:00,17.3
2025-06-12 13:45:00,73.5
2025-06-12 09:56:00,85.6
2025-06-12 19:25:00,82.4
2025-06-12 04:16:00,24.0
2025-06-12 09:21:00,68.8
2025-06-12 19:13:00,9.4
2025-06-12 06:48:00,47.8
2025-06-12 09:04:00,50.1110094970102
2025-06-12 23:47:00,99.5
2025-06-12 09:07:00,52.3
2025-06-12 17:24:00,94.4
2025-06-12 14:16:00,81.0
2025-06-12 23:47:00,17.9
2025-06-12 02:12:00,19.3
2025-06-12 19:54:00,3.5
2025-06-12 21:21:00,32.3
2025-06-12 07:37:00,50.1110094970102
2025-06-12 16:17:00,16.4
2025-06-12 11:11:00,68.0
2025-06-12 13:36:00,58.4
2025-06-12 22:42:00,92.1
2025-06-12 02:16:00,1.6
2025-06-12 09:53:00,80.8
2025-06-12 09:29:00,27.4
2025-06-12 21:54:00,99.2
2025-06-12 08:02:00,93.1
2025-06-12 01:53:00,94.2
2025-06-12 04:57:00,50.1110094970102
2025-06-12 14:47:00,50.1110094970102
2025-06-12 03:47:00,25.6
2025-06-12 10:31:00,87.9
2025-06-12 08:23:00,50.1110094970102
2025-06-12 21:32:00,47.1
2025-06-12 06:53:00,35.8
2025-06-12 08:58:00,40.1
2025-06-12 03:44:00,50.1110094970102
2025-06-12 23:22:00,41.0
2025-06-12 00:38:00,21.1
2025-06-12 20:53:00,99.1
2025-06-12 05:31:00,50.1110094970102
2025-06-12 04:04:00,34.8
2025-06-12 12:30:00,61.3
2025-06-12 08:53:00,35.0
2025-06-12 12:54:00,78.8
2025-06-12 12:06:00,18.2
2025-06-12 10:09:00,94.1
2025-06-12 16:31:00,12.2
2025-06-12 18:42:00,50.1110094970102
2025-06-12 01:47:00,50.1110094970102
2025-06-12 03:49:00,58.0
2025-06-12 19:31:00,59.0
2025-06-12 15:03:00,52.4
2025-06-12 20:19:00,86.4
2025-06-12 18:16:00,15.5
2025-06-12 12:29:00,4.5
2025-06-12 13:06:00,35.3
2025-06-12 23:02:00,50.1110094970102
2025-06-12 19:48:00,81.9
2025-06-12 14:39:00,92.1
2025-06-12 00:37:00,41.0
2025-06-12 00:40:00,41.6
2025-06-12 16:30:00,33.7
2025-06-12 06:06:00,50.1110094970102
2025-06-12 16:07:00,37.1
2025-06-12 19:54:00,97.9
2025-06-12 15:55:00,21.8
2025-06-12 01:40:00,60.2
2025-06-12 18:41:00,74.0
2025-06-12 14:30:00,30.1
2025-06-12 12:43:00,50.1110094970102
2025-06-12 09:57:00,24.0
2025-06-12 11:00:00,26.0
2025-06-12 11:12:00,50.1110094970102
2025-06-12 02:37:00,78.5
2025-06-12 08:51:00,23.8
2025-06-12 14:35:00,93.8
2025-06-12 12:24:00,75.4
2025-06-12 06:34:00,62.4
2025-06-12 14:09:00,79.6
2025-06-12 10:31:00,27.0
2025-06-12 23:13:00,50.1110094970102
2025-06-12 12:49:00,61.8
2025-06-12 07:05:00,81.2
2025-06-12 13:04:00,85.7
2025-06-12 23:59:00,31.5
2025-06-12 00:11:00,95.6
2025-06-12 12:24:00,70.7
2025-06-12 01:39:00,17.6
2025-06-12 01:10:00,14.7
2025-06-12 10:59:00,50.1110094970102
2025-06-12 09:08:00,74.0
2025-06-12 10:00:00,10.8
2025-06-12 10:14:00,17.9
2025-06-12 04:32:00,27.9
2025-06-12 09:02:00,81.6
2025-06-12 14:32:00,69.2
2025-06-12 08:59:00,60.8
2025-06-12 11:51:00,52.7
2025-06-12 09:41:00,76.2
2025-06-12 00:03:00,21.9
2025-06-12 05:02:00,11.0
2025-06-12 19:12:00,93.4
2025-06-12 14:04:00,50.1110094970102
2025-06-12 15:59:00,21.8
2025-06-12 09:24:00,84.0
2025-06-12 11:33:00,84.7
2025-06-12 03:46:00,62.5
2025-06-12 11:42:00,99.8
2025-06-12 00:13:00,13.4
2025-06-12 17:47:00,14.9
2025-06-12 11:52:00,29.7
2025-06-12 12:57:00,78.3
2025-06-12 15:18:00,94.4
2025-06-12 23:26:00,6.2
2025-06-12 07:08:00,90.3
2025-06-12 14:10:00,93.0
2025-06-12 13:55:00,31.4
2025-06-12 16:43:00,26.2
2025-06-12 17:46:00,15.6
2025-06-12 11:39:00,50.1110094970102
2025-06-12 02:20:00,3.3
2025-06-12 02:31:00,81.9
2025-06-12 21:11:00,36.5
2025-06-12 07:43:00,69.8
2025-06-12 12:05:00,44.1
2025-06-12 15:21:00,15.8
2025-06-12 23:09:00,7.3
2025-06-12 12:19:00,77.2
2025-06-12 21:56:00,59.1
2025-06-12 09:41:00,24.7
2025-06-12 08:23:00,2.2
2025-06-12 14:06:00,88.3
2025-06-12 02:39:00,0.4
2025-06-12 08:07:00,77.3
2025-06-12 23:13:00,50.1110094970102
2025-06-12 01:31:00,50.1110094970102
2025-06-12 00:56:00,35.7
2025-06-12 09:17:00,50.1110094970102
2025-06-12 08:20:00,70.5
2025-06-12 18:28:00,40.9
2025-06-12 11:48:00,21.3
2025-06-12 23:37:00,35.1
2025-06-12 10:09:00,4.8
2025-06-12 18:41:00,46.0
2025-06-12 20:36:00,1.8
2025-06-12 14:52:00,50.1110094970102
2025-06-12 14:39:00,16.3
2025-06-12 20:46:00,61.0
2025-06-12 08:51:00,81.0
2025-06-12 09:03:00,68.8
2025-06-12 12:01:00,54.3
2025-06-12 01:43:00,38.1
2025-06-12 06:30:00,58.9
2025-06-12 03:46:00,35.4
2025-06-12 00:29:00,50.1110094970102
2025-06-12 09:28:00,83.0
2025-06-12 07:42:00,50.1110094970102
2025-06-12 23:11:00,41.1
2025-06-12 23:39:00,77.4
2025-06-12 12:58:00,76.5
2025-06-12 01:28:00,63.3
2025-06-12 23:29:00,50.1110094970102
2025-06-12 23:15:00,74.0
2025-06-12 11:53:00,31.4
2025-06-12 02:01:00,10.2
2025-06-12 04:13:00,69.4
2025-06-12 01:27:00,73.9
2025-06-12 03:29:00,50.4
2025-06-12 21:04:00,25.0
2025-06-12 22:20:00,14.8
2025-06-12 08:41:00,66.5
2025-06-12 05:51:00,94.7
2025-06-12 05:28:00,40.7
2025-06-12 12:03:00,47.4
2025-06-12 12:08:00,21.9
2025-06-12 18:18:00,93.8
2025-06-12 21:54:00,21.9
2025-06-12 21:46:00,74.8
2025-06-12 13:54:00,22.4
2025-06-12 15:56:00,25.8
2025-06-12 00:29:00,54.1
2025-06-12 06:43:00,50.1110094970102
2025-06-12 10:19:00,40.9
2025-06-12 21:26:00,38.4
2025-06-12 00:11:00,5.3
2025-06-12 15:49:00,50.1110094970102
2025-06-12 03:42:00,70.7
2025-06-12 11:13:00,21.1
2025-06-12 16:45:00,39.4
2025-06-12 14:38:00,70.1
2025-06-12 15:34:00,62.8
2025-06-12 10:21:00,49.3
2025-06-12 07:24:00,48.1
2025-06-12 23:40:00,62.2
2025-06-12 08:18:00,67.8
2025-06-12 08:43:00,4.5
2025-06-12 03:05:00,45.3
2025-06-12 00:44:00,7.6
2025-06-12 03:37:00,42.2
2025-06-12 22:26:00,97.4
2025-06-12 10:18:00,66.8
2025-06-12 22:13:00,27.9
2025-06-12 23:28:00,28.0
2025-06-12 04:56:00,19.1
2025-06-12 16:21:00,14.5
2025-06-12 23:36:00,50.1110094970102
2025-06-12 16:06:00,40.5
2025-06-12 06:48:00,74.7
2025-06-12 08:19:00,24.5
2025-06-12 02:21:00,0.4
2025-06-12 10:10:00,94.4
2025-06-12 23:53:00,29.2
2025-06-12 18:20:00,61.5
2025-06-12 12:48:00,79.4
2025-06-12 15:12:00,50.1110094970102
2025-06-12 21:42:00,15.8
2025-06-12 03:32:00,97.4
2025-06-12 00:23:00,72.6
2025-06-12 13:12:00,4.7
2025-06-12 23:59:00,45.7
2025-06-12 06:12:00,11.5
2025-06-12 03:31:00,86.8
2025-06-12 11:15:00,94.7
2025-06-12 09:23:00,81.0
2025-06-12 10:38:00,69.1
2025-06-12 11:46:00,50.1110094970102
2025-06-12 05:51:00,92.4
2025-06-12 12:43:00,2.9
2025-06-12 10:13:00,73.9
2025-06-12 05:50:00,17.4
2025-06-12 14:57:00,50.1110094970102
2025-06-12 14:36:00,16.7
2025-06-12 17:58:00,46.3
2025-06-12 09:11:00,50.1110094970102
2025-06-12 12:20:00,17.7
2025-06-12 09:22:00,26.2
2025-06-12 14:50:00,42.8
2025-06-12 10:19:00,68.9
2025-06-12 04:54:00,38.5
2025-06-12 14:58:00,37.0
2025-06-12 16:47:00,69.4
2025-06-12 17:02:00,50.1110094970102
2025-06-12 20:00:00,47.9
2025-06-12 13:38:00,50.1110094970102
2025-06-12 14:28:00,71.0
2025-06-12 02:47:00,40.6
2025-06-12 16:34:00,6.7
2025-06-12 19:07:00,50.1110094970102
2025-06-12 23:03:00,12.0
2025-06-12 08:08:00,18.6
2025-06-12 11:59:00,86.4
2025-06-12 16:20:00,81.3
2025-06-12 17:34:00,50.1110094970102
2025-06-12 10:08:00,48.0
2025-06-12 00:21:00,97.4
2025-06-12 06:25:00,13.2
2025-06-12 19:24:00,71.0
2025-06-12 13:44:00,28.2
2025-06-12 04:48:00,64.7
2025-06-12 11:39:00,90.5
2025-06-12 22:47:00,49.0
2025-06-12 16:32:00,50.1110094970102
2025-06-12 02:18:00,32.5
2025-06-12 16:22:00,40.8
2025-06-12 02:18:00,28.2
2025-06-12 18:47:00,19.2
2025-06-12 12:25:00,50.1110094970102
2025-06-12 03:56:00,2.5
2025-06-12 06:39:00,50.1110094970102
2025-06-12 21:12:00,89.1
2025-06-12 23:08:00,80.3
2025-06-12 14:59:00,46.9
2025-06-12 04:12:00,50.1110094970102
2025-06-12 09:37:00,51.2
2025-06-12 20:49:00,40.7
2025-06-12 05:10:00,47.5
2025-06-12 21:51:00,50.1110094970102
2025-06-12 22:58:00,20.8
2025-06-12 23:00:00,50.0
2025-06-12 01:41:00,51.8
2025-06-12 17:26:00,99.8
2025-06-12 15:17:00,1.1
2025-06-12 23:22:00,50.1110094970102
2025-06-12 09:39:00,41.8
2025-06-12 10:50:00,36.2
2025-06-12 16:44:00,87.4
2025-06-12 18:01:00,82.9
2025-06-12 05:33:00,34.5
2025-06-12 02:53:00,99.5
2025-06-12 17:40:00,7.6
2025-06-12 16:58:00,61.5
2025-06-12 06:40:00,50.1110094970102
2025-06-12 05:59:00,12.2
2025-06-12 00:53:00,88.9
2025-06-12 02:33:00,64.0
2025-06-12 01:19:00,0.9
2025-06-12 20:21:00,97.0
2025-06-12 15:40:00,55.7
2025-06-12 11:50:00,50.1110094970102
2025-06-12 02:59:00,86.5
2025-06-12 17:58:00,84.8
2025-06-12 05:10:00,1.0
2025-06-12 11:58:00,65.1
2025-06-12 12:41:00,50.1110094970102
2025-06-12 20:51:00,19.6
2025-06-12 11:33:00,20.1
2025-06-12 01:49:00,36.8
2025-06-12 16:10:00,7.8
2025-06-12 20:55:00,37.4
2025-06-12 01:52:00,4.5
2025-06-12 18:41:00,7.4
2025-06-12 18:31:00,50.1110094970102
2025-06-12 15:45:00,50.1110094970102
2025-06-12 01:37:00,50.1110094970102
2025-06-12 19:54:00,82.7
2025-06-12 19:41:00,10.2
2025-06-12 06:07:00,47.1
2025-06-12 01:02:00,69.4
2025-06-12 09:17:00,50.1110094970102
2025-06-12 01:46:00,16.4
2025-06-12 00:27:00,18.4
2025-06-12 04:11:00,9.7
2025-06-12 18:01:00,61.1
2025-06-12 05:18:00,31.3
2025-06-12 02:31:00,64.7
2025-06-12 05:26:00,94.9
2025-06-12 22:34:00,50.1110094970102
2025-06-12 07:19:00,50.1110094970102
2025-06-12 17:23:00,20.6
2025-06-12 17:10:00,11.9
2025-06-12 15:40:00,63.2
2025-06-12 13:55:00,50.1110094970102
2025-06-12 17:10:00,37.4
2025-06-12 08:43:00,6.5
2025-06-12 16:45:00,4.8
2025-06-12 04:00:00,9.4
2025-06-12 16:44:00,12.5
2025-06-12 00:56:00,32.0
2025-06-12 12:35:00,64.1
2025-06-12 20:15:00,87.9
2025-06-12 16:48:00,38.2
2025-06-12 20:16:00,27.5
2025-06-12 21:46:00,50.26990393626991
2025-06-12 16:14:00,28.0
2025-06-12 14:38:00,50.26990393626991
2025-06-12 23:20:00,83.9
2025-06-12 10:55:00,50.26990393626991
2025-06-12 16:42:00,59.8
2025-06-12 17:20:00,40.5
2025-06-12 10:11:00,6.6
2025-06-12 21:07:00,0.1
2025-06-12 08:32:00,29.0
2025-06-12 22:31:00,76.5
2025-06-12 14:44:00,51.3
2025-06-12 05:01:00,50.26990393626991
2025-06-12 03:38:00,50.26990393626991
2025-06-12 17:44:00,50.26990393626991
2025-06-12 05:23:00,65.1
2025-06-12 01:04:00,72.9
2025-06-12 11:54:00,29.2
2025-06-12 05:59:00,71.5
2025-06-12 22:59:00,10.8
2025-06-12 02:00:00,60.8
2025-06-12 14:06:00,11.1
2025-06-12 00:54:00,50.26990393626991
2025-06-12 20:54:00,16.6
2025-06-12 09:32:00,35.5
2025-06-12 13:03:00,30.5
2025-06-12 22:34:00,22.3
2025-06-12 00:38:00,24.8
2025-06-12 06:27:00,9.5
2025-06-12 20:16:00,4.9
2025-06-12 02:54:00,50.26990393626991
2025-06-12 03:22:00,24.2
2025-06-12 01:47:00,69.0
2025-06-12 06:12:00,25.1
2025-06-12 05:45:00,50.26990393626991
2025-06-12 14:42:00,95.5
2025-06-12 22:11:00,46.3
2025-06-12 16:38:00,10.6
2025-06-12 20:24:00,66.0
2025-06-12 13:35:00,1.7
2025-06-12 16:14:00,48.0
2025-06-12 11:41:00,30.1
2025-06-12 09:51:00,19.9
2025-06-12 17:05:00,6.4
2025-06-12 01:55:00,32.4
2025-06-12 00:55:00,49.6
2025-06-12 08:35:00,1.4
2025-06-12 12:12:00,68.0
2025-06-12 00:36:00,79.9
2025-06-12 05:23:00,33.9
2025-06-12 20:43:00,23.5
2025-06-12 10:30:00,29.9
2025-06-12 06:54:00,21.0
2025-06-12 02:33:00,80.0
2025-06-12 20:31:00,21.0
2025-06-12 09:55:00,83.0
2025-06-12 12:10:00,73.8
2025-06-12 04:49:00,50.26990393626991
2025-06-12 20:02:00,25.7
2025-06-12 22:04:00,50.26990393626991
2025-06-12 12:38:00,18.0
2025-06-12 12:53:00,98.0
2025-06-12 07:12:00,96.1
2025-06-12 17:47:00,7.9
2025-06-12 23:04:00,49.0
2025-06-12 07:00:00,57.5
2025-06-12 01:36:00,68.2
2025-06-12 09:43:00,50.26990393626991
2025-06-12 08:45:00,50.26990393626991
2025-06-12 11:11:00,72.2
2025-06-12 06:44:00,22.4
2025-06-12 12:28:00,92.9
2025-06-12 00:08:00,20.0
2025-06-12 20:11:00,16.6
2025-06-12 14:06:00,22.6
2025-06-12 17:45:00,88.5
2025-06-12 11:21:00,52.1
2025-06-12 09:18:00,8.0
2025-06-12 16:55:00,63.9
2025-06-12 04:41:00,2.8
2025-06-12 03:07:00,50.26990393626991
2025-06-12 18:10:00,7.4
2025-06-12 09:04:00,21.1
2025-06-12 19:56:00,70.5
2025-06-12 16:55:00,20.5
2025-06-12 06:46:00,85.2
2025-06-12 10:34:00,50.26990393626991
2025-06-12 03:26:00,63.0
2025-06-12 15:24:00,62.0
2025-06-12 05:59:00,38.3
2025-06-12 21:16:00,96.9
2025-06-12 17:41:00,96.7
2025-06-12 21:45:00,73.8
2025-06-12 22:25:00,33.4
2025-06-12 14:29:00,82.9
2025-06-12 21:11:00,8.5
2025-06-12 10:48:00,57.1
2025-06-12 12:15:00,95.4
2025-06-12 21:27:00,50.26990393626991
2025-06-12 15:02:00,5.8
2025-06-12 04:19:00,18.8
2025-06-12 08:41:00,98.6
2025-06-12 11:53:00,27.6
2025-06-12 11:50:00,94.7
2025-06-12 08:09:00,82.6
2025-06-12 00:53:00,21.7
2025-06-12 18:22:00,78.2
2025-06-12 21:13:00,50.26990393626991
2025-06-12 00:30:00,50.26990393626991
2025-06-12 06:53:00,65.3
2025-06-12 00:32:00,65.5
2025-06-12 13:09:00,69.8
2025-06-12 10:03:00,62.0
2025-06-12 05:32:00,41.5
2025-06-12 15:28:00,50.6
2025-06-12 14:37:00,13.2
2025-06-12 06:22:00,61.8
2025-06-12 08:10:00,49.3
2025-06-12 14:49:00,49.0
2025-06-12 05:28:00,50.26990393626991
2025-06-12 14:21:00,23.4
2025-06-12 11:17:00,65.2
2025-06-12 04:15:00,8.4
2025-06-12 10:57:00,6.0
2025-06-12 12:22:00,18.7
2025-06-12 19:36:00,87.1
2025-06-12 08:53:00,38.7
2025-06-12 10:25:00,35.6
2025-06-12 05:08:00,89.0
2025-06-12 16:58:00,16.8
2025-06-12 00:39:00,8.9
2025-06-12 02:35:00,94.7
2025-06-12 11:25:00,36.9
2025-06-12 16:45:00,19.5
2025-06-12 09:03:00,50.26990393626991
2025-06-12 14:25:00,60.2
2025-06-12 11:56:00,38.8
2025-06-12 14:10:00,14.8
2025-06-12 16:09:00,21.2
2025-06-12 11:38:00,22.7
2025-06-12 01:18:00,35.9
2025-06-12 01:04:00,87.8
2025-06-12 01:10:00,16.0
2025-06-12 01:44:00,52.5
2025-06-12 23:58:00,76.5
2025-06-12 02:03:00,44.2
2025-06-12 22:52:00,86.3
2025-06-12 02:21:00,32.3
2025-06-12 08:13:00,93.0
2025-06-12 12:49:00,50.26990393626991
2025-06-12 11:12:00,53.5
2025-06-12 22:56:00,11.7
2025-06-12 16:49:00,54.2
2025-06-12 17:33:00,50.26990393626991
2025-06-12 00:04:00,18.9
2025-06-12 10:15:00,20.2
2025-06-12 03:44:00,52.0
2025-06-12 01:52:00,5.1
2025-06-12 18:11:00,46.8
2025-06-12 13:17:00,14.4
2025-06-12 20:40:00,15.8
2025-06-12 14:41:00,66.5
2025-06-12 06:10:00,80.1
2025-06-12 02:44:00,20.3
2025-06-12 05:16:00,50.26990393626991
2025-06-12 20:35:00,90.6
2025-06-12 13:00:00,49.2
2025-06-12 10:58:00,10.8
2025-06-12 10:52:00,88.6
2025-06-12 13:14:00,98.4
2025-06-12 14:00:00,18.1
2025-06-12 18:32:00,24.4
2025-06-12 20:49:00,3.7
2025-06-12 18:49:00,62.9
2025-06-12 01:45:00,67.8
2025-06-12 01:30:00,17.4
2025-06-12 03:50:00,30.0
2025-06-12 16:05:00,28.2
2025-06-12 08:31:00,60.1
2025-06-12 10:16:00,50.26990393626991
2025-06-12 19:53:00,81.2
2025-06-12 16:58:00,90.0
2025-06-12 16:58:00,60.4
2025-06-12 16:00:00,38.6
2025-06-12 20:40:00,20.6
2025-06-12 16:27:00,71.3
2025-06-12 05:30:00,50.26990393626991
2025-06-12 16:55:00,97.7
2025-06-12 22:04:00,50.9
2025-06-12 05:38:00,99.0
2025-06-12 02:05:00,56.6
2025-06-12 08:07:00,26.2
2025-06-12 10:18:00,99.2
2025-06-12 00:38:00,39.8
2025-06-12 02:44:00,49.7
2025-06-12 04:09:00,67.8
2025-06-12 05:54:00,50.26990393626991
2025-06-12 13:11:00,18.2
2025-06-12 17:30:00,18.6
2025-06-12 02:42:00,59.7
2025-06-12 02:49:00,68.4
2025-06-12 00:03:00,50.26990393626991
2025-06-12 13:54:00,89.3
2025-06-12 10:36:00,78.2
2025-06-12 02:44:00,98.0
2025-06-12 07:08:00,50.26990393626991
2025-06-12 20:58:00,52.0
2025-06-12 06:42:00,20.8
2025-06-12 15:54:00,33.9
2025-06-12 05:54:00,43.4
2025-06-12 15:19:00,4.0
2025-06-12 15:22:00,84.1
2025-06-12 08:16:00,4.0
2025-06-12 01:38:00,10.6
2025-06-12 08:12:00,81.7
2025-06-12 02:09:00,85.4
2025-06-12 04:35:00,57.2
2025-06-12 05:00:00,50.26990393626991
2025-06-12 22:12:00,99.1
2025-06-12 22:16:00,50.7
2025-06-12 20:23:00,40.2
2025-06-12 01:07:00,89.0
2025-06-12 22:11:00,22.0
2025-06-12 00:04:00,91.3
2025-06-12 05:09:00,42.9
2025-06-12 11:01:00,81.9
2025-06-12 16:48:00,85.7
2025-06-12 09:42:00,42.0
2025-06-12 01:42:00,90.0
2025-06-12 10:55:00,32.6
2025-06-12 01:26:00,61.9
2025-06-12 11:52:00,82.0
2025-06-12 18:22:00,89.9
2025-06-12 15:23:00,79.2
2025-06-12 03:37:00,26.6
2025-06-12 01:24:00,15.9
2025-06-12 13:41:00,76.2
2025-06-12 08:56:00,54.0
2025-06-12 12:55:00,25.8
2025-06-12 08:57:00,50.26990393626991
2025-06-12 05:12:00,92.2
2025-06-12 11:01:00,28.6
2025-06-12 05:53:00,60.1
2025-06-12 05:03:00,78.5
2025-06-12 16:20:00,52.5
2025-06-12 05:42:00,24.5
2025-06-12 01:27:00,37.7
2025-06-12 00:44:00,30.6
2025-06-12 00:59:00,39.8
2025-06-12 06:41:00,14.9
2025-06-12 12:35:00,53.1
2025-06-12 18:02:00,69.1
2025-06-12 15:27:00,26.1
2025-06-12 06:15:00,50.26990393626991
2025-06-12 18:15:00,26.4
2025-06-12 05:31:00,50.26990393626991
2025-06-12 08:24:00,50.26990393626991
2025-06-12 19:20:00,50.26990393626991
2025-06-12 07:31:00,27.2
2025-06-12 15:31:00,0.3
2025-06-12 02:15:00,55.2
2025-06-12 13:48:00,49.2
2025-06-12 12:10:00,16.9
2025-06-12 17:52:00,50.26990393626991
2025-06-12 03:09:00,24.0
2025-06-12 14:18:00,77.4
2025-06-12 06:20:00,11.8
2025-06-12 04:41:00,50.26990393626991
2025-06-12 14:51:00,7.8
2025-06-12 19:24:00,7.7
2025-06-12 19:55:00,32.8
2025-06-12 05:44:00,92.5
2025-06-12 20:50:00,82.6
2025-06-12 12:54:00,32.7
2025-06-12 22:46:00,95.7
2025-06-12 00:49:00,66.8
2025-06-12 01:00:00,86.1
2025-06-12 08:34:00,49.3
2025-06-12 06:08:00,28.4
2025-06-12 05:46:00,79.4
2025-06-12 12:31:00,50.26990393626991
2025-06-12 22:56:00,73.3
2025-06-12 22:03:00,11.7
2025-06-12 00:42:00,87.9
2025-06-12 09:42:00,37.4
2025-06-12 03:01:00,50.26990393626991
2025-06-12 17:14:00,62.3
2025-06-12 19:15:00,50.26990393626991
2025-06-12 14:15:00,63.7
2025-06-12 10:39:00,55.0
2025-06-12 11:42:00,67.6
2025-06-12 20:35:00,74.2
2025-06-12 23:18:00,66.7
2025-06-12 17:32:00,19.6
2025-06-12 12:59:00,10.3
2025-06-12 17:06:00,27.6
2025-06-12 07:25:00,50.26990393626991
2025-06-12 19:14:00,78.4
2025-06-12 13:09:00,74.5
2025-06-12 02:18:00,67.7
2025-06-12 21:17:00,86.3
2025-06-12 18:36:00,8.5
2025-06-12 12:05:00,36.6
2025-06-12 00:45:00,65.0
2025-06-12 20:51:00,77.0
2025-06-12 04:40:00,50.26990393626991
2025-06-12 20:47:00,31.0
2025-06-12 08:12:00,93.0
2025-06-12 22:37:00,19.2
2025-06-12 20:07:00,50.9
2025-06-12 06:35:00,49.3
2025-06-12 10:29:00,90.6
2025-06-12 05:40:00,10.3
2025-06-12 12:20:00,50.26990393626991
2025-06-12 00:26:00,2.5
2025-06-12 14:59:00,18.1
2025-06-12 08:24:00,82.3
2025-06-12 16:05:00,97.3
2025-06-12 18:52:00,85.8
2025-06-12 22:39:00,50.26990393626991
2025-06-12 15:33:00,95.3
2025-06-12 03:17:00,61.2
2025-06-12 22:40:00,50.26990393626991
2025-06-12 06:09:00,88.8
2025-06-12 13:32:00,50.26990393626991
2025-06-12 02:32:00,4.7
2025-06-12 20:11:00,56.0
2025-06-12 00:43:00,77.7
2025-06-12 00:16:00,95.3
2025-06-12 07:44:00,76.1
2025-06-12 21:48:00,49.485271956675305
2025-06-12 05:32:00,49.485271956675305
2025-06-12 13:34:00,83.5
2025-06-12 21:24:00,67.7
2025-06-12 23:50:00,30.6
2025-06-12 09:14:00,93.6
2025-06-12 08:02:00,36.6
2025-06-12 18:22:00,49.485271956675305
2025-06-12 22:45:00,5.1
2025-06-12 05:18:00,36.9
2025-06-12 20:29:00,9.4
2025-06-12 18:56:00,30.1
2025-06-12 12:56:00,51.8
2025-06-12 12:52:00,30.6
2025-06-12 16:59:00,18.2
2025-06-12 02:14:00,62.2
2025-06-12 15:40:00,88.1
2025-06-12 20:30:00,23.1
2025-06-12 17:36:00,90.3
2025-06-12 05:56:00,69.1
2025-06-12 11:13:00,10.5
2025-06-12 01:58:00,55.8
2025-06-12 19:29:00,18.6
2025-06-12 22:47:00,25.4
2025-06-12 07:46:00,73.1
2025-06-12 14:07:00,1.5
2025-06-12 12:11:00,49.485271956675305
2025-06-12 18:08:00,21.7
2025-06-12 21:39:00,27.6
2025-06-12 00:06:00,80.5
2025-06-12 00:26:00,49.485271956675305
2025-06-12 19:17:00,34.3
2025-06-12 04:09:00,66.2
2025-06-12 08:10:00,90.5
2025-06-12 08:19:00,56.1
2025-06-12 08:08:00,49.485271956675305
2025-06-12 17:48:00,73.0
2025-06-12 03:26:00,49.485271956675305
2025-06-12 09:40:00,28.7
2025-06-12 11:57:00,20.7
2025-06-12 10:51:00,45.9
2025-06-12 09:05:00,16.7
2025-06-12 16:37:00,80.1
2025-06-12 04:46:00,49.485271956675305
2025-06-12 03:48:00,43.8
2025-06-12 07:34:00,93.0
2025-06-12 01:53:00,49.485271956675305
2025-06-12 15:26:00,13.3
2025-06-12 01:12:00,47.5
2025-06-12 15:36:00,49.485271956675305
2025-06-12 08:34:00,99.4
2025-06-12 18:08:00,85.1
2025-06-12 17:14:00,26.4
2025-06-12 01:32:00,15.9
2025-06-12 00:08:00,72.4
2025-06-12 14:56:00,31.7
2025-06-12 03:24:00,90.9
2025-06-12 03:33:00,49.485271956675305
2025-06-12 21:28:00,63.3
2025-06-12 15:15:00,3.2
2025-06-12 16:23:00,17.5
2025-06-12 08:09:00,49.485271956675305
2025-06-12 20:58:00,73.3
2025-06-12 08:00:00,49.485271956675305
2025-06-12 22:15:00,79.3
2025-06-12 09:12:00,41.5
2025-06-12 18:44:00,49.485271956675305
2025-06-12 05:27:00,32.3
2025-06-12 13:01:00,49.9
2025-06-12 13:19:00,49.485271956675305
2025-06-12 01:04:00,68.7
2025-06-12 08:53:00,81.1
2025-06-12 19:06:00,50.7
2025-06-12 01:23:00,10.6
2025-06-12 12:10:00,70.7
2025-06-12 16:54:00,8.6
2025-06-12 16:21:00,20.3
2025-06-12 16:16:00,88.4
2025-06-12 21:12:00,87.1
2025-06-12 06:56:00,93.2
2025-06-12 21:26:00,97.8
2025-06-12 00:45:00,69.6
2025-06-12 11:52:00,69.2
2025-06-12 17:03:00,46.6
2025-06-12 06:21:00,39.4
2025-06-12 18:21:00,25.0
2025-06-12 05:36:00,49.485271956675305
2025-06-12 09:39:00,5.9
2025-06-12 16:08:00,63.5
2025-06-12 00:32:00,65.7
2025-06-12 17:58:00,49.485271956675305
2025-06-12 21:03:00,89.5
2025-06-12 00:08:00,72.7
2025-06-12 16:54:00,18.3
2025-06-12 04:15:00,12.2
2025-06-12 09:50:00,45.6
2025-06-12 10:13:00,9.4
2025-06-12 19:10:00,76.5
2025-06-12 20:30:00,39.1
2025-06-12 16:33:00,28.5
2025-06-12 23:13:00,28.1
2025-06-12 05:18:00,73.8
2025-06-12 09:40:00,55.3
2025-06-12 20:24:00,49.485271956675305
2025-06-12 01:56:00,39.1
2025-06-12 20:45:00,49.485271956675305
2025-06-12 02:02:00,17.0
2025-06-12 12:04:00,11.8
2025-06-12 02:49:00,54.2
2025-06-12 02:53:00,49.485271956675305
2025-06-12 00:23:00,64.5
2025-06-12 21:39:00,38.1
2025-06-12 07:30:00,49.485271956675305
2025-06-12 10:17:00,82.5
2025-06-12 03:33:00,49.485271956675305
2025-06-12 10:12:00,77.5
2025-06-12 08:55:00,5.5
2025-06-12 02:57:00,84.2
2025-06-12 15:55:00,49.485271956675305
2025-06-12 13:08:00,48.8
2025-06-12 07:28:00,18.3
2025-06-12 13:54:00,59.5
2025-06-12 11:18:00,49.485271956675305
2025-06-12 12:54:00,49.485271956675305
2025-06-12 07:08:00,60.0
2025-06-12 10:53:00,15.7
2025-06-12 16:47:00,17.8
2025-06-12 14:42:00,49.485271956675305
2025-06-12 03:26:00,95.7
2025-06-12 20:46:00,5.8
2025-06-12 01:29:00,54.4
2025-06-12 08:55:00,78.7
2025-06-12 03:11:00,85.1
2025-06-12 17:49:00,7.0
2025-06-12 18:58:00,50.2
2025-06-12 18:23:00,40.1
2025-06-12 05:48:00,19.9
2025-06-12 05:47:00,49.485271956675305
2025-06-12 01:29:00,45.2
2025-06-12 04:19:00,25.8
2025-06-12 22:01:00,71.4
2025-06-12 12:19:00,98.3
2025-06-12 20:29:00,49.485271956675305
2025-06-12 14:57:00,37.4
2025-06-12 07:34:00,87.2
2025-06-12 01:38:00,9.0
2025-06-12 16:41:00,78.5
2025-06-12 19:41:00,75.3
2025-06-12 06:17:00,59.8
2025-06-12 01:41:00,49.485271956675305
2025-06-12 00:12:00,74.1
2025-06-12 06:35:00,18.5
2025-06-12 09:52:00,48.6
2025-06-12 08:08:00,45.3
2025-06-12 17:48:00,88.1
2025-06-12 10:39:00,52.2
2025-06-12 23:33:00,52.6
2025-06-12 00:22:00,20.7
2025-06-12 01:23:00,46.6
2025-06-12 18:22:00,69.1
2025-06-12 03:52:00,36.8
2025-06-12 10:37:00,6.6
2025-06-12 06:59:00,49.485271956675305
2025-06-12 23:01:00,69.4
2025-06-12 12:52:00,18.9
2025-06-12 00:50:00,9.4
2025-06-12 09:51:00,11.9
2025-06-12 16:40:00,88.4
2025-06-12 06:48:00,72.8
2025-06-12 16:45:00,88.2
2025-06-12 13:29:00,37.6
2025-06-12 09:00:00,74.5
2025-06-12 07:08:00,21.0
2025-06-12 13:30:00,72.0
2025-06-12 17:53:00,42.2
2025-06-12 10:05:00,67.8
2025-06-12 19:16:00,2.9
2025-06-12 09:50:00,39.7
2025-06-12 07:39:00,24.3
2025-06-12 08:59:00,49.485271956675305
2025-06-12 08:45:00,78.0
2025-06-12 06:11:00,96.7
2025-06-12 01:15:00,89.5
2025-06-12 01:50:00,3.3
2025-06-12 17:00:00,27.6
2025-06-12 08:53:00,55.9
2025-06-12 18:33:00,49.485271956675305
2025-06-12 20:41:00,99.1
2025-06-12 22:01:00,1.0
2025-06-12 09:17:00,78.4
2025-06-12 13:35:00,49.485271956675305
2025-06-12 23:16:00,39.5
2025-06-12 06:33:00,49.485271956675305
2025-06-12 23:01:00,49.485271956675305
2025-06-12 22:05:00,93.8
2025-06-12 09:30:00,76.7
2025-06-12 05:39:00,42.1
2025-06-12 09:26:00,37.4
2025-06-12 06:00:00,81.7
2025-06-12 04:14:00,49.485271956675305
2025-06-12 17:13:00,74.7
2025-06-12 12:40:00,22.1
2025-06-12 14:22:00,99.0
2025-06-12 13:10:00,78.2
2025-06-12 18:16:00,55.3
2025-06-12 08:17:00,49.485271956675305
2025-06-12 19:53:00,49.485271956675305
2025-06-12 18:21:00,95.4
2025-06-12 09:09:00,56.8
2025-06-12 15:13:00,77.9
2025-06-12 06:40:00,43.2
2025-06-12 14:07:00,8.1
2025-06-12 10:53:00,99.1
2025-06-12 20:14:00,98.5
2025-06-12 06:55:00,32.5
2025-06-12 06:47:00,70.6
2025-06-12 16:44:00,75.9
2025-06-12 11:48:00,49.4
2025-06-12 03:53:00,49.485271956675305
2025-06-12 11:48:00,28.0
2025-06-12 12:24:00,21.3
2025-06-12 08:09:00,67.7
2025-06-12 21:14:00,96.2
2025-06-12 05:37:00,17.7
2025-06-12 17:54:00,67.3
2025-06-12 03:28:00,42.6
2025-06-12 04:55:00,46.9
2025-06-12 13:01:00,24.4
2025-06-12 09:53:00,75.6
2025-06-12 21:19:00,26.8
2025-06-12 13:56:00,67.8
2025-06-12 13:01:00,24.9
2025-06-12 17:10:00,52.0
2025-06-12 19:13:00,49.485271956675305
2025-06-12 13:55:00,92.4
2025-06-12 01:47:00,0.7
2025-06-12 20:00:00,23.6
2025-06-12 23:02:00,42.7
2025-06-12 15:41:00,70.8
2025-06-12 10:39:00,44.8
2025-06-12 15:37:00,54.4
2025-06-12 09:53:00,32.4
2025-06-12 20:54:00,97.3
2025-06-12 21:19:00,13.3
2025-06-12 12:30:00,10.7
2025-06-12 19:39:00,31.0
2025-06-12 13:51:00,91.3
2025-06-12 04:58:00,17.9
2025-06-12 21:25:00,46.8
2025-06-12 13:31:00,42.6
2025-06-12 05:32:00,93.7
2025-06-12 06:12:00,39.7
2025-06-12 20:06:00,78.1
2025-06-12 13:27:00,7.5
2025-06-12 12:29:00,95.8
2025-06-12 22:45:00,5.2
2025-06-12 00:13:00,98.1
2025-06-12 10:34:00,49.485271956675305
2025-06-12 01:44:00,60.7
2025-06-12 18:11:00,42.0
2025-06-12 04:17:00,79.6
2025-06-12 15:25:00,58.2
2025-06-12 12:29:00,55.0
2025-06-12 13:46:00,90.4
2025-06-12 09:14:00,49.7
2025-06-12 13:10:00,38.3
2025-06-12 10:13:00,61.8
2025-06-12 19:53:00,48.1
2025-06-12 15:18:00,48.2
2025-06-12 07:38:00,45.7
2025-06-12 16:32:00,76.6
2025-06-12 07:21:00,60.3
2025-06-12 11:01:00,18.5
2025-06-12 03:51:00,79.6
2025-06-12 08:49:00,49.485271956675305
2025-06-12 20:26:00,26.2
2025-06-12 07:59:00,44.9
2025-06-12 22:38:00,18.5
2025-06-12 00:39:00,94.9
2025-06-12 15:45:00,54.4
2025-06-12 08:25:00,93.2
2025-06-12 14:11:00,49.485271956675305
2025-06-12 04:58:00,49.485271956675305
2025-06-12 16:24:00,72.1
2025-06-12 07:09:00,25.3
2025-06-12 17:56:00,34.2
2025-06-12 21:06:00,64.4
2025-06-12 17:21:00,9.2
2025-06-12 19:00:00,36.5
2025-06-12 06:05:00,20.6
2025-06-12 15:43:00,38.4
2025-06-12 11:00:00,49.485271956675305
2025-06-12 19:21:00,93.3
2025-06-12 10:29:00,65.7
2025-06-12 18:48:00,41.5
2025-06-12 07:52:00,43.7
2025-06-12 17:49:00,52.4
2025-06-12 15:33:00,79.2
2025-06-12 05:37:00,40.9
2025-06-12 02:47:00,49.485271956675305
2025-06-12 09:27:00,41.9
2025-06-12 17:22:00,50.0997191011236
2025-06-12 21:32:00,50.0997191011236
2025-06-12 12:09:00,63.8
2025-06-12 12:04:00,25.5
2025-06-12 11:07:00,24.7
2025-06-12 19:42:00,27.5
2025-06-12 00:08:00,89.7
2025-06-12 17:10:00,90.7
2025-06-12 09:47:00,60.0
2025-06-12 00:09:00,80.8
2025-06-12 06:55:00,50.4
2025-06-12 07:55:00,34.7
2025-06-12 21:31:00,7.5
2025-06-12 02:25:00,94.5
2025-06-12 02:07:00,5.2
2025-06-12 17:39:00,44.9
2025-06-12 11:27:00,50.0997191011236
2025-06-12 23:38:00,89.1
2025-06-12 09:05:00,55.8
2025-06-12 03:56:00,50.0997191011236
2025-06-12 10:32:00,22.2
2025-06-12 06:58:00,3.9
2025-06-12 12:46:00,18.8
2025-06-12 11:47:00,50.0997191011236
2025-06-12 10:28:00,7.2
2025-06-12 13:36:00,32.9
2025-06-12 13:05:00,10.2
2025-06-12 02:49:00,42.4
2025-06-12 06:15:00,50.0997191011236
2025-06-12 12:04:00,71.5
2025-06-12 16:26:00,26.2
2025-06-12 07:29:00,55.7
2025-06-12 10:48:00,74.3
2025-06-12 20:39:00,30.8
2025-06-12 06:04:00,57.7
2025-06-12 02:02:00,55.9
2025-06-12 12:57:00,80.8
2025-06-12 16:31:00,50.0997191011236
2025-06-12 14:00:00,50.0997191011236
2025-06-12 19:36:00,80.3
2025-06-12 22:14:00,19.6
2025-06-12 01:13:00,3.4
2025-06-12 09:16:00,88.1
2025-06-12 17:18:00,40.5
2025-06-12 03:11:00,50.0997191011236
2025-06-12 10:34:00,46.3
2025-06-12 17:21:00,50.0997191011236
2025-06-12 16:01:00,35.4
2025-06-12 14:35:00,96.9
2025-06-12 15:57:00,81.9
2025-06-12 00:03:00,79.4
2025-06-12 16:41:00,55.6
2025-06-12 21:06:00,13.6
2025-06-12 10:26:00,34.9
2025-06-12 19:58:00,50.0997191011236
2025-06-12 23:11:00,87.2
2025-06-12 18:19:00,47.8
2025-06-12 09:52:00,50.0997191011236
2025-06-12 20:01:00,12.5
2025-06-12 02:43:00,50.0997191011236
2025-06-12 22:26:00,67.2
2025-06-12 21:17:00,83.6
2025-06-12 13:14:00,50.0997191011236
2025-06-12 21:06:00,97.7
2025-06-12 18:04:00,13.1
2025-06-12 15:36:00,96.4
2025-06-12 08:29:00,29.6
2025-06-12 15:02:00,9.8
2025-06-12 12:19:00,70.7
2025-06-12 17:55:00,44.9
2025-06-12 11:59:00,93.2
2025-06-12 15:29:00,47.0
2025-06-12 22:09:00,50.0997191011236
2025-06-12 01:18:00,50.9
2025-06-12 20:41:00,78.6
2025-06-12 19:10:00,96.7
2025-06-12 04:59:00,87.2
2025-06-12 01:11:00,5.6
2025-06-12 14:31:00,37.6
2025-06-12 09:19:00,49.0
2025-06-12 13:07:00,88.0
2025-06-12 12:22:00,8.8
2025-06-12 17:50:00,80.0
2025-06-12 04:51:00,50.0997191011236
2025-06-12 14:07:00,50.0997191011236
2025-06-12 10:05:00,42.5
2025-06-12 13:11:00,28.1
2025-06-12 21:23:00,93.0
2025-06-12 19:48:00,22.5
2025-06-12 15:30:00,49.3
2025-06-12 04:29:00,50.0997191011236
2025-06-12 20:23:00,50.0997191011236
2025-06-12 21:57:00,50.0997191011236
2025-06-12 18:41:00,5.0
2025-06-12 08:44:00,63.7
2025-06-12 14:23:00,89.7
2025-06-12 11:04:00,97.6
2025-06-12 08:15:00,1.7
2025-06-12 23:03:00,36.2
2025-06-12 19:52:00,50.0997191011236
2025-06-12 10:45:00,77.2
2025-06-12 15:59:00,42.7
2025-06-12 20:14:00,99.3
2025-06-12 11:17:00,50.0997191011236
2025-06-12 05:22:00,43.3
2025-06-12 00:02:00,42.4
2025-06-12 08:44:00,40.8
2025-06-12 05:11:00,93.5
2025-06-12 16:59:00,22.2
2025-06-12 18:57:00,15.6
2025-06-12 11:28:00,56.9
2025-06-12 08:20:00,73.7
2025-06-12 08:52:00,27.4
2025-06-12 17:58:00,50.0997191011236
2025-06-12 20:06:00,15.4
2025-06-12 19:54:00,9.8
2025-06-12 02:16:00,50.0997191011236
2025-06-12 08:24:00,8.9
2025-06-12 23:30:00,81.8
2025-06-12 22:42:00,78.3
2025-06-12 15:20:00,50.0997191011236
2025-06-12 12:10:00,59.7
2025-06-12 01:03:00,9.1
2025-06-12 16:46:00,2.3
2025-06-12 17:50:00,50.0997191011236
2025-06-12 11:42:00,50.0997191011236
2025-06-12 21:38:00,27.7
2025-06-12 15:06:00,0.6
2025-06-12 22:46:00,27.3
2025-06-12 20:52:00,58.2
2025-06-12 05:29:00,74.1
2025-06-12 04:28:00,50.0997191011236
2025-06-12 17:45:00,38.1
2025-06-12 02:01:00,22.4
2025-06-12 15:12:00,13.8
2025-06-12 11:22:00,3.9
2025-06-12 14:21:00,5.2
2025-06-12 04:32:00,75.3
2025-06-12 21:54:00,50.0997191011236
2025-06-12 04:13:00,27.7
2025-06-12 01:03:00,98.4
2025-06-12 19:52:00,0.7
2025-06-12 01:03:00,72.8
2025-06-12 01:11:00,74.5
2025-06-12 06:58:00,41.2
2025-06-12 03:43:00,61.4
2025-06-12 20:37:00,81.4
2025-06-12 19:25:00,16.0
2025-06-12 15:55:00,85.7
2025-06-12 01:37:00,50.1
2025-06-12 16:52:00,58.1
2025-06-12 13:06:00,50.0997191011236
2025-06-12 03:26:00,99.9
2025-06-12 19:14:00,42.4
2025-06-12 22:25:00,50.0997191011236
2025-06-12 05:02:00,18.7
2025-06-12 09:02:00,17.6
2025-06-12 09:46:00,50.0997191011236
2025-06-12 05:49:00,14.7
2025-06-12 10:50:00,6.4
2025-06-12 19:31:00,21.7
2025-06-12 12:26:00,33.6
2025-06-12 13:37:00,36.1
2025-06-12 23:47:00,56.3
2025-06-12 15:44:00,49.3
2025-06-12 17:59:00,41.2
2025-06-12 16:32:00,26.2
2025-06-12 21:46:00,50.0997191011236
2025-06-12 14:15:00,7.0
2025-06-12 09:41:00,20.2
2025-06-12 15:53:00,6.4
2025-06-12 18:46:00,81.9
2025-06-12 20:10:00,50.0997191011236
2025-06-12 13:01:00,50.0997191011236
2025-06-12 18:13:00,74.9
2025-06-12 01:13:00,33.3
2025-06-12 18:53:00,59.6
2025-06-12 11:13:00,26.2
2025-06-12 11:03:00,38.1
2025-06-12 12:17:00,88.5
2025-06-12 10:05:00,46.7
2025-06-12 13:15:00,54.3
2025-06-12 00:24:00,26.6
2025-06-12 23:20:00,32.1
2025-06-12 13:31:00,94.6
2025-06-12 09:47:00,38.5
2025-06-12 07:17:00,65.8
2025-06-12 07:08:00,0.3
2025-06-12 06:56:00,53.9
2025-06-12 04:48:00,50.0997191011236
2025-06-12 13:32:00,44.0
2025-06-12 22:03:00,97.9
2025-06-12 12:01:00,51.9
2025-06-12 20:36:00,80.6
2025-06-12 11:21:00,94.5
2025-06-12 17:00:00,50.0997191011236
2025-06-12 13:14:00,5.3
2025-06-12 09:45:00,89.4
2025-06-12 01:19:00,50.0997191011236
2025-06-12 15:31:00,50.0997191011236
2025-06-12 12:24:00,52.1
2025-06-12 17:49:00,50.0997191011236
2025-06-12 01:46:00,62.0
2025-06-12 22:37:00,82.6
2025-06-12 17:35:00,50.0997191011236
2025-06-12 00:03:00,9.4
2025-06-12 19:06:00,47.2
2025-06-12 11:59:00,54.4
2025-06-12 01:45:00,95.3
2025-06-12 20:40:00,50.0997191011236
2025-06-12 14:44:00,99.1
2025-06-12 02:36:00,29.8
2025-06-12 17:04:00,78.5
2025-06-12 19:35:00,62.1
2025-06-12 20:35:00,26.4
2025-06-12 23:16:00,63.2
2025-06-12 03:20:00,21.1
2025-06-12 03:39:00,3.9
2025-06-12 12:09:00,9.0
2025-06-12 16:41:00,71.1
2025-06-12 07:55:00,50.0997191011236
2025-06-12 14:36:00,50.0997191011236
2025-06-12 22:37:00,46.8
2025-06-12 00:58:00,69.5
2025-06-12 18:10:00,51.3
2025-06-12 12:07:00,72.7
2025-06-12 04:25:00,46.4
2025-06-12 01:18:00,7.9
2025-06-12 04:46:00,53.1
2025-06-12 02:25:00,73.2
2025-06-12 10:04:00,64.1
2025-06-12 00:32:00,77.8
2025-06-12 02:07:00,32.1
2025-06-12 14:34:00,34.1
2025-06-12 18:55:00,87.1
2025-06-12 23:25:00,50.0997191011236
2025-06-12 13:33:00,79.5
2025-06-12 16:21:00,77.5
2025-06-12 02:59:00,29.0
2025-06-12 22:34:00,97.1
2025-06-12 18:59:00,40.2
2025-06-12 06:19:00,93.0
2025-06-12 15:27:00,93.6
2025-06-12 00:24:00,37.5
2025-06-12 20:56:00,18.1
2025-06-12 11:24:00,5.0
2025-06-12 13:15:00,26.4
2025-06-12 18:45:00,27.0
2025-06-12 10:32:00,32.9
2025-06-12 19:31:00,76.4
2025-06-12 05:15:00,50.0997191011236
2025-06-12 09:20:00,65.0
2025-06-12 18:03:00,79.6
2025-06-12 14:30:00,8.3
2025-06-12 22:04:00,11.6
2025-06-12 12:49:00,84.3
2025-06-12 09:42:00,97.2
2025-06-12 20:38:00,76.3
2025-06-12 18:24:00,20.7
2025-06-12 03:26:00,1.6
2025-06-12 09:57:00,22.1
2025-06-12 01:07:00,38.3
2025-06-12 16:13:00,13.0
2025-06-12 03:03:00,50.0997191011236
2025-06-12 00:15:00,58.7
2025-06-12 02:26:00,69.2
2025-06-12 02:50:00,92.3
2025-06-12 04:55:00,45.6
2025-06-12 10:14:00,11.5
2025-06-12 15:52:00,47.0
2025-06-12 07:46:00,50.0997191011236
2025-06-12 14:46:00,15.0
2025-06-12 04:07:00,19.2
2025-06-12 21:32:00,76.4
2025-06-12 17:34:00,50.0997191011236
2025-06-12 05:57:00,50.0997191011236
2025-06-12 04:19:00,56.3
2025-06-12 04:53:00,60.2
2025-06-12 12:55:00,93.0
2025-06-12 06:00:00,51.1
2025-06-12 11:42:00,10.5
2025-06-12 11:58:00,50.0997191011236
2025-06-12 19:12:00,77.9
2025-06-12 14:45:00,48.8
2025-06-12 21:21:00,9.8
2025-06-12 06:28:00,8.1
2025-06-12 07:54:00,52.1
2025-06-12 13:08:00,59.4
2025-06-12 20:43:00,50.0997191011236
2025-06-12 20:54:00,50.0997191011236
2025-06-12 18:31:00,42.4
2025-06-12 07:22:00,63.7
2025-06-12 01:02:00,76.4
2025-06-12 13:56:00,45.4
2025-06-12 08:04:00,64.6
2025-06-12 12:13:00,50.0997191011236
2025-06-12 19:08:00,25.7
2025-06-12 16:26:00,19.5
2025-06-12 06:23:00,50.7
2025-06-12 22:01:00,50.0997191011236
2025-06-12 08:19:00,95.2
2025-06-12 11:32:00,80.1
2025-06-12 08:25:00,37.0
2025-06-12 10:21:00,83.0
2025-06-12 03:53:00,29.4
2025-06-12 20:01:00,71.1
2025-06-12 02:13:00,97.6
2025-06-12 08:17:00,50.0997191011236
2025-06-12 14:10:00,20.3
2025-06-12 06:40:00,95.1
2025-06-12 10:15:00,47.2
2025-06-12 03:08:00,79.7
2025-06-12 09:07:00,69.7
2025-06-12 22:44:00,94.9
2025-06-12 02:15:00,50.0997191011236
2025-06-12 02:10:00,50.0997191011236
2025-06-12 03:40:00,50.0997191011236
2025-06-12 03:49:00,72.9
2025-06-12 06:38:00,51.9
2025-06-12 22:33:00,45.5
2025-06-12 08:56:00,74.6
2025-06-12 11:59:00,72.4
2025-06-12 18:03:00,86.6
2025-06-12 06:03:00,45.7
2025-06-12 15:09:00,6.8
2025-06-12 19:47:00,15.9
2025-06-12 05:37:00,0.4
2025-06-12 02:14:00,90.5
2025-06-12 03:06:00,62.7
2025-06-12 16:09:00,86.8
2025-06-12 02:11:00,33.4
2025-06-12 06:15:00,31.7
2025-06-12 15:44:00,95.9
2025-06-12 10:13:00,65.6
2025-06-12 06:57:00,67.5
2025-06-12 19:14:00,36.0
2025-06-12 23:54:00,12.9
2025-06-12 08:26:00,11.9
2025-06-12 11:22:00,96.0
2025-06-12 12:10:00,49.889081537019685
2025-06-12 03:13:00,57.5
2025-06-12 08:19:00,85.1
2025-06-12 17:19:00,52.4
2025-06-12 19:39:00,88.0
2025-06-12 20:29:00,11.7
2025-06-12 22:33:00,67.4
2025-06-12 13:28:00,49.889081537019685
2025-06-12 05:38:00,38.4
2025-06-12 12:27:00,31.6
2025-06-12 20:32:00,81.9
2025-06-12 07:13:00,63.1
2025-06-12 13:39:00,32.6
2025-06-12 23:05:00,76.3
2025-06-12 03:16:00,49.6
2025-06-12 01:45:00,4.8
2025-06-12 23:57:00,49.889081537019685
2025-06-12 04:51:00,99.6
2025-06-12 02:38:00,48.7
2025-06-12 20:17:00,67.3
2025-06-12 02:34:00,64.8
2025-06-12 23:53:00,60.1
2025-06-12 22:03:00,98.9
2025-06-12 17:08:00,75.2
2025-06-12 02:14:00,79.0
2025-06-12 05:42:00,37.5
2025-06-12 15:14:00,47.2
2025-06-12 06:07:00,49.889081537019685
2025-06-12 10:11:00,35.8
2025-06-12 07:21:00,1.6
2025-06-12 10:31:00,5.8
2025-06-12 17:19:00,49.889081537019685
2025-06-12 00:12:00,20.4
2025-06-12 11:32:00,55.4
2025-06-12 16:32:00,27.0
2025-06-12 14:40:00,21.3
2025-06-12 21:56:00,79.1
2025-06-12 04:13:00,81.7
2025-06-12 01:01:00,5.7
2025-06-12 15:39:00,49.889081537019685
2025-06-12 01:07:00,99.2
2025-06-12 21:11:00,20.6
2025-06-12 02:15:00,4.3
2025-06-12 19:54:00,16.5
2025-06-12 19:16:00,15.3
2025-06-12 00:01:00,49.889081537019685
2025-06-12 04:18:00,49.889081537019685
2025-06-12 12:56:00,45.3
2025-06-12 12:38:00,85.4
2025-06-12 15:13:00,57.9
2025-06-12 08:52:00,11.1
2025-06-12 12:16:00,49.889081537019685
2025-06-12 06:24:00,6.1
2025-06-12 05:45:00,49.889081537019685
2025-06-12 19:30:00,62.1
2025-06-12 05:19:00,79.1
2025-06-12 19:29:00,68.8
2025-06-12 07:09:00,92.1
2025-06-12 01:20:00,15.7
2025-06-12 17:57:00,51.5
2025-06-12 22:16:00,33.2
2025-06-12 08:24:00,5.7
2025-06-12 12:21:00,91.2
2025-06-12 17:54:00,28.6
2025-06-12 23:41:00,98.2
2025-06-12 03:49:00,26.9
2025-06-12 16:30:00,14.0
2025-06-12 03:40:00,2.1
2025-06-12 14:47:00,19.1
2025-06-12 06:15:00,71.1
2025-06-12 21:39:00,31.0
2025-06-12 06:20:00,32.7
2025-06-12 10:09:00,49.889081537019685
2025-06-12 16:47:00,83.1
2025-06-12 00:11:00,16.7
2025-06-12 08:09:00,48.5
2025-06-12 12:34:00,34.2
2025-06-12 15:12:00,32.0
2025-06-12 07:39:00,3.3
2025-06-12 16:27:00,44.0
2025-06-12 20:55:00,92.2
2025-06-12 10:50:00,65.2
2025-06-12 23:58:00,25.7
2025-06-12 09:23:00,49.889081537019685
2025-06-12 17:27:00,22.2
2025-06-12 01:07:00,54.3
2025-06-12 14:18:00,49.889081537019685
2025-06-12 09:53:00,2.2
2025-06-12 15:47:00,21.1
2025-06-12 08:35:00,67.8
2025-06-12 18:04:00,38.5
2025-06-12 18:09:00,98.3
2025-06-12 03:15:00,9.2
2025-06-12 14:06:00,49.889081537019685
2025-06-12 09:32:00,73.3
2025-06-12 11:16:00,49.889081537019685
2025-06-12 18:38:00,92.9
2025-06-12 15:39:00,12.7
2025-06-12 19:50:00,38.3
2025-06-12 07:57:00,1.6
2025-06-12 02:00:00,70.9
2025-06-12 13:57:00,97.0
2025-06-12 19:13:00,76.2
2025-06-12 22:02:00,49.889081537019685
2025-06-12 00:56:00,54.6
2025-06-12 04:36:00,54.6
2025-06-12 07:52:00,15.6
2025-06-12 20:56:00,50.0
2025-06-12 21:47:00,58.3
2025-06-12 06:08:00,12.9
2025-06-12 17:48:00,98.5
2025-06-12 16:59:00,4.3
2025-06-12 04:25:00,41.7
2025-06-12 19:48:00,11.4
2025-06-12 02:16:00,49.889081537019685
2025-06-12 06:06:00,97.0
2025-06-12 17:16:00,48.5
2025-06-12 16:55:00,66.7
2025-06-12 06:08:00,48.6
2025-06-12 06:25:00,49.889081537019685
2025-06-12 06:11:00,73.0
2025-06-12 17:49:00,49.889081537019685
2025-06-12 13:09:00,39.1
2025-06-12 09:17:00,97.6
2025-06-12 10:33:00,8.5
2025-06-12 00:57:00,83.0
2025-06-12 17:46:00,35.7
2025-06-12 21:17:00,93.0
2025-06-12 14:39:00,9.5
2025-06-12 13:50:00,54.5
2025-06-12 22:37:00,76.2
2025-06-12 18:40:00,10.5
2025-06-12 18:15:00,34.8
2025-06-12 12:30:00,90.0
2025-06-12 20:17:00,37.6
2025-06-12 20:47:00,13.1
2025-06-12 08:56:00,19.2
2025-06-12 16:41:00,77.1
2025-06-12 02:11:00,19.9
2025-06-12 01:26:00,94.4
2025-06-12 09:22:00,88.8
2025-06-12 03:09:00,49.889081537019685
2025-06-12 17:04:00,49.889081537019685
2025-06-12 08:32:00,13.9
2025-06-12 16:35:00,66.2
2025-06-12 07:37:00,71.2
2025-06-12 10:14:00,38.3
2025-06-12 20:43:00,8.1
2025-06-12 17:53:00,83.9
2025-06-12 11:23:00,49.889081537019685
2025-06-12 07:55:00,49.889081537019685
2025-06-12 11:47:00,77.3
2025-06-12 07:01:00,8.5
2025-06-12 12:37:00,15.6
2025-06-12 13:28:00,46.7
2025-06-12 14:37:00,41.5
2025-06-12 10:19:00,54.0
2025-06-12 12:42:00,66.3
2025-06-12 16:49:00,35.8
2025-06-12 03:22:00,73.2
2025-06-12 06:38:00,49.889081537019685
2025-06-12 16:05:00,54.9
2025-06-12 13:19:00,18.4
2025-06-12 20:02:00,39.5
2025-06-12 03:16:00,41.5
2025-06-12 03:51:00,7.0
2025-06-12 06:24:00,49.889081537019685
2025-06-12 11:54:00,49.889081537019685
2025-06-12 17:28:00,59.1
2025-06-12 17:09:00,76.7
2025-06-12 15:36:00,78.6
2025-06-12 12:08:00,49.889081537019685
2025-06-12 01:47:00,81.9
2025-06-12 23:54:00,38.7
2025-06-12 03:23:00,1.8
2025-06-12 12:59:00,26.8
2025-06-12 10:32:00,77.4
2025-06-12 18:21:00,6.2
2025-06-12 00:28:00,15.7
2025-06-12 11:05:00,74.5
2025-06-12 06:30:00,3.6
2025-06-12 00:22:00,21.8
2025-06-12 07:59:00,43.0
2025-06-12 00:58:00,58.1
2025-06-12 07:27:00,4.3
2025-06-12 08:43:00,49.889081537019685
2025-06-12 06:27:00,14.6
2025-06-12 15:17:00,49.889081537019685
2025-06-12 00:38:00,62.7
2025-06-12 14:53:00,47.4
2025-06-12 07:42:00,50.1
2025-06-12 15:09:00,49.889081537019685
2025-06-12 00:17:00,70.5
2025-06-12 19:46:00,44.9
2025-06-12 05:31:00,92.2
2025-06-12 19:53:00,16.0
2025-06-12 07:04:00,95.3
2025-06-12 19:38:00,52.1
2025-06-12 19:21:00,98.6
2025-06-12 14:28:00,33.2
2025-06-12 15:55:00,99.3
2025-06-12 00:11:00,49.889081537019685
2025-06-12 22:45:00,28.5
2025-06-12 00:03:00,49.889081537019685
2025-06-12 23:08:00,69.8
2025-06-12 03:03:00,92.5
2025-06-12 00:59:00,21.5
2025-06-12 16:35:00,45.0
2025-06-12 06:37:00,33.4
2025-06-12 07:00:00,48.6
2025-06-12 01:44:00,32.1
2025-06-12 13:37:00,82.3
2025-06-12 04:04:00,49.889081537019685
2025-06-12 04:29:00,49.889081537019685
2025-06-12 05:35:00,58.9
2025-06-12 08:06:00,49.889081537019685
2025-06-12 13:01:00,31.7
2025-06-12 02:27:00,47.5
2025-06-12 06:53:00,79.2
2025-06-12 23:13:00,62.0
2025-06-12 21:11:00,78.2
2025-06-12 01:52:00,72.6
2025-06-12 01:58:00,76.7
2025-06-12 08:49:00,90.5
2025-06-12 07:04:00,91.3
2025-06-12 01:37:00,79.9
2025-06-12 08:31:00,86.9
2025-06-12 15:07:00,69.7
2025-06-12 13:32:00,59.5
2025-06-12 15:45:00,52.5
2025-06-12 08:56:00,85.8
2025-06-12 05:10:00,49.889081537019685
2025-06-12 02:00:00,34.8
2025-06-12 05:09:00,71.8
2025-06-12 12:09:00,57.4
2025-06-12 16:00:00,96.1
2025-06-12 06:36:00,98.3
2025-06-12 07:21:00,82.7
2025-06-12 15:58:00,49.889081537019685
2025-06-12 03:12:00,45.9
2025-06-12 03:39:00,49.889081537019685
2025-06-12 08:20:00,90.4
2025-06-12 08:08:00,70.1
2025-06-12 05:23:00,30.1
2025-06-12 05:08:00,5.5
2025-06-12 19:42:00,95.9
2025-06-12 00:17:00,5.2
2025-06-12 16:26:00,19.2
2025-06-12 07:10:00,41.9
2025-06-12 07:13:00,87.2
2025-06-12 10:24:00,60.2
2025-06-12 13:29:00,31.0
2025-06-12 01:31:00,87.5
2025-06-12 01:50:00,41.6
2025-06-12 08:27:00,12.2
2025-06-12 20:04:00,92.2
2025-06-12 08:09:00,49.889081537019685
2025-06-12 11:28:00,80.4
2025-06-12 01:24:00,9.6
2025-06-12 02:19:00,16.7
2025-06-12 13:04:00,96.3
2025-06-12 20:52:00,79.6
2025-06-12 23:58:00,99.8
2025-06-12 08:19:00,25.3
2025-06-12 00:25:00,1.0
2025-06-12 13:46:00,45.8
2025-06-12 02:38:00,39.1
2025-06-12 00:42:00,50.1
2025-06-12 23:15:00,60.3
2025-06-12 15:14:00,31.0
2025-06-12 01:48:00,63.4
2025-06-12 10:22:00,35.6
2025-06-12 20:32:00,49.889081537019685
2025-06-12 13:19:00,70.2
2025-06-12 20:09:00,79.5
2025-06-12 03:30:00,24.4
2025-06-12 11:02:00,81.6
2025-06-12 04:32:00,15.5
2025-06-12 19:58:00,69.3
2025-06-12 15:08:00,11.7
2025-06-12 07:37:00,68.1
2025-06-12 23:18:00,30.5
2025-06-12 00:09:00,70.2
2025-06-12 08:38:00,12.9
2025-06-12 11:37:00,5.3
2025-06-12 00:21:00,25.8
2025-06-12 21:03:00,82.5
2025-06-12 06:57:00,49.889081537019685
2025-06-12 15:40:00,85.8
2025-06-12 04:31:00,12.1
2025-06-12 14:26:00,92.4
2025-06-12 07:28:00,49.889081537019685
2025-06-12 17:45:00,3.7
2025-06-12 19:27:00,55.3
2025-06-12 14:39:00,25.8
2025-06-12 13:46:00,49.889081537019685
2025-06-12 00:58:00,72.9
2025-06-12 05:01:00,49.889081537019685
2025-06-12 12:35:00,80.1
2025-06-12 19:43:00,28.1
2025-06-12 06:26:00,92.1
2025-06-12 12:00:00,72.1
2025-06-12 06:45:00,49.889081537019685
2025-06-12 09:48:00,83.1
2025-06-12 02:38:00,90.3
2025-06-12 07:40:00,78.4
2025-06-12 15:50:00,61.6
2025-06-12 13:52:00,87.7
2025-06-12 11:08:00,71.9
2025-06-12 04:55:00,96.6
2025-06-12 13:45:00,52.9
2025-06-12 15:56:00,88.0
2025-06-12 18:00:00,49.889081537019685
2025-06-12 17:38:00,81.5
2025-06-12 18:41:00,60.7
2025-06-12 21:41:00,23.0
2025-06-12 22:05:00,49.889081537019685
2025-06-12 16:40:00,28.1
2025-06-12 08:21:00,49.889081537019685
2025-06-12 02:29:00,93.9
2025-06-12 20:09:00,12.1
2025-06-12 09:17:00,47.6
2025-06-12 17:02:00,26.9
2025-06-12 23:06:00,63.9
2025-06-12 01:31:00,12.3
2025-06-12 03:05:00,24.7
2025-06-12 13:36:00,77.6
2025-06-12 18:38:00,76.8
2025-06-12 12:46:00,28.7
2025-06-12 03:43:00,87.6
2025-06-12 01:31:00,75.0
2025-06-12 09:58:00,91.0
2025-06-12 09:58:00,11.0
2025-06-12 08:01:00,73.2
2025-06-12 03:31:00,65.6
2025-06-12 21:37:00,92.4
2025-06-12 17:46:00,48.7
2025-06-12 11:22:00,45.9
2025-06-12 01:35:00,37.5
2025-06-12 09:59:00,12.8
2025-06-12 13:53:00,19.9
2025-06-12 15:18:00,60.0
2025-06-12 08:29:00,88.6
2025-06-12 21:56:00,78.8
2025-06-12 01:44:00,4.3
2025-06-12 22:34:00,19.3
2025-06-12 06:39:00,56.9
2025-06-12 11:59:00,22.2
2025-06-12 02:35:00,50.12778039031272
2025-06-12 23:21:00,12.6
2025-06-12 06:39:00,21.4
2025-06-12 05:08:00,78.9
2025-06-12 20:32:00,23.4
2025-06-12 05:31:00,17.2
2025-06-12 02:50:00,95.7
2025-06-12 19:48:00,33.4
2025-06-12 23:11:00,63.8
2025-06-12 03:59:00,23.7
2025-06-12 07:49:00,89.9
2025-06-12 03:09:00,86.6
2025-06-12 10:40:00,14.2
2025-06-12 17:57:00,50.12778039031272
2025-06-12 13:35:00,57.7
2025-06-12 13:20:00,69.0
2025-06-12 01:03:00,91.7
2025-06-12 01:42:00,61.4
2025-06-12 10:42:00,15.8
2025-06-12 12:25:00,95.0
2025-06-12 23:27:00,2.1
2025-06-12 08:18:00,2.4
2025-06-12 15:21:00,40.6
2025-06-12 11:12:00,50.12778039031272
2025-06-12 17:09:00,42.9
2025-06-12 13:00:00,29.0
2025-06-12 22:50:00,34.8
2025-06-12 12:34:00,90.6
2025-06-12 16:02:00,0.6
2025-06-12 13:37:00,34.9
2025-06-12 18:41:00,58.7
2025-06-12 00:13:00,18.3
2025-06-12 04:04:00,81.3
2025-06-12 13:51:00,50.12778039031272
2025-06-12 23:47:00,50.12778039031272
2025-06-12 14:24:00,91.8
2025-06-12 17:59:00,12.5
2025-06-12 01:01:00,16.9
2025-06-12 03:19:00,21.7
2025-06-12 11:27:00,59.3
2025-06-12 05:59:00,79.2
2025-06-12 07:04:00,97.9
2025-06-12 01:19:00,44.8
2025-06-12 12:58:00,67.7
2025-06-12 20:56:00,50.12778039031272
2025-06-12 07:49:00,78.6
2025-06-12 05:12:00,94.8
2025-06-12 19:28:00,3.2
2025-06-12 12:38:00,70.8
2025-06-12 10:33:00,77.0
2025-06-12 20:59:00,69.7
2025-06-12 13:11:00,19.9
2025-06-12 13:29:00,62.8
2025-06-12 04:44:00,39.4
2025-06-12 16:12:00,50.12778039031272
2025-06-12 22:15:00,50.12778039031272
2025-06-12 21:44:00,59.5
2025-06-12 10:53:00,70.4
2025-06-12 05:48:00,26.9
2025-06-12 15:03:00,40.6
2025-06-12 05:09:00,68.2
2025-06-12 22:43:00,49.8
2025-06-12 22:13:00,64.7
2025-06-12 17:07:00,83.8
2025-06-12 09:39:00,13.6
2025-06-12 04:55:00,55.8
2025-06-12 00:24:00,28.5
2025-06-12 12:40:00,38.2
2025-06-12 15:48:00,45.1
2025-06-12 02:47:00,80.3
2025-06-12 21:32:00,62.5
2025-06-12 12:34:00,77.9
2025-06-12 03:10:00,29.9
2025-06-12 08:52:00,50.12778039031272
2025-06-12 21:21:00,40.3
2025-06-12 14:51:00,91.9
2025-06-12 20:59:00,50.12778039031272
2025-06-12 04:55:00,21.1
2025-06-12 18:23:00,72.8
2025-06-12 21:06:00,19.7
2025-06-12 01:17:00,1.3
2025-06-12 13:20:00,27.1
2025-06-12 23:36:00,50.12778039031272
2025-06-12 01:35:00,7.0
2025-06-12 09:20:00,50.12778039031272
2025-06-12 10:47:00,50.12778039031272
2025-06-12 18:48:00,50.12778039031272
2025-06-12 19:03:00,19.4
2025-06-12 00:36:00,20.2
2025-06-12 16:06:00,50.12778039031272
2025-06-12 01:52:00,77.8
2025-06-12 10:21:00,26.5
2025-06-12 16:02:00,80.3
2025-06-12 21:18:00,86.2
2025-06-12 23:19:00,6.9
2025-06-12 19:50:00,48.7
2025-06-12 19:42:00,16.8
2025-06-12 13:28:00,52.8
2025-06-12 06:12:00,17.0
2025-06-12 00:37:00,50.12778039031272
2025-06-12 10:56:00,81.5
2025-06-12 17:16:00,22.8
2025-06-12 16:57:00,47.3
2025-06-12 09:17:00,40.7
2025-06-12 14:05:00,55.3
2025-06-12 14:33:00,99.8
2025-06-12 23:48:00,92.1
2025-06-12 21:20:00,22.0
2025-06-12 11:08:00,53.7
2025-06-12 20:12:00,78.1
2025-06-12 04:17:00,62.8
2025-06-12 06:02:00,20.1
2025-06-12 08:16:00,65.8
2025-06-12 06:17:00,61.7
2025-06-12 02:20:00,20.0
2025-06-12 12:46:00,66.4
2025-06-12 18:04:00,53.8
2025-06-12 23:58:00,62.8
2025-06-12 10:44:00,58.6
2025-06-12 00:42:00,50.12778039031272
2025-06-12 10:59:00,7.8
2025-06-12 15:25:00,10.5
2025-06-12 09:21:00,51.1
2025-06-12 12:33:00,64.3
2025-06-12 16:23:00,57.7
2025-06-12 23:50:00,88.1
2025-06-12 10:49:00,93.7
2025-06-12 10:51:00,3.3
2025-06-12 06:14:00,36.7
2025-06-12 11:58:00,35.2
2025-06-12 06:56:00,65.1
2025-06-12 22:42:00,64.7
2025-06-12 01:16:00,1.2
2025-06-12 10:09:00,78.4
2025-06-12 03:11:00,89.0
2025-06-12 14:23:00,58.5
2025-06-12 21:13:00,45.5
2025-06-12 05:15:00,23.2
2025-06-12 08:48:00,26.3
2025-06-12 13:37:00,54.2
2025-06-12 21:35:00,72.7
2025-06-12 13:37:00,1.0
2025-06-12 18:43:00,50.12778039031272
2025-06-12 16:40:00,21.4
2025-06-12 20:17:00,92.0
2025-06-12 08:52:00,42.6
2025-06-12 03:29:00,40.7
2025-06-12 20:59:00,1.9
2025-06-12 15:24:00,33.8
2025-06-12 08:16:00,27.5
2025-06-12 15:22:00,35.4
2025-06-12 16:47:00,33.1
2025-06-12 17:37:00,74.0
2025-06-12 03:31:00,16.6
2025-06-12 11:07:00,90.8
2025-06-12 04:47:00,61.1
2025-06-12 08:03:00,45.2
2025-06-12 01:52:00,32.3
2025-06-12 09:18:00,26.6
2025-06-12 20:13:00,33.0
2025-06-12 22:12:00,56.5
2025-06-12 14:25:00,45.6
2025-06-12 13:10:00,69.6
2025-06-12 14:34:00,14.3
2025-06-12 21:46:00,44.3
2025-06-12 06:51:00,50.12778039031272
2025-06-12 07:32:00,37.0
2025-06-12 06:53:00,34.3
2025-06-12 01:05:00,98.6
2025-06-12 11:49:00,90.9
2025-06-12 20:06:00,12.7
2025-06-12 16:26:00,58.7
2025-06-12 01:44:00,31.7
2025-06-12 00:19:00,50.12778039031272
2025-06-12 10:12:00,54.4
2025-06-12 17:57:00,77.3
2025-06-12 21:56:00,24.3
2025-06-12 04:24:00,50.12778039031272
2025-06-12 10:06:00,31.1
2025-06-12 21:01:00,37.8
2025-06-12 16:03:00,50.4
2025-06-12 01:01:00,82.2
2025-06-12 17:01:00,68.4
2025-06-12 04:17:00,11.8
2025-06-12 15:00:00,95.1
2025-06-12 16:12:00,35.4
2025-06-12 07:38:00,50.12778039031272
2025-06-12 01:38:00,84.7
2025-06-12 14:18:00,50.12778039031272
2025-06-12 00:44:00,56.7
2025-06-12 20:50:00,27.3
2025-06-12 16:11:00,28.9
2025-06-12 21:19:00,54.7
2025-06-12 05:25:00,50.12778039031272
2025-06-12 22:55:00,21.9
2025-06-12 22:23:00,95.8
2025-06-12 13:20:00,19.3
2025-06-12 14:28:00,38.0
2025-06-12 19:11:00,75.0
2025-06-12 03:38:00,50.12778039031272
2025-06-12 04:46:00,44.4
2025-06-12 12:48:00,62.7
2025-06-12 04:57:00,0.4
2025-06-12 11:13:00,48.6
2025-06-12 16:35:00,69.3
2025-06-12 17:37:00,22.8
2025-06-12 16:25:00,76.0
2025-06-12 02:59:00,87.1
2025-06-12 04:39:00,95.7
2025-06-12 16:02:00,68.4
2025-06-12 01:19:00,13.6
2025-06-12 05:37:00,50.12778039031272
2025-06-12 08:16:00,9.1
2025-06-12 23:31:00,50.12778039031272
2025-06-12 06:45:00,80.7
2025-06-12 00:45:00,50.12778039031272
2025-06-12 02:10:00,73.0
2025-06-12 06:50:00,27.1
2025-06-12 19:44:00,50.12778039031272
2025-06-12 00:42:00,33.9
2025-06-12 04:17:00,53.5
2025-06-12 02:03:00,39.8
2025-06-12 08:50:00,50.12778039031272
2025-06-12 02:12:00,54.8
2025-06-12 17:26:00,99.4
2025-06-12 02:59:00,23.2
2025-06-12 16:47:00,83.4
2025-06-12 22:06:00,73.7
2025-06-12 08:18:00,98.8
2025-06-12 02:55:00,50.12778039031272
2025-06-12 22:28:00,50.12778039031272
2025-06-12 03:56:00,1.7
2025-06-12 04:41:00,3.4
2025-06-12 17:04:00,28.7
2025-06-12 04:53:00,50.12778039031272
2025-06-12 10:21:00,27.6
2025-06-12 12:47:00,89.9
2025-06-12 08:33:00,40.3
2025-06-12 09:16:00,65.9
2025-06-12 22:08:00,50.7
2025-06-12 06:37:00,57.5
2025-06-12 12:12:00,11.0
2025-06-12 10:41:00,26.0
2025-06-12 09:15:00,50.12778039031272
2025-06-12 06:30:00,50.12778039031272
2025-06-12 11:00:00,75.5
2025-06-12 07:54:00,9.0
2025-06-12 11:15:00,13.6
2025-06-12 18:25:00,50.12778039031272
2025-06-12 13:54:00,51.1
2025-06-12 01:01:00,14.2
2025-06-12 13:46:00,66.5
2025-06-12 19:57:00,94.9
2025-06-12 00:24:00,48.7
2025-06-12 14:41:00,19.3
2025-06-12 08:06:00,23.0
2025-06-12 08:41:00,58.6
2025-06-12 20:23:00,32.4
2025-06-12 10:37:00,28.9
2025-06-12 21:40:00,88.8
2025-06-12 10:35:00,50.12778039031272
2025-06-12 08:06:00,23.6
2025-06-12 08:53:00,35.4
2025-06-12 04:25:00,53.8
2025-06-12 23:35:00,92.7
2025-06-12 06:43:00,50.12778039031272
2025-06-12 00:03:00,67.5
2025-06-12 23:32:00,97.9
2025-06-12 21:26:00,2.4
2025-06-12 03:04:00,50.12778039031272
2025-06-12 07:51:00,15.8
2025-06-12 07:42:00,17.9
2025-06-12 23:13:00,50.12778039031272
2025-06-12 03:15:00,76.4
2025-06-12 11:06:00,30.7
2025-06-12 23:35:00,6.3
2025-06-12 04:12:00,59.9
2025-06-12 16:50:00,79.0
2025-06-12 23:12:00,50.12778039031272
2025-06-12 18:04:00,56.3
2025-06-12 19:32:00,71.2
2025-06-12 18:21:00,47.0
2025-06-12 04:26:00,10.9
2025-06-12 01:09:00,80.8
2025-06-12 23:38:00,69.7
2025-06-12 14:51:00,79.4
2025-06-12 18:43:00,95.7
2025-06-12 06:19:00,72.7
2025-06-12 14:56:00,60.2
2025-06-12 16:47:00,46.4
2025-06-12 11:02:00,30.8
2025-06-12 09:18:00,62.9
2025-06-12 23:02:00,31.6
2025-06-12 19:23:00,38.8
2025-06-12 14:14:00,50.12778039031272
2025-06-12 17:35:00,50.12778039031272
2025-06-12 06:25:00,2.7
2025-06-12 23:09:00,50.12778039031272
2025-06-12 19:57:00,50.12778039031272
2025-06-12 17:44:00,78.3
2025-06-12 17:36:00,50.12778039031272
2025-06-12 07:25:00,73.1
2025-06-12 14:23:00,14.7
2025-06-12 22:16:00,20.3
2025-06-12 14:12:00,62.9
2025-06-12 21:17:00,42.8
2025-06-12 03:31:00,84.6
2025-06-12 16:30:00,51.5
2025-06-12 15:13:00,50.12778039031272
2025-06-12 01:13:00,17.8
2025-06-12 14:32:00,50.12778039031272
2025-06-12 01:04:00,75.9
2025-06-12 11:27:00,32.4
2025-06-12 07:52:00,87.6
2025-06-12 19:37:00,89.9
2025-06-12 18:39:00,12.6
2025-06-12 23:43:00,52.5
2025-06-12 20:57:00,50.12778039031272
2025-06-12 19:38:00,95.9
2025-06-12 00:47:00,95.3
2025-06-12 17:03:00,4.5
2025-06-12 13:07:00,61.4
2025-06-12 09:34:00,40.8
2025-06-12 10:49:00,23.9
2025-06-12 20:08:00,88.6
2025-06-12 01:07:00,98.6
2025-06-12 22:34:00,95.4
2025-06-12 00:24:00,79.3
2025-06-12 14:45:00,49.8
2025-06-12 06:54:00,20.1
2025-06-12 04:58:00,50.1655304792927
2025-06-12 06:39:00,76.1
2025-06-12 20:22:00,59.4
2025-06-12 14:40:00,50.1655304792927
2025-06-12 15:07:00,89.7
2025-06-12 15:40:00,97.7
2025-06-12 21:25:00,38.1
2025-06-12 22:31:00,28.4
2025-06-12 00:47:00,84.8
2025-06-12 02:55:00,48.2
2025-06-12 15:01:00,50.1655304792927
2025-06-12 18:56:00,42.7
2025-06-12 03:08:00,63.3
2025-06-12 03:36:00,70.7
2025-06-12 07:55:00,59.4
2025-06-12 14:53:00,61.0
2025-06-12 23:00:00,53.8
2025-06-12 23:01:00,62.5
2025-06-12 11:57:00,10.3
2025-06-12 18:36:00,47.6
2025-06-12 03:44:00,74.4
2025-06-12 17:17:00,54.0
2025-06-12 01:55:00,25.8
2025-06-12 21:08:00,41.6
2025-06-12 17:35:00,45.5
2025-06-12 20:48:00,74.9
2025-06-12 14:15:00,45.4
2025-06-12 23:16:00,51.6
2025-06-12 23:39:00,26.0
2025-06-12 20:57:00,35.2
2025-06-12 20:56:00,10.4
2025-06-12 02:35:00,20.5
2025-06-12 04:03:00,50.1655304792927
2025-06-12 15:40:00,89.8
2025-06-12 21:32:00,36.5
2025-06-12 11:20:00,12.8
2025-06-12 05:04:00,50.1655304792927
2025-06-12 21:33:00,48.7
2025-06-12 17:37:00,56.9
2025-06-12 05:11:00,6.1
2025-06-12 22:50:00,50.1655304792927
2025-06-12 08:57:00,40.0
2025-06-12 03:27:00,20.7
2025-06-12 19:15:00,79.0
2025-06-12 02:43:00,75.1
2025-06-12 10:35:00,99.8
2025-06-12 03:54:00,29.9
2025-06-12 18:54:00,41.0
2025-06-12 17:05:00,50.1655304792927
2025-06-12 10:26:00,14.7
2025-06-12 00:01:00,12.2
2025-06-12 09:41:00,7.3
2025-06-12 07:50:00,17.4
2025-06-12 02:18:00,94.1
2025-06-12 13:38:00,27.3
2025-06-12 23:34:00,65.8
2025-06-12 06:12:00,30.8
2025-06-12 09:49:00,50.1655304792927
2025-06-12 04:53:00,62.7
2025-06-12 02:36:00,17.0
2025-06-12 13:14:00,91.9
2025-06-12 04:35:00,56.5
2025-06-12 05:08:00,78.8
2025-06-12 12:54:00,48.5
2025-06-12 18:29:00,95.2
2025-06-12 14:13:00,91.4
2025-06-12 22:47:00,37.3
2025-06-12 23:17:00,15.0
2025-06-12 21:34:00,50.1655304792927
2025-06-12 17:33:00,74.4
2025-06-12 10:26:00,87.0
2025-06-12 08:29:00,19.7
2025-06-12 03:41:00,46.5
2025-06-12 04:03:00,84.5
2025-06-12 21:46:00,55.6
2025-06-12 17:47:00,72.5
2025-06-12 20:58:00,7.0
2025-06-12 19:10:00,47.1
2025-06-12 22:05:00,63.5
2025-06-12 22:06:00,26.4
2025-06-12 00:52:00,16.5
2025-06-12 01:48:00,50.1655304792927
2025-06-12 00:18:00,2.3
2025-06-12 00:36:00,61.2
2025-06-12 12:48:00,98.8
2025-06-12 03:31:00,89.5
2025-06-12 23:33:00,85.6
2025-06-12 03:48:00,4.3
2025-06-12 18:39:00,60.0
2025-06-12 14:55:00,74.2
2025-06-12 04:47:00,10.5
2025-06-12 11:38:00,24.9
2025-06-12 04:43:00,94.5
2025-06-12 20:29:00,50.1655304792927
2025-06-12 21:51:00,54.7
2025-06-12 17:37:00,31.9
2025-06-12 13:09:00,70.8
2025-06-12 16:36:00,44.7
2025-06-12 23:35:00,41.5
2025-06-12 05:21:00,27.7
2025-06-12 01:29:00,75.9
2025-06-12 14:08:00,2.2
2025-06-12 21:44:00,32.1
2025-06-12 07:13:00,81.0
2025-06-12 05:54:00,89.5
2025-06-12 03:33:00,82.4
2025-06-12 18:59:00,78.1
2025-06-12 03:43:00,68.0
2025-06-12 03:32:00,66.9
2025-06-12 20:32:00,22.6
2025-06-12 00:25:00,40.8
2025-06-12 10:00:00,14.5
2025-06-12 19:55:00,36.4
2025-06-12 14:53:00,36.2
2025-06-12 04:55:00,61.8
2025-06-12 17:21:00,48.7
2025-06-12 14:52:00,23.0
2025-06-12 11:54:00,1.2
2025-06-12 19:31:00,32.9
2025-06-12 08:56:00,42.8
2025-06-12 23:30:00,36.1
2025-06-12 16:22:00,32.7
2025-06-12 00:29:00,96.5
2025-06-12 05:50:00,57.2
2025-06-12 21:05:00,98.7
2025-06-12 15:49:00,5.9
2025-06-12 05:18:00,57.1
2025-06-12 01:55:00,11.8
2025-06-12 21:32:00,45.8
2025-06-12 16:31:00,29.8
2025-06-12 06:54:00,17.3
2025-06-12 03:49:00,44.0
2025-06-12 00:18:00,73.9
2025-06-12 12:38:00,24.7
2025-06-12 13:59:00,34.0
2025-06-12 19:09:00,8.0
2025-06-12 03:33:00,31.3
2025-06-12 01:25:00,87.5
2025-06-12 01:56:00,30.9
2025-06-12 15:54:00,43.0
2025-06-12 18:29:00,18.4
2025-06-12 00:00:00,58.9
2025-06-12 21:01:00,91.3
2025-06-12 14:13:00,74.8
2025-06-12 00:52:00,51.1
2025-06-12 22:46:00,26.3
2025-06-12 03:12:00,63.2
2025-06-12 10:32:00,63.1
2025-06-12 07:37:00,13.9
2025-06-12 19:36:00,93.6
2025-06-12 02:33:00,63.8
2025-06-12 06:24:00,0.5
2025-06-12 11:07:00,55.1
2025-06-12 04:31:00,72.5
2025-06-12 19:27:00,95.7
2025-06-12 22:25:00,96.1
2025-06-12 01:21:00,26.8
2025-06-12 15:43:00,94.5
2025-06-12 13:41:00,43.7
2025-06-12 14:28:00,49.1
2025-06-12 18:56:00,45.4
2025-06-12 03:34:00,97.0
2025-06-12 12:55:00,71.1
2025-06-12 23:17:00,65.8
2025-06-12 15:37:00,49.5
2025-06-12 04:14:00,88.6
2025-06-12 06:40:00,2.7
2025-06-12 00:40:00,77.4
2025-06-12 10:16:00,61.6
2025-06-12 09:06:00,77.9
2025-06-12 23:09:00,50.1655304792927
2025-06-12 01:43:00,68.1
2025-06-12 23:34:00,71.1
2025-06-12 15:47:00,99.1
2025-06-12 04:47:00,52.0
2025-06-12 06:33:00,53.9
2025-06-12 19:27:00,73.1
2025-06-12 09:56:00,20.5
2025-06-12 11:35:00,64.1
2025-06-12 19:56:00,50.1655304792927
2025-06-12 14:35:00,35.7
2025-06-12 19:11:00,6.2
2025-06-12 08:53:00,50.1655304792927
2025-06-12 19:50:00,9.2
2025-06-12 02:45:00,9.0
2025-06-12 05:52:00,1.1
2025-06-12 06:29:00,68.3
2025-06-12 01:41:00,63.1
2025-06-12 04:04:00,86.8
2025-06-12 01:16:00,88.8
2025-06-12 13:46:00,8.9
2025-06-12 15:21:00,77.6
2025-06-12 07:24:00,25.3
2025-06-12 10:54:00,50.1655304792927
2025-06-12 05:41:00,54.8
2025-06-12 06:14:00,95.6
2025-06-12 23:56:00,54.2
2025-06-12 03:10:00,50.2
2025-06-12 17:56:00,63.1
2025-06-12 17:36:00,27.5
2025-06-12 18:52:00,50.1655304792927
2025-06-12 03:14:00,50.1655304792927
2025-06-12 15:59:00,50.1655304792927
2025-06-12 02:40:00,64.4
2025-06-12 21:12:00,17.3
2025-06-12 05:21:00,69.0
2025-06-12 16:40:00,58.9
2025-06-12 23:43:00,51.8
2025-06-12 07:05:00,60.8
2025-06-12 00:16:00,40.4
2025-06-12 19:05:00,94.5
2025-06-12 01:26:00,3.2
2025-06-12 00:55:00,9.3
2025-06-12 14:42:00,7.4
2025-06-12 20:40:00,23.6
2025-06-12 08:20:00,2.2
2025-06-12 00:05:00,53.8
2025-06-12 08:25:00,90.6
2025-06-12 11:20:00,31.1
2025-06-12 17:28:00,92.0
2025-06-12 03:35:00,74.5
2025-06-12 02:57:00,54.4
2025-06-12 04:56:00,64.7
2025-06-12 05:06:00,50.1655304792927
2025-06-12 19:43:00,50.1655304792927
2025-06-12 01:33:00,12.3
2025-06-12 20:16:00,72.1
2025-06-12 06:18:00,53.4
2025-06-12 01:27:00,50.1655304792927
2025-06-12 03:08:00,90.2
2025-06-12 14:07:00,26.4
2025-06-12 08:34:00,54.0
2025-06-12 20:48:00,80.2
2025-06-12 14:53:00,90.2
2025-06-12 19:22:00,15.8
2025-06-12 12:59:00,50.1655304792927
2025-06-12 03:57:00,29.9
2025-06-12 15:23:00,40.9
2025-06-12 15:08:00,14.6
2025-06-12 01:12:00,56.4
2025-06-12 17:23:00,38.3
2025-06-12 05:50:00,62.1
2025-06-12 00:25:00,78.2
2025-06-12 08:15:00,54.6
2025-06-12 02:51:00,27.0
2025-06-12 17:45:00,38.3
2025-06-12 18:52:00,79.4
2025-06-12 18:44:00,43.6
2025-06-12 04:10:00,37.3
2025-06-12 19:59:00,61.5
2025-06-12 13:52:00,73.7
2025-06-12 02:28:00,49.4
2025-06-12 19:51:00,36.8
2025-06-12 00:43:00,25.3
2025-06-12 07:22:00,87.8
2025-06-12 20:03:00,53.5
2025-06-12 12:40:00,14.6
2025-06-12 11:38:00,38.0
2025-06-12 10:06:00,50.1655304792927
2025-06-12 20:49:00,54.8
2025-06-12 18:02:00,3.6
2025-06-12 15:06:00,50.1655304792927
2025-06-12 16:01:00,35.6
2025-06-12 22:54:00,22.4
2025-06-12 14:18:00,71.6
2025-06-12 16:11:00,50.1655304792927
2025-06-12 20:25:00,86.0
2025-06-12 01:32:00,11.5
2025-06-12 03:38:00,10.2
2025-06-12 21:09:00,94.4
2025-06-12 05:43:00,88.3
2025-06-12 01:50:00,94.0
2025-06-12 18:49:00,50.1655304792927
2025-06-12 03:42:00,73.0
2025-06-12 03:25:00,46.0
2025-06-12 00:41:00,13.4
2025-06-12 00:30:00,19.4
2025-06-12 02:30:00,79.4
2025-06-12 17:30:00,89.9
2025-06-12 10:30:00,21.5
2025-06-12 03:24:00,59.7
2025-06-12 23:47:00,50.1655304792927
2025-06-12 19:56:00,38.1
2025-06-12 18:41:00,94.7
2025-06-12 22:19:00,50.1655304792927
2025-06-12 10:49:00,51.1
2025-06-12 03:55:00,50.1655304792927
2025-06-12 23:40:00,56.4
2025-06-12 20:48:00,30.4
2025-06-12 04:49:00,50.1655304792927
2025-06-12 03:39:00,50.1655304792927
2025-06-12 15:37:00,50.1655304792927
2025-06-12 13:14:00,40.1
2025-06-12 06:28:00,83.6
2025-06-12 20:04:00,75.2
2025-06-12 19:14:00,42.9
2025-06-12 13:52:00,34.8
2025-06-12 12:23:00,54.2
2025-06-12 19:21:00,35.9
2025-06-12 02:06:00,88.3
2025-06-12 06:56:00,25.3
2025-06-12 15:28:00,78.8
2025-06-12 23:14:00,64.7
2025-06-12 04:14:00,50.1655304792927
2025-06-12 06:04:00,69.9
2025-06-12 01:59:00,43.8
2025-06-12 00:03:00,19.5
2025-06-12 23:18:00,82.9
2025-06-12 23:07:00,94.2
2025-06-12 13:14:00,6.6
2025-06-12 23:31:00,75.9
2025-06-12 21:39:00,40.1
2025-06-12 07:37:00,1.9
2025-06-12 14:12:00,68.3
2025-06-12 07:43:00,37.5
2025-06-12 02:04:00,50.2
2025-06-12 21:01:00,92.3
2025-06-12 16:49:00,15.1
2025-06-12 22:58:00,67.9
2025-06-12 13:46:00,55.5
2025-06-12 03:25:00,50.1655304792927
2025-06-12 11:53:00,97.2
2025-06-12 03:29:00,32.9
2025-06-12 15:33:00,67.5
2025-06-12 13:42:00,44.6
2025-06-12 17:01:00,50.1655304792927
2025-06-12 12:42:00,50.0
2025-06-12 02:49:00,84.2
2025-06-12 11:53:00,39.8
2025-06-12 19:01:00,55.2
2025-06-12 09:34:00,13.9
2025-06-12 21:57:00,13.0
2025-06-12 04:19:00,85.3
2025-06-12 02:57:00,68.2
2025-06-12 17:31:00,50.16485882352941
2025-06-12 18:36:00,50.16485882352941
2025-06-12 20:34:00,90.4
2025-06-12 01:38:00,57.6
2025-06-12 05:58:00,59.2
2025-06-12 17:59:00,50.16485882352941
2025-06-12 11:47:00,50.16485882352941
2025-06-12 17:08:00,50.16485882352941
2025-06-12 22:39:00,98.1
2025-06-12 15:03:00,6.4
2025-06-12 10:36:00,54.5
2025-06-12 14:41:00,67.3
2025-06-12 00:19:00,99.8
2025-06-12 23:50:00,82.5
2025-06-12 16:58:00,50.16485882352941
2025-06-12 17:30:00,50.16485882352941
2025-06-12 17:33:00,50.16485882352941
2025-06-12 19:51:00,19.6
2025-06-12 10:39:00,38.0
2025-06-12 18:55:00,3.3
2025-06-12 04:10:00,53.3
2025-06-12 03:03:00,28.9
2025-06-12 03:42:00,50.16485882352941
2025-06-12 05:35:00,78.0
2025-06-12 01:40:00,43.4
2025-06-12 19:15:00,74.8
2025-06-12 00:51:00,44.6
2025-06-12 00:49:00,15.7
2025-06-12 09:06:00,63.0
2025-06-12 07:57:00,67.0
2025-06-12 19:07:00,48.0
2025-06-12 00:42:00,99.1
2025-06-12 06:53:00,13.1
2025-06-12 00:52:00,7.9
2025-06-12 04:09:00,59.1
2025-06-12 11:07:00,25.1
2025-06-12 13:18:00,32.7
2025-06-12 10:27:00,3.0
2025-06-12 13:02:00,65.2
2025-06-12 00:09:00,45.9
2025-06-12 02:10:00,74.5
2025-06-12 20:46:00,45.9
2025-06-12 09:07:00,90.2
2025-06-12 21:26:00,35.2
2025-06-12 06:20:00,39.6
2025-06-12 08:43:00,67.5
2025-06-12 14:14:00,70.9
2025-06-12 00:10:00,13.0
2025-06-12 16:11:00,81.9
2025-06-12 03:11:00,48.6
2025-06-12 03:34:00,68.0
2025-06-12 08:21:00,5.9
2025-06-12 21:06:00,79.7
2025-06-12 12:58:00,50.9
2025-06-12 00:10:00,27.0
2025-06-12 12:36:00,50.16485882352941
2025-06-12 07:49:00,41.3
2025-06-12 03:04:00,59.8
2025-06-12 00:58:00,98.5
2025-06-12 16:34:00,63.3
2025-06-12 02:03:00,0.3
2025-06-12 14:09:00,16.7
2025-06-12 03:45:00,19.7
2025-06-12 22:51:00,22.6
2025-06-12 06:10:00,72.0
2025-06-12 15:31:00,29.2
2025-06-12 06:04:00,77.6
2025-06-12 05:28:00,95.1
2025-06-12 09:37:00,26.7
2025-06-12 22:36:00,50.16485882352941
2025-06-12 01:57:00,18.4
2025-06-12 06:20:00,98.9
2025-06-12 22:41:00,50.16485882352941
2025-06-12 01:32:00,85.4
2025-06-12 05:00:00,50.16485882352941
2025-06-12 11:32:00,98.1
2025-06-12 16:15:00,67.7
2025-06-12 01:28:00,86.6
2025-06-12 01:37:00,52.5
2025-06-12 07:40:00,50.1
2025-06-12 04:11:00,2.8
2025-06-12 18:45:00,46.5
2025-06-12 23:21:00,87.8
2025-06-12 20:26:00,24.9
2025-06-12 22:53:00,17.7
2025-06-12 03:23:00,67.4
2025-06-12 10:08:00,54.7
2025-06-12 06:26:00,50.16485882352941
2025-06-12 12:12:00,16.9
2025-06-12 16:11:00,50.16485882352941
2025-06-12 21:45:00,5.3
2025-06-12 03:28:00,84.0
2025-06-12 19:56:00,39.2
2025-06-12 12:26:00,85.8
2025-06-12 07:41:00,38.7
2025-06-12 01:03:00,62.5
2025-06-12 03:37:00,39.7
2025-06-12 20:24:00,50.16485882352941
2025-06-12 04:18:00,70.4
2025-06-12 02:06:00,35.1
2025-06-12 16:40:00,50.16485882352941
2025-06-12 00:25:00,34.4
2025-06-12 07:46:00,17.4
2025-06-12 02:57:00,50.16485882352941
2025-06-12 00:25:00,31.9
2025-06-12 19:09:00,30.8
2025-06-12 09:42:00,65.7
2025-06-12 05:41:00,64.8
2025-06-12 21:48:00,92.8
2025-06-12 23:15:00,17.2
2025-06-12 04:37:00,33.6
2025-06-12 11:02:00,40.7
2025-06-12 07:31:00,90.9
2025-06-12 15:35:00,46.2
2025-06-12 01:00:00,72.6
2025-06-12 23:01:00,65.6
2025-06-12 00:38:00,92.5
2025-06-12 11:17:00,56.7
2025-06-12 06:30:00,53.4
2025-06-12 06:05:00,5.5
2025-06-12 00:15:00,50.16485882352941
2025-06-12 05:57:00,50.16485882352941
2025-06-12 21:34:00,98.1
2025-06-12 17:37:00,66.2
2025-06-12 23:59:00,6.9
2025-06-12 08:38:00,53.2
2025-06-12 07:00:00,44.7
2025-06-12 04:28:00,24.4
2025-06-12 06:08:00,66.9
2025-06-12 12:33:00,87.3
2025-06-12 20:13:00,22.9
2025-06-12 23:38:00,50.16485882352941
2025-06-12 14:47:00,98.1
2025-06-12 20:14:00,96.8
2025-06-12 00:54:00,78.0
2025-06-12 15:34:00,76.8
2025-06-12 00:18:00,20.1
2025-06-12 01:15:00,18.6
2025-06-12 00:16:00,23.4
2025-06-12 19:28:00,3.9
2025-06-12 06:02:00,68.0
2025-06-12 06:27:00,50.16485882352941
2025-06-12 16:49:00,50.16485882352941
2025-06-12 06:25:00,63.3
2025-06-12 18:11:00,50.16485882352941
2025-06-12 02:49:00,29.6
2025-06-12 00:25:00,28.6
2025-06-12 02:46:00,9.5
2025-06-12 16:06:00,40.8
2025-06-12 01:22:00,74.8
2025-06-12 09:39:00,97.7
2025-06-12 18:31:00,50.16485882352941
2025-06-12 08:17:00,50.16485882352941
2025-06-12 00:36:00,49.9
2025-06-12 10:18:00,69.9
2025-06-12 17:32:00,29.0
2025-06-12 06:46:00,21.0
2025-06-12 06:43:00,50.16485882352941
2025-06-12 01:10:00,20.0
2025-06-12 01:40:00,98.0
2025-06-12 06:12:00,14.2
2025-06-12 05:56:00,50.16485882352941
2025-06-12 09:07:00,67.0
2025-06-12 21:42:00,78.6
2025-06-12 01:15:00,15.3
2025-06-12 15:29:00,28.0
2025-06-12 15:50:00,59.3
2025-06-12 08:29:00,50.6
2025-06-12 23:40:00,43.6
2025-06-12 21:46:00,61.4
2025-06-12 20:57:00,69.4
2025-06-12 14:26:00,8.6
2025-06-12 21:49:00,9.9
2025-06-12 20:02:00,68.5
2025-06-12 17:46:00,72.9
2025-06-12 00:23:00,58.5
2025-06-12 03:17:00,50.16485882352941
2025-06-12 10:53:00,40.0
2025-06-12 08:38:00,54.7
2025-06-12 05:36:00,35.9
2025-06-12 09:15:00,95.6
2025-06-12 23:18:00,49.5
2025-06-12 02:34:00,50.8
2025-06-12 07:01:00,22.4
2025-06-12 02:32:00,30.3
2025-06-12 12:50:00,9.5
2025-06-12 08:27:00,99.5
2025-06-12 23:01:00,8.6
2025-06-12 04:13:00,33.3
2025-06-12 16:19:00,88.5
2025-06-12 18:26:00,70.9
2025-06-12 11:48:00,50.16485882352941
2025-06-12 22:43:00,77.8
2025-06-12 03:54:00,45.7
2025-06-12 08:23:00,66.5
2025-06-12 16:57:00,31.4
2025-06-12 19:09:00,60.4
2025-06-12 10:27:00,95.0
2025-06-12 21:35:00,46.0
2025-06-12 00:01:00,84.9
2025-06-12 03:28:00,94.3
2025-06-12 12:59:00,50.16485882352941
2025-06-12 00:12:00,35.7
2025-06-12 19:30:00,45.8
2025-06-12 15:30:00,52.6
2025-06-12 08:35:00,66.0
2025-06-12 08:50:00,50.16485882352941
2025-06-12 07:23:00,87.7
2025-06-12 19:55:00,14.5
2025-06-12 16:07:00,50.16485882352941
2025-06-12 23:36:00,66.9
2025-06-12 16:28:00,88.8
2025-06-12 04:44:00,67.3
2025-06-12 08:10:00,50.16485882352941
2025-06-12 19:55:00,65.2
2025-06-12 11:46:00,70.1
2025-06-12 07:03:00,39.3
2025-06-12 07:14:00,50.16485882352941
2025-06-12 06:34:00,46.8
2025-06-12 23:47:00,91.9
2025-06-12 10:46:00,65.3
2025-06-12 18:53:00,27.1
2025-06-12 00:31:00,7.0
2025-06-12 22:29:00,32.6
2025-06-12 23:24:00,46.0
2025-06-12 22:07:00,15.7
2025-06-12 10:10:00,50.16485882352941
2025-06-12 18:23:00,38.9
2025-06-12 13:56:00,88.8
2025-06-12 03:15:00,19.3
2025-06-12 07:41:00,67.4
2025-06-12 17:35:00,8.6
2025-06-12 09:29:00,34.0
2025-06-12 10:43:00,49.8
2025-06-12 07:02:00,50.16485882352941
2025-06-12 12:51:00,88.0
2025-06-12 19:59:00,22.8
2025-06-12 05:51:00,82.1
2025-06-12 19:11:00,99.9
2025-06-12 18:04:00,76.1
2025-06-12 21:04:00,80.8
2025-06-12 22:24:00,15.1
2025-06-12 17:51:00,44.5
2025-06-12 11:48:00,73.4
2025-06-12 23:03:00,15.2
2025-06-12 01:24:00,71.9
2025-06-12 06:15:00,18.9
2025-06-12 09:01:00,24.1
2025-06-12 07:22:00,29.9
2025-06-12 10:57:00,94.1
2025-06-12 07:48:00,89.1
2025-06-12 16:42:00,71.8
2025-06-12 20:10:00,79.3
2025-06-12 03:37:00,50.16485882352941
2025-06-12 11:28:00,77.3
2025-06-12 07:22:00,50.16485882352941
2025-06-12 07:28:00,45.9
2025-06-12 03:34:00,9.0
2025-06-12 00:35:00,49.8
2025-06-12 12:26:00,20.4
2025-06-12 23:07:00,50.16485882352941
2025-06-12 23:29:00,50.16485882352941
2025-06-12 04:30:00,78.7
2025-06-12 17:52:00,50.16485882352941
2025-06-12 06:03:00,47.3
2025-06-12 06:21:00,95.3
2025-06-12 21:35:00,81.3
2025-06-12 12:50:00,50.16485882352941
2025-06-12 22:45:00,32.0
2025-06-12 09:41:00,50.16485882352941
2025-06-12 04:27:00,79.6
2025-06-12 13:38:00,0.6
2025-06-12 11:42:00,14.7
2025-06-12 20:16:00,24.0
2025-06-12 23:49:00,14.6
2025-06-12 14:00:00,50.16485882352941
2025-06-12 19:31:00,63.3
2025-06-12 05:59:00,67.6
2025-06-12 00:54:00,50.16485882352941
2025-06-12 02:35:00,48.9
2025-06-12 20:20:00,69.3
2025-06-12 00:17:00,16.9
2025-06-12 00:33:00,23.5
2025-06-12 22:04:00,50.16485882352941
2025-06-12 17:20:00,50.16485882352941
2025-06-12 13:44:00,16.2
2025-06-12 02:05:00,18.4
2025-06-12 21:55:00,2.9
2025-06-12 01:17:00,47.9
2025-06-12 20:33:00,82.0
2025-06-12 21:27:00,32.3
2025-06-12 08:39:00,50.16485882352941
2025-06-12 07:58:00,37.7
2025-06-12 00:51:00,77.7
2025-06-12 21:07:00,37.9
2025-06-12 20:53:00,35.5
2025-06-12 17:04:00,84.9
2025-06-12 08:44:00,41.5
2025-06-12 15:40:00,27.5
2025-06-12 16:02:00,31.1
2025-06-12 23:44:00,50.16485882352941
2025-06-12 18:26:00,73.7
2025-06-12 09:46:00,50.16485882352941
2025-06-12 05:57:00,50.16485882352941
2025-06-12 11:56:00,50.16485882352941
2025-06-12 18:15:00,31.0
2025-06-12 16:12:00,50.16485882352941
2025-06-12 04:45:00,64.9
2025-06-12 11:56:00,3.2
2025-06-12 09:00:00,14.9
2025-06-12 11:55:00,69.1
2025-06-12 11:40:00,56.0
2025-06-12 22:20:00,8.3
2025-06-12 21:03:00,16.0
2025-06-12 10:02:00,50.16485882352941
2025-06-12 02:08:00,97.6
2025-06-12 05:30:00,90.7
2025-06-12 08:49:00,4.4
2025-06-12 10:30:00,89.6
2025-06-12 00:13:00,32.5
2025-06-12 22:05:00,13.6
2025-06-12 01:05:00,64.2
2025-06-12 18:27:00,50.16485882352941
2025-06-12 10:17:00,12.1
2025-06-12 13:33:00,50.16485882352941
2025-06-12 13:07:00,50.16485882352941
2025-06-12 10:36:00,58.8
2025-06-12 22:49:00,30.5
2025-06-12 12:59:00,99.0
2025-06-12 04:43:00,78.5
2025-06-12 02:49:00,92.2
2025-06-12 22:31:00,83.1
2025-06-12 19:25:00,78.6
2025-06-12 03:10:00,13.2
2025-06-12 19:51:00,39.7
2025-06-12 06:16:00,50.16485882352941
2025-06-12 06:50:00,50.16485882352941
2025-06-12 07:34:00,77.5
2025-06-12 21:14:00,46.7
2025-06-12 08:34:00,9.5
2025-06-12 21:11:00,1.4
2025-06-12 09:59:00,55.5
2025-06-12 07:05:00,50.9
2025-06-12 20:19:00,49.7
2025-06-12 22:58:00,31.7
2025-06-12 14:36:00,49.40323484760014
2025-06-12 14:54:00,68.6
2025-06-12 09:39:00,25.7
2025-06-12 01:28:00,49.40323484760014
2025-06-12 17:56:00,49.40323484760014
2025-06-12 14:45:00,49.40323484760014
2025-06-12 16:35:00,9.0
2025-06-12 19:05:00,42.8
2025-06-12 19:22:00,52.6
2025-06-12 21:58:00,69.1
2025-06-12 06:43:00,91.4
2025-06-12 08:00:00,62.7
2025-06-12 08:32:00,45.0
2025-06-12 16:49:00,79.9
2025-06-12 04:38:00,33.0
2025-06-12 15:15:00,38.6
2025-06-12 22:58:00,49.40323484760014
2025-06-12 00:01:00,49.40323484760014
2025-06-12 21:08:00,53.4
2025-06-12 08:55:00,84.9
2025-06-12 17:54:00,68.6
2025-06-12 16:54:00,49.40323484760014
2025-06-12 03:36:00,70.3
2025-06-12 17:44:00,29.0
2025-06-12 22:23:00,49.40323484760014
2025-06-12 18:42:00,30.1
2025-06-12 23:25:00,85.4
2025-06-12 23:27:00,59.5
2025-06-12 05:24:00,49.40323484760014
2025-06-12 06:14:00,42.1
2025-06-12 04:56:00,76.0
2025-06-12 06:46:00,14.3
2025-06-12 22:38:00,68.8
2025-06-12 14:28:00,31.8
2025-06-12 09:28:00,33.8
2025-06-12 21:10:00,13.7
2025-06-12 02:39:00,11.0
2025-06-12 17:53:00,6.1
2025-06-12 09:03:00,52.5
2025-06-12 20:13:00,49.40323484760014
2025-06-12 21:06:00,49.40323484760014
2025-06-12 09:13:00,11.1
2025-06-12 05:59:00,50.6
2025-06-12 19:58:00,71.5
2025-06-12 17:50:00,11.8
2025-06-12 11:42:00,48.9
2025-06-12 12:56:00,77.9
2025-06-12 06:01:00,96.6
2025-06-12 04:37:00,40.7
2025-06-12 19:46:00,13.3
2025-06-12 11:10:00,16.6
2025-06-12 13:13:00,96.2
2025-06-12 17:10:00,49.40323484760014
2025-06-12 23:05:00,99.5
2025-06-12 03:28:00,91.3
2025-06-12 06:31:00,64.1
2025-06-12 01:41:00,48.2
2025-06-12 08:46:00,97.5
2025-06-12 14:18:00,22.7
2025-06-12 02:59:00,36.6
2025-06-12 13:50:00,95.5
2025-06-12 16:38:00,28.8
2025-06-12 04:26:00,15.9
2025-06-12 19:00:00,50.3
2025-06-12 00:05:00,70.3
2025-06-12 00:12:00,73.2
2025-06-12 14:55:00,49.40323484760014
2025-06-12 07:56:00,49.40323484760014
2025-06-12 01:44:00,97.8
2025-06-12 06:54:00,13.6
2025-06-12 21:25:00,45.3
2025-06-12 00:16:00,38.6
2025-06-12 13:04:00,56.1
2025-06-12 15:52:00,66.9
2025-06-12 08:08:00,61.3
2025-06-12 03:26:00,95.0
2025-06-12 20:15:00,53.4
2025-06-12 15:24:00,54.6
2025-06-12 03:50:00,88.2
2025-06-12 10:48:00,93.3
2025-06-12 11:14:00,98.1
2025-06-12 08:59:00,50.7
2025-06-12 09:32:00,44.5
2025-06-12 09:07:00,96.6
2025-06-12 21:24:00,39.4
2025-06-12 14:51:00,49.40323484760014
2025-06-12 04:58:00,34.1
2025-06-12 18:08:00,49.40323484760014
2025-06-12 09:53:00,51.2
2025-06-12 23:17:00,76.0
2025-06-12 19:40:00,85.9
2025-06-12 22:15:00,0.7
2025-06-12 08:33:00,81.3
2025-06-12 22:02:00,31.8
2025-06-12 07:32:00,54.7
2025-06-12 10:46:00,49.40323484760014
2025-06-12 20:04:00,72.6
2025-06-12 19:02:00,49.40323484760014
2025-06-12 03:28:00,49.40323484760014
2025-06-12 09:51:00,73.3
2025-06-12 16:03:00,35.7
2025-06-12 22:27:00,58.3
2025-06-12 08:00:00,33.8
2025-06-12 17:51:00,34.8
2025-06-12 01:09:00,79.5
2025-06-12 09:51:00,59.5
2025-06-12 01:56:00,81.0
2025-06-12 05:47:00,92.6
2025-06-12 01:10:00,55.3
2025-06-12 04:25:00,48.8
2025-06-12 22:03:00,62.9
2025-06-12 06:14:00,82.6
2025-06-12 09:18:00,83.4
2025-06-12 23:20:00,49.40323484760014
2025-06-12 11:39:00,70.0
2025-06-12 03:15:00,83.9
2025-06-12 01:04:00,49.40323484760014
2025-06-12 05:17:00,79.6
2025-06-12 00:05:00,13.2
2025-06-12 12:29:00,17.7
2025-06-12 15:35:00,9.7
2025-06-12 06:04:00,8.6
2025-06-12 10:14:00,13.2
2025-06-12 23:58:00,13.3
2025-06-12 01:46:00,64.4
2025-06-12 01:06:00,7.4
2025-06-12 12:37:00,49.1
2025-06-12 17:12:00,44.5
2025-06-12 14:34:00,75.2
2025-06-12 02:34:00,49.0
2025-06-12 09:18:00,12.7
2025-06-12 03:53:00,11.2
2025-06-12 01:33:00,54.4
2025-06-12 20:15:00,65.8
2025-06-12 22:50:00,59.4
2025-06-12 14:09:00,59.7
2025-06-12 08:15:00,61.3
2025-06-12 13:19:00,92.5
2025-06-12 17:23:00,59.5
2025-06-12 22:14:00,19.5
2025-06-12 17:32:00,43.0
2025-06-12 22:28:00,95.8
2025-06-12 14:06:00,49.40323484760014
2025-06-12 19:23:00,49.40323484760014
2025-06-12 08:17:00,42.4
2025-06-12 05:10:00,27.3
2025-06-12 05:50:00,31.3
2025-06-12 06:05:00,17.3
2025-06-12 00:29:00,68.1
2025-06-12 23:45:00,90.9
2025-06-12 19:05:00,3.3
2025-06-12 06:39:00,49.40323484760014
2025-06-12 10:32:00,59.9
2025-06-12 01:22:00,15.5
2025-06-12 08:50:00,6.3
2025-06-12 13:50:00,28.0
2025-06-12 14:11:00,49.40323484760014
2025-06-12 09:16:00,17.9
2025-06-12 12:01:00,33.5
2025-06-12 08:46:00,43.2
2025-06-12 19:21:00,33.7
2025-06-12 20:39:00,23.1
2025-06-12 03:37:00,23.6
2025-06-12 19:31:00,78.2
2025-06-12 17:47:00,49.40323484760014
2025-06-12 03:45:00,12.6
2025-06-12 22:10:00,16.0
2025-06-12 10:36:00,15.5
2025-06-12 09:23:00,6.3
2025-06-12 22:21:00,49.40323484760014
2025-06-12 15:39:00,20.2
2025-06-12 20:41:00,66.3
2025-06-12 04:35:00,70.5
2025-06-12 03:09:00,94.3
2025-06-12 03:26:00,91.2
2025-06-12 21:42:00,22.5
2025-06-12 21:33:00,52.7
2025-06-12 13:56:00,50.3
2025-06-12 08:55:00,4.5
2025-06-12 23:07:00,49.40323484760014
2025-06-12 00:54:00,11.2
2025-06-12 01:22:00,62.8
2025-06-12 04:52:00,87.5
2025-06-12 06:22:00,68.8
2025-06-12 15:19:00,55.4
2025-06-12 13:28:00,76.8
2025-06-12 04:17:00,47.9
2025-06-12 03:29:00,49.40323484760014
2025-06-12 09:45:00,48.6
2025-06-12 11:57:00,54.9
2025-06-12 21:46:00,14.3
2025-06-12 12:14:00,70.2
2025-06-12 10:00:00,47.7
2025-06-12 15:04:00,69.8
2025-06-12 13:18:00,38.1
2025-06-12 11:43:00,64.4
2025-06-12 09:08:00,42.3
2025-06-12 13:44:00,82.1
2025-06-12 06:50:00,86.1
2025-06-12 06:18:00,31.2
2025-06-12 21:19:00,31.6
2025-06-12 21:56:00,31.1
2025-06-12 02:32:00,39.8
2025-06-12 23:52:00,41.5
2025-06-12 14:16:00,18.1
2025-06-12 14:11:00,80.6
2025-06-12 01:24:00,69.1
2025-06-12 11:45:00,49.40323484760014
2025-06-12 01:05:00,76.2
2025-06-12 21:05:00,30.9
2025-06-12 04:16:00,53.3
2025-06-12 22:39:00,49.40323484760014
2025-06-12 11:12:00,64.2
2025-06-12 20:22:00,49.40323484760014
2025-06-12 19:41:00,1.3
2025-06-12 21:13:00,49.40323484760014
2025-06-12 12:02:00,49.40323484760014
2025-06-12 11:17:00,49.40323484760014
2025-06-12 10:28:00,14.1
2025-06-12 09:05:00,84.6
2025-06-12 14:24:00,16.0
2025-06-12 16:12:00,86.2
2025-06-12 20:14:00,6.0
2025-06-12 08:49:00,49.40323484760014
2025-06-12 06:56:00,35.8
2025-06-12 04:59:00,58.1
2025-06-12 20:23:00,49.40323484760014
2025-06-12 18:09:00,93.5
2025-06-12 15:30:00,3.9
2025-06-12 08:13:00,92.9
2025-06-12 09:44:00,94.0
2025-06-12 02:39:00,22.5
2025-06-12 21:18:00,77.2
2025-06-12 19:36:00,88.5
2025-06-12 17:38:00,73.8
2025-06-12 20:17:00,53.3
2025-06-12 05:11:00,47.1
2025-06-12 09:29:00,84.4
2025-06-12 12:05:00,49.40323484760014
2025-06-12 23:40:00,93.2
2025-06-12 09:32:00,19.0
2025-06-12 13:10:00,5.3
2025-06-12 22:14:00,41.1
2025-06-12 23:03:00,91.7
2025-06-12 13:15:00,7.4
2025-06-12 05:57:00,35.4
2025-06-12 06:25:00,77.5
2025-06-12 14:17:00,5.2
2025-06-12 00:50:00,69.6
2025-06-12 15:45:00,62.8
2025-06-12 23:42:00,70.5
2025-06-12 16:08:00,77.5
2025-06-12 11:18:00,24.9
2025-06-12 04:13:00,66.7
2025-06-12 01:47:00,49.8
2025-06-12 19:23:00,63.0
2025-06-12 23:22:00,49.40323484760014
2025-06-12 20:42:00,64.3
2025-06-12 16:08:00,8.3
2025-06-12 05:01:00,97.3
2025-06-12 10:25:00,51.7
2025-06-12 21:47:00,35.0
2025-06-12 03:28:00,48.6
2025-06-12 01:31:00,54.6
2025-06-12 15:16:00,21.1
2025-06-12 13:35:00,14.3
2025-06-12 13:51:00,33.7
2025-06-12 21:06:00,74.3
2025-06-12 00:40:00,86.7
2025-06-12 04:40:00,49.40323484760014
2025-06-12 03:42:00,27.7
2025-06-12 00:30:00,74.8
2025-06-12 18:41:00,83.4
2025-06-12 18:49:00,49.40323484760014
2025-06-12 15:13:00,65.8
2025-06-12 01:35:00,13.7
2025-06-12 07:48:00,49.40323484760014
2025-06-12 17:17:00,54.6
2025-06-12 11:35:00,66.1
2025-06-12 16:25:00,2.6
2025-06-12 22:34:00,86.4
2025-06-12 16:27:00,41.7
2025-06-12 14:55:00,1.3
2025-06-12 14:45:00,50.7
2025-06-12 19:55:00,29.5
2025-06-12 05:19:00,49.40323484760014
2025-06-12 13:47:00,50.4
2025-06-12 03:22:00,7.2
2025-06-12 07:06:00,57.4
2025-06-12 00:18:00,41.8
2025-06-12 17:26:00,58.0
2025-06-12 16:09:00,2.0
2025-06-12 12:27:00,18.8
2025-06-12 06:38:00,49.40323484760014
2025-06-12 07:42:00,21.4
2025-06-12 21:32:00,8.1
2025-06-12 05:42:00,50.6
2025-06-12 08:01:00,52.4
2025-06-12 11:58:00,20.1
2025-06-12 07:43:00,70.1
2025-06-12 16:24:00,48.0
2025-06-12 00:07:00,89.6
2025-06-12 04:17:00,80.6
2025-06-12 04:34:00,75.6
2025-06-12 00:44:00,38.6
2025-06-12 04:15:00,49.40323484760014
2025-06-12 02:09:00,24.7
2025-06-12 01:56:00,13.4
2025-06-12 17:53:00,22.6
2025-06-12 06:18:00,75.1
2025-06-12 12:18:00,51.7
2025-06-12 07:07:00,88.4
2025-06-12 11:55:00,63.8
2025-06-12 23:37:00,9.3
2025-06-12 16:24:00,95.9
2025-06-12 00:30:00,29.0
2025-06-12 23:54:00,39.8
2025-06-12 09:48:00,12.6
2025-06-12 12:18:00,26.3
2025-06-12 05:36:00,91.5
2025-06-12 17:20:00,50.400661703887515
2025-06-12 09:05:00,76.8
2025-06-12 19:03:00,50.400661703887515
2025-06-12 03:13:00,91.9
2025-06-12 08:50:00,56.0
2025-06-12 06:42:00,76.4
2025-06-12 08:22:00,56.1
2025-06-12 03:27:00,73.0
2025-06-12 04:52:00,27.4
2025-06-12 15:56:00,4.1
2025-06-12 05:52:00,75.6
2025-06-12 18:20:00,39.5
2025-06-12 02:20:00,8.4
2025-06-12 11:33:00,27.3
2025-06-12 23:02:00,99.2
2025-06-12 02:36:00,76.8
2025-06-12 23:45:00,93.4
2025-06-12 03:44:00,23.5
2025-06-12 16:34:00,8.0
2025-06-12 21:12:00,79.4
2025-06-12 11:07:00,0.5
2025-06-12 17:50:00,10.8
2025-06-12 23:45:00,52.3
2025-06-12 14:28:00,24.5
2025-06-12 00:41:00,50.400661703887515
2025-06-12 01:21:00,97.1
2025-06-12 09:23:00,23.1
2025-06-12 08:54:00,96.5
2025-06-12 06:38:00,50.400661703887515
2025-06-12 20:18:00,59.4
2025-06-12 20:08:00,3.6
2025-06-12 02:58:00,76.4
2025-06-12 05:22:00,12.0
2025-06-12 07:47:00,50.400661703887515
2025-06-12 22:57:00,71.6
2025-06-12 15:54:00,63.2
2025-06-12 10:10:00,27.2
2025-06-12 18:59:00,95.9
2025-06-12 21:17:00,22.5
2025-06-12 01:36:00,95.2
2025-06-12 19:27:00,39.4
2025-06-12 22:40:00,50.400661703887515
2025-06-12 03:13:00,40.5
2025-06-12 14:56:00,50.400661703887515
2025-06-12 11:10:00,97.9
2025-06-12 09:25:00,74.9
2025-06-12 21:19:00,16.8
2025-06-12 09:13:00,76.3
2025-06-12 22:25:00,91.4
2025-06-12 11:45:00,59.6
2025-06-12 05:19:00,92.2
2025-06-12 22:48:00,20.6
2025-06-12 03:58:00,26.2
2025-06-12 09:12:00,37.0
2025-06-12 06:23:00,88.0
2025-06-12 06:18:00,17.5
2025-06-12 01:20:00,61.6
2025-06-12 22:03:00,75.5
2025-06-12 13:15:00,47.1
2025-06-12 05:00:00,50.400661703887515
2025-06-12 03:22:00,53.9
2025-06-12 16:25:00,14.0
2025-06-12 13:11:00,75.9
2025-06-12 06:37:00,33.1
2025-06-12 13:03:00,50.400661703887515
2025-06-12 07:58:00,88.4
2025-06-12 09:06:00,50.400661703887515
2025-06-12 10:46:00,50.1
2025-06-12 12:17:00,50.400661703887515
2025-06-12 13:46:00,39.7
2025-06-12 14:55:00,66.4
2025-06-12 07:51:00,13.4
2025-06-12 11:25:00,28.9
2025-06-12 13:28:00,17.5
2025-06-12 22:07:00,50.400661703887515
2025-06-12 05:21:00,99.5
2025-06-12 04:39:00,52.2
2025-06-12 08:25:00,20.2
2025-06-12 11:43:00,50.400661703887515
2025-06-12 17:13:00,50.400661703887515
2025-06-12 10:37:00,48.0
2025-06-12 03:25:00,50.8
2025-06-12 13:23:00,70.9
2025-06-12 18:41:00,86.6
2025-06-12 17:01:00,37.4
2025-06-12 22:47:00,80.5
2025-06-12 05:54:00,65.3
2025-06-12 23:31:00,58.3
2025-06-12 11:58:00,18.2
2025-06-12 01:37:00,55.9
2025-06-12 07:46:00,46.0
2025-06-12 08:54:00,50.400661703887515
2025-06-12 20:41:00,97.9
2025-06-12 20:09:00,21.1
2025-06-12 12:21:00,21.9
2025-06-12 10:47:00,50.400661703887515
2025-06-12 05:31:00,36.7
2025-06-12 18:36:00,67.6
2025-06-12 04:51:00,91.7
2025-06-12 03:15:00,25.2
2025-06-12 13:29:00,44.2
2025-06-12 08:13:00,33.0
2025-06-12 12:01:00,33.0
2025-06-12 20:01:00,50.400661703887515
2025-06-12 15:48:00,43.2
2025-06-12 22:49:00,19.4
2025-06-12 23:00:00,81.4
2025-06-12 14:12:00,20.5
2025-06-12 03:37:00,16.6
2025-06-12 19:03:00,77.2
2025-06-12 23:02:00,50.400661703887515
2025-06-12 22:00:00,10.7
2025-06-12 02:12:00,54.0
2025-06-12 13:28:00,63.7
2025-06-12 07:21:00,24.6
2025-06-12 14:53:00,76.0
2025-06-12 06:23:00,12.1
2025-06-12 11:53:00,74.9
2025-06-12 01:12:00,86.5
2025-06-12 17:12:00,97.5
2025-06-12 10:46:00,49.2
2025-06-12 01:09:00,30.6
2025-06-12 04:14:00,50.400661703887515
2025-06-12 07:18:00,20.1
2025-06-12 15:48:00,67.4
2025-06-12 21:39:00,43.7
2025-06-12 13:23:00,86.0
2025-06-12 06:29:00,59.8
2025-06-12 05:59:00,6.1
2025-06-12 09:27:00,10.0
2025-06-12 14:51:00,11.7
2025-06-12 13:08:00,50.400661703887515
2025-06-12 07:59:00,84.0
2025-06-12 11:09:00,67.5
2025-06-12 02:18:00,83.6
2025-06-12 22:38:00,41.6
2025-06-12 22:56:00,27.7
2025-06-12 15:17:00,61.9
2025-06-12 01:11:00,99.1
2025-06-12 15:31:00,50.400661703887515
2025-06-12 21:27:00,50.400661703887515
2025-06-12 22:25:00,50.400661703887515
2025-06-12 21:13:00,42.0
2025-06-12 22:00:00,41.5
2025-06-12 03:39:00,34.9
2025-06-12 13:08:00,59.9
2025-06-12 10:52:00,55.0
2025-06-12 22:10:00,52.3
2025-06-12 03:10:00,50.400661703887515
2025-06-12 04:45:00,16.1
2025-06-12 09:40:00,14.7
2025-06-12 18:47:00,18.7
2025-06-12 21:11:00,11.0
2025-06-12 10:17:00,13.6
2025-06-12 13:25:00,26.3
2025-06-12 09:01:00,47.3
2025-06-12 21:19:00,53.6
2025-06-12 15:30:00,22.3
2025-06-12 07:43:00,47.9
2025-06-12 03:24:00,0.6
2025-06-12 11:06:00,65.3
2025-06-12 00:58:00,50.400661703887515
2025-06-12 05:49:00,27.9
2025-06-12 19:12:00,37.1
2025-06-12 05:41:00,52.2
2025-06-12 06:12:00,40.1
2025-06-12 21:38:00,64.3
2025-06-12 18:22:00,96.4
2025-06-12 10:22:00,68.3
2025-06-12 21:42:00,3.0
2025-06-12 04:54:00,31.7
2025-06-12 04:58:00,56.7
2025-06-12 05:16:00,59.2
2025-06-12 08:26:00,10.6
2025-06-12 13:33:00,74.7
2025-06-12 19:05:00,50.400661703887515
2025-06-12 11:58:00,34.7
2025-06-12 18:56:00,74.4
2025-06-12 10:52:00,67.7
2025-06-12 10:46:00,8.4
2025-06-12 12:06:00,85.8
2025-06-12 14:54:00,15.2
2025-06-12 14:00:00,34.0
2025-06-12 14:45:00,34.7
2025-06-12 07:14:00,15.5
2025-06-12 10:22:00,50.400661703887515
2025-06-12 00:13:00,17.0
2025-06-12 04:24:00,51.0
2025-06-12 00:14:00,82.5
2025-06-12 16:34:00,78.8
2025-06-12 23:25:00,40.7
2025-06-12 15:48:00,80.9
2025-06-12 11:06:00,22.6
2025-06-12 16:18:00,18.8
2025-06-12 09:29:00,88.8
2025-06-12 08:18:00,50.400661703887515
2025-06-12 00:01:00,54.0
2025-06-12 20:15:00,77.4
2025-06-12 23:54:00,15.3
2025-06-12 08:12:00,19.7
2025-06-12 06:28:00,83.1
2025-06-12 21:20:00,56.8
2025-06-12 18:06:00,31.1
2025-06-12 14:31:00,82.7
2025-06-12 02:50:00,27.6
2025-06-12 07:13:00,30.2
2025-06-12 17:13:00,18.5
2025-06-12 04:24:00,50.400661703887515
2025-06-12 09:56:00,91.7
2025-06-12 04:26:00,68.3
2025-06-12 10:54:00,51.9
2025-06-12 13:40:00,7.3
2025-06-12 17:02:00,66.1
2025-06-12 00:58:00,90.0
2025-06-12 15:19:00,50.400661703887515
2025-06-12 11:13:00,70.2
2025-06-12 04:47:00,93.1
2025-06-12 02:19:00,55.5
2025-06-12 01:41:00,50.400661703887515
2025-06-12 03:42:00,46.0
2025-06-12 00:19:00,53.9
2025-06-12 18:04:00,50.400661703887515
2025-06-12 16:29:00,61.7
2025-06-12 00:48:00,50.400661703887515
2025-06-12 13:21:00,90.9
2025-06-12 21:46:00,94.6
2025-06-12 19:52:00,50.400661703887515
2025-06-12 15:20:00,17.5
2025-06-12 15:13:00,48.4
2025-06-12 20:00:00,12.2
2025-06-12 16:03:00,50.400661703887515
2025-06-12 11:52:00,9.6
2025-06-12 16:22:00,20.1
2025-06-12 07:03:00,93.6
2025-06-12 14:37:00,68.9
2025-06-12 00:49:00,1.4
2025-06-12 21:21:00,36.8
2025-06-12 13:19:00,27.6
2025-06-12 06:38:00,51.0
2025-06-12 03:33:00,99.0
2025-06-12 08:27:00,55.9
2025-06-12 23:53:00,12.4
2025-06-12 20:48:00,70.3
2025-06-12 18:05:00,78.0
2025-06-12 03:41:00,41.2
2025-06-12 12:50:00,46.6
2025-06-12 07:51:00,75.8
2025-06-12 08:07:00,32.7
2025-06-12 20:14:00,50.400661703887515
2025-06-12 00:04:00,50.400661703887515
2025-06-12 02:01:00,50.400661703887515
2025-06-12 20:00:00,30.7
2025-06-12 02:23:00,19.7
2025-06-12 19:10:00,74.6
2025-06-12 09:44:00,50.400661703887515
2025-06-12 03:09:00,46.8
2025-06-12 03:02:00,36.2
2025-06-12 19:15:00,81.1
2025-06-12 16:55:00,63.0
2025-06-12 22:28:00,23.0
2025-06-12 12:58:00,50.400661703887515
2025-06-12 01:01:00,50.400661703887515
2025-06-12 18:02:00,82.9
2025-06-12 16:08:00,50.400661703887515
2025-06-12 09:53:00,2.1
2025-06-12 13:07:00,50.400661703887515
2025-06-12 10:41:00,68.7
2025-06-12 12:21:00,29.8
2025-06-12 23:53:00,40.3
2025-06-12 04:56:00,45.8
2025-06-12 15:38:00,50.400661703887515
2025-06-12 12:46:00,46.2
2025-06-12 06:32:00,82.7
2025-06-12 08:57:00,0.0
2025-06-12 12:01:00,51.6
2025-06-12 18:50:00,56.9
2025-06-12 22:17:00,4.5
2025-06-12 06:06:00,89.5
2025-06-12 03:08:00,94.5
2025-06-12 00:24:00,64.5
2025-06-12 05:15:00,85.3
2025-06-12 04:42:00,33.1
2025-06-12 07:39:00,77.2
2025-06-12 10:04:00,71.5
2025-06-12 15:28:00,29.3
2025-06-12 18:33:00,21.9
2025-06-12 01:20:00,81.0
2025-06-12 01:42:00,10.1
2025-06-12 16:57:00,59.9
2025-06-12 05:58:00,40.9
2025-06-12 06:31:00,50.400661703887515
2025-06-12 18:28:00,9.2
2025-06-12 19:14:00,20.0
2025-06-12 19:25:00,39.3
2025-06-12 10:12:00,2.6
2025-06-12 01:37:00,92.1
2025-06-12 07:15:00,10.7
2025-06-12 16:46:00,82.9
2025-06-12 07:38:00,15.5
2025-06-12 04:50:00,52.2
2025-06-12 09:39:00,15.9
2025-06-12 11:00:00,52.4
2025-06-12 21:10:00,14.1
2025-06-12 13:44:00,50.400661703887515
2025-06-12 20:18:00,89.8
2025-06-12 21:40:00,73.9
2025-06-12 07:59:00,24.0
2025-06-12 02:04:00,50.400661703887515
2025-06-12 11:18:00,63.0
2025-06-12 18:22:00,99.2
2025-06-12 17:34:00,3.3
2025-06-12 18:30:00,37.7
2025-06-12 09:06:00,63.3
2025-06-12 01:07:00,73.4
2025-06-12 11:43:00,23.3
2025-06-12 15:13:00,73.9
2025-06-12 01:30:00,3.1
2025-06-12 22:45:00,33.5
2025-06-12 08:53:00,19.6
2025-06-12 02:27:00,50.400661703887515
2025-06-12 06:57:00,97.7
2025-06-12 22:26:00,56.2
2025-06-12 18:02:00,32.2
2025-06-12 07:39:00,29.4
2025-06-12 04:31:00,84.9
2025-06-12 06:08:00,24.2
2025-06-12 09:04:00,62.9
2025-06-12 22:27:00,11.3
2025-06-12 10:56:00,50.400661703887515
2025-06-12 08:22:00,64.4
2025-06-12 11:55:00,93.4
2025-06-12 12:59:00,41.5
2025-06-12 03:32:00,49.84418741885991
2025-06-12 06:54:00,1.0
2025-06-12 15:39:00,19.0
2025-06-12 04:16:00,48.9
2025-06-12 15:19:00,1.4
2025-06-12 06:33:00,82.2
2025-06-12 20:45:00,49.84418741885991
2025-06-12 01:48:00,94.1
2025-06-12 17:55:00,14.5
2025-06-12 02:31:00,46.1
2025-06-12 08:05:00,13.5
2025-06-12 00:33:00,27.4
2025-06-12 10:57:00,84.1
2025-06-12 20:59:00,49.84418741885991
2025-06-12 14:46:00,82.9
2025-06-12 03:47:00,7.4
2025-06-12 03:08:00,49.84418741885991
2025-06-12 22:50:00,49.84418741885991
2025-06-12 06:14:00,6.9
2025-06-12 22:44:00,83.4
2025-06-12 06:59:00,91.0
2025-06-12 15:10:00,2.4
2025-06-12 21:39:00,30.6
2025-06-12 19:08:00,90.7
2025-06-12 07:55:00,32.3
2025-06-12 22:48:00,54.6
2025-06-12 19:39:00,74.8
2025-06-12 01:13:00,49.84418741885991
2025-06-12 20:14:00,49.84418741885991
2025-06-12 03:10:00,62.3
2025-06-12 17:36:00,49.84418741885991
2025-06-12 23:21:00,76.9
2025-06-12 19:44:00,37.9
2025-06-12 03:51:00,80.0
2025-06-12 17:44:00,2.4
2025-06-12 07:11:00,32.9
2025-06-12 08:02:00,66.9
2025-06-12 08:58:00,95.1
2025-06-12 05:56:00,22.9
2025-06-12 20:56:00,73.8
2025-06-12 06:58:00,98.8
2025-06-12 06:11:00,50.0
2025-06-12 16:04:00,68.6
2025-06-12 13:59:00,92.1
2025-06-12 00:50:00,64.8
2025-06-12 09:54:00,74.0
2025-06-12 21:31:00,23.3
2025-06-12 13:15:00,1.6
2025-06-12 20:31:00,43.9
2025-06-12 10:46:00,65.4
2025-06-12 08:36:00,28.0
2025-06-12 14:24:00,23.0
2025-06-12 14:31:00,86.0
2025-06-12 22:11:00,26.0
2025-06-12 16:41:00,49.84418741885991
2025-06-12 01:08:00,34.5
2025-06-12 17:38:00,55.7
2025-06-12 11:46:00,72.5
2025-06-12 13:49:00,39.9
2025-06-12 06:25:00,62.0
2025-06-12 23:46:00,23.3
2025-06-12 09:46:00,86.5
2025-06-12 05:24:00,9.5
2025-06-12 20:59:00,83.9
2025-06-12 10:46:00,74.0
2025-06-12 22:16:00,66.6
2025-06-12 17:53:00,0.5
2025-06-12 19:59:00,57.6
2025-06-12 11:33:00,4.4
2025-06-12 08:26:00,27.9
2025-06-12 11:42:00,32.9
2025-06-12 07:17:00,14.2
2025-06-12 19:04:00,53.6
2025-06-12 13:02:00,41.2
2025-06-12 05:52:00,71.6
2025-06-12 03:02:00,81.8
2025-06-12 20:18:00,92.8
2025-06-12 06:58:00,26.3
2025-06-12 04:29:00,93.1
2025-06-12 14:14:00,49.84418741885991
2025-06-12 01:32:00,49.84418741885991
2025-06-12 19:02:00,49.84418741885991
2025-06-12 23:24:00,9.9
2025-06-12 19:27:00,46.0
2025-06-12 20:53:00,50.2
2025-06-12 15:37:00,49.84418741885991
2025-06-12 09:42:00,96.0
2025-06-12 23:34:00,37.3
2025-06-12 02:01:00,88.6
2025-06-12 22:00:00,46.0
2025-06-12 05:40:00,49.84418741885991
2025-06-12 11:46:00,73.2
2025-06-12 00:10:00,9.0
2025-06-12 06:08:00,49.84418741885991
2025-06-12 18:32:00,92.7
2025-06-12 09:08:00,91.8
2025-06-12 07:46:00,11.4
2025-06-12 08:07:00,57.5
2025-06-12 11:08:00,64.9
2025-06-12 05:08:00,47.0
2025-06-12 04:32:00,49.84418741885991
2025-06-12 07:28:00,94.4
2025-06-12 09:59:00,64.3
2025-06-12 12:27:00,54.0
2025-06-12 16:40:00,49.84418741885991
2025-06-12 02:52:00,32.3
2025-06-12 12:34:00,19.1
2025-06-12 07:27:00,56.9
2025-06-12 11:21:00,47.0
2025-06-12 14:39:00,49.84418741885991
2025-06-12 06:17:00,26.3
2025-06-12 00:46:00,4.4
2025-06-12 06:36:00,98.7
2025-06-12 21:57:00,44.3
2025-06-12 16:29:00,3.2
2025-06-12 00:33:00,84.6
2025-06-12 20:52:00,14.1
2025-06-12 14:11:00,88.2
2025-06-12 07:34:00,68.7
2025-06-12 05:21:00,73.6
2025-06-12 13:55:00,49.84418741885991
2025-06-12 09:18:00,5.8
2025-06-12 01:04:00,30.4
2025-06-12 01:11:00,82.3
2025-06-12 15:18:00,49.84418741885991
2025-06-12 02:54:00,43.5
2025-06-12 11:06:00,9.9
2025-06-12 03:22:00,0.0
2025-06-12 09:18:00,25.9
2025-06-12 14:25:00,95.4
2025-06-12 03:27:00,93.8
2025-06-12 03:39:00,49.84418741885991
2025-06-12 00:11:00,43.6
2025-06-12 20:44:00,68.2
2025-06-12 12:36:00,28.6
2025-06-12 09:17:00,16.5
2025-06-12 06:31:00,13.1
2025-06-12 11:19:00,40.1
2025-06-12 16:02:00,78.8
2025-06-12 09:38:00,11.0
2025-06-12 13:17:00,40.0
2025-06-12 02:26:00,28.9
2025-06-12 01:41:00,92.8
2025-06-12 13:22:00,94.4
2025-06-12 10:12:00,40.8
2025-06-12 09:57:00,78.8
2025-06-12 02:57:00,56.2
2025-06-12 17:44:00,92.6
2025-06-12 11:56:00,0.3
2025-06-12 22:10:00,76.5
2025-06-12 13:30:00,49.2
2025-06-12 06:16:00,31.9
2025-06-12 17:58:00,26.3
2025-06-12 16:36:00,66.6
2025-06-12 19:01:00,64.2
2025-06-12 14:59:00,49.84418741885991
2025-06-12 03:33:00,95.4
2025-06-12 21:29:00,95.4
2025-06-12 06:29:00,82.0
2025-06-12 06:45:00,47.9
2025-06-12 11:27:00,52.6
2025-06-12 19:39:00,49.84418741885991
2025-06-12 23:34:00,65.5
2025-06-12 07:00:00,49.84418741885991
2025-06-12 23:57:00,24.4
2025-06-12 12:05:00,49.84418741885991
2025-06-12 11:57:00,85.7
2025-06-12 21:23:00,19.5
2025-06-12 07:06:00,33.5
2025-06-12 19:32:00,68.1
2025-06-12 01:57:00,47.3
2025-06-12 08:07:00,52.7
2025-06-12 13:01:00,63.9
2025-06-12 01:10:00,7.6
2025-06-12 00:32:00,94.8
2025-06-12 17:40:00,99.8
2025-06-12 13:46:00,57.5
2025-06-12 03:11:00,76.7
2025-06-12 03:51:00,61.8
2025-06-12 11:41:00,60.4
2025-06-12 15:09:00,88.1
2025-06-12 07:41:00,10.5
2025-06-12 08:49:00,34.0
2025-06-12 05:40:00,35.0
2025-06-12 15:44:00,96.2
2025-06-12 06:25:00,49.84418741885991
2025-06-12 06:14:00,39.3
2025-06-12 17:17:00,44.4
2025-06-12 19:06:00,20.2
2025-06-12 05:38:00,67.4
2025-06-12 17:52:00,49.84418741885991
2025-06-12 10:33:00,76.8
2025-06-12 16:35:00,71.7
2025-06-12 01:45:00,51.9
2025-06-12 23:26:00,20.3
2025-06-12 17:17:00,85.4
2025-06-12 16:03:00,17.8
2025-06-12 10:44:00,33.9
2025-06-12 14:14:00,33.5
2025-06-12 18:57:00,49.84418741885991
2025-06-12 01:31:00,67.6
2025-06-12 18:38:00,55.4
2025-06-12 22:33:00,49.84418741885991
2025-06-12 02:50:00,54.3
2025-06-12 16:33:00,49.84418741885991
2025-06-12 13:55:00,31.3
2025-06-12 05:52:00,49.84418741885991
2025-06-12 16:32:00,0.6
2025-06-12 23:20:00,10.7
2025-06-12 19:21:00,7.6
2025-06-12 08:41:00,8.0
2025-06-12 19:06:00,49.84418741885991
2025-06-12 13:36:00,66.3
2025-06-12 22:12:00,65.9
2025-06-12 18:15:00,81.5
2025-06-12 08:36:00,33.1
2025-06-12 15:15:00,49.84418741885991
2025-06-12 11:02:00,77.8
2025-06-12 23:00:00,52.7
2025-06-12 08:38:00,92.9
2025-06-12 20:07:00,58.5
2025-06-12 03:23:00,22.4
2025-06-12 15:24:00,75.4
2025-06-12 14:31:00,98.0
2025-06-12 05:57:00,60.1
2025-06-12 13:37:00,51.1
2025-06-12 19:13:00,25.4
2025-06-12 18:29:00,13.2
2025-06-12 13:24:00,90.8
2025-06-12 02:13:00,49.84418741885991
2025-06-12 15:57:00,99.8
2025-06-12 16:00:00,49.84418741885991
2025-06-12 22:51:00,72.4
2025-06-12 21:22:00,52.2
2025-06-12 07:15:00,63.7
2025-06-12 14:49:00,37.7
2025-06-12 12:22:00,67.9
2025-06-12 22:54:00,13.1
2025-06-12 10:29:00,2.1
2025-06-12 00:45:00,49.84418741885991
2025-06-12 11:55:00,12.3
2025-06-12 23:47:00,49.84418741885991
2025-06-12 18:06:00,73.9
2025-06-12 14:03:00,75.9
2025-06-12 10:58:00,25.6
2025-06-12 06:27:00,46.3
2025-06-12 02:54:00,3.7
2025-06-12 23:35:00,62.1
2025-06-12 06:31:00,47.2
2025-06-12 12:18:00,35.9
2025-06-12 15:49:00,53.4
2025-06-12 21:10:00,60.7
2025-06-12 19:47:00,49.84418741885991
2025-06-12 21:22:00,45.7
2025-06-12 06:26:00,49.84418741885991
2025-06-12 22:34:00,77.2
2025-06-12 05:54:00,66.4
2025-06-12 01:21:00,96.9
2025-06-12 22:26:00,75.4
2025-06-12 20:33:00,30.9
2025-06-12 17:25:00,68.4
2025-06-12 22:45:00,35.6
2025-06-12 02:43:00,38.7
2025-06-12 09:34:00,63.2
2025-06-12 13:12:00,95.1
2025-06-12 20:11:00,29.1
2025-06-12 01:57:00,28.7
2025-06-12 16:16:00,13.8
2025-06-12 06:34:00,37.1
2025-06-12 22:07:00,13.2
2025-06-12 05:32:00,2.0
2025-06-12 12:29:00,32.3
2025-06-12 05:27:00,96.3
2025-06-12 00:34:00,49.84418741885991
2025-06-12 06:41:00,35.1
2025-06-12 19:43:00,20.5
2025-06-12 08:19:00,42.3
2025-06-12 23:08:00,7.3
2025-06-12 04:23:00,29.6
2025-06-12 02:33:00,26.4
2025-06-12 16:34:00,49.84418741885991
2025-06-12 17:50:00,74.6
2025-06-12 21:13:00,52.6
2025-06-12 05:43:00,86.7
2025-06-12 17:31:00,7.8
2025-06-12 09:31:00,10.7
2025-06-12 06:27:00,26.8
2025-06-12 14:14:00,24.4
2025-06-12 00:56:00,55.0
2025-06-12 00:08:00,3.9
2025-06-12 19:00:00,22.9
2025-06-12 18:18:00,49.84418741885991
2025-06-12 16:22:00,35.7
2025-06-12 18:23:00,44.4
2025-06-12 18:27:00,55.2
2025-06-12 16:04:00,96.3
2025-06-12 03:26:00,28.1
2025-06-12 02:53:00,52.9
2025-06-12 09:05:00,54.6
2025-06-12 22:56:00,77.2
2025-06-12 14:04:00,34.0
2025-06-12 14:56:00,96.6
2025-06-12 01:06:00,14.2
2025-06-12 16:16:00,11.3
2025-06-12 10:46:00,65.0
2025-06-12 01:37:00,32.3
2025-06-12 05:07:00,98.1
2025-06-12 02:39:00,38.9
2025-06-12 06:20:00,57.9
2025-06-12 10:50:00,49.84418741885991
2025-06-12 12:31:00,59.9
2025-06-12 01:32:00,43.5
2025-06-12 14:33:00,14.0
2025-06-12 01:14:00,29.3
2025-06-12 18:20:00,94.7
2025-06-12 07:43:00,94.0
2025-06-12 06:28:00,53.7
2025-06-12 05:54:00,89.9
2025-06-12 15:51:00,32.7
2025-06-12 09:51:00,14.0
2025-06-12 07:58:00,64.1
2025-06-12 04:16:00,58.4
2025-06-12 18:59:00,0.6
2025-06-12 18:18:00,58.4
2025-06-12 14:50:00,67.8
2025-06-12 20:01:00,58.5
2025-06-12 06:13:00,3.0
2025-06-12 12:59:00,46.2
2025-06-12 08:01:00,75.6
2025-06-12 21:10:00,18.7
2025-06-12 11:48:00,5.0
2025-06-12 04:37:00,40.1
2025-06-12 13:25:00,59.7
2025-06-12 04:10:00,6.5
2025-06-12 19:06:00,28.0
2025-06-12 04:31:00,61.4
2025-06-12 02:17:00,50.31892714921527
2025-06-12 08:56:00,89.8
2025-06-12 15:39:00,10.0
2025-06-12 04:51:00,54.5
2025-06-12 07:24:00,0.8
2025-06-12 04:19:00,23.2
2025-06-12 01:04:00,65.7
2025-06-12 10:22:00,50.31892714921527
2025-06-12 09:41:00,50.31892714921527
2025-06-12 22:14:00,84.6
2025-06-12 14:31:00,61.6
2025-06-12 22:24:00,4.7
2025-06-12 03:56:00,89.3
2025-06-12 18:14:00,50.31892714921527
2025-06-12 08:30:00,50.31892714921527
2025-06-12 18:00:00,46.8
2025-06-12 13:01:00,94.1
2025-06-12 07:32:00,37.4
2025-06-12 02:46:00,83.4
2025-06-12 06:37:00,64.0
2025-06-12 22:59:00,5.3
2025-06-12 11:49:00,62.1
2025-06-12 17:19:00,50.2
2025-06-12 15:39:00,37.0
2025-06-12 03:56:00,35.2
2025-06-12 10:27:00,32.0
2025-06-12 10:59:00,11.0
2025-06-12 18:32:00,10.0
2025-06-12 06:36:00,66.1
2025-06-12 01:21:00,64.9
2025-06-12 04:43:00,66.1
2025-06-12 16:32:00,62.5
2025-06-12 11:32:00,26.9
2025-06-12 15:36:00,78.6
2025-06-12 05:12:00,19.1
2025-06-12 18:18:00,50.0
2025-06-12 13:31:00,50.31892714921527
2025-06-12 01:30:00,94.9
2025-06-12 08:59:00,26.4
2025-06-12 17:42:00,57.4
2025-06-12 21:13:00,37.8
2025-06-12 08:05:00,60.7
2025-06-12 13:21:00,74.3
2025-06-12 19:03:00,6.7
2025-06-12 03:22:00,83.6
2025-06-12 19:15:00,50.31892714921527
2025-06-12 20:44:00,43.1
2025-06-12 17:28:00,93.3
2025-06-12 11:17:00,44.3
2025-06-12 03:10:00,24.5
2025-06-12 03:11:00,41.2
2025-06-12 01:35:00,50.31892714921527
2025-06-12 14:03:00,88.1
2025-06-12 01:06:00,73.0
2025-06-12 09:29:00,70.9
2025-06-12 00:47:00,17.5
2025-06-12 01:12:00,16.8
2025-06-12 05:16:00,90.7
2025-06-12 02:28:00,35.7
2025-06-12 04:36:00,33.6
2025-06-12 00:41:00,61.0
2025-06-12 21:39:00,61.2
2025-06-12 10:55:00,67.8
2025-06-12 20:22:00,59.2
2025-06-12 00:57:00,21.0
2025-06-12 14:18:00,67.2
2025-06-12 21:11:00,78.6
2025-06-12 23:41:00,51.5
2025-06-12 18:15:00,56.9
2025-06-12 12:45:00,63.1
2025-06-12 14:27:00,46.6
2025-06-12 15:19:00,25.5
2025-06-12 14:03:00,0.5
2025-06-12 08:39:00,73.7
2025-06-12 11:13:00,71.0
2025-06-12 09:45:00,50.31892714921527
2025-06-12 00:26:00,3.1
2025-06-12 03:18:00,4.1
2025-06-12 11:30:00,56.0
2025-06-12 13:29:00,94.7
2025-06-12 05:05:00,61.9
2025-06-12 01:46:00,83.0
2025-06-12 04:42:00,14.1
2025-06-12 08:41:00,50.31892714921527
2025-06-12 21:20:00,32.5
2025-06-12 04:20:00,6.6
2025-06-12 03:21:00,70.6
2025-06-12 18:16:00,91.9
2025-06-12 18:46:00,58.3
2025-06-12 10:09:00,50.31892714921527
2025-06-12 19:43:00,60.1
2025-06-12 14:41:00,85.8
2025-06-12 02:29:00,62.3
2025-06-12 02:07:00,89.1
2025-06-12 11:00:00,74.0
2025-06-12 01:29:00,64.0
2025-06-12 15:28:00,93.9
2025-06-12 02:55:00,5.1
2025-06-12 15:48:00,28.4
2025-06-12 09:39:00,49.9
2025-06-12 22:35:00,15.7
2025-06-12 06:51:00,23.1
2025-06-12 10:12:00,50.31892714921527
2025-06-12 01:47:00,58.2
2025-06-12 01:06:00,20.7
2025-06-12 08:16:00,80.9
2025-06-12 03:23:00,61.9
2025-06-12 08:31:00,38.0
2025-06-12 09:26:00,98.2
2025-06-12 16:15:00,71.4
2025-06-12 12:30:00,95.6
2025-06-12 15:54:00,80.8
2025-06-12 00:24:00,24.3
2025-06-12 20:10:00,84.2
2025-06-12 20:45:00,42.9
2025-06-12 05:33:00,12.9
2025-06-12 00:02:00,50.31892714921527
2025-06-12 10:01:00,96.5
2025-06-12 20:00:00,26.3
2025-06-12 01:07:00,50.31892714921527
2025-06-12 16:05:00,24.7
2025-06-12 05:07:00,55.4
2025-06-12 12:41:00,67.1
2025-06-12 12:20:00,44.7
2025-06-12 19:14:00,4.1
2025-06-12 22:39:00,27.2
2025-06-12 02:23:00,8.7
2025-06-12 10:16:00,49.5
2025-06-12 17:02:00,86.4
2025-06-12 05:37:00,8.6
2025-06-12 03:17:00,15.8
2025-06-12 20:42:00,65.8
2025-06-12 14:40:00,50.31892714921527
2025-06-12 01:05:00,74.3
2025-06-12 00:34:00,99.8
2025-06-12 20:10:00,99.7
2025-06-12 17:02:00,28.3
2025-06-12 13:20:00,92.1
2025-06-12 06:14:00,63.8
2025-06-12 15:26:00,50.31892714921527
2025-06-12 03:16:00,6.4
2025-06-12 11:34:00,50.31892714921527
2025-06-12 03:35:00,39.7
2025-06-12 16:12:00,74.7
2025-06-12 05:51:00,5.4
2025-06-12 19:04:00,36.0
2025-06-12 10:47:00,50.4
2025-06-12 19:27:00,10.3
2025-06-12 11:44:00,50.31892714921527
2025-06-12 17:59:00,50.31892714921527
2025-06-12 08:18:00,51.9
2025-06-12 02:06:00,69.7
2025-06-12 14:29:00,55.4
2025-06-12 03:33:00,74.9
2025-06-12 07:07:00,92.6
2025-06-12 15:05:00,49.8
2025-06-12 18:49:00,80.4
2025-06-12 03:50:00,83.2
2025-06-12 21:03:00,34.8
2025-06-12 09:09:00,37.4
2025-06-12 01:21:00,59.9
2025-06-12 13:29:00,44.2
2025-06-12 08:47:00,8.6
2025-06-12 17:34:00,68.1
2025-06-12 01:22:00,75.9
2025-06-12 18:16:00,44.9
2025-06-12 20:18:00,50.31892714921527
2025-06-12 17:42:00,57.9
2025-06-12 19:29:00,0.9
2025-06-12 04:17:00,87.3
2025-06-12 07:29:00,54.4
2025-06-12 06:39:00,37.0
2025-06-12 04:51:00,56.6
2025-06-12 23:20:00,92.2
2025-06-12 05:40:00,41.4
2025-06-12 04:12:00,49.3
2025-06-12 19:37:00,64.0
2025-06-12 20:42:00,92.0
2025-06-12 10:23:00,91.8
2025-06-12 03:37:00,46.8
2025-06-12 04:56:00,76.6
2025-06-12 09:35:00,50.31892714921527
2025-06-12 17:45:00,72.3
2025-06-12 13:20:00,42.3
2025-06-12 04:43:00,50.31892714921527
2025-06-12 05:43:00,53.7
2025-06-12 14:40:00,32.1
2025-06-12 01:03:00,90.8
2025-06-12 00:55:00,57.8
2025-06-12 11:28:00,74.3
2025-06-12 09:38:00,21.5
2025-06-12 21:42:00,99.7
2025-06-12 13:53:00,59.3
2025-06-12 03:34:00,32.4
2025-06-12 12:16:00,26.1
2025-06-12 11:04:00,50.31892714921527
2025-06-12 06:28:00,53.3
2025-06-12 14:19:00,45.6
2025-06-12 18:23:00,4.9
2025-06-12 04:05:00,68.8
2025-06-12 20:56:00,50.9
2025-06-12 16:37:00,23.0
2025-06-12 17:21:00,7.1
2025-06-12 15:59:00,28.2
2025-06-12 13:37:00,59.5
2025-06-12 00:13:00,86.5
2025-06-12 14:45:00,69.9
2025-06-12 19:57:00,50.31892714921527
2025-06-12 18:27:00,59.4
2025-06-12 08:17:00,68.5
2025-06-12 10:44:00,50.31892714921527
2025-06-12 08:51:00,50.31892714921527
2025-06-12 08:32:00,93.9
2025-06-12 15:35:00,93.8
2025-06-12 06:54:00,50.31892714921527
2025-06-12 06:11:00,56.8
2025-06-12 13:35:00,29.9
2025-06-12 01:07:00,37.3
2025-06-12 21:41:00,97.8
2025-06-12 03:32:00,50.31892714921527
2025-06-12 03:55:00,7.2
2025-06-12 08:27:00,40.0
2025-06-12 18:30:00,8.9
2025-06-12 23:17:00,77.0
2025-06-12 02:22:00,63.8
2025-06-12 21:18:00,24.6
2025-06-12 08:56:00,58.5
2025-06-12 15:19:00,50.31892714921527
2025-06-12 07:06:00,50.31892714921527
2025-06-12 13:17:00,54.1
2025-06-12 13:22:00,85.3
2025-06-12 10:30:00,86.6
2025-06-12 07:55:00,50.31892714921527
2025-06-12 20:53:00,50.31892714921527
2025-06-12 04:22:00,13.3
2025-06-12 00:22:00,71.6
2025-06-12 15:31:00,92.3
2025-06-12 02:22:00,24.3
2025-06-12 17:00:00,67.3
2025-06-12 18:35:00,30.4
2025-06-12 06:10:00,50.31892714921527
2025-06-12 03:08:00,1.9
2025-06-12 04:41:00,70.7
2025-06-12 06:55:00,71.7
2025-06-12 01:59:00,50.31892714921527
2025-06-12 15:38:00,45.2
2025-06-12 10:35:00,50.31892714921527
2025-06-12 14:05:00,41.8
2025-06-12 19:39:00,61.7
2025-06-12 16:54:00,46.7
2025-06-12 11:34:00,67.6
2025-06-12 13:21:00,58.4
2025-06-12 13:00:00,45.5
2025-06-12 21:33:00,91.5
2025-06-12 15:17:00,50.31892714921527
2025-06-12 16:16:00,95.6
2025-06-12 08:27:00,45.2
2025-06-12 18:58:00,62.3
2025-06-12 12:33:00,87.3
2025-06-12 00:46:00,97.3
2025-06-12 06:32:00,61.8
2025-06-12 02:22:00,35.5
2025-06-12 20:38:00,12.6
2025-06-12 01:14:00,36.4
2025-06-12 11:00:00,56.0
2025-06-12 10:04:00,43.2
2025-06-12 08:44:00,4.0
2025-06-12 22:59:00,75.6
2025-06-12 23:13:00,17.4
2025-06-12 11:54:00,31.6
2025-06-12 14:45:00,50.2
2025-06-12 07:10:00,12.6
2025-06-12 19:36:00,63.6
2025-06-12 20:18:00,4.9
2025-06-12 02:53:00,50.31892714921527
2025-06-12 20:11:00,50.31892714921527
2025-06-12 03:14:00,98.3
2025-06-12 08:58:00,12.3
2025-06-12 15:51:00,14.6
2025-06-12 15:19:00,57.5
2025-06-12 05:31:00,40.5
2025-06-12 10:00:00,15.6
2025-06-12 01:53:00,60.9
2025-06-12 07:29:00,30.1
2025-06-12 10:15:00,91.7
2025-06-12 06:37:00,60.6
2025-06-12 00:39:00,98.3
2025-06-12 05:47:00,97.8
2025-06-12 16:13:00,77.0
2025-06-12 04:34:00,29.0
2025-06-12 18:50:00,50.31892714921527
2025-06-12 11:22:00,88.6
2025-06-12 05:16:00,17.5
2025-06-12 04:40:00,24.7
2025-06-12 11:34:00,14.1
2025-06-12 15:32:00,1.8
2025-06-12 16:25:00,41.3
2025-06-12 17:47:00,10.2
2025-06-12 19:29:00,50.31892714921527
2025-06-12 00:52:00,52.2
2025-06-12 14:12:00,30.9
2025-06-12 00:06:00,33.6
2025-06-12 03:48:00,95.7
2025-06-12 11:36:00,64.2
2025-06-12 14:09:00,43.7
2025-06-12 16:54:00,86.2
2025-06-12 22:52:00,68.4
2025-06-12 03:16:00,50.31892714921527
2025-06-12 06:06:00,50.31892714921527
2025-06-12 22:12:00,11.3
2025-06-12 00:25:00,50.31892714921527
2025-06-12 21:57:00,33.0
2025-06-12 14:20:00,41.9
2025-06-12 18:40:00,25.7
2025-06-12 21:54:00,62.9
2025-06-12 14:19:00,87.9
2025-06-12 23:50:00,36.5
2025-06-12 07:36:00,27.5
2025-06-12 17:09:00,9.6
2025-06-12 15:55:00,19.0
2025-06-12 06:30:00,54.9
2025-06-12 02:11:00,55.4
2025-06-12 11:31:00,68.1
2025-06-12 22:08:00,52.4
2025-06-12 23:14:00,98.1
2025-06-12 01:37:00,60.6
2025-06-12 19:49:00,46.6
2025-06-12 03:20:00,45.1
2025-06-12 07:53:00,83.9
2025-06-12 11:22:00,14.4
2025-06-12 22:00:00,51.6
2025-06-12 23:40:00,50.31892714921527
2025-06-12 14:51:00,53.4
2025-06-12 23:15:00,54.2
2025-06-12 13:03:00,50.31892714921527
2025-06-12 11:53:00,91.3
2025-06-12 12:49:00,68.9
2025-06-12 23:20:00,15.0
2025-06-12 19:13:00,7.5
2025-06-12 18:35:00,17.0
2025-06-12 17:30:00,78.4
2025-06-12 22:53:00,50.31892714921527
2025-06-12 16:01:00,76.6
2025-06-12 19:23:00,19.1
2025-06-12 09:39:00,95.3
2025-06-12 16:11:00,6.5
2025-06-12 01:51:00,67.3
2025-06-12 22:50:00,64.2
2025-06-12 03:46:00,69.0
2025-06-12 03:51:00,50.31892714921527
2025-06-12 01:12:00,27.2
2025-06-12 10:21:00,26.8
2025-06-12 01:59:00,50.31892714921527
2025-06-12 01:30:00,24.8
2025-06-12 11:18:00,36.5
2025-06-12 15:08:00,1.1
2025-06-12 23:05:00,50.9
2025-06-12 11:38:00,25.6
2025-06-12 19:16:00,96.0
2025-06-12 19:58:00,99.4
2025-06-12 01:00:00,42.7
2025-06-12 06:33:00,57.1
2025-06-12 14:43:00,97.9
2025-06-12 22:10:00,20.7
2025-06-12 14:38:00,43.7
2025-06-12 09:36:00,88.3
2025-06-12 23:30:00,96.6
2025-06-12 20:07:00,31.1
2025-06-12 20:02:00,8.3
2025-06-12 22:17:00,6.1
2025-06-12 06:43:00,88.8
2025-06-12 17:34:00,30.3
2025-06-12 11:04:00,49.91221338324755
2025-06-12 09:03:00,70.6
2025-06-12 07:51:00,9.1
2025-06-12 07:28:00,23.8
2025-06-12 10:03:00,77.0
2025-06-12 00:04:00,5.4
2025-06-12 14:25:00,42.8
2025-06-12 19:09:00,8.4
2025-06-12 16:40:00,30.0
2025-06-12 16:19:00,34.8
2025-06-12 01:15:00,0.3
2025-06-12 15:42:00,88.4
2025-06-12 02:46:00,5.9
2025-06-12 14:23:00,75.2
2025-06-12 03:40:00,55.7
2025-06-12 22:49:00,57.5
2025-06-12 14:37:00,49.91221338324755
2025-06-12 10:02:00,59.9
2025-06-12 18:33:00,53.7
2025-06-12 08:05:00,47.0
2025-06-12 05:19:00,17.0
2025-06-12 09:06:00,49.91221338324755
2025-06-12 12:44:00,21.3
2025-06-12 01:07:00,33.8
2025-06-12 05:46:00,49.91221338324755
2025-06-12 22:03:00,18.4
2025-06-12 22:01:00,89.7
2025-06-12 14:44:00,47.6
2025-06-12 05:25:00,96.6
2025-06-12 15:43:00,51.1
2025-06-12 06:58:00,63.5
2025-06-12 03:25:00,14.3
2025-06-12 10:26:00,97.7
2025-06-12 07:12:00,39.8
2025-06-12 19:06:00,98.2
2025-06-12 21:04:00,28.6
2025-06-12 18:28:00,4.3
2025-06-12 15:03:00,51.5
2025-06-12 20:47:00,65.4
2025-06-12 17:06:00,31.4
2025-06-12 18:58:00,49.91221338324755
2025-06-12 01:21:00,46.7
2025-06-12 19:12:00,29.9
2025-06-12 06:18:00,90.5
2025-06-12 23:47:00,13.7
2025-06-12 23:20:00,9.4
2025-06-12 01:03:00,49.0
2025-06-12 13:03:00,5.7
2025-06-12 17:07:00,89.0
2025-06-12 04:58:00,97.1
2025-06-12 07:59:00,89.9
2025-06-12 09:00:00,9.9
2025-06-12 20:10:00,49.1
2025-06-12 11:01:00,22.5
2025-06-12 00:42:00,12.0
2025-06-12 22:24:00,18.3
2025-06-12 00:22:00,22.0
2025-06-12 17:44:00,9.8
2025-06-12 09:06:00,59.0
2025-06-12 23:11:00,83.0
2025-06-12 19:03:00,15.6
2025-06-12 05:06:00,15.2
2025-06-12 21:38:00,49.91221338324755
2025-06-12 07:12:00,96.5
2025-06-12 17:37:00,41.5
2025-06-12 04:56:00,3.6
2025-06-12 03:10:00,14.6
2025-06-12 23:35:00,49.91221338324755
2025-06-12 11:34:00,42.5
2025-06-12 06:02:00,49.91221338324755
2025-06-12 07:35:00,87.0
2025-06-12 04:12:00,90.2
2025-06-12 02:32:00,0.2
2025-06-12 14:38:00,83.1
2025-06-12 04:37:00,86.7
2025-06-12 15:05:00,9.3
2025-06-12 10:33:00,6.1
2025-06-12 01:38:00,39.4
2025-06-12 01:55:00,49.91221338324755
2025-06-12 01:01:00,13.4
2025-06-12 10:12:00,49.91221338324755
2025-06-12 08:14:00,99.5
2025-06-12 21:45:00,42.2
2025-06-12 09:42:00,49.91221338324755
2025-06-12 12:48:00,61.5
2025-06-12 12:03:00,62.3
2025-06-12 06:05:00,35.0
2025-06-12 23:13:00,20.5
2025-06-12 15:47:00,16.0
2025-06-12 08:19:00,32.4
2025-06-12 18:07:00,33.3
2025-06-12 15:28:00,49.91221338324755
2025-06-12 03:20:00,11.5
2025-06-12 16:44:00,6.3
2025-06-12 16:48:00,34.8
2025-06-12 17:17:00,89.7
2025-06-12 01:11:00,42.4
2025-06-12 00:58:00,28.2
2025-06-12 12:15:00,6.8
2025-06-12 07:21:00,89.6
2025-06-12 21:06:00,35.9
2025-06-12 04:50:00,49.91221338324755
2025-06-12 05:14:00,23.9
2025-06-12 21:57:00,49.91221338324755
2025-06-12 06:10:00,26.5
2025-06-12 05:27:00,91.6
2025-06-12 18:24:00,61.3
2025-06-12 15:57:00,98.2
2025-06-12 23:04:00,98.3
2025-06-12 10:03:00,60.3
2025-06-12 15:00:00,64.7
2025-06-12 17:59:00,46.3
2025-06-12 00:18:00,62.0
2025-06-12 00:52:00,49.91221338324755
2025-06-12 15:50:00,41.5
2025-06-12 18:09:00,41.6
2025-06-12 07:00:00,80.6
2025-06-12 07:11:00,80.1
2025-06-12 08:15:00,58.3
2025-06-12 10:12:00,93.7
2025-06-12 14:33:00,49.91221338324755
2025-06-12 17:45:00,75.1
2025-06-12 18:04:00,93.9
2025-06-12 08:47:00,74.6
2025-06-12 14:06:00,57.6
2025-06-12 22:19:00,86.7
2025-06-12 17:23:00,41.5
2025-06-12 08:08:00,18.1
2025-06-12 21:32:00,39.8
2025-06-12 11:46:00,92.5
2025-06-12 07:46:00,94.2
2025-06-12 12:12:00,99.7
2025-06-12 10:03:00,36.3
2025-06-12 18:11:00,24.0
2025-06-12 08:58:00,49.91221338324755
2025-06-12 13:15:00,27.0
2025-06-12 19:41:00,78.9
2025-06-12 08:04:00,49.91221338324755
2025-06-12 01:25:00,49.91221338324755
2025-06-12 11:10:00,22.2
2025-06-12 02:08:00,35.9
2025-06-12 07:36:00,23.4
2025-06-12 09:14:00,31.3
2025-06-12 00:25:00,71.6
2025-06-12 16:55:00,47.3
2025-06-12 21:58:00,22.0
2025-06-12 20:12:00,49.91221338324755
2025-06-12 12:26:00,58.5
2025-06-12 17:47:00,78.1
2025-06-12 04:18:00,68.8
2025-06-12 09:55:00,46.2
2025-06-12 22:01:00,49.91221338324755
2025-06-12 02:47:00,20.1
2025-06-12 01:31:00,86.7
2025-06-12 10:57:00,63.0
2025-06-12 04:25:00,64.7
2025-06-12 22:40:00,67.9
2025-06-12 10:07:00,49.91221338324755
2025-06-12 13:44:00,79.9
2025-06-12 18:54:00,49.91221338324755
2025-06-12 08:41:00,49.91221338324755
2025-06-12 21:46:00,0.7
2025-06-12 15:36:00,54.9
2025-06-12 16:07:00,49.91221338324755
2025-06-12 10:43:00,53.5
2025-06-12 12:33:00,5.0
2025-06-12 11:21:00,38.8
2025-06-12 01:07:00,13.7
2025-06-12 15:23:00,16.2
2025-06-12 17:41:00,88.1
2025-06-12 20:11:00,69.5
2025-06-12 23:37:00,28.4
2025-06-12 11:21:00,84.5
2025-06-12 03:15:00,49.91221338324755
2025-06-12 03:20:00,55.5
2025-06-12 15:17:00,24.8
2025-06-12 13:43:00,41.8
2025-06-12 10:33:00,38.9
2025-06-12 15:51:00,16.9
2025-06-12 23:59:00,10.8
2025-06-12 05:52:00,72.8
2025-06-12 09:47:00,44.8
2025-06-12 16:11:00,83.1
2025-06-12 13:21:00,59.1
2025-06-12 11:37:00,25.1
2025-06-12 02:43:00,49.91221338324755
2025-06-12 16:23:00,17.3
2025-06-12 21:08:00,76.6
2025-06-12 15:48:00,94.7
2025-06-12 03:29:00,95.9
2025-06-12 17:05:00,96.7
2025-06-12 11:36:00,82.6
2025-06-12 10:21:00,49.91221338324755
2025-06-12 09:29:00,80.4
2025-06-12 04:16:00,26.1
2025-06-12 05:38:00,83.9
2025-06-12 17:15:00,43.0
2025-06-12 15:13:00,41.6
2025-06-12 07:57:00,88.5
2025-06-12 21:49:00,66.0
2025-06-12 18:51:00,49.91221338324755
2025-06-12 23:01:00,94.0
2025-06-12 14:33:00,85.1
2025-06-12 15:59:00,52.1
2025-06-12 01:54:00,92.2
2025-06-12 19:28:00,55.4
2025-06-12 21:01:00,26.0
2025-06-12 14:07:00,88.6
2025-06-12 22:41:00,52.7
2025-06-12 06:22:00,31.1
2025-06-12 02:36:00,49.91221338324755
2025-06-12 04:22:00,81.4
2025-06-12 14:30:00,91.1
2025-06-12 19:01:00,97.6
2025-06-12 09:59:00,27.6
2025-06-12 18:24:00,92.6
2025-06-12 13:30:00,67.3
2025-06-12 15:27:00,49.91221338324755
2025-06-12 22:10:00,8.7
2025-06-12 19:51:00,67.5
2025-06-12 10:02:00,25.0
2025-06-12 01:56:00,12.0
2025-06-12 20:40:00,49.91221338324755
2025-06-12 23:58:00,49.91221338324755
2025-06-12 15:07:00,53.3
2025-06-12 22:57:00,32.2
2025-06-12 19:55:00,25.7
2025-06-12 13:09:00,49.91221338324755
2025-06-12 00:17:00,68.6
2025-06-12 16:42:00,87.6
2025-06-12 02:08:00,26.5
2025-06-12 19:59:00,48.6
2025-06-12 04:22:00,49.91221338324755
2025-06-12 07:18:00,48.5
2025-06-12 13:15:00,63.7
2025-06-12 07:30:00,49.91221338324755
2025-06-12 00:27:00,79.0
2025-06-12 09:23:00,76.1
2025-06-12 14:47:00,83.2
2025-06-12 19:36:00,49.91221338324755
2025-06-12 14:29:00,69.3
2025-06-12 19:14:00,37.5
2025-06-12 19:07:00,47.6
2025-06-12 14:24:00,10.4
2025-06-12 21:46:00,18.2
2025-06-12 11:38:00,15.6
2025-06-12 21:43:00,7.6
2025-06-12 12:05:00,5.1
2025-06-12 22:01:00,71.2
2025-06-12 02:53:00,13.2
2025-06-12 04:40:00,39.4
2025-06-12 03:32:00,26.7
2025-06-12 09:46:00,49.91221338324755
2025-06-12 23:19:00,53.4
2025-06-12 23:03:00,81.2
2025-06-12 05:19:00,0.8
2025-06-12 13:15:00,86.8
2025-06-12 11:14:00,49.91221338324755
2025-06-12 13:20:00,0.6
2025-06-12 16:19:00,49.91221338324755
2025-06-12 22:31:00,35.6
2025-06-12 12:43:00,45.9
2025-06-12 06:16:00,49.91221338324755
2025-06-12 07:03:00,95.9
2025-06-12 15:07:00,58.3
2025-06-12 08:28:00,39.4
2025-06-12 16:01:00,90.6
2025-06-12 04:53:00,26.0
2025-06-12 22:18:00,40.5
2025-06-12 18:18:00,52.7
2025-06-12 07:52:00,12.6
2025-06-12 20:12:00,6.7
2025-06-12 22:21:00,73.5
2025-06-12 21:11:00,97.0
2025-06-12 14:58:00,35.8
2025-06-12 02:02:00,47.3
2025-06-12 16:48:00,76.0
2025-06-12 08:33:00,15.2
2025-06-12 08:29:00,33.0
2025-06-12 07:43:00,45.6
2025-06-12 06:58:00,49.91221338324755
2025-06-12 21:52:00,57.7
2025-06-12 14:51:00,17.9
2025-06-12 07:44:00,59.9
2025-06-12 21:02:00,3.0
2025-06-12 23:16:00,68.1
2025-06-12 10:22:00,68.2
2025-06-12 06:24:00,80.2
2025-06-12 00:27:00,89.9
2025-06-12 21:30:00,12.1
2025-06-12 18:55:00,39.5
2025-06-12 00:18:00,11.0
2025-06-12 19:41:00,59.9
2025-06-12 09:38:00,41.5
2025-06-12 12:05:00,1.7
2025-06-12 08:01:00,34.1
2025-06-12 02:31:00,49.91221338324755
2025-06-12 19:03:00,13.8
2025-06-12 03:02:00,4.4
2025-06-12 21:43:00,66.7
2025-06-12 06:22:00,28.4
2025-06-12 11:07:00,44.9
2025-06-12 10:42:00,3.6
2025-06-12 07:28:00,12.3
2025-06-12 01:33:00,0.4
2025-06-12 19:02:00,85.4
2025-06-12 16:45:00,8.2
2025-06-12 06:41:00,45.2
2025-06-12 03:20:00,80.8
2025-06-12 02:27:00,77.3
2025-06-12 07:25:00,49.91221338324755
2025-06-12 23:46:00,37.9
2025-06-12 10:13:00,49.91221338324755
2025-06-12 12:15:00,49.91221338324755
2025-06-12 11:04:00,49.91221338324755
2025-06-12 17:41:00,65.4
2025-06-12 14:32:00,26.3
2025-06-12 16:06:00,52.5
2025-06-12 13:16:00,96.1
2025-06-12 16:22:00,95.3
2025-06-12 16:32:00,75.3
2025-06-12 22:01:00,76.9
2025-06-12 21:47:00,50.557353635505194
2025-06-12 10:30:00,14.0
2025-06-12 22:29:00,77.2
2025-06-12 03:37:00,52.2
2025-06-12 22:03:00,47.4
2025-06-12 06:22:00,1.9
2025-06-12 12:19:00,93.7
2025-06-12 11:25:00,52.0
2025-06-12 11:37:00,29.1
2025-06-12 08:17:00,70.3
2025-06-12 11:08:00,90.6
2025-06-12 00:54:00,80.8
2025-06-12 06:36:00,4.1
2025-06-12 20:36:00,96.2
2025-06-12 10:52:00,10.7
2025-06-12 07:44:00,28.7
2025-06-12 13:38:00,45.2
2025-06-12 01:07:00,18.6
2025-06-12 15:00:00,70.1
2025-06-12 10:58:00,64.2
2025-06-12 19:54:00,5.5
2025-06-12 23:52:00,34.9
2025-06-12 02:35:00,58.5
2025-06-12 16:41:00,54.2
2025-06-12 19:36:00,38.6
2025-06-12 03:22:00,46.8
2025-06-12 18:13:00,32.7
2025-06-12 00:18:00,17.9
2025-06-12 22:52:00,33.7
2025-06-12 16:20:00,88.8
2025-06-12 12:05:00,43.9
2025-06-12 05:42:00,68.7
2025-06-12 00:58:00,94.4
2025-06-12 17:16:00,74.2
2025-06-12 10:40:00,58.0
2025-06-12 18:56:00,76.2
2025-06-12 01:10:00,79.3
2025-06-12 02:36:00,47.9
2025-06-12 02:49:00,50.557353635505194
2025-06-12 10:56:00,84.1
2025-06-12 15:06:00,50.557353635505194
2025-06-12 04:31:00,9.6
2025-06-12 02:57:00,50.557353635505194
2025-06-12 01:19:00,58.6
2025-06-12 06:43:00,5.8
2025-06-12 03:07:00,40.0
2025-06-12 04:08:00,4.6
2025-06-12 18:31:00,25.0
2025-06-12 15:38:00,50.557353635505194
2025-06-12 02:27:00,2.1
2025-06-12 07:33:00,34.1
2025-06-12 03:29:00,18.9
2025-06-12 23:29:00,52.7
2025-06-12 15:25:00,1.4
2025-06-12 04:30:00,50.557353635505194
2025-06-12 12:33:00,42.8
2025-06-12 10:25:00,57.5
2025-06-12 02:58:00,83.1
2025-06-12 19:05:00,50.557353635505194
2025-06-12 01:57:00,47.7
2025-06-12 15:02:00,42.7
2025-06-12 01:00:00,15.4
2025-06-12 04:42:00,68.9
2025-06-12 18:27:00,1.2
2025-06-12 10:27:00,50.557353635505194
2025-06-12 00:56:00,84.6
2025-06-12 17:08:00,38.4
2025-06-12 16:20:00,64.5
2025-06-12 21:31:00,24.4
2025-06-12 00:05:00,82.2
2025-06-12 06:40:00,75.8
2025-06-12 06:25:00,5.1
2025-06-12 14:15:00,96.5
2025-06-12 13:50:00,85.9
2025-06-12 23:54:00,23.2
2025-06-12 13:52:00,34.0
2025-06-12 09:22:00,19.3
2025-06-12 05:54:00,6.5
2025-06-12 00:53:00,60.5
2025-06-12 13:10:00,5.7
2025-06-12 23:01:00,50.557353635505194
2025-06-12 21:15:00,13.4
2025-06-12 05:09:00,50.557353635505194
2025-06-12 16:26:00,32.0
2025-06-12 07:44:00,79.5
2025-06-12 05:56:00,50.557353635505194
2025-06-12 01:58:00,26.9
2025-06-12 00:15:00,41.8
2025-06-12 20:01:00,6.1
2025-06-12 03:57:00,9.0
2025-06-12 03:16:00,63.5
2025-06-12 10:17:00,72.3
2025-06-12 17:46:00,90.3
2025-06-12 18:28:00,2.3
2025-06-12 11:38:00,50.557353635505194
2025-06-12 02:59:00,22.6
2025-06-12 10:02:00,50.557353635505194
2025-06-12 02:45:00,80.5
2025-06-12 22:40:00,93.2
2025-06-12 10:34:00,73.2
2025-06-12 12:05:00,34.9
2025-06-12 17:02:00,22.3
2025-06-12 04:37:00,35.7
2025-06-12 02:05:00,67.2
2025-06-12 16:14:00,15.4
2025-06-12 13:42:00,50.557353635505194
2025-06-12 07:57:00,2.3
2025-06-12 12:18:00,56.7
2025-06-12 21:12:00,19.1
2025-06-12 04:29:00,4.7
2025-06-12 22:55:00,23.9
2025-06-12 15:51:00,56.5
2025-06-12 11:41:00,30.9
2025-06-12 13:10:00,8.2
2025-06-12 12:24:00,5.9
2025-06-12 12:08:00,54.5
2025-06-12 15:20:00,81.1
2025-06-12 20:43:00,64.1
2025-06-12 08:21:00,50.557353635505194
2025-06-12 01:02:00,84.6
2025-06-12 02:40:00,7.4
2025-06-12 06:06:00,87.2
2025-06-12 01:19:00,55.6
2025-06-12 00:30:00,10.5
2025-06-12 03:45:00,88.7
2025-06-12 02:33:00,66.0
2025-06-12 09:24:00,50.557353635505194
2025-06-12 07:40:00,22.5
2025-06-12 07:59:00,50.557353635505194
2025-06-12 18:35:00,60.1
2025-06-12 09:01:00,50.557353635505194
2025-06-12 19:40:00,44.5
2025-06-12 19:39:00,94.6
2025-06-12 20:52:00,92.3
2025-06-12 13:38:00,28.4
2025-06-12 04:56:00,5.1
2025-06-12 03:00:00,47.5
2025-06-12 13:54:00,28.3
2025-06-12 08:59:00,99.6
2025-06-12 14:42:00,99.8
2025-06-12 00:34:00,1.1
2025-06-12 10:35:00,79.5
2025-06-12 10:17:00,50.557353635505194
2025-06-12 15:15:00,45.2
2025-06-12 09:53:00,50.557353635505194
2025-06-12 09:46:00,50.557353635505194
2025-06-12 06:27:00,57.0
2025-06-12 06:23:00,25.8
2025-06-12 10:47:00,61.0
2025-06-12 04:32:00,50.557353635505194
2025-06-12 06:21:00,6.9
2025-06-12 04:23:00,92.1
2025-06-12 08:55:00,24.9
2025-06-12 11:10:00,32.7
2025-06-12 00:26:00,86.3
2025-06-12 10:22:00,50.4
2025-06-12 21:03:00,99.1
2025-06-12 03:46:00,50.557353635505194
2025-06-12 13:11:00,26.4
2025-06-12 12:14:00,10.4
2025-06-12 04:29:00,59.4
2025-06-12 03:10:00,60.3
2025-06-12 04:44:00,18.8
2025-06-12 21:37:00,3.7
2025-06-12 15:21:00,1.9
2025-06-12 06:39:00,22.7
2025-06-12 08:25:00,58.0
2025-06-12 02:46:00,50.557353635505194
2025-06-12 19:49:00,50.557353635505194
2025-06-12 20:38:00,33.9
2025-06-12 03:54:00,94.3
2025-06-12 22:54:00,50.557353635505194
2025-06-12 23:03:00,97.2
2025-06-12 02:54:00,41.1
2025-06-12 17:39:00,83.3
2025-06-12 11:00:00,12.8
2025-06-12 18:11:00,29.0
2025-06-12 14:59:00,11.5
2025-06-12 14:14:00,77.4
2025-06-12 09:27:00,47.9
2025-06-12 23:30:00,50.557353635505194
2025-06-12 06:09:00,23.5
2025-06-12 12:08:00,6.7
2025-06-12 23:44:00,50.557353635505194
2025-06-12 07:49:00,22.9
2025-06-12 04:07:00,28.9
2025-06-12 20:28:00,36.4
2025-06-12 05:53:00,98.6
2025-06-12 01:21:00,50.557353635505194
2025-06-12 12:48:00,82.3
2025-06-12 20:59:00,50.557353635505194
2025-06-12 20:05:00,81.5
2025-06-12 07:12:00,41.4
2025-06-12 16:40:00,85.6
2025-06-12 14:57:00,32.8
2025-06-12 00:55:00,49.0
2025-06-12 21:12:00,19.3
2025-06-12 17:46:00,3.9
2025-06-12 07:11:00,50.557353635505194
2025-06-12 02:45:00,50.557353635505194
2025-06-12 05:57:00,1.2
2025-06-12 06:32:00,54.9
2025-06-12 01:54:00,18.9
2025-06-12 19:16:00,94.4
2025-06-12 15:41:00,41.4
2025-06-12 15:52:00,34.9
2025-06-12 09:50:00,44.7
2025-06-12 12:21:00,50.557353635505194
2025-06-12 09:54:00,62.6
2025-06-12 02:11:00,85.9
2025-06-12 08:30:00,94.0
2025-06-12 14:34:00,50.557353635505194
2025-06-12 06:10:00,42.2
2025-06-12 05:00:00,50.557353635505194
2025-06-12 18:04:00,50.557353635505194
2025-06-12 22:58:00,80.2
2025-06-12 13:12:00,50.557353635505194
2025-06-12 00:00:00,37.4
2025-06-12 09:38:00,41.3
2025-06-12 13:50:00,23.6
2025-06-12 20:14:00,82.9
2025-06-12 18:42:00,69.9
2025-06-12 18:51:00,33.6
2025-06-12 22:53:00,50.557353635505194
2025-06-12 16:13:00,50.557353635505194
2025-06-12 02:04:00,50.557353635505194
2025-06-12 07:52:00,92.6
2025-06-12 18:45:00,30.7
2025-06-12 22:14:00,46.6
2025-06-12 12:23:00,75.0
2025-06-12 18:35:00,73.5
2025-06-12 07:10:00,8.6
2025-06-12 14:07:00,51.0
2025-06-12 11:04:00,98.9
2025-06-12 17:00:00,38.1
2025-06-12 12:15:00,77.3
2025-06-12 09:06:00,50.557353635505194
2025-06-12 21:51:00,74.0
2025-06-12 09:33:00,78.6
2025-06-12 05:11:00,70.5
2025-06-12 13:00:00,66.7
2025-06-12 19:49:00,27.5
2025-06-12 18:51:00,11.7
2025-06-12 02:41:00,95.2
2025-06-12 21:44:00,95.3
2025-06-12 16:55:00,57.0
2025-06-12 05:14:00,80.0
2025-06-12 06:32:00,88.4
2025-06-12 09:19:00,78.0
2025-06-12 02:54:00,99.1
2025-06-12 13:10:00,95.8
2025-06-12 06:38:00,62.7
2025-06-12 18:07:00,35.3
2025-06-12 07:02:00,37.1
2025-06-12 15:04:00,52.9
2025-06-12 00:41:00,70.8
2025-06-12 02:44:00,61.7
2025-06-12 10:03:00,70.4
2025-06-12 00:13:00,75.1
2025-06-12 13:18:00,88.1
2025-06-12 20:48:00,70.9
2025-06-12 17:03:00,79.9
2025-06-12 07:32:00,77.5
2025-06-12 11:04:00,57.1
2025-06-12 18:42:00,74.7
2025-06-12 11:40:00,12.9
2025-06-12 22:14:00,20.3
2025-06-12 20:41:00,93.9
2025-06-12 01:40:00,39.2
2025-06-12 15:42:00,87.2
2025-06-12 08:23:00,17.6
2025-06-12 10:52:00,31.4
2025-06-12 16:34:00,67.3
2025-06-12 10:49:00,8.6
2025-06-12 22:59:00,96.5
2025-06-12 22:38:00,50.557353635505194
2025-06-12 11:19:00,13.6
2025-06-12 03:41:00,50.557353635505194
2025-06-12 09:32:00,12.9
2025-06-12 12:10:00,41.0
2025-06-12 15:37:00,54.9
2025-06-12 12:26:00,64.5
2025-06-12 16:54:00,19.6
2025-06-12 13:18:00,23.5
2025-06-12 07:40:00,50.557353635505194
2025-06-12 04:08:00,50.557353635505194
2025-06-12 01:16:00,56.0
2025-06-12 19:00:00,91.2
2025-06-12 18:26:00,93.8
2025-06-12 14:51:00,86.0
2025-06-12 19:29:00,23.9
2025-06-12 19:29:00,54.3
2025-06-12 00:27:00,50.557353635505194
2025-06-12 01:43:00,52.3
2025-06-12 17:13:00,93.2
2025-06-12 13:55:00,30.4
2025-06-12 09:39:00,60.8
2025-06-12 06:56:00,21.9
2025-06-12 01:19:00,54.3
2025-06-12 15:43:00,53.8
2025-06-12 06:50:00,98.2
2025-06-12 20:56:00,76.7
2025-06-12 05:35:00,47.2
2025-06-12 10:46:00,13.2
2025-06-12 14:13:00,25.1
2025-06-12 12:12:00,50.557353635505194
2025-06-12 22:27:00,28.8
2025-06-12 00:07:00,90.1
2025-06-12 22:19:00,28.6
2025-06-12 12:33:00,85.7
2025-06-12 23:04:00,90.0
2025-06-12 21:36:00,1.5
2025-06-12 19:31:00,61.0
2025-06-12 15:40:00,80.6
2025-06-12 20:40:00,42.8
2025-06-12 12:14:00,38.0
2025-06-12 05:20:00,7.1
2025-06-12 16:18:00,42.9
2025-06-12 03:36:00,38.1
2025-06-12 12:48:00,73.0
2025-06-12 21:47:00,49.87196987526477
2025-06-12 07:32:00,67.4
2025-06-12 14:58:00,46.1
2025-06-12 11:01:00,97.8
2025-06-12 06:42:00,49.87196987526477
2025-06-12 21:02:00,64.1
2025-06-12 04:19:00,15.8
2025-06-12 17:20:00,84.1
2025-06-12 04:18:00,49.87196987526477
2025-06-12 22:00:00,62.4
2025-06-12 02:55:00,70.9
2025-06-12 00:25:00,49.87196987526477
2025-06-12 10:12:00,12.9
2025-06-12 06:24:00,77.0
2025-06-12 10:25:00,49.3
2025-06-12 00:36:00,49.87196987526477
2025-06-12 10:55:00,29.6
2025-06-12 16:41:00,48.3
2025-06-12 08:47:00,15.5
2025-06-12 15:07:00,39.7
2025-06-12 03:11:00,49.87196987526477
2025-06-12 07:33:00,16.5
2025-06-12 05:49:00,22.3
2025-06-12 21:32:00,55.6
2025-06-12 01:19:00,45.4
2025-06-12 21:42:00,49.87196987526477
2025-06-12 04:05:00,69.8
2025-06-12 03:35:00,34.3
2025-06-12 13:46:00,1.7
2025-06-12 02:01:00,96.1
2025-06-12 00:46:00,7.9
2025-06-12 18:09:00,61.1
2025-06-12 15:35:00,61.0
2025-06-12 11:00:00,73.5
2025-06-12 23:28:00,1.4
2025-06-12 16:13:00,12.5
2025-06-12 15:57:00,96.7
2025-06-12 11:01:00,85.4
2025-06-12 17:50:00,79.9
2025-06-12 20:47:00,5.8
2025-06-12 20:17:00,84.3
2025-06-12 16:24:00,49.87196987526477
2025-06-12 14:31:00,82.7
2025-06-12 02:17:00,18.8
2025-06-12 18:39:00,77.5
2025-06-12 07:43:00,8.9
2025-06-12 12:57:00,23.1
2025-06-12 09:38:00,81.6
2025-06-12 08:05:00,99.3
2025-06-12 14:15:00,18.8
2025-06-12 08:00:00,49.87196987526477
2025-06-12 15:38:00,49.87196987526477
2025-06-12 13:47:00,75.0
2025-06-12 22:31:00,49.87196987526477
2025-06-12 14:56:00,72.6
2025-06-12 18:03:00,76.9
2025-06-12 21:33:00,97.4
2025-06-12 17:49:00,37.4
2025-06-12 10:39:00,65.8
2025-06-12 22:14:00,2.6
2025-06-12 02:46:00,49.87196987526477
2025-06-12 00:09:00,10.9
2025-06-12 08:03:00,49.87196987526477
2025-06-12 19:06:00,97.8
2025-06-12 14:42:00,1.3
2025-06-12 09:46:00,46.3
2025-06-12 16:38:00,67.2
2025-06-12 15:24:00,15.0
2025-06-12 07:45:00,36.2
2025-06-12 17:10:00,30.6
2025-06-12 11:59:00,62.0
2025-06-12 04:41:00,22.9
2025-06-12 07:36:00,49.87196987526477
2025-06-12 15:08:00,51.0
2025-06-12 20:09:00,61.8
2025-06-12 03:43:00,29.5
2025-06-12 23:23:00,56.4
2025-06-12 08:24:00,74.9
2025-06-12 16:23:00,58.8
2025-06-12 23:21:00,49.87196987526477
2025-06-12 11:52:00,81.6
2025-06-12 07:28:00,21.9
2025-06-12 20:23:00,66.9
2025-06-12 21:26:00,91.0
2025-06-12 19:11:00,4.5
2025-06-12 01:42:00,49.87196987526477
2025-06-12 08:34:00,49.87196987526477
2025-06-12 20:38:00,81.9
2025-06-12 09:37:00,70.9
2025-06-12 02:48:00,54.5
2025-06-12 22:36:00,49.87196987526477
2025-06-12 12:26:00,40.7
2025-06-12 19:32:00,49.87196987526477
2025-06-12 05:47:00,72.7
2025-06-12 10:45:00,49.87196987526477
2025-06-12 22:26:00,59.0
2025-06-12 15:25:00,27.9
2025-06-12 01:55:00,29.7
2025-06-12 02:35:00,14.6
2025-06-12 14:10:00,1.8
2025-06-12 10:27:00,49.87196987526477
2025-06-12 16:38:00,49.87196987526477
2025-06-12 13:55:00,51.2
2025-06-12 16:22:00,13.7
2025-06-12 22:38:00,49.87196987526477
2025-06-12 14:35:00,44.0
2025-06-12 17:45:00,79.4
2025-06-12 20:24:00,81.2
2025-06-12 01:06:00,90.6
2025-06-12 19:45:00,49.87196987526477
2025-06-12 02:17:00,49.87196987526477
2025-06-12 08:56:00,54.1
2025-06-12 13:00:00,95.0
2025-06-12 11:52:00,50.0
2025-06-12 03:37:00,66.7
2025-06-12 13:46:00,83.8
2025-06-12 00:09:00,4.4
2025-06-12 03:23:00,35.6
2025-06-12 20:00:00,9.5
2025-06-12 09:26:00,51.0
2025-06-12 04:42:00,49.87196987526477
2025-06-12 09:18:00,35.3
2025-06-12 07:27:00,49.87196987526477
2025-06-12 22:53:00,36.6
2025-06-12 20:47:00,87.9
2025-06-12 02:39:00,49.87196987526477
2025-06-12 10:07:00,77.4
2025-06-12 19:48:00,16.2
2025-06-12 00:27:00,75.7
2025-06-12 03:47:00,49.87196987526477
2025-06-12 04:26:00,2.3
2025-06-12 03:20:00,77.0
2025-06-12 06:12:00,17.6
2025-06-12 13:37:00,66.2
2025-06-12 02:44:00,5.5
2025-06-12 02:46:00,49.87196987526477
2025-06-12 19:30:00,93.7
2025-06-12 16:10:00,49.87196987526477
2025-06-12 16:51:00,37.5
2025-06-12 10:48:00,45.7
2025-06-12 17:27:00,49.87196987526477
2025-06-12 01:26:00,22.7
2025-06-12 12:00:00,66.7
2025-06-12 12:21:00,14.5
2025-06-12 12:30:00,66.6
2025-06-12 04:17:00,45.5
2025-06-12 02:55:00,49.87196987526477
2025-06-12 09:32:00,39.0
2025-06-12 10:56:00,45.5
2025-06-12 16:37:00,10.0
2025-06-12 04:11:00,59.3
2025-06-12 01:54:00,99.9
2025-06-12 04:57:00,30.3
2025-06-12 19:22:00,78.4
2025-06-12 16:55:00,89.2
2025-06-12 03:10:00,37.9
2025-06-12 11:37:00,93.4
2025-06-12 04:08:00,84.7
2025-06-12 03:41:00,85.1
2025-06-12 06:38:00,30.2
2025-06-12 09:21:00,16.5
2025-06-12 04:38:00,49.87196987526477
2025-06-12 21:13:00,26.9
2025-06-12 18:22:00,94.9
2025-06-12 06:08:00,64.1
2025-06-12 13:56:00,49.87196987526477
2025-06-12 00:01:00,49.87196987526477
2025-06-12 10:43:00,41.7
2025-06-12 15:32:00,26.9
2025-06-12 04:54:00,49.87196987526477
2025-06-12 23:10:00,87.8
2025-06-12 09:34:00,87.5
2025-06-12 20:37:00,95.2
2025-06-12 06:04:00,49.87196987526477
2025-06-12 16:04:00,87.3
2025-06-12 07:24:00,45.7
2025-06-12 03:25:00,91.8
2025-06-12 01:21:00,49.87196987526477
2025-06-12 19:20:00,49.87196987526477
2025-06-12 16:59:00,45.7
2025-06-12 10:47:00,56.7
2025-06-12 01:37:00,49.87196987526477
2025-06-12 03:20:00,76.7
2025-06-12 17:38:00,49.87196987526477
2025-06-12 06:15:00,33.0
2025-06-12 14:22:00,0.6
2025-06-12 19:55:00,78.6
2025-06-12 22:10:00,60.5
2025-06-12 01:09:00,0.8
2025-06-12 19:42:00,14.5
2025-06-12 20:31:00,25.3
2025-06-12 23:04:00,79.7
2025-06-12 10:43:00,63.2
2025-06-12 09:41:00,83.7
2025-06-12 20:46:00,75.0
2025-06-12 22:17:00,62.2
2025-06-12 08:53:00,33.1
2025-06-12 20:22:00,40.5
2025-06-12 16:00:00,75.3
2025-06-12 12:49:00,49.87196987526477
2025-06-12 03:01:00,49.87196987526477
2025-06-12 12:39:00,44.0
2025-06-12 06:33:00,95.5
2025-06-12 16:56:00,26.5
2025-06-12 04:28:00,49.87196987526477
2025-06-12 01:28:00,8.1
2025-06-12 04:11:00,74.5
2025-06-12 19:04:00,49.87196987526477
2025-06-12 08:04:00,37.2
2025-06-12 05:32:00,47.7
2025-06-12 03:41:00,70.1
2025-06-12 00:10:00,69.6
2025-06-12 18:52:00,49.87196987526477
2025-06-12 17:02:00,17.6
2025-06-12 16:01:00,49.87196987526477
2025-06-12 14:43:00,79.3
2025-06-12 00:33:00,57.7
2025-06-12 12:45:00,11.8
2025-06-12 14:04:00,75.7
2025-06-12 20:53:00,34.3
2025-06-12 12:59:00,97.6
2025-06-12 18:41:00,10.3
2025-06-12 03:23:00,49.87196987526477
2025-06-12 09:38:00,74.6
2025-06-12 20:00:00,65.8
2025-06-12 07:36:00,18.2
2025-06-12 13:49:00,16.1
2025-06-12 22:43:00,13.9
2025-06-12 15:15:00,49.87196987526477
2025-06-12 02:28:00,99.4
2025-06-12 21:18:00,97.3
2025-06-12 19:11:00,100.0
2025-06-12 10:02:00,49.87196987526477
2025-06-12 09:23:00,42.7
2025-06-12 06:15:00,84.3
2025-06-12 11:33:00,41.0
2025-06-12 19:10:00,90.2
2025-06-12 20:21:00,94.2
2025-06-12 18:57:00,33.5
2025-06-12 07:10:00,63.5
2025-06-12 12:42:00,12.8
2025-06-12 04:40:00,49.87196987526477
2025-06-12 11:23:00,42.6
2025-06-12 13:07:00,17.9
2025-06-12 01:55:00,94.2
2025-06-12 12:20:00,85.1
2025-06-12 19:58:00,50.6
2025-06-12 14:42:00,92.7
2025-06-12 10:23:00,57.2
2025-06-12 20:36:00,83.8
2025-06-12 09:15:00,93.1
2025-06-12 10:39:00,18.9
2025-06-12 10:46:00,70.5
2025-06-12 10:59:00,37.7
2025-06-12 06:36:00,17.1
2025-06-12 23:09:00,0.8
2025-06-12 15:38:00,38.4
2025-06-12 22:09:00,70.8
2025-06-12 04:49:00,16.2
2025-06-12 20:28:00,33.0
2025-06-12 20:19:00,30.2
2025-06-12 14:12:00,68.3
2025-06-12 16:43:00,72.0
2025-06-12 11:21:00,77.8
2025-06-12 10:40:00,65.0
2025-06-12 04:43:00,48.7
2025-06-12 08:35:00,29.5
2025-06-12 19:20:00,29.8
2025-06-12 18:14:00,40.1
2025-06-12 01:39:00,68.8
2025-06-12 08:57:00,56.5
2025-06-12 22:03:00,49.87196987526477
2025-06-12 19:21:00,69.3
2025-06-12 14:06:00,63.4
2025-06-12 00:45:00,49.87196987526477
2025-06-12 02:29:00,10.1
2025-06-12 15:41:00,97.7
2025-06-12 15:14:00,26.4
2025-06-12 13:24:00,87.7
2025-06-12 06:55:00,30.0
2025-06-12 14:00:00,5.8
2025-06-12 16:42:00,70.4
2025-06-12 15:28:00,73.8
2025-06-12 01:26:00,60.5
2025-06-12 00:21:00,49.87196987526477
2025-06-12 08:53:00,94.7
2025-06-12 17:41:00,49.87196987526477
2025-06-12 13:55:00,68.5
2025-06-12 12:07:00,23.8
2025-06-12 05:25:00,37.4
2025-06-12 01:15:00,14.0
2025-06-12 05:42:00,2.1
2025-06-12 00:05:00,82.7
2025-06-12 17:19:00,42.0
2025-06-12 21:25:00,51.4
2025-06-12 20:49:00,98.7
2025-06-12 10:14:00,89.0
2025-06-12 02:28:00,62.0
2025-06-12 14:39:00,12.2
2025-06-12 21:37:00,53.5
2025-06-12 13:36:00,23.4
2025-06-12 21:40:00,8.0
2025-06-12 17:49:00,49.87196987526477
2025-06-12 18:39:00,87.6
2025-06-12 06:14:00,49.87196987526477
2025-06-12 11:30:00,49.87196987526477
2025-06-12 15:47:00,36.8
2025-06-12 10:37:00,38.0
2025-06-12 11:41:00,64.8
2025-06-12 11:04:00,70.1
2025-06-12 03:19:00,49.93628109892701
2025-06-12 09:22:00,98.7
2025-06-12 09:00:00,49.93628109892701
2025-06-12 23:34:00,30.0
2025-06-12 13:11:00,2.7
2025-06-12 13:46:00,49.93628109892701
2025-06-12 08:40:00,3.5
2025-06-12 14:13:00,93.1
2025-06-12 18:28:00,17.6
2025-06-12 11:39:00,18.9
2025-06-12 00:51:00,49.93628109892701
2025-06-12 14:40:00,13.3
2025-06-12 03:32:00,49.93628109892701
2025-06-12 16:59:00,49.93628109892701
2025-06-12 18:21:00,0.8
2025-06-12 23:12:00,19.7
2025-06-12 17:35:00,93.8
2025-06-12 00:53:00,49.93628109892701
2025-06-12 16:46:00,77.7
2025-06-12 10:32:00,13.0
2025-06-12 05:53:00,74.1
2025-06-12 14:03:00,33.5
2025-06-12 09:57:00,73.5
2025-06-12 22:52:00,49.93628109892701
2025-06-12 18:10:00,92.0
2025-06-12 07:06:00,61.1
2025-06-12 22:22:00,17.5
2025-06-12 08:33:00,5.3
2025-06-12 14:42:00,41.1
2025-06-12 07:12:00,96.2
2025-06-12 12:44:00,56.8
2025-06-12 14:29:00,1.6
2025-06-12 06:31:00,30.3
2025-06-12 17:00:00,0.2
2025-06-12 08:48:00,49.93628109892701
2025-06-12 23:31:00,76.9
2025-06-12 15:53:00,89.7
2025-06-12 16:27:00,30.6
2025-06-12 01:53:00,58.3
2025-06-12 08:57:00,27.2
2025-06-12 12:03:00,49.93628109892701
2025-06-12 23:26:00,39.1
2025-06-12 17:57:00,25.4
2025-06-12 05:23:00,63.5
2025-06-12 03:50:00,40.9
2025-06-12 03:02:00,61.6
2025-06-12 18:14:00,48.9
2025-06-12 00:26:00,92.2
2025-06-12 13:11:00,81.1
2025-06-12 14:37:00,91.7
2025-06-12 15:08:00,49.0
2025-06-12 17:45:00,49.93628109892701
2025-06-12 16:18:00,65.0
2025-06-12 16:28:00,29.9
2025-06-12 05:50:00,49.93628109892701
2025-06-12 07:18:00,49.93628109892701
2025-06-12 16:32:00,19.4
2025-06-12 03:37:00,66.7
2025-06-12 01:12:00,24.9
2025-06-12 03:14:00,49.93628109892701
2025-06-12 07:23:00,10.1
2025-06-12 06:33:00,13.1
2025-06-12 21:33:00,68.5
2025-06-12 04:55:00,39.0
2025-06-12 17:01:00,76.7
2025-06-12 10:43:00,49.93628109892701
2025-06-12 04:29:00,80.4
2025-06-12 19:19:00,79.8
2025-06-12 12:06:00,49.93628109892701
2025-06-12 06:36:00,5.8
2025-06-12 12:37:00,55.1
2025-06-12 10:20:00,59.0
2025-06-12 06:24:00,38.1
2025-06-12 00:46:00,68.0
2025-06-12 02:57:00,49.93628109892701
2025-06-12 08:15:00,4.8
2025-06-12 05:24:00,49.93628109892701
2025-06-12 08:03:00,52.7
2025-06-12 03:06:00,66.4
2025-06-12 10:08:00,82.7
2025-06-12 17:38:00,25.1
2025-06-12 01:29:00,82.6
2025-06-12 22:52:00,74.3
2025-06-12 22:29:00,49.93628109892701
2025-06-12 22:54:00,96.0
2025-06-12 14:09:00,11.0
2025-06-12 16:22:00,65.2
2025-06-12 16:20:00,49.93628109892701
2025-06-12 15:41:00,1.6
2025-06-12 16:10:00,19.0
2025-06-12 07:19:00,75.9
2025-06-12 11:54:00,59.8
2025-06-12 14:54:00,26.1
2025-06-12 03:38:00,64.0
2025-06-12 14:52:00,54.3
2025-06-12 04:26:00,49.93628109892701
2025-06-12 13:35:00,49.93628109892701
2025-06-12 03:40:00,30.5
2025-06-12 06:59:00,55.8
2025-06-12 13:49:00,68.0
2025-06-12 18:06:00,53.6
2025-06-12 06:03:00,89.4
2025-06-12 08:57:00,29.4
2025-06-12 10:11:00,34.9
2025-06-12 20:28:00,41.6
2025-06-12 08:13:00,9.3
2025-06-12 22:38:00,90.1
2025-06-12 20:56:00,7.8
2025-06-12 22:53:00,5.7
2025-06-12 07:37:00,68.4
2025-06-12 19:10:00,84.8
2025-06-12 08:21:00,47.6
2025-06-12 05:49:00,49.93628109892701
2025-06-12 03:48:00,49.93628109892701
2025-06-12 16:24:00,28.7
2025-06-12 12:40:00,8.8
2025-06-12 13:47:00,91.2
2025-06-12 04:57:00,51.5
2025-06-12 05:24:00,52.1
2025-06-12 23:16:00,69.4
2025-06-12 01:52:00,28.0
2025-06-12 20:44:00,65.9
2025-06-12 02:25:00,69.9
2025-06-12 16:58:00,98.8
2025-06-12 12:34:00,49.93628109892701
2025-06-12 21:26:00,8.4
2025-06-12 06:33:00,12.9
2025-06-12 22:44:00,38.6
2025-06-12 09:20:00,49.93628109892701
2025-06-12 23:35:00,51.5
2025-06-12 13:20:00,97.1
2025-06-12 09:30:00,70.9
2025-06-12 09:35:00,49.93628109892701
2025-06-12 15:54:00,88.0
2025-06-12 00:08:00,40.6
2025-06-12 02:49:00,48.4
2025-06-12 02:17:00,28.1
2025-06-12 16:05:00,1.8
2025-06-12 18:18:00,49.93628109892701
2025-06-12 02:09:00,25.8
2025-06-12 19:31:00,49.93628109892701
2025-06-12 17:01:00,49.93628109892701
2025-06-12 19:52:00,49.93628109892701
2025-06-12 20:56:00,3.4
2025-06-12 12:19:00,49.93628109892701
2025-06-12 18:09:00,0.9
2025-06-12 16:50:00,75.8
2025-06-12 14:43:00,49.93628109892701
2025-06-12 16:54:00,5.6
2025-06-12 12:17:00,49.93628109892701
2025-06-12 11:37:00,24.0
2025-06-12 00:59:00,10.4
2025-06-12 08:21:00,35.3
2025-06-12 12:50:00,14.5
2025-06-12 00:37:00,42.9
2025-06-12 21:49:00,24.1
2025-06-12 06:10:00,84.7
2025-06-12 08:44:00,81.9
2025-06-12 05:03:00,49.93628109892701
2025-06-12 23:59:00,35.5
2025-06-12 08:54:00,35.6
2025-06-12 22:26:00,50.9
2025-06-12 20:23:00,75.1
2025-06-12 01:56:00,84.0
2025-06-12 20:12:00,84.5
2025-06-12 05:44:00,77.1
2025-06-12 19:43:00,13.6
2025-06-12 13:10:00,89.9
2025-06-12 11:15:00,54.1
2025-06-12 10:06:00,5.2
2025-06-12 14:59:00,34.7
2025-06-12 01:31:00,82.4
2025-06-12 01:17:00,49.93628109892701
2025-06-12 09:31:00,59.9
2025-06-12 19:48:00,95.1
2025-06-12 23:07:00,44.9
2025-06-12 14:21:00,76.0
2025-06-12 10:03:00,90.1
2025-06-12 18:32:00,49.93628109892701
2025-06-12 05:21:00,56.4
2025-06-12 09:18:00,49.93628109892701
2025-06-12 02:18:00,82.7
2025-06-12 16:18:00,12.2
2025-06-12 07:47:00,49.93628109892701
2025-06-12 04:57:00,49.93628109892701
2025-06-12 03:40:00,25.7
2025-06-12 18:01:00,33.6
2025-06-12 07:22:00,3.5
2025-06-12 19:55:00,59.6
2025-06-12 22:14:00,49.93628109892701
2025-06-12 20:36:00,16.5
2025-06-12 19:10:00,6.0
2025-06-12 16:46:00,31.9
2025-06-12 00:01:00,47.2
2025-06-12 17:33:00,50.2
2025-06-12 20:31:00,62.9
2025-06-12 18:50:00,54.1
2025-06-12 00:48:00,3.3
2025-06-12 09:18:00,98.6
2025-06-12 03:37:00,92.3
2025-06-12 05:07:00,1.8
2025-06-12 11:49:00,92.0
2025-06-12 15:16:00,49.93628109892701
2025-06-12 07:27:00,53.5
2025-06-12 16:53:00,74.0
2025-06-12 14:10:00,30.8
2025-06-12 22:13:00,9.3
2025-06-12 14:47:00,92.0
2025-06-12 03:27:00,32.3
2025-06-12 04:33:00,45.1
2025-06-12 02:10:00,49.2
2025-06-12 09:56:00,21.7
2025-06-12 11:09:00,74.1
2025-06-12 21:35:00,49.93628109892701
2025-06-12 11:25:00,12.8
2025-06-12 01:18:00,37.7
2025-06-12 00:35:00,43.2
2025-06-12 16:21:00,47.2
2025-06-12 05:53:00,42.1
2025-06-12 00:08:00,5.6
2025-06-12 19:28:00,49.93628109892701
2025-06-12 01:10:00,0.5
2025-06-12 13:26:00,78.2
2025-06-12 17:14:00,84.9
2025-06-12 16:17:00,45.5
2025-06-12 05:38:00,27.4
2025-06-12 09:56:00,12.4
2025-06-12 02:34:00,82.6
2025-06-12 12:59:00,23.9
2025-06-12 14:58:00,37.2
2025-06-12 11:00:00,40.2
2025-06-12 04:07:00,46.1
2025-06-12 01:17:00,93.8
2025-06-12 12:32:00,4.9
2025-06-12 03:08:00,2.3
2025-06-12 15:59:00,8.6
2025-06-12 20:28:00,49.93628109892701
2025-06-12 01:28:00,84.4
2025-06-12 16:13:00,49.93628109892701
2025-06-12 01:08:00,49.93628109892701
2025-06-12 07:17:00,49.93628109892701
2025-06-12 15:52:00,5.6
2025-06-12 03:36:00,18.2
2025-06-12 19:47:00,60.7
2025-06-12 02:07:00,66.3
2025-06-12 23:08:00,40.6
2025-06-12 21:02:00,49.93628109892701
2025-06-12 13:15:00,75.3
2025-06-12 22:54:00,25.1
2025-06-12 13:22:00,70.4
2025-06-12 16:45:00,6.8
2025-06-12 18:39:00,41.5
2025-06-12 13:52:00,60.8
2025-06-12 01:40:00,15.4
2025-06-12 01:58:00,49.93628109892701
2025-06-12 23:07:00,57.1
2025-06-12 16:58:00,94.1
2025-06-12 15:26:00,14.6
2025-06-12 03:17:00,81.2
2025-06-12 23:05:00,10.1
2025-06-12 17:35:00,71.5
2025-06-12 01:11:00,27.0
2025-06-12 15:06:00,42.4
2025-06-12 09:09:00,51.2
2025-06-12 05:03:00,57.0
2025-06-12 21:16:00,44.1
2025-06-12 13:30:00,97.8
2025-06-12 14:51:00,58.7
2025-06-12 03:19:00,11.8
2025-06-12 10:54:00,37.4
2025-06-12 16:44:00,49.93628109892701
2025-06-12 04:21:00,74.9
2025-06-12 07:43:00,98.0
2025-06-12 09:04:00,68.9
2025-06-12 12:50:00,38.3
2025-06-12 20:48:00,49.7
2025-06-12 23:33:00,81.4
2025-06-12 05:05:00,18.3
2025-06-12 08:19:00,42.1
2025-06-12 09:58:00,59.1
2025-06-12 08:20:00,6.2
2025-06-12 13:51:00,53.0
2025-06-12 01:25:00,30.7
2025-06-12 13:42:00,48.8
2025-06-12 18:28:00,36.4
2025-06-12 22:12:00,7.9
2025-06-12 10:11:00,1.7
2025-06-12 13:29:00,95.4
2025-06-12 21:20:00,15.1
2025-06-12 07:44:00,66.7
2025-06-12 09:41:00,31.2
2025-06-12 23:54:00,11.8
2025-06-12 21:32:00,32.3
2025-06-12 02:42:00,49.93628109892701
2025-06-12 08:44:00,79.3
2025-06-12 06:18:00,17.0
2025-06-12 08:09:00,92.5
2025-06-12 00:42:00,49.93628109892701
2025-06-12 03:29:00,79.8
2025-06-12 05:35:00,49.93628109892701
2025-06-12 23:38:00,91.8
2025-06-12 23:26:00,3.7
2025-06-12 09:52:00,45.3
2025-06-12 07:07:00,15.9
2025-06-12 01:23:00,55.6
2025-06-12 23:33:00,49.93628109892701
2025-06-12 09:00:00,6.7
2025-06-12 02:52:00,22.8
2025-06-12 22:05:00,55.0
2025-06-12 02:20:00,89.1
2025-06-12 01:41:00,28.3
2025-06-12 04:14:00,49.93628109892701
2025-06-12 12:22:00,84.9
2025-06-12 08:43:00,72.3
2025-06-12 20:02:00,78.1
2025-06-12 09:09:00,45.0
2025-06-12 18:12:00,49.93628109892701
2025-06-12 05:42:00,62.7
2025-06-12 11:06:00,59.1
2025-06-12 21:35:00,38.2
2025-06-12 00:41:00,82.4
2025-06-12 22:54:00,13.2
2025-06-12 15:21:00,30.4
2025-06-12 18:33:00,28.2
2025-06-12 06:08:00,5.7
2025-06-12 05:48:00,88.0
2025-06-12 16:54:00,49.93628109892701
2025-06-12 06:16:00,49.797736698660984
2025-06-12 20:48:00,8.4
2025-06-12 10:46:00,49.797736698660984
2025-06-12 01:04:00,59.8
2025-06-12 17:19:00,47.2
2025-06-12 23:53:00,25.0
2025-06-12 07:38:00,49.797736698660984
2025-06-12 02:32:00,49.797736698660984
2025-06-12 03:40:00,16.6
2025-06-12 15:38:00,5.0
2025-06-12 00:44:00,92.8
2025-06-12 18:03:00,98.1
2025-06-12 14:34:00,49.797736698660984
2025-06-12 04:05:00,70.6
2025-06-12 10:16:00,64.9
2025-06-12 06:38:00,94.9
2025-06-12 21:03:00,60.5
2025-06-12 11:10:00,33.1
2025-06-12 10:09:00,64.6
2025-06-12 11:52:00,10.1
2025-06-12 21:51:00,49.4
2025-06-12 15:37:00,19.1
2025-06-12 17:51:00,54.7
2025-06-12 10:11:00,79.7
2025-06-12 22:11:00,1.3
2025-06-12 10:15:00,46.5
2025-06-12 09:17:00,66.6
2025-06-12 00:06:00,92.3
2025-06-12 09:24:00,8.0
2025-06-12 03:34:00,43.4
2025-06-12 20:47:00,46.8
2025-06-12 06:20:00,91.7
2025-06-12 19:11:00,65.9
2025-06-12 02:05:00,80.8
2025-06-12 10:07:00,59.4
2025-06-12 02:10:00,93.9
2025-06-12 09:25:00,70.5
2025-06-12 09:52:00,63.2
2025-06-12 22:49:00,63.6
2025-06-12 10:53:00,68.3
2025-06-12 06:34:00,87.6
2025-06-12 08:41:00,39.6
2025-06-12 05:19:00,15.6
2025-06-12 10:39:00,49.797736698660984
2025-06-12 23:48:00,33.7
2025-06-12 08:23:00,35.8
2025-06-12 02:02:00,66.8
2025-06-12 07:57:00,55.8
2025-06-12 16:03:00,39.1
2025-06-12 09:33:00,92.7
2025-06-12 06:01:00,0.4
2025-06-12 08:46:00,95.2
2025-06-12 16:09:00,22.0
2025-06-12 05:48:00,38.1
2025-06-12 12:16:00,37.5
2025-06-12 04:28:00,49.797736698660984
2025-06-12 23:49:00,68.3
2025-06-12 00:54:00,49.797736698660984
2025-06-12 16:45:00,6.0
2025-06-12 23:27:00,24.3
2025-06-12 00:25:00,62.7
2025-06-12 00:43:00,73.5
2025-06-12 10:21:00,92.3
2025-06-12 07:24:00,4.6
2025-06-12 00:09:00,60.0
2025-06-12 20:42:00,66.1
2025-06-12 16:58:00,78.9
2025-06-12 13:50:00,5.2
2025-06-12 04:03:00,70.8
2025-06-12 14:50:00,51.9
2025-06-12 18:14:00,72.0
2025-06-12 09:17:00,12.9
2025-06-12 16:29:00,20.1
2025-06-12 06:25:00,31.7
2025-06-12 02:57:00,56.3
2025-06-12 22:21:00,49.797736698660984
2025-06-12 19:52:00,20.3
2025-06-12 03:27:00,37.4
2025-06-12 11:24:00,82.8
2025-06-12 12:16:00,85.1
2025-06-12 14:22:00,43.0
2025-06-12 11:35:00,93.9
2025-06-12 08:19:00,98.8
2025-06-12 15:41:00,49.797736698660984
2025-06-12 14:55:00,2.1
2025-06-12 11:13:00,54.1
2025-06-12 11:51:00,71.1
2025-06-12 21:38:00,9.5
2025-06-12 11:59:00,7.8
2025-06-12 12:11:00,36.8
2025-06-12 10:27:00,99.2
2025-06-12 08:29:00,15.3
2025-06-12 07:40:00,87.2
2025-06-12 07:51:00,49.797736698660984
2025-06-12 12:51:00,25.4
2025-06-12 04:47:00,68.6
2025-06-12 20:15:00,56.6
2025-06-12 03:07:00,53.2
2025-06-12 17:55:00,18.5
2025-06-12 21:27:00,32.8
2025-06-12 18:08:00,49.797736698660984
2025-06-12 03:53:00,49.797736698660984
2025-06-12 21:23:00,71.8
2025-06-12 10:18:00,61.8
2025-06-12 08:17:00,56.2
2025-06-12 07:42:00,49.797736698660984
2025-06-12 09:51:00,0.1
2025-06-12 10:28:00,47.7
2025-06-12 02:13:00,99.8
2025-06-12 04:04:00,85.0
2025-06-12 01:52:00,65.7
2025-06-12 12:48:00,31.4
2025-06-12 11:13:00,82.5
2025-06-12 00:08:00,49.797736698660984
2025-06-12 12:24:00,66.1
2025-06-12 21:19:00,82.2
2025-06-12 21:58:00,7.1
2025-06-12 21:11:00,22.0
2025-06-12 18:21:00,83.5
2025-06-12 13:42:00,49.797736698660984
2025-06-12 01:10:00,97.8
2025-06-12 04:11:00,73.5
2025-06-12 16:49:00,64.4
2025-06-12 20:25:00,47.1
2025-06-12 09:31:00,94.7
2025-06-12 01:19:00,27.2
2025-06-12 08:45:00,86.1
2025-06-12 23:33:00,96.7
2025-06-12 00:20:00,34.9
2025-06-12 07:14:00,42.9
2025-06-12 12:57:00,14.9
2025-06-12 18:35:00,52.6
2025-06-12 02:37:00,17.5
2025-06-12 16:54:00,5.9
2025-06-12 03:44:00,21.6
2025-06-12 04:45:00,12.6
2025-06-12 15:54:00,41.0
2025-06-12 10:11:00,66.7
2025-06-12 17:26:00,59.5
2025-06-12 06:31:00,77.7
2025-06-12 20:43:00,50.9
2025-06-12 09:17:00,16.8
2025-06-12 13:05:00,6.6
2025-06-12 02:45:00,76.3
2025-06-12 09:32:00,41.2
2025-06-12 06:04:00,49.797736698660984
2025-06-12 21:49:00,61.0
2025-06-12 02:13:00,49.797736698660984
2025-06-12 01:12:00,62.7
2025-06-12 15:27:00,32.8
2025-06-12 01:01:00,86.2
2025-06-12 14:58:00,61.7
2025-06-12 04:11:00,28.2
2025-06-12 00:19:00,71.2
2025-06-12 14:37:00,76.1
2025-06-12 11:15:00,49.797736698660984
2025-06-12 04:32:00,78.1
2025-06-12 19:50:00,49.797736698660984
2025-06-12 06:45:00,2.2
2025-06-12 14:57:00,20.4
2025-06-12 00:15:00,50.8
2025-06-12 13:03:00,2.9
2025-06-12 07:48:00,86.6
2025-06-12 20:00:00,49.1
2025-06-12 01:18:00,14.2
2025-06-12 14:09:00,36.0
2025-06-12 10:58:00,71.9
2025-06-12 19:03:00,72.1
2025-06-12 19:30:00,35.8
2025-06-12 22:53:00,49.797736698660984
2025-06-12 23:48:00,23.5
2025-06-12 07:59:00,42.1
2025-06-12 13:11:00,30.9
2025-06-12 07:48:00,67.0
2025-06-12 17:13:00,49.797736698660984
2025-06-12 07:31:00,88.3
2025-06-12 01:59:00,94.7
2025-06-12 19:31:00,49.797736698660984
2025-06-12 06:15:00,49.797736698660984
2025-06-12 11:47:00,71.6
2025-06-12 14:03:00,2.9
2025-06-12 21:34:00,34.5
2025-06-12 00:49:00,58.2
2025-06-12 20:41:00,37.1
2025-06-12 11:24:00,31.6
2025-06-12 02:25:00,23.6
2025-06-12 07:50:00,18.7
2025-06-12 14:37:00,58.0
2025-06-12 23:59:00,49.797736698660984
2025-06-12 04:03:00,74.8
2025-06-12 20:41:00,3.5
2025-06-12 19:05:00,49.797736698660984
2025-06-12 07:43:00,49.797736698660984
2025-06-12 01:41:00,49.797736698660984
2025-06-12 02:45:00,9.6
2025-06-12 03:46:00,86.3
2025-06-12 10:30:00,49.797736698660984
2025-06-12 12:01:00,35.1
2025-06-12 21:47:00,52.5
2025-06-12 00:03:00,99.0
2025-06-12 00:30:00,80.2
2025-06-12 23:58:00,37.0
2025-06-12 14:50:00,21.3
2025-06-12 06:20:00,49.797736698660984
2025-06-12 08:28:00,35.8
2025-06-12 18:07:00,49.797736698660984
2025-06-12 07:53:00,49.797736698660984
2025-06-12 03:44:00,64.7
2025-06-12 11:08:00,31.6
2025-06-12 11:26:00,81.4
2025-06-12 03:04:00,60.8
2025-06-12 22:35:00,65.9
2025-06-12 17:25:00,25.3
2025-06-12 18:48:00,1.6
2025-06-12 06:43:00,49.797736698660984
2025-06-12 00:34:00,49.797736698660984
2025-06-12 00:35:00,96.0
2025-06-12 13:30:00,1.2
2025-06-12 00:26:00,87.3
2025-06-12 00:27:00,23.1
2025-06-12 10:00:00,72.8
2025-06-12 03:40:00,49.797736698660984
2025-06-12 23:13:00,49.797736698660984
2025-06-12 12:28:00,76.0
2025-06-12 08:01:00,37.1
2025-06-12 04:24:00,77.7
2025-06-12 03:30:00,93.2
2025-06-12 21:25:00,49.797736698660984
2025-06-12 09:25:00,7.5
2025-06-12 22:32:00,47.4
2025-06-12 17:47:00,80.2
2025-06-12 19:42:00,59.0
2025-06-12 20:57:00,15.3
2025-06-12 07:48:00,49.797736698660984
2025-06-12 06:45:00,96.1
2025-06-12 23:47:00,49.797736698660984
2025-06-12 12:11:00,54.3
2025-06-12 21:31:00,49.797736698660984
2025-06-12 01:37:00,74.9
2025-06-12 14:46:00,31.1
2025-06-12 07:07:00,35.7
2025-06-12 10:39:00,17.7
2025-06-12 03:28:00,29.7
2025-06-12 17:02:00,29.2
2025-06-12 19:42:00,96.2
2025-06-12 06:58:00,76.8
2025-06-12 14:02:00,51.3
2025-06-12 08:10:00,97.2
2025-06-12 07:14:00,16.5
2025-06-12 08:11:00,58.1
2025-06-12 02:53:00,58.5
2025-06-12 20:29:00,49.797736698660984
2025-06-12 06:36:00,44.2
2025-06-12 22:20:00,10.8
2025-06-12 10:00:00,68.8
2025-06-12 18:26:00,95.1
2025-06-12 05:55:00,49.797736698660984
2025-06-12 21:16:00,31.0
2025-06-12 06:21:00,36.0
2025-06-12 21:52:00,72.8
2025-06-12 19:18:00,14.4
2025-06-12 09:56:00,47.9
2025-06-12 03:07:00,41.6
2025-06-12 04:35:00,61.9
2025-06-12 17:12:00,49.797736698660984
2025-06-12 04:21:00,56.2
2025-06-12 00:02:00,28.0
2025-06-12 12:27:00,93.3
2025-06-12 12:34:00,76.5
2025-06-12 17:55:00,70.0
2025-06-12 13:45:00,45.1
2025-06-12 14:13:00,14.7
2025-06-12 23:05:00,52.5
2025-06-12 16:32:00,32.6
2025-06-12 08:31:00,57.5
2025-06-12 03:18:00,49.797736698660984
2025-06-12 20:19:00,64.3
2025-06-12 21:39:00,1.4
2025-06-12 03:52:00,60.2
2025-06-12 05:37:00,60.5
2025-06-12 06:15:00,49.797736698660984
2025-06-12 16:25:00,42.4
2025-06-12 18:03:00,25.5
2025-06-12 18:11:00,30.1
2025-06-12 22:06:00,31.7
2025-06-12 22:23:00,59.9
2025-06-12 02:47:00,49.797736698660984
2025-06-12 13:58:00,49.797736698660984
2025-06-12 19:23:00,75.9
2025-06-12 03:47:00,17.4
2025-06-12 12:58:00,49.797736698660984
2025-06-12 10:08:00,9.6
2025-06-12 12:33:00,30.5
2025-06-12 21:23:00,76.8
2025-06-12 16:16:00,9.4
2025-06-12 07:01:00,28.4
2025-06-12 03:51:00,6.7
2025-06-12 00:24:00,24.7
2025-06-12 23:18:00,19.4
2025-06-12 17:23:00,49.797736698660984
2025-06-12 10:45:00,57.9
2025-06-12 12:35:00,55.7
2025-06-12 06:23:00,39.6
2025-06-12 09:07:00,42.9
2025-06-12 15:17:00,49.797736698660984
2025-06-12 20:41:00,3.2
2025-06-12 21:34:00,48.0
2025-06-12 01:35:00,91.5
2025-06-12 09:19:00,37.8
2025-06-12 18:55:00,66.3
2025-06-12 00:56:00,79.8
2025-06-12 18:53:00,17.8
2025-06-12 18:39:00,70.6
2025-06-12 20:24:00,94.8
2025-06-12 09:29:00,91.7
2025-06-12 14:10:00,68.3
2025-06-12 20:07:00,49.797736698660984
2025-06-12 21:50:00,92.5
2025-06-12 19:59:00,1.0
2025-06-12 19:45:00,3.1
2025-06-12 17:40:00,49.797736698660984
2025-06-12 10:38:00,61.0
2025-06-12 06:34:00,27.3
2025-06-12 08:13:00,12.6
2025-06-12 06:24:00,74.1
2025-06-12 18:05:00,30.7
2025-06-12 00:28:00,21.1
2025-06-12 17:16:00,41.2
2025-06-12 18:57:00,67.0
2025-06-12 22:40:00,5.8
2025-06-12 13:29:00,27.2
2025-06-12 06:40:00,54.0
2025-06-12 23:58:00,22.1
2025-06-12 09:58:00,90.1
2025-06-12 19:44:00,4.5
2025-06-12 03:22:00,35.5
2025-06-12 03:14:00,17.3
2025-06-12 18:03:00,50.18136565940501
2025-06-12 20:58:00,61.2
2025-06-12 14:47:00,19.4
2025-06-12 14:48:00,50.18136565940501
2025-06-12 11:40:00,53.4
2025-06-12 07:02:00,12.8
2025-06-12 15:09:00,50.18136565940501
2025-06-12 08:47:00,28.3
2025-06-12 05:17:00,18.0
2025-06-12 10:47:00,19.7
2025-06-12 05:38:00,47.1
2025-06-12 14:10:00,33.7
2025-06-12 19:48:00,89.8
2025-06-12 03:57:00,50.18136565940501
2025-06-12 06:47:00,13.0
2025-06-12 06:30:00,23.2
2025-06-12 10:27:00,70.0
2025-06-12 14:02:00,50.18136565940501
2025-06-12 12:04:00,48.3
2025-06-12 17:29:00,49.9
2025-06-12 13:23:00,6.7
2025-06-12 23:33:00,60.4
2025-06-12 00:15:00,50.18136565940501
2025-06-12 12:15:00,96.5
2025-06-12 00:02:00,50.18136565940501
2025-06-12 20:44:00,50.18136565940501
2025-06-12 14:16:00,67.5
2025-06-12 21:25:00,60.0
2025-06-12 23:31:00,35.1
2025-06-12 04:26:00,9.3
2025-06-12 08:09:00,50.18136565940501
2025-06-12 05:21:00,58.8
2025-06-12 14:46:00,14.9
2025-06-12 09:06:00,50.18136565940501
2025-06-12 22:42:00,98.1
2025-06-12 01:29:00,85.4
2025-06-12 16:38:00,99.4
2025-06-12 06:42:00,50.18136565940501
2025-06-12 11:29:00,50.18136565940501
2025-06-12 02:35:00,9.9
2025-06-12 23:53:00,85.9
2025-06-12 09:30:00,14.7
2025-06-12 03:53:00,86.7
2025-06-12 10:00:00,93.9
2025-06-12 15:19:00,4.1
2025-06-12 05:45:00,8.4
2025-06-12 02:09:00,55.3
2025-06-12 20:34:00,9.8
2025-06-12 03:28:00,55.6
2025-06-12 10:47:00,34.0
2025-06-12 06:53:00,44.4
2025-06-12 08:34:00,50.18136565940501
2025-06-12 10:42:00,75.3
2025-06-12 11:16:00,50.18136565940501
2025-06-12 14:03:00,21.8
2025-06-12 20:54:00,50.18136565940501
2025-06-12 14:22:00,30.4
2025-06-12 18:02:00,50.18136565940501
2025-06-12 23:43:00,13.2
2025-06-12 13:46:00,84.7
2025-06-12 16:39:00,89.9
2025-06-12 12:20:00,39.0
2025-06-12 18:57:00,98.6
2025-06-12 20:53:00,36.1
2025-06-12 05:29:00,28.0
2025-06-12 21:20:00,76.0
2025-06-12 12:37:00,42.0
2025-06-12 21:02:00,77.6
2025-06-12 17:12:00,38.9
2025-06-12 07:01:00,84.0
2025-06-12 11:29:00,50.18136565940501
2025-06-12 09:22:00,31.2
2025-06-12 17:22:00,43.7
2025-06-12 04:49:00,73.6
2025-06-12 01:19:00,95.7
2025-06-12 01:33:00,93.0
2025-06-12 09:43:00,69.3
2025-06-12 02:45:00,0.3
2025-06-12 10:56:00,56.8
2025-06-12 20:35:00,50.18136565940501
2025-06-12 21:57:00,13.8
2025-06-12 09:31:00,30.4
2025-06-12 12:13:00,55.7
2025-06-12 03:36:00,50.2
2025-06-12 16:56:00,50.18136565940501
2025-06-12 08:06:00,27.0
2025-06-12 08:50:00,43.2
2025-06-12 12:10:00,5.7
2025-06-12 14:37:00,43.0
2025-06-12 11:08:00,74.4
2025-06-12 03:39:00,52.7
2025-06-12 01:07:00,33.5
2025-06-12 09:20:00,50.18136565940501
2025-06-12 23:56:00,42.9
2025-06-12 02:27:00,99.1
2025-06-12 11:56:00,32.3
2025-06-12 17:04:00,50.18136565940501
2025-06-12 04:21:00,82.0
2025-06-12 14:51:00,86.6
2025-06-12 00:21:00,16.6
2025-06-12 03:27:00,69.4
2025-06-12 06:38:00,53.4
2025-06-12 01:43:00,51.7
2025-06-12 20:16:00,50.18136565940501
2025-06-12 10:17:00,41.2
2025-06-12 00:15:00,62.0
2025-06-12 01:33:00,8.3
2025-06-12 12:16:00,17.1
2025-06-12 04:40:00,50.18136565940501
2025-06-12 18:53:00,80.2
2025-06-12 19:12:00,48.2
2025-06-12 02:23:00,33.2
2025-06-12 04:03:00,59.0
2025-06-12 03:35:00,41.0
2025-06-12 19:48:00,50.18136565940501
2025-06-12 05:03:00,58.7
2025-06-12 02:58:00,46.0
2025-06-12 09:16:00,59.5
2025-06-12 10:07:00,51.8
2025-06-12 05:41:00,43.4
2025-06-12 15:19:00,93.4
2025-06-12 20:09:00,95.3
2025-06-12 02:05:00,3.0
2025-06-12 02:27:00,34.2
2025-06-12 20:51:00,19.4
2025-06-12 05:58:00,50.18136565940501
2025-06-12 16:16:00,50.18136565940501
2025-06-12 05:59:00,77.8
2025-06-12 09:06:00,21.9
2025-06-12 14:11:00,19.8
2025-06-12 16:02:00,89.8
2025-06-12 10:55:00,50.18136565940501
2025-06-12 21:47:00,41.2
2025-06-12 03:43:00,42.0
2025-06-12 11:33:00,50.18136565940501
2025-06-12 16:14:00,50.18136565940501
2025-06-12 06:12:00,15.9
2025-06-12 19:31:00,50.18136565940501
2025-06-12 10:47:00,49.3
2025-06-12 15:51:00,1.4
2025-06-12 15:54:00,18.3
2025-06-12 04:00:00,53.3
2025-06-12 06:09:00,71.6
2025-06-12 21:28:00,10.6
2025-06-12 02:46:00,18.7
2025-06-12 06:44:00,51.7
2025-06-12 17:07:00,51.9
2025-06-12 06:42:00,11.8
2025-06-12 08:16:00,30.5
2025-06-12 06:13:00,42.5
2025-06-12 12:37:00,40.7
2025-06-12 09:53:00,50.18136565940501
2025-06-12 06:51:00,20.5
2025-06-12 11:45:00,50.18136565940501
2025-06-12 21:23:00,52.3
2025-06-12 21:35:00,50.18136565940501
2025-06-12 19:15:00,11.6
2025-06-12 00:49:00,6.8
2025-06-12 21:09:00,9.6
2025-06-12 18:25:00,94.1
2025-06-12 00:40:00,97.6
2025-06-12 18:19:00,41.4
2025-06-12 09:34:00,50.18136565940501
2025-06-12 13:33:00,46.2
2025-06-12 11:07:00,42.3
2025-06-12 09:01:00,2.4
2025-06-12 20:41:00,67.2
2025-06-12 23:25:00,50.18136565940501
2025-06-12 08:58:00,28.3
2025-06-12 08:41:00,92.1
2025-06-12 23:46:00,28.9
2025-06-12 21:44:00,81.7
2025-06-12 16:01:00,20.0
2025-06-12 05:21:00,50.9
2025-06-12 06:21:00,37.9
2025-06-12 18:55:00,50.18136565940501
2025-06-12 06:07:00,64.9
2025-06-12 15:06:00,78.9
2025-06-12 07:59:00,59.8
2025-06-12 09:33:00,54.3
2025-06-12 00:48:00,50.4
2025-06-12 03:35:00,76.9
2025-06-12 07:05:00,32.3
2025-06-12 19:08:00,50.18136565940501
2025-06-12 00:18:00,22.0
2025-06-12 20:08:00,76.6
2025-06-12 19:03:00,89.7
2025-06-12 17:02:00,40.8
2025-06-12 11:18:00,84.5
2025-06-12 15:15:00,98.7
2025-06-12 09:27:00,23.7
2025-06-12 13:42:00,6.2
2025-06-12 13:15:00,48.6
2025-06-12 18:38:00,15.5
2025-06-12 13:42:00,62.6
2025-06-12 19:17:00,50.18136565940501
2025-06-12 11:32:00,95.1
2025-06-12 10:10:00,50.18136565940501
2025-06-12 09:38:00,94.8
2025-06-12 08:52:00,50.18136565940501
2025-06-12 13:41:00,6.5
2025-06-12 09:37:00,26.4
2025-06-12 17:21:00,14.6
2025-06-12 09:44:00,17.8
2025-06-12 16:48:00,35.5
2025-06-12 21:56:00,4.4
2025-06-12 18:35:00,27.7
2025-06-12 18:47:00,75.4
2025-06-12 07:52:00,50.18136565940501
2025-06-12 12:57:00,18.8
2025-06-12 19:46:00,69.5
2025-06-12 11:13:00,11.0
2025-06-12 05:06:00,63.4
2025-06-12 17:27:00,51.9
2025-06-12 19:36:00,12.0
2025-06-12 10:57:00,47.7
2025-06-12 15:26:00,10.1
2025-06-12 15:30:00,23.8
2025-06-12 06:04:00,75.9
2025-06-12 20:30:00,43.4
2025-06-12 18:39:00,22.1
2025-06-12 17:02:00,76.8
2025-06-12 06:01:00,36.9
2025-06-12 16:14:00,12.7
2025-06-12 04:18:00,76.0
2025-06-12 10:26:00,57.3
2025-06-12 03:15:00,60.2
2025-06-12 12:04:00,38.2
2025-06-12 12:19:00,57.1
2025-06-12 16:54:00,14.6
2025-06-12 18:06:00,5.8
2025-06-12 05:33:00,58.9
2025-06-12 21:51:00,83.4
2025-06-12 09:39:00,83.7
2025-06-12 09:37:00,22.5
2025-06-12 06:27:00,57.7
2025-06-12 22:00:00,61.5
2025-06-12 09:51:00,74.7
2025-06-12 12:07:00,4.1
2025-06-12 13:47:00,65.1
2025-06-12 03:37:00,50.18136565940501
2025-06-12 12:56:00,39.5
2025-06-12 17:25:00,63.3
2025-06-12 16:01:00,70.1
2025-06-12 06:27:00,68.0
2025-06-12 22:47:00,65.3
2025-06-12 10:06:00,46.4
2025-06-12 09:31:00,4.1
2025-06-12 14:14:00,70.6
2025-06-12 06:11:00,94.3
2025-06-12 07:30:00,4.4
2025-06-12 14:20:00,61.3
2025-06-12 10:28:00,99.9
2025-06-12 07:23:00,19.8
2025-06-12 23:33:00,94.0
2025-06-12 04:44:00,12.2
2025-06-12 13:54:00,44.9
2025-06-12 06:07:00,84.7
2025-06-12 08:36:00,41.1
2025-06-12 11:32:00,5.0
2025-06-12 20:45:00,30.5
2025-06-12 07:24:00,65.3
2025-06-12 19:18:00,66.4
2025-06-12 14:58:00,26.6
2025-06-12 10:54:00,52.4
2025-06-12 18:19:00,68.5
2025-06-12 21:20:00,12.3
2025-06-12 04:44:00,24.2
2025-06-12 07:21:00,26.8
2025-06-12 02:52:00,54.0
2025-06-12 17:00:00,97.1
2025-06-12 21:14:00,61.0
2025-06-12 21:38:00,75.8
2025-06-12 00:04:00,85.9
2025-06-12 12:54:00,35.5
2025-06-12 18:00:00,16.5
2025-06-12 09:05:00,88.1
2025-06-12 14:49:00,46.6
2025-06-12 03:35:00,54.8
2025-06-12 06:11:00,50.18136565940501
2025-06-12 16:29:00,57.4
2025-06-12 18:01:00,51.2
2025-06-12 06:32:00,21.6
2025-06-12 19:58:00,2.3
2025-06-12 12:05:00,45.6
2025-06-12 01:28:00,94.9
2025-06-12 07:22:00,22.3
2025-06-12 20:20:00,21.1
2025-06-12 17:08:00,81.8
2025-06-12 01:28:00,46.1
2025-06-12 17:01:00,95.8
2025-06-12 05:06:00,12.3
2025-06-12 01:56:00,41.8
2025-06-12 07:02:00,71.2
2025-06-12 23:12:00,11.5
2025-06-12 17:52:00,50.18136565940501
2025-06-12 12:20:00,28.5
2025-06-12 07:26:00,65.3
2025-06-12 11:03:00,96.5
2025-06-12 21:58:00,33.4
2025-06-12 22:45:00,59.4
2025-06-12 11:40:00,53.1
2025-06-12 04:19:00,99.1
2025-06-12 06:56:00,68.4
2025-06-12 17:05:00,94.3
2025-06-12 23:46:00,37.1
2025-06-12 05:51:00,49.7
2025-06-12 04:02:00,20.9
2025-06-12 09:37:00,25.7
2025-06-12 09:33:00,50.18136565940501
2025-06-12 06:19:00,50.18136565940501
2025-06-12 09:57:00,77.7
2025-06-12 05:54:00,72.5
2025-06-12 05:35:00,87.8
2025-06-12 08:16:00,89.1
2025-06-12 10:01:00,84.6
2025-06-12 15:08:00,7.7
2025-06-12 15:02:00,50.18136565940501
2025-06-12 18:32:00,34.0
2025-06-12 19:02:00,44.9
2025-06-12 23:53:00,95.4
2025-06-12 11:24:00,99.1
2025-06-12 04:48:00,49.5
2025-06-12 07:50:00,68.9
2025-06-12 10:44:00,20.6
2025-06-12 14:47:00,75.0
2025-06-12 15:08:00,45.5
2025-06-12 06:12:00,26.6
2025-06-12 23:19:00,99.7
2025-06-12 20:30:00,50.18136565940501
2025-06-12 17:29:00,35.6
2025-06-12 13:47:00,14.7
2025-06-12 01:30:00,93.2
2025-06-12 14:11:00,85.3
2025-06-12 07:02:00,24.7
2025-06-12 18:02:00,49.66792053602915
2025-06-12 17:41:00,39.9
2025-06-12 07:57:00,24.0
2025-06-12 03:56:00,50.5
2025-06-12 18:42:00,3.1
2025-06-12 09:10:00,38.1
2025-06-12 03:58:00,49.66792053602915
2025-06-12 09:52:00,68.7
2025-06-12 04:14:00,41.0
2025-06-12 10:54:00,76.1
2025-06-12 13:23:00,17.3
2025-06-12 14:14:00,15.0
2025-06-12 14:21:00,49.66792053602915
2025-06-12 17:32:00,61.4
2025-06-12 19:12:00,19.1
2025-06-12 23:30:00,44.1
2025-06-12 17:21:00,49.66792053602915
2025-06-12 22:31:00,51.4
2025-06-12 09:09:00,68.6
2025-06-12 17:16:00,16.4
2025-06-12 11:45:00,85.8
2025-06-12 04:45:00,75.9
2025-06-12 18:55:00,15.6
2025-06-12 01:16:00,49.66792053602915
2025-06-12 08:05:00,9.1
2025-06-12 15:24:00,62.8
2025-06-12 06:44:00,55.5
2025-06-12 13:25:00,50.3
2025-06-12 12:42:00,49.66792053602915
2025-06-12 09:00:00,8.6
2025-06-12 15:13:00,49.66792053602915
2025-06-12 00:39:00,44.2
2025-06-12 21:51:00,55.3
2025-06-12 05:04:00,42.4
2025-06-12 15:47:00,49.66792053602915
2025-06-12 20:15:00,44.3
2025-06-12 07:01:00,48.7
2025-06-12 19:40:00,28.4
2025-06-12 19:52:00,36.4
2025-06-12 08:20:00,11.4
2025-06-12 20:09:00,33.8
2025-06-12 12:24:00,32.2
2025-06-12 21:15:00,25.1
2025-06-12 11:19:00,40.1
2025-06-12 16:22:00,63.9
2025-06-12 23:50:00,41.8
2025-06-12 01:13:00,9.9
2025-06-12 20:25:00,25.3
2025-06-12 09:31:00,8.9
2025-06-12 16:39:00,61.2
2025-06-12 16:24:00,49.66792053602915
2025-06-12 06:54:00,58.6
2025-06-12 22:44:00,43.6
2025-06-12 04:00:00,49.66792053602915
2025-06-12 08:24:00,59.3
2025-06-12 05:14:00,26.7
2025-06-12 11:31:00,77.2
2025-06-12 05:07:00,56.3
2025-06-12 08:58:00,34.0
2025-06-12 01:41:00,35.4
2025-06-12 10:13:00,60.6
2025-06-12 16:08:00,49.66792053602915
2025-06-12 00:13:00,60.0
2025-06-12 16:21:00,68.0
2025-06-12 05:06:00,3.7
2025-06-12 11:53:00,53.9
2025-06-12 14:10:00,49.66792053602915
2025-06-12 19:10:00,25.2
2025-06-12 00:10:00,32.6
2025-06-12 21:08:00,71.6
2025-06-12 18:57:00,27.0
2025-06-12 03:54:00,34.3
2025-06-12 07:46:00,14.9
2025-06-12 04:52:00,49.66792053602915
2025-06-12 06:47:00,85.4
2025-06-12 18:14:00,3.9
2025-06-12 19:33:00,64.4
2025-06-12 14:16:00,33.1
2025-06-12 09:20:00,32.7
2025-06-12 08:43:00,67.5
2025-06-12 06:38:00,65.2
2025-06-12 19:10:00,50.9
2025-06-12 08:30:00,82.3
2025-06-12 04:08:00,49.66792053602915
2025-06-12 02:17:00,95.9
2025-06-12 17:50:00,49.66792053602915
2025-06-12 02:52:00,32.9
2025-06-12 22:14:00,36.5
2025-06-12 17:52:00,72.1
2025-06-12 08:33:00,11.4
2025-06-12 09:14:00,96.6
2025-06-12 14:34:00,22.3
2025-06-12 13:00:00,91.2
2025-06-12 22:20:00,90.3
2025-06-12 07:29:00,87.3
2025-06-12 18:34:00,49.66792053602915
2025-06-12 07:17:00,49.66792053602915
2025-06-12 23:29:00,8.8
2025-06-12 16:56:00,49.66792053602915
2025-06-12 23:52:00,87.0
2025-06-12 08:38:00,23.4
2025-06-12 04:16:00,9.5
2025-06-12 21:07:00,49.66792053602915
2025-06-12 18:37:00,12.7
2025-06-12 07:54:00,55.0
2025-06-12 01:27:00,49.5
2025-06-12 18:58:00,83.8
2025-06-12 01:12:00,32.6
2025-06-12 08:47:00,14.2
2025-06-12 11:10:00,52.9
2025-06-12 06:09:00,44.0
2025-06-12 11:06:00,49.66792053602915
2025-06-12 12:54:00,31.4
2025-06-12 02:33:00,49.66792053602915
2025-06-12 13:59:00,37.0
2025-06-12 18:33:00,27.5
2025-06-12 17:31:00,49.66792053602915
2025-06-12 16:10:00,49.66792053602915
2025-06-12 13:13:00,78.9
2025-06-12 21:20:00,68.6
2025-06-12 20:39:00,67.5
2025-06-12 14:46:00,22.6
2025-06-12 16:42:00,66.4
2025-06-12 03:35:00,98.0
2025-06-12 13:43:00,70.6
2025-06-12 10:22:00,73.5
2025-06-12 11:59:00,64.5
2025-06-12 16:58:00,81.0
2025-06-12 09:11:00,83.3
2025-06-12 13:57:00,30.0
2025-06-12 08:59:00,49.66792053602915
2025-06-12 20:57:00,17.4
2025-06-12 23:51:00,25.2
2025-06-12 22:29:00,71.8
2025-06-12 02:03:00,30.1
2025-06-12 13:12:00,14.5
2025-06-12 00:46:00,49.66792053602915
2025-06-12 17:09:00,91.9
2025-06-12 18:09:00,49.66792053602915
2025-06-12 00:54:00,61.3
2025-06-12 09:28:00,49.66792053602915
2025-06-12 09:03:00,42.2
2025-06-12 19:15:00,18.0
2025-06-12 14:17:00,45.8
2025-06-12 11:56:00,83.1
2025-06-12 10:43:00,61.2
2025-06-12 20:18:00,39.8
2025-06-12 18:08:00,49.66792053602915
2025-06-12 03:39:00,44.4
2025-06-12 10:09:00,18.4
2025-06-12 15:38:00,97.6
2025-06-12 13:30:00,10.5
2025-06-12 08:57:00,49.66792053602915
2025-06-12 13:11:00,42.6
2025-06-12 23:41:00,2.3
2025-06-12 15:33:00,23.0
2025-06-12 18:31:00,54.7
2025-06-12 11:01:00,0.5
2025-06-12 06:46:00,3.3
2025-06-12 14:13:00,38.2
2025-06-12 07:15:00,88.0
2025-06-12 22:26:00,49.66792053602915
2025-06-12 23:56:00,35.8
2025-06-12 04:19:00,50.9
2025-06-12 02:42:00,32.1
2025-06-12 00:05:00,58.7
2025-06-12 23:16:00,87.3
2025-06-12 08:47:00,54.8
2025-06-12 21:59:00,76.7
2025-06-12 03:15:00,15.8
2025-06-12 12:34:00,56.2
2025-06-12 04:47:00,49.66792053602915
2025-06-12 18:32:00,25.4
2025-06-12 22:49:00,88.6
2025-06-12 04:43:00,51.8
2025-06-12 08:46:00,49.66792053602915
2025-06-12 00:56:00,7.9
2025-06-12 10:19:00,62.5
2025-06-12 20:28:00,39.3
2025-06-12 16:38:00,42.3
2025-06-12 06:04:00,17.5
2025-06-12 21:54:00,9.0
2025-06-12 00:37:00,32.4
2025-06-12 08:06:00,49.66792053602915
2025-06-12 02:46:00,2.5
2025-06-12 17:20:00,65.7
2025-06-12 11:06:00,25.5
2025-06-12 11:26:00,45.7
2025-06-12 13:18:00,17.7
2025-06-12 01:30:00,49.66792053602915
2025-06-12 19:10:00,12.7
2025-06-12 14:26:00,49.66792053602915
2025-06-12 12:43:00,58.3
2025-06-12 07:20:00,18.9
2025-06-12 12:21:00,3.9
2025-06-12 02:11:00,44.5
2025-06-12 06:49:00,8.1
2025-06-12 13:07:00,29.0
2025-06-12 02:16:00,16.4
2025-06-12 08:04:00,39.3
2025-06-12 01:16:00,68.6
2025-06-12 20:42:00,57.3
2025-06-12 14:20:00,41.3
2025-06-12 01:56:00,68.0
2025-06-12 13:59:00,96.9
2025-06-12 10:32:00,82.9
2025-06-12 13:50:00,51.7
2025-06-12 18:28:00,88.5
2025-06-12 18:01:00,49.66792053602915
2025-06-12 20:13:00,8.3
2025-06-12 03:00:00,9.1
2025-06-12 19:41:00,9.7
2025-06-12 06:10:00,49.66792053602915
2025-06-12 08:53:00,68.1
2025-06-12 08:13:00,24.6
2025-06-12 18:50:00,90.1
2025-06-12 05:10:00,23.8
2025-06-12 13:09:00,8.3
2025-06-12 22:49:00,52.0
2025-06-12 21:04:00,6.9
2025-06-12 08:30:00,60.4
2025-06-12 23:47:00,86.9
2025-06-12 04:58:00,32.3
2025-06-12 21:38:00,49.66792053602915
2025-06-12 04:23:00,49.66792053602915
2025-06-12 19:20:00,64.1
2025-06-12 11:56:00,75.8
2025-06-12 11:56:00,20.6
2025-06-12 20:30:00,6.5
2025-06-12 15:00:00,2.1
2025-06-12 21:18:00,9.2
2025-06-12 21:25:00,49.66792053602915
2025-06-12 17:19:00,57.8
2025-06-12 14:58:00,49.66792053602915
2025-06-12 10:12:00,55.0
2025-06-12 01:14:00,80.5
2025-06-12 15:44:00,30.2
2025-06-12 00:45:00,93.4
2025-06-12 14:51:00,73.4
2025-06-12 03:29:00,49.66792053602915
2025-06-12 11:26:00,82.1
2025-06-12 11:06:00,47.3
2025-06-12 13:35:00,11.5
2025-06-12 05:28:00,17.1
2025-06-12 06:33:00,72.8
2025-06-12 21:25:00,49.66792053602915
2025-06-12 22:38:00,10.6
2025-06-12 09:18:00,49.66792053602915
2025-06-12 09:22:00,83.2
2025-06-12 00:23:00,67.9
2025-06-12 14:46:00,49.66792053602915
2025-06-12 21:49:00,52.3
2025-06-12 05:26:00,80.5
2025-06-12 21:47:00,60.7
2025-06-12 21:11:00,49.66792053602915
2025-06-12 19:37:00,69.6
2025-06-12 10:07:00,9.0
2025-06-12 06:43:00,23.0
2025-06-12 06:57:00,39.2
2025-06-12 08:27:00,31.5
2025-06-12 07:55:00,95.0
2025-06-12 03:23:00,12.9
2025-06-12 00:32:00,64.0
2025-06-12 15:54:00,19.4
2025-06-12 07:36:00,17.9
2025-06-12 03:59:00,78.9
2025-06-12 21:10:00,79.8
2025-06-12 10:06:00,7.5
2025-06-12 06:21:00,2.2
2025-06-12 21:29:00,74.1
2025-06-12 07:45:00,49.66792053602915
2025-06-12 00:15:00,49.66792053602915
2025-06-12 00:06:00,37.2
2025-06-12 02:13:00,16.8
2025-06-12 08:51:00,49.66792053602915
2025-06-12 11:39:00,62.9
2025-06-12 05:28:00,70.4
2025-06-12 22:16:00,69.1
2025-06-12 22:08:00,95.9
2025-06-12 20:35:00,46.1
2025-06-12 14:15:00,49.66792053602915
2025-06-12 18:02:00,31.9
2025-06-12 15:08:00,80.1
2025-06-12 10:43:00,3.6
2025-06-12 05:35:00,58.6
2025-06-12 20:54:00,60.8
2025-06-12 05:05:00,47.7
2025-06-12 03:08:00,10.7
2025-06-12 19:42:00,82.2
2025-06-12 10:29:00,41.0
2025-06-12 18:31:00,19.7
2025-06-12 00:59:00,31.4
2025-06-12 18:52:00,4.7
2025-06-12 16:08:00,17.1
2025-06-12 17:55:00,9.2
2025-06-12 13:18:00,5.3
2025-06-12 15:27:00,65.8
2025-06-12 18:28:00,49.66792053602915
2025-06-12 17:04:00,66.8
2025-06-12 18:46:00,16.6
2025-06-12 07:30:00,42.2
2025-06-12 20:15:00,27.5
2025-06-12 04:11:00,7.2
2025-06-12 04:03:00,49.66792053602915
2025-06-12 07:51:00,56.7
2025-06-12 19:55:00,25.2
2025-06-12 08:36:00,29.8
2025-06-12 18:33:00,49.66792053602915
2025-06-12 23:06:00,77.6
2025-06-12 03:39:00,34.8
2025-06-12 05:30:00,36.7
2025-06-12 16:21:00,72.2
2025-06-12 04:45:00,77.7
2025-06-12 19:08:00,68.4
2025-06-12 19:02:00,20.6
2025-06-12 07:06:00,15.6
2025-06-12 04:16:00,53.3
2025-06-12 02:38:00,13.5
2025-06-12 01:16:00,49.66792053602915
2025-06-12 22:17:00,49.66792053602915
2025-06-12 08:10:00,80.3
2025-06-12 21:26:00,58.6
2025-06-12 07:53:00,68.8
2025-06-12 04:33:00,38.6
2025-06-12 01:41:00,30.4
2025-06-12 03:40:00,45.3
2025-06-12 01:46:00,93.3
2025-06-12 16:47:00,93.6
2025-06-12 17:34:00,91.6
2025-06-12 10:34:00,49.66792053602915
2025-06-12 08:52:00,45.1
2025-06-12 12:05:00,49.66792053602915
2025-06-12 21:38:00,29.2
2025-06-12 01:09:00,77.0
2025-06-12 01:34:00,70.3
2025-06-12 06:35:00,55.0
2025-06-12 05:50:00,3.8
2025-06-12 21:06:00,39.6
2025-06-12 22:18:00,19.0
2025-06-12 01:17:00,88.6
2025-06-12 20:29:00,49.66792053602915
2025-06-12 08:41:00,9.8
2025-06-12 10:25:00,97.7
2025-06-12 15:18:00,59.8
2025-06-12 03:20:00,49.1
2025-06-12 15:14:00,43.0
2025-06-12 08:14:00,6.8
2025-06-12 07:35:00,49.66792053602915
2025-06-12 16:14:00,80.3
2025-06-12 10:03:00,55.0
2025-06-12 11:22:00,49.66792053602915
2025-06-12 07:39:00,54.6
2025-06-12 19:48:00,49.66792053602915
2025-06-12 19:19:00,3.9
2025-06-12 12:25:00,49.66792053602915
2025-06-12 14:52:00,16.5
2025-06-12 23:58:00,66.8
2025-06-12 02:29:00,21.4
2025-06-12 08:04:00,49.66792053602915
2025-06-12 16:27:00,12.1
2025-06-12 06:38:00,17.4
2025-06-12 04:50:00,37.0
2025-06-12 03:50:00,56.5
2025-06-12 18:30:00,26.0
2025-06-12 18:41:00,58.2
2025-06-12 06:35:00,93.4
2025-06-12 10:34:00,33.8
2025-06-12 09:00:00,50.4
2025-06-12 00:01:00,19.2
2025-06-12 22:23:00,93.8
2025-06-12 16:10:00,25.3
2025-06-12 07:36:00,49.82591552591553
2025-06-12 22:57:00,35.7
2025-06-12 23:02:00,75.6
2025-06-12 12:11:00,62.2
2025-06-12 22:42:00,87.8
2025-06-12 00:11:00,89.9
2025-06-12 16:36:00,70.9
2025-06-12 09:19:00,40.5
2025-06-12 09:38:00,49.82591552591553
2025-06-12 11:24:00,10.1
2025-06-12 21:25:00,3.1
2025-06-12 18:42:00,84.1
2025-06-12 04:25:00,91.9
2025-06-12 22:48:00,40.5
2025-06-12 17:57:00,96.1
2025-06-12 15:17:00,76.1
2025-06-12 00:37:00,72.3
2025-06-12 09:01:00,51.0
2025-06-12 17:02:00,30.9
2025-06-12 21:05:00,2.2
2025-06-12 14:43:00,49.82591552591553
2025-06-12 13:39:00,19.2
2025-06-12 09:51:00,100.0
2025-06-12 10:29:00,49.82591552591553
2025-06-12 17:59:00,49.82591552591553
2025-06-12 03:15:00,46.3
2025-06-12 04:50:00,90.4
2025-06-12 18:29:00,93.6
2025-06-12 08:52:00,36.5
2025-06-12 06:47:00,10.5
2025-06-12 21:23:00,48.6
2025-06-12 09:31:00,49.82591552591553
2025-06-12 05:30:00,50.3
2025-06-12 12:22:00,4.0
2025-06-12 02:21:00,17.4
2025-06-12 05:01:00,3.9
2025-06-12 02:12:00,49.82591552591553
2025-06-12 14:22:00,49.82591552591553
2025-06-12 16:19:00,87.0
2025-06-12 14:31:00,44.3
2025-06-12 08:41:00,91.3
2025-06-12 07:03:00,49.82591552591553
2025-06-12 09:15:00,27.2
2025-06-12 06:17:00,49.82591552591553
2025-06-12 22:03:00,25.7
2025-06-12 23:05:00,49.82591552591553
2025-06-12 15:11:00,50.5
2025-06-12 17:46:00,46.4
2025-06-12 15:04:00,93.2
2025-06-12 13:44:00,69.5
2025-06-12 23:09:00,40.2
2025-06-12 13:11:00,98.9
2025-06-12 03:10:00,56.9
2025-06-12 13:27:00,92.9
2025-06-12 16:03:00,55.5
2025-06-12 15:00:00,61.5
2025-06-12 22:03:00,24.5
2025-06-12 14:22:00,91.8
2025-06-12 16:29:00,70.2
2025-06-12 07:32:00,72.4
2025-06-12 05:58:00,64.1
2025-06-12 17:52:00,49.82591552591553
2025-06-12 00:29:00,49.82591552591553
2025-06-12 14:27:00,94.9
2025-06-12 05:24:00,21.1
2025-06-12 02:49:00,46.6
2025-06-12 01:18:00,64.4
2025-06-12 07:38:00,83.2
2025-06-12 00:47:00,82.1
2025-06-12 02:08:00,53.8
2025-06-12 20:11:00,94.6
2025-06-12 04:57:00,24.1
2025-06-12 10:38:00,11.8
2025-06-12 05:17:00,63.6
2025-06-12 08:09:00,40.9
2025-06-12 11:43:00,49.82591552591553
2025-06-12 15:11:00,48.8
2025-06-12 04:23:00,42.9
2025-06-12 23:48:00,59.3
2025-06-12 07:45:00,49.82591552591553
2025-06-12 09:45:00,49.82591552591553
2025-06-12 20:54:00,45.6
2025-06-12 03:33:00,22.4
2025-06-12 10:20:00,38.0
2025-06-12 16:17:00,38.5
2025-06-12 12:06:00,73.9
2025-06-12 13:20:00,49.82591552591553
2025-06-12 00:36:00,49.82591552591553
2025-06-12 14:43:00,5.9
2025-06-12 09:33:00,58.1
2025-06-12 09:56:00,34.4
2025-06-12 15:27:00,86.9
2025-06-12 01:00:00,91.3
2025-06-12 05:41:00,59.9
2025-06-12 12:30:00,50.0
2025-06-12 04:26:00,85.5
2025-06-12 08:20:00,62.2
2025-06-12 01:44:00,70.1
2025-06-12 04:46:00,82.3
2025-06-12 18:48:00,49.82591552591553
2025-06-12 01:29:00,21.0
2025-06-12 12:05:00,19.5
2025-06-12 18:20:00,88.1
2025-06-12 10:44:00,90.9
2025-06-12 02:40:00,55.4
2025-06-12 22:32:00,89.7
2025-06-12 13:19:00,47.8
2025-06-12 17:06:00,32.8
2025-06-12 20:36:00,71.4
2025-06-12 14:18:00,49.82591552591553
2025-06-12 00:01:00,49.82591552591553
2025-06-12 18:04:00,42.7
2025-06-12 22:03:00,56.7
2025-06-12 23:01:00,75.5
2025-06-12 00:33:00,15.0
2025-06-12 19:33:00,79.3
2025-06-12 15:16:00,4.1
2025-06-12 22:19:00,16.7
2025-06-12 08:52:00,68.7
2025-06-12 14:04:00,68.3
2025-06-12 19:46:00,7.1
2025-06-12 18:11:00,49.82591552591553
2025-06-12 06:51:00,77.6
2025-06-12 00:04:00,91.7
2025-06-12 15:53:00,49.82591552591553
2025-06-12 19:23:00,40.3
2025-06-12 23:52:00,71.9
2025-06-12 05:14:00,12.7
2025-06-12 21:37:00,79.4
2025-06-12 17:26:00,2.4
2025-06-12 04:04:00,11.7
2025-06-12 13:33:00,67.6
2025-06-12 07:47:00,80.0
2025-06-12 07:04:00,30.0
2025-06-12 03:57:00,25.6
2025-06-12 22:46:00,21.9
2025-06-12 16:19:00,85.6
2025-06-12 08:40:00,19.1
2025-06-12 23:26:00,16.1
2025-06-12 03:30:00,49.82591552591553
2025-06-12 12:16:00,48.6
2025-06-12 08:51:00,27.2
2025-06-12 15:03:00,16.1
2025-06-12 15:52:00,88.0
2025-06-12 07:37:00,49.82591552591553
2025-06-12 11:23:00,25.4
2025-06-12 23:25:00,7.8
2025-06-12 06:38:00,60.0
2025-06-12 21:02:00,12.7
2025-06-12 20:12:00,73.0
2025-06-12 22:42:00,92.9
2025-06-12 05:52:00,5.0
2025-06-12 08:58:00,49.82591552591553
2025-06-12 10:38:00,26.6
2025-06-12 02:17:00,28.2
2025-06-12 13:49:00,70.1
2025-06-12 22:11:00,39.0
2025-06-12 02:21:00,45.9
2025-06-12 12:35:00,83.9
2025-06-12 11:00:00,49.82591552591553
2025-06-12 01:21:00,97.3
2025-06-12 02:41:00,91.6
2025-06-12 13:47:00,81.7
2025-06-12 11:16:00,87.3
2025-06-12 16:24:00,49.82591552591553
2025-06-12 12:42:00,31.2
2025-06-12 17:11:00,19.3
2025-06-12 22:38:00,32.7
2025-06-12 16:50:00,98.2
2025-06-12 04:48:00,49.82591552591553
2025-06-12 18:46:00,58.1
2025-06-12 03:05:00,50.7
2025-06-12 05:55:00,13.4
2025-06-12 08:10:00,40.6
2025-06-12 15:00:00,34.5
2025-06-12 01:06:00,93.1
2025-06-12 02:46:00,48.9
2025-06-12 05:39:00,74.1
2025-06-12 09:09:00,49.82591552591553
2025-06-12 03:37:00,95.6
2025-06-12 12:45:00,95.0
2025-06-12 00:43:00,25.5
2025-06-12 12:07:00,1.6
2025-06-12 10:56:00,17.2
2025-06-12 09:42:00,16.3
2025-06-12 12:09:00,49.82591552591553
2025-06-12 07:54:00,96.5
2025-06-12 20:42:00,99.2
2025-06-12 03:53:00,84.3
2025-06-12 02:56:00,49.82591552591553
2025-06-12 05:29:00,97.9
2025-06-12 11:09:00,98.7
2025-06-12 06:22:00,52.2
2025-06-12 23:49:00,25.0
2025-06-12 13:12:00,59.0
2025-06-12 23:55:00,77.7
2025-06-12 13:18:00,49.82591552591553
2025-06-12 21:08:00,26.9
2025-06-12 06:31:00,79.5
2025-06-12 23:02:00,49.82591552591553
2025-06-12 23:55:00,11.0
2025-06-12 05:00:00,15.0
2025-06-12 21:42:00,49.5
2025-06-12 10:39:00,90.9
2025-06-12 19:38:00,48.1
2025-06-12 14:05:00,0.4
2025-06-12 20:28:00,66.0
2025-06-12 07:49:00,46.9
2025-06-12 03:00:00,30.5
2025-06-12 05:28:00,79.6
2025-06-12 05:34:00,88.8
2025-06-12 18:32:00,18.9
2025-06-12 09:13:00,77.3
2025-06-12 03:57:00,7.4
2025-06-12 12:27:00,27.4
2025-06-12 08:56:00,50.6
2025-06-12 00:47:00,49.82591552591553
2025-06-12 15:11:00,92.0
2025-06-12 16:58:00,21.5
2025-06-12 23:34:00,37.3
2025-06-12 22:05:00,85.8
2025-06-12 04:16:00,31.3
2025-06-12 04:09:00,2.3
2025-06-12 19:51:00,23.0
2025-06-12 09:40:00,49.82591552591553
2025-06-12 13:21:00,93.9
2025-06-12 22:13:00,66.9
2025-06-12 15:41:00,1.9
2025-06-12 18:34:00,62.1
2025-06-12 22:43:00,6.0
2025-06-12 01:03:00,92.4
2025-06-12 16:29:00,43.2
2025-06-12 10:51:00,17.0
2025-06-12 03:30:00,49.82591552591553
2025-06-12 05:57:00,77.8
2025-06-12 18:04:00,62.3
2025-06-12 23:30:00,30.0
2025-06-12 11:42:00,25.9
2025-06-12 20:44:00,92.5
2025-06-12 00:25:00,49.82591552591553
2025-06-12 14:12:00,37.1
2025-06-12 08:40:00,98.6
2025-06-12 21:54:00,0.4
2025-06-12 21:40:00,78.5
2025-06-12 20:00:00,55.9
2025-06-12 16:19:00,42.0
2025-06-12 19:41:00,56.6
2025-06-12 03:30:00,35.1
2025-06-12 04:03:00,99.3
2025-06-12 16:16:00,49.82591552591553
2025-06-12 15:00:00,49.82591552591553
2025-06-12 16:42:00,90.9
2025-06-12 00:50:00,23.9
2025-06-12 04:33:00,93.9
2025-06-12 10:16:00,74.1
2025-06-12 02:07:00,47.9
2025-06-12 18:27:00,49.82591552591553
2025-06-12 21:28:00,32.6
2025-06-12 18:50:00,76.9
2025-06-12 23:42:00,50.7
2025-06-12 03:39:00,10.6
2025-06-12 19:03:00,55.2
2025-06-12 21:25:00,81.3
2025-06-12 11:47:00,48.7
2025-06-12 17:27:00,49.82591552591553
2025-06-12 12:59:00,18.3
2025-06-12 18:49:00,73.9
2025-06-12 14:15:00,8.7
2025-06-12 00:28:00,31.8
2025-06-12 14:33:00,23.6
2025-06-12 18:09:00,67.7
2025-06-12 20:39:00,75.2
2025-06-12 09:01:00,12.5
2025-06-12 17:23:00,74.8
2025-06-12 08:38:00,49.82591552591553
2025-06-12 12:18:00,83.3
2025-06-12 12:31:00,53.3
2025-06-12 21:47:00,79.7
2025-06-12 15:12:00,49.82591552591553
2025-06-12 18:21:00,5.9
2025-06-12 17:54:00,99.3
2025-06-12 07:12:00,94.0
2025-06-12 07:30:00,69.0
2025-06-12 18:28:00,37.7
2025-06-12 04:39:00,61.8
2025-06-12 08:27:00,81.0
2025-06-12 01:04:00,62.0
2025-06-12 12:53:00,7.3
2025-06-12 16:00:00,20.8
2025-06-12 20:47:00,77.7
2025-06-12 21:42:00,50.7
2025-06-12 06:06:00,49.82591552591553
2025-06-12 18:55:00,60.2
2025-06-12 14:19:00,34.2
2025-06-12 22:17:00,13.1
2025-06-12 23:44:00,77.2
2025-06-12 07:34:00,83.8
2025-06-12 13:21:00,10.3
2025-06-12 17:08:00,12.5
2025-06-12 15:34:00,73.3
2025-06-12 08:21:00,49.82591552591553
2025-06-12 21:07:00,44.3
2025-06-12 15:34:00,43.5
2025-06-12 02:58:00,49.82591552591553
2025-06-12 17:46:00,44.4
2025-06-12 20:24:00,47.0
2025-06-12 03:01:00,87.9
2025-06-12 07:41:00,75.2
2025-06-12 15:20:00,97.6
2025-06-12 10:44:00,49.82591552591553
2025-06-12 15:36:00,57.4
2025-06-12 02:02:00,16.0
2025-06-12 09:21:00,11.4
2025-06-12 21:53:00,60.5
2025-06-12 23:50:00,49.82591552591553
2025-06-12 09:12:00,56.7
2025-06-12 06:03:00,55.7
2025-06-12 18:41:00,65.0
2025-06-12 20:07:00,12.0
2025-06-12 13:54:00,4.6
2025-06-12 10:58:00,43.7
2025-06-12 06:44:00,70.6
2025-06-12 13:22:00,75.4
2025-06-12 10:16:00,53.9
2025-06-12 13:59:00,49.2
2025-06-12 07:51:00,62.0
2025-06-12 08:02:00,90.3
2025-06-12 19:36:00,49.82264106490752
2025-06-12 08:26:00,10.4
2025-06-12 09:47:00,63.8
2025-06-12 17:00:00,82.1
2025-06-12 01:19:00,3.3
2025-06-12 10:26:00,18.8
2025-06-12 13:52:00,89.5
2025-06-12 01:12:00,49.82264106490752
2025-06-12 04:39:00,60.2
2025-06-12 08:50:00,46.0
2025-06-12 11:09:00,5.7
2025-06-12 05:42:00,35.2
2025-06-12 06:40:00,18.3
2025-06-12 01:42:00,54.4
2025-06-12 13:41:00,49.82264106490752
2025-06-12 20:00:00,49.82264106490752
2025-06-12 03:30:00,37.8
2025-06-12 23:13:00,78.8
2025-06-12 18:39:00,49.82264106490752
2025-06-12 13:52:00,34.2
2025-06-12 19:52:00,7.5
2025-06-12 01:37:00,92.3
2025-06-12 16:43:00,36.1
2025-06-12 14:43:00,90.4
2025-06-12 15:31:00,2.1
2025-06-12 04:00:00,49.2
2025-06-12 21:12:00,79.9
2025-06-12 10:53:00,55.7
2025-06-12 08:07:00,85.1
2025-06-12 09:24:00,21.7
2025-06-12 05:36:00,49.1
2025-06-12 17:25:00,20.3
2025-06-12 13:27:00,48.8
2025-06-12 16:35:00,81.7
2025-06-12 01:13:00,49.82264106490752
2025-06-12 17:48:00,12.8
2025-06-12 00:09:00,79.8
2025-06-12 09:09:00,70.5
2025-06-12 13:21:00,78.7
2025-06-12 17:44:00,81.9
2025-06-12 12:51:00,18.1
2025-06-12 18:36:00,46.5
2025-06-12 21:03:00,69.4
2025-06-12 00:40:00,58.1
2025-06-12 06:21:00,49.82264106490752
2025-06-12 14:15:00,11.7
2025-06-12 01:16:00,96.9
2025-06-12 05:02:00,49.82264106490752
2025-06-12 18:57:00,60.4
2025-06-12 15:22:00,2.0
2025-06-12 19:05:00,5.7
2025-06-12 07:04:00,49.82264106490752
2025-06-12 05:03:00,49.82264106490752
2025-06-12 13:43:00,93.2
2025-06-12 13:40:00,67.6
2025-06-12 22:34:00,14.4
2025-06-12 19:20:00,91.9
2025-06-12 11:37:00,13.0
2025-06-12 00:25:00,49.82264106490752
2025-06-12 07:25:00,58.6
2025-06-12 09:18:00,45.6
2025-06-12 08:00:00,49.82264106490752
2025-06-12 11:39:00,80.4
2025-06-12 10:06:00,49.82264106490752
2025-06-12 03:36:00,44.7
2025-06-12 18:58:00,87.9
2025-06-12 22:12:00,49.82264106490752
2025-06-12 19:51:00,16.5
2025-06-12 06:52:00,95.8
2025-06-12 14:29:00,73.7
2025-06-12 15:27:00,20.4
2025-06-12 15:30:00,53.6
2025-06-12 03:09:00,10.3
2025-06-12 08:26:00,0.8
2025-06-12 12:46:00,68.5
2025-06-12 04:59:00,84.7
2025-06-12 13:51:00,74.7
2025-06-12 20:29:00,36.6
2025-06-12 12:40:00,78.4
2025-06-12 10:37:00,57.9
2025-06-12 02:04:00,4.1
2025-06-12 07:21:00,39.5
2025-06-12 17:16:00,38.4
2025-06-12 01:39:00,17.6
2025-06-12 00:06:00,24.7
2025-06-12 21:02:00,49.82264106490752
2025-06-12 15:43:00,10.0
2025-06-12 15:59:00,60.8
2025-06-12 11:32:00,49.82264106490752
2025-06-12 11:43:00,8.4
2025-06-12 16:14:00,76.8
2025-06-12 10:05:00,41.6
2025-06-12 11:34:00,13.1
2025-06-12 03:02:00,68.2
2025-06-12 16:35:00,54.4
2025-06-12 16:24:00,80.1
2025-06-12 18:37:00,47.7
2025-06-12 03:37:00,21.7
2025-06-12 01:50:00,50.0
2025-06-12 02:24:00,62.7
2025-06-12 21:28:00,2.6
2025-06-12 02:37:00,38.8
2025-06-12 11:26:00,27.2
2025-06-12 14:29:00,27.6
2025-06-12 00:45:00,59.5
2025-06-12 23:03:00,82.4
2025-06-12 02:48:00,10.9
2025-06-12 19:09:00,49.82264106490752
2025-06-12 03:50:00,8.6
2025-06-12 01:14:00,68.6
2025-06-12 05:45:00,2.9
2025-06-12 22:33:00,65.2
2025-06-12 22:34:00,28.2
2025-06-12 20:55:00,9.9
2025-06-12 22:19:00,93.3
2025-06-12 22:37:00,49.82264106490752
2025-06-12 06:21:00,80.3
2025-06-12 06:35:00,83.6
2025-06-12 09:53:00,15.0
2025-06-12 13:37:00,5.0
2025-06-12 20:26:00,9.6
2025-06-12 02:35:00,49.82264106490752
2025-06-12 02:38:00,60.4
2025-06-12 02:34:00,29.5
2025-06-12 19:10:00,67.4
2025-06-12 07:59:00,88.5
2025-06-12 17:38:00,87.6
2025-06-12 09:13:00,35.9
2025-06-12 04:17:00,49.82264106490752
2025-06-12 12:07:00,87.3
2025-06-12 04:29:00,59.7
2025-06-12 21:57:00,2.3
2025-06-12 07:01:00,52.7
2025-06-12 17:34:00,15.5
2025-06-12 18:33:00,80.6
2025-06-12 18:23:00,76.3
2025-06-12 22:52:00,20.4
2025-06-12 19:57:00,12.5
2025-06-12 14:59:00,21.6
2025-06-12 22:27:00,6.4
2025-06-12 03:26:00,30.7
2025-06-12 10:00:00,9.0
2025-06-12 17:23:00,27.5
2025-06-12 06:39:00,49.82264106490752
2025-06-12 21:42:00,49.82264106490752
2025-06-12 15:02:00,58.2
2025-06-12 00:26:00,49.82264106490752
2025-06-12 19:32:00,48.7
2025-06-12 07:14:00,49.82264106490752
2025-06-12 11:03:00,2.4
2025-06-12 22:27:00,49.82264106490752
2025-06-12 13:43:00,48.0
2025-06-12 04:58:00,33.3
2025-06-12 23:40:00,1.3
2025-06-12 10:08:00,57.2
2025-06-12 04:00:00,92.2
2025-06-12 14:08:00,34.9
2025-06-12 00:49:00,42.6
2025-06-12 13:45:00,49.82264106490752
2025-06-12 13:59:00,54.0
2025-06-12 14:13:00,49.82264106490752
2025-06-12 00:34:00,88.9
2025-06-12 20:49:00,49.82264106490752
2025-06-12 00:44:00,3.8
2025-06-12 04:15:00,47.3
2025-06-12 19:58:00,4.6
2025-06-12 09:19:00,14.1
2025-06-12 14:06:00,49.82264106490752
2025-06-12 21:10:00,49.82264106490752
2025-06-12 15:11:00,56.2
2025-06-12 17:33:00,96.9
2025-06-12 23:40:00,21.6
2025-06-12 19:53:00,49.82264106490752
2025-06-12 14:34:00,48.5
2025-06-12 21:38:00,48.8
2025-06-12 18:33:00,70.4
2025-06-12 14:05:00,1.2
2025-06-12 01:39:00,49.82264106490752
2025-06-12 10:21:00,49.82264106490752
2025-06-12 23:53:00,8.7
2025-06-12 00:15:00,45.2
2025-06-12 09:06:00,49.82264106490752
2025-06-12 08:20:00,49.82264106490752
2025-06-12 05:54:00,49.82264106490752
2025-06-12 15:31:00,85.7
2025-06-12 15:29:00,11.1
2025-06-12 11:09:00,36.9
2025-06-12 16:15:00,49.82264106490752
2025-06-12 06:04:00,64.7
2025-06-12 22:36:00,68.6
2025-06-12 01:31:00,5.4
2025-06-12 11:44:00,37.7
2025-06-12 10:09:00,94.0
2025-06-12 07:06:00,66.5
2025-06-12 12:37:00,32.4
2025-06-12 17:19:00,3.2
2025-06-12 14:55:00,90.2
2025-06-12 15:39:00,7.9
2025-06-12 19:26:00,49.82264106490752
2025-06-12 07:39:00,49.82264106490752
2025-06-12 06:06:00,5.6
2025-06-12 03:14:00,82.6
2025-06-12 06:32:00,63.2
2025-06-12 17:13:00,23.1
2025-06-12 04:23:00,15.7
2025-06-12 06:33:00,73.7
2025-06-12 23:36:00,49.82264106490752
2025-06-12 02:23:00,8.6
2025-06-12 13:00:00,96.8
2025-06-12 03:16:00,5.5
2025-06-12 05:32:00,56.0
2025-06-12 21:39:00,87.8
2025-06-12 16:30:00,41.0
2025-06-12 10:46:00,55.4
2025-06-12 14:56:00,74.0
2025-06-12 15:55:00,38.4
2025-06-12 17:54:00,49.82264106490752
2025-06-12 14:57:00,52.3
2025-06-12 14:12:00,62.7
2025-06-12 10:18:00,85.8
2025-06-12 09:28:00,91.7
2025-06-12 12:52:00,34.8
2025-06-12 07:11:00,19.5
2025-06-12 17:14:00,9.3
2025-06-12 08:54:00,13.4
2025-06-12 09:59:00,71.8
2025-06-12 03:02:00,94.5
2025-06-12 14:01:00,19.3
2025-06-12 18:46:00,3.1
2025-06-12 07:13:00,49.82264106490752
2025-06-12 02:48:00,79.3
2025-06-12 22:11:00,48.8
2025-06-12 01:16:00,16.4
2025-06-12 12:36:00,3.0
2025-06-12 18:28:00,14.0
2025-06-12 09:14:00,49.82264106490752
2025-06-12 00:52:00,37.4
2025-06-12 21:31:00,96.7
2025-06-12 18:30:00,32.6
2025-06-12 17:01:00,49.82264106490752
2025-06-12 15:32:00,11.4
2025-06-12 07:54:00,28.3
2025-06-12 16:57:00,3.0
2025-06-12 17:51:00,49.82264106490752
2025-06-12 01:55:00,58.3
2025-06-12 06:45:00,81.9
2025-06-12 23:08:00,69.5
2025-06-12 09:19:00,41.4
2025-06-12 08:29:00,15.4
2025-06-12 02:10:00,49.2
2025-06-12 17:10:00,67.3
2025-06-12 06:47:00,61.1
2025-06-12 03:51:00,75.5
2025-06-12 20:01:00,49.82264106490752
2025-06-12 01:13:00,1.7
2025-06-12 16:31:00,49.82264106490752
2025-06-12 20:05:00,88.7
2025-06-12 03:29:00,35.2
2025-06-12 15:25:00,4.6
2025-06-12 19:20:00,52.9
2025-06-12 05:04:00,98.4
2025-06-12 08:02:00,35.1
2025-06-12 13:07:00,86.6
2025-06-12 09:01:00,64.9
2025-06-12 10:43:00,83.5
2025-06-12 10:10:00,9.1
2025-06-12 11:20:00,85.5
2025-06-12 17:24:00,21.5
2025-06-12 00:50:00,66.2
2025-06-12 14:04:00,43.0
2025-06-12 15:45:00,49.82264106490752
2025-06-12 00:19:00,43.6
2025-06-12 19:38:00,46.0
2025-06-12 07:02:00,30.2
2025-06-12 14:05:00,41.1
2025-06-12 23:35:00,49.1
2025-06-12 08:22:00,46.9
2025-06-12 16:33:00,1.8
2025-06-12 02:01:00,3.3
2025-06-12 06:30:00,6.4
2025-06-12 00:16:00,2.8
2025-06-12 13:21:00,49.82264106490752
2025-06-12 19:02:00,19.9
2025-06-12 08:12:00,21.9
2025-06-12 16:18:00,10.0
2025-06-12 21:12:00,53.4
2025-06-12 20:31:00,82.5
2025-06-12 19:42:00,40.1
2025-06-12 04:18:00,49.82264106490752
2025-06-12 19:00:00,86.3
2025-06-12 08:28:00,29.5
2025-06-12 18:36:00,5.2
2025-06-12 14:59:00,55.9
2025-06-12 19:18:00,1.1
2025-06-12 10:07:00,44.6
2025-06-12 05:42:00,80.5
2025-06-12 08:24:00,20.0
2025-06-12 20:19:00,75.0
2025-06-12 22:18:00,52.6
2025-06-12 20:00:00,86.4
2025-06-12 15:14:00,85.5
2025-06-12 20:48:00,50.2
2025-06-12 17:40:00,25.8
2025-06-12 15:49:00,37.8
2025-06-12 21:15:00,49.82264106490752
2025-06-12 07:42:00,8.1
2025-06-12 21:50:00,20.8
2025-06-12 11:50:00,45.5
2025-06-12 01:02:00,49.82264106490752
2025-06-12 19:23:00,24.9
2025-06-12 15:11:00,49.82264106490752
2025-06-12 15:30:00,36.4
2025-06-12 20:36:00,22.8
2025-06-12 04:50:00,46.9
2025-06-12 18:43:00,1.8
2025-06-12 19:36:00,19.7
2025-06-12 16:38:00,41.2
2025-06-12 13:17:00,26.4
2025-06-12 00:54:00,73.1
2025-06-12 15:38:00,80.8
2025-06-12 18:56:00,86.4
2025-06-12 16:09:00,91.8
2025-06-12 11:46:00,49.82264106490752
2025-06-12 22:41:00,49.82264106490752
2025-06-12 06:07:00,53.9
2025-06-12 08:08:00,11.1
2025-06-12 14:41:00,14.6
2025-06-12 05:28:00,90.1
2025-06-12 11:28:00,57.7
2025-06-12 10:02:00,57.8
2025-06-12 17:29:00,63.6
2025-06-12 11:58:00,30.8
2025-06-12 06:15:00,21.5
2025-06-12 11:23:00,2.9
2025-06-12 01:36:00,86.9
2025-06-12 00:35:00,18.1
2025-06-12 00:52:00,63.3
2025-06-12 19:21:00,73.4
2025-06-12 12:34:00,95.7
2025-06-12 15:33:00,38.5
2025-06-12 21:00:00,66.0
2025-06-12 11:03:00,78.9
2025-06-12 17:56:00,92.3
2025-06-12 03:18:00,18.2
2025-06-12 15:16:00,9.6
2025-06-12 04:07:00,60.9
2025-06-12 13:07:00,33.4
2025-06-12 14:25:00,94.4
2025-06-12 02:01:00,0.6
2025-06-12 12:20:00,49.73505924170616
2025-06-12 23:05:00,91.6
2025-06-12 05:28:00,98.5
2025-06-12 05:58:00,34.4
2025-06-12 18:34:00,52.0
2025-06-12 16:39:00,76.3
2025-06-12 03:39:00,62.8
2025-06-12 13:23:00,36.3
2025-06-12 19:01:00,30.9
2025-06-12 22:44:00,68.7
2025-06-12 11:04:00,16.4
2025-06-12 09:24:00,19.4
2025-06-12 14:12:00,49.73505924170616
2025-06-12 01:04:00,48.3
2025-06-12 14:31:00,50.9
2025-06-12 20:49:00,49.73505924170616
2025-06-12 06:52:00,20.6
2025-06-12 04:08:00,60.7
2025-06-12 14:34:00,45.9
2025-06-12 00:10:00,24.3
2025-06-12 06:42:00,49.73505924170616
2025-06-12 00:25:00,15.3
2025-06-12 19:44:00,76.8
2025-06-12 17:55:00,26.9
2025-06-12 22:39:00,96.9
2025-06-12 10:45:00,64.5
2025-06-12 22:10:00,2.6
2025-06-12 21:46:00,72.7
2025-06-12 11:36:00,1.8
2025-06-12 10:14:00,6.1
2025-06-12 20:42:00,49.73505924170616
2025-06-12 21:54:00,82.6
2025-06-12 17:26:00,92.9
2025-06-12 15:07:00,78.4
2025-06-12 10:11:00,81.4
2025-06-12 06:47:00,71.5
2025-06-12 16:37:00,92.4
2025-06-12 07:54:00,15.3
2025-06-12 06:12:00,49.6
2025-06-12 07:36:00,49.73505924170616
2025-06-12 16:56:00,57.3
2025-06-12 01:39:00,68.1
2025-06-12 20:09:00,62.6
2025-06-12 21:23:00,52.0
2025-06-12 19:14:00,91.2
2025-06-12 15:54:00,70.5
2025-06-12 08:14:00,49.73505924170616
2025-06-12 11:48:00,22.4
2025-06-12 19:45:00,7.8
2025-06-12 15:11:00,3.2
2025-06-12 09:50:00,49.73505924170616
2025-06-12 04:14:00,31.3
2025-06-12 00:35:00,30.5
2025-06-12 19:58:00,85.5
2025-06-12 02:22:00,17.7
2025-06-12 22:20:00,7.3
2025-06-12 12:49:00,52.0
2025-06-12 05:25:00,29.4
2025-06-12 07:48:00,83.5
2025-06-12 12:18:00,49.73505924170616
2025-06-12 15:25:00,83.0
2025-06-12 19:06:00,59.5
2025-06-12 22:39:00,84.9
2025-06-12 07:13:00,49.73505924170616
2025-06-12 01:28:00,86.0
2025-06-12 16:55:00,86.0
2025-06-12 05:56:00,70.1
2025-06-12 18:12:00,36.2
2025-06-12 09:35:00,51.0
2025-06-12 00:14:00,34.2
2025-06-12 13:01:00,13.4
2025-06-12 07:17:00,71.3
2025-06-12 13:20:00,36.1
2025-06-12 19:04:00,58.1
2025-06-12 10:53:00,9.2
2025-06-12 04:00:00,87.3
2025-06-12 19:53:00,48.7
2025-06-12 14:26:00,58.8
2025-06-12 02:14:00,97.1
2025-06-12 07:39:00,74.2
2025-06-12 00:03:00,15.8
2025-06-12 12:05:00,17.2
2025-06-12 09:22:00,49.73505924170616
2025-06-12 06:49:00,28.2
2025-06-12 02:49:00,70.2
2025-06-12 22:44:00,12.4
2025-06-12 16:42:00,75.8
2025-06-12 21:25:00,34.8
2025-06-12 07:44:00,28.7
2025-06-12 05:39:00,74.3
2025-06-12 17:22:00,91.9
2025-06-12 10:26:00,2.7
2025-06-12 08:49:00,57.0
2025-06-12 00:58:00,2.1
2025-06-12 10:07:00,45.1
2025-06-12 19:18:00,36.2
2025-06-12 07:08:00,29.4
2025-06-12 08:52:00,0.9
2025-06-12 12:48:00,4.3
2025-06-12 09:39:00,35.5
2025-06-12 14:36:00,26.0
2025-06-12 02:37:00,79.9
2025-06-12 22:49:00,59.1
2025-06-12 01:04:00,38.4
2025-06-12 15:15:00,26.5
2025-06-12 02:17:00,15.8
2025-06-12 04:22:00,11.2
2025-06-12 21:36:00,67.9
2025-06-12 03:21:00,32.6
2025-06-12 13:32:00,61.4
2025-06-12 21:36:00,82.4
2025-06-12 18:57:00,17.7
2025-06-12 01:57:00,34.7
2025-06-12 08:00:00,35.6
2025-06-12 16:01:00,49.73505924170616
2025-06-12 22:19:00,16.0
2025-06-12 20:09:00,49.73505924170616
2025-06-12 08:08:00,1.0
2025-06-12 05:37:00,20.3
2025-06-12 18:05:00,33.7
2025-06-12 04:45:00,36.9
2025-06-12 12:54:00,21.2
2025-06-12 05:37:00,5.9
2025-06-12 04:38:00,28.8
2025-06-12 16:55:00,24.8
2025-06-12 15:59:00,50.1
2025-06-12 05:40:00,48.4
2025-06-12 05:34:00,61.7
2025-06-12 06:17:00,20.8
2025-06-12 15:56:00,42.6
2025-06-12 05:33:00,31.6
2025-06-12 03:04:00,44.1
2025-06-12 08:07:00,51.2
2025-06-12 15:29:00,10.2
2025-06-12 18:04:00,6.4
2025-06-12 20:50:00,49.73505924170616
2025-06-12 01:14:00,49.73505924170616
2025-06-12 15:14:00,12.3
2025-06-12 05:46:00,49.73505924170616
2025-06-12 03:13:00,81.1
2025-06-12 05:34:00,49.73505924170616
2025-06-12 08:11:00,91.2
2025-06-12 13:26:00,49.73505924170616
2025-06-12 05:45:00,51.8
2025-06-12 02:34:00,82.4
2025-06-12 13:14:00,14.5
2025-06-12 12:34:00,77.0
2025-06-12 05:16:00,25.3
2025-06-12 13:36:00,44.5
2025-06-12 08:11:00,30.5
2025-06-12 18:20:00,62.8
2025-06-12 12:26:00,16.8
2025-06-12 06:22:00,3.3
2025-06-12 12:31:00,49.4
2025-06-12 08:55:00,91.4
2025-06-12 10:54:00,92.8
2025-06-12 17:54:00,49.73505924170616
2025-06-12 21:08:00,90.4
2025-06-12 23:10:00,52.8
2025-06-12 14:00:00,67.2
2025-06-12 09:59:00,86.1
2025-06-12 12:51:00,44.4
2025-06-12 17:48:00,42.9
2025-06-12 21:20:00,0.3
2025-06-12 06:47:00,38.1
2025-06-12 11:38:00,25.2
2025-06-12 10:38:00,25.9
2025-06-12 20:02:00,36.3
2025-06-12 11:48:00,49.73505924170616
2025-06-12 11:33:00,43.4
2025-06-12 00:33:00,2.8
2025-06-12 19:19:00,23.1
2025-06-12 17:17:00,40.2
2025-06-12 23:30:00,18.5
2025-06-12 06:21:00,88.1
2025-06-12 17:47:00,49.73505924170616
2025-06-12 05:19:00,93.8
2025-06-12 12:15:00,72.8
2025-06-12 09:03:00,46.6
2025-06-12 21:00:00,49.73505924170616
2025-06-12 22:34:00,42.9
2025-06-12 17:33:00,10.3
2025-06-12 16:33:00,49.73505924170616
2025-06-12 11:24:00,32.9
2025-06-12 21:24:00,10.8
2025-06-12 14:58:00,85.1
2025-06-12 12:00:00,12.1
2025-06-12 13:48:00,62.7
2025-06-12 18:02:00,30.3
2025-06-12 01:01:00,47.2
2025-06-12 16:04:00,0.2
2025-06-12 06:32:00,70.6
2025-06-12 15:58:00,31.2
2025-06-12 20:48:00,9.5
2025-06-12 00:28:00,47.0
2025-06-12 07:23:00,49.73505924170616
2025-06-12 11:44:00,5.2
2025-06-12 07:45:00,54.4
2025-06-12 03:40:00,25.2
2025-06-12 15:40:00,53.6
2025-06-12 20:17:00,44.2
2025-06-12 22:46:00,42.5
2025-06-12 07:34:00,82.5
2025-06-12 11:05:00,49.73505924170616
2025-06-12 07:44:00,4.9
2025-06-12 01:08:00,49.73505924170616
2025-06-12 06:50:00,49.0
2025-06-12 16:14:00,49.73505924170616
2025-06-12 21:14:00,22.3
2025-06-12 14:22:00,84.3
2025-06-12 12:19:00,5.6
2025-06-12 21:40:00,74.6
2025-06-12 23:37:00,35.8
2025-06-12 06:52:00,97.0
2025-06-12 13:53:00,1.3
2025-06-12 06:44:00,48.1
2025-06-12 04:25:00,49.73505924170616
2025-06-12 04:57:00,54.3
2025-06-12 08:55:00,15.9
2025-06-12 17:10:00,49.73505924170616
2025-06-12 18:28:00,0.9
2025-06-12 10:30:00,16.4
2025-06-12 02:12:00,38.5
2025-06-12 19:49:00,41.2
2025-06-12 23:54:00,49.73505924170616
2025-06-12 14:33:00,45.6
2025-06-12 11:03:00,92.1
2025-06-12 21:34:00,16.0
2025-06-12 05:05:00,4.3
2025-06-12 17:02:00,27.9
2025-06-12 11:55:00,92.1
2025-06-12 13:22:00,97.9
2025-06-12 14:39:00,55.9
2025-06-12 00:26:00,83.0
2025-06-12 02:08:00,53.8
2025-06-12 14:00:00,88.0
2025-06-12 17:02:00,74.8
2025-06-12 12:44:00,99.7
2025-06-12 10:17:00,82.4
2025-06-12 04:25:00,24.5
2025-06-12 10:07:00,44.6
2025-06-12 09:41:00,5.0
2025-06-12 22:54:00,49.73505924170616
2025-06-12 04:32:00,88.8
2025-06-12 17:05:00,88.6
2025-06-12 01:32:00,6.9
2025-06-12 00:27:00,41.8
2025-06-12 03:36:00,74.6
2025-06-12 02:59:00,20.0
2025-06-12 22:00:00,17.5
2025-06-12 22:26:00,90.2
2025-06-12 12:26:00,90.0
2025-06-12 08:01:00,49.73505924170616
2025-06-12 06:57:00,93.2
2025-06-12 20:36:00,35.7
2025-06-12 11:25:00,49.73505924170616
2025-06-12 17:52:00,49.73505924170616
2025-06-12 21:49:00,77.9
2025-06-12 19:06:00,4.7
2025-06-12 00:18:00,87.5
2025-06-12 19:14:00,67.5
2025-06-12 00:53:00,83.0
2025-06-12 16:59:00,91.8
2025-06-12 14:18:00,3.4
2025-06-12 14:08:00,36.7
2025-06-12 12:16:00,38.0
2025-06-12 08:00:00,82.9
2025-06-12 05:16:00,30.8
2025-06-12 23:46:00,29.9
2025-06-12 10:54:00,29.3
2025-06-12 21:27:00,67.5
2025-06-12 00:40:00,41.9
2025-06-12 09:36:00,49.73505924170616
2025-06-12 20:58:00,49.73505924170616
2025-06-12 13:35:00,31.9
2025-06-12 16:51:00,69.3
2025-06-12 10:55:00,48.7
2025-06-12 21:31:00,22.4
2025-06-12 02:50:00,80.6
2025-06-12 08:40:00,67.5
2025-06-12 13:25:00,85.6
2025-06-12 08:05:00,70.6
2025-06-12 05:42:00,92.8
2025-06-12 19:19:00,66.6
2025-06-12 14:42:00,18.4
2025-06-12 23:15:00,28.3
2025-06-12 00:37:00,54.1
2025-06-12 16:16:00,2.3
2025-06-12 01:09:00,60.1
2025-06-12 00:41:00,50.04950773558369
2025-06-12 00:03:00,43.2
2025-06-12 19:56:00,31.0
2025-06-12 11:14:00,25.4
2025-06-12 02:51:00,92.8
2025-06-12 09:02:00,30.9
2025-06-12 10:58:00,84.2
2025-06-12 17:23:00,81.0
2025-06-12 19:03:00,13.2
2025-06-12 22:36:00,39.7
2025-06-12 08:21:00,40.0
2025-06-12 07:19:00,36.9
2025-06-12 06:46:00,49.6
2025-06-12 13:59:00,93.4
2025-06-12 22:36:00,78.5
2025-06-12 11:01:00,18.1
2025-06-12 05:10:00,33.7
2025-06-12 12:22:00,21.5
2025-06-12 23:42:00,26.2
2025-06-12 06:00:00,27.5
2025-06-12 19:32:00,50.04950773558369
2025-06-12 04:46:00,51.2
2025-06-12 13:59:00,50.04950773558369
2025-06-12 03:11:00,58.4
2025-06-12 08:40:00,78.6
2025-06-12 16:25:00,50.04950773558369
2025-06-12 13:29:00,94.6
2025-06-12 13:47:00,50.04950773558369
2025-06-12 14:52:00,25.7
2025-06-12 16:33:00,73.7
2025-06-12 06:21:00,21.1
2025-06-12 14:05:00,50.04950773558369
2025-06-12 21:46:00,60.6
2025-06-12 06:56:00,96.1
2025-06-12 14:09:00,38.2
2025-06-12 18:16:00,50.04950773558369
2025-06-12 01:55:00,35.9
2025-06-12 15:54:00,39.2
2025-06-12 18:41:00,80.2
2025-06-12 02:19:00,87.9
2025-06-12 11:37:00,86.4
2025-06-12 18:06:00,89.4
2025-06-12 20:17:00,90.3
2025-06-12 01:29:00,26.1
2025-06-12 12:43:00,93.3
2025-06-12 01:36:00,37.8
2025-06-12 09:22:00,76.2
2025-06-12 13:05:00,30.6
2025-06-12 08:18:00,77.8
2025-06-12 01:00:00,27.9
2025-06-12 20:47:00,52.7
2025-06-12 22:40:00,6.2
2025-06-12 02:27:00,1.6
2025-06-12 18:04:00,58.7
2025-06-12 13:02:00,92.4
2025-06-12 17:54:00,44.1
2025-06-12 19:30:00,50.04950773558369
2025-06-12 01:03:00,71.1
2025-06-12 05:34:00,71.0
2025-06-12 17:46:00,13.0
2025-06-12 08:00:00,9.5
2025-06-12 09:38:00,86.4
2025-06-12 18:53:00,53.5
2025-06-12 20:05:00,30.2
2025-06-12 07:14:00,36.8
2025-06-12 14:00:00,99.1
2025-06-12 20:55:00,84.4
2025-06-12 04:52:00,36.7
2025-06-12 02:50:00,61.7
2025-06-12 09:02:00,28.6
2025-06-12 05:34:00,21.1
2025-06-12 15:41:00,50.04950773558369
2025-06-12 14:07:00,50.04950773558369
2025-06-12 15:16:00,46.1
2025-06-12 01:03:00,79.7
2025-06-12 01:41:00,50.04950773558369
2025-06-12 06:44:00,21.9
2025-06-12 17:05:00,7.0
2025-06-12 05:41:00,4.1
2025-06-12 17:47:00,75.8
2025-06-12 22:27:00,88.6
2025-06-12 02:06:00,47.9
2025-06-12 01:51:00,88.8
2025-06-12 23:54:00,51.6
2025-06-12 23:03:00,98.8
2025-06-12 03:41:00,10.1
2025-06-12 20:34:00,97.7
2025-06-12 20:40:00,73.5
2025-06-12 06:04:00,78.5
2025-06-12 02:58:00,50.04950773558369
2025-06-12 01:27:00,63.8
2025-06-12 14:38:00,72.5
2025-06-12 15:32:00,53.3
2025-06-12 00:42:00,60.5
2025-06-12 08:56:00,28.5
2025-06-12 09:26:00,94.7
2025-06-12 16:28:00,52.9
2025-06-12 12:52:00,50.04950773558369
2025-06-12 10:53:00,50.04950773558369
2025-06-12 07:32:00,6.1
2025-06-12 17:55:00,19.2
2025-06-12 09:12:00,59.0
2025-06-12 02:01:00,16.7
2025-06-12 01:16:00,50.04950773558369
2025-06-12 23:16:00,30.3
2025-06-12 17:22:00,42.8
2025-06-12 04:45:00,68.1
2025-06-12 23:17:00,51.2
2025-06-12 20:52:00,50.04950773558369
2025-06-12 07:48:00,81.7
2025-06-12 19:51:00,50.04950773558369
2025-06-12 16:34:00,88.5
2025-06-12 02:35:00,97.0
2025-06-12 03:32:00,37.9
2025-06-12 02:28:00,50.04950773558369
2025-06-12 06:48:00,97.3
2025-06-12 19:26:00,69.9
2025-06-12 14:38:00,68.9
2025-06-12 11:26:00,53.0
2025-06-12 12:31:00,19.1
2025-06-12 09:30:00,80.0
2025-06-12 15:32:00,27.3
2025-06-12 20:58:00,21.8
2025-06-12 19:46:00,41.6
2025-06-12 07:44:00,77.1
2025-06-12 12:07:00,50.04950773558369
2025-06-12 16:31:00,53.8
2025-06-12 13:28:00,32.0
2025-06-12 04:39:00,22.5
2025-06-12 16:42:00,12.0
2025-06-12 15:28:00,50.04950773558369
2025-06-12 06:19:00,73.2
2025-06-12 20:05:00,50.04950773558369
2025-06-12 14:40:00,25.7
2025-06-12 08:53:00,50.04950773558369
2025-06-12 03:41:00,23.7
2025-06-12 10:47:00,72.0
2025-06-12 06:34:00,5.1
2025-06-12 18:35:00,80.4
2025-06-12 03:28:00,50.04950773558369
2025-06-12 16:26:00,95.2
2025-06-12 10:43:00,50.04950773558369
2025-06-12 02:31:00,15.1
2025-06-12 23:39:00,98.1
2025-06-12 03:45:00,55.1
2025-06-12 23:51:00,23.6
2025-06-12 09:36:00,28.8
2025-06-12 05:55:00,50.04950773558369
2025-06-12 14:07:00,69.1
2025-06-12 06:18:00,35.5
2025-06-12 11:15:00,1.8
2025-06-12 02:05:00,68.9
2025-06-12 17:53:00,6.6
2025-06-12 03:32:00,12.4
2025-06-12 22:51:00,16.4
2025-06-12 22:51:00,76.0
2025-06-12 00:07:00,42.8
2025-06-12 05:05:00,53.7
2025-06-12 06:58:00,2.0
2025-06-12 15:11:00,73.3
2025-06-12 14:40:00,41.5
2025-06-12 09:27:00,50.04950773558369
2025-06-12 18:09:00,64.2
2025-06-12 15:40:00,40.2
2025-06-12 16:26:00,50.04950773558369
2025-06-12 04:20:00,99.5
2025-06-12 05:00:00,4.0
2025-06-12 09:26:00,32.3
2025-06-12 02:28:00,95.2
2025-06-12 17:22:00,95.3
2025-06-12 10:22:00,97.0
2025-06-12 05:12:00,10.9
2025-06-12 12:08:00,29.4
2025-06-12 00:51:00,77.5
2025-06-12 07:27:00,50.04950773558369
2025-06-12 12:19:00,84.8
2025-06-12 03:42:00,50.04950773558369
2025-06-12 23:41:00,84.6
2025-06-12 04:30:00,63.0
2025-06-12 09:45:00,48.7
2025-06-12 23:13:00,78.4
2025-06-12 08:23:00,71.5
2025-06-12 16:09:00,50.04950773558369
2025-06-12 13:23:00,50.04950773558369
2025-06-12 15:13:00,81.2
2025-06-12 04:00:00,57.9
2025-06-12 14:09:00,45.4
2025-06-12 01:37:00,22.4
2025-06-12 11:45:00,91.5
2025-06-12 19:01:00,2.3
2025-06-12 23:36:00,50.04950773558369
2025-06-12 09:52:00,13.3
2025-06-12 13:00:00,77.4
2025-06-12 01:46:00,50.04950773558369
2025-06-12 18:25:00,12.2
2025-06-12 14:11:00,52.4
2025-06-12 15:41:00,84.8
2025-06-12 19:56:00,22.8
2025-06-12 02:09:00,64.9
2025-06-12 23:49:00,50.04950773558369
2025-06-12 06:47:00,70.8
2025-06-12 20:23:00,50.04950773558369
2025-06-12 19:04:00,69.2
2025-06-12 11:33:00,57.6
2025-06-12 08:47:00,0.4
2025-06-12 14:50:00,5.8
2025-06-12 18:02:00,95.0
2025-06-12 13:42:00,81.0
2025-06-12 19:54:00,43.5
2025-06-12 22:14:00,68.0
2025-06-12 18:06:00,46.6
2025-06-12 06:23:00,26.4
2025-06-12 13:46:00,67.6
2025-06-12 10:11:00,31.1
2025-06-12 06:37:00,50.04950773558369
2025-06-12 10:41:00,48.9
2025-06-12 15:20:00,50.04950773558369
2025-06-12 18:02:00,84.7
2025-06-12 05:29:00,50.04950773558369
2025-06-12 19:33:00,50.04950773558369
2025-06-12 22:23:00,12.3
2025-06-12 16:41:00,7.4
2025-06-12 19:30:00,50.04950773558369
2025-06-12 06:35:00,53.7
2025-06-12 20:19:00,50.04950773558369
2025-06-12 10:28:00,50.04950773558369
2025-06-12 04:41:00,78.1
2025-06-12 17:31:00,72.7
2025-06-12 20:10:00,61.3
2025-06-12 17:59:00,9.0
2025-06-12 05:36:00,90.0
2025-06-12 23:36:00,50.04950773558369
2025-06-12 15:05:00,95.2
2025-06-12 17:01:00,38.9
2025-06-12 14:37:00,61.6
2025-06-12 09:42:00,16.8
2025-06-12 19:20:00,50.04950773558369
2025-06-12 08:24:00,40.7
2025-06-12 02:19:00,44.9
2025-06-12 23:04:00,64.1
2025-06-12 15:45:00,95.3
2025-06-12 16:24:00,93.9
2025-06-12 20:43:00,60.6
2025-06-12 09:15:00,95.9
2025-06-12 03:58:00,40.2
2025-06-12 20:58:00,48.4
2025-06-12 06:32:00,48.9
2025-06-12 04:50:00,50.04950773558369
2025-06-12 05:16:00,71.6
2025-06-12 18:30:00,79.7
2025-06-12 03:15:00,7.9
2025-06-12 11:24:00,91.5
2025-06-12 19:42:00,50.04950773558369
2025-06-12 08:47:00,10.2
2025-06-12 18:08:00,60.0
2025-06-12 14:36:00,10.2
2025-06-12 21:01:00,36.7
2025-06-12 01:17:00,50.04950773558369
2025-06-12 08:00:00,34.1
2025-06-12 17:15:00,21.5
2025-06-12 15:49:00,87.1
2025-06-12 17:41:00,2.7
2025-06-12 21:38:00,50.04950773558369
2025-06-12 00:19:00,56.5
2025-06-12 07:09:00,89.5
2025-06-12 10:45:00,24.7
2025-06-12 02:59:00,7.6
2025-06-12 06:48:00,60.3
2025-06-12 01:36:00,35.5
2025-06-12 07:56:00,79.0
2025-06-12 07:34:00,50.04950773558369
2025-06-12 01:48:00,24.7
2025-06-12 10:25:00,51.3
2025-06-12 08:29:00,74.8
2025-06-12 13:35:00,53.2
2025-06-12 01:20:00,50.04950773558369
2025-06-12 16:40:00,82.3
2025-06-12 02:47:00,76.1
2025-06-12 21:43:00,45.2
2025-06-12 05:05:00,93.2
2025-06-12 07:08:00,12.8
2025-06-12 08:12:00,1.0
2025-06-12 07:01:00,13.0
2025-06-12 08:26:00,91.4
2025-06-12 21:01:00,99.4
2025-06-12 08:07:00,50.04950773558369
2025-06-12 12:11:00,87.6
2025-06-12 20:16:00,50.04950773558369
2025-06-12 14:16:00,74.2
2025-06-12 15:38:00,74.1
2025-06-12 12:03:00,94.2
2025-06-12 18:36:00,56.1
2025-06-12 08:29:00,46.1
2025-06-12 19:57:00,65.8
2025-06-12 05:50:00,19.6
2025-06-12 00:13:00,61.0
2025-06-12 07:35:00,25.1
2025-06-12 10:43:00,51.0
2025-06-12 04:36:00,6.4
2025-06-12 03:37:00,70.9
2025-06-12 05:48:00,46.8
2025-06-12 08:48:00,9.3
2025-06-12 00:15:00,3.1
2025-06-12 11:47:00,98.2
2025-06-12 16:41:00,35.4
2025-06-12 23:56:00,33.6
2025-06-12 15:19:00,85.1
2025-06-12 08:57:00,50.04950773558369
2025-06-12 10:59:00,51.5
2025-06-12 09:39:00,11.1
2025-06-12 14:05:00,50.04950773558369
2025-06-12 22:39:00,75.1
2025-06-12 12:03:00,50.04950773558369
2025-06-12 12:49:00,50.04950773558369
2025-06-12 15:58:00,68.0
2025-06-12 22:56:00,97.5
2025-06-12 23:32:00,49.9
2025-06-12 12:32:00,19.5
2025-06-12 13:57:00,50.04950773558369
2025-06-12 18:26:00,26.1
2025-06-12 14:00:00,83.8
2025-06-12 13:31:00,61.1
2025-06-12 11:56:00,83.0
2025-06-12 16:27:00,50.04950773558369
2025-06-12 01:02:00,42.5
2025-06-12 09:08:00,50.04950773558369
2025-06-12 22:43:00,52.1
2025-06-12 23:43:00,64.1
2025-06-12 16:08:00,62.1
2025-06-12 15:21:00,85.5
2025-06-12 01:39:00,50.04950773558369
2025-06-12 05:02:00,37.1
2025-06-12 21:11:00,0.5
2025-06-12 04:36:00,31.0
2025-06-12 03:10:00,62.2
2025-06-12 01:12:00,49.64720650636492
2025-06-12 12:13:00,71.5
2025-06-12 09:28:00,85.2
2025-06-12 17:32:00,94.5
2025-06-12 22:11:00,6.0
2025-06-12 05:25:00,11.0
2025-06-12 02:18:00,21.5
2025-06-12 07:23:00,16.6
2025-06-12 02:06:00,67.0
2025-06-12 10:16:00,9.4
2025-06-12 12:01:00,57.6
2025-06-12 23:22:00,76.5
2025-06-12 00:46:00,49.64720650636492
2025-06-12 10:02:00,52.6
2025-06-12 13:15:00,26.0
2025-06-12 07:13:00,99.1
2025-06-12 14:37:00,76.3
2025-06-12 13:16:00,49.64720650636492
2025-06-12 02:25:00,8.3
2025-06-12 16:04:00,68.6
2025-06-12 14:44:00,63.0
2025-06-12 20:48:00,95.8
2025-06-12 08:57:00,43.8
2025-06-12 02:08:00,59.0
2025-06-12 08:03:00,25.6
2025-06-12 12:30:00,24.9
2025-06-12 17:36:00,49.64720650636492
2025-06-12 07:12:00,91.2
2025-06-12 03:24:00,12.9
2025-06-12 23:19:00,15.5
2025-06-12 18:51:00,38.2
2025-06-12 02:04:00,92.1
2025-06-12 19:09:00,0.4
2025-06-12 20:52:00,93.3
2025-06-12 05:57:00,43.7
2025-06-12 10:10:00,34.4
2025-06-12 22:59:00,49.64720650636492
2025-06-12 21:23:00,12.3
2025-06-12 04:23:00,7.0
2025-06-12 05:51:00,67.6
2025-06-12 22:43:00,14.4
2025-06-12 16:05:00,20.0
2025-06-12 16:11:00,49.64720650636492
2025-06-12 19:46:00,49.64720650636492
2025-06-12 05:26:00,41.6
2025-06-12 00:05:00,49.64720650636492
2025-06-12 15:32:00,49.64720650636492
2025-06-12 15:57:00,49.64720650636492
2025-06-12 06:45:00,82.6
2025-06-12 00:07:00,49.64720650636492
2025-06-12 21:34:00,12.5
2025-06-12 08:59:00,39.0
2025-06-12 05:27:00,32.4
2025-06-12 07:05:00,16.5
2025-06-12 14:54:00,35.9
2025-06-12 09:47:00,75.0
2025-06-12 10:06:00,84.7
2025-06-12 22:44:00,8.9
2025-06-12 07:16:00,39.2
2025-06-12 14:24:00,0.5
2025-06-12 16:53:00,93.4
2025-06-12 05:57:00,49.64720650636492
2025-06-12 09:28:00,50.5
2025-06-12 17:23:00,81.2
2025-06-12 20:29:00,49.64720650636492
2025-06-12 00:53:00,57.3
2025-06-12 19:16:00,29.5
2025-06-12 06:40:00,49.64720650636492
2025-06-12 11:59:00,45.6
2025-06-12 03:51:00,27.2
2025-06-12 12:30:00,13.3
2025-06-12 17:02:00,23.0
2025-06-12 17:13:00,10.2
2025-06-12 00:36:00,63.1
2025-06-12 01:07:00,45.4
2025-06-12 04:16:00,49.64720650636492
2025-06-12 18:55:00,63.6
2025-06-12 19:36:00,23.7
2025-06-12 00:25:00,50.7
2025-06-12 06:15:00,49.64720650636492
2025-06-12 04:04:00,86.2
2025-06-12 21:42:00,90.1
2025-06-12 03:49:00,49.64720650636492
2025-06-12 03:23:00,38.0
2025-06-12 13:28:00,32.1
2025-06-12 12:07:00,49.64720650636492
2025-06-12 22:33:00,40.2
2025-06-12 06:28:00,29.9
2025-06-12 13:35:00,72.1
2025-06-12 21:19:00,13.6
2025-06-12 21:44:00,72.8
2025-06-12 16:02:00,65.4
2025-06-12 23:49:00,38.3
2025-06-12 22:07:00,54.0
2025-06-12 05:57:00,97.0
2025-06-12 03:50:00,88.2
2025-06-12 16:15:00,41.8
2025-06-12 03:19:00,49.64720650636492
2025-06-12 19:34:00,23.0
2025-06-12 15:08:00,49.64720650636492
2025-06-12 09:03:00,87.4
2025-06-12 20:08:00,89.6
2025-06-12 06:13:00,6.2
2025-06-12 10:12:00,27.6
2025-06-12 13:42:00,49.64720650636492
2025-06-12 16:59:00,32.3
2025-06-12 08:37:00,69.6
2025-06-12 22:22:00,49.64720650636492
2025-06-12 07:55:00,65.2
2025-06-12 04:21:00,35.5
2025-06-12 21:59:00,86.7
2025-06-12 21:57:00,87.6
2025-06-12 23:04:00,49.64720650636492
2025-06-12 15:57:00,5.4
2025-06-12 06:20:00,84.8
2025-06-12 13:20:00,71.4
2025-06-12 17:40:00,21.6
2025-06-12 00:57:00,49.64720650636492
2025-06-12 15:38:00,45.8
2025-06-12 19:34:00,15.8
2025-06-12 04:43:00,52.6
2025-06-12 21:22:00,49.64720650636492
2025-06-12 22:17:00,88.0
2025-06-12 06:42:00,63.6
2025-06-12 19:19:00,31.2
2025-06-12 01:57:00,33.6
2025-06-12 14:21:00,27.7
2025-06-12 00:53:00,97.2
2025-06-12 13:33:00,49.64720650636492
2025-06-12 12:53:00,56.4
2025-06-12 17:52:00,49.9
2025-06-12 02:38:00,95.5
2025-06-12 13:37:00,83.5
2025-06-12 07:23:00,13.0
2025-06-12 22:20:00,77.3
2025-06-12 02:35:00,39.4
2025-06-12 14:31:00,51.4
2025-06-12 01:20:00,27.3
2025-06-12 10:51:00,51.6
2025-06-12 12:59:00,29.7
2025-06-12 09:30:00,14.5
2025-06-12 06:17:00,12.7
2025-06-12 08:59:00,27.2
2025-06-12 03:27:00,49.64720650636492
2025-06-12 07:09:00,27.8
2025-06-12 10:02:00,25.6
2025-06-12 18:26:00,49.64720650636492
2025-06-12 18:09:00,68.2
2025-06-12 02:51:00,71.7
2025-06-12 05:10:00,19.9
2025-06-12 23:13:00,57.0
2025-06-12 18:41:00,6.9
2025-06-12 10:04:00,35.7
2025-06-12 13:48:00,72.9
2025-06-12 01:58:00,97.7
2025-06-12 14:56:00,83.5
2025-06-12 06:30:00,49.64720650636492
2025-06-12 20:40:00,80.0
2025-06-12 11:25:00,33.5
2025-06-12 21:47:00,36.6
2025-06-12 00:47:00,49.64720650636492
2025-06-12 16:05:00,11.7
2025-06-12 01:46:00,91.6
2025-06-12 14:42:00,78.5
2025-06-12 01:16:00,11.9
2025-06-12 15:14:00,64.7
2025-06-12 07:59:00,49.64720650636492
2025-06-12 20:50:00,2.8
2025-06-12 19:18:00,30.6
2025-06-12 13:26:00,38.6
2025-06-12 12:00:00,46.7
2025-06-12 08:10:00,1.2
2025-06-12 08:08:00,49.64720650636492
2025-06-12 00:18:00,47.4
2025-06-12 10:00:00,32.2
2025-06-12 21:41:00,91.8
2025-06-12 18:47:00,71.8
2025-06-12 12:39:00,49.64720650636492
2025-06-12 21:27:00,87.9
2025-06-12 03:59:00,36.4
2025-06-12 22:52:00,64.4
2025-06-12 12:20:00,82.2
2025-06-12 09:58:00,97.9
2025-06-12 10:49:00,94.8
2025-06-12 02:38:00,49.64720650636492
2025-06-12 18:23:00,45.2
2025-06-12 16:55:00,24.9
2025-06-12 07:47:00,49.64720650636492
2025-06-12 02:17:00,49.64720650636492
2025-06-12 15:12:00,38.0
2025-06-12 06:51:00,89.2
2025-06-12 00:19:00,36.5
2025-06-12 14:07:00,2.6
2025-06-12 04:36:00,49.64720650636492
2025-06-12 08:17:00,69.9
2025-06-12 18:51:00,38.8
2025-06-12 15:32:00,40.1
2025-06-12 12:37:00,49.7
2025-06-12 14:31:00,48.1
2025-06-12 05:25:00,49.64720650636492
2025-06-12 22:53:00,87.0
2025-06-12 13:09:00,91.9
2025-06-12 10:05:00,69.9
2025-06-12 18:00:00,49.64720650636492
2025-06-12 03:31:00,69.4
2025-06-12 08:13:00,52.8
2025-06-12 09:03:00,37.7
2025-06-12 17:01:00,59.0
2025-06-12 10:57:00,13.9
2025-06-12 12:45:00,48.8
2025-06-12 13:52:00,7.3
2025-06-12 04:26:00,3.5
2025-06-12 15:02:00,44.1
2025-06-12 03:54:00,49.64720650636492
2025-06-12 20:12:00,49.64720650636492
2025-06-12 07:36:00,62.9
2025-06-12 22:20:00,49.64720650636492
2025-06-12 06:21:00,90.1
2025-06-12 05:16:00,60.1
2025-06-12 20:53:00,51.3
2025-06-12 02:26:00,5.4
2025-06-12 00:50:00,49.64720650636492
2025-06-12 17:14:00,18.3
2025-06-12 10:52:00,6.8
2025-06-12 11:11:00,17.1
2025-06-12 14:03:00,65.9
2025-06-12 16:10:00,49.64720650636492
2025-06-12 12:40:00,0.0
2025-06-12 04:43:00,65.2
2025-06-12 06:07:00,14.5
2025-06-12 06:05:00,49.64720650636492
2025-06-12 20:41:00,34.3
2025-06-12 00:03:00,11.0
2025-06-12 22:19:00,66.4
2025-06-12 17:18:00,49.64720650636492
2025-06-12 06:44:00,86.6
2025-06-12 11:09:00,46.4
2025-06-12 10:07:00,93.2
2025-06-12 14:41:00,39.0
2025-06-12 06:20:00,82.1
2025-06-12 07:42:00,84.3
2025-06-12 02:30:00,36.0
2025-06-12 13:15:00,86.1
2025-06-12 15:03:00,12.1
2025-06-12 15:45:00,96.4
2025-06-12 19:58:00,94.3
2025-06-12 09:10:00,6.2
2025-06-12 00:30:00,49.64720650636492
2025-06-12 15:16:00,35.5
2025-06-12 09:18:00,43.1
2025-06-12 02:56:00,52.2
2025-06-12 21:30:00,97.7
2025-06-12 01:05:00,33.5
2025-06-12 18:33:00,26.9
2025-06-12 00:20:00,14.9
2025-06-12 02:54:00,49.6
2025-06-12 14:17:00,94.3
2025-06-12 08:08:00,39.8
2025-06-12 20:10:00,49.64720650636492
2025-06-12 09:44:00,72.0
2025-06-12 04:10:00,60.6
2025-06-12 19:20:00,81.6
2025-06-12 07:41:00,47.5
2025-06-12 11:32:00,84.7
2025-06-12 05:16:00,14.5
2025-06-12 05:43:00,41.3
2025-06-12 06:43:00,51.8
2025-06-12 01:19:00,24.2
2025-06-12 15:39:00,65.2
2025-06-12 01:19:00,35.5
2025-06-12 19:07:00,72.6
2025-06-12 13:16:00,33.5
2025-06-12 23:55:00,92.3
2025-06-12 05:52:00,28.2
2025-06-12 07:48:00,3.1
2025-06-12 04:59:00,21.2
2025-06-12 12:37:00,0.9
2025-06-12 15:37:00,80.2
2025-06-12 01:21:00,88.0
2025-06-12 20:46:00,55.5
2025-06-12 01:47:00,74.6
2025-06-12 02:36:00,24.0
2025-06-12 14:14:00,66.0
2025-06-12 11:00:00,3.8
2025-06-12 08:39:00,69.2
2025-06-12 13:59:00,26.7
2025-06-12 07:30:00,90.3
2025-06-12 10:10:00,23.6
2025-06-12 14:28:00,97.8
2025-06-12 05:07:00,45.5
2025-06-12 01:21:00,36.2
2025-06-12 15:59:00,61.8
2025-06-12 01:25:00,82.5
2025-06-12 15:44:00,49.64720650636492
2025-06-12 21:50:00,0.6
2025-06-12 09:20:00,11.5
2025-06-12 20:58:00,3.7
2025-06-12 09:54:00,45.2
2025-06-12 21:08:00,99.1
2025-06-12 14:10:00,82.8
2025-06-12 14:26:00,21.6
2025-06-12 18:42:00,35.4
2025-06-12 08:37:00,64.4
2025-06-12 14:45:00,4.8
2025-06-12 10:40:00,35.3
2025-06-12 08:45:00,44.6
2025-06-12 16:20:00,68.5
2025-06-12 18:14:00,37.7
2025-06-12 01:11:00,65.1
2025-06-12 04:11:00,91.7
2025-06-12 03:20:00,38.8
2025-06-12 14:33:00,9.6
2025-06-12 20:32:00,35.6
2025-06-12 21:22:00,76.4
2025-06-12 08:52:00,36.6
2025-06-12 02:13:00,54.5
2025-06-12 09:48:00,46.7
2025-06-12 01:54:00,33.1
2025-06-12 20:43:00,6.5
2025-06-12 14:23:00,2.3
2025-06-12 06:23:00,43.6
2025-06-12 02:58:00,47.2
2025-06-12 16:54:00,16.8
2025-06-12 02:14:00,1.6
2025-06-12 22:23:00,71.1
2025-06-12 14:55:00,76.5
2025-06-12 07:08:00,13.9
2025-06-12 21:13:00,56.1
2025-06-12 00:54:00,20.4
2025-06-12 07:44:00,49.44888862615275
2025-06-12 15:40:00,88.6
2025-06-12 06:52:00,55.1
2025-06-12 23:38:00,49.44888862615275
2025-06-12 21:43:00,49.44888862615275
2025-06-12 10:43:00,44.0
2025-06-12 04:10:00,48.4
2025-06-12 12:50:00,1.8
2025-06-12 22:47:00,49.8
2025-06-12 00:57:00,85.5
2025-06-12 04:43:00,7.9
2025-06-12 05:10:00,49.44888862615275
2025-06-12 19:48:00,62.4
2025-06-12 04:36:00,33.7
2025-06-12 21:45:00,90.2
2025-06-12 22:45:00,40.6
2025-06-12 11:39:00,29.2
2025-06-12 20:21:00,23.3
2025-06-12 03:43:00,43.1
2025-06-12 22:22:00,16.0
2025-06-12 19:14:00,41.2
2025-06-12 20:14:00,89.5
2025-06-12 23:50:00,77.4
2025-06-12 20:42:00,47.1
2025-06-12 01:57:00,47.2
2025-06-12 14:38:00,9.6
2025-06-12 18:07:00,71.7
2025-06-12 09:32:00,18.7
2025-06-12 05:01:00,93.2
2025-06-12 10:44:00,86.4
2025-06-12 13:59:00,81.9
2025-06-12 00:51:00,60.8
2025-06-12 12:45:00,49.44888862615275
2025-06-12 01:36:00,74.9
2025-06-12 19:52:00,81.2
2025-06-12 22:20:00,66.1
2025-06-12 07:02:00,35.8
2025-06-12 18:21:00,67.6
2025-06-12 01:21:00,21.4
2025-06-12 20:53:00,39.6
2025-06-12 21:15:00,68.8
2025-06-12 17:29:00,73.9
2025-06-12 16:30:00,38.6
2025-06-12 15:55:00,98.6
2025-06-12 14:10:00,27.8
2025-06-12 12:51:00,83.6
2025-06-12 22:37:00,49.44888862615275
2025-06-12 17:37:00,58.6
2025-06-12 14:52:00,24.8
2025-06-12 09:19:00,21.8
2025-06-12 18:47:00,49.44888862615275
2025-06-12 12:31:00,49.44888862615275
2025-06-12 01:01:00,19.8
2025-06-12 17:12:00,49.44888862615275
2025-06-12 10:54:00,7.6
2025-06-12 01:24:00,63.7
2025-06-12 17:06:00,49.1
2025-06-12 09:58:00,58.7
2025-06-12 19:59:00,76.9
2025-06-12 10:32:00,21.4
2025-06-12 09:03:00,39.1
2025-06-12 05:26:00,55.4
2025-06-12 19:02:00,49.44888862615275
2025-06-12 02:18:00,42.1
2025-06-12 11:48:00,1.2
2025-06-12 12:10:00,49.44888862615275
2025-06-12 03:05:00,46.7
2025-06-12 04:39:00,28.2
2025-06-12 17:27:00,80.6
2025-06-12 18:10:00,49.44888862615275
2025-06-12 07:17:00,87.6
2025-06-12 17:31:00,80.1
2025-06-12 23:35:00,97.6
2025-06-12 08:39:00,75.5
2025-06-12 16:35:00,66.6
2025-06-12 09:12:00,1.6
2025-06-12 06:46:00,49.44888862615275
2025-06-12 17:26:00,3.1
2025-06-12 06:19:00,49.44888862615275
2025-06-12 05:37:00,99.4
2025-06-12 02:42:00,74.6
2025-06-12 04:09:00,8.9
2025-06-12 06:10:00,41.0
2025-06-12 20:31:00,26.0
2025-06-12 03:27:00,2.0
2025-06-12 15:31:00,75.4
2025-06-12 01:42:00,62.9
2025-06-12 08:52:00,12.5
2025-06-12 08:04:00,49.44888862615275
2025-06-12 15:18:00,37.0
2025-06-12 17:10:00,79.3
2025-06-12 20:23:00,69.2
2025-06-12 18:10:00,41.1
2025-06-12 18:43:00,30.1
2025-06-12 18:44:00,76.6
2025-06-12 13:27:00,67.3
2025-06-12 06:40:00,61.5
2025-06-12 14:25:00,88.0
2025-06-12 14:36:00,26.9
2025-06-12 03:02:00,25.4
2025-06-12 20:47:00,35.8
2025-06-12 10:52:00,75.1
2025-06-12 00:21:00,57.0
2025-06-12 20:09:00,53.1
2025-06-12 12:06:00,92.9
2025-06-12 03:27:00,49.44888862615275
2025-06-12 10:10:00,6.0
2025-06-12 06:33:00,49.6
2025-06-12 17:30:00,64.0
2025-06-12 03:14:00,43.2
2025-06-12 09:48:00,35.2
2025-06-12 20:34:00,95.5
2025-06-12 17:40:00,49.44888862615275
2025-06-12 21:14:00,49.44888862615275
2025-06-12 04:01:00,20.6
2025-06-12 08:33:00,78.8
2025-06-12 13:06:00,54.8
2025-06-12 18:44:00,20.8
2025-06-12 20:45:00,40.7
2025-06-12 21:17:00,49.44888862615275
2025-06-12 21:37:00,35.8
2025-06-12 01:47:00,3.6
2025-06-12 16:06:00,57.4
2025-06-12 17:17:00,91.1
2025-06-12 08:29:00,14.7
2025-06-12 18:45:00,56.4
2025-06-12 23:25:00,96.2
2025-06-12 13:53:00,77.2
2025-06-12 20:03:00,71.0
2025-06-12 05:41:00,7.4
2025-06-12 13:25:00,61.6
2025-06-12 04:35:00,54.0
2025-06-12 19:18:00,57.0
2025-06-12 07:02:00,96.1
2025-06-12 17:02:00,17.2
2025-06-12 09:40:00,11.5
2025-06-12 18:55:00,17.8
2025-06-12 13:45:00,26.7
2025-06-12 09:33:00,38.9
2025-06-12 14:30:00,49.44888862615275
2025-06-12 20:21:00,86.5
2025-06-12 16:20:00,48.7
2025-06-12 17:43:00,87.0
2025-06-12 10:03:00,6.7
2025-06-12 10:04:00,58.6
2025-06-12 04:54:00,75.5
2025-06-12 14:14:00,57.8
2025-06-12 22:47:00,49.44888862615275
2025-06-12 11:13:00,81.8
2025-06-12 03:42:00,5.3
2025-06-12 17:18:00,37.1
2025-06-12 09:58:00,49.44888862615275
2025-06-12 14:38:00,36.6
2025-06-12 22:27:00,49.44888862615275
2025-06-12 02:47:00,38.1
2025-06-12 00:08:00,64.5
2025-06-12 11:45:00,49.44888862615275
2025-06-12 14:15:00,49.7
2025-06-12 03:56:00,32.9
2025-06-12 13:02:00,22.9
2025-06-12 07:47:00,36.0
2025-06-12 15:15:00,51.2
2025-06-12 02:43:00,42.5
2025-06-12 19:47:00,53.6
2025-06-12 21:37:00,49.44888862615275
2025-06-12 21:55:00,39.0
2025-06-12 00:47:00,56.3
2025-06-12 14:58:00,14.8
2025-06-12 00:51:00,49.44888862615275
2025-06-12 05:33:00,54.2
2025-06-12 14:58:00,81.6
2025-06-12 12:54:00,99.3
2025-06-12 05:00:00,2.6
2025-06-12 21:54:00,43.0
2025-06-12 16:23:00,6.4
2025-06-12 00:58:00,49.44888862615275
2025-06-12 07:04:00,71.3
2025-06-12 16:22:00,30.7
2025-06-12 10:45:00,97.8
2025-06-12 13:09:00,17.6
2025-06-12 17:19:00,56.8
2025-06-12 22:02:00,23.6
2025-06-12 05:48:00,62.3
2025-06-12 02:26:00,25.5
2025-06-12 18:01:00,75.8
2025-06-12 17:07:00,24.2
2025-06-12 15:16:00,78.4
2025-06-12 17:27:00,52.6
2025-06-12 12:54:00,49.44888862615275
2025-06-12 21:28:00,57.6
2025-06-12 14:57:00,25.0
2025-06-12 12:40:00,49.44888862615275
2025-06-12 12:42:00,87.3
2025-06-12 18:57:00,49.44888862615275
2025-06-12 10:05:00,49.44888862615275
2025-06-12 10:47:00,49.44888862615275
2025-06-12 19:40:00,4.9
2025-06-12 10:36:00,49.44888862615275
2025-06-12 14:33:00,81.1
2025-06-12 07:45:00,89.3
2025-06-12 04:48:00,61.0
2025-06-12 04:55:00,17.1
2025-06-12 06:08:00,32.2
2025-06-12 16:22:00,49.44888862615275
2025-06-12 16:46:00,28.4
2025-06-12 09:05:00,0.0
2025-06-12 15:52:00,13.3
2025-06-12 13:07:00,49.44888862615275
2025-06-12 07:18:00,66.9
2025-06-12 12:49:00,49.44888862615275
2025-06-12 13:53:00,87.3
2025-06-12 10:44:00,38.5
2025-06-12 10:24:00,40.3
2025-06-12 13:18:00,49.44888862615275
2025-06-12 20:26:00,77.9
2025-06-12 12:22:00,97.2
2025-06-12 22:03:00,56.5
2025-06-12 06:05:00,72.4
2025-06-12 18:30:00,28.6
2025-06-12 10:36:00,83.5
2025-06-12 21:55:00,49.44888862615275
2025-06-12 22:52:00,86.6
2025-06-12 20:18:00,48.9
2025-06-12 15:49:00,93.6
2025-06-12 23:55:00,14.8
2025-06-12 00:32:00,13.8
2025-06-12 20:15:00,59.4
2025-06-12 10:21:00,49.44888862615275
2025-06-12 18:10:00,44.8
2025-06-12 10:21:00,20.3
2025-06-12 07:27:00,49.44888862615275
2025-06-12 03:46:00,94.4
2025-06-12 15:13:00,40.8
2025-06-12 15:20:00,32.3
2025-06-12 18:56:00,27.8
2025-06-12 19:53:00,77.8
2025-06-12 07:09:00,93.8
2025-06-12 14:09:00,2.1
2025-06-12 12:24:00,21.3
2025-06-12 11:50:00,55.8
2025-06-12 22:12:00,7.2
2025-06-12 02:05:00,71.4
2025-06-12 13:27:00,69.0
2025-06-12 03:39:00,11.9
2025-06-12 21:20:00,85.8
2025-06-12 04:10:00,80.8
2025-06-12 05:25:00,69.2
2025-06-12 02:24:00,50.6
2025-06-12 06:51:00,77.1
2025-06-12 03:53:00,42.9
2025-06-12 08:31:00,25.0
2025-06-12 12:03:00,49.44888862615275
2025-06-12 20:04:00,34.4
2025-06-12 15:15:00,8.3
2025-06-12 06:42:00,91.2
2025-06-12 14:42:00,8.0
2025-06-12 10:25:00,1.9
2025-06-12 20:52:00,0.7
2025-06-12 12:24:00,45.3
2025-06-12 15:45:00,53.3
2025-06-12 20:36:00,58.7
2025-06-12 08:04:00,72.5
2025-06-12 22:21:00,52.2
2025-06-12 05:26:00,51.9
2025-06-12 04:57:00,49.44888862615275
2025-06-12 06:46:00,14.0
2025-06-12 23:06:00,24.6
2025-06-12 21:49:00,35.9
2025-06-12 14:49:00,69.7
2025-06-12 23:53:00,67.8
2025-06-12 06:49:00,57.3
2025-06-12 14:34:00,77.3
2025-06-12 09:49:00,49.44888862615275
2025-06-12 11:35:00,43.0
2025-06-12 09:00:00,49.44888862615275
2025-06-12 13:35:00,78.3
2025-06-12 13:12:00,55.7
2025-06-12 20:39:00,44.3
2025-06-12 19:48:00,88.4
2025-06-12 14:02:00,10.2
2025-06-12 12:45:00,29.5
2025-06-12 19:01:00,4.7
2025-06-12 18:37:00,80.9
2025-06-12 06:53:00,99.4
2025-06-12 23:37:00,37.2
2025-06-12 01:45:00,44.7
2025-06-12 13:56:00,14.7
2025-06-12 07:33:00,50.4
2025-06-12 23:55:00,84.4
2025-06-12 12:41:00,85.4
2025-06-12 13:20:00,5.5
2025-06-12 22:06:00,87.7
2025-06-12 11:42:00,49.44888862615275
2025-06-12 01:50:00,53.1
2025-06-12 17:57:00,49.44888862615275
2025-06-12 01:06:00,49.44888862615275
2025-06-12 07:38:00,38.4
2025-06-12 21:04:00,39.8
2025-06-12 10:36:00,34.1
2025-06-12 09:18:00,55.1
2025-06-12 22:21:00,5.8
2025-06-12 11:53:00,51.3
2025-06-12 14:29:00,26.0
2025-06-12 06:12:00,98.2
2025-06-12 20:38:00,14.1
2025-06-12 10:44:00,49.4
2025-06-12 03:28:00,49.44888862615275
2025-06-12 07:56:00,98.0
2025-06-12 00:11:00,86.1
2025-06-12 11:20:00,83.4
2025-06-12 17:33:00,49.44888862615275
2025-06-12 03:02:00,49.44888862615275
2025-06-12 12:06:00,49.44888862615275
2025-06-12 19:37:00,61.3
2025-06-12 03:17:00,26.8
2025-06-12 00:49:00,60.1
2025-06-12 14:00:00,3.2
2025-06-12 21:01:00,64.9
2025-06-12 14:37:00,77.3
2025-06-12 00:53:00,49.44888862615275
2025-06-12 19:55:00,22.9
2025-06-12 05:10:00,51.7
2025-06-12 12:10:00,49.44888862615275
2025-06-12 19:32:00,33.2
2025-06-12 12:10:00,9.0
2025-06-12 16:42:00,49.44888862615275
2025-06-12 12:50:00,74.9
2025-06-12 16:36:00,84.1
2025-06-12 22:55:00,95.4
2025-06-12 17:52:00,72.5
2025-06-12 10:06:00,70.6
2025-06-12 07:38:00,96.9
2025-06-12 03:25:00,58.7
2025-06-12 15:23:00,59.1
2025-06-12 22:26:00,34.5
2025-06-12 12:00:00,92.6
2025-06-12 15:26:00,91.5
2025-06-12 02:09:00,85.1
2025-06-12 01:06:00,57.1
2025-06-12 02:27:00,55.4
2025-06-12 22:45:00,76.1
2025-06-12 04:33:00,11.2
2025-06-12 14:42:00,87.7
2025-06-12 03:13:00,47.9
2025-06-12 08:49:00,8.0
2025-06-12 02:51:00,23.5
2025-06-12 05:17:00,84.4
2025-06-12 07:35:00,66.3
2025-06-12 11:04:00,92.9
2025-06-12 18:58:00,45.5
2025-06-12 09:51:00,98.6
2025-06-12 08:12:00,98.8
2025-06-12 14:42:00,19.2
2025-06-12 06:03:00,49.953150620754265
2025-06-12 00:04:00,16.0
2025-06-12 00:22:00,96.9
2025-06-12 21:40:00,49.953150620754265
2025-06-12 03:36:00,1.2
2025-06-12 11:39:00,64.0
2025-06-12 09:39:00,85.2
2025-06-12 05:41:00,62.4
2025-06-12 15:12:00,49.953150620754265
2025-06-12 22:51:00,31.8
2025-06-12 12:37:00,22.2
2025-06-12 02:06:00,47.4
2025-06-12 09:11:00,7.5
2025-06-12 19:24:00,35.7
2025-06-12 13:24:00,70.2
2025-06-12 19:36:00,77.4
2025-06-12 10:37:00,46.7
2025-06-12 05:54:00,49.953150620754265
2025-06-12 17:03:00,63.2
2025-06-12 22:14:00,39.9
2025-06-12 07:59:00,18.7
2025-06-12 10:24:00,23.6
2025-06-12 14:09:00,48.4
2025-06-12 03:38:00,63.8
2025-06-12 17:39:00,83.4
2025-06-12 01:19:00,49.953150620754265
2025-06-12 16:56:00,38.0
2025-06-12 18:23:00,24.6
2025-06-12 03:09:00,49.953150620754265
2025-06-12 07:32:00,57.5
2025-06-12 23:41:00,52.2
2025-06-12 14:03:00,32.5
2025-06-12 21:18:00,28.8
2025-06-12 12:13:00,74.6
2025-06-12 00:13:00,90.1
2025-06-12 03:38:00,49.953150620754265
2025-06-12 13:03:00,45.7
2025-06-12 03:09:00,49.953150620754265
2025-06-12 23:04:00,40.7
2025-06-12 23:14:00,71.4
2025-06-12 01:51:00,49.953150620754265
2025-06-12 07:06:00,49.953150620754265
2025-06-12 15:18:00,71.8
2025-06-12 20:00:00,94.7
2025-06-12 07:49:00,24.3
2025-06-12 05:50:00,1.9
2025-06-12 16:53:00,83.9
2025-06-12 20:50:00,36.0
2025-06-12 23:32:00,1.4
2025-06-12 06:47:00,87.2
2025-06-12 16:00:00,68.6
2025-06-12 00:33:00,73.7
2025-06-12 18:12:00,99.0
2025-06-12 01:17:00,98.2
2025-06-12 21:00:00,67.6
2025-06-12 08:32:00,30.6
2025-06-12 15:59:00,97.8
2025-06-12 20:25:00,26.8
2025-06-12 19:25:00,49.953150620754265
2025-06-12 18:32:00,1.5
2025-06-12 01:06:00,27.4
2025-06-12 16:37:00,99.5
2025-06-12 17:44:00,21.2
2025-06-12 22:30:00,61.1
2025-06-12 04:02:00,98.9
2025-06-12 23:41:00,49.953150620754265
2025-06-12 11:34:00,60.1
2025-06-12 12:58:00,53.0
2025-06-12 04:50:00,73.9
2025-06-12 18:40:00,74.7
2025-06-12 15:15:00,3.5
2025-06-12 05:19:00,18.5
2025-06-12 05:45:00,21.8
2025-06-12 18:10:00,77.3
2025-06-12 09:17:00,52.9
2025-06-12 15:37:00,6.8
2025-06-12 10:58:00,94.1
2025-06-12 23:31:00,76.8
2025-06-12 12:43:00,99.9
2025-06-12 13:56:00,13.9
2025-06-12 09:12:00,4.7
2025-06-12 12:32:00,93.0
2025-06-12 19:49:00,49.953150620754265
2025-06-12 22:41:00,14.5
2025-06-12 08:16:00,51.1
2025-06-12 00:41:00,82.8
2025-06-12 13:38:00,21.6
2025-06-12 08:19:00,91.5
2025-06-12 20:10:00,100.0
2025-06-12 05:03:00,16.1
2025-06-12 23:03:00,16.7
2025-06-12 03:48:00,68.9
2025-06-12 20:01:00,9.3
2025-06-12 19:06:00,82.0
2025-06-12 06:21:00,49.953150620754265
2025-06-12 17:43:00,91.8
2025-06-12 07:23:00,55.3
2025-06-12 12:07:00,94.0
2025-06-12 10:09:00,3.2
2025-06-12 10:08:00,49.953150620754265
2025-06-12 05:24:00,49.953150620754265
2025-06-12 03:24:00,58.6
2025-06-12 11:36:00,68.0
2025-06-12 06:23:00,78.5
2025-06-12 22:20:00,61.6
2025-06-12 07:19:00,49.953150620754265
2025-06-12 07:00:00,6.1
2025-06-12 16:44:00,15.9
2025-06-12 13:24:00,37.3
2025-06-12 07:58:00,24.1
2025-06-12 16:21:00,8.3
2025-06-12 10:38:00,49.953150620754265
2025-06-12 15:50:00,60.9
2025-06-12 13:45:00,20.0
2025-06-12 01:37:00,94.0
2025-06-12 00:36:00,71.1
2025-06-12 17:02:00,31.1
2025-06-12 02:00:00,92.8
2025-06-12 19:16:00,69.8
2025-06-12 01:21:00,12.8
2025-06-12 13:26:00,5.8
2025-06-12 22:13:00,7.1
2025-06-12 12:09:00,33.1
2025-06-12 09:34:00,49.953150620754265
2025-06-12 03:18:00,46.7
2025-06-12 19:40:00,62.2
2025-06-12 00:35:00,46.7
2025-06-12 06:30:00,85.4
2025-06-12 21:54:00,35.8
2025-06-12 09:36:00,49.953150620754265
2025-06-12 13:47:00,64.1
2025-06-12 21:59:00,6.0
2025-06-12 23:35:00,49.953150620754265
2025-06-12 08:28:00,24.8
2025-06-12 02:00:00,94.4
2025-06-12 01:22:00,47.9
2025-06-12 07:43:00,56.1
2025-06-12 01:16:00,12.0
2025-06-12 16:07:00,49.0
2025-06-12 19:27:00,8.6
2025-06-12 07:29:00,56.2
2025-06-12 19:15:00,49.953150620754265
2025-06-12 01:10:00,22.9
2025-06-12 06:52:00,7.8
2025-06-12 08:55:00,10.8
2025-06-12 14:14:00,21.9
2025-06-12 06:29:00,50.2
2025-06-12 04:49:00,77.6
2025-06-12 08:38:00,49.953150620754265
2025-06-12 13:41:00,82.7
2025-06-12 07:31:00,77.0
2025-06-12 01:48:00,45.8
2025-06-12 04:21:00,51.9
2025-06-12 07:30:00,19.5
2025-06-12 00:57:00,49.953150620754265
2025-06-12 10:01:00,93.3
2025-06-12 23:04:00,20.8
2025-06-12 19:55:00,56.1
2025-06-12 18:37:00,41.9
2025-06-12 23:09:00,57.1
2025-06-12 10:25:00,37.5
2025-06-12 08:02:00,53.4
2025-06-12 03:30:00,20.0
2025-06-12 19:32:00,54.4
2025-06-12 13:35:00,74.9
2025-06-12 03:18:00,24.5
2025-06-12 22:19:00,21.4
2025-06-12 15:00:00,7.7
2025-06-12 07:10:00,57.7
2025-06-12 14:31:00,53.1
2025-06-12 16:59:00,14.9
2025-06-12 12:57:00,49.953150620754265
2025-06-12 21:52:00,34.1
2025-06-12 18:12:00,49.953150620754265
2025-06-12 06:27:00,10.2
2025-06-12 10:48:00,49.953150620754265
2025-06-12 18:24:00,52.6
2025-06-12 06:36:00,33.9
2025-06-12 06:05:00,49.953150620754265
2025-06-12 21:14:00,15.0
2025-06-12 04:06:00,42.0
2025-06-12 09:27:00,56.3
2025-06-12 19:23:00,46.0
2025-06-12 01:26:00,76.0
2025-06-12 18:32:00,63.4
2025-06-12 04:12:00,68.2
2025-06-12 02:08:00,42.9
2025-06-12 12:55:00,21.2
2025-06-12 21:31:00,75.7
2025-06-12 15:38:00,49.953150620754265
2025-06-12 19:58:00,86.5
2025-06-12 14:02:00,92.6
2025-06-12 18:29:00,90.4
2025-06-12 00:28:00,77.0
2025-06-12 14:40:00,39.2
2025-06-12 13:21:00,0.6
2025-06-12 13:39:00,36.1
2025-06-12 22:23:00,79.8
2025-06-12 16:35:00,8.7
2025-06-12 20:28:00,49.953150620754265
2025-06-12 10:23:00,33.5
2025-06-12 01:27:00,49.953150620754265
2025-06-12 12:37:00,49.953150620754265
2025-06-12 05:35:00,82.8
2025-06-12 03:51:00,41.9
2025-06-12 22:14:00,70.6
2025-06-12 21:17:00,49.953150620754265
2025-06-12 06:58:00,75.0
2025-06-12 09:48:00,53.9
2025-06-12 21:25:00,49.953150620754265
2025-06-12 03:48:00,7.4
2025-06-12 00:35:00,78.9
2025-06-12 06:09:00,86.5
2025-06-12 21:17:00,68.3
2025-06-12 00:57:00,49.9
2025-06-12 20:23:00,56.1
2025-06-12 12:19:00,76.2
2025-06-12 11:53:00,59.8
2025-06-12 14:21:00,19.8
2025-06-12 17:22:00,93.2
2025-06-12 22:58:00,92.5
2025-06-12 00:39:00,50.1
2025-06-12 13:14:00,8.9
2025-06-12 01:11:00,66.1
2025-06-12 22:30:00,95.8
2025-06-12 07:32:00,87.6
2025-06-12 02:44:00,25.7
2025-06-12 14:36:00,77.6
2025-06-12 15:23:00,49.953150620754265
2025-06-12 22:43:00,49.953150620754265
2025-06-12 20:52:00,89.9
2025-06-12 04:47:00,49.953150620754265
2025-06-12 02:10:00,80.1
2025-06-12 05:42:00,49.953150620754265
2025-06-12 11:32:00,2.2
2025-06-12 07:26:00,8.2
2025-06-12 02:03:00,49.953150620754265
2025-06-12 05:15:00,26.4
2025-06-12 10:42:00,10.3
2025-06-12 14:09:00,49.953150620754265
2025-06-12 04:08:00,73.0
2025-06-12 03:09:00,44.8
2025-06-12 09:15:00,54.8
2025-06-12 15:13:00,52.6
2025-06-12 09:22:00,97.6
2025-06-12 05:08:00,76.9
2025-06-12 05:43:00,34.3
2025-06-12 18:18:00,55.8
2025-06-12 22:09:00,63.3
2025-06-12 16:40:00,49.953150620754265
2025-06-12 14:49:00,49.953150620754265
2025-06-12 19:19:00,15.4
2025-06-12 19:28:00,91.1
2025-06-12 03:52:00,6.9
2025-06-12 10:56:00,13.8
2025-06-12 05:30:00,28.1
2025-06-12 06:05:00,14.5
2025-06-12 09:52:00,13.3
2025-06-12 01:04:00,49.953150620754265
2025-06-12 06:57:00,2.5
2025-06-12 02:17:00,49.953150620754265
2025-06-12 01:21:00,49.953150620754265
2025-06-12 07:16:00,64.4
2025-06-12 14:24:00,79.8
2025-06-12 04:29:00,93.3
2025-06-12 07:22:00,40.3
2025-06-12 11:13:00,79.8
2025-06-12 17:45:00,77.7
2025-06-12 13:55:00,61.7
2025-06-12 04:30:00,52.1
2025-06-12 04:15:00,49.953150620754265
2025-06-12 04:38:00,69.0
2025-06-12 23:28:00,74.8
2025-06-12 05:47:00,46.2
2025-06-12 21:14:00,73.4
2025-06-12 02:42:00,27.6
2025-06-12 17:26:00,93.9
2025-06-12 07:56:00,14.5
2025-06-12 14:25:00,9.2
2025-06-12 06:53:00,27.1
2025-06-12 01:18:00,9.7
2025-06-12 07:13:00,49.953150620754265
2025-06-12 05:37:00,16.9
2025-06-12 21:49:00,16.5
2025-06-12 19:34:00,83.0
2025-06-12 06:42:00,49.953150620754265
2025-06-12 14:28:00,19.5
2025-06-12 02:34:00,21.5
2025-06-12 09:15:00,35.9
2025-06-12 07:20:00,1.1
2025-06-12 03:11:00,74.8
2025-06-12 08:47:00,1.7
2025-06-12 16:57:00,59.3
2025-06-12 00:18:00,20.1
2025-06-12 23:15:00,49.58899212042808
2025-06-12 17:14:00,6.3
2025-06-12 00:09:00,49.58899212042808
2025-06-12 17:55:00,45.9
2025-06-12 21:38:00,73.6
2025-06-12 09:18:00,34.0
2025-06-12 05:12:00,40.6
2025-06-12 13:03:00,3.4
2025-06-12 03:36:00,5.0
2025-06-12 00:20:00,39.7
2025-06-12 06:29:00,49.58899212042808
2025-06-12 12:00:00,26.4
2025-06-12 02:58:00,74.1
2025-06-12 06:45:00,10.0
2025-06-12 20:26:00,29.6
2025-06-12 04:43:00,87.2
2025-06-12 03:27:00,49.9
2025-06-12 09:48:00,63.1
2025-06-12 19:00:00,49.58899212042808
2025-06-12 01:33:00,29.5
2025-06-12 18:25:00,49.58899212042808
2025-06-12 08:02:00,25.1
2025-06-12 02:54:00,65.6
2025-06-12 11:38:00,6.3
2025-06-12 02:40:00,81.1
2025-06-12 04:30:00,67.9
2025-06-12 10:24:00,49.58899212042808
2025-06-12 13:55:00,24.8
2025-06-12 08:47:00,49.58899212042808
2025-06-12 01:37:00,43.6
2025-06-12 09:08:00,7.0
2025-06-12 23:50:00,98.5
2025-06-12 19:56:00,98.4
2025-06-12 01:47:00,76.6
2025-06-12 13:12:00,39.6
2025-06-12 18:08:00,45.6
2025-06-12 11:06:00,38.5
2025-06-12 14:38:00,49.58899212042808
2025-06-12 22:50:00,9.3
2025-06-12 08:30:00,65.5
2025-06-12 01:53:00,49.58899212042808
2025-06-12 00:55:00,57.1
2025-06-12 23:33:00,71.5
2025-06-12 11:24:00,73.9
2025-06-12 15:09:00,85.2
2025-06-12 17:30:00,21.9
2025-06-12 01:23:00,35.9
2025-06-12 20:01:00,72.9
2025-06-12 07:33:00,15.5
2025-06-12 05:09:00,49.58899212042808
2025-06-12 06:52:00,11.4
2025-06-12 08:16:00,59.4
2025-06-12 16:35:00,49.58899212042808
2025-06-12 09:14:00,50.9
2025-06-12 23:09:00,47.7
2025-06-12 10:49:00,74.3
2025-06-12 09:33:00,31.8
2025-06-12 07:54:00,80.8
2025-06-12 08:39:00,34.1
2025-06-12 02:03:00,72.7
2025-06-12 18:33:00,70.1
2025-06-12 10:20:00,91.6
2025-06-12 10:27:00,86.6
2025-06-12 06:56:00,68.2
2025-06-12 11:33:00,40.8
2025-06-12 07:12:00,45.9
2025-06-12 05:28:00,52.8
2025-06-12 12:47:00,45.3
2025-06-12 01:39:00,96.5
2025-06-12 10:59:00,79.6
2025-06-12 20:45:00,19.2
2025-06-12 03:50:00,49.58899212042808
2025-06-12 14:37:00,44.3
2025-06-12 10:49:00,66.6
2025-06-12 11:07:00,49.58899212042808
2025-06-12 01:55:00,99.3
2025-06-12 10:02:00,85.0
2025-06-12 07:19:00,81.1
2025-06-12 00:57:00,83.6
2025-06-12 10:46:00,53.9
2025-06-12 09:30:00,49.8
2025-06-12 15:32:00,83.5
2025-06-12 01:50:00,32.4
2025-06-12 11:35:00,20.6
2025-06-12 07:29:00,44.1
2025-06-12 22:47:00,97.8
2025-06-12 23:19:00,24.4
2025-06-12 09:02:00,42.5
2025-06-12 19:47:00,49.58899212042808
2025-06-12 17:11:00,49.58899212042808
2025-06-12 01:38:00,8.7
2025-06-12 02:09:00,3.9
2025-06-12 06:08:00,61.2
2025-06-12 08:53:00,49.58899212042808
2025-06-12 18:19:00,99.6
2025-06-12 16:55:00,25.2
2025-06-12 23:45:00,24.8
2025-06-12 17:33:00,20.4
2025-06-12 21:51:00,66.4
2025-06-12 23:38:00,49.58899212042808
2025-06-12 14:05:00,68.2
2025-06-12 20:05:00,49.58899212042808
2025-06-12 16:30:00,84.5
2025-06-12 16:03:00,32.6
2025-06-12 04:50:00,12.4
2025-06-12 04:30:00,49.58899212042808
2025-06-12 08:09:00,26.4
2025-06-12 22:07:00,49.58899212042808
2025-06-12 02:58:00,49.58899212042808
2025-06-12 04:42:00,30.2
2025-06-12 08:00:00,36.5
2025-06-12 09:22:00,99.7
2025-06-12 17:37:00,28.7
2025-06-12 21:58:00,68.8
2025-06-12 20:37:00,35.6
2025-06-12 21:07:00,66.9
2025-06-12 09:39:00,74.8
2025-06-12 18:32:00,86.5
2025-06-12 19:56:00,66.6
2025-06-12 16:03:00,59.6
2025-06-12 13:18:00,29.1
2025-06-12 06:42:00,89.9
2025-06-12 17:04:00,76.8
2025-06-12 01:15:00,16.2
2025-06-12 07:59:00,59.5
2025-06-12 08:20:00,21.5
2025-06-12 04:49:00,74.5
2025-06-12 09:44:00,34.4
2025-06-12 00:25:00,76.6
2025-06-12 01:24:00,49.58899212042808
2025-06-12 00:59:00,49.58899212042808
2025-06-12 18:05:00,1.1
2025-06-12 21:19:00,49.58899212042808
2025-06-12 18:26:00,73.1
2025-06-12 07:24:00,62.0
2025-06-12 14:15:00,18.4
2025-06-12 14:49:00,0.1
2025-06-12 04:06:00,71.7
2025-06-12 11:55:00,49.0
2025-06-12 16:17:00,84.5
2025-06-12 16:41:00,57.5
2025-06-12 06:19:00,43.6
2025-06-12 18:47:00,97.1
2025-06-12 14:43:00,28.9
2025-06-12 13:48:00,11.8
2025-06-12 16:13:00,78.6
2025-06-12 23:12:00,49.58899212042808
2025-06-12 23:55:00,48.9
2025-06-12 17:42:00,17.5
2025-06-12 19:38:00,75.4
2025-06-12 05:13:00,58.5
2025-06-12 19:03:00,95.1
2025-06-12 16:40:00,55.3
2025-06-12 21:42:00,46.2
2025-06-12 23:35:00,40.1
2025-06-12 19:43:00,35.2
2025-06-12 09:40:00,16.6
2025-06-12 17:47:00,51.6
2025-06-12 19:00:00,41.8
2025-06-12 14:29:00,96.0
2025-06-12 22:36:00,49.58899212042808
2025-06-12 14:33:00,12.8
2025-06-12 10:04:00,79.5
2025-06-12 07:50:00,80.0
2025-06-12 12:07:00,93.2
2025-06-12 04:58:00,49.58899212042808
2025-06-12 22:03:00,28.6
2025-06-12 03:16:00,19.6
2025-06-12 23:08:00,83.8
2025-06-12 15:08:00,89.9
2025-06-12 16:20:00,57.5
2025-06-12 02:07:00,86.4
2025-06-12 20:39:00,71.8
2025-06-12 02:06:00,6.9
2025-06-12 13:21:00,62.8
2025-06-12 20:12:00,92.2
2025-06-12 17:05:00,37.2
2025-06-12 07:04:00,51.6
2025-06-12 18:20:00,13.0
2025-06-12 17:06:00,71.8
2025-06-12 02:57:00,58.7
2025-06-12 01:15:00,49.58899212042808
2025-06-12 18:13:00,49.58899212042808
2025-06-12 08:55:00,97.3
2025-06-12 07:49:00,88.5
2025-06-12 12:33:00,75.6
2025-06-12 23:00:00,49.58899212042808
2025-06-12 17:51:00,37.0
2025-06-12 22:14:00,63.9
2025-06-12 21:35:00,11.1
2025-06-12 05:03:00,33.9
2025-06-12 17:15:00,22.1
2025-06-12 21:28:00,49.58899212042808
2025-06-12 14:22:00,68.8
2025-06-12 10:00:00,47.7
2025-06-12 13:37:00,93.9
2025-06-12 01:20:00,20.2
2025-06-12 22:41:00,92.4
2025-06-12 08:40:00,3.4
2025-06-12 08:30:00,71.3
2025-06-12 05:53:00,27.6
2025-06-12 16:37:00,64.8
2025-06-12 11:49:00,96.7
2025-06-12 10:52:00,100.0
2025-06-12 03:37:00,49.58899212042808
2025-06-12 05:12:00,82.7
2025-06-12 23:27:00,49.58899212042808
2025-06-12 03:07:00,35.2
2025-06-12 21:23:00,1.9
2025-06-12 16:51:00,7.0
2025-06-12 18:39:00,81.2
2025-06-12 23:51:00,9.3
2025-06-12 00:17:00,82.2
2025-06-12 14:40:00,19.0
2025-06-12 17:42:00,35.5
2025-06-12 02:36:00,93.4
2025-06-12 07:42:00,49.58899212042808
2025-06-12 07:20:00,6.8
2025-06-12 19:08:00,22.9
2025-06-12 16:43:00,84.2
2025-06-12 17:08:00,3.2
2025-06-12 16:42:00,45.4
2025-06-12 07:41:00,23.6
2025-06-12 18:48:00,72.3
2025-06-12 06:39:00,52.8
2025-06-12 01:58:00,78.8
2025-06-12 18:53:00,30.3
2025-06-12 17:42:00,2.7
2025-06-12 07:37:00,95.2
2025-06-12 17:50:00,49.58899212042808
2025-06-12 15:51:00,25.8
2025-06-12 04:32:00,41.7
2025-06-12 03:19:00,48.1
2025-06-12 23:53:00,56.1
2025-06-12 07:56:00,98.8
2025-06-12 06:02:00,25.8
2025-06-12 21:26:00,55.5
2025-06-12 15:07:00,49.58899212042808
2025-06-12 02:41:00,53.1
2025-06-12 10:27:00,49.58899212042808
2025-06-12 12:34:00,49.58899212042808
2025-06-12 00:28:00,40.6
2025-06-12 13:01:00,16.9
2025-06-12 07:54:00,92.2
2025-06-12 12:05:00,49.58899212042808
2025-06-12 01:51:00,97.5
2025-06-12 04:51:00,35.8
2025-06-12 15:19:00,70.6
2025-06-12 01:30:00,49.58899212042808
2025-06-12 05:10:00,60.8
2025-06-12 19:10:00,12.0
2025-06-12 00:29:00,95.7
2025-06-12 05:57:00,46.5
2025-06-12 22:14:00,58.4
2025-06-12 23:11:00,7.3
2025-06-12 21:37:00,61.8
2025-06-12 23:04:00,15.9
2025-06-12 21:26:00,11.0
2025-06-12 01:39:00,95.1
2025-06-12 17:02:00,41.9
2025-06-12 19:54:00,67.6
2025-06-12 00:31:00,89.9
2025-06-12 23:50:00,17.0
2025-06-12 19:11:00,49.58899212042808
2025-06-12 04:04:00,97.8
2025-06-12 18:04:00,83.1
2025-06-12 09:39:00,16.9
2025-06-12 03:05:00,49.58899212042808
2025-06-12 03:22:00,70.7
2025-06-12 05:53:00,45.5
2025-06-12 03:46:00,32.5
2025-06-12 16:17:00,49.58899212042808
2025-06-12 04:33:00,96.3
2025-06-12 01:21:00,23.1
2025-06-12 16:13:00,49.58899212042808
2025-06-12 11:15:00,43.0
2025-06-12 01:28:00,23.5
2025-06-12 16:35:00,49.58899212042808
2025-06-12 21:36:00,49.58899212042808
2025-06-12 20:50:00,65.8
2025-06-12 02:21:00,73.2
2025-06-12 02:25:00,85.9
2025-06-12 02:42:00,73.9
2025-06-12 19:53:00,97.3
2025-06-12 20:05:00,55.7
2025-06-12 19:10:00,2.5
2025-06-12 20:26:00,82.7
2025-06-12 02:08:00,4.0
2025-06-12 23:25:00,49.2
2025-06-12 21:53:00,20.2
2025-06-12 02:23:00,21.7
2025-06-12 22:05:00,65.5
2025-06-12 20:27:00,16.3
2025-06-12 08:35:00,26.7
2025-06-12 13:00:00,89.8
2025-06-12 06:41:00,11.1
2025-06-12 11:31:00,33.7
2025-06-12 10:41:00,92.7
2025-06-12 22:51:00,49.1
2025-06-12 00:10:00,86.9
2025-06-12 13:22:00,66.0
2025-06-12 03:38:00,49.58899212042808
2025-06-12 20:42:00,49.58899212042808
2025-06-12 00:14:00,26.7
2025-06-12 04:16:00,79.3
2025-06-12 19:20:00,67.8
2025-06-12 22:07:00,49.58899212042808
2025-06-12 13:31:00,79.9
2025-06-12 21:15:00,74.1
2025-06-12 19:39:00,38.7
2025-06-12 10:47:00,49.58899212042808
2025-06-12 01:11:00,60.7
2025-06-12 05:56:00,81.7
2025-06-12 02:57:00,78.6
2025-06-12 04:26:00,69.3
2025-06-12 11:26:00,32.2
2025-06-12 06:27:00,47.8
2025-06-12 22:42:00,25.1
2025-06-12 12:46:00,26.2
2025-06-12 22:24:00,23.3
2025-06-12 21:01:00,47.7
2025-06-12 13:39:00,15.8
2025-06-12 09:44:00,99.6
2025-06-12 20:33:00,14.5
2025-06-12 18:05:00,49.58899212042808
2025-06-12 06:49:00,59.2
2025-06-12 00:41:00,7.1
2025-06-12 23:34:00,92.0
2025-06-12 00:39:00,58.1
2025-06-12 21:52:00,89.0
2025-06-12 00:12:00,67.3
2025-06-12 20:26:00,18.4
2025-06-12 17:40:00,66.2
2025-06-12 21:40:00,37.9
2025-06-12 19:02:00,93.4
2025-06-12 08:28:00,90.6
2025-06-12 01:07:00,42.4
2025-06-12 01:20:00,13.7
2025-06-12 08:06:00,86.4
2025-06-12 08:00:00,49.58899212042808
2025-06-12 08:44:00,56.0
2025-06-12 11:07:00,27.1
2025-06-12 11:42:00,70.3
2025-06-12 06:06:00,83.3
2025-06-12 00:34:00,54.6
2025-06-12 04:51:00,66.2
2025-06-12 06:05:00,87.9
2025-06-12 02:16:00,20.6
2025-06-12 03:29:00,91.8
2025-06-12 17:08:00,32.4
2025-06-12 05:58:00,49.58899212042808
2025-06-12 19:36:00,24.2
2025-06-12 23:56:00,56.7
2025-06-12 10:21:00,24.5
2025-06-12 07:08:00,0.2
2025-06-12 19:50:00,61.0
2025-06-12 03:02:00,21.2
2025-06-12 07:05:00,58.2
2025-06-12 07:05:00,50.2977004785806
2025-06-12 20:58:00,88.1
2025-06-12 05:05:00,12.3
2025-06-12 09:49:00,50.2977004785806
2025-06-12 15:19:00,60.3
2025-06-12 14:30:00,71.4
2025-06-12 00:44:00,37.2
2025-06-12 21:24:00,37.9
2025-06-12 01:49:00,24.3
2025-06-12 23:46:00,60.7
2025-06-12 12:56:00,81.2
2025-06-12 21:52:00,65.8
2025-06-12 18:40:00,41.7
2025-06-12 05:08:00,37.0
2025-06-12 08:39:00,89.5
2025-06-12 02:27:00,97.8
2025-06-12 08:45:00,50.2977004785806
2025-06-12 10:38:00,20.6
2025-06-12 00:29:00,60.8
2025-06-12 10:57:00,17.7
2025-06-12 10:14:00,55.6
2025-06-12 23:44:00,80.5
2025-06-12 14:59:00,64.8
2025-06-12 22:53:00,45.3
2025-06-12 14:22:00,34.5
2025-06-12 19:23:00,60.2
2025-06-12 15:24:00,17.9
2025-06-12 05:00:00,22.8
2025-06-12 21:08:00,33.8
2025-06-12 11:15:00,75.4
2025-06-12 22:48:00,50.2977004785806
2025-06-12 09:56:00,50.2977004785806
2025-06-12 00:18:00,94.5
2025-06-12 22:17:00,68.7
2025-06-12 06:22:00,17.0
2025-06-12 21:55:00,61.4
2025-06-12 12:36:00,56.8
2025-06-12 18:51:00,50.2977004785806
2025-06-12 21:54:00,50.2977004785806
2025-06-12 23:49:00,28.2
2025-06-12 18:06:00,64.0
2025-06-12 22:46:00,55.5
2025-06-12 16:14:00,50.2977004785806
2025-06-12 05:20:00,77.9
2025-06-12 12:48:00,62.6
2025-06-12 03:07:00,10.8
2025-06-12 09:10:00,57.0
2025-06-12 13:07:00,72.6
2025-06-12 02:04:00,31.9
2025-06-12 09:44:00,66.7
2025-06-12 09:42:00,80.1
2025-06-12 16:13:00,50.2977004785806
2025-06-12 22:48:00,43.4
2025-06-12 19:49:00,35.2
2025-06-12 21:06:00,30.3
2025-06-12 08:43:00,20.4
2025-06-12 05:10:00,41.0
2025-06-12 05:09:00,46.6
2025-06-12 14:51:00,1.5
2025-06-12 14:09:00,32.1
2025-06-12 09:56:00,50.2977004785806
2025-06-12 18:00:00,92.7
2025-06-12 21:54:00,44.1
2025-06-12 20:05:00,18.7
2025-06-12 20:09:00,26.0
2025-06-12 08:13:00,49.8
2025-06-12 12:34:00,92.7
2025-06-12 23:10:00,50.2977004785806
2025-06-12 02:43:00,32.6
2025-06-12 01:19:00,74.6
2025-06-12 06:55:00,51.9
2025-06-12 08:35:00,99.8
2025-06-12 01:46:00,80.6
2025-06-12 03:37:00,65.8
2025-06-12 06:18:00,35.0
2025-06-12 19:31:00,2.6
2025-06-12 10:15:00,88.6
2025-06-12 12:17:00,50.3
2025-06-12 19:41:00,71.4
2025-06-12 13:09:00,11.7
2025-06-12 02:44:00,20.4
2025-06-12 21:16:00,98.7
2025-06-12 17:04:00,10.7
2025-06-12 07:14:00,71.1
2025-06-12 09:40:00,50.2977004785806
2025-06-12 14:10:00,64.3
2025-06-12 16:14:00,87.4
2025-06-12 17:53:00,50.2977004785806
2025-06-12 19:30:00,39.9
2025-06-12 20:02:00,92.7
2025-06-12 03:09:00,21.3
2025-06-12 01:05:00,94.6
2025-06-12 02:48:00,66.6
2025-06-12 18:32:00,38.6
2025-06-12 13:12:00,50.9
2025-06-12 06:59:00,1.1
2025-06-12 16:41:00,19.1
2025-06-12 14:17:00,65.3
2025-06-12 09:07:00,50.2977004785806
2025-06-12 10:46:00,38.0
2025-06-12 00:55:00,85.1
2025-06-12 20:44:00,1.8
2025-06-12 09:33:00,18.5
2025-06-12 09:54:00,61.9
2025-06-12 00:00:00,50.2977004785806
2025-06-12 12:35:00,77.8
2025-06-12 04:58:00,97.0
2025-06-12 12:06:00,69.1
2025-06-12 12:54:00,50.2977004785806
2025-06-12 03:46:00,60.9
2025-06-12 11:57:00,99.1
2025-06-12 10:20:00,35.1
2025-06-12 18:14:00,2.1
2025-06-12 03:16:00,11.8
2025-06-12 03:28:00,66.5
2025-06-12 07:26:00,2.7
2025-06-12 02:58:00,73.0
2025-06-12 13:12:00,48.9
2025-06-12 10:57:00,42.8
2025-06-12 08:12:00,29.4
2025-06-12 16:34:00,82.3
2025-06-12 11:01:00,50.2977004785806
2025-06-12 18:49:00,93.3
2025-06-12 03:36:00,29.8
2025-06-12 03:13:00,62.7
2025-06-12 06:20:00,50.2977004785806
2025-06-12 02:22:00,13.6
2025-06-12 06:23:00,64.7
2025-06-12 14:41:00,93.8
2025-06-12 01:29:00,10.5
2025-06-12 21:09:00,11.9
2025-06-12 11:05:00,73.9
2025-06-12 19:06:00,27.2
2025-06-12 23:03:00,9.9
2025-06-12 17:00:00,43.2
2025-06-12 04:30:00,0.4
2025-06-12 22:12:00,40.1
2025-06-12 00:42:00,28.9
2025-06-12 07:42:00,37.2
2025-06-12 01:29:00,81.3
2025-06-12 18:57:00,47.5
2025-06-12 00:51:00,50.2977004785806
2025-06-12 06:57:00,16.9
2025-06-12 12:52:00,51.7
2025-06-12 00:20:00,73.5
2025-06-12 06:53:00,89.0
2025-06-12 06:40:00,62.7
2025-06-12 23:14:00,98.2
2025-06-12 15:12:00,82.6
2025-06-12 17:01:00,25.6
2025-06-12 21:58:00,10.2
2025-06-12 12:02:00,98.5
2025-06-12 16:31:00,34.5
2025-06-12 02:36:00,70.3
2025-06-12 05:08:00,50.2977004785806
2025-06-12 19:48:00,70.9
2025-06-12 04:41:00,32.0
2025-06-12 03:03:00,90.8
2025-06-12 17:33:00,14.5
2025-06-12 16:39:00,98.2
2025-06-12 02:05:00,19.6
2025-06-12 01:22:00,68.6
2025-06-12 13:05:00,11.4
2025-06-12 09:09:00,36.6
2025-06-12 19:22:00,11.8
2025-06-12 20:34:00,61.4
2025-06-12 11:18:00,61.8
2025-06-12 16:47:00,35.2
2025-06-12 10:07:00,90.4
2025-06-12 13:42:00,99.7
2025-06-12 16:04:00,3.8
2025-06-12 06:10:00,95.0
2025-06-12 01:19:00,82.3
2025-06-12 15:11:00,96.1
2025-06-12 21:10:00,50.2977004785806
2025-06-12 15:02:00,65.0
2025-06-12 09:22:00,9.7
2025-06-12 23:39:00,50.2977004785806
2025-06-12 03:32:00,50.2977004785806
2025-06-12 23:57:00,91.6
2025-06-12 10:06:00,79.8
2025-06-12 04:50:00,65.9
2025-06-12 00:49:00,58.6
2025-06-12 22:02:00,98.2
2025-06-12 15:47:00,92.5
2025-06-12 00:19:00,13.2
2025-06-12 09:00:00,68.7
2025-06-12 01:54:00,54.2
2025-06-12 09:32:00,50.2977004785806
2025-06-12 22:07:00,50.2977004785806
2025-06-12 23:28:00,7.4
2025-06-12 22:41:00,78.2
2025-06-12 11:57:00,31.1
2025-06-12 14:52:00,84.0
2025-06-12 03:04:00,37.7
2025-06-12 18:21:00,93.6
2025-06-12 13:44:00,16.3
2025-06-12 21:15:00,5.0
2025-06-12 14:11:00,21.0
2025-06-12 23:22:00,30.1
2025-06-12 17:24:00,4.9
2025-06-12 08:16:00,72.6
2025-06-12 04:22:00,50.2977004785806
2025-06-12 21:50:00,59.0
2025-06-12 12:28:00,61.4
2025-06-12 06:45:00,50.2977004785806
2025-06-12 15:21:00,58.8
2025-06-12 11:47:00,50.2977004785806
2025-06-12 17:22:00,82.4
2025-06-12 20:09:00,63.3
2025-06-12 17:36:00,57.6
2025-06-12 03:14:00,48.4
2025-06-12 20:15:00,23.8
2025-06-12 00:40:00,47.2
2025-06-12 01:12:00,95.2
2025-06-12 15:22:00,65.8
2025-06-12 16:54:00,94.8
2025-06-12 00:13:00,14.4
2025-06-12 23:44:00,50.2977004785806
2025-06-12 10:51:00,11.1
2025-06-12 22:20:00,96.1
2025-06-12 05:19:00,36.6
2025-06-12 13:27:00,30.3
2025-06-12 13:21:00,50.2977004785806
2025-06-12 03:43:00,50.2977004785806
2025-06-12 10:15:00,41.1
2025-06-12 06:11:00,91.2
2025-06-12 19:19:00,6.0
2025-06-12 16:23:00,26.6
2025-06-12 10:46:00,85.1
2025-06-12 08:10:00,40.1
2025-06-12 00:04:00,28.5
2025-06-12 07:04:00,45.3
2025-06-12 01:47:00,73.1
2025-06-12 08:05:00,50.2977004785806
2025-06-12 08:06:00,50.2977004785806
2025-06-12 07:20:00,97.8
2025-06-12 16:46:00,14.8
2025-06-12 15:48:00,73.8
2025-06-12 02:32:00,75.4
2025-06-12 22:17:00,7.2
2025-06-12 01:25:00,8.1
2025-06-12 06:33:00,0.6
2025-06-12 06:08:00,69.5
2025-06-12 07:51:00,2.7
2025-06-12 21:08:00,75.5
2025-06-12 23:24:00,98.4
2025-06-12 16:01:00,50.2977004785806
2025-06-12 04:21:00,82.1
2025-06-12 20:43:00,76.2
2025-06-12 12:41:00,6.3
2025-06-12 09:38:00,12.9
2025-06-12 00:59:00,12.5
2025-06-12 17:15:00,50.2977004785806
2025-06-12 00:35:00,73.4
2025-06-12 12:26:00,52.8
2025-06-12 21:37:00,50.2977004785806
2025-06-12 06:35:00,50.2977004785806
2025-06-12 19:58:00,40.1
2025-06-12 12:26:00,58.4
2025-06-12 11:20:00,22.1
2025-06-12 21:19:00,58.6
2025-06-12 09:03:00,94.8
2025-06-12 17:15:00,76.9
2025-06-12 01:59:00,30.6
2025-06-12 13:16:00,50.2977004785806
2025-06-12 18:48:00,28.9
2025-06-12 17:21:00,83.5
2025-06-12 00:33:00,97.6
2025-06-12 06:19:00,32.9
2025-06-12 23:55:00,15.2
2025-06-12 15:15:00,75.8
2025-06-12 12:05:00,60.7
2025-06-12 02:38:00,14.5
2025-06-12 21:39:00,50.2977004785806
2025-06-12 12:16:00,8.7
2025-06-12 21:04:00,69.4
2025-06-12 13:15:00,79.3
2025-06-12 22:28:00,43.3
2025-06-12 23:24:00,70.0
2025-06-12 04:12:00,39.0
2025-06-12 16:37:00,92.4
2025-06-12 20:56:00,98.2
2025-06-12 23:32:00,50.2977004785806
2025-06-12 20:37:00,94.3
2025-06-12 23:32:00,59.6
2025-06-12 02:35:00,2.2
2025-06-12 07:15:00,80.1
2025-06-12 03:38:00,75.4
2025-06-12 00:57:00,51.2
2025-06-12 19:57:00,14.5
2025-06-12 11:03:00,55.7
2025-06-12 18:44:00,81.5
2025-06-12 00:53:00,25.9
2025-06-12 13:06:00,74.6
2025-06-12 19:19:00,50.2977004785806
2025-06-12 11:30:00,5.0
2025-06-12 07:31:00,17.7
2025-06-12 00:28:00,3.1
2025-06-12 20:40:00,76.5
2025-06-12 21:26:00,50.2977004785806
2025-06-12 06:57:00,98.3
2025-06-12 11:25:00,28.7
2025-06-12 07:19:00,50.2977004785806
2025-06-12 14:16:00,43.3
2025-06-12 21:46:00,8.8
2025-06-12 05:08:00,46.9
2025-06-12 02:07:00,28.1
2025-06-12 02:19:00,16.4
2025-06-12 07:00:00,50.2977004785806
2025-06-12 07:04:00,51.1
2025-06-12 17:08:00,24.2
2025-06-12 17:40:00,8.9
2025-06-12 22:30:00,13.1
2025-06-12 08:24:00,60.1
2025-06-12 08:46:00,22.0
2025-06-12 13:08:00,50.2977004785806
2025-06-12 18:24:00,48.0
2025-06-12 07:23:00,50.2977004785806
2025-06-12 02:26:00,18.3
2025-06-12 13:23:00,32.8
2025-06-12 09:03:00,98.7
2025-06-12 06:20:00,44.8
2025-06-12 09:30:00,46.7
2025-06-12 10:22:00,92.7
2025-06-12 03:57:00,50.2977004785806
2025-06-12 01:04:00,49.82536769031651
2025-06-12 08:03:00,86.6
2025-06-12 21:08:00,9.3
2025-06-12 10:01:00,89.9
2025-06-12 20:53:00,2.3
2025-06-12 18:15:00,51.9
2025-06-12 05:11:00,54.0
2025-06-12 18:18:00,50.1
2025-06-12 12:01:00,59.9
2025-06-12 14:50:00,60.9
2025-06-12 08:19:00,70.1
2025-06-12 09:58:00,49.82536769031651
2025-06-12 01:46:00,58.9
2025-06-12 02:01:00,87.5
2025-06-12 01:59:00,33.7
2025-06-12 01:09:00,98.8
2025-06-12 23:35:00,49.82536769031651
2025-06-12 21:53:00,43.0
2025-06-12 02:39:00,34.7
2025-06-12 13:13:00,77.7
2025-06-12 18:52:00,47.0
2025-06-12 16:39:00,49.82536769031651
2025-06-12 18:51:00,78.7
2025-06-12 12:11:00,40.4
2025-06-12 09:55:00,62.2
2025-06-12 13:19:00,44.2
2025-06-12 07:51:00,86.9
2025-06-12 19:32:00,41.1
2025-06-12 10:59:00,49.82536769031651
2025-06-12 08:21:00,62.2
2025-06-12 05:01:00,92.3
2025-06-12 03:50:00,0.8
2025-06-12 07:53:00,66.3
2025-06-12 11:08:00,87.4
2025-06-12 07:02:00,18.9
2025-06-12 03:25:00,49.82536769031651
2025-06-12 23:22:00,74.3
2025-06-12 19:00:00,13.8
2025-06-12 06:07:00,40.1
2025-06-12 12:40:00,72.8
2025-06-12 18:50:00,47.2
2025-06-12 04:30:00,8.2
2025-06-12 06:03:00,83.3
2025-06-12 02:19:00,49.82536769031651
2025-06-12 10:13:00,12.8
2025-06-12 18:34:00,55.9
2025-06-12 15:01:00,49.82536769031651
2025-06-12 02:05:00,34.6
2025-06-12 18:20:00,52.2
2025-06-12 21:39:00,64.6
2025-06-12 20:39:00,25.3
2025-06-12 21:12:00,44.3
2025-06-12 08:53:00,98.9
2025-06-12 18:43:00,81.4
2025-06-12 15:21:00,44.3
2025-06-12 05:39:00,93.5
2025-06-12 18:20:00,22.6
2025-06-12 14:13:00,7.3
2025-06-12 15:17:00,88.7
2025-06-12 07:18:00,14.8
2025-06-12 10:59:00,84.5
2025-06-12 08:03:00,77.3
2025-06-12 20:27:00,26.1
2025-06-12 12:02:00,5.1
2025-06-12 08:34:00,88.8
2025-06-12 01:37:00,49.82536769031651
2025-06-12 21:42:00,49.82536769031651
2025-06-12 10:09:00,1.8
2025-06-12 23:02:00,77.6
2025-06-12 00:38:00,7.4
2025-06-12 23:04:00,15.8
2025-06-12 08:20:00,70.7
2025-06-12 09:53:00,58.7
2025-06-12 20:27:00,72.9
2025-06-12 12:39:00,89.3
2025-06-12 14:07:00,82.9
2025-06-12 13:08:00,17.0
2025-06-12 09:03:00,62.1
2025-06-12 14:25:00,82.8
2025-06-12 07:30:00,54.8
2025-06-12 05:19:00,47.2
2025-06-12 22:34:00,11.6
2025-06-12 01:12:00,49.82536769031651
2025-06-12 03:17:00,81.2
2025-06-12 23:56:00,40.2
2025-06-12 08:51:00,34.2
2025-06-12 19:22:00,55.0
2025-06-12 00:10:00,3.5
2025-06-12 17:42:00,19.8
2025-06-12 09:48:00,78.8
2025-06-12 05:36:00,37.3
2025-06-12 02:05:00,72.1
2025-06-12 05:46:00,52.1
2025-06-12 22:57:00,96.0
2025-06-12 15:56:00,90.6
2025-06-12 02:13:00,21.1
2025-06-12 01:18:00,83.8
2025-06-12 21:54:00,64.3
2025-06-12 09:15:00,72.5
2025-06-12 05:47:00,86.2
2025-06-12 16:24:00,12.0
2025-06-12 20:16:00,49.82536769031651
2025-06-12 23:16:00,21.4
2025-06-12 14:01:00,38.5
2025-06-12 08:35:00,7.3
2025-06-12 01:10:00,91.6
2025-06-12 12:29:00,2.5
2025-06-12 23:22:00,98.8
2025-06-12 00:44:00,8.4
2025-06-12 04:28:00,68.4
2025-06-12 01:50:00,53.0
2025-06-12 07:22:00,49.82536769031651
2025-06-12 19:31:00,36.8
2025-06-12 18:59:00,49.82536769031651
2025-06-12 16:31:00,49.82536769031651
2025-06-12 16:32:00,30.5
2025-06-12 08:18:00,89.1
2025-06-12 11:19:00,47.8
2025-06-12 23:28:00,76.6
2025-06-12 05:57:00,1.5
2025-06-12 20:08:00,49.82536769031651
2025-06-12 21:55:00,4.0
2025-06-12 00:01:00,35.4
2025-06-12 00:24:00,65.9
2025-06-12 13:49:00,49.82536769031651
2025-06-12 08:44:00,16.5
2025-06-12 20:44:00,49.82536769031651
2025-06-12 10:23:00,77.0
2025-06-12 09:16:00,67.1
2025-06-12 00:18:00,51.9
2025-06-12 15:16:00,22.9
2025-06-12 18:57:00,13.4
2025-06-12 22:55:00,38.1
2025-06-12 09:13:00,97.3
2025-06-12 07:41:00,92.9
2025-06-12 01:35:00,61.6
2025-06-12 16:55:00,49.82536769031651
2025-06-12 16:04:00,42.2
2025-06-12 14:48:00,4.5
2025-06-12 08:40:00,65.0
2025-06-12 23:04:00,59.6
2025-06-12 22:16:00,67.6
2025-06-12 01:49:00,49.82536769031651
2025-06-12 09:46:00,2.8
2025-06-12 06:44:00,96.8
2025-06-12 03:41:00,30.4
2025-06-12 22:41:00,76.6
2025-06-12 13:46:00,92.4
2025-06-12 03:43:00,21.6
2025-06-12 22:26:00,65.4
2025-06-12 18:59:00,66.5
2025-06-12 23:26:00,6.8
2025-06-12 17:16:00,49.82536769031651
2025-06-12 12:42:00,15.6
2025-06-12 19:29:00,68.9
2025-06-12 06:55:00,49.82536769031651
2025-06-12 15:21:00,85.6
2025-06-12 19:25:00,68.4
2025-06-12 02:36:00,0.8
2025-06-12 05:31:00,11.5
2025-06-12 02:34:00,70.7
2025-06-12 11:26:00,60.9
2025-06-12 19:13:00,49.82536769031651
2025-06-12 04:20:00,49.82536769031651
2025-06-12 18:48:00,8.7
2025-06-12 20:07:00,59.1
2025-06-12 06:26:00,44.5
2025-06-12 07:22:00,75.9
2025-06-12 16:23:00,92.8
2025-06-12 17:43:00,49.82536769031651
2025-06-12 17:17:00,31.0
2025-06-12 19:10:00,49.82536769031651
2025-06-12 23:53:00,49.82536769031651
2025-06-12 07:43:00,90.3
2025-06-12 14:57:00,98.9
2025-06-12 07:34:00,75.8
2025-06-12 08:50:00,37.6
2025-06-12 08:05:00,23.6
2025-06-12 20:12:00,75.9
2025-06-12 20:09:00,49.82536769031651
2025-06-12 15:08:00,82.6
2025-06-12 16:12:00,32.9
2025-06-12 15:12:00,37.3
2025-06-12 05:19:00,49.82536769031651
2025-06-12 16:32:00,52.9
2025-06-12 20:10:00,61.5
2025-06-12 19:35:00,27.4
2025-06-12 13:16:00,12.1
2025-06-12 04:00:00,40.7
2025-06-12 18:33:00,6.3
2025-06-12 06:19:00,89.3
2025-06-12 15:56:00,27.4
2025-06-12 15:01:00,98.3
2025-06-12 07:36:00,93.7
2025-06-12 11:48:00,49.82536769031651
2025-06-12 17:31:00,99.9
2025-06-12 22:49:00,49.82536769031651
2025-06-12 11:19:00,49.82536769031651
2025-06-12 05:11:00,11.3
2025-06-12 08:48:00,4.3
2025-06-12 03:57:00,75.0
2025-06-12 00:16:00,21.7
2025-06-12 09:04:00,49.82536769031651
2025-06-12 01:15:00,72.5
2025-06-12 09:55:00,79.5
2025-06-12 08:27:00,96.1
2025-06-12 06:40:00,73.1
2025-06-12 14:19:00,20.4
2025-06-12 05:51:00,82.0
2025-06-12 03:21:00,44.2
2025-06-12 13:46:00,5.0
2025-06-12 20:20:00,48.7
2025-06-12 15:56:00,49.82536769031651
2025-06-12 06:12:00,55.4
2025-06-12 06:51:00,82.6
2025-06-12 18:38:00,18.6
2025-06-12 14:15:00,49.82536769031651
2025-06-12 21:38:00,23.6
2025-06-12 16:18:00,56.3
2025-06-12 13:41:00,95.7
2025-06-12 07:21:00,7.2
2025-06-12 22:09:00,79.5
2025-06-12 08:35:00,44.3
2025-06-12 11:23:00,74.0
2025-06-12 08:33:00,52.3
2025-06-12 08:21:00,74.0
2025-06-12 03:21:00,42.4
2025-06-12 05:47:00,86.6
2025-06-12 19:38:00,54.5
2025-06-12 02:54:00,4.0
2025-06-12 19:21:00,74.5
2025-06-12 02:08:00,46.5
2025-06-12 10:35:00,14.2
2025-06-12 12:00:00,96.4
2025-06-12 03:18:00,29.5
2025-06-12 04:38:00,40.9
2025-06-12 15:51:00,93.3
2025-06-12 10:23:00,18.0
2025-06-12 00:09:00,96.1
2025-06-12 17:32:00,65.6
2025-06-12 18:46:00,74.3
2025-06-12 00:03:00,35.7
2025-06-12 16:33:00,49.0
2025-06-12 21:12:00,49.82536769031651
2025-06-12 05:14:00,77.2
2025-06-12 14:23:00,84.2
2025-06-12 11:49:00,73.3
2025-06-12 11:45:00,3.5
2025-06-12 16:12:00,50.9
2025-06-12 17:05:00,89.3
2025-06-12 16:32:00,8.5
2025-06-12 01:26:00,50.9
2025-06-12 16:28:00,7.7
2025-06-12 13:47:00,45.7
2025-06-12 12:35:00,19.2
2025-06-12 08:41:00,19.6
2025-06-12 22:32:00,49.82536769031651
2025-06-12 22:57:00,54.9
2025-06-12 15:59:00,49.82536769031651
2025-06-12 11:07:00,5.8
2025-06-12 07:55:00,39.3
2025-06-12 17:56:00,37.7
2025-06-12 00:55:00,75.8
2025-06-12 13:16:00,32.2
2025-06-12 18:52:00,49.82536769031651
2025-06-12 10:29:00,71.9
2025-06-12 12:44:00,49.3
2025-06-12 22:06:00,95.4
2025-06-12 12:08:00,27.3
2025-06-12 03:38:00,58.4
2025-06-12 18:08:00,24.0
2025-06-12 11:28:00,18.4
2025-06-12 17:20:00,61.3
2025-06-12 09:28:00,49.82536769031651
2025-06-12 21:53:00,25.1
2025-06-12 11:58:00,76.0
2025-06-12 15:54:00,45.4
2025-06-12 03:19:00,49.82536769031651
2025-06-12 15:21:00,49.82536769031651
2025-06-12 11:22:00,85.0
2025-06-12 09:25:00,32.5
2025-06-12 08:54:00,62.0
2025-06-12 10:23:00,27.7
2025-06-12 03:26:00,59.5
2025-06-12 00:44:00,65.8
2025-06-12 10:25:00,76.4
2025-06-12 08:28:00,93.9
2025-06-12 14:43:00,32.4
2025-06-12 01:19:00,48.7
2025-06-12 19:47:00,34.2
2025-06-12 17:06:00,82.8
2025-06-12 04:02:00,49.82536769031651
2025-06-12 07:56:00,6.3
2025-06-12 11:54:00,32.6
2025-06-12 22:19:00,26.7
2025-06-12 08:36:00,27.2
2025-06-12 12:47:00,38.2
2025-06-12 13:22:00,81.9
2025-06-12 21:17:00,93.8
2025-06-12 16:08:00,92.7
2025-06-12 12:45:00,97.3
2025-06-12 10:45:00,75.8
2025-06-12 06:40:00,49.82536769031651
2025-06-12 10:07:00,75.5
2025-06-12 14:31:00,25.0
2025-06-12 14:32:00,73.7
2025-06-12 07:15:00,90.3
2025-06-12 15:08:00,1.2
2025-06-12 20:41:00,84.1
2025-06-12 13:16:00,69.4
2025-06-12 05:55:00,36.1
2025-06-12 05:58:00,6.3
2025-06-12 10:14:00,98.1
2025-06-12 09:04:00,63.7
2025-06-12 17:21:00,34.3
2025-06-12 05:11:00,95.6
2025-06-12 12:24:00,8.0
2025-06-12 06:15:00,86.5
2025-06-12 17:23:00,67.8
2025-06-12 23:31:00,20.8
2025-06-12 02:30:00,25.9
2025-06-12 04:35:00,71.6
2025-06-12 04:51:00,59.9
2025-06-12 18:21:00,67.1
2025-06-12 11:01:00,77.0
2025-06-12 14:12:00,59.5
2025-06-12 23:34:00,49.82536769031651
2025-06-12 00:13:00,49.82536769031651
2025-06-12 23:38:00,94.0
2025-06-12 10:42:00,43.1
2025-06-12 23:50:00,50.7
2025-06-12 04:21:00,17.5
2025-06-12 15:21:00,16.5
2025-06-12 18:41:00,98.2
2025-06-12 16:45:00,45.5
2025-06-12 03:10:00,49.82536769031651
2025-06-12 21:08:00,49.82536769031651
2025-06-12 12:05:00,17.2
2025-06-12 00:46:00,35.4
2025-06-12 09:24:00,7.7
2025-06-12 23:29:00,50.10362276498773
2025-06-12 18:34:00,72.7
2025-06-12 06:39:00,60.8
2025-06-12 05:37:00,88.7
2025-06-12 13:07:00,69.3
2025-06-12 21:45:00,70.4
2025-06-12 13:32:00,81.6
2025-06-12 02:58:00,89.3
2025-06-12 01:44:00,96.6
2025-06-12 20:50:00,50.10362276498773
2025-06-12 02:30:00,7.1
2025-06-12 13:05:00,22.4
2025-06-12 14:45:00,72.6
2025-06-12 21:46:00,14.7
2025-06-12 22:33:00,81.2
2025-06-12 11:31:00,50.6
2025-06-12 00:15:00,55.6
2025-06-12 11:48:00,92.2
2025-06-12 17:35:00,50.10362276498773
2025-06-12 09:33:00,50.10362276498773
2025-06-12 07:12:00,43.1
2025-06-12 07:58:00,87.0
2025-06-12 14:51:00,82.8
2025-06-12 05:52:00,58.9
2025-06-12 06:32:00,77.1
2025-06-12 00:59:00,72.5
2025-06-12 18:17:00,4.9
2025-06-12 21:20:00,99.4
2025-06-12 19:43:00,15.8
2025-06-12 03:20:00,81.0
2025-06-12 20:35:00,23.1
2025-06-12 17:17:00,31.7
2025-06-12 09:29:00,13.8
2025-06-12 17:16:00,10.4
2025-06-12 21:47:00,50.10362276498773
2025-06-12 08:45:00,50.10362276498773
2025-06-12 10:04:00,15.0
2025-06-12 16:18:00,85.8
2025-06-12 09:45:00,92.4
2025-06-12 04:07:00,46.1
2025-06-12 07:29:00,54.2
2025-06-12 12:45:00,51.7
2025-06-12 08:10:00,50.10362276498773
2025-06-12 17:02:00,78.3
2025-06-12 12:46:00,84.4
2025-06-12 18:56:00,58.6
2025-06-12 22:31:00,27.1
2025-06-12 10:48:00,6.5
2025-06-12 05:35:00,26.1
2025-06-12 14:02:00,94.6
2025-06-12 12:35:00,50.10362276498773
2025-06-12 01:24:00,29.1
2025-06-12 04:52:00,50.10362276498773
2025-06-12 19:16:00,48.9
2025-06-12 04:48:00,9.0
2025-06-12 08:45:00,49.0
2025-06-12 15:56:00,93.7
2025-06-12 04:35:00,50.10362276498773
2025-06-12 11:55:00,0.7
2025-06-12 20:06:00,44.2
2025-06-12 04:01:00,50.10362276498773
2025-06-12 05:58:00,77.2
2025-06-12 04:01:00,24.4
2025-06-12 22:05:00,4.3
2025-06-12 11:04:00,50.10362276498773
2025-06-12 08:17:00,4.4
2025-06-12 14:37:00,50.10362276498773
2025-06-12 11:02:00,69.9
2025-06-12 08:09:00,23.9
2025-06-12 06:48:00,50.10362276498773
2025-06-12 23:29:00,43.1
2025-06-12 05:13:00,68.0
2025-06-12 07:01:00,42.7
2025-06-12 08:23:00,50.10362276498773
2025-06-12 13:42:00,43.7
2025-06-12 23:23:00,6.4
2025-06-12 19:03:00,50.10362276498773
2025-06-12 18:30:00,51.9
2025-06-12 06:02:00,24.1
2025-06-12 02:42:00,43.7
2025-06-12 06:45:00,39.1
2025-06-12 18:10:00,9.7
2025-06-12 01:13:00,81.7
2025-06-12 02:15:00,51.8
2025-06-12 06:32:00,94.7
2025-06-12 14:46:00,94.2
2025-06-12 09:58:00,33.6
2025-06-12 09:00:00,51.4
2025-06-12 20:18:00,4.3
2025-06-12 17:34:00,21.0
2025-06-12 14:12:00,57.5
2025-06-12 14:11:00,29.9
2025-06-12 07:40:00,51.1
2025-06-12 05:45:00,46.6
2025-06-12 12:06:00,37.1
2025-06-12 00:29:00,65.1
2025-06-12 09:27:00,85.9
2025-06-12 22:09:00,97.2
2025-06-12 14:07:00,50.10362276498773
2025-06-12 23:04:00,1.6
2025-06-12 08:43:00,77.9
2025-06-12 04:26:00,25.2
2025-06-12 19:08:00,50.10362276498773
2025-06-12 11:25:00,9.2
2025-06-12 12:22:00,36.8
2025-06-12 19:02:00,10.2
2025-06-12 10:22:00,5.4
2025-06-12 14:44:00,3.7
2025-06-12 00:33:00,70.2
2025-06-12 15:06:00,30.9
2025-06-12 06:15:00,32.8
2025-06-12 08:27:00,74.4
2025-06-12 07:24:00,85.0
2025-06-12 14:13:00,50.10362276498773
2025-06-12 21:58:00,66.2
2025-06-12 03:28:00,70.8
2025-06-12 21:35:00,71.4
2025-06-12 12:16:00,2.3
2025-06-12 18:52:00,10.8
2025-06-12 20:19:00,89.3
2025-06-12 14:58:00,88.5
2025-06-12 06:29:00,35.4
2025-06-12 09:24:00,33.3
2025-06-12 01:53:00,95.9
2025-06-12 21:41:00,32.5
2025-06-12 02:41:00,50.10362276498773
2025-06-12 02:54:00,26.2
2025-06-12 23:34:00,52.6
2025-06-12 16:16:00,88.6
2025-06-12 05:34:00,2.4
2025-06-12 21:57:00,81.2
2025-06-12 03:42:00,50.10362276498773
2025-06-12 11:44:00,42.0
2025-06-12 13:07:00,73.3
2025-06-12 21:26:00,17.0
2025-06-12 07:14:00,50.10362276498773
2025-06-12 16:35:00,50.10362276498773
2025-06-12 15:35:00,57.9
2025-06-12 22:01:00,13.9
2025-06-12 09:59:00,4.5
2025-06-12 11:01:00,75.7
2025-06-12 02:59:00,88.9
2025-06-12 09:22:00,50.10362276498773
2025-06-12 07:23:00,50.10362276498773
2025-06-12 15:45:00,96.7
2025-06-12 10:20:00,83.3
2025-06-12 05:50:00,7.5
2025-06-12 16:11:00,98.8
2025-06-12 01:52:00,72.8
2025-06-12 07:56:00,38.9
2025-06-12 15:24:00,49.1
2025-06-12 07:54:00,50.10362276498773
2025-06-12 21:30:00,50.10362276498773
2025-06-12 07:37:00,36.7
2025-06-12 10:53:00,45.9
2025-06-12 15:23:00,16.7
2025-06-12 14:34:00,56.6
2025-06-12 09:31:00,38.1
2025-06-12 04:02:00,50.3
2025-06-12 00:31:00,50.10362276498773
2025-06-12 22:39:00,17.2
2025-06-12 00:52:00,57.3
2025-06-12 11:57:00,6.8
2025-06-12 19:20:00,74.3
2025-06-12 07:37:00,96.1
2025-06-12 10:52:00,50.10362276498773
2025-06-12 18:16:00,50.10362276498773
2025-06-12 19:07:00,50.10362276498773
2025-06-12 23:53:00,34.9
2025-06-12 03:38:00,31.2
2025-06-12 17:40:00,81.7
2025-06-12 17:54:00,43.4
2025-06-12 22:30:00,5.3
2025-06-12 19:28:00,62.3
2025-06-12 14:02:00,50.10362276498773
2025-06-12 08:05:00,96.1
2025-06-12 11:29:00,16.4
2025-06-12 10:44:00,78.0
2025-06-12 04:13:00,50.10362276498773
2025-06-12 21:45:00,53.1
2025-06-12 19:52:00,16.5
2025-06-12 17:46:00,49.0
2025-06-12 19:21:00,9.9
2025-06-12 20:15:00,49.7
2025-06-12 19:05:00,43.9
2025-06-12 19:15:00,51.9
2025-06-12 06:51:00,50.10362276498773
2025-06-12 04:38:00,50.10362276498773
2025-06-12 02:26:00,2.9
2025-06-12 01:35:00,44.6
2025-06-12 03:09:00,3.1
2025-06-12 21:47:00,89.2
2025-06-12 17:25:00,49.2
2025-06-12 22:10:00,15.9
2025-06-12 17:36:00,81.8
2025-06-12 07:06:00,83.3
2025-06-12 00:27:00,32.3
2025-06-12 14:30:00,63.1
2025-06-12 08:26:00,63.0
2025-06-12 09:17:00,50.10362276498773
2025-06-12 02:26:00,16.6
2025-06-12 18:30:00,50.10362276498773
2025-06-12 05:51:00,50.10362276498773
2025-06-12 20:21:00,50.10362276498773
2025-06-12 08:58:00,19.8
2025-06-12 20:58:00,50.10362276498773
2025-06-12 06:04:00,50.10362276498773
2025-06-12 18:51:00,50.10362276498773
2025-06-12 10:56:00,50.10362276498773
2025-06-12 11:07:00,50.10362276498773
2025-06-12 22:52:00,50.10362276498773
2025-06-12 12:59:00,62.4
2025-06-12 16:14:00,48.6
2025-06-12 21:47:00,2.8
2025-06-12 20:39:00,11.8
2025-06-12 03:18:00,75.3
2025-06-12 22:35:00,50.10362276498773
2025-06-12 14:07:00,71.7
2025-06-12 17:37:00,53.0
2025-06-12 20:44:00,59.7
2025-06-12 02:26:00,86.1
2025-06-12 03:17:00,6.9
2025-06-12 08:00:00,20.0
2025-06-12 21:03:00,38.8
2025-06-12 05:50:00,5.5
2025-06-12 00:48:00,87.4
2025-06-12 04:35:00,10.9
2025-06-12 07:42:00,78.8
2025-06-12 12:27:00,84.5
2025-06-12 15:14:00,50.10362276498773
2025-06-12 06:49:00,43.3
2025-06-12 13:10:00,50.10362276498773
2025-06-12 14:39:00,45.7
2025-06-12 05:26:00,29.9
2025-06-12 02:52:00,78.2
2025-06-12 21:29:00,88.3
2025-06-12 07:33:00,50.10362276498773
2025-06-12 04:03:00,50.10362276498773
2025-06-12 19:18:00,6.1
2025-06-12 02:02:00,58.4
2025-06-12 19:21:00,49.5
2025-06-12 03:57:00,43.4
2025-06-12 10:35:00,47.9
2025-06-12 18:26:00,25.0
2025-06-12 01:18:00,54.9
2025-06-12 19:58:00,98.2
2025-06-12 07:52:00,37.4
2025-06-12 08:56:00,26.6
2025-06-12 11:06:00,37.0
2025-06-12 21:45:00,50.10362276498773
2025-06-12 07:31:00,50.0
2025-06-12 07:05:00,6.7
2025-06-12 20:07:00,45.7
2025-06-12 20:27:00,75.5
2025-06-12 08:02:00,31.2
2025-06-12 00:06:00,54.2
2025-06-12 15:34:00,50.10362276498773
2025-06-12 05:02:00,0.2
2025-06-12 20:19:00,19.6
2025-06-12 12:43:00,69.6
2025-06-12 00:17:00,53.9
2025-06-12 07:56:00,62.3
2025-06-12 23:54:00,37.5
2025-06-12 16:47:00,38.4
2025-06-12 16:43:00,5.8
2025-06-12 19:37:00,97.6
2025-06-12 22:47:00,17.8
2025-06-12 15:37:00,79.4
2025-06-12 06:07:00,98.4
2025-06-12 12:19:00,21.8
2025-06-12 16:51:00,43.8
2025-06-12 01:40:00,50.10362276498773
2025-06-12 01:33:00,83.7
2025-06-12 02:44:00,50.10362276498773
2025-06-12 14:07:00,63.1
2025-06-12 03:44:00,13.6
2025-06-12 13:43:00,71.0
2025-06-12 10:41:00,40.3
2025-06-12 06:08:00,22.3
2025-06-12 02:32:00,71.0
2025-06-12 00:20:00,76.6
2025-06-12 19:54:00,50.10362276498773
2025-06-12 18:40:00,50.10362276498773
2025-06-12 04:40:00,56.4
2025-06-12 20:42:00,59.9
2025-06-12 05:07:00,37.6
2025-06-12 10:52:00,63.4
2025-06-12 12:57:00,50.10362276498773
2025-06-12 04:51:00,50.10362276498773
2025-06-12 17:58:00,3.7
2025-06-12 07:45:00,44.0
2025-06-12 02:23:00,58.1
2025-06-12 20:33:00,92.4
2025-06-12 00:00:00,61.6
2025-06-12 08:28:00,73.2
2025-06-12 00:06:00,84.6
2025-06-12 00:35:00,44.3
2025-06-12 13:15:00,10.9
2025-06-12 08:42:00,63.0
2025-06-12 06:30:00,24.1
2025-06-12 18:56:00,71.5
2025-06-12 19:18:00,34.6
2025-06-12 16:20:00,83.4
2025-06-12 12:08:00,32.7
2025-06-12 08:11:00,35.3
2025-06-12 07:00:00,72.6
2025-06-12 01:54:00,23.2
2025-06-12 09:28:00,50.10362276498773
2025-06-12 21:30:00,37.1
2025-06-12 08:43:00,40.0
2025-06-12 15:11:00,42.3
2025-06-12 08:18:00,72.3
2025-06-12 14:25:00,27.3
2025-06-12 23:57:00,44.0
2025-06-12 20:40:00,97.4
2025-06-12 22:51:00,50.10362276498773
2025-06-12 13:31:00,6.6
2025-06-12 20:22:00,69.3
2025-06-12 04:02:00,12.0
2025-06-12 18:08:00,84.7
2025-06-12 10:15:00,51.1
2025-06-12 17:35:00,46.9
2025-06-12 19:34:00,86.0
2025-06-12 16:26:00,51.4
2025-06-12 19:18:00,37.2
2025-06-12 15:02:00,27.2
2025-06-12 21:49:00,63.0
2025-06-12 17:53:00,73.1
2025-06-12 11:32:00,35.1
2025-06-12 18:24:00,99.2
2025-06-12 11:18:00,62.2
2025-06-12 23:22:00,20.1
2025-06-12 09:59:00,85.5
2025-06-12 13:11:00,56.7
2025-06-12 19:06:00,34.8
2025-06-12 05:47:00,79.3
2025-06-12 12:03:00,50.10362276498773
2025-06-12 07:57:00,77.8
2025-06-12 15:21:00,60.9
2025-06-12 15:44:00,98.8
2025-06-12 12:18:00,97.0
2025-06-12 19:51:00,13.3
2025-06-12 17:10:00,13.0
2025-06-12 20:13:00,50.10362276498773
2025-06-12 20:58:00,81.3
2025-06-12 01:40:00,43.4
2025-06-12 05:45:00,52.8
2025-06-12 18:29:00,5.9
2025-06-12 05:04:00,43.8
2025-06-12 21:53:00,82.1
2025-06-12 18:14:00,34.6
2025-06-12 13:08:00,78.8
2025-06-12 13:30:00,2.1
2025-06-12 04:11:00,56.6
2025-06-12 06:38:00,93.4
2025-06-12 23:20:00,83.0
2025-06-12 06:22:00,53.3
2025-06-12 03:33:00,40.5
2025-06-12 02:31:00,50.12327810650887
2025-06-12 22:41:00,63.5
2025-06-12 09:16:00,74.3
2025-06-12 02:38:00,4.2
2025-06-12 08:38:00,17.2
2025-06-12 07:23:00,88.7
2025-06-12 10:31:00,75.1
2025-06-12 10:12:00,50.12327810650887
2025-06-12 12:55:00,83.4
2025-06-12 21:52:00,22.0
2025-06-12 03:22:00,50.12327810650887
2025-06-12 17:11:00,50.12327810650887
2025-06-12 19:56:00,50.3
2025-06-12 17:52:00,16.1
2025-06-12 23:05:00,40.7
2025-06-12 18:55:00,15.5
2025-06-12 00:30:00,2.1
2025-06-12 05:47:00,8.5
2025-06-12 08:37:00,13.1
2025-06-12 23:05:00,3.7
2025-06-12 16:31:00,72.8
2025-06-12 21:59:00,49.3
2025-06-12 13:27:00,50.12327810650887
2025-06-12 03:30:00,14.2
2025-06-12 17:02:00,88.0
2025-06-12 17:47:00,50.12327810650887
2025-06-12 05:17:00,34.3
2025-06-12 05:28:00,69.6
2025-06-12 03:47:00,9.1
2025-06-12 02:18:00,32.8
2025-06-12 14:43:00,50.12327810650887
2025-06-12 23:00:00,17.0
2025-06-12 09:10:00,92.7
2025-06-12 03:32:00,12.8
2025-06-12 07:55:00,52.9
2025-06-12 12:20:00,1.7
2025-06-12 20:37:00,39.1
2025-06-12 05:24:00,27.9
2025-06-12 03:53:00,50.12327810650887
2025-06-12 20:08:00,10.6
2025-06-12 12:31:00,71.9
2025-06-12 18:57:00,9.3
2025-06-12 21:50:00,34.5
2025-06-12 08:14:00,14.6
2025-06-12 08:05:00,67.4
2025-06-12 04:52:00,50.12327810650887
2025-06-12 04:41:00,45.5
2025-06-12 17:08:00,21.4
2025-06-12 11:31:00,90.3
2025-06-12 02:24:00,50.12327810650887
2025-06-12 01:38:00,69.7
2025-06-12 01:12:00,71.4
2025-06-12 18:18:00,5.3
2025-06-12 16:32:00,66.4
2025-06-12 12:39:00,64.2
2025-06-12 23:52:00,37.7
2025-06-12 13:32:00,2.9
2025-06-12 08:57:00,9.2
2025-06-12 23:25:00,56.7
2025-06-12 11:47:00,50.12327810650887
2025-06-12 04:39:00,67.4
2025-06-12 02:43:00,35.2
2025-06-12 17:29:00,36.9
2025-06-12 21:14:00,91.1
2025-06-12 17:32:00,55.3
2025-06-12 23:46:00,16.7
2025-06-12 21:58:00,2.3
2025-06-12 15:18:00,41.1
2025-06-12 08:00:00,48.2
2025-06-12 22:42:00,8.3
2025-06-12 05:22:00,97.5
2025-06-12 14:08:00,50.8
2025-06-12 01:41:00,51.7
2025-06-12 01:48:00,3.5
2025-06-12 06:41:00,50.12327810650887
2025-06-12 15:47:00,77.0
2025-06-12 16:57:00,98.4
2025-06-12 13:25:00,86.3
2025-06-12 10:55:00,84.2
2025-06-12 14:53:00,61.8
2025-06-12 16:26:00,76.6
2025-06-12 06:08:00,38.0
2025-06-12 17:21:00,91.4
2025-06-12 19:24:00,82.5
2025-06-12 02:46:00,24.1
2025-06-12 03:22:00,13.1
2025-06-12 06:13:00,83.9
2025-06-12 18:14:00,1.6
2025-06-12 04:43:00,35.8
2025-06-12 00:13:00,0.1
2025-06-12 11:36:00,93.5
2025-06-12 11:10:00,52.8
2025-06-12 15:30:00,92.0
2025-06-12 18:21:00,55.2
2025-06-12 05:13:00,54.7
2025-06-12 09:52:00,7.2
2025-06-12 18:34:00,99.1
2025-06-12 10:22:00,89.0
2025-06-12 15:36:00,1.4
2025-06-12 11:55:00,52.8
2025-06-12 11:50:00,64.0
2025-06-12 08:07:00,89.1
2025-06-12 03:35:00,70.7
2025-06-12 04:37:00,90.6
2025-06-12 14:13:00,89.7
2025-06-12 16:14:00,65.4
2025-06-12 03:59:00,50.12327810650887
2025-06-12 09:47:00,10.7
2025-06-12 19:15:00,34.9
2025-06-12 14:25:00,3.0
2025-06-12 02:11:00,49.2
2025-06-12 14:26:00,81.6
2025-06-12 02:37:00,58.5
2025-06-12 10:53:00,16.8
2025-06-12 06:10:00,50.12327810650887
2025-06-12 02:28:00,32.4
2025-06-12 02:29:00,30.1
2025-06-12 08:56:00,0.4
2025-06-12 14:45:00,88.5
2025-06-12 20:03:00,39.6
2025-06-12 10:42:00,93.4
2025-06-12 21:30:00,98.5
2025-06-12 13:45:00,53.9
2025-06-12 21:33:00,69.1
2025-06-12 01:07:00,66.8
2025-06-12 09:34:00,95.9
2025-06-12 22:08:00,7.5
2025-06-12 07:29:00,71.8
2025-06-12 03:41:00,90.0
2025-06-12 11:44:00,11.8
2025-06-12 01:31:00,50.12327810650887
2025-06-12 15:58:00,85.5
2025-06-12 14:38:00,59.9
2025-06-12 16:13:00,24.6
2025-06-12 10:18:00,50.12327810650887
2025-06-12 00:25:00,68.6
2025-06-12 15:52:00,68.0
2025-06-12 04:00:00,38.4
2025-06-12 05:28:00,38.8
2025-06-12 04:16:00,69.8
2025-06-12 10:46:00,81.6
2025-06-12 15:09:00,50.12327810650887
2025-06-12 03:30:00,16.8
2025-06-12 14:15:00,13.1
2025-06-12 08:52:00,34.6
2025-06-12 07:46:00,50.12327810650887
2025-06-12 05:38:00,72.8
2025-06-12 00:37:00,76.0
2025-06-12 17:39:00,85.7
2025-06-12 14:24:00,50.12327810650887
2025-06-12 08:14:00,14.8
2025-06-12 10:23:00,95.0
2025-06-12 01:28:00,0.3
2025-06-12 05:22:00,77.2
2025-06-12 00:12:00,88.3
2025-06-12 09:31:00,3.6
2025-06-12 06:30:00,16.9
2025-06-12 23:58:00,4.5
2025-06-12 12:39:00,50.12327810650887
2025-06-12 05:33:00,25.9
2025-06-12 15:25:00,77.5
2025-06-12 00:51:00,1.5
2025-06-12 12:56:00,76.2
2025-06-12 17:48:00,70.0
2025-06-12 12:48:00,50.12327810650887
2025-06-12 21:42:00,75.2
2025-06-12 16:04:00,9.8
2025-06-12 14:20:00,35.0
2025-06-12 13:06:00,21.8
2025-06-12 22:49:00,71.8
2025-06-12 10:23:00,32.5
2025-06-12 03:28:00,50.3
2025-06-12 05:42:00,50.12327810650887
2025-06-12 23:53:00,48.4
2025-06-12 10:18:00,50.12327810650887
2025-06-12 01:20:00,84.7
2025-06-12 10:16:00,67.4
2025-06-12 04:38:00,71.8
2025-06-12 17:14:00,42.8
2025-06-12 03:46:00,49.3
2025-06-12 13:38:00,36.0
2025-06-12 02:02:00,31.8
2025-06-12 21:15:00,90.3
2025-06-12 14:01:00,98.3
2025-06-12 05:50:00,96.7
2025-06-12 10:49:00,60.1
2025-06-12 22:12:00,30.8
2025-06-12 09:08:00,22.8
2025-06-12 10:01:00,48.0
2025-06-12 23:49:00,29.7
2025-06-12 11:18:00,92.8
2025-06-12 04:23:00,20.4
2025-06-12 22:45:00,50.12327810650887
2025-06-12 00:31:00,28.8
2025-06-12 21:44:00,30.6
2025-06-12 21:57:00,0.5
2025-06-12 00:35:00,43.2
2025-06-12 12:13:00,74.4
2025-06-12 21:37:00,88.7
2025-06-12 22:26:00,3.7
2025-06-12 22:22:00,48.1
2025-06-12 06:04:00,53.1
2025-06-12 21:51:00,43.5
2025-06-12 03:18:00,9.2
2025-06-12 20:24:00,50.12327810650887
2025-06-12 15:34:00,57.7
2025-06-12 20:00:00,69.9
2025-06-12 11:45:00,98.1
2025-06-12 10:30:00,73.2
2025-06-12 03:09:00,88.9
2025-06-12 01:17:00,50.12327810650887
2025-06-12 18:46:00,37.2
2025-06-12 01:08:00,33.1
2025-06-12 01:56:00,2.8
2025-06-12 01:07:00,52.1
2025-06-12 19:17:00,28.3
2025-06-12 10:20:00,95.1
2025-06-12 05:20:00,30.2
2025-06-12 14:17:00,50.12327810650887
2025-06-12 18:14:00,96.1
2025-06-12 14:52:00,50.12327810650887
2025-06-12 07:22:00,89.9
2025-06-12 22:39:00,39.7
2025-06-12 02:49:00,98.4
2025-06-12 10:25:00,8.1
2025-06-12 11:17:00,5.3
2025-06-12 10:54:00,63.8
2025-06-12 22:17:00,91.1
2025-06-12 07:01:00,80.8
2025-06-12 15:27:00,8.4
2025-06-12 22:43:00,11.0
2025-06-12 00:36:00,67.5
2025-06-12 14:42:00,68.6
2025-06-12 04:29:00,32.2
2025-06-12 23:03:00,91.8
2025-06-12 01:50:00,95.2
2025-06-12 09:50:00,54.0
2025-06-12 06:56:00,66.5
2025-06-12 02:54:00,50.12327810650887
2025-06-12 16:30:00,36.8
2025-06-12 05:42:00,90.3
2025-06-12 01:52:00,77.6
2025-06-12 17:55:00,70.9
2025-06-12 12:16:00,93.5
2025-06-12 22:01:00,77.7
2025-06-12 09:35:00,35.1
2025-06-12 19:12:00,57.1
2025-06-12 10:56:00,11.4
2025-06-12 02:44:00,41.8
2025-06-12 23:34:00,59.9
2025-06-12 23:14:00,34.5
2025-06-12 10:03:00,53.4
2025-06-12 04:29:00,19.7
2025-06-12 03:51:00,50.12327810650887
2025-06-12 13:35:00,16.3
2025-06-12 21:05:00,68.2
2025-06-12 20:30:00,29.3
2025-06-12 18:19:00,94.7
2025-06-12 23:08:00,80.9
2025-06-12 09:00:00,68.0
2025-06-12 01:50:00,50.12327810650887
2025-06-12 17:54:00,72.2
2025-06-12 02:54:00,15.7
2025-06-12 13:33:00,10.1
2025-06-12 09:23:00,39.1
2025-06-12 03:03:00,6.6
2025-06-12 17:21:00,52.9
2025-06-12 09:59:00,10.9
2025-06-12 14:17:00,85.9
2025-06-12 11:56:00,86.8
2025-06-12 10:51:00,4.0
2025-06-12 07:30:00,45.5
2025-06-12 16:41:00,50.12327810650887
2025-06-12 03:30:00,43.1
2025-06-12 12:13:00,50.12327810650887
2025-06-12 23:35:00,50.12327810650887
2025-06-12 12:36:00,46.1
2025-06-12 09:46:00,95.1
2025-06-12 00:01:00,63.7
2025-06-12 14:24:00,48.1
2025-06-12 07:18:00,54.9
2025-06-12 15:28:00,0.3
2025-06-12 21:55:00,91.9
2025-06-12 17:06:00,50.12327810650887
2025-06-12 02:37:00,71.7
2025-06-12 10:54:00,7.9
2025-06-12 20:34:00,50.12327810650887
2025-06-12 09:53:00,29.9
2025-06-12 10:00:00,90.4
2025-06-12 01:20:00,44.3
2025-06-12 07:00:00,77.9
2025-06-12 22:51:00,66.0
2025-06-12 22:16:00,75.6
2025-06-12 23:33:00,20.5
2025-06-12 21:16:00,10.2
2025-06-12 15:39:00,50.12327810650887
2025-06-12 22:25:00,0.3
2025-06-12 20:17:00,66.1
2025-06-12 09:12:00,18.0
2025-06-12 15:40:00,77.4
2025-06-12 19:34:00,77.9
2025-06-12 14:48:00,49.63956792297757
2025-06-12 02:38:00,14.1
2025-06-12 14:09:00,66.0
2025-06-12 18:30:00,71.3
2025-06-12 23:29:00,32.2
2025-06-12 00:30:00,34.7
2025-06-12 05:00:00,12.8
2025-06-12 22:37:00,97.1
2025-06-12 02:54:00,20.1
2025-06-12 14:39:00,45.8
2025-06-12 22:48:00,73.1
2025-06-12 14:55:00,89.2
2025-06-12 08:28:00,81.3
2025-06-12 23:11:00,90.3
2025-06-12 07:51:00,10.3
2025-06-12 23:50:00,61.3
2025-06-12 18:19:00,22.0
2025-06-12 22:33:00,41.9
2025-06-12 02:45:00,31.2
2025-06-12 17:50:00,24.2
2025-06-12 10:55:00,9.0
2025-06-12 20:55:00,49.63956792297757
2025-06-12 08:13:00,98.4
2025-06-12 04:33:00,97.1
2025-06-12 05:29:00,2.7
2025-06-12 14:42:00,17.3
2025-06-12 18:43:00,10.2
2025-06-12 13:52:00,66.7
2025-06-12 04:35:00,12.4
2025-06-12 21:28:00,49.0
2025-06-12 03:08:00,95.1
2025-06-12 20:35:00,16.4
2025-06-12 07:42:00,19.5
2025-06-12 21:52:00,29.6
2025-06-12 15:26:00,89.1
2025-06-12 03:33:00,83.5
2025-06-12 20:56:00,13.0
2025-06-12 23:45:00,43.3
2025-06-12 05:41:00,50.5
2025-06-12 16:48:00,8.7
2025-06-12 07:16:00,5.6
2025-06-12 14:39:00,96.2
2025-06-12 14:48:00,31.4
2025-06-12 16:55:00,45.8
2025-06-12 17:52:00,46.8
2025-06-12 10:57:00,49.63956792297757
2025-06-12 10:38:00,76.6
2025-06-12 13:52:00,94.4
2025-06-12 17:34:00,63.9
2025-06-12 05:05:00,41.3
2025-06-12 01:42:00,73.8
2025-06-12 00:27:00,84.8
2025-06-12 08:16:00,58.9
2025-06-12 09:11:00,2.1
2025-06-12 02:39:00,19.8
2025-06-12 13:27:00,49.63956792297757
2025-06-12 02:56:00,37.0
2025-06-12 16:14:00,0.7
2025-06-12 00:45:00,20.9
2025-06-12 17:19:00,88.9
2025-06-12 15:19:00,52.3
2025-06-12 05:39:00,55.9
2025-06-12 08:33:00,3.0
2025-06-12 09:00:00,3.1
2025-06-12 19:38:00,16.8
2025-06-12 05:30:00,83.9
2025-06-12 03:43:00,80.3
2025-06-12 07:41:00,47.5
2025-06-12 15:13:00,42.4
2025-06-12 07:25:00,97.6
2025-06-12 00:25:00,12.8
2025-06-12 03:47:00,62.8
2025-06-12 14:51:00,4.5
2025-06-12 13:53:00,27.1
2025-06-12 07:16:00,89.5
2025-06-12 14:27:00,49.9
2025-06-12 04:58:00,40.2
2025-06-12 20:31:00,47.1
2025-06-12 22:55:00,77.6
2025-06-12 00:21:00,46.6
2025-06-12 13:29:00,80.4
2025-06-12 05:46:00,49.63956792297757
2025-06-12 00:26:00,49.63956792297757
2025-06-12 11:02:00,9.6
2025-06-12 01:42:00,49.63956792297757
2025-06-12 07:15:00,77.0
2025-06-12 21:00:00,70.2
2025-06-12 08:56:00,13.0
2025-06-12 22:24:00,14.3
2025-06-12 13:43:00,82.0
2025-06-12 17:20:00,38.0
2025-06-12 06:12:00,54.0
2025-06-12 23:09:00,34.0
2025-06-12 17:09:00,50.1
2025-06-12 22:42:00,49.63956792297757
2025-06-12 10:31:00,76.7
2025-06-12 13:37:00,24.9
2025-06-12 21:24:00,40.6
2025-06-12 20:55:00,22.3
2025-06-12 02:13:00,44.3
2025-06-12 18:20:00,3.8
2025-06-12 23:15:00,27.6
2025-06-12 01:46:00,22.8
2025-06-12 13:01:00,49.63956792297757
2025-06-12 12:10:00,72.4
2025-06-12 12:43:00,97.4
2025-06-12 14:23:00,24.5
2025-06-12 03:22:00,93.3
2025-06-12 14:56:00,58.0
2025-06-12 16:15:00,98.0
2025-06-12 13:45:00,38.7
2025-06-12 10:54:00,28.1
2025-06-12 01:52:00,98.0
2025-06-12 16:55:00,0.8
2025-06-12 14:11:00,99.7
2025-06-12 03:21:00,37.0
2025-06-12 15:21:00,75.2
2025-06-12 13:01:00,71.6
2025-06-12 09:29:00,38.8
2025-06-12 06:29:00,94.6
2025-06-12 00:04:00,23.1
2025-06-12 21:31:00,18.9
2025-06-12 19:52:00,9.6
2025-06-12 15:08:00,56.0
2025-06-12 02:43:00,8.3
2025-06-12 11:35:00,22.0
2025-06-12 22:05:00,26.0
2025-06-12 13:09:00,49.63956792297757
2025-06-12 04:06:00,62.5
2025-06-12 11:31:00,49.63956792297757
2025-06-12 02:56:00,22.8
2025-06-12 09:02:00,95.4
2025-06-12 15:13:00,71.7
2025-06-12 16:53:00,49.63956792297757
2025-06-12 05:00:00,36.5
2025-06-12 00:43:00,49.63956792297757
2025-06-12 14:42:00,65.4
2025-06-12 14:56:00,8.9
2025-06-12 01:50:00,49.63956792297757
2025-06-12 05:54:00,22.2
2025-06-12 13:45:00,14.3
2025-06-12 16:42:00,80.2
2025-06-12 16:33:00,22.3
2025-06-12 17:23:00,19.5
2025-06-12 10:44:00,62.0
2025-06-12 01:26:00,2.0
2025-06-12 02:27:00,69.1
2025-06-12 12:02:00,49.63956792297757
2025-06-12 18:59:00,43.5
2025-06-12 21:27:00,32.8
2025-06-12 13:38:00,19.9
2025-06-12 18:51:00,53.2
2025-06-12 05:51:00,19.3
2025-06-12 01:08:00,25.3
2025-06-12 21:02:00,97.9
2025-06-12 02:24:00,45.0
2025-06-12 08:28:00,49.63956792297757
2025-06-12 11:26:00,0.5
2025-06-12 18:08:00,69.0
2025-06-12 22:48:00,89.2
2025-06-12 13:52:00,74.1
2025-06-12 17:15:00,49.63956792297757
2025-06-12 06:58:00,5.4
2025-06-12 10:22:00,68.0
2025-06-12 14:44:00,79.3
2025-06-12 20:36:00,43.4
2025-06-12 22:36:00,49.63956792297757
2025-06-12 12:38:00,21.2
2025-06-12 16:27:00,12.8
2025-06-12 07:36:00,55.5
2025-06-12 23:59:00,49.63956792297757
2025-06-12 11:39:00,28.2
2025-06-12 11:13:00,66.7
2025-06-12 15:40:00,90.6
2025-06-12 06:16:00,81.5
2025-06-12 14:58:00,19.5
2025-06-12 20:51:00,71.3
2025-06-12 08:34:00,29.5
2025-06-12 05:50:00,21.0
2025-06-12 10:59:00,54.6
2025-06-12 18:05:00,13.7
2025-06-12 07:36:00,45.5
2025-06-12 13:00:00,83.5
2025-06-12 20:17:00,6.1
2025-06-12 19:45:00,61.4
2025-06-12 07:56:00,41.7
2025-06-12 04:45:00,19.3
2025-06-12 16:12:00,92.4
2025-06-12 23:01:00,49.63956792297757
2025-06-12 12:09:00,60.3
2025-06-12 10:24:00,96.8
2025-06-12 19:37:00,92.7
2025-06-12 19:00:00,93.5
2025-06-12 15:06:00,17.0
2025-06-12 11:47:00,82.3
2025-06-12 12:24:00,41.9
2025-06-12 10:04:00,0.0
2025-06-12 23:55:00,49.63956792297757
2025-06-12 05:18:00,57.3
2025-06-12 09:15:00,58.6
2025-06-12 04:04:00,5.5
2025-06-12 13:25:00,58.8
2025-06-12 20:36:00,23.5
2025-06-12 01:03:00,49.63956792297757
2025-06-12 09:15:00,8.9
2025-06-12 11:23:00,49.63956792297757
2025-06-12 06:53:00,91.7
2025-06-12 02:37:00,38.2
2025-06-12 05:55:00,85.2
2025-06-12 23:00:00,0.5
2025-06-12 00:33:00,86.6
2025-06-12 04:12:00,16.8
2025-06-12 15:00:00,7.9
2025-06-12 15:52:00,95.8
2025-06-12 09:24:00,97.0
2025-06-12 21:36:00,76.1
2025-06-12 03:52:00,24.6
2025-06-12 01:01:00,81.5
2025-06-12 15:45:00,79.9
2025-06-12 06:18:00,49.63956792297757
2025-06-12 13:51:00,80.3
2025-06-12 06:22:00,77.1
2025-06-12 21:39:00,49.63956792297757
2025-06-12 08:17:00,48.0
2025-06-12 07:02:00,1.2
2025-06-12 06:13:00,58.2
2025-06-12 23:29:00,41.6
2025-06-12 16:30:00,4.6
2025-06-12 04:54:00,34.3
2025-06-12 04:48:00,38.2
2025-06-12 04:31:00,98.6
2025-06-12 15:12:00,49.63956792297757
2025-06-12 17:45:00,73.9
2025-06-12 15:52:00,42.6
2025-06-12 08:14:00,15.6
2025-06-12 22:09:00,49.63956792297757
2025-06-12 15:36:00,97.2
2025-06-12 22:23:00,55.2
2025-06-12 09:37:00,28.7
2025-06-12 19:30:00,49.63956792297757
2025-06-12 18:07:00,91.4
2025-06-12 18:58:00,49.63956792297757
2025-06-12 04:00:00,4.7
2025-06-12 22:23:00,49.63956792297757
2025-06-12 02:33:00,16.2
2025-06-12 10:32:00,70.1
2025-06-12 11:14:00,19.5
2025-06-12 23:28:00,87.8
2025-06-12 08:44:00,57.6
2025-06-12 03:56:00,1.6
2025-06-12 09:48:00,69.5
2025-06-12 01:52:00,51.5
2025-06-12 20:28:00,54.6
2025-06-12 01:04:00,82.9
2025-06-12 20:16:00,30.8
2025-06-12 14:53:00,37.4
2025-06-12 16:07:00,78.6
2025-06-12 01:30:00,77.0
2025-06-12 06:41:00,30.7
2025-06-12 18:55:00,18.2
2025-06-12 18:41:00,8.1
2025-06-12 21:28:00,44.1
2025-06-12 02:39:00,49.63956792297757
2025-06-12 05:34:00,65.6
2025-06-12 07:02:00,99.5
2025-06-12 11:11:00,49.63956792297757
2025-06-12 20:44:00,3.7
2025-06-12 01:51:00,49.63956792297757
2025-06-12 06:29:00,49.63956792297757
2025-06-12 05:16:00,69.0
2025-06-12 13:26:00,3.1
2025-06-12 08:43:00,49.63956792297757
2025-06-12 21:05:00,49.63956792297757
2025-06-12 21:47:00,88.0
2025-06-12 19:23:00,5.6
2025-06-12 07:08:00,84.1
2025-06-12 00:12:00,63.7
2025-06-12 07:07:00,93.5
2025-06-12 09:01:00,15.4
2025-06-12 06:18:00,30.0
2025-06-12 18:17:00,23.6
2025-06-12 03:42:00,56.3
2025-06-12 03:28:00,79.3
2025-06-12 01:59:00,59.0
2025-06-12 03:42:00,38.7
2025-06-12 05:07:00,60.9
2025-06-12 15:51:00,15.4
2025-06-12 15:49:00,48.2
2025-06-12 13:59:00,31.4
2025-06-12 08:56:00,28.7
2025-06-12 13:55:00,52.2
2025-06-12 18:33:00,56.8
2025-06-12 03:40:00,49.63956792297757
2025-06-12 12:14:00,3.0
2025-06-12 22:24:00,40.1
2025-06-12 10:25:00,39.9
2025-06-12 00:23:00,19.8
2025-06-12 23:17:00,10.7
2025-06-12 09:19:00,73.4
2025-06-12 11:49:00,37.6
2025-06-12 12:59:00,49.63956792297757
2025-06-12 23:38:00,57.8
2025-06-12 21:08:00,28.9
2025-06-12 02:59:00,41.3
2025-06-12 03:45:00,64.6
2025-06-12 13:40:00,64.7
2025-06-12 14:37:00,49.8
2025-06-12 12:51:00,88.4
2025-06-12 05:06:00,50.29152382078261
2025-06-12 02:47:00,51.4
2025-06-12 01:20:00,72.9
2025-06-12 16:46:00,82.7
2025-06-12 01:35:00,64.0
2025-06-12 19:38:00,87.2
2025-06-12 15:48:00,20.2
2025-06-12 07:19:00,10.7
2025-06-12 04:11:00,48.2
2025-06-12 19:32:00,66.4
2025-06-12 02:06:00,39.6
2025-06-12 00:33:00,79.9
2025-06-12 02:02:00,55.0
2025-06-12 00:52:00,48.3
2025-06-12 18:01:00,94.8
2025-06-12 18:20:00,77.7
2025-06-12 18:21:00,85.6
2025-06-12 14:34:00,91.0
2025-06-12 11:50:00,5.7
2025-06-12 18:39:00,82.6
2025-06-12 16:56:00,40.7
2025-06-12 03:37:00,10.4
2025-06-12 02:51:00,50.29152382078261
2025-06-12 22:32:00,20.9
2025-06-12 14:19:00,89.8
2025-06-12 11:20:00,80.3
2025-06-12 21:11:00,87.0
2025-06-12 01:51:00,6.7
2025-06-12 20:13:00,8.0
2025-06-12 17:49:00,98.1
2025-06-12 05:40:00,39.4
2025-06-12 13:16:00,73.4
2025-06-12 02:35:00,29.0
2025-06-12 01:49:00,65.9
2025-06-12 14:17:00,50.29152382078261
2025-06-12 00:12:00,59.6
2025-06-12 22:13:00,30.1
2025-06-12 14:48:00,64.7
2025-06-12 18:16:00,34.5
2025-06-12 03:51:00,32.9
2025-06-12 22:52:00,43.6
2025-06-12 18:20:00,50.29152382078261
2025-06-12 19:24:00,46.9
2025-06-12 13:45:00,50.29152382078261
2025-06-12 17:43:00,91.9
2025-06-12 19:12:00,50.29152382078261
2025-06-12 06:11:00,35.1
2025-06-12 15:39:00,67.6
2025-06-12 09:47:00,3.9
2025-06-12 00:19:00,26.0
2025-06-12 13:53:00,65.3
2025-06-12 12:37:00,2.9
2025-06-12 04:21:00,90.0
2025-06-12 15:41:00,99.9
2025-06-12 10:32:00,24.0
2025-06-12 16:07:00,42.3
2025-06-12 23:58:00,15.5
2025-06-12 09:35:00,71.6
2025-06-12 13:46:00,59.7
2025-06-12 21:16:00,64.3
2025-06-12 16:53:00,69.2
2025-06-12 09:55:00,37.8
2025-06-12 20:33:00,22.8
2025-06-12 07:11:00,91.6
2025-06-12 01:43:00,62.1
2025-06-12 10:33:00,96.3
2025-06-12 10:26:00,0.7
2025-06-12 17:12:00,98.9
2025-06-12 15:00:00,91.2
2025-06-12 19:38:00,4.2
2025-06-12 15:11:00,79.6
2025-06-12 12:07:00,62.6
2025-06-12 20:24:00,86.9
2025-06-12 00:05:00,70.1
2025-06-12 22:07:00,50.29152382078261
2025-06-12 18:27:00,45.1
2025-06-12 09:26:00,50.29152382078261
2025-06-12 11:25:00,26.8
2025-06-12 01:33:00,83.2
2025-06-12 14:30:00,50.29152382078261
2025-06-12 07:27:00,61.6
2025-06-12 14:09:00,50.29152382078261
2025-06-12 06:38:00,50.29152382078261
2025-06-12 04:53:00,15.8
2025-06-12 05:09:00,70.7
2025-06-12 22:15:00,50.29152382078261
2025-06-12 10:20:00,9.0
2025-06-12 17:54:00,7.0
2025-06-12 03:42:00,43.6
2025-06-12 06:38:00,34.6
2025-06-12 09:45:00,9.8
2025-06-12 15:40:00,66.6
2025-06-12 02:52:00,50.29152382078261
2025-06-12 07:15:00,71.8
2025-06-12 07:50:00,50.29152382078261
2025-06-12 00:06:00,67.8
2025-06-12 02:23:00,31.5
2025-06-12 19:22:00,72.0
2025-06-12 16:27:00,30.0
2025-06-12 19:06:00,51.6
2025-06-12 15:30:00,98.3
2025-06-12 05:07:00,50.29152382078261
2025-06-12 03:41:00,21.7
2025-06-12 09:59:00,30.4
2025-06-12 04:39:00,50.29152382078261
2025-06-12 12:14:00,84.8
2025-06-12 06:11:00,9.0
2025-06-12 11:26:00,50.29152382078261
2025-06-12 13:08:00,74.7
2025-06-12 07:06:00,52.4
2025-06-12 06:00:00,41.8
2025-06-12 04:10:00,60.6
2025-06-12 03:28:00,30.9
2025-06-12 02:30:00,47.4
2025-06-12 18:09:00,23.2
2025-06-12 13:09:00,61.1
2025-06-12 07:57:00,42.7
2025-06-12 22:16:00,93.4
2025-06-12 00:40:00,14.4
2025-06-12 12:48:00,19.4
2025-06-12 20:02:00,93.7
2025-06-12 17:33:00,78.2
2025-06-12 04:05:00,44.3
2025-06-12 18:09:00,77.3
2025-06-12 12:25:00,64.6
2025-06-12 00:43:00,50.29152382078261
2025-06-12 21:13:00,27.4
2025-06-12 10:07:00,46.3
2025-06-12 21:07:00,45.4
2025-06-12 14:04:00,91.0
2025-06-12 18:17:00,50.29152382078261
2025-06-12 20:48:00,4.8
2025-06-12 18:19:00,37.9
2025-06-12 00:25:00,59.7
2025-06-12 19:22:00,50.29152382078261
2025-06-12 11:20:00,79.8
2025-06-12 08:55:00,50.0
2025-06-12 21:32:00,67.5
2025-06-12 09:17:00,50.29152382078261
2025-06-12 05:22:00,62.5
2025-06-12 09:37:00,19.6
2025-06-12 13:01:00,63.1
2025-06-12 21:10:00,10.2
2025-06-12 02:42:00,6.2
2025-06-12 07:18:00,50.29152382078261
2025-06-12 01:36:00,50.29152382078261
2025-06-12 02:11:00,47.3
2025-06-12 22:10:00,50.29152382078261
2025-06-12 19:37:00,52.0
2025-06-12 14:08:00,29.3
2025-06-12 01:47:00,10.3
2025-06-12 23:29:00,1.9
2025-06-12 23:58:00,23.4
2025-06-12 09:58:00,44.5
2025-06-12 09:09:00,50.29152382078261
2025-06-12 03:46:00,66.6
2025-06-12 23:04:00,65.9
2025-06-12 20:25:00,63.4
2025-06-12 17:31:00,20.8
2025-06-12 03:41:00,50.29152382078261
2025-06-12 17:03:00,47.2
2025-06-12 04:22:00,30.4
2025-06-12 10:39:00,34.8
2025-06-12 17:57:00,13.8
2025-06-12 01:27:00,50.29152382078261
2025-06-12 18:52:00,50.29152382078261
2025-06-12 02:07:00,25.9
2025-06-12 06:30:00,88.4
2025-06-12 01:38:00,99.3
2025-06-12 11:51:00,74.6
2025-06-12 21:36:00,32.3
2025-06-12 21:24:00,23.8
2025-06-12 02:59:00,65.2
2025-06-12 12:39:00,56.5
2025-06-12 10:22:00,3.0
2025-06-12 12:08:00,27.8
2025-06-12 12:07:00,34.6
2025-06-12 21:27:00,69.6
2025-06-12 11:47:00,50.29152382078261
2025-06-12 00:20:00,50.29152382078261
2025-06-12 12:32:00,38.9
2025-06-12 20:58:00,62.1
2025-06-12 00:56:00,89.8
2025-06-12 03:24:00,50.29152382078261
2025-06-12 02:54:00,62.2
2025-06-12 19:48:00,46.4
2025-06-12 04:34:00,50.29152382078261
2025-06-12 13:17:00,50.29152382078261
2025-06-12 02:04:00,65.7
2025-06-12 14:24:00,62.2
2025-06-12 23:09:00,2.7
2025-06-12 23:26:00,33.0
2025-06-12 19:33:00,67.2
2025-06-12 08:43:00,50.29152382078261
2025-06-12 13:14:00,21.7
2025-06-12 09:15:00,11.0
2025-06-12 12:22:00,52.4
2025-06-12 14:11:00,50.29152382078261
2025-06-12 13:30:00,49.8
2025-06-12 19:57:00,50.29152382078261
2025-06-12 22:42:00,1.5
2025-06-12 03:30:00,36.6
2025-06-12 10:31:00,32.9
2025-06-12 07:10:00,64.8
2025-06-12 13:59:00,48.9
2025-06-12 12:28:00,62.0
2025-06-12 22:26:00,50.29152382078261
2025-06-12 22:55:00,62.3
2025-06-12 05:50:00,25.3
2025-06-12 20:45:00,20.9
2025-06-12 09:20:00,29.9
2025-06-12 11:55:00,88.6
2025-06-12 04:33:00,46.7
2025-06-12 04:33:00,50.29152382078261
2025-06-12 09:57:00,35.1
2025-06-12 23:35:00,21.7
2025-06-12 10:06:00,74.0
2025-06-12 04:47:00,17.8
2025-06-12 10:05:00,76.4
2025-06-12 07:33:00,97.7
2025-06-12 08:14:00,50.29152382078261
2025-06-12 09:09:00,9.0
2025-06-12 05:27:00,32.1
2025-06-12 22:59:00,50.29152382078261
2025-06-12 12:23:00,2.7
2025-06-12 09:56:00,51.1
2025-06-12 03:20:00,28.3
2025-06-12 03:26:00,11.1
2025-06-12 05:04:00,50.29152382078261
2025-06-12 07:40:00,30.0
2025-06-12 22:33:00,24.9
2025-06-12 04:14:00,50.29152382078261
2025-06-12 00:12:00,36.1
2025-06-12 15:53:00,8.3
2025-06-12 03:01:00,53.3
2025-06-12 00:55:00,49.1
2025-06-12 03:44:00,65.0
2025-06-12 05:21:00,43.1
2025-06-12 10:14:00,44.6
2025-06-12 01:10:00,66.2
2025-06-12 23:01:00,29.3
2025-06-12 04:56:00,50.29152382078261
2025-06-12 02:30:00,50.29152382078261
2025-06-12 16:37:00,17.4
2025-06-12 03:10:00,8.7
2025-06-12 14:10:00,22.9
2025-06-12 23:59:00,74.8
2025-06-12 19:34:00,97.8
2025-06-12 12:50:00,77.7
2025-06-12 00:09:00,50.29152382078261
2025-06-12 22:33:00,23.1
2025-06-12 06:52:00,17.8
2025-06-12 09:52:00,7.7
2025-06-12 10:20:00,18.4
2025-06-12 05:57:00,90.4
2025-06-12 19:23:00,50.29152382078261
2025-06-12 17:22:00,22.3
2025-06-12 22:54:00,81.0
2025-06-12 01:56:00,78.5
2025-06-12 11:00:00,8.5
2025-06-12 17:05:00,17.1
2025-06-12 18:12:00,25.3
2025-06-12 11:49:00,80.4
2025-06-12 01:59:00,67.9
2025-06-12 18:33:00,50.29152382078261
2025-06-12 22:58:00,61.9
2025-06-12 00:09:00,50.29152382078261
2025-06-12 00:54:00,49.0
2025-06-12 17:37:00,33.7
2025-06-12 04:11:00,73.3
2025-06-12 21:59:00,45.4
2025-06-12 17:54:00,13.8
2025-06-12 23:47:00,45.9
2025-06-12 15:49:00,52.5
2025-06-12 07:20:00,50.29152382078261
2025-06-12 08:16:00,50.29152382078261
2025-06-12 18:04:00,99.4
2025-06-12 10:33:00,50.29152382078261
2025-06-12 14:55:00,50.29152382078261
2025-06-12 02:37:00,85.8
2025-06-12 18:30:00,35.0
2025-06-12 03:09:00,20.1
2025-06-12 15:34:00,10.2
2025-06-12 00:55:00,33.0
2025-06-12 02:03:00,72.3
2025-06-12 10:13:00,93.8
2025-06-12 00:02:00,50.29152382078261
2025-06-12 05:08:00,95.8
2025-06-12 11:13:00,63.1
2025-06-12 23:32:00,81.1
2025-06-12 12:41:00,48.0
2025-06-12 17:44:00,92.5
2025-06-12 06:12:00,15.9
2025-06-12 01:21:00,19.2
2025-06-12 15:56:00,52.1
2025-06-12 18:59:00,40.1
2025-06-12 07:16:00,62.5
2025-06-12 20:11:00,53.0
2025-06-12 01:34:00,99.9
2025-06-12 03:13:00,62.0
2025-06-12 12:16:00,60.3
2025-06-12 17:36:00,25.4
2025-06-12 09:10:00,90.2
2025-06-12 05:49:00,63.9
2025-06-12 07:11:00,67.2
2025-06-12 02:02:00,78.3
2025-06-12 07:54:00,1.9
2025-06-12 08:03:00,6.1
2025-06-12 20:00:00,50.29152382078261
2025-06-12 02:11:00,50.29152382078261
2025-06-12 23:32:00,32.2
2025-06-12 19:15:00,97.7
2025-06-12 07:14:00,73.5
2025-06-12 05:10:00,58.9
2025-06-12 14:07:00,19.0
2025-06-12 15:14:00,50.29152382078261
2025-06-12 18:55:00,81.3
2025-06-12 19:51:00,12.2
2025-06-12 06:04:00,50.15830883217688
2025-06-12 18:43:00,92.7
2025-06-12 14:58:00,2.2
2025-06-12 19:42:00,80.5
2025-06-12 12:01:00,45.4
2025-06-12 07:25:00,15.7
2025-06-12 02:08:00,51.5
2025-06-12 17:31:00,3.7
2025-06-12 07:43:00,27.7
2025-06-12 22:12:00,13.3
2025-06-12 06:26:00,97.1
2025-06-12 04:18:00,77.3
2025-06-12 12:13:00,36.1
2025-06-12 21:20:00,38.6
2025-06-12 04:30:00,50.15830883217688
2025-06-12 05:10:00,1.3
2025-06-12 12:22:00,14.3
2025-06-12 01:56:00,41.1
2025-06-12 08:52:00,16.9
2025-06-12 02:58:00,50.15830883217688
2025-06-12 05:36:00,39.3
2025-06-12 00:40:00,42.6
2025-06-12 02:13:00,78.1
2025-06-12 19:02:00,50.15830883217688
2025-06-12 23:22:00,50.15830883217688
2025-06-12 03:16:00,88.0
2025-06-12 14:13:00,13.0
2025-06-12 00:51:00,9.5
2025-06-12 09:50:00,77.8
2025-06-12 21:43:00,93.4
2025-06-12 08:48:00,50.15830883217688
2025-06-12 09:59:00,18.6
2025-06-12 05:32:00,41.0
2025-06-12 14:16:00,97.0
2025-06-12 05:45:00,50.15830883217688
2025-06-12 01:08:00,82.5
2025-06-12 11:18:00,92.6
2025-06-12 18:33:00,97.5
2025-06-12 09:54:00,50.15830883217688
2025-06-12 05:21:00,20.2
2025-06-12 14:33:00,81.9
2025-06-12 18:44:00,99.1
2025-06-12 07:07:00,89.1
2025-06-12 09:57:00,58.8
2025-06-12 23:27:00,50.15830883217688
2025-06-12 12:32:00,32.2
2025-06-12 03:36:00,61.3
2025-06-12 13:12:00,45.5
2025-06-12 06:25:00,50.15830883217688
2025-06-12 20:50:00,38.4
2025-06-12 20:45:00,50.15830883217688
2025-06-12 22:10:00,49.9
2025-06-12 22:16:00,30.9
2025-06-12 09:40:00,86.0
2025-06-12 02:31:00,64.6
2025-06-12 08:00:00,50.15830883217688
2025-06-12 19:12:00,46.1
2025-06-12 18:27:00,50.15830883217688
2025-06-12 08:03:00,80.5
2025-06-12 18:23:00,51.3
2025-06-12 18:15:00,75.9
2025-06-12 05:09:00,3.3
2025-06-12 17:39:00,38.9
2025-06-12 12:24:00,21.4
2025-06-12 03:51:00,50.15830883217688
2025-06-12 00:38:00,50.15830883217688
2025-06-12 07:13:00,14.9
2025-06-12 10:12:00,66.1
2025-06-12 03:16:00,50.15830883217688
2025-06-12 15:33:00,50.3
2025-06-12 07:22:00,47.0
2025-06-12 01:04:00,78.0
2025-06-12 02:07:00,20.1
2025-06-12 06:21:00,45.8
2025-06-12 04:07:00,3.9
2025-06-12 14:53:00,16.8
2025-06-12 23:39:00,74.7
2025-06-12 08:26:00,63.8
2025-06-12 02:42:00,59.2
2025-06-12 06:53:00,54.9
2025-06-12 16:42:00,72.1
2025-06-12 12:17:00,50.15830883217688
2025-06-12 19:01:00,37.4
2025-06-12 06:40:00,62.4
2025-06-12 07:42:00,12.0
2025-06-12 18:07:00,0.6
2025-06-12 16:51:00,90.6
2025-06-12 04:23:00,45.8
2025-06-12 04:04:00,99.9
2025-06-12 07:25:00,91.8
2025-06-12 22:59:00,97.5
2025-06-12 05:18:00,28.4
2025-06-12 17:12:00,61.7
2025-06-12 18:47:00,89.4
2025-06-12 18:51:00,93.9
2025-06-12 19:18:00,99.0
2025-06-12 05:48:00,71.1
2025-06-12 12:24:00,26.1
2025-06-12 06:16:00,50.15830883217688
2025-06-12 05:22:00,50.15830883217688
2025-06-12 05:54:00,37.3
2025-06-12 18:10:00,8.6
2025-06-12 12:33:00,6.2
2025-06-12 21:25:00,19.9
2025-06-12 10:57:00,50.15830883217688
2025-06-12 02:07:00,88.2
2025-06-12 22:20:00,44.5
2025-06-12 12:50:00,33.6
2025-06-12 00:11:00,47.2
2025-06-12 04:45:00,74.4
2025-06-12 13:55:00,4.5
2025-06-12 06:28:00,66.8
2025-06-12 03:10:00,10.3
2025-06-12 23:28:00,75.7
2025-06-12 04:58:00,59.4
2025-06-12 03:41:00,79.7
2025-06-12 21:08:00,58.0
2025-06-12 20:42:00,28.6
2025-06-12 21:04:00,50.15830883217688
2025-06-12 13:35:00,34.0
2025-06-12 04:10:00,55.2
2025-06-12 13:16:00,8.4
2025-06-12 12:24:00,33.1
2025-06-12 07:20:00,43.1
2025-06-12 18:06:00,66.5
2025-06-12 07:14:00,65.5
2025-06-12 13:47:00,28.7
2025-06-12 03:01:00,51.8
2025-06-12 21:50:00,7.9
2025-06-12 07:28:00,97.7
2025-06-12 07:00:00,15.9
2025-06-12 23:51:00,1.3
2025-06-12 06:45:00,8.0
2025-06-12 11:31:00,61.8
2025-06-12 06:28:00,0.7
2025-06-12 01:10:00,5.6
2025-06-12 05:42:00,6.1
2025-06-12 16:39:00,48.3
2025-06-12 21:58:00,30.6
2025-06-12 17:36:00,95.8
2025-06-12 09:30:00,36.7
2025-06-12 20:49:00,55.7
2025-06-12 09:32:00,50.15830883217688
2025-06-12 00:28:00,50.15830883217688
2025-06-12 10:29:00,24.6
2025-06-12 16:46:00,67.8
2025-06-12 07:16:00,50.15830883217688
2025-06-12 03:05:00,42.7
2025-06-12 16:08:00,90.8
2025-06-12 02:22:00,24.2
2025-06-12 00:13:00,56.2
2025-06-12 07:56:00,38.5
2025-06-12 22:50:00,85.0
2025-06-12 23:36:00,92.8
2025-06-12 01:35:00,32.3
2025-06-12 14:33:00,37.8
2025-06-12 18:47:00,1.9
2025-06-12 04:04:00,50.15830883217688
2025-06-12 09:29:00,84.9
2025-06-12 16:20:00,15.5
2025-06-12 11:39:00,46.7
2025-06-12 23:05:00,81.7
2025-06-12 10:48:00,50.15830883217688
2025-06-12 07:17:00,29.5
2025-06-12 23:36:00,32.1
2025-06-12 00:21:00,62.4
2025-06-12 17:18:00,79.7
2025-06-12 17:33:00,90.8
2025-06-12 10:14:00,3.2
2025-06-12 17:00:00,8.8
2025-06-12 07:46:00,74.6
2025-06-12 05:15:00,33.4
2025-06-12 15:08:00,60.7
2025-06-12 00:18:00,95.0
2025-06-12 13:11:00,49.3
2025-06-12 19:23:00,50.15830883217688
2025-06-12 17:28:00,44.9
2025-06-12 16:15:00,25.8
2025-06-12 06:55:00,96.6
2025-06-12 00:29:00,59.5
2025-06-12 21:32:00,50.15830883217688
2025-06-12 22:39:00,77.9
2025-06-12 01:32:00,83.5
2025-06-12 09:32:00,58.8
2025-06-12 15:16:00,97.0
2025-06-12 04:06:00,14.3
2025-06-12 20:56:00,86.7
2025-06-12 14:00:00,84.5
2025-06-12 08:39:00,58.1
2025-06-12 23:49:00,29.2
2025-06-12 07:24:00,92.2
2025-06-12 20:48:00,54.5
2025-06-12 17:05:00,98.8
2025-06-12 19:17:00,12.3
2025-06-12 20:18:00,50.15830883217688
2025-06-12 17:19:00,50.15830883217688
2025-06-12 18:36:00,22.0
2025-06-12 08:49:00,43.4
2025-06-12 18:45:00,48.1
2025-06-12 00:50:00,79.5
2025-06-12 10:23:00,41.1
2025-06-12 14:19:00,71.0
2025-06-12 07:20:00,26.6
2025-06-12 03:10:00,14.2
2025-06-12 01:18:00,55.1
2025-06-12 17:35:00,50.15830883217688
2025-06-12 19:56:00,57.2
2025-06-12 22:52:00,92.8
2025-06-12 06:42:00,84.5
2025-06-12 20:28:00,84.2
2025-06-12 08:03:00,50.15830883217688
2025-06-12 04:28:00,25.8
2025-06-12 12:24:00,57.9
2025-06-12 05:07:00,50.15830883217688
2025-06-12 20:28:00,19.0
2025-06-12 16:02:00,43.5
2025-06-12 10:32:00,74.3
2025-06-12 12:56:00,9.7
2025-06-12 11:11:00,2.9
2025-06-12 08:15:00,70.0
2025-06-12 06:13:00,50.15830883217688
2025-06-12 09:51:00,78.8
2025-06-12 19:55:00,59.5
2025-06-12 01:46:00,90.1
2025-06-12 01:44:00,46.2
2025-06-12 11:57:00,39.2
2025-06-12 23:29:00,6.6
2025-06-12 20:43:00,39.8
2025-06-12 03:06:00,50.15830883217688
2025-06-12 14:19:00,64.1
2025-06-12 12:59:00,8.4
2025-06-12 03:20:00,69.2
2025-06-12 01:04:00,4.9
2025-06-12 12:16:00,50.15830883217688
2025-06-12 05:28:00,86.4
2025-06-12 07:59:00,90.7
2025-06-12 22:28:00,64.9
2025-06-12 21:52:00,66.7
2025-06-12 21:08:00,12.5
2025-06-12 03:38:00,54.0
2025-06-12 21:10:00,1.3
2025-06-12 00:33:00,43.6
2025-06-12 19:31:00,59.0
2025-06-12 03:46:00,50.15830883217688
2025-06-12 22:47:00,48.5
2025-06-12 17:14:00,83.4
2025-06-12 08:18:00,61.7
2025-06-12 20:35:00,6.5
2025-06-12 06:18:00,80.5
2025-06-12 09:18:00,86.3
2025-06-12 09:05:00,37.2
2025-06-12 21:28:00,39.2
2025-06-12 13:57:00,40.0
2025-06-12 21:18:00,75.4
2025-06-12 19:02:00,50.15830883217688
2025-06-12 14:50:00,98.8
2025-06-12 17:03:00,56.9
2025-06-12 19:33:00,72.5
2025-06-12 01:06:00,37.6
2025-06-12 12:22:00,50.15830883217688
2025-06-12 04:56:00,50.15830883217688
2025-06-12 11:16:00,50.15830883217688
2025-06-12 22:05:00,30.0
2025-06-12 11:33:00,69.3
2025-06-12 03:34:00,32.8
2025-06-12 14:19:00,97.0
2025-06-12 17:14:00,57.8
2025-06-12 16:17:00,16.6
2025-06-12 13:31:00,50.15830883217688
2025-06-12 23:27:00,84.3
2025-06-12 05:44:00,12.8
2025-06-12 08:58:00,28.3
2025-06-12 16:39:00,65.6
2025-06-12 17:52:00,66.4
2025-06-12 10:57:00,62.7
2025-06-12 19:35:00,27.1
2025-06-12 04:14:00,97.5
2025-06-12 03:23:00,85.2
2025-06-12 19:03:00,4.7
2025-06-12 06:12:00,50.15830883217688
2025-06-12 07:09:00,81.9
2025-06-12 06:09:00,86.8
2025-06-12 01:30:00,17.4
2025-06-12 15:08:00,41.1
2025-06-12 15:42:00,50.15830883217688
2025-06-12 12:03:00,59.8
2025-06-12 11:43:00,50.15830883217688
2025-06-12 05:27:00,25.2
2025-06-12 10:03:00,70.5
2025-06-12 13:37:00,85.5
2025-06-12 08:55:00,97.2
2025-06-12 10:09:00,22.4
2025-06-12 20:35:00,50.15830883217688
2025-06-12 19:45:00,8.3
2025-06-12 11:07:00,50.15830883217688
2025-06-12 15:15:00,82.9
2025-06-12 17:36:00,50.15830883217688
2025-06-12 06:44:00,61.0
2025-06-12 15:32:00,75.3
2025-06-12 19:38:00,69.4
2025-06-12 03:17:00,42.9
2025-06-12 00:44:00,45.2
2025-06-12 13:54:00,50.15830883217688
2025-06-12 01:07:00,92.1
2025-06-12 09:04:00,83.2
2025-06-12 03:12:00,89.1
2025-06-12 06:05:00,40.7
2025-06-12 09:05:00,33.8
2025-06-12 19:19:00,68.8
2025-06-12 05:57:00,92.9
2025-06-12 06:46:00,50.15830883217688
2025-06-12 08:10:00,94.9
2025-06-12 08:36:00,81.2
2025-06-12 21:41:00,42.3
2025-06-12 23:53:00,46.9
2025-06-12 09:27:00,16.9
2025-06-12 19:13:00,52.2
2025-06-12 05:59:00,85.0
2025-06-12 07:21:00,29.6
2025-06-12 09:11:00,15.9
2025-06-12 20:36:00,12.8
2025-06-12 06:19:00,76.9
2025-06-12 00:42:00,63.4
2025-06-12 03:22:00,98.4
2025-06-12 14:02:00,32.1
2025-06-12 10:06:00,3.4
2025-06-12 04:28:00,96.6
2025-06-12 18:39:00,51.2
2025-06-12 13:06:00,36.5
2025-06-12 07:09:00,92.1
2025-06-12 21:22:00,61.6
2025-06-12 02:30:00,31.5
2025-06-12 10:44:00,68.5
2025-06-12 02:12:00,4.6
2025-06-12 13:43:00,50.5
2025-06-12 03:18:00,50.8
2025-06-12 08:57:00,75.9
2025-06-12 07:11:00,19.9
2025-06-12 22:45:00,20.9
2025-06-12 14:51:00,83.4
2025-06-12 13:17:00,50.05645730416373
2025-06-12 18:18:00,47.7
2025-06-12 10:43:00,52.3
2025-06-12 01:47:00,36.0
2025-06-12 10:14:00,62.1
2025-06-12 09:55:00,50.05645730416373
2025-06-12 07:00:00,40.3
2025-06-12 14:13:00,1.5
2025-06-12 11:30:00,25.3
2025-06-12 08:54:00,80.8
2025-06-12 17:34:00,80.2
2025-06-12 22:40:00,64.2
2025-06-12 06:13:00,88.4
2025-06-12 03:56:00,41.7
2025-06-12 02:16:00,17.3
2025-06-12 04:16:00,47.6
2025-06-12 21:14:00,7.9
2025-06-12 07:05:00,50.05645730416373
2025-06-12 01:50:00,41.1
2025-06-12 23:32:00,9.2
2025-06-12 11:52:00,28.0
2025-06-12 23:50:00,47.1
2025-06-12 22:40:00,48.2
2025-06-12 15:22:00,3.9
2025-06-12 16:00:00,87.0
2025-06-12 00:44:00,73.7
2025-06-12 16:10:00,72.3
2025-06-12 14:14:00,5.2
2025-06-12 19:45:00,55.2
2025-06-12 02:54:00,50.05645730416373
2025-06-12 22:42:00,81.9
2025-06-12 12:02:00,50.05645730416373
2025-06-12 18:55:00,50.05645730416373
2025-06-12 18:44:00,50.9
2025-06-12 02:50:00,25.6
2025-06-12 10:27:00,50.05645730416373
2025-06-12 10:45:00,58.5
2025-06-12 15:17:00,36.6
2025-06-12 08:28:00,17.8
2025-06-12 11:45:00,45.4
2025-06-12 03:12:00,42.9
2025-06-12 23:58:00,50.05645730416373
2025-06-12 22:56:00,64.3
2025-06-12 22:08:00,31.8
2025-06-12 20:29:00,50.05645730416373
2025-06-12 06:22:00,85.3
2025-06-12 00:47:00,37.4
2025-06-12 00:35:00,79.9
2025-06-12 14:30:00,47.9
2025-06-12 21:49:00,69.3
2025-06-12 20:49:00,50.05645730416373
2025-06-12 14:47:00,68.6
2025-06-12 23:07:00,17.7
2025-06-12 06:52:00,59.1
2025-06-12 19:24:00,75.8
2025-06-12 02:09:00,68.1
2025-06-12 12:27:00,58.4
2025-06-12 20:22:00,50.05645730416373
2025-06-12 06:17:00,50.05645730416373
2025-06-12 20:32:00,56.9
2025-06-12 17:01:00,85.7
2025-06-12 04:06:00,19.9
2025-06-12 12:23:00,41.1
2025-06-12 06:39:00,57.0
2025-06-12 03:51:00,44.6
2025-06-12 13:08:00,73.1
2025-06-12 04:37:00,90.5
2025-06-12 04:25:00,30.6
2025-06-12 11:03:00,26.9
2025-06-12 03:21:00,76.1
2025-06-12 22:24:00,69.7
2025-06-12 03:09:00,83.9
2025-06-12 22:20:00,30.9
2025-06-12 12:04:00,22.5
2025-06-12 22:15:00,28.7
2025-06-12 23:30:00,80.1
2025-06-12 22:01:00,93.3
2025-06-12 21:06:00,50.05645730416373
2025-06-12 01:33:00,17.5
2025-06-12 04:48:00,47.1
2025-06-12 19:34:00,99.7
2025-06-12 18:17:00,39.3
2025-06-12 11:25:00,24.8
2025-06-12 14:42:00,97.3
2025-06-12 03:11:00,39.1
2025-06-12 01:33:00,50.05645730416373
2025-06-12 16:29:00,50.05645730416373
2025-06-12 06:33:00,50.05645730416373
2025-06-12 06:13:00,11.8
2025-06-12 22:09:00,50.05645730416373
2025-06-12 18:16:00,94.8
2025-06-12 03:16:00,60.1
2025-06-12 16:36:00,31.6
2025-06-12 18:32:00,95.5
2025-06-12 17:30:00,60.3
2025-06-12 22:29:00,64.7
2025-06-12 09:17:00,25.1
2025-06-12 11:59:00,50.05645730416373
2025-06-12 16:00:00,69.1
2025-06-12 10:26:00,26.4
2025-06-12 16:40:00,76.3
2025-06-12 09:07:00,80.2
2025-06-12 12:06:00,19.2
2025-06-12 18:47:00,22.2
2025-06-12 11:11:00,43.6
2025-06-12 21:49:00,68.7
2025-06-12 04:07:00,73.9
2025-06-12 17:40:00,95.8
2025-06-12 08:37:00,93.6
2025-06-12 01:11:00,43.6
2025-06-12 21:34:00,60.1
2025-06-12 16:20:00,23.2
2025-06-12 12:52:00,5.3
2025-06-12 17:38:00,12.7
2025-06-12 14:44:00,49.5
2025-06-12 13:14:00,50.05645730416373
2025-06-12 08:16:00,86.4
2025-06-12 13:28:00,20.4
2025-06-12 05:41:00,13.8
2025-06-12 08:17:00,51.2
2025-06-12 03:20:00,72.6
2025-06-12 14:57:00,50.05645730416373
2025-06-12 05:37:00,37.0
2025-06-12 15:53:00,64.5
2025-06-12 11:01:00,2.8
2025-06-12 07:10:00,47.0
2025-06-12 11:43:00,93.3
2025-06-12 08:16:00,85.6
2025-06-12 20:31:00,91.6
2025-06-12 09:56:00,13.4
2025-06-12 05:58:00,95.3
2025-06-12 14:20:00,50.05645730416373
2025-06-12 01:38:00,6.6
2025-06-12 05:17:00,56.3
2025-06-12 02:44:00,92.7
2025-06-12 08:43:00,49.2
2025-06-12 19:17:00,55.5
2025-06-12 23:23:00,97.4
2025-06-12 13:35:00,11.6
2025-06-12 23:13:00,87.8
2025-06-12 16:39:00,15.8
2025-06-12 02:34:00,61.3
2025-06-12 07:25:00,51.6
2025-06-12 12:49:00,21.9
2025-06-12 09:55:00,70.9
2025-06-12 08:21:00,29.2
2025-06-12 18:58:00,11.3
2025-06-12 07:38:00,47.9
2025-06-12 15:39:00,9.5
2025-06-12 07:45:00,7.9
2025-06-12 03:01:00,16.4
2025-06-12 18:00:00,59.3
2025-06-12 14:03:00,16.5
2025-06-12 12:39:00,28.2
2025-06-12 01:13:00,50.05645730416373
2025-06-12 04:33:00,50.05645730416373
2025-06-12 04:13:00,89.7
2025-06-12 06:29:00,32.8
2025-06-12 14:23:00,20.3
2025-06-12 02:31:00,50.05645730416373
2025-06-12 07:04:00,68.8
2025-06-12 21:49:00,31.0
2025-06-12 06:35:00,33.6
2025-06-12 16:19:00,85.4
2025-06-12 08:28:00,50.05645730416373
2025-06-12 08:30:00,50.05645730416373
2025-06-12 10:00:00,77.8
2025-06-12 04:40:00,50.05645730416373
2025-06-12 21:05:00,15.9
2025-06-12 15:59:00,92.1
2025-06-12 01:42:00,87.2
2025-06-12 01:56:00,60.1
2025-06-12 20:13:00,31.1
2025-06-12 13:21:00,63.3
2025-06-12 21:33:00,5.1
2025-06-12 00:07:00,38.8
2025-06-12 19:42:00,50.05645730416373
2025-06-12 01:21:00,31.6
2025-06-12 08:42:00,28.7
2025-06-12 18:43:00,35.9
2025-06-12 09:48:00,49.7
2025-06-12 19:00:00,43.5
2025-06-12 15:18:00,50.05645730416373
2025-06-12 07:54:00,50.05645730416373
2025-06-12 19:23:00,35.4
2025-06-12 11:26:00,12.4
2025-06-12 03:14:00,21.6
2025-06-12 05:16:00,71.8
2025-06-12 21:47:00,74.7
2025-06-12 14:08:00,50.05645730416373
2025-06-12 19:45:00,50.05645730416373
2025-06-12 22:50:00,38.4
2025-06-12 22:07:00,80.3
2025-06-12 18:41:00,1.9
2025-06-12 15:51:00,50.05645730416373
2025-06-12 15:52:00,69.5
2025-06-12 19:26:00,50.05645730416373
2025-06-12 08:22:00,68.0
2025-06-12 16:41:00,50.05645730416373
2025-06-12 00:52:00,2.8
2025-06-12 00:22:00,50.05645730416373
2025-06-12 09:16:00,83.5
2025-06-12 04:11:00,97.0
2025-06-12 09:35:00,27.4
2025-06-12 01:15:00,35.3
2025-06-12 09:37:00,71.5
2025-06-12 00:10:00,76.5
2025-06-12 06:58:00,90.1
2025-06-12 11:41:00,58.3
2025-06-12 20:53:00,0.7
2025-06-12 05:19:00,18.9
2025-06-12 16:54:00,50.05645730416373
2025-06-12 11:37:00,27.3
2025-06-12 14:28:00,50.05645730416373
2025-06-12 21:19:00,67.6
2025-06-12 19:21:00,46.6
2025-06-12 06:28:00,37.3
2025-06-12 01:48:00,67.8
2025-06-12 03:50:00,50.05645730416373
2025-06-12 21:04:00,98.1
2025-06-12 18:56:00,73.2
2025-06-12 21:43:00,58.7
2025-06-12 18:21:00,32.7
2025-06-12 13:15:00,61.5
2025-06-12 23:41:00,21.4
2025-06-12 05:51:00,16.5
2025-06-12 06:20:00,87.4
2025-06-12 13:05:00,56.6
2025-06-12 00:23:00,27.6
2025-06-12 18:39:00,56.5
2025-06-12 18:28:00,91.5
2025-06-12 02:57:00,50.05645730416373
2025-06-12 07:16:00,86.9
2025-06-12 00:14:00,4.7
2025-06-12 21:22:00,48.2
2025-06-12 04:08:00,18.3
2025-06-12 02:12:00,97.4
2025-06-12 18:11:00,8.6
2025-06-12 10:38:00,1.2
2025-06-12 03:54:00,12.2
2025-06-12 00:01:00,89.9
2025-06-12 03:01:00,88.2
2025-06-12 16:08:00,50.05645730416373
2025-06-12 10:11:00,39.3
2025-06-12 22:21:00,64.9
2025-06-12 23:57:00,7.1
2025-06-12 17:27:00,15.5
2025-06-12 16:52:00,75.6
2025-06-12 05:04:00,77.5
2025-06-12 01:23:00,63.1
2025-06-12 03:15:00,0.9
2025-06-12 03:52:00,50.05645730416373
2025-06-12 15:45:00,9.9
2025-06-12 23:29:00,50.05645730416373
2025-06-12 02:10:00,92.8
2025-06-12 23:53:00,58.2
2025-06-12 02:33:00,38.7
2025-06-12 03:57:00,50.05645730416373
2025-06-12 01:03:00,28.1
2025-06-12 20:25:00,72.1
2025-06-12 18:55:00,50.05645730416373
2025-06-12 00:02:00,61.0
2025-06-12 19:15:00,24.9
2025-06-12 15:25:00,43.3
2025-06-12 07:07:00,73.3
2025-06-12 06:54:00,62.9
2025-06-12 16:18:00,60.1
2025-06-12 02:00:00,9.8
2025-06-12 21:43:00,55.1
2025-06-12 23:02:00,50.05645730416373
2025-06-12 12:09:00,77.7
2025-06-12 19:58:00,28.4
2025-06-12 06:37:00,64.6
2025-06-12 15:44:00,40.8
2025-06-12 13:53:00,14.8
2025-06-12 11:07:00,28.6
2025-06-12 09:25:00,64.2
2025-06-12 08:57:00,33.8
2025-06-12 15:35:00,31.3
2025-06-12 09:38:00,56.2
2025-06-12 00:36:00,3.7
2025-06-12 21:23:00,50.05645730416373
2025-06-12 23:42:00,67.8
2025-06-12 15:19:00,26.2
2025-06-12 17:34:00,50.05645730416373
2025-06-12 03:04:00,37.7
2025-06-12 23:11:00,28.0
2025-06-12 20:58:00,66.4
2025-06-12 01:17:00,70.7
2025-06-12 06:19:00,59.1
2025-06-12 11:19:00,3.8
2025-06-12 08:16:00,50.2
2025-06-12 05:57:00,7.9
2025-06-12 11:18:00,67.6
2025-06-12 18:03:00,34.8
2025-06-12 06:08:00,23.2
2025-06-12 11:02:00,50.05645730416373
2025-06-12 15:03:00,50.05645730416373
2025-06-12 17:08:00,50.05645730416373
2025-06-12 05:49:00,36.4
2025-06-12 02:58:00,64.5
2025-06-12 12:45:00,8.0
2025-06-12 11:05:00,21.4
2025-06-12 01:11:00,95.3
2025-06-12 03:36:00,98.7
2025-06-12 03:09:00,66.3
2025-06-12 12:02:00,71.3
2025-06-12 21:25:00,55.2
2025-06-12 20:38:00,96.6
2025-06-12 14:18:00,24.1
2025-06-12 02:36:00,50.05645730416373
2025-06-12 19:36:00,68.1
2025-06-12 00:38:00,27.5
2025-06-12 22:28:00,99.1
2025-06-12 15:58:00,11.3
2025-06-12 15:50:00,85.0
2025-06-12 12:35:00,14.6
2025-06-12 06:39:00,43.6
2025-06-12 13:09:00,87.8
2025-06-12 02:36:00,47.5
2025-06-12 08:13:00,15.2
2025-06-12 01:51:00,43.3
2025-06-12 18:39:00,66.8
2025-06-12 22:07:00,47.2
2025-06-12 10:47:00,20.5
2025-06-12 16:04:00,10.8
2025-06-12 23:39:00,69.0
2025-06-12 05:39:00,40.8
2025-06-12 05:08:00,29.4
2025-06-12 18:00:00,97.6
2025-06-12 08:27:00,38.3
2025-06-12 21:44:00,1.1
2025-06-12 10:24:00,20.3
2025-06-12 23:41:00,50.05645730416373
2025-06-12 14:18:00,50.05645730416373
2025-06-12 17:41:00,71.1
2025-06-12 15:52:00,50.05645730416373
2025-06-12 14:03:00,22.2
2025-06-12 14:58:00,49.90502819548872
2025-06-12 12:45:00,95.3
2025-06-12 01:00:00,84.1
2025-06-12 12:12:00,42.1
2025-06-12 12:34:00,49.90502819548872
2025-06-12 20:12:00,5.9
2025-06-12 08:58:00,98.1
2025-06-12 07:12:00,44.1
2025-06-12 13:03:00,5.7
2025-06-12 15:14:00,83.2
2025-06-12 08:58:00,78.6
2025-06-12 15:48:00,26.8
2025-06-12 04:23:00,19.6
2025-06-12 18:24:00,72.0
2025-06-12 22:15:00,61.1
2025-06-12 01:28:00,28.3
2025-06-12 01:44:00,52.4
2025-06-12 07:32:00,49.90502819548872
2025-06-12 19:17:00,54.5
2025-06-12 10:51:00,49.0
2025-06-12 01:03:00,94.7
2025-06-12 22:46:00,5.8
2025-06-12 09:21:00,57.3
2025-06-12 22:39:00,49.90502819548872
2025-06-12 20:49:00,49.90502819548872
2025-06-12 14:40:00,68.5
2025-06-12 13:42:00,59.4
2025-06-12 02:08:00,62.5
2025-06-12 20:22:00,90.5
2025-06-12 03:35:00,49.90502819548872
2025-06-12 22:11:00,42.9
2025-06-12 03:50:00,11.8
2025-06-12 01:34:00,49.90502819548872
2025-06-12 16:35:00,27.7
2025-06-12 10:12:00,1.3
2025-06-12 01:05:00,14.2
2025-06-12 11:20:00,24.9
2025-06-12 08:32:00,53.2
2025-06-12 19:23:00,50.0
2025-06-12 09:29:00,42.7
2025-06-12 15:42:00,5.4
2025-06-12 09:34:00,76.8
2025-06-12 22:42:00,61.5
2025-06-12 14:06:00,11.8
2025-06-12 23:34:00,9.1
2025-06-12 10:14:00,49.90502819548872
2025-06-12 20:55:00,46.5
2025-06-12 10:42:00,4.5
2025-06-12 13:53:00,61.0
2025-06-12 23:11:00,84.9
2025-06-12 12:33:00,73.8
2025-06-12 09:47:00,33.7
2025-06-12 09:12:00,57.8
2025-06-12 06:18:00,49.90502819548872
2025-06-12 06:19:00,3.5
2025-06-12 17:23:00,49.90502819548872
2025-06-12 16:01:00,1.6
2025-06-12 07:03:00,27.1
2025-06-12 16:02:00,49.90502819548872
2025-06-12 16:40:00,85.6
2025-06-12 00:02:00,80.8
2025-06-12 07:08:00,58.9
2025-06-12 00:44:00,75.4
2025-06-12 05:55:00,47.0
2025-06-12 16:36:00,44.6
2025-06-12 04:49:00,8.4
2025-06-12 16:57:00,60.3
2025-06-12 14:24:00,23.3
2025-06-12 01:46:00,79.6
2025-06-12 09:08:00,63.1
2025-06-12 08:12:00,78.5
2025-06-12 12:20:00,46.3
2025-06-12 09:55:00,49.90502819548872
2025-06-12 21:01:00,52.9
2025-06-12 00:57:00,39.7
2025-06-12 19:50:00,70.0
2025-06-12 03:20:00,3.4
2025-06-12 15:07:00,49.90502819548872
2025-06-12 16:56:00,60.5
2025-06-12 04:25:00,49.90502819548872
2025-06-12 02:06:00,64.5
2025-06-12 03:38:00,49.90502819548872
2025-06-12 14:07:00,49.90502819548872
2025-06-12 19:48:00,5.0
2025-06-12 20:25:00,86.4
2025-06-12 13:03:00,49.90502819548872
2025-06-12 04:50:00,34.5
2025-06-12 15:54:00,3.5
2025-06-12 19:42:00,89.7
2025-06-12 23:16:00,49.90502819548872
2025-06-12 14:37:00,3.3
2025-06-12 23:47:00,92.9
2025-06-12 05:43:00,19.6
2025-06-12 02:38:00,4.6
2025-06-12 20:26:00,68.1
2025-06-12 21:22:00,76.8
2025-06-12 08:27:00,80.0
2025-06-12 19:15:00,23.4
2025-06-12 11:53:00,51.7
2025-06-12 07:25:00,72.5
2025-06-12 17:34:00,39.0
2025-06-12 19:26:00,28.9
2025-06-12 22:42:00,66.7
2025-06-12 03:22:00,80.8
2025-06-12 17:56:00,51.3
2025-06-12 11:03:00,49.90502819548872
2025-06-12 07:13:00,15.1
2025-06-12 01:33:00,89.1
2025-06-12 19:45:00,23.0
2025-06-12 20:51:00,17.6
2025-06-12 22:24:00,53.9
2025-06-12 14:18:00,89.2
2025-06-12 22:15:00,89.7
2025-06-12 19:22:00,94.1
2025-06-12 06:26:00,49.90502819548872
2025-06-12 19:08:00,67.7
2025-06-12 18:41:00,94.7
2025-06-12 22:36:00,11.6
2025-06-12 05:40:00,29.1
2025-06-12 10:21:00,66.4
2025-06-12 12:45:00,36.8
2025-06-12 11:59:00,59.1
2025-06-12 09:23:00,76.8
2025-06-12 19:24:00,92.2
2025-06-12 22:38:00,49.90502819548872
2025-06-12 15:09:00,29.7
2025-06-12 18:23:00,41.9
2025-06-12 18:59:00,49.90502819548872
2025-06-12 02:40:00,24.7
2025-06-12 19:31:00,9.3
2025-06-12 03:15:00,94.4
2025-06-12 12:02:00,70.4
2025-06-12 06:06:00,19.9
2025-06-12 06:36:00,86.0
2025-06-12 18:05:00,8.0
2025-06-12 10:05:00,49.90502819548872
2025-06-12 19:09:00,59.6
2025-06-12 16:05:00,97.6
2025-06-12 20:53:00,98.9
2025-06-12 09:39:00,49.90502819548872
2025-06-12 18:41:00,33.3
2025-06-12 00:35:00,86.2
2025-06-12 05:13:00,54.4
2025-06-12 03:27:00,73.6
2025-06-12 17:07:00,84.0
2025-06-12 21:57:00,96.1
2025-06-12 10:55:00,89.4
2025-06-12 08:56:00,99.1
2025-06-12 18:46:00,47.0
2025-06-12 05:10:00,42.3
2025-06-12 06:01:00,14.4
2025-06-12 02:43:00,21.8
2025-06-12 22:13:00,29.3
2025-06-12 19:59:00,49.90502819548872
2025-06-12 22:43:00,92.5
2025-06-12 17:26:00,49.90502819548872
2025-06-12 19:13:00,32.2
2025-06-12 07:25:00,29.6
2025-06-12 06:01:00,18.7
2025-06-12 17:05:00,85.0
2025-06-12 10:20:00,4.0
2025-06-12 15:27:00,14.3
2025-06-12 08:43:00,36.1
2025-06-12 06:42:00,13.9
2025-06-12 09:44:00,31.6
2025-06-12 05:35:00,50.1
2025-06-12 00:57:00,49.90502819548872
2025-06-12 21:04:00,11.3
2025-06-12 15:33:00,49.90502819548872
2025-06-12 09:46:00,49.90502819548872
2025-06-12 06:38:00,68.9
2025-06-12 02:10:00,29.8
2025-06-12 01:14:00,33.0
2025-06-12 03:02:00,24.5
2025-06-12 05:17:00,49.90502819548872
2025-06-12 05:23:00,49.90502819548872
2025-06-12 00:52:00,87.9
2025-06-12 08:17:00,83.2
2025-06-12 07:03:00,57.6
2025-06-12 17:38:00,88.8
2025-06-12 00:22:00,90.2
2025-06-12 19:38:00,3.8
2025-06-12 06:12:00,88.0
2025-06-12 21:02:00,49.90502819548872
2025-06-12 23:18:00,61.2
2025-06-12 12:53:00,76.6
2025-06-12 20:38:00,63.0
2025-06-12 20:08:00,33.5
2025-06-12 13:20:00,0.2
2025-06-12 19:26:00,49.90502819548872
2025-06-12 11:21:00,6.7
2025-06-12 11:48:00,16.2
2025-06-12 03:54:00,53.7
2025-06-12 01:18:00,13.2
2025-06-12 06:09:00,30.3
2025-06-12 15:55:00,19.5
2025-06-12 02:00:00,58.7
2025-06-12 00:02:00,76.6
2025-06-12 16:54:00,60.3
2025-06-12 05:47:00,37.7
2025-06-12 01:11:00,80.8
2025-06-12 12:59:00,52.2
2025-06-12 10:23:00,32.6
2025-06-12 21:45:00,8.5
2025-06-12 10:11:00,49.90502819548872
2025-06-12 19:53:00,62.2
2025-06-12 05:01:00,41.8
2025-06-12 17:03:00,52.2
2025-06-12 19:30:00,29.7
2025-06-12 20:14:00,84.5
2025-06-12 20:50:00,48.0
2025-06-12 18:20:00,49.6
2025-06-12 21:56:00,39.3
2025-06-12 11:45:00,54.0
2025-06-12 13:05:00,15.3
2025-06-12 00:54:00,41.9
2025-06-12 20:01:00,96.3
2025-06-12 13:55:00,41.0
2025-06-12 23:57:00,70.0
2025-06-12 05:07:00,30.4
2025-06-12 22:50:00,88.9
2025-06-12 15:03:00,76.1
2025-06-12 20:16:00,70.5
2025-06-12 09:29:00,49.90502819548872
2025-06-12 02:19:00,1.1
2025-06-12 08:04:00,35.3
2025-06-12 10:10:00,76.7
2025-06-12 11:30:00,76.4
2025-06-12 18:01:00,35.7
2025-06-12 15:18:00,25.3
2025-06-12 02:53:00,32.0
2025-06-12 06:02:00,55.0
2025-06-12 08:30:00,12.0
2025-06-12 15:17:00,8.4
2025-06-12 13:39:00,90.4
2025-06-12 16:28:00,83.9
2025-06-12 22:06:00,43.5
2025-06-12 14:37:00,49.90502819548872
2025-06-12 22:00:00,49.90502819548872
2025-06-12 18:18:00,28.0
2025-06-12 07:07:00,49.90502819548872
2025-06-12 05:08:00,14.6
2025-06-12 23:26:00,11.5
2025-06-12 13:06:00,49.90502819548872
2025-06-12 16:02:00,19.3
2025-06-12 03:29:00,29.2
2025-06-12 20:34:00,14.8
2025-06-12 22:44:00,75.1
2025-06-12 02:09:00,7.9
2025-06-12 01:15:00,49.90502819548872
2025-06-12 05:21:00,75.3
2025-06-12 17:54:00,45.7
2025-06-12 19:22:00,65.7
2025-06-12 22:36:00,49.90502819548872
2025-06-12 20:39:00,81.0
2025-06-12 06:31:00,49.90502819548872
2025-06-12 18:46:00,5.1
2025-06-12 02:17:00,64.6
2025-06-12 17:14:00,32.9
2025-06-12 21:36:00,49.90502819548872
2025-06-12 12:52:00,57.0
2025-06-12 02:24:00,9.7
2025-06-12 21:49:00,49.90502819548872
2025-06-12 02:32:00,44.1
2025-06-12 00:27:00,47.6
2025-06-12 10:53:00,68.1
2025-06-12 19:57:00,40.3
2025-06-12 11:02:00,68.4
2025-06-12 23:58:00,87.2
2025-06-12 16:40:00,89.6
2025-06-12 01:24:00,97.7
2025-06-12 22:54:00,56.3
2025-06-12 13:57:00,0.2
2025-06-12 15:34:00,19.2
2025-06-12 11:58:00,82.2
2025-06-12 09:24:00,57.9
2025-06-12 21:36:00,49.90502819548872
2025-06-12 20:18:00,5.3
2025-06-12 10:43:00,35.4
2025-06-12 16:12:00,69.0
2025-06-12 21:25:00,44.3
2025-06-12 19:10:00,63.8
2025-06-12 22:58:00,34.0
2025-06-12 21:01:00,73.6
2025-06-12 23:10:00,78.5
2025-06-12 16:32:00,71.4
2025-06-12 13:56:00,16.0
2025-06-12 13:42:00,16.1
2025-06-12 20:06:00,19.3
2025-06-12 23:28:00,14.6
2025-06-12 08:12:00,91.3
2025-06-12 11:17:00,49.90502819548872
2025-06-12 23:45:00,59.9
2025-06-12 03:00:00,51.9
2025-06-12 11:55:00,49.90502819548872
2025-06-12 08:33:00,7.2
2025-06-12 16:57:00,67.4
2025-06-12 09:02:00,49.90502819548872
2025-06-12 09:26:00,3.9
2025-06-12 01:27:00,86.2
2025-06-12 00:43:00,35.6
2025-06-12 19:11:00,91.5
2025-06-12 12:45:00,84.5
2025-06-12 03:44:00,52.7
2025-06-12 14:43:00,76.5
2025-06-12 01:04:00,49.90502819548872
2025-06-12 20:14:00,65.6
2025-06-12 14:43:00,80.8
2025-06-12 21:44:00,50.475078938135894
2025-06-12 02:21:00,40.3
2025-06-12 19:06:00,99.2
2025-06-12 16:14:00,85.5
2025-06-12 15:40:00,62.3
2025-06-12 22:29:00,66.5
2025-06-12 15:26:00,6.3
2025-06-12 12:54:00,76.2
2025-06-12 11:24:00,66.9
2025-06-12 19:12:00,85.2
2025-06-12 03:03:00,38.7
2025-06-12 16:23:00,32.4
2025-06-12 06:12:00,13.2
2025-06-12 06:57:00,73.6
2025-06-12 15:06:00,94.2
2025-06-12 17:38:00,50.475078938135894
2025-06-12 16:16:00,32.4
2025-06-12 01:52:00,73.6
2025-06-12 06:02:00,20.2
2025-06-12 02:10:00,50.475078938135894
2025-06-12 12:52:00,67.8
2025-06-12 18:41:00,64.1
2025-06-12 05:46:00,50.475078938135894
2025-06-12 01:08:00,65.7
2025-06-12 04:32:00,94.7
2025-06-12 01:04:00,84.4
2025-06-12 00:30:00,96.6
2025-06-12 15:26:00,92.5
2025-06-12 18:27:00,50.475078938135894
2025-06-12 08:06:00,91.1
2025-06-12 13:13:00,1.1
2025-06-12 11:55:00,76.1
2025-06-12 20:01:00,50.475078938135894
2025-06-12 16:03:00,50.475078938135894
2025-06-12 18:51:00,0.7
2025-06-12 15:58:00,32.9
2025-06-12 21:56:00,55.9
2025-06-12 00:03:00,98.7
2025-06-12 06:06:00,98.0
2025-06-12 00:28:00,90.3
2025-06-12 19:31:00,50.2
2025-06-12 12:46:00,89.9
2025-06-12 19:04:00,50.475078938135894
2025-06-12 04:12:00,50.475078938135894
2025-06-12 06:42:00,61.2
2025-06-12 04:04:00,50.2
2025-06-12 16:52:00,16.3
2025-06-12 19:07:00,71.2
2025-06-12 07:44:00,18.1
2025-06-12 18:24:00,31.2
2025-06-12 09:22:00,87.5
2025-06-12 10:50:00,65.0
2025-06-12 22:41:00,39.3
2025-06-12 01:29:00,9.2
2025-06-12 22:09:00,50.475078938135894
2025-06-12 10:12:00,50.475078938135894
2025-06-12 13:04:00,89.0
2025-06-12 15:23:00,19.9
2025-06-12 22:33:00,98.7
2025-06-12 14:49:00,50.475078938135894
2025-06-12 07:19:00,45.7
2025-06-12 04:59:00,60.1
2025-06-12 13:06:00,69.1
2025-06-12 07:52:00,91.7
2025-06-12 22:16:00,22.0
2025-06-12 18:59:00,53.6
2025-06-12 18:55:00,23.7
2025-06-12 06:17:00,44.2
2025-06-12 05:39:00,12.7
2025-06-12 18:10:00,50.475078938135894
2025-06-12 19:28:00,99.5
2025-06-12 14:00:00,84.5
2025-06-12 00:43:00,67.4
2025-06-12 02:35:00,69.5
2025-06-12 20:18:00,19.9
2025-06-12 23:39:00,99.7
2025-06-12 05:38:00,43.4
2025-06-12 00:30:00,92.3
2025-06-12 17:06:00,81.7
2025-06-12 13:55:00,89.7
2025-06-12 12:32:00,48.1
2025-06-12 20:07:00,50.475078938135894
2025-06-12 06:56:00,7.9
2025-06-12 20:36:00,29.0
2025-06-12 02:44:00,63.2
2025-06-12 11:07:00,50.475078938135894
2025-06-12 12:51:00,53.0
2025-06-12 14:03:00,75.0
2025-06-12 22:38:00,54.2
2025-06-12 10:57:00,19.1
2025-06-12 12:36:00,61.6
2025-06-12 00:42:00,50.475078938135894
2025-06-12 20:51:00,58.1
2025-06-12 04:50:00,5.2
2025-06-12 14:16:00,50.475078938135894
2025-06-12 00:34:00,35.8
2025-06-12 02:42:00,27.4
2025-06-12 05:40:00,84.3
2025-06-12 07:30:00,54.6
2025-06-12 23:45:00,95.1
2025-06-12 04:23:00,45.2
2025-06-12 01:43:00,25.7
2025-06-12 01:15:00,50.475078938135894
2025-06-12 10:51:00,39.5
2025-06-12 15:57:00,74.8
2025-06-12 23:30:00,16.5
2025-06-12 14:18:00,30.5
2025-06-12 06:10:00,64.6
2025-06-12 17:10:00,6.2
2025-06-12 05:39:00,43.3
2025-06-12 16:10:00,37.6
2025-06-12 01:53:00,8.7
2025-06-12 23:43:00,50.475078938135894
2025-06-12 20:30:00,8.8
2025-06-12 06:31:00,38.0
2025-06-12 19:41:00,50.475078938135894
2025-06-12 16:46:00,65.6
2025-06-12 20:37:00,15.1
2025-06-12 14:39:00,38.0
2025-06-12 23:24:00,42.8
2025-06-12 07:34:00,20.3
2025-06-12 02:56:00,45.3
2025-06-12 15:19:00,83.6
2025-06-12 06:55:00,50.475078938135894
2025-06-12 21:12:00,74.9
2025-06-12 21:17:00,12.5
2025-06-12 09:14:00,91.1
2025-06-12 03:24:00,32.9
2025-06-12 05:06:00,53.8
2025-06-12 17:43:00,69.9
2025-06-12 05:47:00,10.6
2025-06-12 14:58:00,36.0
2025-06-12 12:59:00,18.9
2025-06-12 08:02:00,49.4
2025-06-12 13:15:00,50.475078938135894
2025-06-12 09:56:00,50.475078938135894
2025-06-12 22:41:00,29.2
2025-06-12 09:13:00,36.8
2025-06-12 09:13:00,15.6
2025-06-12 04:20:00,50.475078938135894
2025-06-12 09:36:00,3.1
2025-06-12 08:58:00,61.2
2025-06-12 13:56:00,48.1
2025-06-12 22:02:00,24.5
2025-06-12 20:00:00,97.3
2025-06-12 17:08:00,18.0
2025-06-12 02:40:00,72.1
2025-06-12 01:01:00,59.3
2025-06-12 13:47:00,58.5
2025-06-12 00:02:00,50.475078938135894
2025-06-12 01:07:00,75.3
2025-06-12 15:49:00,13.9
2025-06-12 21:37:00,33.0
2025-06-12 20:40:00,98.6
2025-06-12 13:23:00,34.2
2025-06-12 09:36:00,39.7
2025-06-12 09:48:00,12.3
2025-06-12 17:55:00,63.1
2025-06-12 10:55:00,26.4
2025-06-12 07:08:00,79.3
2025-06-12 03:27:00,72.0
2025-06-12 16:13:00,50.475078938135894
2025-06-12 12:50:00,20.8
2025-06-12 21:21:00,50.475078938135894
2025-06-12 09:27:00,42.3
2025-06-12 22:29:00,38.8
2025-06-12 01:00:00,93.1
2025-06-12 05:13:00,40.5
2025-06-12 19:02:00,60.8
2025-06-12 11:58:00,50.475078938135894
2025-06-12 05:32:00,75.4
2025-06-12 10:30:00,47.4
2025-06-12 08:54:00,20.1
2025-06-12 15:13:00,76.9
2025-06-12 23:05:00,10.7
2025-06-12 17:08:00,33.4
2025-06-12 06:45:00,17.1
2025-06-12 19:26:00,21.4
2025-06-12 09:06:00,50.475078938135894
2025-06-12 07:27:00,50.475078938135894
2025-06-12 01:36:00,50.475078938135894
2025-06-12 21:58:00,58.8
2025-06-12 03:20:00,93.5
2025-06-12 17:31:00,97.1
2025-06-12 03:29:00,68.7
2025-06-12 01:09:00,67.5
2025-06-12 09:34:00,93.2
2025-06-12 13:47:00,50.475078938135894
2025-06-12 11:34:00,80.3
2025-06-12 04:15:00,7.5
2025-06-12 19:00:00,79.8
2025-06-12 10:40:00,50.475078938135894
2025-06-12 16:19:00,0.5
2025-06-12 01:28:00,9.4
2025-06-12 06:41:00,21.6
2025-06-12 09:08:00,31.9
2025-06-12 17:01:00,0.9
2025-06-12 07:31:00,55.6
2025-06-12 21:01:00,15.5
2025-06-12 10:21:00,88.8
2025-06-12 05:59:00,29.6
2025-06-12 03:41:00,14.1
2025-06-12 18:52:00,76.1
2025-06-12 13:57:00,19.0
2025-06-12 15:22:00,95.8
2025-06-12 17:29:00,82.3
2025-06-12 09:30:00,35.0
2025-06-12 02:36:00,47.1
2025-06-12 18:59:00,68.9
2025-06-12 04:46:00,99.4
2025-06-12 02:48:00,10.0
2025-06-12 04:41:00,50.475078938135894
2025-06-12 22:08:00,61.3
2025-06-12 12:15:00,63.0
2025-06-12 20:52:00,70.7
2025-06-12 23:08:00,96.0
2025-06-12 12:28:00,50.475078938135894
2025-06-12 02:26:00,86.4
2025-06-12 23:51:00,57.7
2025-06-12 13:26:00,85.2
2025-06-12 17:49:00,59.8
2025-06-12 20:09:00,49.8
2025-06-12 20:09:00,73.2
2025-06-12 03:01:00,30.4
2025-06-12 04:55:00,50.475078938135894
2025-06-12 11:54:00,84.3
2025-06-12 09:47:00,7.4
2025-06-12 08:17:00,59.8
2025-06-12 17:03:00,38.1
2025-06-12 01:46:00,50.475078938135894
2025-06-12 16:46:00,54.9
2025-06-12 15:09:00,50.475078938135894
2025-06-12 05:25:00,11.8
2025-06-12 16:40:00,46.5
2025-06-12 00:47:00,13.6
2025-06-12 17:40:00,13.1
2025-06-12 07:12:00,79.0
2025-06-12 19:47:00,76.2
2025-06-12 09:31:00,11.4
2025-06-12 10:38:00,14.5
2025-06-12 15:12:00,99.2
2025-06-12 13:34:00,0.8
2025-06-12 16:44:00,11.9
2025-06-12 18:16:00,37.2
2025-06-12 19:15:00,33.0
2025-06-12 09:29:00,93.6
2025-06-12 02:14:00,30.8
2025-06-12 08:59:00,37.2
2025-06-12 19:51:00,48.0
2025-06-12 16:05:00,26.0
2025-06-12 00:44:00,4.3
2025-06-12 03:06:00,43.9
2025-06-12 10:56:00,47.8
2025-06-12 22:17:00,57.5
2025-06-12 03:32:00,59.2
2025-06-12 04:03:00,2.4
2025-06-12 01:17:00,58.1
2025-06-12 16:38:00,55.0
2025-06-12 11:38:00,12.0
2025-06-12 23:30:00,89.5
2025-06-12 15:53:00,50.475078938135894
2025-06-12 02:32:00,50.3
2025-06-12 03:29:00,43.1
2025-06-12 08:39:00,20.2
2025-06-12 17:00:00,50.475078938135894
2025-06-12 10:30:00,47.5
2025-06-12 00:05:00,17.6
2025-06-12 10:54:00,50.475078938135894
2025-06-12 04:55:00,31.3
2025-06-12 08:13:00,68.5
2025-06-12 22:32:00,28.4
2025-06-12 13:43:00,49.5
2025-06-12 18:52:00,81.3
2025-06-12 01:30:00,16.0
2025-06-12 12:33:00,64.8
2025-06-12 14:44:00,93.7
2025-06-12 21:48:00,26.9
2025-06-12 07:23:00,41.9
2025-06-12 18:22:00,59.9
2025-06-12 09:28:00,96.0
2025-06-12 14:17:00,76.1
2025-06-12 04:29:00,63.1
2025-06-12 12:14:00,46.4
2025-06-12 13:30:00,45.6
2025-06-12 03:38:00,1.0
2025-06-12 12:36:00,76.8
2025-06-12 06:48:00,88.7
2025-06-12 11:14:00,13.4
2025-06-12 19:17:00,89.5
2025-06-12 13:41:00,53.4
2025-06-12 05:25:00,50.475078938135894
2025-06-12 01:43:00,54.8
2025-06-12 16:29:00,65.2
2025-06-12 03:10:00,59.5
2025-06-12 22:56:00,17.0
2025-06-12 15:34:00,53.7
2025-06-12 22:09:00,63.2
2025-06-12 14:08:00,14.4
2025-06-12 10:36:00,50.475078938135894
2025-06-12 12:30:00,50.475078938135894
2025-06-12 02:11:00,50.475078938135894
2025-06-12 01:15:00,27.1
2025-06-12 01:58:00,77.6
2025-06-12 03:11:00,31.1
2025-06-12 17:08:00,53.3
2025-06-12 07:15:00,64.3
2025-06-12 09:11:00,85.3
2025-06-12 01:15:00,25.6
2025-06-12 21:51:00,82.5
2025-06-12 14:55:00,24.3
2025-06-12 01:09:00,16.8
2025-06-12 21:28:00,75.2
2025-06-12 19:37:00,93.2
2025-06-12 09:20:00,82.1
2025-06-12 00:14:00,50.475078938135894
2025-06-12 15:27:00,80.6
2025-06-12 14:45:00,38.7
2025-06-12 03:33:00,50.1
2025-06-12 13:19:00,65.8
2025-06-12 22:07:00,18.1
2025-06-12 00:00:00,38.5
2025-06-12 01:45:00,21.8
2025-06-12 02:50:00,4.3
2025-06-12 06:19:00,87.1
2025-06-12 02:50:00,12.1
2025-06-12 20:49:00,2.7
2025-06-12 15:47:00,53.8
2025-06-12 22:59:00,50.492298592215775
2025-06-12 04:42:00,65.4
2025-06-12 16:20:00,92.5
2025-06-12 13:49:00,50.492298592215775
2025-06-12 02:49:00,95.3
2025-06-12 16:55:00,15.6
2025-06-12 12:14:00,58.9
2025-06-12 12:46:00,50.492298592215775
2025-06-12 12:40:00,14.5
2025-06-12 15:28:00,46.3
2025-06-12 11:32:00,96.7
2025-06-12 18:19:00,50.492298592215775
2025-06-12 17:59:00,29.7
2025-06-12 22:48:00,73.7
2025-06-12 03:24:00,35.5
2025-06-12 18:53:00,62.6
2025-06-12 12:48:00,63.6
2025-06-12 02:19:00,2.8
2025-06-12 20:27:00,33.7
2025-06-12 04:37:00,59.9
2025-06-12 14:01:00,30.9
2025-06-12 18:53:00,36.5
2025-06-12 15:10:00,7.3
2025-06-12 19:17:00,54.2
2025-06-12 18:07:00,66.3
2025-06-12 07:26:00,78.3
2025-06-12 19:49:00,30.8
2025-06-12 14:14:00,88.2
2025-06-12 12:03:00,60.7
2025-06-12 06:38:00,98.1
2025-06-12 14:23:00,50.492298592215775
2025-06-12 00:28:00,87.6
2025-06-12 14:31:00,19.5
2025-06-12 23:41:00,84.1
2025-06-12 05:50:00,50.492298592215775
2025-06-12 11:16:00,88.3
2025-06-12 09:15:00,45.1
2025-06-12 05:45:00,20.6
2025-06-12 17:16:00,19.1
2025-06-12 01:48:00,69.4
2025-06-12 17:44:00,59.9
2025-06-12 11:21:00,95.3
2025-06-12 00:52:00,51.1
2025-06-12 15:25:00,81.4
2025-06-12 10:24:00,3.9
2025-06-12 22:14:00,37.8
2025-06-12 14:42:00,14.2
2025-06-12 23:49:00,62.9
2025-06-12 02:38:00,82.7
2025-06-12 14:28:00,26.0
2025-06-12 21:05:00,5.9
2025-06-12 03:08:00,50.492298592215775
2025-06-12 17:55:00,36.2
2025-06-12 21:06:00,46.1
2025-06-12 04:26:00,69.9
2025-06-12 08:24:00,50.492298592215775
2025-06-12 23:30:00,72.1
2025-06-12 15:24:00,89.5
2025-06-12 18:56:00,99.8
2025-06-12 16:16:00,95.4
2025-06-12 15:57:00,14.7
2025-06-12 01:31:00,75.4
2025-06-12 12:55:00,10.5
2025-06-12 17:22:00,89.6
2025-06-12 23:07:00,35.6
2025-06-12 15:00:00,17.9
2025-06-12 06:05:00,50.492298592215775
2025-06-12 21:16:00,14.6
2025-06-12 15:08:00,9.7
2025-06-12 09:18:00,25.1
2025-06-12 13:11:00,65.9
2025-06-12 20:39:00,49.6
2025-06-12 15:25:00,20.7
2025-06-12 14:31:00,54.5
2025-06-12 15:26:00,55.6
2025-06-12 02:24:00,70.3
2025-06-12 20:15:00,52.2
2025-06-12 16:13:00,54.1
2025-06-12 08:56:00,39.8
2025-06-12 07:29:00,49.2
2025-06-12 08:50:00,5.1
2025-06-12 13:41:00,36.6
2025-06-12 17:30:00,64.3
2025-06-12 20:15:00,73.9
2025-06-12 10:29:00,57.0
2025-06-12 18:22:00,80.6
2025-06-12 10:18:00,50.492298592215775
2025-06-12 17:06:00,13.5
2025-06-12 14:31:00,27.4
2025-06-12 10:31:00,59.0
2025-06-12 04:12:00,50.492298592215775
2025-06-12 15:46:00,62.7
2025-06-12 20:19:00,24.3
2025-06-12 20:09:00,50.492298592215775
2025-06-12 11:15:00,6.3
2025-06-12 02:00:00,50.492298592215775
2025-06-12 05:51:00,93.7
2025-06-12 10:30:00,38.1
2025-06-12 09:51:00,86.5
2025-06-12 22:25:00,70.1
2025-06-12 15:16:00,32.3
2025-06-12 20:38:00,4.5
2025-06-12 19:31:00,13.8
2025-06-12 20:13:00,50.492298592215775
2025-06-12 06:04:00,73.4
2025-06-12 23:06:00,69.4
2025-06-12 21:51:00,17.2
2025-06-12 22:36:00,79.4
2025-06-12 00:16:00,62.3
2025-06-12 18:15:00,93.8
2025-06-12 01:38:00,99.0
2025-06-12 08:36:00,4.0
2025-06-12 01:46:00,50.492298592215775
2025-06-12 10:20:00,98.5
2025-06-12 19:09:00,76.2
2025-06-12 05:53:00,13.9
2025-06-12 16:42:00,88.3
2025-06-12 03:39:00,83.3
2025-06-12 04:04:00,52.9
2025-06-12 20:59:00,35.9
2025-06-12 15:53:00,31.4
2025-06-12 15:34:00,81.0
2025-06-12 22:57:00,30.2
2025-06-12 09:42:00,6.7
2025-06-12 13:44:00,36.7
2025-06-12 11:44:00,29.9
2025-06-12 07:32:00,71.8
2025-06-12 01:27:00,27.3
2025-06-12 18:45:00,17.9
2025-06-12 16:53:00,87.3
2025-06-12 08:31:00,49.3
2025-06-12 14:51:00,72.1
2025-06-12 15:31:00,37.2
2025-06-12 23:07:00,98.8
2025-06-12 22:30:00,98.5
2025-06-12 14:36:00,82.3
2025-06-12 23:37:00,65.7
2025-06-12 20:45:00,50.492298592215775
2025-06-12 10:58:00,96.0
2025-06-12 15:10:00,84.9
2025-06-12 23:56:00,34.2
2025-06-12 15:18:00,82.6
2025-06-12 10:16:00,79.5
2025-06-12 08:37:00,8.8
2025-06-12 06:52:00,54.5
2025-06-12 08:02:00,79.7
2025-06-12 14:09:00,55.8
2025-06-12 06:59:00,95.8
2025-06-12 01:05:00,87.8
2025-06-12 17:19:00,33.7
2025-06-12 06:41:00,58.4
2025-06-12 06:59:00,38.5
2025-06-12 23:02:00,40.2
2025-06-12 06:12:00,95.4
2025-06-12 22:00:00,62.8
2025-06-12 17:34:00,50.492298592215775
2025-06-12 10:23:00,92.6
2025-06-12 00:36:00,15.5
2025-06-12 16:37:00,50.492298592215775
2025-06-12 06:08:00,50.492298592215775
2025-06-12 03:45:00,22.5
2025-06-12 21:49:00,95.1
2025-06-12 22:20:00,50.492298592215775
2025-06-12 11:34:00,97.4
2025-06-12 16:37:00,50.492298592215775
2025-06-12 14:08:00,50.492298592215775
2025-06-12 09:23:00,47.6
2025-06-12 13:36:00,9.6
2025-06-12 12:44:00,83.8
2025-06-12 08:21:00,80.2
2025-06-12 19:07:00,47.5
2025-06-12 03:21:00,50.492298592215775
2025-06-12 02:51:00,11.7
2025-06-12 08:58:00,50.492298592215775
2025-06-12 07:49:00,50.492298592215775
2025-06-12 18:40:00,61.0
2025-06-12 12:17:00,43.8
2025-06-12 20:47:00,91.9
2025-06-12 15:59:00,59.7
2025-06-12 13:52:00,67.1
2025-06-12 17:13:00,26.7
2025-06-12 07:46:00,73.6
2025-06-12 06:05:00,81.9
2025-06-12 18:22:00,91.1
2025-06-12 04:15:00,50.492298592215775
2025-06-12 09:54:00,79.3
2025-06-12 03:45:00,42.1
2025-06-12 17:33:00,77.7
2025-06-12 11:05:00,97.0
2025-06-12 15:47:00,34.3
2025-06-12 07:50:00,50.492298592215775
2025-06-12 04:34:00,47.8
2025-06-12 08:03:00,48.3
2025-06-12 08:22:00,27.4
2025-06-12 02:30:00,12.2
2025-06-12 05:26:00,59.3
2025-06-12 12:13:00,92.1
2025-06-12 09:25:00,68.2
2025-06-12 08:34:00,41.4
2025-06-12 23:17:00,50.492298592215775
2025-06-12 21:20:00,46.0
2025-06-12 19:14:00,50.492298592215775
2025-06-12 01:32:00,74.0
2025-06-12 01:11:00,34.5
2025-06-12 21:14:00,20.5
2025-06-12 07:41:00,64.8
2025-06-12 20:20:00,42.4
2025-06-12 11:57:00,99.8
2025-06-12 07:16:00,27.6
2025-06-12 12:30:00,4.5
2025-06-12 22:13:00,76.5
2025-06-12 08:52:00,61.6
2025-06-12 04:45:00,72.9
2025-06-12 23:14:00,87.0
2025-06-12 18:02:00,31.2
2025-06-12 10:05:00,91.8
2025-06-12 10:04:00,50.492298592215775
2025-06-12 05:19:00,56.2
2025-06-12 04:36:00,81.1
2025-06-12 19:07:00,42.2
2025-06-12 13:32:00,57.5
2025-06-12 12:21:00,95.8
2025-06-12 10:03:00,39.8
2025-06-12 15:05:00,21.7
2025-06-12 02:44:00,50.492298592215775
2025-06-12 05:45:00,50.492298592215775
2025-06-12 05:12:00,8.0
2025-06-12 19:40:00,84.9
2025-06-12 03:47:00,2.1
2025-06-12 02:12:00,14.7
2025-06-12 01:37:00,82.2
2025-06-12 19:04:00,50.492298592215775
2025-06-12 20:36:00,48.7
2025-06-12 22:39:00,13.9
2025-06-12 07:26:00,16.8
2025-06-12 23:49:00,8.8
2025-06-12 11:48:00,37.7
2025-06-12 21:10:00,29.9
2025-06-12 15:20:00,50.492298592215775
2025-06-12 15:56:00,51.5
2025-06-12 06:58:00,7.8
2025-06-12 16:53:00,9.1
2025-06-12 08:27:00,82.5
2025-06-12 21:19:00,10.4
2025-06-12 07:28:00,11.1
2025-06-12 19:57:00,27.3
2025-06-12 00:35:00,11.6
2025-06-12 20:30:00,50.492298592215775
2025-06-12 02:32:00,78.6
2025-06-12 06:39:00,86.5
2025-06-12 11:24:00,95.4
2025-06-12 13:28:00,0.2
2025-06-12 00:57:00,73.8
2025-06-12 19:34:00,50.492298592215775
2025-06-12 15:04:00,50.492298592215775
2025-06-12 12:45:00,13.3
2025-06-12 16:01:00,50.492298592215775
2025-06-12 11:01:00,47.7
2025-06-12 11:47:00,79.8
2025-06-12 07:49:00,18.9
2025-06-12 01:39:00,45.2
2025-06-12 00:14:00,76.6
2025-06-12 12:16:00,46.5
2025-06-12 00:13:00,50.492298592215775
2025-06-12 21:45:00,34.7
2025-06-12 16:02:00,51.6
2025-06-12 22:06:00,64.1
2025-06-12 12:35:00,7.5
2025-06-12 11:19:00,30.9
2025-06-12 02:41:00,57.6
2025-06-12 07:08:00,36.4
2025-06-12 14:39:00,74.1
2025-06-12 03:12:00,88.5
2025-06-12 06:44:00,95.2
2025-06-12 07:16:00,52.9
2025-06-12 11:18:00,50.492298592215775
2025-06-12 14:14:00,8.0
2025-06-12 10:08:00,18.0
2025-06-12 19:11:00,69.1
2025-06-12 19:06:00,42.6
2025-06-12 20:28:00,4.8
2025-06-12 22:37:00,50.492298592215775
2025-06-12 01:01:00,27.9
2025-06-12 03:21:00,4.4
2025-06-12 12:07:00,5.1
2025-06-12 18:19:00,19.1
2025-06-12 23:41:00,95.6
2025-06-12 19:09:00,91.2
2025-06-12 02:31:00,53.7
2025-06-12 14:00:00,86.2
2025-06-12 12:33:00,69.2
2025-06-12 12:03:00,50.492298592215775
2025-06-12 03:17:00,50.492298592215775
2025-06-12 00:58:00,69.7
2025-06-12 16:19:00,50.492298592215775
2025-06-12 07:19:00,44.2
2025-06-12 02:05:00,67.3
2025-06-12 09:39:00,68.9
2025-06-12 22:38:00,64.3
2025-06-12 16:08:00,71.8
2025-06-12 05:53:00,2.5
2025-06-12 16:27:00,12.7
2025-06-12 03:38:00,88.8
2025-06-12 04:04:00,68.8
2025-06-12 15:16:00,48.7
2025-06-12 21:56:00,50.492298592215775
2025-06-12 20:26:00,0.9
2025-06-12 08:35:00,58.4
2025-06-12 11:01:00,32.4
2025-06-12 03:52:00,26.8
2025-06-12 17:38:00,50.492298592215775
2025-06-12 19:19:00,27.3
2025-06-12 07:28:00,50.492298592215775
2025-06-12 16:08:00,25.9
2025-06-12 06:32:00,50.492298592215775
2025-06-12 20:09:00,86.1
2025-06-12 06:12:00,84.8
2025-06-12 21:55:00,50.492298592215775
2025-06-12 03:04:00,76.7
2025-06-12 09:52:00,4.7
2025-06-12 14:09:00,60.1
2025-06-12 01:06:00,46.0
2025-06-12 18:56:00,53.5
2025-06-12 21:41:00,83.4
2025-06-12 10:25:00,42.3
2025-06-12 07:31:00,88.5
2025-06-12 21:37:00,20.5
2025-06-12 02:00:00,74.1
2025-06-12 01:02:00,77.4
2025-06-12 03:37:00,8.6
2025-06-12 01:38:00,86.1
2025-06-12 17:15:00,95.0
2025-06-12 23:26:00,50.492298592215775
2025-06-12 14:12:00,50.492298592215775
2025-06-12 16:56:00,88.5
2025-06-12 18:07:00,15.4
2025-06-12 12:39:00,61.5
2025-06-12 14:11:00,69.6
2025-06-12 11:17:00,91.1
2025-06-12 01:31:00,83.4
2025-06-12 06:51:00,91.8
2025-06-12 17:37:00,99.8
2025-06-12 10:18:00,97.9
2025-06-12 14:19:00,17.0
2025-06-12 01:16:00,52.2
2025-06-12 19:59:00,22.9
2025-06-12 13:40:00,89.4
2025-06-12 04:56:00,50.492298592215775
2025-06-12 03:40:00,87.5
2025-06-12 08:03:00,28.4
2025-06-12 05:47:00,65.8
2025-06-12 15:37:00,50.492298592215775
2025-06-12 02:47:00,27.9
2025-06-12 10:32:00,50.8
2025-06-12 11:29:00,27.6
2025-06-12 02:06:00,3.7
2025-06-12 17:04:00,80.8
2025-06-12 01:35:00,50.492298592215775
2025-06-12 14:29:00,64.2
2025-06-12 14:58:00,74.3
2025-06-12 19:55:00,50.190676567656766
2025-06-12 09:24:00,73.7
2025-06-12 20:19:00,50.190676567656766
2025-06-12 02:35:00,50.190676567656766
2025-06-12 06:38:00,11.2
2025-06-12 13:05:00,18.5
2025-06-12 06:41:00,95.7
2025-06-12 05:04:00,98.7
2025-06-12 17:06:00,9.3
2025-06-12 13:44:00,14.4
2025-06-12 00:02:00,81.0
2025-06-12 18:42:00,39.7
2025-06-12 02:55:00,20.2
2025-06-12 17:18:00,19.1
2025-06-12 13:42:00,68.4
2025-06-12 12:05:00,2.0
2025-06-12 23:55:00,50.190676567656766
2025-06-12 15:15:00,32.2
2025-06-12 18:02:00,49.3
2025-06-12 03:51:00,50.190676567656766
2025-06-12 09:17:00,50.190676567656766
2025-06-12 22:24:00,15.5
2025-06-12 04:38:00,51.7
2025-06-12 09:31:00,22.5
2025-06-12 16:17:00,17.3
2025-06-12 13:01:00,68.5
2025-06-12 07:21:00,60.8
2025-06-12 19:41:00,27.9
2025-06-12 02:42:00,20.4
2025-06-12 00:37:00,36.2
2025-06-12 23:09:00,61.4
2025-06-12 09:00:00,92.0
2025-06-12 00:11:00,16.9
2025-06-12 11:11:00,25.7
2025-06-12 22:27:00,5.3
2025-06-12 15:31:00,41.6
2025-06-12 16:53:00,74.8
2025-06-12 14:52:00,2.1
2025-06-12 09:04:00,50.190676567656766
2025-06-12 14:04:00,88.5
2025-06-12 11:24:00,36.7
2025-06-12 21:50:00,39.7
2025-06-12 04:57:00,50.190676567656766
2025-06-12 18:10:00,58.1
2025-06-12 07:24:00,99.2
2025-06-12 04:35:00,21.8
2025-06-12 04:04:00,15.0
2025-06-12 03:18:00,56.9
2025-06-12 19:58:00,19.2
2025-06-12 10:54:00,50.190676567656766
2025-06-12 04:36:00,50.190676567656766
2025-06-12 14:08:00,50.190676567656766
2025-06-12 18:03:00,88.7
2025-06-12 01:49:00,14.7
2025-06-12 03:52:00,22.3
2025-06-12 00:40:00,17.2
2025-06-12 13:40:00,50.190676567656766
2025-06-12 18:18:00,73.6
2025-06-12 15:53:00,47.6
2025-06-12 15:11:00,66.8
2025-06-12 17:19:00,72.0
2025-06-12 05:07:00,9.4
2025-06-12 18:21:00,89.6
2025-06-12 15:54:00,30.5
2025-06-12 01:26:00,50.190676567656766
2025-06-12 01:51:00,43.0
2025-06-12 20:30:00,51.3
2025-06-12 07:49:00,74.2
2025-06-12 05:45:00,9.7
2025-06-12 21:35:00,50.190676567656766
2025-06-12 10:34:00,50.190676567656766
2025-06-12 19:08:00,54.4
2025-06-12 01:08:00,75.3
2025-06-12 00:02:00,18.6
2025-06-12 11:55:00,50.190676567656766
2025-06-12 08:32:00,0.1
2025-06-12 08:24:00,25.9
2025-06-12 00:43:00,1.5
2025-06-12 23:55:00,87.0
2025-06-12 21:07:00,22.1
2025-06-12 13:18:00,1.6
2025-06-12 05:19:00,50.190676567656766
2025-06-12 03:04:00,83.6
2025-06-12 23:03:00,50.190676567656766
2025-06-12 14:48:00,50.190676567656766
2025-06-12 00:32:00,29.0
2025-06-12 22:57:00,82.9
2025-06-12 16:59:00,44.6
2025-06-12 07:12:00,52.9
2025-06-12 12:57:00,50.8
2025-06-12 04:17:00,46.1
2025-06-12 09:10:00,13.0
2025-06-12 14:45:00,62.8
2025-06-12 18:40:00,82.6
2025-06-12 15:36:00,98.7
2025-06-12 15:41:00,19.2
2025-06-12 03:50:00,24.1
2025-06-12 18:09:00,50.190676567656766
2025-06-12 22:30:00,50.190676567656766
2025-06-12 04:34:00,50.190676567656766
2025-06-12 21:29:00,44.9
2025-06-12 14:39:00,75.1
2025-06-12 11:22:00,5.8
2025-06-12 00:50:00,95.3
2025-06-12 06:50:00,52.7
2025-06-12 15:33:00,50.190676567656766
2025-06-12 03:34:00,50.190676567656766
2025-06-12 20:50:00,83.0
2025-06-12 09:50:00,97.2
2025-06-12 14:22:00,95.0
2025-06-12 12:53:00,50.190676567656766
2025-06-12 12:25:00,13.3
2025-06-12 20:39:00,18.1
2025-06-12 22:36:00,25.5
2025-06-12 22:52:00,35.9
2025-06-12 05:38:00,88.0
2025-06-12 01:52:00,83.9
2025-06-12 07:18:00,40.0
2025-06-12 10:03:00,56.6
2025-06-12 06:57:00,50.190676567656766
2025-06-12 08:57:00,24.8
2025-06-12 09:44:00,89.7
2025-06-12 00:01:00,50.190676567656766
2025-06-12 05:58:00,32.4
2025-06-12 08:59:00,35.9
2025-06-12 00:35:00,76.4
2025-06-12 06:37:00,50.190676567656766
2025-06-12 17:27:00,50.190676567656766
2025-06-12 20:58:00,50.190676567656766
2025-06-12 02:44:00,34.9
2025-06-12 14:55:00,92.7
2025-06-12 07:24:00,54.4
2025-06-12 20:35:00,50.190676567656766
2025-06-12 09:26:00,94.3
2025-06-12 23:36:00,22.4
2025-06-12 15:12:00,66.7
2025-06-12 19:54:00,68.7
2025-06-12 12:10:00,20.1
2025-06-12 23:44:00,59.0
2025-06-12 13:34:00,29.7
2025-06-12 19:18:00,35.5
2025-06-12 19:43:00,42.2
2025-06-12 06:49:00,50.190676567656766
2025-06-12 07:47:00,61.6
2025-06-12 07:02:00,21.0
2025-06-12 23:03:00,5.2
2025-06-12 03:50:00,37.6
2025-06-12 01:34:00,42.4
2025-06-12 21:24:00,89.2
2025-06-12 09:29:00,21.6
2025-06-12 18:25:00,62.9
2025-06-12 10:19:00,32.4
2025-06-12 17:58:00,31.3
2025-06-12 13:15:00,50.190676567656766
2025-06-12 22:16:00,50.190676567656766
2025-06-12 10:39:00,50.190676567656766
2025-06-12 20:35:00,26.6
2025-06-12 13:19:00,94.2
2025-06-12 20:10:00,51.8
2025-06-12 05:28:00,14.2
2025-06-12 20:04:00,90.7
2025-06-12 03:54:00,95.1
2025-06-12 04:04:00,71.0
2025-06-12 17:03:00,63.6
2025-06-12 04:23:00,9.9
2025-06-12 19:17:00,19.8
2025-06-12 11:15:00,60.6
2025-06-12 05:55:00,36.6
2025-06-12 03:19:00,66.6
2025-06-12 17:42:00,94.2
2025-06-12 10:21:00,50.190676567656766
2025-06-12 07:16:00,9.7
2025-06-12 14:23:00,51.6
2025-06-12 07:38:00,50.190676567656766
2025-06-12 03:27:00,43.1
2025-06-12 08:31:00,61.8
2025-06-12 01:35:00,54.3
2025-06-12 03:48:00,50.190676567656766
2025-06-12 02:56:00,95.7
2025-06-12 08:45:00,50.190676567656766
2025-06-12 02:29:00,8.5
2025-06-12 19:19:00,19.9
2025-06-12 05:03:00,13.8
2025-06-12 19:05:00,50.190676567656766
2025-06-12 23:46:00,50.190676567656766
2025-06-12 21:57:00,45.6
2025-06-12 04:16:00,17.8
2025-06-12 03:21:00,48.8
2025-06-12 17:23:00,48.8
2025-06-12 06:29:00,5.0
2025-06-12 05:51:00,50.190676567656766
2025-06-12 03:05:00,92.8
2025-06-12 03:11:00,45.8
2025-06-12 16:00:00,50.190676567656766
2025-06-12 16:03:00,25.6
2025-06-12 01:19:00,83.1
2025-06-12 15:10:00,39.9
2025-06-12 22:24:00,49.9
2025-06-12 11:54:00,87.0
2025-06-12 17:57:00,8.1
2025-06-12 07:34:00,13.0
2025-06-12 07:37:00,2.1
2025-06-12 03:07:00,50.190676567656766
2025-06-12 00:37:00,86.0
2025-06-12 10:32:00,57.0
2025-06-12 06:54:00,80.7
2025-06-12 02:59:00,15.1
2025-06-12 21:36:00,11.4
2025-06-12 08:23:00,18.8
2025-06-12 18:10:00,50.190676567656766
2025-06-12 17:39:00,50.7
2025-06-12 11:20:00,50.190676567656766
2025-06-12 20:13:00,88.1
2025-06-12 10:24:00,9.8
2025-06-12 17:24:00,88.3
2025-06-12 02:39:00,69.7
2025-06-12 09:33:00,29.2
2025-06-12 04:16:00,96.9
2025-06-12 10:51:00,82.3
2025-06-12 16:55:00,80.7
2025-06-12 22:27:00,78.1
2025-06-12 07:06:00,74.0
2025-06-12 17:30:00,100.0
2025-06-12 12:49:00,46.8
2025-06-12 17:23:00,12.3
2025-06-12 13:03:00,67.6
2025-06-12 08:34:00,50.190676567656766
2025-06-12 00:07:00,89.2
2025-06-12 11:47:00,10.3
2025-06-12 13:41:00,40.3
2025-06-12 13:04:00,43.5
2025-06-12 08:19:00,19.5
2025-06-12 23:48:00,50.190676567656766
2025-06-12 07:49:00,50.190676567656766
2025-06-12 12:29:00,98.2
2025-06-12 11:33:00,64.5
2025-06-12 14:45:00,58.9
2025-06-12 13:17:00,20.8
2025-06-12 11:25:00,50.190676567656766
2025-06-12 21:20:00,24.0
2025-06-12 12:59:00,50.190676567656766
2025-06-12 14:39:00,97.4
2025-06-12 20:53:00,43.0
2025-06-12 21:49:00,45.9
2025-06-12 23:09:00,4.3
2025-06-12 15:50:00,50.190676567656766
2025-06-12 10:18:00,80.6
2025-06-12 09:06:00,95.1
2025-06-12 00:42:00,24.1
2025-06-12 19:08:00,50.190676567656766
2025-06-12 04:08:00,30.7
2025-06-12 05:02:00,33.9
2025-06-12 03:18:00,57.2
2025-06-12 06:39:00,4.9
2025-06-12 07:16:00,86.7
2025-06-12 07:15:00,46.7
2025-06-12 18:55:00,19.7
2025-06-12 21:30:00,69.0
2025-06-12 10:45:00,31.2
2025-06-12 13:40:00,91.6
2025-06-12 09:27:00,50.190676567656766
2025-06-12 06:55:00,57.3
2025-06-12 05:02:00,14.2
2025-06-12 09:51:00,62.2
2025-06-12 00:53:00,13.0
2025-06-12 20:27:00,98.3
2025-06-12 17:05:00,5.0
2025-06-12 12:33:00,58.0
2025-06-12 13:51:00,80.2
2025-06-12 14:24:00,2.8
2025-06-12 01:48:00,14.2
2025-06-12 19:39:00,32.4
2025-06-12 03:35:00,97.0
2025-06-12 08:22:00,50.190676567656766
2025-06-12 06:35:00,51.0
2025-06-12 15:12:00,20.0
2025-06-12 11:51:00,57.4
2025-06-12 19:21:00,29.4
2025-06-12 14:40:00,3.8
2025-06-12 17:53:00,18.1
2025-06-12 17:29:00,50.190676567656766
2025-06-12 22:27:00,48.7
2025-06-12 04:11:00,4.6
2025-06-12 19:41:00,88.7
2025-06-12 00:06:00,25.8
2025-06-12 05:13:00,14.6
2025-06-12 03:12:00,96.5
2025-06-12 03:48:00,45.3
2025-06-12 13:49:00,34.4
2025-06-12 06:25:00,59.3
2025-06-12 12:53:00,47.1
2025-06-12 23:42:00,42.5
2025-06-12 12:56:00,25.1
2025-06-12 21:28:00,50.8
2025-06-12 22:00:00,50.7
2025-06-12 08:57:00,15.3
2025-06-12 22:00:00,97.5
2025-06-12 10:18:00,50.190676567656766
2025-06-12 02:11:00,7.3
2025-06-12 19:28:00,50.190676567656766
2025-06-12 02:59:00,61.0
2025-06-12 11:43:00,54.3
2025-06-12 21:23:00,81.2
2025-06-12 23:04:00,29.8
2025-06-12 03:47:00,13.3
2025-06-12 00:10:00,10.7
2025-06-12 09:41:00,15.8
2025-06-12 16:59:00,5.8
2025-06-12 17:37:00,60.5
2025-06-12 11:46:00,95.9
2025-06-12 10:46:00,28.4
2025-06-12 00:56:00,50.190676567656766
2025-06-12 08:28:00,60.6
2025-06-12 09:35:00,33.6
2025-06-12 21:07:00,16.5
2025-06-12 14:50:00,86.8
2025-06-12 19:17:00,75.9
2025-06-12 05:53:00,12.4
2025-06-12 02:34:00,96.2
2025-06-12 12:45:00,4.4
2025-06-12 17:21:00,53.2
2025-06-12 02:31:00,60.6
2025-06-12 17:09:00,34.0
2025-06-12 07:11:00,7.4
2025-06-12 03:16:00,54.0
2025-06-12 07:11:00,50.190676567656766
2025-06-12 15:29:00,50.190676567656766
2025-06-12 18:29:00,40.9
2025-06-12 16:33:00,52.3
2025-06-12 05:06:00,22.1
2025-06-12 01:58:00,97.9
2025-06-12 15:33:00,65.3
2025-06-12 17:35:00,78.8
2025-06-12 11:31:00,6.6
2025-06-12 22:54:00,27.2
2025-06-12 06:14:00,66.0
2025-06-12 03:22:00,36.0
2025-06-12 15:15:00,74.5
2025-06-12 04:41:00,91.0
2025-06-12 07:33:00,49.0
2025-06-12 21:18:00,65.7
2025-06-12 10:34:00,18.3
2025-06-12 16:50:00,50.190676567656766
2025-06-12 20:54:00,99.9
2025-06-12 21:36:00,15.7
2025-06-12 02:42:00,23.7
2025-06-12 13:17:00,19.0
2025-06-12 18:07:00,49.69925181201777
2025-06-12 01:02:00,13.4
2025-06-12 01:29:00,58.5
2025-06-12 11:59:00,99.1
2025-06-12 17:44:00,17.3
2025-06-12 20:25:00,49.69925181201777
2025-06-12 09:33:00,42.7
2025-06-12 22:28:00,28.6
2025-06-12 19:53:00,49.69925181201777
2025-06-12 17:03:00,0.2
2025-06-12 08:49:00,1.9
2025-06-12 19:25:00,63.5
2025-06-12 10:56:00,96.5
2025-06-12 16:19:00,49.69925181201777
2025-06-12 20:04:00,76.2
2025-06-12 22:53:00,49.69925181201777
2025-06-12 20:31:00,69.7
2025-06-12 01:09:00,6.0
2025-06-12 15:12:00,47.5
2025-06-12 05:00:00,49.69925181201777
2025-06-12 07:26:00,29.5
2025-06-12 02:13:00,0.8
2025-06-12 16:35:00,44.7
2025-06-12 23:17:00,31.7
2025-06-12 02:51:00,61.3
2025-06-12 20:27:00,21.9
2025-06-12 12:18:00,49.3
2025-06-12 14:27:00,48.8
2025-06-12 09:54:00,66.3
2025-06-12 11:03:00,50.4
2025-06-12 09:06:00,94.6
2025-06-12 02:36:00,20.1
2025-06-12 20:22:00,36.8
2025-06-12 17:28:00,49.69925181201777
2025-06-12 21:37:00,23.2
2025-06-12 20:00:00,76.5
2025-06-12 23:53:00,18.1
2025-06-12 08:53:00,100.0
2025-06-12 16:47:00,71.1
2025-06-12 14:50:00,87.0
2025-06-12 15:28:00,69.4
2025-06-12 19:32:00,36.3
2025-06-12 13:07:00,86.8
2025-06-12 15:16:00,20.1
2025-06-12 07:27:00,35.3
2025-06-12 06:10:00,49.69925181201777
2025-06-12 21:18:00,18.6
2025-06-12 23:50:00,65.9
2025-06-12 08:44:00,84.8
2025-06-12 16:05:00,89.6
2025-06-12 15:58:00,25.0
2025-06-12 01:17:00,17.8
2025-06-12 22:43:00,51.2
2025-06-12 07:17:00,49.69925181201777
2025-06-12 20:08:00,41.0
2025-06-12 11:50:00,49.9
2025-06-12 21:38:00,4.7
2025-06-12 04:18:00,79.4
2025-06-12 13:33:00,92.6
2025-06-12 08:22:00,29.4
2025-06-12 14:40:00,8.6
2025-06-12 04:04:00,70.5
2025-06-12 01:41:00,85.2
2025-06-12 19:04:00,4.1
2025-06-12 23:03:00,49.69925181201777
2025-06-12 14:25:00,23.8
2025-06-12 01:12:00,15.0
2025-06-12 05:56:00,45.3
2025-06-12 20:42:00,48.9
2025-06-12 22:18:00,30.2
2025-06-12 14:26:00,34.1
2025-06-12 22:22:00,29.0
2025-06-12 17:46:00,78.2
2025-06-12 12:56:00,80.6
2025-06-12 01:00:00,8.8
2025-06-12 23:41:00,98.9
2025-06-12 06:12:00,49.69925181201777
2025-06-12 02:53:00,41.6
2025-06-12 13:53:00,53.2
2025-06-12 11:49:00,10.0
2025-06-12 22:22:00,21.2
2025-06-12 02:46:00,24.3
2025-06-12 21:44:00,28.1
2025-06-12 19:05:00,40.0
2025-06-12 06:30:00,60.6
2025-06-12 03:08:00,26.1
2025-06-12 17:13:00,1.1
2025-06-12 16:58:00,43.4
2025-06-12 03:12:00,29.6
2025-06-12 03:56:00,81.8
2025-06-12 20:08:00,49.69925181201777
2025-06-12 21:25:00,90.2
2025-06-12 06:29:00,49.69925181201777
2025-06-12 10:35:00,63.0
2025-06-12 10:25:00,30.2
2025-06-12 04:53:00,60.0
2025-06-12 22:43:00,90.8
2025-06-12 18:13:00,86.4
2025-06-12 13:37:00,79.2
2025-06-12 03:36:00,49.69925181201777
2025-06-12 09:09:00,26.1
2025-06-12 03:07:00,64.0
2025-06-12 10:33:00,47.0
2025-06-12 19:58:00,39.7
2025-06-12 12:44:00,49.69925181201777
2025-06-12 16:26:00,68.5
2025-06-12 01:39:00,81.5
2025-06-12 22:32:00,42.8
2025-06-12 15:22:00,26.9
2025-06-12 02:15:00,49.69925181201777
2025-06-12 23:34:00,29.5
2025-06-12 04:14:00,26.5
2025-06-12 07:39:00,58.1
2025-06-12 05:22:00,49.69925181201777
2025-06-12 22:30:00,60.1
2025-06-12 17:28:00,63.9
2025-06-12 20:08:00,98.6
2025-06-12 20:35:00,86.2
2025-06-12 01:04:00,69.4
2025-06-12 04:48:00,59.6
2025-06-12 20:55:00,98.2
2025-06-12 11:41:00,49.69925181201777
2025-06-12 04:34:00,17.0
2025-06-12 18:58:00,25.6
2025-06-12 17:58:00,91.0
2025-06-12 03:04:00,79.8
2025-06-12 22:49:00,10.9
2025-06-12 08:26:00,45.2
2025-06-12 02:47:00,64.4
2025-06-12 10:25:00,49.69925181201777
2025-06-12 04:01:00,61.5
2025-06-12 04:36:00,43.4
2025-06-12 14:18:00,49.69925181201777
2025-06-12 07:41:00,13.1
2025-06-12 01:23:00,98.6
2025-06-12 14:47:00,68.5
2025-06-12 13:03:00,25.2
2025-06-12 16:43:00,12.2
2025-06-12 06:12:00,72.2
2025-06-12 18:48:00,71.6
2025-06-12 06:54:00,60.6
2025-06-12 22:30:00,67.5
2025-06-12 16:58:00,73.8
2025-06-12 19:15:00,13.9
2025-06-12 19:33:00,49.69925181201777
2025-06-12 19:36:00,0.7
2025-06-12 01:02:00,23.0
2025-06-12 11:07:00,85.0
2025-06-12 19:23:00,49.69925181201777
2025-06-12 11:11:00,68.8
2025-06-12 17:48:00,95.6
2025-06-12 04:22:00,61.0
2025-06-12 09:12:00,24.1
2025-06-12 11:34:00,79.7
2025-06-12 15:46:00,27.7
2025-06-12 08:15:00,49.69925181201777
2025-06-12 17:40:00,41.7
2025-06-12 22:20:00,37.6
2025-06-12 11:54:00,94.2
2025-06-12 17:18:00,24.7
2025-06-12 16:22:00,49.69925181201777
2025-06-12 22:50:00,65.3
2025-06-12 01:40:00,95.9
2025-06-12 04:46:00,49.69925181201777
2025-06-12 14:04:00,49.69925181201777
2025-06-12 20:45:00,45.0
2025-06-12 10:38:00,22.2
2025-06-12 04:16:00,49.69925181201777
2025-06-12 06:07:00,10.9
2025-06-12 07:20:00,71.9
2025-06-12 23:49:00,87.7
2025-06-12 15:58:00,74.1
2025-06-12 13:12:00,99.1
2025-06-12 15:20:00,45.9
2025-06-12 01:30:00,54.2
2025-06-12 01:01:00,50.6
2025-06-12 05:41:00,50.8
2025-06-12 22:20:00,49.69925181201777
2025-06-12 04:58:00,51.8
2025-06-12 22:08:00,53.8
2025-06-12 05:49:00,53.6
2025-06-12 01:51:00,49.69925181201777
2025-06-12 12:33:00,11.9
2025-06-12 22:26:00,36.4
2025-06-12 22:43:00,8.2
2025-06-12 11:27:00,83.9
2025-06-12 12:02:00,19.2
2025-06-12 07:21:00,70.3
2025-06-12 21:05:00,94.9
2025-06-12 19:02:00,95.7
2025-06-12 11:36:00,49.69925181201777
2025-06-12 11:46:00,26.9
2025-06-12 02:30:00,90.0
2025-06-12 11:30:00,61.2
2025-06-12 04:09:00,9.6
2025-06-12 16:20:00,38.5
2025-06-12 00:03:00,61.7
2025-06-12 10:02:00,93.1
2025-06-12 21:17:00,94.9
2025-06-12 18:35:00,49.69925181201777
2025-06-12 04:29:00,55.5
2025-06-12 17:56:00,49.69925181201777
2025-06-12 20:03:00,96.3
2025-06-12 08:11:00,38.6
2025-06-12 17:42:00,47.7
2025-06-12 08:32:00,49.69925181201777
2025-06-12 07:20:00,53.8
2025-06-12 15:04:00,60.4
2025-06-12 09:18:00,49.69925181201777
2025-06-12 02:22:00,28.7
2025-06-12 23:23:00,33.9
2025-06-12 11:11:00,83.6
2025-06-12 13:54:00,73.6
2025-06-12 03:02:00,87.7
2025-06-12 17:43:00,99.0
2025-06-12 03:36:00,52.7
2025-06-12 17:26:00,56.4
2025-06-12 06:14:00,9.9
2025-06-12 16:39:00,69.5
2025-06-12 18:53:00,78.5
2025-06-12 19:55:00,82.9
2025-06-12 17:56:00,56.9
2025-06-12 16:29:00,45.1
2025-06-12 09:20:00,58.0
2025-06-12 01:30:00,39.3
2025-06-12 03:09:00,52.5
2025-06-12 06:27:00,76.8
2025-06-12 14:08:00,14.6
2025-06-12 01:33:00,18.1
2025-06-12 19:36:00,49.69925181201777
2025-06-12 08:03:00,0.4
2025-06-12 06:35:00,74.1
2025-06-12 03:50:00,79.3
2025-06-12 02:11:00,96.5
2025-06-12 04:59:00,87.6
2025-06-12 14:22:00,46.5
2025-06-12 06:56:00,99.4
2025-06-12 05:09:00,49.69925181201777
2025-06-12 23:41:00,71.4
2025-06-12 16:19:00,49.69925181201777
2025-06-12 01:57:00,2.8
2025-06-12 15:38:00,49.69925181201777
2025-06-12 15:55:00,49.69925181201777
2025-06-12 14:58:00,57.3
2025-06-12 05:23:00,67.7
2025-06-12 22:17:00,6.6
2025-06-12 04:20:00,69.4
2025-06-12 16:37:00,35.2
2025-06-12 07:43:00,63.8
2025-06-12 15:00:00,5.5
2025-06-12 14:35:00,67.1
2025-06-12 12:56:00,37.5
2025-06-12 17:48:00,16.9
2025-06-12 07:13:00,69.7
2025-06-12 00:08:00,83.9
2025-06-12 01:47:00,4.3
2025-06-12 22:41:00,22.2
2025-06-12 16:38:00,50.2
2025-06-12 23:01:00,19.4
2025-06-12 22:06:00,88.1
2025-06-12 03:36:00,70.6
2025-06-12 17:18:00,48.0
2025-06-12 23:49:00,54.8
2025-06-12 15:54:00,35.4
2025-06-12 01:39:00,53.5
2025-06-12 01:04:00,82.0
2025-06-12 15:30:00,36.5
2025-06-12 06:11:00,18.6
2025-06-12 22:39:00,58.2
2025-06-12 11:42:00,23.5
2025-06-12 05:59:00,3.2
2025-06-12 10:34:00,75.5
2025-06-12 01:16:00,49.69925181201777
2025-06-12 04:01:00,17.5
2025-06-12 08:11:00,76.1
2025-06-12 07:31:00,49.69925181201777
2025-06-12 17:05:00,27.8
2025-06-12 02:15:00,25.0
2025-06-12 23:53:00,49.69925181201777
2025-06-12 06:32:00,93.6
2025-06-12 18:55:00,6.4
2025-06-12 11:05:00,42.0
2025-06-12 15:08:00,49.69925181201777
2025-06-12 11:56:00,44.1
2025-06-12 09:24:00,69.6
2025-06-12 22:39:00,96.4
2025-06-12 08:17:00,28.3
2025-06-12 08:41:00,49.69925181201777
2025-06-12 17:49:00,61.2
2025-06-12 10:48:00,83.6
2025-06-12 04:25:00,34.4
2025-06-12 10:34:00,49.69925181201777
2025-06-12 17:39:00,24.1
2025-06-12 00:47:00,79.0
2025-06-12 03:52:00,18.3
2025-06-12 12:55:00,49.69925181201777
2025-06-12 13:40:00,83.0
2025-06-12 18:16:00,84.2
2025-06-12 19:38:00,72.4
2025-06-12 13:16:00,85.6
2025-06-12 05:01:00,2.7
2025-06-12 10:16:00,9.8
2025-06-12 11:39:00,1.7
2025-06-12 10:45:00,63.2
2025-06-12 14:46:00,74.5
2025-06-12 07:56:00,9.6
2025-06-12 14:41:00,85.5
2025-06-12 20:35:00,93.5
2025-06-12 23:57:00,97.7
2025-06-12 15:56:00,9.7
2025-06-12 03:54:00,22.1
2025-06-12 02:30:00,49.69925181201777
2025-06-12 08:28:00,18.7
2025-06-12 20:14:00,1.7
2025-06-12 02:06:00,8.5
2025-06-12 05:10:00,39.8
2025-06-12 08:19:00,79.3
2025-06-12 12:33:00,92.1
2025-06-12 17:41:00,18.2
2025-06-12 02:19:00,86.6
2025-06-12 17:19:00,49.69925181201777
2025-06-12 20:14:00,61.6
2025-06-12 16:08:00,82.5
2025-06-12 09:37:00,91.4
2025-06-12 15:02:00,54.1
2025-06-12 19:27:00,49.69925181201777
2025-06-12 18:47:00,97.5
2025-06-12 01:16:00,10.7
2025-06-12 15:00:00,29.0
2025-06-12 14:02:00,27.7
2025-06-12 01:29:00,49.69925181201777
2025-06-12 13:10:00,11.8
2025-06-12 12:27:00,30.6
2025-06-12 22:40:00,29.7
2025-06-12 08:11:00,20.8
2025-06-12 11:20:00,61.8
2025-06-12 08:53:00,74.9
2025-06-12 15:22:00,92.7
2025-06-12 14:58:00,20.4
2025-06-12 10:47:00,46.5
2025-06-12 18:37:00,50.9
2025-06-12 12:31:00,49.69925181201777
2025-06-12 16:22:00,71.3
2025-06-12 12:53:00,49.69925181201777
2025-06-12 00:17:00,4.1
2025-06-12 19:52:00,33.4
2025-06-12 15:45:00,81.9
2025-06-12 13:15:00,48.5
2025-06-12 16:04:00,87.9
2025-06-12 20:44:00,65.2
2025-06-12 23:35:00,8.1
2025-06-12 05:05:00,67.1
2025-06-12 00:36:00,98.8
2025-06-12 02:31:00,39.6
2025-06-12 19:14:00,50.15234640140434
2025-06-12 05:52:00,83.9
2025-06-12 18:40:00,11.3
2025-06-12 09:54:00,21.8
2025-06-12 14:14:00,94.8
2025-06-12 05:54:00,4.5
2025-06-12 18:17:00,50.15234640140434
2025-06-12 11:11:00,8.0
2025-06-12 13:54:00,36.6
2025-06-12 14:27:00,67.6
2025-06-12 06:49:00,50.15234640140434
2025-06-12 14:35:00,88.8
2025-06-12 18:56:00,57.9
2025-06-12 23:18:00,82.4
2025-06-12 23:50:00,42.8
2025-06-12 18:18:00,5.6
2025-06-12 06:48:00,50.15234640140434
2025-06-12 21:48:00,50.15234640140434
2025-06-12 15:33:00,67.3
2025-06-12 10:10:00,61.4
2025-06-12 22:32:00,71.9
2025-06-12 11:37:00,14.7
2025-06-12 11:24:00,65.7
2025-06-12 20:05:00,9.6
2025-06-12 05:29:00,16.9
2025-06-12 02:20:00,12.8
2025-06-12 15:33:00,59.6
2025-06-12 18:32:00,10.4
2025-06-12 23:22:00,49.3
2025-06-12 11:16:00,50.15234640140434
2025-06-12 13:37:00,58.7
2025-06-12 12:27:00,59.0
2025-06-12 05:46:00,33.5
2025-06-12 12:49:00,50.15234640140434
2025-06-12 16:04:00,22.2
2025-06-12 09:40:00,50.15234640140434
2025-06-12 17:25:00,67.9
2025-06-12 18:49:00,72.3
2025-06-12 15:24:00,16.4
2025-06-12 23:36:00,35.9
2025-06-12 22:53:00,4.5
2025-06-12 15:13:00,39.8
2025-06-12 13:26:00,83.4
2025-06-12 16:57:00,90.5
2025-06-12 21:13:00,78.4
2025-06-12 16:29:00,35.5
2025-06-12 19:36:00,97.3
2025-06-12 14:09:00,50.15234640140434
2025-06-12 12:08:00,50.7
2025-06-12 13:58:00,71.8
2025-06-12 08:09:00,47.4
2025-06-12 23:01:00,89.5
2025-06-12 21:53:00,93.1
2025-06-12 07:09:00,61.0
2025-06-12 23:15:00,50.15234640140434
2025-06-12 02:59:00,50.15234640140434
2025-06-12 04:36:00,43.4
2025-06-12 01:57:00,68.6
2025-06-12 15:31:00,50.15234640140434
2025-06-12 18:58:00,42.8
2025-06-12 19:53:00,94.6
2025-06-12 15:02:00,51.7
2025-06-12 05:47:00,98.8
2025-06-12 15:19:00,50.5
2025-06-12 03:08:00,0.0
2025-06-12 13:21:00,50.15234640140434
2025-06-12 11:36:00,18.8
2025-06-12 10:38:00,87.9
2025-06-12 12:49:00,50.15234640140434
2025-06-12 17:06:00,68.6
2025-06-12 10:05:00,87.4
2025-06-12 01:18:00,63.9
2025-06-12 22:38:00,75.3
2025-06-12 13:32:00,50.15234640140434
2025-06-12 15:47:00,50.15234640140434
2025-06-12 12:31:00,4.8
2025-06-12 14:15:00,87.5
2025-06-12 10:52:00,15.2
2025-06-12 21:21:00,25.1
2025-06-12 21:22:00,50.15234640140434
2025-06-12 22:30:00,7.2
2025-06-12 02:19:00,50.15234640140434
2025-06-12 23:40:00,89.0
2025-06-12 10:36:00,50.15234640140434
2025-06-12 05:37:00,91.1
2025-06-12 17:59:00,47.4
2025-06-12 11:01:00,3.7
2025-06-12 11:03:00,97.0
2025-06-12 19:01:00,5.1
2025-06-12 05:44:00,50.15234640140434
2025-06-12 10:15:00,90.6
2025-06-12 00:40:00,21.2
2025-06-12 19:57:00,11.3
2025-06-12 07:06:00,87.0
2025-06-12 10:49:00,99.0
2025-06-12 22:21:00,89.9
2025-06-12 00:17:00,6.5
2025-06-12 10:17:00,95.0
2025-06-12 04:50:00,58.5
2025-06-12 13:47:00,43.2
2025-06-12 11:51:00,57.0
2025-06-12 22:35:00,84.9
2025-06-12 10:15:00,90.0
2025-06-12 01:42:00,34.6
2025-06-12 20:46:00,3.8
2025-06-12 23:05:00,13.6
2025-06-12 02:52:00,46.5
2025-06-12 02:17:00,16.5
2025-06-12 22:06:00,67.0
2025-06-12 06:51:00,89.1
2025-06-12 08:16:00,32.9
2025-06-12 11:48:00,34.7
2025-06-12 10:39:00,15.3
2025-06-12 22:20:00,68.5
2025-06-12 02:16:00,23.0
2025-06-12 11:33:00,98.5
2025-06-12 19:07:00,72.8
2025-06-12 17:58:00,50.15234640140434
2025-06-12 08:23:00,62.4
2025-06-12 16:30:00,28.6
2025-06-12 10:18:00,14.7
2025-06-12 20:58:00,7.6
2025-06-12 03:06:00,50.15234640140434
2025-06-12 12:04:00,54.4
2025-06-12 19:13:00,50.15234640140434
2025-06-12 05:21:00,50.15234640140434
2025-06-12 02:56:00,50.15234640140434
2025-06-12 16:52:00,88.5
2025-06-12 11:58:00,11.8
2025-06-12 04:33:00,66.5
2025-06-12 08:55:00,50.15234640140434
2025-06-12 10:23:00,6.5
2025-06-12 20:03:00,44.4
2025-06-12 09:53:00,0.8
2025-06-12 02:34:00,69.3
2025-06-12 19:13:00,22.5
2025-06-12 00:47:00,50.4
2025-06-12 11:02:00,19.2
2025-06-12 11:04:00,46.2
2025-06-12 10:57:00,47.9
2025-06-12 02:16:00,50.15234640140434
2025-06-12 05:43:00,39.9
2025-06-12 07:12:00,50.15234640140434
2025-06-12 08:46:00,27.4
2025-06-12 02:17:00,89.1
2025-06-12 11:46:00,72.4
2025-06-12 04:02:00,68.6
2025-06-12 05:18:00,48.5
2025-06-12 15:30:00,57.7
2025-06-12 17:44:00,55.7
2025-06-12 17:11:00,2.4
2025-06-12 15:29:00,43.2
2025-06-12 19:59:00,40.9
2025-06-12 02:40:00,13.4
2025-06-12 05:03:00,76.5
2025-06-12 21:11:00,50.15234640140434
2025-06-12 22:17:00,4.6
2025-06-12 20:36:00,37.9
2025-06-12 05:36:00,40.6
2025-06-12 04:48:00,50.15234640140434
2025-06-12 16:07:00,70.8
2025-06-12 11:25:00,54.3
2025-06-12 19:39:00,11.8
2025-06-12 19:14:00,93.2
2025-06-12 15:00:00,37.8
2025-06-12 13:08:00,19.4
2025-06-12 19:02:00,56.3
2025-06-12 07:46:00,43.8
2025-06-12 07:38:00,76.8
2025-06-12 12:27:00,28.9
2025-06-12 19:35:00,18.2
2025-06-12 23:55:00,50.15234640140434
2025-06-12 15:42:00,98.0
2025-06-12 09:49:00,33.3
2025-06-12 23:22:00,63.4
2025-06-12 05:02:00,67.1
2025-06-12 14:38:00,50.15234640140434
2025-06-12 15:57:00,32.3
2025-06-12 17:38:00,59.7
2025-06-12 10:03:00,50.15234640140434
2025-06-12 01:06:00,26.6
2025-06-12 19:03:00,60.0
2025-06-12 11:44:00,19.9
2025-06-12 20:34:00,14.8
2025-06-12 23:20:00,52.4
2025-06-12 10:49:00,50.15234640140434
2025-06-12 17:06:00,89.6
2025-06-12 07:12:00,78.3
2025-06-12 02:10:00,15.3
2025-06-12 09:39:00,49.2
2025-06-12 03:15:00,21.3
2025-06-12 06:07:00,60.8
2025-06-12 08:43:00,62.1
2025-06-12 00:40:00,66.4
2025-06-12 14:09:00,84.5
2025-06-12 12:10:00,50.15234640140434
2025-06-12 07:52:00,32.3
2025-06-12 00:11:00,44.5
2025-06-12 11:06:00,25.7
2025-06-12 08:32:00,50.15234640140434
2025-06-12 08:26:00,50.15234640140434
2025-06-12 07:04:00,45.4
2025-06-12 23:20:00,50.15234640140434
2025-06-12 12:18:00,50.15234640140434
2025-06-12 04:11:00,77.9
2025-06-12 14:44:00,59.5
2025-06-12 13:00:00,45.3
2025-06-12 21:54:00,50.15234640140434
2025-06-12 20:39:00,13.7
2025-06-12 08:53:00,61.1
2025-06-12 03:45:00,96.6
2025-06-12 14:36:00,50.15234640140434
2025-06-12 10:51:00,95.4
2025-06-12 14:37:00,50.15234640140434
2025-06-12 08:26:00,52.3
2025-06-12 20:58:00,54.9
2025-06-12 15:34:00,50.15234640140434
2025-06-12 12:12:00,80.7
2025-06-12 12:05:00,14.5
2025-06-12 19:23:00,50.15234640140434
2025-06-12 23:14:00,94.6
2025-06-12 20:52:00,17.7
2025-06-12 13:24:00,85.7
2025-06-12 02:06:00,57.8
2025-06-12 12:20:00,35.7
2025-06-12 01:01:00,51.0
2025-06-12 16:01:00,85.9
2025-06-12 09:53:00,32.9
2025-06-12 22:31:00,4.1
2025-06-12 16:44:00,50.15234640140434
2025-06-12 06:43:00,50.15234640140434
2025-06-12 19:29:00,34.9
2025-06-12 03:08:00,92.4
2025-06-12 12:56:00,61.4
2025-06-12 19:28:00,73.5
2025-06-12 11:13:00,54.8
2025-06-12 09:36:00,70.6
2025-06-12 02:28:00,88.3
2025-06-12 18:40:00,73.5
2025-06-12 07:42:00,99.5
2025-06-12 04:09:00,6.3
2025-06-12 23:58:00,67.5
2025-06-12 23:07:00,40.1
2025-06-12 13:45:00,10.2
2025-06-12 04:45:00,34.2
2025-06-12 13:44:00,99.2
2025-06-12 10:13:00,63.8
2025-06-12 22:46:00,68.1
2025-06-12 18:50:00,50.15234640140434
2025-06-12 09:06:00,33.2
2025-06-12 01:47:00,86.8
2025-06-12 21:25:00,26.2
2025-06-12 06:32:00,86.4
2025-06-12 12:47:00,50.15234640140434
2025-06-12 01:55:00,71.3
2025-06-12 12:24:00,11.1
2025-06-12 11:21:00,40.6
2025-06-12 19:50:00,47.5
2025-06-12 16:43:00,65.7
2025-06-12 12:18:00,19.2
2025-06-12 15:14:00,50.15234640140434
2025-06-12 00:42:00,67.3
2025-06-12 20:27:00,59.0
2025-06-12 12:03:00,50.8
2025-06-12 23:31:00,66.0
2025-06-12 10:55:00,65.2
2025-06-12 20:27:00,13.0
2025-06-12 18:30:00,19.9
2025-06-12 23:16:00,61.0
2025-06-12 18:12:00,9.2
2025-06-12 04:44:00,61.5
2025-06-12 11:05:00,39.2
2025-06-12 05:25:00,9.6
2025-06-12 06:37:00,16.6
2025-06-12 13:23:00,89.3
2025-06-12 21:44:00,82.8
2025-06-12 03:12:00,37.6
2025-06-12 18:58:00,97.1
2025-06-12 12:59:00,73.9
2025-06-12 06:07:00,18.6
2025-06-12 14:20:00,50.15234640140434
2025-06-12 10:57:00,28.2
2025-06-12 03:18:00,83.4
2025-06-12 02:16:00,39.7
2025-06-12 19:48:00,27.3
2025-06-12 18:06:00,69.2
2025-06-12 00:50:00,82.2
2025-06-12 22:15:00,17.0
2025-06-12 18:45:00,6.9
2025-06-12 01:15:00,5.3
2025-06-12 21:32:00,50.15234640140434
2025-06-12 03:17:00,94.9
2025-06-12 23:24:00,41.2
2025-06-12 01:34:00,43.8
2025-06-12 12:57:00,53.2
2025-06-12 10:43:00,50.15234640140434
2025-06-12 21:25:00,43.1
2025-06-12 03:54:00,53.2
2025-06-12 20:36:00,13.6
2025-06-12 19:37:00,50.15234640140434
2025-06-12 04:46:00,22.2
2025-06-12 14:22:00,50.15234640140434
2025-06-12 13:44:00,21.6
2025-06-12 17:03:00,50.15234640140434
2025-06-12 15:57:00,50.15234640140434
2025-06-12 07:20:00,72.6
2025-06-12 02:11:00,59.5
2025-06-12 21:59:00,62.0
2025-06-12 08:24:00,88.3
2025-06-12 08:45:00,70.5
2025-06-12 22:41:00,69.4
2025-06-12 01:33:00,23.2
2025-06-12 08:13:00,14.1
2025-06-12 12:02:00,50.15234640140434
2025-06-12 19:39:00,54.0
2025-06-12 06:20:00,43.0
2025-06-12 22:48:00,36.8
2025-06-12 17:00:00,67.7
2025-06-12 06:51:00,18.3
2025-06-12 17:36:00,81.0
2025-06-12 06:53:00,41.8
2025-06-12 03:14:00,76.9
2025-06-12 22:21:00,61.5
2025-06-12 06:53:00,50.15234640140434
2025-06-12 20:06:00,89.5
2025-06-12 11:30:00,76.4
2025-06-12 11:03:00,61.9
2025-06-12 07:42:00,56.6
2025-06-12 02:38:00,88.4
2025-06-12 12:29:00,28.1
2025-06-12 11:00:00,24.4
2025-06-12 17:27:00,74.5
2025-06-12 00:41:00,57.1
2025-06-12 10:04:00,22.7
2025-06-12 01:49:00,14.2
2025-06-12 11:30:00,50.15234640140434
2025-06-12 00:03:00,75.5
2025-06-12 10:33:00,49.8
2025-06-12 07:23:00,20.7
2025-06-12 02:06:00,70.4
2025-06-12 09:36:00,43.7
2025-06-12 15:21:00,75.4
2025-06-12 07:11:00,69.2
2025-06-12 20:29:00,50.15747328871669
2025-06-12 11:37:00,15.4
2025-06-12 12:08:00,90.0
2025-06-12 00:04:00,91.5
2025-06-12 05:31:00,10.5
2025-06-12 00:28:00,82.5
2025-06-12 00:53:00,32.5
2025-06-12 22:32:00,68.4
2025-06-12 23:41:00,35.7
2025-06-12 10:27:00,95.4
2025-06-12 10:14:00,85.3
2025-06-12 17:25:00,31.5
2025-06-12 16:44:00,42.4
2025-06-12 14:11:00,50.15747328871669
2025-06-12 15:30:00,93.1
2025-06-12 10:25:00,8.5
2025-06-12 09:18:00,46.8
2025-06-12 02:10:00,30.6
2025-06-12 09:18:00,53.3
2025-06-12 16:39:00,11.5
2025-06-12 21:27:00,97.9
2025-06-12 03:01:00,40.6
2025-06-12 16:29:00,56.7
2025-06-12 16:36:00,88.8
2025-06-12 05:00:00,16.4
2025-06-12 03:51:00,27.6
2025-06-12 21:19:00,74.9
2025-06-12 12:48:00,37.7
2025-06-12 08:16:00,48.9
2025-06-12 17:31:00,45.4
2025-06-12 13:44:00,3.8
2025-06-12 01:27:00,69.3
2025-06-12 12:32:00,77.7
2025-06-12 23:57:00,6.9
2025-06-12 18:44:00,26.4
2025-06-12 16:13:00,34.8
2025-06-12 17:51:00,15.2
2025-06-12 08:08:00,98.8
2025-06-12 02:10:00,10.2
2025-06-12 09:51:00,48.6
2025-06-12 01:52:00,43.3
2025-06-12 21:25:00,47.9
2025-06-12 18:55:00,73.8
2025-06-12 19:48:00,29.4
2025-06-12 12:19:00,62.8
2025-06-12 17:04:00,15.8
2025-06-12 19:39:00,73.9
2025-06-12 19:52:00,50.15747328871669
2025-06-12 20:43:00,70.5
2025-06-12 18:46:00,85.5
2025-06-12 22:54:00,75.8
2025-06-12 20:56:00,74.7
2025-06-12 13:37:00,57.9
2025-06-12 07:42:00,62.7
2025-06-12 02:53:00,79.5
2025-06-12 01:39:00,6.5
2025-06-12 11:01:00,50.15747328871669
2025-06-12 23:27:00,34.9
2025-06-12 01:47:00,10.6
2025-06-12 11:53:00,32.0
2025-06-12 22:06:00,83.5
2025-06-12 06:45:00,70.0
2025-06-12 14:27:00,45.0
2025-06-12 22:48:00,47.8
2025-06-12 14:57:00,32.5
2025-06-12 15:45:00,5.3
2025-06-12 13:07:00,50.15747328871669
2025-06-12 16:50:00,50.15747328871669
2025-06-12 05:33:00,53.6
2025-06-12 20:49:00,50.15747328871669
2025-06-12 08:54:00,63.7
2025-06-12 04:03:00,50.15747328871669
2025-06-12 12:52:00,96.4
2025-06-12 20:46:00,54.8
2025-06-12 10:03:00,16.0
2025-06-12 17:49:00,33.1
2025-06-12 21:52:00,8.0
2025-06-12 20:14:00,79.7
2025-06-12 07:36:00,96.5
2025-06-12 01:50:00,70.3
2025-06-12 16:20:00,95.6
2025-06-12 03:10:00,63.5
2025-06-12 07:34:00,67.8
2025-06-12 18:48:00,2.6
2025-06-12 10:14:00,36.9
2025-06-12 01:48:00,16.5
2025-06-12 12:28:00,50.15747328871669
2025-06-12 11:55:00,35.4
2025-06-12 16:15:00,10.1
2025-06-12 08:58:00,77.0
2025-06-12 16:18:00,43.0
2025-06-12 01:55:00,54.7
2025-06-12 21:59:00,1.9
2025-06-12 19:09:00,78.6
2025-06-12 09:02:00,73.3
2025-06-12 22:10:00,90.5
2025-06-12 15:29:00,54.9
2025-06-12 04:33:00,50.15747328871669
2025-06-12 11:59:00,81.6
2025-06-12 03:02:00,97.6
2025-06-12 12:34:00,65.8
2025-06-12 17:28:00,4.6
2025-06-12 12:15:00,73.8
2025-06-12 06:45:00,81.9
2025-06-12 03:11:00,50.15747328871669
2025-06-12 10:12:00,32.9
2025-06-12 04:54:00,18.2
2025-06-12 21:34:00,68.5
2025-06-12 18:42:00,23.5
2025-06-12 21:02:00,50.15747328871669
2025-06-12 10:39:00,74.5
2025-06-12 08:39:00,81.0
2025-06-12 09:41:00,26.3
2025-06-12 04:34:00,30.0
2025-06-12 10:32:00,59.3
2025-06-12 19:05:00,47.4
2025-06-12 19:44:00,55.5
2025-06-12 13:29:00,40.3
2025-06-12 20:25:00,3.1
2025-06-12 18:45:00,28.5
2025-06-12 07:24:00,50.15747328871669
2025-06-12 02:28:00,18.2
2025-06-12 02:06:00,79.2
2025-06-12 15:33:00,96.6
2025-06-12 08:41:00,58.0
2025-06-12 03:31:00,74.2
2025-06-12 18:05:00,14.9
2025-06-12 13:54:00,59.1
2025-06-12 04:57:00,25.4
2025-06-12 07:15:00,50.15747328871669
2025-06-12 20:58:00,52.0
2025-06-12 05:05:00,46.4
2025-06-12 09:45:00,22.9
2025-06-12 02:12:00,50.15747328871669
2025-06-12 14:03:00,21.7
2025-06-12 08:30:00,35.3
2025-06-12 03:19:00,51.6
2025-06-12 09:13:00,48.8
2025-06-12 12:02:00,99.7
2025-06-12 11:17:00,33.2
2025-06-12 13:53:00,50.15747328871669
2025-06-12 22:27:00,98.9
2025-06-12 10:43:00,26.4
2025-06-12 14:53:00,54.0
2025-06-12 06:51:00,60.2
2025-06-12 09:09:00,78.2
2025-06-12 12:47:00,1.5
2025-06-12 01:35:00,5.2
2025-06-12 07:30:00,50.15747328871669
2025-06-12 02:37:00,46.6
2025-06-12 15:28:00,50.15747328871669
2025-06-12 15:20:00,59.8
2025-06-12 10:05:00,50.2
2025-06-12 08:33:00,77.6
2025-06-12 11:08:00,15.8
2025-06-12 21:11:00,84.5
2025-06-12 03:52:00,65.9
2025-06-12 09:49:00,67.9
2025-06-12 17:45:00,48.8
2025-06-12 05:38:00,24.3
2025-06-12 05:14:00,23.4
2025-06-12 14:10:00,50.15747328871669
2025-06-12 19:38:00,10.2
2025-06-12 04:27:00,37.5
2025-06-12 17:03:00,20.2
2025-06-12 12:18:00,40.0
2025-06-12 23:52:00,79.3
2025-06-12 06:45:00,76.5
2025-06-12 16:13:00,75.6
2025-06-12 15:44:00,50.15747328871669
2025-06-12 20:22:00,20.3
2025-06-12 05:55:00,41.0
2025-06-12 21:28:00,50.15747328871669
2025-06-12 07:06:00,95.1
2025-06-12 11:11:00,93.4
2025-06-12 23:34:00,30.2
2025-06-12 03:07:00,58.8
2025-06-12 17:49:00,40.2
2025-06-12 05:27:00,44.3
2025-06-12 05:51:00,69.3
2025-06-12 06:51:00,57.9
2025-06-12 05:14:00,50.15747328871669
2025-06-12 18:18:00,45.3
2025-06-12 02:45:00,93.8
2025-06-12 14:46:00,37.2
2025-06-12 20:58:00,49.0
2025-06-12 03:13:00,41.7
2025-06-12 21:50:00,66.2
2025-06-12 22:32:00,40.9
2025-06-12 13:43:00,92.1
2025-06-12 21:05:00,49.0
2025-06-12 12:49:00,60.0
2025-06-12 06:33:00,85.5
2025-06-12 23:23:00,50.15747328871669
2025-06-12 00:21:00,93.3
2025-06-12 17:21:00,34.3
2025-06-12 16:23:00,50.15747328871669
2025-06-12 14:23:00,6.3
2025-06-12 14:45:00,11.8
2025-06-12 00:03:00,49.4
2025-06-12 23:40:00,14.8
2025-06-12 18:41:00,92.7
2025-06-12 14:27:00,42.9
2025-06-12 21:20:00,73.7
2025-06-12 03:56:00,2.0
2025-06-12 11:18:00,15.6
2025-06-12 06:43:00,50.15747328871669
2025-06-12 16:21:00,58.7
2025-06-12 08:52:00,86.6
2025-06-12 22:43:00,70.6
2025-06-12 01:49:00,67.2
2025-06-12 11:23:00,50.15747328871669
2025-06-12 12:37:00,75.1
2025-06-12 01:36:00,93.6
2025-06-12 09:23:00,50.15747328871669
2025-06-12 14:21:00,71.8
2025-06-12 05:07:00,19.3
2025-06-12 15:07:00,50.15747328871669
2025-06-12 01:00:00,78.4
2025-06-12 19:54:00,6.9
2025-06-12 03:07:00,80.8
2025-06-12 17:34:00,50.15747328871669
2025-06-12 13:34:00,92.6
2025-06-12 05:33:00,60.2
2025-06-12 11:55:00,19.7
2025-06-12 07:26:00,50.15747328871669
2025-06-12 23:59:00,50.15747328871669
2025-06-12 21:08:00,6.6
2025-06-12 16:54:00,87.7
2025-06-12 12:51:00,50.15747328871669
2025-06-12 12:09:00,70.7
2025-06-12 05:30:00,23.1
2025-06-12 16:02:00,83.1
2025-06-12 12:39:00,50.15747328871669
2025-06-12 04:52:00,1.6
2025-06-12 19:04:00,50.15747328871669
2025-06-12 09:22:00,50.15747328871669
2025-06-12 04:19:00,59.9
2025-06-12 00:45:00,13.1
2025-06-12 16:12:00,67.0
2025-06-12 04:14:00,47.5
2025-06-12 04:46:00,8.7
2025-06-12 04:13:00,26.5
2025-06-12 06:57:00,61.2
2025-06-12 21:43:00,17.0
2025-06-12 07:18:00,50.15747328871669
2025-06-12 10:34:00,93.5
2025-06-12 00:13:00,62.7
2025-06-12 04:33:00,80.1
2025-06-12 19:35:00,3.6
2025-06-12 21:18:00,87.8
2025-06-12 01:17:00,69.4
2025-06-12 15:51:00,7.9
2025-06-12 11:33:00,67.1
2025-06-12 22:46:00,72.4
2025-06-12 19:18:00,81.7
2025-06-12 00:14:00,37.8
2025-06-12 18:31:00,76.3
2025-06-12 15:13:00,6.9
2025-06-12 14:21:00,57.5
2025-06-12 02:12:00,73.8
2025-06-12 18:11:00,6.5
2025-06-12 18:04:00,62.6
2025-06-12 05:45:00,68.5
2025-06-12 03:42:00,30.3
2025-06-12 04:58:00,50.15747328871669
2025-06-12 16:22:00,66.4
2025-06-12 13:38:00,67.8
2025-06-12 12:27:00,45.4
2025-06-12 16:35:00,91.8
2025-06-12 18:33:00,8.0
2025-06-12 09:27:00,50.15747328871669
2025-06-12 07:36:00,63.8
2025-06-12 18:54:00,31.9
2025-06-12 22:29:00,35.8
2025-06-12 06:56:00,41.0
2025-06-12 11:05:00,86.0
2025-06-12 05:39:00,78.4
2025-06-12 10:15:00,94.5
2025-06-12 17:39:00,5.6
2025-06-12 02:56:00,40.4
2025-06-12 09:59:00,9.3
2025-06-12 07:49:00,50.15747328871669
2025-06-12 00:36:00,70.8
2025-06-12 06:26:00,17.3
2025-06-12 15:35:00,2.5
2025-06-12 12:48:00,81.8
2025-06-12 20:15:00,98.9
2025-06-12 21:09:00,63.6
2025-06-12 22:10:00,97.2
2025-06-12 08:18:00,52.1
2025-06-12 05:22:00,50.15747328871669
2025-06-12 01:05:00,82.1
2025-06-12 07:20:00,50.15747328871669
2025-06-12 13:47:00,50.3
2025-06-12 01:41:00,50.15747328871669
2025-06-12 22:52:00,39.0
2025-06-12 01:25:00,6.2
2025-06-12 14:10:00,73.9
2025-06-12 09:05:00,47.6
2025-06-12 13:30:00,79.3
2025-06-12 00:39:00,77.3
2025-06-12 21:11:00,81.8
2025-06-12 17:48:00,24.0
2025-06-12 02:17:00,24.8
2025-06-12 02:03:00,15.4
2025-06-12 20:33:00,82.9
2025-06-12 19:37:00,54.6
2025-06-12 00:17:00,56.0
2025-06-12 12:12:00,76.9
2025-06-12 04:09:00,79.6
2025-06-12 21:02:00,50.15747328871669
2025-06-12 04:09:00,7.1
2025-06-12 07:22:00,70.4
2025-06-12 14:59:00,63.0
2025-06-12 06:09:00,33.4
2025-06-12 01:34:00,0.9
2025-06-12 09:14:00,50.15747328871669
2025-06-12 18:34:00,60.5
2025-06-12 22:00:00,41.8
2025-06-12 14:54:00,26.7
2025-06-12 08:24:00,16.5
2025-06-12 12:49:00,92.3
2025-06-12 01:36:00,20.3
2025-06-12 09:08:00,37.6
2025-06-12 05:48:00,70.5
2025-06-12 10:06:00,89.2
2025-06-12 23:23:00,86.2
2025-06-12 21:08:00,50.15747328871669
2025-06-12 12:10:00,99.9
2025-06-12 21:44:00,33.4
2025-06-12 05:17:00,50.15747328871669
2025-06-12 22:44:00,11.9
2025-06-12 09:00:00,61.6
2025-06-12 17:24:00,64.9
2025-06-12 16:50:00,34.3
2025-06-12 07:07:00,75.1
2025-06-12 13:44:00,89.5
2025-06-12 15:37:00,79.2
2025-06-12 04:23:00,40.2
2025-06-12 01:31:00,68.5
2025-06-12 23:28:00,13.7
2025-06-12 05:10:00,50.15747328871669
2025-06-12 21:50:00,50.15747328871669
2025-06-12 16:28:00,40.5
2025-06-12 22:06:00,50.15747328871669
2025-06-12 11:18:00,50.15747328871669
2025-06-12 13:51:00,99.2
2025-06-12 18:06:00,11.1
2025-06-12 03:36:00,50.15747328871669
2025-06-12 10:24:00,68.2
2025-06-12 10:37:00,69.9
2025-06-12 17:50:00,48.4
2025-06-12 13:33:00,50.15747328871669
2025-06-12 14:17:00,20.4
2025-06-12 18:05:00,24.7
2025-06-12 22:23:00,27.0
2025-06-12 04:00:00,95.1
2025-06-12 15:22:00,61.8
2025-06-12 04:31:00,2.5
2025-06-12 23:36:00,50.07997412982127
2025-06-12 10:21:00,75.8
2025-06-12 14:22:00,81.7
2025-06-12 03:13:00,18.8
2025-06-12 00:40:00,63.2
2025-06-12 18:41:00,16.8
2025-06-12 00:12:00,26.5
2025-06-12 01:19:00,49.5
2025-06-12 07:38:00,50.07997412982127
2025-06-12 03:38:00,94.4
2025-06-12 21:36:00,50.07997412982127
2025-06-12 14:05:00,36.1
2025-06-12 06:37:00,50.07997412982127
2025-06-12 18:35:00,50.07997412982127
2025-06-12 18:18:00,3.9
2025-06-12 20:31:00,68.4
2025-06-12 18:19:00,36.8
2025-06-12 23:53:00,61.6
2025-06-12 09:28:00,6.4
2025-06-12 14:00:00,94.0
2025-06-12 00:44:00,37.4
2025-06-12 05:52:00,50.07997412982127
2025-06-12 10:41:00,17.8
2025-06-12 00:18:00,77.8
2025-06-12 12:41:00,5.6
2025-06-12 01:13:00,74.4
2025-06-12 19:58:00,57.5
2025-06-12 23:51:00,90.2
2025-06-12 05:37:00,36.3
2025-06-12 17:16:00,50.07997412982127
2025-06-12 04:40:00,15.2
2025-06-12 15:33:00,54.6
2025-06-12 08:33:00,50.07997412982127
2025-06-12 22:55:00,57.8
2025-06-12 09:58:00,99.4
2025-06-12 16:34:00,50.07997412982127
2025-06-12 09:14:00,17.4
2025-06-12 02:47:00,50.07997412982127
2025-06-12 12:20:00,50.07997412982127
2025-06-12 09:56:00,50.07997412982127
2025-06-12 06:30:00,32.2
2025-06-12 07:01:00,86.7
2025-06-12 03:27:00,71.4
2025-06-12 10:56:00,31.2
2025-06-12 23:02:00,50.07997412982127
2025-06-12 01:59:00,68.0
2025-06-12 19:13:00,50.07997412982127
2025-06-12 14:29:00,30.5
2025-06-12 18:45:00,16.4
2025-06-12 12:03:00,82.0
2025-06-12 10:07:00,59.5
2025-06-12 11:58:00,56.7
2025-06-12 01:15:00,21.0
2025-06-12 16:43:00,15.4
2025-06-12 11:03:00,50.07997412982127
2025-06-12 18:41:00,81.0
2025-06-12 20:21:00,21.0
2025-06-12 06:47:00,80.4
2025-06-12 20:37:00,29.8
2025-06-12 23:11:00,60.8
2025-06-12 06:50:00,94.4
2025-06-12 21:12:00,57.5
2025-06-12 02:14:00,75.3
2025-06-12 08:40:00,97.4
2025-06-12 20:08:00,66.6
2025-06-12 22:04:00,58.1
2025-06-12 09:47:00,93.1
2025-06-12 20:55:00,50.07997412982127
2025-06-12 01:22:00,10.3
2025-06-12 16:53:00,45.8
2025-06-12 19:35:00,2.6
2025-06-12 23:12:00,50.07997412982127
2025-06-12 18:42:00,87.3
2025-06-12 10:20:00,50.07997412982127
2025-06-12 01:32:00,58.2
2025-06-12 14:22:00,40.6
2025-06-12 22:34:00,44.5
2025-06-12 18:15:00,29.7
2025-06-12 02:54:00,26.1
2025-06-12 04:30:00,66.7
2025-06-12 09:59:00,50.07997412982127
2025-06-12 00:47:00,33.8
2025-06-12 04:18:00,50.07997412982127
2025-06-12 01:18:00,46.0
2025-06-12 21:21:00,50.07997412982127
2025-06-12 10:02:00,82.5
2025-06-12 18:17:00,50.07997412982127
2025-06-12 21:17:00,50.07997412982127
2025-06-12 18:16:00,12.6
2025-06-12 09:06:00,50.07997412982127
2025-06-12 13:55:00,56.3
2025-06-12 20:52:00,50.07997412982127
2025-06-12 20:26:00,16.3
2025-06-12 18:28:00,92.1
2025-06-12 18:22:00,90.5
2025-06-12 15:44:00,21.9
2025-06-12 07:10:00,30.1
2025-06-12 17:05:00,70.2
2025-06-12 14:44:00,1.1
2025-06-12 02:47:00,4.3
2025-06-12 04:27:00,62.3
2025-06-12 17:48:00,8.6
2025-06-12 09:35:00,54.5
2025-06-12 11:59:00,27.4
2025-06-12 05:05:00,81.0
2025-06-12 19:02:00,50.07997412982127
2025-06-12 16:14:00,34.9
2025-06-12 02:16:00,50.07997412982127
2025-06-12 02:22:00,50.07997412982127
2025-06-12 11:00:00,82.8
2025-06-12 21:13:00,58.3
2025-06-12 05:37:00,91.6
2025-06-12 18:45:00,53.2
2025-06-12 15:19:00,65.8
2025-06-12 15:05:00,41.1
2025-06-12 09:59:00,60.0
2025-06-12 09:04:00,50.07997412982127
2025-06-12 19:54:00,30.1
2025-06-12 05:26:00,5.1
2025-06-12 21:55:00,64.6
2025-06-12 08:08:00,5.3
2025-06-12 18:47:00,2.1
2025-06-12 00:22:00,4.5
2025-06-12 08:38:00,57.5
2025-06-12 03:38:00,34.5
2025-06-12 00:44:00,12.6
2025-06-12 23:06:00,97.8
2025-06-12 18:22:00,50.3
2025-06-12 02:44:00,67.3
2025-06-12 01:20:00,50.07997412982127
2025-06-12 15:43:00,40.8
2025-06-12 23:04:00,4.4
2025-06-12 10:37:00,50.07997412982127
2025-06-12 06:06:00,94.1
2025-06-12 21:58:00,96.9
2025-06-12 06:01:00,33.8
2025-06-12 15:24:00,99.6
2025-06-12 20:55:00,68.5
2025-06-12 00:08:00,74.6
2025-06-12 07:49:00,78.0
2025-06-12 21:14:00,50.07997412982127
2025-06-12 11:18:00,28.9
2025-06-12 08:23:00,55.2
2025-06-12 02:16:00,33.2
2025-06-12 11:57:00,81.5
2025-06-12 09:13:00,39.5
2025-06-12 15:38:00,45.5
2025-06-12 15:51:00,50.07997412982127
2025-06-12 12:57:00,50.07997412982127
2025-06-12 04:32:00,13.8
2025-06-12 12:37:00,42.7
2025-06-12 23:43:00,85.9
2025-06-12 13:52:00,80.0
2025-06-12 07:14:00,13.8
2025-06-12 01:55:00,62.9
2025-06-12 14:00:00,83.3
2025-06-12 21:46:00,80.3
2025-06-12 23:54:00,95.8
2025-06-12 09:42:00,30.7
2025-06-12 09:38:00,89.8
2025-06-12 07:01:00,52.7
2025-06-12 09:37:00,85.5
2025-06-12 23:21:00,50.07997412982127
2025-06-12 14:19:00,8.3
2025-06-12 01:53:00,76.9
2025-06-12 20:20:00,85.5
2025-06-12 21:13:00,37.1
2025-06-12 06:25:00,93.4
2025-06-12 21:18:00,17.4
2025-06-12 03:08:00,50.07997412982127
2025-06-12 03:48:00,46.5
2025-06-12 13:12:00,2.5
2025-06-12 15:03:00,11.4
2025-06-12 06:24:00,43.3
2025-06-12 15:30:00,80.2
2025-06-12 16:06:00,38.5
2025-06-12 18:36:00,50.07997412982127
2025-06-12 07:14:00,5.7
2025-06-12 11:58:00,52.6
2025-06-12 10:29:00,61.7
2025-06-12 12:36:00,11.0
2025-06-12 15:38:00,93.5
2025-06-12 03:53:00,61.4
2025-06-12 20:41:00,51.0
2025-06-12 11:41:00,41.8
2025-06-12 00:19:00,24.1
2025-06-12 01:48:00,38.3
2025-06-12 20:25:00,42.8
2025-06-12 02:29:00,22.6
2025-06-12 07:57:00,50.07997412982127
2025-06-12 19:26:00,94.4
2025-06-12 00:23:00,77.2
2025-06-12 10:24:00,13.6
2025-06-12 10:37:00,72.9
2025-06-12 10:43:00,32.9
2025-06-12 19:13:00,5.4
2025-06-12 18:39:00,88.0
2025-06-12 03:12:00,29.8
2025-06-12 16:51:00,90.9
2025-06-12 03:18:00,50.07997412982127
2025-06-12 22:29:00,67.0
2025-06-12 00:15:00,17.5
2025-06-12 03:05:00,22.2
2025-06-12 14:43:00,97.6
2025-06-12 15:56:00,55.4
2025-06-12 22:07:00,81.3
2025-06-12 08:21:00,54.1
2025-06-12 23:47:00,61.6
2025-06-12 18:22:00,89.1
2025-06-12 16:03:00,93.5
2025-06-12 21:44:00,1.5
2025-06-12 08:36:00,50.07997412982127
2025-06-12 17:28:00,65.2
2025-06-12 09:25:00,50.07997412982127
2025-06-12 10:08:00,57.6
2025-06-12 08:38:00,73.9
2025-06-12 03:45:00,50.07997412982127
2025-06-12 09:01:00,50.07997412982127
2025-06-12 15:16:00,27.3
2025-06-12 01:19:00,50.07997412982127
2025-06-12 23:18:00,50.07997412982127
2025-06-12 22:15:00,51.9
2025-06-12 04:50:00,17.6
2025-06-12 18:38:00,92.6
2025-06-12 15:08:00,97.2
2025-06-12 04:00:00,26.6
2025-06-12 08:30:00,43.1
2025-06-12 07:13:00,94.0
2025-06-12 08:05:00,45.8
2025-06-12 19:58:00,14.5
2025-06-12 18:34:00,27.5
2025-06-12 09:13:00,56.9
2025-06-12 15:07:00,29.8
2025-06-12 20:37:00,12.4
2025-06-12 16:08:00,15.0
2025-06-12 21:30:00,30.2
2025-06-12 03:51:00,64.7
2025-06-12 10:09:00,47.2
2025-06-12 15:16:00,50.07997412982127
2025-06-12 17:14:00,30.6
2025-06-12 03:21:00,32.8
2025-06-12 08:54:00,66.3
2025-06-12 03:21:00,17.7
2025-06-12 23:09:00,11.6
2025-06-12 03:47:00,88.0
2025-06-12 10:33:00,37.4
2025-06-12 06:07:00,13.7
2025-06-12 18:16:00,91.6
2025-06-12 12:08:00,20.6
2025-06-12 12:32:00,25.6
2025-06-12 23:05:00,64.7
2025-06-12 04:13:00,6.1
2025-06-12 06:48:00,18.0
2025-06-12 12:38:00,97.4
2025-06-12 02:10:00,50.07997412982127
2025-06-12 23:48:00,75.6
2025-06-12 01:37:00,2.4
2025-06-12 20:39:00,65.4
2025-06-12 17:51:00,11.4
2025-06-12 02:10:00,33.3
2025-06-12 15:54:00,80.6
2025-06-12 07:11:00,25.0
2025-06-12 14:18:00,50.07997412982127
2025-06-12 09:47:00,27.0
2025-06-12 16:08:00,16.3
2025-06-12 19:59:00,94.7
2025-06-12 20:04:00,4.5
2025-06-12 00:59:00,44.4
2025-06-12 14:44:00,50.07997412982127
2025-06-12 12:28:00,26.0
2025-06-12 15:40:00,87.5
2025-06-12 21:49:00,88.7
2025-06-12 08:42:00,13.3
2025-06-12 01:38:00,97.7
2025-06-12 18:42:00,78.0
2025-06-12 12:27:00,18.3
2025-06-12 21:44:00,79.4
2025-06-12 22:42:00,68.5
2025-06-12 10:38:00,75.7
2025-06-12 00:13:00,70.7
2025-06-12 03:24:00,20.1
2025-06-12 06:12:00,70.2
2025-06-12 00:08:00,13.4
2025-06-12 12:34:00,99.5
2025-06-12 16:08:00,50.07997412982127
2025-06-12 00:49:00,6.9
2025-06-12 22:59:00,42.3
2025-06-12 03:17:00,87.9
2025-06-12 22:11:00,22.3
2025-06-12 07:56:00,50.07997412982127
2025-06-12 06:41:00,50.07997412982127
2025-06-12 21:49:00,47.6
2025-06-12 13:55:00,34.0
2025-06-12 05:11:00,65.2
2025-06-12 06:49:00,54.5
2025-06-12 08:55:00,50.07997412982127
2025-06-12 09:03:00,11.1
2025-06-12 05:55:00,84.4
2025-06-12 23:26:00,59.8
2025-06-12 13:33:00,26.5
2025-06-12 18:24:00,35.3
2025-06-12 14:46:00,20.7
2025-06-12 01:45:00,40.6
2025-06-12 10:12:00,66.0
2025-06-12 17:16:00,50.07997412982127
2025-06-12 15:00:00,59.1
2025-06-12 22:38:00,50.07997412982127
2025-06-12 17:54:00,50.07997412982127
2025-06-12 07:22:00,50.07997412982127
2025-06-12 00:23:00,10.8
2025-06-12 07:20:00,50.07997412982127
2025-06-12 05:54:00,14.1
2025-06-12 05:55:00,50.07997412982127
2025-06-12 10:59:00,88.2
2025-06-12 00:28:00,91.5
2025-06-12 07:54:00,73.0
2025-06-12 12:05:00,55.9
2025-06-12 00:23:00,51.1
2025-06-12 12:36:00,57.8
2025-06-12 02:48:00,99.4
2025-06-12 23:18:00,64.7
2025-06-12 21:55:00,95.4
2025-06-12 16:45:00,2.7
2025-06-12 14:18:00,55.4
2025-06-12 21:18:00,54.4
2025-06-12 11:46:00,56.8
2025-06-12 15:14:00,48.8
2025-06-12 13:39:00,50.07997412982127
2025-06-12 18:05:00,31.6
2025-06-12 19:32:00,2.2
2025-06-12 18:56:00,16.9
2025-06-12 18:42:00,45.3
2025-06-12 23:46:00,43.3
2025-06-12 13:17:00,54.2
2025-06-12 13:31:00,58.9
2025-06-12 03:08:00,17.9
2025-06-12 14:42:00,83.2
2025-06-12 13:16:00,76.2
2025-06-12 22:29:00,42.9
2025-06-12 08:08:00,27.8
2025-06-12 03:41:00,90.2
2025-06-12 19:19:00,24.4
2025-06-12 19:29:00,48.4
2025-06-12 09:25:00,49.822039706925075
2025-06-12 02:16:00,16.3
2025-06-12 21:46:00,3.6
2025-06-12 13:16:00,72.6
2025-06-12 10:06:00,8.6
2025-06-12 14:34:00,9.8
2025-06-12 23:49:00,49.822039706925075
2025-06-12 10:59:00,54.5
2025-06-12 08:48:00,7.6
2025-06-12 04:33:00,49.822039706925075
2025-06-12 13:37:00,43.2
2025-06-12 04:35:00,81.6
2025-06-12 11:28:00,26.1
2025-06-12 14:31:00,7.9
2025-06-12 04:08:00,84.8
2025-06-12 23:14:00,87.7
2025-06-12 03:37:00,19.6
2025-06-12 16:25:00,5.6
2025-06-12 01:47:00,67.0
2025-06-12 11:53:00,28.9
2025-06-12 11:46:00,98.8
2025-06-12 17:31:00,49.822039706925075
2025-06-12 05:26:00,33.0
2025-06-12 19:32:00,44.3
2025-06-12 20:26:00,79.4
2025-06-12 00:40:00,13.3
2025-06-12 11:48:00,45.1
2025-06-12 11:33:00,11.8
2025-06-12 08:31:00,32.9
2025-06-12 01:55:00,13.0
2025-06-12 19:50:00,91.4
2025-06-12 14:00:00,26.9
2025-06-12 09:53:00,46.0
2025-06-12 18:56:00,18.5
2025-06-12 22:57:00,46.7
2025-06-12 13:22:00,7.3
2025-06-12 07:55:00,45.9
2025-06-12 09:54:00,49.822039706925075
2025-06-12 02:20:00,43.1
2025-06-12 06:25:00,67.6
2025-06-12 12:40:00,49.822039706925075
2025-06-12 11:02:00,74.7
2025-06-12 21:43:00,94.5
2025-06-12 23:24:00,78.9
2025-06-12 17:57:00,92.8
2025-06-12 09:27:00,49.822039706925075
2025-06-12 21:46:00,19.9
2025-06-12 06:23:00,81.1
2025-06-12 05:28:00,89.8
2025-06-12 07:40:00,16.9
2025-06-12 18:13:00,74.9
2025-06-12 09:35:00,49.822039706925075
2025-06-12 23:08:00,81.1
2025-06-12 16:23:00,84.0
2025-06-12 13:26:00,17.6
2025-06-12 15:12:00,65.5
2025-06-12 03:29:00,70.3
2025-06-12 14:26:00,49.822039706925075
2025-06-12 18:15:00,85.3
2025-06-12 09:04:00,49.822039706925075
2025-06-12 12:34:00,88.2
2025-06-12 22:43:00,19.1
2025-06-12 06:43:00,95.3
2025-06-12 06:30:00,94.8
2025-06-12 07:12:00,49.822039706925075
2025-06-12 04:36:00,72.1
2025-06-12 07:44:00,63.0
2025-06-12 19:17:00,27.3
2025-06-12 16:09:00,77.1
2025-06-12 09:37:00,51.6
2025-06-12 01:22:00,31.1
2025-06-12 11:46:00,49.822039706925075
2025-06-12 03:47:00,6.6
2025-06-12 11:41:00,69.1
2025-06-12 09:32:00,64.2
2025-06-12 12:03:00,78.1
2025-06-12 02:31:00,50.8
2025-06-12 03:52:00,31.6
2025-06-12 02:01:00,88.2
2025-06-12 21:48:00,70.0
2025-06-12 21:17:00,44.9
2025-06-12 23:31:00,22.8
2025-06-12 00:01:00,24.0
2025-06-12 20:35:00,49.822039706925075
2025-06-12 10:34:00,52.9
2025-06-12 20:22:00,19.0
2025-06-12 18:48:00,52.1
2025-06-12 07:46:00,82.1
2025-06-12 19:37:00,90.4
2025-06-12 15:48:00,23.8
2025-06-12 03:15:00,49.6
2025-06-12 10:49:00,49.822039706925075
2025-06-12 23:13:00,9.7
2025-06-12 22:47:00,76.9
2025-06-12 01:34:00,5.5
2025-06-12 19:57:00,21.9
2025-06-12 00:27:00,9.4
2025-06-12 21:04:00,58.3
2025-06-12 00:29:00,49.822039706925075
2025-06-12 20:16:00,60.0
2025-06-12 09:23:00,27.3
2025-06-12 09:53:00,29.2
2025-06-12 12:57:00,40.4
2025-06-12 09:52:00,45.0
2025-06-12 18:11:00,19.1
2025-06-12 07:23:00,4.2
2025-06-12 06:20:00,90.5
2025-06-12 03:49:00,92.8
2025-06-12 15:37:00,62.6
2025-06-12 14:56:00,72.8
2025-06-12 01:12:00,49.822039706925075
2025-06-12 04:32:00,79.5
2025-06-12 01:55:00,26.4
2025-06-12 17:44:00,48.9
2025-06-12 19:04:00,6.9
2025-06-12 12:15:00,90.8
2025-06-12 05:29:00,86.7
2025-06-12 21:35:00,49.822039706925075
2025-06-12 01:38:00,48.5
2025-06-12 06:14:00,21.1
2025-06-12 18:50:00,60.8
2025-06-12 04:46:00,52.9
2025-06-12 03:36:00,34.3
2025-06-12 06:05:00,73.7
2025-06-12 21:52:00,2.4
2025-06-12 17:37:00,49.822039706925075
2025-06-12 13:19:00,37.3
2025-06-12 06:24:00,59.7
2025-06-12 00:20:00,12.1
2025-06-12 13:49:00,49.822039706925075
2025-06-12 12:11:00,92.0
2025-06-12 14:54:00,49.822039706925075
2025-06-12 05:53:00,5.5
2025-06-12 21:57:00,49.822039706925075
2025-06-12 22:39:00,89.0
2025-06-12 13:16:00,69.2
2025-06-12 09:07:00,42.9
2025-06-12 09:43:00,80.5
2025-06-12 09:54:00,4.5
2025-06-12 23:38:00,59.5
2025-06-12 07:04:00,49.822039706925075
2025-06-12 16:45:00,87.2
2025-06-12 19:43:00,67.9
2025-06-12 10:27:00,6.2
2025-06-12 11:05:00,24.7
2025-06-12 15:05:00,49.822039706925075
2025-06-12 01:50:00,49.4
2025-06-12 12:13:00,68.1
2025-06-12 09:03:00,43.1
2025-06-12 00:04:00,6.0
2025-06-12 11:42:00,17.4
2025-06-12 00:57:00,85.3
2025-06-12 02:20:00,15.5
2025-06-12 12:40:00,51.5
2025-06-12 09:26:00,55.8
2025-06-12 12:55:00,16.3
2025-06-12 22:40:00,81.7
2025-06-12 04:48:00,56.0
2025-06-12 14:43:00,49.822039706925075
2025-06-12 15:28:00,4.1
2025-06-12 17:07:00,90.7
2025-06-12 11:49:00,16.3
2025-06-12 05:29:00,6.4
2025-06-12 19:00:00,50.9
2025-06-12 17:18:00,88.5
2025-06-12 02:36:00,28.1
2025-06-12 09:39:00,57.1
2025-06-12 01:40:00,18.5
2025-06-12 16:19:00,1.7
2025-06-12 12:02:00,60.8
2025-06-12 01:13:00,94.4
2025-06-12 10:40:00,75.4
2025-06-12 04:24:00,26.5
2025-06-12 14:43:00,70.4
2025-06-12 04:37:00,49.822039706925075
2025-06-12 18:25:00,28.7
2025-06-12 20:46:00,54.7
2025-06-12 14:27:00,26.8
2025-06-12 13:11:00,51.6
2025-06-12 11:36:00,79.0
2025-06-12 07:18:00,71.6
2025-06-12 09:24:00,45.4
2025-06-12 14:35:00,30.7
2025-06-12 17:31:00,25.4
2025-06-12 04:15:00,49.4
2025-06-12 21:56:00,1.3
2025-06-12 12:10:00,95.3
2025-06-12 02:58:00,26.0
2025-06-12 22:16:00,53.7
2025-06-12 21:45:00,49.822039706925075
2025-06-12 07:49:00,35.6
2025-06-12 07:56:00,49.822039706925075
2025-06-12 12:23:00,79.3
2025-06-12 23:03:00,11.0
2025-06-12 09:11:00,44.0
2025-06-12 14:02:00,84.0
2025-06-12 16:23:00,24.1
2025-06-12 09:47:00,14.6
2025-06-12 01:41:00,49.822039706925075
2025-06-12 00:25:00,71.9
2025-06-12 04:13:00,49.822039706925075
2025-06-12 01:11:00,91.2
2025-06-12 10:51:00,63.5
2025-06-12 07:39:00,69.8
2025-06-12 08:13:00,70.4
2025-06-12 18:27:00,55.4
2025-06-12 22:58:00,98.7
2025-06-12 13:14:00,80.2
2025-06-12 23:02:00,49.822039706925075
2025-06-12 23:34:00,60.9
2025-06-12 23:54:00,89.8
2025-06-12 07:16:00,18.8
2025-06-12 05:00:00,49.822039706925075
2025-06-12 22:08:00,98.1
2025-06-12 23:54:00,55.0
2025-06-12 15:21:00,97.3
2025-06-12 18:27:00,92.1
2025-06-12 19:13:00,65.3
2025-06-12 14:02:00,69.3
2025-06-12 22:47:00,49.822039706925075
2025-06-12 04:34:00,53.1
2025-06-12 20:12:00,74.3
2025-06-12 13:11:00,87.1
2025-06-12 20:10:00,76.4
2025-06-12 17:59:00,71.0
2025-06-12 05:26:00,96.8
2025-06-12 08:30:00,49.822039706925075
2025-06-12 01:11:00,1.2
2025-06-12 22:47:00,69.3
2025-06-12 16:20:00,49.822039706925075
2025-06-12 21:58:00,49.822039706925075
2025-06-12 22:16:00,85.2
2025-06-12 06:13:00,11.9
2025-06-12 17:52:00,31.5
2025-06-12 09:29:00,21.9
2025-06-12 15:11:00,36.0
2025-06-12 04:13:00,13.9
2025-06-12 17:10:00,67.7
2025-06-12 11:23:00,72.3
2025-06-12 02:24:00,90.4
2025-06-12 14:43:00,8.7
2025-06-12 19:07:00,14.6
2025-06-12 11:23:00,86.4
2025-06-12 07:17:00,33.7
2025-06-12 06:30:00,91.6
2025-06-12 14:07:00,49.822039706925075
2025-06-12 13:47:00,36.3
2025-06-12 12:02:00,28.3
2025-06-12 03:44:00,96.8
2025-06-12 01:20:00,56.2
2025-06-12 16:37:00,82.9
2025-06-12 01:18:00,58.2
2025-06-12 17:14:00,63.3
2025-06-12 10:06:00,41.7
2025-06-12 04:01:00,34.9
2025-06-12 10:05:00,25.0
2025-06-12 11:44:00,88.1
2025-06-12 06:59:00,72.0
2025-06-12 23:51:00,31.2
2025-06-12 18:46:00,67.8
2025-06-12 10:06:00,66.7
2025-06-12 16:36:00,53.9
2025-06-12 13:33:00,62.8
2025-06-12 04:12:00,49.822039706925075
2025-06-12 23:02:00,70.9
2025-06-12 12:17:00,48.4
2025-06-12 22:59:00,67.2
2025-06-12 06:06:00,33.9
2025-06-12 14:22:00,49.822039706925075
2025-06-12 11:03:00,42.7
2025-06-12 01:30:00,32.2
2025-06-12 14:20:00,38.8
2025-06-12 16:35:00,71.7
2025-06-12 15:07:00,25.7
2025-06-12 21:00:00,87.3
2025-06-12 01:57:00,49.822039706925075
2025-06-12 21:03:00,52.1
2025-06-12 05:50:00,73.5
2025-06-12 21:17:00,49.822039706925075
2025-06-12 04:43:00,78.8
2025-06-12 16:51:00,63.0
2025-06-12 22:55:00,49.822039706925075
2025-06-12 22:03:00,49.4
2025-06-12 15:43:00,49.822039706925075
2025-06-12 06:05:00,49.822039706925075
2025-06-12 21:30:00,13.5
2025-06-12 04:39:00,41.2
2025-06-12 08:49:00,91.5
2025-06-12 20:12:00,8.8
2025-06-12 04:24:00,26.9
2025-06-12 00:25:00,86.0
2025-06-12 23:00:00,22.0
2025-06-12 21:11:00,23.8
2025-06-12 18:47:00,68.3
2025-06-12 16:34:00,81.9
2025-06-12 08:48:00,36.0
2025-06-12 02:17:00,49.822039706925075
2025-06-12 01:33:00,77.4
2025-06-12 14:28:00,84.7
2025-06-12 05:31:00,74.1
2025-06-12 18:35:00,61.2
2025-06-12 21:24:00,97.6
2025-06-12 00:45:00,27.9
2025-06-12 20:01:00,91.3
2025-06-12 06:10:00,6.3
2025-06-12 10:53:00,9.4
2025-06-12 12:30:00,30.9
2025-06-12 04:44:00,61.5
2025-06-12 11:30:00,20.3
2025-06-12 22:07:00,73.8
2025-06-12 12:34:00,50.313785814936594
2025-06-12 02:56:00,95.5
2025-06-12 10:49:00,0.3
2025-06-12 21:31:00,77.5
2025-06-12 14:32:00,50.313785814936594
2025-06-12 12:36:00,50.313785814936594
2025-06-12 06:43:00,6.1
2025-06-12 15:17:00,50.313785814936594
2025-06-12 08:56:00,65.3
2025-06-12 11:00:00,11.0
2025-06-12 13:22:00,50.313785814936594
2025-06-12 07:16:00,23.4
2025-06-12 04:53:00,46.9
2025-06-12 13:56:00,37.6
2025-06-12 06:19:00,54.0
2025-06-12 10:35:00,50.4
2025-06-12 08:22:00,94.2
2025-06-12 02:05:00,23.1
2025-06-12 23:32:00,43.2
2025-06-12 18:05:00,33.5
2025-06-12 09:52:00,50.313785814936594
2025-06-12 13:18:00,22.7
2025-06-12 23:37:00,24.7
2025-06-12 04:46:00,3.4
2025-06-12 03:22:00,54.0
2025-06-12 19:39:00,50.313785814936594
2025-06-12 18:31:00,63.2
2025-06-12 02:32:00,32.9
2025-06-12 23:02:00,86.1
2025-06-12 08:01:00,64.8
2025-06-12 02:53:00,50.313785814936594
2025-06-12 23:45:00,67.6
2025-06-12 13:23:00,47.2
2025-06-12 09:18:00,94.6
2025-06-12 18:50:00,24.5
2025-06-12 03:58:00,3.5
2025-06-12 02:45:00,51.3
2025-06-12 15:43:00,72.6
2025-06-12 06:28:00,18.5
2025-06-12 01:05:00,64.4
2025-06-12 02:48:00,98.7
2025-06-12 07:16:00,14.3
2025-06-12 08:32:00,58.2
2025-06-12 01:46:00,50.313785814936594
2025-06-12 06:58:00,68.1
2025-06-12 09:09:00,40.3
2025-06-12 13:01:00,90.3
2025-06-12 11:51:00,50.313785814936594
2025-06-12 10:24:00,86.8
2025-06-12 13:59:00,63.7
2025-06-12 03:02:00,69.7
2025-06-12 02:42:00,3.1
2025-06-12 03:31:00,53.1
2025-06-12 09:48:00,47.2
2025-06-12 07:11:00,88.9
2025-06-12 07:56:00,50.313785814936594
2025-06-12 08:25:00,13.4
2025-06-12 01:50:00,40.4
2025-06-12 08:33:00,90.3
2025-06-12 10:53:00,39.2
2025-06-12 11:44:00,28.3
2025-06-12 17:09:00,63.0
2025-06-12 13:22:00,4.9
2025-06-12 17:33:00,28.5
2025-06-12 14:10:00,23.7
2025-06-12 13:58:00,21.9
2025-06-12 08:05:00,40.1
2025-06-12 11:39:00,85.2
2025-06-12 06:42:00,84.3
2025-06-12 18:54:00,69.4
2025-06-12 22:23:00,50.313785814936594
2025-06-12 11:43:00,37.7
2025-06-12 21:30:00,52.5
2025-06-12 03:33:00,8.7
2025-06-12 00:37:00,50.313785814936594
2025-06-12 23:58:00,43.4
2025-06-12 22:43:00,42.1
2025-06-12 04:02:00,48.7
2025-06-12 12:04:00,14.2
2025-06-12 16:25:00,2.5
2025-06-12 16:34:00,47.3
2025-06-12 02:08:00,0.8
2025-06-12 02:00:00,50.313785814936594
2025-06-12 19:30:00,20.4
2025-06-12 05:59:00,81.5
2025-06-12 20:20:00,75.1
2025-06-12 05:01:00,88.7
2025-06-12 16:02:00,30.0
2025-06-12 22:52:00,49.7
2025-06-12 00:29:00,37.0
2025-06-12 23:33:00,65.1
2025-06-12 18:42:00,18.4
2025-06-12 22:59:00,66.4
2025-06-12 21:44:00,58.8
2025-06-12 08:27:00,60.3
2025-06-12 04:30:00,71.6
2025-06-12 11:20:00,12.8
2025-06-12 22:49:00,57.8
2025-06-12 00:39:00,67.5
2025-06-12 19:36:00,31.0
2025-06-12 20:21:00,46.4
2025-06-12 07:58:00,69.3
2025-06-12 06:06:00,69.1
2025-06-12 04:50:00,29.4
2025-06-12 22:32:00,30.6
2025-06-12 05:51:00,91.9
2025-06-12 16:59:00,80.0
2025-06-12 01:15:00,40.8
2025-06-12 18:08:00,56.3
2025-06-12 12:40:00,11.7
2025-06-12 17:58:00,58.0
2025-06-12 08:57:00,59.2
2025-06-12 08:12:00,34.5
2025-06-12 03:18:00,18.4
2025-06-12 18:36:00,88.1
2025-06-12 16:25:00,99.3
2025-06-12 12:17:00,82.9
2025-06-12 16:48:00,50.313785814936594
2025-06-12 05:21:00,50.313785814936594
2025-06-12 00:46:00,50.313785814936594
2025-06-12 01:11:00,50.313785814936594
2025-06-12 08:52:00,10.3
2025-06-12 08:05:00,53.5
2025-06-12 17:11:00,15.4
2025-06-12 04:49:00,50.313785814936594
2025-06-12 08:01:00,50.313785814936594
2025-06-12 09:54:00,88.0
2025-06-12 17:35:00,94.9
2025-06-12 14:27:00,50.313785814936594
2025-06-12 18:20:00,88.9
2025-06-12 18:41:00,42.5
2025-06-12 18:14:00,94.6
2025-06-12 11:05:00,32.9
2025-06-12 03:18:00,67.8
2025-06-12 03:25:00,4.5
2025-06-12 09:10:00,50.313785814936594
2025-06-12 21:08:00,5.4
2025-06-12 07:15:00,23.5
2025-06-12 12:09:00,42.7
2025-06-12 00:26:00,54.5
2025-06-12 22:45:00,13.7
2025-06-12 22:46:00,9.5
2025-06-12 21:56:00,16.1
2025-06-12 19:22:00,81.2
2025-06-12 05:35:00,56.2
2025-06-12 07:38:00,84.8
2025-06-12 23:48:00,55.0
2025-06-12 04:18:00,22.4
2025-06-12 08:38:00,50.313785814936594
2025-06-12 08:43:00,59.3
2025-06-12 12:02:00,60.4
2025-06-12 09:10:00,89.1
2025-06-12 19:34:00,96.9
2025-06-12 01:49:00,55.4
2025-06-12 03:32:00,11.4
2025-06-12 21:34:00,89.3
2025-06-12 14:51:00,50.313785814936594
2025-06-12 11:20:00,84.9
2025-06-12 10:38:00,63.1
2025-06-12 07:21:00,60.9
2025-06-12 17:56:00,57.5
2025-06-12 10:14:00,32.7
2025-06-12 12:19:00,50.313785814936594
2025-06-12 12:34:00,50.313785814936594
2025-06-12 02:14:00,8.6
2025-06-12 01:38:00,30.7
2025-06-12 22:04:00,11.5
2025-06-12 12:58:00,64.7
2025-06-12 20:25:00,63.3
2025-06-12 04:04:00,50.313785814936594
2025-06-12 19:12:00,50.313785814936594
2025-06-12 03:33:00,43.2
2025-06-12 08:45:00,21.2
2025-06-12 05:11:00,87.8
2025-06-12 09:23:00,85.9
2025-06-12 11:37:00,49.9
2025-06-12 15:23:00,19.9
2025-06-12 10:48:00,90.0
2025-06-12 11:32:00,0.5
2025-06-12 19:19:00,8.2
2025-06-12 06:58:00,64.5
2025-06-12 06:08:00,39.4
2025-06-12 04:25:00,25.6
2025-06-12 06:22:00,19.9
2025-06-12 17:00:00,17.0
2025-06-12 12:03:00,48.7
2025-06-12 08:02:00,76.3
2025-06-12 12:02:00,79.6
2025-06-12 20:12:00,50.313785814936594
2025-06-12 01:20:00,99.3
2025-06-12 15:09:00,99.8
2025-06-12 09:07:00,0.2
2025-06-12 19:39:00,2.5
2025-06-12 20:35:00,81.9
2025-06-12 13:08:00,50.313785814936594
2025-06-12 04:35:00,34.3
2025-06-12 21:20:00,50.313785814936594
2025-06-12 10:45:00,84.6
2025-06-12 21:44:00,38.8
2025-06-12 10:51:00,64.1
2025-06-12 16:57:00,93.1
2025-06-12 21:46:00,13.0
2025-06-12 10:15:00,88.8
2025-06-12 19:40:00,66.1
2025-06-12 04:08:00,63.8
2025-06-12 04:58:00,76.0
2025-06-12 14:31:00,51.3
2025-06-12 21:49:00,36.6
2025-06-12 05:37:00,72.7
2025-06-12 14:56:00,78.7
2025-06-12 18:52:00,59.9
2025-06-12 21:01:00,83.8
2025-06-12 17:17:00,8.8
2025-06-12 01:31:00,48.5
2025-06-12 20:05:00,82.1
2025-06-12 17:30:00,30.1
2025-06-12 04:24:00,68.2
2025-06-12 16:20:00,61.2
2025-06-12 05:14:00,90.6
2025-06-12 00:17:00,11.0
2025-06-12 06:18:00,2.4
2025-06-12 12:49:00,73.5
2025-06-12 12:46:00,24.7
2025-06-12 10:08:00,8.4
2025-06-12 02:24:00,50.313785814936594
2025-06-12 02:16:00,50.313785814936594
2025-06-12 10:51:00,69.5
2025-06-12 17:15:00,39.9
2025-06-12 04:28:00,85.9
2025-06-12 17:14:00,77.5
2025-06-12 11:45:00,3.0
2025-06-12 16:22:00,35.6
2025-06-12 19:39:00,36.0
2025-06-12 07:49:00,50.313785814936594
2025-06-12 12:55:00,88.1
2025-06-12 21:46:00,83.7
2025-06-12 19:12:00,55.6
2025-06-12 13:17:00,89.0
2025-06-12 13:59:00,32.0
2025-06-12 04:09:00,33.7
2025-06-12 05:21:00,95.9
2025-06-12 19:02:00,66.3
2025-06-12 02:59:00,7.0
2025-06-12 11:53:00,22.3
2025-06-12 05:48:00,16.0
2025-06-12 05:59:00,50.313785814936594
2025-06-12 02:05:00,50.5
2025-06-12 11:22:00,75.9
2025-06-12 20:48:00,50.313785814936594
2025-06-12 12:57:00,99.3
2025-06-12 21:34:00,25.8
2025-06-12 16:56:00,59.7
2025-06-12 23:29:00,4.1
2025-06-12 21:34:00,68.8
2025-06-12 19:28:00,0.3
2025-06-12 05:43:00,86.4
2025-06-12 13:20:00,50.313785814936594
2025-06-12 10:25:00,32.3
2025-06-12 04:46:00,41.8
2025-06-12 20:23:00,97.8
2025-06-12 20:57:00,93.8
2025-06-12 05:36:00,79.8
2025-06-12 18:20:00,50.313785814936594
2025-06-12 04:12:00,22.3
2025-06-12 09:21:00,81.6
2025-06-12 17:29:00,41.1
2025-06-12 01:02:00,60.7
2025-06-12 23:56:00,74.9
2025-06-12 01:13:00,93.7
2025-06-12 16:57:00,51.2
2025-06-12 05:27:00,36.3
2025-06-12 11:52:00,68.5
2025-06-12 14:12:00,50.313785814936594
2025-06-12 00:09:00,32.1
2025-06-12 03:48:00,61.5
2025-06-12 09:23:00,65.7
2025-06-12 01:39:00,93.1
2025-06-12 13:30:00,43.6
2025-06-12 15:14:00,90.4
2025-06-12 09:38:00,26.6
2025-06-12 08:58:00,50.313785814936594
2025-06-12 06:22:00,70.7
2025-06-12 01:02:00,71.5
2025-06-12 21:54:00,50.6
2025-06-12 19:48:00,70.9
2025-06-12 05:03:00,25.2
2025-06-12 04:23:00,23.0
2025-06-12 19:04:00,50.313785814936594
2025-06-12 05:28:00,64.6
2025-06-12 10:30:00,58.2
2025-06-12 18:04:00,85.8
2025-06-12 08:33:00,39.3
2025-06-12 22:54:00,19.6
2025-06-12 01:53:00,49.947505013566115
2025-06-12 03:18:00,51.2
2025-06-12 08:14:00,40.7
2025-06-12 03:15:00,25.1
2025-06-12 16:54:00,49.947505013566115
2025-06-12 06:34:00,17.4
2025-06-12 10:29:00,41.9
2025-06-12 06:43:00,76.1
2025-06-12 13:01:00,69.8
2025-06-12 22:26:00,9.2
2025-06-12 05:30:00,85.0
2025-06-12 22:07:00,7.7
2025-06-12 09:05:00,31.2
2025-06-12 20:24:00,34.6
2025-06-12 15:03:00,55.6
2025-06-12 10:32:00,54.8
2025-06-12 18:16:00,0.1
2025-06-12 08:24:00,20.3
2025-06-12 20:09:00,76.2
2025-06-12 01:24:00,5.2
2025-06-12 13:16:00,22.9
2025-06-12 01:13:00,29.4
2025-06-12 02:38:00,45.4
2025-06-12 14:57:00,1.7
2025-06-12 10:12:00,49.947505013566115
2025-06-12 13:29:00,49.947505013566115
2025-06-12 05:03:00,75.2
2025-06-12 02:01:00,40.6
2025-06-12 22:17:00,49.0
2025-06-12 20:12:00,24.7
2025-06-12 06:11:00,9.1
2025-06-12 19:50:00,31.5
2025-06-12 17:12:00,49.6
2025-06-12 06:05:00,53.1
2025-06-12 16:55:00,20.1
2025-06-12 02:35:00,49.947505013566115
2025-06-12 23:14:00,74.2
2025-06-12 03:45:00,12.9
2025-06-12 02:00:00,27.9
2025-06-12 06:55:00,26.3
2025-06-12 01:10:00,49.947505013566115
2025-06-12 23:54:00,39.8
2025-06-12 06:46:00,49.947505013566115
2025-06-12 02:01:00,72.3
2025-06-12 09:23:00,76.2
2025-06-12 01:51:00,29.7
2025-06-12 23:34:00,36.6
2025-06-12 02:47:00,27.1
2025-06-12 05:47:00,28.1
2025-06-12 07:52:00,36.0
2025-06-12 00:11:00,49.947505013566115
2025-06-12 14:08:00,49.947505013566115
2025-06-12 08:15:00,76.7
2025-06-12 20:06:00,49.947505013566115
2025-06-12 00:16:00,49.947505013566115
2025-06-12 05:37:00,93.0
2025-06-12 09:41:00,70.2
2025-06-12 05:29:00,93.1
2025-06-12 02:18:00,54.0
2025-06-12 07:35:00,49.947505013566115
2025-06-12 10:06:00,97.7
2025-06-12 06:40:00,85.9
2025-06-12 15:02:00,86.1
2025-06-12 22:56:00,79.9
2025-06-12 02:48:00,85.0
2025-06-12 07:02:00,5.5
2025-06-12 14:09:00,21.0
2025-06-12 09:19:00,33.8
2025-06-12 07:03:00,49.947505013566115
2025-06-12 10:41:00,32.6
2025-06-12 19:09:00,22.0
2025-06-12 18:37:00,42.4
2025-06-12 00:43:00,36.9
2025-06-12 16:33:00,22.6
2025-06-12 20:01:00,49.947505013566115
2025-06-12 03:26:00,69.8
2025-06-12 15:20:00,27.4
2025-06-12 05:27:00,60.3
2025-06-12 18:35:00,69.0
2025-06-12 14:05:00,67.7
2025-06-12 18:46:00,49.947505013566115
2025-06-12 17:11:00,55.3
2025-06-12 03:35:00,49.947505013566115
2025-06-12 05:43:00,6.8
2025-06-12 10:06:00,45.5
2025-06-12 05:01:00,49.947505013566115
2025-06-12 19:17:00,98.5
2025-06-12 16:46:00,29.2
2025-06-12 05:38:00,4.3
2025-06-12 07:50:00,63.7
2025-06-12 21:06:00,89.7
2025-06-12 06:52:00,77.2
2025-06-12 08:59:00,49.947505013566115
2025-06-12 21:06:00,33.4
2025-06-12 06:57:00,49.947505013566115
2025-06-12 06:58:00,92.8
2025-06-12 23:31:00,13.3
2025-06-12 01:08:00,49.947505013566115
2025-06-12 00:17:00,55.7
2025-06-12 10:53:00,1.9
2025-06-12 09:09:00,12.7
2025-06-12 04:46:00,49.947505013566115
2025-06-12 05:12:00,61.2
2025-06-12 16:30:00,45.3
2025-06-12 09:33:00,49.947505013566115
2025-06-12 08:12:00,34.4
2025-06-12 22:25:00,49.947505013566115
2025-06-12 06:17:00,16.7
2025-06-12 23:08:00,61.7
2025-06-12 04:19:00,17.3
2025-06-12 01:15:00,30.4
2025-06-12 07:11:00,37.8
2025-06-12 06:04:00,16.6
2025-06-12 01:05:00,17.9
2025-06-12 01:39:00,36.5
2025-06-12 21:34:00,85.5
2025-06-12 03:28:00,68.3
2025-06-12 21:52:00,49.947505013566115
2025-06-12 12:47:00,89.0
2025-06-12 07:13:00,1.3
2025-06-12 19:45:00,78.4
2025-06-12 03:37:00,31.2
2025-06-12 01:30:00,49.947505013566115
2025-06-12 17:51:00,39.1
2025-06-12 19:06:00,50.7
2025-06-12 12:06:00,19.5
2025-06-12 01:40:00,49.947505013566115
2025-06-12 21:09:00,63.9
2025-06-12 12:20:00,20.5
2025-06-12 14:11:00,71.4
2025-06-12 10:43:00,49.947505013566115
2025-06-12 13:02:00,68.6
2025-06-12 17:22:00,1.0
2025-06-12 15:56:00,77.6
2025-06-12 10:40:00,91.7
2025-06-12 19:15:00,80.6
2025-06-12 02:58:00,27.2
2025-06-12 07:25:00,8.9
2025-06-12 19:51:00,39.3
2025-06-12 12:59:00,11.0
2025-06-12 03:31:00,50.1
2025-06-12 15:43:00,63.1
2025-06-12 19:03:00,5.1
2025-06-12 23:06:00,71.0
2025-06-12 08:07:00,81.3
2025-06-12 20:51:00,89.8
2025-06-12 11:20:00,76.5
2025-06-12 02:17:00,6.5
2025-06-12 01:56:00,80.7
2025-06-12 16:34:00,93.9
2025-06-12 09:44:00,49.947505013566115
2025-06-12 09:53:00,49.947505013566115
2025-06-12 08:19:00,12.1
2025-06-12 16:27:00,67.5
2025-06-12 20:42:00,21.5
2025-06-12 12:36:00,78.4
2025-06-12 23:42:00,56.0
2025-06-12 00:03:00,49.947505013566115
2025-06-12 00:35:00,8.5
2025-06-12 05:29:00,12.7
2025-06-12 12:53:00,73.7
2025-06-12 12:56:00,9.1
2025-06-12 21:31:00,5.6
2025-06-12 05:48:00,3.8
2025-06-12 04:19:00,32.9
2025-06-12 19:23:00,51.2
2025-06-12 18:46:00,49.947505013566115
2025-06-12 07:03:00,1.5
2025-06-12 23:32:00,64.7
2025-06-12 00:19:00,28.2
2025-06-12 17:51:00,68.5
2025-06-12 05:22:00,3.9
2025-06-12 21:31:00,49.947505013566115
2025-06-12 10:16:00,49.947505013566115
2025-06-12 20:29:00,53.0
2025-06-12 23:36:00,43.3
2025-06-12 10:39:00,25.1
2025-06-12 20:56:00,1.0
2025-06-12 22:27:00,22.6
2025-06-12 17:22:00,6.0
2025-06-12 02:00:00,49.947505013566115
2025-06-12 09:48:00,79.3
2025-06-12 00:27:00,86.0
2025-06-12 22:08:00,5.6
2025-06-12 18:03:00,86.9
2025-06-12 17:30:00,7.6
2025-06-12 22:53:00,49.5
2025-06-12 14:39:00,49.947505013566115
2025-06-12 14:03:00,49.947505013566115
2025-06-12 23:09:00,29.9
2025-06-12 20:26:00,73.5
2025-06-12 15:38:00,49.947505013566115
2025-06-12 15:41:00,70.8
2025-06-12 05:28:00,83.0
2025-06-12 15:38:00,79.5
2025-06-12 19:47:00,49.947505013566115
2025-06-12 12:04:00,51.7
2025-06-12 08:03:00,30.5
2025-06-12 21:14:00,49.947505013566115
2025-06-12 11:26:00,41.3
2025-06-12 19:45:00,50.4
2025-06-12 14:43:00,49.947505013566115
2025-06-12 00:45:00,52.9
2025-06-12 08:56:00,2.7
2025-06-12 22:30:00,78.4
2025-06-12 12:06:00,84.5
2025-06-12 21:16:00,32.4
2025-06-12 01:02:00,81.1
2025-06-12 13:09:00,67.7
2025-06-12 05:46:00,97.8
2025-06-12 22:09:00,84.3
2025-06-12 03:21:00,84.9
2025-06-12 05:34:00,64.6
2025-06-12 18:50:00,42.3
2025-06-12 17:07:00,53.1
2025-06-12 00:28:00,49.947505013566115
2025-06-12 16:53:00,92.0
2025-06-12 06:09:00,84.3
2025-06-12 15:04:00,30.1
2025-06-12 14:21:00,24.9
2025-06-12 20:06:00,67.5
2025-06-12 19:36:00,8.2
2025-06-12 00:04:00,45.4
2025-06-12 14:50:00,42.6
2025-06-12 03:19:00,3.0
2025-06-12 14:59:00,5.3
2025-06-12 10:51:00,39.0
2025-06-12 06:04:00,80.7
2025-06-12 10:03:00,2.0
2025-06-12 14:02:00,49.947505013566115
2025-06-12 18:44:00,55.5
2025-06-12 22:15:00,89.0
2025-06-12 04:50:00,86.2
2025-06-12 13:40:00,15.3
2025-06-12 14:37:00,49.947505013566115
2025-06-12 17:12:00,72.0
2025-06-12 02:04:00,61.7
2025-06-12 02:40:00,19.4
2025-06-12 13:05:00,90.3
2025-06-12 09:49:00,60.1
2025-06-12 11:49:00,18.9
2025-06-12 01:44:00,16.3
2025-06-12 15:32:00,73.0
2025-06-12 12:54:00,63.9
2025-06-12 02:05:00,10.9
2025-06-12 06:01:00,54.3
2025-06-12 15:46:00,76.4
2025-06-12 10:35:00,3.6
2025-06-12 04:33:00,49.947505013566115
2025-06-12 00:46:00,96.2
2025-06-12 18:24:00,49.947505013566115
2025-06-12 14:39:00,61.7
2025-06-12 14:05:00,63.0
2025-06-12 00:10:00,4.3
2025-06-12 18:04:00,82.5
2025-06-12 06:52:00,85.8
2025-06-12 21:15:00,15.7
2025-06-12 10:05:00,11.1
2025-06-12 12:05:00,76.4
2025-06-12 20:04:00,39.4
2025-06-12 10:44:00,49.947505013566115
2025-06-12 13:31:00,56.1
2025-06-12 16:50:00,98.3
2025-06-12 04:48:00,41.7
2025-06-12 02:19:00,3.6
2025-06-12 11:56:00,37.4
2025-06-12 15:08:00,74.0
2025-06-12 07:58:00,89.2
2025-06-12 12:28:00,81.2
2025-06-12 12:17:00,90.0
2025-06-12 04:14:00,32.2
2025-06-12 09:09:00,65.1
2025-06-12 00:02:00,84.8
2025-06-12 02:33:00,95.1
2025-06-12 20:32:00,57.1
2025-06-12 02:22:00,95.0
2025-06-12 00:19:00,49.947505013566115
2025-06-12 03:41:00,25.8
2025-06-12 00:12:00,36.3
2025-06-12 12:24:00,63.9
2025-06-12 20:18:00,49.947505013566115
2025-06-12 09:38:00,44.5
2025-06-12 05:22:00,95.8
2025-06-12 11:52:00,49.947505013566115
2025-06-12 23:35:00,43.0
2025-06-12 17:48:00,41.1
2025-06-12 16:44:00,96.7
2025-06-12 00:54:00,57.9
2025-06-12 19:07:00,49.947505013566115
2025-06-12 04:09:00,41.8
2025-06-12 22:18:00,49.947505013566115
2025-06-12 16:45:00,38.3
2025-06-12 02:19:00,72.3
2025-06-12 04:33:00,95.3
2025-06-12 07:58:00,93.5
2025-06-12 03:16:00,49.947505013566115
2025-06-12 19:37:00,48.0
2025-06-12 00:38:00,49.947505013566115
2025-06-12 14:33:00,13.7
2025-06-12 22:43:00,56.8
2025-06-12 21:05:00,96.9
2025-06-12 09:59:00,85.2
2025-06-12 14:52:00,49.947505013566115
2025-06-12 23:25:00,43.2
2025-06-12 18:57:00,77.9
2025-06-12 14:49:00,93.1
2025-06-12 11:01:00,42.3
2025-06-12 05:39:00,17.8
2025-06-12 16:26:00,59.0
2025-06-12 05:12:00,85.8
2025-06-12 23:23:00,8.2
2025-06-12 11:02:00,20.7
2025-06-12 19:01:00,5.1
2025-06-12 12:25:00,10.1
2025-06-12 18:27:00,7.4
2025-06-12 12:45:00,49.947505013566115
2025-06-12 06:43:00,30.4
2025-06-12 16:27:00,18.8
2025-06-12 17:00:00,49.947505013566115
2025-06-12 01:01:00,35.3
2025-06-12 21:23:00,70.7
2025-06-12 06:33:00,56.8
2025-06-12 10:22:00,19.1
2025-06-12 09:59:00,55.5
2025-06-12 21:07:00,20.8
2025-06-12 08:51:00,57.9
2025-06-12 21:55:00,76.3
2025-06-12 13:45:00,36.4
2025-06-12 15:09:00,96.8
2025-06-12 21:57:00,95.0
2025-06-12 08:43:00,32.4
2025-06-12 07:50:00,27.7
2025-06-12 04:55:00,91.6
2025-06-12 13:38:00,3.0
2025-06-12 09:53:00,49.0
2025-06-12 07:58:00,99.5
2025-06-12 00:05:00,50.31471380077256
2025-06-12 09:51:00,75.5
2025-06-12 15:19:00,49.4
2025-06-12 01:51:00,81.3
2025-06-12 03:21:00,22.5
2025-06-12 18:19:00,49.9
2025-06-12 10:03:00,58.9
2025-06-12 21:48:00,61.5
2025-06-12 22:41:00,7.7
2025-06-12 12:25:00,8.4
2025-06-12 17:47:00,50.31471380077256
2025-06-12 10:45:00,48.0
2025-06-12 01:00:00,65.6
2025-06-12 15:21:00,89.0
2025-06-12 02:34:00,36.8
2025-06-12 00:04:00,48.2
2025-06-12 23:07:00,40.3
2025-06-12 06:32:00,16.0
2025-06-12 14:32:00,50.31471380077256
2025-06-12 19:39:00,15.6
2025-06-12 13:19:00,50.31471380077256
2025-06-12 19:02:00,92.7
2025-06-12 06:54:00,7.1
2025-06-12 01:00:00,93.0
2025-06-12 10:01:00,23.8
2025-06-12 13:44:00,87.3
2025-06-12 14:38:00,4.8
2025-06-12 00:54:00,78.2
2025-06-12 22:29:00,98.0
2025-06-12 15:23:00,50.31471380077256
2025-06-12 18:06:00,2.2
2025-06-12 12:56:00,99.4
2025-06-12 06:13:00,50.31471380077256
2025-06-12 07:58:00,50.31471380077256
2025-06-12 13:17:00,72.9
2025-06-12 18:54:00,54.9
2025-06-12 15:27:00,68.2
2025-06-12 00:26:00,21.2
2025-06-12 00:41:00,3.9
2025-06-12 22:54:00,92.1
2025-06-12 12:15:00,51.2
2025-06-12 07:55:00,37.2
2025-06-12 21:08:00,50.31471380077256
2025-06-12 06:29:00,98.2
2025-06-12 20:47:00,92.8
2025-06-12 02:00:00,70.2
2025-06-12 07:29:00,53.7
2025-06-12 00:50:00,66.4
2025-06-12 07:08:00,40.9
2025-06-12 00:26:00,67.1
2025-06-12 06:33:00,4.0
2025-06-12 07:02:00,90.4
2025-06-12 06:12:00,19.4
2025-06-12 22:27:00,93.3
2025-06-12 03:52:00,50.31471380077256
2025-06-12 18:37:00,6.7
2025-06-12 14:07:00,23.4
2025-06-12 06:37:00,46.4
2025-06-12 11:15:00,11.2
2025-06-12 11:10:00,14.3
2025-06-12 15:25:00,55.9
2025-06-12 12:33:00,75.5
2025-06-12 15:42:00,75.6
2025-06-12 18:15:00,37.7
2025-06-12 01:59:00,50.31471380077256
2025-06-12 05:26:00,29.0
2025-06-12 10:55:00,50.31471380077256
2025-06-12 14:37:00,10.0
2025-06-12 04:25:00,95.0
2025-06-12 13:17:00,87.8
2025-06-12 09:27:00,23.1
2025-06-12 07:27:00,50.31471380077256
2025-06-12 21:12:00,50.31471380077256
2025-06-12 22:41:00,50.31471380077256
2025-06-12 18:48:00,5.1
2025-06-12 23:05:00,28.2
2025-06-12 14:35:00,37.8
2025-06-12 01:39:00,70.9
2025-06-12 07:59:00,41.0
2025-06-12 23:59:00,16.0
2025-06-12 00:58:00,80.9
2025-06-12 07:04:00,54.9
2025-06-12 21:23:00,26.9
2025-06-12 13:59:00,50.31471380077256
2025-06-12 11:55:00,46.3
2025-06-12 15:37:00,31.9
2025-06-12 07:11:00,44.8
2025-06-12 08:29:00,76.8
2025-06-12 14:35:00,50.31471380077256
2025-06-12 19:07:00,89.5
2025-06-12 17:52:00,50.31471380077256
2025-06-12 03:18:00,3.7
2025-06-12 05:33:00,15.4
2025-06-12 03:11:00,57.6
2025-06-12 09:08:00,68.0
2025-06-12 18:30:00,14.5
2025-06-12 22:36:00,72.6
2025-06-12 12:34:00,60.7
2025-06-12 22:48:00,85.2
2025-06-12 16:47:00,28.1
2025-06-12 18:14:00,48.1
2025-06-12 09:21:00,73.8
2025-06-12 01:44:00,26.2
2025-06-12 21:15:00,63.1
2025-06-12 11:24:00,50.31471380077256
2025-06-12 19:32:00,45.0
2025-06-12 05:36:00,50.31471380077256
2025-06-12 11:49:00,1.3
2025-06-12 10:20:00,50.31471380077256
2025-06-12 22:57:00,83.0
2025-06-12 06:00:00,45.2
2025-06-12 17:59:00,41.8
2025-06-12 13:01:00,39.8
2025-06-12 05:40:00,28.4
2025-06-12 15:10:00,84.8
2025-06-12 02:43:00,84.9
2025-06-12 12:39:00,93.0
2025-06-12 04:48:00,43.0
2025-06-12 01:45:00,8.4
2025-06-12 03:56:00,83.7
2025-06-12 16:57:00,12.9
2025-06-12 23:08:00,86.7
2025-06-12 10:26:00,26.8
2025-06-12 07:03:00,50.31471380077256
2025-06-12 22:35:00,3.7
2025-06-12 22:41:00,96.3
2025-06-12 19:14:00,71.8
2025-06-12 05:04:00,70.4
2025-06-12 18:43:00,73.7
2025-06-12 19:11:00,0.7
2025-06-12 14:00:00,26.1
2025-06-12 10:19:00,42.2
2025-06-12 05:04:00,29.6
2025-06-12 06:59:00,60.4
2025-06-12 23:54:00,45.7
2025-06-12 14:24:00,59.0
2025-06-12 11:37:00,59.2
2025-06-12 00:44:00,80.8
2025-06-12 22:39:00,6.2
2025-06-12 13:50:00,34.6
2025-06-12 06:18:00,82.8
2025-06-12 21:51:00,50.31471380077256
2025-06-12 23:36:00,5.1
2025-06-12 02:17:00,63.0
2025-06-12 08:25:00,50.31471380077256
2025-06-12 20:23:00,88.1
2025-06-12 14:23:00,35.7
2025-06-12 16:33:00,67.0
2025-06-12 04:16:00,6.5
2025-06-12 06:55:00,94.3
2025-06-12 10:37:00,50.31471380077256
2025-06-12 23:13:00,28.7
2025-06-12 18:38:00,87.3
2025-06-12 23:08:00,1.2
2025-06-12 14:01:00,55.2
2025-06-12 16:24:00,19.4
2025-06-12 09:49:00,44.4
2025-06-12 22:39:00,0.6
2025-06-12 01:08:00,81.5
2025-06-12 18:16:00,9.1
2025-06-12 16:29:00,44.7
2025-06-12 09:23:00,97.6
2025-06-12 18:35:00,50.31471380077256
2025-06-12 22:21:00,83.6
2025-06-12 18:32:00,27.1
2025-06-12 02:52:00,8.0
2025-06-12 12:06:00,37.9
2025-06-12 20:04:00,65.2
2025-06-12 15:29:00,83.4
2025-06-12 08:07:00,73.3
2025-06-12 07:23:00,50.8
2025-06-12 00:29:00,35.5
2025-06-12 12:46:00,37.4
2025-06-12 18:52:00,19.0
2025-06-12 00:28:00,50.31471380077256
2025-06-12 03:37:00,68.4
2025-06-12 12:44:00,58.6
2025-06-12 12:47:00,32.7
2025-06-12 09:58:00,3.4
2025-06-12 07:22:00,42.7
2025-06-12 21:18:00,13.7
2025-06-12 10:33:00,50.31471380077256
2025-06-12 17:09:00,1.0
2025-06-12 03:48:00,68.1
2025-06-12 02:06:00,50.31471380077256
2025-06-12 04:03:00,7.4
2025-06-12 06:14:00,22.9
2025-06-12 15:48:00,63.9
2025-06-12 07:34:00,92.9
2025-06-12 06:30:00,48.7
2025-06-12 11:27:00,64.0
2025-06-12 16:43:00,20.6
2025-06-12 07:08:00,59.6
2025-06-12 23:29:00,66.7
2025-06-12 01:57:00,76.5
2025-06-12 21:51:00,50.31471380077256
2025-06-12 20:58:00,65.8
2025-06-12 09:15:00,59.3
2025-06-12 06:13:00,23.1
2025-06-12 19:23:00,40.4
2025-06-12 08:54:00,50.31471380077256
2025-06-12 18:17:00,11.0
2025-06-12 03:58:00,95.6
2025-06-12 05:36:00,51.6
2025-06-12 04:17:00,99.5
2025-06-12 13:52:00,69.5
2025-06-12 20:18:00,62.2
2025-06-12 00:04:00,59.8
2025-06-12 08:41:00,69.1
2025-06-12 08:02:00,37.7
2025-06-12 06:41:00,13.9
2025-06-12 14:52:00,53.8
2025-06-12 23:14:00,55.2
2025-06-12 09:16:00,37.2
2025-06-12 03:16:00,74.3
2025-06-12 21:50:00,30.9
2025-06-12 18:48:00,22.0
2025-06-12 13:37:00,84.5
2025-06-12 23:48:00,53.4
2025-06-12 09:51:00,50.31471380077256
2025-06-12 04:10:00,98.2
2025-06-12 18:04:00,50.31471380077256
2025-06-12 20:29:00,66.3
2025-06-12 03:54:00,6.6
2025-06-12 20:29:00,96.1
2025-06-12 11:48:00,38.9
2025-06-12 01:39:00,93.9
2025-06-12 18:51:00,36.3
2025-06-12 20:46:00,89.8
2025-06-12 01:38:00,30.8
2025-06-12 18:41:00,42.2
2025-06-12 18:37:00,20.4
2025-06-12 09:34:00,16.7
2025-06-12 06:14:00,50.31471380077256
2025-06-12 06:58:00,51.0
2025-06-12 12:52:00,95.4
2025-06-12 06:46:00,52.3
2025-06-12 10:50:00,14.9
2025-06-12 17:18:00,50.31471380077256
2025-06-12 23:47:00,10.7
2025-06-12 17:25:00,50.4
2025-06-12 11:51:00,24.3
2025-06-12 11:19:00,24.5
2025-06-12 10:57:00,50.31471380077256
2025-06-12 19:25:00,50.31471380077256
2025-06-12 13:08:00,30.8
2025-06-12 17:39:00,50.31471380077256
2025-06-12 23:38:00,19.4
2025-06-12 00:41:00,78.8
2025-06-12 02:56:00,11.4
2025-06-12 16:19:00,79.8
2025-06-12 01:43:00,1.3
2025-06-12 03:03:00,78.8
2025-06-12 12:10:00,44.0
2025-06-12 10:13:00,1.8
2025-06-12 02:24:00,50.31471380077256
2025-06-12 07:37:00,64.0
2025-06-12 06:26:00,68.8
2025-06-12 00:32:00,90.8
2025-06-12 19:53:00,26.7
2025-06-12 18:34:00,86.1
2025-06-12 10:46:00,19.7
2025-06-12 16:08:00,71.7
2025-06-12 15:45:00,18.4
2025-06-12 12:25:00,79.5
2025-06-12 05:58:00,67.1
2025-06-12 02:43:00,72.4
2025-06-12 00:39:00,40.7
2025-06-12 19:28:00,22.3
2025-06-12 23:47:00,29.6
2025-06-12 21:43:00,86.4
2025-06-12 08:29:00,65.5
2025-06-12 03:12:00,50.31471380077256
2025-06-12 13:33:00,56.4
2025-06-12 13:30:00,9.5
2025-06-12 02:57:00,17.9
2025-06-12 05:15:00,61.5
2025-06-12 22:21:00,74.5
2025-06-12 03:21:00,95.2
2025-06-12 12:25:00,43.5
2025-06-12 17:22:00,3.9
2025-06-12 21:57:00,73.8
2025-06-12 14:01:00,10.3
2025-06-12 07:57:00,97.9
2025-06-12 18:55:00,93.0
2025-06-12 16:44:00,84.6
2025-06-12 01:43:00,50.31471380077256
2025-06-12 10:43:00,39.2
2025-06-12 01:16:00,78.1
2025-06-12 19:23:00,38.0
2025-06-12 00:12:00,26.3
2025-06-12 16:59:00,50.31471380077256
2025-06-12 23:00:00,50.31471380077256
2025-06-12 14:43:00,88.9
2025-06-12 17:53:00,20.1
2025-06-12 10:54:00,50.4
2025-06-12 23:51:00,84.3
2025-06-12 15:47:00,43.3
2025-06-12 18:08:00,23.8
2025-06-12 13:59:00,50.31471380077256
2025-06-12 00:07:00,20.8
2025-06-12 06:14:00,85.3
2025-06-12 09:33:00,43.0
2025-06-12 00:52:00,72.7
2025-06-12 12:02:00,43.2
2025-06-12 17:18:00,3.2
2025-06-12 01:29:00,55.4
2025-06-12 21:39:00,41.2
2025-06-12 07:06:00,26.9
2025-06-12 07:52:00,7.5
2025-06-12 07:00:00,48.5
2025-06-12 16:08:00,46.9
2025-06-12 18:23:00,45.3
2025-06-12 05:33:00,47.2
2025-06-12 13:15:00,50.31471380077256
2025-06-12 18:42:00,16.7
2025-06-12 16:22:00,28.7
2025-06-12 06:54:00,78.1
2025-06-12 20:22:00,32.2
2025-06-12 01:10:00,23.5
2025-06-12 11:19:00,89.1
2025-06-12 20:50:00,21.9
2025-06-12 13:14:00,9.2
2025-06-12 13:00:00,51.9
2025-06-12 00:12:00,37.8
2025-06-12 09:01:00,33.5
2025-06-12 20:01:00,40.5
2025-06-12 18:43:00,11.4
2025-06-12 01:30:00,5.1
2025-06-12 04:52:00,73.0
2025-06-12 19:36:00,49.873700916999766
2025-06-12 13:26:00,49.873700916999766
2025-06-12 16:55:00,34.9
2025-06-12 05:42:00,53.3
2025-06-12 01:34:00,83.7
2025-06-12 17:11:00,24.1
2025-06-12 22:04:00,65.4
2025-06-12 14:06:00,26.5
2025-06-12 03:51:00,68.6
2025-06-12 22:25:00,1.3
2025-06-12 20:49:00,52.0
2025-06-12 14:24:00,63.9
2025-06-12 00:52:00,15.4
2025-06-12 08:08:00,76.5
2025-06-12 13:00:00,49.873700916999766
2025-06-12 01:43:00,9.2
2025-06-12 19:38:00,34.8
2025-06-12 15:18:00,15.7
2025-06-12 19:57:00,49.873700916999766
2025-06-12 08:09:00,66.1
2025-06-12 10:17:00,28.0
2025-06-12 13:54:00,49.873700916999766
2025-06-12 07:45:00,49.873700916999766
2025-06-12 11:14:00,81.0
2025-06-12 14:38:00,15.8
2025-06-12 13:44:00,53.6
2025-06-12 15:28:00,49.873700916999766
2025-06-12 08:35:00,81.1
2025-06-12 07:38:00,82.4
2025-06-12 08:36:00,49.873700916999766
2025-06-12 21:08:00,92.8
2025-06-12 15:55:00,24.4
2025-06-12 09:05:00,65.6
2025-06-12 02:11:00,5.3
2025-06-12 18:17:00,46.1
2025-06-12 11:48:00,97.6
2025-06-12 00:10:00,66.9
2025-06-12 19:49:00,68.7
2025-06-12 04:44:00,49.873700916999766
2025-06-12 06:46:00,49.873700916999766
2025-06-12 06:11:00,84.1
2025-06-12 01:29:00,35.1
2025-06-12 14:51:00,9.7
2025-06-12 03:32:00,36.2
2025-06-12 21:30:00,39.4
2025-06-12 20:02:00,95.7
2025-06-12 09:11:00,50.5
2025-06-12 01:23:00,52.5
2025-06-12 08:10:00,22.3
2025-06-12 11:43:00,41.4
2025-06-12 14:00:00,80.4
2025-06-12 12:32:00,73.8
2025-06-12 11:24:00,93.4
2025-06-12 11:00:00,2.9
2025-06-12 11:00:00,63.3
2025-06-12 23:15:00,65.2
2025-06-12 00:57:00,68.0
2025-06-12 15:46:00,87.4
2025-06-12 10:20:00,55.6
2025-06-12 08:58:00,49.873700916999766
2025-06-12 22:58:00,52.3
2025-06-12 21:58:00,50.5
2025-06-12 16:42:00,2.0
2025-06-12 09:39:00,64.1
2025-06-12 15:37:00,26.2
2025-06-12 14:38:00,49.873700916999766
2025-06-12 17:12:00,18.4
2025-06-12 06:02:00,89.5
2025-06-12 13:24:00,19.4
2025-06-12 19:03:00,32.5
2025-06-12 05:26:00,88.3
2025-06-12 01:26:00,54.7
2025-06-12 02:56:00,23.4
2025-06-12 10:09:00,3.0
2025-06-12 13:42:00,47.8
2025-06-12 17:08:00,80.4
2025-06-12 00:48:00,45.1
2025-06-12 12:53:00,88.9
2025-06-12 20:33:00,49.7
2025-06-12 17:59:00,46.9
2025-06-12 01:53:00,69.6
2025-06-12 09:41:00,68.6
2025-06-12 10:51:00,63.4
2025-06-12 04:58:00,49.873700916999766
2025-06-12 14:12:00,51.5
2025-06-12 13:17:00,88.2
2025-06-12 20:55:00,38.1
2025-06-12 17:41:00,42.7
2025-06-12 10:30:00,64.8
2025-06-12 00:22:00,37.7
2025-06-12 04:01:00,4.1
2025-06-12 08:37:00,82.0
2025-06-12 02:13:00,64.5
2025-06-12 13:29:00,69.3
2025-06-12 09:08:00,57.7
2025-06-12 12:34:00,19.5
2025-06-12 16:40:00,7.4
2025-06-12 11:35:00,59.8
2025-06-12 06:13:00,98.4
2025-06-12 12:41:00,40.4
2025-06-12 13:43:00,80.4
2025-06-12 18:06:00,32.6
2025-06-12 09:23:00,84.6
2025-06-12 20:13:00,87.3
2025-06-12 12:50:00,76.8
2025-06-12 05:33:00,49.873700916999766
2025-06-12 01:53:00,90.9
2025-06-12 19:43:00,33.9
2025-06-12 12:02:00,8.1
2025-06-12 09:03:00,82.5
2025-06-12 22:49:00,79.5
2025-06-12 18:55:00,52.4
2025-06-12 18:52:00,49.873700916999766
2025-06-12 16:53:00,14.7
2025-06-12 23:06:00,69.8
2025-06-12 23:28:00,41.8
2025-06-12 05:01:00,17.5
2025-06-12 14:13:00,55.0
2025-06-12 19:54:00,6.0
2025-06-12 04:42:00,0.1
2025-06-12 06:27:00,11.9
2025-06-12 03:43:00,49.873700916999766
2025-06-12 02:08:00,71.2
2025-06-12 13:59:00,48.4
2025-06-12 04:31:00,57.5
2025-06-12 11:04:00,49.873700916999766
2025-06-12 20:45:00,81.5
2025-06-12 19:41:00,84.2
2025-06-12 10:55:00,49.873700916999766
2025-06-12 10:39:00,49.873700916999766
2025-06-12 11:37:00,70.0
2025-06-12 03:32:00,2.1
2025-06-12 07:03:00,49.873700916999766
2025-06-12 02:38:00,52.8
2025-06-12 11:27:00,5.3
2025-06-12 15:06:00,49.873700916999766
2025-06-12 09:56:00,54.7
2025-06-12 02:25:00,49.873700916999766
2025-06-12 10:13:00,10.0
2025-06-12 22:31:00,29.5
2025-06-12 08:00:00,61.8
2025-06-12 22:56:00,16.0
2025-06-12 05:10:00,1.2
2025-06-12 19:08:00,0.7
2025-06-12 16:24:00,49.873700916999766
2025-06-12 17:27:00,58.0
2025-06-12 11:11:00,17.2
2025-06-12 21:47:00,49.873700916999766
2025-06-12 13:44:00,11.0
2025-06-12 13:12:00,80.3
2025-06-12 08:18:00,47.8
2025-06-12 01:25:00,3.2
2025-06-12 18:12:00,29.9
2025-06-12 11:38:00,26.3
2025-06-12 14:34:00,44.8
2025-06-12 20:21:00,76.7
2025-06-12 18:18:00,3.4
2025-06-12 01:02:00,73.9
2025-06-12 01:35:00,52.0
2025-06-12 02:53:00,6.5
2025-06-12 18:48:00,23.2
2025-06-12 14:57:00,86.5
2025-06-12 20:46:00,91.0
2025-06-12 09:47:00,39.9
2025-06-12 02:50:00,49.873700916999766
2025-06-12 14:37:00,49.873700916999766
2025-06-12 00:44:00,26.0
2025-06-12 01:00:00,68.7
2025-06-12 20:46:00,34.1
2025-06-12 15:04:00,93.0
2025-06-12 01:07:00,20.0
2025-06-12 17:33:00,78.9
2025-06-12 22:33:00,12.1
2025-06-12 04:37:00,49.873700916999766
2025-06-12 17:00:00,34.8
2025-06-12 08:41:00,8.0
2025-06-12 23:10:00,2.5
2025-06-12 12:59:00,96.9
2025-06-12 05:04:00,56.2
2025-06-12 15:49:00,66.6
2025-06-12 08:14:00,4.0
2025-06-12 01:47:00,56.4
2025-06-12 05:01:00,49.873700916999766
2025-06-12 02:20:00,75.3
2025-06-12 10:31:00,50.3
2025-06-12 11:42:00,69.9
2025-06-12 18:26:00,74.7
2025-06-12 13:11:00,99.8
2025-06-12 15:06:00,49.873700916999766
2025-06-12 18:33:00,75.4
2025-06-12 23:26:00,3.8
2025-06-12 16:19:00,71.5
2025-06-12 11:09:00,6.4
2025-06-12 14:34:00,61.9
2025-06-12 07:11:00,78.8
2025-06-12 11:04:00,68.1
2025-06-12 19:12:00,82.5
2025-06-12 16:51:00,16.3
2025-06-12 23:34:00,1.2
2025-06-12 16:29:00,76.5
2025-06-12 18:17:00,28.9
2025-06-12 18:47:00,42.0
2025-06-12 08:09:00,86.7
2025-06-12 19:52:00,22.6
2025-06-12 00:37:00,86.5
2025-06-12 11:26:00,19.6
2025-06-12 13:17:00,49.873700916999766
2025-06-12 16:43:00,63.4
2025-06-12 07:49:00,53.8
2025-06-12 21:03:00,28.8
2025-06-12 08:47:00,50.3
2025-06-12 02:53:00,28.2
2025-06-12 14:20:00,45.1
2025-06-12 10:13:00,35.6
2025-06-12 20:29:00,58.4
2025-06-12 18:09:00,85.2
2025-06-12 13:52:00,4.1
2025-06-12 22:02:00,49.1
2025-06-12 17:59:00,22.3
2025-06-12 00:45:00,29.9
2025-06-12 21:25:00,93.9
2025-06-12 06:11:00,83.4
2025-06-12 02:33:00,19.1
2025-06-12 18:56:00,87.5
2025-06-12 04:03:00,6.9
2025-06-12 08:27:00,83.7
2025-06-12 01:33:00,45.3
2025-06-12 17:43:00,17.1
2025-06-12 15:03:00,67.5
2025-06-12 11:31:00,34.0
2025-06-12 18:46:00,45.7
2025-06-12 00:31:00,80.9
2025-06-12 16:05:00,74.6
2025-06-12 20:19:00,49.873700916999766
2025-06-12 11:29:00,49.873700916999766
2025-06-12 13:08:00,64.9
2025-06-12 01:19:00,49.873700916999766
2025-06-12 11:24:00,34.7
2025-06-12 03:36:00,12.2
2025-06-12 23:19:00,95.5
2025-06-12 05:04:00,68.5
2025-06-12 07:48:00,38.6
2025-06-12 18:23:00,25.7
2025-06-12 22:17:00,16.6
2025-06-12 06:02:00,49.873700916999766
2025-06-12 06:08:00,91.2
2025-06-12 17:42:00,1.8
2025-06-12 14:46:00,80.2
2025-06-12 13:39:00,11.9
2025-06-12 21:11:00,66.9
2025-06-12 00:29:00,46.2
2025-06-12 11:05:00,36.3
2025-06-12 03:19:00,70.4
2025-06-12 12:15:00,71.4
2025-06-12 19:46:00,35.3
2025-06-12 03:25:00,28.2
2025-06-12 07:39:00,49.5
2025-06-12 05:43:00,45.7
2025-06-12 01:42:00,21.8
2025-06-12 02:02:00,49.873700916999766
2025-06-12 06:35:00,83.0
2025-06-12 05:09:00,17.5
2025-06-12 22:24:00,34.7
2025-06-12 05:19:00,11.0
2025-06-12 09:26:00,94.6
2025-06-12 13:06:00,91.6
2025-06-12 16:40:00,82.6
2025-06-12 23:07:00,88.7
2025-06-12 03:08:00,15.9
2025-06-12 10:50:00,88.0
2025-06-12 21:11:00,55.0
2025-06-12 00:15:00,21.2
2025-06-12 03:59:00,22.6
2025-06-12 03:41:00,4.6
2025-06-12 03:36:00,51.4
2025-06-12 12:34:00,43.5
2025-06-12 11:33:00,31.2
2025-06-12 09:43:00,90.0
2025-06-12 00:24:00,69.8
2025-06-12 07:15:00,74.2
2025-06-12 17:31:00,42.1
2025-06-12 08:44:00,20.4
2025-06-12 02:10:00,12.0
2025-06-12 00:23:00,53.1
2025-06-12 09:38:00,49.873700916999766
2025-06-12 13:17:00,38.9
2025-06-12 05:45:00,23.2
2025-06-12 14:35:00,17.9
2025-06-12 16:13:00,35.3
2025-06-12 05:14:00,60.1
2025-06-12 11:17:00,97.9
2025-06-12 20:43:00,60.4
2025-06-12 01:58:00,62.5
2025-06-12 06:18:00,49.873700916999766
2025-06-12 01:15:00,82.1
2025-06-12 10:59:00,63.8
2025-06-12 23:07:00,45.7
2025-06-12 10:12:00,88.8
2025-06-12 20:48:00,56.1
2025-06-12 21:57:00,12.2
2025-06-12 17:51:00,95.6
2025-06-12 17:20:00,10.4
2025-06-12 03:49:00,65.8
2025-06-12 14:32:00,99.9
2025-06-12 22:36:00,36.5
2025-06-12 02:05:00,53.8
2025-06-12 14:26:00,37.8
2025-06-12 06:49:00,46.4
2025-06-12 00:41:00,14.5
2025-06-12 05:23:00,33.5
2025-06-12 13:37:00,94.0
2025-06-12 14:58:00,78.3
2025-06-12 13:04:00,66.8
2025-06-12 07:50:00,3.1
2025-06-12 11:04:00,82.2
2025-06-12 05:52:00,98.8
2025-06-12 15:04:00,19.2
2025-06-12 14:43:00,67.3
2025-06-12 01:41:00,21.0
2025-06-12 22:12:00,14.9
2025-06-12 21:01:00,11.0
2025-06-12 17:07:00,82.8
2025-06-12 12:35:00,84.0
2025-06-12 10:59:00,35.1
2025-06-12 20:12:00,49.660353652861794
2025-06-12 01:47:00,40.2
2025-06-12 15:12:00,47.1
2025-06-12 09:04:00,0.9
2025-06-12 18:18:00,58.1
2025-06-12 20:40:00,12.6
2025-06-12 11:06:00,87.0
2025-06-12 08:38:00,49.660353652861794
2025-06-12 06:46:00,1.0
2025-06-12 17:57:00,96.9
2025-06-12 07:25:00,63.5
2025-06-12 06:16:00,2.1
2025-06-12 04:06:00,76.0
2025-06-12 03:30:00,0.9
2025-06-12 19:35:00,49.660353652861794
2025-06-12 23:28:00,93.6
2025-06-12 04:32:00,49.660353652861794
2025-06-12 04:50:00,87.6
2025-06-12 17:17:00,73.0
2025-06-12 18:05:00,3.1
2025-06-12 11:37:00,50.2
2025-06-12 09:31:00,49.0
2025-06-12 12:37:00,76.6
2025-06-12 18:16:00,3.9
2025-06-12 11:22:00,82.6
2025-06-12 16:28:00,98.3
2025-06-12 13:02:00,54.6
2025-06-12 20:57:00,52.4
2025-06-12 14:36:00,22.2
2025-06-12 08:48:00,0.8
2025-06-12 06:06:00,59.4
2025-06-12 22:01:00,0.6
2025-06-12 22:48:00,49.660353652861794
2025-06-12 18:17:00,0.4
2025-06-12 12:37:00,70.6
2025-06-12 23:45:00,38.5
2025-06-12 05:43:00,49.660353652861794
2025-06-12 21:42:00,49.6
2025-06-12 22:14:00,49.660353652861794
2025-06-12 22:08:00,85.7
2025-06-12 14:20:00,70.7
2025-06-12 04:03:00,95.8
2025-06-12 03:31:00,88.8
2025-06-12 23:41:00,49.660353652861794
2025-06-12 12:38:00,29.8
2025-06-12 08:45:00,59.3
2025-06-12 19:24:00,61.1
2025-06-12 08:04:00,49.660353652861794
2025-06-12 07:02:00,43.2
2025-06-12 12:55:00,71.1
2025-06-12 10:52:00,59.7
2025-06-12 16:19:00,57.2
2025-06-12 00:21:00,49.660353652861794
2025-06-12 04:22:00,68.5
2025-06-12 10:31:00,75.0
2025-06-12 17:02:00,52.4
2025-06-12 22:36:00,96.5
2025-06-12 20:11:00,49.660353652861794
2025-06-12 08:51:00,1.8
2025-06-12 01:29:00,49.660353652861794
2025-06-12 13:02:00,49.660353652861794
2025-06-12 03:16:00,67.7
2025-06-12 08:25:00,53.0
2025-06-12 19:06:00,29.8
2025-06-12 17:02:00,13.4
2025-06-12 00:46:00,13.2
2025-06-12 03:30:00,58.4
2025-06-12 14:16:00,72.7
2025-06-12 18:44:00,48.2
2025-06-12 03:45:00,67.4
2025-06-12 08:59:00,92.8
2025-06-12 09:06:00,20.6
2025-06-12 21:44:00,24.2
2025-06-12 14:37:00,72.5
2025-06-12 12:05:00,40.2
2025-06-12 17:20:00,24.8
2025-06-12 06:54:00,62.2
2025-06-12 06:07:00,85.6
2025-06-12 06:11:00,1.9
2025-06-12 01:09:00,16.3
2025-06-12 06:49:00,89.9
2025-06-12 19:41:00,0.5
2025-06-12 03:02:00,52.0
2025-06-12 00:01:00,18.5
2025-06-12 16:33:00,81.1
2025-06-12 04:17:00,53.4
2025-06-12 21:14:00,49.660353652861794
2025-06-12 14:57:00,2.3
2025-06-12 05:17:00,78.7
2025-06-12 22:10:00,89.2
2025-06-12 10:04:00,66.8
2025-06-12 10:08:00,84.4
2025-06-12 20:45:00,48.5
2025-06-12 01:32:00,68.4
2025-06-12 06:43:00,14.3
2025-06-12 06:39:00,54.5
2025-06-12 16:34:00,63.6
2025-06-12 09:22:00,42.5
2025-06-12 16:29:00,6.5
2025-06-12 14:07:00,61.3
2025-06-12 23:24:00,49.660353652861794
2025-06-12 22:19:00,46.1
2025-06-12 12:41:00,70.2
2025-06-12 17:46:00,49.660353652861794
2025-06-12 08:19:00,14.5
2025-06-12 17:27:00,52.7
2025-06-12 04:27:00,49.660353652861794
2025-06-12 06:33:00,3.4
2025-06-12 15:38:00,68.6
2025-06-12 08:45:00,70.5
2025-06-12 12:22:00,27.4
2025-06-12 15:50:00,32.5
2025-06-12 13:36:00,23.1
2025-06-12 17:42:00,49.660353652861794
2025-06-12 07:08:00,91.1
2025-06-12 14:38:00,87.0
2025-06-12 11:05:00,57.5
2025-06-12 11:09:00,50.4
2025-06-12 12:03:00,44.1
2025-06-12 18:48:00,13.9
2025-06-12 13:27:00,49.6
2025-06-12 06:02:00,27.4
2025-06-12 06:44:00,66.3
2025-06-12 20:14:00,81.7
2025-06-12 20:52:00,34.7
2025-06-12 03:46:00,49.660353652861794
2025-06-12 19:34:00,52.0
2025-06-12 04:45:00,36.4
2025-06-12 07:04:00,13.8
2025-06-12 21:39:00,58.5
2025-06-12 20:52:00,60.7
2025-06-12 02:06:00,33.4
2025-06-12 23:18:00,61.7
2025-06-12 10:39:00,20.1
2025-06-12 19:11:00,3.2
2025-06-12 05:08:00,37.0
2025-06-12 01:49:00,17.4
2025-06-12 04:43:00,78.5
2025-06-12 21:04:00,71.0
2025-06-12 06:07:00,49.660353652861794
2025-06-12 06:10:00,41.4
2025-06-12 19:27:00,48.1
2025-06-12 23:25:00,80.7
2025-06-12 23:23:00,11.0
2025-06-12 00:04:00,18.2
2025-06-12 18:51:00,49.660353652861794
2025-06-12 07:19:00,16.3
2025-06-12 14:23:00,72.3
2025-06-12 15:40:00,19.3
2025-06-12 23:03:00,78.4
2025-06-12 06:14:00,79.2
2025-06-12 21:32:00,0.8
2025-06-12 11:42:00,64.9
2025-06-12 11:03:00,14.7
2025-06-12 05:08:00,49.660353652861794
2025-06-12 19:58:00,94.7
2025-06-12 14:39:00,49.660353652861794
2025-06-12 15:08:00,98.0
2025-06-12 06:13:00,52.7
2025-06-12 19:21:00,32.1
2025-06-12 00:59:00,49.660353652861794
2025-06-12 04:32:00,8.4
2025-06-12 18:50:00,49.660353652861794
2025-06-12 14:35:00,18.3
2025-06-12 08:15:00,56.1
2025-06-12 22:51:00,67.1
2025-06-12 14:30:00,28.6
2025-06-12 14:43:00,49.0
2025-06-12 09:18:00,91.7
2025-06-12 14:50:00,26.2
2025-06-12 14:08:00,61.3
2025-06-12 15:31:00,49.660353652861794
2025-06-12 10:43:00,78.7
2025-06-12 22:32:00,11.9
2025-06-12 13:59:00,64.9
2025-06-12 08:44:00,22.9
2025-06-12 05:16:00,49.660353652861794
2025-06-12 20:35:00,49.6
2025-06-12 13:14:00,49.660353652861794
2025-06-12 10:47:00,61.8
2025-06-12 19:49:00,15.4
2025-06-12 16:23:00,50.8
2025-06-12 18:37:00,37.2
2025-06-12 23:36:00,17.0
2025-06-12 13:17:00,49.660353652861794
2025-06-12 15:53:00,58.6
2025-06-12 01:46:00,49.660353652861794
2025-06-12 11:22:00,85.1
2025-06-12 07:55:00,24.9
2025-06-12 05:27:00,46.7
2025-06-12 09:46:00,82.1
2025-06-12 00:59:00,38.0
2025-06-12 21:35:00,55.6
2025-06-12 23:16:00,70.4
2025-06-12 16:54:00,92.3
2025-06-12 20:50:00,19.5
2025-06-12 11:35:00,95.4
2025-06-12 00:52:00,82.4
2025-06-12 02:45:00,29.8
2025-06-12 08:21:00,32.1
2025-06-12 10:30:00,28.2
2025-06-12 22:15:00,6.9
2025-06-12 21:24:00,41.5
2025-06-12 00:08:00,56.8
2025-06-12 06:58:00,26.6
2025-06-12 16:49:00,53.8
2025-06-12 17:25:00,86.6
2025-06-12 02:24:00,56.6
2025-06-12 02:56:00,36.9
2025-06-12 01:27:00,57.0
2025-06-12 15:41:00,49.660353652861794
2025-06-12 10:45:00,49.660353652861794
2025-06-12 06:34:00,61.8
2025-06-12 12:20:00,48.1
2025-06-12 07:49:00,96.1
2025-06-12 01:39:00,46.7
2025-06-12 11:27:00,99.3
2025-06-12 08:31:00,11.7
2025-06-12 07:16:00,38.1
2025-06-12 20:26:00,62.2
2025-06-12 19:48:00,49.660353652861794
2025-06-12 21:32:00,44.3
2025-06-12 16:42:00,55.0
2025-06-12 07:10:00,87.0
2025-06-12 02:39:00,8.9
2025-06-12 23:24:00,75.4
2025-06-12 11:40:00,58.6
2025-06-12 16:28:00,82.9
2025-06-12 15:28:00,24.5
2025-06-12 21:23:00,7.0
2025-06-12 00:14:00,20.4
2025-06-12 21:14:00,57.0
2025-06-12 16:48:00,73.9
2025-06-12 08:08:00,11.7
2025-06-12 07:59:00,86.8
2025-06-12 08:16:00,34.6
2025-06-12 01:25:00,2.0
2025-06-12 03:52:00,33.5
2025-06-12 23:19:00,49.9
2025-06-12 11:51:00,46.4
2025-06-12 18:48:00,7.5
2025-06-12 23:00:00,13.2
2025-06-12 08:35:00,49.660353652861794
2025-06-12 00:20:00,9.8
2025-06-12 20:00:00,58.4
2025-06-12 07:09:00,27.8
2025-06-12 15:47:00,73.4
2025-06-12 01:47:00,66.9
2025-06-12 22:41:00,77.4
2025-06-12 02:57:00,59.3
2025-06-12 10:36:00,7.7
2025-06-12 00:56:00,58.8
2025-06-12 21:43:00,49.660353652861794
2025-06-12 06:32:00,25.7
2025-06-12 16:34:00,98.3
2025-06-12 23:44:00,27.0
2025-06-12 03:49:00,17.2
2025-06-12 05:25:00,44.4
2025-06-12 09:55:00,67.5
2025-06-12 19:48:00,90.0
2025-06-12 10:03:00,55.3
2025-06-12 20:18:00,26.9
2025-06-12 08:03:00,7.4
2025-06-12 01:27:00,54.3
2025-06-12 12:44:00,95.6
2025-06-12 01:33:00,57.7
2025-06-12 22:51:00,53.2
2025-06-12 23:11:00,94.9
2025-06-12 02:22:00,89.8
2025-06-12 02:05:00,45.2
2025-06-12 13:27:00,65.1
2025-06-12 22:01:00,88.1
2025-06-12 18:37:00,32.6
2025-06-12 12:59:00,43.4
2025-06-12 23:03:00,78.3
2025-06-12 15:24:00,44.3
2025-06-12 10:07:00,30.2
2025-06-12 23:17:00,90.8
2025-06-12 07:53:00,81.9
2025-06-12 08:01:00,96.7
2025-06-12 18:17:00,7.7
2025-06-12 22:14:00,49.1
2025-06-12 22:32:00,60.7
2025-06-12 08:29:00,84.6
2025-06-12 13:19:00,81.2
2025-06-12 00:18:00,72.2
2025-06-12 09:37:00,78.7
2025-06-12 04:51:00,43.5
2025-06-12 10:31:00,49.660353652861794
2025-06-12 14:07:00,88.9
2025-06-12 09:56:00,34.1
2025-06-12 09:01:00,77.5
2025-06-12 06:29:00,49.660353652861794
2025-06-12 19:31:00,59.1
2025-06-12 11:14:00,34.0
2025-06-12 14:47:00,34.4
2025-06-12 20:38:00,33.3
2025-06-12 15:24:00,92.4
2025-06-12 09:53:00,61.8
2025-06-12 17:51:00,49.660353652861794
2025-06-12 07:20:00,57.9
2025-06-12 23:55:00,62.5
2025-06-12 04:44:00,88.2
2025-06-12 05:06:00,20.3
2025-06-12 23:27:00,34.3
2025-06-12 08:39:00,50.5
2025-06-12 04:16:00,76.5
2025-06-12 15:59:00,49.660353652861794
2025-06-12 15:33:00,33.8
2025-06-12 01:50:00,30.1
2025-06-12 23:00:00,18.3
2025-06-12 16:46:00,30.7
2025-06-12 20:20:00,22.0
2025-06-12 16:16:00,49.9804001872221
2025-06-12 20:04:00,64.6
2025-06-12 16:13:00,49.9804001872221
2025-06-12 18:00:00,67.9
2025-06-12 02:12:00,30.2
2025-06-12 20:06:00,49.9804001872221
2025-06-12 12:30:00,3.7
2025-06-12 13:07:00,49.9804001872221
2025-06-12 20:27:00,70.2
2025-06-12 08:44:00,17.2
2025-06-12 10:41:00,38.0
2025-06-12 02:58:00,49.9804001872221
2025-06-12 15:30:00,37.2
2025-06-12 14:07:00,10.2
2025-06-12 04:47:00,40.7
2025-06-12 14:07:00,91.2
2025-06-12 01:30:00,19.6
2025-06-12 23:35:00,49.9804001872221
2025-06-12 12:26:00,87.1
2025-06-12 19:04:00,61.7
2025-06-12 14:29:00,23.8
2025-06-12 09:48:00,19.5
2025-06-12 09:58:00,49.9804001872221
2025-06-12 01:33:00,31.8
2025-06-12 03:59:00,49.7
2025-06-12 15:31:00,35.3
2025-06-12 04:19:00,92.6
2025-06-12 21:10:00,49.9804001872221
2025-06-12 18:05:00,64.9
2025-06-12 02:22:00,49.9804001872221
2025-06-12 00:11:00,59.7
2025-06-12 17:01:00,86.8
2025-06-12 15:07:00,88.5
2025-06-12 01:19:00,88.5
2025-06-12 16:47:00,49.9804001872221
2025-06-12 05:36:00,67.0
2025-06-12 00:23:00,58.3
2025-06-12 09:45:00,24.2
2025-06-12 10:55:00,70.6
2025-06-12 13:21:00,49.9804001872221
2025-06-12 10:29:00,0.6
2025-06-12 09:38:00,62.7
2025-06-12 02:44:00,63.5
2025-06-12 17:31:00,28.3
2025-06-12 15:09:00,41.8
2025-06-12 08:41:00,49.9804001872221
2025-06-12 15:12:00,76.7
2025-06-12 07:08:00,43.1
2025-06-12 19:52:00,71.0
2025-06-12 09:15:00,61.4
2025-06-12 11:55:00,38.8
2025-06-12 07:48:00,49.9804001872221
2025-06-12 12:11:00,62.3
2025-06-12 08:41:00,81.6
2025-06-12 12:17:00,63.3
2025-06-12 02:09:00,65.1
2025-06-12 06:44:00,91.6
2025-06-12 08:09:00,1.5
2025-06-12 11:09:00,84.3
2025-06-12 09:51:00,78.3
2025-06-12 12:11:00,51.8
2025-06-12 23:36:00,94.9
2025-06-12 05:33:00,28.0
2025-06-12 02:51:00,90.6
2025-06-12 13:24:00,43.7
2025-06-12 11:02:00,49.9804001872221
2025-06-12 16:16:00,38.4
2025-06-12 00:58:00,8.3
2025-06-12 19:13:00,82.4
2025-06-12 17:29:00,82.9
2025-06-12 03:10:00,69.1
2025-06-12 02:52:00,51.1
2025-06-12 09:45:00,49.9804001872221
2025-06-12 08:04:00,39.0
2025-06-12 11:05:00,15.1
2025-06-12 21:25:00,37.1
2025-06-12 01:07:00,64.1
2025-06-12 18:59:00,43.5
2025-06-12 12:55:00,40.4
2025-06-12 08:33:00,40.4
2025-06-12 21:55:00,65.2
2025-06-12 12:10:00,18.0
2025-06-12 17:27:00,96.4
2025-06-12 10:36:00,91.2
2025-06-12 19:48:00,45.4
2025-06-12 08:24:00,5.2
2025-06-12 15:48:00,59.3
2025-06-12 23:40:00,91.6
2025-06-12 20:14:00,51.8
2025-06-12 02:38:00,17.9
2025-06-12 06:58:00,21.7
2025-06-12 03:47:00,13.1
2025-06-12 16:18:00,49.9804001872221
2025-06-12 03:51:00,60.8
2025-06-12 16:31:00,45.4
2025-06-12 07:03:00,69.6
2025-06-12 00:06:00,46.4
2025-06-12 00:51:00,63.9
2025-06-12 20:08:00,77.6
2025-06-12 12:15:00,75.3
2025-06-12 15:48:00,34.9
2025-06-12 15:33:00,33.9
2025-06-12 07:52:00,49.9804001872221
2025-06-12 03:46:00,52.5
2025-06-12 04:22:00,49.9804001872221
2025-06-12 01:00:00,11.1
2025-06-12 22:49:00,49.9804001872221
2025-06-12 04:20:00,29.1
2025-06-12 09:15:00,37.7
2025-06-12 09:13:00,9.8
2025-06-12 14:31:00,88.0
2025-06-12 19:06:00,50.8
2025-06-12 18:27:00,40.7
2025-06-12 22:48:00,75.6
2025-06-12 00:20:00,54.3
2025-06-12 19:50:00,88.2
2025-06-12 19:37:00,18.7
2025-06-12 07:06:00,65.1
2025-06-12 14:30:00,71.6
2025-06-12 06:06:00,88.6
2025-06-12 06:55:00,34.4
2025-06-12 02:18:00,21.4
2025-06-12 01:02:00,9.3
2025-06-12 05:00:00,84.6
2025-06-12 08:16:00,49.9804001872221
2025-06-12 18:29:00,12.7
2025-06-12 03:55:00,52.9
2025-06-12 10:30:00,41.4
2025-06-12 13:38:00,49.1
2025-06-12 23:49:00,27.8
2025-06-12 08:07:00,86.0
2025-06-12 16:13:00,49.9804001872221
2025-06-12 05:46:00,46.9
2025-06-12 00:30:00,6.4
2025-06-12 06:06:00,49.9804001872221
2025-06-12 18:56:00,76.6
2025-06-12 08:33:00,17.1
2025-06-12 00:28:00,76.7
2025-06-12 13:18:00,49.9804001872221
2025-06-12 05:30:00,45.3
2025-06-12 03:20:00,68.0
2025-06-12 15:54:00,55.9
2025-06-12 06:55:00,49.9804001872221
2025-06-12 21:31:00,49.9804001872221
2025-06-12 11:20:00,64.2
2025-06-12 00:36:00,77.3
2025-06-12 07:38:00,49.9804001872221
2025-06-12 19:45:00,24.5
2025-06-12 03:16:00,55.7
2025-06-12 18:46:00,72.3
2025-06-12 15:34:00,89.3
2025-06-12 14:20:00,49.9804001872221
2025-06-12 21:13:00,24.2
2025-06-12 22:01:00,87.9
2025-06-12 23:06:00,98.5
2025-06-12 12:00:00,14.4
2025-06-12 00:50:00,63.0
2025-06-12 05:07:00,82.8
2025-06-12 02:02:00,82.9
2025-06-12 23:34:00,61.3
2025-06-12 08:56:00,7.7
2025-06-12 08:54:00,78.3
2025-06-12 21:13:00,3.8
2025-06-12 03:57:00,78.6
2025-06-12 13:22:00,86.1
2025-06-12 07:42:00,9.2
2025-06-12 22:30:00,31.0
2025-06-12 04:48:00,79.5
2025-06-12 14:12:00,68.9
2025-06-12 23:40:00,44.7
2025-06-12 11:22:00,93.9
2025-06-12 16:49:00,49.9804001872221
2025-06-12 16:12:00,49.9804001872221
2025-06-12 04:36:00,95.3
2025-06-12 07:49:00,63.3
2025-06-12 10:14:00,0.9
2025-06-12 22:52:00,44.8
2025-06-12 01:05:00,65.9
2025-06-12 19:38:00,65.5
2025-06-12 02:26:00,90.9
2025-06-12 18:58:00,24.5
2025-06-12 06:24:00,46.7
2025-06-12 10:09:00,2.6
2025-06-12 15:49:00,45.7
2025-06-12 18:06:00,12.3
2025-06-12 06:45:00,49.9804001872221
2025-06-12 18:40:00,49.9804001872221
2025-06-12 16:33:00,73.0
2025-06-12 09:27:00,15.5
2025-06-12 02:00:00,1.3
2025-06-12 00:35:00,46.9
2025-06-12 14:43:00,71.1
2025-06-12 08:43:00,13.7
2025-06-12 03:48:00,39.6
2025-06-12 15:26:00,29.9
2025-06-12 08:36:00,22.5
2025-06-12 17:46:00,55.9
2025-06-12 14:40:00,4.7
2025-06-12 06:20:00,87.2
2025-06-12 10:14:00,18.1
2025-06-12 15:17:00,71.2
2025-06-12 15:49:00,92.8
2025-06-12 05:50:00,70.0
2025-06-12 22:30:00,36.6
2025-06-12 07:04:00,16.3
2025-06-12 06:49:00,2.8
2025-06-12 07:20:00,26.7
2025-06-12 15:45:00,65.9
2025-06-12 04:06:00,80.6
2025-06-12 14:33:00,35.2
2025-06-12 13:34:00,89.3
2025-06-12 06:35:00,15.7
2025-06-12 08:29:00,10.4
2025-06-12 11:07:00,85.3
2025-06-12 10:30:00,9.2
2025-06-12 09:26:00,78.8
2025-06-12 22:54:00,81.8
2025-06-12 14:06:00,49.9804001872221
2025-06-12 11:37:00,28.4
2025-06-12 09:48:00,49.9804001872221
2025-06-12 16:48:00,86.8
2025-06-12 02:01:00,6.3
2025-06-12 21:41:00,35.8
2025-06-12 09:18:00,97.2
2025-06-12 19:52:00,19.1
2025-06-12 20:02:00,42.1
2025-06-12 23:43:00,11.9
2025-06-12 03:49:00,94.9
2025-06-12 09:15:00,8.8
2025-06-12 04:45:00,61.3
2025-06-12 23:01:00,64.5
2025-06-12 01:56:00,17.8
2025-06-12 08:07:00,34.3
2025-06-12 09:26:00,49.9804001872221
2025-06-12 03:07:00,56.2
2025-06-12 09:39:00,60.5
2025-06-12 02:47:00,83.1
2025-06-12 23:58:00,51.3
2025-06-12 00:53:00,85.4
2025-06-12 02:37:00,38.5
2025-06-12 17:04:00,12.9
2025-06-12 01:45:00,63.4
2025-06-12 11:51:00,96.9
2025-06-12 16:36:00,33.9
2025-06-12 03:00:00,0.3
2025-06-12 06:53:00,49.9804001872221
2025-06-12 04:35:00,67.1
2025-06-12 03:35:00,47.2
2025-06-12 19:59:00,18.7
2025-06-12 14:50:00,69.6
2025-06-12 19:14:00,65.4
2025-06-12 07:17:00,84.1
2025-06-12 05:59:00,57.8
2025-06-12 18:45:00,49.9804001872221
2025-06-12 21:22:00,50.5
2025-06-12 01:52:00,60.5
2025-06-12 15:48:00,39.3
2025-06-12 23:52:00,49.9804001872221
2025-06-12 02:36:00,82.0
2025-06-12 05:42:00,86.5
2025-06-12 08:24:00,8.0
2025-06-12 13:09:00,21.9
2025-06-12 14:33:00,51.2
2025-06-12 05:47:00,62.3
2025-06-12 04:57:00,49.9804001872221
2025-06-12 15:46:00,34.8
2025-06-12 04:22:00,7.1
2025-06-12 08:41:00,57.0
2025-06-12 10:19:00,49.9804001872221
2025-06-12 19:58:00,11.1
2025-06-12 23:37:00,26.7
2025-06-12 01:21:00,87.7
2025-06-12 20:25:00,18.1
2025-06-12 00:44:00,72.5
2025-06-12 00:00:00,41.2
2025-06-12 11:35:00,91.7
2025-06-12 05:02:00,72.1
2025-06-12 12:57:00,68.2
2025-06-12 15:20:00,32.1
2025-06-12 12:26:00,57.8
2025-06-12 12:12:00,51.1
2025-06-12 11:46:00,32.9
2025-06-12 23:25:00,98.7
2025-06-12 18:09:00,62.4
2025-06-12 11:44:00,47.9
2025-06-12 23:01:00,22.7
2025-06-12 19:55:00,82.8
2025-06-12 12:56:00,29.9
2025-06-12 09:55:00,31.8
2025-06-12 16:52:00,38.6
2025-06-12 00:50:00,48.9
2025-06-12 16:26:00,41.8
2025-06-12 17:23:00,30.6
2025-06-12 13:07:00,53.9
2025-06-12 00:50:00,49.9804001872221
2025-06-12 04:30:00,74.6
2025-06-12 11:37:00,19.2
2025-06-12 14:39:00,43.4
2025-06-12 12:55:00,26.0
2025-06-12 12:43:00,66.4
2025-06-12 19:10:00,76.9
2025-06-12 08:29:00,60.7
2025-06-12 01:54:00,77.4
2025-06-12 17:30:00,49.9804001872221
2025-06-12 03:47:00,17.2
2025-06-12 12:59:00,54.4
2025-06-12 14:33:00,30.3
2025-06-12 14:43:00,29.4
2025-06-12 10:48:00,87.6
2025-06-12 11:32:00,10.6
2025-06-12 15:11:00,49.9804001872221
2025-06-12 20:26:00,3.3
2025-06-12 15:33:00,55.7
2025-06-12 15:27:00,70.0
2025-06-12 11:18:00,49.9804001872221
2025-06-12 17:47:00,11.4
2025-06-12 19:40:00,63.0
2025-06-12 00:14:00,76.3
2025-06-12 08:57:00,5.3
2025-06-12 17:58:00,5.8
2025-06-12 16:25:00,42.2
2025-06-12 03:33:00,49.9804001872221
2025-06-12 15:44:00,92.1
2025-06-12 23:12:00,47.1
2025-06-12 05:17:00,49.9804001872221
2025-06-12 09:19:00,93.5
2025-06-12 12:37:00,30.9
2025-06-12 21:41:00,49.9804001872221
2025-06-12 03:06:00,86.5
2025-06-12 03:29:00,6.7
2025-06-12 18:40:00,21.6
2025-06-12 17:43:00,35.4
2025-06-12 13:26:00,20.2
2025-06-12 01:36:00,49.9804001872221
2025-06-12 19:04:00,71.1
2025-06-12 22:40:00,40.9
2025-06-12 08:38:00,39.3
2025-06-12 08:02:00,8.6
2025-06-12 05:25:00,31.2
2025-06-12 04:38:00,49.9804001872221
2025-06-12 16:33:00,51.1
2025-06-12 22:38:00,13.5
2025-06-12 21:36:00,59.7
2025-06-12 02:21:00,99.4
2025-06-12 02:40:00,52.2
2025-06-12 07:30:00,61.5
2025-06-12 07:29:00,82.5
2025-06-12 04:05:00,73.5
2025-06-12 23:53:00,48.7
2025-06-12 06:13:00,91.1
2025-06-12 16:52:00,62.8
2025-06-12 17:30:00,83.4
2025-06-12 10:37:00,12.1
2025-06-12 10:57:00,71.1
2025-06-12 02:40:00,68.9
2025-06-12 13:32:00,32.3
2025-06-12 00:38:00,37.9
2025-06-12 11:36:00,5.9
2025-06-12 04:28:00,13.0
2025-06-12 10:57:00,19.5
2025-06-12 13:48:00,86.1
2025-06-12 17:52:00,83.0
2025-06-12 06:56:00,49.6
2025-06-12 06:39:00,52.6
2025-06-12 14:14:00,49.659483264826775
2025-06-12 22:04:00,49.659483264826775
2025-06-12 10:04:00,41.4
2025-06-12 18:24:00,49.659483264826775
2025-06-12 10:28:00,45.3
2025-06-12 03:07:00,97.0
2025-06-12 04:09:00,62.5
2025-06-12 20:19:00,49.659483264826775
2025-06-12 05:35:00,52.4
2025-06-12 11:13:00,51.0
2025-06-12 01:12:00,53.5
2025-06-12 08:26:00,12.1
2025-06-12 11:32:00,72.8
2025-06-12 19:21:00,49.659483264826775
2025-06-12 22:35:00,49.659483264826775
2025-06-12 00:20:00,49.659483264826775
2025-06-12 00:34:00,49.659483264826775
2025-06-12 08:55:00,75.8
2025-06-12 02:39:00,0.0
2025-06-12 10:47:00,88.3
2025-06-12 11:55:00,91.2
2025-06-12 20:18:00,77.6
2025-06-12 16:35:00,49.659483264826775
2025-06-12 12:51:00,49.659483264826775
2025-06-12 21:33:00,64.2
2025-06-12 16:50:00,75.0
2025-06-12 03:40:00,80.0
2025-06-12 01:31:00,5.1
2025-06-12 15:45:00,97.2
2025-06-12 15:56:00,65.8
2025-06-12 12:16:00,69.4
2025-06-12 02:23:00,60.8
2025-06-12 01:17:00,96.2
2025-06-12 03:45:00,76.8
2025-06-12 16:27:00,79.2
2025-06-12 07:30:00,77.0
2025-06-12 09:34:00,46.8
2025-06-12 20:09:00,7.1
2025-06-12 05:45:00,2.4
2025-06-12 03:00:00,49.659483264826775
2025-06-12 08:10:00,82.3
2025-06-12 06:16:00,51.6
2025-06-12 06:55:00,82.6
2025-06-12 23:19:00,62.2
2025-06-12 00:24:00,83.4
2025-06-12 08:28:00,92.4
2025-06-12 07:05:00,49.659483264826775
2025-06-12 03:06:00,2.2
2025-06-12 09:02:00,49.659483264826775
2025-06-12 16:45:00,67.0
2025-06-12 20:38:00,49.659483264826775
2025-06-12 08:28:00,54.6
2025-06-12 01:10:00,84.9
2025-06-12 19:10:00,76.0
2025-06-12 06:39:00,31.5
2025-06-12 17:53:00,55.6
2025-06-12 17:16:00,39.9
2025-06-12 06:56:00,55.2
2025-06-12 19:58:00,36.5
2025-06-12 02:59:00,13.7
2025-06-12 13:46:00,10.0
2025-06-12 20:15:00,62.6
2025-06-12 12:45:00,34.2
2025-06-12 23:33:00,49.659483264826775
2025-06-12 02:51:00,32.0
2025-06-12 14:41:00,97.2
2025-06-12 07:28:00,18.3
2025-06-12 17:13:00,63.8
2025-06-12 06:06:00,96.7
2025-06-12 07:25:00,16.3
2025-06-12 14:39:00,31.0
2025-06-12 09:33:00,35.7
2025-06-12 10:18:00,49.659483264826775
2025-06-12 03:14:00,32.3
2025-06-12 23:18:00,49.659483264826775
2025-06-12 13:23:00,26.1
2025-06-12 20:35:00,2.7
2025-06-12 00:56:00,49.659483264826775
2025-06-12 14:44:00,8.5
2025-06-12 07:53:00,98.4
2025-06-12 09:59:00,82.7
2025-06-12 03:26:00,90.9
2025-06-12 03:01:00,80.0
2025-06-12 07:18:00,49.659483264826775
2025-06-12 22:08:00,85.4
2025-06-12 18:10:00,71.4
2025-06-12 12:51:00,74.7
2025-06-12 01:08:00,46.3
2025-06-12 07:32:00,88.0
2025-06-12 18:18:00,49.659483264826775
2025-06-12 09:17:00,49.659483264826775
2025-06-12 14:06:00,86.8
2025-06-12 13:43:00,61.3
2025-06-12 15:05:00,8.0
2025-06-12 10:11:00,74.3
2025-06-12 21:10:00,65.9
2025-06-12 14:59:00,57.8
2025-06-12 09:40:00,50.0
2025-06-12 03:09:00,70.2
2025-06-12 13:35:00,25.6
2025-06-12 02:54:00,52.4
2025-06-12 11:39:00,46.4
2025-06-12 06:53:00,69.8
2025-06-12 13:37:00,23.5
2025-06-12 15:41:00,82.6
2025-06-12 14:35:00,51.5
2025-06-12 17:05:00,36.1
2025-06-12 12:15:00,19.5
2025-06-12 06:28:00,64.0
2025-06-12 07:08:00,94.1
2025-06-12 21:37:00,49.7
2025-06-12 10:33:00,49.659483264826775
2025-06-12 08:23:00,6.4
2025-06-12 12:30:00,2.3
2025-06-12 06:08:00,58.1
2025-06-12 11:31:00,49.659483264826775
2025-06-12 07:07:00,0.2
2025-06-12 12:52:00,79.5
2025-06-12 06:09:00,49.659483264826775
2025-06-12 21:21:00,30.9
2025-06-12 20:56:00,84.6
2025-06-12 12:53:00,62.3
2025-06-12 22:12:00,95.9
2025-06-12 20:17:00,43.2
2025-06-12 09:54:00,73.5
2025-06-12 10:38:00,4.4
2025-06-12 19:17:00,8.0
2025-06-12 16:26:00,49.659483264826775
2025-06-12 13:02:00,49.659483264826775
2025-06-12 17:08:00,31.7
2025-06-12 06:02:00,90.1
2025-06-12 20:55:00,49.659483264826775
2025-06-12 18:50:00,41.6
2025-06-12 01:57:00,42.9
2025-06-12 17:53:00,12.8
2025-06-12 16:11:00,67.1
2025-06-12 21:50:00,54.3
2025-06-12 18:26:00,30.8
2025-06-12 15:54:00,34.3
2025-06-12 17:23:00,37.8
2025-06-12 03:04:00,32.2
2025-06-12 13:06:00,25.3
2025-06-12 20:18:00,90.2
2025-06-12 03:18:00,64.2
2025-06-12 08:03:00,13.1
2025-06-12 19:30:00,49.659483264826775
2025-06-12 01:49:00,71.9
2025-06-12 08:25:00,95.4
2025-06-12 06:19:00,8.0
2025-06-12 17:01:00,49.659483264826775
2025-06-12 10:40:00,19.1
2025-06-12 13:48:00,1.5
2025-06-12 15:06:00,97.6
2025-06-12 08:52:00,99.6
2025-06-12 12:03:00,60.1
2025-06-12 18:57:00,15.4
2025-06-12 17:52:00,0.4
2025-06-12 16:05:00,83.2
2025-06-12 16:24:00,41.3
2025-06-12 16:04:00,49.659483264826775
2025-06-12 00:58:00,84.3
2025-06-12 13:31:00,60.4
2025-06-12 04:52:00,36.6
2025-06-12 18:00:00,51.1
2025-06-12 06:25:00,85.9
2025-06-12 17:52:00,49.659483264826775
2025-06-12 06:02:00,45.5
2025-06-12 05:55:00,14.7
2025-06-12 07:11:00,28.1
2025-06-12 16:43:00,35.3
2025-06-12 11:54:00,95.0
2025-06-12 14:27:00,94.2
2025-06-12 18:13:00,73.0
2025-06-12 10:10:00,38.8
2025-06-12 21:36:00,58.2
2025-06-12 13:07:00,39.2
2025-06-12 02:31:00,56.8
2025-06-12 19:45:00,42.6
2025-06-12 04:27:00,88.2
2025-06-12 16:10:00,55.5
2025-06-12 05:48:00,62.7
2025-06-12 14:39:00,49.659483264826775
2025-06-12 07:05:00,20.6
2025-06-12 21:31:00,49.659483264826775
2025-06-12 02:02:00,51.7
2025-06-12 19:55:00,49.6
2025-06-12 09:49:00,71.6
2025-06-12 03:37:00,47.3
2025-06-12 22:56:00,49.659483264826775
2025-06-12 15:29:00,24.9
2025-06-12 07:46:00,10.6
2025-06-12 18:15:00,18.1
2025-06-12 04:12:00,7.8
2025-06-12 21:12:00,53.6
2025-06-12 07:12:00,96.9
2025-06-12 05:32:00,57.1
2025-06-12 19:35:00,0.9
2025-06-12 05:50:00,49.659483264826775
2025-06-12 09:51:00,9.8
2025-06-12 10:19:00,64.7
2025-06-12 19:50:00,44.2
2025-06-12 16:54:00,54.4
2025-06-12 16:06:00,72.3
2025-06-12 14:49:00,45.2
2025-06-12 02:30:00,81.6
2025-06-12 12:11:00,84.1
2025-06-12 22:07:00,30.3
2025-06-12 08:32:00,72.3
2025-06-12 07:40:00,27.7
2025-06-12 21:04:00,28.0
2025-06-12 05:22:00,81.8
2025-06-12 18:56:00,49.659483264826775
2025-06-12 11:17:00,66.8
2025-06-12 23:41:00,41.2
2025-06-12 22:36:00,49.659483264826775
2025-06-12 17:10:00,49.659483264826775
2025-06-12 01:43:00,44.7
2025-06-12 02:26:00,16.8
2025-06-12 04:36:00,92.8
2025-06-12 14:18:00,1.8
2025-06-12 18:04:00,6.7
2025-06-12 02:24:00,47.5
2025-06-12 22:57:00,58.5
2025-06-12 07:27:00,49.659483264826775
2025-06-12 03:12:00,49.659483264826775
2025-06-12 20:53:00,62.5
2025-06-12 11:41:00,49.659483264826775
2025-06-12 08:28:00,44.9
2025-06-12 16:16:00,49.659483264826775
2025-06-12 07:51:00,33.0
2025-06-12 06:39:00,68.3
2025-06-12 00:24:00,4.5
2025-06-12 01:07:00,32.4
2025-06-12 14:11:00,69.1
2025-06-12 14:46:00,26.1
2025-06-12 18:11:00,44.7
2025-06-12 22:10:00,49.659483264826775
2025-06-12 19:28:00,25.0
2025-06-12 17:09:00,46.8
2025-06-12 03:22:00,55.8
2025-06-12 15:50:00,96.6
2025-06-12 02:58:00,73.8
2025-06-12 16:43:00,49.659483264826775
2025-06-12 08:27:00,96.7
2025-06-12 06:54:00,99.5
2025-06-12 03:52:00,96.1
2025-06-12 22:06:00,67.4
2025-06-12 16:02:00,49.659483264826775
2025-06-12 13:54:00,26.9
2025-06-12 05:27:00,42.8
2025-06-12 00:15:00,40.1
2025-06-12 15:37:00,38.9
2025-06-12 13:31:00,49.659483264826775
2025-06-12 15:07:00,46.1
2025-06-12 05:12:00,82.6
2025-06-12 15:08:00,21.0
2025-06-12 21:30:00,97.3
2025-06-12 11:25:00,76.5
2025-06-12 21:16:00,94.8
2025-06-12 14:40:00,22.4
2025-06-12 17:03:00,70.5
2025-06-12 02:32:00,85.0
2025-06-12 01:56:00,70.7
2025-06-12 04:23:00,25.4
2025-06-12 17:26:00,45.4
2025-06-12 02:38:00,88.8
2025-06-12 07:14:00,26.1
2025-06-12 06:59:00,49.659483264826775
2025-06-12 18:10:00,76.1
2025-06-12 14:25:00,48.2
2025-06-12 19:39:00,72.9
2025-06-12 04:23:00,88.8
2025-06-12 03:16:00,4.8
2025-06-12 14:12:00,62.0
2025-06-12 19:53:00,49.659483264826775
2025-06-12 09:41:00,80.0
2025-06-12 23:40:00,56.1
2025-06-12 14:02:00,54.2
2025-06-12 06:19:00,28.7
2025-06-12 13:02:00,85.3
2025-06-12 15:10:00,6.5
2025-06-12 01:16:00,4.1
2025-06-12 23:36:00,28.5
2025-06-12 21:56:00,39.0
2025-06-12 01:08:00,49.659483264826775
2025-06-12 18:06:00,9.4
2025-06-12 16:51:00,45.1
2025-06-12 05:42:00,31.7
2025-06-12 09:51:00,97.3
2025-06-12 16:15:00,69.8
2025-06-12 02:58:00,25.7
2025-06-12 03:32:00,20.8
2025-06-12 04:39:00,22.6
2025-06-12 05:33:00,40.5
2025-06-12 21:08:00,99.8
2025-06-12 15:46:00,55.9
2025-06-12 02:28:00,49.659483264826775
2025-06-12 05:34:00,73.5
2025-06-12 04:24:00,15.3
2025-06-12 10:20:00,21.4
2025-06-12 12:01:00,33.1
2025-06-12 02:40:00,49.659483264826775
2025-06-12 04:05:00,68.8
2025-06-12 06:36:00,94.1
2025-06-12 04:45:00,45.4
2025-06-12 02:54:00,19.0
2025-06-12 14:48:00,49.732274758880266
2025-06-12 08:48:00,32.3
2025-06-12 20:46:00,89.2
2025-06-12 01:49:00,17.6
2025-06-12 21:46:00,17.8
2025-06-12 06:52:00,81.2
2025-06-12 22:00:00,64.5
2025-06-12 21:32:00,87.5
2025-06-12 05:23:00,49.732274758880266
2025-06-12 12:36:00,19.8
2025-06-12 10:28:00,0.2
2025-06-12 15:18:00,40.5
2025-06-12 18:15:00,17.9
2025-06-12 19:20:00,49.2
2025-06-12 17:13:00,70.8
2025-06-12 04:16:00,14.2
2025-06-12 14:02:00,16.4
2025-06-12 20:50:00,49.732274758880266
2025-06-12 01:04:00,70.5
2025-06-12 13:05:00,62.5
2025-06-12 23:21:00,58.8
2025-06-12 11:26:00,38.1
2025-06-12 16:03:00,91.7
2025-06-12 01:39:00,12.1
2025-06-12 05:11:00,80.2
2025-06-12 07:58:00,42.8
2025-06-12 21:01:00,83.9
2025-06-12 06:22:00,16.6
2025-06-12 19:43:00,10.1
2025-06-12 07:37:00,8.9
2025-06-12 08:36:00,41.5
2025-06-12 16:41:00,49.732274758880266
2025-06-12 13:38:00,49.732274758880266
2025-06-12 18:06:00,49.732274758880266
2025-06-12 11:35:00,72.9
2025-06-12 18:56:00,63.2
2025-06-12 18:17:00,49.732274758880266
2025-06-12 01:03:00,81.7
2025-06-12 09:45:00,49.732274758880266
2025-06-12 01:46:00,42.7
2025-06-12 13:08:00,60.6
2025-06-12 11:12:00,88.5
2025-06-12 01:25:00,49.732274758880266
2025-06-12 12:46:00,55.1
2025-06-12 17:14:00,20.3
2025-06-12 02:30:00,58.4
2025-06-12 23:49:00,12.7
2025-06-12 04:26:00,23.4
2025-06-12 05:58:00,98.8
2025-06-12 21:35:00,73.5
2025-06-12 19:56:00,15.4
2025-06-12 10:14:00,49.732274758880266
2025-06-12 06:28:00,89.6
2025-06-12 13:50:00,49.732274758880266
2025-06-12 14:32:00,46.6
2025-06-12 06:02:00,60.9
2025-06-12 07:14:00,52.8
2025-06-12 07:38:00,95.4
2025-06-12 03:43:00,51.8
2025-06-12 21:18:00,1.1
2025-06-12 16:59:00,94.5
2025-06-12 21:36:00,49.2
2025-06-12 17:40:00,8.8
2025-06-12 14:01:00,14.6
2025-06-12 17:17:00,68.1
2025-06-12 23:03:00,49.732274758880266
2025-06-12 04:20:00,19.8
2025-06-12 05:15:00,92.9
2025-06-12 23:26:00,51.2
2025-06-12 17:24:00,89.8
2025-06-12 13:44:00,49.732274758880266
2025-06-12 16:50:00,99.5
2025-06-12 11:08:00,49.732274758880266
2025-06-12 10:36:00,18.6
2025-06-12 18:31:00,67.7
2025-06-12 10:48:00,49.732274758880266
2025-06-12 08:09:00,62.3
2025-06-12 14:43:00,18.2
2025-06-12 08:05:00,15.6
2025-06-12 04:33:00,51.8
2025-06-12 23:08:00,49.732274758880266
2025-06-12 09:59:00,38.9
2025-06-12 18:28:00,41.7
2025-06-12 05:54:00,44.7
2025-06-12 02:15:00,82.6
2025-06-12 21:58:00,59.9
2025-06-12 18:52:00,75.5
2025-06-12 07:01:00,16.2
2025-06-12 11:39:00,7.9
2025-06-12 19:41:00,85.0
2025-06-12 23:53:00,74.9
2025-06-12 11:53:00,90.4
2025-06-12 13:43:00,49.732274758880266
2025-06-12 15:47:00,6.3
2025-06-12 00:31:00,42.1
2025-06-12 17:40:00,49.732274758880266
2025-06-12 09:40:00,56.4
2025-06-12 21:53:00,70.1
2025-06-12 06:58:00,72.7
2025-06-12 23:10:00,88.8
2025-06-12 01:12:00,46.7
2025-06-12 07:28:00,62.9
2025-06-12 03:40:00,80.0
2025-06-12 18:02:00,49.732274758880266
2025-06-12 13:42:00,52.0
2025-06-12 00:18:00,68.4
2025-06-12 06:58:00,84.9
2025-06-12 18:34:00,32.5
2025-06-12 05:26:00,80.2
2025-06-12 10:28:00,43.8
2025-06-12 11:16:00,48.4
2025-06-12 21:26:00,80.0
2025-06-12 02:08:00,66.3
2025-06-12 00:52:00,48.0
2025-06-12 15:50:00,19.9
2025-06-12 08:34:00,61.7
2025-06-12 17:44:00,82.9
2025-06-12 10:26:00,8.2
2025-06-12 11:18:00,64.1
2025-06-12 09:21:00,66.7
2025-06-12 08:02:00,43.4
2025-06-12 00:25:00,25.2
2025-06-12 02:02:00,49.732274758880266
2025-06-12 16:22:00,17.0
2025-06-12 06:44:00,7.7
2025-06-12 19:09:00,76.6
2025-06-12 13:19:00,49.732274758880266
2025-06-12 10:49:00,48.5
2025-06-12 20:14:00,30.5
2025-06-12 03:00:00,43.1
2025-06-12 05:24:00,63.5
2025-06-12 18:41:00,76.4
2025-06-12 07:20:00,50.8
2025-06-12 04:07:00,31.1
2025-06-12 02:07:00,63.4
2025-06-12 08:21:00,37.4
2025-06-12 13:29:00,76.8
2025-06-12 14:46:00,66.6
2025-06-12 22:18:00,48.2
2025-06-12 18:05:00,96.6
2025-06-12 03:32:00,49.732274758880266
2025-06-12 11:32:00,46.0
2025-06-12 18:25:00,60.2
2025-06-12 20:10:00,55.9
2025-06-12 04:36:00,6.6
2025-06-12 19:09:00,24.8
2025-06-12 02:54:00,49.732274758880266
2025-06-12 16:21:00,11.9
2025-06-12 19:29:00,42.8
2025-06-12 08:05:00,42.0
2025-06-12 10:17:00,48.0
2025-06-12 12:48:00,71.6
2025-06-12 03:33:00,11.5
2025-06-12 20:53:00,49.732274758880266
2025-06-12 18:26:00,7.5
2025-06-12 23:00:00,93.5
2025-06-12 11:57:00,7.1
2025-06-12 20:48:00,37.1
2025-06-12 15:42:00,54.5
2025-06-12 03:34:00,21.0
2025-06-12 19:04:00,54.5
2025-06-12 15:14:00,31.4
2025-06-12 14:30:00,94.2
2025-06-12 17:35:00,93.5
2025-06-12 00:25:00,49.732274758880266
2025-06-12 22:18:00,75.1
2025-06-12 01:08:00,15.2
2025-06-12 15:42:00,63.0
2025-06-12 04:25:00,49.732274758880266
2025-06-12 10:21:00,30.3
2025-06-12 02:55:00,49.732274758880266
2025-06-12 04:29:00,86.2
2025-06-12 03:58:00,12.6
2025-06-12 00:27:00,89.4
2025-06-12 16:49:00,90.0
2025-06-12 07:08:00,42.8
2025-06-12 05:46:00,49.732274758880266
2025-06-12 18:20:00,59.3
2025-06-12 01:16:00,49.732274758880266
2025-06-12 16:22:00,47.9
2025-06-12 13:21:00,25.5
2025-06-12 02:16:00,80.6
2025-06-12 16:14:00,44.3
2025-06-12 06:28:00,7.8
2025-06-12 15:03:00,42.7
2025-06-12 15:26:00,63.1
2025-06-12 11:39:00,30.0
2025-06-12 20:17:00,49.732274758880266
2025-06-12 08:52:00,76.5
2025-06-12 12:12:00,76.1
2025-06-12 12:48:00,65.9
2025-06-12 07:54:00,39.8
2025-06-12 10:59:00,63.6
2025-06-12 20:24:00,97.9
2025-06-12 22:19:00,37.9
2025-06-12 18:32:00,57.6
2025-06-12 12:56:00,33.8
2025-06-12 17:07:00,49.732274758880266
2025-06-12 21:22:00,3.3
2025-06-12 03:54:00,76.1
2025-06-12 17:42:00,58.6
2025-06-12 18:54:00,30.1
2025-06-12 01:20:00,39.2
2025-06-12 22:21:00,10.4
2025-06-12 10:49:00,70.5
2025-06-12 21:24:00,15.1
2025-06-12 06:32:00,79.1
2025-06-12 23:58:00,77.5
2025-06-12 00:36:00,49.732274758880266
2025-06-12 06:45:00,43.7
2025-06-12 14:20:00,0.3
2025-06-12 15:32:00,40.1
2025-06-12 11:58:00,49.732274758880266
2025-06-12 10:24:00,49.732274758880266
2025-06-12 13:15:00,76.8
2025-06-12 04:23:00,10.5
2025-06-12 23:29:00,60.8
2025-06-12 22:23:00,7.5
2025-06-12 12:53:00,34.9
2025-06-12 21:00:00,81.9
2025-06-12 19:07:00,12.5
2025-06-12 22:14:00,15.8
2025-06-12 20:27:00,51.2
2025-06-12 16:49:00,42.9
2025-06-12 10:29:00,45.2
2025-06-12 15:58:00,52.6
2025-06-12 17:56:00,49.732274758880266
2025-06-12 21:18:00,24.2
2025-06-12 04:49:00,58.9
2025-06-12 06:54:00,94.1
2025-06-12 21:27:00,79.8
2025-06-12 09:28:00,31.2
2025-06-12 20:14:00,68.2
2025-06-12 08:19:00,57.5
2025-06-12 06:30:00,49.732274758880266
2025-06-12 18:46:00,49.732274758880266
2025-06-12 06:05:00,49.732274758880266
2025-06-12 10:31:00,49.732274758880266
2025-06-12 18:19:00,52.0
2025-06-12 23:19:00,47.5
2025-06-12 10:45:00,49.732274758880266
2025-06-12 12:31:00,49.732274758880266
2025-06-12 13:06:00,4.6
2025-06-12 08:54:00,76.1
2025-06-12 10:02:00,33.2
2025-06-12 08:38:00,49.4
2025-06-12 08:45:00,97.3
2025-06-12 07:37:00,70.9
2025-06-12 16:35:00,15.6
2025-06-12 22:14:00,5.9
2025-06-12 00:36:00,96.3
2025-06-12 00:21:00,90.3
2025-06-12 12:11:00,36.8
2025-06-12 06:35:00,30.3
2025-06-12 21:37:00,83.7
2025-06-12 21:52:00,32.5
2025-06-12 05:14:00,71.1
2025-06-12 04:35:00,67.1
2025-06-12 09:51:00,87.9
2025-06-12 18:48:00,5.4
2025-06-12 11:17:00,74.2
2025-06-12 16:28:00,89.4
2025-06-12 21:45:00,31.5
2025-06-12 23:58:00,37.5
2025-06-12 17:31:00,97.5
2025-06-12 15:46:00,64.7
2025-06-12 09:51:00,70.5
2025-06-12 15:08:00,43.0
2025-06-12 12:36:00,28.4
2025-06-12 21:26:00,23.0
2025-06-12 15:28:00,42.7
2025-06-12 16:40:00,49.732274758880266
2025-06-12 10:44:00,22.6
2025-06-12 21:10:00,12.2
2025-06-12 06:58:00,52.3
2025-06-12 05:24:00,32.0
2025-06-12 08:18:00,49.6
2025-06-12 07:22:00,29.2
2025-06-12 16:09:00,78.6
2025-06-12 08:45:00,10.6
2025-06-12 21:13:00,69.1
2025-06-12 13:16:00,42.7
2025-06-12 16:07:00,1.4
2025-06-12 22:13:00,99.2
2025-06-12 19:36:00,34.0
2025-06-12 02:39:00,56.3
2025-06-12 22:00:00,57.4
2025-06-12 02:52:00,56.1
2025-06-12 17:07:00,42.0
2025-06-12 00:37:00,73.4
2025-06-12 03:33:00,13.5
2025-06-12 19:40:00,49.732274758880266
2025-06-12 15:35:00,85.5
2025-06-12 15:29:00,49.732274758880266
2025-06-12 11:40:00,49.732274758880266
2025-06-12 02:23:00,2.9
2025-06-12 04:05:00,97.7
2025-06-12 21:34:00,49.732274758880266
2025-06-12 17:57:00,49.732274758880266
2025-06-12 15:10:00,34.7
2025-06-12 08:29:00,58.2
2025-06-12 06:28:00,49.732274758880266
2025-06-12 17:23:00,71.7
2025-06-12 03:15:00,98.6
2025-06-12 11:45:00,16.1
2025-06-12 13:32:00,82.6
2025-06-12 18:20:00,11.4
2025-06-12 22:07:00,43.0
2025-06-12 02:06:00,8.9
2025-06-12 15:31:00,88.5
2025-06-12 03:04:00,81.7
2025-06-12 23:03:00,21.6
2025-06-12 14:01:00,53.6
2025-06-12 08:26:00,68.8
2025-06-12 08:12:00,58.8
2025-06-12 02:45:00,55.5
2025-06-12 19:45:00,28.0
2025-06-12 02:53:00,49.732274758880266
2025-06-12 02:35:00,12.6
2025-06-12 19:22:00,2.9
2025-06-12 20:03:00,6.6
2025-06-12 19:31:00,49.38053801169591
2025-06-12 08:09:00,72.3
2025-06-12 07:43:00,49.38053801169591
2025-06-12 11:24:00,4.0
2025-06-12 12:11:00,49.38053801169591
2025-06-12 13:07:00,32.7
2025-06-12 01:01:00,88.7
2025-06-12 22:13:00,10.3
2025-06-12 11:22:00,73.3
2025-06-12 19:52:00,24.8
2025-06-12 15:58:00,81.5
2025-06-12 16:44:00,70.8
2025-06-12 21:48:00,99.5
2025-06-12 11:58:00,19.6
2025-06-12 15:44:00,17.3
2025-06-12 01:09:00,87.9
2025-06-12 10:42:00,70.9
2025-06-12 02:11:00,5.4
2025-06-12 09:34:00,82.0
2025-06-12 02:52:00,1.3
2025-06-12 09:28:00,52.3
2025-06-12 15:01:00,82.6
2025-06-12 21:52:00,64.7
2025-06-12 09:45:00,64.0
2025-06-12 15:06:00,49.38053801169591
2025-06-12 23:32:00,17.5
2025-06-12 02:31:00,58.7
2025-06-12 23:43:00,96.8
2025-06-12 02:06:00,14.2
2025-06-12 19:21:00,45.4
2025-06-12 20:23:00,33.7
2025-06-12 17:21:00,49.38053801169591
2025-06-12 05:55:00,32.7
2025-06-12 01:09:00,86.7
2025-06-12 20:25:00,33.2
2025-06-12 12:43:00,14.4
2025-06-12 05:29:00,17.4
2025-06-12 18:21:00,36.2
2025-06-12 16:17:00,24.5
2025-06-12 17:37:00,41.8
2025-06-12 19:25:00,84.4
2025-06-12 22:18:00,54.8
2025-06-12 21:11:00,42.4
2025-06-12 05:48:00,67.2
2025-06-12 10:27:00,15.3
2025-06-12 04:27:00,84.6
2025-06-12 07:19:00,96.1
2025-06-12 02:57:00,73.3
2025-06-12 23:36:00,36.9
2025-06-12 17:57:00,15.8
2025-06-12 05:59:00,71.0
2025-06-12 20:55:00,95.4
2025-06-12 08:12:00,85.4
2025-06-12 19:33:00,50.9
2025-06-12 04:28:00,55.7
2025-06-12 14:48:00,97.4
2025-06-12 13:23:00,50.2
2025-06-12 11:11:00,63.5
2025-06-12 23:37:00,56.1
2025-06-12 01:32:00,8.8
2025-06-12 03:05:00,69.9
2025-06-12 03:56:00,14.0
2025-06-12 23:38:00,49.38053801169591
2025-06-12 12:34:00,9.4
2025-06-12 16:30:00,86.8
2025-06-12 16:57:00,49.38053801169591
2025-06-12 15:15:00,76.4
2025-06-12 12:22:00,14.5
2025-06-12 18:57:00,45.8
2025-06-12 23:36:00,19.4
2025-06-12 12:40:00,49.38053801169591
2025-06-12 20:42:00,29.8
2025-06-12 11:22:00,84.0
2025-06-12 19:03:00,44.2
2025-06-12 13:12:00,14.2
2025-06-12 18:09:00,49.5
2025-06-12 08:00:00,33.3
2025-06-12 05:54:00,78.1
2025-06-12 19:17:00,36.6
2025-06-12 08:44:00,29.1
2025-06-12 06:06:00,6.9
2025-06-12 03:48:00,92.9
2025-06-12 20:45:00,83.9
2025-06-12 21:47:00,71.2
2025-06-12 10:50:00,49.38053801169591
2025-06-12 23:07:00,22.5
2025-06-12 20:16:00,75.9
2025-06-12 21:54:00,49.38053801169591
2025-06-12 16:44:00,41.6
2025-06-12 11:57:00,75.0
2025-06-12 02:40:00,49.38053801169591
2025-06-12 19:08:00,20.3
2025-06-12 02:54:00,9.7
2025-06-12 06:00:00,89.1
2025-06-12 14:41:00,25.4
2025-06-12 21:15:00,45.0
2025-06-12 19:37:00,15.4
2025-06-12 17:28:00,49.38053801169591
2025-06-12 15:11:00,46.3
2025-06-12 13:35:00,8.6
2025-06-12 17:17:00,82.4
2025-06-12 18:53:00,4.4
2025-06-12 10:46:00,44.2
2025-06-12 20:50:00,49.38053801169591
2025-06-12 22:12:00,74.2
2025-06-12 17:35:00,47.1
2025-06-12 07:01:00,49.38053801169591
2025-06-12 07:11:00,63.2
2025-06-12 17:31:00,52.8
2025-06-12 06:51:00,49.38053801169591
2025-06-12 21:46:00,49.38053801169591
2025-06-12 20:44:00,49.38053801169591
2025-06-12 01:28:00,49.38053801169591
2025-06-12 18:16:00,33.3
2025-06-12 00:15:00,49.38053801169591
2025-06-12 13:12:00,68.1
2025-06-12 13:39:00,86.1
2025-06-12 17:46:00,52.3
2025-06-12 16:43:00,98.0
2025-06-12 12:54:00,49.38053801169591
2025-06-12 05:58:00,79.2
2025-06-12 09:52:00,49.38053801169591
2025-06-12 12:32:00,25.8
2025-06-12 14:08:00,49.2
2025-06-12 04:00:00,49.38053801169591
2025-06-12 14:21:00,49.38053801169591
2025-06-12 11:45:00,49.38053801169591
2025-06-12 08:51:00,75.0
2025-06-12 08:06:00,73.7
2025-06-12 22:27:00,80.7
2025-06-12 00:29:00,67.4
2025-06-12 19:36:00,88.7
2025-06-12 16:45:00,42.5
2025-06-12 14:17:00,59.6
2025-06-12 22:55:00,69.3
2025-06-12 14:51:00,50.0
2025-06-12 16:17:00,54.7
2025-06-12 11:46:00,49.38053801169591
2025-06-12 01:10:00,49.1
2025-06-12 08:54:00,17.5
2025-06-12 07:06:00,97.2
2025-06-12 06:33:00,3.0
2025-06-12 16:24:00,52.2
2025-06-12 14:25:00,87.9
2025-06-12 14:24:00,76.2
2025-06-12 10:27:00,68.6
2025-06-12 23:29:00,57.7
2025-06-12 16:31:00,82.3
2025-06-12 08:45:00,49.38053801169591
2025-06-12 22:39:00,74.3
2025-06-12 05:04:00,4.6
2025-06-12 15:57:00,13.3
2025-06-12 14:26:00,30.7
2025-06-12 14:23:00,17.3
2025-06-12 23:41:00,29.3
2025-06-12 14:19:00,49.38053801169591
2025-06-12 23:12:00,84.4
2025-06-12 05:08:00,87.9
2025-06-12 16:26:00,21.0
2025-06-12 08:29:00,23.9
2025-06-12 05:23:00,29.0
2025-06-12 02:36:00,49.38053801169591
2025-06-12 17:32:00,26.2
2025-06-12 14:11:00,92.0
2025-06-12 09:55:00,96.5
2025-06-12 11:00:00,37.5
2025-06-12 10:32:00,60.7
2025-06-12 16:51:00,96.6
2025-06-12 08:22:00,2.2
2025-06-12 10:18:00,37.7
2025-06-12 13:30:00,14.5
2025-06-12 11:00:00,79.6
2025-06-12 13:02:00,32.2
2025-06-12 21:32:00,77.8
2025-06-12 01:31:00,47.5
2025-06-12 07:49:00,18.2
2025-06-12 10:09:00,94.2
2025-06-12 15:28:00,53.5
2025-06-12 05:15:00,93.9
2025-06-12 02:02:00,7.2
2025-06-12 16:34:00,37.7
2025-06-12 18:06:00,42.9
2025-06-12 12:23:00,53.4
2025-06-12 06:40:00,61.9
2025-06-12 01:05:00,46.7
2025-06-12 22:35:00,40.7
2025-06-12 12:27:00,59.5
2025-06-12 08:28:00,13.1
2025-06-12 21:54:00,28.2
2025-06-12 20:57:00,59.5
2025-06-12 10:08:00,46.6
2025-06-12 18:22:00,84.5
2025-06-12 13:52:00,48.8
2025-06-12 00:16:00,39.5
2025-06-12 05:18:00,4.5
2025-06-12 20:21:00,16.6
2025-06-12 19:15:00,49.38053801169591
2025-06-12 09:49:00,32.2
2025-06-12 07:31:00,90.5
2025-06-12 15:34:00,27.7
2025-06-12 17:52:00,77.0
2025-06-12 19:24:00,1.7
2025-06-12 19:47:00,58.1
2025-06-12 15:21:00,47.2
2025-06-12 04:39:00,60.9
2025-06-12 21:15:00,68.7
2025-06-12 03:06:00,23.8
2025-06-12 23:54:00,0.6
2025-06-12 20:28:00,24.1
2025-06-12 19:17:00,49.38053801169591
2025-06-12 00:28:00,40.3
2025-06-12 21:14:00,67.6
2025-06-12 05:56:00,49.38053801169591
2025-06-12 09:57:00,27.1
2025-06-12 03:48:00,4.4
2025-06-12 22:01:00,90.9
2025-06-12 18:27:00,0.4
2025-06-12 14:07:00,18.3
2025-06-12 19:58:00,49.38053801169591
2025-06-12 08:02:00,69.4
2025-06-12 03:57:00,77.7
2025-06-12 22:36:00,86.3
2025-06-12 20:09:00,25.0
2025-06-12 12:21:00,62.9
2025-06-12 06:03:00,8.0
2025-06-12 20:47:00,27.2
2025-06-12 07:42:00,88.4
2025-06-12 04:26:00,11.9
2025-06-12 09:46:00,90.5
2025-06-12 11:19:00,94.0
2025-06-12 05:06:00,21.3
2025-06-12 01:54:00,64.4
2025-06-12 18:11:00,83.8
2025-06-12 03:51:00,68.3
2025-06-12 21:12:00,76.8
2025-06-12 07:03:00,22.4
2025-06-12 10:49:00,1.4
2025-06-12 00:06:00,4.3
2025-06-12 02:49:00,39.6
2025-06-12 23:27:00,0.9
2025-06-12 14:41:00,75.3
2025-06-12 12:01:00,27.9
2025-06-12 03:56:00,55.5
2025-06-12 02:31:00,40.3
2025-06-12 10:36:00,42.4
2025-06-12 02:52:00,56.9
2025-06-12 11:16:00,49.38053801169591
2025-06-12 19:11:00,79.9
2025-06-12 16:33:00,49.38053801169591
2025-06-12 18:17:00,56.7
2025-06-12 16:29:00,49.38053801169591
2025-06-12 01:27:00,42.0
2025-06-12 17:08:00,23.7
2025-06-12 09:59:00,78.1
2025-06-12 13:11:00,67.3
2025-06-12 14:27:00,50.7
2025-06-12 04:42:00,9.3
2025-06-12 18:01:00,52.6
2025-06-12 08:52:00,43.6
2025-06-12 07:42:00,47.9
2025-06-12 03:00:00,37.5
2025-06-12 11:17:00,29.3
2025-06-12 15:12:00,30.4
2025-06-12 10:30:00,62.5
2025-06-12 02:49:00,55.5
2025-06-12 20:29:00,87.9
2025-06-12 05:30:00,87.8
2025-06-12 18:00:00,94.5
2025-06-12 15:12:00,28.7
2025-06-12 01:18:00,59.3
2025-06-12 08:16:00,22.1
2025-06-12 02:52:00,0.2
2025-06-12 09:53:00,49.38053801169591
2025-06-12 23:48:00,98.7
2025-06-12 03:57:00,73.8
2025-06-12 19:20:00,49.38053801169591
2025-06-12 01:43:00,44.7
2025-06-12 03:24:00,66.0
2025-06-12 07:05:00,22.7
2025-06-12 02:43:00,17.5
2025-06-12 12:44:00,49.38053801169591
2025-06-12 22:20:00,71.5
2025-06-12 07:32:00,50.4
2025-06-12 20:45:00,49.38053801169591
2025-06-12 19:24:00,85.0
2025-06-12 04:31:00,80.3
2025-06-12 08:20:00,88.9
2025-06-12 07:12:00,51.0
2025-06-12 04:20:00,39.6
2025-06-12 17:45:00,49.38053801169591
2025-06-12 05:35:00,11.3
2025-06-12 00:51:00,86.0
2025-06-12 21:06:00,33.0
2025-06-12 05:12:00,63.0
2025-06-12 07:17:00,7.2
2025-06-12 15:47:00,6.8
2025-06-12 11:59:00,39.7
2025-06-12 05:31:00,1.7
2025-06-12 11:13:00,55.8
2025-06-12 16:42:00,49.38053801169591
2025-06-12 19:01:00,22.3
2025-06-12 03:41:00,32.0
2025-06-12 14:01:00,85.0
2025-06-12 14:52:00,39.4
2025-06-12 14:13:00,49.38053801169591
2025-06-12 01:49:00,49.38053801169591
2025-06-12 12:02:00,81.6
2025-06-12 16:52:00,79.6
2025-06-12 04:06:00,98.0
2025-06-12 19:59:00,7.6
2025-06-12 22:59:00,49.38053801169591
2025-06-12 03:40:00,49.38053801169591
2025-06-12 09:09:00,17.0
2025-06-12 05:52:00,31.4
2025-06-12 00:11:00,99.0
2025-06-12 20:55:00,39.2
2025-06-12 00:25:00,92.0
2025-06-12 19:15:00,4.3
2025-06-12 14:54:00,85.4
2025-06-12 18:45:00,52.2
2025-06-12 12:33:00,41.1
2025-06-12 17:55:00,26.4
2025-06-12 15:50:00,2.0
2025-06-12 01:56:00,63.5
2025-06-12 18:44:00,19.3
2025-06-12 23:24:00,28.3
2025-06-12 19:09:00,44.4
2025-06-12 17:57:00,88.1
2025-06-12 16:12:00,49.38053801169591
2025-06-12 15:16:00,46.6
2025-06-12 05:11:00,44.4
2025-06-12 01:03:00,0.9
2025-06-12 23:30:00,44.6
2025-06-12 05:50:00,0.7
2025-06-12 20:57:00,66.1
2025-06-12 13:06:00,17.6
2025-06-12 18:07:00,83.8
2025-06-12 10:51:00,80.2
2025-06-12 13:52:00,31.7
2025-06-12 07:00:00,78.2
2025-06-12 07:58:00,24.6
2025-06-12 12:31:00,73.4
2025-06-12 08:36:00,25.3
2025-06-12 08:06:00,70.0
2025-06-12 22:35:00,49.38053801169591
2025-06-12 08:33:00,70.7
2025-06-12 06:51:00,52.2
2025-06-12 23:39:00,50.4
2025-06-12 12:21:00,63.8
2025-06-12 01:37:00,7.3
2025-06-12 00:26:00,84.9
2025-06-12 09:52:00,78.5
2025-06-12 17:47:00,61.1
2025-06-12 07:31:00,20.0
2025-06-12 11:45:00,57.0
2025-06-12 07:42:00,95.9
2025-06-12 20:53:00,57.5
2025-06-12 22:03:00,26.6
2025-06-12 05:48:00,0.8
2025-06-12 05:46:00,65.3
2025-06-12 11:03:00,92.4
2025-06-12 05:04:00,49.594186729301235
2025-06-12 07:59:00,26.3
2025-06-12 19:51:00,49.594186729301235
2025-06-12 00:54:00,99.5
2025-06-12 17:48:00,56.9
2025-06-12 21:11:00,38.5
2025-06-12 09:42:00,59.9
2025-06-12 16:14:00,14.1
2025-06-12 02:21:00,14.9
2025-06-12 19:41:00,77.3
2025-06-12 08:08:00,66.0
2025-06-12 13:29:00,49.594186729301235
2025-06-12 03:44:00,40.5
2025-06-12 02:40:00,79.6
2025-06-12 01:41:00,25.0
2025-06-12 11:59:00,43.8
2025-06-12 03:26:00,61.6
2025-06-12 06:37:00,48.5
2025-06-12 22:10:00,44.7
2025-06-12 07:50:00,39.3
2025-06-12 23:24:00,24.5
2025-06-12 23:04:00,32.1
2025-06-12 16:16:00,17.3
2025-06-12 04:13:00,56.7
2025-06-12 08:00:00,49.594186729301235
2025-06-12 11:17:00,86.9
2025-06-12 13:05:00,49.594186729301235
2025-06-12 19:05:00,14.4
2025-06-12 13:21:00,60.9
2025-06-12 14:51:00,15.4
2025-06-12 17:35:00,64.6
2025-06-12 13:24:00,85.7
2025-06-12 10:44:00,61.6
2025-06-12 22:11:00,76.2
2025-06-12 21:15:00,12.9
2025-06-12 10:52:00,69.3
2025-06-12 04:59:00,49.594186729301235
2025-06-12 10:35:00,52.4
2025-06-12 07:45:00,72.2
2025-06-12 19:04:00,54.4
2025-06-12 04:59:00,5.8
2025-06-12 07:01:00,54.7
2025-06-12 23:36:00,70.8
2025-06-12 17:38:00,49.594186729301235
2025-06-12 10:26:00,49.594186729301235
2025-06-12 05:32:00,49.594186729301235
2025-06-12 09:27:00,93.0
2025-06-12 10:39:00,66.9
2025-06-12 16:55:00,28.3
2025-06-12 17:27:00,63.4
2025-06-12 14:46:00,0.9
2025-06-12 14:43:00,60.4
2025-06-12 15:15:00,13.2
2025-06-12 20:00:00,66.4
2025-06-12 10:50:00,71.5
2025-06-12 10:47:00,87.6
2025-06-12 02:13:00,44.5
2025-06-12 01:28:00,64.9
2025-06-12 23:31:00,1.7
2025-06-12 16:01:00,26.7
2025-06-12 03:13:00,28.4
2025-06-12 01:52:00,49.594186729301235
2025-06-12 02:56:00,1.6
2025-06-12 13:51:00,86.3
2025-06-12 23:33:00,9.4
2025-06-12 19:41:00,87.5
2025-06-12 16:58:00,14.2
2025-06-12 15:54:00,92.4
2025-06-12 11:38:00,11.7
2025-06-12 09:58:00,49.594186729301235
2025-06-12 21:28:00,32.4
2025-06-12 22:05:00,49.594186729301235
2025-06-12 03:42:00,49.594186729301235
2025-06-12 17:46:00,43.5
2025-06-12 12:07:00,67.8
2025-06-12 14:08:00,49.594186729301235
2025-06-12 08:52:00,50.9
2025-06-12 06:59:00,0.8
2025-06-12 21:27:00,5.2
2025-06-12 09:45:00,49.594186729301235
2025-06-12 08:03:00,49.594186729301235
2025-06-12 17:33:00,49.594186729301235
2025-06-12 02:11:00,64.3
2025-06-12 23:09:00,96.1
2025-06-12 02:18:00,0.5
2025-06-12 16:24:00,62.2
2025-06-12 00:10:00,41.4
2025-06-12 06:54:00,1.5
2025-06-12 05:22:00,49.594186729301235
2025-06-12 23:52:00,90.8
2025-06-12 00:16:00,72.5
2025-06-12 02:58:00,81.1
2025-06-12 05:19:00,56.4
2025-06-12 11:54:00,50.5
2025-06-12 08:18:00,80.6
2025-06-12 22:29:00,74.3
2025-06-12 01:57:00,83.1
2025-06-12 09:05:00,49.594186729301235
2025-06-12 09:49:00,48.7
2025-06-12 10:59:00,49.4
2025-06-12 00:11:00,23.2
2025-06-12 13:30:00,32.1
2025-06-12 12:01:00,99.6
2025-06-12 22:54:00,78.3
2025-06-12 02:37:00,2.7
2025-06-12 06:02:00,7.0
2025-06-12 22:38:00,27.8
2025-06-12 03:14:00,82.4
2025-06-12 22:37:00,49.594186729301235
2025-06-12 10:14:00,21.3
2025-06-12 14:39:00,91.9
2025-06-12 09:43:00,36.8
2025-06-12 07:36:00,26.7
2025-06-12 16:39:00,60.6
2025-06-12 04:30:00,55.9
2025-06-12 10:22:00,10.7
2025-06-12 05:22:00,81.0
2025-06-12 15:29:00,50.3
2025-06-12 21:17:00,79.0
2025-06-12 07:23:00,20.0
2025-06-12 02:52:00,71.6
2025-06-12 11:02:00,49.594186729301235
2025-06-12 18:24:00,86.3
2025-06-12 00:21:00,39.1
2025-06-12 19:46:00,54.8
2025-06-12 07:09:00,18.4
2025-06-12 04:45:00,95.4
2025-06-12 10:55:00,42.3
2025-06-12 03:27:00,17.6
2025-06-12 06:01:00,12.8
2025-06-12 13:02:00,49.594186729301235
2025-06-12 21:34:00,5.3
2025-06-12 13:18:00,88.5
2025-06-12 00:08:00,72.2
2025-06-12 14:30:00,49.594186729301235
2025-06-12 02:02:00,18.3
2025-06-12 00:33:00,43.6
2025-06-12 00:23:00,1.4
2025-06-12 12:14:00,54.3
2025-06-12 11:55:00,65.9
2025-06-12 19:56:00,18.0
2025-06-12 13:28:00,49.594186729301235
2025-06-12 00:43:00,63.9
2025-06-12 15:06:00,35.9
2025-06-12 03:57:00,38.2
2025-06-12 02:43:00,7.7
2025-06-12 08:54:00,77.0
2025-06-12 10:51:00,49.594186729301235
2025-06-12 11:38:00,38.8
2025-06-12 21:23:00,90.4
2025-06-12 02:03:00,55.0
2025-06-12 02:02:00,3.9
2025-06-12 04:58:00,49.594186729301235
2025-06-12 17:00:00,8.2
2025-06-12 20:26:00,70.9
2025-06-12 19:49:00,57.5
2025-06-12 14:50:00,8.6
2025-06-12 22:29:00,53.8
2025-06-12 14:56:00,24.7
2025-06-12 18:35:00,24.3
2025-06-12 01:04:00,66.4
2025-06-12 00:08:00,69.2
2025-06-12 02:08:00,62.9
2025-06-12 19:51:00,56.7
2025-06-12 21:42:00,93.1
2025-06-12 10:45:00,87.6
2025-06-12 05:55:00,23.6
2025-06-12 13:03:00,68.8
2025-06-12 16:08:00,66.3
2025-06-12 04:04:00,63.8
2025-06-12 00:37:00,66.7
2025-06-12 09:45:00,49.594186729301235
2025-06-12 02:29:00,88.5
2025-06-12 08:47:00,49.594186729301235
2025-06-12 14:25:00,40.4
2025-06-12 20:06:00,76.4
2025-06-12 04:52:00,52.5
2025-06-12 17:30:00,82.1
2025-06-12 23:24:00,87.0
2025-06-12 16:56:00,31.6
2025-06-12 20:29:00,33.5
2025-06-12 00:51:00,90.9
2025-06-12 06:53:00,51.1
2025-06-12 06:48:00,64.4
2025-06-12 15:01:00,25.8
2025-06-12 08:32:00,20.2
2025-06-12 13:14:00,37.8
2025-06-12 19:34:00,4.4
2025-06-12 20:57:00,12.6
2025-06-12 04:39:00,49.594186729301235
2025-06-12 23:12:00,6.1
2025-06-12 01:54:00,98.1
2025-06-12 23:14:00,6.6
2025-06-12 17:18:00,49.594186729301235
2025-06-12 19:07:00,34.4
2025-06-12 20:32:00,76.6
2025-06-12 07:10:00,81.5
2025-06-12 09:35:00,63.2
2025-06-12 00:16:00,75.6
2025-06-12 01:49:00,31.2
2025-06-12 21:26:00,49.594186729301235
2025-06-12 11:36:00,15.2
2025-06-12 11:31:00,91.9
2025-06-12 20:36:00,1.4
2025-06-12 14:49:00,66.3
2025-06-12 16:48:00,78.8
2025-06-12 18:08:00,87.7
2025-06-12 02:17:00,49.594186729301235
2025-06-12 14:46:00,15.1
2025-06-12 06:17:00,54.3
2025-06-12 15:30:00,87.8
2025-06-12 01:20:00,79.4
2025-06-12 21:44:00,55.6
2025-06-12 02:15:00,99.9
2025-06-12 02:30:00,28.9
2025-06-12 11:40:00,53.7
2025-06-12 22:40:00,26.7
2025-06-12 14:31:00,58.0
2025-06-12 04:10:00,86.6
2025-06-12 14:42:00,49.594186729301235
2025-06-12 02:39:00,46.5
2025-06-12 22:03:00,49.594186729301235
2025-06-12 16:07:00,35.7
2025-06-12 16:22:00,83.3
2025-06-12 19:46:00,9.7
2025-06-12 20:38:00,49.594186729301235
2025-06-12 11:58:00,49.594186729301235
2025-06-12 17:15:00,44.1
2025-06-12 16:30:00,0.2
2025-06-12 11:00:00,55.4
2025-06-12 20:07:00,50.3
2025-06-12 17:23:00,22.8
2025-06-12 07:09:00,43.2
2025-06-12 22:50:00,17.6
2025-06-12 06:10:00,87.4
2025-06-12 18:08:00,87.3
2025-06-12 12:50:00,43.0
2025-06-12 12:20:00,92.1
2025-06-12 14:35:00,40.4
2025-06-12 17:46:00,53.6
2025-06-12 16:55:00,18.3
2025-06-12 17:05:00,96.6
2025-06-12 05:15:00,27.5
2025-06-12 11:05:00,16.8
2025-06-12 21:05:00,24.0
2025-06-12 12:18:00,20.5
2025-06-12 06:19:00,33.9
2025-06-12 18:43:00,94.6
2025-06-12 14:21:00,8.7
2025-06-12 08:09:00,27.7
2025-06-12 07:48:00,96.6
2025-06-12 21:38:00,49.594186729301235
2025-06-12 20:36:00,49.594186729301235
2025-06-12 10:18:00,44.1
2025-06-12 00:42:00,91.3
2025-06-12 05:02:00,77.5
2025-06-12 12:51:00,99.1
2025-06-12 13:52:00,49.594186729301235
2025-06-12 18:56:00,8.0
2025-06-12 12:00:00,0.4
2025-06-12 00:46:00,69.2
2025-06-12 00:03:00,49.3
2025-06-12 00:31:00,17.2
2025-06-12 09:30:00,74.5
2025-06-12 14:31:00,32.5
2025-06-12 02:26:00,20.7
2025-06-12 20:42:00,98.4
2025-06-12 15:06:00,64.1
2025-06-12 12:43:00,49.594186729301235
2025-06-12 19:48:00,21.4
2025-06-12 01:31:00,46.3
2025-06-12 03:38:00,94.3
2025-06-12 04:10:00,49.594186729301235
2025-06-12 14:51:00,7.9
2025-06-12 01:19:00,83.3
2025-06-12 02:08:00,56.5
2025-06-12 17:52:00,98.1
2025-06-12 00:41:00,14.6
2025-06-12 02:13:00,7.9
2025-06-12 02:31:00,49.594186729301235
2025-06-12 08:46:00,41.8
2025-06-12 19:35:00,83.3
2025-06-12 17:41:00,2.4
2025-06-12 05:40:00,67.3
2025-06-12 13:12:00,49.594186729301235
2025-06-12 10:49:00,49.594186729301235
2025-06-12 22:31:00,12.9
2025-06-12 15:22:00,56.9
2025-06-12 03:13:00,49.594186729301235
2025-06-12 13:33:00,49.594186729301235
2025-06-12 13:32:00,34.9
2025-06-12 01:20:00,34.7
2025-06-12 12:21:00,23.0
2025-06-12 22:13:00,87.2
2025-06-12 22:48:00,50.03812089971884
2025-06-12 09:51:00,50.03812089971884
2025-06-12 01:38:00,96.1
2025-06-12 15:59:00,50.03812089971884
2025-06-12 23:56:00,50.03812089971884
2025-06-12 00:16:00,28.8
2025-06-12 15:02:00,60.7
2025-06-12 05:01:00,84.0
2025-06-12 18:31:00,24.9
2025-06-12 10:30:00,50.03812089971884
2025-06-12 07:07:00,91.0
2025-06-12 00:00:00,12.2
2025-06-12 10:49:00,89.1
2025-06-12 10:01:00,5.4
2025-06-12 22:58:00,94.8
2025-06-12 23:14:00,16.1
2025-06-12 13:42:00,50.03812089971884
2025-06-12 12:56:00,60.6
2025-06-12 13:21:00,96.1
2025-06-12 22:54:00,80.6
2025-06-12 14:30:00,50.03812089971884
2025-06-12 16:14:00,80.5
2025-06-12 22:32:00,44.6
2025-06-12 04:38:00,50.03812089971884
2025-06-12 15:32:00,27.8
2025-06-12 10:17:00,62.9
2025-06-12 06:57:00,47.8
2025-06-12 04:33:00,89.3
2025-06-12 04:45:00,41.6
2025-06-12 01:53:00,74.4
2025-06-12 00:49:00,23.3
2025-06-12 16:12:00,69.4
2025-06-12 11:50:00,80.4
2025-06-12 21:59:00,78.7
2025-06-12 19:53:00,5.6
2025-06-12 10:44:00,50.03812089971884
2025-06-12 04:07:00,49.3
2025-06-12 06:35:00,50.03812089971884
2025-06-12 12:49:00,50.03812089971884
2025-06-12 07:12:00,58.8
2025-06-12 08:06:00,18.9
2025-06-12 01:53:00,44.5
2025-06-12 06:49:00,50.03812089971884
2025-06-12 19:18:00,50.03812089971884
2025-06-12 05:16:00,61.3
2025-06-12 12:14:00,36.6
2025-06-12 05:02:00,74.0
2025-06-12 13:03:00,68.9
2025-06-12 08:04:00,12.5
2025-06-12 02:32:00,13.3
2025-06-12 00:42:00,37.2
2025-06-12 09:32:00,40.0
2025-06-12 09:45:00,56.2
2025-06-12 05:03:00,50.03812089971884
2025-06-12 02:42:00,82.4
2025-06-12 18:21:00,29.2
2025-06-12 18:55:00,38.5
2025-06-12 00:17:00,11.3
2025-06-12 17:45:00,19.8
2025-06-12 13:35:00,16.7
2025-06-12 16:30:00,33.9
2025-06-12 05:30:00,99.3
2025-06-12 22:15:00,57.3
2025-06-12 19:10:00,41.5
2025-06-12 22:08:00,30.3
2025-06-12 22:57:00,98.5
2025-06-12 07:36:00,41.9
2025-06-12 11:45:00,44.7
2025-06-12 12:31:00,75.3
2025-06-12 21:48:00,75.8
2025-06-12 03:24:00,74.9
2025-06-12 04:58:00,87.2
2025-06-12 12:24:00,50.03812089971884
2025-06-12 13:43:00,95.5
2025-06-12 00:28:00,47.2
2025-06-12 06:40:00,78.3
2025-06-12 08:45:00,50.03812089971884
2025-06-12 09:19:00,89.6
2025-06-12 00:32:00,64.3
2025-06-12 16:14:00,33.3
2025-06-12 04:31:00,97.7
2025-06-12 11:18:00,69.0
2025-06-12 02:00:00,35.0
2025-06-12 18:01:00,9.9
2025-06-12 18:52:00,50.03812089971884
2025-06-12 04:22:00,18.2
2025-06-12 04:21:00,42.2
2025-06-12 05:42:00,50.03812089971884
2025-06-12 12:39:00,2.2
2025-06-12 20:41:00,82.8
2025-06-12 07:32:00,97.9
2025-06-12 22:49:00,83.4
2025-06-12 17:17:00,50.03812089971884
2025-06-12 11:26:00,50.2
2025-06-12 13:43:00,50.03812089971884
2025-06-12 03:42:00,45.9
2025-06-12 21:26:00,50.03812089971884
2025-06-12 17:29:00,50.03812089971884
2025-06-12 11:01:00,11.4
2025-06-12 21:28:00,44.0
2025-06-12 20:02:00,44.3
2025-06-12 03:14:00,50.03812089971884
2025-06-12 03:23:00,88.8
2025-06-12 23:19:00,95.6
2025-06-12 04:35:00,50.03812089971884
2025-06-12 11:51:00,50.03812089971884
2025-06-12 23:49:00,95.2
2025-06-12 10:39:00,52.4
2025-06-12 23:19:00,17.6
2025-06-12 04:08:00,50.03812089971884
2025-06-12 08:06:00,34.3
2025-06-12 19:32:00,91.3
2025-06-12 08:03:00,50.03812089971884
2025-06-12 06:04:00,50.03812089971884
2025-06-12 09:34:00,77.1
2025-06-12 19:12:00,50.03812089971884
2025-06-12 16:45:00,64.6
2025-06-12 07:30:00,96.4
2025-06-12 08:46:00,60.4
2025-06-12 16:16:00,50.03812089971884
2025-06-12 23:18:00,6.3
2025-06-12 18:47:00,16.2
2025-06-12 06:21:00,92.6
2025-06-12 11:17:00,59.1
2025-06-12 22:49:00,80.2
2025-06-12 06:42:00,50.03812089971884
2025-06-12 04:01:00,25.6
2025-06-12 04:20:00,77.8
2025-06-12 17:17:00,67.7
2025-06-12 02:19:00,32.8
2025-06-12 20:40:00,7.8
2025-06-12 01:32:00,80.8
2025-06-12 18:34:00,68.2
2025-06-12 03:03:00,50.03812089971884
2025-06-12 03:28:00,50.03812089971884
2025-06-12 19:14:00,29.5
2025-06-12 20:10:00,1.7
2025-06-12 11:35:00,50.03812089971884
2025-06-12 07:39:00,42.9
2025-06-12 17:59:00,52.1
2025-06-12 15:28:00,67.0
2025-06-12 21:42:00,71.3
2025-06-12 08:46:00,86.9
2025-06-12 18:47:00,37.9
2025-06-12 01:31:00,67.1
2025-06-12 07:04:00,99.5
2025-06-12 22:04:00,78.0
2025-06-12 00:03:00,24.9
2025-06-12 20:40:00,97.2
2025-06-12 10:48:00,55.1
2025-06-12 20:47:00,92.6
2025-06-12 08:24:00,18.4
2025-06-12 19:45:00,55.0
2025-06-12 07:38:00,13.4
2025-06-12 08:56:00,31.7
2025-06-12 10:59:00,22.5
2025-06-12 02:14:00,52.9
2025-06-12 14:59:00,63.2
2025-06-12 18:04:00,50.03812089971884
2025-06-12 20:29:00,12.7
2025-06-12 06:26:00,38.3
2025-06-12 02:38:00,16.8
2025-06-12 03:31:00,83.5
2025-06-12 10:12:00,73.0
2025-06-12 05:15:00,3.1
2025-06-12 10:48:00,37.9
2025-06-12 02:37:00,50.03812089971884
2025-06-12 20:27:00,56.1
2025-06-12 14:39:00,22.2
2025-06-12 20:26:00,19.1
2025-06-12 19:43:00,17.6
2025-06-12 22:16:00,73.4
2025-06-12 02:47:00,32.1
2025-06-12 13:34:00,22.6
2025-06-12 06:35:00,75.7
2025-06-12 21:54:00,52.6
2025-06-12 01:29:00,83.9
2025-06-12 14:20:00,80.6
2025-06-12 13:41:00,3.5
2025-06-12 02:18:00,73.4
2025-06-12 09:43:00,5.5
2025-06-12 21:53:00,87.5
2025-06-12 02:58:00,96.2
2025-06-12 01:20:00,81.3
2025-06-12 08:11:00,52.4
2025-06-12 17:36:00,50.03812089971884
2025-06-12 06:07:00,16.1
2025-06-12 02:15:00,73.9
2025-06-12 14:27:00,3.4
2025-06-12 23:46:00,31.5
2025-06-12 18:45:00,10.0
2025-06-12 09:24:00,30.5
2025-06-12 17:16:00,62.3
2025-06-12 19:28:00,27.3
2025-06-12 14:08:00,50.03812089971884
2025-06-12 21:44:00,68.4
2025-06-12 05:08:00,71.5
2025-06-12 15:50:00,2.0
2025-06-12 18:01:00,83.4
2025-06-12 12:02:00,59.5
2025-06-12 11:30:00,81.1
2025-06-12 02:15:00,90.2
2025-06-12 17:37:00,32.7
2025-06-12 06:55:00,0.4
2025-06-12 20:34:00,94.6
2025-06-12 03:59:00,89.7
2025-06-12 13:48:00,50.03812089971884
2025-06-12 03:55:00,99.0
2025-06-12 07:19:00,42.8
2025-06-12 05:50:00,46.3
2025-06-12 11:42:00,84.6
2025-06-12 15:39:00,86.1
2025-06-12 07:47:00,56.6
2025-06-12 06:52:00,79.9
2025-06-12 02:29:00,3.8
2025-06-12 19:33:00,73.7
2025-06-12 21:02:00,59.2
2025-06-12 09:43:00,57.8
2025-06-12 07:21:00,13.3
2025-06-12 12:58:00,95.4
2025-06-12 15:25:00,28.7
2025-06-12 15:57:00,32.7
2025-06-12 03:33:00,19.3
2025-06-12 01:03:00,18.4
2025-06-12 23:52:00,50.03812089971884
2025-06-12 01:04:00,42.2
2025-06-12 07:57:00,20.7
2025-06-12 18:11:00,29.2
2025-06-12 12:53:00,94.2
2025-06-12 06:21:00,50.03812089971884
2025-06-12 10:59:00,47.4
2025-06-12 02:12:00,92.3
2025-06-12 09:52:00,50.03812089971884
2025-06-12 13:19:00,79.0
2025-06-12 11:28:00,50.03812089971884
2025-06-12 12:09:00,79.7
2025-06-12 18:26:00,58.8
2025-06-12 03:12:00,50.03812089971884
2025-06-12 06:01:00,99.1
2025-06-12 17:28:00,59.8
2025-06-12 06:25:00,26.2
2025-06-12 14:42:00,59.5
2025-06-12 18:14:00,50.03812089971884
2025-06-12 16:42:00,73.3
2025-06-12 00:21:00,5.3
2025-06-12 14:46:00,38.0
2025-06-12 16:23:00,89.1
2025-06-12 22:02:00,89.9
2025-06-12 17:33:00,49.0
2025-06-12 19:28:00,89.9
2025-06-12 14:56:00,3.7
2025-06-12 22:18:00,70.8
2025-06-12 18:13:00,63.2
2025-06-12 22:13:00,82.4
2025-06-12 01:12:00,90.9
2025-06-12 08:08:00,55.5
2025-06-12 17:12:00,72.3
2025-06-12 18:16:00,53.9
2025-06-12 12:28:00,5.7
2025-06-12 12:46:00,34.7
2025-06-12 14:36:00,70.9
2025-06-12 08:30:00,28.0
2025-06-12 06:39:00,50.03812089971884
2025-06-12 11:53:00,97.8
2025-06-12 13:00:00,98.7
2025-06-12 14:20:00,99.4
2025-06-12 21:07:00,60.5
2025-06-12 15:11:00,78.7
2025-06-12 15:24:00,23.5
2025-06-12 04:06:00,62.6
2025-06-12 02:11:00,82.6
2025-06-12 11:16:00,29.2
2025-06-12 16:29:00,18.8
2025-06-12 11:13:00,16.6
2025-06-12 11:45:00,51.2
2025-06-12 18:01:00,86.8
2025-06-12 14:14:00,74.3
2025-06-12 07:31:00,33.7
2025-06-12 11:13:00,19.2
2025-06-12 10:25:00,43.9
2025-06-12 12:15:00,28.4
2025-06-12 14:52:00,74.1
2025-06-12 12:41:00,21.5
2025-06-12 14:58:00,7.9
2025-06-12 11:31:00,88.9
2025-06-12 18:42:00,30.2
2025-06-12 08:43:00,30.9
2025-06-12 04:11:00,20.1
2025-06-12 04:45:00,28.5
2025-06-12 00:57:00,77.4
2025-06-12 12:07:00,18.7
2025-06-12 21:48:00,78.7
2025-06-12 02:05:00,60.1
2025-06-12 21:36:00,26.4
2025-06-12 05:26:00,46.2
2025-06-12 08:13:00,58.4
2025-06-12 08:26:00,1.7
2025-06-12 13:07:00,41.3
2025-06-12 18:24:00,74.1
2025-06-12 18:13:00,45.3
2025-06-12 18:39:00,53.8
2025-06-12 20:28:00,0.7
2025-06-12 15:32:00,27.8
2025-06-12 01:23:00,50.03812089971884
2025-06-12 12:00:00,50.03812089971884
2025-06-12 02:08:00,88.9
2025-06-12 19:23:00,65.9
2025-06-12 07:05:00,31.4
2025-06-12 23:07:00,6.3
2025-06-12 15:14:00,50.03812089971884
2025-06-12 10:14:00,92.1
2025-06-12 08:33:00,40.2
2025-06-12 00:20:00,50.03812089971884
2025-06-12 08:03:00,18.8
2025-06-12 19:22:00,28.1
2025-06-12 06:55:00,78.2
2025-06-12 01:43:00,62.1
2025-06-12 11:15:00,53.3
2025-06-12 05:27:00,50.03812089971884
2025-06-12 09:09:00,23.1
2025-06-12 03:30:00,0.4
2025-06-12 14:34:00,40.4
2025-06-12 19:13:00,78.1
2025-06-12 23:02:00,40.6
2025-06-12 00:40:00,68.6
2025-06-12 20:55:00,64.7
2025-06-12 07:41:00,46.9
2025-06-12 06:54:00,15.5
2025-06-12 03:08:00,50.03812089971884
2025-06-12 11:15:00,65.7
2025-06-12 11:55:00,87.9
2025-06-12 17:33:00,4.6
2025-06-12 05:35:00,49.697634180790956
2025-06-12 13:40:00,84.1
2025-06-12 14:09:00,49.697634180790956
2025-06-12 06:32:00,59.4
2025-06-12 21:26:00,78.5
2025-06-12 08:56:00,8.8
2025-06-12 15:24:00,30.9
2025-06-12 19:47:00,49.697634180790956
2025-06-12 08:31:00,54.7
2025-06-12 10:55:00,93.1
2025-06-12 13:53:00,58.8
2025-06-12 16:16:00,89.3
2025-06-12 00:37:00,76.7
2025-06-12 06:35:00,33.3
2025-06-12 08:42:00,7.0
2025-06-12 20:52:00,49.697634180790956
2025-06-12 21:25:00,75.2
2025-06-12 11:36:00,15.8
2025-06-12 16:27:00,49.6
2025-06-12 09:06:00,78.0
2025-06-12 11:17:00,55.4
2025-06-12 21:10:00,63.9
2025-06-12 09:24:00,25.9
2025-06-12 06:48:00,60.8
2025-06-12 09:14:00,79.3
2025-06-12 23:09:00,6.8
2025-06-12 23:04:00,92.1
2025-06-12 20:37:00,61.5
2025-06-12 22:19:00,48.1
2025-06-12 17:13:00,36.3
2025-06-12 22:08:00,81.4
2025-06-12 04:40:00,96.4
2025-06-12 13:49:00,48.7
2025-06-12 22:25:00,83.0
2025-06-12 08:13:00,25.7
2025-06-12 04:09:00,82.4
2025-06-12 18:37:00,10.3
2025-06-12 15:54:00,79.5
2025-06-12 01:39:00,49.697634180790956
2025-06-12 22:31:00,12.3
2025-06-12 19:03:00,36.2
2025-06-12 17:39:00,95.9
2025-06-12 18:22:00,40.8
2025-06-12 20:44:00,74.9
2025-06-12 10:30:00,98.4
2025-06-12 21:55:00,67.9
2025-06-12 20:50:00,22.6
2025-06-12 01:26:00,40.3
2025-06-12 01:34:00,5.2
2025-06-12 07:58:00,49.697634180790956
2025-06-12 03:33:00,95.9
2025-06-12 03:52:00,11.8
2025-06-12 06:32:00,96.6
2025-06-12 04:04:00,48.9
2025-06-12 11:52:00,42.5
2025-06-12 01:38:00,88.9
2025-06-12 06:08:00,40.9
2025-06-12 01:27:00,68.0
2025-06-12 02:10:00,20.2
2025-06-12 19:19:00,49.697634180790956
2025-06-12 19:37:00,76.7
2025-06-12 08:19:00,3.6
2025-06-12 08:12:00,96.7
2025-06-12 23:37:00,5.9
2025-06-12 17:06:00,35.8
2025-06-12 06:51:00,49.697634180790956
2025-06-12 10:47:00,98.2
2025-06-12 14:56:00,34.9
2025-06-12 16:47:00,60.1
2025-06-12 18:10:00,29.0
2025-06-12 02:03:00,58.1
2025-06-12 21:06:00,73.2
2025-06-12 08:20:00,87.2
2025-06-12 20:50:00,91.8
2025-06-12 05:12:00,53.9
2025-06-12 09:29:00,6.0
2025-06-12 11:32:00,85.4
2025-06-12 08:39:00,51.0
2025-06-12 15:52:00,42.2
2025-06-12 00:33:00,11.8
2025-06-12 21:08:00,60.6
2025-06-12 09:48:00,36.7
2025-06-12 12:32:00,0.1
2025-06-12 23:17:00,89.1
2025-06-12 01:24:00,74.5
2025-06-12 04:16:00,28.1
2025-06-12 06:30:00,54.9
2025-06-12 03:37:00,53.4
2025-06-12 17:12:00,64.8
2025-06-12 06:50:00,49.697634180790956
2025-06-12 09:07:00,49.697634180790956
2025-06-12 06:20:00,95.8
2025-06-12 21:16:00,21.6
2025-06-12 19:39:00,94.7
2025-06-12 14:05:00,75.7
2025-06-12 05:07:00,18.6
2025-06-12 08:44:00,3.3
2025-06-12 09:15:00,29.8
2025-06-12 03:22:00,55.0
2025-06-12 08:54:00,49.697634180790956
2025-06-12 00:02:00,49.697634180790956
2025-06-12 16:01:00,3.5
2025-06-12 22:21:00,63.0
2025-06-12 14:59:00,34.1
2025-06-12 18:00:00,26.4
2025-06-12 13:29:00,3.7
2025-06-12 11:51:00,75.2
2025-06-12 15:45:00,15.3
2025-06-12 19:36:00,5.2
2025-06-12 07:10:00,46.7
2025-06-12 01:55:00,11.8
2025-06-12 09:19:00,12.6
2025-06-12 01:13:00,49.697634180790956
2025-06-12 14:28:00,3.2
2025-06-12 01:06:00,29.4
2025-06-12 21:37:00,15.4
2025-06-12 14:43:00,29.1
2025-06-12 01:02:00,49.697634180790956
2025-06-12 19:03:00,4.8
2025-06-12 09:20:00,35.8
2025-06-12 01:30:00,18.7
2025-06-12 09:55:00,83.2
2025-06-12 01:03:00,84.8
2025-06-12 13:41:00,41.6
2025-06-12 14:02:00,38.4
2025-06-12 01:50:00,84.5
2025-06-12 13:31:00,0.6
2025-06-12 03:02:00,49.697634180790956
2025-06-12 21:58:00,58.3
2025-06-12 09:23:00,49.697634180790956
2025-06-12 08:35:00,53.5
2025-06-12 14:12:00,88.0
2025-06-12 05:15:00,40.2
2025-06-12 07:58:00,22.1
2025-06-12 13:35:00,94.8
2025-06-12 09:11:00,99.0
2025-06-12 17:47:00,69.6
2025-06-12 19:00:00,1.0
2025-06-12 05:23:00,74.9
2025-06-12 05:15:00,58.3
2025-06-12 06:42:00,18.9
2025-06-12 04:45:00,60.6
2025-06-12 15:57:00,38.2
2025-06-12 16:32:00,18.3
2025-06-12 04:37:00,88.0
2025-06-12 12:43:00,41.2
2025-06-12 07:35:00,17.7
2025-06-12 12:26:00,49.697634180790956
2025-06-12 19:42:00,73.3
2025-06-12 08:03:00,97.4
2025-06-12 22:42:00,97.6
2025-06-12 21:17:00,63.9
2025-06-12 18:44:00,49.697634180790956
2025-06-12 09:39:00,45.4
2025-06-12 19:40:00,71.9
2025-06-12 11:51:00,72.0
2025-06-12 18:26:00,41.8
2025-06-12 14:37:00,88.6
2025-06-12 23:10:00,5.0
2025-06-12 02:29:00,43.5
2025-06-12 22:36:00,50.6
2025-06-12 18:35:00,0.7
2025-06-12 19:56:00,12.7
2025-06-12 22:56:00,67.5
2025-06-12 13:40:00,76.7
2025-06-12 06:14:00,61.9
2025-06-12 12:34:00,57.5
2025-06-12 06:17:00,7.3
2025-06-12 22:42:00,16.8
2025-06-12 08:55:00,13.6
2025-06-12 02:47:00,49.697634180790956
2025-06-12 09:17:00,10.2
2025-06-12 06:08:00,61.6
2025-06-12 11:55:00,15.1
2025-06-12 03:17:00,62.9
2025-06-12 13:10:00,43.4
2025-06-12 11:37:00,62.0
2025-06-12 05:46:00,49.4
2025-06-12 08:17:00,44.4
2025-06-12 18:19:00,5.8
2025-06-12 02:23:00,84.5
2025-06-12 09:50:00,8.4
2025-06-12 03:56:00,78.5
2025-06-12 18:49:00,49.697634180790956
2025-06-12 14:24:00,71.3
2025-06-12 19:59:00,73.9
2025-06-12 08:32:00,30.0
2025-06-12 10:37:00,72.4
2025-06-12 17:20:00,97.5
2025-06-12 12:46:00,49.697634180790956
2025-06-12 21:55:00,18.7
2025-06-12 23:11:00,49.697634180790956
2025-06-12 00:58:00,93.7
2025-06-12 18:11:00,49.697634180790956
2025-06-12 16:41:00,89.5
2025-06-12 12:15:00,82.1
2025-06-12 20:56:00,52.2
2025-06-12 10:43:00,43.2
2025-06-12 20:40:00,15.8
2025-06-12 08:49:00,42.6
2025-06-12 04:30:00,93.5
2025-06-12 20:21:00,7.6
2025-06-12 20:27:00,28.8
2025-06-12 12:41:00,21.2
2025-06-12 06:17:00,49.697634180790956
2025-06-12 17:08:00,24.8
2025-06-12 06:28:00,49.697634180790956
2025-06-12 12:53:00,35.8
2025-06-12 16:10:00,49.697634180790956
2025-06-12 23:08:00,49.697634180790956
2025-06-12 18:02:00,3.7
2025-06-12 13:31:00,62.1
2025-06-12 10:47:00,99.2
2025-06-12 16:31:00,6.9
2025-06-12 16:58:00,55.5
2025-06-12 18:45:00,49.697634180790956
2025-06-12 23:36:00,57.1
2025-06-12 06:15:00,13.1
2025-06-12 14:27:00,94.5
2025-06-12 03:01:00,72.8
2025-06-12 13:21:00,28.7
2025-06-12 12:24:00,64.1
2025-06-12 09:58:00,25.8
2025-06-12 02:05:00,1.4
2025-06-12 07:15:00,1.8
2025-06-12 20:20:00,2.6
2025-06-12 13:50:00,46.9
2025-06-12 17:02:00,49.697634180790956
2025-06-12 08:55:00,68.6
2025-06-12 00:34:00,49.697634180790956
2025-06-12 21:18:00,51.8
2025-06-12 13:47:00,33.7
2025-06-12 09:53:00,49.697634180790956
2025-06-12 10:56:00,75.6
2025-06-12 10:13:00,62.2
2025-06-12 08:50:00,46.1
2025-06-12 04:47:00,75.1
2025-06-12 10:28:00,24.5
2025-06-12 05:50:00,3.5
2025-06-12 15:47:00,49.697634180790956
2025-06-12 11:29:00,49.697634180790956
2025-06-12 11:50:00,70.5
2025-06-12 17:38:00,57.7
2025-06-12 22:59:00,64.9
2025-06-12 22:04:00,14.9
2025-06-12 18:32:00,23.4
2025-06-12 18:17:00,8.3
2025-06-12 18:43:00,41.5
2025-06-12 23:48:00,45.2
2025-06-12 01:26:00,85.2
2025-06-12 23:23:00,55.1
2025-06-12 00:33:00,39.3
2025-06-12 21:14:00,19.3
2025-06-12 14:14:00,4.6
2025-06-12 04:53:00,73.6
2025-06-12 15:27:00,84.9
2025-06-12 11:08:00,99.3
2025-06-12 23:43:00,80.8
2025-06-12 07:10:00,49.697634180790956
2025-06-12 15:10:00,28.6
2025-06-12 18:14:00,75.0
2025-06-12 14:51:00,49.697634180790956
2025-06-12 19:16:00,15.6
2025-06-12 20:50:00,52.8
2025-06-12 15:23:00,83.2
2025-06-12 12:59:00,76.6
2025-06-12 07:19:00,48.4
2025-06-12 21:03:00,49.697634180790956
2025-06-12 19:55:00,29.1
2025-06-12 20:57:00,19.4
2025-06-12 22:14:00,74.1
2025-06-12 16:37:00,12.7
2025-06-12 17:17:00,89.8
2025-06-12 05:05:00,13.6
2025-06-12 09:09:00,36.8
2025-06-12 07:21:00,49.697634180790956
2025-06-12 15:15:00,49.697634180790956
2025-06-12 22:48:00,56.6
2025-06-12 09:31:00,52.2
2025-06-12 15:03:00,11.6
2025-06-12 13:22:00,45.7
2025-06-12 14:52:00,48.6
2025-06-12 17:38:00,49.697634180790956
2025-06-12 11:34:00,5.6
2025-06-12 03:19:00,47.0
2025-06-12 00:42:00,52.2
2025-06-12 20:00:00,49.697634180790956
2025-06-12 10:15:00,84.0
2025-06-12 17:48:00,60.0
2025-06-12 23:30:00,37.9
2025-06-12 08:43:00,13.4
2025-06-12 12:25:00,76.8
2025-06-12 13:46:00,81.3
2025-06-12 17:17:00,54.5
2025-06-12 20:21:00,49.697634180790956
2025-06-12 10:35:00,88.4
2025-06-12 07:33:00,96.8
2025-06-12 11:06:00,88.2
2025-06-12 09:10:00,49.697634180790956
2025-06-12 23:25:00,81.5
2025-06-12 14:04:00,9.1
2025-06-12 17:54:00,65.7
2025-06-12 13:04:00,80.2
2025-06-12 18:09:00,15.3
2025-06-12 14:05:00,17.6
2025-06-12 03:18:00,66.0
2025-06-12 14:55:00,36.6
2025-06-12 10:07:00,49.697634180790956
2025-06-12 06:34:00,74.5
2025-06-12 17:04:00,79.9
2025-06-12 09:02:00,64.9
2025-06-12 17:43:00,49.697634180790956
2025-06-12 23:09:00,95.4
2025-06-12 09:37:00,49.81454693687398
2025-06-12 01:06:00,84.7
2025-06-12 18:30:00,11.8
2025-06-12 05:25:00,30.0
2025-06-12 03:26:00,75.8
2025-06-12 12:10:00,84.4
2025-06-12 14:17:00,11.6
2025-06-12 23:27:00,89.6
2025-06-12 09:01:00,29.8
2025-06-12 18:55:00,47.4
2025-06-12 10:41:00,21.0
2025-06-12 15:27:00,37.8
2025-06-12 05:27:00,16.4
2025-06-12 02:04:00,96.2
2025-06-12 08:19:00,30.9
2025-06-12 19:27:00,95.5
2025-06-12 05:35:00,77.1
2025-06-12 20:09:00,68.5
2025-06-12 12:08:00,32.2
2025-06-12 06:55:00,49.81454693687398
2025-06-12 21:48:00,66.1
2025-06-12 03:33:00,53.8
2025-06-12 11:48:00,49.81454693687398
2025-06-12 03:19:00,70.7
2025-06-12 16:26:00,18.3
2025-06-12 06:45:00,71.9
2025-06-12 00:07:00,18.8
2025-06-12 18:09:00,2.3
2025-06-12 03:06:00,63.0
2025-06-12 21:11:00,80.0
2025-06-12 02:51:00,99.7
2025-06-12 02:33:00,10.9
2025-06-12 01:29:00,86.4
2025-06-12 08:20:00,49.81454693687398
2025-06-12 16:08:00,19.0
2025-06-12 07:56:00,92.5
2025-06-12 02:11:00,21.8
2025-06-12 08:47:00,36.4
2025-06-12 00:41:00,15.7
2025-06-12 02:26:00,7.9
2025-06-12 18:44:00,10.4
2025-06-12 16:37:00,73.2
2025-06-12 11:27:00,12.8
2025-06-12 18:45:00,19.2
2025-06-12 10:10:00,40.7
2025-06-12 21:51:00,76.8
2025-06-12 17:25:00,60.5
2025-06-12 00:57:00,17.0
2025-06-12 19:54:00,15.6
2025-06-12 06:57:00,6.2
2025-06-12 16:28:00,15.2
2025-06-12 16:00:00,47.3
2025-06-12 15:10:00,58.1
2025-06-12 16:51:00,7.0
2025-06-12 10:46:00,72.4
2025-06-12 12:06:00,95.5
2025-06-12 10:10:00,82.7
2025-06-12 18:54:00,35.3
2025-06-12 12:20:00,10.4
2025-06-12 10:00:00,49.81454693687398
2025-06-12 11:27:00,23.5
2025-06-12 03:39:00,4.2
2025-06-12 01:01:00,49.81454693687398
2025-06-12 03:34:00,25.0
2025-06-12 13:28:00,42.5
2025-06-12 23:49:00,5.1
2025-06-12 08:26:00,66.4
2025-06-12 19:05:00,79.3
2025-06-12 20:00:00,0.9
2025-06-12 04:23:00,96.0
2025-06-12 17:25:00,49.81454693687398
2025-06-12 23:27:00,3.9
2025-06-12 07:59:00,25.3
2025-06-12 05:53:00,62.1
2025-06-12 22:18:00,13.4
2025-06-12 19:08:00,85.1
2025-06-12 00:23:00,49.6
2025-06-12 13:35:00,52.4
2025-06-12 08:45:00,1.6
2025-06-12 03:00:00,31.0
2025-06-12 18:48:00,27.3
2025-06-12 11:52:00,11.6
2025-06-12 08:08:00,33.0
2025-06-12 16:23:00,49.81454693687398
2025-06-12 09:23:00,49.81454693687398
2025-06-12 03:21:00,98.9
2025-06-12 08:21:00,12.4
2025-06-12 08:31:00,94.0
2025-06-12 19:37:00,1.1
2025-06-12 02:21:00,80.2
2025-06-12 06:09:00,62.0
2025-06-12 19:24:00,37.7
2025-06-12 08:07:00,18.9
2025-06-12 18:40:00,12.0
2025-06-12 22:02:00,38.9
2025-06-12 16:56:00,42.7
2025-06-12 04:31:00,89.4
2025-06-12 04:22:00,16.6
2025-06-12 17:56:00,16.2
2025-06-12 22:34:00,71.4
2025-06-12 16:31:00,36.5
2025-06-12 19:29:00,49.81454693687398
2025-06-12 13:43:00,77.2
2025-06-12 19:57:00,81.5
2025-06-12 18:10:00,17.1
2025-06-12 00:19:00,72.0
2025-06-12 23:49:00,14.4
2025-06-12 22:16:00,86.2
2025-06-12 17:24:00,79.7
2025-06-12 15:57:00,77.8
2025-06-12 06:11:00,53.4
2025-06-12 08:52:00,21.8
2025-06-12 15:37:00,29.8
2025-06-12 14:24:00,5.7
2025-06-12 02:15:00,86.4
2025-06-12 05:58:00,9.0
2025-06-12 14:52:00,49.81454693687398
2025-06-12 04:12:00,17.4
2025-06-12 13:38:00,33.4
2025-06-12 01:28:00,63.4
2025-06-12 20:57:00,25.3
2025-06-12 17:03:00,49.81454693687398
2025-06-12 21:55:00,49.81454693687398
2025-06-12 14:19:00,49.81454693687398
2025-06-12 22:13:00,49.81454693687398
2025-06-12 05:06:00,86.3
2025-06-12 02:53:00,10.6
2025-06-12 00:54:00,36.7
2025-06-12 19:27:00,33.3
2025-06-12 02:20:00,52.0
2025-06-12 04:55:00,15.0
2025-06-12 21:09:00,24.0
2025-06-12 13:09:00,23.7
2025-06-12 15:36:00,40.8
2025-06-12 00:47:00,74.1
2025-06-12 15:44:00,77.0
2025-06-12 03:36:00,14.5
2025-06-12 09:36:00,7.1
2025-06-12 21:40:00,24.0
2025-06-12 18:39:00,49.81454693687398
2025-06-12 04:18:00,39.0
2025-06-12 19:42:00,48.0
2025-06-12 17:24:00,6.0
2025-06-12 20:36:00,44.1
2025-06-12 08:15:00,49.81454693687398
2025-06-12 07:34:00,16.5
2025-06-12 04:24:00,49.81454693687398
2025-06-12 00:22:00,90.0
2025-06-12 00:50:00,30.7
2025-06-12 16:34:00,69.4
2025-06-12 07:29:00,0.7
2025-06-12 13:27:00,64.2
2025-06-12 04:27:00,33.4
2025-06-12 06:44:00,49.81454693687398
2025-06-12 17:14:00,6.3
2025-06-12 21:36:00,16.7
2025-06-12 21:22:00,49.81454693687398
2025-06-12 02:39:00,74.5
2025-06-12 12:13:00,74.5
2025-06-12 04:37:00,49.81454693687398
2025-06-12 11:32:00,95.4
2025-06-12 21:12:00,21.6
2025-06-12 04:15:00,99.5
2025-06-12 12:48:00,30.6
2025-06-12 00:14:00,69.8
2025-06-12 04:07:00,26.5
2025-06-12 10:34:00,83.9
2025-06-12 11:35:00,34.1
2025-06-12 19:22:00,94.2
2025-06-12 05:18:00,19.5
2025-06-12 05:37:00,23.5
2025-06-12 22:39:00,37.9
2025-06-12 16:27:00,18.9
2025-06-12 13:40:00,49.81454693687398
2025-06-12 16:27:00,52.9
2025-06-12 04:24:00,66.2
2025-06-12 01:09:00,36.6
2025-06-12 03:29:00,32.6
2025-06-12 16:11:00,26.1
2025-06-12 22:40:00,3.7
2025-06-12 16:20:00,49.81454693687398
2025-06-12 22:35:00,71.2
2025-06-12 01:15:00,54.7
2025-06-12 17:15:00,96.9
2025-06-12 07:16:00,5.8
2025-06-12 06:37:00,81.0
2025-06-12 23:47:00,45.9
2025-06-12 10:31:00,37.4
2025-06-12 09:30:00,9.0
2025-06-12 15:16:00,87.7
2025-06-12 01:25:00,29.3
2025-06-12 02:14:00,49.81454693687398
2025-06-12 15:10:00,24.7
2025-06-12 12:07:00,18.0
2025-06-12 16:36:00,49.81454693687398
2025-06-12 23:57:00,60.2
2025-06-12 17:49:00,33.0
2025-06-12 08:50:00,49.81454693687398
2025-06-12 06:09:00,35.0
2025-06-12 07:48:00,22.9
2025-06-12 02:34:00,81.1
2025-06-12 13:54:00,55.5
2025-06-12 17:26:00,95.1
2025-06-12 03:21:00,49.81454693687398
2025-06-12 14:07:00,49.81454693687398
2025-06-12 09:51:00,60.3
2025-06-12 21:21:00,26.3
2025-06-12 17:49:00,61.5
2025-06-12 18:07:00,10.1
2025-06-12 23:38:00,1.0
2025-06-12 06:59:00,49.81454693687398
2025-06-12 06:53:00,55.8
2025-06-12 17:01:00,62.3
2025-06-12 18:40:00,26.6
2025-06-12 04:58:00,24.4
2025-06-12 19:51:00,4.8
2025-06-12 23:48:00,7.5
2025-06-12 17:56:00,46.8
2025-06-12 07:46:00,7.3
2025-06-12 19:25:00,17.9
2025-06-12 04:15:00,77.2
2025-06-12 01:31:00,6.0
2025-06-12 13:21:00,35.4
2025-06-12 15:02:00,36.0
2025-06-12 00:34:00,70.7
2025-06-12 15:20:00,15.9
2025-06-12 05:45:00,12.1
2025-06-12 10:38:00,51.7
2025-06-12 03:00:00,79.5
2025-06-12 01:49:00,49.81454693687398
2025-06-12 15:44:00,15.7
2025-06-12 04:27:00,34.3
2025-06-12 08:50:00,49.9
2025-06-12 11:27:00,43.4
2025-06-12 06:51:00,49.81454693687398
2025-06-12 21:32:00,30.7
2025-06-12 13:51:00,58.6
2025-06-12 23:35:00,68.2
2025-06-12 18:41:00,73.9
2025-06-12 13:49:00,28.1
2025-06-12 04:05:00,9.3
2025-06-12 03:21:00,49.81454693687398
2025-06-12 03:00:00,61.9
2025-06-12 21:53:00,60.0
2025-06-12 21:44:00,26.1
2025-06-12 15:45:00,76.5
2025-06-12 18:34:00,14.6
2025-06-12 20:24:00,87.9
2025-06-12 00:45:00,94.2
2025-06-12 13:54:00,0.0
2025-06-12 21:18:00,49.81454693687398
2025-06-12 22:20:00,40.6
2025-06-12 21:03:00,81.7
2025-06-12 07:10:00,49.1
2025-06-12 22:56:00,49.3
2025-06-12 09:30:00,83.0
2025-06-12 01:25:00,55.0
2025-06-12 09:17:00,52.7
2025-06-12 06:15:00,19.5
2025-06-12 22:51:00,55.1
2025-06-12 21:46:00,49.81454693687398
2025-06-12 06:11:00,26.0
2025-06-12 08:58:00,5.7
2025-06-12 05:02:00,93.4
2025-06-12 00:01:00,69.7
2025-06-12 13:18:00,65.4
2025-06-12 04:47:00,14.8
2025-06-12 06:07:00,76.7
2025-06-12 09:04:00,48.8
2025-06-12 11:14:00,25.8
2025-06-12 01:07:00,53.7
2025-06-12 16:16:00,21.4
2025-06-12 02:48:00,72.4
2025-06-12 10:22:00,90.0
2025-06-12 02:37:00,53.0
2025-06-12 06:00:00,49.81454693687398
2025-06-12 10:06:00,12.0
2025-06-12 08:33:00,13.1
2025-06-12 06:43:00,85.4
2025-06-12 15:51:00,86.4
2025-06-12 00:02:00,7.5
2025-06-12 21:25:00,88.5
2025-06-12 15:49:00,58.8
2025-06-12 15:38:00,49.81454693687398
2025-06-12 09:48:00,70.1
2025-06-12 16:51:00,93.5
2025-06-12 07:29:00,32.5
2025-06-12 00:51:00,60.5
2025-06-12 16:15:00,49.81454693687398
2025-06-12 17:26:00,49.81454693687398
2025-06-12 01:08:00,44.5
2025-06-12 13:45:00,54.1
2025-06-12 15:32:00,49.81454693687398
2025-06-12 15:01:00,82.7
2025-06-12 01:42:00,49.81454693687398
2025-06-12 23:28:00,37.2
2025-06-12 14:00:00,51.5
2025-06-12 13:18:00,71.2
2025-06-12 22:28:00,18.5
2025-06-12 06:40:00,35.4
2025-06-12 13:18:00,18.9
2025-06-12 07:54:00,95.5
2025-06-12 23:15:00,49.81454693687398
2025-06-12 19:29:00,50.5
2025-06-12 09:44:00,49.81454693687398
2025-06-12 02:50:00,30.4
2025-06-12 06:08:00,40.9
2025-06-12 03:12:00,88.9
2025-06-12 02:05:00,89.5
2025-06-12 04:38:00,1.9
2025-06-12 07:44:00,12.8
2025-06-12 04:09:00,5.2
2025-06-12 07:40:00,64.3
2025-06-12 23:41:00,49.81454693687398
2025-06-12 14:56:00,74.3
2025-06-12 21:44:00,5.3
2025-06-12 01:23:00,72.7
2025-06-12 03:56:00,86.4
2025-06-12 00:29:00,5.8
2025-06-12 12:29:00,28.8
2025-06-12 13:28:00,21.9
2025-06-12 12:40:00,56.3
2025-06-12 15:43:00,20.8
2025-06-12 17:29:00,67.6
2025-06-12 23:50:00,63.9
2025-06-12 16:22:00,0.4
2025-06-12 04:11:00,67.3
2025-06-12 14:08:00,50.17466168922071
2025-06-12 11:34:00,3.8
2025-06-12 06:34:00,13.9
2025-06-12 15:42:00,11.0
2025-06-12 07:51:00,51.6
2025-06-12 23:00:00,53.2
2025-06-12 22:30:00,50.3
2025-06-12 21:32:00,38.0
2025-06-12 19:11:00,48.6
2025-06-12 01:39:00,30.6
2025-06-12 15:36:00,18.5
2025-06-12 06:25:00,20.5
2025-06-12 01:21:00,52.3
2025-06-12 01:45:00,91.7
2025-06-12 02:15:00,99.4
2025-06-12 00:14:00,74.1
2025-06-12 01:48:00,44.4
2025-06-12 18:30:00,2.0
2025-06-12 00:12:00,23.1
2025-06-12 02:25:00,50.17466168922071
2025-06-12 07:37:00,6.0
2025-06-12 11:05:00,48.0
2025-06-12 22:54:00,50.17466168922071
2025-06-12 03:50:00,42.3
2025-06-12 21:50:00,91.1
2025-06-12 17:58:00,53.0
2025-06-12 09:30:00,2.6
2025-06-12 21:22:00,44.4
2025-06-12 16:19:00,3.0
2025-06-12 21:51:00,5.4
2025-06-12 19:38:00,24.5
2025-06-12 21:58:00,50.17466168922071
2025-06-12 16:11:00,68.3
2025-06-12 10:51:00,31.4
2025-06-12 13:05:00,47.3
2025-06-12 01:11:00,88.5
2025-06-12 13:50:00,3.5
2025-06-12 02:50:00,58.9
2025-06-12 22:44:00,66.9
2025-06-12 00:19:00,67.5
2025-06-12 00:10:00,97.4
2025-06-12 14:17:00,66.3
2025-06-12 02:41:00,57.0
2025-06-12 00:09:00,16.0
2025-06-12 01:49:00,53.7
2025-06-12 05:01:00,50.17466168922071
2025-06-12 05:46:00,70.3
2025-06-12 20:24:00,51.5
2025-06-12 03:36:00,95.2
2025-06-12 19:29:00,94.8
2025-06-12 21:00:00,95.8
2025-06-12 16:41:00,60.7
2025-06-12 15:27:00,47.5
2025-06-12 19:28:00,14.7
2025-06-12 20:31:00,55.9
2025-06-12 06:28:00,30.5
2025-06-12 07:54:00,25.6
2025-06-12 10:45:00,0.9
2025-06-12 12:12:00,64.9
2025-06-12 14:26:00,50.17466168922071
2025-06-12 05:58:00,66.1
2025-06-12 10:42:00,22.2
2025-06-12 11:58:00,44.7
2025-06-12 22:34:00,40.7
2025-06-12 21:32:00,31.4
2025-06-12 00:05:00,29.4
2025-06-12 16:30:00,80.5
2025-06-12 11:09:00,56.4
2025-06-12 14:14:00,12.2
2025-06-12 12:34:00,73.2
2025-06-12 20:48:00,93.6
2025-06-12 02:23:00,92.0
2025-06-12 00:57:00,11.2
2025-06-12 14:34:00,71.8
2025-06-12 05:04:00,71.3
2025-06-12 08:48:00,42.9
2025-06-12 18:36:00,49.6
2025-06-12 19:29:00,1.5
2025-06-12 21:14:00,10.6
2025-06-12 08:24:00,31.9
2025-06-12 15:16:00,58.8
2025-06-12 06:31:00,92.4
2025-06-12 10:12:00,36.1
2025-06-12 04:05:00,89.6
2025-06-12 04:47:00,91.4
2025-06-12 16:23:00,30.8
2025-06-12 10:55:00,71.7
2025-06-12 22:09:00,24.5
2025-06-12 20:43:00,81.2
2025-06-12 19:57:00,5.1
2025-06-12 11:14:00,74.1
2025-06-12 07:32:00,94.8
2025-06-12 15:08:00,83.7
2025-06-12 04:07:00,50.17466168922071
2025-06-12 02:42:00,26.5
2025-06-12 06:07:00,50.17466168922071
2025-06-12 17:01:00,11.0
2025-06-12 02:01:00,89.0
2025-06-12 02:09:00,81.7
2025-06-12 02:50:00,39.5
2025-06-12 20:10:00,61.5
2025-06-12 07:47:00,50.17466168922071
2025-06-12 09:30:00,14.3
2025-06-12 23:52:00,27.3
2025-06-12 15:54:00,20.5
2025-06-12 23:12:00,19.4
2025-06-12 23:20:00,44.8
2025-06-12 16:44:00,38.6
2025-06-12 20:55:00,54.7
2025-06-12 03:40:00,63.1
2025-06-12 23:25:00,55.7
2025-06-12 04:36:00,37.4
2025-06-12 05:37:00,2.1
2025-06-12 19:04:00,52.5
2025-06-12 04:06:00,50.1
2025-06-12 21:47:00,18.3
2025-06-12 13:31:00,71.6
2025-06-12 00:30:00,19.4
2025-06-12 23:21:00,46.6
2025-06-12 19:25:00,50.17466168922071
2025-06-12 22:47:00,24.7
2025-06-12 22:21:00,93.4
2025-06-12 13:48:00,66.2
2025-06-12 14:15:00,61.8
2025-06-12 05:10:00,37.3
2025-06-12 21:36:00,3.2
2025-06-12 14:16:00,92.5
2025-06-12 22:09:00,5.4
2025-06-12 17:57:00,71.3
2025-06-12 15:38:00,57.4
2025-06-12 10:24:00,12.3
2025-06-12 07:37:00,83.2
2025-06-12 06:36:00,19.3
2025-06-12 15:17:00,22.2
2025-06-12 22:57:00,8.6
2025-06-12 14:38:00,26.2
2025-06-12 14:28:00,52.6
2025-06-12 22:50:00,21.0
2025-06-12 21:33:00,67.9
2025-06-12 16:14:00,11.9
2025-06-12 09:14:00,67.5
2025-06-12 18:01:00,15.2
2025-06-12 12:26:00,74.9
2025-06-12 07:48:00,2.7
2025-06-12 21:01:00,6.9
2025-06-12 05:48:00,60.1
2025-06-12 07:59:00,38.3
2025-06-12 19:59:00,9.4
2025-06-12 12:57:00,47.5
2025-06-12 06:42:00,50.17466168922071
2025-06-12 08:25:00,41.8
2025-06-12 19:30:00,74.1
2025-06-12 15:04:00,42.6
2025-06-12 23:29:00,41.2
2025-06-12 02:57:00,39.7
2025-06-12 20:23:00,50.17466168922071
2025-06-12 13:08:00,84.2
2025-06-12 10:49:00,60.5
2025-06-12 15:00:00,50.17466168922071
2025-06-12 05:51:00,50.17466168922071
2025-06-12 16:07:00,50.17466168922071
2025-06-12 21:15:00,67.7
2025-06-12 18:14:00,99.8
2025-06-12 20:35:00,70.1
2025-06-12 06:20:00,84.2
2025-06-12 16:57:00,29.4
2025-06-12 17:55:00,10.1
2025-06-12 17:08:00,68.6
2025-06-12 11:13:00,50.17466168922071
2025-06-12 02:22:00,40.6
2025-06-12 06:23:00,3.6
2025-06-12 04:52:00,17.5
2025-06-12 20:49:00,22.4
2025-06-12 10:47:00,50.17466168922071
2025-06-12 16:45:00,86.8
2025-06-12 20:47:00,90.2
2025-06-12 10:56:00,77.6
2025-06-12 10:26:00,70.6
2025-06-12 08:31:00,93.1
2025-06-12 22:16:00,63.4
2025-06-12 19:22:00,81.6
2025-06-12 14:43:00,50.17466168922071
2025-06-12 09:01:00,78.5
2025-06-12 01:55:00,23.4
2025-06-12 02:34:00,73.8
2025-06-12 14:07:00,24.3
2025-06-12 15:29:00,27.6
2025-06-12 01:27:00,95.6
2025-06-12 01:35:00,45.0
2025-06-12 08:53:00,81.2
2025-06-12 13:17:00,74.3
2025-06-12 04:44:00,14.7
2025-06-12 03:23:00,63.6
2025-06-12 04:12:00,91.4
2025-06-12 19:26:00,98.7
2025-06-12 10:13:00,50.17466168922071
2025-06-12 13:05:00,70.1
2025-06-12 06:27:00,83.2
2025-06-12 04:46:00,52.8
2025-06-12 00:23:00,5.9
2025-06-12 09:52:00,23.7
2025-06-12 15:23:00,92.6
2025-06-12 07:04:00,20.4
2025-06-12 10:04:00,54.3
2025-06-12 15:59:00,91.4
2025-06-12 19:43:00,71.6
2025-06-12 22:02:00,50.17466168922071
2025-06-12 20:37:00,30.6
2025-06-12 22:23:00,4.8
2025-06-12 03:01:00,79.1
2025-06-12 00:11:00,37.0
2025-06-12 00:24:00,10.8
2025-06-12 05:54:00,36.2
2025-06-12 17:26:00,50.17466168922071
2025-06-12 19:44:00,50.17466168922071
2025-06-12 13:27:00,14.1
2025-06-12 16:06:00,42.2
2025-06-12 11:52:00,3.8
2025-06-12 10:10:00,71.9
2025-06-12 17:08:00,50.17466168922071
2025-06-12 09:56:00,50.6
2025-06-12 00:56:00,2.4
2025-06-12 03:48:00,62.8
2025-06-12 15:26:00,49.9
2025-06-12 19:18:00,22.0
2025-06-12 04:01:00,50.17466168922071
2025-06-12 21:21:00,75.1
2025-06-12 00:55:00,71.1
2025-06-12 18:05:00,35.1
2025-06-12 11:59:00,65.5
2025-06-12 17:41:00,50.17466168922071
2025-06-12 00:27:00,50.17466168922071
2025-06-12 12:29:00,25.8
2025-06-12 00:43:00,5.0
2025-06-12 17:29:00,30.9
2025-06-12 09:40:00,23.8
2025-06-12 23:34:00,74.9
2025-06-12 13:45:00,18.2
2025-06-12 08:37:00,82.4
2025-06-12 02:56:00,18.4
2025-06-12 16:18:00,76.3
2025-06-12 17:54:00,58.5
2025-06-12 13:02:00,85.0
2025-06-12 20:29:00,50.17466168922071
2025-06-12 14:29:00,86.3
2025-06-12 09:07:00,28.5
2025-06-12 04:40:00,46.7
2025-06-12 03:41:00,55.0
2025-06-12 05:37:00,38.8
2025-06-12 16:09:00,16.5
2025-06-12 21:01:00,51.0
2025-06-12 21:29:00,21.1
2025-06-12 04:10:00,25.5
2025-06-12 03:02:00,50.17466168922071
2025-06-12 10:51:00,50.17466168922071
2025-06-12 18:36:00,46.7
2025-06-12 18:57:00,50.17466168922071
2025-06-12 21:03:00,36.9
2025-06-12 15:43:00,30.5
2025-06-12 19:11:00,50.17466168922071
2025-06-12 12:14:00,9.0
2025-06-12 07:37:00,50.17466168922071
2025-06-12 02:46:00,23.9
2025-06-12 19:33:00,52.1
2025-06-12 15:17:00,47.3
2025-06-12 20:14:00,75.3
2025-06-12 22:41:00,93.7
2025-06-12 16:20:00,28.2
2025-06-12 07:05:00,50.17466168922071
2025-06-12 12:22:00,41.7
2025-06-12 18:20:00,84.5
2025-06-12 15:56:00,84.7
2025-06-12 09:37:00,4.8
2025-06-12 10:39:00,73.2
2025-06-12 18:27:00,18.1
2025-06-12 09:17:00,68.6
2025-06-12 00:40:00,4.8
2025-06-12 12:25:00,50.17466168922071
2025-06-12 04:25:00,83.7
2025-06-12 22:51:00,3.1
2025-06-12 02:17:00,40.2
2025-06-12 09:43:00,54.9
2025-06-12 02:15:00,43.3
2025-06-12 20:53:00,50.17466168922071
2025-06-12 00:24:00,15.3
2025-06-12 13:11:00,23.8
2025-06-12 02:34:00,77.4
2025-06-12 23:18:00,44.3
2025-06-12 11:19:00,50.17466168922071
2025-06-12 11:30:00,50.17466168922071
2025-06-12 15:25:00,77.7
2025-06-12 19:59:00,50.17466168922071
2025-06-12 00:24:00,18.4
2025-06-12 18:18:00,27.8
2025-06-12 10:33:00,34.2
2025-06-12 12:07:00,81.9
2025-06-12 23:12:00,54.5
2025-06-12 18:49:00,97.1
2025-06-12 21:33:00,12.3
2025-06-12 06:49:00,56.6
2025-06-12 09:00:00,78.3
2025-06-12 16:26:00,31.5
2025-06-12 09:46:00,51.4
2025-06-12 08:01:00,58.0
2025-06-12 01:52:00,92.3
2025-06-12 09:30:00,16.0
2025-06-12 11:43:00,14.3
2025-06-12 13:49:00,34.6
2025-06-12 18:39:00,1.9
2025-06-12 01:00:00,11.8
2025-06-12 02:04:00,97.1
2025-06-12 16:35:00,15.4
2025-06-12 14:51:00,52.6
2025-06-12 06:29:00,50.17466168922071
2025-06-12 14:16:00,79.6
2025-06-12 05:53:00,34.9
2025-06-12 02:25:00,54.9
2025-06-12 15:59:00,55.2
2025-06-12 16:11:00,78.7
2025-06-12 22:13:00,50.17466168922071
2025-06-12 18:48:00,50.17466168922071
2025-06-12 11:23:00,90.9
2025-06-12 10:16:00,21.7
2025-06-12 09:07:00,20.7
2025-06-12 10:34:00,78.1
2025-06-12 10:03:00,39.8
2025-06-12 12:04:00,9.1
2025-06-12 04:51:00,21.9
2025-06-12 01:12:00,96.7
2025-06-12 10:32:00,64.4
2025-06-12 03:11:00,60.4
2025-06-12 02:01:00,52.9
2025-06-12 16:54:00,92.5
2025-06-12 04:42:00,50.17466168922071
2025-06-12 03:15:00,41.1
2025-06-12 18:57:00,1.0
2025-06-12 03:44:00,80.7
2025-06-12 13:00:00,50.17466168922071
2025-06-12 12:00:00,33.4
2025-06-12 13:15:00,93.3
2025-06-12 15:48:00,87.3
2025-06-12 16:28:00,33.2
2025-06-12 21:17:00,49.28634215500945
2025-06-12 08:03:00,16.3
2025-06-12 23:13:00,99.4
2025-06-12 01:23:00,18.8
2025-06-12 10:18:00,63.2
2025-06-12 18:02:00,49.28634215500945
2025-06-12 15:56:00,97.5
2025-06-12 00:24:00,6.2
2025-06-12 04:18:00,62.6
2025-06-12 03:31:00,20.4
2025-06-12 18:30:00,58.0
2025-06-12 00:36:00,39.3
2025-06-12 21:09:00,3.3
2025-06-12 22:14:00,7.4
2025-06-12 13:03:00,13.2
2025-06-12 07:54:00,59.8
2025-06-12 17:41:00,49.28634215500945
2025-06-12 10:39:00,55.0
2025-06-12 06:30:00,24.2
2025-06-12 01:50:00,67.2
2025-06-12 07:55:00,49.28634215500945
2025-06-12 13:16:00,93.3
2025-06-12 18:25:00,49.28634215500945
2025-06-12 03:51:00,26.0
2025-06-12 12:18:00,54.2
2025-06-12 03:08:00,40.2
2025-06-12 21:34:00,63.8
2025-06-12 22:35:00,95.2
2025-06-12 08:15:00,70.7
2025-06-12 08:11:00,93.9
2025-06-12 14:42:00,45.8
2025-06-12 10:20:00,8.8
2025-06-12 12:20:00,10.5
2025-06-12 20:00:00,87.4
2025-06-12 08:24:00,49.28634215500945
2025-06-12 00:53:00,26.7
2025-06-12 13:46:00,49.28634215500945
2025-06-12 19:10:00,31.0
2025-06-12 10:42:00,49.28634215500945
2025-06-12 07:32:00,23.6
2025-06-12 19:45:00,34.0
2025-06-12 16:43:00,97.7
2025-06-12 03:36:00,16.8
2025-06-12 02:56:00,14.5
2025-06-12 08:15:00,49.28634215500945
2025-06-12 06:30:00,49.28634215500945
2025-06-12 03:45:00,49.28634215500945
2025-06-12 01:45:00,33.5
2025-06-12 06:58:00,62.3
2025-06-12 22:25:00,61.9
2025-06-12 03:08:00,49.28634215500945
2025-06-12 14:00:00,25.3
2025-06-12 00:02:00,72.1
2025-06-12 19:35:00,11.4
2025-06-12 16:49:00,13.1
2025-06-12 04:01:00,49.28634215500945
2025-06-12 14:58:00,22.3
2025-06-12 21:32:00,49.28634215500945
2025-06-12 20:50:00,34.0
2025-06-12 02:29:00,2.5
2025-06-12 22:08:00,30.4
2025-06-12 19:31:00,45.2
2025-06-12 10:50:00,49.28634215500945
2025-06-12 02:10:00,56.0
2025-06-12 01:24:00,71.1
2025-06-12 11:05:00,19.8
2025-06-12 12:36:00,47.2
2025-06-12 09:45:00,39.4
2025-06-12 15:30:00,49.28634215500945
2025-06-12 12:14:00,4.7
2025-06-12 13:52:00,32.8
2025-06-12 09:27:00,49.28634215500945
2025-06-12 02:40:00,39.5
2025-06-12 17:56:00,52.7
2025-06-12 19:31:00,41.2
2025-06-12 00:02:00,49.28634215500945
2025-06-12 12:33:00,49.28634215500945
2025-06-12 18:48:00,49.9
2025-06-12 06:16:00,29.9
2025-06-12 23:17:00,72.2
2025-06-12 06:39:00,47.5
2025-06-12 06:40:00,45.6
2025-06-12 22:59:00,87.0
2025-06-12 00:20:00,89.7
2025-06-12 10:41:00,47.7
2025-06-12 10:14:00,86.3
2025-06-12 16:07:00,49.28634215500945
2025-06-12 23:58:00,72.0
2025-06-12 18:51:00,68.5
2025-06-12 19:49:00,77.9
2025-06-12 08:18:00,95.1
2025-06-12 23:10:00,94.7
2025-06-12 19:38:00,48.8
2025-06-12 14:49:00,61.1
2025-06-12 15:03:00,24.0
2025-06-12 20:56:00,53.1
2025-06-12 09:37:00,49.28634215500945
2025-06-12 16:40:00,2.8
2025-06-12 09:15:00,58.4
2025-06-12 10:47:00,92.2
2025-06-12 08:11:00,10.9
2025-06-12 11:26:00,67.2
2025-06-12 19:43:00,98.4
2025-06-12 17:17:00,42.6
2025-06-12 12:20:00,72.0
2025-06-12 08:00:00,77.9
2025-06-12 22:46:00,78.9
2025-06-12 23:59:00,16.0
2025-06-12 15:03:00,1.0
2025-06-12 01:39:00,49.28634215500945
2025-06-12 17:29:00,27.2
2025-06-12 04:27:00,13.7
2025-06-12 05:24:00,66.7
2025-06-12 02:40:00,42.4
2025-06-12 04:02:00,49.28634215500945
2025-06-12 19:00:00,52.9
2025-06-12 15:06:00,49.28634215500945
2025-06-12 05:58:00,49.28634215500945
2025-06-12 09:45:00,17.5
2025-06-12 10:45:00,49.28634215500945
2025-06-12 11:19:00,49.28634215500945
2025-06-12 19:17:00,24.3
2025-06-12 12:04:00,88.5
2025-06-12 08:39:00,50.6
2025-06-12 00:48:00,1.6
2025-06-12 03:38:00,80.4
2025-06-12 23:48:00,42.7
2025-06-12 16:18:00,40.3
2025-06-12 01:23:00,95.4
2025-06-12 07:14:00,30.2
2025-06-12 13:31:00,49.28634215500945
2025-06-12 18:59:00,52.1
2025-06-12 04:19:00,97.6
2025-06-12 00:55:00,92.0
2025-06-12 09:02:00,49.28634215500945
2025-06-12 23:03:00,38.6
2025-06-12 17:37:00,89.9
2025-06-12 13:17:00,41.9
2025-06-12 15:04:00,51.9
2025-06-12 15:45:00,41.7
2025-06-12 07:36:00,15.9
2025-06-12 18:44:00,6.4
2025-06-12 16:00:00,9.4
2025-06-12 17:20:00,33.8
2025-06-12 16:28:00,82.9
2025-06-12 09:50:00,35.0
2025-06-12 22:55:00,84.8
2025-06-12 15:02:00,49.28634215500945
2025-06-12 18:36:00,43.4
2025-06-12 18:53:00,12.1
2025-06-12 21:42:00,79.1
2025-06-12 19:11:00,9.9
2025-06-12 13:34:00,67.5
2025-06-12 05:25:00,60.0
2025-06-12 02:23:00,20.0
2025-06-12 13:04:00,72.2
2025-06-12 18:36:00,63.4
2025-06-12 07:53:00,49.28634215500945
2025-06-12 03:56:00,9.5
2025-06-12 03:47:00,24.3
2025-06-12 20:10:00,99.4
2025-06-12 08:53:00,50.1
2025-06-12 22:31:00,62.9
2025-06-12 18:17:00,96.2
2025-06-12 13:47:00,86.4
2025-06-12 02:43:00,49.28634215500945
2025-06-12 17:36:00,49.28634215500945
2025-06-12 12:07:00,35.1
2025-06-12 10:30:00,39.3
2025-06-12 22:12:00,16.8
2025-06-12 17:27:00,64.1
2025-06-12 23:14:00,81.2
2025-06-12 15:14:00,9.5
2025-06-12 23:11:00,49.28634215500945
2025-06-12 05:16:00,49.28634215500945
2025-06-12 03:58:00,49.28634215500945
2025-06-12 07:19:00,23.4
2025-06-12 21:19:00,38.9
2025-06-12 02:57:00,82.6
2025-06-12 14:01:00,20.0
2025-06-12 01:00:00,66.0
2025-06-12 17:47:00,49.28634215500945
2025-06-12 00:11:00,94.6
2025-06-12 21:16:00,12.6
2025-06-12 13:41:00,65.4
2025-06-12 22:18:00,57.6
2025-06-12 14:10:00,99.6
2025-06-12 07:27:00,31.1
2025-06-12 01:29:00,49.28634215500945
2025-06-12 02:31:00,49.28634215500945
2025-06-12 19:25:00,49.28634215500945
2025-06-12 15:32:00,49.28634215500945
2025-06-12 02:11:00,27.5
2025-06-12 07:19:00,5.2
2025-06-12 11:12:00,43.0
2025-06-12 06:11:00,34.4
2025-06-12 18:20:00,69.5
2025-06-12 04:31:00,60.6
2025-06-12 04:01:00,8.5
2025-06-12 06:43:00,49.28634215500945
2025-06-12 19:35:00,96.4
2025-06-12 10:56:00,92.6
2025-06-12 11:58:00,59.1
2025-06-12 23:10:00,99.1
2025-06-12 23:29:00,15.3
2025-06-12 23:49:00,39.7
2025-06-12 15:39:00,16.8
2025-06-12 02:46:00,88.7
2025-06-12 17:18:00,49.28634215500945
2025-06-12 17:34:00,70.9
2025-06-12 19:32:00,6.6
2025-06-12 14:02:00,0.3
2025-06-12 09:15:00,31.3
2025-06-12 17:55:00,49.28634215500945
2025-06-12 05:40:00,7.8
2025-06-12 00:05:00,44.6
2025-06-12 08:51:00,31.2
2025-06-12 22:10:00,86.0
2025-06-12 21:27:00,18.4
2025-06-12 00:58:00,18.1
2025-06-12 13:56:00,53.9
2025-06-12 01:48:00,88.4
2025-06-12 06:32:00,74.8
2025-06-12 06:42:00,43.7
2025-06-12 01:19:00,72.4
2025-06-12 14:37:00,49.28634215500945
2025-06-12 05:44:00,34.2
2025-06-12 17:29:00,78.9
2025-06-12 22:25:00,43.5
2025-06-12 03:15:00,28.7
2025-06-12 02:20:00,49.28634215500945
2025-06-12 09:11:00,25.1
2025-06-12 20:17:00,72.4
2025-06-12 01:15:00,29.8
2025-06-12 14:28:00,49.28634215500945
2025-06-12 15:09:00,9.5
2025-06-12 04:06:00,65.6
2025-06-12 10:33:00,75.8
2025-06-12 15:42:00,68.3
2025-06-12 12:50:00,6.9
2025-06-12 06:01:00,49.28634215500945
2025-06-12 22:37:00,78.7
2025-06-12 05:39:00,37.2
2025-06-12 01:37:00,93.3
2025-06-12 03:04:00,44.8
2025-06-12 14:11:00,49.28634215500945
2025-06-12 01:31:00,71.5
2025-06-12 02:02:00,58.1
2025-06-12 20:04:00,49.28634215500945
2025-06-12 18:59:00,83.1
2025-06-12 03:39:00,44.6
2025-06-12 00:14:00,48.5
2025-06-12 14:46:00,75.8
2025-06-12 21:46:00,44.3
2025-06-12 09:34:00,42.1
2025-06-12 08:39:00,18.5
2025-06-12 05:37:00,49.28634215500945
2025-06-12 13:09:00,30.2
2025-06-12 04:53:00,97.0
2025-06-12 09:14:00,24.1
2025-06-12 11:13:00,95.6
2025-06-12 04:38:00,60.1
2025-06-12 06:21:00,4.4
2025-06-12 16:48:00,2.4
2025-06-12 09:33:00,72.5
2025-06-12 04:39:00,26.4
2025-06-12 20:06:00,49.28634215500945
2025-06-12 15:42:00,82.2
2025-06-12 03:54:00,49.28634215500945
2025-06-12 15:08:00,4.2
2025-06-12 20:57:00,3.8
2025-06-12 17:16:00,36.9
2025-06-12 05:33:00,78.0
2025-06-12 00:18:00,21.4
2025-06-12 16:22:00,75.0
2025-06-12 16:17:00,37.1
2025-06-12 03:42:00,58.6
2025-06-12 21:09:00,71.3
2025-06-12 07:31:00,80.8
2025-06-12 17:05:00,49.28634215500945
2025-06-12 16:53:00,6.9
2025-06-12 06:13:00,92.3
2025-06-12 22:59:00,13.4
2025-06-12 09:11:00,53.1
2025-06-12 03:59:00,49.28634215500945
2025-06-12 21:30:00,56.0
2025-06-12 11:41:00,40.8
2025-06-12 15:16:00,15.2
2025-06-12 12:00:00,50.6
2025-06-12 23:14:00,43.0
2025-06-12 08:25:00,39.4
2025-06-12 22:50:00,91.8
2025-06-12 06:52:00,20.6
2025-06-12 12:39:00,64.3
2025-06-12 21:07:00,34.4
2025-06-12 06:44:00,42.3
2025-06-12 08:35:00,17.0
2025-06-12 06:49:00,81.5
2025-06-12 23:57:00,46.8
2025-06-12 19:46:00,49.28634215500945
2025-06-12 04:04:00,49.28634215500945
2025-06-12 13:37:00,49.28634215500945
2025-06-12 20:26:00,18.4
2025-06-12 05:07:00,51.3
2025-06-12 11:49:00,25.4
2025-06-12 19:42:00,79.3
2025-06-12 16:46:00,47.9
2025-06-12 23:04:00,13.7
2025-06-12 11:10:00,49.28634215500945
2025-06-12 17:44:00,33.7
2025-06-12 17:53:00,90.6
2025-06-12 06:57:00,49.28634215500945
2025-06-12 12:54:00,51.5
2025-06-12 14:54:00,28.4
2025-06-12 11:35:00,93.8
2025-06-12 13:31:00,65.4
2025-06-12 20:17:00,49.28634215500945
2025-06-12 00:21:00,70.2
2025-06-12 14:39:00,49.28634215500945
2025-06-12 14:58:00,26.7
2025-06-12 02:09:00,19.0
2025-06-12 23:35:00,29.8
2025-06-12 17:18:00,49.28634215500945
2025-06-12 00:40:00,51.7
2025-06-12 08:30:00,49.28634215500945
2025-06-12 10:56:00,1.8
2025-06-12 18:02:00,98.1
2025-06-12 06:49:00,57.1
2025-06-12 04:44:00,49.28634215500945
2025-06-12 22:57:00,99.3
2025-06-12 02:53:00,73.4
2025-06-12 23:25:00,20.5
2025-06-12 13:43:00,49.28634215500945
2025-06-12 01:17:00,61.3
2025-06-12 15:55:00,5.7
2025-06-12 17:44:00,45.7
2025-06-12 08:46:00,49.28634215500945
2025-06-12 08:52:00,38.5
2025-06-12 15:15:00,97.5
2025-06-12 09:11:00,35.4
2025-06-12 19:01:00,85.2
2025-06-12 15:37:00,72.4
2025-06-12 11:08:00,49.28634215500945
2025-06-12 21:04:00,59.8
2025-06-12 20:33:00,13.5
2025-06-12 06:40:00,45.4
2025-06-12 19:11:00,41.2
2025-06-12 07:23:00,37.4
2025-06-12 00:30:00,32.7
2025-06-12 10:06:00,51.8
2025-06-12 16:10:00,28.0
2025-06-12 10:22:00,42.3
2025-06-12 08:21:00,41.8
2025-06-12 07:56:00,50.0812925170068
2025-06-12 17:21:00,1.6
2025-06-12 16:36:00,26.8
2025-06-12 21:16:00,81.7
2025-06-12 10:39:00,27.3
2025-06-12 19:55:00,91.7
2025-06-12 00:02:00,69.0
2025-06-12 21:14:00,71.0
2025-06-12 04:16:00,64.0
2025-06-12 12:31:00,99.5
2025-06-12 06:51:00,16.5
2025-06-12 02:57:00,58.1
2025-06-12 08:22:00,12.1
2025-06-12 03:21:00,52.3
2025-06-12 16:47:00,5.0
2025-06-12 02:37:00,64.5
2025-06-12 15:50:00,94.5
2025-06-12 11:55:00,70.1
2025-06-12 03:30:00,96.1
2025-06-12 09:16:00,34.0
2025-06-12 23:47:00,50.0812925170068
2025-06-12 13:42:00,94.7
2025-06-12 04:21:00,26.8
2025-06-12 03:43:00,3.6
2025-06-12 09:04:00,77.5
2025-06-12 20:47:00,55.8
2025-06-12 01:33:00,67.9
2025-06-12 01:51:00,94.2
2025-06-12 06:43:00,4.1
2025-06-12 08:53:00,68.1
2025-06-12 08:16:00,7.6
2025-06-12 20:43:00,3.4
2025-06-12 15:25:00,98.0
2025-06-12 05:30:00,50.0812925170068
2025-06-12 22:57:00,77.6
2025-06-12 17:14:00,21.7
2025-06-12 17:09:00,49.3
2025-06-12 21:29:00,60.4
2025-06-12 19:01:00,39.9
2025-06-12 22:04:00,8.9
2025-06-12 21:59:00,77.8
2025-06-12 17:02:00,50.0812925170068
2025-06-12 19:14:00,75.3
2025-06-12 17:55:00,50.0812925170068
2025-06-12 13:25:00,3.3
2025-06-12 08:29:00,28.0
2025-06-12 09:17:00,81.7
2025-06-12 13:02:00,69.9
2025-06-12 00:57:00,61.8
2025-06-12 13:45:00,84.0
2025-06-12 00:12:00,93.3
2025-06-12 22:08:00,99.2
2025-06-12 05:21:00,72.0
2025-06-12 02:25:00,52.1
2025-06-12 17:04:00,11.1
2025-06-12 01:34:00,46.8
2025-06-12 12:03:00,67.4
2025-06-12 02:50:00,50.0812925170068
2025-06-12 10:27:00,77.4
2025-06-12 18:42:00,77.0
2025-06-12 06:18:00,66.3
2025-06-12 23:25:00,38.7
2025-06-12 20:43:00,36.6
2025-06-12 16:56:00,4.9
2025-06-12 22:49:00,5.6
2025-06-12 02:45:00,50.0812925170068
2025-06-12 00:26:00,50.0812925170068
2025-06-12 10:22:00,39.2
2025-06-12 06:18:00,41.9
2025-06-12 09:43:00,5.5
2025-06-12 20:31:00,37.4
2025-06-12 19:55:00,96.9
2025-06-12 20:21:00,12.7
2025-06-12 02:28:00,72.2
2025-06-12 16:33:00,89.4
2025-06-12 03:10:00,67.3
2025-06-12 22:59:00,5.4
2025-06-12 23:07:00,71.5
2025-06-12 19:04:00,77.6
2025-06-12 20:59:00,35.2
2025-06-12 23:25:00,25.3
2025-06-12 01:50:00,50.0812925170068
2025-06-12 03:10:00,75.7
2025-06-12 20:04:00,13.8
2025-06-12 12:20:00,23.4
2025-06-12 03:23:00,38.3
2025-06-12 04:26:00,64.1
2025-06-12 19:36:00,58.1
2025-06-12 17:54:00,35.7
2025-06-12 04:13:00,69.5
2025-06-12 10:47:00,50.0812925170068
2025-06-12 22:01:00,96.3
2025-06-12 03:43:00,50.0812925170068
2025-06-12 06:56:00,62.1
2025-06-12 22:20:00,28.6
2025-06-12 17:27:00,0.5
2025-06-12 04:05:00,56.7
2025-06-12 11:47:00,84.2
2025-06-12 11:50:00,50.0812925170068
2025-06-12 04:06:00,61.6
2025-06-12 11:51:00,57.3
2025-06-12 07:59:00,72.1
2025-06-12 04:19:00,33.6
2025-06-12 12:59:00,39.5
2025-06-12 22:23:00,88.2
2025-06-12 17:10:00,46.8
2025-06-12 07:29:00,6.2
2025-06-12 08:08:00,93.0
2025-06-12 18:16:00,69.0
2025-06-12 02:10:00,71.5
2025-06-12 22:53:00,50.0812925170068
2025-06-12 08:16:00,89.1
2025-06-12 05:53:00,82.3
2025-06-12 21:12:00,33.8
2025-06-12 11:53:00,91.5
2025-06-12 19:40:00,97.6
2025-06-12 08:20:00,40.0
2025-06-12 21:56:00,59.8
2025-06-12 12:01:00,92.0
2025-06-12 21:07:00,35.5
2025-06-12 23:27:00,44.9
2025-06-12 11:58:00,16.3
2025-06-12 08:28:00,81.7
2025-06-12 20:20:00,80.5
2025-06-12 22:52:00,93.2
2025-06-12 19:32:00,20.7
2025-06-12 03:04:00,32.4
2025-06-12 15:02:00,91.5
2025-06-12 09:14:00,26.6
2025-06-12 05:39:00,45.9
2025-06-12 04:09:00,69.4
2025-06-12 14:22:00,76.9
2025-06-12 08:40:00,61.9
2025-06-12 18:03:00,5.7
2025-06-12 15:50:00,50.0812925170068
2025-06-12 21:23:00,58.6
2025-06-12 10:36:00,26.6
2025-06-12 09:58:00,12.4
2025-06-12 16:01:00,81.3
2025-06-12 15:21:00,20.8
2025-06-12 22:13:00,22.7
2025-06-12 11:06:00,60.7
2025-06-12 23:33:00,50.0812925170068
2025-06-12 09:29:00,7.6
2025-06-12 01:20:00,12.4
2025-06-12 04:17:00,53.2
2025-06-12 20:31:00,2.1
2025-06-12 14:17:00,8.0
2025-06-12 07:09:00,30.8
2025-06-12 13:35:00,36.8
2025-06-12 13:22:00,81.7
2025-06-12 15:55:00,28.8
2025-06-12 10:23:00,8.2
2025-06-12 21:03:00,76.8
2025-06-12 22:37:00,28.9
2025-06-12 01:00:00,8.8
2025-06-12 07:35:00,23.5
2025-06-12 01:52:00,82.8
2025-06-12 03:32:00,81.9
2025-06-12 05:45:00,32.7
2025-06-12 23:58:00,22.1
2025-06-12 11:45:00,6.2
2025-06-12 21:20:00,82.0
2025-06-12 16:10:00,55.8
2025-06-12 19:09:00,75.2
2025-06-12 20:19:00,44.2
2025-06-12 12:31:00,44.7
2025-06-12 02:13:00,55.9
2025-06-12 04:58:00,64.8
2025-06-12 13:58:00,60.6
2025-06-12 14:31:00,53.5
2025-06-12 16:26:00,46.6
2025-06-12 04:21:00,85.0
2025-06-12 10:00:00,41.2
2025-06-12 03:02:00,65.5
2025-06-12 13:02:00,96.1
2025-06-12 01:46:00,50.0812925170068
2025-06-12 12:50:00,62.2
2025-06-12 05:13:00,17.9
2025-06-12 06:59:00,53.8
2025-06-12 08:39:00,11.5
2025-06-12 14:04:00,66.1
2025-06-12 21:28:00,50.0812925170068
2025-06-12 17:09:00,33.0
2025-06-12 09:12:00,57.7
2025-06-12 16:46:00,28.5
2025-06-12 20:18:00,30.8
2025-06-12 18:42:00,58.6
2025-06-12 09:51:00,36.4
2025-06-12 03:25:00,82.3
2025-06-12 01:00:00,42.9
2025-06-12 07:47:00,77.4
2025-06-12 11:34:00,67.7
2025-06-12 23:35:00,43.2
2025-06-12 03:29:00,2.3
2025-06-12 14:55:00,15.2
2025-06-12 11:58:00,62.3
2025-06-12 07:01:00,97.1
2025-06-12 03:55:00,45.7
2025-06-12 00:52:00,50.0812925170068
2025-06-12 08:14:00,91.0
2025-06-12 15:59:00,50.0812925170068
2025-06-12 10:45:00,26.7
2025-06-12 04:41:00,30.8
2025-06-12 19:11:00,8.9
2025-06-12 15:42:00,4.4
2025-06-12 16:11:00,4.3
2025-06-12 05:04:00,71.0
2025-06-12 00:44:00,50.0812925170068
2025-06-12 01:09:00,50.0812925170068
2025-06-12 14:00:00,14.9
2025-06-12 08:44:00,0.4
2025-06-12 07:47:00,92.2
2025-06-12 03:25:00,50.0812925170068
2025-06-12 19:31:00,6.2
2025-06-12 23:37:00,53.4
2025-06-12 08:19:00,50.0812925170068
2025-06-12 14:29:00,5.7
2025-06-12 01:28:00,73.6
2025-06-12 12:16:00,24.7
2025-06-12 13:53:00,16.5
2025-06-12 15:36:00,63.7
2025-06-12 17:12:00,47.1
2025-06-12 03:43:00,17.5
2025-06-12 00:59:00,81.8
2025-06-12 16:06:00,62.7
2025-06-12 12:56:00,29.9
2025-06-12 09:43:00,38.1
2025-06-12 21:30:00,51.0
2025-06-12 19:18:00,50.0812925170068
2025-06-12 02:11:00,31.5
2025-06-12 07:27:00,43.8
2025-06-12 03:30:00,70.1
2025-06-12 14:13:00,19.2
2025-06-12 20:09:00,91.5
2025-06-12 14:13:00,53.6
2025-06-12 23:35:00,50.0812925170068
2025-06-12 19:48:00,17.6
2025-06-12 22:12:00,67.4
2025-06-12 19:36:00,47.5
2025-06-12 08:01:00,33.6
2025-06-12 05:08:00,20.8
2025-06-12 00:09:00,34.2
2025-06-12 03:44:00,32.0
2025-06-12 08:11:00,51.8
2025-06-12 13:55:00,14.7
2025-06-12 03:24:00,28.1
2025-06-12 04:01:00,3.6
2025-06-12 15:28:00,39.3
2025-06-12 01:48:00,93.8
2025-06-12 00:57:00,50.0812925170068
2025-06-12 08:54:00,64.8
2025-06-12 20:42:00,50.0812925170068
2025-06-12 08:06:00,2.5
2025-06-12 13:24:00,41.3
2025-06-12 23:05:00,50.0812925170068
2025-06-12 22:02:00,49.0
2025-06-12 21:20:00,2.1
2025-06-12 22:46:00,3.6
2025-06-12 06:26:00,1.1
2025-06-12 11:51:00,26.2
2025-06-12 18:18:00,50.6
2025-06-12 10:29:00,34.0
2025-06-12 23:11:00,68.2
2025-06-12 18:18:00,49.9
2025-06-12 22:53:00,50.0812925170068
2025-06-12 04:01:00,80.9
2025-06-12 14:09:00,73.4
2025-06-12 12:34:00,49.7
2025-06-12 02:13:00,10.8
2025-06-12 08:29:00,87.0
2025-06-12 20:31:00,50.2
2025-06-12 23:04:00,85.7
2025-06-12 08:09:00,44.5
2025-06-12 04:11:00,50.0812925170068
2025-06-12 16:07:00,91.7
2025-06-12 12:09:00,50.0812925170068
2025-06-12 18:31:00,9.2
2025-06-12 01:00:00,50.0812925170068
2025-06-12 03:01:00,50.0812925170068
2025-06-12 02:05:00,77.6
2025-06-12 07:25:00,50.0812925170068
2025-06-12 02:14:00,61.8
2025-06-12 10:48:00,21.9
2025-06-12 03:26:00,0.7
2025-06-12 22:02:00,55.0
2025-06-12 16:54:00,50.0812925170068
2025-06-12 18:51:00,50.0812925170068
2025-06-12 11:13:00,87.2
2025-06-12 14:56:00,24.1
2025-06-12 02:37:00,71.4
2025-06-12 04:33:00,17.8
2025-06-12 02:34:00,23.6
2025-06-12 09:55:00,20.5
2025-06-12 09:21:00,6.2
2025-06-12 11:31:00,69.6
2025-06-12 17:08:00,54.4
2025-06-12 07:14:00,50.0812925170068
2025-06-12 03:22:00,60.8
2025-06-12 15:29:00,50.0812925170068
2025-06-12 12:52:00,98.4
2025-06-12 15:46:00,70.1
2025-06-12 05:15:00,82.2
2025-06-12 04:44:00,50.0812925170068
2025-06-12 05:24:00,67.1
2025-06-12 04:00:00,86.2
2025-06-12 06:40:00,84.8
2025-06-12 10:43:00,97.1
2025-06-12 14:32:00,50.0812925170068
2025-06-12 04:25:00,88.3
2025-06-12 08:18:00,48.8
2025-06-12 10:00:00,34.1
2025-06-12 11:22:00,75.8
2025-06-12 23:47:00,71.0
2025-06-12 03:34:00,36.9
2025-06-12 03:55:00,37.7
2025-06-12 05:16:00,45.3
2025-06-12 11:26:00,41.4
2025-06-12 15:40:00,36.6
2025-06-12 22:06:00,1.3
2025-06-12 23:27:00,50.0812925170068
2025-06-12 09:47:00,51.1
2025-06-12 22:12:00,94.4
2025-06-12 16:48:00,49.0
2025-06-12 23:01:00,74.8
2025-06-12 23:31:00,50.0812925170068
2025-06-12 00:53:00,75.8
2025-06-12 13:22:00,45.6
2025-06-12 18:39:00,50.0812925170068
2025-06-12 04:44:00,77.2
2025-06-12 11:38:00,82.3
2025-06-12 15:35:00,39.6
2025-06-12 10:03:00,50.0812925170068
2025-06-12 13:47:00,65.8
2025-06-12 13:58:00,46.9
2025-06-12 22:44:00,96.1
2025-06-12 10:13:00,8.3
2025-06-12 22:22:00,84.3
2025-06-12 01:36:00,33.4
2025-06-12 04:06:00,23.9
2025-06-12 10:13:00,27.7
2025-06-12 22:22:00,5.5
2025-06-12 17:59:00,98.7
2025-06-12 00:00:00,80.2
2025-06-12 20:20:00,49.63695830886671
2025-06-12 03:34:00,59.3
2025-06-12 00:42:00,85.0
2025-06-12 23:39:00,66.8
2025-06-12 12:06:00,99.2
2025-06-12 08:38:00,71.8
2025-06-12 03:32:00,71.7
2025-06-12 18:06:00,68.9
2025-06-12 18:19:00,79.7
2025-06-12 02:12:00,49.63695830886671
2025-06-12 08:47:00,58.8
2025-06-12 18:11:00,12.1
2025-06-12 23:32:00,16.6
2025-06-12 16:29:00,57.0
2025-06-12 21:03:00,6.0
2025-06-12 10:28:00,49.63695830886671
2025-06-12 07:00:00,61.4
2025-06-12 19:16:00,38.4
2025-06-12 19:36:00,87.8
2025-06-12 14:37:00,92.1
2025-06-12 11:17:00,28.7
2025-06-12 20:01:00,49.63695830886671
2025-06-12 09:16:00,36.2
2025-06-12 19:54:00,17.0
2025-06-12 11:49:00,18.3
2025-06-12 12:52:00,1.5
2025-06-12 10:39:00,49.63695830886671
2025-06-12 05:59:00,40.3
2025-06-12 22:59:00,75.3
2025-06-12 09:17:00,75.7
2025-06-12 01:51:00,20.8
2025-06-12 19:38:00,94.2
2025-06-12 11:33:00,26.7
2025-06-12 23:55:00,30.8
2025-06-12 15:52:00,48.9
2025-06-12 05:56:00,23.0
2025-06-12 16:22:00,13.3
2025-06-12 01:47:00,58.6
2025-06-12 12:54:00,32.4
2025-06-12 14:12:00,55.5
2025-06-12 06:31:00,38.8
2025-06-12 13:32:00,69.6
2025-06-12 16:21:00,68.3
2025-06-12 08:10:00,83.2
2025-06-12 21:05:00,82.2
2025-06-12 11:36:00,39.5
2025-06-12 10:04:00,60.1
2025-06-12 01:26:00,32.7
2025-06-12 22:49:00,57.3
2025-06-12 14:40:00,86.2
2025-06-12 05:32:00,37.4
2025-06-12 13:49:00,40.2
2025-06-12 16:28:00,39.0
2025-06-12 05:37:00,46.1
2025-06-12 03:14:00,76.4
2025-06-12 13:22:00,44.9
2025-06-12 03:35:00,30.6
2025-06-12 01:19:00,30.5
2025-06-12 22:35:00,38.8
2025-06-12 12:54:00,32.8
2025-06-12 23:29:00,57.6
2025-06-12 13:50:00,18.6
2025-06-12 08:42:00,82.5
2025-06-12 07:50:00,72.7
2025-06-12 09:51:00,32.6
2025-06-12 02:05:00,84.4
2025-06-12 18:38:00,30.4
2025-06-12 00:11:00,72.1
2025-06-12 22:09:00,81.4
2025-06-12 11:46:00,68.5
2025-06-12 07:29:00,72.0
2025-06-12 05:38:00,19.7
2025-06-12 10:23:00,35.9
2025-06-12 11:20:00,36.1
2025-06-12 17:46:00,73.8
2025-06-12 17:38:00,50.3
2025-06-12 06:34:00,69.7
2025-06-12 08:22:00,86.0
2025-06-12 12:24:00,55.2
2025-06-12 07:39:00,0.9
2025-06-12 01:52:00,57.0
2025-06-12 00:14:00,1.5
2025-06-12 04:46:00,49.63695830886671
2025-06-12 22:11:00,49.63695830886671
2025-06-12 04:45:00,83.6
2025-06-12 19:46:00,49.63695830886671
2025-06-12 21:32:00,15.6
2025-06-12 05:24:00,47.4
2025-06-12 02:25:00,25.9
2025-06-12 10:14:00,33.7
2025-06-12 21:35:00,13.7
2025-06-12 07:43:00,67.5
2025-06-12 17:06:00,68.0
2025-06-12 10:07:00,80.2
2025-06-12 03:28:00,49.63695830886671
2025-06-12 08:49:00,21.3
2025-06-12 16:29:00,72.2
2025-06-12 08:02:00,54.2
2025-06-12 07:42:00,15.5
2025-06-12 20:53:00,48.1
2025-06-12 13:17:00,13.4
2025-06-12 08:38:00,34.6
2025-06-12 23:54:00,94.2
2025-06-12 03:49:00,66.8
2025-06-12 19:34:00,33.8
2025-06-12 01:40:00,8.0
2025-06-12 07:36:00,98.6
2025-06-12 23:14:00,49.63695830886671
2025-06-12 13:18:00,62.2
2025-06-12 20:33:00,85.0
2025-06-12 10:59:00,49.63695830886671
2025-06-12 06:06:00,89.3
2025-06-12 06:47:00,12.6
2025-06-12 05:44:00,36.2
2025-06-12 10:23:00,29.4
2025-06-12 03:44:00,49.2
2025-06-12 07:09:00,59.6
2025-06-12 06:01:00,1.4
2025-06-12 13:27:00,22.6
2025-06-12 20:28:00,50.7
2025-06-12 13:49:00,84.1
2025-06-12 01:17:00,67.7
2025-06-12 18:51:00,91.2
2025-06-12 13:47:00,49.63695830886671
2025-06-12 16:14:00,94.6
2025-06-12 17:53:00,50.1
2025-06-12 17:07:00,5.9
2025-06-12 09:14:00,28.1
2025-06-12 10:24:00,29.9
2025-06-12 08:46:00,72.3
2025-06-12 09:06:00,20.2
2025-06-12 22:12:00,82.4
2025-06-12 23:43:00,24.1
2025-06-12 09:41:00,34.0
2025-06-12 10:52:00,23.7
2025-06-12 00:05:00,10.7
2025-06-12 04:24:00,49.63695830886671
2025-06-12 00:27:00,88.5
2025-06-12 00:21:00,98.1
2025-06-12 10:45:00,2.2
2025-06-12 20:53:00,3.3
2025-06-12 02:27:00,49.63695830886671
2025-06-12 17:56:00,78.2
2025-06-12 13:48:00,86.0
2025-06-12 00:47:00,45.2
2025-06-12 06:54:00,59.7
2025-06-12 11:08:00,83.0
2025-06-12 06:35:00,73.9
2025-06-12 17:38:00,50.7
2025-06-12 20:24:00,3.6
2025-06-12 03:56:00,25.9
2025-06-12 02:00:00,86.6
2025-06-12 12:37:00,49.63695830886671
2025-06-12 08:32:00,27.9
2025-06-12 08:15:00,49.63695830886671
2025-06-12 18:50:00,7.1
2025-06-12 18:12:00,87.0
2025-06-12 08:41:00,38.1
2025-06-12 08:55:00,12.7
2025-06-12 07:52:00,1.9
2025-06-12 21:03:00,26.0
2025-06-12 05:04:00,5.5
2025-06-12 09:39:00,61.9
2025-06-12 17:09:00,79.6
2025-06-12 16:14:00,37.9
2025-06-12 01:44:00,49.63695830886671
2025-06-12 04:45:00,60.3
2025-06-12 18:12:00,39.1
2025-06-12 16:54:00,96.3
2025-06-12 01:56:00,49.63695830886671
2025-06-12 18:09:00,33.7
2025-06-12 10:19:00,73.8
2025-06-12 00:14:00,67.4
2025-06-12 05:07:00,64.8
2025-06-12 23:32:00,90.5
2025-06-12 15:55:00,56.1
2025-06-12 13:19:00,4.4
2025-06-12 07:44:00,84.0
2025-06-12 18:55:00,26.0
2025-06-12 11:49:00,85.8
2025-06-12 20:07:00,21.8
2025-06-12 02:26:00,49.63695830886671
2025-06-12 16:34:00,75.7
2025-06-12 11:00:00,91.7
2025-06-12 00:49:00,49.63695830886671
2025-06-12 18:15:00,49.63695830886671
2025-06-12 19:05:00,87.6
2025-06-12 10:26:00,49.63695830886671
2025-06-12 11:37:00,7.2
2025-06-12 19:54:00,49.63695830886671
2025-06-12 01:34:00,99.1
2025-06-12 06:18:00,92.7
2025-06-12 12:15:00,8.0
2025-06-12 05:51:00,52.4
2025-06-12 09:17:00,93.7
2025-06-12 05:47:00,21.3
2025-06-12 05:24:00,51.4
2025-06-12 06:32:00,26.3
2025-06-12 12:31:00,88.4
2025-06-12 10:07:00,45.9
2025-06-12 07:29:00,50.0
2025-06-12 11:05:00,56.6
2025-06-12 23:41:00,88.6
2025-06-12 05:04:00,51.3
2025-06-12 16:15:00,49.63695830886671
2025-06-12 08:23:00,13.4
2025-06-12 05:33:00,37.4
2025-06-12 18:13:00,93.2
2025-06-12 08:44:00,65.1
2025-06-12 07:51:00,97.9
2025-06-12 00:58:00,6.8
2025-06-12 07:16:00,28.4
2025-06-12 04:43:00,49.63695830886671
2025-06-12 20:23:00,16.4
2025-06-12 12:23:00,55.8
2025-06-12 09:00:00,48.1
2025-06-12 21:46:00,91.9
2025-06-12 11:48:00,92.6
2025-06-12 18:21:00,28.9
2025-06-12 14:36:00,96.0
2025-06-12 14:22:00,68.9
2025-06-12 13:29:00,12.5
2025-06-12 17:11:00,49.63695830886671
2025-06-12 18:30:00,4.7
2025-06-12 01:27:00,81.7
2025-06-12 17:51:00,46.1
2025-06-12 21:30:00,60.1
2025-06-12 16:19:00,44.7
2025-06-12 02:07:00,43.6
2025-06-12 23:47:00,78.5
2025-06-12 10:13:00,38.0
2025-06-12 02:47:00,80.6
2025-06-12 19:19:00,35.2
2025-06-12 21:04:00,0.2
2025-06-12 03:13:00,41.4
2025-06-12 15:14:00,53.6
2025-06-12 20:07:00,65.1
2025-06-12 11:42:00,78.7
2025-06-12 02:06:00,22.9
2025-06-12 18:51:00,97.8
2025-06-12 12:04:00,60.6
2025-06-12 08:13:00,49.1
2025-06-12 02:37:00,44.7
2025-06-12 16:24:00,39.5
2025-06-12 07:36:00,67.3
2025-06-12 21:23:00,95.3
2025-06-12 00:15:00,58.2
2025-06-12 17:57:00,33.5
2025-06-12 16:31:00,10.5
2025-06-12 06:10:00,94.9
2025-06-12 10:06:00,49.63695830886671
2025-06-12 16:27:00,43.5
2025-06-12 06:47:00,49.63695830886671
2025-06-12 15:38:00,47.3
2025-06-12 23:30:00,4.7
2025-06-12 11:39:00,49.63695830886671
2025-06-12 15:52:00,74.9
2025-06-12 04:54:00,31.0
2025-06-12 00:59:00,54.1
2025-06-12 23:15:00,65.2
2025-06-12 10:57:00,88.0
2025-06-12 23:57:00,49.63695830886671
2025-06-12 14:13:00,49.63695830886671
2025-06-12 12:56:00,60.5
2025-06-12 02:41:00,49.63695830886671
2025-06-12 05:28:00,49.63695830886671
2025-06-12 13:05:00,17.6
2025-06-12 23:07:00,58.0
2025-06-12 12:51:00,47.5
2025-06-12 21:58:00,80.1
2025-06-12 01:58:00,32.4
2025-06-12 14:13:00,62.8
2025-06-12 22:21:00,45.1
2025-06-12 02:20:00,69.2
2025-06-12 02:19:00,21.3
2025-06-12 17:56:00,30.9
2025-06-12 23:55:00,59.6
2025-06-12 07:49:00,91.4
2025-06-12 00:18:00,68.1
2025-06-12 14:07:00,72.7
2025-06-12 16:21:00,49.63695830886671
2025-06-12 20:46:00,10.9
2025-06-12 07:46:00,27.2
2025-06-12 10:33:00,49.63695830886671
2025-06-12 22:08:00,4.1
2025-06-12 18:53:00,86.1
2025-06-12 07:17:00,20.7
2025-06-12 19:28:00,10.5
2025-06-12 19:21:00,68.8
2025-06-12 19:45:00,80.9
2025-06-12 16:51:00,70.0
2025-06-12 10:44:00,49.63695830886671
2025-06-12 08:43:00,52.5
2025-06-12 23:40:00,20.4
2025-06-12 01:25:00,87.4
2025-06-12 19:08:00,49.63695830886671
2025-06-12 12:12:00,19.1
2025-06-12 17:54:00,14.5
2025-06-12 11:59:00,90.3
2025-06-12 12:53:00,49.63695830886671
2025-06-12 20:28:00,5.5
2025-06-12 13:02:00,6.4
2025-06-12 00:10:00,49.63695830886671
2025-06-12 03:26:00,23.7
2025-06-12 07:25:00,49.63695830886671
2025-06-12 10:36:00,66.0
2025-06-12 10:20:00,41.6
2025-06-12 10:20:00,51.6
2025-06-12 07:23:00,12.2
2025-06-12 18:35:00,63.5
2025-06-12 22:01:00,75.3
2025-06-12 10:09:00,9.5
2025-06-12 15:41:00,87.9
2025-06-12 09:23:00,94.4
2025-06-12 17:02:00,79.7
2025-06-12 10:01:00,49.63695830886671
2025-06-12 12:40:00,80.2
2025-06-12 11:03:00,80.6
2025-06-12 00:21:00,49.63695830886671
2025-06-12 19:20:00,75.6
2025-06-12 04:55:00,75.2
2025-06-12 02:35:00,29.6
2025-06-12 16:39:00,88.1
2025-06-12 06:10:00,75.1
2025-06-12 09:02:00,40.5
2025-06-12 18:53:00,41.2
2025-06-12 14:42:00,47.3
2025-06-12 22:24:00,81.7
2025-06-12 21:42:00,49.63695830886671
2025-06-12 03:32:00,9.6
2025-06-12 11:39:00,83.7
2025-06-12 08:00:00,56.7
2025-06-12 13:54:00,61.9
2025-06-12 07:27:00,94.4
2025-06-12 08:39:00,47.7
2025-06-12 18:42:00,99.0
2025-06-12 04:58:00,49.63695830886671
2025-06-12 11:18:00,4.9
2025-06-12 10:32:00,22.2
2025-06-12 10:18:00,83.8
2025-06-12 09:39:00,56.9
2025-06-12 18:45:00,84.2
2025-06-12 22:05:00,16.8
2025-06-12 14:13:00,83.2
2025-06-12 06:58:00,49.63695830886671
2025-06-12 11:16:00,60.1
2025-06-12 02:25:00,11.7
2025-06-12 07:48:00,61.9
2025-06-12 13:46:00,30.6
2025-06-12 09:02:00,2.5
2025-06-12 09:58:00,1.1
2025-06-12 17:34:00,38.9
2025-06-12 20:31:00,49.63695830886671
2025-06-12 09:22:00,89.7
2025-06-12 05:52:00,96.4
2025-06-12 18:29:00,47.4
2025-06-12 05:38:00,50.5
2025-06-12 23:34:00,78.6
2025-06-12 13:37:00,30.9
2025-06-12 01:40:00,45.2
2025-06-12 18:50:00,96.0
2025-06-12 15:59:00,67.0
2025-06-12 04:05:00,96.9
2025-06-12 21:51:00,58.2
2025-06-12 20:03:00,72.9
2025-06-12 01:23:00,58.2
2025-06-12 12:48:00,50.41405513666353
2025-06-12 17:38:00,12.5
2025-06-12 19:45:00,53.5
2025-06-12 10:55:00,38.2
2025-06-12 17:52:00,1.5
2025-06-12 06:29:00,47.1
2025-06-12 02:06:00,16.1
2025-06-12 21:26:00,15.4
2025-06-12 00:50:00,88.4
2025-06-12 08:39:00,95.1
2025-06-12 06:22:00,99.4
2025-06-12 06:05:00,50.41405513666353
2025-06-12 01:37:00,40.5
2025-06-12 03:30:00,76.5
2025-06-12 20:29:00,4.6
2025-06-12 01:34:00,15.7
2025-06-12 19:24:00,92.7
2025-06-12 08:12:00,97.5
2025-06-12 01:16:00,99.5
2025-06-12 09:50:00,11.5
2025-06-12 06:23:00,89.4
2025-06-12 13:16:00,47.4
2025-06-12 04:07:00,58.2
2025-06-12 20:29:00,50.41405513666353
2025-06-12 05:41:00,56.5
2025-06-12 21:54:00,42.8
2025-06-12 08:47:00,94.6
2025-06-12 21:47:00,95.6
2025-06-12 03:05:00,28.7
2025-06-12 21:27:00,39.6
2025-06-12 20:30:00,51.1
2025-06-12 10:06:00,9.4
2025-06-12 11:25:00,50.41405513666353
2025-06-12 16:26:00,93.5
2025-06-12 13:24:00,60.6
2025-06-12 20:42:00,51.7
2025-06-12 04:10:00,71.7
2025-06-12 16:16:00,81.0
2025-06-12 14:49:00,19.7
2025-06-12 21:39:00,84.2
2025-06-12 13:32:00,64.6
2025-06-12 15:55:00,66.9
2025-06-12 22:45:00,50.41405513666353
2025-06-12 17:07:00,50.41405513666353
2025-06-12 21:18:00,83.9
2025-06-12 13:01:00,44.3
2025-06-12 09:02:00,33.7
2025-06-12 08:50:00,50.41405513666353
2025-06-12 01:40:00,43.1
2025-06-12 17:15:00,63.7
2025-06-12 19:26:00,50.41405513666353
2025-06-12 11:19:00,85.7
2025-06-12 07:20:00,33.1
2025-06-12 11:51:00,50.41405513666353
2025-06-12 10:49:00,98.3
2025-06-12 23:09:00,8.0
2025-06-12 06:05:00,94.2
2025-06-12 05:45:00,50.41405513666353
2025-06-12 08:31:00,100.0
2025-06-12 20:41:00,51.2
2025-06-12 00:07:00,0.7
2025-06-12 15:13:00,99.2
2025-06-12 19:22:00,97.8
2025-06-12 18:24:00,27.6
2025-06-12 21:07:00,40.6
2025-06-12 08:04:00,16.1
2025-06-12 01:30:00,15.9
2025-06-12 22:59:00,44.0
2025-06-12 21:15:00,64.9
2025-06-12 04:05:00,58.4
2025-06-12 14:39:00,12.9
2025-06-12 19:47:00,51.4
2025-06-12 12:00:00,18.5
2025-06-12 02:49:00,27.7
2025-06-12 23:12:00,94.2
2025-06-12 14:47:00,83.1
2025-06-12 20:51:00,75.4
2025-06-12 01:56:00,13.9
2025-06-12 09:45:00,81.7
2025-06-12 01:40:00,53.5
2025-06-12 13:10:00,50.41405513666353
2025-06-12 13:17:00,45.7
2025-06-12 16:44:00,68.9
2025-06-12 17:58:00,31.7
2025-06-12 06:43:00,92.9
2025-06-12 07:39:00,60.3
2025-06-12 10:59:00,79.4
2025-06-12 08:11:00,30.1
2025-06-12 17:09:00,79.7
2025-06-12 22:29:00,62.9
2025-06-12 12:45:00,32.8
2025-06-12 15:46:00,50.41405513666353
2025-06-12 05:33:00,89.8
2025-06-12 15:17:00,71.9
2025-06-12 01:15:00,99.8
2025-06-12 06:49:00,4.8
2025-06-12 07:46:00,93.3
2025-06-12 18:10:00,88.6
2025-06-12 23:19:00,13.3
2025-06-12 17:01:00,23.8
2025-06-12 03:06:00,47.1
2025-06-12 06:42:00,48.9
2025-06-12 16:04:00,57.8
2025-06-12 17:56:00,4.2
2025-06-12 22:31:00,32.8
2025-06-12 17:34:00,84.0
2025-06-12 17:28:00,50.41405513666353
2025-06-12 05:00:00,49.5
2025-06-12 18:09:00,21.0
2025-06-12 09:00:00,80.3
2025-06-12 01:16:00,79.6
2025-06-12 08:15:00,15.8
2025-06-12 16:28:00,63.6
2025-06-12 03:59:00,50.41405513666353
2025-06-12 20:07:00,32.3
2025-06-12 04:46:00,7.9
2025-06-12 12:38:00,30.1
2025-06-12 20:12:00,70.6
2025-06-12 10:45:00,27.5
2025-06-12 08:47:00,90.9
2025-06-12 19:53:00,56.6
2025-06-12 12:21:00,70.9
2025-06-12 14:13:00,50.41405513666353
2025-06-12 07:57:00,5.6
2025-06-12 22:52:00,82.6
2025-06-12 14:08:00,56.0
2025-06-12 05:02:00,39.2
2025-06-12 13:02:00,7.3
2025-06-12 04:59:00,94.7
2025-06-12 18:48:00,1.6
2025-06-12 08:07:00,50.41405513666353
2025-06-12 09:20:00,68.0
2025-06-12 01:54:00,16.4
2025-06-12 10:39:00,6.8
2025-06-12 06:53:00,2.3
2025-06-12 11:59:00,52.0
2025-06-12 00:34:00,45.6
2025-06-12 00:20:00,22.1
2025-06-12 21:19:00,98.7
2025-06-12 16:15:00,96.7
2025-06-12 01:27:00,50.41405513666353
2025-06-12 17:26:00,12.1
2025-06-12 14:58:00,22.2
2025-06-12 08:57:00,83.7
2025-06-12 08:52:00,67.8
2025-06-12 01:02:00,68.0
2025-06-12 18:13:00,41.3
2025-06-12 08:47:00,29.0
2025-06-12 14:11:00,39.8
2025-06-12 00:19:00,44.8
2025-06-12 20:18:00,91.1
2025-06-12 08:34:00,40.4
2025-06-12 04:43:00,50.41405513666353
2025-06-12 04:40:00,5.2
2025-06-12 04:26:00,32.3
2025-06-12 22:48:00,50.41405513666353
2025-06-12 21:11:00,57.1
2025-06-12 12:17:00,42.8
2025-06-12 22:20:00,19.1
2025-06-12 22:23:00,30.2
2025-06-12 06:40:00,33.4
2025-06-12 12:57:00,39.6
2025-06-12 11:06:00,78.9
2025-06-12 01:49:00,20.1
2025-06-12 05:34:00,81.1
2025-06-12 17:01:00,64.4
2025-06-12 15:13:00,83.1
2025-06-12 16:22:00,34.4
2025-06-12 04:56:00,18.9
2025-06-12 23:20:00,34.5
2025-06-12 19:22:00,50.41405513666353
2025-06-12 23:16:00,58.0
2025-06-12 06:51:00,3.2
2025-06-12 08:57:00,65.2
2025-06-12 16:00:00,20.9
2025-06-12 10:23:00,3.2
2025-06-12 17:00:00,86.5
2025-06-12 20:11:00,90.5
2025-06-12 23:48:00,2.4
2025-06-12 01:51:00,17.6
2025-06-12 11:55:00,14.7
2025-06-12 23:39:00,3.2
2025-06-12 21:03:00,41.5
2025-06-12 18:47:00,12.8
2025-06-12 11:07:00,51.2
2025-06-12 21:10:00,2.0
2025-06-12 03:46:00,23.2
2025-06-12 11:32:00,68.2
2025-06-12 02:34:00,35.8
2025-06-12 07:49:00,47.9
2025-06-12 13:19:00,64.2
2025-06-12 11:07:00,44.8
2025-06-12 01:03:00,49.4
2025-06-12 13:54:00,94.9
2025-06-12 06:54:00,61.1
2025-06-12 17:03:00,81.7
2025-06-12 12:58:00,4.2
2025-06-12 20:17:00,62.8
2025-06-12 07:38:00,31.6
2025-06-12 06:44:00,24.8
2025-06-12 09:54:00,81.2
2025-06-12 11:24:00,14.9
2025-06-12 10:43:00,25.5
2025-06-12 10:39:00,58.5
2025-06-12 17:35:00,50.41405513666353
2025-06-12 07:11:00,50.41405513666353
2025-06-12 17:21:00,27.4
2025-06-12 01:44:00,47.8
2025-06-12 09:39:00,63.2
2025-06-12 20:08:00,14.9
2025-06-12 16:38:00,13.3
2025-06-12 08:54:00,88.6
2025-06-12 21:19:00,11.5
2025-06-12 15:35:00,47.7
2025-06-12 16:25:00,8.6
2025-06-12 02:05:00,74.9
2025-06-12 05:42:00,35.2
2025-06-12 22:45:00,51.1
2025-06-12 06:54:00,50.41405513666353
2025-06-12 06:59:00,50.41405513666353
2025-06-12 13:08:00,46.2
2025-06-12 23:14:00,43.7
2025-06-12 01:53:00,24.6
2025-06-12 22:09:00,64.0
2025-06-12 06:57:00,86.5
2025-06-12 04:53:00,50.41405513666353
2025-06-12 07:16:00,70.8
2025-06-12 21:56:00,69.7
2025-06-12 06:58:00,27.1
2025-06-12 20:33:00,61.5
2025-06-12 18:54:00,77.5
2025-06-12 13:20:00,23.5
2025-06-12 20:23:00,44.5
2025-06-12 03:44:00,50.41405513666353
2025-06-12 04:22:00,76.8
2025-06-12 23:12:00,6.7
2025-06-12 23:43:00,5.6
2025-06-12 19:34:00,85.3
2025-06-12 18:38:00,46.4
2025-06-12 12:00:00,90.0
2025-06-12 12:50:00,66.7
2025-06-12 02:51:00,66.2
2025-06-12 05:48:00,7.6
2025-06-12 20:29:00,99.4
2025-06-12 20:46:00,20.1
2025-06-12 22:06:00,17.7
2025-06-12 03:36:00,84.0
2025-06-12 14:31:00,86.5
2025-06-12 02:21:00,50.41405513666353
2025-06-12 22:29:00,90.8
2025-06-12 15:08:00,70.5
2025-06-12 05:26:00,74.1
2025-06-12 15:27:00,90.6
2025-06-12 23:09:00,97.0
2025-06-12 00:25:00,0.4
2025-06-12 11:25:00,68.4
2025-06-12 00:05:00,33.5
2025-06-12 07:13:00,37.8
2025-06-12 22:21:00,84.3
2025-06-12 00:38:00,17.6
2025-06-12 02:43:00,29.8
2025-06-12 20:26:00,50.41405513666353
2025-06-12 04:05:00,50.41405513666353
2025-06-12 17:45:00,31.5
2025-06-12 21:05:00,67.5
2025-06-12 00:15:00,92.2
2025-06-12 12:58:00,59.2
2025-06-12 15:22:00,88.5
2025-06-12 06:16:00,49.2
2025-06-12 15:47:00,15.1
2025-06-12 11:25:00,22.5
2025-06-12 04:57:00,48.8
2025-06-12 13:46:00,53.9
2025-06-12 05:44:00,50.41405513666353
2025-06-12 07:18:00,50.41405513666353
2025-06-12 02:56:00,50.41405513666353
2025-06-12 14:47:00,56.2
2025-06-12 14:22:00,68.5
2025-06-12 04:01:00,50.41405513666353
2025-06-12 22:37:00,26.7
2025-06-12 15:09:00,38.7
2025-06-12 20:37:00,59.4
2025-06-12 11:42:00,87.1
2025-06-12 14:51:00,50.41405513666353
2025-06-12 23:35:00,25.5
2025-06-12 12:10:00,41.5
2025-06-12 07:02:00,12.6
2025-06-12 02:59:00,59.2
2025-06-12 15:02:00,72.5
2025-06-12 00:21:00,0.0
2025-06-12 13:06:00,77.1
2025-06-12 23:06:00,45.4
2025-06-12 07:13:00,70.3
2025-06-12 15:18:00,27.5
2025-06-12 00:33:00,30.5
2025-06-12 19:09:00,89.7
2025-06-12 13:37:00,54.0
2025-06-12 06:01:00,73.5
2025-06-12 01:40:00,88.0
2025-06-12 07:37:00,12.1
2025-06-12 01:23:00,77.9
2025-06-12 20:30:00,53.5
2025-06-12 22:50:00,3.3
2025-06-12 13:09:00,19.6
2025-06-12 02:17:00,94.8
2025-06-12 23:57:00,34.3
2025-06-12 06:40:00,35.0
2025-06-12 06:37:00,48.3
2025-06-12 22:42:00,74.7
2025-06-12 00:07:00,9.4
2025-06-12 17:37:00,79.8
2025-06-12 09:59:00,11.9
2025-06-12 12:23:00,96.2
2025-06-12 02:09:00,49.776157380139004
2025-06-12 00:24:00,8.4
2025-06-12 15:24:00,42.3
2025-06-12 01:11:00,6.2
2025-06-12 08:46:00,71.6
2025-06-12 07:13:00,43.7
2025-06-12 18:24:00,81.0
2025-06-12 14:10:00,47.0
2025-06-12 21:08:00,39.9
2025-06-12 07:03:00,14.3
2025-06-12 09:53:00,7.7
2025-06-12 21:58:00,67.5
2025-06-12 10:08:00,18.4
2025-06-12 09:01:00,46.7
2025-06-12 16:26:00,57.2
2025-06-12 09:31:00,27.5
2025-06-12 23:42:00,69.0
2025-06-12 03:30:00,43.6
2025-06-12 23:59:00,30.3
2025-06-12 13:16:00,25.4
2025-06-12 07:29:00,68.3
2025-06-12 22:14:00,49.776157380139004
2025-06-12 14:03:00,20.5
2025-06-12 02:01:00,56.2
2025-06-12 15:58:00,49.776157380139004
2025-06-12 13:21:00,26.8
2025-06-12 02:27:00,12.2
2025-06-12 19:32:00,13.6
2025-06-12 08:57:00,49.776157380139004
2025-06-12 02:27:00,34.9
2025-06-12 06:55:00,91.5
2025-06-12 03:04:00,2.0
2025-06-12 05:27:00,53.6
2025-06-12 14:15:00,49.776157380139004
2025-06-12 10:14:00,24.5
2025-06-12 14:01:00,89.8
2025-06-12 17:23:00,49.776157380139004
2025-06-12 09:31:00,93.4
2025-06-12 04:49:00,23.1
2025-06-12 21:09:00,70.8
2025-06-12 21:05:00,62.0
2025-06-12 14:34:00,44.4
2025-06-12 15:41:00,16.3
2025-06-12 13:52:00,78.6
2025-06-12 19:04:00,32.8
2025-06-12 15:01:00,41.9
2025-06-12 07:05:00,28.5
2025-06-12 00:46:00,49.776157380139004
2025-06-12 04:56:00,49.0
2025-06-12 12:16:00,45.0
2025-06-12 12:37:00,49.776157380139004
2025-06-12 13:28:00,44.2
2025-06-12 14:28:00,90.1
2025-06-12 04:37:00,66.8
2025-06-12 23:26:00,40.1
2025-06-12 10:03:00,49.776157380139004
2025-06-12 09:56:00,92.9
2025-06-12 13:31:00,9.0
2025-06-12 04:32:00,70.1
2025-06-12 23:18:00,43.2
2025-06-12 05:18:00,71.4
2025-06-12 07:50:00,95.4
2025-06-12 07:54:00,74.3
2025-06-12 00:17:00,28.7
2025-06-12 01:51:00,65.8
2025-06-12 17:55:00,56.7
2025-06-12 13:42:00,7.2
2025-06-12 13:04:00,59.7
2025-06-12 04:22:00,57.1
2025-06-12 07:50:00,22.7
2025-06-12 23:26:00,64.1
2025-06-12 12:18:00,45.2
2025-06-12 16:19:00,44.8
2025-06-12 18:37:00,29.5
2025-06-12 14:54:00,35.1
2025-06-12 20:31:00,87.7
2025-06-12 22:40:00,51.3
2025-06-12 10:43:00,99.5
2025-06-12 14:17:00,2.5
2025-06-12 12:33:00,90.9
2025-06-12 07:38:00,64.8
2025-06-12 23:43:00,25.6
2025-06-12 13:49:00,60.9
2025-06-12 15:35:00,49.776157380139004
2025-06-12 06:08:00,81.9
2025-06-12 01:35:00,49.776157380139004
2025-06-12 01:14:00,17.8
2025-06-12 08:45:00,47.4
2025-06-12 21:48:00,57.2
2025-06-12 07:28:00,88.3
2025-06-12 09:32:00,49.776157380139004
2025-06-12 18:30:00,49.776157380139004
2025-06-12 19:46:00,83.5
2025-06-12 21:35:00,34.0
2025-06-12 02:48:00,45.5
2025-06-12 09:27:00,34.9
2025-06-12 18:54:00,65.4
2025-06-12 08:00:00,70.3
2025-06-12 18:36:00,43.9
2025-06-12 20:23:00,19.8
2025-06-12 05:46:00,58.8
2025-06-12 04:41:00,34.3
2025-06-12 01:49:00,49.776157380139004
2025-06-12 23:18:00,74.1
2025-06-12 02:07:00,23.1
2025-06-12 03:48:00,97.5
2025-06-12 23:26:00,20.9
2025-06-12 11:21:00,22.0
2025-06-12 07:18:00,49.776157380139004
2025-06-12 12:28:00,62.7
2025-06-12 03:10:00,2.9
2025-06-12 23:19:00,72.6
2025-06-12 12:28:00,94.7
2025-06-12 18:04:00,63.0
2025-06-12 22:30:00,39.9
2025-06-12 09:53:00,63.8
2025-06-12 09:29:00,6.7
2025-06-12 06:15:00,0.5
2025-06-12 15:02:00,53.6
2025-06-12 03:20:00,79.8
2025-06-12 04:45:00,77.9
2025-06-12 17:31:00,50.8
2025-06-12 18:31:00,90.4
2025-06-12 17:50:00,16.9
2025-06-12 03:17:00,44.7
2025-06-12 12:13:00,54.7
2025-06-12 19:16:00,95.5
2025-06-12 11:35:00,38.1
2025-06-12 22:40:00,60.1
2025-06-12 00:03:00,26.4
2025-06-12 06:35:00,87.0
2025-06-12 00:04:00,89.7
2025-06-12 17:05:00,32.9
2025-06-12 02:31:00,49.776157380139004
2025-06-12 01:17:00,21.2
2025-06-12 16:24:00,11.9
2025-06-12 18:54:00,70.2
2025-06-12 21:48:00,51.7
2025-06-12 04:19:00,16.4
2025-06-12 08:40:00,50.2
2025-06-12 13:08:00,70.6
2025-06-12 04:45:00,22.5
2025-06-12 01:33:00,40.5
2025-06-12 18:03:00,96.1
2025-06-12 21:21:00,14.0
2025-06-12 15:45:00,66.7
2025-06-12 17:04:00,59.7
2025-06-12 16:39:00,44.5
2025-06-12 07:39:00,49.776157380139004
2025-06-12 04:30:00,85.1
2025-06-12 04:52:00,48.8
2025-06-12 07:38:00,11.3
2025-06-12 21:18:00,29.3
2025-06-12 09:49:00,11.5
2025-06-12 07:03:00,23.8
2025-06-12 17:46:00,58.0
2025-06-12 08:31:00,91.2
2025-06-12 13:19:00,91.0
2025-06-12 21:02:00,96.4
2025-06-12 15:28:00,4.4
2025-06-12 20:08:00,61.8
2025-06-12 17:11:00,91.8
2025-06-12 10:53:00,30.5
2025-06-12 15:32:00,49.776157380139004
2025-06-12 23:20:00,24.3
2025-06-12 20:34:00,28.7
2025-06-12 01:45:00,4.1
2025-06-12 13:00:00,49.776157380139004
2025-06-12 22:32:00,15.0
2025-06-12 12:19:00,49.776157380139004
2025-06-12 04:59:00,0.7
2025-06-12 18:19:00,24.0
2025-06-12 05:00:00,28.1
2025-06-12 00:57:00,49.776157380139004
2025-06-12 07:14:00,49.776157380139004
2025-06-12 19:48:00,5.3
2025-06-12 00:25:00,49.776157380139004
2025-06-12 00:28:00,73.1
2025-06-12 16:13:00,49.776157380139004
2025-06-12 20:49:00,15.2
2025-06-12 22:21:00,48.0
2025-06-12 14:36:00,79.4
2025-06-12 14:54:00,37.2
2025-06-12 17:32:00,8.9
2025-06-12 15:50:00,44.1
2025-06-12 11:37:00,52.0
2025-06-12 10:52:00,42.7
2025-06-12 10:19:00,46.3
2025-06-12 00:32:00,57.4
2025-06-12 19:44:00,88.3
2025-06-12 19:12:00,95.1
2025-06-12 01:37:00,71.0
2025-06-12 20:08:00,49.776157380139004
2025-06-12 20:20:00,90.9
2025-06-12 22:41:00,49.776157380139004
2025-06-12 21:54:00,50.0
2025-06-12 09:32:00,100.0
2025-06-12 00:42:00,30.9
2025-06-12 13:00:00,39.1
2025-06-12 23:35:00,49.776157380139004
2025-06-12 19:12:00,7.0
2025-06-12 05:57:00,93.1
2025-06-12 20:24:00,83.6
2025-06-12 02:08:00,40.0
2025-06-12 01:27:00,98.0
2025-06-12 22:22:00,63.2
2025-06-12 19:44:00,49.776157380139004
2025-06-12 22:48:00,49.776157380139004
2025-06-12 13:00:00,49.3
2025-06-12 16:51:00,26.7
2025-06-12 19:04:00,49.776157380139004
2025-06-12 13:17:00,1.1
2025-06-12 02:28:00,96.7
2025-06-12 14:08:00,66.5
2025-06-12 20:34:00,16.8
2025-06-12 12:01:00,35.8
2025-06-12 08:39:00,85.8
2025-06-12 03:32:00,43.9
2025-06-12 00:22:00,64.2
2025-06-12 18:44:00,49.3
2025-06-12 11:10:00,51.8
2025-06-12 12:56:00,96.9
2025-06-12 06:33:00,85.8
2025-06-12 13:07:00,10.6
2025-06-12 11:47:00,90.3
2025-06-12 08:48:00,74.5
2025-06-12 13:58:00,52.7
2025-06-12 22:30:00,21.1
2025-06-12 15:02:00,12.7
2025-06-12 07:54:00,49.776157380139004
2025-06-12 04:07:00,28.2
2025-06-12 06:36:00,98.7
2025-06-12 23:20:00,36.2
2025-06-12 22:41:00,22.5
2025-06-12 18:22:00,85.0
2025-06-12 22:03:00,49.776157380139004
2025-06-12 16:20:00,82.4
2025-06-12 12:08:00,23.7
2025-06-12 01:49:00,83.2
2025-06-12 15:39:00,49.776157380139004
2025-06-12 05:31:00,49.3
2025-06-12 13:40:00,19.7
2025-06-12 22:37:00,95.4
2025-06-12 08:01:00,5.2
2025-06-12 20:00:00,19.9
2025-06-12 20:02:00,63.8
2025-06-12 14:20:00,62.3
2025-06-12 02:09:00,49.776157380139004
2025-06-12 23:14:00,71.3
2025-06-12 04:38:00,43.0
2025-06-12 18:34:00,35.3
2025-06-12 21:51:00,19.5
2025-06-12 18:33:00,25.6
2025-06-12 00:46:00,62.4
2025-06-12 20:16:00,49.776157380139004
2025-06-12 19:53:00,71.5
2025-06-12 10:16:00,36.0
2025-06-12 14:32:00,49.776157380139004
2025-06-12 00:00:00,68.3
2025-06-12 20:09:00,11.4
2025-06-12 17:02:00,85.9
2025-06-12 18:11:00,49.776157380139004
2025-06-12 05:11:00,56.1
2025-06-12 06:58:00,64.7
2025-06-12 21:17:00,67.2
2025-06-12 21:15:00,49.776157380139004
2025-06-12 15:23:00,49.1
2025-06-12 12:34:00,45.6
2025-06-12 04:06:00,66.8
2025-06-12 12:49:00,65.9
2025-06-12 04:54:00,3.3
2025-06-12 22:27:00,26.9
2025-06-12 06:03:00,58.2
2025-06-12 22:37:00,24.8
2025-06-12 13:44:00,4.3
2025-06-12 19:23:00,11.1
2025-06-12 05:44:00,49.776157380139004
2025-06-12 21:56:00,34.9
2025-06-12 14:13:00,49.776157380139004
2025-06-12 10:35:00,3.4
2025-06-12 06:54:00,49.776157380139004
2025-06-12 18:50:00,65.8
2025-06-12 16:56:00,24.3
2025-06-12 04:29:00,77.6
2025-06-12 19:22:00,82.6
2025-06-12 21:13:00,3.9
2025-06-12 06:16:00,59.7
2025-06-12 06:16:00,89.1
2025-06-12 18:38:00,49.776157380139004
2025-06-12 21:13:00,49.776157380139004
2025-06-12 12:09:00,33.4
2025-06-12 13:39:00,72.2
2025-06-12 05:00:00,24.4
2025-06-12 22:58:00,1.3
2025-06-12 19:27:00,8.8
2025-06-12 22:50:00,84.6
2025-06-12 02:24:00,61.3
2025-06-12 14:28:00,56.4
2025-06-12 16:51:00,0.5
2025-06-12 13:11:00,59.5
2025-06-12 01:59:00,60.4
2025-06-12 06:17:00,31.1
2025-06-12 04:54:00,21.1
2025-06-12 00:00:00,88.8
2025-06-12 14:36:00,21.0
2025-06-12 10:36:00,10.0
2025-06-12 03:48:00,59.3
2025-06-12 19:51:00,98.8
2025-06-12 11:27:00,49.776157380139004
2025-06-12 14:04:00,84.5
2025-06-12 12:05:00,49.776157380139004
2025-06-12 14:29:00,62.6
2025-06-12 16:52:00,22.4
2025-06-12 16:06:00,74.1
2025-06-12 21:17:00,90.7
2025-06-12 02:50:00,65.4
2025-06-12 23:09:00,92.5
2025-06-12 12:42:00,33.8
2025-06-12 22:32:00,37.6
2025-06-12 01:29:00,46.9
2025-06-12 18:16:00,95.0
2025-06-12 07:13:00,35.6
2025-06-12 11:14:00,85.0
2025-06-12 15:09:00,49.81767540251498
2025-06-12 21:47:00,32.2
2025-06-12 18:36:00,12.9
2025-06-12 06:57:00,49.81767540251498
2025-06-12 13:26:00,18.0
2025-06-12 09:26:00,26.7
2025-06-12 22:24:00,84.6
2025-06-12 22:11:00,59.4
2025-06-12 23:13:00,35.1
2025-06-12 11:01:00,25.0
2025-06-12 09:32:00,6.9
2025-06-12 06:36:00,49.81767540251498
2025-06-12 23:05:00,71.4
2025-06-12 19:18:00,98.1
2025-06-12 16:37:00,17.1
2025-06-12 05:15:00,66.6
2025-06-12 17:51:00,49.81767540251498
2025-06-12 03:19:00,49.81767540251498
2025-06-12 18:07:00,33.9
2025-06-12 03:58:00,56.9
2025-06-12 16:19:00,49.81767540251498
2025-06-12 04:24:00,74.8
2025-06-12 07:18:00,93.8
2025-06-12 04:13:00,38.3
2025-06-12 07:24:00,72.4
2025-06-12 20:54:00,69.4
2025-06-12 23:57:00,64.6
2025-06-12 22:44:00,83.6
2025-06-12 02:56:00,66.7
2025-06-12 10:59:00,31.8
2025-06-12 04:28:00,71.6
2025-06-12 12:40:00,55.2
2025-06-12 06:40:00,24.5
2025-06-12 23:53:00,29.2
2025-06-12 20:52:00,33.1
2025-06-12 06:37:00,49.81767540251498
2025-06-12 18:34:00,29.3
2025-06-12 01:45:00,40.5
2025-06-12 11:33:00,31.4
2025-06-12 00:31:00,87.1
2025-06-12 06:19:00,41.8
2025-06-12 17:02:00,0.4
2025-06-12 15:09:00,74.5
2025-06-12 05:43:00,0.3
2025-06-12 01:16:00,49.81767540251498
2025-06-12 12:30:00,47.9
2025-06-12 04:01:00,35.4
2025-06-12 23:34:00,11.3
2025-06-12 21:48:00,38.5
2025-06-12 13:37:00,60.0
2025-06-12 07:33:00,50.4
2025-06-12 02:22:00,20.3
2025-06-12 08:38:00,95.0
2025-06-12 02:33:00,49.81767540251498
2025-06-12 14:05:00,27.1
2025-06-12 19:53:00,82.6
2025-06-12 07:51:00,24.2
2025-06-12 19:38:00,48.5
2025-06-12 19:43:00,44.9
2025-06-12 11:57:00,40.0
2025-06-12 03:53:00,74.3
2025-06-12 01:59:00,49.81767540251498
2025-06-12 08:47:00,49.81767540251498
2025-06-12 02:59:00,35.5
2025-06-12 09:59:00,92.4
2025-06-12 10:26:00,15.8
2025-06-12 23:02:00,70.6
2025-06-12 07:35:00,35.9
2025-06-12 11:57:00,49.8
2025-06-12 03:14:00,30.4
2025-06-12 20:04:00,59.2
2025-06-12 08:34:00,69.0
2025-06-12 08:07:00,49.81767540251498
2025-06-12 14:08:00,13.7
2025-06-12 06:38:00,12.3
2025-06-12 07:11:00,88.7
2025-06-12 00:35:00,63.8
2025-06-12 22:07:00,33.9
2025-06-12 12:29:00,72.2
2025-06-12 23:51:00,60.1
2025-06-12 15:00:00,49.81767540251498
2025-06-12 16:03:00,77.7
2025-06-12 16:07:00,30.1
2025-06-12 07:30:00,37.7
2025-06-12 14:03:00,98.8
2025-06-12 21:23:00,49.81767540251498
2025-06-12 16:40:00,97.1
2025-06-12 11:36:00,29.3
2025-06-12 09:20:00,65.9
2025-06-12 19:21:00,99.3
2025-06-12 07:15:00,3.8
2025-06-12 11:43:00,25.0
2025-06-12 23:30:00,66.8
2025-06-12 01:35:00,42.8
2025-06-12 07:45:00,55.2
2025-06-12 01:30:00,68.1
2025-06-12 06:53:00,31.0
2025-06-12 20:45:00,62.4
2025-06-12 01:56:00,69.0
2025-06-12 06:05:00,28.4
2025-06-12 13:48:00,27.4
2025-06-12 07:27:00,48.4
2025-06-12 20:16:00,82.9
2025-06-12 18:19:00,26.8
2025-06-12 10:05:00,43.6
2025-06-12 07:57:00,78.1
2025-06-12 05:59:00,3.8
2025-06-12 23:01:00,90.4
2025-06-12 00:54:00,99.2
2025-06-12 07:11:00,29.1
2025-06-12 17:57:00,60.7
2025-06-12 00:11:00,49.5
2025-06-12 01:20:00,37.0
2025-06-12 00:35:00,65.4
2025-06-12 20:59:00,54.7
2025-06-12 09:09:00,49.81767540251498
2025-06-12 02:10:00,7.9
2025-06-12 05:28:00,81.9
2025-06-12 17:57:00,1.9
2025-06-12 12:22:00,19.2
2025-06-12 22:57:00,67.7
2025-06-12 12:19:00,28.8
2025-06-12 09:59:00,14.8
2025-06-12 16:17:00,23.1
2025-06-12 03:39:00,19.0
2025-06-12 08:29:00,56.6
2025-06-12 19:15:00,94.9
2025-06-12 13:16:00,83.0
2025-06-12 20:53:00,96.6
2025-06-12 14:09:00,80.5
2025-06-12 16:34:00,49.81767540251498
2025-06-12 12:45:00,88.0
2025-06-12 04:25:00,39.7
2025-06-12 09:19:00,32.5
2025-06-12 14:29:00,52.8
2025-06-12 05:19:00,8.5
2025-06-12 16:14:00,52.2
2025-06-12 01:28:00,40.7
2025-06-12 08:57:00,84.7
2025-06-12 07:45:00,90.6
2025-06-12 08:25:00,39.8
2025-06-12 21:32:00,39.3
2025-06-12 10:03:00,7.9
2025-06-12 07:47:00,5.4
2025-06-12 17:44:00,95.8
2025-06-12 17:51:00,33.9
2025-06-12 18:02:00,49.81767540251498
2025-06-12 14:28:00,69.3
2025-06-12 17:23:00,49.81767540251498
2025-06-12 07:52:00,32.4
2025-06-12 11:00:00,72.1
2025-06-12 23:21:00,52.7
2025-06-12 02:59:00,49.81767540251498
2025-06-12 04:35:00,46.2
2025-06-12 17:19:00,79.4
2025-06-12 07:55:00,49.81767540251498
2025-06-12 02:36:00,49.81767540251498
2025-06-12 04:11:00,12.9
2025-06-12 01:11:00,83.6
2025-06-12 00:07:00,51.8
2025-06-12 08:33:00,49.81767540251498
2025-06-12 16:11:00,1.5
2025-06-12 01:26:00,40.2
2025-06-12 21:20:00,45.6
2025-06-12 13:54:00,14.0
2025-06-12 11:39:00,69.6
2025-06-12 16:20:00,49.81767540251498
2025-06-12 14:58:00,82.4
2025-06-12 10:15:00,67.1
2025-06-12 05:59:00,18.5
2025-06-12 13:41:00,81.0
2025-06-12 01:15:00,49.81767540251498
2025-06-12 11:40:00,92.1
2025-06-12 09:03:00,88.1
2025-06-12 03:09:00,18.5
2025-06-12 03:15:00,20.1
2025-06-12 12:26:00,29.5
2025-06-12 04:52:00,49.81767540251498
2025-06-12 19:32:00,61.0
2025-06-12 19:02:00,54.3
2025-06-12 09:29:00,72.6
2025-06-12 02:43:00,72.5
2025-06-12 00:19:00,84.5
2025-06-12 20:57:00,50.7
2025-06-12 00:10:00,25.9
2025-06-12 20:15:00,90.8
2025-06-12 13:34:00,13.7
2025-06-12 04:34:00,7.4
2025-06-12 18:36:00,72.9
2025-06-12 20:11:00,49.81767540251498
2025-06-12 13:21:00,49.81767540251498
2025-06-12 23:00:00,47.1
2025-06-12 05:12:00,82.0
2025-06-12 12:49:00,26.1
2025-06-12 11:40:00,2.5
2025-06-12 16:38:00,49.81767540251498
2025-06-12 16:27:00,49.81767540251498
2025-06-12 21:40:00,26.9
2025-06-12 05:25:00,53.2
2025-06-12 01:44:00,95.3
2025-06-12 15:09:00,7.3
2025-06-12 22:58:00,96.4
2025-06-12 13:54:00,0.5
2025-06-12 08:05:00,15.6
2025-06-12 22:59:00,49.81767540251498
2025-06-12 22:49:00,67.9
2025-06-12 21:02:00,49.81767540251498
2025-06-12 00:19:00,7.5
2025-06-12 11:58:00,86.8
2025-06-12 06:23:00,58.9
2025-06-12 11:26:00,49.81767540251498
2025-06-12 09:11:00,62.5
2025-06-12 21:37:00,81.4
2025-06-12 16:55:00,49.81767540251498
2025-06-12 02:03:00,93.7
2025-06-12 13:51:00,47.8
2025-06-12 01:33:00,86.0
2025-06-12 18:06:00,0.6
2025-06-12 19:23:00,49.81767540251498
2025-06-12 18:35:00,13.1
2025-06-12 08:44:00,23.1
2025-06-12 05:50:00,49.81767540251498
2025-06-12 14:06:00,95.1
2025-06-12 05:42:00,98.3
2025-06-12 00:18:00,60.7
2025-06-12 21:16:00,7.2
2025-06-12 19:24:00,61.6
2025-06-12 01:20:00,46.6
2025-06-12 08:00:00,70.3
2025-06-12 01:25:00,58.1
2025-06-12 12:19:00,81.1
2025-06-12 02:27:00,49.81767540251498
2025-06-12 05:33:00,24.8
2025-06-12 10:55:00,45.4
2025-06-12 18:55:00,63.7
2025-06-12 23:55:00,49.81767540251498
2025-06-12 16:38:00,71.6
2025-06-12 12:58:00,49.81767540251498
2025-06-12 06:22:00,49.81767540251498
2025-06-12 09:21:00,94.4
2025-06-12 17:15:00,48.1
2025-06-12 16:29:00,0.6
2025-06-12 13:35:00,87.0
2025-06-12 20:34:00,92.1
2025-06-12 04:24:00,84.4
2025-06-12 14:36:00,40.7
2025-06-12 00:21:00,24.2
2025-06-12 17:03:00,21.6
2025-06-12 01:54:00,91.9
2025-06-12 16:59:00,34.7
2025-06-12 18:50:00,7.6
2025-06-12 09:13:00,10.8
2025-06-12 23:48:00,35.9
2025-06-12 16:17:00,23.1
2025-06-12 16:04:00,54.8
2025-06-12 20:08:00,89.1
2025-06-12 19:47:00,66.8
2025-06-12 18:00:00,0.4
2025-06-12 10:14:00,23.3
2025-06-12 04:51:00,86.6
2025-06-12 17:49:00,16.7
2025-06-12 05:24:00,93.4
2025-06-12 16:42:00,9.7
2025-06-12 12:01:00,80.0
2025-06-12 12:58:00,55.7
2025-06-12 12:15:00,91.9
2025-06-12 14:24:00,49.81767540251498
2025-06-12 11:12:00,37.3
2025-06-12 23:40:00,61.1
2025-06-12 09:05:00,97.0
2025-06-12 15:48:00,62.2
2025-06-12 17:10:00,49.81767540251498
2025-06-12 01:52:00,51.0
2025-06-12 06:35:00,49.81767540251498
2025-06-12 22:10:00,88.7
2025-06-12 17:46:00,39.0
2025-06-12 23:22:00,79.3
2025-06-12 14:19:00,98.6
2025-06-12 10:10:00,80.5
2025-06-12 11:40:00,29.0
2025-06-12 23:16:00,49.81767540251498
2025-06-12 18:53:00,49.81767540251498
2025-06-12 03:11:00,94.2
2025-06-12 02:08:00,76.4
2025-06-12 10:52:00,49.81767540251498
2025-06-12 13:45:00,56.1
2025-06-12 19:00:00,49.81767540251498
2025-06-12 06:00:00,55.3
2025-06-12 08:48:00,66.0
2025-06-12 11:13:00,49.81767540251498
2025-06-12 23:57:00,23.2
2025-06-12 09:24:00,32.6
2025-06-12 23:27:00,49.81767540251498
2025-06-12 06:37:00,32.6
2025-06-12 00:55:00,36.8
2025-06-12 12:35:00,72.6
2025-06-12 11:15:00,49.81767540251498
2025-06-12 10:49:00,49.9
2025-06-12 21:14:00,67.2
2025-06-12 03:22:00,13.4
2025-06-12 19:23:00,26.6
2025-06-12 19:24:00,52.9
2025-06-12 17:53:00,49.81767540251498
2025-06-12 22:05:00,89.1
2025-06-12 08:30:00,96.2
2025-06-12 13:07:00,83.5
2025-06-12 07:33:00,11.8
2025-06-12 08:24:00,13.9
2025-06-12 03:16:00,0.0
2025-06-12 09:34:00,39.1
2025-06-12 06:21:00,71.6
2025-06-12 10:15:00,97.4
2025-06-12 17:47:00,69.1
2025-06-12 15:05:00,66.2
2025-06-12 13:07:00,49.81767540251498
2025-06-12 20:50:00,47.9
2025-06-12 17:13:00,49.81767540251498
2025-06-12 15:43:00,37.4
2025-06-12 02:27:00,49.81767540251498
2025-06-12 21:54:00,49.81767540251498
2025-06-12 18:10:00,64.2
2025-06-12 04:18:00,16.8
2025-06-12 14:42:00,12.8
2025-06-12 04:03:00,50.0
2025-06-12 23:45:00,77.5
2025-06-12 01:58:00,49.81767540251498
2025-06-12 14:44:00,59.0
2025-06-12 08:50:00,9.0
2025-06-12 06:54:00,74.9
2025-06-12 18:23:00,96.8
2025-06-12 10:41:00,67.6
2025-06-12 13:10:00,64.9
2025-06-12 10:44:00,24.0
2025-06-12 07:32:00,65.7
2025-06-12 21:58:00,49.81767540251498
2025-06-12 17:22:00,10.9
2025-06-12 13:20:00,86.8
2025-06-12 14:09:00,54.9
2025-06-12 08:04:00,14.1
2025-06-12 00:08:00,68.7
2025-06-12 03:52:00,49.791111632270166
2025-06-12 19:00:00,66.4
2025-06-12 17:02:00,94.5
2025-06-12 11:04:00,49.791111632270166
2025-06-12 11:44:00,19.2
2025-06-12 05:43:00,5.3
2025-06-12 01:16:00,16.2
2025-06-12 00:39:00,66.1
2025-06-12 10:17:00,32.6
2025-06-12 18:01:00,72.4
2025-06-12 17:29:00,75.5
2025-06-12 03:48:00,60.8
2025-06-12 20:25:00,49.791111632270166
2025-06-12 12:11:00,73.2
2025-06-12 22:03:00,71.1
2025-06-12 00:32:00,26.3
2025-06-12 20:32:00,53.5
2025-06-12 05:39:00,11.0
2025-06-12 01:02:00,96.9
2025-06-12 21:10:00,44.1
2025-06-12 02:02:00,13.5
2025-06-12 15:38:00,11.1
2025-06-12 23:00:00,88.7
2025-06-12 03:53:00,49.791111632270166
2025-06-12 03:29:00,52.7
2025-06-12 11:59:00,56.7
2025-06-12 23:12:00,6.6
2025-06-12 19:55:00,79.4
2025-06-12 11:33:00,31.0
2025-06-12 09:57:00,46.2
2025-06-12 07:01:00,93.4
2025-06-12 18:18:00,7.0
2025-06-12 12:11:00,3.2
2025-06-12 03:04:00,80.4
2025-06-12 14:11:00,49.791111632270166
2025-06-12 21:14:00,72.2
2025-06-12 21:50:00,62.0
2025-06-12 04:00:00,25.7
2025-06-12 18:36:00,94.9
2025-06-12 20:52:00,1.3
2025-06-12 17:10:00,94.6
2025-06-12 19:47:00,41.5
2025-06-12 19:42:00,49.791111632270166
2025-06-12 14:45:00,78.4
2025-06-12 21:14:00,85.3
2025-06-12 12:35:00,60.3
2025-06-12 17:47:00,46.8
2025-06-12 21:33:00,62.1
2025-06-12 08:40:00,42.6
2025-06-12 20:16:00,97.5
2025-06-12 04:38:00,90.2
2025-06-12 03:20:00,49.791111632270166
2025-06-12 09:42:00,99.8
2025-06-12 12:40:00,53.9
2025-06-12 13:15:00,40.8
2025-06-12 13:47:00,23.9
2025-06-12 16:55:00,49.791111632270166
2025-06-12 18:40:00,27.4
2025-06-12 21:25:00,49.791111632270166
2025-06-12 06:04:00,49.791111632270166
2025-06-12 23:16:00,60.0
2025-06-12 02:58:00,52.6
2025-06-12 11:33:00,2.2
2025-06-12 12:39:00,25.6
2025-06-12 12:44:00,49.791111632270166
2025-06-12 04:09:00,43.1
2025-06-12 14:56:00,94.6
2025-06-12 03:42:00,64.8
2025-06-12 13:59:00,49.791111632270166
2025-06-12 05:22:00,33.5
2025-06-12 03:36:00,49.791111632270166
2025-06-12 10:07:00,7.0
2025-06-12 02:10:00,12.3
2025-06-12 19:36:00,20.7
2025-06-12 13:14:00,35.2
2025-06-12 19:33:00,43.3
2025-06-12 03:19:00,73.5
2025-06-12 20:12:00,40.9
2025-06-12 10:28:00,43.1
2025-06-12 02:04:00,82.3
2025-06-12 12:44:00,54.8
2025-06-12 04:41:00,59.2
2025-06-12 22:57:00,51.9
2025-06-12 13:05:00,47.6
2025-06-12 19:38:00,22.2
2025-06-12 12:09:00,44.5
2025-06-12 16:53:00,35.8
2025-06-12 12:39:00,73.7
2025-06-12 19:57:00,59.1
2025-06-12 11:18:00,68.2
2025-06-12 15:56:00,87.9
2025-06-12 22:53:00,49.791111632270166
2025-06-12 22:36:00,2.6
2025-06-12 00:07:00,78.5
2025-06-12 02:59:00,12.5
2025-06-12 10:20:00,15.2
2025-06-12 00:04:00,10.9
2025-06-12 09:09:00,89.3
2025-06-12 01:40:00,49.791111632270166
2025-06-12 03:09:00,9.3
2025-06-12 22:54:00,4.9
2025-06-12 01:49:00,40.0
2025-06-12 02:13:00,15.7
2025-06-12 08:03:00,49.791111632270166
2025-06-12 05:50:00,14.5
2025-06-12 14:30:00,2.0
2025-06-12 06:43:00,46.3
2025-06-12 06:59:00,3.6
2025-06-12 19:02:00,3.7
2025-06-12 07:10:00,73.2
2025-06-12 01:45:00,8.7
2025-06-12 08:06:00,60.3
2025-06-12 05:01:00,22.9
2025-06-12 06:43:00,69.3
2025-06-12 15:07:00,13.9
2025-06-12 19:40:00,62.0
2025-06-12 23:00:00,33.5
2025-06-12 03:00:00,67.5
2025-06-12 23:01:00,69.4
2025-06-12 06:52:00,2.6
2025-06-12 11:10:00,94.2
2025-06-12 20:09:00,83.9
2025-06-12 11:26:00,61.2
2025-06-12 14:01:00,20.7
2025-06-12 07:34:00,42.5
2025-06-12 17:59:00,59.6
2025-06-12 06:56:00,54.9
2025-06-12 05:41:00,34.9
2025-06-12 21:47:00,95.1
2025-06-12 12:35:00,58.9
2025-06-12 21:08:00,49.791111632270166
2025-06-12 07:34:00,27.4
2025-06-12 16:05:00,67.3
2025-06-12 06:38:00,74.0
2025-06-12 16:21:00,30.4
2025-06-12 21:11:00,16.8
2025-06-12 18:18:00,89.6
2025-06-12 20:39:00,57.8
2025-06-12 07:59:00,65.4
2025-06-12 16:50:00,60.8
2025-06-12 06:18:00,18.7
2025-06-12 13:57:00,16.4
2025-06-12 06:41:00,49.791111632270166
2025-06-12 19:19:00,41.1
2025-06-12 09:24:00,7.2
2025-06-12 05:54:00,19.2
2025-06-12 12:16:00,49.791111632270166
2025-06-12 05:34:00,10.5
2025-06-12 12:59:00,82.6
2025-06-12 07:34:00,33.8
2025-06-12 16:39:00,40.0
2025-06-12 03:08:00,83.1
2025-06-12 10:17:00,28.9
2025-06-12 23:38:00,51.9
2025-06-12 17:30:00,21.2
2025-06-12 01:47:00,75.5
2025-06-12 02:55:00,59.2
2025-06-12 05:18:00,58.0
2025-06-12 08:51:00,54.1
2025-06-12 11:55:00,50.0
2025-06-12 02:52:00,49.791111632270166
2025-06-12 00:38:00,64.8
2025-06-12 04:25:00,77.8
2025-06-12 13:57:00,54.5
2025-06-12 15:06:00,6.0
2025-06-12 08:27:00,49.791111632270166
2025-06-12 04:49:00,61.2
2025-06-12 12:13:00,45.7
2025-06-12 20:17:00,12.7
2025-06-12 23:02:00,67.0
2025-06-12 02:01:00,49.791111632270166
2025-06-12 19:40:00,78.9
2025-06-12 23:14:00,73.9
2025-06-12 19:43:00,63.4
2025-06-12 23:44:00,30.1
2025-06-12 10:23:00,30.5
2025-06-12 02:51:00,33.7
2025-06-12 16:25:00,99.8
2025-06-12 14:57:00,54.2
2025-06-12 19:54:00,28.3
2025-06-12 06:32:00,21.6
2025-06-12 22:08:00,95.5
2025-06-12 00:32:00,24.8
2025-06-12 07:36:00,49.791111632270166
2025-06-12 06:33:00,29.6
2025-06-12 15:17:00,49.791111632270166
2025-06-12 10:35:00,39.4
2025-06-12 00:10:00,14.8
2025-06-12 20:08:00,96.7
2025-06-12 02:28:00,24.0
2025-06-12 00:00:00,99.6
2025-06-12 08:03:00,47.5
2025-06-12 07:37:00,76.9
2025-06-12 06:21:00,46.7
2025-06-12 11:05:00,70.1
2025-06-12 04:47:00,97.8
2025-06-12 06:03:00,79.9
2025-06-12 00:20:00,42.9
2025-06-12 06:21:00,87.0
2025-06-12 11:35:00,31.1
2025-06-12 07:05:00,36.3
2025-06-12 02:51:00,80.6
2025-06-12 06:53:00,49.791111632270166
2025-06-12 18:03:00,84.5
2025-06-12 14:23:00,38.1
2025-06-12 02:54:00,68.0
2025-06-12 06:00:00,72.1
2025-06-12 07:37:00,67.5
2025-06-12 19:23:00,97.0
2025-06-12 16:46:00,49.791111632270166
2025-06-12 17:43:00,49.791111632270166
2025-06-12 04:09:00,47.3
2025-06-12 18:05:00,21.8
2025-06-12 05:40:00,90.5
2025-06-12 13:33:00,49.791111632270166
2025-06-12 13:14:00,38.9
2025-06-12 18:52:00,6.2
2025-06-12 16:09:00,14.2
2025-06-12 03:31:00,19.6
2025-06-12 09:06:00,86.6
2025-06-12 10:37:00,77.7
2025-06-12 22:24:00,39.8
2025-06-12 06:11:00,2.8
2025-06-12 08:17:00,49.791111632270166
2025-06-12 21:32:00,80.5
2025-06-12 01:31:00,46.0
2025-06-12 15:20:00,49.791111632270166
2025-06-12 01:58:00,80.2
2025-06-12 12:43:00,17.6
2025-06-12 19:22:00,98.7
2025-06-12 07:06:00,49.791111632270166
2025-06-12 02:20:00,29.1
2025-06-12 06:41:00,49.791111632270166
2025-06-12 19:41:00,66.7
2025-06-12 05:39:00,90.1
2025-06-12 21:14:00,37.4
2025-06-12 02:08:00,49.791111632270166
2025-06-12 04:34:00,74.3
2025-06-12 02:30:00,49.791111632270166
2025-06-12 04:31:00,95.1
2025-06-12 19:37:00,96.2
2025-06-12 10:15:00,9.7
2025-06-12 18:56:00,66.8
2025-06-12 14:16:00,68.7
2025-06-12 05:56:00,39.5
2025-06-12 17:30:00,37.8
2025-06-12 18:17:00,51.1
2025-06-12 16:31:00,6.5
2025-06-12 13:31:00,49.791111632270166
2025-06-12 23:41:00,82.8
2025-06-12 11:08:00,49.791111632270166
2025-06-12 12:52:00,95.4
2025-06-12 19:53:00,49.791111632270166
2025-06-12 22:22:00,99.8
2025-06-12 16:11:00,69.6
2025-06-12 02:30:00,59.3
2025-06-12 06:56:00,52.9
2025-06-12 22:53:00,2.0
2025-06-12 20:26:00,6.1
2025-06-12 08:38:00,46.3
2025-06-12 06:32:00,22.1
2025-06-12 17:56:00,5.3
2025-06-12 09:43:00,20.7
2025-06-12 22:40:00,49.791111632270166
2025-06-12 10:34:00,44.4
2025-06-12 03:36:00,99.5
2025-06-12 02:21:00,47.8
2025-06-12 19:49:00,76.4
2025-06-12 09:04:00,14.1
2025-06-12 12:21:00,89.8
2025-06-12 21:02:00,53.0
2025-06-12 10:04:00,28.0
2025-06-12 04:25:00,28.0
2025-06-12 09:40:00,2.5
2025-06-12 12:56:00,49.791111632270166
2025-06-12 23:10:00,61.8
2025-06-12 20:43:00,7.9
2025-06-12 10:59:00,1.7
2025-06-12 15:06:00,9.4
2025-06-12 12:46:00,16.1
2025-06-12 08:56:00,33.5
2025-06-12 09:46:00,72.9
2025-06-12 09:05:00,4.5
2025-06-12 15:00:00,63.5
2025-06-12 20:17:00,26.9
2025-06-12 23:23:00,91.3
2025-06-12 07:22:00,70.6
2025-06-12 01:33:00,5.6
2025-06-12 15:31:00,55.3
2025-06-12 16:42:00,97.9
2025-06-12 19:15:00,65.5
2025-06-12 06:01:00,4.8
2025-06-12 23:35:00,59.7
2025-06-12 16:25:00,0.8
2025-06-12 12:08:00,36.0
2025-06-12 16:36:00,98.5
2025-06-12 21:21:00,73.0
2025-06-12 08:13:00,6.6
2025-06-12 07:43:00,77.0
2025-06-12 09:55:00,17.6
2025-06-12 13:10:00,52.4
2025-06-12 15:00:00,20.4
2025-06-12 08:25:00,55.2
2025-06-12 18:30:00,38.6
2025-06-12 03:23:00,94.1
2025-06-12 19:55:00,20.5
2025-06-12 04:55:00,49.6
2025-06-12 07:53:00,88.5
2025-06-12 02:34:00,2.5
2025-06-12 13:01:00,14.4
2025-06-12 16:10:00,29.1
2025-06-12 14:24:00,50.406503298774744
2025-06-12 00:26:00,9.9
2025-06-12 04:16:00,6.6
2025-06-12 23:43:00,5.8
2025-06-12 03:41:00,50.406503298774744
2025-06-12 15:06:00,79.8
2025-06-12 14:46:00,64.5
2025-06-12 10:46:00,56.3
2025-06-12 00:29:00,64.9
2025-06-12 11:11:00,50.406503298774744
2025-06-12 02:19:00,50.406503298774744
2025-06-12 04:35:00,41.3
2025-06-12 00:52:00,50.406503298774744
2025-06-12 01:34:00,50.406503298774744
2025-06-12 04:40:00,78.6
2025-06-12 14:08:00,12.0
2025-06-12 12:35:00,18.0
2025-06-12 19:37:00,50.406503298774744
2025-06-12 19:29:00,68.8
2025-06-12 08:54:00,15.7
2025-06-12 14:31:00,38.8
2025-06-12 00:28:00,9.4
2025-06-12 11:38:00,1.4
2025-06-12 19:58:00,58.7
2025-06-12 07:37:00,41.8
2025-06-12 00:15:00,43.6
2025-06-12 18:59:00,78.5
2025-06-12 02:51:00,49.8
2025-06-12 11:59:00,78.8
2025-06-12 21:50:00,35.5
2025-06-12 07:56:00,50.406503298774744
2025-06-12 16:18:00,3.7
2025-06-12 17:00:00,18.3
2025-06-12 13:49:00,50.406503298774744
2025-06-12 03:46:00,89.8
2025-06-12 03:33:00,44.2
2025-06-12 17:39:00,50.406503298774744
2025-06-12 20:54:00,50.406503298774744
2025-06-12 13:16:00,90.7
2025-06-12 13:33:00,18.6
2025-06-12 06:13:00,18.3
2025-06-12 09:29:00,50.406503298774744
2025-06-12 12:24:00,34.7
2025-06-12 12:00:00,1.1
2025-06-12 07:11:00,50.406503298774744
2025-06-12 20:23:00,38.5
2025-06-12 06:53:00,92.9
2025-06-12 03:43:00,57.1
2025-06-12 09:23:00,30.6
2025-06-12 21:35:00,95.8
2025-06-12 00:59:00,25.9
2025-06-12 01:08:00,50.406503298774744
2025-06-12 06:30:00,50.406503298774744
2025-06-12 02:14:00,60.5
2025-06-12 19:52:00,33.0
2025-06-12 01:52:00,60.5
2025-06-12 03:48:00,50.406503298774744
2025-06-12 21:36:00,50.406503298774744
2025-06-12 15:29:00,50.406503298774744
2025-06-12 15:47:00,95.2
2025-06-12 14:35:00,84.7
2025-06-12 11:01:00,90.6
2025-06-12 03:11:00,65.3
2025-06-12 19:45:00,0.3
2025-06-12 04:36:00,73.9
2025-06-12 02:40:00,50.406503298774744
2025-06-12 23:10:00,69.9
2025-06-12 02:37:00,70.4
2025-06-12 12:36:00,40.7
2025-06-12 18:07:00,11.8
2025-06-12 03:40:00,78.0
2025-06-12 11:11:00,36.4
2025-06-12 11:08:00,2.8
2025-06-12 01:02:00,50.406503298774744
2025-06-12 16:00:00,65.5
2025-06-12 15:50:00,30.2
2025-06-12 07:48:00,50.406503298774744
2025-06-12 22:36:00,19.7
2025-06-12 01:33:00,63.7
2025-06-12 08:59:00,91.8
2025-06-12 21:52:00,50.406503298774744
2025-06-12 11:21:00,82.5
2025-06-12 20:03:00,57.5
2025-06-12 11:22:00,50.406503298774744
2025-06-12 06:30:00,61.9
2025-06-12 08:18:00,65.0
2025-06-12 15:14:00,14.0
2025-06-12 19:17:00,21.9
2025-06-12 17:06:00,50.406503298774744
2025-06-12 23:57:00,86.0
2025-06-12 02:06:00,65.7
2025-06-12 12:39:00,53.4
2025-06-12 05:13:00,68.2
2025-06-12 09:16:00,77.1
2025-06-12 02:06:00,91.1
2025-06-12 21:01:00,48.1
2025-06-12 16:38:00,86.5
2025-06-12 08:52:00,13.8
2025-06-12 15:38:00,51.1
2025-06-12 06:20:00,4.0
2025-06-12 14:26:00,50.406503298774744
2025-06-12 01:15:00,37.7
2025-06-12 04:16:00,56.1
2025-06-12 18:16:00,80.9
2025-06-12 03:15:00,4.0
2025-06-12 04:53:00,35.3
2025-06-12 02:36:00,73.9
2025-06-12 16:23:00,48.5
2025-06-12 14:44:00,15.7
2025-06-12 13:11:00,50.406503298774744
2025-06-12 04:48:00,74.7
2025-06-12 00:35:00,11.4
2025-06-12 07:55:00,64.2
2025-06-12 00:15:00,85.0
2025-06-12 08:36:00,58.9
2025-06-12 21:47:00,75.3
2025-06-12 01:46:00,84.2
2025-06-12 09:18:00,76.1
2025-06-12 06:14:00,81.1
2025-06-12 04:14:00,50.406503298774744
2025-06-12 02:47:00,50.406503298774744
2025-06-12 16:14:00,92.7
2025-06-12 21:47:00,87.4
2025-06-12 14:31:00,52.7
2025-06-12 03:38:00,18.5
2025-06-12 14:18:00,8.7
2025-06-12 12:49:00,15.6
2025-06-12 17:46:00,83.0
2025-06-12 13:24:00,45.7
2025-06-12 21:43:00,83.8
2025-06-12 17:35:00,50.406503298774744
2025-06-12 02:33:00,50.406503298774744
2025-06-12 16:05:00,50.406503298774744
2025-06-12 19:19:00,2.5
2025-06-12 13:45:00,13.1
2025-06-12 22:15:00,37.6
2025-06-12 21:07:00,89.2
2025-06-12 23:15:00,8.2
2025-06-12 22:40:00,99.2
2025-06-12 20:03:00,20.8
2025-06-12 04:32:00,73.1
2025-06-12 14:34:00,50.406503298774744
2025-06-12 08:03:00,13.4
2025-06-12 01:06:00,10.7
2025-06-12 03:57:00,27.5
2025-06-12 02:36:00,0.3
2025-06-12 20:00:00,5.0
2025-06-12 11:41:00,90.6
2025-06-12 14:58:00,23.3
2025-06-12 02:59:00,13.6
2025-06-12 16:10:00,42.8
2025-06-12 05:41:00,74.9
2025-06-12 13:34:00,45.4
2025-06-12 23:32:00,3.3
2025-06-12 01:00:00,31.1
2025-06-12 02:07:00,32.9
2025-06-12 16:33:00,21.9
2025-06-12 16:06:00,37.8
2025-06-12 20:24:00,16.7
2025-06-12 04:29:00,14.5
2025-06-12 12:44:00,50.406503298774744
2025-06-12 14:19:00,91.1
2025-06-12 17:30:00,76.7
2025-06-12 14:42:00,15.2
2025-06-12 08:00:00,21.7
2025-06-12 09:23:00,50.406503298774744
2025-06-12 14:20:00,17.6
2025-06-12 20:00:00,50.406503298774744
2025-06-12 15:31:00,0.1
2025-06-12 19:55:00,88.7
2025-06-12 11:28:00,50.406503298774744
2025-06-12 05:50:00,7.3
2025-06-12 08:23:00,64.9
2025-06-12 21:44:00,50.406503298774744
2025-06-12 14:11:00,80.4
2025-06-12 09:06:00,31.1
2025-06-12 06:12:00,80.0
2025-06-12 00:38:00,27.0
2025-06-12 15:46:00,50.406503298774744
2025-06-12 07:57:00,12.3
2025-06-12 02:39:00,53.5
2025-06-12 06:15:00,58.9
2025-06-12 19:04:00,46.3
2025-06-12 23:44:00,61.2
2025-06-12 00:49:00,22.6
2025-06-12 13:14:00,23.4
2025-06-12 01:37:00,30.3
2025-06-12 22:27:00,14.6
2025-06-12 17:57:00,23.7
2025-06-12 18:34:00,48.1
2025-06-12 04:51:00,31.6
2025-06-12 18:49:00,50.406503298774744
2025-06-12 03:05:00,28.8
2025-06-12 23:47:00,50.406503298774744
2025-06-12 09:14:00,50.406503298774744
2025-06-12 14:41:00,92.7
2025-06-12 16:21:00,52.3
2025-06-12 07:16:00,78.2
2025-06-12 19:20:00,78.3
2025-06-12 04:00:00,95.4
2025-06-12 06:12:00,70.3
2025-06-12 14:50:00,79.5
2025-06-12 18:40:00,2.5
2025-06-12 18:15:00,79.0
2025-06-12 02:48:00,45.1
2025-06-12 13:28:00,4.5
2025-06-12 11:32:00,20.6
2025-06-12 21:17:00,35.7
2025-06-12 22:23:00,45.4
2025-06-12 09:10:00,33.8
2025-06-12 13:26:00,99.2
2025-06-12 05:15:00,39.6
2025-06-12 23:34:00,21.0
2025-06-12 23:22:00,50.406503298774744
2025-06-12 08:18:00,42.2
2025-06-12 07:28:00,50.406503298774744
2025-06-12 11:13:00,76.6
2025-06-12 21:35:00,5.0
2025-06-12 22:17:00,57.3
2025-06-12 07:44:00,50.406503298774744
2025-06-12 20:55:00,67.9
2025-06-12 10:57:00,69.6
2025-06-12 22:16:00,83.6
2025-06-12 03:06:00,30.0
2025-06-12 11:32:00,90.2
2025-06-12 15:40:00,50.406503298774744
2025-06-12 21:03:00,49.1
2025-06-12 20:20:00,42.1
2025-06-12 09:22:00,50.0
2025-06-12 17:46:00,1.2
2025-06-12 14:21:00,6.1
2025-06-12 11:54:00,69.3
2025-06-12 18:25:00,51.0
2025-06-12 21:46:00,1.3
2025-06-12 00:34:00,47.8
2025-06-12 08:39:00,78.5
2025-06-12 19:57:00,42.9
2025-06-12 06:39:00,60.8
2025-06-12 20:51:00,28.3
2025-06-12 01:33:00,34.5
2025-06-12 16:21:00,77.1
2025-06-12 19:15:00,77.6
2025-06-12 09:53:00,65.7
2025-06-12 08:03:00,66.4
2025-06-12 14:04:00,74.4
2025-06-12 01:14:00,19.7
2025-06-12 22:55:00,81.2
2025-06-12 00:13:00,21.4
2025-06-12 02:20:00,15.2
2025-06-12 00:24:00,99.7
2025-06-12 08:35:00,8.2
2025-06-12 18:14:00,81.8
2025-06-12 04:41:00,49.0
2025-06-12 23:53:00,76.7
2025-06-12 12:52:00,50.406503298774744
2025-06-12 21:46:00,4.0
2025-06-12 19:44:00,48.3
2025-06-12 14:07:00,99.7
2025-06-12 04:05:00,93.2
2025-06-12 04:38:00,50.406503298774744
2025-06-12 10:48:00,97.8
2025-06-12 10:31:00,50.406503298774744
2025-06-12 13:31:00,50.406503298774744
2025-06-12 05:03:00,21.8
2025-06-12 12:56:00,46.2
2025-06-12 11:48:00,77.5
2025-06-12 05:41:00,87.4
2025-06-12 06:08:00,50.406503298774744
2025-06-12 12:20:00,62.4
2025-06-12 22:48:00,22.0
2025-06-12 12:44:00,81.9
2025-06-12 17:42:00,13.4
2025-06-12 07:54:00,35.9
2025-06-12 18:25:00,50.406503298774744
2025-06-12 04:04:00,23.1
2025-06-12 02:49:00,73.7
2025-06-12 00:36:00,71.1
2025-06-12 03:31:00,10.1
2025-06-12 15:46:00,50.406503298774744
2025-06-12 21:50:00,30.8
2025-06-12 20:51:00,11.5
2025-06-12 04:37:00,28.5
2025-06-12 12:49:00,11.7
2025-06-12 11:26:00,35.3
2025-06-12 13:04:00,95.6
2025-06-12 12:47:00,46.3
2025-06-12 18:00:00,77.9
2025-06-12 05:18:00,79.3
2025-06-12 06:55:00,70.3
2025-06-12 18:07:00,34.3
2025-06-12 21:36:00,73.2
2025-06-12 07:12:00,92.7
2025-06-12 22:55:00,56.7
2025-06-12 18:33:00,85.0
2025-06-12 08:12:00,21.0
2025-06-12 22:09:00,77.8
2025-06-12 05:55:00,24.8
2025-06-12 12:26:00,85.0
2025-06-12 22:00:00,89.7
2025-06-12 18:11:00,33.3
2025-06-12 08:48:00,42.0
2025-06-12 07:08:00,61.8
2025-06-12 03:19:00,10.3
2025-06-12 17:32:00,98.8
2025-06-12 06:25:00,24.9
2025-06-12 19:46:00,73.9
2025-06-12 06:37:00,12.0
2025-06-12 05:05:00,14.4
2025-06-12 11:48:00,67.2
2025-06-12 00:24:00,75.4
2025-06-12 04:13:00,19.6
2025-06-12 18:40:00,24.3
2025-06-12 20:05:00,11.7
2025-06-12 04:05:00,92.4
2025-06-12 14:06:00,41.9
2025-06-12 19:37:00,6.2
2025-06-12 04:45:00,61.3
2025-06-12 22:35:00,13.1
2025-06-12 10:04:00,75.4
2025-06-12 13:40:00,50.406503298774744
2025-06-12 17:10:00,33.8
2025-06-12 14:38:00,70.5
2025-06-12 19:07:00,50.406503298774744
2025-06-12 10:32:00,29.6
2025-06-12 03:23:00,31.5
2025-06-12 13:24:00,47.2
2025-06-12 09:25:00,50.406503298774744
2025-06-12 20:02:00,50.406503298774744
2025-06-12 04:25:00,16.6
2025-06-12 01:20:00,55.5
2025-06-12 01:54:00,70.5
2025-06-12 03:26:00,16.2
2025-06-12 02:29:00,80.8
2025-06-12 19:07:00,40.8
2025-06-12 06:06:00,36.7
2025-06-12 18:10:00,2.2
2025-06-12 00:54:00,56.0
2025-06-12 13:49:00,50.406503298774744
2025-06-12 04:18:00,50.406503298774744
2025-06-12 13:44:00,72.7
2025-06-12 19:28:00,56.1
2025-06-12 20:58:00,7.3
2025-06-12 06:40:00,20.3
2025-06-12 05:36:00,36.3
2025-06-12 10:55:00,79.9
2025-06-12 16:20:00,30.9
2025-06-12 09:19:00,94.5
2025-06-12 19:35:00,92.9
2025-06-12 23:58:00,49.4
2025-06-12 07:18:00,68.0
2025-06-12 22:31:00,59.9
2025-06-12 14:05:00,60.9
2025-06-12 13:12:00,5.4
2025-06-12 19:50:00,6.0
2025-06-12 21:52:00,67.5
2025-06-12 17:25:00,34.6
2025-06-12 09:14:00,25.7
2025-06-12 07:42:00,79.0
2025-06-12 10:16:00,73.4
2025-06-12 15:41:00,50.3160582227961
2025-06-12 03:59:00,8.5
2025-06-12 07:29:00,43.5
2025-06-12 13:20:00,50.3160582227961
2025-06-12 14:53:00,7.4
2025-06-12 00:13:00,29.6
2025-06-12 04:18:00,66.6
2025-06-12 06:24:00,66.4
2025-06-12 12:53:00,50.3160582227961
2025-06-12 00:39:00,50.3160582227961
2025-06-12 23:27:00,88.6
2025-06-12 09:14:00,50.3160582227961
2025-06-12 01:42:00,58.7
2025-06-12 00:25:00,69.6
2025-06-12 23:46:00,20.0
2025-06-12 20:35:00,93.4
2025-06-12 17:41:00,50.3160582227961
2025-06-12 12:51:00,26.9
2025-06-12 15:28:00,84.9
2025-06-12 08:56:00,50.3160582227961
2025-06-12 23:59:00,50.3160582227961
2025-06-12 12:06:00,73.1
2025-06-12 10:38:00,99.9
2025-06-12 10:27:00,22.6
2025-06-12 00:06:00,3.6
2025-06-12 05:57:00,25.9
2025-06-12 10:22:00,73.0
2025-06-12 09:07:00,74.9
2025-06-12 01:04:00,21.8
2025-06-12 19:39:00,96.3
2025-06-12 13:20:00,5.1
2025-06-12 08:03:00,89.9
2025-06-12 04:37:00,64.2
2025-06-12 20:16:00,15.3
2025-06-12 22:12:00,80.8
2025-06-12 18:50:00,86.8
2025-06-12 14:16:00,50.3160582227961
2025-06-12 06:33:00,28.7
2025-06-12 05:19:00,78.4
2025-06-12 13:24:00,50.3160582227961
2025-06-12 14:13:00,50.3160582227961
2025-06-12 21:00:00,51.4
2025-06-12 12:16:00,38.9
2025-06-12 16:54:00,55.7
2025-06-12 19:57:00,2.1
2025-06-12 06:52:00,50.3160582227961
2025-06-12 13:56:00,50.3160582227961
2025-06-12 19:02:00,3.0
2025-06-12 07:31:00,84.4
2025-06-12 12:22:00,4.9
2025-06-12 15:12:00,70.0
2025-06-12 00:14:00,15.2
2025-06-12 02:35:00,89.8
2025-06-12 20:44:00,33.9
2025-06-12 07:16:00,0.2
2025-06-12 21:05:00,48.2
2025-06-12 12:37:00,55.4
2025-06-12 08:32:00,50.3160582227961
2025-06-12 19:34:00,89.6
2025-06-12 14:22:00,87.6
2025-06-12 19:20:00,24.3
2025-06-12 01:49:00,34.8
2025-06-12 02:57:00,60.4
2025-06-12 07:02:00,97.0
2025-06-12 19:56:00,55.3
2025-06-12 21:19:00,99.4
2025-06-12 12:27:00,22.8
2025-06-12 18:57:00,50.3160582227961
2025-06-12 04:04:00,50.3160582227961
2025-06-12 15:13:00,71.8
2025-06-12 08:54:00,1.7
2025-06-12 00:43:00,2.3
2025-06-12 09:57:00,26.2
2025-06-12 06:54:00,16.9
2025-06-12 22:15:00,13.3
2025-06-12 00:55:00,0.2
2025-06-12 19:22:00,70.9
2025-06-12 06:20:00,47.2
2025-06-12 14:16:00,5.9
2025-06-12 07:52:00,66.9
2025-06-12 22:28:00,85.8
2025-06-12 16:13:00,92.1
2025-06-12 12:09:00,58.9
2025-06-12 21:24:00,99.9
2025-06-12 22:05:00,61.7
2025-06-12 07:55:00,25.1
2025-06-12 07:05:00,40.2
2025-06-12 15:36:00,75.9
2025-06-12 19:47:00,43.4
2025-06-12 00:32:00,96.8
2025-06-12 05:24:00,54.6
2025-06-12 04:43:00,42.5
2025-06-12 21:02:00,0.8
2025-06-12 20:53:00,65.0
2025-06-12 14:13:00,83.8
2025-06-12 01:11:00,65.2
2025-06-12 21:05:00,50.3160582227961
2025-06-12 11:40:00,21.6
2025-06-12 19:06:00,4.1
2025-06-12 10:28:00,46.1
2025-06-12 03:30:00,54.4
2025-06-12 17:55:00,27.9
2025-06-12 02:06:00,50.3160582227961
2025-06-12 19:29:00,50.3160582227961
2025-06-12 22:41:00,45.1
2025-06-12 10:15:00,31.2
2025-06-12 06:49:00,56.7
2025-06-12 01:23:00,70.7
2025-06-12 07:49:00,46.0
2025-06-12 01:58:00,48.0
2025-06-12 01:28:00,80.1
2025-06-12 14:35:00,50.3160582227961
2025-06-12 08:23:00,8.7
2025-06-12 13:11:00,19.6
2025-06-12 18:24:00,2.4
2025-06-12 02:26:00,44.1
2025-06-12 19:38:00,80.3
2025-06-12 15:30:00,50.3160582227961
2025-06-12 22:59:00,78.2
2025-06-12 03:57:00,31.2
2025-06-12 11:08:00,44.4
2025-06-12 21:57:00,20.5
2025-06-12 16:08:00,50.3160582227961
2025-06-12 15:54:00,77.6
2025-06-12 18:44:00,55.4
2025-06-12 20:56:00,85.6
2025-06-12 20:29:00,50.3160582227961
2025-06-12 14:44:00,19.7
2025-06-12 15:38:00,46.1
2025-06-12 20:15:00,88.0
2025-06-12 23:30:00,95.9
2025-06-12 00:28:00,50.3160582227961
2025-06-12 11:09:00,70.1
2025-06-12 04:45:00,98.5
2025-06-12 05:30:00,19.9
2025-06-12 20:07:00,95.0
2025-06-12 10:01:00,50.3160582227961
2025-06-12 16:55:00,50.3160582227961
2025-06-12 05:25:00,90.6
2025-06-12 17:11:00,7.8
2025-06-12 06:44:00,34.2
2025-06-12 23:48:00,1.2
2025-06-12 04:15:00,50.3160582227961
2025-06-12 06:14:00,58.2
2025-06-12 14:43:00,46.9
2025-06-12 11:43:00,50.3160582227961
2025-06-12 21:26:00,96.4
2025-06-12 02:19:00,68.6
2025-06-12 08:02:00,89.0
2025-06-12 09:32:00,51.9
2025-06-12 05:21:00,18.5
2025-06-12 00:13:00,80.6
2025-06-12 09:44:00,30.1
2025-06-12 20:39:00,98.6
2025-06-12 05:03:00,89.6
2025-06-12 22:14:00,16.2
2025-06-12 22:05:00,40.9
2025-06-12 20:21:00,2.2
2025-06-12 22:12:00,68.4
2025-06-12 19:05:00,96.1
2025-06-12 16:25:00,71.0
2025-06-12 02:42:00,92.1
2025-06-12 22:52:00,64.4
2025-06-12 03:53:00,7.1
2025-06-12 20:58:00,3.5
2025-06-12 21:48:00,32.4
2025-06-12 12:34:00,33.7
2025-06-12 19:25:00,3.9
2025-06-12 04:38:00,50.3160582227961
2025-06-12 17:09:00,7.9
2025-06-12 19:36:00,33.8
2025-06-12 13:48:00,26.4
2025-06-12 10:46:00,3.8
2025-06-12 13:58:00,45.7
2025-06-12 11:35:00,50.3160582227961
2025-06-12 05:50:00,41.6
2025-06-12 23:48:00,75.1
2025-06-12 06:07:00,50.3160582227961
2025-06-12 10:02:00,77.4
2025-06-12 10:47:00,50.3160582227961
2025-06-12 01:01:00,98.2
2025-06-12 12:30:00,20.0
2025-06-12 04:42:00,20.0
2025-06-12 21:23:00,50.3160582227961
2025-06-12 23:32:00,6.8
2025-06-12 09:35:00,98.2
2025-06-12 10:51:00,53.5
2025-06-12 23:15:00,11.1
2025-06-12 01:06:00,88.1
2025-06-12 10:07:00,16.6
2025-06-12 01:59:00,88.5
2025-06-12 18:34:00,89.8
2025-06-12 14:51:00,94.6
2025-06-12 15:55:00,66.5
2025-06-12 03:47:00,25.4
2025-06-12 16:16:00,63.1
2025-06-12 09:56:00,63.8
2025-06-12 14:37:00,32.3
2025-06-12 18:13:00,50.3160582227961
2025-06-12 17:15:00,88.2
2025-06-12 20:15:00,10.2
2025-06-12 03:31:00,39.9
2025-06-12 15:03:00,85.9
2025-06-12 20:27:00,93.6
2025-06-12 02:45:00,81.0
2025-06-12 20:13:00,18.5
2025-06-12 10:32:00,45.8
2025-06-12 12:24:00,47.1
2025-06-12 18:57:00,5.9
2025-06-12 04:11:00,55.7
2025-06-12 06:45:00,39.7
2025-06-12 20:05:00,88.6
2025-06-12 21:06:00,50.3160582227961
2025-06-12 23:56:00,11.8
2025-06-12 08:31:00,46.2
2025-06-12 13:29:00,25.1
2025-06-12 19:07:00,93.0
2025-06-12 10:22:00,50.3160582227961
2025-06-12 23:50:00,47.1
2025-06-12 08:13:00,71.6
2025-06-12 00:26:00,65.1
2025-06-12 06:13:00,96.8
2025-06-12 10:13:00,78.2
2025-06-12 01:27:00,27.9
2025-06-12 23:12:00,95.7
2025-06-12 02:28:00,3.0
2025-06-12 18:06:00,61.5
2025-06-12 14:46:00,8.7
2025-06-12 09:13:00,30.7
2025-06-12 05:25:00,4.4
2025-06-12 05:40:00,74.8
2025-06-12 04:54:00,27.7
2025-06-12 15:13:00,55.5
2025-06-12 20:48:00,37.1
2025-06-12 17:47:00,50.3
2025-06-12 12:08:00,73.4
2025-06-12 05:32:00,50.3160582227961
2025-06-12 11:21:00,62.7
2025-06-12 14:29:00,47.8
2025-06-12 00:12:00,78.8
2025-06-12 16:06:00,47.4
2025-06-12 08:22:00,39.7
2025-06-12 13:18:00,96.7
2025-06-12 03:09:00,52.4
2025-06-12 05:00:00,83.6
2025-06-12 17:44:00,70.1
2025-06-12 20:12:00,35.9
2025-06-12 04:00:00,28.0
2025-06-12 06:38:00,35.2
2025-06-12 07:15:00,5.6
2025-06-12 14:18:00,45.4
2025-06-12 08:28:00,83.2
2025-06-12 08:28:00,57.9
2025-06-12 12:17:00,13.9
2025-06-12 05:20:00,50.3160582227961
2025-06-12 04:35:00,35.9
2025-06-12 23:40:00,52.6
2025-06-12 08:52:00,38.8
2025-06-12 23:16:00,80.9
2025-06-12 14:10:00,27.4
2025-06-12 08:17:00,1.0
2025-06-12 09:37:00,56.9
2025-06-12 03:45:00,93.7
2025-06-12 05:30:00,50.3160582227961
2025-06-12 11:20:00,50.4
2025-06-12 12:29:00,18.0
2025-06-12 20:31:00,63.6
2025-06-12 05:39:00,91.6
2025-06-12 11:52:00,86.2
2025-06-12 20:11:00,50.3160582227961
2025-06-12 12:01:00,30.8
2025-06-12 01:21:00,82.3
2025-06-12 06:43:00,7.6
2025-06-12 03:46:00,86.8
2025-06-12 14:24:00,76.9
2025-06-12 03:11:00,49.3
2025-06-12 09:23:00,36.6
2025-06-12 02:48:00,78.9
2025-06-12 23:12:00,67.4
2025-06-12 21:55:00,77.3
2025-06-12 14:58:00,26.4
2025-06-12 21:04:00,14.0
2025-06-12 21:12:00,32.7
2025-06-12 21:08:00,47.1
2025-06-12 12:23:00,87.6
2025-06-12 14:07:00,67.4
2025-06-12 08:22:00,78.1
2025-06-12 05:48:00,51.6
2025-06-12 08:30:00,37.5
2025-06-12 20:25:00,86.7
2025-06-12 08:56:00,78.2
2025-06-12 23:55:00,86.7
2025-06-12 17:25:00,56.1
2025-06-12 14:08:00,33.4
2025-06-12 23:51:00,55.9
2025-06-12 04:55:00,56.3
2025-06-12 09:31:00,50.3160582227961
2025-06-12 03:08:00,64.5
2025-06-12 21:08:00,84.4
2025-06-12 02:55:00,50.3160582227961
2025-06-12 14:29:00,57.9
2025-06-12 15:56:00,88.5
2025-06-12 19:06:00,51.6
2025-06-12 04:53:00,89.1
2025-06-12 05:57:00,50.3160582227961
2025-06-12 10:13:00,83.9
2025-06-12 19:22:00,50.3160582227961
2025-06-12 10:03:00,40.1
2025-06-12 00:50:00,30.8
2025-06-12 18:11:00,36.4
2025-06-12 06:59:00,42.5
2025-06-12 15:50:00,27.1
2025-06-12 22:17:00,1.0
2025-06-12 12:52:00,74.5
2025-06-12 08:44:00,24.8
2025-06-12 06:44:00,13.8
2025-06-12 09:10:00,99.6
2025-06-12 22:44:00,83.7
2025-06-12 20:56:00,77.9
2025-06-12 14:03:00,72.5
2025-06-12 06:16:00,89.5
2025-06-12 16:27:00,35.7
2025-06-12 08:04:00,21.1
2025-06-12 13:24:00,78.2
2025-06-12 17:41:00,53.7
2025-06-12 17:13:00,78.2
2025-06-12 11:37:00,42.7
2025-06-12 09:53:00,92.3
2025-06-12 18:22:00,20.3
2025-06-12 05:45:00,16.9
2025-06-12 03:49:00,24.1
2025-06-12 18:26:00,35.0
2025-06-12 16:40:00,86.6
2025-06-12 04:00:00,19.1
2025-06-12 21:47:00,75.7
2025-06-12 06:00:00,33.4
2025-06-12 13:41:00,37.7
2025-06-12 18:57:00,23.1
2025-06-12 10:59:00,60.8
2025-06-12 09:11:00,82.2
2025-06-12 16:37:00,53.3
2025-06-12 10:44:00,50.04954009433962
2025-06-12 20:33:00,4.3
2025-06-12 14:43:00,87.4
2025-06-12 16:58:00,5.8
2025-06-12 22:16:00,97.1
2025-06-12 16:48:00,27.4
2025-06-12 16:26:00,21.3
2025-06-12 19:28:00,94.4
2025-06-12 22:59:00,27.4
2025-06-12 14:48:00,50.04954009433962
2025-06-12 03:55:00,11.9
2025-06-12 05:50:00,96.8
2025-06-12 05:15:00,75.6
2025-06-12 07:15:00,82.4
2025-06-12 03:34:00,36.3
2025-06-12 23:07:00,76.4
2025-06-12 22:57:00,30.2
2025-06-12 08:41:00,72.7
2025-06-12 09:52:00,76.6
2025-06-12 09:47:00,50.04954009433962
2025-06-12 02:03:00,94.3
2025-06-12 01:07:00,24.7
2025-06-12 23:05:00,94.6
2025-06-12 23:49:00,75.5
2025-06-12 07:43:00,4.4
2025-06-12 13:28:00,96.8
2025-06-12 01:57:00,50.04954009433962
2025-06-12 08:41:00,8.4
2025-06-12 04:20:00,74.1
2025-06-12 10:01:00,69.7
2025-06-12 14:40:00,14.5
2025-06-12 13:50:00,5.1
2025-06-12 02:09:00,31.9
2025-06-12 15:41:00,15.4
2025-06-12 07:17:00,79.9
2025-06-12 18:11:00,33.9
2025-06-12 18:03:00,49.9
2025-06-12 06:13:00,60.5
2025-06-12 21:53:00,98.9
2025-06-12 18:04:00,42.1
2025-06-12 17:46:00,24.2
2025-06-12 15:55:00,50.04954009433962
2025-06-12 11:16:00,10.6
2025-06-12 02:22:00,61.5
2025-06-12 01:43:00,19.2
2025-06-12 15:38:00,50.04954009433962
2025-06-12 22:27:00,10.3
2025-06-12 17:48:00,66.7
2025-06-12 15:58:00,20.5
2025-06-12 08:07:00,58.6
2025-06-12 09:27:00,14.6
2025-06-12 07:18:00,47.1
2025-06-12 22:35:00,34.0
2025-06-12 14:51:00,79.6
2025-06-12 12:54:00,2.5
2025-06-12 05:50:00,50.04954009433962
2025-06-12 05:30:00,15.8
2025-06-12 15:00:00,68.9
2025-06-12 08:24:00,50.04954009433962
2025-06-12 05:06:00,33.7
2025-06-12 02:42:00,67.1
2025-06-12 03:41:00,50.04954009433962
2025-06-12 03:52:00,38.9
2025-06-12 04:28:00,50.04954009433962
2025-06-12 16:45:00,89.1
2025-06-12 12:21:00,4.9
2025-06-12 05:59:00,97.3
2025-06-12 23:31:00,50.04954009433962
2025-06-12 20:52:00,78.0
2025-06-12 03:47:00,78.2
2025-06-12 04:13:00,90.9
2025-06-12 03:56:00,31.2
2025-06-12 13:43:00,40.6
2025-06-12 12:04:00,45.8
2025-06-12 23:55:00,91.2
2025-06-12 20:04:00,45.1
2025-06-12 07:34:00,92.5
2025-06-12 06:01:00,88.5
2025-06-12 12:03:00,50.04954009433962
2025-06-12 12:21:00,54.8
2025-06-12 21:13:00,16.7
2025-06-12 01:55:00,22.6
2025-06-12 14:19:00,49.0
2025-06-12 05:55:00,54.0
2025-06-12 14:24:00,77.3
2025-06-12 14:31:00,80.7
2025-06-12 16:44:00,55.1
2025-06-12 14:48:00,49.3
2025-06-12 04:10:00,50.04954009433962
2025-06-12 03:56:00,52.4
2025-06-12 19:58:00,53.7
2025-06-12 10:09:00,61.7
2025-06-12 14:08:00,35.6
2025-06-12 22:08:00,55.7
2025-06-12 08:45:00,0.4
2025-06-12 00:46:00,50.6
2025-06-12 22:27:00,42.3
2025-06-12 14:05:00,19.1
2025-06-12 07:31:00,96.9
2025-06-12 23:16:00,82.4
2025-06-12 22:12:00,66.5
2025-06-12 11:03:00,8.0
2025-06-12 05:03:00,98.1
2025-06-12 13:11:00,90.1
2025-06-12 23:20:00,58.1
2025-06-12 00:37:00,9.7
2025-06-12 06:11:00,1.9
2025-06-12 07:14:00,53.5
2025-06-12 01:34:00,94.6
2025-06-12 02:46:00,18.7
2025-06-12 02:36:00,50.04954009433962
2025-06-12 01:46:00,98.5
2025-06-12 10:25:00,50.04954009433962
2025-06-12 04:37:00,36.0
2025-06-12 00:43:00,42.3
2025-06-12 02:14:00,12.5
2025-06-12 00:02:00,29.4
2025-06-12 08:09:00,50.04954009433962
2025-06-12 17:52:00,78.9
2025-06-12 07:56:00,94.3
2025-06-12 00:24:00,86.3
2025-06-12 05:28:00,50.04954009433962
2025-06-12 03:33:00,32.5
2025-06-12 06:04:00,50.04954009433962
2025-06-12 01:20:00,50.04954009433962
2025-06-12 19:55:00,91.7
2025-06-12 13:34:00,38.9
2025-06-12 20:20:00,31.9
2025-06-12 05:17:00,58.6
2025-06-12 07:43:00,50.1
2025-06-12 05:23:00,35.6
2025-06-12 09:30:00,86.7
2025-06-12 16:06:00,1.8
2025-06-12 19:49:00,96.6
2025-06-12 10:23:00,32.5
2025-06-12 11:26:00,77.2
2025-06-12 08:36:00,80.8
2025-06-12 00:31:00,34.6
2025-06-12 23:12:00,47.3
2025-06-12 21:12:00,21.7
2025-06-12 12:53:00,31.7
2025-06-12 08:29:00,24.5
2025-06-12 17:09:00,2.2
2025-06-12 19:21:00,87.5
2025-06-12 01:32:00,19.5
2025-06-12 10:47:00,52.5
2025-06-12 02:38:00,72.3
2025-06-12 23:30:00,9.4
2025-06-12 03:08:00,40.9
2025-06-12 11:06:00,89.6
2025-06-12 16:39:00,34.1
2025-06-12 09:06:00,67.4
2025-06-12 21:50:00,98.2
2025-06-12 03:45:00,60.7
2025-06-12 18:20:00,75.4
2025-06-12 00:41:00,42.8
2025-06-12 07:03:00,56.5
2025-06-12 18:17:00,54.1
2025-06-12 15:40:00,44.0
2025-06-12 07:31:00,84.0
2025-06-12 06:45:00,46.7
2025-06-12 17:59:00,96.2
2025-06-12 01:25:00,97.2
2025-06-12 08:00:00,17.9
2025-06-12 22:51:00,50.04954009433962
2025-06-12 09:40:00,9.7
2025-06-12 21:10:00,97.1
2025-06-12 20:41:00,60.7
2025-06-12 15:11:00,6.4
2025-06-12 22:30:00,58.8
2025-06-12 13:09:00,82.5
2025-06-12 21:44:00,59.0
2025-06-12 04:52:00,70.9
2025-06-12 00:41:00,99.7
2025-06-12 00:48:00,25.1
2025-06-12 07:14:00,46.4
2025-06-12 13:29:00,65.3
2025-06-12 09:16:00,82.7
2025-06-12 12:16:00,21.9
2025-06-12 20:36:00,50.04954009433962
2025-06-12 06:39:00,69.4
2025-06-12 07:48:00,6.6
2025-06-12 15:36:00,91.8
2025-06-12 07:31:00,50.04954009433962
2025-06-12 20:24:00,97.5
2025-06-12 20:18:00,56.4
2025-06-12 04:56:00,80.2
2025-06-12 07:10:00,50.04954009433962
2025-06-12 23:19:00,25.1
2025-06-12 09:58:00,68.1
2025-06-12 07:33:00,36.1
2025-06-12 02:40:00,0.1
2025-06-12 21:42:00,50.04954009433962
2025-06-12 03:48:00,48.5
2025-06-12 10:45:00,32.0
2025-06-12 16:01:00,76.3
2025-06-12 10:15:00,26.1
2025-06-12 11:42:00,98.9
2025-06-12 04:39:00,44.8
2025-06-12 14:03:00,35.9
2025-06-12 03:56:00,50.04954009433962
2025-06-12 11:34:00,15.6
2025-06-12 15:49:00,20.7
2025-06-12 11:34:00,73.2
2025-06-12 23:22:00,50.04954009433962
2025-06-12 19:54:00,50.04954009433962
2025-06-12 08:02:00,64.4
2025-06-12 08:04:00,34.9
2025-06-12 05:20:00,86.0
2025-06-12 17:09:00,50.04954009433962
2025-06-12 09:07:00,19.5
2025-06-12 06:17:00,33.9
2025-06-12 00:15:00,57.7
2025-06-12 21:13:00,8.4
2025-06-12 12:20:00,85.6
2025-06-12 00:14:00,50.04954009433962
2025-06-12 21:19:00,58.4
2025-06-12 17:45:00,50.04954009433962
2025-06-12 21:48:00,31.0
2025-06-12 06:55:00,59.8
2025-06-12 05:28:00,54.9
2025-06-12 06:51:00,57.6
2025-06-12 12:49:00,9.8
2025-06-12 22:57:00,91.0
2025-06-12 07:02:00,65.7
2025-06-12 21:06:00,50.04954009433962
2025-06-12 07:26:00,7.1
2025-06-12 14:37:00,42.6
2025-06-12 09:02:00,84.9
2025-06-12 18:45:00,41.3
2025-06-12 11:54:00,36.1
2025-06-12 10:20:00,77.8
2025-06-12 07:59:00,20.1
2025-06-12 14:42:00,76.4
2025-06-12 07:06:00,34.4
2025-06-12 02:53:00,30.8
2025-06-12 15:07:00,97.5
2025-06-12 04:00:00,82.2
2025-06-12 03:25:00,41.4
2025-06-12 17:48:00,62.5
2025-06-12 09:29:00,83.0
2025-06-12 14:36:00,59.0
2025-06-12 20:09:00,46.4
2025-06-12 22:47:00,18.5
2025-06-12 10:13:00,85.3
2025-06-12 00:53:00,74.8
2025-06-12 18:59:00,42.8
2025-06-12 23:44:00,50.04954009433962
2025-06-12 14:27:00,34.9
2025-06-12 15:24:00,61.7
2025-06-12 15:47:00,50.04954009433962
2025-06-12 16:15:00,61.9
2025-06-12 07:27:00,50.04954009433962
2025-06-12 06:18:00,5.2
2025-06-12 19:41:00,2.4
2025-06-12 07:20:00,30.6
2025-06-12 16:48:00,95.2
2025-06-12 09:28:00,26.9
2025-06-12 05:47:00,50.04954009433962
2025-06-12 13:41:00,2.2
2025-06-12 21:47:00,11.8
2025-06-12 14:23:00,21.3
2025-06-12 06:05:00,32.6
2025-06-12 19:57:00,51.6
2025-06-12 21:51:00,50.04954009433962
2025-06-12 09:05:00,11.0
2025-06-12 08:50:00,50.04954009433962
2025-06-12 02:12:00,39.7
2025-06-12 19:55:00,57.0
2025-06-12 20:58:00,27.4
2025-06-12 19:39:00,26.6
2025-06-12 15:14:00,50.04954009433962
2025-06-12 21:51:00,32.2
2025-06-12 10:02:00,31.8
2025-06-12 05:20:00,7.9
2025-06-12 20:16:00,77.4
2025-06-12 06:39:00,31.1
2025-06-12 02:03:00,18.4
2025-06-12 21:29:00,47.8
2025-06-12 21:37:00,2.1
2025-06-12 03:34:00,28.2
2025-06-12 19:51:00,8.2
2025-06-12 18:29:00,50.04954009433962
2025-06-12 14:30:00,67.7
2025-06-12 03:09:00,20.1
2025-06-12 20:34:00,16.2
2025-06-12 13:42:00,50.04954009433962
2025-06-12 04:22:00,60.6
2025-06-12 03:37:00,54.5
2025-06-12 20:43:00,0.6
2025-06-12 23:42:00,77.6
2025-06-12 19:29:00,50.04954009433962
2025-06-12 00:00:00,26.5
2025-06-12 17:40:00,31.6
2025-06-12 13:35:00,88.8
2025-06-12 20:33:00,17.7
2025-06-12 08:42:00,55.6
2025-06-12 15:36:00,65.8
2025-06-12 16:17:00,73.7
2025-06-12 02:28:00,35.8
2025-06-12 15:53:00,25.5
2025-06-12 00:52:00,23.6
2025-06-12 21:28:00,50.04954009433962
2025-06-12 00:21:00,48.8
2025-06-12 18:15:00,77.7
2025-06-12 08:59:00,78.4
2025-06-12 20:11:00,92.2
2025-06-12 22:15:00,26.9
2025-06-12 01:26:00,85.2
2025-06-12 02:43:00,61.3
2025-06-12 19:58:00,32.9
2025-06-12 19:52:00,6.6
2025-06-12 20:14:00,1.5
2025-06-12 18:40:00,76.0
2025-06-12 01:44:00,7.7
2025-06-12 09:13:00,50.04954009433962
2025-06-12 02:08:00,27.8
2025-06-12 09:48:00,27.2
2025-06-12 20:41:00,4.9
2025-06-12 19:43:00,50.04954009433962
2025-06-12 14:17:00,36.2
2025-06-12 20:20:00,50.04954009433962
2025-06-12 09:02:00,73.9
2025-06-12 04:17:00,4.4
2025-06-12 16:03:00,77.4
2025-06-12 01:18:00,50.06682414078186
2025-06-12 10:44:00,93.5
2025-06-12 10:01:00,20.7
2025-06-12 03:10:00,90.9
2025-06-12 06:40:00,46.4
2025-06-12 21:08:00,68.0
2025-06-12 03:50:00,9.8
2025-06-12 11:39:00,41.7
2025-06-12 02:01:00,50.06682414078186
2025-06-12 07:32:00,72.5
2025-06-12 21:02:00,82.0
2025-06-12 21:29:00,29.5
2025-06-12 07:59:00,61.1
2025-06-12 13:14:00,95.4
2025-06-12 00:30:00,91.8
2025-06-12 15:36:00,50.06682414078186
2025-06-12 02:49:00,50.06682414078186
2025-06-12 02:15:00,12.3
2025-06-12 05:33:00,62.3
2025-06-12 08:36:00,13.4
2025-06-12 19:30:00,22.7
2025-06-12 08:10:00,79.4
2025-06-12 19:32:00,36.6
2025-06-12 22:28:00,66.8
2025-06-12 12:37:00,25.1
2025-06-12 05:14:00,3.4
2025-06-12 14:45:00,50.06682414078186
2025-06-12 11:33:00,87.2
2025-06-12 15:31:00,76.2
2025-06-12 18:02:00,80.2
2025-06-12 04:15:00,35.9
2025-06-12 20:12:00,50.06682414078186
2025-06-12 00:00:00,15.8
2025-06-12 20:37:00,12.0
2025-06-12 04:34:00,94.6
2025-06-12 07:08:00,70.5
2025-06-12 05:51:00,33.0
2025-06-12 08:04:00,80.7
2025-06-12 11:31:00,10.2
2025-06-12 05:53:00,84.7
2025-06-12 07:25:00,40.0
2025-06-12 21:43:00,89.6
2025-06-12 16:00:00,51.9
2025-06-12 01:27:00,64.0
2025-06-12 22:31:00,16.2
2025-06-12 13:15:00,25.7
2025-06-12 14:25:00,82.4
2025-06-12 22:41:00,50.06682414078186
2025-06-12 03:08:00,40.0
2025-06-12 11:34:00,22.4
2025-06-12 06:35:00,62.9
2025-06-12 00:47:00,50.6
2025-06-12 19:58:00,92.1
2025-06-12 14:28:00,68.6
2025-06-12 13:42:00,52.8
2025-06-12 07:15:00,7.5
2025-06-12 19:24:00,82.0
2025-06-12 04:14:00,7.3
2025-06-12 20:08:00,19.9
2025-06-12 19:14:00,48.1
2025-06-12 22:41:00,28.5
2025-06-12 18:52:00,15.6
2025-06-12 02:14:00,95.6
2025-06-12 15:55:00,92.8
2025-06-12 16:39:00,50.06682414078186
2025-06-12 00:01:00,50.06682414078186
2025-06-12 01:06:00,52.7
2025-06-12 03:54:00,38.2
2025-06-12 16:28:00,50.06682414078186
2025-06-12 17:02:00,90.1
2025-06-12 01:51:00,75.5
2025-06-12 13:17:00,39.3
2025-06-12 10:47:00,50.06682414078186
2025-06-12 00:36:00,50.06682414078186
2025-06-12 12:22:00,69.8
2025-06-12 02:58:00,70.2
2025-06-12 01:31:00,19.9
2025-06-12 00:04:00,52.2
2025-06-12 21:07:00,27.8
2025-06-12 09:43:00,79.1
2025-06-12 03:10:00,50.06682414078186
2025-06-12 22:26:00,71.5
2025-06-12 14:09:00,4.0
2025-06-12 20:12:00,93.6
2025-06-12 20:35:00,41.4
2025-06-12 20:26:00,50.06682414078186
2025-06-12 06:45:00,7.2
2025-06-12 05:36:00,18.6
2025-06-12 20:54:00,64.1
2025-06-12 18:55:00,50.2
2025-06-12 00:39:00,15.0
2025-06-12 04:09:00,89.9
2025-06-12 13:56:00,69.5
2025-06-12 12:22:00,44.0
2025-06-12 13:58:00,95.0
2025-06-12 05:42:00,1.2
2025-06-12 13:53:00,46.3
2025-06-12 16:16:00,50.06682414078186
2025-06-12 15:16:00,97.5
2025-06-12 09:38:00,70.5
2025-06-12 10:13:00,10.7
2025-06-12 15:04:00,22.3
2025-06-12 14:17:00,97.4
2025-06-12 08:09:00,70.9
2025-06-12 09:32:00,50.06682414078186
2025-06-12 13:26:00,98.9
2025-06-12 12:50:00,9.8
2025-06-12 04:10:00,22.4
2025-06-12 06:26:00,26.7
2025-06-12 13:32:00,77.9
2025-06-12 00:38:00,1.9
2025-06-12 06:35:00,2.2
2025-06-12 06:18:00,50.06682414078186
2025-06-12 11:30:00,14.1
2025-06-12 19:35:00,47.7
2025-06-12 08:27:00,87.0
2025-06-12 23:30:00,12.9
2025-06-12 07:13:00,7.0
2025-06-12 07:32:00,82.3
2025-06-12 19:17:00,12.1
2025-06-12 03:58:00,64.3
2025-06-12 06:41:00,50.06682414078186
2025-06-12 10:19:00,74.1
2025-06-12 19:47:00,43.5
2025-06-12 11:36:00,47.9
2025-06-12 14:47:00,92.5
2025-06-12 12:22:00,22.6
2025-06-12 11:56:00,80.3
2025-06-12 10:36:00,67.8
2025-06-12 06:33:00,99.1
2025-06-12 16:25:00,10.9
2025-06-12 09:57:00,40.2
2025-06-12 08:20:00,99.3
2025-06-12 01:05:00,19.1
2025-06-12 19:14:00,26.5
2025-06-12 06:15:00,24.9
2025-06-12 16:57:00,31.4
2025-06-12 20:39:00,57.7
2025-06-12 14:44:00,84.5
2025-06-12 07:34:00,50.06682414078186
2025-06-12 02:33:00,76.8
2025-06-12 06:47:00,80.4
2025-06-12 23:49:00,57.5
2025-06-12 22:57:00,50.06682414078186
2025-06-12 22:46:00,39.8
2025-06-12 07:01:00,35.1
2025-06-12 00:24:00,17.8
2025-06-12 12:29:00,63.7
2025-06-12 03:03:00,46.6
2025-06-12 06:29:00,47.9
2025-06-12 10:16:00,22.9
2025-06-12 11:53:00,30.7
2025-06-12 17:03:00,29.8
2025-06-12 06:25:00,88.6
2025-06-12 16:10:00,21.2
2025-06-12 22:55:00,2.5
2025-06-12 07:14:00,43.3
2025-06-12 18:04:00,50.06682414078186
2025-06-12 13:32:00,28.4
2025-06-12 00:31:00,50.06682414078186
2025-06-12 06:32:00,96.3
2025-06-12 00:49:00,50.3
2025-06-12 15:59:00,50.06682414078186
2025-06-12 10:13:00,49.7
2025-06-12 22:06:00,10.5
2025-06-12 13:50:00,30.9
2025-06-12 07:14:00,85.4
2025-06-12 22:57:00,19.0
2025-06-12 04:44:00,6.4
2025-06-12 05:31:00,87.1
2025-06-12 08:58:00,9.9
2025-06-12 03:36:00,70.9
2025-06-12 00:39:00,16.5
2025-06-12 10:42:00,19.6
2025-06-12 09:38:00,50.06682414078186
2025-06-12 17:39:00,96.0
2025-06-12 02:56:00,89.2
2025-06-12 02:10:00,92.6
2025-06-12 17:58:00,14.1
2025-06-12 19:12:00,35.1
2025-06-12 05:53:00,43.0
2025-06-12 03:38:00,60.8
2025-06-12 08:07:00,52.7
2025-06-12 10:13:00,3.6
2025-06-12 13:31:00,78.4
2025-06-12 01:12:00,50.06682414078186
2025-06-12 05:46:00,50.06682414078186
2025-06-12 19:41:00,88.2
2025-06-12 02:40:00,64.7
2025-06-12 01:36:00,30.1
2025-06-12 12:00:00,80.3
2025-06-12 15:44:00,38.8
2025-06-12 03:42:00,28.7
2025-06-12 16:32:00,54.9
2025-06-12 01:46:00,79.1
2025-06-12 18:22:00,5.3
2025-06-12 08:27:00,78.6
2025-06-12 13:30:00,50.06682414078186
2025-06-12 00:35:00,9.2
2025-06-12 00:08:00,64.2
2025-06-12 11:36:00,11.5
2025-06-12 18:14:00,87.3
2025-06-12 01:24:00,39.0
2025-06-12 21:56:00,21.4
2025-06-12 16:59:00,5.0
2025-06-12 20:15:00,6.0
2025-06-12 03:45:00,86.8
2025-06-12 05:32:00,82.9
2025-06-12 11:14:00,27.1
2025-06-12 07:18:00,72.1
2025-06-12 18:46:00,41.7
2025-06-12 23:03:00,47.5
2025-06-12 22:31:00,29.7
2025-06-12 22:18:00,11.9
2025-06-12 12:18:00,50.0
2025-06-12 13:24:00,48.6
2025-06-12 10:39:00,32.4
2025-06-12 06:17:00,71.4
2025-06-12 18:12:00,60.5
2025-06-12 05:10:00,41.8
2025-06-12 00:16:00,4.4
2025-06-12 21:11:00,79.9
2025-06-12 06:08:00,38.7
2025-06-12 00:23:00,93.2
2025-06-12 22:37:00,5.3
2025-06-12 13:29:00,98.2
2025-06-12 15:09:00,92.0
2025-06-12 07:56:00,93.2
2025-06-12 17:45:00,52.9
2025-06-12 10:34:00,65.7
2025-06-12 13:50:00,54.8
2025-06-12 08:45:00,68.9
2025-06-12 20:44:00,14.3
2025-06-12 18:55:00,96.3
2025-06-12 16:54:00,50.06682414078186
2025-06-12 22:47:00,31.8
2025-06-12 09:46:00,50.06682414078186
2025-06-12 04:38:00,84.9
2025-06-12 11:06:00,71.0
2025-06-12 12:32:00,50.06682414078186
2025-06-12 04:44:00,48.2
2025-06-12 16:42:00,78.7
2025-06-12 02:37:00,8.1
2025-06-12 03:21:00,50.06682414078186
2025-06-12 22:46:00,72.3
2025-06-12 01:13:00,58.0
2025-06-12 03:18:00,41.1
2025-06-12 03:29:00,50.06682414078186
2025-06-12 16:45:00,30.3
2025-06-12 05:14:00,50.06682414078186
2025-06-12 00:55:00,29.8
2025-06-12 02:17:00,47.9
2025-06-12 15:30:00,41.1
2025-06-12 15:22:00,50.06682414078186
2025-06-12 13:26:00,56.0
2025-06-12 03:26:00,98.4
2025-06-12 23:29:00,64.6
2025-06-12 19:59:00,50.06682414078186
2025-06-12 09:20:00,77.4
2025-06-12 11:41:00,50.06682414078186
2025-06-12 21:57:00,71.5
2025-06-12 17:17:00,71.9
2025-06-12 11:36:00,17.8
2025-06-12 09:32:00,54.2
2025-06-12 03:50:00,64.5
2025-06-12 10:44:00,34.6
2025-06-12 07:06:00,28.9
2025-06-12 06:20:00,59.4
2025-06-12 15:22:00,50.06682414078186
2025-06-12 14:37:00,50.06682414078186
2025-06-12 08:13:00,21.4
2025-06-12 23:27:00,52.3
2025-06-12 04:47:00,55.9
2025-06-12 00:59:00,92.5
2025-06-12 22:54:00,13.8
2025-06-12 12:35:00,98.9
2025-06-12 21:05:00,50.06682414078186
2025-06-12 10:44:00,8.0
2025-06-12 03:02:00,11.7
2025-06-12 18:27:00,40.1
2025-06-12 18:33:00,56.6
2025-06-12 14:18:00,50.06682414078186
2025-06-12 08:47:00,42.7
2025-06-12 06:51:00,17.1
2025-06-12 15:40:00,81.0
2025-06-12 12:48:00,40.2
2025-06-12 00:46:00,21.1
2025-06-12 04:41:00,90.1
2025-06-12 05:53:00,69.6
2025-06-12 04:48:00,78.9
2025-06-12 03:04:00,60.0
2025-06-12 20:01:00,54.6
2025-06-12 22:05:00,43.9
2025-06-12 05:04:00,4.4
2025-06-12 02:02:00,42.9
2025-06-12 11:35:00,51.6
2025-06-12 08:21:00,32.3
2025-06-12 04:13:00,81.7
2025-06-12 23:41:00,14.0
2025-06-12 18:56:00,72.1
2025-06-12 08:11:00,13.5
2025-06-12 15:54:00,64.7
2025-06-12 14:14:00,52.8
2025-06-12 07:34:00,92.4
2025-06-12 18:40:00,90.8
2025-06-12 21:40:00,76.2
2025-06-12 07:40:00,27.3
2025-06-12 09:25:00,99.6
2025-06-12 00:43:00,95.1
2025-06-12 19:52:00,50.06682414078186
2025-06-12 23:42:00,26.8
2025-06-12 20:20:00,20.0
2025-06-12 09:58:00,4.2
2025-06-12 10:43:00,63.8
2025-06-12 07:06:00,22.2
2025-06-12 03:52:00,55.9
2025-06-12 11:02:00,53.7
2025-06-12 15:55:00,40.7
2025-06-12 00:41:00,40.7
2025-06-12 01:17:00,49.6
2025-06-12 06:43:00,30.2
2025-06-12 09:26:00,1.7
2025-06-12 16:19:00,50.06682414078186
2025-06-12 18:54:00,17.8
2025-06-12 06:31:00,92.7
2025-06-12 21:54:00,85.2
2025-06-12 04:04:00,54.2
2025-06-12 04:09:00,35.0
2025-06-12 07:50:00,23.4
2025-06-12 14:53:00,16.9
2025-06-12 20:30:00,69.2
2025-06-12 03:20:00,49.378098152289034
2025-06-12 15:04:00,39.7
2025-06-12 18:04:00,94.1
2025-06-12 20:58:00,39.6
2025-06-12 12:59:00,45.6
2025-06-12 06:58:00,49.378098152289034
2025-06-12 02:53:00,37.0
2025-06-12 04:42:00,49.378098152289034
2025-06-12 14:16:00,35.5
2025-06-12 10:29:00,49.378098152289034
2025-06-12 01:10:00,41.1
2025-06-12 20:37:00,31.6
2025-06-12 06:11:00,4.2
2025-06-12 21:32:00,39.7
2025-06-12 03:28:00,49.378098152289034
2025-06-12 15:14:00,49.378098152289034
2025-06-12 19:29:00,88.0
2025-06-12 02:59:00,4.3
2025-06-12 15:09:00,49.378098152289034
2025-06-12 20:12:00,81.5
2025-06-12 08:58:00,74.0
2025-06-12 23:24:00,36.6
2025-06-12 23:16:00,49.378098152289034
2025-06-12 20:06:00,46.4
2025-06-12 19:22:00,7.9
2025-06-12 17:20:00,83.8
2025-06-12 05:24:00,38.0
2025-06-12 08:16:00,82.7
2025-06-12 15:18:00,7.0
2025-06-12 09:23:00,21.9
2025-06-12 03:01:00,17.2
2025-06-12 19:00:00,49.378098152289034
2025-06-12 06:27:00,98.9
2025-06-12 02:53:00,95.7
2025-06-12 17:30:00,49.378098152289034
2025-06-12 05:08:00,76.9
2025-06-12 18:13:00,75.0
2025-06-12 04:11:00,49.378098152289034
2025-06-12 11:29:00,18.1
2025-06-12 15:47:00,49.378098152289034
2025-06-12 22:21:00,49.378098152289034
2025-06-12 21:19:00,13.5
2025-06-12 18:54:00,49.378098152289034
2025-06-12 06:19:00,49.378098152289034
2025-06-12 20:29:00,41.3
2025-06-12 03:29:00,53.3
2025-06-12 17:45:00,15.7
2025-06-12 15:22:00,47.6
2025-06-12 03:40:00,23.7
2025-06-12 05:52:00,91.0
2025-06-12 23:52:00,49.378098152289034
2025-06-12 22:16:00,48.7
2025-06-12 08:44:00,74.6
2025-06-12 08:09:00,42.4
2025-06-12 13:03:00,49.378098152289034
2025-06-12 18:23:00,83.3
2025-06-12 22:22:00,49.378098152289034
2025-06-12 20:55:00,49.378098152289034
2025-06-12 18:05:00,18.0
2025-06-12 03:39:00,3.7
2025-06-12 04:15:00,95.9
2025-06-12 08:54:00,43.2
2025-06-12 09:48:00,64.9
2025-06-12 11:35:00,52.2
2025-06-12 07:35:00,79.2
2025-06-12 03:32:00,2.7
2025-06-12 09:18:00,49.378098152289034
2025-06-12 18:40:00,49.378098152289034
2025-06-12 17:03:00,49.378098152289034
2025-06-12 07:36:00,7.4
2025-06-12 04:03:00,81.7
2025-06-12 22:47:00,49.378098152289034
2025-06-12 21:15:00,49.378098152289034
2025-06-12 09:28:00,67.3
2025-06-12 21:24:00,95.8
2025-06-12 00:08:00,62.2
2025-06-12 12:41:00,56.5
2025-06-12 18:59:00,43.8
2025-06-12 01:46:00,62.6
2025-06-12 08:11:00,53.4
2025-06-12 11:26:00,55.8
2025-06-12 10:33:00,33.6
2025-06-12 14:06:00,62.3
2025-06-12 15:31:00,1.1
2025-06-12 14:40:00,45.3
2025-06-12 07:31:00,75.4
2025-06-12 00:20:00,97.3
2025-06-12 03:46:00,85.3
2025-06-12 21:58:00,49.378098152289034
2025-06-12 23:34:00,84.5
2025-06-12 05:15:00,49.378098152289034
2025-06-12 13:53:00,49.378098152289034
2025-06-12 08:51:00,57.7
2025-06-12 04:18:00,49.378098152289034
2025-06-12 16:56:00,49.378098152289034
2025-06-12 21:06:00,68.3
2025-06-12 11:02:00,83.3
2025-06-12 17:59:00,36.4
2025-06-12 23:04:00,8.9
2025-06-12 06:04:00,65.7
2025-06-12 13:49:00,49.378098152289034
2025-06-12 21:09:00,21.1
2025-06-12 21:26:00,62.3
2025-06-12 06:01:00,49.378098152289034
2025-06-12 08:04:00,52.0
2025-06-12 08:36:00,83.4
2025-06-12 05:22:00,22.1
2025-06-12 07:40:00,49.378098152289034
2025-06-12 14:17:00,99.9
2025-06-12 09:59:00,61.9
2025-06-12 03:13:00,38.2
2025-06-12 09:31:00,9.3
2025-06-12 00:24:00,82.5
2025-06-12 04:02:00,75.8
2025-06-12 13:56:00,81.9
2025-06-12 14:13:00,30.7
2025-06-12 19:19:00,17.1
2025-06-12 16:28:00,51.4
2025-06-12 08:34:00,78.3
2025-06-12 05:22:00,37.4
2025-06-12 22:05:00,26.7
2025-06-12 20:08:00,59.8
2025-06-12 14:27:00,75.4
2025-06-12 09:51:00,43.6
2025-06-12 14:52:00,71.3
2025-06-12 20:03:00,49.378098152289034
2025-06-12 23:30:00,71.1
2025-06-12 13:14:00,54.8
2025-06-12 23:04:00,20.8
2025-06-12 00:22:00,23.9
2025-06-12 20:53:00,41.2
2025-06-12 10:43:00,49.378098152289034
2025-06-12 03:39:00,80.2
2025-06-12 22:46:00,18.5
2025-06-12 15:56:00,49.378098152289034
2025-06-12 05:09:00,56.6
2025-06-12 11:36:00,22.3
2025-06-12 23:36:00,37.5
2025-06-12 18:33:00,65.2
2025-06-12 18:35:00,49.378098152289034
2025-06-12 18:04:00,44.0
2025-06-12 22:52:00,90.3
2025-06-12 16:58:00,79.3
2025-06-12 23:27:00,5.1
2025-06-12 14:26:00,68.3
2025-06-12 14:43:00,71.9
2025-06-12 02:49:00,60.0
2025-06-12 00:48:00,83.5
2025-06-12 23:22:00,48.0
2025-06-12 06:21:00,93.8
2025-06-12 10:57:00,45.0
2025-06-12 00:57:00,93.3
2025-06-12 16:21:00,29.0
2025-06-12 11:05:00,41.5
2025-06-12 10:22:00,38.4
2025-06-12 03:30:00,76.6
2025-06-12 15:25:00,74.8
2025-06-12 16:55:00,63.8
2025-06-12 11:24:00,45.2
2025-06-12 07:59:00,49.378098152289034
2025-06-12 07:40:00,43.8
2025-06-12 15:16:00,55.1
2025-06-12 17:56:00,38.2
2025-06-12 14:45:00,82.5
2025-06-12 16:49:00,49.378098152289034
2025-06-12 08:33:00,58.4
2025-06-12 05:34:00,37.9
2025-06-12 04:50:00,53.2
2025-06-12 15:37:00,49.378098152289034
2025-06-12 09:08:00,94.7
2025-06-12 12:06:00,22.3
2025-06-12 05:58:00,23.5
2025-06-12 09:11:00,16.2
2025-06-12 11:34:00,28.6
2025-06-12 04:47:00,43.4
2025-06-12 06:39:00,15.1
2025-06-12 01:14:00,21.9
2025-06-12 03:21:00,33.4
2025-06-12 03:05:00,16.3
2025-06-12 02:18:00,49.8
2025-06-12 10:31:00,79.5
2025-06-12 14:44:00,59.9
2025-06-12 21:35:00,49.378098152289034
2025-06-12 21:29:00,87.3
2025-06-12 18:33:00,59.6
2025-06-12 21:21:00,46.8
2025-06-12 19:37:00,22.6
2025-06-12 20:34:00,0.8
2025-06-12 07:47:00,37.3
2025-06-12 02:56:00,18.6
2025-06-12 05:43:00,60.7
2025-06-12 13:13:00,49.378098152289034
2025-06-12 16:59:00,89.9
2025-06-12 01:30:00,49.378098152289034
2025-06-12 14:49:00,6.3
2025-06-12 15:07:00,19.0
2025-06-12 12:59:00,33.4
2025-06-12 11:22:00,49.378098152289034
2025-06-12 02:29:00,49.378098152289034
2025-06-12 02:00:00,26.6
2025-06-12 19:10:00,0.0
2025-06-12 21:03:00,49.378098152289034
2025-06-12 03:20:00,60.0
2025-06-12 23:21:00,3.2
2025-06-12 07:55:00,39.3
2025-06-12 07:11:00,22.8
2025-06-12 05:48:00,49.378098152289034
2025-06-12 11:41:00,73.7
2025-06-12 12:27:00,19.5
2025-06-12 01:48:00,29.3
2025-06-12 12:35:00,85.5
2025-06-12 10:03:00,57.7
2025-06-12 04:19:00,48.2
2025-06-12 21:23:00,64.1
2025-06-12 07:43:00,32.9
2025-06-12 09:48:00,63.5
2025-06-12 04:47:00,79.6
2025-06-12 00:19:00,29.3
2025-06-12 13:34:00,76.6
2025-06-12 11:11:00,23.9
2025-06-12 06:05:00,63.4
2025-06-12 18:30:00,31.4
2025-06-12 17:23:00,93.2
2025-06-12 03:02:00,54.8
2025-06-12 22:42:00,1.3
2025-06-12 21:07:00,30.8
2025-06-12 01:15:00,40.2
2025-06-12 23:05:00,55.5
2025-06-12 22:32:00,94.6
2025-06-12 17:50:00,23.7
2025-06-12 16:09:00,29.7
2025-06-12 21:08:00,58.3
2025-06-12 02:24:00,55.0
2025-06-12 08:00:00,6.1
2025-06-12 22:05:00,35.8
2025-06-12 02:49:00,55.9
2025-06-12 22:08:00,2.4
2025-06-12 23:46:00,12.3
2025-06-12 12:57:00,22.4
2025-06-12 03:11:00,13.9
2025-06-12 16:38:00,49.378098152289034
2025-06-12 00:11:00,88.2
2025-06-12 00:00:00,58.2
2025-06-12 15:30:00,18.2
2025-06-12 02:05:00,66.9
2025-06-12 23:07:00,94.2
2025-06-12 19:11:00,51.0
2025-06-12 01:11:00,2.4
2025-06-12 11:07:00,83.1
2025-06-12 18:27:00,55.2
2025-06-12 00:40:00,46.5
2025-06-12 00:10:00,29.5
2025-06-12 11:47:00,4.8
2025-06-12 01:17:00,49.378098152289034
2025-06-12 04:13:00,68.7
2025-06-12 03:08:00,71.7
2025-06-12 12:17:00,95.7
2025-06-12 21:19:00,63.0
2025-06-12 16:05:00,34.8
2025-06-12 02:34:00,63.7
2025-06-12 18:27:00,78.5
2025-06-12 00:02:00,96.2
2025-06-12 01:59:00,49.378098152289034
2025-06-12 06:28:00,7.0
2025-06-12 15:29:00,73.8
2025-06-12 14:28:00,75.0
2025-06-12 11:16:00,93.6
2025-06-12 16:42:00,31.0
2025-06-12 02:31:00,83.3
2025-06-12 07:18:00,68.0
2025-06-12 09:30:00,10.5
2025-06-12 06:08:00,49.378098152289034
2025-06-12 20:28:00,91.7
2025-06-12 05:17:00,21.6
2025-06-12 03:59:00,32.7
2025-06-12 22:10:00,24.0
2025-06-12 15:37:00,49.378098152289034
2025-06-12 14:15:00,16.4
2025-06-12 23:58:00,28.6
2025-06-12 14:24:00,1.9
2025-06-12 01:09:00,11.9
2025-06-12 16:58:00,82.8
2025-06-12 11:15:00,49.378098152289034
2025-06-12 08:50:00,24.1
2025-06-12 13:51:00,75.9
2025-06-12 09:12:00,88.1
2025-06-12 21:28:00,35.8
2025-06-12 19:30:00,86.2
2025-06-12 09:09:00,40.9
2025-06-12 01:56:00,87.4
2025-06-12 13:25:00,11.2
2025-06-12 19:59:00,49.378098152289034
2025-06-12 20:42:00,45.5
2025-06-12 11:21:00,13.1
2025-06-12 08:10:00,49.378098152289034
2025-06-12 09:19:00,49.378098152289034
2025-06-12 19:44:00,71.3
2025-06-12 17:01:00,49.378098152289034
2025-06-12 09:03:00,51.7
2025-06-12 04:28:00,9.6
2025-06-12 21:22:00,99.5
2025-06-12 14:14:00,96.8
2025-06-12 09:23:00,66.4
2025-06-12 17:24:00,60.2
2025-06-12 07:33:00,23.0
2025-06-12 03:57:00,98.3
2025-06-12 12:53:00,49.378098152289034
2025-06-12 00:38:00,99.3
2025-06-12 16:14:00,49.378098152289034
2025-06-12 18:34:00,75.7
2025-06-12 04:02:00,62.7
2025-06-12 02:16:00,17.6
2025-06-12 11:43:00,31.0
2025-06-12 20:30:00,57.6
2025-06-12 22:48:00,1.8
2025-06-12 19:23:00,47.1
2025-06-12 15:57:00,49.378098152289034
2025-06-12 16:06:00,16.4
2025-06-12 02:03:00,69.0
2025-06-12 06:25:00,88.7
2025-06-12 11:07:00,18.7
2025-06-12 14:16:00,78.4
2025-06-12 07:42:00,84.7
2025-06-12 05:23:00,11.3
2025-06-12 07:20:00,15.2
2025-06-12 10:27:00,9.8
2025-06-12 15:38:00,95.9
2025-06-12 11:56:00,98.8
2025-06-12 08:00:00,49.86672560113154
2025-06-12 08:51:00,37.7
2025-06-12 01:31:00,11.9
2025-06-12 16:07:00,9.5
2025-06-12 17:33:00,95.0
2025-06-12 23:37:00,25.5
2025-06-12 17:46:00,6.6
2025-06-12 22:54:00,69.0
2025-06-12 19:03:00,35.5
2025-06-12 23:39:00,97.0
2025-06-12 19:03:00,3.6
2025-06-12 00:31:00,49.86672560113154
2025-06-12 00:30:00,57.9
2025-06-12 05:21:00,37.0
2025-06-12 06:25:00,99.7
2025-06-12 23:59:00,83.1
2025-06-12 11:39:00,49.86672560113154
2025-06-12 07:56:00,17.2
2025-06-12 20:19:00,61.5
2025-06-12 16:58:00,11.5
2025-06-12 14:52:00,69.8
2025-06-12 01:23:00,49.86672560113154
2025-06-12 09:51:00,35.6
2025-06-12 13:31:00,49.86672560113154
2025-06-12 17:13:00,79.3
2025-06-12 08:07:00,90.2
2025-06-12 04:21:00,26.4
2025-06-12 07:18:00,22.6
2025-06-12 16:35:00,95.3
2025-06-12 01:46:00,97.3
2025-06-12 12:51:00,49.86672560113154
2025-06-12 23:12:00,49.86672560113154
2025-06-12 07:11:00,2.8
2025-06-12 08:59:00,53.6
2025-06-12 19:07:00,26.9
2025-06-12 07:22:00,35.7
2025-06-12 02:15:00,60.1
2025-06-12 04:52:00,17.3
2025-06-12 14:16:00,49.86672560113154
2025-06-12 08:57:00,71.5
2025-06-12 06:27:00,15.4
2025-06-12 18:23:00,82.0
2025-06-12 05:05:00,7.0
2025-06-12 22:44:00,31.4
2025-06-12 17:05:00,61.5
2025-06-12 23:26:00,90.5
2025-06-12 13:01:00,88.8
2025-06-12 12:07:00,77.9
2025-06-12 09:23:00,49.86672560113154
2025-06-12 22:35:00,95.9
2025-06-12 18:36:00,49.86672560113154
2025-06-12 16:44:00,67.3
2025-06-12 14:16:00,97.1
2025-06-12 18:17:00,49.86672560113154
2025-06-12 14:35:00,3.5
2025-06-12 04:45:00,45.8
2025-06-12 01:58:00,56.5
2025-06-12 06:48:00,49.86672560113154
2025-06-12 20:59:00,15.5
2025-06-12 03:28:00,84.7
2025-06-12 20:02:00,49.86672560113154
2025-06-12 12:32:00,53.5
2025-06-12 11:28:00,49.86672560113154
2025-06-12 00:26:00,62.3
2025-06-12 01:26:00,9.8
2025-06-12 19:41:00,21.2
2025-06-12 22:00:00,82.2
2025-06-12 20:23:00,49.86672560113154
2025-06-12 21:46:00,49.86672560113154
2025-06-12 05:12:00,49.86672560113154
2025-06-12 04:44:00,63.0
2025-06-12 05:36:00,41.6
2025-06-12 11:03:00,33.2
2025-06-12 17:29:00,97.7
2025-06-12 07:00:00,49.86672560113154
2025-06-12 12:52:00,47.5
2025-06-12 20:16:00,41.8
2025-06-12 05:12:00,49.86672560113154
2025-06-12 06:10:00,54.7
2025-06-12 02:13:00,49.86672560113154
2025-06-12 17:31:00,13.1
2025-06-12 21:37:00,10.9
2025-06-12 16:32:00,46.1
2025-06-12 06:16:00,68.8
2025-06-12 04:50:00,34.6
2025-06-12 22:13:00,86.4
2025-06-12 02:36:00,70.3
2025-06-12 08:00:00,30.4
2025-06-12 13:41:00,8.7
2025-06-12 19:54:00,63.5
2025-06-12 08:06:00,57.9
2025-06-12 04:35:00,15.7
2025-06-12 15:06:00,49.86672560113154
2025-06-12 17:07:00,13.3
2025-06-12 17:20:00,49.86672560113154
2025-06-12 09:49:00,2.7
2025-06-12 05:08:00,58.3
2025-06-12 18:26:00,11.8
2025-06-12 19:11:00,49.86672560113154
2025-06-12 08:46:00,97.1
2025-06-12 23:11:00,49.86672560113154
2025-06-12 16:16:00,38.5
2025-06-12 18:09:00,50.6
2025-06-12 09:41:00,37.3
2025-06-12 16:32:00,54.7
2025-06-12 10:28:00,49.86672560113154
2025-06-12 21:19:00,9.3
2025-06-12 15:42:00,2.9
2025-06-12 04:18:00,4.4
2025-06-12 23:41:00,17.2
2025-06-12 00:32:00,36.8
2025-06-12 11:14:00,6.7
2025-06-12 16:01:00,57.0
2025-06-12 08:43:00,10.5
2025-06-12 01:04:00,0.9
2025-06-12 13:09:00,12.4
2025-06-12 00:51:00,14.9
2025-06-12 03:01:00,61.2
2025-06-12 13:26:00,52.0
2025-06-12 19:04:00,15.3
2025-06-12 18:46:00,45.0
2025-06-12 05:13:00,51.4
2025-06-12 23:58:00,50.8
2025-06-12 17:57:00,77.4
2025-06-12 07:30:00,49.86672560113154
2025-06-12 20:18:00,49.86672560113154
2025-06-12 16:09:00,14.2
2025-06-12 13:15:00,81.5
2025-06-12 11:06:00,77.6
2025-06-12 22:25:00,88.5
2025-06-12 11:13:00,47.7
2025-06-12 18:11:00,18.0
2025-06-12 23:22:00,88.3
2025-06-12 00:18:00,98.4
2025-06-12 12:44:00,83.8
2025-06-12 10:13:00,20.3
2025-06-12 17:06:00,25.0
2025-06-12 21:29:00,40.4
2025-06-12 04:05:00,3.9
2025-06-12 21:15:00,81.5
2025-06-12 07:21:00,61.3
2025-06-12 19:51:00,49.86672560113154
2025-06-12 11:42:00,98.6
2025-06-12 02:38:00,57.8
2025-06-12 18:45:00,18.7
2025-06-12 03:56:00,49.4
2025-06-12 23:25:00,99.4
2025-06-12 03:44:00,28.4
2025-06-12 02:52:00,7.1
2025-06-12 05:38:00,82.4
2025-06-12 08:35:00,31.8
2025-06-12 01:14:00,49.86672560113154
2025-06-12 20:10:00,94.0
2025-06-12 04:17:00,19.5
2025-06-12 11:51:00,85.1
2025-06-12 07:27:00,11.6
2025-06-12 13:53:00,24.4
2025-06-12 17:00:00,11.2
2025-06-12 18:12:00,16.8
2025-06-12 01:57:00,75.0
2025-06-12 15:15:00,42.0
2025-06-12 04:19:00,65.1
2025-06-12 10:41:00,70.2
2025-06-12 02:38:00,34.6
2025-06-12 18:50:00,11.6
2025-06-12 11:09:00,72.9
2025-06-12 21:56:00,57.3
2025-06-12 15:33:00,91.5
2025-06-12 01:54:00,97.5
2025-06-12 13:56:00,31.3
2025-06-12 05:00:00,43.4
2025-06-12 08:32:00,89.6
2025-06-12 08:01:00,65.5
2025-06-12 00:22:00,49.86672560113154
2025-06-12 02:36:00,75.9
2025-06-12 23:53:00,97.9
2025-06-12 20:38:00,18.7
2025-06-12 16:25:00,99.0
2025-06-12 01:00:00,49.86672560113154
2025-06-12 17:20:00,80.7
2025-06-12 14:20:00,47.1
2025-06-12 16:55:00,59.4
2025-06-12 01:28:00,92.3
2025-06-12 11:34:00,63.5
2025-06-12 19:54:00,49.86672560113154
2025-06-12 07:26:00,92.9
2025-06-12 18:49:00,49.86672560113154
2025-06-12 12:53:00,53.9
2025-06-12 15:58:00,77.5
2025-06-12 05:06:00,56.3
2025-06-12 14:19:00,25.4
2025-06-12 16:49:00,30.7
2025-06-12 03:56:00,44.6
2025-06-12 20:23:00,61.7
2025-06-12 08:44:00,85.5
2025-06-12 22:43:00,67.9
2025-06-12 02:39:00,92.7
2025-06-12 15:11:00,61.8
2025-06-12 18:43:00,44.4
2025-06-12 12:36:00,63.7
2025-06-12 01:59:00,72.5
2025-06-12 01:39:00,25.7
2025-06-12 07:06:00,71.8
2025-06-12 12:42:00,60.3
2025-06-12 07:56:00,52.4
2025-06-12 10:07:00,40.8
2025-06-12 00:55:00,49.86672560113154
2025-06-12 13:35:00,73.0
2025-06-12 04:47:00,82.1
2025-06-12 11:39:00,16.7
2025-06-12 05:25:00,89.0
2025-06-12 07:16:00,22.6
2025-06-12 20:47:00,37.8
2025-06-12 21:38:00,46.9
2025-06-12 08:34:00,36.0
2025-06-12 10:10:00,77.3
2025-06-12 18:44:00,52.7
2025-06-12 05:04:00,14.4
2025-06-12 04:30:00,33.9
2025-06-12 01:44:00,49.86672560113154
2025-06-12 09:35:00,19.5
2025-06-12 12:43:00,11.3
2025-06-12 22:31:00,49.86672560113154
2025-06-12 22:14:00,8.8
2025-06-12 14:41:00,49.86672560113154
2025-06-12 00:18:00,65.1
2025-06-12 10:23:00,44.6
2025-06-12 20:35:00,50.9
2025-06-12 13:27:00,64.7
2025-06-12 07:31:00,77.8
2025-06-12 05:51:00,40.2
2025-06-12 05:04:00,36.6
2025-06-12 06:39:00,49.86672560113154
2025-06-12 05:02:00,98.3
2025-06-12 22:00:00,88.3
2025-06-12 14:53:00,7.8
2025-06-12 01:22:00,47.3
2025-06-12 09:33:00,20.2
2025-06-12 18:22:00,14.5
2025-06-12 09:13:00,59.3
2025-06-12 04:30:00,7.1
2025-06-12 05:40:00,81.5
2025-06-12 17:26:00,63.6
2025-06-12 03:26:00,0.3
2025-06-12 19:06:00,53.5
2025-06-12 04:36:00,31.7
2025-06-12 03:29:00,49.86672560113154
2025-06-12 19:02:00,49.86672560113154
2025-06-12 01:37:00,1.5
2025-06-12 01:27:00,76.6
2025-06-12 23:32:00,43.0
2025-06-12 04:45:00,7.7
2025-06-12 06:14:00,18.1
2025-06-12 08:35:00,16.7
2025-06-12 17:23:00,49.86672560113154
2025-06-12 01:07:00,95.1
2025-06-12 20:24:00,49.86672560113154
2025-06-12 08:36:00,57.1
2025-06-12 12:50:00,49.86672560113154
2025-06-12 14:04:00,9.1
2025-06-12 16:24:00,49.86672560113154
2025-06-12 22:54:00,49.86672560113154
2025-06-12 20:00:00,43.2
2025-06-12 03:06:00,87.6
2025-06-12 11:00:00,15.6
2025-06-12 20:18:00,51.4
2025-06-12 18:59:00,13.5
2025-06-12 05:49:00,91.1
2025-06-12 20:37:00,49.86672560113154
2025-06-12 20:05:00,32.6
2025-06-12 19:49:00,18.1
2025-06-12 10:15:00,92.4
2025-06-12 14:54:00,13.4
2025-06-12 04:09:00,6.6
2025-06-12 09:08:00,15.0
2025-06-12 13:28:00,76.6
2025-06-12 14:13:00,29.5
2025-06-12 23:45:00,91.1
2025-06-12 05:53:00,52.1
2025-06-12 01:25:00,9.2
2025-06-12 06:04:00,41.6
2025-06-12 06:21:00,81.0
2025-06-12 17:24:00,62.4
2025-06-12 10:29:00,49.2
2025-06-12 06:29:00,76.6
2025-06-12 23:58:00,50.9
2025-06-12 16:04:00,37.1
2025-06-12 16:02:00,92.0
2025-06-12 08:17:00,73.9
2025-06-12 01:05:00,64.8
2025-06-12 10:01:00,64.4
2025-06-12 06:01:00,49.86672560113154
2025-06-12 00:34:00,11.1
2025-06-12 11:16:00,49.86672560113154
2025-06-12 05:27:00,69.7
2025-06-12 18:31:00,11.2
2025-06-12 07:54:00,37.4
2025-06-12 00:59:00,40.5
2025-06-12 05:00:00,76.4
2025-06-12 01:39:00,97.0
2025-06-12 09:14:00,25.8
2025-06-12 21:04:00,49.86672560113154
2025-06-12 15:21:00,57.2
2025-06-12 13:02:00,11.6
2025-06-12 18:44:00,66.5
2025-06-12 11:34:00,92.8
2025-06-12 11:55:00,70.1
2025-06-12 18:29:00,18.1
2025-06-12 04:31:00,9.2
2025-06-12 03:47:00,28.5
2025-06-12 07:44:00,49.86672560113154
2025-06-12 23:55:00,42.6
2025-06-12 07:57:00,49.86672560113154
2025-06-12 00:07:00,31.2
2025-06-12 16:35:00,96.8
2025-06-12 23:08:00,11.8
2025-06-12 10:33:00,71.4
2025-06-12 18:03:00,21.2
2025-06-12 21:30:00,56.1
2025-06-12 05:34:00,49.86672560113154
2025-06-12 11:28:00,68.8
2025-06-12 12:37:00,49.86672560113154
2025-06-12 03:48:00,2.0
2025-06-12 23:51:00,42.9
2025-06-12 11:13:00,57.6
2025-06-12 17:48:00,2.7
2025-06-12 08:15:00,66.1
2025-06-12 16:58:00,66.6
2025-06-12 06:52:00,60.6
2025-06-12 14:41:00,63.2
2025-06-12 19:37:00,21.0
2025-06-12 08:07:00,49.86672560113154
2025-06-12 16:26:00,31.3
2025-06-12 00:37:00,41.3
2025-06-12 19:31:00,65.1
2025-06-12 12:48:00,50.613932505273034
2025-06-12 07:08:00,0.8
2025-06-12 10:33:00,92.6
2025-06-12 18:20:00,97.6
2025-06-12 03:01:00,41.4
2025-06-12 19:01:00,66.2
2025-06-12 04:56:00,93.5
2025-06-12 11:53:00,85.9
2025-06-12 13:54:00,32.2
2025-06-12 01:54:00,75.3
2025-06-12 05:52:00,57.2
2025-06-12 06:56:00,88.1
2025-06-12 22:06:00,5.1
2025-06-12 06:38:00,82.3
2025-06-12 13:28:00,5.5
2025-06-12 20:35:00,89.3
2025-06-12 13:51:00,50.613932505273034
2025-06-12 11:21:00,68.4
2025-06-12 22:16:00,50.613932505273034
2025-06-12 01:12:00,16.2
2025-06-12 17:04:00,41.4
2025-06-12 01:13:00,3.4
2025-06-12 21:15:00,50.613932505273034
2025-06-12 14:23:00,47.7
2025-06-12 13:50:00,4.6
2025-06-12 06:57:00,1.3
2025-06-12 17:12:00,68.7
2025-06-12 06:12:00,50.613932505273034
2025-06-12 11:13:00,89.9
2025-06-12 16:45:00,96.9
2025-06-12 21:44:00,69.5
2025-06-12 18:00:00,96.7
2025-06-12 12:36:00,50.613932505273034
2025-06-12 19:27:00,39.2
2025-06-12 02:04:00,0.4
2025-06-12 05:41:00,39.0
2025-06-12 13:22:00,13.2
2025-06-12 08:44:00,44.2
2025-06-12 03:28:00,18.5
2025-06-12 00:34:00,27.2
2025-06-12 15:52:00,61.5
2025-06-12 15:05:00,59.4
2025-06-12 02:55:00,17.6
2025-06-12 03:38:00,14.7
2025-06-12 09:26:00,49.1
2025-06-12 11:14:00,36.7
2025-06-12 05:56:00,62.3
2025-06-12 17:05:00,54.6
2025-06-12 13:00:00,19.7
2025-06-12 17:50:00,91.7
2025-06-12 10:55:00,18.8
2025-06-12 09:21:00,87.1
2025-06-12 23:26:00,39.0
2025-06-12 13:35:00,43.8
2025-06-12 11:45:00,0.4
2025-06-12 04:45:00,50.613932505273034
2025-06-12 13:42:00,50.613932505273034
2025-06-12 01:57:00,99.6
2025-06-12 21:09:00,59.7
2025-06-12 14:27:00,32.2
2025-06-12 14:49:00,50.613932505273034
2025-06-12 14:04:00,94.6
2025-06-12 07:10:00,52.1
2025-06-12 00:32:00,77.0
2025-06-12 07:16:00,70.5
2025-06-12 02:43:00,2.8
2025-06-12 13:56:00,47.0
2025-06-12 15:54:00,75.4
2025-06-12 23:53:00,76.7
2025-06-12 11:52:00,47.3
2025-06-12 07:20:00,94.2
2025-06-12 14:19:00,14.8
2025-06-12 09:09:00,7.2
2025-06-12 09:41:00,6.0
2025-06-12 15:23:00,68.7
2025-06-12 14:29:00,7.4
2025-06-12 13:32:00,4.1
2025-06-12 12:32:00,27.2
2025-06-12 15:59:00,82.8
2025-06-12 06:34:00,68.3
2025-06-12 17:02:00,39.6
2025-06-12 18:22:00,10.6
2025-06-12 11:42:00,56.4
2025-06-12 01:02:00,59.7
2025-06-12 15:51:00,50.613932505273034
2025-06-12 06:24:00,5.6
2025-06-12 06:01:00,42.1
2025-06-12 21:01:00,17.8
2025-06-12 02:10:00,60.8
2025-06-12 14:38:00,50.613932505273034
2025-06-12 03:33:00,88.0
2025-06-12 17:20:00,67.5
2025-06-12 22:02:00,28.9
2025-06-12 18:23:00,95.7
2025-06-12 06:49:00,32.0
2025-06-12 06:11:00,50.613932505273034
2025-06-12 03:21:00,13.6
2025-06-12 00:58:00,26.8
2025-06-12 14:42:00,24.5
2025-06-12 12:18:00,31.8
2025-06-12 18:33:00,13.9
2025-06-12 11:15:00,35.8
2025-06-12 16:39:00,64.2
2025-06-12 03:34:00,44.5
2025-06-12 14:20:00,9.4
2025-06-12 05:39:00,46.4
2025-06-12 05:54:00,93.7
2025-06-12 08:16:00,44.6
2025-06-12 08:30:00,85.4
2025-06-12 00:12:00,50.613932505273034
2025-06-12 10:13:00,89.9
2025-06-12 07:31:00,52.8
2025-06-12 04:34:00,15.0
2025-06-12 09:37:00,38.6
2025-06-12 18:07:00,45.7
2025-06-12 20:57:00,81.9
2025-06-12 09:17:00,39.9
2025-06-12 02:10:00,13.0
2025-06-12 08:10:00,2.6
2025-06-12 21:18:00,72.6
2025-06-12 18:42:00,64.1
2025-06-12 01:00:00,78.3
2025-06-12 03:48:00,33.6
2025-06-12 13:02:00,36.9
2025-06-12 12:00:00,51.7
2025-06-12 00:58:00,60.0
2025-06-12 11:31:00,18.5
2025-06-12 23:15:00,42.6
2025-06-12 18:28:00,25.8
2025-06-12 20:19:00,50.613932505273034
2025-06-12 13:07:00,94.4
2025-06-12 04:41:00,97.3
2025-06-12 09:18:00,91.0
2025-06-12 13:02:00,64.2
2025-06-12 19:33:00,50.613932505273034
2025-06-12 05:19:00,31.0
2025-06-12 00:01:00,2.0
2025-06-12 05:47:00,42.2
2025-06-12 14:41:00,10.8
2025-06-12 19:16:00,50.613932505273034
2025-06-12 23:42:00,35.5
2025-06-12 06:10:00,28.1
2025-06-12 15:32:00,50.613932505273034
2025-06-12 14:27:00,63.2
2025-06-12 03:07:00,20.7
2025-06-12 22:32:00,34.5
2025-06-12 08:03:00,50.613932505273034
2025-06-12 10:35:00,25.8
2025-06-12 20:57:00,37.1
2025-06-12 18:25:00,50.613932505273034
2025-06-12 15:34:00,50.613932505273034
2025-06-12 05:18:00,50.613932505273034
2025-06-12 22:06:00,36.6
2025-06-12 20:37:00,85.0
2025-06-12 12:11:00,50.613932505273034
2025-06-12 18:43:00,50.613932505273034
2025-06-12 19:36:00,50.613932505273034
2025-06-12 02:01:00,18.8
2025-06-12 13:44:00,50.613932505273034
2025-06-12 22:35:00,42.0
2025-06-12 12:08:00,54.9
2025-06-12 22:10:00,57.3
2025-06-12 12:54:00,54.7
2025-06-12 05:25:00,80.7
2025-06-12 15:08:00,75.3
2025-06-12 15:49:00,53.9
2025-06-12 09:07:00,99.8
2025-06-12 19:54:00,47.4
2025-06-12 04:16:00,39.6
2025-06-12 01:42:00,74.0
2025-06-12 00:58:00,94.5
2025-06-12 06:28:00,89.8
2025-06-12 22:15:00,5.3
2025-06-12 05:56:00,37.6
2025-06-12 13:33:00,83.8
2025-06-12 22:24:00,50.9
2025-06-12 23:41:00,41.7
2025-06-12 11:06:00,28.0
2025-06-12 04:39:00,50.613932505273034
2025-06-12 18:25:00,20.0
2025-06-12 22:12:00,52.7
2025-06-12 06:42:00,23.9
2025-06-12 18:00:00,48.0
2025-06-12 01:15:00,96.6
2025-06-12 19:18:00,24.7
2025-06-12 00:05:00,87.8
2025-06-12 16:05:00,32.3
2025-06-12 23:22:00,50.5
2025-06-12 03:33:00,100.0
2025-06-12 02:40:00,81.1
2025-06-12 23:30:00,50.613932505273034
2025-06-12 19:30:00,37.2
2025-06-12 00:41:00,52.3
2025-06-12 01:22:00,4.1
2025-06-12 20:48:00,50.613932505273034
2025-06-12 06:58:00,44.1
2025-06-12 08:51:00,5.4
2025-06-12 10:20:00,50.613932505273034
2025-06-12 10:13:00,31.8
2025-06-12 04:01:00,72.4
2025-06-12 05:22:00,4.7
2025-06-12 06:45:00,41.7
2025-06-12 14:57:00,28.7
2025-06-12 08:16:00,99.0
2025-06-12 20:46:00,3.1
2025-06-12 22:31:00,50.613932505273034
2025-06-12 01:57:00,12.3
2025-06-12 04:04:00,85.3
2025-06-12 04:21:00,98.9
2025-06-12 12:01:00,50.613932505273034
2025-06-12 20:54:00,68.8
2025-06-12 16:38:00,16.6
2025-06-12 12:55:00,50.613932505273034
2025-06-12 16:17:00,42.7
2025-06-12 13:17:00,50.613932505273034
2025-06-12 06:57:00,82.4
2025-06-12 17:56:00,72.9
2025-06-12 11:16:00,93.4
2025-06-12 18:28:00,77.8
2025-06-12 12:54:00,69.6
2025-06-12 23:48:00,64.6
2025-06-12 22:10:00,50.613932505273034
2025-06-12 19:50:00,87.4
2025-06-12 19:30:00,26.2
2025-06-12 14:30:00,63.2
2025-06-12 14:50:00,20.4
2025-06-12 03:31:00,56.3
2025-06-12 18:07:00,50.613932505273034
2025-06-12 02:16:00,50.613932505273034
2025-06-12 19:44:00,68.7
2025-06-12 21:15:00,93.9
2025-06-12 19:53:00,60.7
2025-06-12 22:34:00,89.2
2025-06-12 11:29:00,50.613932505273034
2025-06-12 03:54:00,1.3
2025-06-12 17:08:00,19.9
2025-06-12 00:06:00,44.6
2025-06-12 09:37:00,6.5
2025-06-12 09:31:00,83.1
2025-06-12 23:02:00,85.8
2025-06-12 22:01:00,89.4
2025-06-12 17:03:00,82.5
2025-06-12 00:57:00,23.1
2025-06-12 01:48:00,99.7
2025-06-12 08:06:00,10.6
2025-06-12 04:04:00,25.0
2025-06-12 07:46:00,13.3
2025-06-12 00:47:00,19.7
2025-06-12 02:29:00,58.7
2025-06-12 08:20:00,50.613932505273034
2025-06-12 01:16:00,50.613932505273034
2025-06-12 21:02:00,93.5
2025-06-12 22:07:00,50.613932505273034
2025-06-12 18:04:00,99.1
2025-06-12 05:22:00,35.7
2025-06-12 23:06:00,64.3
2025-06-12 02:32:00,24.6
2025-06-12 14:37:00,41.2
2025-06-12 09:53:00,78.6
2025-06-12 04:48:00,68.3
2025-06-12 04:07:00,36.7
2025-06-12 16:41:00,70.1
2025-06-12 19:24:00,34.0
2025-06-12 20:05:00,80.9
2025-06-12 12:39:00,47.8
2025-06-12 01:14:00,95.0
2025-06-12 05:38:00,37.4
2025-06-12 20:01:00,50.613932505273034
2025-06-12 03:54:00,58.4
2025-06-12 01:14:00,78.2
2025-06-12 04:39:00,19.5
2025-06-12 20:54:00,0.5
2025-06-12 11:54:00,25.0
2025-06-12 14:20:00,9.7
2025-06-12 21:34:00,59.7
2025-06-12 16:58:00,9.8
2025-06-12 11:13:00,50.613932505273034
2025-06-12 09:03:00,98.9
2025-06-12 12:48:00,16.8
2025-06-12 05:52:00,53.1
2025-06-12 07:30:00,50.613932505273034
2025-06-12 21:02:00,50.613932505273034
2025-06-12 12:42:00,58.7
2025-06-12 16:54:00,66.9
2025-06-12 08:18:00,88.1
2025-06-12 03:05:00,11.9
2025-06-12 05:54:00,76.1
2025-06-12 12:36:00,6.3
2025-06-12 00:38:00,19.2
2025-06-12 05:24:00,94.3
2025-06-12 21:51:00,8.0
2025-06-12 23:13:00,59.0
2025-06-12 00:30:00,50.613932505273034
2025-06-12 22:00:00,34.2
2025-06-12 01:48:00,57.8
2025-06-12 02:54:00,59.3
2025-06-12 22:31:00,50.613932505273034
2025-06-12 21:04:00,4.1
2025-06-12 10:47:00,83.0
2025-06-12 21:52:00,63.2
2025-06-12 09:12:00,52.0
2025-06-12 03:45:00,44.6
2025-06-12 04:14:00,79.6
2025-06-12 18:29:00,12.0
2025-06-12 09:40:00,89.9
2025-06-12 07:09:00,28.2
2025-06-12 20:47:00,61.2
2025-06-12 02:22:00,45.8
2025-06-12 03:04:00,87.1
2025-06-12 15:02:00,53.6
2025-06-12 10:32:00,29.5
2025-06-12 01:32:00,73.1
2025-06-12 12:50:00,50.613932505273034
2025-06-12 15:17:00,23.2
2025-06-12 11:40:00,50.613932505273034
2025-06-12 15:56:00,71.6
2025-06-12 05:04:00,9.7
2025-06-12 07:34:00,50.3
2025-06-12 21:12:00,28.8
2025-06-12 22:47:00,50.613932505273034
2025-06-12 12:42:00,55.7
2025-06-12 20:10:00,18.1
2025-06-12 17:41:00,37.3
2025-06-12 06:43:00,87.4
2025-06-12 08:51:00,19.0
2025-06-12 03:51:00,36.7
2025-06-12 09:26:00,50.613932505273034
2025-06-12 09:06:00,98.4
2025-06-12 16:06:00,34.4
2025-06-12 08:07:00,33.9
2025-06-12 22:03:00,30.5
2025-06-12 17:18:00,24.6
2025-06-12 20:44:00,37.0
2025-06-12 05:24:00,54.8
2025-06-12 07:56:00,56.7
2025-06-12 00:30:00,89.4
2025-06-12 03:43:00,39.0
2025-06-12 10:57:00,50.613932505273034
2025-06-12 13:52:00,35.1
2025-06-12 18:47:00,79.1
2025-06-12 04:25:00,90.9
2025-06-12 23:20:00,77.1
2025-06-12 01:17:00,56.9
2025-06-12 22:56:00,81.4
2025-06-12 08:39:00,88.5
2025-06-12 15:24:00,12.3
2025-06-12 18:31:00,41.3
2025-06-12 11:26:00,0.9
2025-06-12 05:07:00,5.1
2025-06-12 08:41:00,18.0
2025-06-12 10:25:00,96.3
2025-06-12 16:40:00,39.7
2025-06-12 07:10:00,35.8
2025-06-12 21:59:00,52.6
2025-06-12 16:09:00,50.17195767195767
2025-06-12 01:36:00,18.6
2025-06-12 16:31:00,13.0
2025-06-12 14:24:00,18.5
2025-06-12 15:01:00,49.0
2025-06-12 10:18:00,14.9
2025-06-12 12:15:00,45.6
2025-06-12 19:25:00,41.4
2025-06-12 04:39:00,33.3
2025-06-12 16:12:00,50.17195767195767
2025-06-12 12:05:00,2.6
2025-06-12 14:54:00,67.5
2025-06-12 16:30:00,83.6
2025-06-12 05:00:00,30.2
2025-06-12 06:15:00,23.3
2025-06-12 01:54:00,71.2
2025-06-12 05:13:00,11.2
2025-06-12 16:25:00,50.17195767195767
2025-06-12 05:42:00,76.5
2025-06-12 04:45:00,57.4
2025-06-12 17:49:00,50.4
2025-06-12 07:29:00,0.1
2025-06-12 05:44:00,6.2
2025-06-12 10:45:00,76.3
2025-06-12 09:03:00,4.3
2025-06-12 07:48:00,50.17195767195767
2025-06-12 07:51:00,86.9
2025-06-12 12:14:00,50.17195767195767
2025-06-12 13:44:00,50.17195767195767
2025-06-12 19:57:00,42.5
2025-06-12 07:19:00,50.17195767195767
2025-06-12 06:20:00,44.9
2025-06-12 14:15:00,36.2
2025-06-12 13:00:00,54.9
2025-06-12 11:54:00,59.1
2025-06-12 08:30:00,50.17195767195767
2025-06-12 00:40:00,62.7
2025-06-12 13:04:00,47.8
2025-06-12 15:33:00,50.17195767195767
2025-06-12 15:17:00,55.1
2025-06-12 13:36:00,34.4
2025-06-12 03:48:00,68.6
2025-06-12 15:53:00,62.0
2025-06-12 07:38:00,93.1
2025-06-12 01:30:00,3.3
2025-06-12 11:10:00,67.9
2025-06-12 02:49:00,50.17195767195767
2025-06-12 16:00:00,65.0
2025-06-12 06:56:00,25.7
2025-06-12 19:33:00,24.7
2025-06-12 00:26:00,49.7
2025-06-12 16:54:00,67.0
2025-06-12 18:11:00,59.1
2025-06-12 21:20:00,67.2
2025-06-12 01:31:00,31.2
2025-06-12 08:55:00,58.4
2025-06-12 14:31:00,4.2
2025-06-12 03:30:00,50.17195767195767
2025-06-12 21:51:00,50.17195767195767
2025-06-12 10:06:00,46.9
2025-06-12 01:09:00,90.9
2025-06-12 06:44:00,42.8
2025-06-12 06:35:00,63.5
2025-06-12 03:20:00,28.1
2025-06-12 06:30:00,50.17195767195767
2025-06-12 19:56:00,6.5
2025-06-12 12:12:00,81.9
2025-06-12 16:01:00,50.17195767195767
2025-06-12 04:55:00,25.7
2025-06-12 13:10:00,97.5
2025-06-12 04:50:00,29.7
2025-06-12 06:18:00,30.3
2025-06-12 19:47:00,50.17195767195767
2025-06-12 03:47:00,50.17195767195767
2025-06-12 21:42:00,40.8
2025-06-12 15:14:00,53.6
2025-06-12 01:11:00,89.1
2025-06-12 07:30:00,82.6
2025-06-12 05:26:00,28.5
2025-06-12 00:10:00,50.17195767195767
2025-06-12 22:18:00,62.9
2025-06-12 03:39:00,18.4
2025-06-12 10:56:00,19.7
2025-06-12 22:39:00,50.17195767195767
2025-06-12 15:16:00,13.7
2025-06-12 07:07:00,50.17195767195767
2025-06-12 05:17:00,96.3
2025-06-12 22:30:00,50.17195767195767
2025-06-12 20:27:00,61.1
2025-06-12 23:18:00,37.3
2025-06-12 08:11:00,62.6
2025-06-12 02:35:00,50.17195767195767
2025-06-12 17:16:00,68.8
2025-06-12 13:57:00,50.7
2025-06-12 13:01:00,63.0
2025-06-12 18:48:00,56.6
2025-06-12 13:37:00,76.4
2025-06-12 21:33:00,67.9
2025-06-12 01:16:00,77.6
2025-06-12 07:48:00,51.3
2025-06-12 08:07:00,32.5
2025-06-12 23:33:00,50.17195767195767
2025-06-12 13:55:00,31.6
2025-06-12 14:21:00,57.0
2025-06-12 07:35:00,72.0
2025-06-12 07:50:00,82.1
2025-06-12 08:35:00,97.7
2025-06-12 08:26:00,50.17195767195767
2025-06-12 19:01:00,46.6
2025-06-12 14:20:00,20.6
2025-06-12 02:21:00,47.8
2025-06-12 10:36:00,21.5
2025-06-12 08:35:00,0.9
2025-06-12 00:56:00,7.2
2025-06-12 10:32:00,81.4
2025-06-12 05:45:00,50.17195767195767
2025-06-12 03:32:00,90.3
2025-06-12 21:10:00,38.4
2025-06-12 10:24:00,50.17195767195767
2025-06-12 06:55:00,50.17195767195767
2025-06-12 13:39:00,34.2
2025-06-12 19:47:00,76.5
2025-06-12 04:14:00,50.17195767195767
2025-06-12 00:39:00,22.3
2025-06-12 20:49:00,90.8
2025-06-12 12:42:00,5.9
2025-06-12 11:49:00,73.6
2025-06-12 15:01:00,40.6
2025-06-12 04:26:00,50.17195767195767
2025-06-12 23:51:00,25.3
2025-06-12 09:31:00,30.3
2025-06-12 04:31:00,90.9
2025-06-12 07:37:00,12.4
2025-06-12 02:01:00,50.17195767195767
2025-06-12 13:07:00,86.2
2025-06-12 14:58:00,19.6
2025-06-12 01:34:00,86.1
2025-06-12 11:46:00,84.8
2025-06-12 11:24:00,50.17195767195767
2025-06-12 04:45:00,63.2
2025-06-12 04:29:00,16.0
2025-06-12 03:46:00,55.9
2025-06-12 07:04:00,76.9
2025-06-12 11:02:00,25.7
2025-06-12 10:03:00,50.17195767195767
2025-06-12 13:49:00,50.17195767195767
2025-06-12 08:39:00,57.2
2025-06-12 06:16:00,48.7
2025-06-12 17:18:00,8.9
2025-06-12 11:11:00,77.7
2025-06-12 16:08:00,8.0
2025-06-12 03:55:00,50.17195767195767
2025-06-12 02:07:00,17.9
2025-06-12 20:00:00,86.9
2025-06-12 04:19:00,76.3
2025-06-12 01:50:00,46.1
2025-06-12 03:27:00,82.5
2025-06-12 02:57:00,45.5
2025-06-12 03:08:00,69.8
2025-06-12 04:40:00,35.7
2025-06-12 19:14:00,60.5
2025-06-12 11:15:00,50.17195767195767
2025-06-12 09:36:00,50.17195767195767
2025-06-12 03:25:00,6.3
2025-06-12 16:52:00,50.17195767195767
2025-06-12 16:36:00,10.7
2025-06-12 04:01:00,74.3
2025-06-12 04:47:00,32.2
2025-06-12 14:52:00,50.17195767195767
2025-06-12 08:47:00,76.1
2025-06-12 00:29:00,43.6
2025-06-12 12:06:00,89.1
2025-06-12 16:28:00,40.4
2025-06-12 04:04:00,21.6
2025-06-12 15:58:00,62.1
2025-06-12 02:14:00,50.17195767195767
2025-06-12 23:00:00,91.2
2025-06-12 18:28:00,24.9
2025-06-12 07:38:00,38.0
2025-06-12 21:15:00,48.6
2025-06-12 07:19:00,50.17195767195767
2025-06-12 12:14:00,50.17195767195767
2025-06-12 01:50:00,35.3
2025-06-12 05:29:00,49.7
2025-06-12 17:50:00,77.7
2025-06-12 10:18:00,22.9
2025-06-12 07:41:00,29.2
2025-06-12 12:49:00,92.9
2025-06-12 11:42:00,56.8
2025-06-12 16:06:00,9.6
2025-06-12 14:23:00,50.17195767195767
2025-06-12 21:50:00,12.3
2025-06-12 06:52:00,87.1
2025-06-12 11:34:00,25.9
2025-06-12 10:04:00,54.0
2025-06-12 07:25:00,21.5
2025-06-12 03:49:00,57.0
2025-06-12 06:18:00,55.0
2025-06-12 02:15:00,50.17195767195767
2025-06-12 23:59:00,46.0
2025-06-12 18:51:00,80.3
2025-06-12 19:53:00,31.4
2025-06-12 06:47:00,62.5
2025-06-12 18:04:00,42.0
2025-06-12 04:04:00,35.2
2025-06-12 10:58:00,81.9
2025-06-12 13:46:00,3.1
2025-06-12 23:34:00,62.7
2025-06-12 03:32:00,44.3
2025-06-12 21:43:00,50.17195767195767
2025-06-12 16:21:00,90.6
2025-06-12 01:32:00,67.4
2025-06-12 19:37:00,34.3
2025-06-12 18:41:00,83.4
2025-06-12 16:04:00,48.4
2025-06-12 18:28:00,98.1
2025-06-12 02:58:00,67.9
2025-06-12 07:13:00,15.9
2025-06-12 10:56:00,46.8
2025-06-12 21:11:00,11.5
2025-06-12 09:09:00,52.4
2025-06-12 03:21:00,56.3
2025-06-12 07:41:00,81.7
2025-06-12 17:30:00,15.3
2025-06-12 09:29:00,19.3
2025-06-12 04:32:00,50.17195767195767
2025-06-12 11:18:00,73.5
2025-06-12 15:26:00,86.2
2025-06-12 12:55:00,44.7
2025-06-12 05:14:00,42.0
2025-06-12 10:01:00,68.2
2025-06-12 14:56:00,32.6
2025-06-12 06:53:00,31.4
2025-06-12 17:21:00,69.8
2025-06-12 06:12:00,12.1
2025-06-12 21:52:00,60.3
2025-06-12 12:32:00,77.0
2025-06-12 03:02:00,50.17195767195767
2025-06-12 18:50:00,18.3
2025-06-12 19:41:00,68.8
2025-06-12 09:39:00,71.1
2025-06-12 00:10:00,50.17195767195767
2025-06-12 04:27:00,30.5
2025-06-12 09:40:00,56.1
2025-06-12 18:13:00,13.1
2025-06-12 18:01:00,77.2
2025-06-12 07:17:00,40.0
2025-06-12 20:52:00,32.5
2025-06-12 22:46:00,76.1
2025-06-12 08:34:00,50.17195767195767
2025-06-12 18:33:00,59.1
2025-06-12 20:02:00,10.8
2025-06-12 03:53:00,83.1
2025-06-12 01:20:00,23.5
2025-06-12 21:59:00,14.4
2025-06-12 14:59:00,30.0
2025-06-12 07:58:00,62.6
2025-06-12 03:28:00,66.4
2025-06-12 08:44:00,58.7
2025-06-12 15:13:00,22.6
2025-06-12 06:01:00,3.5
2025-06-12 22:01:00,70.1
2025-06-12 10:21:00,16.3
2025-06-12 01:30:00,58.6
2025-06-12 16:55:00,56.2
2025-06-12 23:36:00,69.6
2025-06-12 21:08:00,50.17195767195767
2025-06-12 21:55:00,51.4
2025-06-12 17:00:00,91.1
2025-06-12 05:56:00,50.3
2025-06-12 12:34:00,25.2
2025-06-12 01:06:00,90.9
2025-06-12 22:46:00,89.2
2025-06-12 22:36:00,99.4
2025-06-12 02:58:00,9.3
2025-06-12 10:10:00,90.3
2025-06-12 20:36:00,1.7
2025-06-12 20:08:00,9.3
2025-06-12 09:36:00,15.5
2025-06-12 03:59:00,48.5
2025-06-12 10:44:00,56.8
2025-06-12 09:25:00,6.5
2025-06-12 21:36:00,68.8
2025-06-12 23:32:00,49.2
2025-06-12 13:09:00,74.5
2025-06-12 09:06:00,30.6
2025-06-12 19:34:00,28.1
2025-06-12 18:12:00,50.17195767195767
2025-06-12 05:07:00,89.3
2025-06-12 23:40:00,61.4
2025-06-12 21:02:00,68.4
2025-06-12 21:11:00,44.3
2025-06-12 21:03:00,71.1
2025-06-12 22:00:00,47.4
2025-06-12 06:22:00,31.8
2025-06-12 09:37:00,19.7
2025-06-12 10:57:00,50.17195767195767
2025-06-12 14:06:00,21.5
2025-06-12 10:55:00,84.6
2025-06-12 03:15:00,18.0
2025-06-12 09:14:00,91.7
2025-06-12 07:34:00,50.8
2025-06-12 21:39:00,26.6
2025-06-12 03:34:00,81.5
2025-06-12 12:08:00,32.3
2025-06-12 00:38:00,88.9
2025-06-12 07:44:00,18.7
2025-06-12 12:41:00,46.4
2025-06-12 06:14:00,96.8
2025-06-12 22:42:00,95.4
2025-06-12 23:13:00,56.7
2025-06-12 04:01:00,0.9
2025-06-12 04:29:00,50.17195767195767
2025-06-12 20:33:00,54.7
2025-06-12 20:11:00,12.8
2025-06-12 03:11:00,45.2
2025-06-12 21:33:00,97.7
2025-06-12 02:19:00,87.6
2025-06-12 02:39:00,33.8
2025-06-12 03:52:00,84.4
2025-06-12 14:45:00,65.0
2025-06-12 14:03:00,41.7
2025-06-12 15:35:00,72.0
2025-06-12 11:40:00,60.2
2025-06-12 05:51:00,20.7
2025-06-12 19:30:00,90.0
2025-06-12 16:53:00,14.1
2025-06-12 20:43:00,49.69252501471454
2025-06-12 13:25:00,37.8
2025-06-12 11:30:00,49.69252501471454
2025-06-12 10:18:00,31.4
2025-06-12 22:10:00,81.6
2025-06-12 10:31:00,28.2
2025-06-12 23:09:00,30.2
2025-06-12 14:07:00,60.4
2025-06-12 15:22:00,70.6
2025-06-12 18:36:00,17.8
2025-06-12 18:43:00,26.7
2025-06-12 16:34:00,85.5
2025-06-12 14:22:00,95.2
2025-06-12 23:25:00,68.4
2025-06-12 06:27:00,24.6
2025-06-12 21:01:00,49.69252501471454
2025-06-12 00:08:00,14.5
2025-06-12 10:29:00,2.5
2025-06-12 09:58:00,25.4
2025-06-12 17:07:00,49.69252501471454
2025-06-12 03:01:00,34.7
2025-06-12 02:27:00,61.3
2025-06-12 19:53:00,93.1
2025-06-12 15:26:00,90.6
2025-06-12 23:27:00,44.2
2025-06-12 06:28:00,49.69252501471454
2025-06-12 12:32:00,49.69252501471454
2025-06-12 09:31:00,71.2
2025-06-12 04:19:00,97.9
2025-06-12 07:27:00,68.3
2025-06-12 07:31:00,4.2
2025-06-12 12:18:00,49.69252501471454
2025-06-12 08:40:00,17.2
2025-06-12 18:31:00,94.4
2025-06-12 01:26:00,89.1
2025-06-12 18:30:00,33.4
2025-06-12 17:04:00,49.69252501471454
2025-06-12 19:27:00,89.1
2025-06-12 13:59:00,73.9
2025-06-12 13:18:00,90.0
2025-06-12 22:12:00,84.1
2025-06-12 23:16:00,75.3
2025-06-12 03:23:00,56.1
2025-06-12 21:39:00,65.3
2025-06-12 05:25:00,37.8
2025-06-12 05:44:00,56.0
2025-06-12 22:29:00,63.3
2025-06-12 22:25:00,57.9
2025-06-12 04:43:00,83.2
2025-06-12 02:00:00,47.7
2025-06-12 16:08:00,97.2
2025-06-12 14:51:00,49.69252501471454
2025-06-12 19:44:00,9.6
2025-06-12 08:04:00,20.1
2025-06-12 02:17:00,49.69252501471454
2025-06-12 04:03:00,79.7
2025-06-12 22:20:00,26.4
2025-06-12 21:12:00,48.6
2025-06-12 18:18:00,7.4
2025-06-12 09:42:00,49.69252501471454
2025-06-12 22:56:00,42.9
2025-06-12 15:52:00,18.9
2025-06-12 09:33:00,73.1
2025-06-12 16:31:00,90.8
2025-06-12 10:37:00,73.7
2025-06-12 23:20:00,37.9
2025-06-12 00:10:00,5.7
2025-06-12 06:12:00,49.69252501471454
2025-06-12 21:42:00,71.0
2025-06-12 20:30:00,32.6
2025-06-12 08:31:00,2.7
2025-06-12 10:00:00,49.69252501471454
2025-06-12 13:29:00,4.2
2025-06-12 17:47:00,21.8
2025-06-12 20:47:00,49.69252501471454
2025-06-12 14:52:00,25.9
2025-06-12 12:23:00,42.5
2025-06-12 23:59:00,33.7
2025-06-12 21:24:00,49.69252501471454
2025-06-12 14:11:00,17.2
2025-06-12 04:07:00,49.69252501471454
2025-06-12 17:02:00,37.4
2025-06-12 15:51:00,17.6
2025-06-12 05:09:00,82.6
2025-06-12 14:18:00,33.2
2025-06-12 11:38:00,88.1
2025-06-12 02:49:00,35.6
2025-06-12 01:06:00,41.4
2025-06-12 01:17:00,50.3
2025-06-12 01:14:00,29.2
2025-06-12 04:26:00,49.69252501471454
2025-06-12 23:24:00,37.3
2025-06-12 02:53:00,49.69252501471454
2025-06-12 08:32:00,1.5
2025-06-12 03:46:00,49.69252501471454
2025-06-12 20:54:00,67.5
2025-06-12 07:06:00,1.1
2025-06-12 04:40:00,96.2
2025-06-12 16:11:00,49.69252501471454
2025-06-12 17:59:00,78.5
2025-06-12 00:14:00,3.4
2025-06-12 04:53:00,51.5
2025-06-12 08:14:00,81.2
2025-06-12 10:10:00,94.6
2025-06-12 17:00:00,94.6
2025-06-12 22:36:00,41.8
2025-06-12 17:50:00,70.3
2025-06-12 02:46:00,38.0
2025-06-12 22:05:00,38.0
2025-06-12 02:13:00,39.6
2025-06-12 10:33:00,58.5
2025-06-12 14:04:00,48.9
2025-06-12 06:27:00,49.69252501471454
2025-06-12 21:58:00,19.0
2025-06-12 22:10:00,51.5
2025-06-12 23:29:00,87.5
2025-06-12 21:49:00,35.2
2025-06-12 12:31:00,60.5
2025-06-12 02:26:00,80.5
2025-06-12 13:39:00,49.69252501471454
2025-06-12 04:49:00,8.5
2025-06-12 10:01:00,49.69252501471454
2025-06-12 00:57:00,95.6
2025-06-12 18:05:00,39.8
2025-06-12 13:02:00,74.5
2025-06-12 01:09:00,10.5
2025-06-12 19:39:00,19.7
2025-06-12 00:25:00,49.69252501471454
2025-06-12 01:19:00,67.7
2025-06-12 13:00:00,34.3
2025-06-12 00:10:00,97.6
2025-06-12 21:51:00,98.3
2025-06-12 07:07:00,60.5
2025-06-12 16:40:00,12.4
2025-06-12 15:42:00,63.2
2025-06-12 03:55:00,88.9
2025-06-12 08:17:00,98.2
2025-06-12 09:44:00,31.6
2025-06-12 18:11:00,92.1
2025-06-12 09:53:00,63.0
2025-06-12 16:00:00,81.5
2025-06-12 05:58:00,56.2
2025-06-12 18:01:00,51.4
2025-06-12 12:40:00,63.1
2025-06-12 22:35:00,7.6
2025-06-12 10:41:00,38.6
2025-06-12 15:01:00,4.6
2025-06-12 23:06:00,7.4
2025-06-12 01:18:00,54.0
2025-06-12 09:20:00,68.8
2025-06-12 07:22:00,13.4
2025-06-12 10:06:00,67.6
2025-06-12 22:31:00,7.5
2025-06-12 02:22:00,61.7
2025-06-12 02:48:00,29.5
2025-06-12 20:47:00,50.7
2025-06-12 12:10:00,10.9
2025-06-12 01:15:00,49.69252501471454
2025-06-12 11:16:00,95.7
2025-06-12 16:27:00,6.7
2025-06-12 15:09:00,63.2
2025-06-12 20:09:00,14.6
2025-06-12 17:10:00,96.5
2025-06-12 02:56:00,38.7
2025-06-12 13:10:00,42.6
2025-06-12 11:53:00,21.4
2025-06-12 23:11:00,83.5
2025-06-12 19:45:00,49.69252501471454
2025-06-12 07:30:00,43.6
2025-06-12 22:34:00,67.6
2025-06-12 04:01:00,31.4
2025-06-12 12:24:00,53.7
2025-06-12 04:03:00,85.9
2025-06-12 01:08:00,90.0
2025-06-12 13:34:00,67.6
2025-06-12 04:35:00,69.1
2025-06-12 19:48:00,94.4
2025-06-12 08:39:00,99.0
2025-06-12 15:35:00,52.5
2025-06-12 16:12:00,29.7
2025-06-12 01:31:00,38.4
2025-06-12 06:27:00,13.0
2025-06-12 12:37:00,20.1
2025-06-12 18:01:00,84.8
2025-06-12 09:56:00,75.5
2025-06-12 01:46:00,73.6
2025-06-12 19:14:00,50.3
2025-06-12 12:59:00,68.8
2025-06-12 16:27:00,33.7
2025-06-12 15:29:00,41.3
2025-06-12 05:38:00,37.9
2025-06-12 09:57:00,43.5
2025-06-12 17:06:00,19.3
2025-06-12 00:26:00,3.9
2025-06-12 19:27:00,78.1
2025-06-12 13:28:00,6.1
2025-06-12 12:42:00,50.9
2025-06-12 04:31:00,44.7
2025-06-12 18:44:00,22.1
2025-06-12 07:30:00,7.0
2025-06-12 10:36:00,49.69252501471454
2025-06-12 21:47:00,77.8
2025-06-12 11:19:00,70.5
2025-06-12 23:04:00,49.69252501471454
2025-06-12 22:25:00,26.4
2025-06-12 08:40:00,12.6
2025-06-12 19:19:00,49.69252501471454
2025-06-12 18:17:00,58.6
2025-06-12 06:23:00,36.5
2025-06-12 10:01:00,92.6
2025-06-12 16:16:00,67.6
2025-06-12 04:56:00,85.8
2025-06-12 12:09:00,90.8
2025-06-12 04:57:00,16.0
2025-06-12 08:40:00,65.7
2025-06-12 15:32:00,49.69252501471454
2025-06-12 19:44:00,6.8
2025-06-12 00:16:00,5.1
2025-06-12 18:37:00,94.1
2025-06-12 04:03:00,1.4
2025-06-12 13:46:00,49.69252501471454
2025-06-12 23:33:00,59.3
2025-06-12 16:27:00,49.69252501471454
2025-06-12 12:24:00,49.69252501471454
2025-06-12 16:36:00,63.3
2025-06-12 21:26:00,7.0
2025-06-12 11:17:00,39.3
2025-06-12 22:30:00,42.7
2025-06-12 04:37:00,17.4
2025-06-12 08:46:00,76.6
2025-06-12 05:29:00,79.1
2025-06-12 08:42:00,83.6
2025-06-12 11:21:00,14.9
2025-06-12 23:08:00,71.8
2025-06-12 13:47:00,28.9
2025-06-12 17:03:00,49.69252501471454
2025-06-12 08:02:00,42.0
2025-06-12 04:53:00,87.4
2025-06-12 18:14:00,36.4
2025-06-12 05:21:00,64.2
2025-06-12 22:47:00,14.3
2025-06-12 16:52:00,55.8
2025-06-12 13:40:00,86.1
2025-06-12 16:41:00,52.0
2025-06-12 17:39:00,84.7
2025-06-12 11:50:00,22.9
2025-06-12 22:40:00,89.4
2025-06-12 22:59:00,49.69252501471454
2025-06-12 02:16:00,72.4
2025-06-12 01:32:00,94.8
2025-06-12 19:49:00,1.9
2025-06-12 05:39:00,92.5
2025-06-12 06:04:00,49.69252501471454
2025-06-12 11:56:00,49.69252501471454
2025-06-12 13:10:00,59.5
2025-06-12 16:32:00,56.1
2025-06-12 17:07:00,73.6
2025-06-12 01:48:00,63.3
2025-06-12 06:07:00,48.8
2025-06-12 02:31:00,66.4
2025-06-12 12:49:00,44.4
2025-06-12 11:40:00,93.0
2025-06-12 18:32:00,65.7
2025-06-12 23:09:00,11.3
2025-06-12 09:53:00,63.1
2025-06-12 10:25:00,48.5
2025-06-12 00:20:00,64.3
2025-06-12 03:29:00,51.6
2025-06-12 20:14:00,49.69252501471454
2025-06-12 11:40:00,89.1
2025-06-12 16:44:00,77.0
2025-06-12 10:35:00,49.69252501471454
2025-06-12 07:20:00,49.69252501471454
2025-06-12 04:59:00,82.3
2025-06-12 19:28:00,49.69252501471454
2025-06-12 20:43:00,50.7
2025-06-12 18:38:00,77.5
2025-06-12 14:34:00,51.7
2025-06-12 09:49:00,31.6
2025-06-12 06:23:00,70.3
2025-06-12 23:57:00,10.9
2025-06-12 00:28:00,49.69252501471454
2025-06-12 12:48:00,63.7
2025-06-12 06:14:00,49.69252501471454
2025-06-12 00:03:00,54.5
2025-06-12 10:11:00,84.2
2025-06-12 01:38:00,9.5
2025-06-12 17:18:00,81.8
2025-06-12 21:27:00,87.3
2025-06-12 15:21:00,47.8
2025-06-12 10:52:00,77.3
2025-06-12 13:44:00,68.6
2025-06-12 08:38:00,60.5
2025-06-12 02:16:00,95.2
2025-06-12 00:06:00,55.1
2025-06-12 06:03:00,90.8
2025-06-12 23:00:00,69.6
2025-06-12 22:09:00,20.7
2025-06-12 19:51:00,82.3
2025-06-12 01:41:00,23.9
2025-06-12 18:06:00,22.6
2025-06-12 12:56:00,30.7
2025-06-12 09:04:00,50.2
2025-06-12 05:05:00,40.9
2025-06-12 16:20:00,58.4
2025-06-12 13:57:00,30.3
2025-06-12 00:10:00,80.7
2025-06-12 20:16:00,49.69252501471454
2025-06-12 19:05:00,3.5
2025-06-12 04:23:00,3.7
2025-06-12 21:42:00,49.69252501471454
2025-06-12 00:36:00,49.69252501471454
2025-06-12 23:20:00,25.8
2025-06-12 17:28:00,92.4
2025-06-12 03:33:00,49.69252501471454
2025-06-12 03:17:00,21.9
2025-06-12 05:12:00,90.6
2025-06-12 03:18:00,28.0
2025-06-12 14:43:00,73.8
2025-06-12 10:41:00,82.1
2025-06-12 12:56:00,77.1
2025-06-12 06:32:00,1.1
2025-06-12 23:28:00,66.6
2025-06-12 18:03:00,0.7
2025-06-12 18:03:00,96.7
2025-06-12 03:00:00,69.0
2025-06-12 03:21:00,36.0
2025-06-12 02:22:00,2.4
2025-06-12 06:26:00,22.0
2025-06-12 04:57:00,28.5
2025-06-12 09:22:00,3.1
2025-06-12 07:40:00,84.1
2025-06-12 03:01:00,65.2
2025-06-12 21:32:00,18.2
2025-06-12 13:17:00,49.88181818181819
2025-06-12 11:25:00,34.1
2025-06-12 08:47:00,49.88181818181819
2025-06-12 19:25:00,37.7
2025-06-12 04:00:00,58.6
2025-06-12 05:24:00,49.88181818181819
2025-06-12 06:24:00,36.0
2025-06-12 01:02:00,91.7
2025-06-12 00:37:00,45.9
2025-06-12 16:56:00,50.9
2025-06-12 12:59:00,49.88181818181819
2025-06-12 02:06:00,95.3
2025-06-12 05:29:00,49.88181818181819
2025-06-12 05:35:00,99.1
2025-06-12 19:57:00,4.4
2025-06-12 17:15:00,57.3
2025-06-12 18:10:00,93.4
2025-06-12 21:02:00,81.0
2025-06-12 16:09:00,92.0
2025-06-12 17:56:00,49.88181818181819
2025-06-12 19:44:00,47.1
2025-06-12 11:30:00,69.5
2025-06-12 00:13:00,1.5
2025-06-12 04:44:00,4.9
2025-06-12 11:59:00,91.1
2025-06-12 06:44:00,84.3
2025-06-12 08:18:00,49.88181818181819
2025-06-12 20:21:00,71.0
2025-06-12 00:29:00,60.8
2025-06-12 07:14:00,9.7
2025-06-12 18:48:00,98.8
2025-06-12 13:05:00,19.1
2025-06-12 17:53:00,76.9
2025-06-12 04:04:00,45.8
2025-06-12 23:04:00,59.2
2025-06-12 17:43:00,49.88181818181819
2025-06-12 01:28:00,63.0
2025-06-12 01:41:00,28.4
2025-06-12 15:35:00,77.2
2025-06-12 01:30:00,14.9
2025-06-12 15:52:00,49.88181818181819
2025-06-12 08:23:00,49.88181818181819
2025-06-12 13:41:00,89.3
2025-06-12 09:13:00,64.7
2025-06-12 11:23:00,89.9
2025-06-12 21:10:00,36.4
2025-06-12 04:42:00,49.88181818181819
2025-06-12 19:16:00,49.9
2025-06-12 00:41:00,37.4
2025-06-12 06:13:00,44.8
2025-06-12 00:26:00,31.9
2025-06-12 23:38:00,33.9
2025-06-12 01:21:00,49.88181818181819
2025-06-12 17:30:00,32.0
2025-06-12 12:37:00,97.7
2025-06-12 12:29:00,36.4
2025-06-12 12:34:00,49.88181818181819
2025-06-12 08:23:00,59.4
2025-06-12 11:27:00,63.9
2025-06-12 18:15:00,6.5
2025-06-12 23:53:00,40.2
2025-06-12 17:56:00,69.2
2025-06-12 18:07:00,68.8
2025-06-12 20:59:00,33.0
2025-06-12 06:24:00,18.2
2025-06-12 15:07:00,24.7
2025-06-12 21:19:00,46.7
2025-06-12 14:05:00,97.0
2025-06-12 21:00:00,30.2
2025-06-12 04:06:00,85.0
2025-06-12 13:21:00,49.88181818181819
2025-06-12 15:05:00,98.4
2025-06-12 12:36:00,95.3
2025-06-12 14:48:00,23.8
2025-06-12 20:55:00,31.7
2025-06-12 04:56:00,48.9
2025-06-12 20:54:00,67.1
2025-06-12 18:41:00,77.2
2025-06-12 06:51:00,2.2
2025-06-12 22:27:00,41.0
2025-06-12 17:53:00,31.8
2025-06-12 08:52:00,16.3
2025-06-12 07:26:00,49.88181818181819
2025-06-12 08:25:00,63.8
2025-06-12 09:03:00,53.7
2025-06-12 21:34:00,13.1
2025-06-12 03:36:00,49.88181818181819
2025-06-12 01:04:00,49.88181818181819
2025-06-12 21:01:00,32.8
2025-06-12 18:57:00,8.6
2025-06-12 20:50:00,49.88181818181819
2025-06-12 23:58:00,2.6
2025-06-12 09:12:00,62.7
2025-06-12 03:26:00,33.1
2025-06-12 05:48:00,49.88181818181819
2025-06-12 15:31:00,38.9
2025-06-12 19:14:00,50.0
2025-06-12 21:06:00,49.88181818181819
2025-06-12 17:04:00,24.6
2025-06-12 02:01:00,16.3
2025-06-12 05:41:00,2.3
2025-06-12 07:05:00,63.5
2025-06-12 23:29:00,21.7
2025-06-12 08:48:00,82.7
2025-06-12 18:05:00,19.0
2025-06-12 02:48:00,30.0
2025-06-12 00:08:00,42.4
2025-06-12 02:50:00,56.0
2025-06-12 22:03:00,61.8
2025-06-12 20:18:00,97.0
2025-06-12 23:53:00,38.2
2025-06-12 05:10:00,97.4
2025-06-12 06:48:00,79.8
2025-06-12 02:49:00,49.88181818181819
2025-06-12 19:25:00,70.8
2025-06-12 13:30:00,57.9
2025-06-12 08:21:00,13.0
2025-06-12 12:41:00,80.9
2025-06-12 16:39:00,68.9
2025-06-12 04:21:00,49.88181818181819
2025-06-12 23:08:00,55.7
2025-06-12 15:14:00,17.4
2025-06-12 17:21:00,48.1
2025-06-12 16:07:00,4.1
2025-06-12 14:05:00,37.3
2025-06-12 22:44:00,26.3
2025-06-12 22:03:00,49.88181818181819
2025-06-12 21:53:00,36.4
2025-06-12 05:04:00,72.6
2025-06-12 04:25:00,97.4
2025-06-12 10:59:00,12.7
2025-06-12 17:24:00,96.9
2025-06-12 22:42:00,15.1
2025-06-12 13:59:00,99.1
2025-06-12 07:13:00,42.0
2025-06-12 15:26:00,36.7
2025-06-12 02:25:00,95.7
2025-06-12 09:05:00,86.9
2025-06-12 12:12:00,44.7
2025-06-12 11:40:00,64.4
2025-06-12 09:01:00,50.1
2025-06-12 08:39:00,71.9
2025-06-12 04:07:00,83.4
2025-06-12 03:13:00,33.7
2025-06-12 14:31:00,49.88181818181819
2025-06-12 03:58:00,9.1
2025-06-12 21:55:00,14.6
2025-06-12 08:35:00,71.0
2025-06-12 09:12:00,49.88181818181819
2025-06-12 17:15:00,12.8
2025-06-12 06:03:00,49.88181818181819
2025-06-12 16:04:00,33.1
2025-06-12 00:20:00,85.9
2025-06-12 14:50:00,88.0
2025-06-12 23:21:00,0.6
2025-06-12 12:42:00,63.6
2025-06-12 00:36:00,31.7
2025-06-12 02:51:00,15.0
2025-06-12 01:22:00,72.5
2025-06-12 18:00:00,56.0
2025-06-12 06:19:00,34.6
2025-06-12 01:31:00,64.1
2025-06-12 16:17:00,97.1
2025-06-12 21:27:00,57.0
2025-06-12 11:52:00,6.2
2025-06-12 20:58:00,54.1
2025-06-12 12:04:00,43.6
2025-06-12 17:23:00,31.5
2025-06-12 09:17:00,14.1
2025-06-12 17:42:00,99.8
2025-06-12 02:41:00,49.88181818181819
2025-06-12 11:31:00,49.88181818181819
2025-06-12 19:37:00,49.88181818181819
2025-06-12 20:31:00,16.5
2025-06-12 11:56:00,56.8
2025-06-12 07:41:00,45.6
2025-06-12 21:54:00,4.9
2025-06-12 19:39:00,98.1
2025-06-12 03:02:00,22.2
2025-06-12 04:07:00,25.6
2025-06-12 06:53:00,32.4
2025-06-12 11:56:00,24.5
2025-06-12 00:34:00,77.6
2025-06-12 00:36:00,99.7
2025-06-12 19:25:00,46.6
2025-06-12 10:20:00,49.88181818181819
2025-06-12 23:11:00,25.1
2025-06-12 05:15:00,13.9
2025-06-12 20:51:00,68.0
2025-06-12 02:34:00,30.3
2025-06-12 03:19:00,49.88181818181819
2025-06-12 19:31:00,83.5
2025-06-12 14:01:00,88.6
2025-06-12 23:31:00,34.4
2025-06-12 11:37:00,4.0
2025-06-12 20:14:00,52.7
2025-06-12 15:27:00,7.4
2025-06-12 23:05:00,32.7
2025-06-12 14:28:00,24.4
2025-06-12 13:14:00,90.5
2025-06-12 01:54:00,50.7
2025-06-12 19:54:00,16.4
2025-06-12 23:35:00,85.1
2025-06-12 14:48:00,49.88181818181819
2025-06-12 14:14:00,13.1
2025-06-12 05:05:00,60.4
2025-06-12 20:51:00,92.4
2025-06-12 01:20:00,24.7
2025-06-12 08:15:00,49.88181818181819
2025-06-12 02:32:00,79.5
2025-06-12 03:44:00,61.0
2025-06-12 10:56:00,49.88181818181819
2025-06-12 11:07:00,16.7
2025-06-12 03:01:00,58.9
2025-06-12 06:06:00,42.8
2025-06-12 06:25:00,49.88181818181819
2025-06-12 09:54:00,58.8
2025-06-12 09:29:00,35.3
2025-06-12 04:16:00,63.1
2025-06-12 13:19:00,93.0
2025-06-12 02:16:00,77.6
2025-06-12 10:11:00,10.6
2025-06-12 09:23:00,92.1
2025-06-12 15:21:00,27.8
2025-06-12 10:51:00,66.3
2025-06-12 21:52:00,20.2
2025-06-12 12:42:00,98.3
2025-06-12 07:40:00,80.4
2025-06-12 10:19:00,71.2
2025-06-12 04:34:00,73.3
2025-06-12 14:27:00,96.1
2025-06-12 01:01:00,97.3
2025-06-12 18:13:00,49.88181818181819
2025-06-12 14:14:00,41.9
2025-06-12 08:05:00,49.88181818181819
2025-06-12 04:40:00,50.8
2025-06-12 02:27:00,58.9
2025-06-12 00:34:00,22.8
2025-06-12 09:59:00,61.8
2025-06-12 14:03:00,47.2
2025-06-12 19:48:00,95.4
2025-06-12 00:49:00,12.8
2025-06-12 23:39:00,28.0
2025-06-12 19:52:00,87.3
2025-06-12 03:29:00,63.3
2025-06-12 15:09:00,73.2
2025-06-12 19:45:00,97.1
2025-06-12 23:37:00,49.88181818181819
2025-06-12 16:21:00,68.6
2025-06-12 17:56:00,82.3
2025-06-12 13:51:00,91.1
2025-06-12 04:35:00,17.0
2025-06-12 11:22:00,6.8
2025-06-12 22:31:00,77.2
2025-06-12 15:35:00,72.6
2025-06-12 12:14:00,49.88181818181819
2025-06-12 21:09:00,63.5
2025-06-12 19:58:00,85.4
2025-06-12 10:13:00,49.88181818181819
2025-06-12 22:02:00,39.5
2025-06-12 10:52:00,39.6
2025-06-12 00:10:00,89.5
2025-06-12 06:31:00,13.6
2025-06-12 19:20:00,96.5
2025-06-12 21:31:00,65.2
2025-06-12 22:24:00,80.3
2025-06-12 22:20:00,98.4
2025-06-12 12:26:00,94.8
2025-06-12 22:27:00,36.0
2025-06-12 21:04:00,77.1
2025-06-12 19:58:00,49.88181818181819
2025-06-12 09:02:00,99.0
2025-06-12 12:26:00,33.8
2025-06-12 16:13:00,11.7
2025-06-12 06:17:00,49.88181818181819
2025-06-12 03:54:00,49.88181818181819
2025-06-12 07:35:00,19.1
2025-06-12 04:11:00,42.2
2025-06-12 04:21:00,28.2
2025-06-12 01:01:00,75.0
2025-06-12 18:31:00,69.6
2025-06-12 17:22:00,82.2
2025-06-12 19:35:00,49.88181818181819
2025-06-12 08:01:00,36.7
2025-06-12 20:15:00,17.7
2025-06-12 04:24:00,13.3
2025-06-12 12:19:00,49.88181818181819
2025-06-12 23:19:00,49.88181818181819
2025-06-12 14:01:00,22.7
2025-06-12 20:41:00,2.8
2025-06-12 06:07:00,12.3
2025-06-12 13:32:00,62.6
2025-06-12 02:35:00,68.1
2025-06-12 01:30:00,33.6
2025-06-12 07:05:00,49.88181818181819
2025-06-12 03:04:00,94.4
2025-06-12 16:49:00,49.88181818181819
2025-06-12 09:12:00,98.3
2025-06-12 11:07:00,55.6
2025-06-12 11:21:00,11.6
2025-06-12 15:51:00,4.3
2025-06-12 08:26:00,72.6
2025-06-12 23:22:00,94.5
2025-06-12 04:31:00,49.88181818181819
2025-06-12 09:33:00,49.88181818181819
2025-06-12 11:12:00,49.88181818181819
2025-06-12 07:47:00,29.8
2025-06-12 20:54:00,49.88181818181819
2025-06-12 18:01:00,2.3
2025-06-12 06:36:00,7.2
2025-06-12 00:44:00,3.7
2025-06-12 07:25:00,27.3
2025-06-12 16:46:00,69.0
2025-06-12 03:10:00,45.9
2025-06-12 10:35:00,30.4
2025-06-12 20:32:00,62.9
2025-06-12 12:18:00,40.1
2025-06-12 11:39:00,47.3
2025-06-12 11:13:00,0.9
2025-06-12 15:01:00,69.8
2025-06-12 07:40:00,6.1
2025-06-12 21:49:00,24.9
2025-06-12 05:38:00,49.88181818181819
2025-06-12 16:10:00,57.1
2025-06-12 20:09:00,13.3
2025-06-12 00:25:00,61.4
2025-06-12 06:21:00,26.0
2025-06-12 23:52:00,5.6
2025-06-12 05:36:00,4.4
2025-06-12 09:20:00,28.6
2025-06-12 19:40:00,69.8
2025-06-12 03:51:00,3.9
2025-06-12 14:52:00,39.1
2025-06-12 23:52:00,78.0
2025-06-12 07:15:00,43.5
2025-06-12 07:52:00,44.0
2025-06-12 18:57:00,36.2
2025-06-12 08:42:00,78.9
2025-06-12 21:32:00,13.2
2025-06-12 20:47:00,38.7
2025-06-12 02:01:00,55.1
2025-06-12 04:57:00,21.6
2025-06-12 18:06:00,49.88181818181819
2025-06-12 21:33:00,49.88181818181819
2025-06-12 05:40:00,67.4
2025-06-12 23:11:00,68.3
2025-06-12 16:01:00,84.3
2025-06-12 21:01:00,62.9
2025-06-12 20:14:00,38.0
2025-06-12 08:30:00,15.1
2025-06-12 12:57:00,2.1
2025-06-12 12:35:00,77.1
2025-06-12 04:58:00,4.5
2025-06-12 06:37:00,12.7
2025-06-12 10:41:00,75.5
2025-06-12 20:38:00,27.2
2025-06-12 00:50:00,24.8
2025-06-12 03:01:00,50.019744401453856
2025-06-12 10:28:00,84.5
2025-06-12 12:32:00,2.2
2025-06-12 07:51:00,47.1
2025-06-12 11:57:00,48.2
2025-06-12 08:08:00,86.7
2025-06-12 13:54:00,50.019744401453856
2025-06-12 05:47:00,65.7
2025-06-12 18:00:00,23.4
2025-06-12 21:01:00,50.0
2025-06-12 12:22:00,64.8
2025-06-12 15:01:00,31.5
2025-06-12 09:59:00,89.5
2025-06-12 01:21:00,44.3
2025-06-12 18:18:00,76.2
2025-06-12 17:52:00,63.5
2025-06-12 08:03:00,64.4
2025-06-12 11:42:00,90.5
2025-06-12 17:34:00,89.3
2025-06-12 21:17:00,55.9
2025-06-12 21:12:00,79.7
2025-06-12 08:14:00,4.2
2025-06-12 07:53:00,85.0
2025-06-12 04:43:00,65.9
2025-06-12 20:24:00,7.0
2025-06-12 15:03:00,80.6
2025-06-12 05:29:00,41.8
2025-06-12 14:35:00,82.5
2025-06-12 16:16:00,20.8
2025-06-12 21:53:00,63.2
2025-06-12 15:37:00,59.7
2025-06-12 13:29:00,52.9
2025-06-12 10:24:00,23.5
2025-06-12 21:10:00,55.0
2025-06-12 20:06:00,66.9
2025-06-12 15:11:00,60.1
2025-06-12 16:25:00,90.2
2025-06-12 23:44:00,44.6
2025-06-12 18:29:00,11.1
2025-06-12 20:04:00,50.019744401453856
2025-06-12 22:55:00,90.7
2025-06-12 06:16:00,55.0
2025-06-12 19:50:00,14.2
2025-06-12 20:08:00,6.1
2025-06-12 00:07:00,50.019744401453856
2025-06-12 13:00:00,43.7
2025-06-12 01:04:00,57.2
2025-06-12 07:25:00,88.9
2025-06-12 12:01:00,90.9
2025-06-12 02:03:00,41.6
2025-06-12 13:22:00,27.0
2025-06-12 16:54:00,61.9
2025-06-12 11:59:00,28.3
2025-06-12 16:22:00,26.9
2025-06-12 20:16:00,96.4
2025-06-12 10:12:00,6.5
2025-06-12 23:53:00,51.5
2025-06-12 05:15:00,50.019744401453856
2025-06-12 03:42:00,9.5
2025-06-12 03:13:00,27.4
2025-06-12 08:34:00,59.7
2025-06-12 01:01:00,67.2
2025-06-12 18:43:00,49.8
2025-06-12 00:29:00,2.9
2025-06-12 02:36:00,84.1
2025-06-12 04:25:00,15.8
2025-06-12 09:46:00,24.0
2025-06-12 00:10:00,50.019744401453856
2025-06-12 13:38:00,63.3
2025-06-12 04:15:00,68.1
2025-06-12 13:52:00,36.3
2025-06-12 04:18:00,77.6
2025-06-12 02:18:00,27.4
2025-06-12 00:26:00,73.6
2025-06-12 21:52:00,50.019744401453856
2025-06-12 20:57:00,24.9
2025-06-12 20:21:00,62.7
2025-06-12 06:58:00,65.3
2025-06-12 07:30:00,78.7
2025-06-12 03:27:00,37.9
2025-06-12 11:11:00,24.7
2025-06-12 23:51:00,55.2
2025-06-12 19:07:00,10.9
2025-06-12 10:05:00,77.6
2025-06-12 12:24:00,10.3
2025-06-12 10:50:00,50.019744401453856
2025-06-12 08:16:00,1.7
2025-06-12 21:59:00,70.7
2025-06-12 09:33:00,57.9
2025-06-12 03:49:00,50.019744401453856
2025-06-12 05:53:00,34.7
2025-06-12 15:12:00,53.9
2025-06-12 23:26:00,68.5
2025-06-12 00:38:00,52.6
2025-06-12 00:30:00,77.7
2025-06-12 03:45:00,10.1
2025-06-12 18:14:00,10.6
2025-06-12 19:05:00,9.8
2025-06-12 03:10:00,48.8
2025-06-12 21:32:00,57.1
2025-06-12 02:09:00,82.0
2025-06-12 00:34:00,99.1
2025-06-12 18:04:00,98.3
2025-06-12 16:48:00,92.4
2025-06-12 20:24:00,19.7
2025-06-12 02:38:00,50.019744401453856
2025-06-12 01:00:00,38.4
2025-06-12 03:50:00,93.9
2025-06-12 09:01:00,8.4
2025-06-12 07:26:00,72.1
2025-06-12 12:58:00,50.019744401453856
2025-06-12 00:37:00,95.3
2025-06-12 17:09:00,80.2
2025-06-12 22:59:00,62.0
2025-06-12 23:09:00,34.4
2025-06-12 20:38:00,53.2
2025-06-12 10:45:00,99.9
2025-06-12 20:56:00,81.5
2025-06-12 06:03:00,85.9
2025-06-12 02:36:00,11.1
2025-06-12 10:24:00,50.019744401453856
2025-06-12 11:56:00,31.9
2025-06-12 10:34:00,34.3
2025-06-12 04:03:00,37.5
2025-06-12 14:41:00,54.0
2025-06-12 20:13:00,50.019744401453856
2025-06-12 17:13:00,52.9
2025-06-12 15:19:00,50.019744401453856
2025-06-12 03:53:00,42.6
2025-06-12 05:46:00,50.019744401453856
2025-06-12 07:07:00,43.1
2025-06-12 06:49:00,29.5
2025-06-12 13:50:00,89.4
2025-06-12 22:16:00,16.0
2025-06-12 16:44:00,39.5
2025-06-12 22:08:00,50.019744401453856
2025-06-12 08:20:00,50.019744401453856
2025-06-12 05:16:00,53.2
2025-06-12 08:13:00,31.9
2025-06-12 01:43:00,82.1
2025-06-12 09:36:00,50.019744401453856
2025-06-12 06:00:00,55.1
2025-06-12 09:42:00,43.8
2025-06-12 09:46:00,75.3
2025-06-12 04:05:00,64.7
2025-06-12 06:26:00,97.9
2025-06-12 11:00:00,34.7
2025-06-12 03:41:00,69.4
2025-06-12 22:29:00,50.9
2025-06-12 12:34:00,54.9
2025-06-12 02:04:00,2.1
2025-06-12 17:09:00,38.9
2025-06-12 11:30:00,56.7
2025-06-12 03:50:00,9.7
2025-06-12 02:28:00,42.2
2025-06-12 21:41:00,68.8
2025-06-12 22:18:00,15.9
2025-06-12 23:52:00,42.6
2025-06-12 04:12:00,68.4
2025-06-12 12:17:00,61.3
2025-06-12 07:05:00,42.9
2025-06-12 09:07:00,98.2
2025-06-12 12:44:00,68.2
2025-06-12 15:28:00,50.019744401453856
2025-06-12 04:29:00,50.019744401453856
2025-06-12 11:41:00,0.2
2025-06-12 21:31:00,50.019744401453856
2025-06-12 18:22:00,10.1
2025-06-12 00:39:00,87.5
2025-06-12 02:44:00,50.019744401453856
2025-06-12 01:59:00,9.3
2025-06-12 08:37:00,5.2
2025-06-12 20:10:00,51.2
2025-06-12 23:38:00,39.5
2025-06-12 01:04:00,28.4
2025-06-12 07:55:00,68.6
2025-06-12 07:06:00,50.019744401453856
2025-06-12 18:09:00,22.3
2025-06-12 18:52:00,2.1
2025-06-12 21:43:00,49.2
2025-06-12 12:26:00,50.019744401453856
2025-06-12 23:14:00,85.5
2025-06-12 16:58:00,79.0
2025-06-12 01:31:00,94.8
2025-06-12 22:13:00,52.0
2025-06-12 11:57:00,84.0
2025-06-12 02:30:00,17.5
2025-06-12 05:18:00,4.0
2025-06-12 10:12:00,50.019744401453856
2025-06-12 14:49:00,50.019744401453856
2025-06-12 17:21:00,29.8
2025-06-12 21:52:00,90.8
2025-06-12 01:59:00,68.3
2025-06-12 01:18:00,48.3
2025-06-12 22:34:00,50.019744401453856
2025-06-12 09:41:00,52.9
2025-06-12 10:08:00,37.2
2025-06-12 04:38:00,40.5
2025-06-12 01:17:00,38.4
2025-06-12 01:40:00,78.6
2025-06-12 16:36:00,22.2
2025-06-12 03:54:00,47.0
2025-06-12 16:28:00,79.6
2025-06-12 07:34:00,56.7
2025-06-12 17:27:00,85.8
2025-06-12 23:15:00,9.7
2025-06-12 14:45:00,66.4
2025-06-12 02:53:00,21.9
2025-06-12 15:32:00,66.3
2025-06-12 04:55:00,2.5
2025-06-12 20:06:00,60.5
2025-06-12 11:20:00,18.7
2025-06-12 08:33:00,71.7
2025-06-12 03:43:00,3.2
2025-06-12 07:01:00,88.9
2025-06-12 22:41:00,26.0
2025-06-12 01:40:00,31.0
2025-06-12 22:43:00,79.2
2025-06-12 20:59:00,50.019744401453856
2025-06-12 22:14:00,84.1
2025-06-12 19:14:00,64.3
2025-06-12 09:46:00,43.9
2025-06-12 15:22:00,50.019744401453856
2025-06-12 15:44:00,52.5
2025-06-12 19:09:00,44.4
2025-06-12 16:20:00,50.019744401453856
2025-06-12 16:04:00,50.019744401453856
2025-06-12 16:05:00,27.6
2025-06-12 18:00:00,35.7
2025-06-12 06:50:00,50.019744401453856
2025-06-12 23:20:00,49.9
2025-06-12 22:30:00,50.7
2025-06-12 11:00:00,50.019744401453856
2025-06-12 03:28:00,50.019744401453856
2025-06-12 21:46:00,56.1
2025-06-12 11:33:00,68.9
2025-06-12 06:58:00,59.8
2025-06-12 20:09:00,62.3
2025-06-12 16:10:00,76.2
2025-06-12 12:06:00,39.1
2025-06-12 12:48:00,41.0
2025-06-12 12:11:00,28.7
2025-06-12 05:04:00,92.0
2025-06-12 02:46:00,57.4
2025-06-12 13:52:00,59.7
2025-06-12 08:53:00,89.9
2025-06-12 10:51:00,7.6
2025-06-12 20:23:00,26.2
2025-06-12 17:59:00,65.7
2025-06-12 12:57:00,93.1
2025-06-12 06:22:00,22.7
2025-06-12 15:05:00,20.3
2025-06-12 16:33:00,50.019744401453856
2025-06-12 01:05:00,18.2
2025-06-12 21:25:00,97.0
2025-06-12 08:49:00,75.0
2025-06-12 02:29:00,82.4
2025-06-12 16:43:00,67.5
2025-06-12 19:13:00,82.4
2025-06-12 04:53:00,39.7
2025-06-12 16:45:00,99.0
2025-06-12 04:23:00,97.9
2025-06-12 13:58:00,43.8
2025-06-12 19:54:00,30.7
2025-06-12 11:29:00,85.8
2025-06-12 22:21:00,57.6
2025-06-12 12:10:00,62.3
2025-06-12 19:24:00,76.3
2025-06-12 15:59:00,23.5
2025-06-12 04:41:00,97.7
2025-06-12 08:14:00,95.8
2025-06-12 05:51:00,20.1
2025-06-12 20:56:00,22.1
2025-06-12 05:05:00,62.6
2025-06-12 23:22:00,47.6
2025-06-12 02:26:00,17.0
2025-06-12 07:00:00,57.6
2025-06-12 02:31:00,75.7
2025-06-12 06:13:00,48.3
2025-06-12 18:00:00,50.019744401453856
2025-06-12 00:41:00,65.7
2025-06-12 02:26:00,50.019744401453856
2025-06-12 08:49:00,26.6
2025-06-12 17:36:00,62.6
2025-06-12 00:24:00,91.3
2025-06-12 11:46:00,50.019744401453856
2025-06-12 12:21:00,68.5
2025-06-12 10:46:00,23.6
2025-06-12 12:37:00,0.2
2025-06-12 16:07:00,56.1
2025-06-12 13:13:00,20.4
2025-06-12 02:39:00,73.9
2025-06-12 07:55:00,2.4
2025-06-12 10:40:00,50.019744401453856
2025-06-12 08:37:00,56.5
2025-06-12 15:24:00,50.019744401453856
2025-06-12 01:20:00,26.3
2025-06-12 15:47:00,84.3
2025-06-12 22:56:00,50.019744401453856
2025-06-12 17:31:00,91.7
2025-06-12 22:01:00,36.8
2025-06-12 11:20:00,6.8
2025-06-12 05:28:00,50.2
2025-06-12 16:10:00,50.019744401453856
2025-06-12 17:11:00,4.7
2025-06-12 12:46:00,7.8
2025-06-12 19:53:00,76.3
2025-06-12 04:53:00,52.8
2025-06-12 04:22:00,7.3
2025-06-12 13:29:00,53.0
2025-06-12 21:36:00,18.0
2025-06-12 04:49:00,27.4
2025-06-12 02:54:00,30.9
2025-06-12 12:17:00,87.6
2025-06-12 14:59:00,37.9
2025-06-12 22:59:00,24.3
2025-06-12 08:07:00,14.6
2025-06-12 05:13:00,6.0
2025-06-12 20:19:00,96.9
2025-06-12 20:30:00,85.8
2025-06-12 13:13:00,50.019744401453856
2025-06-12 09:44:00,75.5
2025-06-12 23:43:00,43.0
2025-06-12 09:08:00,43.0
2025-06-12 09:32:00,8.5
2025-06-12 14:05:00,2.6
2025-06-12 20:11:00,71.0
2025-06-12 18:02:00,69.7
2025-06-12 21:02:00,50.019744401453856
2025-06-12 22:55:00,50.019744401453856
2025-06-12 01:47:00,80.0
2025-06-12 16:18:00,26.0
2025-06-12 12:43:00,48.2
2025-06-12 18:33:00,42.2
2025-06-12 10:21:00,72.0
2025-06-12 08:17:00,63.0
2025-06-12 16:31:00,68.1
2025-06-12 06:16:00,58.0
2025-06-12 16:12:00,49.0
2025-06-12 22:00:00,50.0
2025-06-12 12:35:00,70.1
2025-06-12 21:00:00,86.2
2025-06-12 14:02:00,49.94205948042788
2025-06-12 12:03:00,19.7
2025-06-12 18:39:00,19.2
2025-06-12 18:57:00,73.5
2025-06-12 04:44:00,11.1
2025-06-12 16:48:00,12.0
2025-06-12 19:43:00,22.0
2025-06-12 01:17:00,92.4
2025-06-12 18:23:00,24.3
2025-06-12 04:07:00,13.4
2025-06-12 02:53:00,14.3
2025-06-12 00:24:00,1.2
2025-06-12 18:04:00,16.2
2025-06-12 12:27:00,30.9
2025-06-12 01:00:00,36.6
2025-06-12 08:56:00,94.3
2025-06-12 01:48:00,69.5
2025-06-12 15:32:00,36.7
2025-06-12 11:36:00,8.5
2025-06-12 14:22:00,70.2
2025-06-12 10:31:00,0.8
2025-06-12 16:31:00,14.3
2025-06-12 16:51:00,49.94205948042788
2025-06-12 17:26:00,39.3
2025-06-12 18:09:00,52.1
2025-06-12 07:21:00,35.3
2025-06-12 16:35:00,88.2
2025-06-12 00:08:00,75.6
2025-06-12 20:07:00,49.94205948042788
2025-06-12 03:16:00,70.3
2025-06-12 03:42:00,40.3
2025-06-12 14:35:00,49.94205948042788
2025-06-12 03:57:00,49.94205948042788
2025-06-12 19:43:00,51.4
2025-06-12 08:00:00,22.5
2025-06-12 12:56:00,49.94205948042788
2025-06-12 17:54:00,34.0
2025-06-12 10:43:00,49.94205948042788
2025-06-12 07:01:00,43.8
2025-06-12 16:45:00,62.6
2025-06-12 07:14:00,88.3
2025-06-12 09:57:00,82.1
2025-06-12 11:10:00,37.8
2025-06-12 23:26:00,60.1
2025-06-12 13:17:00,66.6
2025-06-12 12:32:00,38.5
2025-06-12 23:43:00,79.6
2025-06-12 06:04:00,14.3
2025-06-12 15:02:00,68.6
2025-06-12 20:21:00,59.7
2025-06-12 00:02:00,13.0
2025-06-12 10:06:00,49.94205948042788
2025-06-12 14:48:00,23.7
2025-06-12 20:06:00,16.6
2025-06-12 02:19:00,58.3
2025-06-12 09:04:00,4.3
2025-06-12 13:54:00,56.8
2025-06-12 18:50:00,85.8
2025-06-12 09:22:00,36.4
2025-06-12 09:23:00,49.94205948042788
2025-06-12 15:13:00,56.8
2025-06-12 08:40:00,53.5
2025-06-12 12:40:00,87.5
2025-06-12 05:38:00,29.8
2025-06-12 14:17:00,95.8
2025-06-12 21:27:00,46.2
2025-06-12 08:59:00,9.3
2025-06-12 13:42:00,72.8
2025-06-12 23:19:00,32.1
2025-06-12 20:22:00,27.1
2025-06-12 20:09:00,49.94205948042788
2025-06-12 17:16:00,24.1
2025-06-12 12:16:00,93.4
2025-06-12 19:15:00,39.2
2025-06-12 00:19:00,82.4
2025-06-12 04:03:00,8.5
2025-06-12 23:38:00,15.2
2025-06-12 19:21:00,67.7
2025-06-12 09:59:00,12.0
2025-06-12 09:52:00,93.2
2025-06-12 18:59:00,19.1
2025-06-12 08:46:00,42.4
2025-06-12 09:42:00,49.94205948042788
2025-06-12 09:16:00,49.94205948042788
2025-06-12 09:14:00,99.8
2025-06-12 01:16:00,39.6
2025-06-12 16:37:00,13.0
2025-06-12 01:58:00,81.8
2025-06-12 06:56:00,49.94205948042788
2025-06-12 23:39:00,37.9
2025-06-12 12:33:00,67.7
2025-06-12 04:24:00,87.3
2025-06-12 21:09:00,19.9
2025-06-12 06:56:00,38.2
2025-06-12 08:30:00,67.7
2025-06-12 23:04:00,48.2
2025-06-12 12:14:00,35.9
2025-06-12 12:08:00,14.0
2025-06-12 00:39:00,7.4
2025-06-12 08:11:00,47.8
2025-06-12 20:15:00,5.9
2025-06-12 10:27:00,37.7
2025-06-12 16:37:00,44.2
2025-06-12 00:58:00,66.4
2025-06-12 13:56:00,49.94205948042788
2025-06-12 23:27:00,16.9
2025-06-12 23:11:00,93.5
2025-06-12 08:50:00,92.0
2025-06-12 00:30:00,40.3
2025-06-12 02:21:00,49.94205948042788
2025-06-12 10:20:00,23.8
2025-06-12 08:40:00,69.7
2025-06-12 12:55:00,49.3
2025-06-12 08:13:00,92.1
2025-06-12 08:53:00,49.94205948042788
2025-06-12 05:04:00,12.1
2025-06-12 21:30:00,0.3
2025-06-12 07:57:00,61.1
2025-06-12 18:35:00,26.0
2025-06-12 08:23:00,60.9
2025-06-12 20:59:00,88.6
2025-06-12 04:15:00,7.6
2025-06-12 14:42:00,31.6
2025-06-12 03:46:00,49.94205948042788
2025-06-12 00:20:00,49.94205948042788
2025-06-12 11:03:00,66.0
2025-06-12 07:04:00,97.9
2025-06-12 23:56:00,0.4
2025-06-12 06:02:00,47.9
2025-06-12 20:56:00,86.1
2025-06-12 07:50:00,49.94205948042788
2025-06-12 15:11:00,36.4
2025-06-12 19:41:00,49.94205948042788
2025-06-12 09:53:00,64.7
2025-06-12 19:03:00,1.7
2025-06-12 17:28:00,38.0
2025-06-12 12:03:00,1.6
2025-06-12 02:22:00,38.0
2025-06-12 18:39:00,20.5
2025-06-12 18:29:00,85.1
2025-06-12 21:44:00,56.1
2025-06-12 07:14:00,92.5
2025-06-12 14:43:00,97.8
2025-06-12 02:25:00,49.94205948042788
2025-06-12 03:30:00,97.5
2025-06-12 00:17:00,19.3
2025-06-12 10:48:00,42.3
2025-06-12 08:44:00,56.8
2025-06-12 23:22:00,25.0
2025-06-12 13:30:00,24.7
2025-06-12 00:06:00,19.0
2025-06-12 13:07:00,32.0
2025-06-12 03:32:00,89.5
2025-06-12 19:40:00,82.0
2025-06-12 10:02:00,11.7
2025-06-12 10:30:00,34.3
2025-06-12 09:37:00,52.5
2025-06-12 10:23:00,3.4
2025-06-12 03:25:00,49.94205948042788
2025-06-12 05:57:00,31.9
2025-06-12 19:56:00,74.7
2025-06-12 17:16:00,8.9
2025-06-12 00:33:00,88.5
2025-06-12 18:23:00,48.8
2025-06-12 03:57:00,57.4
2025-06-12 01:44:00,95.1
2025-06-12 04:58:00,20.4
2025-06-12 10:24:00,7.9
2025-06-12 06:26:00,76.2
2025-06-12 18:43:00,48.5
2025-06-12 08:40:00,4.2
2025-06-12 04:26:00,13.1
2025-06-12 15:06:00,28.6
2025-06-12 21:36:00,69.4
2025-06-12 21:28:00,23.8
2025-06-12 22:27:00,49.0
2025-06-12 23:45:00,94.9
2025-06-12 11:10:00,22.0
2025-06-12 13:59:00,30.2
2025-06-12 05:15:00,82.8
2025-06-12 14:55:00,54.1
2025-06-12 02:24:00,20.8
2025-06-12 10:46:00,10.3
2025-06-12 06:38:00,79.6
2025-06-12 03:09:00,5.9
2025-06-12 09:06:00,49.94205948042788
2025-06-12 15:51:00,13.0
2025-06-12 00:43:00,49.94205948042788
2025-06-12 20:49:00,49.94205948042788
2025-06-12 03:44:00,43.3
2025-06-12 22:53:00,52.2
2025-06-12 13:59:00,43.7
2025-06-12 06:28:00,28.6
2025-06-12 06:18:00,49.94205948042788
2025-06-12 08:32:00,18.0
2025-06-12 11:52:00,10.8
2025-06-12 02:45:00,49.94205948042788
2025-06-12 09:34:00,27.7
2025-06-12 10:10:00,49.94205948042788
2025-06-12 17:44:00,3.5
2025-06-12 22:50:00,65.8
2025-06-12 06:48:00,2.6
2025-06-12 15:49:00,52.8
2025-06-12 12:49:00,12.5
2025-06-12 11:34:00,1.9
2025-06-12 14:07:00,86.2
2025-06-12 16:39:00,69.7
2025-06-12 11:01:00,13.2
2025-06-12 06:07:00,29.7
2025-06-12 07:40:00,6.7
2025-06-12 10:11:00,89.2
2025-06-12 19:33:00,49.94205948042788
2025-06-12 01:13:00,79.5
2025-06-12 08:01:00,30.6
2025-06-12 23:33:00,56.4
2025-06-12 22:30:00,14.1
2025-06-12 05:29:00,58.2
2025-06-12 12:04:00,49.94205948042788
2025-06-12 11:06:00,49.94205948042788
2025-06-12 20:28:00,49.94205948042788
2025-06-12 16:50:00,74.3
2025-06-12 13:12:00,49.94205948042788
2025-06-12 22:03:00,59.5
2025-06-12 06:08:00,19.0
2025-06-12 01:23:00,78.6
2025-06-12 21:32:00,3.9
2025-06-12 05:23:00,60.1
2025-06-12 15:59:00,25.0
2025-06-12 05:10:00,13.6
2025-06-12 08:56:00,49.2
2025-06-12 10:31:00,41.9
2025-06-12 15:32:00,85.9
2025-06-12 15:49:00,59.5
2025-06-12 05:26:00,3.0
2025-06-12 08:23:00,92.0
2025-06-12 06:23:00,36.1
2025-06-12 02:10:00,90.6
2025-06-12 19:34:00,12.5
2025-06-12 17:59:00,71.1
2025-06-12 23:27:00,29.3
2025-06-12 14:07:00,7.1
2025-06-12 23:20:00,82.0
2025-06-12 03:56:00,42.3
2025-06-12 09:53:00,49.94205948042788
2025-06-12 09:07:00,39.8
2025-06-12 03:09:00,26.7
2025-06-12 06:41:00,48.0
2025-06-12 20:18:00,49.94205948042788
2025-06-12 12:23:00,34.2
2025-06-12 09:51:00,55.6
2025-06-12 18:11:00,8.8
2025-06-12 18:51:00,8.9
2025-06-12 00:30:00,71.0
2025-06-12 09:34:00,83.1
2025-06-12 15:00:00,57.7
2025-06-12 20:56:00,49.94205948042788
2025-06-12 12:22:00,25.1
2025-06-12 06:33:00,29.1
2025-06-12 04:03:00,18.1
2025-06-12 16:35:00,86.8
2025-06-12 22:37:00,28.9
2025-06-12 23:53:00,21.9
2025-06-12 03:35:00,88.8
2025-06-12 05:30:00,13.0
2025-06-12 23:04:00,34.9
2025-06-12 13:21:00,71.7
2025-06-12 17:16:00,68.0
2025-06-12 15:01:00,12.8
2025-06-12 22:58:00,17.8
2025-06-12 09:50:00,84.6
2025-06-12 16:15:00,8.8
2025-06-12 09:46:00,56.3
2025-06-12 07:49:00,8.2
2025-06-12 03:06:00,19.7
2025-06-12 09:07:00,62.2
2025-06-12 03:06:00,84.4
2025-06-12 13:13:00,49.7
2025-06-12 11:00:00,66.3
2025-06-12 18:38:00,49.94205948042788
2025-06-12 17:52:00,75.4
2025-06-12 08:09:00,1.0
2025-06-12 23:27:00,49.94205948042788
2025-06-12 18:18:00,62.4
2025-06-12 14:01:00,47.8
2025-06-12 05:50:00,80.5
2025-06-12 00:38:00,9.8
2025-06-12 21:56:00,49.94205948042788
2025-06-12 23:46:00,21.1
2025-06-12 11:38:00,98.4
2025-06-12 11:38:00,49.94205948042788
2025-06-12 01:13:00,78.2
2025-06-12 00:12:00,47.7
2025-06-12 18:16:00,40.9
2025-06-12 09:16:00,99.4
2025-06-12 03:59:00,56.5
2025-06-12 01:53:00,49.94205948042788
2025-06-12 13:54:00,57.5
2025-06-12 10:43:00,95.6
2025-06-12 19:21:00,19.9
2025-06-12 02:39:00,48.8
2025-06-12 08:48:00,29.8
2025-06-12 01:30:00,10.0
2025-06-12 14:28:00,97.7
2025-06-12 00:54:00,57.8
2025-06-12 18:26:00,90.3
2025-06-12 15:27:00,58.3
2025-06-12 18:01:00,49.94205948042788
2025-06-12 19:46:00,58.2
2025-06-12 14:11:00,64.7
2025-06-12 20:54:00,71.4
2025-06-12 15:09:00,49.94205948042788
2025-06-12 08:48:00,13.5
2025-06-12 17:06:00,58.1
2025-06-12 14:46:00,59.4
2025-06-12 10:45:00,47.4
2025-06-12 14:34:00,50.9
2025-06-12 18:24:00,52.4
2025-06-12 00:08:00,13.0
2025-06-12 09:44:00,49.94205948042788
2025-06-12 10:26:00,49.94205948042788
2025-06-12 07:11:00,49.94205948042788
2025-06-12 16:58:00,49.94205948042788
2025-06-12 19:00:00,21.4
2025-06-12 07:30:00,24.0
2025-06-12 09:27:00,73.3
2025-06-12 04:42:00,30.5
2025-06-12 23:15:00,36.8
2025-06-12 15:48:00,53.7
2025-06-12 10:29:00,17.1
2025-06-12 01:57:00,53.8
2025-06-12 10:48:00,76.0
2025-06-12 00:29:00,49.94205948042788
2025-06-12 07:47:00,33.1
2025-06-12 04:38:00,78.4
2025-06-12 01:27:00,49.94205948042788
2025-06-12 16:45:00,71.6
2025-06-12 07:25:00,97.9
2025-06-12 01:32:00,49.94205948042788
2025-06-12 09:00:00,49.94205948042788
2025-06-12 11:18:00,65.1
2025-06-12 13:51:00,5.8
2025-06-12 14:45:00,34.0
2025-06-12 14:59:00,84.3
2025-06-12 15:31:00,38.0
2025-06-12 12:09:00,51.4
2025-06-12 14:21:00,4.1
2025-06-12 09:39:00,87.6
2025-06-12 18:46:00,14.3
2025-06-12 06:21:00,99.7
2025-06-12 22:55:00,73.4
2025-06-12 06:20:00,0.1
2025-06-12 18:34:00,50.024092836946274
2025-06-12 22:30:00,95.5
2025-06-12 15:52:00,32.7
2025-06-12 22:12:00,22.6
2025-06-12 15:46:00,9.4
2025-06-12 13:36:00,24.0
2025-06-12 17:10:00,81.8
2025-06-12 10:54:00,23.0
2025-06-12 02:30:00,3.8
2025-06-12 06:38:00,49.5
2025-06-12 18:25:00,33.0
2025-06-12 13:26:00,17.5
2025-06-12 01:07:00,50.024092836946274
2025-06-12 17:36:00,34.8
2025-06-12 00:14:00,49.1
2025-06-12 06:20:00,64.1
2025-06-12 13:12:00,19.5
2025-06-12 23:35:00,46.6
2025-06-12 20:55:00,13.7
2025-06-12 12:31:00,76.2
2025-06-12 07:13:00,7.0
2025-06-12 17:06:00,99.0
2025-06-12 10:46:00,60.9
2025-06-12 04:45:00,54.8
2025-06-12 12:36:00,96.5
2025-06-12 20:47:00,17.6
2025-06-12 15:56:00,86.7
2025-06-12 04:31:00,55.7
2025-06-12 08:42:00,14.2
2025-06-12 17:23:00,76.5
2025-06-12 12:36:00,42.4
2025-06-12 12:07:00,46.7
2025-06-12 20:53:00,88.3
2025-06-12 03:03:00,34.6
2025-06-12 22:08:00,10.8
2025-06-12 19:05:00,50.024092836946274
2025-06-12 13:20:00,90.1
2025-06-12 16:27:00,42.5
2025-06-12 12:58:00,50.024092836946274
2025-06-12 07:37:00,76.0
2025-06-12 08:31:00,0.2
2025-06-12 06:22:00,92.5
2025-06-12 05:28:00,75.2
2025-06-12 03:39:00,0.1
2025-06-12 18:07:00,37.4
2025-06-12 17:05:00,14.2
2025-06-12 04:17:00,48.7
2025-06-12 10:12:00,50.024092836946274
2025-06-12 19:15:00,5.2
2025-06-12 08:10:00,9.8
2025-06-12 11:41:00,3.0
2025-06-12 21:31:00,25.2
2025-06-12 03:31:00,50.024092836946274
2025-06-12 05:04:00,80.0
2025-06-12 21:06:00,9.5
2025-06-12 00:09:00,27.8
2025-06-12 15:15:00,62.7
2025-06-12 16:41:00,91.9
2025-06-12 14:13:00,50.024092836946274
2025-06-12 19:12:00,50.024092836946274
2025-06-12 20:06:00,31.9
2025-06-12 09:35:00,54.4
2025-06-12 10:18:00,27.5
2025-06-12 05:15:00,20.5
2025-06-12 01:59:00,64.2
2025-06-12 00:44:00,37.1
2025-06-12 08:55:00,88.7
2025-06-12 21:27:00,73.7
2025-06-12 06:57:00,66.2
2025-06-12 20:35:00,93.7
2025-06-12 11:39:00,81.1
2025-06-12 02:02:00,71.3
2025-06-12 10:50:00,75.4
2025-06-12 02:11:00,78.3
2025-06-12 01:57:00,8.8
2025-06-12 22:22:00,78.3
2025-06-12 19:02:00,31.7
2025-06-12 10:39:00,11.5
2025-06-12 00:47:00,53.9
2025-06-12 02:13:00,61.0
2025-06-12 14:45:00,2.8
2025-06-12 22:56:00,43.3
2025-06-12 21:48:00,88.7
2025-06-12 09:11:00,79.0
2025-06-12 02:43:00,82.2
2025-06-12 16:12:00,19.2
2025-06-12 02:32:00,79.1
2025-06-12 04:48:00,99.5
2025-06-12 18:00:00,24.4
2025-06-12 02:04:00,88.7
2025-06-12 10:12:00,45.7
2025-06-12 00:42:00,65.9
2025-06-12 14:38:00,18.3
2025-06-12 12:50:00,4.5
2025-06-12 21:29:00,2.6
2025-06-12 20:42:00,10.1
2025-06-12 17:48:00,20.2
2025-06-12 08:04:00,50.024092836946274
2025-06-12 01:06:00,50.024092836946274
2025-06-12 02:20:00,12.4
2025-06-12 09:57:00,50.024092836946274
2025-06-12 23:11:00,87.0
2025-06-12 15:01:00,50.024092836946274
2025-06-12 09:45:00,37.0
2025-06-12 06:39:00,68.3
2025-06-12 13:58:00,30.1
2025-06-12 06:38:00,49.7
2025-06-12 11:12:00,36.7
2025-06-12 17:21:00,34.9
2025-06-12 07:03:00,39.6
2025-06-12 06:35:00,50.024092836946274
2025-06-12 07:06:00,91.2
2025-06-12 02:08:00,1.5
2025-06-12 04:24:00,62.4
2025-06-12 21:13:00,59.8
2025-06-12 10:23:00,1.3
2025-06-12 10:36:00,99.7
2025-06-12 07:15:00,74.3
2025-06-12 17:59:00,50.024092836946274
2025-06-12 12:17:00,38.8
2025-06-12 12:27:00,85.0
2025-06-12 06:07:00,87.1
2025-06-12 12:18:00,95.3
2025-06-12 19:11:00,65.6
2025-06-12 13:31:00,14.1
2025-06-12 10:10:00,50.024092836946274
2025-06-12 20:42:00,50.024092836946274
2025-06-12 12:41:00,93.7
2025-06-12 09:22:00,50.024092836946274
2025-06-12 22:57:00,76.8
2025-06-12 10:29:00,38.9
2025-06-12 07:29:00,4.7
2025-06-12 10:56:00,87.7
2025-06-12 03:28:00,65.7
2025-06-12 07:08:00,95.6
2025-06-12 23:53:00,62.3
2025-06-12 14:56:00,50.024092836946274
2025-06-12 03:34:00,78.1
2025-06-12 01:58:00,50.024092836946274
2025-06-12 08:55:00,70.0
2025-06-12 17:43:00,49.3
2025-06-12 03:12:00,67.4
2025-06-12 15:40:00,16.3
2025-06-12 08:39:00,49.2
2025-06-12 14:30:00,30.5
2025-06-12 01:29:00,46.1
2025-06-12 02:29:00,46.9
2025-06-12 12:43:00,6.5
2025-06-12 02:52:00,94.9
2025-06-12 16:12:00,95.4
2025-06-12 22:40:00,82.8
2025-06-12 11:34:00,0.6
2025-06-12 01:24:00,50.024092836946274
2025-06-12 08:21:00,70.9
2025-06-12 07:57:00,5.8
2025-06-12 20:11:00,92.7
2025-06-12 01:20:00,50.024092836946274
2025-06-12 06:44:00,57.1
2025-06-12 21:05:00,82.5
2025-06-12 04:22:00,6.8
2025-06-12 08:27:00,44.2
2025-06-12 18:11:00,72.7
2025-06-12 03:45:00,53.8
2025-06-12 17:50:00,13.1
2025-06-12 14:02:00,4.0
2025-06-12 21:33:00,52.2
2025-06-12 10:54:00,44.7
2025-06-12 22:04:00,68.4
2025-06-12 16:22:00,50.024092836946274
2025-06-12 21:12:00,50.024092836946274
2025-06-12 19:41:00,31.0
2025-06-12 05:59:00,39.6
2025-06-12 02:01:00,27.4
2025-06-12 14:34:00,34.5
2025-06-12 14:30:00,25.6
2025-06-12 11:54:00,50.024092836946274
2025-06-12 07:19:00,4.2
2025-06-12 11:14:00,50.0
2025-06-12 21:36:00,58.2
2025-06-12 18:21:00,50.024092836946274
2025-06-12 19:15:00,53.2
2025-06-12 01:20:00,87.9
2025-06-12 11:26:00,51.6
2025-06-12 09:33:00,91.3
2025-06-12 09:11:00,26.3
2025-06-12 16:44:00,1.6
2025-06-12 12:22:00,9.1
2025-06-12 10:40:00,55.9
2025-06-12 16:21:00,74.3
2025-06-12 23:51:00,82.2
2025-06-12 17:33:00,66.6
2025-06-12 11:37:00,50.024092836946274
2025-06-12 08:33:00,6.9
2025-06-12 20:41:00,81.1
2025-06-12 10:20:00,19.5
2025-06-12 16:24:00,33.5
2025-06-12 15:51:00,50.024092836946274
2025-06-12 13:26:00,1.4
2025-06-12 09:46:00,89.6
2025-06-12 22:00:00,41.3
2025-06-12 20:08:00,38.4
2025-06-12 14:29:00,94.9
2025-06-12 13:00:00,43.8
2025-06-12 09:31:00,62.2
2025-06-12 13:04:00,19.8
2025-06-12 06:03:00,62.9
2025-06-12 23:28:00,54.9
2025-06-12 14:20:00,27.0
2025-06-12 08:10:00,78.9
2025-06-12 07:07:00,50.024092836946274
2025-06-12 04:08:00,50.0
2025-06-12 05:32:00,57.7
2025-06-12 17:33:00,33.1
2025-06-12 00:09:00,13.9
2025-06-12 05:52:00,60.1
2025-06-12 12:01:00,53.9
2025-06-12 17:13:00,50.024092836946274
2025-06-12 20:22:00,50.024092836946274
2025-06-12 05:02:00,50.024092836946274
2025-06-12 03:10:00,16.5
2025-06-12 17:53:00,20.7
2025-06-12 04:17:00,85.2
2025-06-12 04:07:00,47.5
2025-06-12 00:18:00,50.024092836946274
2025-06-12 21:41:00,34.1
2025-06-12 07:11:00,23.0
2025-06-12 23:31:00,19.5
2025-06-12 11:55:00,50.024092836946274
2025-06-12 10:53:00,2.2
2025-06-12 07:42:00,93.5
2025-06-12 04:10:00,80.3
2025-06-12 14:07:00,97.9
2025-06-12 10:20:00,81.2
2025-06-12 10:11:00,8.8
2025-06-12 22:48:00,58.5
2025-06-12 06:38:00,90.7
2025-06-12 17:16:00,27.1
2025-06-12 08:31:00,50.024092836946274
2025-06-12 15:33:00,51.7
2025-06-12 03:46:00,50.024092836946274
2025-06-12 09:27:00,50.024092836946274
2025-06-12 21:18:00,96.6
2025-06-12 16:42:00,50.024092836946274
2025-06-12 00:45:00,14.2
2025-06-12 07:11:00,90.9
2025-06-12 14:08:00,33.9
2025-06-12 13:54:00,77.5
2025-06-12 05:23:00,96.1
2025-06-12 16:28:00,50.024092836946274
2025-06-12 14:16:00,45.0
2025-06-12 05:49:00,50.024092836946274
2025-06-12 10:55:00,77.3
2025-06-12 09:33:00,0.2
2025-06-12 01:51:00,5.5
2025-06-12 07:24:00,98.2
2025-06-12 03:43:00,39.9
2025-06-12 11:59:00,11.5
2025-06-12 23:49:00,50.024092836946274
2025-06-12 22:42:00,90.0
2025-06-12 23:33:00,31.2
2025-06-12 03:41:00,94.6
2025-06-12 23:53:00,93.1
2025-06-12 09:16:00,29.5
2025-06-12 09:21:00,92.8
2025-06-12 23:49:00,85.1
2025-06-12 12:07:00,14.6
2025-06-12 07:18:00,45.4
2025-06-12 09:23:00,70.8
2025-06-12 16:34:00,50.024092836946274
2025-06-12 21:31:00,36.7
2025-06-12 02:59:00,55.2
2025-06-12 14:02:00,50.024092836946274
2025-06-12 10:49:00,84.4
2025-06-12 15:53:00,74.6
2025-06-12 18:44:00,93.4
2025-06-12 20:03:00,80.0
2025-06-12 00:26:00,68.0
2025-06-12 14:02:00,67.3
2025-06-12 20:55:00,75.9
2025-06-12 12:49:00,50.024092836946274
2025-06-12 09:27:00,98.5
2025-06-12 12:44:00,85.4
2025-06-12 09:51:00,45.2
2025-06-12 18:41:00,50.024092836946274
2025-06-12 10:11:00,99.8
2025-06-12 09:24:00,85.3
2025-06-12 04:56:00,62.5
2025-06-12 21:58:00,64.0
2025-06-12 03:27:00,12.5
2025-06-12 18:01:00,71.7
2025-06-12 20:52:00,41.6
2025-06-12 00:04:00,4.7
2025-06-12 03:37:00,7.8
2025-06-12 22:08:00,26.2
2025-06-12 12:58:00,37.4
2025-06-12 07:04:00,71.3
2025-06-12 06:59:00,60.2
2025-06-12 17:28:00,50.6
2025-06-12 03:36:00,11.5
2025-06-12 10:11:00,96.2
2025-06-12 08:20:00,8.5
2025-06-12 19:49:00,66.3
2025-06-12 03:19:00,72.9
2025-06-12 16:58:00,8.9
2025-06-12 14:09:00,14.3
2025-06-12 05:22:00,19.6
2025-06-12 15:56:00,51.8
2025-06-12 14:26:00,26.1
2025-06-12 10:19:00,22.9
2025-06-12 03:36:00,48.0
2025-06-12 12:20:00,3.9
2025-06-12 18:40:00,74.9
2025-06-12 15:43:00,39.4
2025-06-12 00:49:00,89.6
2025-06-12 12:32:00,95.6
2025-06-12 13:44:00,43.8
2025-06-12 18:04:00,50.024092836946274
2025-06-12 13:53:00,11.4
2025-06-12 01:41:00,15.2
2025-06-12 17:36:00,50.024092836946274
2025-06-12 08:03:00,15.7
2025-06-12 09:01:00,50.024092836946274
2025-06-12 23:55:00,65.7
2025-06-12 04:14:00,21.0
2025-06-12 03:14:00,95.8
2025-06-12 11:33:00,81.1
2025-06-12 13:10:00,68.9
2025-06-12 02:25:00,33.0
2025-06-12 22:48:00,63.1
2025-06-12 07:05:00,72.0
2025-06-12 05:34:00,36.9
2025-06-12 06:01:00,42.3
2025-06-12 13:57:00,9.1
2025-06-12 19:16:00,20.6
2025-06-12 06:19:00,92.9
2025-06-12 04:18:00,49.2
2025-06-12 13:28:00,95.5
2025-06-12 20:25:00,55.5
2025-06-12 05:07:00,35.0
2025-06-12 02:31:00,77.1
2025-06-12 14:12:00,8.3
2025-06-12 15:19:00,52.0
2025-06-12 04:18:00,42.3
2025-06-12 06:07:00,77.6
2025-06-12 11:50:00,49.54963144963145
2025-06-12 22:35:00,91.8
2025-06-12 10:05:00,80.1
2025-06-12 12:42:00,49.54963144963145
2025-06-12 21:59:00,31.2
2025-06-12 23:26:00,23.8
2025-06-12 13:15:00,81.8
2025-06-12 21:57:00,65.3
2025-06-12 21:15:00,79.8
2025-06-12 07:31:00,49.54963144963145
2025-06-12 10:59:00,79.4
2025-06-12 06:21:00,30.4
2025-06-12 00:15:00,16.2
2025-06-12 01:32:00,76.0
2025-06-12 23:34:00,46.0
2025-06-12 02:58:00,85.8
2025-06-12 07:00:00,13.4
2025-06-12 10:30:00,26.3
2025-06-12 01:55:00,78.2
2025-06-12 12:30:00,21.5
2025-06-12 05:47:00,49.54963144963145
2025-06-12 05:33:00,51.5
2025-06-12 02:56:00,45.2
2025-06-12 20:47:00,93.9
2025-06-12 22:19:00,96.5
2025-06-12 04:28:00,30.3
2025-06-12 07:32:00,81.5
2025-06-12 06:42:00,17.1
2025-06-12 23:33:00,49.54963144963145
2025-06-12 17:11:00,5.5
2025-06-12 10:45:00,41.5
2025-06-12 09:48:00,61.2
2025-06-12 19:23:00,25.5
2025-06-12 10:11:00,26.5
2025-06-12 11:14:00,69.7
2025-06-12 03:49:00,71.3
2025-06-12 11:27:00,32.8
2025-06-12 14:09:00,7.8
2025-06-12 03:13:00,41.9
2025-06-12 13:13:00,65.7
2025-06-12 17:50:00,9.5
2025-06-12 23:38:00,49.54963144963145
2025-06-12 11:07:00,61.7
2025-06-12 21:34:00,19.6
2025-06-12 01:38:00,24.7
2025-06-12 16:06:00,49.54963144963145
2025-06-12 14:25:00,17.4
2025-06-12 12:15:00,84.5
2025-06-12 21:05:00,17.3
2025-06-12 20:40:00,69.9
2025-06-12 09:41:00,66.0
2025-06-12 16:02:00,44.7
2025-06-12 08:04:00,7.9
2025-06-12 16:25:00,49.54963144963145
2025-06-12 11:59:00,84.9
2025-06-12 15:46:00,49.54963144963145
2025-06-12 01:04:00,60.4
2025-06-12 05:05:00,3.0
2025-06-12 07:24:00,43.3
2025-06-12 16:54:00,13.7
2025-06-12 12:53:00,60.7
2025-06-12 15:02:00,34.5
2025-06-12 01:23:00,27.7
2025-06-12 01:49:00,91.9
2025-06-12 05:18:00,59.6
2025-06-12 16:44:00,20.6
2025-06-12 13:46:00,49.54963144963145
2025-06-12 06:50:00,40.1
2025-06-12 10:23:00,18.3
2025-06-12 05:11:00,11.9
2025-06-12 23:26:00,39.8
2025-06-12 13:54:00,19.4
2025-06-12 07:49:00,22.2
2025-06-12 09:43:00,19.9
2025-06-12 00:15:00,81.2
2025-06-12 10:58:00,37.2
2025-06-12 12:10:00,18.3
2025-06-12 09:06:00,16.6
2025-06-12 23:55:00,84.9
2025-06-12 15:09:00,49.4
2025-06-12 11:44:00,54.0
2025-06-12 11:44:00,79.0
2025-06-12 12:34:00,35.0
2025-06-12 03:25:00,34.6
2025-06-12 14:35:00,98.6
2025-06-12 06:42:00,63.1
2025-06-12 11:01:00,83.8
2025-06-12 15:13:00,49.54963144963145
2025-06-12 16:22:00,1.4
2025-06-12 23:13:00,71.2
2025-06-12 11:08:00,53.7
2025-06-12 16:08:00,49.54963144963145
2025-06-12 03:15:00,47.3
2025-06-12 05:52:00,49.54963144963145
2025-06-12 19:18:00,22.9
2025-06-12 10:27:00,49.5
2025-06-12 11:01:00,49.3
2025-06-12 15:31:00,98.0
2025-06-12 22:03:00,26.8
2025-06-12 05:17:00,40.6
2025-06-12 10:30:00,56.1
2025-06-12 03:39:00,50.6
2025-06-12 11:02:00,74.1
2025-06-12 12:09:00,32.2
2025-06-12 00:27:00,60.5
2025-06-12 20:36:00,73.8
2025-06-12 14:33:00,96.9
2025-06-12 04:25:00,27.1
2025-06-12 19:03:00,49.54963144963145
2025-06-12 22:54:00,50.1
2025-06-12 12:58:00,49.0
2025-06-12 14:22:00,29.5
2025-06-12 02:12:00,49.54963144963145
2025-06-12 02:32:00,60.5
2025-06-12 05:00:00,16.2
2025-06-12 23:40:00,19.1
2025-06-12 05:46:00,95.4
2025-06-12 02:09:00,56.4
2025-06-12 23:35:00,66.7
2025-06-12 20:12:00,44.1
2025-06-12 06:14:00,1.3
2025-06-12 09:01:00,52.1
2025-06-12 09:16:00,50.6
2025-06-12 02:05:00,49.54963144963145
2025-06-12 06:51:00,64.0
2025-06-12 14:57:00,49.54963144963145
2025-06-12 14:30:00,72.1
2025-06-12 18:49:00,73.4
2025-06-12 05:09:00,7.6
2025-06-12 02:35:00,49.54963144963145
2025-06-12 08:46:00,95.5
2025-06-12 01:35:00,87.9
2025-06-12 16:28:00,77.9
2025-06-12 04:08:00,49.54963144963145
2025-06-12 05:40:00,15.1
2025-06-12 15:20:00,79.0
2025-06-12 07:38:00,6.6
2025-06-12 06:15:00,36.5
2025-06-12 04:11:00,67.7
2025-06-12 20:55:00,94.5
2025-06-12 15:43:00,39.9
2025-06-12 23:07:00,49.54963144963145
2025-06-12 02:21:00,82.2
2025-06-12 18:59:00,83.8
2025-06-12 13:53:00,1.7
2025-06-12 20:42:00,49.3
2025-06-12 02:37:00,93.7
2025-06-12 10:58:00,95.2
2025-06-12 13:02:00,85.6
2025-06-12 16:22:00,36.6
2025-06-12 15:23:00,39.2
2025-06-12 18:15:00,93.2
2025-06-12 01:15:00,71.5
2025-06-12 01:57:00,42.5
2025-06-12 23:44:00,49.54963144963145
2025-06-12 13:08:00,41.3
2025-06-12 00:09:00,77.6
2025-06-12 11:39:00,94.7
2025-06-12 14:32:00,49.54963144963145
2025-06-12 14:16:00,49.54963144963145
2025-06-12 17:24:00,0.0
2025-06-12 14:28:00,83.2
2025-06-12 12:38:00,49.54963144963145
2025-06-12 11:20:00,91.6
2025-06-12 18:07:00,72.8
2025-06-12 19:39:00,39.7
2025-06-12 16:34:00,70.5
2025-06-12 11:31:00,97.9
2025-06-12 11:28:00,47.1
2025-06-12 23:40:00,4.4
2025-06-12 04:09:00,70.0
2025-06-12 11:30:00,7.6
2025-06-12 22:51:00,43.8
2025-06-12 19:43:00,50.7
2025-06-12 10:14:00,59.6
2025-06-12 15:26:00,64.6
2025-06-12 01:53:00,49.54963144963145
2025-06-12 02:11:00,68.2
2025-06-12 00:18:00,2.5
2025-06-12 06:41:00,33.5
2025-06-12 06:48:00,0.5
2025-06-12 09:16:00,95.5
2025-06-12 10:04:00,65.0
2025-06-12 22:06:00,28.1
2025-06-12 14:30:00,49.54963144963145
2025-06-12 18:25:00,49.54963144963145
2025-06-12 21:09:00,16.5
2025-06-12 04:22:00,0.5
2025-06-12 13:15:00,68.5
2025-06-12 07:35:00,12.1
2025-06-12 00:11:00,47.0
2025-06-12 02:04:00,3.3
2025-06-12 09:21:00,77.3
2025-06-12 06:24:00,82.1
2025-06-12 20:41:00,32.8
2025-06-12 07:27:00,20.0
2025-06-12 14:01:00,26.6
2025-06-12 23:00:00,29.2
2025-06-12 15:33:00,5.7
2025-06-12 08:10:00,36.3
2025-06-12 22:11:00,12.9
2025-06-12 07:09:00,24.2
2025-06-12 10:04:00,31.1
2025-06-12 00:53:00,49.54963144963145
2025-06-12 13:43:00,16.7
2025-06-12 23:49:00,78.8
2025-06-12 09:32:00,76.6
2025-06-12 18:29:00,49.54963144963145
2025-06-12 11:48:00,49.54963144963145
2025-06-12 11:22:00,37.0
2025-06-12 02:45:00,90.7
2025-06-12 00:50:00,27.3
2025-06-12 05:36:00,18.2
2025-06-12 05:10:00,99.0
2025-06-12 06:39:00,33.8
2025-06-12 22:23:00,19.4
2025-06-12 00:29:00,68.8
2025-06-12 21:42:00,95.8
2025-06-12 11:00:00,44.2
2025-06-12 17:16:00,8.6
2025-06-12 13:04:00,34.6
2025-06-12 00:13:00,54.2
2025-06-12 18:18:00,75.7
2025-06-12 08:37:00,37.3
2025-06-12 01:48:00,45.9
2025-06-12 23:56:00,93.4
2025-06-12 14:48:00,71.8
2025-06-12 02:52:00,2.5
2025-06-12 06:29:00,49.54963144963145
2025-06-12 08:08:00,49.54963144963145
2025-06-12 06:32:00,99.0
2025-06-12 12:59:00,49.54963144963145
2025-06-12 16:21:00,37.8
2025-06-12 05:13:00,23.7
2025-06-12 13:52:00,49.54963144963145
2025-06-12 10:36:00,49.54963144963145
2025-06-12 14:00:00,43.9
2025-06-12 16:14:00,74.5
2025-06-12 19:39:00,49.54963144963145
2025-06-12 17:41:00,97.1
2025-06-12 16:48:00,32.5
2025-06-12 19:31:00,27.6
2025-06-12 02:02:00,24.5
2025-06-12 23:17:00,46.8
2025-06-12 03:14:00,43.1
2025-06-12 15:20:00,45.8
2025-06-12 10:43:00,52.1
2025-06-12 06:25:00,68.5
2025-06-12 11:50:00,90.5
2025-06-12 09:58:00,64.1
2025-06-12 14:09:00,65.7
2025-06-12 17:10:00,35.5
2025-06-12 20:23:00,80.2
2025-06-12 19:34:00,49.54963144963145
2025-06-12 05:17:00,81.6
2025-06-12 10:34:00,92.8
2025-06-12 00:16:00,92.0
2025-06-12 19:47:00,33.5
2025-06-12 11:16:00,87.9
2025-06-12 21:01:00,49.54963144963145
2025-06-12 22:11:00,49.54963144963145
2025-06-12 05:35:00,31.0
2025-06-12 01:23:00,11.9
2025-06-12 20:28:00,19.5
2025-06-12 21:08:00,12.3
2025-06-12 15:27:00,1.0
2025-06-12 09:31:00,51.1
2025-06-12 23:37:00,84.0
2025-06-12 14:37:00,30.7
2025-06-12 03:14:00,82.4
2025-06-12 11:12:00,92.2
2025-06-12 11:55:00,12.2
2025-06-12 06:59:00,73.9
2025-06-12 11:58:00,30.4
2025-06-12 05:13:00,30.2
2025-06-12 00:02:00,13.0
2025-06-12 03:35:00,70.4
2025-06-12 12:46:00,42.3
2025-06-12 13:22:00,12.0
2025-06-12 04:59:00,5.6
2025-06-12 18:28:00,55.4
2025-06-12 14:31:00,49.54963144963145
2025-06-12 08:14:00,10.1
2025-06-12 22:07:00,96.4
2025-06-12 08:19:00,57.0
2025-06-12 00:43:00,65.4
2025-06-12 23:50:00,70.2
2025-06-12 22:22:00,51.2
2025-06-12 01:39:00,49.54963144963145
2025-06-12 01:26:00,20.6
2025-06-12 08:30:00,89.5
2025-06-12 11:35:00,55.2
2025-06-12 21:48:00,46.9
2025-06-12 10:23:00,3.0
2025-06-12 01:39:00,82.1
2025-06-12 15:46:00,90.8
2025-06-12 10:38:00,69.7
2025-06-12 19:50:00,73.1
2025-06-12 16:35:00,29.8
2025-06-12 07:03:00,48.1
2025-06-12 04:27:00,52.0
2025-06-12 11:39:00,42.0
2025-06-12 12:49:00,24.0
2025-06-12 15:06:00,39.2
2025-06-12 04:52:00,27.1
2025-06-12 11:25:00,19.0
2025-06-12 10:00:00,83.5
2025-06-12 07:48:00,100.0
2025-06-12 06:43:00,49.54963144963145
2025-06-12 00:39:00,18.5
2025-06-12 13:22:00,29.7
2025-06-12 18:07:00,39.7
2025-06-12 23:31:00,49.7
2025-06-12 01:28:00,39.1
2025-06-12 01:15:00,10.3
2025-06-12 10:23:00,63.9
2025-06-12 15:19:00,49.54963144963145
2025-06-12 03:02:00,49.54963144963145
2025-06-12 05:08:00,6.8
2025-06-12 13:34:00,51.3
2025-06-12 03:58:00,49.54963144963145
2025-06-12 21:53:00,24.0
2025-06-12 10:29:00,51.9
2025-06-12 13:14:00,72.0
2025-06-12 04:24:00,12.9
2025-06-12 01:27:00,49.54963144963145
2025-06-12 17:08:00,49.54963144963145
2025-06-12 12:00:00,39.7
2025-06-12 11:22:00,3.4
2025-06-12 02:13:00,97.1
2025-06-12 00:41:00,49.54963144963145
2025-06-12 21:10:00,44.0
2025-06-12 12:42:00,90.0
2025-06-12 01:40:00,86.6
2025-06-12 04:32:00,54.3
2025-06-12 21:43:00,60.2
2025-06-12 14:37:00,91.0
2025-06-12 05:01:00,77.3
2025-06-12 22:05:00,59.8
2025-06-12 19:39:00,35.9
2025-06-12 23:58:00,79.2
2025-06-12 21:19:00,80.7
2025-06-12 07:17:00,50.9
2025-06-12 19:58:00,30.4
2025-06-12 04:45:00,88.0
2025-06-12 01:14:00,18.2
2025-06-12 20:42:00,10.9
2025-06-12 16:07:00,98.7
2025-06-12 16:30:00,49.54963144963145
2025-06-12 23:58:00,14.9
2025-06-12 04:06:00,51.4
2025-06-12 05:37:00,77.4
2025-06-12 05:11:00,17.5
2025-06-12 21:35:00,85.2
2025-06-12 21:33:00,92.5
2025-06-12 20:11:00,24.0
2025-06-12 05:54:00,72.9
2025-06-12 11:46:00,91.7
2025-06-12 05:06:00,29.4
2025-06-12 07:48:00,61.9
2025-06-12 19:42:00,49.560128956623686
2025-06-12 21:04:00,46.8
2025-06-12 02:15:00,36.5
2025-06-12 01:07:00,49.560128956623686
2025-06-12 07:55:00,92.3
2025-06-12 15:48:00,68.9
2025-06-12 12:22:00,22.8
2025-06-12 14:53:00,49.560128956623686
2025-06-12 21:40:00,75.3
2025-06-12 03:53:00,12.1
2025-06-12 13:05:00,49.560128956623686
2025-06-12 13:53:00,4.3
2025-06-12 21:34:00,33.6
2025-06-12 01:25:00,8.9
2025-06-12 23:32:00,20.5
2025-06-12 17:41:00,66.7
2025-06-12 20:19:00,51.3
2025-06-12 12:17:00,35.4
2025-06-12 22:11:00,21.7
2025-06-12 15:45:00,49.560128956623686
2025-06-12 04:41:00,36.8
2025-06-12 19:50:00,49.560128956623686
2025-06-12 15:53:00,49.560128956623686
2025-06-12 17:26:00,26.2
2025-06-12 16:35:00,22.5
2025-06-12 07:45:00,44.0
2025-06-12 17:04:00,23.3
2025-06-12 04:05:00,49.560128956623686
2025-06-12 22:58:00,64.9
2025-06-12 05:24:00,43.1
2025-06-12 04:58:00,17.9
2025-06-12 12:41:00,53.6
2025-06-12 21:32:00,58.4
2025-06-12 22:08:00,49.560128956623686
2025-06-12 02:39:00,16.3
2025-06-12 05:08:00,49.560128956623686
2025-06-12 16:23:00,47.7
2025-06-12 16:42:00,44.4
2025-06-12 21:38:00,9.9
2025-06-12 11:33:00,20.8
2025-06-12 11:19:00,72.9
2025-06-12 16:45:00,39.2
2025-06-12 11:05:00,12.9
2025-06-12 11:12:00,95.0
2025-06-12 07:59:00,4.7
2025-06-12 15:57:00,70.6
2025-06-12 22:00:00,13.4
2025-06-12 02:50:00,56.0
2025-06-12 18:12:00,35.3
2025-06-12 15:00:00,40.3
2025-06-12 11:20:00,0.7
2025-06-12 15:17:00,9.3
2025-06-12 15:53:00,96.1
2025-06-12 21:29:00,8.6
2025-06-12 02:00:00,8.3
2025-06-12 22:41:00,51.1
2025-06-12 12:48:00,84.9
2025-06-12 14:44:00,38.1
2025-06-12 16:44:00,26.0
2025-06-12 05:17:00,62.6
2025-06-12 02:54:00,49.560128956623686
2025-06-12 11:26:00,13.9
2025-06-12 01:09:00,6.4
2025-06-12 22:20:00,49.560128956623686
2025-06-12 01:22:00,12.2
2025-06-12 08:47:00,8.4
2025-06-12 01:32:00,10.2
2025-06-12 12:25:00,49.560128956623686
2025-06-12 04:45:00,49.560128956623686
2025-06-12 09:03:00,49.560128956623686
2025-06-12 04:05:00,36.8
2025-06-12 00:57:00,94.5
2025-06-12 17:28:00,49.560128956623686
2025-06-12 18:35:00,70.4
2025-06-12 10:54:00,63.6
2025-06-12 07:33:00,41.9
2025-06-12 17:04:00,15.6
2025-06-12 01:58:00,2.7
2025-06-12 19:55:00,2.1
2025-06-12 10:21:00,97.5
2025-06-12 14:05:00,43.1
2025-06-12 18:57:00,35.7
2025-06-12 00:38:00,68.2
2025-06-12 05:20:00,53.4
2025-06-12 14:00:00,52.4
2025-06-12 05:49:00,20.8
2025-06-12 11:36:00,76.4
2025-06-12 07:11:00,17.7
2025-06-12 08:15:00,16.0
2025-06-12 21:15:00,88.0
2025-06-12 14:08:00,35.2
2025-06-12 02:33:00,49.560128956623686
2025-06-12 15:43:00,9.0
2025-06-12 22:45:00,82.0
2025-06-12 14:43:00,25.0
2025-06-12 06:04:00,76.4
2025-06-12 17:50:00,44.1
2025-06-12 15:07:00,7.2
2025-06-12 19:09:00,23.8
2025-06-12 13:03:00,97.3
2025-06-12 02:03:00,18.0
2025-06-12 12:56:00,33.1
2025-06-12 12:52:00,62.3
2025-06-12 09:35:00,80.3
2025-06-12 07:17:00,49.560128956623686
2025-06-12 23:41:00,75.0
2025-06-12 15:06:00,42.6
2025-06-12 12:13:00,23.1
2025-06-12 20:40:00,41.2
2025-06-12 01:30:00,11.7
2025-06-12 07:11:00,47.2
2025-06-12 15:34:00,87.9
2025-06-12 23:33:00,34.3
2025-06-12 22:45:00,85.6
2025-06-12 23:32:00,49.560128956623686
2025-06-12 05:36:00,77.6
2025-06-12 07:24:00,99.0
2025-06-12 17:32:00,3.8
2025-06-12 14:58:00,49.560128956623686
2025-06-12 16:06:00,29.3
2025-06-12 02:09:00,62.4
2025-06-12 07:25:00,40.4
2025-06-12 04:14:00,26.2
2025-06-12 13:01:00,39.6
2025-06-12 11:13:00,49.560128956623686
2025-06-12 12:32:00,35.2
2025-06-12 04:12:00,34.7
2025-06-12 14:41:00,49.560128956623686
2025-06-12 21:25:00,4.9
2025-06-12 20:49:00,53.6
2025-06-12 21:50:00,61.7
2025-06-12 22:42:00,94.5
2025-06-12 00:40:00,50.8
2025-06-12 17:41:00,49.560128956623686
2025-06-12 00:51:00,49.560128956623686
2025-06-12 23:41:00,40.9
2025-06-12 18:29:00,42.7
2025-06-12 01:50:00,1.8
2025-06-12 07:30:00,47.3
2025-06-12 21:02:00,29.7
2025-06-12 02:18:00,65.6
2025-06-12 09:44:00,49.560128956623686
2025-06-12 09:52:00,43.4
2025-06-12 06:57:00,14.6
2025-06-12 19:54:00,61.2
2025-06-12 06:06:00,49.560128956623686
2025-06-12 22:24:00,1.4
2025-06-12 11:02:00,54.0
2025-06-12 19:53:00,85.9
2025-06-12 15:27:00,64.7
2025-06-12 05:59:00,54.6
2025-06-12 21:34:00,49.560128956623686
2025-06-12 15:03:00,86.7
2025-06-12 21:46:00,84.8
2025-06-12 04:59:00,86.3
2025-06-12 07:04:00,78.1
2025-06-12 14:22:00,44.0
2025-06-12 14:45:00,2.4
2025-06-12 02:13:00,87.0
2025-06-12 12:18:00,20.1
2025-06-12 03:31:00,33.1
2025-06-12 05:40:00,67.1
2025-06-12 21:25:00,4.2
2025-06-12 22:24:00,79.0
2025-06-12 03:59:00,17.5
2025-06-12 12:58:00,77.6
2025-06-12 19:09:00,4.4
2025-06-12 23:40:00,94.3
2025-06-12 06:20:00,37.4
2025-06-12 20:16:00,9.6
2025-06-12 03:29:00,7.9
2025-06-12 15:50:00,36.3
2025-06-12 16:48:00,59.1
2025-06-12 21:18:00,8.0
2025-06-12 08:05:00,66.2
2025-06-12 03:54:00,3.2
2025-06-12 12:44:00,49.560128956623686
2025-06-12 08:09:00,49.560128956623686
2025-06-12 20:42:00,86.9
2025-06-12 03:28:00,34.0
2025-06-12 08:42:00,60.4
2025-06-12 05:49:00,67.7
2025-06-12 22:30:00,79.4
2025-06-12 13:49:00,65.9
2025-06-12 23:50:00,40.0
2025-06-12 00:28:00,53.8
2025-06-12 14:34:00,65.4
2025-06-12 11:43:00,22.4
2025-06-12 12:24:00,49.560128956623686
2025-06-12 17:33:00,96.7
2025-06-12 20:32:00,60.0
2025-06-12 13:43:00,31.7
2025-06-12 05:16:00,49.560128956623686
2025-06-12 00:24:00,49.560128956623686
2025-06-12 06:38:00,49.0
2025-06-12 08:09:00,91.7
2025-06-12 05:58:00,22.9
2025-06-12 17:49:00,24.0
2025-06-12 19:42:00,26.3
2025-06-12 21:47:00,32.2
2025-06-12 07:25:00,72.8
2025-06-12 12:53:00,30.5
2025-06-12 14:04:00,49.560128956623686
2025-06-12 00:31:00,46.5
2025-06-12 20:51:00,67.4
2025-06-12 00:41:00,81.8
2025-06-12 17:58:00,97.1
2025-06-12 14:42:00,9.7
2025-06-12 10:42:00,73.8
2025-06-12 16:07:00,32.6
2025-06-12 22:14:00,40.6
2025-06-12 19:44:00,14.8
2025-06-12 13:02:00,80.2
2025-06-12 01:19:00,11.2
2025-06-12 07:12:00,44.6
2025-06-12 00:00:00,3.0
2025-06-12 19:28:00,92.2
2025-06-12 02:01:00,9.5
2025-06-12 09:46:00,17.3
2025-06-12 00:20:00,49.560128956623686
2025-06-12 08:30:00,39.2
2025-06-12 09:15:00,66.8
2025-06-12 09:21:00,21.7
2025-06-12 21:24:00,49.560128956623686
2025-06-12 21:49:00,84.0
2025-06-12 17:24:00,34.4
2025-06-12 09:38:00,46.5
2025-06-12 21:30:00,24.0
2025-06-12 19:57:00,42.7
2025-06-12 20:51:00,49.560128956623686
2025-06-12 03:54:00,2.5
2025-06-12 10:50:00,49.560128956623686
2025-06-12 14:51:00,85.5
2025-06-12 13:08:00,31.9
2025-06-12 08:13:00,99.5
2025-06-12 15:52:00,85.5
2025-06-12 17:08:00,77.9
2025-06-12 09:13:00,22.7
2025-06-12 20:17:00,0.1
2025-06-12 13:17:00,80.7
2025-06-12 13:10:00,35.3
2025-06-12 23:30:00,9.0
2025-06-12 14:21:00,6.1
2025-06-12 06:41:00,4.3
2025-06-12 14:56:00,28.6
2025-06-12 01:03:00,96.9
2025-06-12 21:15:00,25.6
2025-06-12 21:29:00,49.560128956623686
2025-06-12 10:51:00,25.3
2025-06-12 16:25:00,69.4
2025-06-12 15:10:00,95.1
2025-06-12 22:10:00,49.2
2025-06-12 13:44:00,87.9
2025-06-12 10:26:00,58.1
2025-06-12 11:24:00,24.2
2025-06-12 11:55:00,93.3
2025-06-12 10:13:00,1.7
2025-06-12 00:36:00,2.9
2025-06-12 20:28:00,92.2
2025-06-12 17:41:00,19.9
2025-06-12 17:09:00,49.560128956623686
2025-06-12 08:26:00,24.1
2025-06-12 23:54:00,19.3
2025-06-12 23:11:00,22.1
2025-06-12 13:27:00,49.560128956623686
2025-06-12 15:01:00,50.2
2025-06-12 09:10:00,82.0
2025-06-12 03:21:00,44.0
2025-06-12 14:34:00,45.0
2025-06-12 05:43:00,18.3
2025-06-12 20:53:00,25.0
2025-06-12 01:43:00,64.1
2025-06-12 19:31:00,12.6
2025-06-12 21:38:00,49.560128956623686
2025-06-12 18:01:00,66.6
2025-06-12 00:53:00,53.3
2025-06-12 23:36:00,98.5
2025-06-12 13:41:00,40.2
2025-06-12 00:12:00,91.3
2025-06-12 15:29:00,76.7
2025-06-12 16:58:00,63.7
2025-06-12 08:22:00,49.560128956623686
2025-06-12 04:18:00,60.1
2025-06-12 09:05:00,49.9
2025-06-12 22:25:00,83.0
2025-06-12 20:39:00,35.7
2025-06-12 11:58:00,49.560128956623686
2025-06-12 23:43:00,46.2
2025-06-12 05:00:00,12.2
2025-06-12 22:35:00,23.0
2025-06-12 18:13:00,90.0
2025-06-12 04:22:00,31.9
2025-06-12 04:34:00,4.2
2025-06-12 05:46:00,58.9
2025-06-12 18:34:00,91.3
2025-06-12 03:20:00,59.3
2025-06-12 01:47:00,44.0
2025-06-12 03:42:00,56.9
2025-06-12 01:46:00,49.560128956623686
2025-06-12 21:31:00,36.9
2025-06-12 01:28:00,49.560128956623686
2025-06-12 04:37:00,20.8
2025-06-12 00:34:00,64.8
2025-06-12 16:55:00,88.8
2025-06-12 17:24:00,64.7
2025-06-12 13:46:00,4.8
2025-06-12 22:31:00,94.0
2025-06-12 07:14:00,29.2
2025-06-12 07:43:00,4.5
2025-06-12 02:26:00,14.8
2025-06-12 06:03:00,67.6
2025-06-12 11:07:00,75.3
2025-06-12 22:13:00,19.7
2025-06-12 08:17:00,83.3
2025-06-12 00:23:00,72.7
2025-06-12 02:53:00,41.7
2025-06-12 07:28:00,80.3
2025-06-12 06:28:00,7.4
2025-06-12 16:50:00,3.8
2025-06-12 02:58:00,50.10277843742579
2025-06-12 06:03:00,20.7
2025-06-12 13:07:00,8.4
2025-06-12 14:23:00,90.4
2025-06-12 23:50:00,51.4
2025-06-12 08:19:00,80.3
2025-06-12 09:34:00,30.5
2025-06-12 19:34:00,83.5
2025-06-12 23:00:00,50.10277843742579
2025-06-12 06:55:00,81.2
2025-06-12 06:31:00,74.7
2025-06-12 19:30:00,39.0
2025-06-12 15:44:00,48.7
2025-06-12 18:44:00,72.0
2025-06-12 04:51:00,41.8
2025-06-12 11:06:00,42.1
2025-06-12 00:37:00,14.1
2025-06-12 00:30:00,96.8
2025-06-12 04:42:00,79.8
2025-06-12 00:52:00,23.0
2025-06-12 16:30:00,24.0
2025-06-12 10:49:00,93.1
2025-06-12 08:49:00,55.1
2025-06-12 02:50:00,20.2
2025-06-12 18:32:00,50.10277843742579
2025-06-12 23:59:00,98.7
2025-06-12 11:02:00,68.2
2025-06-12 09:12:00,80.9
2025-06-12 05:40:00,63.6
2025-06-12 17:43:00,50.10277843742579
2025-06-12 10:35:00,7.9
2025-06-12 02:14:00,29.5
2025-06-12 10:20:00,22.7
2025-06-12 21:42:00,48.4
2025-06-12 00:47:00,71.3
2025-06-12 09:00:00,73.2
2025-06-12 14:08:00,34.5
2025-06-12 06:12:00,96.6
2025-06-12 22:18:00,94.8
2025-06-12 06:52:00,4.0
2025-06-12 06:43:00,50.10277843742579
2025-06-12 15:57:00,97.4
2025-06-12 19:35:00,83.8
2025-06-12 04:46:00,50.10277843742579
2025-06-12 23:34:00,86.4
2025-06-12 23:33:00,49.3
2025-06-12 11:18:00,59.2
2025-06-12 03:44:00,10.8
2025-06-12 03:53:00,5.2
2025-06-12 14:22:00,24.1
2025-06-12 17:22:00,79.0
2025-06-12 08:54:00,29.6
2025-06-12 15:04:00,18.7
2025-06-12 17:28:00,83.4
2025-06-12 10:11:00,2.2
2025-06-12 11:39:00,50.10277843742579
2025-06-12 18:09:00,33.4
2025-06-12 07:19:00,39.9
2025-06-12 04:06:00,33.1
2025-06-12 15:14:00,43.1
2025-06-12 01:30:00,16.1
2025-06-12 18:37:00,40.1
2025-06-12 16:11:00,50.10277843742579
2025-06-12 22:55:00,98.5
2025-06-12 05:03:00,84.5
2025-06-12 12:23:00,87.0
2025-06-12 20:07:00,16.1
2025-06-12 15:00:00,82.8
2025-06-12 04:54:00,50.10277843742579
2025-06-12 14:14:00,99.6
2025-06-12 04:46:00,26.4
2025-06-12 06:12:00,32.6
2025-06-12 03:22:00,46.1
2025-06-12 23:05:00,90.0
2025-06-12 19:08:00,56.7
2025-06-12 17:54:00,50.10277843742579
2025-06-12 22:16:00,50.10277843742579
2025-06-12 04:18:00,50.10277843742579
2025-06-12 15:27:00,50.10277843742579
2025-06-12 10:07:00,20.1
2025-06-12 06:03:00,66.3
2025-06-12 16:05:00,32.0
2025-06-12 18:39:00,8.6
2025-06-12 07:03:00,23.2
2025-06-12 03:49:00,15.4
2025-06-12 16:38:00,81.3
2025-06-12 12:49:00,36.2
2025-06-12 13:37:00,66.0
2025-06-12 14:51:00,18.6
2025-06-12 05:09:00,50.10277843742579
2025-06-12 04:36:00,50.10277843742579
2025-06-12 14:57:00,35.4
2025-06-12 19:38:00,50.10277843742579
2025-06-12 16:52:00,96.2
2025-06-12 08:52:00,80.8
2025-06-12 01:57:00,15.7
2025-06-12 12:06:00,78.5
2025-06-12 10:45:00,61.1
2025-06-12 09:18:00,36.9
2025-06-12 20:07:00,50.10277843742579
2025-06-12 02:47:00,65.1
2025-06-12 02:04:00,15.9
2025-06-12 01:24:00,34.7
2025-06-12 10:41:00,95.4
2025-06-12 04:41:00,7.6
2025-06-12 13:17:00,27.2
2025-06-12 03:55:00,50.10277843742579
2025-06-12 14:29:00,53.2
2025-06-12 05:16:00,42.5
2025-06-12 21:16:00,75.7
2025-06-12 09:49:00,83.4
2025-06-12 05:58:00,69.6
2025-06-12 10:22:00,42.8
2025-06-12 05:04:00,10.6
2025-06-12 14:59:00,86.2
2025-06-12 09:33:00,51.5
2025-06-12 22:59:00,39.7
2025-06-12 01:08:00,0.8
2025-06-12 07:48:00,4.5
2025-06-12 00:18:00,26.7
2025-06-12 22:31:00,31.3
2025-06-12 17:02:00,74.9
2025-06-12 07:06:00,45.5
2025-06-12 23:34:00,50.10277843742579
2025-06-12 00:16:00,50.10277843742579
2025-06-12 22:12:00,50.10277843742579
2025-06-12 18:55:00,50.10277843742579
2025-06-12 07:25:00,43.4
2025-06-12 14:07:00,84.5
2025-06-12 18:44:00,90.2
2025-06-12 02:09:00,97.9
2025-06-12 03:26:00,4.0
2025-06-12 10:37:00,86.7
2025-06-12 11:47:00,89.0
2025-06-12 21:50:00,95.5
2025-06-12 20:46:00,89.4
2025-06-12 11:12:00,4.8
2025-06-12 13:25:00,88.6
2025-06-12 14:21:00,50.10277843742579
2025-06-12 18:17:00,68.2
2025-06-12 02:36:00,50.10277843742579
2025-06-12 17:23:00,7.0
2025-06-12 16:09:00,71.0
2025-06-12 16:27:00,28.1
2025-06-12 12:07:00,15.9
2025-06-12 20:21:00,43.0
2025-06-12 19:58:00,64.5
2025-06-12 04:10:00,15.1
2025-06-12 01:09:00,45.2
2025-06-12 14:56:00,50.10277843742579
2025-06-12 18:46:00,50.10277843742579
2025-06-12 03:27:00,99.5
2025-06-12 05:48:00,12.9
2025-06-12 09:41:00,65.9
2025-06-12 11:12:00,3.5
2025-06-12 22:14:00,50.10277843742579
2025-06-12 07:31:00,49.5
2025-06-12 06:49:00,58.4
2025-06-12 04:36:00,55.2
2025-06-12 07:37:00,97.7
2025-06-12 06:59:00,70.7
2025-06-12 16:53:00,50.10277843742579
2025-06-12 04:59:00,13.9
2025-06-12 13:36:00,86.0
2025-06-12 21:27:00,50.10277843742579
2025-06-12 15:08:00,27.3
2025-06-12 05:54:00,50.10277843742579
2025-06-12 15:04:00,59.0
2025-06-12 05:58:00,27.8
2025-06-12 09:00:00,24.8
2025-06-12 08:07:00,26.4
2025-06-12 09:10:00,35.4
2025-06-12 00:01:00,50.10277843742579
2025-06-12 19:35:00,24.7
2025-06-12 21:20:00,10.6
2025-06-12 00:30:00,50.9
2025-06-12 20:56:00,43.3
2025-06-12 13:58:00,18.9
2025-06-12 16:01:00,50.10277843742579
2025-06-12 12:01:00,88.2
2025-06-12 09:15:00,75.7
2025-06-12 03:35:00,50.10277843742579
2025-06-12 03:33:00,97.5
2025-06-12 10:43:00,10.9
2025-06-12 13:33:00,49.7
2025-06-12 23:01:00,16.7
2025-06-12 12:15:00,13.4
2025-06-12 04:35:00,30.0
2025-06-12 07:11:00,35.4
2025-06-12 21:10:00,10.5
2025-06-12 19:00:00,60.4
2025-06-12 22:18:00,50.10277843742579
2025-06-12 14:26:00,50.10277843742579
2025-06-12 14:42:00,50.10277843742579
2025-06-12 12:37:00,48.3
2025-06-12 15:30:00,19.3
2025-06-12 12:36:00,26.7
2025-06-12 20:22:00,48.6
2025-06-12 00:28:00,7.2
2025-06-12 01:12:00,25.8
2025-06-12 12:22:00,43.2
2025-06-12 05:21:00,42.3
2025-06-12 09:09:00,50.10277843742579
2025-06-12 01:16:00,43.3
2025-06-12 22:50:00,19.4
2025-06-12 17:35:00,14.0
2025-06-12 16:44:00,6.6
2025-06-12 19:40:00,24.4
2025-06-12 06:11:00,68.7
2025-06-12 21:34:00,55.9
2025-06-12 22:45:00,50.10277843742579
2025-06-12 21:37:00,4.4
2025-06-12 23:25:00,85.6
2025-06-12 19:18:00,46.1
2025-06-12 15:56:00,15.9
2025-06-12 10:38:00,50.10277843742579
2025-06-12 07:48:00,85.9
2025-06-12 05:32:00,7.3
2025-06-12 07:54:00,39.8
2025-06-12 06:30:00,50.10277843742579
2025-06-12 06:31:00,53.6
2025-06-12 19:32:00,54.9
2025-06-12 11:53:00,36.8
2025-06-12 11:45:00,57.1
2025-06-12 15:53:00,2.6
2025-06-12 14:01:00,84.9
2025-06-12 19:49:00,85.3
2025-06-12 14:39:00,63.3
2025-06-12 14:39:00,39.2
2025-06-12 01:54:00,39.0
2025-06-12 10:48:00,65.3
2025-06-12 17:30:00,30.3
2025-06-12 13:03:00,50.10277843742579
2025-06-12 23:32:00,88.3
2025-06-12 06:48:00,11.1
2025-06-12 19:04:00,40.1
2025-06-12 23:07:00,46.2
2025-06-12 06:20:00,89.6
2025-06-12 13:39:00,93.2
2025-06-12 08:17:00,56.0
2025-06-12 23:49:00,98.0
2025-06-12 19:20:00,17.1
2025-06-12 21:50:00,65.2
2025-06-12 22:53:00,4.2
2025-06-12 01:51:00,50.10277843742579
2025-06-12 15:02:00,41.5
2025-06-12 22:57:00,40.0
2025-06-12 23:55:00,31.4
2025-06-12 20:01:00,53.2
2025-06-12 09:00:00,51.4
2025-06-12 17:01:00,7.2
2025-06-12 12:24:00,22.2
2025-06-12 12:01:00,7.4
2025-06-12 03:37:00,46.9
2025-06-12 20:48:00,53.0
2025-06-12 21:53:00,66.6
2025-06-12 00:23:00,82.3
2025-06-12 03:44:00,18.7
2025-06-12 17:31:00,84.3
2025-06-12 01:19:00,32.0
2025-06-12 03:39:00,50.10277843742579
2025-06-12 11:40:00,50.10277843742579
2025-06-12 14:14:00,58.7
2025-06-12 09:30:00,1.4
2025-06-12 15:35:00,15.2
2025-06-12 17:48:00,9.0
2025-06-12 08:54:00,16.4
2025-06-12 03:14:00,28.5
2025-06-12 10:36:00,50.10277843742579
2025-06-12 16:29:00,19.9
2025-06-12 13:30:00,13.9
2025-06-12 13:18:00,95.9
2025-06-12 11:46:00,24.5
2025-06-12 11:00:00,73.6
2025-06-12 03:03:00,87.5
2025-06-12 03:30:00,65.3
2025-06-12 00:11:00,24.3
2025-06-12 17:15:00,89.1
2025-06-12 13:16:00,12.4
2025-06-12 01:40:00,5.2
2025-06-12 17:10:00,50.10277843742579
2025-06-12 11:07:00,90.4
2025-06-12 05:27:00,50.10277843742579
2025-06-12 19:26:00,0.4
2025-06-12 13:31:00,50.10277843742579
2025-06-12 01:41:00,50.2
2025-06-12 20:40:00,75.6
2025-06-12 16:20:00,37.3
2025-06-12 00:47:00,95.0
2025-06-12 19:57:00,21.3
2025-06-12 21:37:00,65.2
2025-06-12 13:25:00,86.4
2025-06-12 05:35:00,50.10277843742579
2025-06-12 11:23:00,4.0
2025-06-12 21:22:00,59.5
2025-06-12 03:36:00,47.6
2025-06-12 07:22:00,14.7
2025-06-12 00:27:00,97.4
2025-06-12 19:30:00,96.2
2025-06-12 02:18:00,99.3
2025-06-12 00:22:00,30.8
2025-06-12 01:20:00,44.1
2025-06-12 23:08:00,61.3
2025-06-12 04:57:00,4.1
2025-06-12 18:15:00,15.9
2025-06-12 10:16:00,28.2
2025-06-12 22:20:00,37.3
2025-06-12 21:30:00,28.4
2025-06-12 11:56:00,32.1
2025-06-12 06:48:00,50.10277843742579
2025-06-12 15:31:00,64.6
2025-06-12 21:42:00,33.3
2025-06-12 01:16:00,96.3
2025-06-12 13:35:00,59.0
2025-06-12 00:26:00,29.7
2025-06-12 09:17:00,50.10277843742579
2025-06-12 00:51:00,96.8
2025-06-12 21:12:00,20.3
2025-06-12 03:25:00,57.0
2025-06-12 20:48:00,72.5
2025-06-12 00:00:00,18.7
2025-06-12 11:58:00,66.6
2025-06-12 03:07:00,17.4
2025-06-12 05:15:00,25.8
2025-06-12 22:21:00,75.1
2025-06-12 01:31:00,72.6
2025-06-12 13:52:00,62.7
2025-06-12 07:19:00,58.9
2025-06-12 09:08:00,19.8
2025-06-12 00:30:00,6.6
2025-06-12 18:42:00,35.1
2025-06-12 16:24:00,84.0
2025-06-12 08:39:00,18.1
2025-06-12 18:53:00,39.6
2025-06-12 21:00:00,39.6
2025-06-12 10:07:00,54.0
2025-06-12 07:10:00,19.1
2025-06-12 22:25:00,74.6
2025-06-12 13:59:00,53.6
2025-06-12 04:01:00,77.8
2025-06-12 09:10:00,49.2
2025-06-12 13:44:00,49.85036359371334
2025-06-12 14:32:00,13.6
2025-06-12 18:24:00,54.0
2025-06-12 06:30:00,30.8
2025-06-12 00:39:00,11.7
2025-06-12 13:19:00,14.4
2025-06-12 13:30:00,49.85036359371334
2025-06-12 00:42:00,37.5
2025-06-12 06:44:00,24.6
2025-06-12 02:27:00,83.2
2025-06-12 10:07:00,93.3
2025-06-12 12:00:00,96.9
2025-06-12 23:14:00,68.1
2025-06-12 18:53:00,28.8
2025-06-12 18:17:00,69.5
2025-06-12 06:36:00,49.85036359371334
2025-06-12 03:59:00,37.9
2025-06-12 05:00:00,75.8
2025-06-12 03:20:00,84.5
2025-06-12 23:23:00,21.0
2025-06-12 03:58:00,94.0
2025-06-12 03:57:00,41.9
2025-06-12 03:21:00,35.2
2025-06-12 16:10:00,49.85036359371334
2025-06-12 07:48:00,85.1
2025-06-12 17:57:00,57.2
2025-06-12 20:44:00,40.3
2025-06-12 06:58:00,49.85036359371334
2025-06-12 21:56:00,49.85036359371334
2025-06-12 12:52:00,12.7
2025-06-12 00:57:00,4.2
2025-06-12 12:55:00,49.85036359371334
2025-06-12 16:09:00,49.1
2025-06-12 07:32:00,60.8
2025-06-12 08:40:00,96.3
2025-06-12 23:20:00,80.7
2025-06-12 19:46:00,57.7
2025-06-12 03:59:00,39.0
2025-06-12 02:46:00,61.3
2025-06-12 22:19:00,37.5
2025-06-12 00:01:00,77.7
2025-06-12 06:31:00,39.4
2025-06-12 02:44:00,28.3
2025-06-12 03:47:00,96.8
2025-06-12 06:53:00,0.2
2025-06-12 21:18:00,14.6
2025-06-12 22:32:00,77.1
2025-06-12 09:35:00,98.9
2025-06-12 10:29:00,62.6
2025-06-12 18:55:00,22.0
2025-06-12 20:21:00,78.3
2025-06-12 05:35:00,70.6
2025-06-12 01:08:00,49.85036359371334
2025-06-12 07:44:00,49.85036359371334
2025-06-12 20:23:00,68.1
2025-06-12 10:21:00,67.2
2025-06-12 11:10:00,49.85036359371334
2025-06-12 19:33:00,63.9
2025-06-12 20:45:00,38.2
2025-06-12 09:54:00,10.2
2025-06-12 02:35:00,95.9
2025-06-12 03:21:00,3.6
2025-06-12 01:57:00,33.2
2025-06-12 16:18:00,49.85036359371334
2025-06-12 08:29:00,3.8
2025-06-12 07:06:00,36.2
2025-06-12 01:23:00,12.7
2025-06-12 18:43:00,84.3
2025-06-12 23:03:00,49.85036359371334
2025-06-12 21:54:00,2.0
2025-06-12 06:52:00,46.6
2025-06-12 17:20:00,49.85036359371334
2025-06-12 13:20:00,2.6
2025-06-12 04:45:00,49.85036359371334
2025-06-12 20:53:00,49.85036359371334
2025-06-12 10:49:00,18.2
2025-06-12 04:13:00,6.9
2025-06-12 22:03:00,93.5
2025-06-12 05:31:00,59.7
2025-06-12 22:38:00,51.5
2025-06-12 04:51:00,57.4
2025-06-12 16:03:00,49.85036359371334
2025-06-12 23:57:00,94.4
2025-06-12 03:14:00,50.0
2025-06-12 06:19:00,22.2
2025-06-12 15:14:00,84.8
2025-06-12 14:19:00,49.85036359371334
2025-06-12 22:25:00,91.0
2025-06-12 18:42:00,40.9
2025-06-12 09:26:00,21.1
2025-06-12 12:11:00,49.85036359371334
2025-06-12 01:19:00,33.0
2025-06-12 17:57:00,11.5
2025-06-12 16:27:00,29.9
2025-06-12 10:37:00,55.6
2025-06-12 00:03:00,79.1
2025-06-12 13:08:00,13.7
2025-06-12 22:15:00,49.85036359371334
2025-06-12 17:43:00,42.4
2025-06-12 08:36:00,49.85036359371334
2025-06-12 23:12:00,49.85036359371334
2025-06-12 20:15:00,49.85036359371334
2025-06-12 08:12:00,78.7
2025-06-12 13:24:00,90.8
2025-06-12 07:05:00,66.7
2025-06-12 06:52:00,40.0
2025-06-12 19:40:00,49.85036359371334
2025-06-12 03:40:00,74.4
2025-06-12 21:57:00,42.0
2025-06-12 15:57:00,38.3
2025-06-12 06:56:00,90.8
2025-06-12 00:14:00,46.5
2025-06-12 12:21:00,48.6
2025-06-12 11:25:00,56.5
2025-06-12 19:14:00,59.4
2025-06-12 15:54:00,6.4
2025-06-12 21:07:00,14.2
2025-06-12 04:49:00,84.2
2025-06-12 09:01:00,97.4
2025-06-12 20:38:00,79.9
2025-06-12 17:37:00,86.8
2025-06-12 07:35:00,22.5
2025-06-12 13:40:00,14.7
2025-06-12 17:08:00,41.5
2025-06-12 21:10:00,55.4
2025-06-12 01:13:00,88.4
2025-06-12 14:08:00,43.6
2025-06-12 15:07:00,52.1
2025-06-12 23:15:00,49.85036359371334
2025-06-12 09:08:00,5.3
2025-06-12 15:49:00,13.1
2025-06-12 06:14:00,14.6
2025-06-12 17:53:00,36.8
2025-06-12 02:20:00,49.85036359371334
2025-06-12 21:15:00,53.1
2025-06-12 02:50:00,14.0
2025-06-12 04:55:00,68.8
2025-06-12 07:53:00,87.0
2025-06-12 07:10:00,32.7
2025-06-12 06:26:00,21.5
2025-06-12 10:28:00,49.85036359371334
2025-06-12 19:12:00,99.7
2025-06-12 15:23:00,24.5
2025-06-12 14:44:00,29.0
2025-06-12 10:41:00,71.7
2025-06-12 13:50:00,74.9
2025-06-12 02:47:00,89.0
2025-06-12 01:21:00,10.1
2025-06-12 21:23:00,14.1
2025-06-12 07:37:00,22.5
2025-06-12 07:53:00,66.1
2025-06-12 13:45:00,86.5
2025-06-12 04:48:00,54.4
2025-06-12 08:09:00,16.2
2025-06-12 19:15:00,68.4
2025-06-12 00:42:00,3.9
2025-06-12 18:34:00,26.9
2025-06-12 02:18:00,29.0
2025-06-12 07:17:00,91.7
2025-06-12 12:20:00,39.9
2025-06-12 11:52:00,35.9
2025-06-12 18:01:00,6.8
2025-06-12 17:12:00,24.3
2025-06-12 01:17:00,99.2
2025-06-12 00:07:00,59.7
2025-06-12 19:40:00,49.85036359371334
2025-06-12 13:30:00,13.5
2025-06-12 19:25:00,42.3
2025-06-12 00:54:00,61.5
2025-06-12 08:14:00,29.2
2025-06-12 20:23:00,41.8
2025-06-12 23:43:00,49.85036359371334
2025-06-12 00:34:00,1.2
2025-06-12 14:16:00,68.8
2025-06-12 10:14:00,21.8
2025-06-12 04:04:00,94.4
2025-06-12 02:21:00,9.5
2025-06-12 06:17:00,26.6
2025-06-12 16:33:00,49.85036359371334
2025-06-12 14:29:00,37.2
2025-06-12 10:37:00,31.3
2025-06-12 20:36:00,52.6
2025-06-12 09:37:00,25.1
2025-06-12 10:21:00,17.5
2025-06-12 09:55:00,42.8
2025-06-12 17:14:00,12.1
2025-06-12 14:15:00,2.9
2025-06-12 14:17:00,49.85036359371334
2025-06-12 09:37:00,49.5
2025-06-12 23:28:00,24.3
2025-06-12 23:38:00,29.2
2025-06-12 04:52:00,10.8
2025-06-12 13:41:00,91.2
2025-06-12 20:28:00,13.6
2025-06-12 10:42:00,33.4
2025-06-12 08:04:00,65.5
2025-06-12 20:05:00,83.4
2025-06-12 15:23:00,37.2
2025-06-12 16:26:00,52.6
2025-06-12 19:23:00,49.85036359371334
2025-06-12 08:39:00,19.4
2025-06-12 09:00:00,13.6
2025-06-12 00:40:00,86.8
2025-06-12 16:15:00,18.2
2025-06-12 18:03:00,67.2
2025-06-12 01:10:00,79.1
2025-06-12 21:50:00,47.3
2025-06-12 07:16:00,9.2
2025-06-12 09:33:00,8.2
2025-06-12 12:40:00,1.8
2025-06-12 23:08:00,88.1
2025-06-12 06:19:00,87.0
2025-06-12 14:02:00,85.1
2025-06-12 08:15:00,60.8
2025-06-12 14:35:00,49.8
2025-06-12 18:20:00,49.85036359371334
2025-06-12 01:05:00,49.85036359371334
2025-06-12 16:25:00,53.0
2025-06-12 18:02:00,18.9
2025-06-12 12:47:00,10.2
2025-06-12 12:25:00,49.85036359371334
2025-06-12 14:09:00,51.5
2025-06-12 20:27:00,49.85036359371334
2025-06-12 08:57:00,64.6
2025-06-12 09:09:00,57.0
2025-06-12 06:09:00,83.9
2025-06-12 14:02:00,2.7
2025-06-12 12:36:00,71.1
2025-06-12 10:20:00,13.6
2025-06-12 22:42:00,96.8
2025-06-12 05:41:00,49.85036359371334
2025-06-12 04:04:00,80.9
2025-06-12 04:57:00,79.0
2025-06-12 21:32:00,49.85036359371334
2025-06-12 08:36:00,49.6
2025-06-12 22:18:00,76.2
2025-06-12 05:48:00,73.1
2025-06-12 08:09:00,49.85036359371334
2025-06-12 05:58:00,66.2
2025-06-12 01:23:00,28.9
2025-06-12 16:22:00,36.4
2025-06-12 15:59:00,79.1
2025-06-12 00:43:00,97.5
2025-06-12 21:39:00,33.5
2025-06-12 18:42:00,49.85036359371334
2025-06-12 13:48:00,93.4
2025-06-12 20:09:00,79.6
2025-06-12 03:55:00,75.4
2025-06-12 02:53:00,60.9
2025-06-12 23:25:00,51.2
2025-06-12 17:31:00,45.4
2025-06-12 00:33:00,35.0
2025-06-12 02:23:00,64.0
2025-06-12 00:21:00,56.4
2025-06-12 15:44:00,39.5
2025-06-12 04:12:00,28.1
2025-06-12 22:44:00,16.8
2025-06-12 07:45:00,17.9
2025-06-12 22:14:00,46.4
2025-06-12 18:58:00,33.0
2025-06-12 22:08:00,8.4
2025-06-12 15:45:00,94.0
2025-06-12 08:42:00,49.85036359371334
2025-06-12 21:01:00,97.4
2025-06-12 23:06:00,98.9
2025-06-12 20:09:00,64.2
2025-06-12 15:27:00,14.7
2025-06-12 08:19:00,41.0
2025-06-12 17:32:00,30.8
2025-06-12 10:26:00,57.4
2025-06-12 15:32:00,45.6
2025-06-12 11:26:00,68.5
2025-06-12 14:35:00,88.3
2025-06-12 04:19:00,49.85036359371334
2025-06-12 01:02:00,49.85036359371334
2025-06-12 12:44:00,94.2
2025-06-12 23:49:00,15.5
2025-06-12 19:15:00,25.8
2025-06-12 04:45:00,75.8
2025-06-12 02:56:00,49.85036359371334
2025-06-12 20:50:00,26.3
2025-06-12 09:53:00,3.2
2025-06-12 00:54:00,63.2
2025-06-12 19:28:00,9.6
2025-06-12 15:26:00,58.4
2025-06-12 00:30:00,39.5
2025-06-12 19:23:00,76.6
2025-06-12 10:13:00,25.9
2025-06-12 00:31:00,44.8
2025-06-12 15:37:00,51.2
2025-06-12 13:10:00,16.4
2025-06-12 07:05:00,0.5
2025-06-12 14:12:00,62.3
2025-06-12 03:18:00,18.6
2025-06-12 10:23:00,6.5
2025-06-12 03:51:00,49.85036359371334
2025-06-12 21:14:00,92.4
2025-06-12 12:20:00,70.2
2025-06-12 09:14:00,55.6
2025-06-12 06:14:00,34.4
2025-06-12 03:07:00,86.8
2025-06-12 08:23:00,72.8
2025-06-12 15:17:00,35.5
2025-06-12 05:33:00,31.6
2025-06-12 16:06:00,1.9
2025-06-12 23:59:00,78.7
2025-06-12 10:16:00,63.6
2025-06-12 00:25:00,28.5
2025-06-12 15:31:00,0.9
2025-06-12 08:12:00,65.3
2025-06-12 05:10:00,11.3
2025-06-12 03:12:00,26.1
2025-06-12 06:58:00,45.7
2025-06-12 06:03:00,68.6
2025-06-12 01:31:00,21.1
2025-06-12 20:50:00,42.2
2025-06-12 15:17:00,65.0
2025-06-12 13:18:00,49.85036359371334
2025-06-12 08:52:00,23.5
2025-06-12 12:34:00,40.8
2025-06-12 12:04:00,22.3
2025-06-12 03:57:00,74.2
2025-06-12 09:10:00,36.8
2025-06-12 10:28:00,56.5
2025-06-12 06:23:00,49.85036359371334
2025-06-12 13:35:00,63.7
2025-06-12 19:15:00,54.5
2025-06-12 08:36:00,39.5
2025-06-12 15:34:00,67.1
2025-06-12 04:03:00,77.7
2025-06-12 20:50:00,8.4
2025-06-12 07:40:00,19.1
2025-06-12 21:30:00,63.0
2025-06-12 03:36:00,40.9
2025-06-12 02:25:00,86.4
2025-06-12 07:34:00,1.3
2025-06-12 04:16:00,65.0
2025-06-12 01:02:00,21.6
2025-06-12 19:37:00,7.1
2025-06-12 11:08:00,39.3
2025-06-12 21:35:00,26.3
2025-06-12 23:21:00,29.0
2025-06-12 17:41:00,83.0
2025-06-12 01:25:00,49.85036359371334
2025-06-12 20:33:00,24.9
2025-06-12 04:43:00,5.5
2025-06-12 08:54:00,61.4
2025-06-12 19:45:00,99.1
2025-06-12 18:43:00,38.8
2025-06-12 13:22:00,14.1
2025-06-12 15:37:00,51.3
2025-06-12 04:07:00,19.6
2025-06-12 05:48:00,41.1
2025-06-12 01:36:00,25.2
2025-06-12 12:05:00,40.7
2025-06-12 02:21:00,16.3
2025-06-12 22:26:00,93.0
2025-06-12 17:30:00,100.0
2025-06-12 18:29:00,40.1
2025-06-12 02:15:00,68.8
2025-06-12 09:52:00,2.6
2025-06-12 23:16:00,8.2
2025-06-12 07:54:00,11.4
2025-06-12 13:24:00,37.4
2025-06-12 09:24:00,21.4
2025-06-12 08:42:00,51.3
2025-06-12 20:24:00,50.02337935876432
2025-06-12 02:25:00,93.4
2025-06-12 17:25:00,50.02337935876432
2025-06-12 15:36:00,71.3
2025-06-12 12:39:00,60.8
2025-06-12 11:25:00,54.0
2025-06-12 16:46:00,98.7
2025-06-12 02:25:00,18.7
2025-06-12 07:07:00,61.5
2025-06-12 02:09:00,12.5
2025-06-12 13:30:00,39.3
2025-06-12 03:07:00,16.8
2025-06-12 18:42:00,71.3
2025-06-12 19:57:00,50.02337935876432
2025-06-12 08:31:00,50.02337935876432
2025-06-12 12:35:00,7.9
2025-06-12 23:53:00,33.1
2025-06-12 08:34:00,50.02337935876432
2025-06-12 11:47:00,84.6
2025-06-12 12:52:00,33.0
2025-06-12 23:35:00,99.0
2025-06-12 18:49:00,4.6
2025-06-12 06:45:00,50.02337935876432
2025-06-12 08:04:00,58.6
2025-06-12 08:21:00,14.1
2025-06-12 07:26:00,6.1
2025-06-12 04:57:00,50.02337935876432
2025-06-12 18:10:00,52.3
2025-06-12 20:44:00,87.2
2025-06-12 10:39:00,27.2
2025-06-12 02:44:00,58.7
2025-06-12 01:33:00,17.8
2025-06-12 14:27:00,13.7
2025-06-12 16:27:00,94.5
2025-06-12 14:34:00,50.02337935876432
2025-06-12 01:48:00,50.02337935876432
2025-06-12 13:02:00,75.4
2025-06-12 23:08:00,50.02337935876432
2025-06-12 22:24:00,50.02337935876432
2025-06-12 15:53:00,50.02337935876432
2025-06-12 07:00:00,55.2
2025-06-12 09:49:00,14.3
2025-06-12 16:50:00,39.7
2025-06-12 14:35:00,73.9
2025-06-12 05:33:00,25.7
2025-06-12 13:42:00,82.3
2025-06-12 18:41:00,93.9
2025-06-12 05:20:00,62.3
2025-06-12 19:09:00,3.6
2025-06-12 18:05:00,9.5
2025-06-12 23:10:00,34.4
2025-06-12 10:53:00,50.02337935876432
2025-06-12 00:51:00,68.6
2025-06-12 22:25:00,29.0
2025-06-12 09:32:00,36.3
2025-06-12 20:59:00,50.02337935876432
2025-06-12 06:19:00,91.1
2025-06-12 01:17:00,50.02337935876432
2025-06-12 23:48:00,31.5
2025-06-12 12:21:00,47.1
2025-06-12 00:13:00,81.7
2025-06-12 04:40:00,82.1
2025-06-12 18:49:00,69.6
2025-06-12 03:13:00,54.2
2025-06-12 03:55:00,69.2
2025-06-12 09:23:00,92.6
2025-06-12 22:29:00,97.4
2025-06-12 07:48:00,40.8
2025-06-12 17:43:00,94.5
2025-06-12 18:06:00,76.4
2025-06-12 03:29:00,33.2
2025-06-12 02:15:00,17.7
2025-06-12 08:53:00,50.02337935876432
2025-06-12 14:02:00,78.5
2025-06-12 09:29:00,38.2
2025-06-12 06:43:00,50.02337935876432
2025-06-12 14:38:00,50.02337935876432
2025-06-12 09:08:00,61.1
2025-06-12 00:32:00,43.0
2025-06-12 02:57:00,46.8
2025-06-12 09:24:00,13.5
2025-06-12 21:10:00,10.3
2025-06-12 01:49:00,15.9
2025-06-12 07:04:00,46.8
2025-06-12 17:25:00,50.0
2025-06-12 01:28:00,77.0
2025-06-12 20:08:00,50.02337935876432
2025-06-12 08:26:00,81.0
2025-06-12 11:00:00,39.5
2025-06-12 15:27:00,80.7
2025-06-12 10:58:00,25.2
2025-06-12 06:25:00,12.3
2025-06-12 21:00:00,88.8
2025-06-12 09:55:00,44.5
2025-06-12 23:07:00,18.0
2025-06-12 23:51:00,1.5
2025-06-12 07:07:00,50.02337935876432
2025-06-12 05:58:00,13.4
2025-06-12 01:03:00,10.9
2025-06-12 02:54:00,50.02337935876432
2025-06-12 18:16:00,50.02337935876432
2025-06-12 09:11:00,73.3
2025-06-12 11:56:00,16.5
2025-06-12 04:26:00,56.1
2025-06-12 04:22:00,29.3
2025-06-12 00:36:00,50.02337935876432
2025-06-12 02:24:00,84.5
2025-06-12 21:56:00,34.6
2025-06-12 20:36:00,7.5
2025-06-12 14:40:00,96.7
2025-06-12 20:06:00,92.6
2025-06-12 21:30:00,50.02337935876432
2025-06-12 17:16:00,92.7
2025-06-12 10:18:00,91.1
2025-06-12 14:55:00,58.4
2025-06-12 20:06:00,76.0
2025-06-12 23:58:00,19.5
2025-06-12 15:19:00,77.6
2025-06-12 03:05:00,37.2
2025-06-12 10:01:00,72.2
2025-06-12 05:20:00,63.9
2025-06-12 11:13:00,21.4
2025-06-12 03:52:00,22.2
2025-06-12 08:32:00,54.0
2025-06-12 18:38:00,6.6
2025-06-12 21:51:00,97.9
2025-06-12 16:55:00,50.02337935876432
2025-06-12 04:30:00,50.02337935876432
2025-06-12 00:48:00,12.3
2025-06-12 06:53:00,23.7
2025-06-12 16:19:00,94.5
2025-06-12 03:05:00,26.4
2025-06-12 11:48:00,64.1
2025-06-12 19:53:00,86.8
2025-06-12 17:17:00,70.0
2025-06-12 21:46:00,84.5
2025-06-12 12:48:00,50.6
2025-06-12 06:20:00,4.7
2025-06-12 11:38:00,73.3
2025-06-12 14:07:00,28.7
2025-06-12 22:03:00,82.6
2025-06-12 14:06:00,49.6
2025-06-12 10:44:00,63.3
2025-06-12 14:59:00,80.3
2025-06-12 18:32:00,79.2
2025-06-12 08:01:00,8.6
2025-06-12 10:32:00,6.8
2025-06-12 01:54:00,50.02337935876432
2025-06-12 14:43:00,73.3
2025-06-12 06:14:00,89.4
2025-06-12 06:09:00,48.6
2025-06-12 16:44:00,26.7
2025-06-12 13:03:00,28.1
2025-06-12 06:07:00,18.4
2025-06-12 05:12:00,12.8
2025-06-12 02:07:00,93.8
2025-06-12 15:44:00,97.1
2025-06-12 19:36:00,76.8
2025-06-12 19:23:00,10.7
2025-06-12 16:54:00,16.8
2025-06-12 10:20:00,50.02337935876432
2025-06-12 18:22:00,50.02337935876432
2025-06-12 23:52:00,65.9
2025-06-12 06:50:00,62.7
2025-06-12 17:06:00,36.1
2025-06-12 11:38:00,69.7
2025-06-12 02:35:00,1.8
2025-06-12 11:40:00,93.5
2025-06-12 22:11:00,55.4
2025-06-12 04:15:00,56.5
2025-06-12 20:38:00,22.2
2025-06-12 11:24:00,66.3
2025-06-12 17:43:00,4.5
2025-06-12 17:26:00,13.1
2025-06-12 04:19:00,70.9
2025-06-12 02:41:00,42.7
2025-06-12 16:19:00,10.0
2025-06-12 20:56:00,92.9
2025-06-12 15:58:00,4.1
2025-06-12 21:30:00,56.9
2025-06-12 02:37:00,70.8
2025-06-12 12:03:00,47.2
2025-06-12 12:43:00,85.6
2025-06-12 04:28:00,21.1
2025-06-12 18:58:00,50.02337935876432
2025-06-12 01:03:00,84.3
2025-06-12 18:40:00,1.5
2025-06-12 18:17:00,6.0
2025-06-12 18:16:00,20.0
2025-06-12 18:31:00,10.9
2025-06-12 21:22:00,51.6
2025-06-12 06:42:00,28.3
2025-06-12 19:40:00,41.5
2025-06-12 05:31:00,50.02337935876432
2025-06-12 16:48:00,50.02337935876432
2025-06-12 03:37:00,77.6
2025-06-12 02:38:00,53.3
2025-06-12 17:51:00,19.1
2025-06-12 04:47:00,49.6
2025-06-12 10:27:00,50.02337935876432
2025-06-12 17:28:00,55.6
2025-06-12 18:56:00,83.9
2025-06-12 19:53:00,50.02337935876432
2025-06-12 03:31:00,50.02337935876432
2025-06-12 22:50:00,50.02337935876432
2025-06-12 12:49:00,35.1
2025-06-12 09:29:00,39.8
2025-06-12 05:18:00,50.02337935876432
2025-06-12 16:40:00,96.5
2025-06-12 20:44:00,78.1
2025-06-12 01:27:00,45.3
2025-06-12 00:32:00,89.8
2025-06-12 19:43:00,37.8
2025-06-12 08:28:00,22.6
2025-06-12 02:21:00,9.3
2025-06-12 03:58:00,22.4
2025-06-12 04:20:00,88.2
2025-06-12 21:44:00,94.8
2025-06-12 19:56:00,50.02337935876432
2025-06-12 19:36:00,2.1
2025-06-12 19:17:00,98.4
2025-06-12 05:22:00,50.02337935876432
2025-06-12 01:55:00,50.02337935876432
2025-06-12 02:12:00,50.02337935876432
2025-06-12 10:20:00,57.1
2025-06-12 02:11:00,50.02337935876432
2025-06-12 12:10:00,50.6
2025-06-12 17:11:00,68.5
2025-06-12 11:47:00,88.0
2025-06-12 05:51:00,6.0
2025-06-12 20:00:00,41.4
2025-06-12 13:36:00,64.9
2025-06-12 14:40:00,90.5
2025-06-12 04:14:00,99.4
2025-06-12 06:24:00,5.1
2025-06-12 08:26:00,3.8
2025-06-12 23:01:00,50.02337935876432
2025-06-12 09:20:00,50.02337935876432
2025-06-12 18:51:00,31.1
2025-06-12 02:57:00,60.3
2025-06-12 19:26:00,50.02337935876432
2025-06-12 14:42:00,8.1
2025-06-12 22:44:00,78.7
2025-06-12 15:41:00,98.4
2025-06-12 05:39:00,72.5
2025-06-12 15:50:00,73.1
2025-06-12 06:15:00,50.02337935876432
2025-06-12 14:03:00,99.3
2025-06-12 20:53:00,18.1
2025-06-12 16:33:00,79.0
2025-06-12 18:32:00,83.5
2025-06-12 02:12:00,95.1
2025-06-12 03:14:00,35.1
2025-06-12 05:25:00,50.02337935876432
2025-06-12 22:44:00,81.4
2025-06-12 08:33:00,50.02337935876432
2025-06-12 21:23:00,75.3
2025-06-12 08:58:00,50.02337935876432
2025-06-12 16:17:00,28.6
2025-06-12 00:54:00,59.3
2025-06-12 20:11:00,21.3
2025-06-12 21:36:00,78.6
2025-06-12 07:05:00,7.0
2025-06-12 11:56:00,72.2
2025-06-12 07:29:00,50.02337935876432
2025-06-12 19:36:00,97.4
2025-06-12 17:32:00,27.2
2025-06-12 10:58:00,31.0
2025-06-12 12:07:00,62.9
2025-06-12 12:47:00,83.4
2025-06-12 15:58:00,22.0
2025-06-12 09:58:00,50.02337935876432
2025-06-12 11:11:00,20.8
2025-06-12 22:46:00,14.5
2025-06-12 03:43:00,45.5
2025-06-12 18:27:00,83.8
2025-06-12 14:36:00,50.02337935876432
2025-06-12 00:41:00,50.02337935876432
2025-06-12 14:09:00,42.0
2025-06-12 10:18:00,94.4
2025-06-12 20:13:00,76.9
2025-06-12 11:19:00,75.6
2025-06-12 06:51:00,91.9
2025-06-12 21:28:00,93.8
2025-06-12 07:46:00,52.4
2025-06-12 22:46:00,45.8
2025-06-12 10:41:00,8.3
2025-06-12 12:15:00,43.7
2025-06-12 06:35:00,7.7
2025-06-12 23:17:00,79.5
2025-06-12 15:15:00,11.7
2025-06-12 09:45:00,4.3
2025-06-12 00:43:00,90.9
2025-06-12 02:32:00,37.5
2025-06-12 08:17:00,41.1
2025-06-12 10:09:00,93.7
2025-06-12 09:10:00,68.1
2025-06-12 22:51:00,53.8
2025-06-12 10:59:00,74.8
2025-06-12 12:01:00,52.0
2025-06-12 07:03:00,60.3
2025-06-12 20:55:00,22.2
2025-06-12 17:22:00,10.2
2025-06-12 17:46:00,9.9
2025-06-12 12:17:00,79.8
2025-06-12 14:59:00,44.4
2025-06-12 15:44:00,73.1
2025-06-12 18:23:00,47.4
2025-06-12 04:23:00,70.7
2025-06-12 02:48:00,4.3
2025-06-12 09:29:00,26.0
2025-06-12 19:13:00,5.2
2025-06-12 23:27:00,50.19809456598448
2025-06-12 13:08:00,98.9
2025-06-12 12:02:00,50.19809456598448
2025-06-12 19:11:00,23.6
2025-06-12 07:18:00,25.6
2025-06-12 16:23:00,39.4
2025-06-12 12:49:00,50.19809456598448
2025-06-12 11:31:00,29.9
2025-06-12 07:48:00,78.3
2025-06-12 05:45:00,72.0
2025-06-12 13:45:00,95.0
2025-06-12 00:45:00,2.9
2025-06-12 12:40:00,64.6
2025-06-12 05:33:00,33.5
2025-06-12 05:23:00,19.4
2025-06-12 14:24:00,51.1
2025-06-12 05:35:00,45.6
2025-06-12 06:08:00,42.0
2025-06-12 16:40:00,98.6
2025-06-12 16:15:00,15.5
2025-06-12 07:48:00,50.19809456598448
2025-06-12 14:50:00,76.2
2025-06-12 01:59:00,99.0
2025-06-12 02:58:00,99.9
2025-06-12 18:00:00,81.0
2025-06-12 19:54:00,24.9
2025-06-12 13:55:00,98.7
2025-06-12 15:19:00,50.19809456598448
2025-06-12 03:54:00,25.7
2025-06-12 11:22:00,67.6
2025-06-12 16:39:00,74.3
2025-06-12 03:49:00,46.3
2025-06-12 01:06:00,4.7
2025-06-12 06:29:00,16.9
2025-06-12 19:51:00,38.4
2025-06-12 22:16:00,24.0
2025-06-12 04:19:00,73.8
2025-06-12 17:58:00,34.6
2025-06-12 18:45:00,82.0
2025-06-12 03:33:00,8.3
2025-06-12 11:26:00,34.9
2025-06-12 18:18:00,66.4
2025-06-12 11:43:00,50.19809456598448
2025-06-12 22:17:00,58.7
2025-06-12 18:45:00,50.19809456598448
2025-06-12 03:50:00,50.19809456598448
2025-06-12 13:04:00,68.9
2025-06-12 18:45:00,93.0
2025-06-12 16:12:00,62.4
2025-06-12 02:41:00,37.2
2025-06-12 23:45:00,50.19809456598448
2025-06-12 19:14:00,8.5
2025-06-12 12:10:00,59.6
2025-06-12 01:12:00,69.0
2025-06-12 16:53:00,78.4
2025-06-12 11:45:00,19.0
2025-06-12 22:10:00,50.19809456598448
2025-06-12 21:24:00,71.2
2025-06-12 23:57:00,17.7
2025-06-12 02:14:00,69.8
2025-06-12 13:37:00,92.3
2025-06-12 18:05:00,62.9
2025-06-12 22:31:00,52.6
2025-06-12 00:42:00,50.19809456598448
2025-06-12 14:47:00,96.2
2025-06-12 14:50:00,19.6
2025-06-12 19:02:00,55.3
2025-06-12 09:29:00,23.7
2025-06-12 01:03:00,15.7
2025-06-12 09:52:00,57.2
2025-06-12 14:46:00,53.3
2025-06-12 05:08:00,84.0
2025-06-12 05:09:00,7.2
2025-06-12 10:52:00,55.3
2025-06-12 05:28:00,7.2
2025-06-12 22:33:00,17.1
2025-06-12 18:40:00,27.4
2025-06-12 04:24:00,7.1
2025-06-12 08:57:00,12.4
2025-06-12 01:12:00,29.0
2025-06-12 16:46:00,49.4
2025-06-12 07:25:00,71.6
2025-06-12 22:33:00,51.7
2025-06-12 06:11:00,12.4
2025-06-12 20:01:00,50.19809456598448
2025-06-12 07:19:00,66.4
2025-06-12 17:44:00,50.19809456598448
2025-06-12 22:11:00,25.6
2025-06-12 18:36:00,32.3
2025-06-12 14:56:00,51.0
2025-06-12 14:03:00,81.1
2025-06-12 12:47:00,46.2
2025-06-12 06:51:00,62.9
2025-06-12 06:17:00,28.6
2025-06-12 23:59:00,50.19809456598448
2025-06-12 16:12:00,90.5
2025-06-12 17:45:00,36.5
2025-06-12 16:22:00,8.6
2025-06-12 13:19:00,22.5
2025-06-12 18:42:00,74.5
2025-06-12 13:05:00,54.8
2025-06-12 02:41:00,50.19809456598448
2025-06-12 22:15:00,96.1
2025-06-12 22:48:00,9.4
2025-06-12 17:14:00,50.19809456598448
2025-06-12 17:24:00,70.2
2025-06-12 12:05:00,83.6
2025-06-12 20:26:00,16.7
2025-06-12 00:14:00,18.0
2025-06-12 23:33:00,50.19809456598448
2025-06-12 01:33:00,8.7
2025-06-12 13:00:00,81.1
2025-06-12 13:34:00,27.6
2025-06-12 13:46:00,50.19809456598448
2025-06-12 07:48:00,52.6
2025-06-12 06:14:00,76.8
2025-06-12 17:12:00,50.19809456598448
2025-06-12 23:19:00,5.2
2025-06-12 15:48:00,80.3
2025-06-12 12:04:00,60.9
2025-06-12 18:02:00,20.4
2025-06-12 03:25:00,65.5
2025-06-12 00:26:00,50.19809456598448
2025-06-12 13:52:00,33.0
2025-06-12 21:55:00,47.3
2025-06-12 14:08:00,74.9
2025-06-12 20:03:00,50.19809456598448
2025-06-12 19:11:00,49.0
2025-06-12 08:36:00,47.5
2025-06-12 23:02:00,99.2
2025-06-12 12:49:00,96.4
2025-06-12 07:39:00,53.4
2025-06-12 19:54:00,59.0
2025-06-12 01:55:00,85.0
2025-06-12 06:08:00,80.2
2025-06-12 14:34:00,60.2
2025-06-12 09:17:00,94.9
2025-06-12 11:38:00,5.4
2025-06-12 13:48:00,50.19809456598448
2025-06-12 08:07:00,40.4
2025-06-12 13:28:00,38.9
2025-06-12 19:16:00,33.5
2025-06-12 17:32:00,8.5
2025-06-12 13:04:00,50.19809456598448
2025-06-12 06:38:00,65.2
2025-06-12 14:24:00,17.5
2025-06-12 17:52:00,96.0
2025-06-12 06:23:00,48.9
2025-06-12 00:03:00,98.5
2025-06-12 08:12:00,32.2
2025-06-12 17:07:00,50.19809456598448
2025-06-12 21:32:00,31.1
2025-06-12 15:10:00,43.9
2025-06-12 01:57:00,50.19809456598448
2025-06-12 04:35:00,18.3
2025-06-12 21:47:00,45.2
2025-06-12 22:08:00,27.5
2025-06-12 16:58:00,50.19809456598448
2025-06-12 19:29:00,91.1
2025-06-12 09:46:00,12.2
2025-06-12 02:01:00,77.7
2025-06-12 07:07:00,85.6
2025-06-12 00:27:00,49.7
2025-06-12 14:00:00,7.4
2025-06-12 15:45:00,43.2
2025-06-12 10:54:00,58.8
2025-06-12 06:58:00,13.4
2025-06-12 23:39:00,72.7
2025-06-12 11:49:00,58.4
2025-06-12 16:03:00,69.8
2025-06-12 23:22:00,35.1
2025-06-12 21:16:00,77.8
2025-06-12 09:41:00,29.0
2025-06-12 01:51:00,50.19809456598448
2025-06-12 01:23:00,8.9
2025-06-12 20:53:00,98.6
2025-06-12 06:29:00,93.3
2025-06-12 20:29:00,32.7
2025-06-12 05:16:00,43.8
2025-06-12 09:32:00,44.3
2025-06-12 04:16:00,50.19809456598448
2025-06-12 16:43:00,60.6
2025-06-12 21:55:00,28.8
2025-06-12 18:08:00,28.1
2025-06-12 12:47:00,62.6
2025-06-12 00:41:00,36.7
2025-06-12 22:36:00,50.19809456598448
2025-06-12 11:05:00,82.4
2025-06-12 18:56:00,61.0
2025-06-12 00:31:00,89.9
2025-06-12 09:56:00,22.8
2025-06-12 21:24:00,47.4
2025-06-12 10:12:00,50.19809456598448
2025-06-12 06:32:00,9.7
2025-06-12 01:23:00,34.6
2025-06-12 21:13:00,50.19809456598448
2025-06-12 07:59:00,78.0
2025-06-12 06:45:00,74.8
2025-06-12 00:49:00,35.2
2025-06-12 11:06:00,79.8
2025-06-12 12:44:00,67.7
2025-06-12 01:21:00,71.3
2025-06-12 05:58:00,97.1
2025-06-12 11:19:00,64.8
2025-06-12 16:10:00,93.6
2025-06-12 01:32:00,97.3
2025-06-12 21:22:00,2.2
2025-06-12 08:50:00,50.19809456598448
2025-06-12 14:06:00,58.5
2025-06-12 19:41:00,33.7
2025-06-12 19:16:00,92.2
2025-06-12 15:08:00,50.19809456598448
2025-06-12 10:27:00,24.8
2025-06-12 06:56:00,47.0
2025-06-12 17:12:00,7.4
2025-06-12 05:49:00,89.2
2025-06-12 18:15:00,91.0
2025-06-12 03:48:00,69.3
2025-06-12 20:48:00,30.3
2025-06-12 18:15:00,24.5
2025-06-12 14:56:00,99.3
2025-06-12 05:51:00,29.1
2025-06-12 03:37:00,50.19809456598448
2025-06-12 03:22:00,25.9
2025-06-12 16:10:00,33.5
2025-06-12 06:54:00,97.6
2025-06-12 14:04:00,6.9
2025-06-12 19:05:00,37.9
2025-06-12 12:57:00,67.6
2025-06-12 21:59:00,46.1
2025-06-12 23:14:00,32.5
2025-06-12 11:35:00,20.7
2025-06-12 16:31:00,97.0
2025-06-12 21:17:00,53.4
2025-06-12 16:01:00,47.0
2025-06-12 07:48:00,12.4
2025-06-12 02:02:00,93.1
2025-06-12 00:12:00,36.9
2025-06-12 18:26:00,46.6
2025-06-12 21:54:00,51.4
2025-06-12 18:49:00,37.9
2025-06-12 06:39:00,61.4
2025-06-12 19:08:00,63.0
2025-06-12 18:33:00,99.2
2025-06-12 19:55:00,50.19809456598448
2025-06-12 13:36:00,50.19809456598448
2025-06-12 07:36:00,97.8
2025-06-12 20:21:00,51.9
2025-06-12 16:51:00,39.7
2025-06-12 10:25:00,50.19809456598448
2025-06-12 20:43:00,61.1
2025-06-12 22:47:00,50.19809456598448
2025-06-12 11:48:00,56.4
2025-06-12 02:48:00,82.2
2025-06-12 09:27:00,36.0
2025-06-12 01:37:00,62.0
2025-06-12 04:35:00,50.19809456598448
2025-06-12 20:47:00,39.2
2025-06-12 13:56:00,50.19809456598448
2025-06-12 02:16:00,0.6
2025-06-12 07:17:00,5.0
2025-06-12 04:44:00,45.1
2025-06-12 19:23:00,6.3
2025-06-12 09:54:00,79.1
2025-06-12 13:08:00,80.4
2025-06-12 09:26:00,18.7
2025-06-12 02:50:00,36.6
2025-06-12 05:31:00,76.5
2025-06-12 14:58:00,66.6
2025-06-12 04:15:00,50.19809456598448
2025-06-12 05:56:00,57.5
2025-06-12 03:01:00,8.2
2025-06-12 18:34:00,10.2
2025-06-12 09:37:00,3.7
2025-06-12 02:14:00,6.5
2025-06-12 10:41:00,50.19809456598448
2025-06-12 14:14:00,50.19809456598448
2025-06-12 07:03:00,53.5
2025-06-12 09:36:00,33.7
2025-06-12 03:57:00,81.8
2025-06-12 02:12:00,18.9
2025-06-12 12:17:00,50.19809456598448
2025-06-12 18:22:00,45.6
2025-06-12 02:49:00,16.1
2025-06-12 20:47:00,50.19809456598448
2025-06-12 05:04:00,24.1
2025-06-12 08:56:00,78.4
2025-06-12 14:59:00,19.2
2025-06-12 00:39:00,50.19809456598448
2025-06-12 08:27:00,12.6
2025-06-12 04:48:00,50.19809456598448
2025-06-12 03:08:00,19.3
2025-06-12 14:43:00,39.3
2025-06-12 03:04:00,71.1
2025-06-12 18:20:00,73.9
2025-06-12 10:34:00,32.4
2025-06-12 16:38:00,3.9
2025-06-12 16:23:00,95.9
2025-06-12 12:40:00,25.3
2025-06-12 07:40:00,36.1
2025-06-12 13:17:00,50.19809456598448
2025-06-12 12:23:00,47.6
2025-06-12 21:04:00,50.19809456598448
2025-06-12 17:03:00,33.5
2025-06-12 19:33:00,47.3
2025-06-12 10:10:00,59.9
2025-06-12 21:11:00,57.7
2025-06-12 01:54:00,10.5
2025-06-12 16:11:00,84.9
2025-06-12 14:41:00,45.9
2025-06-12 20:48:00,80.5
2025-06-12 10:24:00,83.0
2025-06-12 22:13:00,5.4
2025-06-12 08:21:00,52.5
2025-06-12 05:59:00,80.5
2025-06-12 06:31:00,74.1
2025-06-12 16:14:00,56.0
2025-06-12 04:38:00,66.7
2025-06-12 16:18:00,80.9
2025-06-12 07:58:00,88.7
2025-06-12 01:47:00,49.54486036141751
2025-06-12 14:20:00,89.8
2025-06-12 18:34:00,53.7
2025-06-12 08:35:00,55.5
2025-06-12 12:23:00,96.3
2025-06-12 01:46:00,30.3
2025-06-12 20:29:00,51.2
2025-06-12 12:18:00,26.8
2025-06-12 12:38:00,66.1
2025-06-12 07:21:00,31.5
2025-06-12 16:31:00,90.4
2025-06-12 02:19:00,90.2
2025-06-12 05:49:00,91.5
2025-06-12 23:21:00,4.2
2025-06-12 10:13:00,23.1
2025-06-12 15:19:00,74.2
2025-06-12 23:25:00,32.3
2025-06-12 02:01:00,86.9
2025-06-12 13:40:00,59.8
2025-06-12 05:55:00,98.7
2025-06-12 10:00:00,93.1
2025-06-12 14:42:00,96.0
2025-06-12 11:45:00,17.1
2025-06-12 06:30:00,50.8
2025-06-12 03:27:00,49.54486036141751
2025-06-12 16:29:00,85.8
2025-06-12 20:48:00,33.2
2025-06-12 11:23:00,89.1
2025-06-12 23:37:00,49.54486036141751
2025-06-12 02:09:00,51.3
2025-06-12 00:45:00,47.6
2025-06-12 15:32:00,61.0
2025-06-12 03:28:00,65.9
2025-06-12 00:59:00,11.0
2025-06-12 09:08:00,87.3
2025-06-12 05:51:00,90.6
2025-06-12 00:49:00,83.2
2025-06-12 14:40:00,77.1
2025-06-12 20:38:00,49.54486036141751
2025-06-12 02:16:00,20.3
2025-06-12 04:30:00,8.9
2025-06-12 07:47:00,81.0
2025-06-12 14:47:00,71.5
2025-06-12 06:49:00,23.2
2025-06-12 02:41:00,72.8
2025-06-12 01:41:00,89.2
2025-06-12 08:05:00,65.7
2025-06-12 23:52:00,61.3
2025-06-12 14:07:00,43.7
2025-06-12 18:05:00,0.2
2025-06-12 08:52:00,49.54486036141751
2025-06-12 16:52:00,23.0
2025-06-12 13:46:00,35.4
2025-06-12 19:35:00,9.1
2025-06-12 05:22:00,57.4
2025-06-12 05:34:00,19.9
2025-06-12 21:05:00,23.1
2025-06-12 05:18:00,24.9
2025-06-12 21:08:00,62.7
2025-06-12 21:22:00,84.2
2025-06-12 12:15:00,66.4
2025-06-12 18:26:00,60.0
2025-06-12 06:27:00,49.54486036141751
2025-06-12 11:01:00,78.5
2025-06-12 09:43:00,24.8
2025-06-12 18:20:00,78.5
2025-06-12 15:41:00,25.2
2025-06-12 20:25:00,71.1
2025-06-12 23:01:00,27.1
2025-06-12 17:13:00,29.4
2025-06-12 10:08:00,49.54486036141751
2025-06-12 11:07:00,49.54486036141751
2025-06-12 09:40:00,47.6
2025-06-12 09:21:00,49.54486036141751
2025-06-12 05:22:00,69.0
2025-06-12 13:20:00,98.1
2025-06-12 15:37:00,41.4
2025-06-12 17:46:00,3.6
2025-06-12 20:25:00,61.2
2025-06-12 23:41:00,51.8
2025-06-12 18:28:00,84.4
2025-06-12 12:36:00,68.2
2025-06-12 23:07:00,19.8
2025-06-12 10:05:00,40.0
2025-06-12 09:20:00,60.7
2025-06-12 18:00:00,49.1
2025-06-12 04:33:00,96.3
2025-06-12 15:58:00,30.1
2025-06-12 15:12:00,17.6
2025-06-12 23:13:00,21.1
2025-06-12 07:27:00,95.4
2025-06-12 22:27:00,64.1
2025-06-12 07:48:00,91.8
2025-06-12 15:44:00,45.2
2025-06-12 10:44:00,47.2
2025-06-12 09:31:00,49.54486036141751
2025-06-12 12:07:00,4.2
2025-06-12 21:40:00,10.0
2025-06-12 17:18:00,48.0
2025-06-12 23:40:00,59.9
2025-06-12 18:58:00,49.54486036141751
2025-06-12 16:28:00,46.4
2025-06-12 02:03:00,52.6
2025-06-12 02:01:00,17.4
2025-06-12 15:47:00,56.0
2025-06-12 13:33:00,14.0
2025-06-12 09:14:00,58.8
2025-06-12 05:37:00,2.0
2025-06-12 09:50:00,49.54486036141751
2025-06-12 13:07:00,75.2
2025-06-12 03:11:00,49.54486036141751
2025-06-12 08:05:00,85.3
2025-06-12 13:32:00,84.0
2025-06-12 07:11:00,20.5
2025-06-12 16:12:00,29.1
2025-06-12 08:51:00,43.2
2025-06-12 21:04:00,69.9
2025-06-12 21:47:00,42.7
2025-06-12 13:28:00,21.8
2025-06-12 13:59:00,49.6
2025-06-12 01:23:00,64.7
2025-06-12 17:27:00,28.7
2025-06-12 00:24:00,22.3
2025-06-12 01:50:00,39.7
2025-06-12 12:51:00,85.5
2025-06-12 06:44:00,64.0
2025-06-12 00:39:00,49.54486036141751
2025-06-12 20:02:00,49.54486036141751
2025-06-12 11:50:00,49.54486036141751
2025-06-12 05:11:00,17.9
2025-06-12 04:01:00,36.3
2025-06-12 12:50:00,71.1
2025-06-12 02:00:00,3.6
2025-06-12 21:27:00,60.0
2025-06-12 12:45:00,49.54486036141751
2025-06-12 18:41:00,88.0
2025-06-12 17:50:00,39.0
2025-06-12 20:54:00,88.4
2025-06-12 00:32:00,63.7
2025-06-12 06:02:00,80.4
2025-06-12 06:10:00,99.4
2025-06-12 10:30:00,58.0
2025-06-12 00:24:00,56.8
2025-06-12 02:50:00,0.4
2025-06-12 09:01:00,52.7
2025-06-12 12:07:00,8.0
2025-06-12 15:14:00,86.6
2025-06-12 06:13:00,42.1
2025-06-12 15:04:00,7.9
2025-06-12 21:26:00,31.9
2025-06-12 16:03:00,34.7
2025-06-12 11:27:00,13.8
2025-06-12 07:34:00,65.4
2025-06-12 04:16:00,83.9
2025-06-12 18:09:00,12.7
2025-06-12 01:42:00,50.5
2025-06-12 16:53:00,17.2
2025-06-12 17:42:00,92.4
2025-06-12 03:31:00,23.1
2025-06-12 11:11:00,19.4
2025-06-12 14:41:00,96.4
2025-06-12 21:32:00,21.1
2025-06-12 13:08:00,49.54486036141751
2025-06-12 19:05:00,49.54486036141751
2025-06-12 06:47:00,88.5
2025-06-12 07:58:00,38.2
2025-06-12 06:00:00,15.2
2025-06-12 19:53:00,31.2
2025-06-12 00:48:00,80.5
2025-06-12 03:24:00,37.2
2025-06-12 09:37:00,29.7
2025-06-12 22:33:00,29.5
2025-06-12 09:00:00,1.0
2025-06-12 15:43:00,25.2
2025-06-12 07:51:00,49.54486036141751
2025-06-12 00:09:00,13.1
2025-06-12 18:45:00,90.9
2025-06-12 12:14:00,48.8
2025-06-12 21:14:00,49.54486036141751
2025-06-12 21:43:00,59.3
2025-06-12 16:48:00,99.5
2025-06-12 17:35:00,49.54486036141751
2025-06-12 20:55:00,49.54486036141751
2025-06-12 14:46:00,88.8
2025-06-12 07:58:00,85.2
2025-06-12 21:28:00,18.7
2025-06-12 19:18:00,47.2
2025-06-12 23:21:00,99.1
2025-06-12 02:36:00,35.7
2025-06-12 07:59:00,5.8
2025-06-12 02:49:00,75.1
2025-06-12 07:54:00,72.0
2025-06-12 04:14:00,57.8
2025-06-12 23:24:00,36.5
2025-06-12 00:55:00,98.9
2025-06-12 19:14:00,60.9
2025-06-12 07:14:00,8.4
2025-06-12 02:58:00,4.1
2025-06-12 13:05:00,46.4
2025-06-12 07:00:00,28.3
2025-06-12 21:29:00,94.9
2025-06-12 07:40:00,48.5
2025-06-12 21:27:00,49.54486036141751
2025-06-12 07:47:00,79.2
2025-06-12 01:54:00,6.5
2025-06-12 06:04:00,29.0
2025-06-12 10:26:00,90.3
2025-06-12 08:35:00,93.4
2025-06-12 17:50:00,31.4
2025-06-12 07:03:00,68.9
2025-06-12 01:24:00,84.0
2025-06-12 23:59:00,13.9
2025-06-12 00:56:00,58.2
2025-06-12 00:14:00,80.0
2025-06-12 16:06:00,41.3
2025-06-12 08:04:00,13.2
2025-06-12 19:50:00,22.9
2025-06-12 08:33:00,0.3
2025-06-12 17:38:00,85.4
2025-06-12 12:45:00,91.8
2025-06-12 09:37:00,54.9
2025-06-12 22:14:00,32.0
2025-06-12 21:17:00,93.0
2025-06-12 12:00:00,60.7
2025-06-12 13:10:00,53.1
2025-06-12 16:49:00,39.3
2025-06-12 21:35:00,10.2
2025-06-12 04:35:00,14.0
2025-06-12 20:17:00,56.7
2025-06-12 22:06:00,69.8
2025-06-12 02:40:00,97.1
2025-06-12 07:06:00,6.1
2025-06-12 17:09:00,20.3
2025-06-12 14:22:00,80.2
2025-06-12 10:51:00,80.7
2025-06-12 06:07:00,53.7
2025-06-12 09:22:00,49.54486036141751
2025-06-12 05:13:00,49.54486036141751
2025-06-12 17:00:00,62.5
2025-06-12 08:25:00,59.3
2025-06-12 22:16:00,80.0
2025-06-12 00:58:00,28.4
2025-06-12 23:19:00,49.54486036141751
2025-06-12 04:08:00,49.54486036141751
2025-06-12 07:22:00,33.2
2025-06-12 00:44:00,49.54486036141751
2025-06-12 14:54:00,94.6
2025-06-12 10:22:00,69.6
2025-06-12 16:38:00,12.2
2025-06-12 08:21:00,36.3
2025-06-12 05:40:00,49.54486036141751
2025-06-12 05:00:00,72.4
2025-06-12 00:15:00,19.2
2025-06-12 21:58:00,98.5
2025-06-12 02:07:00,89.2
2025-06-12 09:51:00,49.54486036141751
2025-06-12 12:41:00,63.3
2025-06-12 09:46:00,16.2
2025-06-12 23:07:00,74.3
2025-06-12 13:07:00,53.0
2025-06-12 10:57:00,20.5
2025-06-12 00:31:00,49.54486036141751
2025-06-12 17:18:00,3.5
2025-06-12 16:11:00,44.3
2025-06-12 07:17:00,3.1
2025-06-12 00:24:00,21.4
2025-06-12 20:32:00,47.1
2025-06-12 18:53:00,66.1
2025-06-12 19:05:00,17.3
2025-06-12 20:57:00,43.2
2025-06-12 13:25:00,83.7
2025-06-12 07:23:00,50.1
2025-06-12 13:30:00,62.1
2025-06-12 04:20:00,90.2
2025-06-12 06:28:00,52.4
2025-06-12 18:20:00,1.5
2025-06-12 06:24:00,76.9
2025-06-12 17:04:00,49.54486036141751
2025-06-12 18:38:00,71.7
2025-06-12 13:04:00,67.7
2025-06-12 15:00:00,55.1
2025-06-12 18:04:00,85.4
2025-06-12 07:52:00,47.4
2025-06-12 01:08:00,49.54486036141751
2025-06-12 23:12:00,49.54486036141751
2025-06-12 02:46:00,49.54486036141751
2025-06-12 01:53:00,49.54486036141751
2025-06-12 01:38:00,88.4
2025-06-12 08:00:00,32.1
2025-06-12 00:56:00,81.7
2025-06-12 10:38:00,52.9
2025-06-12 07:09:00,74.0
2025-06-12 22:07:00,41.5
2025-06-12 23:14:00,96.4
2025-06-12 05:05:00,18.0
2025-06-12 13:31:00,32.8
2025-06-12 15:54:00,8.1
2025-06-12 08:22:00,58.1
2025-06-12 03:03:00,45.7
2025-06-12 19:29:00,74.3
2025-06-12 00:22:00,17.6
2025-06-12 20:39:00,21.3
2025-06-12 06:13:00,10.5
2025-06-12 12:47:00,55.0
2025-06-12 21:27:00,93.5
2025-06-12 08:27:00,50.136426804852206
2025-06-12 23:09:00,4.7
2025-06-12 11:52:00,1.2
2025-06-12 09:04:00,50.136426804852206
2025-06-12 17:37:00,40.3
2025-06-12 13:52:00,92.2
2025-06-12 17:35:00,76.0
2025-06-12 11:51:00,49.1
2025-06-12 13:21:00,54.0
2025-06-12 23:01:00,46.9
2025-06-12 06:23:00,17.7
2025-06-12 02:29:00,73.7
2025-06-12 05:18:00,85.0
2025-06-12 15:36:00,19.5
2025-06-12 12:49:00,43.4
2025-06-12 00:53:00,50.136426804852206
2025-06-12 01:39:00,74.8
2025-06-12 07:48:00,42.1
2025-06-12 02:26:00,21.4
2025-06-12 04:17:00,50.136426804852206
2025-06-12 01:46:00,62.2
2025-06-12 19:21:00,16.9
2025-06-12 21:41:00,50.136426804852206
2025-06-12 12:13:00,0.0
2025-06-12 16:36:00,64.4
2025-06-12 08:06:00,22.1
2025-06-12 21:47:00,64.7
2025-06-12 23:48:00,87.1
2025-06-12 07:06:00,50.136426804852206
2025-06-12 00:38:00,28.6
2025-06-12 15:25:00,52.2
2025-06-12 21:19:00,16.6
2025-06-12 11:56:00,9.9
2025-06-12 15:28:00,50.8
2025-06-12 04:25:00,70.0
2025-06-12 07:57:00,60.0
2025-06-12 00:19:00,28.1
2025-06-12 18:14:00,95.8
2025-06-12 15:32:00,46.0
2025-06-12 02:33:00,19.9
2025-06-12 18:25:00,74.6
2025-06-12 05:05:00,14.1
2025-06-12 15:49:00,81.4
2025-06-12 16:28:00,11.5
2025-06-12 11:10:00,94.2
2025-06-12 00:02:00,42.8
2025-06-12 02:12:00,90.3
2025-06-12 18:07:00,18.3
2025-06-12 10:58:00,71.3
2025-06-12 21:27:00,3.5
2025-06-12 23:02:00,50.136426804852206
2025-06-12 03:34:00,50.136426804852206
2025-06-12 01:52:00,90.6
2025-06-12 11:50:00,50.136426804852206
2025-06-12 17:31:00,50.136426804852206
2025-06-12 16:22:00,46.9
2025-06-12 20:10:00,13.0
2025-06-12 23:03:00,50.136426804852206
2025-06-12 00:59:00,17.7
2025-06-12 23:38:00,28.5
2025-06-12 06:32:00,92.1
2025-06-12 17:53:00,92.2
2025-06-12 21:27:00,69.9
2025-06-12 06:00:00,60.3
2025-06-12 10:59:00,50.136426804852206
2025-06-12 16:39:00,77.4
2025-06-12 23:22:00,89.5
2025-06-12 11:06:00,50.136426804852206
2025-06-12 02:21:00,22.6
2025-06-12 07:42:00,9.1
2025-06-12 17:38:00,70.5
2025-06-12 19:01:00,50.136426804852206
2025-06-12 07:50:00,90.6
2025-06-12 19:25:00,74.7
2025-06-12 22:07:00,50.136426804852206
2025-06-12 03:33:00,90.1
2025-06-12 11:37:00,82.9
2025-06-12 11:39:00,17.1
2025-06-12 21:17:00,91.4
2025-06-12 00:36:00,42.2
2025-06-12 08:53:00,64.4
2025-06-12 22:32:00,50.136426804852206
2025-06-12 22:50:00,72.7
2025-06-12 10:21:00,48.3
2025-06-12 04:43:00,39.6
2025-06-12 15:31:00,20.0
2025-06-12 17:46:00,6.0
2025-06-12 09:53:00,50.136426804852206
2025-06-12 16:20:00,57.4
2025-06-12 03:24:00,8.6
2025-06-12 22:48:00,50.136426804852206
2025-06-12 01:04:00,42.7
2025-06-12 18:55:00,34.4
2025-06-12 12:33:00,50.136426804852206
2025-06-12 18:51:00,40.5
2025-06-12 14:33:00,81.0
2025-06-12 10:45:00,50.136426804852206
2025-06-12 09:08:00,91.3
2025-06-12 22:59:00,90.5
2025-06-12 08:33:00,35.7
2025-06-12 12:57:00,48.8
2025-06-12 16:33:00,66.7
2025-06-12 16:59:00,96.5
2025-06-12 00:35:00,72.5
2025-06-12 19:06:00,59.6
2025-06-12 15:34:00,35.1
2025-06-12 10:02:00,10.2
2025-06-12 00:04:00,27.1
2025-06-12 20:32:00,87.7
2025-06-12 08:28:00,77.1
2025-06-12 15:09:00,92.6
2025-06-12 11:05:00,90.3
2025-06-12 13:31:00,97.3
2025-06-12 03:16:00,78.1
2025-06-12 07:29:00,50.136426804852206
2025-06-12 06:59:00,96.0
2025-06-12 21:33:00,7.7
2025-06-12 06:47:00,15.5
2025-06-12 02:41:00,72.9
2025-06-12 23:41:00,76.5
2025-06-12 03:14:00,11.0
2025-06-12 13:51:00,88.2
2025-06-12 04:38:00,4.5
2025-06-12 15:16:00,70.7
2025-06-12 18:03:00,50.136426804852206
2025-06-12 20:02:00,71.7
2025-06-12 03:13:00,49.9
2025-06-12 05:27:00,4.4
2025-06-12 14:12:00,68.2
2025-06-12 22:48:00,12.0
2025-06-12 00:29:00,50.136426804852206
2025-06-12 11:20:00,50.136426804852206
2025-06-12 22:21:00,24.9
2025-06-12 01:40:00,50.136426804852206
2025-06-12 21:58:00,82.2
2025-06-12 01:01:00,65.2
2025-06-12 19:33:00,42.1
2025-06-12 16:42:00,59.3
2025-06-12 04:02:00,50.136426804852206
2025-06-12 00:05:00,70.5
2025-06-12 04:11:00,4.9
2025-06-12 00:48:00,43.4
2025-06-12 06:47:00,20.0
2025-06-12 21:27:00,94.7
2025-06-12 18:11:00,50.136426804852206
2025-06-12 18:00:00,61.0
2025-06-12 15:39:00,4.6
2025-06-12 01:30:00,62.5
2025-06-12 15:34:00,57.5
2025-06-12 06:25:00,50.136426804852206
2025-06-12 20:04:00,24.4
2025-06-12 06:19:00,84.3
2025-06-12 09:13:00,11.1
2025-06-12 04:32:00,57.8
2025-06-12 07:26:00,43.8
2025-06-12 06:40:00,69.9
2025-06-12 00:36:00,43.1
2025-06-12 23:17:00,63.0
2025-06-12 18:54:00,49.9
2025-06-12 11:58:00,41.8
2025-06-12 10:03:00,76.4
2025-06-12 12:45:00,45.6
2025-06-12 21:38:00,35.2
2025-06-12 00:17:00,54.3
2025-06-12 11:06:00,23.7
2025-06-12 05:08:00,83.6
2025-06-12 14:33:00,55.0
2025-06-12 19:02:00,64.1
2025-06-12 20:17:00,78.4
2025-06-12 04:11:00,23.6
2025-06-12 10:35:00,27.0
2025-06-12 10:09:00,50.136426804852206
2025-06-12 16:17:00,85.2
2025-06-12 04:41:00,50.136426804852206
2025-06-12 17:13:00,4.0
2025-06-12 21:54:00,96.8
2025-06-12 14:03:00,44.5
2025-06-12 21:45:00,21.3
2025-06-12 10:36:00,30.6
2025-06-12 09:51:00,74.1
2025-06-12 22:16:00,80.4
2025-06-12 15:35:00,42.2
2025-06-12 15:09:00,2.6
2025-06-12 03:30:00,88.8
2025-06-12 16:39:00,34.5
2025-06-12 07:00:00,42.2
2025-06-12 08:57:00,85.4
2025-06-12 07:14:00,50.136426804852206
2025-06-12 02:08:00,49.1
2025-06-12 19:34:00,44.0
2025-06-12 17:42:00,50.136426804852206
2025-06-12 08:51:00,42.1
2025-06-12 18:33:00,93.6
2025-06-12 21:39:00,79.9
2025-06-12 17:59:00,75.2
2025-06-12 01:07:00,94.9
2025-06-12 00:09:00,50.136426804852206
2025-06-12 16:49:00,59.0
2025-06-12 17:21:00,7.8
2025-06-12 03:19:00,50.136426804852206
2025-06-12 20:05:00,55.6
2025-06-12 23:14:00,50.136426804852206
2025-06-12 13:08:00,62.5
2025-06-12 04:17:00,2.3
2025-06-12 17:25:00,72.1
2025-06-12 01:48:00,50.136426804852206
2025-06-12 05:16:00,27.5
2025-06-12 03:44:00,50.136426804852206
2025-06-12 05:42:00,50.136426804852206
2025-06-12 21:49:00,36.1
2025-06-12 13:07:00,17.5
2025-06-12 09:21:00,15.4
2025-06-12 07:00:00,4.9
2025-06-12 23:21:00,52.5
2025-06-12 08:57:00,32.0
2025-06-12 05:32:00,59.0
2025-06-12 15:25:00,5.0
2025-06-12 16:22:00,3.5
2025-06-12 17:38:00,98.7
2025-06-12 05:54:00,1.8
2025-06-12 17:55:00,30.8
2025-06-12 01:42:00,49.9
2025-06-12 18:24:00,43.1
2025-06-12 23:43:00,50.136426804852206
2025-06-12 05:12:00,67.3
2025-06-12 12:40:00,25.7
2025-06-12 19:57:00,90.4
2025-06-12 04:16:00,50.136426804852206
2025-06-12 12:11:00,23.4
2025-06-12 01:45:00,50.9
2025-06-12 07:51:00,14.3
2025-06-12 17:15:00,50.136426804852206
2025-06-12 10:03:00,31.6
2025-06-12 05:36:00,88.2
2025-06-12 13:33:00,50.136426804852206
2025-06-12 00:02:00,13.0
2025-06-12 12:06:00,48.0
2025-06-12 10:54:00,50.136426804852206
2025-06-12 17:32:00,26.6
2025-06-12 19:12:00,58.6
2025-06-12 07:53:00,23.0
2025-06-12 15:43:00,12.1
2025-06-12 19:43:00,97.6
2025-06-12 02:51:00,31.2
2025-06-12 20:38:00,39.9
2025-06-12 08:17:00,50.136426804852206
2025-06-12 22:29:00,40.8
2025-06-12 00:19:00,50.136426804852206
2025-06-12 11:30:00,45.2
2025-06-12 12:56:00,50.136426804852206
2025-06-12 23:27:00,87.2
2025-06-12 13:12:00,85.7
2025-06-12 13:34:00,52.8
2025-06-12 16:17:00,87.8
2025-06-12 19:27:00,50.136426804852206
2025-06-12 11:36:00,54.9
2025-06-12 07:46:00,71.7
2025-06-12 14:43:00,8.2
2025-06-12 14:24:00,47.1
2025-06-12 23:12:00,37.3
2025-06-12 08:36:00,43.5
2025-06-12 19:50:00,33.1
2025-06-12 18:10:00,29.7
2025-06-12 12:23:00,90.7
2025-06-12 02:59:00,2.8
2025-06-12 04:40:00,50.136426804852206
2025-06-12 10:03:00,52.3
2025-06-12 06:31:00,12.3
2025-06-12 09:36:00,76.4
2025-06-12 21:04:00,50.136426804852206
2025-06-12 23:51:00,62.9
2025-06-12 23:40:00,50.136426804852206
2025-06-12 09:38:00,4.9
2025-06-12 11:55:00,61.2
2025-06-12 17:01:00,89.8
2025-06-12 23:47:00,71.3
2025-06-12 23:28:00,75.7
2025-06-12 23:11:00,78.0
2025-06-12 16:59:00,50.136426804852206
2025-06-12 01:21:00,55.0
2025-06-12 22:10:00,70.4
2025-06-12 03:51:00,40.4
2025-06-12 03:17:00,61.4
2025-06-12 02:01:00,31.5
2025-06-12 09:37:00,44.2
2025-06-12 12:30:00,63.8
2025-06-12 02:03:00,58.9
2025-06-12 19:04:00,50.136426804852206
2025-06-12 14:33:00,5.7
2025-06-12 23:13:00,15.6
2025-06-12 10:33:00,4.8
2025-06-12 17:20:00,88.6
2025-06-12 09:58:00,50.136426804852206
2025-06-12 19:53:00,31.6
2025-06-12 09:17:00,37.5
2025-06-12 01:28:00,25.5
2025-06-12 23:23:00,18.9
2025-06-12 17:00:00,33.7
2025-06-12 19:33:00,93.1
2025-06-12 22:02:00,13.1
2025-06-12 06:14:00,40.6
2025-06-12 13:53:00,35.2
2025-06-12 23:36:00,28.2
2025-06-12 14:18:00,36.7
2025-06-12 23:23:00,50.136426804852206
2025-06-12 07:36:00,50.136426804852206
2025-06-12 05:09:00,18.5
2025-06-12 04:16:00,29.9
2025-06-12 19:12:00,81.3
2025-06-12 15:32:00,4.9
2025-06-12 01:45:00,36.8
2025-06-12 18:08:00,10.4
2025-06-12 14:34:00,69.0
2025-06-12 18:52:00,50.136426804852206
2025-06-12 21:56:00,11.4
2025-06-12 17:55:00,72.7
2025-06-12 20:43:00,1.1
2025-06-12 14:15:00,99.9
2025-06-12 14:20:00,50.136426804852206
2025-06-12 02:30:00,84.1
2025-06-12 16:46:00,94.8
2025-06-12 11:11:00,67.8
2025-06-12 23:20:00,80.0
2025-06-12 05:10:00,86.8
2025-06-12 11:15:00,50.136426804852206
2025-06-12 23:26:00,35.4
2025-06-12 02:54:00,61.3
2025-06-12 12:32:00,90.1
2025-06-12 04:08:00,64.8
2025-06-12 03:55:00,21.7
2025-06-12 21:18:00,37.7
2025-06-12 15:57:00,10.1
2025-06-12 03:43:00,7.9
2025-06-12 10:15:00,50.037891637220255
2025-06-12 11:37:00,30.0
2025-06-12 13:32:00,40.6
2025-06-12 03:23:00,65.5
2025-06-12 19:12:00,37.6
2025-06-12 11:27:00,60.9
2025-06-12 06:43:00,43.5
2025-06-12 19:44:00,56.8
2025-06-12 23:51:00,55.2
2025-06-12 04:05:00,15.5
2025-06-12 14:10:00,26.7
2025-06-12 19:31:00,4.2
2025-06-12 17:01:00,23.0
2025-06-12 02:28:00,50.037891637220255
2025-06-12 14:20:00,96.7
2025-06-12 07:38:00,20.7
2025-06-12 11:34:00,6.9
2025-06-12 11:22:00,50.0
2025-06-12 15:06:00,68.7
2025-06-12 17:56:00,50.037891637220255
2025-06-12 05:38:00,4.9
2025-06-12 02:23:00,39.1
2025-06-12 18:16:00,10.2
2025-06-12 10:02:00,50.037891637220255
2025-06-12 02:39:00,10.9
2025-06-12 21:51:00,47.9
2025-06-12 17:38:00,50.037891637220255
2025-06-12 23:11:00,63.7
2025-06-12 16:36:00,32.9
2025-06-12 11:11:00,50.037891637220255
2025-06-12 11:31:00,83.6
2025-06-12 08:07:00,72.1
2025-06-12 20:58:00,79.4
2025-06-12 11:56:00,43.4
2025-06-12 22:09:00,57.7
2025-06-12 19:20:00,11.0
2025-06-12 17:13:00,76.7
2025-06-12 01:39:00,11.8
2025-06-12 12:09:00,7.3
2025-06-12 13:20:00,66.9
2025-06-12 15:17:00,76.0
2025-06-12 16:48:00,90.1
2025-06-12 00:48:00,23.6
2025-06-12 05:16:00,40.3
2025-06-12 00:56:00,43.1
2025-06-12 19:25:00,95.8
2025-06-12 14:19:00,2.1
2025-06-12 19:25:00,38.6
2025-06-12 07:28:00,58.2
2025-06-12 10:25:00,50.037891637220255
2025-06-12 16:07:00,0.6
2025-06-12 22:54:00,11.4
2025-06-12 10:22:00,10.2
2025-06-12 23:24:00,50.037891637220255
2025-06-12 14:38:00,99.1
2025-06-12 04:21:00,35.0
2025-06-12 14:00:00,50.037891637220255
2025-06-12 22:07:00,65.3
2025-06-12 13:17:00,77.2
2025-06-12 12:45:00,43.8
2025-06-12 14:40:00,50.037891637220255
2025-06-12 04:36:00,87.3
2025-06-12 04:03:00,17.7
2025-06-12 22:14:00,50.037891637220255
2025-06-12 03:18:00,2.2
2025-06-12 10:42:00,7.1
2025-06-12 05:38:00,33.0
2025-06-12 21:01:00,34.5
2025-06-12 06:49:00,94.9
2025-06-12 06:55:00,50.6
2025-06-12 12:38:00,50.037891637220255
2025-06-12 11:39:00,68.6
2025-06-12 11:20:00,11.1
2025-06-12 20:59:00,53.0
2025-06-12 23:42:00,50.037891637220255
2025-06-12 13:49:00,68.1
2025-06-12 20:33:00,20.4
2025-06-12 10:36:00,50.037891637220255
2025-06-12 01:31:00,84.8
2025-06-12 17:22:00,2.5
2025-06-12 19:59:00,50.037891637220255
2025-06-12 00:10:00,76.5
2025-06-12 10:13:00,10.8
2025-06-12 20:38:00,47.8
2025-06-12 12:35:00,13.5
2025-06-12 04:36:00,12.3
2025-06-12 01:20:00,44.3
2025-06-12 13:07:00,58.6
2025-06-12 20:48:00,57.4
2025-06-12 03:04:00,15.3
2025-06-12 06:45:00,19.8
2025-06-12 15:20:00,50.037891637220255
2025-06-12 05:16:00,28.5
2025-06-12 19:07:00,97.6
2025-06-12 20:35:00,20.5
2025-06-12 16:09:00,85.1
2025-06-12 12:51:00,10.5
2025-06-12 07:29:00,40.3
2025-06-12 00:23:00,50.037891637220255
2025-06-12 13:27:00,48.4
2025-06-12 16:27:00,66.9
2025-06-12 23:03:00,50.037891637220255
2025-06-12 07:13:00,50.037891637220255
2025-06-12 00:13:00,82.3
2025-06-12 17:12:00,27.7
2025-06-12 19:37:00,67.6
2025-06-12 13:19:00,48.3
2025-06-12 12:18:00,29.1
2025-06-12 05:09:00,50.037891637220255
2025-06-12 03:13:00,22.3
2025-06-12 00:30:00,50.037891637220255
2025-06-12 23:25:00,65.0
2025-06-12 20:51:00,50.037891637220255
2025-06-12 03:12:00,50.037891637220255
2025-06-12 09:16:00,83.1
2025-06-12 00:38:00,41.6
2025-06-12 02:08:00,50.037891637220255
2025-06-12 14:36:00,50.037891637220255
2025-06-12 23:27:00,18.5
2025-06-12 12:26:00,77.0
2025-06-12 01:48:00,74.9
2025-06-12 04:22:00,42.6
2025-06-12 16:57:00,27.8
2025-06-12 11:15:00,92.1
2025-06-12 23:56:00,50.037891637220255
2025-06-12 05:16:00,50.037891637220255
2025-06-12 14:22:00,82.7
2025-06-12 22:33:00,50.037891637220255
2025-06-12 21:01:00,75.8
2025-06-12 20:01:00,43.3
2025-06-12 17:21:00,36.8
2025-06-12 23:24:00,68.1
2025-06-12 14:13:00,35.3
2025-06-12 11:33:00,35.2
2025-06-12 15:51:00,71.0
2025-06-12 20:46:00,7.6
2025-06-12 05:59:00,50.037891637220255
2025-06-12 06:16:00,68.7
2025-06-12 11:10:00,52.4
2025-06-12 23:49:00,12.9
2025-06-12 09:15:00,39.0
2025-06-12 16:44:00,16.8
2025-06-12 07:26:00,76.1
2025-06-12 10:22:00,84.0
2025-06-12 02:09:00,34.7
2025-06-12 04:13:00,7.5
2025-06-12 17:34:00,80.1
2025-06-12 09:38:00,46.1
2025-06-12 10:39:00,35.9
2025-06-12 15:14:00,16.2
2025-06-12 03:31:00,21.4
2025-06-12 13:45:00,65.5
2025-06-12 09:31:00,5.5
2025-06-12 15:31:00,19.3
2025-06-12 01:55:00,68.4
2025-06-12 16:40:00,46.5
2025-06-12 03:34:00,81.5
2025-06-12 01:43:00,50.037891637220255
2025-06-12 03:45:00,50.037891637220255
2025-06-12 02:50:00,70.2
2025-06-12 15:27:00,75.1
2025-06-12 13:57:00,53.9
2025-06-12 22:26:00,42.6
2025-06-12 11:01:00,18.7
2025-06-12 10:40:00,80.6
2025-06-12 01:42:00,56.9
2025-06-12 19:38:00,99.1
2025-06-12 01:48:00,50.037891637220255
2025-06-12 07:14:00,72.7
2025-06-12 23:56:00,80.2
2025-06-12 03:56:00,91.5
2025-06-12 06:21:00,81.2
2025-06-12 14:04:00,95.1
2025-06-12 03:34:00,38.8
2025-06-12 05:41:00,93.3
2025-06-12 21:39:00,48.9
2025-06-12 18:46:00,42.8
2025-06-12 14:20:00,55.2
2025-06-12 14:57:00,50.037891637220255
2025-06-12 18:10:00,14.1
2025-06-12 18:39:00,42.4
2025-06-12 04:34:00,90.0
2025-06-12 13:08:00,14.4
2025-06-12 01:26:00,51.0
2025-06-12 05:46:00,26.0
2025-06-12 23:41:00,50.037891637220255
2025-06-12 13:01:00,93.6
2025-06-12 14:13:00,85.5
2025-06-12 04:45:00,82.5
2025-06-12 16:47:00,50.037891637220255
2025-06-12 12:02:00,73.0
2025-06-12 07:38:00,36.7
2025-06-12 22:28:00,76.4
2025-06-12 05:37:00,50.037891637220255
2025-06-12 09:37:00,28.9
2025-06-12 06:22:00,47.8
2025-06-12 09:30:00,93.2
2025-06-12 03:48:00,1.7
2025-06-12 11:46:00,84.7
2025-06-12 12:43:00,28.6
2025-06-12 12:20:00,33.5
2025-06-12 21:44:00,20.3
2025-06-12 22:36:00,9.2
2025-06-12 08:14:00,15.8
2025-06-12 15:38:00,81.4
2025-06-12 03:04:00,92.3
2025-06-12 01:53:00,0.8
2025-06-12 15:43:00,81.5
2025-06-12 06:46:00,38.5
2025-06-12 00:26:00,12.9
2025-06-12 15:57:00,81.1
2025-06-12 11:56:00,50.037891637220255
2025-06-12 10:50:00,43.8
2025-06-12 03:25:00,68.4
2025-06-12 21:52:00,69.5
2025-06-12 11:07:00,50.037891637220255
2025-06-12 09:45:00,56.9
2025-06-12 09:36:00,95.0
2025-06-12 19:20:00,11.7
2025-06-12 09:52:00,26.4
2025-06-12 01:58:00,61.7
2025-06-12 06:08:00,68.3
2025-06-12 07:59:00,50.0
2025-06-12 10:06:00,98.1
2025-06-12 15:22:00,17.3
2025-06-12 04:59:00,56.7
2025-06-12 06:22:00,55.0
2025-06-12 18:49:00,60.8
2025-06-12 23:20:00,6.1
2025-06-12 04:58:00,84.6
2025-06-12 00:20:00,10.6
2025-06-12 15:10:00,50.037891637220255
2025-06-12 06:22:00,30.0
2025-06-12 16:30:00,64.9
2025-06-12 19:21:00,12.4
2025-06-12 05:49:00,4.8
2025-06-12 14:08:00,76.0
2025-06-12 11:56:00,50.037891637220255
2025-06-12 16:48:00,21.8
2025-06-12 16:43:00,65.7
2025-06-12 07:51:00,50.037891637220255
2025-06-12 08:39:00,50.037891637220255
2025-06-12 22:39:00,15.8
2025-06-12 04:35:00,70.9
2025-06-12 15:04:00,85.7
2025-06-12 02:30:00,59.8
2025-06-12 03:39:00,52.8
2025-06-12 15:59:00,37.9
2025-06-12 08:54:00,84.2
2025-06-12 02:26:00,26.1
2025-06-12 19:22:00,39.9
2025-06-12 02:42:00,69.4
2025-06-12 02:17:00,50.037891637220255
2025-06-12 00:48:00,24.7
2025-06-12 04:16:00,56.5
2025-06-12 17:59:00,35.5
2025-06-12 02:09:00,27.2
2025-06-12 10:16:00,12.8
2025-06-12 03:57:00,50.037891637220255
2025-06-12 16:47:00,15.5
2025-06-12 13:06:00,85.8
2025-06-12 17:10:00,93.3
2025-06-12 15:15:00,82.7
2025-06-12 22:17:00,0.6
2025-06-12 18:53:00,19.7
2025-06-12 15:09:00,73.8
2025-06-12 03:41:00,26.0
2025-06-12 21:21:00,87.4
2025-06-12 08:50:00,50.037891637220255
2025-06-12 00:30:00,62.5
2025-06-12 13:09:00,90.1
2025-06-12 14:28:00,3.8
2025-06-12 16:37:00,78.7
2025-06-12 21:19:00,15.1
2025-06-12 15:47:00,47.3
2025-06-12 03:44:00,60.3
2025-06-12 08:43:00,93.3
2025-06-12 16:53:00,68.4
2025-06-12 03:01:00,61.8
2025-06-12 19:53:00,44.1
2025-06-12 05:47:00,46.1
2025-06-12 10:44:00,50.037891637220255
2025-06-12 08:00:00,1.7
2025-06-12 07:12:00,50.037891637220255
2025-06-12 19:27:00,17.5
2025-06-12 20:08:00,50.037891637220255
2025-06-12 22:00:00,72.6
2025-06-12 00:45:00,78.2
2025-06-12 21:33:00,81.2
2025-06-12 00:28:00,14.4
2025-06-12 16:00:00,17.1
2025-06-12 16:50:00,50.037891637220255
2025-06-12 09:24:00,50.037891637220255
2025-06-12 18:50:00,37.6
2025-06-12 16:16:00,30.7
2025-06-12 06:33:00,41.0
2025-06-12 23:40:00,42.0
2025-06-12 13:37:00,42.9
2025-06-12 18:45:00,30.9
2025-06-12 20:41:00,75.0
2025-06-12 18:34:00,78.4
2025-06-12 10:39:00,50.037891637220255
2025-06-12 06:41:00,41.7
2025-06-12 06:52:00,42.9
2025-06-12 22:21:00,20.1
2025-06-12 07:18:00,12.1
2025-06-12 13:30:00,84.3
2025-06-12 07:32:00,54.4
2025-06-12 13:58:00,1.8
2025-06-12 05:01:00,8.7
2025-06-12 07:21:00,96.2
2025-06-12 06:15:00,62.3
2025-06-12 04:56:00,15.7
2025-06-12 10:22:00,75.1
2025-06-12 19:13:00,89.8
2025-06-12 01:45:00,40.9
2025-06-12 05:45:00,88.4
2025-06-12 23:22:00,28.2
2025-06-12 17:48:00,72.6
2025-06-12 14:11:00,1.3
2025-06-12 13:09:00,99.5
2025-06-12 09:13:00,99.3
2025-06-12 15:09:00,3.7
2025-06-12 10:57:00,23.3
2025-06-12 05:30:00,41.4
2025-06-12 00:59:00,63.7
2025-06-12 17:33:00,50.037891637220255
2025-06-12 16:09:00,73.8
2025-06-12 08:17:00,49.0
2025-06-12 04:43:00,25.6
2025-06-12 06:32:00,39.5
2025-06-12 17:46:00,62.6
2025-06-12 21:35:00,96.0
2025-06-12 06:58:00,21.3
2025-06-12 10:47:00,79.6
2025-06-12 10:07:00,48.7
2025-06-12 07:10:00,50.037891637220255
2025-06-12 11:41:00,50.037891637220255
2025-06-12 21:12:00,21.0
2025-06-12 21:49:00,5.1
2025-06-12 02:07:00,50.037891637220255
2025-06-12 13:14:00,3.8
2025-06-12 04:49:00,2.7
2025-06-12 19:20:00,99.8
2025-06-12 15:22:00,2.5
2025-06-12 06:53:00,32.2
2025-06-12 15:57:00,43.0
2025-06-12 03:01:00,43.7
2025-06-12 01:32:00,22.1
2025-06-12 02:29:00,21.4
2025-06-12 17:48:00,43.2
2025-06-12 20:21:00,50.60542317173377
2025-06-12 11:54:00,93.9
2025-06-12 08:13:00,98.6
2025-06-12 06:23:00,60.1
2025-06-12 10:33:00,79.7
2025-06-12 19:48:00,50.60542317173377
2025-06-12 03:27:00,1.0
2025-06-12 21:50:00,50.60542317173377
2025-06-12 03:14:00,89.5
2025-06-12 10:19:00,86.2
2025-06-12 12:49:00,42.8
2025-06-12 21:13:00,32.9
2025-06-12 09:21:00,2.9
2025-06-12 11:18:00,50.60542317173377
2025-06-12 10:42:00,82.5
2025-06-12 11:32:00,20.9
2025-06-12 10:49:00,4.9
2025-06-12 00:04:00,74.9
2025-06-12 02:51:00,21.1
2025-06-12 06:04:00,62.1
2025-06-12 16:23:00,11.2
2025-06-12 20:33:00,64.6
2025-06-12 19:09:00,3.2
2025-06-12 11:03:00,67.0
2025-06-12 22:54:00,78.4
2025-06-12 12:03:00,50.60542317173377
2025-06-12 17:27:00,50.60542317173377
2025-06-12 00:46:00,96.1
2025-06-12 10:46:00,19.3
2025-06-12 10:05:00,50.60542317173377
2025-06-12 17:26:00,18.2
2025-06-12 10:42:00,56.5
2025-06-12 10:09:00,80.7
2025-06-12 11:19:00,63.1
2025-06-12 23:54:00,67.3
2025-06-12 19:45:00,45.9
2025-06-12 05:46:00,50.60542317173377
2025-06-12 02:09:00,65.1
2025-06-12 23:09:00,35.1
2025-06-12 00:39:00,96.7
2025-06-12 19:37:00,50.60542317173377
2025-06-12 07:57:00,67.5
2025-06-12 21:13:00,11.0
2025-06-12 07:55:00,82.3
2025-06-12 11:25:00,50.60542317173377
2025-06-12 14:41:00,3.7
2025-06-12 09:13:00,59.9
2025-06-12 12:28:00,86.4
2025-06-12 10:38:00,40.3
2025-06-12 08:58:00,27.7
2025-06-12 13:29:00,99.9
2025-06-12 19:38:00,3.0
2025-06-12 16:02:00,48.5
2025-06-12 06:48:00,50.60542317173377
2025-06-12 23:21:00,12.2
2025-06-12 20:12:00,26.5
2025-06-12 06:45:00,96.3
2025-06-12 14:07:00,50.60542317173377
2025-06-12 08:31:00,54.9
2025-06-12 15:51:00,50.60542317173377
2025-06-12 23:38:00,84.8
2025-06-12 13:06:00,51.4
2025-06-12 20:42:00,71.9
2025-06-12 05:26:00,50.60542317173377
2025-06-12 21:01:00,37.9
2025-06-12 16:12:00,35.2
2025-06-12 05:52:00,14.4
2025-06-12 20:35:00,76.4
2025-06-12 19:07:00,27.4
2025-06-12 10:51:00,45.2
2025-06-12 15:41:00,32.0
2025-06-12 12:34:00,48.2
2025-06-12 11:02:00,59.1
2025-06-12 18:43:00,50.60542317173377
2025-06-12 18:53:00,99.0
2025-06-12 16:55:00,27.6
2025-06-12 22:27:00,17.8
2025-06-12 14:16:00,76.3
2025-06-12 06:38:00,50.60542317173377
2025-06-12 05:09:00,53.1
2025-06-12 13:08:00,46.3
2025-06-12 21:41:00,30.4
2025-06-12 23:27:00,79.3
2025-06-12 19:03:00,85.9
2025-06-12 21:49:00,39.1
2025-06-12 07:45:00,76.2
2025-06-12 09:48:00,64.8
2025-06-12 22:28:00,97.4
2025-06-12 07:35:00,50.60542317173377
2025-06-12 19:36:00,56.8
2025-06-12 08:38:00,57.8
2025-06-12 18:06:00,74.6
2025-06-12 10:48:00,2.8
2025-06-12 11:51:00,10.5
2025-06-12 06:00:00,50.60542317173377
2025-06-12 18:34:00,28.6
2025-06-12 18:43:00,74.5
2025-06-12 07:03:00,57.6
2025-06-12 10:00:00,88.7
2025-06-12 21:51:00,16.5
2025-06-12 00:18:00,51.3
2025-06-12 14:51:00,38.4
2025-06-12 11:08:00,53.7
2025-06-12 00:35:00,84.9
2025-06-12 17:20:00,9.7
2025-06-12 04:53:00,58.7
2025-06-12 13:16:00,9.1
2025-06-12 02:26:00,15.4
2025-06-12 09:23:00,30.9
2025-06-12 21:48:00,62.6
2025-06-12 11:57:00,79.4
2025-06-12 21:55:00,17.9
2025-06-12 14:43:00,50.60542317173377
2025-06-12 09:04:00,73.9
2025-06-12 22:05:00,28.6
2025-06-12 02:00:00,71.3
2025-06-12 18:09:00,25.0
2025-06-12 18:46:00,50.60542317173377
2025-06-12 18:35:00,63.5
2025-06-12 13:03:00,84.6
2025-06-12 22:09:00,75.4
2025-06-12 21:30:00,3.3
2025-06-12 19:36:00,16.3
2025-06-12 07:32:00,50.60542317173377
2025-06-12 02:30:00,6.7
2025-06-12 09:21:00,9.4
2025-06-12 17:51:00,64.9
2025-06-12 21:45:00,65.5
2025-06-12 10:34:00,95.9
2025-06-12 01:45:00,80.4
2025-06-12 09:49:00,8.2
2025-06-12 17:23:00,84.1
2025-06-12 11:41:00,62.5
2025-06-12 21:18:00,1.0
2025-06-12 04:28:00,11.9
2025-06-12 23:26:00,50.60542317173377
2025-06-12 11:05:00,29.4
2025-06-12 04:38:00,74.8
2025-06-12 12:29:00,74.1
2025-06-12 09:54:00,50.60542317173377
2025-06-12 02:23:00,60.7
2025-06-12 13:32:00,50.60542317173377
2025-06-12 22:03:00,34.2
2025-06-12 23:17:00,41.5
2025-06-12 17:36:00,76.8
2025-06-12 07:09:00,0.5
2025-06-12 18:03:00,35.3
2025-06-12 08:14:00,22.0
2025-06-12 08:52:00,25.5
2025-06-12 01:40:00,24.3
2025-06-12 10:51:00,50.60542317173377
2025-06-12 08:57:00,94.3
2025-06-12 10:38:00,50.60542317173377
2025-06-12 19:59:00,29.0
2025-06-12 00:58:00,93.3
2025-06-12 09:59:00,79.2
2025-06-12 21:35:00,83.8
2025-06-12 18:26:00,86.3
2025-06-12 17:52:00,39.6
2025-06-12 23:03:00,52.2
2025-06-12 09:08:00,17.4
2025-06-12 01:06:00,16.0
2025-06-12 18:02:00,47.5
2025-06-12 05:29:00,86.6
2025-06-12 14:27:00,54.7
2025-06-12 20:40:00,83.4
2025-06-12 08:42:00,32.3
2025-06-12 12:24:00,15.6
2025-06-12 09:04:00,7.3
2025-06-12 21:22:00,53.3
2025-06-12 04:26:00,71.3
2025-06-12 17:20:00,15.7
2025-06-12 09:08:00,50.4
2025-06-12 18:50:00,48.5
2025-06-12 20:13:00,32.1
2025-06-12 02:23:00,51.1
2025-06-12 10:18:00,50.60542317173377
2025-06-12 17:48:00,48.2
2025-06-12 11:23:00,97.8
2025-06-12 04:24:00,64.0
2025-06-12 11:14:00,50.3
2025-06-12 21:57:00,27.2
2025-06-12 01:10:00,50.60542317173377
2025-06-12 12:50:00,57.2
2025-06-12 07:08:00,59.3
2025-06-12 10:07:00,50.60542317173377
2025-06-12 03:01:00,35.7
2025-06-12 15:03:00,64.1
2025-06-12 23:18:00,14.8
2025-06-12 12:25:00,60.1
2025-06-12 21:16:00,44.8
2025-06-12 22:47:00,99.6
2025-06-12 05:05:00,27.4
2025-06-12 20:22:00,19.7
2025-06-12 18:00:00,36.5
2025-06-12 01:20:00,20.9
2025-06-12 22:50:00,84.1
2025-06-12 05:41:00,79.6
2025-06-12 20:44:00,32.7
2025-06-12 18:46:00,66.1
2025-06-12 14:23:00,97.1
2025-06-12 10:27:00,68.4
2025-06-12 01:39:00,50.60542317173377
2025-06-12 00:26:00,61.5
2025-06-12 01:01:00,2.0
2025-06-12 05:19:00,86.0
2025-06-12 08:16:00,14.0
2025-06-12 22:01:00,95.3
2025-06-12 01:05:00,41.5
2025-06-12 15:19:00,91.0
2025-06-12 12:46:00,98.4
2025-06-12 17:13:00,1.4
2025-06-12 17:57:00,95.7
2025-06-12 16:44:00,7.2
2025-06-12 10:06:00,50.60542317173377
2025-06-12 16:29:00,19.2
2025-06-12 08:10:00,56.9
2025-06-12 07:12:00,58.6
2025-06-12 00:12:00,51.9
2025-06-12 19:17:00,94.8
2025-06-12 17:04:00,66.2
2025-06-12 04:50:00,94.9
2025-06-12 01:45:00,50.60542317173377
2025-06-12 12:42:00,54.8
2025-06-12 14:31:00,56.5
2025-06-12 14:08:00,19.6
2025-06-12 07:03:00,7.2
2025-06-12 19:46:00,75.8
2025-06-12 09:18:00,32.4
2025-06-12 03:30:00,44.3
2025-06-12 01:16:00,5.8
2025-06-12 06:38:00,39.1
2025-06-12 03:28:00,96.5
2025-06-12 10:34:00,50.60542317173377
2025-06-12 07:10:00,52.6
2025-06-12 14:11:00,77.5
2025-06-12 16:30:00,15.3
2025-06-12 05:05:00,90.2
2025-06-12 07:56:00,50.60542317173377
2025-06-12 05:19:00,56.7
2025-06-12 14:14:00,34.4
2025-06-12 07:36:00,31.8
2025-06-12 11:40:00,46.9
2025-06-12 09:10:00,70.6
2025-06-12 23:22:00,59.8
2025-06-12 04:13:00,9.5
2025-06-12 11:28:00,47.2
2025-06-12 04:33:00,50.60542317173377
2025-06-12 05:30:00,34.4
2025-06-12 04:23:00,35.0
2025-06-12 19:55:00,45.9
2025-06-12 07:21:00,21.5
2025-06-12 13:16:00,10.6
2025-06-12 04:29:00,99.7
2025-06-12 18:39:00,93.9
2025-06-12 05:10:00,97.2
2025-06-12 01:56:00,80.7
2025-06-12 09:34:00,29.9
2025-06-12 17:35:00,0.9
2025-06-12 20:21:00,50.60542317173377
2025-06-12 22:46:00,40.8
2025-06-12 06:48:00,80.5
2025-06-12 08:16:00,50.60542317173377
2025-06-12 05:45:00,35.5
2025-06-12 09:20:00,46.7
2025-06-12 03:16:00,27.4
2025-06-12 02:43:00,59.6
2025-06-12 00:49:00,50.60542317173377
2025-06-12 04:58:00,49.1
2025-06-12 19:29:00,47.0
2025-06-12 17:06:00,95.8
2025-06-12 11:52:00,23.1
2025-06-12 02:46:00,90.1
2025-06-12 13:20:00,98.4
2025-06-12 21:45:00,84.7
2025-06-12 09:20:00,37.1
2025-06-12 07:26:00,82.5
2025-06-12 13:41:00,7.6
2025-06-12 09:24:00,75.1
2025-06-12 20:48:00,35.1
2025-06-12 15:01:00,39.0
2025-06-12 21:46:00,52.3
2025-06-12 17:08:00,26.9
2025-06-12 12:24:00,21.2
2025-06-12 07:52:00,58.2
2025-06-12 10:08:00,9.6
2025-06-12 14:11:00,98.4
2025-06-12 11:22:00,50.60542317173377
2025-06-12 15:05:00,2.4
2025-06-12 02:52:00,15.8
2025-06-12 06:40:00,50.60542317173377
2025-06-12 06:10:00,59.3
2025-06-12 04:21:00,70.9
2025-06-12 23:36:00,50.60542317173377
2025-06-12 20:45:00,50.60542317173377
2025-06-12 12:19:00,50.60542317173377
2025-06-12 23:30:00,61.6
2025-06-12 04:15:00,25.5
2025-06-12 16:51:00,51.7
2025-06-12 23:12:00,52.7
2025-06-12 20:33:00,93.3
2025-06-12 12:23:00,21.2
2025-06-12 13:48:00,16.0
2025-06-12 15:50:00,50.60542317173377
2025-06-12 00:45:00,77.9
2025-06-12 10:15:00,51.5
2025-06-12 02:28:00,15.5
2025-06-12 23:42:00,96.0
2025-06-12 10:04:00,50.60542317173377
2025-06-12 02:27:00,90.4
2025-06-12 22:30:00,41.0
2025-06-12 22:33:00,62.1
2025-06-12 15:25:00,81.0
2025-06-12 06:41:00,72.1
2025-06-12 13:37:00,88.8
2025-06-12 09:54:00,82.1
2025-06-12 18:00:00,11.3
2025-06-12 07:25:00,78.1
2025-06-12 11:03:00,72.1
2025-06-12 05:31:00,20.7
2025-06-12 03:50:00,50.60542317173377
2025-06-12 16:18:00,20.9
2025-06-12 03:39:00,53.8
2025-06-12 11:31:00,90.7
2025-06-12 12:32:00,98.0
2025-06-12 07:47:00,3.1
2025-06-12 22:11:00,49.2
2025-06-12 18:18:00,93.0
2025-06-12 04:19:00,85.5
2025-06-12 21:28:00,65.6
2025-06-12 19:40:00,40.8
2025-06-12 18:27:00,50.60542317173377
2025-06-12 22:48:00,50.60542317173377
2025-06-12 08:30:00,50.60542317173377
2025-06-12 10:17:00,44.9
2025-06-12 07:27:00,65.2
2025-06-12 13:48:00,90.8
2025-06-12 13:23:00,47.7
2025-06-12 16:39:00,90.4
2025-06-12 13:28:00,87.3
2025-06-12 21:00:00,4.1
2025-06-12 06:27:00,50.60542317173377
2025-06-12 01:32:00,23.7
2025-06-12 14:36:00,0.8
2025-06-12 11:23:00,4.9
2025-06-12 06:11:00,25.2
2025-06-12 18:02:00,16.1
2025-06-12 08:17:00,50.4
2025-06-12 09:18:00,50.60542317173377
2025-06-12 09:14:00,53.1
2025-06-12 22:12:00,79.9
2025-06-12 21:53:00,72.6
2025-06-12 04:12:00,14.6
2025-06-12 00:56:00,78.8
2025-06-12 05:04:00,91.3
2025-06-12 05:53:00,98.0
2025-06-12 23:16:00,12.2
2025-06-12 03:00:00,93.6
2025-06-12 23:42:00,17.4
2025-06-12 10:19:00,76.0
2025-06-12 14:28:00,58.7
2025-06-12 13:31:00,3.5
2025-06-12 01:47:00,52.4
2025-06-12 11:45:00,5.7
2025-06-12 20:18:00,76.8
2025-06-12 17:41:00,54.2
2025-06-12 14:25:00,31.9
2025-06-12 18:50:00,75.6
2025-06-12 13:29:00,99.2
2025-06-12 19:24:00,74.5
2025-06-12 13:36:00,29.7
2025-06-12 23:07:00,34.1
2025-06-12 01:55:00,28.5
2025-06-12 15:52:00,6.9
2025-06-12 00:29:00,14.3
2025-06-12 09:47:00,99.5
2025-06-12 17:40:00,53.3
2025-06-12 22:42:00,49.935598591549294
2025-06-12 19:07:00,49.935598591549294
2025-06-12 11:13:00,59.3
2025-06-12 23:13:00,49.935598591549294
2025-06-12 16:13:00,15.1
2025-06-12 06:21:00,49.935598591549294
2025-06-12 10:49:00,13.5
2025-06-12 02:35:00,6.2
2025-06-12 03:42:00,49.935598591549294
2025-06-12 15:10:00,30.2
2025-06-12 10:25:00,86.9
2025-06-12 23:28:00,66.1
2025-06-12 12:29:00,60.6
2025-06-12 04:44:00,76.1
2025-06-12 03:35:00,49.935598591549294
2025-06-12 01:11:00,0.7
2025-06-12 09:27:00,64.7
2025-06-12 19:51:00,59.0
2025-06-12 12:06:00,6.2
2025-06-12 11:27:00,10.1
2025-06-12 04:26:00,1.9
2025-06-12 14:42:00,3.5
2025-06-12 20:26:00,75.0
2025-06-12 20:26:00,6.3
2025-06-12 14:56:00,94.4
2025-06-12 17:13:00,5.5
2025-06-12 16:52:00,49.935598591549294
2025-06-12 22:01:00,98.2
2025-06-12 08:02:00,1.3
2025-06-12 23:58:00,61.8
2025-06-12 03:22:00,35.4
2025-06-12 04:37:00,49.935598591549294
2025-06-12 06:49:00,14.6
2025-06-12 02:23:00,42.6
2025-06-12 14:58:00,87.4
2025-06-12 06:00:00,74.3
2025-06-12 22:46:00,9.1
2025-06-12 12:33:00,96.3
2025-06-12 21:04:00,69.5
2025-06-12 18:12:00,98.0
2025-06-12 15:23:00,21.2
2025-06-12 04:00:00,65.4
2025-06-12 06:38:00,51.2
2025-06-12 19:04:00,44.1
2025-06-12 19:11:00,69.0
2025-06-12 00:03:00,25.7
2025-06-12 15:22:00,63.8
2025-06-12 09:59:00,47.2
2025-06-12 20:21:00,85.5
2025-06-12 07:57:00,67.5
2025-06-12 12:01:00,20.4
2025-06-12 10:08:00,10.3
2025-06-12 02:41:00,7.1
2025-06-12 09:15:00,64.7
2025-06-12 07:38:00,15.9
2025-06-12 07:04:00,92.3
2025-06-12 20:38:00,49.935598591549294
2025-06-12 06:57:00,49.935598591549294
2025-06-12 16:38:00,86.1
2025-06-12 00:06:00,4.1
2025-06-12 20:01:00,3.4
2025-06-12 06:11:00,30.9
2025-06-12 15:02:00,6.1
2025-06-12 03:21:00,66.0
2025-06-12 11:23:00,63.9
2025-06-12 17:27:00,24.6
2025-06-12 22:13:00,79.1
2025-06-12 18:03:00,45.2
2025-06-12 15:39:00,66.0
2025-06-12 01:38:00,17.0
2025-06-12 20:25:00,41.0
2025-06-12 10:03:00,86.4
2025-06-12 13:01:00,35.7
2025-06-12 01:00:00,52.6
2025-06-12 09:26:00,59.0
2025-06-12 04:16:00,74.5
2025-06-12 07:53:00,78.0
2025-06-12 23:20:00,72.1
2025-06-12 21:23:00,49.935598591549294
2025-06-12 05:45:00,49.935598591549294
2025-06-12 09:26:00,62.4
2025-06-12 12:00:00,29.8
2025-06-12 15:00:00,49.935598591549294
2025-06-12 17:28:00,66.7
2025-06-12 03:01:00,76.9
2025-06-12 10:21:00,45.3
2025-06-12 07:43:00,49.935598591549294
2025-06-12 00:32:00,69.1
2025-06-12 11:33:00,11.0
2025-06-12 04:32:00,23.7
2025-06-12 08:13:00,68.1
2025-06-12 00:25:00,100.0
2025-06-12 18:30:00,56.3
2025-06-12 03:45:00,20.4
2025-06-12 08:08:00,39.2
2025-06-12 06:25:00,0.6
2025-06-12 09:51:00,27.6
2025-06-12 13:05:00,18.0
2025-06-12 02:15:00,86.0
2025-06-12 09:30:00,34.8
2025-06-12 09:43:00,50.4
2025-06-12 17:39:00,8.3
2025-06-12 15:12:00,42.1
2025-06-12 21:15:00,49.935598591549294
2025-06-12 20:04:00,49.935598591549294
2025-06-12 05:51:00,73.1
2025-06-12 18:03:00,22.7
2025-06-12 11:11:00,76.1
2025-06-12 13:04:00,75.4
2025-06-12 06:57:00,5.1
2025-06-12 22:56:00,91.8
2025-06-12 20:10:00,94.3
2025-06-12 17:55:00,18.9
2025-06-12 23:31:00,61.1
2025-06-12 08:22:00,57.0
2025-06-12 16:26:00,5.1
2025-06-12 05:28:00,43.7
2025-06-12 00:57:00,49.935598591549294
2025-06-12 09:45:00,14.6
2025-06-12 22:01:00,45.8
2025-06-12 04:29:00,49.935598591549294
2025-06-12 10:46:00,6.3
2025-06-12 23:27:00,38.3
2025-06-12 23:10:00,32.5
2025-06-12 01:56:00,49.935598591549294
2025-06-12 17:33:00,40.3
2025-06-12 09:37:00,30.5
2025-06-12 13:09:00,90.3
2025-06-12 07:55:00,7.0
2025-06-12 05:20:00,68.2
2025-06-12 04:25:00,27.9
2025-06-12 02:29:00,14.9
2025-06-12 14:34:00,2.0
2025-06-12 09:12:00,94.4
2025-06-12 09:13:00,28.2
2025-06-12 19:32:00,83.9
2025-06-12 03:02:00,49.935598591549294
2025-06-12 14:40:00,89.6
2025-06-12 12:10:00,4.8
2025-06-12 10:50:00,95.4
2025-06-12 00:45:00,39.4
2025-06-12 20:10:00,52.7
2025-06-12 04:20:00,44.7
2025-06-12 18:10:00,52.3
2025-06-12 05:59:00,88.5
2025-06-12 23:00:00,41.3
2025-06-12 13:59:00,30.9
2025-06-12 18:47:00,57.8
2025-06-12 15:38:00,71.9
2025-06-12 00:42:00,8.7
2025-06-12 11:13:00,63.3
2025-06-12 13:41:00,45.1
2025-06-12 18:16:00,55.5
2025-06-12 21:34:00,65.8
2025-06-12 15:51:00,79.2
2025-06-12 11:57:00,40.1
2025-06-12 08:41:00,99.3
2025-06-12 19:45:00,45.3
2025-06-12 03:30:00,55.5
2025-06-12 21:53:00,68.2
2025-06-12 11:01:00,28.8
2025-06-12 13:15:00,89.4
2025-06-12 11:35:00,49.6
2025-06-12 04:13:00,54.9
2025-06-12 07:55:00,69.5
2025-06-12 03:33:00,89.0
2025-06-12 16:13:00,49.935598591549294
2025-06-12 14:48:00,81.4
2025-06-12 23:26:00,10.9
2025-06-12 00:37:00,49.935598591549294
2025-06-12 09:13:00,62.4
2025-06-12 21:48:00,26.3
2025-06-12 11:28:00,49.935598591549294
2025-06-12 22:52:00,23.8
2025-06-12 19:51:00,9.6
2025-06-12 06:57:00,49.935598591549294
2025-06-12 00:38:00,99.7
2025-06-12 09:54:00,83.7
2025-06-12 04:34:00,58.1
2025-06-12 13:30:00,35.3
2025-06-12 19:09:00,32.7
2025-06-12 23:35:00,63.6
2025-06-12 04:03:00,49.935598591549294
2025-06-12 15:36:00,24.9
2025-06-12 01:41:00,33.6
2025-06-12 17:55:00,85.0
2025-06-12 04:50:00,41.1
2025-06-12 01:03:00,66.8
2025-06-12 12:23:00,16.8
2025-06-12 01:04:00,85.2
2025-06-12 21:53:00,82.5
2025-06-12 14:18:00,19.9
2025-06-12 09:34:00,49.935598591549294
2025-06-12 23:09:00,88.9
2025-06-12 03:39:00,26.9
2025-06-12 19:30:00,50.0
2025-06-12 06:09:00,31.4
2025-06-12 13:20:00,32.2
2025-06-12 07:27:00,82.7
2025-06-12 06:39:00,51.9
2025-06-12 17:06:00,49.935598591549294
2025-06-12 19:37:00,49.935598591549294
2025-06-12 16:35:00,88.9
2025-06-12 22:25:00,75.3
2025-06-12 08:49:00,24.5
2025-06-12 01:27:00,82.6
2025-06-12 12:00:00,63.8
2025-06-12 15:09:00,93.0
2025-06-12 22:13:00,53.4
2025-06-12 23:07:00,1.9
2025-06-12 20:12:00,34.4
2025-06-12 10:18:00,99.0
2025-06-12 18:51:00,52.9
2025-06-12 23:17:00,5.1
2025-06-12 21:57:00,60.2
2025-06-12 07:00:00,49.935598591549294
2025-06-12 10:23:00,81.0
2025-06-12 20:31:00,67.3
2025-06-12 09:43:00,91.1
2025-06-12 14:39:00,66.1
2025-06-12 02:44:00,49.8
2025-06-12 13:54:00,10.1
2025-06-12 11:00:00,49.935598591549294
2025-06-12 12:52:00,21.3
2025-06-12 00:43:00,75.0
2025-06-12 11:00:00,96.6
2025-06-12 12:31:00,49.935598591549294
2025-06-12 09:46:00,49.935598591549294
2025-06-12 06:12:00,42.5
2025-06-12 00:06:00,71.8
2025-06-12 00:03:00,40.9
2025-06-12 23:58:00,21.0
2025-06-12 15:04:00,46.1
2025-06-12 23:36:00,19.3
2025-06-12 14:19:00,49.935598591549294
2025-06-12 05:42:00,85.1
2025-06-12 17:32:00,46.7
2025-06-12 21:48:00,49.935598591549294
2025-06-12 21:37:00,47.3
2025-06-12 09:48:00,65.8
2025-06-12 08:21:00,63.8
2025-06-12 10:06:00,49.935598591549294
2025-06-12 02:07:00,39.5
2025-06-12 09:38:00,99.7
2025-06-12 15:56:00,49.935598591549294
2025-06-12 18:50:00,64.8
2025-06-12 03:44:00,56.7
2025-06-12 01:42:00,64.7
2025-06-12 20:52:00,30.2
2025-06-12 21:13:00,2.5
2025-06-12 07:14:00,99.8
2025-06-12 05:50:00,30.2
2025-06-12 09:45:00,25.2
2025-06-12 09:19:00,85.4
2025-06-12 18:23:00,20.8
2025-06-12 22:42:00,12.3
2025-06-12 09:15:00,73.0
2025-06-12 20:01:00,20.3
2025-06-12 07:22:00,94.5
2025-06-12 10:49:00,49.3
2025-06-12 02:14:00,19.5
2025-06-12 11:04:00,25.1
2025-06-12 13:55:00,4.0
2025-06-12 14:39:00,97.0
2025-06-12 11:33:00,78.7
2025-06-12 14:06:00,49.935598591549294
2025-06-12 06:50:00,49.935598591549294
2025-06-12 08:56:00,45.0
2025-06-12 04:43:00,68.2
2025-06-12 00:04:00,95.6
2025-06-12 11:59:00,76.9
2025-06-12 03:33:00,0.6
2025-06-12 05:43:00,38.1
2025-06-12 07:24:00,49.935598591549294
2025-06-12 14:35:00,49.935598591549294
2025-06-12 06:52:00,59.1
2025-06-12 10:17:00,82.4
2025-06-12 01:52:00,19.6
2025-06-12 00:51:00,49.935598591549294
2025-06-12 17:49:00,95.9
2025-06-12 14:15:00,92.6
2025-06-12 09:49:00,9.2
2025-06-12 23:24:00,13.1
2025-06-12 19:11:00,17.3
2025-06-12 06:06:00,86.4
2025-06-12 23:46:00,49.935598591549294
2025-06-12 19:40:00,13.6
2025-06-12 01:17:00,11.5
2025-06-12 10:21:00,98.5
2025-06-12 16:12:00,91.6
2025-06-12 11:58:00,51.1
2025-06-12 07:23:00,6.0
2025-06-12 12:33:00,49.935598591549294
2025-06-12 02:54:00,90.3
2025-06-12 16:26:00,30.9
2025-06-12 06:00:00,56.2
2025-06-12 07:47:00,78.2
2025-06-12 16:58:00,34.5
2025-06-12 01:00:00,34.2
2025-06-12 06:10:00,88.9
2025-06-12 10:28:00,76.3
2025-06-12 03:55:00,37.4
2025-06-12 04:14:00,24.9
2025-06-12 00:37:00,90.8
2025-06-12 22:54:00,49.935598591549294
2025-06-12 20:24:00,95.1
2025-06-12 21:27:00,38.8
2025-06-12 04:58:00,51.7
2025-06-12 20:13:00,18.5
2025-06-12 11:16:00,57.8
2025-06-12 21:53:00,25.2
2025-06-12 15:49:00,60.1
2025-06-12 21:49:00,22.6
2025-06-12 17:15:00,49.935598591549294
2025-06-12 14:22:00,65.6
2025-06-12 13:13:00,25.4
2025-06-12 15:17:00,49.935598591549294
2025-06-12 16:33:00,94.7
2025-06-12 13:02:00,87.2
2025-06-12 04:54:00,26.1
2025-06-12 04:00:00,7.4
2025-06-12 21:08:00,17.8
2025-06-12 20:33:00,43.9
2025-06-12 00:47:00,69.6
2025-06-12 02:48:00,69.7
2025-06-12 10:49:00,17.6
2025-06-12 01:21:00,53.7
2025-06-12 13:08:00,51.7
2025-06-12 23:25:00,90.5
2025-06-12 05:38:00,62.8
2025-06-12 17:47:00,38.0
2025-06-12 19:16:00,9.5
2025-06-12 08:40:00,81.1
2025-06-12 21:19:00,24.9
2025-06-12 06:33:00,54.3
2025-06-12 18:46:00,78.9
2025-06-12 22:17:00,96.4
2025-06-12 20:36:00,75.6
2025-06-12 00:49:00,69.1
2025-06-12 04:46:00,42.5
2025-06-12 04:01:00,38.2
2025-06-12 01:58:00,5.0
2025-06-12 19:17:00,57.4
2025-06-12 11:40:00,49.935598591549294
2025-06-12 14:57:00,6.7
2025-06-12 16:19:00,5.7
2025-06-12 21:41:00,61.9
2025-06-12 20:14:00,93.3
2025-06-12 22:46:00,21.5
2025-06-12 17:54:00,34.7
2025-06-12 07:42:00,66.1
2025-06-12 15:54:00,28.2
2025-06-12 09:13:00,65.5
2025-06-12 02:11:00,51.0
2025-06-12 15:52:00,32.0
2025-06-12 08:57:00,85.9
2025-06-12 09:20:00,67.7
2025-06-12 03:04:00,12.2
2025-06-12 10:21:00,49.740225962104276
2025-06-12 17:29:00,3.2
2025-06-12 22:22:00,70.6
2025-06-12 00:20:00,49.740225962104276
2025-06-12 00:57:00,4.4
2025-06-12 13:05:00,19.1
2025-06-12 17:50:00,96.0
2025-06-12 19:46:00,88.6
2025-06-12 13:03:00,73.9
2025-06-12 19:51:00,49.740225962104276
2025-06-12 03:13:00,47.7
2025-06-12 11:01:00,72.1
2025-06-12 15:16:00,49.740225962104276
2025-06-12 22:04:00,76.6
2025-06-12 10:12:00,86.8
2025-06-12 10:01:00,96.2
2025-06-12 12:14:00,26.7
2025-06-12 09:20:00,30.2
2025-06-12 08:51:00,49.740225962104276
2025-06-12 09:35:00,40.8
2025-06-12 00:46:00,84.7
2025-06-12 15:12:00,32.1
2025-06-12 06:17:00,13.4
2025-06-12 11:40:00,49.740225962104276
2025-06-12 03:25:00,85.9
2025-06-12 14:09:00,33.7
2025-06-12 18:27:00,32.2
2025-06-12 20:53:00,49.740225962104276
2025-06-12 16:05:00,49.740225962104276
2025-06-12 05:13:00,40.1
2025-06-12 22:44:00,59.4
2025-06-12 00:29:00,70.2
2025-06-12 06:19:00,94.6
2025-06-12 07:34:00,77.1
2025-06-12 00:07:00,96.0
2025-06-12 04:58:00,19.5
2025-06-12 03:34:00,63.4
2025-06-12 19:15:00,70.8
2025-06-12 21:58:00,49.740225962104276
2025-06-12 13:57:00,66.8
2025-06-12 08:10:00,49.740225962104276
2025-06-12 21:46:00,97.7
2025-06-12 21:51:00,51.1
2025-06-12 18:08:00,55.2
2025-06-12 05:03:00,12.3
2025-06-12 20:10:00,64.2
2025-06-12 04:17:00,62.0
2025-06-12 07:04:00,1.8
2025-06-12 00:43:00,94.1
2025-06-12 04:31:00,32.5
2025-06-12 18:08:00,19.7
2025-06-12 16:22:00,60.7
2025-06-12 19:20:00,11.9
2025-06-12 19:36:00,85.4
2025-06-12 13:11:00,21.3
2025-06-12 07:36:00,3.8
2025-06-12 09:08:00,49.740225962104276
2025-06-12 22:04:00,33.9
2025-06-12 00:42:00,62.0
2025-06-12 07:23:00,9.2
2025-06-12 01:40:00,66.5
2025-06-12 20:35:00,89.6
2025-06-12 03:39:00,41.2
2025-06-12 20:19:00,2.7
2025-06-12 09:17:00,49.740225962104276
2025-06-12 09:43:00,49.740225962104276
2025-06-12 15:47:00,89.0
2025-06-12 14:13:00,50.9
2025-06-12 06:22:00,49.740225962104276
2025-06-12 18:18:00,95.4
2025-06-12 01:41:00,12.6
2025-06-12 21:04:00,98.8
2025-06-12 09:43:00,17.1
2025-06-12 04:44:00,47.3
2025-06-12 12:06:00,49.740225962104276
2025-06-12 08:42:00,34.5
2025-06-12 03:07:00,33.7
2025-06-12 15:55:00,9.7
2025-06-12 12:58:00,49.740225962104276
2025-06-12 22:46:00,49.740225962104276
2025-06-12 15:45:00,27.0
2025-06-12 06:11:00,7.0
2025-06-12 17:04:00,61.3
2025-06-12 09:27:00,40.1
2025-06-12 13:36:00,81.2
2025-06-12 00:52:00,73.1
2025-06-12 11:35:00,87.6
2025-06-12 04:07:00,24.7
2025-06-12 11:39:00,77.5
2025-06-12 15:06:00,83.6
2025-06-12 01:32:00,44.3
2025-06-12 13:20:00,74.7
2025-06-12 17:41:00,35.9
2025-06-12 20:24:00,33.1
2025-06-12 12:13:00,75.6
2025-06-12 09:30:00,9.9
2025-06-12 16:19:00,49.740225962104276
2025-06-12 12:44:00,49.740225962104276
2025-06-12 15:07:00,2.5
2025-06-12 19:56:00,30.7
2025-06-12 09:21:00,10.1
2025-06-12 01:43:00,54.0
2025-06-12 00:33:00,9.9
2025-06-12 20:18:00,49.740225962104276
2025-06-12 21:27:00,16.8
2025-06-12 14:43:00,49.740225962104276
2025-06-12 11:25:00,3.7
2025-06-12 11:13:00,79.6
2025-06-12 05:55:00,79.7
2025-06-12 09:01:00,97.9
2025-06-12 11:15:00,90.7
2025-06-12 13:43:00,37.9
2025-06-12 13:27:00,49.740225962104276
2025-06-12 17:02:00,48.9
2025-06-12 19:39:00,21.8
2025-06-12 06:38:00,40.4
2025-06-12 02:23:00,49.740225962104276
2025-06-12 22:48:00,97.5
2025-06-12 00:32:00,51.5
2025-06-12 07:56:00,55.8
2025-06-12 15:59:00,87.6
2025-06-12 22:30:00,33.4
2025-06-12 04:44:00,18.7
2025-06-12 08:40:00,61.2
2025-06-12 10:25:00,45.5
2025-06-12 05:55:00,94.0
2025-06-12 14:00:00,65.6
2025-06-12 03:31:00,78.7
2025-06-12 11:42:00,2.0
2025-06-12 01:38:00,84.5
2025-06-12 16:27:00,37.2
2025-06-12 13:10:00,89.4
2025-06-12 02:59:00,92.3
2025-06-12 19:16:00,43.4
2025-06-12 05:05:00,59.2
2025-06-12 10:43:00,49.740225962104276
2025-06-12 23:58:00,7.7
2025-06-12 09:55:00,76.0
2025-06-12 13:56:00,25.6
2025-06-12 22:10:00,93.7
2025-06-12 04:49:00,93.9
2025-06-12 02:35:00,49.740225962104276
2025-06-12 07:04:00,38.4
2025-06-12 11:12:00,100.0
2025-06-12 11:12:00,82.3
2025-06-12 23:39:00,15.3
2025-06-12 21:19:00,49.740225962104276
2025-06-12 21:54:00,52.8
2025-06-12 18:42:00,15.4
2025-06-12 14:04:00,49.740225962104276
2025-06-12 07:08:00,70.9
2025-06-12 20:07:00,98.7
2025-06-12 18:03:00,49.740225962104276
2025-06-12 23:15:00,41.5
2025-06-12 03:39:00,59.6
2025-06-12 03:41:00,14.5
2025-06-12 16:55:00,41.4
2025-06-12 06:06:00,96.6
2025-06-12 12:32:00,33.8
2025-06-12 19:18:00,49.740225962104276
2025-06-12 10:07:00,85.5
2025-06-12 08:57:00,20.6
2025-06-12 20:07:00,10.3
2025-06-12 20:43:00,15.6
2025-06-12 06:14:00,21.7
2025-06-12 00:14:00,9.7
2025-06-12 17:44:00,32.7
2025-06-12 02:19:00,98.2
2025-06-12 00:01:00,49.740225962104276
2025-06-12 03:56:00,64.8
2025-06-12 23:18:00,34.7
2025-06-12 04:41:00,5.2
2025-06-12 15:06:00,63.4
2025-06-12 15:50:00,84.5
2025-06-12 22:19:00,59.3
2025-06-12 16:35:00,26.8
2025-06-12 03:42:00,5.0
2025-06-12 04:01:00,34.4
2025-06-12 05:43:00,22.8
2025-06-12 15:41:00,13.2
2025-06-12 18:53:00,7.7
2025-06-12 08:14:00,82.0
2025-06-12 14:07:00,79.8
2025-06-12 06:05:00,17.8
2025-06-12 18:03:00,99.8
2025-06-12 15:24:00,26.5
2025-06-12 04:18:00,80.5
2025-06-12 23:51:00,9.5
2025-06-12 14:42:00,49.740225962104276
2025-06-12 15:19:00,49.740225962104276
2025-06-12 03:21:00,25.7
2025-06-12 03:56:00,49.740225962104276
2025-06-12 03:11:00,29.8
2025-06-12 20:37:00,11.0
2025-06-12 06:47:00,42.8
2025-06-12 05:41:00,73.4
2025-06-12 18:35:00,51.7
2025-06-12 21:18:00,3.5
2025-06-12 07:15:00,85.4
2025-06-12 22:49:00,88.2
2025-06-12 08:18:00,49.740225962104276
2025-06-12 07:15:00,47.8
2025-06-12 08:54:00,5.7
2025-06-12 11:08:00,49.740225962104276
2025-06-12 15:07:00,49.740225962104276
2025-06-12 06:21:00,49.740225962104276
2025-06-12 04:37:00,16.3
2025-06-12 09:08:00,70.5
2025-06-12 17:37:00,5.1
2025-06-12 04:20:00,58.3
2025-06-12 10:46:00,36.3
2025-06-12 08:41:00,7.7
2025-06-12 09:04:00,49.740225962104276
2025-06-12 19:41:00,40.9
2025-06-12 07:04:00,25.6
2025-06-12 00:20:00,60.4
2025-06-12 01:48:00,38.9
2025-06-12 00:38:00,49.740225962104276
2025-06-12 23:38:00,65.0
2025-06-12 23:37:00,6.6
2025-06-12 15:18:00,89.8
2025-06-12 07:07:00,95.8
2025-06-12 03:46:00,37.3
2025-06-12 04:44:00,49.740225962104276
2025-06-12 03:25:00,91.5
2025-06-12 06:18:00,49.740225962104276
2025-06-12 18:07:00,38.4
2025-06-12 13:55:00,49.740225962104276
2025-06-12 20:08:00,96.8
2025-06-12 13:36:00,30.8
2025-06-12 09:41:00,64.2
2025-06-12 01:43:00,10.3
2025-06-12 08:26:00,49.740225962104276
2025-06-12 03:40:00,36.5
2025-06-12 08:11:00,76.5
2025-06-12 05:41:00,50.8
2025-06-12 12:51:00,84.6
2025-06-12 23:19:00,62.8
2025-06-12 11:06:00,67.2
2025-06-12 01:28:00,71.4
2025-06-12 03:31:00,84.2
2025-06-12 09:28:00,7.0
2025-06-12 18:19:00,5.5
2025-06-12 14:06:00,26.7
2025-06-12 09:01:00,47.7
2025-06-12 10:59:00,33.9
2025-06-12 13:27:00,49.4
2025-06-12 19:00:00,87.2
2025-06-12 06:59:00,8.4
2025-06-12 07:21:00,93.8
2025-06-12 18:09:00,63.9
2025-06-12 21:45:00,52.2
2025-06-12 22:46:00,5.2
2025-06-12 03:19:00,65.6
2025-06-12 07:46:00,34.0
2025-06-12 09:42:00,22.2
2025-06-12 04:05:00,14.2
2025-06-12 04:12:00,84.1
2025-06-12 14:12:00,49.740225962104276
2025-06-12 04:20:00,79.9
2025-06-12 12:08:00,49.740225962104276
2025-06-12 11:15:00,74.1
2025-06-12 08:13:00,8.1
2025-06-12 02:09:00,78.1
2025-06-12 04:01:00,3.4
2025-06-12 05:40:00,87.5
2025-06-12 19:16:00,65.9
2025-06-12 11:13:00,30.9
2025-06-12 04:06:00,14.5
2025-06-12 12:27:00,91.0
2025-06-12 14:31:00,53.1
2025-06-12 22:01:00,49.740225962104276
2025-06-12 17:42:00,87.0
2025-06-12 04:56:00,16.6
2025-06-12 12:32:00,56.5
2025-06-12 16:21:00,23.9
2025-06-12 23:53:00,23.7
2025-06-12 02:00:00,14.2
2025-06-12 07:09:00,87.5
2025-06-12 08:47:00,73.1
2025-06-12 05:12:00,50.3
2025-06-12 21:55:00,0.1
2025-06-12 08:58:00,49.740225962104276
2025-06-12 17:36:00,10.9
2025-06-12 23:29:00,49.740225962104276
2025-06-12 19:27:00,16.3
2025-06-12 23:55:00,73.7
2025-06-12 12:24:00,18.0
2025-06-12 09:39:00,76.0
2025-06-12 06:14:00,75.7
2025-06-12 17:02:00,48.9
2025-06-12 19:49:00,25.0
2025-06-12 09:35:00,73.4
2025-06-12 00:12:00,28.9
2025-06-12 15:03:00,1.8
2025-06-12 19:12:00,27.8
2025-06-12 00:47:00,89.5
2025-06-12 14:11:00,86.3
2025-06-12 02:10:00,52.6
2025-06-12 21:47:00,75.2
2025-06-12 03:50:00,14.2
2025-06-12 03:08:00,4.7
2025-06-12 10:42:00,50.9
2025-06-12 19:20:00,65.0
2025-06-12 20:41:00,38.1
2025-06-12 13:51:00,19.6
2025-06-12 06:50:00,62.3
2025-06-12 07:41:00,76.2
2025-06-12 00:11:00,11.6
2025-06-12 04:48:00,29.2
2025-06-12 03:54:00,21.6
2025-06-12 20:55:00,94.1
2025-06-12 20:35:00,58.2
2025-06-12 20:53:00,84.5
2025-06-12 13:47:00,39.2
2025-06-12 15:38:00,67.4
2025-06-12 07:02:00,45.3
2025-06-12 07:57:00,49.740225962104276
2025-06-12 08:42:00,74.1
2025-06-12 03:40:00,39.8
2025-06-12 16:49:00,49.740225962104276
2025-06-12 23:24:00,20.7
2025-06-12 03:52:00,77.7
2025-06-12 04:14:00,59.7
2025-06-12 15:22:00,50.18838223164841
2025-06-12 13:59:00,71.6
2025-06-12 15:08:00,37.8
2025-06-12 12:32:00,1.9
2025-06-12 15:02:00,2.5
2025-06-12 20:43:00,51.0
2025-06-12 23:19:00,93.2
2025-06-12 06:54:00,50.18838223164841
2025-06-12 20:10:00,75.5
2025-06-12 12:18:00,98.5
2025-06-12 09:23:00,39.4
2025-06-12 03:59:00,50.18838223164841
2025-06-12 20:16:00,50.18838223164841
2025-06-12 06:00:00,89.1
2025-06-12 00:35:00,79.2
2025-06-12 17:36:00,51.3
2025-06-12 21:51:00,32.4
2025-06-12 03:33:00,65.7
2025-06-12 12:01:00,21.0
2025-06-12 04:07:00,66.3
2025-06-12 18:13:00,80.4
2025-06-12 06:12:00,26.9
2025-06-12 03:52:00,70.8
2025-06-12 20:04:00,10.1
2025-06-12 18:23:00,58.9
2025-06-12 23:34:00,3.5
2025-06-12 09:16:00,70.7
2025-06-12 07:07:00,83.7
2025-06-12 11:16:00,30.8
2025-06-12 15:00:00,27.0
2025-06-12 09:53:00,50.18838223164841
2025-06-12 17:57:00,70.4
2025-06-12 13:00:00,99.9
2025-06-12 08:20:00,93.9
2025-06-12 19:11:00,14.5
2025-06-12 17:30:00,82.9
2025-06-12 23:59:00,72.1
2025-06-12 03:20:00,50.6
2025-06-12 03:33:00,0.5
2025-06-12 16:29:00,69.6
2025-06-12 08:22:00,50.18838223164841
2025-06-12 01:33:00,50.18838223164841
2025-06-12 15:57:00,48.6
2025-06-12 20:28:00,50.18838223164841
2025-06-12 22:38:00,79.7
2025-06-12 15:29:00,57.9
2025-06-12 13:59:00,50.0
2025-06-12 16:28:00,50.18838223164841
2025-06-12 13:27:00,81.3
2025-06-12 21:16:00,50.18838223164841
2025-06-12 13:37:00,83.8
2025-06-12 05:09:00,69.8
2025-06-12 13:45:00,50.18838223164841
2025-06-12 16:30:00,45.3
2025-06-12 20:15:00,63.7
2025-06-12 17:02:00,50.18838223164841
2025-06-12 03:50:00,72.4
2025-06-12 04:01:00,35.5
2025-06-12 18:27:00,13.2
2025-06-12 11:14:00,2.1
2025-06-12 08:07:00,69.3
2025-06-12 16:51:00,14.3
2025-06-12 11:04:00,58.8
2025-06-12 12:51:00,61.0
2025-06-12 11:27:00,11.0
2025-06-12 03:09:00,39.3
2025-06-12 20:55:00,50.18838223164841
2025-06-12 11:03:00,31.7
2025-06-12 21:16:00,20.9
2025-06-12 21:38:00,66.7
2025-06-12 18:27:00,62.2
2025-06-12 02:34:00,91.9
2025-06-12 02:19:00,19.7
2025-06-12 21:48:00,8.2
2025-06-12 12:07:00,50.18838223164841
2025-06-12 14:34:00,15.0
2025-06-12 21:44:00,5.8
2025-06-12 11:48:00,87.6
2025-06-12 10:24:00,42.7
2025-06-12 22:57:00,92.7
2025-06-12 10:07:00,23.4
2025-06-12 03:23:00,50.18838223164841
2025-06-12 16:52:00,22.3
2025-06-12 06:54:00,74.0
2025-06-12 17:19:00,50.18838223164841
2025-06-12 16:41:00,56.3
2025-06-12 15:58:00,87.6
2025-06-12 12:52:00,83.6
2025-06-12 03:28:00,93.3
2025-06-12 15:38:00,97.8
2025-06-12 17:24:00,50.4
2025-06-12 20:09:00,61.7
2025-06-12 09:17:00,59.6
2025-06-12 18:58:00,20.6
2025-06-12 01:06:00,32.7
2025-06-12 21:09:00,91.4
2025-06-12 19:51:00,18.9
2025-06-12 22:52:00,71.0
2025-06-12 08:19:00,76.2
2025-06-12 15:55:00,25.5
2025-06-12 11:10:00,94.2
2025-06-12 02:42:00,42.8
2025-06-12 17:30:00,76.7
2025-06-12 06:05:00,75.5
2025-06-12 07:06:00,99.9
2025-06-12 12:58:00,50.18838223164841
2025-06-12 02:17:00,83.7
2025-06-12 17:03:00,76.3
2025-06-12 17:27:00,1.8
2025-06-12 08:31:00,18.2
2025-06-12 08:28:00,2.1
2025-06-12 06:53:00,50.18838223164841
2025-06-12 20:11:00,21.7
2025-06-12 08:39:00,98.3
2025-06-12 13:51:00,18.5
2025-06-12 15:58:00,44.7
2025-06-12 02:14:00,89.4
2025-06-12 09:46:00,40.2
2025-06-12 12:09:00,39.1
2025-06-12 04:38:00,2.5
2025-06-12 04:13:00,5.2
2025-06-12 01:16:00,29.7
2025-06-12 10:42:00,7.8
2025-06-12 21:32:00,74.6
2025-06-12 00:01:00,65.4
2025-06-12 15:14:00,72.0
2025-06-12 22:42:00,52.5
2025-06-12 10:24:00,0.9
2025-06-12 02:22:00,81.9
2025-06-12 16:23:00,58.7
2025-06-12 16:15:00,50.18838223164841
2025-06-12 15:21:00,50.18838223164841
2025-06-12 15:10:00,50.18838223164841
2025-06-12 09:45:00,50.18838223164841
2025-06-12 12:48:00,21.0
2025-06-12 19:31:00,25.5
2025-06-12 19:33:00,58.9
2025-06-12 18:25:00,32.8
2025-06-12 23:54:00,75.8
2025-06-12 14:12:00,7.8
2025-06-12 17:31:00,50.18838223164841
2025-06-12 19:35:00,77.0
2025-06-12 00:36:00,22.6
2025-06-12 05:50:00,45.6
2025-06-12 18:51:00,3.0
2025-06-12 07:55:00,40.7
2025-06-12 17:11:00,8.9
2025-06-12 04:45:00,88.7
2025-06-12 02:28:00,73.2
2025-06-12 14:01:00,15.8
2025-06-12 22:44:00,93.3
2025-06-12 05:56:00,92.9
2025-06-12 01:02:00,59.3
2025-06-12 17:40:00,78.6
2025-06-12 17:20:00,2.4
2025-06-12 20:41:00,47.4
2025-06-12 00:42:00,50.18838223164841
2025-06-12 08:37:00,24.7
2025-06-12 15:08:00,26.2
2025-06-12 06:44:00,33.8
2025-06-12 11:59:00,56.0
2025-06-12 17:52:00,44.1
2025-06-12 17:28:00,88.8
2025-06-12 13:20:00,5.3
2025-06-12 07:39:00,24.1
2025-06-12 11:27:00,22.2
2025-06-12 08:45:00,31.2
2025-06-12 13:31:00,44.6
2025-06-12 15:58:00,3.7
2025-06-12 19:37:00,73.8
2025-06-12 08:53:00,33.4
2025-06-12 02:45:00,82.6
2025-06-12 21:43:00,24.7
2025-06-12 01:27:00,70.9
2025-06-12 03:36:00,55.8
2025-06-12 06:13:00,50.18838223164841
2025-06-12 18:51:00,81.2
2025-06-12 05:04:00,72.9
2025-06-12 07:21:00,11.6
2025-06-12 02:43:00,10.6
2025-06-12 12:44:00,98.0
2025-06-12 06:31:00,69.1
2025-06-12 08:41:00,94.2
2025-06-12 18:04:00,36.4
2025-06-12 11:48:00,40.1
2025-06-12 03:28:00,92.6
2025-06-12 00:14:00,47.6
2025-06-12 18:51:00,50.18838223164841
2025-06-12 20:40:00,12.6
2025-06-12 18:23:00,63.2
2025-06-12 14:41:00,47.8
2025-06-12 21:59:00,50.18838223164841
2025-06-12 19:25:00,2.0
2025-06-12 03:32:00,87.6
2025-06-12 01:47:00,31.6
2025-06-12 03:41:00,83.9
2025-06-12 13:08:00,22.9
2025-06-12 01:02:00,50.18838223164841
2025-06-12 19:21:00,60.8
2025-06-12 02:04:00,68.2
2025-06-12 07:33:00,16.5
2025-06-12 05:23:00,51.3
2025-06-12 04:04:00,75.3
2025-06-12 12:25:00,10.2
2025-06-12 20:24:00,50.18838223164841
2025-06-12 12:39:00,5.9
2025-06-12 15:38:00,92.2
2025-06-12 17:20:00,19.2
2025-06-12 22:18:00,50.18838223164841
2025-06-12 06:32:00,50.18838223164841
2025-06-12 12:00:00,21.7
2025-06-12 10:22:00,67.7
2025-06-12 11:57:00,89.4
2025-06-12 03:24:00,2.1
2025-06-12 06:53:00,50.18838223164841
2025-06-12 08:31:00,2.4
2025-06-12 13:21:00,23.7
2025-06-12 23:11:00,53.0
2025-06-12 20:41:00,62.1
2025-06-12 19:33:00,58.7
2025-06-12 08:55:00,76.3
2025-06-12 14:04:00,12.3
2025-06-12 08:25:00,7.3
2025-06-12 10:34:00,50.18838223164841
2025-06-12 11:44:00,32.4
2025-06-12 21:00:00,60.9
2025-06-12 07:07:00,50.18838223164841
2025-06-12 12:44:00,96.8
2025-06-12 22:08:00,73.3
2025-06-12 08:37:00,82.4
2025-06-12 21:59:00,19.4
2025-06-12 01:40:00,50.18838223164841
2025-06-12 15:18:00,83.5
2025-06-12 02:55:00,50.18838223164841
2025-06-12 14:52:00,50.18838223164841
2025-06-12 02:53:00,50.18838223164841
2025-06-12 07:50:00,41.8
2025-06-12 20:31:00,71.7
2025-06-12 01:22:00,50.18838223164841
2025-06-12 18:09:00,79.7
2025-06-12 00:08:00,35.0
2025-06-12 05:28:00,50.18838223164841
2025-06-12 16:28:00,15.7
2025-06-12 10:03:00,50.18838223164841
2025-06-12 19:38:00,58.8
2025-06-12 14:56:00,80.8
2025-06-12 15:03:00,11.4
2025-06-12 13:37:00,50.18838223164841
2025-06-12 18:01:00,50.18838223164841
2025-06-12 01:27:00,11.1
2025-06-12 12:27:00,50.18838223164841
2025-06-12 05:28:00,77.0
2025-06-12 12:10:00,35.7
2025-06-12 09:20:00,50.18838223164841
2025-06-12 04:10:00,93.1
2025-06-12 22:14:00,11.1
2025-06-12 22:21:00,43.1
2025-06-12 01:23:00,34.7
2025-06-12 08:36:00,77.8
2025-06-12 10:57:00,51.9
2025-06-12 17:02:00,79.9
2025-06-12 05:46:00,50.18838223164841
2025-06-12 00:32:00,79.8
2025-06-12 04:40:00,27.1
2025-06-12 17:06:00,69.3
2025-06-12 07:49:00,50.18838223164841
2025-06-12 20:54:00,65.1
2025-06-12 13:27:00,91.8
2025-06-12 20:46:00,85.8
2025-06-12 20:44:00,50.18838223164841
2025-06-12 20:02:00,6.4
2025-06-12 16:59:00,47.2
2025-06-12 05:41:00,76.4
2025-06-12 20:12:00,90.0
2025-06-12 17:04:00,75.8
2025-06-12 09:13:00,43.9
2025-06-12 16:06:00,73.6
2025-06-12 12:13:00,27.8
2025-06-12 13:47:00,27.1
2025-06-12 22:53:00,53.2
2025-06-12 10:56:00,28.1
2025-06-12 12:43:00,66.9
2025-06-12 21:08:00,78.0
2025-06-12 04:00:00,50.18838223164841
2025-06-12 16:07:00,50.18838223164841
2025-06-12 04:23:00,62.0
2025-06-12 15:59:00,54.8
2025-06-12 07:05:00,77.2
2025-06-12 07:05:00,92.2
2025-06-12 13:11:00,18.8
2025-06-12 03:13:00,41.8
2025-06-12 06:31:00,28.2
2025-06-12 14:21:00,92.3
2025-06-12 13:32:00,8.2
2025-06-12 21:23:00,88.0
2025-06-12 22:18:00,83.3
2025-06-12 08:43:00,50.18838223164841
2025-06-12 13:06:00,76.3
2025-06-12 08:26:00,50.18838223164841
2025-06-12 11:07:00,29.4
2025-06-12 23:06:00,85.4
2025-06-12 00:33:00,66.8
2025-06-12 07:02:00,50.18838223164841
2025-06-12 18:28:00,37.1
2025-06-12 00:40:00,8.7
2025-06-12 13:05:00,45.7
2025-06-12 08:17:00,97.0
2025-06-12 23:41:00,53.9
2025-06-12 03:45:00,65.9
2025-06-12 15:34:00,31.6
2025-06-12 10:39:00,79.6
2025-06-12 18:30:00,23.7
2025-06-12 12:45:00,99.2
2025-06-12 00:49:00,14.6
2025-06-12 01:26:00,63.5
2025-06-12 20:13:00,41.5
2025-06-12 08:32:00,91.5
2025-06-12 19:11:00,5.5
2025-06-12 23:13:00,99.8
2025-06-12 05:39:00,50.18838223164841
2025-06-12 11:04:00,22.6
2025-06-12 16:18:00,85.7
2025-06-12 12:31:00,19.7
2025-06-12 01:02:00,26.7
2025-06-12 04:12:00,89.7
2025-06-12 09:48:00,34.3
2025-06-12 15:41:00,63.0
2025-06-12 12:45:00,93.6
2025-06-12 09:24:00,34.2
2025-06-12 21:51:00,31.4
2025-06-12 06:36:00,19.9
2025-06-12 17:00:00,49.927249175694776
2025-06-12 19:05:00,92.3
2025-06-12 22:27:00,49.927249175694776
2025-06-12 18:35:00,13.2
2025-06-12 13:08:00,72.3
2025-06-12 20:29:00,96.4
2025-06-12 12:31:00,90.6
2025-06-12 11:09:00,93.6
2025-06-12 22:58:00,54.2
2025-06-12 12:23:00,51.4
2025-06-12 23:52:00,20.7
2025-06-12 11:04:00,68.2
2025-06-12 20:17:00,52.0
2025-06-12 09:04:00,55.3
2025-06-12 15:36:00,51.4
2025-06-12 06:58:00,89.1
2025-06-12 16:01:00,93.7
2025-06-12 16:19:00,23.9
2025-06-12 02:42:00,68.4
2025-06-12 18:30:00,76.9
2025-06-12 08:37:00,51.7
2025-06-12 21:54:00,80.3
2025-06-12 11:01:00,49.927249175694776
2025-06-12 06:06:00,96.8
2025-06-12 23:25:00,28.1
2025-06-12 18:09:00,93.3
2025-06-12 12:19:00,82.3
2025-06-12 02:51:00,8.0
2025-06-12 04:47:00,49.927249175694776
2025-06-12 06:50:00,54.3
2025-06-12 03:32:00,22.1
2025-06-12 07:46:00,23.0
2025-06-12 01:36:00,16.5
2025-06-12 15:53:00,26.7
2025-06-12 13:49:00,49.927249175694776
2025-06-12 23:43:00,35.6
2025-06-12 19:44:00,64.5
2025-06-12 23:33:00,86.5
2025-06-12 22:21:00,49.927249175694776
2025-06-12 02:09:00,49.927249175694776
2025-06-12 12:05:00,64.0
2025-06-12 18:49:00,99.8
2025-06-12 17:05:00,40.8
2025-06-12 18:16:00,95.4
2025-06-12 12:47:00,49.927249175694776
2025-06-12 16:47:00,49.4
2025-06-12 20:48:00,44.4
2025-06-12 20:21:00,13.7
2025-06-12 18:43:00,80.2
2025-06-12 19:27:00,78.7
2025-06-12 02:17:00,71.3
2025-06-12 14:29:00,8.3
2025-06-12 17:57:00,92.7
2025-06-12 03:15:00,7.8
2025-06-12 22:48:00,49.927249175694776
2025-06-12 19:51:00,8.2
2025-06-12 09:58:00,34.9
2025-06-12 01:18:00,44.5
2025-06-12 18:06:00,7.7
2025-06-12 14:35:00,49.927249175694776
2025-06-12 09:20:00,12.6
2025-06-12 06:07:00,92.0
2025-06-12 10:12:00,93.5
2025-06-12 23:03:00,81.9
2025-06-12 16:12:00,23.2
2025-06-12 00:14:00,90.9
2025-06-12 18:41:00,49.927249175694776
2025-06-12 03:04:00,79.6
2025-06-12 15:43:00,35.9
2025-06-12 06:09:00,22.7
2025-06-12 11:06:00,47.1
2025-06-12 00:04:00,31.7
2025-06-12 01:42:00,41.3
2025-06-12 20:06:00,39.7
2025-06-12 04:12:00,49.927249175694776
2025-06-12 04:21:00,94.6
2025-06-12 15:32:00,6.7
2025-06-12 05:58:00,40.1
2025-06-12 16:16:00,20.6
2025-06-12 15:40:00,94.0
2025-06-12 04:18:00,41.2
2025-06-12 07:06:00,90.3
2025-06-12 17:37:00,77.5
2025-06-12 01:49:00,66.5
2025-06-12 12:11:00,59.4
2025-06-12 21:17:00,50.4
2025-06-12 11:53:00,66.4
2025-06-12 02:38:00,81.7
2025-06-12 00:26:00,80.8
2025-06-12 02:30:00,49.927249175694776
2025-06-12 03:08:00,49.927249175694776
2025-06-12 07:47:00,43.2
2025-06-12 22:16:00,18.9
2025-06-12 15:27:00,48.8
2025-06-12 07:20:00,97.3
2025-06-12 01:03:00,2.7
2025-06-12 03:17:00,98.5
2025-06-12 21:09:00,27.2
2025-06-12 18:30:00,60.5
2025-06-12 16:06:00,3.6
2025-06-12 07:08:00,35.0
2025-06-12 08:38:00,67.4
2025-06-12 07:12:00,82.1
2025-06-12 17:42:00,41.9
2025-06-12 14:06:00,49.927249175694776
2025-06-12 03:54:00,34.6
2025-06-12 07:06:00,69.3
2025-06-12 16:17:00,82.4
2025-06-12 04:29:00,47.6
2025-06-12 07:47:00,20.2
2025-06-12 17:51:00,0.3
2025-06-12 16:07:00,49.927249175694776
2025-06-12 17:19:00,72.2
2025-06-12 17:00:00,31.7
2025-06-12 06:26:00,40.7
2025-06-12 20:33:00,8.0
2025-06-12 17:19:00,4.9
2025-06-12 03:47:00,32.7
2025-06-12 16:47:00,4.5
2025-06-12 14:54:00,61.0
2025-06-12 16:40:00,49.927249175694776
2025-06-12 11:07:00,78.5
2025-06-12 23:40:00,29.0
2025-06-12 21:49:00,77.5
2025-06-12 01:44:00,38.6
2025-06-12 11:00:00,95.5
2025-06-12 16:02:00,11.0
2025-06-12 09:48:00,49.927249175694776
2025-06-12 13:55:00,43.6
2025-06-12 11:55:00,89.7
2025-06-12 12:52:00,49.927249175694776
2025-06-12 14:06:00,76.2
2025-06-12 22:41:00,93.3
2025-06-12 10:10:00,46.0
2025-06-12 08:25:00,49.927249175694776
2025-06-12 22:35:00,45.0
2025-06-12 10:34:00,85.7
2025-06-12 02:41:00,78.4
2025-06-12 02:57:00,92.0
2025-06-12 13:08:00,49.927249175694776
2025-06-12 20:04:00,82.7
2025-06-12 11:45:00,55.9
2025-06-12 06:02:00,61.5
2025-06-12 22:01:00,49.927249175694776
2025-06-12 23:40:00,41.0
2025-06-12 20:13:00,60.0
2025-06-12 22:15:00,64.6
2025-06-12 00:09:00,17.6
2025-06-12 16:19:00,7.3
2025-06-12 01:42:00,67.6
2025-06-12 20:39:00,39.5
2025-06-12 02:29:00,53.6
2025-06-12 00:01:00,49.927249175694776
2025-06-12 15:14:00,88.0
2025-06-12 15:00:00,36.2
2025-06-12 20:11:00,98.3
2025-06-12 08:14:00,9.6
2025-06-12 08:20:00,54.6
2025-06-12 12:19:00,49.927249175694776
2025-06-12 18:47:00,37.4
2025-06-12 09:03:00,96.0
2025-06-12 02:13:00,49.927249175694776
2025-06-12 03:29:00,8.0
2025-06-12 07:31:00,36.3
2025-06-12 02:33:00,49.927249175694776
2025-06-12 07:14:00,33.9
2025-06-12 02:24:00,73.2
2025-06-12 10:08:00,62.7
2025-06-12 15:02:00,97.6
2025-06-12 13:58:00,74.0
2025-06-12 16:27:00,73.7
2025-06-12 03:02:00,1.5
2025-06-12 10:21:00,25.4
2025-06-12 22:44:00,43.5
2025-06-12 22:38:00,25.3
2025-06-12 00:37:00,78.4
2025-06-12 17:23:00,45.6
2025-06-12 13:45:00,2.2
2025-06-12 07:32:00,58.0
2025-06-12 03:15:00,0.7
2025-06-12 20:07:00,28.2
2025-06-12 01:13:00,16.8
2025-06-12 11:45:00,49.927249175694776
2025-06-12 12:34:00,89.3
2025-06-12 03:45:00,49.927249175694776
2025-06-12 15:13:00,49.927249175694776
2025-06-12 20:40:00,6.4
2025-06-12 02:50:00,32.2
2025-06-12 04:55:00,53.9
2025-06-12 06:44:00,16.9
2025-06-12 14:53:00,58.3
2025-06-12 15:44:00,49.927249175694776
2025-06-12 10:12:00,38.3
2025-06-12 06:15:00,6.6
2025-06-12 01:34:00,40.8
2025-06-12 23:22:00,49.927249175694776
2025-06-12 18:30:00,49.927249175694776
2025-06-12 07:12:00,70.3
2025-06-12 17:10:00,25.7
2025-06-12 00:37:00,10.0
2025-06-12 12:42:00,75.8
2025-06-12 11:34:00,97.0
2025-06-12 06:22:00,46.5
2025-06-12 09:33:00,45.9
2025-06-12 09:34:00,48.5
2025-06-12 08:30:00,44.2
2025-06-12 09:30:00,10.0
2025-06-12 05:48:00,37.4
2025-06-12 00:09:00,9.2
2025-06-12 14:47:00,42.6
2025-06-12 22:10:00,19.7
2025-06-12 17:18:00,84.9
2025-06-12 09:40:00,23.8
2025-06-12 00:32:00,15.1
2025-06-12 23:20:00,66.3
2025-06-12 12:43:00,11.8
2025-06-12 17:19:00,30.0
2025-06-12 11:47:00,33.1
2025-06-12 19:34:00,22.4
2025-06-12 02:17:00,72.3
2025-06-12 21:52:00,49.927249175694776
2025-06-12 10:33:00,18.7
2025-06-12 15:32:00,22.6
2025-06-12 05:34:00,25.6
2025-06-12 11:59:00,3.0
2025-06-12 15:24:00,88.3
2025-06-12 10:07:00,49.8
2025-06-12 06:43:00,12.1
2025-06-12 00:49:00,19.2
2025-06-12 02:00:00,37.0
2025-06-12 09:55:00,20.8
2025-06-12 20:47:00,67.1
2025-06-12 02:55:00,98.5
2025-06-12 10:01:00,73.5
2025-06-12 03:23:00,8.3
2025-06-12 20:13:00,33.6
2025-06-12 01:54:00,60.7
2025-06-12 17:40:00,32.9
2025-06-12 20:26:00,4.7
2025-06-12 05:17:00,24.6
2025-06-12 06:53:00,94.8
2025-06-12 11:57:00,94.8
2025-06-12 15:38:00,7.9
2025-06-12 08:52:00,81.7
2025-06-12 06:55:00,49.927249175694776
2025-06-12 16:59:00,41.1
2025-06-12 16:44:00,17.9
2025-06-12 00:00:00,0.1
2025-06-12 06:41:00,86.0
2025-06-12 02:26:00,66.2
2025-06-12 09:40:00,49.927249175694776
2025-06-12 00:01:00,87.7
2025-06-12 05:33:00,73.1
2025-06-12 10:04:00,33.6
2025-06-12 02:29:00,47.4
2025-06-12 23:19:00,47.0
2025-06-12 08:18:00,52.3
2025-06-12 11:35:00,97.1
2025-06-12 22:50:00,4.0
2025-06-12 14:24:00,2.7
2025-06-12 13:40:00,70.5
2025-06-12 23:11:00,31.8
2025-06-12 07:47:00,91.0
2025-06-12 05:57:00,63.6
2025-06-12 15:48:00,26.5
2025-06-12 10:59:00,60.3
2025-06-12 00:33:00,55.8
2025-06-12 16:37:00,32.7
2025-06-12 20:50:00,65.0
2025-06-12 22:15:00,89.2
2025-06-12 15:18:00,49.7
2025-06-12 14:20:00,6.7
2025-06-12 05:18:00,69.0
2025-06-12 17:04:00,19.7
2025-06-12 02:42:00,49.927249175694776
2025-06-12 09:48:00,41.5
2025-06-12 16:40:00,4.2
2025-06-12 04:38:00,44.8
2025-06-12 19:55:00,87.6
2025-06-12 03:46:00,30.0
2025-06-12 13:52:00,94.0
2025-06-12 04:30:00,55.3
2025-06-12 00:18:00,73.1
2025-06-12 05:37:00,31.4
2025-06-12 10:44:00,1.3
2025-06-12 09:53:00,49.927249175694776
2025-06-12 03:48:00,49.927249175694776
2025-06-12 04:04:00,15.4
2025-06-12 12:48:00,3.1
2025-06-12 10:15:00,65.7
2025-06-12 16:11:00,16.3
2025-06-12 13:58:00,2.5
2025-06-12 03:36:00,49.927249175694776
2025-06-12 12:01:00,20.7
2025-06-12 15:50:00,5.7
2025-06-12 17:03:00,22.8
2025-06-12 08:15:00,93.3
2025-06-12 20:23:00,17.2
2025-06-12 19:34:00,40.9
2025-06-12 04:29:00,70.3
2025-06-12 07:51:00,2.8
2025-06-12 22:24:00,12.8
2025-06-12 12:45:00,24.0
2025-06-12 20:23:00,19.7
2025-06-12 18:21:00,9.0
2025-06-12 01:50:00,33.6
2025-06-12 21:10:00,39.9
2025-06-12 17:23:00,77.1
2025-06-12 22:22:00,49.927249175694776
2025-06-12 08:32:00,54.9
2025-06-12 17:12:00,87.3
2025-06-12 14:14:00,30.9
2025-06-12 09:14:00,33.8
2025-06-12 21:45:00,14.8
2025-06-12 08:18:00,52.5
2025-06-12 10:53:00,64.4
2025-06-12 12:01:00,49.72265128325876
2025-06-12 21:06:00,49.72265128325876
2025-06-12 22:32:00,84.0
2025-06-12 15:10:00,0.3
2025-06-12 14:41:00,63.2
2025-06-12 20:34:00,94.3
2025-06-12 10:18:00,62.4
2025-06-12 14:27:00,87.7
2025-06-12 10:52:00,25.6
2025-06-12 20:47:00,9.9
2025-06-12 19:24:00,71.4
2025-06-12 17:37:00,39.5
2025-06-12 17:32:00,49.72265128325876
2025-06-12 17:33:00,98.7
2025-06-12 07:47:00,60.3
2025-06-12 01:32:00,6.8
2025-06-12 18:21:00,2.3
2025-06-12 09:39:00,46.7
2025-06-12 05:06:00,80.3
2025-06-12 12:32:00,49.72265128325876
2025-06-12 09:52:00,13.7
2025-06-12 02:44:00,84.1
2025-06-12 00:21:00,64.1
2025-06-12 00:16:00,49.72265128325876
2025-06-12 06:28:00,49.2
2025-06-12 18:17:00,67.6
2025-06-12 08:16:00,38.4
2025-06-12 00:28:00,57.5
2025-06-12 16:49:00,44.6
2025-06-12 18:46:00,94.2
2025-06-12 22:36:00,49.72265128325876
2025-06-12 12:33:00,76.4
2025-06-12 20:55:00,51.6
2025-06-12 23:18:00,90.6
2025-06-12 15:23:00,74.5
2025-06-12 06:41:00,3.5
2025-06-12 18:39:00,72.3
2025-06-12 22:33:00,49.72265128325876
2025-06-12 14:13:00,0.1
2025-06-12 15:37:00,49.72265128325876
2025-06-12 06:05:00,89.5
2025-06-12 01:22:00,58.7
2025-06-12 02:09:00,85.1
2025-06-12 07:55:00,74.8
2025-06-12 07:45:00,92.4
2025-06-12 03:06:00,0.9
2025-06-12 16:31:00,97.3
2025-06-12 13:08:00,86.3
2025-06-12 10:48:00,80.7
2025-06-12 18:38:00,13.3
2025-06-12 00:27:00,49.72265128325876
2025-06-12 20:36:00,39.7
2025-06-12 17:02:00,45.6
2025-06-12 15:47:00,21.4
2025-06-12 23:50:00,69.5
2025-06-12 11:51:00,6.0
2025-06-12 11:04:00,30.0
2025-06-12 02:13:00,69.0
2025-06-12 05:14:00,40.2
2025-06-12 09:39:00,88.0
2025-06-12 05:04:00,73.6
2025-06-12 17:32:00,8.2
2025-06-12 10:34:00,90.8
2025-06-12 22:12:00,39.9
2025-06-12 15:57:00,49.72265128325876
2025-06-12 14:55:00,82.5
2025-06-12 16:22:00,20.7
2025-06-12 22:48:00,29.8
2025-06-12 05:04:00,79.0
2025-06-12 21:31:00,49.72265128325876
2025-06-12 04:04:00,31.6
2025-06-12 01:44:00,0.6
2025-06-12 09:19:00,10.0
2025-06-12 07:53:00,0.3
2025-06-12 09:02:00,62.5
2025-06-12 22:52:00,17.0
2025-06-12 05:34:00,50.2
2025-06-12 03:23:00,4.7
2025-06-12 11:02:00,77.3
2025-06-12 20:56:00,49.72265128325876
2025-06-12 04:23:00,49.72265128325876
2025-06-12 18:39:00,26.0
2025-06-12 04:10:00,11.4
2025-06-12 04:11:00,85.6
2025-06-12 09:43:00,62.8
2025-06-12 08:44:00,49.72265128325876
2025-06-12 01:51:00,49.72265128325876
2025-06-12 00:45:00,16.7
2025-06-12 01:35:00,15.7
2025-06-12 03:37:00,90.7
2025-06-12 18:58:00,30.7
2025-06-12 11:55:00,28.9
2025-06-12 02:04:00,49.72265128325876
2025-06-12 07:47:00,80.4
2025-06-12 12:17:00,79.1
2025-06-12 20:16:00,14.7
2025-06-12 10:38:00,45.4
2025-06-12 00:10:00,70.7
2025-06-12 14:49:00,86.5
2025-06-12 05:19:00,65.9
2025-06-12 17:00:00,49.0
2025-06-12 19:09:00,71.0
2025-06-12 15:57:00,49.72265128325876
2025-06-12 13:39:00,62.8
2025-06-12 22:05:00,31.7
2025-06-12 17:30:00,49.72265128325876
2025-06-12 02:22:00,74.5
2025-06-12 01:05:00,85.1
2025-06-12 05:14:00,49.72265128325876
2025-06-12 15:03:00,73.8
2025-06-12 12:58:00,49.72265128325876
2025-06-12 21:02:00,60.0
2025-06-12 07:53:00,49.72265128325876
2025-06-12 14:25:00,0.6
2025-06-12 13:00:00,63.3
2025-06-12 17:17:00,67.9
2025-06-12 01:03:00,42.4
2025-06-12 04:13:00,49.72265128325876
2025-06-12 21:32:00,50.0
2025-06-12 00:27:00,99.8
2025-06-12 06:24:00,43.0
2025-06-12 08:53:00,27.5
2025-06-12 10:33:00,52.5
2025-06-12 12:38:00,35.2
2025-06-12 02:51:00,22.7
2025-06-12 03:31:00,62.7
2025-06-12 17:58:00,46.9
2025-06-12 15:59:00,29.5
2025-06-12 09:15:00,94.6
2025-06-12 06:31:00,76.3
2025-06-12 11:29:00,71.5
2025-06-12 20:25:00,49.72265128325876
2025-06-12 19:49:00,1.6
2025-06-12 00:06:00,0.1
2025-06-12 15:19:00,93.4
2025-06-12 18:10:00,30.9
2025-06-12 14:42:00,57.1
2025-06-12 17:52:00,69.7
2025-06-12 11:43:00,37.1
2025-06-12 13:40:00,16.8
2025-06-12 08:57:00,49.72265128325876
2025-06-12 19:38:00,32.1
2025-06-12 21:43:00,41.3
2025-06-12 13:31:00,53.3
2025-06-12 05:16:00,68.1
2025-06-12 00:30:00,59.7
2025-06-12 03:18:00,48.2
2025-06-12 13:09:00,76.6
2025-06-12 11:14:00,71.6
2025-06-12 05:15:00,0.9
2025-06-12 23:57:00,38.8
2025-06-12 09:25:00,24.0
2025-06-12 03:08:00,36.6
2025-06-12 00:23:00,63.1
2025-06-12 19:53:00,81.2
2025-06-12 04:02:00,76.3
2025-06-12 17:52:00,4.6
2025-06-12 02:31:00,47.1
2025-06-12 06:04:00,73.2
2025-06-12 00:27:00,75.7
2025-06-12 00:38:00,95.4
2025-06-12 10:59:00,85.7
2025-06-12 10:22:00,77.9
2025-06-12 00:55:00,62.9
2025-06-12 12:17:00,7.9
2025-06-12 06:51:00,99.3
2025-06-12 14:05:00,39.0
2025-06-12 23:20:00,0.7
2025-06-12 05:36:00,5.1
2025-06-12 02:30:00,12.9
2025-06-12 02:13:00,67.1
2025-06-12 21:53:00,12.1
2025-06-12 23:27:00,85.1
2025-06-12 08:49:00,30.8
2025-06-12 09:41:00,99.5
2025-06-12 16:04:00,22.0
2025-06-12 14:52:00,14.3
2025-06-12 11:18:00,49.1
2025-06-12 05:00:00,61.8
2025-06-12 05:52:00,92.3
2025-06-12 05:44:00,84.6
2025-06-12 10:19:00,89.1
2025-06-12 10:56:00,1.1
2025-06-12 03:11:00,58.6
2025-06-12 01:54:00,48.0
2025-06-12 13:09:00,46.6
2025-06-12 13:52:00,73.4
2025-06-12 20:03:00,1.1
2025-06-12 16:16:00,49.72265128325876
2025-06-12 10:43:00,10.2
2025-06-12 11:00:00,60.9
2025-06-12 17:33:00,46.3
2025-06-12 00:32:00,95.9
2025-06-12 14:51:00,56.6
2025-06-12 19:15:00,62.4
2025-06-12 22:11:00,8.1
2025-06-12 17:43:00,66.4
2025-06-12 20:43:00,0.8
2025-06-12 05:27:00,37.1
2025-06-12 18:36:00,25.3
2025-06-12 04:32:00,0.4
2025-06-12 19:06:00,70.5
2025-06-12 17:10:00,43.3
2025-06-12 14:02:00,54.1
2025-06-12 20:14:00,77.0
2025-06-12 13:39:00,29.3
2025-06-12 11:16:00,49.72265128325876
2025-06-12 13:08:00,44.1
2025-06-12 15:12:00,47.8
2025-06-12 11:27:00,34.8
2025-06-12 01:41:00,47.7
2025-06-12 23:12:00,20.6
2025-06-12 13:10:00,30.3
2025-06-12 15:40:00,13.2
2025-06-12 13:53:00,85.2
2025-06-12 13:25:00,49.72265128325876
2025-06-12 22:57:00,90.3
2025-06-12 19:35:00,18.7
2025-06-12 01:44:00,83.7
2025-06-12 01:38:00,25.8
2025-06-12 04:20:00,88.0
2025-06-12 13:53:00,99.5
2025-06-12 03:30:00,69.6
2025-06-12 06:45:00,61.6
2025-06-12 13:59:00,89.2
2025-06-12 05:50:00,16.9
2025-06-12 08:17:00,27.6
2025-06-12 20:47:00,36.1
2025-06-12 11:51:00,87.5
2025-06-12 12:30:00,58.0
2025-06-12 12:07:00,6.3
2025-06-12 17:24:00,49.72265128325876
2025-06-12 22:12:00,59.9
2025-06-12 23:57:00,9.2
2025-06-12 08:13:00,49.72265128325876
2025-06-12 18:31:00,27.7
2025-06-12 12:08:00,36.6
2025-06-12 07:05:00,65.3
2025-06-12 16:32:00,68.8
2025-06-12 06:18:00,91.0
2025-06-12 12:27:00,62.4
2025-06-12 00:18:00,63.2
2025-06-12 22:18:00,32.1
2025-06-12 19:35:00,80.3
2025-06-12 20:24:00,66.4
2025-06-12 17:55:00,83.1
2025-06-12 19:00:00,3.2
2025-06-12 21:13:00,89.2
2025-06-12 01:04:00,31.6
2025-06-12 05:22:00,21.0
2025-06-12 10:33:00,56.8
2025-06-12 06:46:00,53.8
2025-06-12 19:11:00,72.3
2025-06-12 12:26:00,9.5
2025-06-12 04:19:00,96.7
2025-06-12 20:06:00,63.0
2025-06-12 06:40:00,49.72265128325876
2025-06-12 05:00:00,70.3
2025-06-12 04:56:00,33.7
2025-06-12 20:50:00,58.0
2025-06-12 16:07:00,15.0
2025-06-12 23:55:00,56.0
2025-06-12 02:43:00,50.9
2025-06-12 12:10:00,49.72265128325876
2025-06-12 21:29:00,25.4
2025-06-12 23:10:00,14.5
2025-06-12 12:04:00,81.0
2025-06-12 10:07:00,25.5
2025-06-12 08:26:00,49.72265128325876
2025-06-12 19:26:00,67.1
2025-06-12 18:35:00,49.72265128325876
2025-06-12 07:32:00,48.5
2025-06-12 18:34:00,10.3
2025-06-12 23:48:00,49.72265128325876
2025-06-12 07:19:00,90.4
2025-06-12 09:03:00,70.9
2025-06-12 23:28:00,95.4
2025-06-12 15:47:00,76.7
2025-06-12 05:02:00,2.2
2025-06-12 00:34:00,7.5
2025-06-12 23:29:00,57.7
2025-06-12 19:42:00,50.6
2025-06-12 12:38:00,67.0
2025-06-12 08:51:00,53.1
2025-06-12 12:39:00,10.3
2025-06-12 03:45:00,65.6
2025-06-12 00:45:00,30.3
2025-06-12 01:23:00,72.5
2025-06-12 04:42:00,47.1
2025-06-12 00:42:00,51.3
2025-06-12 09:17:00,4.3
2025-06-12 16:18:00,49.72265128325876
2025-06-12 05:34:00,98.9
2025-06-12 11:21:00,49.72265128325876
2025-06-12 03:57:00,96.7
2025-06-12 09:06:00,76.9
2025-06-12 18:50:00,91.9
2025-06-12 01:55:00,80.5
2025-06-12 03:06:00,84.1
2025-06-12 19:14:00,68.6
2025-06-12 11:25:00,49.2
2025-06-12 03:53:00,24.5
2025-06-12 03:52:00,49.72265128325876
2025-06-12 20:55:00,4.4
2025-06-12 09:42:00,88.3
2025-06-12 14:25:00,49.72265128325876
2025-06-12 10:45:00,38.0
2025-06-12 13:00:00,61.1
2025-06-12 06:50:00,37.9
2025-06-12 10:09:00,78.8
2025-06-12 20:50:00,67.0
2025-06-12 16:29:00,47.8
2025-06-12 23:00:00,49.72265128325876
2025-06-12 15:25:00,49.72265128325876
2025-06-12 09:26:00,96.2
2025-06-12 22:30:00,65.7
2025-06-12 03:26:00,49.72265128325876
2025-06-12 06:46:00,70.2
2025-06-12 03:09:00,14.4
2025-06-12 19:00:00,85.6
2025-06-12 12:18:00,49.72265128325876
2025-06-12 16:16:00,7.4
2025-06-12 00:02:00,70.8
2025-06-12 09:49:00,51.3
2025-06-12 13:54:00,90.7
2025-06-12 18:40:00,26.7
2025-06-12 14:25:00,61.4
2025-06-12 02:37:00,7.5
2025-06-12 07:12:00,75.3
2025-06-12 16:08:00,21.6
2025-06-12 20:02:00,49.72265128325876
2025-06-12 23:02:00,33.2
2025-06-12 00:42:00,83.2
2025-06-12 16:58:00,62.0
2025-06-12 20:09:00,98.8
2025-06-12 15:30:00,27.2
2025-06-12 06:09:00,49.72265128325876
2025-06-12 09:20:00,59.0
2025-06-12 18:13:00,17.8
2025-06-12 18:22:00,22.6
2025-06-12 03:43:00,55.5
2025-06-12 03:23:00,96.3
2025-06-12 01:02:00,37.1
2025-06-12 15:05:00,50.25777465777466
2025-06-12 04:40:00,50.25777465777466
2025-06-12 08:07:00,39.7
2025-06-12 00:40:00,4.0
2025-06-12 23:17:00,57.3
2025-06-12 04:07:00,67.2
2025-06-12 12:47:00,80.5
2025-06-12 04:46:00,50.25777465777466
2025-06-12 14:12:00,50.25777465777466
2025-06-12 08:31:00,58.6
2025-06-12 04:12:00,27.8
2025-06-12 05:03:00,10.4
2025-06-12 10:39:00,33.6
2025-06-12 18:13:00,50.25777465777466
2025-06-12 03:13:00,83.6
2025-06-12 19:45:00,45.3
2025-06-12 20:07:00,97.1
2025-06-12 17:42:00,97.8
2025-06-12 17:35:00,77.1
2025-06-12 10:56:00,40.4
2025-06-12 05:37:00,16.5
2025-06-12 14:06:00,3.4
2025-06-12 10:17:00,44.9
2025-06-12 15:04:00,89.3
2025-06-12 23:26:00,51.5
2025-06-12 13:35:00,45.6
2025-06-12 18:51:00,10.3
2025-06-12 19:33:00,53.7
2025-06-12 17:41:00,64.0
2025-06-12 06:35:00,50.25777465777466
2025-06-12 09:38:00,77.3
2025-06-12 13:05:00,37.4
2025-06-12 05:42:00,75.7
2025-06-12 06:09:00,56.1
2025-06-12 14:52:00,90.3
2025-06-12 18:57:00,48.4
2025-06-12 13:21:00,82.8
2025-06-12 23:54:00,73.0
2025-06-12 22:31:00,92.9
2025-06-12 12:44:00,50.25777465777466
2025-06-12 12:33:00,44.8
2025-06-12 20:11:00,13.9
2025-06-12 17:09:00,36.6
2025-06-12 06:12:00,33.9
2025-06-12 08:42:00,50.25777465777466
2025-06-12 05:50:00,64.3
2025-06-12 08:01:00,93.1
2025-06-12 22:26:00,46.7
2025-06-12 02:37:00,54.9
2025-06-12 01:24:00,10.4
2025-06-12 08:15:00,41.6
2025-06-12 18:32:00,50.25777465777466
2025-06-12 17:30:00,29.7
2025-06-12 00:48:00,98.9
2025-06-12 14:40:00,60.6
2025-06-12 07:19:00,66.5
2025-06-12 21:39:00,89.4
2025-06-12 21:20:00,20.4
2025-06-12 09:15:00,50.25777465777466
2025-06-12 08:10:00,50.25777465777466
2025-06-12 22:04:00,18.7
2025-06-12 20:43:00,50.25777465777466
2025-06-12 12:03:00,16.9
2025-06-12 02:37:00,79.0
2025-06-12 23:03:00,50.25777465777466
2025-06-12 01:31:00,0.7
2025-06-12 15:01:00,30.3
2025-06-12 16:36:00,38.3
2025-06-12 11:14:00,39.7
2025-06-12 13:01:00,44.7
2025-06-12 08:33:00,35.6
2025-06-12 05:52:00,38.0
2025-06-12 00:19:00,50.25777465777466
2025-06-12 02:47:00,77.2
2025-06-12 18:43:00,39.1
2025-06-12 23:48:00,9.1
2025-06-12 12:52:00,44.3
2025-06-12 11:01:00,39.6
2025-06-12 07:11:00,80.6
2025-06-12 18:16:00,50.25777465777466
2025-06-12 18:52:00,50.25777465777466
2025-06-12 01:18:00,9.6
2025-06-12 10:55:00,31.2
2025-06-12 04:04:00,9.8
2025-06-12 13:18:00,50.25777465777466
2025-06-12 06:36:00,15.6
2025-06-12 15:52:00,3.4
2025-06-12 21:19:00,11.5
2025-06-12 20:48:00,45.1
2025-06-12 12:41:00,71.9
2025-06-12 21:42:00,49.3
2025-06-12 05:37:00,71.2
2025-06-12 15:26:00,93.1
2025-06-12 07:45:00,18.5
2025-06-12 15:09:00,19.9
2025-06-12 18:44:00,19.8
2025-06-12 12:21:00,1.4
2025-06-12 00:15:00,89.0
2025-06-12 12:52:00,81.3
2025-06-12 12:56:00,50.7
2025-06-12 22:48:00,68.6
2025-06-12 06:50:00,12.2
2025-06-12 11:45:00,51.8
2025-06-12 12:14:00,44.5
2025-06-12 22:32:00,38.5
2025-06-12 15:35:00,29.5
2025-06-12 08:40:00,1.8
2025-06-12 18:17:00,50.25777465777466
2025-06-12 10:39:00,88.3
2025-06-12 02:31:00,2.1
2025-06-12 18:49:00,19.3
2025-06-12 08:08:00,73.5
2025-06-12 16:39:00,79.3
2025-06-12 09:27:00,62.0
2025-06-12 19:56:00,17.3
2025-06-12 08:13:00,50.25777465777466
2025-06-12 10:33:00,41.8
2025-06-12 17:26:00,23.6
2025-06-12 08:37:00,37.4
2025-06-12 06:21:00,79.6
2025-06-12 09:47:00,97.3
2025-06-12 19:57:00,50.25777465777466
2025-06-12 01:11:00,26.2
2025-06-12 07:45:00,20.6
2025-06-12 22:03:00,95.1
2025-06-12 04:16:00,98.6
2025-06-12 06:25:00,3.4
2025-06-12 18:53:00,91.1
2025-06-12 21:35:00,28.3
2025-06-12 04:10:00,15.3
2025-06-12 21:53:00,75.7
2025-06-12 15:15:00,1.1
2025-06-12 11:13:00,59.5
2025-06-12 04:14:00,3.2
2025-06-12 10:56:00,50.25777465777466
2025-06-12 06:06:00,3.5
2025-06-12 11:06:00,52.8
2025-06-12 06:41:00,69.2
2025-06-12 21:10:00,58.3
2025-06-12 03:24:00,70.7
2025-06-12 16:41:00,0.7
2025-06-12 18:37:00,4.4
2025-06-12 07:24:00,20.1
2025-06-12 18:36:00,29.0
2025-06-12 17:37:00,0.1
2025-06-12 15:14:00,86.8
2025-06-12 12:19:00,10.8
2025-06-12 18:15:00,50.25777465777466
2025-06-12 04:20:00,97.2
2025-06-12 01:47:00,14.8
2025-06-12 15:37:00,84.5
2025-06-12 12:30:00,44.4
2025-06-12 06:37:00,37.2
2025-06-12 17:11:00,29.5
2025-06-12 02:50:00,48.1
2025-06-12 07:14:00,60.7
2025-06-12 16:58:00,50.25777465777466
2025-06-12 11:17:00,53.2
2025-06-12 03:37:00,50.25777465777466
2025-06-12 23:08:00,35.9
2025-06-12 04:48:00,41.5
2025-06-12 09:37:00,72.4
2025-06-12 10:42:00,15.3
2025-06-12 15:13:00,60.7
2025-06-12 06:42:00,28.5
2025-06-12 02:48:00,74.3
2025-06-12 04:27:00,18.1
2025-06-12 06:57:00,41.4
2025-06-12 04:28:00,9.2
2025-06-12 10:52:00,42.7
2025-06-12 01:17:00,47.5
2025-06-12 07:02:00,23.4
2025-06-12 22:53:00,16.3
2025-06-12 06:02:00,42.3
2025-06-12 18:09:00,46.7
2025-06-12 21:00:00,92.8
2025-06-12 08:44:00,74.0
2025-06-12 09:27:00,50.25777465777466
2025-06-12 16:53:00,86.7
2025-06-12 19:44:00,68.5
2025-06-12 05:24:00,86.2
2025-06-12 04:33:00,73.5
2025-06-12 19:48:00,50.3
2025-06-12 16:48:00,82.1
2025-06-12 16:23:00,30.2
2025-06-12 00:56:00,50.25777465777466
2025-06-12 06:18:00,38.4
2025-06-12 07:04:00,43.5
2025-06-12 22:31:00,62.8
2025-06-12 08:14:00,1.0
2025-06-12 01:28:00,77.8
2025-06-12 14:00:00,82.4
2025-06-12 02:08:00,80.3
2025-06-12 08:36:00,25.6
2025-06-12 01:20:00,0.5
2025-06-12 06:55:00,51.4
2025-06-12 12:35:00,27.6
2025-06-12 10:56:00,50.25777465777466
2025-06-12 05:23:00,48.5
2025-06-12 23:17:00,51.1
2025-06-12 12:48:00,66.1
2025-06-12 04:40:00,46.2
2025-06-12 01:09:00,50.25777465777466
2025-06-12 09:06:00,84.7
2025-06-12 17:44:00,50.25777465777466
2025-06-12 14:16:00,73.6
2025-06-12 08:47:00,48.4
2025-06-12 00:29:00,52.4
2025-06-12 20:36:00,10.8
2025-06-12 06:00:00,43.8
2025-06-12 06:40:00,50.25777465777466
2025-06-12 15:00:00,29.7
2025-06-12 18:54:00,10.9
2025-06-12 04:44:00,33.7
2025-06-12 05:04:00,99.0
2025-06-12 07:24:00,31.9
2025-06-12 08:32:00,33.0
2025-06-12 06:32:00,50.25777465777466
2025-06-12 19:02:00,50.25777465777466
2025-06-12 20:25:00,35.8
2025-06-12 15:08:00,24.1
2025-06-12 11:34:00,50.25777465777466
2025-06-12 04:11:00,50.25777465777466
2025-06-12 02:03:00,27.6
2025-06-12 14:49:00,23.5
2025-06-12 19:31:00,35.1
2025-06-12 20:40:00,4.8
2025-06-12 09:21:00,71.0
2025-06-12 20:16:00,99.2
2025-06-12 19:27:00,50.25777465777466
2025-06-12 00:35:00,83.0
2025-06-12 05:30:00,58.7
2025-06-12 19:56:00,6.6
2025-06-12 21:07:00,50.25777465777466
2025-06-12 10:30:00,62.5
2025-06-12 15:55:00,58.4
2025-06-12 23:19:00,53.1
2025-06-12 17:31:00,50.25777465777466
2025-06-12 19:28:00,2.8
2025-06-12 10:40:00,21.1
2025-06-12 20:09:00,50.25777465777466
2025-06-12 02:59:00,45.8
2025-06-12 19:36:00,72.1
2025-06-12 16:02:00,50.25777465777466
2025-06-12 09:28:00,34.9
2025-06-12 19:06:00,72.4
2025-06-12 23:05:00,39.3
2025-06-12 13:40:00,3.2
2025-06-12 18:50:00,75.6
2025-06-12 21:52:00,77.7
2025-06-12 07:11:00,35.9
2025-06-12 12:25:00,50.25777465777466
2025-06-12 00:48:00,33.4
2025-06-12 23:00:00,6.6
2025-06-12 06:33:00,83.7
2025-06-12 05:56:00,21.0
2025-06-12 18:11:00,43.3
2025-06-12 06:38:00,50.25777465777466
2025-06-12 15:46:00,11.3
2025-06-12 22:22:00,50.25777465777466
2025-06-12 09:45:00,6.2
2025-06-12 13:32:00,32.0
2025-06-12 04:36:00,62.2
2025-06-12 23:16:00,70.4
2025-06-12 06:08:00,50.25777465777466
2025-06-12 06:29:00,81.7
2025-06-12 17:57:00,93.1
2025-06-12 05:17:00,34.6
2025-06-12 22:19:00,50.25777465777466
2025-06-12 08:20:00,50.25777465777466
2025-06-12 19:32:00,62.3
2025-06-12 09:29:00,49.7
2025-06-12 23:23:00,2.1
2025-06-12 14:08:00,22.7
2025-06-12 11:42:00,92.9
2025-06-12 23:01:00,24.6
2025-06-12 00:43:00,49.4
2025-06-12 01:56:00,79.8
2025-06-12 00:19:00,74.8
2025-06-12 04:11:00,99.4
2025-06-12 09:07:00,98.0
2025-06-12 09:11:00,62.2
2025-06-12 18:03:00,16.1
2025-06-12 21:26:00,70.2
2025-06-12 19:32:00,70.4
2025-06-12 20:46:00,28.3
2025-06-12 02:25:00,69.8
2025-06-12 07:54:00,25.3
2025-06-12 19:13:00,34.8
2025-06-12 02:27:00,2.3
2025-06-12 01:18:00,44.5
2025-06-12 07:59:00,96.2
2025-06-12 03:41:00,72.6
2025-06-12 17:36:00,74.5
2025-06-12 04:35:00,23.9
2025-06-12 14:46:00,40.9
2025-06-12 10:56:00,80.6
2025-06-12 08:11:00,28.2
2025-06-12 15:06:00,69.4
2025-06-12 05:25:00,50.25777465777466
2025-06-12 21:05:00,29.3
2025-06-12 17:22:00,50.25777465777466
2025-06-12 05:55:00,67.4
2025-06-12 05:25:00,50.25777465777466
2025-06-12 12:08:00,71.9
2025-06-12 20:19:00,15.0
2025-06-12 23:28:00,76.3
2025-06-12 08:29:00,83.8
2025-06-12 01:19:00,58.0
2025-06-12 03:10:00,28.2
2025-06-12 01:21:00,50.25777465777466
2025-06-12 03:28:00,20.3
2025-06-12 10:35:00,36.3
2025-06-12 13:45:00,80.2
2025-06-12 10:11:00,65.5
2025-06-12 01:43:00,84.5
2025-06-12 10:38:00,9.0
2025-06-12 21:19:00,64.2
2025-06-12 04:03:00,8.2
2025-06-12 16:54:00,86.3
2025-06-12 01:36:00,34.7
2025-06-12 15:22:00,50.5
2025-06-12 03:59:00,59.3
2025-06-12 02:37:00,45.4
2025-06-12 11:26:00,77.6
2025-06-12 16:55:00,55.7
2025-06-12 04:23:00,78.1
2025-06-12 04:27:00,50.25777465777466
2025-06-12 11:13:00,50.25777465777466
2025-06-12 16:04:00,68.1
2025-06-12 21:56:00,7.1
2025-06-12 03:21:00,72.5
2025-06-12 05:45:00,50.25777465777466
2025-06-12 19:15:00,52.1
2025-06-12 03:34:00,50.25777465777466
2025-06-12 22:25:00,5.9
2025-06-12 04:33:00,57.3
2025-06-12 01:57:00,35.9
2025-06-12 12:55:00,31.3
2025-06-12 15:03:00,74.5
2025-06-12 12:45:00,50.25777465777466
2025-06-12 07:20:00,69.7
2025-06-12 16:33:00,49.9464552238806
2025-06-12 11:17:00,73.9
2025-06-12 01:59:00,49.5
2025-06-12 23:17:00,34.4
2025-06-12 12:16:00,50.9
2025-06-12 13:14:00,75.1
2025-06-12 08:00:00,49.9464552238806
2025-06-12 02:24:00,25.0
2025-06-12 09:38:00,87.7
2025-06-12 07:22:00,30.6
2025-06-12 14:11:00,49.9464552238806
2025-06-12 01:31:00,54.7
2025-06-12 06:45:00,49.9464552238806
2025-06-12 17:12:00,14.9
2025-06-12 12:04:00,27.6
2025-06-12 16:35:00,14.2
2025-06-12 15:44:00,63.5
2025-06-12 15:18:00,57.6
2025-06-12 10:07:00,96.3
2025-06-12 23:10:00,49.9464552238806
2025-06-12 03:13:00,18.4
2025-06-12 06:20:00,63.9
2025-06-12 07:58:00,55.6
2025-06-12 12:21:00,28.5
2025-06-12 21:51:00,49.9464552238806
2025-06-12 07:04:00,20.2
2025-06-12 22:28:00,49.9464552238806
2025-06-12 06:13:00,66.3
2025-06-12 00:44:00,49.9464552238806
2025-06-12 17:43:00,5.6
2025-06-12 13:53:00,78.1
2025-06-12 19:14:00,92.1
2025-06-12 06:31:00,49.9464552238806
2025-06-12 15:15:00,10.7
2025-06-12 07:34:00,25.6
2025-06-12 17:23:00,60.6
2025-06-12 02:38:00,11.1
2025-06-12 07:50:00,9.0
2025-06-12 09:25:00,37.8
2025-06-12 00:35:00,63.2
2025-06-12 00:03:00,47.6
2025-06-12 13:38:00,11.2
2025-06-12 23:28:00,79.7
2025-06-12 09:06:00,38.3
2025-06-12 08:37:00,33.7
2025-06-12 01:56:00,25.9
2025-06-12 16:55:00,49.9464552238806
2025-06-12 04:12:00,82.7
2025-06-12 09:07:00,62.1
2025-06-12 10:48:00,8.9
2025-06-12 13:34:00,62.1
2025-06-12 16:52:00,29.3
2025-06-12 06:54:00,62.0
2025-06-12 05:37:00,45.3
2025-06-12 13:45:00,24.3
2025-06-12 16:55:00,49.9464552238806
2025-06-12 17:25:00,11.1
2025-06-12 07:55:00,38.3
2025-06-12 22:58:00,49.2
2025-06-12 08:53:00,7.0
2025-06-12 15:40:00,72.5
2025-06-12 16:01:00,81.5
2025-06-12 00:37:00,56.2
2025-06-12 04:58:00,53.1
2025-06-12 04:26:00,57.1
2025-06-12 10:53:00,23.4
2025-06-12 19:22:00,49.9464552238806
2025-06-12 10:55:00,23.8
2025-06-12 09:09:00,100.0
2025-06-12 09:35:00,73.0
2025-06-12 22:44:00,11.7
2025-06-12 10:52:00,24.2
2025-06-12 01:44:00,82.0
2025-06-12 23:07:00,68.4
2025-06-12 11:24:00,92.4
2025-06-12 19:37:00,49.9464552238806
2025-06-12 20:41:00,33.2
2025-06-12 22:34:00,26.5
2025-06-12 09:52:00,58.2
2025-06-12 10:02:00,10.6
2025-06-12 04:54:00,73.5
2025-06-12 10:01:00,73.3
2025-06-12 16:32:00,91.1
2025-06-12 23:45:00,19.0
2025-06-12 00:48:00,49.9464552238806
2025-06-12 15:10:00,1.9
2025-06-12 22:48:00,49.9464552238806
2025-06-12 11:32:00,49.9464552238806
2025-06-12 15:17:00,19.9
2025-06-12 16:40:00,80.6
2025-06-12 16:27:00,27.6
2025-06-12 04:54:00,49.9464552238806
2025-06-12 10:10:00,3.6
2025-06-12 19:59:00,17.4
2025-06-12 04:34:00,89.6
2025-06-12 08:49:00,40.8
2025-06-12 15:28:00,48.8
2025-06-12 15:07:00,36.8
2025-06-12 03:00:00,36.1
2025-06-12 02:23:00,20.0
2025-06-12 12:30:00,5.1
2025-06-12 22:00:00,64.4
2025-06-12 05:11:00,19.2
2025-06-12 12:46:00,84.6
2025-06-12 12:01:00,61.2
2025-06-12 23:39:00,38.5
2025-06-12 23:37:00,49.9464552238806
2025-06-12 18:46:00,49.9464552238806
2025-06-12 17:47:00,49.9464552238806
2025-06-12 01:39:00,30.4
2025-06-12 06:51:00,49.9464552238806
2025-06-12 06:09:00,12.6
2025-06-12 05:27:00,92.5
2025-06-12 16:38:00,95.6
2025-06-12 07:54:00,61.9
2025-06-12 10:27:00,2.2
2025-06-12 18:34:00,70.3
2025-06-12 13:17:00,6.6
2025-06-12 06:03:00,17.2
2025-06-12 07:41:00,64.2
2025-06-12 07:42:00,44.5
2025-06-12 00:08:00,85.2
2025-06-12 08:29:00,100.0
2025-06-12 10:07:00,49.9464552238806
2025-06-12 23:54:00,66.3
2025-06-12 19:14:00,49.9464552238806
2025-06-12 06:01:00,37.1
2025-06-12 09:54:00,51.6
2025-06-12 06:58:00,91.7
2025-06-12 00:18:00,49.9464552238806
2025-06-12 16:38:00,76.5
2025-06-12 17:22:00,93.6
2025-06-12 13:11:00,17.4
2025-06-12 09:30:00,49.9464552238806
2025-06-12 04:56:00,82.1
2025-06-12 14:20:00,46.2
2025-06-12 12:26:00,49.9464552238806
2025-06-12 07:02:00,37.3
2025-06-12 18:41:00,49.9464552238806
2025-06-12 16:15:00,49.9464552238806
2025-06-12 01:45:00,49.9464552238806
2025-06-12 17:58:00,17.0
2025-06-12 06:33:00,73.3
2025-06-12 13:57:00,33.0
2025-06-12 01:50:00,60.7
2025-06-12 03:30:00,65.7
2025-06-12 02:48:00,49.9464552238806
2025-06-12 03:25:00,22.4
2025-06-12 14:17:00,32.0
2025-06-12 03:25:00,85.6
2025-06-12 01:09:00,74.8
2025-06-12 05:21:00,64.9
2025-06-12 14:37:00,49.9464552238806
2025-06-12 18:54:00,49.9464552238806
2025-06-12 03:30:00,3.7
2025-06-12 18:51:00,74.4
2025-06-12 13:35:00,47.8
2025-06-12 06:29:00,26.3
2025-06-12 19:42:00,90.5
2025-06-12 07:11:00,44.0
2025-06-12 02:09:00,71.0
2025-06-12 06:20:00,56.9
2025-06-12 10:55:00,96.5
2025-06-12 07:22:00,6.2
2025-06-12 00:14:00,12.2
2025-06-12 02:46:00,55.1
2025-06-12 15:53:00,96.3
2025-06-12 17:49:00,8.2
2025-06-12 18:40:00,49.9464552238806
2025-06-12 21:00:00,12.5
2025-06-12 16:20:00,43.6
2025-06-12 13:27:00,27.1
2025-06-12 14:49:00,85.3
2025-06-12 01:07:00,46.2
2025-06-12 23:08:00,68.8
2025-06-12 20:18:00,74.9
2025-06-12 14:42:00,49.9464552238806
2025-06-12 06:33:00,38.2
2025-06-12 09:39:00,75.2
2025-06-12 19:49:00,49.9464552238806
2025-06-12 09:23:00,42.8
2025-06-12 15:10:00,49.9464552238806
2025-06-12 06:21:00,84.3
2025-06-12 08:35:00,46.7
2025-06-12 16:14:00,91.9
2025-06-12 00:14:00,60.6
2025-06-12 01:01:00,15.6
2025-06-12 16:57:00,49.9464552238806
2025-06-12 02:23:00,74.4
2025-06-12 13:22:00,41.6
2025-06-12 06:47:00,54.1
2025-06-12 20:20:00,18.6
2025-06-12 17:11:00,37.2
2025-06-12 01:24:00,1.8
2025-06-12 08:27:00,89.5
2025-06-12 14:52:00,49.9464552238806
2025-06-12 05:43:00,49.9464552238806
2025-06-12 23:51:00,99.6
2025-06-12 16:15:00,45.9
2025-06-12 12:35:00,49.9464552238806
2025-06-12 06:53:00,68.6
2025-06-12 01:53:00,89.2
2025-06-12 06:10:00,52.7
2025-06-12 15:54:00,84.9
2025-06-12 00:56:00,50.7
2025-06-12 11:39:00,23.1
2025-06-12 00:34:00,49.9464552238806
2025-06-12 01:06:00,40.7
2025-06-12 21:33:00,24.0
2025-06-12 22:50:00,36.7
2025-06-12 21:46:00,12.3
2025-06-12 06:45:00,71.5
2025-06-12 04:53:00,98.6
2025-06-12 22:44:00,49.9464552238806
2025-06-12 10:46:00,94.3
2025-06-12 13:18:00,83.2
2025-06-12 17:18:00,55.2
2025-06-12 23:17:00,76.3
2025-06-12 09:49:00,49.9464552238806
2025-06-12 03:21:00,92.8
2025-06-12 21:03:00,55.4
2025-06-12 19:17:00,76.7
2025-06-12 11:13:00,33.4
2025-06-12 07:37:00,96.3
2025-06-12 17:26:00,49.9464552238806
2025-06-12 23:02:00,12.0
2025-06-12 05:33:00,65.4
2025-06-12 12:36:00,74.8
2025-06-12 22:20:00,21.2
2025-06-12 03:38:00,43.3
2025-06-12 10:21:00,0.2
2025-06-12 22:46:00,49.9464552238806
2025-06-12 06:33:00,14.1
2025-06-12 16:44:00,37.8
2025-06-12 15:54:00,59.0
2025-06-12 14:16:00,50.9
2025-06-12 20:09:00,82.1
2025-06-12 13:35:00,34.1
2025-06-12 20:19:00,49.9464552238806
2025-06-12 14:48:00,68.2
2025-06-12 09:34:00,39.6
2025-06-12 05:15:00,34.9
2025-06-12 13:01:00,64.8
2025-06-12 22:21:00,51.3
2025-06-12 17:57:00,0.9
2025-06-12 09:52:00,67.2
2025-06-12 10:52:00,71.9
2025-06-12 16:51:00,54.8
2025-06-12 21:47:00,56.0
2025-06-12 06:19:00,49.9464552238806
2025-06-12 09:44:00,76.8
2025-06-12 19:11:00,16.4
2025-06-12 10:39:00,11.3
2025-06-12 05:24:00,45.5
2025-06-12 06:01:00,49.9464552238806
2025-06-12 13:43:00,22.2
2025-06-12 03:04:00,89.0
2025-06-12 22:41:00,4.4
2025-06-12 08:46:00,19.2
2025-06-12 05:20:00,2.6
2025-06-12 18:29:00,49.9464552238806
2025-06-12 12:38:00,19.7
2025-06-12 07:17:00,49.9464552238806
2025-06-12 15:12:00,2.1
2025-06-12 07:26:00,72.4
2025-06-12 09:31:00,11.9
2025-06-12 06:23:00,91.3
2025-06-12 15:16:00,70.5
2025-06-12 15:22:00,8.3
2025-06-12 08:41:00,18.1
2025-06-12 00:00:00,94.5
2025-06-12 02:37:00,49.1
2025-06-12 06:17:00,96.1
2025-06-12 03:24:00,13.1
2025-06-12 05:55:00,47.2
2025-06-12 17:29:00,94.8
2025-06-12 13:50:00,6.6
2025-06-12 07:23:00,68.3
2025-06-12 09:42:00,49.9464552238806
2025-06-12 14:26:00,17.7
2025-06-12 09:34:00,7.1
2025-06-12 18:56:00,49.9464552238806
2025-06-12 04:32:00,49.9464552238806
2025-06-12 12:38:00,68.0
2025-06-12 11:05:00,88.1
2025-06-12 19:30:00,2.0
2025-06-12 20:39:00,49.9464552238806
2025-06-12 17:03:00,36.3
2025-06-12 23:02:00,99.3
2025-06-12 15:09:00,34.5
2025-06-12 19:29:00,46.2
2025-06-12 19:14:00,45.2
2025-06-12 16:46:00,35.6
2025-06-12 02:21:00,49.9464552238806
2025-06-12 20:41:00,49.9464552238806
2025-06-12 09:06:00,77.6
2025-06-12 07:17:00,20.9
2025-06-12 22:32:00,49.9464552238806
2025-06-12 05:02:00,11.2
2025-06-12 06:32:00,45.8
2025-06-12 16:31:00,78.2
2025-06-12 14:41:00,45.6
2025-06-12 19:53:00,49.9464552238806
2025-06-12 17:47:00,48.2
2025-06-12 03:22:00,30.5
2025-06-12 06:40:00,19.3
2025-06-12 05:51:00,89.5
2025-06-12 18:25:00,49.9464552238806
2025-06-12 13:36:00,22.1
2025-06-12 01:47:00,67.1
2025-06-12 15:31:00,5.3
2025-06-12 10:44:00,25.7
2025-06-12 03:03:00,30.7
2025-06-12 07:09:00,52.7
2025-06-12 02:51:00,27.4
2025-06-12 17:40:00,8.3
2025-06-12 01:50:00,67.6
2025-06-12 03:43:00,39.3
2025-06-12 02:42:00,68.9
2025-06-12 15:47:00,99.1
2025-06-12 03:38:00,97.0
2025-06-12 21:38:00,57.6
2025-06-12 17:17:00,85.6
2025-06-12 18:44:00,55.3
2025-06-12 00:48:00,66.8
2025-06-12 15:41:00,49.9464552238806
2025-06-12 17:48:00,11.4
2025-06-12 21:46:00,94.7
2025-06-12 15:21:00,49.9464552238806
2025-06-12 17:04:00,78.2
2025-06-12 07:39:00,99.0
2025-06-12 17:17:00,15.6
2025-06-12 02:59:00,1.5
2025-06-12 15:30:00,49.9464552238806
2025-06-12 14:21:00,15.7
2025-06-12 23:11:00,57.4
2025-06-12 16:42:00,98.2
2025-06-12 22:05:00,49.742524640779
2025-06-12 21:26:00,96.1
2025-06-12 11:03:00,64.5
2025-06-12 16:48:00,66.8
2025-06-12 16:47:00,11.5
2025-06-12 03:35:00,49.742524640779
2025-06-12 23:37:00,12.5
2025-06-12 16:50:00,32.2
2025-06-12 11:27:00,21.7
2025-06-12 23:49:00,78.2
2025-06-12 02:53:00,40.1
2025-06-12 01:43:00,61.7
2025-06-12 07:47:00,70.7
2025-06-12 10:10:00,83.4
2025-06-12 03:26:00,10.0
2025-06-12 00:48:00,28.0
2025-06-12 02:12:00,24.4
2025-06-12 13:15:00,21.3
2025-06-12 09:07:00,49.742524640779
2025-06-12 01:09:00,49.742524640779
2025-06-12 13:28:00,68.2
2025-06-12 07:14:00,49.742524640779
2025-06-12 22:57:00,19.2
2025-06-12 14:32:00,70.4
2025-06-12 17:03:00,2.4
2025-06-12 13:44:00,26.9
2025-06-12 20:09:00,66.0
2025-06-12 09:27:00,42.6
2025-06-12 01:43:00,79.1
2025-06-12 00:09:00,13.3
2025-06-12 08:10:00,81.9
2025-06-12 18:05:00,58.2
2025-06-12 18:38:00,14.3
2025-06-12 06:47:00,30.9
2025-06-12 13:57:00,86.2
2025-06-12 06:34:00,99.0
2025-06-12 21:58:00,84.8
2025-06-12 20:06:00,46.5
2025-06-12 00:04:00,35.3
2025-06-12 21:06:00,50.9
2025-06-12 12:55:00,49.2
2025-06-12 10:32:00,42.8
2025-06-12 13:47:00,65.5
2025-06-12 07:29:00,32.3
2025-06-12 18:51:00,50.7
2025-06-12 19:35:00,4.6
2025-06-12 10:11:00,54.0
2025-06-12 07:35:00,49.742524640779
2025-06-12 12:05:00,30.9
2025-06-12 13:21:00,49.742524640779
2025-06-12 05:08:00,12.2
2025-06-12 08:12:00,43.9
2025-06-12 02:00:00,12.2
2025-06-12 17:46:00,49.742524640779
2025-06-12 15:04:00,53.9
2025-06-12 10:21:00,92.8
2025-06-12 21:45:00,56.9
2025-06-12 16:39:00,0.7
2025-06-12 08:42:00,11.1
2025-06-12 11:27:00,11.8
2025-06-12 00:44:00,22.5
2025-06-12 06:51:00,96.2
2025-06-12 16:43:00,33.3
2025-06-12 13:44:00,82.1
2025-06-12 21:57:00,28.9
2025-06-12 08:19:00,49.742524640779
2025-06-12 04:23:00,99.9
2025-06-12 15:17:00,49.742524640779
2025-06-12 02:31:00,1.1
2025-06-12 20:16:00,8.2
2025-06-12 22:15:00,49.742524640779
2025-06-12 22:32:00,46.2
2025-06-12 13:01:00,53.4
2025-06-12 19:59:00,38.9
2025-06-12 09:35:00,74.5
2025-06-12 13:27:00,85.1
2025-06-12 10:29:00,42.4
2025-06-12 23:06:00,46.7
2025-06-12 23:08:00,15.4
2025-06-12 04:51:00,46.6
2025-06-12 22:35:00,49.742524640779
2025-06-12 16:05:00,6.8
2025-06-12 21:01:00,24.4
2025-06-12 01:30:00,50.1
2025-06-12 18:19:00,9.6
2025-06-12 13:01:00,22.3
2025-06-12 03:41:00,67.7
2025-06-12 02:18:00,92.9
2025-06-12 05:32:00,24.0
2025-06-12 10:47:00,70.7
2025-06-12 13:57:00,23.3
2025-06-12 13:57:00,78.0
2025-06-12 10:41:00,28.0
2025-06-12 21:51:00,7.6
2025-06-12 09:09:00,31.9
2025-06-12 13:07:00,49.742524640779
2025-06-12 10:39:00,48.4
2025-06-12 10:53:00,39.0
2025-06-12 18:38:00,73.8
2025-06-12 00:37:00,17.8
2025-06-12 07:27:00,49.742524640779
2025-06-12 17:24:00,61.6
2025-06-12 17:06:00,35.1
2025-06-12 07:11:00,92.2
2025-06-12 19:59:00,1.6
2025-06-12 10:07:00,96.0
2025-06-12 19:44:00,78.4
2025-06-12 04:05:00,90.3
2025-06-12 13:17:00,88.6
2025-06-12 14:55:00,69.9
2025-06-12 17:57:00,17.7
2025-06-12 21:58:00,57.1
2025-06-12 13:47:00,59.3
2025-06-12 23:53:00,42.6
2025-06-12 17:13:00,60.2
2025-06-12 21:38:00,16.8
2025-06-12 09:09:00,31.9
2025-06-12 03:05:00,26.6
2025-06-12 09:46:00,25.0
2025-06-12 13:23:00,40.1
2025-06-12 19:04:00,67.9
2025-06-12 12:53:00,2.8
2025-06-12 17:59:00,71.1
2025-06-12 22:33:00,20.8
2025-06-12 21:03:00,45.7
2025-06-12 02:08:00,49.742524640779
2025-06-12 11:59:00,10.5
2025-06-12 03:22:00,82.6
2025-06-12 19:52:00,38.1
2025-06-12 22:09:00,48.4
2025-06-12 14:03:00,87.8
2025-06-12 21:12:00,88.6
2025-06-12 17:06:00,42.8
2025-06-12 04:23:00,27.0
2025-06-12 11:36:00,2.4
2025-06-12 20:48:00,49.742524640779
2025-06-12 10:00:00,69.4
2025-06-12 16:21:00,66.7
2025-06-12 07:18:00,25.8
2025-06-12 16:37:00,53.0
2025-06-12 09:40:00,32.3
2025-06-12 19:46:00,49.742524640779
2025-06-12 13:18:00,54.2
2025-06-12 06:06:00,39.6
2025-06-12 15:21:00,80.4
2025-06-12 22:54:00,12.7
2025-06-12 05:27:00,7.8
2025-06-12 01:43:00,93.4
2025-06-12 17:25:00,32.4
2025-06-12 03:24:00,46.1
2025-06-12 09:41:00,49.742524640779
2025-06-12 08:55:00,7.1
2025-06-12 15:33:00,5.5
2025-06-12 21:08:00,71.5
2025-06-12 06:07:00,6.4
2025-06-12 02:09:00,34.1
2025-06-12 12:11:00,55.6
2025-06-12 11:54:00,57.7
2025-06-12 17:35:00,48.0
2025-06-12 05:09:00,49.742524640779
2025-06-12 01:46:00,39.8
2025-06-12 18:22:00,95.2
2025-06-12 02:25:00,87.4
2025-06-12 01:30:00,49.742524640779
2025-06-12 03:47:00,68.1
2025-06-12 15:11:00,86.9
2025-06-12 08:39:00,50.8
2025-06-12 19:05:00,38.5
2025-06-12 14:48:00,85.0
2025-06-12 04:18:00,54.2
2025-06-12 04:35:00,20.0
2025-06-12 04:29:00,73.5
2025-06-12 11:42:00,19.0
2025-06-12 06:09:00,0.2
2025-06-12 07:37:00,27.2
2025-06-12 16:10:00,13.0
2025-06-12 09:27:00,57.6
2025-06-12 13:08:00,76.0
2025-06-12 19:20:00,79.2
2025-06-12 08:54:00,82.1
2025-06-12 09:42:00,71.3
2025-06-12 20:29:00,12.3
2025-06-12 18:03:00,85.0
2025-06-12 08:18:00,14.8
2025-06-12 20:22:00,49.5
2025-06-12 05:53:00,31.3
2025-06-12 05:33:00,87.3
2025-06-12 23:33:00,53.0
2025-06-12 07:14:00,82.9
2025-06-12 01:10:00,35.9
2025-06-12 14:21:00,78.9
2025-06-12 13:44:00,17.0
2025-06-12 04:23:00,69.9
2025-06-12 07:14:00,49.742524640779
2025-06-12 19:34:00,39.5
2025-06-12 03:44:00,21.3
2025-06-12 14:36:00,81.3
2025-06-12 12:35:00,57.0
2025-06-12 07:57:00,0.7
2025-06-12 13:46:00,49.742524640779
2025-06-12 13:39:00,52.1
2025-06-12 21:10:00,20.8
2025-06-12 10:23:00,61.7
2025-06-12 06:05:00,22.9
2025-06-12 18:01:00,49.742524640779
2025-06-12 13:04:00,29.1
2025-06-12 11:27:00,20.7
2025-06-12 01:52:00,91.7
2025-06-12 21:43:00,35.6
2025-06-12 07:06:00,46.1
2025-06-12 10:03:00,49.742524640779
2025-06-12 09:44:00,70.5
2025-06-12 06:13:00,98.3
2025-06-12 11:40:00,13.3
2025-06-12 03:21:00,4.1
2025-06-12 20:27:00,69.0
2025-06-12 23:38:00,70.6
2025-06-12 05:56:00,49.742524640779
2025-06-12 17:00:00,99.3
2025-06-12 23:36:00,93.1
2025-06-12 07:08:00,95.6
2025-06-12 22:23:00,49.742524640779
2025-06-12 23:47:00,49.742524640779
2025-06-12 09:38:00,31.0
2025-06-12 06:05:00,13.6
2025-06-12 19:19:00,49.742524640779
2025-06-12 03:53:00,45.5
2025-06-12 05:02:00,61.4
2025-06-12 10:07:00,92.5
2025-06-12 22:18:00,32.1
2025-06-12 11:51:00,36.0
2025-06-12 08:27:00,44.4
2025-06-12 22:21:00,89.5
2025-06-12 03:33:00,89.5
2025-06-12 11:49:00,1.7
2025-06-12 20:51:00,75.3
2025-06-12 05:28:00,3.1
2025-06-12 16:34:00,25.2
2025-06-12 02:46:00,52.8
2025-06-12 23:01:00,49.742524640779
2025-06-12 05:04:00,42.0
2025-06-12 01:34:00,62.3
2025-06-12 14:39:00,69.2
2025-06-12 04:54:00,36.3
2025-06-12 13:38:00,47.4
2025-06-12 01:02:00,49.742524640779
2025-06-12 18:46:00,23.4
2025-06-12 16:35:00,59.1
2025-06-12 21:52:00,40.1
2025-06-12 00:04:00,89.5
2025-06-12 22:37:00,49.742524640779
2025-06-12 19:36:00,1.1
2025-06-12 15:53:00,96.6
2025-06-12 08:46:00,56.4
2025-06-12 09:41:00,47.6
2025-06-12 07:47:00,12.4
2025-06-12 06:45:00,68.2
2025-06-12 00:41:00,53.9
2025-06-12 13:33:00,49.742524640779
2025-06-12 03:53:00,10.9
2025-06-12 04:42:00,49.742524640779
2025-06-12 03:58:00,3.3
2025-06-12 13:18:00,87.2
2025-06-12 19:40:00,1.0
2025-06-12 17:55:00,17.3
2025-06-12 23:25:00,49.742524640779
2025-06-12 08:11:00,57.3
2025-06-12 21:20:00,49.742524640779
2025-06-12 08:19:00,11.7
2025-06-12 17:22:00,92.3
2025-06-12 22:14:00,5.0
2025-06-12 18:00:00,71.6
2025-06-12 15:29:00,29.4
2025-06-12 22:46:00,62.5
2025-06-12 15:35:00,8.8
2025-06-12 06:32:00,56.0
2025-06-12 14:12:00,90.0
2025-06-12 02:44:00,52.8
2025-06-12 16:36:00,37.9
2025-06-12 03:37:00,6.6
2025-06-12 09:47:00,48.0
2025-06-12 12:06:00,85.5
2025-06-12 08:41:00,30.3
2025-06-12 06:09:00,28.0
2025-06-12 19:31:00,26.4
2025-06-12 18:12:00,49.742524640779
2025-06-12 05:43:00,49.742524640779
2025-06-12 11:27:00,20.2
2025-06-12 17:49:00,49.0
2025-06-12 13:50:00,49.742524640779
2025-06-12 16:06:00,46.9
2025-06-12 21:04:00,67.9
2025-06-12 13:16:00,20.0
2025-06-12 17:27:00,53.0
2025-06-12 00:12:00,98.2
2025-06-12 09:40:00,49.742524640779
2025-06-12 13:22:00,71.7
2025-06-12 20:49:00,38.7
2025-06-12 15:31:00,70.0
2025-06-12 08:46:00,49.742524640779
2025-06-12 01:26:00,22.7
2025-06-12 17:27:00,2.7
2025-06-12 03:53:00,63.5
2025-06-12 06:40:00,61.1
2025-06-12 07:43:00,83.8
2025-06-12 08:56:00,41.0
2025-06-12 12:57:00,65.4
2025-06-12 20:08:00,76.2
2025-06-12 07:23:00,49.742524640779
2025-06-12 08:23:00,72.4
2025-06-12 03:14:00,24.5
2025-06-12 11:54:00,11.4
2025-06-12 08:27:00,78.4
2025-06-12 16:21:00,49.742524640779
2025-06-12 04:43:00,49.742524640779
2025-06-12 16:13:00,62.1
2025-06-12 01:22:00,88.6
2025-06-12 01:59:00,49.742524640779
2025-06-12 23:13:00,15.6
2025-06-12 20:31:00,11.9
2025-06-12 15:23:00,10.4
2025-06-12 04:54:00,28.7
2025-06-12 02:58:00,7.6
2025-06-12 13:55:00,40.2
2025-06-12 11:34:00,49.742524640779
2025-06-12 05:57:00,68.9
2025-06-12 22:24:00,93.2
2025-06-12 02:39:00,60.7
2025-06-12 03:59:00,6.5
2025-06-12 12:12:00,74.4
2025-06-12 09:00:00,50.1
2025-06-12 19:00:00,49.742524640779
2025-06-12 18:17:00,7.2
2025-06-12 16:52:00,6.7
2025-06-12 10:29:00,60.2
2025-06-12 00:19:00,96.6
2025-06-12 17:52:00,64.7
2025-06-12 01:28:00,97.8
2025-06-12 17:42:00,0.0
2025-06-12 19:57:00,13.2
2025-06-12 18:48:00,95.7
2025-06-12 18:20:00,50.09606761356967
2025-06-12 09:31:00,5.9
2025-06-12 11:35:00,50.09606761356967
2025-06-12 06:50:00,44.9
2025-06-12 15:28:00,77.9
2025-06-12 03:12:00,50.09606761356967
2025-06-12 09:00:00,47.7
2025-06-12 05:31:00,42.1
2025-06-12 20:11:00,21.5
2025-06-12 03:21:00,75.7
2025-06-12 06:02:00,1.8
2025-06-12 11:11:00,70.0
2025-06-12 08:41:00,70.6
2025-06-12 23:17:00,45.2
2025-06-12 21:38:00,19.9
2025-06-12 13:09:00,50.09606761356967
2025-06-12 12:36:00,50.09606761356967
2025-06-12 16:09:00,84.1
2025-06-12 12:29:00,17.0
2025-06-12 13:32:00,53.3
2025-06-12 08:08:00,59.5
2025-06-12 10:24:00,32.5
2025-06-12 01:20:00,42.6
2025-06-12 02:43:00,57.6
2025-06-12 15:38:00,42.5
2025-06-12 15:36:00,59.7
2025-06-12 10:04:00,38.0
2025-06-12 17:38:00,35.5
2025-06-12 16:39:00,70.6
2025-06-12 08:55:00,69.7
2025-06-12 15:41:00,70.6
2025-06-12 02:59:00,50.09606761356967
2025-06-12 23:22:00,3.7
2025-06-12 16:02:00,66.5
2025-06-12 09:15:00,49.9
2025-06-12 07:35:00,94.8
2025-06-12 03:51:00,60.8
2025-06-12 07:47:00,9.7
2025-06-12 21:14:00,50.09606761356967
2025-06-12 07:06:00,33.6
2025-06-12 23:41:00,80.7
2025-06-12 15:10:00,11.6
2025-06-12 11:49:00,86.0
2025-06-12 11:50:00,10.3
2025-06-12 16:06:00,29.6
2025-06-12 04:24:00,50.09606761356967
2025-06-12 00:23:00,34.5
2025-06-12 21:44:00,70.6
2025-06-12 20:52:00,64.7
2025-06-12 09:18:00,56.0
2025-06-12 07:04:00,7.5
2025-06-12 08:43:00,32.6
2025-06-12 22:52:00,38.0
2025-06-12 23:31:00,13.6
2025-06-12 14:46:00,31.7
2025-06-12 02:18:00,34.2
2025-06-12 12:05:00,17.9
2025-06-12 10:45:00,48.6
2025-06-12 11:35:00,81.9
2025-06-12 00:31:00,50.09606761356967
2025-06-12 11:18:00,94.2
2025-06-12 21:42:00,38.4
2025-06-12 15:52:00,73.4
2025-06-12 18:18:00,74.9
2025-06-12 05:34:00,53.3
2025-06-12 00:16:00,34.7
2025-06-12 16:41:00,6.1
2025-06-12 06:48:00,83.0
2025-06-12 16:02:00,3.0
2025-06-12 03:51:00,99.7
2025-06-12 19:37:00,57.5
2025-06-12 01:34:00,29.2
2025-06-12 14:22:00,3.5
2025-06-12 08:49:00,21.9
2025-06-12 23:42:00,68.0
2025-06-12 17:17:00,18.7
2025-06-12 18:50:00,48.5
2025-06-12 05:23:00,94.3
2025-06-12 22:12:00,55.4
2025-06-12 20:16:00,50.09606761356967
2025-06-12 06:07:00,24.6
2025-06-12 13:00:00,29.0
2025-06-12 05:42:00,50.09606761356967
2025-06-12 09:49:00,99.0
2025-06-12 10:47:00,96.4
2025-06-12 05:18:00,47.6
2025-06-12 09:52:00,2.8
2025-06-12 03:15:00,91.5
2025-06-12 09:52:00,60.5
2025-06-12 21:53:00,17.2
2025-06-12 10:48:00,19.2
2025-06-12 07:02:00,50.09606761356967
2025-06-12 05:48:00,37.6
2025-06-12 03:33:00,79.9
2025-06-12 14:55:00,13.1
2025-06-12 19:27:00,92.8
2025-06-12 10:57:00,80.2
2025-06-12 02:06:00,72.1
2025-06-12 23:55:00,97.2
2025-06-12 09:31:00,54.4
2025-06-12 23:46:00,51.6
2025-06-12 17:59:00,50.09606761356967
2025-06-12 23:33:00,26.3
2025-06-12 00:46:00,50.09606761356967
2025-06-12 07:09:00,47.7
2025-06-12 07:06:00,79.0
2025-06-12 16:46:00,60.6
2025-06-12 03:12:00,89.4
2025-06-12 17:13:00,41.6
2025-06-12 20:43:00,19.0
2025-06-12 01:56:00,56.8
2025-06-12 21:04:00,26.1
2025-06-12 01:47:00,81.7
2025-06-12 18:18:00,45.0
2025-06-12 07:53:00,24.3
2025-06-12 00:18:00,69.4
2025-06-12 00:24:00,85.0
2025-06-12 04:11:00,53.4
2025-06-12 15:18:00,32.9
2025-06-12 17:23:00,6.8
2025-06-12 18:23:00,59.7
2025-06-12 17:34:00,88.7
2025-06-12 17:31:00,70.9
2025-06-12 12:08:00,46.3
2025-06-12 15:34:00,68.7
2025-06-12 09:06:00,50.09606761356967
2025-06-12 03:22:00,3.1
2025-06-12 10:42:00,50.09606761356967
2025-06-12 04:03:00,57.4
2025-06-12 00:11:00,37.8
2025-06-12 05:17:00,50.09606761356967
2025-06-12 22:49:00,43.7
2025-06-12 19:35:00,5.0
2025-06-12 21:41:00,9.2
2025-06-12 02:46:00,38.9
2025-06-12 01:51:00,61.8
2025-06-12 13:03:00,23.7
2025-06-12 00:04:00,50.09606761356967
2025-06-12 14:18:00,26.6
2025-06-12 19:33:00,47.3
2025-06-12 04:27:00,50.09606761356967
2025-06-12 13:31:00,5.6
2025-06-12 09:10:00,63.6
2025-06-12 15:15:00,69.5
2025-06-12 19:17:00,50.09606761356967
2025-06-12 02:39:00,31.8
2025-06-12 14:43:00,6.0
2025-06-12 12:48:00,50.09606761356967
2025-06-12 19:40:00,79.5
2025-06-12 20:34:00,21.3
2025-06-12 12:24:00,70.7
2025-06-12 18:59:00,50.09606761356967
2025-06-12 10:46:00,71.8
2025-06-12 16:05:00,33.1
2025-06-12 17:00:00,14.8
2025-06-12 13:44:00,51.3
2025-06-12 19:51:00,54.5
2025-06-12 02:02:00,17.0
2025-06-12 19:11:00,27.3
2025-06-12 09:32:00,91.0
2025-06-12 12:48:00,43.0
2025-06-12 01:19:00,77.8
2025-06-12 21:16:00,57.9
2025-06-12 19:14:00,63.6
2025-06-12 02:47:00,12.6
2025-06-12 00:33:00,24.5
2025-06-12 19:28:00,26.2
2025-06-12 06:49:00,50.09606761356967
2025-06-12 01:06:00,83.3
2025-06-12 10:30:00,44.9
2025-06-12 14:29:00,50.09606761356967
2025-06-12 22:50:00,69.2
2025-06-12 04:27:00,39.0
2025-06-12 11:39:00,8.8
2025-06-12 04:43:00,35.2
2025-06-12 17:53:00,77.9
2025-06-12 19:31:00,59.4
2025-06-12 12:24:00,97.7
2025-06-12 02:18:00,87.1
2025-06-12 12:20:00,85.8
2025-06-12 07:48:00,30.0
2025-06-12 18:33:00,50.09606761356967
2025-06-12 09:21:00,96.6
2025-06-12 11:34:00,57.2
2025-06-12 23:11:00,29.4
2025-06-12 08:26:00,2.0
2025-06-12 04:48:00,18.8
2025-06-12 14:24:00,12.8
2025-06-12 17:06:00,80.8
2025-06-12 20:09:00,34.7
2025-06-12 21:35:00,31.1
2025-06-12 13:49:00,83.3
2025-06-12 20:55:00,24.7
2025-06-12 22:39:00,63.4
2025-06-12 21:43:00,59.8
2025-06-12 08:34:00,13.1
2025-06-12 01:14:00,50.2
2025-06-12 06:30:00,82.9
2025-06-12 13:20:00,50.09606761356967
2025-06-12 21:55:00,17.4
2025-06-12 19:38:00,47.5
2025-06-12 15:15:00,69.8
2025-06-12 02:59:00,2.1
2025-06-12 03:23:00,50.09606761356967
2025-06-12 02:55:00,3.3
2025-06-12 10:31:00,84.8
2025-06-12 07:02:00,89.2
2025-06-12 19:31:00,68.8
2025-06-12 05:08:00,29.9
2025-06-12 14:41:00,3.5
2025-06-12 11:58:00,38.9
2025-06-12 06:34:00,56.1
2025-06-12 02:29:00,46.9
2025-06-12 09:53:00,37.5
2025-06-12 03:42:00,2.1
2025-06-12 02:58:00,59.4
2025-06-12 09:20:00,50.09606761356967
2025-06-12 10:58:00,50.09606761356967
2025-06-12 02:11:00,51.4
2025-06-12 05:52:00,29.3
2025-06-12 19:31:00,4.5
2025-06-12 18:53:00,75.1
2025-06-12 04:25:00,98.8
2025-06-12 06:38:00,92.6
2025-06-12 07:58:00,50.09606761356967
2025-06-12 08:43:00,41.5
2025-06-12 09:15:00,50.09606761356967
2025-06-12 12:04:00,38.3
2025-06-12 12:07:00,50.09606761356967
2025-06-12 00:09:00,15.9
2025-06-12 04:39:00,43.2
2025-06-12 04:36:00,25.4
2025-06-12 02:54:00,71.8
2025-06-12 00:48:00,69.5
2025-06-12 11:57:00,72.7
2025-06-12 22:23:00,76.9
2025-06-12 17:22:00,26.4
2025-06-12 05:19:00,15.3
2025-06-12 00:45:00,5.6
2025-06-12 05:35:00,45.3
2025-06-12 23:47:00,1.5
2025-06-12 00:38:00,51.9
2025-06-12 17:47:00,33.7
2025-06-12 18:49:00,1.7
2025-06-12 14:30:00,14.5
2025-06-12 18:03:00,83.9
2025-06-12 10:29:00,2.4
2025-06-12 16:55:00,25.6
2025-06-12 07:48:00,60.7
2025-06-12 16:49:00,50.09606761356967
2025-06-12 05:02:00,35.8
2025-06-12 22:08:00,50.09606761356967
2025-06-12 19:54:00,14.2
2025-06-12 05:28:00,75.9
2025-06-12 18:24:00,30.4
2025-06-12 20:06:00,24.3
2025-06-12 02:56:00,72.1
2025-06-12 19:34:00,62.5
2025-06-12 08:21:00,8.0
2025-06-12 19:02:00,40.9
2025-06-12 23:43:00,79.9
2025-06-12 00:09:00,95.2
2025-06-12 07:47:00,50.09606761356967
2025-06-12 06:21:00,50.09606761356967
2025-06-12 08:26:00,16.7
2025-06-12 12:10:00,70.4
2025-06-12 10:42:00,26.4
2025-06-12 02:43:00,56.8
2025-06-12 23:15:00,25.3
2025-06-12 19:49:00,82.1
2025-06-12 03:55:00,3.4
2025-06-12 07:51:00,4.1
2025-06-12 00:41:00,50.09606761356967
2025-06-12 22:31:00,10.5
2025-06-12 19:33:00,12.1
2025-06-12 14:07:00,50.09606761356967
2025-06-12 06:45:00,98.5
2025-06-12 23:02:00,85.3
2025-06-12 10:17:00,60.4
2025-06-12 00:34:00,51.4
2025-06-12 10:46:00,60.3
2025-06-12 18:36:00,83.9
2025-06-12 02:36:00,38.8
2025-06-12 06:43:00,70.5
2025-06-12 21:09:00,97.4
2025-06-12 19:47:00,16.7
2025-06-12 06:31:00,2.2
2025-06-12 17:16:00,62.9
2025-06-12 15:34:00,43.9
2025-06-12 21:56:00,60.2
2025-06-12 01:07:00,50.09606761356967
2025-06-12 09:16:00,57.8
2025-06-12 17:21:00,50.09606761356967
2025-06-12 20:42:00,80.2
2025-06-12 13:18:00,93.2
2025-06-12 07:39:00,50.09606761356967
2025-06-12 17:12:00,50.09606761356967
2025-06-12 05:33:00,78.6
2025-06-12 12:42:00,10.8
2025-06-12 14:06:00,50.09606761356967
2025-06-12 18:31:00,74.4
2025-06-12 10:04:00,50.09606761356967
2025-06-12 10:29:00,32.1
2025-06-12 15:08:00,25.5
2025-06-12 11:52:00,98.7
2025-06-12 18:11:00,50.09606761356967
2025-06-12 02:51:00,89.6
2025-06-12 15:17:00,92.7
2025-06-12 23:22:00,50.09606761356967
2025-06-12 12:17:00,4.0
2025-06-12 16:53:00,50.09606761356967
2025-06-12 17:19:00,33.0
2025-06-12 16:48:00,78.2
2025-06-12 16:30:00,37.3
2025-06-12 01:01:00,92.6
2025-06-12 06:18:00,35.7
2025-06-12 18:48:00,33.3
2025-06-12 11:48:00,32.1
2025-06-12 22:32:00,17.7
2025-06-12 20:05:00,39.6
2025-06-12 00:04:00,94.1
2025-06-12 16:26:00,6.3
2025-06-12 17:40:00,22.0
2025-06-12 09:42:00,10.1
2025-06-12 20:55:00,30.5
2025-06-12 08:05:00,50.09606761356967
2025-06-12 15:04:00,11.1
2025-06-12 15:27:00,74.9
2025-06-12 07:48:00,46.6
2025-06-12 08:39:00,49.952608030142464
2025-06-12 03:18:00,52.6
2025-06-12 01:15:00,83.6
2025-06-12 08:07:00,7.2
2025-06-12 09:25:00,22.0
2025-06-12 15:34:00,11.1
2025-06-12 13:16:00,91.6
2025-06-12 11:07:00,69.7
2025-06-12 19:58:00,24.3
2025-06-12 15:07:00,24.5
2025-06-12 15:29:00,60.7
2025-06-12 06:33:00,49.952608030142464
2025-06-12 15:50:00,49.952608030142464
2025-06-12 02:47:00,20.4
2025-06-12 12:32:00,98.3
2025-06-12 22:53:00,86.9
2025-06-12 09:15:00,42.9
2025-06-12 06:42:00,60.5
2025-06-12 02:01:00,76.6
2025-06-12 00:44:00,56.1
2025-06-12 09:11:00,20.9
2025-06-12 20:20:00,17.4
2025-06-12 13:21:00,49.952608030142464
2025-06-12 02:23:00,47.8
2025-06-12 07:25:00,49.952608030142464
2025-06-12 19:05:00,11.9
2025-06-12 16:25:00,66.8
2025-06-12 17:12:00,9.3
2025-06-12 03:11:00,42.1
2025-06-12 23:05:00,49.952608030142464
2025-06-12 13:04:00,65.9
2025-06-12 14:41:00,35.0
2025-06-12 15:06:00,95.5
2025-06-12 00:03:00,72.7
2025-06-12 20:02:00,60.8
2025-06-12 20:04:00,54.7
2025-06-12 14:22:00,49.952608030142464
2025-06-12 05:44:00,10.0
2025-06-12 09:46:00,27.4
2025-06-12 09:52:00,67.6
2025-06-12 05:58:00,86.9
2025-06-12 18:42:00,49.952608030142464
2025-06-12 12:39:00,19.2
2025-06-12 12:20:00,51.9
2025-06-12 03:23:00,39.9
2025-06-12 22:03:00,99.1
2025-06-12 05:14:00,49.952608030142464
2025-06-12 20:46:00,16.7
2025-06-12 07:31:00,49.952608030142464
2025-06-12 18:20:00,22.7
2025-06-12 05:17:00,52.2
2025-06-12 12:22:00,49.952608030142464
2025-06-12 11:21:00,49.952608030142464
2025-06-12 18:13:00,62.9
2025-06-12 17:50:00,14.5
2025-06-12 12:49:00,60.3
2025-06-12 17:12:00,42.5
2025-06-12 19:32:00,61.5
2025-06-12 05:43:00,56.2
2025-06-12 23:28:00,92.7
2025-06-12 23:44:00,75.2
2025-06-12 19:33:00,49.952608030142464
2025-06-12 10:19:00,8.8
2025-06-12 10:56:00,59.8
2025-06-12 07:20:00,94.6
2025-06-12 04:46:00,66.2
2025-06-12 01:22:00,87.2
2025-06-12 09:30:00,5.8
2025-06-12 10:38:00,47.1
2025-06-12 06:31:00,15.1
2025-06-12 19:44:00,22.7
2025-06-12 07:02:00,15.9
2025-06-12 22:19:00,34.8
2025-06-12 08:05:00,69.0
2025-06-12 03:42:00,36.5
2025-06-12 12:45:00,51.3
2025-06-12 07:23:00,91.4
2025-06-12 18:20:00,40.3
2025-06-12 22:37:00,33.9
2025-06-12 11:31:00,30.0
2025-06-12 06:59:00,10.1
2025-06-12 16:33:00,27.3
2025-06-12 01:40:00,12.7
2025-06-12 18:34:00,81.8
2025-06-12 04:36:00,60.3
2025-06-12 19:00:00,46.0
2025-06-12 13:57:00,59.3
2025-06-12 02:26:00,30.0
2025-06-12 08:56:00,85.3
2025-06-12 10:57:00,65.9
2025-06-12 03:53:00,62.2
2025-06-12 18:55:00,49.952608030142464
2025-06-12 00:04:00,55.3
2025-06-12 16:46:00,24.7
2025-06-12 07:01:00,79.3
2025-06-12 18:15:00,62.2
2025-06-12 08:24:00,17.5
2025-06-12 00:38:00,29.3
2025-06-12 14:01:00,63.3
2025-06-12 10:40:00,26.6
2025-06-12 05:41:00,81.6
2025-06-12 08:13:00,55.9
2025-06-12 06:57:00,95.9
2025-06-12 02:07:00,16.9
2025-06-12 21:24:00,78.1
2025-06-12 13:37:00,32.5
2025-06-12 19:36:00,9.6
2025-06-12 22:20:00,13.8
2025-06-12 09:25:00,49.952608030142464
2025-06-12 15:24:00,49.952608030142464
2025-06-12 09:10:00,87.9
2025-06-12 04:27:00,39.5
2025-06-12 18:36:00,94.1
2025-06-12 14:21:00,62.8
2025-06-12 05:53:00,92.5
2025-06-12 22:47:00,8.5
2025-06-12 14:12:00,77.3
2025-06-12 10:41:00,49.952608030142464
2025-06-12 21:13:00,48.5
2025-06-12 22:46:00,55.5
2025-06-12 20:02:00,96.0
2025-06-12 19:31:00,76.2
2025-06-12 15:21:00,22.1
2025-06-12 04:26:00,86.0
2025-06-12 09:20:00,54.5
2025-06-12 23:13:00,19.3
2025-06-12 20:47:00,30.5
2025-06-12 09:43:00,24.2
2025-06-12 19:04:00,19.2
2025-06-12 02:36:00,67.2
2025-06-12 08:00:00,85.1
2025-06-12 01:13:00,83.0
2025-06-12 08:51:00,47.0
2025-06-12 10:29:00,26.0
2025-06-12 14:46:00,49.952608030142464
2025-06-12 04:03:00,76.6
2025-06-12 14:21:00,68.3
2025-06-12 17:00:00,49.952608030142464
2025-06-12 22:27:00,54.7
2025-06-12 02:47:00,68.6
2025-06-12 03:57:00,31.0
2025-06-12 15:15:00,23.2
2025-06-12 11:34:00,54.5
2025-06-12 02:03:00,20.2
2025-06-12 00:24:00,86.2
2025-06-12 07:00:00,13.0
2025-06-12 08:42:00,49.952608030142464
2025-06-12 02:16:00,9.6
2025-06-12 05:39:00,13.8
2025-06-12 22:42:00,41.6
2025-06-12 18:22:00,88.3
2025-06-12 14:25:00,55.2
2025-06-12 01:18:00,10.6
2025-06-12 10:40:00,95.8
2025-06-12 04:57:00,92.2
2025-06-12 08:25:00,24.7
2025-06-12 22:59:00,84.6
2025-06-12 05:47:00,7.3
2025-06-12 03:43:00,71.9
2025-06-12 01:02:00,32.1
2025-06-12 23:29:00,32.8
2025-06-12 19:55:00,79.2
2025-06-12 06:18:00,36.4
2025-06-12 17:27:00,96.9
2025-06-12 18:49:00,23.5
2025-06-12 01:36:00,66.1
2025-06-12 15:00:00,15.7
2025-06-12 22:14:00,65.3
2025-06-12 17:54:00,51.9
2025-06-12 18:03:00,68.3
2025-06-12 13:54:00,84.6
2025-06-12 17:35:00,57.9
2025-06-12 17:56:00,15.1
2025-06-12 11:21:00,12.6
2025-06-12 09:19:00,89.9
2025-06-12 18:08:00,0.9
2025-06-12 18:23:00,3.6
2025-06-12 06:03:00,27.9
2025-06-12 04:50:00,92.1
2025-06-12 19:46:00,1.5
2025-06-12 01:31:00,9.7
2025-06-12 14:17:00,49.952608030142464
2025-06-12 22:40:00,38.0
2025-06-12 04:59:00,69.6
2025-06-12 10:33:00,50.7
2025-06-12 02:45:00,79.3
2025-06-12 04:09:00,93.0
2025-06-12 18:28:00,85.0
2025-06-12 04:30:00,91.7
2025-06-12 20:56:00,82.8
2025-06-12 04:40:00,59.7
2025-06-12 10:41:00,54.6
2025-06-12 22:45:00,49.952608030142464
2025-06-12 18:46:00,35.0
2025-06-12 18:37:00,58.3
2025-06-12 15:36:00,49.952608030142464
2025-06-12 21:54:00,27.3
2025-06-12 04:46:00,16.5
2025-06-12 15:14:00,95.1
2025-06-12 09:57:00,83.7
2025-06-12 03:00:00,49.952608030142464
2025-06-12 00:29:00,49.952608030142464
2025-06-12 04:51:00,17.1
2025-06-12 11:44:00,69.0
2025-06-12 11:18:00,58.4
2025-06-12 03:25:00,42.2
2025-06-12 07:41:00,94.8
2025-06-12 22:28:00,66.8
2025-06-12 02:11:00,49.952608030142464
2025-06-12 21:05:00,0.6
2025-06-12 20:36:00,88.9
2025-06-12 17:39:00,87.2
2025-06-12 23:29:00,30.7
2025-06-12 18:36:00,49.952608030142464
2025-06-12 02:54:00,70.2
2025-06-12 16:29:00,49.952608030142464
2025-06-12 03:25:00,20.1
2025-06-12 00:58:00,49.952608030142464
2025-06-12 02:08:00,85.1
2025-06-12 19:03:00,48.6
2025-06-12 11:58:00,49.952608030142464
2025-06-12 02:24:00,77.3
2025-06-12 08:00:00,49.7
2025-06-12 18:59:00,34.5
2025-06-12 15:15:00,29.8
2025-06-12 15:03:00,88.3
2025-06-12 22:57:00,76.2
2025-06-12 00:05:00,49.952608030142464
2025-06-12 15:44:00,35.7
2025-06-12 19:55:00,64.1
2025-06-12 11:20:00,25.2
2025-06-12 18:53:00,27.9
2025-06-12 19:47:00,34.1
2025-06-12 12:51:00,27.8
2025-06-12 02:04:00,49.952608030142464
2025-06-12 08:52:00,99.3
2025-06-12 15:06:00,45.4
2025-06-12 18:27:00,5.0
2025-06-12 22:16:00,49.952608030142464
2025-06-12 20:52:00,49.952608030142464
2025-06-12 01:09:00,87.0
2025-06-12 16:54:00,50.8
2025-06-12 18:39:00,21.5
2025-06-12 02:16:00,48.0
2025-06-12 22:33:00,42.4
2025-06-12 04:14:00,27.9
2025-06-12 00:29:00,71.3
2025-06-12 17:01:00,49.952608030142464
2025-06-12 10:05:00,38.2
2025-06-12 19:43:00,49.952608030142464
2025-06-12 02:12:00,4.7
2025-06-12 02:41:00,49.952608030142464
2025-06-12 21:38:00,49.952608030142464
2025-06-12 11:47:00,49.952608030142464
2025-06-12 21:57:00,22.1
2025-06-12 21:09:00,15.5
2025-06-12 08:17:00,6.9
2025-06-12 13:51:00,34.8
2025-06-12 10:32:00,84.7
2025-06-12 05:47:00,50.1
2025-06-12 16:53:00,95.5
2025-06-12 12:51:00,49.952608030142464
2025-06-12 02:37:00,79.5
2025-06-12 01:30:00,70.2
2025-06-12 15:02:00,0.7
2025-06-12 07:28:00,5.4
2025-06-12 20:35:00,9.6
2025-06-12 10:56:00,36.7
2025-06-12 02:47:00,49.952608030142464
2025-06-12 05:26:00,10.3
2025-06-12 05:31:00,12.0
2025-06-12 21:54:00,57.6
2025-06-12 16:07:00,77.6
2025-06-12 04:14:00,83.7
2025-06-12 04:48:00,10.5
2025-06-12 09:05:00,76.1
2025-06-12 16:24:00,49.952608030142464
2025-06-12 20:47:00,11.7
2025-06-12 18:56:00,27.2
2025-06-12 10:39:00,85.9
2025-06-12 15:35:00,24.9
2025-06-12 21:25:00,85.1
2025-06-12 17:56:00,87.1
2025-06-12 00:16:00,5.9
2025-06-12 12:30:00,45.7
2025-06-12 20:19:00,88.0
2025-06-12 12:13:00,49.952608030142464
2025-06-12 17:51:00,84.3
2025-06-12 18:07:00,21.5
2025-06-12 08:07:00,84.2
2025-06-12 18:48:00,14.2
2025-06-12 20:33:00,3.7
2025-06-12 06:56:00,79.6
2025-06-12 08:22:00,18.7
2025-06-12 02:48:00,20.6
2025-06-12 01:13:00,63.1
2025-06-12 03:32:00,28.4
2025-06-12 16:25:00,17.2
2025-06-12 21:18:00,49.952608030142464
2025-06-12 08:14:00,12.2
2025-06-12 03:07:00,47.7
2025-06-12 14:08:00,77.6
2025-06-12 03:52:00,28.1
2025-06-12 03:10:00,61.4
2025-06-12 00:07:00,82.0
2025-06-12 15:39:00,32.9
2025-06-12 09:37:00,97.9
2025-06-12 18:13:00,29.2
2025-06-12 06:41:00,50.21640523646657
2025-06-12 21:30:00,27.3
2025-06-12 16:21:00,50.21640523646657
2025-06-12 17:38:00,50.21640523646657
2025-06-12 17:00:00,40.3
2025-06-12 02:53:00,93.0
2025-06-12 14:21:00,82.4
2025-06-12 05:45:00,29.4
2025-06-12 18:41:00,59.0
2025-06-12 02:41:00,8.2
2025-06-12 19:55:00,64.1
2025-06-12 00:51:00,93.0
2025-06-12 06:36:00,90.5
2025-06-12 21:20:00,26.0
2025-06-12 15:23:00,76.1
2025-06-12 16:55:00,78.8
2025-06-12 21:42:00,69.5
2025-06-12 15:24:00,18.9
2025-06-12 00:19:00,38.3
2025-06-12 15:47:00,7.8
2025-06-12 13:26:00,55.6
2025-06-12 22:17:00,66.5
2025-06-12 04:26:00,18.8
2025-06-12 00:22:00,91.0
2025-06-12 18:10:00,93.6
2025-06-12 22:14:00,50.21640523646657
2025-06-12 15:50:00,50.21640523646657
2025-06-12 21:34:00,92.1
2025-06-12 21:37:00,97.7
2025-06-12 01:38:00,1.4
2025-06-12 01:51:00,36.8
2025-06-12 18:21:00,16.4
2025-06-12 04:32:00,50.21640523646657
2025-06-12 21:55:00,82.9
2025-06-12 04:27:00,76.5
2025-06-12 00:58:00,34.2
2025-06-12 20:08:00,94.4
2025-06-12 20:11:00,50.21640523646657
2025-06-12 10:52:00,80.4
2025-06-12 09:55:00,50.21640523646657
2025-06-12 03:00:00,97.9
2025-06-12 15:23:00,54.1
2025-06-12 13:29:00,86.4
2025-06-12 00:38:00,76.4
2025-06-12 10:04:00,50.21640523646657
2025-06-12 23:37:00,99.2
2025-06-12 18:39:00,68.1
2025-06-12 20:52:00,4.6
2025-06-12 02:12:00,36.9
2025-06-12 14:03:00,50.21640523646657
2025-06-12 11:03:00,77.8
2025-06-12 08:17:00,11.2
2025-06-12 19:42:00,91.1
2025-06-12 14:37:00,9.6
2025-06-12 13:35:00,50.21640523646657
2025-06-12 06:20:00,26.5
2025-06-12 04:27:00,44.2
2025-06-12 23:09:00,44.6
2025-06-12 05:23:00,34.4
2025-06-12 21:42:00,50.21640523646657
2025-06-12 03:08:00,36.1
2025-06-12 11:11:00,50.21640523646657
2025-06-12 23:30:00,40.3
2025-06-12 07:41:00,19.0
2025-06-12 15:38:00,52.7
2025-06-12 00:31:00,66.7
2025-06-12 14:33:00,83.1
2025-06-12 03:07:00,16.8
2025-06-12 12:40:00,41.1
2025-06-12 12:20:00,50.21640523646657
2025-06-12 22:13:00,17.1
2025-06-12 21:20:00,82.0
2025-06-12 08:07:00,55.2
2025-06-12 14:25:00,9.4
2025-06-12 03:19:00,50.21640523646657
2025-06-12 01:02:00,50.21640523646657
2025-06-12 01:10:00,26.8
2025-06-12 11:36:00,50.21640523646657
2025-06-12 23:16:00,70.2
2025-06-12 23:32:00,60.0
2025-06-12 00:03:00,64.0
2025-06-12 00:27:00,31.5
2025-06-12 06:08:00,75.9
2025-06-12 22:53:00,71.5
2025-06-12 09:42:00,92.7
2025-06-12 10:29:00,35.2
2025-06-12 00:27:00,50.21640523646657
2025-06-12 08:24:00,40.8
2025-06-12 22:18:00,46.6
2025-06-12 05:12:00,81.1
2025-06-12 03:14:00,75.1
2025-06-12 23:17:00,50.21640523646657
2025-06-12 21:41:00,50.21640523646657
2025-06-12 11:58:00,50.21640523646657
2025-06-12 19:00:00,54.8
2025-06-12 11:12:00,30.2
2025-06-12 13:36:00,18.8
2025-06-12 18:12:00,13.4
2025-06-12 03:39:00,50.21640523646657
2025-06-12 12:21:00,51.6
2025-06-12 06:59:00,11.9
2025-06-12 06:21:00,30.9
2025-06-12 03:18:00,97.4
2025-06-12 17:18:00,81.8
2025-06-12 19:16:00,70.3
2025-06-12 21:24:00,98.3
2025-06-12 22:51:00,24.6
2025-06-12 10:55:00,30.8
2025-06-12 19:03:00,57.0
2025-06-12 02:03:00,40.0
2025-06-12 17:38:00,42.4
2025-06-12 16:41:00,30.6
2025-06-12 01:20:00,21.5
2025-06-12 18:21:00,50.21640523646657
2025-06-12 05:14:00,90.3
2025-06-12 13:12:00,23.5
2025-06-12 19:39:00,72.9
2025-06-12 06:28:00,50.21640523646657
2025-06-12 15:54:00,44.3
2025-06-12 16:17:00,60.4
2025-06-12 00:22:00,50.2
2025-06-12 19:23:00,0.1
2025-06-12 19:25:00,28.9
2025-06-12 16:43:00,50.21640523646657
2025-06-12 11:49:00,36.1
2025-06-12 09:50:00,50.21640523646657
2025-06-12 00:33:00,68.0
2025-06-12 05:09:00,50.21640523646657
2025-06-12 16:48:00,36.0
2025-06-12 00:38:00,10.3
2025-06-12 18:52:00,97.5
2025-06-12 08:28:00,76.1
2025-06-12 08:09:00,14.6
2025-06-12 11:13:00,10.1
2025-06-12 13:51:00,11.9
2025-06-12 16:53:00,91.6
2025-06-12 01:59:00,56.1
2025-06-12 03:09:00,67.4
2025-06-12 07:36:00,50.21640523646657
2025-06-12 15:39:00,3.6
2025-06-12 14:12:00,47.6
2025-06-12 11:33:00,12.8
2025-06-12 07:01:00,50.21640523646657
2025-06-12 17:01:00,84.1
2025-06-12 00:05:00,50.21640523646657
2025-06-12 20:21:00,81.4
2025-06-12 08:46:00,94.7
2025-06-12 10:36:00,50.21640523646657
2025-06-12 04:52:00,50.21640523646657
2025-06-12 14:48:00,71.5
2025-06-12 19:55:00,83.7
2025-06-12 02:17:00,89.6
2025-06-12 16:37:00,51.8
2025-06-12 12:54:00,63.7
2025-06-12 12:04:00,50.21640523646657
2025-06-12 06:46:00,82.2
2025-06-12 21:24:00,70.1
2025-06-12 13:33:00,59.0
2025-06-12 21:48:00,33.4
2025-06-12 16:27:00,76.2
2025-06-12 03:41:00,27.6
2025-06-12 05:09:00,50.21640523646657
2025-06-12 17:09:00,88.9
2025-06-12 21:18:00,37.4
2025-06-12 16:22:00,61.0
2025-06-12 06:56:00,40.9
2025-06-12 00:30:00,2.6
2025-06-12 14:36:00,82.3
2025-06-12 23:36:00,79.7
2025-06-12 21:16:00,26.5
2025-06-12 08:58:00,50.21640523646657
2025-06-12 22:41:00,58.8
2025-06-12 07:07:00,60.3
2025-06-12 19:11:00,65.2
2025-06-12 06:13:00,50.21640523646657
2025-06-12 03:13:00,24.0
2025-06-12 16:26:00,67.6
2025-06-12 03:18:00,84.2
2025-06-12 17:46:00,9.4
2025-06-12 04:17:00,22.8
2025-06-12 01:21:00,45.0
2025-06-12 11:07:00,2.1
2025-06-12 01:45:00,42.1
2025-06-12 07:48:00,7.3
2025-06-12 01:32:00,50.21640523646657
2025-06-12 20:31:00,17.7
2025-06-12 05:32:00,13.6
2025-06-12 22:53:00,80.1
2025-06-12 15:44:00,50.6
2025-06-12 23:27:00,62.6
2025-06-12 09:03:00,97.6
2025-06-12 21:44:00,75.4
2025-06-12 05:44:00,83.1
2025-06-12 22:51:00,73.5
2025-06-12 02:02:00,96.9
2025-06-12 01:20:00,66.4
2025-06-12 08:24:00,61.7
2025-06-12 22:26:00,6.0
2025-06-12 17:58:00,5.8
2025-06-12 03:55:00,24.5
2025-06-12 10:47:00,50.21640523646657
2025-06-12 17:45:00,50.21640523646657
2025-06-12 19:50:00,50.21640523646657
2025-06-12 04:11:00,87.0
2025-06-12 19:35:00,64.1
2025-06-12 09:14:00,38.3
2025-06-12 06:57:00,46.0
2025-06-12 12:24:00,3.6
2025-06-12 18:10:00,92.6
2025-06-12 05:58:00,24.2
2025-06-12 02:00:00,34.7
2025-06-12 21:52:00,48.9
2025-06-12 15:22:00,72.1
2025-06-12 19:45:00,16.0
2025-06-12 16:22:00,2.1
2025-06-12 07:57:00,64.3
2025-06-12 06:41:00,67.4
2025-06-12 08:05:00,78.1
2025-06-12 09:01:00,50.21640523646657
2025-06-12 12:46:00,54.4
2025-06-12 15:30:00,11.4
2025-06-12 12:40:00,50.21640523646657
2025-06-12 18:08:00,85.2
2025-06-12 01:37:00,46.6
2025-06-12 22:53:00,50.21640523646657
2025-06-12 18:21:00,14.1
2025-06-12 03:35:00,60.1
2025-06-12 09:02:00,18.6
2025-06-12 01:35:00,70.8
2025-06-12 02:52:00,5.4
2025-06-12 23:19:00,31.5
2025-06-12 20:59:00,58.1
2025-06-12 19:36:00,42.8
2025-06-12 01:07:00,46.9
2025-06-12 17:24:00,3.7
2025-06-12 10:31:00,9.8
2025-06-12 05:02:00,98.3
2025-06-12 21:49:00,12.0
2025-06-12 15:29:00,81.3
2025-06-12 09:02:00,67.2
2025-06-12 16:17:00,36.6
2025-06-12 03:24:00,97.6
2025-06-12 07:16:00,22.4
2025-06-12 14:34:00,31.6
2025-06-12 19:01:00,50.21640523646657
2025-06-12 21:21:00,76.2
2025-06-12 06:46:00,36.6
2025-06-12 15:10:00,4.5
2025-06-12 15:59:00,63.9
2025-06-12 13:19:00,41.1
2025-06-12 13:41:00,40.1
2025-06-12 07:09:00,50.21640523646657
2025-06-12 03:56:00,90.4
2025-06-12 02:45:00,99.2
2025-06-12 07:46:00,50.21640523646657
2025-06-12 08:29:00,50.21640523646657
2025-06-12 23:08:00,78.6
2025-06-12 16:09:00,85.4
2025-06-12 11:16:00,32.4
2025-06-12 04:48:00,50.21640523646657
2025-06-12 23:32:00,34.1
2025-06-12 09:48:00,28.0
2025-06-12 03:21:00,55.7
2025-06-12 04:25:00,50.21640523646657
2025-06-12 07:03:00,93.4
2025-06-12 21:22:00,86.8
2025-06-12 09:13:00,96.3
2025-06-12 16:56:00,30.3
2025-06-12 21:59:00,19.1
2025-06-12 22:09:00,50.21640523646657
2025-06-12 22:23:00,77.9
2025-06-12 12:06:00,50.21640523646657
2025-06-12 07:28:00,25.0
2025-06-12 13:52:00,80.2
2025-06-12 00:52:00,32.2
2025-06-12 22:42:00,54.1
2025-06-12 17:20:00,3.4
2025-06-12 17:56:00,51.7
2025-06-12 08:12:00,50.21640523646657
2025-06-12 21:15:00,91.0
2025-06-12 09:52:00,19.6
2025-06-12 23:41:00,50.9
2025-06-12 05:10:00,87.8
2025-06-12 00:44:00,50.21640523646657
2025-06-12 19:50:00,51.2
2025-06-12 12:48:00,60.1
2025-06-12 11:56:00,34.5
2025-06-12 12:01:00,70.1
2025-06-12 20:51:00,54.3
2025-06-12 08:59:00,61.1
2025-06-12 20:46:00,71.7
2025-06-12 14:13:00,46.5
2025-06-12 14:25:00,61.0
2025-06-12 17:22:00,92.7
2025-06-12 09:33:00,81.4
2025-06-12 17:53:00,76.0
2025-06-12 17:39:00,92.6
2025-06-12 20:24:00,40.5
2025-06-12 19:59:00,79.2
2025-06-12 23:42:00,45.0
2025-06-12 18:16:00,17.0
2025-06-12 01:52:00,42.6
2025-06-12 10:23:00,42.7
2025-06-12 06:23:00,21.0
2025-06-12 06:12:00,56.1
2025-06-12 19:51:00,50.21640523646657
2025-06-12 22:44:00,50.21640523646657
2025-06-12 04:33:00,46.2
2025-06-12 18:47:00,91.5
2025-06-12 23:52:00,34.9
2025-06-12 00:35:00,90.2
2025-06-12 16:24:00,28.1
2025-06-12 02:56:00,22.1
2025-06-12 01:47:00,13.3
2025-06-12 16:37:00,90.4
2025-06-12 13:33:00,50.21640523646657
2025-06-12 01:26:00,92.2
2025-06-12 10:01:00,66.6
2025-06-12 18:56:00,4.9
2025-06-12 18:38:00,62.5
2025-06-12 09:55:00,63.3
2025-06-12 01:20:00,2.0
2025-06-12 10:11:00,39.0
2025-06-12 13:39:00,50.21640523646657
2025-06-12 00:40:00,14.7
2025-06-12 15:27:00,56.6
2025-06-12 09:48:00,10.6
2025-06-12 22:00:00,66.8
2025-06-12 09:36:00,92.5
2025-06-12 02:40:00,22.3
2025-06-12 00:35:00,50.21640523646657
2025-06-12 06:49:00,61.0
2025-06-12 11:17:00,59.7
2025-06-12 23:18:00,32.0
2025-06-12 18:42:00,3.4
2025-06-12 09:45:00,63.7
2025-06-12 21:31:00,8.0
2025-06-12 02:22:00,90.9
2025-06-12 15:16:00,49.70408187272085
2025-06-12 21:16:00,98.2
2025-06-12 14:06:00,93.2
2025-06-12 08:28:00,77.3
2025-06-12 04:54:00,31.3
2025-06-12 02:49:00,19.7
2025-06-12 02:08:00,49.70408187272085
2025-06-12 00:32:00,22.6
2025-06-12 04:47:00,80.3
2025-06-12 13:18:00,44.9
2025-06-12 15:06:00,79.1
2025-06-12 04:15:00,66.0
2025-06-12 23:13:00,72.8
2025-06-12 05:30:00,94.4
2025-06-12 13:56:00,80.3
2025-06-12 17:18:00,57.9
2025-06-12 10:58:00,56.4
2025-06-12 21:31:00,23.9
2025-06-12 06:52:00,49.70408187272085
2025-06-12 16:32:00,49.9
2025-06-12 22:23:00,97.5
2025-06-12 19:41:00,55.6
2025-06-12 21:41:00,49.70408187272085
2025-06-12 10:55:00,3.9
2025-06-12 14:40:00,46.0
2025-06-12 18:35:00,8.8
2025-06-12 14:10:00,77.6
2025-06-12 20:28:00,58.3
2025-06-12 11:02:00,72.7
2025-06-12 03:31:00,64.3
2025-06-12 07:37:00,49.70408187272085
2025-06-12 23:02:00,10.4
2025-06-12 08:04:00,75.1
2025-06-12 10:51:00,70.3
2025-06-12 21:18:00,9.5
2025-06-12 15:48:00,60.5
2025-06-12 10:26:00,49.70408187272085
2025-06-12 19:24:00,97.1
2025-06-12 20:58:00,49.70408187272085
2025-06-12 21:56:00,43.9
2025-06-12 20:21:00,32.1
2025-06-12 03:42:00,31.1
2025-06-12 15:10:00,29.0
2025-06-12 21:22:00,32.2
2025-06-12 03:06:00,49.70408187272085
2025-06-12 04:00:00,4.4
2025-06-12 08:37:00,20.5
2025-06-12 12:57:00,51.7
2025-06-12 19:53:00,24.5
2025-06-12 03:50:00,56.0
2025-06-12 04:56:00,9.8
2025-06-12 20:28:00,15.0
2025-06-12 05:53:00,76.7
2025-06-12 19:29:00,49.3
2025-06-12 16:24:00,82.9
2025-06-12 09:39:00,92.2
2025-06-12 10:41:00,49.70408187272085
2025-06-12 07:37:00,58.2
2025-06-12 05:19:00,46.1
2025-06-12 19:59:00,78.5
2025-06-12 14:12:00,49.70408187272085
2025-06-12 14:16:00,78.4
2025-06-12 02:40:00,49.70408187272085
2025-06-12 00:46:00,56.2
2025-06-12 22:31:00,96.1
2025-06-12 05:08:00,19.7
2025-06-12 04:01:00,14.7
2025-06-12 15:30:00,36.8
2025-06-12 02:38:00,55.1
2025-06-12 20:17:00,96.1
2025-06-12 02:59:00,86.0
2025-06-12 09:46:00,94.7
2025-06-12 14:22:00,46.8
2025-06-12 01:07:00,50.0
2025-06-12 00:37:00,49.70408187272085
2025-06-12 12:53:00,10.3
2025-06-12 23:46:00,47.9
2025-06-12 13:05:00,0.6
2025-06-12 18:19:00,35.1
2025-06-12 04:57:00,22.2
2025-06-12 04:31:00,42.4
2025-06-12 20:25:00,73.7
2025-06-12 23:05:00,89.1
2025-06-12 07:12:00,71.3
2025-06-12 03:20:00,43.0
2025-06-12 22:31:00,44.3
2025-06-12 18:00:00,91.4
2025-06-12 22:17:00,58.8
2025-06-12 14:43:00,49.70408187272085
2025-06-12 23:40:00,26.7
2025-06-12 05:54:00,8.3
2025-06-12 03:24:00,64.3
2025-06-12 17:29:00,49.70408187272085
2025-06-12 12:54:00,64.8
2025-06-12 13:22:00,49.70408187272085
2025-06-12 21:49:00,64.6
2025-06-12 06:05:00,65.6
2025-06-12 03:29:00,49.70408187272085
2025-06-12 23:21:00,49.70408187272085
2025-06-12 05:05:00,81.4
2025-06-12 23:25:00,27.7
2025-06-12 13:52:00,35.1
2025-06-12 06:40:00,61.2
2025-06-12 21:51:00,56.7
2025-06-12 17:22:00,47.0
2025-06-12 13:36:00,31.3
2025-06-12 21:29:00,28.8
2025-06-12 20:36:00,48.0
2025-06-12 12:16:00,3.0
2025-06-12 21:08:00,78.2
2025-06-12 12:50:00,81.0
2025-06-12 14:27:00,97.6
2025-06-12 04:40:00,77.5
2025-06-12 13:33:00,54.3
2025-06-12 20:07:00,17.5
2025-06-12 03:31:00,82.0
2025-06-12 18:42:00,46.0
2025-06-12 16:37:00,72.9
2025-06-12 18:32:00,88.4
2025-06-12 20:13:00,49.70408187272085
2025-06-12 00:56:00,0.5
2025-06-12 07:39:00,35.1
2025-06-12 03:16:00,56.8
2025-06-12 12:10:00,90.3
2025-06-12 22:56:00,49.70408187272085
2025-06-12 03:47:00,49.70408187272085
2025-06-12 20:01:00,23.8
2025-06-12 19:13:00,87.9
2025-06-12 06:41:00,49.70408187272085
2025-06-12 03:26:00,67.9
2025-06-12 22:48:00,50.6
2025-06-12 15:32:00,61.3
2025-06-12 21:16:00,65.8
2025-06-12 08:15:00,74.5
2025-06-12 21:54:00,19.6
2025-06-12 04:14:00,91.0
2025-06-12 21:58:00,49.70408187272085
2025-06-12 23:35:00,49.70408187272085
2025-06-12 20:16:00,12.5
2025-06-12 03:59:00,19.3
2025-06-12 08:26:00,49.70408187272085
2025-06-12 03:12:00,47.3
2025-06-12 14:11:00,61.5
2025-06-12 13:04:00,5.3
2025-06-12 22:33:00,50.6
2025-06-12 01:05:00,82.6
2025-06-12 09:04:00,66.8
2025-06-12 12:52:00,49.70408187272085
2025-06-12 18:16:00,47.9
2025-06-12 03:44:00,63.8
2025-06-12 13:35:00,34.9
2025-06-12 15:23:00,86.2
2025-06-12 15:27:00,41.1
2025-06-12 02:03:00,0.8
2025-06-12 07:09:00,56.8
2025-06-12 10:09:00,31.1
2025-06-12 10:18:00,50.3
2025-06-12 06:21:00,96.0
2025-06-12 15:06:00,79.8
2025-06-12 19:23:00,43.7
2025-06-12 12:57:00,97.7
2025-06-12 06:40:00,49.70408187272085
2025-06-12 15:29:00,49.70408187272085
2025-06-12 00:45:00,49.70408187272085
2025-06-12 04:48:00,24.9
2025-06-12 07:44:00,9.7
2025-06-12 05:52:00,31.8
2025-06-12 23:14:00,2.6
2025-06-12 04:24:00,49.70408187272085
2025-06-12 05:18:00,54.7
2025-06-12 05:07:00,76.4
2025-06-12 03:37:00,49.6
2025-06-12 13:47:00,63.6
2025-06-12 18:36:00,67.8
2025-06-12 06:29:00,56.0
2025-06-12 04:06:00,91.1
2025-06-12 03:49:00,61.9
2025-06-12 17:36:00,18.7
2025-06-12 00:59:00,77.3
2025-06-12 11:20:00,58.7
2025-06-12 07:11:00,29.1
2025-06-12 06:04:00,56.9
2025-06-12 22:18:00,13.5
2025-06-12 22:26:00,24.6
2025-06-12 01:58:00,49.70408187272085
2025-06-12 03:51:00,34.0
2025-06-12 22:44:00,2.6
2025-06-12 23:52:00,20.7
2025-06-12 05:09:00,1.9
2025-06-12 12:44:00,82.4
2025-06-12 01:53:00,10.7
2025-06-12 04:23:00,49.70408187272085
2025-06-12 05:33:00,61.2
2025-06-12 13:14:00,3.2
2025-06-12 22:50:00,49.70408187272085
2025-06-12 06:23:00,90.1
2025-06-12 07:21:00,4.5
2025-06-12 11:15:00,49.70408187272085
2025-06-12 20:48:00,19.9
2025-06-12 19:43:00,49.70408187272085
2025-06-12 07:50:00,25.2
2025-06-12 17:39:00,27.3
2025-06-12 10:51:00,97.9
2025-06-12 06:22:00,16.6
2025-06-12 17:21:00,39.7
2025-06-12 06:31:00,34.8
2025-06-12 08:57:00,87.2
2025-06-12 20:20:00,49.70408187272085
2025-06-12 07:09:00,54.9
2025-06-12 14:58:00,37.2
2025-06-12 16:14:00,34.2
2025-06-12 09:07:00,6.8
2025-06-12 06:59:00,88.6
2025-06-12 01:45:00,49.70408187272085
2025-06-12 17:25:00,33.1
2025-06-12 06:12:00,49.70408187272085
2025-06-12 12:40:00,70.5
2025-06-12 03:24:00,40.3
2025-06-12 17:17:00,85.6
2025-06-12 18:51:00,13.3
2025-06-12 08:29:00,49.70408187272085
2025-06-12 08:16:00,26.0
2025-06-12 18:38:00,8.8
2025-06-12 12:34:00,42.8
2025-06-12 11:57:00,73.4
2025-06-12 10:21:00,60.0
2025-06-12 01:20:00,28.4
2025-06-12 00:03:00,89.4
2025-06-12 03:35:00,76.9
2025-06-12 18:15:00,58.6
2025-06-12 20:59:00,59.1
2025-06-12 17:52:00,22.7
2025-06-12 18:47:00,7.3
2025-06-12 02:54:00,33.2
2025-06-12 13:22:00,34.8
2025-06-12 17:04:00,28.8
2025-06-12 17:43:00,49.70408187272085
2025-06-12 23:36:00,64.3
2025-06-12 05:14:00,14.8
2025-06-12 00:12:00,35.8
2025-06-12 00:14:00,49.70408187272085
2025-06-12 01:50:00,18.1
2025-06-12 03:25:00,19.0
2025-06-12 15:55:00,6.2
2025-06-12 11:51:00,10.1
2025-06-12 13:17:00,47.4
2025-06-12 04:35:00,53.5
2025-06-12 19:24:00,27.7
2025-06-12 01:48:00,83.2
2025-06-12 11:44:00,16.9
2025-06-12 03:37:00,15.9
2025-06-12 22:38:00,2.4
2025-06-12 21:16:00,35.1
2025-06-12 12:00:00,27.3
2025-06-12 06:03:00,75.6
2025-06-12 19:15:00,49.70408187272085
2025-06-12 01:10:00,49.70408187272085
2025-06-12 16:01:00,13.1
2025-06-12 10:06:00,22.5
2025-06-12 23:13:00,6.7
2025-06-12 13:29:00,40.6
2025-06-12 04:28:00,3.8
2025-06-12 17:45:00,51.3
2025-06-12 14:57:00,26.1
2025-06-12 21:26:00,7.9
2025-06-12 07:41:00,49.70408187272085
2025-06-12 16:38:00,79.6
2025-06-12 03:23:00,49.70408187272085
2025-06-12 15:30:00,37.3
2025-06-12 15:34:00,4.9
2025-06-12 02:13:00,73.2
2025-06-12 20:25:00,12.2
2025-06-12 18:25:00,0.2
2025-06-12 18:58:00,15.7
2025-06-12 07:09:00,86.5
2025-06-12 09:55:00,85.3
2025-06-12 00:30:00,33.3
2025-06-12 04:43:00,55.9
2025-06-12 16:26:00,68.9
2025-06-12 12:36:00,87.1
2025-06-12 16:55:00,92.2
2025-06-12 22:08:00,92.3
2025-06-12 08:08:00,15.3
2025-06-12 06:01:00,94.4
2025-06-12 12:36:00,23.9
2025-06-12 08:19:00,55.7
2025-06-12 18:43:00,69.1
2025-06-12 08:56:00,84.0
2025-06-12 08:48:00,91.0
2025-06-12 08:56:00,78.3
2025-06-12 04:37:00,1.6
2025-06-12 04:30:00,55.7
2025-06-12 12:54:00,83.6
2025-06-12 01:17:00,49.70408187272085
2025-06-12 06:57:00,88.9
2025-06-12 16:36:00,8.8
2025-06-12 00:40:00,56.4
2025-06-12 16:35:00,13.9
2025-06-12 22:21:00,23.8
2025-06-12 22:35:00,14.9
2025-06-12 04:51:00,39.6
2025-06-12 14:04:00,49.3
2025-06-12 16:16:00,49.70408187272085
2025-06-12 04:24:00,34.9
2025-06-12 16:54:00,59.6
2025-06-12 17:31:00,4.2
2025-06-12 02:50:00,9.9
2025-06-12 13:39:00,49.70408187272085
2025-06-12 14:14:00,4.8
2025-06-12 08:32:00,59.4
2025-06-12 13:56:00,49.70408187272085
2025-06-12 03:14:00,58.1
2025-06-12 08:57:00,95.6
2025-06-12 17:35:00,50.4
2025-06-12 22:42:00,15.6
2025-06-12 18:37:00,6.2
2025-06-12 20:34:00,59.0
2025-06-12 22:40:00,38.4
2025-06-12 14:18:00,58.7
2025-06-12 08:41:00,85.8
2025-06-12 00:35:00,85.6
2025-06-12 09:40:00,15.3
2025-06-12 23:08:00,14.1
2025-06-12 07:05:00,32.2
2025-06-12 15:41:00,98.8
2025-06-12 22:03:00,62.3
2025-06-12 02:46:00,50.1110094970102
2025-06-12 16:43:00,50.1110094970102
2025-06-12 13:37:00,64.2
2025-06-12 19:28:00,50.1110094970102
2025-06-12 15:35:00,77.9
2025-06-12 08:56:00,83.3
2025-06-12 02:19:00,67.8
2025-06-12 01:07:00,17.3
2025-06-12 13:45:00,73.5
2025-06-12 09:56:00,85.6
2025-06-12 19:25:00,82.4
2025-06-12 04:16:00,24.0
2025-06-12 09:21:00,68.8
2025-06-12 19:13:00,9.4
2025-06-12 06:48:00,47.8
2025-06-12 09:04:00,50.1110094970102
2025-06-12 23:47:00,99.5
2025-06-12 09:07:00,52.3
2025-06-12 17:24:00,94.4
2025-06-12 14:16:00,81.0
2025-06-12 23:47:00,17.9
2025-06-12 02:12:00,19.3
2025-06-12 19:54:00,3.5
2025-06-12 21:21:00,32.3
2025-06-12 07:37:00,50.1110094970102
2025-06-12 16:17:00,16.4
2025-06-12 11:11:00,68.0
2025-06-12 13:36:00,58.4
2025-06-12 22:42:00,92.1
2025-06-12 02:16:00,1.6
2025-06-12 09:53:00,80.8
2025-06-12 09:29:00,27.4
2025-06-12 21:54:00,99.2
2025-06-12 08:02:00,93.1
2025-06-12 01:53:00,94.2
2025-06-12 04:57:00,50.1110094970102
2025-06-12 14:47:00,50.1110094970102
2025-06-12 03:47:00,25.6
2025-06-12 10:31:00,87.9
2025-06-12 08:23:00,50.1110094970102
2025-06-12 21:32:00,47.1
2025-06-12 06:53:00,35.8
2025-06-12 08:58:00,40.1
2025-06-12 03:44:00,50.1110094970102
2025-06-12 23:22:00,41.0
2025-06-12 00:38:00,21.1
2025-06-12 20:53:00,99.1
2025-06-12 05:31:00,50.1110094970102
2025-06-12 04:04:00,34.8
2025-06-12 12:30:00,61.3
2025-06-12 08:53:00,35.0
2025-06-12 12:54:00,78.8
2025-06-12 12:06:00,18.2
2025-06-12 10:09:00,94.1
2025-06-12 16:31:00,12.2
2025-06-12 18:42:00,50.1110094970102
2025-06-12 01:47:00,50.1110094970102
2025-06-12 03:49:00,58.0
2025-06-12 19:31:00,59.0
2025-06-12 15:03:00,52.4
2025-06-12 20:19:00,86.4
2025-06-12 18:16:00,15.5
2025-06-12 12:29:00,4.5
2025-06-12 13:06:00,35.3
2025-06-12 23:02:00,50.1110094970102
2025-06-12 19:48:00,81.9
2025-06-12 14:39:00,92.1
2025-06-12 00:37:00,41.0
2025-06-12 00:40:00,41.6
2025-06-12 16:30:00,33.7
2025-06-12 06:06:00,50.1110094970102
2025-06-12 16:07:00,37.1
2025-06-12 19:54:00,97.9
2025-06-12 15:55:00,21.8
2025-06-12 01:40:00,60.2
2025-06-12 18:41:00,74.0
2025-06-12 14:30:00,30.1
2025-06-12 12:43:00,50.1110094970102
2025-06-12 09:57:00,24.0
2025-06-12 11:00:00,26.0
2025-06-12 11:12:00,50.1110094970102
2025-06-12 02:37:00,78.5
2025-06-12 08:51:00,23.8
2025-06-12 14:35:00,93.8
2025-06-12 12:24:00,75.4
2025-06-12 06:34:00,62.4
2025-06-12 14:09:00,79.6
2025-06-12 10:31:00,27.0
2025-06-12 23:13:00,50.1110094970102
2025-06-12 12:49:00,61.8
2025-06-12 07:05:00,81.2
2025-06-12 13:04:00,85.7
2025-06-12 23:59:00,31.5
2025-06-12 00:11:00,95.6
2025-06-12 12:24:00,70.7
2025-06-12 01:39:00,17.6
2025-06-12 01:10:00,14.7
2025-06-12 10:59:00,50.1110094970102
2025-06-12 09:08:00,74.0
2025-06-12 10:00:00,10.8
2025-06-12 10:14:00,17.9
2025-06-12 04:32:00,27.9
2025-06-12 09:02:00,81.6
2025-06-12 14:32:00,69.2
2025-06-12 08:59:00,60.8
2025-06-12 11:51:00,52.7
2025-06-12 09:41:00,76.2
2025-06-12 00:03:00,21.9
2025-06-12 05:02:00,11.0
2025-06-12 19:12:00,93.4
2025-06-12 14:04:00,50.1110094970102
2025-06-12 15:59:00,21.8
2025-06-12 09:24:00,84.0
2025-06-12 11:33:00,84.7
2025-06-12 03:46:00,62.5
2025-06-12 11:42:00,99.8
2025-06-12 00:13:00,13.4
2025-06-12 17:47:00,14.9
2025-06-12 11:52:00,29.7
2025-06-12 12:57:00,78.3
2025-06-12 15:18:00,94.4
2025-06-12 23:26:00,6.2
2025-06-12 07:08:00,90.3
2025-06-12 14:10:00,93.0
2025-06-12 13:55:00,31.4
2025-06-12 16:43:00,26.2
2025-06-12 17:46:00,15.6
2025-06-12 11:39:00,50.1110094970102
2025-06-12 02:20:00,3.3
2025-06-12 02:31:00,81.9
2025-06-12 21:11:00,36.5
2025-06-12 07:43:00,69.8
2025-06-12 12:05:00,44.1
2025-06-12 15:21:00,15.8
2025-06-12 23:09:00,7.3
2025-06-12 12:19:00,77.2
2025-06-12 21:56:00,59.1
2025-06-12 09:41:00,24.7
2025-06-12 08:23:00,2.2
2025-06-12 14:06:00,88.3
2025-06-12 02:39:00,0.4
2025-06-12 08:07:00,77.3
2025-06-12 23:13:00,50.1110094970102
2025-06-12 01:31:00,50.1110094970102
2025-06-12 00:56:00,35.7
2025-06-12 09:17:00,50.1110094970102
2025-06-12 08:20:00,70.5
2025-06-12 18:28:00,40.9
2025-06-12 11:48:00,21.3
2025-06-12 23:37:00,35.1
2025-06-12 10:09:00,4.8
2025-06-12 18:41:00,46.0
2025-06-12 20:36:00,1.8
2025-06-12 14:52:00,50.1110094970102
2025-06-12 14:39:00,16.3
2025-06-12 20:46:00,61.0
2025-06-12 08:51:00,81.0
2025-06-12 09:03:00,68.8
2025-06-12 12:01:00,54.3
2025-06-12 01:43:00,38.1
2025-06-12 06:30:00,58.9
2025-06-12 03:46:00,35.4
2025-06-12 00:29:00,50.1110094970102
2025-06-12 09:28:00,83.0
2025-06-12 07:42:00,50.1110094970102
2025-06-12 23:11:00,41.1
2025-06-12 23:39:00,77.4
2025-06-12 12:58:00,76.5
2025-06-12 01:28:00,63.3
2025-06-12 23:29:00,50.1110094970102
2025-06-12 23:15:00,74.0
2025-06-12 11:53:00,31.4
2025-06-12 02:01:00,10.2
2025-06-12 04:13:00,69.4
2025-06-12 01:27:00,73.9
2025-06-12 03:29:00,50.4
2025-06-12 21:04:00,25.0
2025-06-12 22:20:00,14.8
2025-06-12 08:41:00,66.5
2025-06-12 05:51:00,94.7
2025-06-12 05:28:00,40.7
2025-06-12 12:03:00,47.4
2025-06-12 12:08:00,21.9
2025-06-12 18:18:00,93.8
2025-06-12 21:54:00,21.9
2025-06-12 21:46:00,74.8
2025-06-12 13:54:00,22.4
2025-06-12 15:56:00,25.8
2025-06-12 00:29:00,54.1
2025-06-12 06:43:00,50.1110094970102
2025-06-12 10:19:00,40.9
2025-06-12 21:26:00,38.4
2025-06-12 00:11:00,5.3
2025-06-12 15:49:00,50.1110094970102
2025-06-12 03:42:00,70.7
2025-06-12 11:13:00,21.1
2025-06-12 16:45:00,39.4
2025-06-12 14:38:00,70.1
2025-06-12 15:34:00,62.8
2025-06-12 10:21:00,49.3
2025-06-12 07:24:00,48.1
2025-06-12 23:40:00,62.2
2025-06-12 08:18:00,67.8
2025-06-12 08:43:00,4.5
2025-06-12 03:05:00,45.3
2025-06-12 00:44:00,7.6
2025-06-12 03:37:00,42.2
2025-06-12 22:26:00,97.4
2025-06-12 10:18:00,66.8
2025-06-12 22:13:00,27.9
2025-06-12 23:28:00,28.0
2025-06-12 04:56:00,19.1
2025-06-12 16:21:00,14.5
2025-06-12 23:36:00,50.1110094970102
2025-06-12 16:06:00,40.5
2025-06-12 06:48:00,74.7
2025-06-12 08:19:00,24.5
2025-06-12 02:21:00,0.4
2025-06-12 10:10:00,94.4
2025-06-12 23:53:00,29.2
2025-06-12 18:20:00,61.5
2025-06-12 12:48:00,79.4
2025-06-12 15:12:00,50.1110094970102
2025-06-12 21:42:00,15.8
2025-06-12 03:32:00,97.4
2025-06-12 00:23:00,72.6
2025-06-12 13:12:00,4.7
2025-06-12 23:59:00,45.7
2025-06-12 06:12:00,11.5
2025-06-12 03:31:00,86.8
2025-06-12 11:15:00,94.7
2025-06-12 09:23:00,81.0
2025-06-12 10:38:00,69.1
2025-06-12 11:46:00,50.1110094970102
2025-06-12 05:51:00,92.4
2025-06-12 12:43:00,2.9
2025-06-12 10:13:00,73.9
2025-06-12 05:50:00,17.4
2025-06-12 14:57:00,50.1110094970102
2025-06-12 14:36:00,16.7
2025-06-12 17:58:00,46.3
2025-06-12 09:11:00,50.1110094970102
2025-06-12 12:20:00,17.7
2025-06-12 09:22:00,26.2
2025-06-12 14:50:00,42.8
2025-06-12 10:19:00,68.9
2025-06-12 04:54:00,38.5
2025-06-12 14:58:00,37.0
2025-06-12 16:47:00,69.4
2025-06-12 17:02:00,50.1110094970102
2025-06-12 20:00:00,47.9
2025-06-12 13:38:00,50.1110094970102
2025-06-12 14:28:00,71.0
2025-06-12 02:47:00,40.6
2025-06-12 16:34:00,6.7
2025-06-12 19:07:00,50.1110094970102
2025-06-12 23:03:00,12.0
2025-06-12 08:08:00,18.6
2025-06-12 11:59:00,86.4
2025-06-12 16:20:00,81.3
2025-06-12 17:34:00,50.1110094970102
2025-06-12 10:08:00,48.0
2025-06-12 00:21:00,97.4
2025-06-12 06:25:00,13.2
2025-06-12 19:24:00,71.0
2025-06-12 13:44:00,28.2
2025-06-12 04:48:00,64.7
2025-06-12 11:39:00,90.5
2025-06-12 22:47:00,49.0
2025-06-12 16:32:00,50.1110094970102
2025-06-12 02:18:00,32.5
2025-06-12 16:22:00,40.8
2025-06-12 02:18:00,28.2
2025-06-12 18:47:00,19.2
2025-06-12 12:25:00,50.1110094970102
2025-06-12 03:56:00,2.5
2025-06-12 06:39:00,50.1110094970102
2025-06-12 21:12:00,89.1
2025-06-12 23:08:00,80.3
2025-06-12 14:59:00,46.9
2025-06-12 04:12:00,50.1110094970102
2025-06-12 09:37:00,51.2
2025-06-12 20:49:00,40.7
2025-06-12 05:10:00,47.5
2025-06-12 21:51:00,50.1110094970102
2025-06-12 22:58:00,20.8
2025-06-12 23:00:00,50.0
2025-06-12 01:41:00,51.8
2025-06-12 17:26:00,99.8
2025-06-12 15:17:00,1.1
2025-06-12 23:22:00,50.1110094970102
2025-06-12 09:39:00,41.8
2025-06-12 10:50:00,36.2
2025-06-12 16:44:00,87.4
2025-06-12 18:01:00,82.9
2025-06-12 05:33:00,34.5
2025-06-12 02:53:00,99.5
2025-06-12 17:40:00,7.6
2025-06-12 16:58:00,61.5
2025-06-12 06:40:00,50.1110094970102
2025-06-12 05:59:00,12.2
2025-06-12 00:53:00,88.9
2025-06-12 02:33:00,64.0
2025-06-12 01:19:00,0.9
2025-06-12 20:21:00,97.0
2025-06-12 15:40:00,55.7
2025-06-12 11:50:00,50.1110094970102
2025-06-12 02:59:00,86.5
2025-06-12 17:58:00,84.8
2025-06-12 05:10:00,1.0
2025-06-12 11:58:00,65.1
2025-06-12 12:41:00,50.1110094970102
2025-06-12 20:51:00,19.6
2025-06-12 11:33:00,20.1
2025-06-12 01:49:00,36.8
2025-06-12 16:10:00,7.8
2025-06-12 20:55:00,37.4
2025-06-12 01:52:00,4.5
2025-06-12 18:41:00,7.4
2025-06-12 18:31:00,50.1110094970102
2025-06-12 15:45:00,50.1110094970102
2025-06-12 01:37:00,50.1110094970102
2025-06-12 19:54:00,82.7
2025-06-12 19:41:00,10.2
2025-06-12 06:07:00,47.1
2025-06-12 01:02:00,69.4
2025-06-12 09:17:00,50.1110094970102
2025-06-12 01:46:00,16.4
2025-06-12 00:27:00,18.4
2025-06-12 04:11:00,9.7
2025-06-12 18:01:00,61.1
2025-06-12 05:18:00,31.3
2025-06-12 02:31:00,64.7
2025-06-12 05:26:00,94.9
2025-06-12 22:34:00,50.1110094970102
2025-06-12 07:19:00,50.1110094970102
2025-06-12 17:23:00,20.6
2025-06-12 17:10:00,11.9
2025-06-12 15:40:00,63.2
2025-06-12 13:55:00,50.1110094970102
2025-06-12 17:10:00,37.4
2025-06-12 08:43:00,6.5
2025-06-12 16:45:00,4.8
2025-06-12 04:00:00,9.4
2025-06-12 16:44:00,12.5
2025-06-12 00:56:00,32.0
2025-06-12 12:35:00,64.1
2025-06-12 20:15:00,87.9
2025-06-12 16:48:00,38.2
2025-06-12 20:16:00,27.5
2025-06-12 21:46:00,50.26990393626991
2025-06-12 16:14:00,28.0
2025-06-12 14:38:00,50.26990393626991
2025-06-12 23:20:00,83.9
2025-06-12 10:55:00,50.26990393626991
2025-06-12 16:42:00,59.8
2025-06-12 17:20:00,40.5
2025-06-12 10:11:00,6.6
2025-06-12 21:07:00,0.1
2025-06-12 08:32:00,29.0
2025-06-12 22:31:00,76.5
2025-06-12 14:44:00,51.3
2025-06-12 05:01:00,50.26990393626991
2025-06-12 03:38:00,50.26990393626991
2025-06-12 17:44:00,50.26990393626991
2025-06-12 05:23:00,65.1
2025-06-12 01:04:00,72.9
2025-06-12 11:54:00,29.2
2025-06-12 05:59:00,71.5
2025-06-12 22:59:00,10.8
2025-06-12 02:00:00,60.8
2025-06-12 14:06:00,11.1
2025-06-12 00:54:00,50.26990393626991
2025-06-12 20:54:00,16.6
2025-06-12 09:32:00,35.5
2025-06-12 13:03:00,30.5
2025-06-12 22:34:00,22.3
2025-06-12 00:38:00,24.8
2025-06-12 06:27:00,9.5
2025-06-12 20:16:00,4.9
2025-06-12 02:54:00,50.26990393626991
2025-06-12 03:22:00,24.2
2025-06-12 01:47:00,69.0
2025-06-12 06:12:00,25.1
2025-06-12 05:45:00,50.26990393626991
2025-06-12 14:42:00,95.5
2025-06-12 22:11:00,46.3
2025-06-12 16:38:00,10.6
2025-06-12 20:24:00,66.0
2025-06-12 13:35:00,1.7
2025-06-12 16:14:00,48.0
2025-06-12 11:41:00,30.1
2025-06-12 09:51:00,19.9
2025-06-12 17:05:00,6.4
2025-06-12 01:55:00,32.4
2025-06-12 00:55:00,49.6
2025-06-12 08:35:00,1.4
2025-06-12 12:12:00,68.0
2025-06-12 00:36:00,79.9
2025-06-12 05:23:00,33.9
2025-06-12 20:43:00,23.5
2025-06-12 10:30:00,29.9
2025-06-12 06:54:00,21.0
2025-06-12 02:33:00,80.0
2025-06-12 20:31:00,21.0
2025-06-12 09:55:00,83.0
2025-06-12 12:10:00,73.8
2025-06-12 04:49:00,50.26990393626991
2025-06-12 20:02:00,25.7
2025-06-12 22:04:00,50.26990393626991
2025-06-12 12:38:00,18.0
2025-06-12 12:53:00,98.0
2025-06-12 07:12:00,96.1
2025-06-12 17:47:00,7.9
2025-06-12 23:04:00,49.0
2025-06-12 07:00:00,57.5
2025-06-12 01:36:00,68.2
2025-06-12 09:43:00,50.26990393626991
2025-06-12 08:45:00,50.26990393626991
2025-06-12 11:11:00,72.2
2025-06-12 06:44:00,22.4
2025-06-12 12:28:00,92.9
2025-06-12 00:08:00,20.0
2025-06-12 20:11:00,16.6
2025-06-12 14:06:00,22.6
2025-06-12 17:45:00,88.5
2025-06-12 11:21:00,52.1
2025-06-12 09:18:00,8.0
2025-06-12 16:55:00,63.9
2025-06-12 04:41:00,2.8
2025-06-12 03:07:00,50.26990393626991
2025-06-12 18:10:00,7.4
2025-06-12 09:04:00,21.1
2025-06-12 19:56:00,70.5
2025-06-12 16:55:00,20.5
2025-06-12 06:46:00,85.2
2025-06-12 10:34:00,50.26990393626991
2025-06-12 03:26:00,63.0
2025-06-12 15:24:00,62.0
2025-06-12 05:59:00,38.3
2025-06-12 21:16:00,96.9
2025-06-12 17:41:00,96.7
2025-06-12 21:45:00,73.8
2025-06-12 22:25:00,33.4
2025-06-12 14:29:00,82.9
2025-06-12 21:11:00,8.5
2025-06-12 10:48:00,57.1
2025-06-12 12:15:00,95.4
2025-06-12 21:27:00,50.26990393626991
2025-06-12 15:02:00,5.8
2025-06-12 04:19:00,18.8
2025-06-12 08:41:00,98.6
2025-06-12 11:53:00,27.6
2025-06-12 11:50:00,94.7
2025-06-12 08:09:00,82.6
2025-06-12 00:53:00,21.7
2025-06-12 18:22:00,78.2
2025-06-12 21:13:00,50.26990393626991
2025-06-12 00:30:00,50.26990393626991
2025-06-12 06:53:00,65.3
2025-06-12 00:32:00,65.5
2025-06-12 13:09:00,69.8
2025-06-12 10:03:00,62.0
2025-06-12 05:32:00,41.5
2025-06-12 15:28:00,50.6
2025-06-12 14:37:00,13.2
2025-06-12 06:22:00,61.8
2025-06-12 08:10:00,49.3
2025-06-12 14:49:00,49.0
2025-06-12 05:28:00,50.26990393626991
2025-06-12 14:21:00,23.4
2025-06-12 11:17:00,65.2
2025-06-12 04:15:00,8.4
2025-06-12 10:57:00,6.0
2025-06-12 12:22:00,18.7
2025-06-12 19:36:00,87.1
2025-06-12 08:53:00,38.7
2025-06-12 10:25:00,35.6
2025-06-12 05:08:00,89.0
2025-06-12 16:58:00,16.8
2025-06-12 00:39:00,8.9
2025-06-12 02:35:00,94.7
2025-06-12 11:25:00,36.9
2025-06-12 16:45:00,19.5
2025-06-12 09:03:00,50.26990393626991
2025-06-12 14:25:00,60.2
2025-06-12 11:56:00,38.8
2025-06-12 14:10:00,14.8
2025-06-12 16:09:00,21.2
2025-06-12 11:38:00,22.7
2025-06-12 01:18:00,35.9
2025-06-12 01:04:00,87.8
2025-06-12 01:10:00,16.0
2025-06-12 01:44:00,52.5
2025-06-12 23:58:00,76.5
2025-06-12 02:03:00,44.2
2025-06-12 22:52:00,86.3
2025-06-12 02:21:00,32.3
2025-06-12 08:13:00,93.0
2025-06-12 12:49:00,50.26990393626991
2025-06-12 11:12:00,53.5
2025-06-12 22:56:00,11.7
2025-06-12 16:49:00,54.2
2025-06-12 17:33:00,50.26990393626991
2025-06-12 00:04:00,18.9
2025-06-12 10:15:00,20.2
2025-06-12 03:44:00,52.0
2025-06-12 01:52:00,5.1
2025-06-12 18:11:00,46.8
2025-06-12 13:17:00,14.4
2025-06-12 20:40:00,15.8
2025-06-12 14:41:00,66.5
2025-06-12 06:10:00,80.1
2025-06-12 02:44:00,20.3
2025-06-12 05:16:00,50.26990393626991
2025-06-12 20:35:00,90.6
2025-06-12 13:00:00,49.2
2025-06-12 10:58:00,10.8
2025-06-12 10:52:00,88.6
2025-06-12 13:14:00,98.4
2025-06-12 14:00:00,18.1
2025-06-12 18:32:00,24.4
2025-06-12 20:49:00,3.7
2025-06-12 18:49:00,62.9
2025-06-12 01:45:00,67.8
2025-06-12 01:30:00,17.4
2025-06-12 03:50:00,30.0
2025-06-12 16:05:00,28.2
2025-06-12 08:31:00,60.1
2025-06-12 10:16:00,50.26990393626991
2025-06-12 19:53:00,81.2
2025-06-12 16:58:00,90.0
2025-06-12 16:58:00,60.4
2025-06-12 16:00:00,38.6
2025-06-12 20:40:00,20.6
2025-06-12 16:27:00,71.3
2025-06-12 05:30:00,50.26990393626991
2025-06-12 16:55:00,97.7
2025-06-12 22:04:00,50.9
2025-06-12 05:38:00,99.0
2025-06-12 02:05:00,56.6
2025-06-12 08:07:00,26.2
2025-06-12 10:18:00,99.2
2025-06-12 00:38:00,39.8
2025-06-12 02:44:00,49.7
2025-06-12 04:09:00,67.8
2025-06-12 05:54:00,50.26990393626991
2025-06-12 13:11:00,18.2
2025-06-12 17:30:00,18.6
2025-06-12 02:42:00,59.7
2025-06-12 02:49:00,68.4
2025-06-12 00:03:00,50.26990393626991
2025-06-12 13:54:00,89.3
2025-06-12 10:36:00,78.2
2025-06-12 02:44:00,98.0
2025-06-12 07:08:00,50.26990393626991
2025-06-12 20:58:00,52.0
2025-06-12 06:42:00,20.8
2025-06-12 15:54:00,33.9
2025-06-12 05:54:00,43.4
2025-06-12 15:19:00,4.0
2025-06-12 15:22:00,84.1
2025-06-12 08:16:00,4.0
2025-06-12 01:38:00,10.6
2025-06-12 08:12:00,81.7
2025-06-12 02:09:00,85.4
2025-06-12 04:35:00,57.2
2025-06-12 05:00:00,50.26990393626991
2025-06-12 22:12:00,99.1
2025-06-12 22:16:00,50.7
2025-06-12 20:23:00,40.2
2025-06-12 01:07:00,89.0
2025-06-12 22:11:00,22.0
2025-06-12 00:04:00,91.3
2025-06-12 05:09:00,42.9
2025-06-12 11:01:00,81.9
2025-06-12 16:48:00,85.7
2025-06-12 09:42:00,42.0
2025-06-12 01:42:00,90.0
2025-06-12 10:55:00,32.6
2025-06-12 01:26:00,61.9
2025-06-12 11:52:00,82.0
2025-06-12 18:22:00,89.9
2025-06-12 15:23:00,79.2
2025-06-12 03:37:00,26.6
2025-06-12 01:24:00,15.9
2025-06-12 13:41:00,76.2
2025-06-12 08:56:00,54.0
2025-06-12 12:55:00,25.8
2025-06-12 08:57:00,50.26990393626991
2025-06-12 05:12:00,92.2
2025-06-12 11:01:00,28.6
2025-06-12 05:53:00,60.1
2025-06-12 05:03:00,78.5
2025-06-12 16:20:00,52.5
2025-06-12 05:42:00,24.5
2025-06-12 01:27:00,37.7
2025-06-12 00:44:00,30.6
2025-06-12 00:59:00,39.8
2025-06-12 06:41:00,14.9
2025-06-12 12:35:00,53.1
2025-06-12 18:02:00,69.1
2025-06-12 15:27:00,26.1
2025-06-12 06:15:00,50.26990393626991
2025-06-12 18:15:00,26.4
2025-06-12 05:31:00,50.26990393626991
2025-06-12 08:24:00,50.26990393626991
2025-06-12 19:20:00,50.26990393626991
2025-06-12 07:31:00,27.2
2025-06-12 15:31:00,0.3
2025-06-12 02:15:00,55.2
2025-06-12 13:48:00,49.2
2025-06-12 12:10:00,16.9
2025-06-12 17:52:00,50.26990393626991
2025-06-12 03:09:00,24.0
2025-06-12 14:18:00,77.4
2025-06-12 06:20:00,11.8
2025-06-12 04:41:00,50.26990393626991
2025-06-12 14:51:00,7.8
2025-06-12 19:24:00,7.7
2025-06-12 19:55:00,32.8
2025-06-12 05:44:00,92.5
2025-06-12 20:50:00,82.6
2025-06-12 12:54:00,32.7
2025-06-12 22:46:00,95.7
2025-06-12 00:49:00,66.8
2025-06-12 01:00:00,86.1
2025-06-12 08:34:00,49.3
2025-06-12 06:08:00,28.4
2025-06-12 05:46:00,79.4
2025-06-12 12:31:00,50.26990393626991
2025-06-12 22:56:00,73.3
2025-06-12 22:03:00,11.7
2025-06-12 00:42:00,87.9
2025-06-12 09:42:00,37.4
2025-06-12 03:01:00,50.26990393626991
2025-06-12 17:14:00,62.3
2025-06-12 19:15:00,50.26990393626991
2025-06-12 14:15:00,63.7
2025-06-12 10:39:00,55.0
2025-06-12 11:42:00,67.6
2025-06-12 20:35:00,74.2
2025-06-12 23:18:00,66.7
2025-06-12 17:32:00,19.6
2025-06-12 12:59:00,10.3
2025-06-12 17:06:00,27.6
2025-06-12 07:25:00,50.26990393626991
2025-06-12 19:14:00,78.4
2025-06-12 13:09:00,74.5
2025-06-12 02:18:00,67.7
2025-06-12 21:17:00,86.3
2025-06-12 18:36:00,8.5
2025-06-12 12:05:00,36.6
2025-06-12 00:45:00,65.0
2025-06-12 20:51:00,77.0
2025-06-12 04:40:00,50.26990393626991
2025-06-12 20:47:00,31.0
2025-06-12 08:12:00,93.0
2025-06-12 22:37:00,19.2
2025-06-12 20:07:00,50.9
2025-06-12 06:35:00,49.3
2025-06-12 10:29:00,90.6
2025-06-12 05:40:00,10.3
2025-06-12 12:20:00,50.26990393626991
2025-06-12 00:26:00,2.5
2025-06-12 14:59:00,18.1
2025-06-12 08:24:00,82.3
2025-06-12 16:05:00,97.3
2025-06-12 18:52:00,85.8
2025-06-12 22:39:00,50.26990393626991
2025-06-12 15:33:00,95.3
2025-06-12 03:17:00,61.2
2025-06-12 22:40:00,50.26990393626991
2025-06-12 06:09:00,88.8
2025-06-12 13:32:00,50.26990393626991
2025-06-12 02:32:00,4.7
2025-06-12 20:11:00,56.0
2025-06-12 00:43:00,77.7
2025-06-12 00:16:00,95.3
2025-06-12 07:44:00,76.1
2025-06-12 21:48:00,49.485271956675305
2025-06-12 05:32:00,49.485271956675305
2025-06-12 13:34:00,83.5
2025-06-12 21:24:00,67.7
2025-06-12 23:50:00,30.6
2025-06-12 09:14:00,93.6
2025-06-12 08:02:00,36.6
2025-06-12 18:22:00,49.485271956675305
2025-06-12 22:45:00,5.1
2025-06-12 05:18:00,36.9
2025-06-12 20:29:00,9.4
2025-06-12 18:56:00,30.1
2025-06-12 12:56:00,51.8
2025-06-12 12:52:00,30.6
2025-06-12 16:59:00,18.2
2025-06-12 02:14:00,62.2
2025-06-12 15:40:00,88.1
2025-06-12 20:30:00,23.1
2025-06-12 17:36:00,90.3
2025-06-12 05:56:00,69.1
2025-06-12 11:13:00,10.5
2025-06-12 01:58:00,55.8
2025-06-12 19:29:00,18.6
2025-06-12 22:47:00,25.4
2025-06-12 07:46:00,73.1
2025-06-12 14:07:00,1.5
2025-06-12 12:11:00,49.485271956675305
2025-06-12 18:08:00,21.7
2025-06-12 21:39:00,27.6
2025-06-12 00:06:00,80.5
2025-06-12 00:26:00,49.485271956675305
2025-06-12 19:17:00,34.3
2025-06-12 04:09:00,66.2
2025-06-12 08:10:00,90.5
2025-06-12 08:19:00,56.1
2025-06-12 08:08:00,49.485271956675305
2025-06-12 17:48:00,73.0
2025-06-12 03:26:00,49.485271956675305
2025-06-12 09:40:00,28.7
2025-06-12 11:57:00,20.7
2025-06-12 10:51:00,45.9
2025-06-12 09:05:00,16.7
2025-06-12 16:37:00,80.1
2025-06-12 04:46:00,49.485271956675305
2025-06-12 03:48:00,43.8
2025-06-12 07:34:00,93.0
2025-06-12 01:53:00,49.485271956675305
2025-06-12 15:26:00,13.3
2025-06-12 01:12:00,47.5
2025-06-12 15:36:00,49.485271956675305
2025-06-12 08:34:00,99.4
2025-06-12 18:08:00,85.1
2025-06-12 17:14:00,26.4
2025-06-12 01:32:00,15.9
2025-06-12 00:08:00,72.4
2025-06-12 14:56:00,31.7
2025-06-12 03:24:00,90.9
2025-06-12 03:33:00,49.485271956675305
2025-06-12 21:28:00,63.3
2025-06-12 15:15:00,3.2
2025-06-12 16:23:00,17.5
2025-06-12 08:09:00,49.485271956675305
2025-06-12 20:58:00,73.3
2025-06-12 08:00:00,49.485271956675305
2025-06-12 22:15:00,79.3
2025-06-12 09:12:00,41.5
2025-06-12 18:44:00,49.485271956675305
2025-06-12 05:27:00,32.3
2025-06-12 13:01:00,49.9
2025-06-12 13:19:00,49.485271956675305
2025-06-12 01:04:00,68.7
2025-06-12 08:53:00,81.1
2025-06-12 19:06:00,50.7
2025-06-12 01:23:00,10.6
2025-06-12 12:10:00,70.7
2025-06-12 16:54:00,8.6
2025-06-12 16:21:00,20.3
2025-06-12 16:16:00,88.4
2025-06-12 21:12:00,87.1
2025-06-12 06:56:00,93.2
2025-06-12 21:26:00,97.8
2025-06-12 00:45:00,69.6
2025-06-12 11:52:00,69.2
2025-06-12 17:03:00,46.6
2025-06-12 06:21:00,39.4
2025-06-12 18:21:00,25.0
2025-06-12 05:36:00,49.485271956675305
2025-06-12 09:39:00,5.9
2025-06-12 16:08:00,63.5
2025-06-12 00:32:00,65.7
2025-06-12 17:58:00,49.485271956675305
2025-06-12 21:03:00,89.5
2025-06-12 00:08:00,72.7
2025-06-12 16:54:00,18.3
2025-06-12 04:15:00,12.2
2025-06-12 09:50:00,45.6
2025-06-12 10:13:00,9.4
2025-06-12 19:10:00,76.5
2025-06-12 20:30:00,39.1
2025-06-12 16:33:00,28.5
2025-06-12 23:13:00,28.1
2025-06-12 05:18:00,73.8
2025-06-12 09:40:00,55.3
2025-06-12 20:24:00,49.485271956675305
2025-06-12 01:56:00,39.1
2025-06-12 20:45:00,49.485271956675305
2025-06-12 02:02:00,17.0
2025-06-12 12:04:00,11.8
2025-06-12 02:49:00,54.2
2025-06-12 02:53:00,49.485271956675305
2025-06-12 00:23:00,64.5
2025-06-12 21:39:00,38.1
2025-06-12 07:30:00,49.485271956675305
2025-06-12 10:17:00,82.5
2025-06-12 03:33:00,49.485271956675305
2025-06-12 10:12:00,77.5
2025-06-12 08:55:00,5.5
2025-06-12 02:57:00,84.2
2025-06-12 15:55:00,49.485271956675305
2025-06-12 13:08:00,48.8
2025-06-12 07:28:00,18.3
2025-06-12 13:54:00,59.5
2025-06-12 11:18:00,49.485271956675305
2025-06-12 12:54:00,49.485271956675305
2025-06-12 07:08:00,60.0
2025-06-12 10:53:00,15.7
2025-06-12 16:47:00,17.8
2025-06-12 14:42:00,49.485271956675305
2025-06-12 03:26:00,95.7
2025-06-12 20:46:00,5.8
2025-06-12 01:29:00,54.4
2025-06-12 08:55:00,78.7
2025-06-12 03:11:00,85.1
2025-06-12 17:49:00,7.0
2025-06-12 18:58:00,50.2
2025-06-12 18:23:00,40.1
2025-06-12 05:48:00,19.9
2025-06-12 05:47:00,49.485271956675305
2025-06-12 01:29:00,45.2
2025-06-12 04:19:00,25.8
2025-06-12 22:01:00,71.4
2025-06-12 12:19:00,98.3
2025-06-12 20:29:00,49.485271956675305
2025-06-12 14:57:00,37.4
2025-06-12 07:34:00,87.2
2025-06-12 01:38:00,9.0
2025-06-12 16:41:00,78.5
2025-06-12 19:41:00,75.3
2025-06-12 06:17:00,59.8
2025-06-12 01:41:00,49.485271956675305
2025-06-12 00:12:00,74.1
2025-06-12 06:35:00,18.5
2025-06-12 09:52:00,48.6
2025-06-12 08:08:00,45.3
2025-06-12 17:48:00,88.1
2025-06-12 10:39:00,52.2
2025-06-12 23:33:00,52.6
2025-06-12 00:22:00,20.7
2025-06-12 01:23:00,46.6
2025-06-12 18:22:00,69.1
2025-06-12 03:52:00,36.8
2025-06-12 10:37:00,6.6
2025-06-12 06:59:00,49.485271956675305
2025-06-12 23:01:00,69.4
2025-06-12 12:52:00,18.9
2025-06-12 00:50:00,9.4
2025-06-12 09:51:00,11.9
2025-06-12 16:40:00,88.4
2025-06-12 06:48:00,72.8
2025-06-12 16:45:00,88.2
2025-06-12 13:29:00,37.6
2025-06-12 09:00:00,74.5
2025-06-12 07:08:00,21.0
2025-06-12 13:30:00,72.0
2025-06-12 17:53:00,42.2
2025-06-12 10:05:00,67.8
2025-06-12 19:16:00,2.9
2025-06-12 09:50:00,39.7
2025-06-12 07:39:00,24.3
2025-06-12 08:59:00,49.485271956675305
2025-06-12 08:45:00,78.0
2025-06-12 06:11:00,96.7
2025-06-12 01:15:00,89.5
2025-06-12 01:50:00,3.3
2025-06-12 17:00:00,27.6
2025-06-12 08:53:00,55.9
2025-06-12 18:33:00,49.485271956675305
2025-06-12 20:41:00,99.1
2025-06-12 22:01:00,1.0
2025-06-12 09:17:00,78.4
2025-06-12 13:35:00,49.485271956675305
2025-06-12 23:16:00,39.5
2025-06-12 06:33:00,49.485271956675305
2025-06-12 23:01:00,49.485271956675305
2025-06-12 22:05:00,93.8
2025-06-12 09:30:00,76.7
2025-06-12 05:39:00,42.1
2025-06-12 09:26:00,37.4
2025-06-12 06:00:00,81.7
2025-06-12 04:14:00,49.485271956675305
2025-06-12 17:13:00,74.7
2025-06-12 12:40:00,22.1
2025-06-12 14:22:00,99.0
2025-06-12 13:10:00,78.2
2025-06-12 18:16:00,55.3
2025-06-12 08:17:00,49.485271956675305
2025-06-12 19:53:00,49.485271956675305
2025-06-12 18:21:00,95.4
2025-06-12 09:09:00,56.8
2025-06-12 15:13:00,77.9
2025-06-12 06:40:00,43.2
2025-06-12 14:07:00,8.1
2025-06-12 10:53:00,99.1
2025-06-12 20:14:00,98.5
2025-06-12 06:55:00,32.5
2025-06-12 06:47:00,70.6
2025-06-12 16:44:00,75.9
2025-06-12 11:48:00,49.4
2025-06-12 03:53:00,49.485271956675305
2025-06-12 11:48:00,28.0
2025-06-12 12:24:00,21.3
2025-06-12 08:09:00,67.7
2025-06-12 21:14:00,96.2
2025-06-12 05:37:00,17.7
2025-06-12 17:54:00,67.3
2025-06-12 03:28:00,42.6
2025-06-12 04:55:00,46.9
2025-06-12 13:01:00,24.4
2025-06-12 09:53:00,75.6
2025-06-12 21:19:00,26.8
2025-06-12 13:56:00,67.8
2025-06-12 13:01:00,24.9
2025-06-12 17:10:00,52.0
2025-06-12 19:13:00,49.485271956675305
2025-06-12 13:55:00,92.4
2025-06-12 01:47:00,0.7
2025-06-12 20:00:00,23.6
2025-06-12 23:02:00,42.7
2025-06-12 15:41:00,70.8
2025-06-12 10:39:00,44.8
2025-06-12 15:37:00,54.4
2025-06-12 09:53:00,32.4
2025-06-12 20:54:00,97.3
2025-06-12 21:19:00,13.3
2025-06-12 12:30:00,10.7
2025-06-12 19:39:00,31.0
2025-06-12 13:51:00,91.3
2025-06-12 04:58:00,17.9
2025-06-12 21:25:00,46.8
2025-06-12 13:31:00,42.6
2025-06-12 05:32:00,93.7
2025-06-12 06:12:00,39.7
2025-06-12 20:06:00,78.1
2025-06-12 13:27:00,7.5
2025-06-12 12:29:00,95.8
2025-06-12 22:45:00,5.2
2025-06-12 00:13:00,98.1
2025-06-12 10:34:00,49.485271956675305
2025-06-12 01:44:00,60.7
2025-06-12 18:11:00,42.0
2025-06-12 04:17:00,79.6
2025-06-12 15:25:00,58.2
2025-06-12 12:29:00,55.0
2025-06-12 13:46:00,90.4
2025-06-12 09:14:00,49.7
2025-06-12 13:10:00,38.3
2025-06-12 10:13:00,61.8
2025-06-12 19:53:00,48.1
2025-06-12 15:18:00,48.2
2025-06-12 07:38:00,45.7
2025-06-12 16:32:00,76.6
2025-06-12 07:21:00,60.3
2025-06-12 11:01:00,18.5
2025-06-12 03:51:00,79.6
2025-06-12 08:49:00,49.485271956675305
2025-06-12 20:26:00,26.2
2025-06-12 07:59:00,44.9
2025-06-12 22:38:00,18.5
2025-06-12 00:39:00,94.9
2025-06-12 15:45:00,54.4
2025-06-12 08:25:00,93.2
2025-06-12 14:11:00,49.485271956675305
2025-06-12 04:58:00,49.485271956675305
2025-06-12 16:24:00,72.1
2025-06-12 07:09:00,25.3
2025-06-12 17:56:00,34.2
2025-06-12 21:06:00,64.4
2025-06-12 17:21:00,9.2
2025-06-12 19:00:00,36.5
2025-06-12 06:05:00,20.6
2025-06-12 15:43:00,38.4
2025-06-12 11:00:00,49.485271956675305
2025-06-12 19:21:00,93.3
2025-06-12 10:29:00,65.7
2025-06-12 18:48:00,41.5
2025-06-12 07:52:00,43.7
2025-06-12 17:49:00,52.4
2025-06-12 15:33:00,79.2
2025-06-12 05:37:00,40.9
2025-06-12 02:47:00,49.485271956675305
2025-06-12 09:27:00,41.9
2025-06-12 17:22:00,50.0997191011236
2025-06-12 21:32:00,50.0997191011236
2025-06-12 12:09:00,63.8
2025-06-12 12:04:00,25.5
2025-06-12 11:07:00,24.7
2025-06-12 19:42:00,27.5
2025-06-12 00:08:00,89.7
2025-06-12 17:10:00,90.7
2025-06-12 09:47:00,60.0
2025-06-12 00:09:00,80.8
2025-06-12 06:55:00,50.4
2025-06-12 07:55:00,34.7
2025-06-12 21:31:00,7.5
2025-06-12 02:25:00,94.5
2025-06-12 02:07:00,5.2
2025-06-12 17:39:00,44.9
2025-06-12 11:27:00,50.0997191011236
2025-06-12 23:38:00,89.1
2025-06-12 09:05:00,55.8
2025-06-12 03:56:00,50.0997191011236
2025-06-12 10:32:00,22.2
2025-06-12 06:58:00,3.9
2025-06-12 12:46:00,18.8
2025-06-12 11:47:00,50.0997191011236
2025-06-12 10:28:00,7.2
2025-06-12 13:36:00,32.9
2025-06-12 13:05:00,10.2
2025-06-12 02:49:00,42.4
2025-06-12 06:15:00,50.0997191011236
2025-06-12 12:04:00,71.5
2025-06-12 16:26:00,26.2
2025-06-12 07:29:00,55.7
2025-06-12 10:48:00,74.3
2025-06-12 20:39:00,30.8
2025-06-12 06:04:00,57.7
2025-06-12 02:02:00,55.9
2025-06-12 12:57:00,80.8
2025-06-12 16:31:00,50.0997191011236
2025-06-12 14:00:00,50.0997191011236
2025-06-12 19:36:00,80.3
2025-06-12 22:14:00,19.6
2025-06-12 01:13:00,3.4
2025-06-12 09:16:00,88.1
2025-06-12 17:18:00,40.5
2025-06-12 03:11:00,50.0997191011236
2025-06-12 10:34:00,46.3
2025-06-12 17:21:00,50.0997191011236
2025-06-12 16:01:00,35.4
2025-06-12 14:35:00,96.9
2025-06-12 15:57:00,81.9
2025-06-12 00:03:00,79.4
2025-06-12 16:41:00,55.6
2025-06-12 21:06:00,13.6
2025-06-12 10:26:00,34.9
2025-06-12 19:58:00,50.0997191011236
2025-06-12 23:11:00,87.2
2025-06-12 18:19:00,47.8
2025-06-12 09:52:00,50.0997191011236
2025-06-12 20:01:00,12.5
2025-06-12 02:43:00,50.0997191011236
2025-06-12 22:26:00,67.2
2025-06-12 21:17:00,83.6
2025-06-12 13:14:00,50.0997191011236
2025-06-12 21:06:00,97.7
2025-06-12 18:04:00,13.1
2025-06-12 15:36:00,96.4
2025-06-12 08:29:00,29.6
2025-06-12 15:02:00,9.8
2025-06-12 12:19:00,70.7
2025-06-12 17:55:00,44.9
2025-06-12 11:59:00,93.2
2025-06-12 15:29:00,47.0
2025-06-12 22:09:00,50.0997191011236
2025-06-12 01:18:00,50.9
2025-06-12 20:41:00,78.6
2025-06-12 19:10:00,96.7
2025-06-12 04:59:00,87.2
2025-06-12 01:11:00,5.6
2025-06-12 14:31:00,37.6
2025-06-12 09:19:00,49.0
2025-06-12 13:07:00,88.0
2025-06-12 12:22:00,8.8
2025-06-12 17:50:00,80.0
2025-06-12 04:51:00,50.0997191011236
2025-06-12 14:07:00,50.0997191011236
2025-06-12 10:05:00,42.5
2025-06-12 13:11:00,28.1
2025-06-12 21:23:00,93.0
2025-06-12 19:48:00,22.5
2025-06-12 15:30:00,49.3
2025-06-12 04:29:00,50.0997191011236
2025-06-12 20:23:00,50.0997191011236
2025-06-12 21:57:00,50.0997191011236
2025-06-12 18:41:00,5.0
2025-06-12 08:44:00,63.7
2025-06-12 14:23:00,89.7
2025-06-12 11:04:00,97.6
2025-06-12 08:15:00,1.7
2025-06-12 23:03:00,36.2
2025-06-12 19:52:00,50.0997191011236
2025-06-12 10:45:00,77.2
2025-06-12 15:59:00,42.7
2025-06-12 20:14:00,99.3
2025-06-12 11:17:00,50.0997191011236
2025-06-12 05:22:00,43.3
2025-06-12 00:02:00,42.4
2025-06-12 08:44:00,40.8
2025-06-12 05:11:00,93.5
2025-06-12 16:59:00,22.2
2025-06-12 18:57:00,15.6
2025-06-12 11:28:00,56.9
2025-06-12 08:20:00,73.7
2025-06-12 08:52:00,27.4
2025-06-12 17:58:00,50.0997191011236
2025-06-12 20:06:00,15.4
2025-06-12 19:54:00,9.8
2025-06-12 02:16:00,50.0997191011236
2025-06-12 08:24:00,8.9
2025-06-12 23:30:00,81.8
2025-06-12 22:42:00,78.3
2025-06-12 15:20:00,50.0997191011236
2025-06-12 12:10:00,59.7
2025-06-12 01:03:00,9.1
2025-06-12 16:46:00,2.3
2025-06-12 17:50:00,50.0997191011236
2025-06-12 11:42:00,50.0997191011236
2025-06-12 21:38:00,27.7
2025-06-12 15:06:00,0.6
2025-06-12 22:46:00,27.3
2025-06-12 20:52:00,58.2
2025-06-12 05:29:00,74.1
2025-06-12 04:28:00,50.0997191011236
2025-06-12 17:45:00,38.1
2025-06-12 02:01:00,22.4
2025-06-12 15:12:00,13.8
2025-06-12 11:22:00,3.9
2025-06-12 14:21:00,5.2
2025-06-12 04:32:00,75.3
2025-06-12 21:54:00,50.0997191011236
2025-06-12 04:13:00,27.7
2025-06-12 01:03:00,98.4
2025-06-12 19:52:00,0.7
2025-06-12 01:03:00,72.8
2025-06-12 01:11:00,74.5
2025-06-12 06:58:00,41.2
2025-06-12 03:43:00,61.4
2025-06-12 20:37:00,81.4
2025-06-12 19:25:00,16.0
2025-06-12 15:55:00,85.7
2025-06-12 01:37:00,50.1
2025-06-12 16:52:00,58.1
2025-06-12 13:06:00,50.0997191011236
2025-06-12 03:26:00,99.9
2025-06-12 19:14:00,42.4
2025-06-12 22:25:00,50.0997191011236
2025-06-12 05:02:00,18.7
2025-06-12 09:02:00,17.6
2025-06-12 09:46:00,50.0997191011236
2025-06-12 05:49:00,14.7
2025-06-12 10:50:00,6.4
2025-06-12 19:31:00,21.7
2025-06-12 12:26:00,33.6
2025-06-12 13:37:00,36.1
2025-06-12 23:47:00,56.3
2025-06-12 15:44:00,49.3
2025-06-12 17:59:00,41.2
2025-06-12 16:32:00,26.2
2025-06-12 21:46:00,50.0997191011236
2025-06-12 14:15:00,7.0
2025-06-12 09:41:00,20.2
2025-06-12 15:53:00,6.4
2025-06-12 18:46:00,81.9
2025-06-12 20:10:00,50.0997191011236
2025-06-12 13:01:00,50.0997191011236
2025-06-12 18:13:00,74.9
2025-06-12 01:13:00,33.3
2025-06-12 18:53:00,59.6
2025-06-12 11:13:00,26.2
2025-06-12 11:03:00,38.1
2025-06-12 12:17:00,88.5
2025-06-12 10:05:00,46.7
2025-06-12 13:15:00,54.3
2025-06-12 00:24:00,26.6
2025-06-12 23:20:00,32.1
2025-06-12 13:31:00,94.6
2025-06-12 09:47:00,38.5
2025-06-12 07:17:00,65.8
2025-06-12 07:08:00,0.3
2025-06-12 06:56:00,53.9
2025-06-12 04:48:00,50.0997191011236
2025-06-12 13:32:00,44.0
2025-06-12 22:03:00,97.9
2025-06-12 12:01:00,51.9
2025-06-12 20:36:00,80.6
2025-06-12 11:21:00,94.5
2025-06-12 17:00:00,50.0997191011236
2025-06-12 13:14:00,5.3
2025-06-12 09:45:00,89.4
2025-06-12 01:19:00,50.0997191011236
2025-06-12 15:31:00,50.0997191011236
2025-06-12 12:24:00,52.1
2025-06-12 17:49:00,50.0997191011236
2025-06-12 01:46:00,62.0
2025-06-12 22:37:00,82.6
2025-06-12 17:35:00,50.0997191011236
2025-06-12 00:03:00,9.4
2025-06-12 19:06:00,47.2
2025-06-12 11:59:00,54.4
2025-06-12 01:45:00,95.3
2025-06-12 20:40:00,50.0997191011236
2025-06-12 14:44:00,99.1
2025-06-12 02:36:00,29.8
2025-06-12 17:04:00,78.5
2025-06-12 19:35:00,62.1
2025-06-12 20:35:00,26.4
2025-06-12 23:16:00,63.2
2025-06-12 03:20:00,21.1
2025-06-12 03:39:00,3.9
2025-06-12 12:09:00,9.0
2025-06-12 16:41:00,71.1
2025-06-12 07:55:00,50.0997191011236
2025-06-12 14:36:00,50.0997191011236
2025-06-12 22:37:00,46.8
2025-06-12 00:58:00,69.5
2025-06-12 18:10:00,51.3
2025-06-12 12:07:00,72.7
2025-06-12 04:25:00,46.4
2025-06-12 01:18:00,7.9
2025-06-12 04:46:00,53.1
2025-06-12 02:25:00,73.2
2025-06-12 10:04:00,64.1
2025-06-12 00:32:00,77.8
2025-06-12 02:07:00,32.1
2025-06-12 14:34:00,34.1
2025-06-12 18:55:00,87.1
2025-06-12 23:25:00,50.0997191011236
2025-06-12 13:33:00,79.5
2025-06-12 16:21:00,77.5
2025-06-12 02:59:00,29.0
2025-06-12 22:34:00,97.1
2025-06-12 18:59:00,40.2
2025-06-12 06:19:00,93.0
2025-06-12 15:27:00,93.6
2025-06-12 00:24:00,37.5
2025-06-12 20:56:00,18.1
2025-06-12 11:24:00,5.0
2025-06-12 13:15:00,26.4
2025-06-12 18:45:00,27.0
2025-06-12 10:32:00,32.9
2025-06-12 19:31:00,76.4
2025-06-12 05:15:00,50.0997191011236
2025-06-12 09:20:00,65.0
2025-06-12 18:03:00,79.6
2025-06-12 14:30:00,8.3
2025-06-12 22:04:00,11.6
2025-06-12 12:49:00,84.3
2025-06-12 09:42:00,97.2
2025-06-12 20:38:00,76.3
2025-06-12 18:24:00,20.7
2025-06-12 03:26:00,1.6
2025-06-12 09:57:00,22.1
2025-06-12 01:07:00,38.3
2025-06-12 16:13:00,13.0
2025-06-12 03:03:00,50.0997191011236
2025-06-12 00:15:00,58.7
2025-06-12 02:26:00,69.2
2025-06-12 02:50:00,92.3
2025-06-12 04:55:00,45.6
2025-06-12 10:14:00,11.5
2025-06-12 15:52:00,47.0
2025-06-12 07:46:00,50.0997191011236
2025-06-12 14:46:00,15.0
2025-06-12 04:07:00,19.2
2025-06-12 21:32:00,76.4
2025-06-12 17:34:00,50.0997191011236
2025-06-12 05:57:00,50.0997191011236
2025-06-12 04:19:00,56.3
2025-06-12 04:53:00,60.2
2025-06-12 12:55:00,93.0
2025-06-12 06:00:00,51.1
2025-06-12 11:42:00,10.5
2025-06-12 11:58:00,50.0997191011236
2025-06-12 19:12:00,77.9
2025-06-12 14:45:00,48.8
2025-06-12 21:21:00,9.8
2025-06-12 06:28:00,8.1
2025-06-12 07:54:00,52.1
2025-06-12 13:08:00,59.4
2025-06-12 20:43:00,50.0997191011236
2025-06-12 20:54:00,50.0997191011236
2025-06-12 18:31:00,42.4
2025-06-12 07:22:00,63.7
2025-06-12 01:02:00,76.4
2025-06-12 13:56:00,45.4
2025-06-12 08:04:00,64.6
2025-06-12 12:13:00,50.0997191011236
2025-06-12 19:08:00,25.7
2025-06-12 16:26:00,19.5
2025-06-12 06:23:00,50.7
2025-06-12 22:01:00,50.0997191011236
2025-06-12 08:19:00,95.2
2025-06-12 11:32:00,80.1
2025-06-12 08:25:00,37.0
2025-06-12 10:21:00,83.0
2025-06-12 03:53:00,29.4
2025-06-12 20:01:00,71.1
2025-06-12 02:13:00,97.6
2025-06-12 08:17:00,50.0997191011236
2025-06-12 14:10:00,20.3
2025-06-12 06:40:00,95.1
2025-06-12 10:15:00,47.2
2025-06-12 03:08:00,79.7
2025-06-12 09:07:00,69.7
2025-06-12 22:44:00,94.9
2025-06-12 02:15:00,50.0997191011236
2025-06-12 02:10:00,50.0997191011236
2025-06-12 03:40:00,50.0997191011236
2025-06-12 03:49:00,72.9
2025-06-12 06:38:00,51.9
2025-06-12 22:33:00,45.5
2025-06-12 08:56:00,74.6
2025-06-12 11:59:00,72.4
2025-06-12 18:03:00,86.6
2025-06-12 06:03:00,45.7
2025-06-12 15:09:00,6.8
2025-06-12 19:47:00,15.9
2025-06-12 05:37:00,0.4
2025-06-12 02:14:00,90.5
2025-06-12 03:06:00,62.7
2025-06-12 16:09:00,86.8
2025-06-12 02:11:00,33.4
2025-06-12 06:15:00,31.7
2025-06-12 15:44:00,95.9
2025-06-12 10:13:00,65.6
2025-06-12 06:57:00,67.5
2025-06-12 19:14:00,36.0
2025-06-12 23:54:00,12.9
2025-06-12 08:26:00,11.9
2025-06-12 11:22:00,96.0
2025-06-12 12:10:00,49.889081537019685
2025-06-12 03:13:00,57.5
2025-06-12 08:19:00,85.1
2025-06-12 17:19:00,52.4
2025-06-12 19:39:00,88.0
2025-06-12 20:29:00,11.7
2025-06-12 22:33:00,67.4
2025-06-12 13:28:00,49.889081537019685
2025-06-12 05:38:00,38.4
2025-06-12 12:27:00,31.6
2025-06-12 20:32:00,81.9
2025-06-12 07:13:00,63.1
2025-06-12 13:39:00,32.6
2025-06-12 23:05:00,76.3
2025-06-12 03:16:00,49.6
2025-06-12 01:45:00,4.8
2025-06-12 23:57:00,49.889081537019685
2025-06-12 04:51:00,99.6
2025-06-12 02:38:00,48.7
2025-06-12 20:17:00,67.3
2025-06-12 02:34:00,64.8
2025-06-12 23:53:00,60.1
2025-06-12 22:03:00,98.9
2025-06-12 17:08:00,75.2
2025-06-12 02:14:00,79.0
2025-06-12 05:42:00,37.5
2025-06-12 15:14:00,47.2
2025-06-12 06:07:00,49.889081537019685
2025-06-12 10:11:00,35.8
2025-06-12 07:21:00,1.6
2025-06-12 10:31:00,5.8
2025-06-12 17:19:00,49.889081537019685
2025-06-12 00:12:00,20.4
2025-06-12 11:32:00,55.4
2025-06-12 16:32:00,27.0
2025-06-12 14:40:00,21.3
2025-06-12 21:56:00,79.1
2025-06-12 04:13:00,81.7
2025-06-12 01:01:00,5.7
2025-06-12 15:39:00,49.889081537019685
2025-06-12 01:07:00,99.2
2025-06-12 21:11:00,20.6
2025-06-12 02:15:00,4.3
2025-06-12 19:54:00,16.5
2025-06-12 19:16:00,15.3
2025-06-12 00:01:00,49.889081537019685
2025-06-12 04:18:00,49.889081537019685
2025-06-12 12:56:00,45.3
2025-06-12 12:38:00,85.4
2025-06-12 15:13:00,57.9
2025-06-12 08:52:00,11.1
2025-06-12 12:16:00,49.889081537019685
2025-06-12 06:24:00,6.1
2025-06-12 05:45:00,49.889081537019685
2025-06-12 19:30:00,62.1
2025-06-12 05:19:00,79.1
2025-06-12 19:29:00,68.8
2025-06-12 07:09:00,92.1
2025-06-12 01:20:00,15.7
2025-06-12 17:57:00,51.5
2025-06-12 22:16:00,33.2
2025-06-12 08:24:00,5.7
2025-06-12 12:21:00,91.2
2025-06-12 17:54:00,28.6
2025-06-12 23:41:00,98.2
2025-06-12 03:49:00,26.9
2025-06-12 16:30:00,14.0
2025-06-12 03:40:00,2.1
2025-06-12 14:47:00,19.1
2025-06-12 06:15:00,71.1
2025-06-12 21:39:00,31.0
2025-06-12 06:20:00,32.7
2025-06-12 10:09:00,49.889081537019685
2025-06-12 16:47:00,83.1
2025-06-12 00:11:00,16.7
2025-06-12 08:09:00,48.5
2025-06-12 12:34:00,34.2
2025-06-12 15:12:00,32.0
2025-06-12 07:39:00,3.3
2025-06-12 16:27:00,44.0
2025-06-12 20:55:00,92.2
2025-06-12 10:50:00,65.2
2025-06-12 23:58:00,25.7
2025-06-12 09:23:00,49.889081537019685
2025-06-12 17:27:00,22.2
2025-06-12 01:07:00,54.3
2025-06-12 14:18:00,49.889081537019685
2025-06-12 09:53:00,2.2
2025-06-12 15:47:00,21.1
2025-06-12 08:35:00,67.8
2025-06-12 18:04:00,38.5
2025-06-12 18:09:00,98.3
2025-06-12 03:15:00,9.2
2025-06-12 14:06:00,49.889081537019685
2025-06-12 09:32:00,73.3
2025-06-12 11:16:00,49.889081537019685
2025-06-12 18:38:00,92.9
2025-06-12 15:39:00,12.7
2025-06-12 19:50:00,38.3
2025-06-12 07:57:00,1.6
2025-06-12 02:00:00,70.9
2025-06-12 13:57:00,97.0
2025-06-12 19:13:00,76.2
2025-06-12 22:02:00,49.889081537019685
2025-06-12 00:56:00,54.6
2025-06-12 04:36:00,54.6
2025-06-12 07:52:00,15.6
2025-06-12 20:56:00,50.0
2025-06-12 21:47:00,58.3
2025-06-12 06:08:00,12.9
2025-06-12 17:48:00,98.5
2025-06-12 16:59:00,4.3
2025-06-12 04:25:00,41.7
2025-06-12 19:48:00,11.4
2025-06-12 02:16:00,49.889081537019685
2025-06-12 06:06:00,97.0
2025-06-12 17:16:00,48.5
2025-06-12 16:55:00,66.7
2025-06-12 06:08:00,48.6
2025-06-12 06:25:00,49.889081537019685
2025-06-12 06:11:00,73.0
2025-06-12 17:49:00,49.889081537019685
2025-06-12 13:09:00,39.1
2025-06-12 09:17:00,97.6
2025-06-12 10:33:00,8.5
2025-06-12 00:57:00,83.0
2025-06-12 17:46:00,35.7
2025-06-12 21:17:00,93.0
2025-06-12 14:39:00,9.5
2025-06-12 13:50:00,54.5
2025-06-12 22:37:00,76.2
2025-06-12 18:40:00,10.5
2025-06-12 18:15:00,34.8
2025-06-12 12:30:00,90.0
2025-06-12 20:17:00,37.6
2025-06-12 20:47:00,13.1
2025-06-12 08:56:00,19.2
2025-06-12 16:41:00,77.1
2025-06-12 02:11:00,19.9
2025-06-12 01:26:00,94.4
2025-06-12 09:22:00,88.8
2025-06-12 03:09:00,49.889081537019685
2025-06-12 17:04:00,49.889081537019685
2025-06-12 08:32:00,13.9
2025-06-12 16:35:00,66.2
2025-06-12 07:37:00,71.2
2025-06-12 10:14:00,38.3
2025-06-12 20:43:00,8.1
2025-06-12 17:53:00,83.9
2025-06-12 11:23:00,49.889081537019685
2025-06-12 07:55:00,49.889081537019685
2025-06-12 11:47:00,77.3
2025-06-12 07:01:00,8.5
2025-06-12 12:37:00,15.6
2025-06-12 13:28:00,46.7
2025-06-12 14:37:00,41.5
2025-06-12 10:19:00,54.0
2025-06-12 12:42:00,66.3
2025-06-12 16:49:00,35.8
2025-06-12 03:22:00,73.2
2025-06-12 06:38:00,49.889081537019685
2025-06-12 16:05:00,54.9
2025-06-12 13:19:00,18.4
2025-06-12 20:02:00,39.5
2025-06-12 03:16:00,41.5
2025-06-12 03:51:00,7.0
2025-06-12 06:24:00,49.889081537019685
2025-06-12 11:54:00,49.889081537019685
2025-06-12 17:28:00,59.1
2025-06-12 17:09:00,76.7
2025-06-12 15:36:00,78.6
2025-06-12 12:08:00,49.889081537019685
2025-06-12 01:47:00,81.9
2025-06-12 23:54:00,38.7
2025-06-12 03:23:00,1.8
2025-06-12 12:59:00,26.8
2025-06-12 10:32:00,77.4
2025-06-12 18:21:00,6.2
2025-06-12 00:28:00,15.7
2025-06-12 11:05:00,74.5
2025-06-12 06:30:00,3.6
2025-06-12 00:22:00,21.8
2025-06-12 07:59:00,43.0
2025-06-12 00:58:00,58.1
2025-06-12 07:27:00,4.3
2025-06-12 08:43:00,49.889081537019685
2025-06-12 06:27:00,14.6
2025-06-12 15:17:00,49.889081537019685
2025-06-12 00:38:00,62.7
2025-06-12 14:53:00,47.4
2025-06-12 07:42:00,50.1
2025-06-12 15:09:00,49.889081537019685
2025-06-12 00:17:00,70.5
2025-06-12 19:46:00,44.9
2025-06-12 05:31:00,92.2
2025-06-12 19:53:00,16.0
2025-06-12 07:04:00,95.3
2025-06-12 19:38:00,52.1
2025-06-12 19:21:00,98.6
2025-06-12 14:28:00,33.2
2025-06-12 15:55:00,99.3
2025-06-12 00:11:00,49.889081537019685
2025-06-12 22:45:00,28.5
2025-06-12 00:03:00,49.889081537019685
2025-06-12 23:08:00,69.8
2025-06-12 03:03:00,92.5
2025-06-12 00:59:00,21.5
2025-06-12 16:35:00,45.0
2025-06-12 06:37:00,33.4
2025-06-12 07:00:00,48.6
2025-06-12 01:44:00,32.1
2025-06-12 13:37:00,82.3
2025-06-12 04:04:00,49.889081537019685
2025-06-12 04:29:00,49.889081537019685
2025-06-12 05:35:00,58.9
2025-06-12 08:06:00,49.889081537019685
2025-06-12 13:01:00,31.7
2025-06-12 02:27:00,47.5
2025-06-12 06:53:00,79.2
2025-06-12 23:13:00,62.0
2025-06-12 21:11:00,78.2
2025-06-12 01:52:00,72.6
2025-06-12 01:58:00,76.7
2025-06-12 08:49:00,90.5
2025-06-12 07:04:00,91.3
2025-06-12 01:37:00,79.9
2025-06-12 08:31:00,86.9
2025-06-12 15:07:00,69.7
2025-06-12 13:32:00,59.5
2025-06-12 15:45:00,52.5
2025-06-12 08:56:00,85.8
2025-06-12 05:10:00,49.889081537019685
2025-06-12 02:00:00,34.8
2025-06-12 05:09:00,71.8
2025-06-12 12:09:00,57.4
2025-06-12 16:00:00,96.1
2025-06-12 06:36:00,98.3
2025-06-12 07:21:00,82.7
2025-06-12 15:58:00,49.889081537019685
2025-06-12 03:12:00,45.9
2025-06-12 03:39:00,49.889081537019685
2025-06-12 08:20:00,90.4
2025-06-12 08:08:00,70.1
2025-06-12 05:23:00,30.1
2025-06-12 05:08:00,5.5
2025-06-12 19:42:00,95.9
2025-06-12 00:17:00,5.2
2025-06-12 16:26:00,19.2
2025-06-12 07:10:00,41.9
2025-06-12 07:13:00,87.2
2025-06-12 10:24:00,60.2
2025-06-12 13:29:00,31.0
2025-06-12 01:31:00,87.5
2025-06-12 01:50:00,41.6
2025-06-12 08:27:00,12.2
2025-06-12 20:04:00,92.2
2025-06-12 08:09:00,49.889081537019685
2025-06-12 11:28:00,80.4
2025-06-12 01:24:00,9.6
2025-06-12 02:19:00,16.7
2025-06-12 13:04:00,96.3
2025-06-12 20:52:00,79.6
2025-06-12 23:58:00,99.8
2025-06-12 08:19:00,25.3
2025-06-12 00:25:00,1.0
2025-06-12 13:46:00,45.8
2025-06-12 02:38:00,39.1
2025-06-12 00:42:00,50.1
2025-06-12 23:15:00,60.3
2025-06-12 15:14:00,31.0
2025-06-12 01:48:00,63.4
2025-06-12 10:22:00,35.6
2025-06-12 20:32:00,49.889081537019685
2025-06-12 13:19:00,70.2
2025-06-12 20:09:00,79.5
2025-06-12 03:30:00,24.4
2025-06-12 11:02:00,81.6
2025-06-12 04:32:00,15.5
2025-06-12 19:58:00,69.3
2025-06-12 15:08:00,11.7
2025-06-12 07:37:00,68.1
2025-06-12 23:18:00,30.5
2025-06-12 00:09:00,70.2
2025-06-12 08:38:00,12.9
2025-06-12 11:37:00,5.3
2025-06-12 00:21:00,25.8
2025-06-12 21:03:00,82.5
2025-06-12 06:57:00,49.889081537019685
2025-06-12 15:40:00,85.8
2025-06-12 04:31:00,12.1
2025-06-12 14:26:00,92.4
2025-06-12 07:28:00,49.889081537019685
2025-06-12 17:45:00,3.7
2025-06-12 19:27:00,55.3
2025-06-12 14:39:00,25.8
2025-06-12 13:46:00,49.889081537019685
2025-06-12 00:58:00,72.9
2025-06-12 05:01:00,49.889081537019685
2025-06-12 12:35:00,80.1
2025-06-12 19:43:00,28.1
2025-06-12 06:26:00,92.1
2025-06-12 12:00:00,72.1
2025-06-12 06:45:00,49.889081537019685
2025-06-12 09:48:00,83.1
2025-06-12 02:38:00,90.3
2025-06-12 07:40:00,78.4
2025-06-12 15:50:00,61.6
2025-06-12 13:52:00,87.7
2025-06-12 11:08:00,71.9
2025-06-12 04:55:00,96.6
2025-06-12 13:45:00,52.9
2025-06-12 15:56:00,88.0
2025-06-12 18:00:00,49.889081537019685
2025-06-12 17:38:00,81.5
2025-06-12 18:41:00,60.7
2025-06-12 21:41:00,23.0
2025-06-12 22:05:00,49.889081537019685
2025-06-12 16:40:00,28.1
2025-06-12 08:21:00,49.889081537019685
2025-06-12 02:29:00,93.9
2025-06-12 20:09:00,12.1
2025-06-12 09:17:00,47.6
2025-06-12 17:02:00,26.9
2025-06-12 23:06:00,63.9
2025-06-12 01:31:00,12.3
2025-06-12 03:05:00,24.7
2025-06-12 13:36:00,77.6
2025-06-12 18:38:00,76.8
2025-06-12 12:46:00,28.7
2025-06-12 03:43:00,87.6
2025-06-12 01:31:00,75.0
2025-06-12 09:58:00,91.0
2025-06-12 09:58:00,11.0
2025-06-12 08:01:00,73.2
2025-06-12 03:31:00,65.6
2025-06-12 21:37:00,92.4
2025-06-12 17:46:00,48.7
2025-06-12 11:22:00,45.9
2025-06-12 01:35:00,37.5
2025-06-12 09:59:00,12.8
2025-06-12 13:53:00,19.9
2025-06-12 15:18:00,60.0
2025-06-12 08:29:00,88.6
2025-06-12 21:56:00,78.8
2025-06-12 01:44:00,4.3
2025-06-12 22:34:00,19.3
2025-06-12 06:39:00,56.9
2025-06-12 11:59:00,22.2
2025-06-12 02:35:00,50.12778039031272
2025-06-12 23:21:00,12.6
2025-06-12 06:39:00,21.4
2025-06-12 05:08:00,78.9
2025-06-12 20:32:00,23.4
2025-06-12 05:31:00,17.2
2025-06-12 02:50:00,95.7
2025-06-12 19:48:00,33.4
2025-06-12 23:11:00,63.8
2025-06-12 03:59:00,23.7
2025-06-12 07:49:00,89.9
2025-06-12 03:09:00,86.6
2025-06-12 10:40:00,14.2
2025-06-12 17:57:00,50.12778039031272
2025-06-12 13:35:00,57.7
2025-06-12 13:20:00,69.0
2025-06-12 01:03:00,91.7
2025-06-12 01:42:00,61.4
2025-06-12 10:42:00,15.8
2025-06-12 12:25:00,95.0
2025-06-12 23:27:00,2.1
2025-06-12 08:18:00,2.4
2025-06-12 15:21:00,40.6
2025-06-12 11:12:00,50.12778039031272
2025-06-12 17:09:00,42.9
2025-06-12 13:00:00,29.0
2025-06-12 22:50:00,34.8
2025-06-12 12:34:00,90.6
2025-06-12 16:02:00,0.6
2025-06-12 13:37:00,34.9
2025-06-12 18:41:00,58.7
2025-06-12 00:13:00,18.3
2025-06-12 04:04:00,81.3
2025-06-12 13:51:00,50.12778039031272
2025-06-12 23:47:00,50.12778039031272
2025-06-12 14:24:00,91.8
2025-06-12 17:59:00,12.5
2025-06-12 01:01:00,16.9
2025-06-12 03:19:00,21.7
2025-06-12 11:27:00,59.3
2025-06-12 05:59:00,79.2
2025-06-12 07:04:00,97.9
2025-06-12 01:19:00,44.8
2025-06-12 12:58:00,67.7
2025-06-12 20:56:00,50.12778039031272
2025-06-12 07:49:00,78.6
2025-06-12 05:12:00,94.8
2025-06-12 19:28:00,3.2
2025-06-12 12:38:00,70.8
2025-06-12 10:33:00,77.0
2025-06-12 20:59:00,69.7
2025-06-12 13:11:00,19.9
2025-06-12 13:29:00,62.8
2025-06-12 04:44:00,39.4
2025-06-12 16:12:00,50.12778039031272
2025-06-12 22:15:00,50.12778039031272
2025-06-12 21:44:00,59.5
2025-06-12 10:53:00,70.4
2025-06-12 05:48:00,26.9
2025-06-12 15:03:00,40.6
2025-06-12 05:09:00,68.2
2025-06-12 22:43:00,49.8
2025-06-12 22:13:00,64.7
2025-06-12 17:07:00,83.8
2025-06-12 09:39:00,13.6
2025-06-12 04:55:00,55.8
2025-06-12 00:24:00,28.5
2025-06-12 12:40:00,38.2
2025-06-12 15:48:00,45.1
2025-06-12 02:47:00,80.3
2025-06-12 21:32:00,62.5
2025-06-12 12:34:00,77.9
2025-06-12 03:10:00,29.9
2025-06-12 08:52:00,50.12778039031272
2025-06-12 21:21:00,40.3
2025-06-12 14:51:00,91.9
2025-06-12 20:59:00,50.12778039031272
2025-06-12 04:55:00,21.1
2025-06-12 18:23:00,72.8
2025-06-12 21:06:00,19.7
2025-06-12 01:17:00,1.3
2025-06-12 13:20:00,27.1
2025-06-12 23:36:00,50.12778039031272
2025-06-12 01:35:00,7.0
2025-06-12 09:20:00,50.12778039031272
2025-06-12 10:47:00,50.12778039031272
2025-06-12 18:48:00,50.12778039031272
2025-06-12 19:03:00,19.4
2025-06-12 00:36:00,20.2
2025-06-12 16:06:00,50.12778039031272
2025-06-12 01:52:00,77.8
2025-06-12 10:21:00,26.5
2025-06-12 16:02:00,80.3
2025-06-12 21:18:00,86.2
2025-06-12 23:19:00,6.9
2025-06-12 19:50:00,48.7
2025-06-12 19:42:00,16.8
2025-06-12 13:28:00,52.8
2025-06-12 06:12:00,17.0
2025-06-12 00:37:00,50.12778039031272
2025-06-12 10:56:00,81.5
2025-06-12 17:16:00,22.8
2025-06-12 16:57:00,47.3
2025-06-12 09:17:00,40.7
2025-06-12 14:05:00,55.3
2025-06-12 14:33:00,99.8
2025-06-12 23:48:00,92.1
2025-06-12 21:20:00,22.0
2025-06-12 11:08:00,53.7
2025-06-12 20:12:00,78.1
2025-06-12 04:17:00,62.8
2025-06-12 06:02:00,20.1
2025-06-12 08:16:00,65.8
2025-06-12 06:17:00,61.7
2025-06-12 02:20:00,20.0
2025-06-12 12:46:00,66.4
2025-06-12 18:04:00,53.8
2025-06-12 23:58:00,62.8
2025-06-12 10:44:00,58.6
2025-06-12 00:42:00,50.12778039031272
2025-06-12 10:59:00,7.8
2025-06-12 15:25:00,10.5
2025-06-12 09:21:00,51.1
2025-06-12 12:33:00,64.3
2025-06-12 16:23:00,57.7
2025-06-12 23:50:00,88.1
2025-06-12 10:49:00,93.7
2025-06-12 10:51:00,3.3
2025-06-12 06:14:00,36.7
2025-06-12 11:58:00,35.2
2025-06-12 06:56:00,65.1
2025-06-12 22:42:00,64.7
2025-06-12 01:16:00,1.2
2025-06-12 10:09:00,78.4
2025-06-12 03:11:00,89.0
2025-06-12 14:23:00,58.5
2025-06-12 21:13:00,45.5
2025-06-12 05:15:00,23.2
2025-06-12 08:48:00,26.3
2025-06-12 13:37:00,54.2
2025-06-12 21:35:00,72.7
2025-06-12 13:37:00,1.0
2025-06-12 18:43:00,50.12778039031272
2025-06-12 16:40:00,21.4
2025-06-12 20:17:00,92.0
2025-06-12 08:52:00,42.6
2025-06-12 03:29:00,40.7
2025-06-12 20:59:00,1.9
2025-06-12 15:24:00,33.8
2025-06-12 08:16:00,27.5
2025-06-12 15:22:00,35.4
2025-06-12 16:47:00,33.1
2025-06-12 17:37:00,74.0
2025-06-12 03:31:00,16.6
2025-06-12 11:07:00,90.8
2025-06-12 04:47:00,61.1
2025-06-12 08:03:00,45.2
2025-06-12 01:52:00,32.3
2025-06-12 09:18:00,26.6
2025-06-12 20:13:00,33.0
2025-06-12 22:12:00,56.5
2025-06-12 14:25:00,45.6
2025-06-12 13:10:00,69.6
2025-06-12 14:34:00,14.3
2025-06-12 21:46:00,44.3
2025-06-12 06:51:00,50.12778039031272
2025-06-12 07:32:00,37.0
2025-06-12 06:53:00,34.3
2025-06-12 01:05:00,98.6
2025-06-12 11:49:00,90.9
2025-06-12 20:06:00,12.7
2025-06-12 16:26:00,58.7
2025-06-12 01:44:00,31.7
2025-06-12 00:19:00,50.12778039031272
2025-06-12 10:12:00,54.4
2025-06-12 17:57:00,77.3
2025-06-12 21:56:00,24.3
2025-06-12 04:24:00,50.12778039031272
2025-06-12 10:06:00,31.1
2025-06-12 21:01:00,37.8
2025-06-12 16:03:00,50.4
2025-06-12 01:01:00,82.2
2025-06-12 17:01:00,68.4
2025-06-12 04:17:00,11.8
2025-06-12 15:00:00,95.1
2025-06-12 16:12:00,35.4
2025-06-12 07:38:00,50.12778039031272
2025-06-12 01:38:00,84.7
2025-06-12 14:18:00,50.12778039031272
2025-06-12 00:44:00,56.7
2025-06-12 20:50:00,27.3
2025-06-12 16:11:00,28.9
2025-06-12 21:19:00,54.7
2025-06-12 05:25:00,50.12778039031272
2025-06-12 22:55:00,21.9
2025-06-12 22:23:00,95.8
2025-06-12 13:20:00,19.3
2025-06-12 14:28:00,38.0
2025-06-12 19:11:00,75.0
2025-06-12 03:38:00,50.12778039031272
2025-06-12 04:46:00,44.4
2025-06-12 12:48:00,62.7
2025-06-12 04:57:00,0.4
2025-06-12 11:13:00,48.6
2025-06-12 16:35:00,69.3
2025-06-12 17:37:00,22.8
2025-06-12 16:25:00,76.0
2025-06-12 02:59:00,87.1
2025-06-12 04:39:00,95.7
2025-06-12 16:02:00,68.4
2025-06-12 01:19:00,13.6
2025-06-12 05:37:00,50.12778039031272
2025-06-12 08:16:00,9.1
2025-06-12 23:31:00,50.12778039031272
2025-06-12 06:45:00,80.7
2025-06-12 00:45:00,50.12778039031272
2025-06-12 02:10:00,73.0
2025-06-12 06:50:00,27.1
2025-06-12 19:44:00,50.12778039031272
2025-06-12 00:42:00,33.9
2025-06-12 04:17:00,53.5
2025-06-12 02:03:00,39.8
2025-06-12 08:50:00,50.12778039031272
2025-06-12 02:12:00,54.8
2025-06-12 17:26:00,99.4
2025-06-12 02:59:00,23.2
2025-06-12 16:47:00,83.4
2025-06-12 22:06:00,73.7
2025-06-12 08:18:00,98.8
2025-06-12 02:55:00,50.12778039031272
2025-06-12 22:28:00,50.12778039031272
2025-06-12 03:56:00,1.7
2025-06-12 04:41:00,3.4
2025-06-12 17:04:00,28.7
2025-06-12 04:53:00,50.12778039031272
2025-06-12 10:21:00,27.6
2025-06-12 12:47:00,89.9
2025-06-12 08:33:00,40.3
2025-06-12 09:16:00,65.9
2025-06-12 22:08:00,50.7
2025-06-12 06:37:00,57.5
2025-06-12 12:12:00,11.0
2025-06-12 10:41:00,26.0
2025-06-12 09:15:00,50.12778039031272
2025-06-12 06:30:00,50.12778039031272
2025-06-12 11:00:00,75.5
2025-06-12 07:54:00,9.0
2025-06-12 11:15:00,13.6
2025-06-12 18:25:00,50.12778039031272
2025-06-12 13:54:00,51.1
2025-06-12 01:01:00,14.2
2025-06-12 13:46:00,66.5
2025-06-12 19:57:00,94.9
2025-06-12 00:24:00,48.7
2025-06-12 14:41:00,19.3
2025-06-12 08:06:00,23.0
2025-06-12 08:41:00,58.6
2025-06-12 20:23:00,32.4
2025-06-12 10:37:00,28.9
2025-06-12 21:40:00,88.8
2025-06-12 10:35:00,50.12778039031272
2025-06-12 08:06:00,23.6
2025-06-12 08:53:00,35.4
2025-06-12 04:25:00,53.8
2025-06-12 23:35:00,92.7
2025-06-12 06:43:00,50.12778039031272
2025-06-12 00:03:00,67.5
2025-06-12 23:32:00,97.9
2025-06-12 21:26:00,2.4
2025-06-12 03:04:00,50.12778039031272
2025-06-12 07:51:00,15.8
2025-06-12 07:42:00,17.9
2025-06-12 23:13:00,50.12778039031272
2025-06-12 03:15:00,76.4
2025-06-12 11:06:00,30.7
2025-06-12 23:35:00,6.3
2025-06-12 04:12:00,59.9
2025-06-12 16:50:00,79.0
2025-06-12 23:12:00,50.12778039031272
2025-06-12 18:04:00,56.3
2025-06-12 19:32:00,71.2
2025-06-12 18:21:00,47.0
2025-06-12 04:26:00,10.9
2025-06-12 01:09:00,80.8
2025-06-12 23:38:00,69.7
2025-06-12 14:51:00,79.4
2025-06-12 18:43:00,95.7
2025-06-12 06:19:00,72.7
2025-06-12 14:56:00,60.2
2025-06-12 16:47:00,46.4
2025-06-12 11:02:00,30.8
2025-06-12 09:18:00,62.9
2025-06-12 23:02:00,31.6
2025-06-12 19:23:00,38.8
2025-06-12 14:14:00,50.12778039031272
2025-06-12 17:35:00,50.12778039031272
2025-06-12 06:25:00,2.7
2025-06-12 23:09:00,50.12778039031272
2025-06-12 19:57:00,50.12778039031272
2025-06-12 17:44:00,78.3
2025-06-12 17:36:00,50.12778039031272
2025-06-12 07:25:00,73.1
2025-06-12 14:23:00,14.7
2025-06-12 22:16:00,20.3
2025-06-12 14:12:00,62.9
2025-06-12 21:17:00,42.8
2025-06-12 03:31:00,84.6
2025-06-12 16:30:00,51.5
2025-06-12 15:13:00,50.12778039031272
2025-06-12 01:13:00,17.8
2025-06-12 14:32:00,50.12778039031272
2025-06-12 01:04:00,75.9
2025-06-12 11:27:00,32.4
2025-06-12 07:52:00,87.6
2025-06-12 19:37:00,89.9
2025-06-12 18:39:00,12.6
2025-06-12 23:43:00,52.5
2025-06-12 20:57:00,50.12778039031272
2025-06-12 19:38:00,95.9
2025-06-12 00:47:00,95.3
2025-06-12 17:03:00,4.5
2025-06-12 13:07:00,61.4
2025-06-12 09:34:00,40.8
2025-06-12 10:49:00,23.9
2025-06-12 20:08:00,88.6
2025-06-12 01:07:00,98.6
2025-06-12 22:34:00,95.4
2025-06-12 00:24:00,79.3
2025-06-12 14:45:00,49.8
2025-06-12 06:54:00,20.1
2025-06-12 04:58:00,50.1655304792927
2025-06-12 06:39:00,76.1
2025-06-12 20:22:00,59.4
2025-06-12 14:40:00,50.1655304792927
2025-06-12 15:07:00,89.7
2025-06-12 15:40:00,97.7
2025-06-12 21:25:00,38.1
2025-06-12 22:31:00,28.4
2025-06-12 00:47:00,84.8
2025-06-12 02:55:00,48.2
2025-06-12 15:01:00,50.1655304792927
2025-06-12 18:56:00,42.7
2025-06-12 03:08:00,63.3
2025-06-12 03:36:00,70.7
2025-06-12 07:55:00,59.4
2025-06-12 14:53:00,61.0
2025-06-12 23:00:00,53.8
2025-06-12 23:01:00,62.5
2025-06-12 11:57:00,10.3
2025-06-12 18:36:00,47.6
2025-06-12 03:44:00,74.4
2025-06-12 17:17:00,54.0
2025-06-12 01:55:00,25.8
2025-06-12 21:08:00,41.6
2025-06-12 17:35:00,45.5
2025-06-12 20:48:00,74.9
2025-06-12 14:15:00,45.4
2025-06-12 23:16:00,51.6
2025-06-12 23:39:00,26.0
2025-06-12 20:57:00,35.2
2025-06-12 20:56:00,10.4
2025-06-12 02:35:00,20.5
2025-06-12 04:03:00,50.1655304792927
2025-06-12 15:40:00,89.8
2025-06-12 21:32:00,36.5
2025-06-12 11:20:00,12.8
2025-06-12 05:04:00,50.1655304792927
2025-06-12 21:33:00,48.7
2025-06-12 17:37:00,56.9
2025-06-12 05:11:00,6.1
2025-06-12 22:50:00,50.1655304792927
2025-06-12 08:57:00,40.0
2025-06-12 03:27:00,20.7
2025-06-12 19:15:00,79.0
2025-06-12 02:43:00,75.1
2025-06-12 10:35:00,99.8
2025-06-12 03:54:00,29.9
2025-06-12 18:54:00,41.0
2025-06-12 17:05:00,50.1655304792927
2025-06-12 10:26:00,14.7
2025-06-12 00:01:00,12.2
2025-06-12 09:41:00,7.3
2025-06-12 07:50:00,17.4
2025-06-12 02:18:00,94.1
2025-06-12 13:38:00,27.3
2025-06-12 23:34:00,65.8
2025-06-12 06:12:00,30.8
2025-06-12 09:49:00,50.1655304792927
2025-06-12 04:53:00,62.7
2025-06-12 02:36:00,17.0
2025-06-12 13:14:00,91.9
2025-06-12 04:35:00,56.5
2025-06-12 05:08:00,78.8
2025-06-12 12:54:00,48.5
2025-06-12 18:29:00,95.2
2025-06-12 14:13:00,91.4
2025-06-12 22:47:00,37.3
2025-06-12 23:17:00,15.0
2025-06-12 21:34:00,50.1655304792927
2025-06-12 17:33:00,74.4
2025-06-12 10:26:00,87.0
2025-06-12 08:29:00,19.7
2025-06-12 03:41:00,46.5
2025-06-12 04:03:00,84.5
2025-06-12 21:46:00,55.6
2025-06-12 17:47:00,72.5
2025-06-12 20:58:00,7.0
2025-06-12 19:10:00,47.1
2025-06-12 22:05:00,63.5
2025-06-12 22:06:00,26.4
2025-06-12 00:52:00,16.5
2025-06-12 01:48:00,50.1655304792927
2025-06-12 00:18:00,2.3
2025-06-12 00:36:00,61.2
2025-06-12 12:48:00,98.8
2025-06-12 03:31:00,89.5
2025-06-12 23:33:00,85.6
2025-06-12 03:48:00,4.3
2025-06-12 18:39:00,60.0
2025-06-12 14:55:00,74.2
2025-06-12 04:47:00,10.5
2025-06-12 11:38:00,24.9
2025-06-12 04:43:00,94.5
2025-06-12 20:29:00,50.1655304792927
2025-06-12 21:51:00,54.7
2025-06-12 17:37:00,31.9
2025-06-12 13:09:00,70.8
2025-06-12 16:36:00,44.7
2025-06-12 23:35:00,41.5
2025-06-12 05:21:00,27.7
2025-06-12 01:29:00,75.9
2025-06-12 14:08:00,2.2
2025-06-12 21:44:00,32.1
2025-06-12 07:13:00,81.0
2025-06-12 05:54:00,89.5
2025-06-12 03:33:00,82.4
2025-06-12 18:59:00,78.1
2025-06-12 03:43:00,68.0
2025-06-12 03:32:00,66.9
2025-06-12 20:32:00,22.6
2025-06-12 00:25:00,40.8
2025-06-12 10:00:00,14.5
2025-06-12 19:55:00,36.4
2025-06-12 14:53:00,36.2
2025-06-12 04:55:00,61.8
2025-06-12 17:21:00,48.7
2025-06-12 14:52:00,23.0
2025-06-12 11:54:00,1.2
2025-06-12 19:31:00,32.9
2025-06-12 08:56:00,42.8
2025-06-12 23:30:00,36.1
2025-06-12 16:22:00,32.7
2025-06-12 00:29:00,96.5
2025-06-12 05:50:00,57.2
2025-06-12 21:05:00,98.7
2025-06-12 15:49:00,5.9
2025-06-12 05:18:00,57.1
2025-06-12 01:55:00,11.8
2025-06-12 21:32:00,45.8
2025-06-12 16:31:00,29.8
2025-06-12 06:54:00,17.3
2025-06-12 03:49:00,44.0
2025-06-12 00:18:00,73.9
2025-06-12 12:38:00,24.7
2025-06-12 13:59:00,34.0
2025-06-12 19:09:00,8.0
2025-06-12 03:33:00,31.3
2025-06-12 01:25:00,87.5
2025-06-12 01:56:00,30.9
2025-06-12 15:54:00,43.0
2025-06-12 18:29:00,18.4
2025-06-12 00:00:00,58.9
2025-06-12 21:01:00,91.3
2025-06-12 14:13:00,74.8
2025-06-12 00:52:00,51.1
2025-06-12 22:46:00,26.3
2025-06-12 03:12:00,63.2
2025-06-12 10:32:00,63.1
2025-06-12 07:37:00,13.9
2025-06-12 19:36:00,93.6
2025-06-12 02:33:00,63.8
2025-06-12 06:24:00,0.5
2025-06-12 11:07:00,55.1
2025-06-12 04:31:00,72.5
2025-06-12 19:27:00,95.7
2025-06-12 22:25:00,96.1
2025-06-12 01:21:00,26.8
2025-06-12 15:43:00,94.5
2025-06-12 13:41:00,43.7
2025-06-12 14:28:00,49.1
2025-06-12 18:56:00,45.4
2025-06-12 03:34:00,97.0
2025-06-12 12:55:00,71.1
2025-06-12 23:17:00,65.8
2025-06-12 15:37:00,49.5
2025-06-12 04:14:00,88.6
2025-06-12 06:40:00,2.7
2025-06-12 00:40:00,77.4
2025-06-12 10:16:00,61.6
2025-06-12 09:06:00,77.9
2025-06-12 23:09:00,50.1655304792927
2025-06-12 01:43:00,68.1
2025-06-12 23:34:00,71.1
2025-06-12 15:47:00,99.1
2025-06-12 04:47:00,52.0
2025-06-12 06:33:00,53.9
2025-06-12 19:27:00,73.1
2025-06-12 09:56:00,20.5
2025-06-12 11:35:00,64.1
2025-06-12 19:56:00,50.1655304792927
2025-06-12 14:35:00,35.7
2025-06-12 19:11:00,6.2
2025-06-12 08:53:00,50.1655304792927
2025-06-12 19:50:00,9.2
2025-06-12 02:45:00,9.0
2025-06-12 05:52:00,1.1
2025-06-12 06:29:00,68.3
2025-06-12 01:41:00,63.1
2025-06-12 04:04:00,86.8
2025-06-12 01:16:00,88.8
2025-06-12 13:46:00,8.9
2025-06-12 15:21:00,77.6
2025-06-12 07:24:00,25.3
2025-06-12 10:54:00,50.1655304792927
2025-06-12 05:41:00,54.8
2025-06-12 06:14:00,95.6
2025-06-12 23:56:00,54.2
2025-06-12 03:10:00,50.2
2025-06-12 17:56:00,63.1
2025-06-12 17:36:00,27.5
2025-06-12 18:52:00,50.1655304792927
2025-06-12 03:14:00,50.1655304792927
2025-06-12 15:59:00,50.1655304792927
2025-06-12 02:40:00,64.4
2025-06-12 21:12:00,17.3
2025-06-12 05:21:00,69.0
2025-06-12 16:40:00,58.9
2025-06-12 23:43:00,51.8
2025-06-12 07:05:00,60.8
2025-06-12 00:16:00,40.4
2025-06-12 19:05:00,94.5
2025-06-12 01:26:00,3.2
2025-06-12 00:55:00,9.3
2025-06-12 14:42:00,7.4
2025-06-12 20:40:00,23.6
2025-06-12 08:20:00,2.2
2025-06-12 00:05:00,53.8
2025-06-12 08:25:00,90.6
2025-06-12 11:20:00,31.1
2025-06-12 17:28:00,92.0
2025-06-12 03:35:00,74.5
2025-06-12 02:57:00,54.4
2025-06-12 04:56:00,64.7
2025-06-12 05:06:00,50.1655304792927
2025-06-12 19:43:00,50.1655304792927
2025-06-12 01:33:00,12.3
2025-06-12 20:16:00,72.1
2025-06-12 06:18:00,53.4
2025-06-12 01:27:00,50.1655304792927
2025-06-12 03:08:00,90.2
2025-06-12 14:07:00,26.4
2025-06-12 08:34:00,54.0
2025-06-12 20:48:00,80.2
2025-06-12 14:53:00,90.2
2025-06-12 19:22:00,15.8
2025-06-12 12:59:00,50.1655304792927
2025-06-12 03:57:00,29.9
2025-06-12 15:23:00,40.9
2025-06-12 15:08:00,14.6
2025-06-12 01:12:00,56.4
2025-06-12 17:23:00,38.3
2025-06-12 05:50:00,62.1
2025-06-12 00:25:00,78.2
2025-06-12 08:15:00,54.6
2025-06-12 02:51:00,27.0
2025-06-12 17:45:00,38.3
2025-06-12 18:52:00,79.4
2025-06-12 18:44:00,43.6
2025-06-12 04:10:00,37.3
2025-06-12 19:59:00,61.5
2025-06-12 13:52:00,73.7
2025-06-12 02:28:00,49.4
2025-06-12 19:51:00,36.8
2025-06-12 00:43:00,25.3
2025-06-12 07:22:00,87.8
2025-06-12 20:03:00,53.5
2025-06-12 12:40:00,14.6
2025-06-12 11:38:00,38.0
2025-06-12 10:06:00,50.1655304792927
2025-06-12 20:49:00,54.8
2025-06-12 18:02:00,3.6
2025-06-12 15:06:00,50.1655304792927
2025-06-12 16:01:00,35.6
2025-06-12 22:54:00,22.4
2025-06-12 14:18:00,71.6
2025-06-12 16:11:00,50.1655304792927
2025-06-12 20:25:00,86.0
2025-06-12 01:32:00,11.5
2025-06-12 03:38:00,10.2
2025-06-12 21:09:00,94.4
2025-06-12 05:43:00,88.3
2025-06-12 01:50:00,94.0
2025-06-12 18:49:00,50.1655304792927
2025-06-12 03:42:00,73.0
2025-06-12 03:25:00,46.0
2025-06-12 00:41:00,13.4
2025-06-12 00:30:00,19.4
2025-06-12 02:30:00,79.4
2025-06-12 17:30:00,89.9
2025-06-12 10:30:00,21.5
2025-06-12 03:24:00,59.7
2025-06-12 23:47:00,50.1655304792927
2025-06-12 19:56:00,38.1
2025-06-12 18:41:00,94.7
2025-06-12 22:19:00,50.1655304792927
2025-06-12 10:49:00,51.1
2025-06-12 03:55:00,50.1655304792927
2025-06-12 23:40:00,56.4
2025-06-12 20:48:00,30.4
2025-06-12 04:49:00,50.1655304792927
2025-06-12 03:39:00,50.1655304792927
2025-06-12 15:37:00,50.1655304792927
2025-06-12 13:14:00,40.1
2025-06-12 06:28:00,83.6
2025-06-12 20:04:00,75.2
2025-06-12 19:14:00,42.9
2025-06-12 13:52:00,34.8
2025-06-12 12:23:00,54.2
2025-06-12 19:21:00,35.9
2025-06-12 02:06:00,88.3
2025-06-12 06:56:00,25.3
2025-06-12 15:28:00,78.8
2025-06-12 23:14:00,64.7
2025-06-12 04:14:00,50.1655304792927
2025-06-12 06:04:00,69.9
2025-06-12 01:59:00,43.8
2025-06-12 00:03:00,19.5
2025-06-12 23:18:00,82.9
2025-06-12 23:07:00,94.2
2025-06-12 13:14:00,6.6
2025-06-12 23:31:00,75.9
2025-06-12 21:39:00,40.1
2025-06-12 07:37:00,1.9
2025-06-12 14:12:00,68.3
2025-06-12 07:43:00,37.5
2025-06-12 02:04:00,50.2
2025-06-12 21:01:00,92.3
2025-06-12 16:49:00,15.1
2025-06-12 22:58:00,67.9
2025-06-12 13:46:00,55.5
2025-06-12 03:25:00,50.1655304792927
2025-06-12 11:53:00,97.2
2025-06-12 03:29:00,32.9
2025-06-12 15:33:00,67.5
2025-06-12 13:42:00,44.6
2025-06-12 17:01:00,50.1655304792927
2025-06-12 12:42:00,50.0
2025-06-12 02:49:00,84.2
2025-06-12 11:53:00,39.8
2025-06-12 19:01:00,55.2
2025-06-12 09:34:00,13.9
2025-06-12 21:57:00,13.0
2025-06-12 04:19:00,85.3
2025-06-12 02:57:00,68.2
2025-06-12 17:31:00,50.16485882352941
2025-06-12 18:36:00,50.16485882352941
2025-06-12 20:34:00,90.4
2025-06-12 01:38:00,57.6
2025-06-12 05:58:00,59.2
2025-06-12 17:59:00,50.16485882352941
2025-06-12 11:47:00,50.16485882352941
2025-06-12 17:08:00,50.16485882352941
2025-06-12 22:39:00,98.1
2025-06-12 15:03:00,6.4
2025-06-12 10:36:00,54.5
2025-06-12 14:41:00,67.3
2025-06-12 00:19:00,99.8
2025-06-12 23:50:00,82.5
2025-06-12 16:58:00,50.16485882352941
2025-06-12 17:30:00,50.16485882352941
2025-06-12 17:33:00,50.16485882352941
2025-06-12 19:51:00,19.6
2025-06-12 10:39:00,38.0
2025-06-12 18:55:00,3.3
2025-06-12 04:10:00,53.3
2025-06-12 03:03:00,28.9
2025-06-12 03:42:00,50.16485882352941
2025-06-12 05:35:00,78.0
2025-06-12 01:40:00,43.4
2025-06-12 19:15:00,74.8
2025-06-12 00:51:00,44.6
2025-06-12 00:49:00,15.7
2025-06-12 09:06:00,63.0
2025-06-12 07:57:00,67.0
2025-06-12 19:07:00,48.0
2025-06-12 00:42:00,99.1
2025-06-12 06:53:00,13.1
2025-06-12 00:52:00,7.9
2025-06-12 04:09:00,59.1
2025-06-12 11:07:00,25.1
2025-06-12 13:18:00,32.7
2025-06-12 10:27:00,3.0
2025-06-12 13:02:00,65.2
2025-06-12 00:09:00,45.9
2025-06-12 02:10:00,74.5
2025-06-12 20:46:00,45.9
2025-06-12 09:07:00,90.2
2025-06-12 21:26:00,35.2
2025-06-12 06:20:00,39.6
2025-06-12 08:43:00,67.5
2025-06-12 14:14:00,70.9
2025-06-12 00:10:00,13.0
2025-06-12 16:11:00,81.9
2025-06-12 03:11:00,48.6
2025-06-12 03:34:00,68.0
2025-06-12 08:21:00,5.9
2025-06-12 21:06:00,79.7
2025-06-12 12:58:00,50.9
2025-06-12 00:10:00,27.0
2025-06-12 12:36:00,50.16485882352941
2025-06-12 07:49:00,41.3
2025-06-12 03:04:00,59.8
2025-06-12 00:58:00,98.5
2025-06-12 16:34:00,63.3
2025-06-12 02:03:00,0.3
2025-06-12 14:09:00,16.7
2025-06-12 03:45:00,19.7
2025-06-12 22:51:00,22.6
2025-06-12 06:10:00,72.0
2025-06-12 15:31:00,29.2
2025-06-12 06:04:00,77.6
2025-06-12 05:28:00,95.1
2025-06-12 09:37:00,26.7
2025-06-12 22:36:00,50.16485882352941
2025-06-12 01:57:00,18.4
2025-06-12 06:20:00,98.9
2025-06-12 22:41:00,50.16485882352941
2025-06-12 01:32:00,85.4
2025-06-12 05:00:00,50.16485882352941
2025-06-12 11:32:00,98.1
2025-06-12 16:15:00,67.7
2025-06-12 01:28:00,86.6
2025-06-12 01:37:00,52.5
2025-06-12 07:40:00,50.1
2025-06-12 04:11:00,2.8
2025-06-12 18:45:00,46.5
2025-06-12 23:21:00,87.8
2025-06-12 20:26:00,24.9
2025-06-12 22:53:00,17.7
2025-06-12 03:23:00,67.4
2025-06-12 10:08:00,54.7
2025-06-12 06:26:00,50.16485882352941
2025-06-12 12:12:00,16.9
2025-06-12 16:11:00,50.16485882352941
2025-06-12 21:45:00,5.3
2025-06-12 03:28:00,84.0
2025-06-12 19:56:00,39.2
2025-06-12 12:26:00,85.8
2025-06-12 07:41:00,38.7
2025-06-12 01:03:00,62.5
2025-06-12 03:37:00,39.7
2025-06-12 20:24:00,50.16485882352941
2025-06-12 04:18:00,70.4
2025-06-12 02:06:00,35.1
2025-06-12 16:40:00,50.16485882352941
2025-06-12 00:25:00,34.4
2025-06-12 07:46:00,17.4
2025-06-12 02:57:00,50.16485882352941
2025-06-12 00:25:00,31.9
2025-06-12 19:09:00,30.8
2025-06-12 09:42:00,65.7
2025-06-12 05:41:00,64.8
2025-06-12 21:48:00,92.8
2025-06-12 23:15:00,17.2
2025-06-12 04:37:00,33.6
2025-06-12 11:02:00,40.7
2025-06-12 07:31:00,90.9
2025-06-12 15:35:00,46.2
2025-06-12 01:00:00,72.6
2025-06-12 23:01:00,65.6
2025-06-12 00:38:00,92.5
2025-06-12 11:17:00,56.7
2025-06-12 06:30:00,53.4
2025-06-12 06:05:00,5.5
2025-06-12 00:15:00,50.16485882352941
2025-06-12 05:57:00,50.16485882352941
2025-06-12 21:34:00,98.1
2025-06-12 17:37:00,66.2
2025-06-12 23:59:00,6.9
2025-06-12 08:38:00,53.2
2025-06-12 07:00:00,44.7
2025-06-12 04:28:00,24.4
2025-06-12 06:08:00,66.9
2025-06-12 12:33:00,87.3
2025-06-12 20:13:00,22.9
2025-06-12 23:38:00,50.16485882352941
2025-06-12 14:47:00,98.1
2025-06-12 20:14:00,96.8
2025-06-12 00:54:00,78.0
2025-06-12 15:34:00,76.8
2025-06-12 00:18:00,20.1
2025-06-12 01:15:00,18.6
2025-06-12 00:16:00,23.4
2025-06-12 19:28:00,3.9
2025-06-12 06:02:00,68.0
2025-06-12 06:27:00,50.16485882352941
2025-06-12 16:49:00,50.16485882352941
2025-06-12 06:25:00,63.3
2025-06-12 18:11:00,50.16485882352941
2025-06-12 02:49:00,29.6
2025-06-12 00:25:00,28.6
2025-06-12 02:46:00,9.5
2025-06-12 16:06:00,40.8
2025-06-12 01:22:00,74.8
2025-06-12 09:39:00,97.7
2025-06-12 18:31:00,50.16485882352941
2025-06-12 08:17:00,50.16485882352941
2025-06-12 00:36:00,49.9
2025-06-12 10:18:00,69.9
2025-06-12 17:32:00,29.0
2025-06-12 06:46:00,21.0
2025-06-12 06:43:00,50.16485882352941
2025-06-12 01:10:00,20.0
2025-06-12 01:40:00,98.0
2025-06-12 06:12:00,14.2
2025-06-12 05:56:00,50.16485882352941
2025-06-12 09:07:00,67.0
2025-06-12 21:42:00,78.6
2025-06-12 01:15:00,15.3
2025-06-12 15:29:00,28.0
2025-06-12 15:50:00,59.3
2025-06-12 08:29:00,50.6
2025-06-12 23:40:00,43.6
2025-06-12 21:46:00,61.4
2025-06-12 20:57:00,69.4
2025-06-12 14:26:00,8.6
2025-06-12 21:49:00,9.9
2025-06-12 20:02:00,68.5
2025-06-12 17:46:00,72.9
2025-06-12 00:23:00,58.5
2025-06-12 03:17:00,50.16485882352941
2025-06-12 10:53:00,40.0
2025-06-12 08:38:00,54.7
2025-06-12 05:36:00,35.9
2025-06-12 09:15:00,95.6
2025-06-12 23:18:00,49.5
2025-06-12 02:34:00,50.8
2025-06-12 07:01:00,22.4
2025-06-12 02:32:00,30.3
2025-06-12 12:50:00,9.5
2025-06-12 08:27:00,99.5
2025-06-12 23:01:00,8.6
2025-06-12 04:13:00,33.3
2025-06-12 16:19:00,88.5
2025-06-12 18:26:00,70.9
2025-06-12 11:48:00,50.16485882352941
2025-06-12 22:43:00,77.8
2025-06-12 03:54:00,45.7
2025-06-12 08:23:00,66.5
2025-06-12 16:57:00,31.4
2025-06-12 19:09:00,60.4
2025-06-12 10:27:00,95.0
2025-06-12 21:35:00,46.0
2025-06-12 00:01:00,84.9
2025-06-12 03:28:00,94.3
2025-06-12 12:59:00,50.16485882352941
2025-06-12 00:12:00,35.7
2025-06-12 19:30:00,45.8
2025-06-12 15:30:00,52.6
2025-06-12 08:35:00,66.0
2025-06-12 08:50:00,50.16485882352941
2025-06-12 07:23:00,87.7
2025-06-12 19:55:00,14.5
2025-06-12 16:07:00,50.16485882352941
2025-06-12 23:36:00,66.9
2025-06-12 16:28:00,88.8
2025-06-12 04:44:00,67.3
2025-06-12 08:10:00,50.16485882352941
2025-06-12 19:55:00,65.2
2025-06-12 11:46:00,70.1
2025-06-12 07:03:00,39.3
2025-06-12 07:14:00,50.16485882352941
2025-06-12 06:34:00,46.8
2025-06-12 23:47:00,91.9
2025-06-12 10:46:00,65.3
2025-06-12 18:53:00,27.1
2025-06-12 00:31:00,7.0
2025-06-12 22:29:00,32.6
2025-06-12 23:24:00,46.0
2025-06-12 22:07:00,15.7
2025-06-12 10:10:00,50.16485882352941
2025-06-12 18:23:00,38.9
2025-06-12 13:56:00,88.8
2025-06-12 03:15:00,19.3
2025-06-12 07:41:00,67.4
2025-06-12 17:35:00,8.6
2025-06-12 09:29:00,34.0
2025-06-12 10:43:00,49.8
2025-06-12 07:02:00,50.16485882352941
2025-06-12 12:51:00,88.0
2025-06-12 19:59:00,22.8
2025-06-12 05:51:00,82.1
2025-06-12 19:11:00,99.9
2025-06-12 18:04:00,76.1
2025-06-12 21:04:00,80.8
2025-06-12 22:24:00,15.1
2025-06-12 17:51:00,44.5
2025-06-12 11:48:00,73.4
2025-06-12 23:03:00,15.2
2025-06-12 01:24:00,71.9
2025-06-12 06:15:00,18.9
2025-06-12 09:01:00,24.1
2025-06-12 07:22:00,29.9
2025-06-12 10:57:00,94.1
2025-06-12 07:48:00,89.1
2025-06-12 16:42:00,71.8
2025-06-12 20:10:00,79.3
2025-06-12 03:37:00,50.16485882352941
2025-06-12 11:28:00,77.3
2025-06-12 07:22:00,50.16485882352941
2025-06-12 07:28:00,45.9
2025-06-12 03:34:00,9.0
2025-06-12 00:35:00,49.8
2025-06-12 12:26:00,20.4
2025-06-12 23:07:00,50.16485882352941
2025-06-12 23:29:00,50.16485882352941
2025-06-12 04:30:00,78.7
2025-06-12 17:52:00,50.16485882352941
2025-06-12 06:03:00,47.3
2025-06-12 06:21:00,95.3
2025-06-12 21:35:00,81.3
2025-06-12 12:50:00,50.16485882352941
2025-06-12 22:45:00,32.0
2025-06-12 09:41:00,50.16485882352941
2025-06-12 04:27:00,79.6
2025-06-12 13:38:00,0.6
2025-06-12 11:42:00,14.7
2025-06-12 20:16:00,24.0
2025-06-12 23:49:00,14.6
2025-06-12 14:00:00,50.16485882352941
2025-06-12 19:31:00,63.3
2025-06-12 05:59:00,67.6
2025-06-12 00:54:00,50.16485882352941
2025-06-12 02:35:00,48.9
2025-06-12 20:20:00,69.3
2025-06-12 00:17:00,16.9
2025-06-12 00:33:00,23.5
2025-06-12 22:04:00,50.16485882352941
2025-06-12 17:20:00,50.16485882352941
2025-06-12 13:44:00,16.2
2025-06-12 02:05:00,18.4
2025-06-12 21:55:00,2.9
2025-06-12 01:17:00,47.9
2025-06-12 20:33:00,82.0
2025-06-12 21:27:00,32.3
2025-06-12 08:39:00,50.16485882352941
2025-06-12 07:58:00,37.7
2025-06-12 00:51:00,77.7
2025-06-12 21:07:00,37.9
2025-06-12 20:53:00,35.5
2025-06-12 17:04:00,84.9
2025-06-12 08:44:00,41.5
2025-06-12 15:40:00,27.5
2025-06-12 16:02:00,31.1
2025-06-12 23:44:00,50.16485882352941
2025-06-12 18:26:00,73.7
2025-06-12 09:46:00,50.16485882352941
2025-06-12 05:57:00,50.16485882352941
2025-06-12 11:56:00,50.16485882352941
2025-06-12 18:15:00,31.0
2025-06-12 16:12:00,50.16485882352941
2025-06-12 04:45:00,64.9
2025-06-12 11:56:00,3.2
2025-06-12 09:00:00,14.9
2025-06-12 11:55:00,69.1
2025-06-12 11:40:00,56.0
2025-06-12 22:20:00,8.3
2025-06-12 21:03:00,16.0
2025-06-12 10:02:00,50.16485882352941
2025-06-12 02:08:00,97.6
2025-06-12 05:30:00,90.7
2025-06-12 08:49:00,4.4
2025-06-12 10:30:00,89.6
2025-06-12 00:13:00,32.5
2025-06-12 22:05:00,13.6
2025-06-12 01:05:00,64.2
2025-06-12 18:27:00,50.16485882352941
2025-06-12 10:17:00,12.1
2025-06-12 13:33:00,50.16485882352941
2025-06-12 13:07:00,50.16485882352941
2025-06-12 10:36:00,58.8
2025-06-12 22:49:00,30.5
2025-06-12 12:59:00,99.0
2025-06-12 04:43:00,78.5
2025-06-12 02:49:00,92.2
2025-06-12 22:31:00,83.1
2025-06-12 19:25:00,78.6
2025-06-12 03:10:00,13.2
2025-06-12 19:51:00,39.7
2025-06-12 06:16:00,50.16485882352941
2025-06-12 06:50:00,50.16485882352941
2025-06-12 07:34:00,77.5
2025-06-12 21:14:00,46.7
2025-06-12 08:34:00,9.5
2025-06-12 21:11:00,1.4
2025-06-12 09:59:00,55.5
2025-06-12 07:05:00,50.9
2025-06-12 20:19:00,49.7
2025-06-12 22:58:00,31.7
2025-06-12 14:36:00,49.40323484760014
2025-06-12 14:54:00,68.6
2025-06-12 09:39:00,25.7
2025-06-12 01:28:00,49.40323484760014
2025-06-12 17:56:00,49.40323484760014
2025-06-12 14:45:00,49.40323484760014
2025-06-12 16:35:00,9.0
2025-06-12 19:05:00,42.8
2025-06-12 19:22:00,52.6
2025-06-12 21:58:00,69.1
2025-06-12 06:43:00,91.4
2025-06-12 08:00:00,62.7
2025-06-12 08:32:00,45.0
2025-06-12 16:49:00,79.9
2025-06-12 04:38:00,33.0
2025-06-12 15:15:00,38.6
2025-06-12 22:58:00,49.40323484760014
2025-06-12 00:01:00,49.40323484760014
2025-06-12 21:08:00,53.4
2025-06-12 08:55:00,84.9
2025-06-12 17:54:00,68.6
2025-06-12 16:54:00,49.40323484760014
2025-06-12 03:36:00,70.3
2025-06-12 17:44:00,29.0
2025-06-12 22:23:00,49.40323484760014
2025-06-12 18:42:00,30.1
2025-06-12 23:25:00,85.4
2025-06-12 23:27:00,59.5
2025-06-12 05:24:00,49.40323484760014
2025-06-12 06:14:00,42.1
2025-06-12 04:56:00,76.0
2025-06-12 06:46:00,14.3
2025-06-12 22:38:00,68.8
2025-06-12 14:28:00,31.8
2025-06-12 09:28:00,33.8
2025-06-12 21:10:00,13.7
2025-06-12 02:39:00,11.0
2025-06-12 17:53:00,6.1
2025-06-12 09:03:00,52.5
2025-06-12 20:13:00,49.40323484760014
2025-06-12 21:06:00,49.40323484760014
2025-06-12 09:13:00,11.1
2025-06-12 05:59:00,50.6
2025-06-12 19:58:00,71.5
2025-06-12 17:50:00,11.8
2025-06-12 11:42:00,48.9
2025-06-12 12:56:00,77.9
2025-06-12 06:01:00,96.6
2025-06-12 04:37:00,40.7
2025-06-12 19:46:00,13.3
2025-06-12 11:10:00,16.6
2025-06-12 13:13:00,96.2
2025-06-12 17:10:00,49.40323484760014
2025-06-12 23:05:00,99.5
2025-06-12 03:28:00,91.3
2025-06-12 06:31:00,64.1
2025-06-12 01:41:00,48.2
2025-06-12 08:46:00,97.5
2025-06-12 14:18:00,22.7
2025-06-12 02:59:00,36.6
2025-06-12 13:50:00,95.5
2025-06-12 16:38:00,28.8
2025-06-12 04:26:00,15.9
2025-06-12 19:00:00,50.3
2025-06-12 00:05:00,70.3
2025-06-12 00:12:00,73.2
2025-06-12 14:55:00,49.40323484760014
2025-06-12 07:56:00,49.40323484760014
2025-06-12 01:44:00,97.8
2025-06-12 06:54:00,13.6
2025-06-12 21:25:00,45.3
2025-06-12 00:16:00,38.6
2025-06-12 13:04:00,56.1
2025-06-12 15:52:00,66.9
2025-06-12 08:08:00,61.3
2025-06-12 03:26:00,95.0
2025-06-12 20:15:00,53.4
2025-06-12 15:24:00,54.6
2025-06-12 03:50:00,88.2
2025-06-12 10:48:00,93.3
2025-06-12 11:14:00,98.1
2025-06-12 08:59:00,50.7
2025-06-12 09:32:00,44.5
2025-06-12 09:07:00,96.6
2025-06-12 21:24:00,39.4
2025-06-12 14:51:00,49.40323484760014
2025-06-12 04:58:00,34.1
2025-06-12 18:08:00,49.40323484760014
2025-06-12 09:53:00,51.2
2025-06-12 23:17:00,76.0
2025-06-12 19:40:00,85.9
2025-06-12 22:15:00,0.7
2025-06-12 08:33:00,81.3
2025-06-12 22:02:00,31.8
2025-06-12 07:32:00,54.7
2025-06-12 10:46:00,49.40323484760014
2025-06-12 20:04:00,72.6
2025-06-12 19:02:00,49.40323484760014
2025-06-12 03:28:00,49.40323484760014
2025-06-12 09:51:00,73.3
2025-06-12 16:03:00,35.7
2025-06-12 22:27:00,58.3
2025-06-12 08:00:00,33.8
2025-06-12 17:51:00,34.8
2025-06-12 01:09:00,79.5
2025-06-12 09:51:00,59.5
2025-06-12 01:56:00,81.0
2025-06-12 05:47:00,92.6
2025-06-12 01:10:00,55.3
2025-06-12 04:25:00,48.8
2025-06-12 22:03:00,62.9
2025-06-12 06:14:00,82.6
2025-06-12 09:18:00,83.4
2025-06-12 23:20:00,49.40323484760014
2025-06-12 11:39:00,70.0
2025-06-12 03:15:00,83.9
2025-06-12 01:04:00,49.40323484760014
2025-06-12 05:17:00,79.6
2025-06-12 00:05:00,13.2
2025-06-12 12:29:00,17.7
2025-06-12 15:35:00,9.7
2025-06-12 06:04:00,8.6
2025-06-12 10:14:00,13.2
2025-06-12 23:58:00,13.3
2025-06-12 01:46:00,64.4
2025-06-12 01:06:00,7.4
2025-06-12 12:37:00,49.1
2025-06-12 17:12:00,44.5
2025-06-12 14:34:00,75.2
2025-06-12 02:34:00,49.0
2025-06-12 09:18:00,12.7
2025-06-12 03:53:00,11.2
2025-06-12 01:33:00,54.4
2025-06-12 20:15:00,65.8
2025-06-12 22:50:00,59.4
2025-06-12 14:09:00,59.7
2025-06-12 08:15:00,61.3
2025-06-12 13:19:00,92.5
2025-06-12 17:23:00,59.5
2025-06-12 22:14:00,19.5
2025-06-12 17:32:00,43.0
2025-06-12 22:28:00,95.8
2025-06-12 14:06:00,49.40323484760014
2025-06-12 19:23:00,49.40323484760014
2025-06-12 08:17:00,42.4
2025-06-12 05:10:00,27.3
2025-06-12 05:50:00,31.3
2025-06-12 06:05:00,17.3
2025-06-12 00:29:00,68.1
2025-06-12 23:45:00,90.9
2025-06-12 19:05:00,3.3
2025-06-12 06:39:00,49.40323484760014
2025-06-12 10:32:00,59.9
2025-06-12 01:22:00,15.5
2025-06-12 08:50:00,6.3
2025-06-12 13:50:00,28.0
2025-06-12 14:11:00,49.40323484760014
2025-06-12 09:16:00,17.9
2025-06-12 12:01:00,33.5
2025-06-12 08:46:00,43.2
2025-06-12 19:21:00,33.7
2025-06-12 20:39:00,23.1
2025-06-12 03:37:00,23.6
2025-06-12 19:31:00,78.2
2025-06-12 17:47:00,49.40323484760014
2025-06-12 03:45:00,12.6
2025-06-12 22:10:00,16.0
2025-06-12 10:36:00,15.5
2025-06-12 09:23:00,6.3
2025-06-12 22:21:00,49.40323484760014
2025-06-12 15:39:00,20.2
2025-06-12 20:41:00,66.3
2025-06-12 04:35:00,70.5
2025-06-12 03:09:00,94.3
2025-06-12 03:26:00,91.2
2025-06-12 21:42:00,22.5
2025-06-12 21:33:00,52.7
2025-06-12 13:56:00,50.3
2025-06-12 08:55:00,4.5
2025-06-12 23:07:00,49.40323484760014
2025-06-12 00:54:00,11.2
2025-06-12 01:22:00,62.8
2025-06-12 04:52:00,87.5
2025-06-12 06:22:00,68.8
2025-06-12 15:19:00,55.4
2025-06-12 13:28:00,76.8
2025-06-12 04:17:00,47.9
2025-06-12 03:29:00,49.40323484760014
2025-06-12 09:45:00,48.6
2025-06-12 11:57:00,54.9
2025-06-12 21:46:00,14.3
2025-06-12 12:14:00,70.2
2025-06-12 10:00:00,47.7
2025-06-12 15:04:00,69.8
2025-06-12 13:18:00,38.1
2025-06-12 11:43:00,64.4
2025-06-12 09:08:00,42.3
2025-06-12 13:44:00,82.1
2025-06-12 06:50:00,86.1
2025-06-12 06:18:00,31.2
2025-06-12 21:19:00,31.6
2025-06-12 21:56:00,31.1
2025-06-12 02:32:00,39.8
2025-06-12 23:52:00,41.5
2025-06-12 14:16:00,18.1
2025-06-12 14:11:00,80.6
2025-06-12 01:24:00,69.1
2025-06-12 11:45:00,49.40323484760014
2025-06-12 01:05:00,76.2
2025-06-12 21:05:00,30.9
2025-06-12 04:16:00,53.3
2025-06-12 22:39:00,49.40323484760014
2025-06-12 11:12:00,64.2
2025-06-12 20:22:00,49.40323484760014
2025-06-12 19:41:00,1.3
2025-06-12 21:13:00,49.40323484760014
2025-06-12 12:02:00,49.40323484760014
2025-06-12 11:17:00,49.40323484760014
2025-06-12 10:28:00,14.1
2025-06-12 09:05:00,84.6
2025-06-12 14:24:00,16.0
2025-06-12 16:12:00,86.2
2025-06-12 20:14:00,6.0
2025-06-12 08:49:00,49.40323484760014
2025-06-12 06:56:00,35.8
2025-06-12 04:59:00,58.1
2025-06-12 20:23:00,49.40323484760014
2025-06-12 18:09:00,93.5
2025-06-12 15:30:00,3.9
2025-06-12 08:13:00,92.9
2025-06-12 09:44:00,94.0
2025-06-12 02:39:00,22.5
2025-06-12 21:18:00,77.2
2025-06-12 19:36:00,88.5
2025-06-12 17:38:00,73.8
2025-06-12 20:17:00,53.3
2025-06-12 05:11:00,47.1
2025-06-12 09:29:00,84.4
2025-06-12 12:05:00,49.40323484760014
2025-06-12 23:40:00,93.2
2025-06-12 09:32:00,19.0
2025-06-12 13:10:00,5.3
2025-06-12 22:14:00,41.1
2025-06-12 23:03:00,91.7
2025-06-12 13:15:00,7.4
2025-06-12 05:57:00,35.4
2025-06-12 06:25:00,77.5
2025-06-12 14:17:00,5.2
2025-06-12 00:50:00,69.6
2025-06-12 15:45:00,62.8
2025-06-12 23:42:00,70.5
2025-06-12 16:08:00,77.5
2025-06-12 11:18:00,24.9
2025-06-12 04:13:00,66.7
2025-06-12 01:47:00,49.8
2025-06-12 19:23:00,63.0
2025-06-12 23:22:00,49.40323484760014
2025-06-12 20:42:00,64.3
2025-06-12 16:08:00,8.3
2025-06-12 05:01:00,97.3
2025-06-12 10:25:00,51.7
2025-06-12 21:47:00,35.0
2025-06-12 03:28:00,48.6
2025-06-12 01:31:00,54.6
2025-06-12 15:16:00,21.1
2025-06-12 13:35:00,14.3
2025-06-12 13:51:00,33.7
2025-06-12 21:06:00,74.3
2025-06-12 00:40:00,86.7
2025-06-12 04:40:00,49.40323484760014
2025-06-12 03:42:00,27.7
2025-06-12 00:30:00,74.8
2025-06-12 18:41:00,83.4
2025-06-12 18:49:00,49.40323484760014
2025-06-12 15:13:00,65.8
2025-06-12 01:35:00,13.7
2025-06-12 07:48:00,49.40323484760014
2025-06-12 17:17:00,54.6
2025-06-12 11:35:00,66.1
2025-06-12 16:25:00,2.6
2025-06-12 22:34:00,86.4
2025-06-12 16:27:00,41.7
2025-06-12 14:55:00,1.3
2025-06-12 14:45:00,50.7
2025-06-12 19:55:00,29.5
2025-06-12 05:19:00,49.40323484760014
2025-06-12 13:47:00,50.4
2025-06-12 03:22:00,7.2
2025-06-12 07:06:00,57.4
2025-06-12 00:18:00,41.8
2025-06-12 17:26:00,58.0
2025-06-12 16:09:00,2.0
2025-06-12 12:27:00,18.8
2025-06-12 06:38:00,49.40323484760014
2025-06-12 07:42:00,21.4
2025-06-12 21:32:00,8.1
2025-06-12 05:42:00,50.6
2025-06-12 08:01:00,52.4
2025-06-12 11:58:00,20.1
2025-06-12 07:43:00,70.1
2025-06-12 16:24:00,48.0
2025-06-12 00:07:00,89.6
2025-06-12 04:17:00,80.6
2025-06-12 04:34:00,75.6
2025-06-12 00:44:00,38.6
2025-06-12 04:15:00,49.40323484760014
2025-06-12 02:09:00,24.7
2025-06-12 01:56:00,13.4
2025-06-12 17:53:00,22.6
2025-06-12 06:18:00,75.1
2025-06-12 12:18:00,51.7
2025-06-12 07:07:00,88.4
2025-06-12 11:55:00,63.8
2025-06-12 23:37:00,9.3
2025-06-12 16:24:00,95.9
2025-06-12 00:30:00,29.0
2025-06-12 23:54:00,39.8
2025-06-12 09:48:00,12.6
2025-06-12 12:18:00,26.3
2025-06-12 05:36:00,91.5
2025-06-12 17:20:00,50.400661703887515
2025-06-12 09:05:00,76.8
2025-06-12 19:03:00,50.400661703887515
2025-06-12 03:13:00,91.9
2025-06-12 08:50:00,56.0
2025-06-12 06:42:00,76.4
2025-06-12 08:22:00,56.1
2025-06-12 03:27:00,73.0
2025-06-12 04:52:00,27.4
2025-06-12 15:56:00,4.1
2025-06-12 05:52:00,75.6
2025-06-12 18:20:00,39.5
2025-06-12 02:20:00,8.4
2025-06-12 11:33:00,27.3
2025-06-12 23:02:00,99.2
2025-06-12 02:36:00,76.8
2025-06-12 23:45:00,93.4
2025-06-12 03:44:00,23.5
2025-06-12 16:34:00,8.0
2025-06-12 21:12:00,79.4
2025-06-12 11:07:00,0.5
2025-06-12 17:50:00,10.8
2025-06-12 23:45:00,52.3
2025-06-12 14:28:00,24.5
2025-06-12 00:41:00,50.400661703887515
2025-06-12 01:21:00,97.1
2025-06-12 09:23:00,23.1
2025-06-12 08:54:00,96.5
2025-06-12 06:38:00,50.400661703887515
2025-06-12 20:18:00,59.4
2025-06-12 20:08:00,3.6
2025-06-12 02:58:00,76.4
2025-06-12 05:22:00,12.0
2025-06-12 07:47:00,50.400661703887515
2025-06-12 22:57:00,71.6
2025-06-12 15:54:00,63.2
2025-06-12 10:10:00,27.2
2025-06-12 18:59:00,95.9
2025-06-12 21:17:00,22.5
2025-06-12 01:36:00,95.2
2025-06-12 19:27:00,39.4
2025-06-12 22:40:00,50.400661703887515
2025-06-12 03:13:00,40.5
2025-06-12 14:56:00,50.400661703887515
2025-06-12 11:10:00,97.9
2025-06-12 09:25:00,74.9
2025-06-12 21:19:00,16.8
2025-06-12 09:13:00,76.3
2025-06-12 22:25:00,91.4
2025-06-12 11:45:00,59.6
2025-06-12 05:19:00,92.2
2025-06-12 22:48:00,20.6
2025-06-12 03:58:00,26.2
2025-06-12 09:12:00,37.0
2025-06-12 06:23:00,88.0
2025-06-12 06:18:00,17.5
2025-06-12 01:20:00,61.6
2025-06-12 22:03:00,75.5
2025-06-12 13:15:00,47.1
2025-06-12 05:00:00,50.400661703887515
2025-06-12 03:22:00,53.9
2025-06-12 16:25:00,14.0
2025-06-12 13:11:00,75.9
2025-06-12 06:37:00,33.1
2025-06-12 13:03:00,50.400661703887515
2025-06-12 07:58:00,88.4
2025-06-12 09:06:00,50.400661703887515
2025-06-12 10:46:00,50.1
2025-06-12 12:17:00,50.400661703887515
2025-06-12 13:46:00,39.7
2025-06-12 14:55:00,66.4
2025-06-12 07:51:00,13.4
2025-06-12 11:25:00,28.9
2025-06-12 13:28:00,17.5
2025-06-12 22:07:00,50.400661703887515
2025-06-12 05:21:00,99.5
2025-06-12 04:39:00,52.2
2025-06-12 08:25:00,20.2
2025-06-12 11:43:00,50.400661703887515
2025-06-12 17:13:00,50.400661703887515
2025-06-12 10:37:00,48.0
2025-06-12 03:25:00,50.8
2025-06-12 13:23:00,70.9
2025-06-12 18:41:00,86.6
2025-06-12 17:01:00,37.4
2025-06-12 22:47:00,80.5
2025-06-12 05:54:00,65.3
2025-06-12 23:31:00,58.3
2025-06-12 11:58:00,18.2
2025-06-12 01:37:00,55.9
2025-06-12 07:46:00,46.0
2025-06-12 08:54:00,50.400661703887515
2025-06-12 20:41:00,97.9
2025-06-12 20:09:00,21.1
2025-06-12 12:21:00,21.9
2025-06-12 10:47:00,50.400661703887515
2025-06-12 05:31:00,36.7
2025-06-12 18:36:00,67.6
2025-06-12 04:51:00,91.7
2025-06-12 03:15:00,25.2
2025-06-12 13:29:00,44.2
2025-06-12 08:13:00,33.0
2025-06-12 12:01:00,33.0
2025-06-12 20:01:00,50.400661703887515
2025-06-12 15:48:00,43.2
2025-06-12 22:49:00,19.4
2025-06-12 23:00:00,81.4
2025-06-12 14:12:00,20.5
2025-06-12 03:37:00,16.6
2025-06-12 19:03:00,77.2
2025-06-12 23:02:00,50.400661703887515
2025-06-12 22:00:00,10.7
2025-06-12 02:12:00,54.0
2025-06-12 13:28:00,63.7
2025-06-12 07:21:00,24.6
2025-06-12 14:53:00,76.0
2025-06-12 06:23:00,12.1
2025-06-12 11:53:00,74.9
2025-06-12 01:12:00,86.5
2025-06-12 17:12:00,97.5
2025-06-12 10:46:00,49.2
2025-06-12 01:09:00,30.6
2025-06-12 04:14:00,50.400661703887515
2025-06-12 07:18:00,20.1
2025-06-12 15:48:00,67.4
2025-06-12 21:39:00,43.7
2025-06-12 13:23:00,86.0
2025-06-12 06:29:00,59.8
2025-06-12 05:59:00,6.1
2025-06-12 09:27:00,10.0
2025-06-12 14:51:00,11.7
2025-06-12 13:08:00,50.400661703887515
2025-06-12 07:59:00,84.0
2025-06-12 11:09:00,67.5
2025-06-12 02:18:00,83.6
2025-06-12 22:38:00,41.6
2025-06-12 22:56:00,27.7
2025-06-12 15:17:00,61.9
2025-06-12 01:11:00,99.1
2025-06-12 15:31:00,50.400661703887515
2025-06-12 21:27:00,50.400661703887515
2025-06-12 22:25:00,50.400661703887515
2025-06-12 21:13:00,42.0
2025-06-12 22:00:00,41.5
2025-06-12 03:39:00,34.9
2025-06-12 13:08:00,59.9
2025-06-12 10:52:00,55.0
2025-06-12 22:10:00,52.3
2025-06-12 03:10:00,50.400661703887515
2025-06-12 04:45:00,16.1
2025-06-12 09:40:00,14.7
2025-06-12 18:47:00,18.7
2025-06-12 21:11:00,11.0
2025-06-12 10:17:00,13.6
2025-06-12 13:25:00,26.3
2025-06-12 09:01:00,47.3
2025-06-12 21:19:00,53.6
2025-06-12 15:30:00,22.3
2025-06-12 07:43:00,47.9
2025-06-12 03:24:00,0.6
2025-06-12 11:06:00,65.3
2025-06-12 00:58:00,50.400661703887515
2025-06-12 05:49:00,27.9
2025-06-12 19:12:00,37.1
2025-06-12 05:41:00,52.2
2025-06-12 06:12:00,40.1
2025-06-12 21:38:00,64.3
2025-06-12 18:22:00,96.4
2025-06-12 10:22:00,68.3
2025-06-12 21:42:00,3.0
2025-06-12 04:54:00,31.7
2025-06-12 04:58:00,56.7
2025-06-12 05:16:00,59.2
2025-06-12 08:26:00,10.6
2025-06-12 13:33:00,74.7
2025-06-12 19:05:00,50.400661703887515
2025-06-12 11:58:00,34.7
2025-06-12 18:56:00,74.4
2025-06-12 10:52:00,67.7
2025-06-12 10:46:00,8.4
2025-06-12 12:06:00,85.8
2025-06-12 14:54:00,15.2
2025-06-12 14:00:00,34.0
2025-06-12 14:45:00,34.7
2025-06-12 07:14:00,15.5
2025-06-12 10:22:00,50.400661703887515
2025-06-12 00:13:00,17.0
2025-06-12 04:24:00,51.0
2025-06-12 00:14:00,82.5
2025-06-12 16:34:00,78.8
2025-06-12 23:25:00,40.7
2025-06-12 15:48:00,80.9
2025-06-12 11:06:00,22.6
2025-06-12 16:18:00,18.8
2025-06-12 09:29:00,88.8
2025-06-12 08:18:00,50.400661703887515
2025-06-12 00:01:00,54.0
2025-06-12 20:15:00,77.4
2025-06-12 23:54:00,15.3
2025-06-12 08:12:00,19.7
2025-06-12 06:28:00,83.1
2025-06-12 21:20:00,56.8
2025-06-12 18:06:00,31.1
2025-06-12 14:31:00,82.7
2025-06-12 02:50:00,27.6
2025-06-12 07:13:00,30.2
2025-06-12 17:13:00,18.5
2025-06-12 04:24:00,50.400661703887515
2025-06-12 09:56:00,91.7
2025-06-12 04:26:00,68.3
2025-06-12 10:54:00,51.9
2025-06-12 13:40:00,7.3
2025-06-12 17:02:00,66.1
2025-06-12 00:58:00,90.0
2025-06-12 15:19:00,50.400661703887515
2025-06-12 11:13:00,70.2
2025-06-12 04:47:00,93.1
2025-06-12 02:19:00,55.5
2025-06-12 01:41:00,50.400661703887515
2025-06-12 03:42:00,46.0
2025-06-12 00:19:00,53.9
2025-06-12 18:04:00,50.400661703887515
2025-06-12 16:29:00,61.7
2025-06-12 00:48:00,50.400661703887515
2025-06-12 13:21:00,90.9
2025-06-12 21:46:00,94.6
2025-06-12 19:52:00,50.400661703887515
2025-06-12 15:20:00,17.5
2025-06-12 15:13:00,48.4
2025-06-12 20:00:00,12.2
2025-06-12 16:03:00,50.400661703887515
2025-06-12 11:52:00,9.6
2025-06-12 16:22:00,20.1
2025-06-12 07:03:00,93.6
2025-06-12 14:37:00,68.9
2025-06-12 00:49:00,1.4
2025-06-12 21:21:00,36.8
2025-06-12 13:19:00,27.6
2025-06-12 06:38:00,51.0
2025-06-12 03:33:00,99.0
2025-06-12 08:27:00,55.9
2025-06-12 23:53:00,12.4
2025-06-12 20:48:00,70.3
2025-06-12 18:05:00,78.0
2025-06-12 03:41:00,41.2
2025-06-12 12:50:00,46.6
2025-06-12 07:51:00,75.8
2025-06-12 08:07:00,32.7
2025-06-12 20:14:00,50.400661703887515
2025-06-12 00:04:00,50.400661703887515
2025-06-12 02:01:00,50.400661703887515
2025-06-12 20:00:00,30.7
2025-06-12 02:23:00,19.7
2025-06-12 19:10:00,74.6
2025-06-12 09:44:00,50.400661703887515
2025-06-12 03:09:00,46.8
2025-06-12 03:02:00,36.2
2025-06-12 19:15:00,81.1
2025-06-12 16:55:00,63.0
2025-06-12 22:28:00,23.0
2025-06-12 12:58:00,50.400661703887515
2025-06-12 01:01:00,50.400661703887515
2025-06-12 18:02:00,82.9
2025-06-12 16:08:00,50.400661703887515
2025-06-12 09:53:00,2.1
2025-06-12 13:07:00,50.400661703887515
2025-06-12 10:41:00,68.7
2025-06-12 12:21:00,29.8
2025-06-12 23:53:00,40.3
2025-06-12 04:56:00,45.8
2025-06-12 15:38:00,50.400661703887515
2025-06-12 12:46:00,46.2
2025-06-12 06:32:00,82.7
2025-06-12 08:57:00,0.0
2025-06-12 12:01:00,51.6
2025-06-12 18:50:00,56.9
2025-06-12 22:17:00,4.5
2025-06-12 06:06:00,89.5
2025-06-12 03:08:00,94.5
2025-06-12 00:24:00,64.5
2025-06-12 05:15:00,85.3
2025-06-12 04:42:00,33.1
2025-06-12 07:39:00,77.2
2025-06-12 10:04:00,71.5
2025-06-12 15:28:00,29.3
2025-06-12 18:33:00,21.9
2025-06-12 01:20:00,81.0
2025-06-12 01:42:00,10.1
2025-06-12 16:57:00,59.9
2025-06-12 05:58:00,40.9
2025-06-12 06:31:00,50.400661703887515
2025-06-12 18:28:00,9.2
2025-06-12 19:14:00,20.0
2025-06-12 19:25:00,39.3
2025-06-12 10:12:00,2.6
2025-06-12 01:37:00,92.1
2025-06-12 07:15:00,10.7
2025-06-12 16:46:00,82.9
2025-06-12 07:38:00,15.5
2025-06-12 04:50:00,52.2
2025-06-12 09:39:00,15.9
2025-06-12 11:00:00,52.4
2025-06-12 21:10:00,14.1
2025-06-12 13:44:00,50.400661703887515
2025-06-12 20:18:00,89.8
2025-06-12 21:40:00,73.9
2025-06-12 07:59:00,24.0
2025-06-12 02:04:00,50.400661703887515
2025-06-12 11:18:00,63.0
2025-06-12 18:22:00,99.2
2025-06-12 17:34:00,3.3
2025-06-12 18:30:00,37.7
2025-06-12 09:06:00,63.3
2025-06-12 01:07:00,73.4
2025-06-12 11:43:00,23.3
2025-06-12 15:13:00,73.9
2025-06-12 01:30:00,3.1
2025-06-12 22:45:00,33.5
2025-06-12 08:53:00,19.6
2025-06-12 02:27:00,50.400661703887515
2025-06-12 06:57:00,97.7
2025-06-12 22:26:00,56.2
2025-06-12 18:02:00,32.2
2025-06-12 07:39:00,29.4
2025-06-12 04:31:00,84.9
2025-06-12 06:08:00,24.2
2025-06-12 09:04:00,62.9
2025-06-12 22:27:00,11.3
2025-06-12 10:56:00,50.400661703887515
2025-06-12 08:22:00,64.4
2025-06-12 11:55:00,93.4
2025-06-12 12:59:00,41.5
2025-06-12 03:32:00,49.84418741885991
2025-06-12 06:54:00,1.0
2025-06-12 15:39:00,19.0
2025-06-12 04:16:00,48.9
2025-06-12 15:19:00,1.4
2025-06-12 06:33:00,82.2
2025-06-12 20:45:00,49.84418741885991
2025-06-12 01:48:00,94.1
2025-06-12 17:55:00,14.5
2025-06-12 02:31:00,46.1
2025-06-12 08:05:00,13.5
2025-06-12 00:33:00,27.4
2025-06-12 10:57:00,84.1
2025-06-12 20:59:00,49.84418741885991
2025-06-12 14:46:00,82.9
2025-06-12 03:47:00,7.4
2025-06-12 03:08:00,49.84418741885991
2025-06-12 22:50:00,49.84418741885991
2025-06-12 06:14:00,6.9
2025-06-12 22:44:00,83.4
2025-06-12 06:59:00,91.0
2025-06-12 15:10:00,2.4
2025-06-12 21:39:00,30.6
2025-06-12 19:08:00,90.7
2025-06-12 07:55:00,32.3
2025-06-12 22:48:00,54.6
2025-06-12 19:39:00,74.8
2025-06-12 01:13:00,49.84418741885991
2025-06-12 20:14:00,49.84418741885991
2025-06-12 03:10:00,62.3
2025-06-12 17:36:00,49.84418741885991
2025-06-12 23:21:00,76.9
2025-06-12 19:44:00,37.9
2025-06-12 03:51:00,80.0
2025-06-12 17:44:00,2.4
2025-06-12 07:11:00,32.9
2025-06-12 08:02:00,66.9
2025-06-12 08:58:00,95.1
2025-06-12 05:56:00,22.9
2025-06-12 20:56:00,73.8
2025-06-12 06:58:00,98.8
2025-06-12 06:11:00,50.0
2025-06-12 16:04:00,68.6
2025-06-12 13:59:00,92.1
2025-06-12 00:50:00,64.8
2025-06-12 09:54:00,74.0
2025-06-12 21:31:00,23.3
2025-06-12 13:15:00,1.6
2025-06-12 20:31:00,43.9
2025-06-12 10:46:00,65.4
2025-06-12 08:36:00,28.0
2025-06-12 14:24:00,23.0
2025-06-12 14:31:00,86.0
2025-06-12 22:11:00,26.0
2025-06-12 16:41:00,49.84418741885991
2025-06-12 01:08:00,34.5
2025-06-12 17:38:00,55.7
2025-06-12 11:46:00,72.5
2025-06-12 13:49:00,39.9
2025-06-12 06:25:00,62.0
2025-06-12 23:46:00,23.3
2025-06-12 09:46:00,86.5
2025-06-12 05:24:00,9.5
2025-06-12 20:59:00,83.9
2025-06-12 10:46:00,74.0
2025-06-12 22:16:00,66.6
2025-06-12 17:53:00,0.5
2025-06-12 19:59:00,57.6
2025-06-12 11:33:00,4.4
2025-06-12 08:26:00,27.9
2025-06-12 11:42:00,32.9
2025-06-12 07:17:00,14.2
2025-06-12 19:04:00,53.6
2025-06-12 13:02:00,41.2
2025-06-12 05:52:00,71.6
2025-06-12 03:02:00,81.8
2025-06-12 20:18:00,92.8
2025-06-12 06:58:00,26.3
2025-06-12 04:29:00,93.1
2025-06-12 14:14:00,49.84418741885991
2025-06-12 01:32:00,49.84418741885991
2025-06-12 19:02:00,49.84418741885991
2025-06-12 23:24:00,9.9
2025-06-12 19:27:00,46.0
2025-06-12 20:53:00,50.2
2025-06-12 15:37:00,49.84418741885991
2025-06-12 09:42:00,96.0
2025-06-12 23:34:00,37.3
2025-06-12 02:01:00,88.6
2025-06-12 22:00:00,46.0
2025-06-12 05:40:00,49.84418741885991
2025-06-12 11:46:00,73.2
2025-06-12 00:10:00,9.0
2025-06-12 06:08:00,49.84418741885991
2025-06-12 18:32:00,92.7
2025-06-12 09:08:00,91.8
2025-06-12 07:46:00,11.4
2025-06-12 08:07:00,57.5
2025-06-12 11:08:00,64.9
2025-06-12 05:08:00,47.0
2025-06-12 04:32:00,49.84418741885991
2025-06-12 07:28:00,94.4
2025-06-12 09:59:00,64.3
2025-06-12 12:27:00,54.0
2025-06-12 16:40:00,49.84418741885991
2025-06-12 02:52:00,32.3
2025-06-12 12:34:00,19.1
2025-06-12 07:27:00,56.9
2025-06-12 11:21:00,47.0
2025-06-12 14:39:00,49.84418741885991
2025-06-12 06:17:00,26.3
2025-06-12 00:46:00,4.4
2025-06-12 06:36:00,98.7
2025-06-12 21:57:00,44.3
2025-06-12 16:29:00,3.2
2025-06-12 00:33:00,84.6
2025-06-12 20:52:00,14.1
2025-06-12 14:11:00,88.2
2025-06-12 07:34:00,68.7
2025-06-12 05:21:00,73.6
2025-06-12 13:55:00,49.84418741885991
2025-06-12 09:18:00,5.8
2025-06-12 01:04:00,30.4
2025-06-12 01:11:00,82.3
2025-06-12 15:18:00,49.84418741885991
2025-06-12 02:54:00,43.5
2025-06-12 11:06:00,9.9
2025-06-12 03:22:00,0.0
2025-06-12 09:18:00,25.9
2025-06-12 14:25:00,95.4
2025-06-12 03:27:00,93.8
2025-06-12 03:39:00,49.84418741885991
2025-06-12 00:11:00,43.6
2025-06-12 20:44:00,68.2
2025-06-12 12:36:00,28.6
2025-06-12 09:17:00,16.5
2025-06-12 06:31:00,13.1
2025-06-12 11:19:00,40.1
2025-06-12 16:02:00,78.8
2025-06-12 09:38:00,11.0
2025-06-12 13:17:00,40.0
2025-06-12 02:26:00,28.9
2025-06-12 01:41:00,92.8
2025-06-12 13:22:00,94.4
2025-06-12 10:12:00,40.8
2025-06-12 09:57:00,78.8
2025-06-12 02:57:00,56.2
2025-06-12 17:44:00,92.6
2025-06-12 11:56:00,0.3
2025-06-12 22:10:00,76.5
2025-06-12 13:30:00,49.2
2025-06-12 06:16:00,31.9
2025-06-12 17:58:00,26.3
2025-06-12 16:36:00,66.6
2025-06-12 19:01:00,64.2
2025-06-12 14:59:00,49.84418741885991
2025-06-12 03:33:00,95.4
2025-06-12 21:29:00,95.4
2025-06-12 06:29:00,82.0
2025-06-12 06:45:00,47.9
2025-06-12 11:27:00,52.6
2025-06-12 19:39:00,49.84418741885991
2025-06-12 23:34:00,65.5
2025-06-12 07:00:00,49.84418741885991
2025-06-12 23:57:00,24.4
2025-06-12 12:05:00,49.84418741885991
2025-06-12 11:57:00,85.7
2025-06-12 21:23:00,19.5
2025-06-12 07:06:00,33.5
2025-06-12 19:32:00,68.1
2025-06-12 01:57:00,47.3
2025-06-12 08:07:00,52.7
2025-06-12 13:01:00,63.9
2025-06-12 01:10:00,7.6
2025-06-12 00:32:00,94.8
2025-06-12 17:40:00,99.8
2025-06-12 13:46:00,57.5
2025-06-12 03:11:00,76.7
2025-06-12 03:51:00,61.8
2025-06-12 11:41:00,60.4
2025-06-12 15:09:00,88.1
2025-06-12 07:41:00,10.5
2025-06-12 08:49:00,34.0
2025-06-12 05:40:00,35.0
2025-06-12 15:44:00,96.2
2025-06-12 06:25:00,49.84418741885991
2025-06-12 06:14:00,39.3
2025-06-12 17:17:00,44.4
2025-06-12 19:06:00,20.2
2025-06-12 05:38:00,67.4
2025-06-12 17:52:00,49.84418741885991
2025-06-12 10:33:00,76.8
2025-06-12 16:35:00,71.7
2025-06-12 01:45:00,51.9
2025-06-12 23:26:00,20.3
2025-06-12 17:17:00,85.4
2025-06-12 16:03:00,17.8
2025-06-12 10:44:00,33.9
2025-06-12 14:14:00,33.5
2025-06-12 18:57:00,49.84418741885991
2025-06-12 01:31:00,67.6
2025-06-12 18:38:00,55.4
2025-06-12 22:33:00,49.84418741885991
2025-06-12 02:50:00,54.3
2025-06-12 16:33:00,49.84418741885991
2025-06-12 13:55:00,31.3
2025-06-12 05:52:00,49.84418741885991
2025-06-12 16:32:00,0.6
2025-06-12 23:20:00,10.7
2025-06-12 19:21:00,7.6
2025-06-12 08:41:00,8.0
2025-06-12 19:06:00,49.84418741885991
2025-06-12 13:36:00,66.3
2025-06-12 22:12:00,65.9
2025-06-12 18:15:00,81.5
2025-06-12 08:36:00,33.1
2025-06-12 15:15:00,49.84418741885991
2025-06-12 11:02:00,77.8
2025-06-12 23:00:00,52.7
2025-06-12 08:38:00,92.9
2025-06-12 20:07:00,58.5
2025-06-12 03:23:00,22.4
2025-06-12 15:24:00,75.4
2025-06-12 14:31:00,98.0
2025-06-12 05:57:00,60.1
2025-06-12 13:37:00,51.1
2025-06-12 19:13:00,25.4
2025-06-12 18:29:00,13.2
2025-06-12 13:24:00,90.8
2025-06-12 02:13:00,49.84418741885991
2025-06-12 15:57:00,99.8
2025-06-12 16:00:00,49.84418741885991
2025-06-12 22:51:00,72.4
2025-06-12 21:22:00,52.2
2025-06-12 07:15:00,63.7
2025-06-12 14:49:00,37.7
2025-06-12 12:22:00,67.9
2025-06-12 22:54:00,13.1
2025-06-12 10:29:00,2.1
2025-06-12 00:45:00,49.84418741885991
2025-06-12 11:55:00,12.3
2025-06-12 23:47:00,49.84418741885991
2025-06-12 18:06:00,73.9
2025-06-12 14:03:00,75.9
2025-06-12 10:58:00,25.6
2025-06-12 06:27:00,46.3
2025-06-12 02:54:00,3.7
2025-06-12 23:35:00,62.1
2025-06-12 06:31:00,47.2
2025-06-12 12:18:00,35.9
2025-06-12 15:49:00,53.4
2025-06-12 21:10:00,60.7
2025-06-12 19:47:00,49.84418741885991
2025-06-12 21:22:00,45.7
2025-06-12 06:26:00,49.84418741885991
2025-06-12 22:34:00,77.2
2025-06-12 05:54:00,66.4
2025-06-12 01:21:00,96.9
2025-06-12 22:26:00,75.4
2025-06-12 20:33:00,30.9
2025-06-12 17:25:00,68.4
2025-06-12 22:45:00,35.6
2025-06-12 02:43:00,38.7
2025-06-12 09:34:00,63.2
2025-06-12 13:12:00,95.1
2025-06-12 20:11:00,29.1
2025-06-12 01:57:00,28.7
2025-06-12 16:16:00,13.8
2025-06-12 06:34:00,37.1
2025-06-12 22:07:00,13.2
2025-06-12 05:32:00,2.0
2025-06-12 12:29:00,32.3
2025-06-12 05:27:00,96.3
2025-06-12 00:34:00,49.84418741885991
2025-06-12 06:41:00,35.1
2025-06-12 19:43:00,20.5
2025-06-12 08:19:00,42.3
2025-06-12 23:08:00,7.3
2025-06-12 04:23:00,29.6
2025-06-12 02:33:00,26.4
2025-06-12 16:34:00,49.84418741885991
2025-06-12 17:50:00,74.6
2025-06-12 21:13:00,52.6
2025-06-12 05:43:00,86.7
2025-06-12 17:31:00,7.8
2025-06-12 09:31:00,10.7
2025-06-12 06:27:00,26.8
2025-06-12 14:14:00,24.4
2025-06-12 00:56:00,55.0
2025-06-12 00:08:00,3.9
2025-06-12 19:00:00,22.9
2025-06-12 18:18:00,49.84418741885991
2025-06-12 16:22:00,35.7
2025-06-12 18:23:00,44.4
2025-06-12 18:27:00,55.2
2025-06-12 16:04:00,96.3
2025-06-12 03:26:00,28.1
2025-06-12 02:53:00,52.9
2025-06-12 09:05:00,54.6
2025-06-12 22:56:00,77.2
2025-06-12 14:04:00,34.0
2025-06-12 14:56:00,96.6
2025-06-12 01:06:00,14.2
2025-06-12 16:16:00,11.3
2025-06-12 10:46:00,65.0
2025-06-12 01:37:00,32.3
2025-06-12 05:07:00,98.1
2025-06-12 02:39:00,38.9
2025-06-12 06:20:00,57.9
2025-06-12 10:50:00,49.84418741885991
2025-06-12 12:31:00,59.9
2025-06-12 01:32:00,43.5
2025-06-12 14:33:00,14.0
2025-06-12 01:14:00,29.3
2025-06-12 18:20:00,94.7
2025-06-12 07:43:00,94.0
2025-06-12 06:28:00,53.7
2025-06-12 05:54:00,89.9
2025-06-12 15:51:00,32.7
2025-06-12 09:51:00,14.0
2025-06-12 07:58:00,64.1
2025-06-12 04:16:00,58.4
2025-06-12 18:59:00,0.6
2025-06-12 18:18:00,58.4
2025-06-12 14:50:00,67.8
2025-06-12 20:01:00,58.5
2025-06-12 06:13:00,3.0
2025-06-12 12:59:00,46.2
2025-06-12 08:01:00,75.6
2025-06-12 21:10:00,18.7
2025-06-12 11:48:00,5.0
2025-06-12 04:37:00,40.1
2025-06-12 13:25:00,59.7
2025-06-12 04:10:00,6.5
2025-06-12 19:06:00,28.0
2025-06-12 04:31:00,61.4
2025-06-12 02:17:00,50.31892714921527
2025-06-12 08:56:00,89.8
2025-06-12 15:39:00,10.0
2025-06-12 04:51:00,54.5
2025-06-12 07:24:00,0.8
2025-06-12 04:19:00,23.2
2025-06-12 01:04:00,65.7
2025-06-12 10:22:00,50.31892714921527
2025-06-12 09:41:00,50.31892714921527
2025-06-12 22:14:00,84.6
2025-06-12 14:31:00,61.6
2025-06-12 22:24:00,4.7
2025-06-12 03:56:00,89.3
2025-06-12 18:14:00,50.31892714921527
2025-06-12 08:30:00,50.31892714921527
2025-06-12 18:00:00,46.8
2025-06-12 13:01:00,94.1
2025-06-12 07:32:00,37.4
2025-06-12 02:46:00,83.4
2025-06-12 06:37:00,64.0
2025-06-12 22:59:00,5.3
2025-06-12 11:49:00,62.1
2025-06-12 17:19:00,50.2
2025-06-12 15:39:00,37.0
2025-06-12 03:56:00,35.2
2025-06-12 10:27:00,32.0
2025-06-12 10:59:00,11.0
2025-06-12 18:32:00,10.0
2025-06-12 06:36:00,66.1
2025-06-12 01:21:00,64.9
2025-06-12 04:43:00,66.1
2025-06-12 16:32:00,62.5
2025-06-12 11:32:00,26.9
2025-06-12 15:36:00,78.6
2025-06-12 05:12:00,19.1
2025-06-12 18:18:00,50.0
2025-06-12 13:31:00,50.31892714921527
2025-06-12 01:30:00,94.9
2025-06-12 08:59:00,26.4
2025-06-12 17:42:00,57.4
2025-06-12 21:13:00,37.8
2025-06-12 08:05:00,60.7
2025-06-12 13:21:00,74.3
2025-06-12 19:03:00,6.7
2025-06-12 03:22:00,83.6
2025-06-12 19:15:00,50.31892714921527
2025-06-12 20:44:00,43.1
2025-06-12 17:28:00,93.3
2025-06-12 11:17:00,44.3
2025-06-12 03:10:00,24.5
2025-06-12 03:11:00,41.2
2025-06-12 01:35:00,50.31892714921527
2025-06-12 14:03:00,88.1
2025-06-12 01:06:00,73.0
2025-06-12 09:29:00,70.9
2025-06-12 00:47:00,17.5
2025-06-12 01:12:00,16.8
2025-06-12 05:16:00,90.7
2025-06-12 02:28:00,35.7
2025-06-12 04:36:00,33.6
2025-06-12 00:41:00,61.0
2025-06-12 21:39:00,61.2
2025-06-12 10:55:00,67.8
2025-06-12 20:22:00,59.2
2025-06-12 00:57:00,21.0
2025-06-12 14:18:00,67.2
2025-06-12 21:11:00,78.6
2025-06-12 23:41:00,51.5
2025-06-12 18:15:00,56.9
2025-06-12 12:45:00,63.1
2025-06-12 14:27:00,46.6
2025-06-12 15:19:00,25.5
2025-06-12 14:03:00,0.5
2025-06-12 08:39:00,73.7
2025-06-12 11:13:00,71.0
2025-06-12 09:45:00,50.31892714921527
2025-06-12 00:26:00,3.1
2025-06-12 03:18:00,4.1
2025-06-12 11:30:00,56.0
2025-06-12 13:29:00,94.7
2025-06-12 05:05:00,61.9
2025-06-12 01:46:00,83.0
2025-06-12 04:42:00,14.1
2025-06-12 08:41:00,50.31892714921527
2025-06-12 21:20:00,32.5
2025-06-12 04:20:00,6.6
2025-06-12 03:21:00,70.6
2025-06-12 18:16:00,91.9
2025-06-12 18:46:00,58.3
2025-06-12 10:09:00,50.31892714921527
2025-06-12 19:43:00,60.1
2025-06-12 14:41:00,85.8
2025-06-12 02:29:00,62.3
2025-06-12 02:07:00,89.1
2025-06-12 11:00:00,74.0
2025-06-12 01:29:00,64.0
2025-06-12 15:28:00,93.9
2025-06-12 02:55:00,5.1
2025-06-12 15:48:00,28.4
2025-06-12 09:39:00,49.9
2025-06-12 22:35:00,15.7
2025-06-12 06:51:00,23.1
2025-06-12 10:12:00,50.31892714921527
2025-06-12 01:47:00,58.2
2025-06-12 01:06:00,20.7
2025-06-12 08:16:00,80.9
2025-06-12 03:23:00,61.9
2025-06-12 08:31:00,38.0
2025-06-12 09:26:00,98.2
2025-06-12 16:15:00,71.4
2025-06-12 12:30:00,95.6
2025-06-12 15:54:00,80.8
2025-06-12 00:24:00,24.3
2025-06-12 20:10:00,84.2
2025-06-12 20:45:00,42.9
2025-06-12 05:33:00,12.9
2025-06-12 00:02:00,50.31892714921527
2025-06-12 10:01:00,96.5
2025-06-12 20:00:00,26.3
2025-06-12 01:07:00,50.31892714921527
2025-06-12 16:05:00,24.7
2025-06-12 05:07:00,55.4
2025-06-12 12:41:00,67.1
2025-06-12 12:20:00,44.7
2025-06-12 19:14:00,4.1
2025-06-12 22:39:00,27.2
2025-06-12 02:23:00,8.7
2025-06-12 10:16:00,49.5
2025-06-12 17:02:00,86.4
2025-06-12 05:37:00,8.6
2025-06-12 03:17:00,15.8
2025-06-12 20:42:00,65.8
2025-06-12 14:40:00,50.31892714921527
2025-06-12 01:05:00,74.3
2025-06-12 00:34:00,99.8
2025-06-12 20:10:00,99.7
2025-06-12 17:02:00,28.3
2025-06-12 13:20:00,92.1
2025-06-12 06:14:00,63.8
2025-06-12 15:26:00,50.31892714921527
2025-06-12 03:16:00,6.4
2025-06-12 11:34:00,50.31892714921527
2025-06-12 03:35:00,39.7
2025-06-12 16:12:00,74.7
2025-06-12 05:51:00,5.4
2025-06-12 19:04:00,36.0
2025-06-12 10:47:00,50.4
2025-06-12 19:27:00,10.3
2025-06-12 11:44:00,50.31892714921527
2025-06-12 17:59:00,50.31892714921527
2025-06-12 08:18:00,51.9
2025-06-12 02:06:00,69.7
2025-06-12 14:29:00,55.4
2025-06-12 03:33:00,74.9
2025-06-12 07:07:00,92.6
2025-06-12 15:05:00,49.8
2025-06-12 18:49:00,80.4
2025-06-12 03:50:00,83.2
2025-06-12 21:03:00,34.8
2025-06-12 09:09:00,37.4
2025-06-12 01:21:00,59.9
2025-06-12 13:29:00,44.2
2025-06-12 08:47:00,8.6
2025-06-12 17:34:00,68.1
2025-06-12 01:22:00,75.9
2025-06-12 18:16:00,44.9
2025-06-12 20:18:00,50.31892714921527
2025-06-12 17:42:00,57.9
2025-06-12 19:29:00,0.9
2025-06-12 04:17:00,87.3
2025-06-12 07:29:00,54.4
2025-06-12 06:39:00,37.0
2025-06-12 04:51:00,56.6
2025-06-12 23:20:00,92.2
2025-06-12 05:40:00,41.4
2025-06-12 04:12:00,49.3
2025-06-12 19:37:00,64.0
2025-06-12 20:42:00,92.0
2025-06-12 10:23:00,91.8
2025-06-12 03:37:00,46.8
2025-06-12 04:56:00,76.6
2025-06-12 09:35:00,50.31892714921527
2025-06-12 17:45:00,72.3
2025-06-12 13:20:00,42.3
2025-06-12 04:43:00,50.31892714921527
2025-06-12 05:43:00,53.7
2025-06-12 14:40:00,32.1
2025-06-12 01:03:00,90.8
2025-06-12 00:55:00,57.8
2025-06-12 11:28:00,74.3
2025-06-12 09:38:00,21.5
2025-06-12 21:42:00,99.7
2025-06-12 13:53:00,59.3
2025-06-12 03:34:00,32.4
2025-06-12 12:16:00,26.1
2025-06-12 11:04:00,50.31892714921527
2025-06-12 06:28:00,53.3
2025-06-12 14:19:00,45.6
2025-06-12 18:23:00,4.9
2025-06-12 04:05:00,68.8
2025-06-12 20:56:00,50.9
2025-06-12 16:37:00,23.0
2025-06-12 17:21:00,7.1
2025-06-12 15:59:00,28.2
2025-06-12 13:37:00,59.5
2025-06-12 00:13:00,86.5
2025-06-12 14:45:00,69.9
2025-06-12 19:57:00,50.31892714921527
2025-06-12 18:27:00,59.4
2025-06-12 08:17:00,68.5
2025-06-12 10:44:00,50.31892714921527
2025-06-12 08:51:00,50.31892714921527
2025-06-12 08:32:00,93.9
2025-06-12 15:35:00,93.8
2025-06-12 06:54:00,50.31892714921527
2025-06-12 06:11:00,56.8
2025-06-12 13:35:00,29.9
2025-06-12 01:07:00,37.3
2025-06-12 21:41:00,97.8
2025-06-12 03:32:00,50.31892714921527
2025-06-12 03:55:00,7.2
2025-06-12 08:27:00,40.0
2025-06-12 18:30:00,8.9
2025-06-12 23:17:00,77.0
2025-06-12 02:22:00,63.8
2025-06-12 21:18:00,24.6
2025-06-12 08:56:00,58.5
2025-06-12 15:19:00,50.31892714921527
2025-06-12 07:06:00,50.31892714921527
2025-06-12 13:17:00,54.1
2025-06-12 13:22:00,85.3
2025-06-12 10:30:00,86.6
2025-06-12 07:55:00,50.31892714921527
2025-06-12 20:53:00,50.31892714921527
2025-06-12 04:22:00,13.3
2025-06-12 00:22:00,71.6
2025-06-12 15:31:00,92.3
2025-06-12 02:22:00,24.3
2025-06-12 17:00:00,67.3
2025-06-12 18:35:00,30.4
2025-06-12 06:10:00,50.31892714921527
2025-06-12 03:08:00,1.9
2025-06-12 04:41:00,70.7
2025-06-12 06:55:00,71.7
2025-06-12 01:59:00,50.31892714921527
2025-06-12 15:38:00,45.2
2025-06-12 10:35:00,50.31892714921527
2025-06-12 14:05:00,41.8
2025-06-12 19:39:00,61.7
2025-06-12 16:54:00,46.7
2025-06-12 11:34:00,67.6
2025-06-12 13:21:00,58.4
2025-06-12 13:00:00,45.5
2025-06-12 21:33:00,91.5
2025-06-12 15:17:00,50.31892714921527
2025-06-12 16:16:00,95.6
2025-06-12 08:27:00,45.2
2025-06-12 18:58:00,62.3
2025-06-12 12:33:00,87.3
2025-06-12 00:46:00,97.3
2025-06-12 06:32:00,61.8
2025-06-12 02:22:00,35.5
2025-06-12 20:38:00,12.6
2025-06-12 01:14:00,36.4
2025-06-12 11:00:00,56.0
2025-06-12 10:04:00,43.2
2025-06-12 08:44:00,4.0
2025-06-12 22:59:00,75.6
2025-06-12 23:13:00,17.4
2025-06-12 11:54:00,31.6
2025-06-12 14:45:00,50.2
2025-06-12 07:10:00,12.6
2025-06-12 19:36:00,63.6
2025-06-12 20:18:00,4.9
2025-06-12 02:53:00,50.31892714921527
2025-06-12 20:11:00,50.31892714921527
2025-06-12 03:14:00,98.3
2025-06-12 08:58:00,12.3
2025-06-12 15:51:00,14.6
2025-06-12 15:19:00,57.5
2025-06-12 05:31:00,40.5
2025-06-12 10:00:00,15.6
2025-06-12 01:53:00,60.9
2025-06-12 07:29:00,30.1
2025-06-12 10:15:00,91.7
2025-06-12 06:37:00,60.6
2025-06-12 00:39:00,98.3
2025-06-12 05:47:00,97.8
2025-06-12 16:13:00,77.0
2025-06-12 04:34:00,29.0
2025-06-12 18:50:00,50.31892714921527
2025-06-12 11:22:00,88.6
2025-06-12 05:16:00,17.5
2025-06-12 04:40:00,24.7
2025-06-12 11:34:00,14.1
2025-06-12 15:32:00,1.8
2025-06-12 16:25:00,41.3
2025-06-12 17:47:00,10.2
2025-06-12 19:29:00,50.31892714921527
2025-06-12 00:52:00,52.2
2025-06-12 14:12:00,30.9
2025-06-12 00:06:00,33.6
2025-06-12 03:48:00,95.7
2025-06-12 11:36:00,64.2
2025-06-12 14:09:00,43.7
2025-06-12 16:54:00,86.2
2025-06-12 22:52:00,68.4
2025-06-12 03:16:00,50.31892714921527
2025-06-12 06:06:00,50.31892714921527
2025-06-12 22:12:00,11.3
2025-06-12 00:25:00,50.31892714921527
2025-06-12 21:57:00,33.0
2025-06-12 14:20:00,41.9
2025-06-12 18:40:00,25.7
2025-06-12 21:54:00,62.9
2025-06-12 14:19:00,87.9
2025-06-12 23:50:00,36.5
2025-06-12 07:36:00,27.5
2025-06-12 17:09:00,9.6
2025-06-12 15:55:00,19.0
2025-06-12 06:30:00,54.9
2025-06-12 02:11:00,55.4
2025-06-12 11:31:00,68.1
2025-06-12 22:08:00,52.4
2025-06-12 23:14:00,98.1
2025-06-12 01:37:00,60.6
2025-06-12 19:49:00,46.6
2025-06-12 03:20:00,45.1
2025-06-12 07:53:00,83.9
2025-06-12 11:22:00,14.4
2025-06-12 22:00:00,51.6
2025-06-12 23:40:00,50.31892714921527
2025-06-12 14:51:00,53.4
2025-06-12 23:15:00,54.2
2025-06-12 13:03:00,50.31892714921527
2025-06-12 11:53:00,91.3
2025-06-12 12:49:00,68.9
2025-06-12 23:20:00,15.0
2025-06-12 19:13:00,7.5
2025-06-12 18:35:00,17.0
2025-06-12 17:30:00,78.4
2025-06-12 22:53:00,50.31892714921527
2025-06-12 16:01:00,76.6
2025-06-12 19:23:00,19.1
2025-06-12 09:39:00,95.3
2025-06-12 16:11:00,6.5
2025-06-12 01:51:00,67.3
2025-06-12 22:50:00,64.2
2025-06-12 03:46:00,69.0
2025-06-12 03:51:00,50.31892714921527
2025-06-12 01:12:00,27.2
2025-06-12 10:21:00,26.8
2025-06-12 01:59:00,50.31892714921527
2025-06-12 01:30:00,24.8
2025-06-12 11:18:00,36.5
2025-06-12 15:08:00,1.1
2025-06-12 23:05:00,50.9
2025-06-12 11:38:00,25.6
2025-06-12 19:16:00,96.0
2025-06-12 19:58:00,99.4
2025-06-12 01:00:00,42.7
2025-06-12 06:33:00,57.1
2025-06-12 14:43:00,97.9
2025-06-12 22:10:00,20.7
2025-06-12 14:38:00,43.7
2025-06-12 09:36:00,88.3
2025-06-12 23:30:00,96.6
2025-06-12 20:07:00,31.1
2025-06-12 20:02:00,8.3
2025-06-12 22:17:00,6.1
2025-06-12 06:43:00,88.8
2025-06-12 17:34:00,30.3
2025-06-12 11:04:00,49.91221338324755
2025-06-12 09:03:00,70.6
2025-06-12 07:51:00,9.1
2025-06-12 07:28:00,23.8
2025-06-12 10:03:00,77.0
2025-06-12 00:04:00,5.4
2025-06-12 14:25:00,42.8
2025-06-12 19:09:00,8.4
2025-06-12 16:40:00,30.0
2025-06-12 16:19:00,34.8
2025-06-12 01:15:00,0.3
2025-06-12 15:42:00,88.4
2025-06-12 02:46:00,5.9
2025-06-12 14:23:00,75.2
2025-06-12 03:40:00,55.7
2025-06-12 22:49:00,57.5
2025-06-12 14:37:00,49.91221338324755
2025-06-12 10:02:00,59.9
2025-06-12 18:33:00,53.7
2025-06-12 08:05:00,47.0
2025-06-12 05:19:00,17.0
2025-06-12 09:06:00,49.91221338324755
2025-06-12 12:44:00,21.3
2025-06-12 01:07:00,33.8
2025-06-12 05:46:00,49.91221338324755
2025-06-12 22:03:00,18.4
2025-06-12 22:01:00,89.7
2025-06-12 14:44:00,47.6
2025-06-12 05:25:00,96.6
2025-06-12 15:43:00,51.1
2025-06-12 06:58:00,63.5
2025-06-12 03:25:00,14.3
2025-06-12 10:26:00,97.7
2025-06-12 07:12:00,39.8
2025-06-12 19:06:00,98.2
2025-06-12 21:04:00,28.6
2025-06-12 18:28:00,4.3
2025-06-12 15:03:00,51.5
2025-06-12 20:47:00,65.4
2025-06-12 17:06:00,31.4
2025-06-12 18:58:00,49.91221338324755
2025-06-12 01:21:00,46.7
2025-06-12 19:12:00,29.9
2025-06-12 06:18:00,90.5
2025-06-12 23:47:00,13.7
2025-06-12 23:20:00,9.4
2025-06-12 01:03:00,49.0
2025-06-12 13:03:00,5.7
2025-06-12 17:07:00,89.0
2025-06-12 04:58:00,97.1
2025-06-12 07:59:00,89.9
2025-06-12 09:00:00,9.9
2025-06-12 20:10:00,49.1
2025-06-12 11:01:00,22.5
2025-06-12 00:42:00,12.0
2025-06-12 22:24:00,18.3
2025-06-12 00:22:00,22.0
2025-06-12 17:44:00,9.8
2025-06-12 09:06:00,59.0
2025-06-12 23:11:00,83.0
2025-06-12 19:03:00,15.6
2025-06-12 05:06:00,15.2
2025-06-12 21:38:00,49.91221338324755
2025-06-12 07:12:00,96.5
2025-06-12 17:37:00,41.5
2025-06-12 04:56:00,3.6
2025-06-12 03:10:00,14.6
2025-06-12 23:35:00,49.91221338324755
2025-06-12 11:34:00,42.5
2025-06-12 06:02:00,49.91221338324755
2025-06-12 07:35:00,87.0
2025-06-12 04:12:00,90.2
2025-06-12 02:32:00,0.2
2025-06-12 14:38:00,83.1
2025-06-12 04:37:00,86.7
2025-06-12 15:05:00,9.3
2025-06-12 10:33:00,6.1
2025-06-12 01:38:00,39.4
2025-06-12 01:55:00,49.91221338324755
2025-06-12 01:01:00,13.4
2025-06-12 10:12:00,49.91221338324755
2025-06-12 08:14:00,99.5
2025-06-12 21:45:00,42.2
2025-06-12 09:42:00,49.91221338324755
2025-06-12 12:48:00,61.5
2025-06-12 12:03:00,62.3
2025-06-12 06:05:00,35.0
2025-06-12 23:13:00,20.5
2025-06-12 15:47:00,16.0
2025-06-12 08:19:00,32.4
2025-06-12 18:07:00,33.3
2025-06-12 15:28:00,49.91221338324755
2025-06-12 03:20:00,11.5
2025-06-12 16:44:00,6.3
2025-06-12 16:48:00,34.8
2025-06-12 17:17:00,89.7
2025-06-12 01:11:00,42.4
2025-06-12 00:58:00,28.2
2025-06-12 12:15:00,6.8
2025-06-12 07:21:00,89.6
2025-06-12 21:06:00,35.9
2025-06-12 04:50:00,49.91221338324755
2025-06-12 05:14:00,23.9
2025-06-12 21:57:00,49.91221338324755
2025-06-12 06:10:00,26.5
2025-06-12 05:27:00,91.6
2025-06-12 18:24:00,61.3
2025-06-12 15:57:00,98.2
2025-06-12 23:04:00,98.3
2025-06-12 10:03:00,60.3
2025-06-12 15:00:00,64.7
2025-06-12 17:59:00,46.3
2025-06-12 00:18:00,62.0
2025-06-12 00:52:00,49.91221338324755
2025-06-12 15:50:00,41.5
2025-06-12 18:09:00,41.6
2025-06-12 07:00:00,80.6
2025-06-12 07:11:00,80.1
2025-06-12 08:15:00,58.3
2025-06-12 10:12:00,93.7
2025-06-12 14:33:00,49.91221338324755
2025-06-12 17:45:00,75.1
2025-06-12 18:04:00,93.9
2025-06-12 08:47:00,74.6
2025-06-12 14:06:00,57.6
2025-06-12 22:19:00,86.7
2025-06-12 17:23:00,41.5
2025-06-12 08:08:00,18.1
2025-06-12 21:32:00,39.8
2025-06-12 11:46:00,92.5
2025-06-12 07:46:00,94.2
2025-06-12 12:12:00,99.7
2025-06-12 10:03:00,36.3
2025-06-12 18:11:00,24.0
2025-06-12 08:58:00,49.91221338324755
2025-06-12 13:15:00,27.0
2025-06-12 19:41:00,78.9
2025-06-12 08:04:00,49.91221338324755
2025-06-12 01:25:00,49.91221338324755
2025-06-12 11:10:00,22.2
2025-06-12 02:08:00,35.9
2025-06-12 07:36:00,23.4
2025-06-12 09:14:00,31.3
2025-06-12 00:25:00,71.6
2025-06-12 16:55:00,47.3
2025-06-12 21:58:00,22.0
2025-06-12 20:12:00,49.91221338324755
2025-06-12 12:26:00,58.5
2025-06-12 17:47:00,78.1
2025-06-12 04:18:00,68.8
2025-06-12 09:55:00,46.2
2025-06-12 22:01:00,49.91221338324755
2025-06-12 02:47:00,20.1
2025-06-12 01:31:00,86.7
2025-06-12 10:57:00,63.0
2025-06-12 04:25:00,64.7
2025-06-12 22:40:00,67.9
2025-06-12 10:07:00,49.91221338324755
2025-06-12 13:44:00,79.9
2025-06-12 18:54:00,49.91221338324755
2025-06-12 08:41:00,49.91221338324755
2025-06-12 21:46:00,0.7
2025-06-12 15:36:00,54.9
2025-06-12 16:07:00,49.91221338324755
2025-06-12 10:43:00,53.5
2025-06-12 12:33:00,5.0
2025-06-12 11:21:00,38.8
2025-06-12 01:07:00,13.7
2025-06-12 15:23:00,16.2
2025-06-12 17:41:00,88.1
2025-06-12 20:11:00,69.5
2025-06-12 23:37:00,28.4
2025-06-12 11:21:00,84.5
2025-06-12 03:15:00,49.91221338324755
2025-06-12 03:20:00,55.5
2025-06-12 15:17:00,24.8
2025-06-12 13:43:00,41.8
2025-06-12 10:33:00,38.9
2025-06-12 15:51:00,16.9
2025-06-12 23:59:00,10.8
2025-06-12 05:52:00,72.8
2025-06-12 09:47:00,44.8
2025-06-12 16:11:00,83.1
2025-06-12 13:21:00,59.1
2025-06-12 11:37:00,25.1
2025-06-12 02:43:00,49.91221338324755
2025-06-12 16:23:00,17.3
2025-06-12 21:08:00,76.6
2025-06-12 15:48:00,94.7
2025-06-12 03:29:00,95.9
2025-06-12 17:05:00,96.7
2025-06-12 11:36:00,82.6
2025-06-12 10:21:00,49.91221338324755
2025-06-12 09:29:00,80.4
2025-06-12 04:16:00,26.1
2025-06-12 05:38:00,83.9
2025-06-12 17:15:00,43.0
2025-06-12 15:13:00,41.6
2025-06-12 07:57:00,88.5
2025-06-12 21:49:00,66.0
2025-06-12 18:51:00,49.91221338324755
2025-06-12 23:01:00,94.0
2025-06-12 14:33:00,85.1
2025-06-12 15:59:00,52.1
2025-06-12 01:54:00,92.2
2025-06-12 19:28:00,55.4
2025-06-12 21:01:00,26.0
2025-06-12 14:07:00,88.6
2025-06-12 22:41:00,52.7
2025-06-12 06:22:00,31.1
2025-06-12 02:36:00,49.91221338324755
2025-06-12 04:22:00,81.4
2025-06-12 14:30:00,91.1
2025-06-12 19:01:00,97.6
2025-06-12 09:59:00,27.6
2025-06-12 18:24:00,92.6
2025-06-12 13:30:00,67.3
2025-06-12 15:27:00,49.91221338324755
2025-06-12 22:10:00,8.7
2025-06-12 19:51:00,67.5
2025-06-12 10:02:00,25.0
2025-06-12 01:56:00,12.0
2025-06-12 20:40:00,49.91221338324755
2025-06-12 23:58:00,49.91221338324755
2025-06-12 15:07:00,53.3
2025-06-12 22:57:00,32.2
2025-06-12 19:55:00,25.7
2025-06-12 13:09:00,49.91221338324755
2025-06-12 00:17:00,68.6
2025-06-12 16:42:00,87.6
2025-06-12 02:08:00,26.5
2025-06-12 19:59:00,48.6
2025-06-12 04:22:00,49.91221338324755
2025-06-12 07:18:00,48.5
2025-06-12 13:15:00,63.7
2025-06-12 07:30:00,49.91221338324755
2025-06-12 00:27:00,79.0
2025-06-12 09:23:00,76.1
2025-06-12 14:47:00,83.2
2025-06-12 19:36:00,49.91221338324755
2025-06-12 14:29:00,69.3
2025-06-12 19:14:00,37.5
2025-06-12 19:07:00,47.6
2025-06-12 14:24:00,10.4
2025-06-12 21:46:00,18.2
2025-06-12 11:38:00,15.6
2025-06-12 21:43:00,7.6
2025-06-12 12:05:00,5.1
2025-06-12 22:01:00,71.2
2025-06-12 02:53:00,13.2
2025-06-12 04:40:00,39.4
2025-06-12 03:32:00,26.7
2025-06-12 09:46:00,49.91221338324755
2025-06-12 23:19:00,53.4
2025-06-12 23:03:00,81.2
2025-06-12 05:19:00,0.8
2025-06-12 13:15:00,86.8
2025-06-12 11:14:00,49.91221338324755
2025-06-12 13:20:00,0.6
2025-06-12 16:19:00,49.91221338324755
2025-06-12 22:31:00,35.6
2025-06-12 12:43:00,45.9
2025-06-12 06:16:00,49.91221338324755
2025-06-12 07:03:00,95.9
2025-06-12 15:07:00,58.3
2025-06-12 08:28:00,39.4
2025-06-12 16:01:00,90.6
2025-06-12 04:53:00,26.0
2025-06-12 22:18:00,40.5
2025-06-12 18:18:00,52.7
2025-06-12 07:52:00,12.6
2025-06-12 20:12:00,6.7
2025-06-12 22:21:00,73.5
2025-06-12 21:11:00,97.0
2025-06-12 14:58:00,35.8
2025-06-12 02:02:00,47.3
2025-06-12 16:48:00,76.0
2025-06-12 08:33:00,15.2
2025-06-12 08:29:00,33.0
2025-06-12 07:43:00,45.6
2025-06-12 06:58:00,49.91221338324755
2025-06-12 21:52:00,57.7
2025-06-12 14:51:00,17.9
2025-06-12 07:44:00,59.9
2025-06-12 21:02:00,3.0
2025-06-12 23:16:00,68.1
2025-06-12 10:22:00,68.2
2025-06-12 06:24:00,80.2
2025-06-12 00:27:00,89.9
2025-06-12 21:30:00,12.1
2025-06-12 18:55:00,39.5
2025-06-12 00:18:00,11.0
2025-06-12 19:41:00,59.9
2025-06-12 09:38:00,41.5
2025-06-12 12:05:00,1.7
2025-06-12 08:01:00,34.1
2025-06-12 02:31:00,49.91221338324755
2025-06-12 19:03:00,13.8
2025-06-12 03:02:00,4.4
2025-06-12 21:43:00,66.7
2025-06-12 06:22:00,28.4
2025-06-12 11:07:00,44.9
2025-06-12 10:42:00,3.6
2025-06-12 07:28:00,12.3
2025-06-12 01:33:00,0.4
2025-06-12 19:02:00,85.4
2025-06-12 16:45:00,8.2
2025-06-12 06:41:00,45.2
2025-06-12 03:20:00,80.8
2025-06-12 02:27:00,77.3
2025-06-12 07:25:00,49.91221338324755
2025-06-12 23:46:00,37.9
2025-06-12 10:13:00,49.91221338324755
2025-06-12 12:15:00,49.91221338324755
2025-06-12 11:04:00,49.91221338324755
2025-06-12 17:41:00,65.4
2025-06-12 14:32:00,26.3
2025-06-12 16:06:00,52.5
2025-06-12 13:16:00,96.1
2025-06-12 16:22:00,95.3
2025-06-12 16:32:00,75.3
2025-06-12 22:01:00,76.9
2025-06-12 21:47:00,50.557353635505194
2025-06-12 10:30:00,14.0
2025-06-12 22:29:00,77.2
2025-06-12 03:37:00,52.2
2025-06-12 22:03:00,47.4
2025-06-12 06:22:00,1.9
2025-06-12 12:19:00,93.7
2025-06-12 11:25:00,52.0
2025-06-12 11:37:00,29.1
2025-06-12 08:17:00,70.3
2025-06-12 11:08:00,90.6
2025-06-12 00:54:00,80.8
2025-06-12 06:36:00,4.1
2025-06-12 20:36:00,96.2
2025-06-12 10:52:00,10.7
2025-06-12 07:44:00,28.7
2025-06-12 13:38:00,45.2
2025-06-12 01:07:00,18.6
2025-06-12 15:00:00,70.1
2025-06-12 10:58:00,64.2
2025-06-12 19:54:00,5.5
2025-06-12 23:52:00,34.9
2025-06-12 02:35:00,58.5
2025-06-12 16:41:00,54.2
2025-06-12 19:36:00,38.6
2025-06-12 03:22:00,46.8
2025-06-12 18:13:00,32.7
2025-06-12 00:18:00,17.9
2025-06-12 22:52:00,33.7
2025-06-12 16:20:00,88.8
2025-06-12 12:05:00,43.9
2025-06-12 05:42:00,68.7
2025-06-12 00:58:00,94.4
2025-06-12 17:16:00,74.2
2025-06-12 10:40:00,58.0
2025-06-12 18:56:00,76.2
2025-06-12 01:10:00,79.3
2025-06-12 02:36:00,47.9
2025-06-12 02:49:00,50.557353635505194
2025-06-12 10:56:00,84.1
2025-06-12 15:06:00,50.557353635505194
2025-06-12 04:31:00,9.6
2025-06-12 02:57:00,50.557353635505194
2025-06-12 01:19:00,58.6
2025-06-12 06:43:00,5.8
2025-06-12 03:07:00,40.0
2025-06-12 04:08:00,4.6
2025-06-12 18:31:00,25.0
2025-06-12 15:38:00,50.557353635505194
2025-06-12 02:27:00,2.1
2025-06-12 07:33:00,34.1
2025-06-12 03:29:00,18.9
2025-06-12 23:29:00,52.7
2025-06-12 15:25:00,1.4
2025-06-12 04:30:00,50.557353635505194
2025-06-12 12:33:00,42.8
2025-06-12 10:25:00,57.5
2025-06-12 02:58:00,83.1
2025-06-12 19:05:00,50.557353635505194
2025-06-12 01:57:00,47.7
2025-06-12 15:02:00,42.7
2025-06-12 01:00:00,15.4
2025-06-12 04:42:00,68.9
2025-06-12 18:27:00,1.2
2025-06-12 10:27:00,50.557353635505194
2025-06-12 00:56:00,84.6
2025-06-12 17:08:00,38.4
2025-06-12 16:20:00,64.5
2025-06-12 21:31:00,24.4
2025-06-12 00:05:00,82.2
2025-06-12 06:40:00,75.8
2025-06-12 06:25:00,5.1
2025-06-12 14:15:00,96.5
2025-06-12 13:50:00,85.9
2025-06-12 23:54:00,23.2
2025-06-12 13:52:00,34.0
2025-06-12 09:22:00,19.3
2025-06-12 05:54:00,6.5
2025-06-12 00:53:00,60.5
2025-06-12 13:10:00,5.7
2025-06-12 23:01:00,50.557353635505194
2025-06-12 21:15:00,13.4
2025-06-12 05:09:00,50.557353635505194
2025-06-12 16:26:00,32.0
2025-06-12 07:44:00,79.5
2025-06-12 05:56:00,50.557353635505194
2025-06-12 01:58:00,26.9
2025-06-12 00:15:00,41.8
2025-06-12 20:01:00,6.1
2025-06-12 03:57:00,9.0
2025-06-12 03:16:00,63.5
2025-06-12 10:17:00,72.3
2025-06-12 17:46:00,90.3
2025-06-12 18:28:00,2.3
2025-06-12 11:38:00,50.557353635505194
2025-06-12 02:59:00,22.6
2025-06-12 10:02:00,50.557353635505194
2025-06-12 02:45:00,80.5
2025-06-12 22:40:00,93.2
2025-06-12 10:34:00,73.2
2025-06-12 12:05:00,34.9
2025-06-12 17:02:00,22.3
2025-06-12 04:37:00,35.7
2025-06-12 02:05:00,67.2
2025-06-12 16:14:00,15.4
2025-06-12 13:42:00,50.557353635505194
2025-06-12 07:57:00,2.3
2025-06-12 12:18:00,56.7
2025-06-12 21:12:00,19.1
2025-06-12 04:29:00,4.7
2025-06-12 22:55:00,23.9
2025-06-12 15:51:00,56.5
2025-06-12 11:41:00,30.9
2025-06-12 13:10:00,8.2
2025-06-12 12:24:00,5.9
2025-06-12 12:08:00,54.5
2025-06-12 15:20:00,81.1
2025-06-12 20:43:00,64.1
2025-06-12 08:21:00,50.557353635505194
2025-06-12 01:02:00,84.6
2025-06-12 02:40:00,7.4
2025-06-12 06:06:00,87.2
2025-06-12 01:19:00,55.6
2025-06-12 00:30:00,10.5
2025-06-12 03:45:00,88.7
2025-06-12 02:33:00,66.0
2025-06-12 09:24:00,50.557353635505194
2025-06-12 07:40:00,22.5
2025-06-12 07:59:00,50.557353635505194
2025-06-12 18:35:00,60.1
2025-06-12 09:01:00,50.557353635505194
2025-06-12 19:40:00,44.5
2025-06-12 19:39:00,94.6
2025-06-12 20:52:00,92.3
2025-06-12 13:38:00,28.4
2025-06-12 04:56:00,5.1
2025-06-12 03:00:00,47.5
2025-06-12 13:54:00,28.3
2025-06-12 08:59:00,99.6
2025-06-12 14:42:00,99.8
2025-06-12 00:34:00,1.1
2025-06-12 10:35:00,79.5
2025-06-12 10:17:00,50.557353635505194
2025-06-12 15:15:00,45.2
2025-06-12 09:53:00,50.557353635505194
2025-06-12 09:46:00,50.557353635505194
2025-06-12 06:27:00,57.0
2025-06-12 06:23:00,25.8
2025-06-12 10:47:00,61.0
2025-06-12 04:32:00,50.557353635505194
2025-06-12 06:21:00,6.9
2025-06-12 04:23:00,92.1
2025-06-12 08:55:00,24.9
2025-06-12 11:10:00,32.7
2025-06-12 00:26:00,86.3
2025-06-12 10:22:00,50.4
2025-06-12 21:03:00,99.1
2025-06-12 03:46:00,50.557353635505194
2025-06-12 13:11:00,26.4
2025-06-12 12:14:00,10.4
2025-06-12 04:29:00,59.4
2025-06-12 03:10:00,60.3
2025-06-12 04:44:00,18.8
2025-06-12 21:37:00,3.7
2025-06-12 15:21:00,1.9
2025-06-12 06:39:00,22.7
2025-06-12 08:25:00,58.0
2025-06-12 02:46:00,50.557353635505194
2025-06-12 19:49:00,50.557353635505194
2025-06-12 20:38:00,33.9
2025-06-12 03:54:00,94.3
2025-06-12 22:54:00,50.557353635505194
2025-06-12 23:03:00,97.2
2025-06-12 02:54:00,41.1
2025-06-12 17:39:00,83.3
2025-06-12 11:00:00,12.8
2025-06-12 18:11:00,29.0
2025-06-12 14:59:00,11.5
2025-06-12 14:14:00,77.4
2025-06-12 09:27:00,47.9
2025-06-12 23:30:00,50.557353635505194
2025-06-12 06:09:00,23.5
2025-06-12 12:08:00,6.7
2025-06-12 23:44:00,50.557353635505194
2025-06-12 07:49:00,22.9
2025-06-12 04:07:00,28.9
2025-06-12 20:28:00,36.4
2025-06-12 05:53:00,98.6
2025-06-12 01:21:00,50.557353635505194
2025-06-12 12:48:00,82.3
2025-06-12 20:59:00,50.557353635505194
2025-06-12 20:05:00,81.5
2025-06-12 07:12:00,41.4
2025-06-12 16:40:00,85.6
2025-06-12 14:57:00,32.8
2025-06-12 00:55:00,49.0
2025-06-12 21:12:00,19.3
2025-06-12 17:46:00,3.9
2025-06-12 07:11:00,50.557353635505194
2025-06-12 02:45:00,50.557353635505194
2025-06-12 05:57:00,1.2
2025-06-12 06:32:00,54.9
2025-06-12 01:54:00,18.9
2025-06-12 19:16:00,94.4
2025-06-12 15:41:00,41.4
2025-06-12 15:52:00,34.9
2025-06-12 09:50:00,44.7
2025-06-12 12:21:00,50.557353635505194
2025-06-12 09:54:00,62.6
2025-06-12 02:11:00,85.9
2025-06-12 08:30:00,94.0
2025-06-12 14:34:00,50.557353635505194
2025-06-12 06:10:00,42.2
2025-06-12 05:00:00,50.557353635505194
2025-06-12 18:04:00,50.557353635505194
2025-06-12 22:58:00,80.2
2025-06-12 13:12:00,50.557353635505194
2025-06-12 00:00:00,37.4
2025-06-12 09:38:00,41.3
2025-06-12 13:50:00,23.6
2025-06-12 20:14:00,82.9
2025-06-12 18:42:00,69.9
2025-06-12 18:51:00,33.6
2025-06-12 22:53:00,50.557353635505194
2025-06-12 16:13:00,50.557353635505194
2025-06-12 02:04:00,50.557353635505194
2025-06-12 07:52:00,92.6
2025-06-12 18:45:00,30.7
2025-06-12 22:14:00,46.6
2025-06-12 12:23:00,75.0
2025-06-12 18:35:00,73.5
2025-06-12 07:10:00,8.6
2025-06-12 14:07:00,51.0
2025-06-12 11:04:00,98.9
2025-06-12 17:00:00,38.1
2025-06-12 12:15:00,77.3
2025-06-12 09:06:00,50.557353635505194
2025-06-12 21:51:00,74.0
2025-06-12 09:33:00,78.6
2025-06-12 05:11:00,70.5
2025-06-12 13:00:00,66.7
2025-06-12 19:49:00,27.5
2025-06-12 18:51:00,11.7
2025-06-12 02:41:00,95.2
2025-06-12 21:44:00,95.3
2025-06-12 16:55:00,57.0
2025-06-12 05:14:00,80.0
2025-06-12 06:32:00,88.4
2025-06-12 09:19:00,78.0
2025-06-12 02:54:00,99.1
2025-06-12 13:10:00,95.8
2025-06-12 06:38:00,62.7
2025-06-12 18:07:00,35.3
2025-06-12 07:02:00,37.1
2025-06-12 15:04:00,52.9
2025-06-12 00:41:00,70.8
2025-06-12 02:44:00,61.7
2025-06-12 10:03:00,70.4
2025-06-12 00:13:00,75.1
2025-06-12 13:18:00,88.1
2025-06-12 20:48:00,70.9
2025-06-12 17:03:00,79.9
2025-06-12 07:32:00,77.5
2025-06-12 11:04:00,57.1
2025-06-12 18:42:00,74.7
2025-06-12 11:40:00,12.9
2025-06-12 22:14:00,20.3
2025-06-12 20:41:00,93.9
2025-06-12 01:40:00,39.2
2025-06-12 15:42:00,87.2
2025-06-12 08:23:00,17.6
2025-06-12 10:52:00,31.4
2025-06-12 16:34:00,67.3
2025-06-12 10:49:00,8.6
2025-06-12 22:59:00,96.5
2025-06-12 22:38:00,50.557353635505194
2025-06-12 11:19:00,13.6
2025-06-12 03:41:00,50.557353635505194
2025-06-12 09:32:00,12.9
2025-06-12 12:10:00,41.0
2025-06-12 15:37:00,54.9
2025-06-12 12:26:00,64.5
2025-06-12 16:54:00,19.6
2025-06-12 13:18:00,23.5
2025-06-12 07:40:00,50.557353635505194
2025-06-12 04:08:00,50.557353635505194
2025-06-12 01:16:00,56.0
2025-06-12 19:00:00,91.2
2025-06-12 18:26:00,93.8
2025-06-12 14:51:00,86.0
2025-06-12 19:29:00,23.9
2025-06-12 19:29:00,54.3
2025-06-12 00:27:00,50.557353635505194
2025-06-12 01:43:00,52.3
2025-06-12 17:13:00,93.2
2025-06-12 13:55:00,30.4
2025-06-12 09:39:00,60.8
2025-06-12 06:56:00,21.9
2025-06-12 01:19:00,54.3
2025-06-12 15:43:00,53.8
2025-06-12 06:50:00,98.2
2025-06-12 20:56:00,76.7
2025-06-12 05:35:00,47.2
2025-06-12 10:46:00,13.2
2025-06-12 14:13:00,25.1
2025-06-12 12:12:00,50.557353635505194
2025-06-12 22:27:00,28.8
2025-06-12 00:07:00,90.1
2025-06-12 22:19:00,28.6
2025-06-12 12:33:00,85.7
2025-06-12 23:04:00,90.0
2025-06-12 21:36:00,1.5
2025-06-12 19:31:00,61.0
2025-06-12 15:40:00,80.6
2025-06-12 20:40:00,42.8
2025-06-12 12:14:00,38.0
2025-06-12 05:20:00,7.1
2025-06-12 16:18:00,42.9
2025-06-12 03:36:00,38.1
2025-06-12 12:48:00,73.0
2025-06-12 21:47:00,49.87196987526477
2025-06-12 07:32:00,67.4
2025-06-12 14:58:00,46.1
2025-06-12 11:01:00,97.8
2025-06-12 06:42:00,49.87196987526477
2025-06-12 21:02:00,64.1
2025-06-12 04:19:00,15.8
2025-06-12 17:20:00,84.1
2025-06-12 04:18:00,49.87196987526477
2025-06-12 22:00:00,62.4
2025-06-12 02:55:00,70.9
2025-06-12 00:25:00,49.87196987526477
2025-06-12 10:12:00,12.9
2025-06-12 06:24:00,77.0
2025-06-12 10:25:00,49.3
2025-06-12 00:36:00,49.87196987526477
2025-06-12 10:55:00,29.6
2025-06-12 16:41:00,48.3
2025-06-12 08:47:00,15.5
2025-06-12 15:07:00,39.7
2025-06-12 03:11:00,49.87196987526477
2025-06-12 07:33:00,16.5
2025-06-12 05:49:00,22.3
2025-06-12 21:32:00,55.6
2025-06-12 01:19:00,45.4
2025-06-12 21:42:00,49.87196987526477
2025-06-12 04:05:00,69.8
2025-06-12 03:35:00,34.3
2025-06-12 13:46:00,1.7
2025-06-12 02:01:00,96.1
2025-06-12 00:46:00,7.9
2025-06-12 18:09:00,61.1
2025-06-12 15:35:00,61.0
2025-06-12 11:00:00,73.5
2025-06-12 23:28:00,1.4
2025-06-12 16:13:00,12.5
2025-06-12 15:57:00,96.7
2025-06-12 11:01:00,85.4
2025-06-12 17:50:00,79.9
2025-06-12 20:47:00,5.8
2025-06-12 20:17:00,84.3
2025-06-12 16:24:00,49.87196987526477
2025-06-12 14:31:00,82.7
2025-06-12 02:17:00,18.8
2025-06-12 18:39:00,77.5
2025-06-12 07:43:00,8.9
2025-06-12 12:57:00,23.1
2025-06-12 09:38:00,81.6
2025-06-12 08:05:00,99.3
2025-06-12 14:15:00,18.8
2025-06-12 08:00:00,49.87196987526477
2025-06-12 15:38:00,49.87196987526477
2025-06-12 13:47:00,75.0
2025-06-12 22:31:00,49.87196987526477
2025-06-12 14:56:00,72.6
2025-06-12 18:03:00,76.9
2025-06-12 21:33:00,97.4
2025-06-12 17:49:00,37.4
2025-06-12 10:39:00,65.8
2025-06-12 22:14:00,2.6
2025-06-12 02:46:00,49.87196987526477
2025-06-12 00:09:00,10.9
2025-06-12 08:03:00,49.87196987526477
2025-06-12 19:06:00,97.8
2025-06-12 14:42:00,1.3
2025-06-12 09:46:00,46.3
2025-06-12 16:38:00,67.2
2025-06-12 15:24:00,15.0
2025-06-12 07:45:00,36.2
2025-06-12 17:10:00,30.6
2025-06-12 11:59:00,62.0
2025-06-12 04:41:00,22.9
2025-06-12 07:36:00,49.87196987526477
2025-06-12 15:08:00,51.0
2025-06-12 20:09:00,61.8
2025-06-12 03:43:00,29.5
2025-06-12 23:23:00,56.4
2025-06-12 08:24:00,74.9
2025-06-12 16:23:00,58.8
2025-06-12 23:21:00,49.87196987526477
2025-06-12 11:52:00,81.6
2025-06-12 07:28:00,21.9
2025-06-12 20:23:00,66.9
2025-06-12 21:26:00,91.0
2025-06-12 19:11:00,4.5
2025-06-12 01:42:00,49.87196987526477
2025-06-12 08:34:00,49.87196987526477
2025-06-12 20:38:00,81.9
2025-06-12 09:37:00,70.9
2025-06-12 02:48:00,54.5
2025-06-12 22:36:00,49.87196987526477
2025-06-12 12:26:00,40.7
2025-06-12 19:32:00,49.87196987526477
2025-06-12 05:47:00,72.7
2025-06-12 10:45:00,49.87196987526477
2025-06-12 22:26:00,59.0
2025-06-12 15:25:00,27.9
2025-06-12 01:55:00,29.7
2025-06-12 02:35:00,14.6
2025-06-12 14:10:00,1.8
2025-06-12 10:27:00,49.87196987526477
2025-06-12 16:38:00,49.87196987526477
2025-06-12 13:55:00,51.2
2025-06-12 16:22:00,13.7
2025-06-12 22:38:00,49.87196987526477
2025-06-12 14:35:00,44.0
2025-06-12 17:45:00,79.4
2025-06-12 20:24:00,81.2
2025-06-12 01:06:00,90.6
2025-06-12 19:45:00,49.87196987526477
2025-06-12 02:17:00,49.87196987526477
2025-06-12 08:56:00,54.1
2025-06-12 13:00:00,95.0
2025-06-12 11:52:00,50.0
2025-06-12 03:37:00,66.7
2025-06-12 13:46:00,83.8
2025-06-12 00:09:00,4.4
2025-06-12 03:23:00,35.6
2025-06-12 20:00:00,9.5
2025-06-12 09:26:00,51.0
2025-06-12 04:42:00,49.87196987526477
2025-06-12 09:18:00,35.3
2025-06-12 07:27:00,49.87196987526477
2025-06-12 22:53:00,36.6
2025-06-12 20:47:00,87.9
2025-06-12 02:39:00,49.87196987526477
2025-06-12 10:07:00,77.4
2025-06-12 19:48:00,16.2
2025-06-12 00:27:00,75.7
2025-06-12 03:47:00,49.87196987526477
2025-06-12 04:26:00,2.3
2025-06-12 03:20:00,77.0
2025-06-12 06:12:00,17.6
2025-06-12 13:37:00,66.2
2025-06-12 02:44:00,5.5
2025-06-12 02:46:00,49.87196987526477
2025-06-12 19:30:00,93.7
2025-06-12 16:10:00,49.87196987526477
2025-06-12 16:51:00,37.5
2025-06-12 10:48:00,45.7
2025-06-12 17:27:00,49.87196987526477
2025-06-12 01:26:00,22.7
2025-06-12 12:00:00,66.7
2025-06-12 12:21:00,14.5
2025-06-12 12:30:00,66.6
2025-06-12 04:17:00,45.5
2025-06-12 02:55:00,49.87196987526477
2025-06-12 09:32:00,39.0
2025-06-12 10:56:00,45.5
2025-06-12 16:37:00,10.0
2025-06-12 04:11:00,59.3
2025-06-12 01:54:00,99.9
2025-06-12 04:57:00,30.3
2025-06-12 19:22:00,78.4
2025-06-12 16:55:00,89.2
2025-06-12 03:10:00,37.9
2025-06-12 11:37:00,93.4
2025-06-12 04:08:00,84.7
2025-06-12 03:41:00,85.1
2025-06-12 06:38:00,30.2
2025-06-12 09:21:00,16.5
2025-06-12 04:38:00,49.87196987526477
2025-06-12 21:13:00,26.9
2025-06-12 18:22:00,94.9
2025-06-12 06:08:00,64.1
2025-06-12 13:56:00,49.87196987526477
2025-06-12 00:01:00,49.87196987526477
2025-06-12 10:43:00,41.7
2025-06-12 15:32:00,26.9
2025-06-12 04:54:00,49.87196987526477
2025-06-12 23:10:00,87.8
2025-06-12 09:34:00,87.5
2025-06-12 20:37:00,95.2
2025-06-12 06:04:00,49.87196987526477
2025-06-12 16:04:00,87.3
2025-06-12 07:24:00,45.7
2025-06-12 03:25:00,91.8
2025-06-12 01:21:00,49.87196987526477
2025-06-12 19:20:00,49.87196987526477
2025-06-12 16:59:00,45.7
2025-06-12 10:47:00,56.7
2025-06-12 01:37:00,49.87196987526477
2025-06-12 03:20:00,76.7
2025-06-12 17:38:00,49.87196987526477
2025-06-12 06:15:00,33.0
2025-06-12 14:22:00,0.6
2025-06-12 19:55:00,78.6
2025-06-12 22:10:00,60.5
2025-06-12 01:09:00,0.8
2025-06-12 19:42:00,14.5
2025-06-12 20:31:00,25.3
2025-06-12 23:04:00,79.7
2025-06-12 10:43:00,63.2
2025-06-12 09:41:00,83.7
2025-06-12 20:46:00,75.0
2025-06-12 22:17:00,62.2
2025-06-12 08:53:00,33.1
2025-06-12 20:22:00,40.5
2025-06-12 16:00:00,75.3
2025-06-12 12:49:00,49.87196987526477
2025-06-12 03:01:00,49.87196987526477
2025-06-12 12:39:00,44.0
2025-06-12 06:33:00,95.5
2025-06-12 16:56:00,26.5
2025-06-12 04:28:00,49.87196987526477
2025-06-12 01:28:00,8.1
2025-06-12 04:11:00,74.5
2025-06-12 19:04:00,49.87196987526477
2025-06-12 08:04:00,37.2
2025-06-12 05:32:00,47.7
2025-06-12 03:41:00,70.1
2025-06-12 00:10:00,69.6
2025-06-12 18:52:00,49.87196987526477
2025-06-12 17:02:00,17.6
2025-06-12 16:01:00,49.87196987526477
2025-06-12 14:43:00,79.3
2025-06-12 00:33:00,57.7
2025-06-12 12:45:00,11.8
2025-06-12 14:04:00,75.7
2025-06-12 20:53:00,34.3
2025-06-12 12:59:00,97.6
2025-06-12 18:41:00,10.3
2025-06-12 03:23:00,49.87196987526477
2025-06-12 09:38:00,74.6
2025-06-12 20:00:00,65.8
2025-06-12 07:36:00,18.2
2025-06-12 13:49:00,16.1
2025-06-12 22:43:00,13.9
2025-06-12 15:15:00,49.87196987526477
2025-06-12 02:28:00,99.4
2025-06-12 21:18:00,97.3
2025-06-12 19:11:00,100.0
2025-06-12 10:02:00,49.87196987526477
2025-06-12 09:23:00,42.7
2025-06-12 06:15:00,84.3
2025-06-12 11:33:00,41.0
2025-06-12 19:10:00,90.2
2025-06-12 20:21:00,94.2
2025-06-12 18:57:00,33.5
2025-06-12 07:10:00,63.5
2025-06-12 12:42:00,12.8
2025-06-12 04:40:00,49.87196987526477
2025-06-12 11:23:00,42.6
2025-06-12 13:07:00,17.9
2025-06-12 01:55:00,94.2
2025-06-12 12:20:00,85.1
2025-06-12 19:58:00,50.6
2025-06-12 14:42:00,92.7
2025-06-12 10:23:00,57.2
2025-06-12 20:36:00,83.8
2025-06-12 09:15:00,93.1
2025-06-12 10:39:00,18.9
2025-06-12 10:46:00,70.5
2025-06-12 10:59:00,37.7
2025-06-12 06:36:00,17.1
2025-06-12 23:09:00,0.8
2025-06-12 15:38:00,38.4
2025-06-12 22:09:00,70.8
2025-06-12 04:49:00,16.2
2025-06-12 20:28:00,33.0
2025-06-12 20:19:00,30.2
2025-06-12 14:12:00,68.3
2025-06-12 16:43:00,72.0
2025-06-12 11:21:00,77.8
2025-06-12 10:40:00,65.0
2025-06-12 04:43:00,48.7
2025-06-12 08:35:00,29.5
2025-06-12 19:20:00,29.8
2025-06-12 18:14:00,40.1
2025-06-12 01:39:00,68.8
2025-06-12 08:57:00,56.5
2025-06-12 22:03:00,49.87196987526477
2025-06-12 19:21:00,69.3
2025-06-12 14:06:00,63.4
2025-06-12 00:45:00,49.87196987526477
2025-06-12 02:29:00,10.1
2025-06-12 15:41:00,97.7
2025-06-12 15:14:00,26.4
2025-06-12 13:24:00,87.7
2025-06-12 06:55:00,30.0
2025-06-12 14:00:00,5.8
2025-06-12 16:42:00,70.4
2025-06-12 15:28:00,73.8
2025-06-12 01:26:00,60.5
2025-06-12 00:21:00,49.87196987526477
2025-06-12 08:53:00,94.7
2025-06-12 17:41:00,49.87196987526477
2025-06-12 13:55:00,68.5
2025-06-12 12:07:00,23.8
2025-06-12 05:25:00,37.4
2025-06-12 01:15:00,14.0
2025-06-12 05:42:00,2.1
2025-06-12 00:05:00,82.7
2025-06-12 17:19:00,42.0
2025-06-12 21:25:00,51.4
2025-06-12 20:49:00,98.7
2025-06-12 10:14:00,89.0
2025-06-12 02:28:00,62.0
2025-06-12 14:39:00,12.2
2025-06-12 21:37:00,53.5
2025-06-12 13:36:00,23.4
2025-06-12 21:40:00,8.0
2025-06-12 17:49:00,49.87196987526477
2025-06-12 18:39:00,87.6
2025-06-12 06:14:00,49.87196987526477
2025-06-12 11:30:00,49.87196987526477
2025-06-12 15:47:00,36.8
2025-06-12 10:37:00,38.0
2025-06-12 11:41:00,64.8
2025-06-12 11:04:00,70.1
2025-06-12 03:19:00,49.93628109892701
2025-06-12 09:22:00,98.7
2025-06-12 09:00:00,49.93628109892701
2025-06-12 23:34:00,30.0
2025-06-12 13:11:00,2.7
2025-06-12 13:46:00,49.93628109892701
2025-06-12 08:40:00,3.5
2025-06-12 14:13:00,93.1
2025-06-12 18:28:00,17.6
2025-06-12 11:39:00,18.9
2025-06-12 00:51:00,49.93628109892701
2025-06-12 14:40:00,13.3
2025-06-12 03:32:00,49.93628109892701
2025-06-12 16:59:00,49.93628109892701
2025-06-12 18:21:00,0.8
2025-06-12 23:12:00,19.7
2025-06-12 17:35:00,93.8
2025-06-12 00:53:00,49.93628109892701
2025-06-12 16:46:00,77.7
2025-06-12 10:32:00,13.0
2025-06-12 05:53:00,74.1
2025-06-12 14:03:00,33.5
2025-06-12 09:57:00,73.5
2025-06-12 22:52:00,49.93628109892701
2025-06-12 18:10:00,92.0
2025-06-12 07:06:00,61.1
2025-06-12 22:22:00,17.5
2025-06-12 08:33:00,5.3
2025-06-12 14:42:00,41.1
2025-06-12 07:12:00,96.2
2025-06-12 12:44:00,56.8
2025-06-12 14:29:00,1.6
2025-06-12 06:31:00,30.3
2025-06-12 17:00:00,0.2
2025-06-12 08:48:00,49.93628109892701
2025-06-12 23:31:00,76.9
2025-06-12 15:53:00,89.7
2025-06-12 16:27:00,30.6
2025-06-12 01:53:00,58.3
2025-06-12 08:57:00,27.2
2025-06-12 12:03:00,49.93628109892701
2025-06-12 23:26:00,39.1
2025-06-12 17:57:00,25.4
2025-06-12 05:23:00,63.5
2025-06-12 03:50:00,40.9
2025-06-12 03:02:00,61.6
2025-06-12 18:14:00,48.9
2025-06-12 00:26:00,92.2
2025-06-12 13:11:00,81.1
2025-06-12 14:37:00,91.7
2025-06-12 15:08:00,49.0
2025-06-12 17:45:00,49.93628109892701
2025-06-12 16:18:00,65.0
2025-06-12 16:28:00,29.9
2025-06-12 05:50:00,49.93628109892701
2025-06-12 07:18:00,49.93628109892701
2025-06-12 16:32:00,19.4
2025-06-12 03:37:00,66.7
2025-06-12 01:12:00,24.9
2025-06-12 03:14:00,49.93628109892701
2025-06-12 07:23:00,10.1
2025-06-12 06:33:00,13.1
2025-06-12 21:33:00,68.5
2025-06-12 04:55:00,39.0
2025-06-12 17:01:00,76.7
2025-06-12 10:43:00,49.93628109892701
2025-06-12 04:29:00,80.4
2025-06-12 19:19:00,79.8
2025-06-12 12:06:00,49.93628109892701
2025-06-12 06:36:00,5.8
2025-06-12 12:37:00,55.1
2025-06-12 10:20:00,59.0
2025-06-12 06:24:00,38.1
2025-06-12 00:46:00,68.0
2025-06-12 02:57:00,49.93628109892701
2025-06-12 08:15:00,4.8
2025-06-12 05:24:00,49.93628109892701
2025-06-12 08:03:00,52.7
2025-06-12 03:06:00,66.4
2025-06-12 10:08:00,82.7
2025-06-12 17:38:00,25.1
2025-06-12 01:29:00,82.6
2025-06-12 22:52:00,74.3
2025-06-12 22:29:00,49.93628109892701
2025-06-12 22:54:00,96.0
2025-06-12 14:09:00,11.0
2025-06-12 16:22:00,65.2
2025-06-12 16:20:00,49.93628109892701
2025-06-12 15:41:00,1.6
2025-06-12 16:10:00,19.0
2025-06-12 07:19:00,75.9
2025-06-12 11:54:00,59.8
2025-06-12 14:54:00,26.1
2025-06-12 03:38:00,64.0
2025-06-12 14:52:00,54.3
2025-06-12 04:26:00,49.93628109892701
2025-06-12 13:35:00,49.93628109892701
2025-06-12 03:40:00,30.5
2025-06-12 06:59:00,55.8
2025-06-12 13:49:00,68.0
2025-06-12 18:06:00,53.6
2025-06-12 06:03:00,89.4
2025-06-12 08:57:00,29.4
2025-06-12 10:11:00,34.9
2025-06-12 20:28:00,41.6
2025-06-12 08:13:00,9.3
2025-06-12 22:38:00,90.1
2025-06-12 20:56:00,7.8
2025-06-12 22:53:00,5.7
2025-06-12 07:37:00,68.4
2025-06-12 19:10:00,84.8
2025-06-12 08:21:00,47.6
2025-06-12 05:49:00,49.93628109892701
2025-06-12 03:48:00,49.93628109892701
2025-06-12 16:24:00,28.7
2025-06-12 12:40:00,8.8
2025-06-12 13:47:00,91.2
2025-06-12 04:57:00,51.5
2025-06-12 05:24:00,52.1
2025-06-12 23:16:00,69.4
2025-06-12 01:52:00,28.0
2025-06-12 20:44:00,65.9
2025-06-12 02:25:00,69.9
2025-06-12 16:58:00,98.8
2025-06-12 12:34:00,49.93628109892701
2025-06-12 21:26:00,8.4
2025-06-12 06:33:00,12.9
2025-06-12 22:44:00,38.6
2025-06-12 09:20:00,49.93628109892701
2025-06-12 23:35:00,51.5
2025-06-12 13:20:00,97.1
2025-06-12 09:30:00,70.9
2025-06-12 09:35:00,49.93628109892701
2025-06-12 15:54:00,88.0
2025-06-12 00:08:00,40.6
2025-06-12 02:49:00,48.4
2025-06-12 02:17:00,28.1
2025-06-12 16:05:00,1.8
2025-06-12 18:18:00,49.93628109892701
2025-06-12 02:09:00,25.8
2025-06-12 19:31:00,49.93628109892701
2025-06-12 17:01:00,49.93628109892701
2025-06-12 19:52:00,49.93628109892701
2025-06-12 20:56:00,3.4
2025-06-12 12:19:00,49.93628109892701
2025-06-12 18:09:00,0.9
2025-06-12 16:50:00,75.8
2025-06-12 14:43:00,49.93628109892701
2025-06-12 16:54:00,5.6
2025-06-12 12:17:00,49.93628109892701
2025-06-12 11:37:00,24.0
2025-06-12 00:59:00,10.4
2025-06-12 08:21:00,35.3
2025-06-12 12:50:00,14.5
2025-06-12 00:37:00,42.9
2025-06-12 21:49:00,24.1
2025-06-12 06:10:00,84.7
2025-06-12 08:44:00,81.9
2025-06-12 05:03:00,49.93628109892701
2025-06-12 23:59:00,35.5
2025-06-12 08:54:00,35.6
2025-06-12 22:26:00,50.9
2025-06-12 20:23:00,75.1
2025-06-12 01:56:00,84.0
2025-06-12 20:12:00,84.5
2025-06-12 05:44:00,77.1
2025-06-12 19:43:00,13.6
2025-06-12 13:10:00,89.9
2025-06-12 11:15:00,54.1
2025-06-12 10:06:00,5.2
2025-06-12 14:59:00,34.7
2025-06-12 01:31:00,82.4
2025-06-12 01:17:00,49.93628109892701
2025-06-12 09:31:00,59.9
2025-06-12 19:48:00,95.1
2025-06-12 23:07:00,44.9
2025-06-12 14:21:00,76.0
2025-06-12 10:03:00,90.1
2025-06-12 18:32:00,49.93628109892701
2025-06-12 05:21:00,56.4
2025-06-12 09:18:00,49.93628109892701
2025-06-12 02:18:00,82.7
2025-06-12 16:18:00,12.2
2025-06-12 07:47:00,49.93628109892701
2025-06-12 04:57:00,49.93628109892701
2025-06-12 03:40:00,25.7
2025-06-12 18:01:00,33.6
2025-06-12 07:22:00,3.5
2025-06-12 19:55:00,59.6
2025-06-12 22:14:00,49.93628109892701
2025-06-12 20:36:00,16.5
2025-06-12 19:10:00,6.0
2025-06-12 16:46:00,31.9
2025-06-12 00:01:00,47.2
2025-06-12 17:33:00,50.2
2025-06-12 20:31:00,62.9
2025-06-12 18:50:00,54.1
2025-06-12 00:48:00,3.3
2025-06-12 09:18:00,98.6
2025-06-12 03:37:00,92.3
2025-06-12 05:07:00,1.8
2025-06-12 11:49:00,92.0
2025-06-12 15:16:00,49.93628109892701
2025-06-12 07:27:00,53.5
2025-06-12 16:53:00,74.0
2025-06-12 14:10:00,30.8
2025-06-12 22:13:00,9.3
2025-06-12 14:47:00,92.0
2025-06-12 03:27:00,32.3
2025-06-12 04:33:00,45.1
2025-06-12 02:10:00,49.2
2025-06-12 09:56:00,21.7
2025-06-12 11:09:00,74.1
2025-06-12 21:35:00,49.93628109892701
2025-06-12 11:25:00,12.8
2025-06-12 01:18:00,37.7
2025-06-12 00:35:00,43.2
2025-06-12 16:21:00,47.2
2025-06-12 05:53:00,42.1
2025-06-12 00:08:00,5.6
2025-06-12 19:28:00,49.93628109892701
2025-06-12 01:10:00,0.5
2025-06-12 13:26:00,78.2
2025-06-12 17:14:00,84.9
2025-06-12 16:17:00,45.5
2025-06-12 05:38:00,27.4
2025-06-12 09:56:00,12.4
2025-06-12 02:34:00,82.6
2025-06-12 12:59:00,23.9
2025-06-12 14:58:00,37.2
2025-06-12 11:00:00,40.2
2025-06-12 04:07:00,46.1
2025-06-12 01:17:00,93.8
2025-06-12 12:32:00,4.9
2025-06-12 03:08:00,2.3
2025-06-12 15:59:00,8.6
2025-06-12 20:28:00,49.93628109892701
2025-06-12 01:28:00,84.4
2025-06-12 16:13:00,49.93628109892701
2025-06-12 01:08:00,49.93628109892701
2025-06-12 07:17:00,49.93628109892701
2025-06-12 15:52:00,5.6
2025-06-12 03:36:00,18.2
2025-06-12 19:47:00,60.7
2025-06-12 02:07:00,66.3
2025-06-12 23:08:00,40.6
2025-06-12 21:02:00,49.93628109892701
2025-06-12 13:15:00,75.3
2025-06-12 22:54:00,25.1
2025-06-12 13:22:00,70.4
2025-06-12 16:45:00,6.8
2025-06-12 18:39:00,41.5
2025-06-12 13:52:00,60.8
2025-06-12 01:40:00,15.4
2025-06-12 01:58:00,49.93628109892701
2025-06-12 23:07:00,57.1
2025-06-12 16:58:00,94.1
2025-06-12 15:26:00,14.6
2025-06-12 03:17:00,81.2
2025-06-12 23:05:00,10.1
2025-06-12 17:35:00,71.5
2025-06-12 01:11:00,27.0
2025-06-12 15:06:00,42.4
2025-06-12 09:09:00,51.2
2025-06-12 05:03:00,57.0
2025-06-12 21:16:00,44.1
2025-06-12 13:30:00,97.8
2025-06-12 14:51:00,58.7
2025-06-12 03:19:00,11.8
2025-06-12 10:54:00,37.4
2025-06-12 16:44:00,49.93628109892701
2025-06-12 04:21:00,74.9
2025-06-12 07:43:00,98.0
2025-06-12 09:04:00,68.9
2025-06-12 12:50:00,38.3
2025-06-12 20:48:00,49.7
2025-06-12 23:33:00,81.4
2025-06-12 05:05:00,18.3
2025-06-12 08:19:00,42.1
2025-06-12 09:58:00,59.1
2025-06-12 08:20:00,6.2
2025-06-12 13:51:00,53.0
2025-06-12 01:25:00,30.7
2025-06-12 13:42:00,48.8
2025-06-12 18:28:00,36.4
2025-06-12 22:12:00,7.9
2025-06-12 10:11:00,1.7
2025-06-12 13:29:00,95.4
2025-06-12 21:20:00,15.1
2025-06-12 07:44:00,66.7
2025-06-12 09:41:00,31.2
2025-06-12 23:54:00,11.8
2025-06-12 21:32:00,32.3
2025-06-12 02:42:00,49.93628109892701
2025-06-12 08:44:00,79.3
2025-06-12 06:18:00,17.0
2025-06-12 08:09:00,92.5
2025-06-12 00:42:00,49.93628109892701
2025-06-12 03:29:00,79.8
2025-06-12 05:35:00,49.93628109892701
2025-06-12 23:38:00,91.8
2025-06-12 23:26:00,3.7
2025-06-12 09:52:00,45.3
2025-06-12 07:07:00,15.9
2025-06-12 01:23:00,55.6
2025-06-12 23:33:00,49.93628109892701
2025-06-12 09:00:00,6.7
2025-06-12 02:52:00,22.8
2025-06-12 22:05:00,55.0
2025-06-12 02:20:00,89.1
2025-06-12 01:41:00,28.3
2025-06-12 04:14:00,49.93628109892701
2025-06-12 12:22:00,84.9
2025-06-12 08:43:00,72.3
2025-06-12 20:02:00,78.1
2025-06-12 09:09:00,45.0
2025-06-12 18:12:00,49.93628109892701
2025-06-12 05:42:00,62.7
2025-06-12 11:06:00,59.1
2025-06-12 21:35:00,38.2
2025-06-12 00:41:00,82.4
2025-06-12 22:54:00,13.2
2025-06-12 15:21:00,30.4
2025-06-12 18:33:00,28.2
2025-06-12 06:08:00,5.7
2025-06-12 05:48:00,88.0
2025-06-12 16:54:00,49.93628109892701
2025-06-12 06:16:00,49.797736698660984
2025-06-12 20:48:00,8.4
2025-06-12 10:46:00,49.797736698660984
2025-06-12 01:04:00,59.8
2025-06-12 17:19:00,47.2
2025-06-12 23:53:00,25.0
2025-06-12 07:38:00,49.797736698660984
2025-06-12 02:32:00,49.797736698660984
2025-06-12 03:40:00,16.6
2025-06-12 15:38:00,5.0
2025-06-12 00:44:00,92.8
2025-06-12 18:03:00,98.1
2025-06-12 14:34:00,49.797736698660984
2025-06-12 04:05:00,70.6
2025-06-12 10:16:00,64.9
2025-06-12 06:38:00,94.9
2025-06-12 21:03:00,60.5
2025-06-12 11:10:00,33.1
2025-06-12 10:09:00,64.6
2025-06-12 11:52:00,10.1
2025-06-12 21:51:00,49.4
2025-06-12 15:37:00,19.1
2025-06-12 17:51:00,54.7
2025-06-12 10:11:00,79.7
2025-06-12 22:11:00,1.3
2025-06-12 10:15:00,46.5
2025-06-12 09:17:00,66.6
2025-06-12 00:06:00,92.3
2025-06-12 09:24:00,8.0
2025-06-12 03:34:00,43.4
2025-06-12 20:47:00,46.8
2025-06-12 06:20:00,91.7
2025-06-12 19:11:00,65.9
2025-06-12 02:05:00,80.8
2025-06-12 10:07:00,59.4
2025-06-12 02:10:00,93.9
2025-06-12 09:25:00,70.5
2025-06-12 09:52:00,63.2
2025-06-12 22:49:00,63.6
2025-06-12 10:53:00,68.3
2025-06-12 06:34:00,87.6
2025-06-12 08:41:00,39.6
2025-06-12 05:19:00,15.6
2025-06-12 10:39:00,49.797736698660984
2025-06-12 23:48:00,33.7
2025-06-12 08:23:00,35.8
2025-06-12 02:02:00,66.8
2025-06-12 07:57:00,55.8
2025-06-12 16:03:00,39.1
2025-06-12 09:33:00,92.7
2025-06-12 06:01:00,0.4
2025-06-12 08:46:00,95.2
2025-06-12 16:09:00,22.0
2025-06-12 05:48:00,38.1
2025-06-12 12:16:00,37.5
2025-06-12 04:28:00,49.797736698660984
2025-06-12 23:49:00,68.3
2025-06-12 00:54:00,49.797736698660984
2025-06-12 16:45:00,6.0
2025-06-12 23:27:00,24.3
2025-06-12 00:25:00,62.7
2025-06-12 00:43:00,73.5
2025-06-12 10:21:00,92.3
2025-06-12 07:24:00,4.6
2025-06-12 00:09:00,60.0
2025-06-12 20:42:00,66.1
2025-06-12 16:58:00,78.9
2025-06-12 13:50:00,5.2
2025-06-12 04:03:00,70.8
2025-06-12 14:50:00,51.9
2025-06-12 18:14:00,72.0
2025-06-12 09:17:00,12.9
2025-06-12 16:29:00,20.1
2025-06-12 06:25:00,31.7
2025-06-12 02:57:00,56.3
2025-06-12 22:21:00,49.797736698660984
2025-06-12 19:52:00,20.3
2025-06-12 03:27:00,37.4
2025-06-12 11:24:00,82.8
2025-06-12 12:16:00,85.1
2025-06-12 14:22:00,43.0
2025-06-12 11:35:00,93.9
2025-06-12 08:19:00,98.8
2025-06-12 15:41:00,49.797736698660984
2025-06-12 14:55:00,2.1
2025-06-12 11:13:00,54.1
2025-06-12 11:51:00,71.1
2025-06-12 21:38:00,9.5
2025-06-12 11:59:00,7.8
2025-06-12 12:11:00,36.8
2025-06-12 10:27:00,99.2
2025-06-12 08:29:00,15.3
2025-06-12 07:40:00,87.2
2025-06-12 07:51:00,49.797736698660984
2025-06-12 12:51:00,25.4
2025-06-12 04:47:00,68.6
2025-06-12 20:15:00,56.6
2025-06-12 03:07:00,53.2
2025-06-12 17:55:00,18.5
2025-06-12 21:27:00,32.8
2025-06-12 18:08:00,49.797736698660984
2025-06-12 03:53:00,49.797736698660984
2025-06-12 21:23:00,71.8
2025-06-12 10:18:00,61.8
2025-06-12 08:17:00,56.2
2025-06-12 07:42:00,49.797736698660984
2025-06-12 09:51:00,0.1
2025-06-12 10:28:00,47.7
2025-06-12 02:13:00,99.8
2025-06-12 04:04:00,85.0
2025-06-12 01:52:00,65.7
2025-06-12 12:48:00,31.4
2025-06-12 11:13:00,82.5
2025-06-12 00:08:00,49.797736698660984
2025-06-12 12:24:00,66.1
2025-06-12 21:19:00,82.2
2025-06-12 21:58:00,7.1
2025-06-12 21:11:00,22.0
2025-06-12 18:21:00,83.5
2025-06-12 13:42:00,49.797736698660984
2025-06-12 01:10:00,97.8
2025-06-12 04:11:00,73.5
2025-06-12 16:49:00,64.4
2025-06-12 20:25:00,47.1
2025-06-12 09:31:00,94.7
2025-06-12 01:19:00,27.2
2025-06-12 08:45:00,86.1
2025-06-12 23:33:00,96.7
2025-06-12 00:20:00,34.9
2025-06-12 07:14:00,42.9
2025-06-12 12:57:00,14.9
2025-06-12 18:35:00,52.6
2025-06-12 02:37:00,17.5
2025-06-12 16:54:00,5.9
2025-06-12 03:44:00,21.6
2025-06-12 04:45:00,12.6
2025-06-12 15:54:00,41.0
2025-06-12 10:11:00,66.7
2025-06-12 17:26:00,59.5
2025-06-12 06:31:00,77.7
2025-06-12 20:43:00,50.9
2025-06-12 09:17:00,16.8
2025-06-12 13:05:00,6.6
2025-06-12 02:45:00,76.3
2025-06-12 09:32:00,41.2
2025-06-12 06:04:00,49.797736698660984
2025-06-12 21:49:00,61.0
2025-06-12 02:13:00,49.797736698660984
2025-06-12 01:12:00,62.7
2025-06-12 15:27:00,32.8
2025-06-12 01:01:00,86.2
2025-06-12 14:58:00,61.7
2025-06-12 04:11:00,28.2
2025-06-12 00:19:00,71.2
2025-06-12 14:37:00,76.1
2025-06-12 11:15:00,49.797736698660984
2025-06-12 04:32:00,78.1
2025-06-12 19:50:00,49.797736698660984
2025-06-12 06:45:00,2.2
2025-06-12 14:57:00,20.4
2025-06-12 00:15:00,50.8
2025-06-12 13:03:00,2.9
2025-06-12 07:48:00,86.6
2025-06-12 20:00:00,49.1
2025-06-12 01:18:00,14.2
2025-06-12 14:09:00,36.0
2025-06-12 10:58:00,71.9
2025-06-12 19:03:00,72.1
2025-06-12 19:30:00,35.8
2025-06-12 22:53:00,49.797736698660984
2025-06-12 23:48:00,23.5
2025-06-12 07:59:00,42.1
2025-06-12 13:11:00,30.9
2025-06-12 07:48:00,67.0
2025-06-12 17:13:00,49.797736698660984
2025-06-12 07:31:00,88.3
2025-06-12 01:59:00,94.7
2025-06-12 19:31:00,49.797736698660984
2025-06-12 06:15:00,49.797736698660984
2025-06-12 11:47:00,71.6
2025-06-12 14:03:00,2.9
2025-06-12 21:34:00,34.5
2025-06-12 00:49:00,58.2
2025-06-12 20:41:00,37.1
2025-06-12 11:24:00,31.6
2025-06-12 02:25:00,23.6
2025-06-12 07:50:00,18.7
2025-06-12 14:37:00,58.0
2025-06-12 23:59:00,49.797736698660984
2025-06-12 04:03:00,74.8
2025-06-12 20:41:00,3.5
2025-06-12 19:05:00,49.797736698660984
2025-06-12 07:43:00,49.797736698660984
2025-06-12 01:41:00,49.797736698660984
2025-06-12 02:45:00,9.6
2025-06-12 03:46:00,86.3
2025-06-12 10:30:00,49.797736698660984
2025-06-12 12:01:00,35.1
2025-06-12 21:47:00,52.5
2025-06-12 00:03:00,99.0
2025-06-12 00:30:00,80.2
2025-06-12 23:58:00,37.0
2025-06-12 14:50:00,21.3
2025-06-12 06:20:00,49.797736698660984
2025-06-12 08:28:00,35.8
2025-06-12 18:07:00,49.797736698660984
2025-06-12 07:53:00,49.797736698660984
2025-06-12 03:44:00,64.7
2025-06-12 11:08:00,31.6
2025-06-12 11:26:00,81.4
2025-06-12 03:04:00,60.8
2025-06-12 22:35:00,65.9
2025-06-12 17:25:00,25.3
2025-06-12 18:48:00,1.6
2025-06-12 06:43:00,49.797736698660984
2025-06-12 00:34:00,49.797736698660984
2025-06-12 00:35:00,96.0
2025-06-12 13:30:00,1.2
2025-06-12 00:26:00,87.3
2025-06-12 00:27:00,23.1
2025-06-12 10:00:00,72.8
2025-06-12 03:40:00,49.797736698660984
2025-06-12 23:13:00,49.797736698660984
2025-06-12 12:28:00,76.0
2025-06-12 08:01:00,37.1
2025-06-12 04:24:00,77.7
2025-06-12 03:30:00,93.2
2025-06-12 21:25:00,49.797736698660984
2025-06-12 09:25:00,7.5
2025-06-12 22:32:00,47.4
2025-06-12 17:47:00,80.2
2025-06-12 19:42:00,59.0
2025-06-12 20:57:00,15.3
2025-06-12 07:48:00,49.797736698660984
2025-06-12 06:45:00,96.1
2025-06-12 23:47:00,49.797736698660984
2025-06-12 12:11:00,54.3
2025-06-12 21:31:00,49.797736698660984
2025-06-12 01:37:00,74.9
2025-06-12 14:46:00,31.1
2025-06-12 07:07:00,35.7
2025-06-12 10:39:00,17.7
2025-06-12 03:28:00,29.7
2025-06-12 17:02:00,29.2
2025-06-12 19:42:00,96.2
2025-06-12 06:58:00,76.8
2025-06-12 14:02:00,51.3
2025-06-12 08:10:00,97.2
2025-06-12 07:14:00,16.5
2025-06-12 08:11:00,58.1
2025-06-12 02:53:00,58.5
2025-06-12 20:29:00,49.797736698660984
2025-06-12 06:36:00,44.2
2025-06-12 22:20:00,10.8
2025-06-12 10:00:00,68.8
2025-06-12 18:26:00,95.1
2025-06-12 05:55:00,49.797736698660984
2025-06-12 21:16:00,31.0
2025-06-12 06:21:00,36.0
2025-06-12 21:52:00,72.8
2025-06-12 19:18:00,14.4
2025-06-12 09:56:00,47.9
2025-06-12 03:07:00,41.6
2025-06-12 04:35:00,61.9
2025-06-12 17:12:00,49.797736698660984
2025-06-12 04:21:00,56.2
2025-06-12 00:02:00,28.0
2025-06-12 12:27:00,93.3
2025-06-12 12:34:00,76.5
2025-06-12 17:55:00,70.0
2025-06-12 13:45:00,45.1
2025-06-12 14:13:00,14.7
2025-06-12 23:05:00,52.5
2025-06-12 16:32:00,32.6
2025-06-12 08:31:00,57.5
2025-06-12 03:18:00,49.797736698660984
2025-06-12 20:19:00,64.3
2025-06-12 21:39:00,1.4
2025-06-12 03:52:00,60.2
2025-06-12 05:37:00,60.5
2025-06-12 06:15:00,49.797736698660984
2025-06-12 16:25:00,42.4
2025-06-12 18:03:00,25.5
2025-06-12 18:11:00,30.1
2025-06-12 22:06:00,31.7
2025-06-12 22:23:00,59.9
2025-06-12 02:47:00,49.797736698660984
2025-06-12 13:58:00,49.797736698660984
2025-06-12 19:23:00,75.9
2025-06-12 03:47:00,17.4
2025-06-12 12:58:00,49.797736698660984
2025-06-12 10:08:00,9.6
2025-06-12 12:33:00,30.5
2025-06-12 21:23:00,76.8
2025-06-12 16:16:00,9.4
2025-06-12 07:01:00,28.4
2025-06-12 03:51:00,6.7
2025-06-12 00:24:00,24.7
2025-06-12 23:18:00,19.4
2025-06-12 17:23:00,49.797736698660984
2025-06-12 10:45:00,57.9
2025-06-12 12:35:00,55.7
2025-06-12 06:23:00,39.6
2025-06-12 09:07:00,42.9
2025-06-12 15:17:00,49.797736698660984
2025-06-12 20:41:00,3.2
2025-06-12 21:34:00,48.0
2025-06-12 01:35:00,91.5
2025-06-12 09:19:00,37.8
2025-06-12 18:55:00,66.3
2025-06-12 00:56:00,79.8
2025-06-12 18:53:00,17.8
2025-06-12 18:39:00,70.6
2025-06-12 20:24:00,94.8
2025-06-12 09:29:00,91.7
2025-06-12 14:10:00,68.3
2025-06-12 20:07:00,49.797736698660984
2025-06-12 21:50:00,92.5
2025-06-12 19:59:00,1.0
2025-06-12 19:45:00,3.1
2025-06-12 17:40:00,49.797736698660984
2025-06-12 10:38:00,61.0
2025-06-12 06:34:00,27.3
2025-06-12 08:13:00,12.6
2025-06-12 06:24:00,74.1
2025-06-12 18:05:00,30.7
2025-06-12 00:28:00,21.1
2025-06-12 17:16:00,41.2
2025-06-12 18:57:00,67.0
2025-06-12 22:40:00,5.8
2025-06-12 13:29:00,27.2
2025-06-12 06:40:00,54.0
2025-06-12 23:58:00,22.1
2025-06-12 09:58:00,90.1
2025-06-12 19:44:00,4.5
2025-06-12 03:22:00,35.5
2025-06-12 03:14:00,17.3
2025-06-12 18:03:00,50.18136565940501
2025-06-12 20:58:00,61.2
2025-06-12 14:47:00,19.4
2025-06-12 14:48:00,50.18136565940501
2025-06-12 11:40:00,53.4
2025-06-12 07:02:00,12.8
2025-06-12 15:09:00,50.18136565940501
2025-06-12 08:47:00,28.3
2025-06-12 05:17:00,18.0
2025-06-12 10:47:00,19.7
2025-06-12 05:38:00,47.1
2025-06-12 14:10:00,33.7
2025-06-12 19:48:00,89.8
2025-06-12 03:57:00,50.18136565940501
2025-06-12 06:47:00,13.0
2025-06-12 06:30:00,23.2
2025-06-12 10:27:00,70.0
2025-06-12 14:02:00,50.18136565940501
2025-06-12 12:04:00,48.3
2025-06-12 17:29:00,49.9
2025-06-12 13:23:00,6.7
2025-06-12 23:33:00,60.4
2025-06-12 00:15:00,50.18136565940501
2025-06-12 12:15:00,96.5
2025-06-12 00:02:00,50.18136565940501
2025-06-12 20:44:00,50.18136565940501
2025-06-12 14:16:00,67.5
2025-06-12 21:25:00,60.0
2025-06-12 23:31:00,35.1
2025-06-12 04:26:00,9.3
2025-06-12 08:09:00,50.18136565940501
2025-06-12 05:21:00,58.8
2025-06-12 14:46:00,14.9
2025-06-12 09:06:00,50.18136565940501
2025-06-12 22:42:00,98.1
2025-06-12 01:29:00,85.4
2025-06-12 16:38:00,99.4
2025-06-12 06:42:00,50.18136565940501
2025-06-12 11:29:00,50.18136565940501
2025-06-12 02:35:00,9.9
2025-06-12 23:53:00,85.9
2025-06-12 09:30:00,14.7
2025-06-12 03:53:00,86.7
2025-06-12 10:00:00,93.9
2025-06-12 15:19:00,4.1
2025-06-12 05:45:00,8.4
2025-06-12 02:09:00,55.3
2025-06-12 20:34:00,9.8
2025-06-12 03:28:00,55.6
2025-06-12 10:47:00,34.0
2025-06-12 06:53:00,44.4
2025-06-12 08:34:00,50.18136565940501
2025-06-12 10:42:00,75.3
2025-06-12 11:16:00,50.18136565940501
2025-06-12 14:03:00,21.8
2025-06-12 20:54:00,50.18136565940501
2025-06-12 14:22:00,30.4
2025-06-12 18:02:00,50.18136565940501
2025-06-12 23:43:00,13.2
2025-06-12 13:46:00,84.7
2025-06-12 16:39:00,89.9
2025-06-12 12:20:00,39.0
2025-06-12 18:57:00,98.6
2025-06-12 20:53:00,36.1
2025-06-12 05:29:00,28.0
2025-06-12 21:20:00,76.0
2025-06-12 12:37:00,42.0
2025-06-12 21:02:00,77.6
2025-06-12 17:12:00,38.9
2025-06-12 07:01:00,84.0
2025-06-12 11:29:00,50.18136565940501
2025-06-12 09:22:00,31.2
2025-06-12 17:22:00,43.7
2025-06-12 04:49:00,73.6
2025-06-12 01:19:00,95.7
2025-06-12 01:33:00,93.0
2025-06-12 09:43:00,69.3
2025-06-12 02:45:00,0.3
2025-06-12 10:56:00,56.8
2025-06-12 20:35:00,50.18136565940501
2025-06-12 21:57:00,13.8
2025-06-12 09:31:00,30.4
2025-06-12 12:13:00,55.7
2025-06-12 03:36:00,50.2
2025-06-12 16:56:00,50.18136565940501
2025-06-12 08:06:00,27.0
2025-06-12 08:50:00,43.2
2025-06-12 12:10:00,5.7
2025-06-12 14:37:00,43.0
2025-06-12 11:08:00,74.4
2025-06-12 03:39:00,52.7
2025-06-12 01:07:00,33.5
2025-06-12 09:20:00,50.18136565940501
2025-06-12 23:56:00,42.9
2025-06-12 02:27:00,99.1
2025-06-12 11:56:00,32.3
2025-06-12 17:04:00,50.18136565940501
2025-06-12 04:21:00,82.0
2025-06-12 14:51:00,86.6
2025-06-12 00:21:00,16.6
2025-06-12 03:27:00,69.4
2025-06-12 06:38:00,53.4
2025-06-12 01:43:00,51.7
2025-06-12 20:16:00,50.18136565940501
2025-06-12 10:17:00,41.2
2025-06-12 00:15:00,62.0
2025-06-12 01:33:00,8.3
2025-06-12 12:16:00,17.1
2025-06-12 04:40:00,50.18136565940501
2025-06-12 18:53:00,80.2
2025-06-12 19:12:00,48.2
2025-06-12 02:23:00,33.2
2025-06-12 04:03:00,59.0
2025-06-12 03:35:00,41.0
2025-06-12 19:48:00,50.18136565940501
2025-06-12 05:03:00,58.7
2025-06-12 02:58:00,46.0
2025-06-12 09:16:00,59.5
2025-06-12 10:07:00,51.8
2025-06-12 05:41:00,43.4
2025-06-12 15:19:00,93.4
2025-06-12 20:09:00,95.3
2025-06-12 02:05:00,3.0
2025-06-12 02:27:00,34.2
2025-06-12 20:51:00,19.4
2025-06-12 05:58:00,50.18136565940501
2025-06-12 16:16:00,50.18136565940501
2025-06-12 05:59:00,77.8
2025-06-12 09:06:00,21.9
2025-06-12 14:11:00,19.8
2025-06-12 16:02:00,89.8
2025-06-12 10:55:00,50.18136565940501
2025-06-12 21:47:00,41.2
2025-06-12 03:43:00,42.0
2025-06-12 11:33:00,50.18136565940501
2025-06-12 16:14:00,50.18136565940501
2025-06-12 06:12:00,15.9
2025-06-12 19:31:00,50.18136565940501
2025-06-12 10:47:00,49.3
2025-06-12 15:51:00,1.4
2025-06-12 15:54:00,18.3
2025-06-12 04:00:00,53.3
2025-06-12 06:09:00,71.6
2025-06-12 21:28:00,10.6
2025-06-12 02:46:00,18.7
2025-06-12 06:44:00,51.7
2025-06-12 17:07:00,51.9
2025-06-12 06:42:00,11.8
2025-06-12 08:16:00,30.5
2025-06-12 06:13:00,42.5
2025-06-12 12:37:00,40.7
2025-06-12 09:53:00,50.18136565940501
2025-06-12 06:51:00,20.5
2025-06-12 11:45:00,50.18136565940501
2025-06-12 21:23:00,52.3
2025-06-12 21:35:00,50.18136565940501
2025-06-12 19:15:00,11.6
2025-06-12 00:49:00,6.8
2025-06-12 21:09:00,9.6
2025-06-12 18:25:00,94.1
2025-06-12 00:40:00,97.6
2025-06-12 18:19:00,41.4
2025-06-12 09:34:00,50.18136565940501
2025-06-12 13:33:00,46.2
2025-06-12 11:07:00,42.3
2025-06-12 09:01:00,2.4
2025-06-12 20:41:00,67.2
2025-06-12 23:25:00,50.18136565940501
2025-06-12 08:58:00,28.3
2025-06-12 08:41:00,92.1
2025-06-12 23:46:00,28.9
2025-06-12 21:44:00,81.7
2025-06-12 16:01:00,20.0
2025-06-12 05:21:00,50.9
2025-06-12 06:21:00,37.9
2025-06-12 18:55:00,50.18136565940501
2025-06-12 06:07:00,64.9
2025-06-12 15:06:00,78.9
2025-06-12 07:59:00,59.8
2025-06-12 09:33:00,54.3
2025-06-12 00:48:00,50.4
2025-06-12 03:35:00,76.9
2025-06-12 07:05:00,32.3
2025-06-12 19:08:00,50.18136565940501
2025-06-12 00:18:00,22.0
2025-06-12 20:08:00,76.6
2025-06-12 19:03:00,89.7
2025-06-12 17:02:00,40.8
2025-06-12 11:18:00,84.5
2025-06-12 15:15:00,98.7
2025-06-12 09:27:00,23.7
2025-06-12 13:42:00,6.2
2025-06-12 13:15:00,48.6
2025-06-12 18:38:00,15.5
2025-06-12 13:42:00,62.6
2025-06-12 19:17:00,50.18136565940501
2025-06-12 11:32:00,95.1
2025-06-12 10:10:00,50.18136565940501
2025-06-12 09:38:00,94.8
2025-06-12 08:52:00,50.18136565940501
2025-06-12 13:41:00,6.5
2025-06-12 09:37:00,26.4
2025-06-12 17:21:00,14.6
2025-06-12 09:44:00,17.8
2025-06-12 16:48:00,35.5
2025-06-12 21:56:00,4.4
2025-06-12 18:35:00,27.7
2025-06-12 18:47:00,75.4
2025-06-12 07:52:00,50.18136565940501
2025-06-12 12:57:00,18.8
2025-06-12 19:46:00,69.5
2025-06-12 11:13:00,11.0
2025-06-12 05:06:00,63.4
2025-06-12 17:27:00,51.9
2025-06-12 19:36:00,12.0
2025-06-12 10:57:00,47.7
2025-06-12 15:26:00,10.1
2025-06-12 15:30:00,23.8
2025-06-12 06:04:00,75.9
2025-06-12 20:30:00,43.4
2025-06-12 18:39:00,22.1
2025-06-12 17:02:00,76.8
2025-06-12 06:01:00,36.9
2025-06-12 16:14:00,12.7
2025-06-12 04:18:00,76.0
2025-06-12 10:26:00,57.3
2025-06-12 03:15:00,60.2
2025-06-12 12:04:00,38.2
2025-06-12 12:19:00,57.1
2025-06-12 16:54:00,14.6
2025-06-12 18:06:00,5.8
2025-06-12 05:33:00,58.9
2025-06-12 21:51:00,83.4
2025-06-12 09:39:00,83.7
2025-06-12 09:37:00,22.5
2025-06-12 06:27:00,57.7
2025-06-12 22:00:00,61.5
2025-06-12 09:51:00,74.7
2025-06-12 12:07:00,4.1
2025-06-12 13:47:00,65.1
2025-06-12 03:37:00,50.18136565940501
2025-06-12 12:56:00,39.5
2025-06-12 17:25:00,63.3
2025-06-12 16:01:00,70.1
2025-06-12 06:27:00,68.0
2025-06-12 22:47:00,65.3
2025-06-12 10:06:00,46.4
2025-06-12 09:31:00,4.1
2025-06-12 14:14:00,70.6
2025-06-12 06:11:00,94.3
2025-06-12 07:30:00,4.4
2025-06-12 14:20:00,61.3
2025-06-12 10:28:00,99.9
2025-06-12 07:23:00,19.8
2025-06-12 23:33:00,94.0
2025-06-12 04:44:00,12.2
2025-06-12 13:54:00,44.9
2025-06-12 06:07:00,84.7
2025-06-12 08:36:00,41.1
2025-06-12 11:32:00,5.0
2025-06-12 20:45:00,30.5
2025-06-12 07:24:00,65.3
2025-06-12 19:18:00,66.4
2025-06-12 14:58:00,26.6
2025-06-12 10:54:00,52.4
2025-06-12 18:19:00,68.5
2025-06-12 21:20:00,12.3
2025-06-12 04:44:00,24.2
2025-06-12 07:21:00,26.8
2025-06-12 02:52:00,54.0
2025-06-12 17:00:00,97.1
2025-06-12 21:14:00,61.0
2025-06-12 21:38:00,75.8
2025-06-12 00:04:00,85.9
2025-06-12 12:54:00,35.5
2025-06-12 18:00:00,16.5
2025-06-12 09:05:00,88.1
2025-06-12 14:49:00,46.6
2025-06-12 03:35:00,54.8
2025-06-12 06:11:00,50.18136565940501
2025-06-12 16:29:00,57.4
2025-06-12 18:01:00,51.2
2025-06-12 06:32:00,21.6
2025-06-12 19:58:00,2.3
2025-06-12 12:05:00,45.6
2025-06-12 01:28:00,94.9
2025-06-12 07:22:00,22.3
2025-06-12 20:20:00,21.1
2025-06-12 17:08:00,81.8
2025-06-12 01:28:00,46.1
2025-06-12 17:01:00,95.8
2025-06-12 05:06:00,12.3
2025-06-12 01:56:00,41.8
2025-06-12 07:02:00,71.2
2025-06-12 23:12:00,11.5
2025-06-12 17:52:00,50.18136565940501
2025-06-12 12:20:00,28.5
2025-06-12 07:26:00,65.3
2025-06-12 11:03:00,96.5
2025-06-12 21:58:00,33.4
2025-06-12 22:45:00,59.4
2025-06-12 11:40:00,53.1
2025-06-12 04:19:00,99.1
2025-06-12 06:56:00,68.4
2025-06-12 17:05:00,94.3
2025-06-12 23:46:00,37.1
2025-06-12 05:51:00,49.7
2025-06-12 04:02:00,20.9
2025-06-12 09:37:00,25.7
2025-06-12 09:33:00,50.18136565940501
2025-06-12 06:19:00,50.18136565940501
2025-06-12 09:57:00,77.7
2025-06-12 05:54:00,72.5
2025-06-12 05:35:00,87.8
2025-06-12 08:16:00,89.1
2025-06-12 10:01:00,84.6
2025-06-12 15:08:00,7.7
2025-06-12 15:02:00,50.18136565940501
2025-06-12 18:32:00,34.0
2025-06-12 19:02:00,44.9
2025-06-12 23:53:00,95.4
2025-06-12 11:24:00,99.1
2025-06-12 04:48:00,49.5
2025-06-12 07:50:00,68.9
2025-06-12 10:44:00,20.6
2025-06-12 14:47:00,75.0
2025-06-12 15:08:00,45.5
2025-06-12 06:12:00,26.6
2025-06-12 23:19:00,99.7
2025-06-12 20:30:00,50.18136565940501
2025-06-12 17:29:00,35.6
2025-06-12 13:47:00,14.7
2025-06-12 01:30:00,93.2
2025-06-12 14:11:00,85.3
2025-06-12 07:02:00,24.7
2025-06-12 18:02:00,49.66792053602915
2025-06-12 17:41:00,39.9
2025-06-12 07:57:00,24.0
2025-06-12 03:56:00,50.5
2025-06-12 18:42:00,3.1
2025-06-12 09:10:00,38.1
2025-06-12 03:58:00,49.66792053602915
2025-06-12 09:52:00,68.7
2025-06-12 04:14:00,41.0
2025-06-12 10:54:00,76.1
2025-06-12 13:23:00,17.3
2025-06-12 14:14:00,15.0
2025-06-12 14:21:00,49.66792053602915
2025-06-12 17:32:00,61.4
2025-06-12 19:12:00,19.1
2025-06-12 23:30:00,44.1
2025-06-12 17:21:00,49.66792053602915
2025-06-12 22:31:00,51.4
2025-06-12 09:09:00,68.6
2025-06-12 17:16:00,16.4
2025-06-12 11:45:00,85.8
2025-06-12 04:45:00,75.9
2025-06-12 18:55:00,15.6
2025-06-12 01:16:00,49.66792053602915
2025-06-12 08:05:00,9.1
2025-06-12 15:24:00,62.8
2025-06-12 06:44:00,55.5
2025-06-12 13:25:00,50.3
2025-06-12 12:42:00,49.66792053602915
2025-06-12 09:00:00,8.6
2025-06-12 15:13:00,49.66792053602915
2025-06-12 00:39:00,44.2
2025-06-12 21:51:00,55.3
2025-06-12 05:04:00,42.4
2025-06-12 15:47:00,49.66792053602915
2025-06-12 20:15:00,44.3
2025-06-12 07:01:00,48.7
2025-06-12 19:40:00,28.4
2025-06-12 19:52:00,36.4
2025-06-12 08:20:00,11.4
2025-06-12 20:09:00,33.8
2025-06-12 12:24:00,32.2
2025-06-12 21:15:00,25.1
2025-06-12 11:19:00,40.1
2025-06-12 16:22:00,63.9
2025-06-12 23:50:00,41.8
2025-06-12 01:13:00,9.9
2025-06-12 20:25:00,25.3
2025-06-12 09:31:00,8.9
2025-06-12 16:39:00,61.2
2025-06-12 16:24:00,49.66792053602915
2025-06-12 06:54:00,58.6
2025-06-12 22:44:00,43.6
2025-06-12 04:00:00,49.66792053602915
2025-06-12 08:24:00,59.3
2025-06-12 05:14:00,26.7
2025-06-12 11:31:00,77.2
2025-06-12 05:07:00,56.3
2025-06-12 08:58:00,34.0
2025-06-12 01:41:00,35.4
2025-06-12 10:13:00,60.6
2025-06-12 16:08:00,49.66792053602915
2025-06-12 00:13:00,60.0
2025-06-12 16:21:00,68.0
2025-06-12 05:06:00,3.7
2025-06-12 11:53:00,53.9
2025-06-12 14:10:00,49.66792053602915
2025-06-12 19:10:00,25.2
2025-06-12 00:10:00,32.6
2025-06-12 21:08:00,71.6
2025-06-12 18:57:00,27.0
2025-06-12 03:54:00,34.3
2025-06-12 07:46:00,14.9
2025-06-12 04:52:00,49.66792053602915
2025-06-12 06:47:00,85.4
2025-06-12 18:14:00,3.9
2025-06-12 19:33:00,64.4
2025-06-12 14:16:00,33.1
2025-06-12 09:20:00,32.7
2025-06-12 08:43:00,67.5
2025-06-12 06:38:00,65.2
2025-06-12 19:10:00,50.9
2025-06-12 08:30:00,82.3
2025-06-12 04:08:00,49.66792053602915
2025-06-12 02:17:00,95.9
2025-06-12 17:50:00,49.66792053602915
2025-06-12 02:52:00,32.9
2025-06-12 22:14:00,36.5
2025-06-12 17:52:00,72.1
2025-06-12 08:33:00,11.4
2025-06-12 09:14:00,96.6
2025-06-12 14:34:00,22.3
2025-06-12 13:00:00,91.2
2025-06-12 22:20:00,90.3
2025-06-12 07:29:00,87.3
2025-06-12 18:34:00,49.66792053602915
2025-06-12 07:17:00,49.66792053602915
2025-06-12 23:29:00,8.8
2025-06-12 16:56:00,49.66792053602915
2025-06-12 23:52:00,87.0
2025-06-12 08:38:00,23.4
2025-06-12 04:16:00,9.5
2025-06-12 21:07:00,49.66792053602915
2025-06-12 18:37:00,12.7
2025-06-12 07:54:00,55.0
2025-06-12 01:27:00,49.5
2025-06-12 18:58:00,83.8
2025-06-12 01:12:00,32.6
2025-06-12 08:47:00,14.2
2025-06-12 11:10:00,52.9
2025-06-12 06:09:00,44.0
2025-06-12 11:06:00,49.66792053602915
2025-06-12 12:54:00,31.4
2025-06-12 02:33:00,49.66792053602915
2025-06-12 13:59:00,37.0
2025-06-12 18:33:00,27.5
2025-06-12 17:31:00,49.66792053602915
2025-06-12 16:10:00,49.66792053602915
2025-06-12 13:13:00,78.9
2025-06-12 21:20:00,68.6
2025-06-12 20:39:00,67.5
2025-06-12 14:46:00,22.6
2025-06-12 16:42:00,66.4
2025-06-12 03:35:00,98.0
2025-06-12 13:43:00,70.6
2025-06-12 10:22:00,73.5
2025-06-12 11:59:00,64.5
2025-06-12 16:58:00,81.0
2025-06-12 09:11:00,83.3
2025-06-12 13:57:00,30.0
2025-06-12 08:59:00,49.66792053602915
2025-06-12 20:57:00,17.4
2025-06-12 23:51:00,25.2
2025-06-12 22:29:00,71.8
2025-06-12 02:03:00,30.1
2025-06-12 13:12:00,14.5
2025-06-12 00:46:00,49.66792053602915
2025-06-12 17:09:00,91.9
2025-06-12 18:09:00,49.66792053602915
2025-06-12 00:54:00,61.3
2025-06-12 09:28:00,49.66792053602915
2025-06-12 09:03:00,42.2
2025-06-12 19:15:00,18.0
2025-06-12 14:17:00,45.8
2025-06-12 11:56:00,83.1
2025-06-12 10:43:00,61.2
2025-06-12 20:18:00,39.8
2025-06-12 18:08:00,49.66792053602915
2025-06-12 03:39:00,44.4
2025-06-12 10:09:00,18.4
2025-06-12 15:38:00,97.6
2025-06-12 13:30:00,10.5
2025-06-12 08:57:00,49.66792053602915
2025-06-12 13:11:00,42.6
2025-06-12 23:41:00,2.3
2025-06-12 15:33:00,23.0
2025-06-12 18:31:00,54.7
2025-06-12 11:01:00,0.5
2025-06-12 06:46:00,3.3
2025-06-12 14:13:00,38.2
2025-06-12 07:15:00,88.0
2025-06-12 22:26:00,49.66792053602915
2025-06-12 23:56:00,35.8
2025-06-12 04:19:00,50.9
2025-06-12 02:42:00,32.1
2025-06-12 00:05:00,58.7
2025-06-12 23:16:00,87.3
2025-06-12 08:47:00,54.8
2025-06-12 21:59:00,76.7
2025-06-12 03:15:00,15.8
2025-06-12 12:34:00,56.2
2025-06-12 04:47:00,49.66792053602915
2025-06-12 18:32:00,25.4
2025-06-12 22:49:00,88.6
2025-06-12 04:43:00,51.8
2025-06-12 08:46:00,49.66792053602915
2025-06-12 00:56:00,7.9
2025-06-12 10:19:00,62.5
2025-06-12 20:28:00,39.3
2025-06-12 16:38:00,42.3
2025-06-12 06:04:00,17.5
2025-06-12 21:54:00,9.0
2025-06-12 00:37:00,32.4
2025-06-12 08:06:00,49.66792053602915
2025-06-12 02:46:00,2.5
2025-06-12 17:20:00,65.7
2025-06-12 11:06:00,25.5
2025-06-12 11:26:00,45.7
2025-06-12 13:18:00,17.7
2025-06-12 01:30:00,49.66792053602915
2025-06-12 19:10:00,12.7
2025-06-12 14:26:00,49.66792053602915
2025-06-12 12:43:00,58.3
2025-06-12 07:20:00,18.9
2025-06-12 12:21:00,3.9
2025-06-12 02:11:00,44.5
2025-06-12 06:49:00,8.1
2025-06-12 13:07:00,29.0
2025-06-12 02:16:00,16.4
2025-06-12 08:04:00,39.3
2025-06-12 01:16:00,68.6
2025-06-12 20:42:00,57.3
2025-06-12 14:20:00,41.3
2025-06-12 01:56:00,68.0
2025-06-12 13:59:00,96.9
2025-06-12 10:32:00,82.9
2025-06-12 13:50:00,51.7
2025-06-12 18:28:00,88.5
2025-06-12 18:01:00,49.66792053602915
2025-06-12 20:13:00,8.3
2025-06-12 03:00:00,9.1
2025-06-12 19:41:00,9.7
2025-06-12 06:10:00,49.66792053602915
2025-06-12 08:53:00,68.1
2025-06-12 08:13:00,24.6
2025-06-12 18:50:00,90.1
2025-06-12 05:10:00,23.8
2025-06-12 13:09:00,8.3
2025-06-12 22:49:00,52.0
2025-06-12 21:04:00,6.9
2025-06-12 08:30:00,60.4
2025-06-12 23:47:00,86.9
2025-06-12 04:58:00,32.3
2025-06-12 21:38:00,49.66792053602915
2025-06-12 04:23:00,49.66792053602915
2025-06-12 19:20:00,64.1
2025-06-12 11:56:00,75.8
2025-06-12 11:56:00,20.6
2025-06-12 20:30:00,6.5
2025-06-12 15:00:00,2.1
2025-06-12 21:18:00,9.2
2025-06-12 21:25:00,49.66792053602915
2025-06-12 17:19:00,57.8
2025-06-12 14:58:00,49.66792053602915
2025-06-12 10:12:00,55.0
2025-06-12 01:14:00,80.5
2025-06-12 15:44:00,30.2
2025-06-12 00:45:00,93.4
2025-06-12 14:51:00,73.4
2025-06-12 03:29:00,49.66792053602915
2025-06-12 11:26:00,82.1
2025-06-12 11:06:00,47.3
2025-06-12 13:35:00,11.5
2025-06-12 05:28:00,17.1
2025-06-12 06:33:00,72.8
2025-06-12 21:25:00,49.66792053602915
2025-06-12 22:38:00,10.6
2025-06-12 09:18:00,49.66792053602915
2025-06-12 09:22:00,83.2
2025-06-12 00:23:00,67.9
2025-06-12 14:46:00,49.66792053602915
2025-06-12 21:49:00,52.3
2025-06-12 05:26:00,80.5
2025-06-12 21:47:00,60.7
2025-06-12 21:11:00,49.66792053602915
2025-06-12 19:37:00,69.6
2025-06-12 10:07:00,9.0
2025-06-12 06:43:00,23.0
2025-06-12 06:57:00,39.2
2025-06-12 08:27:00,31.5
2025-06-12 07:55:00,95.0
2025-06-12 03:23:00,12.9
2025-06-12 00:32:00,64.0
2025-06-12 15:54:00,19.4
2025-06-12 07:36:00,17.9
2025-06-12 03:59:00,78.9
2025-06-12 21:10:00,79.8
2025-06-12 10:06:00,7.5
2025-06-12 06:21:00,2.2
2025-06-12 21:29:00,74.1
2025-06-12 07:45:00,49.66792053602915
2025-06-12 00:15:00,49.66792053602915
2025-06-12 00:06:00,37.2
2025-06-12 02:13:00,16.8
2025-06-12 08:51:00,49.66792053602915
2025-06-12 11:39:00,62.9
2025-06-12 05:28:00,70.4
2025-06-12 22:16:00,69.1
2025-06-12 22:08:00,95.9
2025-06-12 20:35:00,46.1
2025-06-12 14:15:00,49.66792053602915
2025-06-12 18:02:00,31.9
2025-06-12 15:08:00,80.1
2025-06-12 10:43:00,3.6
2025-06-12 05:35:00,58.6
2025-06-12 20:54:00,60.8
2025-06-12 05:05:00,47.7
2025-06-12 03:08:00,10.7
2025-06-12 19:42:00,82.2
2025-06-12 10:29:00,41.0
2025-06-12 18:31:00,19.7
2025-06-12 00:59:00,31.4
2025-06-12 18:52:00,4.7
2025-06-12 16:08:00,17.1
2025-06-12 17:55:00,9.2
2025-06-12 13:18:00,5.3
2025-06-12 15:27:00,65.8
2025-06-12 18:28:00,49.66792053602915
2025-06-12 17:04:00,66.8
2025-06-12 18:46:00,16.6
2025-06-12 07:30:00,42.2
2025-06-12 20:15:00,27.5
2025-06-12 04:11:00,7.2
2025-06-12 04:03:00,49.66792053602915
2025-06-12 07:51:00,56.7
2025-06-12 19:55:00,25.2
2025-06-12 08:36:00,29.8
2025-06-12 18:33:00,49.66792053602915
2025-06-12 23:06:00,77.6
2025-06-12 03:39:00,34.8
2025-06-12 05:30:00,36.7
2025-06-12 16:21:00,72.2
2025-06-12 04:45:00,77.7
2025-06-12 19:08:00,68.4
2025-06-12 19:02:00,20.6
2025-06-12 07:06:00,15.6
2025-06-12 04:16:00,53.3
2025-06-12 02:38:00,13.5
2025-06-12 01:16:00,49.66792053602915
2025-06-12 22:17:00,49.66792053602915
2025-06-12 08:10:00,80.3
2025-06-12 21:26:00,58.6
2025-06-12 07:53:00,68.8
2025-06-12 04:33:00,38.6
2025-06-12 01:41:00,30.4
2025-06-12 03:40:00,45.3
2025-06-12 01:46:00,93.3
2025-06-12 16:47:00,93.6
2025-06-12 17:34:00,91.6
2025-06-12 10:34:00,49.66792053602915
2025-06-12 08:52:00,45.1
2025-06-12 12:05:00,49.66792053602915
2025-06-12 21:38:00,29.2
2025-06-12 01:09:00,77.0
2025-06-12 01:34:00,70.3
2025-06-12 06:35:00,55.0
2025-06-12 05:50:00,3.8
2025-06-12 21:06:00,39.6
2025-06-12 22:18:00,19.0
2025-06-12 01:17:00,88.6
2025-06-12 20:29:00,49.66792053602915
2025-06-12 08:41:00,9.8
2025-06-12 10:25:00,97.7
2025-06-12 15:18:00,59.8
2025-06-12 03:20:00,49.1
2025-06-12 15:14:00,43.0
2025-06-12 08:14:00,6.8
2025-06-12 07:35:00,49.66792053602915
2025-06-12 16:14:00,80.3
2025-06-12 10:03:00,55.0
2025-06-12 11:22:00,49.66792053602915
2025-06-12 07:39:00,54.6
2025-06-12 19:48:00,49.66792053602915
2025-06-12 19:19:00,3.9
2025-06-12 12:25:00,49.66792053602915
2025-06-12 14:52:00,16.5
2025-06-12 23:58:00,66.8
2025-06-12 02:29:00,21.4
2025-06-12 08:04:00,49.66792053602915
2025-06-12 16:27:00,12.1
2025-06-12 06:38:00,17.4
2025-06-12 04:50:00,37.0
2025-06-12 03:50:00,56.5
2025-06-12 18:30:00,26.0
2025-06-12 18:41:00,58.2
2025-06-12 06:35:00,93.4
2025-06-12 10:34:00,33.8
2025-06-12 09:00:00,50.4
2025-06-12 00:01:00,19.2
2025-06-12 22:23:00,93.8
2025-06-12 16:10:00,25.3
2025-06-12 07:36:00,49.82591552591553
2025-06-12 22:57:00,35.7
2025-06-12 23:02:00,75.6
2025-06-12 12:11:00,62.2
2025-06-12 22:42:00,87.8
2025-06-12 00:11:00,89.9
2025-06-12 16:36:00,70.9
2025-06-12 09:19:00,40.5
2025-06-12 09:38:00,49.82591552591553
2025-06-12 11:24:00,10.1
2025-06-12 21:25:00,3.1
2025-06-12 18:42:00,84.1
2025-06-12 04:25:00,91.9
2025-06-12 22:48:00,40.5
2025-06-12 17:57:00,96.1
2025-06-12 15:17:00,76.1
2025-06-12 00:37:00,72.3
2025-06-12 09:01:00,51.0
2025-06-12 17:02:00,30.9
2025-06-12 21:05:00,2.2
2025-06-12 14:43:00,49.82591552591553
2025-06-12 13:39:00,19.2
2025-06-12 09:51:00,100.0
2025-06-12 10:29:00,49.82591552591553
2025-06-12 17:59:00,49.82591552591553
2025-06-12 03:15:00,46.3
2025-06-12 04:50:00,90.4
2025-06-12 18:29:00,93.6
2025-06-12 08:52:00,36.5
2025-06-12 06:47:00,10.5
2025-06-12 21:23:00,48.6
2025-06-12 09:31:00,49.82591552591553
2025-06-12 05:30:00,50.3
2025-06-12 12:22:00,4.0
2025-06-12 02:21:00,17.4
2025-06-12 05:01:00,3.9
2025-06-12 02:12:00,49.82591552591553
2025-06-12 14:22:00,49.82591552591553
2025-06-12 16:19:00,87.0
2025-06-12 14:31:00,44.3
2025-06-12 08:41:00,91.3
2025-06-12 07:03:00,49.82591552591553
2025-06-12 09:15:00,27.2
2025-06-12 06:17:00,49.82591552591553
2025-06-12 22:03:00,25.7
2025-06-12 23:05:00,49.82591552591553
2025-06-12 15:11:00,50.5
2025-06-12 17:46:00,46.4
2025-06-12 15:04:00,93.2
2025-06-12 13:44:00,69.5
2025-06-12 23:09:00,40.2
2025-06-12 13:11:00,98.9
2025-06-12 03:10:00,56.9
2025-06-12 13:27:00,92.9
2025-06-12 16:03:00,55.5
2025-06-12 15:00:00,61.5
2025-06-12 22:03:00,24.5
2025-06-12 14:22:00,91.8
2025-06-12 16:29:00,70.2
2025-06-12 07:32:00,72.4
2025-06-12 05:58:00,64.1
2025-06-12 17:52:00,49.82591552591553
2025-06-12 00:29:00,49.82591552591553
2025-06-12 14:27:00,94.9
2025-06-12 05:24:00,21.1
2025-06-12 02:49:00,46.6
2025-06-12 01:18:00,64.4
2025-06-12 07:38:00,83.2
2025-06-12 00:47:00,82.1
2025-06-12 02:08:00,53.8
2025-06-12 20:11:00,94.6
2025-06-12 04:57:00,24.1
2025-06-12 10:38:00,11.8
2025-06-12 05:17:00,63.6
2025-06-12 08:09:00,40.9
2025-06-12 11:43:00,49.82591552591553
2025-06-12 15:11:00,48.8
2025-06-12 04:23:00,42.9
2025-06-12 23:48:00,59.3
2025-06-12 07:45:00,49.82591552591553
2025-06-12 09:45:00,49.82591552591553
2025-06-12 20:54:00,45.6
2025-06-12 03:33:00,22.4
2025-06-12 10:20:00,38.0
2025-06-12 16:17:00,38.5
2025-06-12 12:06:00,73.9
2025-06-12 13:20:00,49.82591552591553
2025-06-12 00:36:00,49.82591552591553
2025-06-12 14:43:00,5.9
2025-06-12 09:33:00,58.1
2025-06-12 09:56:00,34.4
2025-06-12 15:27:00,86.9
2025-06-12 01:00:00,91.3
2025-06-12 05:41:00,59.9
2025-06-12 12:30:00,50.0
2025-06-12 04:26:00,85.5
2025-06-12 08:20:00,62.2
2025-06-12 01:44:00,70.1
2025-06-12 04:46:00,82.3
2025-06-12 18:48:00,49.82591552591553
2025-06-12 01:29:00,21.0
2025-06-12 12:05:00,19.5
2025-06-12 18:20:00,88.1
2025-06-12 10:44:00,90.9
2025-06-12 02:40:00,55.4
2025-06-12 22:32:00,89.7
2025-06-12 13:19:00,47.8
2025-06-12 17:06:00,32.8
2025-06-12 20:36:00,71.4
2025-06-12 14:18:00,49.82591552591553
2025-06-12 00:01:00,49.82591552591553
2025-06-12 18:04:00,42.7
2025-06-12 22:03:00,56.7
2025-06-12 23:01:00,75.5
2025-06-12 00:33:00,15.0
2025-06-12 19:33:00,79.3
2025-06-12 15:16:00,4.1
2025-06-12 22:19:00,16.7
2025-06-12 08:52:00,68.7
2025-06-12 14:04:00,68.3
2025-06-12 19:46:00,7.1
2025-06-12 18:11:00,49.82591552591553
2025-06-12 06:51:00,77.6
2025-06-12 00:04:00,91.7
2025-06-12 15:53:00,49.82591552591553
2025-06-12 19:23:00,40.3
2025-06-12 23:52:00,71.9
2025-06-12 05:14:00,12.7
2025-06-12 21:37:00,79.4
2025-06-12 17:26:00,2.4
2025-06-12 04:04:00,11.7
2025-06-12 13:33:00,67.6
2025-06-12 07:47:00,80.0
2025-06-12 07:04:00,30.0
2025-06-12 03:57:00,25.6
2025-06-12 22:46:00,21.9
2025-06-12 16:19:00,85.6
2025-06-12 08:40:00,19.1
2025-06-12 23:26:00,16.1
2025-06-12 03:30:00,49.82591552591553
2025-06-12 12:16:00,48.6
2025-06-12 08:51:00,27.2
2025-06-12 15:03:00,16.1
2025-06-12 15:52:00,88.0
2025-06-12 07:37:00,49.82591552591553
2025-06-12 11:23:00,25.4
2025-06-12 23:25:00,7.8
2025-06-12 06:38:00,60.0
2025-06-12 21:02:00,12.7
2025-06-12 20:12:00,73.0
2025-06-12 22:42:00,92.9
2025-06-12 05:52:00,5.0
2025-06-12 08:58:00,49.82591552591553
2025-06-12 10:38:00,26.6
2025-06-12 02:17:00,28.2
2025-06-12 13:49:00,70.1
2025-06-12 22:11:00,39.0
2025-06-12 02:21:00,45.9
2025-06-12 12:35:00,83.9
2025-06-12 11:00:00,49.82591552591553
2025-06-12 01:21:00,97.3
2025-06-12 02:41:00,91.6
2025-06-12 13:47:00,81.7
2025-06-12 11:16:00,87.3
2025-06-12 16:24:00,49.82591552591553
2025-06-12 12:42:00,31.2
2025-06-12 17:11:00,19.3
2025-06-12 22:38:00,32.7
2025-06-12 16:50:00,98.2
2025-06-12 04:48:00,49.82591552591553
2025-06-12 18:46:00,58.1
2025-06-12 03:05:00,50.7
2025-06-12 05:55:00,13.4
2025-06-12 08:10:00,40.6
2025-06-12 15:00:00,34.5
2025-06-12 01:06:00,93.1
2025-06-12 02:46:00,48.9
2025-06-12 05:39:00,74.1
2025-06-12 09:09:00,49.82591552591553
2025-06-12 03:37:00,95.6
2025-06-12 12:45:00,95.0
2025-06-12 00:43:00,25.5
2025-06-12 12:07:00,1.6
2025-06-12 10:56:00,17.2
2025-06-12 09:42:00,16.3
2025-06-12 12:09:00,49.82591552591553
2025-06-12 07:54:00,96.5
2025-06-12 20:42:00,99.2
2025-06-12 03:53:00,84.3
2025-06-12 02:56:00,49.82591552591553
2025-06-12 05:29:00,97.9
2025-06-12 11:09:00,98.7
2025-06-12 06:22:00,52.2
2025-06-12 23:49:00,25.0
2025-06-12 13:12:00,59.0
2025-06-12 23:55:00,77.7
2025-06-12 13:18:00,49.82591552591553
2025-06-12 21:08:00,26.9
2025-06-12 06:31:00,79.5
2025-06-12 23:02:00,49.82591552591553
2025-06-12 23:55:00,11.0
2025-06-12 05:00:00,15.0
2025-06-12 21:42:00,49.5
2025-06-12 10:39:00,90.9
2025-06-12 19:38:00,48.1
2025-06-12 14:05:00,0.4
2025-06-12 20:28:00,66.0
2025-06-12 07:49:00,46.9
2025-06-12 03:00:00,30.5
2025-06-12 05:28:00,79.6
2025-06-12 05:34:00,88.8
2025-06-12 18:32:00,18.9
2025-06-12 09:13:00,77.3
2025-06-12 03:57:00,7.4
2025-06-12 12:27:00,27.4
2025-06-12 08:56:00,50.6
2025-06-12 00:47:00,49.82591552591553
2025-06-12 15:11:00,92.0
2025-06-12 16:58:00,21.5
2025-06-12 23:34:00,37.3
2025-06-12 22:05:00,85.8
2025-06-12 04:16:00,31.3
2025-06-12 04:09:00,2.3
2025-06-12 19:51:00,23.0
2025-06-12 09:40:00,49.82591552591553
2025-06-12 13:21:00,93.9
2025-06-12 22:13:00,66.9
2025-06-12 15:41:00,1.9
2025-06-12 18:34:00,62.1
2025-06-12 22:43:00,6.0
2025-06-12 01:03:00,92.4
2025-06-12 16:29:00,43.2
2025-06-12 10:51:00,17.0
2025-06-12 03:30:00,49.82591552591553
2025-06-12 05:57:00,77.8
2025-06-12 18:04:00,62.3
2025-06-12 23:30:00,30.0
2025-06-12 11:42:00,25.9
2025-06-12 20:44:00,92.5
2025-06-12 00:25:00,49.82591552591553
2025-06-12 14:12:00,37.1
2025-06-12 08:40:00,98.6
2025-06-12 21:54:00,0.4
2025-06-12 21:40:00,78.5
2025-06-12 20:00:00,55.9
2025-06-12 16:19:00,42.0
2025-06-12 19:41:00,56.6
2025-06-12 03:30:00,35.1
2025-06-12 04:03:00,99.3
2025-06-12 16:16:00,49.82591552591553
2025-06-12 15:00:00,49.82591552591553
2025-06-12 16:42:00,90.9
2025-06-12 00:50:00,23.9
2025-06-12 04:33:00,93.9
2025-06-12 10:16:00,74.1
2025-06-12 02:07:00,47.9
2025-06-12 18:27:00,49.82591552591553
2025-06-12 21:28:00,32.6
2025-06-12 18:50:00,76.9
2025-06-12 23:42:00,50.7
2025-06-12 03:39:00,10.6
2025-06-12 19:03:00,55.2
2025-06-12 21:25:00,81.3
2025-06-12 11:47:00,48.7
2025-06-12 17:27:00,49.82591552591553
2025-06-12 12:59:00,18.3
2025-06-12 18:49:00,73.9
2025-06-12 14:15:00,8.7
2025-06-12 00:28:00,31.8
2025-06-12 14:33:00,23.6
2025-06-12 18:09:00,67.7
2025-06-12 20:39:00,75.2
2025-06-12 09:01:00,12.5
2025-06-12 17:23:00,74.8
2025-06-12 08:38:00,49.82591552591553
2025-06-12 12:18:00,83.3
2025-06-12 12:31:00,53.3
2025-06-12 21:47:00,79.7
2025-06-12 15:12:00,49.82591552591553
2025-06-12 18:21:00,5.9
2025-06-12 17:54:00,99.3
2025-06-12 07:12:00,94.0
2025-06-12 07:30:00,69.0
2025-06-12 18:28:00,37.7
2025-06-12 04:39:00,61.8
2025-06-12 08:27:00,81.0
2025-06-12 01:04:00,62.0
2025-06-12 12:53:00,7.3
2025-06-12 16:00:00,20.8
2025-06-12 20:47:00,77.7
2025-06-12 21:42:00,50.7
2025-06-12 06:06:00,49.82591552591553
2025-06-12 18:55:00,60.2
2025-06-12 14:19:00,34.2
2025-06-12 22:17:00,13.1
2025-06-12 23:44:00,77.2
2025-06-12 07:34:00,83.8
2025-06-12 13:21:00,10.3
2025-06-12 17:08:00,12.5
2025-06-12 15:34:00,73.3
2025-06-12 08:21:00,49.82591552591553
2025-06-12 21:07:00,44.3
2025-06-12 15:34:00,43.5
2025-06-12 02:58:00,49.82591552591553
2025-06-12 17:46:00,44.4
2025-06-12 20:24:00,47.0
2025-06-12 03:01:00,87.9
2025-06-12 07:41:00,75.2
2025-06-12 15:20:00,97.6
2025-06-12 10:44:00,49.82591552591553
2025-06-12 15:36:00,57.4
2025-06-12 02:02:00,16.0
2025-06-12 09:21:00,11.4
2025-06-12 21:53:00,60.5
2025-06-12 23:50:00,49.82591552591553
2025-06-12 09:12:00,56.7
2025-06-12 06:03:00,55.7
2025-06-12 18:41:00,65.0
2025-06-12 20:07:00,12.0
2025-06-12 13:54:00,4.6
2025-06-12 10:58:00,43.7
2025-06-12 06:44:00,70.6
2025-06-12 13:22:00,75.4
2025-06-12 10:16:00,53.9
2025-06-12 13:59:00,49.2
2025-06-12 07:51:00,62.0
2025-06-12 08:02:00,90.3
2025-06-12 19:36:00,49.82264106490752
2025-06-12 08:26:00,10.4
2025-06-12 09:47:00,63.8
2025-06-12 17:00:00,82.1
2025-06-12 01:19:00,3.3
2025-06-12 10:26:00,18.8
2025-06-12 13:52:00,89.5
2025-06-12 01:12:00,49.82264106490752
2025-06-12 04:39:00,60.2
2025-06-12 08:50:00,46.0
2025-06-12 11:09:00,5.7
2025-06-12 05:42:00,35.2
2025-06-12 06:40:00,18.3
2025-06-12 01:42:00,54.4
2025-06-12 13:41:00,49.82264106490752
2025-06-12 20:00:00,49.82264106490752
2025-06-12 03:30:00,37.8
2025-06-12 23:13:00,78.8
2025-06-12 18:39:00,49.82264106490752
2025-06-12 13:52:00,34.2
2025-06-12 19:52:00,7.5
2025-06-12 01:37:00,92.3
2025-06-12 16:43:00,36.1
2025-06-12 14:43:00,90.4
2025-06-12 15:31:00,2.1
2025-06-12 04:00:00,49.2
2025-06-12 21:12:00,79.9
2025-06-12 10:53:00,55.7
2025-06-12 08:07:00,85.1
2025-06-12 09:24:00,21.7
2025-06-12 05:36:00,49.1
2025-06-12 17:25:00,20.3
2025-06-12 13:27:00,48.8
2025-06-12 16:35:00,81.7
2025-06-12 01:13:00,49.82264106490752
2025-06-12 17:48:00,12.8
2025-06-12 00:09:00,79.8
2025-06-12 09:09:00,70.5
2025-06-12 13:21:00,78.7
2025-06-12 17:44:00,81.9
2025-06-12 12:51:00,18.1
2025-06-12 18:36:00,46.5
2025-06-12 21:03:00,69.4
2025-06-12 00:40:00,58.1
2025-06-12 06:21:00,49.82264106490752
2025-06-12 14:15:00,11.7
2025-06-12 01:16:00,96.9
2025-06-12 05:02:00,49.82264106490752
2025-06-12 18:57:00,60.4
2025-06-12 15:22:00,2.0
2025-06-12 19:05:00,5.7
2025-06-12 07:04:00,49.82264106490752
2025-06-12 05:03:00,49.82264106490752
2025-06-12 13:43:00,93.2
2025-06-12 13:40:00,67.6
2025-06-12 22:34:00,14.4
2025-06-12 19:20:00,91.9
2025-06-12 11:37:00,13.0
2025-06-12 00:25:00,49.82264106490752
2025-06-12 07:25:00,58.6
2025-06-12 09:18:00,45.6
2025-06-12 08:00:00,49.82264106490752
2025-06-12 11:39:00,80.4
2025-06-12 10:06:00,49.82264106490752
2025-06-12 03:36:00,44.7
2025-06-12 18:58:00,87.9
2025-06-12 22:12:00,49.82264106490752
2025-06-12 19:51:00,16.5
2025-06-12 06:52:00,95.8
2025-06-12 14:29:00,73.7
2025-06-12 15:27:00,20.4
2025-06-12 15:30:00,53.6
2025-06-12 03:09:00,10.3
2025-06-12 08:26:00,0.8
2025-06-12 12:46:00,68.5
2025-06-12 04:59:00,84.7
2025-06-12 13:51:00,74.7
2025-06-12 20:29:00,36.6
2025-06-12 12:40:00,78.4
2025-06-12 10:37:00,57.9
2025-06-12 02:04:00,4.1
2025-06-12 07:21:00,39.5
2025-06-12 17:16:00,38.4
2025-06-12 01:39:00,17.6
2025-06-12 00:06:00,24.7
2025-06-12 21:02:00,49.82264106490752
2025-06-12 15:43:00,10.0
2025-06-12 15:59:00,60.8
2025-06-12 11:32:00,49.82264106490752
2025-06-12 11:43:00,8.4
2025-06-12 16:14:00,76.8
2025-06-12 10:05:00,41.6
2025-06-12 11:34:00,13.1
2025-06-12 03:02:00,68.2
2025-06-12 16:35:00,54.4
2025-06-12 16:24:00,80.1
2025-06-12 18:37:00,47.7
2025-06-12 03:37:00,21.7
2025-06-12 01:50:00,50.0
2025-06-12 02:24:00,62.7
2025-06-12 21:28:00,2.6
2025-06-12 02:37:00,38.8
2025-06-12 11:26:00,27.2
2025-06-12 14:29:00,27.6
2025-06-12 00:45:00,59.5
2025-06-12 23:03:00,82.4
2025-06-12 02:48:00,10.9
2025-06-12 19:09:00,49.82264106490752
2025-06-12 03:50:00,8.6
2025-06-12 01:14:00,68.6
2025-06-12 05:45:00,2.9
2025-06-12 22:33:00,65.2
2025-06-12 22:34:00,28.2
2025-06-12 20:55:00,9.9
2025-06-12 22:19:00,93.3
2025-06-12 22:37:00,49.82264106490752
2025-06-12 06:21:00,80.3
2025-06-12 06:35:00,83.6
2025-06-12 09:53:00,15.0
2025-06-12 13:37:00,5.0
2025-06-12 20:26:00,9.6
2025-06-12 02:35:00,49.82264106490752
2025-06-12 02:38:00,60.4
2025-06-12 02:34:00,29.5
2025-06-12 19:10:00,67.4
2025-06-12 07:59:00,88.5
2025-06-12 17:38:00,87.6
2025-06-12 09:13:00,35.9
2025-06-12 04:17:00,49.82264106490752
2025-06-12 12:07:00,87.3
2025-06-12 04:29:00,59.7
2025-06-12 21:57:00,2.3
2025-06-12 07:01:00,52.7
2025-06-12 17:34:00,15.5
2025-06-12 18:33:00,80.6
2025-06-12 18:23:00,76.3
2025-06-12 22:52:00,20.4
2025-06-12 19:57:00,12.5
2025-06-12 14:59:00,21.6
2025-06-12 22:27:00,6.4
2025-06-12 03:26:00,30.7
2025-06-12 10:00:00,9.0
2025-06-12 17:23:00,27.5
2025-06-12 06:39:00,49.82264106490752
2025-06-12 21:42:00,49.82264106490752
2025-06-12 15:02:00,58.2
2025-06-12 00:26:00,49.82264106490752
2025-06-12 19:32:00,48.7
2025-06-12 07:14:00,49.82264106490752
2025-06-12 11:03:00,2.4
2025-06-12 22:27:00,49.82264106490752
2025-06-12 13:43:00,48.0
2025-06-12 04:58:00,33.3
2025-06-12 23:40:00,1.3
2025-06-12 10:08:00,57.2
2025-06-12 04:00:00,92.2
2025-06-12 14:08:00,34.9
2025-06-12 00:49:00,42.6
2025-06-12 13:45:00,49.82264106490752
2025-06-12 13:59:00,54.0
2025-06-12 14:13:00,49.82264106490752
2025-06-12 00:34:00,88.9
2025-06-12 20:49:00,49.82264106490752
2025-06-12 00:44:00,3.8
2025-06-12 04:15:00,47.3
2025-06-12 19:58:00,4.6
2025-06-12 09:19:00,14.1
2025-06-12 14:06:00,49.82264106490752
2025-06-12 21:10:00,49.82264106490752
2025-06-12 15:11:00,56.2
2025-06-12 17:33:00,96.9
2025-06-12 23:40:00,21.6
2025-06-12 19:53:00,49.82264106490752
2025-06-12 14:34:00,48.5
2025-06-12 21:38:00,48.8
2025-06-12 18:33:00,70.4
2025-06-12 14:05:00,1.2
2025-06-12 01:39:00,49.82264106490752
2025-06-12 10:21:00,49.82264106490752
2025-06-12 23:53:00,8.7
2025-06-12 00:15:00,45.2
2025-06-12 09:06:00,49.82264106490752
2025-06-12 08:20:00,49.82264106490752
2025-06-12 05:54:00,49.82264106490752
2025-06-12 15:31:00,85.7
2025-06-12 15:29:00,11.1
2025-06-12 11:09:00,36.9
2025-06-12 16:15:00,49.82264106490752
2025-06-12 06:04:00,64.7
2025-06-12 22:36:00,68.6
2025-06-12 01:31:00,5.4
2025-06-12 11:44:00,37.7
2025-06-12 10:09:00,94.0
2025-06-12 07:06:00,66.5
2025-06-12 12:37:00,32.4
2025-06-12 17:19:00,3.2
2025-06-12 14:55:00,90.2
2025-06-12 15:39:00,7.9
2025-06-12 19:26:00,49.82264106490752
2025-06-12 07:39:00,49.82264106490752
2025-06-12 06:06:00,5.6
2025-06-12 03:14:00,82.6
2025-06-12 06:32:00,63.2
2025-06-12 17:13:00,23.1
2025-06-12 04:23:00,15.7
2025-06-12 06:33:00,73.7
2025-06-12 23:36:00,49.82264106490752
2025-06-12 02:23:00,8.6
2025-06-12 13:00:00,96.8
2025-06-12 03:16:00,5.5
2025-06-12 05:32:00,56.0
2025-06-12 21:39:00,87.8
2025-06-12 16:30:00,41.0
2025-06-12 10:46:00,55.4
2025-06-12 14:56:00,74.0
2025-06-12 15:55:00,38.4
2025-06-12 17:54:00,49.82264106490752
2025-06-12 14:57:00,52.3
2025-06-12 14:12:00,62.7
2025-06-12 10:18:00,85.8
2025-06-12 09:28:00,91.7
2025-06-12 12:52:00,34.8
2025-06-12 07:11:00,19.5
2025-06-12 17:14:00,9.3
2025-06-12 08:54:00,13.4
2025-06-12 09:59:00,71.8
2025-06-12 03:02:00,94.5
2025-06-12 14:01:00,19.3
2025-06-12 18:46:00,3.1
2025-06-12 07:13:00,49.82264106490752
2025-06-12 02:48:00,79.3
2025-06-12 22:11:00,48.8
2025-06-12 01:16:00,16.4
2025-06-12 12:36:00,3.0
2025-06-12 18:28:00,14.0
2025-06-12 09:14:00,49.82264106490752
2025-06-12 00:52:00,37.4
2025-06-12 21:31:00,96.7
2025-06-12 18:30:00,32.6
2025-06-12 17:01:00,49.82264106490752
2025-06-12 15:32:00,11.4
2025-06-12 07:54:00,28.3
2025-06-12 16:57:00,3.0
2025-06-12 17:51:00,49.82264106490752
2025-06-12 01:55:00,58.3
2025-06-12 06:45:00,81.9
2025-06-12 23:08:00,69.5
2025-06-12 09:19:00,41.4
2025-06-12 08:29:00,15.4
2025-06-12 02:10:00,49.2
2025-06-12 17:10:00,67.3
2025-06-12 06:47:00,61.1
2025-06-12 03:51:00,75.5
2025-06-12 20:01:00,49.82264106490752
2025-06-12 01:13:00,1.7
2025-06-12 16:31:00,49.82264106490752
2025-06-12 20:05:00,88.7
2025-06-12 03:29:00,35.2
2025-06-12 15:25:00,4.6
2025-06-12 19:20:00,52.9
2025-06-12 05:04:00,98.4
2025-06-12 08:02:00,35.1
2025-06-12 13:07:00,86.6
2025-06-12 09:01:00,64.9
2025-06-12 10:43:00,83.5
2025-06-12 10:10:00,9.1
2025-06-12 11:20:00,85.5
2025-06-12 17:24:00,21.5
2025-06-12 00:50:00,66.2
2025-06-12 14:04:00,43.0
2025-06-12 15:45:00,49.82264106490752
2025-06-12 00:19:00,43.6
2025-06-12 19:38:00,46.0
2025-06-12 07:02:00,30.2
2025-06-12 14:05:00,41.1
2025-06-12 23:35:00,49.1
2025-06-12 08:22:00,46.9
2025-06-12 16:33:00,1.8
2025-06-12 02:01:00,3.3
2025-06-12 06:30:00,6.4
2025-06-12 00:16:00,2.8
2025-06-12 13:21:00,49.82264106490752
2025-06-12 19:02:00,19.9
2025-06-12 08:12:00,21.9
2025-06-12 16:18:00,10.0
2025-06-12 21:12:00,53.4
2025-06-12 20:31:00,82.5
2025-06-12 19:42:00,40.1
2025-06-12 04:18:00,49.82264106490752
2025-06-12 19:00:00,86.3
2025-06-12 08:28:00,29.5
2025-06-12 18:36:00,5.2
2025-06-12 14:59:00,55.9
2025-06-12 19:18:00,1.1
2025-06-12 10:07:00,44.6
2025-06-12 05:42:00,80.5
2025-06-12 08:24:00,20.0
2025-06-12 20:19:00,75.0
2025-06-12 22:18:00,52.6
2025-06-12 20:00:00,86.4
2025-06-12 15:14:00,85.5
2025-06-12 20:48:00,50.2
2025-06-12 17:40:00,25.8
2025-06-12 15:49:00,37.8
2025-06-12 21:15:00,49.82264106490752
2025-06-12 07:42:00,8.1
2025-06-12 21:50:00,20.8
2025-06-12 11:50:00,45.5
2025-06-12 01:02:00,49.82264106490752
2025-06-12 19:23:00,24.9
2025-06-12 15:11:00,49.82264106490752
2025-06-12 15:30:00,36.4
2025-06-12 20:36:00,22.8
2025-06-12 04:50:00,46.9
2025-06-12 18:43:00,1.8
2025-06-12 19:36:00,19.7
2025-06-12 16:38:00,41.2
2025-06-12 13:17:00,26.4
2025-06-12 00:54:00,73.1
2025-06-12 15:38:00,80.8
2025-06-12 18:56:00,86.4
2025-06-12 16:09:00,91.8
2025-06-12 11:46:00,49.82264106490752
2025-06-12 22:41:00,49.82264106490752
2025-06-12 06:07:00,53.9
2025-06-12 08:08:00,11.1
2025-06-12 14:41:00,14.6
2025-06-12 05:28:00,90.1
2025-06-12 11:28:00,57.7
2025-06-12 10:02:00,57.8
2025-06-12 17:29:00,63.6
2025-06-12 11:58:00,30.8
2025-06-12 06:15:00,21.5
2025-06-12 11:23:00,2.9
2025-06-12 01:36:00,86.9
2025-06-12 00:35:00,18.1
2025-06-12 00:52:00,63.3
2025-06-12 19:21:00,73.4
2025-06-12 12:34:00,95.7
2025-06-12 15:33:00,38.5
2025-06-12 21:00:00,66.0
2025-06-12 11:03:00,78.9
2025-06-12 17:56:00,92.3
2025-06-12 03:18:00,18.2
2025-06-12 15:16:00,9.6
2025-06-12 04:07:00,60.9
2025-06-12 13:07:00,33.4
2025-06-12 14:25:00,94.4
2025-06-12 02:01:00,0.6
2025-06-12 12:20:00,49.73505924170616
2025-06-12 23:05:00,91.6
2025-06-12 05:28:00,98.5
2025-06-12 05:58:00,34.4
2025-06-12 18:34:00,52.0
2025-06-12 16:39:00,76.3
2025-06-12 03:39:00,62.8
2025-06-12 13:23:00,36.3
2025-06-12 19:01:00,30.9
2025-06-12 22:44:00,68.7
2025-06-12 11:04:00,16.4
2025-06-12 09:24:00,19.4
2025-06-12 14:12:00,49.73505924170616
2025-06-12 01:04:00,48.3
2025-06-12 14:31:00,50.9
2025-06-12 20:49:00,49.73505924170616
2025-06-12 06:52:00,20.6
2025-06-12 04:08:00,60.7
2025-06-12 14:34:00,45.9
2025-06-12 00:10:00,24.3
2025-06-12 06:42:00,49.73505924170616
2025-06-12 00:25:00,15.3
2025-06-12 19:44:00,76.8
2025-06-12 17:55:00,26.9
2025-06-12 22:39:00,96.9
2025-06-12 10:45:00,64.5
2025-06-12 22:10:00,2.6
2025-06-12 21:46:00,72.7
2025-06-12 11:36:00,1.8
2025-06-12 10:14:00,6.1
2025-06-12 20:42:00,49.73505924170616
2025-06-12 21:54:00,82.6
2025-06-12 17:26:00,92.9
2025-06-12 15:07:00,78.4
2025-06-12 10:11:00,81.4
2025-06-12 06:47:00,71.5
2025-06-12 16:37:00,92.4
2025-06-12 07:54:00,15.3
2025-06-12 06:12:00,49.6
2025-06-12 07:36:00,49.73505924170616
2025-06-12 16:56:00,57.3
2025-06-12 01:39:00,68.1
2025-06-12 20:09:00,62.6
2025-06-12 21:23:00,52.0
2025-06-12 19:14:00,91.2
2025-06-12 15:54:00,70.5
2025-06-12 08:14:00,49.73505924170616
2025-06-12 11:48:00,22.4
2025-06-12 19:45:00,7.8
2025-06-12 15:11:00,3.2
2025-06-12 09:50:00,49.73505924170616
2025-06-12 04:14:00,31.3
2025-06-12 00:35:00,30.5
2025-06-12 19:58:00,85.5
2025-06-12 02:22:00,17.7
2025-06-12 22:20:00,7.3
2025-06-12 12:49:00,52.0
2025-06-12 05:25:00,29.4
2025-06-12 07:48:00,83.5
2025-06-12 12:18:00,49.73505924170616
2025-06-12 15:25:00,83.0
2025-06-12 19:06:00,59.5
2025-06-12 22:39:00,84.9
2025-06-12 07:13:00,49.73505924170616
2025-06-12 01:28:00,86.0
2025-06-12 16:55:00,86.0
2025-06-12 05:56:00,70.1
2025-06-12 18:12:00,36.2
2025-06-12 09:35:00,51.0
2025-06-12 00:14:00,34.2
2025-06-12 13:01:00,13.4
2025-06-12 07:17:00,71.3
2025-06-12 13:20:00,36.1
2025-06-12 19:04:00,58.1
2025-06-12 10:53:00,9.2
2025-06-12 04:00:00,87.3
2025-06-12 19:53:00,48.7
2025-06-12 14:26:00,58.8
2025-06-12 02:14:00,97.1
2025-06-12 07:39:00,74.2
2025-06-12 00:03:00,15.8
2025-06-12 12:05:00,17.2
2025-06-12 09:22:00,49.73505924170616
2025-06-12 06:49:00,28.2
2025-06-12 02:49:00,70.2
2025-06-12 22:44:00,12.4
2025-06-12 16:42:00,75.8
2025-06-12 21:25:00,34.8
2025-06-12 07:44:00,28.7
2025-06-12 05:39:00,74.3
2025-06-12 17:22:00,91.9
2025-06-12 10:26:00,2.7
2025-06-12 08:49:00,57.0
2025-06-12 00:58:00,2.1
2025-06-12 10:07:00,45.1
2025-06-12 19:18:00,36.2
2025-06-12 07:08:00,29.4
2025-06-12 08:52:00,0.9
2025-06-12 12:48:00,4.3
2025-06-12 09:39:00,35.5
2025-06-12 14:36:00,26.0
2025-06-12 02:37:00,79.9
2025-06-12 22:49:00,59.1
2025-06-12 01:04:00,38.4
2025-06-12 15:15:00,26.5
2025-06-12 02:17:00,15.8
2025-06-12 04:22:00,11.2
2025-06-12 21:36:00,67.9
2025-06-12 03:21:00,32.6
2025-06-12 13:32:00,61.4
2025-06-12 21:36:00,82.4
2025-06-12 18:57:00,17.7
2025-06-12 01:57:00,34.7
2025-06-12 08:00:00,35.6
2025-06-12 16:01:00,49.73505924170616
2025-06-12 22:19:00,16.0
2025-06-12 20:09:00,49.73505924170616
2025-06-12 08:08:00,1.0
2025-06-12 05:37:00,20.3
2025-06-12 18:05:00,33.7
2025-06-12 04:45:00,36.9
2025-06-12 12:54:00,21.2
2025-06-12 05:37:00,5.9
2025-06-12 04:38:00,28.8
2025-06-12 16:55:00,24.8
2025-06-12 15:59:00,50.1
2025-06-12 05:40:00,48.4
2025-06-12 05:34:00,61.7
2025-06-12 06:17:00,20.8
2025-06-12 15:56:00,42.6
2025-06-12 05:33:00,31.6
2025-06-12 03:04:00,44.1
2025-06-12 08:07:00,51.2
2025-06-12 15:29:00,10.2
2025-06-12 18:04:00,6.4
2025-06-12 20:50:00,49.73505924170616
2025-06-12 01:14:00,49.73505924170616
2025-06-12 15:14:00,12.3
2025-06-12 05:46:00,49.73505924170616
2025-06-12 03:13:00,81.1
2025-06-12 05:34:00,49.73505924170616
2025-06-12 08:11:00,91.2
2025-06-12 13:26:00,49.73505924170616
2025-06-12 05:45:00,51.8
2025-06-12 02:34:00,82.4
2025-06-12 13:14:00,14.5
2025-06-12 12:34:00,77.0
2025-06-12 05:16:00,25.3
2025-06-12 13:36:00,44.5
2025-06-12 08:11:00,30.5
2025-06-12 18:20:00,62.8
2025-06-12 12:26:00,16.8
2025-06-12 06:22:00,3.3
2025-06-12 12:31:00,49.4
2025-06-12 08:55:00,91.4
2025-06-12 10:54:00,92.8
2025-06-12 17:54:00,49.73505924170616
2025-06-12 21:08:00,90.4
2025-06-12 23:10:00,52.8
2025-06-12 14:00:00,67.2
2025-06-12 09:59:00,86.1
2025-06-12 12:51:00,44.4
2025-06-12 17:48:00,42.9
2025-06-12 21:20:00,0.3
2025-06-12 06:47:00,38.1
2025-06-12 11:38:00,25.2
2025-06-12 10:38:00,25.9
2025-06-12 20:02:00,36.3
2025-06-12 11:48:00,49.73505924170616
2025-06-12 11:33:00,43.4
2025-06-12 00:33:00,2.8
2025-06-12 19:19:00,23.1
2025-06-12 17:17:00,40.2
2025-06-12 23:30:00,18.5
2025-06-12 06:21:00,88.1
2025-06-12 17:47:00,49.73505924170616
2025-06-12 05:19:00,93.8
2025-06-12 12:15:00,72.8
2025-06-12 09:03:00,46.6
2025-06-12 21:00:00,49.73505924170616
2025-06-12 22:34:00,42.9
2025-06-12 17:33:00,10.3
2025-06-12 16:33:00,49.73505924170616
2025-06-12 11:24:00,32.9
2025-06-12 21:24:00,10.8
2025-06-12 14:58:00,85.1
2025-06-12 12:00:00,12.1
2025-06-12 13:48:00,62.7
2025-06-12 18:02:00,30.3
2025-06-12 01:01:00,47.2
2025-06-12 16:04:00,0.2
2025-06-12 06:32:00,70.6
2025-06-12 15:58:00,31.2
2025-06-12 20:48:00,9.5
2025-06-12 00:28:00,47.0
2025-06-12 07:23:00,49.73505924170616
2025-06-12 11:44:00,5.2
2025-06-12 07:45:00,54.4
2025-06-12 03:40:00,25.2
2025-06-12 15:40:00,53.6
2025-06-12 20:17:00,44.2
2025-06-12 22:46:00,42.5
2025-06-12 07:34:00,82.5
2025-06-12 11:05:00,49.73505924170616
2025-06-12 07:44:00,4.9
2025-06-12 01:08:00,49.73505924170616
2025-06-12 06:50:00,49.0
2025-06-12 16:14:00,49.73505924170616
2025-06-12 21:14:00,22.3
2025-06-12 14:22:00,84.3
2025-06-12 12:19:00,5.6
2025-06-12 21:40:00,74.6
2025-06-12 23:37:00,35.8
2025-06-12 06:52:00,97.0
2025-06-12 13:53:00,1.3
2025-06-12 06:44:00,48.1
2025-06-12 04:25:00,49.73505924170616
2025-06-12 04:57:00,54.3
2025-06-12 08:55:00,15.9
2025-06-12 17:10:00,49.73505924170616
2025-06-12 18:28:00,0.9
2025-06-12 10:30:00,16.4
2025-06-12 02:12:00,38.5
2025-06-12 19:49:00,41.2
2025-06-12 23:54:00,49.73505924170616
2025-06-12 14:33:00,45.6
2025-06-12 11:03:00,92.1
2025-06-12 21:34:00,16.0
2025-06-12 05:05:00,4.3
2025-06-12 17:02:00,27.9
2025-06-12 11:55:00,92.1
2025-06-12 13:22:00,97.9
2025-06-12 14:39:00,55.9
2025-06-12 00:26:00,83.0
2025-06-12 02:08:00,53.8
2025-06-12 14:00:00,88.0
2025-06-12 17:02:00,74.8
2025-06-12 12:44:00,99.7
2025-06-12 10:17:00,82.4
2025-06-12 04:25:00,24.5
2025-06-12 10:07:00,44.6
2025-06-12 09:41:00,5.0
2025-06-12 22:54:00,49.73505924170616
2025-06-12 04:32:00,88.8
2025-06-12 17:05:00,88.6
2025-06-12 01:32:00,6.9
2025-06-12 00:27:00,41.8
2025-06-12 03:36:00,74.6
2025-06-12 02:59:00,20.0
2025-06-12 22:00:00,17.5
2025-06-12 22:26:00,90.2
2025-06-12 12:26:00,90.0
2025-06-12 08:01:00,49.73505924170616
2025-06-12 06:57:00,93.2
2025-06-12 20:36:00,35.7
2025-06-12 11:25:00,49.73505924170616
2025-06-12 17:52:00,49.73505924170616
2025-06-12 21:49:00,77.9
2025-06-12 19:06:00,4.7
2025-06-12 00:18:00,87.5
2025-06-12 19:14:00,67.5
2025-06-12 00:53:00,83.0
2025-06-12 16:59:00,91.8
2025-06-12 14:18:00,3.4
2025-06-12 14:08:00,36.7
2025-06-12 12:16:00,38.0
2025-06-12 08:00:00,82.9
2025-06-12 05:16:00,30.8
2025-06-12 23:46:00,29.9
2025-06-12 10:54:00,29.3
2025-06-12 21:27:00,67.5
2025-06-12 00:40:00,41.9
2025-06-12 09:36:00,49.73505924170616
2025-06-12 20:58:00,49.73505924170616
2025-06-12 13:35:00,31.9
2025-06-12 16:51:00,69.3
2025-06-12 10:55:00,48.7
2025-06-12 21:31:00,22.4
2025-06-12 02:50:00,80.6
2025-06-12 08:40:00,67.5
2025-06-12 13:25:00,85.6
2025-06-12 08:05:00,70.6
2025-06-12 05:42:00,92.8
2025-06-12 19:19:00,66.6
2025-06-12 14:42:00,18.4
2025-06-12 23:15:00,28.3
2025-06-12 00:37:00,54.1
2025-06-12 16:16:00,2.3
2025-06-12 01:09:00,60.1
2025-06-12 00:41:00,50.04950773558369
2025-06-12 00:03:00,43.2
2025-06-12 19:56:00,31.0
2025-06-12 11:14:00,25.4
2025-06-12 02:51:00,92.8
2025-06-12 09:02:00,30.9
2025-06-12 10:58:00,84.2
2025-06-12 17:23:00,81.0
2025-06-12 19:03:00,13.2
2025-06-12 22:36:00,39.7
2025-06-12 08:21:00,40.0
2025-06-12 07:19:00,36.9
2025-06-12 06:46:00,49.6
2025-06-12 13:59:00,93.4
2025-06-12 22:36:00,78.5
2025-06-12 11:01:00,18.1
2025-06-12 05:10:00,33.7
2025-06-12 12:22:00,21.5
2025-06-12 23:42:00,26.2
2025-06-12 06:00:00,27.5
2025-06-12 19:32:00,50.04950773558369
2025-06-12 04:46:00,51.2
2025-06-12 13:59:00,50.04950773558369
2025-06-12 03:11:00,58.4
2025-06-12 08:40:00,78.6
2025-06-12 16:25:00,50.04950773558369
2025-06-12 13:29:00,94.6
2025-06-12 13:47:00,50.04950773558369
2025-06-12 14:52:00,25.7
2025-06-12 16:33:00,73.7
2025-06-12 06:21:00,21.1
2025-06-12 14:05:00,50.04950773558369
2025-06-12 21:46:00,60.6
2025-06-12 06:56:00,96.1
2025-06-12 14:09:00,38.2
2025-06-12 18:16:00,50.04950773558369
2025-06-12 01:55:00,35.9
2025-06-12 15:54:00,39.2
2025-06-12 18:41:00,80.2
2025-06-12 02:19:00,87.9
2025-06-12 11:37:00,86.4
2025-06-12 18:06:00,89.4
2025-06-12 20:17:00,90.3
2025-06-12 01:29:00,26.1
2025-06-12 12:43:00,93.3
2025-06-12 01:36:00,37.8
2025-06-12 09:22:00,76.2
2025-06-12 13:05:00,30.6
2025-06-12 08:18:00,77.8
2025-06-12 01:00:00,27.9
2025-06-12 20:47:00,52.7
2025-06-12 22:40:00,6.2
2025-06-12 02:27:00,1.6
2025-06-12 18:04:00,58.7
2025-06-12 13:02:00,92.4
2025-06-12 17:54:00,44.1
2025-06-12 19:30:00,50.04950773558369
2025-06-12 01:03:00,71.1
2025-06-12 05:34:00,71.0
2025-06-12 17:46:00,13.0
2025-06-12 08:00:00,9.5
2025-06-12 09:38:00,86.4
2025-06-12 18:53:00,53.5
2025-06-12 20:05:00,30.2
2025-06-12 07:14:00,36.8
2025-06-12 14:00:00,99.1
2025-06-12 20:55:00,84.4
2025-06-12 04:52:00,36.7
2025-06-12 02:50:00,61.7
2025-06-12 09:02:00,28.6
2025-06-12 05:34:00,21.1
2025-06-12 15:41:00,50.04950773558369
2025-06-12 14:07:00,50.04950773558369
2025-06-12 15:16:00,46.1
2025-06-12 01:03:00,79.7
2025-06-12 01:41:00,50.04950773558369
2025-06-12 06:44:00,21.9
2025-06-12 17:05:00,7.0
2025-06-12 05:41:00,4.1
2025-06-12 17:47:00,75.8
2025-06-12 22:27:00,88.6
2025-06-12 02:06:00,47.9
2025-06-12 01:51:00,88.8
2025-06-12 23:54:00,51.6
2025-06-12 23:03:00,98.8
2025-06-12 03:41:00,10.1
2025-06-12 20:34:00,97.7
2025-06-12 20:40:00,73.5
2025-06-12 06:04:00,78.5
2025-06-12 02:58:00,50.04950773558369
2025-06-12 01:27:00,63.8
2025-06-12 14:38:00,72.5
2025-06-12 15:32:00,53.3
2025-06-12 00:42:00,60.5
2025-06-12 08:56:00,28.5
2025-06-12 09:26:00,94.7
2025-06-12 16:28:00,52.9
2025-06-12 12:52:00,50.04950773558369
2025-06-12 10:53:00,50.04950773558369
2025-06-12 07:32:00,6.1
2025-06-12 17:55:00,19.2
2025-06-12 09:12:00,59.0
2025-06-12 02:01:00,16.7
2025-06-12 01:16:00,50.04950773558369
2025-06-12 23:16:00,30.3
2025-06-12 17:22:00,42.8
2025-06-12 04:45:00,68.1
2025-06-12 23:17:00,51.2
2025-06-12 20:52:00,50.04950773558369
2025-06-12 07:48:00,81.7
2025-06-12 19:51:00,50.04950773558369
2025-06-12 16:34:00,88.5
2025-06-12 02:35:00,97.0
2025-06-12 03:32:00,37.9
2025-06-12 02:28:00,50.04950773558369
2025-06-12 06:48:00,97.3
2025-06-12 19:26:00,69.9
2025-06-12 14:38:00,68.9
2025-06-12 11:26:00,53.0
2025-06-12 12:31:00,19.1
2025-06-12 09:30:00,80.0
2025-06-12 15:32:00,27.3
2025-06-12 20:58:00,21.8
2025-06-12 19:46:00,41.6
2025-06-12 07:44:00,77.1
2025-06-12 12:07:00,50.04950773558369
2025-06-12 16:31:00,53.8
2025-06-12 13:28:00,32.0
2025-06-12 04:39:00,22.5
2025-06-12 16:42:00,12.0
2025-06-12 15:28:00,50.04950773558369
2025-06-12 06:19:00,73.2
2025-06-12 20:05:00,50.04950773558369
2025-06-12 14:40:00,25.7
2025-06-12 08:53:00,50.04950773558369
2025-06-12 03:41:00,23.7
2025-06-12 10:47:00,72.0
2025-06-12 06:34:00,5.1
2025-06-12 18:35:00,80.4
2025-06-12 03:28:00,50.04950773558369
2025-06-12 16:26:00,95.2
2025-06-12 10:43:00,50.04950773558369
2025-06-12 02:31:00,15.1
2025-06-12 23:39:00,98.1
2025-06-12 03:45:00,55.1
2025-06-12 23:51:00,23.6
2025-06-12 09:36:00,28.8
2025-06-12 05:55:00,50.04950773558369
2025-06-12 14:07:00,69.1
2025-06-12 06:18:00,35.5
2025-06-12 11:15:00,1.8
2025-06-12 02:05:00,68.9
2025-06-12 17:53:00,6.6
2025-06-12 03:32:00,12.4
2025-06-12 22:51:00,16.4
2025-06-12 22:51:00,76.0
2025-06-12 00:07:00,42.8
2025-06-12 05:05:00,53.7
2025-06-12 06:58:00,2.0
2025-06-12 15:11:00,73.3
2025-06-12 14:40:00,41.5
2025-06-12 09:27:00,50.04950773558369
2025-06-12 18:09:00,64.2
2025-06-12 15:40:00,40.2
2025-06-12 16:26:00,50.04950773558369
2025-06-12 04:20:00,99.5
2025-06-12 05:00:00,4.0
2025-06-12 09:26:00,32.3
2025-06-12 02:28:00,95.2
2025-06-12 17:22:00,95.3
2025-06-12 10:22:00,97.0
2025-06-12 05:12:00,10.9
2025-06-12 12:08:00,29.4
2025-06-12 00:51:00,77.5
2025-06-12 07:27:00,50.04950773558369
2025-06-12 12:19:00,84.8
2025-06-12 03:42:00,50.04950773558369
2025-06-12 23:41:00,84.6
2025-06-12 04:30:00,63.0
2025-06-12 09:45:00,48.7
2025-06-12 23:13:00,78.4
2025-06-12 08:23:00,71.5
2025-06-12 16:09:00,50.04950773558369
2025-06-12 13:23:00,50.04950773558369
2025-06-12 15:13:00,81.2
2025-06-12 04:00:00,57.9
2025-06-12 14:09:00,45.4
2025-06-12 01:37:00,22.4
2025-06-12 11:45:00,91.5
2025-06-12 19:01:00,2.3
2025-06-12 23:36:00,50.04950773558369
2025-06-12 09:52:00,13.3
2025-06-12 13:00:00,77.4
2025-06-12 01:46:00,50.04950773558369
2025-06-12 18:25:00,12.2
2025-06-12 14:11:00,52.4
2025-06-12 15:41:00,84.8
2025-06-12 19:56:00,22.8
2025-06-12 02:09:00,64.9
2025-06-12 23:49:00,50.04950773558369
2025-06-12 06:47:00,70.8
2025-06-12 20:23:00,50.04950773558369
2025-06-12 19:04:00,69.2
2025-06-12 11:33:00,57.6
2025-06-12 08:47:00,0.4
2025-06-12 14:50:00,5.8
2025-06-12 18:02:00,95.0
2025-06-12 13:42:00,81.0
2025-06-12 19:54:00,43.5
2025-06-12 22:14:00,68.0
2025-06-12 18:06:00,46.6
2025-06-12 06:23:00,26.4
2025-06-12 13:46:00,67.6
2025-06-12 10:11:00,31.1
2025-06-12 06:37:00,50.04950773558369
2025-06-12 10:41:00,48.9
2025-06-12 15:20:00,50.04950773558369
2025-06-12 18:02:00,84.7
2025-06-12 05:29:00,50.04950773558369
2025-06-12 19:33:00,50.04950773558369
2025-06-12 22:23:00,12.3
2025-06-12 16:41:00,7.4
2025-06-12 19:30:00,50.04950773558369
2025-06-12 06:35:00,53.7
2025-06-12 20:19:00,50.04950773558369
2025-06-12 10:28:00,50.04950773558369
2025-06-12 04:41:00,78.1
2025-06-12 17:31:00,72.7
2025-06-12 20:10:00,61.3
2025-06-12 17:59:00,9.0
2025-06-12 05:36:00,90.0
2025-06-12 23:36:00,50.04950773558369
2025-06-12 15:05:00,95.2
2025-06-12 17:01:00,38.9
2025-06-12 14:37:00,61.6
2025-06-12 09:42:00,16.8
2025-06-12 19:20:00,50.04950773558369
2025-06-12 08:24:00,40.7
2025-06-12 02:19:00,44.9
2025-06-12 23:04:00,64.1
2025-06-12 15:45:00,95.3
2025-06-12 16:24:00,93.9
2025-06-12 20:43:00,60.6
2025-06-12 09:15:00,95.9
2025-06-12 03:58:00,40.2
2025-06-12 20:58:00,48.4
2025-06-12 06:32:00,48.9
2025-06-12 04:50:00,50.04950773558369
2025-06-12 05:16:00,71.6
2025-06-12 18:30:00,79.7
2025-06-12 03:15:00,7.9
2025-06-12 11:24:00,91.5
2025-06-12 19:42:00,50.04950773558369
2025-06-12 08:47:00,10.2
2025-06-12 18:08:00,60.0
2025-06-12 14:36:00,10.2
2025-06-12 21:01:00,36.7
2025-06-12 01:17:00,50.04950773558369
2025-06-12 08:00:00,34.1
2025-06-12 17:15:00,21.5
2025-06-12 15:49:00,87.1
2025-06-12 17:41:00,2.7
2025-06-12 21:38:00,50.04950773558369
2025-06-12 00:19:00,56.5
2025-06-12 07:09:00,89.5
2025-06-12 10:45:00,24.7
2025-06-12 02:59:00,7.6
2025-06-12 06:48:00,60.3
2025-06-12 01:36:00,35.5
2025-06-12 07:56:00,79.0
2025-06-12 07:34:00,50.04950773558369
2025-06-12 01:48:00,24.7
2025-06-12 10:25:00,51.3
2025-06-12 08:29:00,74.8
2025-06-12 13:35:00,53.2
2025-06-12 01:20:00,50.04950773558369
2025-06-12 16:40:00,82.3
2025-06-12 02:47:00,76.1
2025-06-12 21:43:00,45.2
2025-06-12 05:05:00,93.2
2025-06-12 07:08:00,12.8
2025-06-12 08:12:00,1.0
2025-06-12 07:01:00,13.0
2025-06-12 08:26:00,91.4
2025-06-12 21:01:00,99.4
2025-06-12 08:07:00,50.04950773558369
2025-06-12 12:11:00,87.6
2025-06-12 20:16:00,50.04950773558369
2025-06-12 14:16:00,74.2
2025-06-12 15:38:00,74.1
2025-06-12 12:03:00,94.2
2025-06-12 18:36:00,56.1
2025-06-12 08:29:00,46.1
2025-06-12 19:57:00,65.8
2025-06-12 05:50:00,19.6
2025-06-12 00:13:00,61.0
2025-06-12 07:35:00,25.1
2025-06-12 10:43:00,51.0
2025-06-12 04:36:00,6.4
2025-06-12 03:37:00,70.9
2025-06-12 05:48:00,46.8
2025-06-12 08:48:00,9.3
2025-06-12 00:15:00,3.1
2025-06-12 11:47:00,98.2
2025-06-12 16:41:00,35.4
2025-06-12 23:56:00,33.6
2025-06-12 15:19:00,85.1
2025-06-12 08:57:00,50.04950773558369
2025-06-12 10:59:00,51.5
2025-06-12 09:39:00,11.1
2025-06-12 14:05:00,50.04950773558369
2025-06-12 22:39:00,75.1
2025-06-12 12:03:00,50.04950773558369
2025-06-12 12:49:00,50.04950773558369
2025-06-12 15:58:00,68.0
2025-06-12 22:56:00,97.5
2025-06-12 23:32:00,49.9
2025-06-12 12:32:00,19.5
2025-06-12 13:57:00,50.04950773558369
2025-06-12 18:26:00,26.1
2025-06-12 14:00:00,83.8
2025-06-12 13:31:00,61.1
2025-06-12 11:56:00,83.0
2025-06-12 16:27:00,50.04950773558369
2025-06-12 01:02:00,42.5
2025-06-12 09:08:00,50.04950773558369
2025-06-12 22:43:00,52.1
2025-06-12 23:43:00,64.1
2025-06-12 16:08:00,62.1
2025-06-12 15:21:00,85.5
2025-06-12 01:39:00,50.04950773558369
2025-06-12 05:02:00,37.1
2025-06-12 21:11:00,0.5
2025-06-12 04:36:00,31.0
2025-06-12 03:10:00,62.2
2025-06-12 01:12:00,49.64720650636492
2025-06-12 12:13:00,71.5
2025-06-12 09:28:00,85.2
2025-06-12 17:32:00,94.5
2025-06-12 22:11:00,6.0
2025-06-12 05:25:00,11.0
2025-06-12 02:18:00,21.5
2025-06-12 07:23:00,16.6
2025-06-12 02:06:00,67.0
2025-06-12 10:16:00,9.4
2025-06-12 12:01:00,57.6
2025-06-12 23:22:00,76.5
2025-06-12 00:46:00,49.64720650636492
2025-06-12 10:02:00,52.6
2025-06-12 13:15:00,26.0
2025-06-12 07:13:00,99.1
2025-06-12 14:37:00,76.3
2025-06-12 13:16:00,49.64720650636492
2025-06-12 02:25:00,8.3
2025-06-12 16:04:00,68.6
2025-06-12 14:44:00,63.0
2025-06-12 20:48:00,95.8
2025-06-12 08:57:00,43.8
2025-06-12 02:08:00,59.0
2025-06-12 08:03:00,25.6
2025-06-12 12:30:00,24.9
2025-06-12 17:36:00,49.64720650636492
2025-06-12 07:12:00,91.2
2025-06-12 03:24:00,12.9
2025-06-12 23:19:00,15.5
2025-06-12 18:51:00,38.2
2025-06-12 02:04:00,92.1
2025-06-12 19:09:00,0.4
2025-06-12 20:52:00,93.3
2025-06-12 05:57:00,43.7
2025-06-12 10:10:00,34.4
2025-06-12 22:59:00,49.64720650636492
2025-06-12 21:23:00,12.3
2025-06-12 04:23:00,7.0
2025-06-12 05:51:00,67.6
2025-06-12 22:43:00,14.4
2025-06-12 16:05:00,20.0
2025-06-12 16:11:00,49.64720650636492
2025-06-12 19:46:00,49.64720650636492
2025-06-12 05:26:00,41.6
2025-06-12 00:05:00,49.64720650636492
2025-06-12 15:32:00,49.64720650636492
2025-06-12 15:57:00,49.64720650636492
2025-06-12 06:45:00,82.6
2025-06-12 00:07:00,49.64720650636492
2025-06-12 21:34:00,12.5
2025-06-12 08:59:00,39.0
2025-06-12 05:27:00,32.4
2025-06-12 07:05:00,16.5
2025-06-12 14:54:00,35.9
2025-06-12 09:47:00,75.0
2025-06-12 10:06:00,84.7
2025-06-12 22:44:00,8.9
2025-06-12 07:16:00,39.2
2025-06-12 14:24:00,0.5
2025-06-12 16:53:00,93.4
2025-06-12 05:57:00,49.64720650636492
2025-06-12 09:28:00,50.5
2025-06-12 17:23:00,81.2
2025-06-12 20:29:00,49.64720650636492
2025-06-12 00:53:00,57.3
2025-06-12 19:16:00,29.5
2025-06-12 06:40:00,49.64720650636492
2025-06-12 11:59:00,45.6
2025-06-12 03:51:00,27.2
2025-06-12 12:30:00,13.3
2025-06-12 17:02:00,23.0
2025-06-12 17:13:00,10.2
2025-06-12 00:36:00,63.1
2025-06-12 01:07:00,45.4
2025-06-12 04:16:00,49.64720650636492
2025-06-12 18:55:00,63.6
2025-06-12 19:36:00,23.7
2025-06-12 00:25:00,50.7
2025-06-12 06:15:00,49.64720650636492
2025-06-12 04:04:00,86.2
2025-06-12 21:42:00,90.1
2025-06-12 03:49:00,49.64720650636492
2025-06-12 03:23:00,38.0
2025-06-12 13:28:00,32.1
2025-06-12 12:07:00,49.64720650636492
2025-06-12 22:33:00,40.2
2025-06-12 06:28:00,29.9
2025-06-12 13:35:00,72.1
2025-06-12 21:19:00,13.6
2025-06-12 21:44:00,72.8
2025-06-12 16:02:00,65.4
2025-06-12 23:49:00,38.3
2025-06-12 22:07:00,54.0
2025-06-12 05:57:00,97.0
2025-06-12 03:50:00,88.2
2025-06-12 16:15:00,41.8
2025-06-12 03:19:00,49.64720650636492
2025-06-12 19:34:00,23.0
2025-06-12 15:08:00,49.64720650636492
2025-06-12 09:03:00,87.4
2025-06-12 20:08:00,89.6
2025-06-12 06:13:00,6.2
2025-06-12 10:12:00,27.6
2025-06-12 13:42:00,49.64720650636492
2025-06-12 16:59:00,32.3
2025-06-12 08:37:00,69.6
2025-06-12 22:22:00,49.64720650636492
2025-06-12 07:55:00,65.2
2025-06-12 04:21:00,35.5
2025-06-12 21:59:00,86.7
2025-06-12 21:57:00,87.6
2025-06-12 23:04:00,49.64720650636492
2025-06-12 15:57:00,5.4
2025-06-12 06:20:00,84.8
2025-06-12 13:20:00,71.4
2025-06-12 17:40:00,21.6
2025-06-12 00:57:00,49.64720650636492
2025-06-12 15:38:00,45.8
2025-06-12 19:34:00,15.8
2025-06-12 04:43:00,52.6
2025-06-12 21:22:00,49.64720650636492
2025-06-12 22:17:00,88.0
2025-06-12 06:42:00,63.6
2025-06-12 19:19:00,31.2
2025-06-12 01:57:00,33.6
2025-06-12 14:21:00,27.7
2025-06-12 00:53:00,97.2
2025-06-12 13:33:00,49.64720650636492
2025-06-12 12:53:00,56.4
2025-06-12 17:52:00,49.9
2025-06-12 02:38:00,95.5
2025-06-12 13:37:00,83.5
2025-06-12 07:23:00,13.0
2025-06-12 22:20:00,77.3
2025-06-12 02:35:00,39.4
2025-06-12 14:31:00,51.4
2025-06-12 01:20:00,27.3
2025-06-12 10:51:00,51.6
2025-06-12 12:59:00,29.7
2025-06-12 09:30:00,14.5
2025-06-12 06:17:00,12.7
2025-06-12 08:59:00,27.2
2025-06-12 03:27:00,49.64720650636492
2025-06-12 07:09:00,27.8
2025-06-12 10:02:00,25.6
2025-06-12 18:26:00,49.64720650636492
2025-06-12 18:09:00,68.2
2025-06-12 02:51:00,71.7
2025-06-12 05:10:00,19.9
2025-06-12 23:13:00,57.0
2025-06-12 18:41:00,6.9
2025-06-12 10:04:00,35.7
2025-06-12 13:48:00,72.9
2025-06-12 01:58:00,97.7
2025-06-12 14:56:00,83.5
2025-06-12 06:30:00,49.64720650636492
2025-06-12 20:40:00,80.0
2025-06-12 11:25:00,33.5
2025-06-12 21:47:00,36.6
2025-06-12 00:47:00,49.64720650636492
2025-06-12 16:05:00,11.7
2025-06-12 01:46:00,91.6
2025-06-12 14:42:00,78.5
2025-06-12 01:16:00,11.9
2025-06-12 15:14:00,64.7
2025-06-12 07:59:00,49.64720650636492
2025-06-12 20:50:00,2.8
2025-06-12 19:18:00,30.6
2025-06-12 13:26:00,38.6
2025-06-12 12:00:00,46.7
2025-06-12 08:10:00,1.2
2025-06-12 08:08:00,49.64720650636492
2025-06-12 00:18:00,47.4
2025-06-12 10:00:00,32.2
2025-06-12 21:41:00,91.8
2025-06-12 18:47:00,71.8
2025-06-12 12:39:00,49.64720650636492
2025-06-12 21:27:00,87.9
2025-06-12 03:59:00,36.4
2025-06-12 22:52:00,64.4
2025-06-12 12:20:00,82.2
2025-06-12 09:58:00,97.9
2025-06-12 10:49:00,94.8
2025-06-12 02:38:00,49.64720650636492
2025-06-12 18:23:00,45.2
2025-06-12 16:55:00,24.9
2025-06-12 07:47:00,49.64720650636492
2025-06-12 02:17:00,49.64720650636492
2025-06-12 15:12:00,38.0
2025-06-12 06:51:00,89.2
2025-06-12 00:19:00,36.5
2025-06-12 14:07:00,2.6
2025-06-12 04:36:00,49.64720650636492
2025-06-12 08:17:00,69.9
2025-06-12 18:51:00,38.8
2025-06-12 15:32:00,40.1
2025-06-12 12:37:00,49.7
2025-06-12 14:31:00,48.1
2025-06-12 05:25:00,49.64720650636492
2025-06-12 22:53:00,87.0
2025-06-12 13:09:00,91.9
2025-06-12 10:05:00,69.9
2025-06-12 18:00:00,49.64720650636492
2025-06-12 03:31:00,69.4
2025-06-12 08:13:00,52.8
2025-06-12 09:03:00,37.7
2025-06-12 17:01:00,59.0
2025-06-12 10:57:00,13.9
2025-06-12 12:45:00,48.8
2025-06-12 13:52:00,7.3
2025-06-12 04:26:00,3.5
2025-06-12 15:02:00,44.1
2025-06-12 03:54:00,49.64720650636492
2025-06-12 20:12:00,49.64720650636492
2025-06-12 07:36:00,62.9
2025-06-12 22:20:00,49.64720650636492
2025-06-12 06:21:00,90.1
2025-06-12 05:16:00,60.1
2025-06-12 20:53:00,51.3
2025-06-12 02:26:00,5.4
2025-06-12 00:50:00,49.64720650636492
2025-06-12 17:14:00,18.3
2025-06-12 10:52:00,6.8
2025-06-12 11:11:00,17.1
2025-06-12 14:03:00,65.9
2025-06-12 16:10:00,49.64720650636492
2025-06-12 12:40:00,0.0
2025-06-12 04:43:00,65.2
2025-06-12 06:07:00,14.5
2025-06-12 06:05:00,49.64720650636492
2025-06-12 20:41:00,34.3
2025-06-12 00:03:00,11.0
2025-06-12 22:19:00,66.4
2025-06-12 17:18:00,49.64720650636492
2025-06-12 06:44:00,86.6
2025-06-12 11:09:00,46.4
2025-06-12 10:07:00,93.2
2025-06-12 14:41:00,39.0
2025-06-12 06:20:00,82.1
2025-06-12 07:42:00,84.3
2025-06-12 02:30:00,36.0
2025-06-12 13:15:00,86.1
2025-06-12 15:03:00,12.1
2025-06-12 15:45:00,96.4
2025-06-12 19:58:00,94.3
2025-06-12 09:10:00,6.2
2025-06-12 00:30:00,49.64720650636492
2025-06-12 15:16:00,35.5
2025-06-12 09:18:00,43.1
2025-06-12 02:56:00,52.2
2025-06-12 21:30:00,97.7
2025-06-12 01:05:00,33.5
2025-06-12 18:33:00,26.9
2025-06-12 00:20:00,14.9
2025-06-12 02:54:00,49.6
2025-06-12 14:17:00,94.3
2025-06-12 08:08:00,39.8
2025-06-12 20:10:00,49.64720650636492
2025-06-12 09:44:00,72.0
2025-06-12 04:10:00,60.6
2025-06-12 19:20:00,81.6
2025-06-12 07:41:00,47.5
2025-06-12 11:32:00,84.7
2025-06-12 05:16:00,14.5
2025-06-12 05:43:00,41.3
2025-06-12 06:43:00,51.8
2025-06-12 01:19:00,24.2
2025-06-12 15:39:00,65.2
2025-06-12 01:19:00,35.5
2025-06-12 19:07:00,72.6
2025-06-12 13:16:00,33.5
2025-06-12 23:55:00,92.3
2025-06-12 05:52:00,28.2
2025-06-12 07:48:00,3.1
2025-06-12 04:59:00,21.2
2025-06-12 12:37:00,0.9
2025-06-12 15:37:00,80.2
2025-06-12 01:21:00,88.0
2025-06-12 20:46:00,55.5
2025-06-12 01:47:00,74.6
2025-06-12 02:36:00,24.0
2025-06-12 14:14:00,66.0
2025-06-12 11:00:00,3.8
2025-06-12 08:39:00,69.2
2025-06-12 13:59:00,26.7
2025-06-12 07:30:00,90.3
2025-06-12 10:10:00,23.6
2025-06-12 14:28:00,97.8
2025-06-12 05:07:00,45.5
2025-06-12 01:21:00,36.2
2025-06-12 15:59:00,61.8
2025-06-12 01:25:00,82.5
2025-06-12 15:44:00,49.64720650636492
2025-06-12 21:50:00,0.6
2025-06-12 09:20:00,11.5
2025-06-12 20:58:00,3.7
2025-06-12 09:54:00,45.2
2025-06-12 21:08:00,99.1
2025-06-12 14:10:00,82.8
2025-06-12 14:26:00,21.6
2025-06-12 18:42:00,35.4
2025-06-12 08:37:00,64.4
2025-06-12 14:45:00,4.8
2025-06-12 10:40:00,35.3
2025-06-12 08:45:00,44.6
2025-06-12 16:20:00,68.5
2025-06-12 18:14:00,37.7
2025-06-12 01:11:00,65.1
2025-06-12 04:11:00,91.7
2025-06-12 03:20:00,38.8
2025-06-12 14:33:00,9.6
2025-06-12 20:32:00,35.6
2025-06-12 21:22:00,76.4
2025-06-12 08:52:00,36.6
2025-06-12 02:13:00,54.5
2025-06-12 09:48:00,46.7
2025-06-12 01:54:00,33.1
2025-06-12 20:43:00,6.5
2025-06-12 14:23:00,2.3
2025-06-12 06:23:00,43.6
2025-06-12 02:58:00,47.2
2025-06-12 16:54:00,16.8
2025-06-12 02:14:00,1.6
2025-06-12 22:23:00,71.1
2025-06-12 14:55:00,76.5
2025-06-12 07:08:00,13.9
2025-06-12 21:13:00,56.1
2025-06-12 00:54:00,20.4
2025-06-12 07:44:00,49.44888862615275
2025-06-12 15:40:00,88.6
2025-06-12 06:52:00,55.1
2025-06-12 23:38:00,49.44888862615275
2025-06-12 21:43:00,49.44888862615275
2025-06-12 10:43:00,44.0
2025-06-12 04:10:00,48.4
2025-06-12 12:50:00,1.8
2025-06-12 22:47:00,49.8
2025-06-12 00:57:00,85.5
2025-06-12 04:43:00,7.9
2025-06-12 05:10:00,49.44888862615275
2025-06-12 19:48:00,62.4
2025-06-12 04:36:00,33.7
2025-06-12 21:45:00,90.2
2025-06-12 22:45:00,40.6
2025-06-12 11:39:00,29.2
2025-06-12 20:21:00,23.3
2025-06-12 03:43:00,43.1
2025-06-12 22:22:00,16.0
2025-06-12 19:14:00,41.2
2025-06-12 20:14:00,89.5
2025-06-12 23:50:00,77.4
2025-06-12 20:42:00,47.1
2025-06-12 01:57:00,47.2
2025-06-12 14:38:00,9.6
2025-06-12 18:07:00,71.7
2025-06-12 09:32:00,18.7
2025-06-12 05:01:00,93.2
2025-06-12 10:44:00,86.4
2025-06-12 13:59:00,81.9
2025-06-12 00:51:00,60.8
2025-06-12 12:45:00,49.44888862615275
2025-06-12 01:36:00,74.9
2025-06-12 19:52:00,81.2
2025-06-12 22:20:00,66.1
2025-06-12 07:02:00,35.8
2025-06-12 18:21:00,67.6
2025-06-12 01:21:00,21.4
2025-06-12 20:53:00,39.6
2025-06-12 21:15:00,68.8
2025-06-12 17:29:00,73.9
2025-06-12 16:30:00,38.6
2025-06-12 15:55:00,98.6
2025-06-12 14:10:00,27.8
2025-06-12 12:51:00,83.6
2025-06-12 22:37:00,49.44888862615275
2025-06-12 17:37:00,58.6
2025-06-12 14:52:00,24.8
2025-06-12 09:19:00,21.8
2025-06-12 18:47:00,49.44888862615275
2025-06-12 12:31:00,49.44888862615275
2025-06-12 01:01:00,19.8
2025-06-12 17:12:00,49.44888862615275
2025-06-12 10:54:00,7.6
2025-06-12 01:24:00,63.7
2025-06-12 17:06:00,49.1
2025-06-12 09:58:00,58.7
2025-06-12 19:59:00,76.9
2025-06-12 10:32:00,21.4
2025-06-12 09:03:00,39.1
2025-06-12 05:26:00,55.4
2025-06-12 19:02:00,49.44888862615275
2025-06-12 02:18:00,42.1
2025-06-12 11:48:00,1.2
2025-06-12 12:10:00,49.44888862615275
2025-06-12 03:05:00,46.7
2025-06-12 04:39:00,28.2
2025-06-12 17:27:00,80.6
2025-06-12 18:10:00,49.44888862615275
2025-06-12 07:17:00,87.6
2025-06-12 17:31:00,80.1
2025-06-12 23:35:00,97.6
2025-06-12 08:39:00,75.5
2025-06-12 16:35:00,66.6
2025-06-12 09:12:00,1.6
2025-06-12 06:46:00,49.44888862615275
2025-06-12 17:26:00,3.1
2025-06-12 06:19:00,49.44888862615275
2025-06-12 05:37:00,99.4
2025-06-12 02:42:00,74.6
2025-06-12 04:09:00,8.9
2025-06-12 06:10:00,41.0
2025-06-12 20:31:00,26.0
2025-06-12 03:27:00,2.0
2025-06-12 15:31:00,75.4
2025-06-12 01:42:00,62.9
2025-06-12 08:52:00,12.5
2025-06-12 08:04:00,49.44888862615275
2025-06-12 15:18:00,37.0
2025-06-12 17:10:00,79.3
2025-06-12 20:23:00,69.2
2025-06-12 18:10:00,41.1
2025-06-12 18:43:00,30.1
2025-06-12 18:44:00,76.6
2025-06-12 13:27:00,67.3
2025-06-12 06:40:00,61.5
2025-06-12 14:25:00,88.0
2025-06-12 14:36:00,26.9
2025-06-12 03:02:00,25.4
2025-06-12 20:47:00,35.8
2025-06-12 10:52:00,75.1
2025-06-12 00:21:00,57.0
2025-06-12 20:09:00,53.1
2025-06-12 12:06:00,92.9
2025-06-12 03:27:00,49.44888862615275
2025-06-12 10:10:00,6.0
2025-06-12 06:33:00,49.6
2025-06-12 17:30:00,64.0
2025-06-12 03:14:00,43.2
2025-06-12 09:48:00,35.2
2025-06-12 20:34:00,95.5
2025-06-12 17:40:00,49.44888862615275
2025-06-12 21:14:00,49.44888862615275
2025-06-12 04:01:00,20.6
2025-06-12 08:33:00,78.8
2025-06-12 13:06:00,54.8
2025-06-12 18:44:00,20.8
2025-06-12 20:45:00,40.7
2025-06-12 21:17:00,49.44888862615275
2025-06-12 21:37:00,35.8
2025-06-12 01:47:00,3.6
2025-06-12 16:06:00,57.4
2025-06-12 17:17:00,91.1
2025-06-12 08:29:00,14.7
2025-06-12 18:45:00,56.4
2025-06-12 23:25:00,96.2
2025-06-12 13:53:00,77.2
2025-06-12 20:03:00,71.0
2025-06-12 05:41:00,7.4
2025-06-12 13:25:00,61.6
2025-06-12 04:35:00,54.0
2025-06-12 19:18:00,57.0
2025-06-12 07:02:00,96.1
2025-06-12 17:02:00,17.2
2025-06-12 09:40:00,11.5
2025-06-12 18:55:00,17.8
2025-06-12 13:45:00,26.7
2025-06-12 09:33:00,38.9
2025-06-12 14:30:00,49.44888862615275
2025-06-12 20:21:00,86.5
2025-06-12 16:20:00,48.7
2025-06-12 17:43:00,87.0
2025-06-12 10:03:00,6.7
2025-06-12 10:04:00,58.6
2025-06-12 04:54:00,75.5
2025-06-12 14:14:00,57.8
2025-06-12 22:47:00,49.44888862615275
2025-06-12 11:13:00,81.8
2025-06-12 03:42:00,5.3
2025-06-12 17:18:00,37.1
2025-06-12 09:58:00,49.44888862615275
2025-06-12 14:38:00,36.6
2025-06-12 22:27:00,49.44888862615275
2025-06-12 02:47:00,38.1
2025-06-12 00:08:00,64.5
2025-06-12 11:45:00,49.44888862615275
2025-06-12 14:15:00,49.7
2025-06-12 03:56:00,32.9
2025-06-12 13:02:00,22.9
2025-06-12 07:47:00,36.0
2025-06-12 15:15:00,51.2
2025-06-12 02:43:00,42.5
2025-06-12 19:47:00,53.6
2025-06-12 21:37:00,49.44888862615275
2025-06-12 21:55:00,39.0
2025-06-12 00:47:00,56.3
2025-06-12 14:58:00,14.8
2025-06-12 00:51:00,49.44888862615275
2025-06-12 05:33:00,54.2
2025-06-12 14:58:00,81.6
2025-06-12 12:54:00,99.3
2025-06-12 05:00:00,2.6
2025-06-12 21:54:00,43.0
2025-06-12 16:23:00,6.4
2025-06-12 00:58:00,49.44888862615275
2025-06-12 07:04:00,71.3
2025-06-12 16:22:00,30.7
2025-06-12 10:45:00,97.8
2025-06-12 13:09:00,17.6
2025-06-12 17:19:00,56.8
2025-06-12 22:02:00,23.6
2025-06-12 05:48:00,62.3
2025-06-12 02:26:00,25.5
2025-06-12 18:01:00,75.8
2025-06-12 17:07:00,24.2
2025-06-12 15:16:00,78.4
2025-06-12 17:27:00,52.6
2025-06-12 12:54:00,49.44888862615275
2025-06-12 21:28:00,57.6
2025-06-12 14:57:00,25.0
2025-06-12 12:40:00,49.44888862615275
2025-06-12 12:42:00,87.3
2025-06-12 18:57:00,49.44888862615275
2025-06-12 10:05:00,49.44888862615275
2025-06-12 10:47:00,49.44888862615275
2025-06-12 19:40:00,4.9
2025-06-12 10:36:00,49.44888862615275
2025-06-12 14:33:00,81.1
2025-06-12 07:45:00,89.3
2025-06-12 04:48:00,61.0
2025-06-12 04:55:00,17.1
2025-06-12 06:08:00,32.2
2025-06-12 16:22:00,49.44888862615275
2025-06-12 16:46:00,28.4
2025-06-12 09:05:00,0.0
2025-06-12 15:52:00,13.3
2025-06-12 13:07:00,49.44888862615275
2025-06-12 07:18:00,66.9
2025-06-12 12:49:00,49.44888862615275
2025-06-12 13:53:00,87.3
2025-06-12 10:44:00,38.5
2025-06-12 10:24:00,40.3
2025-06-12 13:18:00,49.44888862615275
2025-06-12 20:26:00,77.9
2025-06-12 12:22:00,97.2
2025-06-12 22:03:00,56.5
2025-06-12 06:05:00,72.4
2025-06-12 18:30:00,28.6
2025-06-12 10:36:00,83.5
2025-06-12 21:55:00,49.44888862615275
2025-06-12 22:52:00,86.6
2025-06-12 20:18:00,48.9
2025-06-12 15:49:00,93.6
2025-06-12 23:55:00,14.8
2025-06-12 00:32:00,13.8
2025-06-12 20:15:00,59.4
2025-06-12 10:21:00,49.44888862615275
2025-06-12 18:10:00,44.8
2025-06-12 10:21:00,20.3
2025-06-12 07:27:00,49.44888862615275
2025-06-12 03:46:00,94.4
2025-06-12 15:13:00,40.8
2025-06-12 15:20:00,32.3
2025-06-12 18:56:00,27.8
2025-06-12 19:53:00,77.8
2025-06-12 07:09:00,93.8
2025-06-12 14:09:00,2.1
2025-06-12 12:24:00,21.3
2025-06-12 11:50:00,55.8
2025-06-12 22:12:00,7.2
2025-06-12 02:05:00,71.4
2025-06-12 13:27:00,69.0
2025-06-12 03:39:00,11.9
2025-06-12 21:20:00,85.8
2025-06-12 04:10:00,80.8
2025-06-12 05:25:00,69.2
2025-06-12 02:24:00,50.6
2025-06-12 06:51:00,77.1
2025-06-12 03:53:00,42.9
2025-06-12 08:31:00,25.0
2025-06-12 12:03:00,49.44888862615275
2025-06-12 20:04:00,34.4
2025-06-12 15:15:00,8.3
2025-06-12 06:42:00,91.2
2025-06-12 14:42:00,8.0
2025-06-12 10:25:00,1.9
2025-06-12 20:52:00,0.7
2025-06-12 12:24:00,45.3
2025-06-12 15:45:00,53.3
2025-06-12 20:36:00,58.7
2025-06-12 08:04:00,72.5
2025-06-12 22:21:00,52.2
2025-06-12 05:26:00,51.9
2025-06-12 04:57:00,49.44888862615275
2025-06-12 06:46:00,14.0
2025-06-12 23:06:00,24.6
2025-06-12 21:49:00,35.9
2025-06-12 14:49:00,69.7
2025-06-12 23:53:00,67.8
2025-06-12 06:49:00,57.3
2025-06-12 14:34:00,77.3
2025-06-12 09:49:00,49.44888862615275
2025-06-12 11:35:00,43.0
2025-06-12 09:00:00,49.44888862615275
2025-06-12 13:35:00,78.3
2025-06-12 13:12:00,55.7
2025-06-12 20:39:00,44.3
2025-06-12 19:48:00,88.4
2025-06-12 14:02:00,10.2
2025-06-12 12:45:00,29.5
2025-06-12 19:01:00,4.7
2025-06-12 18:37:00,80.9
2025-06-12 06:53:00,99.4
2025-06-12 23:37:00,37.2
2025-06-12 01:45:00,44.7
2025-06-12 13:56:00,14.7
2025-06-12 07:33:00,50.4
2025-06-12 23:55:00,84.4
2025-06-12 12:41:00,85.4
2025-06-12 13:20:00,5.5
2025-06-12 22:06:00,87.7
2025-06-12 11:42:00,49.44888862615275
2025-06-12 01:50:00,53.1
2025-06-12 17:57:00,49.44888862615275
2025-06-12 01:06:00,49.44888862615275
2025-06-12 07:38:00,38.4
2025-06-12 21:04:00,39.8
2025-06-12 10:36:00,34.1
2025-06-12 09:18:00,55.1
2025-06-12 22:21:00,5.8
2025-06-12 11:53:00,51.3
2025-06-12 14:29:00,26.0
2025-06-12 06:12:00,98.2
2025-06-12 20:38:00,14.1
2025-06-12 10:44:00,49.4
2025-06-12 03:28:00,49.44888862615275
2025-06-12 07:56:00,98.0
2025-06-12 00:11:00,86.1
2025-06-12 11:20:00,83.4
2025-06-12 17:33:00,49.44888862615275
2025-06-12 03:02:00,49.44888862615275
2025-06-12 12:06:00,49.44888862615275
2025-06-12 19:37:00,61.3
2025-06-12 03:17:00,26.8
2025-06-12 00:49:00,60.1
2025-06-12 14:00:00,3.2
2025-06-12 21:01:00,64.9
2025-06-12 14:37:00,77.3
2025-06-12 00:53:00,49.44888862615275
2025-06-12 19:55:00,22.9
2025-06-12 05:10:00,51.7
2025-06-12 12:10:00,49.44888862615275
2025-06-12 19:32:00,33.2
2025-06-12 12:10:00,9.0
2025-06-12 16:42:00,49.44888862615275
2025-06-12 12:50:00,74.9
2025-06-12 16:36:00,84.1
2025-06-12 22:55:00,95.4
2025-06-12 17:52:00,72.5
2025-06-12 10:06:00,70.6
2025-06-12 07:38:00,96.9
2025-06-12 03:25:00,58.7
2025-06-12 15:23:00,59.1
2025-06-12 22:26:00,34.5
2025-06-12 12:00:00,92.6
2025-06-12 15:26:00,91.5
2025-06-12 02:09:00,85.1
2025-06-12 01:06:00,57.1
2025-06-12 02:27:00,55.4
2025-06-12 22:45:00,76.1
2025-06-12 04:33:00,11.2
2025-06-12 14:42:00,87.7
2025-06-12 03:13:00,47.9
2025-06-12 08:49:00,8.0
2025-06-12 02:51:00,23.5
2025-06-12 05:17:00,84.4
2025-06-12 07:35:00,66.3
2025-06-12 11:04:00,92.9
2025-06-12 18:58:00,45.5
2025-06-12 09:51:00,98.6
2025-06-12 08:12:00,98.8
2025-06-12 14:42:00,19.2
2025-06-12 06:03:00,49.953150620754265
2025-06-12 00:04:00,16.0
2025-06-12 00:22:00,96.9
2025-06-12 21:40:00,49.953150620754265
2025-06-12 03:36:00,1.2
2025-06-12 11:39:00,64.0
2025-06-12 09:39:00,85.2
2025-06-12 05:41:00,62.4
2025-06-12 15:12:00,49.953150620754265
2025-06-12 22:51:00,31.8
2025-06-12 12:37:00,22.2
2025-06-12 02:06:00,47.4
2025-06-12 09:11:00,7.5
2025-06-12 19:24:00,35.7
2025-06-12 13:24:00,70.2
2025-06-12 19:36:00,77.4
2025-06-12 10:37:00,46.7
2025-06-12 05:54:00,49.953150620754265
2025-06-12 17:03:00,63.2
2025-06-12 22:14:00,39.9
2025-06-12 07:59:00,18.7
2025-06-12 10:24:00,23.6
2025-06-12 14:09:00,48.4
2025-06-12 03:38:00,63.8
2025-06-12 17:39:00,83.4
2025-06-12 01:19:00,49.953150620754265
2025-06-12 16:56:00,38.0
2025-06-12 18:23:00,24.6
2025-06-12 03:09:00,49.953150620754265
2025-06-12 07:32:00,57.5
2025-06-12 23:41:00,52.2
2025-06-12 14:03:00,32.5
2025-06-12 21:18:00,28.8
2025-06-12 12:13:00,74.6
2025-06-12 00:13:00,90.1
2025-06-12 03:38:00,49.953150620754265
2025-06-12 13:03:00,45.7
2025-06-12 03:09:00,49.953150620754265
2025-06-12 23:04:00,40.7
2025-06-12 23:14:00,71.4
2025-06-12 01:51:00,49.953150620754265
2025-06-12 07:06:00,49.953150620754265
2025-06-12 15:18:00,71.8
2025-06-12 20:00:00,94.7
2025-06-12 07:49:00,24.3
2025-06-12 05:50:00,1.9
2025-06-12 16:53:00,83.9
2025-06-12 20:50:00,36.0
2025-06-12 23:32:00,1.4
2025-06-12 06:47:00,87.2
2025-06-12 16:00:00,68.6
2025-06-12 00:33:00,73.7
2025-06-12 18:12:00,99.0
2025-06-12 01:17:00,98.2
2025-06-12 21:00:00,67.6
2025-06-12 08:32:00,30.6
2025-06-12 15:59:00,97.8
2025-06-12 20:25:00,26.8
2025-06-12 19:25:00,49.953150620754265
2025-06-12 18:32:00,1.5
2025-06-12 01:06:00,27.4
2025-06-12 16:37:00,99.5
2025-06-12 17:44:00,21.2
2025-06-12 22:30:00,61.1
2025-06-12 04:02:00,98.9
2025-06-12 23:41:00,49.953150620754265
2025-06-12 11:34:00,60.1
2025-06-12 12:58:00,53.0
2025-06-12 04:50:00,73.9
2025-06-12 18:40:00,74.7
2025-06-12 15:15:00,3.5
2025-06-12 05:19:00,18.5
2025-06-12 05:45:00,21.8
2025-06-12 18:10:00,77.3
2025-06-12 09:17:00,52.9
2025-06-12 15:37:00,6.8
2025-06-12 10:58:00,94.1
2025-06-12 23:31:00,76.8
2025-06-12 12:43:00,99.9
2025-06-12 13:56:00,13.9
2025-06-12 09:12:00,4.7
2025-06-12 12:32:00,93.0
2025-06-12 19:49:00,49.953150620754265
2025-06-12 22:41:00,14.5
2025-06-12 08:16:00,51.1
2025-06-12 00:41:00,82.8
2025-06-12 13:38:00,21.6
2025-06-12 08:19:00,91.5
2025-06-12 20:10:00,100.0
2025-06-12 05:03:00,16.1
2025-06-12 23:03:00,16.7
2025-06-12 03:48:00,68.9
2025-06-12 20:01:00,9.3
2025-06-12 19:06:00,82.0
2025-06-12 06:21:00,49.953150620754265
2025-06-12 17:43:00,91.8
2025-06-12 07:23:00,55.3
2025-06-12 12:07:00,94.0
2025-06-12 10:09:00,3.2
2025-06-12 10:08:00,49.953150620754265
2025-06-12 05:24:00,49.953150620754265
2025-06-12 03:24:00,58.6
2025-06-12 11:36:00,68.0
2025-06-12 06:23:00,78.5
2025-06-12 22:20:00,61.6
2025-06-12 07:19:00,49.953150620754265
2025-06-12 07:00:00,6.1
2025-06-12 16:44:00,15.9
2025-06-12 13:24:00,37.3
2025-06-12 07:58:00,24.1
2025-06-12 16:21:00,8.3
2025-06-12 10:38:00,49.953150620754265
2025-06-12 15:50:00,60.9
2025-06-12 13:45:00,20.0
2025-06-12 01:37:00,94.0
2025-06-12 00:36:00,71.1
2025-06-12 17:02:00,31.1
2025-06-12 02:00:00,92.8
2025-06-12 19:16:00,69.8
2025-06-12 01:21:00,12.8
2025-06-12 13:26:00,5.8
2025-06-12 22:13:00,7.1
2025-06-12 12:09:00,33.1
2025-06-12 09:34:00,49.953150620754265
2025-06-12 03:18:00,46.7
2025-06-12 19:40:00,62.2
2025-06-12 00:35:00,46.7
2025-06-12 06:30:00,85.4
2025-06-12 21:54:00,35.8
2025-06-12 09:36:00,49.953150620754265
2025-06-12 13:47:00,64.1
2025-06-12 21:59:00,6.0
2025-06-12 23:35:00,49.953150620754265
2025-06-12 08:28:00,24.8
2025-06-12 02:00:00,94.4
2025-06-12 01:22:00,47.9
2025-06-12 07:43:00,56.1
2025-06-12 01:16:00,12.0
2025-06-12 16:07:00,49.0
2025-06-12 19:27:00,8.6
2025-06-12 07:29:00,56.2
2025-06-12 19:15:00,49.953150620754265
2025-06-12 01:10:00,22.9
2025-06-12 06:52:00,7.8
2025-06-12 08:55:00,10.8
2025-06-12 14:14:00,21.9
2025-06-12 06:29:00,50.2
2025-06-12 04:49:00,77.6
2025-06-12 08:38:00,49.953150620754265
2025-06-12 13:41:00,82.7
2025-06-12 07:31:00,77.0
2025-06-12 01:48:00,45.8
2025-06-12 04:21:00,51.9
2025-06-12 07:30:00,19.5
2025-06-12 00:57:00,49.953150620754265
2025-06-12 10:01:00,93.3
2025-06-12 23:04:00,20.8
2025-06-12 19:55:00,56.1
2025-06-12 18:37:00,41.9
2025-06-12 23:09:00,57.1
2025-06-12 10:25:00,37.5
2025-06-12 08:02:00,53.4
2025-06-12 03:30:00,20.0
2025-06-12 19:32:00,54.4
2025-06-12 13:35:00,74.9
2025-06-12 03:18:00,24.5
2025-06-12 22:19:00,21.4
2025-06-12 15:00:00,7.7
2025-06-12 07:10:00,57.7
2025-06-12 14:31:00,53.1
2025-06-12 16:59:00,14.9
2025-06-12 12:57:00,49.953150620754265
2025-06-12 21:52:00,34.1
2025-06-12 18:12:00,49.953150620754265
2025-06-12 06:27:00,10.2
2025-06-12 10:48:00,49.953150620754265
2025-06-12 18:24:00,52.6
2025-06-12 06:36:00,33.9
2025-06-12 06:05:00,49.953150620754265
2025-06-12 21:14:00,15.0
2025-06-12 04:06:00,42.0
2025-06-12 09:27:00,56.3
2025-06-12 19:23:00,46.0
2025-06-12 01:26:00,76.0
2025-06-12 18:32:00,63.4
2025-06-12 04:12:00,68.2
2025-06-12 02:08:00,42.9
2025-06-12 12:55:00,21.2
2025-06-12 21:31:00,75.7
2025-06-12 15:38:00,49.953150620754265
2025-06-12 19:58:00,86.5
2025-06-12 14:02:00,92.6
2025-06-12 18:29:00,90.4
2025-06-12 00:28:00,77.0
2025-06-12 14:40:00,39.2
2025-06-12 13:21:00,0.6
2025-06-12 13:39:00,36.1
2025-06-12 22:23:00,79.8
2025-06-12 16:35:00,8.7
2025-06-12 20:28:00,49.953150620754265
2025-06-12 10:23:00,33.5
2025-06-12 01:27:00,49.953150620754265
2025-06-12 12:37:00,49.953150620754265
2025-06-12 05:35:00,82.8
2025-06-12 03:51:00,41.9
2025-06-12 22:14:00,70.6
2025-06-12 21:17:00,49.953150620754265
2025-06-12 06:58:00,75.0
2025-06-12 09:48:00,53.9
2025-06-12 21:25:00,49.953150620754265
2025-06-12 03:48:00,7.4
2025-06-12 00:35:00,78.9
2025-06-12 06:09:00,86.5
2025-06-12 21:17:00,68.3
2025-06-12 00:57:00,49.9
2025-06-12 20:23:00,56.1
2025-06-12 12:19:00,76.2
2025-06-12 11:53:00,59.8
2025-06-12 14:21:00,19.8
2025-06-12 17:22:00,93.2
2025-06-12 22:58:00,92.5
2025-06-12 00:39:00,50.1
2025-06-12 13:14:00,8.9
2025-06-12 01:11:00,66.1
2025-06-12 22:30:00,95.8
2025-06-12 07:32:00,87.6
2025-06-12 02:44:00,25.7
2025-06-12 14:36:00,77.6
2025-06-12 15:23:00,49.953150620754265
2025-06-12 22:43:00,49.953150620754265
2025-06-12 20:52:00,89.9
2025-06-12 04:47:00,49.953150620754265
2025-06-12 02:10:00,80.1
2025-06-12 05:42:00,49.953150620754265
2025-06-12 11:32:00,2.2
2025-06-12 07:26:00,8.2
2025-06-12 02:03:00,49.953150620754265
2025-06-12 05:15:00,26.4
2025-06-12 10:42:00,10.3
2025-06-12 14:09:00,49.953150620754265
2025-06-12 04:08:00,73.0
2025-06-12 03:09:00,44.8
2025-06-12 09:15:00,54.8
2025-06-12 15:13:00,52.6
2025-06-12 09:22:00,97.6
2025-06-12 05:08:00,76.9
2025-06-12 05:43:00,34.3
2025-06-12 18:18:00,55.8
2025-06-12 22:09:00,63.3
2025-06-12 16:40:00,49.953150620754265
2025-06-12 14:49:00,49.953150620754265
2025-06-12 19:19:00,15.4
2025-06-12 19:28:00,91.1
2025-06-12 03:52:00,6.9
2025-06-12 10:56:00,13.8
2025-06-12 05:30:00,28.1
2025-06-12 06:05:00,14.5
2025-06-12 09:52:00,13.3
2025-06-12 01:04:00,49.953150620754265
2025-06-12 06:57:00,2.5
2025-06-12 02:17:00,49.953150620754265
2025-06-12 01:21:00,49.953150620754265
2025-06-12 07:16:00,64.4
2025-06-12 14:24:00,79.8
2025-06-12 04:29:00,93.3
2025-06-12 07:22:00,40.3
2025-06-12 11:13:00,79.8
2025-06-12 17:45:00,77.7
2025-06-12 13:55:00,61.7
2025-06-12 04:30:00,52.1
2025-06-12 04:15:00,49.953150620754265
2025-06-12 04:38:00,69.0
2025-06-12 23:28:00,74.8
2025-06-12 05:47:00,46.2
2025-06-12 21:14:00,73.4
2025-06-12 02:42:00,27.6
2025-06-12 17:26:00,93.9
2025-06-12 07:56:00,14.5
2025-06-12 14:25:00,9.2
2025-06-12 06:53:00,27.1
2025-06-12 01:18:00,9.7
2025-06-12 07:13:00,49.953150620754265
2025-06-12 05:37:00,16.9
2025-06-12 21:49:00,16.5
2025-06-12 19:34:00,83.0
2025-06-12 06:42:00,49.953150620754265
2025-06-12 14:28:00,19.5
2025-06-12 02:34:00,21.5
2025-06-12 09:15:00,35.9
2025-06-12 07:20:00,1.1
2025-06-12 03:11:00,74.8
2025-06-12 08:47:00,1.7
2025-06-12 16:57:00,59.3
2025-06-12 00:18:00,20.1
2025-06-12 23:15:00,49.58899212042808
2025-06-12 17:14:00,6.3
2025-06-12 00:09:00,49.58899212042808
2025-06-12 17:55:00,45.9
2025-06-12 21:38:00,73.6
2025-06-12 09:18:00,34.0
2025-06-12 05:12:00,40.6
2025-06-12 13:03:00,3.4
2025-06-12 03:36:00,5.0
2025-06-12 00:20:00,39.7
2025-06-12 06:29:00,49.58899212042808
2025-06-12 12:00:00,26.4
2025-06-12 02:58:00,74.1
2025-06-12 06:45:00,10.0
2025-06-12 20:26:00,29.6
2025-06-12 04:43:00,87.2
2025-06-12 03:27:00,49.9
2025-06-12 09:48:00,63.1
2025-06-12 19:00:00,49.58899212042808
2025-06-12 01:33:00,29.5
2025-06-12 18:25:00,49.58899212042808
2025-06-12 08:02:00,25.1
2025-06-12 02:54:00,65.6
2025-06-12 11:38:00,6.3
2025-06-12 02:40:00,81.1
2025-06-12 04:30:00,67.9
2025-06-12 10:24:00,49.58899212042808
2025-06-12 13:55:00,24.8
2025-06-12 08:47:00,49.58899212042808
2025-06-12 01:37:00,43.6
2025-06-12 09:08:00,7.0
2025-06-12 23:50:00,98.5
2025-06-12 19:56:00,98.4
2025-06-12 01:47:00,76.6
2025-06-12 13:12:00,39.6
2025-06-12 18:08:00,45.6
2025-06-12 11:06:00,38.5
2025-06-12 14:38:00,49.58899212042808
2025-06-12 22:50:00,9.3
2025-06-12 08:30:00,65.5
2025-06-12 01:53:00,49.58899212042808
2025-06-12 00:55:00,57.1
2025-06-12 23:33:00,71.5
2025-06-12 11:24:00,73.9
2025-06-12 15:09:00,85.2
2025-06-12 17:30:00,21.9
2025-06-12 01:23:00,35.9
2025-06-12 20:01:00,72.9
2025-06-12 07:33:00,15.5
2025-06-12 05:09:00,49.58899212042808
2025-06-12 06:52:00,11.4
2025-06-12 08:16:00,59.4
2025-06-12 16:35:00,49.58899212042808
2025-06-12 09:14:00,50.9
2025-06-12 23:09:00,47.7
2025-06-12 10:49:00,74.3
2025-06-12 09:33:00,31.8
2025-06-12 07:54:00,80.8
2025-06-12 08:39:00,34.1
2025-06-12 02:03:00,72.7
2025-06-12 18:33:00,70.1
2025-06-12 10:20:00,91.6
2025-06-12 10:27:00,86.6
2025-06-12 06:56:00,68.2
2025-06-12 11:33:00,40.8
2025-06-12 07:12:00,45.9
2025-06-12 05:28:00,52.8
2025-06-12 12:47:00,45.3
2025-06-12 01:39:00,96.5
2025-06-12 10:59:00,79.6
2025-06-12 20:45:00,19.2
2025-06-12 03:50:00,49.58899212042808
2025-06-12 14:37:00,44.3
2025-06-12 10:49:00,66.6
2025-06-12 11:07:00,49.58899212042808
2025-06-12 01:55:00,99.3
2025-06-12 10:02:00,85.0
2025-06-12 07:19:00,81.1
2025-06-12 00:57:00,83.6
2025-06-12 10:46:00,53.9
2025-06-12 09:30:00,49.8
2025-06-12 15:32:00,83.5
2025-06-12 01:50:00,32.4
2025-06-12 11:35:00,20.6
2025-06-12 07:29:00,44.1
2025-06-12 22:47:00,97.8
2025-06-12 23:19:00,24.4
2025-06-12 09:02:00,42.5
2025-06-12 19:47:00,49.58899212042808
2025-06-12 17:11:00,49.58899212042808
2025-06-12 01:38:00,8.7
2025-06-12 02:09:00,3.9
2025-06-12 06:08:00,61.2
2025-06-12 08:53:00,49.58899212042808
2025-06-12 18:19:00,99.6
2025-06-12 16:55:00,25.2
2025-06-12 23:45:00,24.8
2025-06-12 17:33:00,20.4
2025-06-12 21:51:00,66.4
2025-06-12 23:38:00,49.58899212042808
2025-06-12 14:05:00,68.2
2025-06-12 20:05:00,49.58899212042808
2025-06-12 16:30:00,84.5
2025-06-12 16:03:00,32.6
2025-06-12 04:50:00,12.4
2025-06-12 04:30:00,49.58899212042808
2025-06-12 08:09:00,26.4
2025-06-12 22:07:00,49.58899212042808
2025-06-12 02:58:00,49.58899212042808
2025-06-12 04:42:00,30.2
2025-06-12 08:00:00,36.5
2025-06-12 09:22:00,99.7
2025-06-12 17:37:00,28.7
2025-06-12 21:58:00,68.8
2025-06-12 20:37:00,35.6
2025-06-12 21:07:00,66.9
2025-06-12 09:39:00,74.8
2025-06-12 18:32:00,86.5
2025-06-12 19:56:00,66.6
2025-06-12 16:03:00,59.6
2025-06-12 13:18:00,29.1
2025-06-12 06:42:00,89.9
2025-06-12 17:04:00,76.8
2025-06-12 01:15:00,16.2
2025-06-12 07:59:00,59.5
2025-06-12 08:20:00,21.5
2025-06-12 04:49:00,74.5
2025-06-12 09:44:00,34.4
2025-06-12 00:25:00,76.6
2025-06-12 01:24:00,49.58899212042808
2025-06-12 00:59:00,49.58899212042808
2025-06-12 18:05:00,1.1
2025-06-12 21:19:00,49.58899212042808
2025-06-12 18:26:00,73.1
2025-06-12 07:24:00,62.0
2025-06-12 14:15:00,18.4
2025-06-12 14:49:00,0.1
2025-06-12 04:06:00,71.7
2025-06-12 11:55:00,49.0
2025-06-12 16:17:00,84.5
2025-06-12 16:41:00,57.5
2025-06-12 06:19:00,43.6
2025-06-12 18:47:00,97.1
2025-06-12 14:43:00,28.9
2025-06-12 13:48:00,11.8
2025-06-12 16:13:00,78.6
2025-06-12 23:12:00,49.58899212042808
2025-06-12 23:55:00,48.9
2025-06-12 17:42:00,17.5
2025-06-12 19:38:00,75.4
2025-06-12 05:13:00,58.5
2025-06-12 19:03:00,95.1
2025-06-12 16:40:00,55.3
2025-06-12 21:42:00,46.2
2025-06-12 23:35:00,40.1
2025-06-12 19:43:00,35.2
2025-06-12 09:40:00,16.6
2025-06-12 17:47:00,51.6
2025-06-12 19:00:00,41.8
2025-06-12 14:29:00,96.0
2025-06-12 22:36:00,49.58899212042808
2025-06-12 14:33:00,12.8
2025-06-12 10:04:00,79.5
2025-06-12 07:50:00,80.0
2025-06-12 12:07:00,93.2
2025-06-12 04:58:00,49.58899212042808
2025-06-12 22:03:00,28.6
2025-06-12 03:16:00,19.6
2025-06-12 23:08:00,83.8
2025-06-12 15:08:00,89.9
2025-06-12 16:20:00,57.5
2025-06-12 02:07:00,86.4
2025-06-12 20:39:00,71.8
2025-06-12 02:06:00,6.9
2025-06-12 13:21:00,62.8
2025-06-12 20:12:00,92.2
2025-06-12 17:05:00,37.2
2025-06-12 07:04:00,51.6
2025-06-12 18:20:00,13.0
2025-06-12 17:06:00,71.8
2025-06-12 02:57:00,58.7
2025-06-12 01:15:00,49.58899212042808
2025-06-12 18:13:00,49.58899212042808
2025-06-12 08:55:00,97.3
2025-06-12 07:49:00,88.5
2025-06-12 12:33:00,75.6
2025-06-12 23:00:00,49.58899212042808
2025-06-12 17:51:00,37.0
2025-06-12 22:14:00,63.9
2025-06-12 21:35:00,11.1
2025-06-12 05:03:00,33.9
2025-06-12 17:15:00,22.1
2025-06-12 21:28:00,49.58899212042808
2025-06-12 14:22:00,68.8
2025-06-12 10:00:00,47.7
2025-06-12 13:37:00,93.9
2025-06-12 01:20:00,20.2
2025-06-12 22:41:00,92.4
2025-06-12 08:40:00,3.4
2025-06-12 08:30:00,71.3
2025-06-12 05:53:00,27.6
2025-06-12 16:37:00,64.8
2025-06-12 11:49:00,96.7
2025-06-12 10:52:00,100.0
2025-06-12 03:37:00,49.58899212042808
2025-06-12 05:12:00,82.7
2025-06-12 23:27:00,49.58899212042808
2025-06-12 03:07:00,35.2
2025-06-12 21:23:00,1.9
2025-06-12 16:51:00,7.0
2025-06-12 18:39:00,81.2
2025-06-12 23:51:00,9.3
2025-06-12 00:17:00,82.2
2025-06-12 14:40:00,19.0
2025-06-12 17:42:00,35.5
2025-06-12 02:36:00,93.4
2025-06-12 07:42:00,49.58899212042808
2025-06-12 07:20:00,6.8
2025-06-12 19:08:00,22.9
2025-06-12 16:43:00,84.2
2025-06-12 17:08:00,3.2
2025-06-12 16:42:00,45.4
2025-06-12 07:41:00,23.6
2025-06-12 18:48:00,72.3
2025-06-12 06:39:00,52.8
2025-06-12 01:58:00,78.8
2025-06-12 18:53:00,30.3
2025-06-12 17:42:00,2.7
2025-06-12 07:37:00,95.2
2025-06-12 17:50:00,49.58899212042808
2025-06-12 15:51:00,25.8
2025-06-12 04:32:00,41.7
2025-06-12 03:19:00,48.1
2025-06-12 23:53:00,56.1
2025-06-12 07:56:00,98.8
2025-06-12 06:02:00,25.8
2025-06-12 21:26:00,55.5
2025-06-12 15:07:00,49.58899212042808
2025-06-12 02:41:00,53.1
2025-06-12 10:27:00,49.58899212042808
2025-06-12 12:34:00,49.58899212042808
2025-06-12 00:28:00,40.6
2025-06-12 13:01:00,16.9
2025-06-12 07:54:00,92.2
2025-06-12 12:05:00,49.58899212042808
2025-06-12 01:51:00,97.5
2025-06-12 04:51:00,35.8
2025-06-12 15:19:00,70.6
2025-06-12 01:30:00,49.58899212042808
2025-06-12 05:10:00,60.8
2025-06-12 19:10:00,12.0
2025-06-12 00:29:00,95.7
2025-06-12 05:57:00,46.5
2025-06-12 22:14:00,58.4
2025-06-12 23:11:00,7.3
2025-06-12 21:37:00,61.8
2025-06-12 23:04:00,15.9
2025-06-12 21:26:00,11.0
2025-06-12 01:39:00,95.1
2025-06-12 17:02:00,41.9
2025-06-12 19:54:00,67.6
2025-06-12 00:31:00,89.9
2025-06-12 23:50:00,17.0
2025-06-12 19:11:00,49.58899212042808
2025-06-12 04:04:00,97.8
2025-06-12 18:04:00,83.1
2025-06-12 09:39:00,16.9
2025-06-12 03:05:00,49.58899212042808
2025-06-12 03:22:00,70.7
2025-06-12 05:53:00,45.5
2025-06-12 03:46:00,32.5
2025-06-12 16:17:00,49.58899212042808
2025-06-12 04:33:00,96.3
2025-06-12 01:21:00,23.1
2025-06-12 16:13:00,49.58899212042808
2025-06-12 11:15:00,43.0
2025-06-12 01:28:00,23.5
2025-06-12 16:35:00,49.58899212042808
2025-06-12 21:36:00,49.58899212042808
2025-06-12 20:50:00,65.8
2025-06-12 02:21:00,73.2
2025-06-12 02:25:00,85.9
2025-06-12 02:42:00,73.9
2025-06-12 19:53:00,97.3
2025-06-12 20:05:00,55.7
2025-06-12 19:10:00,2.5
2025-06-12 20:26:00,82.7
2025-06-12 02:08:00,4.0
2025-06-12 23:25:00,49.2
2025-06-12 21:53:00,20.2
2025-06-12 02:23:00,21.7
2025-06-12 22:05:00,65.5
2025-06-12 20:27:00,16.3
2025-06-12 08:35:00,26.7
2025-06-12 13:00:00,89.8
2025-06-12 06:41:00,11.1
2025-06-12 11:31:00,33.7
2025-06-12 10:41:00,92.7
2025-06-12 22:51:00,49.1
2025-06-12 00:10:00,86.9
2025-06-12 13:22:00,66.0
2025-06-12 03:38:00,49.58899212042808
2025-06-12 20:42:00,49.58899212042808
2025-06-12 00:14:00,26.7
2025-06-12 04:16:00,79.3
2025-06-12 19:20:00,67.8
2025-06-12 22:07:00,49.58899212042808
2025-06-12 13:31:00,79.9
2025-06-12 21:15:00,74.1
2025-06-12 19:39:00,38.7
2025-06-12 10:47:00,49.58899212042808
2025-06-12 01:11:00,60.7
2025-06-12 05:56:00,81.7
2025-06-12 02:57:00,78.6
2025-06-12 04:26:00,69.3
2025-06-12 11:26:00,32.2
2025-06-12 06:27:00,47.8
2025-06-12 22:42:00,25.1
2025-06-12 12:46:00,26.2
2025-06-12 22:24:00,23.3
2025-06-12 21:01:00,47.7
2025-06-12 13:39:00,15.8
2025-06-12 09:44:00,99.6
2025-06-12 20:33:00,14.5
2025-06-12 18:05:00,49.58899212042808
2025-06-12 06:49:00,59.2
2025-06-12 00:41:00,7.1
2025-06-12 23:34:00,92.0
2025-06-12 00:39:00,58.1
2025-06-12 21:52:00,89.0
2025-06-12 00:12:00,67.3
2025-06-12 20:26:00,18.4
2025-06-12 17:40:00,66.2
2025-06-12 21:40:00,37.9
2025-06-12 19:02:00,93.4
2025-06-12 08:28:00,90.6
2025-06-12 01:07:00,42.4
2025-06-12 01:20:00,13.7
2025-06-12 08:06:00,86.4
2025-06-12 08:00:00,49.58899212042808
2025-06-12 08:44:00,56.0
2025-06-12 11:07:00,27.1
2025-06-12 11:42:00,70.3
2025-06-12 06:06:00,83.3
2025-06-12 00:34:00,54.6
2025-06-12 04:51:00,66.2
2025-06-12 06:05:00,87.9
2025-06-12 02:16:00,20.6
2025-06-12 03:29:00,91.8
2025-06-12 17:08:00,32.4
2025-06-12 05:58:00,49.58899212042808
2025-06-12 19:36:00,24.2
2025-06-12 23:56:00,56.7
2025-06-12 10:21:00,24.5
2025-06-12 07:08:00,0.2
2025-06-12 19:50:00,61.0
2025-06-12 03:02:00,21.2
2025-06-12 07:05:00,58.2
2025-06-12 07:05:00,50.2977004785806
2025-06-12 20:58:00,88.1
2025-06-12 05:05:00,12.3
2025-06-12 09:49:00,50.2977004785806
2025-06-12 15:19:00,60.3
2025-06-12 14:30:00,71.4
2025-06-12 00:44:00,37.2
2025-06-12 21:24:00,37.9
2025-06-12 01:49:00,24.3
2025-06-12 23:46:00,60.7
2025-06-12 12:56:00,81.2
2025-06-12 21:52:00,65.8
2025-06-12 18:40:00,41.7
2025-06-12 05:08:00,37.0
2025-06-12 08:39:00,89.5
2025-06-12 02:27:00,97.8
2025-06-12 08:45:00,50.2977004785806
2025-06-12 10:38:00,20.6
2025-06-12 00:29:00,60.8
2025-06-12 10:57:00,17.7
2025-06-12 10:14:00,55.6
2025-06-12 23:44:00,80.5
2025-06-12 14:59:00,64.8
2025-06-12 22:53:00,45.3
2025-06-12 14:22:00,34.5
2025-06-12 19:23:00,60.2
2025-06-12 15:24:00,17.9
2025-06-12 05:00:00,22.8
2025-06-12 21:08:00,33.8
2025-06-12 11:15:00,75.4
2025-06-12 22:48:00,50.2977004785806
2025-06-12 09:56:00,50.2977004785806
2025-06-12 00:18:00,94.5
2025-06-12 22:17:00,68.7
2025-06-12 06:22:00,17.0
2025-06-12 21:55:00,61.4
2025-06-12 12:36:00,56.8
2025-06-12 18:51:00,50.2977004785806
2025-06-12 21:54:00,50.2977004785806
2025-06-12 23:49:00,28.2
2025-06-12 18:06:00,64.0
2025-06-12 22:46:00,55.5
2025-06-12 16:14:00,50.2977004785806
2025-06-12 05:20:00,77.9
2025-06-12 12:48:00,62.6
2025-06-12 03:07:00,10.8
2025-06-12 09:10:00,57.0
2025-06-12 13:07:00,72.6
2025-06-12 02:04:00,31.9
2025-06-12 09:44:00,66.7
2025-06-12 09:42:00,80.1
2025-06-12 16:13:00,50.2977004785806
2025-06-12 22:48:00,43.4
2025-06-12 19:49:00,35.2
2025-06-12 21:06:00,30.3
2025-06-12 08:43:00,20.4
2025-06-12 05:10:00,41.0
2025-06-12 05:09:00,46.6
2025-06-12 14:51:00,1.5
2025-06-12 14:09:00,32.1
2025-06-12 09:56:00,50.2977004785806
2025-06-12 18:00:00,92.7
2025-06-12 21:54:00,44.1
2025-06-12 20:05:00,18.7
2025-06-12 20:09:00,26.0
2025-06-12 08:13:00,49.8
2025-06-12 12:34:00,92.7
2025-06-12 23:10:00,50.2977004785806
2025-06-12 02:43:00,32.6
2025-06-12 01:19:00,74.6
2025-06-12 06:55:00,51.9
2025-06-12 08:35:00,99.8
2025-06-12 01:46:00,80.6
2025-06-12 03:37:00,65.8
2025-06-12 06:18:00,35.0
2025-06-12 19:31:00,2.6
2025-06-12 10:15:00,88.6
2025-06-12 12:17:00,50.3
2025-06-12 19:41:00,71.4
2025-06-12 13:09:00,11.7
2025-06-12 02:44:00,20.4
2025-06-12 21:16:00,98.7
2025-06-12 17:04:00,10.7
2025-06-12 07:14:00,71.1
2025-06-12 09:40:00,50.2977004785806
2025-06-12 14:10:00,64.3
2025-06-12 16:14:00,87.4
2025-06-12 17:53:00,50.2977004785806
2025-06-12 19:30:00,39.9
2025-06-12 20:02:00,92.7
2025-06-12 03:09:00,21.3
2025-06-12 01:05:00,94.6
2025-06-12 02:48:00,66.6
2025-06-12 18:32:00,38.6
2025-06-12 13:12:00,50.9
2025-06-12 06:59:00,1.1
2025-06-12 16:41:00,19.1
2025-06-12 14:17:00,65.3
2025-06-12 09:07:00,50.2977004785806
2025-06-12 10:46:00,38.0
2025-06-12 00:55:00,85.1
2025-06-12 20:44:00,1.8
2025-06-12 09:33:00,18.5
2025-06-12 09:54:00,61.9
2025-06-12 00:00:00,50.2977004785806
2025-06-12 12:35:00,77.8
2025-06-12 04:58:00,97.0
2025-06-12 12:06:00,69.1
2025-06-12 12:54:00,50.2977004785806
2025-06-12 03:46:00,60.9
2025-06-12 11:57:00,99.1
2025-06-12 10:20:00,35.1
2025-06-12 18:14:00,2.1
2025-06-12 03:16:00,11.8
2025-06-12 03:28:00,66.5
2025-06-12 07:26:00,2.7
2025-06-12 02:58:00,73.0
2025-06-12 13:12:00,48.9
2025-06-12 10:57:00,42.8
2025-06-12 08:12:00,29.4
2025-06-12 16:34:00,82.3
2025-06-12 11:01:00,50.2977004785806
2025-06-12 18:49:00,93.3
2025-06-12 03:36:00,29.8
2025-06-12 03:13:00,62.7
2025-06-12 06:20:00,50.2977004785806
2025-06-12 02:22:00,13.6
2025-06-12 06:23:00,64.7
2025-06-12 14:41:00,93.8
2025-06-12 01:29:00,10.5
2025-06-12 21:09:00,11.9
2025-06-12 11:05:00,73.9
2025-06-12 19:06:00,27.2
2025-06-12 23:03:00,9.9
2025-06-12 17:00:00,43.2
2025-06-12 04:30:00,0.4
2025-06-12 22:12:00,40.1
2025-06-12 00:42:00,28.9
2025-06-12 07:42:00,37.2
2025-06-12 01:29:00,81.3
2025-06-12 18:57:00,47.5
2025-06-12 00:51:00,50.2977004785806
2025-06-12 06:57:00,16.9
2025-06-12 12:52:00,51.7
2025-06-12 00:20:00,73.5
2025-06-12 06:53:00,89.0
2025-06-12 06:40:00,62.7
2025-06-12 23:14:00,98.2
2025-06-12 15:12:00,82.6
2025-06-12 17:01:00,25.6
2025-06-12 21:58:00,10.2
2025-06-12 12:02:00,98.5
2025-06-12 16:31:00,34.5
2025-06-12 02:36:00,70.3
2025-06-12 05:08:00,50.2977004785806
2025-06-12 19:48:00,70.9
2025-06-12 04:41:00,32.0
2025-06-12 03:03:00,90.8
2025-06-12 17:33:00,14.5
2025-06-12 16:39:00,98.2
2025-06-12 02:05:00,19.6
2025-06-12 01:22:00,68.6
2025-06-12 13:05:00,11.4
2025-06-12 09:09:00,36.6
2025-06-12 19:22:00,11.8
2025-06-12 20:34:00,61.4
2025-06-12 11:18:00,61.8
2025-06-12 16:47:00,35.2
2025-06-12 10:07:00,90.4
2025-06-12 13:42:00,99.7
2025-06-12 16:04:00,3.8
2025-06-12 06:10:00,95.0
2025-06-12 01:19:00,82.3
2025-06-12 15:11:00,96.1
2025-06-12 21:10:00,50.2977004785806
2025-06-12 15:02:00,65.0
2025-06-12 09:22:00,9.7
2025-06-12 23:39:00,50.2977004785806
2025-06-12 03:32:00,50.2977004785806
2025-06-12 23:57:00,91.6
2025-06-12 10:06:00,79.8
2025-06-12 04:50:00,65.9
2025-06-12 00:49:00,58.6
2025-06-12 22:02:00,98.2
2025-06-12 15:47:00,92.5
2025-06-12 00:19:00,13.2
2025-06-12 09:00:00,68.7
2025-06-12 01:54:00,54.2
2025-06-12 09:32:00,50.2977004785806
2025-06-12 22:07:00,50.2977004785806
2025-06-12 23:28:00,7.4
2025-06-12 22:41:00,78.2
2025-06-12 11:57:00,31.1
2025-06-12 14:52:00,84.0
2025-06-12 03:04:00,37.7
2025-06-12 18:21:00,93.6
2025-06-12 13:44:00,16.3
2025-06-12 21:15:00,5.0
2025-06-12 14:11:00,21.0
2025-06-12 23:22:00,30.1
2025-06-12 17:24:00,4.9
2025-06-12 08:16:00,72.6
2025-06-12 04:22:00,50.2977004785806
2025-06-12 21:50:00,59.0
2025-06-12 12:28:00,61.4
2025-06-12 06:45:00,50.2977004785806
2025-06-12 15:21:00,58.8
2025-06-12 11:47:00,50.2977004785806
2025-06-12 17:22:00,82.4
2025-06-12 20:09:00,63.3
2025-06-12 17:36:00,57.6
2025-06-12 03:14:00,48.4
2025-06-12 20:15:00,23.8
2025-06-12 00:40:00,47.2
2025-06-12 01:12:00,95.2
2025-06-12 15:22:00,65.8
2025-06-12 16:54:00,94.8
2025-06-12 00:13:00,14.4
2025-06-12 23:44:00,50.2977004785806
2025-06-12 10:51:00,11.1
2025-06-12 22:20:00,96.1
2025-06-12 05:19:00,36.6
2025-06-12 13:27:00,30.3
2025-06-12 13:21:00,50.2977004785806
2025-06-12 03:43:00,50.2977004785806
2025-06-12 10:15:00,41.1
2025-06-12 06:11:00,91.2
2025-06-12 19:19:00,6.0
2025-06-12 16:23:00,26.6
2025-06-12 10:46:00,85.1
2025-06-12 08:10:00,40.1
2025-06-12 00:04:00,28.5
2025-06-12 07:04:00,45.3
2025-06-12 01:47:00,73.1
2025-06-12 08:05:00,50.2977004785806
2025-06-12 08:06:00,50.2977004785806
2025-06-12 07:20:00,97.8
2025-06-12 16:46:00,14.8
2025-06-12 15:48:00,73.8
2025-06-12 02:32:00,75.4
2025-06-12 22:17:00,7.2
2025-06-12 01:25:00,8.1
2025-06-12 06:33:00,0.6
2025-06-12 06:08:00,69.5
2025-06-12 07:51:00,2.7
2025-06-12 21:08:00,75.5
2025-06-12 23:24:00,98.4
2025-06-12 16:01:00,50.2977004785806
2025-06-12 04:21:00,82.1
2025-06-12 20:43:00,76.2
2025-06-12 12:41:00,6.3
2025-06-12 09:38:00,12.9
2025-06-12 00:59:00,12.5
2025-06-12 17:15:00,50.2977004785806
2025-06-12 00:35:00,73.4
2025-06-12 12:26:00,52.8
2025-06-12 21:37:00,50.2977004785806
2025-06-12 06:35:00,50.2977004785806
2025-06-12 19:58:00,40.1
2025-06-12 12:26:00,58.4
2025-06-12 11:20:00,22.1
2025-06-12 21:19:00,58.6
2025-06-12 09:03:00,94.8
2025-06-12 17:15:00,76.9
2025-06-12 01:59:00,30.6
2025-06-12 13:16:00,50.2977004785806
2025-06-12 18:48:00,28.9
2025-06-12 17:21:00,83.5
2025-06-12 00:33:00,97.6
2025-06-12 06:19:00,32.9
2025-06-12 23:55:00,15.2
2025-06-12 15:15:00,75.8
2025-06-12 12:05:00,60.7
2025-06-12 02:38:00,14.5
2025-06-12 21:39:00,50.2977004785806
2025-06-12 12:16:00,8.7
2025-06-12 21:04:00,69.4
2025-06-12 13:15:00,79.3
2025-06-12 22:28:00,43.3
2025-06-12 23:24:00,70.0
2025-06-12 04:12:00,39.0
2025-06-12 16:37:00,92.4
2025-06-12 20:56:00,98.2
2025-06-12 23:32:00,50.2977004785806
2025-06-12 20:37:00,94.3
2025-06-12 23:32:00,59.6
2025-06-12 02:35:00,2.2
2025-06-12 07:15:00,80.1
2025-06-12 03:38:00,75.4
2025-06-12 00:57:00,51.2
2025-06-12 19:57:00,14.5
2025-06-12 11:03:00,55.7
2025-06-12 18:44:00,81.5
2025-06-12 00:53:00,25.9
2025-06-12 13:06:00,74.6
2025-06-12 19:19:00,50.2977004785806
2025-06-12 11:30:00,5.0
2025-06-12 07:31:00,17.7
2025-06-12 00:28:00,3.1
2025-06-12 20:40:00,76.5
2025-06-12 21:26:00,50.2977004785806
2025-06-12 06:57:00,98.3
2025-06-12 11:25:00,28.7
2025-06-12 07:19:00,50.2977004785806
2025-06-12 14:16:00,43.3
2025-06-12 21:46:00,8.8
2025-06-12 05:08:00,46.9
2025-06-12 02:07:00,28.1
2025-06-12 02:19:00,16.4
2025-06-12 07:00:00,50.2977004785806
2025-06-12 07:04:00,51.1
2025-06-12 17:08:00,24.2
2025-06-12 17:40:00,8.9
2025-06-12 22:30:00,13.1
2025-06-12 08:24:00,60.1
2025-06-12 08:46:00,22.0
2025-06-12 13:08:00,50.2977004785806
2025-06-12 18:24:00,48.0
2025-06-12 07:23:00,50.2977004785806
2025-06-12 02:26:00,18.3
2025-06-12 13:23:00,32.8
2025-06-12 09:03:00,98.7
2025-06-12 06:20:00,44.8
2025-06-12 09:30:00,46.7
2025-06-12 10:22:00,92.7
2025-06-12 03:57:00,50.2977004785806
2025-06-12 01:04:00,49.82536769031651
2025-06-12 08:03:00,86.6
2025-06-12 21:08:00,9.3
2025-06-12 10:01:00,89.9
2025-06-12 20:53:00,2.3
2025-06-12 18:15:00,51.9
2025-06-12 05:11:00,54.0
2025-06-12 18:18:00,50.1
2025-06-12 12:01:00,59.9
2025-06-12 14:50:00,60.9
2025-06-12 08:19:00,70.1
2025-06-12 09:58:00,49.82536769031651
2025-06-12 01:46:00,58.9
2025-06-12 02:01:00,87.5
2025-06-12 01:59:00,33.7
2025-06-12 01:09:00,98.8
2025-06-12 23:35:00,49.82536769031651
2025-06-12 21:53:00,43.0
2025-06-12 02:39:00,34.7
2025-06-12 13:13:00,77.7
2025-06-12 18:52:00,47.0
2025-06-12 16:39:00,49.82536769031651
2025-06-12 18:51:00,78.7
2025-06-12 12:11:00,40.4
2025-06-12 09:55:00,62.2
2025-06-12 13:19:00,44.2
2025-06-12 07:51:00,86.9
2025-06-12 19:32:00,41.1
2025-06-12 10:59:00,49.82536769031651
2025-06-12 08:21:00,62.2
2025-06-12 05:01:00,92.3
2025-06-12 03:50:00,0.8
2025-06-12 07:53:00,66.3
2025-06-12 11:08:00,87.4
2025-06-12 07:02:00,18.9
2025-06-12 03:25:00,49.82536769031651
2025-06-12 23:22:00,74.3
2025-06-12 19:00:00,13.8
2025-06-12 06:07:00,40.1
2025-06-12 12:40:00,72.8
2025-06-12 18:50:00,47.2
2025-06-12 04:30:00,8.2
2025-06-12 06:03:00,83.3
2025-06-12 02:19:00,49.82536769031651
2025-06-12 10:13:00,12.8
2025-06-12 18:34:00,55.9
2025-06-12 15:01:00,49.82536769031651
2025-06-12 02:05:00,34.6
2025-06-12 18:20:00,52.2
2025-06-12 21:39:00,64.6
2025-06-12 20:39:00,25.3
2025-06-12 21:12:00,44.3
2025-06-12 08:53:00,98.9
2025-06-12 18:43:00,81.4
2025-06-12 15:21:00,44.3
2025-06-12 05:39:00,93.5
2025-06-12 18:20:00,22.6
2025-06-12 14:13:00,7.3
2025-06-12 15:17:00,88.7
2025-06-12 07:18:00,14.8
2025-06-12 10:59:00,84.5
2025-06-12 08:03:00,77.3
2025-06-12 20:27:00,26.1
2025-06-12 12:02:00,5.1
2025-06-12 08:34:00,88.8
2025-06-12 01:37:00,49.82536769031651
2025-06-12 21:42:00,49.82536769031651
2025-06-12 10:09:00,1.8
2025-06-12 23:02:00,77.6
2025-06-12 00:38:00,7.4
2025-06-12 23:04:00,15.8
2025-06-12 08:20:00,70.7
2025-06-12 09:53:00,58.7
2025-06-12 20:27:00,72.9
2025-06-12 12:39:00,89.3
2025-06-12 14:07:00,82.9
2025-06-12 13:08:00,17.0
2025-06-12 09:03:00,62.1
2025-06-12 14:25:00,82.8
2025-06-12 07:30:00,54.8
2025-06-12 05:19:00,47.2
2025-06-12 22:34:00,11.6
2025-06-12 01:12:00,49.82536769031651
2025-06-12 03:17:00,81.2
2025-06-12 23:56:00,40.2
2025-06-12 08:51:00,34.2
2025-06-12 19:22:00,55.0
2025-06-12 00:10:00,3.5
2025-06-12 17:42:00,19.8
2025-06-12 09:48:00,78.8
2025-06-12 05:36:00,37.3
2025-06-12 02:05:00,72.1
2025-06-12 05:46:00,52.1
2025-06-12 22:57:00,96.0
2025-06-12 15:56:00,90.6
2025-06-12 02:13:00,21.1
2025-06-12 01:18:00,83.8
2025-06-12 21:54:00,64.3
2025-06-12 09:15:00,72.5
2025-06-12 05:47:00,86.2
2025-06-12 16:24:00,12.0
2025-06-12 20:16:00,49.82536769031651
2025-06-12 23:16:00,21.4
2025-06-12 14:01:00,38.5
2025-06-12 08:35:00,7.3
2025-06-12 01:10:00,91.6
2025-06-12 12:29:00,2.5
2025-06-12 23:22:00,98.8
2025-06-12 00:44:00,8.4
2025-06-12 04:28:00,68.4
2025-06-12 01:50:00,53.0
2025-06-12 07:22:00,49.82536769031651
2025-06-12 19:31:00,36.8
2025-06-12 18:59:00,49.82536769031651
2025-06-12 16:31:00,49.82536769031651
2025-06-12 16:32:00,30.5
2025-06-12 08:18:00,89.1
2025-06-12 11:19:00,47.8
2025-06-12 23:28:00,76.6
2025-06-12 05:57:00,1.5
2025-06-12 20:08:00,49.82536769031651
2025-06-12 21:55:00,4.0
2025-06-12 00:01:00,35.4
2025-06-12 00:24:00,65.9
2025-06-12 13:49:00,49.82536769031651
2025-06-12 08:44:00,16.5
2025-06-12 20:44:00,49.82536769031651
2025-06-12 10:23:00,77.0
2025-06-12 09:16:00,67.1
2025-06-12 00:18:00,51.9
2025-06-12 15:16:00,22.9
2025-06-12 18:57:00,13.4
2025-06-12 22:55:00,38.1
2025-06-12 09:13:00,97.3
2025-06-12 07:41:00,92.9
2025-06-12 01:35:00,61.6
2025-06-12 16:55:00,49.82536769031651
2025-06-12 16:04:00,42.2
2025-06-12 14:48:00,4.5
2025-06-12 08:40:00,65.0
2025-06-12 23:04:00,59.6
2025-06-12 22:16:00,67.6
2025-06-12 01:49:00,49.82536769031651
2025-06-12 09:46:00,2.8
2025-06-12 06:44:00,96.8
2025-06-12 03:41:00,30.4
2025-06-12 22:41:00,76.6
2025-06-12 13:46:00,92.4
2025-06-12 03:43:00,21.6
2025-06-12 22:26:00,65.4
2025-06-12 18:59:00,66.5
2025-06-12 23:26:00,6.8
2025-06-12 17:16:00,49.82536769031651
2025-06-12 12:42:00,15.6
2025-06-12 19:29:00,68.9
2025-06-12 06:55:00,49.82536769031651
2025-06-12 15:21:00,85.6
2025-06-12 19:25:00,68.4
2025-06-12 02:36:00,0.8
2025-06-12 05:31:00,11.5
2025-06-12 02:34:00,70.7
2025-06-12 11:26:00,60.9
2025-06-12 19:13:00,49.82536769031651
2025-06-12 04:20:00,49.82536769031651
2025-06-12 18:48:00,8.7
2025-06-12 20:07:00,59.1
2025-06-12 06:26:00,44.5
2025-06-12 07:22:00,75.9
2025-06-12 16:23:00,92.8
2025-06-12 17:43:00,49.82536769031651
2025-06-12 17:17:00,31.0
2025-06-12 19:10:00,49.82536769031651
2025-06-12 23:53:00,49.82536769031651
2025-06-12 07:43:00,90.3
2025-06-12 14:57:00,98.9
2025-06-12 07:34:00,75.8
2025-06-12 08:50:00,37.6
2025-06-12 08:05:00,23.6
2025-06-12 20:12:00,75.9
2025-06-12 20:09:00,49.82536769031651
2025-06-12 15:08:00,82.6
2025-06-12 16:12:00,32.9
2025-06-12 15:12:00,37.3
2025-06-12 05:19:00,49.82536769031651
2025-06-12 16:32:00,52.9
2025-06-12 20:10:00,61.5
2025-06-12 19:35:00,27.4
2025-06-12 13:16:00,12.1
2025-06-12 04:00:00,40.7
2025-06-12 18:33:00,6.3
2025-06-12 06:19:00,89.3
2025-06-12 15:56:00,27.4
2025-06-12 15:01:00,98.3
2025-06-12 07:36:00,93.7
2025-06-12 11:48:00,49.82536769031651
2025-06-12 17:31:00,99.9
2025-06-12 22:49:00,49.82536769031651
2025-06-12 11:19:00,49.82536769031651
2025-06-12 05:11:00,11.3
2025-06-12 08:48:00,4.3
2025-06-12 03:57:00,75.0
2025-06-12 00:16:00,21.7
2025-06-12 09:04:00,49.82536769031651
2025-06-12 01:15:00,72.5
2025-06-12 09:55:00,79.5
2025-06-12 08:27:00,96.1
2025-06-12 06:40:00,73.1
2025-06-12 14:19:00,20.4
2025-06-12 05:51:00,82.0
2025-06-12 03:21:00,44.2
2025-06-12 13:46:00,5.0
2025-06-12 20:20:00,48.7
2025-06-12 15:56:00,49.82536769031651
2025-06-12 06:12:00,55.4
2025-06-12 06:51:00,82.6
2025-06-12 18:38:00,18.6
2025-06-12 14:15:00,49.82536769031651
2025-06-12 21:38:00,23.6
2025-06-12 16:18:00,56.3
2025-06-12 13:41:00,95.7
2025-06-12 07:21:00,7.2
2025-06-12 22:09:00,79.5
2025-06-12 08:35:00,44.3
2025-06-12 11:23:00,74.0
2025-06-12 08:33:00,52.3
2025-06-12 08:21:00,74.0
2025-06-12 03:21:00,42.4
2025-06-12 05:47:00,86.6
2025-06-12 19:38:00,54.5
2025-06-12 02:54:00,4.0
2025-06-12 19:21:00,74.5
2025-06-12 02:08:00,46.5
2025-06-12 10:35:00,14.2
2025-06-12 12:00:00,96.4
2025-06-12 03:18:00,29.5
2025-06-12 04:38:00,40.9
2025-06-12 15:51:00,93.3
2025-06-12 10:23:00,18.0
2025-06-12 00:09:00,96.1
2025-06-12 17:32:00,65.6
2025-06-12 18:46:00,74.3
2025-06-12 00:03:00,35.7
2025-06-12 16:33:00,49.0
2025-06-12 21:12:00,49.82536769031651
2025-06-12 05:14:00,77.2
2025-06-12 14:23:00,84.2
2025-06-12 11:49:00,73.3
2025-06-12 11:45:00,3.5
2025-06-12 16:12:00,50.9
2025-06-12 17:05:00,89.3
2025-06-12 16:32:00,8.5
2025-06-12 01:26:00,50.9
2025-06-12 16:28:00,7.7
2025-06-12 13:47:00,45.7
2025-06-12 12:35:00,19.2
2025-06-12 08:41:00,19.6
2025-06-12 22:32:00,49.82536769031651
2025-06-12 22:57:00,54.9
2025-06-12 15:59:00,49.82536769031651
2025-06-12 11:07:00,5.8
2025-06-12 07:55:00,39.3
2025-06-12 17:56:00,37.7
2025-06-12 00:55:00,75.8
2025-06-12 13:16:00,32.2
2025-06-12 18:52:00,49.82536769031651
2025-06-12 10:29:00,71.9
2025-06-12 12:44:00,49.3
2025-06-12 22:06:00,95.4
2025-06-12 12:08:00,27.3
2025-06-12 03:38:00,58.4
2025-06-12 18:08:00,24.0
2025-06-12 11:28:00,18.4
2025-06-12 17:20:00,61.3
2025-06-12 09:28:00,49.82536769031651
2025-06-12 21:53:00,25.1
2025-06-12 11:58:00,76.0
2025-06-12 15:54:00,45.4
2025-06-12 03:19:00,49.82536769031651
2025-06-12 15:21:00,49.82536769031651
2025-06-12 11:22:00,85.0
2025-06-12 09:25:00,32.5
2025-06-12 08:54:00,62.0
2025-06-12 10:23:00,27.7
2025-06-12 03:26:00,59.5
2025-06-12 00:44:00,65.8
2025-06-12 10:25:00,76.4
2025-06-12 08:28:00,93.9
2025-06-12 14:43:00,32.4
2025-06-12 01:19:00,48.7
2025-06-12 19:47:00,34.2
2025-06-12 17:06:00,82.8
2025-06-12 04:02:00,49.82536769031651
2025-06-12 07:56:00,6.3
2025-06-12 11:54:00,32.6
2025-06-12 22:19:00,26.7
2025-06-12 08:36:00,27.2
2025-06-12 12:47:00,38.2
2025-06-12 13:22:00,81.9
2025-06-12 21:17:00,93.8
2025-06-12 16:08:00,92.7
2025-06-12 12:45:00,97.3
2025-06-12 10:45:00,75.8
2025-06-12 06:40:00,49.82536769031651
2025-06-12 10:07:00,75.5
2025-06-12 14:31:00,25.0
2025-06-12 14:32:00,73.7
2025-06-12 07:15:00,90.3
2025-06-12 15:08:00,1.2
2025-06-12 20:41:00,84.1
2025-06-12 13:16:00,69.4
2025-06-12 05:55:00,36.1
2025-06-12 05:58:00,6.3
2025-06-12 10:14:00,98.1
2025-06-12 09:04:00,63.7
2025-06-12 17:21:00,34.3
2025-06-12 05:11:00,95.6
2025-06-12 12:24:00,8.0
2025-06-12 06:15:00,86.5
2025-06-12 17:23:00,67.8
2025-06-12 23:31:00,20.8
2025-06-12 02:30:00,25.9
2025-06-12 04:35:00,71.6
2025-06-12 04:51:00,59.9
2025-06-12 18:21:00,67.1
2025-06-12 11:01:00,77.0
2025-06-12 14:12:00,59.5
2025-06-12 23:34:00,49.82536769031651
2025-06-12 00:13:00,49.82536769031651
2025-06-12 23:38:00,94.0
2025-06-12 10:42:00,43.1
2025-06-12 23:50:00,50.7
2025-06-12 04:21:00,17.5
2025-06-12 15:21:00,16.5
2025-06-12 18:41:00,98.2
2025-06-12 16:45:00,45.5
2025-06-12 03:10:00,49.82536769031651
2025-06-12 21:08:00,49.82536769031651
2025-06-12 12:05:00,17.2
2025-06-12 00:46:00,35.4
2025-06-12 09:24:00,7.7
2025-06-12 23:29:00,50.10362276498773
2025-06-12 18:34:00,72.7
2025-06-12 06:39:00,60.8
2025-06-12 05:37:00,88.7
2025-06-12 13:07:00,69.3
2025-06-12 21:45:00,70.4
2025-06-12 13:32:00,81.6
2025-06-12 02:58:00,89.3
2025-06-12 01:44:00,96.6
2025-06-12 20:50:00,50.10362276498773
2025-06-12 02:30:00,7.1
2025-06-12 13:05:00,22.4
2025-06-12 14:45:00,72.6
2025-06-12 21:46:00,14.7
2025-06-12 22:33:00,81.2
2025-06-12 11:31:00,50.6
2025-06-12 00:15:00,55.6
2025-06-12 11:48:00,92.2
2025-06-12 17:35:00,50.10362276498773
2025-06-12 09:33:00,50.10362276498773
2025-06-12 07:12:00,43.1
2025-06-12 07:58:00,87.0
2025-06-12 14:51:00,82.8
2025-06-12 05:52:00,58.9
2025-06-12 06:32:00,77.1
2025-06-12 00:59:00,72.5
2025-06-12 18:17:00,4.9
2025-06-12 21:20:00,99.4
2025-06-12 19:43:00,15.8
2025-06-12 03:20:00,81.0
2025-06-12 20:35:00,23.1
2025-06-12 17:17:00,31.7
2025-06-12 09:29:00,13.8
2025-06-12 17:16:00,10.4
2025-06-12 21:47:00,50.10362276498773
2025-06-12 08:45:00,50.10362276498773
2025-06-12 10:04:00,15.0
2025-06-12 16:18:00,85.8
2025-06-12 09:45:00,92.4
2025-06-12 04:07:00,46.1
2025-06-12 07:29:00,54.2
2025-06-12 12:45:00,51.7
2025-06-12 08:10:00,50.10362276498773
2025-06-12 17:02:00,78.3
2025-06-12 12:46:00,84.4
2025-06-12 18:56:00,58.6
2025-06-12 22:31:00,27.1
2025-06-12 10:48:00,6.5
2025-06-12 05:35:00,26.1
2025-06-12 14:02:00,94.6
2025-06-12 12:35:00,50.10362276498773
2025-06-12 01:24:00,29.1
2025-06-12 04:52:00,50.10362276498773
2025-06-12 19:16:00,48.9
2025-06-12 04:48:00,9.0
2025-06-12 08:45:00,49.0
2025-06-12 15:56:00,93.7
2025-06-12 04:35:00,50.10362276498773
2025-06-12 11:55:00,0.7
2025-06-12 20:06:00,44.2
2025-06-12 04:01:00,50.10362276498773
2025-06-12 05:58:00,77.2
2025-06-12 04:01:00,24.4
2025-06-12 22:05:00,4.3
2025-06-12 11:04:00,50.10362276498773
2025-06-12 08:17:00,4.4
2025-06-12 14:37:00,50.10362276498773
2025-06-12 11:02:00,69.9
2025-06-12 08:09:00,23.9
2025-06-12 06:48:00,50.10362276498773
2025-06-12 23:29:00,43.1
2025-06-12 05:13:00,68.0
2025-06-12 07:01:00,42.7
2025-06-12 08:23:00,50.10362276498773
2025-06-12 13:42:00,43.7
2025-06-12 23:23:00,6.4
2025-06-12 19:03:00,50.10362276498773
2025-06-12 18:30:00,51.9
2025-06-12 06:02:00,24.1
2025-06-12 02:42:00,43.7
2025-06-12 06:45:00,39.1
2025-06-12 18:10:00,9.7
2025-06-12 01:13:00,81.7
2025-06-12 02:15:00,51.8
2025-06-12 06:32:00,94.7
2025-06-12 14:46:00,94.2
2025-06-12 09:58:00,33.6
2025-06-12 09:00:00,51.4
2025-06-12 20:18:00,4.3
2025-06-12 17:34:00,21.0
2025-06-12 14:12:00,57.5
2025-06-12 14:11:00,29.9
2025-06-12 07:40:00,51.1
2025-06-12 05:45:00,46.6
2025-06-12 12:06:00,37.1
2025-06-12 00:29:00,65.1
2025-06-12 09:27:00,85.9
2025-06-12 22:09:00,97.2
2025-06-12 14:07:00,50.10362276498773
2025-06-12 23:04:00,1.6
2025-06-12 08:43:00,77.9
2025-06-12 04:26:00,25.2
2025-06-12 19:08:00,50.10362276498773
2025-06-12 11:25:00,9.2
2025-06-12 12:22:00,36.8
2025-06-12 19:02:00,10.2
2025-06-12 10:22:00,5.4
2025-06-12 14:44:00,3.7
2025-06-12 00:33:00,70.2
2025-06-12 15:06:00,30.9
2025-06-12 06:15:00,32.8
2025-06-12 08:27:00,74.4
2025-06-12 07:24:00,85.0
2025-06-12 14:13:00,50.10362276498773
2025-06-12 21:58:00,66.2
2025-06-12 03:28:00,70.8
2025-06-12 21:35:00,71.4
2025-06-12 12:16:00,2.3
2025-06-12 18:52:00,10.8
2025-06-12 20:19:00,89.3
2025-06-12 14:58:00,88.5
2025-06-12 06:29:00,35.4
2025-06-12 09:24:00,33.3
2025-06-12 01:53:00,95.9
2025-06-12 21:41:00,32.5
2025-06-12 02:41:00,50.10362276498773
2025-06-12 02:54:00,26.2
2025-06-12 23:34:00,52.6
2025-06-12 16:16:00,88.6
2025-06-12 05:34:00,2.4
2025-06-12 21:57:00,81.2
2025-06-12 03:42:00,50.10362276498773
2025-06-12 11:44:00,42.0
2025-06-12 13:07:00,73.3
2025-06-12 21:26:00,17.0
2025-06-12 07:14:00,50.10362276498773
2025-06-12 16:35:00,50.10362276498773
2025-06-12 15:35:00,57.9
2025-06-12 22:01:00,13.9
2025-06-12 09:59:00,4.5
2025-06-12 11:01:00,75.7
2025-06-12 02:59:00,88.9
2025-06-12 09:22:00,50.10362276498773
2025-06-12 07:23:00,50.10362276498773
2025-06-12 15:45:00,96.7
2025-06-12 10:20:00,83.3
2025-06-12 05:50:00,7.5
2025-06-12 16:11:00,98.8
2025-06-12 01:52:00,72.8
2025-06-12 07:56:00,38.9
2025-06-12 15:24:00,49.1
2025-06-12 07:54:00,50.10362276498773
2025-06-12 21:30:00,50.10362276498773
2025-06-12 07:37:00,36.7
2025-06-12 10:53:00,45.9
2025-06-12 15:23:00,16.7
2025-06-12 14:34:00,56.6
2025-06-12 09:31:00,38.1
2025-06-12 04:02:00,50.3
2025-06-12 00:31:00,50.10362276498773
2025-06-12 22:39:00,17.2
2025-06-12 00:52:00,57.3
2025-06-12 11:57:00,6.8
2025-06-12 19:20:00,74.3
2025-06-12 07:37:00,96.1
2025-06-12 10:52:00,50.10362276498773
2025-06-12 18:16:00,50.10362276498773
2025-06-12 19:07:00,50.10362276498773
2025-06-12 23:53:00,34.9
2025-06-12 03:38:00,31.2
2025-06-12 17:40:00,81.7
2025-06-12 17:54:00,43.4
2025-06-12 22:30:00,5.3
2025-06-12 19:28:00,62.3
2025-06-12 14:02:00,50.10362276498773
2025-06-12 08:05:00,96.1
2025-06-12 11:29:00,16.4
2025-06-12 10:44:00,78.0
2025-06-12 04:13:00,50.10362276498773
2025-06-12 21:45:00,53.1
2025-06-12 19:52:00,16.5
2025-06-12 17:46:00,49.0
2025-06-12 19:21:00,9.9
2025-06-12 20:15:00,49.7
2025-06-12 19:05:00,43.9
2025-06-12 19:15:00,51.9
2025-06-12 06:51:00,50.10362276498773
2025-06-12 04:38:00,50.10362276498773
2025-06-12 02:26:00,2.9
2025-06-12 01:35:00,44.6
2025-06-12 03:09:00,3.1
2025-06-12 21:47:00,89.2
2025-06-12 17:25:00,49.2
2025-06-12 22:10:00,15.9
2025-06-12 17:36:00,81.8
2025-06-12 07:06:00,83.3
2025-06-12 00:27:00,32.3
2025-06-12 14:30:00,63.1
2025-06-12 08:26:00,63.0
2025-06-12 09:17:00,50.10362276498773
2025-06-12 02:26:00,16.6
2025-06-12 18:30:00,50.10362276498773
2025-06-12 05:51:00,50.10362276498773
2025-06-12 20:21:00,50.10362276498773
2025-06-12 08:58:00,19.8
2025-06-12 20:58:00,50.10362276498773
2025-06-12 06:04:00,50.10362276498773
2025-06-12 18:51:00,50.10362276498773
2025-06-12 10:56:00,50.10362276498773
2025-06-12 11:07:00,50.10362276498773
2025-06-12 22:52:00,50.10362276498773
2025-06-12 12:59:00,62.4
2025-06-12 16:14:00,48.6
2025-06-12 21:47:00,2.8
2025-06-12 20:39:00,11.8
2025-06-12 03:18:00,75.3
2025-06-12 22:35:00,50.10362276498773
2025-06-12 14:07:00,71.7
2025-06-12 17:37:00,53.0
2025-06-12 20:44:00,59.7
2025-06-12 02:26:00,86.1
2025-06-12 03:17:00,6.9
2025-06-12 08:00:00,20.0
2025-06-12 21:03:00,38.8
2025-06-12 05:50:00,5.5
2025-06-12 00:48:00,87.4
2025-06-12 04:35:00,10.9
2025-06-12 07:42:00,78.8
2025-06-12 12:27:00,84.5
2025-06-12 15:14:00,50.10362276498773
2025-06-12 06:49:00,43.3
2025-06-12 13:10:00,50.10362276498773
2025-06-12 14:39:00,45.7
2025-06-12 05:26:00,29.9
2025-06-12 02:52:00,78.2
2025-06-12 21:29:00,88.3
2025-06-12 07:33:00,50.10362276498773
2025-06-12 04:03:00,50.10362276498773
2025-06-12 19:18:00,6.1
2025-06-12 02:02:00,58.4
2025-06-12 19:21:00,49.5
2025-06-12 03:57:00,43.4
2025-06-12 10:35:00,47.9
2025-06-12 18:26:00,25.0
2025-06-12 01:18:00,54.9
2025-06-12 19:58:00,98.2
2025-06-12 07:52:00,37.4
2025-06-12 08:56:00,26.6
2025-06-12 11:06:00,37.0
2025-06-12 21:45:00,50.10362276498773
2025-06-12 07:31:00,50.0
2025-06-12 07:05:00,6.7
2025-06-12 20:07:00,45.7
2025-06-12 20:27:00,75.5
2025-06-12 08:02:00,31.2
2025-06-12 00:06:00,54.2
2025-06-12 15:34:00,50.10362276498773
2025-06-12 05:02:00,0.2
2025-06-12 20:19:00,19.6
2025-06-12 12:43:00,69.6
2025-06-12 00:17:00,53.9
2025-06-12 07:56:00,62.3
2025-06-12 23:54:00,37.5
2025-06-12 16:47:00,38.4
2025-06-12 16:43:00,5.8
2025-06-12 19:37:00,97.6
2025-06-12 22:47:00,17.8
2025-06-12 15:37:00,79.4
2025-06-12 06:07:00,98.4
2025-06-12 12:19:00,21.8
2025-06-12 16:51:00,43.8
2025-06-12 01:40:00,50.10362276498773
2025-06-12 01:33:00,83.7
2025-06-12 02:44:00,50.10362276498773
2025-06-12 14:07:00,63.1
2025-06-12 03:44:00,13.6
2025-06-12 13:43:00,71.0
2025-06-12 10:41:00,40.3
2025-06-12 06:08:00,22.3
2025-06-12 02:32:00,71.0
2025-06-12 00:20:00,76.6
2025-06-12 19:54:00,50.10362276498773
2025-06-12 18:40:00,50.10362276498773
2025-06-12 04:40:00,56.4
2025-06-12 20:42:00,59.9
2025-06-12 05:07:00,37.6
2025-06-12 10:52:00,63.4
2025-06-12 12:57:00,50.10362276498773
2025-06-12 04:51:00,50.10362276498773
2025-06-12 17:58:00,3.7
2025-06-12 07:45:00,44.0
2025-06-12 02:23:00,58.1
2025-06-12 20:33:00,92.4
2025-06-12 00:00:00,61.6
2025-06-12 08:28:00,73.2
2025-06-12 00:06:00,84.6
2025-06-12 00:35:00,44.3
2025-06-12 13:15:00,10.9
2025-06-12 08:42:00,63.0
2025-06-12 06:30:00,24.1
2025-06-12 18:56:00,71.5
2025-06-12 19:18:00,34.6
2025-06-12 16:20:00,83.4
2025-06-12 12:08:00,32.7
2025-06-12 08:11:00,35.3
2025-06-12 07:00:00,72.6
2025-06-12 01:54:00,23.2
2025-06-12 09:28:00,50.10362276498773
2025-06-12 21:30:00,37.1
2025-06-12 08:43:00,40.0
2025-06-12 15:11:00,42.3
2025-06-12 08:18:00,72.3
2025-06-12 14:25:00,27.3
2025-06-12 23:57:00,44.0
2025-06-12 20:40:00,97.4
2025-06-12 22:51:00,50.10362276498773
2025-06-12 13:31:00,6.6
2025-06-12 20:22:00,69.3
2025-06-12 04:02:00,12.0
2025-06-12 18:08:00,84.7
2025-06-12 10:15:00,51.1
2025-06-12 17:35:00,46.9
2025-06-12 19:34:00,86.0
2025-06-12 16:26:00,51.4
2025-06-12 19:18:00,37.2
2025-06-12 15:02:00,27.2
2025-06-12 21:49:00,63.0
2025-06-12 17:53:00,73.1
2025-06-12 11:32:00,35.1
2025-06-12 18:24:00,99.2
2025-06-12 11:18:00,62.2
2025-06-12 23:22:00,20.1
2025-06-12 09:59:00,85.5
2025-06-12 13:11:00,56.7
2025-06-12 19:06:00,34.8
2025-06-12 05:47:00,79.3
2025-06-12 12:03:00,50.10362276498773
2025-06-12 07:57:00,77.8
2025-06-12 15:21:00,60.9
2025-06-12 15:44:00,98.8
2025-06-12 12:18:00,97.0
2025-06-12 19:51:00,13.3
2025-06-12 17:10:00,13.0
2025-06-12 20:13:00,50.10362276498773
2025-06-12 20:58:00,81.3
2025-06-12 01:40:00,43.4
2025-06-12 05:45:00,52.8
2025-06-12 18:29:00,5.9
2025-06-12 05:04:00,43.8
2025-06-12 21:53:00,82.1
2025-06-12 18:14:00,34.6
2025-06-12 13:08:00,78.8
2025-06-12 13:30:00,2.1
2025-06-12 04:11:00,56.6
2025-06-12 06:38:00,93.4
2025-06-12 23:20:00,83.0
2025-06-12 06:22:00,53.3
2025-06-12 03:33:00,40.5
2025-06-12 02:31:00,50.12327810650887
2025-06-12 22:41:00,63.5
2025-06-12 09:16:00,74.3
2025-06-12 02:38:00,4.2
2025-06-12 08:38:00,17.2
2025-06-12 07:23:00,88.7
2025-06-12 10:31:00,75.1
2025-06-12 10:12:00,50.12327810650887
2025-06-12 12:55:00,83.4
2025-06-12 21:52:00,22.0
2025-06-12 03:22:00,50.12327810650887
2025-06-12 17:11:00,50.12327810650887
2025-06-12 19:56:00,50.3
2025-06-12 17:52:00,16.1
2025-06-12 23:05:00,40.7
2025-06-12 18:55:00,15.5
2025-06-12 00:30:00,2.1
2025-06-12 05:47:00,8.5
2025-06-12 08:37:00,13.1
2025-06-12 23:05:00,3.7
2025-06-12 16:31:00,72.8
2025-06-12 21:59:00,49.3
2025-06-12 13:27:00,50.12327810650887
2025-06-12 03:30:00,14.2
2025-06-12 17:02:00,88.0
2025-06-12 17:47:00,50.12327810650887
2025-06-12 05:17:00,34.3
2025-06-12 05:28:00,69.6
2025-06-12 03:47:00,9.1
2025-06-12 02:18:00,32.8
2025-06-12 14:43:00,50.12327810650887
2025-06-12 23:00:00,17.0
2025-06-12 09:10:00,92.7
2025-06-12 03:32:00,12.8
2025-06-12 07:55:00,52.9
2025-06-12 12:20:00,1.7
2025-06-12 20:37:00,39.1
2025-06-12 05:24:00,27.9
2025-06-12 03:53:00,50.12327810650887
2025-06-12 20:08:00,10.6
2025-06-12 12:31:00,71.9
2025-06-12 18:57:00,9.3
2025-06-12 21:50:00,34.5
2025-06-12 08:14:00,14.6
2025-06-12 08:05:00,67.4
2025-06-12 04:52:00,50.12327810650887
2025-06-12 04:41:00,45.5
2025-06-12 17:08:00,21.4
2025-06-12 11:31:00,90.3
2025-06-12 02:24:00,50.12327810650887
2025-06-12 01:38:00,69.7
2025-06-12 01:12:00,71.4
2025-06-12 18:18:00,5.3
2025-06-12 16:32:00,66.4
2025-06-12 12:39:00,64.2
2025-06-12 23:52:00,37.7
2025-06-12 13:32:00,2.9
2025-06-12 08:57:00,9.2
2025-06-12 23:25:00,56.7
2025-06-12 11:47:00,50.12327810650887
2025-06-12 04:39:00,67.4
2025-06-12 02:43:00,35.2
2025-06-12 17:29:00,36.9
2025-06-12 21:14:00,91.1
2025-06-12 17:32:00,55.3
2025-06-12 23:46:00,16.7
2025-06-12 21:58:00,2.3
2025-06-12 15:18:00,41.1
2025-06-12 08:00:00,48.2
2025-06-12 22:42:00,8.3
2025-06-12 05:22:00,97.5
2025-06-12 14:08:00,50.8
2025-06-12 01:41:00,51.7
2025-06-12 01:48:00,3.5
2025-06-12 06:41:00,50.12327810650887
2025-06-12 15:47:00,77.0
2025-06-12 16:57:00,98.4
2025-06-12 13:25:00,86.3
2025-06-12 10:55:00,84.2
2025-06-12 14:53:00,61.8
2025-06-12 16:26:00,76.6
2025-06-12 06:08:00,38.0
2025-06-12 17:21:00,91.4
2025-06-12 19:24:00,82.5
2025-06-12 02:46:00,24.1
2025-06-12 03:22:00,13.1
2025-06-12 06:13:00,83.9
2025-06-12 18:14:00,1.6
2025-06-12 04:43:00,35.8
2025-06-12 00:13:00,0.1
2025-06-12 11:36:00,93.5
2025-06-12 11:10:00,52.8
2025-06-12 15:30:00,92.0
2025-06-12 18:21:00,55.2
2025-06-12 05:13:00,54.7
2025-06-12 09:52:00,7.2
2025-06-12 18:34:00,99.1
2025-06-12 10:22:00,89.0
2025-06-12 15:36:00,1.4
2025-06-12 11:55:00,52.8
2025-06-12 11:50:00,64.0
2025-06-12 08:07:00,89.1
2025-06-12 03:35:00,70.7
2025-06-12 04:37:00,90.6
2025-06-12 14:13:00,89.7
2025-06-12 16:14:00,65.4
2025-06-12 03:59:00,50.12327810650887
2025-06-12 09:47:00,10.7
2025-06-12 19:15:00,34.9
2025-06-12 14:25:00,3.0
2025-06-12 02:11:00,49.2
2025-06-12 14:26:00,81.6
2025-06-12 02:37:00,58.5
2025-06-12 10:53:00,16.8
2025-06-12 06:10:00,50.12327810650887
2025-06-12 02:28:00,32.4
2025-06-12 02:29:00,30.1
2025-06-12 08:56:00,0.4
2025-06-12 14:45:00,88.5
2025-06-12 20:03:00,39.6
2025-06-12 10:42:00,93.4
2025-06-12 21:30:00,98.5
2025-06-12 13:45:00,53.9
2025-06-12 21:33:00,69.1
2025-06-12 01:07:00,66.8
2025-06-12 09:34:00,95.9
2025-06-12 22:08:00,7.5
2025-06-12 07:29:00,71.8
2025-06-12 03:41:00,90.0
2025-06-12 11:44:00,11.8
2025-06-12 01:31:00,50.12327810650887
2025-06-12 15:58:00,85.5
2025-06-12 14:38:00,59.9
2025-06-12 16:13:00,24.6
2025-06-12 10:18:00,50.12327810650887
2025-06-12 00:25:00,68.6
2025-06-12 15:52:00,68.0
2025-06-12 04:00:00,38.4
2025-06-12 05:28:00,38.8
2025-06-12 04:16:00,69.8
2025-06-12 10:46:00,81.6
2025-06-12 15:09:00,50.12327810650887
2025-06-12 03:30:00,16.8
2025-06-12 14:15:00,13.1
2025-06-12 08:52:00,34.6
2025-06-12 07:46:00,50.12327810650887
2025-06-12 05:38:00,72.8
2025-06-12 00:37:00,76.0
2025-06-12 17:39:00,85.7
2025-06-12 14:24:00,50.12327810650887
2025-06-12 08:14:00,14.8
2025-06-12 10:23:00,95.0
2025-06-12 01:28:00,0.3
2025-06-12 05:22:00,77.2
2025-06-12 00:12:00,88.3
2025-06-12 09:31:00,3.6
2025-06-12 06:30:00,16.9
2025-06-12 23:58:00,4.5
2025-06-12 12:39:00,50.12327810650887
2025-06-12 05:33:00,25.9
2025-06-12 15:25:00,77.5
2025-06-12 00:51:00,1.5
2025-06-12 12:56:00,76.2
2025-06-12 17:48:00,70.0
2025-06-12 12:48:00,50.12327810650887
2025-06-12 21:42:00,75.2
2025-06-12 16:04:00,9.8
2025-06-12 14:20:00,35.0
2025-06-12 13:06:00,21.8
2025-06-12 22:49:00,71.8
2025-06-12 10:23:00,32.5
2025-06-12 03:28:00,50.3
2025-06-12 05:42:00,50.12327810650887
2025-06-12 23:53:00,48.4
2025-06-12 10:18:00,50.12327810650887
2025-06-12 01:20:00,84.7
2025-06-12 10:16:00,67.4
2025-06-12 04:38:00,71.8
2025-06-12 17:14:00,42.8
2025-06-12 03:46:00,49.3
2025-06-12 13:38:00,36.0
2025-06-12 02:02:00,31.8
2025-06-12 21:15:00,90.3
2025-06-12 14:01:00,98.3
2025-06-12 05:50:00,96.7
2025-06-12 10:49:00,60.1
2025-06-12 22:12:00,30.8
2025-06-12 09:08:00,22.8
2025-06-12 10:01:00,48.0
2025-06-12 23:49:00,29.7
2025-06-12 11:18:00,92.8
2025-06-12 04:23:00,20.4
2025-06-12 22:45:00,50.12327810650887
2025-06-12 00:31:00,28.8
2025-06-12 21:44:00,30.6
2025-06-12 21:57:00,0.5
2025-06-12 00:35:00,43.2
2025-06-12 12:13:00,74.4
2025-06-12 21:37:00,88.7
2025-06-12 22:26:00,3.7
2025-06-12 22:22:00,48.1
2025-06-12 06:04:00,53.1
2025-06-12 21:51:00,43.5
2025-06-12 03:18:00,9.2
2025-06-12 20:24:00,50.12327810650887
2025-06-12 15:34:00,57.7
2025-06-12 20:00:00,69.9
2025-06-12 11:45:00,98.1
2025-06-12 10:30:00,73.2
2025-06-12 03:09:00,88.9
2025-06-12 01:17:00,50.12327810650887
2025-06-12 18:46:00,37.2
2025-06-12 01:08:00,33.1
2025-06-12 01:56:00,2.8
2025-06-12 01:07:00,52.1
2025-06-12 19:17:00,28.3
2025-06-12 10:20:00,95.1
2025-06-12 05:20:00,30.2
2025-06-12 14:17:00,50.12327810650887
2025-06-12 18:14:00,96.1
2025-06-12 14:52:00,50.12327810650887
2025-06-12 07:22:00,89.9
2025-06-12 22:39:00,39.7
2025-06-12 02:49:00,98.4
2025-06-12 10:25:00,8.1
2025-06-12 11:17:00,5.3
2025-06-12 10:54:00,63.8
2025-06-12 22:17:00,91.1
2025-06-12 07:01:00,80.8
2025-06-12 15:27:00,8.4
2025-06-12 22:43:00,11.0
2025-06-12 00:36:00,67.5
2025-06-12 14:42:00,68.6
2025-06-12 04:29:00,32.2
2025-06-12 23:03:00,91.8
2025-06-12 01:50:00,95.2
2025-06-12 09:50:00,54.0
2025-06-12 06:56:00,66.5
2025-06-12 02:54:00,50.12327810650887
2025-06-12 16:30:00,36.8
2025-06-12 05:42:00,90.3
2025-06-12 01:52:00,77.6
2025-06-12 17:55:00,70.9
2025-06-12 12:16:00,93.5
2025-06-12 22:01:00,77.7
2025-06-12 09:35:00,35.1
2025-06-12 19:12:00,57.1
2025-06-12 10:56:00,11.4
2025-06-12 02:44:00,41.8
2025-06-12 23:34:00,59.9
2025-06-12 23:14:00,34.5
2025-06-12 10:03:00,53.4
2025-06-12 04:29:00,19.7
2025-06-12 03:51:00,50.12327810650887
2025-06-12 13:35:00,16.3
2025-06-12 21:05:00,68.2
2025-06-12 20:30:00,29.3
2025-06-12 18:19:00,94.7
2025-06-12 23:08:00,80.9
2025-06-12 09:00:00,68.0
2025-06-12 01:50:00,50.12327810650887
2025-06-12 17:54:00,72.2
2025-06-12 02:54:00,15.7
2025-06-12 13:33:00,10.1
2025-06-12 09:23:00,39.1
2025-06-12 03:03:00,6.6
2025-06-12 17:21:00,52.9
2025-06-12 09:59:00,10.9
2025-06-12 14:17:00,85.9
2025-06-12 11:56:00,86.8
2025-06-12 10:51:00,4.0
2025-06-12 07:30:00,45.5
2025-06-12 16:41:00,50.12327810650887
2025-06-12 03:30:00,43.1
2025-06-12 12:13:00,50.12327810650887
2025-06-12 23:35:00,50.12327810650887
2025-06-12 12:36:00,46.1
2025-06-12 09:46:00,95.1
2025-06-12 00:01:00,63.7
2025-06-12 14:24:00,48.1
2025-06-12 07:18:00,54.9
2025-06-12 15:28:00,0.3
2025-06-12 21:55:00,91.9
2025-06-12 17:06:00,50.12327810650887
2025-06-12 02:37:00,71.7
2025-06-12 10:54:00,7.9
2025-06-12 20:34:00,50.12327810650887
2025-06-12 09:53:00,29.9
2025-06-12 10:00:00,90.4
2025-06-12 01:20:00,44.3
2025-06-12 07:00:00,77.9
2025-06-12 22:51:00,66.0
2025-06-12 22:16:00,75.6
2025-06-12 23:33:00,20.5
2025-06-12 21:16:00,10.2
2025-06-12 15:39:00,50.12327810650887
2025-06-12 22:25:00,0.3
2025-06-12 20:17:00,66.1
2025-06-12 09:12:00,18.0
2025-06-12 15:40:00,77.4
2025-06-12 19:34:00,77.9
2025-06-12 14:48:00,49.63956792297757
2025-06-12 02:38:00,14.1
2025-06-12 14:09:00,66.0
2025-06-12 18:30:00,71.3
2025-06-12 23:29:00,32.2
2025-06-12 00:30:00,34.7
2025-06-12 05:00:00,12.8
2025-06-12 22:37:00,97.1
2025-06-12 02:54:00,20.1
2025-06-12 14:39:00,45.8
2025-06-12 22:48:00,73.1
2025-06-12 14:55:00,89.2
2025-06-12 08:28:00,81.3
2025-06-12 23:11:00,90.3
2025-06-12 07:51:00,10.3
2025-06-12 23:50:00,61.3
2025-06-12 18:19:00,22.0
2025-06-12 22:33:00,41.9
2025-06-12 02:45:00,31.2
2025-06-12 17:50:00,24.2
2025-06-12 10:55:00,9.0
2025-06-12 20:55:00,49.63956792297757
2025-06-12 08:13:00,98.4
2025-06-12 04:33:00,97.1
2025-06-12 05:29:00,2.7
2025-06-12 14:42:00,17.3
2025-06-12 18:43:00,10.2
2025-06-12 13:52:00,66.7
2025-06-12 04:35:00,12.4
2025-06-12 21:28:00,49.0
2025-06-12 03:08:00,95.1
2025-06-12 20:35:00,16.4
2025-06-12 07:42:00,19.5
2025-06-12 21:52:00,29.6
2025-06-12 15:26:00,89.1
2025-06-12 03:33:00,83.5
2025-06-12 20:56:00,13.0
2025-06-12 23:45:00,43.3
2025-06-12 05:41:00,50.5
2025-06-12 16:48:00,8.7
2025-06-12 07:16:00,5.6
2025-06-12 14:39:00,96.2
2025-06-12 14:48:00,31.4
2025-06-12 16:55:00,45.8
2025-06-12 17:52:00,46.8
2025-06-12 10:57:00,49.63956792297757
2025-06-12 10:38:00,76.6
2025-06-12 13:52:00,94.4
2025-06-12 17:34:00,63.9
2025-06-12 05:05:00,41.3
2025-06-12 01:42:00,73.8
2025-06-12 00:27:00,84.8
2025-06-12 08:16:00,58.9
2025-06-12 09:11:00,2.1
2025-06-12 02:39:00,19.8
2025-06-12 13:27:00,49.63956792297757
2025-06-12 02:56:00,37.0
2025-06-12 16:14:00,0.7
2025-06-12 00:45:00,20.9
2025-06-12 17:19:00,88.9
2025-06-12 15:19:00,52.3
2025-06-12 05:39:00,55.9
2025-06-12 08:33:00,3.0
2025-06-12 09:00:00,3.1
2025-06-12 19:38:00,16.8
2025-06-12 05:30:00,83.9
2025-06-12 03:43:00,80.3
2025-06-12 07:41:00,47.5
2025-06-12 15:13:00,42.4
2025-06-12 07:25:00,97.6
2025-06-12 00:25:00,12.8
2025-06-12 03:47:00,62.8
2025-06-12 14:51:00,4.5
2025-06-12 13:53:00,27.1
2025-06-12 07:16:00,89.5
2025-06-12 14:27:00,49.9
2025-06-12 04:58:00,40.2
2025-06-12 20:31:00,47.1
2025-06-12 22:55:00,77.6
2025-06-12 00:21:00,46.6
2025-06-12 13:29:00,80.4
2025-06-12 05:46:00,49.63956792297757
2025-06-12 00:26:00,49.63956792297757
2025-06-12 11:02:00,9.6
2025-06-12 01:42:00,49.63956792297757
2025-06-12 07:15:00,77.0
2025-06-12 21:00:00,70.2
2025-06-12 08:56:00,13.0
2025-06-12 22:24:00,14.3
2025-06-12 13:43:00,82.0
2025-06-12 17:20:00,38.0
2025-06-12 06:12:00,54.0
2025-06-12 23:09:00,34.0
2025-06-12 17:09:00,50.1
2025-06-12 22:42:00,49.63956792297757
2025-06-12 10:31:00,76.7
2025-06-12 13:37:00,24.9
2025-06-12 21:24:00,40.6
2025-06-12 20:55:00,22.3
2025-06-12 02:13:00,44.3
2025-06-12 18:20:00,3.8
2025-06-12 23:15:00,27.6
2025-06-12 01:46:00,22.8
2025-06-12 13:01:00,49.63956792297757
2025-06-12 12:10:00,72.4
2025-06-12 12:43:00,97.4
2025-06-12 14:23:00,24.5
2025-06-12 03:22:00,93.3
2025-06-12 14:56:00,58.0
2025-06-12 16:15:00,98.0
2025-06-12 13:45:00,38.7
2025-06-12 10:54:00,28.1
2025-06-12 01:52:00,98.0
2025-06-12 16:55:00,0.8
2025-06-12 14:11:00,99.7
2025-06-12 03:21:00,37.0
2025-06-12 15:21:00,75.2
2025-06-12 13:01:00,71.6
2025-06-12 09:29:00,38.8
2025-06-12 06:29:00,94.6
2025-06-12 00:04:00,23.1
2025-06-12 21:31:00,18.9
2025-06-12 19:52:00,9.6
2025-06-12 15:08:00,56.0
2025-06-12 02:43:00,8.3
2025-06-12 11:35:00,22.0
2025-06-12 22:05:00,26.0
2025-06-12 13:09:00,49.63956792297757
2025-06-12 04:06:00,62.5
2025-06-12 11:31:00,49.63956792297757
2025-06-12 02:56:00,22.8
2025-06-12 09:02:00,95.4
2025-06-12 15:13:00,71.7
2025-06-12 16:53:00,49.63956792297757
2025-06-12 05:00:00,36.5
2025-06-12 00:43:00,49.63956792297757
2025-06-12 14:42:00,65.4
2025-06-12 14:56:00,8.9
2025-06-12 01:50:00,49.63956792297757
2025-06-12 05:54:00,22.2
2025-06-12 13:45:00,14.3
2025-06-12 16:42:00,80.2
2025-06-12 16:33:00,22.3
2025-06-12 17:23:00,19.5
2025-06-12 10:44:00,62.0
2025-06-12 01:26:00,2.0
2025-06-12 02:27:00,69.1
2025-06-12 12:02:00,49.63956792297757
2025-06-12 18:59:00,43.5
2025-06-12 21:27:00,32.8
2025-06-12 13:38:00,19.9
2025-06-12 18:51:00,53.2
2025-06-12 05:51:00,19.3
2025-06-12 01:08:00,25.3
2025-06-12 21:02:00,97.9
2025-06-12 02:24:00,45.0
2025-06-12 08:28:00,49.63956792297757
2025-06-12 11:26:00,0.5
2025-06-12 18:08:00,69.0
2025-06-12 22:48:00,89.2
2025-06-12 13:52:00,74.1
2025-06-12 17:15:00,49.63956792297757
2025-06-12 06:58:00,5.4
2025-06-12 10:22:00,68.0
2025-06-12 14:44:00,79.3
2025-06-12 20:36:00,43.4
2025-06-12 22:36:00,49.63956792297757
2025-06-12 12:38:00,21.2
2025-06-12 16:27:00,12.8
2025-06-12 07:36:00,55.5
2025-06-12 23:59:00,49.63956792297757
2025-06-12 11:39:00,28.2
2025-06-12 11:13:00,66.7
2025-06-12 15:40:00,90.6
2025-06-12 06:16:00,81.5
2025-06-12 14:58:00,19.5
2025-06-12 20:51:00,71.3
2025-06-12 08:34:00,29.5
2025-06-12 05:50:00,21.0
2025-06-12 10:59:00,54.6
2025-06-12 18:05:00,13.7
2025-06-12 07:36:00,45.5
2025-06-12 13:00:00,83.5
2025-06-12 20:17:00,6.1
2025-06-12 19:45:00,61.4
2025-06-12 07:56:00,41.7
2025-06-12 04:45:00,19.3
2025-06-12 16:12:00,92.4
2025-06-12 23:01:00,49.63956792297757
2025-06-12 12:09:00,60.3
2025-06-12 10:24:00,96.8
2025-06-12 19:37:00,92.7
2025-06-12 19:00:00,93.5
2025-06-12 15:06:00,17.0
2025-06-12 11:47:00,82.3
2025-06-12 12:24:00,41.9
2025-06-12 10:04:00,0.0
2025-06-12 23:55:00,49.63956792297757
2025-06-12 05:18:00,57.3
2025-06-12 09:15:00,58.6
2025-06-12 04:04:00,5.5
2025-06-12 13:25:00,58.8
2025-06-12 20:36:00,23.5
2025-06-12 01:03:00,49.63956792297757
2025-06-12 09:15:00,8.9
2025-06-12 11:23:00,49.63956792297757
2025-06-12 06:53:00,91.7
2025-06-12 02:37:00,38.2
2025-06-12 05:55:00,85.2
2025-06-12 23:00:00,0.5
2025-06-12 00:33:00,86.6
2025-06-12 04:12:00,16.8
2025-06-12 15:00:00,7.9
2025-06-12 15:52:00,95.8
2025-06-12 09:24:00,97.0
2025-06-12 21:36:00,76.1
2025-06-12 03:52:00,24.6
2025-06-12 01:01:00,81.5
2025-06-12 15:45:00,79.9
2025-06-12 06:18:00,49.63956792297757
2025-06-12 13:51:00,80.3
2025-06-12 06:22:00,77.1
2025-06-12 21:39:00,49.63956792297757
2025-06-12 08:17:00,48.0
2025-06-12 07:02:00,1.2
2025-06-12 06:13:00,58.2
2025-06-12 23:29:00,41.6
2025-06-12 16:30:00,4.6
2025-06-12 04:54:00,34.3
2025-06-12 04:48:00,38.2
2025-06-12 04:31:00,98.6
2025-06-12 15:12:00,49.63956792297757
2025-06-12 17:45:00,73.9
2025-06-12 15:52:00,42.6
2025-06-12 08:14:00,15.6
2025-06-12 22:09:00,49.63956792297757
2025-06-12 15:36:00,97.2
2025-06-12 22:23:00,55.2
2025-06-12 09:37:00,28.7
2025-06-12 19:30:00,49.63956792297757
2025-06-12 18:07:00,91.4
2025-06-12 18:58:00,49.63956792297757
2025-06-12 04:00:00,4.7
2025-06-12 22:23:00,49.63956792297757
2025-06-12 02:33:00,16.2
2025-06-12 10:32:00,70.1
2025-06-12 11:14:00,19.5
2025-06-12 23:28:00,87.8
2025-06-12 08:44:00,57.6
2025-06-12 03:56:00,1.6
2025-06-12 09:48:00,69.5
2025-06-12 01:52:00,51.5
2025-06-12 20:28:00,54.6
2025-06-12 01:04:00,82.9
2025-06-12 20:16:00,30.8
2025-06-12 14:53:00,37.4
2025-06-12 16:07:00,78.6
2025-06-12 01:30:00,77.0
2025-06-12 06:41:00,30.7
2025-06-12 18:55:00,18.2
2025-06-12 18:41:00,8.1
2025-06-12 21:28:00,44.1
2025-06-12 02:39:00,49.63956792297757
2025-06-12 05:34:00,65.6
2025-06-12 07:02:00,99.5
2025-06-12 11:11:00,49.63956792297757
2025-06-12 20:44:00,3.7
2025-06-12 01:51:00,49.63956792297757
2025-06-12 06:29:00,49.63956792297757
2025-06-12 05:16:00,69.0
2025-06-12 13:26:00,3.1
2025-06-12 08:43:00,49.63956792297757
2025-06-12 21:05:00,49.63956792297757
2025-06-12 21:47:00,88.0
2025-06-12 19:23:00,5.6
2025-06-12 07:08:00,84.1
2025-06-12 00:12:00,63.7
2025-06-12 07:07:00,93.5
2025-06-12 09:01:00,15.4
2025-06-12 06:18:00,30.0
2025-06-12 18:17:00,23.6
2025-06-12 03:42:00,56.3
2025-06-12 03:28:00,79.3
2025-06-12 01:59:00,59.0
2025-06-12 03:42:00,38.7
2025-06-12 05:07:00,60.9
2025-06-12 15:51:00,15.4
2025-06-12 15:49:00,48.2
2025-06-12 13:59:00,31.4
2025-06-12 08:56:00,28.7
2025-06-12 13:55:00,52.2
2025-06-12 18:33:00,56.8
2025-06-12 03:40:00,49.63956792297757
2025-06-12 12:14:00,3.0
2025-06-12 22:24:00,40.1
2025-06-12 10:25:00,39.9
2025-06-12 00:23:00,19.8
2025-06-12 23:17:00,10.7
2025-06-12 09:19:00,73.4
2025-06-12 11:49:00,37.6
2025-06-12 12:59:00,49.63956792297757
2025-06-12 23:38:00,57.8
2025-06-12 21:08:00,28.9
2025-06-12 02:59:00,41.3
2025-06-12 03:45:00,64.6
2025-06-12 13:40:00,64.7
2025-06-12 14:37:00,49.8
2025-06-12 12:51:00,88.4
2025-06-12 05:06:00,50.29152382078261
2025-06-12 02:47:00,51.4
2025-06-12 01:20:00,72.9
2025-06-12 16:46:00,82.7
2025-06-12 01:35:00,64.0
2025-06-12 19:38:00,87.2
2025-06-12 15:48:00,20.2
2025-06-12 07:19:00,10.7
2025-06-12 04:11:00,48.2
2025-06-12 19:32:00,66.4
2025-06-12 02:06:00,39.6
2025-06-12 00:33:00,79.9
2025-06-12 02:02:00,55.0
2025-06-12 00:52:00,48.3
2025-06-12 18:01:00,94.8
2025-06-12 18:20:00,77.7
2025-06-12 18:21:00,85.6
2025-06-12 14:34:00,91.0
2025-06-12 11:50:00,5.7
2025-06-12 18:39:00,82.6
2025-06-12 16:56:00,40.7
2025-06-12 03:37:00,10.4
2025-06-12 02:51:00,50.29152382078261
2025-06-12 22:32:00,20.9
2025-06-12 14:19:00,89.8
2025-06-12 11:20:00,80.3
2025-06-12 21:11:00,87.0
2025-06-12 01:51:00,6.7
2025-06-12 20:13:00,8.0
2025-06-12 17:49:00,98.1
2025-06-12 05:40:00,39.4
2025-06-12 13:16:00,73.4
2025-06-12 02:35:00,29.0
2025-06-12 01:49:00,65.9
2025-06-12 14:17:00,50.29152382078261
2025-06-12 00:12:00,59.6
2025-06-12 22:13:00,30.1
2025-06-12 14:48:00,64.7
2025-06-12 18:16:00,34.5
2025-06-12 03:51:00,32.9
2025-06-12 22:52:00,43.6
2025-06-12 18:20:00,50.29152382078261
2025-06-12 19:24:00,46.9
2025-06-12 13:45:00,50.29152382078261
2025-06-12 17:43:00,91.9
2025-06-12 19:12:00,50.29152382078261
2025-06-12 06:11:00,35.1
2025-06-12 15:39:00,67.6
2025-06-12 09:47:00,3.9
2025-06-12 00:19:00,26.0
2025-06-12 13:53:00,65.3
2025-06-12 12:37:00,2.9
2025-06-12 04:21:00,90.0
2025-06-12 15:41:00,99.9
2025-06-12 10:32:00,24.0
2025-06-12 16:07:00,42.3
2025-06-12 23:58:00,15.5
2025-06-12 09:35:00,71.6
2025-06-12 13:46:00,59.7
2025-06-12 21:16:00,64.3
2025-06-12 16:53:00,69.2
2025-06-12 09:55:00,37.8
2025-06-12 20:33:00,22.8
2025-06-12 07:11:00,91.6
2025-06-12 01:43:00,62.1
2025-06-12 10:33:00,96.3
2025-06-12 10:26:00,0.7
2025-06-12 17:12:00,98.9
2025-06-12 15:00:00,91.2
2025-06-12 19:38:00,4.2
2025-06-12 15:11:00,79.6
2025-06-12 12:07:00,62.6
2025-06-12 20:24:00,86.9
2025-06-12 00:05:00,70.1
2025-06-12 22:07:00,50.29152382078261
2025-06-12 18:27:00,45.1
2025-06-12 09:26:00,50.29152382078261
2025-06-12 11:25:00,26.8
2025-06-12 01:33:00,83.2
2025-06-12 14:30:00,50.29152382078261
2025-06-12 07:27:00,61.6
2025-06-12 14:09:00,50.29152382078261
2025-06-12 06:38:00,50.29152382078261
2025-06-12 04:53:00,15.8
2025-06-12 05:09:00,70.7
2025-06-12 22:15:00,50.29152382078261
2025-06-12 10:20:00,9.0
2025-06-12 17:54:00,7.0
2025-06-12 03:42:00,43.6
2025-06-12 06:38:00,34.6
2025-06-12 09:45:00,9.8
2025-06-12 15:40:00,66.6
2025-06-12 02:52:00,50.29152382078261
2025-06-12 07:15:00,71.8
2025-06-12 07:50:00,50.29152382078261
2025-06-12 00:06:00,67.8
2025-06-12 02:23:00,31.5
2025-06-12 19:22:00,72.0
2025-06-12 16:27:00,30.0
2025-06-12 19:06:00,51.6
2025-06-12 15:30:00,98.3
2025-06-12 05:07:00,50.29152382078261
2025-06-12 03:41:00,21.7
2025-06-12 09:59:00,30.4
2025-06-12 04:39:00,50.29152382078261
2025-06-12 12:14:00,84.8
2025-06-12 06:11:00,9.0
2025-06-12 11:26:00,50.29152382078261
2025-06-12 13:08:00,74.7
2025-06-12 07:06:00,52.4
2025-06-12 06:00:00,41.8
2025-06-12 04:10:00,60.6
2025-06-12 03:28:00,30.9
2025-06-12 02:30:00,47.4
2025-06-12 18:09:00,23.2
2025-06-12 13:09:00,61.1
2025-06-12 07:57:00,42.7
2025-06-12 22:16:00,93.4
2025-06-12 00:40:00,14.4
2025-06-12 12:48:00,19.4
2025-06-12 20:02:00,93.7
2025-06-12 17:33:00,78.2
2025-06-12 04:05:00,44.3
2025-06-12 18:09:00,77.3
2025-06-12 12:25:00,64.6
2025-06-12 00:43:00,50.29152382078261
2025-06-12 21:13:00,27.4
2025-06-12 10:07:00,46.3
2025-06-12 21:07:00,45.4
2025-06-12 14:04:00,91.0
2025-06-12 18:17:00,50.29152382078261
2025-06-12 20:48:00,4.8
2025-06-12 18:19:00,37.9
2025-06-12 00:25:00,59.7
2025-06-12 19:22:00,50.29152382078261
2025-06-12 11:20:00,79.8
2025-06-12 08:55:00,50.0
2025-06-12 21:32:00,67.5
2025-06-12 09:17:00,50.29152382078261
2025-06-12 05:22:00,62.5
2025-06-12 09:37:00,19.6
2025-06-12 13:01:00,63.1
2025-06-12 21:10:00,10.2
2025-06-12 02:42:00,6.2
2025-06-12 07:18:00,50.29152382078261
2025-06-12 01:36:00,50.29152382078261
2025-06-12 02:11:00,47.3
2025-06-12 22:10:00,50.29152382078261
2025-06-12 19:37:00,52.0
2025-06-12 14:08:00,29.3
2025-06-12 01:47:00,10.3
2025-06-12 23:29:00,1.9
2025-06-12 23:58:00,23.4
2025-06-12 09:58:00,44.5
2025-06-12 09:09:00,50.29152382078261
2025-06-12 03:46:00,66.6
2025-06-12 23:04:00,65.9
2025-06-12 20:25:00,63.4
2025-06-12 17:31:00,20.8
2025-06-12 03:41:00,50.29152382078261
2025-06-12 17:03:00,47.2
2025-06-12 04:22:00,30.4
2025-06-12 10:39:00,34.8
2025-06-12 17:57:00,13.8
2025-06-12 01:27:00,50.29152382078261
2025-06-12 18:52:00,50.29152382078261
2025-06-12 02:07:00,25.9
2025-06-12 06:30:00,88.4
2025-06-12 01:38:00,99.3
2025-06-12 11:51:00,74.6
2025-06-12 21:36:00,32.3
2025-06-12 21:24:00,23.8
2025-06-12 02:59:00,65.2
2025-06-12 12:39:00,56.5
2025-06-12 10:22:00,3.0
2025-06-12 12:08:00,27.8
2025-06-12 12:07:00,34.6
2025-06-12 21:27:00,69.6
2025-06-12 11:47:00,50.29152382078261
2025-06-12 00:20:00,50.29152382078261
2025-06-12 12:32:00,38.9
2025-06-12 20:58:00,62.1
2025-06-12 00:56:00,89.8
2025-06-12 03:24:00,50.29152382078261
2025-06-12 02:54:00,62.2
2025-06-12 19:48:00,46.4
2025-06-12 04:34:00,50.29152382078261
2025-06-12 13:17:00,50.29152382078261
2025-06-12 02:04:00,65.7
2025-06-12 14:24:00,62.2
2025-06-12 23:09:00,2.7
2025-06-12 23:26:00,33.0
2025-06-12 19:33:00,67.2
2025-06-12 08:43:00,50.29152382078261
2025-06-12 13:14:00,21.7
2025-06-12 09:15:00,11.0
2025-06-12 12:22:00,52.4
2025-06-12 14:11:00,50.29152382078261
2025-06-12 13:30:00,49.8
2025-06-12 19:57:00,50.29152382078261
2025-06-12 22:42:00,1.5
2025-06-12 03:30:00,36.6
2025-06-12 10:31:00,32.9
2025-06-12 07:10:00,64.8
2025-06-12 13:59:00,48.9
2025-06-12 12:28:00,62.0
2025-06-12 22:26:00,50.29152382078261
2025-06-12 22:55:00,62.3
2025-06-12 05:50:00,25.3
2025-06-12 20:45:00,20.9
2025-06-12 09:20:00,29.9
2025-06-12 11:55:00,88.6
2025-06-12 04:33:00,46.7
2025-06-12 04:33:00,50.29152382078261
2025-06-12 09:57:00,35.1
2025-06-12 23:35:00,21.7
2025-06-12 10:06:00,74.0
2025-06-12 04:47:00,17.8
2025-06-12 10:05:00,76.4
2025-06-12 07:33:00,97.7
2025-06-12 08:14:00,50.29152382078261
2025-06-12 09:09:00,9.0
2025-06-12 05:27:00,32.1
2025-06-12 22:59:00,50.29152382078261
2025-06-12 12:23:00,2.7
2025-06-12 09:56:00,51.1
2025-06-12 03:20:00,28.3
2025-06-12 03:26:00,11.1
2025-06-12 05:04:00,50.29152382078261
2025-06-12 07:40:00,30.0
2025-06-12 22:33:00,24.9
2025-06-12 04:14:00,50.29152382078261
2025-06-12 00:12:00,36.1
2025-06-12 15:53:00,8.3
2025-06-12 03:01:00,53.3
2025-06-12 00:55:00,49.1
2025-06-12 03:44:00,65.0
2025-06-12 05:21:00,43.1
2025-06-12 10:14:00,44.6
2025-06-12 01:10:00,66.2
2025-06-12 23:01:00,29.3
2025-06-12 04:56:00,50.29152382078261
2025-06-12 02:30:00,50.29152382078261
2025-06-12 16:37:00,17.4
2025-06-12 03:10:00,8.7
2025-06-12 14:10:00,22.9
2025-06-12 23:59:00,74.8
2025-06-12 19:34:00,97.8
2025-06-12 12:50:00,77.7
2025-06-12 00:09:00,50.29152382078261
2025-06-12 22:33:00,23.1
2025-06-12 06:52:00,17.8
2025-06-12 09:52:00,7.7
2025-06-12 10:20:00,18.4
2025-06-12 05:57:00,90.4
2025-06-12 19:23:00,50.29152382078261
2025-06-12 17:22:00,22.3
2025-06-12 22:54:00,81.0
2025-06-12 01:56:00,78.5
2025-06-12 11:00:00,8.5
2025-06-12 17:05:00,17.1
2025-06-12 18:12:00,25.3
2025-06-12 11:49:00,80.4
2025-06-12 01:59:00,67.9
2025-06-12 18:33:00,50.29152382078261
2025-06-12 22:58:00,61.9
2025-06-12 00:09:00,50.29152382078261
2025-06-12 00:54:00,49.0
2025-06-12 17:37:00,33.7
2025-06-12 04:11:00,73.3
2025-06-12 21:59:00,45.4
2025-06-12 17:54:00,13.8
2025-06-12 23:47:00,45.9
2025-06-12 15:49:00,52.5
2025-06-12 07:20:00,50.29152382078261
2025-06-12 08:16:00,50.29152382078261
2025-06-12 18:04:00,99.4
2025-06-12 10:33:00,50.29152382078261
2025-06-12 14:55:00,50.29152382078261
2025-06-12 02:37:00,85.8
2025-06-12 18:30:00,35.0
2025-06-12 03:09:00,20.1
2025-06-12 15:34:00,10.2
2025-06-12 00:55:00,33.0
2025-06-12 02:03:00,72.3
2025-06-12 10:13:00,93.8
2025-06-12 00:02:00,50.29152382078261
2025-06-12 05:08:00,95.8
2025-06-12 11:13:00,63.1
2025-06-12 23:32:00,81.1
2025-06-12 12:41:00,48.0
2025-06-12 17:44:00,92.5
2025-06-12 06:12:00,15.9
2025-06-12 01:21:00,19.2
2025-06-12 15:56:00,52.1
2025-06-12 18:59:00,40.1
2025-06-12 07:16:00,62.5
2025-06-12 20:11:00,53.0
2025-06-12 01:34:00,99.9
2025-06-12 03:13:00,62.0
2025-06-12 12:16:00,60.3
2025-06-12 17:36:00,25.4
2025-06-12 09:10:00,90.2
2025-06-12 05:49:00,63.9
2025-06-12 07:11:00,67.2
2025-06-12 02:02:00,78.3
2025-06-12 07:54:00,1.9
2025-06-12 08:03:00,6.1
2025-06-12 20:00:00,50.29152382078261
2025-06-12 02:11:00,50.29152382078261
2025-06-12 23:32:00,32.2
2025-06-12 19:15:00,97.7
2025-06-12 07:14:00,73.5
2025-06-12 05:10:00,58.9
2025-06-12 14:07:00,19.0
2025-06-12 15:14:00,50.29152382078261
2025-06-12 18:55:00,81.3
2025-06-12 19:51:00,12.2
2025-06-12 06:04:00,50.15830883217688
2025-06-12 18:43:00,92.7
2025-06-12 14:58:00,2.2
2025-06-12 19:42:00,80.5
2025-06-12 12:01:00,45.4
2025-06-12 07:25:00,15.7
2025-06-12 02:08:00,51.5
2025-06-12 17:31:00,3.7
2025-06-12 07:43:00,27.7
2025-06-12 22:12:00,13.3
2025-06-12 06:26:00,97.1
2025-06-12 04:18:00,77.3
2025-06-12 12:13:00,36.1
2025-06-12 21:20:00,38.6
2025-06-12 04:30:00,50.15830883217688
2025-06-12 05:10:00,1.3
2025-06-12 12:22:00,14.3
2025-06-12 01:56:00,41.1
2025-06-12 08:52:00,16.9
2025-06-12 02:58:00,50.15830883217688
2025-06-12 05:36:00,39.3
2025-06-12 00:40:00,42.6
2025-06-12 02:13:00,78.1
2025-06-12 19:02:00,50.15830883217688
2025-06-12 23:22:00,50.15830883217688
2025-06-12 03:16:00,88.0
2025-06-12 14:13:00,13.0
2025-06-12 00:51:00,9.5
2025-06-12 09:50:00,77.8
2025-06-12 21:43:00,93.4
2025-06-12 08:48:00,50.15830883217688
2025-06-12 09:59:00,18.6
2025-06-12 05:32:00,41.0
2025-06-12 14:16:00,97.0
2025-06-12 05:45:00,50.15830883217688
2025-06-12 01:08:00,82.5
2025-06-12 11:18:00,92.6
2025-06-12 18:33:00,97.5
2025-06-12 09:54:00,50.15830883217688
2025-06-12 05:21:00,20.2
2025-06-12 14:33:00,81.9
2025-06-12 18:44:00,99.1
2025-06-12 07:07:00,89.1
2025-06-12 09:57:00,58.8
2025-06-12 23:27:00,50.15830883217688
2025-06-12 12:32:00,32.2
2025-06-12 03:36:00,61.3
2025-06-12 13:12:00,45.5
2025-06-12 06:25:00,50.15830883217688
2025-06-12 20:50:00,38.4
2025-06-12 20:45:00,50.15830883217688
2025-06-12 22:10:00,49.9
2025-06-12 22:16:00,30.9
2025-06-12 09:40:00,86.0
2025-06-12 02:31:00,64.6
2025-06-12 08:00:00,50.15830883217688
2025-06-12 19:12:00,46.1
2025-06-12 18:27:00,50.15830883217688
2025-06-12 08:03:00,80.5
2025-06-12 18:23:00,51.3
2025-06-12 18:15:00,75.9
2025-06-12 05:09:00,3.3
2025-06-12 17:39:00,38.9
2025-06-12 12:24:00,21.4
2025-06-12 03:51:00,50.15830883217688
2025-06-12 00:38:00,50.15830883217688
2025-06-12 07:13:00,14.9
2025-06-12 10:12:00,66.1
2025-06-12 03:16:00,50.15830883217688
2025-06-12 15:33:00,50.3
2025-06-12 07:22:00,47.0
2025-06-12 01:04:00,78.0
2025-06-12 02:07:00,20.1
2025-06-12 06:21:00,45.8
2025-06-12 04:07:00,3.9
2025-06-12 14:53:00,16.8
2025-06-12 23:39:00,74.7
2025-06-12 08:26:00,63.8
2025-06-12 02:42:00,59.2
2025-06-12 06:53:00,54.9
2025-06-12 16:42:00,72.1
2025-06-12 12:17:00,50.15830883217688
2025-06-12 19:01:00,37.4
2025-06-12 06:40:00,62.4
2025-06-12 07:42:00,12.0
2025-06-12 18:07:00,0.6
2025-06-12 16:51:00,90.6
2025-06-12 04:23:00,45.8
2025-06-12 04:04:00,99.9
2025-06-12 07:25:00,91.8
2025-06-12 22:59:00,97.5
2025-06-12 05:18:00,28.4
2025-06-12 17:12:00,61.7
2025-06-12 18:47:00,89.4
2025-06-12 18:51:00,93.9
2025-06-12 19:18:00,99.0
2025-06-12 05:48:00,71.1
2025-06-12 12:24:00,26.1
2025-06-12 06:16:00,50.15830883217688
2025-06-12 05:22:00,50.15830883217688
2025-06-12 05:54:00,37.3
2025-06-12 18:10:00,8.6
2025-06-12 12:33:00,6.2
2025-06-12 21:25:00,19.9
2025-06-12 10:57:00,50.15830883217688
2025-06-12 02:07:00,88.2
2025-06-12 22:20:00,44.5
2025-06-12 12:50:00,33.6
2025-06-12 00:11:00,47.2
2025-06-12 04:45:00,74.4
2025-06-12 13:55:00,4.5
2025-06-12 06:28:00,66.8
2025-06-12 03:10:00,10.3
2025-06-12 23:28:00,75.7
2025-06-12 04:58:00,59.4
2025-06-12 03:41:00,79.7
2025-06-12 21:08:00,58.0
2025-06-12 20:42:00,28.6
2025-06-12 21:04:00,50.15830883217688
2025-06-12 13:35:00,34.0
2025-06-12 04:10:00,55.2
2025-06-12 13:16:00,8.4
2025-06-12 12:24:00,33.1
2025-06-12 07:20:00,43.1
2025-06-12 18:06:00,66.5
2025-06-12 07:14:00,65.5
2025-06-12 13:47:00,28.7
2025-06-12 03:01:00,51.8
2025-06-12 21:50:00,7.9
2025-06-12 07:28:00,97.7
2025-06-12 07:00:00,15.9
2025-06-12 23:51:00,1.3
2025-06-12 06:45:00,8.0
2025-06-12 11:31:00,61.8
2025-06-12 06:28:00,0.7
2025-06-12 01:10:00,5.6
2025-06-12 05:42:00,6.1
2025-06-12 16:39:00,48.3
2025-06-12 21:58:00,30.6
2025-06-12 17:36:00,95.8
2025-06-12 09:30:00,36.7
2025-06-12 20:49:00,55.7
2025-06-12 09:32:00,50.15830883217688
2025-06-12 00:28:00,50.15830883217688
2025-06-12 10:29:00,24.6
2025-06-12 16:46:00,67.8
2025-06-12 07:16:00,50.15830883217688
2025-06-12 03:05:00,42.7
2025-06-12 16:08:00,90.8
2025-06-12 02:22:00,24.2
2025-06-12 00:13:00,56.2
2025-06-12 07:56:00,38.5
2025-06-12 22:50:00,85.0
2025-06-12 23:36:00,92.8
2025-06-12 01:35:00,32.3
2025-06-12 14:33:00,37.8
2025-06-12 18:47:00,1.9
2025-06-12 04:04:00,50.15830883217688
2025-06-12 09:29:00,84.9
2025-06-12 16:20:00,15.5
2025-06-12 11:39:00,46.7
2025-06-12 23:05:00,81.7
2025-06-12 10:48:00,50.15830883217688
2025-06-12 07:17:00,29.5
2025-06-12 23:36:00,32.1
2025-06-12 00:21:00,62.4
2025-06-12 17:18:00,79.7
2025-06-12 17:33:00,90.8
2025-06-12 10:14:00,3.2
2025-06-12 17:00:00,8.8
2025-06-12 07:46:00,74.6
2025-06-12 05:15:00,33.4
2025-06-12 15:08:00,60.7
2025-06-12 00:18:00,95.0
2025-06-12 13:11:00,49.3
2025-06-12 19:23:00,50.15830883217688
2025-06-12 17:28:00,44.9
2025-06-12 16:15:00,25.8
2025-06-12 06:55:00,96.6
2025-06-12 00:29:00,59.5
2025-06-12 21:32:00,50.15830883217688
2025-06-12 22:39:00,77.9
2025-06-12 01:32:00,83.5
2025-06-12 09:32:00,58.8
2025-06-12 15:16:00,97.0
2025-06-12 04:06:00,14.3
2025-06-12 20:56:00,86.7
2025-06-12 14:00:00,84.5
2025-06-12 08:39:00,58.1
2025-06-12 23:49:00,29.2
2025-06-12 07:24:00,92.2
2025-06-12 20:48:00,54.5
2025-06-12 17:05:00,98.8
2025-06-12 19:17:00,12.3
2025-06-12 20:18:00,50.15830883217688
2025-06-12 17:19:00,50.15830883217688
2025-06-12 18:36:00,22.0
2025-06-12 08:49:00,43.4
2025-06-12 18:45:00,48.1
2025-06-12 00:50:00,79.5
2025-06-12 10:23:00,41.1
2025-06-12 14:19:00,71.0
2025-06-12 07:20:00,26.6
2025-06-12 03:10:00,14.2
2025-06-12 01:18:00,55.1
2025-06-12 17:35:00,50.15830883217688
2025-06-12 19:56:00,57.2
2025-06-12 22:52:00,92.8
2025-06-12 06:42:00,84.5
2025-06-12 20:28:00,84.2
2025-06-12 08:03:00,50.15830883217688
2025-06-12 04:28:00,25.8
2025-06-12 12:24:00,57.9
2025-06-12 05:07:00,50.15830883217688
2025-06-12 20:28:00,19.0
2025-06-12 16:02:00,43.5
2025-06-12 10:32:00,74.3
2025-06-12 12:56:00,9.7
2025-06-12 11:11:00,2.9
2025-06-12 08:15:00,70.0
2025-06-12 06:13:00,50.15830883217688
2025-06-12 09:51:00,78.8
2025-06-12 19:55:00,59.5
2025-06-12 01:46:00,90.1
2025-06-12 01:44:00,46.2
2025-06-12 11:57:00,39.2
2025-06-12 23:29:00,6.6
2025-06-12 20:43:00,39.8
2025-06-12 03:06:00,50.15830883217688
2025-06-12 14:19:00,64.1
2025-06-12 12:59:00,8.4
2025-06-12 03:20:00,69.2
2025-06-12 01:04:00,4.9
2025-06-12 12:16:00,50.15830883217688
2025-06-12 05:28:00,86.4
2025-06-12 07:59:00,90.7
2025-06-12 22:28:00,64.9
2025-06-12 21:52:00,66.7
2025-06-12 21:08:00,12.5
2025-06-12 03:38:00,54.0
2025-06-12 21:10:00,1.3
2025-06-12 00:33:00,43.6
2025-06-12 19:31:00,59.0
2025-06-12 03:46:00,50.15830883217688
2025-06-12 22:47:00,48.5
2025-06-12 17:14:00,83.4
2025-06-12 08:18:00,61.7
2025-06-12 20:35:00,6.5
2025-06-12 06:18:00,80.5
2025-06-12 09:18:00,86.3
2025-06-12 09:05:00,37.2
2025-06-12 21:28:00,39.2
2025-06-12 13:57:00,40.0
2025-06-12 21:18:00,75.4
2025-06-12 19:02:00,50.15830883217688
2025-06-12 14:50:00,98.8
2025-06-12 17:03:00,56.9
2025-06-12 19:33:00,72.5
2025-06-12 01:06:00,37.6
2025-06-12 12:22:00,50.15830883217688
2025-06-12 04:56:00,50.15830883217688
2025-06-12 11:16:00,50.15830883217688
2025-06-12 22:05:00,30.0
2025-06-12 11:33:00,69.3
2025-06-12 03:34:00,32.8
2025-06-12 14:19:00,97.0
2025-06-12 17:14:00,57.8
2025-06-12 16:17:00,16.6
2025-06-12 13:31:00,50.15830883217688
2025-06-12 23:27:00,84.3
2025-06-12 05:44:00,12.8
2025-06-12 08:58:00,28.3
2025-06-12 16:39:00,65.6
2025-06-12 17:52:00,66.4
2025-06-12 10:57:00,62.7
2025-06-12 19:35:00,27.1
2025-06-12 04:14:00,97.5
2025-06-12 03:23:00,85.2
2025-06-12 19:03:00,4.7
2025-06-12 06:12:00,50.15830883217688
2025-06-12 07:09:00,81.9
2025-06-12 06:09:00,86.8
2025-06-12 01:30:00,17.4
2025-06-12 15:08:00,41.1
2025-06-12 15:42:00,50.15830883217688
2025-06-12 12:03:00,59.8
2025-06-12 11:43:00,50.15830883217688
2025-06-12 05:27:00,25.2
2025-06-12 10:03:00,70.5
2025-06-12 13:37:00,85.5
2025-06-12 08:55:00,97.2
2025-06-12 10:09:00,22.4
2025-06-12 20:35:00,50.15830883217688
2025-06-12 19:45:00,8.3
2025-06-12 11:07:00,50.15830883217688
2025-06-12 15:15:00,82.9
2025-06-12 17:36:00,50.15830883217688
2025-06-12 06:44:00,61.0
2025-06-12 15:32:00,75.3
2025-06-12 19:38:00,69.4
2025-06-12 03:17:00,42.9
2025-06-12 00:44:00,45.2
2025-06-12 13:54:00,50.15830883217688
2025-06-12 01:07:00,92.1
2025-06-12 09:04:00,83.2
2025-06-12 03:12:00,89.1
2025-06-12 06:05:00,40.7
2025-06-12 09:05:00,33.8
2025-06-12 19:19:00,68.8
2025-06-12 05:57:00,92.9
2025-06-12 06:46:00,50.15830883217688
2025-06-12 08:10:00,94.9
2025-06-12 08:36:00,81.2
2025-06-12 21:41:00,42.3
2025-06-12 23:53:00,46.9
2025-06-12 09:27:00,16.9
2025-06-12 19:13:00,52.2
2025-06-12 05:59:00,85.0
2025-06-12 07:21:00,29.6
2025-06-12 09:11:00,15.9
2025-06-12 20:36:00,12.8
2025-06-12 06:19:00,76.9
2025-06-12 00:42:00,63.4
2025-06-12 03:22:00,98.4
2025-06-12 14:02:00,32.1
2025-06-12 10:06:00,3.4
2025-06-12 04:28:00,96.6
2025-06-12 18:39:00,51.2
2025-06-12 13:06:00,36.5
2025-06-12 07:09:00,92.1
2025-06-12 21:22:00,61.6
2025-06-12 02:30:00,31.5
2025-06-12 10:44:00,68.5
2025-06-12 02:12:00,4.6
2025-06-12 13:43:00,50.5
2025-06-12 03:18:00,50.8
2025-06-12 08:57:00,75.9
2025-06-12 07:11:00,19.9
2025-06-12 22:45:00,20.9
2025-06-12 14:51:00,83.4
2025-06-12 13:17:00,50.05645730416373
2025-06-12 18:18:00,47.7
2025-06-12 10:43:00,52.3
2025-06-12 01:47:00,36.0
2025-06-12 10:14:00,62.1
2025-06-12 09:55:00,50.05645730416373
2025-06-12 07:00:00,40.3
2025-06-12 14:13:00,1.5
2025-06-12 11:30:00,25.3
2025-06-12 08:54:00,80.8
2025-06-12 17:34:00,80.2
2025-06-12 22:40:00,64.2
2025-06-12 06:13:00,88.4
2025-06-12 03:56:00,41.7
2025-06-12 02:16:00,17.3
2025-06-12 04:16:00,47.6
2025-06-12 21:14:00,7.9
2025-06-12 07:05:00,50.05645730416373
2025-06-12 01:50:00,41.1
2025-06-12 23:32:00,9.2
2025-06-12 11:52:00,28.0
2025-06-12 23:50:00,47.1
2025-06-12 22:40:00,48.2
2025-06-12 15:22:00,3.9
2025-06-12 16:00:00,87.0
2025-06-12 00:44:00,73.7
2025-06-12 16:10:00,72.3
2025-06-12 14:14:00,5.2
2025-06-12 19:45:00,55.2
2025-06-12 02:54:00,50.05645730416373
2025-06-12 22:42:00,81.9
2025-06-12 12:02:00,50.05645730416373
2025-06-12 18:55:00,50.05645730416373
2025-06-12 18:44:00,50.9
2025-06-12 02:50:00,25.6
2025-06-12 10:27:00,50.05645730416373
2025-06-12 10:45:00,58.5
2025-06-12 15:17:00,36.6
2025-06-12 08:28:00,17.8
2025-06-12 11:45:00,45.4
2025-06-12 03:12:00,42.9
2025-06-12 23:58:00,50.05645730416373
2025-06-12 22:56:00,64.3
2025-06-12 22:08:00,31.8
2025-06-12 20:29:00,50.05645730416373
2025-06-12 06:22:00,85.3
2025-06-12 00:47:00,37.4
2025-06-12 00:35:00,79.9
2025-06-12 14:30:00,47.9
2025-06-12 21:49:00,69.3
2025-06-12 20:49:00,50.05645730416373
2025-06-12 14:47:00,68.6
2025-06-12 23:07:00,17.7
2025-06-12 06:52:00,59.1
2025-06-12 19:24:00,75.8
2025-06-12 02:09:00,68.1
2025-06-12 12:27:00,58.4
2025-06-12 20:22:00,50.05645730416373
2025-06-12 06:17:00,50.05645730416373
2025-06-12 20:32:00,56.9
2025-06-12 17:01:00,85.7
2025-06-12 04:06:00,19.9
2025-06-12 12:23:00,41.1
2025-06-12 06:39:00,57.0
2025-06-12 03:51:00,44.6
2025-06-12 13:08:00,73.1
2025-06-12 04:37:00,90.5
2025-06-12 04:25:00,30.6
2025-06-12 11:03:00,26.9
2025-06-12 03:21:00,76.1
2025-06-12 22:24:00,69.7
2025-06-12 03:09:00,83.9
2025-06-12 22:20:00,30.9
2025-06-12 12:04:00,22.5
2025-06-12 22:15:00,28.7
2025-06-12 23:30:00,80.1
2025-06-12 22:01:00,93.3
2025-06-12 21:06:00,50.05645730416373
2025-06-12 01:33:00,17.5
2025-06-12 04:48:00,47.1
2025-06-12 19:34:00,99.7
2025-06-12 18:17:00,39.3
2025-06-12 11:25:00,24.8
2025-06-12 14:42:00,97.3
2025-06-12 03:11:00,39.1
2025-06-12 01:33:00,50.05645730416373
2025-06-12 16:29:00,50.05645730416373
2025-06-12 06:33:00,50.05645730416373
2025-06-12 06:13:00,11.8
2025-06-12 22:09:00,50.05645730416373
2025-06-12 18:16:00,94.8
2025-06-12 03:16:00,60.1
2025-06-12 16:36:00,31.6
2025-06-12 18:32:00,95.5
2025-06-12 17:30:00,60.3
2025-06-12 22:29:00,64.7
2025-06-12 09:17:00,25.1
2025-06-12 11:59:00,50.05645730416373
2025-06-12 16:00:00,69.1
2025-06-12 10:26:00,26.4
2025-06-12 16:40:00,76.3
2025-06-12 09:07:00,80.2
2025-06-12 12:06:00,19.2
2025-06-12 18:47:00,22.2
2025-06-12 11:11:00,43.6
2025-06-12 21:49:00,68.7
2025-06-12 04:07:00,73.9
2025-06-12 17:40:00,95.8
2025-06-12 08:37:00,93.6
2025-06-12 01:11:00,43.6
2025-06-12 21:34:00,60.1
2025-06-12 16:20:00,23.2
2025-06-12 12:52:00,5.3
2025-06-12 17:38:00,12.7
2025-06-12 14:44:00,49.5
2025-06-12 13:14:00,50.05645730416373
2025-06-12 08:16:00,86.4
2025-06-12 13:28:00,20.4
2025-06-12 05:41:00,13.8
2025-06-12 08:17:00,51.2
2025-06-12 03:20:00,72.6
2025-06-12 14:57:00,50.05645730416373
2025-06-12 05:37:00,37.0
2025-06-12 15:53:00,64.5
2025-06-12 11:01:00,2.8
2025-06-12 07:10:00,47.0
2025-06-12 11:43:00,93.3
2025-06-12 08:16:00,85.6
2025-06-12 20:31:00,91.6
2025-06-12 09:56:00,13.4
2025-06-12 05:58:00,95.3
2025-06-12 14:20:00,50.05645730416373
2025-06-12 01:38:00,6.6
2025-06-12 05:17:00,56.3
2025-06-12 02:44:00,92.7
2025-06-12 08:43:00,49.2
2025-06-12 19:17:00,55.5
2025-06-12 23:23:00,97.4
2025-06-12 13:35:00,11.6
2025-06-12 23:13:00,87.8
2025-06-12 16:39:00,15.8
2025-06-12 02:34:00,61.3
2025-06-12 07:25:00,51.6
2025-06-12 12:49:00,21.9
2025-06-12 09:55:00,70.9
2025-06-12 08:21:00,29.2
2025-06-12 18:58:00,11.3
2025-06-12 07:38:00,47.9
2025-06-12 15:39:00,9.5
2025-06-12 07:45:00,7.9
2025-06-12 03:01:00,16.4
2025-06-12 18:00:00,59.3
2025-06-12 14:03:00,16.5
2025-06-12 12:39:00,28.2
2025-06-12 01:13:00,50.05645730416373
2025-06-12 04:33:00,50.05645730416373
2025-06-12 04:13:00,89.7
2025-06-12 06:29:00,32.8
2025-06-12 14:23:00,20.3
2025-06-12 02:31:00,50.05645730416373
2025-06-12 07:04:00,68.8
2025-06-12 21:49:00,31.0
2025-06-12 06:35:00,33.6
2025-06-12 16:19:00,85.4
2025-06-12 08:28:00,50.05645730416373
2025-06-12 08:30:00,50.05645730416373
2025-06-12 10:00:00,77.8
2025-06-12 04:40:00,50.05645730416373
2025-06-12 21:05:00,15.9
2025-06-12 15:59:00,92.1
2025-06-12 01:42:00,87.2
2025-06-12 01:56:00,60.1
2025-06-12 20:13:00,31.1
2025-06-12 13:21:00,63.3
2025-06-12 21:33:00,5.1
2025-06-12 00:07:00,38.8
2025-06-12 19:42:00,50.05645730416373
2025-06-12 01:21:00,31.6
2025-06-12 08:42:00,28.7
2025-06-12 18:43:00,35.9
2025-06-12 09:48:00,49.7
2025-06-12 19:00:00,43.5
2025-06-12 15:18:00,50.05645730416373
2025-06-12 07:54:00,50.05645730416373
2025-06-12 19:23:00,35.4
2025-06-12 11:26:00,12.4
2025-06-12 03:14:00,21.6
2025-06-12 05:16:00,71.8
2025-06-12 21:47:00,74.7
2025-06-12 14:08:00,50.05645730416373
2025-06-12 19:45:00,50.05645730416373
2025-06-12 22:50:00,38.4
2025-06-12 22:07:00,80.3
2025-06-12 18:41:00,1.9
2025-06-12 15:51:00,50.05645730416373
2025-06-12 15:52:00,69.5
2025-06-12 19:26:00,50.05645730416373
2025-06-12 08:22:00,68.0
2025-06-12 16:41:00,50.05645730416373
2025-06-12 00:52:00,2.8
2025-06-12 00:22:00,50.05645730416373
2025-06-12 09:16:00,83.5
2025-06-12 04:11:00,97.0
2025-06-12 09:35:00,27.4
2025-06-12 01:15:00,35.3
2025-06-12 09:37:00,71.5
2025-06-12 00:10:00,76.5
2025-06-12 06:58:00,90.1
2025-06-12 11:41:00,58.3
2025-06-12 20:53:00,0.7
2025-06-12 05:19:00,18.9
2025-06-12 16:54:00,50.05645730416373
2025-06-12 11:37:00,27.3
2025-06-12 14:28:00,50.05645730416373
2025-06-12 21:19:00,67.6
2025-06-12 19:21:00,46.6
2025-06-12 06:28:00,37.3
2025-06-12 01:48:00,67.8
2025-06-12 03:50:00,50.05645730416373
2025-06-12 21:04:00,98.1
2025-06-12 18:56:00,73.2
2025-06-12 21:43:00,58.7
2025-06-12 18:21:00,32.7
2025-06-12 13:15:00,61.5
2025-06-12 23:41:00,21.4
2025-06-12 05:51:00,16.5
2025-06-12 06:20:00,87.4
2025-06-12 13:05:00,56.6
2025-06-12 00:23:00,27.6
2025-06-12 18:39:00,56.5
2025-06-12 18:28:00,91.5
2025-06-12 02:57:00,50.05645730416373
2025-06-12 07:16:00,86.9
2025-06-12 00:14:00,4.7
2025-06-12 21:22:00,48.2
2025-06-12 04:08:00,18.3
2025-06-12 02:12:00,97.4
2025-06-12 18:11:00,8.6
2025-06-12 10:38:00,1.2
2025-06-12 03:54:00,12.2
2025-06-12 00:01:00,89.9
2025-06-12 03:01:00,88.2
2025-06-12 16:08:00,50.05645730416373
2025-06-12 10:11:00,39.3
2025-06-12 22:21:00,64.9
2025-06-12 23:57:00,7.1
2025-06-12 17:27:00,15.5
2025-06-12 16:52:00,75.6
2025-06-12 05:04:00,77.5
2025-06-12 01:23:00,63.1
2025-06-12 03:15:00,0.9
2025-06-12 03:52:00,50.05645730416373
2025-06-12 15:45:00,9.9
2025-06-12 23:29:00,50.05645730416373
2025-06-12 02:10:00,92.8
2025-06-12 23:53:00,58.2
2025-06-12 02:33:00,38.7
2025-06-12 03:57:00,50.05645730416373
2025-06-12 01:03:00,28.1
2025-06-12 20:25:00,72.1
2025-06-12 18:55:00,50.05645730416373
2025-06-12 00:02:00,61.0
2025-06-12 19:15:00,24.9
2025-06-12 15:25:00,43.3
2025-06-12 07:07:00,73.3
2025-06-12 06:54:00,62.9
2025-06-12 16:18:00,60.1
2025-06-12 02:00:00,9.8
2025-06-12 21:43:00,55.1
2025-06-12 23:02:00,50.05645730416373
2025-06-12 12:09:00,77.7
2025-06-12 19:58:00,28.4
2025-06-12 06:37:00,64.6
2025-06-12 15:44:00,40.8
2025-06-12 13:53:00,14.8
2025-06-12 11:07:00,28.6
2025-06-12 09:25:00,64.2
2025-06-12 08:57:00,33.8
2025-06-12 15:35:00,31.3
2025-06-12 09:38:00,56.2
2025-06-12 00:36:00,3.7
2025-06-12 21:23:00,50.05645730416373
2025-06-12 23:42:00,67.8
2025-06-12 15:19:00,26.2
2025-06-12 17:34:00,50.05645730416373
2025-06-12 03:04:00,37.7
2025-06-12 23:11:00,28.0
2025-06-12 20:58:00,66.4
2025-06-12 01:17:00,70.7
2025-06-12 06:19:00,59.1
2025-06-12 11:19:00,3.8
2025-06-12 08:16:00,50.2
2025-06-12 05:57:00,7.9
2025-06-12 11:18:00,67.6
2025-06-12 18:03:00,34.8
2025-06-12 06:08:00,23.2
2025-06-12 11:02:00,50.05645730416373
2025-06-12 15:03:00,50.05645730416373
2025-06-12 17:08:00,50.05645730416373
2025-06-12 05:49:00,36.4
2025-06-12 02:58:00,64.5
2025-06-12 12:45:00,8.0
2025-06-12 11:05:00,21.4
2025-06-12 01:11:00,95.3
2025-06-12 03:36:00,98.7
2025-06-12 03:09:00,66.3
2025-06-12 12:02:00,71.3
2025-06-12 21:25:00,55.2
2025-06-12 20:38:00,96.6
2025-06-12 14:18:00,24.1
2025-06-12 02:36:00,50.05645730416373
2025-06-12 19:36:00,68.1
2025-06-12 00:38:00,27.5
2025-06-12 22:28:00,99.1
2025-06-12 15:58:00,11.3
2025-06-12 15:50:00,85.0
2025-06-12 12:35:00,14.6
2025-06-12 06:39:00,43.6
2025-06-12 13:09:00,87.8
2025-06-12 02:36:00,47.5
2025-06-12 08:13:00,15.2
2025-06-12 01:51:00,43.3
2025-06-12 18:39:00,66.8
2025-06-12 22:07:00,47.2
2025-06-12 10:47:00,20.5
2025-06-12 16:04:00,10.8
2025-06-12 23:39:00,69.0
2025-06-12 05:39:00,40.8
2025-06-12 05:08:00,29.4
2025-06-12 18:00:00,97.6
2025-06-12 08:27:00,38.3
2025-06-12 21:44:00,1.1
2025-06-12 10:24:00,20.3
2025-06-12 23:41:00,50.05645730416373
2025-06-12 14:18:00,50.05645730416373
2025-06-12 17:41:00,71.1
2025-06-12 15:52:00,50.05645730416373
2025-06-12 14:03:00,22.2
2025-06-12 14:58:00,49.90502819548872
2025-06-12 12:45:00,95.3
2025-06-12 01:00:00,84.1
2025-06-12 12:12:00,42.1
2025-06-12 12:34:00,49.90502819548872
2025-06-12 20:12:00,5.9
2025-06-12 08:58:00,98.1
2025-06-12 07:12:00,44.1
2025-06-12 13:03:00,5.7
2025-06-12 15:14:00,83.2
2025-06-12 08:58:00,78.6
2025-06-12 15:48:00,26.8
2025-06-12 04:23:00,19.6
2025-06-12 18:24:00,72.0
2025-06-12 22:15:00,61.1
2025-06-12 01:28:00,28.3
2025-06-12 01:44:00,52.4
2025-06-12 07:32:00,49.90502819548872
2025-06-12 19:17:00,54.5
2025-06-12 10:51:00,49.0
2025-06-12 01:03:00,94.7
2025-06-12 22:46:00,5.8
2025-06-12 09:21:00,57.3
2025-06-12 22:39:00,49.90502819548872
2025-06-12 20:49:00,49.90502819548872
2025-06-12 14:40:00,68.5
2025-06-12 13:42:00,59.4
2025-06-12 02:08:00,62.5
2025-06-12 20:22:00,90.5
2025-06-12 03:35:00,49.90502819548872
2025-06-12 22:11:00,42.9
2025-06-12 03:50:00,11.8
2025-06-12 01:34:00,49.90502819548872
2025-06-12 16:35:00,27.7
2025-06-12 10:12:00,1.3
2025-06-12 01:05:00,14.2
2025-06-12 11:20:00,24.9
2025-06-12 08:32:00,53.2
2025-06-12 19:23:00,50.0
2025-06-12 09:29:00,42.7
2025-06-12 15:42:00,5.4
2025-06-12 09:34:00,76.8
2025-06-12 22:42:00,61.5
2025-06-12 14:06:00,11.8
2025-06-12 23:34:00,9.1
2025-06-12 10:14:00,49.90502819548872
2025-06-12 20:55:00,46.5
2025-06-12 10:42:00,4.5
2025-06-12 13:53:00,61.0
2025-06-12 23:11:00,84.9
2025-06-12 12:33:00,73.8
2025-06-12 09:47:00,33.7
2025-06-12 09:12:00,57.8
2025-06-12 06:18:00,49.90502819548872
2025-06-12 06:19:00,3.5
2025-06-12 17:23:00,49.90502819548872
2025-06-12 16:01:00,1.6
2025-06-12 07:03:00,27.1
2025-06-12 16:02:00,49.90502819548872
2025-06-12 16:40:00,85.6
2025-06-12 00:02:00,80.8
2025-06-12 07:08:00,58.9
2025-06-12 00:44:00,75.4
2025-06-12 05:55:00,47.0
2025-06-12 16:36:00,44.6
2025-06-12 04:49:00,8.4
2025-06-12 16:57:00,60.3
2025-06-12 14:24:00,23.3
2025-06-12 01:46:00,79.6
2025-06-12 09:08:00,63.1
2025-06-12 08:12:00,78.5
2025-06-12 12:20:00,46.3
2025-06-12 09:55:00,49.90502819548872
2025-06-12 21:01:00,52.9
2025-06-12 00:57:00,39.7
2025-06-12 19:50:00,70.0
2025-06-12 03:20:00,3.4
2025-06-12 15:07:00,49.90502819548872
2025-06-12 16:56:00,60.5
2025-06-12 04:25:00,49.90502819548872
2025-06-12 02:06:00,64.5
2025-06-12 03:38:00,49.90502819548872
2025-06-12 14:07:00,49.90502819548872
2025-06-12 19:48:00,5.0
2025-06-12 20:25:00,86.4
2025-06-12 13:03:00,49.90502819548872
2025-06-12 04:50:00,34.5
2025-06-12 15:54:00,3.5
2025-06-12 19:42:00,89.7
2025-06-12 23:16:00,49.90502819548872
2025-06-12 14:37:00,3.3
2025-06-12 23:47:00,92.9
2025-06-12 05:43:00,19.6
2025-06-12 02:38:00,4.6
2025-06-12 20:26:00,68.1
2025-06-12 21:22:00,76.8
2025-06-12 08:27:00,80.0
2025-06-12 19:15:00,23.4
2025-06-12 11:53:00,51.7
2025-06-12 07:25:00,72.5
2025-06-12 17:34:00,39.0
2025-06-12 19:26:00,28.9
2025-06-12 22:42:00,66.7
2025-06-12 03:22:00,80.8
2025-06-12 17:56:00,51.3
2025-06-12 11:03:00,49.90502819548872
2025-06-12 07:13:00,15.1
2025-06-12 01:33:00,89.1
2025-06-12 19:45:00,23.0
2025-06-12 20:51:00,17.6
2025-06-12 22:24:00,53.9
2025-06-12 14:18:00,89.2
2025-06-12 22:15:00,89.7
2025-06-12 19:22:00,94.1
2025-06-12 06:26:00,49.90502819548872
2025-06-12 19:08:00,67.7
2025-06-12 18:41:00,94.7
2025-06-12 22:36:00,11.6
2025-06-12 05:40:00,29.1
2025-06-12 10:21:00,66.4
2025-06-12 12:45:00,36.8
2025-06-12 11:59:00,59.1
2025-06-12 09:23:00,76.8
2025-06-12 19:24:00,92.2
2025-06-12 22:38:00,49.90502819548872
2025-06-12 15:09:00,29.7
2025-06-12 18:23:00,41.9
2025-06-12 18:59:00,49.90502819548872
2025-06-12 02:40:00,24.7
2025-06-12 19:31:00,9.3
2025-06-12 03:15:00,94.4
2025-06-12 12:02:00,70.4
2025-06-12 06:06:00,19.9
2025-06-12 06:36:00,86.0
2025-06-12 18:05:00,8.0
2025-06-12 10:05:00,49.90502819548872
2025-06-12 19:09:00,59.6
2025-06-12 16:05:00,97.6
2025-06-12 20:53:00,98.9
2025-06-12 09:39:00,49.90502819548872
2025-06-12 18:41:00,33.3
2025-06-12 00:35:00,86.2
2025-06-12 05:13:00,54.4
2025-06-12 03:27:00,73.6
2025-06-12 17:07:00,84.0
2025-06-12 21:57:00,96.1
2025-06-12 10:55:00,89.4
2025-06-12 08:56:00,99.1
2025-06-12 18:46:00,47.0
2025-06-12 05:10:00,42.3
2025-06-12 06:01:00,14.4
2025-06-12 02:43:00,21.8
2025-06-12 22:13:00,29.3
2025-06-12 19:59:00,49.90502819548872
2025-06-12 22:43:00,92.5
2025-06-12 17:26:00,49.90502819548872
2025-06-12 19:13:00,32.2
2025-06-12 07:25:00,29.6
2025-06-12 06:01:00,18.7
2025-06-12 17:05:00,85.0
2025-06-12 10:20:00,4.0
2025-06-12 15:27:00,14.3
2025-06-12 08:43:00,36.1
2025-06-12 06:42:00,13.9
2025-06-12 09:44:00,31.6
2025-06-12 05:35:00,50.1
2025-06-12 00:57:00,49.90502819548872
2025-06-12 21:04:00,11.3
2025-06-12 15:33:00,49.90502819548872
2025-06-12 09:46:00,49.90502819548872
2025-06-12 06:38:00,68.9
2025-06-12 02:10:00,29.8
2025-06-12 01:14:00,33.0
2025-06-12 03:02:00,24.5
2025-06-12 05:17:00,49.90502819548872
2025-06-12 05:23:00,49.90502819548872
2025-06-12 00:52:00,87.9
2025-06-12 08:17:00,83.2
2025-06-12 07:03:00,57.6
2025-06-12 17:38:00,88.8
2025-06-12 00:22:00,90.2
2025-06-12 19:38:00,3.8
2025-06-12 06:12:00,88.0
2025-06-12 21:02:00,49.90502819548872
2025-06-12 23:18:00,61.2
2025-06-12 12:53:00,76.6
2025-06-12 20:38:00,63.0
2025-06-12 20:08:00,33.5
2025-06-12 13:20:00,0.2
2025-06-12 19:26:00,49.90502819548872
2025-06-12 11:21:00,6.7
2025-06-12 11:48:00,16.2
2025-06-12 03:54:00,53.7
2025-06-12 01:18:00,13.2
2025-06-12 06:09:00,30.3
2025-06-12 15:55:00,19.5
2025-06-12 02:00:00,58.7
2025-06-12 00:02:00,76.6
2025-06-12 16:54:00,60.3
2025-06-12 05:47:00,37.7
2025-06-12 01:11:00,80.8
2025-06-12 12:59:00,52.2
2025-06-12 10:23:00,32.6
2025-06-12 21:45:00,8.5
2025-06-12 10:11:00,49.90502819548872
2025-06-12 19:53:00,62.2
2025-06-12 05:01:00,41.8
2025-06-12 17:03:00,52.2
2025-06-12 19:30:00,29.7
2025-06-12 20:14:00,84.5
2025-06-12 20:50:00,48.0
2025-06-12 18:20:00,49.6
2025-06-12 21:56:00,39.3
2025-06-12 11:45:00,54.0
2025-06-12 13:05:00,15.3
2025-06-12 00:54:00,41.9
2025-06-12 20:01:00,96.3
2025-06-12 13:55:00,41.0
2025-06-12 23:57:00,70.0
2025-06-12 05:07:00,30.4
2025-06-12 22:50:00,88.9
2025-06-12 15:03:00,76.1
2025-06-12 20:16:00,70.5
2025-06-12 09:29:00,49.90502819548872
2025-06-12 02:19:00,1.1
2025-06-12 08:04:00,35.3
2025-06-12 10:10:00,76.7
2025-06-12 11:30:00,76.4
2025-06-12 18:01:00,35.7
2025-06-12 15:18:00,25.3
2025-06-12 02:53:00,32.0
2025-06-12 06:02:00,55.0
2025-06-12 08:30:00,12.0
2025-06-12 15:17:00,8.4
2025-06-12 13:39:00,90.4
2025-06-12 16:28:00,83.9
2025-06-12 22:06:00,43.5
2025-06-12 14:37:00,49.90502819548872
2025-06-12 22:00:00,49.90502819548872
2025-06-12 18:18:00,28.0
2025-06-12 07:07:00,49.90502819548872
2025-06-12 05:08:00,14.6
2025-06-12 23:26:00,11.5
2025-06-12 13:06:00,49.90502819548872
2025-06-12 16:02:00,19.3
2025-06-12 03:29:00,29.2
2025-06-12 20:34:00,14.8
2025-06-12 22:44:00,75.1
2025-06-12 02:09:00,7.9
2025-06-12 01:15:00,49.90502819548872
2025-06-12 05:21:00,75.3
2025-06-12 17:54:00,45.7
2025-06-12 19:22:00,65.7
2025-06-12 22:36:00,49.90502819548872
2025-06-12 20:39:00,81.0
2025-06-12 06:31:00,49.90502819548872
2025-06-12 18:46:00,5.1
2025-06-12 02:17:00,64.6
2025-06-12 17:14:00,32.9
2025-06-12 21:36:00,49.90502819548872
2025-06-12 12:52:00,57.0
2025-06-12 02:24:00,9.7
2025-06-12 21:49:00,49.90502819548872
2025-06-12 02:32:00,44.1
2025-06-12 00:27:00,47.6
2025-06-12 10:53:00,68.1
2025-06-12 19:57:00,40.3
2025-06-12 11:02:00,68.4
2025-06-12 23:58:00,87.2
2025-06-12 16:40:00,89.6
2025-06-12 01:24:00,97.7
2025-06-12 22:54:00,56.3
2025-06-12 13:57:00,0.2
2025-06-12 15:34:00,19.2
2025-06-12 11:58:00,82.2
2025-06-12 09:24:00,57.9
2025-06-12 21:36:00,49.90502819548872
2025-06-12 20:18:00,5.3
2025-06-12 10:43:00,35.4
2025-06-12 16:12:00,69.0
2025-06-12 21:25:00,44.3
2025-06-12 19:10:00,63.8
2025-06-12 22:58:00,34.0
2025-06-12 21:01:00,73.6
2025-06-12 23:10:00,78.5
2025-06-12 16:32:00,71.4
2025-06-12 13:56:00,16.0
2025-06-12 13:42:00,16.1
2025-06-12 20:06:00,19.3
2025-06-12 23:28:00,14.6
2025-06-12 08:12:00,91.3
2025-06-12 11:17:00,49.90502819548872
2025-06-12 23:45:00,59.9
2025-06-12 03:00:00,51.9
2025-06-12 11:55:00,49.90502819548872
2025-06-12 08:33:00,7.2
2025-06-12 16:57:00,67.4
2025-06-12 09:02:00,49.90502819548872
2025-06-12 09:26:00,3.9
2025-06-12 01:27:00,86.2
2025-06-12 00:43:00,35.6
2025-06-12 19:11:00,91.5
2025-06-12 12:45:00,84.5
2025-06-12 03:44:00,52.7
2025-06-12 14:43:00,76.5
2025-06-12 01:04:00,49.90502819548872
2025-06-12 20:14:00,65.6
2025-06-12 14:43:00,80.8
2025-06-12 21:44:00,50.475078938135894
2025-06-12 02:21:00,40.3
2025-06-12 19:06:00,99.2
2025-06-12 16:14:00,85.5
2025-06-12 15:40:00,62.3
2025-06-12 22:29:00,66.5
2025-06-12 15:26:00,6.3
2025-06-12 12:54:00,76.2
2025-06-12 11:24:00,66.9
2025-06-12 19:12:00,85.2
2025-06-12 03:03:00,38.7
2025-06-12 16:23:00,32.4
2025-06-12 06:12:00,13.2
2025-06-12 06:57:00,73.6
2025-06-12 15:06:00,94.2
2025-06-12 17:38:00,50.475078938135894
2025-06-12 16:16:00,32.4
2025-06-12 01:52:00,73.6
2025-06-12 06:02:00,20.2
2025-06-12 02:10:00,50.475078938135894
2025-06-12 12:52:00,67.8
2025-06-12 18:41:00,64.1
2025-06-12 05:46:00,50.475078938135894
2025-06-12 01:08:00,65.7
2025-06-12 04:32:00,94.7
2025-06-12 01:04:00,84.4
2025-06-12 00:30:00,96.6
2025-06-12 15:26:00,92.5
2025-06-12 18:27:00,50.475078938135894
2025-06-12 08:06:00,91.1
2025-06-12 13:13:00,1.1
2025-06-12 11:55:00,76.1
2025-06-12 20:01:00,50.475078938135894
2025-06-12 16:03:00,50.475078938135894
2025-06-12 18:51:00,0.7
2025-06-12 15:58:00,32.9
2025-06-12 21:56:00,55.9
2025-06-12 00:03:00,98.7
2025-06-12 06:06:00,98.0
2025-06-12 00:28:00,90.3
2025-06-12 19:31:00,50.2
2025-06-12 12:46:00,89.9
2025-06-12 19:04:00,50.475078938135894
2025-06-12 04:12:00,50.475078938135894
2025-06-12 06:42:00,61.2
2025-06-12 04:04:00,50.2
2025-06-12 16:52:00,16.3
2025-06-12 19:07:00,71.2
2025-06-12 07:44:00,18.1
2025-06-12 18:24:00,31.2
2025-06-12 09:22:00,87.5
2025-06-12 10:50:00,65.0
2025-06-12 22:41:00,39.3
2025-06-12 01:29:00,9.2
2025-06-12 22:09:00,50.475078938135894
2025-06-12 10:12:00,50.475078938135894
2025-06-12 13:04:00,89.0
2025-06-12 15:23:00,19.9
2025-06-12 22:33:00,98.7
2025-06-12 14:49:00,50.475078938135894
2025-06-12 07:19:00,45.7
2025-06-12 04:59:00,60.1
2025-06-12 13:06:00,69.1
2025-06-12 07:52:00,91.7
2025-06-12 22:16:00,22.0
2025-06-12 18:59:00,53.6
2025-06-12 18:55:00,23.7
2025-06-12 06:17:00,44.2
2025-06-12 05:39:00,12.7
2025-06-12 18:10:00,50.475078938135894
2025-06-12 19:28:00,99.5
2025-06-12 14:00:00,84.5
2025-06-12 00:43:00,67.4
2025-06-12 02:35:00,69.5
2025-06-12 20:18:00,19.9
2025-06-12 23:39:00,99.7
2025-06-12 05:38:00,43.4
2025-06-12 00:30:00,92.3
2025-06-12 17:06:00,81.7
2025-06-12 13:55:00,89.7
2025-06-12 12:32:00,48.1
2025-06-12 20:07:00,50.475078938135894
2025-06-12 06:56:00,7.9
2025-06-12 20:36:00,29.0
2025-06-12 02:44:00,63.2
2025-06-12 11:07:00,50.475078938135894
2025-06-12 12:51:00,53.0
2025-06-12 14:03:00,75.0
2025-06-12 22:38:00,54.2
2025-06-12 10:57:00,19.1
2025-06-12 12:36:00,61.6
2025-06-12 00:42:00,50.475078938135894
2025-06-12 20:51:00,58.1
2025-06-12 04:50:00,5.2
2025-06-12 14:16:00,50.475078938135894
2025-06-12 00:34:00,35.8
2025-06-12 02:42:00,27.4
2025-06-12 05:40:00,84.3
2025-06-12 07:30:00,54.6
2025-06-12 23:45:00,95.1
2025-06-12 04:23:00,45.2
2025-06-12 01:43:00,25.7
2025-06-12 01:15:00,50.475078938135894
2025-06-12 10:51:00,39.5
2025-06-12 15:57:00,74.8
2025-06-12 23:30:00,16.5
2025-06-12 14:18:00,30.5
2025-06-12 06:10:00,64.6
2025-06-12 17:10:00,6.2
2025-06-12 05:39:00,43.3
2025-06-12 16:10:00,37.6
2025-06-12 01:53:00,8.7
2025-06-12 23:43:00,50.475078938135894
2025-06-12 20:30:00,8.8
2025-06-12 06:31:00,38.0
2025-06-12 19:41:00,50.475078938135894
2025-06-12 16:46:00,65.6
2025-06-12 20:37:00,15.1
2025-06-12 14:39:00,38.0
2025-06-12 23:24:00,42.8
2025-06-12 07:34:00,20.3
2025-06-12 02:56:00,45.3
2025-06-12 15:19:00,83.6
2025-06-12 06:55:00,50.475078938135894
2025-06-12 21:12:00,74.9
2025-06-12 21:17:00,12.5
2025-06-12 09:14:00,91.1
2025-06-12 03:24:00,32.9
2025-06-12 05:06:00,53.8
2025-06-12 17:43:00,69.9
2025-06-12 05:47:00,10.6
2025-06-12 14:58:00,36.0
2025-06-12 12:59:00,18.9
2025-06-12 08:02:00,49.4
2025-06-12 13:15:00,50.475078938135894
2025-06-12 09:56:00,50.475078938135894
2025-06-12 22:41:00,29.2
2025-06-12 09:13:00,36.8
2025-06-12 09:13:00,15.6
2025-06-12 04:20:00,50.475078938135894
2025-06-12 09:36:00,3.1
2025-06-12 08:58:00,61.2
2025-06-12 13:56:00,48.1
2025-06-12 22:02:00,24.5
2025-06-12 20:00:00,97.3
2025-06-12 17:08:00,18.0
2025-06-12 02:40:00,72.1
2025-06-12 01:01:00,59.3
2025-06-12 13:47:00,58.5
2025-06-12 00:02:00,50.475078938135894
2025-06-12 01:07:00,75.3
2025-06-12 15:49:00,13.9
2025-06-12 21:37:00,33.0
2025-06-12 20:40:00,98.6
2025-06-12 13:23:00,34.2
2025-06-12 09:36:00,39.7
2025-06-12 09:48:00,12.3
2025-06-12 17:55:00,63.1
2025-06-12 10:55:00,26.4
2025-06-12 07:08:00,79.3
2025-06-12 03:27:00,72.0
2025-06-12 16:13:00,50.475078938135894
2025-06-12 12:50:00,20.8
2025-06-12 21:21:00,50.475078938135894
2025-06-12 09:27:00,42.3
2025-06-12 22:29:00,38.8
2025-06-12 01:00:00,93.1
2025-06-12 05:13:00,40.5
2025-06-12 19:02:00,60.8
2025-06-12 11:58:00,50.475078938135894
2025-06-12 05:32:00,75.4
2025-06-12 10:30:00,47.4
2025-06-12 08:54:00,20.1
2025-06-12 15:13:00,76.9
2025-06-12 23:05:00,10.7
2025-06-12 17:08:00,33.4
2025-06-12 06:45:00,17.1
2025-06-12 19:26:00,21.4
2025-06-12 09:06:00,50.475078938135894
2025-06-12 07:27:00,50.475078938135894
2025-06-12 01:36:00,50.475078938135894
2025-06-12 21:58:00,58.8
2025-06-12 03:20:00,93.5
2025-06-12 17:31:00,97.1
2025-06-12 03:29:00,68.7
2025-06-12 01:09:00,67.5
2025-06-12 09:34:00,93.2
2025-06-12 13:47:00,50.475078938135894
2025-06-12 11:34:00,80.3
2025-06-12 04:15:00,7.5
2025-06-12 19:00:00,79.8
2025-06-12 10:40:00,50.475078938135894
2025-06-12 16:19:00,0.5
2025-06-12 01:28:00,9.4
2025-06-12 06:41:00,21.6
2025-06-12 09:08:00,31.9
2025-06-12 17:01:00,0.9
2025-06-12 07:31:00,55.6
2025-06-12 21:01:00,15.5
2025-06-12 10:21:00,88.8
2025-06-12 05:59:00,29.6
2025-06-12 03:41:00,14.1
2025-06-12 18:52:00,76.1
2025-06-12 13:57:00,19.0
2025-06-12 15:22:00,95.8
2025-06-12 17:29:00,82.3
2025-06-12 09:30:00,35.0
2025-06-12 02:36:00,47.1
2025-06-12 18:59:00,68.9
2025-06-12 04:46:00,99.4
2025-06-12 02:48:00,10.0
2025-06-12 04:41:00,50.475078938135894
2025-06-12 22:08:00,61.3
2025-06-12 12:15:00,63.0
2025-06-12 20:52:00,70.7
2025-06-12 23:08:00,96.0
2025-06-12 12:28:00,50.475078938135894
2025-06-12 02:26:00,86.4
2025-06-12 23:51:00,57.7
2025-06-12 13:26:00,85.2
2025-06-12 17:49:00,59.8
2025-06-12 20:09:00,49.8
2025-06-12 20:09:00,73.2
2025-06-12 03:01:00,30.4
2025-06-12 04:55:00,50.475078938135894
2025-06-12 11:54:00,84.3
2025-06-12 09:47:00,7.4
2025-06-12 08:17:00,59.8
2025-06-12 17:03:00,38.1
2025-06-12 01:46:00,50.475078938135894
2025-06-12 16:46:00,54.9
2025-06-12 15:09:00,50.475078938135894
2025-06-12 05:25:00,11.8
2025-06-12 16:40:00,46.5
2025-06-12 00:47:00,13.6
2025-06-12 17:40:00,13.1
2025-06-12 07:12:00,79.0
2025-06-12 19:47:00,76.2
2025-06-12 09:31:00,11.4
2025-06-12 10:38:00,14.5
2025-06-12 15:12:00,99.2
2025-06-12 13:34:00,0.8
2025-06-12 16:44:00,11.9
2025-06-12 18:16:00,37.2
2025-06-12 19:15:00,33.0
2025-06-12 09:29:00,93.6
2025-06-12 02:14:00,30.8
2025-06-12 08:59:00,37.2
2025-06-12 19:51:00,48.0
2025-06-12 16:05:00,26.0
2025-06-12 00:44:00,4.3
2025-06-12 03:06:00,43.9
2025-06-12 10:56:00,47.8
2025-06-12 22:17:00,57.5
2025-06-12 03:32:00,59.2
2025-06-12 04:03:00,2.4
2025-06-12 01:17:00,58.1
2025-06-12 16:38:00,55.0
2025-06-12 11:38:00,12.0
2025-06-12 23:30:00,89.5
2025-06-12 15:53:00,50.475078938135894
2025-06-12 02:32:00,50.3
2025-06-12 03:29:00,43.1
2025-06-12 08:39:00,20.2
2025-06-12 17:00:00,50.475078938135894
2025-06-12 10:30:00,47.5
2025-06-12 00:05:00,17.6
2025-06-12 10:54:00,50.475078938135894
2025-06-12 04:55:00,31.3
2025-06-12 08:13:00,68.5
2025-06-12 22:32:00,28.4
2025-06-12 13:43:00,49.5
2025-06-12 18:52:00,81.3
2025-06-12 01:30:00,16.0
2025-06-12 12:33:00,64.8
2025-06-12 14:44:00,93.7
2025-06-12 21:48:00,26.9
2025-06-12 07:23:00,41.9
2025-06-12 18:22:00,59.9
2025-06-12 09:28:00,96.0
2025-06-12 14:17:00,76.1
2025-06-12 04:29:00,63.1
2025-06-12 12:14:00,46.4
2025-06-12 13:30:00,45.6
2025-06-12 03:38:00,1.0
2025-06-12 12:36:00,76.8
2025-06-12 06:48:00,88.7
2025-06-12 11:14:00,13.4
2025-06-12 19:17:00,89.5
2025-06-12 13:41:00,53.4
2025-06-12 05:25:00,50.475078938135894
2025-06-12 01:43:00,54.8
2025-06-12 16:29:00,65.2
2025-06-12 03:10:00,59.5
2025-06-12 22:56:00,17.0
2025-06-12 15:34:00,53.7
2025-06-12 22:09:00,63.2
2025-06-12 14:08:00,14.4
2025-06-12 10:36:00,50.475078938135894
2025-06-12 12:30:00,50.475078938135894
2025-06-12 02:11:00,50.475078938135894
2025-06-12 01:15:00,27.1
2025-06-12 01:58:00,77.6
2025-06-12 03:11:00,31.1
2025-06-12 17:08:00,53.3
2025-06-12 07:15:00,64.3
2025-06-12 09:11:00,85.3
2025-06-12 01:15:00,25.6
2025-06-12 21:51:00,82.5
2025-06-12 14:55:00,24.3
2025-06-12 01:09:00,16.8
2025-06-12 21:28:00,75.2
2025-06-12 19:37:00,93.2
2025-06-12 09:20:00,82.1
2025-06-12 00:14:00,50.475078938135894
2025-06-12 15:27:00,80.6
2025-06-12 14:45:00,38.7
2025-06-12 03:33:00,50.1
2025-06-12 13:19:00,65.8
2025-06-12 22:07:00,18.1
2025-06-12 00:00:00,38.5
2025-06-12 01:45:00,21.8
2025-06-12 02:50:00,4.3
2025-06-12 06:19:00,87.1
2025-06-12 02:50:00,12.1
2025-06-12 20:49:00,2.7
2025-06-12 15:47:00,53.8
2025-06-12 22:59:00,50.492298592215775
2025-06-12 04:42:00,65.4
2025-06-12 16:20:00,92.5
2025-06-12 13:49:00,50.492298592215775
2025-06-12 02:49:00,95.3
2025-06-12 16:55:00,15.6
2025-06-12 12:14:00,58.9
2025-06-12 12:46:00,50.492298592215775
2025-06-12 12:40:00,14.5
2025-06-12 15:28:00,46.3
2025-06-12 11:32:00,96.7
2025-06-12 18:19:00,50.492298592215775
2025-06-12 17:59:00,29.7
2025-06-12 22:48:00,73.7
2025-06-12 03:24:00,35.5
2025-06-12 18:53:00,62.6
2025-06-12 12:48:00,63.6
2025-06-12 02:19:00,2.8
2025-06-12 20:27:00,33.7
2025-06-12 04:37:00,59.9
2025-06-12 14:01:00,30.9
2025-06-12 18:53:00,36.5
2025-06-12 15:10:00,7.3
2025-06-12 19:17:00,54.2
2025-06-12 18:07:00,66.3
2025-06-12 07:26:00,78.3
2025-06-12 19:49:00,30.8
2025-06-12 14:14:00,88.2
2025-06-12 12:03:00,60.7
2025-06-12 06:38:00,98.1
2025-06-12 14:23:00,50.492298592215775
2025-06-12 00:28:00,87.6
2025-06-12 14:31:00,19.5
2025-06-12 23:41:00,84.1
2025-06-12 05:50:00,50.492298592215775
2025-06-12 11:16:00,88.3
2025-06-12 09:15:00,45.1
2025-06-12 05:45:00,20.6
2025-06-12 17:16:00,19.1
2025-06-12 01:48:00,69.4
2025-06-12 17:44:00,59.9
2025-06-12 11:21:00,95.3
2025-06-12 00:52:00,51.1
2025-06-12 15:25:00,81.4
2025-06-12 10:24:00,3.9
2025-06-12 22:14:00,37.8
2025-06-12 14:42:00,14.2
2025-06-12 23:49:00,62.9
2025-06-12 02:38:00,82.7
2025-06-12 14:28:00,26.0
2025-06-12 21:05:00,5.9
2025-06-12 03:08:00,50.492298592215775
2025-06-12 17:55:00,36.2
2025-06-12 21:06:00,46.1
2025-06-12 04:26:00,69.9
2025-06-12 08:24:00,50.492298592215775
2025-06-12 23:30:00,72.1
2025-06-12 15:24:00,89.5
2025-06-12 18:56:00,99.8
2025-06-12 16:16:00,95.4
2025-06-12 15:57:00,14.7
2025-06-12 01:31:00,75.4
2025-06-12 12:55:00,10.5
2025-06-12 17:22:00,89.6
2025-06-12 23:07:00,35.6
2025-06-12 15:00:00,17.9
2025-06-12 06:05:00,50.492298592215775
2025-06-12 21:16:00,14.6
2025-06-12 15:08:00,9.7
2025-06-12 09:18:00,25.1
2025-06-12 13:11:00,65.9
2025-06-12 20:39:00,49.6
2025-06-12 15:25:00,20.7
2025-06-12 14:31:00,54.5
2025-06-12 15:26:00,55.6
2025-06-12 02:24:00,70.3
2025-06-12 20:15:00,52.2
2025-06-12 16:13:00,54.1
2025-06-12 08:56:00,39.8
2025-06-12 07:29:00,49.2
2025-06-12 08:50:00,5.1
2025-06-12 13:41:00,36.6
2025-06-12 17:30:00,64.3
2025-06-12 20:15:00,73.9
2025-06-12 10:29:00,57.0
2025-06-12 18:22:00,80.6
2025-06-12 10:18:00,50.492298592215775
2025-06-12 17:06:00,13.5
2025-06-12 14:31:00,27.4
2025-06-12 10:31:00,59.0
2025-06-12 04:12:00,50.492298592215775
2025-06-12 15:46:00,62.7
2025-06-12 20:19:00,24.3
2025-06-12 20:09:00,50.492298592215775
2025-06-12 11:15:00,6.3
2025-06-12 02:00:00,50.492298592215775
2025-06-12 05:51:00,93.7
2025-06-12 10:30:00,38.1
2025-06-12 09:51:00,86.5
2025-06-12 22:25:00,70.1
2025-06-12 15:16:00,32.3
2025-06-12 20:38:00,4.5
2025-06-12 19:31:00,13.8
2025-06-12 20:13:00,50.492298592215775
2025-06-12 06:04:00,73.4
2025-06-12 23:06:00,69.4
2025-06-12 21:51:00,17.2
2025-06-12 22:36:00,79.4
2025-06-12 00:16:00,62.3
2025-06-12 18:15:00,93.8
2025-06-12 01:38:00,99.0
2025-06-12 08:36:00,4.0
2025-06-12 01:46:00,50.492298592215775
2025-06-12 10:20:00,98.5
2025-06-12 19:09:00,76.2
2025-06-12 05:53:00,13.9
2025-06-12 16:42:00,88.3
2025-06-12 03:39:00,83.3
2025-06-12 04:04:00,52.9
2025-06-12 20:59:00,35.9
2025-06-12 15:53:00,31.4
2025-06-12 15:34:00,81.0
2025-06-12 22:57:00,30.2
2025-06-12 09:42:00,6.7
2025-06-12 13:44:00,36.7
2025-06-12 11:44:00,29.9
2025-06-12 07:32:00,71.8
2025-06-12 01:27:00,27.3
2025-06-12 18:45:00,17.9
2025-06-12 16:53:00,87.3
2025-06-12 08:31:00,49.3
2025-06-12 14:51:00,72.1
2025-06-12 15:31:00,37.2
2025-06-12 23:07:00,98.8
2025-06-12 22:30:00,98.5
2025-06-12 14:36:00,82.3
2025-06-12 23:37:00,65.7
2025-06-12 20:45:00,50.492298592215775
2025-06-12 10:58:00,96.0
2025-06-12 15:10:00,84.9
2025-06-12 23:56:00,34.2
2025-06-12 15:18:00,82.6
2025-06-12 10:16:00,79.5
2025-06-12 08:37:00,8.8
2025-06-12 06:52:00,54.5
2025-06-12 08:02:00,79.7
2025-06-12 14:09:00,55.8
2025-06-12 06:59:00,95.8
2025-06-12 01:05:00,87.8
2025-06-12 17:19:00,33.7
2025-06-12 06:41:00,58.4
2025-06-12 06:59:00,38.5
2025-06-12 23:02:00,40.2
2025-06-12 06:12:00,95.4
2025-06-12 22:00:00,62.8
2025-06-12 17:34:00,50.492298592215775
2025-06-12 10:23:00,92.6
2025-06-12 00:36:00,15.5
2025-06-12 16:37:00,50.492298592215775
2025-06-12 06:08:00,50.492298592215775
2025-06-12 03:45:00,22.5
2025-06-12 21:49:00,95.1
2025-06-12 22:20:00,50.492298592215775
2025-06-12 11:34:00,97.4
2025-06-12 16:37:00,50.492298592215775
2025-06-12 14:08:00,50.492298592215775
2025-06-12 09:23:00,47.6
2025-06-12 13:36:00,9.6
2025-06-12 12:44:00,83.8
2025-06-12 08:21:00,80.2
2025-06-12 19:07:00,47.5
2025-06-12 03:21:00,50.492298592215775
2025-06-12 02:51:00,11.7
2025-06-12 08:58:00,50.492298592215775
2025-06-12 07:49:00,50.492298592215775
2025-06-12 18:40:00,61.0
2025-06-12 12:17:00,43.8
2025-06-12 20:47:00,91.9
2025-06-12 15:59:00,59.7
2025-06-12 13:52:00,67.1
2025-06-12 17:13:00,26.7
2025-06-12 07:46:00,73.6
2025-06-12 06:05:00,81.9
2025-06-12 18:22:00,91.1
2025-06-12 04:15:00,50.492298592215775
2025-06-12 09:54:00,79.3
2025-06-12 03:45:00,42.1
2025-06-12 17:33:00,77.7
2025-06-12 11:05:00,97.0
2025-06-12 15:47:00,34.3
2025-06-12 07:50:00,50.492298592215775
2025-06-12 04:34:00,47.8
2025-06-12 08:03:00,48.3
2025-06-12 08:22:00,27.4
2025-06-12 02:30:00,12.2
2025-06-12 05:26:00,59.3
2025-06-12 12:13:00,92.1
2025-06-12 09:25:00,68.2
2025-06-12 08:34:00,41.4
2025-06-12 23:17:00,50.492298592215775
2025-06-12 21:20:00,46.0
2025-06-12 19:14:00,50.492298592215775
2025-06-12 01:32:00,74.0
2025-06-12 01:11:00,34.5
2025-06-12 21:14:00,20.5
2025-06-12 07:41:00,64.8
2025-06-12 20:20:00,42.4
2025-06-12 11:57:00,99.8
2025-06-12 07:16:00,27.6
2025-06-12 12:30:00,4.5
2025-06-12 22:13:00,76.5
2025-06-12 08:52:00,61.6
2025-06-12 04:45:00,72.9
2025-06-12 23:14:00,87.0
2025-06-12 18:02:00,31.2
2025-06-12 10:05:00,91.8
2025-06-12 10:04:00,50.492298592215775
2025-06-12 05:19:00,56.2
2025-06-12 04:36:00,81.1
2025-06-12 19:07:00,42.2
2025-06-12 13:32:00,57.5
2025-06-12 12:21:00,95.8
2025-06-12 10:03:00,39.8
2025-06-12 15:05:00,21.7
2025-06-12 02:44:00,50.492298592215775
2025-06-12 05:45:00,50.492298592215775
2025-06-12 05:12:00,8.0
2025-06-12 19:40:00,84.9
2025-06-12 03:47:00,2.1
2025-06-12 02:12:00,14.7
2025-06-12 01:37:00,82.2
2025-06-12 19:04:00,50.492298592215775
2025-06-12 20:36:00,48.7
2025-06-12 22:39:00,13.9
2025-06-12 07:26:00,16.8
2025-06-12 23:49:00,8.8
2025-06-12 11:48:00,37.7
2025-06-12 21:10:00,29.9
2025-06-12 15:20:00,50.492298592215775
2025-06-12 15:56:00,51.5
2025-06-12 06:58:00,7.8
2025-06-12 16:53:00,9.1
2025-06-12 08:27:00,82.5
2025-06-12 21:19:00,10.4
2025-06-12 07:28:00,11.1
2025-06-12 19:57:00,27.3
2025-06-12 00:35:00,11.6
2025-06-12 20:30:00,50.492298592215775
2025-06-12 02:32:00,78.6
2025-06-12 06:39:00,86.5
2025-06-12 11:24:00,95.4
2025-06-12 13:28:00,0.2
2025-06-12 00:57:00,73.8
2025-06-12 19:34:00,50.492298592215775
2025-06-12 15:04:00,50.492298592215775
2025-06-12 12:45:00,13.3
2025-06-12 16:01:00,50.492298592215775
2025-06-12 11:01:00,47.7
2025-06-12 11:47:00,79.8
2025-06-12 07:49:00,18.9
2025-06-12 01:39:00,45.2
2025-06-12 00:14:00,76.6
2025-06-12 12:16:00,46.5
2025-06-12 00:13:00,50.492298592215775
2025-06-12 21:45:00,34.7
2025-06-12 16:02:00,51.6
2025-06-12 22:06:00,64.1
2025-06-12 12:35:00,7.5
2025-06-12 11:19:00,30.9
2025-06-12 02:41:00,57.6
2025-06-12 07:08:00,36.4
2025-06-12 14:39:00,74.1
2025-06-12 03:12:00,88.5
2025-06-12 06:44:00,95.2
2025-06-12 07:16:00,52.9
2025-06-12 11:18:00,50.492298592215775
2025-06-12 14:14:00,8.0
2025-06-12 10:08:00,18.0
2025-06-12 19:11:00,69.1
2025-06-12 19:06:00,42.6
2025-06-12 20:28:00,4.8
2025-06-12 22:37:00,50.492298592215775
2025-06-12 01:01:00,27.9
2025-06-12 03:21:00,4.4
2025-06-12 12:07:00,5.1
2025-06-12 18:19:00,19.1
2025-06-12 23:41:00,95.6
2025-06-12 19:09:00,91.2
2025-06-12 02:31:00,53.7
2025-06-12 14:00:00,86.2
2025-06-12 12:33:00,69.2
2025-06-12 12:03:00,50.492298592215775
2025-06-12 03:17:00,50.492298592215775
2025-06-12 00:58:00,69.7
2025-06-12 16:19:00,50.492298592215775
2025-06-12 07:19:00,44.2
2025-06-12 02:05:00,67.3
2025-06-12 09:39:00,68.9
2025-06-12 22:38:00,64.3
2025-06-12 16:08:00,71.8
2025-06-12 05:53:00,2.5
2025-06-12 16:27:00,12.7
2025-06-12 03:38:00,88.8
2025-06-12 04:04:00,68.8
2025-06-12 15:16:00,48.7
2025-06-12 21:56:00,50.492298592215775
2025-06-12 20:26:00,0.9
2025-06-12 08:35:00,58.4
2025-06-12 11:01:00,32.4
2025-06-12 03:52:00,26.8
2025-06-12 17:38:00,50.492298592215775
2025-06-12 19:19:00,27.3
2025-06-12 07:28:00,50.492298592215775
2025-06-12 16:08:00,25.9
2025-06-12 06:32:00,50.492298592215775
2025-06-12 20:09:00,86.1
2025-06-12 06:12:00,84.8
2025-06-12 21:55:00,50.492298592215775
2025-06-12 03:04:00,76.7
2025-06-12 09:52:00,4.7
2025-06-12 14:09:00,60.1
2025-06-12 01:06:00,46.0
2025-06-12 18:56:00,53.5
2025-06-12 21:41:00,83.4
2025-06-12 10:25:00,42.3
2025-06-12 07:31:00,88.5
2025-06-12 21:37:00,20.5
2025-06-12 02:00:00,74.1
2025-06-12 01:02:00,77.4
2025-06-12 03:37:00,8.6
2025-06-12 01:38:00,86.1
2025-06-12 17:15:00,95.0
2025-06-12 23:26:00,50.492298592215775
2025-06-12 14:12:00,50.492298592215775
2025-06-12 16:56:00,88.5
2025-06-12 18:07:00,15.4
2025-06-12 12:39:00,61.5
2025-06-12 14:11:00,69.6
2025-06-12 11:17:00,91.1
2025-06-12 01:31:00,83.4
2025-06-12 06:51:00,91.8
2025-06-12 17:37:00,99.8
2025-06-12 10:18:00,97.9
2025-06-12 14:19:00,17.0
2025-06-12 01:16:00,52.2
2025-06-12 19:59:00,22.9
2025-06-12 13:40:00,89.4
2025-06-12 04:56:00,50.492298592215775
2025-06-12 03:40:00,87.5
2025-06-12 08:03:00,28.4
2025-06-12 05:47:00,65.8
2025-06-12 15:37:00,50.492298592215775
2025-06-12 02:47:00,27.9
2025-06-12 10:32:00,50.8
2025-06-12 11:29:00,27.6
2025-06-12 02:06:00,3.7
2025-06-12 17:04:00,80.8
2025-06-12 01:35:00,50.492298592215775
2025-06-12 14:29:00,64.2
2025-06-12 14:58:00,74.3
2025-06-12 19:55:00,50.190676567656766
2025-06-12 09:24:00,73.7
2025-06-12 20:19:00,50.190676567656766
2025-06-12 02:35:00,50.190676567656766
2025-06-12 06:38:00,11.2
2025-06-12 13:05:00,18.5
2025-06-12 06:41:00,95.7
2025-06-12 05:04:00,98.7
2025-06-12 17:06:00,9.3
2025-06-12 13:44:00,14.4
2025-06-12 00:02:00,81.0
2025-06-12 18:42:00,39.7
2025-06-12 02:55:00,20.2
2025-06-12 17:18:00,19.1
2025-06-12 13:42:00,68.4
2025-06-12 12:05:00,2.0
2025-06-12 23:55:00,50.190676567656766
2025-06-12 15:15:00,32.2
2025-06-12 18:02:00,49.3
2025-06-12 03:51:00,50.190676567656766
2025-06-12 09:17:00,50.190676567656766
2025-06-12 22:24:00,15.5
2025-06-12 04:38:00,51.7
2025-06-12 09:31:00,22.5
2025-06-12 16:17:00,17.3
2025-06-12 13:01:00,68.5
2025-06-12 07:21:00,60.8
2025-06-12 19:41:00,27.9
2025-06-12 02:42:00,20.4
2025-06-12 00:37:00,36.2
2025-06-12 23:09:00,61.4
2025-06-12 09:00:00,92.0
2025-06-12 00:11:00,16.9
2025-06-12 11:11:00,25.7
2025-06-12 22:27:00,5.3
2025-06-12 15:31:00,41.6
2025-06-12 16:53:00,74.8
2025-06-12 14:52:00,2.1
2025-06-12 09:04:00,50.190676567656766
2025-06-12 14:04:00,88.5
2025-06-12 11:24:00,36.7
2025-06-12 21:50:00,39.7
2025-06-12 04:57:00,50.190676567656766
2025-06-12 18:10:00,58.1
2025-06-12 07:24:00,99.2
2025-06-12 04:35:00,21.8
2025-06-12 04:04:00,15.0
2025-06-12 03:18:00,56.9
2025-06-12 19:58:00,19.2
2025-06-12 10:54:00,50.190676567656766
2025-06-12 04:36:00,50.190676567656766
2025-06-12 14:08:00,50.190676567656766
2025-06-12 18:03:00,88.7
2025-06-12 01:49:00,14.7
2025-06-12 03:52:00,22.3
2025-06-12 00:40:00,17.2
2025-06-12 13:40:00,50.190676567656766
2025-06-12 18:18:00,73.6
2025-06-12 15:53:00,47.6
2025-06-12 15:11:00,66.8
2025-06-12 17:19:00,72.0
2025-06-12 05:07:00,9.4
2025-06-12 18:21:00,89.6
2025-06-12 15:54:00,30.5
2025-06-12 01:26:00,50.190676567656766
2025-06-12 01:51:00,43.0
2025-06-12 20:30:00,51.3
2025-06-12 07:49:00,74.2
2025-06-12 05:45:00,9.7
2025-06-12 21:35:00,50.190676567656766
2025-06-12 10:34:00,50.190676567656766
2025-06-12 19:08:00,54.4
2025-06-12 01:08:00,75.3
2025-06-12 00:02:00,18.6
2025-06-12 11:55:00,50.190676567656766
2025-06-12 08:32:00,0.1
2025-06-12 08:24:00,25.9
2025-06-12 00:43:00,1.5
2025-06-12 23:55:00,87.0
2025-06-12 21:07:00,22.1
2025-06-12 13:18:00,1.6
2025-06-12 05:19:00,50.190676567656766
2025-06-12 03:04:00,83.6
2025-06-12 23:03:00,50.190676567656766
2025-06-12 14:48:00,50.190676567656766
2025-06-12 00:32:00,29.0
2025-06-12 22:57:00,82.9
2025-06-12 16:59:00,44.6
2025-06-12 07:12:00,52.9
2025-06-12 12:57:00,50.8
2025-06-12 04:17:00,46.1
2025-06-12 09:10:00,13.0
2025-06-12 14:45:00,62.8
2025-06-12 18:40:00,82.6
2025-06-12 15:36:00,98.7
2025-06-12 15:41:00,19.2
2025-06-12 03:50:00,24.1
2025-06-12 18:09:00,50.190676567656766
2025-06-12 22:30:00,50.190676567656766
2025-06-12 04:34:00,50.190676567656766
2025-06-12 21:29:00,44.9
2025-06-12 14:39:00,75.1
2025-06-12 11:22:00,5.8
2025-06-12 00:50:00,95.3
2025-06-12 06:50:00,52.7
2025-06-12 15:33:00,50.190676567656766
2025-06-12 03:34:00,50.190676567656766
2025-06-12 20:50:00,83.0
2025-06-12 09:50:00,97.2
2025-06-12 14:22:00,95.0
2025-06-12 12:53:00,50.190676567656766
2025-06-12 12:25:00,13.3
2025-06-12 20:39:00,18.1
2025-06-12 22:36:00,25.5
2025-06-12 22:52:00,35.9
2025-06-12 05:38:00,88.0
2025-06-12 01:52:00,83.9
2025-06-12 07:18:00,40.0
2025-06-12 10:03:00,56.6
2025-06-12 06:57:00,50.190676567656766
2025-06-12 08:57:00,24.8
2025-06-12 09:44:00,89.7
2025-06-12 00:01:00,50.190676567656766
2025-06-12 05:58:00,32.4
2025-06-12 08:59:00,35.9
2025-06-12 00:35:00,76.4
2025-06-12 06:37:00,50.190676567656766
2025-06-12 17:27:00,50.190676567656766
2025-06-12 20:58:00,50.190676567656766
2025-06-12 02:44:00,34.9
2025-06-12 14:55:00,92.7
2025-06-12 07:24:00,54.4
2025-06-12 20:35:00,50.190676567656766
2025-06-12 09:26:00,94.3
2025-06-12 23:36:00,22.4
2025-06-12 15:12:00,66.7
2025-06-12 19:54:00,68.7
2025-06-12 12:10:00,20.1
2025-06-12 23:44:00,59.0
2025-06-12 13:34:00,29.7
2025-06-12 19:18:00,35.5
2025-06-12 19:43:00,42.2
2025-06-12 06:49:00,50.190676567656766
2025-06-12 07:47:00,61.6
2025-06-12 07:02:00,21.0
2025-06-12 23:03:00,5.2
2025-06-12 03:50:00,37.6
2025-06-12 01:34:00,42.4
2025-06-12 21:24:00,89.2
2025-06-12 09:29:00,21.6
2025-06-12 18:25:00,62.9
2025-06-12 10:19:00,32.4
2025-06-12 17:58:00,31.3
2025-06-12 13:15:00,50.190676567656766
2025-06-12 22:16:00,50.190676567656766
2025-06-12 10:39:00,50.190676567656766
2025-06-12 20:35:00,26.6
2025-06-12 13:19:00,94.2
2025-06-12 20:10:00,51.8
2025-06-12 05:28:00,14.2
2025-06-12 20:04:00,90.7
2025-06-12 03:54:00,95.1
2025-06-12 04:04:00,71.0
2025-06-12 17:03:00,63.6
2025-06-12 04:23:00,9.9
2025-06-12 19:17:00,19.8
2025-06-12 11:15:00,60.6
2025-06-12 05:55:00,36.6
2025-06-12 03:19:00,66.6
2025-06-12 17:42:00,94.2
2025-06-12 10:21:00,50.190676567656766
2025-06-12 07:16:00,9.7
2025-06-12 14:23:00,51.6
2025-06-12 07:38:00,50.190676567656766
2025-06-12 03:27:00,43.1
2025-06-12 08:31:00,61.8
2025-06-12 01:35:00,54.3
2025-06-12 03:48:00,50.190676567656766
2025-06-12 02:56:00,95.7
2025-06-12 08:45:00,50.190676567656766
2025-06-12 02:29:00,8.5
2025-06-12 19:19:00,19.9
2025-06-12 05:03:00,13.8
2025-06-12 19:05:00,50.190676567656766
2025-06-12 23:46:00,50.190676567656766
2025-06-12 21:57:00,45.6
2025-06-12 04:16:00,17.8
2025-06-12 03:21:00,48.8
2025-06-12 17:23:00,48.8
2025-06-12 06:29:00,5.0
2025-06-12 05:51:00,50.190676567656766
2025-06-12 03:05:00,92.8
2025-06-12 03:11:00,45.8
2025-06-12 16:00:00,50.190676567656766
2025-06-12 16:03:00,25.6
2025-06-12 01:19:00,83.1
2025-06-12 15:10:00,39.9
2025-06-12 22:24:00,49.9
2025-06-12 11:54:00,87.0
2025-06-12 17:57:00,8.1
2025-06-12 07:34:00,13.0
2025-06-12 07:37:00,2.1
2025-06-12 03:07:00,50.190676567656766
2025-06-12 00:37:00,86.0
2025-06-12 10:32:00,57.0
2025-06-12 06:54:00,80.7
2025-06-12 02:59:00,15.1
2025-06-12 21:36:00,11.4
2025-06-12 08:23:00,18.8
2025-06-12 18:10:00,50.190676567656766
2025-06-12 17:39:00,50.7
2025-06-12 11:20:00,50.190676567656766
2025-06-12 20:13:00,88.1
2025-06-12 10:24:00,9.8
2025-06-12 17:24:00,88.3
2025-06-12 02:39:00,69.7
2025-06-12 09:33:00,29.2
2025-06-12 04:16:00,96.9
2025-06-12 10:51:00,82.3
2025-06-12 16:55:00,80.7
2025-06-12 22:27:00,78.1
2025-06-12 07:06:00,74.0
2025-06-12 17:30:00,100.0
2025-06-12 12:49:00,46.8
2025-06-12 17:23:00,12.3
2025-06-12 13:03:00,67.6
2025-06-12 08:34:00,50.190676567656766
2025-06-12 00:07:00,89.2
2025-06-12 11:47:00,10.3
2025-06-12 13:41:00,40.3
2025-06-12 13:04:00,43.5
2025-06-12 08:19:00,19.5
2025-06-12 23:48:00,50.190676567656766
2025-06-12 07:49:00,50.190676567656766
2025-06-12 12:29:00,98.2
2025-06-12 11:33:00,64.5
2025-06-12 14:45:00,58.9
2025-06-12 13:17:00,20.8
2025-06-12 11:25:00,50.190676567656766
2025-06-12 21:20:00,24.0
2025-06-12 12:59:00,50.190676567656766
2025-06-12 14:39:00,97.4
2025-06-12 20:53:00,43.0
2025-06-12 21:49:00,45.9
2025-06-12 23:09:00,4.3
2025-06-12 15:50:00,50.190676567656766
2025-06-12 10:18:00,80.6
2025-06-12 09:06:00,95.1
2025-06-12 00:42:00,24.1
2025-06-12 19:08:00,50.190676567656766
2025-06-12 04:08:00,30.7
2025-06-12 05:02:00,33.9
2025-06-12 03:18:00,57.2
2025-06-12 06:39:00,4.9
2025-06-12 07:16:00,86.7
2025-06-12 07:15:00,46.7
2025-06-12 18:55:00,19.7
2025-06-12 21:30:00,69.0
2025-06-12 10:45:00,31.2
2025-06-12 13:40:00,91.6
2025-06-12 09:27:00,50.190676567656766
2025-06-12 06:55:00,57.3
2025-06-12 05:02:00,14.2
2025-06-12 09:51:00,62.2
2025-06-12 00:53:00,13.0
2025-06-12 20:27:00,98.3
2025-06-12 17:05:00,5.0
2025-06-12 12:33:00,58.0
2025-06-12 13:51:00,80.2
2025-06-12 14:24:00,2.8
2025-06-12 01:48:00,14.2
2025-06-12 19:39:00,32.4
2025-06-12 03:35:00,97.0
2025-06-12 08:22:00,50.190676567656766
2025-06-12 06:35:00,51.0
2025-06-12 15:12:00,20.0
2025-06-12 11:51:00,57.4
2025-06-12 19:21:00,29.4
2025-06-12 14:40:00,3.8
2025-06-12 17:53:00,18.1
2025-06-12 17:29:00,50.190676567656766
2025-06-12 22:27:00,48.7
2025-06-12 04:11:00,4.6
2025-06-12 19:41:00,88.7
2025-06-12 00:06:00,25.8
2025-06-12 05:13:00,14.6
2025-06-12 03:12:00,96.5
2025-06-12 03:48:00,45.3
2025-06-12 13:49:00,34.4
2025-06-12 06:25:00,59.3
2025-06-12 12:53:00,47.1
2025-06-12 23:42:00,42.5
2025-06-12 12:56:00,25.1
2025-06-12 21:28:00,50.8
2025-06-12 22:00:00,50.7
2025-06-12 08:57:00,15.3
2025-06-12 22:00:00,97.5
2025-06-12 10:18:00,50.190676567656766
2025-06-12 02:11:00,7.3
2025-06-12 19:28:00,50.190676567656766
2025-06-12 02:59:00,61.0
2025-06-12 11:43:00,54.3
2025-06-12 21:23:00,81.2
2025-06-12 23:04:00,29.8
2025-06-12 03:47:00,13.3
2025-06-12 00:10:00,10.7
2025-06-12 09:41:00,15.8
2025-06-12 16:59:00,5.8
2025-06-12 17:37:00,60.5
2025-06-12 11:46:00,95.9
2025-06-12 10:46:00,28.4
2025-06-12 00:56:00,50.190676567656766
2025-06-12 08:28:00,60.6
2025-06-12 09:35:00,33.6
2025-06-12 21:07:00,16.5
2025-06-12 14:50:00,86.8
2025-06-12 19:17:00,75.9
2025-06-12 05:53:00,12.4
2025-06-12 02:34:00,96.2
2025-06-12 12:45:00,4.4
2025-06-12 17:21:00,53.2
2025-06-12 02:31:00,60.6
2025-06-12 17:09:00,34.0
2025-06-12 07:11:00,7.4
2025-06-12 03:16:00,54.0
2025-06-12 07:11:00,50.190676567656766
2025-06-12 15:29:00,50.190676567656766
2025-06-12 18:29:00,40.9
2025-06-12 16:33:00,52.3
2025-06-12 05:06:00,22.1
2025-06-12 01:58:00,97.9
2025-06-12 15:33:00,65.3
2025-06-12 17:35:00,78.8
2025-06-12 11:31:00,6.6
2025-06-12 22:54:00,27.2
2025-06-12 06:14:00,66.0
2025-06-12 03:22:00,36.0
2025-06-12 15:15:00,74.5
2025-06-12 04:41:00,91.0
2025-06-12 07:33:00,49.0
2025-06-12 21:18:00,65.7
2025-06-12 10:34:00,18.3
2025-06-12 16:50:00,50.190676567656766
2025-06-12 20:54:00,99.9
2025-06-12 21:36:00,15.7
2025-06-12 02:42:00,23.7
2025-06-12 13:17:00,19.0
2025-06-12 18:07:00,49.69925181201777
2025-06-12 01:02:00,13.4
2025-06-12 01:29:00,58.5
2025-06-12 11:59:00,99.1
2025-06-12 17:44:00,17.3
2025-06-12 20:25:00,49.69925181201777
2025-06-12 09:33:00,42.7
2025-06-12 22:28:00,28.6
2025-06-12 19:53:00,49.69925181201777
2025-06-12 17:03:00,0.2
2025-06-12 08:49:00,1.9
2025-06-12 19:25:00,63.5
2025-06-12 10:56:00,96.5
2025-06-12 16:19:00,49.69925181201777
2025-06-12 20:04:00,76.2
2025-06-12 22:53:00,49.69925181201777
2025-06-12 20:31:00,69.7
2025-06-12 01:09:00,6.0
2025-06-12 15:12:00,47.5
2025-06-12 05:00:00,49.69925181201777
2025-06-12 07:26:00,29.5
2025-06-12 02:13:00,0.8
2025-06-12 16:35:00,44.7
2025-06-12 23:17:00,31.7
2025-06-12 02:51:00,61.3
2025-06-12 20:27:00,21.9
2025-06-12 12:18:00,49.3
2025-06-12 14:27:00,48.8
2025-06-12 09:54:00,66.3
2025-06-12 11:03:00,50.4
2025-06-12 09:06:00,94.6
2025-06-12 02:36:00,20.1
2025-06-12 20:22:00,36.8
2025-06-12 17:28:00,49.69925181201777
2025-06-12 21:37:00,23.2
2025-06-12 20:00:00,76.5
2025-06-12 23:53:00,18.1
2025-06-12 08:53:00,100.0
2025-06-12 16:47:00,71.1
2025-06-12 14:50:00,87.0
2025-06-12 15:28:00,69.4
2025-06-12 19:32:00,36.3
2025-06-12 13:07:00,86.8
2025-06-12 15:16:00,20.1
2025-06-12 07:27:00,35.3
2025-06-12 06:10:00,49.69925181201777
2025-06-12 21:18:00,18.6
2025-06-12 23:50:00,65.9
2025-06-12 08:44:00,84.8
2025-06-12 16:05:00,89.6
2025-06-12 15:58:00,25.0
2025-06-12 01:17:00,17.8
2025-06-12 22:43:00,51.2
2025-06-12 07:17:00,49.69925181201777
2025-06-12 20:08:00,41.0
2025-06-12 11:50:00,49.9
2025-06-12 21:38:00,4.7
2025-06-12 04:18:00,79.4
2025-06-12 13:33:00,92.6
2025-06-12 08:22:00,29.4
2025-06-12 14:40:00,8.6
2025-06-12 04:04:00,70.5
2025-06-12 01:41:00,85.2
2025-06-12 19:04:00,4.1
2025-06-12 23:03:00,49.69925181201777
2025-06-12 14:25:00,23.8
2025-06-12 01:12:00,15.0
2025-06-12 05:56:00,45.3
2025-06-12 20:42:00,48.9
2025-06-12 22:18:00,30.2
2025-06-12 14:26:00,34.1
2025-06-12 22:22:00,29.0
2025-06-12 17:46:00,78.2
2025-06-12 12:56:00,80.6
2025-06-12 01:00:00,8.8
2025-06-12 23:41:00,98.9
2025-06-12 06:12:00,49.69925181201777
2025-06-12 02:53:00,41.6
2025-06-12 13:53:00,53.2
2025-06-12 11:49:00,10.0
2025-06-12 22:22:00,21.2
2025-06-12 02:46:00,24.3
2025-06-12 21:44:00,28.1
2025-06-12 19:05:00,40.0
2025-06-12 06:30:00,60.6
2025-06-12 03:08:00,26.1
2025-06-12 17:13:00,1.1
2025-06-12 16:58:00,43.4
2025-06-12 03:12:00,29.6
2025-06-12 03:56:00,81.8
2025-06-12 20:08:00,49.69925181201777
2025-06-12 21:25:00,90.2
2025-06-12 06:29:00,49.69925181201777
2025-06-12 10:35:00,63.0
2025-06-12 10:25:00,30.2
2025-06-12 04:53:00,60.0
2025-06-12 22:43:00,90.8
2025-06-12 18:13:00,86.4
2025-06-12 13:37:00,79.2
2025-06-12 03:36:00,49.69925181201777
2025-06-12 09:09:00,26.1
2025-06-12 03:07:00,64.0
2025-06-12 10:33:00,47.0
2025-06-12 19:58:00,39.7
2025-06-12 12:44:00,49.69925181201777
2025-06-12 16:26:00,68.5
2025-06-12 01:39:00,81.5
2025-06-12 22:32:00,42.8
2025-06-12 15:22:00,26.9
2025-06-12 02:15:00,49.69925181201777
2025-06-12 23:34:00,29.5
2025-06-12 04:14:00,26.5
2025-06-12 07:39:00,58.1
2025-06-12 05:22:00,49.69925181201777
2025-06-12 22:30:00,60.1
2025-06-12 17:28:00,63.9
2025-06-12 20:08:00,98.6
2025-06-12 20:35:00,86.2
2025-06-12 01:04:00,69.4
2025-06-12 04:48:00,59.6
2025-06-12 20:55:00,98.2
2025-06-12 11:41:00,49.69925181201777
2025-06-12 04:34:00,17.0
2025-06-12 18:58:00,25.6
2025-06-12 17:58:00,91.0
2025-06-12 03:04:00,79.8
2025-06-12 22:49:00,10.9
2025-06-12 08:26:00,45.2
2025-06-12 02:47:00,64.4
2025-06-12 10:25:00,49.69925181201777
2025-06-12 04:01:00,61.5
2025-06-12 04:36:00,43.4
2025-06-12 14:18:00,49.69925181201777
2025-06-12 07:41:00,13.1
2025-06-12 01:23:00,98.6
2025-06-12 14:47:00,68.5
2025-06-12 13:03:00,25.2
2025-06-12 16:43:00,12.2
2025-06-12 06:12:00,72.2
2025-06-12 18:48:00,71.6
2025-06-12 06:54:00,60.6
2025-06-12 22:30:00,67.5
2025-06-12 16:58:00,73.8
2025-06-12 19:15:00,13.9
2025-06-12 19:33:00,49.69925181201777
2025-06-12 19:36:00,0.7
2025-06-12 01:02:00,23.0
2025-06-12 11:07:00,85.0
2025-06-12 19:23:00,49.69925181201777
2025-06-12 11:11:00,68.8
2025-06-12 17:48:00,95.6
2025-06-12 04:22:00,61.0
2025-06-12 09:12:00,24.1
2025-06-12 11:34:00,79.7
2025-06-12 15:46:00,27.7
2025-06-12 08:15:00,49.69925181201777
2025-06-12 17:40:00,41.7
2025-06-12 22:20:00,37.6
2025-06-12 11:54:00,94.2
2025-06-12 17:18:00,24.7
2025-06-12 16:22:00,49.69925181201777
2025-06-12 22:50:00,65.3
2025-06-12 01:40:00,95.9
2025-06-12 04:46:00,49.69925181201777
2025-06-12 14:04:00,49.69925181201777
2025-06-12 20:45:00,45.0
2025-06-12 10:38:00,22.2
2025-06-12 04:16:00,49.69925181201777
2025-06-12 06:07:00,10.9
2025-06-12 07:20:00,71.9
2025-06-12 23:49:00,87.7
2025-06-12 15:58:00,74.1
2025-06-12 13:12:00,99.1
2025-06-12 15:20:00,45.9
2025-06-12 01:30:00,54.2
2025-06-12 01:01:00,50.6
2025-06-12 05:41:00,50.8
2025-06-12 22:20:00,49.69925181201777
2025-06-12 04:58:00,51.8
2025-06-12 22:08:00,53.8
2025-06-12 05:49:00,53.6
2025-06-12 01:51:00,49.69925181201777
2025-06-12 12:33:00,11.9
2025-06-12 22:26:00,36.4
2025-06-12 22:43:00,8.2
2025-06-12 11:27:00,83.9
2025-06-12 12:02:00,19.2
2025-06-12 07:21:00,70.3
2025-06-12 21:05:00,94.9
2025-06-12 19:02:00,95.7
2025-06-12 11:36:00,49.69925181201777
2025-06-12 11:46:00,26.9
2025-06-12 02:30:00,90.0
2025-06-12 11:30:00,61.2
2025-06-12 04:09:00,9.6
2025-06-12 16:20:00,38.5
2025-06-12 00:03:00,61.7
2025-06-12 10:02:00,93.1
2025-06-12 21:17:00,94.9
2025-06-12 18:35:00,49.69925181201777
2025-06-12 04:29:00,55.5
2025-06-12 17:56:00,49.69925181201777
2025-06-12 20:03:00,96.3
2025-06-12 08:11:00,38.6
2025-06-12 17:42:00,47.7
2025-06-12 08:32:00,49.69925181201777
2025-06-12 07:20:00,53.8
2025-06-12 15:04:00,60.4
2025-06-12 09:18:00,49.69925181201777
2025-06-12 02:22:00,28.7
2025-06-12 23:23:00,33.9
2025-06-12 11:11:00,83.6
2025-06-12 13:54:00,73.6
2025-06-12 03:02:00,87.7
2025-06-12 17:43:00,99.0
2025-06-12 03:36:00,52.7
2025-06-12 17:26:00,56.4
2025-06-12 06:14:00,9.9
2025-06-12 16:39:00,69.5
2025-06-12 18:53:00,78.5
2025-06-12 19:55:00,82.9
2025-06-12 17:56:00,56.9
2025-06-12 16:29:00,45.1
2025-06-12 09:20:00,58.0
2025-06-12 01:30:00,39.3
2025-06-12 03:09:00,52.5
2025-06-12 06:27:00,76.8
2025-06-12 14:08:00,14.6
2025-06-12 01:33:00,18.1
2025-06-12 19:36:00,49.69925181201777
2025-06-12 08:03:00,0.4
2025-06-12 06:35:00,74.1
2025-06-12 03:50:00,79.3
2025-06-12 02:11:00,96.5
2025-06-12 04:59:00,87.6
2025-06-12 14:22:00,46.5
2025-06-12 06:56:00,99.4
2025-06-12 05:09:00,49.69925181201777
2025-06-12 23:41:00,71.4
2025-06-12 16:19:00,49.69925181201777
2025-06-12 01:57:00,2.8
2025-06-12 15:38:00,49.69925181201777
2025-06-12 15:55:00,49.69925181201777
2025-06-12 14:58:00,57.3
2025-06-12 05:23:00,67.7
2025-06-12 22:17:00,6.6
2025-06-12 04:20:00,69.4
2025-06-12 16:37:00,35.2
2025-06-12 07:43:00,63.8
2025-06-12 15:00:00,5.5
2025-06-12 14:35:00,67.1
2025-06-12 12:56:00,37.5
2025-06-12 17:48:00,16.9
2025-06-12 07:13:00,69.7
2025-06-12 00:08:00,83.9
2025-06-12 01:47:00,4.3
2025-06-12 22:41:00,22.2
2025-06-12 16:38:00,50.2
2025-06-12 23:01:00,19.4
2025-06-12 22:06:00,88.1
2025-06-12 03:36:00,70.6
2025-06-12 17:18:00,48.0
2025-06-12 23:49:00,54.8
2025-06-12 15:54:00,35.4
2025-06-12 01:39:00,53.5
2025-06-12 01:04:00,82.0
2025-06-12 15:30:00,36.5
2025-06-12 06:11:00,18.6
2025-06-12 22:39:00,58.2
2025-06-12 11:42:00,23.5
2025-06-12 05:59:00,3.2
2025-06-12 10:34:00,75.5
2025-06-12 01:16:00,49.69925181201777
2025-06-12 04:01:00,17.5
2025-06-12 08:11:00,76.1
2025-06-12 07:31:00,49.69925181201777
2025-06-12 17:05:00,27.8
2025-06-12 02:15:00,25.0
2025-06-12 23:53:00,49.69925181201777
2025-06-12 06:32:00,93.6
2025-06-12 18:55:00,6.4
2025-06-12 11:05:00,42.0
2025-06-12 15:08:00,49.69925181201777
2025-06-12 11:56:00,44.1
2025-06-12 09:24:00,69.6
2025-06-12 22:39:00,96.4
2025-06-12 08:17:00,28.3
2025-06-12 08:41:00,49.69925181201777
2025-06-12 17:49:00,61.2
2025-06-12 10:48:00,83.6
2025-06-12 04:25:00,34.4
2025-06-12 10:34:00,49.69925181201777
2025-06-12 17:39:00,24.1
2025-06-12 00:47:00,79.0
2025-06-12 03:52:00,18.3
2025-06-12 12:55:00,49.69925181201777
2025-06-12 13:40:00,83.0
2025-06-12 18:16:00,84.2
2025-06-12 19:38:00,72.4
2025-06-12 13:16:00,85.6
2025-06-12 05:01:00,2.7
2025-06-12 10:16:00,9.8
2025-06-12 11:39:00,1.7
2025-06-12 10:45:00,63.2
2025-06-12 14:46:00,74.5
2025-06-12 07:56:00,9.6
2025-06-12 14:41:00,85.5
2025-06-12 20:35:00,93.5
2025-06-12 23:57:00,97.7
2025-06-12 15:56:00,9.7
2025-06-12 03:54:00,22.1
2025-06-12 02:30:00,49.69925181201777
2025-06-12 08:28:00,18.7
2025-06-12 20:14:00,1.7
2025-06-12 02:06:00,8.5
2025-06-12 05:10:00,39.8
2025-06-12 08:19:00,79.3
2025-06-12 12:33:00,92.1
2025-06-12 17:41:00,18.2
2025-06-12 02:19:00,86.6
2025-06-12 17:19:00,49.69925181201777
2025-06-12 20:14:00,61.6
2025-06-12 16:08:00,82.5
2025-06-12 09:37:00,91.4
2025-06-12 15:02:00,54.1
2025-06-12 19:27:00,49.69925181201777
2025-06-12 18:47:00,97.5
2025-06-12 01:16:00,10.7
2025-06-12 15:00:00,29.0
2025-06-12 14:02:00,27.7
2025-06-12 01:29:00,49.69925181201777
2025-06-12 13:10:00,11.8
2025-06-12 12:27:00,30.6
2025-06-12 22:40:00,29.7
2025-06-12 08:11:00,20.8
2025-06-12 11:20:00,61.8
2025-06-12 08:53:00,74.9
2025-06-12 15:22:00,92.7
2025-06-12 14:58:00,20.4
2025-06-12 10:47:00,46.5
2025-06-12 18:37:00,50.9
2025-06-12 12:31:00,49.69925181201777
2025-06-12 16:22:00,71.3
2025-06-12 12:53:00,49.69925181201777
2025-06-12 00:17:00,4.1
2025-06-12 19:52:00,33.4
2025-06-12 15:45:00,81.9
2025-06-12 13:15:00,48.5
2025-06-12 16:04:00,87.9
2025-06-12 20:44:00,65.2
2025-06-12 23:35:00,8.1
2025-06-12 05:05:00,67.1
2025-06-12 00:36:00,98.8
2025-06-12 02:31:00,39.6
2025-06-12 19:14:00,50.15234640140434
2025-06-12 05:52:00,83.9
2025-06-12 18:40:00,11.3
2025-06-12 09:54:00,21.8
2025-06-12 14:14:00,94.8
2025-06-12 05:54:00,4.5
2025-06-12 18:17:00,50.15234640140434
2025-06-12 11:11:00,8.0
2025-06-12 13:54:00,36.6
2025-06-12 14:27:00,67.6
2025-06-12 06:49:00,50.15234640140434
2025-06-12 14:35:00,88.8
2025-06-12 18:56:00,57.9
2025-06-12 23:18:00,82.4
2025-06-12 23:50:00,42.8
2025-06-12 18:18:00,5.6
2025-06-12 06:48:00,50.15234640140434
2025-06-12 21:48:00,50.15234640140434
2025-06-12 15:33:00,67.3
2025-06-12 10:10:00,61.4
2025-06-12 22:32:00,71.9
2025-06-12 11:37:00,14.7
2025-06-12 11:24:00,65.7
2025-06-12 20:05:00,9.6
2025-06-12 05:29:00,16.9
2025-06-12 02:20:00,12.8
2025-06-12 15:33:00,59.6
2025-06-12 18:32:00,10.4
2025-06-12 23:22:00,49.3
2025-06-12 11:16:00,50.15234640140434
2025-06-12 13:37:00,58.7
2025-06-12 12:27:00,59.0
2025-06-12 05:46:00,33.5
2025-06-12 12:49:00,50.15234640140434
2025-06-12 16:04:00,22.2
2025-06-12 09:40:00,50.15234640140434
2025-06-12 17:25:00,67.9
2025-06-12 18:49:00,72.3
2025-06-12 15:24:00,16.4
2025-06-12 23:36:00,35.9
2025-06-12 22:53:00,4.5
2025-06-12 15:13:00,39.8
2025-06-12 13:26:00,83.4
2025-06-12 16:57:00,90.5
2025-06-12 21:13:00,78.4
2025-06-12 16:29:00,35.5
2025-06-12 19:36:00,97.3
2025-06-12 14:09:00,50.15234640140434
2025-06-12 12:08:00,50.7
2025-06-12 13:58:00,71.8
2025-06-12 08:09:00,47.4
2025-06-12 23:01:00,89.5
2025-06-12 21:53:00,93.1
2025-06-12 07:09:00,61.0
2025-06-12 23:15:00,50.15234640140434
2025-06-12 02:59:00,50.15234640140434
2025-06-12 04:36:00,43.4
2025-06-12 01:57:00,68.6
2025-06-12 15:31:00,50.15234640140434
2025-06-12 18:58:00,42.8
2025-06-12 19:53:00,94.6
2025-06-12 15:02:00,51.7
2025-06-12 05:47:00,98.8
2025-06-12 15:19:00,50.5
2025-06-12 03:08:00,0.0
2025-06-12 13:21:00,50.15234640140434
2025-06-12 11:36:00,18.8
2025-06-12 10:38:00,87.9
2025-06-12 12:49:00,50.15234640140434
2025-06-12 17:06:00,68.6
2025-06-12 10:05:00,87.4
2025-06-12 01:18:00,63.9
2025-06-12 22:38:00,75.3
2025-06-12 13:32:00,50.15234640140434
2025-06-12 15:47:00,50.15234640140434
2025-06-12 12:31:00,4.8
2025-06-12 14:15:00,87.5
2025-06-12 10:52:00,15.2
2025-06-12 21:21:00,25.1
2025-06-12 21:22:00,50.15234640140434
2025-06-12 22:30:00,7.2
2025-06-12 02:19:00,50.15234640140434
2025-06-12 23:40:00,89.0
2025-06-12 10:36:00,50.15234640140434
2025-06-12 05:37:00,91.1
2025-06-12 17:59:00,47.4
2025-06-12 11:01:00,3.7
2025-06-12 11:03:00,97.0
2025-06-12 19:01:00,5.1
2025-06-12 05:44:00,50.15234640140434
2025-06-12 10:15:00,90.6
2025-06-12 00:40:00,21.2
2025-06-12 19:57:00,11.3
2025-06-12 07:06:00,87.0
2025-06-12 10:49:00,99.0
2025-06-12 22:21:00,89.9
2025-06-12 00:17:00,6.5
2025-06-12 10:17:00,95.0
2025-06-12 04:50:00,58.5
2025-06-12 13:47:00,43.2
2025-06-12 11:51:00,57.0
2025-06-12 22:35:00,84.9
2025-06-12 10:15:00,90.0
2025-06-12 01:42:00,34.6
2025-06-12 20:46:00,3.8
2025-06-12 23:05:00,13.6
2025-06-12 02:52:00,46.5
2025-06-12 02:17:00,16.5
2025-06-12 22:06:00,67.0
2025-06-12 06:51:00,89.1
2025-06-12 08:16:00,32.9
2025-06-12 11:48:00,34.7
2025-06-12 10:39:00,15.3
2025-06-12 22:20:00,68.5
2025-06-12 02:16:00,23.0
2025-06-12 11:33:00,98.5
2025-06-12 19:07:00,72.8
2025-06-12 17:58:00,50.15234640140434
2025-06-12 08:23:00,62.4
2025-06-12 16:30:00,28.6
2025-06-12 10:18:00,14.7
2025-06-12 20:58:00,7.6
2025-06-12 03:06:00,50.15234640140434
2025-06-12 12:04:00,54.4
2025-06-12 19:13:00,50.15234640140434
2025-06-12 05:21:00,50.15234640140434
2025-06-12 02:56:00,50.15234640140434
2025-06-12 16:52:00,88.5
2025-06-12 11:58:00,11.8
2025-06-12 04:33:00,66.5
2025-06-12 08:55:00,50.15234640140434
2025-06-12 10:23:00,6.5
2025-06-12 20:03:00,44.4
2025-06-12 09:53:00,0.8
2025-06-12 02:34:00,69.3
2025-06-12 19:13:00,22.5
2025-06-12 00:47:00,50.4
2025-06-12 11:02:00,19.2
2025-06-12 11:04:00,46.2
2025-06-12 10:57:00,47.9
2025-06-12 02:16:00,50.15234640140434
2025-06-12 05:43:00,39.9
2025-06-12 07:12:00,50.15234640140434
2025-06-12 08:46:00,27.4
2025-06-12 02:17:00,89.1
2025-06-12 11:46:00,72.4
2025-06-12 04:02:00,68.6
2025-06-12 05:18:00,48.5
2025-06-12 15:30:00,57.7
2025-06-12 17:44:00,55.7
2025-06-12 17:11:00,2.4
2025-06-12 15:29:00,43.2
2025-06-12 19:59:00,40.9
2025-06-12 02:40:00,13.4
2025-06-12 05:03:00,76.5
2025-06-12 21:11:00,50.15234640140434
2025-06-12 22:17:00,4.6
2025-06-12 20:36:00,37.9
2025-06-12 05:36:00,40.6
2025-06-12 04:48:00,50.15234640140434
2025-06-12 16:07:00,70.8
2025-06-12 11:25:00,54.3
2025-06-12 19:39:00,11.8
2025-06-12 19:14:00,93.2
2025-06-12 15:00:00,37.8
2025-06-12 13:08:00,19.4
2025-06-12 19:02:00,56.3
2025-06-12 07:46:00,43.8
2025-06-12 07:38:00,76.8
2025-06-12 12:27:00,28.9
2025-06-12 19:35:00,18.2
2025-06-12 23:55:00,50.15234640140434
2025-06-12 15:42:00,98.0
2025-06-12 09:49:00,33.3
2025-06-12 23:22:00,63.4
2025-06-12 05:02:00,67.1
2025-06-12 14:38:00,50.15234640140434
2025-06-12 15:57:00,32.3
2025-06-12 17:38:00,59.7
2025-06-12 10:03:00,50.15234640140434
2025-06-12 01:06:00,26.6
2025-06-12 19:03:00,60.0
2025-06-12 11:44:00,19.9
2025-06-12 20:34:00,14.8
2025-06-12 23:20:00,52.4
2025-06-12 10:49:00,50.15234640140434
2025-06-12 17:06:00,89.6
2025-06-12 07:12:00,78.3
2025-06-12 02:10:00,15.3
2025-06-12 09:39:00,49.2
2025-06-12 03:15:00,21.3
2025-06-12 06:07:00,60.8
2025-06-12 08:43:00,62.1
2025-06-12 00:40:00,66.4
2025-06-12 14:09:00,84.5
2025-06-12 12:10:00,50.15234640140434
2025-06-12 07:52:00,32.3
2025-06-12 00:11:00,44.5
2025-06-12 11:06:00,25.7
2025-06-12 08:32:00,50.15234640140434
2025-06-12 08:26:00,50.15234640140434
2025-06-12 07:04:00,45.4
2025-06-12 23:20:00,50.15234640140434
2025-06-12 12:18:00,50.15234640140434
2025-06-12 04:11:00,77.9
2025-06-12 14:44:00,59.5
2025-06-12 13:00:00,45.3
2025-06-12 21:54:00,50.15234640140434
2025-06-12 20:39:00,13.7
2025-06-12 08:53:00,61.1
2025-06-12 03:45:00,96.6
2025-06-12 14:36:00,50.15234640140434
2025-06-12 10:51:00,95.4
2025-06-12 14:37:00,50.15234640140434
2025-06-12 08:26:00,52.3
2025-06-12 20:58:00,54.9
2025-06-12 15:34:00,50.15234640140434
2025-06-12 12:12:00,80.7
2025-06-12 12:05:00,14.5
2025-06-12 19:23:00,50.15234640140434
2025-06-12 23:14:00,94.6
2025-06-12 20:52:00,17.7
2025-06-12 13:24:00,85.7
2025-06-12 02:06:00,57.8
2025-06-12 12:20:00,35.7
2025-06-12 01:01:00,51.0
2025-06-12 16:01:00,85.9
2025-06-12 09:53:00,32.9
2025-06-12 22:31:00,4.1
2025-06-12 16:44:00,50.15234640140434
2025-06-12 06:43:00,50.15234640140434
2025-06-12 19:29:00,34.9
2025-06-12 03:08:00,92.4
2025-06-12 12:56:00,61.4
2025-06-12 19:28:00,73.5
2025-06-12 11:13:00,54.8
2025-06-12 09:36:00,70.6
2025-06-12 02:28:00,88.3
2025-06-12 18:40:00,73.5
2025-06-12 07:42:00,99.5
2025-06-12 04:09:00,6.3
2025-06-12 23:58:00,67.5
2025-06-12 23:07:00,40.1
2025-06-12 13:45:00,10.2
2025-06-12 04:45:00,34.2
2025-06-12 13:44:00,99.2
2025-06-12 10:13:00,63.8
2025-06-12 22:46:00,68.1
2025-06-12 18:50:00,50.15234640140434
2025-06-12 09:06:00,33.2
2025-06-12 01:47:00,86.8
2025-06-12 21:25:00,26.2
2025-06-12 06:32:00,86.4
2025-06-12 12:47:00,50.15234640140434
2025-06-12 01:55:00,71.3
2025-06-12 12:24:00,11.1
2025-06-12 11:21:00,40.6
2025-06-12 19:50:00,47.5
2025-06-12 16:43:00,65.7
2025-06-12 12:18:00,19.2
2025-06-12 15:14:00,50.15234640140434
2025-06-12 00:42:00,67.3
2025-06-12 20:27:00,59.0
2025-06-12 12:03:00,50.8
2025-06-12 23:31:00,66.0
2025-06-12 10:55:00,65.2
2025-06-12 20:27:00,13.0
2025-06-12 18:30:00,19.9
2025-06-12 23:16:00,61.0
2025-06-12 18:12:00,9.2
2025-06-12 04:44:00,61.5
2025-06-12 11:05:00,39.2
2025-06-12 05:25:00,9.6
2025-06-12 06:37:00,16.6
2025-06-12 13:23:00,89.3
2025-06-12 21:44:00,82.8
2025-06-12 03:12:00,37.6
2025-06-12 18:58:00,97.1
2025-06-12 12:59:00,73.9
2025-06-12 06:07:00,18.6
2025-06-12 14:20:00,50.15234640140434
2025-06-12 10:57:00,28.2
2025-06-12 03:18:00,83.4
2025-06-12 02:16:00,39.7
2025-06-12 19:48:00,27.3
2025-06-12 18:06:00,69.2
2025-06-12 00:50:00,82.2
2025-06-12 22:15:00,17.0
2025-06-12 18:45:00,6.9
2025-06-12 01:15:00,5.3
2025-06-12 21:32:00,50.15234640140434
2025-06-12 03:17:00,94.9
2025-06-12 23:24:00,41.2
2025-06-12 01:34:00,43.8
2025-06-12 12:57:00,53.2
2025-06-12 10:43:00,50.15234640140434
2025-06-12 21:25:00,43.1
2025-06-12 03:54:00,53.2
2025-06-12 20:36:00,13.6
2025-06-12 19:37:00,50.15234640140434
2025-06-12 04:46:00,22.2
2025-06-12 14:22:00,50.15234640140434
2025-06-12 13:44:00,21.6
2025-06-12 17:03:00,50.15234640140434
2025-06-12 15:57:00,50.15234640140434
2025-06-12 07:20:00,72.6
2025-06-12 02:11:00,59.5
2025-06-12 21:59:00,62.0
2025-06-12 08:24:00,88.3
2025-06-12 08:45:00,70.5
2025-06-12 22:41:00,69.4
2025-06-12 01:33:00,23.2
2025-06-12 08:13:00,14.1
2025-06-12 12:02:00,50.15234640140434
2025-06-12 19:39:00,54.0
2025-06-12 06:20:00,43.0
2025-06-12 22:48:00,36.8
2025-06-12 17:00:00,67.7
2025-06-12 06:51:00,18.3
2025-06-12 17:36:00,81.0
2025-06-12 06:53:00,41.8
2025-06-12 03:14:00,76.9
2025-06-12 22:21:00,61.5
2025-06-12 06:53:00,50.15234640140434
2025-06-12 20:06:00,89.5
2025-06-12 11:30:00,76.4
2025-06-12 11:03:00,61.9
2025-06-12 07:42:00,56.6
2025-06-12 02:38:00,88.4
2025-06-12 12:29:00,28.1
2025-06-12 11:00:00,24.4
2025-06-12 17:27:00,74.5
2025-06-12 00:41:00,57.1
2025-06-12 10:04:00,22.7
2025-06-12 01:49:00,14.2
2025-06-12 11:30:00,50.15234640140434
2025-06-12 00:03:00,75.5
2025-06-12 10:33:00,49.8
2025-06-12 07:23:00,20.7
2025-06-12 02:06:00,70.4
2025-06-12 09:36:00,43.7
2025-06-12 15:21:00,75.4
2025-06-12 07:11:00,69.2
2025-06-12 20:29:00,50.15747328871669
2025-06-12 11:37:00,15.4
2025-06-12 12:08:00,90.0
2025-06-12 00:04:00,91.5
2025-06-12 05:31:00,10.5
2025-06-12 00:28:00,82.5
2025-06-12 00:53:00,32.5
2025-06-12 22:32:00,68.4
2025-06-12 23:41:00,35.7
2025-06-12 10:27:00,95.4
2025-06-12 10:14:00,85.3
2025-06-12 17:25:00,31.5
2025-06-12 16:44:00,42.4
2025-06-12 14:11:00,50.15747328871669
2025-06-12 15:30:00,93.1
2025-06-12 10:25:00,8.5
2025-06-12 09:18:00,46.8
2025-06-12 02:10:00,30.6
2025-06-12 09:18:00,53.3
2025-06-12 16:39:00,11.5
2025-06-12 21:27:00,97.9
2025-06-12 03:01:00,40.6
2025-06-12 16:29:00,56.7
2025-06-12 16:36:00,88.8
2025-06-12 05:00:00,16.4
2025-06-12 03:51:00,27.6
2025-06-12 21:19:00,74.9
2025-06-12 12:48:00,37.7
2025-06-12 08:16:00,48.9
2025-06-12 17:31:00,45.4
2025-06-12 13:44:00,3.8
2025-06-12 01:27:00,69.3
2025-06-12 12:32:00,77.7
2025-06-12 23:57:00,6.9
2025-06-12 18:44:00,26.4
2025-06-12 16:13:00,34.8
2025-06-12 17:51:00,15.2
2025-06-12 08:08:00,98.8
2025-06-12 02:10:00,10.2
2025-06-12 09:51:00,48.6
2025-06-12 01:52:00,43.3
2025-06-12 21:25:00,47.9
2025-06-12 18:55:00,73.8
2025-06-12 19:48:00,29.4
2025-06-12 12:19:00,62.8
2025-06-12 17:04:00,15.8
2025-06-12 19:39:00,73.9
2025-06-12 19:52:00,50.15747328871669
2025-06-12 20:43:00,70.5
2025-06-12 18:46:00,85.5
2025-06-12 22:54:00,75.8
2025-06-12 20:56:00,74.7
2025-06-12 13:37:00,57.9
2025-06-12 07:42:00,62.7
2025-06-12 02:53:00,79.5
2025-06-12 01:39:00,6.5
2025-06-12 11:01:00,50.15747328871669
2025-06-12 23:27:00,34.9
2025-06-12 01:47:00,10.6
2025-06-12 11:53:00,32.0
2025-06-12 22:06:00,83.5
2025-06-12 06:45:00,70.0
2025-06-12 14:27:00,45.0
2025-06-12 22:48:00,47.8
2025-06-12 14:57:00,32.5
2025-06-12 15:45:00,5.3
2025-06-12 13:07:00,50.15747328871669
2025-06-12 16:50:00,50.15747328871669
2025-06-12 05:33:00,53.6
2025-06-12 20:49:00,50.15747328871669
2025-06-12 08:54:00,63.7
2025-06-12 04:03:00,50.15747328871669
2025-06-12 12:52:00,96.4
2025-06-12 20:46:00,54.8
2025-06-12 10:03:00,16.0
2025-06-12 17:49:00,33.1
2025-06-12 21:52:00,8.0
2025-06-12 20:14:00,79.7
2025-06-12 07:36:00,96.5
2025-06-12 01:50:00,70.3
2025-06-12 16:20:00,95.6
2025-06-12 03:10:00,63.5
2025-06-12 07:34:00,67.8
2025-06-12 18:48:00,2.6
2025-06-12 10:14:00,36.9
2025-06-12 01:48:00,16.5
2025-06-12 12:28:00,50.15747328871669
2025-06-12 11:55:00,35.4
2025-06-12 16:15:00,10.1
2025-06-12 08:58:00,77.0
2025-06-12 16:18:00,43.0
2025-06-12 01:55:00,54.7
2025-06-12 21:59:00,1.9
2025-06-12 19:09:00,78.6
2025-06-12 09:02:00,73.3
2025-06-12 22:10:00,90.5
2025-06-12 15:29:00,54.9
2025-06-12 04:33:00,50.15747328871669
2025-06-12 11:59:00,81.6
2025-06-12 03:02:00,97.6
2025-06-12 12:34:00,65.8
2025-06-12 17:28:00,4.6
2025-06-12 12:15:00,73.8
2025-06-12 06:45:00,81.9
2025-06-12 03:11:00,50.15747328871669
2025-06-12 10:12:00,32.9
2025-06-12 04:54:00,18.2
2025-06-12 21:34:00,68.5
2025-06-12 18:42:00,23.5
2025-06-12 21:02:00,50.15747328871669
2025-06-12 10:39:00,74.5
2025-06-12 08:39:00,81.0
2025-06-12 09:41:00,26.3
2025-06-12 04:34:00,30.0
2025-06-12 10:32:00,59.3
2025-06-12 19:05:00,47.4
2025-06-12 19:44:00,55.5
2025-06-12 13:29:00,40.3
2025-06-12 20:25:00,3.1
2025-06-12 18:45:00,28.5
2025-06-12 07:24:00,50.15747328871669
2025-06-12 02:28:00,18.2
2025-06-12 02:06:00,79.2
2025-06-12 15:33:00,96.6
2025-06-12 08:41:00,58.0
2025-06-12 03:31:00,74.2
2025-06-12 18:05:00,14.9
2025-06-12 13:54:00,59.1
2025-06-12 04:57:00,25.4
2025-06-12 07:15:00,50.15747328871669
2025-06-12 20:58:00,52.0
2025-06-12 05:05:00,46.4
2025-06-12 09:45:00,22.9
2025-06-12 02:12:00,50.15747328871669
2025-06-12 14:03:00,21.7
2025-06-12 08:30:00,35.3
2025-06-12 03:19:00,51.6
2025-06-12 09:13:00,48.8
2025-06-12 12:02:00,99.7
2025-06-12 11:17:00,33.2
2025-06-12 13:53:00,50.15747328871669
2025-06-12 22:27:00,98.9
2025-06-12 10:43:00,26.4
2025-06-12 14:53:00,54.0
2025-06-12 06:51:00,60.2
2025-06-12 09:09:00,78.2
2025-06-12 12:47:00,1.5
2025-06-12 01:35:00,5.2
2025-06-12 07:30:00,50.15747328871669
2025-06-12 02:37:00,46.6
2025-06-12 15:28:00,50.15747328871669
2025-06-12 15:20:00,59.8
2025-06-12 10:05:00,50.2
2025-06-12 08:33:00,77.6
2025-06-12 11:08:00,15.8
2025-06-12 21:11:00,84.5
2025-06-12 03:52:00,65.9
2025-06-12 09:49:00,67.9
2025-06-12 17:45:00,48.8
2025-06-12 05:38:00,24.3
2025-06-12 05:14:00,23.4
2025-06-12 14:10:00,50.15747328871669
2025-06-12 19:38:00,10.2
2025-06-12 04:27:00,37.5
2025-06-12 17:03:00,20.2
2025-06-12 12:18:00,40.0
2025-06-12 23:52:00,79.3
2025-06-12 06:45:00,76.5
2025-06-12 16:13:00,75.6
2025-06-12 15:44:00,50.15747328871669
2025-06-12 20:22:00,20.3
2025-06-12 05:55:00,41.0
2025-06-12 21:28:00,50.15747328871669
2025-06-12 07:06:00,95.1
2025-06-12 11:11:00,93.4
2025-06-12 23:34:00,30.2
2025-06-12 03:07:00,58.8
2025-06-12 17:49:00,40.2
2025-06-12 05:27:00,44.3
2025-06-12 05:51:00,69.3
2025-06-12 06:51:00,57.9
2025-06-12 05:14:00,50.15747328871669
2025-06-12 18:18:00,45.3
2025-06-12 02:45:00,93.8
2025-06-12 14:46:00,37.2
2025-06-12 20:58:00,49.0
2025-06-12 03:13:00,41.7
2025-06-12 21:50:00,66.2
2025-06-12 22:32:00,40.9
2025-06-12 13:43:00,92.1
2025-06-12 21:05:00,49.0
2025-06-12 12:49:00,60.0
2025-06-12 06:33:00,85.5
2025-06-12 23:23:00,50.15747328871669
2025-06-12 00:21:00,93.3
2025-06-12 17:21:00,34.3
2025-06-12 16:23:00,50.15747328871669
2025-06-12 14:23:00,6.3
2025-06-12 14:45:00,11.8
2025-06-12 00:03:00,49.4
2025-06-12 23:40:00,14.8
2025-06-12 18:41:00,92.7
2025-06-12 14:27:00,42.9
2025-06-12 21:20:00,73.7
2025-06-12 03:56:00,2.0
2025-06-12 11:18:00,15.6
2025-06-12 06:43:00,50.15747328871669
2025-06-12 16:21:00,58.7
2025-06-12 08:52:00,86.6
2025-06-12 22:43:00,70.6
2025-06-12 01:49:00,67.2
2025-06-12 11:23:00,50.15747328871669
2025-06-12 12:37:00,75.1
2025-06-12 01:36:00,93.6
2025-06-12 09:23:00,50.15747328871669
2025-06-12 14:21:00,71.8
2025-06-12 05:07:00,19.3
2025-06-12 15:07:00,50.15747328871669
2025-06-12 01:00:00,78.4
2025-06-12 19:54:00,6.9
2025-06-12 03:07:00,80.8
2025-06-12 17:34:00,50.15747328871669
2025-06-12 13:34:00,92.6
2025-06-12 05:33:00,60.2
2025-06-12 11:55:00,19.7
2025-06-12 07:26:00,50.15747328871669
2025-06-12 23:59:00,50.15747328871669
2025-06-12 21:08:00,6.6
2025-06-12 16:54:00,87.7
2025-06-12 12:51:00,50.15747328871669
2025-06-12 12:09:00,70.7
2025-06-12 05:30:00,23.1
2025-06-12 16:02:00,83.1
2025-06-12 12:39:00,50.15747328871669
2025-06-12 04:52:00,1.6
2025-06-12 19:04:00,50.15747328871669
2025-06-12 09:22:00,50.15747328871669
2025-06-12 04:19:00,59.9
2025-06-12 00:45:00,13.1
2025-06-12 16:12:00,67.0
2025-06-12 04:14:00,47.5
2025-06-12 04:46:00,8.7
2025-06-12 04:13:00,26.5
2025-06-12 06:57:00,61.2
2025-06-12 21:43:00,17.0
2025-06-12 07:18:00,50.15747328871669
2025-06-12 10:34:00,93.5
2025-06-12 00:13:00,62.7
2025-06-12 04:33:00,80.1
2025-06-12 19:35:00,3.6
2025-06-12 21:18:00,87.8
2025-06-12 01:17:00,69.4
2025-06-12 15:51:00,7.9
2025-06-12 11:33:00,67.1
2025-06-12 22:46:00,72.4
2025-06-12 19:18:00,81.7
2025-06-12 00:14:00,37.8
2025-06-12 18:31:00,76.3
2025-06-12 15:13:00,6.9
2025-06-12 14:21:00,57.5
2025-06-12 02:12:00,73.8
2025-06-12 18:11:00,6.5
2025-06-12 18:04:00,62.6
2025-06-12 05:45:00,68.5
2025-06-12 03:42:00,30.3
2025-06-12 04:58:00,50.15747328871669
2025-06-12 16:22:00,66.4
2025-06-12 13:38:00,67.8
2025-06-12 12:27:00,45.4
2025-06-12 16:35:00,91.8
2025-06-12 18:33:00,8.0
2025-06-12 09:27:00,50.15747328871669
2025-06-12 07:36:00,63.8
2025-06-12 18:54:00,31.9
2025-06-12 22:29:00,35.8
2025-06-12 06:56:00,41.0
2025-06-12 11:05:00,86.0
2025-06-12 05:39:00,78.4
2025-06-12 10:15:00,94.5
2025-06-12 17:39:00,5.6
2025-06-12 02:56:00,40.4
2025-06-12 09:59:00,9.3
2025-06-12 07:49:00,50.15747328871669
2025-06-12 00:36:00,70.8
2025-06-12 06:26:00,17.3
2025-06-12 15:35:00,2.5
2025-06-12 12:48:00,81.8
2025-06-12 20:15:00,98.9
2025-06-12 21:09:00,63.6
2025-06-12 22:10:00,97.2
2025-06-12 08:18:00,52.1
2025-06-12 05:22:00,50.15747328871669
2025-06-12 01:05:00,82.1
2025-06-12 07:20:00,50.15747328871669
2025-06-12 13:47:00,50.3
2025-06-12 01:41:00,50.15747328871669
2025-06-12 22:52:00,39.0
2025-06-12 01:25:00,6.2
2025-06-12 14:10:00,73.9
2025-06-12 09:05:00,47.6
2025-06-12 13:30:00,79.3
2025-06-12 00:39:00,77.3
2025-06-12 21:11:00,81.8
2025-06-12 17:48:00,24.0
2025-06-12 02:17:00,24.8
2025-06-12 02:03:00,15.4
2025-06-12 20:33:00,82.9
2025-06-12 19:37:00,54.6
2025-06-12 00:17:00,56.0
2025-06-12 12:12:00,76.9
2025-06-12 04:09:00,79.6
2025-06-12 21:02:00,50.15747328871669
2025-06-12 04:09:00,7.1
2025-06-12 07:22:00,70.4
2025-06-12 14:59:00,63.0
2025-06-12 06:09:00,33.4
2025-06-12 01:34:00,0.9
2025-06-12 09:14:00,50.15747328871669
2025-06-12 18:34:00,60.5
2025-06-12 22:00:00,41.8
2025-06-12 14:54:00,26.7
2025-06-12 08:24:00,16.5
2025-06-12 12:49:00,92.3
2025-06-12 01:36:00,20.3
2025-06-12 09:08:00,37.6
2025-06-12 05:48:00,70.5
2025-06-12 10:06:00,89.2
2025-06-12 23:23:00,86.2
2025-06-12 21:08:00,50.15747328871669
2025-06-12 12:10:00,99.9
2025-06-12 21:44:00,33.4
2025-06-12 05:17:00,50.15747328871669
2025-06-12 22:44:00,11.9
2025-06-12 09:00:00,61.6
2025-06-12 17:24:00,64.9
2025-06-12 16:50:00,34.3
2025-06-12 07:07:00,75.1
2025-06-12 13:44:00,89.5
2025-06-12 15:37:00,79.2
2025-06-12 04:23:00,40.2
2025-06-12 01:31:00,68.5
2025-06-12 23:28:00,13.7
2025-06-12 05:10:00,50.15747328871669
2025-06-12 21:50:00,50.15747328871669
2025-06-12 16:28:00,40.5
2025-06-12 22:06:00,50.15747328871669
2025-06-12 11:18:00,50.15747328871669
2025-06-12 13:51:00,99.2
2025-06-12 18:06:00,11.1
2025-06-12 03:36:00,50.15747328871669
2025-06-12 10:24:00,68.2
2025-06-12 10:37:00,69.9
2025-06-12 17:50:00,48.4
2025-06-12 13:33:00,50.15747328871669
2025-06-12 14:17:00,20.4
2025-06-12 18:05:00,24.7
2025-06-12 22:23:00,27.0
2025-06-12 04:00:00,95.1
2025-06-12 15:22:00,61.8
2025-06-12 04:31:00,2.5
2025-06-12 23:36:00,50.07997412982127
2025-06-12 10:21:00,75.8
2025-06-12 14:22:00,81.7
2025-06-12 03:13:00,18.8
2025-06-12 00:40:00,63.2
2025-06-12 18:41:00,16.8
2025-06-12 00:12:00,26.5
2025-06-12 01:19:00,49.5
2025-06-12 07:38:00,50.07997412982127
2025-06-12 03:38:00,94.4
2025-06-12 21:36:00,50.07997412982127
2025-06-12 14:05:00,36.1
2025-06-12 06:37:00,50.07997412982127
2025-06-12 18:35:00,50.07997412982127
2025-06-12 18:18:00,3.9
2025-06-12 20:31:00,68.4
2025-06-12 18:19:00,36.8
2025-06-12 23:53:00,61.6
2025-06-12 09:28:00,6.4
2025-06-12 14:00:00,94.0
2025-06-12 00:44:00,37.4
2025-06-12 05:52:00,50.07997412982127
2025-06-12 10:41:00,17.8
2025-06-12 00:18:00,77.8
2025-06-12 12:41:00,5.6
2025-06-12 01:13:00,74.4
2025-06-12 19:58:00,57.5
2025-06-12 23:51:00,90.2
2025-06-12 05:37:00,36.3
2025-06-12 17:16:00,50.07997412982127
2025-06-12 04:40:00,15.2
2025-06-12 15:33:00,54.6
2025-06-12 08:33:00,50.07997412982127
2025-06-12 22:55:00,57.8
2025-06-12 09:58:00,99.4
2025-06-12 16:34:00,50.07997412982127
2025-06-12 09:14:00,17.4
2025-06-12 02:47:00,50.07997412982127
2025-06-12 12:20:00,50.07997412982127
2025-06-12 09:56:00,50.07997412982127
2025-06-12 06:30:00,32.2
2025-06-12 07:01:00,86.7
2025-06-12 03:27:00,71.4
2025-06-12 10:56:00,31.2
2025-06-12 23:02:00,50.07997412982127
2025-06-12 01:59:00,68.0
2025-06-12 19:13:00,50.07997412982127
2025-06-12 14:29:00,30.5
2025-06-12 18:45:00,16.4
2025-06-12 12:03:00,82.0
2025-06-12 10:07:00,59.5
2025-06-12 11:58:00,56.7
2025-06-12 01:15:00,21.0
2025-06-12 16:43:00,15.4
2025-06-12 11:03:00,50.07997412982127
2025-06-12 18:41:00,81.0
2025-06-12 20:21:00,21.0
2025-06-12 06:47:00,80.4
2025-06-12 20:37:00,29.8
2025-06-12 23:11:00,60.8
2025-06-12 06:50:00,94.4
2025-06-12 21:12:00,57.5
2025-06-12 02:14:00,75.3
2025-06-12 08:40:00,97.4
2025-06-12 20:08:00,66.6
2025-06-12 22:04:00,58.1
2025-06-12 09:47:00,93.1
2025-06-12 20:55:00,50.07997412982127
2025-06-12 01:22:00,10.3
2025-06-12 16:53:00,45.8
2025-06-12 19:35:00,2.6
2025-06-12 23:12:00,50.07997412982127
2025-06-12 18:42:00,87.3
2025-06-12 10:20:00,50.07997412982127
2025-06-12 01:32:00,58.2
2025-06-12 14:22:00,40.6
2025-06-12 22:34:00,44.5
2025-06-12 18:15:00,29.7
2025-06-12 02:54:00,26.1
2025-06-12 04:30:00,66.7
2025-06-12 09:59:00,50.07997412982127
2025-06-12 00:47:00,33.8
2025-06-12 04:18:00,50.07997412982127
2025-06-12 01:18:00,46.0
2025-06-12 21:21:00,50.07997412982127
2025-06-12 10:02:00,82.5
2025-06-12 18:17:00,50.07997412982127
2025-06-12 21:17:00,50.07997412982127
2025-06-12 18:16:00,12.6
2025-06-12 09:06:00,50.07997412982127
2025-06-12 13:55:00,56.3
2025-06-12 20:52:00,50.07997412982127
2025-06-12 20:26:00,16.3
2025-06-12 18:28:00,92.1
2025-06-12 18:22:00,90.5
2025-06-12 15:44:00,21.9
2025-06-12 07:10:00,30.1
2025-06-12 17:05:00,70.2
2025-06-12 14:44:00,1.1
2025-06-12 02:47:00,4.3
2025-06-12 04:27:00,62.3
2025-06-12 17:48:00,8.6
2025-06-12 09:35:00,54.5
2025-06-12 11:59:00,27.4
2025-06-12 05:05:00,81.0
2025-06-12 19:02:00,50.07997412982127
2025-06-12 16:14:00,34.9
2025-06-12 02:16:00,50.07997412982127
2025-06-12 02:22:00,50.07997412982127
2025-06-12 11:00:00,82.8
2025-06-12 21:13:00,58.3
2025-06-12 05:37:00,91.6
2025-06-12 18:45:00,53.2
2025-06-12 15:19:00,65.8
2025-06-12 15:05:00,41.1
2025-06-12 09:59:00,60.0
2025-06-12 09:04:00,50.07997412982127
2025-06-12 19:54:00,30.1
2025-06-12 05:26:00,5.1
2025-06-12 21:55:00,64.6
2025-06-12 08:08:00,5.3
2025-06-12 18:47:00,2.1
2025-06-12 00:22:00,4.5
2025-06-12 08:38:00,57.5
2025-06-12 03:38:00,34.5
2025-06-12 00:44:00,12.6
2025-06-12 23:06:00,97.8
2025-06-12 18:22:00,50.3
2025-06-12 02:44:00,67.3
2025-06-12 01:20:00,50.07997412982127
2025-06-12 15:43:00,40.8
2025-06-12 23:04:00,4.4
2025-06-12 10:37:00,50.07997412982127
2025-06-12 06:06:00,94.1
2025-06-12 21:58:00,96.9
2025-06-12 06:01:00,33.8
2025-06-12 15:24:00,99.6
2025-06-12 20:55:00,68.5
2025-06-12 00:08:00,74.6
2025-06-12 07:49:00,78.0
2025-06-12 21:14:00,50.07997412982127
2025-06-12 11:18:00,28.9
2025-06-12 08:23:00,55.2
2025-06-12 02:16:00,33.2
2025-06-12 11:57:00,81.5
2025-06-12 09:13:00,39.5
2025-06-12 15:38:00,45.5
2025-06-12 15:51:00,50.07997412982127
2025-06-12 12:57:00,50.07997412982127
2025-06-12 04:32:00,13.8
2025-06-12 12:37:00,42.7
2025-06-12 23:43:00,85.9
2025-06-12 13:52:00,80.0
2025-06-12 07:14:00,13.8
2025-06-12 01:55:00,62.9
2025-06-12 14:00:00,83.3
2025-06-12 21:46:00,80.3
2025-06-12 23:54:00,95.8
2025-06-12 09:42:00,30.7
2025-06-12 09:38:00,89.8
2025-06-12 07:01:00,52.7
2025-06-12 09:37:00,85.5
2025-06-12 23:21:00,50.07997412982127
2025-06-12 14:19:00,8.3
2025-06-12 01:53:00,76.9
2025-06-12 20:20:00,85.5
2025-06-12 21:13:00,37.1
2025-06-12 06:25:00,93.4
2025-06-12 21:18:00,17.4
2025-06-12 03:08:00,50.07997412982127
2025-06-12 03:48:00,46.5
2025-06-12 13:12:00,2.5
2025-06-12 15:03:00,11.4
2025-06-12 06:24:00,43.3
2025-06-12 15:30:00,80.2
2025-06-12 16:06:00,38.5
2025-06-12 18:36:00,50.07997412982127
2025-06-12 07:14:00,5.7
2025-06-12 11:58:00,52.6
2025-06-12 10:29:00,61.7
2025-06-12 12:36:00,11.0
2025-06-12 15:38:00,93.5
2025-06-12 03:53:00,61.4
2025-06-12 20:41:00,51.0
2025-06-12 11:41:00,41.8
2025-06-12 00:19:00,24.1
2025-06-12 01:48:00,38.3
2025-06-12 20:25:00,42.8
2025-06-12 02:29:00,22.6
2025-06-12 07:57:00,50.07997412982127
2025-06-12 19:26:00,94.4
2025-06-12 00:23:00,77.2
2025-06-12 10:24:00,13.6
2025-06-12 10:37:00,72.9
2025-06-12 10:43:00,32.9
2025-06-12 19:13:00,5.4
2025-06-12 18:39:00,88.0
2025-06-12 03:12:00,29.8
2025-06-12 16:51:00,90.9
2025-06-12 03:18:00,50.07997412982127
2025-06-12 22:29:00,67.0
2025-06-12 00:15:00,17.5
2025-06-12 03:05:00,22.2
2025-06-12 14:43:00,97.6
2025-06-12 15:56:00,55.4
2025-06-12 22:07:00,81.3
2025-06-12 08:21:00,54.1
2025-06-12 23:47:00,61.6
2025-06-12 18:22:00,89.1
2025-06-12 16:03:00,93.5
2025-06-12 21:44:00,1.5
2025-06-12 08:36:00,50.07997412982127
2025-06-12 17:28:00,65.2
2025-06-12 09:25:00,50.07997412982127
2025-06-12 10:08:00,57.6
2025-06-12 08:38:00,73.9
2025-06-12 03:45:00,50.07997412982127
2025-06-12 09:01:00,50.07997412982127
2025-06-12 15:16:00,27.3
2025-06-12 01:19:00,50.07997412982127
2025-06-12 23:18:00,50.07997412982127
2025-06-12 22:15:00,51.9
2025-06-12 04:50:00,17.6
2025-06-12 18:38:00,92.6
2025-06-12 15:08:00,97.2
2025-06-12 04:00:00,26.6
2025-06-12 08:30:00,43.1
2025-06-12 07:13:00,94.0
2025-06-12 08:05:00,45.8
2025-06-12 19:58:00,14.5
2025-06-12 18:34:00,27.5
2025-06-12 09:13:00,56.9
2025-06-12 15:07:00,29.8
2025-06-12 20:37:00,12.4
2025-06-12 16:08:00,15.0
2025-06-12 21:30:00,30.2
2025-06-12 03:51:00,64.7
2025-06-12 10:09:00,47.2
2025-06-12 15:16:00,50.07997412982127
2025-06-12 17:14:00,30.6
2025-06-12 03:21:00,32.8
2025-06-12 08:54:00,66.3
2025-06-12 03:21:00,17.7
2025-06-12 23:09:00,11.6
2025-06-12 03:47:00,88.0
2025-06-12 10:33:00,37.4
2025-06-12 06:07:00,13.7
2025-06-12 18:16:00,91.6
2025-06-12 12:08:00,20.6
2025-06-12 12:32:00,25.6
2025-06-12 23:05:00,64.7
2025-06-12 04:13:00,6.1
2025-06-12 06:48:00,18.0
2025-06-12 12:38:00,97.4
2025-06-12 02:10:00,50.07997412982127
2025-06-12 23:48:00,75.6
2025-06-12 01:37:00,2.4
2025-06-12 20:39:00,65.4
2025-06-12 17:51:00,11.4
2025-06-12 02:10:00,33.3
2025-06-12 15:54:00,80.6
2025-06-12 07:11:00,25.0
2025-06-12 14:18:00,50.07997412982127
2025-06-12 09:47:00,27.0
2025-06-12 16:08:00,16.3
2025-06-12 19:59:00,94.7
2025-06-12 20:04:00,4.5
2025-06-12 00:59:00,44.4
2025-06-12 14:44:00,50.07997412982127
2025-06-12 12:28:00,26.0
2025-06-12 15:40:00,87.5
2025-06-12 21:49:00,88.7
2025-06-12 08:42:00,13.3
2025-06-12 01:38:00,97.7
2025-06-12 18:42:00,78.0
2025-06-12 12:27:00,18.3
2025-06-12 21:44:00,79.4
2025-06-12 22:42:00,68.5
2025-06-12 10:38:00,75.7
2025-06-12 00:13:00,70.7
2025-06-12 03:24:00,20.1
2025-06-12 06:12:00,70.2
2025-06-12 00:08:00,13.4
2025-06-12 12:34:00,99.5
2025-06-12 16:08:00,50.07997412982127
2025-06-12 00:49:00,6.9
2025-06-12 22:59:00,42.3
2025-06-12 03:17:00,87.9
2025-06-12 22:11:00,22.3
2025-06-12 07:56:00,50.07997412982127
2025-06-12 06:41:00,50.07997412982127
2025-06-12 21:49:00,47.6
2025-06-12 13:55:00,34.0
2025-06-12 05:11:00,65.2
2025-06-12 06:49:00,54.5
2025-06-12 08:55:00,50.07997412982127
2025-06-12 09:03:00,11.1
2025-06-12 05:55:00,84.4
2025-06-12 23:26:00,59.8
2025-06-12 13:33:00,26.5
2025-06-12 18:24:00,35.3
2025-06-12 14:46:00,20.7
2025-06-12 01:45:00,40.6
2025-06-12 10:12:00,66.0
2025-06-12 17:16:00,50.07997412982127
2025-06-12 15:00:00,59.1
2025-06-12 22:38:00,50.07997412982127
2025-06-12 17:54:00,50.07997412982127
2025-06-12 07:22:00,50.07997412982127
2025-06-12 00:23:00,10.8
2025-06-12 07:20:00,50.07997412982127
2025-06-12 05:54:00,14.1
2025-06-12 05:55:00,50.07997412982127
2025-06-12 10:59:00,88.2
2025-06-12 00:28:00,91.5
2025-06-12 07:54:00,73.0
2025-06-12 12:05:00,55.9
2025-06-12 00:23:00,51.1
2025-06-12 12:36:00,57.8
2025-06-12 02:48:00,99.4
2025-06-12 23:18:00,64.7
2025-06-12 21:55:00,95.4
2025-06-12 16:45:00,2.7
2025-06-12 14:18:00,55.4
2025-06-12 21:18:00,54.4
2025-06-12 11:46:00,56.8
2025-06-12 15:14:00,48.8
2025-06-12 13:39:00,50.07997412982127
2025-06-12 18:05:00,31.6
2025-06-12 19:32:00,2.2
2025-06-12 18:56:00,16.9
2025-06-12 18:42:00,45.3
2025-06-12 23:46:00,43.3
2025-06-12 13:17:00,54.2
2025-06-12 13:31:00,58.9
2025-06-12 03:08:00,17.9
2025-06-12 14:42:00,83.2
2025-06-12 13:16:00,76.2
2025-06-12 22:29:00,42.9
2025-06-12 08:08:00,27.8
2025-06-12 03:41:00,90.2
2025-06-12 19:19:00,24.4
2025-06-12 19:29:00,48.4
2025-06-12 09:25:00,49.822039706925075
2025-06-12 02:16:00,16.3
2025-06-12 21:46:00,3.6
2025-06-12 13:16:00,72.6
2025-06-12 10:06:00,8.6
2025-06-12 14:34:00,9.8
2025-06-12 23:49:00,49.822039706925075
2025-06-12 10:59:00,54.5
2025-06-12 08:48:00,7.6
2025-06-12 04:33:00,49.822039706925075
2025-06-12 13:37:00,43.2
2025-06-12 04:35:00,81.6
2025-06-12 11:28:00,26.1
2025-06-12 14:31:00,7.9
2025-06-12 04:08:00,84.8
2025-06-12 23:14:00,87.7
2025-06-12 03:37:00,19.6
2025-06-12 16:25:00,5.6
2025-06-12 01:47:00,67.0
2025-06-12 11:53:00,28.9
2025-06-12 11:46:00,98.8
2025-06-12 17:31:00,49.822039706925075
2025-06-12 05:26:00,33.0
2025-06-12 19:32:00,44.3
2025-06-12 20:26:00,79.4
2025-06-12 00:40:00,13.3
2025-06-12 11:48:00,45.1
2025-06-12 11:33:00,11.8
2025-06-12 08:31:00,32.9
2025-06-12 01:55:00,13.0
2025-06-12 19:50:00,91.4
2025-06-12 14:00:00,26.9
2025-06-12 09:53:00,46.0
2025-06-12 18:56:00,18.5
2025-06-12 22:57:00,46.7
2025-06-12 13:22:00,7.3
2025-06-12 07:55:00,45.9
2025-06-12 09:54:00,49.822039706925075
2025-06-12 02:20:00,43.1
2025-06-12 06:25:00,67.6
2025-06-12 12:40:00,49.822039706925075
2025-06-12 11:02:00,74.7
2025-06-12 21:43:00,94.5
2025-06-12 23:24:00,78.9
2025-06-12 17:57:00,92.8
2025-06-12 09:27:00,49.822039706925075
2025-06-12 21:46:00,19.9
2025-06-12 06:23:00,81.1
2025-06-12 05:28:00,89.8
2025-06-12 07:40:00,16.9
2025-06-12 18:13:00,74.9
2025-06-12 09:35:00,49.822039706925075
2025-06-12 23:08:00,81.1
2025-06-12 16:23:00,84.0
2025-06-12 13:26:00,17.6
2025-06-12 15:12:00,65.5
2025-06-12 03:29:00,70.3
2025-06-12 14:26:00,49.822039706925075
2025-06-12 18:15:00,85.3
2025-06-12 09:04:00,49.822039706925075
2025-06-12 12:34:00,88.2
2025-06-12 22:43:00,19.1
2025-06-12 06:43:00,95.3
2025-06-12 06:30:00,94.8
2025-06-12 07:12:00,49.822039706925075
2025-06-12 04:36:00,72.1
2025-06-12 07:44:00,63.0
2025-06-12 19:17:00,27.3
2025-06-12 16:09:00,77.1
2025-06-12 09:37:00,51.6
2025-06-12 01:22:00,31.1
2025-06-12 11:46:00,49.822039706925075
2025-06-12 03:47:00,6.6
2025-06-12 11:41:00,69.1
2025-06-12 09:32:00,64.2
2025-06-12 12:03:00,78.1
2025-06-12 02:31:00,50.8
2025-06-12 03:52:00,31.6
2025-06-12 02:01:00,88.2
2025-06-12 21:48:00,70.0
2025-06-12 21:17:00,44.9
2025-06-12 23:31:00,22.8
2025-06-12 00:01:00,24.0
2025-06-12 20:35:00,49.822039706925075
2025-06-12 10:34:00,52.9
2025-06-12 20:22:00,19.0
2025-06-12 18:48:00,52.1
2025-06-12 07:46:00,82.1
2025-06-12 19:37:00,90.4
2025-06-12 15:48:00,23.8
2025-06-12 03:15:00,49.6
2025-06-12 10:49:00,49.822039706925075
2025-06-12 23:13:00,9.7
2025-06-12 22:47:00,76.9
2025-06-12 01:34:00,5.5
2025-06-12 19:57:00,21.9
2025-06-12 00:27:00,9.4
2025-06-12 21:04:00,58.3
2025-06-12 00:29:00,49.822039706925075
2025-06-12 20:16:00,60.0
2025-06-12 09:23:00,27.3
2025-06-12 09:53:00,29.2
2025-06-12 12:57:00,40.4
2025-06-12 09:52:00,45.0
2025-06-12 18:11:00,19.1
2025-06-12 07:23:00,4.2
2025-06-12 06:20:00,90.5
2025-06-12 03:49:00,92.8
2025-06-12 15:37:00,62.6
2025-06-12 14:56:00,72.8
2025-06-12 01:12:00,49.822039706925075
2025-06-12 04:32:00,79.5
2025-06-12 01:55:00,26.4
2025-06-12 17:44:00,48.9
2025-06-12 19:04:00,6.9
2025-06-12 12:15:00,90.8
2025-06-12 05:29:00,86.7
2025-06-12 21:35:00,49.822039706925075
2025-06-12 01:38:00,48.5
2025-06-12 06:14:00,21.1
2025-06-12 18:50:00,60.8
2025-06-12 04:46:00,52.9
2025-06-12 03:36:00,34.3
2025-06-12 06:05:00,73.7
2025-06-12 21:52:00,2.4
2025-06-12 17:37:00,49.822039706925075
2025-06-12 13:19:00,37.3
2025-06-12 06:24:00,59.7
2025-06-12 00:20:00,12.1
2025-06-12 13:49:00,49.822039706925075
2025-06-12 12:11:00,92.0
2025-06-12 14:54:00,49.822039706925075
2025-06-12 05:53:00,5.5
2025-06-12 21:57:00,49.822039706925075
2025-06-12 22:39:00,89.0
2025-06-12 13:16:00,69.2
2025-06-12 09:07:00,42.9
2025-06-12 09:43:00,80.5
2025-06-12 09:54:00,4.5
2025-06-12 23:38:00,59.5
2025-06-12 07:04:00,49.822039706925075
2025-06-12 16:45:00,87.2
2025-06-12 19:43:00,67.9
2025-06-12 10:27:00,6.2
2025-06-12 11:05:00,24.7
2025-06-12 15:05:00,49.822039706925075
2025-06-12 01:50:00,49.4
2025-06-12 12:13:00,68.1
2025-06-12 09:03:00,43.1
2025-06-12 00:04:00,6.0
2025-06-12 11:42:00,17.4
2025-06-12 00:57:00,85.3
2025-06-12 02:20:00,15.5
2025-06-12 12:40:00,51.5
2025-06-12 09:26:00,55.8
2025-06-12 12:55:00,16.3
2025-06-12 22:40:00,81.7
2025-06-12 04:48:00,56.0
2025-06-12 14:43:00,49.822039706925075
2025-06-12 15:28:00,4.1
2025-06-12 17:07:00,90.7
2025-06-12 11:49:00,16.3
2025-06-12 05:29:00,6.4
2025-06-12 19:00:00,50.9
2025-06-12 17:18:00,88.5
2025-06-12 02:36:00,28.1
2025-06-12 09:39:00,57.1
2025-06-12 01:40:00,18.5
2025-06-12 16:19:00,1.7
2025-06-12 12:02:00,60.8
2025-06-12 01:13:00,94.4
2025-06-12 10:40:00,75.4
2025-06-12 04:24:00,26.5
2025-06-12 14:43:00,70.4
2025-06-12 04:37:00,49.822039706925075
2025-06-12 18:25:00,28.7
2025-06-12 20:46:00,54.7
2025-06-12 14:27:00,26.8
2025-06-12 13:11:00,51.6
2025-06-12 11:36:00,79.0
2025-06-12 07:18:00,71.6
2025-06-12 09:24:00,45.4
2025-06-12 14:35:00,30.7
2025-06-12 17:31:00,25.4
2025-06-12 04:15:00,49.4
2025-06-12 21:56:00,1.3
2025-06-12 12:10:00,95.3
2025-06-12 02:58:00,26.0
2025-06-12 22:16:00,53.7
2025-06-12 21:45:00,49.822039706925075
2025-06-12 07:49:00,35.6
2025-06-12 07:56:00,49.822039706925075
2025-06-12 12:23:00,79.3
2025-06-12 23:03:00,11.0
2025-06-12 09:11:00,44.0
2025-06-12 14:02:00,84.0
2025-06-12 16:23:00,24.1
2025-06-12 09:47:00,14.6
2025-06-12 01:41:00,49.822039706925075
2025-06-12 00:25:00,71.9
2025-06-12 04:13:00,49.822039706925075
2025-06-12 01:11:00,91.2
2025-06-12 10:51:00,63.5
2025-06-12 07:39:00,69.8
2025-06-12 08:13:00,70.4
2025-06-12 18:27:00,55.4
2025-06-12 22:58:00,98.7
2025-06-12 13:14:00,80.2
2025-06-12 23:02:00,49.822039706925075
2025-06-12 23:34:00,60.9
2025-06-12 23:54:00,89.8
2025-06-12 07:16:00,18.8
2025-06-12 05:00:00,49.822039706925075
2025-06-12 22:08:00,98.1
2025-06-12 23:54:00,55.0
2025-06-12 15:21:00,97.3
2025-06-12 18:27:00,92.1
2025-06-12 19:13:00,65.3
2025-06-12 14:02:00,69.3
2025-06-12 22:47:00,49.822039706925075
2025-06-12 04:34:00,53.1
2025-06-12 20:12:00,74.3
2025-06-12 13:11:00,87.1
2025-06-12 20:10:00,76.4
2025-06-12 17:59:00,71.0
2025-06-12 05:26:00,96.8
2025-06-12 08:30:00,49.822039706925075
2025-06-12 01:11:00,1.2
2025-06-12 22:47:00,69.3
2025-06-12 16:20:00,49.822039706925075
2025-06-12 21:58:00,49.822039706925075
2025-06-12 22:16:00,85.2
2025-06-12 06:13:00,11.9
2025-06-12 17:52:00,31.5
2025-06-12 09:29:00,21.9
2025-06-12 15:11:00,36.0
2025-06-12 04:13:00,13.9
2025-06-12 17:10:00,67.7
2025-06-12 11:23:00,72.3
2025-06-12 02:24:00,90.4
2025-06-12 14:43:00,8.7
2025-06-12 19:07:00,14.6
2025-06-12 11:23:00,86.4
2025-06-12 07:17:00,33.7
2025-06-12 06:30:00,91.6
2025-06-12 14:07:00,49.822039706925075
2025-06-12 13:47:00,36.3
2025-06-12 12:02:00,28.3
2025-06-12 03:44:00,96.8
2025-06-12 01:20:00,56.2
2025-06-12 16:37:00,82.9
2025-06-12 01:18:00,58.2
2025-06-12 17:14:00,63.3
2025-06-12 10:06:00,41.7
2025-06-12 04:01:00,34.9
2025-06-12 10:05:00,25.0
2025-06-12 11:44:00,88.1
2025-06-12 06:59:00,72.0
2025-06-12 23:51:00,31.2
2025-06-12 18:46:00,67.8
2025-06-12 10:06:00,66.7
2025-06-12 16:36:00,53.9
2025-06-12 13:33:00,62.8
2025-06-12 04:12:00,49.822039706925075
2025-06-12 23:02:00,70.9
2025-06-12 12:17:00,48.4
2025-06-12 22:59:00,67.2
2025-06-12 06:06:00,33.9
2025-06-12 14:22:00,49.822039706925075
2025-06-12 11:03:00,42.7
2025-06-12 01:30:00,32.2
2025-06-12 14:20:00,38.8
2025-06-12 16:35:00,71.7
2025-06-12 15:07:00,25.7
2025-06-12 21:00:00,87.3
2025-06-12 01:57:00,49.822039706925075
2025-06-12 21:03:00,52.1
2025-06-12 05:50:00,73.5
2025-06-12 21:17:00,49.822039706925075
2025-06-12 04:43:00,78.8
2025-06-12 16:51:00,63.0
2025-06-12 22:55:00,49.822039706925075
2025-06-12 22:03:00,49.4
2025-06-12 15:43:00,49.822039706925075
2025-06-12 06:05:00,49.822039706925075
2025-06-12 21:30:00,13.5
2025-06-12 04:39:00,41.2
2025-06-12 08:49:00,91.5
2025-06-12 20:12:00,8.8
2025-06-12 04:24:00,26.9
2025-06-12 00:25:00,86.0
2025-06-12 23:00:00,22.0
2025-06-12 21:11:00,23.8
2025-06-12 18:47:00,68.3
2025-06-12 16:34:00,81.9
2025-06-12 08:48:00,36.0
2025-06-12 02:17:00,49.822039706925075
2025-06-12 01:33:00,77.4
2025-06-12 14:28:00,84.7
2025-06-12 05:31:00,74.1
2025-06-12 18:35:00,61.2
2025-06-12 21:24:00,97.6
2025-06-12 00:45:00,27.9
2025-06-12 20:01:00,91.3
2025-06-12 06:10:00,6.3
2025-06-12 10:53:00,9.4
2025-06-12 12:30:00,30.9
2025-06-12 04:44:00,61.5
2025-06-12 11:30:00,20.3
2025-06-12 22:07:00,73.8
2025-06-12 12:34:00,50.313785814936594
2025-06-12 02:56:00,95.5
2025-06-12 10:49:00,0.3
2025-06-12 21:31:00,77.5
2025-06-12 14:32:00,50.313785814936594
2025-06-12 12:36:00,50.313785814936594
2025-06-12 06:43:00,6.1
2025-06-12 15:17:00,50.313785814936594
2025-06-12 08:56:00,65.3
2025-06-12 11:00:00,11.0
2025-06-12 13:22:00,50.313785814936594
2025-06-12 07:16:00,23.4
2025-06-12 04:53:00,46.9
2025-06-12 13:56:00,37.6
2025-06-12 06:19:00,54.0
2025-06-12 10:35:00,50.4
2025-06-12 08:22:00,94.2
2025-06-12 02:05:00,23.1
2025-06-12 23:32:00,43.2
2025-06-12 18:05:00,33.5
2025-06-12 09:52:00,50.313785814936594
2025-06-12 13:18:00,22.7
2025-06-12 23:37:00,24.7
2025-06-12 04:46:00,3.4
2025-06-12 03:22:00,54.0
2025-06-12 19:39:00,50.313785814936594
2025-06-12 18:31:00,63.2
2025-06-12 02:32:00,32.9
2025-06-12 23:02:00,86.1
2025-06-12 08:01:00,64.8
2025-06-12 02:53:00,50.313785814936594
2025-06-12 23:45:00,67.6
2025-06-12 13:23:00,47.2
2025-06-12 09:18:00,94.6
2025-06-12 18:50:00,24.5
2025-06-12 03:58:00,3.5
2025-06-12 02:45:00,51.3
2025-06-12 15:43:00,72.6
2025-06-12 06:28:00,18.5
2025-06-12 01:05:00,64.4
2025-06-12 02:48:00,98.7
2025-06-12 07:16:00,14.3
2025-06-12 08:32:00,58.2
2025-06-12 01:46:00,50.313785814936594
2025-06-12 06:58:00,68.1
2025-06-12 09:09:00,40.3
2025-06-12 13:01:00,90.3
2025-06-12 11:51:00,50.313785814936594
2025-06-12 10:24:00,86.8
2025-06-12 13:59:00,63.7
2025-06-12 03:02:00,69.7
2025-06-12 02:42:00,3.1
2025-06-12 03:31:00,53.1
2025-06-12 09:48:00,47.2
2025-06-12 07:11:00,88.9
2025-06-12 07:56:00,50.313785814936594
2025-06-12 08:25:00,13.4
2025-06-12 01:50:00,40.4
2025-06-12 08:33:00,90.3
2025-06-12 10:53:00,39.2
2025-06-12 11:44:00,28.3
2025-06-12 17:09:00,63.0
2025-06-12 13:22:00,4.9
2025-06-12 17:33:00,28.5
2025-06-12 14:10:00,23.7
2025-06-12 13:58:00,21.9
2025-06-12 08:05:00,40.1
2025-06-12 11:39:00,85.2
2025-06-12 06:42:00,84.3
2025-06-12 18:54:00,69.4
2025-06-12 22:23:00,50.313785814936594
2025-06-12 11:43:00,37.7
2025-06-12 21:30:00,52.5
2025-06-12 03:33:00,8.7
2025-06-12 00:37:00,50.313785814936594
2025-06-12 23:58:00,43.4
2025-06-12 22:43:00,42.1
2025-06-12 04:02:00,48.7
2025-06-12 12:04:00,14.2
2025-06-12 16:25:00,2.5
2025-06-12 16:34:00,47.3
2025-06-12 02:08:00,0.8
2025-06-12 02:00:00,50.313785814936594
2025-06-12 19:30:00,20.4
2025-06-12 05:59:00,81.5
2025-06-12 20:20:00,75.1
2025-06-12 05:01:00,88.7
2025-06-12 16:02:00,30.0
2025-06-12 22:52:00,49.7
2025-06-12 00:29:00,37.0
2025-06-12 23:33:00,65.1
2025-06-12 18:42:00,18.4
2025-06-12 22:59:00,66.4
2025-06-12 21:44:00,58.8
2025-06-12 08:27:00,60.3
2025-06-12 04:30:00,71.6
2025-06-12 11:20:00,12.8
2025-06-12 22:49:00,57.8
2025-06-12 00:39:00,67.5
2025-06-12 19:36:00,31.0
2025-06-12 20:21:00,46.4
2025-06-12 07:58:00,69.3
2025-06-12 06:06:00,69.1
2025-06-12 04:50:00,29.4
2025-06-12 22:32:00,30.6
2025-06-12 05:51:00,91.9
2025-06-12 16:59:00,80.0
2025-06-12 01:15:00,40.8
2025-06-12 18:08:00,56.3
2025-06-12 12:40:00,11.7
2025-06-12 17:58:00,58.0
2025-06-12 08:57:00,59.2
2025-06-12 08:12:00,34.5
2025-06-12 03:18:00,18.4
2025-06-12 18:36:00,88.1
2025-06-12 16:25:00,99.3
2025-06-12 12:17:00,82.9
2025-06-12 16:48:00,50.313785814936594
2025-06-12 05:21:00,50.313785814936594
2025-06-12 00:46:00,50.313785814936594
2025-06-12 01:11:00,50.313785814936594
2025-06-12 08:52:00,10.3
2025-06-12 08:05:00,53.5
2025-06-12 17:11:00,15.4
2025-06-12 04:49:00,50.313785814936594
2025-06-12 08:01:00,50.313785814936594
2025-06-12 09:54:00,88.0
2025-06-12 17:35:00,94.9
2025-06-12 14:27:00,50.313785814936594
2025-06-12 18:20:00,88.9
2025-06-12 18:41:00,42.5
2025-06-12 18:14:00,94.6
2025-06-12 11:05:00,32.9
2025-06-12 03:18:00,67.8
2025-06-12 03:25:00,4.5
2025-06-12 09:10:00,50.313785814936594
2025-06-12 21:08:00,5.4
2025-06-12 07:15:00,23.5
2025-06-12 12:09:00,42.7
2025-06-12 00:26:00,54.5
2025-06-12 22:45:00,13.7
2025-06-12 22:46:00,9.5
2025-06-12 21:56:00,16.1
2025-06-12 19:22:00,81.2
2025-06-12 05:35:00,56.2
2025-06-12 07:38:00,84.8
2025-06-12 23:48:00,55.0
2025-06-12 04:18:00,22.4
2025-06-12 08:38:00,50.313785814936594
2025-06-12 08:43:00,59.3
2025-06-12 12:02:00,60.4
2025-06-12 09:10:00,89.1
2025-06-12 19:34:00,96.9
2025-06-12 01:49:00,55.4
2025-06-12 03:32:00,11.4
2025-06-12 21:34:00,89.3
2025-06-12 14:51:00,50.313785814936594
2025-06-12 11:20:00,84.9
2025-06-12 10:38:00,63.1
2025-06-12 07:21:00,60.9
2025-06-12 17:56:00,57.5
2025-06-12 10:14:00,32.7
2025-06-12 12:19:00,50.313785814936594
2025-06-12 12:34:00,50.313785814936594
2025-06-12 02:14:00,8.6
2025-06-12 01:38:00,30.7
2025-06-12 22:04:00,11.5
2025-06-12 12:58:00,64.7
2025-06-12 20:25:00,63.3
2025-06-12 04:04:00,50.313785814936594
2025-06-12 19:12:00,50.313785814936594
2025-06-12 03:33:00,43.2
2025-06-12 08:45:00,21.2
2025-06-12 05:11:00,87.8
2025-06-12 09:23:00,85.9
2025-06-12 11:37:00,49.9
2025-06-12 15:23:00,19.9
2025-06-12 10:48:00,90.0
2025-06-12 11:32:00,0.5
2025-06-12 19:19:00,8.2
2025-06-12 06:58:00,64.5
2025-06-12 06:08:00,39.4
2025-06-12 04:25:00,25.6
2025-06-12 06:22:00,19.9
2025-06-12 17:00:00,17.0
2025-06-12 12:03:00,48.7
2025-06-12 08:02:00,76.3
2025-06-12 12:02:00,79.6
2025-06-12 20:12:00,50.313785814936594
2025-06-12 01:20:00,99.3
2025-06-12 15:09:00,99.8
2025-06-12 09:07:00,0.2
2025-06-12 19:39:00,2.5
2025-06-12 20:35:00,81.9
2025-06-12 13:08:00,50.313785814936594
2025-06-12 04:35:00,34.3
2025-06-12 21:20:00,50.313785814936594
2025-06-12 10:45:00,84.6
2025-06-12 21:44:00,38.8
2025-06-12 10:51:00,64.1
2025-06-12 16:57:00,93.1
2025-06-12 21:46:00,13.0
2025-06-12 10:15:00,88.8
2025-06-12 19:40:00,66.1
2025-06-12 04:08:00,63.8
2025-06-12 04:58:00,76.0
2025-06-12 14:31:00,51.3
2025-06-12 21:49:00,36.6
2025-06-12 05:37:00,72.7
2025-06-12 14:56:00,78.7
2025-06-12 18:52:00,59.9
2025-06-12 21:01:00,83.8
2025-06-12 17:17:00,8.8
2025-06-12 01:31:00,48.5
2025-06-12 20:05:00,82.1
2025-06-12 17:30:00,30.1
2025-06-12 04:24:00,68.2
2025-06-12 16:20:00,61.2
2025-06-12 05:14:00,90.6
2025-06-12 00:17:00,11.0
2025-06-12 06:18:00,2.4
2025-06-12 12:49:00,73.5
2025-06-12 12:46:00,24.7
2025-06-12 10:08:00,8.4
2025-06-12 02:24:00,50.313785814936594
2025-06-12 02:16:00,50.313785814936594
2025-06-12 10:51:00,69.5
2025-06-12 17:15:00,39.9
2025-06-12 04:28:00,85.9
2025-06-12 17:14:00,77.5
2025-06-12 11:45:00,3.0
2025-06-12 16:22:00,35.6
2025-06-12 19:39:00,36.0
2025-06-12 07:49:00,50.313785814936594
2025-06-12 12:55:00,88.1
2025-06-12 21:46:00,83.7
2025-06-12 19:12:00,55.6
2025-06-12 13:17:00,89.0
2025-06-12 13:59:00,32.0
2025-06-12 04:09:00,33.7
2025-06-12 05:21:00,95.9
2025-06-12 19:02:00,66.3
2025-06-12 02:59:00,7.0
2025-06-12 11:53:00,22.3
2025-06-12 05:48:00,16.0
2025-06-12 05:59:00,50.313785814936594
2025-06-12 02:05:00,50.5
2025-06-12 11:22:00,75.9
2025-06-12 20:48:00,50.313785814936594
2025-06-12 12:57:00,99.3
2025-06-12 21:34:00,25.8
2025-06-12 16:56:00,59.7
2025-06-12 23:29:00,4.1
2025-06-12 21:34:00,68.8
2025-06-12 19:28:00,0.3
2025-06-12 05:43:00,86.4
2025-06-12 13:20:00,50.313785814936594
2025-06-12 10:25:00,32.3
2025-06-12 04:46:00,41.8
2025-06-12 20:23:00,97.8
2025-06-12 20:57:00,93.8
2025-06-12 05:36:00,79.8
2025-06-12 18:20:00,50.313785814936594
2025-06-12 04:12:00,22.3
2025-06-12 09:21:00,81.6
2025-06-12 17:29:00,41.1
2025-06-12 01:02:00,60.7
2025-06-12 23:56:00,74.9
2025-06-12 01:13:00,93.7
2025-06-12 16:57:00,51.2
2025-06-12 05:27:00,36.3
2025-06-12 11:52:00,68.5
2025-06-12 14:12:00,50.313785814936594
2025-06-12 00:09:00,32.1
2025-06-12 03:48:00,61.5
2025-06-12 09:23:00,65.7
2025-06-12 01:39:00,93.1
2025-06-12 13:30:00,43.6
2025-06-12 15:14:00,90.4
2025-06-12 09:38:00,26.6
2025-06-12 08:58:00,50.313785814936594
2025-06-12 06:22:00,70.7
2025-06-12 01:02:00,71.5
2025-06-12 21:54:00,50.6
2025-06-12 19:48:00,70.9
2025-06-12 05:03:00,25.2
2025-06-12 04:23:00,23.0
2025-06-12 19:04:00,50.313785814936594
2025-06-12 05:28:00,64.6
2025-06-12 10:30:00,58.2
2025-06-12 18:04:00,85.8
2025-06-12 08:33:00,39.3
2025-06-12 22:54:00,19.6
2025-06-12 01:53:00,49.947505013566115
2025-06-12 03:18:00,51.2
2025-06-12 08:14:00,40.7
2025-06-12 03:15:00,25.1
2025-06-12 16:54:00,49.947505013566115
2025-06-12 06:34:00,17.4
2025-06-12 10:29:00,41.9
2025-06-12 06:43:00,76.1
2025-06-12 13:01:00,69.8
2025-06-12 22:26:00,9.2
2025-06-12 05:30:00,85.0
2025-06-12 22:07:00,7.7
2025-06-12 09:05:00,31.2
2025-06-12 20:24:00,34.6
2025-06-12 15:03:00,55.6
2025-06-12 10:32:00,54.8
2025-06-12 18:16:00,0.1
2025-06-12 08:24:00,20.3
2025-06-12 20:09:00,76.2
2025-06-12 01:24:00,5.2
2025-06-12 13:16:00,22.9
2025-06-12 01:13:00,29.4
2025-06-12 02:38:00,45.4
2025-06-12 14:57:00,1.7
2025-06-12 10:12:00,49.947505013566115
2025-06-12 13:29:00,49.947505013566115
2025-06-12 05:03:00,75.2
2025-06-12 02:01:00,40.6
2025-06-12 22:17:00,49.0
2025-06-12 20:12:00,24.7
2025-06-12 06:11:00,9.1
2025-06-12 19:50:00,31.5
2025-06-12 17:12:00,49.6
2025-06-12 06:05:00,53.1
2025-06-12 16:55:00,20.1
2025-06-12 02:35:00,49.947505013566115
2025-06-12 23:14:00,74.2
2025-06-12 03:45:00,12.9
2025-06-12 02:00:00,27.9
2025-06-12 06:55:00,26.3
2025-06-12 01:10:00,49.947505013566115
2025-06-12 23:54:00,39.8
2025-06-12 06:46:00,49.947505013566115
2025-06-12 02:01:00,72.3
2025-06-12 09:23:00,76.2
2025-06-12 01:51:00,29.7
2025-06-12 23:34:00,36.6
2025-06-12 02:47:00,27.1
2025-06-12 05:47:00,28.1
2025-06-12 07:52:00,36.0
2025-06-12 00:11:00,49.947505013566115
2025-06-12 14:08:00,49.947505013566115
2025-06-12 08:15:00,76.7
2025-06-12 20:06:00,49.947505013566115
2025-06-12 00:16:00,49.947505013566115
2025-06-12 05:37:00,93.0
2025-06-12 09:41:00,70.2
2025-06-12 05:29:00,93.1
2025-06-12 02:18:00,54.0
2025-06-12 07:35:00,49.947505013566115
2025-06-12 10:06:00,97.7
2025-06-12 06:40:00,85.9
2025-06-12 15:02:00,86.1
2025-06-12 22:56:00,79.9
2025-06-12 02:48:00,85.0
2025-06-12 07:02:00,5.5
2025-06-12 14:09:00,21.0
2025-06-12 09:19:00,33.8
2025-06-12 07:03:00,49.947505013566115
2025-06-12 10:41:00,32.6
2025-06-12 19:09:00,22.0
2025-06-12 18:37:00,42.4
2025-06-12 00:43:00,36.9
2025-06-12 16:33:00,22.6
2025-06-12 20:01:00,49.947505013566115
2025-06-12 03:26:00,69.8
2025-06-12 15:20:00,27.4
2025-06-12 05:27:00,60.3
2025-06-12 18:35:00,69.0
2025-06-12 14:05:00,67.7
2025-06-12 18:46:00,49.947505013566115
2025-06-12 17:11:00,55.3
2025-06-12 03:35:00,49.947505013566115
2025-06-12 05:43:00,6.8
2025-06-12 10:06:00,45.5
2025-06-12 05:01:00,49.947505013566115
2025-06-12 19:17:00,98.5
2025-06-12 16:46:00,29.2
2025-06-12 05:38:00,4.3
2025-06-12 07:50:00,63.7
2025-06-12 21:06:00,89.7
2025-06-12 06:52:00,77.2
2025-06-12 08:59:00,49.947505013566115
2025-06-12 21:06:00,33.4
2025-06-12 06:57:00,49.947505013566115
2025-06-12 06:58:00,92.8
2025-06-12 23:31:00,13.3
2025-06-12 01:08:00,49.947505013566115
2025-06-12 00:17:00,55.7
2025-06-12 10:53:00,1.9
2025-06-12 09:09:00,12.7
2025-06-12 04:46:00,49.947505013566115
2025-06-12 05:12:00,61.2
2025-06-12 16:30:00,45.3
2025-06-12 09:33:00,49.947505013566115
2025-06-12 08:12:00,34.4
2025-06-12 22:25:00,49.947505013566115
2025-06-12 06:17:00,16.7
2025-06-12 23:08:00,61.7
2025-06-12 04:19:00,17.3
2025-06-12 01:15:00,30.4
2025-06-12 07:11:00,37.8
2025-06-12 06:04:00,16.6
2025-06-12 01:05:00,17.9
2025-06-12 01:39:00,36.5
2025-06-12 21:34:00,85.5
2025-06-12 03:28:00,68.3
2025-06-12 21:52:00,49.947505013566115
2025-06-12 12:47:00,89.0
2025-06-12 07:13:00,1.3
2025-06-12 19:45:00,78.4
2025-06-12 03:37:00,31.2
2025-06-12 01:30:00,49.947505013566115
2025-06-12 17:51:00,39.1
2025-06-12 19:06:00,50.7
2025-06-12 12:06:00,19.5
2025-06-12 01:40:00,49.947505013566115
2025-06-12 21:09:00,63.9
2025-06-12 12:20:00,20.5
2025-06-12 14:11:00,71.4
2025-06-12 10:43:00,49.947505013566115
2025-06-12 13:02:00,68.6
2025-06-12 17:22:00,1.0
2025-06-12 15:56:00,77.6
2025-06-12 10:40:00,91.7
2025-06-12 19:15:00,80.6
2025-06-12 02:58:00,27.2
2025-06-12 07:25:00,8.9
2025-06-12 19:51:00,39.3
2025-06-12 12:59:00,11.0
2025-06-12 03:31:00,50.1
2025-06-12 15:43:00,63.1
2025-06-12 19:03:00,5.1
2025-06-12 23:06:00,71.0
2025-06-12 08:07:00,81.3
2025-06-12 20:51:00,89.8
2025-06-12 11:20:00,76.5
2025-06-12 02:17:00,6.5
2025-06-12 01:56:00,80.7
2025-06-12 16:34:00,93.9
2025-06-12 09:44:00,49.947505013566115
2025-06-12 09:53:00,49.947505013566115
2025-06-12 08:19:00,12.1
2025-06-12 16:27:00,67.5
2025-06-12 20:42:00,21.5
2025-06-12 12:36:00,78.4
2025-06-12 23:42:00,56.0
2025-06-12 00:03:00,49.947505013566115
2025-06-12 00:35:00,8.5
2025-06-12 05:29:00,12.7
2025-06-12 12:53:00,73.7
2025-06-12 12:56:00,9.1
2025-06-12 21:31:00,5.6
2025-06-12 05:48:00,3.8
2025-06-12 04:19:00,32.9
2025-06-12 19:23:00,51.2
2025-06-12 18:46:00,49.947505013566115
2025-06-12 07:03:00,1.5
2025-06-12 23:32:00,64.7
2025-06-12 00:19:00,28.2
2025-06-12 17:51:00,68.5
2025-06-12 05:22:00,3.9
2025-06-12 21:31:00,49.947505013566115
2025-06-12 10:16:00,49.947505013566115
2025-06-12 20:29:00,53.0
2025-06-12 23:36:00,43.3
2025-06-12 10:39:00,25.1
2025-06-12 20:56:00,1.0
2025-06-12 22:27:00,22.6
2025-06-12 17:22:00,6.0
2025-06-12 02:00:00,49.947505013566115
2025-06-12 09:48:00,79.3
2025-06-12 00:27:00,86.0
2025-06-12 22:08:00,5.6
2025-06-12 18:03:00,86.9
2025-06-12 17:30:00,7.6
2025-06-12 22:53:00,49.5
2025-06-12 14:39:00,49.947505013566115
2025-06-12 14:03:00,49.947505013566115
2025-06-12 23:09:00,29.9
2025-06-12 20:26:00,73.5
2025-06-12 15:38:00,49.947505013566115
2025-06-12 15:41:00,70.8
2025-06-12 05:28:00,83.0
2025-06-12 15:38:00,79.5
2025-06-12 19:47:00,49.947505013566115
2025-06-12 12:04:00,51.7
2025-06-12 08:03:00,30.5
2025-06-12 21:14:00,49.947505013566115
2025-06-12 11:26:00,41.3
2025-06-12 19:45:00,50.4
2025-06-12 14:43:00,49.947505013566115
2025-06-12 00:45:00,52.9
2025-06-12 08:56:00,2.7
2025-06-12 22:30:00,78.4
2025-06-12 12:06:00,84.5
2025-06-12 21:16:00,32.4
2025-06-12 01:02:00,81.1
2025-06-12 13:09:00,67.7
2025-06-12 05:46:00,97.8
2025-06-12 22:09:00,84.3
2025-06-12 03:21:00,84.9
2025-06-12 05:34:00,64.6
2025-06-12 18:50:00,42.3
2025-06-12 17:07:00,53.1
2025-06-12 00:28:00,49.947505013566115
2025-06-12 16:53:00,92.0
2025-06-12 06:09:00,84.3
2025-06-12 15:04:00,30.1
2025-06-12 14:21:00,24.9
2025-06-12 20:06:00,67.5
2025-06-12 19:36:00,8.2
2025-06-12 00:04:00,45.4
2025-06-12 14:50:00,42.6
2025-06-12 03:19:00,3.0
2025-06-12 14:59:00,5.3
2025-06-12 10:51:00,39.0
2025-06-12 06:04:00,80.7
2025-06-12 10:03:00,2.0
2025-06-12 14:02:00,49.947505013566115
2025-06-12 18:44:00,55.5
2025-06-12 22:15:00,89.0
2025-06-12 04:50:00,86.2
2025-06-12 13:40:00,15.3
2025-06-12 14:37:00,49.947505013566115
2025-06-12 17:12:00,72.0
2025-06-12 02:04:00,61.7
2025-06-12 02:40:00,19.4
2025-06-12 13:05:00,90.3
2025-06-12 09:49:00,60.1
2025-06-12 11:49:00,18.9
2025-06-12 01:44:00,16.3
2025-06-12 15:32:00,73.0
2025-06-12 12:54:00,63.9
2025-06-12 02:05:00,10.9
2025-06-12 06:01:00,54.3
2025-06-12 15:46:00,76.4
2025-06-12 10:35:00,3.6
2025-06-12 04:33:00,49.947505013566115
2025-06-12 00:46:00,96.2
2025-06-12 18:24:00,49.947505013566115
2025-06-12 14:39:00,61.7
2025-06-12 14:05:00,63.0
2025-06-12 00:10:00,4.3
2025-06-12 18:04:00,82.5
2025-06-12 06:52:00,85.8
2025-06-12 21:15:00,15.7
2025-06-12 10:05:00,11.1
2025-06-12 12:05:00,76.4
2025-06-12 20:04:00,39.4
2025-06-12 10:44:00,49.947505013566115
2025-06-12 13:31:00,56.1
2025-06-12 16:50:00,98.3
2025-06-12 04:48:00,41.7
2025-06-12 02:19:00,3.6
2025-06-12 11:56:00,37.4
2025-06-12 15:08:00,74.0
2025-06-12 07:58:00,89.2
2025-06-12 12:28:00,81.2
2025-06-12 12:17:00,90.0
2025-06-12 04:14:00,32.2
2025-06-12 09:09:00,65.1
2025-06-12 00:02:00,84.8
2025-06-12 02:33:00,95.1
2025-06-12 20:32:00,57.1
2025-06-12 02:22:00,95.0
2025-06-12 00:19:00,49.947505013566115
2025-06-12 03:41:00,25.8
2025-06-12 00:12:00,36.3
2025-06-12 12:24:00,63.9
2025-06-12 20:18:00,49.947505013566115
2025-06-12 09:38:00,44.5
2025-06-12 05:22:00,95.8
2025-06-12 11:52:00,49.947505013566115
2025-06-12 23:35:00,43.0
2025-06-12 17:48:00,41.1
2025-06-12 16:44:00,96.7
2025-06-12 00:54:00,57.9
2025-06-12 19:07:00,49.947505013566115
2025-06-12 04:09:00,41.8
2025-06-12 22:18:00,49.947505013566115
2025-06-12 16:45:00,38.3
2025-06-12 02:19:00,72.3
2025-06-12 04:33:00,95.3
2025-06-12 07:58:00,93.5
2025-06-12 03:16:00,49.947505013566115
2025-06-12 19:37:00,48.0
2025-06-12 00:38:00,49.947505013566115
2025-06-12 14:33:00,13.7
2025-06-12 22:43:00,56.8
2025-06-12 21:05:00,96.9
2025-06-12 09:59:00,85.2
2025-06-12 14:52:00,49.947505013566115
2025-06-12 23:25:00,43.2
2025-06-12 18:57:00,77.9
2025-06-12 14:49:00,93.1
2025-06-12 11:01:00,42.3
2025-06-12 05:39:00,17.8
2025-06-12 16:26:00,59.0
2025-06-12 05:12:00,85.8
2025-06-12 23:23:00,8.2
2025-06-12 11:02:00,20.7
2025-06-12 19:01:00,5.1
2025-06-12 12:25:00,10.1
2025-06-12 18:27:00,7.4
2025-06-12 12:45:00,49.947505013566115
2025-06-12 06:43:00,30.4
2025-06-12 16:27:00,18.8
2025-06-12 17:00:00,49.947505013566115
2025-06-12 01:01:00,35.3
2025-06-12 21:23:00,70.7
2025-06-12 06:33:00,56.8
2025-06-12 10:22:00,19.1
2025-06-12 09:59:00,55.5
2025-06-12 21:07:00,20.8
2025-06-12 08:51:00,57.9
2025-06-12 21:55:00,76.3
2025-06-12 13:45:00,36.4
2025-06-12 15:09:00,96.8
2025-06-12 21:57:00,95.0
2025-06-12 08:43:00,32.4
2025-06-12 07:50:00,27.7
2025-06-12 04:55:00,91.6
2025-06-12 13:38:00,3.0
2025-06-12 09:53:00,49.0
2025-06-12 07:58:00,99.5
2025-06-12 00:05:00,50.31471380077256
2025-06-12 09:51:00,75.5
2025-06-12 15:19:00,49.4
2025-06-12 01:51:00,81.3
2025-06-12 03:21:00,22.5
2025-06-12 18:19:00,49.9
2025-06-12 10:03:00,58.9
2025-06-12 21:48:00,61.5
2025-06-12 22:41:00,7.7
2025-06-12 12:25:00,8.4
2025-06-12 17:47:00,50.31471380077256
2025-06-12 10:45:00,48.0
2025-06-12 01:00:00,65.6
2025-06-12 15:21:00,89.0
2025-06-12 02:34:00,36.8
2025-06-12 00:04:00,48.2
2025-06-12 23:07:00,40.3
2025-06-12 06:32:00,16.0
2025-06-12 14:32:00,50.31471380077256
2025-06-12 19:39:00,15.6
2025-06-12 13:19:00,50.31471380077256
2025-06-12 19:02:00,92.7
2025-06-12 06:54:00,7.1
2025-06-12 01:00:00,93.0
2025-06-12 10:01:00,23.8
2025-06-12 13:44:00,87.3
2025-06-12 14:38:00,4.8
2025-06-12 00:54:00,78.2
2025-06-12 22:29:00,98.0
2025-06-12 15:23:00,50.31471380077256
2025-06-12 18:06:00,2.2
2025-06-12 12:56:00,99.4
2025-06-12 06:13:00,50.31471380077256
2025-06-12 07:58:00,50.31471380077256
2025-06-12 13:17:00,72.9
2025-06-12 18:54:00,54.9
2025-06-12 15:27:00,68.2
2025-06-12 00:26:00,21.2
2025-06-12 00:41:00,3.9
2025-06-12 22:54:00,92.1
2025-06-12 12:15:00,51.2
2025-06-12 07:55:00,37.2
2025-06-12 21:08:00,50.31471380077256
2025-06-12 06:29:00,98.2
2025-06-12 20:47:00,92.8
2025-06-12 02:00:00,70.2
2025-06-12 07:29:00,53.7
2025-06-12 00:50:00,66.4
2025-06-12 07:08:00,40.9
2025-06-12 00:26:00,67.1
2025-06-12 06:33:00,4.0
2025-06-12 07:02:00,90.4
2025-06-12 06:12:00,19.4
2025-06-12 22:27:00,93.3
2025-06-12 03:52:00,50.31471380077256
2025-06-12 18:37:00,6.7
2025-06-12 14:07:00,23.4
2025-06-12 06:37:00,46.4
2025-06-12 11:15:00,11.2
2025-06-12 11:10:00,14.3
2025-06-12 15:25:00,55.9
2025-06-12 12:33:00,75.5
2025-06-12 15:42:00,75.6
2025-06-12 18:15:00,37.7
2025-06-12 01:59:00,50.31471380077256
2025-06-12 05:26:00,29.0
2025-06-12 10:55:00,50.31471380077256
2025-06-12 14:37:00,10.0
2025-06-12 04:25:00,95.0
2025-06-12 13:17:00,87.8
2025-06-12 09:27:00,23.1
2025-06-12 07:27:00,50.31471380077256
2025-06-12 21:12:00,50.31471380077256
2025-06-12 22:41:00,50.31471380077256
2025-06-12 18:48:00,5.1
2025-06-12 23:05:00,28.2
2025-06-12 14:35:00,37.8
2025-06-12 01:39:00,70.9
2025-06-12 07:59:00,41.0
2025-06-12 23:59:00,16.0
2025-06-12 00:58:00,80.9
2025-06-12 07:04:00,54.9
2025-06-12 21:23:00,26.9
2025-06-12 13:59:00,50.31471380077256
2025-06-12 11:55:00,46.3
2025-06-12 15:37:00,31.9
2025-06-12 07:11:00,44.8
2025-06-12 08:29:00,76.8
2025-06-12 14:35:00,50.31471380077256
2025-06-12 19:07:00,89.5
2025-06-12 17:52:00,50.31471380077256
2025-06-12 03:18:00,3.7
2025-06-12 05:33:00,15.4
2025-06-12 03:11:00,57.6
2025-06-12 09:08:00,68.0
2025-06-12 18:30:00,14.5
2025-06-12 22:36:00,72.6
2025-06-12 12:34:00,60.7
2025-06-12 22:48:00,85.2
2025-06-12 16:47:00,28.1
2025-06-12 18:14:00,48.1
2025-06-12 09:21:00,73.8
2025-06-12 01:44:00,26.2
2025-06-12 21:15:00,63.1
2025-06-12 11:24:00,50.31471380077256
2025-06-12 19:32:00,45.0
2025-06-12 05:36:00,50.31471380077256
2025-06-12 11:49:00,1.3
2025-06-12 10:20:00,50.31471380077256
2025-06-12 22:57:00,83.0
2025-06-12 06:00:00,45.2
2025-06-12 17:59:00,41.8
2025-06-12 13:01:00,39.8
2025-06-12 05:40:00,28.4
2025-06-12 15:10:00,84.8
2025-06-12 02:43:00,84.9
2025-06-12 12:39:00,93.0
2025-06-12 04:48:00,43.0
2025-06-12 01:45:00,8.4
2025-06-12 03:56:00,83.7
2025-06-12 16:57:00,12.9
2025-06-12 23:08:00,86.7
2025-06-12 10:26:00,26.8
2025-06-12 07:03:00,50.31471380077256
2025-06-12 22:35:00,3.7
2025-06-12 22:41:00,96.3
2025-06-12 19:14:00,71.8
2025-06-12 05:04:00,70.4
2025-06-12 18:43:00,73.7
2025-06-12 19:11:00,0.7
2025-06-12 14:00:00,26.1
2025-06-12 10:19:00,42.2
2025-06-12 05:04:00,29.6
2025-06-12 06:59:00,60.4
2025-06-12 23:54:00,45.7
2025-06-12 14:24:00,59.0
2025-06-12 11:37:00,59.2
2025-06-12 00:44:00,80.8
2025-06-12 22:39:00,6.2
2025-06-12 13:50:00,34.6
2025-06-12 06:18:00,82.8
2025-06-12 21:51:00,50.31471380077256
2025-06-12 23:36:00,5.1
2025-06-12 02:17:00,63.0
2025-06-12 08:25:00,50.31471380077256
2025-06-12 20:23:00,88.1
2025-06-12 14:23:00,35.7
2025-06-12 16:33:00,67.0
2025-06-12 04:16:00,6.5
2025-06-12 06:55:00,94.3
2025-06-12 10:37:00,50.31471380077256
2025-06-12 23:13:00,28.7
2025-06-12 18:38:00,87.3
2025-06-12 23:08:00,1.2
2025-06-12 14:01:00,55.2
2025-06-12 16:24:00,19.4
2025-06-12 09:49:00,44.4
2025-06-12 22:39:00,0.6
2025-06-12 01:08:00,81.5
2025-06-12 18:16:00,9.1
2025-06-12 16:29:00,44.7
2025-06-12 09:23:00,97.6
2025-06-12 18:35:00,50.31471380077256
2025-06-12 22:21:00,83.6
2025-06-12 18:32:00,27.1
2025-06-12 02:52:00,8.0
2025-06-12 12:06:00,37.9
2025-06-12 20:04:00,65.2
2025-06-12 15:29:00,83.4
2025-06-12 08:07:00,73.3
2025-06-12 07:23:00,50.8
2025-06-12 00:29:00,35.5
2025-06-12 12:46:00,37.4
2025-06-12 18:52:00,19.0
2025-06-12 00:28:00,50.31471380077256
2025-06-12 03:37:00,68.4
2025-06-12 12:44:00,58.6
2025-06-12 12:47:00,32.7
2025-06-12 09:58:00,3.4
2025-06-12 07:22:00,42.7
2025-06-12 21:18:00,13.7
2025-06-12 10:33:00,50.31471380077256
2025-06-12 17:09:00,1.0
2025-06-12 03:48:00,68.1
2025-06-12 02:06:00,50.31471380077256
2025-06-12 04:03:00,7.4
2025-06-12 06:14:00,22.9
2025-06-12 15:48:00,63.9
2025-06-12 07:34:00,92.9
2025-06-12 06:30:00,48.7
2025-06-12 11:27:00,64.0
2025-06-12 16:43:00,20.6
2025-06-12 07:08:00,59.6
2025-06-12 23:29:00,66.7
2025-06-12 01:57:00,76.5
2025-06-12 21:51:00,50.31471380077256
2025-06-12 20:58:00,65.8
2025-06-12 09:15:00,59.3
2025-06-12 06:13:00,23.1
2025-06-12 19:23:00,40.4
2025-06-12 08:54:00,50.31471380077256
2025-06-12 18:17:00,11.0
2025-06-12 03:58:00,95.6
2025-06-12 05:36:00,51.6
2025-06-12 04:17:00,99.5
2025-06-12 13:52:00,69.5
2025-06-12 20:18:00,62.2
2025-06-12 00:04:00,59.8
2025-06-12 08:41:00,69.1
2025-06-12 08:02:00,37.7
2025-06-12 06:41:00,13.9
2025-06-12 14:52:00,53.8
2025-06-12 23:14:00,55.2
2025-06-12 09:16:00,37.2
2025-06-12 03:16:00,74.3
2025-06-12 21:50:00,30.9
2025-06-12 18:48:00,22.0
2025-06-12 13:37:00,84.5
2025-06-12 23:48:00,53.4
2025-06-12 09:51:00,50.31471380077256
2025-06-12 04:10:00,98.2
2025-06-12 18:04:00,50.31471380077256
2025-06-12 20:29:00,66.3
2025-06-12 03:54:00,6.6
2025-06-12 20:29:00,96.1
2025-06-12 11:48:00,38.9
2025-06-12 01:39:00,93.9
2025-06-12 18:51:00,36.3
2025-06-12 20:46:00,89.8
2025-06-12 01:38:00,30.8
2025-06-12 18:41:00,42.2
2025-06-12 18:37:00,20.4
2025-06-12 09:34:00,16.7
2025-06-12 06:14:00,50.31471380077256
2025-06-12 06:58:00,51.0
2025-06-12 12:52:00,95.4
2025-06-12 06:46:00,52.3
2025-06-12 10:50:00,14.9
2025-06-12 17:18:00,50.31471380077256
2025-06-12 23:47:00,10.7
2025-06-12 17:25:00,50.4
2025-06-12 11:51:00,24.3
2025-06-12 11:19:00,24.5
2025-06-12 10:57:00,50.31471380077256
2025-06-12 19:25:00,50.31471380077256
2025-06-12 13:08:00,30.8
2025-06-12 17:39:00,50.31471380077256
2025-06-12 23:38:00,19.4
2025-06-12 00:41:00,78.8
2025-06-12 02:56:00,11.4
2025-06-12 16:19:00,79.8
2025-06-12 01:43:00,1.3
2025-06-12 03:03:00,78.8
2025-06-12 12:10:00,44.0
2025-06-12 10:13:00,1.8
2025-06-12 02:24:00,50.31471380077256
2025-06-12 07:37:00,64.0
2025-06-12 06:26:00,68.8
2025-06-12 00:32:00,90.8
2025-06-12 19:53:00,26.7
2025-06-12 18:34:00,86.1
2025-06-12 10:46:00,19.7
2025-06-12 16:08:00,71.7
2025-06-12 15:45:00,18.4
2025-06-12 12:25:00,79.5
2025-06-12 05:58:00,67.1
2025-06-12 02:43:00,72.4
2025-06-12 00:39:00,40.7
2025-06-12 19:28:00,22.3
2025-06-12 23:47:00,29.6
2025-06-12 21:43:00,86.4
2025-06-12 08:29:00,65.5
2025-06-12 03:12:00,50.31471380077256
2025-06-12 13:33:00,56.4
2025-06-12 13:30:00,9.5
2025-06-12 02:57:00,17.9
2025-06-12 05:15:00,61.5
2025-06-12 22:21:00,74.5
2025-06-12 03:21:00,95.2
2025-06-12 12:25:00,43.5
2025-06-12 17:22:00,3.9
2025-06-12 21:57:00,73.8
2025-06-12 14:01:00,10.3
2025-06-12 07:57:00,97.9
2025-06-12 18:55:00,93.0
2025-06-12 16:44:00,84.6
2025-06-12 01:43:00,50.31471380077256
2025-06-12 10:43:00,39.2
2025-06-12 01:16:00,78.1
2025-06-12 19:23:00,38.0
2025-06-12 00:12:00,26.3
2025-06-12 16:59:00,50.31471380077256
2025-06-12 23:00:00,50.31471380077256
2025-06-12 14:43:00,88.9
2025-06-12 17:53:00,20.1
2025-06-12 10:54:00,50.4
2025-06-12 23:51:00,84.3
2025-06-12 15:47:00,43.3
2025-06-12 18:08:00,23.8
2025-06-12 13:59:00,50.31471380077256
2025-06-12 00:07:00,20.8
2025-06-12 06:14:00,85.3
2025-06-12 09:33:00,43.0
2025-06-12 00:52:00,72.7
2025-06-12 12:02:00,43.2
2025-06-12 17:18:00,3.2
2025-06-12 01:29:00,55.4
2025-06-12 21:39:00,41.2
2025-06-12 07:06:00,26.9
2025-06-12 07:52:00,7.5
2025-06-12 07:00:00,48.5
2025-06-12 16:08:00,46.9
2025-06-12 18:23:00,45.3
2025-06-12 05:33:00,47.2
2025-06-12 13:15:00,50.31471380077256
2025-06-12 18:42:00,16.7
2025-06-12 16:22:00,28.7
2025-06-12 06:54:00,78.1
2025-06-12 20:22:00,32.2
2025-06-12 01:10:00,23.5
2025-06-12 11:19:00,89.1
2025-06-12 20:50:00,21.9
2025-06-12 13:14:00,9.2
2025-06-12 13:00:00,51.9
2025-06-12 00:12:00,37.8
2025-06-12 09:01:00,33.5
2025-06-12 20:01:00,40.5
2025-06-12 18:43:00,11.4
2025-06-12 01:30:00,5.1
2025-06-12 04:52:00,73.0
2025-06-12 19:36:00,49.873700916999766
2025-06-12 13:26:00,49.873700916999766
2025-06-12 16:55:00,34.9
2025-06-12 05:42:00,53.3
2025-06-12 01:34:00,83.7
2025-06-12 17:11:00,24.1
2025-06-12 22:04:00,65.4
2025-06-12 14:06:00,26.5
2025-06-12 03:51:00,68.6
2025-06-12 22:25:00,1.3
2025-06-12 20:49:00,52.0
2025-06-12 14:24:00,63.9
2025-06-12 00:52:00,15.4
2025-06-12 08:08:00,76.5
2025-06-12 13:00:00,49.873700916999766
2025-06-12 01:43:00,9.2
2025-06-12 19:38:00,34.8
2025-06-12 15:18:00,15.7
2025-06-12 19:57:00,49.873700916999766
2025-06-12 08:09:00,66.1
2025-06-12 10:17:00,28.0
2025-06-12 13:54:00,49.873700916999766
2025-06-12 07:45:00,49.873700916999766
2025-06-12 11:14:00,81.0
2025-06-12 14:38:00,15.8
2025-06-12 13:44:00,53.6
2025-06-12 15:28:00,49.873700916999766
2025-06-12 08:35:00,81.1
2025-06-12 07:38:00,82.4
2025-06-12 08:36:00,49.873700916999766
2025-06-12 21:08:00,92.8
2025-06-12 15:55:00,24.4
2025-06-12 09:05:00,65.6
2025-06-12 02:11:00,5.3
2025-06-12 18:17:00,46.1
2025-06-12 11:48:00,97.6
2025-06-12 00:10:00,66.9
2025-06-12 19:49:00,68.7
2025-06-12 04:44:00,49.873700916999766
2025-06-12 06:46:00,49.873700916999766
2025-06-12 06:11:00,84.1
2025-06-12 01:29:00,35.1
2025-06-12 14:51:00,9.7
2025-06-12 03:32:00,36.2
2025-06-12 21:30:00,39.4
2025-06-12 20:02:00,95.7
2025-06-12 09:11:00,50.5
2025-06-12 01:23:00,52.5
2025-06-12 08:10:00,22.3
2025-06-12 11:43:00,41.4
2025-06-12 14:00:00,80.4
2025-06-12 12:32:00,73.8
2025-06-12 11:24:00,93.4
2025-06-12 11:00:00,2.9
2025-06-12 11:00:00,63.3
2025-06-12 23:15:00,65.2
2025-06-12 00:57:00,68.0
2025-06-12 15:46:00,87.4
2025-06-12 10:20:00,55.6
2025-06-12 08:58:00,49.873700916999766
2025-06-12 22:58:00,52.3
2025-06-12 21:58:00,50.5
2025-06-12 16:42:00,2.0
2025-06-12 09:39:00,64.1
2025-06-12 15:37:00,26.2
2025-06-12 14:38:00,49.873700916999766
2025-06-12 17:12:00,18.4
2025-06-12 06:02:00,89.5
2025-06-12 13:24:00,19.4
2025-06-12 19:03:00,32.5
2025-06-12 05:26:00,88.3
2025-06-12 01:26:00,54.7
2025-06-12 02:56:00,23.4
2025-06-12 10:09:00,3.0
2025-06-12 13:42:00,47.8
2025-06-12 17:08:00,80.4
2025-06-12 00:48:00,45.1
2025-06-12 12:53:00,88.9
2025-06-12 20:33:00,49.7
2025-06-12 17:59:00,46.9
2025-06-12 01:53:00,69.6
2025-06-12 09:41:00,68.6
2025-06-12 10:51:00,63.4
2025-06-12 04:58:00,49.873700916999766
2025-06-12 14:12:00,51.5
2025-06-12 13:17:00,88.2
2025-06-12 20:55:00,38.1
2025-06-12 17:41:00,42.7
2025-06-12 10:30:00,64.8
2025-06-12 00:22:00,37.7
2025-06-12 04:01:00,4.1
2025-06-12 08:37:00,82.0
2025-06-12 02:13:00,64.5
2025-06-12 13:29:00,69.3
2025-06-12 09:08:00,57.7
2025-06-12 12:34:00,19.5
2025-06-12 16:40:00,7.4
2025-06-12 11:35:00,59.8
2025-06-12 06:13:00,98.4
2025-06-12 12:41:00,40.4
2025-06-12 13:43:00,80.4
2025-06-12 18:06:00,32.6
2025-06-12 09:23:00,84.6
2025-06-12 20:13:00,87.3
2025-06-12 12:50:00,76.8
2025-06-12 05:33:00,49.873700916999766
2025-06-12 01:53:00,90.9
2025-06-12 19:43:00,33.9
2025-06-12 12:02:00,8.1
2025-06-12 09:03:00,82.5
2025-06-12 22:49:00,79.5
2025-06-12 18:55:00,52.4
2025-06-12 18:52:00,49.873700916999766
2025-06-12 16:53:00,14.7
2025-06-12 23:06:00,69.8
2025-06-12 23:28:00,41.8
2025-06-12 05:01:00,17.5
2025-06-12 14:13:00,55.0
2025-06-12 19:54:00,6.0
2025-06-12 04:42:00,0.1
2025-06-12 06:27:00,11.9
2025-06-12 03:43:00,49.873700916999766
2025-06-12 02:08:00,71.2
2025-06-12 13:59:00,48.4
2025-06-12 04:31:00,57.5
2025-06-12 11:04:00,49.873700916999766
2025-06-12 20:45:00,81.5
2025-06-12 19:41:00,84.2
2025-06-12 10:55:00,49.873700916999766
2025-06-12 10:39:00,49.873700916999766
2025-06-12 11:37:00,70.0
2025-06-12 03:32:00,2.1
2025-06-12 07:03:00,49.873700916999766
2025-06-12 02:38:00,52.8
2025-06-12 11:27:00,5.3
2025-06-12 15:06:00,49.873700916999766
2025-06-12 09:56:00,54.7
2025-06-12 02:25:00,49.873700916999766
2025-06-12 10:13:00,10.0
2025-06-12 22:31:00,29.5
2025-06-12 08:00:00,61.8
2025-06-12 22:56:00,16.0
2025-06-12 05:10:00,1.2
2025-06-12 19:08:00,0.7
2025-06-12 16:24:00,49.873700916999766
2025-06-12 17:27:00,58.0
2025-06-12 11:11:00,17.2
2025-06-12 21:47:00,49.873700916999766
2025-06-12 13:44:00,11.0
2025-06-12 13:12:00,80.3
2025-06-12 08:18:00,47.8
2025-06-12 01:25:00,3.2
2025-06-12 18:12:00,29.9
2025-06-12 11:38:00,26.3
2025-06-12 14:34:00,44.8
2025-06-12 20:21:00,76.7
2025-06-12 18:18:00,3.4
2025-06-12 01:02:00,73.9
2025-06-12 01:35:00,52.0
2025-06-12 02:53:00,6.5
2025-06-12 18:48:00,23.2
2025-06-12 14:57:00,86.5
2025-06-12 20:46:00,91.0
2025-06-12 09:47:00,39.9
2025-06-12 02:50:00,49.873700916999766
2025-06-12 14:37:00,49.873700916999766
2025-06-12 00:44:00,26.0
2025-06-12 01:00:00,68.7
2025-06-12 20:46:00,34.1
2025-06-12 15:04:00,93.0
2025-06-12 01:07:00,20.0
2025-06-12 17:33:00,78.9
2025-06-12 22:33:00,12.1
2025-06-12 04:37:00,49.873700916999766
2025-06-12 17:00:00,34.8
2025-06-12 08:41:00,8.0
2025-06-12 23:10:00,2.5
2025-06-12 12:59:00,96.9
2025-06-12 05:04:00,56.2
2025-06-12 15:49:00,66.6
2025-06-12 08:14:00,4.0
2025-06-12 01:47:00,56.4
2025-06-12 05:01:00,49.873700916999766
2025-06-12 02:20:00,75.3
2025-06-12 10:31:00,50.3
2025-06-12 11:42:00,69.9
2025-06-12 18:26:00,74.7
2025-06-12 13:11:00,99.8
2025-06-12 15:06:00,49.873700916999766
2025-06-12 18:33:00,75.4
2025-06-12 23:26:00,3.8
2025-06-12 16:19:00,71.5
2025-06-12 11:09:00,6.4
2025-06-12 14:34:00,61.9
2025-06-12 07:11:00,78.8
2025-06-12 11:04:00,68.1
2025-06-12 19:12:00,82.5
2025-06-12 16:51:00,16.3
2025-06-12 23:34:00,1.2
2025-06-12 16:29:00,76.5
2025-06-12 18:17:00,28.9
2025-06-12 18:47:00,42.0
2025-06-12 08:09:00,86.7
2025-06-12 19:52:00,22.6
2025-06-12 00:37:00,86.5
2025-06-12 11:26:00,19.6
2025-06-12 13:17:00,49.873700916999766
2025-06-12 16:43:00,63.4
2025-06-12 07:49:00,53.8
2025-06-12 21:03:00,28.8
2025-06-12 08:47:00,50.3
2025-06-12 02:53:00,28.2
2025-06-12 14:20:00,45.1
2025-06-12 10:13:00,35.6
2025-06-12 20:29:00,58.4
2025-06-12 18:09:00,85.2
2025-06-12 13:52:00,4.1
2025-06-12 22:02:00,49.1
2025-06-12 17:59:00,22.3
2025-06-12 00:45:00,29.9
2025-06-12 21:25:00,93.9
2025-06-12 06:11:00,83.4
2025-06-12 02:33:00,19.1
2025-06-12 18:56:00,87.5
2025-06-12 04:03:00,6.9
2025-06-12 08:27:00,83.7
2025-06-12 01:33:00,45.3
2025-06-12 17:43:00,17.1
2025-06-12 15:03:00,67.5
2025-06-12 11:31:00,34.0
2025-06-12 18:46:00,45.7
2025-06-12 00:31:00,80.9
2025-06-12 16:05:00,74.6
2025-06-12 20:19:00,49.873700916999766
2025-06-12 11:29:00,49.873700916999766
2025-06-12 13:08:00,64.9
2025-06-12 01:19:00,49.873700916999766
2025-06-12 11:24:00,34.7
2025-06-12 03:36:00,12.2
2025-06-12 23:19:00,95.5
2025-06-12 05:04:00,68.5
2025-06-12 07:48:00,38.6
2025-06-12 18:23:00,25.7
2025-06-12 22:17:00,16.6
2025-06-12 06:02:00,49.873700916999766
2025-06-12 06:08:00,91.2
2025-06-12 17:42:00,1.8
2025-06-12 14:46:00,80.2
2025-06-12 13:39:00,11.9
2025-06-12 21:11:00,66.9
2025-06-12 00:29:00,46.2
2025-06-12 11:05:00,36.3
2025-06-12 03:19:00,70.4
2025-06-12 12:15:00,71.4
2025-06-12 19:46:00,35.3
2025-06-12 03:25:00,28.2
2025-06-12 07:39:00,49.5
2025-06-12 05:43:00,45.7
2025-06-12 01:42:00,21.8
2025-06-12 02:02:00,49.873700916999766
2025-06-12 06:35:00,83.0
2025-06-12 05:09:00,17.5
2025-06-12 22:24:00,34.7
2025-06-12 05:19:00,11.0
2025-06-12 09:26:00,94.6
2025-06-12 13:06:00,91.6
2025-06-12 16:40:00,82.6
2025-06-12 23:07:00,88.7
2025-06-12 03:08:00,15.9
2025-06-12 10:50:00,88.0
2025-06-12 21:11:00,55.0
2025-06-12 00:15:00,21.2
2025-06-12 03:59:00,22.6
2025-06-12 03:41:00,4.6
2025-06-12 03:36:00,51.4
2025-06-12 12:34:00,43.5
2025-06-12 11:33:00,31.2
2025-06-12 09:43:00,90.0
2025-06-12 00:24:00,69.8
2025-06-12 07:15:00,74.2
2025-06-12 17:31:00,42.1
2025-06-12 08:44:00,20.4
2025-06-12 02:10:00,12.0
2025-06-12 00:23:00,53.1
2025-06-12 09:38:00,49.873700916999766
2025-06-12 13:17:00,38.9
2025-06-12 05:45:00,23.2
2025-06-12 14:35:00,17.9
2025-06-12 16:13:00,35.3
2025-06-12 05:14:00,60.1
2025-06-12 11:17:00,97.9
2025-06-12 20:43:00,60.4
2025-06-12 01:58:00,62.5
2025-06-12 06:18:00,49.873700916999766
2025-06-12 01:15:00,82.1
2025-06-12 10:59:00,63.8
2025-06-12 23:07:00,45.7
2025-06-12 10:12:00,88.8
2025-06-12 20:48:00,56.1
2025-06-12 21:57:00,12.2
2025-06-12 17:51:00,95.6
2025-06-12 17:20:00,10.4
2025-06-12 03:49:00,65.8
2025-06-12 14:32:00,99.9
2025-06-12 22:36:00,36.5
2025-06-12 02:05:00,53.8
2025-06-12 14:26:00,37.8
2025-06-12 06:49:00,46.4
2025-06-12 00:41:00,14.5
2025-06-12 05:23:00,33.5
2025-06-12 13:37:00,94.0
2025-06-12 14:58:00,78.3
2025-06-12 13:04:00,66.8
2025-06-12 07:50:00,3.1
2025-06-12 11:04:00,82.2
2025-06-12 05:52:00,98.8
2025-06-12 15:04:00,19.2
2025-06-12 14:43:00,67.3
2025-06-12 01:41:00,21.0
2025-06-12 22:12:00,14.9
2025-06-12 21:01:00,11.0
2025-06-12 17:07:00,82.8
2025-06-12 12:35:00,84.0
2025-06-12 10:59:00,35.1
2025-06-12 20:12:00,49.660353652861794
2025-06-12 01:47:00,40.2
2025-06-12 15:12:00,47.1
2025-06-12 09:04:00,0.9
2025-06-12 18:18:00,58.1
2025-06-12 20:40:00,12.6
2025-06-12 11:06:00,87.0
2025-06-12 08:38:00,49.660353652861794
2025-06-12 06:46:00,1.0
2025-06-12 17:57:00,96.9
2025-06-12 07:25:00,63.5
2025-06-12 06:16:00,2.1
2025-06-12 04:06:00,76.0
2025-06-12 03:30:00,0.9
2025-06-12 19:35:00,49.660353652861794
2025-06-12 23:28:00,93.6
2025-06-12 04:32:00,49.660353652861794
2025-06-12 04:50:00,87.6
2025-06-12 17:17:00,73.0
2025-06-12 18:05:00,3.1
2025-06-12 11:37:00,50.2
2025-06-12 09:31:00,49.0
2025-06-12 12:37:00,76.6
2025-06-12 18:16:00,3.9
2025-06-12 11:22:00,82.6
2025-06-12 16:28:00,98.3
2025-06-12 13:02:00,54.6
2025-06-12 20:57:00,52.4
2025-06-12 14:36:00,22.2
2025-06-12 08:48:00,0.8
2025-06-12 06:06:00,59.4
2025-06-12 22:01:00,0.6
2025-06-12 22:48:00,49.660353652861794
2025-06-12 18:17:00,0.4
2025-06-12 12:37:00,70.6
2025-06-12 23:45:00,38.5
2025-06-12 05:43:00,49.660353652861794
2025-06-12 21:42:00,49.6
2025-06-12 22:14:00,49.660353652861794
2025-06-12 22:08:00,85.7
2025-06-12 14:20:00,70.7
2025-06-12 04:03:00,95.8
2025-06-12 03:31:00,88.8
2025-06-12 23:41:00,49.660353652861794
2025-06-12 12:38:00,29.8
2025-06-12 08:45:00,59.3
2025-06-12 19:24:00,61.1
2025-06-12 08:04:00,49.660353652861794
2025-06-12 07:02:00,43.2
2025-06-12 12:55:00,71.1
2025-06-12 10:52:00,59.7
2025-06-12 16:19:00,57.2
2025-06-12 00:21:00,49.660353652861794
2025-06-12 04:22:00,68.5
2025-06-12 10:31:00,75.0
2025-06-12 17:02:00,52.4
2025-06-12 22:36:00,96.5
2025-06-12 20:11:00,49.660353652861794
2025-06-12 08:51:00,1.8
2025-06-12 01:29:00,49.660353652861794
2025-06-12 13:02:00,49.660353652861794
2025-06-12 03:16:00,67.7
2025-06-12 08:25:00,53.0
2025-06-12 19:06:00,29.8
2025-06-12 17:02:00,13.4
2025-06-12 00:46:00,13.2
2025-06-12 03:30:00,58.4
2025-06-12 14:16:00,72.7
2025-06-12 18:44:00,48.2
2025-06-12 03:45:00,67.4
2025-06-12 08:59:00,92.8
2025-06-12 09:06:00,20.6
2025-06-12 21:44:00,24.2
2025-06-12 14:37:00,72.5
2025-06-12 12:05:00,40.2
2025-06-12 17:20:00,24.8
2025-06-12 06:54:00,62.2
2025-06-12 06:07:00,85.6
2025-06-12 06:11:00,1.9
2025-06-12 01:09:00,16.3
2025-06-12 06:49:00,89.9
2025-06-12 19:41:00,0.5
2025-06-12 03:02:00,52.0
2025-06-12 00:01:00,18.5
2025-06-12 16:33:00,81.1
2025-06-12 04:17:00,53.4
2025-06-12 21:14:00,49.660353652861794
2025-06-12 14:57:00,2.3
2025-06-12 05:17:00,78.7
2025-06-12 22:10:00,89.2
2025-06-12 10:04:00,66.8
2025-06-12 10:08:00,84.4
2025-06-12 20:45:00,48.5
2025-06-12 01:32:00,68.4
2025-06-12 06:43:00,14.3
2025-06-12 06:39:00,54.5
2025-06-12 16:34:00,63.6
2025-06-12 09:22:00,42.5
2025-06-12 16:29:00,6.5
2025-06-12 14:07:00,61.3
2025-06-12 23:24:00,49.660353652861794
2025-06-12 22:19:00,46.1
2025-06-12 12:41:00,70.2
2025-06-12 17:46:00,49.660353652861794
2025-06-12 08:19:00,14.5
2025-06-12 17:27:00,52.7
2025-06-12 04:27:00,49.660353652861794
2025-06-12 06:33:00,3.4
2025-06-12 15:38:00,68.6
2025-06-12 08:45:00,70.5
2025-06-12 12:22:00,27.4
2025-06-12 15:50:00,32.5
2025-06-12 13:36:00,23.1
2025-06-12 17:42:00,49.660353652861794
2025-06-12 07:08:00,91.1
2025-06-12 14:38:00,87.0
2025-06-12 11:05:00,57.5
2025-06-12 11:09:00,50.4
2025-06-12 12:03:00,44.1
2025-06-12 18:48:00,13.9
2025-06-12 13:27:00,49.6
2025-06-12 06:02:00,27.4
2025-06-12 06:44:00,66.3
2025-06-12 20:14:00,81.7
2025-06-12 20:52:00,34.7
2025-06-12 03:46:00,49.660353652861794
2025-06-12 19:34:00,52.0
2025-06-12 04:45:00,36.4
2025-06-12 07:04:00,13.8
2025-06-12 21:39:00,58.5
2025-06-12 20:52:00,60.7
2025-06-12 02:06:00,33.4
2025-06-12 23:18:00,61.7
2025-06-12 10:39:00,20.1
2025-06-12 19:11:00,3.2
2025-06-12 05:08:00,37.0
2025-06-12 01:49:00,17.4
2025-06-12 04:43:00,78.5
2025-06-12 21:04:00,71.0
2025-06-12 06:07:00,49.660353652861794
2025-06-12 06:10:00,41.4
2025-06-12 19:27:00,48.1
2025-06-12 23:25:00,80.7
2025-06-12 23:23:00,11.0
2025-06-12 00:04:00,18.2
2025-06-12 18:51:00,49.660353652861794
2025-06-12 07:19:00,16.3
2025-06-12 14:23:00,72.3
2025-06-12 15:40:00,19.3
2025-06-12 23:03:00,78.4
2025-06-12 06:14:00,79.2
2025-06-12 21:32:00,0.8
2025-06-12 11:42:00,64.9
2025-06-12 11:03:00,14.7
2025-06-12 05:08:00,49.660353652861794
2025-06-12 19:58:00,94.7
2025-06-12 14:39:00,49.660353652861794
2025-06-12 15:08:00,98.0
2025-06-12 06:13:00,52.7
2025-06-12 19:21:00,32.1
2025-06-12 00:59:00,49.660353652861794
2025-06-12 04:32:00,8.4
2025-06-12 18:50:00,49.660353652861794
2025-06-12 14:35:00,18.3
2025-06-12 08:15:00,56.1
2025-06-12 22:51:00,67.1
2025-06-12 14:30:00,28.6
2025-06-12 14:43:00,49.0
2025-06-12 09:18:00,91.7
2025-06-12 14:50:00,26.2
2025-06-12 14:08:00,61.3
2025-06-12 15:31:00,49.660353652861794
2025-06-12 10:43:00,78.7
2025-06-12 22:32:00,11.9
2025-06-12 13:59:00,64.9
2025-06-12 08:44:00,22.9
2025-06-12 05:16:00,49.660353652861794
2025-06-12 20:35:00,49.6
2025-06-12 13:14:00,49.660353652861794
2025-06-12 10:47:00,61.8
2025-06-12 19:49:00,15.4
2025-06-12 16:23:00,50.8
2025-06-12 18:37:00,37.2
2025-06-12 23:36:00,17.0
2025-06-12 13:17:00,49.660353652861794
2025-06-12 15:53:00,58.6
2025-06-12 01:46:00,49.660353652861794
2025-06-12 11:22:00,85.1
2025-06-12 07:55:00,24.9
2025-06-12 05:27:00,46.7
2025-06-12 09:46:00,82.1
2025-06-12 00:59:00,38.0
2025-06-12 21:35:00,55.6
2025-06-12 23:16:00,70.4
2025-06-12 16:54:00,92.3
2025-06-12 20:50:00,19.5
2025-06-12 11:35:00,95.4
2025-06-12 00:52:00,82.4
2025-06-12 02:45:00,29.8
2025-06-12 08:21:00,32.1
2025-06-12 10:30:00,28.2
2025-06-12 22:15:00,6.9
2025-06-12 21:24:00,41.5
2025-06-12 00:08:00,56.8
2025-06-12 06:58:00,26.6
2025-06-12 16:49:00,53.8
2025-06-12 17:25:00,86.6
2025-06-12 02:24:00,56.6
2025-06-12 02:56:00,36.9
2025-06-12 01:27:00,57.0
2025-06-12 15:41:00,49.660353652861794
2025-06-12 10:45:00,49.660353652861794
2025-06-12 06:34:00,61.8
2025-06-12 12:20:00,48.1
2025-06-12 07:49:00,96.1
2025-06-12 01:39:00,46.7
2025-06-12 11:27:00,99.3
2025-06-12 08:31:00,11.7
2025-06-12 07:16:00,38.1
2025-06-12 20:26:00,62.2
2025-06-12 19:48:00,49.660353652861794
2025-06-12 21:32:00,44.3
2025-06-12 16:42:00,55.0
2025-06-12 07:10:00,87.0
2025-06-12 02:39:00,8.9
2025-06-12 23:24:00,75.4
2025-06-12 11:40:00,58.6
2025-06-12 16:28:00,82.9
2025-06-12 15:28:00,24.5
2025-06-12 21:23:00,7.0
2025-06-12 00:14:00,20.4
2025-06-12 21:14:00,57.0
2025-06-12 16:48:00,73.9
2025-06-12 08:08:00,11.7
2025-06-12 07:59:00,86.8
2025-06-12 08:16:00,34.6
2025-06-12 01:25:00,2.0
2025-06-12 03:52:00,33.5
2025-06-12 23:19:00,49.9
2025-06-12 11:51:00,46.4
2025-06-12 18:48:00,7.5
2025-06-12 23:00:00,13.2
2025-06-12 08:35:00,49.660353652861794
2025-06-12 00:20:00,9.8
2025-06-12 20:00:00,58.4
2025-06-12 07:09:00,27.8
2025-06-12 15:47:00,73.4
2025-06-12 01:47:00,66.9
2025-06-12 22:41:00,77.4
2025-06-12 02:57:00,59.3
2025-06-12 10:36:00,7.7
2025-06-12 00:56:00,58.8
2025-06-12 21:43:00,49.660353652861794
2025-06-12 06:32:00,25.7
2025-06-12 16:34:00,98.3
2025-06-12 23:44:00,27.0
2025-06-12 03:49:00,17.2
2025-06-12 05:25:00,44.4
2025-06-12 09:55:00,67.5
2025-06-12 19:48:00,90.0
2025-06-12 10:03:00,55.3
2025-06-12 20:18:00,26.9
2025-06-12 08:03:00,7.4
2025-06-12 01:27:00,54.3
2025-06-12 12:44:00,95.6
2025-06-12 01:33:00,57.7
2025-06-12 22:51:00,53.2
2025-06-12 23:11:00,94.9
2025-06-12 02:22:00,89.8
2025-06-12 02:05:00,45.2
2025-06-12 13:27:00,65.1
2025-06-12 22:01:00,88.1
2025-06-12 18:37:00,32.6
2025-06-12 12:59:00,43.4
2025-06-12 23:03:00,78.3
2025-06-12 15:24:00,44.3
2025-06-12 10:07:00,30.2
2025-06-12 23:17:00,90.8
2025-06-12 07:53:00,81.9
2025-06-12 08:01:00,96.7
2025-06-12 18:17:00,7.7
2025-06-12 22:14:00,49.1
2025-06-12 22:32:00,60.7
2025-06-12 08:29:00,84.6
2025-06-12 13:19:00,81.2
2025-06-12 00:18:00,72.2
2025-06-12 09:37:00,78.7
2025-06-12 04:51:00,43.5
2025-06-12 10:31:00,49.660353652861794
2025-06-12 14:07:00,88.9
2025-06-12 09:56:00,34.1
2025-06-12 09:01:00,77.5
2025-06-12 06:29:00,49.660353652861794
2025-06-12 19:31:00,59.1
2025-06-12 11:14:00,34.0
2025-06-12 14:47:00,34.4
2025-06-12 20:38:00,33.3
2025-06-12 15:24:00,92.4
2025-06-12 09:53:00,61.8
2025-06-12 17:51:00,49.660353652861794
2025-06-12 07:20:00,57.9
2025-06-12 23:55:00,62.5
2025-06-12 04:44:00,88.2
2025-06-12 05:06:00,20.3
2025-06-12 23:27:00,34.3
2025-06-12 08:39:00,50.5
2025-06-12 04:16:00,76.5
2025-06-12 15:59:00,49.660353652861794
2025-06-12 15:33:00,33.8
2025-06-12 01:50:00,30.1
2025-06-12 23:00:00,18.3
2025-06-12 16:46:00,30.7
2025-06-12 20:20:00,22.0
2025-06-12 16:16:00,49.9804001872221
2025-06-12 20:04:00,64.6
2025-06-12 16:13:00,49.9804001872221
2025-06-12 18:00:00,67.9
2025-06-12 02:12:00,30.2
2025-06-12 20:06:00,49.9804001872221
2025-06-12 12:30:00,3.7
2025-06-12 13:07:00,49.9804001872221
2025-06-12 20:27:00,70.2
2025-06-12 08:44:00,17.2
2025-06-12 10:41:00,38.0
2025-06-12 02:58:00,49.9804001872221
2025-06-12 15:30:00,37.2
2025-06-12 14:07:00,10.2
2025-06-12 04:47:00,40.7
2025-06-12 14:07:00,91.2
2025-06-12 01:30:00,19.6
2025-06-12 23:35:00,49.9804001872221
2025-06-12 12:26:00,87.1
2025-06-12 19:04:00,61.7
2025-06-12 14:29:00,23.8
2025-06-12 09:48:00,19.5
2025-06-12 09:58:00,49.9804001872221
2025-06-12 01:33:00,31.8
2025-06-12 03:59:00,49.7
2025-06-12 15:31:00,35.3
2025-06-12 04:19:00,92.6
2025-06-12 21:10:00,49.9804001872221
2025-06-12 18:05:00,64.9
2025-06-12 02:22:00,49.9804001872221
2025-06-12 00:11:00,59.7
2025-06-12 17:01:00,86.8
2025-06-12 15:07:00,88.5
2025-06-12 01:19:00,88.5
2025-06-12 16:47:00,49.9804001872221
2025-06-12 05:36:00,67.0
2025-06-12 00:23:00,58.3
2025-06-12 09:45:00,24.2
2025-06-12 10:55:00,70.6
2025-06-12 13:21:00,49.9804001872221
2025-06-12 10:29:00,0.6
2025-06-12 09:38:00,62.7
2025-06-12 02:44:00,63.5
2025-06-12 17:31:00,28.3
2025-06-12 15:09:00,41.8
2025-06-12 08:41:00,49.9804001872221
2025-06-12 15:12:00,76.7
2025-06-12 07:08:00,43.1
2025-06-12 19:52:00,71.0
2025-06-12 09:15:00,61.4
2025-06-12 11:55:00,38.8
2025-06-12 07:48:00,49.9804001872221
2025-06-12 12:11:00,62.3
2025-06-12 08:41:00,81.6
2025-06-12 12:17:00,63.3
2025-06-12 02:09:00,65.1
2025-06-12 06:44:00,91.6
2025-06-12 08:09:00,1.5
2025-06-12 11:09:00,84.3
2025-06-12 09:51:00,78.3
2025-06-12 12:11:00,51.8
2025-06-12 23:36:00,94.9
2025-06-12 05:33:00,28.0
2025-06-12 02:51:00,90.6
2025-06-12 13:24:00,43.7
2025-06-12 11:02:00,49.9804001872221
2025-06-12 16:16:00,38.4
2025-06-12 00:58:00,8.3
2025-06-12 19:13:00,82.4
2025-06-12 17:29:00,82.9
2025-06-12 03:10:00,69.1
2025-06-12 02:52:00,51.1
2025-06-12 09:45:00,49.9804001872221
2025-06-12 08:04:00,39.0
2025-06-12 11:05:00,15.1
2025-06-12 21:25:00,37.1
2025-06-12 01:07:00,64.1
2025-06-12 18:59:00,43.5
2025-06-12 12:55:00,40.4
2025-06-12 08:33:00,40.4
2025-06-12 21:55:00,65.2
2025-06-12 12:10:00,18.0
2025-06-12 17:27:00,96.4
2025-06-12 10:36:00,91.2
2025-06-12 19:48:00,45.4
2025-06-12 08:24:00,5.2
2025-06-12 15:48:00,59.3
2025-06-12 23:40:00,91.6
2025-06-12 20:14:00,51.8
2025-06-12 02:38:00,17.9
2025-06-12 06:58:00,21.7
2025-06-12 03:47:00,13.1
2025-06-12 16:18:00,49.9804001872221
2025-06-12 03:51:00,60.8
2025-06-12 16:31:00,45.4
2025-06-12 07:03:00,69.6
2025-06-12 00:06:00,46.4
2025-06-12 00:51:00,63.9
2025-06-12 20:08:00,77.6
2025-06-12 12:15:00,75.3
2025-06-12 15:48:00,34.9
2025-06-12 15:33:00,33.9
2025-06-12 07:52:00,49.9804001872221
2025-06-12 03:46:00,52.5
2025-06-12 04:22:00,49.9804001872221
2025-06-12 01:00:00,11.1
2025-06-12 22:49:00,49.9804001872221
2025-06-12 04:20:00,29.1
2025-06-12 09:15:00,37.7
2025-06-12 09:13:00,9.8
2025-06-12 14:31:00,88.0
2025-06-12 19:06:00,50.8
2025-06-12 18:27:00,40.7
2025-06-12 22:48:00,75.6
2025-06-12 00:20:00,54.3
2025-06-12 19:50:00,88.2
2025-06-12 19:37:00,18.7
2025-06-12 07:06:00,65.1
2025-06-12 14:30:00,71.6
2025-06-12 06:06:00,88.6
2025-06-12 06:55:00,34.4
2025-06-12 02:18:00,21.4
2025-06-12 01:02:00,9.3
2025-06-12 05:00:00,84.6
2025-06-12 08:16:00,49.9804001872221
2025-06-12 18:29:00,12.7
2025-06-12 03:55:00,52.9
2025-06-12 10:30:00,41.4
2025-06-12 13:38:00,49.1
2025-06-12 23:49:00,27.8
2025-06-12 08:07:00,86.0
2025-06-12 16:13:00,49.9804001872221
2025-06-12 05:46:00,46.9
2025-06-12 00:30:00,6.4
2025-06-12 06:06:00,49.9804001872221
2025-06-12 18:56:00,76.6
2025-06-12 08:33:00,17.1
2025-06-12 00:28:00,76.7
2025-06-12 13:18:00,49.9804001872221
2025-06-12 05:30:00,45.3
2025-06-12 03:20:00,68.0
2025-06-12 15:54:00,55.9
2025-06-12 06:55:00,49.9804001872221
2025-06-12 21:31:00,49.9804001872221
2025-06-12 11:20:00,64.2
2025-06-12 00:36:00,77.3
2025-06-12 07:38:00,49.9804001872221
2025-06-12 19:45:00,24.5
2025-06-12 03:16:00,55.7
2025-06-12 18:46:00,72.3
2025-06-12 15:34:00,89.3
2025-06-12 14:20:00,49.9804001872221
2025-06-12 21:13:00,24.2
2025-06-12 22:01:00,87.9
2025-06-12 23:06:00,98.5
2025-06-12 12:00:00,14.4
2025-06-12 00:50:00,63.0
2025-06-12 05:07:00,82.8
2025-06-12 02:02:00,82.9
2025-06-12 23:34:00,61.3
2025-06-12 08:56:00,7.7
2025-06-12 08:54:00,78.3
2025-06-12 21:13:00,3.8
2025-06-12 03:57:00,78.6
2025-06-12 13:22:00,86.1
2025-06-12 07:42:00,9.2
2025-06-12 22:30:00,31.0
2025-06-12 04:48:00,79.5
2025-06-12 14:12:00,68.9
2025-06-12 23:40:00,44.7
2025-06-12 11:22:00,93.9
2025-06-12 16:49:00,49.9804001872221
2025-06-12 16:12:00,49.9804001872221
2025-06-12 04:36:00,95.3
2025-06-12 07:49:00,63.3
2025-06-12 10:14:00,0.9
2025-06-12 22:52:00,44.8
2025-06-12 01:05:00,65.9
2025-06-12 19:38:00,65.5
2025-06-12 02:26:00,90.9
2025-06-12 18:58:00,24.5
2025-06-12 06:24:00,46.7
2025-06-12 10:09:00,2.6
2025-06-12 15:49:00,45.7
2025-06-12 18:06:00,12.3
2025-06-12 06:45:00,49.9804001872221
2025-06-12 18:40:00,49.9804001872221
2025-06-12 16:33:00,73.0
2025-06-12 09:27:00,15.5
2025-06-12 02:00:00,1.3
2025-06-12 00:35:00,46.9
2025-06-12 14:43:00,71.1
2025-06-12 08:43:00,13.7
2025-06-12 03:48:00,39.6
2025-06-12 15:26:00,29.9
2025-06-12 08:36:00,22.5
2025-06-12 17:46:00,55.9
2025-06-12 14:40:00,4.7
2025-06-12 06:20:00,87.2
2025-06-12 10:14:00,18.1
2025-06-12 15:17:00,71.2
2025-06-12 15:49:00,92.8
2025-06-12 05:50:00,70.0
2025-06-12 22:30:00,36.6
2025-06-12 07:04:00,16.3
2025-06-12 06:49:00,2.8
2025-06-12 07:20:00,26.7
2025-06-12 15:45:00,65.9
2025-06-12 04:06:00,80.6
2025-06-12 14:33:00,35.2
2025-06-12 13:34:00,89.3
2025-06-12 06:35:00,15.7
2025-06-12 08:29:00,10.4
2025-06-12 11:07:00,85.3
2025-06-12 10:30:00,9.2
2025-06-12 09:26:00,78.8
2025-06-12 22:54:00,81.8
2025-06-12 14:06:00,49.9804001872221
2025-06-12 11:37:00,28.4
2025-06-12 09:48:00,49.9804001872221
2025-06-12 16:48:00,86.8
2025-06-12 02:01:00,6.3
2025-06-12 21:41:00,35.8
2025-06-12 09:18:00,97.2
2025-06-12 19:52:00,19.1
2025-06-12 20:02:00,42.1
2025-06-12 23:43:00,11.9
2025-06-12 03:49:00,94.9
2025-06-12 09:15:00,8.8
2025-06-12 04:45:00,61.3
2025-06-12 23:01:00,64.5
2025-06-12 01:56:00,17.8
2025-06-12 08:07:00,34.3
2025-06-12 09:26:00,49.9804001872221
2025-06-12 03:07:00,56.2
2025-06-12 09:39:00,60.5
2025-06-12 02:47:00,83.1
2025-06-12 23:58:00,51.3
2025-06-12 00:53:00,85.4
2025-06-12 02:37:00,38.5
2025-06-12 17:04:00,12.9
2025-06-12 01:45:00,63.4
2025-06-12 11:51:00,96.9
2025-06-12 16:36:00,33.9
2025-06-12 03:00:00,0.3
2025-06-12 06:53:00,49.9804001872221
2025-06-12 04:35:00,67.1
2025-06-12 03:35:00,47.2
2025-06-12 19:59:00,18.7
2025-06-12 14:50:00,69.6
2025-06-12 19:14:00,65.4
2025-06-12 07:17:00,84.1
2025-06-12 05:59:00,57.8
2025-06-12 18:45:00,49.9804001872221
2025-06-12 21:22:00,50.5
2025-06-12 01:52:00,60.5
2025-06-12 15:48:00,39.3
2025-06-12 23:52:00,49.9804001872221
2025-06-12 02:36:00,82.0
2025-06-12 05:42:00,86.5
2025-06-12 08:24:00,8.0
2025-06-12 13:09:00,21.9
2025-06-12 14:33:00,51.2
2025-06-12 05:47:00,62.3
2025-06-12 04:57:00,49.9804001872221
2025-06-12 15:46:00,34.8
2025-06-12 04:22:00,7.1
2025-06-12 08:41:00,57.0
2025-06-12 10:19:00,49.9804001872221
2025-06-12 19:58:00,11.1
2025-06-12 23:37:00,26.7
2025-06-12 01:21:00,87.7
2025-06-12 20:25:00,18.1
2025-06-12 00:44:00,72.5
2025-06-12 00:00:00,41.2
2025-06-12 11:35:00,91.7
2025-06-12 05:02:00,72.1
2025-06-12 12:57:00,68.2
2025-06-12 15:20:00,32.1
2025-06-12 12:26:00,57.8
2025-06-12 12:12:00,51.1
2025-06-12 11:46:00,32.9
2025-06-12 23:25:00,98.7
2025-06-12 18:09:00,62.4
2025-06-12 11:44:00,47.9
2025-06-12 23:01:00,22.7
2025-06-12 19:55:00,82.8
2025-06-12 12:56:00,29.9
2025-06-12 09:55:00,31.8
2025-06-12 16:52:00,38.6
2025-06-12 00:50:00,48.9
2025-06-12 16:26:00,41.8
2025-06-12 17:23:00,30.6
2025-06-12 13:07:00,53.9
2025-06-12 00:50:00,49.9804001872221
2025-06-12 04:30:00,74.6
2025-06-12 11:37:00,19.2
2025-06-12 14:39:00,43.4
2025-06-12 12:55:00,26.0
2025-06-12 12:43:00,66.4
2025-06-12 19:10:00,76.9
2025-06-12 08:29:00,60.7
2025-06-12 01:54:00,77.4
2025-06-12 17:30:00,49.9804001872221
2025-06-12 03:47:00,17.2
2025-06-12 12:59:00,54.4
2025-06-12 14:33:00,30.3
2025-06-12 14:43:00,29.4
2025-06-12 10:48:00,87.6
2025-06-12 11:32:00,10.6
2025-06-12 15:11:00,49.9804001872221
2025-06-12 20:26:00,3.3
2025-06-12 15:33:00,55.7
2025-06-12 15:27:00,70.0
2025-06-12 11:18:00,49.9804001872221
2025-06-12 17:47:00,11.4
2025-06-12 19:40:00,63.0
2025-06-12 00:14:00,76.3
2025-06-12 08:57:00,5.3
2025-06-12 17:58:00,5.8
2025-06-12 16:25:00,42.2
2025-06-12 03:33:00,49.9804001872221
2025-06-12 15:44:00,92.1
2025-06-12 23:12:00,47.1
2025-06-12 05:17:00,49.9804001872221
2025-06-12 09:19:00,93.5
2025-06-12 12:37:00,30.9
2025-06-12 21:41:00,49.9804001872221
2025-06-12 03:06:00,86.5
2025-06-12 03:29:00,6.7
2025-06-12 18:40:00,21.6
2025-06-12 17:43:00,35.4
2025-06-12 13:26:00,20.2
2025-06-12 01:36:00,49.9804001872221
2025-06-12 19:04:00,71.1
2025-06-12 22:40:00,40.9
2025-06-12 08:38:00,39.3
2025-06-12 08:02:00,8.6
2025-06-12 05:25:00,31.2
2025-06-12 04:38:00,49.9804001872221
2025-06-12 16:33:00,51.1
2025-06-12 22:38:00,13.5
2025-06-12 21:36:00,59.7
2025-06-12 02:21:00,99.4
2025-06-12 02:40:00,52.2
2025-06-12 07:30:00,61.5
2025-06-12 07:29:00,82.5
2025-06-12 04:05:00,73.5
2025-06-12 23:53:00,48.7
2025-06-12 06:13:00,91.1
2025-06-12 16:52:00,62.8
2025-06-12 17:30:00,83.4
2025-06-12 10:37:00,12.1
2025-06-12 10:57:00,71.1
2025-06-12 02:40:00,68.9
2025-06-12 13:32:00,32.3
2025-06-12 00:38:00,37.9
2025-06-12 11:36:00,5.9
2025-06-12 04:28:00,13.0
2025-06-12 10:57:00,19.5
2025-06-12 13:48:00,86.1
2025-06-12 17:52:00,83.0
2025-06-12 06:56:00,49.6
2025-06-12 06:39:00,52.6
2025-06-12 14:14:00,49.659483264826775
2025-06-12 22:04:00,49.659483264826775
2025-06-12 10:04:00,41.4
2025-06-12 18:24:00,49.659483264826775
2025-06-12 10:28:00,45.3
2025-06-12 03:07:00,97.0
2025-06-12 04:09:00,62.5
2025-06-12 20:19:00,49.659483264826775
2025-06-12 05:35:00,52.4
2025-06-12 11:13:00,51.0
2025-06-12 01:12:00,53.5
2025-06-12 08:26:00,12.1
2025-06-12 11:32:00,72.8
2025-06-12 19:21:00,49.659483264826775
2025-06-12 22:35:00,49.659483264826775
2025-06-12 00:20:00,49.659483264826775
2025-06-12 00:34:00,49.659483264826775
2025-06-12 08:55:00,75.8
2025-06-12 02:39:00,0.0
2025-06-12 10:47:00,88.3
2025-06-12 11:55:00,91.2
2025-06-12 20:18:00,77.6
2025-06-12 16:35:00,49.659483264826775
2025-06-12 12:51:00,49.659483264826775
2025-06-12 21:33:00,64.2
2025-06-12 16:50:00,75.0
2025-06-12 03:40:00,80.0
2025-06-12 01:31:00,5.1
2025-06-12 15:45:00,97.2
2025-06-12 15:56:00,65.8
2025-06-12 12:16:00,69.4
2025-06-12 02:23:00,60.8
2025-06-12 01:17:00,96.2
2025-06-12 03:45:00,76.8
2025-06-12 16:27:00,79.2
2025-06-12 07:30:00,77.0
2025-06-12 09:34:00,46.8
2025-06-12 20:09:00,7.1
2025-06-12 05:45:00,2.4
2025-06-12 03:00:00,49.659483264826775
2025-06-12 08:10:00,82.3
2025-06-12 06:16:00,51.6
2025-06-12 06:55:00,82.6
2025-06-12 23:19:00,62.2
2025-06-12 00:24:00,83.4
2025-06-12 08:28:00,92.4
2025-06-12 07:05:00,49.659483264826775
2025-06-12 03:06:00,2.2
2025-06-12 09:02:00,49.659483264826775
2025-06-12 16:45:00,67.0
2025-06-12 20:38:00,49.659483264826775
2025-06-12 08:28:00,54.6
2025-06-12 01:10:00,84.9
2025-06-12 19:10:00,76.0
2025-06-12 06:39:00,31.5
2025-06-12 17:53:00,55.6
2025-06-12 17:16:00,39.9
2025-06-12 06:56:00,55.2
2025-06-12 19:58:00,36.5
2025-06-12 02:59:00,13.7
2025-06-12 13:46:00,10.0
2025-06-12 20:15:00,62.6
2025-06-12 12:45:00,34.2
2025-06-12 23:33:00,49.659483264826775
2025-06-12 02:51:00,32.0
2025-06-12 14:41:00,97.2
2025-06-12 07:28:00,18.3
2025-06-12 17:13:00,63.8
2025-06-12 06:06:00,96.7
2025-06-12 07:25:00,16.3
2025-06-12 14:39:00,31.0
2025-06-12 09:33:00,35.7
2025-06-12 10:18:00,49.659483264826775
2025-06-12 03:14:00,32.3
2025-06-12 23:18:00,49.659483264826775
2025-06-12 13:23:00,26.1
2025-06-12 20:35:00,2.7
2025-06-12 00:56:00,49.659483264826775
2025-06-12 14:44:00,8.5
2025-06-12 07:53:00,98.4
2025-06-12 09:59:00,82.7
2025-06-12 03:26:00,90.9
2025-06-12 03:01:00,80.0
2025-06-12 07:18:00,49.659483264826775
2025-06-12 22:08:00,85.4
2025-06-12 18:10:00,71.4
2025-06-12 12:51:00,74.7
2025-06-12 01:08:00,46.3
2025-06-12 07:32:00,88.0
2025-06-12 18:18:00,49.659483264826775
2025-06-12 09:17:00,49.659483264826775
2025-06-12 14:06:00,86.8
2025-06-12 13:43:00,61.3
2025-06-12 15:05:00,8.0
2025-06-12 10:11:00,74.3
2025-06-12 21:10:00,65.9
2025-06-12 14:59:00,57.8
2025-06-12 09:40:00,50.0
2025-06-12 03:09:00,70.2
2025-06-12 13:35:00,25.6
2025-06-12 02:54:00,52.4
2025-06-12 11:39:00,46.4
2025-06-12 06:53:00,69.8
2025-06-12 13:37:00,23.5
2025-06-12 15:41:00,82.6
2025-06-12 14:35:00,51.5
2025-06-12 17:05:00,36.1
2025-06-12 12:15:00,19.5
2025-06-12 06:28:00,64.0
2025-06-12 07:08:00,94.1
2025-06-12 21:37:00,49.7
2025-06-12 10:33:00,49.659483264826775
2025-06-12 08:23:00,6.4
2025-06-12 12:30:00,2.3
2025-06-12 06:08:00,58.1
2025-06-12 11:31:00,49.659483264826775
2025-06-12 07:07:00,0.2
2025-06-12 12:52:00,79.5
2025-06-12 06:09:00,49.659483264826775
2025-06-12 21:21:00,30.9
2025-06-12 20:56:00,84.6
2025-06-12 12:53:00,62.3
2025-06-12 22:12:00,95.9
2025-06-12 20:17:00,43.2
2025-06-12 09:54:00,73.5
2025-06-12 10:38:00,4.4
2025-06-12 19:17:00,8.0
2025-06-12 16:26:00,49.659483264826775
2025-06-12 13:02:00,49.659483264826775
2025-06-12 17:08:00,31.7
2025-06-12 06:02:00,90.1
2025-06-12 20:55:00,49.659483264826775
2025-06-12 18:50:00,41.6
2025-06-12 01:57:00,42.9
2025-06-12 17:53:00,12.8
2025-06-12 16:11:00,67.1
2025-06-12 21:50:00,54.3
2025-06-12 18:26:00,30.8
2025-06-12 15:54:00,34.3
2025-06-12 17:23:00,37.8
2025-06-12 03:04:00,32.2
2025-06-12 13:06:00,25.3
2025-06-12 20:18:00,90.2
2025-06-12 03:18:00,64.2
2025-06-12 08:03:00,13.1
2025-06-12 19:30:00,49.659483264826775
2025-06-12 01:49:00,71.9
2025-06-12 08:25:00,95.4
2025-06-12 06:19:00,8.0
2025-06-12 17:01:00,49.659483264826775
2025-06-12 10:40:00,19.1
2025-06-12 13:48:00,1.5
2025-06-12 15:06:00,97.6
2025-06-12 08:52:00,99.6
2025-06-12 12:03:00,60.1
2025-06-12 18:57:00,15.4
2025-06-12 17:52:00,0.4
2025-06-12 16:05:00,83.2
2025-06-12 16:24:00,41.3
2025-06-12 16:04:00,49.659483264826775
2025-06-12 00:58:00,84.3
2025-06-12 13:31:00,60.4
2025-06-12 04:52:00,36.6
2025-06-12 18:00:00,51.1
2025-06-12 06:25:00,85.9
2025-06-12 17:52:00,49.659483264826775
2025-06-12 06:02:00,45.5
2025-06-12 05:55:00,14.7
2025-06-12 07:11:00,28.1
2025-06-12 16:43:00,35.3
2025-06-12 11:54:00,95.0
2025-06-12 14:27:00,94.2
2025-06-12 18:13:00,73.0
2025-06-12 10:10:00,38.8
2025-06-12 21:36:00,58.2
2025-06-12 13:07:00,39.2
2025-06-12 02:31:00,56.8
2025-06-12 19:45:00,42.6
2025-06-12 04:27:00,88.2
2025-06-12 16:10:00,55.5
2025-06-12 05:48:00,62.7
2025-06-12 14:39:00,49.659483264826775
2025-06-12 07:05:00,20.6
2025-06-12 21:31:00,49.659483264826775
2025-06-12 02:02:00,51.7
2025-06-12 19:55:00,49.6
2025-06-12 09:49:00,71.6
2025-06-12 03:37:00,47.3
2025-06-12 22:56:00,49.659483264826775
2025-06-12 15:29:00,24.9
2025-06-12 07:46:00,10.6
2025-06-12 18:15:00,18.1
2025-06-12 04:12:00,7.8
2025-06-12 21:12:00,53.6
2025-06-12 07:12:00,96.9
2025-06-12 05:32:00,57.1
2025-06-12 19:35:00,0.9
2025-06-12 05:50:00,49.659483264826775
2025-06-12 09:51:00,9.8
2025-06-12 10:19:00,64.7
2025-06-12 19:50:00,44.2
2025-06-12 16:54:00,54.4
2025-06-12 16:06:00,72.3
2025-06-12 14:49:00,45.2
2025-06-12 02:30:00,81.6
2025-06-12 12:11:00,84.1
2025-06-12 22:07:00,30.3
2025-06-12 08:32:00,72.3
2025-06-12 07:40:00,27.7
2025-06-12 21:04:00,28.0
2025-06-12 05:22:00,81.8
2025-06-12 18:56:00,49.659483264826775
2025-06-12 11:17:00,66.8
2025-06-12 23:41:00,41.2
2025-06-12 22:36:00,49.659483264826775
2025-06-12 17:10:00,49.659483264826775
2025-06-12 01:43:00,44.7
2025-06-12 02:26:00,16.8
2025-06-12 04:36:00,92.8
2025-06-12 14:18:00,1.8
2025-06-12 18:04:00,6.7
2025-06-12 02:24:00,47.5
2025-06-12 22:57:00,58.5
2025-06-12 07:27:00,49.659483264826775
2025-06-12 03:12:00,49.659483264826775
2025-06-12 20:53:00,62.5
2025-06-12 11:41:00,49.659483264826775
2025-06-12 08:28:00,44.9
2025-06-12 16:16:00,49.659483264826775
2025-06-12 07:51:00,33.0
2025-06-12 06:39:00,68.3
2025-06-12 00:24:00,4.5
2025-06-12 01:07:00,32.4
2025-06-12 14:11:00,69.1
2025-06-12 14:46:00,26.1
2025-06-12 18:11:00,44.7
2025-06-12 22:10:00,49.659483264826775
2025-06-12 19:28:00,25.0
2025-06-12 17:09:00,46.8
2025-06-12 03:22:00,55.8
2025-06-12 15:50:00,96.6
2025-06-12 02:58:00,73.8
2025-06-12 16:43:00,49.659483264826775
2025-06-12 08:27:00,96.7
2025-06-12 06:54:00,99.5
2025-06-12 03:52:00,96.1
2025-06-12 22:06:00,67.4
2025-06-12 16:02:00,49.659483264826775
2025-06-12 13:54:00,26.9
2025-06-12 05:27:00,42.8
2025-06-12 00:15:00,40.1
2025-06-12 15:37:00,38.9
2025-06-12 13:31:00,49.659483264826775
2025-06-12 15:07:00,46.1
2025-06-12 05:12:00,82.6
2025-06-12 15:08:00,21.0
2025-06-12 21:30:00,97.3
2025-06-12 11:25:00,76.5
2025-06-12 21:16:00,94.8
2025-06-12 14:40:00,22.4
2025-06-12 17:03:00,70.5
2025-06-12 02:32:00,85.0
2025-06-12 01:56:00,70.7
2025-06-12 04:23:00,25.4
2025-06-12 17:26:00,45.4
2025-06-12 02:38:00,88.8
2025-06-12 07:14:00,26.1
2025-06-12 06:59:00,49.659483264826775
2025-06-12 18:10:00,76.1
2025-06-12 14:25:00,48.2
2025-06-12 19:39:00,72.9
2025-06-12 04:23:00,88.8
2025-06-12 03:16:00,4.8
2025-06-12 14:12:00,62.0
2025-06-12 19:53:00,49.659483264826775
2025-06-12 09:41:00,80.0
2025-06-12 23:40:00,56.1
2025-06-12 14:02:00,54.2
2025-06-12 06:19:00,28.7
2025-06-12 13:02:00,85.3
2025-06-12 15:10:00,6.5
2025-06-12 01:16:00,4.1
2025-06-12 23:36:00,28.5
2025-06-12 21:56:00,39.0
2025-06-12 01:08:00,49.659483264826775
2025-06-12 18:06:00,9.4
2025-06-12 16:51:00,45.1
2025-06-12 05:42:00,31.7
2025-06-12 09:51:00,97.3
2025-06-12 16:15:00,69.8
2025-06-12 02:58:00,25.7
2025-06-12 03:32:00,20.8
2025-06-12 04:39:00,22.6
2025-06-12 05:33:00,40.5
2025-06-12 21:08:00,99.8
2025-06-12 15:46:00,55.9
2025-06-12 02:28:00,49.659483264826775
2025-06-12 05:34:00,73.5
2025-06-12 04:24:00,15.3
2025-06-12 10:20:00,21.4
2025-06-12 12:01:00,33.1
2025-06-12 02:40:00,49.659483264826775
2025-06-12 04:05:00,68.8
2025-06-12 06:36:00,94.1
2025-06-12 04:45:00,45.4
2025-06-12 02:54:00,19.0
2025-06-12 14:48:00,49.732274758880266
2025-06-12 08:48:00,32.3
2025-06-12 20:46:00,89.2
2025-06-12 01:49:00,17.6
2025-06-12 21:46:00,17.8
2025-06-12 06:52:00,81.2
2025-06-12 22:00:00,64.5
2025-06-12 21:32:00,87.5
2025-06-12 05:23:00,49.732274758880266
2025-06-12 12:36:00,19.8
2025-06-12 10:28:00,0.2
2025-06-12 15:18:00,40.5
2025-06-12 18:15:00,17.9
2025-06-12 19:20:00,49.2
2025-06-12 17:13:00,70.8
2025-06-12 04:16:00,14.2
2025-06-12 14:02:00,16.4
2025-06-12 20:50:00,49.732274758880266
2025-06-12 01:04:00,70.5
2025-06-12 13:05:00,62.5
2025-06-12 23:21:00,58.8
2025-06-12 11:26:00,38.1
2025-06-12 16:03:00,91.7
2025-06-12 01:39:00,12.1
2025-06-12 05:11:00,80.2
2025-06-12 07:58:00,42.8
2025-06-12 21:01:00,83.9
2025-06-12 06:22:00,16.6
2025-06-12 19:43:00,10.1
2025-06-12 07:37:00,8.9
2025-06-12 08:36:00,41.5
2025-06-12 16:41:00,49.732274758880266
2025-06-12 13:38:00,49.732274758880266
2025-06-12 18:06:00,49.732274758880266
2025-06-12 11:35:00,72.9
2025-06-12 18:56:00,63.2
2025-06-12 18:17:00,49.732274758880266
2025-06-12 01:03:00,81.7
2025-06-12 09:45:00,49.732274758880266
2025-06-12 01:46:00,42.7
2025-06-12 13:08:00,60.6
2025-06-12 11:12:00,88.5
2025-06-12 01:25:00,49.732274758880266
2025-06-12 12:46:00,55.1
2025-06-12 17:14:00,20.3
2025-06-12 02:30:00,58.4
2025-06-12 23:49:00,12.7
2025-06-12 04:26:00,23.4
2025-06-12 05:58:00,98.8
2025-06-12 21:35:00,73.5
2025-06-12 19:56:00,15.4
2025-06-12 10:14:00,49.732274758880266
2025-06-12 06:28:00,89.6
2025-06-12 13:50:00,49.732274758880266
2025-06-12 14:32:00,46.6
2025-06-12 06:02:00,60.9
2025-06-12 07:14:00,52.8
2025-06-12 07:38:00,95.4
2025-06-12 03:43:00,51.8
2025-06-12 21:18:00,1.1
2025-06-12 16:59:00,94.5
2025-06-12 21:36:00,49.2
2025-06-12 17:40:00,8.8
2025-06-12 14:01:00,14.6
2025-06-12 17:17:00,68.1
2025-06-12 23:03:00,49.732274758880266
2025-06-12 04:20:00,19.8
2025-06-12 05:15:00,92.9
2025-06-12 23:26:00,51.2
2025-06-12 17:24:00,89.8
2025-06-12 13:44:00,49.732274758880266
2025-06-12 16:50:00,99.5
2025-06-12 11:08:00,49.732274758880266
2025-06-12 10:36:00,18.6
2025-06-12 18:31:00,67.7
2025-06-12 10:48:00,49.732274758880266
2025-06-12 08:09:00,62.3
2025-06-12 14:43:00,18.2
2025-06-12 08:05:00,15.6
2025-06-12 04:33:00,51.8
2025-06-12 23:08:00,49.732274758880266
2025-06-12 09:59:00,38.9
2025-06-12 18:28:00,41.7
2025-06-12 05:54:00,44.7
2025-06-12 02:15:00,82.6
2025-06-12 21:58:00,59.9
2025-06-12 18:52:00,75.5
2025-06-12 07:01:00,16.2
2025-06-12 11:39:00,7.9
2025-06-12 19:41:00,85.0
2025-06-12 23:53:00,74.9
2025-06-12 11:53:00,90.4
2025-06-12 13:43:00,49.732274758880266
2025-06-12 15:47:00,6.3
2025-06-12 00:31:00,42.1
2025-06-12 17:40:00,49.732274758880266
2025-06-12 09:40:00,56.4
2025-06-12 21:53:00,70.1
2025-06-12 06:58:00,72.7
2025-06-12 23:10:00,88.8
2025-06-12 01:12:00,46.7
2025-06-12 07:28:00,62.9
2025-06-12 03:40:00,80.0
2025-06-12 18:02:00,49.732274758880266
2025-06-12 13:42:00,52.0
2025-06-12 00:18:00,68.4
2025-06-12 06:58:00,84.9
2025-06-12 18:34:00,32.5
2025-06-12 05:26:00,80.2
2025-06-12 10:28:00,43.8
2025-06-12 11:16:00,48.4
2025-06-12 21:26:00,80.0
2025-06-12 02:08:00,66.3
2025-06-12 00:52:00,48.0
2025-06-12 15:50:00,19.9
2025-06-12 08:34:00,61.7
2025-06-12 17:44:00,82.9
2025-06-12 10:26:00,8.2
2025-06-12 11:18:00,64.1
2025-06-12 09:21:00,66.7
2025-06-12 08:02:00,43.4
2025-06-12 00:25:00,25.2
2025-06-12 02:02:00,49.732274758880266
2025-06-12 16:22:00,17.0
2025-06-12 06:44:00,7.7
2025-06-12 19:09:00,76.6
2025-06-12 13:19:00,49.732274758880266
2025-06-12 10:49:00,48.5
2025-06-12 20:14:00,30.5
2025-06-12 03:00:00,43.1
2025-06-12 05:24:00,63.5
2025-06-12 18:41:00,76.4
2025-06-12 07:20:00,50.8
2025-06-12 04:07:00,31.1
2025-06-12 02:07:00,63.4
2025-06-12 08:21:00,37.4
2025-06-12 13:29:00,76.8
2025-06-12 14:46:00,66.6
2025-06-12 22:18:00,48.2
2025-06-12 18:05:00,96.6
2025-06-12 03:32:00,49.732274758880266
2025-06-12 11:32:00,46.0
2025-06-12 18:25:00,60.2
2025-06-12 20:10:00,55.9
2025-06-12 04:36:00,6.6
2025-06-12 19:09:00,24.8
2025-06-12 02:54:00,49.732274758880266
2025-06-12 16:21:00,11.9
2025-06-12 19:29:00,42.8
2025-06-12 08:05:00,42.0
2025-06-12 10:17:00,48.0
2025-06-12 12:48:00,71.6
2025-06-12 03:33:00,11.5
2025-06-12 20:53:00,49.732274758880266
2025-06-12 18:26:00,7.5
2025-06-12 23:00:00,93.5
2025-06-12 11:57:00,7.1
2025-06-12 20:48:00,37.1
2025-06-12 15:42:00,54.5
2025-06-12 03:34:00,21.0
2025-06-12 19:04:00,54.5
2025-06-12 15:14:00,31.4
2025-06-12 14:30:00,94.2
2025-06-12 17:35:00,93.5
2025-06-12 00:25:00,49.732274758880266
2025-06-12 22:18:00,75.1
2025-06-12 01:08:00,15.2
2025-06-12 15:42:00,63.0
2025-06-12 04:25:00,49.732274758880266
2025-06-12 10:21:00,30.3
2025-06-12 02:55:00,49.732274758880266
2025-06-12 04:29:00,86.2
2025-06-12 03:58:00,12.6
2025-06-12 00:27:00,89.4
2025-06-12 16:49:00,90.0
2025-06-12 07:08:00,42.8
2025-06-12 05:46:00,49.732274758880266
2025-06-12 18:20:00,59.3
2025-06-12 01:16:00,49.732274758880266
2025-06-12 16:22:00,47.9
2025-06-12 13:21:00,25.5
2025-06-12 02:16:00,80.6
2025-06-12 16:14:00,44.3
2025-06-12 06:28:00,7.8
2025-06-12 15:03:00,42.7
2025-06-12 15:26:00,63.1
2025-06-12 11:39:00,30.0
2025-06-12 20:17:00,49.732274758880266
2025-06-12 08:52:00,76.5
2025-06-12 12:12:00,76.1
2025-06-12 12:48:00,65.9
2025-06-12 07:54:00,39.8
2025-06-12 10:59:00,63.6
2025-06-12 20:24:00,97.9
2025-06-12 22:19:00,37.9
2025-06-12 18:32:00,57.6
2025-06-12 12:56:00,33.8
2025-06-12 17:07:00,49.732274758880266
2025-06-12 21:22:00,3.3
2025-06-12 03:54:00,76.1
2025-06-12 17:42:00,58.6
2025-06-12 18:54:00,30.1
2025-06-12 01:20:00,39.2
2025-06-12 22:21:00,10.4
2025-06-12 10:49:00,70.5
2025-06-12 21:24:00,15.1
2025-06-12 06:32:00,79.1
2025-06-12 23:58:00,77.5
2025-06-12 00:36:00,49.732274758880266
2025-06-12 06:45:00,43.7
2025-06-12 14:20:00,0.3
2025-06-12 15:32:00,40.1
2025-06-12 11:58:00,49.732274758880266
2025-06-12 10:24:00,49.732274758880266
2025-06-12 13:15:00,76.8
2025-06-12 04:23:00,10.5
2025-06-12 23:29:00,60.8
2025-06-12 22:23:00,7.5
2025-06-12 12:53:00,34.9
2025-06-12 21:00:00,81.9
2025-06-12 19:07:00,12.5
2025-06-12 22:14:00,15.8
2025-06-12 20:27:00,51.2
2025-06-12 16:49:00,42.9
2025-06-12 10:29:00,45.2
2025-06-12 15:58:00,52.6
2025-06-12 17:56:00,49.732274758880266
2025-06-12 21:18:00,24.2
2025-06-12 04:49:00,58.9
2025-06-12 06:54:00,94.1
2025-06-12 21:27:00,79.8
2025-06-12 09:28:00,31.2
2025-06-12 20:14:00,68.2
2025-06-12 08:19:00,57.5
2025-06-12 06:30:00,49.732274758880266
2025-06-12 18:46:00,49.732274758880266
2025-06-12 06:05:00,49.732274758880266
2025-06-12 10:31:00,49.732274758880266
2025-06-12 18:19:00,52.0
2025-06-12 23:19:00,47.5
2025-06-12 10:45:00,49.732274758880266
2025-06-12 12:31:00,49.732274758880266
2025-06-12 13:06:00,4.6
2025-06-12 08:54:00,76.1
2025-06-12 10:02:00,33.2
2025-06-12 08:38:00,49.4
2025-06-12 08:45:00,97.3
2025-06-12 07:37:00,70.9
2025-06-12 16:35:00,15.6
2025-06-12 22:14:00,5.9
2025-06-12 00:36:00,96.3
2025-06-12 00:21:00,90.3
2025-06-12 12:11:00,36.8
2025-06-12 06:35:00,30.3
2025-06-12 21:37:00,83.7
2025-06-12 21:52:00,32.5
2025-06-12 05:14:00,71.1
2025-06-12 04:35:00,67.1
2025-06-12 09:51:00,87.9
2025-06-12 18:48:00,5.4
2025-06-12 11:17:00,74.2
2025-06-12 16:28:00,89.4
2025-06-12 21:45:00,31.5
2025-06-12 23:58:00,37.5
2025-06-12 17:31:00,97.5
2025-06-12 15:46:00,64.7
2025-06-12 09:51:00,70.5
2025-06-12 15:08:00,43.0
2025-06-12 12:36:00,28.4
2025-06-12 21:26:00,23.0
2025-06-12 15:28:00,42.7
2025-06-12 16:40:00,49.732274758880266
2025-06-12 10:44:00,22.6
2025-06-12 21:10:00,12.2
2025-06-12 06:58:00,52.3
2025-06-12 05:24:00,32.0
2025-06-12 08:18:00,49.6
2025-06-12 07:22:00,29.2
2025-06-12 16:09:00,78.6
2025-06-12 08:45:00,10.6
2025-06-12 21:13:00,69.1
2025-06-12 13:16:00,42.7
2025-06-12 16:07:00,1.4
2025-06-12 22:13:00,99.2
2025-06-12 19:36:00,34.0
2025-06-12 02:39:00,56.3
2025-06-12 22:00:00,57.4
2025-06-12 02:52:00,56.1
2025-06-12 17:07:00,42.0
2025-06-12 00:37:00,73.4
2025-06-12 03:33:00,13.5
2025-06-12 19:40:00,49.732274758880266
2025-06-12 15:35:00,85.5
2025-06-12 15:29:00,49.732274758880266
2025-06-12 11:40:00,49.732274758880266
2025-06-12 02:23:00,2.9
2025-06-12 04:05:00,97.7
2025-06-12 21:34:00,49.732274758880266
2025-06-12 17:57:00,49.732274758880266
2025-06-12 15:10:00,34.7
2025-06-12 08:29:00,58.2
2025-06-12 06:28:00,49.732274758880266
2025-06-12 17:23:00,71.7
2025-06-12 03:15:00,98.6
2025-06-12 11:45:00,16.1
2025-06-12 13:32:00,82.6
2025-06-12 18:20:00,11.4
2025-06-12 22:07:00,43.0
2025-06-12 02:06:00,8.9
2025-06-12 15:31:00,88.5
2025-06-12 03:04:00,81.7
2025-06-12 23:03:00,21.6
2025-06-12 14:01:00,53.6
2025-06-12 08:26:00,68.8
2025-06-12 08:12:00,58.8
2025-06-12 02:45:00,55.5
2025-06-12 19:45:00,28.0
2025-06-12 02:53:00,49.732274758880266
2025-06-12 02:35:00,12.6
2025-06-12 19:22:00,2.9
2025-06-12 20:03:00,6.6
2025-06-12 19:31:00,49.38053801169591
2025-06-12 08:09:00,72.3
2025-06-12 07:43:00,49.38053801169591
2025-06-12 11:24:00,4.0
2025-06-12 12:11:00,49.38053801169591
2025-06-12 13:07:00,32.7
2025-06-12 01:01:00,88.7
2025-06-12 22:13:00,10.3
2025-06-12 11:22:00,73.3
2025-06-12 19:52:00,24.8
2025-06-12 15:58:00,81.5
2025-06-12 16:44:00,70.8
2025-06-12 21:48:00,99.5
2025-06-12 11:58:00,19.6
2025-06-12 15:44:00,17.3
2025-06-12 01:09:00,87.9
2025-06-12 10:42:00,70.9
2025-06-12 02:11:00,5.4
2025-06-12 09:34:00,82.0
2025-06-12 02:52:00,1.3
2025-06-12 09:28:00,52.3
2025-06-12 15:01:00,82.6
2025-06-12 21:52:00,64.7
2025-06-12 09:45:00,64.0
2025-06-12 15:06:00,49.38053801169591
2025-06-12 23:32:00,17.5
2025-06-12 02:31:00,58.7
2025-06-12 23:43:00,96.8
2025-06-12 02:06:00,14.2
2025-06-12 19:21:00,45.4
2025-06-12 20:23:00,33.7
2025-06-12 17:21:00,49.38053801169591
2025-06-12 05:55:00,32.7
2025-06-12 01:09:00,86.7
2025-06-12 20:25:00,33.2
2025-06-12 12:43:00,14.4
2025-06-12 05:29:00,17.4
2025-06-12 18:21:00,36.2
2025-06-12 16:17:00,24.5
2025-06-12 17:37:00,41.8
2025-06-12 19:25:00,84.4
2025-06-12 22:18:00,54.8
2025-06-12 21:11:00,42.4
2025-06-12 05:48:00,67.2
2025-06-12 10:27:00,15.3
2025-06-12 04:27:00,84.6
2025-06-12 07:19:00,96.1
2025-06-12 02:57:00,73.3
2025-06-12 23:36:00,36.9
2025-06-12 17:57:00,15.8
2025-06-12 05:59:00,71.0
2025-06-12 20:55:00,95.4
2025-06-12 08:12:00,85.4
2025-06-12 19:33:00,50.9
2025-06-12 04:28:00,55.7
2025-06-12 14:48:00,97.4
2025-06-12 13:23:00,50.2
2025-06-12 11:11:00,63.5
2025-06-12 23:37:00,56.1
2025-06-12 01:32:00,8.8
2025-06-12 03:05:00,69.9
2025-06-12 03:56:00,14.0
2025-06-12 23:38:00,49.38053801169591
2025-06-12 12:34:00,9.4
2025-06-12 16:30:00,86.8
2025-06-12 16:57:00,49.38053801169591
2025-06-12 15:15:00,76.4
2025-06-12 12:22:00,14.5
2025-06-12 18:57:00,45.8
2025-06-12 23:36:00,19.4
2025-06-12 12:40:00,49.38053801169591
2025-06-12 20:42:00,29.8
2025-06-12 11:22:00,84.0
2025-06-12 19:03:00,44.2
2025-06-12 13:12:00,14.2
2025-06-12 18:09:00,49.5
2025-06-12 08:00:00,33.3
2025-06-12 05:54:00,78.1
2025-06-12 19:17:00,36.6
2025-06-12 08:44:00,29.1
2025-06-12 06:06:00,6.9
2025-06-12 03:48:00,92.9
2025-06-12 20:45:00,83.9
2025-06-12 21:47:00,71.2
2025-06-12 10:50:00,49.38053801169591
2025-06-12 23:07:00,22.5
2025-06-12 20:16:00,75.9
2025-06-12 21:54:00,49.38053801169591
2025-06-12 16:44:00,41.6
2025-06-12 11:57:00,75.0
2025-06-12 02:40:00,49.38053801169591
2025-06-12 19:08:00,20.3
2025-06-12 02:54:00,9.7
2025-06-12 06:00:00,89.1
2025-06-12 14:41:00,25.4
2025-06-12 21:15:00,45.0
2025-06-12 19:37:00,15.4
2025-06-12 17:28:00,49.38053801169591
2025-06-12 15:11:00,46.3
2025-06-12 13:35:00,8.6
2025-06-12 17:17:00,82.4
2025-06-12 18:53:00,4.4
2025-06-12 10:46:00,44.2
2025-06-12 20:50:00,49.38053801169591
2025-06-12 22:12:00,74.2
2025-06-12 17:35:00,47.1
2025-06-12 07:01:00,49.38053801169591
2025-06-12 07:11:00,63.2
2025-06-12 17:31:00,52.8
2025-06-12 06:51:00,49.38053801169591
2025-06-12 21:46:00,49.38053801169591
2025-06-12 20:44:00,49.38053801169591
2025-06-12 01:28:00,49.38053801169591
2025-06-12 18:16:00,33.3
2025-06-12 00:15:00,49.38053801169591
2025-06-12 13:12:00,68.1
2025-06-12 13:39:00,86.1
2025-06-12 17:46:00,52.3
2025-06-12 16:43:00,98.0
2025-06-12 12:54:00,49.38053801169591
2025-06-12 05:58:00,79.2
2025-06-12 09:52:00,49.38053801169591
2025-06-12 12:32:00,25.8
2025-06-12 14:08:00,49.2
2025-06-12 04:00:00,49.38053801169591
2025-06-12 14:21:00,49.38053801169591
2025-06-12 11:45:00,49.38053801169591
2025-06-12 08:51:00,75.0
2025-06-12 08:06:00,73.7
2025-06-12 22:27:00,80.7
2025-06-12 00:29:00,67.4
2025-06-12 19:36:00,88.7
2025-06-12 16:45:00,42.5
2025-06-12 14:17:00,59.6
2025-06-12 22:55:00,69.3
2025-06-12 14:51:00,50.0
2025-06-12 16:17:00,54.7
2025-06-12 11:46:00,49.38053801169591
2025-06-12 01:10:00,49.1
2025-06-12 08:54:00,17.5
2025-06-12 07:06:00,97.2
2025-06-12 06:33:00,3.0
2025-06-12 16:24:00,52.2
2025-06-12 14:25:00,87.9
2025-06-12 14:24:00,76.2
2025-06-12 10:27:00,68.6
2025-06-12 23:29:00,57.7
2025-06-12 16:31:00,82.3
2025-06-12 08:45:00,49.38053801169591
2025-06-12 22:39:00,74.3
2025-06-12 05:04:00,4.6
2025-06-12 15:57:00,13.3
2025-06-12 14:26:00,30.7
2025-06-12 14:23:00,17.3
2025-06-12 23:41:00,29.3
2025-06-12 14:19:00,49.38053801169591
2025-06-12 23:12:00,84.4
2025-06-12 05:08:00,87.9
2025-06-12 16:26:00,21.0
2025-06-12 08:29:00,23.9
2025-06-12 05:23:00,29.0
2025-06-12 02:36:00,49.38053801169591
2025-06-12 17:32:00,26.2
2025-06-12 14:11:00,92.0
2025-06-12 09:55:00,96.5
2025-06-12 11:00:00,37.5
2025-06-12 10:32:00,60.7
2025-06-12 16:51:00,96.6
2025-06-12 08:22:00,2.2
2025-06-12 10:18:00,37.7
2025-06-12 13:30:00,14.5
2025-06-12 11:00:00,79.6
2025-06-12 13:02:00,32.2
2025-06-12 21:32:00,77.8
2025-06-12 01:31:00,47.5
2025-06-12 07:49:00,18.2
2025-06-12 10:09:00,94.2
2025-06-12 15:28:00,53.5
2025-06-12 05:15:00,93.9
2025-06-12 02:02:00,7.2
2025-06-12 16:34:00,37.7
2025-06-12 18:06:00,42.9
2025-06-12 12:23:00,53.4
2025-06-12 06:40:00,61.9
2025-06-12 01:05:00,46.7
2025-06-12 22:35:00,40.7
2025-06-12 12:27:00,59.5
2025-06-12 08:28:00,13.1
2025-06-12 21:54:00,28.2
2025-06-12 20:57:00,59.5
2025-06-12 10:08:00,46.6
2025-06-12 18:22:00,84.5
2025-06-12 13:52:00,48.8
2025-06-12 00:16:00,39.5
2025-06-12 05:18:00,4.5
2025-06-12 20:21:00,16.6
2025-06-12 19:15:00,49.38053801169591
2025-06-12 09:49:00,32.2
2025-06-12 07:31:00,90.5
2025-06-12 15:34:00,27.7
2025-06-12 17:52:00,77.0
2025-06-12 19:24:00,1.7
2025-06-12 19:47:00,58.1
2025-06-12 15:21:00,47.2
2025-06-12 04:39:00,60.9
2025-06-12 21:15:00,68.7
2025-06-12 03:06:00,23.8
2025-06-12 23:54:00,0.6
2025-06-12 20:28:00,24.1
2025-06-12 19:17:00,49.38053801169591
2025-06-12 00:28:00,40.3
2025-06-12 21:14:00,67.6
2025-06-12 05:56:00,49.38053801169591
2025-06-12 09:57:00,27.1
2025-06-12 03:48:00,4.4
2025-06-12 22:01:00,90.9
2025-06-12 18:27:00,0.4
2025-06-12 14:07:00,18.3
2025-06-12 19:58:00,49.38053801169591
2025-06-12 08:02:00,69.4
2025-06-12 03:57:00,77.7
2025-06-12 22:36:00,86.3
2025-06-12 20:09:00,25.0
2025-06-12 12:21:00,62.9
2025-06-12 06:03:00,8.0
2025-06-12 20:47:00,27.2
2025-06-12 07:42:00,88.4
2025-06-12 04:26:00,11.9
2025-06-12 09:46:00,90.5
2025-06-12 11:19:00,94.0
2025-06-12 05:06:00,21.3
2025-06-12 01:54:00,64.4
2025-06-12 18:11:00,83.8
2025-06-12 03:51:00,68.3
2025-06-12 21:12:00,76.8
2025-06-12 07:03:00,22.4
2025-06-12 10:49:00,1.4
2025-06-12 00:06:00,4.3
2025-06-12 02:49:00,39.6
2025-06-12 23:27:00,0.9
2025-06-12 14:41:00,75.3
2025-06-12 12:01:00,27.9
2025-06-12 03:56:00,55.5
2025-06-12 02:31:00,40.3
2025-06-12 10:36:00,42.4
2025-06-12 02:52:00,56.9
2025-06-12 11:16:00,49.38053801169591
2025-06-12 19:11:00,79.9
2025-06-12 16:33:00,49.38053801169591
2025-06-12 18:17:00,56.7
2025-06-12 16:29:00,49.38053801169591
2025-06-12 01:27:00,42.0
2025-06-12 17:08:00,23.7
2025-06-12 09:59:00,78.1
2025-06-12 13:11:00,67.3
2025-06-12 14:27:00,50.7
2025-06-12 04:42:00,9.3
2025-06-12 18:01:00,52.6
2025-06-12 08:52:00,43.6
2025-06-12 07:42:00,47.9
2025-06-12 03:00:00,37.5
2025-06-12 11:17:00,29.3
2025-06-12 15:12:00,30.4
2025-06-12 10:30:00,62.5
2025-06-12 02:49:00,55.5
2025-06-12 20:29:00,87.9
2025-06-12 05:30:00,87.8
2025-06-12 18:00:00,94.5
2025-06-12 15:12:00,28.7
2025-06-12 01:18:00,59.3
2025-06-12 08:16:00,22.1
2025-06-12 02:52:00,0.2
2025-06-12 09:53:00,49.38053801169591
2025-06-12 23:48:00,98.7
2025-06-12 03:57:00,73.8
2025-06-12 19:20:00,49.38053801169591
2025-06-12 01:43:00,44.7
2025-06-12 03:24:00,66.0
2025-06-12 07:05:00,22.7
2025-06-12 02:43:00,17.5
2025-06-12 12:44:00,49.38053801169591
2025-06-12 22:20:00,71.5
2025-06-12 07:32:00,50.4
2025-06-12 20:45:00,49.38053801169591
2025-06-12 19:24:00,85.0
2025-06-12 04:31:00,80.3
2025-06-12 08:20:00,88.9
2025-06-12 07:12:00,51.0
2025-06-12 04:20:00,39.6
2025-06-12 17:45:00,49.38053801169591
2025-06-12 05:35:00,11.3
2025-06-12 00:51:00,86.0
2025-06-12 21:06:00,33.0
2025-06-12 05:12:00,63.0
2025-06-12 07:17:00,7.2
2025-06-12 15:47:00,6.8
2025-06-12 11:59:00,39.7
2025-06-12 05:31:00,1.7
2025-06-12 11:13:00,55.8
2025-06-12 16:42:00,49.38053801169591
2025-06-12 19:01:00,22.3
2025-06-12 03:41:00,32.0
2025-06-12 14:01:00,85.0
2025-06-12 14:52:00,39.4
2025-06-12 14:13:00,49.38053801169591
2025-06-12 01:49:00,49.38053801169591
2025-06-12 12:02:00,81.6
2025-06-12 16:52:00,79.6
2025-06-12 04:06:00,98.0
2025-06-12 19:59:00,7.6
2025-06-12 22:59:00,49.38053801169591
2025-06-12 03:40:00,49.38053801169591
2025-06-12 09:09:00,17.0
2025-06-12 05:52:00,31.4
2025-06-12 00:11:00,99.0
2025-06-12 20:55:00,39.2
2025-06-12 00:25:00,92.0
2025-06-12 19:15:00,4.3
2025-06-12 14:54:00,85.4
2025-06-12 18:45:00,52.2
2025-06-12 12:33:00,41.1
2025-06-12 17:55:00,26.4
2025-06-12 15:50:00,2.0
2025-06-12 01:56:00,63.5
2025-06-12 18:44:00,19.3
2025-06-12 23:24:00,28.3
2025-06-12 19:09:00,44.4
2025-06-12 17:57:00,88.1
2025-06-12 16:12:00,49.38053801169591
2025-06-12 15:16:00,46.6
2025-06-12 05:11:00,44.4
2025-06-12 01:03:00,0.9
2025-06-12 23:30:00,44.6
2025-06-12 05:50:00,0.7
2025-06-12 20:57:00,66.1
2025-06-12 13:06:00,17.6
2025-06-12 18:07:00,83.8
2025-06-12 10:51:00,80.2
2025-06-12 13:52:00,31.7
2025-06-12 07:00:00,78.2
2025-06-12 07:58:00,24.6
2025-06-12 12:31:00,73.4
2025-06-12 08:36:00,25.3
2025-06-12 08:06:00,70.0
2025-06-12 22:35:00,49.38053801169591
2025-06-12 08:33:00,70.7
2025-06-12 06:51:00,52.2
2025-06-12 23:39:00,50.4
2025-06-12 12:21:00,63.8
2025-06-12 01:37:00,7.3
2025-06-12 00:26:00,84.9
2025-06-12 09:52:00,78.5
2025-06-12 17:47:00,61.1
2025-06-12 07:31:00,20.0
2025-06-12 11:45:00,57.0
2025-06-12 07:42:00,95.9
2025-06-12 20:53:00,57.5
2025-06-12 22:03:00,26.6
2025-06-12 05:48:00,0.8
2025-06-12 05:46:00,65.3
2025-06-12 11:03:00,92.4
2025-06-12 05:04:00,49.594186729301235
2025-06-12 07:59:00,26.3
2025-06-12 19:51:00,49.594186729301235
2025-06-12 00:54:00,99.5
2025-06-12 17:48:00,56.9
2025-06-12 21:11:00,38.5
2025-06-12 09:42:00,59.9
2025-06-12 16:14:00,14.1
2025-06-12 02:21:00,14.9
2025-06-12 19:41:00,77.3
2025-06-12 08:08:00,66.0
2025-06-12 13:29:00,49.594186729301235
2025-06-12 03:44:00,40.5
2025-06-12 02:40:00,79.6
2025-06-12 01:41:00,25.0
2025-06-12 11:59:00,43.8
2025-06-12 03:26:00,61.6
2025-06-12 06:37:00,48.5
2025-06-12 22:10:00,44.7
2025-06-12 07:50:00,39.3
2025-06-12 23:24:00,24.5
2025-06-12 23:04:00,32.1
2025-06-12 16:16:00,17.3
2025-06-12 04:13:00,56.7
2025-06-12 08:00:00,49.594186729301235
2025-06-12 11:17:00,86.9
2025-06-12 13:05:00,49.594186729301235
2025-06-12 19:05:00,14.4
2025-06-12 13:21:00,60.9
2025-06-12 14:51:00,15.4
2025-06-12 17:35:00,64.6
2025-06-12 13:24:00,85.7
2025-06-12 10:44:00,61.6
2025-06-12 22:11:00,76.2
2025-06-12 21:15:00,12.9
2025-06-12 10:52:00,69.3
2025-06-12 04:59:00,49.594186729301235
2025-06-12 10:35:00,52.4
2025-06-12 07:45:00,72.2
2025-06-12 19:04:00,54.4
2025-06-12 04:59:00,5.8
2025-06-12 07:01:00,54.7
2025-06-12 23:36:00,70.8
2025-06-12 17:38:00,49.594186729301235
2025-06-12 10:26:00,49.594186729301235
2025-06-12 05:32:00,49.594186729301235
2025-06-12 09:27:00,93.0
2025-06-12 10:39:00,66.9
2025-06-12 16:55:00,28.3
2025-06-12 17:27:00,63.4
2025-06-12 14:46:00,0.9
2025-06-12 14:43:00,60.4
2025-06-12 15:15:00,13.2
2025-06-12 20:00:00,66.4
2025-06-12 10:50:00,71.5
2025-06-12 10:47:00,87.6
2025-06-12 02:13:00,44.5
2025-06-12 01:28:00,64.9
2025-06-12 23:31:00,1.7
2025-06-12 16:01:00,26.7
2025-06-12 03:13:00,28.4
2025-06-12 01:52:00,49.594186729301235
2025-06-12 02:56:00,1.6
2025-06-12 13:51:00,86.3
2025-06-12 23:33:00,9.4
2025-06-12 19:41:00,87.5
2025-06-12 16:58:00,14.2
2025-06-12 15:54:00,92.4
2025-06-12 11:38:00,11.7
2025-06-12 09:58:00,49.594186729301235
2025-06-12 21:28:00,32.4
2025-06-12 22:05:00,49.594186729301235
2025-06-12 03:42:00,49.594186729301235
2025-06-12 17:46:00,43.5
2025-06-12 12:07:00,67.8
2025-06-12 14:08:00,49.594186729301235
2025-06-12 08:52:00,50.9
2025-06-12 06:59:00,0.8
2025-06-12 21:27:00,5.2
2025-06-12 09:45:00,49.594186729301235
2025-06-12 08:03:00,49.594186729301235
2025-06-12 17:33:00,49.594186729301235
2025-06-12 02:11:00,64.3
2025-06-12 23:09:00,96.1
2025-06-12 02:18:00,0.5
2025-06-12 16:24:00,62.2
2025-06-12 00:10:00,41.4
2025-06-12 06:54:00,1.5
2025-06-12 05:22:00,49.594186729301235
2025-06-12 23:52:00,90.8
2025-06-12 00:16:00,72.5
2025-06-12 02:58:00,81.1
2025-06-12 05:19:00,56.4
2025-06-12 11:54:00,50.5
2025-06-12 08:18:00,80.6
2025-06-12 22:29:00,74.3
2025-06-12 01:57:00,83.1
2025-06-12 09:05:00,49.594186729301235
2025-06-12 09:49:00,48.7
2025-06-12 10:59:00,49.4
2025-06-12 00:11:00,23.2
2025-06-12 13:30:00,32.1
2025-06-12 12:01:00,99.6
2025-06-12 22:54:00,78.3
2025-06-12 02:37:00,2.7
2025-06-12 06:02:00,7.0
2025-06-12 22:38:00,27.8
2025-06-12 03:14:00,82.4
2025-06-12 22:37:00,49.594186729301235
2025-06-12 10:14:00,21.3
2025-06-12 14:39:00,91.9
2025-06-12 09:43:00,36.8
2025-06-12 07:36:00,26.7
2025-06-12 16:39:00,60.6
2025-06-12 04:30:00,55.9
2025-06-12 10:22:00,10.7
2025-06-12 05:22:00,81.0
2025-06-12 15:29:00,50.3
2025-06-12 21:17:00,79.0
2025-06-12 07:23:00,20.0
2025-06-12 02:52:00,71.6
2025-06-12 11:02:00,49.594186729301235
2025-06-12 18:24:00,86.3
2025-06-12 00:21:00,39.1
2025-06-12 19:46:00,54.8
2025-06-12 07:09:00,18.4
2025-06-12 04:45:00,95.4
2025-06-12 10:55:00,42.3
2025-06-12 03:27:00,17.6
2025-06-12 06:01:00,12.8
2025-06-12 13:02:00,49.594186729301235
2025-06-12 21:34:00,5.3
2025-06-12 13:18:00,88.5
2025-06-12 00:08:00,72.2
2025-06-12 14:30:00,49.594186729301235
2025-06-12 02:02:00,18.3
2025-06-12 00:33:00,43.6
2025-06-12 00:23:00,1.4
2025-06-12 12:14:00,54.3
2025-06-12 11:55:00,65.9
2025-06-12 19:56:00,18.0
2025-06-12 13:28:00,49.594186729301235
2025-06-12 00:43:00,63.9
2025-06-12 15:06:00,35.9
2025-06-12 03:57:00,38.2
2025-06-12 02:43:00,7.7
2025-06-12 08:54:00,77.0
2025-06-12 10:51:00,49.594186729301235
2025-06-12 11:38:00,38.8
2025-06-12 21:23:00,90.4
2025-06-12 02:03:00,55.0
2025-06-12 02:02:00,3.9
2025-06-12 04:58:00,49.594186729301235
2025-06-12 17:00:00,8.2
2025-06-12 20:26:00,70.9
2025-06-12 19:49:00,57.5
2025-06-12 14:50:00,8.6
2025-06-12 22:29:00,53.8
2025-06-12 14:56:00,24.7
2025-06-12 18:35:00,24.3
2025-06-12 01:04:00,66.4
2025-06-12 00:08:00,69.2
2025-06-12 02:08:00,62.9
2025-06-12 19:51:00,56.7
2025-06-12 21:42:00,93.1
2025-06-12 10:45:00,87.6
2025-06-12 05:55:00,23.6
2025-06-12 13:03:00,68.8
2025-06-12 16:08:00,66.3
2025-06-12 04:04:00,63.8
2025-06-12 00:37:00,66.7
2025-06-12 09:45:00,49.594186729301235
2025-06-12 02:29:00,88.5
2025-06-12 08:47:00,49.594186729301235
2025-06-12 14:25:00,40.4
2025-06-12 20:06:00,76.4
2025-06-12 04:52:00,52.5
2025-06-12 17:30:00,82.1
2025-06-12 23:24:00,87.0
2025-06-12 16:56:00,31.6
2025-06-12 20:29:00,33.5
2025-06-12 00:51:00,90.9
2025-06-12 06:53:00,51.1
2025-06-12 06:48:00,64.4
2025-06-12 15:01:00,25.8
2025-06-12 08:32:00,20.2
2025-06-12 13:14:00,37.8
2025-06-12 19:34:00,4.4
2025-06-12 20:57:00,12.6
2025-06-12 04:39:00,49.594186729301235
2025-06-12 23:12:00,6.1
2025-06-12 01:54:00,98.1
2025-06-12 23:14:00,6.6
2025-06-12 17:18:00,49.594186729301235
2025-06-12 19:07:00,34.4
2025-06-12 20:32:00,76.6
2025-06-12 07:10:00,81.5
2025-06-12 09:35:00,63.2
2025-06-12 00:16:00,75.6
2025-06-12 01:49:00,31.2
2025-06-12 21:26:00,49.594186729301235
2025-06-12 11:36:00,15.2
2025-06-12 11:31:00,91.9
2025-06-12 20:36:00,1.4
2025-06-12 14:49:00,66.3
2025-06-12 16:48:00,78.8
2025-06-12 18:08:00,87.7
2025-06-12 02:17:00,49.594186729301235
2025-06-12 14:46:00,15.1
2025-06-12 06:17:00,54.3
2025-06-12 15:30:00,87.8
2025-06-12 01:20:00,79.4
2025-06-12 21:44:00,55.6
2025-06-12 02:15:00,99.9
2025-06-12 02:30:00,28.9
2025-06-12 11:40:00,53.7
2025-06-12 22:40:00,26.7
2025-06-12 14:31:00,58.0
2025-06-12 04:10:00,86.6
2025-06-12 14:42:00,49.594186729301235
2025-06-12 02:39:00,46.5
2025-06-12 22:03:00,49.594186729301235
2025-06-12 16:07:00,35.7
2025-06-12 16:22:00,83.3
2025-06-12 19:46:00,9.7
2025-06-12 20:38:00,49.594186729301235
2025-06-12 11:58:00,49.594186729301235
2025-06-12 17:15:00,44.1
2025-06-12 16:30:00,0.2
2025-06-12 11:00:00,55.4
2025-06-12 20:07:00,50.3
2025-06-12 17:23:00,22.8
2025-06-12 07:09:00,43.2
2025-06-12 22:50:00,17.6
2025-06-12 06:10:00,87.4
2025-06-12 18:08:00,87.3
2025-06-12 12:50:00,43.0
2025-06-12 12:20:00,92.1
2025-06-12 14:35:00,40.4
2025-06-12 17:46:00,53.6
2025-06-12 16:55:00,18.3
2025-06-12 17:05:00,96.6
2025-06-12 05:15:00,27.5
2025-06-12 11:05:00,16.8
2025-06-12 21:05:00,24.0
2025-06-12 12:18:00,20.5
2025-06-12 06:19:00,33.9
2025-06-12 18:43:00,94.6
2025-06-12 14:21:00,8.7
2025-06-12 08:09:00,27.7
2025-06-12 07:48:00,96.6
2025-06-12 21:38:00,49.594186729301235
2025-06-12 20:36:00,49.594186729301235
2025-06-12 10:18:00,44.1
2025-06-12 00:42:00,91.3
2025-06-12 05:02:00,77.5
2025-06-12 12:51:00,99.1
2025-06-12 13:52:00,49.594186729301235
2025-06-12 18:56:00,8.0
2025-06-12 12:00:00,0.4
2025-06-12 00:46:00,69.2
2025-06-12 00:03:00,49.3
2025-06-12 00:31:00,17.2
2025-06-12 09:30:00,74.5
2025-06-12 14:31:00,32.5
2025-06-12 02:26:00,20.7
2025-06-12 20:42:00,98.4
2025-06-12 15:06:00,64.1
2025-06-12 12:43:00,49.594186729301235
2025-06-12 19:48:00,21.4
2025-06-12 01:31:00,46.3
2025-06-12 03:38:00,94.3
2025-06-12 04:10:00,49.594186729301235
2025-06-12 14:51:00,7.9
2025-06-12 01:19:00,83.3
2025-06-12 02:08:00,56.5
2025-06-12 17:52:00,98.1
2025-06-12 00:41:00,14.6
2025-06-12 02:13:00,7.9
2025-06-12 02:31:00,49.594186729301235
2025-06-12 08:46:00,41.8
2025-06-12 19:35:00,83.3
2025-06-12 17:41:00,2.4
2025-06-12 05:40:00,67.3
2025-06-12 13:12:00,49.594186729301235
2025-06-12 10:49:00,49.594186729301235
2025-06-12 22:31:00,12.9
2025-06-12 15:22:00,56.9
2025-06-12 03:13:00,49.594186729301235
2025-06-12 13:33:00,49.594186729301235
2025-06-12 13:32:00,34.9
2025-06-12 01:20:00,34.7
2025-06-12 12:21:00,23.0
2025-06-12 22:13:00,87.2
2025-06-12 22:48:00,50.03812089971884
2025-06-12 09:51:00,50.03812089971884
2025-06-12 01:38:00,96.1
2025-06-12 15:59:00,50.03812089971884
2025-06-12 23:56:00,50.03812089971884
2025-06-12 00:16:00,28.8
2025-06-12 15:02:00,60.7
2025-06-12 05:01:00,84.0
2025-06-12 18:31:00,24.9
2025-06-12 10:30:00,50.03812089971884
2025-06-12 07:07:00,91.0
2025-06-12 00:00:00,12.2
2025-06-12 10:49:00,89.1
2025-06-12 10:01:00,5.4
2025-06-12 22:58:00,94.8
2025-06-12 23:14:00,16.1
2025-06-12 13:42:00,50.03812089971884
2025-06-12 12:56:00,60.6
2025-06-12 13:21:00,96.1
2025-06-12 22:54:00,80.6
2025-06-12 14:30:00,50.03812089971884
2025-06-12 16:14:00,80.5
2025-06-12 22:32:00,44.6
2025-06-12 04:38:00,50.03812089971884
2025-06-12 15:32:00,27.8
2025-06-12 10:17:00,62.9
2025-06-12 06:57:00,47.8
2025-06-12 04:33:00,89.3
2025-06-12 04:45:00,41.6
2025-06-12 01:53:00,74.4
2025-06-12 00:49:00,23.3
2025-06-12 16:12:00,69.4
2025-06-12 11:50:00,80.4
2025-06-12 21:59:00,78.7
2025-06-12 19:53:00,5.6
2025-06-12 10:44:00,50.03812089971884
2025-06-12 04:07:00,49.3
2025-06-12 06:35:00,50.03812089971884
2025-06-12 12:49:00,50.03812089971884
2025-06-12 07:12:00,58.8
2025-06-12 08:06:00,18.9
2025-06-12 01:53:00,44.5
2025-06-12 06:49:00,50.03812089971884
2025-06-12 19:18:00,50.03812089971884
2025-06-12 05:16:00,61.3
2025-06-12 12:14:00,36.6
2025-06-12 05:02:00,74.0
2025-06-12 13:03:00,68.9
2025-06-12 08:04:00,12.5
2025-06-12 02:32:00,13.3
2025-06-12 00:42:00,37.2
2025-06-12 09:32:00,40.0
2025-06-12 09:45:00,56.2
2025-06-12 05:03:00,50.03812089971884
2025-06-12 02:42:00,82.4
2025-06-12 18:21:00,29.2
2025-06-12 18:55:00,38.5
2025-06-12 00:17:00,11.3
2025-06-12 17:45:00,19.8
2025-06-12 13:35:00,16.7
2025-06-12 16:30:00,33.9
2025-06-12 05:30:00,99.3
2025-06-12 22:15:00,57.3
2025-06-12 19:10:00,41.5
2025-06-12 22:08:00,30.3
2025-06-12 22:57:00,98.5
2025-06-12 07:36:00,41.9
2025-06-12 11:45:00,44.7
2025-06-12 12:31:00,75.3
2025-06-12 21:48:00,75.8
2025-06-12 03:24:00,74.9
2025-06-12 04:58:00,87.2
2025-06-12 12:24:00,50.03812089971884
2025-06-12 13:43:00,95.5
2025-06-12 00:28:00,47.2
2025-06-12 06:40:00,78.3
2025-06-12 08:45:00,50.03812089971884
2025-06-12 09:19:00,89.6
2025-06-12 00:32:00,64.3
2025-06-12 16:14:00,33.3
2025-06-12 04:31:00,97.7
2025-06-12 11:18:00,69.0
2025-06-12 02:00:00,35.0
2025-06-12 18:01:00,9.9
2025-06-12 18:52:00,50.03812089971884
2025-06-12 04:22:00,18.2
2025-06-12 04:21:00,42.2
2025-06-12 05:42:00,50.03812089971884
2025-06-12 12:39:00,2.2
2025-06-12 20:41:00,82.8
2025-06-12 07:32:00,97.9
2025-06-12 22:49:00,83.4
2025-06-12 17:17:00,50.03812089971884
2025-06-12 11:26:00,50.2
2025-06-12 13:43:00,50.03812089971884
2025-06-12 03:42:00,45.9
2025-06-12 21:26:00,50.03812089971884
2025-06-12 17:29:00,50.03812089971884
2025-06-12 11:01:00,11.4
2025-06-12 21:28:00,44.0
2025-06-12 20:02:00,44.3
2025-06-12 03:14:00,50.03812089971884
2025-06-12 03:23:00,88.8
2025-06-12 23:19:00,95.6
2025-06-12 04:35:00,50.03812089971884
2025-06-12 11:51:00,50.03812089971884
2025-06-12 23:49:00,95.2
2025-06-12 10:39:00,52.4
2025-06-12 23:19:00,17.6
2025-06-12 04:08:00,50.03812089971884
2025-06-12 08:06:00,34.3
2025-06-12 19:32:00,91.3
2025-06-12 08:03:00,50.03812089971884
2025-06-12 06:04:00,50.03812089971884
2025-06-12 09:34:00,77.1
2025-06-12 19:12:00,50.03812089971884
2025-06-12 16:45:00,64.6
2025-06-12 07:30:00,96.4
2025-06-12 08:46:00,60.4
2025-06-12 16:16:00,50.03812089971884
2025-06-12 23:18:00,6.3
2025-06-12 18:47:00,16.2
2025-06-12 06:21:00,92.6
2025-06-12 11:17:00,59.1
2025-06-12 22:49:00,80.2
2025-06-12 06:42:00,50.03812089971884
2025-06-12 04:01:00,25.6
2025-06-12 04:20:00,77.8
2025-06-12 17:17:00,67.7
2025-06-12 02:19:00,32.8
2025-06-12 20:40:00,7.8
2025-06-12 01:32:00,80.8
2025-06-12 18:34:00,68.2
2025-06-12 03:03:00,50.03812089971884
2025-06-12 03:28:00,50.03812089971884
2025-06-12 19:14:00,29.5
2025-06-12 20:10:00,1.7
2025-06-12 11:35:00,50.03812089971884
2025-06-12 07:39:00,42.9
2025-06-12 17:59:00,52.1
2025-06-12 15:28:00,67.0
2025-06-12 21:42:00,71.3
2025-06-12 08:46:00,86.9
2025-06-12 18:47:00,37.9
2025-06-12 01:31:00,67.1
2025-06-12 07:04:00,99.5
2025-06-12 22:04:00,78.0
2025-06-12 00:03:00,24.9
2025-06-12 20:40:00,97.2
2025-06-12 10:48:00,55.1
2025-06-12 20:47:00,92.6
2025-06-12 08:24:00,18.4
2025-06-12 19:45:00,55.0
2025-06-12 07:38:00,13.4
2025-06-12 08:56:00,31.7
2025-06-12 10:59:00,22.5
2025-06-12 02:14:00,52.9
2025-06-12 14:59:00,63.2
2025-06-12 18:04:00,50.03812089971884
2025-06-12 20:29:00,12.7
2025-06-12 06:26:00,38.3
2025-06-12 02:38:00,16.8
2025-06-12 03:31:00,83.5
2025-06-12 10:12:00,73.0
2025-06-12 05:15:00,3.1
2025-06-12 10:48:00,37.9
2025-06-12 02:37:00,50.03812089971884
2025-06-12 20:27:00,56.1
2025-06-12 14:39:00,22.2
2025-06-12 20:26:00,19.1
2025-06-12 19:43:00,17.6
2025-06-12 22:16:00,73.4
2025-06-12 02:47:00,32.1
2025-06-12 13:34:00,22.6
2025-06-12 06:35:00,75.7
2025-06-12 21:54:00,52.6
2025-06-12 01:29:00,83.9
2025-06-12 14:20:00,80.6
2025-06-12 13:41:00,3.5
2025-06-12 02:18:00,73.4
2025-06-12 09:43:00,5.5
2025-06-12 21:53:00,87.5
2025-06-12 02:58:00,96.2
2025-06-12 01:20:00,81.3
2025-06-12 08:11:00,52.4
2025-06-12 17:36:00,50.03812089971884
2025-06-12 06:07:00,16.1
2025-06-12 02:15:00,73.9
2025-06-12 14:27:00,3.4
2025-06-12 23:46:00,31.5
2025-06-12 18:45:00,10.0
2025-06-12 09:24:00,30.5
2025-06-12 17:16:00,62.3
2025-06-12 19:28:00,27.3
2025-06-12 14:08:00,50.03812089971884
2025-06-12 21:44:00,68.4
2025-06-12 05:08:00,71.5
2025-06-12 15:50:00,2.0
2025-06-12 18:01:00,83.4
2025-06-12 12:02:00,59.5
2025-06-12 11:30:00,81.1
2025-06-12 02:15:00,90.2
2025-06-12 17:37:00,32.7
2025-06-12 06:55:00,0.4
2025-06-12 20:34:00,94.6
2025-06-12 03:59:00,89.7
2025-06-12 13:48:00,50.03812089971884
2025-06-12 03:55:00,99.0
2025-06-12 07:19:00,42.8
2025-06-12 05:50:00,46.3
2025-06-12 11:42:00,84.6
2025-06-12 15:39:00,86.1
2025-06-12 07:47:00,56.6
2025-06-12 06:52:00,79.9
2025-06-12 02:29:00,3.8
2025-06-12 19:33:00,73.7
2025-06-12 21:02:00,59.2
2025-06-12 09:43:00,57.8
2025-06-12 07:21:00,13.3
2025-06-12 12:58:00,95.4
2025-06-12 15:25:00,28.7
2025-06-12 15:57:00,32.7
2025-06-12 03:33:00,19.3
2025-06-12 01:03:00,18.4
2025-06-12 23:52:00,50.03812089971884
2025-06-12 01:04:00,42.2
2025-06-12 07:57:00,20.7
2025-06-12 18:11:00,29.2
2025-06-12 12:53:00,94.2
2025-06-12 06:21:00,50.03812089971884
2025-06-12 10:59:00,47.4
2025-06-12 02:12:00,92.3
2025-06-12 09:52:00,50.03812089971884
2025-06-12 13:19:00,79.0
2025-06-12 11:28:00,50.03812089971884
2025-06-12 12:09:00,79.7
2025-06-12 18:26:00,58.8
2025-06-12 03:12:00,50.03812089971884
2025-06-12 06:01:00,99.1
2025-06-12 17:28:00,59.8
2025-06-12 06:25:00,26.2
2025-06-12 14:42:00,59.5
2025-06-12 18:14:00,50.03812089971884
2025-06-12 16:42:00,73.3
2025-06-12 00:21:00,5.3
2025-06-12 14:46:00,38.0
2025-06-12 16:23:00,89.1
2025-06-12 22:02:00,89.9
2025-06-12 17:33:00,49.0
2025-06-12 19:28:00,89.9
2025-06-12 14:56:00,3.7
2025-06-12 22:18:00,70.8
2025-06-12 18:13:00,63.2
2025-06-12 22:13:00,82.4
2025-06-12 01:12:00,90.9
2025-06-12 08:08:00,55.5
2025-06-12 17:12:00,72.3
2025-06-12 18:16:00,53.9
2025-06-12 12:28:00,5.7
2025-06-12 12:46:00,34.7
2025-06-12 14:36:00,70.9
2025-06-12 08:30:00,28.0
2025-06-12 06:39:00,50.03812089971884
2025-06-12 11:53:00,97.8
2025-06-12 13:00:00,98.7
2025-06-12 14:20:00,99.4
2025-06-12 21:07:00,60.5
2025-06-12 15:11:00,78.7
2025-06-12 15:24:00,23.5
2025-06-12 04:06:00,62.6
2025-06-12 02:11:00,82.6
2025-06-12 11:16:00,29.2
2025-06-12 16:29:00,18.8
2025-06-12 11:13:00,16.6
2025-06-12 11:45:00,51.2
2025-06-12 18:01:00,86.8
2025-06-12 14:14:00,74.3
2025-06-12 07:31:00,33.7
2025-06-12 11:13:00,19.2
2025-06-12 10:25:00,43.9
2025-06-12 12:15:00,28.4
2025-06-12 14:52:00,74.1
2025-06-12 12:41:00,21.5
2025-06-12 14:58:00,7.9
2025-06-12 11:31:00,88.9
2025-06-12 18:42:00,30.2
2025-06-12 08:43:00,30.9
2025-06-12 04:11:00,20.1
2025-06-12 04:45:00,28.5
2025-06-12 00:57:00,77.4
2025-06-12 12:07:00,18.7
2025-06-12 21:48:00,78.7
2025-06-12 02:05:00,60.1
2025-06-12 21:36:00,26.4
2025-06-12 05:26:00,46.2
2025-06-12 08:13:00,58.4
2025-06-12 08:26:00,1.7
2025-06-12 13:07:00,41.3
2025-06-12 18:24:00,74.1
2025-06-12 18:13:00,45.3
2025-06-12 18:39:00,53.8
2025-06-12 20:28:00,0.7
2025-06-12 15:32:00,27.8
2025-06-12 01:23:00,50.03812089971884
2025-06-12 12:00:00,50.03812089971884
2025-06-12 02:08:00,88.9
2025-06-12 19:23:00,65.9
2025-06-12 07:05:00,31.4
2025-06-12 23:07:00,6.3
2025-06-12 15:14:00,50.03812089971884
2025-06-12 10:14:00,92.1
2025-06-12 08:33:00,40.2
2025-06-12 00:20:00,50.03812089971884
2025-06-12 08:03:00,18.8
2025-06-12 19:22:00,28.1
2025-06-12 06:55:00,78.2
2025-06-12 01:43:00,62.1
2025-06-12 11:15:00,53.3
2025-06-12 05:27:00,50.03812089971884
2025-06-12 09:09:00,23.1
2025-06-12 03:30:00,0.4
2025-06-12 14:34:00,40.4
2025-06-12 19:13:00,78.1
2025-06-12 23:02:00,40.6
2025-06-12 00:40:00,68.6
2025-06-12 20:55:00,64.7
2025-06-12 07:41:00,46.9
2025-06-12 06:54:00,15.5
2025-06-12 03:08:00,50.03812089971884
2025-06-12 11:15:00,65.7
2025-06-12 11:55:00,87.9
2025-06-12 17:33:00,4.6
2025-06-12 05:35:00,49.697634180790956
2025-06-12 13:40:00,84.1
2025-06-12 14:09:00,49.697634180790956
2025-06-12 06:32:00,59.4
2025-06-12 21:26:00,78.5
2025-06-12 08:56:00,8.8
2025-06-12 15:24:00,30.9
2025-06-12 19:47:00,49.697634180790956
2025-06-12 08:31:00,54.7
2025-06-12 10:55:00,93.1
2025-06-12 13:53:00,58.8
2025-06-12 16:16:00,89.3
2025-06-12 00:37:00,76.7
2025-06-12 06:35:00,33.3
2025-06-12 08:42:00,7.0
2025-06-12 20:52:00,49.697634180790956
2025-06-12 21:25:00,75.2
2025-06-12 11:36:00,15.8
2025-06-12 16:27:00,49.6
2025-06-12 09:06:00,78.0
2025-06-12 11:17:00,55.4
2025-06-12 21:10:00,63.9
2025-06-12 09:24:00,25.9
2025-06-12 06:48:00,60.8
2025-06-12 09:14:00,79.3
2025-06-12 23:09:00,6.8
2025-06-12 23:04:00,92.1
2025-06-12 20:37:00,61.5
2025-06-12 22:19:00,48.1
2025-06-12 17:13:00,36.3
2025-06-12 22:08:00,81.4
2025-06-12 04:40:00,96.4
2025-06-12 13:49:00,48.7
2025-06-12 22:25:00,83.0
2025-06-12 08:13:00,25.7
2025-06-12 04:09:00,82.4
2025-06-12 18:37:00,10.3
2025-06-12 15:54:00,79.5
2025-06-12 01:39:00,49.697634180790956
2025-06-12 22:31:00,12.3
2025-06-12 19:03:00,36.2
2025-06-12 17:39:00,95.9
2025-06-12 18:22:00,40.8
2025-06-12 20:44:00,74.9
2025-06-12 10:30:00,98.4
2025-06-12 21:55:00,67.9
2025-06-12 20:50:00,22.6
2025-06-12 01:26:00,40.3
2025-06-12 01:34:00,5.2
2025-06-12 07:58:00,49.697634180790956
2025-06-12 03:33:00,95.9
2025-06-12 03:52:00,11.8
2025-06-12 06:32:00,96.6
2025-06-12 04:04:00,48.9
2025-06-12 11:52:00,42.5
2025-06-12 01:38:00,88.9
2025-06-12 06:08:00,40.9
2025-06-12 01:27:00,68.0
2025-06-12 02:10:00,20.2
2025-06-12 19:19:00,49.697634180790956
2025-06-12 19:37:00,76.7
2025-06-12 08:19:00,3.6
2025-06-12 08:12:00,96.7
2025-06-12 23:37:00,5.9
2025-06-12 17:06:00,35.8
2025-06-12 06:51:00,49.697634180790956
2025-06-12 10:47:00,98.2
2025-06-12 14:56:00,34.9
2025-06-12 16:47:00,60.1
2025-06-12 18:10:00,29.0
2025-06-12 02:03:00,58.1
2025-06-12 21:06:00,73.2
2025-06-12 08:20:00,87.2
2025-06-12 20:50:00,91.8
2025-06-12 05:12:00,53.9
2025-06-12 09:29:00,6.0
2025-06-12 11:32:00,85.4
2025-06-12 08:39:00,51.0
2025-06-12 15:52:00,42.2
2025-06-12 00:33:00,11.8
2025-06-12 21:08:00,60.6
2025-06-12 09:48:00,36.7
2025-06-12 12:32:00,0.1
2025-06-12 23:17:00,89.1
2025-06-12 01:24:00,74.5
2025-06-12 04:16:00,28.1
2025-06-12 06:30:00,54.9
2025-06-12 03:37:00,53.4
2025-06-12 17:12:00,64.8
2025-06-12 06:50:00,49.697634180790956
2025-06-12 09:07:00,49.697634180790956
2025-06-12 06:20:00,95.8
2025-06-12 21:16:00,21.6
2025-06-12 19:39:00,94.7
2025-06-12 14:05:00,75.7
2025-06-12 05:07:00,18.6
2025-06-12 08:44:00,3.3
2025-06-12 09:15:00,29.8
2025-06-12 03:22:00,55.0
2025-06-12 08:54:00,49.697634180790956
2025-06-12 00:02:00,49.697634180790956
2025-06-12 16:01:00,3.5
2025-06-12 22:21:00,63.0
2025-06-12 14:59:00,34.1
2025-06-12 18:00:00,26.4
2025-06-12 13:29:00,3.7
2025-06-12 11:51:00,75.2
2025-06-12 15:45:00,15.3
2025-06-12 19:36:00,5.2
2025-06-12 07:10:00,46.7
2025-06-12 01:55:00,11.8
2025-06-12 09:19:00,12.6
2025-06-12 01:13:00,49.697634180790956
2025-06-12 14:28:00,3.2
2025-06-12 01:06:00,29.4
2025-06-12 21:37:00,15.4
2025-06-12 14:43:00,29.1
2025-06-12 01:02:00,49.697634180790956
2025-06-12 19:03:00,4.8
2025-06-12 09:20:00,35.8
2025-06-12 01:30:00,18.7
2025-06-12 09:55:00,83.2
2025-06-12 01:03:00,84.8
2025-06-12 13:41:00,41.6
2025-06-12 14:02:00,38.4
2025-06-12 01:50:00,84.5
2025-06-12 13:31:00,0.6
2025-06-12 03:02:00,49.697634180790956
2025-06-12 21:58:00,58.3
2025-06-12 09:23:00,49.697634180790956
2025-06-12 08:35:00,53.5
2025-06-12 14:12:00,88.0
2025-06-12 05:15:00,40.2
2025-06-12 07:58:00,22.1
2025-06-12 13:35:00,94.8
2025-06-12 09:11:00,99.0
2025-06-12 17:47:00,69.6
2025-06-12 19:00:00,1.0
2025-06-12 05:23:00,74.9
2025-06-12 05:15:00,58.3
2025-06-12 06:42:00,18.9
2025-06-12 04:45:00,60.6
2025-06-12 15:57:00,38.2
2025-06-12 16:32:00,18.3
2025-06-12 04:37:00,88.0
2025-06-12 12:43:00,41.2
2025-06-12 07:35:00,17.7
2025-06-12 12:26:00,49.697634180790956
2025-06-12 19:42:00,73.3
2025-06-12 08:03:00,97.4
2025-06-12 22:42:00,97.6
2025-06-12 21:17:00,63.9
2025-06-12 18:44:00,49.697634180790956
2025-06-12 09:39:00,45.4
2025-06-12 19:40:00,71.9
2025-06-12 11:51:00,72.0
2025-06-12 18:26:00,41.8
2025-06-12 14:37:00,88.6
2025-06-12 23:10:00,5.0
2025-06-12 02:29:00,43.5
2025-06-12 22:36:00,50.6
2025-06-12 18:35:00,0.7
2025-06-12 19:56:00,12.7
2025-06-12 22:56:00,67.5
2025-06-12 13:40:00,76.7
2025-06-12 06:14:00,61.9
2025-06-12 12:34:00,57.5
2025-06-12 06:17:00,7.3
2025-06-12 22:42:00,16.8
2025-06-12 08:55:00,13.6
2025-06-12 02:47:00,49.697634180790956
2025-06-12 09:17:00,10.2
2025-06-12 06:08:00,61.6
2025-06-12 11:55:00,15.1
2025-06-12 03:17:00,62.9
2025-06-12 13:10:00,43.4
2025-06-12 11:37:00,62.0
2025-06-12 05:46:00,49.4
2025-06-12 08:17:00,44.4
2025-06-12 18:19:00,5.8
2025-06-12 02:23:00,84.5
2025-06-12 09:50:00,8.4
2025-06-12 03:56:00,78.5
2025-06-12 18:49:00,49.697634180790956
2025-06-12 14:24:00,71.3
2025-06-12 19:59:00,73.9
2025-06-12 08:32:00,30.0
2025-06-12 10:37:00,72.4
2025-06-12 17:20:00,97.5
2025-06-12 12:46:00,49.697634180790956
2025-06-12 21:55:00,18.7
2025-06-12 23:11:00,49.697634180790956
2025-06-12 00:58:00,93.7
2025-06-12 18:11:00,49.697634180790956
2025-06-12 16:41:00,89.5
2025-06-12 12:15:00,82.1
2025-06-12 20:56:00,52.2
2025-06-12 10:43:00,43.2
2025-06-12 20:40:00,15.8
2025-06-12 08:49:00,42.6
2025-06-12 04:30:00,93.5
2025-06-12 20:21:00,7.6
2025-06-12 20:27:00,28.8
2025-06-12 12:41:00,21.2
2025-06-12 06:17:00,49.697634180790956
2025-06-12 17:08:00,24.8
2025-06-12 06:28:00,49.697634180790956
2025-06-12 12:53:00,35.8
2025-06-12 16:10:00,49.697634180790956
2025-06-12 23:08:00,49.697634180790956
2025-06-12 18:02:00,3.7
2025-06-12 13:31:00,62.1
2025-06-12 10:47:00,99.2
2025-06-12 16:31:00,6.9
2025-06-12 16:58:00,55.5
2025-06-12 18:45:00,49.697634180790956
2025-06-12 23:36:00,57.1
2025-06-12 06:15:00,13.1
2025-06-12 14:27:00,94.5
2025-06-12 03:01:00,72.8
2025-06-12 13:21:00,28.7
2025-06-12 12:24:00,64.1
2025-06-12 09:58:00,25.8
2025-06-12 02:05:00,1.4
2025-06-12 07:15:00,1.8
2025-06-12 20:20:00,2.6
2025-06-12 13:50:00,46.9
2025-06-12 17:02:00,49.697634180790956
2025-06-12 08:55:00,68.6
2025-06-12 00:34:00,49.697634180790956
2025-06-12 21:18:00,51.8
2025-06-12 13:47:00,33.7
2025-06-12 09:53:00,49.697634180790956
2025-06-12 10:56:00,75.6
2025-06-12 10:13:00,62.2
2025-06-12 08:50:00,46.1
2025-06-12 04:47:00,75.1
2025-06-12 10:28:00,24.5
2025-06-12 05:50:00,3.5
2025-06-12 15:47:00,49.697634180790956
2025-06-12 11:29:00,49.697634180790956
2025-06-12 11:50:00,70.5
2025-06-12 17:38:00,57.7
2025-06-12 22:59:00,64.9
2025-06-12 22:04:00,14.9
2025-06-12 18:32:00,23.4
2025-06-12 18:17:00,8.3
2025-06-12 18:43:00,41.5
2025-06-12 23:48:00,45.2
2025-06-12 01:26:00,85.2
2025-06-12 23:23:00,55.1
2025-06-12 00:33:00,39.3
2025-06-12 21:14:00,19.3
2025-06-12 14:14:00,4.6
2025-06-12 04:53:00,73.6
2025-06-12 15:27:00,84.9
2025-06-12 11:08:00,99.3
2025-06-12 23:43:00,80.8
2025-06-12 07:10:00,49.697634180790956
2025-06-12 15:10:00,28.6
2025-06-12 18:14:00,75.0
2025-06-12 14:51:00,49.697634180790956
2025-06-12 19:16:00,15.6
2025-06-12 20:50:00,52.8
2025-06-12 15:23:00,83.2
2025-06-12 12:59:00,76.6
2025-06-12 07:19:00,48.4
2025-06-12 21:03:00,49.697634180790956
2025-06-12 19:55:00,29.1
2025-06-12 20:57:00,19.4
2025-06-12 22:14:00,74.1
2025-06-12 16:37:00,12.7
2025-06-12 17:17:00,89.8
2025-06-12 05:05:00,13.6
2025-06-12 09:09:00,36.8
2025-06-12 07:21:00,49.697634180790956
2025-06-12 15:15:00,49.697634180790956
2025-06-12 22:48:00,56.6
2025-06-12 09:31:00,52.2
2025-06-12 15:03:00,11.6
2025-06-12 13:22:00,45.7
2025-06-12 14:52:00,48.6
2025-06-12 17:38:00,49.697634180790956
2025-06-12 11:34:00,5.6
2025-06-12 03:19:00,47.0
2025-06-12 00:42:00,52.2
2025-06-12 20:00:00,49.697634180790956
2025-06-12 10:15:00,84.0
2025-06-12 17:48:00,60.0
2025-06-12 23:30:00,37.9
2025-06-12 08:43:00,13.4
2025-06-12 12:25:00,76.8
2025-06-12 13:46:00,81.3
2025-06-12 17:17:00,54.5
2025-06-12 20:21:00,49.697634180790956
2025-06-12 10:35:00,88.4
2025-06-12 07:33:00,96.8
2025-06-12 11:06:00,88.2
2025-06-12 09:10:00,49.697634180790956
2025-06-12 23:25:00,81.5
2025-06-12 14:04:00,9.1
2025-06-12 17:54:00,65.7
2025-06-12 13:04:00,80.2
2025-06-12 18:09:00,15.3
2025-06-12 14:05:00,17.6
2025-06-12 03:18:00,66.0
2025-06-12 14:55:00,36.6
2025-06-12 10:07:00,49.697634180790956
2025-06-12 06:34:00,74.5
2025-06-12 17:04:00,79.9
2025-06-12 09:02:00,64.9
2025-06-12 17:43:00,49.697634180790956
2025-06-12 23:09:00,95.4
2025-06-12 09:37:00,49.81454693687398
2025-06-12 01:06:00,84.7
2025-06-12 18:30:00,11.8
2025-06-12 05:25:00,30.0
2025-06-12 03:26:00,75.8
2025-06-12 12:10:00,84.4
2025-06-12 14:17:00,11.6
2025-06-12 23:27:00,89.6
2025-06-12 09:01:00,29.8
2025-06-12 18:55:00,47.4
2025-06-12 10:41:00,21.0
2025-06-12 15:27:00,37.8
2025-06-12 05:27:00,16.4
2025-06-12 02:04:00,96.2
2025-06-12 08:19:00,30.9
2025-06-12 19:27:00,95.5
2025-06-12 05:35:00,77.1
2025-06-12 20:09:00,68.5
2025-06-12 12:08:00,32.2
2025-06-12 06:55:00,49.81454693687398
2025-06-12 21:48:00,66.1
2025-06-12 03:33:00,53.8
2025-06-12 11:48:00,49.81454693687398
2025-06-12 03:19:00,70.7
2025-06-12 16:26:00,18.3
2025-06-12 06:45:00,71.9
2025-06-12 00:07:00,18.8
2025-06-12 18:09:00,2.3
2025-06-12 03:06:00,63.0
2025-06-12 21:11:00,80.0
2025-06-12 02:51:00,99.7
2025-06-12 02:33:00,10.9
2025-06-12 01:29:00,86.4
2025-06-12 08:20:00,49.81454693687398
2025-06-12 16:08:00,19.0
2025-06-12 07:56:00,92.5
2025-06-12 02:11:00,21.8
2025-06-12 08:47:00,36.4
2025-06-12 00:41:00,15.7
2025-06-12 02:26:00,7.9
2025-06-12 18:44:00,10.4
2025-06-12 16:37:00,73.2
2025-06-12 11:27:00,12.8
2025-06-12 18:45:00,19.2
2025-06-12 10:10:00,40.7
2025-06-12 21:51:00,76.8
2025-06-12 17:25:00,60.5
2025-06-12 00:57:00,17.0
2025-06-12 19:54:00,15.6
2025-06-12 06:57:00,6.2
2025-06-12 16:28:00,15.2
2025-06-12 16:00:00,47.3
2025-06-12 15:10:00,58.1
2025-06-12 16:51:00,7.0
2025-06-12 10:46:00,72.4
2025-06-12 12:06:00,95.5
2025-06-12 10:10:00,82.7
2025-06-12 18:54:00,35.3
2025-06-12 12:20:00,10.4
2025-06-12 10:00:00,49.81454693687398
2025-06-12 11:27:00,23.5
2025-06-12 03:39:00,4.2
2025-06-12 01:01:00,49.81454693687398
2025-06-12 03:34:00,25.0
2025-06-12 13:28:00,42.5
2025-06-12 23:49:00,5.1
2025-06-12 08:26:00,66.4
2025-06-12 19:05:00,79.3
2025-06-12 20:00:00,0.9
2025-06-12 04:23:00,96.0
2025-06-12 17:25:00,49.81454693687398
2025-06-12 23:27:00,3.9
2025-06-12 07:59:00,25.3
2025-06-12 05:53:00,62.1
2025-06-12 22:18:00,13.4
2025-06-12 19:08:00,85.1
2025-06-12 00:23:00,49.6
2025-06-12 13:35:00,52.4
2025-06-12 08:45:00,1.6
2025-06-12 03:00:00,31.0
2025-06-12 18:48:00,27.3
2025-06-12 11:52:00,11.6
2025-06-12 08:08:00,33.0
2025-06-12 16:23:00,49.81454693687398
2025-06-12 09:23:00,49.81454693687398
2025-06-12 03:21:00,98.9
2025-06-12 08:21:00,12.4
2025-06-12 08:31:00,94.0
2025-06-12 19:37:00,1.1
2025-06-12 02:21:00,80.2
2025-06-12 06:09:00,62.0
2025-06-12 19:24:00,37.7
2025-06-12 08:07:00,18.9
2025-06-12 18:40:00,12.0
2025-06-12 22:02:00,38.9
2025-06-12 16:56:00,42.7
2025-06-12 04:31:00,89.4
2025-06-12 04:22:00,16.6
2025-06-12 17:56:00,16.2
2025-06-12 22:34:00,71.4
2025-06-12 16:31:00,36.5
2025-06-12 19:29:00,49.81454693687398
2025-06-12 13:43:00,77.2
2025-06-12 19:57:00,81.5
2025-06-12 18:10:00,17.1
2025-06-12 00:19:00,72.0
2025-06-12 23:49:00,14.4
2025-06-12 22:16:00,86.2
2025-06-12 17:24:00,79.7
2025-06-12 15:57:00,77.8
2025-06-12 06:11:00,53.4
2025-06-12 08:52:00,21.8
2025-06-12 15:37:00,29.8
2025-06-12 14:24:00,5.7
2025-06-12 02:15:00,86.4
2025-06-12 05:58:00,9.0
2025-06-12 14:52:00,49.81454693687398
2025-06-12 04:12:00,17.4
2025-06-12 13:38:00,33.4
2025-06-12 01:28:00,63.4
2025-06-12 20:57:00,25.3
2025-06-12 17:03:00,49.81454693687398
2025-06-12 21:55:00,49.81454693687398
2025-06-12 14:19:00,49.81454693687398
2025-06-12 22:13:00,49.81454693687398
2025-06-12 05:06:00,86.3
2025-06-12 02:53:00,10.6
2025-06-12 00:54:00,36.7
2025-06-12 19:27:00,33.3
2025-06-12 02:20:00,52.0
2025-06-12 04:55:00,15.0
2025-06-12 21:09:00,24.0
2025-06-12 13:09:00,23.7
2025-06-12 15:36:00,40.8
2025-06-12 00:47:00,74.1
2025-06-12 15:44:00,77.0
2025-06-12 03:36:00,14.5
2025-06-12 09:36:00,7.1
2025-06-12 21:40:00,24.0
2025-06-12 18:39:00,49.81454693687398
2025-06-12 04:18:00,39.0
2025-06-12 19:42:00,48.0
2025-06-12 17:24:00,6.0
2025-06-12 20:36:00,44.1
2025-06-12 08:15:00,49.81454693687398
2025-06-12 07:34:00,16.5
2025-06-12 04:24:00,49.81454693687398
2025-06-12 00:22:00,90.0
2025-06-12 00:50:00,30.7
2025-06-12 16:34:00,69.4
2025-06-12 07:29:00,0.7
2025-06-12 13:27:00,64.2
2025-06-12 04:27:00,33.4
2025-06-12 06:44:00,49.81454693687398
2025-06-12 17:14:00,6.3
2025-06-12 21:36:00,16.7
2025-06-12 21:22:00,49.81454693687398
2025-06-12 02:39:00,74.5
2025-06-12 12:13:00,74.5
2025-06-12 04:37:00,49.81454693687398
2025-06-12 11:32:00,95.4
2025-06-12 21:12:00,21.6
2025-06-12 04:15:00,99.5
2025-06-12 12:48:00,30.6
2025-06-12 00:14:00,69.8
2025-06-12 04:07:00,26.5
2025-06-12 10:34:00,83.9
2025-06-12 11:35:00,34.1
2025-06-12 19:22:00,94.2
2025-06-12 05:18:00,19.5
2025-06-12 05:37:00,23.5
2025-06-12 22:39:00,37.9
2025-06-12 16:27:00,18.9
2025-06-12 13:40:00,49.81454693687398
2025-06-12 16:27:00,52.9
2025-06-12 04:24:00,66.2
2025-06-12 01:09:00,36.6
2025-06-12 03:29:00,32.6
2025-06-12 16:11:00,26.1
2025-06-12 22:40:00,3.7
2025-06-12 16:20:00,49.81454693687398
2025-06-12 22:35:00,71.2
2025-06-12 01:15:00,54.7
2025-06-12 17:15:00,96.9
2025-06-12 07:16:00,5.8
2025-06-12 06:37:00,81.0
2025-06-12 23:47:00,45.9
2025-06-12 10:31:00,37.4
2025-06-12 09:30:00,9.0
2025-06-12 15:16:00,87.7
2025-06-12 01:25:00,29.3
2025-06-12 02:14:00,49.81454693687398
2025-06-12 15:10:00,24.7
2025-06-12 12:07:00,18.0
2025-06-12 16:36:00,49.81454693687398
2025-06-12 23:57:00,60.2
2025-06-12 17:49:00,33.0
2025-06-12 08:50:00,49.81454693687398
2025-06-12 06:09:00,35.0
2025-06-12 07:48:00,22.9
2025-06-12 02:34:00,81.1
2025-06-12 13:54:00,55.5
2025-06-12 17:26:00,95.1
2025-06-12 03:21:00,49.81454693687398
2025-06-12 14:07:00,49.81454693687398
2025-06-12 09:51:00,60.3
2025-06-12 21:21:00,26.3
2025-06-12 17:49:00,61.5
2025-06-12 18:07:00,10.1
2025-06-12 23:38:00,1.0
2025-06-12 06:59:00,49.81454693687398
2025-06-12 06:53:00,55.8
2025-06-12 17:01:00,62.3
2025-06-12 18:40:00,26.6
2025-06-12 04:58:00,24.4
2025-06-12 19:51:00,4.8
2025-06-12 23:48:00,7.5
2025-06-12 17:56:00,46.8
2025-06-12 07:46:00,7.3
2025-06-12 19:25:00,17.9
2025-06-12 04:15:00,77.2
2025-06-12 01:31:00,6.0
2025-06-12 13:21:00,35.4
2025-06-12 15:02:00,36.0
2025-06-12 00:34:00,70.7
2025-06-12 15:20:00,15.9
2025-06-12 05:45:00,12.1
2025-06-12 10:38:00,51.7
2025-06-12 03:00:00,79.5
2025-06-12 01:49:00,49.81454693687398
2025-06-12 15:44:00,15.7
2025-06-12 04:27:00,34.3
2025-06-12 08:50:00,49.9
2025-06-12 11:27:00,43.4
2025-06-12 06:51:00,49.81454693687398
2025-06-12 21:32:00,30.7
2025-06-12 13:51:00,58.6
2025-06-12 23:35:00,68.2
2025-06-12 18:41:00,73.9
2025-06-12 13:49:00,28.1
2025-06-12 04:05:00,9.3
2025-06-12 03:21:00,49.81454693687398
2025-06-12 03:00:00,61.9
2025-06-12 21:53:00,60.0
2025-06-12 21:44:00,26.1
2025-06-12 15:45:00,76.5
2025-06-12 18:34:00,14.6
2025-06-12 20:24:00,87.9
2025-06-12 00:45:00,94.2
2025-06-12 13:54:00,0.0
2025-06-12 21:18:00,49.81454693687398
2025-06-12 22:20:00,40.6
2025-06-12 21:03:00,81.7
2025-06-12 07:10:00,49.1
2025-06-12 22:56:00,49.3
2025-06-12 09:30:00,83.0
2025-06-12 01:25:00,55.0
2025-06-12 09:17:00,52.7
2025-06-12 06:15:00,19.5
2025-06-12 22:51:00,55.1
2025-06-12 21:46:00,49.81454693687398
2025-06-12 06:11:00,26.0
2025-06-12 08:58:00,5.7
2025-06-12 05:02:00,93.4
2025-06-12 00:01:00,69.7
2025-06-12 13:18:00,65.4
2025-06-12 04:47:00,14.8
2025-06-12 06:07:00,76.7
2025-06-12 09:04:00,48.8
2025-06-12 11:14:00,25.8
2025-06-12 01:07:00,53.7
2025-06-12 16:16:00,21.4
2025-06-12 02:48:00,72.4
2025-06-12 10:22:00,90.0
2025-06-12 02:37:00,53.0
2025-06-12 06:00:00,49.81454693687398
2025-06-12 10:06:00,12.0
2025-06-12 08:33:00,13.1
2025-06-12 06:43:00,85.4
2025-06-12 15:51:00,86.4
2025-06-12 00:02:00,7.5
2025-06-12 21:25:00,88.5
2025-06-12 15:49:00,58.8
2025-06-12 15:38:00,49.81454693687398
2025-06-12 09:48:00,70.1
2025-06-12 16:51:00,93.5
2025-06-12 07:29:00,32.5
2025-06-12 00:51:00,60.5
2025-06-12 16:15:00,49.81454693687398
2025-06-12 17:26:00,49.81454693687398
2025-06-12 01:08:00,44.5
2025-06-12 13:45:00,54.1
2025-06-12 15:32:00,49.81454693687398
2025-06-12 15:01:00,82.7
2025-06-12 01:42:00,49.81454693687398
2025-06-12 23:28:00,37.2
2025-06-12 14:00:00,51.5
2025-06-12 13:18:00,71.2
2025-06-12 22:28:00,18.5
2025-06-12 06:40:00,35.4
2025-06-12 13:18:00,18.9
2025-06-12 07:54:00,95.5
2025-06-12 23:15:00,49.81454693687398
2025-06-12 19:29:00,50.5
2025-06-12 09:44:00,49.81454693687398
2025-06-12 02:50:00,30.4
2025-06-12 06:08:00,40.9
2025-06-12 03:12:00,88.9
2025-06-12 02:05:00,89.5
2025-06-12 04:38:00,1.9
2025-06-12 07:44:00,12.8
2025-06-12 04:09:00,5.2
2025-06-12 07:40:00,64.3
2025-06-12 23:41:00,49.81454693687398
2025-06-12 14:56:00,74.3
2025-06-12 21:44:00,5.3
2025-06-12 01:23:00,72.7
2025-06-12 03:56:00,86.4
2025-06-12 00:29:00,5.8
2025-06-12 12:29:00,28.8
2025-06-12 13:28:00,21.9
2025-06-12 12:40:00,56.3
2025-06-12 15:43:00,20.8
2025-06-12 17:29:00,67.6
2025-06-12 23:50:00,63.9
2025-06-12 16:22:00,0.4
2025-06-12 04:11:00,67.3
2025-06-12 14:08:00,50.17466168922071
2025-06-12 11:34:00,3.8
2025-06-12 06:34:00,13.9
2025-06-12 15:42:00,11.0
2025-06-12 07:51:00,51.6
2025-06-12 23:00:00,53.2
2025-06-12 22:30:00,50.3
2025-06-12 21:32:00,38.0
2025-06-12 19:11:00,48.6
2025-06-12 01:39:00,30.6
2025-06-12 15:36:00,18.5
2025-06-12 06:25:00,20.5
2025-06-12 01:21:00,52.3
2025-06-12 01:45:00,91.7
2025-06-12 02:15:00,99.4
2025-06-12 00:14:00,74.1
2025-06-12 01:48:00,44.4
2025-06-12 18:30:00,2.0
2025-06-12 00:12:00,23.1
2025-06-12 02:25:00,50.17466168922071
2025-06-12 07:37:00,6.0
2025-06-12 11:05:00,48.0
2025-06-12 22:54:00,50.17466168922071
2025-06-12 03:50:00,42.3
2025-06-12 21:50:00,91.1
2025-06-12 17:58:00,53.0
2025-06-12 09:30:00,2.6
2025-06-12 21:22:00,44.4
2025-06-12 16:19:00,3.0
2025-06-12 21:51:00,5.4
2025-06-12 19:38:00,24.5
2025-06-12 21:58:00,50.17466168922071
2025-06-12 16:11:00,68.3
2025-06-12 10:51:00,31.4
2025-06-12 13:05:00,47.3
2025-06-12 01:11:00,88.5
2025-06-12 13:50:00,3.5
2025-06-12 02:50:00,58.9
2025-06-12 22:44:00,66.9
2025-06-12 00:19:00,67.5
2025-06-12 00:10:00,97.4
2025-06-12 14:17:00,66.3
2025-06-12 02:41:00,57.0
2025-06-12 00:09:00,16.0
2025-06-12 01:49:00,53.7
2025-06-12 05:01:00,50.17466168922071
2025-06-12 05:46:00,70.3
2025-06-12 20:24:00,51.5
2025-06-12 03:36:00,95.2
2025-06-12 19:29:00,94.8
2025-06-12 21:00:00,95.8
2025-06-12 16:41:00,60.7
2025-06-12 15:27:00,47.5
2025-06-12 19:28:00,14.7
2025-06-12 20:31:00,55.9
2025-06-12 06:28:00,30.5
2025-06-12 07:54:00,25.6
2025-06-12 10:45:00,0.9
2025-06-12 12:12:00,64.9
2025-06-12 14:26:00,50.17466168922071
2025-06-12 05:58:00,66.1
2025-06-12 10:42:00,22.2
2025-06-12 11:58:00,44.7
2025-06-12 22:34:00,40.7
2025-06-12 21:32:00,31.4
2025-06-12 00:05:00,29.4
2025-06-12 16:30:00,80.5
2025-06-12 11:09:00,56.4
2025-06-12 14:14:00,12.2
2025-06-12 12:34:00,73.2
2025-06-12 20:48:00,93.6
2025-06-12 02:23:00,92.0
2025-06-12 00:57:00,11.2
2025-06-12 14:34:00,71.8
2025-06-12 05:04:00,71.3
2025-06-12 08:48:00,42.9
2025-06-12 18:36:00,49.6
2025-06-12 19:29:00,1.5
2025-06-12 21:14:00,10.6
2025-06-12 08:24:00,31.9
2025-06-12 15:16:00,58.8
2025-06-12 06:31:00,92.4
2025-06-12 10:12:00,36.1
2025-06-12 04:05:00,89.6
2025-06-12 04:47:00,91.4
2025-06-12 16:23:00,30.8
2025-06-12 10:55:00,71.7
2025-06-12 22:09:00,24.5
2025-06-12 20:43:00,81.2
2025-06-12 19:57:00,5.1
2025-06-12 11:14:00,74.1
2025-06-12 07:32:00,94.8
2025-06-12 15:08:00,83.7
2025-06-12 04:07:00,50.17466168922071
2025-06-12 02:42:00,26.5
2025-06-12 06:07:00,50.17466168922071
2025-06-12 17:01:00,11.0
2025-06-12 02:01:00,89.0
2025-06-12 02:09:00,81.7
2025-06-12 02:50:00,39.5
2025-06-12 20:10:00,61.5
2025-06-12 07:47:00,50.17466168922071
2025-06-12 09:30:00,14.3
2025-06-12 23:52:00,27.3
2025-06-12 15:54:00,20.5
2025-06-12 23:12:00,19.4
2025-06-12 23:20:00,44.8
2025-06-12 16:44:00,38.6
2025-06-12 20:55:00,54.7
2025-06-12 03:40:00,63.1
2025-06-12 23:25:00,55.7
2025-06-12 04:36:00,37.4
2025-06-12 05:37:00,2.1
2025-06-12 19:04:00,52.5
2025-06-12 04:06:00,50.1
2025-06-12 21:47:00,18.3
2025-06-12 13:31:00,71.6
2025-06-12 00:30:00,19.4
2025-06-12 23:21:00,46.6
2025-06-12 19:25:00,50.17466168922071
2025-06-12 22:47:00,24.7
2025-06-12 22:21:00,93.4
2025-06-12 13:48:00,66.2
2025-06-12 14:15:00,61.8
2025-06-12 05:10:00,37.3
2025-06-12 21:36:00,3.2
2025-06-12 14:16:00,92.5
2025-06-12 22:09:00,5.4
2025-06-12 17:57:00,71.3
2025-06-12 15:38:00,57.4
2025-06-12 10:24:00,12.3
2025-06-12 07:37:00,83.2
2025-06-12 06:36:00,19.3
2025-06-12 15:17:00,22.2
2025-06-12 22:57:00,8.6
2025-06-12 14:38:00,26.2
2025-06-12 14:28:00,52.6
2025-06-12 22:50:00,21.0
2025-06-12 21:33:00,67.9
2025-06-12 16:14:00,11.9
2025-06-12 09:14:00,67.5
2025-06-12 18:01:00,15.2
2025-06-12 12:26:00,74.9
2025-06-12 07:48:00,2.7
2025-06-12 21:01:00,6.9
2025-06-12 05:48:00,60.1
2025-06-12 07:59:00,38.3
2025-06-12 19:59:00,9.4
2025-06-12 12:57:00,47.5
2025-06-12 06:42:00,50.17466168922071
2025-06-12 08:25:00,41.8
2025-06-12 19:30:00,74.1
2025-06-12 15:04:00,42.6
2025-06-12 23:29:00,41.2
2025-06-12 02:57:00,39.7
2025-06-12 20:23:00,50.17466168922071
2025-06-12 13:08:00,84.2
2025-06-12 10:49:00,60.5
2025-06-12 15:00:00,50.17466168922071
2025-06-12 05:51:00,50.17466168922071
2025-06-12 16:07:00,50.17466168922071
2025-06-12 21:15:00,67.7
2025-06-12 18:14:00,99.8
2025-06-12 20:35:00,70.1
2025-06-12 06:20:00,84.2
2025-06-12 16:57:00,29.4
2025-06-12 17:55:00,10.1
2025-06-12 17:08:00,68.6
2025-06-12 11:13:00,50.17466168922071
2025-06-12 02:22:00,40.6
2025-06-12 06:23:00,3.6
2025-06-12 04:52:00,17.5
2025-06-12 20:49:00,22.4
2025-06-12 10:47:00,50.17466168922071
2025-06-12 16:45:00,86.8
2025-06-12 20:47:00,90.2
2025-06-12 10:56:00,77.6
2025-06-12 10:26:00,70.6
2025-06-12 08:31:00,93.1
2025-06-12 22:16:00,63.4
2025-06-12 19:22:00,81.6
2025-06-12 14:43:00,50.17466168922071
2025-06-12 09:01:00,78.5
2025-06-12 01:55:00,23.4
2025-06-12 02:34:00,73.8
2025-06-12 14:07:00,24.3
2025-06-12 15:29:00,27.6
2025-06-12 01:27:00,95.6
2025-06-12 01:35:00,45.0
2025-06-12 08:53:00,81.2
2025-06-12 13:17:00,74.3
2025-06-12 04:44:00,14.7
2025-06-12 03:23:00,63.6
2025-06-12 04:12:00,91.4
2025-06-12 19:26:00,98.7
2025-06-12 10:13:00,50.17466168922071
2025-06-12 13:05:00,70.1
2025-06-12 06:27:00,83.2
2025-06-12 04:46:00,52.8
2025-06-12 00:23:00,5.9
2025-06-12 09:52:00,23.7
2025-06-12 15:23:00,92.6
2025-06-12 07:04:00,20.4
2025-06-12 10:04:00,54.3
2025-06-12 15:59:00,91.4
2025-06-12 19:43:00,71.6
2025-06-12 22:02:00,50.17466168922071
2025-06-12 20:37:00,30.6
2025-06-12 22:23:00,4.8
2025-06-12 03:01:00,79.1
2025-06-12 00:11:00,37.0
2025-06-12 00:24:00,10.8
2025-06-12 05:54:00,36.2
2025-06-12 17:26:00,50.17466168922071
2025-06-12 19:44:00,50.17466168922071
2025-06-12 13:27:00,14.1
2025-06-12 16:06:00,42.2
2025-06-12 11:52:00,3.8
2025-06-12 10:10:00,71.9
2025-06-12 17:08:00,50.17466168922071
2025-06-12 09:56:00,50.6
2025-06-12 00:56:00,2.4
2025-06-12 03:48:00,62.8
2025-06-12 15:26:00,49.9
2025-06-12 19:18:00,22.0
2025-06-12 04:01:00,50.17466168922071
2025-06-12 21:21:00,75.1
2025-06-12 00:55:00,71.1
2025-06-12 18:05:00,35.1
2025-06-12 11:59:00,65.5
2025-06-12 17:41:00,50.17466168922071
2025-06-12 00:27:00,50.17466168922071
2025-06-12 12:29:00,25.8
2025-06-12 00:43:00,5.0
2025-06-12 17:29:00,30.9
2025-06-12 09:40:00,23.8
2025-06-12 23:34:00,74.9
2025-06-12 13:45:00,18.2
2025-06-12 08:37:00,82.4
2025-06-12 02:56:00,18.4
2025-06-12 16:18:00,76.3
2025-06-12 17:54:00,58.5
2025-06-12 13:02:00,85.0
2025-06-12 20:29:00,50.17466168922071
2025-06-12 14:29:00,86.3
2025-06-12 09:07:00,28.5
2025-06-12 04:40:00,46.7
2025-06-12 03:41:00,55.0
2025-06-12 05:37:00,38.8
2025-06-12 16:09:00,16.5
2025-06-12 21:01:00,51.0
2025-06-12 21:29:00,21.1
2025-06-12 04:10:00,25.5
2025-06-12 03:02:00,50.17466168922071
2025-06-12 10:51:00,50.17466168922071
2025-06-12 18:36:00,46.7
2025-06-12 18:57:00,50.17466168922071
2025-06-12 21:03:00,36.9
2025-06-12 15:43:00,30.5
2025-06-12 19:11:00,50.17466168922071
2025-06-12 12:14:00,9.0
2025-06-12 07:37:00,50.17466168922071
2025-06-12 02:46:00,23.9
2025-06-12 19:33:00,52.1
2025-06-12 15:17:00,47.3
2025-06-12 20:14:00,75.3
2025-06-12 22:41:00,93.7
2025-06-12 16:20:00,28.2
2025-06-12 07:05:00,50.17466168922071
2025-06-12 12:22:00,41.7
2025-06-12 18:20:00,84.5
2025-06-12 15:56:00,84.7
2025-06-12 09:37:00,4.8
2025-06-12 10:39:00,73.2
2025-06-12 18:27:00,18.1
2025-06-12 09:17:00,68.6
2025-06-12 00:40:00,4.8
2025-06-12 12:25:00,50.17466168922071
2025-06-12 04:25:00,83.7
2025-06-12 22:51:00,3.1
2025-06-12 02:17:00,40.2
2025-06-12 09:43:00,54.9
2025-06-12 02:15:00,43.3
2025-06-12 20:53:00,50.17466168922071
2025-06-12 00:24:00,15.3
2025-06-12 13:11:00,23.8
2025-06-12 02:34:00,77.4
2025-06-12 23:18:00,44.3
2025-06-12 11:19:00,50.17466168922071
2025-06-12 11:30:00,50.17466168922071
2025-06-12 15:25:00,77.7
2025-06-12 19:59:00,50.17466168922071
2025-06-12 00:24:00,18.4
2025-06-12 18:18:00,27.8
2025-06-12 10:33:00,34.2
2025-06-12 12:07:00,81.9
2025-06-12 23:12:00,54.5
2025-06-12 18:49:00,97.1
2025-06-12 21:33:00,12.3
2025-06-12 06:49:00,56.6
2025-06-12 09:00:00,78.3
2025-06-12 16:26:00,31.5
2025-06-12 09:46:00,51.4
2025-06-12 08:01:00,58.0
2025-06-12 01:52:00,92.3
2025-06-12 09:30:00,16.0
2025-06-12 11:43:00,14.3
2025-06-12 13:49:00,34.6
2025-06-12 18:39:00,1.9
2025-06-12 01:00:00,11.8
2025-06-12 02:04:00,97.1
2025-06-12 16:35:00,15.4
2025-06-12 14:51:00,52.6
2025-06-12 06:29:00,50.17466168922071
2025-06-12 14:16:00,79.6
2025-06-12 05:53:00,34.9
2025-06-12 02:25:00,54.9
2025-06-12 15:59:00,55.2
2025-06-12 16:11:00,78.7
2025-06-12 22:13:00,50.17466168922071
2025-06-12 18:48:00,50.17466168922071
2025-06-12 11:23:00,90.9
2025-06-12 10:16:00,21.7
2025-06-12 09:07:00,20.7
2025-06-12 10:34:00,78.1
2025-06-12 10:03:00,39.8
2025-06-12 12:04:00,9.1
2025-06-12 04:51:00,21.9
2025-06-12 01:12:00,96.7
2025-06-12 10:32:00,64.4
2025-06-12 03:11:00,60.4
2025-06-12 02:01:00,52.9
2025-06-12 16:54:00,92.5
2025-06-12 04:42:00,50.17466168922071
2025-06-12 03:15:00,41.1
2025-06-12 18:57:00,1.0
2025-06-12 03:44:00,80.7
2025-06-12 13:00:00,50.17466168922071
2025-06-12 12:00:00,33.4
2025-06-12 13:15:00,93.3
2025-06-12 15:48:00,87.3
2025-06-12 16:28:00,33.2
2025-06-12 21:17:00,49.28634215500945
2025-06-12 08:03:00,16.3
2025-06-12 23:13:00,99.4
2025-06-12 01:23:00,18.8
2025-06-12 10:18:00,63.2
2025-06-12 18:02:00,49.28634215500945
2025-06-12 15:56:00,97.5
2025-06-12 00:24:00,6.2
2025-06-12 04:18:00,62.6
2025-06-12 03:31:00,20.4
2025-06-12 18:30:00,58.0
2025-06-12 00:36:00,39.3
2025-06-12 21:09:00,3.3
2025-06-12 22:14:00,7.4
2025-06-12 13:03:00,13.2
2025-06-12 07:54:00,59.8
2025-06-12 17:41:00,49.28634215500945
2025-06-12 10:39:00,55.0
2025-06-12 06:30:00,24.2
2025-06-12 01:50:00,67.2
2025-06-12 07:55:00,49.28634215500945
2025-06-12 13:16:00,93.3
2025-06-12 18:25:00,49.28634215500945
2025-06-12 03:51:00,26.0
2025-06-12 12:18:00,54.2
2025-06-12 03:08:00,40.2
2025-06-12 21:34:00,63.8
2025-06-12 22:35:00,95.2
2025-06-12 08:15:00,70.7
2025-06-12 08:11:00,93.9
2025-06-12 14:42:00,45.8
2025-06-12 10:20:00,8.8
2025-06-12 12:20:00,10.5
2025-06-12 20:00:00,87.4
2025-06-12 08:24:00,49.28634215500945
2025-06-12 00:53:00,26.7
2025-06-12 13:46:00,49.28634215500945
2025-06-12 19:10:00,31.0
2025-06-12 10:42:00,49.28634215500945
2025-06-12 07:32:00,23.6
2025-06-12 19:45:00,34.0
2025-06-12 16:43:00,97.7
2025-06-12 03:36:00,16.8
2025-06-12 02:56:00,14.5
2025-06-12 08:15:00,49.28634215500945
2025-06-12 06:30:00,49.28634215500945
2025-06-12 03:45:00,49.28634215500945
2025-06-12 01:45:00,33.5
2025-06-12 06:58:00,62.3
2025-06-12 22:25:00,61.9
2025-06-12 03:08:00,49.28634215500945
2025-06-12 14:00:00,25.3
2025-06-12 00:02:00,72.1
2025-06-12 19:35:00,11.4
2025-06-12 16:49:00,13.1
2025-06-12 04:01:00,49.28634215500945
2025-06-12 14:58:00,22.3
2025-06-12 21:32:00,49.28634215500945
2025-06-12 20:50:00,34.0
2025-06-12 02:29:00,2.5
2025-06-12 22:08:00,30.4
2025-06-12 19:31:00,45.2
2025-06-12 10:50:00,49.28634215500945
2025-06-12 02:10:00,56.0
2025-06-12 01:24:00,71.1
2025-06-12 11:05:00,19.8
2025-06-12 12:36:00,47.2
2025-06-12 09:45:00,39.4
2025-06-12 15:30:00,49.28634215500945
2025-06-12 12:14:00,4.7
2025-06-12 13:52:00,32.8
2025-06-12 09:27:00,49.28634215500945
2025-06-12 02:40:00,39.5
2025-06-12 17:56:00,52.7
2025-06-12 19:31:00,41.2
2025-06-12 00:02:00,49.28634215500945
2025-06-12 12:33:00,49.28634215500945
2025-06-12 18:48:00,49.9
2025-06-12 06:16:00,29.9
2025-06-12 23:17:00,72.2
2025-06-12 06:39:00,47.5
2025-06-12 06:40:00,45.6
2025-06-12 22:59:00,87.0
2025-06-12 00:20:00,89.7
2025-06-12 10:41:00,47.7
2025-06-12 10:14:00,86.3
2025-06-12 16:07:00,49.28634215500945
2025-06-12 23:58:00,72.0
2025-06-12 18:51:00,68.5
2025-06-12 19:49:00,77.9
2025-06-12 08:18:00,95.1
2025-06-12 23:10:00,94.7
2025-06-12 19:38:00,48.8
2025-06-12 14:49:00,61.1
2025-06-12 15:03:00,24.0
2025-06-12 20:56:00,53.1
2025-06-12 09:37:00,49.28634215500945
2025-06-12 16:40:00,2.8
2025-06-12 09:15:00,58.4
2025-06-12 10:47:00,92.2
2025-06-12 08:11:00,10.9
2025-06-12 11:26:00,67.2
2025-06-12 19:43:00,98.4
2025-06-12 17:17:00,42.6
2025-06-12 12:20:00,72.0
2025-06-12 08:00:00,77.9
2025-06-12 22:46:00,78.9
2025-06-12 23:59:00,16.0
2025-06-12 15:03:00,1.0
2025-06-12 01:39:00,49.28634215500945
2025-06-12 17:29:00,27.2
2025-06-12 04:27:00,13.7
2025-06-12 05:24:00,66.7
2025-06-12 02:40:00,42.4
2025-06-12 04:02:00,49.28634215500945
2025-06-12 19:00:00,52.9
2025-06-12 15:06:00,49.28634215500945
2025-06-12 05:58:00,49.28634215500945
2025-06-12 09:45:00,17.5
2025-06-12 10:45:00,49.28634215500945
2025-06-12 11:19:00,49.28634215500945
2025-06-12 19:17:00,24.3
2025-06-12 12:04:00,88.5
2025-06-12 08:39:00,50.6
2025-06-12 00:48:00,1.6
2025-06-12 03:38:00,80.4
2025-06-12 23:48:00,42.7
2025-06-12 16:18:00,40.3
2025-06-12 01:23:00,95.4
2025-06-12 07:14:00,30.2
2025-06-12 13:31:00,49.28634215500945
2025-06-12 18:59:00,52.1
2025-06-12 04:19:00,97.6
2025-06-12 00:55:00,92.0
2025-06-12 09:02:00,49.28634215500945
2025-06-12 23:03:00,38.6
2025-06-12 17:37:00,89.9
2025-06-12 13:17:00,41.9
2025-06-12 15:04:00,51.9
2025-06-12 15:45:00,41.7
2025-06-12 07:36:00,15.9
2025-06-12 18:44:00,6.4
2025-06-12 16:00:00,9.4
2025-06-12 17:20:00,33.8
2025-06-12 16:28:00,82.9
2025-06-12 09:50:00,35.0
2025-06-12 22:55:00,84.8
2025-06-12 15:02:00,49.28634215500945
2025-06-12 18:36:00,43.4
2025-06-12 18:53:00,12.1
2025-06-12 21:42:00,79.1
2025-06-12 19:11:00,9.9
2025-06-12 13:34:00,67.5
2025-06-12 05:25:00,60.0
2025-06-12 02:23:00,20.0
2025-06-12 13:04:00,72.2
2025-06-12 18:36:00,63.4
2025-06-12 07:53:00,49.28634215500945
2025-06-12 03:56:00,9.5
2025-06-12 03:47:00,24.3
2025-06-12 20:10:00,99.4
2025-06-12 08:53:00,50.1
2025-06-12 22:31:00,62.9
2025-06-12 18:17:00,96.2
2025-06-12 13:47:00,86.4
2025-06-12 02:43:00,49.28634215500945
2025-06-12 17:36:00,49.28634215500945
2025-06-12 12:07:00,35.1
2025-06-12 10:30:00,39.3
2025-06-12 22:12:00,16.8
2025-06-12 17:27:00,64.1
2025-06-12 23:14:00,81.2
2025-06-12 15:14:00,9.5
2025-06-12 23:11:00,49.28634215500945
2025-06-12 05:16:00,49.28634215500945
2025-06-12 03:58:00,49.28634215500945
2025-06-12 07:19:00,23.4
2025-06-12 21:19:00,38.9
2025-06-12 02:57:00,82.6
2025-06-12 14:01:00,20.0
2025-06-12 01:00:00,66.0
2025-06-12 17:47:00,49.28634215500945
2025-06-12 00:11:00,94.6
2025-06-12 21:16:00,12.6
2025-06-12 13:41:00,65.4
2025-06-12 22:18:00,57.6
2025-06-12 14:10:00,99.6
2025-06-12 07:27:00,31.1
2025-06-12 01:29:00,49.28634215500945
2025-06-12 02:31:00,49.28634215500945
2025-06-12 19:25:00,49.28634215500945
2025-06-12 15:32:00,49.28634215500945
2025-06-12 02:11:00,27.5
2025-06-12 07:19:00,5.2
2025-06-12 11:12:00,43.0
2025-06-12 06:11:00,34.4
2025-06-12 18:20:00,69.5
2025-06-12 04:31:00,60.6
2025-06-12 04:01:00,8.5
2025-06-12 06:43:00,49.28634215500945
2025-06-12 19:35:00,96.4
2025-06-12 10:56:00,92.6
2025-06-12 11:58:00,59.1
2025-06-12 23:10:00,99.1
2025-06-12 23:29:00,15.3
2025-06-12 23:49:00,39.7
2025-06-12 15:39:00,16.8
2025-06-12 02:46:00,88.7
2025-06-12 17:18:00,49.28634215500945
2025-06-12 17:34:00,70.9
2025-06-12 19:32:00,6.6
2025-06-12 14:02:00,0.3
2025-06-12 09:15:00,31.3
2025-06-12 17:55:00,49.28634215500945
2025-06-12 05:40:00,7.8
2025-06-12 00:05:00,44.6
2025-06-12 08:51:00,31.2
2025-06-12 22:10:00,86.0
2025-06-12 21:27:00,18.4
2025-06-12 00:58:00,18.1
2025-06-12 13:56:00,53.9
2025-06-12 01:48:00,88.4
2025-06-12 06:32:00,74.8
2025-06-12 06:42:00,43.7
2025-06-12 01:19:00,72.4
2025-06-12 14:37:00,49.28634215500945
2025-06-12 05:44:00,34.2
2025-06-12 17:29:00,78.9
2025-06-12 22:25:00,43.5
2025-06-12 03:15:00,28.7
2025-06-12 02:20:00,49.28634215500945
2025-06-12 09:11:00,25.1
2025-06-12 20:17:00,72.4
2025-06-12 01:15:00,29.8
2025-06-12 14:28:00,49.28634215500945
2025-06-12 15:09:00,9.5
2025-06-12 04:06:00,65.6
2025-06-12 10:33:00,75.8
2025-06-12 15:42:00,68.3
2025-06-12 12:50:00,6.9
2025-06-12 06:01:00,49.28634215500945
2025-06-12 22:37:00,78.7
2025-06-12 05:39:00,37.2
2025-06-12 01:37:00,93.3
2025-06-12 03:04:00,44.8
2025-06-12 14:11:00,49.28634215500945
2025-06-12 01:31:00,71.5
2025-06-12 02:02:00,58.1
2025-06-12 20:04:00,49.28634215500945
2025-06-12 18:59:00,83.1
2025-06-12 03:39:00,44.6
2025-06-12 00:14:00,48.5
2025-06-12 14:46:00,75.8
2025-06-12 21:46:00,44.3
2025-06-12 09:34:00,42.1
2025-06-12 08:39:00,18.5
2025-06-12 05:37:00,49.28634215500945
2025-06-12 13:09:00,30.2
2025-06-12 04:53:00,97.0
2025-06-12 09:14:00,24.1
2025-06-12 11:13:00,95.6
2025-06-12 04:38:00,60.1
2025-06-12 06:21:00,4.4
2025-06-12 16:48:00,2.4
2025-06-12 09:33:00,72.5
2025-06-12 04:39:00,26.4
2025-06-12 20:06:00,49.28634215500945
2025-06-12 15:42:00,82.2
2025-06-12 03:54:00,49.28634215500945
2025-06-12 15:08:00,4.2
2025-06-12 20:57:00,3.8
2025-06-12 17:16:00,36.9
2025-06-12 05:33:00,78.0
2025-06-12 00:18:00,21.4
2025-06-12 16:22:00,75.0
2025-06-12 16:17:00,37.1
2025-06-12 03:42:00,58.6
2025-06-12 21:09:00,71.3
2025-06-12 07:31:00,80.8
2025-06-12 17:05:00,49.28634215500945
2025-06-12 16:53:00,6.9
2025-06-12 06:13:00,92.3
2025-06-12 22:59:00,13.4
2025-06-12 09:11:00,53.1
2025-06-12 03:59:00,49.28634215500945
2025-06-12 21:30:00,56.0
2025-06-12 11:41:00,40.8
2025-06-12 15:16:00,15.2
2025-06-12 12:00:00,50.6
2025-06-12 23:14:00,43.0
2025-06-12 08:25:00,39.4
2025-06-12 22:50:00,91.8
2025-06-12 06:52:00,20.6
2025-06-12 12:39:00,64.3
2025-06-12 21:07:00,34.4
2025-06-12 06:44:00,42.3
2025-06-12 08:35:00,17.0
2025-06-12 06:49:00,81.5
2025-06-12 23:57:00,46.8
2025-06-12 19:46:00,49.28634215500945
2025-06-12 04:04:00,49.28634215500945
2025-06-12 13:37:00,49.28634215500945
2025-06-12 20:26:00,18.4
2025-06-12 05:07:00,51.3
2025-06-12 11:49:00,25.4
2025-06-12 19:42:00,79.3
2025-06-12 16:46:00,47.9
2025-06-12 23:04:00,13.7
2025-06-12 11:10:00,49.28634215500945
2025-06-12 17:44:00,33.7
2025-06-12 17:53:00,90.6
2025-06-12 06:57:00,49.28634215500945
2025-06-12 12:54:00,51.5
2025-06-12 14:54:00,28.4
2025-06-12 11:35:00,93.8
2025-06-12 13:31:00,65.4
2025-06-12 20:17:00,49.28634215500945
2025-06-12 00:21:00,70.2
2025-06-12 14:39:00,49.28634215500945
2025-06-12 14:58:00,26.7
2025-06-12 02:09:00,19.0
2025-06-12 23:35:00,29.8
2025-06-12 17:18:00,49.28634215500945
2025-06-12 00:40:00,51.7
2025-06-12 08:30:00,49.28634215500945
2025-06-12 10:56:00,1.8
2025-06-12 18:02:00,98.1
2025-06-12 06:49:00,57.1
2025-06-12 04:44:00,49.28634215500945
2025-06-12 22:57:00,99.3
2025-06-12 02:53:00,73.4
2025-06-12 23:25:00,20.5
2025-06-12 13:43:00,49.28634215500945
2025-06-12 01:17:00,61.3
2025-06-12 15:55:00,5.7
2025-06-12 17:44:00,45.7
2025-06-12 08:46:00,49.28634215500945
2025-06-12 08:52:00,38.5
2025-06-12 15:15:00,97.5
2025-06-12 09:11:00,35.4
2025-06-12 19:01:00,85.2
2025-06-12 15:37:00,72.4
2025-06-12 11:08:00,49.28634215500945
2025-06-12 21:04:00,59.8
2025-06-12 20:33:00,13.5
2025-06-12 06:40:00,45.4
2025-06-12 19:11:00,41.2
2025-06-12 07:23:00,37.4
2025-06-12 00:30:00,32.7
2025-06-12 10:06:00,51.8
2025-06-12 16:10:00,28.0
2025-06-12 10:22:00,42.3
2025-06-12 08:21:00,41.8
2025-06-12 07:56:00,50.0812925170068
2025-06-12 17:21:00,1.6
2025-06-12 16:36:00,26.8
2025-06-12 21:16:00,81.7
2025-06-12 10:39:00,27.3
2025-06-12 19:55:00,91.7
2025-06-12 00:02:00,69.0
2025-06-12 21:14:00,71.0
2025-06-12 04:16:00,64.0
2025-06-12 12:31:00,99.5
2025-06-12 06:51:00,16.5
2025-06-12 02:57:00,58.1
2025-06-12 08:22:00,12.1
2025-06-12 03:21:00,52.3
2025-06-12 16:47:00,5.0
2025-06-12 02:37:00,64.5
2025-06-12 15:50:00,94.5
2025-06-12 11:55:00,70.1
2025-06-12 03:30:00,96.1
2025-06-12 09:16:00,34.0
2025-06-12 23:47:00,50.0812925170068
2025-06-12 13:42:00,94.7
2025-06-12 04:21:00,26.8
2025-06-12 03:43:00,3.6
2025-06-12 09:04:00,77.5
2025-06-12 20:47:00,55.8
2025-06-12 01:33:00,67.9
2025-06-12 01:51:00,94.2
2025-06-12 06:43:00,4.1
2025-06-12 08:53:00,68.1
2025-06-12 08:16:00,7.6
2025-06-12 20:43:00,3.4
2025-06-12 15:25:00,98.0
2025-06-12 05:30:00,50.0812925170068
2025-06-12 22:57:00,77.6
2025-06-12 17:14:00,21.7
2025-06-12 17:09:00,49.3
2025-06-12 21:29:00,60.4
2025-06-12 19:01:00,39.9
2025-06-12 22:04:00,8.9
2025-06-12 21:59:00,77.8
2025-06-12 17:02:00,50.0812925170068
2025-06-12 19:14:00,75.3
2025-06-12 17:55:00,50.0812925170068
2025-06-12 13:25:00,3.3
2025-06-12 08:29:00,28.0
2025-06-12 09:17:00,81.7
2025-06-12 13:02:00,69.9
2025-06-12 00:57:00,61.8
2025-06-12 13:45:00,84.0
2025-06-12 00:12:00,93.3
2025-06-12 22:08:00,99.2
2025-06-12 05:21:00,72.0
2025-06-12 02:25:00,52.1
2025-06-12 17:04:00,11.1
2025-06-12 01:34:00,46.8
2025-06-12 12:03:00,67.4
2025-06-12 02:50:00,50.0812925170068
2025-06-12 10:27:00,77.4
2025-06-12 18:42:00,77.0
2025-06-12 06:18:00,66.3
2025-06-12 23:25:00,38.7
2025-06-12 20:43:00,36.6
2025-06-12 16:56:00,4.9
2025-06-12 22:49:00,5.6
2025-06-12 02:45:00,50.0812925170068
2025-06-12 00:26:00,50.0812925170068
2025-06-12 10:22:00,39.2
2025-06-12 06:18:00,41.9
2025-06-12 09:43:00,5.5
2025-06-12 20:31:00,37.4
2025-06-12 19:55:00,96.9
2025-06-12 20:21:00,12.7
2025-06-12 02:28:00,72.2
2025-06-12 16:33:00,89.4
2025-06-12 03:10:00,67.3
2025-06-12 22:59:00,5.4
2025-06-12 23:07:00,71.5
2025-06-12 19:04:00,77.6
2025-06-12 20:59:00,35.2
2025-06-12 23:25:00,25.3
2025-06-12 01:50:00,50.0812925170068
2025-06-12 03:10:00,75.7
2025-06-12 20:04:00,13.8
2025-06-12 12:20:00,23.4
2025-06-12 03:23:00,38.3
2025-06-12 04:26:00,64.1
2025-06-12 19:36:00,58.1
2025-06-12 17:54:00,35.7
2025-06-12 04:13:00,69.5
2025-06-12 10:47:00,50.0812925170068
2025-06-12 22:01:00,96.3
2025-06-12 03:43:00,50.0812925170068
2025-06-12 06:56:00,62.1
2025-06-12 22:20:00,28.6
2025-06-12 17:27:00,0.5
2025-06-12 04:05:00,56.7
2025-06-12 11:47:00,84.2
2025-06-12 11:50:00,50.0812925170068
2025-06-12 04:06:00,61.6
2025-06-12 11:51:00,57.3
2025-06-12 07:59:00,72.1
2025-06-12 04:19:00,33.6
2025-06-12 12:59:00,39.5
2025-06-12 22:23:00,88.2
2025-06-12 17:10:00,46.8
2025-06-12 07:29:00,6.2
2025-06-12 08:08:00,93.0
2025-06-12 18:16:00,69.0
2025-06-12 02:10:00,71.5
2025-06-12 22:53:00,50.0812925170068
2025-06-12 08:16:00,89.1
2025-06-12 05:53:00,82.3
2025-06-12 21:12:00,33.8
2025-06-12 11:53:00,91.5
2025-06-12 19:40:00,97.6
2025-06-12 08:20:00,40.0
2025-06-12 21:56:00,59.8
2025-06-12 12:01:00,92.0
2025-06-12 21:07:00,35.5
2025-06-12 23:27:00,44.9
2025-06-12 11:58:00,16.3
2025-06-12 08:28:00,81.7
2025-06-12 20:20:00,80.5
2025-06-12 22:52:00,93.2
2025-06-12 19:32:00,20.7
2025-06-12 03:04:00,32.4
2025-06-12 15:02:00,91.5
2025-06-12 09:14:00,26.6
2025-06-12 05:39:00,45.9
2025-06-12 04:09:00,69.4
2025-06-12 14:22:00,76.9
2025-06-12 08:40:00,61.9
2025-06-12 18:03:00,5.7
2025-06-12 15:50:00,50.0812925170068
2025-06-12 21:23:00,58.6
2025-06-12 10:36:00,26.6
2025-06-12 09:58:00,12.4
2025-06-12 16:01:00,81.3
2025-06-12 15:21:00,20.8
2025-06-12 22:13:00,22.7
2025-06-12 11:06:00,60.7
2025-06-12 23:33:00,50.0812925170068
2025-06-12 09:29:00,7.6
2025-06-12 01:20:00,12.4
2025-06-12 04:17:00,53.2
2025-06-12 20:31:00,2.1
2025-06-12 14:17:00,8.0
2025-06-12 07:09:00,30.8
2025-06-12 13:35:00,36.8
2025-06-12 13:22:00,81.7
2025-06-12 15:55:00,28.8
2025-06-12 10:23:00,8.2
2025-06-12 21:03:00,76.8
2025-06-12 22:37:00,28.9
2025-06-12 01:00:00,8.8
2025-06-12 07:35:00,23.5
2025-06-12 01:52:00,82.8
2025-06-12 03:32:00,81.9
2025-06-12 05:45:00,32.7
2025-06-12 23:58:00,22.1
2025-06-12 11:45:00,6.2
2025-06-12 21:20:00,82.0
2025-06-12 16:10:00,55.8
2025-06-12 19:09:00,75.2
2025-06-12 20:19:00,44.2
2025-06-12 12:31:00,44.7
2025-06-12 02:13:00,55.9
2025-06-12 04:58:00,64.8
2025-06-12 13:58:00,60.6
2025-06-12 14:31:00,53.5
2025-06-12 16:26:00,46.6
2025-06-12 04:21:00,85.0
2025-06-12 10:00:00,41.2
2025-06-12 03:02:00,65.5
2025-06-12 13:02:00,96.1
2025-06-12 01:46:00,50.0812925170068
2025-06-12 12:50:00,62.2
2025-06-12 05:13:00,17.9
2025-06-12 06:59:00,53.8
2025-06-12 08:39:00,11.5
2025-06-12 14:04:00,66.1
2025-06-12 21:28:00,50.0812925170068
2025-06-12 17:09:00,33.0
2025-06-12 09:12:00,57.7
2025-06-12 16:46:00,28.5
2025-06-12 20:18:00,30.8
2025-06-12 18:42:00,58.6
2025-06-12 09:51:00,36.4
2025-06-12 03:25:00,82.3
2025-06-12 01:00:00,42.9
2025-06-12 07:47:00,77.4
2025-06-12 11:34:00,67.7
2025-06-12 23:35:00,43.2
2025-06-12 03:29:00,2.3
2025-06-12 14:55:00,15.2
2025-06-12 11:58:00,62.3
2025-06-12 07:01:00,97.1
2025-06-12 03:55:00,45.7
2025-06-12 00:52:00,50.0812925170068
2025-06-12 08:14:00,91.0
2025-06-12 15:59:00,50.0812925170068
2025-06-12 10:45:00,26.7
2025-06-12 04:41:00,30.8
2025-06-12 19:11:00,8.9
2025-06-12 15:42:00,4.4
2025-06-12 16:11:00,4.3
2025-06-12 05:04:00,71.0
2025-06-12 00:44:00,50.0812925170068
2025-06-12 01:09:00,50.0812925170068
2025-06-12 14:00:00,14.9
2025-06-12 08:44:00,0.4
2025-06-12 07:47:00,92.2
2025-06-12 03:25:00,50.0812925170068
2025-06-12 19:31:00,6.2
2025-06-12 23:37:00,53.4
2025-06-12 08:19:00,50.0812925170068
2025-06-12 14:29:00,5.7
2025-06-12 01:28:00,73.6
2025-06-12 12:16:00,24.7
2025-06-12 13:53:00,16.5
2025-06-12 15:36:00,63.7
2025-06-12 17:12:00,47.1
2025-06-12 03:43:00,17.5
2025-06-12 00:59:00,81.8
2025-06-12 16:06:00,62.7
2025-06-12 12:56:00,29.9
2025-06-12 09:43:00,38.1
2025-06-12 21:30:00,51.0
2025-06-12 19:18:00,50.0812925170068
2025-06-12 02:11:00,31.5
2025-06-12 07:27:00,43.8
2025-06-12 03:30:00,70.1
2025-06-12 14:13:00,19.2
2025-06-12 20:09:00,91.5
2025-06-12 14:13:00,53.6
2025-06-12 23:35:00,50.0812925170068
2025-06-12 19:48:00,17.6
2025-06-12 22:12:00,67.4
2025-06-12 19:36:00,47.5
2025-06-12 08:01:00,33.6
2025-06-12 05:08:00,20.8
2025-06-12 00:09:00,34.2
2025-06-12 03:44:00,32.0
2025-06-12 08:11:00,51.8
2025-06-12 13:55:00,14.7
2025-06-12 03:24:00,28.1
2025-06-12 04:01:00,3.6
2025-06-12 15:28:00,39.3
2025-06-12 01:48:00,93.8
2025-06-12 00:57:00,50.0812925170068
2025-06-12 08:54:00,64.8
2025-06-12 20:42:00,50.0812925170068
2025-06-12 08:06:00,2.5
2025-06-12 13:24:00,41.3
2025-06-12 23:05:00,50.0812925170068
2025-06-12 22:02:00,49.0
2025-06-12 21:20:00,2.1
2025-06-12 22:46:00,3.6
2025-06-12 06:26:00,1.1
2025-06-12 11:51:00,26.2
2025-06-12 18:18:00,50.6
2025-06-12 10:29:00,34.0
2025-06-12 23:11:00,68.2
2025-06-12 18:18:00,49.9
2025-06-12 22:53:00,50.0812925170068
2025-06-12 04:01:00,80.9
2025-06-12 14:09:00,73.4
2025-06-12 12:34:00,49.7
2025-06-12 02:13:00,10.8
2025-06-12 08:29:00,87.0
2025-06-12 20:31:00,50.2
2025-06-12 23:04:00,85.7
2025-06-12 08:09:00,44.5
2025-06-12 04:11:00,50.0812925170068
2025-06-12 16:07:00,91.7
2025-06-12 12:09:00,50.0812925170068
2025-06-12 18:31:00,9.2
2025-06-12 01:00:00,50.0812925170068
2025-06-12 03:01:00,50.0812925170068
2025-06-12 02:05:00,77.6
2025-06-12 07:25:00,50.0812925170068
2025-06-12 02:14:00,61.8
2025-06-12 10:48:00,21.9
2025-06-12 03:26:00,0.7
2025-06-12 22:02:00,55.0
2025-06-12 16:54:00,50.0812925170068
2025-06-12 18:51:00,50.0812925170068
2025-06-12 11:13:00,87.2
2025-06-12 14:56:00,24.1
2025-06-12 02:37:00,71.4
2025-06-12 04:33:00,17.8
2025-06-12 02:34:00,23.6
2025-06-12 09:55:00,20.5
2025-06-12 09:21:00,6.2
2025-06-12 11:31:00,69.6
2025-06-12 17:08:00,54.4
2025-06-12 07:14:00,50.0812925170068
2025-06-12 03:22:00,60.8
2025-06-12 15:29:00,50.0812925170068
2025-06-12 12:52:00,98.4
2025-06-12 15:46:00,70.1
2025-06-12 05:15:00,82.2
2025-06-12 04:44:00,50.0812925170068
2025-06-12 05:24:00,67.1
2025-06-12 04:00:00,86.2
2025-06-12 06:40:00,84.8
2025-06-12 10:43:00,97.1
2025-06-12 14:32:00,50.0812925170068
2025-06-12 04:25:00,88.3
2025-06-12 08:18:00,48.8
2025-06-12 10:00:00,34.1
2025-06-12 11:22:00,75.8
2025-06-12 23:47:00,71.0
2025-06-12 03:34:00,36.9
2025-06-12 03:55:00,37.7
2025-06-12 05:16:00,45.3
2025-06-12 11:26:00,41.4
2025-06-12 15:40:00,36.6
2025-06-12 22:06:00,1.3
2025-06-12 23:27:00,50.0812925170068
2025-06-12 09:47:00,51.1
2025-06-12 22:12:00,94.4
2025-06-12 16:48:00,49.0
2025-06-12 23:01:00,74.8
2025-06-12 23:31:00,50.0812925170068
2025-06-12 00:53:00,75.8
2025-06-12 13:22:00,45.6
2025-06-12 18:39:00,50.0812925170068
2025-06-12 04:44:00,77.2
2025-06-12 11:38:00,82.3
2025-06-12 15:35:00,39.6
2025-06-12 10:03:00,50.0812925170068
2025-06-12 13:47:00,65.8
2025-06-12 13:58:00,46.9
2025-06-12 22:44:00,96.1
2025-06-12 10:13:00,8.3
2025-06-12 22:22:00,84.3
2025-06-12 01:36:00,33.4
2025-06-12 04:06:00,23.9
2025-06-12 10:13:00,27.7
2025-06-12 22:22:00,5.5
2025-06-12 17:59:00,98.7
2025-06-12 00:00:00,80.2
2025-06-12 20:20:00,49.63695830886671
2025-06-12 03:34:00,59.3
2025-06-12 00:42:00,85.0
2025-06-12 23:39:00,66.8
2025-06-12 12:06:00,99.2
2025-06-12 08:38:00,71.8
2025-06-12 03:32:00,71.7
2025-06-12 18:06:00,68.9
2025-06-12 18:19:00,79.7
2025-06-12 02:12:00,49.63695830886671
2025-06-12 08:47:00,58.8
2025-06-12 18:11:00,12.1
2025-06-12 23:32:00,16.6
2025-06-12 16:29:00,57.0
2025-06-12 21:03:00,6.0
2025-06-12 10:28:00,49.63695830886671
2025-06-12 07:00:00,61.4
2025-06-12 19:16:00,38.4
2025-06-12 19:36:00,87.8
2025-06-12 14:37:00,92.1
2025-06-12 11:17:00,28.7
2025-06-12 20:01:00,49.63695830886671
2025-06-12 09:16:00,36.2
2025-06-12 19:54:00,17.0
2025-06-12 11:49:00,18.3
2025-06-12 12:52:00,1.5
2025-06-12 10:39:00,49.63695830886671
2025-06-12 05:59:00,40.3
2025-06-12 22:59:00,75.3
2025-06-12 09:17:00,75.7
2025-06-12 01:51:00,20.8
2025-06-12 19:38:00,94.2
2025-06-12 11:33:00,26.7
2025-06-12 23:55:00,30.8
2025-06-12 15:52:00,48.9
2025-06-12 05:56:00,23.0
2025-06-12 16:22:00,13.3
2025-06-12 01:47:00,58.6
2025-06-12 12:54:00,32.4
2025-06-12 14:12:00,55.5
2025-06-12 06:31:00,38.8
2025-06-12 13:32:00,69.6
2025-06-12 16:21:00,68.3
2025-06-12 08:10:00,83.2
2025-06-12 21:05:00,82.2
2025-06-12 11:36:00,39.5
2025-06-12 10:04:00,60.1
2025-06-12 01:26:00,32.7
2025-06-12 22:49:00,57.3
2025-06-12 14:40:00,86.2
2025-06-12 05:32:00,37.4
2025-06-12 13:49:00,40.2
2025-06-12 16:28:00,39.0
2025-06-12 05:37:00,46.1
2025-06-12 03:14:00,76.4
2025-06-12 13:22:00,44.9
2025-06-12 03:35:00,30.6
2025-06-12 01:19:00,30.5
2025-06-12 22:35:00,38.8
2025-06-12 12:54:00,32.8
2025-06-12 23:29:00,57.6
2025-06-12 13:50:00,18.6
2025-06-12 08:42:00,82.5
2025-06-12 07:50:00,72.7
2025-06-12 09:51:00,32.6
2025-06-12 02:05:00,84.4
2025-06-12 18:38:00,30.4
2025-06-12 00:11:00,72.1
2025-06-12 22:09:00,81.4
2025-06-12 11:46:00,68.5
2025-06-12 07:29:00,72.0
2025-06-12 05:38:00,19.7
2025-06-12 10:23:00,35.9
2025-06-12 11:20:00,36.1
2025-06-12 17:46:00,73.8
2025-06-12 17:38:00,50.3
2025-06-12 06:34:00,69.7
2025-06-12 08:22:00,86.0
2025-06-12 12:24:00,55.2
2025-06-12 07:39:00,0.9
2025-06-12 01:52:00,57.0
2025-06-12 00:14:00,1.5
2025-06-12 04:46:00,49.63695830886671
2025-06-12 22:11:00,49.63695830886671
2025-06-12 04:45:00,83.6
2025-06-12 19:46:00,49.63695830886671
2025-06-12 21:32:00,15.6
2025-06-12 05:24:00,47.4
2025-06-12 02:25:00,25.9
2025-06-12 10:14:00,33.7
2025-06-12 21:35:00,13.7
2025-06-12 07:43:00,67.5
2025-06-12 17:06:00,68.0
2025-06-12 10:07:00,80.2
2025-06-12 03:28:00,49.63695830886671
2025-06-12 08:49:00,21.3
2025-06-12 16:29:00,72.2
2025-06-12 08:02:00,54.2
2025-06-12 07:42:00,15.5
2025-06-12 20:53:00,48.1
2025-06-12 13:17:00,13.4
2025-06-12 08:38:00,34.6
2025-06-12 23:54:00,94.2
2025-06-12 03:49:00,66.8
2025-06-12 19:34:00,33.8
2025-06-12 01:40:00,8.0
2025-06-12 07:36:00,98.6
2025-06-12 23:14:00,49.63695830886671
2025-06-12 13:18:00,62.2
2025-06-12 20:33:00,85.0
2025-06-12 10:59:00,49.63695830886671
2025-06-12 06:06:00,89.3
2025-06-12 06:47:00,12.6
2025-06-12 05:44:00,36.2
2025-06-12 10:23:00,29.4
2025-06-12 03:44:00,49.2
2025-06-12 07:09:00,59.6
2025-06-12 06:01:00,1.4
2025-06-12 13:27:00,22.6
2025-06-12 20:28:00,50.7
2025-06-12 13:49:00,84.1
2025-06-12 01:17:00,67.7
2025-06-12 18:51:00,91.2
2025-06-12 13:47:00,49.63695830886671
2025-06-12 16:14:00,94.6
2025-06-12 17:53:00,50.1
2025-06-12 17:07:00,5.9
2025-06-12 09:14:00,28.1
2025-06-12 10:24:00,29.9
2025-06-12 08:46:00,72.3
2025-06-12 09:06:00,20.2
2025-06-12 22:12:00,82.4
2025-06-12 23:43:00,24.1
2025-06-12 09:41:00,34.0
2025-06-12 10:52:00,23.7
2025-06-12 00:05:00,10.7
2025-06-12 04:24:00,49.63695830886671
2025-06-12 00:27:00,88.5
2025-06-12 00:21:00,98.1
2025-06-12 10:45:00,2.2
2025-06-12 20:53:00,3.3
2025-06-12 02:27:00,49.63695830886671
2025-06-12 17:56:00,78.2
2025-06-12 13:48:00,86.0
2025-06-12 00:47:00,45.2
2025-06-12 06:54:00,59.7
2025-06-12 11:08:00,83.0
2025-06-12 06:35:00,73.9
2025-06-12 17:38:00,50.7
2025-06-12 20:24:00,3.6
2025-06-12 03:56:00,25.9
2025-06-12 02:00:00,86.6
2025-06-12 12:37:00,49.63695830886671
2025-06-12 08:32:00,27.9
2025-06-12 08:15:00,49.63695830886671
2025-06-12 18:50:00,7.1
2025-06-12 18:12:00,87.0
2025-06-12 08:41:00,38.1
2025-06-12 08:55:00,12.7
2025-06-12 07:52:00,1.9
2025-06-12 21:03:00,26.0
2025-06-12 05:04:00,5.5
2025-06-12 09:39:00,61.9
2025-06-12 17:09:00,79.6
2025-06-12 16:14:00,37.9
2025-06-12 01:44:00,49.63695830886671
2025-06-12 04:45:00,60.3
2025-06-12 18:12:00,39.1
2025-06-12 16:54:00,96.3
2025-06-12 01:56:00,49.63695830886671
2025-06-12 18:09:00,33.7
2025-06-12 10:19:00,73.8
2025-06-12 00:14:00,67.4
2025-06-12 05:07:00,64.8
2025-06-12 23:32:00,90.5
2025-06-12 15:55:00,56.1
2025-06-12 13:19:00,4.4
2025-06-12 07:44:00,84.0
2025-06-12 18:55:00,26.0
2025-06-12 11:49:00,85.8
2025-06-12 20:07:00,21.8
2025-06-12 02:26:00,49.63695830886671
2025-06-12 16:34:00,75.7
2025-06-12 11:00:00,91.7
2025-06-12 00:49:00,49.63695830886671
2025-06-12 18:15:00,49.63695830886671
2025-06-12 19:05:00,87.6
2025-06-12 10:26:00,49.63695830886671
2025-06-12 11:37:00,7.2
2025-06-12 19:54:00,49.63695830886671
2025-06-12 01:34:00,99.1
2025-06-12 06:18:00,92.7
2025-06-12 12:15:00,8.0
2025-06-12 05:51:00,52.4
2025-06-12 09:17:00,93.7
2025-06-12 05:47:00,21.3
2025-06-12 05:24:00,51.4
2025-06-12 06:32:00,26.3
2025-06-12 12:31:00,88.4
2025-06-12 10:07:00,45.9
2025-06-12 07:29:00,50.0
2025-06-12 11:05:00,56.6
2025-06-12 23:41:00,88.6
2025-06-12 05:04:00,51.3
2025-06-12 16:15:00,49.63695830886671
2025-06-12 08:23:00,13.4
2025-06-12 05:33:00,37.4
2025-06-12 18:13:00,93.2
2025-06-12 08:44:00,65.1
2025-06-12 07:51:00,97.9
2025-06-12 00:58:00,6.8
2025-06-12 07:16:00,28.4
2025-06-12 04:43:00,49.63695830886671
2025-06-12 20:23:00,16.4
2025-06-12 12:23:00,55.8
2025-06-12 09:00:00,48.1
2025-06-12 21:46:00,91.9
2025-06-12 11:48:00,92.6
2025-06-12 18:21:00,28.9
2025-06-12 14:36:00,96.0
2025-06-12 14:22:00,68.9
2025-06-12 13:29:00,12.5
2025-06-12 17:11:00,49.63695830886671
2025-06-12 18:30:00,4.7
2025-06-12 01:27:00,81.7
2025-06-12 17:51:00,46.1
2025-06-12 21:30:00,60.1
2025-06-12 16:19:00,44.7
2025-06-12 02:07:00,43.6
2025-06-12 23:47:00,78.5
2025-06-12 10:13:00,38.0
2025-06-12 02:47:00,80.6
2025-06-12 19:19:00,35.2
2025-06-12 21:04:00,0.2
2025-06-12 03:13:00,41.4
2025-06-12 15:14:00,53.6
2025-06-12 20:07:00,65.1
2025-06-12 11:42:00,78.7
2025-06-12 02:06:00,22.9
2025-06-12 18:51:00,97.8
2025-06-12 12:04:00,60.6
2025-06-12 08:13:00,49.1
2025-06-12 02:37:00,44.7
2025-06-12 16:24:00,39.5
2025-06-12 07:36:00,67.3
2025-06-12 21:23:00,95.3
2025-06-12 00:15:00,58.2
2025-06-12 17:57:00,33.5
2025-06-12 16:31:00,10.5
2025-06-12 06:10:00,94.9
2025-06-12 10:06:00,49.63695830886671
2025-06-12 16:27:00,43.5
2025-06-12 06:47:00,49.63695830886671
2025-06-12 15:38:00,47.3
2025-06-12 23:30:00,4.7
2025-06-12 11:39:00,49.63695830886671
2025-06-12 15:52:00,74.9
2025-06-12 04:54:00,31.0
2025-06-12 00:59:00,54.1
2025-06-12 23:15:00,65.2
2025-06-12 10:57:00,88.0
2025-06-12 23:57:00,49.63695830886671
2025-06-12 14:13:00,49.63695830886671
2025-06-12 12:56:00,60.5
2025-06-12 02:41:00,49.63695830886671
2025-06-12 05:28:00,49.63695830886671
2025-06-12 13:05:00,17.6
2025-06-12 23:07:00,58.0
2025-06-12 12:51:00,47.5
2025-06-12 21:58:00,80.1
2025-06-12 01:58:00,32.4
2025-06-12 14:13:00,62.8
2025-06-12 22:21:00,45.1
2025-06-12 02:20:00,69.2
2025-06-12 02:19:00,21.3
2025-06-12 17:56:00,30.9
2025-06-12 23:55:00,59.6
2025-06-12 07:49:00,91.4
2025-06-12 00:18:00,68.1
2025-06-12 14:07:00,72.7
2025-06-12 16:21:00,49.63695830886671
2025-06-12 20:46:00,10.9
2025-06-12 07:46:00,27.2
2025-06-12 10:33:00,49.63695830886671
2025-06-12 22:08:00,4.1
2025-06-12 18:53:00,86.1
2025-06-12 07:17:00,20.7
2025-06-12 19:28:00,10.5
2025-06-12 19:21:00,68.8
2025-06-12 19:45:00,80.9
2025-06-12 16:51:00,70.0
2025-06-12 10:44:00,49.63695830886671
2025-06-12 08:43:00,52.5
2025-06-12 23:40:00,20.4
2025-06-12 01:25:00,87.4
2025-06-12 19:08:00,49.63695830886671
2025-06-12 12:12:00,19.1
2025-06-12 17:54:00,14.5
2025-06-12 11:59:00,90.3
2025-06-12 12:53:00,49.63695830886671
2025-06-12 20:28:00,5.5
2025-06-12 13:02:00,6.4
2025-06-12 00:10:00,49.63695830886671
2025-06-12 03:26:00,23.7
2025-06-12 07:25:00,49.63695830886671
2025-06-12 10:36:00,66.0
2025-06-12 10:20:00,41.6
2025-06-12 10:20:00,51.6
2025-06-12 07:23:00,12.2
2025-06-12 18:35:00,63.5
2025-06-12 22:01:00,75.3
2025-06-12 10:09:00,9.5
2025-06-12 15:41:00,87.9
2025-06-12 09:23:00,94.4
2025-06-12 17:02:00,79.7
2025-06-12 10:01:00,49.63695830886671
2025-06-12 12:40:00,80.2
2025-06-12 11:03:00,80.6
2025-06-12 00:21:00,49.63695830886671
2025-06-12 19:20:00,75.6
2025-06-12 04:55:00,75.2
2025-06-12 02:35:00,29.6
2025-06-12 16:39:00,88.1
2025-06-12 06:10:00,75.1
2025-06-12 09:02:00,40.5
2025-06-12 18:53:00,41.2
2025-06-12 14:42:00,47.3
2025-06-12 22:24:00,81.7
2025-06-12 21:42:00,49.63695830886671
2025-06-12 03:32:00,9.6
2025-06-12 11:39:00,83.7
2025-06-12 08:00:00,56.7
2025-06-12 13:54:00,61.9
2025-06-12 07:27:00,94.4
2025-06-12 08:39:00,47.7
2025-06-12 18:42:00,99.0
2025-06-12 04:58:00,49.63695830886671
2025-06-12 11:18:00,4.9
2025-06-12 10:32:00,22.2
2025-06-12 10:18:00,83.8
2025-06-12 09:39:00,56.9
2025-06-12 18:45:00,84.2
2025-06-12 22:05:00,16.8
2025-06-12 14:13:00,83.2
2025-06-12 06:58:00,49.63695830886671
2025-06-12 11:16:00,60.1
2025-06-12 02:25:00,11.7
2025-06-12 07:48:00,61.9
2025-06-12 13:46:00,30.6
2025-06-12 09:02:00,2.5
2025-06-12 09:58:00,1.1
2025-06-12 17:34:00,38.9
2025-06-12 20:31:00,49.63695830886671
2025-06-12 09:22:00,89.7
2025-06-12 05:52:00,96.4
2025-06-12 18:29:00,47.4
2025-06-12 05:38:00,50.5
2025-06-12 23:34:00,78.6
2025-06-12 13:37:00,30.9
2025-06-12 01:40:00,45.2
2025-06-12 18:50:00,96.0
2025-06-12 15:59:00,67.0
2025-06-12 04:05:00,96.9
2025-06-12 21:51:00,58.2
2025-06-12 20:03:00,72.9
2025-06-12 01:23:00,58.2
2025-06-12 12:48:00,50.41405513666353
2025-06-12 17:38:00,12.5
2025-06-12 19:45:00,53.5
2025-06-12 10:55:00,38.2
2025-06-12 17:52:00,1.5
2025-06-12 06:29:00,47.1
2025-06-12 02:06:00,16.1
2025-06-12 21:26:00,15.4
2025-06-12 00:50:00,88.4
2025-06-12 08:39:00,95.1
2025-06-12 06:22:00,99.4
2025-06-12 06:05:00,50.41405513666353
2025-06-12 01:37:00,40.5
2025-06-12 03:30:00,76.5
2025-06-12 20:29:00,4.6
2025-06-12 01:34:00,15.7
2025-06-12 19:24:00,92.7
2025-06-12 08:12:00,97.5
2025-06-12 01:16:00,99.5
2025-06-12 09:50:00,11.5
2025-06-12 06:23:00,89.4
2025-06-12 13:16:00,47.4
2025-06-12 04:07:00,58.2
2025-06-12 20:29:00,50.41405513666353
2025-06-12 05:41:00,56.5
2025-06-12 21:54:00,42.8
2025-06-12 08:47:00,94.6
2025-06-12 21:47:00,95.6
2025-06-12 03:05:00,28.7
2025-06-12 21:27:00,39.6
2025-06-12 20:30:00,51.1
2025-06-12 10:06:00,9.4
2025-06-12 11:25:00,50.41405513666353
2025-06-12 16:26:00,93.5
2025-06-12 13:24:00,60.6
2025-06-12 20:42:00,51.7
2025-06-12 04:10:00,71.7
2025-06-12 16:16:00,81.0
2025-06-12 14:49:00,19.7
2025-06-12 21:39:00,84.2
2025-06-12 13:32:00,64.6
2025-06-12 15:55:00,66.9
2025-06-12 22:45:00,50.41405513666353
2025-06-12 17:07:00,50.41405513666353
2025-06-12 21:18:00,83.9
2025-06-12 13:01:00,44.3
2025-06-12 09:02:00,33.7
2025-06-12 08:50:00,50.41405513666353
2025-06-12 01:40:00,43.1
2025-06-12 17:15:00,63.7
2025-06-12 19:26:00,50.41405513666353
2025-06-12 11:19:00,85.7
2025-06-12 07:20:00,33.1
2025-06-12 11:51:00,50.41405513666353
2025-06-12 10:49:00,98.3
2025-06-12 23:09:00,8.0
2025-06-12 06:05:00,94.2
2025-06-12 05:45:00,50.41405513666353
2025-06-12 08:31:00,100.0
2025-06-12 20:41:00,51.2
2025-06-12 00:07:00,0.7
2025-06-12 15:13:00,99.2
2025-06-12 19:22:00,97.8
2025-06-12 18:24:00,27.6
2025-06-12 21:07:00,40.6
2025-06-12 08:04:00,16.1
2025-06-12 01:30:00,15.9
2025-06-12 22:59:00,44.0
2025-06-12 21:15:00,64.9
2025-06-12 04:05:00,58.4
2025-06-12 14:39:00,12.9
2025-06-12 19:47:00,51.4
2025-06-12 12:00:00,18.5
2025-06-12 02:49:00,27.7
2025-06-12 23:12:00,94.2
2025-06-12 14:47:00,83.1
2025-06-12 20:51:00,75.4
2025-06-12 01:56:00,13.9
2025-06-12 09:45:00,81.7
2025-06-12 01:40:00,53.5
2025-06-12 13:10:00,50.41405513666353
2025-06-12 13:17:00,45.7
2025-06-12 16:44:00,68.9
2025-06-12 17:58:00,31.7
2025-06-12 06:43:00,92.9
2025-06-12 07:39:00,60.3
2025-06-12 10:59:00,79.4
2025-06-12 08:11:00,30.1
2025-06-12 17:09:00,79.7
2025-06-12 22:29:00,62.9
2025-06-12 12:45:00,32.8
2025-06-12 15:46:00,50.41405513666353
2025-06-12 05:33:00,89.8
2025-06-12 15:17:00,71.9
2025-06-12 01:15:00,99.8
2025-06-12 06:49:00,4.8
2025-06-12 07:46:00,93.3
2025-06-12 18:10:00,88.6
2025-06-12 23:19:00,13.3
2025-06-12 17:01:00,23.8
2025-06-12 03:06:00,47.1
2025-06-12 06:42:00,48.9
2025-06-12 16:04:00,57.8
2025-06-12 17:56:00,4.2
2025-06-12 22:31:00,32.8
2025-06-12 17:34:00,84.0
2025-06-12 17:28:00,50.41405513666353
2025-06-12 05:00:00,49.5
2025-06-12 18:09:00,21.0
2025-06-12 09:00:00,80.3
2025-06-12 01:16:00,79.6
2025-06-12 08:15:00,15.8
2025-06-12 16:28:00,63.6
2025-06-12 03:59:00,50.41405513666353
2025-06-12 20:07:00,32.3
2025-06-12 04:46:00,7.9
2025-06-12 12:38:00,30.1
2025-06-12 20:12:00,70.6
2025-06-12 10:45:00,27.5
2025-06-12 08:47:00,90.9
2025-06-12 19:53:00,56.6
2025-06-12 12:21:00,70.9
2025-06-12 14:13:00,50.41405513666353
2025-06-12 07:57:00,5.6
2025-06-12 22:52:00,82.6
2025-06-12 14:08:00,56.0
2025-06-12 05:02:00,39.2
2025-06-12 13:02:00,7.3
2025-06-12 04:59:00,94.7
2025-06-12 18:48:00,1.6
2025-06-12 08:07:00,50.41405513666353
2025-06-12 09:20:00,68.0
2025-06-12 01:54:00,16.4
2025-06-12 10:39:00,6.8
2025-06-12 06:53:00,2.3
2025-06-12 11:59:00,52.0
2025-06-12 00:34:00,45.6
2025-06-12 00:20:00,22.1
2025-06-12 21:19:00,98.7
2025-06-12 16:15:00,96.7
2025-06-12 01:27:00,50.41405513666353
2025-06-12 17:26:00,12.1
2025-06-12 14:58:00,22.2
2025-06-12 08:57:00,83.7
2025-06-12 08:52:00,67.8
2025-06-12 01:02:00,68.0
2025-06-12 18:13:00,41.3
2025-06-12 08:47:00,29.0
2025-06-12 14:11:00,39.8
2025-06-12 00:19:00,44.8
2025-06-12 20:18:00,91.1
2025-06-12 08:34:00,40.4
2025-06-12 04:43:00,50.41405513666353
2025-06-12 04:40:00,5.2
2025-06-12 04:26:00,32.3
2025-06-12 22:48:00,50.41405513666353
2025-06-12 21:11:00,57.1
2025-06-12 12:17:00,42.8
2025-06-12 22:20:00,19.1
2025-06-12 22:23:00,30.2
2025-06-12 06:40:00,33.4
2025-06-12 12:57:00,39.6
2025-06-12 11:06:00,78.9
2025-06-12 01:49:00,20.1
2025-06-12 05:34:00,81.1
2025-06-12 17:01:00,64.4
2025-06-12 15:13:00,83.1
2025-06-12 16:22:00,34.4
2025-06-12 04:56:00,18.9
2025-06-12 23:20:00,34.5
2025-06-12 19:22:00,50.41405513666353
2025-06-12 23:16:00,58.0
2025-06-12 06:51:00,3.2
2025-06-12 08:57:00,65.2
2025-06-12 16:00:00,20.9
2025-06-12 10:23:00,3.2
2025-06-12 17:00:00,86.5
2025-06-12 20:11:00,90.5
2025-06-12 23:48:00,2.4
2025-06-12 01:51:00,17.6
2025-06-12 11:55:00,14.7
2025-06-12 23:39:00,3.2
2025-06-12 21:03:00,41.5
2025-06-12 18:47:00,12.8
2025-06-12 11:07:00,51.2
2025-06-12 21:10:00,2.0
2025-06-12 03:46:00,23.2
2025-06-12 11:32:00,68.2
2025-06-12 02:34:00,35.8
2025-06-12 07:49:00,47.9
2025-06-12 13:19:00,64.2
2025-06-12 11:07:00,44.8
2025-06-12 01:03:00,49.4
2025-06-12 13:54:00,94.9
2025-06-12 06:54:00,61.1
2025-06-12 17:03:00,81.7
2025-06-12 12:58:00,4.2
2025-06-12 20:17:00,62.8
2025-06-12 07:38:00,31.6
2025-06-12 06:44:00,24.8
2025-06-12 09:54:00,81.2
2025-06-12 11:24:00,14.9
2025-06-12 10:43:00,25.5
2025-06-12 10:39:00,58.5
2025-06-12 17:35:00,50.41405513666353
2025-06-12 07:11:00,50.41405513666353
2025-06-12 17:21:00,27.4
2025-06-12 01:44:00,47.8
2025-06-12 09:39:00,63.2
2025-06-12 20:08:00,14.9
2025-06-12 16:38:00,13.3
2025-06-12 08:54:00,88.6
2025-06-12 21:19:00,11.5
2025-06-12 15:35:00,47.7
2025-06-12 16:25:00,8.6
2025-06-12 02:05:00,74.9
2025-06-12 05:42:00,35.2
2025-06-12 22:45:00,51.1
2025-06-12 06:54:00,50.41405513666353
2025-06-12 06:59:00,50.41405513666353
2025-06-12 13:08:00,46.2
2025-06-12 23:14:00,43.7
2025-06-12 01:53:00,24.6
2025-06-12 22:09:00,64.0
2025-06-12 06:57:00,86.5
2025-06-12 04:53:00,50.41405513666353
2025-06-12 07:16:00,70.8
2025-06-12 21:56:00,69.7
2025-06-12 06:58:00,27.1
2025-06-12 20:33:00,61.5
2025-06-12 18:54:00,77.5
2025-06-12 13:20:00,23.5
2025-06-12 20:23:00,44.5
2025-06-12 03:44:00,50.41405513666353
2025-06-12 04:22:00,76.8
2025-06-12 23:12:00,6.7
2025-06-12 23:43:00,5.6
2025-06-12 19:34:00,85.3
2025-06-12 18:38:00,46.4
2025-06-12 12:00:00,90.0
2025-06-12 12:50:00,66.7
2025-06-12 02:51:00,66.2
2025-06-12 05:48:00,7.6
2025-06-12 20:29:00,99.4
2025-06-12 20:46:00,20.1
2025-06-12 22:06:00,17.7
2025-06-12 03:36:00,84.0
2025-06-12 14:31:00,86.5
2025-06-12 02:21:00,50.41405513666353
2025-06-12 22:29:00,90.8
2025-06-12 15:08:00,70.5
2025-06-12 05:26:00,74.1
2025-06-12 15:27:00,90.6
2025-06-12 23:09:00,97.0
2025-06-12 00:25:00,0.4
2025-06-12 11:25:00,68.4
2025-06-12 00:05:00,33.5
2025-06-12 07:13:00,37.8
2025-06-12 22:21:00,84.3
2025-06-12 00:38:00,17.6
2025-06-12 02:43:00,29.8
2025-06-12 20:26:00,50.41405513666353
2025-06-12 04:05:00,50.41405513666353
2025-06-12 17:45:00,31.5
2025-06-12 21:05:00,67.5
2025-06-12 00:15:00,92.2
2025-06-12 12:58:00,59.2
2025-06-12 15:22:00,88.5
2025-06-12 06:16:00,49.2
2025-06-12 15:47:00,15.1
2025-06-12 11:25:00,22.5
2025-06-12 04:57:00,48.8
2025-06-12 13:46:00,53.9
2025-06-12 05:44:00,50.41405513666353
2025-06-12 07:18:00,50.41405513666353
2025-06-12 02:56:00,50.41405513666353
2025-06-12 14:47:00,56.2
2025-06-12 14:22:00,68.5
2025-06-12 04:01:00,50.41405513666353
2025-06-12 22:37:00,26.7
2025-06-12 15:09:00,38.7
2025-06-12 20:37:00,59.4
2025-06-12 11:42:00,87.1
2025-06-12 14:51:00,50.41405513666353
2025-06-12 23:35:00,25.5
2025-06-12 12:10:00,41.5
2025-06-12 07:02:00,12.6
2025-06-12 02:59:00,59.2
2025-06-12 15:02:00,72.5
2025-06-12 00:21:00,0.0
2025-06-12 13:06:00,77.1
2025-06-12 23:06:00,45.4
2025-06-12 07:13:00,70.3
2025-06-12 15:18:00,27.5
2025-06-12 00:33:00,30.5
2025-06-12 19:09:00,89.7
2025-06-12 13:37:00,54.0
2025-06-12 06:01:00,73.5
2025-06-12 01:40:00,88.0
2025-06-12 07:37:00,12.1
2025-06-12 01:23:00,77.9
2025-06-12 20:30:00,53.5
2025-06-12 22:50:00,3.3
2025-06-12 13:09:00,19.6
2025-06-12 02:17:00,94.8
2025-06-12 23:57:00,34.3
2025-06-12 06:40:00,35.0
2025-06-12 06:37:00,48.3
2025-06-12 22:42:00,74.7
2025-06-12 00:07:00,9.4
2025-06-12 17:37:00,79.8
2025-06-12 09:59:00,11.9
2025-06-12 12:23:00,96.2
2025-06-12 02:09:00,49.776157380139004
2025-06-12 00:24:00,8.4
2025-06-12 15:24:00,42.3
2025-06-12 01:11:00,6.2
2025-06-12 08:46:00,71.6
2025-06-12 07:13:00,43.7
2025-06-12 18:24:00,81.0
2025-06-12 14:10:00,47.0
2025-06-12 21:08:00,39.9
2025-06-12 07:03:00,14.3
2025-06-12 09:53:00,7.7
2025-06-12 21:58:00,67.5
2025-06-12 10:08:00,18.4
2025-06-12 09:01:00,46.7
2025-06-12 16:26:00,57.2
2025-06-12 09:31:00,27.5
2025-06-12 23:42:00,69.0
2025-06-12 03:30:00,43.6
2025-06-12 23:59:00,30.3
2025-06-12 13:16:00,25.4
2025-06-12 07:29:00,68.3
2025-06-12 22:14:00,49.776157380139004
2025-06-12 14:03:00,20.5
2025-06-12 02:01:00,56.2
2025-06-12 15:58:00,49.776157380139004
2025-06-12 13:21:00,26.8
2025-06-12 02:27:00,12.2
2025-06-12 19:32:00,13.6
2025-06-12 08:57:00,49.776157380139004
2025-06-12 02:27:00,34.9
2025-06-12 06:55:00,91.5
2025-06-12 03:04:00,2.0
2025-06-12 05:27:00,53.6
2025-06-12 14:15:00,49.776157380139004
2025-06-12 10:14:00,24.5
2025-06-12 14:01:00,89.8
2025-06-12 17:23:00,49.776157380139004
2025-06-12 09:31:00,93.4
2025-06-12 04:49:00,23.1
2025-06-12 21:09:00,70.8
2025-06-12 21:05:00,62.0
2025-06-12 14:34:00,44.4
2025-06-12 15:41:00,16.3
2025-06-12 13:52:00,78.6
2025-06-12 19:04:00,32.8
2025-06-12 15:01:00,41.9
2025-06-12 07:05:00,28.5
2025-06-12 00:46:00,49.776157380139004
2025-06-12 04:56:00,49.0
2025-06-12 12:16:00,45.0
2025-06-12 12:37:00,49.776157380139004
2025-06-12 13:28:00,44.2
2025-06-12 14:28:00,90.1
2025-06-12 04:37:00,66.8
2025-06-12 23:26:00,40.1
2025-06-12 10:03:00,49.776157380139004
2025-06-12 09:56:00,92.9
2025-06-12 13:31:00,9.0
2025-06-12 04:32:00,70.1
2025-06-12 23:18:00,43.2
2025-06-12 05:18:00,71.4
2025-06-12 07:50:00,95.4
2025-06-12 07:54:00,74.3
2025-06-12 00:17:00,28.7
2025-06-12 01:51:00,65.8
2025-06-12 17:55:00,56.7
2025-06-12 13:42:00,7.2
2025-06-12 13:04:00,59.7
2025-06-12 04:22:00,57.1
2025-06-12 07:50:00,22.7
2025-06-12 23:26:00,64.1
2025-06-12 12:18:00,45.2
2025-06-12 16:19:00,44.8
2025-06-12 18:37:00,29.5
2025-06-12 14:54:00,35.1
2025-06-12 20:31:00,87.7
2025-06-12 22:40:00,51.3
2025-06-12 10:43:00,99.5
2025-06-12 14:17:00,2.5
2025-06-12 12:33:00,90.9
2025-06-12 07:38:00,64.8
2025-06-12 23:43:00,25.6
2025-06-12 13:49:00,60.9
2025-06-12 15:35:00,49.776157380139004
2025-06-12 06:08:00,81.9
2025-06-12 01:35:00,49.776157380139004
2025-06-12 01:14:00,17.8
2025-06-12 08:45:00,47.4
2025-06-12 21:48:00,57.2
2025-06-12 07:28:00,88.3
2025-06-12 09:32:00,49.776157380139004
2025-06-12 18:30:00,49.776157380139004
2025-06-12 19:46:00,83.5
2025-06-12 21:35:00,34.0
2025-06-12 02:48:00,45.5
2025-06-12 09:27:00,34.9
2025-06-12 18:54:00,65.4
2025-06-12 08:00:00,70.3
2025-06-12 18:36:00,43.9
2025-06-12 20:23:00,19.8
2025-06-12 05:46:00,58.8
2025-06-12 04:41:00,34.3
2025-06-12 01:49:00,49.776157380139004
2025-06-12 23:18:00,74.1
2025-06-12 02:07:00,23.1
2025-06-12 03:48:00,97.5
2025-06-12 23:26:00,20.9
2025-06-12 11:21:00,22.0
2025-06-12 07:18:00,49.776157380139004
2025-06-12 12:28:00,62.7
2025-06-12 03:10:00,2.9
2025-06-12 23:19:00,72.6
2025-06-12 12:28:00,94.7
2025-06-12 18:04:00,63.0
2025-06-12 22:30:00,39.9
2025-06-12 09:53:00,63.8
2025-06-12 09:29:00,6.7
2025-06-12 06:15:00,0.5
2025-06-12 15:02:00,53.6
2025-06-12 03:20:00,79.8
2025-06-12 04:45:00,77.9
2025-06-12 17:31:00,50.8
2025-06-12 18:31:00,90.4
2025-06-12 17:50:00,16.9
2025-06-12 03:17:00,44.7
2025-06-12 12:13:00,54.7
2025-06-12 19:16:00,95.5
2025-06-12 11:35:00,38.1
2025-06-12 22:40:00,60.1
2025-06-12 00:03:00,26.4
2025-06-12 06:35:00,87.0
2025-06-12 00:04:00,89.7
2025-06-12 17:05:00,32.9
2025-06-12 02:31:00,49.776157380139004
2025-06-12 01:17:00,21.2
2025-06-12 16:24:00,11.9
2025-06-12 18:54:00,70.2
2025-06-12 21:48:00,51.7
2025-06-12 04:19:00,16.4
2025-06-12 08:40:00,50.2
2025-06-12 13:08:00,70.6
2025-06-12 04:45:00,22.5
2025-06-12 01:33:00,40.5
2025-06-12 18:03:00,96.1
2025-06-12 21:21:00,14.0
2025-06-12 15:45:00,66.7
2025-06-12 17:04:00,59.7
2025-06-12 16:39:00,44.5
2025-06-12 07:39:00,49.776157380139004
2025-06-12 04:30:00,85.1
2025-06-12 04:52:00,48.8
2025-06-12 07:38:00,11.3
2025-06-12 21:18:00,29.3
2025-06-12 09:49:00,11.5
2025-06-12 07:03:00,23.8
2025-06-12 17:46:00,58.0
2025-06-12 08:31:00,91.2
2025-06-12 13:19:00,91.0
2025-06-12 21:02:00,96.4
2025-06-12 15:28:00,4.4
2025-06-12 20:08:00,61.8
2025-06-12 17:11:00,91.8
2025-06-12 10:53:00,30.5
2025-06-12 15:32:00,49.776157380139004
2025-06-12 23:20:00,24.3
2025-06-12 20:34:00,28.7
2025-06-12 01:45:00,4.1
2025-06-12 13:00:00,49.776157380139004
2025-06-12 22:32:00,15.0
2025-06-12 12:19:00,49.776157380139004
2025-06-12 04:59:00,0.7
2025-06-12 18:19:00,24.0
2025-06-12 05:00:00,28.1
2025-06-12 00:57:00,49.776157380139004
2025-06-12 07:14:00,49.776157380139004
2025-06-12 19:48:00,5.3
2025-06-12 00:25:00,49.776157380139004
2025-06-12 00:28:00,73.1
2025-06-12 16:13:00,49.776157380139004
2025-06-12 20:49:00,15.2
2025-06-12 22:21:00,48.0
2025-06-12 14:36:00,79.4
2025-06-12 14:54:00,37.2
2025-06-12 17:32:00,8.9
2025-06-12 15:50:00,44.1
2025-06-12 11:37:00,52.0
2025-06-12 10:52:00,42.7
2025-06-12 10:19:00,46.3
2025-06-12 00:32:00,57.4
2025-06-12 19:44:00,88.3
2025-06-12 19:12:00,95.1
2025-06-12 01:37:00,71.0
2025-06-12 20:08:00,49.776157380139004
2025-06-12 20:20:00,90.9
2025-06-12 22:41:00,49.776157380139004
2025-06-12 21:54:00,50.0
2025-06-12 09:32:00,100.0
2025-06-12 00:42:00,30.9
2025-06-12 13:00:00,39.1
2025-06-12 23:35:00,49.776157380139004
2025-06-12 19:12:00,7.0
2025-06-12 05:57:00,93.1
2025-06-12 20:24:00,83.6
2025-06-12 02:08:00,40.0
2025-06-12 01:27:00,98.0
2025-06-12 22:22:00,63.2
2025-06-12 19:44:00,49.776157380139004
2025-06-12 22:48:00,49.776157380139004
2025-06-12 13:00:00,49.3
2025-06-12 16:51:00,26.7
2025-06-12 19:04:00,49.776157380139004
2025-06-12 13:17:00,1.1
2025-06-12 02:28:00,96.7
2025-06-12 14:08:00,66.5
2025-06-12 20:34:00,16.8
2025-06-12 12:01:00,35.8
2025-06-12 08:39:00,85.8
2025-06-12 03:32:00,43.9
2025-06-12 00:22:00,64.2
2025-06-12 18:44:00,49.3
2025-06-12 11:10:00,51.8
2025-06-12 12:56:00,96.9
2025-06-12 06:33:00,85.8
2025-06-12 13:07:00,10.6
2025-06-12 11:47:00,90.3
2025-06-12 08:48:00,74.5
2025-06-12 13:58:00,52.7
2025-06-12 22:30:00,21.1
2025-06-12 15:02:00,12.7
2025-06-12 07:54:00,49.776157380139004
2025-06-12 04:07:00,28.2
2025-06-12 06:36:00,98.7
2025-06-12 23:20:00,36.2
2025-06-12 22:41:00,22.5
2025-06-12 18:22:00,85.0
2025-06-12 22:03:00,49.776157380139004
2025-06-12 16:20:00,82.4
2025-06-12 12:08:00,23.7
2025-06-12 01:49:00,83.2
2025-06-12 15:39:00,49.776157380139004
2025-06-12 05:31:00,49.3
2025-06-12 13:40:00,19.7
2025-06-12 22:37:00,95.4
2025-06-12 08:01:00,5.2
2025-06-12 20:00:00,19.9
2025-06-12 20:02:00,63.8
2025-06-12 14:20:00,62.3
2025-06-12 02:09:00,49.776157380139004
2025-06-12 23:14:00,71.3
2025-06-12 04:38:00,43.0
2025-06-12 18:34:00,35.3
2025-06-12 21:51:00,19.5
2025-06-12 18:33:00,25.6
2025-06-12 00:46:00,62.4
2025-06-12 20:16:00,49.776157380139004
2025-06-12 19:53:00,71.5
2025-06-12 10:16:00,36.0
2025-06-12 14:32:00,49.776157380139004
2025-06-12 00:00:00,68.3
2025-06-12 20:09:00,11.4
2025-06-12 17:02:00,85.9
2025-06-12 18:11:00,49.776157380139004
2025-06-12 05:11:00,56.1
2025-06-12 06:58:00,64.7
2025-06-12 21:17:00,67.2
2025-06-12 21:15:00,49.776157380139004
2025-06-12 15:23:00,49.1
2025-06-12 12:34:00,45.6
2025-06-12 04:06:00,66.8
2025-06-12 12:49:00,65.9
2025-06-12 04:54:00,3.3
2025-06-12 22:27:00,26.9
2025-06-12 06:03:00,58.2
2025-06-12 22:37:00,24.8
2025-06-12 13:44:00,4.3
2025-06-12 19:23:00,11.1
2025-06-12 05:44:00,49.776157380139004
2025-06-12 21:56:00,34.9
2025-06-12 14:13:00,49.776157380139004
2025-06-12 10:35:00,3.4
2025-06-12 06:54:00,49.776157380139004
2025-06-12 18:50:00,65.8
2025-06-12 16:56:00,24.3
2025-06-12 04:29:00,77.6
2025-06-12 19:22:00,82.6
2025-06-12 21:13:00,3.9
2025-06-12 06:16:00,59.7
2025-06-12 06:16:00,89.1
2025-06-12 18:38:00,49.776157380139004
2025-06-12 21:13:00,49.776157380139004
2025-06-12 12:09:00,33.4
2025-06-12 13:39:00,72.2
2025-06-12 05:00:00,24.4
2025-06-12 22:58:00,1.3
2025-06-12 19:27:00,8.8
2025-06-12 22:50:00,84.6
2025-06-12 02:24:00,61.3
2025-06-12 14:28:00,56.4
2025-06-12 16:51:00,0.5
2025-06-12 13:11:00,59.5
2025-06-12 01:59:00,60.4
2025-06-12 06:17:00,31.1
2025-06-12 04:54:00,21.1
2025-06-12 00:00:00,88.8
2025-06-12 14:36:00,21.0
2025-06-12 10:36:00,10.0
2025-06-12 03:48:00,59.3
2025-06-12 19:51:00,98.8
2025-06-12 11:27:00,49.776157380139004
2025-06-12 14:04:00,84.5
2025-06-12 12:05:00,49.776157380139004
2025-06-12 14:29:00,62.6
2025-06-12 16:52:00,22.4
2025-06-12 16:06:00,74.1
2025-06-12 21:17:00,90.7
2025-06-12 02:50:00,65.4
2025-06-12 23:09:00,92.5
2025-06-12 12:42:00,33.8
2025-06-12 22:32:00,37.6
2025-06-12 01:29:00,46.9
2025-06-12 18:16:00,95.0
2025-06-12 07:13:00,35.6
2025-06-12 11:14:00,85.0
2025-06-12 15:09:00,49.81767540251498
2025-06-12 21:47:00,32.2
2025-06-12 18:36:00,12.9
2025-06-12 06:57:00,49.81767540251498
2025-06-12 13:26:00,18.0
2025-06-12 09:26:00,26.7
2025-06-12 22:24:00,84.6
2025-06-12 22:11:00,59.4
2025-06-12 23:13:00,35.1
2025-06-12 11:01:00,25.0
2025-06-12 09:32:00,6.9
2025-06-12 06:36:00,49.81767540251498
2025-06-12 23:05:00,71.4
2025-06-12 19:18:00,98.1
2025-06-12 16:37:00,17.1
2025-06-12 05:15:00,66.6
2025-06-12 17:51:00,49.81767540251498
2025-06-12 03:19:00,49.81767540251498
2025-06-12 18:07:00,33.9
2025-06-12 03:58:00,56.9
2025-06-12 16:19:00,49.81767540251498
2025-06-12 04:24:00,74.8
2025-06-12 07:18:00,93.8
2025-06-12 04:13:00,38.3
2025-06-12 07:24:00,72.4
2025-06-12 20:54:00,69.4
2025-06-12 23:57:00,64.6
2025-06-12 22:44:00,83.6
2025-06-12 02:56:00,66.7
2025-06-12 10:59:00,31.8
2025-06-12 04:28:00,71.6
2025-06-12 12:40:00,55.2
2025-06-12 06:40:00,24.5
2025-06-12 23:53:00,29.2
2025-06-12 20:52:00,33.1
2025-06-12 06:37:00,49.81767540251498
2025-06-12 18:34:00,29.3
2025-06-12 01:45:00,40.5
2025-06-12 11:33:00,31.4
2025-06-12 00:31:00,87.1
2025-06-12 06:19:00,41.8
2025-06-12 17:02:00,0.4
2025-06-12 15:09:00,74.5
2025-06-12 05:43:00,0.3
2025-06-12 01:16:00,49.81767540251498
2025-06-12 12:30:00,47.9
2025-06-12 04:01:00,35.4
2025-06-12 23:34:00,11.3
2025-06-12 21:48:00,38.5
2025-06-12 13:37:00,60.0
2025-06-12 07:33:00,50.4
2025-06-12 02:22:00,20.3
2025-06-12 08:38:00,95.0
2025-06-12 02:33:00,49.81767540251498
2025-06-12 14:05:00,27.1
2025-06-12 19:53:00,82.6
2025-06-12 07:51:00,24.2
2025-06-12 19:38:00,48.5
2025-06-12 19:43:00,44.9
2025-06-12 11:57:00,40.0
2025-06-12 03:53:00,74.3
2025-06-12 01:59:00,49.81767540251498
2025-06-12 08:47:00,49.81767540251498
2025-06-12 02:59:00,35.5
2025-06-12 09:59:00,92.4
2025-06-12 10:26:00,15.8
2025-06-12 23:02:00,70.6
2025-06-12 07:35:00,35.9
2025-06-12 11:57:00,49.8
2025-06-12 03:14:00,30.4
2025-06-12 20:04:00,59.2
2025-06-12 08:34:00,69.0
2025-06-12 08:07:00,49.81767540251498
2025-06-12 14:08:00,13.7
2025-06-12 06:38:00,12.3
2025-06-12 07:11:00,88.7
2025-06-12 00:35:00,63.8
2025-06-12 22:07:00,33.9
2025-06-12 12:29:00,72.2
2025-06-12 23:51:00,60.1
2025-06-12 15:00:00,49.81767540251498
2025-06-12 16:03:00,77.7
2025-06-12 16:07:00,30.1
2025-06-12 07:30:00,37.7
2025-06-12 14:03:00,98.8
2025-06-12 21:23:00,49.81767540251498
2025-06-12 16:40:00,97.1
2025-06-12 11:36:00,29.3
2025-06-12 09:20:00,65.9
2025-06-12 19:21:00,99.3
2025-06-12 07:15:00,3.8
2025-06-12 11:43:00,25.0
2025-06-12 23:30:00,66.8
2025-06-12 01:35:00,42.8
2025-06-12 07:45:00,55.2
2025-06-12 01:30:00,68.1
2025-06-12 06:53:00,31.0
2025-06-12 20:45:00,62.4
2025-06-12 01:56:00,69.0
2025-06-12 06:05:00,28.4
2025-06-12 13:48:00,27.4
2025-06-12 07:27:00,48.4
2025-06-12 20:16:00,82.9
2025-06-12 18:19:00,26.8
2025-06-12 10:05:00,43.6
2025-06-12 07:57:00,78.1
2025-06-12 05:59:00,3.8
2025-06-12 23:01:00,90.4
2025-06-12 00:54:00,99.2
2025-06-12 07:11:00,29.1
2025-06-12 17:57:00,60.7
2025-06-12 00:11:00,49.5
2025-06-12 01:20:00,37.0
2025-06-12 00:35:00,65.4
2025-06-12 20:59:00,54.7
2025-06-12 09:09:00,49.81767540251498
2025-06-12 02:10:00,7.9
2025-06-12 05:28:00,81.9
2025-06-12 17:57:00,1.9
2025-06-12 12:22:00,19.2
2025-06-12 22:57:00,67.7
2025-06-12 12:19:00,28.8
2025-06-12 09:59:00,14.8
2025-06-12 16:17:00,23.1
2025-06-12 03:39:00,19.0
2025-06-12 08:29:00,56.6
2025-06-12 19:15:00,94.9
2025-06-12 13:16:00,83.0
2025-06-12 20:53:00,96.6
2025-06-12 14:09:00,80.5
2025-06-12 16:34:00,49.81767540251498
2025-06-12 12:45:00,88.0
2025-06-12 04:25:00,39.7
2025-06-12 09:19:00,32.5
2025-06-12 14:29:00,52.8
2025-06-12 05:19:00,8.5
2025-06-12 16:14:00,52.2
2025-06-12 01:28:00,40.7
2025-06-12 08:57:00,84.7
2025-06-12 07:45:00,90.6
2025-06-12 08:25:00,39.8
2025-06-12 21:32:00,39.3
2025-06-12 10:03:00,7.9
2025-06-12 07:47:00,5.4
2025-06-12 17:44:00,95.8
2025-06-12 17:51:00,33.9
2025-06-12 18:02:00,49.81767540251498
2025-06-12 14:28:00,69.3
2025-06-12 17:23:00,49.81767540251498
2025-06-12 07:52:00,32.4
2025-06-12 11:00:00,72.1
2025-06-12 23:21:00,52.7
2025-06-12 02:59:00,49.81767540251498
2025-06-12 04:35:00,46.2
2025-06-12 17:19:00,79.4
2025-06-12 07:55:00,49.81767540251498
2025-06-12 02:36:00,49.81767540251498
2025-06-12 04:11:00,12.9
2025-06-12 01:11:00,83.6
2025-06-12 00:07:00,51.8
2025-06-12 08:33:00,49.81767540251498
2025-06-12 16:11:00,1.5
2025-06-12 01:26:00,40.2
2025-06-12 21:20:00,45.6
2025-06-12 13:54:00,14.0
2025-06-12 11:39:00,69.6
2025-06-12 16:20:00,49.81767540251498
2025-06-12 14:58:00,82.4
2025-06-12 10:15:00,67.1
2025-06-12 05:59:00,18.5
2025-06-12 13:41:00,81.0
2025-06-12 01:15:00,49.81767540251498
2025-06-12 11:40:00,92.1
2025-06-12 09:03:00,88.1
2025-06-12 03:09:00,18.5
2025-06-12 03:15:00,20.1
2025-06-12 12:26:00,29.5
2025-06-12 04:52:00,49.81767540251498
2025-06-12 19:32:00,61.0
2025-06-12 19:02:00,54.3
2025-06-12 09:29:00,72.6
2025-06-12 02:43:00,72.5
2025-06-12 00:19:00,84.5
2025-06-12 20:57:00,50.7
2025-06-12 00:10:00,25.9
2025-06-12 20:15:00,90.8
2025-06-12 13:34:00,13.7
2025-06-12 04:34:00,7.4
2025-06-12 18:36:00,72.9
2025-06-12 20:11:00,49.81767540251498
2025-06-12 13:21:00,49.81767540251498
2025-06-12 23:00:00,47.1
2025-06-12 05:12:00,82.0
2025-06-12 12:49:00,26.1
2025-06-12 11:40:00,2.5
2025-06-12 16:38:00,49.81767540251498
2025-06-12 16:27:00,49.81767540251498
2025-06-12 21:40:00,26.9
2025-06-12 05:25:00,53.2
2025-06-12 01:44:00,95.3
2025-06-12 15:09:00,7.3
2025-06-12 22:58:00,96.4
2025-06-12 13:54:00,0.5
2025-06-12 08:05:00,15.6
2025-06-12 22:59:00,49.81767540251498
2025-06-12 22:49:00,67.9
2025-06-12 21:02:00,49.81767540251498
2025-06-12 00:19:00,7.5
2025-06-12 11:58:00,86.8
2025-06-12 06:23:00,58.9
2025-06-12 11:26:00,49.81767540251498
2025-06-12 09:11:00,62.5
2025-06-12 21:37:00,81.4
2025-06-12 16:55:00,49.81767540251498
2025-06-12 02:03:00,93.7
2025-06-12 13:51:00,47.8
2025-06-12 01:33:00,86.0
2025-06-12 18:06:00,0.6
2025-06-12 19:23:00,49.81767540251498
2025-06-12 18:35:00,13.1
2025-06-12 08:44:00,23.1
2025-06-12 05:50:00,49.81767540251498
2025-06-12 14:06:00,95.1
2025-06-12 05:42:00,98.3
2025-06-12 00:18:00,60.7
2025-06-12 21:16:00,7.2
2025-06-12 19:24:00,61.6
2025-06-12 01:20:00,46.6
2025-06-12 08:00:00,70.3
2025-06-12 01:25:00,58.1
2025-06-12 12:19:00,81.1
2025-06-12 02:27:00,49.81767540251498
2025-06-12 05:33:00,24.8
2025-06-12 10:55:00,45.4
2025-06-12 18:55:00,63.7
2025-06-12 23:55:00,49.81767540251498
2025-06-12 16:38:00,71.6
2025-06-12 12:58:00,49.81767540251498
2025-06-12 06:22:00,49.81767540251498
2025-06-12 09:21:00,94.4
2025-06-12 17:15:00,48.1
2025-06-12 16:29:00,0.6
2025-06-12 13:35:00,87.0
2025-06-12 20:34:00,92.1
2025-06-12 04:24:00,84.4
2025-06-12 14:36:00,40.7
2025-06-12 00:21:00,24.2
2025-06-12 17:03:00,21.6
2025-06-12 01:54:00,91.9
2025-06-12 16:59:00,34.7
2025-06-12 18:50:00,7.6
2025-06-12 09:13:00,10.8
2025-06-12 23:48:00,35.9
2025-06-12 16:17:00,23.1
2025-06-12 16:04:00,54.8
2025-06-12 20:08:00,89.1
2025-06-12 19:47:00,66.8
2025-06-12 18:00:00,0.4
2025-06-12 10:14:00,23.3
2025-06-12 04:51:00,86.6
2025-06-12 17:49:00,16.7
2025-06-12 05:24:00,93.4
2025-06-12 16:42:00,9.7
2025-06-12 12:01:00,80.0
2025-06-12 12:58:00,55.7
2025-06-12 12:15:00,91.9
2025-06-12 14:24:00,49.81767540251498
2025-06-12 11:12:00,37.3
2025-06-12 23:40:00,61.1
2025-06-12 09:05:00,97.0
2025-06-12 15:48:00,62.2
2025-06-12 17:10:00,49.81767540251498
2025-06-12 01:52:00,51.0
2025-06-12 06:35:00,49.81767540251498
2025-06-12 22:10:00,88.7
2025-06-12 17:46:00,39.0
2025-06-12 23:22:00,79.3
2025-06-12 14:19:00,98.6
2025-06-12 10:10:00,80.5
2025-06-12 11:40:00,29.0
2025-06-12 23:16:00,49.81767540251498
2025-06-12 18:53:00,49.81767540251498
2025-06-12 03:11:00,94.2
2025-06-12 02:08:00,76.4
2025-06-12 10:52:00,49.81767540251498
2025-06-12 13:45:00,56.1
2025-06-12 19:00:00,49.81767540251498
2025-06-12 06:00:00,55.3
2025-06-12 08:48:00,66.0
2025-06-12 11:13:00,49.81767540251498
2025-06-12 23:57:00,23.2
2025-06-12 09:24:00,32.6
2025-06-12 23:27:00,49.81767540251498
2025-06-12 06:37:00,32.6
2025-06-12 00:55:00,36.8
2025-06-12 12:35:00,72.6
2025-06-12 11:15:00,49.81767540251498
2025-06-12 10:49:00,49.9
2025-06-12 21:14:00,67.2
2025-06-12 03:22:00,13.4
2025-06-12 19:23:00,26.6
2025-06-12 19:24:00,52.9
2025-06-12 17:53:00,49.81767540251498
2025-06-12 22:05:00,89.1
2025-06-12 08:30:00,96.2
2025-06-12 13:07:00,83.5
2025-06-12 07:33:00,11.8
2025-06-12 08:24:00,13.9
2025-06-12 03:16:00,0.0
2025-06-12 09:34:00,39.1
2025-06-12 06:21:00,71.6
2025-06-12 10:15:00,97.4
2025-06-12 17:47:00,69.1
2025-06-12 15:05:00,66.2
2025-06-12 13:07:00,49.81767540251498
2025-06-12 20:50:00,47.9
2025-06-12 17:13:00,49.81767540251498
2025-06-12 15:43:00,37.4
2025-06-12 02:27:00,49.81767540251498
2025-06-12 21:54:00,49.81767540251498
2025-06-12 18:10:00,64.2
2025-06-12 04:18:00,16.8
2025-06-12 14:42:00,12.8
2025-06-12 04:03:00,50.0
2025-06-12 23:45:00,77.5
2025-06-12 01:58:00,49.81767540251498
2025-06-12 14:44:00,59.0
2025-06-12 08:50:00,9.0
2025-06-12 06:54:00,74.9
2025-06-12 18:23:00,96.8
2025-06-12 10:41:00,67.6
2025-06-12 13:10:00,64.9
2025-06-12 10:44:00,24.0
2025-06-12 07:32:00,65.7
2025-06-12 21:58:00,49.81767540251498
2025-06-12 17:22:00,10.9
2025-06-12 13:20:00,86.8
2025-06-12 14:09:00,54.9
2025-06-12 08:04:00,14.1
2025-06-12 00:08:00,68.7
2025-06-12 03:52:00,49.791111632270166
2025-06-12 19:00:00,66.4
2025-06-12 17:02:00,94.5
2025-06-12 11:04:00,49.791111632270166
2025-06-12 11:44:00,19.2
2025-06-12 05:43:00,5.3
2025-06-12 01:16:00,16.2
2025-06-12 00:39:00,66.1
2025-06-12 10:17:00,32.6
2025-06-12 18:01:00,72.4
2025-06-12 17:29:00,75.5
2025-06-12 03:48:00,60.8
2025-06-12 20:25:00,49.791111632270166
2025-06-12 12:11:00,73.2
2025-06-12 22:03:00,71.1
2025-06-12 00:32:00,26.3
2025-06-12 20:32:00,53.5
2025-06-12 05:39:00,11.0
2025-06-12 01:02:00,96.9
2025-06-12 21:10:00,44.1
2025-06-12 02:02:00,13.5
2025-06-12 15:38:00,11.1
2025-06-12 23:00:00,88.7
2025-06-12 03:53:00,49.791111632270166
2025-06-12 03:29:00,52.7
2025-06-12 11:59:00,56.7
2025-06-12 23:12:00,6.6
2025-06-12 19:55:00,79.4
2025-06-12 11:33:00,31.0
2025-06-12 09:57:00,46.2
2025-06-12 07:01:00,93.4
2025-06-12 18:18:00,7.0
2025-06-12 12:11:00,3.2
2025-06-12 03:04:00,80.4
2025-06-12 14:11:00,49.791111632270166
2025-06-12 21:14:00,72.2
2025-06-12 21:50:00,62.0
2025-06-12 04:00:00,25.7
2025-06-12 18:36:00,94.9
2025-06-12 20:52:00,1.3
2025-06-12 17:10:00,94.6
2025-06-12 19:47:00,41.5
2025-06-12 19:42:00,49.791111632270166
2025-06-12 14:45:00,78.4
2025-06-12 21:14:00,85.3
2025-06-12 12:35:00,60.3
2025-06-12 17:47:00,46.8
2025-06-12 21:33:00,62.1
2025-06-12 08:40:00,42.6
2025-06-12 20:16:00,97.5
2025-06-12 04:38:00,90.2
2025-06-12 03:20:00,49.791111632270166
2025-06-12 09:42:00,99.8
2025-06-12 12:40:00,53.9
2025-06-12 13:15:00,40.8
2025-06-12 13:47:00,23.9
2025-06-12 16:55:00,49.791111632270166
2025-06-12 18:40:00,27.4
2025-06-12 21:25:00,49.791111632270166
2025-06-12 06:04:00,49.791111632270166
2025-06-12 23:16:00,60.0
2025-06-12 02:58:00,52.6
2025-06-12 11:33:00,2.2
2025-06-12 12:39:00,25.6
2025-06-12 12:44:00,49.791111632270166
2025-06-12 04:09:00,43.1
2025-06-12 14:56:00,94.6
2025-06-12 03:42:00,64.8
2025-06-12 13:59:00,49.791111632270166
2025-06-12 05:22:00,33.5
2025-06-12 03:36:00,49.791111632270166
2025-06-12 10:07:00,7.0
2025-06-12 02:10:00,12.3
2025-06-12 19:36:00,20.7
2025-06-12 13:14:00,35.2
2025-06-12 19:33:00,43.3
2025-06-12 03:19:00,73.5
2025-06-12 20:12:00,40.9
2025-06-12 10:28:00,43.1
2025-06-12 02:04:00,82.3
2025-06-12 12:44:00,54.8
2025-06-12 04:41:00,59.2
2025-06-12 22:57:00,51.9
2025-06-12 13:05:00,47.6
2025-06-12 19:38:00,22.2
2025-06-12 12:09:00,44.5
2025-06-12 16:53:00,35.8
2025-06-12 12:39:00,73.7
2025-06-12 19:57:00,59.1
2025-06-12 11:18:00,68.2
2025-06-12 15:56:00,87.9
2025-06-12 22:53:00,49.791111632270166
2025-06-12 22:36:00,2.6
2025-06-12 00:07:00,78.5
2025-06-12 02:59:00,12.5
2025-06-12 10:20:00,15.2
2025-06-12 00:04:00,10.9
2025-06-12 09:09:00,89.3
2025-06-12 01:40:00,49.791111632270166
2025-06-12 03:09:00,9.3
2025-06-12 22:54:00,4.9
2025-06-12 01:49:00,40.0
2025-06-12 02:13:00,15.7
2025-06-12 08:03:00,49.791111632270166
2025-06-12 05:50:00,14.5
2025-06-12 14:30:00,2.0
2025-06-12 06:43:00,46.3
2025-06-12 06:59:00,3.6
2025-06-12 19:02:00,3.7
2025-06-12 07:10:00,73.2
2025-06-12 01:45:00,8.7
2025-06-12 08:06:00,60.3
2025-06-12 05:01:00,22.9
2025-06-12 06:43:00,69.3
2025-06-12 15:07:00,13.9
2025-06-12 19:40:00,62.0
2025-06-12 23:00:00,33.5
2025-06-12 03:00:00,67.5
2025-06-12 23:01:00,69.4
2025-06-12 06:52:00,2.6
2025-06-12 11:10:00,94.2
2025-06-12 20:09:00,83.9
2025-06-12 11:26:00,61.2
2025-06-12 14:01:00,20.7
2025-06-12 07:34:00,42.5
2025-06-12 17:59:00,59.6
2025-06-12 06:56:00,54.9
2025-06-12 05:41:00,34.9
2025-06-12 21:47:00,95.1
2025-06-12 12:35:00,58.9
2025-06-12 21:08:00,49.791111632270166
2025-06-12 07:34:00,27.4
2025-06-12 16:05:00,67.3
2025-06-12 06:38:00,74.0
2025-06-12 16:21:00,30.4
2025-06-12 21:11:00,16.8
2025-06-12 18:18:00,89.6
2025-06-12 20:39:00,57.8
2025-06-12 07:59:00,65.4
2025-06-12 16:50:00,60.8
2025-06-12 06:18:00,18.7
2025-06-12 13:57:00,16.4
2025-06-12 06:41:00,49.791111632270166
2025-06-12 19:19:00,41.1
2025-06-12 09:24:00,7.2
2025-06-12 05:54:00,19.2
2025-06-12 12:16:00,49.791111632270166
2025-06-12 05:34:00,10.5
2025-06-12 12:59:00,82.6
2025-06-12 07:34:00,33.8
2025-06-12 16:39:00,40.0
2025-06-12 03:08:00,83.1
2025-06-12 10:17:00,28.9
2025-06-12 23:38:00,51.9
2025-06-12 17:30:00,21.2
2025-06-12 01:47:00,75.5
2025-06-12 02:55:00,59.2
2025-06-12 05:18:00,58.0
2025-06-12 08:51:00,54.1
2025-06-12 11:55:00,50.0
2025-06-12 02:52:00,49.791111632270166
2025-06-12 00:38:00,64.8
2025-06-12 04:25:00,77.8
2025-06-12 13:57:00,54.5
2025-06-12 15:06:00,6.0
2025-06-12 08:27:00,49.791111632270166
2025-06-12 04:49:00,61.2
2025-06-12 12:13:00,45.7
2025-06-12 20:17:00,12.7
2025-06-12 23:02:00,67.0
2025-06-12 02:01:00,49.791111632270166
2025-06-12 19:40:00,78.9
2025-06-12 23:14:00,73.9
2025-06-12 19:43:00,63.4
2025-06-12 23:44:00,30.1
2025-06-12 10:23:00,30.5
2025-06-12 02:51:00,33.7
2025-06-12 16:25:00,99.8
2025-06-12 14:57:00,54.2
2025-06-12 19:54:00,28.3
2025-06-12 06:32:00,21.6
2025-06-12 22:08:00,95.5
2025-06-12 00:32:00,24.8
2025-06-12 07:36:00,49.791111632270166
2025-06-12 06:33:00,29.6
2025-06-12 15:17:00,49.791111632270166
2025-06-12 10:35:00,39.4
2025-06-12 00:10:00,14.8
2025-06-12 20:08:00,96.7
2025-06-12 02:28:00,24.0
2025-06-12 00:00:00,99.6
2025-06-12 08:03:00,47.5
2025-06-12 07:37:00,76.9
2025-06-12 06:21:00,46.7
2025-06-12 11:05:00,70.1
2025-06-12 04:47:00,97.8
2025-06-12 06:03:00,79.9
2025-06-12 00:20:00,42.9
2025-06-12 06:21:00,87.0
2025-06-12 11:35:00,31.1
2025-06-12 07:05:00,36.3
2025-06-12 02:51:00,80.6
2025-06-12 06:53:00,49.791111632270166
2025-06-12 18:03:00,84.5
2025-06-12 14:23:00,38.1
2025-06-12 02:54:00,68.0
2025-06-12 06:00:00,72.1
2025-06-12 07:37:00,67.5
2025-06-12 19:23:00,97.0
2025-06-12 16:46:00,49.791111632270166
2025-06-12 17:43:00,49.791111632270166
2025-06-12 04:09:00,47.3
2025-06-12 18:05:00,21.8
2025-06-12 05:40:00,90.5
2025-06-12 13:33:00,49.791111632270166
2025-06-12 13:14:00,38.9
2025-06-12 18:52:00,6.2
2025-06-12 16:09:00,14.2
2025-06-12 03:31:00,19.6
2025-06-12 09:06:00,86.6
2025-06-12 10:37:00,77.7
2025-06-12 22:24:00,39.8
2025-06-12 06:11:00,2.8
2025-06-12 08:17:00,49.791111632270166
2025-06-12 21:32:00,80.5
2025-06-12 01:31:00,46.0
2025-06-12 15:20:00,49.791111632270166
2025-06-12 01:58:00,80.2
2025-06-12 12:43:00,17.6
2025-06-12 19:22:00,98.7
2025-06-12 07:06:00,49.791111632270166
2025-06-12 02:20:00,29.1
2025-06-12 06:41:00,49.791111632270166
2025-06-12 19:41:00,66.7
2025-06-12 05:39:00,90.1
2025-06-12 21:14:00,37.4
2025-06-12 02:08:00,49.791111632270166
2025-06-12 04:34:00,74.3
2025-06-12 02:30:00,49.791111632270166
2025-06-12 04:31:00,95.1
2025-06-12 19:37:00,96.2
2025-06-12 10:15:00,9.7
2025-06-12 18:56:00,66.8
2025-06-12 14:16:00,68.7
2025-06-12 05:56:00,39.5
2025-06-12 17:30:00,37.8
2025-06-12 18:17:00,51.1
2025-06-12 16:31:00,6.5
2025-06-12 13:31:00,49.791111632270166
2025-06-12 23:41:00,82.8
2025-06-12 11:08:00,49.791111632270166
2025-06-12 12:52:00,95.4
2025-06-12 19:53:00,49.791111632270166
2025-06-12 22:22:00,99.8
2025-06-12 16:11:00,69.6
2025-06-12 02:30:00,59.3
2025-06-12 06:56:00,52.9
2025-06-12 22:53:00,2.0
2025-06-12 20:26:00,6.1
2025-06-12 08:38:00,46.3
2025-06-12 06:32:00,22.1
2025-06-12 17:56:00,5.3
2025-06-12 09:43:00,20.7
2025-06-12 22:40:00,49.791111632270166
2025-06-12 10:34:00,44.4
2025-06-12 03:36:00,99.5
2025-06-12 02:21:00,47.8
2025-06-12 19:49:00,76.4
2025-06-12 09:04:00,14.1
2025-06-12 12:21:00,89.8
2025-06-12 21:02:00,53.0
2025-06-12 10:04:00,28.0
2025-06-12 04:25:00,28.0
2025-06-12 09:40:00,2.5
2025-06-12 12:56:00,49.791111632270166
2025-06-12 23:10:00,61.8
2025-06-12 20:43:00,7.9
2025-06-12 10:59:00,1.7
2025-06-12 15:06:00,9.4
2025-06-12 12:46:00,16.1
2025-06-12 08:56:00,33.5
2025-06-12 09:46:00,72.9
2025-06-12 09:05:00,4.5
2025-06-12 15:00:00,63.5
2025-06-12 20:17:00,26.9
2025-06-12 23:23:00,91.3
2025-06-12 07:22:00,70.6
2025-06-12 01:33:00,5.6
2025-06-12 15:31:00,55.3
2025-06-12 16:42:00,97.9
2025-06-12 19:15:00,65.5
2025-06-12 06:01:00,4.8
2025-06-12 23:35:00,59.7
2025-06-12 16:25:00,0.8
2025-06-12 12:08:00,36.0
2025-06-12 16:36:00,98.5
2025-06-12 21:21:00,73.0
2025-06-12 08:13:00,6.6
2025-06-12 07:43:00,77.0
2025-06-12 09:55:00,17.6
2025-06-12 13:10:00,52.4
2025-06-12 15:00:00,20.4
2025-06-12 08:25:00,55.2
2025-06-12 18:30:00,38.6
2025-06-12 03:23:00,94.1
2025-06-12 19:55:00,20.5
2025-06-12 04:55:00,49.6
2025-06-12 07:53:00,88.5
2025-06-12 02:34:00,2.5
2025-06-12 13:01:00,14.4
2025-06-12 16:10:00,29.1
2025-06-12 14:24:00,50.406503298774744
2025-06-12 00:26:00,9.9
2025-06-12 04:16:00,6.6
2025-06-12 23:43:00,5.8
2025-06-12 03:41:00,50.406503298774744
2025-06-12 15:06:00,79.8
2025-06-12 14:46:00,64.5
2025-06-12 10:46:00,56.3
2025-06-12 00:29:00,64.9
2025-06-12 11:11:00,50.406503298774744
2025-06-12 02:19:00,50.406503298774744
2025-06-12 04:35:00,41.3
2025-06-12 00:52:00,50.406503298774744
2025-06-12 01:34:00,50.406503298774744
2025-06-12 04:40:00,78.6
2025-06-12 14:08:00,12.0
2025-06-12 12:35:00,18.0
2025-06-12 19:37:00,50.406503298774744
2025-06-12 19:29:00,68.8
2025-06-12 08:54:00,15.7
2025-06-12 14:31:00,38.8
2025-06-12 00:28:00,9.4
2025-06-12 11:38:00,1.4
2025-06-12 19:58:00,58.7
2025-06-12 07:37:00,41.8
2025-06-12 00:15:00,43.6
2025-06-12 18:59:00,78.5
2025-06-12 02:51:00,49.8
2025-06-12 11:59:00,78.8
2025-06-12 21:50:00,35.5
2025-06-12 07:56:00,50.406503298774744
2025-06-12 16:18:00,3.7
2025-06-12 17:00:00,18.3
2025-06-12 13:49:00,50.406503298774744
2025-06-12 03:46:00,89.8
2025-06-12 03:33:00,44.2
2025-06-12 17:39:00,50.406503298774744
2025-06-12 20:54:00,50.406503298774744
2025-06-12 13:16:00,90.7
2025-06-12 13:33:00,18.6
2025-06-12 06:13:00,18.3
2025-06-12 09:29:00,50.406503298774744
2025-06-12 12:24:00,34.7
2025-06-12 12:00:00,1.1
2025-06-12 07:11:00,50.406503298774744
2025-06-12 20:23:00,38.5
2025-06-12 06:53:00,92.9
2025-06-12 03:43:00,57.1
2025-06-12 09:23:00,30.6
2025-06-12 21:35:00,95.8
2025-06-12 00:59:00,25.9
2025-06-12 01:08:00,50.406503298774744
2025-06-12 06:30:00,50.406503298774744
2025-06-12 02:14:00,60.5
2025-06-12 19:52:00,33.0
2025-06-12 01:52:00,60.5
2025-06-12 03:48:00,50.406503298774744
2025-06-12 21:36:00,50.406503298774744
2025-06-12 15:29:00,50.406503298774744
2025-06-12 15:47:00,95.2
2025-06-12 14:35:00,84.7
2025-06-12 11:01:00,90.6
2025-06-12 03:11:00,65.3
2025-06-12 19:45:00,0.3
2025-06-12 04:36:00,73.9
2025-06-12 02:40:00,50.406503298774744
2025-06-12 23:10:00,69.9
2025-06-12 02:37:00,70.4
2025-06-12 12:36:00,40.7
2025-06-12 18:07:00,11.8
2025-06-12 03:40:00,78.0
2025-06-12 11:11:00,36.4
2025-06-12 11:08:00,2.8
2025-06-12 01:02:00,50.406503298774744
2025-06-12 16:00:00,65.5
2025-06-12 15:50:00,30.2
2025-06-12 07:48:00,50.406503298774744
2025-06-12 22:36:00,19.7
2025-06-12 01:33:00,63.7
2025-06-12 08:59:00,91.8
2025-06-12 21:52:00,50.406503298774744
2025-06-12 11:21:00,82.5
2025-06-12 20:03:00,57.5
2025-06-12 11:22:00,50.406503298774744
2025-06-12 06:30:00,61.9
2025-06-12 08:18:00,65.0
2025-06-12 15:14:00,14.0
2025-06-12 19:17:00,21.9
2025-06-12 17:06:00,50.406503298774744
2025-06-12 23:57:00,86.0
2025-06-12 02:06:00,65.7
2025-06-12 12:39:00,53.4
2025-06-12 05:13:00,68.2
2025-06-12 09:16:00,77.1
2025-06-12 02:06:00,91.1
2025-06-12 21:01:00,48.1
2025-06-12 16:38:00,86.5
2025-06-12 08:52:00,13.8
2025-06-12 15:38:00,51.1
2025-06-12 06:20:00,4.0
2025-06-12 14:26:00,50.406503298774744
2025-06-12 01:15:00,37.7
2025-06-12 04:16:00,56.1
2025-06-12 18:16:00,80.9
2025-06-12 03:15:00,4.0
2025-06-12 04:53:00,35.3
2025-06-12 02:36:00,73.9
2025-06-12 16:23:00,48.5
2025-06-12 14:44:00,15.7
2025-06-12 13:11:00,50.406503298774744
2025-06-12 04:48:00,74.7
2025-06-12 00:35:00,11.4
2025-06-12 07:55:00,64.2
2025-06-12 00:15:00,85.0
2025-06-12 08:36:00,58.9
2025-06-12 21:47:00,75.3
2025-06-12 01:46:00,84.2
2025-06-12 09:18:00,76.1
2025-06-12 06:14:00,81.1
2025-06-12 04:14:00,50.406503298774744
2025-06-12 02:47:00,50.406503298774744
2025-06-12 16:14:00,92.7
2025-06-12 21:47:00,87.4
2025-06-12 14:31:00,52.7
2025-06-12 03:38:00,18.5
2025-06-12 14:18:00,8.7
2025-06-12 12:49:00,15.6
2025-06-12 17:46:00,83.0
2025-06-12 13:24:00,45.7
2025-06-12 21:43:00,83.8
2025-06-12 17:35:00,50.406503298774744
2025-06-12 02:33:00,50.406503298774744
2025-06-12 16:05:00,50.406503298774744
2025-06-12 19:19:00,2.5
2025-06-12 13:45:00,13.1
2025-06-12 22:15:00,37.6
2025-06-12 21:07:00,89.2
2025-06-12 23:15:00,8.2
2025-06-12 22:40:00,99.2
2025-06-12 20:03:00,20.8
2025-06-12 04:32:00,73.1
2025-06-12 14:34:00,50.406503298774744
2025-06-12 08:03:00,13.4
2025-06-12 01:06:00,10.7
2025-06-12 03:57:00,27.5
2025-06-12 02:36:00,0.3
2025-06-12 20:00:00,5.0
2025-06-12 11:41:00,90.6
2025-06-12 14:58:00,23.3
2025-06-12 02:59:00,13.6
2025-06-12 16:10:00,42.8
2025-06-12 05:41:00,74.9
2025-06-12 13:34:00,45.4
2025-06-12 23:32:00,3.3
2025-06-12 01:00:00,31.1
2025-06-12 02:07:00,32.9
2025-06-12 16:33:00,21.9
2025-06-12 16:06:00,37.8
2025-06-12 20:24:00,16.7
2025-06-12 04:29:00,14.5
2025-06-12 12:44:00,50.406503298774744
2025-06-12 14:19:00,91.1
2025-06-12 17:30:00,76.7
2025-06-12 14:42:00,15.2
2025-06-12 08:00:00,21.7
2025-06-12 09:23:00,50.406503298774744
2025-06-12 14:20:00,17.6
2025-06-12 20:00:00,50.406503298774744
2025-06-12 15:31:00,0.1
2025-06-12 19:55:00,88.7
2025-06-12 11:28:00,50.406503298774744
2025-06-12 05:50:00,7.3
2025-06-12 08:23:00,64.9
2025-06-12 21:44:00,50.406503298774744
2025-06-12 14:11:00,80.4
2025-06-12 09:06:00,31.1
2025-06-12 06:12:00,80.0
2025-06-12 00:38:00,27.0
2025-06-12 15:46:00,50.406503298774744
2025-06-12 07:57:00,12.3
2025-06-12 02:39:00,53.5
2025-06-12 06:15:00,58.9
2025-06-12 19:04:00,46.3
2025-06-12 23:44:00,61.2
2025-06-12 00:49:00,22.6
2025-06-12 13:14:00,23.4
2025-06-12 01:37:00,30.3
2025-06-12 22:27:00,14.6
2025-06-12 17:57:00,23.7
2025-06-12 18:34:00,48.1
2025-06-12 04:51:00,31.6
2025-06-12 18:49:00,50.406503298774744
2025-06-12 03:05:00,28.8
2025-06-12 23:47:00,50.406503298774744
2025-06-12 09:14:00,50.406503298774744
2025-06-12 14:41:00,92.7
2025-06-12 16:21:00,52.3
2025-06-12 07:16:00,78.2
2025-06-12 19:20:00,78.3
2025-06-12 04:00:00,95.4
2025-06-12 06:12:00,70.3
2025-06-12 14:50:00,79.5
2025-06-12 18:40:00,2.5
2025-06-12 18:15:00,79.0
2025-06-12 02:48:00,45.1
2025-06-12 13:28:00,4.5
2025-06-12 11:32:00,20.6
2025-06-12 21:17:00,35.7
2025-06-12 22:23:00,45.4
2025-06-12 09:10:00,33.8
2025-06-12 13:26:00,99.2
2025-06-12 05:15:00,39.6
2025-06-12 23:34:00,21.0
2025-06-12 23:22:00,50.406503298774744
2025-06-12 08:18:00,42.2
2025-06-12 07:28:00,50.406503298774744
2025-06-12 11:13:00,76.6
2025-06-12 21:35:00,5.0
2025-06-12 22:17:00,57.3
2025-06-12 07:44:00,50.406503298774744
2025-06-12 20:55:00,67.9
2025-06-12 10:57:00,69.6
2025-06-12 22:16:00,83.6
2025-06-12 03:06:00,30.0
2025-06-12 11:32:00,90.2
2025-06-12 15:40:00,50.406503298774744
2025-06-12 21:03:00,49.1
2025-06-12 20:20:00,42.1
2025-06-12 09:22:00,50.0
2025-06-12 17:46:00,1.2
2025-06-12 14:21:00,6.1
2025-06-12 11:54:00,69.3
2025-06-12 18:25:00,51.0
2025-06-12 21:46:00,1.3
2025-06-12 00:34:00,47.8
2025-06-12 08:39:00,78.5
2025-06-12 19:57:00,42.9
2025-06-12 06:39:00,60.8
2025-06-12 20:51:00,28.3
2025-06-12 01:33:00,34.5
2025-06-12 16:21:00,77.1
2025-06-12 19:15:00,77.6
2025-06-12 09:53:00,65.7
2025-06-12 08:03:00,66.4
2025-06-12 14:04:00,74.4
2025-06-12 01:14:00,19.7
2025-06-12 22:55:00,81.2
2025-06-12 00:13:00,21.4
2025-06-12 02:20:00,15.2
2025-06-12 00:24:00,99.7
2025-06-12 08:35:00,8.2
2025-06-12 18:14:00,81.8
2025-06-12 04:41:00,49.0
2025-06-12 23:53:00,76.7
2025-06-12 12:52:00,50.406503298774744
2025-06-12 21:46:00,4.0
2025-06-12 19:44:00,48.3
2025-06-12 14:07:00,99.7
2025-06-12 04:05:00,93.2
2025-06-12 04:38:00,50.406503298774744
2025-06-12 10:48:00,97.8
2025-06-12 10:31:00,50.406503298774744
2025-06-12 13:31:00,50.406503298774744
2025-06-12 05:03:00,21.8
2025-06-12 12:56:00,46.2
2025-06-12 11:48:00,77.5
2025-06-12 05:41:00,87.4
2025-06-12 06:08:00,50.406503298774744
2025-06-12 12:20:00,62.4
2025-06-12 22:48:00,22.0
2025-06-12 12:44:00,81.9
2025-06-12 17:42:00,13.4
2025-06-12 07:54:00,35.9
2025-06-12 18:25:00,50.406503298774744
2025-06-12 04:04:00,23.1
2025-06-12 02:49:00,73.7
2025-06-12 00:36:00,71.1
2025-06-12 03:31:00,10.1
2025-06-12 15:46:00,50.406503298774744
2025-06-12 21:50:00,30.8
2025-06-12 20:51:00,11.5
2025-06-12 04:37:00,28.5
2025-06-12 12:49:00,11.7
2025-06-12 11:26:00,35.3
2025-06-12 13:04:00,95.6
2025-06-12 12:47:00,46.3
2025-06-12 18:00:00,77.9
2025-06-12 05:18:00,79.3
2025-06-12 06:55:00,70.3
2025-06-12 18:07:00,34.3
2025-06-12 21:36:00,73.2
2025-06-12 07:12:00,92.7
2025-06-12 22:55:00,56.7
2025-06-12 18:33:00,85.0
2025-06-12 08:12:00,21.0
2025-06-12 22:09:00,77.8
2025-06-12 05:55:00,24.8
2025-06-12 12:26:00,85.0
2025-06-12 22:00:00,89.7
2025-06-12 18:11:00,33.3
2025-06-12 08:48:00,42.0
2025-06-12 07:08:00,61.8
2025-06-12 03:19:00,10.3
2025-06-12 17:32:00,98.8
2025-06-12 06:25:00,24.9
2025-06-12 19:46:00,73.9
2025-06-12 06:37:00,12.0
2025-06-12 05:05:00,14.4
2025-06-12 11:48:00,67.2
2025-06-12 00:24:00,75.4
2025-06-12 04:13:00,19.6
2025-06-12 18:40:00,24.3
2025-06-12 20:05:00,11.7
2025-06-12 04:05:00,92.4
2025-06-12 14:06:00,41.9
2025-06-12 19:37:00,6.2
2025-06-12 04:45:00,61.3
2025-06-12 22:35:00,13.1
2025-06-12 10:04:00,75.4
2025-06-12 13:40:00,50.406503298774744
2025-06-12 17:10:00,33.8
2025-06-12 14:38:00,70.5
2025-06-12 19:07:00,50.406503298774744
2025-06-12 10:32:00,29.6
2025-06-12 03:23:00,31.5
2025-06-12 13:24:00,47.2
2025-06-12 09:25:00,50.406503298774744
2025-06-12 20:02:00,50.406503298774744
2025-06-12 04:25:00,16.6
2025-06-12 01:20:00,55.5
2025-06-12 01:54:00,70.5
2025-06-12 03:26:00,16.2
2025-06-12 02:29:00,80.8
2025-06-12 19:07:00,40.8
2025-06-12 06:06:00,36.7
2025-06-12 18:10:00,2.2
2025-06-12 00:54:00,56.0
2025-06-12 13:49:00,50.406503298774744
2025-06-12 04:18:00,50.406503298774744
2025-06-12 13:44:00,72.7
2025-06-12 19:28:00,56.1
2025-06-12 20:58:00,7.3
2025-06-12 06:40:00,20.3
2025-06-12 05:36:00,36.3
2025-06-12 10:55:00,79.9
2025-06-12 16:20:00,30.9
2025-06-12 09:19:00,94.5
2025-06-12 19:35:00,92.9
2025-06-12 23:58:00,49.4
2025-06-12 07:18:00,68.0
2025-06-12 22:31:00,59.9
2025-06-12 14:05:00,60.9
2025-06-12 13:12:00,5.4
2025-06-12 19:50:00,6.0
2025-06-12 21:52:00,67.5
2025-06-12 17:25:00,34.6
2025-06-12 09:14:00,25.7
2025-06-12 07:42:00,79.0
2025-06-12 10:16:00,73.4
2025-06-12 15:41:00,50.3160582227961
2025-06-12 03:59:00,8.5
2025-06-12 07:29:00,43.5
2025-06-12 13:20:00,50.3160582227961
2025-06-12 14:53:00,7.4
2025-06-12 00:13:00,29.6
2025-06-12 04:18:00,66.6
2025-06-12 06:24:00,66.4
2025-06-12 12:53:00,50.3160582227961
2025-06-12 00:39:00,50.3160582227961
2025-06-12 23:27:00,88.6
2025-06-12 09:14:00,50.3160582227961
2025-06-12 01:42:00,58.7
2025-06-12 00:25:00,69.6
2025-06-12 23:46:00,20.0
2025-06-12 20:35:00,93.4
2025-06-12 17:41:00,50.3160582227961
2025-06-12 12:51:00,26.9
2025-06-12 15:28:00,84.9
2025-06-12 08:56:00,50.3160582227961
2025-06-12 23:59:00,50.3160582227961
2025-06-12 12:06:00,73.1
2025-06-12 10:38:00,99.9
2025-06-12 10:27:00,22.6
2025-06-12 00:06:00,3.6
2025-06-12 05:57:00,25.9
2025-06-12 10:22:00,73.0
2025-06-12 09:07:00,74.9
2025-06-12 01:04:00,21.8
2025-06-12 19:39:00,96.3
2025-06-12 13:20:00,5.1
2025-06-12 08:03:00,89.9
2025-06-12 04:37:00,64.2
2025-06-12 20:16:00,15.3
2025-06-12 22:12:00,80.8
2025-06-12 18:50:00,86.8
2025-06-12 14:16:00,50.3160582227961
2025-06-12 06:33:00,28.7
2025-06-12 05:19:00,78.4
2025-06-12 13:24:00,50.3160582227961
2025-06-12 14:13:00,50.3160582227961
2025-06-12 21:00:00,51.4
2025-06-12 12:16:00,38.9
2025-06-12 16:54:00,55.7
2025-06-12 19:57:00,2.1
2025-06-12 06:52:00,50.3160582227961
2025-06-12 13:56:00,50.3160582227961
2025-06-12 19:02:00,3.0
2025-06-12 07:31:00,84.4
2025-06-12 12:22:00,4.9
2025-06-12 15:12:00,70.0
2025-06-12 00:14:00,15.2
2025-06-12 02:35:00,89.8
2025-06-12 20:44:00,33.9
2025-06-12 07:16:00,0.2
2025-06-12 21:05:00,48.2
2025-06-12 12:37:00,55.4
2025-06-12 08:32:00,50.3160582227961
2025-06-12 19:34:00,89.6
2025-06-12 14:22:00,87.6
2025-06-12 19:20:00,24.3
2025-06-12 01:49:00,34.8
2025-06-12 02:57:00,60.4
2025-06-12 07:02:00,97.0
2025-06-12 19:56:00,55.3
2025-06-12 21:19:00,99.4
2025-06-12 12:27:00,22.8
2025-06-12 18:57:00,50.3160582227961
2025-06-12 04:04:00,50.3160582227961
2025-06-12 15:13:00,71.8
2025-06-12 08:54:00,1.7
2025-06-12 00:43:00,2.3
2025-06-12 09:57:00,26.2
2025-06-12 06:54:00,16.9
2025-06-12 22:15:00,13.3
2025-06-12 00:55:00,0.2
2025-06-12 19:22:00,70.9
2025-06-12 06:20:00,47.2
2025-06-12 14:16:00,5.9
2025-06-12 07:52:00,66.9
2025-06-12 22:28:00,85.8
2025-06-12 16:13:00,92.1
2025-06-12 12:09:00,58.9
2025-06-12 21:24:00,99.9
2025-06-12 22:05:00,61.7
2025-06-12 07:55:00,25.1
2025-06-12 07:05:00,40.2
2025-06-12 15:36:00,75.9
2025-06-12 19:47:00,43.4
2025-06-12 00:32:00,96.8
2025-06-12 05:24:00,54.6
2025-06-12 04:43:00,42.5
2025-06-12 21:02:00,0.8
2025-06-12 20:53:00,65.0
2025-06-12 14:13:00,83.8
2025-06-12 01:11:00,65.2
2025-06-12 21:05:00,50.3160582227961
2025-06-12 11:40:00,21.6
2025-06-12 19:06:00,4.1
2025-06-12 10:28:00,46.1
2025-06-12 03:30:00,54.4
2025-06-12 17:55:00,27.9
2025-06-12 02:06:00,50.3160582227961
2025-06-12 19:29:00,50.3160582227961
2025-06-12 22:41:00,45.1
2025-06-12 10:15:00,31.2
2025-06-12 06:49:00,56.7
2025-06-12 01:23:00,70.7
2025-06-12 07:49:00,46.0
2025-06-12 01:58:00,48.0
2025-06-12 01:28:00,80.1
2025-06-12 14:35:00,50.3160582227961
2025-06-12 08:23:00,8.7
2025-06-12 13:11:00,19.6
2025-06-12 18:24:00,2.4
2025-06-12 02:26:00,44.1
2025-06-12 19:38:00,80.3
2025-06-12 15:30:00,50.3160582227961
2025-06-12 22:59:00,78.2
2025-06-12 03:57:00,31.2
2025-06-12 11:08:00,44.4
2025-06-12 21:57:00,20.5
2025-06-12 16:08:00,50.3160582227961
2025-06-12 15:54:00,77.6
2025-06-12 18:44:00,55.4
2025-06-12 20:56:00,85.6
2025-06-12 20:29:00,50.3160582227961
2025-06-12 14:44:00,19.7
2025-06-12 15:38:00,46.1
2025-06-12 20:15:00,88.0
2025-06-12 23:30:00,95.9
2025-06-12 00:28:00,50.3160582227961
2025-06-12 11:09:00,70.1
2025-06-12 04:45:00,98.5
2025-06-12 05:30:00,19.9
2025-06-12 20:07:00,95.0
2025-06-12 10:01:00,50.3160582227961
2025-06-12 16:55:00,50.3160582227961
2025-06-12 05:25:00,90.6
2025-06-12 17:11:00,7.8
2025-06-12 06:44:00,34.2
2025-06-12 23:48:00,1.2
2025-06-12 04:15:00,50.3160582227961
2025-06-12 06:14:00,58.2
2025-06-12 14:43:00,46.9
2025-06-12 11:43:00,50.3160582227961
2025-06-12 21:26:00,96.4
2025-06-12 02:19:00,68.6
2025-06-12 08:02:00,89.0
2025-06-12 09:32:00,51.9
2025-06-12 05:21:00,18.5
2025-06-12 00:13:00,80.6
2025-06-12 09:44:00,30.1
2025-06-12 20:39:00,98.6
2025-06-12 05:03:00,89.6
2025-06-12 22:14:00,16.2
2025-06-12 22:05:00,40.9
2025-06-12 20:21:00,2.2
2025-06-12 22:12:00,68.4
2025-06-12 19:05:00,96.1
2025-06-12 16:25:00,71.0
2025-06-12 02:42:00,92.1
2025-06-12 22:52:00,64.4
2025-06-12 03:53:00,7.1
2025-06-12 20:58:00,3.5
2025-06-12 21:48:00,32.4
2025-06-12 12:34:00,33.7
2025-06-12 19:25:00,3.9
2025-06-12 04:38:00,50.3160582227961
2025-06-12 17:09:00,7.9
2025-06-12 19:36:00,33.8
2025-06-12 13:48:00,26.4
2025-06-12 10:46:00,3.8
2025-06-12 13:58:00,45.7
2025-06-12 11:35:00,50.3160582227961
2025-06-12 05:50:00,41.6
2025-06-12 23:48:00,75.1
2025-06-12 06:07:00,50.3160582227961
2025-06-12 10:02:00,77.4
2025-06-12 10:47:00,50.3160582227961
2025-06-12 01:01:00,98.2
2025-06-12 12:30:00,20.0
2025-06-12 04:42:00,20.0
2025-06-12 21:23:00,50.3160582227961
2025-06-12 23:32:00,6.8
2025-06-12 09:35:00,98.2
2025-06-12 10:51:00,53.5
2025-06-12 23:15:00,11.1
2025-06-12 01:06:00,88.1
2025-06-12 10:07:00,16.6
2025-06-12 01:59:00,88.5
2025-06-12 18:34:00,89.8
2025-06-12 14:51:00,94.6
2025-06-12 15:55:00,66.5
2025-06-12 03:47:00,25.4
2025-06-12 16:16:00,63.1
2025-06-12 09:56:00,63.8
2025-06-12 14:37:00,32.3
2025-06-12 18:13:00,50.3160582227961
2025-06-12 17:15:00,88.2
2025-06-12 20:15:00,10.2
2025-06-12 03:31:00,39.9
2025-06-12 15:03:00,85.9
2025-06-12 20:27:00,93.6
2025-06-12 02:45:00,81.0
2025-06-12 20:13:00,18.5
2025-06-12 10:32:00,45.8
2025-06-12 12:24:00,47.1
2025-06-12 18:57:00,5.9
2025-06-12 04:11:00,55.7
2025-06-12 06:45:00,39.7
2025-06-12 20:05:00,88.6
2025-06-12 21:06:00,50.3160582227961
2025-06-12 23:56:00,11.8
2025-06-12 08:31:00,46.2
2025-06-12 13:29:00,25.1
2025-06-12 19:07:00,93.0
2025-06-12 10:22:00,50.3160582227961
2025-06-12 23:50:00,47.1
2025-06-12 08:13:00,71.6
2025-06-12 00:26:00,65.1
2025-06-12 06:13:00,96.8
2025-06-12 10:13:00,78.2
2025-06-12 01:27:00,27.9
2025-06-12 23:12:00,95.7
2025-06-12 02:28:00,3.0
2025-06-12 18:06:00,61.5
2025-06-12 14:46:00,8.7
2025-06-12 09:13:00,30.7
2025-06-12 05:25:00,4.4
2025-06-12 05:40:00,74.8
2025-06-12 04:54:00,27.7
2025-06-12 15:13:00,55.5
2025-06-12 20:48:00,37.1
2025-06-12 17:47:00,50.3
2025-06-12 12:08:00,73.4
2025-06-12 05:32:00,50.3160582227961
2025-06-12 11:21:00,62.7
2025-06-12 14:29:00,47.8
2025-06-12 00:12:00,78.8
2025-06-12 16:06:00,47.4
2025-06-12 08:22:00,39.7
2025-06-12 13:18:00,96.7
2025-06-12 03:09:00,52.4
2025-06-12 05:00:00,83.6
2025-06-12 17:44:00,70.1
2025-06-12 20:12:00,35.9
2025-06-12 04:00:00,28.0
2025-06-12 06:38:00,35.2
2025-06-12 07:15:00,5.6
2025-06-12 14:18:00,45.4
2025-06-12 08:28:00,83.2
2025-06-12 08:28:00,57.9
2025-06-12 12:17:00,13.9
2025-06-12 05:20:00,50.3160582227961
2025-06-12 04:35:00,35.9
2025-06-12 23:40:00,52.6
2025-06-12 08:52:00,38.8
2025-06-12 23:16:00,80.9
2025-06-12 14:10:00,27.4
2025-06-12 08:17:00,1.0
2025-06-12 09:37:00,56.9
2025-06-12 03:45:00,93.7
2025-06-12 05:30:00,50.3160582227961
2025-06-12 11:20:00,50.4
2025-06-12 12:29:00,18.0
2025-06-12 20:31:00,63.6
2025-06-12 05:39:00,91.6
2025-06-12 11:52:00,86.2
2025-06-12 20:11:00,50.3160582227961
2025-06-12 12:01:00,30.8
2025-06-12 01:21:00,82.3
2025-06-12 06:43:00,7.6
2025-06-12 03:46:00,86.8
2025-06-12 14:24:00,76.9
2025-06-12 03:11:00,49.3
2025-06-12 09:23:00,36.6
2025-06-12 02:48:00,78.9
2025-06-12 23:12:00,67.4
2025-06-12 21:55:00,77.3
2025-06-12 14:58:00,26.4
2025-06-12 21:04:00,14.0
2025-06-12 21:12:00,32.7
2025-06-12 21:08:00,47.1
2025-06-12 12:23:00,87.6
2025-06-12 14:07:00,67.4
2025-06-12 08:22:00,78.1
2025-06-12 05:48:00,51.6
2025-06-12 08:30:00,37.5
2025-06-12 20:25:00,86.7
2025-06-12 08:56:00,78.2
2025-06-12 23:55:00,86.7
2025-06-12 17:25:00,56.1
2025-06-12 14:08:00,33.4
2025-06-12 23:51:00,55.9
2025-06-12 04:55:00,56.3
2025-06-12 09:31:00,50.3160582227961
2025-06-12 03:08:00,64.5
2025-06-12 21:08:00,84.4
2025-06-12 02:55:00,50.3160582227961
2025-06-12 14:29:00,57.9
2025-06-12 15:56:00,88.5
2025-06-12 19:06:00,51.6
2025-06-12 04:53:00,89.1
2025-06-12 05:57:00,50.3160582227961
2025-06-12 10:13:00,83.9
2025-06-12 19:22:00,50.3160582227961
2025-06-12 10:03:00,40.1
2025-06-12 00:50:00,30.8
2025-06-12 18:11:00,36.4
2025-06-12 06:59:00,42.5
2025-06-12 15:50:00,27.1
2025-06-12 22:17:00,1.0
2025-06-12 12:52:00,74.5
2025-06-12 08:44:00,24.8
2025-06-12 06:44:00,13.8
2025-06-12 09:10:00,99.6
2025-06-12 22:44:00,83.7
2025-06-12 20:56:00,77.9
2025-06-12 14:03:00,72.5
2025-06-12 06:16:00,89.5
2025-06-12 16:27:00,35.7
2025-06-12 08:04:00,21.1
2025-06-12 13:24:00,78.2
2025-06-12 17:41:00,53.7
2025-06-12 17:13:00,78.2
2025-06-12 11:37:00,42.7
2025-06-12 09:53:00,92.3
2025-06-12 18:22:00,20.3
2025-06-12 05:45:00,16.9
2025-06-12 03:49:00,24.1
2025-06-12 18:26:00,35.0
2025-06-12 16:40:00,86.6
2025-06-12 04:00:00,19.1
2025-06-12 21:47:00,75.7
2025-06-12 06:00:00,33.4
2025-06-12 13:41:00,37.7
2025-06-12 18:57:00,23.1
2025-06-12 10:59:00,60.8
2025-06-12 09:11:00,82.2
2025-06-12 16:37:00,53.3
2025-06-12 10:44:00,50.04954009433962
2025-06-12 20:33:00,4.3
2025-06-12 14:43:00,87.4
2025-06-12 16:58:00,5.8
2025-06-12 22:16:00,97.1
2025-06-12 16:48:00,27.4
2025-06-12 16:26:00,21.3
2025-06-12 19:28:00,94.4
2025-06-12 22:59:00,27.4
2025-06-12 14:48:00,50.04954009433962
2025-06-12 03:55:00,11.9
2025-06-12 05:50:00,96.8
2025-06-12 05:15:00,75.6
2025-06-12 07:15:00,82.4
2025-06-12 03:34:00,36.3
2025-06-12 23:07:00,76.4
2025-06-12 22:57:00,30.2
2025-06-12 08:41:00,72.7
2025-06-12 09:52:00,76.6
2025-06-12 09:47:00,50.04954009433962
2025-06-12 02:03:00,94.3
2025-06-12 01:07:00,24.7
2025-06-12 23:05:00,94.6
2025-06-12 23:49:00,75.5
2025-06-12 07:43:00,4.4
2025-06-12 13:28:00,96.8
2025-06-12 01:57:00,50.04954009433962
2025-06-12 08:41:00,8.4
2025-06-12 04:20:00,74.1
2025-06-12 10:01:00,69.7
2025-06-12 14:40:00,14.5
2025-06-12 13:50:00,5.1
2025-06-12 02:09:00,31.9
2025-06-12 15:41:00,15.4
2025-06-12 07:17:00,79.9
2025-06-12 18:11:00,33.9
2025-06-12 18:03:00,49.9
2025-06-12 06:13:00,60.5
2025-06-12 21:53:00,98.9
2025-06-12 18:04:00,42.1
2025-06-12 17:46:00,24.2
2025-06-12 15:55:00,50.04954009433962
2025-06-12 11:16:00,10.6
2025-06-12 02:22:00,61.5
2025-06-12 01:43:00,19.2
2025-06-12 15:38:00,50.04954009433962
2025-06-12 22:27:00,10.3
2025-06-12 17:48:00,66.7
2025-06-12 15:58:00,20.5
2025-06-12 08:07:00,58.6
2025-06-12 09:27:00,14.6
2025-06-12 07:18:00,47.1
2025-06-12 22:35:00,34.0
2025-06-12 14:51:00,79.6
2025-06-12 12:54:00,2.5
2025-06-12 05:50:00,50.04954009433962
2025-06-12 05:30:00,15.8
2025-06-12 15:00:00,68.9
2025-06-12 08:24:00,50.04954009433962
2025-06-12 05:06:00,33.7
2025-06-12 02:42:00,67.1
2025-06-12 03:41:00,50.04954009433962
2025-06-12 03:52:00,38.9
2025-06-12 04:28:00,50.04954009433962
2025-06-12 16:45:00,89.1
2025-06-12 12:21:00,4.9
2025-06-12 05:59:00,97.3
2025-06-12 23:31:00,50.04954009433962
2025-06-12 20:52:00,78.0
2025-06-12 03:47:00,78.2
2025-06-12 04:13:00,90.9
2025-06-12 03:56:00,31.2
2025-06-12 13:43:00,40.6
2025-06-12 12:04:00,45.8
2025-06-12 23:55:00,91.2
2025-06-12 20:04:00,45.1
2025-06-12 07:34:00,92.5
2025-06-12 06:01:00,88.5
2025-06-12 12:03:00,50.04954009433962
2025-06-12 12:21:00,54.8
2025-06-12 21:13:00,16.7
2025-06-12 01:55:00,22.6
2025-06-12 14:19:00,49.0
2025-06-12 05:55:00,54.0
2025-06-12 14:24:00,77.3
2025-06-12 14:31:00,80.7
2025-06-12 16:44:00,55.1
2025-06-12 14:48:00,49.3
2025-06-12 04:10:00,50.04954009433962
2025-06-12 03:56:00,52.4
2025-06-12 19:58:00,53.7
2025-06-12 10:09:00,61.7
2025-06-12 14:08:00,35.6
2025-06-12 22:08:00,55.7
2025-06-12 08:45:00,0.4
2025-06-12 00:46:00,50.6
2025-06-12 22:27:00,42.3
2025-06-12 14:05:00,19.1
2025-06-12 07:31:00,96.9
2025-06-12 23:16:00,82.4
2025-06-12 22:12:00,66.5
2025-06-12 11:03:00,8.0
2025-06-12 05:03:00,98.1
2025-06-12 13:11:00,90.1
2025-06-12 23:20:00,58.1
2025-06-12 00:37:00,9.7
2025-06-12 06:11:00,1.9
2025-06-12 07:14:00,53.5
2025-06-12 01:34:00,94.6
2025-06-12 02:46:00,18.7
2025-06-12 02:36:00,50.04954009433962
2025-06-12 01:46:00,98.5
2025-06-12 10:25:00,50.04954009433962
2025-06-12 04:37:00,36.0
2025-06-12 00:43:00,42.3
2025-06-12 02:14:00,12.5
2025-06-12 00:02:00,29.4
2025-06-12 08:09:00,50.04954009433962
2025-06-12 17:52:00,78.9
2025-06-12 07:56:00,94.3
2025-06-12 00:24:00,86.3
2025-06-12 05:28:00,50.04954009433962
2025-06-12 03:33:00,32.5
2025-06-12 06:04:00,50.04954009433962
2025-06-12 01:20:00,50.04954009433962
2025-06-12 19:55:00,91.7
2025-06-12 13:34:00,38.9
2025-06-12 20:20:00,31.9
2025-06-12 05:17:00,58.6
2025-06-12 07:43:00,50.1
2025-06-12 05:23:00,35.6
2025-06-12 09:30:00,86.7
2025-06-12 16:06:00,1.8
2025-06-12 19:49:00,96.6
2025-06-12 10:23:00,32.5
2025-06-12 11:26:00,77.2
2025-06-12 08:36:00,80.8
2025-06-12 00:31:00,34.6
2025-06-12 23:12:00,47.3
2025-06-12 21:12:00,21.7
2025-06-12 12:53:00,31.7
2025-06-12 08:29:00,24.5
2025-06-12 17:09:00,2.2
2025-06-12 19:21:00,87.5
2025-06-12 01:32:00,19.5
2025-06-12 10:47:00,52.5
2025-06-12 02:38:00,72.3
2025-06-12 23:30:00,9.4
2025-06-12 03:08:00,40.9
2025-06-12 11:06:00,89.6
2025-06-12 16:39:00,34.1
2025-06-12 09:06:00,67.4
2025-06-12 21:50:00,98.2
2025-06-12 03:45:00,60.7
2025-06-12 18:20:00,75.4
2025-06-12 00:41:00,42.8
2025-06-12 07:03:00,56.5
2025-06-12 18:17:00,54.1
2025-06-12 15:40:00,44.0
2025-06-12 07:31:00,84.0
2025-06-12 06:45:00,46.7
2025-06-12 17:59:00,96.2
2025-06-12 01:25:00,97.2
2025-06-12 08:00:00,17.9
2025-06-12 22:51:00,50.04954009433962
2025-06-12 09:40:00,9.7
2025-06-12 21:10:00,97.1
2025-06-12 20:41:00,60.7
2025-06-12 15:11:00,6.4
2025-06-12 22:30:00,58.8
2025-06-12 13:09:00,82.5
2025-06-12 21:44:00,59.0
2025-06-12 04:52:00,70.9
2025-06-12 00:41:00,99.7
2025-06-12 00:48:00,25.1
2025-06-12 07:14:00,46.4
2025-06-12 13:29:00,65.3
2025-06-12 09:16:00,82.7
2025-06-12 12:16:00,21.9
2025-06-12 20:36:00,50.04954009433962
2025-06-12 06:39:00,69.4
2025-06-12 07:48:00,6.6
2025-06-12 15:36:00,91.8
2025-06-12 07:31:00,50.04954009433962
2025-06-12 20:24:00,97.5
2025-06-12 20:18:00,56.4
2025-06-12 04:56:00,80.2
2025-06-12 07:10:00,50.04954009433962
2025-06-12 23:19:00,25.1
2025-06-12 09:58:00,68.1
2025-06-12 07:33:00,36.1
2025-06-12 02:40:00,0.1
2025-06-12 21:42:00,50.04954009433962
2025-06-12 03:48:00,48.5
2025-06-12 10:45:00,32.0
2025-06-12 16:01:00,76.3
2025-06-12 10:15:00,26.1
2025-06-12 11:42:00,98.9
2025-06-12 04:39:00,44.8
2025-06-12 14:03:00,35.9
2025-06-12 03:56:00,50.04954009433962
2025-06-12 11:34:00,15.6
2025-06-12 15:49:00,20.7
2025-06-12 11:34:00,73.2
2025-06-12 23:22:00,50.04954009433962
2025-06-12 19:54:00,50.04954009433962
2025-06-12 08:02:00,64.4
2025-06-12 08:04:00,34.9
2025-06-12 05:20:00,86.0
2025-06-12 17:09:00,50.04954009433962
2025-06-12 09:07:00,19.5
2025-06-12 06:17:00,33.9
2025-06-12 00:15:00,57.7
2025-06-12 21:13:00,8.4
2025-06-12 12:20:00,85.6
2025-06-12 00:14:00,50.04954009433962
2025-06-12 21:19:00,58.4
2025-06-12 17:45:00,50.04954009433962
2025-06-12 21:48:00,31.0
2025-06-12 06:55:00,59.8
2025-06-12 05:28:00,54.9
2025-06-12 06:51:00,57.6
2025-06-12 12:49:00,9.8
2025-06-12 22:57:00,91.0
2025-06-12 07:02:00,65.7
2025-06-12 21:06:00,50.04954009433962
2025-06-12 07:26:00,7.1
2025-06-12 14:37:00,42.6
2025-06-12 09:02:00,84.9
2025-06-12 18:45:00,41.3
2025-06-12 11:54:00,36.1
2025-06-12 10:20:00,77.8
2025-06-12 07:59:00,20.1
2025-06-12 14:42:00,76.4
2025-06-12 07:06:00,34.4
2025-06-12 02:53:00,30.8
2025-06-12 15:07:00,97.5
2025-06-12 04:00:00,82.2
2025-06-12 03:25:00,41.4
2025-06-12 17:48:00,62.5
2025-06-12 09:29:00,83.0
2025-06-12 14:36:00,59.0
2025-06-12 20:09:00,46.4
2025-06-12 22:47:00,18.5
2025-06-12 10:13:00,85.3
2025-06-12 00:53:00,74.8
2025-06-12 18:59:00,42.8
2025-06-12 23:44:00,50.04954009433962
2025-06-12 14:27:00,34.9
2025-06-12 15:24:00,61.7
2025-06-12 15:47:00,50.04954009433962
2025-06-12 16:15:00,61.9
2025-06-12 07:27:00,50.04954009433962
2025-06-12 06:18:00,5.2
2025-06-12 19:41:00,2.4
2025-06-12 07:20:00,30.6
2025-06-12 16:48:00,95.2
2025-06-12 09:28:00,26.9
2025-06-12 05:47:00,50.04954009433962
2025-06-12 13:41:00,2.2
2025-06-12 21:47:00,11.8
2025-06-12 14:23:00,21.3
2025-06-12 06:05:00,32.6
2025-06-12 19:57:00,51.6
2025-06-12 21:51:00,50.04954009433962
2025-06-12 09:05:00,11.0
2025-06-12 08:50:00,50.04954009433962
2025-06-12 02:12:00,39.7
2025-06-12 19:55:00,57.0
2025-06-12 20:58:00,27.4
2025-06-12 19:39:00,26.6
2025-06-12 15:14:00,50.04954009433962
2025-06-12 21:51:00,32.2
2025-06-12 10:02:00,31.8
2025-06-12 05:20:00,7.9
2025-06-12 20:16:00,77.4
2025-06-12 06:39:00,31.1
2025-06-12 02:03:00,18.4
2025-06-12 21:29:00,47.8
2025-06-12 21:37:00,2.1
2025-06-12 03:34:00,28.2
2025-06-12 19:51:00,8.2
2025-06-12 18:29:00,50.04954009433962
2025-06-12 14:30:00,67.7
2025-06-12 03:09:00,20.1
2025-06-12 20:34:00,16.2
2025-06-12 13:42:00,50.04954009433962
2025-06-12 04:22:00,60.6
2025-06-12 03:37:00,54.5
2025-06-12 20:43:00,0.6
2025-06-12 23:42:00,77.6
2025-06-12 19:29:00,50.04954009433962
2025-06-12 00:00:00,26.5
2025-06-12 17:40:00,31.6
2025-06-12 13:35:00,88.8
2025-06-12 20:33:00,17.7
2025-06-12 08:42:00,55.6
2025-06-12 15:36:00,65.8
2025-06-12 16:17:00,73.7
2025-06-12 02:28:00,35.8
2025-06-12 15:53:00,25.5
2025-06-12 00:52:00,23.6
2025-06-12 21:28:00,50.04954009433962
2025-06-12 00:21:00,48.8
2025-06-12 18:15:00,77.7
2025-06-12 08:59:00,78.4
2025-06-12 20:11:00,92.2
2025-06-12 22:15:00,26.9
2025-06-12 01:26:00,85.2
2025-06-12 02:43:00,61.3
2025-06-12 19:58:00,32.9
2025-06-12 19:52:00,6.6
2025-06-12 20:14:00,1.5
2025-06-12 18:40:00,76.0
2025-06-12 01:44:00,7.7
2025-06-12 09:13:00,50.04954009433962
2025-06-12 02:08:00,27.8
2025-06-12 09:48:00,27.2
2025-06-12 20:41:00,4.9
2025-06-12 19:43:00,50.04954009433962
2025-06-12 14:17:00,36.2
2025-06-12 20:20:00,50.04954009433962
2025-06-12 09:02:00,73.9
2025-06-12 04:17:00,4.4
2025-06-12 16:03:00,77.4
2025-06-12 01:18:00,50.06682414078186
2025-06-12 10:44:00,93.5
2025-06-12 10:01:00,20.7
2025-06-12 03:10:00,90.9
2025-06-12 06:40:00,46.4
2025-06-12 21:08:00,68.0
2025-06-12 03:50:00,9.8
2025-06-12 11:39:00,41.7
2025-06-12 02:01:00,50.06682414078186
2025-06-12 07:32:00,72.5
2025-06-12 21:02:00,82.0
2025-06-12 21:29:00,29.5
2025-06-12 07:59:00,61.1
2025-06-12 13:14:00,95.4
2025-06-12 00:30:00,91.8
2025-06-12 15:36:00,50.06682414078186
2025-06-12 02:49:00,50.06682414078186
2025-06-12 02:15:00,12.3
2025-06-12 05:33:00,62.3
2025-06-12 08:36:00,13.4
2025-06-12 19:30:00,22.7
2025-06-12 08:10:00,79.4
2025-06-12 19:32:00,36.6
2025-06-12 22:28:00,66.8
2025-06-12 12:37:00,25.1
2025-06-12 05:14:00,3.4
2025-06-12 14:45:00,50.06682414078186
2025-06-12 11:33:00,87.2
2025-06-12 15:31:00,76.2
2025-06-12 18:02:00,80.2
2025-06-12 04:15:00,35.9
2025-06-12 20:12:00,50.06682414078186
2025-06-12 00:00:00,15.8
2025-06-12 20:37:00,12.0
2025-06-12 04:34:00,94.6
2025-06-12 07:08:00,70.5
2025-06-12 05:51:00,33.0
2025-06-12 08:04:00,80.7
2025-06-12 11:31:00,10.2
2025-06-12 05:53:00,84.7
2025-06-12 07:25:00,40.0
2025-06-12 21:43:00,89.6
2025-06-12 16:00:00,51.9
2025-06-12 01:27:00,64.0
2025-06-12 22:31:00,16.2
2025-06-12 13:15:00,25.7
2025-06-12 14:25:00,82.4
2025-06-12 22:41:00,50.06682414078186
2025-06-12 03:08:00,40.0
2025-06-12 11:34:00,22.4
2025-06-12 06:35:00,62.9
2025-06-12 00:47:00,50.6
2025-06-12 19:58:00,92.1
2025-06-12 14:28:00,68.6
2025-06-12 13:42:00,52.8
2025-06-12 07:15:00,7.5
2025-06-12 19:24:00,82.0
2025-06-12 04:14:00,7.3
2025-06-12 20:08:00,19.9
2025-06-12 19:14:00,48.1
2025-06-12 22:41:00,28.5
2025-06-12 18:52:00,15.6
2025-06-12 02:14:00,95.6
2025-06-12 15:55:00,92.8
2025-06-12 16:39:00,50.06682414078186
2025-06-12 00:01:00,50.06682414078186
2025-06-12 01:06:00,52.7
2025-06-12 03:54:00,38.2
2025-06-12 16:28:00,50.06682414078186
2025-06-12 17:02:00,90.1
2025-06-12 01:51:00,75.5
2025-06-12 13:17:00,39.3
2025-06-12 10:47:00,50.06682414078186
2025-06-12 00:36:00,50.06682414078186
2025-06-12 12:22:00,69.8
2025-06-12 02:58:00,70.2
2025-06-12 01:31:00,19.9
2025-06-12 00:04:00,52.2
2025-06-12 21:07:00,27.8
2025-06-12 09:43:00,79.1
2025-06-12 03:10:00,50.06682414078186
2025-06-12 22:26:00,71.5
2025-06-12 14:09:00,4.0
2025-06-12 20:12:00,93.6
2025-06-12 20:35:00,41.4
2025-06-12 20:26:00,50.06682414078186
2025-06-12 06:45:00,7.2
2025-06-12 05:36:00,18.6
2025-06-12 20:54:00,64.1
2025-06-12 18:55:00,50.2
2025-06-12 00:39:00,15.0
2025-06-12 04:09:00,89.9
2025-06-12 13:56:00,69.5
2025-06-12 12:22:00,44.0
2025-06-12 13:58:00,95.0
2025-06-12 05:42:00,1.2
2025-06-12 13:53:00,46.3
2025-06-12 16:16:00,50.06682414078186
2025-06-12 15:16:00,97.5
2025-06-12 09:38:00,70.5
2025-06-12 10:13:00,10.7
2025-06-12 15:04:00,22.3
2025-06-12 14:17:00,97.4
2025-06-12 08:09:00,70.9
2025-06-12 09:32:00,50.06682414078186
2025-06-12 13:26:00,98.9
2025-06-12 12:50:00,9.8
2025-06-12 04:10:00,22.4
2025-06-12 06:26:00,26.7
2025-06-12 13:32:00,77.9
2025-06-12 00:38:00,1.9
2025-06-12 06:35:00,2.2
2025-06-12 06:18:00,50.06682414078186
2025-06-12 11:30:00,14.1
2025-06-12 19:35:00,47.7
2025-06-12 08:27:00,87.0
2025-06-12 23:30:00,12.9
2025-06-12 07:13:00,7.0
2025-06-12 07:32:00,82.3
2025-06-12 19:17:00,12.1
2025-06-12 03:58:00,64.3
2025-06-12 06:41:00,50.06682414078186
2025-06-12 10:19:00,74.1
2025-06-12 19:47:00,43.5
2025-06-12 11:36:00,47.9
2025-06-12 14:47:00,92.5
2025-06-12 12:22:00,22.6
2025-06-12 11:56:00,80.3
2025-06-12 10:36:00,67.8
2025-06-12 06:33:00,99.1
2025-06-12 16:25:00,10.9
2025-06-12 09:57:00,40.2
2025-06-12 08:20:00,99.3
2025-06-12 01:05:00,19.1
2025-06-12 19:14:00,26.5
2025-06-12 06:15:00,24.9
2025-06-12 16:57:00,31.4
2025-06-12 20:39:00,57.7
2025-06-12 14:44:00,84.5
2025-06-12 07:34:00,50.06682414078186
2025-06-12 02:33:00,76.8
2025-06-12 06:47:00,80.4
2025-06-12 23:49:00,57.5
2025-06-12 22:57:00,50.06682414078186
2025-06-12 22:46:00,39.8
2025-06-12 07:01:00,35.1
2025-06-12 00:24:00,17.8
2025-06-12 12:29:00,63.7
2025-06-12 03:03:00,46.6
2025-06-12 06:29:00,47.9
2025-06-12 10:16:00,22.9
2025-06-12 11:53:00,30.7
2025-06-12 17:03:00,29.8
2025-06-12 06:25:00,88.6
2025-06-12 16:10:00,21.2
2025-06-12 22:55:00,2.5
2025-06-12 07:14:00,43.3
2025-06-12 18:04:00,50.06682414078186
2025-06-12 13:32:00,28.4
2025-06-12 00:31:00,50.06682414078186
2025-06-12 06:32:00,96.3
2025-06-12 00:49:00,50.3
2025-06-12 15:59:00,50.06682414078186
2025-06-12 10:13:00,49.7
2025-06-12 22:06:00,10.5
2025-06-12 13:50:00,30.9
2025-06-12 07:14:00,85.4
2025-06-12 22:57:00,19.0
2025-06-12 04:44:00,6.4
2025-06-12 05:31:00,87.1
2025-06-12 08:58:00,9.9
2025-06-12 03:36:00,70.9
2025-06-12 00:39:00,16.5
2025-06-12 10:42:00,19.6
2025-06-12 09:38:00,50.06682414078186
2025-06-12 17:39:00,96.0
2025-06-12 02:56:00,89.2
2025-06-12 02:10:00,92.6
2025-06-12 17:58:00,14.1
2025-06-12 19:12:00,35.1
2025-06-12 05:53:00,43.0
2025-06-12 03:38:00,60.8
2025-06-12 08:07:00,52.7
2025-06-12 10:13:00,3.6
2025-06-12 13:31:00,78.4
2025-06-12 01:12:00,50.06682414078186
2025-06-12 05:46:00,50.06682414078186
2025-06-12 19:41:00,88.2
2025-06-12 02:40:00,64.7
2025-06-12 01:36:00,30.1
2025-06-12 12:00:00,80.3
2025-06-12 15:44:00,38.8
2025-06-12 03:42:00,28.7
2025-06-12 16:32:00,54.9
2025-06-12 01:46:00,79.1
2025-06-12 18:22:00,5.3
2025-06-12 08:27:00,78.6
2025-06-12 13:30:00,50.06682414078186
2025-06-12 00:35:00,9.2
2025-06-12 00:08:00,64.2
2025-06-12 11:36:00,11.5
2025-06-12 18:14:00,87.3
2025-06-12 01:24:00,39.0
2025-06-12 21:56:00,21.4
2025-06-12 16:59:00,5.0
2025-06-12 20:15:00,6.0
2025-06-12 03:45:00,86.8
2025-06-12 05:32:00,82.9
2025-06-12 11:14:00,27.1
2025-06-12 07:18:00,72.1
2025-06-12 18:46:00,41.7
2025-06-12 23:03:00,47.5
2025-06-12 22:31:00,29.7
2025-06-12 22:18:00,11.9
2025-06-12 12:18:00,50.0
2025-06-12 13:24:00,48.6
2025-06-12 10:39:00,32.4
2025-06-12 06:17:00,71.4
2025-06-12 18:12:00,60.5
2025-06-12 05:10:00,41.8
2025-06-12 00:16:00,4.4
2025-06-12 21:11:00,79.9
2025-06-12 06:08:00,38.7
2025-06-12 00:23:00,93.2
2025-06-12 22:37:00,5.3
2025-06-12 13:29:00,98.2
2025-06-12 15:09:00,92.0
2025-06-12 07:56:00,93.2
2025-06-12 17:45:00,52.9
2025-06-12 10:34:00,65.7
2025-06-12 13:50:00,54.8
2025-06-12 08:45:00,68.9
2025-06-12 20:44:00,14.3
2025-06-12 18:55:00,96.3
2025-06-12 16:54:00,50.06682414078186
2025-06-12 22:47:00,31.8
2025-06-12 09:46:00,50.06682414078186
2025-06-12 04:38:00,84.9
2025-06-12 11:06:00,71.0
2025-06-12 12:32:00,50.06682414078186
2025-06-12 04:44:00,48.2
2025-06-12 16:42:00,78.7
2025-06-12 02:37:00,8.1
2025-06-12 03:21:00,50.06682414078186
2025-06-12 22:46:00,72.3
2025-06-12 01:13:00,58.0
2025-06-12 03:18:00,41.1
2025-06-12 03:29:00,50.06682414078186
2025-06-12 16:45:00,30.3
2025-06-12 05:14:00,50.06682414078186
2025-06-12 00:55:00,29.8
2025-06-12 02:17:00,47.9
2025-06-12 15:30:00,41.1
2025-06-12 15:22:00,50.06682414078186
2025-06-12 13:26:00,56.0
2025-06-12 03:26:00,98.4
2025-06-12 23:29:00,64.6
2025-06-12 19:59:00,50.06682414078186
2025-06-12 09:20:00,77.4
2025-06-12 11:41:00,50.06682414078186
2025-06-12 21:57:00,71.5
2025-06-12 17:17:00,71.9
2025-06-12 11:36:00,17.8
2025-06-12 09:32:00,54.2
2025-06-12 03:50:00,64.5
2025-06-12 10:44:00,34.6
2025-06-12 07:06:00,28.9
2025-06-12 06:20:00,59.4
2025-06-12 15:22:00,50.06682414078186
2025-06-12 14:37:00,50.06682414078186
2025-06-12 08:13:00,21.4
2025-06-12 23:27:00,52.3
2025-06-12 04:47:00,55.9
2025-06-12 00:59:00,92.5
2025-06-12 22:54:00,13.8
2025-06-12 12:35:00,98.9
2025-06-12 21:05:00,50.06682414078186
2025-06-12 10:44:00,8.0
2025-06-12 03:02:00,11.7
2025-06-12 18:27:00,40.1
2025-06-12 18:33:00,56.6
2025-06-12 14:18:00,50.06682414078186
2025-06-12 08:47:00,42.7
2025-06-12 06:51:00,17.1
2025-06-12 15:40:00,81.0
2025-06-12 12:48:00,40.2
2025-06-12 00:46:00,21.1
2025-06-12 04:41:00,90.1
2025-06-12 05:53:00,69.6
2025-06-12 04:48:00,78.9
2025-06-12 03:04:00,60.0
2025-06-12 20:01:00,54.6
2025-06-12 22:05:00,43.9
2025-06-12 05:04:00,4.4
2025-06-12 02:02:00,42.9
2025-06-12 11:35:00,51.6
2025-06-12 08:21:00,32.3
2025-06-12 04:13:00,81.7
2025-06-12 23:41:00,14.0
2025-06-12 18:56:00,72.1
2025-06-12 08:11:00,13.5
2025-06-12 15:54:00,64.7
2025-06-12 14:14:00,52.8
2025-06-12 07:34:00,92.4
2025-06-12 18:40:00,90.8
2025-06-12 21:40:00,76.2
2025-06-12 07:40:00,27.3
2025-06-12 09:25:00,99.6
2025-06-12 00:43:00,95.1
2025-06-12 19:52:00,50.06682414078186
2025-06-12 23:42:00,26.8
2025-06-12 20:20:00,20.0
2025-06-12 09:58:00,4.2
2025-06-12 10:43:00,63.8
2025-06-12 07:06:00,22.2
2025-06-12 03:52:00,55.9
2025-06-12 11:02:00,53.7
2025-06-12 15:55:00,40.7
2025-06-12 00:41:00,40.7
2025-06-12 01:17:00,49.6
2025-06-12 06:43:00,30.2
2025-06-12 09:26:00,1.7
2025-06-12 16:19:00,50.06682414078186
2025-06-12 18:54:00,17.8
2025-06-12 06:31:00,92.7
2025-06-12 21:54:00,85.2
2025-06-12 04:04:00,54.2
2025-06-12 04:09:00,35.0
2025-06-12 07:50:00,23.4
2025-06-12 14:53:00,16.9
2025-06-12 20:30:00,69.2
2025-06-12 03:20:00,49.378098152289034
2025-06-12 15:04:00,39.7
2025-06-12 18:04:00,94.1
2025-06-12 20:58:00,39.6
2025-06-12 12:59:00,45.6
2025-06-12 06:58:00,49.378098152289034
2025-06-12 02:53:00,37.0
2025-06-12 04:42:00,49.378098152289034
2025-06-12 14:16:00,35.5
2025-06-12 10:29:00,49.378098152289034
2025-06-12 01:10:00,41.1
2025-06-12 20:37:00,31.6
2025-06-12 06:11:00,4.2
2025-06-12 21:32:00,39.7
2025-06-12 03:28:00,49.378098152289034
2025-06-12 15:14:00,49.378098152289034
2025-06-12 19:29:00,88.0
2025-06-12 02:59:00,4.3
2025-06-12 15:09:00,49.378098152289034
2025-06-12 20:12:00,81.5
2025-06-12 08:58:00,74.0
2025-06-12 23:24:00,36.6
2025-06-12 23:16:00,49.378098152289034
2025-06-12 20:06:00,46.4
2025-06-12 19:22:00,7.9
2025-06-12 17:20:00,83.8
2025-06-12 05:24:00,38.0
2025-06-12 08:16:00,82.7
2025-06-12 15:18:00,7.0
2025-06-12 09:23:00,21.9
2025-06-12 03:01:00,17.2
2025-06-12 19:00:00,49.378098152289034
2025-06-12 06:27:00,98.9
2025-06-12 02:53:00,95.7
2025-06-12 17:30:00,49.378098152289034
2025-06-12 05:08:00,76.9
2025-06-12 18:13:00,75.0
2025-06-12 04:11:00,49.378098152289034
2025-06-12 11:29:00,18.1
2025-06-12 15:47:00,49.378098152289034
2025-06-12 22:21:00,49.378098152289034
2025-06-12 21:19:00,13.5
2025-06-12 18:54:00,49.378098152289034
2025-06-12 06:19:00,49.378098152289034
2025-06-12 20:29:00,41.3
2025-06-12 03:29:00,53.3
2025-06-12 17:45:00,15.7
2025-06-12 15:22:00,47.6
2025-06-12 03:40:00,23.7
2025-06-12 05:52:00,91.0
2025-06-12 23:52:00,49.378098152289034
2025-06-12 22:16:00,48.7
2025-06-12 08:44:00,74.6
2025-06-12 08:09:00,42.4
2025-06-12 13:03:00,49.378098152289034
2025-06-12 18:23:00,83.3
2025-06-12 22:22:00,49.378098152289034
2025-06-12 20:55:00,49.378098152289034
2025-06-12 18:05:00,18.0
2025-06-12 03:39:00,3.7
2025-06-12 04:15:00,95.9
2025-06-12 08:54:00,43.2
2025-06-12 09:48:00,64.9
2025-06-12 11:35:00,52.2
2025-06-12 07:35:00,79.2
2025-06-12 03:32:00,2.7
2025-06-12 09:18:00,49.378098152289034
2025-06-12 18:40:00,49.378098152289034
2025-06-12 17:03:00,49.378098152289034
2025-06-12 07:36:00,7.4
2025-06-12 04:03:00,81.7
2025-06-12 22:47:00,49.378098152289034
2025-06-12 21:15:00,49.378098152289034
2025-06-12 09:28:00,67.3
2025-06-12 21:24:00,95.8
2025-06-12 00:08:00,62.2
2025-06-12 12:41:00,56.5
2025-06-12 18:59:00,43.8
2025-06-12 01:46:00,62.6
2025-06-12 08:11:00,53.4
2025-06-12 11:26:00,55.8
2025-06-12 10:33:00,33.6
2025-06-12 14:06:00,62.3
2025-06-12 15:31:00,1.1
2025-06-12 14:40:00,45.3
2025-06-12 07:31:00,75.4
2025-06-12 00:20:00,97.3
2025-06-12 03:46:00,85.3
2025-06-12 21:58:00,49.378098152289034
2025-06-12 23:34:00,84.5
2025-06-12 05:15:00,49.378098152289034
2025-06-12 13:53:00,49.378098152289034
2025-06-12 08:51:00,57.7
2025-06-12 04:18:00,49.378098152289034
2025-06-12 16:56:00,49.378098152289034
2025-06-12 21:06:00,68.3
2025-06-12 11:02:00,83.3
2025-06-12 17:59:00,36.4
2025-06-12 23:04:00,8.9
2025-06-12 06:04:00,65.7
2025-06-12 13:49:00,49.378098152289034
2025-06-12 21:09:00,21.1
2025-06-12 21:26:00,62.3
2025-06-12 06:01:00,49.378098152289034
2025-06-12 08:04:00,52.0
2025-06-12 08:36:00,83.4
2025-06-12 05:22:00,22.1
2025-06-12 07:40:00,49.378098152289034
2025-06-12 14:17:00,99.9
2025-06-12 09:59:00,61.9
2025-06-12 03:13:00,38.2
2025-06-12 09:31:00,9.3
2025-06-12 00:24:00,82.5
2025-06-12 04:02:00,75.8
2025-06-12 13:56:00,81.9
2025-06-12 14:13:00,30.7
2025-06-12 19:19:00,17.1
2025-06-12 16:28:00,51.4
2025-06-12 08:34:00,78.3
2025-06-12 05:22:00,37.4
2025-06-12 22:05:00,26.7
2025-06-12 20:08:00,59.8
2025-06-12 14:27:00,75.4
2025-06-12 09:51:00,43.6
2025-06-12 14:52:00,71.3
2025-06-12 20:03:00,49.378098152289034
2025-06-12 23:30:00,71.1
2025-06-12 13:14:00,54.8
2025-06-12 23:04:00,20.8
2025-06-12 00:22:00,23.9
2025-06-12 20:53:00,41.2
2025-06-12 10:43:00,49.378098152289034
2025-06-12 03:39:00,80.2
2025-06-12 22:46:00,18.5
2025-06-12 15:56:00,49.378098152289034
2025-06-12 05:09:00,56.6
2025-06-12 11:36:00,22.3
2025-06-12 23:36:00,37.5
2025-06-12 18:33:00,65.2
2025-06-12 18:35:00,49.378098152289034
2025-06-12 18:04:00,44.0
2025-06-12 22:52:00,90.3
2025-06-12 16:58:00,79.3
2025-06-12 23:27:00,5.1
2025-06-12 14:26:00,68.3
2025-06-12 14:43:00,71.9
2025-06-12 02:49:00,60.0
2025-06-12 00:48:00,83.5
2025-06-12 23:22:00,48.0
2025-06-12 06:21:00,93.8
2025-06-12 10:57:00,45.0
2025-06-12 00:57:00,93.3
2025-06-12 16:21:00,29.0
2025-06-12 11:05:00,41.5
2025-06-12 10:22:00,38.4
2025-06-12 03:30:00,76.6
2025-06-12 15:25:00,74.8
2025-06-12 16:55:00,63.8
2025-06-12 11:24:00,45.2
2025-06-12 07:59:00,49.378098152289034
2025-06-12 07:40:00,43.8
2025-06-12 15:16:00,55.1
2025-06-12 17:56:00,38.2
2025-06-12 14:45:00,82.5
2025-06-12 16:49:00,49.378098152289034
2025-06-12 08:33:00,58.4
2025-06-12 05:34:00,37.9
2025-06-12 04:50:00,53.2
2025-06-12 15:37:00,49.378098152289034
2025-06-12 09:08:00,94.7
2025-06-12 12:06:00,22.3
2025-06-12 05:58:00,23.5
2025-06-12 09:11:00,16.2
2025-06-12 11:34:00,28.6
2025-06-12 04:47:00,43.4
2025-06-12 06:39:00,15.1
2025-06-12 01:14:00,21.9
2025-06-12 03:21:00,33.4
2025-06-12 03:05:00,16.3
2025-06-12 02:18:00,49.8
2025-06-12 10:31:00,79.5
2025-06-12 14:44:00,59.9
2025-06-12 21:35:00,49.378098152289034
2025-06-12 21:29:00,87.3
2025-06-12 18:33:00,59.6
2025-06-12 21:21:00,46.8
2025-06-12 19:37:00,22.6
2025-06-12 20:34:00,0.8
2025-06-12 07:47:00,37.3
2025-06-12 02:56:00,18.6
2025-06-12 05:43:00,60.7
2025-06-12 13:13:00,49.378098152289034
2025-06-12 16:59:00,89.9
2025-06-12 01:30:00,49.378098152289034
2025-06-12 14:49:00,6.3
2025-06-12 15:07:00,19.0
2025-06-12 12:59:00,33.4
2025-06-12 11:22:00,49.378098152289034
2025-06-12 02:29:00,49.378098152289034
2025-06-12 02:00:00,26.6
2025-06-12 19:10:00,0.0
2025-06-12 21:03:00,49.378098152289034
2025-06-12 03:20:00,60.0
2025-06-12 23:21:00,3.2
2025-06-12 07:55:00,39.3
2025-06-12 07:11:00,22.8
2025-06-12 05:48:00,49.378098152289034
2025-06-12 11:41:00,73.7
2025-06-12 12:27:00,19.5
2025-06-12 01:48:00,29.3
2025-06-12 12:35:00,85.5
2025-06-12 10:03:00,57.7
2025-06-12 04:19:00,48.2
2025-06-12 21:23:00,64.1
2025-06-12 07:43:00,32.9
2025-06-12 09:48:00,63.5
2025-06-12 04:47:00,79.6
2025-06-12 00:19:00,29.3
2025-06-12 13:34:00,76.6
2025-06-12 11:11:00,23.9
2025-06-12 06:05:00,63.4
2025-06-12 18:30:00,31.4
2025-06-12 17:23:00,93.2
2025-06-12 03:02:00,54.8
2025-06-12 22:42:00,1.3
2025-06-12 21:07:00,30.8
2025-06-12 01:15:00,40.2
2025-06-12 23:05:00,55.5
2025-06-12 22:32:00,94.6
2025-06-12 17:50:00,23.7
2025-06-12 16:09:00,29.7
2025-06-12 21:08:00,58.3
2025-06-12 02:24:00,55.0
2025-06-12 08:00:00,6.1
2025-06-12 22:05:00,35.8
2025-06-12 02:49:00,55.9
2025-06-12 22:08:00,2.4
2025-06-12 23:46:00,12.3
2025-06-12 12:57:00,22.4
2025-06-12 03:11:00,13.9
2025-06-12 16:38:00,49.378098152289034
2025-06-12 00:11:00,88.2
2025-06-12 00:00:00,58.2
2025-06-12 15:30:00,18.2
2025-06-12 02:05:00,66.9
2025-06-12 23:07:00,94.2
2025-06-12 19:11:00,51.0
2025-06-12 01:11:00,2.4
2025-06-12 11:07:00,83.1
2025-06-12 18:27:00,55.2
2025-06-12 00:40:00,46.5
2025-06-12 00:10:00,29.5
2025-06-12 11:47:00,4.8
2025-06-12 01:17:00,49.378098152289034
2025-06-12 04:13:00,68.7
2025-06-12 03:08:00,71.7
2025-06-12 12:17:00,95.7
2025-06-12 21:19:00,63.0
2025-06-12 16:05:00,34.8
2025-06-12 02:34:00,63.7
2025-06-12 18:27:00,78.5
2025-06-12 00:02:00,96.2
2025-06-12 01:59:00,49.378098152289034
2025-06-12 06:28:00,7.0
2025-06-12 15:29:00,73.8
2025-06-12 14:28:00,75.0
2025-06-12 11:16:00,93.6
2025-06-12 16:42:00,31.0
2025-06-12 02:31:00,83.3
2025-06-12 07:18:00,68.0
2025-06-12 09:30:00,10.5
2025-06-12 06:08:00,49.378098152289034
2025-06-12 20:28:00,91.7
2025-06-12 05:17:00,21.6
2025-06-12 03:59:00,32.7
2025-06-12 22:10:00,24.0
2025-06-12 15:37:00,49.378098152289034
2025-06-12 14:15:00,16.4
2025-06-12 23:58:00,28.6
2025-06-12 14:24:00,1.9
2025-06-12 01:09:00,11.9
2025-06-12 16:58:00,82.8
2025-06-12 11:15:00,49.378098152289034
2025-06-12 08:50:00,24.1
2025-06-12 13:51:00,75.9
2025-06-12 09:12:00,88.1
2025-06-12 21:28:00,35.8
2025-06-12 19:30:00,86.2
2025-06-12 09:09:00,40.9
2025-06-12 01:56:00,87.4
2025-06-12 13:25:00,11.2
2025-06-12 19:59:00,49.378098152289034
2025-06-12 20:42:00,45.5
2025-06-12 11:21:00,13.1
2025-06-12 08:10:00,49.378098152289034
2025-06-12 09:19:00,49.378098152289034
2025-06-12 19:44:00,71.3
2025-06-12 17:01:00,49.378098152289034
2025-06-12 09:03:00,51.7
2025-06-12 04:28:00,9.6
2025-06-12 21:22:00,99.5
2025-06-12 14:14:00,96.8
2025-06-12 09:23:00,66.4
2025-06-12 17:24:00,60.2
2025-06-12 07:33:00,23.0
2025-06-12 03:57:00,98.3
2025-06-12 12:53:00,49.378098152289034
2025-06-12 00:38:00,99.3
2025-06-12 16:14:00,49.378098152289034
2025-06-12 18:34:00,75.7
2025-06-12 04:02:00,62.7
2025-06-12 02:16:00,17.6
2025-06-12 11:43:00,31.0
2025-06-12 20:30:00,57.6
2025-06-12 22:48:00,1.8
2025-06-12 19:23:00,47.1
2025-06-12 15:57:00,49.378098152289034
2025-06-12 16:06:00,16.4
2025-06-12 02:03:00,69.0
2025-06-12 06:25:00,88.7
2025-06-12 11:07:00,18.7
2025-06-12 14:16:00,78.4
2025-06-12 07:42:00,84.7
2025-06-12 05:23:00,11.3
2025-06-12 07:20:00,15.2
2025-06-12 10:27:00,9.8
2025-06-12 15:38:00,95.9
2025-06-12 11:56:00,98.8
2025-06-12 08:00:00,49.86672560113154
2025-06-12 08:51:00,37.7
2025-06-12 01:31:00,11.9
2025-06-12 16:07:00,9.5
2025-06-12 17:33:00,95.0
2025-06-12 23:37:00,25.5
2025-06-12 17:46:00,6.6
2025-06-12 22:54:00,69.0
2025-06-12 19:03:00,35.5
2025-06-12 23:39:00,97.0
2025-06-12 19:03:00,3.6
2025-06-12 00:31:00,49.86672560113154
2025-06-12 00:30:00,57.9
2025-06-12 05:21:00,37.0
2025-06-12 06:25:00,99.7
2025-06-12 23:59:00,83.1
2025-06-12 11:39:00,49.86672560113154
2025-06-12 07:56:00,17.2
2025-06-12 20:19:00,61.5
2025-06-12 16:58:00,11.5
2025-06-12 14:52:00,69.8
2025-06-12 01:23:00,49.86672560113154
2025-06-12 09:51:00,35.6
2025-06-12 13:31:00,49.86672560113154
2025-06-12 17:13:00,79.3
2025-06-12 08:07:00,90.2
2025-06-12 04:21:00,26.4
2025-06-12 07:18:00,22.6
2025-06-12 16:35:00,95.3
2025-06-12 01:46:00,97.3
2025-06-12 12:51:00,49.86672560113154
2025-06-12 23:12:00,49.86672560113154
2025-06-12 07:11:00,2.8
2025-06-12 08:59:00,53.6
2025-06-12 19:07:00,26.9
2025-06-12 07:22:00,35.7
2025-06-12 02:15:00,60.1
2025-06-12 04:52:00,17.3
2025-06-12 14:16:00,49.86672560113154
2025-06-12 08:57:00,71.5
2025-06-12 06:27:00,15.4
2025-06-12 18:23:00,82.0
2025-06-12 05:05:00,7.0
2025-06-12 22:44:00,31.4
2025-06-12 17:05:00,61.5
2025-06-12 23:26:00,90.5
2025-06-12 13:01:00,88.8
2025-06-12 12:07:00,77.9
2025-06-12 09:23:00,49.86672560113154
2025-06-12 22:35:00,95.9
2025-06-12 18:36:00,49.86672560113154
2025-06-12 16:44:00,67.3
2025-06-12 14:16:00,97.1
2025-06-12 18:17:00,49.86672560113154
2025-06-12 14:35:00,3.5
2025-06-12 04:45:00,45.8
2025-06-12 01:58:00,56.5
2025-06-12 06:48:00,49.86672560113154
2025-06-12 20:59:00,15.5
2025-06-12 03:28:00,84.7
2025-06-12 20:02:00,49.86672560113154
2025-06-12 12:32:00,53.5
2025-06-12 11:28:00,49.86672560113154
2025-06-12 00:26:00,62.3
2025-06-12 01:26:00,9.8
2025-06-12 19:41:00,21.2
2025-06-12 22:00:00,82.2
2025-06-12 20:23:00,49.86672560113154
2025-06-12 21:46:00,49.86672560113154
2025-06-12 05:12:00,49.86672560113154
2025-06-12 04:44:00,63.0
2025-06-12 05:36:00,41.6
2025-06-12 11:03:00,33.2
2025-06-12 17:29:00,97.7
2025-06-12 07:00:00,49.86672560113154
2025-06-12 12:52:00,47.5
2025-06-12 20:16:00,41.8
2025-06-12 05:12:00,49.86672560113154
2025-06-12 06:10:00,54.7
2025-06-12 02:13:00,49.86672560113154
2025-06-12 17:31:00,13.1
2025-06-12 21:37:00,10.9
2025-06-12 16:32:00,46.1
2025-06-12 06:16:00,68.8
2025-06-12 04:50:00,34.6
2025-06-12 22:13:00,86.4
2025-06-12 02:36:00,70.3
2025-06-12 08:00:00,30.4
2025-06-12 13:41:00,8.7
2025-06-12 19:54:00,63.5
2025-06-12 08:06:00,57.9
2025-06-12 04:35:00,15.7
2025-06-12 15:06:00,49.86672560113154
2025-06-12 17:07:00,13.3
2025-06-12 17:20:00,49.86672560113154
2025-06-12 09:49:00,2.7
2025-06-12 05:08:00,58.3
2025-06-12 18:26:00,11.8
2025-06-12 19:11:00,49.86672560113154
2025-06-12 08:46:00,97.1
2025-06-12 23:11:00,49.86672560113154
2025-06-12 16:16:00,38.5
2025-06-12 18:09:00,50.6
2025-06-12 09:41:00,37.3
2025-06-12 16:32:00,54.7
2025-06-12 10:28:00,49.86672560113154
2025-06-12 21:19:00,9.3
2025-06-12 15:42:00,2.9
2025-06-12 04:18:00,4.4
2025-06-12 23:41:00,17.2
2025-06-12 00:32:00,36.8
2025-06-12 11:14:00,6.7
2025-06-12 16:01:00,57.0
2025-06-12 08:43:00,10.5
2025-06-12 01:04:00,0.9
2025-06-12 13:09:00,12.4
2025-06-12 00:51:00,14.9
2025-06-12 03:01:00,61.2
2025-06-12 13:26:00,52.0
2025-06-12 19:04:00,15.3
2025-06-12 18:46:00,45.0
2025-06-12 05:13:00,51.4
2025-06-12 23:58:00,50.8
2025-06-12 17:57:00,77.4
2025-06-12 07:30:00,49.86672560113154
2025-06-12 20:18:00,49.86672560113154
2025-06-12 16:09:00,14.2
2025-06-12 13:15:00,81.5
2025-06-12 11:06:00,77.6
2025-06-12 22:25:00,88.5
2025-06-12 11:13:00,47.7
2025-06-12 18:11:00,18.0
2025-06-12 23:22:00,88.3
2025-06-12 00:18:00,98.4
2025-06-12 12:44:00,83.8
2025-06-12 10:13:00,20.3
2025-06-12 17:06:00,25.0
2025-06-12 21:29:00,40.4
2025-06-12 04:05:00,3.9
2025-06-12 21:15:00,81.5
2025-06-12 07:21:00,61.3
2025-06-12 19:51:00,49.86672560113154
2025-06-12 11:42:00,98.6
2025-06-12 02:38:00,57.8
2025-06-12 18:45:00,18.7
2025-06-12 03:56:00,49.4
2025-06-12 23:25:00,99.4
2025-06-12 03:44:00,28.4
2025-06-12 02:52:00,7.1
2025-06-12 05:38:00,82.4
2025-06-12 08:35:00,31.8
2025-06-12 01:14:00,49.86672560113154
2025-06-12 20:10:00,94.0
2025-06-12 04:17:00,19.5
2025-06-12 11:51:00,85.1
2025-06-12 07:27:00,11.6
2025-06-12 13:53:00,24.4
2025-06-12 17:00:00,11.2
2025-06-12 18:12:00,16.8
2025-06-12 01:57:00,75.0
2025-06-12 15:15:00,42.0
2025-06-12 04:19:00,65.1
2025-06-12 10:41:00,70.2
2025-06-12 02:38:00,34.6
2025-06-12 18:50:00,11.6
2025-06-12 11:09:00,72.9
2025-06-12 21:56:00,57.3
2025-06-12 15:33:00,91.5
2025-06-12 01:54:00,97.5
2025-06-12 13:56:00,31.3
2025-06-12 05:00:00,43.4
2025-06-12 08:32:00,89.6
2025-06-12 08:01:00,65.5
2025-06-12 00:22:00,49.86672560113154
2025-06-12 02:36:00,75.9
2025-06-12 23:53:00,97.9
2025-06-12 20:38:00,18.7
2025-06-12 16:25:00,99.0
2025-06-12 01:00:00,49.86672560113154
2025-06-12 17:20:00,80.7
2025-06-12 14:20:00,47.1
2025-06-12 16:55:00,59.4
2025-06-12 01:28:00,92.3
2025-06-12 11:34:00,63.5
2025-06-12 19:54:00,49.86672560113154
2025-06-12 07:26:00,92.9
2025-06-12 18:49:00,49.86672560113154
2025-06-12 12:53:00,53.9
2025-06-12 15:58:00,77.5
2025-06-12 05:06:00,56.3
2025-06-12 14:19:00,25.4
2025-06-12 16:49:00,30.7
2025-06-12 03:56:00,44.6
2025-06-12 20:23:00,61.7
2025-06-12 08:44:00,85.5
2025-06-12 22:43:00,67.9
2025-06-12 02:39:00,92.7
2025-06-12 15:11:00,61.8
2025-06-12 18:43:00,44.4
2025-06-12 12:36:00,63.7
2025-06-12 01:59:00,72.5
2025-06-12 01:39:00,25.7
2025-06-12 07:06:00,71.8
2025-06-12 12:42:00,60.3
2025-06-12 07:56:00,52.4
2025-06-12 10:07:00,40.8
2025-06-12 00:55:00,49.86672560113154
2025-06-12 13:35:00,73.0
2025-06-12 04:47:00,82.1
2025-06-12 11:39:00,16.7
2025-06-12 05:25:00,89.0
2025-06-12 07:16:00,22.6
2025-06-12 20:47:00,37.8
2025-06-12 21:38:00,46.9
2025-06-12 08:34:00,36.0
2025-06-12 10:10:00,77.3
2025-06-12 18:44:00,52.7
2025-06-12 05:04:00,14.4
2025-06-12 04:30:00,33.9
2025-06-12 01:44:00,49.86672560113154
2025-06-12 09:35:00,19.5
2025-06-12 12:43:00,11.3
2025-06-12 22:31:00,49.86672560113154
2025-06-12 22:14:00,8.8
2025-06-12 14:41:00,49.86672560113154
2025-06-12 00:18:00,65.1
2025-06-12 10:23:00,44.6
2025-06-12 20:35:00,50.9
2025-06-12 13:27:00,64.7
2025-06-12 07:31:00,77.8
2025-06-12 05:51:00,40.2
2025-06-12 05:04:00,36.6
2025-06-12 06:39:00,49.86672560113154
2025-06-12 05:02:00,98.3
2025-06-12 22:00:00,88.3
2025-06-12 14:53:00,7.8
2025-06-12 01:22:00,47.3
2025-06-12 09:33:00,20.2
2025-06-12 18:22:00,14.5
2025-06-12 09:13:00,59.3
2025-06-12 04:30:00,7.1
2025-06-12 05:40:00,81.5
2025-06-12 17:26:00,63.6
2025-06-12 03:26:00,0.3
2025-06-12 19:06:00,53.5
2025-06-12 04:36:00,31.7
2025-06-12 03:29:00,49.86672560113154
2025-06-12 19:02:00,49.86672560113154
2025-06-12 01:37:00,1.5
2025-06-12 01:27:00,76.6
2025-06-12 23:32:00,43.0
2025-06-12 04:45:00,7.7
2025-06-12 06:14:00,18.1
2025-06-12 08:35:00,16.7
2025-06-12 17:23:00,49.86672560113154
2025-06-12 01:07:00,95.1
2025-06-12 20:24:00,49.86672560113154
2025-06-12 08:36:00,57.1
2025-06-12 12:50:00,49.86672560113154
2025-06-12 14:04:00,9.1
2025-06-12 16:24:00,49.86672560113154
2025-06-12 22:54:00,49.86672560113154
2025-06-12 20:00:00,43.2
2025-06-12 03:06:00,87.6
2025-06-12 11:00:00,15.6
2025-06-12 20:18:00,51.4
2025-06-12 18:59:00,13.5
2025-06-12 05:49:00,91.1
2025-06-12 20:37:00,49.86672560113154
2025-06-12 20:05:00,32.6
2025-06-12 19:49:00,18.1
2025-06-12 10:15:00,92.4
2025-06-12 14:54:00,13.4
2025-06-12 04:09:00,6.6
2025-06-12 09:08:00,15.0
2025-06-12 13:28:00,76.6
2025-06-12 14:13:00,29.5
2025-06-12 23:45:00,91.1
2025-06-12 05:53:00,52.1
2025-06-12 01:25:00,9.2
2025-06-12 06:04:00,41.6
2025-06-12 06:21:00,81.0
2025-06-12 17:24:00,62.4
2025-06-12 10:29:00,49.2
2025-06-12 06:29:00,76.6
2025-06-12 23:58:00,50.9
2025-06-12 16:04:00,37.1
2025-06-12 16:02:00,92.0
2025-06-12 08:17:00,73.9
2025-06-12 01:05:00,64.8
2025-06-12 10:01:00,64.4
2025-06-12 06:01:00,49.86672560113154
2025-06-12 00:34:00,11.1
2025-06-12 11:16:00,49.86672560113154
2025-06-12 05:27:00,69.7
2025-06-12 18:31:00,11.2
2025-06-12 07:54:00,37.4
2025-06-12 00:59:00,40.5
2025-06-12 05:00:00,76.4
2025-06-12 01:39:00,97.0
2025-06-12 09:14:00,25.8
2025-06-12 21:04:00,49.86672560113154
2025-06-12 15:21:00,57.2
2025-06-12 13:02:00,11.6
2025-06-12 18:44:00,66.5
2025-06-12 11:34:00,92.8
2025-06-12 11:55:00,70.1
2025-06-12 18:29:00,18.1
2025-06-12 04:31:00,9.2
2025-06-12 03:47:00,28.5
2025-06-12 07:44:00,49.86672560113154
2025-06-12 23:55:00,42.6
2025-06-12 07:57:00,49.86672560113154
2025-06-12 00:07:00,31.2
2025-06-12 16:35:00,96.8
2025-06-12 23:08:00,11.8
2025-06-12 10:33:00,71.4
2025-06-12 18:03:00,21.2
2025-06-12 21:30:00,56.1
2025-06-12 05:34:00,49.86672560113154
2025-06-12 11:28:00,68.8
2025-06-12 12:37:00,49.86672560113154
2025-06-12 03:48:00,2.0
2025-06-12 23:51:00,42.9
2025-06-12 11:13:00,57.6
2025-06-12 17:48:00,2.7
2025-06-12 08:15:00,66.1
2025-06-12 16:58:00,66.6
2025-06-12 06:52:00,60.6
2025-06-12 14:41:00,63.2
2025-06-12 19:37:00,21.0
2025-06-12 08:07:00,49.86672560113154
2025-06-12 16:26:00,31.3
2025-06-12 00:37:00,41.3
2025-06-12 19:31:00,65.1
2025-06-12 12:48:00,50.613932505273034
2025-06-12 07:08:00,0.8
2025-06-12 10:33:00,92.6
2025-06-12 18:20:00,97.6
2025-06-12 03:01:00,41.4
2025-06-12 19:01:00,66.2
2025-06-12 04:56:00,93.5
2025-06-12 11:53:00,85.9
2025-06-12 13:54:00,32.2
2025-06-12 01:54:00,75.3
2025-06-12 05:52:00,57.2
2025-06-12 06:56:00,88.1
2025-06-12 22:06:00,5.1
2025-06-12 06:38:00,82.3
2025-06-12 13:28:00,5.5
2025-06-12 20:35:00,89.3
2025-06-12 13:51:00,50.613932505273034
2025-06-12 11:21:00,68.4
2025-06-12 22:16:00,50.613932505273034
2025-06-12 01:12:00,16.2
2025-06-12 17:04:00,41.4
2025-06-12 01:13:00,3.4
2025-06-12 21:15:00,50.613932505273034
2025-06-12 14:23:00,47.7
2025-06-12 13:50:00,4.6
2025-06-12 06:57:00,1.3
2025-06-12 17:12:00,68.7
2025-06-12 06:12:00,50.613932505273034
2025-06-12 11:13:00,89.9
2025-06-12 16:45:00,96.9
2025-06-12 21:44:00,69.5
2025-06-12 18:00:00,96.7
2025-06-12 12:36:00,50.613932505273034
2025-06-12 19:27:00,39.2
2025-06-12 02:04:00,0.4
2025-06-12 05:41:00,39.0
2025-06-12 13:22:00,13.2
2025-06-12 08:44:00,44.2
2025-06-12 03:28:00,18.5
2025-06-12 00:34:00,27.2
2025-06-12 15:52:00,61.5
2025-06-12 15:05:00,59.4
2025-06-12 02:55:00,17.6
2025-06-12 03:38:00,14.7
2025-06-12 09:26:00,49.1
2025-06-12 11:14:00,36.7
2025-06-12 05:56:00,62.3
2025-06-12 17:05:00,54.6
2025-06-12 13:00:00,19.7
2025-06-12 17:50:00,91.7
2025-06-12 10:55:00,18.8
2025-06-12 09:21:00,87.1
2025-06-12 23:26:00,39.0
2025-06-12 13:35:00,43.8
2025-06-12 11:45:00,0.4
2025-06-12 04:45:00,50.613932505273034
2025-06-12 13:42:00,50.613932505273034
2025-06-12 01:57:00,99.6
2025-06-12 21:09:00,59.7
2025-06-12 14:27:00,32.2
2025-06-12 14:49:00,50.613932505273034
2025-06-12 14:04:00,94.6
2025-06-12 07:10:00,52.1
2025-06-12 00:32:00,77.0
2025-06-12 07:16:00,70.5
2025-06-12 02:43:00,2.8
2025-06-12 13:56:00,47.0
2025-06-12 15:54:00,75.4
2025-06-12 23:53:00,76.7
2025-06-12 11:52:00,47.3
2025-06-12 07:20:00,94.2
2025-06-12 14:19:00,14.8
2025-06-12 09:09:00,7.2
2025-06-12 09:41:00,6.0
2025-06-12 15:23:00,68.7
2025-06-12 14:29:00,7.4
2025-06-12 13:32:00,4.1
2025-06-12 12:32:00,27.2
2025-06-12 15:59:00,82.8
2025-06-12 06:34:00,68.3
2025-06-12 17:02:00,39.6
2025-06-12 18:22:00,10.6
2025-06-12 11:42:00,56.4
2025-06-12 01:02:00,59.7
2025-06-12 15:51:00,50.613932505273034
2025-06-12 06:24:00,5.6
2025-06-12 06:01:00,42.1
2025-06-12 21:01:00,17.8
2025-06-12 02:10:00,60.8
2025-06-12 14:38:00,50.613932505273034
2025-06-12 03:33:00,88.0
2025-06-12 17:20:00,67.5
2025-06-12 22:02:00,28.9
2025-06-12 18:23:00,95.7
2025-06-12 06:49:00,32.0
2025-06-12 06:11:00,50.613932505273034
2025-06-12 03:21:00,13.6
2025-06-12 00:58:00,26.8
2025-06-12 14:42:00,24.5
2025-06-12 12:18:00,31.8
2025-06-12 18:33:00,13.9
2025-06-12 11:15:00,35.8
2025-06-12 16:39:00,64.2
2025-06-12 03:34:00,44.5
2025-06-12 14:20:00,9.4
2025-06-12 05:39:00,46.4
2025-06-12 05:54:00,93.7
2025-06-12 08:16:00,44.6
2025-06-12 08:30:00,85.4
2025-06-12 00:12:00,50.613932505273034
2025-06-12 10:13:00,89.9
2025-06-12 07:31:00,52.8
2025-06-12 04:34:00,15.0
2025-06-12 09:37:00,38.6
2025-06-12 18:07:00,45.7
2025-06-12 20:57:00,81.9
2025-06-12 09:17:00,39.9
2025-06-12 02:10:00,13.0
2025-06-12 08:10:00,2.6
2025-06-12 21:18:00,72.6
2025-06-12 18:42:00,64.1
2025-06-12 01:00:00,78.3
2025-06-12 03:48:00,33.6
2025-06-12 13:02:00,36.9
2025-06-12 12:00:00,51.7
2025-06-12 00:58:00,60.0
2025-06-12 11:31:00,18.5
2025-06-12 23:15:00,42.6
2025-06-12 18:28:00,25.8
2025-06-12 20:19:00,50.613932505273034
2025-06-12 13:07:00,94.4
2025-06-12 04:41:00,97.3
2025-06-12 09:18:00,91.0
2025-06-12 13:02:00,64.2
2025-06-12 19:33:00,50.613932505273034
2025-06-12 05:19:00,31.0
2025-06-12 00:01:00,2.0
2025-06-12 05:47:00,42.2
2025-06-12 14:41:00,10.8
2025-06-12 19:16:00,50.613932505273034
2025-06-12 23:42:00,35.5
2025-06-12 06:10:00,28.1
2025-06-12 15:32:00,50.613932505273034
2025-06-12 14:27:00,63.2
2025-06-12 03:07:00,20.7
2025-06-12 22:32:00,34.5
2025-06-12 08:03:00,50.613932505273034
2025-06-12 10:35:00,25.8
2025-06-12 20:57:00,37.1
2025-06-12 18:25:00,50.613932505273034
2025-06-12 15:34:00,50.613932505273034
2025-06-12 05:18:00,50.613932505273034
2025-06-12 22:06:00,36.6
2025-06-12 20:37:00,85.0
2025-06-12 12:11:00,50.613932505273034
2025-06-12 18:43:00,50.613932505273034
2025-06-12 19:36:00,50.613932505273034
2025-06-12 02:01:00,18.8
2025-06-12 13:44:00,50.613932505273034
2025-06-12 22:35:00,42.0
2025-06-12 12:08:00,54.9
2025-06-12 22:10:00,57.3
2025-06-12 12:54:00,54.7
2025-06-12 05:25:00,80.7
2025-06-12 15:08:00,75.3
2025-06-12 15:49:00,53.9
2025-06-12 09:07:00,99.8
2025-06-12 19:54:00,47.4
2025-06-12 04:16:00,39.6
2025-06-12 01:42:00,74.0
2025-06-12 00:58:00,94.5
2025-06-12 06:28:00,89.8
2025-06-12 22:15:00,5.3
2025-06-12 05:56:00,37.6
2025-06-12 13:33:00,83.8
2025-06-12 22:24:00,50.9
2025-06-12 23:41:00,41.7
2025-06-12 11:06:00,28.0
2025-06-12 04:39:00,50.613932505273034
2025-06-12 18:25:00,20.0
2025-06-12 22:12:00,52.7
2025-06-12 06:42:00,23.9
2025-06-12 18:00:00,48.0
2025-06-12 01:15:00,96.6
2025-06-12 19:18:00,24.7
2025-06-12 00:05:00,87.8
2025-06-12 16:05:00,32.3
2025-06-12 23:22:00,50.5
2025-06-12 03:33:00,100.0
2025-06-12 02:40:00,81.1
2025-06-12 23:30:00,50.613932505273034
2025-06-12 19:30:00,37.2
2025-06-12 00:41:00,52.3
2025-06-12 01:22:00,4.1
2025-06-12 20:48:00,50.613932505273034
2025-06-12 06:58:00,44.1
2025-06-12 08:51:00,5.4
2025-06-12 10:20:00,50.613932505273034
2025-06-12 10:13:00,31.8
2025-06-12 04:01:00,72.4
2025-06-12 05:22:00,4.7
2025-06-12 06:45:00,41.7
2025-06-12 14:57:00,28.7
2025-06-12 08:16:00,99.0
2025-06-12 20:46:00,3.1
2025-06-12 22:31:00,50.613932505273034
2025-06-12 01:57:00,12.3
2025-06-12 04:04:00,85.3
2025-06-12 04:21:00,98.9
2025-06-12 12:01:00,50.613932505273034
2025-06-12 20:54:00,68.8
2025-06-12 16:38:00,16.6
2025-06-12 12:55:00,50.613932505273034
2025-06-12 16:17:00,42.7
2025-06-12 13:17:00,50.613932505273034
2025-06-12 06:57:00,82.4
2025-06-12 17:56:00,72.9
2025-06-12 11:16:00,93.4
2025-06-12 18:28:00,77.8
2025-06-12 12:54:00,69.6
2025-06-12 23:48:00,64.6
2025-06-12 22:10:00,50.613932505273034
2025-06-12 19:50:00,87.4
2025-06-12 19:30:00,26.2
2025-06-12 14:30:00,63.2
2025-06-12 14:50:00,20.4
2025-06-12 03:31:00,56.3
2025-06-12 18:07:00,50.613932505273034
2025-06-12 02:16:00,50.613932505273034
2025-06-12 19:44:00,68.7
2025-06-12 21:15:00,93.9
2025-06-12 19:53:00,60.7
2025-06-12 22:34:00,89.2
2025-06-12 11:29:00,50.613932505273034
2025-06-12 03:54:00,1.3
2025-06-12 17:08:00,19.9
2025-06-12 00:06:00,44.6
2025-06-12 09:37:00,6.5
2025-06-12 09:31:00,83.1
2025-06-12 23:02:00,85.8
2025-06-12 22:01:00,89.4
2025-06-12 17:03:00,82.5
2025-06-12 00:57:00,23.1
2025-06-12 01:48:00,99.7
2025-06-12 08:06:00,10.6
2025-06-12 04:04:00,25.0
2025-06-12 07:46:00,13.3
2025-06-12 00:47:00,19.7
2025-06-12 02:29:00,58.7
2025-06-12 08:20:00,50.613932505273034
2025-06-12 01:16:00,50.613932505273034
2025-06-12 21:02:00,93.5
2025-06-12 22:07:00,50.613932505273034
2025-06-12 18:04:00,99.1
2025-06-12 05:22:00,35.7
2025-06-12 23:06:00,64.3
2025-06-12 02:32:00,24.6
2025-06-12 14:37:00,41.2
2025-06-12 09:53:00,78.6
2025-06-12 04:48:00,68.3
2025-06-12 04:07:00,36.7
2025-06-12 16:41:00,70.1
2025-06-12 19:24:00,34.0
2025-06-12 20:05:00,80.9
2025-06-12 12:39:00,47.8
2025-06-12 01:14:00,95.0
2025-06-12 05:38:00,37.4
2025-06-12 20:01:00,50.613932505273034
2025-06-12 03:54:00,58.4
2025-06-12 01:14:00,78.2
2025-06-12 04:39:00,19.5
2025-06-12 20:54:00,0.5
2025-06-12 11:54:00,25.0
2025-06-12 14:20:00,9.7
2025-06-12 21:34:00,59.7
2025-06-12 16:58:00,9.8
2025-06-12 11:13:00,50.613932505273034
2025-06-12 09:03:00,98.9
2025-06-12 12:48:00,16.8
2025-06-12 05:52:00,53.1
2025-06-12 07:30:00,50.613932505273034
2025-06-12 21:02:00,50.613932505273034
2025-06-12 12:42:00,58.7
2025-06-12 16:54:00,66.9
2025-06-12 08:18:00,88.1
2025-06-12 03:05:00,11.9
2025-06-12 05:54:00,76.1
2025-06-12 12:36:00,6.3
2025-06-12 00:38:00,19.2
2025-06-12 05:24:00,94.3
2025-06-12 21:51:00,8.0
2025-06-12 23:13:00,59.0
2025-06-12 00:30:00,50.613932505273034
2025-06-12 22:00:00,34.2
2025-06-12 01:48:00,57.8
2025-06-12 02:54:00,59.3
2025-06-12 22:31:00,50.613932505273034
2025-06-12 21:04:00,4.1
2025-06-12 10:47:00,83.0
2025-06-12 21:52:00,63.2
2025-06-12 09:12:00,52.0
2025-06-12 03:45:00,44.6
2025-06-12 04:14:00,79.6
2025-06-12 18:29:00,12.0
2025-06-12 09:40:00,89.9
2025-06-12 07:09:00,28.2
2025-06-12 20:47:00,61.2
2025-06-12 02:22:00,45.8
2025-06-12 03:04:00,87.1
2025-06-12 15:02:00,53.6
2025-06-12 10:32:00,29.5
2025-06-12 01:32:00,73.1
2025-06-12 12:50:00,50.613932505273034
2025-06-12 15:17:00,23.2
2025-06-12 11:40:00,50.613932505273034
2025-06-12 15:56:00,71.6
2025-06-12 05:04:00,9.7
2025-06-12 07:34:00,50.3
2025-06-12 21:12:00,28.8
2025-06-12 22:47:00,50.613932505273034
2025-06-12 12:42:00,55.7
2025-06-12 20:10:00,18.1
2025-06-12 17:41:00,37.3
2025-06-12 06:43:00,87.4
2025-06-12 08:51:00,19.0
2025-06-12 03:51:00,36.7
2025-06-12 09:26:00,50.613932505273034
2025-06-12 09:06:00,98.4
2025-06-12 16:06:00,34.4
2025-06-12 08:07:00,33.9
2025-06-12 22:03:00,30.5
2025-06-12 17:18:00,24.6
2025-06-12 20:44:00,37.0
2025-06-12 05:24:00,54.8
2025-06-12 07:56:00,56.7
2025-06-12 00:30:00,89.4
2025-06-12 03:43:00,39.0
2025-06-12 10:57:00,50.613932505273034
2025-06-12 13:52:00,35.1
2025-06-12 18:47:00,79.1
2025-06-12 04:25:00,90.9
2025-06-12 23:20:00,77.1
2025-06-12 01:17:00,56.9
2025-06-12 22:56:00,81.4
2025-06-12 08:39:00,88.5
2025-06-12 15:24:00,12.3
2025-06-12 18:31:00,41.3
2025-06-12 11:26:00,0.9
2025-06-12 05:07:00,5.1
2025-06-12 08:41:00,18.0
2025-06-12 10:25:00,96.3
2025-06-12 16:40:00,39.7
2025-06-12 07:10:00,35.8
2025-06-12 21:59:00,52.6
2025-06-12 16:09:00,50.17195767195767
2025-06-12 01:36:00,18.6
2025-06-12 16:31:00,13.0
2025-06-12 14:24:00,18.5
2025-06-12 15:01:00,49.0
2025-06-12 10:18:00,14.9
2025-06-12 12:15:00,45.6
2025-06-12 19:25:00,41.4
2025-06-12 04:39:00,33.3
2025-06-12 16:12:00,50.17195767195767
2025-06-12 12:05:00,2.6
2025-06-12 14:54:00,67.5
2025-06-12 16:30:00,83.6
2025-06-12 05:00:00,30.2
2025-06-12 06:15:00,23.3
2025-06-12 01:54:00,71.2
2025-06-12 05:13:00,11.2
2025-06-12 16:25:00,50.17195767195767
2025-06-12 05:42:00,76.5
2025-06-12 04:45:00,57.4
2025-06-12 17:49:00,50.4
2025-06-12 07:29:00,0.1
2025-06-12 05:44:00,6.2
2025-06-12 10:45:00,76.3
2025-06-12 09:03:00,4.3
2025-06-12 07:48:00,50.17195767195767
2025-06-12 07:51:00,86.9
2025-06-12 12:14:00,50.17195767195767
2025-06-12 13:44:00,50.17195767195767
2025-06-12 19:57:00,42.5
2025-06-12 07:19:00,50.17195767195767
2025-06-12 06:20:00,44.9
2025-06-12 14:15:00,36.2
2025-06-12 13:00:00,54.9
2025-06-12 11:54:00,59.1
2025-06-12 08:30:00,50.17195767195767
2025-06-12 00:40:00,62.7
2025-06-12 13:04:00,47.8
2025-06-12 15:33:00,50.17195767195767
2025-06-12 15:17:00,55.1
2025-06-12 13:36:00,34.4
2025-06-12 03:48:00,68.6
2025-06-12 15:53:00,62.0
2025-06-12 07:38:00,93.1
2025-06-12 01:30:00,3.3
2025-06-12 11:10:00,67.9
2025-06-12 02:49:00,50.17195767195767
2025-06-12 16:00:00,65.0
2025-06-12 06:56:00,25.7
2025-06-12 19:33:00,24.7
2025-06-12 00:26:00,49.7
2025-06-12 16:54:00,67.0
2025-06-12 18:11:00,59.1
2025-06-12 21:20:00,67.2
2025-06-12 01:31:00,31.2
2025-06-12 08:55:00,58.4
2025-06-12 14:31:00,4.2
2025-06-12 03:30:00,50.17195767195767
2025-06-12 21:51:00,50.17195767195767
2025-06-12 10:06:00,46.9
2025-06-12 01:09:00,90.9
2025-06-12 06:44:00,42.8
2025-06-12 06:35:00,63.5
2025-06-12 03:20:00,28.1
2025-06-12 06:30:00,50.17195767195767
2025-06-12 19:56:00,6.5
2025-06-12 12:12:00,81.9
2025-06-12 16:01:00,50.17195767195767
2025-06-12 04:55:00,25.7
2025-06-12 13:10:00,97.5
2025-06-12 04:50:00,29.7
2025-06-12 06:18:00,30.3
2025-06-12 19:47:00,50.17195767195767
2025-06-12 03:47:00,50.17195767195767
2025-06-12 21:42:00,40.8
2025-06-12 15:14:00,53.6
2025-06-12 01:11:00,89.1
2025-06-12 07:30:00,82.6
2025-06-12 05:26:00,28.5
2025-06-12 00:10:00,50.17195767195767
2025-06-12 22:18:00,62.9
2025-06-12 03:39:00,18.4
2025-06-12 10:56:00,19.7
2025-06-12 22:39:00,50.17195767195767
2025-06-12 15:16:00,13.7
2025-06-12 07:07:00,50.17195767195767
2025-06-12 05:17:00,96.3
2025-06-12 22:30:00,50.17195767195767
2025-06-12 20:27:00,61.1
2025-06-12 23:18:00,37.3
2025-06-12 08:11:00,62.6
2025-06-12 02:35:00,50.17195767195767
2025-06-12 17:16:00,68.8
2025-06-12 13:57:00,50.7
2025-06-12 13:01:00,63.0
2025-06-12 18:48:00,56.6
2025-06-12 13:37:00,76.4
2025-06-12 21:33:00,67.9
2025-06-12 01:16:00,77.6
2025-06-12 07:48:00,51.3
2025-06-12 08:07:00,32.5
2025-06-12 23:33:00,50.17195767195767
2025-06-12 13:55:00,31.6
2025-06-12 14:21:00,57.0
2025-06-12 07:35:00,72.0
2025-06-12 07:50:00,82.1
2025-06-12 08:35:00,97.7
2025-06-12 08:26:00,50.17195767195767
2025-06-12 19:01:00,46.6
2025-06-12 14:20:00,20.6
2025-06-12 02:21:00,47.8
2025-06-12 10:36:00,21.5
2025-06-12 08:35:00,0.9
2025-06-12 00:56:00,7.2
2025-06-12 10:32:00,81.4
2025-06-12 05:45:00,50.17195767195767
2025-06-12 03:32:00,90.3
2025-06-12 21:10:00,38.4
2025-06-12 10:24:00,50.17195767195767
2025-06-12 06:55:00,50.17195767195767
2025-06-12 13:39:00,34.2
2025-06-12 19:47:00,76.5
2025-06-12 04:14:00,50.17195767195767
2025-06-12 00:39:00,22.3
2025-06-12 20:49:00,90.8
2025-06-12 12:42:00,5.9
2025-06-12 11:49:00,73.6
2025-06-12 15:01:00,40.6
2025-06-12 04:26:00,50.17195767195767
2025-06-12 23:51:00,25.3
2025-06-12 09:31:00,30.3
2025-06-12 04:31:00,90.9
2025-06-12 07:37:00,12.4
2025-06-12 02:01:00,50.17195767195767
2025-06-12 13:07:00,86.2
2025-06-12 14:58:00,19.6
2025-06-12 01:34:00,86.1
2025-06-12 11:46:00,84.8
2025-06-12 11:24:00,50.17195767195767
2025-06-12 04:45:00,63.2
2025-06-12 04:29:00,16.0
2025-06-12 03:46:00,55.9
2025-06-12 07:04:00,76.9
2025-06-12 11:02:00,25.7
2025-06-12 10:03:00,50.17195767195767
2025-06-12 13:49:00,50.17195767195767
2025-06-12 08:39:00,57.2
2025-06-12 06:16:00,48.7
2025-06-12 17:18:00,8.9
2025-06-12 11:11:00,77.7
2025-06-12 16:08:00,8.0
2025-06-12 03:55:00,50.17195767195767
2025-06-12 02:07:00,17.9
2025-06-12 20:00:00,86.9
2025-06-12 04:19:00,76.3
2025-06-12 01:50:00,46.1
2025-06-12 03:27:00,82.5
2025-06-12 02:57:00,45.5
2025-06-12 03:08:00,69.8
2025-06-12 04:40:00,35.7
2025-06-12 19:14:00,60.5
2025-06-12 11:15:00,50.17195767195767
2025-06-12 09:36:00,50.17195767195767
2025-06-12 03:25:00,6.3
2025-06-12 16:52:00,50.17195767195767
2025-06-12 16:36:00,10.7
2025-06-12 04:01:00,74.3
2025-06-12 04:47:00,32.2
2025-06-12 14:52:00,50.17195767195767
2025-06-12 08:47:00,76.1
2025-06-12 00:29:00,43.6
2025-06-12 12:06:00,89.1
2025-06-12 16:28:00,40.4
2025-06-12 04:04:00,21.6
2025-06-12 15:58:00,62.1
2025-06-12 02:14:00,50.17195767195767
2025-06-12 23:00:00,91.2
2025-06-12 18:28:00,24.9
2025-06-12 07:38:00,38.0
2025-06-12 21:15:00,48.6
2025-06-12 07:19:00,50.17195767195767
2025-06-12 12:14:00,50.17195767195767
2025-06-12 01:50:00,35.3
2025-06-12 05:29:00,49.7
2025-06-12 17:50:00,77.7
2025-06-12 10:18:00,22.9
2025-06-12 07:41:00,29.2
2025-06-12 12:49:00,92.9
2025-06-12 11:42:00,56.8
2025-06-12 16:06:00,9.6
2025-06-12 14:23:00,50.17195767195767
2025-06-12 21:50:00,12.3
2025-06-12 06:52:00,87.1
2025-06-12 11:34:00,25.9
2025-06-12 10:04:00,54.0
2025-06-12 07:25:00,21.5
2025-06-12 03:49:00,57.0
2025-06-12 06:18:00,55.0
2025-06-12 02:15:00,50.17195767195767
2025-06-12 23:59:00,46.0
2025-06-12 18:51:00,80.3
2025-06-12 19:53:00,31.4
2025-06-12 06:47:00,62.5
2025-06-12 18:04:00,42.0
2025-06-12 04:04:00,35.2
2025-06-12 10:58:00,81.9
2025-06-12 13:46:00,3.1
2025-06-12 23:34:00,62.7
2025-06-12 03:32:00,44.3
2025-06-12 21:43:00,50.17195767195767
2025-06-12 16:21:00,90.6
2025-06-12 01:32:00,67.4
2025-06-12 19:37:00,34.3
2025-06-12 18:41:00,83.4
2025-06-12 16:04:00,48.4
2025-06-12 18:28:00,98.1
2025-06-12 02:58:00,67.9
2025-06-12 07:13:00,15.9
2025-06-12 10:56:00,46.8
2025-06-12 21:11:00,11.5
2025-06-12 09:09:00,52.4
2025-06-12 03:21:00,56.3
2025-06-12 07:41:00,81.7
2025-06-12 17:30:00,15.3
2025-06-12 09:29:00,19.3
2025-06-12 04:32:00,50.17195767195767
2025-06-12 11:18:00,73.5
2025-06-12 15:26:00,86.2
2025-06-12 12:55:00,44.7
2025-06-12 05:14:00,42.0
2025-06-12 10:01:00,68.2
2025-06-12 14:56:00,32.6
2025-06-12 06:53:00,31.4
2025-06-12 17:21:00,69.8
2025-06-12 06:12:00,12.1
2025-06-12 21:52:00,60.3
2025-06-12 12:32:00,77.0
2025-06-12 03:02:00,50.17195767195767
2025-06-12 18:50:00,18.3
2025-06-12 19:41:00,68.8
2025-06-12 09:39:00,71.1
2025-06-12 00:10:00,50.17195767195767
2025-06-12 04:27:00,30.5
2025-06-12 09:40:00,56.1
2025-06-12 18:13:00,13.1
2025-06-12 18:01:00,77.2
2025-06-12 07:17:00,40.0
2025-06-12 20:52:00,32.5
2025-06-12 22:46:00,76.1
2025-06-12 08:34:00,50.17195767195767
2025-06-12 18:33:00,59.1
2025-06-12 20:02:00,10.8
2025-06-12 03:53:00,83.1
2025-06-12 01:20:00,23.5
2025-06-12 21:59:00,14.4
2025-06-12 14:59:00,30.0
2025-06-12 07:58:00,62.6
2025-06-12 03:28:00,66.4
2025-06-12 08:44:00,58.7
2025-06-12 15:13:00,22.6
2025-06-12 06:01:00,3.5
2025-06-12 22:01:00,70.1
2025-06-12 10:21:00,16.3
2025-06-12 01:30:00,58.6
2025-06-12 16:55:00,56.2
2025-06-12 23:36:00,69.6
2025-06-12 21:08:00,50.17195767195767
2025-06-12 21:55:00,51.4
2025-06-12 17:00:00,91.1
2025-06-12 05:56:00,50.3
2025-06-12 12:34:00,25.2
2025-06-12 01:06:00,90.9
2025-06-12 22:46:00,89.2
2025-06-12 22:36:00,99.4
2025-06-12 02:58:00,9.3
2025-06-12 10:10:00,90.3
2025-06-12 20:36:00,1.7
2025-06-12 20:08:00,9.3
2025-06-12 09:36:00,15.5
2025-06-12 03:59:00,48.5
2025-06-12 10:44:00,56.8
2025-06-12 09:25:00,6.5
2025-06-12 21:36:00,68.8
2025-06-12 23:32:00,49.2
2025-06-12 13:09:00,74.5
2025-06-12 09:06:00,30.6
2025-06-12 19:34:00,28.1
2025-06-12 18:12:00,50.17195767195767
2025-06-12 05:07:00,89.3
2025-06-12 23:40:00,61.4
2025-06-12 21:02:00,68.4
2025-06-12 21:11:00,44.3
2025-06-12 21:03:00,71.1
2025-06-12 22:00:00,47.4
2025-06-12 06:22:00,31.8
2025-06-12 09:37:00,19.7
2025-06-12 10:57:00,50.17195767195767
2025-06-12 14:06:00,21.5
2025-06-12 10:55:00,84.6
2025-06-12 03:15:00,18.0
2025-06-12 09:14:00,91.7
2025-06-12 07:34:00,50.8
2025-06-12 21:39:00,26.6
2025-06-12 03:34:00,81.5
2025-06-12 12:08:00,32.3
2025-06-12 00:38:00,88.9
2025-06-12 07:44:00,18.7
2025-06-12 12:41:00,46.4
2025-06-12 06:14:00,96.8
2025-06-12 22:42:00,95.4
2025-06-12 23:13:00,56.7
2025-06-12 04:01:00,0.9
2025-06-12 04:29:00,50.17195767195767
2025-06-12 20:33:00,54.7
2025-06-12 20:11:00,12.8
2025-06-12 03:11:00,45.2
2025-06-12 21:33:00,97.7
2025-06-12 02:19:00,87.6
2025-06-12 02:39:00,33.8
2025-06-12 03:52:00,84.4
2025-06-12 14:45:00,65.0
2025-06-12 14:03:00,41.7
2025-06-12 15:35:00,72.0
2025-06-12 11:40:00,60.2
2025-06-12 05:51:00,20.7
2025-06-12 19:30:00,90.0
2025-06-12 16:53:00,14.1
2025-06-12 20:43:00,49.69252501471454
2025-06-12 13:25:00,37.8
2025-06-12 11:30:00,49.69252501471454
2025-06-12 10:18:00,31.4
2025-06-12 22:10:00,81.6
2025-06-12 10:31:00,28.2
2025-06-12 23:09:00,30.2
2025-06-12 14:07:00,60.4
2025-06-12 15:22:00,70.6
2025-06-12 18:36:00,17.8
2025-06-12 18:43:00,26.7
2025-06-12 16:34:00,85.5
2025-06-12 14:22:00,95.2
2025-06-12 23:25:00,68.4
2025-06-12 06:27:00,24.6
2025-06-12 21:01:00,49.69252501471454
2025-06-12 00:08:00,14.5
2025-06-12 10:29:00,2.5
2025-06-12 09:58:00,25.4
2025-06-12 17:07:00,49.69252501471454
2025-06-12 03:01:00,34.7
2025-06-12 02:27:00,61.3
2025-06-12 19:53:00,93.1
2025-06-12 15:26:00,90.6
2025-06-12 23:27:00,44.2
2025-06-12 06:28:00,49.69252501471454
2025-06-12 12:32:00,49.69252501471454
2025-06-12 09:31:00,71.2
2025-06-12 04:19:00,97.9
2025-06-12 07:27:00,68.3
2025-06-12 07:31:00,4.2
2025-06-12 12:18:00,49.69252501471454
2025-06-12 08:40:00,17.2
2025-06-12 18:31:00,94.4
2025-06-12 01:26:00,89.1
2025-06-12 18:30:00,33.4
2025-06-12 17:04:00,49.69252501471454
2025-06-12 19:27:00,89.1
2025-06-12 13:59:00,73.9
2025-06-12 13:18:00,90.0
2025-06-12 22:12:00,84.1
2025-06-12 23:16:00,75.3
2025-06-12 03:23:00,56.1
2025-06-12 21:39:00,65.3
2025-06-12 05:25:00,37.8
2025-06-12 05:44:00,56.0
2025-06-12 22:29:00,63.3
2025-06-12 22:25:00,57.9
2025-06-12 04:43:00,83.2
2025-06-12 02:00:00,47.7
2025-06-12 16:08:00,97.2
2025-06-12 14:51:00,49.69252501471454
2025-06-12 19:44:00,9.6
2025-06-12 08:04:00,20.1
2025-06-12 02:17:00,49.69252501471454
2025-06-12 04:03:00,79.7
2025-06-12 22:20:00,26.4
2025-06-12 21:12:00,48.6
2025-06-12 18:18:00,7.4
2025-06-12 09:42:00,49.69252501471454
2025-06-12 22:56:00,42.9
2025-06-12 15:52:00,18.9
2025-06-12 09:33:00,73.1
2025-06-12 16:31:00,90.8
2025-06-12 10:37:00,73.7
2025-06-12 23:20:00,37.9
2025-06-12 00:10:00,5.7
2025-06-12 06:12:00,49.69252501471454
2025-06-12 21:42:00,71.0
2025-06-12 20:30:00,32.6
2025-06-12 08:31:00,2.7
2025-06-12 10:00:00,49.69252501471454
2025-06-12 13:29:00,4.2
2025-06-12 17:47:00,21.8
2025-06-12 20:47:00,49.69252501471454
2025-06-12 14:52:00,25.9
2025-06-12 12:23:00,42.5
2025-06-12 23:59:00,33.7
2025-06-12 21:24:00,49.69252501471454
2025-06-12 14:11:00,17.2
2025-06-12 04:07:00,49.69252501471454
2025-06-12 17:02:00,37.4
2025-06-12 15:51:00,17.6
2025-06-12 05:09:00,82.6
2025-06-12 14:18:00,33.2
2025-06-12 11:38:00,88.1
2025-06-12 02:49:00,35.6
2025-06-12 01:06:00,41.4
2025-06-12 01:17:00,50.3
2025-06-12 01:14:00,29.2
2025-06-12 04:26:00,49.69252501471454
2025-06-12 23:24:00,37.3
2025-06-12 02:53:00,49.69252501471454
2025-06-12 08:32:00,1.5
2025-06-12 03:46:00,49.69252501471454
2025-06-12 20:54:00,67.5
2025-06-12 07:06:00,1.1
2025-06-12 04:40:00,96.2
2025-06-12 16:11:00,49.69252501471454
2025-06-12 17:59:00,78.5
2025-06-12 00:14:00,3.4
2025-06-12 04:53:00,51.5
2025-06-12 08:14:00,81.2
2025-06-12 10:10:00,94.6
2025-06-12 17:00:00,94.6
2025-06-12 22:36:00,41.8
2025-06-12 17:50:00,70.3
2025-06-12 02:46:00,38.0
2025-06-12 22:05:00,38.0
2025-06-12 02:13:00,39.6
2025-06-12 10:33:00,58.5
2025-06-12 14:04:00,48.9
2025-06-12 06:27:00,49.69252501471454
2025-06-12 21:58:00,19.0
2025-06-12 22:10:00,51.5
2025-06-12 23:29:00,87.5
2025-06-12 21:49:00,35.2
2025-06-12 12:31:00,60.5
2025-06-12 02:26:00,80.5
2025-06-12 13:39:00,49.69252501471454
2025-06-12 04:49:00,8.5
2025-06-12 10:01:00,49.69252501471454
2025-06-12 00:57:00,95.6
2025-06-12 18:05:00,39.8
2025-06-12 13:02:00,74.5
2025-06-12 01:09:00,10.5
2025-06-12 19:39:00,19.7
2025-06-12 00:25:00,49.69252501471454
2025-06-12 01:19:00,67.7
2025-06-12 13:00:00,34.3
2025-06-12 00:10:00,97.6
2025-06-12 21:51:00,98.3
2025-06-12 07:07:00,60.5
2025-06-12 16:40:00,12.4
2025-06-12 15:42:00,63.2
2025-06-12 03:55:00,88.9
2025-06-12 08:17:00,98.2
2025-06-12 09:44:00,31.6
2025-06-12 18:11:00,92.1
2025-06-12 09:53:00,63.0
2025-06-12 16:00:00,81.5
2025-06-12 05:58:00,56.2
2025-06-12 18:01:00,51.4
2025-06-12 12:40:00,63.1
2025-06-12 22:35:00,7.6
2025-06-12 10:41:00,38.6
2025-06-12 15:01:00,4.6
2025-06-12 23:06:00,7.4
2025-06-12 01:18:00,54.0
2025-06-12 09:20:00,68.8
2025-06-12 07:22:00,13.4
2025-06-12 10:06:00,67.6
2025-06-12 22:31:00,7.5
2025-06-12 02:22:00,61.7
2025-06-12 02:48:00,29.5
2025-06-12 20:47:00,50.7
2025-06-12 12:10:00,10.9
2025-06-12 01:15:00,49.69252501471454
2025-06-12 11:16:00,95.7
2025-06-12 16:27:00,6.7
2025-06-12 15:09:00,63.2
2025-06-12 20:09:00,14.6
2025-06-12 17:10:00,96.5
2025-06-12 02:56:00,38.7
2025-06-12 13:10:00,42.6
2025-06-12 11:53:00,21.4
2025-06-12 23:11:00,83.5
2025-06-12 19:45:00,49.69252501471454
2025-06-12 07:30:00,43.6
2025-06-12 22:34:00,67.6
2025-06-12 04:01:00,31.4
2025-06-12 12:24:00,53.7
2025-06-12 04:03:00,85.9
2025-06-12 01:08:00,90.0
2025-06-12 13:34:00,67.6
2025-06-12 04:35:00,69.1
2025-06-12 19:48:00,94.4
2025-06-12 08:39:00,99.0
2025-06-12 15:35:00,52.5
2025-06-12 16:12:00,29.7
2025-06-12 01:31:00,38.4
2025-06-12 06:27:00,13.0
2025-06-12 12:37:00,20.1
2025-06-12 18:01:00,84.8
2025-06-12 09:56:00,75.5
2025-06-12 01:46:00,73.6
2025-06-12 19:14:00,50.3
2025-06-12 12:59:00,68.8
2025-06-12 16:27:00,33.7
2025-06-12 15:29:00,41.3
2025-06-12 05:38:00,37.9
2025-06-12 09:57:00,43.5
2025-06-12 17:06:00,19.3
2025-06-12 00:26:00,3.9
2025-06-12 19:27:00,78.1
2025-06-12 13:28:00,6.1
2025-06-12 12:42:00,50.9
2025-06-12 04:31:00,44.7
2025-06-12 18:44:00,22.1
2025-06-12 07:30:00,7.0
2025-06-12 10:36:00,49.69252501471454
2025-06-12 21:47:00,77.8
2025-06-12 11:19:00,70.5
2025-06-12 23:04:00,49.69252501471454
2025-06-12 22:25:00,26.4
2025-06-12 08:40:00,12.6
2025-06-12 19:19:00,49.69252501471454
2025-06-12 18:17:00,58.6
2025-06-12 06:23:00,36.5
2025-06-12 10:01:00,92.6
2025-06-12 16:16:00,67.6
2025-06-12 04:56:00,85.8
2025-06-12 12:09:00,90.8
2025-06-12 04:57:00,16.0
2025-06-12 08:40:00,65.7
2025-06-12 15:32:00,49.69252501471454
2025-06-12 19:44:00,6.8
2025-06-12 00:16:00,5.1
2025-06-12 18:37:00,94.1
2025-06-12 04:03:00,1.4
2025-06-12 13:46:00,49.69252501471454
2025-06-12 23:33:00,59.3
2025-06-12 16:27:00,49.69252501471454
2025-06-12 12:24:00,49.69252501471454
2025-06-12 16:36:00,63.3
2025-06-12 21:26:00,7.0
2025-06-12 11:17:00,39.3
2025-06-12 22:30:00,42.7
2025-06-12 04:37:00,17.4
2025-06-12 08:46:00,76.6
2025-06-12 05:29:00,79.1
2025-06-12 08:42:00,83.6
2025-06-12 11:21:00,14.9
2025-06-12 23:08:00,71.8
2025-06-12 13:47:00,28.9
2025-06-12 17:03:00,49.69252501471454
2025-06-12 08:02:00,42.0
2025-06-12 04:53:00,87.4
2025-06-12 18:14:00,36.4
2025-06-12 05:21:00,64.2
2025-06-12 22:47:00,14.3
2025-06-12 16:52:00,55.8
2025-06-12 13:40:00,86.1
2025-06-12 16:41:00,52.0
2025-06-12 17:39:00,84.7
2025-06-12 11:50:00,22.9
2025-06-12 22:40:00,89.4
2025-06-12 22:59:00,49.69252501471454
2025-06-12 02:16:00,72.4
2025-06-12 01:32:00,94.8
2025-06-12 19:49:00,1.9
2025-06-12 05:39:00,92.5
2025-06-12 06:04:00,49.69252501471454
2025-06-12 11:56:00,49.69252501471454
2025-06-12 13:10:00,59.5
2025-06-12 16:32:00,56.1
2025-06-12 17:07:00,73.6
2025-06-12 01:48:00,63.3
2025-06-12 06:07:00,48.8
2025-06-12 02:31:00,66.4
2025-06-12 12:49:00,44.4
2025-06-12 11:40:00,93.0
2025-06-12 18:32:00,65.7
2025-06-12 23:09:00,11.3
2025-06-12 09:53:00,63.1
2025-06-12 10:25:00,48.5
2025-06-12 00:20:00,64.3
2025-06-12 03:29:00,51.6
2025-06-12 20:14:00,49.69252501471454
2025-06-12 11:40:00,89.1
2025-06-12 16:44:00,77.0
2025-06-12 10:35:00,49.69252501471454
2025-06-12 07:20:00,49.69252501471454
2025-06-12 04:59:00,82.3
2025-06-12 19:28:00,49.69252501471454
2025-06-12 20:43:00,50.7
2025-06-12 18:38:00,77.5
2025-06-12 14:34:00,51.7
2025-06-12 09:49:00,31.6
2025-06-12 06:23:00,70.3
2025-06-12 23:57:00,10.9
2025-06-12 00:28:00,49.69252501471454
2025-06-12 12:48:00,63.7
2025-06-12 06:14:00,49.69252501471454
2025-06-12 00:03:00,54.5
2025-06-12 10:11:00,84.2
2025-06-12 01:38:00,9.5
2025-06-12 17:18:00,81.8
2025-06-12 21:27:00,87.3
2025-06-12 15:21:00,47.8
2025-06-12 10:52:00,77.3
2025-06-12 13:44:00,68.6
2025-06-12 08:38:00,60.5
2025-06-12 02:16:00,95.2
2025-06-12 00:06:00,55.1
2025-06-12 06:03:00,90.8
2025-06-12 23:00:00,69.6
2025-06-12 22:09:00,20.7
2025-06-12 19:51:00,82.3
2025-06-12 01:41:00,23.9
2025-06-12 18:06:00,22.6
2025-06-12 12:56:00,30.7
2025-06-12 09:04:00,50.2
2025-06-12 05:05:00,40.9
2025-06-12 16:20:00,58.4
2025-06-12 13:57:00,30.3
2025-06-12 00:10:00,80.7
2025-06-12 20:16:00,49.69252501471454
2025-06-12 19:05:00,3.5
2025-06-12 04:23:00,3.7
2025-06-12 21:42:00,49.69252501471454
2025-06-12 00:36:00,49.69252501471454
2025-06-12 23:20:00,25.8
2025-06-12 17:28:00,92.4
2025-06-12 03:33:00,49.69252501471454
2025-06-12 03:17:00,21.9
2025-06-12 05:12:00,90.6
2025-06-12 03:18:00,28.0
2025-06-12 14:43:00,73.8
2025-06-12 10:41:00,82.1
2025-06-12 12:56:00,77.1
2025-06-12 06:32:00,1.1
2025-06-12 23:28:00,66.6
2025-06-12 18:03:00,0.7
2025-06-12 18:03:00,96.7
2025-06-12 03:00:00,69.0
2025-06-12 03:21:00,36.0
2025-06-12 02:22:00,2.4
2025-06-12 06:26:00,22.0
2025-06-12 04:57:00,28.5
2025-06-12 09:22:00,3.1
2025-06-12 07:40:00,84.1
2025-06-12 03:01:00,65.2
2025-06-12 21:32:00,18.2
2025-06-12 13:17:00,49.88181818181819
2025-06-12 11:25:00,34.1
2025-06-12 08:47:00,49.88181818181819
2025-06-12 19:25:00,37.7
2025-06-12 04:00:00,58.6
2025-06-12 05:24:00,49.88181818181819
2025-06-12 06:24:00,36.0
2025-06-12 01:02:00,91.7
2025-06-12 00:37:00,45.9
2025-06-12 16:56:00,50.9
2025-06-12 12:59:00,49.88181818181819
2025-06-12 02:06:00,95.3
2025-06-12 05:29:00,49.88181818181819
2025-06-12 05:35:00,99.1
2025-06-12 19:57:00,4.4
2025-06-12 17:15:00,57.3
2025-06-12 18:10:00,93.4
2025-06-12 21:02:00,81.0
2025-06-12 16:09:00,92.0
2025-06-12 17:56:00,49.88181818181819
2025-06-12 19:44:00,47.1
2025-06-12 11:30:00,69.5
2025-06-12 00:13:00,1.5
2025-06-12 04:44:00,4.9
2025-06-12 11:59:00,91.1
2025-06-12 06:44:00,84.3
2025-06-12 08:18:00,49.88181818181819
2025-06-12 20:21:00,71.0
2025-06-12 00:29:00,60.8
2025-06-12 07:14:00,9.7
2025-06-12 18:48:00,98.8
2025-06-12 13:05:00,19.1
2025-06-12 17:53:00,76.9
2025-06-12 04:04:00,45.8
2025-06-12 23:04:00,59.2
2025-06-12 17:43:00,49.88181818181819
2025-06-12 01:28:00,63.0
2025-06-12 01:41:00,28.4
2025-06-12 15:35:00,77.2
2025-06-12 01:30:00,14.9
2025-06-12 15:52:00,49.88181818181819
2025-06-12 08:23:00,49.88181818181819
2025-06-12 13:41:00,89.3
2025-06-12 09:13:00,64.7
2025-06-12 11:23:00,89.9
2025-06-12 21:10:00,36.4
2025-06-12 04:42:00,49.88181818181819
2025-06-12 19:16:00,49.9
2025-06-12 00:41:00,37.4
2025-06-12 06:13:00,44.8
2025-06-12 00:26:00,31.9
2025-06-12 23:38:00,33.9
2025-06-12 01:21:00,49.88181818181819
2025-06-12 17:30:00,32.0
2025-06-12 12:37:00,97.7
2025-06-12 12:29:00,36.4
2025-06-12 12:34:00,49.88181818181819
2025-06-12 08:23:00,59.4
2025-06-12 11:27:00,63.9
2025-06-12 18:15:00,6.5
2025-06-12 23:53:00,40.2
2025-06-12 17:56:00,69.2
2025-06-12 18:07:00,68.8
2025-06-12 20:59:00,33.0
2025-06-12 06:24:00,18.2
2025-06-12 15:07:00,24.7
2025-06-12 21:19:00,46.7
2025-06-12 14:05:00,97.0
2025-06-12 21:00:00,30.2
2025-06-12 04:06:00,85.0
2025-06-12 13:21:00,49.88181818181819
2025-06-12 15:05:00,98.4
2025-06-12 12:36:00,95.3
2025-06-12 14:48:00,23.8
2025-06-12 20:55:00,31.7
2025-06-12 04:56:00,48.9
2025-06-12 20:54:00,67.1
2025-06-12 18:41:00,77.2
2025-06-12 06:51:00,2.2
2025-06-12 22:27:00,41.0
2025-06-12 17:53:00,31.8
2025-06-12 08:52:00,16.3
2025-06-12 07:26:00,49.88181818181819
2025-06-12 08:25:00,63.8
2025-06-12 09:03:00,53.7
2025-06-12 21:34:00,13.1
2025-06-12 03:36:00,49.88181818181819
2025-06-12 01:04:00,49.88181818181819
2025-06-12 21:01:00,32.8
2025-06-12 18:57:00,8.6
2025-06-12 20:50:00,49.88181818181819
2025-06-12 23:58:00,2.6
2025-06-12 09:12:00,62.7
2025-06-12 03:26:00,33.1
2025-06-12 05:48:00,49.88181818181819
2025-06-12 15:31:00,38.9
2025-06-12 19:14:00,50.0
2025-06-12 21:06:00,49.88181818181819
2025-06-12 17:04:00,24.6
2025-06-12 02:01:00,16.3
2025-06-12 05:41:00,2.3
2025-06-12 07:05:00,63.5
2025-06-12 23:29:00,21.7
2025-06-12 08:48:00,82.7
2025-06-12 18:05:00,19.0
2025-06-12 02:48:00,30.0
2025-06-12 00:08:00,42.4
2025-06-12 02:50:00,56.0
2025-06-12 22:03:00,61.8
2025-06-12 20:18:00,97.0
2025-06-12 23:53:00,38.2
2025-06-12 05:10:00,97.4
2025-06-12 06:48:00,79.8
2025-06-12 02:49:00,49.88181818181819
2025-06-12 19:25:00,70.8
2025-06-12 13:30:00,57.9
2025-06-12 08:21:00,13.0
2025-06-12 12:41:00,80.9
2025-06-12 16:39:00,68.9
2025-06-12 04:21:00,49.88181818181819
2025-06-12 23:08:00,55.7
2025-06-12 15:14:00,17.4
2025-06-12 17:21:00,48.1
2025-06-12 16:07:00,4.1
2025-06-12 14:05:00,37.3
2025-06-12 22:44:00,26.3
2025-06-12 22:03:00,49.88181818181819
2025-06-12 21:53:00,36.4
2025-06-12 05:04:00,72.6
2025-06-12 04:25:00,97.4
2025-06-12 10:59:00,12.7
2025-06-12 17:24:00,96.9
2025-06-12 22:42:00,15.1
2025-06-12 13:59:00,99.1
2025-06-12 07:13:00,42.0
2025-06-12 15:26:00,36.7
2025-06-12 02:25:00,95.7
2025-06-12 09:05:00,86.9
2025-06-12 12:12:00,44.7
2025-06-12 11:40:00,64.4
2025-06-12 09:01:00,50.1
2025-06-12 08:39:00,71.9
2025-06-12 04:07:00,83.4
2025-06-12 03:13:00,33.7
2025-06-12 14:31:00,49.88181818181819
2025-06-12 03:58:00,9.1
2025-06-12 21:55:00,14.6
2025-06-12 08:35:00,71.0
2025-06-12 09:12:00,49.88181818181819
2025-06-12 17:15:00,12.8
2025-06-12 06:03:00,49.88181818181819
2025-06-12 16:04:00,33.1
2025-06-12 00:20:00,85.9
2025-06-12 14:50:00,88.0
2025-06-12 23:21:00,0.6
2025-06-12 12:42:00,63.6
2025-06-12 00:36:00,31.7
2025-06-12 02:51:00,15.0
2025-06-12 01:22:00,72.5
2025-06-12 18:00:00,56.0
2025-06-12 06:19:00,34.6
2025-06-12 01:31:00,64.1
2025-06-12 16:17:00,97.1
2025-06-12 21:27:00,57.0
2025-06-12 11:52:00,6.2
2025-06-12 20:58:00,54.1
2025-06-12 12:04:00,43.6
2025-06-12 17:23:00,31.5
2025-06-12 09:17:00,14.1
2025-06-12 17:42:00,99.8
2025-06-12 02:41:00,49.88181818181819
2025-06-12 11:31:00,49.88181818181819
2025-06-12 19:37:00,49.88181818181819
2025-06-12 20:31:00,16.5
2025-06-12 11:56:00,56.8
2025-06-12 07:41:00,45.6
2025-06-12 21:54:00,4.9
2025-06-12 19:39:00,98.1
2025-06-12 03:02:00,22.2
2025-06-12 04:07:00,25.6
2025-06-12 06:53:00,32.4
2025-06-12 11:56:00,24.5
2025-06-12 00:34:00,77.6
2025-06-12 00:36:00,99.7
2025-06-12 19:25:00,46.6
2025-06-12 10:20:00,49.88181818181819
2025-06-12 23:11:00,25.1
2025-06-12 05:15:00,13.9
2025-06-12 20:51:00,68.0
2025-06-12 02:34:00,30.3
2025-06-12 03:19:00,49.88181818181819
2025-06-12 19:31:00,83.5
2025-06-12 14:01:00,88.6
2025-06-12 23:31:00,34.4
2025-06-12 11:37:00,4.0
2025-06-12 20:14:00,52.7
2025-06-12 15:27:00,7.4
2025-06-12 23:05:00,32.7
2025-06-12 14:28:00,24.4
2025-06-12 13:14:00,90.5
2025-06-12 01:54:00,50.7
2025-06-12 19:54:00,16.4
2025-06-12 23:35:00,85.1
2025-06-12 14:48:00,49.88181818181819
2025-06-12 14:14:00,13.1
2025-06-12 05:05:00,60.4
2025-06-12 20:51:00,92.4
2025-06-12 01:20:00,24.7
2025-06-12 08:15:00,49.88181818181819
2025-06-12 02:32:00,79.5
2025-06-12 03:44:00,61.0
2025-06-12 10:56:00,49.88181818181819
2025-06-12 11:07:00,16.7
2025-06-12 03:01:00,58.9
2025-06-12 06:06:00,42.8
2025-06-12 06:25:00,49.88181818181819
2025-06-12 09:54:00,58.8
2025-06-12 09:29:00,35.3
2025-06-12 04:16:00,63.1
2025-06-12 13:19:00,93.0
2025-06-12 02:16:00,77.6
2025-06-12 10:11:00,10.6
2025-06-12 09:23:00,92.1
2025-06-12 15:21:00,27.8
2025-06-12 10:51:00,66.3
2025-06-12 21:52:00,20.2
2025-06-12 12:42:00,98.3
2025-06-12 07:40:00,80.4
2025-06-12 10:19:00,71.2
2025-06-12 04:34:00,73.3
2025-06-12 14:27:00,96.1
2025-06-12 01:01:00,97.3
2025-06-12 18:13:00,49.88181818181819
2025-06-12 14:14:00,41.9
2025-06-12 08:05:00,49.88181818181819
2025-06-12 04:40:00,50.8
2025-06-12 02:27:00,58.9
2025-06-12 00:34:00,22.8
2025-06-12 09:59:00,61.8
2025-06-12 14:03:00,47.2
2025-06-12 19:48:00,95.4
2025-06-12 00:49:00,12.8
2025-06-12 23:39:00,28.0
2025-06-12 19:52:00,87.3
2025-06-12 03:29:00,63.3
2025-06-12 15:09:00,73.2
2025-06-12 19:45:00,97.1
2025-06-12 23:37:00,49.88181818181819
2025-06-12 16:21:00,68.6
2025-06-12 17:56:00,82.3
2025-06-12 13:51:00,91.1
2025-06-12 04:35:00,17.0
2025-06-12 11:22:00,6.8
2025-06-12 22:31:00,77.2
2025-06-12 15:35:00,72.6
2025-06-12 12:14:00,49.88181818181819
2025-06-12 21:09:00,63.5
2025-06-12 19:58:00,85.4
2025-06-12 10:13:00,49.88181818181819
2025-06-12 22:02:00,39.5
2025-06-12 10:52:00,39.6
2025-06-12 00:10:00,89.5
2025-06-12 06:31:00,13.6
2025-06-12 19:20:00,96.5
2025-06-12 21:31:00,65.2
2025-06-12 22:24:00,80.3
2025-06-12 22:20:00,98.4
2025-06-12 12:26:00,94.8
2025-06-12 22:27:00,36.0
2025-06-12 21:04:00,77.1
2025-06-12 19:58:00,49.88181818181819
2025-06-12 09:02:00,99.0
2025-06-12 12:26:00,33.8
2025-06-12 16:13:00,11.7
2025-06-12 06:17:00,49.88181818181819
2025-06-12 03:54:00,49.88181818181819
2025-06-12 07:35:00,19.1
2025-06-12 04:11:00,42.2
2025-06-12 04:21:00,28.2
2025-06-12 01:01:00,75.0
2025-06-12 18:31:00,69.6
2025-06-12 17:22:00,82.2
2025-06-12 19:35:00,49.88181818181819
2025-06-12 08:01:00,36.7
2025-06-12 20:15:00,17.7
2025-06-12 04:24:00,13.3
2025-06-12 12:19:00,49.88181818181819
2025-06-12 23:19:00,49.88181818181819
2025-06-12 14:01:00,22.7
2025-06-12 20:41:00,2.8
2025-06-12 06:07:00,12.3
2025-06-12 13:32:00,62.6
2025-06-12 02:35:00,68.1
2025-06-12 01:30:00,33.6
2025-06-12 07:05:00,49.88181818181819
2025-06-12 03:04:00,94.4
2025-06-12 16:49:00,49.88181818181819
2025-06-12 09:12:00,98.3
2025-06-12 11:07:00,55.6
2025-06-12 11:21:00,11.6
2025-06-12 15:51:00,4.3
2025-06-12 08:26:00,72.6
2025-06-12 23:22:00,94.5
2025-06-12 04:31:00,49.88181818181819
2025-06-12 09:33:00,49.88181818181819
2025-06-12 11:12:00,49.88181818181819
2025-06-12 07:47:00,29.8
2025-06-12 20:54:00,49.88181818181819
2025-06-12 18:01:00,2.3
2025-06-12 06:36:00,7.2
2025-06-12 00:44:00,3.7
2025-06-12 07:25:00,27.3
2025-06-12 16:46:00,69.0
2025-06-12 03:10:00,45.9
2025-06-12 10:35:00,30.4
2025-06-12 20:32:00,62.9
2025-06-12 12:18:00,40.1
2025-06-12 11:39:00,47.3
2025-06-12 11:13:00,0.9
2025-06-12 15:01:00,69.8
2025-06-12 07:40:00,6.1
2025-06-12 21:49:00,24.9
2025-06-12 05:38:00,49.88181818181819
2025-06-12 16:10:00,57.1
2025-06-12 20:09:00,13.3
2025-06-12 00:25:00,61.4
2025-06-12 06:21:00,26.0
2025-06-12 23:52:00,5.6
2025-06-12 05:36:00,4.4
2025-06-12 09:20:00,28.6
2025-06-12 19:40:00,69.8
2025-06-12 03:51:00,3.9
2025-06-12 14:52:00,39.1
2025-06-12 23:52:00,78.0
2025-06-12 07:15:00,43.5
2025-06-12 07:52:00,44.0
2025-06-12 18:57:00,36.2
2025-06-12 08:42:00,78.9
2025-06-12 21:32:00,13.2
2025-06-12 20:47:00,38.7
2025-06-12 02:01:00,55.1
2025-06-12 04:57:00,21.6
2025-06-12 18:06:00,49.88181818181819
2025-06-12 21:33:00,49.88181818181819
2025-06-12 05:40:00,67.4
2025-06-12 23:11:00,68.3
2025-06-12 16:01:00,84.3
2025-06-12 21:01:00,62.9
2025-06-12 20:14:00,38.0
2025-06-12 08:30:00,15.1
2025-06-12 12:57:00,2.1
2025-06-12 12:35:00,77.1
2025-06-12 04:58:00,4.5
2025-06-12 06:37:00,12.7
2025-06-12 10:41:00,75.5
2025-06-12 20:38:00,27.2
2025-06-12 00:50:00,24.8
2025-06-12 03:01:00,50.019744401453856
2025-06-12 10:28:00,84.5
2025-06-12 12:32:00,2.2
2025-06-12 07:51:00,47.1
2025-06-12 11:57:00,48.2
2025-06-12 08:08:00,86.7
2025-06-12 13:54:00,50.019744401453856
2025-06-12 05:47:00,65.7
2025-06-12 18:00:00,23.4
2025-06-12 21:01:00,50.0
2025-06-12 12:22:00,64.8
2025-06-12 15:01:00,31.5
2025-06-12 09:59:00,89.5
2025-06-12 01:21:00,44.3
2025-06-12 18:18:00,76.2
2025-06-12 17:52:00,63.5
2025-06-12 08:03:00,64.4
2025-06-12 11:42:00,90.5
2025-06-12 17:34:00,89.3
2025-06-12 21:17:00,55.9
2025-06-12 21:12:00,79.7
2025-06-12 08:14:00,4.2
2025-06-12 07:53:00,85.0
2025-06-12 04:43:00,65.9
2025-06-12 20:24:00,7.0
2025-06-12 15:03:00,80.6
2025-06-12 05:29:00,41.8
2025-06-12 14:35:00,82.5
2025-06-12 16:16:00,20.8
2025-06-12 21:53:00,63.2
2025-06-12 15:37:00,59.7
2025-06-12 13:29:00,52.9
2025-06-12 10:24:00,23.5
2025-06-12 21:10:00,55.0
2025-06-12 20:06:00,66.9
2025-06-12 15:11:00,60.1
2025-06-12 16:25:00,90.2
2025-06-12 23:44:00,44.6
2025-06-12 18:29:00,11.1
2025-06-12 20:04:00,50.019744401453856
2025-06-12 22:55:00,90.7
2025-06-12 06:16:00,55.0
2025-06-12 19:50:00,14.2
2025-06-12 20:08:00,6.1
2025-06-12 00:07:00,50.019744401453856
2025-06-12 13:00:00,43.7
2025-06-12 01:04:00,57.2
2025-06-12 07:25:00,88.9
2025-06-12 12:01:00,90.9
2025-06-12 02:03:00,41.6
2025-06-12 13:22:00,27.0
2025-06-12 16:54:00,61.9
2025-06-12 11:59:00,28.3
2025-06-12 16:22:00,26.9
2025-06-12 20:16:00,96.4
2025-06-12 10:12:00,6.5
2025-06-12 23:53:00,51.5
2025-06-12 05:15:00,50.019744401453856
2025-06-12 03:42:00,9.5
2025-06-12 03:13:00,27.4
2025-06-12 08:34:00,59.7
2025-06-12 01:01:00,67.2
2025-06-12 18:43:00,49.8
2025-06-12 00:29:00,2.9
2025-06-12 02:36:00,84.1
2025-06-12 04:25:00,15.8
2025-06-12 09:46:00,24.0
2025-06-12 00:10:00,50.019744401453856
2025-06-12 13:38:00,63.3
2025-06-12 04:15:00,68.1
2025-06-12 13:52:00,36.3
2025-06-12 04:18:00,77.6
2025-06-12 02:18:00,27.4
2025-06-12 00:26:00,73.6
2025-06-12 21:52:00,50.019744401453856
2025-06-12 20:57:00,24.9
2025-06-12 20:21:00,62.7
2025-06-12 06:58:00,65.3
2025-06-12 07:30:00,78.7
2025-06-12 03:27:00,37.9
2025-06-12 11:11:00,24.7
2025-06-12 23:51:00,55.2
2025-06-12 19:07:00,10.9
2025-06-12 10:05:00,77.6
2025-06-12 12:24:00,10.3
2025-06-12 10:50:00,50.019744401453856
2025-06-12 08:16:00,1.7
2025-06-12 21:59:00,70.7
2025-06-12 09:33:00,57.9
2025-06-12 03:49:00,50.019744401453856
2025-06-12 05:53:00,34.7
2025-06-12 15:12:00,53.9
2025-06-12 23:26:00,68.5
2025-06-12 00:38:00,52.6
2025-06-12 00:30:00,77.7
2025-06-12 03:45:00,10.1
2025-06-12 18:14:00,10.6
2025-06-12 19:05:00,9.8
2025-06-12 03:10:00,48.8
2025-06-12 21:32:00,57.1
2025-06-12 02:09:00,82.0
2025-06-12 00:34:00,99.1
2025-06-12 18:04:00,98.3
2025-06-12 16:48:00,92.4
2025-06-12 20:24:00,19.7
2025-06-12 02:38:00,50.019744401453856
2025-06-12 01:00:00,38.4
2025-06-12 03:50:00,93.9
2025-06-12 09:01:00,8.4
2025-06-12 07:26:00,72.1
2025-06-12 12:58:00,50.019744401453856
2025-06-12 00:37:00,95.3
2025-06-12 17:09:00,80.2
2025-06-12 22:59:00,62.0
2025-06-12 23:09:00,34.4
2025-06-12 20:38:00,53.2
2025-06-12 10:45:00,99.9
2025-06-12 20:56:00,81.5
2025-06-12 06:03:00,85.9
2025-06-12 02:36:00,11.1
2025-06-12 10:24:00,50.019744401453856
2025-06-12 11:56:00,31.9
2025-06-12 10:34:00,34.3
2025-06-12 04:03:00,37.5
2025-06-12 14:41:00,54.0
2025-06-12 20:13:00,50.019744401453856
2025-06-12 17:13:00,52.9
2025-06-12 15:19:00,50.019744401453856
2025-06-12 03:53:00,42.6
2025-06-12 05:46:00,50.019744401453856
2025-06-12 07:07:00,43.1
2025-06-12 06:49:00,29.5
2025-06-12 13:50:00,89.4
2025-06-12 22:16:00,16.0
2025-06-12 16:44:00,39.5
2025-06-12 22:08:00,50.019744401453856
2025-06-12 08:20:00,50.019744401453856
2025-06-12 05:16:00,53.2
2025-06-12 08:13:00,31.9
2025-06-12 01:43:00,82.1
2025-06-12 09:36:00,50.019744401453856
2025-06-12 06:00:00,55.1
2025-06-12 09:42:00,43.8
2025-06-12 09:46:00,75.3
2025-06-12 04:05:00,64.7
2025-06-12 06:26:00,97.9
2025-06-12 11:00:00,34.7
2025-06-12 03:41:00,69.4
2025-06-12 22:29:00,50.9
2025-06-12 12:34:00,54.9
2025-06-12 02:04:00,2.1
2025-06-12 17:09:00,38.9
2025-06-12 11:30:00,56.7
2025-06-12 03:50:00,9.7
2025-06-12 02:28:00,42.2
2025-06-12 21:41:00,68.8
2025-06-12 22:18:00,15.9
2025-06-12 23:52:00,42.6
2025-06-12 04:12:00,68.4
2025-06-12 12:17:00,61.3
2025-06-12 07:05:00,42.9
2025-06-12 09:07:00,98.2
2025-06-12 12:44:00,68.2
2025-06-12 15:28:00,50.019744401453856
2025-06-12 04:29:00,50.019744401453856
2025-06-12 11:41:00,0.2
2025-06-12 21:31:00,50.019744401453856
2025-06-12 18:22:00,10.1
2025-06-12 00:39:00,87.5
2025-06-12 02:44:00,50.019744401453856
2025-06-12 01:59:00,9.3
2025-06-12 08:37:00,5.2
2025-06-12 20:10:00,51.2
2025-06-12 23:38:00,39.5
2025-06-12 01:04:00,28.4
2025-06-12 07:55:00,68.6
2025-06-12 07:06:00,50.019744401453856
2025-06-12 18:09:00,22.3
2025-06-12 18:52:00,2.1
2025-06-12 21:43:00,49.2
2025-06-12 12:26:00,50.019744401453856
2025-06-12 23:14:00,85.5
2025-06-12 16:58:00,79.0
2025-06-12 01:31:00,94.8
2025-06-12 22:13:00,52.0
2025-06-12 11:57:00,84.0
2025-06-12 02:30:00,17.5
2025-06-12 05:18:00,4.0
2025-06-12 10:12:00,50.019744401453856
2025-06-12 14:49:00,50.019744401453856
2025-06-12 17:21:00,29.8
2025-06-12 21:52:00,90.8
2025-06-12 01:59:00,68.3
2025-06-12 01:18:00,48.3
2025-06-12 22:34:00,50.019744401453856
2025-06-12 09:41:00,52.9
2025-06-12 10:08:00,37.2
2025-06-12 04:38:00,40.5
2025-06-12 01:17:00,38.4
2025-06-12 01:40:00,78.6
2025-06-12 16:36:00,22.2
2025-06-12 03:54:00,47.0
2025-06-12 16:28:00,79.6
2025-06-12 07:34:00,56.7
2025-06-12 17:27:00,85.8
2025-06-12 23:15:00,9.7
2025-06-12 14:45:00,66.4
2025-06-12 02:53:00,21.9
2025-06-12 15:32:00,66.3
2025-06-12 04:55:00,2.5
2025-06-12 20:06:00,60.5
2025-06-12 11:20:00,18.7
2025-06-12 08:33:00,71.7
2025-06-12 03:43:00,3.2
2025-06-12 07:01:00,88.9
2025-06-12 22:41:00,26.0
2025-06-12 01:40:00,31.0
2025-06-12 22:43:00,79.2
2025-06-12 20:59:00,50.019744401453856
2025-06-12 22:14:00,84.1
2025-06-12 19:14:00,64.3
2025-06-12 09:46:00,43.9
2025-06-12 15:22:00,50.019744401453856
2025-06-12 15:44:00,52.5
2025-06-12 19:09:00,44.4
2025-06-12 16:20:00,50.019744401453856
2025-06-12 16:04:00,50.019744401453856
2025-06-12 16:05:00,27.6
2025-06-12 18:00:00,35.7
2025-06-12 06:50:00,50.019744401453856
2025-06-12 23:20:00,49.9
2025-06-12 22:30:00,50.7
2025-06-12 11:00:00,50.019744401453856
2025-06-12 03:28:00,50.019744401453856
2025-06-12 21:46:00,56.1
2025-06-12 11:33:00,68.9
2025-06-12 06:58:00,59.8
2025-06-12 20:09:00,62.3
2025-06-12 16:10:00,76.2
2025-06-12 12:06:00,39.1
2025-06-12 12:48:00,41.0
2025-06-12 12:11:00,28.7
2025-06-12 05:04:00,92.0
2025-06-12 02:46:00,57.4
2025-06-12 13:52:00,59.7
2025-06-12 08:53:00,89.9
2025-06-12 10:51:00,7.6
2025-06-12 20:23:00,26.2
2025-06-12 17:59:00,65.7
2025-06-12 12:57:00,93.1
2025-06-12 06:22:00,22.7
2025-06-12 15:05:00,20.3
2025-06-12 16:33:00,50.019744401453856
2025-06-12 01:05:00,18.2
2025-06-12 21:25:00,97.0
2025-06-12 08:49:00,75.0
2025-06-12 02:29:00,82.4
2025-06-12 16:43:00,67.5
2025-06-12 19:13:00,82.4
2025-06-12 04:53:00,39.7
2025-06-12 16:45:00,99.0
2025-06-12 04:23:00,97.9
2025-06-12 13:58:00,43.8
2025-06-12 19:54:00,30.7
2025-06-12 11:29:00,85.8
2025-06-12 22:21:00,57.6
2025-06-12 12:10:00,62.3
2025-06-12 19:24:00,76.3
2025-06-12 15:59:00,23.5
2025-06-12 04:41:00,97.7
2025-06-12 08:14:00,95.8
2025-06-12 05:51:00,20.1
2025-06-12 20:56:00,22.1
2025-06-12 05:05:00,62.6
2025-06-12 23:22:00,47.6
2025-06-12 02:26:00,17.0
2025-06-12 07:00:00,57.6
2025-06-12 02:31:00,75.7
2025-06-12 06:13:00,48.3
2025-06-12 18:00:00,50.019744401453856
2025-06-12 00:41:00,65.7
2025-06-12 02:26:00,50.019744401453856
2025-06-12 08:49:00,26.6
2025-06-12 17:36:00,62.6
2025-06-12 00:24:00,91.3
2025-06-12 11:46:00,50.019744401453856
2025-06-12 12:21:00,68.5
2025-06-12 10:46:00,23.6
2025-06-12 12:37:00,0.2
2025-06-12 16:07:00,56.1
2025-06-12 13:13:00,20.4
2025-06-12 02:39:00,73.9
2025-06-12 07:55:00,2.4
2025-06-12 10:40:00,50.019744401453856
2025-06-12 08:37:00,56.5
2025-06-12 15:24:00,50.019744401453856
2025-06-12 01:20:00,26.3
2025-06-12 15:47:00,84.3
2025-06-12 22:56:00,50.019744401453856
2025-06-12 17:31:00,91.7
2025-06-12 22:01:00,36.8
2025-06-12 11:20:00,6.8
2025-06-12 05:28:00,50.2
2025-06-12 16:10:00,50.019744401453856
2025-06-12 17:11:00,4.7
2025-06-12 12:46:00,7.8
2025-06-12 19:53:00,76.3
2025-06-12 04:53:00,52.8
2025-06-12 04:22:00,7.3
2025-06-12 13:29:00,53.0
2025-06-12 21:36:00,18.0
2025-06-12 04:49:00,27.4
2025-06-12 02:54:00,30.9
2025-06-12 12:17:00,87.6
2025-06-12 14:59:00,37.9
2025-06-12 22:59:00,24.3
2025-06-12 08:07:00,14.6
2025-06-12 05:13:00,6.0
2025-06-12 20:19:00,96.9
2025-06-12 20:30:00,85.8
2025-06-12 13:13:00,50.019744401453856
2025-06-12 09:44:00,75.5
2025-06-12 23:43:00,43.0
2025-06-12 09:08:00,43.0
2025-06-12 09:32:00,8.5
2025-06-12 14:05:00,2.6
2025-06-12 20:11:00,71.0
2025-06-12 18:02:00,69.7
2025-06-12 21:02:00,50.019744401453856
2025-06-12 22:55:00,50.019744401453856
2025-06-12 01:47:00,80.0
2025-06-12 16:18:00,26.0
2025-06-12 12:43:00,48.2
2025-06-12 18:33:00,42.2
2025-06-12 10:21:00,72.0
2025-06-12 08:17:00,63.0
2025-06-12 16:31:00,68.1
2025-06-12 06:16:00,58.0
2025-06-12 16:12:00,49.0
2025-06-12 22:00:00,50.0
2025-06-12 12:35:00,70.1
2025-06-12 21:00:00,86.2
2025-06-12 14:02:00,49.94205948042788
2025-06-12 12:03:00,19.7
2025-06-12 18:39:00,19.2
2025-06-12 18:57:00,73.5
2025-06-12 04:44:00,11.1
2025-06-12 16:48:00,12.0
2025-06-12 19:43:00,22.0
2025-06-12 01:17:00,92.4
2025-06-12 18:23:00,24.3
2025-06-12 04:07:00,13.4
2025-06-12 02:53:00,14.3
2025-06-12 00:24:00,1.2
2025-06-12 18:04:00,16.2
2025-06-12 12:27:00,30.9
2025-06-12 01:00:00,36.6
2025-06-12 08:56:00,94.3
2025-06-12 01:48:00,69.5
2025-06-12 15:32:00,36.7
2025-06-12 11:36:00,8.5
2025-06-12 14:22:00,70.2
2025-06-12 10:31:00,0.8
2025-06-12 16:31:00,14.3
2025-06-12 16:51:00,49.94205948042788
2025-06-12 17:26:00,39.3
2025-06-12 18:09:00,52.1
2025-06-12 07:21:00,35.3
2025-06-12 16:35:00,88.2
2025-06-12 00:08:00,75.6
2025-06-12 20:07:00,49.94205948042788
2025-06-12 03:16:00,70.3
2025-06-12 03:42:00,40.3
2025-06-12 14:35:00,49.94205948042788
2025-06-12 03:57:00,49.94205948042788
2025-06-12 19:43:00,51.4
2025-06-12 08:00:00,22.5
2025-06-12 12:56:00,49.94205948042788
2025-06-12 17:54:00,34.0
2025-06-12 10:43:00,49.94205948042788
2025-06-12 07:01:00,43.8
2025-06-12 16:45:00,62.6
2025-06-12 07:14:00,88.3
2025-06-12 09:57:00,82.1
2025-06-12 11:10:00,37.8
2025-06-12 23:26:00,60.1
2025-06-12 13:17:00,66.6
2025-06-12 12:32:00,38.5
2025-06-12 23:43:00,79.6
2025-06-12 06:04:00,14.3
2025-06-12 15:02:00,68.6
2025-06-12 20:21:00,59.7
2025-06-12 00:02:00,13.0
2025-06-12 10:06:00,49.94205948042788
2025-06-12 14:48:00,23.7
2025-06-12 20:06:00,16.6
2025-06-12 02:19:00,58.3
2025-06-12 09:04:00,4.3
2025-06-12 13:54:00,56.8
2025-06-12 18:50:00,85.8
2025-06-12 09:22:00,36.4
2025-06-12 09:23:00,49.94205948042788
2025-06-12 15:13:00,56.8
2025-06-12 08:40:00,53.5
2025-06-12 12:40:00,87.5
2025-06-12 05:38:00,29.8
2025-06-12 14:17:00,95.8
2025-06-12 21:27:00,46.2
2025-06-12 08:59:00,9.3
2025-06-12 13:42:00,72.8
2025-06-12 23:19:00,32.1
2025-06-12 20:22:00,27.1
2025-06-12 20:09:00,49.94205948042788
2025-06-12 17:16:00,24.1
2025-06-12 12:16:00,93.4
2025-06-12 19:15:00,39.2
2025-06-12 00:19:00,82.4
2025-06-12 04:03:00,8.5
2025-06-12 23:38:00,15.2
2025-06-12 19:21:00,67.7
2025-06-12 09:59:00,12.0
2025-06-12 09:52:00,93.2
2025-06-12 18:59:00,19.1
2025-06-12 08:46:00,42.4
2025-06-12 09:42:00,49.94205948042788
2025-06-12 09:16:00,49.94205948042788
2025-06-12 09:14:00,99.8
2025-06-12 01:16:00,39.6
2025-06-12 16:37:00,13.0
2025-06-12 01:58:00,81.8
2025-06-12 06:56:00,49.94205948042788
2025-06-12 23:39:00,37.9
2025-06-12 12:33:00,67.7
2025-06-12 04:24:00,87.3
2025-06-12 21:09:00,19.9
2025-06-12 06:56:00,38.2
2025-06-12 08:30:00,67.7
2025-06-12 23:04:00,48.2
2025-06-12 12:14:00,35.9
2025-06-12 12:08:00,14.0
2025-06-12 00:39:00,7.4
2025-06-12 08:11:00,47.8
2025-06-12 20:15:00,5.9
2025-06-12 10:27:00,37.7
2025-06-12 16:37:00,44.2
2025-06-12 00:58:00,66.4
2025-06-12 13:56:00,49.94205948042788
2025-06-12 23:27:00,16.9
2025-06-12 23:11:00,93.5
2025-06-12 08:50:00,92.0
2025-06-12 00:30:00,40.3
2025-06-12 02:21:00,49.94205948042788
2025-06-12 10:20:00,23.8
2025-06-12 08:40:00,69.7
2025-06-12 12:55:00,49.3
2025-06-12 08:13:00,92.1
2025-06-12 08:53:00,49.94205948042788
2025-06-12 05:04:00,12.1
2025-06-12 21:30:00,0.3
2025-06-12 07:57:00,61.1
2025-06-12 18:35:00,26.0
2025-06-12 08:23:00,60.9
2025-06-12 20:59:00,88.6
2025-06-12 04:15:00,7.6
2025-06-12 14:42:00,31.6
2025-06-12 03:46:00,49.94205948042788
2025-06-12 00:20:00,49.94205948042788
2025-06-12 11:03:00,66.0
2025-06-12 07:04:00,97.9
2025-06-12 23:56:00,0.4
2025-06-12 06:02:00,47.9
2025-06-12 20:56:00,86.1
2025-06-12 07:50:00,49.94205948042788
2025-06-12 15:11:00,36.4
2025-06-12 19:41:00,49.94205948042788
2025-06-12 09:53:00,64.7
2025-06-12 19:03:00,1.7
2025-06-12 17:28:00,38.0
2025-06-12 12:03:00,1.6
2025-06-12 02:22:00,38.0
2025-06-12 18:39:00,20.5
2025-06-12 18:29:00,85.1
2025-06-12 21:44:00,56.1
2025-06-12 07:14:00,92.5
2025-06-12 14:43:00,97.8
2025-06-12 02:25:00,49.94205948042788
2025-06-12 03:30:00,97.5
2025-06-12 00:17:00,19.3
2025-06-12 10:48:00,42.3
2025-06-12 08:44:00,56.8
2025-06-12 23:22:00,25.0
2025-06-12 13:30:00,24.7
2025-06-12 00:06:00,19.0
2025-06-12 13:07:00,32.0
2025-06-12 03:32:00,89.5
2025-06-12 19:40:00,82.0
2025-06-12 10:02:00,11.7
2025-06-12 10:30:00,34.3
2025-06-12 09:37:00,52.5
2025-06-12 10:23:00,3.4
2025-06-12 03:25:00,49.94205948042788
2025-06-12 05:57:00,31.9
2025-06-12 19:56:00,74.7
2025-06-12 17:16:00,8.9
2025-06-12 00:33:00,88.5
2025-06-12 18:23:00,48.8
2025-06-12 03:57:00,57.4
2025-06-12 01:44:00,95.1
2025-06-12 04:58:00,20.4
2025-06-12 10:24:00,7.9
2025-06-12 06:26:00,76.2
2025-06-12 18:43:00,48.5
2025-06-12 08:40:00,4.2
2025-06-12 04:26:00,13.1
2025-06-12 15:06:00,28.6
2025-06-12 21:36:00,69.4
2025-06-12 21:28:00,23.8
2025-06-12 22:27:00,49.0
2025-06-12 23:45:00,94.9
2025-06-12 11:10:00,22.0
2025-06-12 13:59:00,30.2
2025-06-12 05:15:00,82.8
2025-06-12 14:55:00,54.1
2025-06-12 02:24:00,20.8
2025-06-12 10:46:00,10.3
2025-06-12 06:38:00,79.6
2025-06-12 03:09:00,5.9
2025-06-12 09:06:00,49.94205948042788
2025-06-12 15:51:00,13.0
2025-06-12 00:43:00,49.94205948042788
2025-06-12 20:49:00,49.94205948042788
2025-06-12 03:44:00,43.3
2025-06-12 22:53:00,52.2
2025-06-12 13:59:00,43.7
2025-06-12 06:28:00,28.6
2025-06-12 06:18:00,49.94205948042788
2025-06-12 08:32:00,18.0
2025-06-12 11:52:00,10.8
2025-06-12 02:45:00,49.94205948042788
2025-06-12 09:34:00,27.7
2025-06-12 10:10:00,49.94205948042788
2025-06-12 17:44:00,3.5
2025-06-12 22:50:00,65.8
2025-06-12 06:48:00,2.6
2025-06-12 15:49:00,52.8
2025-06-12 12:49:00,12.5
2025-06-12 11:34:00,1.9
2025-06-12 14:07:00,86.2
2025-06-12 16:39:00,69.7
2025-06-12 11:01:00,13.2
2025-06-12 06:07:00,29.7
2025-06-12 07:40:00,6.7
2025-06-12 10:11:00,89.2
2025-06-12 19:33:00,49.94205948042788
2025-06-12 01:13:00,79.5
2025-06-12 08:01:00,30.6
2025-06-12 23:33:00,56.4
2025-06-12 22:30:00,14.1
2025-06-12 05:29:00,58.2
2025-06-12 12:04:00,49.94205948042788
2025-06-12 11:06:00,49.94205948042788
2025-06-12 20:28:00,49.94205948042788
2025-06-12 16:50:00,74.3
2025-06-12 13:12:00,49.94205948042788
2025-06-12 22:03:00,59.5
2025-06-12 06:08:00,19.0
2025-06-12 01:23:00,78.6
2025-06-12 21:32:00,3.9
2025-06-12 05:23:00,60.1
2025-06-12 15:59:00,25.0
2025-06-12 05:10:00,13.6
2025-06-12 08:56:00,49.2
2025-06-12 10:31:00,41.9
2025-06-12 15:32:00,85.9
2025-06-12 15:49:00,59.5
2025-06-12 05:26:00,3.0
2025-06-12 08:23:00,92.0
2025-06-12 06:23:00,36.1
2025-06-12 02:10:00,90.6
2025-06-12 19:34:00,12.5
2025-06-12 17:59:00,71.1
2025-06-12 23:27:00,29.3
2025-06-12 14:07:00,7.1
2025-06-12 23:20:00,82.0
2025-06-12 03:56:00,42.3
2025-06-12 09:53:00,49.94205948042788
2025-06-12 09:07:00,39.8
2025-06-12 03:09:00,26.7
2025-06-12 06:41:00,48.0
2025-06-12 20:18:00,49.94205948042788
2025-06-12 12:23:00,34.2
2025-06-12 09:51:00,55.6
2025-06-12 18:11:00,8.8
2025-06-12 18:51:00,8.9
2025-06-12 00:30:00,71.0
2025-06-12 09:34:00,83.1
2025-06-12 15:00:00,57.7
2025-06-12 20:56:00,49.94205948042788
2025-06-12 12:22:00,25.1
2025-06-12 06:33:00,29.1
2025-06-12 04:03:00,18.1
2025-06-12 16:35:00,86.8
2025-06-12 22:37:00,28.9
2025-06-12 23:53:00,21.9
2025-06-12 03:35:00,88.8
2025-06-12 05:30:00,13.0
2025-06-12 23:04:00,34.9
2025-06-12 13:21:00,71.7
2025-06-12 17:16:00,68.0
2025-06-12 15:01:00,12.8
2025-06-12 22:58:00,17.8
2025-06-12 09:50:00,84.6
2025-06-12 16:15:00,8.8
2025-06-12 09:46:00,56.3
2025-06-12 07:49:00,8.2
2025-06-12 03:06:00,19.7
2025-06-12 09:07:00,62.2
2025-06-12 03:06:00,84.4
2025-06-12 13:13:00,49.7
2025-06-12 11:00:00,66.3
2025-06-12 18:38:00,49.94205948042788
2025-06-12 17:52:00,75.4
2025-06-12 08:09:00,1.0
2025-06-12 23:27:00,49.94205948042788
2025-06-12 18:18:00,62.4
2025-06-12 14:01:00,47.8
2025-06-12 05:50:00,80.5
2025-06-12 00:38:00,9.8
2025-06-12 21:56:00,49.94205948042788
2025-06-12 23:46:00,21.1
2025-06-12 11:38:00,98.4
2025-06-12 11:38:00,49.94205948042788
2025-06-12 01:13:00,78.2
2025-06-12 00:12:00,47.7
2025-06-12 18:16:00,40.9
2025-06-12 09:16:00,99.4
2025-06-12 03:59:00,56.5
2025-06-12 01:53:00,49.94205948042788
2025-06-12 13:54:00,57.5
2025-06-12 10:43:00,95.6
2025-06-12 19:21:00,19.9
2025-06-12 02:39:00,48.8
2025-06-12 08:48:00,29.8
2025-06-12 01:30:00,10.0
2025-06-12 14:28:00,97.7
2025-06-12 00:54:00,57.8
2025-06-12 18:26:00,90.3
2025-06-12 15:27:00,58.3
2025-06-12 18:01:00,49.94205948042788
2025-06-12 19:46:00,58.2
2025-06-12 14:11:00,64.7
2025-06-12 20:54:00,71.4
2025-06-12 15:09:00,49.94205948042788
2025-06-12 08:48:00,13.5
2025-06-12 17:06:00,58.1
2025-06-12 14:46:00,59.4
2025-06-12 10:45:00,47.4
2025-06-12 14:34:00,50.9
2025-06-12 18:24:00,52.4
2025-06-12 00:08:00,13.0
2025-06-12 09:44:00,49.94205948042788
2025-06-12 10:26:00,49.94205948042788
2025-06-12 07:11:00,49.94205948042788
2025-06-12 16:58:00,49.94205948042788
2025-06-12 19:00:00,21.4
2025-06-12 07:30:00,24.0
2025-06-12 09:27:00,73.3
2025-06-12 04:42:00,30.5
2025-06-12 23:15:00,36.8
2025-06-12 15:48:00,53.7
2025-06-12 10:29:00,17.1
2025-06-12 01:57:00,53.8
2025-06-12 10:48:00,76.0
2025-06-12 00:29:00,49.94205948042788
2025-06-12 07:47:00,33.1
2025-06-12 04:38:00,78.4
2025-06-12 01:27:00,49.94205948042788
2025-06-12 16:45:00,71.6
2025-06-12 07:25:00,97.9
2025-06-12 01:32:00,49.94205948042788
2025-06-12 09:00:00,49.94205948042788
2025-06-12 11:18:00,65.1
2025-06-12 13:51:00,5.8
2025-06-12 14:45:00,34.0
2025-06-12 14:59:00,84.3
2025-06-12 15:31:00,38.0
2025-06-12 12:09:00,51.4
2025-06-12 14:21:00,4.1
2025-06-12 09:39:00,87.6
2025-06-12 18:46:00,14.3
2025-06-12 06:21:00,99.7
2025-06-12 22:55:00,73.4
2025-06-12 06:20:00,0.1
2025-06-12 18:34:00,50.024092836946274
2025-06-12 22:30:00,95.5
2025-06-12 15:52:00,32.7
2025-06-12 22:12:00,22.6
2025-06-12 15:46:00,9.4
2025-06-12 13:36:00,24.0
2025-06-12 17:10:00,81.8
2025-06-12 10:54:00,23.0
2025-06-12 02:30:00,3.8
2025-06-12 06:38:00,49.5
2025-06-12 18:25:00,33.0
2025-06-12 13:26:00,17.5
2025-06-12 01:07:00,50.024092836946274
2025-06-12 17:36:00,34.8
2025-06-12 00:14:00,49.1
2025-06-12 06:20:00,64.1
2025-06-12 13:12:00,19.5
2025-06-12 23:35:00,46.6
2025-06-12 20:55:00,13.7
2025-06-12 12:31:00,76.2
2025-06-12 07:13:00,7.0
2025-06-12 17:06:00,99.0
2025-06-12 10:46:00,60.9
2025-06-12 04:45:00,54.8
2025-06-12 12:36:00,96.5
2025-06-12 20:47:00,17.6
2025-06-12 15:56:00,86.7
2025-06-12 04:31:00,55.7
2025-06-12 08:42:00,14.2
2025-06-12 17:23:00,76.5
2025-06-12 12:36:00,42.4
2025-06-12 12:07:00,46.7
2025-06-12 20:53:00,88.3
2025-06-12 03:03:00,34.6
2025-06-12 22:08:00,10.8
2025-06-12 19:05:00,50.024092836946274
2025-06-12 13:20:00,90.1
2025-06-12 16:27:00,42.5
2025-06-12 12:58:00,50.024092836946274
2025-06-12 07:37:00,76.0
2025-06-12 08:31:00,0.2
2025-06-12 06:22:00,92.5
2025-06-12 05:28:00,75.2
2025-06-12 03:39:00,0.1
2025-06-12 18:07:00,37.4
2025-06-12 17:05:00,14.2
2025-06-12 04:17:00,48.7
2025-06-12 10:12:00,50.024092836946274
2025-06-12 19:15:00,5.2
2025-06-12 08:10:00,9.8
2025-06-12 11:41:00,3.0
2025-06-12 21:31:00,25.2
2025-06-12 03:31:00,50.024092836946274
2025-06-12 05:04:00,80.0
2025-06-12 21:06:00,9.5
2025-06-12 00:09:00,27.8
2025-06-12 15:15:00,62.7
2025-06-12 16:41:00,91.9
2025-06-12 14:13:00,50.024092836946274
2025-06-12 19:12:00,50.024092836946274
2025-06-12 20:06:00,31.9
2025-06-12 09:35:00,54.4
2025-06-12 10:18:00,27.5
2025-06-12 05:15:00,20.5
2025-06-12 01:59:00,64.2
2025-06-12 00:44:00,37.1
2025-06-12 08:55:00,88.7
2025-06-12 21:27:00,73.7
2025-06-12 06:57:00,66.2
2025-06-12 20:35:00,93.7
2025-06-12 11:39:00,81.1
2025-06-12 02:02:00,71.3
2025-06-12 10:50:00,75.4
2025-06-12 02:11:00,78.3
2025-06-12 01:57:00,8.8
2025-06-12 22:22:00,78.3
2025-06-12 19:02:00,31.7
2025-06-12 10:39:00,11.5
2025-06-12 00:47:00,53.9
2025-06-12 02:13:00,61.0
2025-06-12 14:45:00,2.8
2025-06-12 22:56:00,43.3
2025-06-12 21:48:00,88.7
2025-06-12 09:11:00,79.0
2025-06-12 02:43:00,82.2
2025-06-12 16:12:00,19.2
2025-06-12 02:32:00,79.1
2025-06-12 04:48:00,99.5
2025-06-12 18:00:00,24.4
2025-06-12 02:04:00,88.7
2025-06-12 10:12:00,45.7
2025-06-12 00:42:00,65.9
2025-06-12 14:38:00,18.3
2025-06-12 12:50:00,4.5
2025-06-12 21:29:00,2.6
2025-06-12 20:42:00,10.1
2025-06-12 17:48:00,20.2
2025-06-12 08:04:00,50.024092836946274
2025-06-12 01:06:00,50.024092836946274
2025-06-12 02:20:00,12.4
2025-06-12 09:57:00,50.024092836946274
2025-06-12 23:11:00,87.0
2025-06-12 15:01:00,50.024092836946274
2025-06-12 09:45:00,37.0
2025-06-12 06:39:00,68.3
2025-06-12 13:58:00,30.1
2025-06-12 06:38:00,49.7
2025-06-12 11:12:00,36.7
2025-06-12 17:21:00,34.9
2025-06-12 07:03:00,39.6
2025-06-12 06:35:00,50.024092836946274
2025-06-12 07:06:00,91.2
2025-06-12 02:08:00,1.5
2025-06-12 04:24:00,62.4
2025-06-12 21:13:00,59.8
2025-06-12 10:23:00,1.3
2025-06-12 10:36:00,99.7
2025-06-12 07:15:00,74.3
2025-06-12 17:59:00,50.024092836946274
2025-06-12 12:17:00,38.8
2025-06-12 12:27:00,85.0
2025-06-12 06:07:00,87.1
2025-06-12 12:18:00,95.3
2025-06-12 19:11:00,65.6
2025-06-12 13:31:00,14.1
2025-06-12 10:10:00,50.024092836946274
2025-06-12 20:42:00,50.024092836946274
2025-06-12 12:41:00,93.7
2025-06-12 09:22:00,50.024092836946274
2025-06-12 22:57:00,76.8
2025-06-12 10:29:00,38.9
2025-06-12 07:29:00,4.7
2025-06-12 10:56:00,87.7
2025-06-12 03:28:00,65.7
2025-06-12 07:08:00,95.6
2025-06-12 23:53:00,62.3
2025-06-12 14:56:00,50.024092836946274
2025-06-12 03:34:00,78.1
2025-06-12 01:58:00,50.024092836946274
2025-06-12 08:55:00,70.0
2025-06-12 17:43:00,49.3
2025-06-12 03:12:00,67.4
2025-06-12 15:40:00,16.3
2025-06-12 08:39:00,49.2
2025-06-12 14:30:00,30.5
2025-06-12 01:29:00,46.1
2025-06-12 02:29:00,46.9
2025-06-12 12:43:00,6.5
2025-06-12 02:52:00,94.9
2025-06-12 16:12:00,95.4
2025-06-12 22:40:00,82.8
2025-06-12 11:34:00,0.6
2025-06-12 01:24:00,50.024092836946274
2025-06-12 08:21:00,70.9
2025-06-12 07:57:00,5.8
2025-06-12 20:11:00,92.7
2025-06-12 01:20:00,50.024092836946274
2025-06-12 06:44:00,57.1
2025-06-12 21:05:00,82.5
2025-06-12 04:22:00,6.8
2025-06-12 08:27:00,44.2
2025-06-12 18:11:00,72.7
2025-06-12 03:45:00,53.8
2025-06-12 17:50:00,13.1
2025-06-12 14:02:00,4.0
2025-06-12 21:33:00,52.2
2025-06-12 10:54:00,44.7
2025-06-12 22:04:00,68.4
2025-06-12 16:22:00,50.024092836946274
2025-06-12 21:12:00,50.024092836946274
2025-06-12 19:41:00,31.0
2025-06-12 05:59:00,39.6
2025-06-12 02:01:00,27.4
2025-06-12 14:34:00,34.5
2025-06-12 14:30:00,25.6
2025-06-12 11:54:00,50.024092836946274
2025-06-12 07:19:00,4.2
2025-06-12 11:14:00,50.0
2025-06-12 21:36:00,58.2
2025-06-12 18:21:00,50.024092836946274
2025-06-12 19:15:00,53.2
2025-06-12 01:20:00,87.9
2025-06-12 11:26:00,51.6
2025-06-12 09:33:00,91.3
2025-06-12 09:11:00,26.3
2025-06-12 16:44:00,1.6
2025-06-12 12:22:00,9.1
2025-06-12 10:40:00,55.9
2025-06-12 16:21:00,74.3
2025-06-12 23:51:00,82.2
2025-06-12 17:33:00,66.6
2025-06-12 11:37:00,50.024092836946274
2025-06-12 08:33:00,6.9
2025-06-12 20:41:00,81.1
2025-06-12 10:20:00,19.5
2025-06-12 16:24:00,33.5
2025-06-12 15:51:00,50.024092836946274
2025-06-12 13:26:00,1.4
2025-06-12 09:46:00,89.6
2025-06-12 22:00:00,41.3
2025-06-12 20:08:00,38.4
2025-06-12 14:29:00,94.9
2025-06-12 13:00:00,43.8
2025-06-12 09:31:00,62.2
2025-06-12 13:04:00,19.8
2025-06-12 06:03:00,62.9
2025-06-12 23:28:00,54.9
2025-06-12 14:20:00,27.0
2025-06-12 08:10:00,78.9
2025-06-12 07:07:00,50.024092836946274
2025-06-12 04:08:00,50.0
2025-06-12 05:32:00,57.7
2025-06-12 17:33:00,33.1
2025-06-12 00:09:00,13.9
2025-06-12 05:52:00,60.1
2025-06-12 12:01:00,53.9
2025-06-12 17:13:00,50.024092836946274
2025-06-12 20:22:00,50.024092836946274
2025-06-12 05:02:00,50.024092836946274
2025-06-12 03:10:00,16.5
2025-06-12 17:53:00,20.7
2025-06-12 04:17:00,85.2
2025-06-12 04:07:00,47.5
2025-06-12 00:18:00,50.024092836946274
2025-06-12 21:41:00,34.1
2025-06-12 07:11:00,23.0
2025-06-12 23:31:00,19.5
2025-06-12 11:55:00,50.024092836946274
2025-06-12 10:53:00,2.2
2025-06-12 07:42:00,93.5
2025-06-12 04:10:00,80.3
2025-06-12 14:07:00,97.9
2025-06-12 10:20:00,81.2
2025-06-12 10:11:00,8.8
2025-06-12 22:48:00,58.5
2025-06-12 06:38:00,90.7
2025-06-12 17:16:00,27.1
2025-06-12 08:31:00,50.024092836946274
2025-06-12 15:33:00,51.7
2025-06-12 03:46:00,50.024092836946274
2025-06-12 09:27:00,50.024092836946274
2025-06-12 21:18:00,96.6
2025-06-12 16:42:00,50.024092836946274
2025-06-12 00:45:00,14.2
2025-06-12 07:11:00,90.9
2025-06-12 14:08:00,33.9
2025-06-12 13:54:00,77.5
2025-06-12 05:23:00,96.1
2025-06-12 16:28:00,50.024092836946274
2025-06-12 14:16:00,45.0
2025-06-12 05:49:00,50.024092836946274
2025-06-12 10:55:00,77.3
2025-06-12 09:33:00,0.2
2025-06-12 01:51:00,5.5
2025-06-12 07:24:00,98.2
2025-06-12 03:43:00,39.9
2025-06-12 11:59:00,11.5
2025-06-12 23:49:00,50.024092836946274
2025-06-12 22:42:00,90.0
2025-06-12 23:33:00,31.2
2025-06-12 03:41:00,94.6
2025-06-12 23:53:00,93.1
2025-06-12 09:16:00,29.5
2025-06-12 09:21:00,92.8
2025-06-12 23:49:00,85.1
2025-06-12 12:07:00,14.6
2025-06-12 07:18:00,45.4
2025-06-12 09:23:00,70.8
2025-06-12 16:34:00,50.024092836946274
2025-06-12 21:31:00,36.7
2025-06-12 02:59:00,55.2
2025-06-12 14:02:00,50.024092836946274
2025-06-12 10:49:00,84.4
2025-06-12 15:53:00,74.6
2025-06-12 18:44:00,93.4
2025-06-12 20:03:00,80.0
2025-06-12 00:26:00,68.0
2025-06-12 14:02:00,67.3
2025-06-12 20:55:00,75.9
2025-06-12 12:49:00,50.024092836946274
2025-06-12 09:27:00,98.5
2025-06-12 12:44:00,85.4
2025-06-12 09:51:00,45.2
2025-06-12 18:41:00,50.024092836946274
2025-06-12 10:11:00,99.8
2025-06-12 09:24:00,85.3
2025-06-12 04:56:00,62.5
2025-06-12 21:58:00,64.0
2025-06-12 03:27:00,12.5
2025-06-12 18:01:00,71.7
2025-06-12 20:52:00,41.6
2025-06-12 00:04:00,4.7
2025-06-12 03:37:00,7.8
2025-06-12 22:08:00,26.2
2025-06-12 12:58:00,37.4
2025-06-12 07:04:00,71.3
2025-06-12 06:59:00,60.2
2025-06-12 17:28:00,50.6
2025-06-12 03:36:00,11.5
2025-06-12 10:11:00,96.2
2025-06-12 08:20:00,8.5
2025-06-12 19:49:00,66.3
2025-06-12 03:19:00,72.9
2025-06-12 16:58:00,8.9
2025-06-12 14:09:00,14.3
2025-06-12 05:22:00,19.6
2025-06-12 15:56:00,51.8
2025-06-12 14:26:00,26.1
2025-06-12 10:19:00,22.9
2025-06-12 03:36:00,48.0
2025-06-12 12:20:00,3.9
2025-06-12 18:40:00,74.9
2025-06-12 15:43:00,39.4
2025-06-12 00:49:00,89.6
2025-06-12 12:32:00,95.6
2025-06-12 13:44:00,43.8
2025-06-12 18:04:00,50.024092836946274
2025-06-12 13:53:00,11.4
2025-06-12 01:41:00,15.2
2025-06-12 17:36:00,50.024092836946274
2025-06-12 08:03:00,15.7
2025-06-12 09:01:00,50.024092836946274
2025-06-12 23:55:00,65.7
2025-06-12 04:14:00,21.0
2025-06-12 03:14:00,95.8
2025-06-12 11:33:00,81.1
2025-06-12 13:10:00,68.9
2025-06-12 02:25:00,33.0
2025-06-12 22:48:00,63.1
2025-06-12 07:05:00,72.0
2025-06-12 05:34:00,36.9
2025-06-12 06:01:00,42.3
2025-06-12 13:57:00,9.1
2025-06-12 19:16:00,20.6
2025-06-12 06:19:00,92.9
2025-06-12 04:18:00,49.2
2025-06-12 13:28:00,95.5
2025-06-12 20:25:00,55.5
2025-06-12 05:07:00,35.0
2025-06-12 02:31:00,77.1
2025-06-12 14:12:00,8.3
2025-06-12 15:19:00,52.0
2025-06-12 04:18:00,42.3
2025-06-12 06:07:00,77.6
2025-06-12 11:50:00,49.54963144963145
2025-06-12 22:35:00,91.8
2025-06-12 10:05:00,80.1
2025-06-12 12:42:00,49.54963144963145
2025-06-12 21:59:00,31.2
2025-06-12 23:26:00,23.8
2025-06-12 13:15:00,81.8
2025-06-12 21:57:00,65.3
2025-06-12 21:15:00,79.8
2025-06-12 07:31:00,49.54963144963145
2025-06-12 10:59:00,79.4
2025-06-12 06:21:00,30.4
2025-06-12 00:15:00,16.2
2025-06-12 01:32:00,76.0
2025-06-12 23:34:00,46.0
2025-06-12 02:58:00,85.8
2025-06-12 07:00:00,13.4
2025-06-12 10:30:00,26.3
2025-06-12 01:55:00,78.2
2025-06-12 12:30:00,21.5
2025-06-12 05:47:00,49.54963144963145
2025-06-12 05:33:00,51.5
2025-06-12 02:56:00,45.2
2025-06-12 20:47:00,93.9
2025-06-12 22:19:00,96.5
2025-06-12 04:28:00,30.3
2025-06-12 07:32:00,81.5
2025-06-12 06:42:00,17.1
2025-06-12 23:33:00,49.54963144963145
2025-06-12 17:11:00,5.5
2025-06-12 10:45:00,41.5
2025-06-12 09:48:00,61.2
2025-06-12 19:23:00,25.5
2025-06-12 10:11:00,26.5
2025-06-12 11:14:00,69.7
2025-06-12 03:49:00,71.3
2025-06-12 11:27:00,32.8
2025-06-12 14:09:00,7.8
2025-06-12 03:13:00,41.9
2025-06-12 13:13:00,65.7
2025-06-12 17:50:00,9.5
2025-06-12 23:38:00,49.54963144963145
2025-06-12 11:07:00,61.7
2025-06-12 21:34:00,19.6
2025-06-12 01:38:00,24.7
2025-06-12 16:06:00,49.54963144963145
2025-06-12 14:25:00,17.4
2025-06-12 12:15:00,84.5
2025-06-12 21:05:00,17.3
2025-06-12 20:40:00,69.9
2025-06-12 09:41:00,66.0
2025-06-12 16:02:00,44.7
2025-06-12 08:04:00,7.9
2025-06-12 16:25:00,49.54963144963145
2025-06-12 11:59:00,84.9
2025-06-12 15:46:00,49.54963144963145
2025-06-12 01:04:00,60.4
2025-06-12 05:05:00,3.0
2025-06-12 07:24:00,43.3
2025-06-12 16:54:00,13.7
2025-06-12 12:53:00,60.7
2025-06-12 15:02:00,34.5
2025-06-12 01:23:00,27.7
2025-06-12 01:49:00,91.9
2025-06-12 05:18:00,59.6
2025-06-12 16:44:00,20.6
2025-06-12 13:46:00,49.54963144963145
2025-06-12 06:50:00,40.1
2025-06-12 10:23:00,18.3
2025-06-12 05:11:00,11.9
2025-06-12 23:26:00,39.8
2025-06-12 13:54:00,19.4
2025-06-12 07:49:00,22.2
2025-06-12 09:43:00,19.9
2025-06-12 00:15:00,81.2
2025-06-12 10:58:00,37.2
2025-06-12 12:10:00,18.3
2025-06-12 09:06:00,16.6
2025-06-12 23:55:00,84.9
2025-06-12 15:09:00,49.4
2025-06-12 11:44:00,54.0
2025-06-12 11:44:00,79.0
2025-06-12 12:34:00,35.0
2025-06-12 03:25:00,34.6
2025-06-12 14:35:00,98.6
2025-06-12 06:42:00,63.1
2025-06-12 11:01:00,83.8
2025-06-12 15:13:00,49.54963144963145
2025-06-12 16:22:00,1.4
2025-06-12 23:13:00,71.2
2025-06-12 11:08:00,53.7
2025-06-12 16:08:00,49.54963144963145
2025-06-12 03:15:00,47.3
2025-06-12 05:52:00,49.54963144963145
2025-06-12 19:18:00,22.9
2025-06-12 10:27:00,49.5
2025-06-12 11:01:00,49.3
2025-06-12 15:31:00,98.0
2025-06-12 22:03:00,26.8
2025-06-12 05:17:00,40.6
2025-06-12 10:30:00,56.1
2025-06-12 03:39:00,50.6
2025-06-12 11:02:00,74.1
2025-06-12 12:09:00,32.2
2025-06-12 00:27:00,60.5
2025-06-12 20:36:00,73.8
2025-06-12 14:33:00,96.9
2025-06-12 04:25:00,27.1
2025-06-12 19:03:00,49.54963144963145
2025-06-12 22:54:00,50.1
2025-06-12 12:58:00,49.0
2025-06-12 14:22:00,29.5
2025-06-12 02:12:00,49.54963144963145
2025-06-12 02:32:00,60.5
2025-06-12 05:00:00,16.2
2025-06-12 23:40:00,19.1
2025-06-12 05:46:00,95.4
2025-06-12 02:09:00,56.4
2025-06-12 23:35:00,66.7
2025-06-12 20:12:00,44.1
2025-06-12 06:14:00,1.3
2025-06-12 09:01:00,52.1
2025-06-12 09:16:00,50.6
2025-06-12 02:05:00,49.54963144963145
2025-06-12 06:51:00,64.0
2025-06-12 14:57:00,49.54963144963145
2025-06-12 14:30:00,72.1
2025-06-12 18:49:00,73.4
2025-06-12 05:09:00,7.6
2025-06-12 02:35:00,49.54963144963145
2025-06-12 08:46:00,95.5
2025-06-12 01:35:00,87.9
2025-06-12 16:28:00,77.9
2025-06-12 04:08:00,49.54963144963145
2025-06-12 05:40:00,15.1
2025-06-12 15:20:00,79.0
2025-06-12 07:38:00,6.6
2025-06-12 06:15:00,36.5
2025-06-12 04:11:00,67.7
2025-06-12 20:55:00,94.5
2025-06-12 15:43:00,39.9
2025-06-12 23:07:00,49.54963144963145
2025-06-12 02:21:00,82.2
2025-06-12 18:59:00,83.8
2025-06-12 13:53:00,1.7
2025-06-12 20:42:00,49.3
2025-06-12 02:37:00,93.7
2025-06-12 10:58:00,95.2
2025-06-12 13:02:00,85.6
2025-06-12 16:22:00,36.6
2025-06-12 15:23:00,39.2
2025-06-12 18:15:00,93.2
2025-06-12 01:15:00,71.5
2025-06-12 01:57:00,42.5
2025-06-12 23:44:00,49.54963144963145
2025-06-12 13:08:00,41.3
2025-06-12 00:09:00,77.6
2025-06-12 11:39:00,94.7
2025-06-12 14:32:00,49.54963144963145
2025-06-12 14:16:00,49.54963144963145
2025-06-12 17:24:00,0.0
2025-06-12 14:28:00,83.2
2025-06-12 12:38:00,49.54963144963145
2025-06-12 11:20:00,91.6
2025-06-12 18:07:00,72.8
2025-06-12 19:39:00,39.7
2025-06-12 16:34:00,70.5
2025-06-12 11:31:00,97.9
2025-06-12 11:28:00,47.1
2025-06-12 23:40:00,4.4
2025-06-12 04:09:00,70.0
2025-06-12 11:30:00,7.6
2025-06-12 22:51:00,43.8
2025-06-12 19:43:00,50.7
2025-06-12 10:14:00,59.6
2025-06-12 15:26:00,64.6
2025-06-12 01:53:00,49.54963144963145
2025-06-12 02:11:00,68.2
2025-06-12 00:18:00,2.5
2025-06-12 06:41:00,33.5
2025-06-12 06:48:00,0.5
2025-06-12 09:16:00,95.5
2025-06-12 10:04:00,65.0
2025-06-12 22:06:00,28.1
2025-06-12 14:30:00,49.54963144963145
2025-06-12 18:25:00,49.54963144963145
2025-06-12 21:09:00,16.5
2025-06-12 04:22:00,0.5
2025-06-12 13:15:00,68.5
2025-06-12 07:35:00,12.1
2025-06-12 00:11:00,47.0
2025-06-12 02:04:00,3.3
2025-06-12 09:21:00,77.3
2025-06-12 06:24:00,82.1
2025-06-12 20:41:00,32.8
2025-06-12 07:27:00,20.0
2025-06-12 14:01:00,26.6
2025-06-12 23:00:00,29.2
2025-06-12 15:33:00,5.7
2025-06-12 08:10:00,36.3
2025-06-12 22:11:00,12.9
2025-06-12 07:09:00,24.2
2025-06-12 10:04:00,31.1
2025-06-12 00:53:00,49.54963144963145
2025-06-12 13:43:00,16.7
2025-06-12 23:49:00,78.8
2025-06-12 09:32:00,76.6
2025-06-12 18:29:00,49.54963144963145
2025-06-12 11:48:00,49.54963144963145
2025-06-12 11:22:00,37.0
2025-06-12 02:45:00,90.7
2025-06-12 00:50:00,27.3
2025-06-12 05:36:00,18.2
2025-06-12 05:10:00,99.0
2025-06-12 06:39:00,33.8
2025-06-12 22:23:00,19.4
2025-06-12 00:29:00,68.8
2025-06-12 21:42:00,95.8
2025-06-12 11:00:00,44.2
2025-06-12 17:16:00,8.6
2025-06-12 13:04:00,34.6
2025-06-12 00:13:00,54.2
2025-06-12 18:18:00,75.7
2025-06-12 08:37:00,37.3
2025-06-12 01:48:00,45.9
2025-06-12 23:56:00,93.4
2025-06-12 14:48:00,71.8
2025-06-12 02:52:00,2.5
2025-06-12 06:29:00,49.54963144963145
2025-06-12 08:08:00,49.54963144963145
2025-06-12 06:32:00,99.0
2025-06-12 12:59:00,49.54963144963145
2025-06-12 16:21:00,37.8
2025-06-12 05:13:00,23.7
2025-06-12 13:52:00,49.54963144963145
2025-06-12 10:36:00,49.54963144963145
2025-06-12 14:00:00,43.9
2025-06-12 16:14:00,74.5
2025-06-12 19:39:00,49.54963144963145
2025-06-12 17:41:00,97.1
2025-06-12 16:48:00,32.5
2025-06-12 19:31:00,27.6
2025-06-12 02:02:00,24.5
2025-06-12 23:17:00,46.8
2025-06-12 03:14:00,43.1
2025-06-12 15:20:00,45.8
2025-06-12 10:43:00,52.1
2025-06-12 06:25:00,68.5
2025-06-12 11:50:00,90.5
2025-06-12 09:58:00,64.1
2025-06-12 14:09:00,65.7
2025-06-12 17:10:00,35.5
2025-06-12 20:23:00,80.2
2025-06-12 19:34:00,49.54963144963145
2025-06-12 05:17:00,81.6
2025-06-12 10:34:00,92.8
2025-06-12 00:16:00,92.0
2025-06-12 19:47:00,33.5
2025-06-12 11:16:00,87.9
2025-06-12 21:01:00,49.54963144963145
2025-06-12 22:11:00,49.54963144963145
2025-06-12 05:35:00,31.0
2025-06-12 01:23:00,11.9
2025-06-12 20:28:00,19.5
2025-06-12 21:08:00,12.3
2025-06-12 15:27:00,1.0
2025-06-12 09:31:00,51.1
2025-06-12 23:37:00,84.0
2025-06-12 14:37:00,30.7
2025-06-12 03:14:00,82.4
2025-06-12 11:12:00,92.2
2025-06-12 11:55:00,12.2
2025-06-12 06:59:00,73.9
2025-06-12 11:58:00,30.4
2025-06-12 05:13:00,30.2
2025-06-12 00:02:00,13.0
2025-06-12 03:35:00,70.4
2025-06-12 12:46:00,42.3
2025-06-12 13:22:00,12.0
2025-06-12 04:59:00,5.6
2025-06-12 18:28:00,55.4
2025-06-12 14:31:00,49.54963144963145
2025-06-12 08:14:00,10.1
2025-06-12 22:07:00,96.4
2025-06-12 08:19:00,57.0
2025-06-12 00:43:00,65.4
2025-06-12 23:50:00,70.2
2025-06-12 22:22:00,51.2
2025-06-12 01:39:00,49.54963144963145
2025-06-12 01:26:00,20.6
2025-06-12 08:30:00,89.5
2025-06-12 11:35:00,55.2
2025-06-12 21:48:00,46.9
2025-06-12 10:23:00,3.0
2025-06-12 01:39:00,82.1
2025-06-12 15:46:00,90.8
2025-06-12 10:38:00,69.7
2025-06-12 19:50:00,73.1
2025-06-12 16:35:00,29.8
2025-06-12 07:03:00,48.1
2025-06-12 04:27:00,52.0
2025-06-12 11:39:00,42.0
2025-06-12 12:49:00,24.0
2025-06-12 15:06:00,39.2
2025-06-12 04:52:00,27.1
2025-06-12 11:25:00,19.0
2025-06-12 10:00:00,83.5
2025-06-12 07:48:00,100.0
2025-06-12 06:43:00,49.54963144963145
2025-06-12 00:39:00,18.5
2025-06-12 13:22:00,29.7
2025-06-12 18:07:00,39.7
2025-06-12 23:31:00,49.7
2025-06-12 01:28:00,39.1
2025-06-12 01:15:00,10.3
2025-06-12 10:23:00,63.9
2025-06-12 15:19:00,49.54963144963145
2025-06-12 03:02:00,49.54963144963145
2025-06-12 05:08:00,6.8
2025-06-12 13:34:00,51.3
2025-06-12 03:58:00,49.54963144963145
2025-06-12 21:53:00,24.0
2025-06-12 10:29:00,51.9
2025-06-12 13:14:00,72.0
2025-06-12 04:24:00,12.9
2025-06-12 01:27:00,49.54963144963145
2025-06-12 17:08:00,49.54963144963145
2025-06-12 12:00:00,39.7
2025-06-12 11:22:00,3.4
2025-06-12 02:13:00,97.1
2025-06-12 00:41:00,49.54963144963145
2025-06-12 21:10:00,44.0
2025-06-12 12:42:00,90.0
2025-06-12 01:40:00,86.6
2025-06-12 04:32:00,54.3
2025-06-12 21:43:00,60.2
2025-06-12 14:37:00,91.0
2025-06-12 05:01:00,77.3
2025-06-12 22:05:00,59.8
2025-06-12 19:39:00,35.9
2025-06-12 23:58:00,79.2
2025-06-12 21:19:00,80.7
2025-06-12 07:17:00,50.9
2025-06-12 19:58:00,30.4
2025-06-12 04:45:00,88.0
2025-06-12 01:14:00,18.2
2025-06-12 20:42:00,10.9
2025-06-12 16:07:00,98.7
2025-06-12 16:30:00,49.54963144963145
2025-06-12 23:58:00,14.9
2025-06-12 04:06:00,51.4
2025-06-12 05:37:00,77.4
2025-06-12 05:11:00,17.5
2025-06-12 21:35:00,85.2
2025-06-12 21:33:00,92.5
2025-06-12 20:11:00,24.0
2025-06-12 05:54:00,72.9
2025-06-12 11:46:00,91.7
2025-06-12 05:06:00,29.4
2025-06-12 07:48:00,61.9
2025-06-12 19:42:00,49.560128956623686
2025-06-12 21:04:00,46.8
2025-06-12 02:15:00,36.5
2025-06-12 01:07:00,49.560128956623686
2025-06-12 07:55:00,92.3
2025-06-12 15:48:00,68.9
2025-06-12 12:22:00,22.8
2025-06-12 14:53:00,49.560128956623686
2025-06-12 21:40:00,75.3
2025-06-12 03:53:00,12.1
2025-06-12 13:05:00,49.560128956623686
2025-06-12 13:53:00,4.3
2025-06-12 21:34:00,33.6
2025-06-12 01:25:00,8.9
2025-06-12 23:32:00,20.5
2025-06-12 17:41:00,66.7
2025-06-12 20:19:00,51.3
2025-06-12 12:17:00,35.4
2025-06-12 22:11:00,21.7
2025-06-12 15:45:00,49.560128956623686
2025-06-12 04:41:00,36.8
2025-06-12 19:50:00,49.560128956623686
2025-06-12 15:53:00,49.560128956623686
2025-06-12 17:26:00,26.2
2025-06-12 16:35:00,22.5
2025-06-12 07:45:00,44.0
2025-06-12 17:04:00,23.3
2025-06-12 04:05:00,49.560128956623686
2025-06-12 22:58:00,64.9
2025-06-12 05:24:00,43.1
2025-06-12 04:58:00,17.9
2025-06-12 12:41:00,53.6
2025-06-12 21:32:00,58.4
2025-06-12 22:08:00,49.560128956623686
2025-06-12 02:39:00,16.3
2025-06-12 05:08:00,49.560128956623686
2025-06-12 16:23:00,47.7
2025-06-12 16:42:00,44.4
2025-06-12 21:38:00,9.9
2025-06-12 11:33:00,20.8
2025-06-12 11:19:00,72.9
2025-06-12 16:45:00,39.2
2025-06-12 11:05:00,12.9
2025-06-12 11:12:00,95.0
2025-06-12 07:59:00,4.7
2025-06-12 15:57:00,70.6
2025-06-12 22:00:00,13.4
2025-06-12 02:50:00,56.0
2025-06-12 18:12:00,35.3
2025-06-12 15:00:00,40.3
2025-06-12 11:20:00,0.7
2025-06-12 15:17:00,9.3
2025-06-12 15:53:00,96.1
2025-06-12 21:29:00,8.6
2025-06-12 02:00:00,8.3
2025-06-12 22:41:00,51.1
2025-06-12 12:48:00,84.9
2025-06-12 14:44:00,38.1
2025-06-12 16:44:00,26.0
2025-06-12 05:17:00,62.6
2025-06-12 02:54:00,49.560128956623686
2025-06-12 11:26:00,13.9
2025-06-12 01:09:00,6.4
2025-06-12 22:20:00,49.560128956623686
2025-06-12 01:22:00,12.2
2025-06-12 08:47:00,8.4
2025-06-12 01:32:00,10.2
2025-06-12 12:25:00,49.560128956623686
2025-06-12 04:45:00,49.560128956623686
2025-06-12 09:03:00,49.560128956623686
2025-06-12 04:05:00,36.8
2025-06-12 00:57:00,94.5
2025-06-12 17:28:00,49.560128956623686
2025-06-12 18:35:00,70.4
2025-06-12 10:54:00,63.6
2025-06-12 07:33:00,41.9
2025-06-12 17:04:00,15.6
2025-06-12 01:58:00,2.7
2025-06-12 19:55:00,2.1
2025-06-12 10:21:00,97.5
2025-06-12 14:05:00,43.1
2025-06-12 18:57:00,35.7
2025-06-12 00:38:00,68.2
2025-06-12 05:20:00,53.4
2025-06-12 14:00:00,52.4
2025-06-12 05:49:00,20.8
2025-06-12 11:36:00,76.4
2025-06-12 07:11:00,17.7
2025-06-12 08:15:00,16.0
2025-06-12 21:15:00,88.0
2025-06-12 14:08:00,35.2
2025-06-12 02:33:00,49.560128956623686
2025-06-12 15:43:00,9.0
2025-06-12 22:45:00,82.0
2025-06-12 14:43:00,25.0
2025-06-12 06:04:00,76.4
2025-06-12 17:50:00,44.1
2025-06-12 15:07:00,7.2
2025-06-12 19:09:00,23.8
2025-06-12 13:03:00,97.3
2025-06-12 02:03:00,18.0
2025-06-12 12:56:00,33.1
2025-06-12 12:52:00,62.3
2025-06-12 09:35:00,80.3
2025-06-12 07:17:00,49.560128956623686
2025-06-12 23:41:00,75.0
2025-06-12 15:06:00,42.6
2025-06-12 12:13:00,23.1
2025-06-12 20:40:00,41.2
2025-06-12 01:30:00,11.7
2025-06-12 07:11:00,47.2
2025-06-12 15:34:00,87.9
2025-06-12 23:33:00,34.3
2025-06-12 22:45:00,85.6
2025-06-12 23:32:00,49.560128956623686
2025-06-12 05:36:00,77.6
2025-06-12 07:24:00,99.0
2025-06-12 17:32:00,3.8
2025-06-12 14:58:00,49.560128956623686
2025-06-12 16:06:00,29.3
2025-06-12 02:09:00,62.4
2025-06-12 07:25:00,40.4
2025-06-12 04:14:00,26.2
2025-06-12 13:01:00,39.6
2025-06-12 11:13:00,49.560128956623686
2025-06-12 12:32:00,35.2
2025-06-12 04:12:00,34.7
2025-06-12 14:41:00,49.560128956623686
2025-06-12 21:25:00,4.9
2025-06-12 20:49:00,53.6
2025-06-12 21:50:00,61.7
2025-06-12 22:42:00,94.5
2025-06-12 00:40:00,50.8
2025-06-12 17:41:00,49.560128956623686
2025-06-12 00:51:00,49.560128956623686
2025-06-12 23:41:00,40.9
2025-06-12 18:29:00,42.7
2025-06-12 01:50:00,1.8
2025-06-12 07:30:00,47.3
2025-06-12 21:02:00,29.7
2025-06-12 02:18:00,65.6
2025-06-12 09:44:00,49.560128956623686
2025-06-12 09:52:00,43.4
2025-06-12 06:57:00,14.6
2025-06-12 19:54:00,61.2
2025-06-12 06:06:00,49.560128956623686
2025-06-12 22:24:00,1.4
2025-06-12 11:02:00,54.0
2025-06-12 19:53:00,85.9
2025-06-12 15:27:00,64.7
2025-06-12 05:59:00,54.6
2025-06-12 21:34:00,49.560128956623686
2025-06-12 15:03:00,86.7
2025-06-12 21:46:00,84.8
2025-06-12 04:59:00,86.3
2025-06-12 07:04:00,78.1
2025-06-12 14:22:00,44.0
2025-06-12 14:45:00,2.4
2025-06-12 02:13:00,87.0
2025-06-12 12:18:00,20.1
2025-06-12 03:31:00,33.1
2025-06-12 05:40:00,67.1
2025-06-12 21:25:00,4.2
2025-06-12 22:24:00,79.0
2025-06-12 03:59:00,17.5
2025-06-12 12:58:00,77.6
2025-06-12 19:09:00,4.4
2025-06-12 23:40:00,94.3
2025-06-12 06:20:00,37.4
2025-06-12 20:16:00,9.6
2025-06-12 03:29:00,7.9
2025-06-12 15:50:00,36.3
2025-06-12 16:48:00,59.1
2025-06-12 21:18:00,8.0
2025-06-12 08:05:00,66.2
2025-06-12 03:54:00,3.2
2025-06-12 12:44:00,49.560128956623686
2025-06-12 08:09:00,49.560128956623686
2025-06-12 20:42:00,86.9
2025-06-12 03:28:00,34.0
2025-06-12 08:42:00,60.4
2025-06-12 05:49:00,67.7
2025-06-12 22:30:00,79.4
2025-06-12 13:49:00,65.9
2025-06-12 23:50:00,40.0
2025-06-12 00:28:00,53.8
2025-06-12 14:34:00,65.4
2025-06-12 11:43:00,22.4
2025-06-12 12:24:00,49.560128956623686
2025-06-12 17:33:00,96.7
2025-06-12 20:32:00,60.0
2025-06-12 13:43:00,31.7
2025-06-12 05:16:00,49.560128956623686
2025-06-12 00:24:00,49.560128956623686
2025-06-12 06:38:00,49.0
2025-06-12 08:09:00,91.7
2025-06-12 05:58:00,22.9
2025-06-12 17:49:00,24.0
2025-06-12 19:42:00,26.3
2025-06-12 21:47:00,32.2
2025-06-12 07:25:00,72.8
2025-06-12 12:53:00,30.5
2025-06-12 14:04:00,49.560128956623686
2025-06-12 00:31:00,46.5
2025-06-12 20:51:00,67.4
2025-06-12 00:41:00,81.8
2025-06-12 17:58:00,97.1
2025-06-12 14:42:00,9.7
2025-06-12 10:42:00,73.8
2025-06-12 16:07:00,32.6
2025-06-12 22:14:00,40.6
2025-06-12 19:44:00,14.8
2025-06-12 13:02:00,80.2
2025-06-12 01:19:00,11.2
2025-06-12 07:12:00,44.6
2025-06-12 00:00:00,3.0
2025-06-12 19:28:00,92.2
2025-06-12 02:01:00,9.5
2025-06-12 09:46:00,17.3
2025-06-12 00:20:00,49.560128956623686
2025-06-12 08:30:00,39.2
2025-06-12 09:15:00,66.8
2025-06-12 09:21:00,21.7
2025-06-12 21:24:00,49.560128956623686
2025-06-12 21:49:00,84.0
2025-06-12 17:24:00,34.4
2025-06-12 09:38:00,46.5
2025-06-12 21:30:00,24.0
2025-06-12 19:57:00,42.7
2025-06-12 20:51:00,49.560128956623686
2025-06-12 03:54:00,2.5
2025-06-12 10:50:00,49.560128956623686
2025-06-12 14:51:00,85.5
2025-06-12 13:08:00,31.9
2025-06-12 08:13:00,99.5
2025-06-12 15:52:00,85.5
2025-06-12 17:08:00,77.9
2025-06-12 09:13:00,22.7
2025-06-12 20:17:00,0.1
2025-06-12 13:17:00,80.7
2025-06-12 13:10:00,35.3
2025-06-12 23:30:00,9.0
2025-06-12 14:21:00,6.1
2025-06-12 06:41:00,4.3
2025-06-12 14:56:00,28.6
2025-06-12 01:03:00,96.9
2025-06-12 21:15:00,25.6
2025-06-12 21:29:00,49.560128956623686
2025-06-12 10:51:00,25.3
2025-06-12 16:25:00,69.4
2025-06-12 15:10:00,95.1
2025-06-12 22:10:00,49.2
2025-06-12 13:44:00,87.9
2025-06-12 10:26:00,58.1
2025-06-12 11:24:00,24.2
2025-06-12 11:55:00,93.3
2025-06-12 10:13:00,1.7
2025-06-12 00:36:00,2.9
2025-06-12 20:28:00,92.2
2025-06-12 17:41:00,19.9
2025-06-12 17:09:00,49.560128956623686
2025-06-12 08:26:00,24.1
2025-06-12 23:54:00,19.3
2025-06-12 23:11:00,22.1
2025-06-12 13:27:00,49.560128956623686
2025-06-12 15:01:00,50.2
2025-06-12 09:10:00,82.0
2025-06-12 03:21:00,44.0
2025-06-12 14:34:00,45.0
2025-06-12 05:43:00,18.3
2025-06-12 20:53:00,25.0
2025-06-12 01:43:00,64.1
2025-06-12 19:31:00,12.6
2025-06-12 21:38:00,49.560128956623686
2025-06-12 18:01:00,66.6
2025-06-12 00:53:00,53.3
2025-06-12 23:36:00,98.5
2025-06-12 13:41:00,40.2
2025-06-12 00:12:00,91.3
2025-06-12 15:29:00,76.7
2025-06-12 16:58:00,63.7
2025-06-12 08:22:00,49.560128956623686
2025-06-12 04:18:00,60.1
2025-06-12 09:05:00,49.9
2025-06-12 22:25:00,83.0
2025-06-12 20:39:00,35.7
2025-06-12 11:58:00,49.560128956623686
2025-06-12 23:43:00,46.2
2025-06-12 05:00:00,12.2
2025-06-12 22:35:00,23.0
2025-06-12 18:13:00,90.0
2025-06-12 04:22:00,31.9
2025-06-12 04:34:00,4.2
2025-06-12 05:46:00,58.9
2025-06-12 18:34:00,91.3
2025-06-12 03:20:00,59.3
2025-06-12 01:47:00,44.0
2025-06-12 03:42:00,56.9
2025-06-12 01:46:00,49.560128956623686
2025-06-12 21:31:00,36.9
2025-06-12 01:28:00,49.560128956623686
2025-06-12 04:37:00,20.8
2025-06-12 00:34:00,64.8
2025-06-12 16:55:00,88.8
2025-06-12 17:24:00,64.7
2025-06-12 13:46:00,4.8
2025-06-12 22:31:00,94.0
2025-06-12 07:14:00,29.2
2025-06-12 07:43:00,4.5
2025-06-12 02:26:00,14.8
2025-06-12 06:03:00,67.6
2025-06-12 11:07:00,75.3
2025-06-12 22:13:00,19.7
2025-06-12 08:17:00,83.3
2025-06-12 00:23:00,72.7
2025-06-12 02:53:00,41.7
2025-06-12 07:28:00,80.3
2025-06-12 06:28:00,7.4
2025-06-12 16:50:00,3.8
2025-06-12 02:58:00,50.10277843742579
2025-06-12 06:03:00,20.7
2025-06-12 13:07:00,8.4
2025-06-12 14:23:00,90.4
2025-06-12 23:50:00,51.4
2025-06-12 08:19:00,80.3
2025-06-12 09:34:00,30.5
2025-06-12 19:34:00,83.5
2025-06-12 23:00:00,50.10277843742579
2025-06-12 06:55:00,81.2
2025-06-12 06:31:00,74.7
2025-06-12 19:30:00,39.0
2025-06-12 15:44:00,48.7
2025-06-12 18:44:00,72.0
2025-06-12 04:51:00,41.8
2025-06-12 11:06:00,42.1
2025-06-12 00:37:00,14.1
2025-06-12 00:30:00,96.8
2025-06-12 04:42:00,79.8
2025-06-12 00:52:00,23.0
2025-06-12 16:30:00,24.0
2025-06-12 10:49:00,93.1
2025-06-12 08:49:00,55.1
2025-06-12 02:50:00,20.2
2025-06-12 18:32:00,50.10277843742579
2025-06-12 23:59:00,98.7
2025-06-12 11:02:00,68.2
2025-06-12 09:12:00,80.9
2025-06-12 05:40:00,63.6
2025-06-12 17:43:00,50.10277843742579
2025-06-12 10:35:00,7.9
2025-06-12 02:14:00,29.5
2025-06-12 10:20:00,22.7
2025-06-12 21:42:00,48.4
2025-06-12 00:47:00,71.3
2025-06-12 09:00:00,73.2
2025-06-12 14:08:00,34.5
2025-06-12 06:12:00,96.6
2025-06-12 22:18:00,94.8
2025-06-12 06:52:00,4.0
2025-06-12 06:43:00,50.10277843742579
2025-06-12 15:57:00,97.4
2025-06-12 19:35:00,83.8
2025-06-12 04:46:00,50.10277843742579
2025-06-12 23:34:00,86.4
2025-06-12 23:33:00,49.3
2025-06-12 11:18:00,59.2
2025-06-12 03:44:00,10.8
2025-06-12 03:53:00,5.2
2025-06-12 14:22:00,24.1
2025-06-12 17:22:00,79.0
2025-06-12 08:54:00,29.6
2025-06-12 15:04:00,18.7
2025-06-12 17:28:00,83.4
2025-06-12 10:11:00,2.2
2025-06-12 11:39:00,50.10277843742579
2025-06-12 18:09:00,33.4
2025-06-12 07:19:00,39.9
2025-06-12 04:06:00,33.1
2025-06-12 15:14:00,43.1
2025-06-12 01:30:00,16.1
2025-06-12 18:37:00,40.1
2025-06-12 16:11:00,50.10277843742579
2025-06-12 22:55:00,98.5
2025-06-12 05:03:00,84.5
2025-06-12 12:23:00,87.0
2025-06-12 20:07:00,16.1
2025-06-12 15:00:00,82.8
2025-06-12 04:54:00,50.10277843742579
2025-06-12 14:14:00,99.6
2025-06-12 04:46:00,26.4
2025-06-12 06:12:00,32.6
2025-06-12 03:22:00,46.1
2025-06-12 23:05:00,90.0
2025-06-12 19:08:00,56.7
2025-06-12 17:54:00,50.10277843742579
2025-06-12 22:16:00,50.10277843742579
2025-06-12 04:18:00,50.10277843742579
2025-06-12 15:27:00,50.10277843742579
2025-06-12 10:07:00,20.1
2025-06-12 06:03:00,66.3
2025-06-12 16:05:00,32.0
2025-06-12 18:39:00,8.6
2025-06-12 07:03:00,23.2
2025-06-12 03:49:00,15.4
2025-06-12 16:38:00,81.3
2025-06-12 12:49:00,36.2
2025-06-12 13:37:00,66.0
2025-06-12 14:51:00,18.6
2025-06-12 05:09:00,50.10277843742579
2025-06-12 04:36:00,50.10277843742579
2025-06-12 14:57:00,35.4
2025-06-12 19:38:00,50.10277843742579
2025-06-12 16:52:00,96.2
2025-06-12 08:52:00,80.8
2025-06-12 01:57:00,15.7
2025-06-12 12:06:00,78.5
2025-06-12 10:45:00,61.1
2025-06-12 09:18:00,36.9
2025-06-12 20:07:00,50.10277843742579
2025-06-12 02:47:00,65.1
2025-06-12 02:04:00,15.9
2025-06-12 01:24:00,34.7
2025-06-12 10:41:00,95.4
2025-06-12 04:41:00,7.6
2025-06-12 13:17:00,27.2
2025-06-12 03:55:00,50.10277843742579
2025-06-12 14:29:00,53.2
2025-06-12 05:16:00,42.5
2025-06-12 21:16:00,75.7
2025-06-12 09:49:00,83.4
2025-06-12 05:58:00,69.6
2025-06-12 10:22:00,42.8
2025-06-12 05:04:00,10.6
2025-06-12 14:59:00,86.2
2025-06-12 09:33:00,51.5
2025-06-12 22:59:00,39.7
2025-06-12 01:08:00,0.8
2025-06-12 07:48:00,4.5
2025-06-12 00:18:00,26.7
2025-06-12 22:31:00,31.3
2025-06-12 17:02:00,74.9
2025-06-12 07:06:00,45.5
2025-06-12 23:34:00,50.10277843742579
2025-06-12 00:16:00,50.10277843742579
2025-06-12 22:12:00,50.10277843742579
2025-06-12 18:55:00,50.10277843742579
2025-06-12 07:25:00,43.4
2025-06-12 14:07:00,84.5
2025-06-12 18:44:00,90.2
2025-06-12 02:09:00,97.9
2025-06-12 03:26:00,4.0
2025-06-12 10:37:00,86.7
2025-06-12 11:47:00,89.0
2025-06-12 21:50:00,95.5
2025-06-12 20:46:00,89.4
2025-06-12 11:12:00,4.8
2025-06-12 13:25:00,88.6
2025-06-12 14:21:00,50.10277843742579
2025-06-12 18:17:00,68.2
2025-06-12 02:36:00,50.10277843742579
2025-06-12 17:23:00,7.0
2025-06-12 16:09:00,71.0
2025-06-12 16:27:00,28.1
2025-06-12 12:07:00,15.9
2025-06-12 20:21:00,43.0
2025-06-12 19:58:00,64.5
2025-06-12 04:10:00,15.1
2025-06-12 01:09:00,45.2
2025-06-12 14:56:00,50.10277843742579
2025-06-12 18:46:00,50.10277843742579
2025-06-12 03:27:00,99.5
2025-06-12 05:48:00,12.9
2025-06-12 09:41:00,65.9
2025-06-12 11:12:00,3.5
2025-06-12 22:14:00,50.10277843742579
2025-06-12 07:31:00,49.5
2025-06-12 06:49:00,58.4
2025-06-12 04:36:00,55.2
2025-06-12 07:37:00,97.7
2025-06-12 06:59:00,70.7
2025-06-12 16:53:00,50.10277843742579
2025-06-12 04:59:00,13.9
2025-06-12 13:36:00,86.0
2025-06-12 21:27:00,50.10277843742579
2025-06-12 15:08:00,27.3
2025-06-12 05:54:00,50.10277843742579
2025-06-12 15:04:00,59.0
2025-06-12 05:58:00,27.8
2025-06-12 09:00:00,24.8
2025-06-12 08:07:00,26.4
2025-06-12 09:10:00,35.4
2025-06-12 00:01:00,50.10277843742579
2025-06-12 19:35:00,24.7
2025-06-12 21:20:00,10.6
2025-06-12 00:30:00,50.9
2025-06-12 20:56:00,43.3
2025-06-12 13:58:00,18.9
2025-06-12 16:01:00,50.10277843742579
2025-06-12 12:01:00,88.2
2025-06-12 09:15:00,75.7
2025-06-12 03:35:00,50.10277843742579
2025-06-12 03:33:00,97.5
2025-06-12 10:43:00,10.9
2025-06-12 13:33:00,49.7
2025-06-12 23:01:00,16.7
2025-06-12 12:15:00,13.4
2025-06-12 04:35:00,30.0
2025-06-12 07:11:00,35.4
2025-06-12 21:10:00,10.5
2025-06-12 19:00:00,60.4
2025-06-12 22:18:00,50.10277843742579
2025-06-12 14:26:00,50.10277843742579
2025-06-12 14:42:00,50.10277843742579
2025-06-12 12:37:00,48.3
2025-06-12 15:30:00,19.3
2025-06-12 12:36:00,26.7
2025-06-12 20:22:00,48.6
2025-06-12 00:28:00,7.2
2025-06-12 01:12:00,25.8
2025-06-12 12:22:00,43.2
2025-06-12 05:21:00,42.3
2025-06-12 09:09:00,50.10277843742579
2025-06-12 01:16:00,43.3
2025-06-12 22:50:00,19.4
2025-06-12 17:35:00,14.0
2025-06-12 16:44:00,6.6
2025-06-12 19:40:00,24.4
2025-06-12 06:11:00,68.7
2025-06-12 21:34:00,55.9
2025-06-12 22:45:00,50.10277843742579
2025-06-12 21:37:00,4.4
2025-06-12 23:25:00,85.6
2025-06-12 19:18:00,46.1
2025-06-12 15:56:00,15.9
2025-06-12 10:38:00,50.10277843742579
2025-06-12 07:48:00,85.9
2025-06-12 05:32:00,7.3
2025-06-12 07:54:00,39.8
2025-06-12 06:30:00,50.10277843742579
2025-06-12 06:31:00,53.6
2025-06-12 19:32:00,54.9
2025-06-12 11:53:00,36.8
2025-06-12 11:45:00,57.1
2025-06-12 15:53:00,2.6
2025-06-12 14:01:00,84.9
2025-06-12 19:49:00,85.3
2025-06-12 14:39:00,63.3
2025-06-12 14:39:00,39.2
2025-06-12 01:54:00,39.0
2025-06-12 10:48:00,65.3
2025-06-12 17:30:00,30.3
2025-06-12 13:03:00,50.10277843742579
2025-06-12 23:32:00,88.3
2025-06-12 06:48:00,11.1
2025-06-12 19:04:00,40.1
2025-06-12 23:07:00,46.2
2025-06-12 06:20:00,89.6
2025-06-12 13:39:00,93.2
2025-06-12 08:17:00,56.0
2025-06-12 23:49:00,98.0
2025-06-12 19:20:00,17.1
2025-06-12 21:50:00,65.2
2025-06-12 22:53:00,4.2
2025-06-12 01:51:00,50.10277843742579
2025-06-12 15:02:00,41.5
2025-06-12 22:57:00,40.0
2025-06-12 23:55:00,31.4
2025-06-12 20:01:00,53.2
2025-06-12 09:00:00,51.4
2025-06-12 17:01:00,7.2
2025-06-12 12:24:00,22.2
2025-06-12 12:01:00,7.4
2025-06-12 03:37:00,46.9
2025-06-12 20:48:00,53.0
2025-06-12 21:53:00,66.6
2025-06-12 00:23:00,82.3
2025-06-12 03:44:00,18.7
2025-06-12 17:31:00,84.3
2025-06-12 01:19:00,32.0
2025-06-12 03:39:00,50.10277843742579
2025-06-12 11:40:00,50.10277843742579
2025-06-12 14:14:00,58.7
2025-06-12 09:30:00,1.4
2025-06-12 15:35:00,15.2
2025-06-12 17:48:00,9.0
2025-06-12 08:54:00,16.4
2025-06-12 03:14:00,28.5
2025-06-12 10:36:00,50.10277843742579
2025-06-12 16:29:00,19.9
2025-06-12 13:30:00,13.9
2025-06-12 13:18:00,95.9
2025-06-12 11:46:00,24.5
2025-06-12 11:00:00,73.6
2025-06-12 03:03:00,87.5
2025-06-12 03:30:00,65.3
2025-06-12 00:11:00,24.3
2025-06-12 17:15:00,89.1
2025-06-12 13:16:00,12.4
2025-06-12 01:40:00,5.2
2025-06-12 17:10:00,50.10277843742579
2025-06-12 11:07:00,90.4
2025-06-12 05:27:00,50.10277843742579
2025-06-12 19:26:00,0.4
2025-06-12 13:31:00,50.10277843742579
2025-06-12 01:41:00,50.2
2025-06-12 20:40:00,75.6
2025-06-12 16:20:00,37.3
2025-06-12 00:47:00,95.0
2025-06-12 19:57:00,21.3
2025-06-12 21:37:00,65.2
2025-06-12 13:25:00,86.4
2025-06-12 05:35:00,50.10277843742579
2025-06-12 11:23:00,4.0
2025-06-12 21:22:00,59.5
2025-06-12 03:36:00,47.6
2025-06-12 07:22:00,14.7
2025-06-12 00:27:00,97.4
2025-06-12 19:30:00,96.2
2025-06-12 02:18:00,99.3
2025-06-12 00:22:00,30.8
2025-06-12 01:20:00,44.1
2025-06-12 23:08:00,61.3
2025-06-12 04:57:00,4.1
2025-06-12 18:15:00,15.9
2025-06-12 10:16:00,28.2
2025-06-12 22:20:00,37.3
2025-06-12 21:30:00,28.4
2025-06-12 11:56:00,32.1
2025-06-12 06:48:00,50.10277843742579
2025-06-12 15:31:00,64.6
2025-06-12 21:42:00,33.3
2025-06-12 01:16:00,96.3
2025-06-12 13:35:00,59.0
2025-06-12 00:26:00,29.7
2025-06-12 09:17:00,50.10277843742579
2025-06-12 00:51:00,96.8
2025-06-12 21:12:00,20.3
2025-06-12 03:25:00,57.0
2025-06-12 20:48:00,72.5
2025-06-12 00:00:00,18.7
2025-06-12 11:58:00,66.6
2025-06-12 03:07:00,17.4
2025-06-12 05:15:00,25.8
2025-06-12 22:21:00,75.1
2025-06-12 01:31:00,72.6
2025-06-12 13:52:00,62.7
2025-06-12 07:19:00,58.9
2025-06-12 09:08:00,19.8
2025-06-12 00:30:00,6.6
2025-06-12 18:42:00,35.1
2025-06-12 16:24:00,84.0
2025-06-12 08:39:00,18.1
2025-06-12 18:53:00,39.6
2025-06-12 21:00:00,39.6
2025-06-12 10:07:00,54.0
2025-06-12 07:10:00,19.1
2025-06-12 22:25:00,74.6
2025-06-12 13:59:00,53.6
2025-06-12 04:01:00,77.8
2025-06-12 09:10:00,49.2
2025-06-12 13:44:00,49.85036359371334
2025-06-12 14:32:00,13.6
2025-06-12 18:24:00,54.0
2025-06-12 06:30:00,30.8
2025-06-12 00:39:00,11.7
2025-06-12 13:19:00,14.4
2025-06-12 13:30:00,49.85036359371334
2025-06-12 00:42:00,37.5
2025-06-12 06:44:00,24.6
2025-06-12 02:27:00,83.2
2025-06-12 10:07:00,93.3
2025-06-12 12:00:00,96.9
2025-06-12 23:14:00,68.1
2025-06-12 18:53:00,28.8
2025-06-12 18:17:00,69.5
2025-06-12 06:36:00,49.85036359371334
2025-06-12 03:59:00,37.9
2025-06-12 05:00:00,75.8
2025-06-12 03:20:00,84.5
2025-06-12 23:23:00,21.0
2025-06-12 03:58:00,94.0
2025-06-12 03:57:00,41.9
2025-06-12 03:21:00,35.2
2025-06-12 16:10:00,49.85036359371334
2025-06-12 07:48:00,85.1
2025-06-12 17:57:00,57.2
2025-06-12 20:44:00,40.3
2025-06-12 06:58:00,49.85036359371334
2025-06-12 21:56:00,49.85036359371334
2025-06-12 12:52:00,12.7
2025-06-12 00:57:00,4.2
2025-06-12 12:55:00,49.85036359371334
2025-06-12 16:09:00,49.1
2025-06-12 07:32:00,60.8
2025-06-12 08:40:00,96.3
2025-06-12 23:20:00,80.7
2025-06-12 19:46:00,57.7
2025-06-12 03:59:00,39.0
2025-06-12 02:46:00,61.3
2025-06-12 22:19:00,37.5
2025-06-12 00:01:00,77.7
2025-06-12 06:31:00,39.4
2025-06-12 02:44:00,28.3
2025-06-12 03:47:00,96.8
2025-06-12 06:53:00,0.2
2025-06-12 21:18:00,14.6
2025-06-12 22:32:00,77.1
2025-06-12 09:35:00,98.9
2025-06-12 10:29:00,62.6
2025-06-12 18:55:00,22.0
2025-06-12 20:21:00,78.3
2025-06-12 05:35:00,70.6
2025-06-12 01:08:00,49.85036359371334
2025-06-12 07:44:00,49.85036359371334
2025-06-12 20:23:00,68.1
2025-06-12 10:21:00,67.2
2025-06-12 11:10:00,49.85036359371334
2025-06-12 19:33:00,63.9
2025-06-12 20:45:00,38.2
2025-06-12 09:54:00,10.2
2025-06-12 02:35:00,95.9
2025-06-12 03:21:00,3.6
2025-06-12 01:57:00,33.2
2025-06-12 16:18:00,49.85036359371334
2025-06-12 08:29:00,3.8
2025-06-12 07:06:00,36.2
2025-06-12 01:23:00,12.7
2025-06-12 18:43:00,84.3
2025-06-12 23:03:00,49.85036359371334
2025-06-12 21:54:00,2.0
2025-06-12 06:52:00,46.6
2025-06-12 17:20:00,49.85036359371334
2025-06-12 13:20:00,2.6
2025-06-12 04:45:00,49.85036359371334
2025-06-12 20:53:00,49.85036359371334
2025-06-12 10:49:00,18.2
2025-06-12 04:13:00,6.9
2025-06-12 22:03:00,93.5
2025-06-12 05:31:00,59.7
2025-06-12 22:38:00,51.5
2025-06-12 04:51:00,57.4
2025-06-12 16:03:00,49.85036359371334
2025-06-12 23:57:00,94.4
2025-06-12 03:14:00,50.0
2025-06-12 06:19:00,22.2
2025-06-12 15:14:00,84.8
2025-06-12 14:19:00,49.85036359371334
2025-06-12 22:25:00,91.0
2025-06-12 18:42:00,40.9
2025-06-12 09:26:00,21.1
2025-06-12 12:11:00,49.85036359371334
2025-06-12 01:19:00,33.0
2025-06-12 17:57:00,11.5
2025-06-12 16:27:00,29.9
2025-06-12 10:37:00,55.6
2025-06-12 00:03:00,79.1
2025-06-12 13:08:00,13.7
2025-06-12 22:15:00,49.85036359371334
2025-06-12 17:43:00,42.4
2025-06-12 08:36:00,49.85036359371334
2025-06-12 23:12:00,49.85036359371334
2025-06-12 20:15:00,49.85036359371334
2025-06-12 08:12:00,78.7
2025-06-12 13:24:00,90.8
2025-06-12 07:05:00,66.7
2025-06-12 06:52:00,40.0
2025-06-12 19:40:00,49.85036359371334
2025-06-12 03:40:00,74.4
2025-06-12 21:57:00,42.0
2025-06-12 15:57:00,38.3
2025-06-12 06:56:00,90.8
2025-06-12 00:14:00,46.5
2025-06-12 12:21:00,48.6
2025-06-12 11:25:00,56.5
2025-06-12 19:14:00,59.4
2025-06-12 15:54:00,6.4
2025-06-12 21:07:00,14.2
2025-06-12 04:49:00,84.2
2025-06-12 09:01:00,97.4
2025-06-12 20:38:00,79.9
2025-06-12 17:37:00,86.8
2025-06-12 07:35:00,22.5
2025-06-12 13:40:00,14.7
2025-06-12 17:08:00,41.5
2025-06-12 21:10:00,55.4
2025-06-12 01:13:00,88.4
2025-06-12 14:08:00,43.6
2025-06-12 15:07:00,52.1
2025-06-12 23:15:00,49.85036359371334
2025-06-12 09:08:00,5.3
2025-06-12 15:49:00,13.1
2025-06-12 06:14:00,14.6
2025-06-12 17:53:00,36.8
2025-06-12 02:20:00,49.85036359371334
2025-06-12 21:15:00,53.1
2025-06-12 02:50:00,14.0
2025-06-12 04:55:00,68.8
2025-06-12 07:53:00,87.0
2025-06-12 07:10:00,32.7
2025-06-12 06:26:00,21.5
2025-06-12 10:28:00,49.85036359371334
2025-06-12 19:12:00,99.7
2025-06-12 15:23:00,24.5
2025-06-12 14:44:00,29.0
2025-06-12 10:41:00,71.7
2025-06-12 13:50:00,74.9
2025-06-12 02:47:00,89.0
2025-06-12 01:21:00,10.1
2025-06-12 21:23:00,14.1
2025-06-12 07:37:00,22.5
2025-06-12 07:53:00,66.1
2025-06-12 13:45:00,86.5
2025-06-12 04:48:00,54.4
2025-06-12 08:09:00,16.2
2025-06-12 19:15:00,68.4
2025-06-12 00:42:00,3.9
2025-06-12 18:34:00,26.9
2025-06-12 02:18:00,29.0
2025-06-12 07:17:00,91.7
2025-06-12 12:20:00,39.9
2025-06-12 11:52:00,35.9
2025-06-12 18:01:00,6.8
2025-06-12 17:12:00,24.3
2025-06-12 01:17:00,99.2
2025-06-12 00:07:00,59.7
2025-06-12 19:40:00,49.85036359371334
2025-06-12 13:30:00,13.5
2025-06-12 19:25:00,42.3
2025-06-12 00:54:00,61.5
2025-06-12 08:14:00,29.2
2025-06-12 20:23:00,41.8
2025-06-12 23:43:00,49.85036359371334
2025-06-12 00:34:00,1.2
2025-06-12 14:16:00,68.8
2025-06-12 10:14:00,21.8
2025-06-12 04:04:00,94.4
2025-06-12 02:21:00,9.5
2025-06-12 06:17:00,26.6
2025-06-12 16:33:00,49.85036359371334
2025-06-12 14:29:00,37.2
2025-06-12 10:37:00,31.3
2025-06-12 20:36:00,52.6
2025-06-12 09:37:00,25.1
2025-06-12 10:21:00,17.5
2025-06-12 09:55:00,42.8
2025-06-12 17:14:00,12.1
2025-06-12 14:15:00,2.9
2025-06-12 14:17:00,49.85036359371334
2025-06-12 09:37:00,49.5
2025-06-12 23:28:00,24.3
2025-06-12 23:38:00,29.2
2025-06-12 04:52:00,10.8
2025-06-12 13:41:00,91.2
2025-06-12 20:28:00,13.6
2025-06-12 10:42:00,33.4
2025-06-12 08:04:00,65.5
2025-06-12 20:05:00,83.4
2025-06-12 15:23:00,37.2
2025-06-12 16:26:00,52.6
2025-06-12 19:23:00,49.85036359371334
2025-06-12 08:39:00,19.4
2025-06-12 09:00:00,13.6
2025-06-12 00:40:00,86.8
2025-06-12 16:15:00,18.2
2025-06-12 18:03:00,67.2
2025-06-12 01:10:00,79.1
2025-06-12 21:50:00,47.3
2025-06-12 07:16:00,9.2
2025-06-12 09:33:00,8.2
2025-06-12 12:40:00,1.8
2025-06-12 23:08:00,88.1
2025-06-12 06:19:00,87.0
2025-06-12 14:02:00,85.1
2025-06-12 08:15:00,60.8
2025-06-12 14:35:00,49.8
2025-06-12 18:20:00,49.85036359371334
2025-06-12 01:05:00,49.85036359371334
2025-06-12 16:25:00,53.0
2025-06-12 18:02:00,18.9
2025-06-12 12:47:00,10.2
2025-06-12 12:25:00,49.85036359371334
2025-06-12 14:09:00,51.5
2025-06-12 20:27:00,49.85036359371334
2025-06-12 08:57:00,64.6
2025-06-12 09:09:00,57.0
2025-06-12 06:09:00,83.9
2025-06-12 14:02:00,2.7
2025-06-12 12:36:00,71.1
2025-06-12 10:20:00,13.6
2025-06-12 22:42:00,96.8
2025-06-12 05:41:00,49.85036359371334
2025-06-12 04:04:00,80.9
2025-06-12 04:57:00,79.0
2025-06-12 21:32:00,49.85036359371334
2025-06-12 08:36:00,49.6
2025-06-12 22:18:00,76.2
2025-06-12 05:48:00,73.1
2025-06-12 08:09:00,49.85036359371334
2025-06-12 05:58:00,66.2
2025-06-12 01:23:00,28.9
2025-06-12 16:22:00,36.4
2025-06-12 15:59:00,79.1
2025-06-12 00:43:00,97.5
2025-06-12 21:39:00,33.5
2025-06-12 18:42:00,49.85036359371334
2025-06-12 13:48:00,93.4
2025-06-12 20:09:00,79.6
2025-06-12 03:55:00,75.4
2025-06-12 02:53:00,60.9
2025-06-12 23:25:00,51.2
2025-06-12 17:31:00,45.4
2025-06-12 00:33:00,35.0
2025-06-12 02:23:00,64.0
2025-06-12 00:21:00,56.4
2025-06-12 15:44:00,39.5
2025-06-12 04:12:00,28.1
2025-06-12 22:44:00,16.8
2025-06-12 07:45:00,17.9
2025-06-12 22:14:00,46.4
2025-06-12 18:58:00,33.0
2025-06-12 22:08:00,8.4
2025-06-12 15:45:00,94.0
2025-06-12 08:42:00,49.85036359371334
2025-06-12 21:01:00,97.4
2025-06-12 23:06:00,98.9
2025-06-12 20:09:00,64.2
2025-06-12 15:27:00,14.7
2025-06-12 08:19:00,41.0
2025-06-12 17:32:00,30.8
2025-06-12 10:26:00,57.4
2025-06-12 15:32:00,45.6
2025-06-12 11:26:00,68.5
2025-06-12 14:35:00,88.3
2025-06-12 04:19:00,49.85036359371334
2025-06-12 01:02:00,49.85036359371334
2025-06-12 12:44:00,94.2
2025-06-12 23:49:00,15.5
2025-06-12 19:15:00,25.8
2025-06-12 04:45:00,75.8
2025-06-12 02:56:00,49.85036359371334
2025-06-12 20:50:00,26.3
2025-06-12 09:53:00,3.2
2025-06-12 00:54:00,63.2
2025-06-12 19:28:00,9.6
2025-06-12 15:26:00,58.4
2025-06-12 00:30:00,39.5
2025-06-12 19:23:00,76.6
2025-06-12 10:13:00,25.9
2025-06-12 00:31:00,44.8
2025-06-12 15:37:00,51.2
2025-06-12 13:10:00,16.4
2025-06-12 07:05:00,0.5
2025-06-12 14:12:00,62.3
2025-06-12 03:18:00,18.6
2025-06-12 10:23:00,6.5
2025-06-12 03:51:00,49.85036359371334
2025-06-12 21:14:00,92.4
2025-06-12 12:20:00,70.2
2025-06-12 09:14:00,55.6
2025-06-12 06:14:00,34.4
2025-06-12 03:07:00,86.8
2025-06-12 08:23:00,72.8
2025-06-12 15:17:00,35.5
2025-06-12 05:33:00,31.6
2025-06-12 16:06:00,1.9
2025-06-12 23:59:00,78.7
2025-06-12 10:16:00,63.6
2025-06-12 00:25:00,28.5
2025-06-12 15:31:00,0.9
2025-06-12 08:12:00,65.3
2025-06-12 05:10:00,11.3
2025-06-12 03:12:00,26.1
2025-06-12 06:58:00,45.7
2025-06-12 06:03:00,68.6
2025-06-12 01:31:00,21.1
2025-06-12 20:50:00,42.2
2025-06-12 15:17:00,65.0
2025-06-12 13:18:00,49.85036359371334
2025-06-12 08:52:00,23.5
2025-06-12 12:34:00,40.8
2025-06-12 12:04:00,22.3
2025-06-12 03:57:00,74.2
2025-06-12 09:10:00,36.8
2025-06-12 10:28:00,56.5
2025-06-12 06:23:00,49.85036359371334
2025-06-12 13:35:00,63.7
2025-06-12 19:15:00,54.5
2025-06-12 08:36:00,39.5
2025-06-12 15:34:00,67.1
2025-06-12 04:03:00,77.7
2025-06-12 20:50:00,8.4
2025-06-12 07:40:00,19.1
2025-06-12 21:30:00,63.0
2025-06-12 03:36:00,40.9
2025-06-12 02:25:00,86.4
2025-06-12 07:34:00,1.3
2025-06-12 04:16:00,65.0
2025-06-12 01:02:00,21.6
2025-06-12 19:37:00,7.1
2025-06-12 11:08:00,39.3
2025-06-12 21:35:00,26.3
2025-06-12 23:21:00,29.0
2025-06-12 17:41:00,83.0
2025-06-12 01:25:00,49.85036359371334
2025-06-12 20:33:00,24.9
2025-06-12 04:43:00,5.5
2025-06-12 08:54:00,61.4
2025-06-12 19:45:00,99.1
2025-06-12 18:43:00,38.8
2025-06-12 13:22:00,14.1
2025-06-12 15:37:00,51.3
2025-06-12 04:07:00,19.6
2025-06-12 05:48:00,41.1
2025-06-12 01:36:00,25.2
2025-06-12 12:05:00,40.7
2025-06-12 02:21:00,16.3
2025-06-12 22:26:00,93.0
2025-06-12 17:30:00,100.0
2025-06-12 18:29:00,40.1
2025-06-12 02:15:00,68.8
2025-06-12 09:52:00,2.6
2025-06-12 23:16:00,8.2
2025-06-12 07:54:00,11.4
2025-06-12 13:24:00,37.4
2025-06-12 09:24:00,21.4
2025-06-12 08:42:00,51.3
2025-06-12 20:24:00,50.02337935876432
2025-06-12 02:25:00,93.4
2025-06-12 17:25:00,50.02337935876432
2025-06-12 15:36:00,71.3
2025-06-12 12:39:00,60.8
2025-06-12 11:25:00,54.0
2025-06-12 16:46:00,98.7
2025-06-12 02:25:00,18.7
2025-06-12 07:07:00,61.5
2025-06-12 02:09:00,12.5
2025-06-12 13:30:00,39.3
2025-06-12 03:07:00,16.8
2025-06-12 18:42:00,71.3
2025-06-12 19:57:00,50.02337935876432
2025-06-12 08:31:00,50.02337935876432
2025-06-12 12:35:00,7.9
2025-06-12 23:53:00,33.1
2025-06-12 08:34:00,50.02337935876432
2025-06-12 11:47:00,84.6
2025-06-12 12:52:00,33.0
2025-06-12 23:35:00,99.0
2025-06-12 18:49:00,4.6
2025-06-12 06:45:00,50.02337935876432
2025-06-12 08:04:00,58.6
2025-06-12 08:21:00,14.1
2025-06-12 07:26:00,6.1
2025-06-12 04:57:00,50.02337935876432
2025-06-12 18:10:00,52.3
2025-06-12 20:44:00,87.2
2025-06-12 10:39:00,27.2
2025-06-12 02:44:00,58.7
2025-06-12 01:33:00,17.8
2025-06-12 14:27:00,13.7
2025-06-12 16:27:00,94.5
2025-06-12 14:34:00,50.02337935876432
2025-06-12 01:48:00,50.02337935876432
2025-06-12 13:02:00,75.4
2025-06-12 23:08:00,50.02337935876432
2025-06-12 22:24:00,50.02337935876432
2025-06-12 15:53:00,50.02337935876432
2025-06-12 07:00:00,55.2
2025-06-12 09:49:00,14.3
2025-06-12 16:50:00,39.7
2025-06-12 14:35:00,73.9
2025-06-12 05:33:00,25.7
2025-06-12 13:42:00,82.3
2025-06-12 18:41:00,93.9
2025-06-12 05:20:00,62.3
2025-06-12 19:09:00,3.6
2025-06-12 18:05:00,9.5
2025-06-12 23:10:00,34.4
2025-06-12 10:53:00,50.02337935876432
2025-06-12 00:51:00,68.6
2025-06-12 22:25:00,29.0
2025-06-12 09:32:00,36.3
2025-06-12 20:59:00,50.02337935876432
2025-06-12 06:19:00,91.1
2025-06-12 01:17:00,50.02337935876432
2025-06-12 23:48:00,31.5
2025-06-12 12:21:00,47.1
2025-06-12 00:13:00,81.7
2025-06-12 04:40:00,82.1
2025-06-12 18:49:00,69.6
2025-06-12 03:13:00,54.2
2025-06-12 03:55:00,69.2
2025-06-12 09:23:00,92.6
2025-06-12 22:29:00,97.4
2025-06-12 07:48:00,40.8
2025-06-12 17:43:00,94.5
2025-06-12 18:06:00,76.4
2025-06-12 03:29:00,33.2
2025-06-12 02:15:00,17.7
2025-06-12 08:53:00,50.02337935876432
2025-06-12 14:02:00,78.5
2025-06-12 09:29:00,38.2
2025-06-12 06:43:00,50.02337935876432
2025-06-12 14:38:00,50.02337935876432
2025-06-12 09:08:00,61.1
2025-06-12 00:32:00,43.0
2025-06-12 02:57:00,46.8
2025-06-12 09:24:00,13.5
2025-06-12 21:10:00,10.3
2025-06-12 01:49:00,15.9
2025-06-12 07:04:00,46.8
2025-06-12 17:25:00,50.0
2025-06-12 01:28:00,77.0
2025-06-12 20:08:00,50.02337935876432
2025-06-12 08:26:00,81.0
2025-06-12 11:00:00,39.5
2025-06-12 15:27:00,80.7
2025-06-12 10:58:00,25.2
2025-06-12 06:25:00,12.3
2025-06-12 21:00:00,88.8
2025-06-12 09:55:00,44.5
2025-06-12 23:07:00,18.0
2025-06-12 23:51:00,1.5
2025-06-12 07:07:00,50.02337935876432
2025-06-12 05:58:00,13.4
2025-06-12 01:03:00,10.9
2025-06-12 02:54:00,50.02337935876432
2025-06-12 18:16:00,50.02337935876432
2025-06-12 09:11:00,73.3
2025-06-12 11:56:00,16.5
2025-06-12 04:26:00,56.1
2025-06-12 04:22:00,29.3
2025-06-12 00:36:00,50.02337935876432
2025-06-12 02:24:00,84.5
2025-06-12 21:56:00,34.6
2025-06-12 20:36:00,7.5
2025-06-12 14:40:00,96.7
2025-06-12 20:06:00,92.6
2025-06-12 21:30:00,50.02337935876432
2025-06-12 17:16:00,92.7
2025-06-12 10:18:00,91.1
2025-06-12 14:55:00,58.4
2025-06-12 20:06:00,76.0
2025-06-12 23:58:00,19.5
2025-06-12 15:19:00,77.6
2025-06-12 03:05:00,37.2
2025-06-12 10:01:00,72.2
2025-06-12 05:20:00,63.9
2025-06-12 11:13:00,21.4
2025-06-12 03:52:00,22.2
2025-06-12 08:32:00,54.0
2025-06-12 18:38:00,6.6
2025-06-12 21:51:00,97.9
2025-06-12 16:55:00,50.02337935876432
2025-06-12 04:30:00,50.02337935876432
2025-06-12 00:48:00,12.3
2025-06-12 06:53:00,23.7
2025-06-12 16:19:00,94.5
2025-06-12 03:05:00,26.4
2025-06-12 11:48:00,64.1
2025-06-12 19:53:00,86.8
2025-06-12 17:17:00,70.0
2025-06-12 21:46:00,84.5
2025-06-12 12:48:00,50.6
2025-06-12 06:20:00,4.7
2025-06-12 11:38:00,73.3
2025-06-12 14:07:00,28.7
2025-06-12 22:03:00,82.6
2025-06-12 14:06:00,49.6
2025-06-12 10:44:00,63.3
2025-06-12 14:59:00,80.3
2025-06-12 18:32:00,79.2
2025-06-12 08:01:00,8.6
2025-06-12 10:32:00,6.8
2025-06-12 01:54:00,50.02337935876432
2025-06-12 14:43:00,73.3
2025-06-12 06:14:00,89.4
2025-06-12 06:09:00,48.6
2025-06-12 16:44:00,26.7
2025-06-12 13:03:00,28.1
2025-06-12 06:07:00,18.4
2025-06-12 05:12:00,12.8
2025-06-12 02:07:00,93.8
2025-06-12 15:44:00,97.1
2025-06-12 19:36:00,76.8
2025-06-12 19:23:00,10.7
2025-06-12 16:54:00,16.8
2025-06-12 10:20:00,50.02337935876432
2025-06-12 18:22:00,50.02337935876432
2025-06-12 23:52:00,65.9
2025-06-12 06:50:00,62.7
2025-06-12 17:06:00,36.1
2025-06-12 11:38:00,69.7
2025-06-12 02:35:00,1.8
2025-06-12 11:40:00,93.5
2025-06-12 22:11:00,55.4
2025-06-12 04:15:00,56.5
2025-06-12 20:38:00,22.2
2025-06-12 11:24:00,66.3
2025-06-12 17:43:00,4.5
2025-06-12 17:26:00,13.1
2025-06-12 04:19:00,70.9
2025-06-12 02:41:00,42.7
2025-06-12 16:19:00,10.0
2025-06-12 20:56:00,92.9
2025-06-12 15:58:00,4.1
2025-06-12 21:30:00,56.9
2025-06-12 02:37:00,70.8
2025-06-12 12:03:00,47.2
2025-06-12 12:43:00,85.6
2025-06-12 04:28:00,21.1
2025-06-12 18:58:00,50.02337935876432
2025-06-12 01:03:00,84.3
2025-06-12 18:40:00,1.5
2025-06-12 18:17:00,6.0
2025-06-12 18:16:00,20.0
2025-06-12 18:31:00,10.9
2025-06-12 21:22:00,51.6
2025-06-12 06:42:00,28.3
2025-06-12 19:40:00,41.5
2025-06-12 05:31:00,50.02337935876432
2025-06-12 16:48:00,50.02337935876432
2025-06-12 03:37:00,77.6
2025-06-12 02:38:00,53.3
2025-06-12 17:51:00,19.1
2025-06-12 04:47:00,49.6
2025-06-12 10:27:00,50.02337935876432
2025-06-12 17:28:00,55.6
2025-06-12 18:56:00,83.9
2025-06-12 19:53:00,50.02337935876432
2025-06-12 03:31:00,50.02337935876432
2025-06-12 22:50:00,50.02337935876432
2025-06-12 12:49:00,35.1
2025-06-12 09:29:00,39.8
2025-06-12 05:18:00,50.02337935876432
2025-06-12 16:40:00,96.5
2025-06-12 20:44:00,78.1
2025-06-12 01:27:00,45.3
2025-06-12 00:32:00,89.8
2025-06-12 19:43:00,37.8
2025-06-12 08:28:00,22.6
2025-06-12 02:21:00,9.3
2025-06-12 03:58:00,22.4
2025-06-12 04:20:00,88.2
2025-06-12 21:44:00,94.8
2025-06-12 19:56:00,50.02337935876432
2025-06-12 19:36:00,2.1
2025-06-12 19:17:00,98.4
2025-06-12 05:22:00,50.02337935876432
2025-06-12 01:55:00,50.02337935876432
2025-06-12 02:12:00,50.02337935876432
2025-06-12 10:20:00,57.1
2025-06-12 02:11:00,50.02337935876432
2025-06-12 12:10:00,50.6
2025-06-12 17:11:00,68.5
2025-06-12 11:47:00,88.0
2025-06-12 05:51:00,6.0
2025-06-12 20:00:00,41.4
2025-06-12 13:36:00,64.9
2025-06-12 14:40:00,90.5
2025-06-12 04:14:00,99.4
2025-06-12 06:24:00,5.1
2025-06-12 08:26:00,3.8
2025-06-12 23:01:00,50.02337935876432
2025-06-12 09:20:00,50.02337935876432
2025-06-12 18:51:00,31.1
2025-06-12 02:57:00,60.3
2025-06-12 19:26:00,50.02337935876432
2025-06-12 14:42:00,8.1
2025-06-12 22:44:00,78.7
2025-06-12 15:41:00,98.4
2025-06-12 05:39:00,72.5
2025-06-12 15:50:00,73.1
2025-06-12 06:15:00,50.02337935876432
2025-06-12 14:03:00,99.3
2025-06-12 20:53:00,18.1
2025-06-12 16:33:00,79.0
2025-06-12 18:32:00,83.5
2025-06-12 02:12:00,95.1
2025-06-12 03:14:00,35.1
2025-06-12 05:25:00,50.02337935876432
2025-06-12 22:44:00,81.4
2025-06-12 08:33:00,50.02337935876432
2025-06-12 21:23:00,75.3
2025-06-12 08:58:00,50.02337935876432
2025-06-12 16:17:00,28.6
2025-06-12 00:54:00,59.3
2025-06-12 20:11:00,21.3
2025-06-12 21:36:00,78.6
2025-06-12 07:05:00,7.0
2025-06-12 11:56:00,72.2
2025-06-12 07:29:00,50.02337935876432
2025-06-12 19:36:00,97.4
2025-06-12 17:32:00,27.2
2025-06-12 10:58:00,31.0
2025-06-12 12:07:00,62.9
2025-06-12 12:47:00,83.4
2025-06-12 15:58:00,22.0
2025-06-12 09:58:00,50.02337935876432
2025-06-12 11:11:00,20.8
2025-06-12 22:46:00,14.5
2025-06-12 03:43:00,45.5
2025-06-12 18:27:00,83.8
2025-06-12 14:36:00,50.02337935876432
2025-06-12 00:41:00,50.02337935876432
2025-06-12 14:09:00,42.0
2025-06-12 10:18:00,94.4
2025-06-12 20:13:00,76.9
2025-06-12 11:19:00,75.6
2025-06-12 06:51:00,91.9
2025-06-12 21:28:00,93.8
2025-06-12 07:46:00,52.4
2025-06-12 22:46:00,45.8
2025-06-12 10:41:00,8.3
2025-06-12 12:15:00,43.7
2025-06-12 06:35:00,7.7
2025-06-12 23:17:00,79.5
2025-06-12 15:15:00,11.7
2025-06-12 09:45:00,4.3
2025-06-12 00:43:00,90.9
2025-06-12 02:32:00,37.5
2025-06-12 08:17:00,41.1
2025-06-12 10:09:00,93.7
2025-06-12 09:10:00,68.1
2025-06-12 22:51:00,53.8
2025-06-12 10:59:00,74.8
2025-06-12 12:01:00,52.0
2025-06-12 07:03:00,60.3
2025-06-12 20:55:00,22.2
2025-06-12 17:22:00,10.2
2025-06-12 17:46:00,9.9
2025-06-12 12:17:00,79.8
2025-06-12 14:59:00,44.4
2025-06-12 15:44:00,73.1
2025-06-12 18:23:00,47.4
2025-06-12 04:23:00,70.7
2025-06-12 02:48:00,4.3
2025-06-12 09:29:00,26.0
2025-06-12 19:13:00,5.2
2025-06-12 23:27:00,50.19809456598448
2025-06-12 13:08:00,98.9
2025-06-12 12:02:00,50.19809456598448
2025-06-12 19:11:00,23.6
2025-06-12 07:18:00,25.6
2025-06-12 16:23:00,39.4
2025-06-12 12:49:00,50.19809456598448
2025-06-12 11:31:00,29.9
2025-06-12 07:48:00,78.3
2025-06-12 05:45:00,72.0
2025-06-12 13:45:00,95.0
2025-06-12 00:45:00,2.9
2025-06-12 12:40:00,64.6
2025-06-12 05:33:00,33.5
2025-06-12 05:23:00,19.4
2025-06-12 14:24:00,51.1
2025-06-12 05:35:00,45.6
2025-06-12 06:08:00,42.0
2025-06-12 16:40:00,98.6
2025-06-12 16:15:00,15.5
2025-06-12 07:48:00,50.19809456598448
2025-06-12 14:50:00,76.2
2025-06-12 01:59:00,99.0
2025-06-12 02:58:00,99.9
2025-06-12 18:00:00,81.0
2025-06-12 19:54:00,24.9
2025-06-12 13:55:00,98.7
2025-06-12 15:19:00,50.19809456598448
2025-06-12 03:54:00,25.7
2025-06-12 11:22:00,67.6
2025-06-12 16:39:00,74.3
2025-06-12 03:49:00,46.3
2025-06-12 01:06:00,4.7
2025-06-12 06:29:00,16.9
2025-06-12 19:51:00,38.4
2025-06-12 22:16:00,24.0
2025-06-12 04:19:00,73.8
2025-06-12 17:58:00,34.6
2025-06-12 18:45:00,82.0
2025-06-12 03:33:00,8.3
2025-06-12 11:26:00,34.9
2025-06-12 18:18:00,66.4
2025-06-12 11:43:00,50.19809456598448
2025-06-12 22:17:00,58.7
2025-06-12 18:45:00,50.19809456598448
2025-06-12 03:50:00,50.19809456598448
2025-06-12 13:04:00,68.9
2025-06-12 18:45:00,93.0
2025-06-12 16:12:00,62.4
2025-06-12 02:41:00,37.2
2025-06-12 23:45:00,50.19809456598448
2025-06-12 19:14:00,8.5
2025-06-12 12:10:00,59.6
2025-06-12 01:12:00,69.0
2025-06-12 16:53:00,78.4
2025-06-12 11:45:00,19.0
2025-06-12 22:10:00,50.19809456598448
2025-06-12 21:24:00,71.2
2025-06-12 23:57:00,17.7
2025-06-12 02:14:00,69.8
2025-06-12 13:37:00,92.3
2025-06-12 18:05:00,62.9
2025-06-12 22:31:00,52.6
2025-06-12 00:42:00,50.19809456598448
2025-06-12 14:47:00,96.2
2025-06-12 14:50:00,19.6
2025-06-12 19:02:00,55.3
2025-06-12 09:29:00,23.7
2025-06-12 01:03:00,15.7
2025-06-12 09:52:00,57.2
2025-06-12 14:46:00,53.3
2025-06-12 05:08:00,84.0
2025-06-12 05:09:00,7.2
2025-06-12 10:52:00,55.3
2025-06-12 05:28:00,7.2
2025-06-12 22:33:00,17.1
2025-06-12 18:40:00,27.4
2025-06-12 04:24:00,7.1
2025-06-12 08:57:00,12.4
2025-06-12 01:12:00,29.0
2025-06-12 16:46:00,49.4
2025-06-12 07:25:00,71.6
2025-06-12 22:33:00,51.7
2025-06-12 06:11:00,12.4
2025-06-12 20:01:00,50.19809456598448
2025-06-12 07:19:00,66.4
2025-06-12 17:44:00,50.19809456598448
2025-06-12 22:11:00,25.6
2025-06-12 18:36:00,32.3
2025-06-12 14:56:00,51.0
2025-06-12 14:03:00,81.1
2025-06-12 12:47:00,46.2
2025-06-12 06:51:00,62.9
2025-06-12 06:17:00,28.6
2025-06-12 23:59:00,50.19809456598448
2025-06-12 16:12:00,90.5
2025-06-12 17:45:00,36.5
2025-06-12 16:22:00,8.6
2025-06-12 13:19:00,22.5
2025-06-12 18:42:00,74.5
2025-06-12 13:05:00,54.8
2025-06-12 02:41:00,50.19809456598448
2025-06-12 22:15:00,96.1
2025-06-12 22:48:00,9.4
2025-06-12 17:14:00,50.19809456598448
2025-06-12 17:24:00,70.2
2025-06-12 12:05:00,83.6
2025-06-12 20:26:00,16.7
2025-06-12 00:14:00,18.0
2025-06-12 23:33:00,50.19809456598448
2025-06-12 01:33:00,8.7
2025-06-12 13:00:00,81.1
2025-06-12 13:34:00,27.6
2025-06-12 13:46:00,50.19809456598448
2025-06-12 07:48:00,52.6
2025-06-12 06:14:00,76.8
2025-06-12 17:12:00,50.19809456598448
2025-06-12 23:19:00,5.2
2025-06-12 15:48:00,80.3
2025-06-12 12:04:00,60.9
2025-06-12 18:02:00,20.4
2025-06-12 03:25:00,65.5
2025-06-12 00:26:00,50.19809456598448
2025-06-12 13:52:00,33.0
2025-06-12 21:55:00,47.3
2025-06-12 14:08:00,74.9
2025-06-12 20:03:00,50.19809456598448
2025-06-12 19:11:00,49.0
2025-06-12 08:36:00,47.5
2025-06-12 23:02:00,99.2
2025-06-12 12:49:00,96.4
2025-06-12 07:39:00,53.4
2025-06-12 19:54:00,59.0
2025-06-12 01:55:00,85.0
2025-06-12 06:08:00,80.2
2025-06-12 14:34:00,60.2
2025-06-12 09:17:00,94.9
2025-06-12 11:38:00,5.4
2025-06-12 13:48:00,50.19809456598448
2025-06-12 08:07:00,40.4
2025-06-12 13:28:00,38.9
2025-06-12 19:16:00,33.5
2025-06-12 17:32:00,8.5
2025-06-12 13:04:00,50.19809456598448
2025-06-12 06:38:00,65.2
2025-06-12 14:24:00,17.5
2025-06-12 17:52:00,96.0
2025-06-12 06:23:00,48.9
2025-06-12 00:03:00,98.5
2025-06-12 08:12:00,32.2
2025-06-12 17:07:00,50.19809456598448
2025-06-12 21:32:00,31.1
2025-06-12 15:10:00,43.9
2025-06-12 01:57:00,50.19809456598448
2025-06-12 04:35:00,18.3
2025-06-12 21:47:00,45.2
2025-06-12 22:08:00,27.5
2025-06-12 16:58:00,50.19809456598448
2025-06-12 19:29:00,91.1
2025-06-12 09:46:00,12.2
2025-06-12 02:01:00,77.7
2025-06-12 07:07:00,85.6
2025-06-12 00:27:00,49.7
2025-06-12 14:00:00,7.4
2025-06-12 15:45:00,43.2
2025-06-12 10:54:00,58.8
2025-06-12 06:58:00,13.4
2025-06-12 23:39:00,72.7
2025-06-12 11:49:00,58.4
2025-06-12 16:03:00,69.8
2025-06-12 23:22:00,35.1
2025-06-12 21:16:00,77.8
2025-06-12 09:41:00,29.0
2025-06-12 01:51:00,50.19809456598448
2025-06-12 01:23:00,8.9
2025-06-12 20:53:00,98.6
2025-06-12 06:29:00,93.3
2025-06-12 20:29:00,32.7
2025-06-12 05:16:00,43.8
2025-06-12 09:32:00,44.3
2025-06-12 04:16:00,50.19809456598448
2025-06-12 16:43:00,60.6
2025-06-12 21:55:00,28.8
2025-06-12 18:08:00,28.1
2025-06-12 12:47:00,62.6
2025-06-12 00:41:00,36.7
2025-06-12 22:36:00,50.19809456598448
2025-06-12 11:05:00,82.4
2025-06-12 18:56:00,61.0
2025-06-12 00:31:00,89.9
2025-06-12 09:56:00,22.8
2025-06-12 21:24:00,47.4
2025-06-12 10:12:00,50.19809456598448
2025-06-12 06:32:00,9.7
2025-06-12 01:23:00,34.6
2025-06-12 21:13:00,50.19809456598448
2025-06-12 07:59:00,78.0
2025-06-12 06:45:00,74.8
2025-06-12 00:49:00,35.2
2025-06-12 11:06:00,79.8
2025-06-12 12:44:00,67.7
2025-06-12 01:21:00,71.3
2025-06-12 05:58:00,97.1
2025-06-12 11:19:00,64.8
2025-06-12 16:10:00,93.6
2025-06-12 01:32:00,97.3
2025-06-12 21:22:00,2.2
2025-06-12 08:50:00,50.19809456598448
2025-06-12 14:06:00,58.5
2025-06-12 19:41:00,33.7
2025-06-12 19:16:00,92.2
2025-06-12 15:08:00,50.19809456598448
2025-06-12 10:27:00,24.8
2025-06-12 06:56:00,47.0
2025-06-12 17:12:00,7.4
2025-06-12 05:49:00,89.2
2025-06-12 18:15:00,91.0
2025-06-12 03:48:00,69.3
2025-06-12 20:48:00,30.3
2025-06-12 18:15:00,24.5
2025-06-12 14:56:00,99.3
2025-06-12 05:51:00,29.1
2025-06-12 03:37:00,50.19809456598448
2025-06-12 03:22:00,25.9
2025-06-12 16:10:00,33.5
2025-06-12 06:54:00,97.6
2025-06-12 14:04:00,6.9
2025-06-12 19:05:00,37.9
2025-06-12 12:57:00,67.6
2025-06-12 21:59:00,46.1
2025-06-12 23:14:00,32.5
2025-06-12 11:35:00,20.7
2025-06-12 16:31:00,97.0
2025-06-12 21:17:00,53.4
2025-06-12 16:01:00,47.0
2025-06-12 07:48:00,12.4
2025-06-12 02:02:00,93.1
2025-06-12 00:12:00,36.9
2025-06-12 18:26:00,46.6
2025-06-12 21:54:00,51.4
2025-06-12 18:49:00,37.9
2025-06-12 06:39:00,61.4
2025-06-12 19:08:00,63.0
2025-06-12 18:33:00,99.2
2025-06-12 19:55:00,50.19809456598448
2025-06-12 13:36:00,50.19809456598448
2025-06-12 07:36:00,97.8
2025-06-12 20:21:00,51.9
2025-06-12 16:51:00,39.7
2025-06-12 10:25:00,50.19809456598448
2025-06-12 20:43:00,61.1
2025-06-12 22:47:00,50.19809456598448
2025-06-12 11:48:00,56.4
2025-06-12 02:48:00,82.2
2025-06-12 09:27:00,36.0
2025-06-12 01:37:00,62.0
2025-06-12 04:35:00,50.19809456598448
2025-06-12 20:47:00,39.2
2025-06-12 13:56:00,50.19809456598448
2025-06-12 02:16:00,0.6
2025-06-12 07:17:00,5.0
2025-06-12 04:44:00,45.1
2025-06-12 19:23:00,6.3
2025-06-12 09:54:00,79.1
2025-06-12 13:08:00,80.4
2025-06-12 09:26:00,18.7
2025-06-12 02:50:00,36.6
2025-06-12 05:31:00,76.5
2025-06-12 14:58:00,66.6
2025-06-12 04:15:00,50.19809456598448
2025-06-12 05:56:00,57.5
2025-06-12 03:01:00,8.2
2025-06-12 18:34:00,10.2
2025-06-12 09:37:00,3.7
2025-06-12 02:14:00,6.5
2025-06-12 10:41:00,50.19809456598448
2025-06-12 14:14:00,50.19809456598448
2025-06-12 07:03:00,53.5
2025-06-12 09:36:00,33.7
2025-06-12 03:57:00,81.8
2025-06-12 02:12:00,18.9
2025-06-12 12:17:00,50.19809456598448
2025-06-12 18:22:00,45.6
2025-06-12 02:49:00,16.1
2025-06-12 20:47:00,50.19809456598448
2025-06-12 05:04:00,24.1
2025-06-12 08:56:00,78.4
2025-06-12 14:59:00,19.2
2025-06-12 00:39:00,50.19809456598448
2025-06-12 08:27:00,12.6
2025-06-12 04:48:00,50.19809456598448
2025-06-12 03:08:00,19.3
2025-06-12 14:43:00,39.3
2025-06-12 03:04:00,71.1
2025-06-12 18:20:00,73.9
2025-06-12 10:34:00,32.4
2025-06-12 16:38:00,3.9
2025-06-12 16:23:00,95.9
2025-06-12 12:40:00,25.3
2025-06-12 07:40:00,36.1
2025-06-12 13:17:00,50.19809456598448
2025-06-12 12:23:00,47.6
2025-06-12 21:04:00,50.19809456598448
2025-06-12 17:03:00,33.5
2025-06-12 19:33:00,47.3
2025-06-12 10:10:00,59.9
2025-06-12 21:11:00,57.7
2025-06-12 01:54:00,10.5
2025-06-12 16:11:00,84.9
2025-06-12 14:41:00,45.9
2025-06-12 20:48:00,80.5
2025-06-12 10:24:00,83.0
2025-06-12 22:13:00,5.4
2025-06-12 08:21:00,52.5
2025-06-12 05:59:00,80.5
2025-06-12 06:31:00,74.1
2025-06-12 16:14:00,56.0
2025-06-12 04:38:00,66.7
2025-06-12 16:18:00,80.9
2025-06-12 07:58:00,88.7
2025-06-12 01:47:00,49.54486036141751
2025-06-12 14:20:00,89.8
2025-06-12 18:34:00,53.7
2025-06-12 08:35:00,55.5
2025-06-12 12:23:00,96.3
2025-06-12 01:46:00,30.3
2025-06-12 20:29:00,51.2
2025-06-12 12:18:00,26.8
2025-06-12 12:38:00,66.1
2025-06-12 07:21:00,31.5
2025-06-12 16:31:00,90.4
2025-06-12 02:19:00,90.2
2025-06-12 05:49:00,91.5
2025-06-12 23:21:00,4.2
2025-06-12 10:13:00,23.1
2025-06-12 15:19:00,74.2
2025-06-12 23:25:00,32.3
2025-06-12 02:01:00,86.9
2025-06-12 13:40:00,59.8
2025-06-12 05:55:00,98.7
2025-06-12 10:00:00,93.1
2025-06-12 14:42:00,96.0
2025-06-12 11:45:00,17.1
2025-06-12 06:30:00,50.8
2025-06-12 03:27:00,49.54486036141751
2025-06-12 16:29:00,85.8
2025-06-12 20:48:00,33.2
2025-06-12 11:23:00,89.1
2025-06-12 23:37:00,49.54486036141751
2025-06-12 02:09:00,51.3
2025-06-12 00:45:00,47.6
2025-06-12 15:32:00,61.0
2025-06-12 03:28:00,65.9
2025-06-12 00:59:00,11.0
2025-06-12 09:08:00,87.3
2025-06-12 05:51:00,90.6
2025-06-12 00:49:00,83.2
2025-06-12 14:40:00,77.1
2025-06-12 20:38:00,49.54486036141751
2025-06-12 02:16:00,20.3
2025-06-12 04:30:00,8.9
2025-06-12 07:47:00,81.0
2025-06-12 14:47:00,71.5
2025-06-12 06:49:00,23.2
2025-06-12 02:41:00,72.8
2025-06-12 01:41:00,89.2
2025-06-12 08:05:00,65.7
2025-06-12 23:52:00,61.3
2025-06-12 14:07:00,43.7
2025-06-12 18:05:00,0.2
2025-06-12 08:52:00,49.54486036141751
2025-06-12 16:52:00,23.0
2025-06-12 13:46:00,35.4
2025-06-12 19:35:00,9.1
2025-06-12 05:22:00,57.4
2025-06-12 05:34:00,19.9
2025-06-12 21:05:00,23.1
2025-06-12 05:18:00,24.9
2025-06-12 21:08:00,62.7
2025-06-12 21:22:00,84.2
2025-06-12 12:15:00,66.4
2025-06-12 18:26:00,60.0
2025-06-12 06:27:00,49.54486036141751
2025-06-12 11:01:00,78.5
2025-06-12 09:43:00,24.8
2025-06-12 18:20:00,78.5
2025-06-12 15:41:00,25.2
2025-06-12 20:25:00,71.1
2025-06-12 23:01:00,27.1
2025-06-12 17:13:00,29.4
2025-06-12 10:08:00,49.54486036141751
2025-06-12 11:07:00,49.54486036141751
2025-06-12 09:40:00,47.6
2025-06-12 09:21:00,49.54486036141751
2025-06-12 05:22:00,69.0
2025-06-12 13:20:00,98.1
2025-06-12 15:37:00,41.4
2025-06-12 17:46:00,3.6
2025-06-12 20:25:00,61.2
2025-06-12 23:41:00,51.8
2025-06-12 18:28:00,84.4
2025-06-12 12:36:00,68.2
2025-06-12 23:07:00,19.8
2025-06-12 10:05:00,40.0
2025-06-12 09:20:00,60.7
2025-06-12 18:00:00,49.1
2025-06-12 04:33:00,96.3
2025-06-12 15:58:00,30.1
2025-06-12 15:12:00,17.6
2025-06-12 23:13:00,21.1
2025-06-12 07:27:00,95.4
2025-06-12 22:27:00,64.1
2025-06-12 07:48:00,91.8
2025-06-12 15:44:00,45.2
2025-06-12 10:44:00,47.2
2025-06-12 09:31:00,49.54486036141751
2025-06-12 12:07:00,4.2
2025-06-12 21:40:00,10.0
2025-06-12 17:18:00,48.0
2025-06-12 23:40:00,59.9
2025-06-12 18:58:00,49.54486036141751
2025-06-12 16:28:00,46.4
2025-06-12 02:03:00,52.6
2025-06-12 02:01:00,17.4
2025-06-12 15:47:00,56.0
2025-06-12 13:33:00,14.0
2025-06-12 09:14:00,58.8
2025-06-12 05:37:00,2.0
2025-06-12 09:50:00,49.54486036141751
2025-06-12 13:07:00,75.2
2025-06-12 03:11:00,49.54486036141751
2025-06-12 08:05:00,85.3
2025-06-12 13:32:00,84.0
2025-06-12 07:11:00,20.5
2025-06-12 16:12:00,29.1
2025-06-12 08:51:00,43.2
2025-06-12 21:04:00,69.9
2025-06-12 21:47:00,42.7
2025-06-12 13:28:00,21.8
2025-06-12 13:59:00,49.6
2025-06-12 01:23:00,64.7
2025-06-12 17:27:00,28.7
2025-06-12 00:24:00,22.3
2025-06-12 01:50:00,39.7
2025-06-12 12:51:00,85.5
2025-06-12 06:44:00,64.0
2025-06-12 00:39:00,49.54486036141751
2025-06-12 20:02:00,49.54486036141751
2025-06-12 11:50:00,49.54486036141751
2025-06-12 05:11:00,17.9
2025-06-12 04:01:00,36.3
2025-06-12 12:50:00,71.1
2025-06-12 02:00:00,3.6
2025-06-12 21:27:00,60.0
2025-06-12 12:45:00,49.54486036141751
2025-06-12 18:41:00,88.0
2025-06-12 17:50:00,39.0
2025-06-12 20:54:00,88.4
2025-06-12 00:32:00,63.7
2025-06-12 06:02:00,80.4
2025-06-12 06:10:00,99.4
2025-06-12 10:30:00,58.0
2025-06-12 00:24:00,56.8
2025-06-12 02:50:00,0.4
2025-06-12 09:01:00,52.7
2025-06-12 12:07:00,8.0
2025-06-12 15:14:00,86.6
2025-06-12 06:13:00,42.1
2025-06-12 15:04:00,7.9
2025-06-12 21:26:00,31.9
2025-06-12 16:03:00,34.7
2025-06-12 11:27:00,13.8
2025-06-12 07:34:00,65.4
2025-06-12 04:16:00,83.9
2025-06-12 18:09:00,12.7
2025-06-12 01:42:00,50.5
2025-06-12 16:53:00,17.2
2025-06-12 17:42:00,92.4
2025-06-12 03:31:00,23.1
2025-06-12 11:11:00,19.4
2025-06-12 14:41:00,96.4
2025-06-12 21:32:00,21.1
2025-06-12 13:08:00,49.54486036141751
2025-06-12 19:05:00,49.54486036141751
2025-06-12 06:47:00,88.5
2025-06-12 07:58:00,38.2
2025-06-12 06:00:00,15.2
2025-06-12 19:53:00,31.2
2025-06-12 00:48:00,80.5
2025-06-12 03:24:00,37.2
2025-06-12 09:37:00,29.7
2025-06-12 22:33:00,29.5
2025-06-12 09:00:00,1.0
2025-06-12 15:43:00,25.2
2025-06-12 07:51:00,49.54486036141751
2025-06-12 00:09:00,13.1
2025-06-12 18:45:00,90.9
2025-06-12 12:14:00,48.8
2025-06-12 21:14:00,49.54486036141751
2025-06-12 21:43:00,59.3
2025-06-12 16:48:00,99.5
2025-06-12 17:35:00,49.54486036141751
2025-06-12 20:55:00,49.54486036141751
2025-06-12 14:46:00,88.8
2025-06-12 07:58:00,85.2
2025-06-12 21:28:00,18.7
2025-06-12 19:18:00,47.2
2025-06-12 23:21:00,99.1
2025-06-12 02:36:00,35.7
2025-06-12 07:59:00,5.8
2025-06-12 02:49:00,75.1
2025-06-12 07:54:00,72.0
2025-06-12 04:14:00,57.8
2025-06-12 23:24:00,36.5
2025-06-12 00:55:00,98.9
2025-06-12 19:14:00,60.9
2025-06-12 07:14:00,8.4
2025-06-12 02:58:00,4.1
2025-06-12 13:05:00,46.4
2025-06-12 07:00:00,28.3
2025-06-12 21:29:00,94.9
2025-06-12 07:40:00,48.5
2025-06-12 21:27:00,49.54486036141751
2025-06-12 07:47:00,79.2
2025-06-12 01:54:00,6.5
2025-06-12 06:04:00,29.0
2025-06-12 10:26:00,90.3
2025-06-12 08:35:00,93.4
2025-06-12 17:50:00,31.4
2025-06-12 07:03:00,68.9
2025-06-12 01:24:00,84.0
2025-06-12 23:59:00,13.9
2025-06-12 00:56:00,58.2
2025-06-12 00:14:00,80.0
2025-06-12 16:06:00,41.3
2025-06-12 08:04:00,13.2
2025-06-12 19:50:00,22.9
2025-06-12 08:33:00,0.3
2025-06-12 17:38:00,85.4
2025-06-12 12:45:00,91.8
2025-06-12 09:37:00,54.9
2025-06-12 22:14:00,32.0
2025-06-12 21:17:00,93.0
2025-06-12 12:00:00,60.7
2025-06-12 13:10:00,53.1
2025-06-12 16:49:00,39.3
2025-06-12 21:35:00,10.2
2025-06-12 04:35:00,14.0
2025-06-12 20:17:00,56.7
2025-06-12 22:06:00,69.8
2025-06-12 02:40:00,97.1
2025-06-12 07:06:00,6.1
2025-06-12 17:09:00,20.3
2025-06-12 14:22:00,80.2
2025-06-12 10:51:00,80.7
2025-06-12 06:07:00,53.7
2025-06-12 09:22:00,49.54486036141751
2025-06-12 05:13:00,49.54486036141751
2025-06-12 17:00:00,62.5
2025-06-12 08:25:00,59.3
2025-06-12 22:16:00,80.0
2025-06-12 00:58:00,28.4
2025-06-12 23:19:00,49.54486036141751
2025-06-12 04:08:00,49.54486036141751
2025-06-12 07:22:00,33.2
2025-06-12 00:44:00,49.54486036141751
2025-06-12 14:54:00,94.6
2025-06-12 10:22:00,69.6
2025-06-12 16:38:00,12.2
2025-06-12 08:21:00,36.3
2025-06-12 05:40:00,49.54486036141751
2025-06-12 05:00:00,72.4
2025-06-12 00:15:00,19.2
2025-06-12 21:58:00,98.5
2025-06-12 02:07:00,89.2
2025-06-12 09:51:00,49.54486036141751
2025-06-12 12:41:00,63.3
2025-06-12 09:46:00,16.2
2025-06-12 23:07:00,74.3
2025-06-12 13:07:00,53.0
2025-06-12 10:57:00,20.5
2025-06-12 00:31:00,49.54486036141751
2025-06-12 17:18:00,3.5
2025-06-12 16:11:00,44.3
2025-06-12 07:17:00,3.1
2025-06-12 00:24:00,21.4
2025-06-12 20:32:00,47.1
2025-06-12 18:53:00,66.1
2025-06-12 19:05:00,17.3
2025-06-12 20:57:00,43.2
2025-06-12 13:25:00,83.7
2025-06-12 07:23:00,50.1
2025-06-12 13:30:00,62.1
2025-06-12 04:20:00,90.2
2025-06-12 06:28:00,52.4
2025-06-12 18:20:00,1.5
2025-06-12 06:24:00,76.9
2025-06-12 17:04:00,49.54486036141751
2025-06-12 18:38:00,71.7
2025-06-12 13:04:00,67.7
2025-06-12 15:00:00,55.1
2025-06-12 18:04:00,85.4
2025-06-12 07:52:00,47.4
2025-06-12 01:08:00,49.54486036141751
2025-06-12 23:12:00,49.54486036141751
2025-06-12 02:46:00,49.54486036141751
2025-06-12 01:53:00,49.54486036141751
2025-06-12 01:38:00,88.4
2025-06-12 08:00:00,32.1
2025-06-12 00:56:00,81.7
2025-06-12 10:38:00,52.9
2025-06-12 07:09:00,74.0
2025-06-12 22:07:00,41.5
2025-06-12 23:14:00,96.4
2025-06-12 05:05:00,18.0
2025-06-12 13:31:00,32.8
2025-06-12 15:54:00,8.1
2025-06-12 08:22:00,58.1
2025-06-12 03:03:00,45.7
2025-06-12 19:29:00,74.3
2025-06-12 00:22:00,17.6
2025-06-12 20:39:00,21.3
2025-06-12 06:13:00,10.5
2025-06-12 12:47:00,55.0
2025-06-12 21:27:00,93.5
2025-06-12 08:27:00,50.136426804852206
2025-06-12 23:09:00,4.7
2025-06-12 11:52:00,1.2
2025-06-12 09:04:00,50.136426804852206
2025-06-12 17:37:00,40.3
2025-06-12 13:52:00,92.2
2025-06-12 17:35:00,76.0
2025-06-12 11:51:00,49.1
2025-06-12 13:21:00,54.0
2025-06-12 23:01:00,46.9
2025-06-12 06:23:00,17.7
2025-06-12 02:29:00,73.7
2025-06-12 05:18:00,85.0
2025-06-12 15:36:00,19.5
2025-06-12 12:49:00,43.4
2025-06-12 00:53:00,50.136426804852206
2025-06-12 01:39:00,74.8
2025-06-12 07:48:00,42.1
2025-06-12 02:26:00,21.4
2025-06-12 04:17:00,50.136426804852206
2025-06-12 01:46:00,62.2
2025-06-12 19:21:00,16.9
2025-06-12 21:41:00,50.136426804852206
2025-06-12 12:13:00,0.0
2025-06-12 16:36:00,64.4
2025-06-12 08:06:00,22.1
2025-06-12 21:47:00,64.7
2025-06-12 23:48:00,87.1
2025-06-12 07:06:00,50.136426804852206
2025-06-12 00:38:00,28.6
2025-06-12 15:25:00,52.2
2025-06-12 21:19:00,16.6
2025-06-12 11:56:00,9.9
2025-06-12 15:28:00,50.8
2025-06-12 04:25:00,70.0
2025-06-12 07:57:00,60.0
2025-06-12 00:19:00,28.1
2025-06-12 18:14:00,95.8
2025-06-12 15:32:00,46.0
2025-06-12 02:33:00,19.9
2025-06-12 18:25:00,74.6
2025-06-12 05:05:00,14.1
2025-06-12 15:49:00,81.4
2025-06-12 16:28:00,11.5
2025-06-12 11:10:00,94.2
2025-06-12 00:02:00,42.8
2025-06-12 02:12:00,90.3
2025-06-12 18:07:00,18.3
2025-06-12 10:58:00,71.3
2025-06-12 21:27:00,3.5
2025-06-12 23:02:00,50.136426804852206
2025-06-12 03:34:00,50.136426804852206
2025-06-12 01:52:00,90.6
2025-06-12 11:50:00,50.136426804852206
2025-06-12 17:31:00,50.136426804852206
2025-06-12 16:22:00,46.9
2025-06-12 20:10:00,13.0
2025-06-12 23:03:00,50.136426804852206
2025-06-12 00:59:00,17.7
2025-06-12 23:38:00,28.5
2025-06-12 06:32:00,92.1
2025-06-12 17:53:00,92.2
2025-06-12 21:27:00,69.9
2025-06-12 06:00:00,60.3
2025-06-12 10:59:00,50.136426804852206
2025-06-12 16:39:00,77.4
2025-06-12 23:22:00,89.5
2025-06-12 11:06:00,50.136426804852206
2025-06-12 02:21:00,22.6
2025-06-12 07:42:00,9.1
2025-06-12 17:38:00,70.5
2025-06-12 19:01:00,50.136426804852206
2025-06-12 07:50:00,90.6
2025-06-12 19:25:00,74.7
2025-06-12 22:07:00,50.136426804852206
2025-06-12 03:33:00,90.1
2025-06-12 11:37:00,82.9
2025-06-12 11:39:00,17.1
2025-06-12 21:17:00,91.4
2025-06-12 00:36:00,42.2
2025-06-12 08:53:00,64.4
2025-06-12 22:32:00,50.136426804852206
2025-06-12 22:50:00,72.7
2025-06-12 10:21:00,48.3
2025-06-12 04:43:00,39.6
2025-06-12 15:31:00,20.0
2025-06-12 17:46:00,6.0
2025-06-12 09:53:00,50.136426804852206
2025-06-12 16:20:00,57.4
2025-06-12 03:24:00,8.6
2025-06-12 22:48:00,50.136426804852206
2025-06-12 01:04:00,42.7
2025-06-12 18:55:00,34.4
2025-06-12 12:33:00,50.136426804852206
2025-06-12 18:51:00,40.5
2025-06-12 14:33:00,81.0
2025-06-12 10:45:00,50.136426804852206
2025-06-12 09:08:00,91.3
2025-06-12 22:59:00,90.5
2025-06-12 08:33:00,35.7
2025-06-12 12:57:00,48.8
2025-06-12 16:33:00,66.7
2025-06-12 16:59:00,96.5
2025-06-12 00:35:00,72.5
2025-06-12 19:06:00,59.6
2025-06-12 15:34:00,35.1
2025-06-12 10:02:00,10.2
2025-06-12 00:04:00,27.1
2025-06-12 20:32:00,87.7
2025-06-12 08:28:00,77.1
2025-06-12 15:09:00,92.6
2025-06-12 11:05:00,90.3
2025-06-12 13:31:00,97.3
2025-06-12 03:16:00,78.1
2025-06-12 07:29:00,50.136426804852206
2025-06-12 06:59:00,96.0
2025-06-12 21:33:00,7.7
2025-06-12 06:47:00,15.5
2025-06-12 02:41:00,72.9
2025-06-12 23:41:00,76.5
2025-06-12 03:14:00,11.0
2025-06-12 13:51:00,88.2
2025-06-12 04:38:00,4.5
2025-06-12 15:16:00,70.7
2025-06-12 18:03:00,50.136426804852206
2025-06-12 20:02:00,71.7
2025-06-12 03:13:00,49.9
2025-06-12 05:27:00,4.4
2025-06-12 14:12:00,68.2
2025-06-12 22:48:00,12.0
2025-06-12 00:29:00,50.136426804852206
2025-06-12 11:20:00,50.136426804852206
2025-06-12 22:21:00,24.9
2025-06-12 01:40:00,50.136426804852206
2025-06-12 21:58:00,82.2
2025-06-12 01:01:00,65.2
2025-06-12 19:33:00,42.1
2025-06-12 16:42:00,59.3
2025-06-12 04:02:00,50.136426804852206
2025-06-12 00:05:00,70.5
2025-06-12 04:11:00,4.9
2025-06-12 00:48:00,43.4
2025-06-12 06:47:00,20.0
2025-06-12 21:27:00,94.7
2025-06-12 18:11:00,50.136426804852206
2025-06-12 18:00:00,61.0
2025-06-12 15:39:00,4.6
2025-06-12 01:30:00,62.5
2025-06-12 15:34:00,57.5
2025-06-12 06:25:00,50.136426804852206
2025-06-12 20:04:00,24.4
2025-06-12 06:19:00,84.3
2025-06-12 09:13:00,11.1
2025-06-12 04:32:00,57.8
2025-06-12 07:26:00,43.8
2025-06-12 06:40:00,69.9
2025-06-12 00:36:00,43.1
2025-06-12 23:17:00,63.0
2025-06-12 18:54:00,49.9
2025-06-12 11:58:00,41.8
2025-06-12 10:03:00,76.4
2025-06-12 12:45:00,45.6
2025-06-12 21:38:00,35.2
2025-06-12 00:17:00,54.3
2025-06-12 11:06:00,23.7
2025-06-12 05:08:00,83.6
2025-06-12 14:33:00,55.0
2025-06-12 19:02:00,64.1
2025-06-12 20:17:00,78.4
2025-06-12 04:11:00,23.6
2025-06-12 10:35:00,27.0
2025-06-12 10:09:00,50.136426804852206
2025-06-12 16:17:00,85.2
2025-06-12 04:41:00,50.136426804852206
2025-06-12 17:13:00,4.0
2025-06-12 21:54:00,96.8
2025-06-12 14:03:00,44.5
2025-06-12 21:45:00,21.3
2025-06-12 10:36:00,30.6
2025-06-12 09:51:00,74.1
2025-06-12 22:16:00,80.4
2025-06-12 15:35:00,42.2
2025-06-12 15:09:00,2.6
2025-06-12 03:30:00,88.8
2025-06-12 16:39:00,34.5
2025-06-12 07:00:00,42.2
2025-06-12 08:57:00,85.4
2025-06-12 07:14:00,50.136426804852206
2025-06-12 02:08:00,49.1
2025-06-12 19:34:00,44.0
2025-06-12 17:42:00,50.136426804852206
2025-06-12 08:51:00,42.1
2025-06-12 18:33:00,93.6
2025-06-12 21:39:00,79.9
2025-06-12 17:59:00,75.2
2025-06-12 01:07:00,94.9
2025-06-12 00:09:00,50.136426804852206
2025-06-12 16:49:00,59.0
2025-06-12 17:21:00,7.8
2025-06-12 03:19:00,50.136426804852206
2025-06-12 20:05:00,55.6
2025-06-12 23:14:00,50.136426804852206
2025-06-12 13:08:00,62.5
2025-06-12 04:17:00,2.3
2025-06-12 17:25:00,72.1
2025-06-12 01:48:00,50.136426804852206
2025-06-12 05:16:00,27.5
2025-06-12 03:44:00,50.136426804852206
2025-06-12 05:42:00,50.136426804852206
2025-06-12 21:49:00,36.1
2025-06-12 13:07:00,17.5
2025-06-12 09:21:00,15.4
2025-06-12 07:00:00,4.9
2025-06-12 23:21:00,52.5
2025-06-12 08:57:00,32.0
2025-06-12 05:32:00,59.0
2025-06-12 15:25:00,5.0
2025-06-12 16:22:00,3.5
2025-06-12 17:38:00,98.7
2025-06-12 05:54:00,1.8
2025-06-12 17:55:00,30.8
2025-06-12 01:42:00,49.9
2025-06-12 18:24:00,43.1
2025-06-12 23:43:00,50.136426804852206
2025-06-12 05:12:00,67.3
2025-06-12 12:40:00,25.7
2025-06-12 19:57:00,90.4
2025-06-12 04:16:00,50.136426804852206
2025-06-12 12:11:00,23.4
2025-06-12 01:45:00,50.9
2025-06-12 07:51:00,14.3
2025-06-12 17:15:00,50.136426804852206
2025-06-12 10:03:00,31.6
2025-06-12 05:36:00,88.2
2025-06-12 13:33:00,50.136426804852206
2025-06-12 00:02:00,13.0
2025-06-12 12:06:00,48.0
2025-06-12 10:54:00,50.136426804852206
2025-06-12 17:32:00,26.6
2025-06-12 19:12:00,58.6
2025-06-12 07:53:00,23.0
2025-06-12 15:43:00,12.1
2025-06-12 19:43:00,97.6
2025-06-12 02:51:00,31.2
2025-06-12 20:38:00,39.9
2025-06-12 08:17:00,50.136426804852206
2025-06-12 22:29:00,40.8
2025-06-12 00:19:00,50.136426804852206
2025-06-12 11:30:00,45.2
2025-06-12 12:56:00,50.136426804852206
2025-06-12 23:27:00,87.2
2025-06-12 13:12:00,85.7
2025-06-12 13:34:00,52.8
2025-06-12 16:17:00,87.8
2025-06-12 19:27:00,50.136426804852206
2025-06-12 11:36:00,54.9
2025-06-12 07:46:00,71.7
2025-06-12 14:43:00,8.2
2025-06-12 14:24:00,47.1
2025-06-12 23:12:00,37.3
2025-06-12 08:36:00,43.5
2025-06-12 19:50:00,33.1
2025-06-12 18:10:00,29.7
2025-06-12 12:23:00,90.7
2025-06-12 02:59:00,2.8
2025-06-12 04:40:00,50.136426804852206
2025-06-12 10:03:00,52.3
2025-06-12 06:31:00,12.3
2025-06-12 09:36:00,76.4
2025-06-12 21:04:00,50.136426804852206
2025-06-12 23:51:00,62.9
2025-06-12 23:40:00,50.136426804852206
2025-06-12 09:38:00,4.9
2025-06-12 11:55:00,61.2
2025-06-12 17:01:00,89.8
2025-06-12 23:47:00,71.3
2025-06-12 23:28:00,75.7
2025-06-12 23:11:00,78.0
2025-06-12 16:59:00,50.136426804852206
2025-06-12 01:21:00,55.0
2025-06-12 22:10:00,70.4
2025-06-12 03:51:00,40.4
2025-06-12 03:17:00,61.4
2025-06-12 02:01:00,31.5
2025-06-12 09:37:00,44.2
2025-06-12 12:30:00,63.8
2025-06-12 02:03:00,58.9
2025-06-12 19:04:00,50.136426804852206
2025-06-12 14:33:00,5.7
2025-06-12 23:13:00,15.6
2025-06-12 10:33:00,4.8
2025-06-12 17:20:00,88.6
2025-06-12 09:58:00,50.136426804852206
2025-06-12 19:53:00,31.6
2025-06-12 09:17:00,37.5
2025-06-12 01:28:00,25.5
2025-06-12 23:23:00,18.9
2025-06-12 17:00:00,33.7
2025-06-12 19:33:00,93.1
2025-06-12 22:02:00,13.1
2025-06-12 06:14:00,40.6
2025-06-12 13:53:00,35.2
2025-06-12 23:36:00,28.2
2025-06-12 14:18:00,36.7
2025-06-12 23:23:00,50.136426804852206
2025-06-12 07:36:00,50.136426804852206
2025-06-12 05:09:00,18.5
2025-06-12 04:16:00,29.9
2025-06-12 19:12:00,81.3
2025-06-12 15:32:00,4.9
2025-06-12 01:45:00,36.8
2025-06-12 18:08:00,10.4
2025-06-12 14:34:00,69.0
2025-06-12 18:52:00,50.136426804852206
2025-06-12 21:56:00,11.4
2025-06-12 17:55:00,72.7
2025-06-12 20:43:00,1.1
2025-06-12 14:15:00,99.9
2025-06-12 14:20:00,50.136426804852206
2025-06-12 02:30:00,84.1
2025-06-12 16:46:00,94.8
2025-06-12 11:11:00,67.8
2025-06-12 23:20:00,80.0
2025-06-12 05:10:00,86.8
2025-06-12 11:15:00,50.136426804852206
2025-06-12 23:26:00,35.4
2025-06-12 02:54:00,61.3
2025-06-12 12:32:00,90.1
2025-06-12 04:08:00,64.8
2025-06-12 03:55:00,21.7
2025-06-12 21:18:00,37.7
2025-06-12 15:57:00,10.1
2025-06-12 03:43:00,7.9
2025-06-12 10:15:00,50.037891637220255
2025-06-12 11:37:00,30.0
2025-06-12 13:32:00,40.6
2025-06-12 03:23:00,65.5
2025-06-12 19:12:00,37.6
2025-06-12 11:27:00,60.9
2025-06-12 06:43:00,43.5
2025-06-12 19:44:00,56.8
2025-06-12 23:51:00,55.2
2025-06-12 04:05:00,15.5
2025-06-12 14:10:00,26.7
2025-06-12 19:31:00,4.2
2025-06-12 17:01:00,23.0
2025-06-12 02:28:00,50.037891637220255
2025-06-12 14:20:00,96.7
2025-06-12 07:38:00,20.7
2025-06-12 11:34:00,6.9
2025-06-12 11:22:00,50.0
2025-06-12 15:06:00,68.7
2025-06-12 17:56:00,50.037891637220255
2025-06-12 05:38:00,4.9
2025-06-12 02:23:00,39.1
2025-06-12 18:16:00,10.2
2025-06-12 10:02:00,50.037891637220255
2025-06-12 02:39:00,10.9
2025-06-12 21:51:00,47.9
2025-06-12 17:38:00,50.037891637220255
2025-06-12 23:11:00,63.7
2025-06-12 16:36:00,32.9
2025-06-12 11:11:00,50.037891637220255
2025-06-12 11:31:00,83.6
2025-06-12 08:07:00,72.1
2025-06-12 20:58:00,79.4
2025-06-12 11:56:00,43.4
2025-06-12 22:09:00,57.7
2025-06-12 19:20:00,11.0
2025-06-12 17:13:00,76.7
2025-06-12 01:39:00,11.8
2025-06-12 12:09:00,7.3
2025-06-12 13:20:00,66.9
2025-06-12 15:17:00,76.0
2025-06-12 16:48:00,90.1
2025-06-12 00:48:00,23.6
2025-06-12 05:16:00,40.3
2025-06-12 00:56:00,43.1
2025-06-12 19:25:00,95.8
2025-06-12 14:19:00,2.1
2025-06-12 19:25:00,38.6
2025-06-12 07:28:00,58.2
2025-06-12 10:25:00,50.037891637220255
2025-06-12 16:07:00,0.6
2025-06-12 22:54:00,11.4
2025-06-12 10:22:00,10.2
2025-06-12 23:24:00,50.037891637220255
2025-06-12 14:38:00,99.1
2025-06-12 04:21:00,35.0
2025-06-12 14:00:00,50.037891637220255
2025-06-12 22:07:00,65.3
2025-06-12 13:17:00,77.2
2025-06-12 12:45:00,43.8
2025-06-12 14:40:00,50.037891637220255
2025-06-12 04:36:00,87.3
2025-06-12 04:03:00,17.7
2025-06-12 22:14:00,50.037891637220255
2025-06-12 03:18:00,2.2
2025-06-12 10:42:00,7.1
2025-06-12 05:38:00,33.0
2025-06-12 21:01:00,34.5
2025-06-12 06:49:00,94.9
2025-06-12 06:55:00,50.6
2025-06-12 12:38:00,50.037891637220255
2025-06-12 11:39:00,68.6
2025-06-12 11:20:00,11.1
2025-06-12 20:59:00,53.0
2025-06-12 23:42:00,50.037891637220255
2025-06-12 13:49:00,68.1
2025-06-12 20:33:00,20.4
2025-06-12 10:36:00,50.037891637220255
2025-06-12 01:31:00,84.8
2025-06-12 17:22:00,2.5
2025-06-12 19:59:00,50.037891637220255
2025-06-12 00:10:00,76.5
2025-06-12 10:13:00,10.8
2025-06-12 20:38:00,47.8
2025-06-12 12:35:00,13.5
2025-06-12 04:36:00,12.3
2025-06-12 01:20:00,44.3
2025-06-12 13:07:00,58.6
2025-06-12 20:48:00,57.4
2025-06-12 03:04:00,15.3
2025-06-12 06:45:00,19.8
2025-06-12 15:20:00,50.037891637220255
2025-06-12 05:16:00,28.5
2025-06-12 19:07:00,97.6
2025-06-12 20:35:00,20.5
2025-06-12 16:09:00,85.1
2025-06-12 12:51:00,10.5
2025-06-12 07:29:00,40.3
2025-06-12 00:23:00,50.037891637220255
2025-06-12 13:27:00,48.4
2025-06-12 16:27:00,66.9
2025-06-12 23:03:00,50.037891637220255
2025-06-12 07:13:00,50.037891637220255
2025-06-12 00:13:00,82.3
2025-06-12 17:12:00,27.7
2025-06-12 19:37:00,67.6
2025-06-12 13:19:00,48.3
2025-06-12 12:18:00,29.1
2025-06-12 05:09:00,50.037891637220255
2025-06-12 03:13:00,22.3
2025-06-12 00:30:00,50.037891637220255
2025-06-12 23:25:00,65.0
2025-06-12 20:51:00,50.037891637220255
2025-06-12 03:12:00,50.037891637220255
2025-06-12 09:16:00,83.1
2025-06-12 00:38:00,41.6
2025-06-12 02:08:00,50.037891637220255
2025-06-12 14:36:00,50.037891637220255
2025-06-12 23:27:00,18.5
2025-06-12 12:26:00,77.0
2025-06-12 01:48:00,74.9
2025-06-12 04:22:00,42.6
2025-06-12 16:57:00,27.8
2025-06-12 11:15:00,92.1
2025-06-12 23:56:00,50.037891637220255
2025-06-12 05:16:00,50.037891637220255
2025-06-12 14:22:00,82.7
2025-06-12 22:33:00,50.037891637220255
2025-06-12 21:01:00,75.8
2025-06-12 20:01:00,43.3
2025-06-12 17:21:00,36.8
2025-06-12 23:24:00,68.1
2025-06-12 14:13:00,35.3
2025-06-12 11:33:00,35.2
2025-06-12 15:51:00,71.0
2025-06-12 20:46:00,7.6
2025-06-12 05:59:00,50.037891637220255
2025-06-12 06:16:00,68.7
2025-06-12 11:10:00,52.4
2025-06-12 23:49:00,12.9
2025-06-12 09:15:00,39.0
2025-06-12 16:44:00,16.8
2025-06-12 07:26:00,76.1
2025-06-12 10:22:00,84.0
2025-06-12 02:09:00,34.7
2025-06-12 04:13:00,7.5
2025-06-12 17:34:00,80.1
2025-06-12 09:38:00,46.1
2025-06-12 10:39:00,35.9
2025-06-12 15:14:00,16.2
2025-06-12 03:31:00,21.4
2025-06-12 13:45:00,65.5
2025-06-12 09:31:00,5.5
2025-06-12 15:31:00,19.3
2025-06-12 01:55:00,68.4
2025-06-12 16:40:00,46.5
2025-06-12 03:34:00,81.5
2025-06-12 01:43:00,50.037891637220255
2025-06-12 03:45:00,50.037891637220255
2025-06-12 02:50:00,70.2
2025-06-12 15:27:00,75.1
2025-06-12 13:57:00,53.9
2025-06-12 22:26:00,42.6
2025-06-12 11:01:00,18.7
2025-06-12 10:40:00,80.6
2025-06-12 01:42:00,56.9
2025-06-12 19:38:00,99.1
2025-06-12 01:48:00,50.037891637220255
2025-06-12 07:14:00,72.7
2025-06-12 23:56:00,80.2
2025-06-12 03:56:00,91.5
2025-06-12 06:21:00,81.2
2025-06-12 14:04:00,95.1
2025-06-12 03:34:00,38.8
2025-06-12 05:41:00,93.3
2025-06-12 21:39:00,48.9
2025-06-12 18:46:00,42.8
2025-06-12 14:20:00,55.2
2025-06-12 14:57:00,50.037891637220255
2025-06-12 18:10:00,14.1
2025-06-12 18:39:00,42.4
2025-06-12 04:34:00,90.0
2025-06-12 13:08:00,14.4
2025-06-12 01:26:00,51.0
2025-06-12 05:46:00,26.0
2025-06-12 23:41:00,50.037891637220255
2025-06-12 13:01:00,93.6
2025-06-12 14:13:00,85.5
2025-06-12 04:45:00,82.5
2025-06-12 16:47:00,50.037891637220255
2025-06-12 12:02:00,73.0
2025-06-12 07:38:00,36.7
2025-06-12 22:28:00,76.4
2025-06-12 05:37:00,50.037891637220255
2025-06-12 09:37:00,28.9
2025-06-12 06:22:00,47.8
2025-06-12 09:30:00,93.2
2025-06-12 03:48:00,1.7
2025-06-12 11:46:00,84.7
2025-06-12 12:43:00,28.6
2025-06-12 12:20:00,33.5
2025-06-12 21:44:00,20.3
2025-06-12 22:36:00,9.2
2025-06-12 08:14:00,15.8
2025-06-12 15:38:00,81.4
2025-06-12 03:04:00,92.3
2025-06-12 01:53:00,0.8
2025-06-12 15:43:00,81.5
2025-06-12 06:46:00,38.5
2025-06-12 00:26:00,12.9
2025-06-12 15:57:00,81.1
2025-06-12 11:56:00,50.037891637220255
2025-06-12 10:50:00,43.8
2025-06-12 03:25:00,68.4
2025-06-12 21:52:00,69.5
2025-06-12 11:07:00,50.037891637220255
2025-06-12 09:45:00,56.9
2025-06-12 09:36:00,95.0
2025-06-12 19:20:00,11.7
2025-06-12 09:52:00,26.4
2025-06-12 01:58:00,61.7
2025-06-12 06:08:00,68.3
2025-06-12 07:59:00,50.0
2025-06-12 10:06:00,98.1
2025-06-12 15:22:00,17.3
2025-06-12 04:59:00,56.7
2025-06-12 06:22:00,55.0
2025-06-12 18:49:00,60.8
2025-06-12 23:20:00,6.1
2025-06-12 04:58:00,84.6
2025-06-12 00:20:00,10.6
2025-06-12 15:10:00,50.037891637220255
2025-06-12 06:22:00,30.0
2025-06-12 16:30:00,64.9
2025-06-12 19:21:00,12.4
2025-06-12 05:49:00,4.8
2025-06-12 14:08:00,76.0
2025-06-12 11:56:00,50.037891637220255
2025-06-12 16:48:00,21.8
2025-06-12 16:43:00,65.7
2025-06-12 07:51:00,50.037891637220255
2025-06-12 08:39:00,50.037891637220255
2025-06-12 22:39:00,15.8
2025-06-12 04:35:00,70.9
2025-06-12 15:04:00,85.7
2025-06-12 02:30:00,59.8
2025-06-12 03:39:00,52.8
2025-06-12 15:59:00,37.9
2025-06-12 08:54:00,84.2
2025-06-12 02:26:00,26.1
2025-06-12 19:22:00,39.9
2025-06-12 02:42:00,69.4
2025-06-12 02:17:00,50.037891637220255
2025-06-12 00:48:00,24.7
2025-06-12 04:16:00,56.5
2025-06-12 17:59:00,35.5
2025-06-12 02:09:00,27.2
2025-06-12 10:16:00,12.8
2025-06-12 03:57:00,50.037891637220255
2025-06-12 16:47:00,15.5
2025-06-12 13:06:00,85.8
2025-06-12 17:10:00,93.3
2025-06-12 15:15:00,82.7
2025-06-12 22:17:00,0.6
2025-06-12 18:53:00,19.7
2025-06-12 15:09:00,73.8
2025-06-12 03:41:00,26.0
2025-06-12 21:21:00,87.4
2025-06-12 08:50:00,50.037891637220255
2025-06-12 00:30:00,62.5
2025-06-12 13:09:00,90.1
2025-06-12 14:28:00,3.8
2025-06-12 16:37:00,78.7
2025-06-12 21:19:00,15.1
2025-06-12 15:47:00,47.3
2025-06-12 03:44:00,60.3
2025-06-12 08:43:00,93.3
2025-06-12 16:53:00,68.4
2025-06-12 03:01:00,61.8
2025-06-12 19:53:00,44.1
2025-06-12 05:47:00,46.1
2025-06-12 10:44:00,50.037891637220255
2025-06-12 08:00:00,1.7
2025-06-12 07:12:00,50.037891637220255
2025-06-12 19:27:00,17.5
2025-06-12 20:08:00,50.037891637220255
2025-06-12 22:00:00,72.6
2025-06-12 00:45:00,78.2
2025-06-12 21:33:00,81.2
2025-06-12 00:28:00,14.4
2025-06-12 16:00:00,17.1
2025-06-12 16:50:00,50.037891637220255
2025-06-12 09:24:00,50.037891637220255
2025-06-12 18:50:00,37.6
2025-06-12 16:16:00,30.7
2025-06-12 06:33:00,41.0
2025-06-12 23:40:00,42.0
2025-06-12 13:37:00,42.9
2025-06-12 18:45:00,30.9
2025-06-12 20:41:00,75.0
2025-06-12 18:34:00,78.4
2025-06-12 10:39:00,50.037891637220255
2025-06-12 06:41:00,41.7
2025-06-12 06:52:00,42.9
2025-06-12 22:21:00,20.1
2025-06-12 07:18:00,12.1
2025-06-12 13:30:00,84.3
2025-06-12 07:32:00,54.4
2025-06-12 13:58:00,1.8
2025-06-12 05:01:00,8.7
2025-06-12 07:21:00,96.2
2025-06-12 06:15:00,62.3
2025-06-12 04:56:00,15.7
2025-06-12 10:22:00,75.1
2025-06-12 19:13:00,89.8
2025-06-12 01:45:00,40.9
2025-06-12 05:45:00,88.4
2025-06-12 23:22:00,28.2
2025-06-12 17:48:00,72.6
2025-06-12 14:11:00,1.3
2025-06-12 13:09:00,99.5
2025-06-12 09:13:00,99.3
2025-06-12 15:09:00,3.7
2025-06-12 10:57:00,23.3
2025-06-12 05:30:00,41.4
2025-06-12 00:59:00,63.7
2025-06-12 17:33:00,50.037891637220255
2025-06-12 16:09:00,73.8
2025-06-12 08:17:00,49.0
2025-06-12 04:43:00,25.6
2025-06-12 06:32:00,39.5
2025-06-12 17:46:00,62.6
2025-06-12 21:35:00,96.0
2025-06-12 06:58:00,21.3
2025-06-12 10:47:00,79.6
2025-06-12 10:07:00,48.7
2025-06-12 07:10:00,50.037891637220255
2025-06-12 11:41:00,50.037891637220255
2025-06-12 21:12:00,21.0
2025-06-12 21:49:00,5.1
2025-06-12 02:07:00,50.037891637220255
2025-06-12 13:14:00,3.8
2025-06-12 04:49:00,2.7
2025-06-12 19:20:00,99.8
2025-06-12 15:22:00,2.5
2025-06-12 06:53:00,32.2
2025-06-12 15:57:00,43.0
2025-06-12 03:01:00,43.7
2025-06-12 01:32:00,22.1
2025-06-12 02:29:00,21.4
2025-06-12 17:48:00,43.2
2025-06-12 20:21:00,50.60542317173377
2025-06-12 11:54:00,93.9
2025-06-12 08:13:00,98.6
2025-06-12 06:23:00,60.1
2025-06-12 10:33:00,79.7
2025-06-12 19:48:00,50.60542317173377
2025-06-12 03:27:00,1.0
2025-06-12 21:50:00,50.60542317173377
2025-06-12 03:14:00,89.5
2025-06-12 10:19:00,86.2
2025-06-12 12:49:00,42.8
2025-06-12 21:13:00,32.9
2025-06-12 09:21:00,2.9
2025-06-12 11:18:00,50.60542317173377
2025-06-12 10:42:00,82.5
2025-06-12 11:32:00,20.9
2025-06-12 10:49:00,4.9
2025-06-12 00:04:00,74.9
2025-06-12 02:51:00,21.1
2025-06-12 06:04:00,62.1
2025-06-12 16:23:00,11.2
2025-06-12 20:33:00,64.6
2025-06-12 19:09:00,3.2
2025-06-12 11:03:00,67.0
2025-06-12 22:54:00,78.4
2025-06-12 12:03:00,50.60542317173377
2025-06-12 17:27:00,50.60542317173377
2025-06-12 00:46:00,96.1
2025-06-12 10:46:00,19.3
2025-06-12 10:05:00,50.60542317173377
2025-06-12 17:26:00,18.2
2025-06-12 10:42:00,56.5
2025-06-12 10:09:00,80.7
2025-06-12 11:19:00,63.1
2025-06-12 23:54:00,67.3
2025-06-12 19:45:00,45.9
2025-06-12 05:46:00,50.60542317173377
2025-06-12 02:09:00,65.1
2025-06-12 23:09:00,35.1
2025-06-12 00:39:00,96.7
2025-06-12 19:37:00,50.60542317173377
2025-06-12 07:57:00,67.5
2025-06-12 21:13:00,11.0
2025-06-12 07:55:00,82.3
2025-06-12 11:25:00,50.60542317173377
2025-06-12 14:41:00,3.7
2025-06-12 09:13:00,59.9
2025-06-12 12:28:00,86.4
2025-06-12 10:38:00,40.3
2025-06-12 08:58:00,27.7
2025-06-12 13:29:00,99.9
2025-06-12 19:38:00,3.0
2025-06-12 16:02:00,48.5
2025-06-12 06:48:00,50.60542317173377
2025-06-12 23:21:00,12.2
2025-06-12 20:12:00,26.5
2025-06-12 06:45:00,96.3
2025-06-12 14:07:00,50.60542317173377
2025-06-12 08:31:00,54.9
2025-06-12 15:51:00,50.60542317173377
2025-06-12 23:38:00,84.8
2025-06-12 13:06:00,51.4
2025-06-12 20:42:00,71.9
2025-06-12 05:26:00,50.60542317173377
2025-06-12 21:01:00,37.9
2025-06-12 16:12:00,35.2
2025-06-12 05:52:00,14.4
2025-06-12 20:35:00,76.4
2025-06-12 19:07:00,27.4
2025-06-12 10:51:00,45.2
2025-06-12 15:41:00,32.0
2025-06-12 12:34:00,48.2
2025-06-12 11:02:00,59.1
2025-06-12 18:43:00,50.60542317173377
2025-06-12 18:53:00,99.0
2025-06-12 16:55:00,27.6
2025-06-12 22:27:00,17.8
2025-06-12 14:16:00,76.3
2025-06-12 06:38:00,50.60542317173377
2025-06-12 05:09:00,53.1
2025-06-12 13:08:00,46.3
2025-06-12 21:41:00,30.4
2025-06-12 23:27:00,79.3
2025-06-12 19:03:00,85.9
2025-06-12 21:49:00,39.1
2025-06-12 07:45:00,76.2
2025-06-12 09:48:00,64.8
2025-06-12 22:28:00,97.4
2025-06-12 07:35:00,50.60542317173377
2025-06-12 19:36:00,56.8
2025-06-12 08:38:00,57.8
2025-06-12 18:06:00,74.6
2025-06-12 10:48:00,2.8
2025-06-12 11:51:00,10.5
2025-06-12 06:00:00,50.60542317173377
2025-06-12 18:34:00,28.6
2025-06-12 18:43:00,74.5
2025-06-12 07:03:00,57.6
2025-06-12 10:00:00,88.7
2025-06-12 21:51:00,16.5
2025-06-12 00:18:00,51.3
2025-06-12 14:51:00,38.4
2025-06-12 11:08:00,53.7
2025-06-12 00:35:00,84.9
2025-06-12 17:20:00,9.7
2025-06-12 04:53:00,58.7
2025-06-12 13:16:00,9.1
2025-06-12 02:26:00,15.4
2025-06-12 09:23:00,30.9
2025-06-12 21:48:00,62.6
2025-06-12 11:57:00,79.4
2025-06-12 21:55:00,17.9
2025-06-12 14:43:00,50.60542317173377
2025-06-12 09:04:00,73.9
2025-06-12 22:05:00,28.6
2025-06-12 02:00:00,71.3
2025-06-12 18:09:00,25.0
2025-06-12 18:46:00,50.60542317173377
2025-06-12 18:35:00,63.5
2025-06-12 13:03:00,84.6
2025-06-12 22:09:00,75.4
2025-06-12 21:30:00,3.3
2025-06-12 19:36:00,16.3
2025-06-12 07:32:00,50.60542317173377
2025-06-12 02:30:00,6.7
2025-06-12 09:21:00,9.4
2025-06-12 17:51:00,64.9
2025-06-12 21:45:00,65.5
2025-06-12 10:34:00,95.9
2025-06-12 01:45:00,80.4
2025-06-12 09:49:00,8.2
2025-06-12 17:23:00,84.1
2025-06-12 11:41:00,62.5
2025-06-12 21:18:00,1.0
2025-06-12 04:28:00,11.9
2025-06-12 23:26:00,50.60542317173377
2025-06-12 11:05:00,29.4
2025-06-12 04:38:00,74.8
2025-06-12 12:29:00,74.1
2025-06-12 09:54:00,50.60542317173377
2025-06-12 02:23:00,60.7
2025-06-12 13:32:00,50.60542317173377
2025-06-12 22:03:00,34.2
2025-06-12 23:17:00,41.5
2025-06-12 17:36:00,76.8
2025-06-12 07:09:00,0.5
2025-06-12 18:03:00,35.3
2025-06-12 08:14:00,22.0
2025-06-12 08:52:00,25.5
2025-06-12 01:40:00,24.3
2025-06-12 10:51:00,50.60542317173377
2025-06-12 08:57:00,94.3
2025-06-12 10:38:00,50.60542317173377
2025-06-12 19:59:00,29.0
2025-06-12 00:58:00,93.3
2025-06-12 09:59:00,79.2
2025-06-12 21:35:00,83.8
2025-06-12 18:26:00,86.3
2025-06-12 17:52:00,39.6
2025-06-12 23:03:00,52.2
2025-06-12 09:08:00,17.4
2025-06-12 01:06:00,16.0
2025-06-12 18:02:00,47.5
2025-06-12 05:29:00,86.6
2025-06-12 14:27:00,54.7
2025-06-12 20:40:00,83.4
2025-06-12 08:42:00,32.3
2025-06-12 12:24:00,15.6
2025-06-12 09:04:00,7.3
2025-06-12 21:22:00,53.3
2025-06-12 04:26:00,71.3
2025-06-12 17:20:00,15.7
2025-06-12 09:08:00,50.4
2025-06-12 18:50:00,48.5
2025-06-12 20:13:00,32.1
2025-06-12 02:23:00,51.1
2025-06-12 10:18:00,50.60542317173377
2025-06-12 17:48:00,48.2
2025-06-12 11:23:00,97.8
2025-06-12 04:24:00,64.0
2025-06-12 11:14:00,50.3
2025-06-12 21:57:00,27.2
2025-06-12 01:10:00,50.60542317173377
2025-06-12 12:50:00,57.2
2025-06-12 07:08:00,59.3
2025-06-12 10:07:00,50.60542317173377
2025-06-12 03:01:00,35.7
2025-06-12 15:03:00,64.1
2025-06-12 23:18:00,14.8
2025-06-12 12:25:00,60.1
2025-06-12 21:16:00,44.8
2025-06-12 22:47:00,99.6
2025-06-12 05:05:00,27.4
2025-06-12 20:22:00,19.7
2025-06-12 18:00:00,36.5
2025-06-12 01:20:00,20.9
2025-06-12 22:50:00,84.1
2025-06-12 05:41:00,79.6
2025-06-12 20:44:00,32.7
2025-06-12 18:46:00,66.1
2025-06-12 14:23:00,97.1
2025-06-12 10:27:00,68.4
2025-06-12 01:39:00,50.60542317173377
2025-06-12 00:26:00,61.5
2025-06-12 01:01:00,2.0
2025-06-12 05:19:00,86.0
2025-06-12 08:16:00,14.0
2025-06-12 22:01:00,95.3
2025-06-12 01:05:00,41.5
2025-06-12 15:19:00,91.0
2025-06-12 12:46:00,98.4
2025-06-12 17:13:00,1.4
2025-06-12 17:57:00,95.7
2025-06-12 16:44:00,7.2
2025-06-12 10:06:00,50.60542317173377
2025-06-12 16:29:00,19.2
2025-06-12 08:10:00,56.9
2025-06-12 07:12:00,58.6
2025-06-12 00:12:00,51.9
2025-06-12 19:17:00,94.8
2025-06-12 17:04:00,66.2
2025-06-12 04:50:00,94.9
2025-06-12 01:45:00,50.60542317173377
2025-06-12 12:42:00,54.8
2025-06-12 14:31:00,56.5
2025-06-12 14:08:00,19.6
2025-06-12 07:03:00,7.2
2025-06-12 19:46:00,75.8
2025-06-12 09:18:00,32.4
2025-06-12 03:30:00,44.3
2025-06-12 01:16:00,5.8
2025-06-12 06:38:00,39.1
2025-06-12 03:28:00,96.5
2025-06-12 10:34:00,50.60542317173377
2025-06-12 07:10:00,52.6
2025-06-12 14:11:00,77.5
2025-06-12 16:30:00,15.3
2025-06-12 05:05:00,90.2
2025-06-12 07:56:00,50.60542317173377
2025-06-12 05:19:00,56.7
2025-06-12 14:14:00,34.4
2025-06-12 07:36:00,31.8
2025-06-12 11:40:00,46.9
2025-06-12 09:10:00,70.6
2025-06-12 23:22:00,59.8
2025-06-12 04:13:00,9.5
2025-06-12 11:28:00,47.2
2025-06-12 04:33:00,50.60542317173377
2025-06-12 05:30:00,34.4
2025-06-12 04:23:00,35.0
2025-06-12 19:55:00,45.9
2025-06-12 07:21:00,21.5
2025-06-12 13:16:00,10.6
2025-06-12 04:29:00,99.7
2025-06-12 18:39:00,93.9
2025-06-12 05:10:00,97.2
2025-06-12 01:56:00,80.7
2025-06-12 09:34:00,29.9
2025-06-12 17:35:00,0.9
2025-06-12 20:21:00,50.60542317173377
2025-06-12 22:46:00,40.8
2025-06-12 06:48:00,80.5
2025-06-12 08:16:00,50.60542317173377
2025-06-12 05:45:00,35.5
2025-06-12 09:20:00,46.7
2025-06-12 03:16:00,27.4
2025-06-12 02:43:00,59.6
2025-06-12 00:49:00,50.60542317173377
2025-06-12 04:58:00,49.1
2025-06-12 19:29:00,47.0
2025-06-12 17:06:00,95.8
2025-06-12 11:52:00,23.1
2025-06-12 02:46:00,90.1
2025-06-12 13:20:00,98.4
2025-06-12 21:45:00,84.7
2025-06-12 09:20:00,37.1
2025-06-12 07:26:00,82.5
2025-06-12 13:41:00,7.6
2025-06-12 09:24:00,75.1
2025-06-12 20:48:00,35.1
2025-06-12 15:01:00,39.0
2025-06-12 21:46:00,52.3
2025-06-12 17:08:00,26.9
2025-06-12 12:24:00,21.2
2025-06-12 07:52:00,58.2
2025-06-12 10:08:00,9.6
2025-06-12 14:11:00,98.4
2025-06-12 11:22:00,50.60542317173377
2025-06-12 15:05:00,2.4
2025-06-12 02:52:00,15.8
2025-06-12 06:40:00,50.60542317173377
2025-06-12 06:10:00,59.3
2025-06-12 04:21:00,70.9
2025-06-12 23:36:00,50.60542317173377
2025-06-12 20:45:00,50.60542317173377
2025-06-12 12:19:00,50.60542317173377
2025-06-12 23:30:00,61.6
2025-06-12 04:15:00,25.5
2025-06-12 16:51:00,51.7
2025-06-12 23:12:00,52.7
2025-06-12 20:33:00,93.3
2025-06-12 12:23:00,21.2
2025-06-12 13:48:00,16.0
2025-06-12 15:50:00,50.60542317173377
2025-06-12 00:45:00,77.9
2025-06-12 10:15:00,51.5
2025-06-12 02:28:00,15.5
2025-06-12 23:42:00,96.0
2025-06-12 10:04:00,50.60542317173377
2025-06-12 02:27:00,90.4
2025-06-12 22:30:00,41.0
2025-06-12 22:33:00,62.1
2025-06-12 15:25:00,81.0
2025-06-12 06:41:00,72.1
2025-06-12 13:37:00,88.8
2025-06-12 09:54:00,82.1
2025-06-12 18:00:00,11.3
2025-06-12 07:25:00,78.1
2025-06-12 11:03:00,72.1
2025-06-12 05:31:00,20.7
2025-06-12 03:50:00,50.60542317173377
2025-06-12 16:18:00,20.9
2025-06-12 03:39:00,53.8
2025-06-12 11:31:00,90.7
2025-06-12 12:32:00,98.0
2025-06-12 07:47:00,3.1
2025-06-12 22:11:00,49.2
2025-06-12 18:18:00,93.0
2025-06-12 04:19:00,85.5
2025-06-12 21:28:00,65.6
2025-06-12 19:40:00,40.8
2025-06-12 18:27:00,50.60542317173377
2025-06-12 22:48:00,50.60542317173377
2025-06-12 08:30:00,50.60542317173377
2025-06-12 10:17:00,44.9
2025-06-12 07:27:00,65.2
2025-06-12 13:48:00,90.8
2025-06-12 13:23:00,47.7
2025-06-12 16:39:00,90.4
2025-06-12 13:28:00,87.3
2025-06-12 21:00:00,4.1
2025-06-12 06:27:00,50.60542317173377
2025-06-12 01:32:00,23.7
2025-06-12 14:36:00,0.8
2025-06-12 11:23:00,4.9
2025-06-12 06:11:00,25.2
2025-06-12 18:02:00,16.1
2025-06-12 08:17:00,50.4
2025-06-12 09:18:00,50.60542317173377
2025-06-12 09:14:00,53.1
2025-06-12 22:12:00,79.9
2025-06-12 21:53:00,72.6
2025-06-12 04:12:00,14.6
2025-06-12 00:56:00,78.8
2025-06-12 05:04:00,91.3
2025-06-12 05:53:00,98.0
2025-06-12 23:16:00,12.2
2025-06-12 03:00:00,93.6
2025-06-12 23:42:00,17.4
2025-06-12 10:19:00,76.0
2025-06-12 14:28:00,58.7
2025-06-12 13:31:00,3.5
2025-06-12 01:47:00,52.4
2025-06-12 11:45:00,5.7
2025-06-12 20:18:00,76.8
2025-06-12 17:41:00,54.2
2025-06-12 14:25:00,31.9
2025-06-12 18:50:00,75.6
2025-06-12 13:29:00,99.2
2025-06-12 19:24:00,74.5
2025-06-12 13:36:00,29.7
2025-06-12 23:07:00,34.1
2025-06-12 01:55:00,28.5
2025-06-12 15:52:00,6.9
2025-06-12 00:29:00,14.3
2025-06-12 09:47:00,99.5
2025-06-12 17:40:00,53.3
2025-06-12 22:42:00,49.935598591549294
2025-06-12 19:07:00,49.935598591549294
2025-06-12 11:13:00,59.3
2025-06-12 23:13:00,49.935598591549294
2025-06-12 16:13:00,15.1
2025-06-12 06:21:00,49.935598591549294
2025-06-12 10:49:00,13.5
2025-06-12 02:35:00,6.2
2025-06-12 03:42:00,49.935598591549294
2025-06-12 15:10:00,30.2
2025-06-12 10:25:00,86.9
2025-06-12 23:28:00,66.1
2025-06-12 12:29:00,60.6
2025-06-12 04:44:00,76.1
2025-06-12 03:35:00,49.935598591549294
2025-06-12 01:11:00,0.7
2025-06-12 09:27:00,64.7
2025-06-12 19:51:00,59.0
2025-06-12 12:06:00,6.2
2025-06-12 11:27:00,10.1
2025-06-12 04:26:00,1.9
2025-06-12 14:42:00,3.5
2025-06-12 20:26:00,75.0
2025-06-12 20:26:00,6.3
2025-06-12 14:56:00,94.4
2025-06-12 17:13:00,5.5
2025-06-12 16:52:00,49.935598591549294
2025-06-12 22:01:00,98.2
2025-06-12 08:02:00,1.3
2025-06-12 23:58:00,61.8
2025-06-12 03:22:00,35.4
2025-06-12 04:37:00,49.935598591549294
2025-06-12 06:49:00,14.6
2025-06-12 02:23:00,42.6
2025-06-12 14:58:00,87.4
2025-06-12 06:00:00,74.3
2025-06-12 22:46:00,9.1
2025-06-12 12:33:00,96.3
2025-06-12 21:04:00,69.5
2025-06-12 18:12:00,98.0
2025-06-12 15:23:00,21.2
2025-06-12 04:00:00,65.4
2025-06-12 06:38:00,51.2
2025-06-12 19:04:00,44.1
2025-06-12 19:11:00,69.0
2025-06-12 00:03:00,25.7
2025-06-12 15:22:00,63.8
2025-06-12 09:59:00,47.2
2025-06-12 20:21:00,85.5
2025-06-12 07:57:00,67.5
2025-06-12 12:01:00,20.4
2025-06-12 10:08:00,10.3
2025-06-12 02:41:00,7.1
2025-06-12 09:15:00,64.7
2025-06-12 07:38:00,15.9
2025-06-12 07:04:00,92.3
2025-06-12 20:38:00,49.935598591549294
2025-06-12 06:57:00,49.935598591549294
2025-06-12 16:38:00,86.1
2025-06-12 00:06:00,4.1
2025-06-12 20:01:00,3.4
2025-06-12 06:11:00,30.9
2025-06-12 15:02:00,6.1
2025-06-12 03:21:00,66.0
2025-06-12 11:23:00,63.9
2025-06-12 17:27:00,24.6
2025-06-12 22:13:00,79.1
2025-06-12 18:03:00,45.2
2025-06-12 15:39:00,66.0
2025-06-12 01:38:00,17.0
2025-06-12 20:25:00,41.0
2025-06-12 10:03:00,86.4
2025-06-12 13:01:00,35.7
2025-06-12 01:00:00,52.6
2025-06-12 09:26:00,59.0
2025-06-12 04:16:00,74.5
2025-06-12 07:53:00,78.0
2025-06-12 23:20:00,72.1
2025-06-12 21:23:00,49.935598591549294
2025-06-12 05:45:00,49.935598591549294
2025-06-12 09:26:00,62.4
2025-06-12 12:00:00,29.8
2025-06-12 15:00:00,49.935598591549294
2025-06-12 17:28:00,66.7
2025-06-12 03:01:00,76.9
2025-06-12 10:21:00,45.3
2025-06-12 07:43:00,49.935598591549294
2025-06-12 00:32:00,69.1
2025-06-12 11:33:00,11.0
2025-06-12 04:32:00,23.7
2025-06-12 08:13:00,68.1
2025-06-12 00:25:00,100.0
2025-06-12 18:30:00,56.3
2025-06-12 03:45:00,20.4
2025-06-12 08:08:00,39.2
2025-06-12 06:25:00,0.6
2025-06-12 09:51:00,27.6
2025-06-12 13:05:00,18.0
2025-06-12 02:15:00,86.0
2025-06-12 09:30:00,34.8
2025-06-12 09:43:00,50.4
2025-06-12 17:39:00,8.3
2025-06-12 15:12:00,42.1
2025-06-12 21:15:00,49.935598591549294
2025-06-12 20:04:00,49.935598591549294
2025-06-12 05:51:00,73.1
2025-06-12 18:03:00,22.7
2025-06-12 11:11:00,76.1
2025-06-12 13:04:00,75.4
2025-06-12 06:57:00,5.1
2025-06-12 22:56:00,91.8
2025-06-12 20:10:00,94.3
2025-06-12 17:55:00,18.9
2025-06-12 23:31:00,61.1
2025-06-12 08:22:00,57.0
2025-06-12 16:26:00,5.1
2025-06-12 05:28:00,43.7
2025-06-12 00:57:00,49.935598591549294
2025-06-12 09:45:00,14.6
2025-06-12 22:01:00,45.8
2025-06-12 04:29:00,49.935598591549294
2025-06-12 10:46:00,6.3
2025-06-12 23:27:00,38.3
2025-06-12 23:10:00,32.5
2025-06-12 01:56:00,49.935598591549294
2025-06-12 17:33:00,40.3
2025-06-12 09:37:00,30.5
2025-06-12 13:09:00,90.3
2025-06-12 07:55:00,7.0
2025-06-12 05:20:00,68.2
2025-06-12 04:25:00,27.9
2025-06-12 02:29:00,14.9
2025-06-12 14:34:00,2.0
2025-06-12 09:12:00,94.4
2025-06-12 09:13:00,28.2
2025-06-12 19:32:00,83.9
2025-06-12 03:02:00,49.935598591549294
2025-06-12 14:40:00,89.6
2025-06-12 12:10:00,4.8
2025-06-12 10:50:00,95.4
2025-06-12 00:45:00,39.4
2025-06-12 20:10:00,52.7
2025-06-12 04:20:00,44.7
2025-06-12 18:10:00,52.3
2025-06-12 05:59:00,88.5
2025-06-12 23:00:00,41.3
2025-06-12 13:59:00,30.9
2025-06-12 18:47:00,57.8
2025-06-12 15:38:00,71.9
2025-06-12 00:42:00,8.7
2025-06-12 11:13:00,63.3
2025-06-12 13:41:00,45.1
2025-06-12 18:16:00,55.5
2025-06-12 21:34:00,65.8
2025-06-12 15:51:00,79.2
2025-06-12 11:57:00,40.1
2025-06-12 08:41:00,99.3
2025-06-12 19:45:00,45.3
2025-06-12 03:30:00,55.5
2025-06-12 21:53:00,68.2
2025-06-12 11:01:00,28.8
2025-06-12 13:15:00,89.4
2025-06-12 11:35:00,49.6
2025-06-12 04:13:00,54.9
2025-06-12 07:55:00,69.5
2025-06-12 03:33:00,89.0
2025-06-12 16:13:00,49.935598591549294
2025-06-12 14:48:00,81.4
2025-06-12 23:26:00,10.9
2025-06-12 00:37:00,49.935598591549294
2025-06-12 09:13:00,62.4
2025-06-12 21:48:00,26.3
2025-06-12 11:28:00,49.935598591549294
2025-06-12 22:52:00,23.8
2025-06-12 19:51:00,9.6
2025-06-12 06:57:00,49.935598591549294
2025-06-12 00:38:00,99.7
2025-06-12 09:54:00,83.7
2025-06-12 04:34:00,58.1
2025-06-12 13:30:00,35.3
2025-06-12 19:09:00,32.7
2025-06-12 23:35:00,63.6
2025-06-12 04:03:00,49.935598591549294
2025-06-12 15:36:00,24.9
2025-06-12 01:41:00,33.6
2025-06-12 17:55:00,85.0
2025-06-12 04:50:00,41.1
2025-06-12 01:03:00,66.8
2025-06-12 12:23:00,16.8
2025-06-12 01:04:00,85.2
2025-06-12 21:53:00,82.5
2025-06-12 14:18:00,19.9
2025-06-12 09:34:00,49.935598591549294
2025-06-12 23:09:00,88.9
2025-06-12 03:39:00,26.9
2025-06-12 19:30:00,50.0
2025-06-12 06:09:00,31.4
2025-06-12 13:20:00,32.2
2025-06-12 07:27:00,82.7
2025-06-12 06:39:00,51.9
2025-06-12 17:06:00,49.935598591549294
2025-06-12 19:37:00,49.935598591549294
2025-06-12 16:35:00,88.9
2025-06-12 22:25:00,75.3
2025-06-12 08:49:00,24.5
2025-06-12 01:27:00,82.6
2025-06-12 12:00:00,63.8
2025-06-12 15:09:00,93.0
2025-06-12 22:13:00,53.4
2025-06-12 23:07:00,1.9
2025-06-12 20:12:00,34.4
2025-06-12 10:18:00,99.0
2025-06-12 18:51:00,52.9
2025-06-12 23:17:00,5.1
2025-06-12 21:57:00,60.2
2025-06-12 07:00:00,49.935598591549294
2025-06-12 10:23:00,81.0
2025-06-12 20:31:00,67.3
2025-06-12 09:43:00,91.1
2025-06-12 14:39:00,66.1
2025-06-12 02:44:00,49.8
2025-06-12 13:54:00,10.1
2025-06-12 11:00:00,49.935598591549294
2025-06-12 12:52:00,21.3
2025-06-12 00:43:00,75.0
2025-06-12 11:00:00,96.6
2025-06-12 12:31:00,49.935598591549294
2025-06-12 09:46:00,49.935598591549294
2025-06-12 06:12:00,42.5
2025-06-12 00:06:00,71.8
2025-06-12 00:03:00,40.9
2025-06-12 23:58:00,21.0
2025-06-12 15:04:00,46.1
2025-06-12 23:36:00,19.3
2025-06-12 14:19:00,49.935598591549294
2025-06-12 05:42:00,85.1
2025-06-12 17:32:00,46.7
2025-06-12 21:48:00,49.935598591549294
2025-06-12 21:37:00,47.3
2025-06-12 09:48:00,65.8
2025-06-12 08:21:00,63.8
2025-06-12 10:06:00,49.935598591549294
2025-06-12 02:07:00,39.5
2025-06-12 09:38:00,99.7
2025-06-12 15:56:00,49.935598591549294
2025-06-12 18:50:00,64.8
2025-06-12 03:44:00,56.7
2025-06-12 01:42:00,64.7
2025-06-12 20:52:00,30.2
2025-06-12 21:13:00,2.5
2025-06-12 07:14:00,99.8
2025-06-12 05:50:00,30.2
2025-06-12 09:45:00,25.2
2025-06-12 09:19:00,85.4
2025-06-12 18:23:00,20.8
2025-06-12 22:42:00,12.3
2025-06-12 09:15:00,73.0
2025-06-12 20:01:00,20.3
2025-06-12 07:22:00,94.5
2025-06-12 10:49:00,49.3
2025-06-12 02:14:00,19.5
2025-06-12 11:04:00,25.1
2025-06-12 13:55:00,4.0
2025-06-12 14:39:00,97.0
2025-06-12 11:33:00,78.7
2025-06-12 14:06:00,49.935598591549294
2025-06-12 06:50:00,49.935598591549294
2025-06-12 08:56:00,45.0
2025-06-12 04:43:00,68.2
2025-06-12 00:04:00,95.6
2025-06-12 11:59:00,76.9
2025-06-12 03:33:00,0.6
2025-06-12 05:43:00,38.1
2025-06-12 07:24:00,49.935598591549294
2025-06-12 14:35:00,49.935598591549294
2025-06-12 06:52:00,59.1
2025-06-12 10:17:00,82.4
2025-06-12 01:52:00,19.6
2025-06-12 00:51:00,49.935598591549294
2025-06-12 17:49:00,95.9
2025-06-12 14:15:00,92.6
2025-06-12 09:49:00,9.2
2025-06-12 23:24:00,13.1
2025-06-12 19:11:00,17.3
2025-06-12 06:06:00,86.4
2025-06-12 23:46:00,49.935598591549294
2025-06-12 19:40:00,13.6
2025-06-12 01:17:00,11.5
2025-06-12 10:21:00,98.5
2025-06-12 16:12:00,91.6
2025-06-12 11:58:00,51.1
2025-06-12 07:23:00,6.0
2025-06-12 12:33:00,49.935598591549294
2025-06-12 02:54:00,90.3
2025-06-12 16:26:00,30.9
2025-06-12 06:00:00,56.2
2025-06-12 07:47:00,78.2
2025-06-12 16:58:00,34.5
2025-06-12 01:00:00,34.2
2025-06-12 06:10:00,88.9
2025-06-12 10:28:00,76.3
2025-06-12 03:55:00,37.4
2025-06-12 04:14:00,24.9
2025-06-12 00:37:00,90.8
2025-06-12 22:54:00,49.935598591549294
2025-06-12 20:24:00,95.1
2025-06-12 21:27:00,38.8
2025-06-12 04:58:00,51.7
2025-06-12 20:13:00,18.5
2025-06-12 11:16:00,57.8
2025-06-12 21:53:00,25.2
2025-06-12 15:49:00,60.1
2025-06-12 21:49:00,22.6
2025-06-12 17:15:00,49.935598591549294
2025-06-12 14:22:00,65.6
2025-06-12 13:13:00,25.4
2025-06-12 15:17:00,49.935598591549294
2025-06-12 16:33:00,94.7
2025-06-12 13:02:00,87.2
2025-06-12 04:54:00,26.1
2025-06-12 04:00:00,7.4
2025-06-12 21:08:00,17.8
2025-06-12 20:33:00,43.9
2025-06-12 00:47:00,69.6
2025-06-12 02:48:00,69.7
2025-06-12 10:49:00,17.6
2025-06-12 01:21:00,53.7
2025-06-12 13:08:00,51.7
2025-06-12 23:25:00,90.5
2025-06-12 05:38:00,62.8
2025-06-12 17:47:00,38.0
2025-06-12 19:16:00,9.5
2025-06-12 08:40:00,81.1
2025-06-12 21:19:00,24.9
2025-06-12 06:33:00,54.3
2025-06-12 18:46:00,78.9
2025-06-12 22:17:00,96.4
2025-06-12 20:36:00,75.6
2025-06-12 00:49:00,69.1
2025-06-12 04:46:00,42.5
2025-06-12 04:01:00,38.2
2025-06-12 01:58:00,5.0
2025-06-12 19:17:00,57.4
2025-06-12 11:40:00,49.935598591549294
2025-06-12 14:57:00,6.7
2025-06-12 16:19:00,5.7
2025-06-12 21:41:00,61.9
2025-06-12 20:14:00,93.3
2025-06-12 22:46:00,21.5
2025-06-12 17:54:00,34.7
2025-06-12 07:42:00,66.1
2025-06-12 15:54:00,28.2
2025-06-12 09:13:00,65.5
2025-06-12 02:11:00,51.0
2025-06-12 15:52:00,32.0
2025-06-12 08:57:00,85.9
2025-06-12 09:20:00,67.7
2025-06-12 03:04:00,12.2
2025-06-12 10:21:00,49.740225962104276
2025-06-12 17:29:00,3.2
2025-06-12 22:22:00,70.6
2025-06-12 00:20:00,49.740225962104276
2025-06-12 00:57:00,4.4
2025-06-12 13:05:00,19.1
2025-06-12 17:50:00,96.0
2025-06-12 19:46:00,88.6
2025-06-12 13:03:00,73.9
2025-06-12 19:51:00,49.740225962104276
2025-06-12 03:13:00,47.7
2025-06-12 11:01:00,72.1
2025-06-12 15:16:00,49.740225962104276
2025-06-12 22:04:00,76.6
2025-06-12 10:12:00,86.8
2025-06-12 10:01:00,96.2
2025-06-12 12:14:00,26.7
2025-06-12 09:20:00,30.2
2025-06-12 08:51:00,49.740225962104276
2025-06-12 09:35:00,40.8
2025-06-12 00:46:00,84.7
2025-06-12 15:12:00,32.1
2025-06-12 06:17:00,13.4
2025-06-12 11:40:00,49.740225962104276
2025-06-12 03:25:00,85.9
2025-06-12 14:09:00,33.7
2025-06-12 18:27:00,32.2
2025-06-12 20:53:00,49.740225962104276
2025-06-12 16:05:00,49.740225962104276
2025-06-12 05:13:00,40.1
2025-06-12 22:44:00,59.4
2025-06-12 00:29:00,70.2
2025-06-12 06:19:00,94.6
2025-06-12 07:34:00,77.1
2025-06-12 00:07:00,96.0
2025-06-12 04:58:00,19.5
2025-06-12 03:34:00,63.4
2025-06-12 19:15:00,70.8
2025-06-12 21:58:00,49.740225962104276
2025-06-12 13:57:00,66.8
2025-06-12 08:10:00,49.740225962104276
2025-06-12 21:46:00,97.7
2025-06-12 21:51:00,51.1
2025-06-12 18:08:00,55.2
2025-06-12 05:03:00,12.3
2025-06-12 20:10:00,64.2
2025-06-12 04:17:00,62.0
2025-06-12 07:04:00,1.8
2025-06-12 00:43:00,94.1
2025-06-12 04:31:00,32.5
2025-06-12 18:08:00,19.7
2025-06-12 16:22:00,60.7
2025-06-12 19:20:00,11.9
2025-06-12 19:36:00,85.4
2025-06-12 13:11:00,21.3
2025-06-12 07:36:00,3.8
2025-06-12 09:08:00,49.740225962104276
2025-06-12 22:04:00,33.9
2025-06-12 00:42:00,62.0
2025-06-12 07:23:00,9.2
2025-06-12 01:40:00,66.5
2025-06-12 20:35:00,89.6
2025-06-12 03:39:00,41.2
2025-06-12 20:19:00,2.7
2025-06-12 09:17:00,49.740225962104276
2025-06-12 09:43:00,49.740225962104276
2025-06-12 15:47:00,89.0
2025-06-12 14:13:00,50.9
2025-06-12 06:22:00,49.740225962104276
2025-06-12 18:18:00,95.4
2025-06-12 01:41:00,12.6
2025-06-12 21:04:00,98.8
2025-06-12 09:43:00,17.1
2025-06-12 04:44:00,47.3
2025-06-12 12:06:00,49.740225962104276
2025-06-12 08:42:00,34.5
2025-06-12 03:07:00,33.7
2025-06-12 15:55:00,9.7
2025-06-12 12:58:00,49.740225962104276
2025-06-12 22:46:00,49.740225962104276
2025-06-12 15:45:00,27.0
2025-06-12 06:11:00,7.0
2025-06-12 17:04:00,61.3
2025-06-12 09:27:00,40.1
2025-06-12 13:36:00,81.2
2025-06-12 00:52:00,73.1
2025-06-12 11:35:00,87.6
2025-06-12 04:07:00,24.7
2025-06-12 11:39:00,77.5
2025-06-12 15:06:00,83.6
2025-06-12 01:32:00,44.3
2025-06-12 13:20:00,74.7
2025-06-12 17:41:00,35.9
2025-06-12 20:24:00,33.1
2025-06-12 12:13:00,75.6
2025-06-12 09:30:00,9.9
2025-06-12 16:19:00,49.740225962104276
2025-06-12 12:44:00,49.740225962104276
2025-06-12 15:07:00,2.5
2025-06-12 19:56:00,30.7
2025-06-12 09:21:00,10.1
2025-06-12 01:43:00,54.0
2025-06-12 00:33:00,9.9
2025-06-12 20:18:00,49.740225962104276
2025-06-12 21:27:00,16.8
2025-06-12 14:43:00,49.740225962104276
2025-06-12 11:25:00,3.7
2025-06-12 11:13:00,79.6
2025-06-12 05:55:00,79.7
2025-06-12 09:01:00,97.9
2025-06-12 11:15:00,90.7
2025-06-12 13:43:00,37.9
2025-06-12 13:27:00,49.740225962104276
2025-06-12 17:02:00,48.9
2025-06-12 19:39:00,21.8
2025-06-12 06:38:00,40.4
2025-06-12 02:23:00,49.740225962104276
2025-06-12 22:48:00,97.5
2025-06-12 00:32:00,51.5
2025-06-12 07:56:00,55.8
2025-06-12 15:59:00,87.6
2025-06-12 22:30:00,33.4
2025-06-12 04:44:00,18.7
2025-06-12 08:40:00,61.2
2025-06-12 10:25:00,45.5
2025-06-12 05:55:00,94.0
2025-06-12 14:00:00,65.6
2025-06-12 03:31:00,78.7
2025-06-12 11:42:00,2.0
2025-06-12 01:38:00,84.5
2025-06-12 16:27:00,37.2
2025-06-12 13:10:00,89.4
2025-06-12 02:59:00,92.3
2025-06-12 19:16:00,43.4
2025-06-12 05:05:00,59.2
2025-06-12 10:43:00,49.740225962104276
2025-06-12 23:58:00,7.7
2025-06-12 09:55:00,76.0
2025-06-12 13:56:00,25.6
2025-06-12 22:10:00,93.7
2025-06-12 04:49:00,93.9
2025-06-12 02:35:00,49.740225962104276
2025-06-12 07:04:00,38.4
2025-06-12 11:12:00,100.0
2025-06-12 11:12:00,82.3
2025-06-12 23:39:00,15.3
2025-06-12 21:19:00,49.740225962104276
2025-06-12 21:54:00,52.8
2025-06-12 18:42:00,15.4
2025-06-12 14:04:00,49.740225962104276
2025-06-12 07:08:00,70.9
2025-06-12 20:07:00,98.7
2025-06-12 18:03:00,49.740225962104276
2025-06-12 23:15:00,41.5
2025-06-12 03:39:00,59.6
2025-06-12 03:41:00,14.5
2025-06-12 16:55:00,41.4
2025-06-12 06:06:00,96.6
2025-06-12 12:32:00,33.8
2025-06-12 19:18:00,49.740225962104276
2025-06-12 10:07:00,85.5
2025-06-12 08:57:00,20.6
2025-06-12 20:07:00,10.3
2025-06-12 20:43:00,15.6
2025-06-12 06:14:00,21.7
2025-06-12 00:14:00,9.7
2025-06-12 17:44:00,32.7
2025-06-12 02:19:00,98.2
2025-06-12 00:01:00,49.740225962104276
2025-06-12 03:56:00,64.8
2025-06-12 23:18:00,34.7
2025-06-12 04:41:00,5.2
2025-06-12 15:06:00,63.4
2025-06-12 15:50:00,84.5
2025-06-12 22:19:00,59.3
2025-06-12 16:35:00,26.8
2025-06-12 03:42:00,5.0
2025-06-12 04:01:00,34.4
2025-06-12 05:43:00,22.8
2025-06-12 15:41:00,13.2
2025-06-12 18:53:00,7.7
2025-06-12 08:14:00,82.0
2025-06-12 14:07:00,79.8
2025-06-12 06:05:00,17.8
2025-06-12 18:03:00,99.8
2025-06-12 15:24:00,26.5
2025-06-12 04:18:00,80.5
2025-06-12 23:51:00,9.5
2025-06-12 14:42:00,49.740225962104276
2025-06-12 15:19:00,49.740225962104276
2025-06-12 03:21:00,25.7
2025-06-12 03:56:00,49.740225962104276
2025-06-12 03:11:00,29.8
2025-06-12 20:37:00,11.0
2025-06-12 06:47:00,42.8
2025-06-12 05:41:00,73.4
2025-06-12 18:35:00,51.7
2025-06-12 21:18:00,3.5
2025-06-12 07:15:00,85.4
2025-06-12 22:49:00,88.2
2025-06-12 08:18:00,49.740225962104276
2025-06-12 07:15:00,47.8
2025-06-12 08:54:00,5.7
2025-06-12 11:08:00,49.740225962104276
2025-06-12 15:07:00,49.740225962104276
2025-06-12 06:21:00,49.740225962104276
2025-06-12 04:37:00,16.3
2025-06-12 09:08:00,70.5
2025-06-12 17:37:00,5.1
2025-06-12 04:20:00,58.3
2025-06-12 10:46:00,36.3
2025-06-12 08:41:00,7.7
2025-06-12 09:04:00,49.740225962104276
2025-06-12 19:41:00,40.9
2025-06-12 07:04:00,25.6
2025-06-12 00:20:00,60.4
2025-06-12 01:48:00,38.9
2025-06-12 00:38:00,49.740225962104276
2025-06-12 23:38:00,65.0
2025-06-12 23:37:00,6.6
2025-06-12 15:18:00,89.8
2025-06-12 07:07:00,95.8
2025-06-12 03:46:00,37.3
2025-06-12 04:44:00,49.740225962104276
2025-06-12 03:25:00,91.5
2025-06-12 06:18:00,49.740225962104276
2025-06-12 18:07:00,38.4
2025-06-12 13:55:00,49.740225962104276
2025-06-12 20:08:00,96.8
2025-06-12 13:36:00,30.8
2025-06-12 09:41:00,64.2
2025-06-12 01:43:00,10.3
2025-06-12 08:26:00,49.740225962104276
2025-06-12 03:40:00,36.5
2025-06-12 08:11:00,76.5
2025-06-12 05:41:00,50.8
2025-06-12 12:51:00,84.6
2025-06-12 23:19:00,62.8
2025-06-12 11:06:00,67.2
2025-06-12 01:28:00,71.4
2025-06-12 03:31:00,84.2
2025-06-12 09:28:00,7.0
2025-06-12 18:19:00,5.5
2025-06-12 14:06:00,26.7
2025-06-12 09:01:00,47.7
2025-06-12 10:59:00,33.9
2025-06-12 13:27:00,49.4
2025-06-12 19:00:00,87.2
2025-06-12 06:59:00,8.4
2025-06-12 07:21:00,93.8
2025-06-12 18:09:00,63.9
2025-06-12 21:45:00,52.2
2025-06-12 22:46:00,5.2
2025-06-12 03:19:00,65.6
2025-06-12 07:46:00,34.0
2025-06-12 09:42:00,22.2
2025-06-12 04:05:00,14.2
2025-06-12 04:12:00,84.1
2025-06-12 14:12:00,49.740225962104276
2025-06-12 04:20:00,79.9
2025-06-12 12:08:00,49.740225962104276
2025-06-12 11:15:00,74.1
2025-06-12 08:13:00,8.1
2025-06-12 02:09:00,78.1
2025-06-12 04:01:00,3.4
2025-06-12 05:40:00,87.5
2025-06-12 19:16:00,65.9
2025-06-12 11:13:00,30.9
2025-06-12 04:06:00,14.5
2025-06-12 12:27:00,91.0
2025-06-12 14:31:00,53.1
2025-06-12 22:01:00,49.740225962104276
2025-06-12 17:42:00,87.0
2025-06-12 04:56:00,16.6
2025-06-12 12:32:00,56.5
2025-06-12 16:21:00,23.9
2025-06-12 23:53:00,23.7
2025-06-12 02:00:00,14.2
2025-06-12 07:09:00,87.5
2025-06-12 08:47:00,73.1
2025-06-12 05:12:00,50.3
2025-06-12 21:55:00,0.1
2025-06-12 08:58:00,49.740225962104276
2025-06-12 17:36:00,10.9
2025-06-12 23:29:00,49.740225962104276
2025-06-12 19:27:00,16.3
2025-06-12 23:55:00,73.7
2025-06-12 12:24:00,18.0
2025-06-12 09:39:00,76.0
2025-06-12 06:14:00,75.7
2025-06-12 17:02:00,48.9
2025-06-12 19:49:00,25.0
2025-06-12 09:35:00,73.4
2025-06-12 00:12:00,28.9
2025-06-12 15:03:00,1.8
2025-06-12 19:12:00,27.8
2025-06-12 00:47:00,89.5
2025-06-12 14:11:00,86.3
2025-06-12 02:10:00,52.6
2025-06-12 21:47:00,75.2
2025-06-12 03:50:00,14.2
2025-06-12 03:08:00,4.7
2025-06-12 10:42:00,50.9
2025-06-12 19:20:00,65.0
2025-06-12 20:41:00,38.1
2025-06-12 13:51:00,19.6
2025-06-12 06:50:00,62.3
2025-06-12 07:41:00,76.2
2025-06-12 00:11:00,11.6
2025-06-12 04:48:00,29.2
2025-06-12 03:54:00,21.6
2025-06-12 20:55:00,94.1
2025-06-12 20:35:00,58.2
2025-06-12 20:53:00,84.5
2025-06-12 13:47:00,39.2
2025-06-12 15:38:00,67.4
2025-06-12 07:02:00,45.3
2025-06-12 07:57:00,49.740225962104276
2025-06-12 08:42:00,74.1
2025-06-12 03:40:00,39.8
2025-06-12 16:49:00,49.740225962104276
2025-06-12 23:24:00,20.7
2025-06-12 03:52:00,77.7
2025-06-12 04:14:00,59.7
2025-06-12 15:22:00,50.18838223164841
2025-06-12 13:59:00,71.6
2025-06-12 15:08:00,37.8
2025-06-12 12:32:00,1.9
2025-06-12 15:02:00,2.5
2025-06-12 20:43:00,51.0
2025-06-12 23:19:00,93.2
2025-06-12 06:54:00,50.18838223164841
2025-06-12 20:10:00,75.5
2025-06-12 12:18:00,98.5
2025-06-12 09:23:00,39.4
2025-06-12 03:59:00,50.18838223164841
2025-06-12 20:16:00,50.18838223164841
2025-06-12 06:00:00,89.1
2025-06-12 00:35:00,79.2
2025-06-12 17:36:00,51.3
2025-06-12 21:51:00,32.4
2025-06-12 03:33:00,65.7
2025-06-12 12:01:00,21.0
2025-06-12 04:07:00,66.3
2025-06-12 18:13:00,80.4
2025-06-12 06:12:00,26.9
2025-06-12 03:52:00,70.8
2025-06-12 20:04:00,10.1
2025-06-12 18:23:00,58.9
2025-06-12 23:34:00,3.5
2025-06-12 09:16:00,70.7
2025-06-12 07:07:00,83.7
2025-06-12 11:16:00,30.8
2025-06-12 15:00:00,27.0
2025-06-12 09:53:00,50.18838223164841
2025-06-12 17:57:00,70.4
2025-06-12 13:00:00,99.9
2025-06-12 08:20:00,93.9
2025-06-12 19:11:00,14.5
2025-06-12 17:30:00,82.9
2025-06-12 23:59:00,72.1
2025-06-12 03:20:00,50.6
2025-06-12 03:33:00,0.5
2025-06-12 16:29:00,69.6
2025-06-12 08:22:00,50.18838223164841
2025-06-12 01:33:00,50.18838223164841
2025-06-12 15:57:00,48.6
2025-06-12 20:28:00,50.18838223164841
2025-06-12 22:38:00,79.7
2025-06-12 15:29:00,57.9
2025-06-12 13:59:00,50.0
2025-06-12 16:28:00,50.18838223164841
2025-06-12 13:27:00,81.3
2025-06-12 21:16:00,50.18838223164841
2025-06-12 13:37:00,83.8
2025-06-12 05:09:00,69.8
2025-06-12 13:45:00,50.18838223164841
2025-06-12 16:30:00,45.3
2025-06-12 20:15:00,63.7
2025-06-12 17:02:00,50.18838223164841
2025-06-12 03:50:00,72.4
2025-06-12 04:01:00,35.5
2025-06-12 18:27:00,13.2
2025-06-12 11:14:00,2.1
2025-06-12 08:07:00,69.3
2025-06-12 16:51:00,14.3
2025-06-12 11:04:00,58.8
2025-06-12 12:51:00,61.0
2025-06-12 11:27:00,11.0
2025-06-12 03:09:00,39.3
2025-06-12 20:55:00,50.18838223164841
2025-06-12 11:03:00,31.7
2025-06-12 21:16:00,20.9
2025-06-12 21:38:00,66.7
2025-06-12 18:27:00,62.2
2025-06-12 02:34:00,91.9
2025-06-12 02:19:00,19.7
2025-06-12 21:48:00,8.2
2025-06-12 12:07:00,50.18838223164841
2025-06-12 14:34:00,15.0
2025-06-12 21:44:00,5.8
2025-06-12 11:48:00,87.6
2025-06-12 10:24:00,42.7
2025-06-12 22:57:00,92.7
2025-06-12 10:07:00,23.4
2025-06-12 03:23:00,50.18838223164841
2025-06-12 16:52:00,22.3
2025-06-12 06:54:00,74.0
2025-06-12 17:19:00,50.18838223164841
2025-06-12 16:41:00,56.3
2025-06-12 15:58:00,87.6
2025-06-12 12:52:00,83.6
2025-06-12 03:28:00,93.3
2025-06-12 15:38:00,97.8
2025-06-12 17:24:00,50.4
2025-06-12 20:09:00,61.7
2025-06-12 09:17:00,59.6
2025-06-12 18:58:00,20.6
2025-06-12 01:06:00,32.7
2025-06-12 21:09:00,91.4
2025-06-12 19:51:00,18.9
2025-06-12 22:52:00,71.0
2025-06-12 08:19:00,76.2
2025-06-12 15:55:00,25.5
2025-06-12 11:10:00,94.2
2025-06-12 02:42:00,42.8
2025-06-12 17:30:00,76.7
2025-06-12 06:05:00,75.5
2025-06-12 07:06:00,99.9
2025-06-12 12:58:00,50.18838223164841
2025-06-12 02:17:00,83.7
2025-06-12 17:03:00,76.3
2025-06-12 17:27:00,1.8
2025-06-12 08:31:00,18.2
2025-06-12 08:28:00,2.1
2025-06-12 06:53:00,50.18838223164841
2025-06-12 20:11:00,21.7
2025-06-12 08:39:00,98.3
2025-06-12 13:51:00,18.5
2025-06-12 15:58:00,44.7
2025-06-12 02:14:00,89.4
2025-06-12 09:46:00,40.2
2025-06-12 12:09:00,39.1
2025-06-12 04:38:00,2.5
2025-06-12 04:13:00,5.2
2025-06-12 01:16:00,29.7
2025-06-12 10:42:00,7.8
2025-06-12 21:32:00,74.6
2025-06-12 00:01:00,65.4
2025-06-12 15:14:00,72.0
2025-06-12 22:42:00,52.5
2025-06-12 10:24:00,0.9
2025-06-12 02:22:00,81.9
2025-06-12 16:23:00,58.7
2025-06-12 16:15:00,50.18838223164841
2025-06-12 15:21:00,50.18838223164841
2025-06-12 15:10:00,50.18838223164841
2025-06-12 09:45:00,50.18838223164841
2025-06-12 12:48:00,21.0
2025-06-12 19:31:00,25.5
2025-06-12 19:33:00,58.9
2025-06-12 18:25:00,32.8
2025-06-12 23:54:00,75.8
2025-06-12 14:12:00,7.8
2025-06-12 17:31:00,50.18838223164841
2025-06-12 19:35:00,77.0
2025-06-12 00:36:00,22.6
2025-06-12 05:50:00,45.6
2025-06-12 18:51:00,3.0
2025-06-12 07:55:00,40.7
2025-06-12 17:11:00,8.9
2025-06-12 04:45:00,88.7
2025-06-12 02:28:00,73.2
2025-06-12 14:01:00,15.8
2025-06-12 22:44:00,93.3
2025-06-12 05:56:00,92.9
2025-06-12 01:02:00,59.3
2025-06-12 17:40:00,78.6
2025-06-12 17:20:00,2.4
2025-06-12 20:41:00,47.4
2025-06-12 00:42:00,50.18838223164841
2025-06-12 08:37:00,24.7
2025-06-12 15:08:00,26.2
2025-06-12 06:44:00,33.8
2025-06-12 11:59:00,56.0
2025-06-12 17:52:00,44.1
2025-06-12 17:28:00,88.8
2025-06-12 13:20:00,5.3
2025-06-12 07:39:00,24.1
2025-06-12 11:27:00,22.2
2025-06-12 08:45:00,31.2
2025-06-12 13:31:00,44.6
2025-06-12 15:58:00,3.7
2025-06-12 19:37:00,73.8
2025-06-12 08:53:00,33.4
2025-06-12 02:45:00,82.6
2025-06-12 21:43:00,24.7
2025-06-12 01:27:00,70.9
2025-06-12 03:36:00,55.8
2025-06-12 06:13:00,50.18838223164841
2025-06-12 18:51:00,81.2
2025-06-12 05:04:00,72.9
2025-06-12 07:21:00,11.6
2025-06-12 02:43:00,10.6
2025-06-12 12:44:00,98.0
2025-06-12 06:31:00,69.1
2025-06-12 08:41:00,94.2
2025-06-12 18:04:00,36.4
2025-06-12 11:48:00,40.1
2025-06-12 03:28:00,92.6
2025-06-12 00:14:00,47.6
2025-06-12 18:51:00,50.18838223164841
2025-06-12 20:40:00,12.6
2025-06-12 18:23:00,63.2
2025-06-12 14:41:00,47.8
2025-06-12 21:59:00,50.18838223164841
2025-06-12 19:25:00,2.0
2025-06-12 03:32:00,87.6
2025-06-12 01:47:00,31.6
2025-06-12 03:41:00,83.9
2025-06-12 13:08:00,22.9
2025-06-12 01:02:00,50.18838223164841
2025-06-12 19:21:00,60.8
2025-06-12 02:04:00,68.2
2025-06-12 07:33:00,16.5
2025-06-12 05:23:00,51.3
2025-06-12 04:04:00,75.3
2025-06-12 12:25:00,10.2
2025-06-12 20:24:00,50.18838223164841
2025-06-12 12:39:00,5.9
2025-06-12 15:38:00,92.2
2025-06-12 17:20:00,19.2
2025-06-12 22:18:00,50.18838223164841
2025-06-12 06:32:00,50.18838223164841
2025-06-12 12:00:00,21.7
2025-06-12 10:22:00,67.7
2025-06-12 11:57:00,89.4
2025-06-12 03:24:00,2.1
2025-06-12 06:53:00,50.18838223164841
2025-06-12 08:31:00,2.4
2025-06-12 13:21:00,23.7
2025-06-12 23:11:00,53.0
2025-06-12 20:41:00,62.1
2025-06-12 19:33:00,58.7
2025-06-12 08:55:00,76.3
2025-06-12 14:04:00,12.3
2025-06-12 08:25:00,7.3
2025-06-12 10:34:00,50.18838223164841
2025-06-12 11:44:00,32.4
2025-06-12 21:00:00,60.9
2025-06-12 07:07:00,50.18838223164841
2025-06-12 12:44:00,96.8
2025-06-12 22:08:00,73.3
2025-06-12 08:37:00,82.4
2025-06-12 21:59:00,19.4
2025-06-12 01:40:00,50.18838223164841
2025-06-12 15:18:00,83.5
2025-06-12 02:55:00,50.18838223164841
2025-06-12 14:52:00,50.18838223164841
2025-06-12 02:53:00,50.18838223164841
2025-06-12 07:50:00,41.8
2025-06-12 20:31:00,71.7
2025-06-12 01:22:00,50.18838223164841
2025-06-12 18:09:00,79.7
2025-06-12 00:08:00,35.0
2025-06-12 05:28:00,50.18838223164841
2025-06-12 16:28:00,15.7
2025-06-12 10:03:00,50.18838223164841
2025-06-12 19:38:00,58.8
2025-06-12 14:56:00,80.8
2025-06-12 15:03:00,11.4
2025-06-12 13:37:00,50.18838223164841
2025-06-12 18:01:00,50.18838223164841
2025-06-12 01:27:00,11.1
2025-06-12 12:27:00,50.18838223164841
2025-06-12 05:28:00,77.0
2025-06-12 12:10:00,35.7
2025-06-12 09:20:00,50.18838223164841
2025-06-12 04:10:00,93.1
2025-06-12 22:14:00,11.1
2025-06-12 22:21:00,43.1
2025-06-12 01:23:00,34.7
2025-06-12 08:36:00,77.8
2025-06-12 10:57:00,51.9
2025-06-12 17:02:00,79.9
2025-06-12 05:46:00,50.18838223164841
2025-06-12 00:32:00,79.8
2025-06-12 04:40:00,27.1
2025-06-12 17:06:00,69.3
2025-06-12 07:49:00,50.18838223164841
2025-06-12 20:54:00,65.1
2025-06-12 13:27:00,91.8
2025-06-12 20:46:00,85.8
2025-06-12 20:44:00,50.18838223164841
2025-06-12 20:02:00,6.4
2025-06-12 16:59:00,47.2
2025-06-12 05:41:00,76.4
2025-06-12 20:12:00,90.0
2025-06-12 17:04:00,75.8
2025-06-12 09:13:00,43.9
2025-06-12 16:06:00,73.6
2025-06-12 12:13:00,27.8
2025-06-12 13:47:00,27.1
2025-06-12 22:53:00,53.2
2025-06-12 10:56:00,28.1
2025-06-12 12:43:00,66.9
2025-06-12 21:08:00,78.0
2025-06-12 04:00:00,50.18838223164841
2025-06-12 16:07:00,50.18838223164841
2025-06-12 04:23:00,62.0
2025-06-12 15:59:00,54.8
2025-06-12 07:05:00,77.2
2025-06-12 07:05:00,92.2
2025-06-12 13:11:00,18.8
2025-06-12 03:13:00,41.8
2025-06-12 06:31:00,28.2
2025-06-12 14:21:00,92.3
2025-06-12 13:32:00,8.2
2025-06-12 21:23:00,88.0
2025-06-12 22:18:00,83.3
2025-06-12 08:43:00,50.18838223164841
2025-06-12 13:06:00,76.3
2025-06-12 08:26:00,50.18838223164841
2025-06-12 11:07:00,29.4
2025-06-12 23:06:00,85.4
2025-06-12 00:33:00,66.8
2025-06-12 07:02:00,50.18838223164841
2025-06-12 18:28:00,37.1
2025-06-12 00:40:00,8.7
2025-06-12 13:05:00,45.7
2025-06-12 08:17:00,97.0
2025-06-12 23:41:00,53.9
2025-06-12 03:45:00,65.9
2025-06-12 15:34:00,31.6
2025-06-12 10:39:00,79.6
2025-06-12 18:30:00,23.7
2025-06-12 12:45:00,99.2
2025-06-12 00:49:00,14.6
2025-06-12 01:26:00,63.5
2025-06-12 20:13:00,41.5
2025-06-12 08:32:00,91.5
2025-06-12 19:11:00,5.5
2025-06-12 23:13:00,99.8
2025-06-12 05:39:00,50.18838223164841
2025-06-12 11:04:00,22.6
2025-06-12 16:18:00,85.7
2025-06-12 12:31:00,19.7
2025-06-12 01:02:00,26.7
2025-06-12 04:12:00,89.7
2025-06-12 09:48:00,34.3
2025-06-12 15:41:00,63.0
2025-06-12 12:45:00,93.6
2025-06-12 09:24:00,34.2
2025-06-12 21:51:00,31.4
2025-06-12 06:36:00,19.9
2025-06-12 17:00:00,49.927249175694776
2025-06-12 19:05:00,92.3
2025-06-12 22:27:00,49.927249175694776
2025-06-12 18:35:00,13.2
2025-06-12 13:08:00,72.3
2025-06-12 20:29:00,96.4
2025-06-12 12:31:00,90.6
2025-06-12 11:09:00,93.6
2025-06-12 22:58:00,54.2
2025-06-12 12:23:00,51.4
2025-06-12 23:52:00,20.7
2025-06-12 11:04:00,68.2
2025-06-12 20:17:00,52.0
2025-06-12 09:04:00,55.3
2025-06-12 15:36:00,51.4
2025-06-12 06:58:00,89.1
2025-06-12 16:01:00,93.7
2025-06-12 16:19:00,23.9
2025-06-12 02:42:00,68.4
2025-06-12 18:30:00,76.9
2025-06-12 08:37:00,51.7
2025-06-12 21:54:00,80.3
2025-06-12 11:01:00,49.927249175694776
2025-06-12 06:06:00,96.8
2025-06-12 23:25:00,28.1
2025-06-12 18:09:00,93.3
2025-06-12 12:19:00,82.3
2025-06-12 02:51:00,8.0
2025-06-12 04:47:00,49.927249175694776
2025-06-12 06:50:00,54.3
2025-06-12 03:32:00,22.1
2025-06-12 07:46:00,23.0
2025-06-12 01:36:00,16.5
2025-06-12 15:53:00,26.7
2025-06-12 13:49:00,49.927249175694776
2025-06-12 23:43:00,35.6
2025-06-12 19:44:00,64.5
2025-06-12 23:33:00,86.5
2025-06-12 22:21:00,49.927249175694776
2025-06-12 02:09:00,49.927249175694776
2025-06-12 12:05:00,64.0
2025-06-12 18:49:00,99.8
2025-06-12 17:05:00,40.8
2025-06-12 18:16:00,95.4
2025-06-12 12:47:00,49.927249175694776
2025-06-12 16:47:00,49.4
2025-06-12 20:48:00,44.4
2025-06-12 20:21:00,13.7
2025-06-12 18:43:00,80.2
2025-06-12 19:27:00,78.7
2025-06-12 02:17:00,71.3
2025-06-12 14:29:00,8.3
2025-06-12 17:57:00,92.7
2025-06-12 03:15:00,7.8
2025-06-12 22:48:00,49.927249175694776
2025-06-12 19:51:00,8.2
2025-06-12 09:58:00,34.9
2025-06-12 01:18:00,44.5
2025-06-12 18:06:00,7.7
2025-06-12 14:35:00,49.927249175694776
2025-06-12 09:20:00,12.6
2025-06-12 06:07:00,92.0
2025-06-12 10:12:00,93.5
2025-06-12 23:03:00,81.9
2025-06-12 16:12:00,23.2
2025-06-12 00:14:00,90.9
2025-06-12 18:41:00,49.927249175694776
2025-06-12 03:04:00,79.6
2025-06-12 15:43:00,35.9
2025-06-12 06:09:00,22.7
2025-06-12 11:06:00,47.1
2025-06-12 00:04:00,31.7
2025-06-12 01:42:00,41.3
2025-06-12 20:06:00,39.7
2025-06-12 04:12:00,49.927249175694776
2025-06-12 04:21:00,94.6
2025-06-12 15:32:00,6.7
2025-06-12 05:58:00,40.1
2025-06-12 16:16:00,20.6
2025-06-12 15:40:00,94.0
2025-06-12 04:18:00,41.2
2025-06-12 07:06:00,90.3
2025-06-12 17:37:00,77.5
2025-06-12 01:49:00,66.5
2025-06-12 12:11:00,59.4
2025-06-12 21:17:00,50.4
2025-06-12 11:53:00,66.4
2025-06-12 02:38:00,81.7
2025-06-12 00:26:00,80.8
2025-06-12 02:30:00,49.927249175694776
2025-06-12 03:08:00,49.927249175694776
2025-06-12 07:47:00,43.2
2025-06-12 22:16:00,18.9
2025-06-12 15:27:00,48.8
2025-06-12 07:20:00,97.3
2025-06-12 01:03:00,2.7
2025-06-12 03:17:00,98.5
2025-06-12 21:09:00,27.2
2025-06-12 18:30:00,60.5
2025-06-12 16:06:00,3.6
2025-06-12 07:08:00,35.0
2025-06-12 08:38:00,67.4
2025-06-12 07:12:00,82.1
2025-06-12 17:42:00,41.9
2025-06-12 14:06:00,49.927249175694776
2025-06-12 03:54:00,34.6
2025-06-12 07:06:00,69.3
2025-06-12 16:17:00,82.4
2025-06-12 04:29:00,47.6
2025-06-12 07:47:00,20.2
2025-06-12 17:51:00,0.3
2025-06-12 16:07:00,49.927249175694776
2025-06-12 17:19:00,72.2
2025-06-12 17:00:00,31.7
2025-06-12 06:26:00,40.7
2025-06-12 20:33:00,8.0
2025-06-12 17:19:00,4.9
2025-06-12 03:47:00,32.7
2025-06-12 16:47:00,4.5
2025-06-12 14:54:00,61.0
2025-06-12 16:40:00,49.927249175694776
2025-06-12 11:07:00,78.5
2025-06-12 23:40:00,29.0
2025-06-12 21:49:00,77.5
2025-06-12 01:44:00,38.6
2025-06-12 11:00:00,95.5
2025-06-12 16:02:00,11.0
2025-06-12 09:48:00,49.927249175694776
2025-06-12 13:55:00,43.6
2025-06-12 11:55:00,89.7
2025-06-12 12:52:00,49.927249175694776
2025-06-12 14:06:00,76.2
2025-06-12 22:41:00,93.3
2025-06-12 10:10:00,46.0
2025-06-12 08:25:00,49.927249175694776
2025-06-12 22:35:00,45.0
2025-06-12 10:34:00,85.7
2025-06-12 02:41:00,78.4
2025-06-12 02:57:00,92.0
2025-06-12 13:08:00,49.927249175694776
2025-06-12 20:04:00,82.7
2025-06-12 11:45:00,55.9
2025-06-12 06:02:00,61.5
2025-06-12 22:01:00,49.927249175694776
2025-06-12 23:40:00,41.0
2025-06-12 20:13:00,60.0
2025-06-12 22:15:00,64.6
2025-06-12 00:09:00,17.6
2025-06-12 16:19:00,7.3
2025-06-12 01:42:00,67.6
2025-06-12 20:39:00,39.5
2025-06-12 02:29:00,53.6
2025-06-12 00:01:00,49.927249175694776
2025-06-12 15:14:00,88.0
2025-06-12 15:00:00,36.2
2025-06-12 20:11:00,98.3
2025-06-12 08:14:00,9.6
2025-06-12 08:20:00,54.6
2025-06-12 12:19:00,49.927249175694776
2025-06-12 18:47:00,37.4
2025-06-12 09:03:00,96.0
2025-06-12 02:13:00,49.927249175694776
2025-06-12 03:29:00,8.0
2025-06-12 07:31:00,36.3
2025-06-12 02:33:00,49.927249175694776
2025-06-12 07:14:00,33.9
2025-06-12 02:24:00,73.2
2025-06-12 10:08:00,62.7
2025-06-12 15:02:00,97.6
2025-06-12 13:58:00,74.0
2025-06-12 16:27:00,73.7
2025-06-12 03:02:00,1.5
2025-06-12 10:21:00,25.4
2025-06-12 22:44:00,43.5
2025-06-12 22:38:00,25.3
2025-06-12 00:37:00,78.4
2025-06-12 17:23:00,45.6
2025-06-12 13:45:00,2.2
2025-06-12 07:32:00,58.0
2025-06-12 03:15:00,0.7
2025-06-12 20:07:00,28.2
2025-06-12 01:13:00,16.8
2025-06-12 11:45:00,49.927249175694776
2025-06-12 12:34:00,89.3
2025-06-12 03:45:00,49.927249175694776
2025-06-12 15:13:00,49.927249175694776
2025-06-12 20:40:00,6.4
2025-06-12 02:50:00,32.2
2025-06-12 04:55:00,53.9
2025-06-12 06:44:00,16.9
2025-06-12 14:53:00,58.3
2025-06-12 15:44:00,49.927249175694776
2025-06-12 10:12:00,38.3
2025-06-12 06:15:00,6.6
2025-06-12 01:34:00,40.8
2025-06-12 23:22:00,49.927249175694776
2025-06-12 18:30:00,49.927249175694776
2025-06-12 07:12:00,70.3
2025-06-12 17:10:00,25.7
2025-06-12 00:37:00,10.0
2025-06-12 12:42:00,75.8
2025-06-12 11:34:00,97.0
2025-06-12 06:22:00,46.5
2025-06-12 09:33:00,45.9
2025-06-12 09:34:00,48.5
2025-06-12 08:30:00,44.2
2025-06-12 09:30:00,10.0
2025-06-12 05:48:00,37.4
2025-06-12 00:09:00,9.2
2025-06-12 14:47:00,42.6
2025-06-12 22:10:00,19.7
2025-06-12 17:18:00,84.9
2025-06-12 09:40:00,23.8
2025-06-12 00:32:00,15.1
2025-06-12 23:20:00,66.3
2025-06-12 12:43:00,11.8
2025-06-12 17:19:00,30.0
2025-06-12 11:47:00,33.1
2025-06-12 19:34:00,22.4
2025-06-12 02:17:00,72.3
2025-06-12 21:52:00,49.927249175694776
2025-06-12 10:33:00,18.7
2025-06-12 15:32:00,22.6
2025-06-12 05:34:00,25.6
2025-06-12 11:59:00,3.0
2025-06-12 15:24:00,88.3
2025-06-12 10:07:00,49.8
2025-06-12 06:43:00,12.1
2025-06-12 00:49:00,19.2
2025-06-12 02:00:00,37.0
2025-06-12 09:55:00,20.8
2025-06-12 20:47:00,67.1
2025-06-12 02:55:00,98.5
2025-06-12 10:01:00,73.5
2025-06-12 03:23:00,8.3
2025-06-12 20:13:00,33.6
2025-06-12 01:54:00,60.7
2025-06-12 17:40:00,32.9
2025-06-12 20:26:00,4.7
2025-06-12 05:17:00,24.6
2025-06-12 06:53:00,94.8
2025-06-12 11:57:00,94.8
2025-06-12 15:38:00,7.9
2025-06-12 08:52:00,81.7
2025-06-12 06:55:00,49.927249175694776
2025-06-12 16:59:00,41.1
2025-06-12 16:44:00,17.9
2025-06-12 00:00:00,0.1
2025-06-12 06:41:00,86.0
2025-06-12 02:26:00,66.2
2025-06-12 09:40:00,49.927249175694776
2025-06-12 00:01:00,87.7
2025-06-12 05:33:00,73.1
2025-06-12 10:04:00,33.6
2025-06-12 02:29:00,47.4
2025-06-12 23:19:00,47.0
2025-06-12 08:18:00,52.3
2025-06-12 11:35:00,97.1
2025-06-12 22:50:00,4.0
2025-06-12 14:24:00,2.7
2025-06-12 13:40:00,70.5
2025-06-12 23:11:00,31.8
2025-06-12 07:47:00,91.0
2025-06-12 05:57:00,63.6
2025-06-12 15:48:00,26.5
2025-06-12 10:59:00,60.3
2025-06-12 00:33:00,55.8
2025-06-12 16:37:00,32.7
2025-06-12 20:50:00,65.0
2025-06-12 22:15:00,89.2
2025-06-12 15:18:00,49.7
2025-06-12 14:20:00,6.7
2025-06-12 05:18:00,69.0
2025-06-12 17:04:00,19.7
2025-06-12 02:42:00,49.927249175694776
2025-06-12 09:48:00,41.5
2025-06-12 16:40:00,4.2
2025-06-12 04:38:00,44.8
2025-06-12 19:55:00,87.6
2025-06-12 03:46:00,30.0
2025-06-12 13:52:00,94.0
2025-06-12 04:30:00,55.3
2025-06-12 00:18:00,73.1
2025-06-12 05:37:00,31.4
2025-06-12 10:44:00,1.3
2025-06-12 09:53:00,49.927249175694776
2025-06-12 03:48:00,49.927249175694776
2025-06-12 04:04:00,15.4
2025-06-12 12:48:00,3.1
2025-06-12 10:15:00,65.7
2025-06-12 16:11:00,16.3
2025-06-12 13:58:00,2.5
2025-06-12 03:36:00,49.927249175694776
2025-06-12 12:01:00,20.7
2025-06-12 15:50:00,5.7
2025-06-12 17:03:00,22.8
2025-06-12 08:15:00,93.3
2025-06-12 20:23:00,17.2
2025-06-12 19:34:00,40.9
2025-06-12 04:29:00,70.3
2025-06-12 07:51:00,2.8
2025-06-12 22:24:00,12.8
2025-06-12 12:45:00,24.0
2025-06-12 20:23:00,19.7
2025-06-12 18:21:00,9.0
2025-06-12 01:50:00,33.6
2025-06-12 21:10:00,39.9
2025-06-12 17:23:00,77.1
2025-06-12 22:22:00,49.927249175694776
2025-06-12 08:32:00,54.9
2025-06-12 17:12:00,87.3
2025-06-12 14:14:00,30.9
2025-06-12 09:14:00,33.8
2025-06-12 21:45:00,14.8
2025-06-12 08:18:00,52.5
2025-06-12 10:53:00,64.4
2025-06-12 12:01:00,49.72265128325876
2025-06-12 21:06:00,49.72265128325876
2025-06-12 22:32:00,84.0
2025-06-12 15:10:00,0.3
2025-06-12 14:41:00,63.2
2025-06-12 20:34:00,94.3
2025-06-12 10:18:00,62.4
2025-06-12 14:27:00,87.7
2025-06-12 10:52:00,25.6
2025-06-12 20:47:00,9.9
2025-06-12 19:24:00,71.4
2025-06-12 17:37:00,39.5
2025-06-12 17:32:00,49.72265128325876
2025-06-12 17:33:00,98.7
2025-06-12 07:47:00,60.3
2025-06-12 01:32:00,6.8
2025-06-12 18:21:00,2.3
2025-06-12 09:39:00,46.7
2025-06-12 05:06:00,80.3
2025-06-12 12:32:00,49.72265128325876
2025-06-12 09:52:00,13.7
2025-06-12 02:44:00,84.1
2025-06-12 00:21:00,64.1
2025-06-12 00:16:00,49.72265128325876
2025-06-12 06:28:00,49.2
2025-06-12 18:17:00,67.6
2025-06-12 08:16:00,38.4
2025-06-12 00:28:00,57.5
2025-06-12 16:49:00,44.6
2025-06-12 18:46:00,94.2
2025-06-12 22:36:00,49.72265128325876
2025-06-12 12:33:00,76.4
2025-06-12 20:55:00,51.6
2025-06-12 23:18:00,90.6
2025-06-12 15:23:00,74.5
2025-06-12 06:41:00,3.5
2025-06-12 18:39:00,72.3
2025-06-12 22:33:00,49.72265128325876
2025-06-12 14:13:00,0.1
2025-06-12 15:37:00,49.72265128325876
2025-06-12 06:05:00,89.5
2025-06-12 01:22:00,58.7
2025-06-12 02:09:00,85.1
2025-06-12 07:55:00,74.8
2025-06-12 07:45:00,92.4
2025-06-12 03:06:00,0.9
2025-06-12 16:31:00,97.3
2025-06-12 13:08:00,86.3
2025-06-12 10:48:00,80.7
2025-06-12 18:38:00,13.3
2025-06-12 00:27:00,49.72265128325876
2025-06-12 20:36:00,39.7
2025-06-12 17:02:00,45.6
2025-06-12 15:47:00,21.4
2025-06-12 23:50:00,69.5
2025-06-12 11:51:00,6.0
2025-06-12 11:04:00,30.0
2025-06-12 02:13:00,69.0
2025-06-12 05:14:00,40.2
2025-06-12 09:39:00,88.0
2025-06-12 05:04:00,73.6
2025-06-12 17:32:00,8.2
2025-06-12 10:34:00,90.8
2025-06-12 22:12:00,39.9
2025-06-12 15:57:00,49.72265128325876
2025-06-12 14:55:00,82.5
2025-06-12 16:22:00,20.7
2025-06-12 22:48:00,29.8
2025-06-12 05:04:00,79.0
2025-06-12 21:31:00,49.72265128325876
2025-06-12 04:04:00,31.6
2025-06-12 01:44:00,0.6
2025-06-12 09:19:00,10.0
2025-06-12 07:53:00,0.3
2025-06-12 09:02:00,62.5
2025-06-12 22:52:00,17.0
2025-06-12 05:34:00,50.2
2025-06-12 03:23:00,4.7
2025-06-12 11:02:00,77.3
2025-06-12 20:56:00,49.72265128325876
2025-06-12 04:23:00,49.72265128325876
2025-06-12 18:39:00,26.0
2025-06-12 04:10:00,11.4
2025-06-12 04:11:00,85.6
2025-06-12 09:43:00,62.8
2025-06-12 08:44:00,49.72265128325876
2025-06-12 01:51:00,49.72265128325876
2025-06-12 00:45:00,16.7
2025-06-12 01:35:00,15.7
2025-06-12 03:37:00,90.7
2025-06-12 18:58:00,30.7
2025-06-12 11:55:00,28.9
2025-06-12 02:04:00,49.72265128325876
2025-06-12 07:47:00,80.4
2025-06-12 12:17:00,79.1
2025-06-12 20:16:00,14.7
2025-06-12 10:38:00,45.4
2025-06-12 00:10:00,70.7
2025-06-12 14:49:00,86.5
2025-06-12 05:19:00,65.9
2025-06-12 17:00:00,49.0
2025-06-12 19:09:00,71.0
2025-06-12 15:57:00,49.72265128325876
2025-06-12 13:39:00,62.8
2025-06-12 22:05:00,31.7
2025-06-12 17:30:00,49.72265128325876
2025-06-12 02:22:00,74.5
2025-06-12 01:05:00,85.1
2025-06-12 05:14:00,49.72265128325876
2025-06-12 15:03:00,73.8
2025-06-12 12:58:00,49.72265128325876
2025-06-12 21:02:00,60.0
2025-06-12 07:53:00,49.72265128325876
2025-06-12 14:25:00,0.6
2025-06-12 13:00:00,63.3
2025-06-12 17:17:00,67.9
2025-06-12 01:03:00,42.4
2025-06-12 04:13:00,49.72265128325876
2025-06-12 21:32:00,50.0
2025-06-12 00:27:00,99.8
2025-06-12 06:24:00,43.0
2025-06-12 08:53:00,27.5
2025-06-12 10:33:00,52.5
2025-06-12 12:38:00,35.2
2025-06-12 02:51:00,22.7
2025-06-12 03:31:00,62.7
2025-06-12 17:58:00,46.9
2025-06-12 15:59:00,29.5
2025-06-12 09:15:00,94.6
2025-06-12 06:31:00,76.3
2025-06-12 11:29:00,71.5
2025-06-12 20:25:00,49.72265128325876
2025-06-12 19:49:00,1.6
2025-06-12 00:06:00,0.1
2025-06-12 15:19:00,93.4
2025-06-12 18:10:00,30.9
2025-06-12 14:42:00,57.1
2025-06-12 17:52:00,69.7
2025-06-12 11:43:00,37.1
2025-06-12 13:40:00,16.8
2025-06-12 08:57:00,49.72265128325876
2025-06-12 19:38:00,32.1
2025-06-12 21:43:00,41.3
2025-06-12 13:31:00,53.3
2025-06-12 05:16:00,68.1
2025-06-12 00:30:00,59.7
2025-06-12 03:18:00,48.2
2025-06-12 13:09:00,76.6
2025-06-12 11:14:00,71.6
2025-06-12 05:15:00,0.9
2025-06-12 23:57:00,38.8
2025-06-12 09:25:00,24.0
2025-06-12 03:08:00,36.6
2025-06-12 00:23:00,63.1
2025-06-12 19:53:00,81.2
2025-06-12 04:02:00,76.3
2025-06-12 17:52:00,4.6
2025-06-12 02:31:00,47.1
2025-06-12 06:04:00,73.2
2025-06-12 00:27:00,75.7
2025-06-12 00:38:00,95.4
2025-06-12 10:59:00,85.7
2025-06-12 10:22:00,77.9
2025-06-12 00:55:00,62.9
2025-06-12 12:17:00,7.9
2025-06-12 06:51:00,99.3
2025-06-12 14:05:00,39.0
2025-06-12 23:20:00,0.7
2025-06-12 05:36:00,5.1
2025-06-12 02:30:00,12.9
2025-06-12 02:13:00,67.1
2025-06-12 21:53:00,12.1
2025-06-12 23:27:00,85.1
2025-06-12 08:49:00,30.8
2025-06-12 09:41:00,99.5
2025-06-12 16:04:00,22.0
2025-06-12 14:52:00,14.3
2025-06-12 11:18:00,49.1
2025-06-12 05:00:00,61.8
2025-06-12 05:52:00,92.3
2025-06-12 05:44:00,84.6
2025-06-12 10:19:00,89.1
2025-06-12 10:56:00,1.1
2025-06-12 03:11:00,58.6
2025-06-12 01:54:00,48.0
2025-06-12 13:09:00,46.6
2025-06-12 13:52:00,73.4
2025-06-12 20:03:00,1.1
2025-06-12 16:16:00,49.72265128325876
2025-06-12 10:43:00,10.2
2025-06-12 11:00:00,60.9
2025-06-12 17:33:00,46.3
2025-06-12 00:32:00,95.9
2025-06-12 14:51:00,56.6
2025-06-12 19:15:00,62.4
2025-06-12 22:11:00,8.1
2025-06-12 17:43:00,66.4
2025-06-12 20:43:00,0.8
2025-06-12 05:27:00,37.1
2025-06-12 18:36:00,25.3
2025-06-12 04:32:00,0.4
2025-06-12 19:06:00,70.5
2025-06-12 17:10:00,43.3
2025-06-12 14:02:00,54.1
2025-06-12 20:14:00,77.0
2025-06-12 13:39:00,29.3
2025-06-12 11:16:00,49.72265128325876
2025-06-12 13:08:00,44.1
2025-06-12 15:12:00,47.8
2025-06-12 11:27:00,34.8
2025-06-12 01:41:00,47.7
2025-06-12 23:12:00,20.6
2025-06-12 13:10:00,30.3
2025-06-12 15:40:00,13.2
2025-06-12 13:53:00,85.2
2025-06-12 13:25:00,49.72265128325876
2025-06-12 22:57:00,90.3
2025-06-12 19:35:00,18.7
2025-06-12 01:44:00,83.7
2025-06-12 01:38:00,25.8
2025-06-12 04:20:00,88.0
2025-06-12 13:53:00,99.5
2025-06-12 03:30:00,69.6
2025-06-12 06:45:00,61.6
2025-06-12 13:59:00,89.2
2025-06-12 05:50:00,16.9
2025-06-12 08:17:00,27.6
2025-06-12 20:47:00,36.1
2025-06-12 11:51:00,87.5
2025-06-12 12:30:00,58.0
2025-06-12 12:07:00,6.3
2025-06-12 17:24:00,49.72265128325876
2025-06-12 22:12:00,59.9
2025-06-12 23:57:00,9.2
2025-06-12 08:13:00,49.72265128325876
2025-06-12 18:31:00,27.7
2025-06-12 12:08:00,36.6
2025-06-12 07:05:00,65.3
2025-06-12 16:32:00,68.8
2025-06-12 06:18:00,91.0
2025-06-12 12:27:00,62.4
2025-06-12 00:18:00,63.2
2025-06-12 22:18:00,32.1
2025-06-12 19:35:00,80.3
2025-06-12 20:24:00,66.4
2025-06-12 17:55:00,83.1
2025-06-12 19:00:00,3.2
2025-06-12 21:13:00,89.2
2025-06-12 01:04:00,31.6
2025-06-12 05:22:00,21.0
2025-06-12 10:33:00,56.8
2025-06-12 06:46:00,53.8
2025-06-12 19:11:00,72.3
2025-06-12 12:26:00,9.5
2025-06-12 04:19:00,96.7
2025-06-12 20:06:00,63.0
2025-06-12 06:40:00,49.72265128325876
2025-06-12 05:00:00,70.3
2025-06-12 04:56:00,33.7
2025-06-12 20:50:00,58.0
2025-06-12 16:07:00,15.0
2025-06-12 23:55:00,56.0
2025-06-12 02:43:00,50.9
2025-06-12 12:10:00,49.72265128325876
2025-06-12 21:29:00,25.4
2025-06-12 23:10:00,14.5
2025-06-12 12:04:00,81.0
2025-06-12 10:07:00,25.5
2025-06-12 08:26:00,49.72265128325876
2025-06-12 19:26:00,67.1
2025-06-12 18:35:00,49.72265128325876
2025-06-12 07:32:00,48.5
2025-06-12 18:34:00,10.3
2025-06-12 23:48:00,49.72265128325876
2025-06-12 07:19:00,90.4
2025-06-12 09:03:00,70.9
2025-06-12 23:28:00,95.4
2025-06-12 15:47:00,76.7
2025-06-12 05:02:00,2.2
2025-06-12 00:34:00,7.5
2025-06-12 23:29:00,57.7
2025-06-12 19:42:00,50.6
2025-06-12 12:38:00,67.0
2025-06-12 08:51:00,53.1
2025-06-12 12:39:00,10.3
2025-06-12 03:45:00,65.6
2025-06-12 00:45:00,30.3
2025-06-12 01:23:00,72.5
2025-06-12 04:42:00,47.1
2025-06-12 00:42:00,51.3
2025-06-12 09:17:00,4.3
2025-06-12 16:18:00,49.72265128325876
2025-06-12 05:34:00,98.9
2025-06-12 11:21:00,49.72265128325876
2025-06-12 03:57:00,96.7
2025-06-12 09:06:00,76.9
2025-06-12 18:50:00,91.9
2025-06-12 01:55:00,80.5
2025-06-12 03:06:00,84.1
2025-06-12 19:14:00,68.6
2025-06-12 11:25:00,49.2
2025-06-12 03:53:00,24.5
2025-06-12 03:52:00,49.72265128325876
2025-06-12 20:55:00,4.4
2025-06-12 09:42:00,88.3
2025-06-12 14:25:00,49.72265128325876
2025-06-12 10:45:00,38.0
2025-06-12 13:00:00,61.1
2025-06-12 06:50:00,37.9
2025-06-12 10:09:00,78.8
2025-06-12 20:50:00,67.0
2025-06-12 16:29:00,47.8
2025-06-12 23:00:00,49.72265128325876
2025-06-12 15:25:00,49.72265128325876
2025-06-12 09:26:00,96.2
2025-06-12 22:30:00,65.7
2025-06-12 03:26:00,49.72265128325876
2025-06-12 06:46:00,70.2
2025-06-12 03:09:00,14.4
2025-06-12 19:00:00,85.6
2025-06-12 12:18:00,49.72265128325876
2025-06-12 16:16:00,7.4
2025-06-12 00:02:00,70.8
2025-06-12 09:49:00,51.3
2025-06-12 13:54:00,90.7
2025-06-12 18:40:00,26.7
2025-06-12 14:25:00,61.4
2025-06-12 02:37:00,7.5
2025-06-12 07:12:00,75.3
2025-06-12 16:08:00,21.6
2025-06-12 20:02:00,49.72265128325876
2025-06-12 23:02:00,33.2
2025-06-12 00:42:00,83.2
2025-06-12 16:58:00,62.0
2025-06-12 20:09:00,98.8
2025-06-12 15:30:00,27.2
2025-06-12 06:09:00,49.72265128325876
2025-06-12 09:20:00,59.0
2025-06-12 18:13:00,17.8
2025-06-12 18:22:00,22.6
2025-06-12 03:43:00,55.5
2025-06-12 03:23:00,96.3
2025-06-12 01:02:00,37.1
2025-06-12 15:05:00,50.25777465777466
2025-06-12 04:40:00,50.25777465777466
2025-06-12 08:07:00,39.7
2025-06-12 00:40:00,4.0
2025-06-12 23:17:00,57.3
2025-06-12 04:07:00,67.2
2025-06-12 12:47:00,80.5
2025-06-12 04:46:00,50.25777465777466
2025-06-12 14:12:00,50.25777465777466
2025-06-12 08:31:00,58.6
2025-06-12 04:12:00,27.8
2025-06-12 05:03:00,10.4
2025-06-12 10:39:00,33.6
2025-06-12 18:13:00,50.25777465777466
2025-06-12 03:13:00,83.6
2025-06-12 19:45:00,45.3
2025-06-12 20:07:00,97.1
2025-06-12 17:42:00,97.8
2025-06-12 17:35:00,77.1
2025-06-12 10:56:00,40.4
2025-06-12 05:37:00,16.5
2025-06-12 14:06:00,3.4
2025-06-12 10:17:00,44.9
2025-06-12 15:04:00,89.3
2025-06-12 23:26:00,51.5
2025-06-12 13:35:00,45.6
2025-06-12 18:51:00,10.3
2025-06-12 19:33:00,53.7
2025-06-12 17:41:00,64.0
2025-06-12 06:35:00,50.25777465777466
2025-06-12 09:38:00,77.3
2025-06-12 13:05:00,37.4
2025-06-12 05:42:00,75.7
2025-06-12 06:09:00,56.1
2025-06-12 14:52:00,90.3
2025-06-12 18:57:00,48.4
2025-06-12 13:21:00,82.8
2025-06-12 23:54:00,73.0
2025-06-12 22:31:00,92.9
2025-06-12 12:44:00,50.25777465777466
2025-06-12 12:33:00,44.8
2025-06-12 20:11:00,13.9
2025-06-12 17:09:00,36.6
2025-06-12 06:12:00,33.9
2025-06-12 08:42:00,50.25777465777466
2025-06-12 05:50:00,64.3
2025-06-12 08:01:00,93.1
2025-06-12 22:26:00,46.7
2025-06-12 02:37:00,54.9
2025-06-12 01:24:00,10.4
2025-06-12 08:15:00,41.6
2025-06-12 18:32:00,50.25777465777466
2025-06-12 17:30:00,29.7
2025-06-12 00:48:00,98.9
2025-06-12 14:40:00,60.6
2025-06-12 07:19:00,66.5
2025-06-12 21:39:00,89.4
2025-06-12 21:20:00,20.4
2025-06-12 09:15:00,50.25777465777466
2025-06-12 08:10:00,50.25777465777466
2025-06-12 22:04:00,18.7
2025-06-12 20:43:00,50.25777465777466
2025-06-12 12:03:00,16.9
2025-06-12 02:37:00,79.0
2025-06-12 23:03:00,50.25777465777466
2025-06-12 01:31:00,0.7
2025-06-12 15:01:00,30.3
2025-06-12 16:36:00,38.3
2025-06-12 11:14:00,39.7
2025-06-12 13:01:00,44.7
2025-06-12 08:33:00,35.6
2025-06-12 05:52:00,38.0
2025-06-12 00:19:00,50.25777465777466
2025-06-12 02:47:00,77.2
2025-06-12 18:43:00,39.1
2025-06-12 23:48:00,9.1
2025-06-12 12:52:00,44.3
2025-06-12 11:01:00,39.6
2025-06-12 07:11:00,80.6
2025-06-12 18:16:00,50.25777465777466
2025-06-12 18:52:00,50.25777465777466
2025-06-12 01:18:00,9.6
2025-06-12 10:55:00,31.2
2025-06-12 04:04:00,9.8
2025-06-12 13:18:00,50.25777465777466
2025-06-12 06:36:00,15.6
2025-06-12 15:52:00,3.4
2025-06-12 21:19:00,11.5
2025-06-12 20:48:00,45.1
2025-06-12 12:41:00,71.9
2025-06-12 21:42:00,49.3
2025-06-12 05:37:00,71.2
2025-06-12 15:26:00,93.1
2025-06-12 07:45:00,18.5
2025-06-12 15:09:00,19.9
2025-06-12 18:44:00,19.8
2025-06-12 12:21:00,1.4
2025-06-12 00:15:00,89.0
2025-06-12 12:52:00,81.3
2025-06-12 12:56:00,50.7
2025-06-12 22:48:00,68.6
2025-06-12 06:50:00,12.2
2025-06-12 11:45:00,51.8
2025-06-12 12:14:00,44.5
2025-06-12 22:32:00,38.5
2025-06-12 15:35:00,29.5
2025-06-12 08:40:00,1.8
2025-06-12 18:17:00,50.25777465777466
2025-06-12 10:39:00,88.3
2025-06-12 02:31:00,2.1
2025-06-12 18:49:00,19.3
2025-06-12 08:08:00,73.5
2025-06-12 16:39:00,79.3
2025-06-12 09:27:00,62.0
2025-06-12 19:56:00,17.3
2025-06-12 08:13:00,50.25777465777466
2025-06-12 10:33:00,41.8
2025-06-12 17:26:00,23.6
2025-06-12 08:37:00,37.4
2025-06-12 06:21:00,79.6
2025-06-12 09:47:00,97.3
2025-06-12 19:57:00,50.25777465777466
2025-06-12 01:11:00,26.2
2025-06-12 07:45:00,20.6
2025-06-12 22:03:00,95.1
2025-06-12 04:16:00,98.6
2025-06-12 06:25:00,3.4
2025-06-12 18:53:00,91.1
2025-06-12 21:35:00,28.3
2025-06-12 04:10:00,15.3
2025-06-12 21:53:00,75.7
2025-06-12 15:15:00,1.1
2025-06-12 11:13:00,59.5
2025-06-12 04:14:00,3.2
2025-06-12 10:56:00,50.25777465777466
2025-06-12 06:06:00,3.5
2025-06-12 11:06:00,52.8
2025-06-12 06:41:00,69.2
2025-06-12 21:10:00,58.3
2025-06-12 03:24:00,70.7
2025-06-12 16:41:00,0.7
2025-06-12 18:37:00,4.4
2025-06-12 07:24:00,20.1
2025-06-12 18:36:00,29.0
2025-06-12 17:37:00,0.1
2025-06-12 15:14:00,86.8
2025-06-12 12:19:00,10.8
2025-06-12 18:15:00,50.25777465777466
2025-06-12 04:20:00,97.2
2025-06-12 01:47:00,14.8
2025-06-12 15:37:00,84.5
2025-06-12 12:30:00,44.4
2025-06-12 06:37:00,37.2
2025-06-12 17:11:00,29.5
2025-06-12 02:50:00,48.1
2025-06-12 07:14:00,60.7
2025-06-12 16:58:00,50.25777465777466
2025-06-12 11:17:00,53.2
2025-06-12 03:37:00,50.25777465777466
2025-06-12 23:08:00,35.9
2025-06-12 04:48:00,41.5
2025-06-12 09:37:00,72.4
2025-06-12 10:42:00,15.3
2025-06-12 15:13:00,60.7
2025-06-12 06:42:00,28.5
2025-06-12 02:48:00,74.3
2025-06-12 04:27:00,18.1
2025-06-12 06:57:00,41.4
2025-06-12 04:28:00,9.2
2025-06-12 10:52:00,42.7
2025-06-12 01:17:00,47.5
2025-06-12 07:02:00,23.4
2025-06-12 22:53:00,16.3
2025-06-12 06:02:00,42.3
2025-06-12 18:09:00,46.7
2025-06-12 21:00:00,92.8
2025-06-12 08:44:00,74.0
2025-06-12 09:27:00,50.25777465777466
2025-06-12 16:53:00,86.7
2025-06-12 19:44:00,68.5
2025-06-12 05:24:00,86.2
2025-06-12 04:33:00,73.5
2025-06-12 19:48:00,50.3
2025-06-12 16:48:00,82.1
2025-06-12 16:23:00,30.2
2025-06-12 00:56:00,50.25777465777466
2025-06-12 06:18:00,38.4
2025-06-12 07:04:00,43.5
2025-06-12 22:31:00,62.8
2025-06-12 08:14:00,1.0
2025-06-12 01:28:00,77.8
2025-06-12 14:00:00,82.4
2025-06-12 02:08:00,80.3
2025-06-12 08:36:00,25.6
2025-06-12 01:20:00,0.5
2025-06-12 06:55:00,51.4
2025-06-12 12:35:00,27.6
2025-06-12 10:56:00,50.25777465777466
2025-06-12 05:23:00,48.5
2025-06-12 23:17:00,51.1
2025-06-12 12:48:00,66.1
2025-06-12 04:40:00,46.2
2025-06-12 01:09:00,50.25777465777466
2025-06-12 09:06:00,84.7
2025-06-12 17:44:00,50.25777465777466
2025-06-12 14:16:00,73.6
2025-06-12 08:47:00,48.4
2025-06-12 00:29:00,52.4
2025-06-12 20:36:00,10.8
2025-06-12 06:00:00,43.8
2025-06-12 06:40:00,50.25777465777466
2025-06-12 15:00:00,29.7
2025-06-12 18:54:00,10.9
2025-06-12 04:44:00,33.7
2025-06-12 05:04:00,99.0
2025-06-12 07:24:00,31.9
2025-06-12 08:32:00,33.0
2025-06-12 06:32:00,50.25777465777466
2025-06-12 19:02:00,50.25777465777466
2025-06-12 20:25:00,35.8
2025-06-12 15:08:00,24.1
2025-06-12 11:34:00,50.25777465777466
2025-06-12 04:11:00,50.25777465777466
2025-06-12 02:03:00,27.6
2025-06-12 14:49:00,23.5
2025-06-12 19:31:00,35.1
2025-06-12 20:40:00,4.8
2025-06-12 09:21:00,71.0
2025-06-12 20:16:00,99.2
2025-06-12 19:27:00,50.25777465777466
2025-06-12 00:35:00,83.0
2025-06-12 05:30:00,58.7
2025-06-12 19:56:00,6.6
2025-06-12 21:07:00,50.25777465777466
2025-06-12 10:30:00,62.5
2025-06-12 15:55:00,58.4
2025-06-12 23:19:00,53.1
2025-06-12 17:31:00,50.25777465777466
2025-06-12 19:28:00,2.8
2025-06-12 10:40:00,21.1
2025-06-12 20:09:00,50.25777465777466
2025-06-12 02:59:00,45.8
2025-06-12 19:36:00,72.1
2025-06-12 16:02:00,50.25777465777466
2025-06-12 09:28:00,34.9
2025-06-12 19:06:00,72.4
2025-06-12 23:05:00,39.3
2025-06-12 13:40:00,3.2
2025-06-12 18:50:00,75.6
2025-06-12 21:52:00,77.7
2025-06-12 07:11:00,35.9
2025-06-12 12:25:00,50.25777465777466
2025-06-12 00:48:00,33.4
2025-06-12 23:00:00,6.6
2025-06-12 06:33:00,83.7
2025-06-12 05:56:00,21.0
2025-06-12 18:11:00,43.3
2025-06-12 06:38:00,50.25777465777466
2025-06-12 15:46:00,11.3
2025-06-12 22:22:00,50.25777465777466
2025-06-12 09:45:00,6.2
2025-06-12 13:32:00,32.0
2025-06-12 04:36:00,62.2
2025-06-12 23:16:00,70.4
2025-06-12 06:08:00,50.25777465777466
2025-06-12 06:29:00,81.7
2025-06-12 17:57:00,93.1
2025-06-12 05:17:00,34.6
2025-06-12 22:19:00,50.25777465777466
2025-06-12 08:20:00,50.25777465777466
2025-06-12 19:32:00,62.3
2025-06-12 09:29:00,49.7
2025-06-12 23:23:00,2.1
2025-06-12 14:08:00,22.7
2025-06-12 11:42:00,92.9
2025-06-12 23:01:00,24.6
2025-06-12 00:43:00,49.4
2025-06-12 01:56:00,79.8
2025-06-12 00:19:00,74.8
2025-06-12 04:11:00,99.4
2025-06-12 09:07:00,98.0
2025-06-12 09:11:00,62.2
2025-06-12 18:03:00,16.1
2025-06-12 21:26:00,70.2
2025-06-12 19:32:00,70.4
2025-06-12 20:46:00,28.3
2025-06-12 02:25:00,69.8
2025-06-12 07:54:00,25.3
2025-06-12 19:13:00,34.8
2025-06-12 02:27:00,2.3
2025-06-12 01:18:00,44.5
2025-06-12 07:59:00,96.2
2025-06-12 03:41:00,72.6
2025-06-12 17:36:00,74.5
2025-06-12 04:35:00,23.9
2025-06-12 14:46:00,40.9
2025-06-12 10:56:00,80.6
2025-06-12 08:11:00,28.2
2025-06-12 15:06:00,69.4
2025-06-12 05:25:00,50.25777465777466
2025-06-12 21:05:00,29.3
2025-06-12 17:22:00,50.25777465777466
2025-06-12 05:55:00,67.4
2025-06-12 05:25:00,50.25777465777466
2025-06-12 12:08:00,71.9
2025-06-12 20:19:00,15.0
2025-06-12 23:28:00,76.3
2025-06-12 08:29:00,83.8
2025-06-12 01:19:00,58.0
2025-06-12 03:10:00,28.2
2025-06-12 01:21:00,50.25777465777466
2025-06-12 03:28:00,20.3
2025-06-12 10:35:00,36.3
2025-06-12 13:45:00,80.2
2025-06-12 10:11:00,65.5
2025-06-12 01:43:00,84.5
2025-06-12 10:38:00,9.0
2025-06-12 21:19:00,64.2
2025-06-12 04:03:00,8.2
2025-06-12 16:54:00,86.3
2025-06-12 01:36:00,34.7
2025-06-12 15:22:00,50.5
2025-06-12 03:59:00,59.3
2025-06-12 02:37:00,45.4
2025-06-12 11:26:00,77.6
2025-06-12 16:55:00,55.7
2025-06-12 04:23:00,78.1
2025-06-12 04:27:00,50.25777465777466
2025-06-12 11:13:00,50.25777465777466
2025-06-12 16:04:00,68.1
2025-06-12 21:56:00,7.1
2025-06-12 03:21:00,72.5
2025-06-12 05:45:00,50.25777465777466
2025-06-12 19:15:00,52.1
2025-06-12 03:34:00,50.25777465777466
2025-06-12 22:25:00,5.9
2025-06-12 04:33:00,57.3
2025-06-12 01:57:00,35.9
2025-06-12 12:55:00,31.3
2025-06-12 15:03:00,74.5
2025-06-12 12:45:00,50.25777465777466
2025-06-12 07:20:00,69.7
2025-06-12 16:33:00,49.9464552238806
2025-06-12 11:17:00,73.9
2025-06-12 01:59:00,49.5
2025-06-12 23:17:00,34.4
2025-06-12 12:16:00,50.9
2025-06-12 13:14:00,75.1
2025-06-12 08:00:00,49.9464552238806
2025-06-12 02:24:00,25.0
2025-06-12 09:38:00,87.7
2025-06-12 07:22:00,30.6
2025-06-12 14:11:00,49.9464552238806
2025-06-12 01:31:00,54.7
2025-06-12 06:45:00,49.9464552238806
2025-06-12 17:12:00,14.9
2025-06-12 12:04:00,27.6
2025-06-12 16:35:00,14.2
2025-06-12 15:44:00,63.5
2025-06-12 15:18:00,57.6
2025-06-12 10:07:00,96.3
2025-06-12 23:10:00,49.9464552238806
2025-06-12 03:13:00,18.4
2025-06-12 06:20:00,63.9
2025-06-12 07:58:00,55.6
2025-06-12 12:21:00,28.5
2025-06-12 21:51:00,49.9464552238806
2025-06-12 07:04:00,20.2
2025-06-12 22:28:00,49.9464552238806
2025-06-12 06:13:00,66.3
2025-06-12 00:44:00,49.9464552238806
2025-06-12 17:43:00,5.6
2025-06-12 13:53:00,78.1
2025-06-12 19:14:00,92.1
2025-06-12 06:31:00,49.9464552238806
2025-06-12 15:15:00,10.7
2025-06-12 07:34:00,25.6
2025-06-12 17:23:00,60.6
2025-06-12 02:38:00,11.1
2025-06-12 07:50:00,9.0
2025-06-12 09:25:00,37.8
2025-06-12 00:35:00,63.2
2025-06-12 00:03:00,47.6
2025-06-12 13:38:00,11.2
2025-06-12 23:28:00,79.7
2025-06-12 09:06:00,38.3
2025-06-12 08:37:00,33.7
2025-06-12 01:56:00,25.9
2025-06-12 16:55:00,49.9464552238806
2025-06-12 04:12:00,82.7
2025-06-12 09:07:00,62.1
2025-06-12 10:48:00,8.9
2025-06-12 13:34:00,62.1
2025-06-12 16:52:00,29.3
2025-06-12 06:54:00,62.0
2025-06-12 05:37:00,45.3
2025-06-12 13:45:00,24.3
2025-06-12 16:55:00,49.9464552238806
2025-06-12 17:25:00,11.1
2025-06-12 07:55:00,38.3
2025-06-12 22:58:00,49.2
2025-06-12 08:53:00,7.0
2025-06-12 15:40:00,72.5
2025-06-12 16:01:00,81.5
2025-06-12 00:37:00,56.2
2025-06-12 04:58:00,53.1
2025-06-12 04:26:00,57.1
2025-06-12 10:53:00,23.4
2025-06-12 19:22:00,49.9464552238806
2025-06-12 10:55:00,23.8
2025-06-12 09:09:00,100.0
2025-06-12 09:35:00,73.0
2025-06-12 22:44:00,11.7
2025-06-12 10:52:00,24.2
2025-06-12 01:44:00,82.0
2025-06-12 23:07:00,68.4
2025-06-12 11:24:00,92.4
2025-06-12 19:37:00,49.9464552238806
2025-06-12 20:41:00,33.2
2025-06-12 22:34:00,26.5
2025-06-12 09:52:00,58.2
2025-06-12 10:02:00,10.6
2025-06-12 04:54:00,73.5
2025-06-12 10:01:00,73.3
2025-06-12 16:32:00,91.1
2025-06-12 23:45:00,19.0
2025-06-12 00:48:00,49.9464552238806
2025-06-12 15:10:00,1.9
2025-06-12 22:48:00,49.9464552238806
2025-06-12 11:32:00,49.9464552238806
2025-06-12 15:17:00,19.9
2025-06-12 16:40:00,80.6
2025-06-12 16:27:00,27.6
2025-06-12 04:54:00,49.9464552238806
2025-06-12 10:10:00,3.6
2025-06-12 19:59:00,17.4
2025-06-12 04:34:00,89.6
2025-06-12 08:49:00,40.8
2025-06-12 15:28:00,48.8
2025-06-12 15:07:00,36.8
2025-06-12 03:00:00,36.1
2025-06-12 02:23:00,20.0
2025-06-12 12:30:00,5.1
2025-06-12 22:00:00,64.4
2025-06-12 05:11:00,19.2
2025-06-12 12:46:00,84.6
2025-06-12 12:01:00,61.2
2025-06-12 23:39:00,38.5
2025-06-12 23:37:00,49.9464552238806
2025-06-12 18:46:00,49.9464552238806
2025-06-12 17:47:00,49.9464552238806
2025-06-12 01:39:00,30.4
2025-06-12 06:51:00,49.9464552238806
2025-06-12 06:09:00,12.6
2025-06-12 05:27:00,92.5
2025-06-12 16:38:00,95.6
2025-06-12 07:54:00,61.9
2025-06-12 10:27:00,2.2
2025-06-12 18:34:00,70.3
2025-06-12 13:17:00,6.6
2025-06-12 06:03:00,17.2
2025-06-12 07:41:00,64.2
2025-06-12 07:42:00,44.5
2025-06-12 00:08:00,85.2
2025-06-12 08:29:00,100.0
2025-06-12 10:07:00,49.9464552238806
2025-06-12 23:54:00,66.3
2025-06-12 19:14:00,49.9464552238806
2025-06-12 06:01:00,37.1
2025-06-12 09:54:00,51.6
2025-06-12 06:58:00,91.7
2025-06-12 00:18:00,49.9464552238806
2025-06-12 16:38:00,76.5
2025-06-12 17:22:00,93.6
2025-06-12 13:11:00,17.4
2025-06-12 09:30:00,49.9464552238806
2025-06-12 04:56:00,82.1
2025-06-12 14:20:00,46.2
2025-06-12 12:26:00,49.9464552238806
2025-06-12 07:02:00,37.3
2025-06-12 18:41:00,49.9464552238806
2025-06-12 16:15:00,49.9464552238806
2025-06-12 01:45:00,49.9464552238806
2025-06-12 17:58:00,17.0
2025-06-12 06:33:00,73.3
2025-06-12 13:57:00,33.0
2025-06-12 01:50:00,60.7
2025-06-12 03:30:00,65.7
2025-06-12 02:48:00,49.9464552238806
2025-06-12 03:25:00,22.4
2025-06-12 14:17:00,32.0
2025-06-12 03:25:00,85.6
2025-06-12 01:09:00,74.8
2025-06-12 05:21:00,64.9
2025-06-12 14:37:00,49.9464552238806
2025-06-12 18:54:00,49.9464552238806
2025-06-12 03:30:00,3.7
2025-06-12 18:51:00,74.4
2025-06-12 13:35:00,47.8
2025-06-12 06:29:00,26.3
2025-06-12 19:42:00,90.5
2025-06-12 07:11:00,44.0
2025-06-12 02:09:00,71.0
2025-06-12 06:20:00,56.9
2025-06-12 10:55:00,96.5
2025-06-12 07:22:00,6.2
2025-06-12 00:14:00,12.2
2025-06-12 02:46:00,55.1
2025-06-12 15:53:00,96.3
2025-06-12 17:49:00,8.2
2025-06-12 18:40:00,49.9464552238806
2025-06-12 21:00:00,12.5
2025-06-12 16:20:00,43.6
2025-06-12 13:27:00,27.1
2025-06-12 14:49:00,85.3
2025-06-12 01:07:00,46.2
2025-06-12 23:08:00,68.8
2025-06-12 20:18:00,74.9
2025-06-12 14:42:00,49.9464552238806
2025-06-12 06:33:00,38.2
2025-06-12 09:39:00,75.2
2025-06-12 19:49:00,49.9464552238806
2025-06-12 09:23:00,42.8
2025-06-12 15:10:00,49.9464552238806
2025-06-12 06:21:00,84.3
2025-06-12 08:35:00,46.7
2025-06-12 16:14:00,91.9
2025-06-12 00:14:00,60.6
2025-06-12 01:01:00,15.6
2025-06-12 16:57:00,49.9464552238806
2025-06-12 02:23:00,74.4
2025-06-12 13:22:00,41.6
2025-06-12 06:47:00,54.1
2025-06-12 20:20:00,18.6
2025-06-12 17:11:00,37.2
2025-06-12 01:24:00,1.8
2025-06-12 08:27:00,89.5
2025-06-12 14:52:00,49.9464552238806
2025-06-12 05:43:00,49.9464552238806
2025-06-12 23:51:00,99.6
2025-06-12 16:15:00,45.9
2025-06-12 12:35:00,49.9464552238806
2025-06-12 06:53:00,68.6
2025-06-12 01:53:00,89.2
2025-06-12 06:10:00,52.7
2025-06-12 15:54:00,84.9
2025-06-12 00:56:00,50.7
2025-06-12 11:39:00,23.1
2025-06-12 00:34:00,49.9464552238806
2025-06-12 01:06:00,40.7
2025-06-12 21:33:00,24.0
2025-06-12 22:50:00,36.7
2025-06-12 21:46:00,12.3
2025-06-12 06:45:00,71.5
2025-06-12 04:53:00,98.6
2025-06-12 22:44:00,49.9464552238806
2025-06-12 10:46:00,94.3
2025-06-12 13:18:00,83.2
2025-06-12 17:18:00,55.2
2025-06-12 23:17:00,76.3
2025-06-12 09:49:00,49.9464552238806
2025-06-12 03:21:00,92.8
2025-06-12 21:03:00,55.4
2025-06-12 19:17:00,76.7
2025-06-12 11:13:00,33.4
2025-06-12 07:37:00,96.3
2025-06-12 17:26:00,49.9464552238806
2025-06-12 23:02:00,12.0
2025-06-12 05:33:00,65.4
2025-06-12 12:36:00,74.8
2025-06-12 22:20:00,21.2
2025-06-12 03:38:00,43.3
2025-06-12 10:21:00,0.2
2025-06-12 22:46:00,49.9464552238806
2025-06-12 06:33:00,14.1
2025-06-12 16:44:00,37.8
2025-06-12 15:54:00,59.0
2025-06-12 14:16:00,50.9
2025-06-12 20:09:00,82.1
2025-06-12 13:35:00,34.1
2025-06-12 20:19:00,49.9464552238806
2025-06-12 14:48:00,68.2
2025-06-12 09:34:00,39.6
2025-06-12 05:15:00,34.9
2025-06-12 13:01:00,64.8
2025-06-12 22:21:00,51.3
2025-06-12 17:57:00,0.9
2025-06-12 09:52:00,67.2
2025-06-12 10:52:00,71.9
2025-06-12 16:51:00,54.8
2025-06-12 21:47:00,56.0
2025-06-12 06:19:00,49.9464552238806
2025-06-12 09:44:00,76.8
2025-06-12 19:11:00,16.4
2025-06-12 10:39:00,11.3
2025-06-12 05:24:00,45.5
2025-06-12 06:01:00,49.9464552238806
2025-06-12 13:43:00,22.2
2025-06-12 03:04:00,89.0
2025-06-12 22:41:00,4.4
2025-06-12 08:46:00,19.2
2025-06-12 05:20:00,2.6
2025-06-12 18:29:00,49.9464552238806
2025-06-12 12:38:00,19.7
2025-06-12 07:17:00,49.9464552238806
2025-06-12 15:12:00,2.1
2025-06-12 07:26:00,72.4
2025-06-12 09:31:00,11.9
2025-06-12 06:23:00,91.3
2025-06-12 15:16:00,70.5
2025-06-12 15:22:00,8.3
2025-06-12 08:41:00,18.1
2025-06-12 00:00:00,94.5
2025-06-12 02:37:00,49.1
2025-06-12 06:17:00,96.1
2025-06-12 03:24:00,13.1
2025-06-12 05:55:00,47.2
2025-06-12 17:29:00,94.8
2025-06-12 13:50:00,6.6
2025-06-12 07:23:00,68.3
2025-06-12 09:42:00,49.9464552238806
2025-06-12 14:26:00,17.7
2025-06-12 09:34:00,7.1
2025-06-12 18:56:00,49.9464552238806
2025-06-12 04:32:00,49.9464552238806
2025-06-12 12:38:00,68.0
2025-06-12 11:05:00,88.1
2025-06-12 19:30:00,2.0
2025-06-12 20:39:00,49.9464552238806
2025-06-12 17:03:00,36.3
2025-06-12 23:02:00,99.3
2025-06-12 15:09:00,34.5
2025-06-12 19:29:00,46.2
2025-06-12 19:14:00,45.2
2025-06-12 16:46:00,35.6
2025-06-12 02:21:00,49.9464552238806
2025-06-12 20:41:00,49.9464552238806
2025-06-12 09:06:00,77.6
2025-06-12 07:17:00,20.9
2025-06-12 22:32:00,49.9464552238806
2025-06-12 05:02:00,11.2
2025-06-12 06:32:00,45.8
2025-06-12 16:31:00,78.2
2025-06-12 14:41:00,45.6
2025-06-12 19:53:00,49.9464552238806
2025-06-12 17:47:00,48.2
2025-06-12 03:22:00,30.5
2025-06-12 06:40:00,19.3
2025-06-12 05:51:00,89.5
2025-06-12 18:25:00,49.9464552238806
2025-06-12 13:36:00,22.1
2025-06-12 01:47:00,67.1
2025-06-12 15:31:00,5.3
2025-06-12 10:44:00,25.7
2025-06-12 03:03:00,30.7
2025-06-12 07:09:00,52.7
2025-06-12 02:51:00,27.4
2025-06-12 17:40:00,8.3
2025-06-12 01:50:00,67.6
2025-06-12 03:43:00,39.3
2025-06-12 02:42:00,68.9
2025-06-12 15:47:00,99.1
2025-06-12 03:38:00,97.0
2025-06-12 21:38:00,57.6
2025-06-12 17:17:00,85.6
2025-06-12 18:44:00,55.3
2025-06-12 00:48:00,66.8
2025-06-12 15:41:00,49.9464552238806
2025-06-12 17:48:00,11.4
2025-06-12 21:46:00,94.7
2025-06-12 15:21:00,49.9464552238806
2025-06-12 17:04:00,78.2
2025-06-12 07:39:00,99.0
2025-06-12 17:17:00,15.6
2025-06-12 02:59:00,1.5
2025-06-12 15:30:00,49.9464552238806
2025-06-12 14:21:00,15.7
2025-06-12 23:11:00,57.4
2025-06-12 16:42:00,98.2
2025-06-12 22:05:00,49.742524640779
2025-06-12 21:26:00,96.1
2025-06-12 11:03:00,64.5
2025-06-12 16:48:00,66.8
2025-06-12 16:47:00,11.5
2025-06-12 03:35:00,49.742524640779
2025-06-12 23:37:00,12.5
2025-06-12 16:50:00,32.2
2025-06-12 11:27:00,21.7
2025-06-12 23:49:00,78.2
2025-06-12 02:53:00,40.1
2025-06-12 01:43:00,61.7
2025-06-12 07:47:00,70.7
2025-06-12 10:10:00,83.4
2025-06-12 03:26:00,10.0
2025-06-12 00:48:00,28.0
2025-06-12 02:12:00,24.4
2025-06-12 13:15:00,21.3
2025-06-12 09:07:00,49.742524640779
2025-06-12 01:09:00,49.742524640779
2025-06-12 13:28:00,68.2
2025-06-12 07:14:00,49.742524640779
2025-06-12 22:57:00,19.2
2025-06-12 14:32:00,70.4
2025-06-12 17:03:00,2.4
2025-06-12 13:44:00,26.9
2025-06-12 20:09:00,66.0
2025-06-12 09:27:00,42.6
2025-06-12 01:43:00,79.1
2025-06-12 00:09:00,13.3
2025-06-12 08:10:00,81.9
2025-06-12 18:05:00,58.2
2025-06-12 18:38:00,14.3
2025-06-12 06:47:00,30.9
2025-06-12 13:57:00,86.2
2025-06-12 06:34:00,99.0
2025-06-12 21:58:00,84.8
2025-06-12 20:06:00,46.5
2025-06-12 00:04:00,35.3
2025-06-12 21:06:00,50.9
2025-06-12 12:55:00,49.2
2025-06-12 10:32:00,42.8
2025-06-12 13:47:00,65.5
2025-06-12 07:29:00,32.3
2025-06-12 18:51:00,50.7
2025-06-12 19:35:00,4.6
2025-06-12 10:11:00,54.0
2025-06-12 07:35:00,49.742524640779
2025-06-12 12:05:00,30.9
2025-06-12 13:21:00,49.742524640779
2025-06-12 05:08:00,12.2
2025-06-12 08:12:00,43.9
2025-06-12 02:00:00,12.2
2025-06-12 17:46:00,49.742524640779
2025-06-12 15:04:00,53.9
2025-06-12 10:21:00,92.8
2025-06-12 21:45:00,56.9
2025-06-12 16:39:00,0.7
2025-06-12 08:42:00,11.1
2025-06-12 11:27:00,11.8
2025-06-12 00:44:00,22.5
2025-06-12 06:51:00,96.2
2025-06-12 16:43:00,33.3
2025-06-12 13:44:00,82.1
2025-06-12 21:57:00,28.9
2025-06-12 08:19:00,49.742524640779
2025-06-12 04:23:00,99.9
2025-06-12 15:17:00,49.742524640779
2025-06-12 02:31:00,1.1
2025-06-12 20:16:00,8.2
2025-06-12 22:15:00,49.742524640779
2025-06-12 22:32:00,46.2
2025-06-12 13:01:00,53.4
2025-06-12 19:59:00,38.9
2025-06-12 09:35:00,74.5
2025-06-12 13:27:00,85.1
2025-06-12 10:29:00,42.4
2025-06-12 23:06:00,46.7
2025-06-12 23:08:00,15.4
2025-06-12 04:51:00,46.6
2025-06-12 22:35:00,49.742524640779
2025-06-12 16:05:00,6.8
2025-06-12 21:01:00,24.4
2025-06-12 01:30:00,50.1
2025-06-12 18:19:00,9.6
2025-06-12 13:01:00,22.3
2025-06-12 03:41:00,67.7
2025-06-12 02:18:00,92.9
2025-06-12 05:32:00,24.0
2025-06-12 10:47:00,70.7
2025-06-12 13:57:00,23.3
2025-06-12 13:57:00,78.0
2025-06-12 10:41:00,28.0
2025-06-12 21:51:00,7.6
2025-06-12 09:09:00,31.9
2025-06-12 13:07:00,49.742524640779
2025-06-12 10:39:00,48.4
2025-06-12 10:53:00,39.0
2025-06-12 18:38:00,73.8
2025-06-12 00:37:00,17.8
2025-06-12 07:27:00,49.742524640779
2025-06-12 17:24:00,61.6
2025-06-12 17:06:00,35.1
2025-06-12 07:11:00,92.2
2025-06-12 19:59:00,1.6
2025-06-12 10:07:00,96.0
2025-06-12 19:44:00,78.4
2025-06-12 04:05:00,90.3
2025-06-12 13:17:00,88.6
2025-06-12 14:55:00,69.9
2025-06-12 17:57:00,17.7
2025-06-12 21:58:00,57.1
2025-06-12 13:47:00,59.3
2025-06-12 23:53:00,42.6
2025-06-12 17:13:00,60.2
2025-06-12 21:38:00,16.8
2025-06-12 09:09:00,31.9
2025-06-12 03:05:00,26.6
2025-06-12 09:46:00,25.0
2025-06-12 13:23:00,40.1
2025-06-12 19:04:00,67.9
2025-06-12 12:53:00,2.8
2025-06-12 17:59:00,71.1
2025-06-12 22:33:00,20.8
2025-06-12 21:03:00,45.7
2025-06-12 02:08:00,49.742524640779
2025-06-12 11:59:00,10.5
2025-06-12 03:22:00,82.6
2025-06-12 19:52:00,38.1
2025-06-12 22:09:00,48.4
2025-06-12 14:03:00,87.8
2025-06-12 21:12:00,88.6
2025-06-12 17:06:00,42.8
2025-06-12 04:23:00,27.0
2025-06-12 11:36:00,2.4
2025-06-12 20:48:00,49.742524640779
2025-06-12 10:00:00,69.4
2025-06-12 16:21:00,66.7
2025-06-12 07:18:00,25.8
2025-06-12 16:37:00,53.0
2025-06-12 09:40:00,32.3
2025-06-12 19:46:00,49.742524640779
2025-06-12 13:18:00,54.2
2025-06-12 06:06:00,39.6
2025-06-12 15:21:00,80.4
2025-06-12 22:54:00,12.7
2025-06-12 05:27:00,7.8
2025-06-12 01:43:00,93.4
2025-06-12 17:25:00,32.4
2025-06-12 03:24:00,46.1
2025-06-12 09:41:00,49.742524640779
2025-06-12 08:55:00,7.1
2025-06-12 15:33:00,5.5
2025-06-12 21:08:00,71.5
2025-06-12 06:07:00,6.4
2025-06-12 02:09:00,34.1
2025-06-12 12:11:00,55.6
2025-06-12 11:54:00,57.7
2025-06-12 17:35:00,48.0
2025-06-12 05:09:00,49.742524640779
2025-06-12 01:46:00,39.8
2025-06-12 18:22:00,95.2
2025-06-12 02:25:00,87.4
2025-06-12 01:30:00,49.742524640779
2025-06-12 03:47:00,68.1
2025-06-12 15:11:00,86.9
2025-06-12 08:39:00,50.8
2025-06-12 19:05:00,38.5
2025-06-12 14:48:00,85.0
2025-06-12 04:18:00,54.2
2025-06-12 04:35:00,20.0
2025-06-12 04:29:00,73.5
2025-06-12 11:42:00,19.0
2025-06-12 06:09:00,0.2
2025-06-12 07:37:00,27.2
2025-06-12 16:10:00,13.0
2025-06-12 09:27:00,57.6
2025-06-12 13:08:00,76.0
2025-06-12 19:20:00,79.2
2025-06-12 08:54:00,82.1
2025-06-12 09:42:00,71.3
2025-06-12 20:29:00,12.3
2025-06-12 18:03:00,85.0
2025-06-12 08:18:00,14.8
2025-06-12 20:22:00,49.5
2025-06-12 05:53:00,31.3
2025-06-12 05:33:00,87.3
2025-06-12 23:33:00,53.0
2025-06-12 07:14:00,82.9
2025-06-12 01:10:00,35.9
2025-06-12 14:21:00,78.9
2025-06-12 13:44:00,17.0
2025-06-12 04:23:00,69.9
2025-06-12 07:14:00,49.742524640779
2025-06-12 19:34:00,39.5
2025-06-12 03:44:00,21.3
2025-06-12 14:36:00,81.3
2025-06-12 12:35:00,57.0
2025-06-12 07:57:00,0.7
2025-06-12 13:46:00,49.742524640779
2025-06-12 13:39:00,52.1
2025-06-12 21:10:00,20.8
2025-06-12 10:23:00,61.7
2025-06-12 06:05:00,22.9
2025-06-12 18:01:00,49.742524640779
2025-06-12 13:04:00,29.1
2025-06-12 11:27:00,20.7
2025-06-12 01:52:00,91.7
2025-06-12 21:43:00,35.6
2025-06-12 07:06:00,46.1
2025-06-12 10:03:00,49.742524640779
2025-06-12 09:44:00,70.5
2025-06-12 06:13:00,98.3
2025-06-12 11:40:00,13.3
2025-06-12 03:21:00,4.1
2025-06-12 20:27:00,69.0
2025-06-12 23:38:00,70.6
2025-06-12 05:56:00,49.742524640779
2025-06-12 17:00:00,99.3
2025-06-12 23:36:00,93.1
2025-06-12 07:08:00,95.6
2025-06-12 22:23:00,49.742524640779
2025-06-12 23:47:00,49.742524640779
2025-06-12 09:38:00,31.0
2025-06-12 06:05:00,13.6
2025-06-12 19:19:00,49.742524640779
2025-06-12 03:53:00,45.5
2025-06-12 05:02:00,61.4
2025-06-12 10:07:00,92.5
2025-06-12 22:18:00,32.1
2025-06-12 11:51:00,36.0
2025-06-12 08:27:00,44.4
2025-06-12 22:21:00,89.5
2025-06-12 03:33:00,89.5
2025-06-12 11:49:00,1.7
2025-06-12 20:51:00,75.3
2025-06-12 05:28:00,3.1
2025-06-12 16:34:00,25.2
2025-06-12 02:46:00,52.8
2025-06-12 23:01:00,49.742524640779
2025-06-12 05:04:00,42.0
2025-06-12 01:34:00,62.3
2025-06-12 14:39:00,69.2
2025-06-12 04:54:00,36.3
2025-06-12 13:38:00,47.4
2025-06-12 01:02:00,49.742524640779
2025-06-12 18:46:00,23.4
2025-06-12 16:35:00,59.1
2025-06-12 21:52:00,40.1
2025-06-12 00:04:00,89.5
2025-06-12 22:37:00,49.742524640779
2025-06-12 19:36:00,1.1
2025-06-12 15:53:00,96.6
2025-06-12 08:46:00,56.4
2025-06-12 09:41:00,47.6
2025-06-12 07:47:00,12.4
2025-06-12 06:45:00,68.2
2025-06-12 00:41:00,53.9
2025-06-12 13:33:00,49.742524640779
2025-06-12 03:53:00,10.9
2025-06-12 04:42:00,49.742524640779
2025-06-12 03:58:00,3.3
2025-06-12 13:18:00,87.2
2025-06-12 19:40:00,1.0
2025-06-12 17:55:00,17.3
2025-06-12 23:25:00,49.742524640779
2025-06-12 08:11:00,57.3
2025-06-12 21:20:00,49.742524640779
2025-06-12 08:19:00,11.7
2025-06-12 17:22:00,92.3
2025-06-12 22:14:00,5.0
2025-06-12 18:00:00,71.6
2025-06-12 15:29:00,29.4
2025-06-12 22:46:00,62.5
2025-06-12 15:35:00,8.8
2025-06-12 06:32:00,56.0
2025-06-12 14:12:00,90.0
2025-06-12 02:44:00,52.8
2025-06-12 16:36:00,37.9
2025-06-12 03:37:00,6.6
2025-06-12 09:47:00,48.0
2025-06-12 12:06:00,85.5
2025-06-12 08:41:00,30.3
2025-06-12 06:09:00,28.0
2025-06-12 19:31:00,26.4
2025-06-12 18:12:00,49.742524640779
2025-06-12 05:43:00,49.742524640779
2025-06-12 11:27:00,20.2
2025-06-12 17:49:00,49.0
2025-06-12 13:50:00,49.742524640779
2025-06-12 16:06:00,46.9
2025-06-12 21:04:00,67.9
2025-06-12 13:16:00,20.0
2025-06-12 17:27:00,53.0
2025-06-12 00:12:00,98.2
2025-06-12 09:40:00,49.742524640779
2025-06-12 13:22:00,71.7
2025-06-12 20:49:00,38.7
2025-06-12 15:31:00,70.0
2025-06-12 08:46:00,49.742524640779
2025-06-12 01:26:00,22.7
2025-06-12 17:27:00,2.7
2025-06-12 03:53:00,63.5
2025-06-12 06:40:00,61.1
2025-06-12 07:43:00,83.8
2025-06-12 08:56:00,41.0
2025-06-12 12:57:00,65.4
2025-06-12 20:08:00,76.2
2025-06-12 07:23:00,49.742524640779
2025-06-12 08:23:00,72.4
2025-06-12 03:14:00,24.5
2025-06-12 11:54:00,11.4
2025-06-12 08:27:00,78.4
2025-06-12 16:21:00,49.742524640779
2025-06-12 04:43:00,49.742524640779
2025-06-12 16:13:00,62.1
2025-06-12 01:22:00,88.6
2025-06-12 01:59:00,49.742524640779
2025-06-12 23:13:00,15.6
2025-06-12 20:31:00,11.9
2025-06-12 15:23:00,10.4
2025-06-12 04:54:00,28.7
2025-06-12 02:58:00,7.6
2025-06-12 13:55:00,40.2
2025-06-12 11:34:00,49.742524640779
2025-06-12 05:57:00,68.9
2025-06-12 22:24:00,93.2
2025-06-12 02:39:00,60.7
2025-06-12 03:59:00,6.5
2025-06-12 12:12:00,74.4
2025-06-12 09:00:00,50.1
2025-06-12 19:00:00,49.742524640779
2025-06-12 18:17:00,7.2
2025-06-12 16:52:00,6.7
2025-06-12 10:29:00,60.2
2025-06-12 00:19:00,96.6
2025-06-12 17:52:00,64.7
2025-06-12 01:28:00,97.8
2025-06-12 17:42:00,0.0
2025-06-12 19:57:00,13.2
2025-06-12 18:48:00,95.7
2025-06-12 18:20:00,50.09606761356967
2025-06-12 09:31:00,5.9
2025-06-12 11:35:00,50.09606761356967
2025-06-12 06:50:00,44.9
2025-06-12 15:28:00,77.9
2025-06-12 03:12:00,50.09606761356967
2025-06-12 09:00:00,47.7
2025-06-12 05:31:00,42.1
2025-06-12 20:11:00,21.5
2025-06-12 03:21:00,75.7
2025-06-12 06:02:00,1.8
2025-06-12 11:11:00,70.0
2025-06-12 08:41:00,70.6
2025-06-12 23:17:00,45.2
2025-06-12 21:38:00,19.9
2025-06-12 13:09:00,50.09606761356967
2025-06-12 12:36:00,50.09606761356967
2025-06-12 16:09:00,84.1
2025-06-12 12:29:00,17.0
2025-06-12 13:32:00,53.3
2025-06-12 08:08:00,59.5
2025-06-12 10:24:00,32.5
2025-06-12 01:20:00,42.6
2025-06-12 02:43:00,57.6
2025-06-12 15:38:00,42.5
2025-06-12 15:36:00,59.7
2025-06-12 10:04:00,38.0
2025-06-12 17:38:00,35.5
2025-06-12 16:39:00,70.6
2025-06-12 08:55:00,69.7
2025-06-12 15:41:00,70.6
2025-06-12 02:59:00,50.09606761356967
2025-06-12 23:22:00,3.7
2025-06-12 16:02:00,66.5
2025-06-12 09:15:00,49.9
2025-06-12 07:35:00,94.8
2025-06-12 03:51:00,60.8
2025-06-12 07:47:00,9.7
2025-06-12 21:14:00,50.09606761356967
2025-06-12 07:06:00,33.6
2025-06-12 23:41:00,80.7
2025-06-12 15:10:00,11.6
2025-06-12 11:49:00,86.0
2025-06-12 11:50:00,10.3
2025-06-12 16:06:00,29.6
2025-06-12 04:24:00,50.09606761356967
2025-06-12 00:23:00,34.5
2025-06-12 21:44:00,70.6
2025-06-12 20:52:00,64.7
2025-06-12 09:18:00,56.0
2025-06-12 07:04:00,7.5
2025-06-12 08:43:00,32.6
2025-06-12 22:52:00,38.0
2025-06-12 23:31:00,13.6
2025-06-12 14:46:00,31.7
2025-06-12 02:18:00,34.2
2025-06-12 12:05:00,17.9
2025-06-12 10:45:00,48.6
2025-06-12 11:35:00,81.9
2025-06-12 00:31:00,50.09606761356967
2025-06-12 11:18:00,94.2
2025-06-12 21:42:00,38.4
2025-06-12 15:52:00,73.4
2025-06-12 18:18:00,74.9
2025-06-12 05:34:00,53.3
2025-06-12 00:16:00,34.7
2025-06-12 16:41:00,6.1
2025-06-12 06:48:00,83.0
2025-06-12 16:02:00,3.0
2025-06-12 03:51:00,99.7
2025-06-12 19:37:00,57.5
2025-06-12 01:34:00,29.2
2025-06-12 14:22:00,3.5
2025-06-12 08:49:00,21.9
2025-06-12 23:42:00,68.0
2025-06-12 17:17:00,18.7
2025-06-12 18:50:00,48.5
2025-06-12 05:23:00,94.3
2025-06-12 22:12:00,55.4
2025-06-12 20:16:00,50.09606761356967
2025-06-12 06:07:00,24.6
2025-06-12 13:00:00,29.0
2025-06-12 05:42:00,50.09606761356967
2025-06-12 09:49:00,99.0
2025-06-12 10:47:00,96.4
2025-06-12 05:18:00,47.6
2025-06-12 09:52:00,2.8
2025-06-12 03:15:00,91.5
2025-06-12 09:52:00,60.5
2025-06-12 21:53:00,17.2
2025-06-12 10:48:00,19.2
2025-06-12 07:02:00,50.09606761356967
2025-06-12 05:48:00,37.6
2025-06-12 03:33:00,79.9
2025-06-12 14:55:00,13.1
2025-06-12 19:27:00,92.8
2025-06-12 10:57:00,80.2
2025-06-12 02:06:00,72.1
2025-06-12 23:55:00,97.2
2025-06-12 09:31:00,54.4
2025-06-12 23:46:00,51.6
2025-06-12 17:59:00,50.09606761356967
2025-06-12 23:33:00,26.3
2025-06-12 00:46:00,50.09606761356967
2025-06-12 07:09:00,47.7
2025-06-12 07:06:00,79.0
2025-06-12 16:46:00,60.6
2025-06-12 03:12:00,89.4
2025-06-12 17:13:00,41.6
2025-06-12 20:43:00,19.0
2025-06-12 01:56:00,56.8
2025-06-12 21:04:00,26.1
2025-06-12 01:47:00,81.7
2025-06-12 18:18:00,45.0
2025-06-12 07:53:00,24.3
2025-06-12 00:18:00,69.4
2025-06-12 00:24:00,85.0
2025-06-12 04:11:00,53.4
2025-06-12 15:18:00,32.9
2025-06-12 17:23:00,6.8
2025-06-12 18:23:00,59.7
2025-06-12 17:34:00,88.7
2025-06-12 17:31:00,70.9
2025-06-12 12:08:00,46.3
2025-06-12 15:34:00,68.7
2025-06-12 09:06:00,50.09606761356967
2025-06-12 03:22:00,3.1
2025-06-12 10:42:00,50.09606761356967
2025-06-12 04:03:00,57.4
2025-06-12 00:11:00,37.8
2025-06-12 05:17:00,50.09606761356967
2025-06-12 22:49:00,43.7
2025-06-12 19:35:00,5.0
2025-06-12 21:41:00,9.2
2025-06-12 02:46:00,38.9
2025-06-12 01:51:00,61.8
2025-06-12 13:03:00,23.7
2025-06-12 00:04:00,50.09606761356967
2025-06-12 14:18:00,26.6
2025-06-12 19:33:00,47.3
2025-06-12 04:27:00,50.09606761356967
2025-06-12 13:31:00,5.6
2025-06-12 09:10:00,63.6
2025-06-12 15:15:00,69.5
2025-06-12 19:17:00,50.09606761356967
2025-06-12 02:39:00,31.8
2025-06-12 14:43:00,6.0
2025-06-12 12:48:00,50.09606761356967
2025-06-12 19:40:00,79.5
2025-06-12 20:34:00,21.3
2025-06-12 12:24:00,70.7
2025-06-12 18:59:00,50.09606761356967
2025-06-12 10:46:00,71.8
2025-06-12 16:05:00,33.1
2025-06-12 17:00:00,14.8
2025-06-12 13:44:00,51.3
2025-06-12 19:51:00,54.5
2025-06-12 02:02:00,17.0
2025-06-12 19:11:00,27.3
2025-06-12 09:32:00,91.0
2025-06-12 12:48:00,43.0
2025-06-12 01:19:00,77.8
2025-06-12 21:16:00,57.9
2025-06-12 19:14:00,63.6
2025-06-12 02:47:00,12.6
2025-06-12 00:33:00,24.5
2025-06-12 19:28:00,26.2
2025-06-12 06:49:00,50.09606761356967
2025-06-12 01:06:00,83.3
2025-06-12 10:30:00,44.9
2025-06-12 14:29:00,50.09606761356967
2025-06-12 22:50:00,69.2
2025-06-12 04:27:00,39.0
2025-06-12 11:39:00,8.8
2025-06-12 04:43:00,35.2
2025-06-12 17:53:00,77.9
2025-06-12 19:31:00,59.4
2025-06-12 12:24:00,97.7
2025-06-12 02:18:00,87.1
2025-06-12 12:20:00,85.8
2025-06-12 07:48:00,30.0
2025-06-12 18:33:00,50.09606761356967
2025-06-12 09:21:00,96.6
2025-06-12 11:34:00,57.2
2025-06-12 23:11:00,29.4
2025-06-12 08:26:00,2.0
2025-06-12 04:48:00,18.8
2025-06-12 14:24:00,12.8
2025-06-12 17:06:00,80.8
2025-06-12 20:09:00,34.7
2025-06-12 21:35:00,31.1
2025-06-12 13:49:00,83.3
2025-06-12 20:55:00,24.7
2025-06-12 22:39:00,63.4
2025-06-12 21:43:00,59.8
2025-06-12 08:34:00,13.1
2025-06-12 01:14:00,50.2
2025-06-12 06:30:00,82.9
2025-06-12 13:20:00,50.09606761356967
2025-06-12 21:55:00,17.4
2025-06-12 19:38:00,47.5
2025-06-12 15:15:00,69.8
2025-06-12 02:59:00,2.1
2025-06-12 03:23:00,50.09606761356967
2025-06-12 02:55:00,3.3
2025-06-12 10:31:00,84.8
2025-06-12 07:02:00,89.2
2025-06-12 19:31:00,68.8
2025-06-12 05:08:00,29.9
2025-06-12 14:41:00,3.5
2025-06-12 11:58:00,38.9
2025-06-12 06:34:00,56.1
2025-06-12 02:29:00,46.9
2025-06-12 09:53:00,37.5
2025-06-12 03:42:00,2.1
2025-06-12 02:58:00,59.4
2025-06-12 09:20:00,50.09606761356967
2025-06-12 10:58:00,50.09606761356967
2025-06-12 02:11:00,51.4
2025-06-12 05:52:00,29.3
2025-06-12 19:31:00,4.5
2025-06-12 18:53:00,75.1
2025-06-12 04:25:00,98.8
2025-06-12 06:38:00,92.6
2025-06-12 07:58:00,50.09606761356967
2025-06-12 08:43:00,41.5
2025-06-12 09:15:00,50.09606761356967
2025-06-12 12:04:00,38.3
2025-06-12 12:07:00,50.09606761356967
2025-06-12 00:09:00,15.9
2025-06-12 04:39:00,43.2
2025-06-12 04:36:00,25.4
2025-06-12 02:54:00,71.8
2025-06-12 00:48:00,69.5
2025-06-12 11:57:00,72.7
2025-06-12 22:23:00,76.9
2025-06-12 17:22:00,26.4
2025-06-12 05:19:00,15.3
2025-06-12 00:45:00,5.6
2025-06-12 05:35:00,45.3
2025-06-12 23:47:00,1.5
2025-06-12 00:38:00,51.9
2025-06-12 17:47:00,33.7
2025-06-12 18:49:00,1.7
2025-06-12 14:30:00,14.5
2025-06-12 18:03:00,83.9
2025-06-12 10:29:00,2.4
2025-06-12 16:55:00,25.6
2025-06-12 07:48:00,60.7
2025-06-12 16:49:00,50.09606761356967
2025-06-12 05:02:00,35.8
2025-06-12 22:08:00,50.09606761356967
2025-06-12 19:54:00,14.2
2025-06-12 05:28:00,75.9
2025-06-12 18:24:00,30.4
2025-06-12 20:06:00,24.3
2025-06-12 02:56:00,72.1
2025-06-12 19:34:00,62.5
2025-06-12 08:21:00,8.0
2025-06-12 19:02:00,40.9
2025-06-12 23:43:00,79.9
2025-06-12 00:09:00,95.2
2025-06-12 07:47:00,50.09606761356967
2025-06-12 06:21:00,50.09606761356967
2025-06-12 08:26:00,16.7
2025-06-12 12:10:00,70.4
2025-06-12 10:42:00,26.4
2025-06-12 02:43:00,56.8
2025-06-12 23:15:00,25.3
2025-06-12 19:49:00,82.1
2025-06-12 03:55:00,3.4
2025-06-12 07:51:00,4.1
2025-06-12 00:41:00,50.09606761356967
2025-06-12 22:31:00,10.5
2025-06-12 19:33:00,12.1
2025-06-12 14:07:00,50.09606761356967
2025-06-12 06:45:00,98.5
2025-06-12 23:02:00,85.3
2025-06-12 10:17:00,60.4
2025-06-12 00:34:00,51.4
2025-06-12 10:46:00,60.3
2025-06-12 18:36:00,83.9
2025-06-12 02:36:00,38.8
2025-06-12 06:43:00,70.5
2025-06-12 21:09:00,97.4
2025-06-12 19:47:00,16.7
2025-06-12 06:31:00,2.2
2025-06-12 17:16:00,62.9
2025-06-12 15:34:00,43.9
2025-06-12 21:56:00,60.2
2025-06-12 01:07:00,50.09606761356967
2025-06-12 09:16:00,57.8
2025-06-12 17:21:00,50.09606761356967
2025-06-12 20:42:00,80.2
2025-06-12 13:18:00,93.2
2025-06-12 07:39:00,50.09606761356967
2025-06-12 17:12:00,50.09606761356967
2025-06-12 05:33:00,78.6
2025-06-12 12:42:00,10.8
2025-06-12 14:06:00,50.09606761356967
2025-06-12 18:31:00,74.4
2025-06-12 10:04:00,50.09606761356967
2025-06-12 10:29:00,32.1
2025-06-12 15:08:00,25.5
2025-06-12 11:52:00,98.7
2025-06-12 18:11:00,50.09606761356967
2025-06-12 02:51:00,89.6
2025-06-12 15:17:00,92.7
2025-06-12 23:22:00,50.09606761356967
2025-06-12 12:17:00,4.0
2025-06-12 16:53:00,50.09606761356967
2025-06-12 17:19:00,33.0
2025-06-12 16:48:00,78.2
2025-06-12 16:30:00,37.3
2025-06-12 01:01:00,92.6
2025-06-12 06:18:00,35.7
2025-06-12 18:48:00,33.3
2025-06-12 11:48:00,32.1
2025-06-12 22:32:00,17.7
2025-06-12 20:05:00,39.6
2025-06-12 00:04:00,94.1
2025-06-12 16:26:00,6.3
2025-06-12 17:40:00,22.0
2025-06-12 09:42:00,10.1
2025-06-12 20:55:00,30.5
2025-06-12 08:05:00,50.09606761356967
2025-06-12 15:04:00,11.1
2025-06-12 15:27:00,74.9
2025-06-12 07:48:00,46.6
2025-06-12 08:39:00,49.952608030142464
2025-06-12 03:18:00,52.6
2025-06-12 01:15:00,83.6
2025-06-12 08:07:00,7.2
2025-06-12 09:25:00,22.0
2025-06-12 15:34:00,11.1
2025-06-12 13:16:00,91.6
2025-06-12 11:07:00,69.7
2025-06-12 19:58:00,24.3
2025-06-12 15:07:00,24.5
2025-06-12 15:29:00,60.7
2025-06-12 06:33:00,49.952608030142464
2025-06-12 15:50:00,49.952608030142464
2025-06-12 02:47:00,20.4
2025-06-12 12:32:00,98.3
2025-06-12 22:53:00,86.9
2025-06-12 09:15:00,42.9
2025-06-12 06:42:00,60.5
2025-06-12 02:01:00,76.6
2025-06-12 00:44:00,56.1
2025-06-12 09:11:00,20.9
2025-06-12 20:20:00,17.4
2025-06-12 13:21:00,49.952608030142464
2025-06-12 02:23:00,47.8
2025-06-12 07:25:00,49.952608030142464
2025-06-12 19:05:00,11.9
2025-06-12 16:25:00,66.8
2025-06-12 17:12:00,9.3
2025-06-12 03:11:00,42.1
2025-06-12 23:05:00,49.952608030142464
2025-06-12 13:04:00,65.9
2025-06-12 14:41:00,35.0
2025-06-12 15:06:00,95.5
2025-06-12 00:03:00,72.7
2025-06-12 20:02:00,60.8
2025-06-12 20:04:00,54.7
2025-06-12 14:22:00,49.952608030142464
2025-06-12 05:44:00,10.0
2025-06-12 09:46:00,27.4
2025-06-12 09:52:00,67.6
2025-06-12 05:58:00,86.9
2025-06-12 18:42:00,49.952608030142464
2025-06-12 12:39:00,19.2
2025-06-12 12:20:00,51.9
2025-06-12 03:23:00,39.9
2025-06-12 22:03:00,99.1
2025-06-12 05:14:00,49.952608030142464
2025-06-12 20:46:00,16.7
2025-06-12 07:31:00,49.952608030142464
2025-06-12 18:20:00,22.7
2025-06-12 05:17:00,52.2
2025-06-12 12:22:00,49.952608030142464
2025-06-12 11:21:00,49.952608030142464
2025-06-12 18:13:00,62.9
2025-06-12 17:50:00,14.5
2025-06-12 12:49:00,60.3
2025-06-12 17:12:00,42.5
2025-06-12 19:32:00,61.5
2025-06-12 05:43:00,56.2
2025-06-12 23:28:00,92.7
2025-06-12 23:44:00,75.2
2025-06-12 19:33:00,49.952608030142464
2025-06-12 10:19:00,8.8
2025-06-12 10:56:00,59.8
2025-06-12 07:20:00,94.6
2025-06-12 04:46:00,66.2
2025-06-12 01:22:00,87.2
2025-06-12 09:30:00,5.8
2025-06-12 10:38:00,47.1
2025-06-12 06:31:00,15.1
2025-06-12 19:44:00,22.7
2025-06-12 07:02:00,15.9
2025-06-12 22:19:00,34.8
2025-06-12 08:05:00,69.0
2025-06-12 03:42:00,36.5
2025-06-12 12:45:00,51.3
2025-06-12 07:23:00,91.4
2025-06-12 18:20:00,40.3
2025-06-12 22:37:00,33.9
2025-06-12 11:31:00,30.0
2025-06-12 06:59:00,10.1
2025-06-12 16:33:00,27.3
2025-06-12 01:40:00,12.7
2025-06-12 18:34:00,81.8
2025-06-12 04:36:00,60.3
2025-06-12 19:00:00,46.0
2025-06-12 13:57:00,59.3
2025-06-12 02:26:00,30.0
2025-06-12 08:56:00,85.3
2025-06-12 10:57:00,65.9
2025-06-12 03:53:00,62.2
2025-06-12 18:55:00,49.952608030142464
2025-06-12 00:04:00,55.3
2025-06-12 16:46:00,24.7
2025-06-12 07:01:00,79.3
2025-06-12 18:15:00,62.2
2025-06-12 08:24:00,17.5
2025-06-12 00:38:00,29.3
2025-06-12 14:01:00,63.3
2025-06-12 10:40:00,26.6
2025-06-12 05:41:00,81.6
2025-06-12 08:13:00,55.9
2025-06-12 06:57:00,95.9
2025-06-12 02:07:00,16.9
2025-06-12 21:24:00,78.1
2025-06-12 13:37:00,32.5
2025-06-12 19:36:00,9.6
2025-06-12 22:20:00,13.8
2025-06-12 09:25:00,49.952608030142464
2025-06-12 15:24:00,49.952608030142464
2025-06-12 09:10:00,87.9
2025-06-12 04:27:00,39.5
2025-06-12 18:36:00,94.1
2025-06-12 14:21:00,62.8
2025-06-12 05:53:00,92.5
2025-06-12 22:47:00,8.5
2025-06-12 14:12:00,77.3
2025-06-12 10:41:00,49.952608030142464
2025-06-12 21:13:00,48.5
2025-06-12 22:46:00,55.5
2025-06-12 20:02:00,96.0
2025-06-12 19:31:00,76.2
2025-06-12 15:21:00,22.1
2025-06-12 04:26:00,86.0
2025-06-12 09:20:00,54.5
2025-06-12 23:13:00,19.3
2025-06-12 20:47:00,30.5
2025-06-12 09:43:00,24.2
2025-06-12 19:04:00,19.2
2025-06-12 02:36:00,67.2
2025-06-12 08:00:00,85.1
2025-06-12 01:13:00,83.0
2025-06-12 08:51:00,47.0
2025-06-12 10:29:00,26.0
2025-06-12 14:46:00,49.952608030142464
2025-06-12 04:03:00,76.6
2025-06-12 14:21:00,68.3
2025-06-12 17:00:00,49.952608030142464
2025-06-12 22:27:00,54.7
2025-06-12 02:47:00,68.6
2025-06-12 03:57:00,31.0
2025-06-12 15:15:00,23.2
2025-06-12 11:34:00,54.5
2025-06-12 02:03:00,20.2
2025-06-12 00:24:00,86.2
2025-06-12 07:00:00,13.0
2025-06-12 08:42:00,49.952608030142464
2025-06-12 02:16:00,9.6
2025-06-12 05:39:00,13.8
2025-06-12 22:42:00,41.6
2025-06-12 18:22:00,88.3
2025-06-12 14:25:00,55.2
2025-06-12 01:18:00,10.6
2025-06-12 10:40:00,95.8
2025-06-12 04:57:00,92.2
2025-06-12 08:25:00,24.7
2025-06-12 22:59:00,84.6
2025-06-12 05:47:00,7.3
2025-06-12 03:43:00,71.9
2025-06-12 01:02:00,32.1
2025-06-12 23:29:00,32.8
2025-06-12 19:55:00,79.2
2025-06-12 06:18:00,36.4
2025-06-12 17:27:00,96.9
2025-06-12 18:49:00,23.5
2025-06-12 01:36:00,66.1
2025-06-12 15:00:00,15.7
2025-06-12 22:14:00,65.3
2025-06-12 17:54:00,51.9
2025-06-12 18:03:00,68.3
2025-06-12 13:54:00,84.6
2025-06-12 17:35:00,57.9
2025-06-12 17:56:00,15.1
2025-06-12 11:21:00,12.6
2025-06-12 09:19:00,89.9
2025-06-12 18:08:00,0.9
2025-06-12 18:23:00,3.6
2025-06-12 06:03:00,27.9
2025-06-12 04:50:00,92.1
2025-06-12 19:46:00,1.5
2025-06-12 01:31:00,9.7
2025-06-12 14:17:00,49.952608030142464
2025-06-12 22:40:00,38.0
2025-06-12 04:59:00,69.6
2025-06-12 10:33:00,50.7
2025-06-12 02:45:00,79.3
2025-06-12 04:09:00,93.0
2025-06-12 18:28:00,85.0
2025-06-12 04:30:00,91.7
2025-06-12 20:56:00,82.8
2025-06-12 04:40:00,59.7
2025-06-12 10:41:00,54.6
2025-06-12 22:45:00,49.952608030142464
2025-06-12 18:46:00,35.0
2025-06-12 18:37:00,58.3
2025-06-12 15:36:00,49.952608030142464
2025-06-12 21:54:00,27.3
2025-06-12 04:46:00,16.5
2025-06-12 15:14:00,95.1
2025-06-12 09:57:00,83.7
2025-06-12 03:00:00,49.952608030142464
2025-06-12 00:29:00,49.952608030142464
2025-06-12 04:51:00,17.1
2025-06-12 11:44:00,69.0
2025-06-12 11:18:00,58.4
2025-06-12 03:25:00,42.2
2025-06-12 07:41:00,94.8
2025-06-12 22:28:00,66.8
2025-06-12 02:11:00,49.952608030142464
2025-06-12 21:05:00,0.6
2025-06-12 20:36:00,88.9
2025-06-12 17:39:00,87.2
2025-06-12 23:29:00,30.7
2025-06-12 18:36:00,49.952608030142464
2025-06-12 02:54:00,70.2
2025-06-12 16:29:00,49.952608030142464
2025-06-12 03:25:00,20.1
2025-06-12 00:58:00,49.952608030142464
2025-06-12 02:08:00,85.1
2025-06-12 19:03:00,48.6
2025-06-12 11:58:00,49.952608030142464
2025-06-12 02:24:00,77.3
2025-06-12 08:00:00,49.7
2025-06-12 18:59:00,34.5
2025-06-12 15:15:00,29.8
2025-06-12 15:03:00,88.3
2025-06-12 22:57:00,76.2
2025-06-12 00:05:00,49.952608030142464
2025-06-12 15:44:00,35.7
2025-06-12 19:55:00,64.1
2025-06-12 11:20:00,25.2
2025-06-12 18:53:00,27.9
2025-06-12 19:47:00,34.1
2025-06-12 12:51:00,27.8
2025-06-12 02:04:00,49.952608030142464
2025-06-12 08:52:00,99.3
2025-06-12 15:06:00,45.4
2025-06-12 18:27:00,5.0
2025-06-12 22:16:00,49.952608030142464
2025-06-12 20:52:00,49.952608030142464
2025-06-12 01:09:00,87.0
2025-06-12 16:54:00,50.8
2025-06-12 18:39:00,21.5
2025-06-12 02:16:00,48.0
2025-06-12 22:33:00,42.4
2025-06-12 04:14:00,27.9
2025-06-12 00:29:00,71.3
2025-06-12 17:01:00,49.952608030142464
2025-06-12 10:05:00,38.2
2025-06-12 19:43:00,49.952608030142464
2025-06-12 02:12:00,4.7
2025-06-12 02:41:00,49.952608030142464
2025-06-12 21:38:00,49.952608030142464
2025-06-12 11:47:00,49.952608030142464
2025-06-12 21:57:00,22.1
2025-06-12 21:09:00,15.5
2025-06-12 08:17:00,6.9
2025-06-12 13:51:00,34.8
2025-06-12 10:32:00,84.7
2025-06-12 05:47:00,50.1
2025-06-12 16:53:00,95.5
2025-06-12 12:51:00,49.952608030142464
2025-06-12 02:37:00,79.5
2025-06-12 01:30:00,70.2
2025-06-12 15:02:00,0.7
2025-06-12 07:28:00,5.4
2025-06-12 20:35:00,9.6
2025-06-12 10:56:00,36.7
2025-06-12 02:47:00,49.952608030142464
2025-06-12 05:26:00,10.3
2025-06-12 05:31:00,12.0
2025-06-12 21:54:00,57.6
2025-06-12 16:07:00,77.6
2025-06-12 04:14:00,83.7
2025-06-12 04:48:00,10.5
2025-06-12 09:05:00,76.1
2025-06-12 16:24:00,49.952608030142464
2025-06-12 20:47:00,11.7
2025-06-12 18:56:00,27.2
2025-06-12 10:39:00,85.9
2025-06-12 15:35:00,24.9
2025-06-12 21:25:00,85.1
2025-06-12 17:56:00,87.1
2025-06-12 00:16:00,5.9
2025-06-12 12:30:00,45.7
2025-06-12 20:19:00,88.0
2025-06-12 12:13:00,49.952608030142464
2025-06-12 17:51:00,84.3
2025-06-12 18:07:00,21.5
2025-06-12 08:07:00,84.2
2025-06-12 18:48:00,14.2
2025-06-12 20:33:00,3.7
2025-06-12 06:56:00,79.6
2025-06-12 08:22:00,18.7
2025-06-12 02:48:00,20.6
2025-06-12 01:13:00,63.1
2025-06-12 03:32:00,28.4
2025-06-12 16:25:00,17.2
2025-06-12 21:18:00,49.952608030142464
2025-06-12 08:14:00,12.2
2025-06-12 03:07:00,47.7
2025-06-12 14:08:00,77.6
2025-06-12 03:52:00,28.1
2025-06-12 03:10:00,61.4
2025-06-12 00:07:00,82.0
2025-06-12 15:39:00,32.9
2025-06-12 09:37:00,97.9
2025-06-12 18:13:00,29.2
2025-06-12 06:41:00,50.21640523646657
2025-06-12 21:30:00,27.3
2025-06-12 16:21:00,50.21640523646657
2025-06-12 17:38:00,50.21640523646657
2025-06-12 17:00:00,40.3
2025-06-12 02:53:00,93.0
2025-06-12 14:21:00,82.4
2025-06-12 05:45:00,29.4
2025-06-12 18:41:00,59.0
2025-06-12 02:41:00,8.2
2025-06-12 19:55:00,64.1
2025-06-12 00:51:00,93.0
2025-06-12 06:36:00,90.5
2025-06-12 21:20:00,26.0
2025-06-12 15:23:00,76.1
2025-06-12 16:55:00,78.8
2025-06-12 21:42:00,69.5
2025-06-12 15:24:00,18.9
2025-06-12 00:19:00,38.3
2025-06-12 15:47:00,7.8
2025-06-12 13:26:00,55.6
2025-06-12 22:17:00,66.5
2025-06-12 04:26:00,18.8
2025-06-12 00:22:00,91.0
2025-06-12 18:10:00,93.6
2025-06-12 22:14:00,50.21640523646657
2025-06-12 15:50:00,50.21640523646657
2025-06-12 21:34:00,92.1
2025-06-12 21:37:00,97.7
2025-06-12 01:38:00,1.4
2025-06-12 01:51:00,36.8
2025-06-12 18:21:00,16.4
2025-06-12 04:32:00,50.21640523646657
2025-06-12 21:55:00,82.9
2025-06-12 04:27:00,76.5
2025-06-12 00:58:00,34.2
2025-06-12 20:08:00,94.4
2025-06-12 20:11:00,50.21640523646657
2025-06-12 10:52:00,80.4
2025-06-12 09:55:00,50.21640523646657
2025-06-12 03:00:00,97.9
2025-06-12 15:23:00,54.1
2025-06-12 13:29:00,86.4
2025-06-12 00:38:00,76.4
2025-06-12 10:04:00,50.21640523646657
2025-06-12 23:37:00,99.2
2025-06-12 18:39:00,68.1
2025-06-12 20:52:00,4.6
2025-06-12 02:12:00,36.9
2025-06-12 14:03:00,50.21640523646657
2025-06-12 11:03:00,77.8
2025-06-12 08:17:00,11.2
2025-06-12 19:42:00,91.1
2025-06-12 14:37:00,9.6
2025-06-12 13:35:00,50.21640523646657
2025-06-12 06:20:00,26.5
2025-06-12 04:27:00,44.2
2025-06-12 23:09:00,44.6
2025-06-12 05:23:00,34.4
2025-06-12 21:42:00,50.21640523646657
2025-06-12 03:08:00,36.1
2025-06-12 11:11:00,50.21640523646657
2025-06-12 23:30:00,40.3
2025-06-12 07:41:00,19.0
2025-06-12 15:38:00,52.7
2025-06-12 00:31:00,66.7
2025-06-12 14:33:00,83.1
2025-06-12 03:07:00,16.8
2025-06-12 12:40:00,41.1
2025-06-12 12:20:00,50.21640523646657
2025-06-12 22:13:00,17.1
2025-06-12 21:20:00,82.0
2025-06-12 08:07:00,55.2
2025-06-12 14:25:00,9.4
2025-06-12 03:19:00,50.21640523646657
2025-06-12 01:02:00,50.21640523646657
2025-06-12 01:10:00,26.8
2025-06-12 11:36:00,50.21640523646657
2025-06-12 23:16:00,70.2
2025-06-12 23:32:00,60.0
2025-06-12 00:03:00,64.0
2025-06-12 00:27:00,31.5
2025-06-12 06:08:00,75.9
2025-06-12 22:53:00,71.5
2025-06-12 09:42:00,92.7
2025-06-12 10:29:00,35.2
2025-06-12 00:27:00,50.21640523646657
2025-06-12 08:24:00,40.8
2025-06-12 22:18:00,46.6
2025-06-12 05:12:00,81.1
2025-06-12 03:14:00,75.1
2025-06-12 23:17:00,50.21640523646657
2025-06-12 21:41:00,50.21640523646657
2025-06-12 11:58:00,50.21640523646657
2025-06-12 19:00:00,54.8
2025-06-12 11:12:00,30.2
2025-06-12 13:36:00,18.8
2025-06-12 18:12:00,13.4
2025-06-12 03:39:00,50.21640523646657
2025-06-12 12:21:00,51.6
2025-06-12 06:59:00,11.9
2025-06-12 06:21:00,30.9
2025-06-12 03:18:00,97.4
2025-06-12 17:18:00,81.8
2025-06-12 19:16:00,70.3
2025-06-12 21:24:00,98.3
2025-06-12 22:51:00,24.6
2025-06-12 10:55:00,30.8
2025-06-12 19:03:00,57.0
2025-06-12 02:03:00,40.0
2025-06-12 17:38:00,42.4
2025-06-12 16:41:00,30.6
2025-06-12 01:20:00,21.5
2025-06-12 18:21:00,50.21640523646657
2025-06-12 05:14:00,90.3
2025-06-12 13:12:00,23.5
2025-06-12 19:39:00,72.9
2025-06-12 06:28:00,50.21640523646657
2025-06-12 15:54:00,44.3
2025-06-12 16:17:00,60.4
2025-06-12 00:22:00,50.2
2025-06-12 19:23:00,0.1
2025-06-12 19:25:00,28.9
2025-06-12 16:43:00,50.21640523646657
2025-06-12 11:49:00,36.1
2025-06-12 09:50:00,50.21640523646657
2025-06-12 00:33:00,68.0
2025-06-12 05:09:00,50.21640523646657
2025-06-12 16:48:00,36.0
2025-06-12 00:38:00,10.3
2025-06-12 18:52:00,97.5
2025-06-12 08:28:00,76.1
2025-06-12 08:09:00,14.6
2025-06-12 11:13:00,10.1
2025-06-12 13:51:00,11.9
2025-06-12 16:53:00,91.6
2025-06-12 01:59:00,56.1
2025-06-12 03:09:00,67.4
2025-06-12 07:36:00,50.21640523646657
2025-06-12 15:39:00,3.6
2025-06-12 14:12:00,47.6
2025-06-12 11:33:00,12.8
2025-06-12 07:01:00,50.21640523646657
2025-06-12 17:01:00,84.1
2025-06-12 00:05:00,50.21640523646657
2025-06-12 20:21:00,81.4
2025-06-12 08:46:00,94.7
2025-06-12 10:36:00,50.21640523646657
2025-06-12 04:52:00,50.21640523646657
2025-06-12 14:48:00,71.5
2025-06-12 19:55:00,83.7
2025-06-12 02:17:00,89.6
2025-06-12 16:37:00,51.8
2025-06-12 12:54:00,63.7
2025-06-12 12:04:00,50.21640523646657
2025-06-12 06:46:00,82.2
2025-06-12 21:24:00,70.1
2025-06-12 13:33:00,59.0
2025-06-12 21:48:00,33.4
2025-06-12 16:27:00,76.2
2025-06-12 03:41:00,27.6
2025-06-12 05:09:00,50.21640523646657
2025-06-12 17:09:00,88.9
2025-06-12 21:18:00,37.4
2025-06-12 16:22:00,61.0
2025-06-12 06:56:00,40.9
2025-06-12 00:30:00,2.6
2025-06-12 14:36:00,82.3
2025-06-12 23:36:00,79.7
2025-06-12 21:16:00,26.5
2025-06-12 08:58:00,50.21640523646657
2025-06-12 22:41:00,58.8
2025-06-12 07:07:00,60.3
2025-06-12 19:11:00,65.2
2025-06-12 06:13:00,50.21640523646657
2025-06-12 03:13:00,24.0
2025-06-12 16:26:00,67.6
2025-06-12 03:18:00,84.2
2025-06-12 17:46:00,9.4
2025-06-12 04:17:00,22.8
2025-06-12 01:21:00,45.0
2025-06-12 11:07:00,2.1
2025-06-12 01:45:00,42.1
2025-06-12 07:48:00,7.3
2025-06-12 01:32:00,50.21640523646657
2025-06-12 20:31:00,17.7
2025-06-12 05:32:00,13.6
2025-06-12 22:53:00,80.1
2025-06-12 15:44:00,50.6
2025-06-12 23:27:00,62.6
2025-06-12 09:03:00,97.6
2025-06-12 21:44:00,75.4
2025-06-12 05:44:00,83.1
2025-06-12 22:51:00,73.5
2025-06-12 02:02:00,96.9
2025-06-12 01:20:00,66.4
2025-06-12 08:24:00,61.7
2025-06-12 22:26:00,6.0
2025-06-12 17:58:00,5.8
2025-06-12 03:55:00,24.5
2025-06-12 10:47:00,50.21640523646657
2025-06-12 17:45:00,50.21640523646657
2025-06-12 19:50:00,50.21640523646657
2025-06-12 04:11:00,87.0
2025-06-12 19:35:00,64.1
2025-06-12 09:14:00,38.3
2025-06-12 06:57:00,46.0
2025-06-12 12:24:00,3.6
2025-06-12 18:10:00,92.6
2025-06-12 05:58:00,24.2
2025-06-12 02:00:00,34.7
2025-06-12 21:52:00,48.9
2025-06-12 15:22:00,72.1
2025-06-12 19:45:00,16.0
2025-06-12 16:22:00,2.1
2025-06-12 07:57:00,64.3
2025-06-12 06:41:00,67.4
2025-06-12 08:05:00,78.1
2025-06-12 09:01:00,50.21640523646657
2025-06-12 12:46:00,54.4
2025-06-12 15:30:00,11.4
2025-06-12 12:40:00,50.21640523646657
2025-06-12 18:08:00,85.2
2025-06-12 01:37:00,46.6
2025-06-12 22:53:00,50.21640523646657
2025-06-12 18:21:00,14.1
2025-06-12 03:35:00,60.1
2025-06-12 09:02:00,18.6
2025-06-12 01:35:00,70.8
2025-06-12 02:52:00,5.4
2025-06-12 23:19:00,31.5
2025-06-12 20:59:00,58.1
2025-06-12 19:36:00,42.8
2025-06-12 01:07:00,46.9
2025-06-12 17:24:00,3.7
2025-06-12 10:31:00,9.8
2025-06-12 05:02:00,98.3
2025-06-12 21:49:00,12.0
2025-06-12 15:29:00,81.3
2025-06-12 09:02:00,67.2
2025-06-12 16:17:00,36.6
2025-06-12 03:24:00,97.6
2025-06-12 07:16:00,22.4
2025-06-12 14:34:00,31.6
2025-06-12 19:01:00,50.21640523646657
2025-06-12 21:21:00,76.2
2025-06-12 06:46:00,36.6
2025-06-12 15:10:00,4.5
2025-06-12 15:59:00,63.9
2025-06-12 13:19:00,41.1
2025-06-12 13:41:00,40.1
2025-06-12 07:09:00,50.21640523646657
2025-06-12 03:56:00,90.4
2025-06-12 02:45:00,99.2
2025-06-12 07:46:00,50.21640523646657
2025-06-12 08:29:00,50.21640523646657
2025-06-12 23:08:00,78.6
2025-06-12 16:09:00,85.4
2025-06-12 11:16:00,32.4
2025-06-12 04:48:00,50.21640523646657
2025-06-12 23:32:00,34.1
2025-06-12 09:48:00,28.0
2025-06-12 03:21:00,55.7
2025-06-12 04:25:00,50.21640523646657
2025-06-12 07:03:00,93.4
2025-06-12 21:22:00,86.8
2025-06-12 09:13:00,96.3
2025-06-12 16:56:00,30.3
2025-06-12 21:59:00,19.1
2025-06-12 22:09:00,50.21640523646657
2025-06-12 22:23:00,77.9
2025-06-12 12:06:00,50.21640523646657
2025-06-12 07:28:00,25.0
2025-06-12 13:52:00,80.2
2025-06-12 00:52:00,32.2
2025-06-12 22:42:00,54.1
2025-06-12 17:20:00,3.4
2025-06-12 17:56:00,51.7
2025-06-12 08:12:00,50.21640523646657
2025-06-12 21:15:00,91.0
2025-06-12 09:52:00,19.6
2025-06-12 23:41:00,50.9
2025-06-12 05:10:00,87.8
2025-06-12 00:44:00,50.21640523646657
2025-06-12 19:50:00,51.2
2025-06-12 12:48:00,60.1
2025-06-12 11:56:00,34.5
2025-06-12 12:01:00,70.1
2025-06-12 20:51:00,54.3
2025-06-12 08:59:00,61.1
2025-06-12 20:46:00,71.7
2025-06-12 14:13:00,46.5
2025-06-12 14:25:00,61.0
2025-06-12 17:22:00,92.7
2025-06-12 09:33:00,81.4
2025-06-12 17:53:00,76.0
2025-06-12 17:39:00,92.6
2025-06-12 20:24:00,40.5
2025-06-12 19:59:00,79.2
2025-06-12 23:42:00,45.0
2025-06-12 18:16:00,17.0
2025-06-12 01:52:00,42.6
2025-06-12 10:23:00,42.7
2025-06-12 06:23:00,21.0
2025-06-12 06:12:00,56.1
2025-06-12 19:51:00,50.21640523646657
2025-06-12 22:44:00,50.21640523646657
2025-06-12 04:33:00,46.2
2025-06-12 18:47:00,91.5
2025-06-12 23:52:00,34.9
2025-06-12 00:35:00,90.2
2025-06-12 16:24:00,28.1
2025-06-12 02:56:00,22.1
2025-06-12 01:47:00,13.3
2025-06-12 16:37:00,90.4
2025-06-12 13:33:00,50.21640523646657
2025-06-12 01:26:00,92.2
2025-06-12 10:01:00,66.6
2025-06-12 18:56:00,4.9
2025-06-12 18:38:00,62.5
2025-06-12 09:55:00,63.3
2025-06-12 01:20:00,2.0
2025-06-12 10:11:00,39.0
2025-06-12 13:39:00,50.21640523646657
2025-06-12 00:40:00,14.7
2025-06-12 15:27:00,56.6
2025-06-12 09:48:00,10.6
2025-06-12 22:00:00,66.8
2025-06-12 09:36:00,92.5
2025-06-12 02:40:00,22.3
2025-06-12 00:35:00,50.21640523646657
2025-06-12 06:49:00,61.0
2025-06-12 11:17:00,59.7
2025-06-12 23:18:00,32.0
2025-06-12 18:42:00,3.4
2025-06-12 09:45:00,63.7
2025-06-12 21:31:00,8.0
2025-06-12 02:22:00,90.9
2025-06-12 15:16:00,49.70408187272085
2025-06-12 21:16:00,98.2
2025-06-12 14:06:00,93.2
2025-06-12 08:28:00,77.3
2025-06-12 04:54:00,31.3
2025-06-12 02:49:00,19.7
2025-06-12 02:08:00,49.70408187272085
2025-06-12 00:32:00,22.6
2025-06-12 04:47:00,80.3
2025-06-12 13:18:00,44.9
2025-06-12 15:06:00,79.1
2025-06-12 04:15:00,66.0
2025-06-12 23:13:00,72.8
2025-06-12 05:30:00,94.4
2025-06-12 13:56:00,80.3
2025-06-12 17:18:00,57.9
2025-06-12 10:58:00,56.4
2025-06-12 21:31:00,23.9
2025-06-12 06:52:00,49.70408187272085
2025-06-12 16:32:00,49.9
2025-06-12 22:23:00,97.5
2025-06-12 19:41:00,55.6
2025-06-12 21:41:00,49.70408187272085
2025-06-12 10:55:00,3.9
2025-06-12 14:40:00,46.0
2025-06-12 18:35:00,8.8
2025-06-12 14:10:00,77.6
2025-06-12 20:28:00,58.3
2025-06-12 11:02:00,72.7
2025-06-12 03:31:00,64.3
2025-06-12 07:37:00,49.70408187272085
2025-06-12 23:02:00,10.4
2025-06-12 08:04:00,75.1
2025-06-12 10:51:00,70.3
2025-06-12 21:18:00,9.5
2025-06-12 15:48:00,60.5
2025-06-12 10:26:00,49.70408187272085
2025-06-12 19:24:00,97.1
2025-06-12 20:58:00,49.70408187272085
2025-06-12 21:56:00,43.9
2025-06-12 20:21:00,32.1
2025-06-12 03:42:00,31.1
2025-06-12 15:10:00,29.0
2025-06-12 21:22:00,32.2
2025-06-12 03:06:00,49.70408187272085
2025-06-12 04:00:00,4.4
2025-06-12 08:37:00,20.5
2025-06-12 12:57:00,51.7
2025-06-12 19:53:00,24.5
2025-06-12 03:50:00,56.0
2025-06-12 04:56:00,9.8
2025-06-12 20:28:00,15.0
2025-06-12 05:53:00,76.7
2025-06-12 19:29:00,49.3
2025-06-12 16:24:00,82.9
2025-06-12 09:39:00,92.2
2025-06-12 10:41:00,49.70408187272085
2025-06-12 07:37:00,58.2
2025-06-12 05:19:00,46.1
2025-06-12 19:59:00,78.5
2025-06-12 14:12:00,49.70408187272085
2025-06-12 14:16:00,78.4
2025-06-12 02:40:00,49.70408187272085
2025-06-12 00:46:00,56.2
2025-06-12 22:31:00,96.1
2025-06-12 05:08:00,19.7
2025-06-12 04:01:00,14.7
2025-06-12 15:30:00,36.8
2025-06-12 02:38:00,55.1
2025-06-12 20:17:00,96.1
2025-06-12 02:59:00,86.0
2025-06-12 09:46:00,94.7
2025-06-12 14:22:00,46.8
2025-06-12 01:07:00,50.0
2025-06-12 00:37:00,49.70408187272085
2025-06-12 12:53:00,10.3
2025-06-12 23:46:00,47.9
2025-06-12 13:05:00,0.6
2025-06-12 18:19:00,35.1
2025-06-12 04:57:00,22.2
2025-06-12 04:31:00,42.4
2025-06-12 20:25:00,73.7
2025-06-12 23:05:00,89.1
2025-06-12 07:12:00,71.3
2025-06-12 03:20:00,43.0
2025-06-12 22:31:00,44.3
2025-06-12 18:00:00,91.4
2025-06-12 22:17:00,58.8
2025-06-12 14:43:00,49.70408187272085
2025-06-12 23:40:00,26.7
2025-06-12 05:54:00,8.3
2025-06-12 03:24:00,64.3
2025-06-12 17:29:00,49.70408187272085
2025-06-12 12:54:00,64.8
2025-06-12 13:22:00,49.70408187272085
2025-06-12 21:49:00,64.6
2025-06-12 06:05:00,65.6
2025-06-12 03:29:00,49.70408187272085
2025-06-12 23:21:00,49.70408187272085
2025-06-12 05:05:00,81.4
2025-06-12 23:25:00,27.7
2025-06-12 13:52:00,35.1
2025-06-12 06:40:00,61.2
2025-06-12 21:51:00,56.7
2025-06-12 17:22:00,47.0
2025-06-12 13:36:00,31.3
2025-06-12 21:29:00,28.8
2025-06-12 20:36:00,48.0
2025-06-12 12:16:00,3.0
2025-06-12 21:08:00,78.2
2025-06-12 12:50:00,81.0
2025-06-12 14:27:00,97.6
2025-06-12 04:40:00,77.5
2025-06-12 13:33:00,54.3
2025-06-12 20:07:00,17.5
2025-06-12 03:31:00,82.0
2025-06-12 18:42:00,46.0
2025-06-12 16:37:00,72.9
2025-06-12 18:32:00,88.4
2025-06-12 20:13:00,49.70408187272085
2025-06-12 00:56:00,0.5
2025-06-12 07:39:00,35.1
2025-06-12 03:16:00,56.8
2025-06-12 12:10:00,90.3
2025-06-12 22:56:00,49.70408187272085
2025-06-12 03:47:00,49.70408187272085
2025-06-12 20:01:00,23.8
2025-06-12 19:13:00,87.9
2025-06-12 06:41:00,49.70408187272085
2025-06-12 03:26:00,67.9
2025-06-12 22:48:00,50.6
2025-06-12 15:32:00,61.3
2025-06-12 21:16:00,65.8
2025-06-12 08:15:00,74.5
2025-06-12 21:54:00,19.6
2025-06-12 04:14:00,91.0
2025-06-12 21:58:00,49.70408187272085
2025-06-12 23:35:00,49.70408187272085
2025-06-12 20:16:00,12.5
2025-06-12 03:59:00,19.3
2025-06-12 08:26:00,49.70408187272085
2025-06-12 03:12:00,47.3
2025-06-12 14:11:00,61.5
2025-06-12 13:04:00,5.3
2025-06-12 22:33:00,50.6
2025-06-12 01:05:00,82.6
2025-06-12 09:04:00,66.8
2025-06-12 12:52:00,49.70408187272085
2025-06-12 18:16:00,47.9
2025-06-12 03:44:00,63.8
2025-06-12 13:35:00,34.9
2025-06-12 15:23:00,86.2
2025-06-12 15:27:00,41.1
2025-06-12 02:03:00,0.8
2025-06-12 07:09:00,56.8
2025-06-12 10:09:00,31.1
2025-06-12 10:18:00,50.3
2025-06-12 06:21:00,96.0
2025-06-12 15:06:00,79.8
2025-06-12 19:23:00,43.7
2025-06-12 12:57:00,97.7
2025-06-12 06:40:00,49.70408187272085
2025-06-12 15:29:00,49.70408187272085
2025-06-12 00:45:00,49.70408187272085
2025-06-12 04:48:00,24.9
2025-06-12 07:44:00,9.7
2025-06-12 05:52:00,31.8
2025-06-12 23:14:00,2.6
2025-06-12 04:24:00,49.70408187272085
2025-06-12 05:18:00,54.7
2025-06-12 05:07:00,76.4
2025-06-12 03:37:00,49.6
2025-06-12 13:47:00,63.6
2025-06-12 18:36:00,67.8
2025-06-12 06:29:00,56.0
2025-06-12 04:06:00,91.1
2025-06-12 03:49:00,61.9
2025-06-12 17:36:00,18.7
2025-06-12 00:59:00,77.3
2025-06-12 11:20:00,58.7
2025-06-12 07:11:00,29.1
2025-06-12 06:04:00,56.9
2025-06-12 22:18:00,13.5
2025-06-12 22:26:00,24.6
2025-06-12 01:58:00,49.70408187272085
2025-06-12 03:51:00,34.0
2025-06-12 22:44:00,2.6
2025-06-12 23:52:00,20.7
2025-06-12 05:09:00,1.9
2025-06-12 12:44:00,82.4
2025-06-12 01:53:00,10.7
2025-06-12 04:23:00,49.70408187272085
2025-06-12 05:33:00,61.2
2025-06-12 13:14:00,3.2
2025-06-12 22:50:00,49.70408187272085
2025-06-12 06:23:00,90.1
2025-06-12 07:21:00,4.5
2025-06-12 11:15:00,49.70408187272085
2025-06-12 20:48:00,19.9
2025-06-12 19:43:00,49.70408187272085
2025-06-12 07:50:00,25.2
2025-06-12 17:39:00,27.3
2025-06-12 10:51:00,97.9
2025-06-12 06:22:00,16.6
2025-06-12 17:21:00,39.7
2025-06-12 06:31:00,34.8
2025-06-12 08:57:00,87.2
2025-06-12 20:20:00,49.70408187272085
2025-06-12 07:09:00,54.9
2025-06-12 14:58:00,37.2
2025-06-12 16:14:00,34.2
2025-06-12 09:07:00,6.8
2025-06-12 06:59:00,88.6
2025-06-12 01:45:00,49.70408187272085
2025-06-12 17:25:00,33.1
2025-06-12 06:12:00,49.70408187272085
2025-06-12 12:40:00,70.5
2025-06-12 03:24:00,40.3
2025-06-12 17:17:00,85.6
2025-06-12 18:51:00,13.3
2025-06-12 08:29:00,49.70408187272085
2025-06-12 08:16:00,26.0
2025-06-12 18:38:00,8.8
2025-06-12 12:34:00,42.8
2025-06-12 11:57:00,73.4
2025-06-12 10:21:00,60.0
2025-06-12 01:20:00,28.4
2025-06-12 00:03:00,89.4
2025-06-12 03:35:00,76.9
2025-06-12 18:15:00,58.6
2025-06-12 20:59:00,59.1
2025-06-12 17:52:00,22.7
2025-06-12 18:47:00,7.3
2025-06-12 02:54:00,33.2
2025-06-12 13:22:00,34.8
2025-06-12 17:04:00,28.8
2025-06-12 17:43:00,49.70408187272085
2025-06-12 23:36:00,64.3
2025-06-12 05:14:00,14.8
2025-06-12 00:12:00,35.8
2025-06-12 00:14:00,49.70408187272085
2025-06-12 01:50:00,18.1
2025-06-12 03:25:00,19.0
2025-06-12 15:55:00,6.2
2025-06-12 11:51:00,10.1
2025-06-12 13:17:00,47.4
2025-06-12 04:35:00,53.5
2025-06-12 19:24:00,27.7
2025-06-12 01:48:00,83.2
2025-06-12 11:44:00,16.9
2025-06-12 03:37:00,15.9
2025-06-12 22:38:00,2.4
2025-06-12 21:16:00,35.1
2025-06-12 12:00:00,27.3
2025-06-12 06:03:00,75.6
2025-06-12 19:15:00,49.70408187272085
2025-06-12 01:10:00,49.70408187272085
2025-06-12 16:01:00,13.1
2025-06-12 10:06:00,22.5
2025-06-12 23:13:00,6.7
2025-06-12 13:29:00,40.6
2025-06-12 04:28:00,3.8
2025-06-12 17:45:00,51.3
2025-06-12 14:57:00,26.1
2025-06-12 21:26:00,7.9
2025-06-12 07:41:00,49.70408187272085
2025-06-12 16:38:00,79.6
2025-06-12 03:23:00,49.70408187272085
2025-06-12 15:30:00,37.3
2025-06-12 15:34:00,4.9
2025-06-12 02:13:00,73.2
2025-06-12 20:25:00,12.2
2025-06-12 18:25:00,0.2
2025-06-12 18:58:00,15.7
2025-06-12 07:09:00,86.5
2025-06-12 09:55:00,85.3
2025-06-12 00:30:00,33.3
2025-06-12 04:43:00,55.9
2025-06-12 16:26:00,68.9
2025-06-12 12:36:00,87.1
2025-06-12 16:55:00,92.2
2025-06-12 22:08:00,92.3
2025-06-12 08:08:00,15.3
2025-06-12 06:01:00,94.4
2025-06-12 12:36:00,23.9
2025-06-12 08:19:00,55.7
2025-06-12 18:43:00,69.1
2025-06-12 08:56:00,84.0
2025-06-12 08:48:00,91.0
2025-06-12 08:56:00,78.3
2025-06-12 04:37:00,1.6
2025-06-12 04:30:00,55.7
2025-06-12 12:54:00,83.6
2025-06-12 01:17:00,49.70408187272085
2025-06-12 06:57:00,88.9
2025-06-12 16:36:00,8.8
2025-06-12 00:40:00,56.4
2025-06-12 16:35:00,13.9
2025-06-12 22:21:00,23.8
2025-06-12 22:35:00,14.9
2025-06-12 04:51:00,39.6
2025-06-12 14:04:00,49.3
2025-06-12 16:16:00,49.70408187272085
2025-06-12 04:24:00,34.9
2025-06-12 16:54:00,59.6
2025-06-12 17:31:00,4.2
2025-06-12 02:50:00,9.9
2025-06-12 13:39:00,49.70408187272085
2025-06-12 14:14:00,4.8
2025-06-12 08:32:00,59.4
2025-06-12 13:56:00,49.70408187272085
2025-06-12 03:14:00,58.1
2025-06-12 08:57:00,95.6
2025-06-12 17:35:00,50.4
2025-06-12 22:42:00,15.6
2025-06-12 18:37:00,6.2
2025-06-12 20:34:00,59.0
2025-06-12 22:40:00,38.4
2025-06-12 14:18:00,58.7
2025-06-12 08:41:00,85.8
2025-06-12 00:35:00,85.6
2025-06-12 09:40:00,15.3
2025-06-12 23:08:00,14.1
2025-06-12 07:05:00,32.2
2025-06-12 15:41:00,98.8
2025-06-12 22:03:00,62.3
2025-06-12 02:46:00,50.1110094970102
2025-06-12 16:43:00,50.1110094970102
2025-06-12 13:37:00,64.2
2025-06-12 19:28:00,50.1110094970102
2025-06-12 15:35:00,77.9
2025-06-12 08:56:00,83.3
2025-06-12 02:19:00,67.8
2025-06-12 01:07:00,17.3
2025-06-12 13:45:00,73.5
2025-06-12 09:56:00,85.6
2025-06-12 19:25:00,82.4
2025-06-12 04:16:00,24.0
2025-06-12 09:21:00,68.8
2025-06-12 19:13:00,9.4
2025-06-12 06:48:00,47.8
2025-06-12 09:04:00,50.1110094970102
2025-06-12 23:47:00,99.5
2025-06-12 09:07:00,52.3
2025-06-12 17:24:00,94.4
2025-06-12 14:16:00,81.0
2025-06-12 23:47:00,17.9
2025-06-12 02:12:00,19.3
2025-06-12 19:54:00,3.5
2025-06-12 21:21:00,32.3
2025-06-12 07:37:00,50.1110094970102
2025-06-12 16:17:00,16.4
2025-06-12 11:11:00,68.0
2025-06-12 13:36:00,58.4
2025-06-12 22:42:00,92.1
2025-06-12 02:16:00,1.6
2025-06-12 09:53:00,80.8
2025-06-12 09:29:00,27.4
2025-06-12 21:54:00,99.2
2025-06-12 08:02:00,93.1
2025-06-12 01:53:00,94.2
2025-06-12 04:57:00,50.1110094970102
2025-06-12 14:47:00,50.1110094970102
2025-06-12 03:47:00,25.6
2025-06-12 10:31:00,87.9
2025-06-12 08:23:00,50.1110094970102
2025-06-12 21:32:00,47.1
2025-06-12 06:53:00,35.8
2025-06-12 08:58:00,40.1
2025-06-12 03:44:00,50.1110094970102
2025-06-12 23:22:00,41.0
2025-06-12 00:38:00,21.1
2025-06-12 20:53:00,99.1
2025-06-12 05:31:00,50.1110094970102
2025-06-12 04:04:00,34.8
2025-06-12 12:30:00,61.3
2025-06-12 08:53:00,35.0
2025-06-12 12:54:00,78.8
2025-06-12 12:06:00,18.2
2025-06-12 10:09:00,94.1
2025-06-12 16:31:00,12.2
2025-06-12 18:42:00,50.1110094970102
2025-06-12 01:47:00,50.1110094970102
2025-06-12 03:49:00,58.0
2025-06-12 19:31:00,59.0
2025-06-12 15:03:00,52.4
2025-06-12 20:19:00,86.4
2025-06-12 18:16:00,15.5
2025-06-12 12:29:00,4.5
2025-06-12 13:06:00,35.3
2025-06-12 23:02:00,50.1110094970102
2025-06-12 19:48:00,81.9
2025-06-12 14:39:00,92.1
2025-06-12 00:37:00,41.0
2025-06-12 00:40:00,41.6
2025-06-12 16:30:00,33.7
2025-06-12 06:06:00,50.1110094970102
2025-06-12 16:07:00,37.1
2025-06-12 19:54:00,97.9
2025-06-12 15:55:00,21.8
2025-06-12 01:40:00,60.2
2025-06-12 18:41:00,74.0
2025-06-12 14:30:00,30.1
2025-06-12 12:43:00,50.1110094970102
2025-06-12 09:57:00,24.0
2025-06-12 11:00:00,26.0
2025-06-12 11:12:00,50.1110094970102
2025-06-12 02:37:00,78.5
2025-06-12 08:51:00,23.8
2025-06-12 14:35:00,93.8
2025-06-12 12:24:00,75.4
2025-06-12 06:34:00,62.4
2025-06-12 14:09:00,79.6
2025-06-12 10:31:00,27.0
2025-06-12 23:13:00,50.1110094970102
2025-06-12 12:49:00,61.8
2025-06-12 07:05:00,81.2
2025-06-12 13:04:00,85.7
2025-06-12 23:59:00,31.5
2025-06-12 00:11:00,95.6
2025-06-12 12:24:00,70.7
2025-06-12 01:39:00,17.6
2025-06-12 01:10:00,14.7
2025-06-12 10:59:00,50.1110094970102
2025-06-12 09:08:00,74.0
2025-06-12 10:00:00,10.8
2025-06-12 10:14:00,17.9
2025-06-12 04:32:00,27.9
2025-06-12 09:02:00,81.6
2025-06-12 14:32:00,69.2
2025-06-12 08:59:00,60.8
2025-06-12 11:51:00,52.7
2025-06-12 09:41:00,76.2
2025-06-12 00:03:00,21.9
2025-06-12 05:02:00,11.0
2025-06-12 19:12:00,93.4
2025-06-12 14:04:00,50.1110094970102
2025-06-12 15:59:00,21.8
2025-06-12 09:24:00,84.0
2025-06-12 11:33:00,84.7
2025-06-12 03:46:00,62.5
2025-06-12 11:42:00,99.8
2025-06-12 00:13:00,13.4
2025-06-12 17:47:00,14.9
2025-06-12 11:52:00,29.7
2025-06-12 12:57:00,78.3
2025-06-12 15:18:00,94.4
2025-06-12 23:26:00,6.2
2025-06-12 07:08:00,90.3
2025-06-12 14:10:00,93.0
2025-06-12 13:55:00,31.4
2025-06-12 16:43:00,26.2
2025-06-12 17:46:00,15.6
2025-06-12 11:39:00,50.1110094970102
2025-06-12 02:20:00,3.3
2025-06-12 02:31:00,81.9
2025-06-12 21:11:00,36.5
2025-06-12 07:43:00,69.8
2025-06-12 12:05:00,44.1
2025-06-12 15:21:00,15.8
2025-06-12 23:09:00,7.3
2025-06-12 12:19:00,77.2
2025-06-12 21:56:00,59.1
2025-06-12 09:41:00,24.7
2025-06-12 08:23:00,2.2
2025-06-12 14:06:00,88.3
2025-06-12 02:39:00,0.4
2025-06-12 08:07:00,77.3
2025-06-12 23:13:00,50.1110094970102
2025-06-12 01:31:00,50.1110094970102
2025-06-12 00:56:00,35.7
2025-06-12 09:17:00,50.1110094970102
2025-06-12 08:20:00,70.5
2025-06-12 18:28:00,40.9
2025-06-12 11:48:00,21.3
2025-06-12 23:37:00,35.1
2025-06-12 10:09:00,4.8
2025-06-12 18:41:00,46.0
2025-06-12 20:36:00,1.8
2025-06-12 14:52:00,50.1110094970102
2025-06-12 14:39:00,16.3
2025-06-12 20:46:00,61.0
2025-06-12 08:51:00,81.0
2025-06-12 09:03:00,68.8
2025-06-12 12:01:00,54.3
2025-06-12 01:43:00,38.1
2025-06-12 06:30:00,58.9
2025-06-12 03:46:00,35.4
2025-06-12 00:29:00,50.1110094970102
2025-06-12 09:28:00,83.0
2025-06-12 07:42:00,50.1110094970102
2025-06-12 23:11:00,41.1
2025-06-12 23:39:00,77.4
2025-06-12 12:58:00,76.5
2025-06-12 01:28:00,63.3
2025-06-12 23:29:00,50.1110094970102
2025-06-12 23:15:00,74.0
2025-06-12 11:53:00,31.4
2025-06-12 02:01:00,10.2
2025-06-12 04:13:00,69.4
2025-06-12 01:27:00,73.9
2025-06-12 03:29:00,50.4
2025-06-12 21:04:00,25.0
2025-06-12 22:20:00,14.8
2025-06-12 08:41:00,66.5
2025-06-12 05:51:00,94.7
2025-06-12 05:28:00,40.7
2025-06-12 12:03:00,47.4
2025-06-12 12:08:00,21.9
2025-06-12 18:18:00,93.8
2025-06-12 21:54:00,21.9
2025-06-12 21:46:00,74.8
2025-06-12 13:54:00,22.4
2025-06-12 15:56:00,25.8
2025-06-12 00:29:00,54.1
2025-06-12 06:43:00,50.1110094970102
2025-06-12 10:19:00,40.9
2025-06-12 21:26:00,38.4
2025-06-12 00:11:00,5.3
2025-06-12 15:49:00,50.1110094970102
2025-06-12 03:42:00,70.7
2025-06-12 11:13:00,21.1
2025-06-12 16:45:00,39.4
2025-06-12 14:38:00,70.1
2025-06-12 15:34:00,62.8
2025-06-12 10:21:00,49.3
2025-06-12 07:24:00,48.1
2025-06-12 23:40:00,62.2
2025-06-12 08:18:00,67.8
2025-06-12 08:43:00,4.5
2025-06-12 03:05:00,45.3
2025-06-12 00:44:00,7.6
2025-06-12 03:37:00,42.2
2025-06-12 22:26:00,97.4
2025-06-12 10:18:00,66.8
2025-06-12 22:13:00,27.9
2025-06-12 23:28:00,28.0
2025-06-12 04:56:00,19.1
2025-06-12 16:21:00,14.5
2025-06-12 23:36:00,50.1110094970102
2025-06-12 16:06:00,40.5
2025-06-12 06:48:00,74.7
2025-06-12 08:19:00,24.5
2025-06-12 02:21:00,0.4
2025-06-12 10:10:00,94.4
2025-06-12 23:53:00,29.2
2025-06-12 18:20:00,61.5
2025-06-12 12:48:00,79.4
2025-06-12 15:12:00,50.1110094970102
2025-06-12 21:42:00,15.8
2025-06-12 03:32:00,97.4
2025-06-12 00:23:00,72.6
2025-06-12 13:12:00,4.7
2025-06-12 23:59:00,45.7
2025-06-12 06:12:00,11.5
2025-06-12 03:31:00,86.8
2025-06-12 11:15:00,94.7
2025-06-12 09:23:00,81.0
2025-06-12 10:38:00,69.1
2025-06-12 11:46:00,50.1110094970102
2025-06-12 05:51:00,92.4
2025-06-12 12:43:00,2.9
2025-06-12 10:13:00,73.9
2025-06-12 05:50:00,17.4
2025-06-12 14:57:00,50.1110094970102
2025-06-12 14:36:00,16.7
2025-06-12 17:58:00,46.3
2025-06-12 09:11:00,50.1110094970102
2025-06-12 12:20:00,17.7
2025-06-12 09:22:00,26.2
2025-06-12 14:50:00,42.8
2025-06-12 10:19:00,68.9
2025-06-12 04:54:00,38.5
2025-06-12 14:58:00,37.0
2025-06-12 16:47:00,69.4
2025-06-12 17:02:00,50.1110094970102
2025-06-12 20:00:00,47.9
2025-06-12 13:38:00,50.1110094970102
2025-06-12 14:28:00,71.0
2025-06-12 02:47:00,40.6
2025-06-12 16:34:00,6.7
2025-06-12 19:07:00,50.1110094970102
2025-06-12 23:03:00,12.0
2025-06-12 08:08:00,18.6
2025-06-12 11:59:00,86.4
2025-06-12 16:20:00,81.3
2025-06-12 17:34:00,50.1110094970102
2025-06-12 10:08:00,48.0
2025-06-12 00:21:00,97.4
2025-06-12 06:25:00,13.2
2025-06-12 19:24:00,71.0
2025-06-12 13:44:00,28.2
2025-06-12 04:48:00,64.7
2025-06-12 11:39:00,90.5
2025-06-12 22:47:00,49.0
2025-06-12 16:32:00,50.1110094970102
2025-06-12 02:18:00,32.5
2025-06-12 16:22:00,40.8
2025-06-12 02:18:00,28.2
2025-06-12 18:47:00,19.2
2025-06-12 12:25:00,50.1110094970102
2025-06-12 03:56:00,2.5
2025-06-12 06:39:00,50.1110094970102
2025-06-12 21:12:00,89.1
2025-06-12 23:08:00,80.3
2025-06-12 14:59:00,46.9
2025-06-12 04:12:00,50.1110094970102
2025-06-12 09:37:00,51.2
2025-06-12 20:49:00,40.7
2025-06-12 05:10:00,47.5
2025-06-12 21:51:00,50.1110094970102
2025-06-12 22:58:00,20.8
2025-06-12 23:00:00,50.0
2025-06-12 01:41:00,51.8
2025-06-12 17:26:00,99.8
2025-06-12 15:17:00,1.1
2025-06-12 23:22:00,50.1110094970102
2025-06-12 09:39:00,41.8
2025-06-12 10:50:00,36.2
2025-06-12 16:44:00,87.4
2025-06-12 18:01:00,82.9
2025-06-12 05:33:00,34.5
2025-06-12 02:53:00,99.5
2025-06-12 17:40:00,7.6
2025-06-12 16:58:00,61.5
2025-06-12 06:40:00,50.1110094970102
2025-06-12 05:59:00,12.2
2025-06-12 00:53:00,88.9
2025-06-12 02:33:00,64.0
2025-06-12 01:19:00,0.9
2025-06-12 20:21:00,97.0
2025-06-12 15:40:00,55.7
2025-06-12 11:50:00,50.1110094970102
2025-06-12 02:59:00,86.5
2025-06-12 17:58:00,84.8
2025-06-12 05:10:00,1.0
2025-06-12 11:58:00,65.1
2025-06-12 12:41:00,50.1110094970102
2025-06-12 20:51:00,19.6
2025-06-12 11:33:00,20.1
2025-06-12 01:49:00,36.8
2025-06-12 16:10:00,7.8
2025-06-12 20:55:00,37.4
2025-06-12 01:52:00,4.5
2025-06-12 18:41:00,7.4
2025-06-12 18:31:00,50.1110094970102
2025-06-12 15:45:00,50.1110094970102
2025-06-12 01:37:00,50.1110094970102
2025-06-12 19:54:00,82.7
2025-06-12 19:41:00,10.2
2025-06-12 06:07:00,47.1
2025-06-12 01:02:00,69.4
2025-06-12 09:17:00,50.1110094970102
2025-06-12 01:46:00,16.4
2025-06-12 00:27:00,18.4
2025-06-12 04:11:00,9.7
2025-06-12 18:01:00,61.1
2025-06-12 05:18:00,31.3
2025-06-12 02:31:00,64.7
2025-06-12 05:26:00,94.9
2025-06-12 22:34:00,50.1110094970102
2025-06-12 07:19:00,50.1110094970102
2025-06-12 17:23:00,20.6
2025-06-12 17:10:00,11.9
2025-06-12 15:40:00,63.2
2025-06-12 13:55:00,50.1110094970102
2025-06-12 17:10:00,37.4
2025-06-12 08:43:00,6.5
2025-06-12 16:45:00,4.8
2025-06-12 04:00:00,9.4
2025-06-12 16:44:00,12.5
2025-06-12 00:56:00,32.0
2025-06-12 12:35:00,64.1
2025-06-12 20:15:00,87.9
2025-06-12 16:48:00,38.2
2025-06-12 20:16:00,27.5
2025-06-12 21:46:00,50.26990393626991
2025-06-12 16:14:00,28.0
2025-06-12 14:38:00,50.26990393626991
2025-06-12 23:20:00,83.9
2025-06-12 10:55:00,50.26990393626991
2025-06-12 16:42:00,59.8
2025-06-12 17:20:00,40.5
2025-06-12 10:11:00,6.6
2025-06-12 21:07:00,0.1
2025-06-12 08:32:00,29.0
2025-06-12 22:31:00,76.5
2025-06-12 14:44:00,51.3
2025-06-12 05:01:00,50.26990393626991
2025-06-12 03:38:00,50.26990393626991
2025-06-12 17:44:00,50.26990393626991
2025-06-12 05:23:00,65.1
2025-06-12 01:04:00,72.9
2025-06-12 11:54:00,29.2
2025-06-12 05:59:00,71.5
2025-06-12 22:59:00,10.8
2025-06-12 02:00:00,60.8
2025-06-12 14:06:00,11.1
2025-06-12 00:54:00,50.26990393626991
2025-06-12 20:54:00,16.6
2025-06-12 09:32:00,35.5
2025-06-12 13:03:00,30.5
2025-06-12 22:34:00,22.3
2025-06-12 00:38:00,24.8
2025-06-12 06:27:00,9.5
2025-06-12 20:16:00,4.9
2025-06-12 02:54:00,50.26990393626991
2025-06-12 03:22:00,24.2
2025-06-12 01:47:00,69.0
2025-06-12 06:12:00,25.1
2025-06-12 05:45:00,50.26990393626991
2025-06-12 14:42:00,95.5
2025-06-12 22:11:00,46.3
2025-06-12 16:38:00,10.6
2025-06-12 20:24:00,66.0
2025-06-12 13:35:00,1.7
2025-06-12 16:14:00,48.0
2025-06-12 11:41:00,30.1
2025-06-12 09:51:00,19.9
2025-06-12 17:05:00,6.4
2025-06-12 01:55:00,32.4
2025-06-12 00:55:00,49.6
2025-06-12 08:35:00,1.4
2025-06-12 12:12:00,68.0
2025-06-12 00:36:00,79.9
2025-06-12 05:23:00,33.9
2025-06-12 20:43:00,23.5
2025-06-12 10:30:00,29.9
2025-06-12 06:54:00,21.0
2025-06-12 02:33:00,80.0
2025-06-12 20:31:00,21.0
2025-06-12 09:55:00,83.0
2025-06-12 12:10:00,73.8
2025-06-12 04:49:00,50.26990393626991
2025-06-12 20:02:00,25.7
2025-06-12 22:04:00,50.26990393626991
2025-06-12 12:38:00,18.0
2025-06-12 12:53:00,98.0
2025-06-12 07:12:00,96.1
2025-06-12 17:47:00,7.9
2025-06-12 23:04:00,49.0
2025-06-12 07:00:00,57.5
2025-06-12 01:36:00,68.2
2025-06-12 09:43:00,50.26990393626991
2025-06-12 08:45:00,50.26990393626991
2025-06-12 11:11:00,72.2
2025-06-12 06:44:00,22.4
2025-06-12 12:28:00,92.9
2025-06-12 00:08:00,20.0
2025-06-12 20:11:00,16.6
2025-06-12 14:06:00,22.6
2025-06-12 17:45:00,88.5
2025-06-12 11:21:00,52.1
2025-06-12 09:18:00,8.0
2025-06-12 16:55:00,63.9
2025-06-12 04:41:00,2.8
2025-06-12 03:07:00,50.26990393626991
2025-06-12 18:10:00,7.4
2025-06-12 09:04:00,21.1
2025-06-12 19:56:00,70.5
2025-06-12 16:55:00,20.5
2025-06-12 06:46:00,85.2
2025-06-12 10:34:00,50.26990393626991
2025-06-12 03:26:00,63.0
2025-06-12 15:24:00,62.0
2025-06-12 05:59:00,38.3
2025-06-12 21:16:00,96.9
2025-06-12 17:41:00,96.7
2025-06-12 21:45:00,73.8
2025-06-12 22:25:00,33.4
2025-06-12 14:29:00,82.9
2025-06-12 21:11:00,8.5
2025-06-12 10:48:00,57.1
2025-06-12 12:15:00,95.4
2025-06-12 21:27:00,50.26990393626991
2025-06-12 15:02:00,5.8
2025-06-12 04:19:00,18.8
2025-06-12 08:41:00,98.6
2025-06-12 11:53:00,27.6
2025-06-12 11:50:00,94.7
2025-06-12 08:09:00,82.6
2025-06-12 00:53:00,21.7
2025-06-12 18:22:00,78.2
2025-06-12 21:13:00,50.26990393626991
2025-06-12 00:30:00,50.26990393626991
2025-06-12 06:53:00,65.3
2025-06-12 00:32:00,65.5
2025-06-12 13:09:00,69.8
2025-06-12 10:03:00,62.0
2025-06-12 05:32:00,41.5
2025-06-12 15:28:00,50.6
2025-06-12 14:37:00,13.2
2025-06-12 06:22:00,61.8
2025-06-12 08:10:00,49.3
2025-06-12 14:49:00,49.0
2025-06-12 05:28:00,50.26990393626991
2025-06-12 14:21:00,23.4
2025-06-12 11:17:00,65.2
2025-06-12 04:15:00,8.4
2025-06-12 10:57:00,6.0
2025-06-12 12:22:00,18.7
2025-06-12 19:36:00,87.1
2025-06-12 08:53:00,38.7
2025-06-12 10:25:00,35.6
2025-06-12 05:08:00,89.0
2025-06-12 16:58:00,16.8
2025-06-12 00:39:00,8.9
2025-06-12 02:35:00,94.7
2025-06-12 11:25:00,36.9
2025-06-12 16:45:00,19.5
2025-06-12 09:03:00,50.26990393626991
2025-06-12 14:25:00,60.2
2025-06-12 11:56:00,38.8
2025-06-12 14:10:00,14.8
2025-06-12 16:09:00,21.2
2025-06-12 11:38:00,22.7
2025-06-12 01:18:00,35.9
2025-06-12 01:04:00,87.8
2025-06-12 01:10:00,16.0
2025-06-12 01:44:00,52.5
2025-06-12 23:58:00,76.5
2025-06-12 02:03:00,44.2
2025-06-12 22:52:00,86.3
2025-06-12 02:21:00,32.3
2025-06-12 08:13:00,93.0
2025-06-12 12:49:00,50.26990393626991
2025-06-12 11:12:00,53.5
2025-06-12 22:56:00,11.7
2025-06-12 16:49:00,54.2
2025-06-12 17:33:00,50.26990393626991
2025-06-12 00:04:00,18.9
2025-06-12 10:15:00,20.2
2025-06-12 03:44:00,52.0
2025-06-12 01:52:00,5.1
2025-06-12 18:11:00,46.8
2025-06-12 13:17:00,14.4
2025-06-12 20:40:00,15.8
2025-06-12 14:41:00,66.5
2025-06-12 06:10:00,80.1
2025-06-12 02:44:00,20.3
2025-06-12 05:16:00,50.26990393626991
2025-06-12 20:35:00,90.6
2025-06-12 13:00:00,49.2
2025-06-12 10:58:00,10.8
2025-06-12 10:52:00,88.6
2025-06-12 13:14:00,98.4
2025-06-12 14:00:00,18.1
2025-06-12 18:32:00,24.4
2025-06-12 20:49:00,3.7
2025-06-12 18:49:00,62.9
2025-06-12 01:45:00,67.8
2025-06-12 01:30:00,17.4
2025-06-12 03:50:00,30.0
2025-06-12 16:05:00,28.2
2025-06-12 08:31:00,60.1
2025-06-12 10:16:00,50.26990393626991
2025-06-12 19:53:00,81.2
2025-06-12 16:58:00,90.0
2025-06-12 16:58:00,60.4
2025-06-12 16:00:00,38.6
2025-06-12 20:40:00,20.6
2025-06-12 16:27:00,71.3
2025-06-12 05:30:00,50.26990393626991
2025-06-12 16:55:00,97.7
2025-06-12 22:04:00,50.9
2025-06-12 05:38:00,99.0
2025-06-12 02:05:00,56.6
2025-06-12 08:07:00,26.2
2025-06-12 10:18:00,99.2
2025-06-12 00:38:00,39.8
2025-06-12 02:44:00,49.7
2025-06-12 04:09:00,67.8
2025-06-12 05:54:00,50.26990393626991
2025-06-12 13:11:00,18.2
2025-06-12 17:30:00,18.6
2025-06-12 02:42:00,59.7
2025-06-12 02:49:00,68.4
2025-06-12 00:03:00,50.26990393626991
2025-06-12 13:54:00,89.3
2025-06-12 10:36:00,78.2
2025-06-12 02:44:00,98.0
2025-06-12 07:08:00,50.26990393626991
2025-06-12 20:58:00,52.0
2025-06-12 06:42:00,20.8
2025-06-12 15:54:00,33.9
2025-06-12 05:54:00,43.4
2025-06-12 15:19:00,4.0
2025-06-12 15:22:00,84.1
2025-06-12 08:16:00,4.0
2025-06-12 01:38:00,10.6
2025-06-12 08:12:00,81.7
2025-06-12 02:09:00,85.4
2025-06-12 04:35:00,57.2
2025-06-12 05:00:00,50.26990393626991
2025-06-12 22:12:00,99.1
2025-06-12 22:16:00,50.7
2025-06-12 20:23:00,40.2
2025-06-12 01:07:00,89.0
2025-06-12 22:11:00,22.0
2025-06-12 00:04:00,91.3
2025-06-12 05:09:00,42.9
2025-06-12 11:01:00,81.9
2025-06-12 16:48:00,85.7
2025-06-12 09:42:00,42.0
2025-06-12 01:42:00,90.0
2025-06-12 10:55:00,32.6
2025-06-12 01:26:00,61.9
2025-06-12 11:52:00,82.0
2025-06-12 18:22:00,89.9
2025-06-12 15:23:00,79.2
2025-06-12 03:37:00,26.6
2025-06-12 01:24:00,15.9
2025-06-12 13:41:00,76.2
2025-06-12 08:56:00,54.0
2025-06-12 12:55:00,25.8
2025-06-12 08:57:00,50.26990393626991
2025-06-12 05:12:00,92.2
2025-06-12 11:01:00,28.6
2025-06-12 05:53:00,60.1
2025-06-12 05:03:00,78.5
2025-06-12 16:20:00,52.5
2025-06-12 05:42:00,24.5
2025-06-12 01:27:00,37.7
2025-06-12 00:44:00,30.6
2025-06-12 00:59:00,39.8
2025-06-12 06:41:00,14.9
2025-06-12 12:35:00,53.1
2025-06-12 18:02:00,69.1
2025-06-12 15:27:00,26.1
2025-06-12 06:15:00,50.26990393626991
2025-06-12 18:15:00,26.4
2025-06-12 05:31:00,50.26990393626991
2025-06-12 08:24:00,50.26990393626991
2025-06-12 19:20:00,50.26990393626991
2025-06-12 07:31:00,27.2
2025-06-12 15:31:00,0.3
2025-06-12 02:15:00,55.2
2025-06-12 13:48:00,49.2
2025-06-12 12:10:00,16.9
2025-06-12 17:52:00,50.26990393626991
2025-06-12 03:09:00,24.0
2025-06-12 14:18:00,77.4
2025-06-12 06:20:00,11.8
2025-06-12 04:41:00,50.26990393626991
2025-06-12 14:51:00,7.8
2025-06-12 19:24:00,7.7
2025-06-12 19:55:00,32.8
2025-06-12 05:44:00,92.5
2025-06-12 20:50:00,82.6
2025-06-12 12:54:00,32.7
2025-06-12 22:46:00,95.7
2025-06-12 00:49:00,66.8
2025-06-12 01:00:00,86.1
2025-06-12 08:34:00,49.3
2025-06-12 06:08:00,28.4
2025-06-12 05:46:00,79.4
2025-06-12 12:31:00,50.26990393626991
2025-06-12 22:56:00,73.3
2025-06-12 22:03:00,11.7
2025-06-12 00:42:00,87.9
2025-06-12 09:42:00,37.4
2025-06-12 03:01:00,50.26990393626991
2025-06-12 17:14:00,62.3
2025-06-12 19:15:00,50.26990393626991
2025-06-12 14:15:00,63.7
2025-06-12 10:39:00,55.0
2025-06-12 11:42:00,67.6
2025-06-12 20:35:00,74.2
2025-06-12 23:18:00,66.7
2025-06-12 17:32:00,19.6
2025-06-12 12:59:00,10.3
2025-06-12 17:06:00,27.6
2025-06-12 07:25:00,50.26990393626991
2025-06-12 19:14:00,78.4
2025-06-12 13:09:00,74.5
2025-06-12 02:18:00,67.7
2025-06-12 21:17:00,86.3
2025-06-12 18:36:00,8.5
2025-06-12 12:05:00,36.6
2025-06-12 00:45:00,65.0
2025-06-12 20:51:00,77.0
2025-06-12 04:40:00,50.26990393626991
2025-06-12 20:47:00,31.0
2025-06-12 08:12:00,93.0
2025-06-12 22:37:00,19.2
2025-06-12 20:07:00,50.9
2025-06-12 06:35:00,49.3
2025-06-12 10:29:00,90.6
2025-06-12 05:40:00,10.3
2025-06-12 12:20:00,50.26990393626991
2025-06-12 00:26:00,2.5
2025-06-12 14:59:00,18.1
2025-06-12 08:24:00,82.3
2025-06-12 16:05:00,97.3
2025-06-12 18:52:00,85.8
2025-06-12 22:39:00,50.26990393626991
2025-06-12 15:33:00,95.3
2025-06-12 03:17:00,61.2
2025-06-12 22:40:00,50.26990393626991
2025-06-12 06:09:00,88.8
2025-06-12 13:32:00,50.26990393626991
2025-06-12 02:32:00,4.7
2025-06-12 20:11:00,56.0
2025-06-12 00:43:00,77.7
2025-06-12 00:16:00,95.3
2025-06-12 07:44:00,76.1
2025-06-12 21:48:00,49.485271956675305
2025-06-12 05:32:00,49.485271956675305
2025-06-12 13:34:00,83.5
2025-06-12 21:24:00,67.7
2025-06-12 23:50:00,30.6
2025-06-12 09:14:00,93.6
2025-06-12 08:02:00,36.6
2025-06-12 18:22:00,49.485271956675305
2025-06-12 22:45:00,5.1
2025-06-12 05:18:00,36.9
2025-06-12 20:29:00,9.4
2025-06-12 18:56:00,30.1
2025-06-12 12:56:00,51.8
2025-06-12 12:52:00,30.6
2025-06-12 16:59:00,18.2
2025-06-12 02:14:00,62.2
2025-06-12 15:40:00,88.1
2025-06-12 20:30:00,23.1
2025-06-12 17:36:00,90.3
2025-06-12 05:56:00,69.1
2025-06-12 11:13:00,10.5
2025-06-12 01:58:00,55.8
2025-06-12 19:29:00,18.6
2025-06-12 22:47:00,25.4
2025-06-12 07:46:00,73.1
2025-06-12 14:07:00,1.5
2025-06-12 12:11:00,49.485271956675305
2025-06-12 18:08:00,21.7
2025-06-12 21:39:00,27.6
2025-06-12 00:06:00,80.5
2025-06-12 00:26:00,49.485271956675305
2025-06-12 19:17:00,34.3
2025-06-12 04:09:00,66.2
2025-06-12 08:10:00,90.5
2025-06-12 08:19:00,56.1
2025-06-12 08:08:00,49.485271956675305
2025-06-12 17:48:00,73.0
2025-06-12 03:26:00,49.485271956675305
2025-06-12 09:40:00,28.7
2025-06-12 11:57:00,20.7
2025-06-12 10:51:00,45.9
2025-06-12 09:05:00,16.7
2025-06-12 16:37:00,80.1
2025-06-12 04:46:00,49.485271956675305
2025-06-12 03:48:00,43.8
2025-06-12 07:34:00,93.0
2025-06-12 01:53:00,49.485271956675305
2025-06-12 15:26:00,13.3
2025-06-12 01:12:00,47.5
2025-06-12 15:36:00,49.485271956675305
2025-06-12 08:34:00,99.4
2025-06-12 18:08:00,85.1
2025-06-12 17:14:00,26.4
2025-06-12 01:32:00,15.9
2025-06-12 00:08:00,72.4
2025-06-12 14:56:00,31.7
2025-06-12 03:24:00,90.9
2025-06-12 03:33:00,49.485271956675305
2025-06-12 21:28:00,63.3
2025-06-12 15:15:00,3.2
2025-06-12 16:23:00,17.5
2025-06-12 08:09:00,49.485271956675305
2025-06-12 20:58:00,73.3
2025-06-12 08:00:00,49.485271956675305
2025-06-12 22:15:00,79.3
2025-06-12 09:12:00,41.5
2025-06-12 18:44:00,49.485271956675305
2025-06-12 05:27:00,32.3
2025-06-12 13:01:00,49.9
2025-06-12 13:19:00,49.485271956675305
2025-06-12 01:04:00,68.7
2025-06-12 08:53:00,81.1
2025-06-12 19:06:00,50.7
2025-06-12 01:23:00,10.6
2025-06-12 12:10:00,70.7
2025-06-12 16:54:00,8.6
2025-06-12 16:21:00,20.3
2025-06-12 16:16:00,88.4
2025-06-12 21:12:00,87.1
2025-06-12 06:56:00,93.2
2025-06-12 21:26:00,97.8
2025-06-12 00:45:00,69.6
2025-06-12 11:52:00,69.2
2025-06-12 17:03:00,46.6
2025-06-12 06:21:00,39.4
2025-06-12 18:21:00,25.0
2025-06-12 05:36:00,49.485271956675305
2025-06-12 09:39:00,5.9
2025-06-12 16:08:00,63.5
2025-06-12 00:32:00,65.7
2025-06-12 17:58:00,49.485271956675305
2025-06-12 21:03:00,89.5
2025-06-12 00:08:00,72.7
2025-06-12 16:54:00,18.3
2025-06-12 04:15:00,12.2
2025-06-12 09:50:00,45.6
2025-06-12 10:13:00,9.4
2025-06-12 19:10:00,76.5
2025-06-12 20:30:00,39.1
2025-06-12 16:33:00,28.5
2025-06-12 23:13:00,28.1
2025-06-12 05:18:00,73.8
2025-06-12 09:40:00,55.3
2025-06-12 20:24:00,49.485271956675305
2025-06-12 01:56:00,39.1
2025-06-12 20:45:00,49.485271956675305
2025-06-12 02:02:00,17.0
2025-06-12 12:04:00,11.8
2025-06-12 02:49:00,54.2
2025-06-12 02:53:00,49.485271956675305
2025-06-12 00:23:00,64.5
2025-06-12 21:39:00,38.1
2025-06-12 07:30:00,49.485271956675305
2025-06-12 10:17:00,82.5
2025-06-12 03:33:00,49.485271956675305
2025-06-12 10:12:00,77.5
2025-06-12 08:55:00,5.5
2025-06-12 02:57:00,84.2
2025-06-12 15:55:00,49.485271956675305
2025-06-12 13:08:00,48.8
2025-06-12 07:28:00,18.3
2025-06-12 13:54:00,59.5
2025-06-12 11:18:00,49.485271956675305
2025-06-12 12:54:00,49.485271956675305
2025-06-12 07:08:00,60.0
2025-06-12 10:53:00,15.7
2025-06-12 16:47:00,17.8
2025-06-12 14:42:00,49.485271956675305
2025-06-12 03:26:00,95.7
2025-06-12 20:46:00,5.8
2025-06-12 01:29:00,54.4
2025-06-12 08:55:00,78.7
2025-06-12 03:11:00,85.1
2025-06-12 17:49:00,7.0
2025-06-12 18:58:00,50.2
2025-06-12 18:23:00,40.1
2025-06-12 05:48:00,19.9
2025-06-12 05:47:00,49.485271956675305
2025-06-12 01:29:00,45.2
2025-06-12 04:19:00,25.8
2025-06-12 22:01:00,71.4
2025-06-12 12:19:00,98.3
2025-06-12 20:29:00,49.485271956675305
2025-06-12 14:57:00,37.4
2025-06-12 07:34:00,87.2
2025-06-12 01:38:00,9.0
2025-06-12 16:41:00,78.5
2025-06-12 19:41:00,75.3
2025-06-12 06:17:00,59.8
2025-06-12 01:41:00,49.485271956675305
2025-06-12 00:12:00,74.1
2025-06-12 06:35:00,18.5
2025-06-12 09:52:00,48.6
2025-06-12 08:08:00,45.3
2025-06-12 17:48:00,88.1
2025-06-12 10:39:00,52.2
2025-06-12 23:33:00,52.6
2025-06-12 00:22:00,20.7
2025-06-12 01:23:00,46.6
2025-06-12 18:22:00,69.1
2025-06-12 03:52:00,36.8
2025-06-12 10:37:00,6.6
2025-06-12 06:59:00,49.485271956675305
2025-06-12 23:01:00,69.4
2025-06-12 12:52:00,18.9
2025-06-12 00:50:00,9.4
2025-06-12 09:51:00,11.9
2025-06-12 16:40:00,88.4
2025-06-12 06:48:00,72.8
2025-06-12 16:45:00,88.2
2025-06-12 13:29:00,37.6
2025-06-12 09:00:00,74.5
2025-06-12 07:08:00,21.0
2025-06-12 13:30:00,72.0
2025-06-12 17:53:00,42.2
2025-06-12 10:05:00,67.8
2025-06-12 19:16:00,2.9
2025-06-12 09:50:00,39.7
2025-06-12 07:39:00,24.3
2025-06-12 08:59:00,49.485271956675305
2025-06-12 08:45:00,78.0
2025-06-12 06:11:00,96.7
2025-06-12 01:15:00,89.5
2025-06-12 01:50:00,3.3
2025-06-12 17:00:00,27.6
2025-06-12 08:53:00,55.9
2025-06-12 18:33:00,49.485271956675305
2025-06-12 20:41:00,99.1
2025-06-12 22:01:00,1.0
2025-06-12 09:17:00,78.4
2025-06-12 13:35:00,49.485271956675305
2025-06-12 23:16:00,39.5
2025-06-12 06:33:00,49.485271956675305
2025-06-12 23:01:00,49.485271956675305
2025-06-12 22:05:00,93.8
2025-06-12 09:30:00,76.7
2025-06-12 05:39:00,42.1
2025-06-12 09:26:00,37.4
2025-06-12 06:00:00,81.7
2025-06-12 04:14:00,49.485271956675305
2025-06-12 17:13:00,74.7
2025-06-12 12:40:00,22.1
2025-06-12 14:22:00,99.0
2025-06-12 13:10:00,78.2
2025-06-12 18:16:00,55.3
2025-06-12 08:17:00,49.485271956675305
2025-06-12 19:53:00,49.485271956675305
2025-06-12 18:21:00,95.4
2025-06-12 09:09:00,56.8
2025-06-12 15:13:00,77.9
2025-06-12 06:40:00,43.2
2025-06-12 14:07:00,8.1
2025-06-12 10:53:00,99.1
2025-06-12 20:14:00,98.5
2025-06-12 06:55:00,32.5
2025-06-12 06:47:00,70.6
2025-06-12 16:44:00,75.9
2025-06-12 11:48:00,49.4
2025-06-12 03:53:00,49.485271956675305
2025-06-12 11:48:00,28.0
2025-06-12 12:24:00,21.3
2025-06-12 08:09:00,67.7
2025-06-12 21:14:00,96.2
2025-06-12 05:37:00,17.7
2025-06-12 17:54:00,67.3
2025-06-12 03:28:00,42.6
2025-06-12 04:55:00,46.9
2025-06-12 13:01:00,24.4
2025-06-12 09:53:00,75.6
2025-06-12 21:19:00,26.8
2025-06-12 13:56:00,67.8
2025-06-12 13:01:00,24.9
2025-06-12 17:10:00,52.0
2025-06-12 19:13:00,49.485271956675305
2025-06-12 13:55:00,92.4
2025-06-12 01:47:00,0.7
2025-06-12 20:00:00,23.6
2025-06-12 23:02:00,42.7
2025-06-12 15:41:00,70.8
2025-06-12 10:39:00,44.8
2025-06-12 15:37:00,54.4
2025-06-12 09:53:00,32.4
2025-06-12 20:54:00,97.3
2025-06-12 21:19:00,13.3
2025-06-12 12:30:00,10.7
2025-06-12 19:39:00,31.0
2025-06-12 13:51:00,91.3
2025-06-12 04:58:00,17.9
2025-06-12 21:25:00,46.8
2025-06-12 13:31:00,42.6
2025-06-12 05:32:00,93.7
2025-06-12 06:12:00,39.7
2025-06-12 20:06:00,78.1
2025-06-12 13:27:00,7.5
2025-06-12 12:29:00,95.8
2025-06-12 22:45:00,5.2
2025-06-12 00:13:00,98.1
2025-06-12 10:34:00,49.485271956675305
2025-06-12 01:44:00,60.7
2025-06-12 18:11:00,42.0
2025-06-12 04:17:00,79.6
2025-06-12 15:25:00,58.2
2025-06-12 12:29:00,55.0
2025-06-12 13:46:00,90.4
2025-06-12 09:14:00,49.7
2025-06-12 13:10:00,38.3
2025-06-12 10:13:00,61.8
2025-06-12 19:53:00,48.1
2025-06-12 15:18:00,48.2
2025-06-12 07:38:00,45.7
2025-06-12 16:32:00,76.6
2025-06-12 07:21:00,60.3
2025-06-12 11:01:00,18.5
2025-06-12 03:51:00,79.6
2025-06-12 08:49:00,49.485271956675305
2025-06-12 20:26:00,26.2
2025-06-12 07:59:00,44.9
2025-06-12 22:38:00,18.5
2025-06-12 00:39:00,94.9
2025-06-12 15:45:00,54.4
2025-06-12 08:25:00,93.2
2025-06-12 14:11:00,49.485271956675305
2025-06-12 04:58:00,49.485271956675305
2025-06-12 16:24:00,72.1
2025-06-12 07:09:00,25.3
2025-06-12 17:56:00,34.2
2025-06-12 21:06:00,64.4
2025-06-12 17:21:00,9.2
2025-06-12 19:00:00,36.5
2025-06-12 06:05:00,20.6
2025-06-12 15:43:00,38.4
2025-06-12 11:00:00,49.485271956675305
2025-06-12 19:21:00,93.3
2025-06-12 10:29:00,65.7
2025-06-12 18:48:00,41.5
2025-06-12 07:52:00,43.7
2025-06-12 17:49:00,52.4
2025-06-12 15:33:00,79.2
2025-06-12 05:37:00,40.9
2025-06-12 02:47:00,49.485271956675305
2025-06-12 09:27:00,41.9
2025-06-12 17:22:00,50.0997191011236
2025-06-12 21:32:00,50.0997191011236
2025-06-12 12:09:00,63.8
2025-06-12 12:04:00,25.5
2025-06-12 11:07:00,24.7
2025-06-12 19:42:00,27.5
2025-06-12 00:08:00,89.7
2025-06-12 17:10:00,90.7
2025-06-12 09:47:00,60.0
2025-06-12 00:09:00,80.8
2025-06-12 06:55:00,50.4
2025-06-12 07:55:00,34.7
2025-06-12 21:31:00,7.5
2025-06-12 02:25:00,94.5
2025-06-12 02:07:00,5.2
2025-06-12 17:39:00,44.9
2025-06-12 11:27:00,50.0997191011236
2025-06-12 23:38:00,89.1
2025-06-12 09:05:00,55.8
2025-06-12 03:56:00,50.0997191011236
2025-06-12 10:32:00,22.2
2025-06-12 06:58:00,3.9
2025-06-12 12:46:00,18.8
2025-06-12 11:47:00,50.0997191011236
2025-06-12 10:28:00,7.2
2025-06-12 13:36:00,32.9
2025-06-12 13:05:00,10.2
2025-06-12 02:49:00,42.4
2025-06-12 06:15:00,50.0997191011236
2025-06-12 12:04:00,71.5
2025-06-12 16:26:00,26.2
2025-06-12 07:29:00,55.7
2025-06-12 10:48:00,74.3
2025-06-12 20:39:00,30.8
2025-06-12 06:04:00,57.7
2025-06-12 02:02:00,55.9
2025-06-12 12:57:00,80.8
2025-06-12 16:31:00,50.0997191011236
2025-06-12 14:00:00,50.0997191011236
2025-06-12 19:36:00,80.3
2025-06-12 22:14:00,19.6
2025-06-12 01:13:00,3.4
2025-06-12 09:16:00,88.1
2025-06-12 17:18:00,40.5
2025-06-12 03:11:00,50.0997191011236
2025-06-12 10:34:00,46.3
2025-06-12 17:21:00,50.0997191011236
2025-06-12 16:01:00,35.4
2025-06-12 14:35:00,96.9
2025-06-12 15:57:00,81.9
2025-06-12 00:03:00,79.4
2025-06-12 16:41:00,55.6
2025-06-12 21:06:00,13.6
2025-06-12 10:26:00,34.9
2025-06-12 19:58:00,50.0997191011236
2025-06-12 23:11:00,87.2
2025-06-12 18:19:00,47.8
2025-06-12 09:52:00,50.0997191011236
2025-06-12 20:01:00,12.5
2025-06-12 02:43:00,50.0997191011236
2025-06-12 22:26:00,67.2
2025-06-12 21:17:00,83.6
2025-06-12 13:14:00,50.0997191011236
2025-06-12 21:06:00,97.7
2025-06-12 18:04:00,13.1
2025-06-12 15:36:00,96.4
2025-06-12 08:29:00,29.6
2025-06-12 15:02:00,9.8
2025-06-12 12:19:00,70.7
2025-06-12 17:55:00,44.9
2025-06-12 11:59:00,93.2
2025-06-12 15:29:00,47.0
2025-06-12 22:09:00,50.0997191011236
2025-06-12 01:18:00,50.9
2025-06-12 20:41:00,78.6
2025-06-12 19:10:00,96.7
2025-06-12 04:59:00,87.2
2025-06-12 01:11:00,5.6
2025-06-12 14:31:00,37.6
2025-06-12 09:19:00,49.0
2025-06-12 13:07:00,88.0
2025-06-12 12:22:00,8.8
2025-06-12 17:50:00,80.0
2025-06-12 04:51:00,50.0997191011236
2025-06-12 14:07:00,50.0997191011236
2025-06-12 10:05:00,42.5
2025-06-12 13:11:00,28.1
2025-06-12 21:23:00,93.0
2025-06-12 19:48:00,22.5
2025-06-12 15:30:00,49.3
2025-06-12 04:29:00,50.0997191011236
2025-06-12 20:23:00,50.0997191011236
2025-06-12 21:57:00,50.0997191011236
2025-06-12 18:41:00,5.0
2025-06-12 08:44:00,63.7
2025-06-12 14:23:00,89.7
2025-06-12 11:04:00,97.6
2025-06-12 08:15:00,1.7
2025-06-12 23:03:00,36.2
2025-06-12 19:52:00,50.0997191011236
2025-06-12 10:45:00,77.2
2025-06-12 15:59:00,42.7
2025-06-12 20:14:00,99.3
2025-06-12 11:17:00,50.0997191011236
2025-06-12 05:22:00,43.3
2025-06-12 00:02:00,42.4
2025-06-12 08:44:00,40.8
2025-06-12 05:11:00,93.5
2025-06-12 16:59:00,22.2
2025-06-12 18:57:00,15.6
2025-06-12 11:28:00,56.9
2025-06-12 08:20:00,73.7
2025-06-12 08:52:00,27.4
2025-06-12 17:58:00,50.0997191011236
2025-06-12 20:06:00,15.4
2025-06-12 19:54:00,9.8
2025-06-12 02:16:00,50.0997191011236
2025-06-12 08:24:00,8.9
2025-06-12 23:30:00,81.8
2025-06-12 22:42:00,78.3
2025-06-12 15:20:00,50.0997191011236
2025-06-12 12:10:00,59.7
2025-06-12 01:03:00,9.1
2025-06-12 16:46:00,2.3
2025-06-12 17:50:00,50.0997191011236
2025-06-12 11:42:00,50.0997191011236
2025-06-12 21:38:00,27.7
2025-06-12 15:06:00,0.6
2025-06-12 22:46:00,27.3
2025-06-12 20:52:00,58.2
2025-06-12 05:29:00,74.1
2025-06-12 04:28:00,50.0997191011236
2025-06-12 17:45:00,38.1
2025-06-12 02:01:00,22.4
2025-06-12 15:12:00,13.8
2025-06-12 11:22:00,3.9
2025-06-12 14:21:00,5.2
2025-06-12 04:32:00,75.3
2025-06-12 21:54:00,50.0997191011236
2025-06-12 04:13:00,27.7
2025-06-12 01:03:00,98.4
2025-06-12 19:52:00,0.7
2025-06-12 01:03:00,72.8
2025-06-12 01:11:00,74.5
2025-06-12 06:58:00,41.2
2025-06-12 03:43:00,61.4
2025-06-12 20:37:00,81.4
2025-06-12 19:25:00,16.0
2025-06-12 15:55:00,85.7
2025-06-12 01:37:00,50.1
2025-06-12 16:52:00,58.1
2025-06-12 13:06:00,50.0997191011236
2025-06-12 03:26:00,99.9
2025-06-12 19:14:00,42.4
2025-06-12 22:25:00,50.0997191011236
2025-06-12 05:02:00,18.7
2025-06-12 09:02:00,17.6
2025-06-12 09:46:00,50.0997191011236
2025-06-12 05:49:00,14.7
2025-06-12 10:50:00,6.4
2025-06-12 19:31:00,21.7
2025-06-12 12:26:00,33.6
2025-06-12 13:37:00,36.1
2025-06-12 23:47:00,56.3
2025-06-12 15:44:00,49.3
2025-06-12 17:59:00,41.2
2025-06-12 16:32:00,26.2
2025-06-12 21:46:00,50.0997191011236
2025-06-12 14:15:00,7.0
2025-06-12 09:41:00,20.2
2025-06-12 15:53:00,6.4
2025-06-12 18:46:00,81.9
2025-06-12 20:10:00,50.0997191011236
2025-06-12 13:01:00,50.0997191011236
2025-06-12 18:13:00,74.9
2025-06-12 01:13:00,33.3
2025-06-12 18:53:00,59.6
2025-06-12 11:13:00,26.2
2025-06-12 11:03:00,38.1
2025-06-12 12:17:00,88.5
2025-06-12 10:05:00,46.7
2025-06-12 13:15:00,54.3
2025-06-12 00:24:00,26.6
2025-06-12 23:20:00,32.1
2025-06-12 13:31:00,94.6
2025-06-12 09:47:00,38.5
2025-06-12 07:17:00,65.8
2025-06-12 07:08:00,0.3
2025-06-12 06:56:00,53.9
2025-06-12 04:48:00,50.0997191011236
2025-06-12 13:32:00,44.0
2025-06-12 22:03:00,97.9
2025-06-12 12:01:00,51.9
2025-06-12 20:36:00,80.6
2025-06-12 11:21:00,94.5
2025-06-12 17:00:00,50.0997191011236
2025-06-12 13:14:00,5.3
2025-06-12 09:45:00,89.4
2025-06-12 01:19:00,50.0997191011236
2025-06-12 15:31:00,50.0997191011236
2025-06-12 12:24:00,52.1
2025-06-12 17:49:00,50.0997191011236
2025-06-12 01:46:00,62.0
2025-06-12 22:37:00,82.6
2025-06-12 17:35:00,50.0997191011236
2025-06-12 00:03:00,9.4
2025-06-12 19:06:00,47.2
2025-06-12 11:59:00,54.4
2025-06-12 01:45:00,95.3
2025-06-12 20:40:00,50.0997191011236
2025-06-12 14:44:00,99.1
2025-06-12 02:36:00,29.8
2025-06-12 17:04:00,78.5
2025-06-12 19:35:00,62.1
2025-06-12 20:35:00,26.4
2025-06-12 23:16:00,63.2
2025-06-12 03:20:00,21.1
2025-06-12 03:39:00,3.9
2025-06-12 12:09:00,9.0
2025-06-12 16:41:00,71.1
2025-06-12 07:55:00,50.0997191011236
2025-06-12 14:36:00,50.0997191011236
2025-06-12 22:37:00,46.8
2025-06-12 00:58:00,69.5
2025-06-12 18:10:00,51.3
2025-06-12 12:07:00,72.7
2025-06-12 04:25:00,46.4
2025-06-12 01:18:00,7.9
2025-06-12 04:46:00,53.1
2025-06-12 02:25:00,73.2
2025-06-12 10:04:00,64.1
2025-06-12 00:32:00,77.8
2025-06-12 02:07:00,32.1
2025-06-12 14:34:00,34.1
2025-06-12 18:55:00,87.1
2025-06-12 23:25:00,50.0997191011236
2025-06-12 13:33:00,79.5
2025-06-12 16:21:00,77.5
2025-06-12 02:59:00,29.0
2025-06-12 22:34:00,97.1
2025-06-12 18:59:00,40.2
2025-06-12 06:19:00,93.0
2025-06-12 15:27:00,93.6
2025-06-12 00:24:00,37.5
2025-06-12 20:56:00,18.1
2025-06-12 11:24:00,5.0
2025-06-12 13:15:00,26.4
2025-06-12 18:45:00,27.0
2025-06-12 10:32:00,32.9
2025-06-12 19:31:00,76.4
2025-06-12 05:15:00,50.0997191011236
2025-06-12 09:20:00,65.0
2025-06-12 18:03:00,79.6
2025-06-12 14:30:00,8.3
2025-06-12 22:04:00,11.6
2025-06-12 12:49:00,84.3
2025-06-12 09:42:00,97.2
2025-06-12 20:38:00,76.3
2025-06-12 18:24:00,20.7
2025-06-12 03:26:00,1.6
2025-06-12 09:57:00,22.1
2025-06-12 01:07:00,38.3
2025-06-12 16:13:00,13.0
2025-06-12 03:03:00,50.0997191011236
2025-06-12 00:15:00,58.7
2025-06-12 02:26:00,69.2
2025-06-12 02:50:00,92.3
2025-06-12 04:55:00,45.6
2025-06-12 10:14:00,11.5
2025-06-12 15:52:00,47.0
2025-06-12 07:46:00,50.0997191011236
2025-06-12 14:46:00,15.0
2025-06-12 04:07:00,19.2
2025-06-12 21:32:00,76.4
2025-06-12 17:34:00,50.0997191011236
2025-06-12 05:57:00,50.0997191011236
2025-06-12 04:19:00,56.3
2025-06-12 04:53:00,60.2
2025-06-12 12:55:00,93.0
2025-06-12 06:00:00,51.1
2025-06-12 11:42:00,10.5
2025-06-12 11:58:00,50.0997191011236
2025-06-12 19:12:00,77.9
2025-06-12 14:45:00,48.8
2025-06-12 21:21:00,9.8
2025-06-12 06:28:00,8.1
2025-06-12 07:54:00,52.1
2025-06-12 13:08:00,59.4
2025-06-12 20:43:00,50.0997191011236
2025-06-12 20:54:00,50.0997191011236
2025-06-12 18:31:00,42.4
2025-06-12 07:22:00,63.7
2025-06-12 01:02:00,76.4
2025-06-12 13:56:00,45.4
2025-06-12 08:04:00,64.6
2025-06-12 12:13:00,50.0997191011236
2025-06-12 19:08:00,25.7
2025-06-12 16:26:00,19.5
2025-06-12 06:23:00,50.7
2025-06-12 22:01:00,50.0997191011236
2025-06-12 08:19:00,95.2
2025-06-12 11:32:00,80.1
2025-06-12 08:25:00,37.0
2025-06-12 10:21:00,83.0
2025-06-12 03:53:00,29.4
2025-06-12 20:01:00,71.1
2025-06-12 02:13:00,97.6
2025-06-12 08:17:00,50.0997191011236
2025-06-12 14:10:00,20.3
2025-06-12 06:40:00,95.1
2025-06-12 10:15:00,47.2
2025-06-12 03:08:00,79.7
2025-06-12 09:07:00,69.7
2025-06-12 22:44:00,94.9
2025-06-12 02:15:00,50.0997191011236
2025-06-12 02:10:00,50.0997191011236
2025-06-12 03:40:00,50.0997191011236
2025-06-12 03:49:00,72.9
2025-06-12 06:38:00,51.9
2025-06-12 22:33:00,45.5
2025-06-12 08:56:00,74.6
2025-06-12 11:59:00,72.4
2025-06-12 18:03:00,86.6
2025-06-12 06:03:00,45.7
2025-06-12 15:09:00,6.8
2025-06-12 19:47:00,15.9
2025-06-12 05:37:00,0.4
2025-06-12 02:14:00,90.5
2025-06-12 03:06:00,62.7
2025-06-12 16:09:00,86.8
2025-06-12 02:11:00,33.4
2025-06-12 06:15:00,31.7
2025-06-12 15:44:00,95.9
2025-06-12 10:13:00,65.6
2025-06-12 06:57:00,67.5
2025-06-12 19:14:00,36.0
2025-06-12 23:54:00,12.9
2025-06-12 08:26:00,11.9
2025-06-12 11:22:00,96.0
2025-06-12 12:10:00,49.889081537019685
2025-06-12 03:13:00,57.5
2025-06-12 08:19:00,85.1
2025-06-12 17:19:00,52.4
2025-06-12 19:39:00,88.0
2025-06-12 20:29:00,11.7
2025-06-12 22:33:00,67.4
2025-06-12 13:28:00,49.889081537019685
2025-06-12 05:38:00,38.4
2025-06-12 12:27:00,31.6
2025-06-12 20:32:00,81.9
2025-06-12 07:13:00,63.1
2025-06-12 13:39:00,32.6
2025-06-12 23:05:00,76.3
2025-06-12 03:16:00,49.6
2025-06-12 01:45:00,4.8
2025-06-12 23:57:00,49.889081537019685
2025-06-12 04:51:00,99.6
2025-06-12 02:38:00,48.7
2025-06-12 20:17:00,67.3
2025-06-12 02:34:00,64.8
2025-06-12 23:53:00,60.1
2025-06-12 22:03:00,98.9
2025-06-12 17:08:00,75.2
2025-06-12 02:14:00,79.0
2025-06-12 05:42:00,37.5
2025-06-12 15:14:00,47.2
2025-06-12 06:07:00,49.889081537019685
2025-06-12 10:11:00,35.8
2025-06-12 07:21:00,1.6
2025-06-12 10:31:00,5.8
2025-06-12 17:19:00,49.889081537019685
2025-06-12 00:12:00,20.4
2025-06-12 11:32:00,55.4
2025-06-12 16:32:00,27.0
2025-06-12 14:40:00,21.3
2025-06-12 21:56:00,79.1
2025-06-12 04:13:00,81.7
2025-06-12 01:01:00,5.7
2025-06-12 15:39:00,49.889081537019685
2025-06-12 01:07:00,99.2
2025-06-12 21:11:00,20.6
2025-06-12 02:15:00,4.3
2025-06-12 19:54:00,16.5
2025-06-12 19:16:00,15.3
2025-06-12 00:01:00,49.889081537019685
2025-06-12 04:18:00,49.889081537019685
2025-06-12 12:56:00,45.3
2025-06-12 12:38:00,85.4
2025-06-12 15:13:00,57.9
2025-06-12 08:52:00,11.1
2025-06-12 12:16:00,49.889081537019685
2025-06-12 06:24:00,6.1
2025-06-12 05:45:00,49.889081537019685
2025-06-12 19:30:00,62.1
2025-06-12 05:19:00,79.1
2025-06-12 19:29:00,68.8
2025-06-12 07:09:00,92.1
2025-06-12 01:20:00,15.7
2025-06-12 17:57:00,51.5
2025-06-12 22:16:00,33.2
2025-06-12 08:24:00,5.7
2025-06-12 12:21:00,91.2
2025-06-12 17:54:00,28.6
2025-06-12 23:41:00,98.2
2025-06-12 03:49:00,26.9
2025-06-12 16:30:00,14.0
2025-06-12 03:40:00,2.1
2025-06-12 14:47:00,19.1
2025-06-12 06:15:00,71.1
2025-06-12 21:39:00,31.0
2025-06-12 06:20:00,32.7
2025-06-12 10:09:00,49.889081537019685
2025-06-12 16:47:00,83.1
2025-06-12 00:11:00,16.7
2025-06-12 08:09:00,48.5
2025-06-12 12:34:00,34.2
2025-06-12 15:12:00,32.0
2025-06-12 07:39:00,3.3
2025-06-12 16:27:00,44.0
2025-06-12 20:55:00,92.2
2025-06-12 10:50:00,65.2
2025-06-12 23:58:00,25.7
2025-06-12 09:23:00,49.889081537019685
2025-06-12 17:27:00,22.2
2025-06-12 01:07:00,54.3
2025-06-12 14:18:00,49.889081537019685
2025-06-12 09:53:00,2.2
2025-06-12 15:47:00,21.1
2025-06-12 08:35:00,67.8
2025-06-12 18:04:00,38.5
2025-06-12 18:09:00,98.3
2025-06-12 03:15:00,9.2
2025-06-12 14:06:00,49.889081537019685
2025-06-12 09:32:00,73.3
2025-06-12 11:16:00,49.889081537019685
2025-06-12 18:38:00,92.9
2025-06-12 15:39:00,12.7
2025-06-12 19:50:00,38.3
2025-06-12 07:57:00,1.6
2025-06-12 02:00:00,70.9
2025-06-12 13:57:00,97.0
2025-06-12 19:13:00,76.2
2025-06-12 22:02:00,49.889081537019685
2025-06-12 00:56:00,54.6
2025-06-12 04:36:00,54.6
2025-06-12 07:52:00,15.6
2025-06-12 20:56:00,50.0
2025-06-12 21:47:00,58.3
2025-06-12 06:08:00,12.9
2025-06-12 17:48:00,98.5
2025-06-12 16:59:00,4.3
2025-06-12 04:25:00,41.7
2025-06-12 19:48:00,11.4
2025-06-12 02:16:00,49.889081537019685
2025-06-12 06:06:00,97.0
2025-06-12 17:16:00,48.5
2025-06-12 16:55:00,66.7
2025-06-12 06:08:00,48.6
2025-06-12 06:25:00,49.889081537019685
2025-06-12 06:11:00,73.0
2025-06-12 17:49:00,49.889081537019685
2025-06-12 13:09:00,39.1
2025-06-12 09:17:00,97.6
2025-06-12 10:33:00,8.5
2025-06-12 00:57:00,83.0
2025-06-12 17:46:00,35.7
2025-06-12 21:17:00,93.0
2025-06-12 14:39:00,9.5
2025-06-12 13:50:00,54.5
2025-06-12 22:37:00,76.2
2025-06-12 18:40:00,10.5
2025-06-12 18:15:00,34.8
2025-06-12 12:30:00,90.0
2025-06-12 20:17:00,37.6
2025-06-12 20:47:00,13.1
2025-06-12 08:56:00,19.2
2025-06-12 16:41:00,77.1
2025-06-12 02:11:00,19.9
2025-06-12 01:26:00,94.4
2025-06-12 09:22:00,88.8
2025-06-12 03:09:00,49.889081537019685
2025-06-12 17:04:00,49.889081537019685
2025-06-12 08:32:00,13.9
2025-06-12 16:35:00,66.2
2025-06-12 07:37:00,71.2
2025-06-12 10:14:00,38.3
2025-06-12 20:43:00,8.1
2025-06-12 17:53:00,83.9
2025-06-12 11:23:00,49.889081537019685
2025-06-12 07:55:00,49.889081537019685
2025-06-12 11:47:00,77.3
2025-06-12 07:01:00,8.5
2025-06-12 12:37:00,15.6
2025-06-12 13:28:00,46.7
2025-06-12 14:37:00,41.5
2025-06-12 10:19:00,54.0
2025-06-12 12:42:00,66.3
2025-06-12 16:49:00,35.8
2025-06-12 03:22:00,73.2
2025-06-12 06:38:00,49.889081537019685
2025-06-12 16:05:00,54.9
2025-06-12 13:19:00,18.4
2025-06-12 20:02:00,39.5
2025-06-12 03:16:00,41.5
2025-06-12 03:51:00,7.0
2025-06-12 06:24:00,49.889081537019685
2025-06-12 11:54:00,49.889081537019685
2025-06-12 17:28:00,59.1
2025-06-12 17:09:00,76.7
2025-06-12 15:36:00,78.6
2025-06-12 12:08:00,49.889081537019685
2025-06-12 01:47:00,81.9
2025-06-12 23:54:00,38.7
2025-06-12 03:23:00,1.8
2025-06-12 12:59:00,26.8
2025-06-12 10:32:00,77.4
2025-06-12 18:21:00,6.2
2025-06-12 00:28:00,15.7
2025-06-12 11:05:00,74.5
2025-06-12 06:30:00,3.6
2025-06-12 00:22:00,21.8
2025-06-12 07:59:00,43.0
2025-06-12 00:58:00,58.1
2025-06-12 07:27:00,4.3
2025-06-12 08:43:00,49.889081537019685
2025-06-12 06:27:00,14.6
2025-06-12 15:17:00,49.889081537019685
2025-06-12 00:38:00,62.7
2025-06-12 14:53:00,47.4
2025-06-12 07:42:00,50.1
2025-06-12 15:09:00,49.889081537019685
2025-06-12 00:17:00,70.5
2025-06-12 19:46:00,44.9
2025-06-12 05:31:00,92.2
2025-06-12 19:53:00,16.0
2025-06-12 07:04:00,95.3
2025-06-12 19:38:00,52.1
2025-06-12 19:21:00,98.6
2025-06-12 14:28:00,33.2
2025-06-12 15:55:00,99.3
2025-06-12 00:11:00,49.889081537019685
2025-06-12 22:45:00,28.5
2025-06-12 00:03:00,49.889081537019685
2025-06-12 23:08:00,69.8
2025-06-12 03:03:00,92.5
2025-06-12 00:59:00,21.5
2025-06-12 16:35:00,45.0
2025-06-12 06:37:00,33.4
2025-06-12 07:00:00,48.6
2025-06-12 01:44:00,32.1
2025-06-12 13:37:00,82.3
2025-06-12 04:04:00,49.889081537019685
2025-06-12 04:29:00,49.889081537019685
2025-06-12 05:35:00,58.9
2025-06-12 08:06:00,49.889081537019685
2025-06-12 13:01:00,31.7
2025-06-12 02:27:00,47.5
2025-06-12 06:53:00,79.2
2025-06-12 23:13:00,62.0
2025-06-12 21:11:00,78.2
2025-06-12 01:52:00,72.6
2025-06-12 01:58:00,76.7
2025-06-12 08:49:00,90.5
2025-06-12 07:04:00,91.3
2025-06-12 01:37:00,79.9
2025-06-12 08:31:00,86.9
2025-06-12 15:07:00,69.7
2025-06-12 13:32:00,59.5
2025-06-12 15:45:00,52.5
2025-06-12 08:56:00,85.8
2025-06-12 05:10:00,49.889081537019685
2025-06-12 02:00:00,34.8
2025-06-12 05:09:00,71.8
2025-06-12 12:09:00,57.4
2025-06-12 16:00:00,96.1
2025-06-12 06:36:00,98.3
2025-06-12 07:21:00,82.7
2025-06-12 15:58:00,49.889081537019685
2025-06-12 03:12:00,45.9
2025-06-12 03:39:00,49.889081537019685
2025-06-12 08:20:00,90.4
2025-06-12 08:08:00,70.1
2025-06-12 05:23:00,30.1
2025-06-12 05:08:00,5.5
2025-06-12 19:42:00,95.9
2025-06-12 00:17:00,5.2
2025-06-12 16:26:00,19.2
2025-06-12 07:10:00,41.9
2025-06-12 07:13:00,87.2
2025-06-12 10:24:00,60.2
2025-06-12 13:29:00,31.0
2025-06-12 01:31:00,87.5
2025-06-12 01:50:00,41.6
2025-06-12 08:27:00,12.2
2025-06-12 20:04:00,92.2
2025-06-12 08:09:00,49.889081537019685
2025-06-12 11:28:00,80.4
2025-06-12 01:24:00,9.6
2025-06-12 02:19:00,16.7
2025-06-12 13:04:00,96.3
2025-06-12 20:52:00,79.6
2025-06-12 23:58:00,99.8
2025-06-12 08:19:00,25.3
2025-06-12 00:25:00,1.0
2025-06-12 13:46:00,45.8
2025-06-12 02:38:00,39.1
2025-06-12 00:42:00,50.1
2025-06-12 23:15:00,60.3
2025-06-12 15:14:00,31.0
2025-06-12 01:48:00,63.4
2025-06-12 10:22:00,35.6
2025-06-12 20:32:00,49.889081537019685
2025-06-12 13:19:00,70.2
2025-06-12 20:09:00,79.5
2025-06-12 03:30:00,24.4
2025-06-12 11:02:00,81.6
2025-06-12 04:32:00,15.5
2025-06-12 19:58:00,69.3
2025-06-12 15:08:00,11.7
2025-06-12 07:37:00,68.1
2025-06-12 23:18:00,30.5
2025-06-12 00:09:00,70.2
2025-06-12 08:38:00,12.9
2025-06-12 11:37:00,5.3
2025-06-12 00:21:00,25.8
2025-06-12 21:03:00,82.5
2025-06-12 06:57:00,49.889081537019685
2025-06-12 15:40:00,85.8
2025-06-12 04:31:00,12.1
2025-06-12 14:26:00,92.4
2025-06-12 07:28:00,49.889081537019685
2025-06-12 17:45:00,3.7
2025-06-12 19:27:00,55.3
2025-06-12 14:39:00,25.8
2025-06-12 13:46:00,49.889081537019685
2025-06-12 00:58:00,72.9
2025-06-12 05:01:00,49.889081537019685
2025-06-12 12:35:00,80.1
2025-06-12 19:43:00,28.1
2025-06-12 06:26:00,92.1
2025-06-12 12:00:00,72.1
2025-06-12 06:45:00,49.889081537019685
2025-06-12 09:48:00,83.1
2025-06-12 02:38:00,90.3
2025-06-12 07:40:00,78.4
2025-06-12 15:50:00,61.6
2025-06-12 13:52:00,87.7
2025-06-12 11:08:00,71.9
2025-06-12 04:55:00,96.6
2025-06-12 13:45:00,52.9
2025-06-12 15:56:00,88.0
2025-06-12 18:00:00,49.889081537019685
2025-06-12 17:38:00,81.5
2025-06-12 18:41:00,60.7
2025-06-12 21:41:00,23.0
2025-06-12 22:05:00,49.889081537019685
2025-06-12 16:40:00,28.1
2025-06-12 08:21:00,49.889081537019685
2025-06-12 02:29:00,93.9
2025-06-12 20:09:00,12.1
2025-06-12 09:17:00,47.6
2025-06-12 17:02:00,26.9
2025-06-12 23:06:00,63.9
2025-06-12 01:31:00,12.3
2025-06-12 03:05:00,24.7
2025-06-12 13:36:00,77.6
2025-06-12 18:38:00,76.8
2025-06-12 12:46:00,28.7
2025-06-12 03:43:00,87.6
2025-06-12 01:31:00,75.0
2025-06-12 09:58:00,91.0
2025-06-12 09:58:00,11.0
2025-06-12 08:01:00,73.2
2025-06-12 03:31:00,65.6
2025-06-12 21:37:00,92.4
2025-06-12 17:46:00,48.7
2025-06-12 11:22:00,45.9
2025-06-12 01:35:00,37.5
2025-06-12 09:59:00,12.8
2025-06-12 13:53:00,19.9
2025-06-12 15:18:00,60.0
2025-06-12 08:29:00,88.6
2025-06-12 21:56:00,78.8
2025-06-12 01:44:00,4.3
2025-06-12 22:34:00,19.3
2025-06-12 06:39:00,56.9
2025-06-12 11:59:00,22.2
2025-06-12 02:35:00,50.12778039031272
2025-06-12 23:21:00,12.6
2025-06-12 06:39:00,21.4
2025-06-12 05:08:00,78.9
2025-06-12 20:32:00,23.4
2025-06-12 05:31:00,17.2
2025-06-12 02:50:00,95.7
2025-06-12 19:48:00,33.4
2025-06-12 23:11:00,63.8
2025-06-12 03:59:00,23.7
2025-06-12 07:49:00,89.9
2025-06-12 03:09:00,86.6
2025-06-12 10:40:00,14.2
2025-06-12 17:57:00,50.12778039031272
2025-06-12 13:35:00,57.7
2025-06-12 13:20:00,69.0
2025-06-12 01:03:00,91.7
2025-06-12 01:42:00,61.4
2025-06-12 10:42:00,15.8
2025-06-12 12:25:00,95.0
2025-06-12 23:27:00,2.1
2025-06-12 08:18:00,2.4
2025-06-12 15:21:00,40.6
2025-06-12 11:12:00,50.12778039031272
2025-06-12 17:09:00,42.9
2025-06-12 13:00:00,29.0
2025-06-12 22:50:00,34.8
2025-06-12 12:34:00,90.6
2025-06-12 16:02:00,0.6
2025-06-12 13:37:00,34.9
2025-06-12 18:41:00,58.7
2025-06-12 00:13:00,18.3
2025-06-12 04:04:00,81.3
2025-06-12 13:51:00,50.12778039031272
2025-06-12 23:47:00,50.12778039031272
2025-06-12 14:24:00,91.8
2025-06-12 17:59:00,12.5
2025-06-12 01:01:00,16.9
2025-06-12 03:19:00,21.7
2025-06-12 11:27:00,59.3
2025-06-12 05:59:00,79.2
2025-06-12 07:04:00,97.9
2025-06-12 01:19:00,44.8
2025-06-12 12:58:00,67.7
2025-06-12 20:56:00,50.12778039031272
2025-06-12 07:49:00,78.6
2025-06-12 05:12:00,94.8
2025-06-12 19:28:00,3.2
2025-06-12 12:38:00,70.8
2025-06-12 10:33:00,77.0
2025-06-12 20:59:00,69.7
2025-06-12 13:11:00,19.9
2025-06-12 13:29:00,62.8
2025-06-12 04:44:00,39.4
2025-06-12 16:12:00,50.12778039031272
2025-06-12 22:15:00,50.12778039031272
2025-06-12 21:44:00,59.5
2025-06-12 10:53:00,70.4
2025-06-12 05:48:00,26.9
2025-06-12 15:03:00,40.6
2025-06-12 05:09:00,68.2
2025-06-12 22:43:00,49.8
2025-06-12 22:13:00,64.7
2025-06-12 17:07:00,83.8
2025-06-12 09:39:00,13.6
2025-06-12 04:55:00,55.8
2025-06-12 00:24:00,28.5
2025-06-12 12:40:00,38.2
2025-06-12 15:48:00,45.1
2025-06-12 02:47:00,80.3
2025-06-12 21:32:00,62.5
2025-06-12 12:34:00,77.9
2025-06-12 03:10:00,29.9
2025-06-12 08:52:00,50.12778039031272
2025-06-12 21:21:00,40.3
2025-06-12 14:51:00,91.9
2025-06-12 20:59:00,50.12778039031272
2025-06-12 04:55:00,21.1
2025-06-12 18:23:00,72.8
2025-06-12 21:06:00,19.7
2025-06-12 01:17:00,1.3
2025-06-12 13:20:00,27.1
2025-06-12 23:36:00,50.12778039031272
2025-06-12 01:35:00,7.0
2025-06-12 09:20:00,50.12778039031272
2025-06-12 10:47:00,50.12778039031272
2025-06-12 18:48:00,50.12778039031272
2025-06-12 19:03:00,19.4
2025-06-12 00:36:00,20.2
2025-06-12 16:06:00,50.12778039031272
2025-06-12 01:52:00,77.8
2025-06-12 10:21:00,26.5
2025-06-12 16:02:00,80.3
2025-06-12 21:18:00,86.2
2025-06-12 23:19:00,6.9
2025-06-12 19:50:00,48.7
2025-06-12 19:42:00,16.8
2025-06-12 13:28:00,52.8
2025-06-12 06:12:00,17.0
2025-06-12 00:37:00,50.12778039031272
2025-06-12 10:56:00,81.5
2025-06-12 17:16:00,22.8
2025-06-12 16:57:00,47.3
2025-06-12 09:17:00,40.7
2025-06-12 14:05:00,55.3
2025-06-12 14:33:00,99.8
2025-06-12 23:48:00,92.1
2025-06-12 21:20:00,22.0
2025-06-12 11:08:00,53.7
2025-06-12 20:12:00,78.1
2025-06-12 04:17:00,62.8
2025-06-12 06:02:00,20.1
2025-06-12 08:16:00,65.8
2025-06-12 06:17:00,61.7
2025-06-12 02:20:00,20.0
2025-06-12 12:46:00,66.4
2025-06-12 18:04:00,53.8
2025-06-12 23:58:00,62.8
2025-06-12 10:44:00,58.6
2025-06-12 00:42:00,50.12778039031272
2025-06-12 10:59:00,7.8
2025-06-12 15:25:00,10.5
2025-06-12 09:21:00,51.1
2025-06-12 12:33:00,64.3
2025-06-12 16:23:00,57.7
2025-06-12 23:50:00,88.1
2025-06-12 10:49:00,93.7
2025-06-12 10:51:00,3.3
2025-06-12 06:14:00,36.7
2025-06-12 11:58:00,35.2
2025-06-12 06:56:00,65.1
2025-06-12 22:42:00,64.7
2025-06-12 01:16:00,1.2
2025-06-12 10:09:00,78.4
2025-06-12 03:11:00,89.0
2025-06-12 14:23:00,58.5
2025-06-12 21:13:00,45.5
2025-06-12 05:15:00,23.2
2025-06-12 08:48:00,26.3
2025-06-12 13:37:00,54.2
2025-06-12 21:35:00,72.7
2025-06-12 13:37:00,1.0
2025-06-12 18:43:00,50.12778039031272
2025-06-12 16:40:00,21.4
2025-06-12 20:17:00,92.0
2025-06-12 08:52:00,42.6
2025-06-12 03:29:00,40.7
2025-06-12 20:59:00,1.9
2025-06-12 15:24:00,33.8
2025-06-12 08:16:00,27.5
2025-06-12 15:22:00,35.4
2025-06-12 16:47:00,33.1
2025-06-12 17:37:00,74.0
2025-06-12 03:31:00,16.6
2025-06-12 11:07:00,90.8
2025-06-12 04:47:00,61.1
2025-06-12 08:03:00,45.2
2025-06-12 01:52:00,32.3
2025-06-12 09:18:00,26.6
2025-06-12 20:13:00,33.0
2025-06-12 22:12:00,56.5
2025-06-12 14:25:00,45.6
2025-06-12 13:10:00,69.6
2025-06-12 14:34:00,14.3
2025-06-12 21:46:00,44.3
2025-06-12 06:51:00,50.12778039031272
2025-06-12 07:32:00,37.0
2025-06-12 06:53:00,34.3
2025-06-12 01:05:00,98.6
2025-06-12 11:49:00,90.9
2025-06-12 20:06:00,12.7
2025-06-12 16:26:00,58.7
2025-06-12 01:44:00,31.7
2025-06-12 00:19:00,50.12778039031272
2025-06-12 10:12:00,54.4
2025-06-12 17:57:00,77.3
2025-06-12 21:56:00,24.3
2025-06-12 04:24:00,50.12778039031272
2025-06-12 10:06:00,31.1
2025-06-12 21:01:00,37.8
2025-06-12 16:03:00,50.4
2025-06-12 01:01:00,82.2
2025-06-12 17:01:00,68.4
2025-06-12 04:17:00,11.8
2025-06-12 15:00:00,95.1
2025-06-12 16:12:00,35.4
2025-06-12 07:38:00,50.12778039031272
2025-06-12 01:38:00,84.7
2025-06-12 14:18:00,50.12778039031272
2025-06-12 00:44:00,56.7
2025-06-12 20:50:00,27.3
2025-06-12 16:11:00,28.9
2025-06-12 21:19:00,54.7
2025-06-12 05:25:00,50.12778039031272
2025-06-12 22:55:00,21.9
2025-06-12 22:23:00,95.8
2025-06-12 13:20:00,19.3
2025-06-12 14:28:00,38.0
2025-06-12 19:11:00,75.0
2025-06-12 03:38:00,50.12778039031272
2025-06-12 04:46:00,44.4
2025-06-12 12:48:00,62.7
2025-06-12 04:57:00,0.4
2025-06-12 11:13:00,48.6
2025-06-12 16:35:00,69.3
2025-06-12 17:37:00,22.8
2025-06-12 16:25:00,76.0
2025-06-12 02:59:00,87.1
2025-06-12 04:39:00,95.7
2025-06-12 16:02:00,68.4
2025-06-12 01:19:00,13.6
2025-06-12 05:37:00,50.12778039031272
2025-06-12 08:16:00,9.1
2025-06-12 23:31:00,50.12778039031272
2025-06-12 06:45:00,80.7
2025-06-12 00:45:00,50.12778039031272
2025-06-12 02:10:00,73.0
2025-06-12 06:50:00,27.1
2025-06-12 19:44:00,50.12778039031272
2025-06-12 00:42:00,33.9
2025-06-12 04:17:00,53.5
2025-06-12 02:03:00,39.8
2025-06-12 08:50:00,50.12778039031272
2025-06-12 02:12:00,54.8
2025-06-12 17:26:00,99.4
2025-06-12 02:59:00,23.2
2025-06-12 16:47:00,83.4
2025-06-12 22:06:00,73.7
2025-06-12 08:18:00,98.8
2025-06-12 02:55:00,50.12778039031272
2025-06-12 22:28:00,50.12778039031272
2025-06-12 03:56:00,1.7
2025-06-12 04:41:00,3.4
2025-06-12 17:04:00,28.7
2025-06-12 04:53:00,50.12778039031272
2025-06-12 10:21:00,27.6
2025-06-12 12:47:00,89.9
2025-06-12 08:33:00,40.3
2025-06-12 09:16:00,65.9
2025-06-12 22:08:00,50.7
2025-06-12 06:37:00,57.5
2025-06-12 12:12:00,11.0
2025-06-12 10:41:00,26.0
2025-06-12 09:15:00,50.12778039031272
2025-06-12 06:30:00,50.12778039031272
2025-06-12 11:00:00,75.5
2025-06-12 07:54:00,9.0
2025-06-12 11:15:00,13.6
2025-06-12 18:25:00,50.12778039031272
2025-06-12 13:54:00,51.1
2025-06-12 01:01:00,14.2
2025-06-12 13:46:00,66.5
2025-06-12 19:57:00,94.9
2025-06-12 00:24:00,48.7
2025-06-12 14:41:00,19.3
2025-06-12 08:06:00,23.0
2025-06-12 08:41:00,58.6
2025-06-12 20:23:00,32.4
2025-06-12 10:37:00,28.9
2025-06-12 21:40:00,88.8
2025-06-12 10:35:00,50.12778039031272
2025-06-12 08:06:00,23.6
2025-06-12 08:53:00,35.4
2025-06-12 04:25:00,53.8
2025-06-12 23:35:00,92.7
2025-06-12 06:43:00,50.12778039031272
2025-06-12 00:03:00,67.5
2025-06-12 23:32:00,97.9
2025-06-12 21:26:00,2.4
2025-06-12 03:04:00,50.12778039031272
2025-06-12 07:51:00,15.8
2025-06-12 07:42:00,17.9
2025-06-12 23:13:00,50.12778039031272
2025-06-12 03:15:00,76.4
2025-06-12 11:06:00,30.7
2025-06-12 23:35:00,6.3
2025-06-12 04:12:00,59.9
2025-06-12 16:50:00,79.0
2025-06-12 23:12:00,50.12778039031272
2025-06-12 18:04:00,56.3
2025-06-12 19:32:00,71.2
2025-06-12 18:21:00,47.0
2025-06-12 04:26:00,10.9
2025-06-12 01:09:00,80.8
2025-06-12 23:38:00,69.7
2025-06-12 14:51:00,79.4
2025-06-12 18:43:00,95.7
2025-06-12 06:19:00,72.7
2025-06-12 14:56:00,60.2
2025-06-12 16:47:00,46.4
2025-06-12 11:02:00,30.8
2025-06-12 09:18:00,62.9
2025-06-12 23:02:00,31.6
2025-06-12 19:23:00,38.8
2025-06-12 14:14:00,50.12778039031272
2025-06-12 17:35:00,50.12778039031272
2025-06-12 06:25:00,2.7
2025-06-12 23:09:00,50.12778039031272
2025-06-12 19:57:00,50.12778039031272
2025-06-12 17:44:00,78.3
2025-06-12 17:36:00,50.12778039031272
2025-06-12 07:25:00,73.1
2025-06-12 14:23:00,14.7
2025-06-12 22:16:00,20.3
2025-06-12 14:12:00,62.9
2025-06-12 21:17:00,42.8
2025-06-12 03:31:00,84.6
2025-06-12 16:30:00,51.5
2025-06-12 15:13:00,50.12778039031272
2025-06-12 01:13:00,17.8
2025-06-12 14:32:00,50.12778039031272
2025-06-12 01:04:00,75.9
2025-06-12 11:27:00,32.4
2025-06-12 07:52:00,87.6
2025-06-12 19:37:00,89.9
2025-06-12 18:39:00,12.6
2025-06-12 23:43:00,52.5
2025-06-12 20:57:00,50.12778039031272
2025-06-12 19:38:00,95.9
2025-06-12 00:47:00,95.3
2025-06-12 17:03:00,4.5
2025-06-12 13:07:00,61.4
2025-06-12 09:34:00,40.8
2025-06-12 10:49:00,23.9
2025-06-12 20:08:00,88.6
2025-06-12 01:07:00,98.6
2025-06-12 22:34:00,95.4
2025-06-12 00:24:00,79.3
2025-06-12 14:45:00,49.8
2025-06-12 06:54:00,20.1
2025-06-12 04:58:00,50.1655304792927
2025-06-12 06:39:00,76.1
2025-06-12 20:22:00,59.4
2025-06-12 14:40:00,50.1655304792927
2025-06-12 15:07:00,89.7
2025-06-12 15:40:00,97.7
2025-06-12 21:25:00,38.1
2025-06-12 22:31:00,28.4
2025-06-12 00:47:00,84.8
2025-06-12 02:55:00,48.2
2025-06-12 15:01:00,50.1655304792927
2025-06-12 18:56:00,42.7
2025-06-12 03:08:00,63.3
2025-06-12 03:36:00,70.7
2025-06-12 07:55:00,59.4
2025-06-12 14:53:00,61.0
2025-06-12 23:00:00,53.8
2025-06-12 23:01:00,62.5
2025-06-12 11:57:00,10.3
2025-06-12 18:36:00,47.6
2025-06-12 03:44:00,74.4
2025-06-12 17:17:00,54.0
2025-06-12 01:55:00,25.8
2025-06-12 21:08:00,41.6
2025-06-12 17:35:00,45.5
2025-06-12 20:48:00,74.9
2025-06-12 14:15:00,45.4
2025-06-12 23:16:00,51.6
2025-06-12 23:39:00,26.0
2025-06-12 20:57:00,35.2
2025-06-12 20:56:00,10.4
2025-06-12 02:35:00,20.5
2025-06-12 04:03:00,50.1655304792927
2025-06-12 15:40:00,89.8
2025-06-12 21:32:00,36.5
2025-06-12 11:20:00,12.8
2025-06-12 05:04:00,50.1655304792927
2025-06-12 21:33:00,48.7
2025-06-12 17:37:00,56.9
2025-06-12 05:11:00,6.1
2025-06-12 22:50:00,50.1655304792927
2025-06-12 08:57:00,40.0
2025-06-12 03:27:00,20.7
2025-06-12 19:15:00,79.0
2025-06-12 02:43:00,75.1
2025-06-12 10:35:00,99.8
2025-06-12 03:54:00,29.9
2025-06-12 18:54:00,41.0
2025-06-12 17:05:00,50.1655304792927
2025-06-12 10:26:00,14.7
2025-06-12 00:01:00,12.2
2025-06-12 09:41:00,7.3
2025-06-12 07:50:00,17.4
2025-06-12 02:18:00,94.1
2025-06-12 13:38:00,27.3
2025-06-12 23:34:00,65.8
2025-06-12 06:12:00,30.8
2025-06-12 09:49:00,50.1655304792927
2025-06-12 04:53:00,62.7
2025-06-12 02:36:00,17.0
2025-06-12 13:14:00,91.9
2025-06-12 04:35:00,56.5
2025-06-12 05:08:00,78.8
2025-06-12 12:54:00,48.5
2025-06-12 18:29:00,95.2
2025-06-12 14:13:00,91.4
2025-06-12 22:47:00,37.3
2025-06-12 23:17:00,15.0
2025-06-12 21:34:00,50.1655304792927
2025-06-12 17:33:00,74.4
2025-06-12 10:26:00,87.0
2025-06-12 08:29:00,19.7
2025-06-12 03:41:00,46.5
2025-06-12 04:03:00,84.5
2025-06-12 21:46:00,55.6
2025-06-12 17:47:00,72.5
2025-06-12 20:58:00,7.0
2025-06-12 19:10:00,47.1
2025-06-12 22:05:00,63.5
2025-06-12 22:06:00,26.4
2025-06-12 00:52:00,16.5
2025-06-12 01:48:00,50.1655304792927
2025-06-12 00:18:00,2.3
2025-06-12 00:36:00,61.2
2025-06-12 12:48:00,98.8
2025-06-12 03:31:00,89.5
2025-06-12 23:33:00,85.6
2025-06-12 03:48:00,4.3
2025-06-12 18:39:00,60.0
2025-06-12 14:55:00,74.2
2025-06-12 04:47:00,10.5
2025-06-12 11:38:00,24.9
2025-06-12 04:43:00,94.5
2025-06-12 20:29:00,50.1655304792927
2025-06-12 21:51:00,54.7
2025-06-12 17:37:00,31.9
2025-06-12 13:09:00,70.8
2025-06-12 16:36:00,44.7
2025-06-12 23:35:00,41.5
2025-06-12 05:21:00,27.7
2025-06-12 01:29:00,75.9
2025-06-12 14:08:00,2.2
2025-06-12 21:44:00,32.1
2025-06-12 07:13:00,81.0
2025-06-12 05:54:00,89.5
2025-06-12 03:33:00,82.4
2025-06-12 18:59:00,78.1
2025-06-12 03:43:00,68.0
2025-06-12 03:32:00,66.9
2025-06-12 20:32:00,22.6
2025-06-12 00:25:00,40.8
2025-06-12 10:00:00,14.5
2025-06-12 19:55:00,36.4
2025-06-12 14:53:00,36.2
2025-06-12 04:55:00,61.8
2025-06-12 17:21:00,48.7
2025-06-12 14:52:00,23.0
2025-06-12 11:54:00,1.2
2025-06-12 19:31:00,32.9
2025-06-12 08:56:00,42.8
2025-06-12 23:30:00,36.1
2025-06-12 16:22:00,32.7
2025-06-12 00:29:00,96.5
2025-06-12 05:50:00,57.2
2025-06-12 21:05:00,98.7
2025-06-12 15:49:00,5.9
2025-06-12 05:18:00,57.1
2025-06-12 01:55:00,11.8
2025-06-12 21:32:00,45.8
2025-06-12 16:31:00,29.8
2025-06-12 06:54:00,17.3
2025-06-12 03:49:00,44.0
2025-06-12 00:18:00,73.9
2025-06-12 12:38:00,24.7
2025-06-12 13:59:00,34.0
2025-06-12 19:09:00,8.0
2025-06-12 03:33:00,31.3
2025-06-12 01:25:00,87.5
2025-06-12 01:56:00,30.9
2025-06-12 15:54:00,43.0
2025-06-12 18:29:00,18.4
2025-06-12 00:00:00,58.9
2025-06-12 21:01:00,91.3
2025-06-12 14:13:00,74.8
2025-06-12 00:52:00,51.1
2025-06-12 22:46:00,26.3
2025-06-12 03:12:00,63.2
2025-06-12 10:32:00,63.1
2025-06-12 07:37:00,13.9
2025-06-12 19:36:00,93.6
2025-06-12 02:33:00,63.8
2025-06-12 06:24:00,0.5
2025-06-12 11:07:00,55.1
2025-06-12 04:31:00,72.5
2025-06-12 19:27:00,95.7
2025-06-12 22:25:00,96.1
2025-06-12 01:21:00,26.8
2025-06-12 15:43:00,94.5
2025-06-12 13:41:00,43.7
2025-06-12 14:28:00,49.1
2025-06-12 18:56:00,45.4
2025-06-12 03:34:00,97.0
2025-06-12 12:55:00,71.1
2025-06-12 23:17:00,65.8
2025-06-12 15:37:00,49.5
2025-06-12 04:14:00,88.6
2025-06-12 06:40:00,2.7
2025-06-12 00:40:00,77.4
2025-06-12 10:16:00,61.6
2025-06-12 09:06:00,77.9
2025-06-12 23:09:00,50.1655304792927
2025-06-12 01:43:00,68.1
2025-06-12 23:34:00,71.1
2025-06-12 15:47:00,99.1
2025-06-12 04:47:00,52.0
2025-06-12 06:33:00,53.9
2025-06-12 19:27:00,73.1
2025-06-12 09:56:00,20.5
2025-06-12 11:35:00,64.1
2025-06-12 19:56:00,50.1655304792927
2025-06-12 14:35:00,35.7
2025-06-12 19:11:00,6.2
2025-06-12 08:53:00,50.1655304792927
2025-06-12 19:50:00,9.2
2025-06-12 02:45:00,9.0
2025-06-12 05:52:00,1.1
2025-06-12 06:29:00,68.3
2025-06-12 01:41:00,63.1
2025-06-12 04:04:00,86.8
2025-06-12 01:16:00,88.8
2025-06-12 13:46:00,8.9
2025-06-12 15:21:00,77.6
2025-06-12 07:24:00,25.3
2025-06-12 10:54:00,50.1655304792927
2025-06-12 05:41:00,54.8
2025-06-12 06:14:00,95.6
2025-06-12 23:56:00,54.2
2025-06-12 03:10:00,50.2
2025-06-12 17:56:00,63.1
2025-06-12 17:36:00,27.5
2025-06-12 18:52:00,50.1655304792927
2025-06-12 03:14:00,50.1655304792927
2025-06-12 15:59:00,50.1655304792927
2025-06-12 02:40:00,64.4
2025-06-12 21:12:00,17.3
2025-06-12 05:21:00,69.0
2025-06-12 16:40:00,58.9
2025-06-12 23:43:00,51.8
2025-06-12 07:05:00,60.8
2025-06-12 00:16:00,40.4
2025-06-12 19:05:00,94.5
2025-06-12 01:26:00,3.2
2025-06-12 00:55:00,9.3
2025-06-12 14:42:00,7.4
2025-06-12 20:40:00,23.6
2025-06-12 08:20:00,2.2
2025-06-12 00:05:00,53.8
2025-06-12 08:25:00,90.6
2025-06-12 11:20:00,31.1
2025-06-12 17:28:00,92.0
2025-06-12 03:35:00,74.5
2025-06-12 02:57:00,54.4
2025-06-12 04:56:00,64.7
2025-06-12 05:06:00,50.1655304792927
2025-06-12 19:43:00,50.1655304792927
2025-06-12 01:33:00,12.3
2025-06-12 20:16:00,72.1
2025-06-12 06:18:00,53.4
2025-06-12 01:27:00,50.1655304792927
2025-06-12 03:08:00,90.2
2025-06-12 14:07:00,26.4
2025-06-12 08:34:00,54.0
2025-06-12 20:48:00,80.2
2025-06-12 14:53:00,90.2
2025-06-12 19:22:00,15.8
2025-06-12 12:59:00,50.1655304792927
2025-06-12 03:57:00,29.9
2025-06-12 15:23:00,40.9
2025-06-12 15:08:00,14.6
2025-06-12 01:12:00,56.4
2025-06-12 17:23:00,38.3
2025-06-12 05:50:00,62.1
2025-06-12 00:25:00,78.2
2025-06-12 08:15:00,54.6
2025-06-12 02:51:00,27.0
2025-06-12 17:45:00,38.3
2025-06-12 18:52:00,79.4
2025-06-12 18:44:00,43.6
2025-06-12 04:10:00,37.3
2025-06-12 19:59:00,61.5
2025-06-12 13:52:00,73.7
2025-06-12 02:28:00,49.4
2025-06-12 19:51:00,36.8
2025-06-12 00:43:00,25.3
2025-06-12 07:22:00,87.8
2025-06-12 20:03:00,53.5
2025-06-12 12:40:00,14.6
2025-06-12 11:38:00,38.0
2025-06-12 10:06:00,50.1655304792927
2025-06-12 20:49:00,54.8
2025-06-12 18:02:00,3.6
2025-06-12 15:06:00,50.1655304792927
2025-06-12 16:01:00,35.6
2025-06-12 22:54:00,22.4
2025-06-12 14:18:00,71.6
2025-06-12 16:11:00,50.1655304792927
2025-06-12 20:25:00,86.0
2025-06-12 01:32:00,11.5
2025-06-12 03:38:00,10.2
2025-06-12 21:09:00,94.4
2025-06-12 05:43:00,88.3
2025-06-12 01:50:00,94.0
2025-06-12 18:49:00,50.1655304792927
2025-06-12 03:42:00,73.0
2025-06-12 03:25:00,46.0
2025-06-12 00:41:00,13.4
2025-06-12 00:30:00,19.4
2025-06-12 02:30:00,79.4
2025-06-12 17:30:00,89.9
2025-06-12 10:30:00,21.5
2025-06-12 03:24:00,59.7
2025-06-12 23:47:00,50.1655304792927
2025-06-12 19:56:00,38.1
2025-06-12 18:41:00,94.7
2025-06-12 22:19:00,50.1655304792927
2025-06-12 10:49:00,51.1
2025-06-12 03:55:00,50.1655304792927
2025-06-12 23:40:00,56.4
2025-06-12 20:48:00,30.4
2025-06-12 04:49:00,50.1655304792927
2025-06-12 03:39:00,50.1655304792927
2025-06-12 15:37:00,50.1655304792927
2025-06-12 13:14:00,40.1
2025-06-12 06:28:00,83.6
2025-06-12 20:04:00,75.2
2025-06-12 19:14:00,42.9
2025-06-12 13:52:00,34.8
2025-06-12 12:23:00,54.2
2025-06-12 19:21:00,35.9
2025-06-12 02:06:00,88.3
2025-06-12 06:56:00,25.3
2025-06-12 15:28:00,78.8
2025-06-12 23:14:00,64.7
2025-06-12 04:14:00,50.1655304792927
2025-06-12 06:04:00,69.9
2025-06-12 01:59:00,43.8
2025-06-12 00:03:00,19.5
2025-06-12 23:18:00,82.9
2025-06-12 23:07:00,94.2
2025-06-12 13:14:00,6.6
2025-06-12 23:31:00,75.9
2025-06-12 21:39:00,40.1
2025-06-12 07:37:00,1.9
2025-06-12 14:12:00,68.3
2025-06-12 07:43:00,37.5
2025-06-12 02:04:00,50.2
2025-06-12 21:01:00,92.3
2025-06-12 16:49:00,15.1
2025-06-12 22:58:00,67.9
2025-06-12 13:46:00,55.5
2025-06-12 03:25:00,50.1655304792927
2025-06-12 11:53:00,97.2
2025-06-12 03:29:00,32.9
2025-06-12 15:33:00,67.5
2025-06-12 13:42:00,44.6
2025-06-12 17:01:00,50.1655304792927
2025-06-12 12:42:00,50.0
2025-06-12 02:49:00,84.2
2025-06-12 11:53:00,39.8
2025-06-12 19:01:00,55.2
2025-06-12 09:34:00,13.9
2025-06-12 21:57:00,13.0
2025-06-12 04:19:00,85.3
2025-06-12 02:57:00,68.2
2025-06-12 17:31:00,50.16485882352941
2025-06-12 18:36:00,50.16485882352941
2025-06-12 20:34:00,90.4
2025-06-12 01:38:00,57.6
2025-06-12 05:58:00,59.2
2025-06-12 17:59:00,50.16485882352941
2025-06-12 11:47:00,50.16485882352941
2025-06-12 17:08:00,50.16485882352941
2025-06-12 22:39:00,98.1
2025-06-12 15:03:00,6.4
2025-06-12 10:36:00,54.5
2025-06-12 14:41:00,67.3
2025-06-12 00:19:00,99.8
2025-06-12 23:50:00,82.5
2025-06-12 16:58:00,50.16485882352941
2025-06-12 17:30:00,50.16485882352941
2025-06-12 17:33:00,50.16485882352941
2025-06-12 19:51:00,19.6
2025-06-12 10:39:00,38.0
2025-06-12 18:55:00,3.3
2025-06-12 04:10:00,53.3
2025-06-12 03:03:00,28.9
2025-06-12 03:42:00,50.16485882352941
2025-06-12 05:35:00,78.0
2025-06-12 01:40:00,43.4
2025-06-12 19:15:00,74.8
2025-06-12 00:51:00,44.6
2025-06-12 00:49:00,15.7
2025-06-12 09:06:00,63.0
2025-06-12 07:57:00,67.0
2025-06-12 19:07:00,48.0
2025-06-12 00:42:00,99.1
2025-06-12 06:53:00,13.1
2025-06-12 00:52:00,7.9
2025-06-12 04:09:00,59.1
2025-06-12 11:07:00,25.1
2025-06-12 13:18:00,32.7
2025-06-12 10:27:00,3.0
2025-06-12 13:02:00,65.2
2025-06-12 00:09:00,45.9
2025-06-12 02:10:00,74.5
2025-06-12 20:46:00,45.9
2025-06-12 09:07:00,90.2
2025-06-12 21:26:00,35.2
2025-06-12 06:20:00,39.6
2025-06-12 08:43:00,67.5
2025-06-12 14:14:00,70.9
2025-06-12 00:10:00,13.0
2025-06-12 16:11:00,81.9
2025-06-12 03:11:00,48.6
2025-06-12 03:34:00,68.0
2025-06-12 08:21:00,5.9
2025-06-12 21:06:00,79.7
2025-06-12 12:58:00,50.9
2025-06-12 00:10:00,27.0
2025-06-12 12:36:00,50.16485882352941
2025-06-12 07:49:00,41.3
2025-06-12 03:04:00,59.8
2025-06-12 00:58:00,98.5
2025-06-12 16:34:00,63.3
2025-06-12 02:03:00,0.3
2025-06-12 14:09:00,16.7
2025-06-12 03:45:00,19.7
2025-06-12 22:51:00,22.6
2025-06-12 06:10:00,72.0
2025-06-12 15:31:00,29.2
2025-06-12 06:04:00,77.6
2025-06-12 05:28:00,95.1
2025-06-12 09:37:00,26.7
2025-06-12 22:36:00,50.16485882352941
2025-06-12 01:57:00,18.4
2025-06-12 06:20:00,98.9
2025-06-12 22:41:00,50.16485882352941
2025-06-12 01:32:00,85.4
2025-06-12 05:00:00,50.16485882352941
2025-06-12 11:32:00,98.1
2025-06-12 16:15:00,67.7
2025-06-12 01:28:00,86.6
2025-06-12 01:37:00,52.5
2025-06-12 07:40:00,50.1
2025-06-12 04:11:00,2.8
2025-06-12 18:45:00,46.5
2025-06-12 23:21:00,87.8
2025-06-12 20:26:00,24.9
2025-06-12 22:53:00,17.7
2025-06-12 03:23:00,67.4
2025-06-12 10:08:00,54.7
2025-06-12 06:26:00,50.16485882352941
2025-06-12 12:12:00,16.9
2025-06-12 16:11:00,50.16485882352941
2025-06-12 21:45:00,5.3
2025-06-12 03:28:00,84.0
2025-06-12 19:56:00,39.2
2025-06-12 12:26:00,85.8
2025-06-12 07:41:00,38.7
2025-06-12 01:03:00,62.5
2025-06-12 03:37:00,39.7
2025-06-12 20:24:00,50.16485882352941
2025-06-12 04:18:00,70.4
2025-06-12 02:06:00,35.1
2025-06-12 16:40:00,50.16485882352941
2025-06-12 00:25:00,34.4
2025-06-12 07:46:00,17.4
2025-06-12 02:57:00,50.16485882352941
2025-06-12 00:25:00,31.9
2025-06-12 19:09:00,30.8
2025-06-12 09:42:00,65.7
2025-06-12 05:41:00,64.8
2025-06-12 21:48:00,92.8
2025-06-12 23:15:00,17.2
2025-06-12 04:37:00,33.6
2025-06-12 11:02:00,40.7
2025-06-12 07:31:00,90.9
2025-06-12 15:35:00,46.2
2025-06-12 01:00:00,72.6
2025-06-12 23:01:00,65.6
2025-06-12 00:38:00,92.5
2025-06-12 11:17:00,56.7
2025-06-12 06:30:00,53.4
2025-06-12 06:05:00,5.5
2025-06-12 00:15:00,50.16485882352941
2025-06-12 05:57:00,50.16485882352941
2025-06-12 21:34:00,98.1
2025-06-12 17:37:00,66.2
2025-06-12 23:59:00,6.9
2025-06-12 08:38:00,53.2
2025-06-12 07:00:00,44.7
2025-06-12 04:28:00,24.4
2025-06-12 06:08:00,66.9
2025-06-12 12:33:00,87.3
2025-06-12 20:13:00,22.9
2025-06-12 23:38:00,50.16485882352941
2025-06-12 14:47:00,98.1
2025-06-12 20:14:00,96.8
2025-06-12 00:54:00,78.0
2025-06-12 15:34:00,76.8
2025-06-12 00:18:00,20.1
2025-06-12 01:15:00,18.6
2025-06-12 00:16:00,23.4
2025-06-12 19:28:00,3.9
2025-06-12 06:02:00,68.0
2025-06-12 06:27:00,50.16485882352941
2025-06-12 16:49:00,50.16485882352941
2025-06-12 06:25:00,63.3
2025-06-12 18:11:00,50.16485882352941
2025-06-12 02:49:00,29.6
2025-06-12 00:25:00,28.6
2025-06-12 02:46:00,9.5
2025-06-12 16:06:00,40.8
2025-06-12 01:22:00,74.8
2025-06-12 09:39:00,97.7
2025-06-12 18:31:00,50.16485882352941
2025-06-12 08:17:00,50.16485882352941
2025-06-12 00:36:00,49.9
2025-06-12 10:18:00,69.9
2025-06-12 17:32:00,29.0
2025-06-12 06:46:00,21.0
2025-06-12 06:43:00,50.16485882352941
2025-06-12 01:10:00,20.0
2025-06-12 01:40:00,98.0
2025-06-12 06:12:00,14.2
2025-06-12 05:56:00,50.16485882352941
2025-06-12 09:07:00,67.0
2025-06-12 21:42:00,78.6
2025-06-12 01:15:00,15.3
2025-06-12 15:29:00,28.0
2025-06-12 15:50:00,59.3
2025-06-12 08:29:00,50.6
2025-06-12 23:40:00,43.6
2025-06-12 21:46:00,61.4
2025-06-12 20:57:00,69.4
2025-06-12 14:26:00,8.6
2025-06-12 21:49:00,9.9
2025-06-12 20:02:00,68.5
2025-06-12 17:46:00,72.9
2025-06-12 00:23:00,58.5
2025-06-12 03:17:00,50.16485882352941
2025-06-12 10:53:00,40.0
2025-06-12 08:38:00,54.7
2025-06-12 05:36:00,35.9
2025-06-12 09:15:00,95.6
2025-06-12 23:18:00,49.5
2025-06-12 02:34:00,50.8
2025-06-12 07:01:00,22.4
2025-06-12 02:32:00,30.3
2025-06-12 12:50:00,9.5
2025-06-12 08:27:00,99.5
2025-06-12 23:01:00,8.6
2025-06-12 04:13:00,33.3
2025-06-12 16:19:00,88.5
2025-06-12 18:26:00,70.9
2025-06-12 11:48:00,50.16485882352941
2025-06-12 22:43:00,77.8
2025-06-12 03:54:00,45.7
2025-06-12 08:23:00,66.5
2025-06-12 16:57:00,31.4
2025-06-12 19:09:00,60.4
2025-06-12 10:27:00,95.0
2025-06-12 21:35:00,46.0
2025-06-12 00:01:00,84.9
2025-06-12 03:28:00,94.3
2025-06-12 12:59:00,50.16485882352941
2025-06-12 00:12:00,35.7
2025-06-12 19:30:00,45.8
2025-06-12 15:30:00,52.6
2025-06-12 08:35:00,66.0
2025-06-12 08:50:00,50.16485882352941
2025-06-12 07:23:00,87.7
2025-06-12 19:55:00,14.5
2025-06-12 16:07:00,50.16485882352941
2025-06-12 23:36:00,66.9
2025-06-12 16:28:00,88.8
2025-06-12 04:44:00,67.3
2025-06-12 08:10:00,50.16485882352941
2025-06-12 19:55:00,65.2
2025-06-12 11:46:00,70.1
2025-06-12 07:03:00,39.3
2025-06-12 07:14:00,50.16485882352941
2025-06-12 06:34:00,46.8
2025-06-12 23:47:00,91.9
2025-06-12 10:46:00,65.3
2025-06-12 18:53:00,27.1
2025-06-12 00:31:00,7.0
2025-06-12 22:29:00,32.6
2025-06-12 23:24:00,46.0
2025-06-12 22:07:00,15.7
2025-06-12 10:10:00,50.16485882352941
2025-06-12 18:23:00,38.9
2025-06-12 13:56:00,88.8
2025-06-12 03:15:00,19.3
2025-06-12 07:41:00,67.4
2025-06-12 17:35:00,8.6
2025-06-12 09:29:00,34.0
2025-06-12 10:43:00,49.8
2025-06-12 07:02:00,50.16485882352941
2025-06-12 12:51:00,88.0
2025-06-12 19:59:00,22.8
2025-06-12 05:51:00,82.1
2025-06-12 19:11:00,99.9
2025-06-12 18:04:00,76.1
2025-06-12 21:04:00,80.8
2025-06-12 22:24:00,15.1
2025-06-12 17:51:00,44.5
2025-06-12 11:48:00,73.4
2025-06-12 23:03:00,15.2
2025-06-12 01:24:00,71.9
2025-06-12 06:15:00,18.9
2025-06-12 09:01:00,24.1
2025-06-12 07:22:00,29.9
2025-06-12 10:57:00,94.1
2025-06-12 07:48:00,89.1
2025-06-12 16:42:00,71.8
2025-06-12 20:10:00,79.3
2025-06-12 03:37:00,50.16485882352941
2025-06-12 11:28:00,77.3
2025-06-12 07:22:00,50.16485882352941
2025-06-12 07:28:00,45.9
2025-06-12 03:34:00,9.0
2025-06-12 00:35:00,49.8
2025-06-12 12:26:00,20.4
2025-06-12 23:07:00,50.16485882352941
2025-06-12 23:29:00,50.16485882352941
2025-06-12 04:30:00,78.7
2025-06-12 17:52:00,50.16485882352941
2025-06-12 06:03:00,47.3
2025-06-12 06:21:00,95.3
2025-06-12 21:35:00,81.3
2025-06-12 12:50:00,50.16485882352941
2025-06-12 22:45:00,32.0
2025-06-12 09:41:00,50.16485882352941
2025-06-12 04:27:00,79.6
2025-06-12 13:38:00,0.6
2025-06-12 11:42:00,14.7
2025-06-12 20:16:00,24.0
2025-06-12 23:49:00,14.6
2025-06-12 14:00:00,50.16485882352941
2025-06-12 19:31:00,63.3
2025-06-12 05:59:00,67.6
2025-06-12 00:54:00,50.16485882352941
2025-06-12 02:35:00,48.9
2025-06-12 20:20:00,69.3
2025-06-12 00:17:00,16.9
2025-06-12 00:33:00,23.5
2025-06-12 22:04:00,50.16485882352941
2025-06-12 17:20:00,50.16485882352941
2025-06-12 13:44:00,16.2
2025-06-12 02:05:00,18.4
2025-06-12 21:55:00,2.9
2025-06-12 01:17:00,47.9
2025-06-12 20:33:00,82.0
2025-06-12 21:27:00,32.3
2025-06-12 08:39:00,50.16485882352941
2025-06-12 07:58:00,37.7
2025-06-12 00:51:00,77.7
2025-06-12 21:07:00,37.9
2025-06-12 20:53:00,35.5
2025-06-12 17:04:00,84.9
2025-06-12 08:44:00,41.5
2025-06-12 15:40:00,27.5
2025-06-12 16:02:00,31.1
2025-06-12 23:44:00,50.16485882352941
2025-06-12 18:26:00,73.7
2025-06-12 09:46:00,50.16485882352941
2025-06-12 05:57:00,50.16485882352941
2025-06-12 11:56:00,50.16485882352941
2025-06-12 18:15:00,31.0
2025-06-12 16:12:00,50.16485882352941
2025-06-12 04:45:00,64.9
2025-06-12 11:56:00,3.2
2025-06-12 09:00:00,14.9
2025-06-12 11:55:00,69.1
2025-06-12 11:40:00,56.0
2025-06-12 22:20:00,8.3
2025-06-12 21:03:00,16.0
2025-06-12 10:02:00,50.16485882352941
2025-06-12 02:08:00,97.6
2025-06-12 05:30:00,90.7
2025-06-12 08:49:00,4.4
2025-06-12 10:30:00,89.6
2025-06-12 00:13:00,32.5
2025-06-12 22:05:00,13.6
2025-06-12 01:05:00,64.2
2025-06-12 18:27:00,50.16485882352941
2025-06-12 10:17:00,12.1
2025-06-12 13:33:00,50.16485882352941
2025-06-12 13:07:00,50.16485882352941
2025-06-12 10:36:00,58.8
2025-06-12 22:49:00,30.5
2025-06-12 12:59:00,99.0
2025-06-12 04:43:00,78.5
2025-06-12 02:49:00,92.2
2025-06-12 22:31:00,83.1
2025-06-12 19:25:00,78.6
2025-06-12 03:10:00,13.2
2025-06-12 19:51:00,39.7
2025-06-12 06:16:00,50.16485882352941
2025-06-12 06:50:00,50.16485882352941
2025-06-12 07:34:00,77.5
2025-06-12 21:14:00,46.7
2025-06-12 08:34:00,9.5
2025-06-12 21:11:00,1.4
2025-06-12 09:59:00,55.5
2025-06-12 07:05:00,50.9
2025-06-12 20:19:00,49.7
2025-06-12 22:58:00,31.7
2025-06-12 14:36:00,49.40323484760014
2025-06-12 14:54:00,68.6
2025-06-12 09:39:00,25.7
2025-06-12 01:28:00,49.40323484760014
2025-06-12 17:56:00,49.40323484760014
2025-06-12 14:45:00,49.40323484760014
2025-06-12 16:35:00,9.0
2025-06-12 19:05:00,42.8
2025-06-12 19:22:00,52.6
2025-06-12 21:58:00,69.1
2025-06-12 06:43:00,91.4
2025-06-12 08:00:00,62.7
2025-06-12 08:32:00,45.0
2025-06-12 16:49:00,79.9
2025-06-12 04:38:00,33.0
2025-06-12 15:15:00,38.6
2025-06-12 22:58:00,49.40323484760014
2025-06-12 00:01:00,49.40323484760014
2025-06-12 21:08:00,53.4
2025-06-12 08:55:00,84.9
2025-06-12 17:54:00,68.6
2025-06-12 16:54:00,49.40323484760014
2025-06-12 03:36:00,70.3
2025-06-12 17:44:00,29.0
2025-06-12 22:23:00,49.40323484760014
2025-06-12 18:42:00,30.1
2025-06-12 23:25:00,85.4
2025-06-12 23:27:00,59.5
2025-06-12 05:24:00,49.40323484760014
2025-06-12 06:14:00,42.1
2025-06-12 04:56:00,76.0
2025-06-12 06:46:00,14.3
2025-06-12 22:38:00,68.8
2025-06-12 14:28:00,31.8
2025-06-12 09:28:00,33.8
2025-06-12 21:10:00,13.7
2025-06-12 02:39:00,11.0
2025-06-12 17:53:00,6.1
2025-06-12 09:03:00,52.5
2025-06-12 20:13:00,49.40323484760014
2025-06-12 21:06:00,49.40323484760014
2025-06-12 09:13:00,11.1
2025-06-12 05:59:00,50.6
2025-06-12 19:58:00,71.5
2025-06-12 17:50:00,11.8
2025-06-12 11:42:00,48.9
2025-06-12 12:56:00,77.9
2025-06-12 06:01:00,96.6
2025-06-12 04:37:00,40.7
2025-06-12 19:46:00,13.3
2025-06-12 11:10:00,16.6
2025-06-12 13:13:00,96.2
2025-06-12 17:10:00,49.40323484760014
2025-06-12 23:05:00,99.5
2025-06-12 03:28:00,91.3
2025-06-12 06:31:00,64.1
2025-06-12 01:41:00,48.2
2025-06-12 08:46:00,97.5
2025-06-12 14:18:00,22.7
2025-06-12 02:59:00,36.6
2025-06-12 13:50:00,95.5
2025-06-12 16:38:00,28.8
2025-06-12 04:26:00,15.9
2025-06-12 19:00:00,50.3
2025-06-12 00:05:00,70.3
2025-06-12 00:12:00,73.2
2025-06-12 14:55:00,49.40323484760014
2025-06-12 07:56:00,49.40323484760014
2025-06-12 01:44:00,97.8
2025-06-12 06:54:00,13.6
2025-06-12 21:25:00,45.3
2025-06-12 00:16:00,38.6
2025-06-12 13:04:00,56.1
2025-06-12 15:52:00,66.9
2025-06-12 08:08:00,61.3
2025-06-12 03:26:00,95.0
2025-06-12 20:15:00,53.4
2025-06-12 15:24:00,54.6
2025-06-12 03:50:00,88.2
2025-06-12 10:48:00,93.3
2025-06-12 11:14:00,98.1
2025-06-12 08:59:00,50.7
2025-06-12 09:32:00,44.5
2025-06-12 09:07:00,96.6
2025-06-12 21:24:00,39.4
2025-06-12 14:51:00,49.40323484760014
2025-06-12 04:58:00,34.1
2025-06-12 18:08:00,49.40323484760014
2025-06-12 09:53:00,51.2
2025-06-12 23:17:00,76.0
2025-06-12 19:40:00,85.9
2025-06-12 22:15:00,0.7
2025-06-12 08:33:00,81.3
2025-06-12 22:02:00,31.8
2025-06-12 07:32:00,54.7
2025-06-12 10:46:00,49.40323484760014
2025-06-12 20:04:00,72.6
2025-06-12 19:02:00,49.40323484760014
2025-06-12 03:28:00,49.40323484760014
2025-06-12 09:51:00,73.3
2025-06-12 16:03:00,35.7
2025-06-12 22:27:00,58.3
2025-06-12 08:00:00,33.8
2025-06-12 17:51:00,34.8
2025-06-12 01:09:00,79.5
2025-06-12 09:51:00,59.5
2025-06-12 01:56:00,81.0
2025-06-12 05:47:00,92.6
2025-06-12 01:10:00,55.3
2025-06-12 04:25:00,48.8
2025-06-12 22:03:00,62.9
2025-06-12 06:14:00,82.6
2025-06-12 09:18:00,83.4
2025-06-12 23:20:00,49.40323484760014
2025-06-12 11:39:00,70.0
2025-06-12 03:15:00,83.9
2025-06-12 01:04:00,49.40323484760014
2025-06-12 05:17:00,79.6
2025-06-12 00:05:00,13.2
2025-06-12 12:29:00,17.7
2025-06-12 15:35:00,9.7
2025-06-12 06:04:00,8.6
2025-06-12 10:14:00,13.2
2025-06-12 23:58:00,13.3
2025-06-12 01:46:00,64.4
2025-06-12 01:06:00,7.4
2025-06-12 12:37:00,49.1
2025-06-12 17:12:00,44.5
2025-06-12 14:34:00,75.2
2025-06-12 02:34:00,49.0
2025-06-12 09:18:00,12.7
2025-06-12 03:53:00,11.2
2025-06-12 01:33:00,54.4
2025-06-12 20:15:00,65.8
2025-06-12 22:50:00,59.4
2025-06-12 14:09:00,59.7
2025-06-12 08:15:00,61.3
2025-06-12 13:19:00,92.5
2025-06-12 17:23:00,59.5
2025-06-12 22:14:00,19.5
2025-06-12 17:32:00,43.0
2025-06-12 22:28:00,95.8
2025-06-12 14:06:00,49.40323484760014
2025-06-12 19:23:00,49.40323484760014
2025-06-12 08:17:00,42.4
2025-06-12 05:10:00,27.3
2025-06-12 05:50:00,31.3
2025-06-12 06:05:00,17.3
2025-06-12 00:29:00,68.1
2025-06-12 23:45:00,90.9
2025-06-12 19:05:00,3.3
2025-06-12 06:39:00,49.40323484760014
2025-06-12 10:32:00,59.9
2025-06-12 01:22:00,15.5
2025-06-12 08:50:00,6.3
2025-06-12 13:50:00,28.0
2025-06-12 14:11:00,49.40323484760014
2025-06-12 09:16:00,17.9
2025-06-12 12:01:00,33.5
2025-06-12 08:46:00,43.2
2025-06-12 19:21:00,33.7
2025-06-12 20:39:00,23.1
2025-06-12 03:37:00,23.6
2025-06-12 19:31:00,78.2
2025-06-12 17:47:00,49.40323484760014
2025-06-12 03:45:00,12.6
2025-06-12 22:10:00,16.0
2025-06-12 10:36:00,15.5
2025-06-12 09:23:00,6.3
2025-06-12 22:21:00,49.40323484760014
2025-06-12 15:39:00,20.2
2025-06-12 20:41:00,66.3
2025-06-12 04:35:00,70.5
2025-06-12 03:09:00,94.3
2025-06-12 03:26:00,91.2
2025-06-12 21:42:00,22.5
2025-06-12 21:33:00,52.7
2025-06-12 13:56:00,50.3
2025-06-12 08:55:00,4.5
2025-06-12 23:07:00,49.40323484760014
2025-06-12 00:54:00,11.2
2025-06-12 01:22:00,62.8
2025-06-12 04:52:00,87.5
2025-06-12 06:22:00,68.8
2025-06-12 15:19:00,55.4
2025-06-12 13:28:00,76.8
2025-06-12 04:17:00,47.9
2025-06-12 03:29:00,49.40323484760014
2025-06-12 09:45:00,48.6
2025-06-12 11:57:00,54.9
2025-06-12 21:46:00,14.3
2025-06-12 12:14:00,70.2
2025-06-12 10:00:00,47.7
2025-06-12 15:04:00,69.8
2025-06-12 13:18:00,38.1
2025-06-12 11:43:00,64.4
2025-06-12 09:08:00,42.3
2025-06-12 13:44:00,82.1
2025-06-12 06:50:00,86.1
2025-06-12 06:18:00,31.2
2025-06-12 21:19:00,31.6
2025-06-12 21:56:00,31.1
2025-06-12 02:32:00,39.8
2025-06-12 23:52:00,41.5
2025-06-12 14:16:00,18.1
2025-06-12 14:11:00,80.6
2025-06-12 01:24:00,69.1
2025-06-12 11:45:00,49.40323484760014
2025-06-12 01:05:00,76.2
2025-06-12 21:05:00,30.9
2025-06-12 04:16:00,53.3
2025-06-12 22:39:00,49.40323484760014
2025-06-12 11:12:00,64.2
2025-06-12 20:22:00,49.40323484760014
2025-06-12 19:41:00,1.3
2025-06-12 21:13:00,49.40323484760014
2025-06-12 12:02:00,49.40323484760014
2025-06-12 11:17:00,49.40323484760014
2025-06-12 10:28:00,14.1
2025-06-12 09:05:00,84.6
2025-06-12 14:24:00,16.0
2025-06-12 16:12:00,86.2
2025-06-12 20:14:00,6.0
2025-06-12 08:49:00,49.40323484760014
2025-06-12 06:56:00,35.8
2025-06-12 04:59:00,58.1
2025-06-12 20:23:00,49.40323484760014
2025-06-12 18:09:00,93.5
2025-06-12 15:30:00,3.9
2025-06-12 08:13:00,92.9
2025-06-12 09:44:00,94.0
2025-06-12 02:39:00,22.5
2025-06-12 21:18:00,77.2
2025-06-12 19:36:00,88.5
2025-06-12 17:38:00,73.8
2025-06-12 20:17:00,53.3
2025-06-12 05:11:00,47.1
2025-06-12 09:29:00,84.4
2025-06-12 12:05:00,49.40323484760014
2025-06-12 23:40:00,93.2
2025-06-12 09:32:00,19.0
2025-06-12 13:10:00,5.3
2025-06-12 22:14:00,41.1
2025-06-12 23:03:00,91.7
2025-06-12 13:15:00,7.4
2025-06-12 05:57:00,35.4
2025-06-12 06:25:00,77.5
2025-06-12 14:17:00,5.2
2025-06-12 00:50:00,69.6
2025-06-12 15:45:00,62.8
2025-06-12 23:42:00,70.5
2025-06-12 16:08:00,77.5
2025-06-12 11:18:00,24.9
2025-06-12 04:13:00,66.7
2025-06-12 01:47:00,49.8
2025-06-12 19:23:00,63.0
2025-06-12 23:22:00,49.40323484760014
2025-06-12 20:42:00,64.3
2025-06-12 16:08:00,8.3
2025-06-12 05:01:00,97.3
2025-06-12 10:25:00,51.7
2025-06-12 21:47:00,35.0
2025-06-12 03:28:00,48.6
2025-06-12 01:31:00,54.6
2025-06-12 15:16:00,21.1
2025-06-12 13:35:00,14.3
2025-06-12 13:51:00,33.7
2025-06-12 21:06:00,74.3
2025-06-12 00:40:00,86.7
2025-06-12 04:40:00,49.40323484760014
2025-06-12 03:42:00,27.7
2025-06-12 00:30:00,74.8
2025-06-12 18:41:00,83.4
2025-06-12 18:49:00,49.40323484760014
2025-06-12 15:13:00,65.8
2025-06-12 01:35:00,13.7
2025-06-12 07:48:00,49.40323484760014
2025-06-12 17:17:00,54.6
2025-06-12 11:35:00,66.1
2025-06-12 16:25:00,2.6
2025-06-12 22:34:00,86.4
2025-06-12 16:27:00,41.7
2025-06-12 14:55:00,1.3
2025-06-12 14:45:00,50.7
2025-06-12 19:55:00,29.5
2025-06-12 05:19:00,49.40323484760014
2025-06-12 13:47:00,50.4
2025-06-12 03:22:00,7.2
2025-06-12 07:06:00,57.4
2025-06-12 00:18:00,41.8
2025-06-12 17:26:00,58.0
2025-06-12 16:09:00,2.0
2025-06-12 12:27:00,18.8
2025-06-12 06:38:00,49.40323484760014
2025-06-12 07:42:00,21.4
2025-06-12 21:32:00,8.1
2025-06-12 05:42:00,50.6
2025-06-12 08:01:00,52.4
2025-06-12 11:58:00,20.1
2025-06-12 07:43:00,70.1
2025-06-12 16:24:00,48.0
2025-06-12 00:07:00,89.6
2025-06-12 04:17:00,80.6
2025-06-12 04:34:00,75.6
2025-06-12 00:44:00,38.6
2025-06-12 04:15:00,49.40323484760014
2025-06-12 02:09:00,24.7
2025-06-12 01:56:00,13.4
2025-06-12 17:53:00,22.6
2025-06-12 06:18:00,75.1
2025-06-12 12:18:00,51.7
2025-06-12 07:07:00,88.4
2025-06-12 11:55:00,63.8
2025-06-12 23:37:00,9.3
2025-06-12 16:24:00,95.9
2025-06-12 00:30:00,29.0
2025-06-12 23:54:00,39.8
2025-06-12 09:48:00,12.6
2025-06-12 12:18:00,26.3
2025-06-12 05:36:00,91.5
2025-06-12 17:20:00,50.400661703887515
2025-06-12 09:05:00,76.8
2025-06-12 19:03:00,50.400661703887515
2025-06-12 03:13:00,91.9
2025-06-12 08:50:00,56.0
2025-06-12 06:42:00,76.4
2025-06-12 08:22:00,56.1
2025-06-12 03:27:00,73.0
2025-06-12 04:52:00,27.4
2025-06-12 15:56:00,4.1
2025-06-12 05:52:00,75.6
2025-06-12 18:20:00,39.5
2025-06-12 02:20:00,8.4
2025-06-12 11:33:00,27.3
2025-06-12 23:02:00,99.2
2025-06-12 02:36:00,76.8
2025-06-12 23:45:00,93.4
2025-06-12 03:44:00,23.5
2025-06-12 16:34:00,8.0
2025-06-12 21:12:00,79.4
2025-06-12 11:07:00,0.5
2025-06-12 17:50:00,10.8
2025-06-12 23:45:00,52.3
2025-06-12 14:28:00,24.5
2025-06-12 00:41:00,50.400661703887515
2025-06-12 01:21:00,97.1
2025-06-12 09:23:00,23.1
2025-06-12 08:54:00,96.5
2025-06-12 06:38:00,50.400661703887515
2025-06-12 20:18:00,59.4
2025-06-12 20:08:00,3.6
2025-06-12 02:58:00,76.4
2025-06-12 05:22:00,12.0
2025-06-12 07:47:00,50.400661703887515
2025-06-12 22:57:00,71.6
2025-06-12 15:54:00,63.2
2025-06-12 10:10:00,27.2
2025-06-12 18:59:00,95.9
2025-06-12 21:17:00,22.5
2025-06-12 01:36:00,95.2
2025-06-12 19:27:00,39.4
2025-06-12 22:40:00,50.400661703887515
2025-06-12 03:13:00,40.5
2025-06-12 14:56:00,50.400661703887515
2025-06-12 11:10:00,97.9
2025-06-12 09:25:00,74.9
2025-06-12 21:19:00,16.8
2025-06-12 09:13:00,76.3
2025-06-12 22:25:00,91.4
2025-06-12 11:45:00,59.6
2025-06-12 05:19:00,92.2
2025-06-12 22:48:00,20.6
2025-06-12 03:58:00,26.2
2025-06-12 09:12:00,37.0
2025-06-12 06:23:00,88.0
2025-06-12 06:18:00,17.5
2025-06-12 01:20:00,61.6
2025-06-12 22:03:00,75.5
2025-06-12 13:15:00,47.1
2025-06-12 05:00:00,50.400661703887515
2025-06-12 03:22:00,53.9
2025-06-12 16:25:00,14.0
2025-06-12 13:11:00,75.9
2025-06-12 06:37:00,33.1
2025-06-12 13:03:00,50.400661703887515
2025-06-12 07:58:00,88.4
2025-06-12 09:06:00,50.400661703887515
2025-06-12 10:46:00,50.1
2025-06-12 12:17:00,50.400661703887515
2025-06-12 13:46:00,39.7
2025-06-12 14:55:00,66.4
2025-06-12 07:51:00,13.4
2025-06-12 11:25:00,28.9
2025-06-12 13:28:00,17.5
2025-06-12 22:07:00,50.400661703887515
2025-06-12 05:21:00,99.5
2025-06-12 04:39:00,52.2
2025-06-12 08:25:00,20.2
2025-06-12 11:43:00,50.400661703887515
2025-06-12 17:13:00,50.400661703887515
2025-06-12 10:37:00,48.0
2025-06-12 03:25:00,50.8
2025-06-12 13:23:00,70.9
2025-06-12 18:41:00,86.6
2025-06-12 17:01:00,37.4
2025-06-12 22:47:00,80.5
2025-06-12 05:54:00,65.3
2025-06-12 23:31:00,58.3
2025-06-12 11:58:00,18.2
2025-06-12 01:37:00,55.9
2025-06-12 07:46:00,46.0
2025-06-12 08:54:00,50.400661703887515
2025-06-12 20:41:00,97.9
2025-06-12 20:09:00,21.1
2025-06-12 12:21:00,21.9
2025-06-12 10:47:00,50.400661703887515
2025-06-12 05:31:00,36.7
2025-06-12 18:36:00,67.6
2025-06-12 04:51:00,91.7
2025-06-12 03:15:00,25.2
2025-06-12 13:29:00,44.2
2025-06-12 08:13:00,33.0
2025-06-12 12:01:00,33.0
2025-06-12 20:01:00,50.400661703887515
2025-06-12 15:48:00,43.2
2025-06-12 22:49:00,19.4
2025-06-12 23:00:00,81.4
2025-06-12 14:12:00,20.5
2025-06-12 03:37:00,16.6
2025-06-12 19:03:00,77.2
2025-06-12 23:02:00,50.400661703887515
2025-06-12 22:00:00,10.7
2025-06-12 02:12:00,54.0
2025-06-12 13:28:00,63.7
2025-06-12 07:21:00,24.6
2025-06-12 14:53:00,76.0
2025-06-12 06:23:00,12.1
2025-06-12 11:53:00,74.9
2025-06-12 01:12:00,86.5
2025-06-12 17:12:00,97.5
2025-06-12 10:46:00,49.2
2025-06-12 01:09:00,30.6
2025-06-12 04:14:00,50.400661703887515
2025-06-12 07:18:00,20.1
2025-06-12 15:48:00,67.4
2025-06-12 21:39:00,43.7
2025-06-12 13:23:00,86.0
2025-06-12 06:29:00,59.8
2025-06-12 05:59:00,6.1
2025-06-12 09:27:00,10.0
2025-06-12 14:51:00,11.7
2025-06-12 13:08:00,50.400661703887515
2025-06-12 07:59:00,84.0
2025-06-12 11:09:00,67.5
2025-06-12 02:18:00,83.6
2025-06-12 22:38:00,41.6
2025-06-12 22:56:00,27.7
2025-06-12 15:17:00,61.9
2025-06-12 01:11:00,99.1
2025-06-12 15:31:00,50.400661703887515
2025-06-12 21:27:00,50.400661703887515
2025-06-12 22:25:00,50.400661703887515
2025-06-12 21:13:00,42.0
2025-06-12 22:00:00,41.5
2025-06-12 03:39:00,34.9
2025-06-12 13:08:00,59.9
2025-06-12 10:52:00,55.0
2025-06-12 22:10:00,52.3
2025-06-12 03:10:00,50.400661703887515
2025-06-12 04:45:00,16.1
2025-06-12 09:40:00,14.7
2025-06-12 18:47:00,18.7
2025-06-12 21:11:00,11.0
2025-06-12 10:17:00,13.6
2025-06-12 13:25:00,26.3
2025-06-12 09:01:00,47.3
2025-06-12 21:19:00,53.6
2025-06-12 15:30:00,22.3
2025-06-12 07:43:00,47.9
2025-06-12 03:24:00,0.6
2025-06-12 11:06:00,65.3
2025-06-12 00:58:00,50.400661703887515
2025-06-12 05:49:00,27.9
2025-06-12 19:12:00,37.1
2025-06-12 05:41:00,52.2
2025-06-12 06:12:00,40.1
2025-06-12 21:38:00,64.3
2025-06-12 18:22:00,96.4
2025-06-12 10:22:00,68.3
2025-06-12 21:42:00,3.0
2025-06-12 04:54:00,31.7
2025-06-12 04:58:00,56.7
2025-06-12 05:16:00,59.2
2025-06-12 08:26:00,10.6
2025-06-12 13:33:00,74.7
2025-06-12 19:05:00,50.400661703887515
2025-06-12 11:58:00,34.7
2025-06-12 18:56:00,74.4
2025-06-12 10:52:00,67.7
2025-06-12 10:46:00,8.4
2025-06-12 12:06:00,85.8
2025-06-12 14:54:00,15.2
2025-06-12 14:00:00,34.0
2025-06-12 14:45:00,34.7
2025-06-12 07:14:00,15.5
2025-06-12 10:22:00,50.400661703887515
2025-06-12 00:13:00,17.0
2025-06-12 04:24:00,51.0
2025-06-12 00:14:00,82.5
2025-06-12 16:34:00,78.8
2025-06-12 23:25:00,40.7
2025-06-12 15:48:00,80.9
2025-06-12 11:06:00,22.6
2025-06-12 16:18:00,18.8
2025-06-12 09:29:00,88.8
2025-06-12 08:18:00,50.400661703887515
2025-06-12 00:01:00,54.0
2025-06-12 20:15:00,77.4
2025-06-12 23:54:00,15.3
2025-06-12 08:12:00,19.7
2025-06-12 06:28:00,83.1
2025-06-12 21:20:00,56.8
2025-06-12 18:06:00,31.1
2025-06-12 14:31:00,82.7
2025-06-12 02:50:00,27.6
2025-06-12 07:13:00,30.2
2025-06-12 17:13:00,18.5
2025-06-12 04:24:00,50.400661703887515
2025-06-12 09:56:00,91.7
2025-06-12 04:26:00,68.3
2025-06-12 10:54:00,51.9
2025-06-12 13:40:00,7.3
2025-06-12 17:02:00,66.1
2025-06-12 00:58:00,90.0
2025-06-12 15:19:00,50.400661703887515
2025-06-12 11:13:00,70.2
2025-06-12 04:47:00,93.1
2025-06-12 02:19:00,55.5
2025-06-12 01:41:00,50.400661703887515
2025-06-12 03:42:00,46.0
2025-06-12 00:19:00,53.9
2025-06-12 18:04:00,50.400661703887515
2025-06-12 16:29:00,61.7
2025-06-12 00:48:00,50.400661703887515
2025-06-12 13:21:00,90.9
2025-06-12 21:46:00,94.6
2025-06-12 19:52:00,50.400661703887515
2025-06-12 15:20:00,17.5
2025-06-12 15:13:00,48.4
2025-06-12 20:00:00,12.2
2025-06-12 16:03:00,50.400661703887515
2025-06-12 11:52:00,9.6
2025-06-12 16:22:00,20.1
2025-06-12 07:03:00,93.6
2025-06-12 14:37:00,68.9
2025-06-12 00:49:00,1.4
2025-06-12 21:21:00,36.8
2025-06-12 13:19:00,27.6
2025-06-12 06:38:00,51.0
2025-06-12 03:33:00,99.0
2025-06-12 08:27:00,55.9
2025-06-12 23:53:00,12.4
2025-06-12 20:48:00,70.3
2025-06-12 18:05:00,78.0
2025-06-12 03:41:00,41.2
2025-06-12 12:50:00,46.6
2025-06-12 07:51:00,75.8
2025-06-12 08:07:00,32.7
2025-06-12 20:14:00,50.400661703887515
2025-06-12 00:04:00,50.400661703887515
2025-06-12 02:01:00,50.400661703887515
2025-06-12 20:00:00,30.7
2025-06-12 02:23:00,19.7
2025-06-12 19:10:00,74.6
2025-06-12 09:44:00,50.400661703887515
2025-06-12 03:09:00,46.8
2025-06-12 03:02:00,36.2
2025-06-12 19:15:00,81.1
2025-06-12 16:55:00,63.0
2025-06-12 22:28:00,23.0
2025-06-12 12:58:00,50.400661703887515
2025-06-12 01:01:00,50.400661703887515
2025-06-12 18:02:00,82.9
2025-06-12 16:08:00,50.400661703887515
2025-06-12 09:53:00,2.1
2025-06-12 13:07:00,50.400661703887515
2025-06-12 10:41:00,68.7
2025-06-12 12:21:00,29.8
2025-06-12 23:53:00,40.3
2025-06-12 04:56:00,45.8
2025-06-12 15:38:00,50.400661703887515
2025-06-12 12:46:00,46.2
2025-06-12 06:32:00,82.7
2025-06-12 08:57:00,0.0
2025-06-12 12:01:00,51.6
2025-06-12 18:50:00,56.9
2025-06-12 22:17:00,4.5
2025-06-12 06:06:00,89.5
2025-06-12 03:08:00,94.5
2025-06-12 00:24:00,64.5
2025-06-12 05:15:00,85.3
2025-06-12 04:42:00,33.1
2025-06-12 07:39:00,77.2
2025-06-12 10:04:00,71.5
2025-06-12 15:28:00,29.3
2025-06-12 18:33:00,21.9
2025-06-12 01:20:00,81.0
2025-06-12 01:42:00,10.1
2025-06-12 16:57:00,59.9
2025-06-12 05:58:00,40.9
2025-06-12 06:31:00,50.400661703887515
2025-06-12 18:28:00,9.2
2025-06-12 19:14:00,20.0
2025-06-12 19:25:00,39.3
2025-06-12 10:12:00,2.6
2025-06-12 01:37:00,92.1
2025-06-12 07:15:00,10.7
2025-06-12 16:46:00,82.9
2025-06-12 07:38:00,15.5
2025-06-12 04:50:00,52.2
2025-06-12 09:39:00,15.9
2025-06-12 11:00:00,52.4
2025-06-12 21:10:00,14.1
2025-06-12 13:44:00,50.400661703887515
2025-06-12 20:18:00,89.8
2025-06-12 21:40:00,73.9
2025-06-12 07:59:00,24.0
2025-06-12 02:04:00,50.400661703887515
2025-06-12 11:18:00,63.0
2025-06-12 18:22:00,99.2
2025-06-12 17:34:00,3.3
2025-06-12 18:30:00,37.7
2025-06-12 09:06:00,63.3
2025-06-12 01:07:00,73.4
2025-06-12 11:43:00,23.3
2025-06-12 15:13:00,73.9
2025-06-12 01:30:00,3.1
2025-06-12 22:45:00,33.5
2025-06-12 08:53:00,19.6
2025-06-12 02:27:00,50.400661703887515
2025-06-12 06:57:00,97.7
2025-06-12 22:26:00,56.2
2025-06-12 18:02:00,32.2
2025-06-12 07:39:00,29.4
2025-06-12 04:31:00,84.9
2025-06-12 06:08:00,24.2
2025-06-12 09:04:00,62.9
2025-06-12 22:27:00,11.3
2025-06-12 10:56:00,50.400661703887515
2025-06-12 08:22:00,64.4
2025-06-12 11:55:00,93.4
2025-06-12 12:59:00,41.5
2025-06-12 03:32:00,49.84418741885991
2025-06-12 06:54:00,1.0
2025-06-12 15:39:00,19.0
2025-06-12 04:16:00,48.9
2025-06-12 15:19:00,1.4
2025-06-12 06:33:00,82.2
2025-06-12 20:45:00,49.84418741885991
2025-06-12 01:48:00,94.1
2025-06-12 17:55:00,14.5
2025-06-12 02:31:00,46.1
2025-06-12 08:05:00,13.5
2025-06-12 00:33:00,27.4
2025-06-12 10:57:00,84.1
2025-06-12 20:59:00,49.84418741885991
2025-06-12 14:46:00,82.9
2025-06-12 03:47:00,7.4
2025-06-12 03:08:00,49.84418741885991
2025-06-12 22:50:00,49.84418741885991
2025-06-12 06:14:00,6.9
2025-06-12 22:44:00,83.4
2025-06-12 06:59:00,91.0
2025-06-12 15:10:00,2.4
2025-06-12 21:39:00,30.6
2025-06-12 19:08:00,90.7
2025-06-12 07:55:00,32.3
2025-06-12 22:48:00,54.6
2025-06-12 19:39:00,74.8
2025-06-12 01:13:00,49.84418741885991
2025-06-12 20:14:00,49.84418741885991
2025-06-12 03:10:00,62.3
2025-06-12 17:36:00,49.84418741885991
2025-06-12 23:21:00,76.9
2025-06-12 19:44:00,37.9
2025-06-12 03:51:00,80.0
2025-06-12 17:44:00,2.4
2025-06-12 07:11:00,32.9
2025-06-12 08:02:00,66.9
2025-06-12 08:58:00,95.1
2025-06-12 05:56:00,22.9
2025-06-12 20:56:00,73.8
2025-06-12 06:58:00,98.8
2025-06-12 06:11:00,50.0
2025-06-12 16:04:00,68.6
2025-06-12 13:59:00,92.1
2025-06-12 00:50:00,64.8
2025-06-12 09:54:00,74.0
2025-06-12 21:31:00,23.3
2025-06-12 13:15:00,1.6
2025-06-12 20:31:00,43.9
2025-06-12 10:46:00,65.4
2025-06-12 08:36:00,28.0
2025-06-12 14:24:00,23.0
2025-06-12 14:31:00,86.0
2025-06-12 22:11:00,26.0
2025-06-12 16:41:00,49.84418741885991
2025-06-12 01:08:00,34.5
2025-06-12 17:38:00,55.7
2025-06-12 11:46:00,72.5
2025-06-12 13:49:00,39.9
2025-06-12 06:25:00,62.0
2025-06-12 23:46:00,23.3
2025-06-12 09:46:00,86.5
2025-06-12 05:24:00,9.5
2025-06-12 20:59:00,83.9
2025-06-12 10:46:00,74.0
2025-06-12 22:16:00,66.6
2025-06-12 17:53:00,0.5
2025-06-12 19:59:00,57.6
2025-06-12 11:33:00,4.4
2025-06-12 08:26:00,27.9
2025-06-12 11:42:00,32.9
2025-06-12 07:17:00,14.2
2025-06-12 19:04:00,53.6
2025-06-12 13:02:00,41.2
2025-06-12 05:52:00,71.6
2025-06-12 03:02:00,81.8
2025-06-12 20:18:00,92.8
2025-06-12 06:58:00,26.3
2025-06-12 04:29:00,93.1
2025-06-12 14:14:00,49.84418741885991
2025-06-12 01:32:00,49.84418741885991
2025-06-12 19:02:00,49.84418741885991
2025-06-12 23:24:00,9.9
2025-06-12 19:27:00,46.0
2025-06-12 20:53:00,50.2
2025-06-12 15:37:00,49.84418741885991
2025-06-12 09:42:00,96.0
2025-06-12 23:34:00,37.3
2025-06-12 02:01:00,88.6
2025-06-12 22:00:00,46.0
2025-06-12 05:40:00,49.84418741885991
2025-06-12 11:46:00,73.2
2025-06-12 00:10:00,9.0
2025-06-12 06:08:00,49.84418741885991
2025-06-12 18:32:00,92.7
2025-06-12 09:08:00,91.8
2025-06-12 07:46:00,11.4
2025-06-12 08:07:00,57.5
2025-06-12 11:08:00,64.9
2025-06-12 05:08:00,47.0
2025-06-12 04:32:00,49.84418741885991
2025-06-12 07:28:00,94.4
2025-06-12 09:59:00,64.3
2025-06-12 12:27:00,54.0
2025-06-12 16:40:00,49.84418741885991
2025-06-12 02:52:00,32.3
2025-06-12 12:34:00,19.1
2025-06-12 07:27:00,56.9
2025-06-12 11:21:00,47.0
2025-06-12 14:39:00,49.84418741885991
2025-06-12 06:17:00,26.3
2025-06-12 00:46:00,4.4
2025-06-12 06:36:00,98.7
2025-06-12 21:57:00,44.3
2025-06-12 16:29:00,3.2
2025-06-12 00:33:00,84.6
2025-06-12 20:52:00,14.1
2025-06-12 14:11:00,88.2
2025-06-12 07:34:00,68.7
2025-06-12 05:21:00,73.6
2025-06-12 13:55:00,49.84418741885991
2025-06-12 09:18:00,5.8
2025-06-12 01:04:00,30.4
2025-06-12 01:11:00,82.3
2025-06-12 15:18:00,49.84418741885991
2025-06-12 02:54:00,43.5
2025-06-12 11:06:00,9.9
2025-06-12 03:22:00,0.0
2025-06-12 09:18:00,25.9
2025-06-12 14:25:00,95.4
2025-06-12 03:27:00,93.8
2025-06-12 03:39:00,49.84418741885991
2025-06-12 00:11:00,43.6
2025-06-12 20:44:00,68.2
2025-06-12 12:36:00,28.6
2025-06-12 09:17:00,16.5
2025-06-12 06:31:00,13.1
2025-06-12 11:19:00,40.1
2025-06-12 16:02:00,78.8
2025-06-12 09:38:00,11.0
2025-06-12 13:17:00,40.0
2025-06-12 02:26:00,28.9
2025-06-12 01:41:00,92.8
2025-06-12 13:22:00,94.4
2025-06-12 10:12:00,40.8
2025-06-12 09:57:00,78.8
2025-06-12 02:57:00,56.2
2025-06-12 17:44:00,92.6
2025-06-12 11:56:00,0.3
2025-06-12 22:10:00,76.5
2025-06-12 13:30:00,49.2
2025-06-12 06:16:00,31.9
2025-06-12 17:58:00,26.3
2025-06-12 16:36:00,66.6
2025-06-12 19:01:00,64.2
2025-06-12 14:59:00,49.84418741885991
2025-06-12 03:33:00,95.4
2025-06-12 21:29:00,95.4
2025-06-12 06:29:00,82.0
2025-06-12 06:45:00,47.9
2025-06-12 11:27:00,52.6
2025-06-12 19:39:00,49.84418741885991
2025-06-12 23:34:00,65.5
2025-06-12 07:00:00,49.84418741885991
2025-06-12 23:57:00,24.4
2025-06-12 12:05:00,49.84418741885991
2025-06-12 11:57:00,85.7
2025-06-12 21:23:00,19.5
2025-06-12 07:06:00,33.5
2025-06-12 19:32:00,68.1
2025-06-12 01:57:00,47.3
2025-06-12 08:07:00,52.7
2025-06-12 13:01:00,63.9
2025-06-12 01:10:00,7.6
2025-06-12 00:32:00,94.8
2025-06-12 17:40:00,99.8
2025-06-12 13:46:00,57.5
2025-06-12 03:11:00,76.7
2025-06-12 03:51:00,61.8
2025-06-12 11:41:00,60.4
2025-06-12 15:09:00,88.1
2025-06-12 07:41:00,10.5
2025-06-12 08:49:00,34.0
2025-06-12 05:40:00,35.0
2025-06-12 15:44:00,96.2
2025-06-12 06:25:00,49.84418741885991
2025-06-12 06:14:00,39.3
2025-06-12 17:17:00,44.4
2025-06-12 19:06:00,20.2
2025-06-12 05:38:00,67.4
2025-06-12 17:52:00,49.84418741885991
2025-06-12 10:33:00,76.8
2025-06-12 16:35:00,71.7
2025-06-12 01:45:00,51.9
2025-06-12 23:26:00,20.3
2025-06-12 17:17:00,85.4
2025-06-12 16:03:00,17.8
2025-06-12 10:44:00,33.9
2025-06-12 14:14:00,33.5
2025-06-12 18:57:00,49.84418741885991
2025-06-12 01:31:00,67.6
2025-06-12 18:38:00,55.4
2025-06-12 22:33:00,49.84418741885991
2025-06-12 02:50:00,54.3
2025-06-12 16:33:00,49.84418741885991
2025-06-12 13:55:00,31.3
2025-06-12 05:52:00,49.84418741885991
2025-06-12 16:32:00,0.6
2025-06-12 23:20:00,10.7
2025-06-12 19:21:00,7.6
2025-06-12 08:41:00,8.0
2025-06-12 19:06:00,49.84418741885991
2025-06-12 13:36:00,66.3
2025-06-12 22:12:00,65.9
2025-06-12 18:15:00,81.5
2025-06-12 08:36:00,33.1
2025-06-12 15:15:00,49.84418741885991
2025-06-12 11:02:00,77.8
2025-06-12 23:00:00,52.7
2025-06-12 08:38:00,92.9
2025-06-12 20:07:00,58.5
2025-06-12 03:23:00,22.4
2025-06-12 15:24:00,75.4
2025-06-12 14:31:00,98.0
2025-06-12 05:57:00,60.1
2025-06-12 13:37:00,51.1
2025-06-12 19:13:00,25.4
2025-06-12 18:29:00,13.2
2025-06-12 13:24:00,90.8
2025-06-12 02:13:00,49.84418741885991
2025-06-12 15:57:00,99.8
2025-06-12 16:00:00,49.84418741885991
2025-06-12 22:51:00,72.4
2025-06-12 21:22:00,52.2
2025-06-12 07:15:00,63.7
2025-06-12 14:49:00,37.7
2025-06-12 12:22:00,67.9
2025-06-12 22:54:00,13.1
2025-06-12 10:29:00,2.1
2025-06-12 00:45:00,49.84418741885991
2025-06-12 11:55:00,12.3
2025-06-12 23:47:00,49.84418741885991
2025-06-12 18:06:00,73.9
2025-06-12 14:03:00,75.9
2025-06-12 10:58:00,25.6
2025-06-12 06:27:00,46.3
2025-06-12 02:54:00,3.7
2025-06-12 23:35:00,62.1
2025-06-12 06:31:00,47.2
2025-06-12 12:18:00,35.9
2025-06-12 15:49:00,53.4
2025-06-12 21:10:00,60.7
2025-06-12 19:47:00,49.84418741885991
2025-06-12 21:22:00,45.7
2025-06-12 06:26:00,49.84418741885991
2025-06-12 22:34:00,77.2
2025-06-12 05:54:00,66.4
2025-06-12 01:21:00,96.9
2025-06-12 22:26:00,75.4
2025-06-12 20:33:00,30.9
2025-06-12 17:25:00,68.4
2025-06-12 22:45:00,35.6
2025-06-12 02:43:00,38.7
2025-06-12 09:34:00,63.2
2025-06-12 13:12:00,95.1
2025-06-12 20:11:00,29.1
2025-06-12 01:57:00,28.7
2025-06-12 16:16:00,13.8
2025-06-12 06:34:00,37.1
2025-06-12 22:07:00,13.2
2025-06-12 05:32:00,2.0
2025-06-12 12:29:00,32.3
2025-06-12 05:27:00,96.3
2025-06-12 00:34:00,49.84418741885991
2025-06-12 06:41:00,35.1
2025-06-12 19:43:00,20.5
2025-06-12 08:19:00,42.3
2025-06-12 23:08:00,7.3
2025-06-12 04:23:00,29.6
2025-06-12 02:33:00,26.4
2025-06-12 16:34:00,49.84418741885991
2025-06-12 17:50:00,74.6
2025-06-12 21:13:00,52.6
2025-06-12 05:43:00,86.7
2025-06-12 17:31:00,7.8
2025-06-12 09:31:00,10.7
2025-06-12 06:27:00,26.8
2025-06-12 14:14:00,24.4
2025-06-12 00:56:00,55.0
2025-06-12 00:08:00,3.9
2025-06-12 19:00:00,22.9
2025-06-12 18:18:00,49.84418741885991
2025-06-12 16:22:00,35.7
2025-06-12 18:23:00,44.4
2025-06-12 18:27:00,55.2
2025-06-12 16:04:00,96.3
2025-06-12 03:26:00,28.1
2025-06-12 02:53:00,52.9
2025-06-12 09:05:00,54.6
2025-06-12 22:56:00,77.2
2025-06-12 14:04:00,34.0
2025-06-12 14:56:00,96.6
2025-06-12 01:06:00,14.2
2025-06-12 16:16:00,11.3
2025-06-12 10:46:00,65.0
2025-06-12 01:37:00,32.3
2025-06-12 05:07:00,98.1
2025-06-12 02:39:00,38.9
2025-06-12 06:20:00,57.9
2025-06-12 10:50:00,49.84418741885991
2025-06-12 12:31:00,59.9
2025-06-12 01:32:00,43.5
2025-06-12 14:33:00,14.0
2025-06-12 01:14:00,29.3
2025-06-12 18:20:00,94.7
2025-06-12 07:43:00,94.0
2025-06-12 06:28:00,53.7
2025-06-12 05:54:00,89.9
2025-06-12 15:51:00,32.7
2025-06-12 09:51:00,14.0
2025-06-12 07:58:00,64.1
2025-06-12 04:16:00,58.4
2025-06-12 18:59:00,0.6
2025-06-12 18:18:00,58.4
2025-06-12 14:50:00,67.8
2025-06-12 20:01:00,58.5
2025-06-12 06:13:00,3.0
2025-06-12 12:59:00,46.2
2025-06-12 08:01:00,75.6
2025-06-12 21:10:00,18.7
2025-06-12 11:48:00,5.0
2025-06-12 04:37:00,40.1
2025-06-12 13:25:00,59.7
2025-06-12 04:10:00,6.5
2025-06-12 19:06:00,28.0
2025-06-12 04:31:00,61.4
2025-06-12 02:17:00,50.31892714921527
2025-06-12 08:56:00,89.8
2025-06-12 15:39:00,10.0
2025-06-12 04:51:00,54.5
2025-06-12 07:24:00,0.8
2025-06-12 04:19:00,23.2
2025-06-12 01:04:00,65.7
2025-06-12 10:22:00,50.31892714921527
2025-06-12 09:41:00,50.31892714921527
2025-06-12 22:14:00,84.6
2025-06-12 14:31:00,61.6
2025-06-12 22:24:00,4.7
2025-06-12 03:56:00,89.3
2025-06-12 18:14:00,50.31892714921527
2025-06-12 08:30:00,50.31892714921527
2025-06-12 18:00:00,46.8
2025-06-12 13:01:00,94.1
2025-06-12 07:32:00,37.4
2025-06-12 02:46:00,83.4
2025-06-12 06:37:00,64.0
2025-06-12 22:59:00,5.3
2025-06-12 11:49:00,62.1
2025-06-12 17:19:00,50.2
2025-06-12 15:39:00,37.0
2025-06-12 03:56:00,35.2
2025-06-12 10:27:00,32.0
2025-06-12 10:59:00,11.0
2025-06-12 18:32:00,10.0
2025-06-12 06:36:00,66.1
2025-06-12 01:21:00,64.9
2025-06-12 04:43:00,66.1
2025-06-12 16:32:00,62.5
2025-06-12 11:32:00,26.9
2025-06-12 15:36:00,78.6
2025-06-12 05:12:00,19.1
2025-06-12 18:18:00,50.0
2025-06-12 13:31:00,50.31892714921527
2025-06-12 01:30:00,94.9
2025-06-12 08:59:00,26.4
2025-06-12 17:42:00,57.4
2025-06-12 21:13:00,37.8
2025-06-12 08:05:00,60.7
2025-06-12 13:21:00,74.3
2025-06-12 19:03:00,6.7
2025-06-12 03:22:00,83.6
2025-06-12 19:15:00,50.31892714921527
2025-06-12 20:44:00,43.1
2025-06-12 17:28:00,93.3
2025-06-12 11:17:00,44.3
2025-06-12 03:10:00,24.5
2025-06-12 03:11:00,41.2
2025-06-12 01:35:00,50.31892714921527
2025-06-12 14:03:00,88.1
2025-06-12 01:06:00,73.0
2025-06-12 09:29:00,70.9
2025-06-12 00:47:00,17.5
2025-06-12 01:12:00,16.8
2025-06-12 05:16:00,90.7
2025-06-12 02:28:00,35.7
2025-06-12 04:36:00,33.6
2025-06-12 00:41:00,61.0
2025-06-12 21:39:00,61.2
2025-06-12 10:55:00,67.8
2025-06-12 20:22:00,59.2
2025-06-12 00:57:00,21.0
2025-06-12 14:18:00,67.2
2025-06-12 21:11:00,78.6
2025-06-12 23:41:00,51.5
2025-06-12 18:15:00,56.9
2025-06-12 12:45:00,63.1
2025-06-12 14:27:00,46.6
2025-06-12 15:19:00,25.5
2025-06-12 14:03:00,0.5
2025-06-12 08:39:00,73.7
2025-06-12 11:13:00,71.0
2025-06-12 09:45:00,50.31892714921527
2025-06-12 00:26:00,3.1
2025-06-12 03:18:00,4.1
2025-06-12 11:30:00,56.0
2025-06-12 13:29:00,94.7
2025-06-12 05:05:00,61.9
2025-06-12 01:46:00,83.0
2025-06-12 04:42:00,14.1
2025-06-12 08:41:00,50.31892714921527
2025-06-12 21:20:00,32.5
2025-06-12 04:20:00,6.6
2025-06-12 03:21:00,70.6
2025-06-12 18:16:00,91.9
2025-06-12 18:46:00,58.3
2025-06-12 10:09:00,50.31892714921527
2025-06-12 19:43:00,60.1
2025-06-12 14:41:00,85.8
2025-06-12 02:29:00,62.3
2025-06-12 02:07:00,89.1
2025-06-12 11:00:00,74.0
2025-06-12 01:29:00,64.0
2025-06-12 15:28:00,93.9
2025-06-12 02:55:00,5.1
2025-06-12 15:48:00,28.4
2025-06-12 09:39:00,49.9
2025-06-12 22:35:00,15.7
2025-06-12 06:51:00,23.1
2025-06-12 10:12:00,50.31892714921527
2025-06-12 01:47:00,58.2
2025-06-12 01:06:00,20.7
2025-06-12 08:16:00,80.9
2025-06-12 03:23:00,61.9
2025-06-12 08:31:00,38.0
2025-06-12 09:26:00,98.2
2025-06-12 16:15:00,71.4
2025-06-12 12:30:00,95.6
2025-06-12 15:54:00,80.8
2025-06-12 00:24:00,24.3
2025-06-12 20:10:00,84.2
2025-06-12 20:45:00,42.9
2025-06-12 05:33:00,12.9
2025-06-12 00:02:00,50.31892714921527
2025-06-12 10:01:00,96.5
2025-06-12 20:00:00,26.3
2025-06-12 01:07:00,50.31892714921527
2025-06-12 16:05:00,24.7
2025-06-12 05:07:00,55.4
2025-06-12 12:41:00,67.1
2025-06-12 12:20:00,44.7
2025-06-12 19:14:00,4.1
2025-06-12 22:39:00,27.2
2025-06-12 02:23:00,8.7
2025-06-12 10:16:00,49.5
2025-06-12 17:02:00,86.4
2025-06-12 05:37:00,8.6
2025-06-12 03:17:00,15.8
2025-06-12 20:42:00,65.8
2025-06-12 14:40:00,50.31892714921527
2025-06-12 01:05:00,74.3
2025-06-12 00:34:00,99.8
2025-06-12 20:10:00,99.7
2025-06-12 17:02:00,28.3
2025-06-12 13:20:00,92.1
2025-06-12 06:14:00,63.8
2025-06-12 15:26:00,50.31892714921527
2025-06-12 03:16:00,6.4
2025-06-12 11:34:00,50.31892714921527
2025-06-12 03:35:00,39.7
2025-06-12 16:12:00,74.7
2025-06-12 05:51:00,5.4
2025-06-12 19:04:00,36.0
2025-06-12 10:47:00,50.4
2025-06-12 19:27:00,10.3
2025-06-12 11:44:00,50.31892714921527
2025-06-12 17:59:00,50.31892714921527
2025-06-12 08:18:00,51.9
2025-06-12 02:06:00,69.7
2025-06-12 14:29:00,55.4
2025-06-12 03:33:00,74.9
2025-06-12 07:07:00,92.6
2025-06-12 15:05:00,49.8
2025-06-12 18:49:00,80.4
2025-06-12 03:50:00,83.2
2025-06-12 21:03:00,34.8
2025-06-12 09:09:00,37.4
2025-06-12 01:21:00,59.9
2025-06-12 13:29:00,44.2
2025-06-12 08:47:00,8.6
2025-06-12 17:34:00,68.1
2025-06-12 01:22:00,75.9
2025-06-12 18:16:00,44.9
2025-06-12 20:18:00,50.31892714921527
2025-06-12 17:42:00,57.9
2025-06-12 19:29:00,0.9
2025-06-12 04:17:00,87.3
2025-06-12 07:29:00,54.4
2025-06-12 06:39:00,37.0
2025-06-12 04:51:00,56.6
2025-06-12 23:20:00,92.2
2025-06-12 05:40:00,41.4
2025-06-12 04:12:00,49.3
2025-06-12 19:37:00,64.0
2025-06-12 20:42:00,92.0
2025-06-12 10:23:00,91.8
2025-06-12 03:37:00,46.8
2025-06-12 04:56:00,76.6
2025-06-12 09:35:00,50.31892714921527
2025-06-12 17:45:00,72.3
2025-06-12 13:20:00,42.3
2025-06-12 04:43:00,50.31892714921527
2025-06-12 05:43:00,53.7
2025-06-12 14:40:00,32.1
2025-06-12 01:03:00,90.8
2025-06-12 00:55:00,57.8
2025-06-12 11:28:00,74.3
2025-06-12 09:38:00,21.5
2025-06-12 21:42:00,99.7
2025-06-12 13:53:00,59.3
2025-06-12 03:34:00,32.4
2025-06-12 12:16:00,26.1
2025-06-12 11:04:00,50.31892714921527
2025-06-12 06:28:00,53.3
2025-06-12 14:19:00,45.6
2025-06-12 18:23:00,4.9
2025-06-12 04:05:00,68.8
2025-06-12 20:56:00,50.9
2025-06-12 16:37:00,23.0
2025-06-12 17:21:00,7.1
2025-06-12 15:59:00,28.2
2025-06-12 13:37:00,59.5
2025-06-12 00:13:00,86.5
2025-06-12 14:45:00,69.9
2025-06-12 19:57:00,50.31892714921527
2025-06-12 18:27:00,59.4
2025-06-12 08:17:00,68.5
2025-06-12 10:44:00,50.31892714921527
2025-06-12 08:51:00,50.31892714921527
2025-06-12 08:32:00,93.9
2025-06-12 15:35:00,93.8
2025-06-12 06:54:00,50.31892714921527
2025-06-12 06:11:00,56.8
2025-06-12 13:35:00,29.9
2025-06-12 01:07:00,37.3
2025-06-12 21:41:00,97.8
2025-06-12 03:32:00,50.31892714921527
2025-06-12 03:55:00,7.2
2025-06-12 08:27:00,40.0
2025-06-12 18:30:00,8.9
2025-06-12 23:17:00,77.0
2025-06-12 02:22:00,63.8
2025-06-12 21:18:00,24.6
2025-06-12 08:56:00,58.5
2025-06-12 15:19:00,50.31892714921527
2025-06-12 07:06:00,50.31892714921527
2025-06-12 13:17:00,54.1
2025-06-12 13:22:00,85.3
2025-06-12 10:30:00,86.6
2025-06-12 07:55:00,50.31892714921527
2025-06-12 20:53:00,50.31892714921527
2025-06-12 04:22:00,13.3
2025-06-12 00:22:00,71.6
2025-06-12 15:31:00,92.3
2025-06-12 02:22:00,24.3
2025-06-12 17:00:00,67.3
2025-06-12 18:35:00,30.4
2025-06-12 06:10:00,50.31892714921527
2025-06-12 03:08:00,1.9
2025-06-12 04:41:00,70.7
2025-06-12 06:55:00,71.7
2025-06-12 01:59:00,50.31892714921527
2025-06-12 15:38:00,45.2
2025-06-12 10:35:00,50.31892714921527
2025-06-12 14:05:00,41.8
2025-06-12 19:39:00,61.7
2025-06-12 16:54:00,46.7
2025-06-12 11:34:00,67.6
2025-06-12 13:21:00,58.4
2025-06-12 13:00:00,45.5
2025-06-12 21:33:00,91.5
2025-06-12 15:17:00,50.31892714921527
2025-06-12 16:16:00,95.6
2025-06-12 08:27:00,45.2
2025-06-12 18:58:00,62.3
2025-06-12 12:33:00,87.3
2025-06-12 00:46:00,97.3
2025-06-12 06:32:00,61.8
2025-06-12 02:22:00,35.5
2025-06-12 20:38:00,12.6
2025-06-12 01:14:00,36.4
2025-06-12 11:00:00,56.0
2025-06-12 10:04:00,43.2
2025-06-12 08:44:00,4.0
2025-06-12 22:59:00,75.6
2025-06-12 23:13:00,17.4
2025-06-12 11:54:00,31.6
2025-06-12 14:45:00,50.2
2025-06-12 07:10:00,12.6
2025-06-12 19:36:00,63.6
2025-06-12 20:18:00,4.9
2025-06-12 02:53:00,50.31892714921527
2025-06-12 20:11:00,50.31892714921527
2025-06-12 03:14:00,98.3
2025-06-12 08:58:00,12.3
2025-06-12 15:51:00,14.6
2025-06-12 15:19:00,57.5
2025-06-12 05:31:00,40.5
2025-06-12 10:00:00,15.6
2025-06-12 01:53:00,60.9
2025-06-12 07:29:00,30.1
2025-06-12 10:15:00,91.7
2025-06-12 06:37:00,60.6
2025-06-12 00:39:00,98.3
2025-06-12 05:47:00,97.8
2025-06-12 16:13:00,77.0
2025-06-12 04:34:00,29.0
2025-06-12 18:50:00,50.31892714921527
2025-06-12 11:22:00,88.6
2025-06-12 05:16:00,17.5
2025-06-12 04:40:00,24.7
2025-06-12 11:34:00,14.1
2025-06-12 15:32:00,1.8
2025-06-12 16:25:00,41.3
2025-06-12 17:47:00,10.2
2025-06-12 19:29:00,50.31892714921527
2025-06-12 00:52:00,52.2
2025-06-12 14:12:00,30.9
2025-06-12 00:06:00,33.6
2025-06-12 03:48:00,95.7
2025-06-12 11:36:00,64.2
2025-06-12 14:09:00,43.7
2025-06-12 16:54:00,86.2
2025-06-12 22:52:00,68.4
2025-06-12 03:16:00,50.31892714921527
2025-06-12 06:06:00,50.31892714921527
2025-06-12 22:12:00,11.3
2025-06-12 00:25:00,50.31892714921527
2025-06-12 21:57:00,33.0
2025-06-12 14:20:00,41.9
2025-06-12 18:40:00,25.7
2025-06-12 21:54:00,62.9
2025-06-12 14:19:00,87.9
2025-06-12 23:50:00,36.5
2025-06-12 07:36:00,27.5
2025-06-12 17:09:00,9.6
2025-06-12 15:55:00,19.0
2025-06-12 06:30:00,54.9
2025-06-12 02:11:00,55.4
2025-06-12 11:31:00,68.1
2025-06-12 22:08:00,52.4
2025-06-12 23:14:00,98.1
2025-06-12 01:37:00,60.6
2025-06-12 19:49:00,46.6
2025-06-12 03:20:00,45.1
2025-06-12 07:53:00,83.9
2025-06-12 11:22:00,14.4
2025-06-12 22:00:00,51.6
2025-06-12 23:40:00,50.31892714921527
2025-06-12 14:51:00,53.4
2025-06-12 23:15:00,54.2
2025-06-12 13:03:00,50.31892714921527
2025-06-12 11:53:00,91.3
2025-06-12 12:49:00,68.9
2025-06-12 23:20:00,15.0
2025-06-12 19:13:00,7.5
2025-06-12 18:35:00,17.0
2025-06-12 17:30:00,78.4
2025-06-12 22:53:00,50.31892714921527
2025-06-12 16:01:00,76.6
2025-06-12 19:23:00,19.1
2025-06-12 09:39:00,95.3
2025-06-12 16:11:00,6.5
2025-06-12 01:51:00,67.3
2025-06-12 22:50:00,64.2
2025-06-12 03:46:00,69.0
2025-06-12 03:51:00,50.31892714921527
2025-06-12 01:12:00,27.2
2025-06-12 10:21:00,26.8
2025-06-12 01:59:00,50.31892714921527
2025-06-12 01:30:00,24.8
2025-06-12 11:18:00,36.5
2025-06-12 15:08:00,1.1
2025-06-12 23:05:00,50.9
2025-06-12 11:38:00,25.6
2025-06-12 19:16:00,96.0
2025-06-12 19:58:00,99.4
2025-06-12 01:00:00,42.7
2025-06-12 06:33:00,57.1
2025-06-12 14:43:00,97.9
2025-06-12 22:10:00,20.7
2025-06-12 14:38:00,43.7
2025-06-12 09:36:00,88.3
2025-06-12 23:30:00,96.6
2025-06-12 20:07:00,31.1
2025-06-12 20:02:00,8.3
2025-06-12 22:17:00,6.1
2025-06-12 06:43:00,88.8
2025-06-12 17:34:00,30.3
2025-06-12 11:04:00,49.91221338324755
2025-06-12 09:03:00,70.6
2025-06-12 07:51:00,9.1
2025-06-12 07:28:00,23.8
2025-06-12 10:03:00,77.0
2025-06-12 00:04:00,5.4
2025-06-12 14:25:00,42.8
2025-06-12 19:09:00,8.4
2025-06-12 16:40:00,30.0
2025-06-12 16:19:00,34.8
2025-06-12 01:15:00,0.3
2025-06-12 15:42:00,88.4
2025-06-12 02:46:00,5.9
2025-06-12 14:23:00,75.2
2025-06-12 03:40:00,55.7
2025-06-12 22:49:00,57.5
2025-06-12 14:37:00,49.91221338324755
2025-06-12 10:02:00,59.9
2025-06-12 18:33:00,53.7
2025-06-12 08:05:00,47.0
2025-06-12 05:19:00,17.0
2025-06-12 09:06:00,49.91221338324755
2025-06-12 12:44:00,21.3
2025-06-12 01:07:00,33.8
2025-06-12 05:46:00,49.91221338324755
2025-06-12 22:03:00,18.4
2025-06-12 22:01:00,89.7
2025-06-12 14:44:00,47.6
2025-06-12 05:25:00,96.6
2025-06-12 15:43:00,51.1
2025-06-12 06:58:00,63.5
2025-06-12 03:25:00,14.3
2025-06-12 10:26:00,97.7
2025-06-12 07:12:00,39.8
2025-06-12 19:06:00,98.2
2025-06-12 21:04:00,28.6
2025-06-12 18:28:00,4.3
2025-06-12 15:03:00,51.5
2025-06-12 20:47:00,65.4
2025-06-12 17:06:00,31.4
2025-06-12 18:58:00,49.91221338324755
2025-06-12 01:21:00,46.7
2025-06-12 19:12:00,29.9
2025-06-12 06:18:00,90.5
2025-06-12 23:47:00,13.7
2025-06-12 23:20:00,9.4
2025-06-12 01:03:00,49.0
2025-06-12 13:03:00,5.7
2025-06-12 17:07:00,89.0
2025-06-12 04:58:00,97.1
2025-06-12 07:59:00,89.9
2025-06-12 09:00:00,9.9
2025-06-12 20:10:00,49.1
2025-06-12 11:01:00,22.5
2025-06-12 00:42:00,12.0
2025-06-12 22:24:00,18.3
2025-06-12 00:22:00,22.0
2025-06-12 17:44:00,9.8
2025-06-12 09:06:00,59.0
2025-06-12 23:11:00,83.0
2025-06-12 19:03:00,15.6
2025-06-12 05:06:00,15.2
2025-06-12 21:38:00,49.91221338324755
2025-06-12 07:12:00,96.5
2025-06-12 17:37:00,41.5
2025-06-12 04:56:00,3.6
2025-06-12 03:10:00,14.6
2025-06-12 23:35:00,49.91221338324755
2025-06-12 11:34:00,42.5
2025-06-12 06:02:00,49.91221338324755
2025-06-12 07:35:00,87.0
2025-06-12 04:12:00,90.2
2025-06-12 02:32:00,0.2
2025-06-12 14:38:00,83.1
2025-06-12 04:37:00,86.7
2025-06-12 15:05:00,9.3
2025-06-12 10:33:00,6.1
2025-06-12 01:38:00,39.4
2025-06-12 01:55:00,49.91221338324755
2025-06-12 01:01:00,13.4
2025-06-12 10:12:00,49.91221338324755
2025-06-12 08:14:00,99.5
2025-06-12 21:45:00,42.2
2025-06-12 09:42:00,49.91221338324755
2025-06-12 12:48:00,61.5
2025-06-12 12:03:00,62.3
2025-06-12 06:05:00,35.0
2025-06-12 23:13:00,20.5
2025-06-12 15:47:00,16.0
2025-06-12 08:19:00,32.4
2025-06-12 18:07:00,33.3
2025-06-12 15:28:00,49.91221338324755
2025-06-12 03:20:00,11.5
2025-06-12 16:44:00,6.3
2025-06-12 16:48:00,34.8
2025-06-12 17:17:00,89.7
2025-06-12 01:11:00,42.4
2025-06-12 00:58:00,28.2
2025-06-12 12:15:00,6.8
2025-06-12 07:21:00,89.6
2025-06-12 21:06:00,35.9
2025-06-12 04:50:00,49.91221338324755
2025-06-12 05:14:00,23.9
2025-06-12 21:57:00,49.91221338324755
2025-06-12 06:10:00,26.5
2025-06-12 05:27:00,91.6
2025-06-12 18:24:00,61.3
2025-06-12 15:57:00,98.2
2025-06-12 23:04:00,98.3
2025-06-12 10:03:00,60.3
2025-06-12 15:00:00,64.7
2025-06-12 17:59:00,46.3
2025-06-12 00:18:00,62.0
2025-06-12 00:52:00,49.91221338324755
2025-06-12 15:50:00,41.5
2025-06-12 18:09:00,41.6
2025-06-12 07:00:00,80.6
2025-06-12 07:11:00,80.1
2025-06-12 08:15:00,58.3
2025-06-12 10:12:00,93.7
2025-06-12 14:33:00,49.91221338324755
2025-06-12 17:45:00,75.1
2025-06-12 18:04:00,93.9
2025-06-12 08:47:00,74.6
2025-06-12 14:06:00,57.6
2025-06-12 22:19:00,86.7
2025-06-12 17:23:00,41.5
2025-06-12 08:08:00,18.1
2025-06-12 21:32:00,39.8
2025-06-12 11:46:00,92.5
2025-06-12 07:46:00,94.2
2025-06-12 12:12:00,99.7
2025-06-12 10:03:00,36.3
2025-06-12 18:11:00,24.0
2025-06-12 08:58:00,49.91221338324755
2025-06-12 13:15:00,27.0
2025-06-12 19:41:00,78.9
2025-06-12 08:04:00,49.91221338324755
2025-06-12 01:25:00,49.91221338324755
2025-06-12 11:10:00,22.2
2025-06-12 02:08:00,35.9
2025-06-12 07:36:00,23.4
2025-06-12 09:14:00,31.3
2025-06-12 00:25:00,71.6
2025-06-12 16:55:00,47.3
2025-06-12 21:58:00,22.0
2025-06-12 20:12:00,49.91221338324755
2025-06-12 12:26:00,58.5
2025-06-12 17:47:00,78.1
2025-06-12 04:18:00,68.8
2025-06-12 09:55:00,46.2
2025-06-12 22:01:00,49.91221338324755
2025-06-12 02:47:00,20.1
2025-06-12 01:31:00,86.7
2025-06-12 10:57:00,63.0
2025-06-12 04:25:00,64.7
2025-06-12 22:40:00,67.9
2025-06-12 10:07:00,49.91221338324755
2025-06-12 13:44:00,79.9
2025-06-12 18:54:00,49.91221338324755
2025-06-12 08:41:00,49.91221338324755
2025-06-12 21:46:00,0.7
2025-06-12 15:36:00,54.9
2025-06-12 16:07:00,49.91221338324755
2025-06-12 10:43:00,53.5
2025-06-12 12:33:00,5.0
2025-06-12 11:21:00,38.8
2025-06-12 01:07:00,13.7
2025-06-12 15:23:00,16.2
2025-06-12 17:41:00,88.1
2025-06-12 20:11:00,69.5
2025-06-12 23:37:00,28.4
2025-06-12 11:21:00,84.5
2025-06-12 03:15:00,49.91221338324755
2025-06-12 03:20:00,55.5
2025-06-12 15:17:00,24.8
2025-06-12 13:43:00,41.8
2025-06-12 10:33:00,38.9
2025-06-12 15:51:00,16.9
2025-06-12 23:59:00,10.8
2025-06-12 05:52:00,72.8
2025-06-12 09:47:00,44.8
2025-06-12 16:11:00,83.1
2025-06-12 13:21:00,59.1
2025-06-12 11:37:00,25.1
2025-06-12 02:43:00,49.91221338324755
2025-06-12 16:23:00,17.3
2025-06-12 21:08:00,76.6
2025-06-12 15:48:00,94.7
2025-06-12 03:29:00,95.9
2025-06-12 17:05:00,96.7
2025-06-12 11:36:00,82.6
2025-06-12 10:21:00,49.91221338324755
2025-06-12 09:29:00,80.4
2025-06-12 04:16:00,26.1
2025-06-12 05:38:00,83.9
2025-06-12 17:15:00,43.0
2025-06-12 15:13:00,41.6
2025-06-12 07:57:00,88.5
2025-06-12 21:49:00,66.0
2025-06-12 18:51:00,49.91221338324755
2025-06-12 23:01:00,94.0
2025-06-12 14:33:00,85.1
2025-06-12 15:59:00,52.1
2025-06-12 01:54:00,92.2
2025-06-12 19:28:00,55.4
2025-06-12 21:01:00,26.0
2025-06-12 14:07:00,88.6
2025-06-12 22:41:00,52.7
2025-06-12 06:22:00,31.1
2025-06-12 02:36:00,49.91221338324755
2025-06-12 04:22:00,81.4
2025-06-12 14:30:00,91.1
2025-06-12 19:01:00,97.6
2025-06-12 09:59:00,27.6
2025-06-12 18:24:00,92.6
2025-06-12 13:30:00,67.3
2025-06-12 15:27:00,49.91221338324755
2025-06-12 22:10:00,8.7
2025-06-12 19:51:00,67.5
2025-06-12 10:02:00,25.0
2025-06-12 01:56:00,12.0
2025-06-12 20:40:00,49.91221338324755
2025-06-12 23:58:00,49.91221338324755
2025-06-12 15:07:00,53.3
2025-06-12 22:57:00,32.2
2025-06-12 19:55:00,25.7
2025-06-12 13:09:00,49.91221338324755
2025-06-12 00:17:00,68.6
2025-06-12 16:42:00,87.6
2025-06-12 02:08:00,26.5
2025-06-12 19:59:00,48.6
2025-06-12 04:22:00,49.91221338324755
2025-06-12 07:18:00,48.5
2025-06-12 13:15:00,63.7
2025-06-12 07:30:00,49.91221338324755
2025-06-12 00:27:00,79.0
2025-06-12 09:23:00,76.1
2025-06-12 14:47:00,83.2
2025-06-12 19:36:00,49.91221338324755
2025-06-12 14:29:00,69.3
2025-06-12 19:14:00,37.5
2025-06-12 19:07:00,47.6
2025-06-12 14:24:00,10.4
2025-06-12 21:46:00,18.2
2025-06-12 11:38:00,15.6
2025-06-12 21:43:00,7.6
2025-06-12 12:05:00,5.1
2025-06-12 22:01:00,71.2
2025-06-12 02:53:00,13.2
2025-06-12 04:40:00,39.4
2025-06-12 03:32:00,26.7
2025-06-12 09:46:00,49.91221338324755
2025-06-12 23:19:00,53.4
2025-06-12 23:03:00,81.2
2025-06-12 05:19:00,0.8
2025-06-12 13:15:00,86.8
2025-06-12 11:14:00,49.91221338324755
2025-06-12 13:20:00,0.6
2025-06-12 16:19:00,49.91221338324755
2025-06-12 22:31:00,35.6
2025-06-12 12:43:00,45.9
2025-06-12 06:16:00,49.91221338324755
2025-06-12 07:03:00,95.9
2025-06-12 15:07:00,58.3
2025-06-12 08:28:00,39.4
2025-06-12 16:01:00,90.6
2025-06-12 04:53:00,26.0
2025-06-12 22:18:00,40.5
2025-06-12 18:18:00,52.7
2025-06-12 07:52:00,12.6
2025-06-12 20:12:00,6.7
2025-06-12 22:21:00,73.5
2025-06-12 21:11:00,97.0
2025-06-12 14:58:00,35.8
2025-06-12 02:02:00,47.3
2025-06-12 16:48:00,76.0
2025-06-12 08:33:00,15.2
2025-06-12 08:29:00,33.0
2025-06-12 07:43:00,45.6
2025-06-12 06:58:00,49.91221338324755
2025-06-12 21:52:00,57.7
2025-06-12 14:51:00,17.9
2025-06-12 07:44:00,59.9
2025-06-12 21:02:00,3.0
2025-06-12 23:16:00,68.1
2025-06-12 10:22:00,68.2
2025-06-12 06:24:00,80.2
2025-06-12 00:27:00,89.9
2025-06-12 21:30:00,12.1
2025-06-12 18:55:00,39.5
2025-06-12 00:18:00,11.0
2025-06-12 19:41:00,59.9
2025-06-12 09:38:00,41.5
2025-06-12 12:05:00,1.7
2025-06-12 08:01:00,34.1
2025-06-12 02:31:00,49.91221338324755
2025-06-12 19:03:00,13.8
2025-06-12 03:02:00,4.4
2025-06-12 21:43:00,66.7
2025-06-12 06:22:00,28.4
2025-06-12 11:07:00,44.9
2025-06-12 10:42:00,3.6
2025-06-12 07:28:00,12.3
2025-06-12 01:33:00,0.4
2025-06-12 19:02:00,85.4
2025-06-12 16:45:00,8.2
2025-06-12 06:41:00,45.2
2025-06-12 03:20:00,80.8
2025-06-12 02:27:00,77.3
2025-06-12 07:25:00,49.91221338324755
2025-06-12 23:46:00,37.9
2025-06-12 10:13:00,49.91221338324755
2025-06-12 12:15:00,49.91221338324755
2025-06-12 11:04:00,49.91221338324755
2025-06-12 17:41:00,65.4
2025-06-12 14:32:00,26.3
2025-06-12 16:06:00,52.5
2025-06-12 13:16:00,96.1
2025-06-12 16:22:00,95.3
2025-06-12 16:32:00,75.3
2025-06-12 22:01:00,76.9
2025-06-12 21:47:00,50.557353635505194
2025-06-12 10:30:00,14.0
2025-06-12 22:29:00,77.2
2025-06-12 03:37:00,52.2
2025-06-12 22:03:00,47.4
2025-06-12 06:22:00,1.9
2025-06-12 12:19:00,93.7
2025-06-12 11:25:00,52.0
2025-06-12 11:37:00,29.1
2025-06-12 08:17:00,70.3
2025-06-12 11:08:00,90.6
2025-06-12 00:54:00,80.8
2025-06-12 06:36:00,4.1
2025-06-12 20:36:00,96.2
2025-06-12 10:52:00,10.7
2025-06-12 07:44:00,28.7
2025-06-12 13:38:00,45.2
2025-06-12 01:07:00,18.6
2025-06-12 15:00:00,70.1
2025-06-12 10:58:00,64.2
2025-06-12 19:54:00,5.5
2025-06-12 23:52:00,34.9
2025-06-12 02:35:00,58.5
2025-06-12 16:41:00,54.2
2025-06-12 19:36:00,38.6
2025-06-12 03:22:00,46.8
2025-06-12 18:13:00,32.7
2025-06-12 00:18:00,17.9
2025-06-12 22:52:00,33.7
2025-06-12 16:20:00,88.8
2025-06-12 12:05:00,43.9
2025-06-12 05:42:00,68.7
2025-06-12 00:58:00,94.4
2025-06-12 17:16:00,74.2
2025-06-12 10:40:00,58.0
2025-06-12 18:56:00,76.2
2025-06-12 01:10:00,79.3
2025-06-12 02:36:00,47.9
2025-06-12 02:49:00,50.557353635505194
2025-06-12 10:56:00,84.1
2025-06-12 15:06:00,50.557353635505194
2025-06-12 04:31:00,9.6
2025-06-12 02:57:00,50.557353635505194
2025-06-12 01:19:00,58.6
2025-06-12 06:43:00,5.8
2025-06-12 03:07:00,40.0
2025-06-12 04:08:00,4.6
2025-06-12 18:31:00,25.0
2025-06-12 15:38:00,50.557353635505194
2025-06-12 02:27:00,2.1
2025-06-12 07:33:00,34.1
2025-06-12 03:29:00,18.9
2025-06-12 23:29:00,52.7
2025-06-12 15:25:00,1.4
2025-06-12 04:30:00,50.557353635505194
2025-06-12 12:33:00,42.8
2025-06-12 10:25:00,57.5
2025-06-12 02:58:00,83.1
2025-06-12 19:05:00,50.557353635505194
2025-06-12 01:57:00,47.7
2025-06-12 15:02:00,42.7
2025-06-12 01:00:00,15.4
2025-06-12 04:42:00,68.9
2025-06-12 18:27:00,1.2
2025-06-12 10:27:00,50.557353635505194
2025-06-12 00:56:00,84.6
2025-06-12 17:08:00,38.4
2025-06-12 16:20:00,64.5
2025-06-12 21:31:00,24.4
2025-06-12 00:05:00,82.2
2025-06-12 06:40:00,75.8
2025-06-12 06:25:00,5.1
2025-06-12 14:15:00,96.5
2025-06-12 13:50:00,85.9
2025-06-12 23:54:00,23.2
2025-06-12 13:52:00,34.0
2025-06-12 09:22:00,19.3
2025-06-12 05:54:00,6.5
2025-06-12 00:53:00,60.5
2025-06-12 13:10:00,5.7
2025-06-12 23:01:00,50.557353635505194
2025-06-12 21:15:00,13.4
2025-06-12 05:09:00,50.557353635505194
2025-06-12 16:26:00,32.0
2025-06-12 07:44:00,79.5
2025-06-12 05:56:00,50.557353635505194
2025-06-12 01:58:00,26.9
2025-06-12 00:15:00,41.8
2025-06-12 20:01:00,6.1
2025-06-12 03:57:00,9.0
2025-06-12 03:16:00,63.5
2025-06-12 10:17:00,72.3
2025-06-12 17:46:00,90.3
2025-06-12 18:28:00,2.3
2025-06-12 11:38:00,50.557353635505194
2025-06-12 02:59:00,22.6
2025-06-12 10:02:00,50.557353635505194
2025-06-12 02:45:00,80.5
2025-06-12 22:40:00,93.2
2025-06-12 10:34:00,73.2
2025-06-12 12:05:00,34.9
2025-06-12 17:02:00,22.3
2025-06-12 04:37:00,35.7
2025-06-12 02:05:00,67.2
2025-06-12 16:14:00,15.4
2025-06-12 13:42:00,50.557353635505194
2025-06-12 07:57:00,2.3
2025-06-12 12:18:00,56.7
2025-06-12 21:12:00,19.1
2025-06-12 04:29:00,4.7
2025-06-12 22:55:00,23.9
2025-06-12 15:51:00,56.5
2025-06-12 11:41:00,30.9
2025-06-12 13:10:00,8.2
2025-06-12 12:24:00,5.9
2025-06-12 12:08:00,54.5
2025-06-12 15:20:00,81.1
2025-06-12 20:43:00,64.1
2025-06-12 08:21:00,50.557353635505194
2025-06-12 01:02:00,84.6
2025-06-12 02:40:00,7.4
2025-06-12 06:06:00,87.2
2025-06-12 01:19:00,55.6
2025-06-12 00:30:00,10.5
2025-06-12 03:45:00,88.7
2025-06-12 02:33:00,66.0
2025-06-12 09:24:00,50.557353635505194
2025-06-12 07:40:00,22.5
2025-06-12 07:59:00,50.557353635505194
2025-06-12 18:35:00,60.1
2025-06-12 09:01:00,50.557353635505194
2025-06-12 19:40:00,44.5
2025-06-12 19:39:00,94.6
2025-06-12 20:52:00,92.3
2025-06-12 13:38:00,28.4
2025-06-12 04:56:00,5.1
2025-06-12 03:00:00,47.5
2025-06-12 13:54:00,28.3
2025-06-12 08:59:00,99.6
2025-06-12 14:42:00,99.8
2025-06-12 00:34:00,1.1
2025-06-12 10:35:00,79.5
2025-06-12 10:17:00,50.557353635505194
2025-06-12 15:15:00,45.2
2025-06-12 09:53:00,50.557353635505194
2025-06-12 09:46:00,50.557353635505194
2025-06-12 06:27:00,57.0
2025-06-12 06:23:00,25.8
2025-06-12 10:47:00,61.0
2025-06-12 04:32:00,50.557353635505194
2025-06-12 06:21:00,6.9
2025-06-12 04:23:00,92.1
2025-06-12 08:55:00,24.9
2025-06-12 11:10:00,32.7
2025-06-12 00:26:00,86.3
2025-06-12 10:22:00,50.4
2025-06-12 21:03:00,99.1
2025-06-12 03:46:00,50.557353635505194
2025-06-12 13:11:00,26.4
2025-06-12 12:14:00,10.4
2025-06-12 04:29:00,59.4
2025-06-12 03:10:00,60.3
2025-06-12 04:44:00,18.8
2025-06-12 21:37:00,3.7
2025-06-12 15:21:00,1.9
2025-06-12 06:39:00,22.7
2025-06-12 08:25:00,58.0
2025-06-12 02:46:00,50.557353635505194
2025-06-12 19:49:00,50.557353635505194
2025-06-12 20:38:00,33.9
2025-06-12 03:54:00,94.3
2025-06-12 22:54:00,50.557353635505194
2025-06-12 23:03:00,97.2
2025-06-12 02:54:00,41.1
2025-06-12 17:39:00,83.3
2025-06-12 11:00:00,12.8
2025-06-12 18:11:00,29.0
2025-06-12 14:59:00,11.5
2025-06-12 14:14:00,77.4
2025-06-12 09:27:00,47.9
2025-06-12 23:30:00,50.557353635505194
2025-06-12 06:09:00,23.5
2025-06-12 12:08:00,6.7
2025-06-12 23:44:00,50.557353635505194
2025-06-12 07:49:00,22.9
2025-06-12 04:07:00,28.9
2025-06-12 20:28:00,36.4
2025-06-12 05:53:00,98.6
2025-06-12 01:21:00,50.557353635505194
2025-06-12 12:48:00,82.3
2025-06-12 20:59:00,50.557353635505194
2025-06-12 20:05:00,81.5
2025-06-12 07:12:00,41.4
2025-06-12 16:40:00,85.6
2025-06-12 14:57:00,32.8
2025-06-12 00:55:00,49.0
2025-06-12 21:12:00,19.3
2025-06-12 17:46:00,3.9
2025-06-12 07:11:00,50.557353635505194
2025-06-12 02:45:00,50.557353635505194
2025-06-12 05:57:00,1.2
2025-06-12 06:32:00,54.9
2025-06-12 01:54:00,18.9
2025-06-12 19:16:00,94.4
2025-06-12 15:41:00,41.4
2025-06-12 15:52:00,34.9
2025-06-12 09:50:00,44.7
2025-06-12 12:21:00,50.557353635505194
2025-06-12 09:54:00,62.6
2025-06-12 02:11:00,85.9
2025-06-12 08:30:00,94.0
2025-06-12 14:34:00,50.557353635505194
2025-06-12 06:10:00,42.2
2025-06-12 05:00:00,50.557353635505194
2025-06-12 18:04:00,50.557353635505194
2025-06-12 22:58:00,80.2
2025-06-12 13:12:00,50.557353635505194
2025-06-12 00:00:00,37.4
2025-06-12 09:38:00,41.3
2025-06-12 13:50:00,23.6
2025-06-12 20:14:00,82.9
2025-06-12 18:42:00,69.9
2025-06-12 18:51:00,33.6
2025-06-12 22:53:00,50.557353635505194
2025-06-12 16:13:00,50.557353635505194
2025-06-12 02:04:00,50.557353635505194
2025-06-12 07:52:00,92.6
2025-06-12 18:45:00,30.7
2025-06-12 22:14:00,46.6
2025-06-12 12:23:00,75.0
2025-06-12 18:35:00,73.5
2025-06-12 07:10:00,8.6
2025-06-12 14:07:00,51.0
2025-06-12 11:04:00,98.9
2025-06-12 17:00:00,38.1
2025-06-12 12:15:00,77.3
2025-06-12 09:06:00,50.557353635505194
2025-06-12 21:51:00,74.0
2025-06-12 09:33:00,78.6
2025-06-12 05:11:00,70.5
2025-06-12 13:00:00,66.7
2025-06-12 19:49:00,27.5
2025-06-12 18:51:00,11.7
2025-06-12 02:41:00,95.2
2025-06-12 21:44:00,95.3
2025-06-12 16:55:00,57.0
2025-06-12 05:14:00,80.0
2025-06-12 06:32:00,88.4
2025-06-12 09:19:00,78.0
2025-06-12 02:54:00,99.1
2025-06-12 13:10:00,95.8
2025-06-12 06:38:00,62.7
2025-06-12 18:07:00,35.3
2025-06-12 07:02:00,37.1
2025-06-12 15:04:00,52.9
2025-06-12 00:41:00,70.8
2025-06-12 02:44:00,61.7
2025-06-12 10:03:00,70.4
2025-06-12 00:13:00,75.1
2025-06-12 13:18:00,88.1
2025-06-12 20:48:00,70.9
2025-06-12 17:03:00,79.9
2025-06-12 07:32:00,77.5
2025-06-12 11:04:00,57.1
2025-06-12 18:42:00,74.7
2025-06-12 11:40:00,12.9
2025-06-12 22:14:00,20.3
2025-06-12 20:41:00,93.9
2025-06-12 01:40:00,39.2
2025-06-12 15:42:00,87.2
2025-06-12 08:23:00,17.6
2025-06-12 10:52:00,31.4
2025-06-12 16:34:00,67.3
2025-06-12 10:49:00,8.6
2025-06-12 22:59:00,96.5
2025-06-12 22:38:00,50.557353635505194
2025-06-12 11:19:00,13.6
2025-06-12 03:41:00,50.557353635505194
2025-06-12 09:32:00,12.9
2025-06-12 12:10:00,41.0
2025-06-12 15:37:00,54.9
2025-06-12 12:26:00,64.5
2025-06-12 16:54:00,19.6
2025-06-12 13:18:00,23.5
2025-06-12 07:40:00,50.557353635505194
2025-06-12 04:08:00,50.557353635505194
2025-06-12 01:16:00,56.0
2025-06-12 19:00:00,91.2
2025-06-12 18:26:00,93.8
2025-06-12 14:51:00,86.0
2025-06-12 19:29:00,23.9
2025-06-12 19:29:00,54.3
2025-06-12 00:27:00,50.557353635505194
2025-06-12 01:43:00,52.3
2025-06-12 17:13:00,93.2
2025-06-12 13:55:00,30.4
2025-06-12 09:39:00,60.8
2025-06-12 06:56:00,21.9
2025-06-12 01:19:00,54.3
2025-06-12 15:43:00,53.8
2025-06-12 06:50:00,98.2
2025-06-12 20:56:00,76.7
2025-06-12 05:35:00,47.2
2025-06-12 10:46:00,13.2
2025-06-12 14:13:00,25.1
2025-06-12 12:12:00,50.557353635505194
2025-06-12 22:27:00,28.8
2025-06-12 00:07:00,90.1
2025-06-12 22:19:00,28.6
2025-06-12 12:33:00,85.7
2025-06-12 23:04:00,90.0
2025-06-12 21:36:00,1.5
2025-06-12 19:31:00,61.0
2025-06-12 15:40:00,80.6
2025-06-12 20:40:00,42.8
2025-06-12 12:14:00,38.0
2025-06-12 05:20:00,7.1
2025-06-12 16:18:00,42.9
2025-06-12 03:36:00,38.1
2025-06-12 12:48:00,73.0
2025-06-12 21:47:00,49.87196987526477
2025-06-12 07:32:00,67.4
2025-06-12 14:58:00,46.1
2025-06-12 11:01:00,97.8
2025-06-12 06:42:00,49.87196987526477
2025-06-12 21:02:00,64.1
2025-06-12 04:19:00,15.8
2025-06-12 17:20:00,84.1
2025-06-12 04:18:00,49.87196987526477
2025-06-12 22:00:00,62.4
2025-06-12 02:55:00,70.9
2025-06-12 00:25:00,49.87196987526477
2025-06-12 10:12:00,12.9
2025-06-12 06:24:00,77.0
2025-06-12 10:25:00,49.3
2025-06-12 00:36:00,49.87196987526477
2025-06-12 10:55:00,29.6
2025-06-12 16:41:00,48.3
2025-06-12 08:47:00,15.5
2025-06-12 15:07:00,39.7
2025-06-12 03:11:00,49.87196987526477
2025-06-12 07:33:00,16.5
2025-06-12 05:49:00,22.3
2025-06-12 21:32:00,55.6
2025-06-12 01:19:00,45.4
2025-06-12 21:42:00,49.87196987526477
2025-06-12 04:05:00,69.8
2025-06-12 03:35:00,34.3
2025-06-12 13:46:00,1.7
2025-06-12 02:01:00,96.1
2025-06-12 00:46:00,7.9
2025-06-12 18:09:00,61.1
2025-06-12 15:35:00,61.0
2025-06-12 11:00:00,73.5
2025-06-12 23:28:00,1.4
2025-06-12 16:13:00,12.5
2025-06-12 15:57:00,96.7
2025-06-12 11:01:00,85.4
2025-06-12 17:50:00,79.9
2025-06-12 20:47:00,5.8
2025-06-12 20:17:00,84.3
2025-06-12 16:24:00,49.87196987526477
2025-06-12 14:31:00,82.7
2025-06-12 02:17:00,18.8
2025-06-12 18:39:00,77.5
2025-06-12 07:43:00,8.9
2025-06-12 12:57:00,23.1
2025-06-12 09:38:00,81.6
2025-06-12 08:05:00,99.3
2025-06-12 14:15:00,18.8
2025-06-12 08:00:00,49.87196987526477
2025-06-12 15:38:00,49.87196987526477
2025-06-12 13:47:00,75.0
2025-06-12 22:31:00,49.87196987526477
2025-06-12 14:56:00,72.6
2025-06-12 18:03:00,76.9
2025-06-12 21:33:00,97.4
2025-06-12 17:49:00,37.4
2025-06-12 10:39:00,65.8
2025-06-12 22:14:00,2.6
2025-06-12 02:46:00,49.87196987526477
2025-06-12 00:09:00,10.9
2025-06-12 08:03:00,49.87196987526477
2025-06-12 19:06:00,97.8
2025-06-12 14:42:00,1.3
2025-06-12 09:46:00,46.3
2025-06-12 16:38:00,67.2
2025-06-12 15:24:00,15.0
2025-06-12 07:45:00,36.2
2025-06-12 17:10:00,30.6
2025-06-12 11:59:00,62.0
2025-06-12 04:41:00,22.9
2025-06-12 07:36:00,49.87196987526477
2025-06-12 15:08:00,51.0
2025-06-12 20:09:00,61.8
2025-06-12 03:43:00,29.5
2025-06-12 23:23:00,56.4
2025-06-12 08:24:00,74.9
2025-06-12 16:23:00,58.8
2025-06-12 23:21:00,49.87196987526477
2025-06-12 11:52:00,81.6
2025-06-12 07:28:00,21.9
2025-06-12 20:23:00,66.9
2025-06-12 21:26:00,91.0
2025-06-12 19:11:00,4.5
2025-06-12 01:42:00,49.87196987526477
2025-06-12 08:34:00,49.87196987526477
2025-06-12 20:38:00,81.9
2025-06-12 09:37:00,70.9
2025-06-12 02:48:00,54.5
2025-06-12 22:36:00,49.87196987526477
2025-06-12 12:26:00,40.7
2025-06-12 19:32:00,49.87196987526477
2025-06-12 05:47:00,72.7
2025-06-12 10:45:00,49.87196987526477
2025-06-12 22:26:00,59.0
2025-06-12 15:25:00,27.9
2025-06-12 01:55:00,29.7
2025-06-12 02:35:00,14.6
2025-06-12 14:10:00,1.8
2025-06-12 10:27:00,49.87196987526477
2025-06-12 16:38:00,49.87196987526477
2025-06-12 13:55:00,51.2
2025-06-12 16:22:00,13.7
2025-06-12 22:38:00,49.87196987526477
2025-06-12 14:35:00,44.0
2025-06-12 17:45:00,79.4
2025-06-12 20:24:00,81.2
2025-06-12 01:06:00,90.6
2025-06-12 19:45:00,49.87196987526477
2025-06-12 02:17:00,49.87196987526477
2025-06-12 08:56:00,54.1
2025-06-12 13:00:00,95.0
2025-06-12 11:52:00,50.0
2025-06-12 03:37:00,66.7
2025-06-12 13:46:00,83.8
2025-06-12 00:09:00,4.4
2025-06-12 03:23:00,35.6
2025-06-12 20:00:00,9.5
2025-06-12 09:26:00,51.0
2025-06-12 04:42:00,49.87196987526477
2025-06-12 09:18:00,35.3
2025-06-12 07:27:00,49.87196987526477
2025-06-12 22:53:00,36.6
2025-06-12 20:47:00,87.9
2025-06-12 02:39:00,49.87196987526477
2025-06-12 10:07:00,77.4
2025-06-12 19:48:00,16.2
2025-06-12 00:27:00,75.7
2025-06-12 03:47:00,49.87196987526477
2025-06-12 04:26:00,2.3
2025-06-12 03:20:00,77.0
2025-06-12 06:12:00,17.6
2025-06-12 13:37:00,66.2
2025-06-12 02:44:00,5.5
2025-06-12 02:46:00,49.87196987526477
2025-06-12 19:30:00,93.7
2025-06-12 16:10:00,49.87196987526477
2025-06-12 16:51:00,37.5
2025-06-12 10:48:00,45.7
2025-06-12 17:27:00,49.87196987526477
2025-06-12 01:26:00,22.7
2025-06-12 12:00:00,66.7
2025-06-12 12:21:00,14.5
2025-06-12 12:30:00,66.6
2025-06-12 04:17:00,45.5
2025-06-12 02:55:00,49.87196987526477
2025-06-12 09:32:00,39.0
2025-06-12 10:56:00,45.5
2025-06-12 16:37:00,10.0
2025-06-12 04:11:00,59.3
2025-06-12 01:54:00,99.9
2025-06-12 04:57:00,30.3
2025-06-12 19:22:00,78.4
2025-06-12 16:55:00,89.2
2025-06-12 03:10:00,37.9
2025-06-12 11:37:00,93.4
2025-06-12 04:08:00,84.7
2025-06-12 03:41:00,85.1
2025-06-12 06:38:00,30.2
2025-06-12 09:21:00,16.5
2025-06-12 04:38:00,49.87196987526477
2025-06-12 21:13:00,26.9
2025-06-12 18:22:00,94.9
2025-06-12 06:08:00,64.1
2025-06-12 13:56:00,49.87196987526477
2025-06-12 00:01:00,49.87196987526477
2025-06-12 10:43:00,41.7
2025-06-12 15:32:00,26.9
2025-06-12 04:54:00,49.87196987526477
2025-06-12 23:10:00,87.8
2025-06-12 09:34:00,87.5
2025-06-12 20:37:00,95.2
2025-06-12 06:04:00,49.87196987526477
2025-06-12 16:04:00,87.3
2025-06-12 07:24:00,45.7
2025-06-12 03:25:00,91.8
2025-06-12 01:21:00,49.87196987526477
2025-06-12 19:20:00,49.87196987526477
2025-06-12 16:59:00,45.7
2025-06-12 10:47:00,56.7
2025-06-12 01:37:00,49.87196987526477
2025-06-12 03:20:00,76.7
2025-06-12 17:38:00,49.87196987526477
2025-06-12 06:15:00,33.0
2025-06-12 14:22:00,0.6
2025-06-12 19:55:00,78.6
2025-06-12 22:10:00,60.5
2025-06-12 01:09:00,0.8
2025-06-12 19:42:00,14.5
2025-06-12 20:31:00,25.3
2025-06-12 23:04:00,79.7
2025-06-12 10:43:00,63.2
2025-06-12 09:41:00,83.7
2025-06-12 20:46:00,75.0
2025-06-12 22:17:00,62.2
2025-06-12 08:53:00,33.1
2025-06-12 20:22:00,40.5
2025-06-12 16:00:00,75.3
2025-06-12 12:49:00,49.87196987526477
2025-06-12 03:01:00,49.87196987526477
2025-06-12 12:39:00,44.0
2025-06-12 06:33:00,95.5
2025-06-12 16:56:00,26.5
2025-06-12 04:28:00,49.87196987526477
2025-06-12 01:28:00,8.1
2025-06-12 04:11:00,74.5
2025-06-12 19:04:00,49.87196987526477
2025-06-12 08:04:00,37.2
2025-06-12 05:32:00,47.7
2025-06-12 03:41:00,70.1
2025-06-12 00:10:00,69.6
2025-06-12 18:52:00,49.87196987526477
2025-06-12 17:02:00,17.6
2025-06-12 16:01:00,49.87196987526477
2025-06-12 14:43:00,79.3
2025-06-12 00:33:00,57.7
2025-06-12 12:45:00,11.8
2025-06-12 14:04:00,75.7
2025-06-12 20:53:00,34.3
2025-06-12 12:59:00,97.6
2025-06-12 18:41:00,10.3
2025-06-12 03:23:00,49.87196987526477
2025-06-12 09:38:00,74.6
2025-06-12 20:00:00,65.8
2025-06-12 07:36:00,18.2
2025-06-12 13:49:00,16.1
2025-06-12 22:43:00,13.9
2025-06-12 15:15:00,49.87196987526477
2025-06-12 02:28:00,99.4
2025-06-12 21:18:00,97.3
2025-06-12 19:11:00,100.0
2025-06-12 10:02:00,49.87196987526477
2025-06-12 09:23:00,42.7
2025-06-12 06:15:00,84.3
2025-06-12 11:33:00,41.0
2025-06-12 19:10:00,90.2
2025-06-12 20:21:00,94.2
2025-06-12 18:57:00,33.5
2025-06-12 07:10:00,63.5
2025-06-12 12:42:00,12.8
2025-06-12 04:40:00,49.87196987526477
2025-06-12 11:23:00,42.6
2025-06-12 13:07:00,17.9
2025-06-12 01:55:00,94.2
2025-06-12 12:20:00,85.1
2025-06-12 19:58:00,50.6
2025-06-12 14:42:00,92.7
2025-06-12 10:23:00,57.2
2025-06-12 20:36:00,83.8
2025-06-12 09:15:00,93.1
2025-06-12 10:39:00,18.9
2025-06-12 10:46:00,70.5
2025-06-12 10:59:00,37.7
2025-06-12 06:36:00,17.1
2025-06-12 23:09:00,0.8
2025-06-12 15:38:00,38.4
2025-06-12 22:09:00,70.8
2025-06-12 04:49:00,16.2
2025-06-12 20:28:00,33.0
2025-06-12 20:19:00,30.2
2025-06-12 14:12:00,68.3
2025-06-12 16:43:00,72.0
2025-06-12 11:21:00,77.8
2025-06-12 10:40:00,65.0
2025-06-12 04:43:00,48.7
2025-06-12 08:35:00,29.5
2025-06-12 19:20:00,29.8
2025-06-12 18:14:00,40.1
2025-06-12 01:39:00,68.8
2025-06-12 08:57:00,56.5
2025-06-12 22:03:00,49.87196987526477
2025-06-12 19:21:00,69.3
2025-06-12 14:06:00,63.4
2025-06-12 00:45:00,49.87196987526477
2025-06-12 02:29:00,10.1
2025-06-12 15:41:00,97.7
2025-06-12 15:14:00,26.4
2025-06-12 13:24:00,87.7
2025-06-12 06:55:00,30.0
2025-06-12 14:00:00,5.8
2025-06-12 16:42:00,70.4
2025-06-12 15:28:00,73.8
2025-06-12 01:26:00,60.5
2025-06-12 00:21:00,49.87196987526477
2025-06-12 08:53:00,94.7
2025-06-12 17:41:00,49.87196987526477
2025-06-12 13:55:00,68.5
2025-06-12 12:07:00,23.8
2025-06-12 05:25:00,37.4
2025-06-12 01:15:00,14.0
2025-06-12 05:42:00,2.1
2025-06-12 00:05:00,82.7
2025-06-12 17:19:00,42.0
2025-06-12 21:25:00,51.4
2025-06-12 20:49:00,98.7
2025-06-12 10:14:00,89.0
2025-06-12 02:28:00,62.0
2025-06-12 14:39:00,12.2
2025-06-12 21:37:00,53.5
2025-06-12 13:36:00,23.4
2025-06-12 21:40:00,8.0
2025-06-12 17:49:00,49.87196987526477
2025-06-12 18:39:00,87.6
2025-06-12 06:14:00,49.87196987526477
2025-06-12 11:30:00,49.87196987526477
2025-06-12 15:47:00,36.8
2025-06-12 10:37:00,38.0
2025-06-12 11:41:00,64.8
2025-06-12 11:04:00,70.1
2025-06-12 03:19:00,49.93628109892701
2025-06-12 09:22:00,98.7
2025-06-12 09:00:00,49.93628109892701
2025-06-12 23:34:00,30.0
2025-06-12 13:11:00,2.7
2025-06-12 13:46:00,49.93628109892701
2025-06-12 08:40:00,3.5
2025-06-12 14:13:00,93.1
2025-06-12 18:28:00,17.6
2025-06-12 11:39:00,18.9
2025-06-12 00:51:00,49.93628109892701
2025-06-12 14:40:00,13.3
2025-06-12 03:32:00,49.93628109892701
2025-06-12 16:59:00,49.93628109892701
2025-06-12 18:21:00,0.8
2025-06-12 23:12:00,19.7
2025-06-12 17:35:00,93.8
2025-06-12 00:53:00,49.93628109892701
2025-06-12 16:46:00,77.7
2025-06-12 10:32:00,13.0
2025-06-12 05:53:00,74.1
2025-06-12 14:03:00,33.5
2025-06-12 09:57:00,73.5
2025-06-12 22:52:00,49.93628109892701
2025-06-12 18:10:00,92.0
2025-06-12 07:06:00,61.1
2025-06-12 22:22:00,17.5
2025-06-12 08:33:00,5.3
2025-06-12 14:42:00,41.1
2025-06-12 07:12:00,96.2
2025-06-12 12:44:00,56.8
2025-06-12 14:29:00,1.6
2025-06-12 06:31:00,30.3
2025-06-12 17:00:00,0.2
2025-06-12 08:48:00,49.93628109892701
2025-06-12 23:31:00,76.9
2025-06-12 15:53:00,89.7
2025-06-12 16:27:00,30.6
2025-06-12 01:53:00,58.3
2025-06-12 08:57:00,27.2
2025-06-12 12:03:00,49.93628109892701
2025-06-12 23:26:00,39.1
2025-06-12 17:57:00,25.4
2025-06-12 05:23:00,63.5
2025-06-12 03:50:00,40.9
2025-06-12 03:02:00,61.6
2025-06-12 18:14:00,48.9
2025-06-12 00:26:00,92.2
2025-06-12 13:11:00,81.1
2025-06-12 14:37:00,91.7
2025-06-12 15:08:00,49.0
2025-06-12 17:45:00,49.93628109892701
2025-06-12 16:18:00,65.0
2025-06-12 16:28:00,29.9
2025-06-12 05:50:00,49.93628109892701
2025-06-12 07:18:00,49.93628109892701
2025-06-12 16:32:00,19.4
2025-06-12 03:37:00,66.7
2025-06-12 01:12:00,24.9
2025-06-12 03:14:00,49.93628109892701
2025-06-12 07:23:00,10.1
2025-06-12 06:33:00,13.1
2025-06-12 21:33:00,68.5
2025-06-12 04:55:00,39.0
2025-06-12 17:01:00,76.7
2025-06-12 10:43:00,49.93628109892701
2025-06-12 04:29:00,80.4
2025-06-12 19:19:00,79.8
2025-06-12 12:06:00,49.93628109892701
2025-06-12 06:36:00,5.8
2025-06-12 12:37:00,55.1
2025-06-12 10:20:00,59.0
2025-06-12 06:24:00,38.1
2025-06-12 00:46:00,68.0
2025-06-12 02:57:00,49.93628109892701
2025-06-12 08:15:00,4.8
2025-06-12 05:24:00,49.93628109892701
2025-06-12 08:03:00,52.7
2025-06-12 03:06:00,66.4
2025-06-12 10:08:00,82.7
2025-06-12 17:38:00,25.1
2025-06-12 01:29:00,82.6
2025-06-12 22:52:00,74.3
2025-06-12 22:29:00,49.93628109892701
2025-06-12 22:54:00,96.0
2025-06-12 14:09:00,11.0
2025-06-12 16:22:00,65.2
2025-06-12 16:20:00,49.93628109892701
2025-06-12 15:41:00,1.6
2025-06-12 16:10:00,19.0
2025-06-12 07:19:00,75.9
2025-06-12 11:54:00,59.8
2025-06-12 14:54:00,26.1
2025-06-12 03:38:00,64.0
2025-06-12 14:52:00,54.3
2025-06-12 04:26:00,49.93628109892701
2025-06-12 13:35:00,49.93628109892701
2025-06-12 03:40:00,30.5
2025-06-12 06:59:00,55.8
2025-06-12 13:49:00,68.0
2025-06-12 18:06:00,53.6
2025-06-12 06:03:00,89.4
2025-06-12 08:57:00,29.4
2025-06-12 10:11:00,34.9
2025-06-12 20:28:00,41.6
2025-06-12 08:13:00,9.3
2025-06-12 22:38:00,90.1
2025-06-12 20:56:00,7.8
2025-06-12 22:53:00,5.7
2025-06-12 07:37:00,68.4
2025-06-12 19:10:00,84.8
2025-06-12 08:21:00,47.6
2025-06-12 05:49:00,49.93628109892701
2025-06-12 03:48:00,49.93628109892701
2025-06-12 16:24:00,28.7
2025-06-12 12:40:00,8.8
2025-06-12 13:47:00,91.2
2025-06-12 04:57:00,51.5
2025-06-12 05:24:00,52.1
2025-06-12 23:16:00,69.4
2025-06-12 01:52:00,28.0
2025-06-12 20:44:00,65.9
2025-06-12 02:25:00,69.9
2025-06-12 16:58:00,98.8
2025-06-12 12:34:00,49.93628109892701
2025-06-12 21:26:00,8.4
2025-06-12 06:33:00,12.9
2025-06-12 22:44:00,38.6
2025-06-12 09:20:00,49.93628109892701
2025-06-12 23:35:00,51.5
2025-06-12 13:20:00,97.1
2025-06-12 09:30:00,70.9
2025-06-12 09:35:00,49.93628109892701
2025-06-12 15:54:00,88.0
2025-06-12 00:08:00,40.6
2025-06-12 02:49:00,48.4
2025-06-12 02:17:00,28.1
2025-06-12 16:05:00,1.8
2025-06-12 18:18:00,49.93628109892701
2025-06-12 02:09:00,25.8
2025-06-12 19:31:00,49.93628109892701
2025-06-12 17:01:00,49.93628109892701
2025-06-12 19:52:00,49.93628109892701
2025-06-12 20:56:00,3.4
2025-06-12 12:19:00,49.93628109892701
2025-06-12 18:09:00,0.9
2025-06-12 16:50:00,75.8
2025-06-12 14:43:00,49.93628109892701
2025-06-12 16:54:00,5.6
2025-06-12 12:17:00,49.93628109892701
2025-06-12 11:37:00,24.0
2025-06-12 00:59:00,10.4
2025-06-12 08:21:00,35.3
2025-06-12 12:50:00,14.5
2025-06-12 00:37:00,42.9
2025-06-12 21:49:00,24.1
2025-06-12 06:10:00,84.7
2025-06-12 08:44:00,81.9
2025-06-12 05:03:00,49.93628109892701
2025-06-12 23:59:00,35.5
2025-06-12 08:54:00,35.6
2025-06-12 22:26:00,50.9
2025-06-12 20:23:00,75.1
2025-06-12 01:56:00,84.0
2025-06-12 20:12:00,84.5
2025-06-12 05:44:00,77.1
2025-06-12 19:43:00,13.6
2025-06-12 13:10:00,89.9
2025-06-12 11:15:00,54.1
2025-06-12 10:06:00,5.2
2025-06-12 14:59:00,34.7
2025-06-12 01:31:00,82.4
2025-06-12 01:17:00,49.93628109892701
2025-06-12 09:31:00,59.9
2025-06-12 19:48:00,95.1
2025-06-12 23:07:00,44.9
2025-06-12 14:21:00,76.0
2025-06-12 10:03:00,90.1
2025-06-12 18:32:00,49.93628109892701
2025-06-12 05:21:00,56.4
2025-06-12 09:18:00,49.93628109892701
2025-06-12 02:18:00,82.7
2025-06-12 16:18:00,12.2
2025-06-12 07:47:00,49.93628109892701
2025-06-12 04:57:00,49.93628109892701
2025-06-12 03:40:00,25.7
2025-06-12 18:01:00,33.6
2025-06-12 07:22:00,3.5
2025-06-12 19:55:00,59.6
2025-06-12 22:14:00,49.93628109892701
2025-06-12 20:36:00,16.5
2025-06-12 19:10:00,6.0
2025-06-12 16:46:00,31.9
2025-06-12 00:01:00,47.2
2025-06-12 17:33:00,50.2
2025-06-12 20:31:00,62.9
2025-06-12 18:50:00,54.1
2025-06-12 00:48:00,3.3
2025-06-12 09:18:00,98.6
2025-06-12 03:37:00,92.3
2025-06-12 05:07:00,1.8
2025-06-12 11:49:00,92.0
2025-06-12 15:16:00,49.93628109892701
2025-06-12 07:27:00,53.5
2025-06-12 16:53:00,74.0
2025-06-12 14:10:00,30.8
2025-06-12 22:13:00,9.3
2025-06-12 14:47:00,92.0
2025-06-12 03:27:00,32.3
2025-06-12 04:33:00,45.1
2025-06-12 02:10:00,49.2
2025-06-12 09:56:00,21.7
2025-06-12 11:09:00,74.1
2025-06-12 21:35:00,49.93628109892701
2025-06-12 11:25:00,12.8
2025-06-12 01:18:00,37.7
2025-06-12 00:35:00,43.2
2025-06-12 16:21:00,47.2
2025-06-12 05:53:00,42.1
2025-06-12 00:08:00,5.6
2025-06-12 19:28:00,49.93628109892701
2025-06-12 01:10:00,0.5
2025-06-12 13:26:00,78.2
2025-06-12 17:14:00,84.9
2025-06-12 16:17:00,45.5
2025-06-12 05:38:00,27.4
2025-06-12 09:56:00,12.4
2025-06-12 02:34:00,82.6
2025-06-12 12:59:00,23.9
2025-06-12 14:58:00,37.2
2025-06-12 11:00:00,40.2
2025-06-12 04:07:00,46.1
2025-06-12 01:17:00,93.8
2025-06-12 12:32:00,4.9
2025-06-12 03:08:00,2.3
2025-06-12 15:59:00,8.6
2025-06-12 20:28:00,49.93628109892701
2025-06-12 01:28:00,84.4
2025-06-12 16:13:00,49.93628109892701
2025-06-12 01:08:00,49.93628109892701
2025-06-12 07:17:00,49.93628109892701
2025-06-12 15:52:00,5.6
2025-06-12 03:36:00,18.2
2025-06-12 19:47:00,60.7
2025-06-12 02:07:00,66.3
2025-06-12 23:08:00,40.6
2025-06-12 21:02:00,49.93628109892701
2025-06-12 13:15:00,75.3
2025-06-12 22:54:00,25.1
2025-06-12 13:22:00,70.4
2025-06-12 16:45:00,6.8
2025-06-12 18:39:00,41.5
2025-06-12 13:52:00,60.8
2025-06-12 01:40:00,15.4
2025-06-12 01:58:00,49.93628109892701
2025-06-12 23:07:00,57.1
2025-06-12 16:58:00,94.1
2025-06-12 15:26:00,14.6
2025-06-12 03:17:00,81.2
2025-06-12 23:05:00,10.1
2025-06-12 17:35:00,71.5
2025-06-12 01:11:00,27.0
2025-06-12 15:06:00,42.4
2025-06-12 09:09:00,51.2
2025-06-12 05:03:00,57.0
2025-06-12 21:16:00,44.1
2025-06-12 13:30:00,97.8
2025-06-12 14:51:00,58.7
2025-06-12 03:19:00,11.8
2025-06-12 10:54:00,37.4
2025-06-12 16:44:00,49.93628109892701
2025-06-12 04:21:00,74.9
2025-06-12 07:43:00,98.0
2025-06-12 09:04:00,68.9
2025-06-12 12:50:00,38.3
2025-06-12 20:48:00,49.7
2025-06-12 23:33:00,81.4
2025-06-12 05:05:00,18.3
2025-06-12 08:19:00,42.1
2025-06-12 09:58:00,59.1
2025-06-12 08:20:00,6.2
2025-06-12 13:51:00,53.0
2025-06-12 01:25:00,30.7
2025-06-12 13:42:00,48.8
2025-06-12 18:28:00,36.4
2025-06-12 22:12:00,7.9
2025-06-12 10:11:00,1.7
2025-06-12 13:29:00,95.4
2025-06-12 21:20:00,15.1
2025-06-12 07:44:00,66.7
2025-06-12 09:41:00,31.2
2025-06-12 23:54:00,11.8
2025-06-12 21:32:00,32.3
2025-06-12 02:42:00,49.93628109892701
2025-06-12 08:44:00,79.3
2025-06-12 06:18:00,17.0
2025-06-12 08:09:00,92.5
2025-06-12 00:42:00,49.93628109892701
2025-06-12 03:29:00,79.8
2025-06-12 05:35:00,49.93628109892701
2025-06-12 23:38:00,91.8
2025-06-12 23:26:00,3.7
2025-06-12 09:52:00,45.3
2025-06-12 07:07:00,15.9
2025-06-12 01:23:00,55.6
2025-06-12 23:33:00,49.93628109892701
2025-06-12 09:00:00,6.7
2025-06-12 02:52:00,22.8
2025-06-12 22:05:00,55.0
2025-06-12 02:20:00,89.1
2025-06-12 01:41:00,28.3
2025-06-12 04:14:00,49.93628109892701
2025-06-12 12:22:00,84.9
2025-06-12 08:43:00,72.3
2025-06-12 20:02:00,78.1
2025-06-12 09:09:00,45.0
2025-06-12 18:12:00,49.93628109892701
2025-06-12 05:42:00,62.7
2025-06-12 11:06:00,59.1
2025-06-12 21:35:00,38.2
2025-06-12 00:41:00,82.4
2025-06-12 22:54:00,13.2
2025-06-12 15:21:00,30.4
2025-06-12 18:33:00,28.2
2025-06-12 06:08:00,5.7
2025-06-12 05:48:00,88.0
2025-06-12 16:54:00,49.93628109892701
2025-06-12 06:16:00,49.797736698660984
2025-06-12 20:48:00,8.4
2025-06-12 10:46:00,49.797736698660984
2025-06-12 01:04:00,59.8
2025-06-12 17:19:00,47.2
2025-06-12 23:53:00,25.0
2025-06-12 07:38:00,49.797736698660984
2025-06-12 02:32:00,49.797736698660984
2025-06-12 03:40:00,16.6
2025-06-12 15:38:00,5.0
2025-06-12 00:44:00,92.8
2025-06-12 18:03:00,98.1
2025-06-12 14:34:00,49.797736698660984
2025-06-12 04:05:00,70.6
2025-06-12 10:16:00,64.9
2025-06-12 06:38:00,94.9
2025-06-12 21:03:00,60.5
2025-06-12 11:10:00,33.1
2025-06-12 10:09:00,64.6
2025-06-12 11:52:00,10.1
2025-06-12 21:51:00,49.4
2025-06-12 15:37:00,19.1
2025-06-12 17:51:00,54.7
2025-06-12 10:11:00,79.7
2025-06-12 22:11:00,1.3
2025-06-12 10:15:00,46.5
2025-06-12 09:17:00,66.6
2025-06-12 00:06:00,92.3
2025-06-12 09:24:00,8.0
2025-06-12 03:34:00,43.4
2025-06-12 20:47:00,46.8
2025-06-12 06:20:00,91.7
2025-06-12 19:11:00,65.9
2025-06-12 02:05:00,80.8
2025-06-12 10:07:00,59.4
2025-06-12 02:10:00,93.9
2025-06-12 09:25:00,70.5
2025-06-12 09:52:00,63.2
2025-06-12 22:49:00,63.6
2025-06-12 10:53:00,68.3
2025-06-12 06:34:00,87.6
2025-06-12 08:41:00,39.6
2025-06-12 05:19:00,15.6
2025-06-12 10:39:00,49.797736698660984
2025-06-12 23:48:00,33.7
2025-06-12 08:23:00,35.8
2025-06-12 02:02:00,66.8
2025-06-12 07:57:00,55.8
2025-06-12 16:03:00,39.1
2025-06-12 09:33:00,92.7
2025-06-12 06:01:00,0.4
2025-06-12 08:46:00,95.2
2025-06-12 16:09:00,22.0
2025-06-12 05:48:00,38.1
2025-06-12 12:16:00,37.5
2025-06-12 04:28:00,49.797736698660984
2025-06-12 23:49:00,68.3
2025-06-12 00:54:00,49.797736698660984
2025-06-12 16:45:00,6.0
2025-06-12 23:27:00,24.3
2025-06-12 00:25:00,62.7
2025-06-12 00:43:00,73.5
2025-06-12 10:21:00,92.3
2025-06-12 07:24:00,4.6
2025-06-12 00:09:00,60.0
2025-06-12 20:42:00,66.1
2025-06-12 16:58:00,78.9
2025-06-12 13:50:00,5.2
2025-06-12 04:03:00,70.8
2025-06-12 14:50:00,51.9
2025-06-12 18:14:00,72.0
2025-06-12 09:17:00,12.9
2025-06-12 16:29:00,20.1
2025-06-12 06:25:00,31.7
2025-06-12 02:57:00,56.3
2025-06-12 22:21:00,49.797736698660984
2025-06-12 19:52:00,20.3
2025-06-12 03:27:00,37.4
2025-06-12 11:24:00,82.8
2025-06-12 12:16:00,85.1
2025-06-12 14:22:00,43.0
2025-06-12 11:35:00,93.9
2025-06-12 08:19:00,98.8
2025-06-12 15:41:00,49.797736698660984
2025-06-12 14:55:00,2.1
2025-06-12 11:13:00,54.1
2025-06-12 11:51:00,71.1
2025-06-12 21:38:00,9.5
2025-06-12 11:59:00,7.8
2025-06-12 12:11:00,36.8
2025-06-12 10:27:00,99.2
2025-06-12 08:29:00,15.3
2025-06-12 07:40:00,87.2
2025-06-12 07:51:00,49.797736698660984
2025-06-12 12:51:00,25.4
2025-06-12 04:47:00,68.6
2025-06-12 20:15:00,56.6
2025-06-12 03:07:00,53.2
2025-06-12 17:55:00,18.5
2025-06-12 21:27:00,32.8
2025-06-12 18:08:00,49.797736698660984
2025-06-12 03:53:00,49.797736698660984
2025-06-12 21:23:00,71.8
2025-06-12 10:18:00,61.8
2025-06-12 08:17:00,56.2
2025-06-12 07:42:00,49.797736698660984
2025-06-12 09:51:00,0.1
2025-06-12 10:28:00,47.7
2025-06-12 02:13:00,99.8
2025-06-12 04:04:00,85.0
2025-06-12 01:52:00,65.7
2025-06-12 12:48:00,31.4
2025-06-12 11:13:00,82.5
2025-06-12 00:08:00,49.797736698660984
2025-06-12 12:24:00,66.1
2025-06-12 21:19:00,82.2
2025-06-12 21:58:00,7.1
2025-06-12 21:11:00,22.0
2025-06-12 18:21:00,83.5
2025-06-12 13:42:00,49.797736698660984
2025-06-12 01:10:00,97.8
2025-06-12 04:11:00,73.5
2025-06-12 16:49:00,64.4
2025-06-12 20:25:00,47.1
2025-06-12 09:31:00,94.7
2025-06-12 01:19:00,27.2
2025-06-12 08:45:00,86.1
2025-06-12 23:33:00,96.7
2025-06-12 00:20:00,34.9
2025-06-12 07:14:00,42.9
2025-06-12 12:57:00,14.9
2025-06-12 18:35:00,52.6
2025-06-12 02:37:00,17.5
2025-06-12 16:54:00,5.9
2025-06-12 03:44:00,21.6
2025-06-12 04:45:00,12.6
2025-06-12 15:54:00,41.0
2025-06-12 10:11:00,66.7
2025-06-12 17:26:00,59.5
2025-06-12 06:31:00,77.7
2025-06-12 20:43:00,50.9
2025-06-12 09:17:00,16.8
2025-06-12 13:05:00,6.6
2025-06-12 02:45:00,76.3
2025-06-12 09:32:00,41.2
2025-06-12 06:04:00,49.797736698660984
2025-06-12 21:49:00,61.0
2025-06-12 02:13:00,49.797736698660984
2025-06-12 01:12:00,62.7
2025-06-12 15:27:00,32.8
2025-06-12 01:01:00,86.2
2025-06-12 14:58:00,61.7
2025-06-12 04:11:00,28.2
2025-06-12 00:19:00,71.2
2025-06-12 14:37:00,76.1
2025-06-12 11:15:00,49.797736698660984
2025-06-12 04:32:00,78.1
2025-06-12 19:50:00,49.797736698660984
2025-06-12 06:45:00,2.2
2025-06-12 14:57:00,20.4
2025-06-12 00:15:00,50.8
2025-06-12 13:03:00,2.9
2025-06-12 07:48:00,86.6
2025-06-12 20:00:00,49.1
2025-06-12 01:18:00,14.2
2025-06-12 14:09:00,36.0
2025-06-12 10:58:00,71.9
2025-06-12 19:03:00,72.1
2025-06-12 19:30:00,35.8
2025-06-12 22:53:00,49.797736698660984
2025-06-12 23:48:00,23.5
2025-06-12 07:59:00,42.1
2025-06-12 13:11:00,30.9
2025-06-12 07:48:00,67.0
2025-06-12 17:13:00,49.797736698660984
2025-06-12 07:31:00,88.3
2025-06-12 01:59:00,94.7
2025-06-12 19:31:00,49.797736698660984
2025-06-12 06:15:00,49.797736698660984
2025-06-12 11:47:00,71.6
2025-06-12 14:03:00,2.9
2025-06-12 21:34:00,34.5
2025-06-12 00:49:00,58.2
2025-06-12 20:41:00,37.1
2025-06-12 11:24:00,31.6
2025-06-12 02:25:00,23.6
2025-06-12 07:50:00,18.7
2025-06-12 14:37:00,58.0
2025-06-12 23:59:00,49.797736698660984
2025-06-12 04:03:00,74.8
2025-06-12 20:41:00,3.5
2025-06-12 19:05:00,49.797736698660984
2025-06-12 07:43:00,49.797736698660984
2025-06-12 01:41:00,49.797736698660984
2025-06-12 02:45:00,9.6
2025-06-12 03:46:00,86.3
2025-06-12 10:30:00,49.797736698660984
2025-06-12 12:01:00,35.1
2025-06-12 21:47:00,52.5
2025-06-12 00:03:00,99.0
2025-06-12 00:30:00,80.2
2025-06-12 23:58:00,37.0
2025-06-12 14:50:00,21.3
2025-06-12 06:20:00,49.797736698660984
2025-06-12 08:28:00,35.8
2025-06-12 18:07:00,49.797736698660984
2025-06-12 07:53:00,49.797736698660984
2025-06-12 03:44:00,64.7
2025-06-12 11:08:00,31.6
2025-06-12 11:26:00,81.4
2025-06-12 03:04:00,60.8
2025-06-12 22:35:00,65.9
2025-06-12 17:25:00,25.3
2025-06-12 18:48:00,1.6
2025-06-12 06:43:00,49.797736698660984
2025-06-12 00:34:00,49.797736698660984
2025-06-12 00:35:00,96.0
2025-06-12 13:30:00,1.2
2025-06-12 00:26:00,87.3
2025-06-12 00:27:00,23.1
2025-06-12 10:00:00,72.8
2025-06-12 03:40:00,49.797736698660984
2025-06-12 23:13:00,49.797736698660984
2025-06-12 12:28:00,76.0
2025-06-12 08:01:00,37.1
2025-06-12 04:24:00,77.7
2025-06-12 03:30:00,93.2
2025-06-12 21:25:00,49.797736698660984
2025-06-12 09:25:00,7.5
2025-06-12 22:32:00,47.4
2025-06-12 17:47:00,80.2
2025-06-12 19:42:00,59.0
2025-06-12 20:57:00,15.3
2025-06-12 07:48:00,49.797736698660984
2025-06-12 06:45:00,96.1
2025-06-12 23:47:00,49.797736698660984
2025-06-12 12:11:00,54.3
2025-06-12 21:31:00,49.797736698660984
2025-06-12 01:37:00,74.9
2025-06-12 14:46:00,31.1
2025-06-12 07:07:00,35.7
2025-06-12 10:39:00,17.7
2025-06-12 03:28:00,29.7
2025-06-12 17:02:00,29.2
2025-06-12 19:42:00,96.2
2025-06-12 06:58:00,76.8
2025-06-12 14:02:00,51.3
2025-06-12 08:10:00,97.2
2025-06-12 07:14:00,16.5
2025-06-12 08:11:00,58.1
2025-06-12 02:53:00,58.5
2025-06-12 20:29:00,49.797736698660984
2025-06-12 06:36:00,44.2
2025-06-12 22:20:00,10.8
2025-06-12 10:00:00,68.8
2025-06-12 18:26:00,95.1
2025-06-12 05:55:00,49.797736698660984
2025-06-12 21:16:00,31.0
2025-06-12 06:21:00,36.0
2025-06-12 21:52:00,72.8
2025-06-12 19:18:00,14.4
2025-06-12 09:56:00,47.9
2025-06-12 03:07:00,41.6
2025-06-12 04:35:00,61.9
2025-06-12 17:12:00,49.797736698660984
2025-06-12 04:21:00,56.2
2025-06-12 00:02:00,28.0
2025-06-12 12:27:00,93.3
2025-06-12 12:34:00,76.5
2025-06-12 17:55:00,70.0
2025-06-12 13:45:00,45.1
2025-06-12 14:13:00,14.7
2025-06-12 23:05:00,52.5
2025-06-12 16:32:00,32.6
2025-06-12 08:31:00,57.5
2025-06-12 03:18:00,49.797736698660984
2025-06-12 20:19:00,64.3
2025-06-12 21:39:00,1.4
2025-06-12 03:52:00,60.2
2025-06-12 05:37:00,60.5
2025-06-12 06:15:00,49.797736698660984
2025-06-12 16:25:00,42.4
2025-06-12 18:03:00,25.5
2025-06-12 18:11:00,30.1
2025-06-12 22:06:00,31.7
2025-06-12 22:23:00,59.9
2025-06-12 02:47:00,49.797736698660984
2025-06-12 13:58:00,49.797736698660984
2025-06-12 19:23:00,75.9
2025-06-12 03:47:00,17.4
2025-06-12 12:58:00,49.797736698660984
2025-06-12 10:08:00,9.6
2025-06-12 12:33:00,30.5
2025-06-12 21:23:00,76.8
2025-06-12 16:16:00,9.4
2025-06-12 07:01:00,28.4
2025-06-12 03:51:00,6.7
2025-06-12 00:24:00,24.7
2025-06-12 23:18:00,19.4
2025-06-12 17:23:00,49.797736698660984
2025-06-12 10:45:00,57.9
2025-06-12 12:35:00,55.7
2025-06-12 06:23:00,39.6
2025-06-12 09:07:00,42.9
2025-06-12 15:17:00,49.797736698660984
2025-06-12 20:41:00,3.2
2025-06-12 21:34:00,48.0
2025-06-12 01:35:00,91.5
2025-06-12 09:19:00,37.8
2025-06-12 18:55:00,66.3
2025-06-12 00:56:00,79.8
2025-06-12 18:53:00,17.8
2025-06-12 18:39:00,70.6
2025-06-12 20:24:00,94.8
2025-06-12 09:29:00,91.7
2025-06-12 14:10:00,68.3
2025-06-12 20:07:00,49.797736698660984
2025-06-12 21:50:00,92.5
2025-06-12 19:59:00,1.0
2025-06-12 19:45:00,3.1
2025-06-12 17:40:00,49.797736698660984
2025-06-12 10:38:00,61.0
2025-06-12 06:34:00,27.3
2025-06-12 08:13:00,12.6
2025-06-12 06:24:00,74.1
2025-06-12 18:05:00,30.7
2025-06-12 00:28:00,21.1
2025-06-12 17:16:00,41.2
2025-06-12 18:57:00,67.0
2025-06-12 22:40:00,5.8
2025-06-12 13:29:00,27.2
2025-06-12 06:40:00,54.0
2025-06-12 23:58:00,22.1
2025-06-12 09:58:00,90.1
2025-06-12 19:44:00,4.5
2025-06-12 03:22:00,35.5
2025-06-12 03:14:00,17.3
2025-06-12 18:03:00,50.18136565940501
2025-06-12 20:58:00,61.2
2025-06-12 14:47:00,19.4
2025-06-12 14:48:00,50.18136565940501
2025-06-12 11:40:00,53.4
2025-06-12 07:02:00,12.8
2025-06-12 15:09:00,50.18136565940501
2025-06-12 08:47:00,28.3
2025-06-12 05:17:00,18.0
2025-06-12 10:47:00,19.7
2025-06-12 05:38:00,47.1
2025-06-12 14:10:00,33.7
2025-06-12 19:48:00,89.8
2025-06-12 03:57:00,50.18136565940501
2025-06-12 06:47:00,13.0
2025-06-12 06:30:00,23.2
2025-06-12 10:27:00,70.0
2025-06-12 14:02:00,50.18136565940501
2025-06-12 12:04:00,48.3
2025-06-12 17:29:00,49.9
2025-06-12 13:23:00,6.7
2025-06-12 23:33:00,60.4
2025-06-12 00:15:00,50.18136565940501
2025-06-12 12:15:00,96.5
2025-06-12 00:02:00,50.18136565940501
2025-06-12 20:44:00,50.18136565940501
2025-06-12 14:16:00,67.5
2025-06-12 21:25:00,60.0
2025-06-12 23:31:00,35.1
2025-06-12 04:26:00,9.3
2025-06-12 08:09:00,50.18136565940501
2025-06-12 05:21:00,58.8
2025-06-12 14:46:00,14.9
2025-06-12 09:06:00,50.18136565940501
2025-06-12 22:42:00,98.1
2025-06-12 01:29:00,85.4
2025-06-12 16:38:00,99.4
2025-06-12 06:42:00,50.18136565940501
2025-06-12 11:29:00,50.18136565940501
2025-06-12 02:35:00,9.9
2025-06-12 23:53:00,85.9
2025-06-12 09:30:00,14.7
2025-06-12 03:53:00,86.7
2025-06-12 10:00:00,93.9
2025-06-12 15:19:00,4.1
2025-06-12 05:45:00,8.4
2025-06-12 02:09:00,55.3
2025-06-12 20:34:00,9.8
2025-06-12 03:28:00,55.6
2025-06-12 10:47:00,34.0
2025-06-12 06:53:00,44.4
2025-06-12 08:34:00,50.18136565940501
2025-06-12 10:42:00,75.3
2025-06-12 11:16:00,50.18136565940501
2025-06-12 14:03:00,21.8
2025-06-12 20:54:00,50.18136565940501
2025-06-12 14:22:00,30.4
2025-06-12 18:02:00,50.18136565940501
2025-06-12 23:43:00,13.2
2025-06-12 13:46:00,84.7
2025-06-12 16:39:00,89.9
2025-06-12 12:20:00,39.0
2025-06-12 18:57:00,98.6
2025-06-12 20:53:00,36.1
2025-06-12 05:29:00,28.0
2025-06-12 21:20:00,76.0
2025-06-12 12:37:00,42.0
2025-06-12 21:02:00,77.6
2025-06-12 17:12:00,38.9
2025-06-12 07:01:00,84.0
2025-06-12 11:29:00,50.18136565940501
2025-06-12 09:22:00,31.2
2025-06-12 17:22:00,43.7
2025-06-12 04:49:00,73.6
2025-06-12 01:19:00,95.7
2025-06-12 01:33:00,93.0
2025-06-12 09:43:00,69.3
2025-06-12 02:45:00,0.3
2025-06-12 10:56:00,56.8
2025-06-12 20:35:00,50.18136565940501
2025-06-12 21:57:00,13.8
2025-06-12 09:31:00,30.4
2025-06-12 12:13:00,55.7
2025-06-12 03:36:00,50.2
2025-06-12 16:56:00,50.18136565940501
2025-06-12 08:06:00,27.0
2025-06-12 08:50:00,43.2
2025-06-12 12:10:00,5.7
2025-06-12 14:37:00,43.0
2025-06-12 11:08:00,74.4
2025-06-12 03:39:00,52.7
2025-06-12 01:07:00,33.5
2025-06-12 09:20:00,50.18136565940501
2025-06-12 23:56:00,42.9
2025-06-12 02:27:00,99.1
2025-06-12 11:56:00,32.3
2025-06-12 17:04:00,50.18136565940501
2025-06-12 04:21:00,82.0
2025-06-12 14:51:00,86.6
2025-06-12 00:21:00,16.6
2025-06-12 03:27:00,69.4
2025-06-12 06:38:00,53.4
2025-06-12 01:43:00,51.7
2025-06-12 20:16:00,50.18136565940501
2025-06-12 10:17:00,41.2
2025-06-12 00:15:00,62.0
2025-06-12 01:33:00,8.3
2025-06-12 12:16:00,17.1
2025-06-12 04:40:00,50.18136565940501
2025-06-12 18:53:00,80.2
2025-06-12 19:12:00,48.2
2025-06-12 02:23:00,33.2
2025-06-12 04:03:00,59.0
2025-06-12 03:35:00,41.0
2025-06-12 19:48:00,50.18136565940501
2025-06-12 05:03:00,58.7
2025-06-12 02:58:00,46.0
2025-06-12 09:16:00,59.5
2025-06-12 10:07:00,51.8
2025-06-12 05:41:00,43.4
2025-06-12 15:19:00,93.4
2025-06-12 20:09:00,95.3
2025-06-12 02:05:00,3.0
2025-06-12 02:27:00,34.2
2025-06-12 20:51:00,19.4
2025-06-12 05:58:00,50.18136565940501
2025-06-12 16:16:00,50.18136565940501
2025-06-12 05:59:00,77.8
2025-06-12 09:06:00,21.9
2025-06-12 14:11:00,19.8
2025-06-12 16:02:00,89.8
2025-06-12 10:55:00,50.18136565940501
2025-06-12 21:47:00,41.2
2025-06-12 03:43:00,42.0
2025-06-12 11:33:00,50.18136565940501
2025-06-12 16:14:00,50.18136565940501
2025-06-12 06:12:00,15.9
2025-06-12 19:31:00,50.18136565940501
2025-06-12 10:47:00,49.3
2025-06-12 15:51:00,1.4
2025-06-12 15:54:00,18.3
2025-06-12 04:00:00,53.3
2025-06-12 06:09:00,71.6
2025-06-12 21:28:00,10.6
2025-06-12 02:46:00,18.7
2025-06-12 06:44:00,51.7
2025-06-12 17:07:00,51.9
2025-06-12 06:42:00,11.8
2025-06-12 08:16:00,30.5
2025-06-12 06:13:00,42.5
2025-06-12 12:37:00,40.7
2025-06-12 09:53:00,50.18136565940501
2025-06-12 06:51:00,20.5
2025-06-12 11:45:00,50.18136565940501
2025-06-12 21:23:00,52.3
2025-06-12 21:35:00,50.18136565940501
2025-06-12 19:15:00,11.6
2025-06-12 00:49:00,6.8
2025-06-12 21:09:00,9.6
2025-06-12 18:25:00,94.1
2025-06-12 00:40:00,97.6
2025-06-12 18:19:00,41.4
2025-06-12 09:34:00,50.18136565940501
2025-06-12 13:33:00,46.2
2025-06-12 11:07:00,42.3
2025-06-12 09:01:00,2.4
2025-06-12 20:41:00,67.2
2025-06-12 23:25:00,50.18136565940501
2025-06-12 08:58:00,28.3
2025-06-12 08:41:00,92.1
2025-06-12 23:46:00,28.9
2025-06-12 21:44:00,81.7
2025-06-12 16:01:00,20.0
2025-06-12 05:21:00,50.9
2025-06-12 06:21:00,37.9
2025-06-12 18:55:00,50.18136565940501
2025-06-12 06:07:00,64.9
2025-06-12 15:06:00,78.9
2025-06-12 07:59:00,59.8
2025-06-12 09:33:00,54.3
2025-06-12 00:48:00,50.4
2025-06-12 03:35:00,76.9
2025-06-12 07:05:00,32.3
2025-06-12 19:08:00,50.18136565940501
2025-06-12 00:18:00,22.0
2025-06-12 20:08:00,76.6
2025-06-12 19:03:00,89.7
2025-06-12 17:02:00,40.8
2025-06-12 11:18:00,84.5
2025-06-12 15:15:00,98.7
2025-06-12 09:27:00,23.7
2025-06-12 13:42:00,6.2
2025-06-12 13:15:00,48.6
2025-06-12 18:38:00,15.5
2025-06-12 13:42:00,62.6
2025-06-12 19:17:00,50.18136565940501
2025-06-12 11:32:00,95.1
2025-06-12 10:10:00,50.18136565940501
2025-06-12 09:38:00,94.8
2025-06-12 08:52:00,50.18136565940501
2025-06-12 13:41:00,6.5
2025-06-12 09:37:00,26.4
2025-06-12 17:21:00,14.6
2025-06-12 09:44:00,17.8
2025-06-12 16:48:00,35.5
2025-06-12 21:56:00,4.4
2025-06-12 18:35:00,27.7
2025-06-12 18:47:00,75.4
2025-06-12 07:52:00,50.18136565940501
2025-06-12 12:57:00,18.8
2025-06-12 19:46:00,69.5
2025-06-12 11:13:00,11.0
2025-06-12 05:06:00,63.4
2025-06-12 17:27:00,51.9
2025-06-12 19:36:00,12.0
2025-06-12 10:57:00,47.7
2025-06-12 15:26:00,10.1
2025-06-12 15:30:00,23.8
2025-06-12 06:04:00,75.9
2025-06-12 20:30:00,43.4
2025-06-12 18:39:00,22.1
2025-06-12 17:02:00,76.8
2025-06-12 06:01:00,36.9
2025-06-12 16:14:00,12.7
2025-06-12 04:18:00,76.0
2025-06-12 10:26:00,57.3
2025-06-12 03:15:00,60.2
2025-06-12 12:04:00,38.2
2025-06-12 12:19:00,57.1
2025-06-12 16:54:00,14.6
2025-06-12 18:06:00,5.8
2025-06-12 05:33:00,58.9
2025-06-12 21:51:00,83.4
2025-06-12 09:39:00,83.7
2025-06-12 09:37:00,22.5
2025-06-12 06:27:00,57.7
2025-06-12 22:00:00,61.5
2025-06-12 09:51:00,74.7
2025-06-12 12:07:00,4.1
2025-06-12 13:47:00,65.1
2025-06-12 03:37:00,50.18136565940501
2025-06-12 12:56:00,39.5
2025-06-12 17:25:00,63.3
2025-06-12 16:01:00,70.1
2025-06-12 06:27:00,68.0
2025-06-12 22:47:00,65.3
2025-06-12 10:06:00,46.4
2025-06-12 09:31:00,4.1
2025-06-12 14:14:00,70.6
2025-06-12 06:11:00,94.3
2025-06-12 07:30:00,4.4
2025-06-12 14:20:00,61.3
2025-06-12 10:28:00,99.9
2025-06-12 07:23:00,19.8
2025-06-12 23:33:00,94.0
2025-06-12 04:44:00,12.2
2025-06-12 13:54:00,44.9
2025-06-12 06:07:00,84.7
2025-06-12 08:36:00,41.1
2025-06-12 11:32:00,5.0
2025-06-12 20:45:00,30.5
2025-06-12 07:24:00,65.3
2025-06-12 19:18:00,66.4
2025-06-12 14:58:00,26.6
2025-06-12 10:54:00,52.4
2025-06-12 18:19:00,68.5
2025-06-12 21:20:00,12.3
2025-06-12 04:44:00,24.2
2025-06-12 07:21:00,26.8
2025-06-12 02:52:00,54.0
2025-06-12 17:00:00,97.1
2025-06-12 21:14:00,61.0
2025-06-12 21:38:00,75.8
2025-06-12 00:04:00,85.9
2025-06-12 12:54:00,35.5
2025-06-12 18:00:00,16.5
2025-06-12 09:05:00,88.1
2025-06-12 14:49:00,46.6
2025-06-12 03:35:00,54.8
2025-06-12 06:11:00,50.18136565940501
2025-06-12 16:29:00,57.4
2025-06-12 18:01:00,51.2
2025-06-12 06:32:00,21.6
2025-06-12 19:58:00,2.3
2025-06-12 12:05:00,45.6
2025-06-12 01:28:00,94.9
2025-06-12 07:22:00,22.3
2025-06-12 20:20:00,21.1
2025-06-12 17:08:00,81.8
2025-06-12 01:28:00,46.1
2025-06-12 17:01:00,95.8
2025-06-12 05:06:00,12.3
2025-06-12 01:56:00,41.8
2025-06-12 07:02:00,71.2
2025-06-12 23:12:00,11.5
2025-06-12 17:52:00,50.18136565940501
2025-06-12 12:20:00,28.5
2025-06-12 07:26:00,65.3
2025-06-12 11:03:00,96.5
2025-06-12 21:58:00,33.4
2025-06-12 22:45:00,59.4
2025-06-12 11:40:00,53.1
2025-06-12 04:19:00,99.1
2025-06-12 06:56:00,68.4
2025-06-12 17:05:00,94.3
2025-06-12 23:46:00,37.1
2025-06-12 05:51:00,49.7
2025-06-12 04:02:00,20.9
2025-06-12 09:37:00,25.7
2025-06-12 09:33:00,50.18136565940501
2025-06-12 06:19:00,50.18136565940501
2025-06-12 09:57:00,77.7
2025-06-12 05:54:00,72.5
2025-06-12 05:35:00,87.8
2025-06-12 08:16:00,89.1
2025-06-12 10:01:00,84.6
2025-06-12 15:08:00,7.7
2025-06-12 15:02:00,50.18136565940501
2025-06-12 18:32:00,34.0
2025-06-12 19:02:00,44.9
2025-06-12 23:53:00,95.4
2025-06-12 11:24:00,99.1
2025-06-12 04:48:00,49.5
2025-06-12 07:50:00,68.9
2025-06-12 10:44:00,20.6
2025-06-12 14:47:00,75.0
2025-06-12 15:08:00,45.5
2025-06-12 06:12:00,26.6
2025-06-12 23:19:00,99.7
2025-06-12 20:30:00,50.18136565940501
2025-06-12 17:29:00,35.6
2025-06-12 13:47:00,14.7
2025-06-12 01:30:00,93.2
2025-06-12 14:11:00,85.3
2025-06-12 07:02:00,24.7
2025-06-12 18:02:00,49.66792053602915
2025-06-12 17:41:00,39.9
2025-06-12 07:57:00,24.0
2025-06-12 03:56:00,50.5
2025-06-12 18:42:00,3.1
2025-06-12 09:10:00,38.1
2025-06-12 03:58:00,49.66792053602915
2025-06-12 09:52:00,68.7
2025-06-12 04:14:00,41.0
2025-06-12 10:54:00,76.1
2025-06-12 13:23:00,17.3
2025-06-12 14:14:00,15.0
2025-06-12 14:21:00,49.66792053602915
2025-06-12 17:32:00,61.4
2025-06-12 19:12:00,19.1
2025-06-12 23:30:00,44.1
2025-06-12 17:21:00,49.66792053602915
2025-06-12 22:31:00,51.4
2025-06-12 09:09:00,68.6
2025-06-12 17:16:00,16.4
2025-06-12 11:45:00,85.8
2025-06-12 04:45:00,75.9
2025-06-12 18:55:00,15.6
2025-06-12 01:16:00,49.66792053602915
2025-06-12 08:05:00,9.1
2025-06-12 15:24:00,62.8
2025-06-12 06:44:00,55.5
2025-06-12 13:25:00,50.3
2025-06-12 12:42:00,49.66792053602915
2025-06-12 09:00:00,8.6
2025-06-12 15:13:00,49.66792053602915
2025-06-12 00:39:00,44.2
2025-06-12 21:51:00,55.3
2025-06-12 05:04:00,42.4
2025-06-12 15:47:00,49.66792053602915
2025-06-12 20:15:00,44.3
2025-06-12 07:01:00,48.7
2025-06-12 19:40:00,28.4
2025-06-12 19:52:00,36.4
2025-06-12 08:20:00,11.4
2025-06-12 20:09:00,33.8
2025-06-12 12:24:00,32.2
2025-06-12 21:15:00,25.1
2025-06-12 11:19:00,40.1
2025-06-12 16:22:00,63.9
2025-06-12 23:50:00,41.8
2025-06-12 01:13:00,9.9
2025-06-12 20:25:00,25.3
2025-06-12 09:31:00,8.9
2025-06-12 16:39:00,61.2
2025-06-12 16:24:00,49.66792053602915
2025-06-12 06:54:00,58.6
2025-06-12 22:44:00,43.6
2025-06-12 04:00:00,49.66792053602915
2025-06-12 08:24:00,59.3
2025-06-12 05:14:00,26.7
2025-06-12 11:31:00,77.2
2025-06-12 05:07:00,56.3
2025-06-12 08:58:00,34.0
2025-06-12 01:41:00,35.4
2025-06-12 10:13:00,60.6
2025-06-12 16:08:00,49.66792053602915
2025-06-12 00:13:00,60.0
2025-06-12 16:21:00,68.0
2025-06-12 05:06:00,3.7
2025-06-12 11:53:00,53.9
2025-06-12 14:10:00,49.66792053602915
2025-06-12 19:10:00,25.2
2025-06-12 00:10:00,32.6
2025-06-12 21:08:00,71.6
2025-06-12 18:57:00,27.0
2025-06-12 03:54:00,34.3
2025-06-12 07:46:00,14.9
2025-06-12 04:52:00,49.66792053602915
2025-06-12 06:47:00,85.4
2025-06-12 18:14:00,3.9
2025-06-12 19:33:00,64.4
2025-06-12 14:16:00,33.1
2025-06-12 09:20:00,32.7
2025-06-12 08:43:00,67.5
2025-06-12 06:38:00,65.2
2025-06-12 19:10:00,50.9
2025-06-12 08:30:00,82.3
2025-06-12 04:08:00,49.66792053602915
2025-06-12 02:17:00,95.9
2025-06-12 17:50:00,49.66792053602915
2025-06-12 02:52:00,32.9
2025-06-12 22:14:00,36.5
2025-06-12 17:52:00,72.1
2025-06-12 08:33:00,11.4
2025-06-12 09:14:00,96.6
2025-06-12 14:34:00,22.3
2025-06-12 13:00:00,91.2
2025-06-12 22:20:00,90.3
2025-06-12 07:29:00,87.3
2025-06-12 18:34:00,49.66792053602915
2025-06-12 07:17:00,49.66792053602915
2025-06-12 23:29:00,8.8
2025-06-12 16:56:00,49.66792053602915
2025-06-12 23:52:00,87.0
2025-06-12 08:38:00,23.4
2025-06-12 04:16:00,9.5
2025-06-12 21:07:00,49.66792053602915
2025-06-12 18:37:00,12.7
2025-06-12 07:54:00,55.0
2025-06-12 01:27:00,49.5
2025-06-12 18:58:00,83.8
2025-06-12 01:12:00,32.6
2025-06-12 08:47:00,14.2
2025-06-12 11:10:00,52.9
2025-06-12 06:09:00,44.0
2025-06-12 11:06:00,49.66792053602915
2025-06-12 12:54:00,31.4
2025-06-12 02:33:00,49.66792053602915
2025-06-12 13:59:00,37.0
2025-06-12 18:33:00,27.5
2025-06-12 17:31:00,49.66792053602915
2025-06-12 16:10:00,49.66792053602915
2025-06-12 13:13:00,78.9
2025-06-12 21:20:00,68.6
2025-06-12 20:39:00,67.5
2025-06-12 14:46:00,22.6
2025-06-12 16:42:00,66.4
2025-06-12 03:35:00,98.0
2025-06-12 13:43:00,70.6
2025-06-12 10:22:00,73.5
2025-06-12 11:59:00,64.5
2025-06-12 16:58:00,81.0
2025-06-12 09:11:00,83.3
2025-06-12 13:57:00,30.0
2025-06-12 08:59:00,49.66792053602915
2025-06-12 20:57:00,17.4
2025-06-12 23:51:00,25.2
2025-06-12 22:29:00,71.8
2025-06-12 02:03:00,30.1
2025-06-12 13:12:00,14.5
2025-06-12 00:46:00,49.66792053602915
2025-06-12 17:09:00,91.9
2025-06-12 18:09:00,49.66792053602915
2025-06-12 00:54:00,61.3
2025-06-12 09:28:00,49.66792053602915
2025-06-12 09:03:00,42.2
2025-06-12 19:15:00,18.0
2025-06-12 14:17:00,45.8
2025-06-12 11:56:00,83.1
2025-06-12 10:43:00,61.2
2025-06-12 20:18:00,39.8
2025-06-12 18:08:00,49.66792053602915
2025-06-12 03:39:00,44.4
2025-06-12 10:09:00,18.4
2025-06-12 15:38:00,97.6
2025-06-12 13:30:00,10.5
2025-06-12 08:57:00,49.66792053602915
2025-06-12 13:11:00,42.6
2025-06-12 23:41:00,2.3
2025-06-12 15:33:00,23.0
2025-06-12 18:31:00,54.7
2025-06-12 11:01:00,0.5
2025-06-12 06:46:00,3.3
2025-06-12 14:13:00,38.2
2025-06-12 07:15:00,88.0
2025-06-12 22:26:00,49.66792053602915
2025-06-12 23:56:00,35.8
2025-06-12 04:19:00,50.9
2025-06-12 02:42:00,32.1
2025-06-12 00:05:00,58.7
2025-06-12 23:16:00,87.3
2025-06-12 08:47:00,54.8
2025-06-12 21:59:00,76.7
2025-06-12 03:15:00,15.8
2025-06-12 12:34:00,56.2
2025-06-12 04:47:00,49.66792053602915
2025-06-12 18:32:00,25.4
2025-06-12 22:49:00,88.6
2025-06-12 04:43:00,51.8
2025-06-12 08:46:00,49.66792053602915
2025-06-12 00:56:00,7.9
2025-06-12 10:19:00,62.5
2025-06-12 20:28:00,39.3
2025-06-12 16:38:00,42.3
2025-06-12 06:04:00,17.5
2025-06-12 21:54:00,9.0
2025-06-12 00:37:00,32.4
2025-06-12 08:06:00,49.66792053602915
2025-06-12 02:46:00,2.5
2025-06-12 17:20:00,65.7
2025-06-12 11:06:00,25.5
2025-06-12 11:26:00,45.7
2025-06-12 13:18:00,17.7
2025-06-12 01:30:00,49.66792053602915
2025-06-12 19:10:00,12.7
2025-06-12 14:26:00,49.66792053602915
2025-06-12 12:43:00,58.3
2025-06-12 07:20:00,18.9
2025-06-12 12:21:00,3.9
2025-06-12 02:11:00,44.5
2025-06-12 06:49:00,8.1
2025-06-12 13:07:00,29.0
2025-06-12 02:16:00,16.4
2025-06-12 08:04:00,39.3
2025-06-12 01:16:00,68.6
2025-06-12 20:42:00,57.3
2025-06-12 14:20:00,41.3
2025-06-12 01:56:00,68.0
2025-06-12 13:59:00,96.9
2025-06-12 10:32:00,82.9
2025-06-12 13:50:00,51.7
2025-06-12 18:28:00,88.5
2025-06-12 18:01:00,49.66792053602915
2025-06-12 20:13:00,8.3
2025-06-12 03:00:00,9.1
2025-06-12 19:41:00,9.7
2025-06-12 06:10:00,49.66792053602915
2025-06-12 08:53:00,68.1
2025-06-12 08:13:00,24.6
2025-06-12 18:50:00,90.1
2025-06-12 05:10:00,23.8
2025-06-12 13:09:00,8.3
2025-06-12 22:49:00,52.0
2025-06-12 21:04:00,6.9
2025-06-12 08:30:00,60.4
2025-06-12 23:47:00,86.9
2025-06-12 04:58:00,32.3
2025-06-12 21:38:00,49.66792053602915
2025-06-12 04:23:00,49.66792053602915
2025-06-12 19:20:00,64.1
2025-06-12 11:56:00,75.8
2025-06-12 11:56:00,20.6
2025-06-12 20:30:00,6.5
2025-06-12 15:00:00,2.1
2025-06-12 21:18:00,9.2
2025-06-12 21:25:00,49.66792053602915
2025-06-12 17:19:00,57.8
2025-06-12 14:58:00,49.66792053602915
2025-06-12 10:12:00,55.0
2025-06-12 01:14:00,80.5
2025-06-12 15:44:00,30.2
2025-06-12 00:45:00,93.4
2025-06-12 14:51:00,73.4
2025-06-12 03:29:00,49.66792053602915
2025-06-12 11:26:00,82.1
2025-06-12 11:06:00,47.3
2025-06-12 13:35:00,11.5
2025-06-12 05:28:00,17.1
2025-06-12 06:33:00,72.8
2025-06-12 21:25:00,49.66792053602915
2025-06-12 22:38:00,10.6
2025-06-12 09:18:00,49.66792053602915
2025-06-12 09:22:00,83.2
2025-06-12 00:23:00,67.9
2025-06-12 14:46:00,49.66792053602915
2025-06-12 21:49:00,52.3
2025-06-12 05:26:00,80.5
2025-06-12 21:47:00,60.7
2025-06-12 21:11:00,49.66792053602915
2025-06-12 19:37:00,69.6
2025-06-12 10:07:00,9.0
2025-06-12 06:43:00,23.0
2025-06-12 06:57:00,39.2
2025-06-12 08:27:00,31.5
2025-06-12 07:55:00,95.0
2025-06-12 03:23:00,12.9
2025-06-12 00:32:00,64.0
2025-06-12 15:54:00,19.4
2025-06-12 07:36:00,17.9
2025-06-12 03:59:00,78.9
2025-06-12 21:10:00,79.8
2025-06-12 10:06:00,7.5
2025-06-12 06:21:00,2.2
2025-06-12 21:29:00,74.1
2025-06-12 07:45:00,49.66792053602915
2025-06-12 00:15:00,49.66792053602915
2025-06-12 00:06:00,37.2
2025-06-12 02:13:00,16.8
2025-06-12 08:51:00,49.66792053602915
2025-06-12 11:39:00,62.9
2025-06-12 05:28:00,70.4
2025-06-12 22:16:00,69.1
2025-06-12 22:08:00,95.9
2025-06-12 20:35:00,46.1
2025-06-12 14:15:00,49.66792053602915
2025-06-12 18:02:00,31.9
2025-06-12 15:08:00,80.1
2025-06-12 10:43:00,3.6
2025-06-12 05:35:00,58.6
2025-06-12 20:54:00,60.8
2025-06-12 05:05:00,47.7
2025-06-12 03:08:00,10.7
2025-06-12 19:42:00,82.2
2025-06-12 10:29:00,41.0
2025-06-12 18:31:00,19.7
2025-06-12 00:59:00,31.4
2025-06-12 18:52:00,4.7
2025-06-12 16:08:00,17.1
2025-06-12 17:55:00,9.2
2025-06-12 13:18:00,5.3
2025-06-12 15:27:00,65.8
2025-06-12 18:28:00,49.66792053602915
2025-06-12 17:04:00,66.8
2025-06-12 18:46:00,16.6
2025-06-12 07:30:00,42.2
2025-06-12 20:15:00,27.5
2025-06-12 04:11:00,7.2
2025-06-12 04:03:00,49.66792053602915
2025-06-12 07:51:00,56.7
2025-06-12 19:55:00,25.2
2025-06-12 08:36:00,29.8
2025-06-12 18:33:00,49.66792053602915
2025-06-12 23:06:00,77.6
2025-06-12 03:39:00,34.8
2025-06-12 05:30:00,36.7
2025-06-12 16:21:00,72.2
2025-06-12 04:45:00,77.7
2025-06-12 19:08:00,68.4
2025-06-12 19:02:00,20.6
2025-06-12 07:06:00,15.6
2025-06-12 04:16:00,53.3
2025-06-12 02:38:00,13.5
2025-06-12 01:16:00,49.66792053602915
2025-06-12 22:17:00,49.66792053602915
2025-06-12 08:10:00,80.3
2025-06-12 21:26:00,58.6
2025-06-12 07:53:00,68.8
2025-06-12 04:33:00,38.6
2025-06-12 01:41:00,30.4
2025-06-12 03:40:00,45.3
2025-06-12 01:46:00,93.3
2025-06-12 16:47:00,93.6
2025-06-12 17:34:00,91.6
2025-06-12 10:34:00,49.66792053602915
2025-06-12 08:52:00,45.1
2025-06-12 12:05:00,49.66792053602915
2025-06-12 21:38:00,29.2
2025-06-12 01:09:00,77.0
2025-06-12 01:34:00,70.3
2025-06-12 06:35:00,55.0
2025-06-12 05:50:00,3.8
2025-06-12 21:06:00,39.6
2025-06-12 22:18:00,19.0
2025-06-12 01:17:00,88.6
2025-06-12 20:29:00,49.66792053602915
2025-06-12 08:41:00,9.8
2025-06-12 10:25:00,97.7
2025-06-12 15:18:00,59.8
2025-06-12 03:20:00,49.1
2025-06-12 15:14:00,43.0
2025-06-12 08:14:00,6.8
2025-06-12 07:35:00,49.66792053602915
2025-06-12 16:14:00,80.3
2025-06-12 10:03:00,55.0
2025-06-12 11:22:00,49.66792053602915
2025-06-12 07:39:00,54.6
2025-06-12 19:48:00,49.66792053602915
2025-06-12 19:19:00,3.9
2025-06-12 12:25:00,49.66792053602915
2025-06-12 14:52:00,16.5
2025-06-12 23:58:00,66.8
2025-06-12 02:29:00,21.4
2025-06-12 08:04:00,49.66792053602915
2025-06-12 16:27:00,12.1
2025-06-12 06:38:00,17.4
2025-06-12 04:50:00,37.0
2025-06-12 03:50:00,56.5
2025-06-12 18:30:00,26.0
2025-06-12 18:41:00,58.2
2025-06-12 06:35:00,93.4
2025-06-12 10:34:00,33.8
2025-06-12 09:00:00,50.4
2025-06-12 00:01:00,19.2
2025-06-12 22:23:00,93.8
2025-06-12 16:10:00,25.3
2025-06-12 07:36:00,49.82591552591553
2025-06-12 22:57:00,35.7
2025-06-12 23:02:00,75.6
2025-06-12 12:11:00,62.2
2025-06-12 22:42:00,87.8
2025-06-12 00:11:00,89.9
2025-06-12 16:36:00,70.9
2025-06-12 09:19:00,40.5
2025-06-12 09:38:00,49.82591552591553
2025-06-12 11:24:00,10.1
2025-06-12 21:25:00,3.1
2025-06-12 18:42:00,84.1
2025-06-12 04:25:00,91.9
2025-06-12 22:48:00,40.5
2025-06-12 17:57:00,96.1
2025-06-12 15:17:00,76.1
2025-06-12 00:37:00,72.3
2025-06-12 09:01:00,51.0
2025-06-12 17:02:00,30.9
2025-06-12 21:05:00,2.2
2025-06-12 14:43:00,49.82591552591553
2025-06-12 13:39:00,19.2
2025-06-12 09:51:00,100.0
2025-06-12 10:29:00,49.82591552591553
2025-06-12 17:59:00,49.82591552591553
2025-06-12 03:15:00,46.3
2025-06-12 04:50:00,90.4
2025-06-12 18:29:00,93.6
2025-06-12 08:52:00,36.5
2025-06-12 06:47:00,10.5
2025-06-12 21:23:00,48.6
2025-06-12 09:31:00,49.82591552591553
2025-06-12 05:30:00,50.3
2025-06-12 12:22:00,4.0
2025-06-12 02:21:00,17.4
2025-06-12 05:01:00,3.9
2025-06-12 02:12:00,49.82591552591553
2025-06-12 14:22:00,49.82591552591553
2025-06-12 16:19:00,87.0
2025-06-12 14:31:00,44.3
2025-06-12 08:41:00,91.3
2025-06-12 07:03:00,49.82591552591553
2025-06-12 09:15:00,27.2
2025-06-12 06:17:00,49.82591552591553
2025-06-12 22:03:00,25.7
2025-06-12 23:05:00,49.82591552591553
2025-06-12 15:11:00,50.5
2025-06-12 17:46:00,46.4
2025-06-12 15:04:00,93.2
2025-06-12 13:44:00,69.5
2025-06-12 23:09:00,40.2
2025-06-12 13:11:00,98.9
2025-06-12 03:10:00,56.9
2025-06-12 13:27:00,92.9
2025-06-12 16:03:00,55.5
2025-06-12 15:00:00,61.5
2025-06-12 22:03:00,24.5
2025-06-12 14:22:00,91.8
2025-06-12 16:29:00,70.2
2025-06-12 07:32:00,72.4
2025-06-12 05:58:00,64.1
2025-06-12 17:52:00,49.82591552591553
2025-06-12 00:29:00,49.82591552591553
2025-06-12 14:27:00,94.9
2025-06-12 05:24:00,21.1
2025-06-12 02:49:00,46.6
2025-06-12 01:18:00,64.4
2025-06-12 07:38:00,83.2
2025-06-12 00:47:00,82.1
2025-06-12 02:08:00,53.8
2025-06-12 20:11:00,94.6
2025-06-12 04:57:00,24.1
2025-06-12 10:38:00,11.8
2025-06-12 05:17:00,63.6
2025-06-12 08:09:00,40.9
2025-06-12 11:43:00,49.82591552591553
2025-06-12 15:11:00,48.8
2025-06-12 04:23:00,42.9
2025-06-12 23:48:00,59.3
2025-06-12 07:45:00,49.82591552591553
2025-06-12 09:45:00,49.82591552591553
2025-06-12 20:54:00,45.6
2025-06-12 03:33:00,22.4
2025-06-12 10:20:00,38.0
2025-06-12 16:17:00,38.5
2025-06-12 12:06:00,73.9
2025-06-12 13:20:00,49.82591552591553
2025-06-12 00:36:00,49.82591552591553
2025-06-12 14:43:00,5.9
2025-06-12 09:33:00,58.1
2025-06-12 09:56:00,34.4
2025-06-12 15:27:00,86.9
2025-06-12 01:00:00,91.3
2025-06-12 05:41:00,59.9
2025-06-12 12:30:00,50.0
2025-06-12 04:26:00,85.5
2025-06-12 08:20:00,62.2
2025-06-12 01:44:00,70.1
2025-06-12 04:46:00,82.3
2025-06-12 18:48:00,49.82591552591553
2025-06-12 01:29:00,21.0
2025-06-12 12:05:00,19.5
2025-06-12 18:20:00,88.1
2025-06-12 10:44:00,90.9
2025-06-12 02:40:00,55.4
2025-06-12 22:32:00,89.7
2025-06-12 13:19:00,47.8
2025-06-12 17:06:00,32.8
2025-06-12 20:36:00,71.4
2025-06-12 14:18:00,49.82591552591553
2025-06-12 00:01:00,49.82591552591553
2025-06-12 18:04:00,42.7
2025-06-12 22:03:00,56.7
2025-06-12 23:01:00,75.5
2025-06-12 00:33:00,15.0
2025-06-12 19:33:00,79.3
2025-06-12 15:16:00,4.1
2025-06-12 22:19:00,16.7
2025-06-12 08:52:00,68.7
2025-06-12 14:04:00,68.3
2025-06-12 19:46:00,7.1
2025-06-12 18:11:00,49.82591552591553
2025-06-12 06:51:00,77.6
2025-06-12 00:04:00,91.7
2025-06-12 15:53:00,49.82591552591553
2025-06-12 19:23:00,40.3
2025-06-12 23:52:00,71.9
2025-06-12 05:14:00,12.7
2025-06-12 21:37:00,79.4
2025-06-12 17:26:00,2.4
2025-06-12 04:04:00,11.7
2025-06-12 13:33:00,67.6
2025-06-12 07:47:00,80.0
2025-06-12 07:04:00,30.0
2025-06-12 03:57:00,25.6
2025-06-12 22:46:00,21.9
2025-06-12 16:19:00,85.6
2025-06-12 08:40:00,19.1
2025-06-12 23:26:00,16.1
2025-06-12 03:30:00,49.82591552591553
2025-06-12 12:16:00,48.6
2025-06-12 08:51:00,27.2
2025-06-12 15:03:00,16.1
2025-06-12 15:52:00,88.0
2025-06-12 07:37:00,49.82591552591553
2025-06-12 11:23:00,25.4
2025-06-12 23:25:00,7.8
2025-06-12 06:38:00,60.0
2025-06-12 21:02:00,12.7
2025-06-12 20:12:00,73.0
2025-06-12 22:42:00,92.9
2025-06-12 05:52:00,5.0
2025-06-12 08:58:00,49.82591552591553
2025-06-12 10:38:00,26.6
2025-06-12 02:17:00,28.2
2025-06-12 13:49:00,70.1
2025-06-12 22:11:00,39.0
2025-06-12 02:21:00,45.9
2025-06-12 12:35:00,83.9
2025-06-12 11:00:00,49.82591552591553
2025-06-12 01:21:00,97.3
2025-06-12 02:41:00,91.6
2025-06-12 13:47:00,81.7
2025-06-12 11:16:00,87.3
2025-06-12 16:24:00,49.82591552591553
2025-06-12 12:42:00,31.2
2025-06-12 17:11:00,19.3
2025-06-12 22:38:00,32.7
2025-06-12 16:50:00,98.2
2025-06-12 04:48:00,49.82591552591553
2025-06-12 18:46:00,58.1
2025-06-12 03:05:00,50.7
2025-06-12 05:55:00,13.4
2025-06-12 08:10:00,40.6
2025-06-12 15:00:00,34.5
2025-06-12 01:06:00,93.1
2025-06-12 02:46:00,48.9
2025-06-12 05:39:00,74.1
2025-06-12 09:09:00,49.82591552591553
2025-06-12 03:37:00,95.6
2025-06-12 12:45:00,95.0
2025-06-12 00:43:00,25.5
2025-06-12 12:07:00,1.6
2025-06-12 10:56:00,17.2
2025-06-12 09:42:00,16.3
2025-06-12 12:09:00,49.82591552591553
2025-06-12 07:54:00,96.5
2025-06-12 20:42:00,99.2
2025-06-12 03:53:00,84.3
2025-06-12 02:56:00,49.82591552591553
2025-06-12 05:29:00,97.9
2025-06-12 11:09:00,98.7
2025-06-12 06:22:00,52.2
2025-06-12 23:49:00,25.0
2025-06-12 13:12:00,59.0
2025-06-12 23:55:00,77.7
2025-06-12 13:18:00,49.82591552591553
2025-06-12 21:08:00,26.9
2025-06-12 06:31:00,79.5
2025-06-12 23:02:00,49.82591552591553
2025-06-12 23:55:00,11.0
2025-06-12 05:00:00,15.0
2025-06-12 21:42:00,49.5
2025-06-12 10:39:00,90.9
2025-06-12 19:38:00,48.1
2025-06-12 14:05:00,0.4
2025-06-12 20:28:00,66.0
2025-06-12 07:49:00,46.9
2025-06-12 03:00:00,30.5
2025-06-12 05:28:00,79.6
2025-06-12 05:34:00,88.8
2025-06-12 18:32:00,18.9
2025-06-12 09:13:00,77.3
2025-06-12 03:57:00,7.4
2025-06-12 12:27:00,27.4
2025-06-12 08:56:00,50.6
2025-06-12 00:47:00,49.82591552591553
2025-06-12 15:11:00,92.0
2025-06-12 16:58:00,21.5
2025-06-12 23:34:00,37.3
2025-06-12 22:05:00,85.8
2025-06-12 04:16:00,31.3
2025-06-12 04:09:00,2.3
2025-06-12 19:51:00,23.0
2025-06-12 09:40:00,49.82591552591553
2025-06-12 13:21:00,93.9
2025-06-12 22:13:00,66.9
2025-06-12 15:41:00,1.9
2025-06-12 18:34:00,62.1
2025-06-12 22:43:00,6.0
2025-06-12 01:03:00,92.4
2025-06-12 16:29:00,43.2
2025-06-12 10:51:00,17.0
2025-06-12 03:30:00,49.82591552591553
2025-06-12 05:57:00,77.8
2025-06-12 18:04:00,62.3
2025-06-12 23:30:00,30.0
2025-06-12 11:42:00,25.9
2025-06-12 20:44:00,92.5
2025-06-12 00:25:00,49.82591552591553
2025-06-12 14:12:00,37.1
2025-06-12 08:40:00,98.6
2025-06-12 21:54:00,0.4
2025-06-12 21:40:00,78.5
2025-06-12 20:00:00,55.9
2025-06-12 16:19:00,42.0
2025-06-12 19:41:00,56.6
2025-06-12 03:30:00,35.1
2025-06-12 04:03:00,99.3
2025-06-12 16:16:00,49.82591552591553
2025-06-12 15:00:00,49.82591552591553
2025-06-12 16:42:00,90.9
2025-06-12 00:50:00,23.9
2025-06-12 04:33:00,93.9
2025-06-12 10:16:00,74.1
2025-06-12 02:07:00,47.9
2025-06-12 18:27:00,49.82591552591553
2025-06-12 21:28:00,32.6
2025-06-12 18:50:00,76.9
2025-06-12 23:42:00,50.7
2025-06-12 03:39:00,10.6
2025-06-12 19:03:00,55.2
2025-06-12 21:25:00,81.3
2025-06-12 11:47:00,48.7
2025-06-12 17:27:00,49.82591552591553
2025-06-12 12:59:00,18.3
2025-06-12 18:49:00,73.9
2025-06-12 14:15:00,8.7
2025-06-12 00:28:00,31.8
2025-06-12 14:33:00,23.6
2025-06-12 18:09:00,67.7
2025-06-12 20:39:00,75.2
2025-06-12 09:01:00,12.5
2025-06-12 17:23:00,74.8
2025-06-12 08:38:00,49.82591552591553
2025-06-12 12:18:00,83.3
2025-06-12 12:31:00,53.3
2025-06-12 21:47:00,79.7
2025-06-12 15:12:00,49.82591552591553
2025-06-12 18:21:00,5.9
2025-06-12 17:54:00,99.3
2025-06-12 07:12:00,94.0
2025-06-12 07:30:00,69.0
2025-06-12 18:28:00,37.7
2025-06-12 04:39:00,61.8
2025-06-12 08:27:00,81.0
2025-06-12 01:04:00,62.0
2025-06-12 12:53:00,7.3
2025-06-12 16:00:00,20.8
2025-06-12 20:47:00,77.7
2025-06-12 21:42:00,50.7
2025-06-12 06:06:00,49.82591552591553
2025-06-12 18:55:00,60.2
2025-06-12 14:19:00,34.2
2025-06-12 22:17:00,13.1
2025-06-12 23:44:00,77.2
2025-06-12 07:34:00,83.8
2025-06-12 13:21:00,10.3
2025-06-12 17:08:00,12.5
2025-06-12 15:34:00,73.3
2025-06-12 08:21:00,49.82591552591553
2025-06-12 21:07:00,44.3
2025-06-12 15:34:00,43.5
2025-06-12 02:58:00,49.82591552591553
2025-06-12 17:46:00,44.4
2025-06-12 20:24:00,47.0
2025-06-12 03:01:00,87.9
2025-06-12 07:41:00,75.2
2025-06-12 15:20:00,97.6
2025-06-12 10:44:00,49.82591552591553
2025-06-12 15:36:00,57.4
2025-06-12 02:02:00,16.0
2025-06-12 09:21:00,11.4
2025-06-12 21:53:00,60.5
2025-06-12 23:50:00,49.82591552591553
2025-06-12 09:12:00,56.7
2025-06-12 06:03:00,55.7
2025-06-12 18:41:00,65.0
2025-06-12 20:07:00,12.0
2025-06-12 13:54:00,4.6
2025-06-12 10:58:00,43.7
2025-06-12 06:44:00,70.6
2025-06-12 13:22:00,75.4
2025-06-12 10:16:00,53.9
2025-06-12 13:59:00,49.2
2025-06-12 07:51:00,62.0
2025-06-12 08:02:00,90.3
2025-06-12 19:36:00,49.82264106490752
2025-06-12 08:26:00,10.4
2025-06-12 09:47:00,63.8
2025-06-12 17:00:00,82.1
2025-06-12 01:19:00,3.3
2025-06-12 10:26:00,18.8
2025-06-12 13:52:00,89.5
2025-06-12 01:12:00,49.82264106490752
2025-06-12 04:39:00,60.2
2025-06-12 08:50:00,46.0
2025-06-12 11:09:00,5.7
2025-06-12 05:42:00,35.2
2025-06-12 06:40:00,18.3
2025-06-12 01:42:00,54.4
2025-06-12 13:41:00,49.82264106490752
2025-06-12 20:00:00,49.82264106490752
2025-06-12 03:30:00,37.8
2025-06-12 23:13:00,78.8
2025-06-12 18:39:00,49.82264106490752
2025-06-12 13:52:00,34.2
2025-06-12 19:52:00,7.5
2025-06-12 01:37:00,92.3
2025-06-12 16:43:00,36.1
2025-06-12 14:43:00,90.4
2025-06-12 15:31:00,2.1
2025-06-12 04:00:00,49.2
2025-06-12 21:12:00,79.9
2025-06-12 10:53:00,55.7
2025-06-12 08:07:00,85.1
2025-06-12 09:24:00,21.7
2025-06-12 05:36:00,49.1
2025-06-12 17:25:00,20.3
2025-06-12 13:27:00,48.8
2025-06-12 16:35:00,81.7
2025-06-12 01:13:00,49.82264106490752
2025-06-12 17:48:00,12.8
2025-06-12 00:09:00,79.8
2025-06-12 09:09:00,70.5
2025-06-12 13:21:00,78.7
2025-06-12 17:44:00,81.9
2025-06-12 12:51:00,18.1
2025-06-12 18:36:00,46.5
2025-06-12 21:03:00,69.4
2025-06-12 00:40:00,58.1
2025-06-12 06:21:00,49.82264106490752
2025-06-12 14:15:00,11.7
2025-06-12 01:16:00,96.9
2025-06-12 05:02:00,49.82264106490752
2025-06-12 18:57:00,60.4
2025-06-12 15:22:00,2.0
2025-06-12 19:05:00,5.7
2025-06-12 07:04:00,49.82264106490752
2025-06-12 05:03:00,49.82264106490752
2025-06-12 13:43:00,93.2
2025-06-12 13:40:00,67.6
2025-06-12 22:34:00,14.4
2025-06-12 19:20:00,91.9
2025-06-12 11:37:00,13.0
2025-06-12 00:25:00,49.82264106490752
2025-06-12 07:25:00,58.6
2025-06-12 09:18:00,45.6
2025-06-12 08:00:00,49.82264106490752
2025-06-12 11:39:00,80.4
2025-06-12 10:06:00,49.82264106490752
2025-06-12 03:36:00,44.7
2025-06-12 18:58:00,87.9
2025-06-12 22:12:00,49.82264106490752
2025-06-12 19:51:00,16.5
2025-06-12 06:52:00,95.8
2025-06-12 14:29:00,73.7
2025-06-12 15:27:00,20.4
2025-06-12 15:30:00,53.6
2025-06-12 03:09:00,10.3
2025-06-12 08:26:00,0.8
2025-06-12 12:46:00,68.5
2025-06-12 04:59:00,84.7
2025-06-12 13:51:00,74.7
2025-06-12 20:29:00,36.6
2025-06-12 12:40:00,78.4
2025-06-12 10:37:00,57.9
2025-06-12 02:04:00,4.1
2025-06-12 07:21:00,39.5
2025-06-12 17:16:00,38.4
2025-06-12 01:39:00,17.6
2025-06-12 00:06:00,24.7
2025-06-12 21:02:00,49.82264106490752
2025-06-12 15:43:00,10.0
2025-06-12 15:59:00,60.8
2025-06-12 11:32:00,49.82264106490752
2025-06-12 11:43:00,8.4
2025-06-12 16:14:00,76.8
2025-06-12 10:05:00,41.6
2025-06-12 11:34:00,13.1
2025-06-12 03:02:00,68.2
2025-06-12 16:35:00,54.4
2025-06-12 16:24:00,80.1
2025-06-12 18:37:00,47.7
2025-06-12 03:37:00,21.7
2025-06-12 01:50:00,50.0
2025-06-12 02:24:00,62.7
2025-06-12 21:28:00,2.6
2025-06-12 02:37:00,38.8
2025-06-12 11:26:00,27.2
2025-06-12 14:29:00,27.6
2025-06-12 00:45:00,59.5
2025-06-12 23:03:00,82.4
2025-06-12 02:48:00,10.9
2025-06-12 19:09:00,49.82264106490752
2025-06-12 03:50:00,8.6
2025-06-12 01:14:00,68.6
2025-06-12 05:45:00,2.9
2025-06-12 22:33:00,65.2
2025-06-12 22:34:00,28.2
2025-06-12 20:55:00,9.9
2025-06-12 22:19:00,93.3
2025-06-12 22:37:00,49.82264106490752
2025-06-12 06:21:00,80.3
2025-06-12 06:35:00,83.6
2025-06-12 09:53:00,15.0
2025-06-12 13:37:00,5.0
2025-06-12 20:26:00,9.6
2025-06-12 02:35:00,49.82264106490752
2025-06-12 02:38:00,60.4
2025-06-12 02:34:00,29.5
2025-06-12 19:10:00,67.4
2025-06-12 07:59:00,88.5
2025-06-12 17:38:00,87.6
2025-06-12 09:13:00,35.9
2025-06-12 04:17:00,49.82264106490752
2025-06-12 12:07:00,87.3
2025-06-12 04:29:00,59.7
2025-06-12 21:57:00,2.3
2025-06-12 07:01:00,52.7
2025-06-12 17:34:00,15.5
2025-06-12 18:33:00,80.6
2025-06-12 18:23:00,76.3
2025-06-12 22:52:00,20.4
2025-06-12 19:57:00,12.5
2025-06-12 14:59:00,21.6
2025-06-12 22:27:00,6.4
2025-06-12 03:26:00,30.7
2025-06-12 10:00:00,9.0
2025-06-12 17:23:00,27.5
2025-06-12 06:39:00,49.82264106490752
2025-06-12 21:42:00,49.82264106490752
2025-06-12 15:02:00,58.2
2025-06-12 00:26:00,49.82264106490752
2025-06-12 19:32:00,48.7
2025-06-12 07:14:00,49.82264106490752
2025-06-12 11:03:00,2.4
2025-06-12 22:27:00,49.82264106490752
2025-06-12 13:43:00,48.0
2025-06-12 04:58:00,33.3
2025-06-12 23:40:00,1.3
2025-06-12 10:08:00,57.2
2025-06-12 04:00:00,92.2
2025-06-12 14:08:00,34.9
2025-06-12 00:49:00,42.6
2025-06-12 13:45:00,49.82264106490752
2025-06-12 13:59:00,54.0
2025-06-12 14:13:00,49.82264106490752
2025-06-12 00:34:00,88.9
2025-06-12 20:49:00,49.82264106490752
2025-06-12 00:44:00,3.8
2025-06-12 04:15:00,47.3
2025-06-12 19:58:00,4.6
2025-06-12 09:19:00,14.1
2025-06-12 14:06:00,49.82264106490752
2025-06-12 21:10:00,49.82264106490752
2025-06-12 15:11:00,56.2
2025-06-12 17:33:00,96.9
2025-06-12 23:40:00,21.6
2025-06-12 19:53:00,49.82264106490752
2025-06-12 14:34:00,48.5
2025-06-12 21:38:00,48.8
2025-06-12 18:33:00,70.4
2025-06-12 14:05:00,1.2
2025-06-12 01:39:00,49.82264106490752
2025-06-12 10:21:00,49.82264106490752
2025-06-12 23:53:00,8.7
2025-06-12 00:15:00,45.2
2025-06-12 09:06:00,49.82264106490752
2025-06-12 08:20:00,49.82264106490752
2025-06-12 05:54:00,49.82264106490752
2025-06-12 15:31:00,85.7
2025-06-12 15:29:00,11.1
2025-06-12 11:09:00,36.9
2025-06-12 16:15:00,49.82264106490752
2025-06-12 06:04:00,64.7
2025-06-12 22:36:00,68.6
2025-06-12 01:31:00,5.4
2025-06-12 11:44:00,37.7
2025-06-12 10:09:00,94.0
2025-06-12 07:06:00,66.5
2025-06-12 12:37:00,32.4
2025-06-12 17:19:00,3.2
2025-06-12 14:55:00,90.2
2025-06-12 15:39:00,7.9
2025-06-12 19:26:00,49.82264106490752
2025-06-12 07:39:00,49.82264106490752
2025-06-12 06:06:00,5.6
2025-06-12 03:14:00,82.6
2025-06-12 06:32:00,63.2
2025-06-12 17:13:00,23.1
2025-06-12 04:23:00,15.7
2025-06-12 06:33:00,73.7
2025-06-12 23:36:00,49.82264106490752
2025-06-12 02:23:00,8.6
2025-06-12 13:00:00,96.8
2025-06-12 03:16:00,5.5
2025-06-12 05:32:00,56.0
2025-06-12 21:39:00,87.8
2025-06-12 16:30:00,41.0
2025-06-12 10:46:00,55.4
2025-06-12 14:56:00,74.0
2025-06-12 15:55:00,38.4
2025-06-12 17:54:00,49.82264106490752
2025-06-12 14:57:00,52.3
2025-06-12 14:12:00,62.7
2025-06-12 10:18:00,85.8
2025-06-12 09:28:00,91.7
2025-06-12 12:52:00,34.8
2025-06-12 07:11:00,19.5
2025-06-12 17:14:00,9.3
2025-06-12 08:54:00,13.4
2025-06-12 09:59:00,71.8
2025-06-12 03:02:00,94.5
2025-06-12 14:01:00,19.3
2025-06-12 18:46:00,3.1
2025-06-12 07:13:00,49.82264106490752
2025-06-12 02:48:00,79.3
2025-06-12 22:11:00,48.8
2025-06-12 01:16:00,16.4
2025-06-12 12:36:00,3.0
2025-06-12 18:28:00,14.0
2025-06-12 09:14:00,49.82264106490752
2025-06-12 00:52:00,37.4
2025-06-12 21:31:00,96.7
2025-06-12 18:30:00,32.6
2025-06-12 17:01:00,49.82264106490752
2025-06-12 15:32:00,11.4
2025-06-12 07:54:00,28.3
2025-06-12 16:57:00,3.0
2025-06-12 17:51:00,49.82264106490752
2025-06-12 01:55:00,58.3
2025-06-12 06:45:00,81.9
2025-06-12 23:08:00,69.5
2025-06-12 09:19:00,41.4
2025-06-12 08:29:00,15.4
2025-06-12 02:10:00,49.2
2025-06-12 17:10:00,67.3
2025-06-12 06:47:00,61.1
2025-06-12 03:51:00,75.5
2025-06-12 20:01:00,49.82264106490752
2025-06-12 01:13:00,1.7
2025-06-12 16:31:00,49.82264106490752
2025-06-12 20:05:00,88.7
2025-06-12 03:29:00,35.2
2025-06-12 15:25:00,4.6
2025-06-12 19:20:00,52.9
2025-06-12 05:04:00,98.4
2025-06-12 08:02:00,35.1
2025-06-12 13:07:00,86.6
2025-06-12 09:01:00,64.9
2025-06-12 10:43:00,83.5
2025-06-12 10:10:00,9.1
2025-06-12 11:20:00,85.5
2025-06-12 17:24:00,21.5
2025-06-12 00:50:00,66.2
2025-06-12 14:04:00,43.0
2025-06-12 15:45:00,49.82264106490752
2025-06-12 00:19:00,43.6
2025-06-12 19:38:00,46.0
2025-06-12 07:02:00,30.2
2025-06-12 14:05:00,41.1
2025-06-12 23:35:00,49.1
2025-06-12 08:22:00,46.9
2025-06-12 16:33:00,1.8
2025-06-12 02:01:00,3.3
2025-06-12 06:30:00,6.4
2025-06-12 00:16:00,2.8
2025-06-12 13:21:00,49.82264106490752
2025-06-12 19:02:00,19.9
2025-06-12 08:12:00,21.9
2025-06-12 16:18:00,10.0
2025-06-12 21:12:00,53.4
2025-06-12 20:31:00,82.5
2025-06-12 19:42:00,40.1
2025-06-12 04:18:00,49.82264106490752
2025-06-12 19:00:00,86.3
2025-06-12 08:28:00,29.5
2025-06-12 18:36:00,5.2
2025-06-12 14:59:00,55.9
2025-06-12 19:18:00,1.1
2025-06-12 10:07:00,44.6
2025-06-12 05:42:00,80.5
2025-06-12 08:24:00,20.0
2025-06-12 20:19:00,75.0
2025-06-12 22:18:00,52.6
2025-06-12 20:00:00,86.4
2025-06-12 15:14:00,85.5
2025-06-12 20:48:00,50.2
2025-06-12 17:40:00,25.8
2025-06-12 15:49:00,37.8
2025-06-12 21:15:00,49.82264106490752
2025-06-12 07:42:00,8.1
2025-06-12 21:50:00,20.8
2025-06-12 11:50:00,45.5
2025-06-12 01:02:00,49.82264106490752
2025-06-12 19:23:00,24.9
2025-06-12 15:11:00,49.82264106490752
2025-06-12 15:30:00,36.4
2025-06-12 20:36:00,22.8
2025-06-12 04:50:00,46.9
2025-06-12 18:43:00,1.8
2025-06-12 19:36:00,19.7
2025-06-12 16:38:00,41.2
2025-06-12 13:17:00,26.4
2025-06-12 00:54:00,73.1
2025-06-12 15:38:00,80.8
2025-06-12 18:56:00,86.4
2025-06-12 16:09:00,91.8
2025-06-12 11:46:00,49.82264106490752
2025-06-12 22:41:00,49.82264106490752
2025-06-12 06:07:00,53.9
2025-06-12 08:08:00,11.1
2025-06-12 14:41:00,14.6
2025-06-12 05:28:00,90.1
2025-06-12 11:28:00,57.7
2025-06-12 10:02:00,57.8
2025-06-12 17:29:00,63.6
2025-06-12 11:58:00,30.8
2025-06-12 06:15:00,21.5
2025-06-12 11:23:00,2.9
2025-06-12 01:36:00,86.9
2025-06-12 00:35:00,18.1
2025-06-12 00:52:00,63.3
2025-06-12 19:21:00,73.4
2025-06-12 12:34:00,95.7
2025-06-12 15:33:00,38.5
2025-06-12 21:00:00,66.0
2025-06-12 11:03:00,78.9
2025-06-12 17:56:00,92.3
2025-06-12 03:18:00,18.2
2025-06-12 15:16:00,9.6
2025-06-12 04:07:00,60.9
2025-06-12 13:07:00,33.4
2025-06-12 14:25:00,94.4
2025-06-12 02:01:00,0.6
2025-06-12 12:20:00,49.73505924170616
2025-06-12 23:05:00,91.6
2025-06-12 05:28:00,98.5
2025-06-12 05:58:00,34.4
2025-06-12 18:34:00,52.0
2025-06-12 16:39:00,76.3
2025-06-12 03:39:00,62.8
2025-06-12 13:23:00,36.3
2025-06-12 19:01:00,30.9
2025-06-12 22:44:00,68.7
2025-06-12 11:04:00,16.4
2025-06-12 09:24:00,19.4
2025-06-12 14:12:00,49.73505924170616
2025-06-12 01:04:00,48.3
2025-06-12 14:31:00,50.9
2025-06-12 20:49:00,49.73505924170616
2025-06-12 06:52:00,20.6
2025-06-12 04:08:00,60.7
2025-06-12 14:34:00,45.9
2025-06-12 00:10:00,24.3
2025-06-12 06:42:00,49.73505924170616
2025-06-12 00:25:00,15.3
2025-06-12 19:44:00,76.8
2025-06-12 17:55:00,26.9
2025-06-12 22:39:00,96.9
2025-06-12 10:45:00,64.5
2025-06-12 22:10:00,2.6
2025-06-12 21:46:00,72.7
2025-06-12 11:36:00,1.8
2025-06-12 10:14:00,6.1
2025-06-12 20:42:00,49.73505924170616
2025-06-12 21:54:00,82.6
2025-06-12 17:26:00,92.9
2025-06-12 15:07:00,78.4
2025-06-12 10:11:00,81.4
2025-06-12 06:47:00,71.5
2025-06-12 16:37:00,92.4
2025-06-12 07:54:00,15.3
2025-06-12 06:12:00,49.6
2025-06-12 07:36:00,49.73505924170616
2025-06-12 16:56:00,57.3
2025-06-12 01:39:00,68.1
2025-06-12 20:09:00,62.6
2025-06-12 21:23:00,52.0
2025-06-12 19:14:00,91.2
2025-06-12 15:54:00,70.5
2025-06-12 08:14:00,49.73505924170616
2025-06-12 11:48:00,22.4
2025-06-12 19:45:00,7.8
2025-06-12 15:11:00,3.2
2025-06-12 09:50:00,49.73505924170616
2025-06-12 04:14:00,31.3
2025-06-12 00:35:00,30.5
2025-06-12 19:58:00,85.5
2025-06-12 02:22:00,17.7
2025-06-12 22:20:00,7.3
2025-06-12 12:49:00,52.0
2025-06-12 05:25:00,29.4
2025-06-12 07:48:00,83.5
2025-06-12 12:18:00,49.73505924170616
2025-06-12 15:25:00,83.0
2025-06-12 19:06:00,59.5
2025-06-12 22:39:00,84.9
2025-06-12 07:13:00,49.73505924170616
2025-06-12 01:28:00,86.0
2025-06-12 16:55:00,86.0
2025-06-12 05:56:00,70.1
2025-06-12 18:12:00,36.2
2025-06-12 09:35:00,51.0
2025-06-12 00:14:00,34.2
2025-06-12 13:01:00,13.4
2025-06-12 07:17:00,71.3
2025-06-12 13:20:00,36.1
2025-06-12 19:04:00,58.1
2025-06-12 10:53:00,9.2
2025-06-12 04:00:00,87.3
2025-06-12 19:53:00,48.7
2025-06-12 14:26:00,58.8
2025-06-12 02:14:00,97.1
2025-06-12 07:39:00,74.2
2025-06-12 00:03:00,15.8
2025-06-12 12:05:00,17.2
2025-06-12 09:22:00,49.73505924170616
2025-06-12 06:49:00,28.2
2025-06-12 02:49:00,70.2
2025-06-12 22:44:00,12.4
2025-06-12 16:42:00,75.8
2025-06-12 21:25:00,34.8
2025-06-12 07:44:00,28.7
2025-06-12 05:39:00,74.3
2025-06-12 17:22:00,91.9
2025-06-12 10:26:00,2.7
2025-06-12 08:49:00,57.0
2025-06-12 00:58:00,2.1
2025-06-12 10:07:00,45.1
2025-06-12 19:18:00,36.2
2025-06-12 07:08:00,29.4
2025-06-12 08:52:00,0.9
2025-06-12 12:48:00,4.3
2025-06-12 09:39:00,35.5
2025-06-12 14:36:00,26.0
2025-06-12 02:37:00,79.9
2025-06-12 22:49:00,59.1
2025-06-12 01:04:00,38.4
2025-06-12 15:15:00,26.5
2025-06-12 02:17:00,15.8
2025-06-12 04:22:00,11.2
2025-06-12 21:36:00,67.9
2025-06-12 03:21:00,32.6
2025-06-12 13:32:00,61.4
2025-06-12 21:36:00,82.4
2025-06-12 18:57:00,17.7
2025-06-12 01:57:00,34.7
2025-06-12 08:00:00,35.6
2025-06-12 16:01:00,49.73505924170616
2025-06-12 22:19:00,16.0
2025-06-12 20:09:00,49.73505924170616
2025-06-12 08:08:00,1.0
2025-06-12 05:37:00,20.3
2025-06-12 18:05:00,33.7
2025-06-12 04:45:00,36.9
2025-06-12 12:54:00,21.2
2025-06-12 05:37:00,5.9
2025-06-12 04:38:00,28.8
2025-06-12 16:55:00,24.8
2025-06-12 15:59:00,50.1
2025-06-12 05:40:00,48.4
2025-06-12 05:34:00,61.7
2025-06-12 06:17:00,20.8
2025-06-12 15:56:00,42.6
2025-06-12 05:33:00,31.6
2025-06-12 03:04:00,44.1
2025-06-12 08:07:00,51.2
2025-06-12 15:29:00,10.2
2025-06-12 18:04:00,6.4
2025-06-12 20:50:00,49.73505924170616
2025-06-12 01:14:00,49.73505924170616
2025-06-12 15:14:00,12.3
2025-06-12 05:46:00,49.73505924170616
2025-06-12 03:13:00,81.1
2025-06-12 05:34:00,49.73505924170616
2025-06-12 08:11:00,91.2
2025-06-12 13:26:00,49.73505924170616
2025-06-12 05:45:00,51.8
2025-06-12 02:34:00,82.4
2025-06-12 13:14:00,14.5
2025-06-12 12:34:00,77.0
2025-06-12 05:16:00,25.3
2025-06-12 13:36:00,44.5
2025-06-12 08:11:00,30.5
2025-06-12 18:20:00,62.8
2025-06-12 12:26:00,16.8
2025-06-12 06:22:00,3.3
2025-06-12 12:31:00,49.4
2025-06-12 08:55:00,91.4
2025-06-12 10:54:00,92.8
2025-06-12 17:54:00,49.73505924170616
2025-06-12 21:08:00,90.4
2025-06-12 23:10:00,52.8
2025-06-12 14:00:00,67.2
2025-06-12 09:59:00,86.1
2025-06-12 12:51:00,44.4
2025-06-12 17:48:00,42.9
2025-06-12 21:20:00,0.3
2025-06-12 06:47:00,38.1
2025-06-12 11:38:00,25.2
2025-06-12 10:38:00,25.9
2025-06-12 20:02:00,36.3
2025-06-12 11:48:00,49.73505924170616
2025-06-12 11:33:00,43.4
2025-06-12 00:33:00,2.8
2025-06-12 19:19:00,23.1
2025-06-12 17:17:00,40.2
2025-06-12 23:30:00,18.5
2025-06-12 06:21:00,88.1
2025-06-12 17:47:00,49.73505924170616
2025-06-12 05:19:00,93.8
2025-06-12 12:15:00,72.8
2025-06-12 09:03:00,46.6
2025-06-12 21:00:00,49.73505924170616
2025-06-12 22:34:00,42.9
2025-06-12 17:33:00,10.3
2025-06-12 16:33:00,49.73505924170616
2025-06-12 11:24:00,32.9
2025-06-12 21:24:00,10.8
2025-06-12 14:58:00,85.1
2025-06-12 12:00:00,12.1
2025-06-12 13:48:00,62.7
2025-06-12 18:02:00,30.3
2025-06-12 01:01:00,47.2
2025-06-12 16:04:00,0.2
2025-06-12 06:32:00,70.6
2025-06-12 15:58:00,31.2
2025-06-12 20:48:00,9.5
2025-06-12 00:28:00,47.0
2025-06-12 07:23:00,49.73505924170616
2025-06-12 11:44:00,5.2
2025-06-12 07:45:00,54.4
2025-06-12 03:40:00,25.2
2025-06-12 15:40:00,53.6
2025-06-12 20:17:00,44.2
2025-06-12 22:46:00,42.5
2025-06-12 07:34:00,82.5
2025-06-12 11:05:00,49.73505924170616
2025-06-12 07:44:00,4.9
2025-06-12 01:08:00,49.73505924170616
2025-06-12 06:50:00,49.0
2025-06-12 16:14:00,49.73505924170616
2025-06-12 21:14:00,22.3
2025-06-12 14:22:00,84.3
2025-06-12 12:19:00,5.6
2025-06-12 21:40:00,74.6
2025-06-12 23:37:00,35.8
2025-06-12 06:52:00,97.0
2025-06-12 13:53:00,1.3
2025-06-12 06:44:00,48.1
2025-06-12 04:25:00,49.73505924170616
2025-06-12 04:57:00,54.3
2025-06-12 08:55:00,15.9
2025-06-12 17:10:00,49.73505924170616
2025-06-12 18:28:00,0.9
2025-06-12 10:30:00,16.4
2025-06-12 02:12:00,38.5
2025-06-12 19:49:00,41.2
2025-06-12 23:54:00,49.73505924170616
2025-06-12 14:33:00,45.6
2025-06-12 11:03:00,92.1
2025-06-12 21:34:00,16.0
2025-06-12 05:05:00,4.3
2025-06-12 17:02:00,27.9
2025-06-12 11:55:00,92.1
2025-06-12 13:22:00,97.9
2025-06-12 14:39:00,55.9
2025-06-12 00:26:00,83.0
2025-06-12 02:08:00,53.8
2025-06-12 14:00:00,88.0
2025-06-12 17:02:00,74.8
2025-06-12 12:44:00,99.7
2025-06-12 10:17:00,82.4
2025-06-12 04:25:00,24.5
2025-06-12 10:07:00,44.6
2025-06-12 09:41:00,5.0
2025-06-12 22:54:00,49.73505924170616
2025-06-12 04:32:00,88.8
2025-06-12 17:05:00,88.6
2025-06-12 01:32:00,6.9
2025-06-12 00:27:00,41.8
2025-06-12 03:36:00,74.6
2025-06-12 02:59:00,20.0
2025-06-12 22:00:00,17.5
2025-06-12 22:26:00,90.2
2025-06-12 12:26:00,90.0
2025-06-12 08:01:00,49.73505924170616
2025-06-12 06:57:00,93.2
2025-06-12 20:36:00,35.7
2025-06-12 11:25:00,49.73505924170616
2025-06-12 17:52:00,49.73505924170616
2025-06-12 21:49:00,77.9
2025-06-12 19:06:00,4.7
2025-06-12 00:18:00,87.5
2025-06-12 19:14:00,67.5
2025-06-12 00:53:00,83.0
2025-06-12 16:59:00,91.8
2025-06-12 14:18:00,3.4
2025-06-12 14:08:00,36.7
2025-06-12 12:16:00,38.0
2025-06-12 08:00:00,82.9
2025-06-12 05:16:00,30.8
2025-06-12 23:46:00,29.9
2025-06-12 10:54:00,29.3
2025-06-12 21:27:00,67.5
2025-06-12 00:40:00,41.9
2025-06-12 09:36:00,49.73505924170616
2025-06-12 20:58:00,49.73505924170616
2025-06-12 13:35:00,31.9
2025-06-12 16:51:00,69.3
2025-06-12 10:55:00,48.7
2025-06-12 21:31:00,22.4
2025-06-12 02:50:00,80.6
2025-06-12 08:40:00,67.5
2025-06-12 13:25:00,85.6
2025-06-12 08:05:00,70.6
2025-06-12 05:42:00,92.8
2025-06-12 19:19:00,66.6
2025-06-12 14:42:00,18.4
2025-06-12 23:15:00,28.3
2025-06-12 00:37:00,54.1
2025-06-12 16:16:00,2.3
2025-06-12 01:09:00,60.1
2025-06-12 00:41:00,50.04950773558369
2025-06-12 00:03:00,43.2
2025-06-12 19:56:00,31.0
2025-06-12 11:14:00,25.4
2025-06-12 02:51:00,92.8
2025-06-12 09:02:00,30.9
2025-06-12 10:58:00,84.2
2025-06-12 17:23:00,81.0
2025-06-12 19:03:00,13.2
2025-06-12 22:36:00,39.7
2025-06-12 08:21:00,40.0
2025-06-12 07:19:00,36.9
2025-06-12 06:46:00,49.6
2025-06-12 13:59:00,93.4
2025-06-12 22:36:00,78.5
2025-06-12 11:01:00,18.1
2025-06-12 05:10:00,33.7
2025-06-12 12:22:00,21.5
2025-06-12 23:42:00,26.2
2025-06-12 06:00:00,27.5
2025-06-12 19:32:00,50.04950773558369
2025-06-12 04:46:00,51.2
2025-06-12 13:59:00,50.04950773558369
2025-06-12 03:11:00,58.4
2025-06-12 08:40:00,78.6
2025-06-12 16:25:00,50.04950773558369
2025-06-12 13:29:00,94.6
2025-06-12 13:47:00,50.04950773558369
2025-06-12 14:52:00,25.7
2025-06-12 16:33:00,73.7
2025-06-12 06:21:00,21.1
2025-06-12 14:05:00,50.04950773558369
2025-06-12 21:46:00,60.6
2025-06-12 06:56:00,96.1
2025-06-12 14:09:00,38.2
2025-06-12 18:16:00,50.04950773558369
2025-06-12 01:55:00,35.9
2025-06-12 15:54:00,39.2
2025-06-12 18:41:00,80.2
2025-06-12 02:19:00,87.9
2025-06-12 11:37:00,86.4
2025-06-12 18:06:00,89.4
2025-06-12 20:17:00,90.3
2025-06-12 01:29:00,26.1
2025-06-12 12:43:00,93.3
2025-06-12 01:36:00,37.8
2025-06-12 09:22:00,76.2
2025-06-12 13:05:00,30.6
2025-06-12 08:18:00,77.8
2025-06-12 01:00:00,27.9
2025-06-12 20:47:00,52.7
2025-06-12 22:40:00,6.2
2025-06-12 02:27:00,1.6
2025-06-12 18:04:00,58.7
2025-06-12 13:02:00,92.4
2025-06-12 17:54:00,44.1
2025-06-12 19:30:00,50.04950773558369
2025-06-12 01:03:00,71.1
2025-06-12 05:34:00,71.0
2025-06-12 17:46:00,13.0
2025-06-12 08:00:00,9.5
2025-06-12 09:38:00,86.4
2025-06-12 18:53:00,53.5
2025-06-12 20:05:00,30.2
2025-06-12 07:14:00,36.8
2025-06-12 14:00:00,99.1
2025-06-12 20:55:00,84.4
2025-06-12 04:52:00,36.7
2025-06-12 02:50:00,61.7
2025-06-12 09:02:00,28.6
2025-06-12 05:34:00,21.1
2025-06-12 15:41:00,50.04950773558369
2025-06-12 14:07:00,50.04950773558369
2025-06-12 15:16:00,46.1
2025-06-12 01:03:00,79.7
2025-06-12 01:41:00,50.04950773558369
2025-06-12 06:44:00,21.9
2025-06-12 17:05:00,7.0
2025-06-12 05:41:00,4.1
2025-06-12 17:47:00,75.8
2025-06-12 22:27:00,88.6
2025-06-12 02:06:00,47.9
2025-06-12 01:51:00,88.8
2025-06-12 23:54:00,51.6
2025-06-12 23:03:00,98.8
2025-06-12 03:41:00,10.1
2025-06-12 20:34:00,97.7
2025-06-12 20:40:00,73.5
2025-06-12 06:04:00,78.5
2025-06-12 02:58:00,50.04950773558369
2025-06-12 01:27:00,63.8
2025-06-12 14:38:00,72.5
2025-06-12 15:32:00,53.3
2025-06-12 00:42:00,60.5
2025-06-12 08:56:00,28.5
2025-06-12 09:26:00,94.7
2025-06-12 16:28:00,52.9
2025-06-12 12:52:00,50.04950773558369
2025-06-12 10:53:00,50.04950773558369
2025-06-12 07:32:00,6.1
2025-06-12 17:55:00,19.2
2025-06-12 09:12:00,59.0
2025-06-12 02:01:00,16.7
2025-06-12 01:16:00,50.04950773558369
2025-06-12 23:16:00,30.3
2025-06-12 17:22:00,42.8
2025-06-12 04:45:00,68.1
2025-06-12 23:17:00,51.2
2025-06-12 20:52:00,50.04950773558369
2025-06-12 07:48:00,81.7
2025-06-12 19:51:00,50.04950773558369
2025-06-12 16:34:00,88.5
2025-06-12 02:35:00,97.0
2025-06-12 03:32:00,37.9
2025-06-12 02:28:00,50.04950773558369
2025-06-12 06:48:00,97.3
2025-06-12 19:26:00,69.9
2025-06-12 14:38:00,68.9
2025-06-12 11:26:00,53.0
2025-06-12 12:31:00,19.1
2025-06-12 09:30:00,80.0
2025-06-12 15:32:00,27.3
2025-06-12 20:58:00,21.8
2025-06-12 19:46:00,41.6
2025-06-12 07:44:00,77.1
2025-06-12 12:07:00,50.04950773558369
2025-06-12 16:31:00,53.8
2025-06-12 13:28:00,32.0
2025-06-12 04:39:00,22.5
2025-06-12 16:42:00,12.0
2025-06-12 15:28:00,50.04950773558369
2025-06-12 06:19:00,73.2
2025-06-12 20:05:00,50.04950773558369
2025-06-12 14:40:00,25.7
2025-06-12 08:53:00,50.04950773558369
2025-06-12 03:41:00,23.7
2025-06-12 10:47:00,72.0
2025-06-12 06:34:00,5.1
2025-06-12 18:35:00,80.4
2025-06-12 03:28:00,50.04950773558369
2025-06-12 16:26:00,95.2
2025-06-12 10:43:00,50.04950773558369
2025-06-12 02:31:00,15.1
2025-06-12 23:39:00,98.1
2025-06-12 03:45:00,55.1
2025-06-12 23:51:00,23.6
2025-06-12 09:36:00,28.8
2025-06-12 05:55:00,50.04950773558369
2025-06-12 14:07:00,69.1
2025-06-12 06:18:00,35.5
2025-06-12 11:15:00,1.8
2025-06-12 02:05:00,68.9
2025-06-12 17:53:00,6.6
2025-06-12 03:32:00,12.4
2025-06-12 22:51:00,16.4
2025-06-12 22:51:00,76.0
2025-06-12 00:07:00,42.8
2025-06-12 05:05:00,53.7
2025-06-12 06:58:00,2.0
2025-06-12 15:11:00,73.3
2025-06-12 14:40:00,41.5
2025-06-12 09:27:00,50.04950773558369
2025-06-12 18:09:00,64.2
2025-06-12 15:40:00,40.2
2025-06-12 16:26:00,50.04950773558369
2025-06-12 04:20:00,99.5
2025-06-12 05:00:00,4.0
2025-06-12 09:26:00,32.3
2025-06-12 02:28:00,95.2
2025-06-12 17:22:00,95.3
2025-06-12 10:22:00,97.0
2025-06-12 05:12:00,10.9
2025-06-12 12:08:00,29.4
2025-06-12 00:51:00,77.5
2025-06-12 07:27:00,50.04950773558369
2025-06-12 12:19:00,84.8
2025-06-12 03:42:00,50.04950773558369
2025-06-12 23:41:00,84.6
2025-06-12 04:30:00,63.0
2025-06-12 09:45:00,48.7
2025-06-12 23:13:00,78.4
2025-06-12 08:23:00,71.5
2025-06-12 16:09:00,50.04950773558369
2025-06-12 13:23:00,50.04950773558369
2025-06-12 15:13:00,81.2
2025-06-12 04:00:00,57.9
2025-06-12 14:09:00,45.4
2025-06-12 01:37:00,22.4
2025-06-12 11:45:00,91.5
2025-06-12 19:01:00,2.3
2025-06-12 23:36:00,50.04950773558369
2025-06-12 09:52:00,13.3
2025-06-12 13:00:00,77.4
2025-06-12 01:46:00,50.04950773558369
2025-06-12 18:25:00,12.2
2025-06-12 14:11:00,52.4
2025-06-12 15:41:00,84.8
2025-06-12 19:56:00,22.8
2025-06-12 02:09:00,64.9
2025-06-12 23:49:00,50.04950773558369
2025-06-12 06:47:00,70.8
2025-06-12 20:23:00,50.04950773558369
2025-06-12 19:04:00,69.2
2025-06-12 11:33:00,57.6
2025-06-12 08:47:00,0.4
2025-06-12 14:50:00,5.8
2025-06-12 18:02:00,95.0
2025-06-12 13:42:00,81.0
2025-06-12 19:54:00,43.5
2025-06-12 22:14:00,68.0
2025-06-12 18:06:00,46.6
2025-06-12 06:23:00,26.4
2025-06-12 13:46:00,67.6
2025-06-12 10:11:00,31.1
2025-06-12 06:37:00,50.04950773558369
2025-06-12 10:41:00,48.9
2025-06-12 15:20:00,50.04950773558369
2025-06-12 18:02:00,84.7
2025-06-12 05:29:00,50.04950773558369
2025-06-12 19:33:00,50.04950773558369
2025-06-12 22:23:00,12.3
2025-06-12 16:41:00,7.4
2025-06-12 19:30:00,50.04950773558369
2025-06-12 06:35:00,53.7
2025-06-12 20:19:00,50.04950773558369
2025-06-12 10:28:00,50.04950773558369
2025-06-12 04:41:00,78.1
2025-06-12 17:31:00,72.7
2025-06-12 20:10:00,61.3
2025-06-12 17:59:00,9.0
2025-06-12 05:36:00,90.0
2025-06-12 23:36:00,50.04950773558369
2025-06-12 15:05:00,95.2
2025-06-12 17:01:00,38.9
2025-06-12 14:37:00,61.6
2025-06-12 09:42:00,16.8
2025-06-12 19:20:00,50.04950773558369
2025-06-12 08:24:00,40.7
2025-06-12 02:19:00,44.9
2025-06-12 23:04:00,64.1
2025-06-12 15:45:00,95.3
2025-06-12 16:24:00,93.9
2025-06-12 20:43:00,60.6
2025-06-12 09:15:00,95.9
2025-06-12 03:58:00,40.2
2025-06-12 20:58:00,48.4
2025-06-12 06:32:00,48.9
2025-06-12 04:50:00,50.04950773558369
2025-06-12 05:16:00,71.6
2025-06-12 18:30:00,79.7
2025-06-12 03:15:00,7.9
2025-06-12 11:24:00,91.5
2025-06-12 19:42:00,50.04950773558369
2025-06-12 08:47:00,10.2
2025-06-12 18:08:00,60.0
2025-06-12 14:36:00,10.2
2025-06-12 21:01:00,36.7
2025-06-12 01:17:00,50.04950773558369
2025-06-12 08:00:00,34.1
2025-06-12 17:15:00,21.5
2025-06-12 15:49:00,87.1
2025-06-12 17:41:00,2.7
2025-06-12 21:38:00,50.04950773558369
2025-06-12 00:19:00,56.5
2025-06-12 07:09:00,89.5
2025-06-12 10:45:00,24.7
2025-06-12 02:59:00,7.6
2025-06-12 06:48:00,60.3
2025-06-12 01:36:00,35.5
2025-06-12 07:56:00,79.0
2025-06-12 07:34:00,50.04950773558369
2025-06-12 01:48:00,24.7
2025-06-12 10:25:00,51.3
2025-06-12 08:29:00,74.8
2025-06-12 13:35:00,53.2
2025-06-12 01:20:00,50.04950773558369
2025-06-12 16:40:00,82.3
2025-06-12 02:47:00,76.1
2025-06-12 21:43:00,45.2
2025-06-12 05:05:00,93.2
2025-06-12 07:08:00,12.8
2025-06-12 08:12:00,1.0
2025-06-12 07:01:00,13.0
2025-06-12 08:26:00,91.4
2025-06-12 21:01:00,99.4
2025-06-12 08:07:00,50.04950773558369
2025-06-12 12:11:00,87.6
2025-06-12 20:16:00,50.04950773558369
2025-06-12 14:16:00,74.2
2025-06-12 15:38:00,74.1
2025-06-12 12:03:00,94.2
2025-06-12 18:36:00,56.1
2025-06-12 08:29:00,46.1
2025-06-12 19:57:00,65.8
2025-06-12 05:50:00,19.6
2025-06-12 00:13:00,61.0
2025-06-12 07:35:00,25.1
2025-06-12 10:43:00,51.0
2025-06-12 04:36:00,6.4
2025-06-12 03:37:00,70.9
2025-06-12 05:48:00,46.8
2025-06-12 08:48:00,9.3
2025-06-12 00:15:00,3.1
2025-06-12 11:47:00,98.2
2025-06-12 16:41:00,35.4
2025-06-12 23:56:00,33.6
2025-06-12 15:19:00,85.1
2025-06-12 08:57:00,50.04950773558369
2025-06-12 10:59:00,51.5
2025-06-12 09:39:00,11.1
2025-06-12 14:05:00,50.04950773558369
2025-06-12 22:39:00,75.1
2025-06-12 12:03:00,50.04950773558369
2025-06-12 12:49:00,50.04950773558369
2025-06-12 15:58:00,68.0
2025-06-12 22:56:00,97.5
2025-06-12 23:32:00,49.9
2025-06-12 12:32:00,19.5
2025-06-12 13:57:00,50.04950773558369
2025-06-12 18:26:00,26.1
2025-06-12 14:00:00,83.8
2025-06-12 13:31:00,61.1
2025-06-12 11:56:00,83.0
2025-06-12 16:27:00,50.04950773558369
2025-06-12 01:02:00,42.5
2025-06-12 09:08:00,50.04950773558369
2025-06-12 22:43:00,52.1
2025-06-12 23:43:00,64.1
2025-06-12 16:08:00,62.1
2025-06-12 15:21:00,85.5
2025-06-12 01:39:00,50.04950773558369
2025-06-12 05:02:00,37.1
2025-06-12 21:11:00,0.5
2025-06-12 04:36:00,31.0
2025-06-12 03:10:00,62.2
2025-06-12 01:12:00,49.64720650636492
2025-06-12 12:13:00,71.5
2025-06-12 09:28:00,85.2
2025-06-12 17:32:00,94.5
2025-06-12 22:11:00,6.0
2025-06-12 05:25:00,11.0
2025-06-12 02:18:00,21.5
2025-06-12 07:23:00,16.6
2025-06-12 02:06:00,67.0
2025-06-12 10:16:00,9.4
2025-06-12 12:01:00,57.6
2025-06-12 23:22:00,76.5
2025-06-12 00:46:00,49.64720650636492
2025-06-12 10:02:00,52.6
2025-06-12 13:15:00,26.0
2025-06-12 07:13:00,99.1
2025-06-12 14:37:00,76.3
2025-06-12 13:16:00,49.64720650636492
2025-06-12 02:25:00,8.3
2025-06-12 16:04:00,68.6
2025-06-12 14:44:00,63.0
2025-06-12 20:48:00,95.8
2025-06-12 08:57:00,43.8
2025-06-12 02:08:00,59.0
2025-06-12 08:03:00,25.6
2025-06-12 12:30:00,24.9
2025-06-12 17:36:00,49.64720650636492
2025-06-12 07:12:00,91.2
2025-06-12 03:24:00,12.9
2025-06-12 23:19:00,15.5
2025-06-12 18:51:00,38.2
2025-06-12 02:04:00,92.1
2025-06-12 19:09:00,0.4
2025-06-12 20:52:00,93.3
2025-06-12 05:57:00,43.7
2025-06-12 10:10:00,34.4
2025-06-12 22:59:00,49.64720650636492
2025-06-12 21:23:00,12.3
2025-06-12 04:23:00,7.0
2025-06-12 05:51:00,67.6
2025-06-12 22:43:00,14.4
2025-06-12 16:05:00,20.0
2025-06-12 16:11:00,49.64720650636492
2025-06-12 19:46:00,49.64720650636492
2025-06-12 05:26:00,41.6
2025-06-12 00:05:00,49.64720650636492
2025-06-12 15:32:00,49.64720650636492
2025-06-12 15:57:00,49.64720650636492
2025-06-12 06:45:00,82.6
2025-06-12 00:07:00,49.64720650636492
2025-06-12 21:34:00,12.5
2025-06-12 08:59:00,39.0
2025-06-12 05:27:00,32.4
2025-06-12 07:05:00,16.5
2025-06-12 14:54:00,35.9
2025-06-12 09:47:00,75.0
2025-06-12 10:06:00,84.7
2025-06-12 22:44:00,8.9
2025-06-12 07:16:00,39.2
2025-06-12 14:24:00,0.5
2025-06-12 16:53:00,93.4
2025-06-12 05:57:00,49.64720650636492
2025-06-12 09:28:00,50.5
2025-06-12 17:23:00,81.2
2025-06-12 20:29:00,49.64720650636492
2025-06-12 00:53:00,57.3
2025-06-12 19:16:00,29.5
2025-06-12 06:40:00,49.64720650636492
2025-06-12 11:59:00,45.6
2025-06-12 03:51:00,27.2
2025-06-12 12:30:00,13.3
2025-06-12 17:02:00,23.0
2025-06-12 17:13:00,10.2
2025-06-12 00:36:00,63.1
2025-06-12 01:07:00,45.4
2025-06-12 04:16:00,49.64720650636492
2025-06-12 18:55:00,63.6
2025-06-12 19:36:00,23.7
2025-06-12 00:25:00,50.7
2025-06-12 06:15:00,49.64720650636492
2025-06-12 04:04:00,86.2
2025-06-12 21:42:00,90.1
2025-06-12 03:49:00,49.64720650636492
2025-06-12 03:23:00,38.0
2025-06-12 13:28:00,32.1
2025-06-12 12:07:00,49.64720650636492
2025-06-12 22:33:00,40.2
2025-06-12 06:28:00,29.9
2025-06-12 13:35:00,72.1
2025-06-12 21:19:00,13.6
2025-06-12 21:44:00,72.8
2025-06-12 16:02:00,65.4
2025-06-12 23:49:00,38.3
2025-06-12 22:07:00,54.0
2025-06-12 05:57:00,97.0
2025-06-12 03:50:00,88.2
2025-06-12 16:15:00,41.8
2025-06-12 03:19:00,49.64720650636492
2025-06-12 19:34:00,23.0
2025-06-12 15:08:00,49.64720650636492
2025-06-12 09:03:00,87.4
2025-06-12 20:08:00,89.6
2025-06-12 06:13:00,6.2
2025-06-12 10:12:00,27.6
2025-06-12 13:42:00,49.64720650636492
2025-06-12 16:59:00,32.3
2025-06-12 08:37:00,69.6
2025-06-12 22:22:00,49.64720650636492
2025-06-12 07:55:00,65.2
2025-06-12 04:21:00,35.5
2025-06-12 21:59:00,86.7
2025-06-12 21:57:00,87.6
2025-06-12 23:04:00,49.64720650636492
2025-06-12 15:57:00,5.4
2025-06-12 06:20:00,84.8
2025-06-12 13:20:00,71.4
2025-06-12 17:40:00,21.6
2025-06-12 00:57:00,49.64720650636492
2025-06-12 15:38:00,45.8
2025-06-12 19:34:00,15.8
2025-06-12 04:43:00,52.6
2025-06-12 21:22:00,49.64720650636492
2025-06-12 22:17:00,88.0
2025-06-12 06:42:00,63.6
2025-06-12 19:19:00,31.2
2025-06-12 01:57:00,33.6
2025-06-12 14:21:00,27.7
2025-06-12 00:53:00,97.2
2025-06-12 13:33:00,49.64720650636492
2025-06-12 12:53:00,56.4
2025-06-12 17:52:00,49.9
2025-06-12 02:38:00,95.5
2025-06-12 13:37:00,83.5
2025-06-12 07:23:00,13.0
2025-06-12 22:20:00,77.3
2025-06-12 02:35:00,39.4
2025-06-12 14:31:00,51.4
2025-06-12 01:20:00,27.3
2025-06-12 10:51:00,51.6
2025-06-12 12:59:00,29.7
2025-06-12 09:30:00,14.5
2025-06-12 06:17:00,12.7
2025-06-12 08:59:00,27.2
2025-06-12 03:27:00,49.64720650636492
2025-06-12 07:09:00,27.8
2025-06-12 10:02:00,25.6
2025-06-12 18:26:00,49.64720650636492
2025-06-12 18:09:00,68.2
2025-06-12 02:51:00,71.7
2025-06-12 05:10:00,19.9
2025-06-12 23:13:00,57.0
2025-06-12 18:41:00,6.9
2025-06-12 10:04:00,35.7
2025-06-12 13:48:00,72.9
2025-06-12 01:58:00,97.7
2025-06-12 14:56:00,83.5
2025-06-12 06:30:00,49.64720650636492
2025-06-12 20:40:00,80.0
2025-06-12 11:25:00,33.5
2025-06-12 21:47:00,36.6
2025-06-12 00:47:00,49.64720650636492
2025-06-12 16:05:00,11.7
2025-06-12 01:46:00,91.6
2025-06-12 14:42:00,78.5
2025-06-12 01:16:00,11.9
2025-06-12 15:14:00,64.7
2025-06-12 07:59:00,49.64720650636492
2025-06-12 20:50:00,2.8
2025-06-12 19:18:00,30.6
2025-06-12 13:26:00,38.6
2025-06-12 12:00:00,46.7
2025-06-12 08:10:00,1.2
2025-06-12 08:08:00,49.64720650636492
2025-06-12 00:18:00,47.4
2025-06-12 10:00:00,32.2
2025-06-12 21:41:00,91.8
2025-06-12 18:47:00,71.8
2025-06-12 12:39:00,49.64720650636492
2025-06-12 21:27:00,87.9
2025-06-12 03:59:00,36.4
2025-06-12 22:52:00,64.4
2025-06-12 12:20:00,82.2
2025-06-12 09:58:00,97.9
2025-06-12 10:49:00,94.8
2025-06-12 02:38:00,49.64720650636492
2025-06-12 18:23:00,45.2
2025-06-12 16:55:00,24.9
2025-06-12 07:47:00,49.64720650636492
2025-06-12 02:17:00,49.64720650636492
2025-06-12 15:12:00,38.0
2025-06-12 06:51:00,89.2
2025-06-12 00:19:00,36.5
2025-06-12 14:07:00,2.6
2025-06-12 04:36:00,49.64720650636492
2025-06-12 08:17:00,69.9
2025-06-12 18:51:00,38.8
2025-06-12 15:32:00,40.1
2025-06-12 12:37:00,49.7
2025-06-12 14:31:00,48.1
2025-06-12 05:25:00,49.64720650636492
2025-06-12 22:53:00,87.0
2025-06-12 13:09:00,91.9
2025-06-12 10:05:00,69.9
2025-06-12 18:00:00,49.64720650636492
2025-06-12 03:31:00,69.4
2025-06-12 08:13:00,52.8
2025-06-12 09:03:00,37.7
2025-06-12 17:01:00,59.0
2025-06-12 10:57:00,13.9
2025-06-12 12:45:00,48.8
2025-06-12 13:52:00,7.3
2025-06-12 04:26:00,3.5
2025-06-12 15:02:00,44.1
2025-06-12 03:54:00,49.64720650636492
2025-06-12 20:12:00,49.64720650636492
2025-06-12 07:36:00,62.9
2025-06-12 22:20:00,49.64720650636492
2025-06-12 06:21:00,90.1
2025-06-12 05:16:00,60.1
2025-06-12 20:53:00,51.3
2025-06-12 02:26:00,5.4
2025-06-12 00:50:00,49.64720650636492
2025-06-12 17:14:00,18.3
2025-06-12 10:52:00,6.8
2025-06-12 11:11:00,17.1
2025-06-12 14:03:00,65.9
2025-06-12 16:10:00,49.64720650636492
2025-06-12 12:40:00,0.0
2025-06-12 04:43:00,65.2
2025-06-12 06:07:00,14.5
2025-06-12 06:05:00,49.64720650636492
2025-06-12 20:41:00,34.3
2025-06-12 00:03:00,11.0
2025-06-12 22:19:00,66.4
2025-06-12 17:18:00,49.64720650636492
2025-06-12 06:44:00,86.6
2025-06-12 11:09:00,46.4
2025-06-12 10:07:00,93.2
2025-06-12 14:41:00,39.0
2025-06-12 06:20:00,82.1
2025-06-12 07:42:00,84.3
2025-06-12 02:30:00,36.0
2025-06-12 13:15:00,86.1
2025-06-12 15:03:00,12.1
2025-06-12 15:45:00,96.4
2025-06-12 19:58:00,94.3
2025-06-12 09:10:00,6.2
2025-06-12 00:30:00,49.64720650636492
2025-06-12 15:16:00,35.5
2025-06-12 09:18:00,43.1
2025-06-12 02:56:00,52.2
2025-06-12 21:30:00,97.7
2025-06-12 01:05:00,33.5
2025-06-12 18:33:00,26.9
2025-06-12 00:20:00,14.9
2025-06-12 02:54:00,49.6
2025-06-12 14:17:00,94.3
2025-06-12 08:08:00,39.8
2025-06-12 20:10:00,49.64720650636492
2025-06-12 09:44:00,72.0
2025-06-12 04:10:00,60.6
2025-06-12 19:20:00,81.6
2025-06-12 07:41:00,47.5
2025-06-12 11:32:00,84.7
2025-06-12 05:16:00,14.5
2025-06-12 05:43:00,41.3
2025-06-12 06:43:00,51.8
2025-06-12 01:19:00,24.2
2025-06-12 15:39:00,65.2
2025-06-12 01:19:00,35.5
2025-06-12 19:07:00,72.6
2025-06-12 13:16:00,33.5
2025-06-12 23:55:00,92.3
2025-06-12 05:52:00,28.2
2025-06-12 07:48:00,3.1
2025-06-12 04:59:00,21.2
2025-06-12 12:37:00,0.9
2025-06-12 15:37:00,80.2
2025-06-12 01:21:00,88.0
2025-06-12 20:46:00,55.5
2025-06-12 01:47:00,74.6
2025-06-12 02:36:00,24.0
2025-06-12 14:14:00,66.0
2025-06-12 11:00:00,3.8
2025-06-12 08:39:00,69.2
2025-06-12 13:59:00,26.7
2025-06-12 07:30:00,90.3
2025-06-12 10:10:00,23.6
2025-06-12 14:28:00,97.8
2025-06-12 05:07:00,45.5
2025-06-12 01:21:00,36.2
2025-06-12 15:59:00,61.8
2025-06-12 01:25:00,82.5
2025-06-12 15:44:00,49.64720650636492
2025-06-12 21:50:00,0.6
2025-06-12 09:20:00,11.5
2025-06-12 20:58:00,3.7
2025-06-12 09:54:00,45.2
2025-06-12 21:08:00,99.1
2025-06-12 14:10:00,82.8
2025-06-12 14:26:00,21.6
2025-06-12 18:42:00,35.4
2025-06-12 08:37:00,64.4
2025-06-12 14:45:00,4.8
2025-06-12 10:40:00,35.3
2025-06-12 08:45:00,44.6
2025-06-12 16:20:00,68.5
2025-06-12 18:14:00,37.7
2025-06-12 01:11:00,65.1
2025-06-12 04:11:00,91.7
2025-06-12 03:20:00,38.8
2025-06-12 14:33:00,9.6
2025-06-12 20:32:00,35.6
2025-06-12 21:22:00,76.4
2025-06-12 08:52:00,36.6
2025-06-12 02:13:00,54.5
2025-06-12 09:48:00,46.7
2025-06-12 01:54:00,33.1
2025-06-12 20:43:00,6.5
2025-06-12 14:23:00,2.3
2025-06-12 06:23:00,43.6
2025-06-12 02:58:00,47.2
2025-06-12 16:54:00,16.8
2025-06-12 02:14:00,1.6
2025-06-12 22:23:00,71.1
2025-06-12 14:55:00,76.5
2025-06-12 07:08:00,13.9
2025-06-12 21:13:00,56.1
2025-06-12 00:54:00,20.4
2025-06-12 07:44:00,49.44888862615275
2025-06-12 15:40:00,88.6
2025-06-12 06:52:00,55.1
2025-06-12 23:38:00,49.44888862615275
2025-06-12 21:43:00,49.44888862615275
2025-06-12 10:43:00,44.0
2025-06-12 04:10:00,48.4
2025-06-12 12:50:00,1.8
2025-06-12 22:47:00,49.8
2025-06-12 00:57:00,85.5
2025-06-12 04:43:00,7.9
2025-06-12 05:10:00,49.44888862615275
2025-06-12 19:48:00,62.4
2025-06-12 04:36:00,33.7
2025-06-12 21:45:00,90.2
2025-06-12 22:45:00,40.6
2025-06-12 11:39:00,29.2
2025-06-12 20:21:00,23.3
2025-06-12 03:43:00,43.1
2025-06-12 22:22:00,16.0
2025-06-12 19:14:00,41.2
2025-06-12 20:14:00,89.5
2025-06-12 23:50:00,77.4
2025-06-12 20:42:00,47.1
2025-06-12 01:57:00,47.2
2025-06-12 14:38:00,9.6
2025-06-12 18:07:00,71.7
2025-06-12 09:32:00,18.7
2025-06-12 05:01:00,93.2
2025-06-12 10:44:00,86.4
2025-06-12 13:59:00,81.9
2025-06-12 00:51:00,60.8
2025-06-12 12:45:00,49.44888862615275
2025-06-12 01:36:00,74.9
2025-06-12 19:52:00,81.2
2025-06-12 22:20:00,66.1
2025-06-12 07:02:00,35.8
2025-06-12 18:21:00,67.6
2025-06-12 01:21:00,21.4
2025-06-12 20:53:00,39.6
2025-06-12 21:15:00,68.8
2025-06-12 17:29:00,73.9
2025-06-12 16:30:00,38.6
2025-06-12 15:55:00,98.6
2025-06-12 14:10:00,27.8
2025-06-12 12:51:00,83.6
2025-06-12 22:37:00,49.44888862615275
2025-06-12 17:37:00,58.6
2025-06-12 14:52:00,24.8
2025-06-12 09:19:00,21.8
2025-06-12 18:47:00,49.44888862615275
2025-06-12 12:31:00,49.44888862615275
2025-06-12 01:01:00,19.8
2025-06-12 17:12:00,49.44888862615275
2025-06-12 10:54:00,7.6
2025-06-12 01:24:00,63.7
2025-06-12 17:06:00,49.1
2025-06-12 09:58:00,58.7
2025-06-12 19:59:00,76.9
2025-06-12 10:32:00,21.4
2025-06-12 09:03:00,39.1
2025-06-12 05:26:00,55.4
2025-06-12 19:02:00,49.44888862615275
2025-06-12 02:18:00,42.1
2025-06-12 11:48:00,1.2
2025-06-12 12:10:00,49.44888862615275
2025-06-12 03:05:00,46.7
2025-06-12 04:39:00,28.2
2025-06-12 17:27:00,80.6
2025-06-12 18:10:00,49.44888862615275
2025-06-12 07:17:00,87.6
2025-06-12 17:31:00,80.1
2025-06-12 23:35:00,97.6
2025-06-12 08:39:00,75.5
2025-06-12 16:35:00,66.6
2025-06-12 09:12:00,1.6
2025-06-12 06:46:00,49.44888862615275
2025-06-12 17:26:00,3.1
2025-06-12 06:19:00,49.44888862615275
2025-06-12 05:37:00,99.4
2025-06-12 02:42:00,74.6
2025-06-12 04:09:00,8.9
2025-06-12 06:10:00,41.0
2025-06-12 20:31:00,26.0
2025-06-12 03:27:00,2.0
2025-06-12 15:31:00,75.4
2025-06-12 01:42:00,62.9
2025-06-12 08:52:00,12.5
2025-06-12 08:04:00,49.44888862615275
2025-06-12 15:18:00,37.0
2025-06-12 17:10:00,79.3
2025-06-12 20:23:00,69.2
2025-06-12 18:10:00,41.1
2025-06-12 18:43:00,30.1
2025-06-12 18:44:00,76.6
2025-06-12 13:27:00,67.3
2025-06-12 06:40:00,61.5
2025-06-12 14:25:00,88.0
2025-06-12 14:36:00,26.9
2025-06-12 03:02:00,25.4
2025-06-12 20:47:00,35.8
2025-06-12 10:52:00,75.1
2025-06-12 00:21:00,57.0
2025-06-12 20:09:00,53.1
2025-06-12 12:06:00,92.9
2025-06-12 03:27:00,49.44888862615275
2025-06-12 10:10:00,6.0
2025-06-12 06:33:00,49.6
2025-06-12 17:30:00,64.0
2025-06-12 03:14:00,43.2
2025-06-12 09:48:00,35.2
2025-06-12 20:34:00,95.5
2025-06-12 17:40:00,49.44888862615275
2025-06-12 21:14:00,49.44888862615275
2025-06-12 04:01:00,20.6
2025-06-12 08:33:00,78.8
2025-06-12 13:06:00,54.8
2025-06-12 18:44:00,20.8
2025-06-12 20:45:00,40.7
2025-06-12 21:17:00,49.44888862615275
2025-06-12 21:37:00,35.8
2025-06-12 01:47:00,3.6
2025-06-12 16:06:00,57.4
2025-06-12 17:17:00,91.1
2025-06-12 08:29:00,14.7
2025-06-12 18:45:00,56.4
2025-06-12 23:25:00,96.2
2025-06-12 13:53:00,77.2
2025-06-12 20:03:00,71.0
2025-06-12 05:41:00,7.4
2025-06-12 13:25:00,61.6
2025-06-12 04:35:00,54.0
2025-06-12 19:18:00,57.0
2025-06-12 07:02:00,96.1
2025-06-12 17:02:00,17.2
2025-06-12 09:40:00,11.5
2025-06-12 18:55:00,17.8
2025-06-12 13:45:00,26.7
2025-06-12 09:33:00,38.9
2025-06-12 14:30:00,49.44888862615275
2025-06-12 20:21:00,86.5
2025-06-12 16:20:00,48.7
2025-06-12 17:43:00,87.0
2025-06-12 10:03:00,6.7
2025-06-12 10:04:00,58.6
2025-06-12 04:54:00,75.5
2025-06-12 14:14:00,57.8
2025-06-12 22:47:00,49.44888862615275
2025-06-12 11:13:00,81.8
2025-06-12 03:42:00,5.3
2025-06-12 17:18:00,37.1
2025-06-12 09:58:00,49.44888862615275
2025-06-12 14:38:00,36.6
2025-06-12 22:27:00,49.44888862615275
2025-06-12 02:47:00,38.1
2025-06-12 00:08:00,64.5
2025-06-12 11:45:00,49.44888862615275
2025-06-12 14:15:00,49.7
2025-06-12 03:56:00,32.9
2025-06-12 13:02:00,22.9
2025-06-12 07:47:00,36.0
2025-06-12 15:15:00,51.2
2025-06-12 02:43:00,42.5
2025-06-12 19:47:00,53.6
2025-06-12 21:37:00,49.44888862615275
2025-06-12 21:55:00,39.0
2025-06-12 00:47:00,56.3
2025-06-12 14:58:00,14.8
2025-06-12 00:51:00,49.44888862615275
2025-06-12 05:33:00,54.2
2025-06-12 14:58:00,81.6
2025-06-12 12:54:00,99.3
2025-06-12 05:00:00,2.6
2025-06-12 21:54:00,43.0
2025-06-12 16:23:00,6.4
2025-06-12 00:58:00,49.44888862615275
2025-06-12 07:04:00,71.3
2025-06-12 16:22:00,30.7
2025-06-12 10:45:00,97.8
2025-06-12 13:09:00,17.6
2025-06-12 17:19:00,56.8
2025-06-12 22:02:00,23.6
2025-06-12 05:48:00,62.3
2025-06-12 02:26:00,25.5
2025-06-12 18:01:00,75.8
2025-06-12 17:07:00,24.2
2025-06-12 15:16:00,78.4
2025-06-12 17:27:00,52.6
2025-06-12 12:54:00,49.44888862615275
2025-06-12 21:28:00,57.6
2025-06-12 14:57:00,25.0
2025-06-12 12:40:00,49.44888862615275
2025-06-12 12:42:00,87.3
2025-06-12 18:57:00,49.44888862615275
2025-06-12 10:05:00,49.44888862615275
2025-06-12 10:47:00,49.44888862615275
2025-06-12 19:40:00,4.9
2025-06-12 10:36:00,49.44888862615275
2025-06-12 14:33:00,81.1
2025-06-12 07:45:00,89.3
2025-06-12 04:48:00,61.0
2025-06-12 04:55:00,17.1
2025-06-12 06:08:00,32.2
2025-06-12 16:22:00,49.44888862615275
2025-06-12 16:46:00,28.4
2025-06-12 09:05:00,0.0
2025-06-12 15:52:00,13.3
2025-06-12 13:07:00,49.44888862615275
2025-06-12 07:18:00,66.9
2025-06-12 12:49:00,49.44888862615275
2025-06-12 13:53:00,87.3
2025-06-12 10:44:00,38.5
2025-06-12 10:24:00,40.3
2025-06-12 13:18:00,49.44888862615275
2025-06-12 20:26:00,77.9
2025-06-12 12:22:00,97.2
2025-06-12 22:03:00,56.5
2025-06-12 06:05:00,72.4
2025-06-12 18:30:00,28.6
2025-06-12 10:36:00,83.5
2025-06-12 21:55:00,49.44888862615275
2025-06-12 22:52:00,86.6
2025-06-12 20:18:00,48.9
2025-06-12 15:49:00,93.6
2025-06-12 23:55:00,14.8
2025-06-12 00:32:00,13.8
2025-06-12 20:15:00,59.4
2025-06-12 10:21:00,49.44888862615275
2025-06-12 18:10:00,44.8
2025-06-12 10:21:00,20.3
2025-06-12 07:27:00,49.44888862615275
2025-06-12 03:46:00,94.4
2025-06-12 15:13:00,40.8
2025-06-12 15:20:00,32.3
2025-06-12 18:56:00,27.8
2025-06-12 19:53:00,77.8
2025-06-12 07:09:00,93.8
2025-06-12 14:09:00,2.1
2025-06-12 12:24:00,21.3
2025-06-12 11:50:00,55.8
2025-06-12 22:12:00,7.2
2025-06-12 02:05:00,71.4
2025-06-12 13:27:00,69.0
2025-06-12 03:39:00,11.9
2025-06-12 21:20:00,85.8
2025-06-12 04:10:00,80.8
2025-06-12 05:25:00,69.2
2025-06-12 02:24:00,50.6
2025-06-12 06:51:00,77.1
2025-06-12 03:53:00,42.9
2025-06-12 08:31:00,25.0
2025-06-12 12:03:00,49.44888862615275
2025-06-12 20:04:00,34.4
2025-06-12 15:15:00,8.3
2025-06-12 06:42:00,91.2
2025-06-12 14:42:00,8.0
2025-06-12 10:25:00,1.9
2025-06-12 20:52:00,0.7
2025-06-12 12:24:00,45.3
2025-06-12 15:45:00,53.3
2025-06-12 20:36:00,58.7
2025-06-12 08:04:00,72.5
2025-06-12 22:21:00,52.2
2025-06-12 05:26:00,51.9
2025-06-12 04:57:00,49.44888862615275
2025-06-12 06:46:00,14.0
2025-06-12 23:06:00,24.6
2025-06-12 21:49:00,35.9
2025-06-12 14:49:00,69.7
2025-06-12 23:53:00,67.8
2025-06-12 06:49:00,57.3
2025-06-12 14:34:00,77.3
2025-06-12 09:49:00,49.44888862615275
2025-06-12 11:35:00,43.0
2025-06-12 09:00:00,49.44888862615275
2025-06-12 13:35:00,78.3
2025-06-12 13:12:00,55.7
2025-06-12 20:39:00,44.3
2025-06-12 19:48:00,88.4
2025-06-12 14:02:00,10.2
2025-06-12 12:45:00,29.5
2025-06-12 19:01:00,4.7
2025-06-12 18:37:00,80.9
2025-06-12 06:53:00,99.4
2025-06-12 23:37:00,37.2
2025-06-12 01:45:00,44.7
2025-06-12 13:56:00,14.7
2025-06-12 07:33:00,50.4
2025-06-12 23:55:00,84.4
2025-06-12 12:41:00,85.4
2025-06-12 13:20:00,5.5
2025-06-12 22:06:00,87.7
2025-06-12 11:42:00,49.44888862615275
2025-06-12 01:50:00,53.1
2025-06-12 17:57:00,49.44888862615275
2025-06-12 01:06:00,49.44888862615275
2025-06-12 07:38:00,38.4
2025-06-12 21:04:00,39.8
2025-06-12 10:36:00,34.1
2025-06-12 09:18:00,55.1
2025-06-12 22:21:00,5.8
2025-06-12 11:53:00,51.3
2025-06-12 14:29:00,26.0
2025-06-12 06:12:00,98.2
2025-06-12 20:38:00,14.1
2025-06-12 10:44:00,49.4
2025-06-12 03:28:00,49.44888862615275
2025-06-12 07:56:00,98.0
2025-06-12 00:11:00,86.1
2025-06-12 11:20:00,83.4
2025-06-12 17:33:00,49.44888862615275
2025-06-12 03:02:00,49.44888862615275
2025-06-12 12:06:00,49.44888862615275
2025-06-12 19:37:00,61.3
2025-06-12 03:17:00,26.8
2025-06-12 00:49:00,60.1
2025-06-12 14:00:00,3.2
2025-06-12 21:01:00,64.9
2025-06-12 14:37:00,77.3
2025-06-12 00:53:00,49.44888862615275
2025-06-12 19:55:00,22.9
2025-06-12 05:10:00,51.7
2025-06-12 12:10:00,49.44888862615275
2025-06-12 19:32:00,33.2
2025-06-12 12:10:00,9.0
2025-06-12 16:42:00,49.44888862615275
2025-06-12 12:50:00,74.9
2025-06-12 16:36:00,84.1
2025-06-12 22:55:00,95.4
2025-06-12 17:52:00,72.5
2025-06-12 10:06:00,70.6
2025-06-12 07:38:00,96.9
2025-06-12 03:25:00,58.7
2025-06-12 15:23:00,59.1
2025-06-12 22:26:00,34.5
2025-06-12 12:00:00,92.6
2025-06-12 15:26:00,91.5
2025-06-12 02:09:00,85.1
2025-06-12 01:06:00,57.1
2025-06-12 02:27:00,55.4
2025-06-12 22:45:00,76.1
2025-06-12 04:33:00,11.2
2025-06-12 14:42:00,87.7
2025-06-12 03:13:00,47.9
2025-06-12 08:49:00,8.0
2025-06-12 02:51:00,23.5
2025-06-12 05:17:00,84.4
2025-06-12 07:35:00,66.3
2025-06-12 11:04:00,92.9
2025-06-12 18:58:00,45.5
2025-06-12 09:51:00,98.6
2025-06-12 08:12:00,98.8
2025-06-12 14:42:00,19.2
2025-06-12 06:03:00,49.953150620754265
2025-06-12 00:04:00,16.0
2025-06-12 00:22:00,96.9
2025-06-12 21:40:00,49.953150620754265
2025-06-12 03:36:00,1.2
2025-06-12 11:39:00,64.0
2025-06-12 09:39:00,85.2
2025-06-12 05:41:00,62.4
2025-06-12 15:12:00,49.953150620754265
2025-06-12 22:51:00,31.8
2025-06-12 12:37:00,22.2
2025-06-12 02:06:00,47.4
2025-06-12 09:11:00,7.5
2025-06-12 19:24:00,35.7
2025-06-12 13:24:00,70.2
2025-06-12 19:36:00,77.4
2025-06-12 10:37:00,46.7
2025-06-12 05:54:00,49.953150620754265
2025-06-12 17:03:00,63.2
2025-06-12 22:14:00,39.9
2025-06-12 07:59:00,18.7
2025-06-12 10:24:00,23.6
2025-06-12 14:09:00,48.4
2025-06-12 03:38:00,63.8
2025-06-12 17:39:00,83.4
2025-06-12 01:19:00,49.953150620754265
2025-06-12 16:56:00,38.0
2025-06-12 18:23:00,24.6
2025-06-12 03:09:00,49.953150620754265
2025-06-12 07:32:00,57.5
2025-06-12 23:41:00,52.2
2025-06-12 14:03:00,32.5
2025-06-12 21:18:00,28.8
2025-06-12 12:13:00,74.6
2025-06-12 00:13:00,90.1
2025-06-12 03:38:00,49.953150620754265
2025-06-12 13:03:00,45.7
2025-06-12 03:09:00,49.953150620754265
2025-06-12 23:04:00,40.7
2025-06-12 23:14:00,71.4
2025-06-12 01:51:00,49.953150620754265
2025-06-12 07:06:00,49.953150620754265
2025-06-12 15:18:00,71.8
2025-06-12 20:00:00,94.7
2025-06-12 07:49:00,24.3
2025-06-12 05:50:00,1.9
2025-06-12 16:53:00,83.9
2025-06-12 20:50:00,36.0
2025-06-12 23:32:00,1.4
2025-06-12 06:47:00,87.2
2025-06-12 16:00:00,68.6
2025-06-12 00:33:00,73.7
2025-06-12 18:12:00,99.0
2025-06-12 01:17:00,98.2
2025-06-12 21:00:00,67.6
2025-06-12 08:32:00,30.6
2025-06-12 15:59:00,97.8
2025-06-12 20:25:00,26.8
2025-06-12 19:25:00,49.953150620754265
2025-06-12 18:32:00,1.5
2025-06-12 01:06:00,27.4
2025-06-12 16:37:00,99.5
2025-06-12 17:44:00,21.2
2025-06-12 22:30:00,61.1
2025-06-12 04:02:00,98.9
2025-06-12 23:41:00,49.953150620754265
2025-06-12 11:34:00,60.1
2025-06-12 12:58:00,53.0
2025-06-12 04:50:00,73.9
2025-06-12 18:40:00,74.7
2025-06-12 15:15:00,3.5
2025-06-12 05:19:00,18.5
2025-06-12 05:45:00,21.8
2025-06-12 18:10:00,77.3
2025-06-12 09:17:00,52.9
2025-06-12 15:37:00,6.8
2025-06-12 10:58:00,94.1
2025-06-12 23:31:00,76.8
2025-06-12 12:43:00,99.9
2025-06-12 13:56:00,13.9
2025-06-12 09:12:00,4.7
2025-06-12 12:32:00,93.0
2025-06-12 19:49:00,49.953150620754265
2025-06-12 22:41:00,14.5
2025-06-12 08:16:00,51.1
2025-06-12 00:41:00,82.8
2025-06-12 13:38:00,21.6
2025-06-12 08:19:00,91.5
2025-06-12 20:10:00,100.0
2025-06-12 05:03:00,16.1
2025-06-12 23:03:00,16.7
2025-06-12 03:48:00,68.9
2025-06-12 20:01:00,9.3
2025-06-12 19:06:00,82.0
2025-06-12 06:21:00,49.953150620754265
2025-06-12 17:43:00,91.8
2025-06-12 07:23:00,55.3
2025-06-12 12:07:00,94.0
2025-06-12 10:09:00,3.2
2025-06-12 10:08:00,49.953150620754265
2025-06-12 05:24:00,49.953150620754265
2025-06-12 03:24:00,58.6
2025-06-12 11:36:00,68.0
2025-06-12 06:23:00,78.5
2025-06-12 22:20:00,61.6
2025-06-12 07:19:00,49.953150620754265
2025-06-12 07:00:00,6.1
2025-06-12 16:44:00,15.9
2025-06-12 13:24:00,37.3
2025-06-12 07:58:00,24.1
2025-06-12 16:21:00,8.3
2025-06-12 10:38:00,49.953150620754265
2025-06-12 15:50:00,60.9
2025-06-12 13:45:00,20.0
2025-06-12 01:37:00,94.0
2025-06-12 00:36:00,71.1
2025-06-12 17:02:00,31.1
2025-06-12 02:00:00,92.8
2025-06-12 19:16:00,69.8
2025-06-12 01:21:00,12.8
2025-06-12 13:26:00,5.8
2025-06-12 22:13:00,7.1
2025-06-12 12:09:00,33.1
2025-06-12 09:34:00,49.953150620754265
2025-06-12 03:18:00,46.7
2025-06-12 19:40:00,62.2
2025-06-12 00:35:00,46.7
2025-06-12 06:30:00,85.4
2025-06-12 21:54:00,35.8
2025-06-12 09:36:00,49.953150620754265
2025-06-12 13:47:00,64.1
2025-06-12 21:59:00,6.0
2025-06-12 23:35:00,49.953150620754265
2025-06-12 08:28:00,24.8
2025-06-12 02:00:00,94.4
2025-06-12 01:22:00,47.9
2025-06-12 07:43:00,56.1
2025-06-12 01:16:00,12.0
2025-06-12 16:07:00,49.0
2025-06-12 19:27:00,8.6
2025-06-12 07:29:00,56.2
2025-06-12 19:15:00,49.953150620754265
2025-06-12 01:10:00,22.9
2025-06-12 06:52:00,7.8
2025-06-12 08:55:00,10.8
2025-06-12 14:14:00,21.9
2025-06-12 06:29:00,50.2
2025-06-12 04:49:00,77.6
2025-06-12 08:38:00,49.953150620754265
2025-06-12 13:41:00,82.7
2025-06-12 07:31:00,77.0
2025-06-12 01:48:00,45.8
2025-06-12 04:21:00,51.9
2025-06-12 07:30:00,19.5
2025-06-12 00:57:00,49.953150620754265
2025-06-12 10:01:00,93.3
2025-06-12 23:04:00,20.8
2025-06-12 19:55:00,56.1
2025-06-12 18:37:00,41.9
2025-06-12 23:09:00,57.1
2025-06-12 10:25:00,37.5
2025-06-12 08:02:00,53.4
2025-06-12 03:30:00,20.0
2025-06-12 19:32:00,54.4
2025-06-12 13:35:00,74.9
2025-06-12 03:18:00,24.5
2025-06-12 22:19:00,21.4
2025-06-12 15:00:00,7.7
2025-06-12 07:10:00,57.7
2025-06-12 14:31:00,53.1
2025-06-12 16:59:00,14.9
2025-06-12 12:57:00,49.953150620754265
2025-06-12 21:52:00,34.1
2025-06-12 18:12:00,49.953150620754265
2025-06-12 06:27:00,10.2
2025-06-12 10:48:00,49.953150620754265
2025-06-12 18:24:00,52.6
2025-06-12 06:36:00,33.9
2025-06-12 06:05:00,49.953150620754265
2025-06-12 21:14:00,15.0
2025-06-12 04:06:00,42.0
2025-06-12 09:27:00,56.3
2025-06-12 19:23:00,46.0
2025-06-12 01:26:00,76.0
2025-06-12 18:32:00,63.4
2025-06-12 04:12:00,68.2
2025-06-12 02:08:00,42.9
2025-06-12 12:55:00,21.2
2025-06-12 21:31:00,75.7
2025-06-12 15:38:00,49.953150620754265
2025-06-12 19:58:00,86.5
2025-06-12 14:02:00,92.6
2025-06-12 18:29:00,90.4
2025-06-12 00:28:00,77.0
2025-06-12 14:40:00,39.2
2025-06-12 13:21:00,0.6
2025-06-12 13:39:00,36.1
2025-06-12 22:23:00,79.8
2025-06-12 16:35:00,8.7
2025-06-12 20:28:00,49.953150620754265
2025-06-12 10:23:00,33.5
2025-06-12 01:27:00,49.953150620754265
2025-06-12 12:37:00,49.953150620754265
2025-06-12 05:35:00,82.8
2025-06-12 03:51:00,41.9
2025-06-12 22:14:00,70.6
2025-06-12 21:17:00,49.953150620754265
2025-06-12 06:58:00,75.0
2025-06-12 09:48:00,53.9
2025-06-12 21:25:00,49.953150620754265
2025-06-12 03:48:00,7.4
2025-06-12 00:35:00,78.9
2025-06-12 06:09:00,86.5
2025-06-12 21:17:00,68.3
2025-06-12 00:57:00,49.9
2025-06-12 20:23:00,56.1
2025-06-12 12:19:00,76.2
2025-06-12 11:53:00,59.8
2025-06-12 14:21:00,19.8
2025-06-12 17:22:00,93.2
2025-06-12 22:58:00,92.5
2025-06-12 00:39:00,50.1
2025-06-12 13:14:00,8.9
2025-06-12 01:11:00,66.1
2025-06-12 22:30:00,95.8
2025-06-12 07:32:00,87.6
2025-06-12 02:44:00,25.7
2025-06-12 14:36:00,77.6
2025-06-12 15:23:00,49.953150620754265
2025-06-12 22:43:00,49.953150620754265
2025-06-12 20:52:00,89.9
2025-06-12 04:47:00,49.953150620754265
2025-06-12 02:10:00,80.1
2025-06-12 05:42:00,49.953150620754265
2025-06-12 11:32:00,2.2
2025-06-12 07:26:00,8.2
2025-06-12 02:03:00,49.953150620754265
2025-06-12 05:15:00,26.4
2025-06-12 10:42:00,10.3
2025-06-12 14:09:00,49.953150620754265
2025-06-12 04:08:00,73.0
2025-06-12 03:09:00,44.8
2025-06-12 09:15:00,54.8
2025-06-12 15:13:00,52.6
2025-06-12 09:22:00,97.6
2025-06-12 05:08:00,76.9
2025-06-12 05:43:00,34.3
2025-06-12 18:18:00,55.8
2025-06-12 22:09:00,63.3
2025-06-12 16:40:00,49.953150620754265
2025-06-12 14:49:00,49.953150620754265
2025-06-12 19:19:00,15.4
2025-06-12 19:28:00,91.1
2025-06-12 03:52:00,6.9
2025-06-12 10:56:00,13.8
2025-06-12 05:30:00,28.1
2025-06-12 06:05:00,14.5
2025-06-12 09:52:00,13.3
2025-06-12 01:04:00,49.953150620754265
2025-06-12 06:57:00,2.5
2025-06-12 02:17:00,49.953150620754265
2025-06-12 01:21:00,49.953150620754265
2025-06-12 07:16:00,64.4
2025-06-12 14:24:00,79.8
2025-06-12 04:29:00,93.3
2025-06-12 07:22:00,40.3
2025-06-12 11:13:00,79.8
2025-06-12 17:45:00,77.7
2025-06-12 13:55:00,61.7
2025-06-12 04:30:00,52.1
2025-06-12 04:15:00,49.953150620754265
2025-06-12 04:38:00,69.0
2025-06-12 23:28:00,74.8
2025-06-12 05:47:00,46.2
2025-06-12 21:14:00,73.4
2025-06-12 02:42:00,27.6
2025-06-12 17:26:00,93.9
2025-06-12 07:56:00,14.5
2025-06-12 14:25:00,9.2
2025-06-12 06:53:00,27.1
2025-06-12 01:18:00,9.7
2025-06-12 07:13:00,49.953150620754265
2025-06-12 05:37:00,16.9
2025-06-12 21:49:00,16.5
2025-06-12 19:34:00,83.0
2025-06-12 06:42:00,49.953150620754265
2025-06-12 14:28:00,19.5
2025-06-12 02:34:00,21.5
2025-06-12 09:15:00,35.9
2025-06-12 07:20:00,1.1
2025-06-12 03:11:00,74.8
2025-06-12 08:47:00,1.7
2025-06-12 16:57:00,59.3
2025-06-12 00:18:00,20.1
2025-06-12 23:15:00,49.58899212042808
2025-06-12 17:14:00,6.3
2025-06-12 00:09:00,49.58899212042808
2025-06-12 17:55:00,45.9
2025-06-12 21:38:00,73.6
2025-06-12 09:18:00,34.0
2025-06-12 05:12:00,40.6
2025-06-12 13:03:00,3.4
2025-06-12 03:36:00,5.0
2025-06-12 00:20:00,39.7
2025-06-12 06:29:00,49.58899212042808
2025-06-12 12:00:00,26.4
2025-06-12 02:58:00,74.1
2025-06-12 06:45:00,10.0
2025-06-12 20:26:00,29.6
2025-06-12 04:43:00,87.2
2025-06-12 03:27:00,49.9
2025-06-12 09:48:00,63.1
2025-06-12 19:00:00,49.58899212042808
2025-06-12 01:33:00,29.5
2025-06-12 18:25:00,49.58899212042808
2025-06-12 08:02:00,25.1
2025-06-12 02:54:00,65.6
2025-06-12 11:38:00,6.3
2025-06-12 02:40:00,81.1
2025-06-12 04:30:00,67.9
2025-06-12 10:24:00,49.58899212042808
2025-06-12 13:55:00,24.8
2025-06-12 08:47:00,49.58899212042808
2025-06-12 01:37:00,43.6
2025-06-12 09:08:00,7.0
2025-06-12 23:50:00,98.5
2025-06-12 19:56:00,98.4
2025-06-12 01:47:00,76.6
2025-06-12 13:12:00,39.6
2025-06-12 18:08:00,45.6
2025-06-12 11:06:00,38.5
2025-06-12 14:38:00,49.58899212042808
2025-06-12 22:50:00,9.3
2025-06-12 08:30:00,65.5
2025-06-12 01:53:00,49.58899212042808
2025-06-12 00:55:00,57.1
2025-06-12 23:33:00,71.5
2025-06-12 11:24:00,73.9
2025-06-12 15:09:00,85.2
2025-06-12 17:30:00,21.9
2025-06-12 01:23:00,35.9
2025-06-12 20:01:00,72.9
2025-06-12 07:33:00,15.5
2025-06-12 05:09:00,49.58899212042808
2025-06-12 06:52:00,11.4
2025-06-12 08:16:00,59.4
2025-06-12 16:35:00,49.58899212042808
2025-06-12 09:14:00,50.9
2025-06-12 23:09:00,47.7
2025-06-12 10:49:00,74.3
2025-06-12 09:33:00,31.8
2025-06-12 07:54:00,80.8
2025-06-12 08:39:00,34.1
2025-06-12 02:03:00,72.7
2025-06-12 18:33:00,70.1
2025-06-12 10:20:00,91.6
2025-06-12 10:27:00,86.6
2025-06-12 06:56:00,68.2
2025-06-12 11:33:00,40.8
2025-06-12 07:12:00,45.9
2025-06-12 05:28:00,52.8
2025-06-12 12:47:00,45.3
2025-06-12 01:39:00,96.5
2025-06-12 10:59:00,79.6
2025-06-12 20:45:00,19.2
2025-06-12 03:50:00,49.58899212042808
2025-06-12 14:37:00,44.3
2025-06-12 10:49:00,66.6
2025-06-12 11:07:00,49.58899212042808
2025-06-12 01:55:00,99.3
2025-06-12 10:02:00,85.0
2025-06-12 07:19:00,81.1
2025-06-12 00:57:00,83.6
2025-06-12 10:46:00,53.9
2025-06-12 09:30:00,49.8
2025-06-12 15:32:00,83.5
2025-06-12 01:50:00,32.4
2025-06-12 11:35:00,20.6
2025-06-12 07:29:00,44.1
2025-06-12 22:47:00,97.8
2025-06-12 23:19:00,24.4
2025-06-12 09:02:00,42.5
2025-06-12 19:47:00,49.58899212042808
2025-06-12 17:11:00,49.58899212042808
2025-06-12 01:38:00,8.7
2025-06-12 02:09:00,3.9
2025-06-12 06:08:00,61.2
2025-06-12 08:53:00,49.58899212042808
2025-06-12 18:19:00,99.6
2025-06-12 16:55:00,25.2
2025-06-12 23:45:00,24.8
2025-06-12 17:33:00,20.4
2025-06-12 21:51:00,66.4
2025-06-12 23:38:00,49.58899212042808
2025-06-12 14:05:00,68.2
2025-06-12 20:05:00,49.58899212042808
2025-06-12 16:30:00,84.5
2025-06-12 16:03:00,32.6
2025-06-12 04:50:00,12.4
2025-06-12 04:30:00,49.58899212042808
2025-06-12 08:09:00,26.4
2025-06-12 22:07:00,49.58899212042808
2025-06-12 02:58:00,49.58899212042808
2025-06-12 04:42:00,30.2
2025-06-12 08:00:00,36.5
2025-06-12 09:22:00,99.7
2025-06-12 17:37:00,28.7
2025-06-12 21:58:00,68.8
2025-06-12 20:37:00,35.6
2025-06-12 21:07:00,66.9
2025-06-12 09:39:00,74.8
2025-06-12 18:32:00,86.5
2025-06-12 19:56:00,66.6
2025-06-12 16:03:00,59.6
2025-06-12 13:18:00,29.1
2025-06-12 06:42:00,89.9
2025-06-12 17:04:00,76.8
2025-06-12 01:15:00,16.2
2025-06-12 07:59:00,59.5
2025-06-12 08:20:00,21.5
2025-06-12 04:49:00,74.5
2025-06-12 09:44:00,34.4
2025-06-12 00:25:00,76.6
2025-06-12 01:24:00,49.58899212042808
2025-06-12 00:59:00,49.58899212042808
2025-06-12 18:05:00,1.1
2025-06-12 21:19:00,49.58899212042808
2025-06-12 18:26:00,73.1
2025-06-12 07:24:00,62.0
2025-06-12 14:15:00,18.4
2025-06-12 14:49:00,0.1
2025-06-12 04:06:00,71.7
2025-06-12 11:55:00,49.0
2025-06-12 16:17:00,84.5
2025-06-12 16:41:00,57.5
2025-06-12 06:19:00,43.6
2025-06-12 18:47:00,97.1
2025-06-12 14:43:00,28.9
2025-06-12 13:48:00,11.8
2025-06-12 16:13:00,78.6
2025-06-12 23:12:00,49.58899212042808
2025-06-12 23:55:00,48.9
2025-06-12 17:42:00,17.5
2025-06-12 19:38:00,75.4
2025-06-12 05:13:00,58.5
2025-06-12 19:03:00,95.1
2025-06-12 16:40:00,55.3
2025-06-12 21:42:00,46.2
2025-06-12 23:35:00,40.1
2025-06-12 19:43:00,35.2
2025-06-12 09:40:00,16.6
2025-06-12 17:47:00,51.6
2025-06-12 19:00:00,41.8
2025-06-12 14:29:00,96.0
2025-06-12 22:36:00,49.58899212042808
2025-06-12 14:33:00,12.8
2025-06-12 10:04:00,79.5
2025-06-12 07:50:00,80.0
2025-06-12 12:07:00,93.2
2025-06-12 04:58:00,49.58899212042808
2025-06-12 22:03:00,28.6
2025-06-12 03:16:00,19.6
2025-06-12 23:08:00,83.8
2025-06-12 15:08:00,89.9
2025-06-12 16:20:00,57.5
2025-06-12 02:07:00,86.4
2025-06-12 20:39:00,71.8
2025-06-12 02:06:00,6.9
2025-06-12 13:21:00,62.8
2025-06-12 20:12:00,92.2
2025-06-12 17:05:00,37.2
2025-06-12 07:04:00,51.6
2025-06-12 18:20:00,13.0
2025-06-12 17:06:00,71.8
2025-06-12 02:57:00,58.7
2025-06-12 01:15:00,49.58899212042808
2025-06-12 18:13:00,49.58899212042808
2025-06-12 08:55:00,97.3
2025-06-12 07:49:00,88.5
2025-06-12 12:33:00,75.6
2025-06-12 23:00:00,49.58899212042808
2025-06-12 17:51:00,37.0
2025-06-12 22:14:00,63.9
2025-06-12 21:35:00,11.1
2025-06-12 05:03:00,33.9
2025-06-12 17:15:00,22.1
2025-06-12 21:28:00,49.58899212042808
2025-06-12 14:22:00,68.8
2025-06-12 10:00:00,47.7
2025-06-12 13:37:00,93.9
2025-06-12 01:20:00,20.2
2025-06-12 22:41:00,92.4
2025-06-12 08:40:00,3.4
2025-06-12 08:30:00,71.3
2025-06-12 05:53:00,27.6
2025-06-12 16:37:00,64.8
2025-06-12 11:49:00,96.7
2025-06-12 10:52:00,100.0
2025-06-12 03:37:00,49.58899212042808
2025-06-12 05:12:00,82.7
2025-06-12 23:27:00,49.58899212042808
2025-06-12 03:07:00,35.2
2025-06-12 21:23:00,1.9
2025-06-12 16:51:00,7.0
2025-06-12 18:39:00,81.2
2025-06-12 23:51:00,9.3
2025-06-12 00:17:00,82.2
2025-06-12 14:40:00,19.0
2025-06-12 17:42:00,35.5
2025-06-12 02:36:00,93.4
2025-06-12 07:42:00,49.58899212042808
2025-06-12 07:20:00,6.8
2025-06-12 19:08:00,22.9
2025-06-12 16:43:00,84.2
2025-06-12 17:08:00,3.2
2025-06-12 16:42:00,45.4
2025-06-12 07:41:00,23.6
2025-06-12 18:48:00,72.3
2025-06-12 06:39:00,52.8
2025-06-12 01:58:00,78.8
2025-06-12 18:53:00,30.3
2025-06-12 17:42:00,2.7
2025-06-12 07:37:00,95.2
2025-06-12 17:50:00,49.58899212042808
2025-06-12 15:51:00,25.8
2025-06-12 04:32:00,41.7
2025-06-12 03:19:00,48.1
2025-06-12 23:53:00,56.1
2025-06-12 07:56:00,98.8
2025-06-12 06:02:00,25.8
2025-06-12 21:26:00,55.5
2025-06-12 15:07:00,49.58899212042808
2025-06-12 02:41:00,53.1
2025-06-12 10:27:00,49.58899212042808
2025-06-12 12:34:00,49.58899212042808
2025-06-12 00:28:00,40.6
2025-06-12 13:01:00,16.9
2025-06-12 07:54:00,92.2
2025-06-12 12:05:00,49.58899212042808
2025-06-12 01:51:00,97.5
2025-06-12 04:51:00,35.8
2025-06-12 15:19:00,70.6
2025-06-12 01:30:00,49.58899212042808
2025-06-12 05:10:00,60.8
2025-06-12 19:10:00,12.0
2025-06-12 00:29:00,95.7
2025-06-12 05:57:00,46.5
2025-06-12 22:14:00,58.4
2025-06-12 23:11:00,7.3
2025-06-12 21:37:00,61.8
2025-06-12 23:04:00,15.9
2025-06-12 21:26:00,11.0
2025-06-12 01:39:00,95.1
2025-06-12 17:02:00,41.9
2025-06-12 19:54:00,67.6
2025-06-12 00:31:00,89.9
2025-06-12 23:50:00,17.0
2025-06-12 19:11:00,49.58899212042808
2025-06-12 04:04:00,97.8
2025-06-12 18:04:00,83.1
2025-06-12 09:39:00,16.9
2025-06-12 03:05:00,49.58899212042808
2025-06-12 03:22:00,70.7
2025-06-12 05:53:00,45.5
2025-06-12 03:46:00,32.5
2025-06-12 16:17:00,49.58899212042808
2025-06-12 04:33:00,96.3
2025-06-12 01:21:00,23.1
2025-06-12 16:13:00,49.58899212042808
2025-06-12 11:15:00,43.0
2025-06-12 01:28:00,23.5
2025-06-12 16:35:00,49.58899212042808
2025-06-12 21:36:00,49.58899212042808
2025-06-12 20:50:00,65.8
2025-06-12 02:21:00,73.2
2025-06-12 02:25:00,85.9
2025-06-12 02:42:00,73.9
2025-06-12 19:53:00,97.3
2025-06-12 20:05:00,55.7
2025-06-12 19:10:00,2.5
2025-06-12 20:26:00,82.7
2025-06-12 02:08:00,4.0
2025-06-12 23:25:00,49.2
2025-06-12 21:53:00,20.2
2025-06-12 02:23:00,21.7
2025-06-12 22:05:00,65.5
2025-06-12 20:27:00,16.3
2025-06-12 08:35:00,26.7
2025-06-12 13:00:00,89.8
2025-06-12 06:41:00,11.1
2025-06-12 11:31:00,33.7
2025-06-12 10:41:00,92.7
2025-06-12 22:51:00,49.1
2025-06-12 00:10:00,86.9
2025-06-12 13:22:00,66.0
2025-06-12 03:38:00,49.58899212042808
2025-06-12 20:42:00,49.58899212042808
2025-06-12 00:14:00,26.7
2025-06-12 04:16:00,79.3
2025-06-12 19:20:00,67.8
2025-06-12 22:07:00,49.58899212042808
2025-06-12 13:31:00,79.9
2025-06-12 21:15:00,74.1
2025-06-12 19:39:00,38.7
2025-06-12 10:47:00,49.58899212042808
2025-06-12 01:11:00,60.7
2025-06-12 05:56:00,81.7
2025-06-12 02:57:00,78.6
2025-06-12 04:26:00,69.3
2025-06-12 11:26:00,32.2
2025-06-12 06:27:00,47.8
2025-06-12 22:42:00,25.1
2025-06-12 12:46:00,26.2
2025-06-12 22:24:00,23.3
2025-06-12 21:01:00,47.7
2025-06-12 13:39:00,15.8
2025-06-12 09:44:00,99.6
2025-06-12 20:33:00,14.5
2025-06-12 18:05:00,49.58899212042808
2025-06-12 06:49:00,59.2
2025-06-12 00:41:00,7.1
2025-06-12 23:34:00,92.0
2025-06-12 00:39:00,58.1
2025-06-12 21:52:00,89.0
2025-06-12 00:12:00,67.3
2025-06-12 20:26:00,18.4
2025-06-12 17:40:00,66.2
2025-06-12 21:40:00,37.9
2025-06-12 19:02:00,93.4
2025-06-12 08:28:00,90.6
2025-06-12 01:07:00,42.4
2025-06-12 01:20:00,13.7
2025-06-12 08:06:00,86.4
2025-06-12 08:00:00,49.58899212042808
2025-06-12 08:44:00,56.0
2025-06-12 11:07:00,27.1
2025-06-12 11:42:00,70.3
2025-06-12 06:06:00,83.3
2025-06-12 00:34:00,54.6
2025-06-12 04:51:00,66.2
2025-06-12 06:05:00,87.9
2025-06-12 02:16:00,20.6
2025-06-12 03:29:00,91.8
2025-06-12 17:08:00,32.4
2025-06-12 05:58:00,49.58899212042808
2025-06-12 19:36:00,24.2
2025-06-12 23:56:00,56.7
2025-06-12 10:21:00,24.5
2025-06-12 07:08:00,0.2
2025-06-12 19:50:00,61.0
2025-06-12 03:02:00,21.2
2025-06-12 07:05:00,58.2
2025-06-12 07:05:00,50.2977004785806
2025-06-12 20:58:00,88.1
2025-06-12 05:05:00,12.3
2025-06-12 09:49:00,50.2977004785806
2025-06-12 15:19:00,60.3
2025-06-12 14:30:00,71.4
2025-06-12 00:44:00,37.2
2025-06-12 21:24:00,37.9
2025-06-12 01:49:00,24.3
2025-06-12 23:46:00,60.7
2025-06-12 12:56:00,81.2
2025-06-12 21:52:00,65.8
2025-06-12 18:40:00,41.7
2025-06-12 05:08:00,37.0
2025-06-12 08:39:00,89.5
2025-06-12 02:27:00,97.8
2025-06-12 08:45:00,50.2977004785806
2025-06-12 10:38:00,20.6
2025-06-12 00:29:00,60.8
2025-06-12 10:57:00,17.7
2025-06-12 10:14:00,55.6
2025-06-12 23:44:00,80.5
2025-06-12 14:59:00,64.8
2025-06-12 22:53:00,45.3
2025-06-12 14:22:00,34.5
2025-06-12 19:23:00,60.2
2025-06-12 15:24:00,17.9
2025-06-12 05:00:00,22.8
2025-06-12 21:08:00,33.8
2025-06-12 11:15:00,75.4
2025-06-12 22:48:00,50.2977004785806
2025-06-12 09:56:00,50.2977004785806
2025-06-12 00:18:00,94.5
2025-06-12 22:17:00,68.7
2025-06-12 06:22:00,17.0
2025-06-12 21:55:00,61.4
2025-06-12 12:36:00,56.8
2025-06-12 18:51:00,50.2977004785806
2025-06-12 21:54:00,50.2977004785806
2025-06-12 23:49:00,28.2
2025-06-12 18:06:00,64.0
2025-06-12 22:46:00,55.5
2025-06-12 16:14:00,50.2977004785806
2025-06-12 05:20:00,77.9
2025-06-12 12:48:00,62.6
2025-06-12 03:07:00,10.8
2025-06-12 09:10:00,57.0
2025-06-12 13:07:00,72.6
2025-06-12 02:04:00,31.9
2025-06-12 09:44:00,66.7
2025-06-12 09:42:00,80.1
2025-06-12 16:13:00,50.2977004785806
2025-06-12 22:48:00,43.4
2025-06-12 19:49:00,35.2
2025-06-12 21:06:00,30.3
2025-06-12 08:43:00,20.4
2025-06-12 05:10:00,41.0
2025-06-12 05:09:00,46.6
2025-06-12 14:51:00,1.5
2025-06-12 14:09:00,32.1
2025-06-12 09:56:00,50.2977004785806
2025-06-12 18:00:00,92.7
2025-06-12 21:54:00,44.1
2025-06-12 20:05:00,18.7
2025-06-12 20:09:00,26.0
2025-06-12 08:13:00,49.8
2025-06-12 12:34:00,92.7
2025-06-12 23:10:00,50.2977004785806
2025-06-12 02:43:00,32.6
2025-06-12 01:19:00,74.6
2025-06-12 06:55:00,51.9
2025-06-12 08:35:00,99.8
2025-06-12 01:46:00,80.6
2025-06-12 03:37:00,65.8
2025-06-12 06:18:00,35.0
2025-06-12 19:31:00,2.6
2025-06-12 10:15:00,88.6
2025-06-12 12:17:00,50.3
2025-06-12 19:41:00,71.4
2025-06-12 13:09:00,11.7
2025-06-12 02:44:00,20.4
2025-06-12 21:16:00,98.7
2025-06-12 17:04:00,10.7
2025-06-12 07:14:00,71.1
2025-06-12 09:40:00,50.2977004785806
2025-06-12 14:10:00,64.3
2025-06-12 16:14:00,87.4
2025-06-12 17:53:00,50.2977004785806
2025-06-12 19:30:00,39.9
2025-06-12 20:02:00,92.7
2025-06-12 03:09:00,21.3
2025-06-12 01:05:00,94.6
2025-06-12 02:48:00,66.6
2025-06-12 18:32:00,38.6
2025-06-12 13:12:00,50.9
2025-06-12 06:59:00,1.1
2025-06-12 16:41:00,19.1
2025-06-12 14:17:00,65.3
2025-06-12 09:07:00,50.2977004785806
2025-06-12 10:46:00,38.0
2025-06-12 00:55:00,85.1
2025-06-12 20:44:00,1.8
2025-06-12 09:33:00,18.5
2025-06-12 09:54:00,61.9
2025-06-12 00:00:00,50.2977004785806
2025-06-12 12:35:00,77.8
2025-06-12 04:58:00,97.0
2025-06-12 12:06:00,69.1
2025-06-12 12:54:00,50.2977004785806
2025-06-12 03:46:00,60.9
2025-06-12 11:57:00,99.1
2025-06-12 10:20:00,35.1
2025-06-12 18:14:00,2.1
2025-06-12 03:16:00,11.8
2025-06-12 03:28:00,66.5
2025-06-12 07:26:00,2.7
2025-06-12 02:58:00,73.0
2025-06-12 13:12:00,48.9
2025-06-12 10:57:00,42.8
2025-06-12 08:12:00,29.4
2025-06-12 16:34:00,82.3
2025-06-12 11:01:00,50.2977004785806
2025-06-12 18:49:00,93.3
2025-06-12 03:36:00,29.8
2025-06-12 03:13:00,62.7
2025-06-12 06:20:00,50.2977004785806
2025-06-12 02:22:00,13.6
2025-06-12 06:23:00,64.7
2025-06-12 14:41:00,93.8
2025-06-12 01:29:00,10.5
2025-06-12 21:09:00,11.9
2025-06-12 11:05:00,73.9
2025-06-12 19:06:00,27.2
2025-06-12 23:03:00,9.9
2025-06-12 17:00:00,43.2
2025-06-12 04:30:00,0.4
2025-06-12 22:12:00,40.1
2025-06-12 00:42:00,28.9
2025-06-12 07:42:00,37.2
2025-06-12 01:29:00,81.3
2025-06-12 18:57:00,47.5
2025-06-12 00:51:00,50.2977004785806
2025-06-12 06:57:00,16.9
2025-06-12 12:52:00,51.7
2025-06-12 00:20:00,73.5
2025-06-12 06:53:00,89.0
2025-06-12 06:40:00,62.7
2025-06-12 23:14:00,98.2
2025-06-12 15:12:00,82.6
2025-06-12 17:01:00,25.6
2025-06-12 21:58:00,10.2
2025-06-12 12:02:00,98.5
2025-06-12 16:31:00,34.5
2025-06-12 02:36:00,70.3
2025-06-12 05:08:00,50.2977004785806
2025-06-12 19:48:00,70.9
2025-06-12 04:41:00,32.0
2025-06-12 03:03:00,90.8
2025-06-12 17:33:00,14.5
2025-06-12 16:39:00,98.2
2025-06-12 02:05:00,19.6
2025-06-12 01:22:00,68.6
2025-06-12 13:05:00,11.4
2025-06-12 09:09:00,36.6
2025-06-12 19:22:00,11.8
2025-06-12 20:34:00,61.4
2025-06-12 11:18:00,61.8
2025-06-12 16:47:00,35.2
2025-06-12 10:07:00,90.4
2025-06-12 13:42:00,99.7
2025-06-12 16:04:00,3.8
2025-06-12 06:10:00,95.0
2025-06-12 01:19:00,82.3
2025-06-12 15:11:00,96.1
2025-06-12 21:10:00,50.2977004785806
2025-06-12 15:02:00,65.0
2025-06-12 09:22:00,9.7
2025-06-12 23:39:00,50.2977004785806
2025-06-12 03:32:00,50.2977004785806
2025-06-12 23:57:00,91.6
2025-06-12 10:06:00,79.8
2025-06-12 04:50:00,65.9
2025-06-12 00:49:00,58.6
2025-06-12 22:02:00,98.2
2025-06-12 15:47:00,92.5
2025-06-12 00:19:00,13.2
2025-06-12 09:00:00,68.7
2025-06-12 01:54:00,54.2
2025-06-12 09:32:00,50.2977004785806
2025-06-12 22:07:00,50.2977004785806
2025-06-12 23:28:00,7.4
2025-06-12 22:41:00,78.2
2025-06-12 11:57:00,31.1
2025-06-12 14:52:00,84.0
2025-06-12 03:04:00,37.7
2025-06-12 18:21:00,93.6
2025-06-12 13:44:00,16.3
2025-06-12 21:15:00,5.0
2025-06-12 14:11:00,21.0
2025-06-12 23:22:00,30.1
2025-06-12 17:24:00,4.9
2025-06-12 08:16:00,72.6
2025-06-12 04:22:00,50.2977004785806
2025-06-12 21:50:00,59.0
2025-06-12 12:28:00,61.4
2025-06-12 06:45:00,50.2977004785806
2025-06-12 15:21:00,58.8
2025-06-12 11:47:00,50.2977004785806
2025-06-12 17:22:00,82.4
2025-06-12 20:09:00,63.3
2025-06-12 17:36:00,57.6
2025-06-12 03:14:00,48.4
2025-06-12 20:15:00,23.8
2025-06-12 00:40:00,47.2
2025-06-12 01:12:00,95.2
2025-06-12 15:22:00,65.8
2025-06-12 16:54:00,94.8
2025-06-12 00:13:00,14.4
2025-06-12 23:44:00,50.2977004785806
2025-06-12 10:51:00,11.1
2025-06-12 22:20:00,96.1
2025-06-12 05:19:00,36.6
2025-06-12 13:27:00,30.3
2025-06-12 13:21:00,50.2977004785806
2025-06-12 03:43:00,50.2977004785806
2025-06-12 10:15:00,41.1
2025-06-12 06:11:00,91.2
2025-06-12 19:19:00,6.0
2025-06-12 16:23:00,26.6
2025-06-12 10:46:00,85.1
2025-06-12 08:10:00,40.1
2025-06-12 00:04:00,28.5
2025-06-12 07:04:00,45.3
2025-06-12 01:47:00,73.1
2025-06-12 08:05:00,50.2977004785806
2025-06-12 08:06:00,50.2977004785806
2025-06-12 07:20:00,97.8
2025-06-12 16:46:00,14.8
2025-06-12 15:48:00,73.8
2025-06-12 02:32:00,75.4
2025-06-12 22:17:00,7.2
2025-06-12 01:25:00,8.1
2025-06-12 06:33:00,0.6
2025-06-12 06:08:00,69.5
2025-06-12 07:51:00,2.7
2025-06-12 21:08:00,75.5
2025-06-12 23:24:00,98.4
2025-06-12 16:01:00,50.2977004785806
2025-06-12 04:21:00,82.1
2025-06-12 20:43:00,76.2
2025-06-12 12:41:00,6.3
2025-06-12 09:38:00,12.9
2025-06-12 00:59:00,12.5
2025-06-12 17:15:00,50.2977004785806
2025-06-12 00:35:00,73.4
2025-06-12 12:26:00,52.8
2025-06-12 21:37:00,50.2977004785806
2025-06-12 06:35:00,50.2977004785806
2025-06-12 19:58:00,40.1
2025-06-12 12:26:00,58.4
2025-06-12 11:20:00,22.1
2025-06-12 21:19:00,58.6
2025-06-12 09:03:00,94.8
2025-06-12 17:15:00,76.9
2025-06-12 01:59:00,30.6
2025-06-12 13:16:00,50.2977004785806
2025-06-12 18:48:00,28.9
2025-06-12 17:21:00,83.5
2025-06-12 00:33:00,97.6
2025-06-12 06:19:00,32.9
2025-06-12 23:55:00,15.2
2025-06-12 15:15:00,75.8
2025-06-12 12:05:00,60.7
2025-06-12 02:38:00,14.5
2025-06-12 21:39:00,50.2977004785806
2025-06-12 12:16:00,8.7
2025-06-12 21:04:00,69.4
2025-06-12 13:15:00,79.3
2025-06-12 22:28:00,43.3
2025-06-12 23:24:00,70.0
2025-06-12 04:12:00,39.0
2025-06-12 16:37:00,92.4
2025-06-12 20:56:00,98.2
2025-06-12 23:32:00,50.2977004785806
2025-06-12 20:37:00,94.3
2025-06-12 23:32:00,59.6
2025-06-12 02:35:00,2.2
2025-06-12 07:15:00,80.1
2025-06-12 03:38:00,75.4
2025-06-12 00:57:00,51.2
2025-06-12 19:57:00,14.5
2025-06-12 11:03:00,55.7
2025-06-12 18:44:00,81.5
2025-06-12 00:53:00,25.9
2025-06-12 13:06:00,74.6
2025-06-12 19:19:00,50.2977004785806
2025-06-12 11:30:00,5.0
2025-06-12 07:31:00,17.7
2025-06-12 00:28:00,3.1
2025-06-12 20:40:00,76.5
2025-06-12 21:26:00,50.2977004785806
2025-06-12 06:57:00,98.3
2025-06-12 11:25:00,28.7
2025-06-12 07:19:00,50.2977004785806
2025-06-12 14:16:00,43.3
2025-06-12 21:46:00,8.8
2025-06-12 05:08:00,46.9
2025-06-12 02:07:00,28.1
2025-06-12 02:19:00,16.4
2025-06-12 07:00:00,50.2977004785806
2025-06-12 07:04:00,51.1
2025-06-12 17:08:00,24.2
2025-06-12 17:40:00,8.9
2025-06-12 22:30:00,13.1
2025-06-12 08:24:00,60.1
2025-06-12 08:46:00,22.0
2025-06-12 13:08:00,50.2977004785806
2025-06-12 18:24:00,48.0
2025-06-12 07:23:00,50.2977004785806
2025-06-12 02:26:00,18.3
2025-06-12 13:23:00,32.8
2025-06-12 09:03:00,98.7
2025-06-12 06:20:00,44.8
2025-06-12 09:30:00,46.7
2025-06-12 10:22:00,92.7
2025-06-12 03:57:00,50.2977004785806
2025-06-12 01:04:00,49.82536769031651
2025-06-12 08:03:00,86.6
2025-06-12 21:08:00,9.3
2025-06-12 10:01:00,89.9
2025-06-12 20:53:00,2.3
2025-06-12 18:15:00,51.9
2025-06-12 05:11:00,54.0
2025-06-12 18:18:00,50.1
2025-06-12 12:01:00,59.9
2025-06-12 14:50:00,60.9
2025-06-12 08:19:00,70.1
2025-06-12 09:58:00,49.82536769031651
2025-06-12 01:46:00,58.9
2025-06-12 02:01:00,87.5
2025-06-12 01:59:00,33.7
2025-06-12 01:09:00,98.8
2025-06-12 23:35:00,49.82536769031651
2025-06-12 21:53:00,43.0
2025-06-12 02:39:00,34.7
2025-06-12 13:13:00,77.7
2025-06-12 18:52:00,47.0
2025-06-12 16:39:00,49.82536769031651
2025-06-12 18:51:00,78.7
2025-06-12 12:11:00,40.4
2025-06-12 09:55:00,62.2
2025-06-12 13:19:00,44.2
2025-06-12 07:51:00,86.9
2025-06-12 19:32:00,41.1
2025-06-12 10:59:00,49.82536769031651
2025-06-12 08:21:00,62.2
2025-06-12 05:01:00,92.3
2025-06-12 03:50:00,0.8
2025-06-12 07:53:00,66.3
2025-06-12 11:08:00,87.4
2025-06-12 07:02:00,18.9
2025-06-12 03:25:00,49.82536769031651
2025-06-12 23:22:00,74.3
2025-06-12 19:00:00,13.8
2025-06-12 06:07:00,40.1
2025-06-12 12:40:00,72.8
2025-06-12 18:50:00,47.2
2025-06-12 04:30:00,8.2
2025-06-12 06:03:00,83.3
2025-06-12 02:19:00,49.82536769031651
2025-06-12 10:13:00,12.8
2025-06-12 18:34:00,55.9
2025-06-12 15:01:00,49.82536769031651
2025-06-12 02:05:00,34.6
2025-06-12 18:20:00,52.2
2025-06-12 21:39:00,64.6
2025-06-12 20:39:00,25.3
2025-06-12 21:12:00,44.3
2025-06-12 08:53:00,98.9
2025-06-12 18:43:00,81.4
2025-06-12 15:21:00,44.3
2025-06-12 05:39:00,93.5
2025-06-12 18:20:00,22.6
2025-06-12 14:13:00,7.3
2025-06-12 15:17:00,88.7
2025-06-12 07:18:00,14.8
2025-06-12 10:59:00,84.5
2025-06-12 08:03:00,77.3
2025-06-12 20:27:00,26.1
2025-06-12 12:02:00,5.1
2025-06-12 08:34:00,88.8
2025-06-12 01:37:00,49.82536769031651
2025-06-12 21:42:00,49.82536769031651
2025-06-12 10:09:00,1.8
2025-06-12 23:02:00,77.6
2025-06-12 00:38:00,7.4
2025-06-12 23:04:00,15.8
2025-06-12 08:20:00,70.7
2025-06-12 09:53:00,58.7
2025-06-12 20:27:00,72.9
2025-06-12 12:39:00,89.3
2025-06-12 14:07:00,82.9
2025-06-12 13:08:00,17.0
2025-06-12 09:03:00,62.1
2025-06-12 14:25:00,82.8
2025-06-12 07:30:00,54.8
2025-06-12 05:19:00,47.2
2025-06-12 22:34:00,11.6
2025-06-12 01:12:00,49.82536769031651
2025-06-12 03:17:00,81.2
2025-06-12 23:56:00,40.2
2025-06-12 08:51:00,34.2
2025-06-12 19:22:00,55.0
2025-06-12 00:10:00,3.5
2025-06-12 17:42:00,19.8
2025-06-12 09:48:00,78.8
2025-06-12 05:36:00,37.3
2025-06-12 02:05:00,72.1
2025-06-12 05:46:00,52.1
2025-06-12 22:57:00,96.0
2025-06-12 15:56:00,90.6
2025-06-12 02:13:00,21.1
2025-06-12 01:18:00,83.8
2025-06-12 21:54:00,64.3
2025-06-12 09:15:00,72.5
2025-06-12 05:47:00,86.2
2025-06-12 16:24:00,12.0
2025-06-12 20:16:00,49.82536769031651
2025-06-12 23:16:00,21.4
2025-06-12 14:01:00,38.5
2025-06-12 08:35:00,7.3
2025-06-12 01:10:00,91.6
2025-06-12 12:29:00,2.5
2025-06-12 23:22:00,98.8
2025-06-12 00:44:00,8.4
2025-06-12 04:28:00,68.4
2025-06-12 01:50:00,53.0
2025-06-12 07:22:00,49.82536769031651
2025-06-12 19:31:00,36.8
2025-06-12 18:59:00,49.82536769031651
2025-06-12 16:31:00,49.82536769031651
2025-06-12 16:32:00,30.5
2025-06-12 08:18:00,89.1
2025-06-12 11:19:00,47.8
2025-06-12 23:28:00,76.6
2025-06-12 05:57:00,1.5
2025-06-12 20:08:00,49.82536769031651
2025-06-12 21:55:00,4.0
2025-06-12 00:01:00,35.4
2025-06-12 00:24:00,65.9
2025-06-12 13:49:00,49.82536769031651
2025-06-12 08:44:00,16.5
2025-06-12 20:44:00,49.82536769031651
2025-06-12 10:23:00,77.0
2025-06-12 09:16:00,67.1
2025-06-12 00:18:00,51.9
2025-06-12 15:16:00,22.9
2025-06-12 18:57:00,13.4
2025-06-12 22:55:00,38.1
2025-06-12 09:13:00,97.3
2025-06-12 07:41:00,92.9
2025-06-12 01:35:00,61.6
2025-06-12 16:55:00,49.82536769031651
2025-06-12 16:04:00,42.2
2025-06-12 14:48:00,4.5
2025-06-12 08:40:00,65.0
2025-06-12 23:04:00,59.6
2025-06-12 22:16:00,67.6
2025-06-12 01:49:00,49.82536769031651
2025-06-12 09:46:00,2.8
2025-06-12 06:44:00,96.8
2025-06-12 03:41:00,30.4
2025-06-12 22:41:00,76.6
2025-06-12 13:46:00,92.4
2025-06-12 03:43:00,21.6
2025-06-12 22:26:00,65.4
2025-06-12 18:59:00,66.5
2025-06-12 23:26:00,6.8
2025-06-12 17:16:00,49.82536769031651
2025-06-12 12:42:00,15.6
2025-06-12 19:29:00,68.9
2025-06-12 06:55:00,49.82536769031651
2025-06-12 15:21:00,85.6
2025-06-12 19:25:00,68.4
2025-06-12 02:36:00,0.8
2025-06-12 05:31:00,11.5
2025-06-12 02:34:00,70.7
2025-06-12 11:26:00,60.9
2025-06-12 19:13:00,49.82536769031651
2025-06-12 04:20:00,49.82536769031651
2025-06-12 18:48:00,8.7
2025-06-12 20:07:00,59.1
2025-06-12 06:26:00,44.5
2025-06-12 07:22:00,75.9
2025-06-12 16:23:00,92.8
2025-06-12 17:43:00,49.82536769031651
2025-06-12 17:17:00,31.0
2025-06-12 19:10:00,49.82536769031651
2025-06-12 23:53:00,49.82536769031651
2025-06-12 07:43:00,90.3
2025-06-12 14:57:00,98.9
2025-06-12 07:34:00,75.8
2025-06-12 08:50:00,37.6
2025-06-12 08:05:00,23.6
2025-06-12 20:12:00,75.9
2025-06-12 20:09:00,49.82536769031651
2025-06-12 15:08:00,82.6
2025-06-12 16:12:00,32.9
2025-06-12 15:12:00,37.3
2025-06-12 05:19:00,49.82536769031651
2025-06-12 16:32:00,52.9
2025-06-12 20:10:00,61.5
2025-06-12 19:35:00,27.4
2025-06-12 13:16:00,12.1
2025-06-12 04:00:00,40.7
2025-06-12 18:33:00,6.3
2025-06-12 06:19:00,89.3
2025-06-12 15:56:00,27.4
2025-06-12 15:01:00,98.3
2025-06-12 07:36:00,93.7
2025-06-12 11:48:00,49.82536769031651
2025-06-12 17:31:00,99.9
2025-06-12 22:49:00,49.82536769031651
2025-06-12 11:19:00,49.82536769031651
2025-06-12 05:11:00,11.3
2025-06-12 08:48:00,4.3
2025-06-12 03:57:00,75.0
2025-06-12 00:16:00,21.7
2025-06-12 09:04:00,49.82536769031651
2025-06-12 01:15:00,72.5
2025-06-12 09:55:00,79.5
2025-06-12 08:27:00,96.1
2025-06-12 06:40:00,73.1
2025-06-12 14:19:00,20.4
2025-06-12 05:51:00,82.0
2025-06-12 03:21:00,44.2
2025-06-12 13:46:00,5.0
2025-06-12 20:20:00,48.7
2025-06-12 15:56:00,49.82536769031651
2025-06-12 06:12:00,55.4
2025-06-12 06:51:00,82.6
2025-06-12 18:38:00,18.6
2025-06-12 14:15:00,49.82536769031651
2025-06-12 21:38:00,23.6
2025-06-12 16:18:00,56.3
2025-06-12 13:41:00,95.7
2025-06-12 07:21:00,7.2
2025-06-12 22:09:00,79.5
2025-06-12 08:35:00,44.3
2025-06-12 11:23:00,74.0
2025-06-12 08:33:00,52.3
2025-06-12 08:21:00,74.0
2025-06-12 03:21:00,42.4
2025-06-12 05:47:00,86.6
2025-06-12 19:38:00,54.5
2025-06-12 02:54:00,4.0
2025-06-12 19:21:00,74.5
2025-06-12 02:08:00,46.5
2025-06-12 10:35:00,14.2
2025-06-12 12:00:00,96.4
2025-06-12 03:18:00,29.5
2025-06-12 04:38:00,40.9
2025-06-12 15:51:00,93.3
2025-06-12 10:23:00,18.0
2025-06-12 00:09:00,96.1
2025-06-12 17:32:00,65.6
2025-06-12 18:46:00,74.3
2025-06-12 00:03:00,35.7
2025-06-12 16:33:00,49.0
2025-06-12 21:12:00,49.82536769031651
2025-06-12 05:14:00,77.2
2025-06-12 14:23:00,84.2
2025-06-12 11:49:00,73.3
2025-06-12 11:45:00,3.5
2025-06-12 16:12:00,50.9
2025-06-12 17:05:00,89.3
2025-06-12 16:32:00,8.5
2025-06-12 01:26:00,50.9
2025-06-12 16:28:00,7.7
2025-06-12 13:47:00,45.7
2025-06-12 12:35:00,19.2
2025-06-12 08:41:00,19.6
2025-06-12 22:32:00,49.82536769031651
2025-06-12 22:57:00,54.9
2025-06-12 15:59:00,49.82536769031651
2025-06-12 11:07:00,5.8
2025-06-12 07:55:00,39.3
2025-06-12 17:56:00,37.7
2025-06-12 00:55:00,75.8
2025-06-12 13:16:00,32.2
2025-06-12 18:52:00,49.82536769031651
2025-06-12 10:29:00,71.9
2025-06-12 12:44:00,49.3
2025-06-12 22:06:00,95.4
2025-06-12 12:08:00,27.3
2025-06-12 03:38:00,58.4
2025-06-12 18:08:00,24.0
2025-06-12 11:28:00,18.4
2025-06-12 17:20:00,61.3
2025-06-12 09:28:00,49.82536769031651
2025-06-12 21:53:00,25.1
2025-06-12 11:58:00,76.0
2025-06-12 15:54:00,45.4
2025-06-12 03:19:00,49.82536769031651
2025-06-12 15:21:00,49.82536769031651
2025-06-12 11:22:00,85.0
2025-06-12 09:25:00,32.5
2025-06-12 08:54:00,62.0
2025-06-12 10:23:00,27.7
2025-06-12 03:26:00,59.5
2025-06-12 00:44:00,65.8
2025-06-12 10:25:00,76.4
2025-06-12 08:28:00,93.9
2025-06-12 14:43:00,32.4
2025-06-12 01:19:00,48.7
2025-06-12 19:47:00,34.2
2025-06-12 17:06:00,82.8
2025-06-12 04:02:00,49.82536769031651
2025-06-12 07:56:00,6.3
2025-06-12 11:54:00,32.6
2025-06-12 22:19:00,26.7
2025-06-12 08:36:00,27.2
2025-06-12 12:47:00,38.2
2025-06-12 13:22:00,81.9
2025-06-12 21:17:00,93.8
2025-06-12 16:08:00,92.7
2025-06-12 12:45:00,97.3
2025-06-12 10:45:00,75.8
2025-06-12 06:40:00,49.82536769031651
2025-06-12 10:07:00,75.5
2025-06-12 14:31:00,25.0
2025-06-12 14:32:00,73.7
2025-06-12 07:15:00,90.3
2025-06-12 15:08:00,1.2
2025-06-12 20:41:00,84.1
2025-06-12 13:16:00,69.4
2025-06-12 05:55:00,36.1
2025-06-12 05:58:00,6.3
2025-06-12 10:14:00,98.1
2025-06-12 09:04:00,63.7
2025-06-12 17:21:00,34.3
2025-06-12 05:11:00,95.6
2025-06-12 12:24:00,8.0
2025-06-12 06:15:00,86.5
2025-06-12 17:23:00,67.8
2025-06-12 23:31:00,20.8
2025-06-12 02:30:00,25.9
2025-06-12 04:35:00,71.6
2025-06-12 04:51:00,59.9
2025-06-12 18:21:00,67.1
2025-06-12 11:01:00,77.0
2025-06-12 14:12:00,59.5
2025-06-12 23:34:00,49.82536769031651
2025-06-12 00:13:00,49.82536769031651
2025-06-12 23:38:00,94.0
2025-06-12 10:42:00,43.1
2025-06-12 23:50:00,50.7
2025-06-12 04:21:00,17.5
2025-06-12 15:21:00,16.5
2025-06-12 18:41:00,98.2
2025-06-12 16:45:00,45.5
2025-06-12 03:10:00,49.82536769031651
2025-06-12 21:08:00,49.82536769031651
2025-06-12 12:05:00,17.2
2025-06-12 00:46:00,35.4
2025-06-12 09:24:00,7.7
2025-06-12 23:29:00,50.10362276498773
2025-06-12 18:34:00,72.7
2025-06-12 06:39:00,60.8
2025-06-12 05:37:00,88.7
2025-06-12 13:07:00,69.3
2025-06-12 21:45:00,70.4
2025-06-12 13:32:00,81.6
2025-06-12 02:58:00,89.3
2025-06-12 01:44:00,96.6
2025-06-12 20:50:00,50.10362276498773
2025-06-12 02:30:00,7.1
2025-06-12 13:05:00,22.4
2025-06-12 14:45:00,72.6
2025-06-12 21:46:00,14.7
2025-06-12 22:33:00,81.2
2025-06-12 11:31:00,50.6
2025-06-12 00:15:00,55.6
2025-06-12 11:48:00,92.2
2025-06-12 17:35:00,50.10362276498773
2025-06-12 09:33:00,50.10362276498773
2025-06-12 07:12:00,43.1
2025-06-12 07:58:00,87.0
2025-06-12 14:51:00,82.8
2025-06-12 05:52:00,58.9
2025-06-12 06:32:00,77.1
2025-06-12 00:59:00,72.5
2025-06-12 18:17:00,4.9
2025-06-12 21:20:00,99.4
2025-06-12 19:43:00,15.8
2025-06-12 03:20:00,81.0
2025-06-12 20:35:00,23.1
2025-06-12 17:17:00,31.7
2025-06-12 09:29:00,13.8
2025-06-12 17:16:00,10.4
2025-06-12 21:47:00,50.10362276498773
2025-06-12 08:45:00,50.10362276498773
2025-06-12 10:04:00,15.0
2025-06-12 16:18:00,85.8
2025-06-12 09:45:00,92.4
2025-06-12 04:07:00,46.1
2025-06-12 07:29:00,54.2
2025-06-12 12:45:00,51.7
2025-06-12 08:10:00,50.10362276498773
2025-06-12 17:02:00,78.3
2025-06-12 12:46:00,84.4
2025-06-12 18:56:00,58.6
2025-06-12 22:31:00,27.1
2025-06-12 10:48:00,6.5
2025-06-12 05:35:00,26.1
2025-06-12 14:02:00,94.6
2025-06-12 12:35:00,50.10362276498773
2025-06-12 01:24:00,29.1
2025-06-12 04:52:00,50.10362276498773
2025-06-12 19:16:00,48.9
2025-06-12 04:48:00,9.0
2025-06-12 08:45:00,49.0
2025-06-12 15:56:00,93.7
2025-06-12 04:35:00,50.10362276498773
2025-06-12 11:55:00,0.7
2025-06-12 20:06:00,44.2
2025-06-12 04:01:00,50.10362276498773
2025-06-12 05:58:00,77.2
2025-06-12 04:01:00,24.4
2025-06-12 22:05:00,4.3
2025-06-12 11:04:00,50.10362276498773
2025-06-12 08:17:00,4.4
2025-06-12 14:37:00,50.10362276498773
2025-06-12 11:02:00,69.9
2025-06-12 08:09:00,23.9
2025-06-12 06:48:00,50.10362276498773
2025-06-12 23:29:00,43.1
2025-06-12 05:13:00,68.0
2025-06-12 07:01:00,42.7
2025-06-12 08:23:00,50.10362276498773
2025-06-12 13:42:00,43.7
2025-06-12 23:23:00,6.4
2025-06-12 19:03:00,50.10362276498773
2025-06-12 18:30:00,51.9
2025-06-12 06:02:00,24.1
2025-06-12 02:42:00,43.7
2025-06-12 06:45:00,39.1
2025-06-12 18:10:00,9.7
2025-06-12 01:13:00,81.7
2025-06-12 02:15:00,51.8
2025-06-12 06:32:00,94.7
2025-06-12 14:46:00,94.2
2025-06-12 09:58:00,33.6
2025-06-12 09:00:00,51.4
2025-06-12 20:18:00,4.3
2025-06-12 17:34:00,21.0
2025-06-12 14:12:00,57.5
2025-06-12 14:11:00,29.9
2025-06-12 07:40:00,51.1
2025-06-12 05:45:00,46.6
2025-06-12 12:06:00,37.1
2025-06-12 00:29:00,65.1
2025-06-12 09:27:00,85.9
2025-06-12 22:09:00,97.2
2025-06-12 14:07:00,50.10362276498773
2025-06-12 23:04:00,1.6
2025-06-12 08:43:00,77.9
2025-06-12 04:26:00,25.2
2025-06-12 19:08:00,50.10362276498773
2025-06-12 11:25:00,9.2
2025-06-12 12:22:00,36.8
2025-06-12 19:02:00,10.2
2025-06-12 10:22:00,5.4
2025-06-12 14:44:00,3.7
2025-06-12 00:33:00,70.2
2025-06-12 15:06:00,30.9
2025-06-12 06:15:00,32.8
2025-06-12 08:27:00,74.4
2025-06-12 07:24:00,85.0
2025-06-12 14:13:00,50.10362276498773
2025-06-12 21:58:00,66.2
2025-06-12 03:28:00,70.8
2025-06-12 21:35:00,71.4
2025-06-12 12:16:00,2.3
2025-06-12 18:52:00,10.8
2025-06-12 20:19:00,89.3
2025-06-12 14:58:00,88.5
2025-06-12 06:29:00,35.4
2025-06-12 09:24:00,33.3
2025-06-12 01:53:00,95.9
2025-06-12 21:41:00,32.5
2025-06-12 02:41:00,50.10362276498773
2025-06-12 02:54:00,26.2
2025-06-12 23:34:00,52.6
2025-06-12 16:16:00,88.6
2025-06-12 05:34:00,2.4
2025-06-12 21:57:00,81.2
2025-06-12 03:42:00,50.10362276498773
2025-06-12 11:44:00,42.0
2025-06-12 13:07:00,73.3
2025-06-12 21:26:00,17.0
2025-06-12 07:14:00,50.10362276498773
2025-06-12 16:35:00,50.10362276498773
2025-06-12 15:35:00,57.9
2025-06-12 22:01:00,13.9
2025-06-12 09:59:00,4.5
2025-06-12 11:01:00,75.7
2025-06-12 02:59:00,88.9
2025-06-12 09:22:00,50.10362276498773
2025-06-12 07:23:00,50.10362276498773
2025-06-12 15:45:00,96.7
2025-06-12 10:20:00,83.3
2025-06-12 05:50:00,7.5
2025-06-12 16:11:00,98.8
2025-06-12 01:52:00,72.8
2025-06-12 07:56:00,38.9
2025-06-12 15:24:00,49.1
2025-06-12 07:54:00,50.10362276498773
2025-06-12 21:30:00,50.10362276498773
2025-06-12 07:37:00,36.7
2025-06-12 10:53:00,45.9
2025-06-12 15:23:00,16.7
2025-06-12 14:34:00,56.6
2025-06-12 09:31:00,38.1
2025-06-12 04:02:00,50.3
2025-06-12 00:31:00,50.10362276498773
2025-06-12 22:39:00,17.2
2025-06-12 00:52:00,57.3
2025-06-12 11:57:00,6.8
2025-06-12 19:20:00,74.3
2025-06-12 07:37:00,96.1
2025-06-12 10:52:00,50.10362276498773
2025-06-12 18:16:00,50.10362276498773
2025-06-12 19:07:00,50.10362276498773
2025-06-12 23:53:00,34.9
2025-06-12 03:38:00,31.2
2025-06-12 17:40:00,81.7
2025-06-12 17:54:00,43.4
2025-06-12 22:30:00,5.3
2025-06-12 19:28:00,62.3
2025-06-12 14:02:00,50.10362276498773
2025-06-12 08:05:00,96.1
2025-06-12 11:29:00,16.4
2025-06-12 10:44:00,78.0
2025-06-12 04:13:00,50.10362276498773
2025-06-12 21:45:00,53.1
2025-06-12 19:52:00,16.5
2025-06-12 17:46:00,49.0
2025-06-12 19:21:00,9.9
2025-06-12 20:15:00,49.7
2025-06-12 19:05:00,43.9
2025-06-12 19:15:00,51.9
2025-06-12 06:51:00,50.10362276498773
2025-06-12 04:38:00,50.10362276498773
2025-06-12 02:26:00,2.9
2025-06-12 01:35:00,44.6
2025-06-12 03:09:00,3.1
2025-06-12 21:47:00,89.2
2025-06-12 17:25:00,49.2
2025-06-12 22:10:00,15.9
2025-06-12 17:36:00,81.8
2025-06-12 07:06:00,83.3
2025-06-12 00:27:00,32.3
2025-06-12 14:30:00,63.1
2025-06-12 08:26:00,63.0
2025-06-12 09:17:00,50.10362276498773
2025-06-12 02:26:00,16.6
2025-06-12 18:30:00,50.10362276498773
2025-06-12 05:51:00,50.10362276498773
2025-06-12 20:21:00,50.10362276498773
2025-06-12 08:58:00,19.8
2025-06-12 20:58:00,50.10362276498773
2025-06-12 06:04:00,50.10362276498773
2025-06-12 18:51:00,50.10362276498773
2025-06-12 10:56:00,50.10362276498773
2025-06-12 11:07:00,50.10362276498773
2025-06-12 22:52:00,50.10362276498773
2025-06-12 12:59:00,62.4
2025-06-12 16:14:00,48.6
2025-06-12 21:47:00,2.8
2025-06-12 20:39:00,11.8
2025-06-12 03:18:00,75.3
2025-06-12 22:35:00,50.10362276498773
2025-06-12 14:07:00,71.7
2025-06-12 17:37:00,53.0
2025-06-12 20:44:00,59.7
2025-06-12 02:26:00,86.1
2025-06-12 03:17:00,6.9
2025-06-12 08:00:00,20.0
2025-06-12 21:03:00,38.8
2025-06-12 05:50:00,5.5
2025-06-12 00:48:00,87.4
2025-06-12 04:35:00,10.9
2025-06-12 07:42:00,78.8
2025-06-12 12:27:00,84.5
2025-06-12 15:14:00,50.10362276498773
2025-06-12 06:49:00,43.3
2025-06-12 13:10:00,50.10362276498773
2025-06-12 14:39:00,45.7
2025-06-12 05:26:00,29.9
2025-06-12 02:52:00,78.2
2025-06-12 21:29:00,88.3
2025-06-12 07:33:00,50.10362276498773
2025-06-12 04:03:00,50.10362276498773
2025-06-12 19:18:00,6.1
2025-06-12 02:02:00,58.4
2025-06-12 19:21:00,49.5
2025-06-12 03:57:00,43.4
2025-06-12 10:35:00,47.9
2025-06-12 18:26:00,25.0
2025-06-12 01:18:00,54.9
2025-06-12 19:58:00,98.2
2025-06-12 07:52:00,37.4
2025-06-12 08:56:00,26.6
2025-06-12 11:06:00,37.0
2025-06-12 21:45:00,50.10362276498773
2025-06-12 07:31:00,50.0
2025-06-12 07:05:00,6.7
2025-06-12 20:07:00,45.7
2025-06-12 20:27:00,75.5
2025-06-12 08:02:00,31.2
2025-06-12 00:06:00,54.2
2025-06-12 15:34:00,50.10362276498773
2025-06-12 05:02:00,0.2
2025-06-12 20:19:00,19.6
2025-06-12 12:43:00,69.6
2025-06-12 00:17:00,53.9
2025-06-12 07:56:00,62.3
2025-06-12 23:54:00,37.5
2025-06-12 16:47:00,38.4
2025-06-12 16:43:00,5.8
2025-06-12 19:37:00,97.6
2025-06-12 22:47:00,17.8
2025-06-12 15:37:00,79.4
2025-06-12 06:07:00,98.4
2025-06-12 12:19:00,21.8
2025-06-12 16:51:00,43.8
2025-06-12 01:40:00,50.10362276498773
2025-06-12 01:33:00,83.7
2025-06-12 02:44:00,50.10362276498773
2025-06-12 14:07:00,63.1
2025-06-12 03:44:00,13.6
2025-06-12 13:43:00,71.0
2025-06-12 10:41:00,40.3
2025-06-12 06:08:00,22.3
2025-06-12 02:32:00,71.0
2025-06-12 00:20:00,76.6
2025-06-12 19:54:00,50.10362276498773
2025-06-12 18:40:00,50.10362276498773
2025-06-12 04:40:00,56.4
2025-06-12 20:42:00,59.9
2025-06-12 05:07:00,37.6
2025-06-12 10:52:00,63.4
2025-06-12 12:57:00,50.10362276498773
2025-06-12 04:51:00,50.10362276498773
2025-06-12 17:58:00,3.7
2025-06-12 07:45:00,44.0
2025-06-12 02:23:00,58.1
2025-06-12 20:33:00,92.4
2025-06-12 00:00:00,61.6
2025-06-12 08:28:00,73.2
2025-06-12 00:06:00,84.6
2025-06-12 00:35:00,44.3
2025-06-12 13:15:00,10.9
2025-06-12 08:42:00,63.0
2025-06-12 06:30:00,24.1
2025-06-12 18:56:00,71.5
2025-06-12 19:18:00,34.6
2025-06-12 16:20:00,83.4
2025-06-12 12:08:00,32.7
2025-06-12 08:11:00,35.3
2025-06-12 07:00:00,72.6
2025-06-12 01:54:00,23.2
2025-06-12 09:28:00,50.10362276498773
2025-06-12 21:30:00,37.1
2025-06-12 08:43:00,40.0
2025-06-12 15:11:00,42.3
2025-06-12 08:18:00,72.3
2025-06-12 14:25:00,27.3
2025-06-12 23:57:00,44.0
2025-06-12 20:40:00,97.4
2025-06-12 22:51:00,50.10362276498773
2025-06-12 13:31:00,6.6
2025-06-12 20:22:00,69.3
2025-06-12 04:02:00,12.0
2025-06-12 18:08:00,84.7
2025-06-12 10:15:00,51.1
2025-06-12 17:35:00,46.9
2025-06-12 19:34:00,86.0
2025-06-12 16:26:00,51.4
2025-06-12 19:18:00,37.2
2025-06-12 15:02:00,27.2
2025-06-12 21:49:00,63.0
2025-06-12 17:53:00,73.1
2025-06-12 11:32:00,35.1
2025-06-12 18:24:00,99.2
2025-06-12 11:18:00,62.2
2025-06-12 23:22:00,20.1
2025-06-12 09:59:00,85.5
2025-06-12 13:11:00,56.7
2025-06-12 19:06:00,34.8
2025-06-12 05:47:00,79.3
2025-06-12 12:03:00,50.10362276498773
2025-06-12 07:57:00,77.8
2025-06-12 15:21:00,60.9
2025-06-12 15:44:00,98.8
2025-06-12 12:18:00,97.0
2025-06-12 19:51:00,13.3
2025-06-12 17:10:00,13.0
2025-06-12 20:13:00,50.10362276498773
2025-06-12 20:58:00,81.3
2025-06-12 01:40:00,43.4
2025-06-12 05:45:00,52.8
2025-06-12 18:29:00,5.9
2025-06-12 05:04:00,43.8
2025-06-12 21:53:00,82.1
2025-06-12 18:14:00,34.6
2025-06-12 13:08:00,78.8
2025-06-12 13:30:00,2.1
2025-06-12 04:11:00,56.6
2025-06-12 06:38:00,93.4
2025-06-12 23:20:00,83.0
2025-06-12 06:22:00,53.3
2025-06-12 03:33:00,40.5
2025-06-12 02:31:00,50.12327810650887
2025-06-12 22:41:00,63.5
2025-06-12 09:16:00,74.3
2025-06-12 02:38:00,4.2
2025-06-12 08:38:00,17.2
2025-06-12 07:23:00,88.7
2025-06-12 10:31:00,75.1
2025-06-12 10:12:00,50.12327810650887
2025-06-12 12:55:00,83.4
2025-06-12 21:52:00,22.0
2025-06-12 03:22:00,50.12327810650887
2025-06-12 17:11:00,50.12327810650887
2025-06-12 19:56:00,50.3
2025-06-12 17:52:00,16.1
2025-06-12 23:05:00,40.7
2025-06-12 18:55:00,15.5
2025-06-12 00:30:00,2.1
2025-06-12 05:47:00,8.5
2025-06-12 08:37:00,13.1
2025-06-12 23:05:00,3.7
2025-06-12 16:31:00,72.8
2025-06-12 21:59:00,49.3
2025-06-12 13:27:00,50.12327810650887
2025-06-12 03:30:00,14.2
2025-06-12 17:02:00,88.0
2025-06-12 17:47:00,50.12327810650887
2025-06-12 05:17:00,34.3
2025-06-12 05:28:00,69.6
2025-06-12 03:47:00,9.1
2025-06-12 02:18:00,32.8
2025-06-12 14:43:00,50.12327810650887
2025-06-12 23:00:00,17.0
2025-06-12 09:10:00,92.7
2025-06-12 03:32:00,12.8
2025-06-12 07:55:00,52.9
2025-06-12 12:20:00,1.7
2025-06-12 20:37:00,39.1
2025-06-12 05:24:00,27.9
2025-06-12 03:53:00,50.12327810650887
2025-06-12 20:08:00,10.6
2025-06-12 12:31:00,71.9
2025-06-12 18:57:00,9.3
2025-06-12 21:50:00,34.5
2025-06-12 08:14:00,14.6
2025-06-12 08:05:00,67.4
2025-06-12 04:52:00,50.12327810650887
2025-06-12 04:41:00,45.5
2025-06-12 17:08:00,21.4
2025-06-12 11:31:00,90.3
2025-06-12 02:24:00,50.12327810650887
2025-06-12 01:38:00,69.7
2025-06-12 01:12:00,71.4
2025-06-12 18:18:00,5.3
2025-06-12 16:32:00,66.4
2025-06-12 12:39:00,64.2
2025-06-12 23:52:00,37.7
2025-06-12 13:32:00,2.9
2025-06-12 08:57:00,9.2
2025-06-12 23:25:00,56.7
2025-06-12 11:47:00,50.12327810650887
2025-06-12 04:39:00,67.4
2025-06-12 02:43:00,35.2
2025-06-12 17:29:00,36.9
2025-06-12 21:14:00,91.1
2025-06-12 17:32:00,55.3
2025-06-12 23:46:00,16.7
2025-06-12 21:58:00,2.3
2025-06-12 15:18:00,41.1
2025-06-12 08:00:00,48.2
2025-06-12 22:42:00,8.3
2025-06-12 05:22:00,97.5
2025-06-12 14:08:00,50.8
2025-06-12 01:41:00,51.7
2025-06-12 01:48:00,3.5
2025-06-12 06:41:00,50.12327810650887
2025-06-12 15:47:00,77.0
2025-06-12 16:57:00,98.4
2025-06-12 13:25:00,86.3
2025-06-12 10:55:00,84.2
2025-06-12 14:53:00,61.8
2025-06-12 16:26:00,76.6
2025-06-12 06:08:00,38.0
2025-06-12 17:21:00,91.4
2025-06-12 19:24:00,82.5
2025-06-12 02:46:00,24.1
2025-06-12 03:22:00,13.1
2025-06-12 06:13:00,83.9
2025-06-12 18:14:00,1.6
2025-06-12 04:43:00,35.8
2025-06-12 00:13:00,0.1
2025-06-12 11:36:00,93.5
2025-06-12 11:10:00,52.8
2025-06-12 15:30:00,92.0
2025-06-12 18:21:00,55.2
2025-06-12 05:13:00,54.7
2025-06-12 09:52:00,7.2
2025-06-12 18:34:00,99.1
2025-06-12 10:22:00,89.0
2025-06-12 15:36:00,1.4
2025-06-12 11:55:00,52.8
2025-06-12 11:50:00,64.0
2025-06-12 08:07:00,89.1
2025-06-12 03:35:00,70.7
2025-06-12 04:37:00,90.6
2025-06-12 14:13:00,89.7
2025-06-12 16:14:00,65.4
2025-06-12 03:59:00,50.12327810650887
2025-06-12 09:47:00,10.7
2025-06-12 19:15:00,34.9
2025-06-12 14:25:00,3.0
2025-06-12 02:11:00,49.2
2025-06-12 14:26:00,81.6
2025-06-12 02:37:00,58.5
2025-06-12 10:53:00,16.8
2025-06-12 06:10:00,50.12327810650887
2025-06-12 02:28:00,32.4
2025-06-12 02:29:00,30.1
2025-06-12 08:56:00,0.4
2025-06-12 14:45:00,88.5
2025-06-12 20:03:00,39.6
2025-06-12 10:42:00,93.4
2025-06-12 21:30:00,98.5
2025-06-12 13:45:00,53.9
2025-06-12 21:33:00,69.1
2025-06-12 01:07:00,66.8
2025-06-12 09:34:00,95.9
2025-06-12 22:08:00,7.5
2025-06-12 07:29:00,71.8
2025-06-12 03:41:00,90.0
2025-06-12 11:44:00,11.8
2025-06-12 01:31:00,50.12327810650887
2025-06-12 15:58:00,85.5
2025-06-12 14:38:00,59.9
2025-06-12 16:13:00,24.6
2025-06-12 10:18:00,50.12327810650887
2025-06-12 00:25:00,68.6
2025-06-12 15:52:00,68.0
2025-06-12 04:00:00,38.4
2025-06-12 05:28:00,38.8
2025-06-12 04:16:00,69.8
2025-06-12 10:46:00,81.6
2025-06-12 15:09:00,50.12327810650887
2025-06-12 03:30:00,16.8
2025-06-12 14:15:00,13.1
2025-06-12 08:52:00,34.6
2025-06-12 07:46:00,50.12327810650887
2025-06-12 05:38:00,72.8
2025-06-12 00:37:00,76.0
2025-06-12 17:39:00,85.7
2025-06-12 14:24:00,50.12327810650887
2025-06-12 08:14:00,14.8
2025-06-12 10:23:00,95.0
2025-06-12 01:28:00,0.3
2025-06-12 05:22:00,77.2
2025-06-12 00:12:00,88.3
2025-06-12 09:31:00,3.6
2025-06-12 06:30:00,16.9
2025-06-12 23:58:00,4.5
2025-06-12 12:39:00,50.12327810650887
2025-06-12 05:33:00,25.9
2025-06-12 15:25:00,77.5
2025-06-12 00:51:00,1.5
2025-06-12 12:56:00,76.2
2025-06-12 17:48:00,70.0
2025-06-12 12:48:00,50.12327810650887
2025-06-12 21:42:00,75.2
2025-06-12 16:04:00,9.8
2025-06-12 14:20:00,35.0
2025-06-12 13:06:00,21.8
2025-06-12 22:49:00,71.8
2025-06-12 10:23:00,32.5
2025-06-12 03:28:00,50.3
2025-06-12 05:42:00,50.12327810650887
2025-06-12 23:53:00,48.4
2025-06-12 10:18:00,50.12327810650887
2025-06-12 01:20:00,84.7
2025-06-12 10:16:00,67.4
2025-06-12 04:38:00,71.8
2025-06-12 17:14:00,42.8
2025-06-12 03:46:00,49.3
2025-06-12 13:38:00,36.0
2025-06-12 02:02:00,31.8
2025-06-12 21:15:00,90.3
2025-06-12 14:01:00,98.3
2025-06-12 05:50:00,96.7
2025-06-12 10:49:00,60.1
2025-06-12 22:12:00,30.8
2025-06-12 09:08:00,22.8
2025-06-12 10:01:00,48.0
2025-06-12 23:49:00,29.7
2025-06-12 11:18:00,92.8
2025-06-12 04:23:00,20.4
2025-06-12 22:45:00,50.12327810650887
2025-06-12 00:31:00,28.8
2025-06-12 21:44:00,30.6
2025-06-12 21:57:00,0.5
2025-06-12 00:35:00,43.2
2025-06-12 12:13:00,74.4
2025-06-12 21:37:00,88.7
2025-06-12 22:26:00,3.7
2025-06-12 22:22:00,48.1
2025-06-12 06:04:00,53.1
2025-06-12 21:51:00,43.5
2025-06-12 03:18:00,9.2
2025-06-12 20:24:00,50.12327810650887
2025-06-12 15:34:00,57.7
2025-06-12 20:00:00,69.9
2025-06-12 11:45:00,98.1
2025-06-12 10:30:00,73.2
2025-06-12 03:09:00,88.9
2025-06-12 01:17:00,50.12327810650887
2025-06-12 18:46:00,37.2
2025-06-12 01:08:00,33.1
2025-06-12 01:56:00,2.8
2025-06-12 01:07:00,52.1
2025-06-12 19:17:00,28.3
2025-06-12 10:20:00,95.1
2025-06-12 05:20:00,30.2
2025-06-12 14:17:00,50.12327810650887
2025-06-12 18:14:00,96.1
2025-06-12 14:52:00,50.12327810650887
2025-06-12 07:22:00,89.9
2025-06-12 22:39:00,39.7
2025-06-12 02:49:00,98.4
2025-06-12 10:25:00,8.1
2025-06-12 11:17:00,5.3
2025-06-12 10:54:00,63.8
2025-06-12 22:17:00,91.1
2025-06-12 07:01:00,80.8
2025-06-12 15:27:00,8.4
2025-06-12 22:43:00,11.0
2025-06-12 00:36:00,67.5
2025-06-12 14:42:00,68.6
2025-06-12 04:29:00,32.2
2025-06-12 23:03:00,91.8
2025-06-12 01:50:00,95.2
2025-06-12 09:50:00,54.0
2025-06-12 06:56:00,66.5
2025-06-12 02:54:00,50.12327810650887
2025-06-12 16:30:00,36.8
2025-06-12 05:42:00,90.3
2025-06-12 01:52:00,77.6
2025-06-12 17:55:00,70.9
2025-06-12 12:16:00,93.5
2025-06-12 22:01:00,77.7
2025-06-12 09:35:00,35.1
2025-06-12 19:12:00,57.1
2025-06-12 10:56:00,11.4
2025-06-12 02:44:00,41.8
2025-06-12 23:34:00,59.9
2025-06-12 23:14:00,34.5
2025-06-12 10:03:00,53.4
2025-06-12 04:29:00,19.7
2025-06-12 03:51:00,50.12327810650887
2025-06-12 13:35:00,16.3
2025-06-12 21:05:00,68.2
2025-06-12 20:30:00,29.3
2025-06-12 18:19:00,94.7
2025-06-12 23:08:00,80.9
2025-06-12 09:00:00,68.0
2025-06-12 01:50:00,50.12327810650887
2025-06-12 17:54:00,72.2
2025-06-12 02:54:00,15.7
2025-06-12 13:33:00,10.1
2025-06-12 09:23:00,39.1
2025-06-12 03:03:00,6.6
2025-06-12 17:21:00,52.9
2025-06-12 09:59:00,10.9
2025-06-12 14:17:00,85.9
2025-06-12 11:56:00,86.8
2025-06-12 10:51:00,4.0
2025-06-12 07:30:00,45.5
2025-06-12 16:41:00,50.12327810650887
2025-06-12 03:30:00,43.1
2025-06-12 12:13:00,50.12327810650887
2025-06-12 23:35:00,50.12327810650887
2025-06-12 12:36:00,46.1
2025-06-12 09:46:00,95.1
2025-06-12 00:01:00,63.7
2025-06-12 14:24:00,48.1
2025-06-12 07:18:00,54.9
2025-06-12 15:28:00,0.3
2025-06-12 21:55:00,91.9
2025-06-12 17:06:00,50.12327810650887
2025-06-12 02:37:00,71.7
2025-06-12 10:54:00,7.9
2025-06-12 20:34:00,50.12327810650887
2025-06-12 09:53:00,29.9
2025-06-12 10:00:00,90.4
2025-06-12 01:20:00,44.3
2025-06-12 07:00:00,77.9
2025-06-12 22:51:00,66.0
2025-06-12 22:16:00,75.6
2025-06-12 23:33:00,20.5
2025-06-12 21:16:00,10.2
2025-06-12 15:39:00,50.12327810650887
2025-06-12 22:25:00,0.3
2025-06-12 20:17:00,66.1
2025-06-12 09:12:00,18.0
2025-06-12 15:40:00,77.4
2025-06-12 19:34:00,77.9
2025-06-12 14:48:00,49.63956792297757
2025-06-12 02:38:00,14.1
2025-06-12 14:09:00,66.0
2025-06-12 18:30:00,71.3
2025-06-12 23:29:00,32.2
2025-06-12 00:30:00,34.7
2025-06-12 05:00:00,12.8
2025-06-12 22:37:00,97.1
2025-06-12 02:54:00,20.1
2025-06-12 14:39:00,45.8
2025-06-12 22:48:00,73.1
2025-06-12 14:55:00,89.2
2025-06-12 08:28:00,81.3
2025-06-12 23:11:00,90.3
2025-06-12 07:51:00,10.3
2025-06-12 23:50:00,61.3
2025-06-12 18:19:00,22.0
2025-06-12 22:33:00,41.9
2025-06-12 02:45:00,31.2
2025-06-12 17:50:00,24.2
2025-06-12 10:55:00,9.0
2025-06-12 20:55:00,49.63956792297757
2025-06-12 08:13:00,98.4
2025-06-12 04:33:00,97.1
2025-06-12 05:29:00,2.7
2025-06-12 14:42:00,17.3
2025-06-12 18:43:00,10.2
2025-06-12 13:52:00,66.7
2025-06-12 04:35:00,12.4
2025-06-12 21:28:00,49.0
2025-06-12 03:08:00,95.1
2025-06-12 20:35:00,16.4
2025-06-12 07:42:00,19.5
2025-06-12 21:52:00,29.6
2025-06-12 15:26:00,89.1
2025-06-12 03:33:00,83.5
2025-06-12 20:56:00,13.0
2025-06-12 23:45:00,43.3
2025-06-12 05:41:00,50.5
2025-06-12 16:48:00,8.7
2025-06-12 07:16:00,5.6
2025-06-12 14:39:00,96.2
2025-06-12 14:48:00,31.4
2025-06-12 16:55:00,45.8
2025-06-12 17:52:00,46.8
2025-06-12 10:57:00,49.63956792297757
2025-06-12 10:38:00,76.6
2025-06-12 13:52:00,94.4
2025-06-12 17:34:00,63.9
2025-06-12 05:05:00,41.3
2025-06-12 01:42:00,73.8
2025-06-12 00:27:00,84.8
2025-06-12 08:16:00,58.9
2025-06-12 09:11:00,2.1
2025-06-12 02:39:00,19.8
2025-06-12 13:27:00,49.63956792297757
2025-06-12 02:56:00,37.0
2025-06-12 16:14:00,0.7
2025-06-12 00:45:00,20.9
2025-06-12 17:19:00,88.9
2025-06-12 15:19:00,52.3
2025-06-12 05:39:00,55.9
2025-06-12 08:33:00,3.0
2025-06-12 09:00:00,3.1
2025-06-12 19:38:00,16.8
2025-06-12 05:30:00,83.9
2025-06-12 03:43:00,80.3
2025-06-12 07:41:00,47.5
2025-06-12 15:13:00,42.4
2025-06-12 07:25:00,97.6
2025-06-12 00:25:00,12.8
2025-06-12 03:47:00,62.8
2025-06-12 14:51:00,4.5
2025-06-12 13:53:00,27.1
2025-06-12 07:16:00,89.5
2025-06-12 14:27:00,49.9
2025-06-12 04:58:00,40.2
2025-06-12 20:31:00,47.1
2025-06-12 22:55:00,77.6
2025-06-12 00:21:00,46.6
2025-06-12 13:29:00,80.4
2025-06-12 05:46:00,49.63956792297757
2025-06-12 00:26:00,49.63956792297757
2025-06-12 11:02:00,9.6
2025-06-12 01:42:00,49.63956792297757
2025-06-12 07:15:00,77.0
2025-06-12 21:00:00,70.2
2025-06-12 08:56:00,13.0
2025-06-12 22:24:00,14.3
2025-06-12 13:43:00,82.0
2025-06-12 17:20:00,38.0
2025-06-12 06:12:00,54.0
2025-06-12 23:09:00,34.0
2025-06-12 17:09:00,50.1
2025-06-12 22:42:00,49.63956792297757
2025-06-12 10:31:00,76.7
2025-06-12 13:37:00,24.9
2025-06-12 21:24:00,40.6
2025-06-12 20:55:00,22.3
2025-06-12 02:13:00,44.3
2025-06-12 18:20:00,3.8
2025-06-12 23:15:00,27.6
2025-06-12 01:46:00,22.8
2025-06-12 13:01:00,49.63956792297757
2025-06-12 12:10:00,72.4
2025-06-12 12:43:00,97.4
2025-06-12 14:23:00,24.5
2025-06-12 03:22:00,93.3
2025-06-12 14:56:00,58.0
2025-06-12 16:15:00,98.0
2025-06-12 13:45:00,38.7
2025-06-12 10:54:00,28.1
2025-06-12 01:52:00,98.0
2025-06-12 16:55:00,0.8
2025-06-12 14:11:00,99.7
2025-06-12 03:21:00,37.0
2025-06-12 15:21:00,75.2
2025-06-12 13:01:00,71.6
2025-06-12 09:29:00,38.8
2025-06-12 06:29:00,94.6
2025-06-12 00:04:00,23.1
2025-06-12 21:31:00,18.9
2025-06-12 19:52:00,9.6
2025-06-12 15:08:00,56.0
2025-06-12 02:43:00,8.3
2025-06-12 11:35:00,22.0
2025-06-12 22:05:00,26.0
2025-06-12 13:09:00,49.63956792297757
2025-06-12 04:06:00,62.5
2025-06-12 11:31:00,49.63956792297757
2025-06-12 02:56:00,22.8
2025-06-12 09:02:00,95.4
2025-06-12 15:13:00,71.7
2025-06-12 16:53:00,49.63956792297757
2025-06-12 05:00:00,36.5
2025-06-12 00:43:00,49.63956792297757
2025-06-12 14:42:00,65.4
2025-06-12 14:56:00,8.9
2025-06-12 01:50:00,49.63956792297757
2025-06-12 05:54:00,22.2
2025-06-12 13:45:00,14.3
2025-06-12 16:42:00,80.2
2025-06-12 16:33:00,22.3
2025-06-12 17:23:00,19.5
2025-06-12 10:44:00,62.0
2025-06-12 01:26:00,2.0
2025-06-12 02:27:00,69.1
2025-06-12 12:02:00,49.63956792297757
2025-06-12 18:59:00,43.5
2025-06-12 21:27:00,32.8
2025-06-12 13:38:00,19.9
2025-06-12 18:51:00,53.2
2025-06-12 05:51:00,19.3
2025-06-12 01:08:00,25.3
2025-06-12 21:02:00,97.9
2025-06-12 02:24:00,45.0
2025-06-12 08:28:00,49.63956792297757
2025-06-12 11:26:00,0.5
2025-06-12 18:08:00,69.0
2025-06-12 22:48:00,89.2
2025-06-12 13:52:00,74.1
2025-06-12 17:15:00,49.63956792297757
2025-06-12 06:58:00,5.4
2025-06-12 10:22:00,68.0
2025-06-12 14:44:00,79.3
2025-06-12 20:36:00,43.4
2025-06-12 22:36:00,49.63956792297757
2025-06-12 12:38:00,21.2
2025-06-12 16:27:00,12.8
2025-06-12 07:36:00,55.5
2025-06-12 23:59:00,49.63956792297757
2025-06-12 11:39:00,28.2
2025-06-12 11:13:00,66.7
2025-06-12 15:40:00,90.6
2025-06-12 06:16:00,81.5
2025-06-12 14:58:00,19.5
2025-06-12 20:51:00,71.3
2025-06-12 08:34:00,29.5
2025-06-12 05:50:00,21.0
2025-06-12 10:59:00,54.6
2025-06-12 18:05:00,13.7
2025-06-12 07:36:00,45.5
2025-06-12 13:00:00,83.5
2025-06-12 20:17:00,6.1
2025-06-12 19:45:00,61.4
2025-06-12 07:56:00,41.7
2025-06-12 04:45:00,19.3
2025-06-12 16:12:00,92.4
2025-06-12 23:01:00,49.63956792297757
2025-06-12 12:09:00,60.3
2025-06-12 10:24:00,96.8
2025-06-12 19:37:00,92.7
2025-06-12 19:00:00,93.5
2025-06-12 15:06:00,17.0
2025-06-12 11:47:00,82.3
2025-06-12 12:24:00,41.9
2025-06-12 10:04:00,0.0
2025-06-12 23:55:00,49.63956792297757
2025-06-12 05:18:00,57.3
2025-06-12 09:15:00,58.6
2025-06-12 04:04:00,5.5
2025-06-12 13:25:00,58.8
2025-06-12 20:36:00,23.5
2025-06-12 01:03:00,49.63956792297757
2025-06-12 09:15:00,8.9
2025-06-12 11:23:00,49.63956792297757
2025-06-12 06:53:00,91.7
2025-06-12 02:37:00,38.2
2025-06-12 05:55:00,85.2
2025-06-12 23:00:00,0.5
2025-06-12 00:33:00,86.6
2025-06-12 04:12:00,16.8
2025-06-12 15:00:00,7.9
2025-06-12 15:52:00,95.8
2025-06-12 09:24:00,97.0
2025-06-12 21:36:00,76.1
2025-06-12 03:52:00,24.6
2025-06-12 01:01:00,81.5
2025-06-12 15:45:00,79.9
2025-06-12 06:18:00,49.63956792297757
2025-06-12 13:51:00,80.3
2025-06-12 06:22:00,77.1
2025-06-12 21:39:00,49.63956792297757
2025-06-12 08:17:00,48.0
2025-06-12 07:02:00,1.2
2025-06-12 06:13:00,58.2
2025-06-12 23:29:00,41.6
2025-06-12 16:30:00,4.6
2025-06-12 04:54:00,34.3
2025-06-12 04:48:00,38.2
2025-06-12 04:31:00,98.6
2025-06-12 15:12:00,49.63956792297757
2025-06-12 17:45:00,73.9
2025-06-12 15:52:00,42.6
2025-06-12 08:14:00,15.6
2025-06-12 22:09:00,49.63956792297757
2025-06-12 15:36:00,97.2
2025-06-12 22:23:00,55.2
2025-06-12 09:37:00,28.7
2025-06-12 19:30:00,49.63956792297757
2025-06-12 18:07:00,91.4
2025-06-12 18:58:00,49.63956792297757
2025-06-12 04:00:00,4.7
2025-06-12 22:23:00,49.63956792297757
2025-06-12 02:33:00,16.2
2025-06-12 10:32:00,70.1
2025-06-12 11:14:00,19.5
2025-06-12 23:28:00,87.8
2025-06-12 08:44:00,57.6
2025-06-12 03:56:00,1.6
2025-06-12 09:48:00,69.5
2025-06-12 01:52:00,51.5
2025-06-12 20:28:00,54.6
2025-06-12 01:04:00,82.9
2025-06-12 20:16:00,30.8
2025-06-12 14:53:00,37.4
2025-06-12 16:07:00,78.6
2025-06-12 01:30:00,77.0
2025-06-12 06:41:00,30.7
2025-06-12 18:55:00,18.2
2025-06-12 18:41:00,8.1
2025-06-12 21:28:00,44.1
2025-06-12 02:39:00,49.63956792297757
2025-06-12 05:34:00,65.6
2025-06-12 07:02:00,99.5
2025-06-12 11:11:00,49.63956792297757
2025-06-12 20:44:00,3.7
2025-06-12 01:51:00,49.63956792297757
2025-06-12 06:29:00,49.63956792297757
2025-06-12 05:16:00,69.0
2025-06-12 13:26:00,3.1
2025-06-12 08:43:00,49.63956792297757
2025-06-12 21:05:00,49.63956792297757
2025-06-12 21:47:00,88.0
2025-06-12 19:23:00,5.6
2025-06-12 07:08:00,84.1
2025-06-12 00:12:00,63.7
2025-06-12 07:07:00,93.5
2025-06-12 09:01:00,15.4
2025-06-12 06:18:00,30.0
2025-06-12 18:17:00,23.6
2025-06-12 03:42:00,56.3
2025-06-12 03:28:00,79.3
2025-06-12 01:59:00,59.0
2025-06-12 03:42:00,38.7
2025-06-12 05:07:00,60.9
2025-06-12 15:51:00,15.4
2025-06-12 15:49:00,48.2
2025-06-12 13:59:00,31.4
2025-06-12 08:56:00,28.7
2025-06-12 13:55:00,52.2
2025-06-12 18:33:00,56.8
2025-06-12 03:40:00,49.63956792297757
2025-06-12 12:14:00,3.0
2025-06-12 22:24:00,40.1
2025-06-12 10:25:00,39.9
2025-06-12 00:23:00,19.8
2025-06-12 23:17:00,10.7
2025-06-12 09:19:00,73.4
2025-06-12 11:49:00,37.6
2025-06-12 12:59:00,49.63956792297757
2025-06-12 23:38:00,57.8
2025-06-12 21:08:00,28.9
2025-06-12 02:59:00,41.3
2025-06-12 03:45:00,64.6
2025-06-12 13:40:00,64.7
2025-06-12 14:37:00,49.8
2025-06-12 12:51:00,88.4
2025-06-12 05:06:00,50.29152382078261
2025-06-12 02:47:00,51.4
2025-06-12 01:20:00,72.9
2025-06-12 16:46:00,82.7
2025-06-12 01:35:00,64.0
2025-06-12 19:38:00,87.2
2025-06-12 15:48:00,20.2
2025-06-12 07:19:00,10.7
2025-06-12 04:11:00,48.2
2025-06-12 19:32:00,66.4
2025-06-12 02:06:00,39.6
2025-06-12 00:33:00,79.9
2025-06-12 02:02:00,55.0
2025-06-12 00:52:00,48.3
2025-06-12 18:01:00,94.8
2025-06-12 18:20:00,77.7
2025-06-12 18:21:00,85.6
2025-06-12 14:34:00,91.0
2025-06-12 11:50:00,5.7
2025-06-12 18:39:00,82.6
2025-06-12 16:56:00,40.7
2025-06-12 03:37:00,10.4
2025-06-12 02:51:00,50.29152382078261
2025-06-12 22:32:00,20.9
2025-06-12 14:19:00,89.8
2025-06-12 11:20:00,80.3
2025-06-12 21:11:00,87.0
2025-06-12 01:51:00,6.7
2025-06-12 20:13:00,8.0
2025-06-12 17:49:00,98.1
2025-06-12 05:40:00,39.4
2025-06-12 13:16:00,73.4
2025-06-12 02:35:00,29.0
2025-06-12 01:49:00,65.9
2025-06-12 14:17:00,50.29152382078261
2025-06-12 00:12:00,59.6
2025-06-12 22:13:00,30.1
2025-06-12 14:48:00,64.7
2025-06-12 18:16:00,34.5
2025-06-12 03:51:00,32.9
2025-06-12 22:52:00,43.6
2025-06-12 18:20:00,50.29152382078261
2025-06-12 19:24:00,46.9
2025-06-12 13:45:00,50.29152382078261
2025-06-12 17:43:00,91.9
2025-06-12 19:12:00,50.29152382078261
2025-06-12 06:11:00,35.1
2025-06-12 15:39:00,67.6
2025-06-12 09:47:00,3.9
2025-06-12 00:19:00,26.0
2025-06-12 13:53:00,65.3
2025-06-12 12:37:00,2.9
2025-06-12 04:21:00,90.0
2025-06-12 15:41:00,99.9
2025-06-12 10:32:00,24.0
2025-06-12 16:07:00,42.3
2025-06-12 23:58:00,15.5
2025-06-12 09:35:00,71.6
2025-06-12 13:46:00,59.7
2025-06-12 21:16:00,64.3
2025-06-12 16:53:00,69.2
2025-06-12 09:55:00,37.8
2025-06-12 20:33:00,22.8
2025-06-12 07:11:00,91.6
2025-06-12 01:43:00,62.1
2025-06-12 10:33:00,96.3
2025-06-12 10:26:00,0.7
2025-06-12 17:12:00,98.9
2025-06-12 15:00:00,91.2
2025-06-12 19:38:00,4.2
2025-06-12 15:11:00,79.6
2025-06-12 12:07:00,62.6
2025-06-12 20:24:00,86.9
2025-06-12 00:05:00,70.1
2025-06-12 22:07:00,50.29152382078261
2025-06-12 18:27:00,45.1
2025-06-12 09:26:00,50.29152382078261
2025-06-12 11:25:00,26.8
2025-06-12 01:33:00,83.2
2025-06-12 14:30:00,50.29152382078261
2025-06-12 07:27:00,61.6
2025-06-12 14:09:00,50.29152382078261
2025-06-12 06:38:00,50.29152382078261
2025-06-12 04:53:00,15.8
2025-06-12 05:09:00,70.7
2025-06-12 22:15:00,50.29152382078261
2025-06-12 10:20:00,9.0
2025-06-12 17:54:00,7.0
2025-06-12 03:42:00,43.6
2025-06-12 06:38:00,34.6
2025-06-12 09:45:00,9.8
2025-06-12 15:40:00,66.6
2025-06-12 02:52:00,50.29152382078261
2025-06-12 07:15:00,71.8
2025-06-12 07:50:00,50.29152382078261
2025-06-12 00:06:00,67.8
2025-06-12 02:23:00,31.5
2025-06-12 19:22:00,72.0
2025-06-12 16:27:00,30.0
2025-06-12 19:06:00,51.6
2025-06-12 15:30:00,98.3
2025-06-12 05:07:00,50.29152382078261
2025-06-12 03:41:00,21.7
2025-06-12 09:59:00,30.4
2025-06-12 04:39:00,50.29152382078261
2025-06-12 12:14:00,84.8
2025-06-12 06:11:00,9.0
2025-06-12 11:26:00,50.29152382078261
2025-06-12 13:08:00,74.7
2025-06-12 07:06:00,52.4
2025-06-12 06:00:00,41.8
2025-06-12 04:10:00,60.6
2025-06-12 03:28:00,30.9
2025-06-12 02:30:00,47.4
2025-06-12 18:09:00,23.2
2025-06-12 13:09:00,61.1
2025-06-12 07:57:00,42.7
2025-06-12 22:16:00,93.4
2025-06-12 00:40:00,14.4
2025-06-12 12:48:00,19.4
2025-06-12 20:02:00,93.7
2025-06-12 17:33:00,78.2
2025-06-12 04:05:00,44.3
2025-06-12 18:09:00,77.3
2025-06-12 12:25:00,64.6
2025-06-12 00:43:00,50.29152382078261
2025-06-12 21:13:00,27.4
2025-06-12 10:07:00,46.3
2025-06-12 21:07:00,45.4
2025-06-12 14:04:00,91.0
2025-06-12 18:17:00,50.29152382078261
2025-06-12 20:48:00,4.8
2025-06-12 18:19:00,37.9
2025-06-12 00:25:00,59.7
2025-06-12 19:22:00,50.29152382078261
2025-06-12 11:20:00,79.8
2025-06-12 08:55:00,50.0
2025-06-12 21:32:00,67.5
2025-06-12 09:17:00,50.29152382078261
2025-06-12 05:22:00,62.5
2025-06-12 09:37:00,19.6
2025-06-12 13:01:00,63.1
2025-06-12 21:10:00,10.2
2025-06-12 02:42:00,6.2
2025-06-12 07:18:00,50.29152382078261
2025-06-12 01:36:00,50.29152382078261
2025-06-12 02:11:00,47.3
2025-06-12 22:10:00,50.29152382078261
2025-06-12 19:37:00,52.0
2025-06-12 14:08:00,29.3
2025-06-12 01:47:00,10.3
2025-06-12 23:29:00,1.9
2025-06-12 23:58:00,23.4
2025-06-12 09:58:00,44.5
2025-06-12 09:09:00,50.29152382078261
2025-06-12 03:46:00,66.6
2025-06-12 23:04:00,65.9
2025-06-12 20:25:00,63.4
2025-06-12 17:31:00,20.8
2025-06-12 03:41:00,50.29152382078261
2025-06-12 17:03:00,47.2
2025-06-12 04:22:00,30.4
2025-06-12 10:39:00,34.8
2025-06-12 17:57:00,13.8
2025-06-12 01:27:00,50.29152382078261
2025-06-12 18:52:00,50.29152382078261
2025-06-12 02:07:00,25.9
2025-06-12 06:30:00,88.4
2025-06-12 01:38:00,99.3
2025-06-12 11:51:00,74.6
2025-06-12 21:36:00,32.3
2025-06-12 21:24:00,23.8
2025-06-12 02:59:00,65.2
2025-06-12 12:39:00,56.5
2025-06-12 10:22:00,3.0
2025-06-12 12:08:00,27.8
2025-06-12 12:07:00,34.6
2025-06-12 21:27:00,69.6
2025-06-12 11:47:00,50.29152382078261
2025-06-12 00:20:00,50.29152382078261
2025-06-12 12:32:00,38.9
2025-06-12 20:58:00,62.1
2025-06-12 00:56:00,89.8
2025-06-12 03:24:00,50.29152382078261
2025-06-12 02:54:00,62.2
2025-06-12 19:48:00,46.4
2025-06-12 04:34:00,50.29152382078261
2025-06-12 13:17:00,50.29152382078261
2025-06-12 02:04:00,65.7
2025-06-12 14:24:00,62.2
2025-06-12 23:09:00,2.7
2025-06-12 23:26:00,33.0
2025-06-12 19:33:00,67.2
2025-06-12 08:43:00,50.29152382078261
2025-06-12 13:14:00,21.7
2025-06-12 09:15:00,11.0
2025-06-12 12:22:00,52.4
2025-06-12 14:11:00,50.29152382078261
2025-06-12 13:30:00,49.8
2025-06-12 19:57:00,50.29152382078261
2025-06-12 22:42:00,1.5
2025-06-12 03:30:00,36.6
2025-06-12 10:31:00,32.9
2025-06-12 07:10:00,64.8
2025-06-12 13:59:00,48.9
2025-06-12 12:28:00,62.0
2025-06-12 22:26:00,50.29152382078261
2025-06-12 22:55:00,62.3
2025-06-12 05:50:00,25.3
2025-06-12 20:45:00,20.9
2025-06-12 09:20:00,29.9
2025-06-12 11:55:00,88.6
2025-06-12 04:33:00,46.7
2025-06-12 04:33:00,50.29152382078261
2025-06-12 09:57:00,35.1
2025-06-12 23:35:00,21.7
2025-06-12 10:06:00,74.0
2025-06-12 04:47:00,17.8
2025-06-12 10:05:00,76.4
2025-06-12 07:33:00,97.7
2025-06-12 08:14:00,50.29152382078261
2025-06-12 09:09:00,9.0
2025-06-12 05:27:00,32.1
2025-06-12 22:59:00,50.29152382078261
2025-06-12 12:23:00,2.7
2025-06-12 09:56:00,51.1
2025-06-12 03:20:00,28.3
2025-06-12 03:26:00,11.1
2025-06-12 05:04:00,50.29152382078261
2025-06-12 07:40:00,30.0
2025-06-12 22:33:00,24.9
2025-06-12 04:14:00,50.29152382078261
2025-06-12 00:12:00,36.1
2025-06-12 15:53:00,8.3
2025-06-12 03:01:00,53.3
2025-06-12 00:55:00,49.1
2025-06-12 03:44:00,65.0
2025-06-12 05:21:00,43.1
2025-06-12 10:14:00,44.6
2025-06-12 01:10:00,66.2
2025-06-12 23:01:00,29.3
2025-06-12 04:56:00,50.29152382078261
2025-06-12 02:30:00,50.29152382078261
2025-06-12 16:37:00,17.4
2025-06-12 03:10:00,8.7
2025-06-12 14:10:00,22.9
2025-06-12 23:59:00,74.8
2025-06-12 19:34:00,97.8
2025-06-12 12:50:00,77.7
2025-06-12 00:09:00,50.29152382078261
2025-06-12 22:33:00,23.1
2025-06-12 06:52:00,17.8
2025-06-12 09:52:00,7.7
2025-06-12 10:20:00,18.4
2025-06-12 05:57:00,90.4
2025-06-12 19:23:00,50.29152382078261
2025-06-12 17:22:00,22.3
2025-06-12 22:54:00,81.0
2025-06-12 01:56:00,78.5
2025-06-12 11:00:00,8.5
2025-06-12 17:05:00,17.1
2025-06-12 18:12:00,25.3
2025-06-12 11:49:00,80.4
2025-06-12 01:59:00,67.9
2025-06-12 18:33:00,50.29152382078261
2025-06-12 22:58:00,61.9
2025-06-12 00:09:00,50.29152382078261
2025-06-12 00:54:00,49.0
2025-06-12 17:37:00,33.7
2025-06-12 04:11:00,73.3
2025-06-12 21:59:00,45.4
2025-06-12 17:54:00,13.8
2025-06-12 23:47:00,45.9
2025-06-12 15:49:00,52.5
2025-06-12 07:20:00,50.29152382078261
2025-06-12 08:16:00,50.29152382078261
2025-06-12 18:04:00,99.4
2025-06-12 10:33:00,50.29152382078261
2025-06-12 14:55:00,50.29152382078261
2025-06-12 02:37:00,85.8
2025-06-12 18:30:00,35.0
2025-06-12 03:09:00,20.1
2025-06-12 15:34:00,10.2
2025-06-12 00:55:00,33.0
2025-06-12 02:03:00,72.3
2025-06-12 10:13:00,93.8
2025-06-12 00:02:00,50.29152382078261
2025-06-12 05:08:00,95.8
2025-06-12 11:13:00,63.1
2025-06-12 23:32:00,81.1
2025-06-12 12:41:00,48.0
2025-06-12 17:44:00,92.5
2025-06-12 06:12:00,15.9
2025-06-12 01:21:00,19.2
2025-06-12 15:56:00,52.1
2025-06-12 18:59:00,40.1
2025-06-12 07:16:00,62.5
2025-06-12 20:11:00,53.0
2025-06-12 01:34:00,99.9
2025-06-12 03:13:00,62.0
2025-06-12 12:16:00,60.3
2025-06-12 17:36:00,25.4
2025-06-12 09:10:00,90.2
2025-06-12 05:49:00,63.9
2025-06-12 07:11:00,67.2
2025-06-12 02:02:00,78.3
2025-06-12 07:54:00,1.9
2025-06-12 08:03:00,6.1
2025-06-12 20:00:00,50.29152382078261
2025-06-12 02:11:00,50.29152382078261
2025-06-12 23:32:00,32.2
2025-06-12 19:15:00,97.7
2025-06-12 07:14:00,73.5
2025-06-12 05:10:00,58.9
2025-06-12 14:07:00,19.0
2025-06-12 15:14:00,50.29152382078261
2025-06-12 18:55:00,81.3
2025-06-12 19:51:00,12.2
2025-06-12 06:04:00,50.15830883217688
2025-06-12 18:43:00,92.7
2025-06-12 14:58:00,2.2
2025-06-12 19:42:00,80.5
2025-06-12 12:01:00,45.4
2025-06-12 07:25:00,15.7
2025-06-12 02:08:00,51.5
2025-06-12 17:31:00,3.7
2025-06-12 07:43:00,27.7
2025-06-12 22:12:00,13.3
2025-06-12 06:26:00,97.1
2025-06-12 04:18:00,77.3
2025-06-12 12:13:00,36.1
2025-06-12 21:20:00,38.6
2025-06-12 04:30:00,50.15830883217688
2025-06-12 05:10:00,1.3
2025-06-12 12:22:00,14.3
2025-06-12 01:56:00,41.1
2025-06-12 08:52:00,16.9
2025-06-12 02:58:00,50.15830883217688
2025-06-12 05:36:00,39.3
2025-06-12 00:40:00,42.6
2025-06-12 02:13:00,78.1
2025-06-12 19:02:00,50.15830883217688
2025-06-12 23:22:00,50.15830883217688
2025-06-12 03:16:00,88.0
2025-06-12 14:13:00,13.0
2025-06-12 00:51:00,9.5
2025-06-12 09:50:00,77.8
2025-06-12 21:43:00,93.4
2025-06-12 08:48:00,50.15830883217688
2025-06-12 09:59:00,18.6
2025-06-12 05:32:00,41.0
2025-06-12 14:16:00,97.0
2025-06-12 05:45:00,50.15830883217688
2025-06-12 01:08:00,82.5
2025-06-12 11:18:00,92.6
2025-06-12 18:33:00,97.5
2025-06-12 09:54:00,50.15830883217688
2025-06-12 05:21:00,20.2
2025-06-12 14:33:00,81.9
2025-06-12 18:44:00,99.1
2025-06-12 07:07:00,89.1
2025-06-12 09:57:00,58.8
2025-06-12 23:27:00,50.15830883217688
2025-06-12 12:32:00,32.2
2025-06-12 03:36:00,61.3
2025-06-12 13:12:00,45.5
2025-06-12 06:25:00,50.15830883217688
2025-06-12 20:50:00,38.4
2025-06-12 20:45:00,50.15830883217688
2025-06-12 22:10:00,49.9
2025-06-12 22:16:00,30.9
2025-06-12 09:40:00,86.0
2025-06-12 02:31:00,64.6
2025-06-12 08:00:00,50.15830883217688
2025-06-12 19:12:00,46.1
2025-06-12 18:27:00,50.15830883217688
2025-06-12 08:03:00,80.5
2025-06-12 18:23:00,51.3
2025-06-12 18:15:00,75.9
2025-06-12 05:09:00,3.3
2025-06-12 17:39:00,38.9
2025-06-12 12:24:00,21.4
2025-06-12 03:51:00,50.15830883217688
2025-06-12 00:38:00,50.15830883217688
2025-06-12 07:13:00,14.9
2025-06-12 10:12:00,66.1
2025-06-12 03:16:00,50.15830883217688
2025-06-12 15:33:00,50.3
2025-06-12 07:22:00,47.0
2025-06-12 01:04:00,78.0
2025-06-12 02:07:00,20.1
2025-06-12 06:21:00,45.8
2025-06-12 04:07:00,3.9
2025-06-12 14:53:00,16.8
2025-06-12 23:39:00,74.7
2025-06-12 08:26:00,63.8
2025-06-12 02:42:00,59.2
2025-06-12 06:53:00,54.9
2025-06-12 16:42:00,72.1
2025-06-12 12:17:00,50.15830883217688
2025-06-12 19:01:00,37.4
2025-06-12 06:40:00,62.4
2025-06-12 07:42:00,12.0
2025-06-12 18:07:00,0.6
2025-06-12 16:51:00,90.6
2025-06-12 04:23:00,45.8
2025-06-12 04:04:00,99.9
2025-06-12 07:25:00,91.8
2025-06-12 22:59:00,97.5
2025-06-12 05:18:00,28.4
2025-06-12 17:12:00,61.7
2025-06-12 18:47:00,89.4
2025-06-12 18:51:00,93.9
2025-06-12 19:18:00,99.0
2025-06-12 05:48:00,71.1
2025-06-12 12:24:00,26.1
2025-06-12 06:16:00,50.15830883217688
2025-06-12 05:22:00,50.15830883217688
2025-06-12 05:54:00,37.3
2025-06-12 18:10:00,8.6
2025-06-12 12:33:00,6.2
2025-06-12 21:25:00,19.9
2025-06-12 10:57:00,50.15830883217688
2025-06-12 02:07:00,88.2
2025-06-12 22:20:00,44.5
2025-06-12 12:50:00,33.6
2025-06-12 00:11:00,47.2
2025-06-12 04:45:00,74.4
2025-06-12 13:55:00,4.5
2025-06-12 06:28:00,66.8
2025-06-12 03:10:00,10.3
2025-06-12 23:28:00,75.7
2025-06-12 04:58:00,59.4
2025-06-12 03:41:00,79.7
2025-06-12 21:08:00,58.0
2025-06-12 20:42:00,28.6
2025-06-12 21:04:00,50.15830883217688
2025-06-12 13:35:00,34.0
2025-06-12 04:10:00,55.2
2025-06-12 13:16:00,8.4
2025-06-12 12:24:00,33.1
2025-06-12 07:20:00,43.1
2025-06-12 18:06:00,66.5
2025-06-12 07:14:00,65.5
2025-06-12 13:47:00,28.7
2025-06-12 03:01:00,51.8
2025-06-12 21:50:00,7.9
2025-06-12 07:28:00,97.7
2025-06-12 07:00:00,15.9
2025-06-12 23:51:00,1.3
2025-06-12 06:45:00,8.0
2025-06-12 11:31:00,61.8
2025-06-12 06:28:00,0.7
2025-06-12 01:10:00,5.6
2025-06-12 05:42:00,6.1
2025-06-12 16:39:00,48.3
2025-06-12 21:58:00,30.6
2025-06-12 17:36:00,95.8
2025-06-12 09:30:00,36.7
2025-06-12 20:49:00,55.7
2025-06-12 09:32:00,50.15830883217688
2025-06-12 00:28:00,50.15830883217688
2025-06-12 10:29:00,24.6
2025-06-12 16:46:00,67.8
2025-06-12 07:16:00,50.15830883217688
2025-06-12 03:05:00,42.7
2025-06-12 16:08:00,90.8
2025-06-12 02:22:00,24.2
2025-06-12 00:13:00,56.2
2025-06-12 07:56:00,38.5
2025-06-12 22:50:00,85.0
2025-06-12 23:36:00,92.8
2025-06-12 01:35:00,32.3
2025-06-12 14:33:00,37.8
2025-06-12 18:47:00,1.9
2025-06-12 04:04:00,50.15830883217688
2025-06-12 09:29:00,84.9
2025-06-12 16:20:00,15.5
2025-06-12 11:39:00,46.7
2025-06-12 23:05:00,81.7
2025-06-12 10:48:00,50.15830883217688
2025-06-12 07:17:00,29.5
2025-06-12 23:36:00,32.1
2025-06-12 00:21:00,62.4
2025-06-12 17:18:00,79.7
2025-06-12 17:33:00,90.8
2025-06-12 10:14:00,3.2
2025-06-12 17:00:00,8.8
2025-06-12 07:46:00,74.6
2025-06-12 05:15:00,33.4
2025-06-12 15:08:00,60.7
2025-06-12 00:18:00,95.0
2025-06-12 13:11:00,49.3
2025-06-12 19:23:00,50.15830883217688
2025-06-12 17:28:00,44.9
2025-06-12 16:15:00,25.8
2025-06-12 06:55:00,96.6
2025-06-12 00:29:00,59.5
2025-06-12 21:32:00,50.15830883217688
2025-06-12 22:39:00,77.9
2025-06-12 01:32:00,83.5
2025-06-12 09:32:00,58.8
2025-06-12 15:16:00,97.0
2025-06-12 04:06:00,14.3
2025-06-12 20:56:00,86.7
2025-06-12 14:00:00,84.5
2025-06-12 08:39:00,58.1
2025-06-12 23:49:00,29.2
2025-06-12 07:24:00,92.2
2025-06-12 20:48:00,54.5
2025-06-12 17:05:00,98.8
2025-06-12 19:17:00,12.3
2025-06-12 20:18:00,50.15830883217688
2025-06-12 17:19:00,50.15830883217688
2025-06-12 18:36:00,22.0
2025-06-12 08:49:00,43.4
2025-06-12 18:45:00,48.1
2025-06-12 00:50:00,79.5
2025-06-12 10:23:00,41.1
2025-06-12 14:19:00,71.0
2025-06-12 07:20:00,26.6
2025-06-12 03:10:00,14.2
2025-06-12 01:18:00,55.1
2025-06-12 17:35:00,50.15830883217688
2025-06-12 19:56:00,57.2
2025-06-12 22:52:00,92.8
2025-06-12 06:42:00,84.5
2025-06-12 20:28:00,84.2
2025-06-12 08:03:00,50.15830883217688
2025-06-12 04:28:00,25.8
2025-06-12 12:24:00,57.9
2025-06-12 05:07:00,50.15830883217688
2025-06-12 20:28:00,19.0
2025-06-12 16:02:00,43.5
2025-06-12 10:32:00,74.3
2025-06-12 12:56:00,9.7
2025-06-12 11:11:00,2.9
2025-06-12 08:15:00,70.0
2025-06-12 06:13:00,50.15830883217688
2025-06-12 09:51:00,78.8
2025-06-12 19:55:00,59.5
2025-06-12 01:46:00,90.1
2025-06-12 01:44:00,46.2
2025-06-12 11:57:00,39.2
2025-06-12 23:29:00,6.6
2025-06-12 20:43:00,39.8
2025-06-12 03:06:00,50.15830883217688
2025-06-12 14:19:00,64.1
2025-06-12 12:59:00,8.4
2025-06-12 03:20:00,69.2
2025-06-12 01:04:00,4.9
2025-06-12 12:16:00,50.15830883217688
2025-06-12 05:28:00,86.4
2025-06-12 07:59:00,90.7
2025-06-12 22:28:00,64.9
2025-06-12 21:52:00,66.7
2025-06-12 21:08:00,12.5
2025-06-12 03:38:00,54.0
2025-06-12 21:10:00,1.3
2025-06-12 00:33:00,43.6
2025-06-12 19:31:00,59.0
2025-06-12 03:46:00,50.15830883217688
2025-06-12 22:47:00,48.5
2025-06-12 17:14:00,83.4
2025-06-12 08:18:00,61.7
2025-06-12 20:35:00,6.5
2025-06-12 06:18:00,80.5
2025-06-12 09:18:00,86.3
2025-06-12 09:05:00,37.2
2025-06-12 21:28:00,39.2
2025-06-12 13:57:00,40.0
2025-06-12 21:18:00,75.4
2025-06-12 19:02:00,50.15830883217688
2025-06-12 14:50:00,98.8
2025-06-12 17:03:00,56.9
2025-06-12 19:33:00,72.5
2025-06-12 01:06:00,37.6
2025-06-12 12:22:00,50.15830883217688
2025-06-12 04:56:00,50.15830883217688
2025-06-12 11:16:00,50.15830883217688
2025-06-12 22:05:00,30.0
2025-06-12 11:33:00,69.3
2025-06-12 03:34:00,32.8
2025-06-12 14:19:00,97.0
2025-06-12 17:14:00,57.8
2025-06-12 16:17:00,16.6
2025-06-12 13:31:00,50.15830883217688
2025-06-12 23:27:00,84.3
2025-06-12 05:44:00,12.8
2025-06-12 08:58:00,28.3
2025-06-12 16:39:00,65.6
2025-06-12 17:52:00,66.4
2025-06-12 10:57:00,62.7
2025-06-12 19:35:00,27.1
2025-06-12 04:14:00,97.5
2025-06-12 03:23:00,85.2
2025-06-12 19:03:00,4.7
2025-06-12 06:12:00,50.15830883217688
2025-06-12 07:09:00,81.9
2025-06-12 06:09:00,86.8
2025-06-12 01:30:00,17.4
2025-06-12 15:08:00,41.1
2025-06-12 15:42:00,50.15830883217688
2025-06-12 12:03:00,59.8
2025-06-12 11:43:00,50.15830883217688
2025-06-12 05:27:00,25.2
2025-06-12 10:03:00,70.5
2025-06-12 13:37:00,85.5
2025-06-12 08:55:00,97.2
2025-06-12 10:09:00,22.4
2025-06-12 20:35:00,50.15830883217688
2025-06-12 19:45:00,8.3
2025-06-12 11:07:00,50.15830883217688
2025-06-12 15:15:00,82.9
2025-06-12 17:36:00,50.15830883217688
2025-06-12 06:44:00,61.0
2025-06-12 15:32:00,75.3
2025-06-12 19:38:00,69.4
2025-06-12 03:17:00,42.9
2025-06-12 00:44:00,45.2
2025-06-12 13:54:00,50.15830883217688
2025-06-12 01:07:00,92.1
2025-06-12 09:04:00,83.2
2025-06-12 03:12:00,89.1
2025-06-12 06:05:00,40.7
2025-06-12 09:05:00,33.8
2025-06-12 19:19:00,68.8
2025-06-12 05:57:00,92.9
2025-06-12 06:46:00,50.15830883217688
2025-06-12 08:10:00,94.9
2025-06-12 08:36:00,81.2
2025-06-12 21:41:00,42.3
2025-06-12 23:53:00,46.9
2025-06-12 09:27:00,16.9
2025-06-12 19:13:00,52.2
2025-06-12 05:59:00,85.0
2025-06-12 07:21:00,29.6
2025-06-12 09:11:00,15.9
2025-06-12 20:36:00,12.8
2025-06-12 06:19:00,76.9
2025-06-12 00:42:00,63.4
2025-06-12 03:22:00,98.4
2025-06-12 14:02:00,32.1
2025-06-12 10:06:00,3.4
2025-06-12 04:28:00,96.6
2025-06-12 18:39:00,51.2
2025-06-12 13:06:00,36.5
2025-06-12 07:09:00,92.1
2025-06-12 21:22:00,61.6
2025-06-12 02:30:00,31.5
2025-06-12 10:44:00,68.5
2025-06-12 02:12:00,4.6
2025-06-12 13:43:00,50.5
2025-06-12 03:18:00,50.8
2025-06-12 08:57:00,75.9
2025-06-12 07:11:00,19.9
2025-06-12 22:45:00,20.9
2025-06-12 14:51:00,83.4
2025-06-12 13:17:00,50.05645730416373
2025-06-12 18:18:00,47.7
2025-06-12 10:43:00,52.3
2025-06-12 01:47:00,36.0
2025-06-12 10:14:00,62.1
2025-06-12 09:55:00,50.05645730416373
2025-06-12 07:00:00,40.3
2025-06-12 14:13:00,1.5
2025-06-12 11:30:00,25.3
2025-06-12 08:54:00,80.8
2025-06-12 17:34:00,80.2
2025-06-12 22:40:00,64.2
2025-06-12 06:13:00,88.4
2025-06-12 03:56:00,41.7
2025-06-12 02:16:00,17.3
2025-06-12 04:16:00,47.6
2025-06-12 21:14:00,7.9
2025-06-12 07:05:00,50.05645730416373
2025-06-12 01:50:00,41.1
2025-06-12 23:32:00,9.2
2025-06-12 11:52:00,28.0
2025-06-12 23:50:00,47.1
2025-06-12 22:40:00,48.2
2025-06-12 15:22:00,3.9
2025-06-12 16:00:00,87.0
2025-06-12 00:44:00,73.7
2025-06-12 16:10:00,72.3
2025-06-12 14:14:00,5.2
2025-06-12 19:45:00,55.2
2025-06-12 02:54:00,50.05645730416373
2025-06-12 22:42:00,81.9
2025-06-12 12:02:00,50.05645730416373
2025-06-12 18:55:00,50.05645730416373
2025-06-12 18:44:00,50.9
2025-06-12 02:50:00,25.6
2025-06-12 10:27:00,50.05645730416373
2025-06-12 10:45:00,58.5
2025-06-12 15:17:00,36.6
2025-06-12 08:28:00,17.8
2025-06-12 11:45:00,45.4
2025-06-12 03:12:00,42.9
2025-06-12 23:58:00,50.05645730416373
2025-06-12 22:56:00,64.3
2025-06-12 22:08:00,31.8
2025-06-12 20:29:00,50.05645730416373
2025-06-12 06:22:00,85.3
2025-06-12 00:47:00,37.4
2025-06-12 00:35:00,79.9
2025-06-12 14:30:00,47.9
2025-06-12 21:49:00,69.3
2025-06-12 20:49:00,50.05645730416373
2025-06-12 14:47:00,68.6
2025-06-12 23:07:00,17.7
2025-06-12 06:52:00,59.1
2025-06-12 19:24:00,75.8
2025-06-12 02:09:00,68.1
2025-06-12 12:27:00,58.4
2025-06-12 20:22:00,50.05645730416373
2025-06-12 06:17:00,50.05645730416373
2025-06-12 20:32:00,56.9
2025-06-12 17:01:00,85.7
2025-06-12 04:06:00,19.9
2025-06-12 12:23:00,41.1
2025-06-12 06:39:00,57.0
2025-06-12 03:51:00,44.6
2025-06-12 13:08:00,73.1
2025-06-12 04:37:00,90.5
2025-06-12 04:25:00,30.6
2025-06-12 11:03:00,26.9
2025-06-12 03:21:00,76.1
2025-06-12 22:24:00,69.7
2025-06-12 03:09:00,83.9
2025-06-12 22:20:00,30.9
2025-06-12 12:04:00,22.5
2025-06-12 22:15:00,28.7
2025-06-12 23:30:00,80.1
2025-06-12 22:01:00,93.3
2025-06-12 21:06:00,50.05645730416373
2025-06-12 01:33:00,17.5
2025-06-12 04:48:00,47.1
2025-06-12 19:34:00,99.7
2025-06-12 18:17:00,39.3
2025-06-12 11:25:00,24.8
2025-06-12 14:42:00,97.3
2025-06-12 03:11:00,39.1
2025-06-12 01:33:00,50.05645730416373
2025-06-12 16:29:00,50.05645730416373
2025-06-12 06:33:00,50.05645730416373
2025-06-12 06:13:00,11.8
2025-06-12 22:09:00,50.05645730416373
2025-06-12 18:16:00,94.8
2025-06-12 03:16:00,60.1
2025-06-12 16:36:00,31.6
2025-06-12 18:32:00,95.5
2025-06-12 17:30:00,60.3
2025-06-12 22:29:00,64.7
2025-06-12 09:17:00,25.1
2025-06-12 11:59:00,50.05645730416373
2025-06-12 16:00:00,69.1
2025-06-12 10:26:00,26.4
2025-06-12 16:40:00,76.3
2025-06-12 09:07:00,80.2
2025-06-12 12:06:00,19.2
2025-06-12 18:47:00,22.2
2025-06-12 11:11:00,43.6
2025-06-12 21:49:00,68.7
2025-06-12 04:07:00,73.9
2025-06-12 17:40:00,95.8
2025-06-12 08:37:00,93.6
2025-06-12 01:11:00,43.6
2025-06-12 21:34:00,60.1
2025-06-12 16:20:00,23.2
2025-06-12 12:52:00,5.3
2025-06-12 17:38:00,12.7
2025-06-12 14:44:00,49.5
2025-06-12 13:14:00,50.05645730416373
2025-06-12 08:16:00,86.4
2025-06-12 13:28:00,20.4
2025-06-12 05:41:00,13.8
2025-06-12 08:17:00,51.2
2025-06-12 03:20:00,72.6
2025-06-12 14:57:00,50.05645730416373
2025-06-12 05:37:00,37.0
2025-06-12 15:53:00,64.5
2025-06-12 11:01:00,2.8
2025-06-12 07:10:00,47.0
2025-06-12 11:43:00,93.3
2025-06-12 08:16:00,85.6
2025-06-12 20:31:00,91.6
2025-06-12 09:56:00,13.4
2025-06-12 05:58:00,95.3
2025-06-12 14:20:00,50.05645730416373
2025-06-12 01:38:00,6.6
2025-06-12 05:17:00,56.3
2025-06-12 02:44:00,92.7
2025-06-12 08:43:00,49.2
2025-06-12 19:17:00,55.5
2025-06-12 23:23:00,97.4
2025-06-12 13:35:00,11.6
2025-06-12 23:13:00,87.8
2025-06-12 16:39:00,15.8
2025-06-12 02:34:00,61.3
2025-06-12 07:25:00,51.6
2025-06-12 12:49:00,21.9
2025-06-12 09:55:00,70.9
2025-06-12 08:21:00,29.2
2025-06-12 18:58:00,11.3
2025-06-12 07:38:00,47.9
2025-06-12 15:39:00,9.5
2025-06-12 07:45:00,7.9
2025-06-12 03:01:00,16.4
2025-06-12 18:00:00,59.3
2025-06-12 14:03:00,16.5
2025-06-12 12:39:00,28.2
2025-06-12 01:13:00,50.05645730416373
2025-06-12 04:33:00,50.05645730416373
2025-06-12 04:13:00,89.7
2025-06-12 06:29:00,32.8
2025-06-12 14:23:00,20.3
2025-06-12 02:31:00,50.05645730416373
2025-06-12 07:04:00,68.8
2025-06-12 21:49:00,31.0
2025-06-12 06:35:00,33.6
2025-06-12 16:19:00,85.4
2025-06-12 08:28:00,50.05645730416373
2025-06-12 08:30:00,50.05645730416373
2025-06-12 10:00:00,77.8
2025-06-12 04:40:00,50.05645730416373
2025-06-12 21:05:00,15.9
2025-06-12 15:59:00,92.1
2025-06-12 01:42:00,87.2
2025-06-12 01:56:00,60.1
2025-06-12 20:13:00,31.1
2025-06-12 13:21:00,63.3
2025-06-12 21:33:00,5.1
2025-06-12 00:07:00,38.8
2025-06-12 19:42:00,50.05645730416373
2025-06-12 01:21:00,31.6
2025-06-12 08:42:00,28.7
2025-06-12 18:43:00,35.9
2025-06-12 09:48:00,49.7
2025-06-12 19:00:00,43.5
2025-06-12 15:18:00,50.05645730416373
2025-06-12 07:54:00,50.05645730416373
2025-06-12 19:23:00,35.4
2025-06-12 11:26:00,12.4
2025-06-12 03:14:00,21.6
2025-06-12 05:16:00,71.8
2025-06-12 21:47:00,74.7
2025-06-12 14:08:00,50.05645730416373
2025-06-12 19:45:00,50.05645730416373
2025-06-12 22:50:00,38.4
2025-06-12 22:07:00,80.3
2025-06-12 18:41:00,1.9
2025-06-12 15:51:00,50.05645730416373
2025-06-12 15:52:00,69.5
2025-06-12 19:26:00,50.05645730416373
2025-06-12 08:22:00,68.0
2025-06-12 16:41:00,50.05645730416373
2025-06-12 00:52:00,2.8
2025-06-12 00:22:00,50.05645730416373
2025-06-12 09:16:00,83.5
2025-06-12 04:11:00,97.0
2025-06-12 09:35:00,27.4
2025-06-12 01:15:00,35.3
2025-06-12 09:37:00,71.5
2025-06-12 00:10:00,76.5
2025-06-12 06:58:00,90.1
2025-06-12 11:41:00,58.3
2025-06-12 20:53:00,0.7
2025-06-12 05:19:00,18.9
2025-06-12 16:54:00,50.05645730416373
2025-06-12 11:37:00,27.3
2025-06-12 14:28:00,50.05645730416373
2025-06-12 21:19:00,67.6
2025-06-12 19:21:00,46.6
2025-06-12 06:28:00,37.3
2025-06-12 01:48:00,67.8
2025-06-12 03:50:00,50.05645730416373
2025-06-12 21:04:00,98.1
2025-06-12 18:56:00,73.2
2025-06-12 21:43:00,58.7
2025-06-12 18:21:00,32.7
2025-06-12 13:15:00,61.5
2025-06-12 23:41:00,21.4
2025-06-12 05:51:00,16.5
2025-06-12 06:20:00,87.4
2025-06-12 13:05:00,56.6
2025-06-12 00:23:00,27.6
2025-06-12 18:39:00,56.5
2025-06-12 18:28:00,91.5
2025-06-12 02:57:00,50.05645730416373
2025-06-12 07:16:00,86.9
2025-06-12 00:14:00,4.7
2025-06-12 21:22:00,48.2
2025-06-12 04:08:00,18.3
2025-06-12 02:12:00,97.4
2025-06-12 18:11:00,8.6
2025-06-12 10:38:00,1.2
2025-06-12 03:54:00,12.2
2025-06-12 00:01:00,89.9
2025-06-12 03:01:00,88.2
2025-06-12 16:08:00,50.05645730416373
2025-06-12 10:11:00,39.3
2025-06-12 22:21:00,64.9
2025-06-12 23:57:00,7.1
2025-06-12 17:27:00,15.5
2025-06-12 16:52:00,75.6
2025-06-12 05:04:00,77.5
2025-06-12 01:23:00,63.1
2025-06-12 03:15:00,0.9
2025-06-12 03:52:00,50.05645730416373
2025-06-12 15:45:00,9.9
2025-06-12 23:29:00,50.05645730416373
2025-06-12 02:10:00,92.8
2025-06-12 23:53:00,58.2
2025-06-12 02:33:00,38.7
2025-06-12 03:57:00,50.05645730416373
2025-06-12 01:03:00,28.1
2025-06-12 20:25:00,72.1
2025-06-12 18:55:00,50.05645730416373
2025-06-12 00:02:00,61.0
2025-06-12 19:15:00,24.9
2025-06-12 15:25:00,43.3
2025-06-12 07:07:00,73.3
2025-06-12 06:54:00,62.9
2025-06-12 16:18:00,60.1
2025-06-12 02:00:00,9.8
2025-06-12 21:43:00,55.1
2025-06-12 23:02:00,50.05645730416373
2025-06-12 12:09:00,77.7
2025-06-12 19:58:00,28.4
2025-06-12 06:37:00,64.6
2025-06-12 15:44:00,40.8
2025-06-12 13:53:00,14.8
2025-06-12 11:07:00,28.6
2025-06-12 09:25:00,64.2
2025-06-12 08:57:00,33.8
2025-06-12 15:35:00,31.3
2025-06-12 09:38:00,56.2
2025-06-12 00:36:00,3.7
2025-06-12 21:23:00,50.05645730416373
2025-06-12 23:42:00,67.8
2025-06-12 15:19:00,26.2
2025-06-12 17:34:00,50.05645730416373
2025-06-12 03:04:00,37.7
2025-06-12 23:11:00,28.0
2025-06-12 20:58:00,66.4
2025-06-12 01:17:00,70.7
2025-06-12 06:19:00,59.1
2025-06-12 11:19:00,3.8
2025-06-12 08:16:00,50.2
2025-06-12 05:57:00,7.9
2025-06-12 11:18:00,67.6
2025-06-12 18:03:00,34.8
2025-06-12 06:08:00,23.2
2025-06-12 11:02:00,50.05645730416373
2025-06-12 15:03:00,50.05645730416373
2025-06-12 17:08:00,50.05645730416373
2025-06-12 05:49:00,36.4
2025-06-12 02:58:00,64.5
2025-06-12 12:45:00,8.0
2025-06-12 11:05:00,21.4
2025-06-12 01:11:00,95.3
2025-06-12 03:36:00,98.7
2025-06-12 03:09:00,66.3
2025-06-12 12:02:00,71.3
2025-06-12 21:25:00,55.2
2025-06-12 20:38:00,96.6
2025-06-12 14:18:00,24.1
2025-06-12 02:36:00,50.05645730416373
2025-06-12 19:36:00,68.1
2025-06-12 00:38:00,27.5
2025-06-12 22:28:00,99.1
2025-06-12 15:58:00,11.3
2025-06-12 15:50:00,85.0
2025-06-12 12:35:00,14.6
2025-06-12 06:39:00,43.6
2025-06-12 13:09:00,87.8
2025-06-12 02:36:00,47.5
2025-06-12 08:13:00,15.2
2025-06-12 01:51:00,43.3
2025-06-12 18:39:00,66.8
2025-06-12 22:07:00,47.2
2025-06-12 10:47:00,20.5
2025-06-12 16:04:00,10.8
2025-06-12 23:39:00,69.0
2025-06-12 05:39:00,40.8
2025-06-12 05:08:00,29.4
2025-06-12 18:00:00,97.6
2025-06-12 08:27:00,38.3
2025-06-12 21:44:00,1.1
2025-06-12 10:24:00,20.3
2025-06-12 23:41:00,50.05645730416373
2025-06-12 14:18:00,50.05645730416373
2025-06-12 17:41:00,71.1
2025-06-12 15:52:00,50.05645730416373
2025-06-12 14:03:00,22.2
2025-06-12 14:58:00,49.90502819548872
2025-06-12 12:45:00,95.3
2025-06-12 01:00:00,84.1
2025-06-12 12:12:00,42.1
2025-06-12 12:34:00,49.90502819548872
2025-06-12 20:12:00,5.9
2025-06-12 08:58:00,98.1
2025-06-12 07:12:00,44.1
2025-06-12 13:03:00,5.7
2025-06-12 15:14:00,83.2
2025-06-12 08:58:00,78.6
2025-06-12 15:48:00,26.8
2025-06-12 04:23:00,19.6
2025-06-12 18:24:00,72.0
2025-06-12 22:15:00,61.1
2025-06-12 01:28:00,28.3
2025-06-12 01:44:00,52.4
2025-06-12 07:32:00,49.90502819548872
2025-06-12 19:17:00,54.5
2025-06-12 10:51:00,49.0
2025-06-12 01:03:00,94.7
2025-06-12 22:46:00,5.8
2025-06-12 09:21:00,57.3
2025-06-12 22:39:00,49.90502819548872
2025-06-12 20:49:00,49.90502819548872
2025-06-12 14:40:00,68.5
2025-06-12 13:42:00,59.4
2025-06-12 02:08:00,62.5
2025-06-12 20:22:00,90.5
2025-06-12 03:35:00,49.90502819548872
2025-06-12 22:11:00,42.9
2025-06-12 03:50:00,11.8
2025-06-12 01:34:00,49.90502819548872
2025-06-12 16:35:00,27.7
2025-06-12 10:12:00,1.3
2025-06-12 01:05:00,14.2
2025-06-12 11:20:00,24.9
2025-06-12 08:32:00,53.2
2025-06-12 19:23:00,50.0
2025-06-12 09:29:00,42.7
2025-06-12 15:42:00,5.4
2025-06-12 09:34:00,76.8
2025-06-12 22:42:00,61.5
2025-06-12 14:06:00,11.8
2025-06-12 23:34:00,9.1
2025-06-12 10:14:00,49.90502819548872
2025-06-12 20:55:00,46.5
2025-06-12 10:42:00,4.5
2025-06-12 13:53:00,61.0
2025-06-12 23:11:00,84.9
2025-06-12 12:33:00,73.8
2025-06-12 09:47:00,33.7
2025-06-12 09:12:00,57.8
2025-06-12 06:18:00,49.90502819548872
2025-06-12 06:19:00,3.5
2025-06-12 17:23:00,49.90502819548872
2025-06-12 16:01:00,1.6
2025-06-12 07:03:00,27.1
2025-06-12 16:02:00,49.90502819548872
2025-06-12 16:40:00,85.6
2025-06-12 00:02:00,80.8
2025-06-12 07:08:00,58.9
2025-06-12 00:44:00,75.4
2025-06-12 05:55:00,47.0
2025-06-12 16:36:00,44.6
2025-06-12 04:49:00,8.4
2025-06-12 16:57:00,60.3
2025-06-12 14:24:00,23.3
2025-06-12 01:46:00,79.6
2025-06-12 09:08:00,63.1
2025-06-12 08:12:00,78.5
2025-06-12 12:20:00,46.3
2025-06-12 09:55:00,49.90502819548872
2025-06-12 21:01:00,52.9
2025-06-12 00:57:00,39.7
2025-06-12 19:50:00,70.0
2025-06-12 03:20:00,3.4
2025-06-12 15:07:00,49.90502819548872
2025-06-12 16:56:00,60.5
2025-06-12 04:25:00,49.90502819548872
2025-06-12 02:06:00,64.5
2025-06-12 03:38:00,49.90502819548872
2025-06-12 14:07:00,49.90502819548872
2025-06-12 19:48:00,5.0
2025-06-12 20:25:00,86.4
2025-06-12 13:03:00,49.90502819548872
2025-06-12 04:50:00,34.5
2025-06-12 15:54:00,3.5
2025-06-12 19:42:00,89.7
2025-06-12 23:16:00,49.90502819548872
2025-06-12 14:37:00,3.3
2025-06-12 23:47:00,92.9
2025-06-12 05:43:00,19.6
2025-06-12 02:38:00,4.6
2025-06-12 20:26:00,68.1
2025-06-12 21:22:00,76.8
2025-06-12 08:27:00,80.0
2025-06-12 19:15:00,23.4
2025-06-12 11:53:00,51.7
2025-06-12 07:25:00,72.5
2025-06-12 17:34:00,39.0
2025-06-12 19:26:00,28.9
2025-06-12 22:42:00,66.7
2025-06-12 03:22:00,80.8
2025-06-12 17:56:00,51.3
2025-06-12 11:03:00,49.90502819548872
2025-06-12 07:13:00,15.1
2025-06-12 01:33:00,89.1
2025-06-12 19:45:00,23.0
2025-06-12 20:51:00,17.6
2025-06-12 22:24:00,53.9
2025-06-12 14:18:00,89.2
2025-06-12 22:15:00,89.7
2025-06-12 19:22:00,94.1
2025-06-12 06:26:00,49.90502819548872
2025-06-12 19:08:00,67.7
2025-06-12 18:41:00,94.7
2025-06-12 22:36:00,11.6
2025-06-12 05:40:00,29.1
2025-06-12 10:21:00,66.4
2025-06-12 12:45:00,36.8
2025-06-12 11:59:00,59.1
2025-06-12 09:23:00,76.8
2025-06-12 19:24:00,92.2
2025-06-12 22:38:00,49.90502819548872
2025-06-12 15:09:00,29.7
2025-06-12 18:23:00,41.9
2025-06-12 18:59:00,49.90502819548872
2025-06-12 02:40:00,24.7
2025-06-12 19:31:00,9.3
2025-06-12 03:15:00,94.4
2025-06-12 12:02:00,70.4
2025-06-12 06:06:00,19.9
2025-06-12 06:36:00,86.0
2025-06-12 18:05:00,8.0
2025-06-12 10:05:00,49.90502819548872
2025-06-12 19:09:00,59.6
2025-06-12 16:05:00,97.6
2025-06-12 20:53:00,98.9
2025-06-12 09:39:00,49.90502819548872
2025-06-12 18:41:00,33.3
2025-06-12 00:35:00,86.2
2025-06-12 05:13:00,54.4
2025-06-12 03:27:00,73.6
2025-06-12 17:07:00,84.0
2025-06-12 21:57:00,96.1
2025-06-12 10:55:00,89.4
2025-06-12 08:56:00,99.1
2025-06-12 18:46:00,47.0
2025-06-12 05:10:00,42.3
2025-06-12 06:01:00,14.4
2025-06-12 02:43:00,21.8
2025-06-12 22:13:00,29.3
2025-06-12 19:59:00,49.90502819548872
2025-06-12 22:43:00,92.5
2025-06-12 17:26:00,49.90502819548872
2025-06-12 19:13:00,32.2
2025-06-12 07:25:00,29.6
2025-06-12 06:01:00,18.7
2025-06-12 17:05:00,85.0
2025-06-12 10:20:00,4.0
2025-06-12 15:27:00,14.3
2025-06-12 08:43:00,36.1
2025-06-12 06:42:00,13.9
2025-06-12 09:44:00,31.6
2025-06-12 05:35:00,50.1
2025-06-12 00:57:00,49.90502819548872
2025-06-12 21:04:00,11.3
2025-06-12 15:33:00,49.90502819548872
2025-06-12 09:46:00,49.90502819548872
2025-06-12 06:38:00,68.9
2025-06-12 02:10:00,29.8
2025-06-12 01:14:00,33.0
2025-06-12 03:02:00,24.5
2025-06-12 05:17:00,49.90502819548872
2025-06-12 05:23:00,49.90502819548872
2025-06-12 00:52:00,87.9
2025-06-12 08:17:00,83.2
2025-06-12 07:03:00,57.6
2025-06-12 17:38:00,88.8
2025-06-12 00:22:00,90.2
2025-06-12 19:38:00,3.8
2025-06-12 06:12:00,88.0
2025-06-12 21:02:00,49.90502819548872
2025-06-12 23:18:00,61.2
2025-06-12 12:53:00,76.6
2025-06-12 20:38:00,63.0
2025-06-12 20:08:00,33.5
2025-06-12 13:20:00,0.2
2025-06-12 19:26:00,49.90502819548872
2025-06-12 11:21:00,6.7
2025-06-12 11:48:00,16.2
2025-06-12 03:54:00,53.7
2025-06-12 01:18:00,13.2
2025-06-12 06:09:00,30.3
2025-06-12 15:55:00,19.5
2025-06-12 02:00:00,58.7
2025-06-12 00:02:00,76.6
2025-06-12 16:54:00,60.3
2025-06-12 05:47:00,37.7
2025-06-12 01:11:00,80.8
2025-06-12 12:59:00,52.2
2025-06-12 10:23:00,32.6
2025-06-12 21:45:00,8.5
2025-06-12 10:11:00,49.90502819548872
2025-06-12 19:53:00,62.2
2025-06-12 05:01:00,41.8
2025-06-12 17:03:00,52.2
2025-06-12 19:30:00,29.7
2025-06-12 20:14:00,84.5
2025-06-12 20:50:00,48.0
2025-06-12 18:20:00,49.6
2025-06-12 21:56:00,39.3
2025-06-12 11:45:00,54.0
2025-06-12 13:05:00,15.3
2025-06-12 00:54:00,41.9
2025-06-12 20:01:00,96.3
2025-06-12 13:55:00,41.0
2025-06-12 23:57:00,70.0
2025-06-12 05:07:00,30.4
2025-06-12 22:50:00,88.9
2025-06-12 15:03:00,76.1
2025-06-12 20:16:00,70.5
2025-06-12 09:29:00,49.90502819548872
2025-06-12 02:19:00,1.1
2025-06-12 08:04:00,35.3
2025-06-12 10:10:00,76.7
2025-06-12 11:30:00,76.4
2025-06-12 18:01:00,35.7
2025-06-12 15:18:00,25.3
2025-06-12 02:53:00,32.0
2025-06-12 06:02:00,55.0
2025-06-12 08:30:00,12.0
2025-06-12 15:17:00,8.4
2025-06-12 13:39:00,90.4
2025-06-12 16:28:00,83.9
2025-06-12 22:06:00,43.5
2025-06-12 14:37:00,49.90502819548872
2025-06-12 22:00:00,49.90502819548872
2025-06-12 18:18:00,28.0
2025-06-12 07:07:00,49.90502819548872
2025-06-12 05:08:00,14.6
2025-06-12 23:26:00,11.5
2025-06-12 13:06:00,49.90502819548872
2025-06-12 16:02:00,19.3
2025-06-12 03:29:00,29.2
2025-06-12 20:34:00,14.8
2025-06-12 22:44:00,75.1
2025-06-12 02:09:00,7.9
2025-06-12 01:15:00,49.90502819548872
2025-06-12 05:21:00,75.3
2025-06-12 17:54:00,45.7
2025-06-12 19:22:00,65.7
2025-06-12 22:36:00,49.90502819548872
2025-06-12 20:39:00,81.0
2025-06-12 06:31:00,49.90502819548872
2025-06-12 18:46:00,5.1
2025-06-12 02:17:00,64.6
2025-06-12 17:14:00,32.9
2025-06-12 21:36:00,49.90502819548872
2025-06-12 12:52:00,57.0
2025-06-12 02:24:00,9.7
2025-06-12 21:49:00,49.90502819548872
2025-06-12 02:32:00,44.1
2025-06-12 00:27:00,47.6
2025-06-12 10:53:00,68.1
2025-06-12 19:57:00,40.3
2025-06-12 11:02:00,68.4
2025-06-12 23:58:00,87.2
2025-06-12 16:40:00,89.6
2025-06-12 01:24:00,97.7
2025-06-12 22:54:00,56.3
2025-06-12 13:57:00,0.2
2025-06-12 15:34:00,19.2
2025-06-12 11:58:00,82.2
2025-06-12 09:24:00,57.9
2025-06-12 21:36:00,49.90502819548872
2025-06-12 20:18:00,5.3
2025-06-12 10:43:00,35.4
2025-06-12 16:12:00,69.0
2025-06-12 21:25:00,44.3
2025-06-12 19:10:00,63.8
2025-06-12 22:58:00,34.0
2025-06-12 21:01:00,73.6
2025-06-12 23:10:00,78.5
2025-06-12 16:32:00,71.4
2025-06-12 13:56:00,16.0
2025-06-12 13:42:00,16.1
2025-06-12 20:06:00,19.3
2025-06-12 23:28:00,14.6
2025-06-12 08:12:00,91.3
2025-06-12 11:17:00,49.90502819548872
2025-06-12 23:45:00,59.9
2025-06-12 03:00:00,51.9
2025-06-12 11:55:00,49.90502819548872
2025-06-12 08:33:00,7.2
2025-06-12 16:57:00,67.4
2025-06-12 09:02:00,49.90502819548872
2025-06-12 09:26:00,3.9
2025-06-12 01:27:00,86.2
2025-06-12 00:43:00,35.6
2025-06-12 19:11:00,91.5
2025-06-12 12:45:00,84.5
2025-06-12 03:44:00,52.7
2025-06-12 14:43:00,76.5
2025-06-12 01:04:00,49.90502819548872
2025-06-12 20:14:00,65.6
2025-06-12 14:43:00,80.8
2025-06-12 21:44:00,50.475078938135894
2025-06-12 02:21:00,40.3
2025-06-12 19:06:00,99.2
2025-06-12 16:14:00,85.5
2025-06-12 15:40:00,62.3
2025-06-12 22:29:00,66.5
2025-06-12 15:26:00,6.3
2025-06-12 12:54:00,76.2
2025-06-12 11:24:00,66.9
2025-06-12 19:12:00,85.2
2025-06-12 03:03:00,38.7
2025-06-12 16:23:00,32.4
2025-06-12 06:12:00,13.2
2025-06-12 06:57:00,73.6
2025-06-12 15:06:00,94.2
2025-06-12 17:38:00,50.475078938135894
2025-06-12 16:16:00,32.4
2025-06-12 01:52:00,73.6
2025-06-12 06:02:00,20.2
2025-06-12 02:10:00,50.475078938135894
2025-06-12 12:52:00,67.8
2025-06-12 18:41:00,64.1
2025-06-12 05:46:00,50.475078938135894
2025-06-12 01:08:00,65.7
2025-06-12 04:32:00,94.7
2025-06-12 01:04:00,84.4
2025-06-12 00:30:00,96.6
2025-06-12 15:26:00,92.5
2025-06-12 18:27:00,50.475078938135894
2025-06-12 08:06:00,91.1
2025-06-12 13:13:00,1.1
2025-06-12 11:55:00,76.1
2025-06-12 20:01:00,50.475078938135894
2025-06-12 16:03:00,50.475078938135894
2025-06-12 18:51:00,0.7
2025-06-12 15:58:00,32.9
2025-06-12 21:56:00,55.9
2025-06-12 00:03:00,98.7
2025-06-12 06:06:00,98.0
2025-06-12 00:28:00,90.3
2025-06-12 19:31:00,50.2
2025-06-12 12:46:00,89.9
2025-06-12 19:04:00,50.475078938135894
2025-06-12 04:12:00,50.475078938135894
2025-06-12 06:42:00,61.2
2025-06-12 04:04:00,50.2
2025-06-12 16:52:00,16.3
2025-06-12 19:07:00,71.2
2025-06-12 07:44:00,18.1
2025-06-12 18:24:00,31.2
2025-06-12 09:22:00,87.5
2025-06-12 10:50:00,65.0
2025-06-12 22:41:00,39.3
2025-06-12 01:29:00,9.2
2025-06-12 22:09:00,50.475078938135894
2025-06-12 10:12:00,50.475078938135894
2025-06-12 13:04:00,89.0
2025-06-12 15:23:00,19.9
2025-06-12 22:33:00,98.7
2025-06-12 14:49:00,50.475078938135894
2025-06-12 07:19:00,45.7
2025-06-12 04:59:00,60.1
2025-06-12 13:06:00,69.1
2025-06-12 07:52:00,91.7
2025-06-12 22:16:00,22.0
2025-06-12 18:59:00,53.6
2025-06-12 18:55:00,23.7
2025-06-12 06:17:00,44.2
2025-06-12 05:39:00,12.7
2025-06-12 18:10:00,50.475078938135894
2025-06-12 19:28:00,99.5
2025-06-12 14:00:00,84.5
2025-06-12 00:43:00,67.4
2025-06-12 02:35:00,69.5
2025-06-12 20:18:00,19.9
2025-06-12 23:39:00,99.7
2025-06-12 05:38:00,43.4
2025-06-12 00:30:00,92.3
2025-06-12 17:06:00,81.7
2025-06-12 13:55:00,89.7
2025-06-12 12:32:00,48.1
2025-06-12 20:07:00,50.475078938135894
2025-06-12 06:56:00,7.9
2025-06-12 20:36:00,29.0
2025-06-12 02:44:00,63.2
2025-06-12 11:07:00,50.475078938135894
2025-06-12 12:51:00,53.0
2025-06-12 14:03:00,75.0
2025-06-12 22:38:00,54.2
2025-06-12 10:57:00,19.1
2025-06-12 12:36:00,61.6
2025-06-12 00:42:00,50.475078938135894
2025-06-12 20:51:00,58.1
2025-06-12 04:50:00,5.2
2025-06-12 14:16:00,50.475078938135894
2025-06-12 00:34:00,35.8
2025-06-12 02:42:00,27.4
2025-06-12 05:40:00,84.3
2025-06-12 07:30:00,54.6
2025-06-12 23:45:00,95.1
2025-06-12 04:23:00,45.2
2025-06-12 01:43:00,25.7
2025-06-12 01:15:00,50.475078938135894
2025-06-12 10:51:00,39.5
2025-06-12 15:57:00,74.8
2025-06-12 23:30:00,16.5
2025-06-12 14:18:00,30.5
2025-06-12 06:10:00,64.6
2025-06-12 17:10:00,6.2
2025-06-12 05:39:00,43.3
2025-06-12 16:10:00,37.6
2025-06-12 01:53:00,8.7
2025-06-12 23:43:00,50.475078938135894
2025-06-12 20:30:00,8.8
2025-06-12 06:31:00,38.0
2025-06-12 19:41:00,50.475078938135894
2025-06-12 16:46:00,65.6
2025-06-12 20:37:00,15.1
2025-06-12 14:39:00,38.0
2025-06-12 23:24:00,42.8
2025-06-12 07:34:00,20.3
2025-06-12 02:56:00,45.3
2025-06-12 15:19:00,83.6
2025-06-12 06:55:00,50.475078938135894
2025-06-12 21:12:00,74.9
2025-06-12 21:17:00,12.5
2025-06-12 09:14:00,91.1
2025-06-12 03:24:00,32.9
2025-06-12 05:06:00,53.8
2025-06-12 17:43:00,69.9
2025-06-12 05:47:00,10.6
2025-06-12 14:58:00,36.0
2025-06-12 12:59:00,18.9
2025-06-12 08:02:00,49.4
2025-06-12 13:15:00,50.475078938135894
2025-06-12 09:56:00,50.475078938135894
2025-06-12 22:41:00,29.2
2025-06-12 09:13:00,36.8
2025-06-12 09:13:00,15.6
2025-06-12 04:20:00,50.475078938135894
2025-06-12 09:36:00,3.1
2025-06-12 08:58:00,61.2
2025-06-12 13:56:00,48.1
2025-06-12 22:02:00,24.5
2025-06-12 20:00:00,97.3
2025-06-12 17:08:00,18.0
2025-06-12 02:40:00,72.1
2025-06-12 01:01:00,59.3
2025-06-12 13:47:00,58.5
2025-06-12 00:02:00,50.475078938135894
2025-06-12 01:07:00,75.3
2025-06-12 15:49:00,13.9
2025-06-12 21:37:00,33.0
2025-06-12 20:40:00,98.6
2025-06-12 13:23:00,34.2
2025-06-12 09:36:00,39.7
2025-06-12 09:48:00,12.3
2025-06-12 17:55:00,63.1
2025-06-12 10:55:00,26.4
2025-06-12 07:08:00,79.3
2025-06-12 03:27:00,72.0
2025-06-12 16:13:00,50.475078938135894
2025-06-12 12:50:00,20.8
2025-06-12 21:21:00,50.475078938135894
2025-06-12 09:27:00,42.3
2025-06-12 22:29:00,38.8
2025-06-12 01:00:00,93.1
2025-06-12 05:13:00,40.5
2025-06-12 19:02:00,60.8
2025-06-12 11:58:00,50.475078938135894
2025-06-12 05:32:00,75.4
2025-06-12 10:30:00,47.4
2025-06-12 08:54:00,20.1
2025-06-12 15:13:00,76.9
2025-06-12 23:05:00,10.7
2025-06-12 17:08:00,33.4
2025-06-12 06:45:00,17.1
2025-06-12 19:26:00,21.4
2025-06-12 09:06:00,50.475078938135894
2025-06-12 07:27:00,50.475078938135894
2025-06-12 01:36:00,50.475078938135894
2025-06-12 21:58:00,58.8
2025-06-12 03:20:00,93.5
2025-06-12 17:31:00,97.1
2025-06-12 03:29:00,68.7
2025-06-12 01:09:00,67.5
2025-06-12 09:34:00,93.2
2025-06-12 13:47:00,50.475078938135894
2025-06-12 11:34:00,80.3
2025-06-12 04:15:00,7.5
2025-06-12 19:00:00,79.8
2025-06-12 10:40:00,50.475078938135894
2025-06-12 16:19:00,0.5
2025-06-12 01:28:00,9.4
2025-06-12 06:41:00,21.6
2025-06-12 09:08:00,31.9
2025-06-12 17:01:00,0.9
2025-06-12 07:31:00,55.6
2025-06-12 21:01:00,15.5
2025-06-12 10:21:00,88.8
2025-06-12 05:59:00,29.6
2025-06-12 03:41:00,14.1
2025-06-12 18:52:00,76.1
2025-06-12 13:57:00,19.0
2025-06-12 15:22:00,95.8
2025-06-12 17:29:00,82.3
2025-06-12 09:30:00,35.0
2025-06-12 02:36:00,47.1
2025-06-12 18:59:00,68.9
2025-06-12 04:46:00,99.4
2025-06-12 02:48:00,10.0
2025-06-12 04:41:00,50.475078938135894
2025-06-12 22:08:00,61.3
2025-06-12 12:15:00,63.0
2025-06-12 20:52:00,70.7
2025-06-12 23:08:00,96.0
2025-06-12 12:28:00,50.475078938135894
2025-06-12 02:26:00,86.4
2025-06-12 23:51:00,57.7
2025-06-12 13:26:00,85.2
2025-06-12 17:49:00,59.8
2025-06-12 20:09:00,49.8
2025-06-12 20:09:00,73.2
2025-06-12 03:01:00,30.4
2025-06-12 04:55:00,50.475078938135894
2025-06-12 11:54:00,84.3
2025-06-12 09:47:00,7.4
2025-06-12 08:17:00,59.8
2025-06-12 17:03:00,38.1
2025-06-12 01:46:00,50.475078938135894
2025-06-12 16:46:00,54.9
2025-06-12 15:09:00,50.475078938135894
2025-06-12 05:25:00,11.8
2025-06-12 16:40:00,46.5
2025-06-12 00:47:00,13.6
2025-06-12 17:40:00,13.1
2025-06-12 07:12:00,79.0
2025-06-12 19:47:00,76.2
2025-06-12 09:31:00,11.4
2025-06-12 10:38:00,14.5
2025-06-12 15:12:00,99.2
2025-06-12 13:34:00,0.8
2025-06-12 16:44:00,11.9
2025-06-12 18:16:00,37.2
2025-06-12 19:15:00,33.0
2025-06-12 09:29:00,93.6
2025-06-12 02:14:00,30.8
2025-06-12 08:59:00,37.2
2025-06-12 19:51:00,48.0
2025-06-12 16:05:00,26.0
2025-06-12 00:44:00,4.3
2025-06-12 03:06:00,43.9
2025-06-12 10:56:00,47.8
2025-06-12 22:17:00,57.5
2025-06-12 03:32:00,59.2
2025-06-12 04:03:00,2.4
2025-06-12 01:17:00,58.1
2025-06-12 16:38:00,55.0
2025-06-12 11:38:00,12.0
2025-06-12 23:30:00,89.5
2025-06-12 15:53:00,50.475078938135894
2025-06-12 02:32:00,50.3
2025-06-12 03:29:00,43.1
2025-06-12 08:39:00,20.2
2025-06-12 17:00:00,50.475078938135894
2025-06-12 10:30:00,47.5
2025-06-12 00:05:00,17.6
2025-06-12 10:54:00,50.475078938135894
2025-06-12 04:55:00,31.3
2025-06-12 08:13:00,68.5
2025-06-12 22:32:00,28.4
2025-06-12 13:43:00,49.5
2025-06-12 18:52:00,81.3
2025-06-12 01:30:00,16.0
2025-06-12 12:33:00,64.8
2025-06-12 14:44:00,93.7
2025-06-12 21:48:00,26.9
2025-06-12 07:23:00,41.9
2025-06-12 18:22:00,59.9
2025-06-12 09:28:00,96.0
2025-06-12 14:17:00,76.1
2025-06-12 04:29:00,63.1
2025-06-12 12:14:00,46.4
2025-06-12 13:30:00,45.6
2025-06-12 03:38:00,1.0
2025-06-12 12:36:00,76.8
2025-06-12 06:48:00,88.7
2025-06-12 11:14:00,13.4
2025-06-12 19:17:00,89.5
2025-06-12 13:41:00,53.4
2025-06-12 05:25:00,50.475078938135894
2025-06-12 01:43:00,54.8
2025-06-12 16:29:00,65.2
2025-06-12 03:10:00,59.5
2025-06-12 22:56:00,17.0
2025-06-12 15:34:00,53.7
2025-06-12 22:09:00,63.2
2025-06-12 14:08:00,14.4
2025-06-12 10:36:00,50.475078938135894
2025-06-12 12:30:00,50.475078938135894
2025-06-12 02:11:00,50.475078938135894
2025-06-12 01:15:00,27.1
2025-06-12 01:58:00,77.6
2025-06-12 03:11:00,31.1
2025-06-12 17:08:00,53.3
2025-06-12 07:15:00,64.3
2025-06-12 09:11:00,85.3
2025-06-12 01:15:00,25.6
2025-06-12 21:51:00,82.5
2025-06-12 14:55:00,24.3
2025-06-12 01:09:00,16.8
2025-06-12 21:28:00,75.2
2025-06-12 19:37:00,93.2
2025-06-12 09:20:00,82.1
2025-06-12 00:14:00,50.475078938135894
2025-06-12 15:27:00,80.6
2025-06-12 14:45:00,38.7
2025-06-12 03:33:00,50.1
2025-06-12 13:19:00,65.8
2025-06-12 22:07:00,18.1
2025-06-12 00:00:00,38.5
2025-06-12 01:45:00,21.8
2025-06-12 02:50:00,4.3
2025-06-12 06:19:00,87.1
2025-06-12 02:50:00,12.1
2025-06-12 20:49:00,2.7
2025-06-12 15:47:00,53.8
2025-06-12 22:59:00,50.492298592215775
2025-06-12 04:42:00,65.4
2025-06-12 16:20:00,92.5
2025-06-12 13:49:00,50.492298592215775
2025-06-12 02:49:00,95.3
2025-06-12 16:55:00,15.6
2025-06-12 12:14:00,58.9
2025-06-12 12:46:00,50.492298592215775
2025-06-12 12:40:00,14.5
2025-06-12 15:28:00,46.3
2025-06-12 11:32:00,96.7
2025-06-12 18:19:00,50.492298592215775
2025-06-12 17:59:00,29.7
2025-06-12 22:48:00,73.7
2025-06-12 03:24:00,35.5
2025-06-12 18:53:00,62.6
2025-06-12 12:48:00,63.6
2025-06-12 02:19:00,2.8
2025-06-12 20:27:00,33.7
2025-06-12 04:37:00,59.9
2025-06-12 14:01:00,30.9
2025-06-12 18:53:00,36.5
2025-06-12 15:10:00,7.3
2025-06-12 19:17:00,54.2
2025-06-12 18:07:00,66.3
2025-06-12 07:26:00,78.3
2025-06-12 19:49:00,30.8
2025-06-12 14:14:00,88.2
2025-06-12 12:03:00,60.7
2025-06-12 06:38:00,98.1
2025-06-12 14:23:00,50.492298592215775
2025-06-12 00:28:00,87.6
2025-06-12 14:31:00,19.5
2025-06-12 23:41:00,84.1
2025-06-12 05:50:00,50.492298592215775
2025-06-12 11:16:00,88.3
2025-06-12 09:15:00,45.1
2025-06-12 05:45:00,20.6
2025-06-12 17:16:00,19.1
2025-06-12 01:48:00,69.4
2025-06-12 17:44:00,59.9
2025-06-12 11:21:00,95.3
2025-06-12 00:52:00,51.1
2025-06-12 15:25:00,81.4
2025-06-12 10:24:00,3.9
2025-06-12 22:14:00,37.8
2025-06-12 14:42:00,14.2
2025-06-12 23:49:00,62.9
2025-06-12 02:38:00,82.7
2025-06-12 14:28:00,26.0
2025-06-12 21:05:00,5.9
2025-06-12 03:08:00,50.492298592215775
2025-06-12 17:55:00,36.2
2025-06-12 21:06:00,46.1
2025-06-12 04:26:00,69.9
2025-06-12 08:24:00,50.492298592215775
2025-06-12 23:30:00,72.1
2025-06-12 15:24:00,89.5
2025-06-12 18:56:00,99.8
2025-06-12 16:16:00,95.4
2025-06-12 15:57:00,14.7
2025-06-12 01:31:00,75.4
2025-06-12 12:55:00,10.5
2025-06-12 17:22:00,89.6
2025-06-12 23:07:00,35.6
2025-06-12 15:00:00,17.9
2025-06-12 06:05:00,50.492298592215775
2025-06-12 21:16:00,14.6
2025-06-12 15:08:00,9.7
2025-06-12 09:18:00,25.1
2025-06-12 13:11:00,65.9
2025-06-12 20:39:00,49.6
2025-06-12 15:25:00,20.7
2025-06-12 14:31:00,54.5
2025-06-12 15:26:00,55.6
2025-06-12 02:24:00,70.3
2025-06-12 20:15:00,52.2
2025-06-12 16:13:00,54.1
2025-06-12 08:56:00,39.8
2025-06-12 07:29:00,49.2
2025-06-12 08:50:00,5.1
2025-06-12 13:41:00,36.6
2025-06-12 17:30:00,64.3
2025-06-12 20:15:00,73.9
2025-06-12 10:29:00,57.0
2025-06-12 18:22:00,80.6
2025-06-12 10:18:00,50.492298592215775
2025-06-12 17:06:00,13.5
2025-06-12 14:31:00,27.4
2025-06-12 10:31:00,59.0
2025-06-12 04:12:00,50.492298592215775
2025-06-12 15:46:00,62.7
2025-06-12 20:19:00,24.3
2025-06-12 20:09:00,50.492298592215775
2025-06-12 11:15:00,6.3
2025-06-12 02:00:00,50.492298592215775
2025-06-12 05:51:00,93.7
2025-06-12 10:30:00,38.1
2025-06-12 09:51:00,86.5
2025-06-12 22:25:00,70.1
2025-06-12 15:16:00,32.3
2025-06-12 20:38:00,4.5
2025-06-12 19:31:00,13.8
2025-06-12 20:13:00,50.492298592215775
2025-06-12 06:04:00,73.4
2025-06-12 23:06:00,69.4
2025-06-12 21:51:00,17.2
2025-06-12 22:36:00,79.4
2025-06-12 00:16:00,62.3
2025-06-12 18:15:00,93.8
2025-06-12 01:38:00,99.0
2025-06-12 08:36:00,4.0
2025-06-12 01:46:00,50.492298592215775
2025-06-12 10:20:00,98.5
2025-06-12 19:09:00,76.2
2025-06-12 05:53:00,13.9
2025-06-12 16:42:00,88.3
2025-06-12 03:39:00,83.3
2025-06-12 04:04:00,52.9
2025-06-12 20:59:00,35.9
2025-06-12 15:53:00,31.4
2025-06-12 15:34:00,81.0
2025-06-12 22:57:00,30.2
2025-06-12 09:42:00,6.7
2025-06-12 13:44:00,36.7
2025-06-12 11:44:00,29.9
2025-06-12 07:32:00,71.8
2025-06-12 01:27:00,27.3
2025-06-12 18:45:00,17.9
2025-06-12 16:53:00,87.3
2025-06-12 08:31:00,49.3
2025-06-12 14:51:00,72.1
2025-06-12 15:31:00,37.2
2025-06-12 23:07:00,98.8
2025-06-12 22:30:00,98.5
2025-06-12 14:36:00,82.3
2025-06-12 23:37:00,65.7
2025-06-12 20:45:00,50.492298592215775
2025-06-12 10:58:00,96.0
2025-06-12 15:10:00,84.9
2025-06-12 23:56:00,34.2
2025-06-12 15:18:00,82.6
2025-06-12 10:16:00,79.5
2025-06-12 08:37:00,8.8
2025-06-12 06:52:00,54.5
2025-06-12 08:02:00,79.7
2025-06-12 14:09:00,55.8
2025-06-12 06:59:00,95.8
2025-06-12 01:05:00,87.8
2025-06-12 17:19:00,33.7
2025-06-12 06:41:00,58.4
2025-06-12 06:59:00,38.5
2025-06-12 23:02:00,40.2
2025-06-12 06:12:00,95.4
2025-06-12 22:00:00,62.8
2025-06-12 17:34:00,50.492298592215775
2025-06-12 10:23:00,92.6
2025-06-12 00:36:00,15.5
2025-06-12 16:37:00,50.492298592215775
2025-06-12 06:08:00,50.492298592215775
2025-06-12 03:45:00,22.5
2025-06-12 21:49:00,95.1
2025-06-12 22:20:00,50.492298592215775
2025-06-12 11:34:00,97.4
2025-06-12 16:37:00,50.492298592215775
2025-06-12 14:08:00,50.492298592215775
2025-06-12 09:23:00,47.6
2025-06-12 13:36:00,9.6
2025-06-12 12:44:00,83.8
2025-06-12 08:21:00,80.2
2025-06-12 19:07:00,47.5
2025-06-12 03:21:00,50.492298592215775
2025-06-12 02:51:00,11.7
2025-06-12 08:58:00,50.492298592215775
2025-06-12 07:49:00,50.492298592215775
2025-06-12 18:40:00,61.0
2025-06-12 12:17:00,43.8
2025-06-12 20:47:00,91.9
2025-06-12 15:59:00,59.7
2025-06-12 13:52:00,67.1
2025-06-12 17:13:00,26.7
2025-06-12 07:46:00,73.6
2025-06-12 06:05:00,81.9
2025-06-12 18:22:00,91.1
2025-06-12 04:15:00,50.492298592215775
2025-06-12 09:54:00,79.3
2025-06-12 03:45:00,42.1
2025-06-12 17:33:00,77.7
2025-06-12 11:05:00,97.0
2025-06-12 15:47:00,34.3
2025-06-12 07:50:00,50.492298592215775
2025-06-12 04:34:00,47.8
2025-06-12 08:03:00,48.3
2025-06-12 08:22:00,27.4
2025-06-12 02:30:00,12.2
2025-06-12 05:26:00,59.3
2025-06-12 12:13:00,92.1
2025-06-12 09:25:00,68.2
2025-06-12 08:34:00,41.4
2025-06-12 23:17:00,50.492298592215775
2025-06-12 21:20:00,46.0
2025-06-12 19:14:00,50.492298592215775
2025-06-12 01:32:00,74.0
2025-06-12 01:11:00,34.5
2025-06-12 21:14:00,20.5
2025-06-12 07:41:00,64.8
2025-06-12 20:20:00,42.4
2025-06-12 11:57:00,99.8
2025-06-12 07:16:00,27.6
2025-06-12 12:30:00,4.5
2025-06-12 22:13:00,76.5
2025-06-12 08:52:00,61.6
2025-06-12 04:45:00,72.9
2025-06-12 23:14:00,87.0
2025-06-12 18:02:00,31.2
2025-06-12 10:05:00,91.8
2025-06-12 10:04:00,50.492298592215775
2025-06-12 05:19:00,56.2
2025-06-12 04:36:00,81.1
2025-06-12 19:07:00,42.2
2025-06-12 13:32:00,57.5
2025-06-12 12:21:00,95.8
2025-06-12 10:03:00,39.8
2025-06-12 15:05:00,21.7
2025-06-12 02:44:00,50.492298592215775
2025-06-12 05:45:00,50.492298592215775
2025-06-12 05:12:00,8.0
2025-06-12 19:40:00,84.9
2025-06-12 03:47:00,2.1
2025-06-12 02:12:00,14.7
2025-06-12 01:37:00,82.2
2025-06-12 19:04:00,50.492298592215775
2025-06-12 20:36:00,48.7
2025-06-12 22:39:00,13.9
2025-06-12 07:26:00,16.8
2025-06-12 23:49:00,8.8
2025-06-12 11:48:00,37.7
2025-06-12 21:10:00,29.9
2025-06-12 15:20:00,50.492298592215775
2025-06-12 15:56:00,51.5
2025-06-12 06:58:00,7.8
2025-06-12 16:53:00,9.1
2025-06-12 08:27:00,82.5
2025-06-12 21:19:00,10.4
2025-06-12 07:28:00,11.1
2025-06-12 19:57:00,27.3
2025-06-12 00:35:00,11.6
2025-06-12 20:30:00,50.492298592215775
2025-06-12 02:32:00,78.6
2025-06-12 06:39:00,86.5
2025-06-12 11:24:00,95.4
2025-06-12 13:28:00,0.2
2025-06-12 00:57:00,73.8
2025-06-12 19:34:00,50.492298592215775
2025-06-12 15:04:00,50.492298592215775
2025-06-12 12:45:00,13.3
2025-06-12 16:01:00,50.492298592215775
2025-06-12 11:01:00,47.7
2025-06-12 11:47:00,79.8
2025-06-12 07:49:00,18.9
2025-06-12 01:39:00,45.2
2025-06-12 00:14:00,76.6
2025-06-12 12:16:00,46.5
2025-06-12 00:13:00,50.492298592215775
2025-06-12 21:45:00,34.7
2025-06-12 16:02:00,51.6
2025-06-12 22:06:00,64.1
2025-06-12 12:35:00,7.5
2025-06-12 11:19:00,30.9
2025-06-12 02:41:00,57.6
2025-06-12 07:08:00,36.4
2025-06-12 14:39:00,74.1
2025-06-12 03:12:00,88.5
2025-06-12 06:44:00,95.2
2025-06-12 07:16:00,52.9
2025-06-12 11:18:00,50.492298592215775
2025-06-12 14:14:00,8.0
2025-06-12 10:08:00,18.0
2025-06-12 19:11:00,69.1
2025-06-12 19:06:00,42.6
2025-06-12 20:28:00,4.8
2025-06-12 22:37:00,50.492298592215775
2025-06-12 01:01:00,27.9
2025-06-12 03:21:00,4.4
2025-06-12 12:07:00,5.1
2025-06-12 18:19:00,19.1
2025-06-12 23:41:00,95.6
2025-06-12 19:09:00,91.2
2025-06-12 02:31:00,53.7
2025-06-12 14:00:00,86.2
2025-06-12 12:33:00,69.2
2025-06-12 12:03:00,50.492298592215775
2025-06-12 03:17:00,50.492298592215775
2025-06-12 00:58:00,69.7
2025-06-12 16:19:00,50.492298592215775
2025-06-12 07:19:00,44.2
2025-06-12 02:05:00,67.3
2025-06-12 09:39:00,68.9
2025-06-12 22:38:00,64.3
2025-06-12 16:08:00,71.8
2025-06-12 05:53:00,2.5
2025-06-12 16:27:00,12.7
2025-06-12 03:38:00,88.8
2025-06-12 04:04:00,68.8
2025-06-12 15:16:00,48.7
2025-06-12 21:56:00,50.492298592215775
2025-06-12 20:26:00,0.9
2025-06-12 08:35:00,58.4
2025-06-12 11:01:00,32.4
2025-06-12 03:52:00,26.8
2025-06-12 17:38:00,50.492298592215775
2025-06-12 19:19:00,27.3
2025-06-12 07:28:00,50.492298592215775
2025-06-12 16:08:00,25.9
2025-06-12 06:32:00,50.492298592215775
2025-06-12 20:09:00,86.1
2025-06-12 06:12:00,84.8
2025-06-12 21:55:00,50.492298592215775
2025-06-12 03:04:00,76.7
2025-06-12 09:52:00,4.7
2025-06-12 14:09:00,60.1
2025-06-12 01:06:00,46.0
2025-06-12 18:56:00,53.5
2025-06-12 21:41:00,83.4
2025-06-12 10:25:00,42.3
2025-06-12 07:31:00,88.5
2025-06-12 21:37:00,20.5
2025-06-12 02:00:00,74.1
2025-06-12 01:02:00,77.4
2025-06-12 03:37:00,8.6
2025-06-12 01:38:00,86.1
2025-06-12 17:15:00,95.0
2025-06-12 23:26:00,50.492298592215775
2025-06-12 14:12:00,50.492298592215775
2025-06-12 16:56:00,88.5
2025-06-12 18:07:00,15.4
2025-06-12 12:39:00,61.5
2025-06-12 14:11:00,69.6
2025-06-12 11:17:00,91.1
2025-06-12 01:31:00,83.4
2025-06-12 06:51:00,91.8
2025-06-12 17:37:00,99.8
2025-06-12 10:18:00,97.9
2025-06-12 14:19:00,17.0
2025-06-12 01:16:00,52.2
2025-06-12 19:59:00,22.9
2025-06-12 13:40:00,89.4
2025-06-12 04:56:00,50.492298592215775
2025-06-12 03:40:00,87.5
2025-06-12 08:03:00,28.4
2025-06-12 05:47:00,65.8
2025-06-12 15:37:00,50.492298592215775
2025-06-12 02:47:00,27.9
2025-06-12 10:32:00,50.8
2025-06-12 11:29:00,27.6
2025-06-12 02:06:00,3.7
2025-06-12 17:04:00,80.8
2025-06-12 01:35:00,50.492298592215775
2025-06-12 14:29:00,64.2
2025-06-12 14:58:00,74.3
2025-06-12 19:55:00,50.190676567656766
2025-06-12 09:24:00,73.7
2025-06-12 20:19:00,50.190676567656766
2025-06-12 02:35:00,50.190676567656766
2025-06-12 06:38:00,11.2
2025-06-12 13:05:00,18.5
2025-06-12 06:41:00,95.7
2025-06-12 05:04:00,98.7
2025-06-12 17:06:00,9.3
2025-06-12 13:44:00,14.4
2025-06-12 00:02:00,81.0
2025-06-12 18:42:00,39.7
2025-06-12 02:55:00,20.2
2025-06-12 17:18:00,19.1
2025-06-12 13:42:00,68.4
2025-06-12 12:05:00,2.0
2025-06-12 23:55:00,50.190676567656766
2025-06-12 15:15:00,32.2
2025-06-12 18:02:00,49.3
2025-06-12 03:51:00,50.190676567656766
2025-06-12 09:17:00,50.190676567656766
2025-06-12 22:24:00,15.5
2025-06-12 04:38:00,51.7
2025-06-12 09:31:00,22.5
2025-06-12 16:17:00,17.3
2025-06-12 13:01:00,68.5
2025-06-12 07:21:00,60.8
2025-06-12 19:41:00,27.9
2025-06-12 02:42:00,20.4
2025-06-12 00:37:00,36.2
2025-06-12 23:09:00,61.4
2025-06-12 09:00:00,92.0
2025-06-12 00:11:00,16.9
2025-06-12 11:11:00,25.7
2025-06-12 22:27:00,5.3
2025-06-12 15:31:00,41.6
2025-06-12 16:53:00,74.8
2025-06-12 14:52:00,2.1
2025-06-12 09:04:00,50.190676567656766
2025-06-12 14:04:00,88.5
2025-06-12 11:24:00,36.7
2025-06-12 21:50:00,39.7
2025-06-12 04:57:00,50.190676567656766
2025-06-12 18:10:00,58.1
2025-06-12 07:24:00,99.2
2025-06-12 04:35:00,21.8
2025-06-12 04:04:00,15.0
2025-06-12 03:18:00,56.9
2025-06-12 19:58:00,19.2
2025-06-12 10:54:00,50.190676567656766
2025-06-12 04:36:00,50.190676567656766
2025-06-12 14:08:00,50.190676567656766
2025-06-12 18:03:00,88.7
2025-06-12 01:49:00,14.7
2025-06-12 03:52:00,22.3
2025-06-12 00:40:00,17.2
2025-06-12 13:40:00,50.190676567656766
2025-06-12 18:18:00,73.6
2025-06-12 15:53:00,47.6
2025-06-12 15:11:00,66.8
2025-06-12 17:19:00,72.0
2025-06-12 05:07:00,9.4
2025-06-12 18:21:00,89.6
2025-06-12 15:54:00,30.5
2025-06-12 01:26:00,50.190676567656766
2025-06-12 01:51:00,43.0
2025-06-12 20:30:00,51.3
2025-06-12 07:49:00,74.2
2025-06-12 05:45:00,9.7
2025-06-12 21:35:00,50.190676567656766
2025-06-12 10:34:00,50.190676567656766
2025-06-12 19:08:00,54.4
2025-06-12 01:08:00,75.3
2025-06-12 00:02:00,18.6
2025-06-12 11:55:00,50.190676567656766
2025-06-12 08:32:00,0.1
2025-06-12 08:24:00,25.9
2025-06-12 00:43:00,1.5
2025-06-12 23:55:00,87.0
2025-06-12 21:07:00,22.1
2025-06-12 13:18:00,1.6
2025-06-12 05:19:00,50.190676567656766
2025-06-12 03:04:00,83.6
2025-06-12 23:03:00,50.190676567656766
2025-06-12 14:48:00,50.190676567656766
2025-06-12 00:32:00,29.0
2025-06-12 22:57:00,82.9
2025-06-12 16:59:00,44.6
2025-06-12 07:12:00,52.9
2025-06-12 12:57:00,50.8
2025-06-12 04:17:00,46.1
2025-06-12 09:10:00,13.0
2025-06-12 14:45:00,62.8
2025-06-12 18:40:00,82.6
2025-06-12 15:36:00,98.7
2025-06-12 15:41:00,19.2
2025-06-12 03:50:00,24.1
2025-06-12 18:09:00,50.190676567656766
2025-06-12 22:30:00,50.190676567656766
2025-06-12 04:34:00,50.190676567656766
2025-06-12 21:29:00,44.9
2025-06-12 14:39:00,75.1
2025-06-12 11:22:00,5.8
2025-06-12 00:50:00,95.3
2025-06-12 06:50:00,52.7
2025-06-12 15:33:00,50.190676567656766
2025-06-12 03:34:00,50.190676567656766
2025-06-12 20:50:00,83.0
2025-06-12 09:50:00,97.2
2025-06-12 14:22:00,95.0
2025-06-12 12:53:00,50.190676567656766
2025-06-12 12:25:00,13.3
2025-06-12 20:39:00,18.1
2025-06-12 22:36:00,25.5
2025-06-12 22:52:00,35.9
2025-06-12 05:38:00,88.0
2025-06-12 01:52:00,83.9
2025-06-12 07:18:00,40.0
2025-06-12 10:03:00,56.6
2025-06-12 06:57:00,50.190676567656766
2025-06-12 08:57:00,24.8
2025-06-12 09:44:00,89.7
2025-06-12 00:01:00,50.190676567656766
2025-06-12 05:58:00,32.4
2025-06-12 08:59:00,35.9
2025-06-12 00:35:00,76.4
2025-06-12 06:37:00,50.190676567656766
2025-06-12 17:27:00,50.190676567656766
2025-06-12 20:58:00,50.190676567656766
2025-06-12 02:44:00,34.9
2025-06-12 14:55:00,92.7
2025-06-12 07:24:00,54.4
2025-06-12 20:35:00,50.190676567656766
2025-06-12 09:26:00,94.3
2025-06-12 23:36:00,22.4
2025-06-12 15:12:00,66.7
2025-06-12 19:54:00,68.7
2025-06-12 12:10:00,20.1
2025-06-12 23:44:00,59.0
2025-06-12 13:34:00,29.7
2025-06-12 19:18:00,35.5
2025-06-12 19:43:00,42.2
2025-06-12 06:49:00,50.190676567656766
2025-06-12 07:47:00,61.6
2025-06-12 07:02:00,21.0
2025-06-12 23:03:00,5.2
2025-06-12 03:50:00,37.6
2025-06-12 01:34:00,42.4
2025-06-12 21:24:00,89.2
2025-06-12 09:29:00,21.6
2025-06-12 18:25:00,62.9
2025-06-12 10:19:00,32.4
2025-06-12 17:58:00,31.3
2025-06-12 13:15:00,50.190676567656766
2025-06-12 22:16:00,50.190676567656766
2025-06-12 10:39:00,50.190676567656766
2025-06-12 20:35:00,26.6
2025-06-12 13:19:00,94.2
2025-06-12 20:10:00,51.8
2025-06-12 05:28:00,14.2
2025-06-12 20:04:00,90.7
2025-06-12 03:54:00,95.1
2025-06-12 04:04:00,71.0
2025-06-12 17:03:00,63.6
2025-06-12 04:23:00,9.9
2025-06-12 19:17:00,19.8
2025-06-12 11:15:00,60.6
2025-06-12 05:55:00,36.6
2025-06-12 03:19:00,66.6
2025-06-12 17:42:00,94.2
2025-06-12 10:21:00,50.190676567656766
2025-06-12 07:16:00,9.7
2025-06-12 14:23:00,51.6
2025-06-12 07:38:00,50.190676567656766
2025-06-12 03:27:00,43.1
2025-06-12 08:31:00,61.8
2025-06-12 01:35:00,54.3
2025-06-12 03:48:00,50.190676567656766
2025-06-12 02:56:00,95.7
2025-06-12 08:45:00,50.190676567656766
2025-06-12 02:29:00,8.5
2025-06-12 19:19:00,19.9
2025-06-12 05:03:00,13.8
2025-06-12 19:05:00,50.190676567656766
2025-06-12 23:46:00,50.190676567656766
2025-06-12 21:57:00,45.6
2025-06-12 04:16:00,17.8
2025-06-12 03:21:00,48.8
2025-06-12 17:23:00,48.8
2025-06-12 06:29:00,5.0
2025-06-12 05:51:00,50.190676567656766
2025-06-12 03:05:00,92.8
2025-06-12 03:11:00,45.8
2025-06-12 16:00:00,50.190676567656766
2025-06-12 16:03:00,25.6
2025-06-12 01:19:00,83.1
2025-06-12 15:10:00,39.9
2025-06-12 22:24:00,49.9
2025-06-12 11:54:00,87.0
2025-06-12 17:57:00,8.1
2025-06-12 07:34:00,13.0
2025-06-12 07:37:00,2.1
2025-06-12 03:07:00,50.190676567656766
2025-06-12 00:37:00,86.0
2025-06-12 10:32:00,57.0
2025-06-12 06:54:00,80.7
2025-06-12 02:59:00,15.1
2025-06-12 21:36:00,11.4
2025-06-12 08:23:00,18.8
2025-06-12 18:10:00,50.190676567656766
2025-06-12 17:39:00,50.7
2025-06-12 11:20:00,50.190676567656766
2025-06-12 20:13:00,88.1
2025-06-12 10:24:00,9.8
2025-06-12 17:24:00,88.3
2025-06-12 02:39:00,69.7
2025-06-12 09:33:00,29.2
2025-06-12 04:16:00,96.9
2025-06-12 10:51:00,82.3
2025-06-12 16:55:00,80.7
2025-06-12 22:27:00,78.1
2025-06-12 07:06:00,74.0
2025-06-12 17:30:00,100.0
2025-06-12 12:49:00,46.8
2025-06-12 17:23:00,12.3
2025-06-12 13:03:00,67.6
2025-06-12 08:34:00,50.190676567656766
2025-06-12 00:07:00,89.2
2025-06-12 11:47:00,10.3
2025-06-12 13:41:00,40.3
2025-06-12 13:04:00,43.5
2025-06-12 08:19:00,19.5
2025-06-12 23:48:00,50.190676567656766
2025-06-12 07:49:00,50.190676567656766
2025-06-12 12:29:00,98.2
2025-06-12 11:33:00,64.5
2025-06-12 14:45:00,58.9
2025-06-12 13:17:00,20.8
2025-06-12 11:25:00,50.190676567656766
2025-06-12 21:20:00,24.0
2025-06-12 12:59:00,50.190676567656766
2025-06-12 14:39:00,97.4
2025-06-12 20:53:00,43.0
2025-06-12 21:49:00,45.9
2025-06-12 23:09:00,4.3
2025-06-12 15:50:00,50.190676567656766
2025-06-12 10:18:00,80.6
2025-06-12 09:06:00,95.1
2025-06-12 00:42:00,24.1
2025-06-12 19:08:00,50.190676567656766
2025-06-12 04:08:00,30.7
2025-06-12 05:02:00,33.9
2025-06-12 03:18:00,57.2
2025-06-12 06:39:00,4.9
2025-06-12 07:16:00,86.7
2025-06-12 07:15:00,46.7
2025-06-12 18:55:00,19.7
2025-06-12 21:30:00,69.0
2025-06-12 10:45:00,31.2
2025-06-12 13:40:00,91.6
2025-06-12 09:27:00,50.190676567656766
2025-06-12 06:55:00,57.3
2025-06-12 05:02:00,14.2
2025-06-12 09:51:00,62.2
2025-06-12 00:53:00,13.0
2025-06-12 20:27:00,98.3
2025-06-12 17:05:00,5.0
2025-06-12 12:33:00,58.0
2025-06-12 13:51:00,80.2
2025-06-12 14:24:00,2.8
2025-06-12 01:48:00,14.2
2025-06-12 19:39:00,32.4
2025-06-12 03:35:00,97.0
2025-06-12 08:22:00,50.190676567656766
2025-06-12 06:35:00,51.0
2025-06-12 15:12:00,20.0
2025-06-12 11:51:00,57.4
2025-06-12 19:21:00,29.4
2025-06-12 14:40:00,3.8
2025-06-12 17:53:00,18.1
2025-06-12 17:29:00,50.190676567656766
2025-06-12 22:27:00,48.7
2025-06-12 04:11:00,4.6
2025-06-12 19:41:00,88.7
2025-06-12 00:06:00,25.8
2025-06-12 05:13:00,14.6
2025-06-12 03:12:00,96.5
2025-06-12 03:48:00,45.3
2025-06-12 13:49:00,34.4
2025-06-12 06:25:00,59.3
2025-06-12 12:53:00,47.1
2025-06-12 23:42:00,42.5
2025-06-12 12:56:00,25.1
2025-06-12 21:28:00,50.8
2025-06-12 22:00:00,50.7
2025-06-12 08:57:00,15.3
2025-06-12 22:00:00,97.5
2025-06-12 10:18:00,50.190676567656766
2025-06-12 02:11:00,7.3
2025-06-12 19:28:00,50.190676567656766
2025-06-12 02:59:00,61.0
2025-06-12 11:43:00,54.3
2025-06-12 21:23:00,81.2
2025-06-12 23:04:00,29.8
2025-06-12 03:47:00,13.3
2025-06-12 00:10:00,10.7
2025-06-12 09:41:00,15.8
2025-06-12 16:59:00,5.8
2025-06-12 17:37:00,60.5
2025-06-12 11:46:00,95.9
2025-06-12 10:46:00,28.4
2025-06-12 00:56:00,50.190676567656766
2025-06-12 08:28:00,60.6
2025-06-12 09:35:00,33.6
2025-06-12 21:07:00,16.5
2025-06-12 14:50:00,86.8
2025-06-12 19:17:00,75.9
2025-06-12 05:53:00,12.4
2025-06-12 02:34:00,96.2
2025-06-12 12:45:00,4.4
2025-06-12 17:21:00,53.2
2025-06-12 02:31:00,60.6
2025-06-12 17:09:00,34.0
2025-06-12 07:11:00,7.4
2025-06-12 03:16:00,54.0
2025-06-12 07:11:00,50.190676567656766
2025-06-12 15:29:00,50.190676567656766
2025-06-12 18:29:00,40.9
2025-06-12 16:33:00,52.3
2025-06-12 05:06:00,22.1
2025-06-12 01:58:00,97.9
2025-06-12 15:33:00,65.3
2025-06-12 17:35:00,78.8
2025-06-12 11:31:00,6.6
2025-06-12 22:54:00,27.2
2025-06-12 06:14:00,66.0
2025-06-12 03:22:00,36.0
2025-06-12 15:15:00,74.5
2025-06-12 04:41:00,91.0
2025-06-12 07:33:00,49.0
2025-06-12 21:18:00,65.7
2025-06-12 10:34:00,18.3
2025-06-12 16:50:00,50.190676567656766
2025-06-12 20:54:00,99.9
2025-06-12 21:36:00,15.7
2025-06-12 02:42:00,23.7
2025-06-12 13:17:00,19.0
2025-06-12 18:07:00,49.69925181201777
2025-06-12 01:02:00,13.4
2025-06-12 01:29:00,58.5
2025-06-12 11:59:00,99.1
2025-06-12 17:44:00,17.3
2025-06-12 20:25:00,49.69925181201777
2025-06-12 09:33:00,42.7
2025-06-12 22:28:00,28.6
2025-06-12 19:53:00,49.69925181201777
2025-06-12 17:03:00,0.2
2025-06-12 08:49:00,1.9
2025-06-12 19:25:00,63.5
2025-06-12 10:56:00,96.5
2025-06-12 16:19:00,49.69925181201777
2025-06-12 20:04:00,76.2
2025-06-12 22:53:00,49.69925181201777
2025-06-12 20:31:00,69.7
2025-06-12 01:09:00,6.0
2025-06-12 15:12:00,47.5
2025-06-12 05:00:00,49.69925181201777
2025-06-12 07:26:00,29.5
2025-06-12 02:13:00,0.8
2025-06-12 16:35:00,44.7
2025-06-12 23:17:00,31.7
2025-06-12 02:51:00,61.3
2025-06-12 20:27:00,21.9
2025-06-12 12:18:00,49.3
2025-06-12 14:27:00,48.8
2025-06-12 09:54:00,66.3
2025-06-12 11:03:00,50.4
2025-06-12 09:06:00,94.6
2025-06-12 02:36:00,20.1
2025-06-12 20:22:00,36.8
2025-06-12 17:28:00,49.69925181201777
2025-06-12 21:37:00,23.2
2025-06-12 20:00:00,76.5
2025-06-12 23:53:00,18.1
2025-06-12 08:53:00,100.0
2025-06-12 16:47:00,71.1
2025-06-12 14:50:00,87.0
2025-06-12 15:28:00,69.4
2025-06-12 19:32:00,36.3
2025-06-12 13:07:00,86.8
2025-06-12 15:16:00,20.1
2025-06-12 07:27:00,35.3
2025-06-12 06:10:00,49.69925181201777
2025-06-12 21:18:00,18.6
2025-06-12 23:50:00,65.9
2025-06-12 08:44:00,84.8
2025-06-12 16:05:00,89.6
2025-06-12 15:58:00,25.0
2025-06-12 01:17:00,17.8
2025-06-12 22:43:00,51.2
2025-06-12 07:17:00,49.69925181201777
2025-06-12 20:08:00,41.0
2025-06-12 11:50:00,49.9
2025-06-12 21:38:00,4.7
2025-06-12 04:18:00,79.4
2025-06-12 13:33:00,92.6
2025-06-12 08:22:00,29.4
2025-06-12 14:40:00,8.6
2025-06-12 04:04:00,70.5
2025-06-12 01:41:00,85.2
2025-06-12 19:04:00,4.1
2025-06-12 23:03:00,49.69925181201777
2025-06-12 14:25:00,23.8
2025-06-12 01:12:00,15.0
2025-06-12 05:56:00,45.3
2025-06-12 20:42:00,48.9
2025-06-12 22:18:00,30.2
2025-06-12 14:26:00,34.1
2025-06-12 22:22:00,29.0
2025-06-12 17:46:00,78.2
2025-06-12 12:56:00,80.6
2025-06-12 01:00:00,8.8
2025-06-12 23:41:00,98.9
2025-06-12 06:12:00,49.69925181201777
2025-06-12 02:53:00,41.6
2025-06-12 13:53:00,53.2
2025-06-12 11:49:00,10.0
2025-06-12 22:22:00,21.2
2025-06-12 02:46:00,24.3
2025-06-12 21:44:00,28.1
2025-06-12 19:05:00,40.0
2025-06-12 06:30:00,60.6
2025-06-12 03:08:00,26.1
2025-06-12 17:13:00,1.1
2025-06-12 16:58:00,43.4
2025-06-12 03:12:00,29.6
2025-06-12 03:56:00,81.8
2025-06-12 20:08:00,49.69925181201777
2025-06-12 21:25:00,90.2
2025-06-12 06:29:00,49.69925181201777
2025-06-12 10:35:00,63.0
2025-06-12 10:25:00,30.2
2025-06-12 04:53:00,60.0
2025-06-12 22:43:00,90.8
2025-06-12 18:13:00,86.4
2025-06-12 13:37:00,79.2
2025-06-12 03:36:00,49.69925181201777
2025-06-12 09:09:00,26.1
2025-06-12 03:07:00,64.0
2025-06-12 10:33:00,47.0
2025-06-12 19:58:00,39.7
2025-06-12 12:44:00,49.69925181201777
2025-06-12 16:26:00,68.5
2025-06-12 01:39:00,81.5
2025-06-12 22:32:00,42.8
2025-06-12 15:22:00,26.9
2025-06-12 02:15:00,49.69925181201777
2025-06-12 23:34:00,29.5
2025-06-12 04:14:00,26.5
2025-06-12 07:39:00,58.1
2025-06-12 05:22:00,49.69925181201777
2025-06-12 22:30:00,60.1
2025-06-12 17:28:00,63.9
2025-06-12 20:08:00,98.6
2025-06-12 20:35:00,86.2
2025-06-12 01:04:00,69.4
2025-06-12 04:48:00,59.6
2025-06-12 20:55:00,98.2
2025-06-12 11:41:00,49.69925181201777
2025-06-12 04:34:00,17.0
2025-06-12 18:58:00,25.6
2025-06-12 17:58:00,91.0
2025-06-12 03:04:00,79.8
2025-06-12 22:49:00,10.9
2025-06-12 08:26:00,45.2
2025-06-12 02:47:00,64.4
2025-06-12 10:25:00,49.69925181201777
2025-06-12 04:01:00,61.5
2025-06-12 04:36:00,43.4
2025-06-12 14:18:00,49.69925181201777
2025-06-12 07:41:00,13.1
2025-06-12 01:23:00,98.6
2025-06-12 14:47:00,68.5
2025-06-12 13:03:00,25.2
2025-06-12 16:43:00,12.2
2025-06-12 06:12:00,72.2
2025-06-12 18:48:00,71.6
2025-06-12 06:54:00,60.6
2025-06-12 22:30:00,67.5
2025-06-12 16:58:00,73.8
2025-06-12 19:15:00,13.9
2025-06-12 19:33:00,49.69925181201777
2025-06-12 19:36:00,0.7
2025-06-12 01:02:00,23.0
2025-06-12 11:07:00,85.0
2025-06-12 19:23:00,49.69925181201777
2025-06-12 11:11:00,68.8
2025-06-12 17:48:00,95.6
2025-06-12 04:22:00,61.0
2025-06-12 09:12:00,24.1
2025-06-12 11:34:00,79.7
2025-06-12 15:46:00,27.7
2025-06-12 08:15:00,49.69925181201777
2025-06-12 17:40:00,41.7
2025-06-12 22:20:00,37.6
2025-06-12 11:54:00,94.2
2025-06-12 17:18:00,24.7
2025-06-12 16:22:00,49.69925181201777
2025-06-12 22:50:00,65.3
2025-06-12 01:40:00,95.9
2025-06-12 04:46:00,49.69925181201777
2025-06-12 14:04:00,49.69925181201777
2025-06-12 20:45:00,45.0
2025-06-12 10:38:00,22.2
2025-06-12 04:16:00,49.69925181201777
2025-06-12 06:07:00,10.9
2025-06-12 07:20:00,71.9
2025-06-12 23:49:00,87.7
2025-06-12 15:58:00,74.1
2025-06-12 13:12:00,99.1
2025-06-12 15:20:00,45.9
2025-06-12 01:30:00,54.2
2025-06-12 01:01:00,50.6
2025-06-12 05:41:00,50.8
2025-06-12 22:20:00,49.69925181201777
2025-06-12 04:58:00,51.8
2025-06-12 22:08:00,53.8
2025-06-12 05:49:00,53.6
2025-06-12 01:51:00,49.69925181201777
2025-06-12 12:33:00,11.9
2025-06-12 22:26:00,36.4
2025-06-12 22:43:00,8.2
2025-06-12 11:27:00,83.9
2025-06-12 12:02:00,19.2
2025-06-12 07:21:00,70.3
2025-06-12 21:05:00,94.9
2025-06-12 19:02:00,95.7
2025-06-12 11:36:00,49.69925181201777
2025-06-12 11:46:00,26.9
2025-06-12 02:30:00,90.0
2025-06-12 11:30:00,61.2
2025-06-12 04:09:00,9.6
2025-06-12 16:20:00,38.5
2025-06-12 00:03:00,61.7
2025-06-12 10:02:00,93.1
2025-06-12 21:17:00,94.9
2025-06-12 18:35:00,49.69925181201777
2025-06-12 04:29:00,55.5
2025-06-12 17:56:00,49.69925181201777
2025-06-12 20:03:00,96.3
2025-06-12 08:11:00,38.6
2025-06-12 17:42:00,47.7
2025-06-12 08:32:00,49.69925181201777
2025-06-12 07:20:00,53.8
2025-06-12 15:04:00,60.4
2025-06-12 09:18:00,49.69925181201777
2025-06-12 02:22:00,28.7
2025-06-12 23:23:00,33.9
2025-06-12 11:11:00,83.6
2025-06-12 13:54:00,73.6
2025-06-12 03:02:00,87.7
2025-06-12 17:43:00,99.0
2025-06-12 03:36:00,52.7
2025-06-12 17:26:00,56.4
2025-06-12 06:14:00,9.9
2025-06-12 16:39:00,69.5
2025-06-12 18:53:00,78.5
2025-06-12 19:55:00,82.9
2025-06-12 17:56:00,56.9
2025-06-12 16:29:00,45.1
2025-06-12 09:20:00,58.0
2025-06-12 01:30:00,39.3
2025-06-12 03:09:00,52.5
2025-06-12 06:27:00,76.8
2025-06-12 14:08:00,14.6
2025-06-12 01:33:00,18.1
2025-06-12 19:36:00,49.69925181201777
2025-06-12 08:03:00,0.4
2025-06-12 06:35:00,74.1
2025-06-12 03:50:00,79.3
2025-06-12 02:11:00,96.5
2025-06-12 04:59:00,87.6
2025-06-12 14:22:00,46.5
2025-06-12 06:56:00,99.4
2025-06-12 05:09:00,49.69925181201777
2025-06-12 23:41:00,71.4
2025-06-12 16:19:00,49.69925181201777
2025-06-12 01:57:00,2.8
2025-06-12 15:38:00,49.69925181201777
2025-06-12 15:55:00,49.69925181201777
2025-06-12 14:58:00,57.3
2025-06-12 05:23:00,67.7
2025-06-12 22:17:00,6.6
2025-06-12 04:20:00,69.4
2025-06-12 16:37:00,35.2
2025-06-12 07:43:00,63.8
2025-06-12 15:00:00,5.5
2025-06-12 14:35:00,67.1
2025-06-12 12:56:00,37.5
2025-06-12 17:48:00,16.9
2025-06-12 07:13:00,69.7
2025-06-12 00:08:00,83.9
2025-06-12 01:47:00,4.3
2025-06-12 22:41:00,22.2
2025-06-12 16:38:00,50.2
2025-06-12 23:01:00,19.4
2025-06-12 22:06:00,88.1
2025-06-12 03:36:00,70.6
2025-06-12 17:18:00,48.0
2025-06-12 23:49:00,54.8
2025-06-12 15:54:00,35.4
2025-06-12 01:39:00,53.5
2025-06-12 01:04:00,82.0
2025-06-12 15:30:00,36.5
2025-06-12 06:11:00,18.6
2025-06-12 22:39:00,58.2
2025-06-12 11:42:00,23.5
2025-06-12 05:59:00,3.2
2025-06-12 10:34:00,75.5
2025-06-12 01:16:00,49.69925181201777
2025-06-12 04:01:00,17.5
2025-06-12 08:11:00,76.1
2025-06-12 07:31:00,49.69925181201777
2025-06-12 17:05:00,27.8
2025-06-12 02:15:00,25.0
2025-06-12 23:53:00,49.69925181201777
2025-06-12 06:32:00,93.6
2025-06-12 18:55:00,6.4
2025-06-12 11:05:00,42.0
2025-06-12 15:08:00,49.69925181201777
2025-06-12 11:56:00,44.1
2025-06-12 09:24:00,69.6
2025-06-12 22:39:00,96.4
2025-06-12 08:17:00,28.3
2025-06-12 08:41:00,49.69925181201777
2025-06-12 17:49:00,61.2
2025-06-12 10:48:00,83.6
2025-06-12 04:25:00,34.4
2025-06-12 10:34:00,49.69925181201777
2025-06-12 17:39:00,24.1
2025-06-12 00:47:00,79.0
2025-06-12 03:52:00,18.3
2025-06-12 12:55:00,49.69925181201777
2025-06-12 13:40:00,83.0
2025-06-12 18:16:00,84.2
2025-06-12 19:38:00,72.4
2025-06-12 13:16:00,85.6
2025-06-12 05:01:00,2.7
2025-06-12 10:16:00,9.8
2025-06-12 11:39:00,1.7
2025-06-12 10:45:00,63.2
2025-06-12 14:46:00,74.5
2025-06-12 07:56:00,9.6
2025-06-12 14:41:00,85.5
2025-06-12 20:35:00,93.5
2025-06-12 23:57:00,97.7
2025-06-12 15:56:00,9.7
2025-06-12 03:54:00,22.1
2025-06-12 02:30:00,49.69925181201777
2025-06-12 08:28:00,18.7
2025-06-12 20:14:00,1.7
2025-06-12 02:06:00,8.5
2025-06-12 05:10:00,39.8
2025-06-12 08:19:00,79.3
2025-06-12 12:33:00,92.1
2025-06-12 17:41:00,18.2
2025-06-12 02:19:00,86.6
2025-06-12 17:19:00,49.69925181201777
2025-06-12 20:14:00,61.6
2025-06-12 16:08:00,82.5
2025-06-12 09:37:00,91.4
2025-06-12 15:02:00,54.1
2025-06-12 19:27:00,49.69925181201777
2025-06-12 18:47:00,97.5
2025-06-12 01:16:00,10.7
2025-06-12 15:00:00,29.0
2025-06-12 14:02:00,27.7
2025-06-12 01:29:00,49.69925181201777
2025-06-12 13:10:00,11.8
2025-06-12 12:27:00,30.6
2025-06-12 22:40:00,29.7
2025-06-12 08:11:00,20.8
2025-06-12 11:20:00,61.8
2025-06-12 08:53:00,74.9
2025-06-12 15:22:00,92.7
2025-06-12 14:58:00,20.4
2025-06-12 10:47:00,46.5
2025-06-12 18:37:00,50.9
2025-06-12 12:31:00,49.69925181201777
2025-06-12 16:22:00,71.3
2025-06-12 12:53:00,49.69925181201777
2025-06-12 00:17:00,4.1
2025-06-12 19:52:00,33.4
2025-06-12 15:45:00,81.9
2025-06-12 13:15:00,48.5
2025-06-12 16:04:00,87.9
2025-06-12 20:44:00,65.2
2025-06-12 23:35:00,8.1
2025-06-12 05:05:00,67.1
2025-06-12 00:36:00,98.8
2025-06-12 02:31:00,39.6
2025-06-12 19:14:00,50.15234640140434
2025-06-12 05:52:00,83.9
2025-06-12 18:40:00,11.3
2025-06-12 09:54:00,21.8
2025-06-12 14:14:00,94.8
2025-06-12 05:54:00,4.5
2025-06-12 18:17:00,50.15234640140434
2025-06-12 11:11:00,8.0
2025-06-12 13:54:00,36.6
2025-06-12 14:27:00,67.6
2025-06-12 06:49:00,50.15234640140434
2025-06-12 14:35:00,88.8
2025-06-12 18:56:00,57.9
2025-06-12 23:18:00,82.4
2025-06-12 23:50:00,42.8
2025-06-12 18:18:00,5.6
2025-06-12 06:48:00,50.15234640140434
2025-06-12 21:48:00,50.15234640140434
2025-06-12 15:33:00,67.3
2025-06-12 10:10:00,61.4
2025-06-12 22:32:00,71.9
2025-06-12 11:37:00,14.7
2025-06-12 11:24:00,65.7
2025-06-12 20:05:00,9.6
2025-06-12 05:29:00,16.9
2025-06-12 02:20:00,12.8
2025-06-12 15:33:00,59.6
2025-06-12 18:32:00,10.4
2025-06-12 23:22:00,49.3
2025-06-12 11:16:00,50.15234640140434
2025-06-12 13:37:00,58.7
2025-06-12 12:27:00,59.0
2025-06-12 05:46:00,33.5
2025-06-12 12:49:00,50.15234640140434
2025-06-12 16:04:00,22.2
2025-06-12 09:40:00,50.15234640140434
2025-06-12 17:25:00,67.9
2025-06-12 18:49:00,72.3
2025-06-12 15:24:00,16.4
2025-06-12 23:36:00,35.9
2025-06-12 22:53:00,4.5
2025-06-12 15:13:00,39.8
2025-06-12 13:26:00,83.4
2025-06-12 16:57:00,90.5
2025-06-12 21:13:00,78.4
2025-06-12 16:29:00,35.5
2025-06-12 19:36:00,97.3
2025-06-12 14:09:00,50.15234640140434
2025-06-12 12:08:00,50.7
2025-06-12 13:58:00,71.8
2025-06-12 08:09:00,47.4
2025-06-12 23:01:00,89.5
2025-06-12 21:53:00,93.1
2025-06-12 07:09:00,61.0
2025-06-12 23:15:00,50.15234640140434
2025-06-12 02:59:00,50.15234640140434
2025-06-12 04:36:00,43.4
2025-06-12 01:57:00,68.6
2025-06-12 15:31:00,50.15234640140434
2025-06-12 18:58:00,42.8
2025-06-12 19:53:00,94.6
2025-06-12 15:02:00,51.7
2025-06-12 05:47:00,98.8
2025-06-12 15:19:00,50.5
2025-06-12 03:08:00,0.0
2025-06-12 13:21:00,50.15234640140434
2025-06-12 11:36:00,18.8
2025-06-12 10:38:00,87.9
2025-06-12 12:49:00,50.15234640140434
2025-06-12 17:06:00,68.6
2025-06-12 10:05:00,87.4
2025-06-12 01:18:00,63.9
2025-06-12 22:38:00,75.3
2025-06-12 13:32:00,50.15234640140434
2025-06-12 15:47:00,50.15234640140434
2025-06-12 12:31:00,4.8
2025-06-12 14:15:00,87.5
2025-06-12 10:52:00,15.2
2025-06-12 21:21:00,25.1
2025-06-12 21:22:00,50.15234640140434
2025-06-12 22:30:00,7.2
2025-06-12 02:19:00,50.15234640140434
2025-06-12 23:40:00,89.0
2025-06-12 10:36:00,50.15234640140434
2025-06-12 05:37:00,91.1
2025-06-12 17:59:00,47.4
2025-06-12 11:01:00,3.7
2025-06-12 11:03:00,97.0
2025-06-12 19:01:00,5.1
2025-06-12 05:44:00,50.15234640140434
2025-06-12 10:15:00,90.6
2025-06-12 00:40:00,21.2
2025-06-12 19:57:00,11.3
2025-06-12 07:06:00,87.0
2025-06-12 10:49:00,99.0
2025-06-12 22:21:00,89.9
2025-06-12 00:17:00,6.5
2025-06-12 10:17:00,95.0
2025-06-12 04:50:00,58.5
2025-06-12 13:47:00,43.2
2025-06-12 11:51:00,57.0
2025-06-12 22:35:00,84.9
2025-06-12 10:15:00,90.0
2025-06-12 01:42:00,34.6
2025-06-12 20:46:00,3.8
2025-06-12 23:05:00,13.6
2025-06-12 02:52:00,46.5
2025-06-12 02:17:00,16.5
2025-06-12 22:06:00,67.0
2025-06-12 06:51:00,89.1
2025-06-12 08:16:00,32.9
2025-06-12 11:48:00,34.7
2025-06-12 10:39:00,15.3
2025-06-12 22:20:00,68.5
2025-06-12 02:16:00,23.0
2025-06-12 11:33:00,98.5
2025-06-12 19:07:00,72.8
2025-06-12 17:58:00,50.15234640140434
2025-06-12 08:23:00,62.4
2025-06-12 16:30:00,28.6
2025-06-12 10:18:00,14.7
2025-06-12 20:58:00,7.6
2025-06-12 03:06:00,50.15234640140434
2025-06-12 12:04:00,54.4
2025-06-12 19:13:00,50.15234640140434
2025-06-12 05:21:00,50.15234640140434
2025-06-12 02:56:00,50.15234640140434
2025-06-12 16:52:00,88.5
2025-06-12 11:58:00,11.8
2025-06-12 04:33:00,66.5
2025-06-12 08:55:00,50.15234640140434
2025-06-12 10:23:00,6.5
2025-06-12 20:03:00,44.4
2025-06-12 09:53:00,0.8
2025-06-12 02:34:00,69.3
2025-06-12 19:13:00,22.5
2025-06-12 00:47:00,50.4
2025-06-12 11:02:00,19.2
2025-06-12 11:04:00,46.2
2025-06-12 10:57:00,47.9
2025-06-12 02:16:00,50.15234640140434
2025-06-12 05:43:00,39.9
2025-06-12 07:12:00,50.15234640140434
2025-06-12 08:46:00,27.4
2025-06-12 02:17:00,89.1
2025-06-12 11:46:00,72.4
2025-06-12 04:02:00,68.6
2025-06-12 05:18:00,48.5
2025-06-12 15:30:00,57.7
2025-06-12 17:44:00,55.7
2025-06-12 17:11:00,2.4
2025-06-12 15:29:00,43.2
2025-06-12 19:59:00,40.9
2025-06-12 02:40:00,13.4
2025-06-12 05:03:00,76.5
2025-06-12 21:11:00,50.15234640140434
2025-06-12 22:17:00,4.6
2025-06-12 20:36:00,37.9
2025-06-12 05:36:00,40.6
2025-06-12 04:48:00,50.15234640140434
2025-06-12 16:07:00,70.8
2025-06-12 11:25:00,54.3
2025-06-12 19:39:00,11.8
2025-06-12 19:14:00,93.2
2025-06-12 15:00:00,37.8
2025-06-12 13:08:00,19.4
2025-06-12 19:02:00,56.3
2025-06-12 07:46:00,43.8
2025-06-12 07:38:00,76.8
2025-06-12 12:27:00,28.9
2025-06-12 19:35:00,18.2
2025-06-12 23:55:00,50.15234640140434
2025-06-12 15:42:00,98.0
2025-06-12 09:49:00,33.3
2025-06-12 23:22:00,63.4
2025-06-12 05:02:00,67.1
2025-06-12 14:38:00,50.15234640140434
2025-06-12 15:57:00,32.3
2025-06-12 17:38:00,59.7
2025-06-12 10:03:00,50.15234640140434
2025-06-12 01:06:00,26.6
2025-06-12 19:03:00,60.0
2025-06-12 11:44:00,19.9
2025-06-12 20:34:00,14.8
2025-06-12 23:20:00,52.4
2025-06-12 10:49:00,50.15234640140434
2025-06-12 17:06:00,89.6
2025-06-12 07:12:00,78.3
2025-06-12 02:10:00,15.3
2025-06-12 09:39:00,49.2
2025-06-12 03:15:00,21.3
2025-06-12 06:07:00,60.8
2025-06-12 08:43:00,62.1
2025-06-12 00:40:00,66.4
2025-06-12 14:09:00,84.5
2025-06-12 12:10:00,50.15234640140434
2025-06-12 07:52:00,32.3
2025-06-12 00:11:00,44.5
2025-06-12 11:06:00,25.7
2025-06-12 08:32:00,50.15234640140434
2025-06-12 08:26:00,50.15234640140434
2025-06-12 07:04:00,45.4
2025-06-12 23:20:00,50.15234640140434
2025-06-12 12:18:00,50.15234640140434
2025-06-12 04:11:00,77.9
2025-06-12 14:44:00,59.5
2025-06-12 13:00:00,45.3
2025-06-12 21:54:00,50.15234640140434
2025-06-12 20:39:00,13.7
2025-06-12 08:53:00,61.1
2025-06-12 03:45:00,96.6
2025-06-12 14:36:00,50.15234640140434
2025-06-12 10:51:00,95.4
2025-06-12 14:37:00,50.15234640140434
2025-06-12 08:26:00,52.3
2025-06-12 20:58:00,54.9
2025-06-12 15:34:00,50.15234640140434
2025-06-12 12:12:00,80.7
2025-06-12 12:05:00,14.5
2025-06-12 19:23:00,50.15234640140434
2025-06-12 23:14:00,94.6
2025-06-12 20:52:00,17.7
2025-06-12 13:24:00,85.7
2025-06-12 02:06:00,57.8
2025-06-12 12:20:00,35.7
2025-06-12 01:01:00,51.0
2025-06-12 16:01:00,85.9
2025-06-12 09:53:00,32.9
2025-06-12 22:31:00,4.1
2025-06-12 16:44:00,50.15234640140434
2025-06-12 06:43:00,50.15234640140434
2025-06-12 19:29:00,34.9
2025-06-12 03:08:00,92.4
2025-06-12 12:56:00,61.4
2025-06-12 19:28:00,73.5
2025-06-12 11:13:00,54.8
2025-06-12 09:36:00,70.6
2025-06-12 02:28:00,88.3
2025-06-12 18:40:00,73.5
2025-06-12 07:42:00,99.5
2025-06-12 04:09:00,6.3
2025-06-12 23:58:00,67.5
2025-06-12 23:07:00,40.1
2025-06-12 13:45:00,10.2
2025-06-12 04:45:00,34.2
2025-06-12 13:44:00,99.2
2025-06-12 10:13:00,63.8
2025-06-12 22:46:00,68.1
2025-06-12 18:50:00,50.15234640140434
2025-06-12 09:06:00,33.2
2025-06-12 01:47:00,86.8
2025-06-12 21:25:00,26.2
2025-06-12 06:32:00,86.4
2025-06-12 12:47:00,50.15234640140434
2025-06-12 01:55:00,71.3
2025-06-12 12:24:00,11.1
2025-06-12 11:21:00,40.6
2025-06-12 19:50:00,47.5
2025-06-12 16:43:00,65.7
2025-06-12 12:18:00,19.2
2025-06-12 15:14:00,50.15234640140434
2025-06-12 00:42:00,67.3
2025-06-12 20:27:00,59.0
2025-06-12 12:03:00,50.8
2025-06-12 23:31:00,66.0
2025-06-12 10:55:00,65.2
2025-06-12 20:27:00,13.0
2025-06-12 18:30:00,19.9
2025-06-12 23:16:00,61.0
2025-06-12 18:12:00,9.2
2025-06-12 04:44:00,61.5
2025-06-12 11:05:00,39.2
2025-06-12 05:25:00,9.6
2025-06-12 06:37:00,16.6
2025-06-12 13:23:00,89.3
2025-06-12 21:44:00,82.8
2025-06-12 03:12:00,37.6
2025-06-12 18:58:00,97.1
2025-06-12 12:59:00,73.9
2025-06-12 06:07:00,18.6
2025-06-12 14:20:00,50.15234640140434
2025-06-12 10:57:00,28.2
2025-06-12 03:18:00,83.4
2025-06-12 02:16:00,39.7
2025-06-12 19:48:00,27.3
2025-06-12 18:06:00,69.2
2025-06-12 00:50:00,82.2
2025-06-12 22:15:00,17.0
2025-06-12 18:45:00,6.9
2025-06-12 01:15:00,5.3
2025-06-12 21:32:00,50.15234640140434
2025-06-12 03:17:00,94.9
2025-06-12 23:24:00,41.2
2025-06-12 01:34:00,43.8
2025-06-12 12:57:00,53.2
2025-06-12 10:43:00,50.15234640140434
2025-06-12 21:25:00,43.1
2025-06-12 03:54:00,53.2
2025-06-12 20:36:00,13.6
2025-06-12 19:37:00,50.15234640140434
2025-06-12 04:46:00,22.2
2025-06-12 14:22:00,50.15234640140434
2025-06-12 13:44:00,21.6
2025-06-12 17:03:00,50.15234640140434
2025-06-12 15:57:00,50.15234640140434
2025-06-12 07:20:00,72.6
2025-06-12 02:11:00,59.5
2025-06-12 21:59:00,62.0
2025-06-12 08:24:00,88.3
2025-06-12 08:45:00,70.5
2025-06-12 22:41:00,69.4
2025-06-12 01:33:00,23.2
2025-06-12 08:13:00,14.1
2025-06-12 12:02:00,50.15234640140434
2025-06-12 19:39:00,54.0
2025-06-12 06:20:00,43.0
2025-06-12 22:48:00,36.8
2025-06-12 17:00:00,67.7
2025-06-12 06:51:00,18.3
2025-06-12 17:36:00,81.0
2025-06-12 06:53:00,41.8
2025-06-12 03:14:00,76.9
2025-06-12 22:21:00,61.5
2025-06-12 06:53:00,50.15234640140434
2025-06-12 20:06:00,89.5
2025-06-12 11:30:00,76.4
2025-06-12 11:03:00,61.9
2025-06-12 07:42:00,56.6
2025-06-12 02:38:00,88.4
2025-06-12 12:29:00,28.1
2025-06-12 11:00:00,24.4
2025-06-12 17:27:00,74.5
2025-06-12 00:41:00,57.1
2025-06-12 10:04:00,22.7
2025-06-12 01:49:00,14.2
2025-06-12 11:30:00,50.15234640140434
2025-06-12 00:03:00,75.5
2025-06-12 10:33:00,49.8
2025-06-12 07:23:00,20.7
2025-06-12 02:06:00,70.4
2025-06-12 09:36:00,43.7
2025-06-12 15:21:00,75.4
2025-06-12 07:11:00,69.2
2025-06-12 20:29:00,50.15747328871669
2025-06-12 11:37:00,15.4
2025-06-12 12:08:00,90.0
2025-06-12 00:04:00,91.5
2025-06-12 05:31:00,10.5
2025-06-12 00:28:00,82.5
2025-06-12 00:53:00,32.5
2025-06-12 22:32:00,68.4
2025-06-12 23:41:00,35.7
2025-06-12 10:27:00,95.4
2025-06-12 10:14:00,85.3
2025-06-12 17:25:00,31.5
2025-06-12 16:44:00,42.4
2025-06-12 14:11:00,50.15747328871669
2025-06-12 15:30:00,93.1
2025-06-12 10:25:00,8.5
2025-06-12 09:18:00,46.8
2025-06-12 02:10:00,30.6
2025-06-12 09:18:00,53.3
2025-06-12 16:39:00,11.5
2025-06-12 21:27:00,97.9
2025-06-12 03:01:00,40.6
2025-06-12 16:29:00,56.7
2025-06-12 16:36:00,88.8
2025-06-12 05:00:00,16.4
2025-06-12 03:51:00,27.6
2025-06-12 21:19:00,74.9
2025-06-12 12:48:00,37.7
2025-06-12 08:16:00,48.9
2025-06-12 17:31:00,45.4
2025-06-12 13:44:00,3.8
2025-06-12 01:27:00,69.3
2025-06-12 12:32:00,77.7
2025-06-12 23:57:00,6.9
2025-06-12 18:44:00,26.4
2025-06-12 16:13:00,34.8
2025-06-12 17:51:00,15.2
2025-06-12 08:08:00,98.8
2025-06-12 02:10:00,10.2
2025-06-12 09:51:00,48.6
2025-06-12 01:52:00,43.3
2025-06-12 21:25:00,47.9
2025-06-12 18:55:00,73.8
2025-06-12 19:48:00,29.4
2025-06-12 12:19:00,62.8
2025-06-12 17:04:00,15.8
2025-06-12 19:39:00,73.9
2025-06-12 19:52:00,50.15747328871669
2025-06-12 20:43:00,70.5
2025-06-12 18:46:00,85.5
2025-06-12 22:54:00,75.8
2025-06-12 20:56:00,74.7
2025-06-12 13:37:00,57.9
2025-06-12 07:42:00,62.7
2025-06-12 02:53:00,79.5
2025-06-12 01:39:00,6.5
2025-06-12 11:01:00,50.15747328871669
2025-06-12 23:27:00,34.9
2025-06-12 01:47:00,10.6
2025-06-12 11:53:00,32.0
2025-06-12 22:06:00,83.5
2025-06-12 06:45:00,70.0
2025-06-12 14:27:00,45.0
2025-06-12 22:48:00,47.8
2025-06-12 14:57:00,32.5
2025-06-12 15:45:00,5.3
2025-06-12 13:07:00,50.15747328871669
2025-06-12 16:50:00,50.15747328871669
2025-06-12 05:33:00,53.6
2025-06-12 20:49:00,50.15747328871669
2025-06-12 08:54:00,63.7
2025-06-12 04:03:00,50.15747328871669
2025-06-12 12:52:00,96.4
2025-06-12 20:46:00,54.8
2025-06-12 10:03:00,16.0
2025-06-12 17:49:00,33.1
2025-06-12 21:52:00,8.0
2025-06-12 20:14:00,79.7
2025-06-12 07:36:00,96.5
2025-06-12 01:50:00,70.3
2025-06-12 16:20:00,95.6
2025-06-12 03:10:00,63.5
2025-06-12 07:34:00,67.8
2025-06-12 18:48:00,2.6
2025-06-12 10:14:00,36.9
2025-06-12 01:48:00,16.5
2025-06-12 12:28:00,50.15747328871669
2025-06-12 11:55:00,35.4
2025-06-12 16:15:00,10.1
2025-06-12 08:58:00,77.0
2025-06-12 16:18:00,43.0
2025-06-12 01:55:00,54.7
2025-06-12 21:59:00,1.9
2025-06-12 19:09:00,78.6
2025-06-12 09:02:00,73.3
2025-06-12 22:10:00,90.5
2025-06-12 15:29:00,54.9
2025-06-12 04:33:00,50.15747328871669
2025-06-12 11:59:00,81.6
2025-06-12 03:02:00,97.6
2025-06-12 12:34:00,65.8
2025-06-12 17:28:00,4.6
2025-06-12 12:15:00,73.8
2025-06-12 06:45:00,81.9
2025-06-12 03:11:00,50.15747328871669
2025-06-12 10:12:00,32.9
2025-06-12 04:54:00,18.2
2025-06-12 21:34:00,68.5
2025-06-12 18:42:00,23.5
2025-06-12 21:02:00,50.15747328871669
2025-06-12 10:39:00,74.5
2025-06-12 08:39:00,81.0
2025-06-12 09:41:00,26.3
2025-06-12 04:34:00,30.0
2025-06-12 10:32:00,59.3
2025-06-12 19:05:00,47.4
2025-06-12 19:44:00,55.5
2025-06-12 13:29:00,40.3
2025-06-12 20:25:00,3.1
2025-06-12 18:45:00,28.5
2025-06-12 07:24:00,50.15747328871669
2025-06-12 02:28:00,18.2
2025-06-12 02:06:00,79.2
2025-06-12 15:33:00,96.6
2025-06-12 08:41:00,58.0
2025-06-12 03:31:00,74.2
2025-06-12 18:05:00,14.9
2025-06-12 13:54:00,59.1
2025-06-12 04:57:00,25.4
2025-06-12 07:15:00,50.15747328871669
2025-06-12 20:58:00,52.0
2025-06-12 05:05:00,46.4
2025-06-12 09:45:00,22.9
2025-06-12 02:12:00,50.15747328871669
2025-06-12 14:03:00,21.7
2025-06-12 08:30:00,35.3
2025-06-12 03:19:00,51.6
2025-06-12 09:13:00,48.8
2025-06-12 12:02:00,99.7
2025-06-12 11:17:00,33.2
2025-06-12 13:53:00,50.15747328871669
2025-06-12 22:27:00,98.9
2025-06-12 10:43:00,26.4
2025-06-12 14:53:00,54.0
2025-06-12 06:51:00,60.2
2025-06-12 09:09:00,78.2
2025-06-12 12:47:00,1.5
2025-06-12 01:35:00,5.2
2025-06-12 07:30:00,50.15747328871669
2025-06-12 02:37:00,46.6
2025-06-12 15:28:00,50.15747328871669
2025-06-12 15:20:00,59.8
2025-06-12 10:05:00,50.2
2025-06-12 08:33:00,77.6
2025-06-12 11:08:00,15.8
2025-06-12 21:11:00,84.5
2025-06-12 03:52:00,65.9
2025-06-12 09:49:00,67.9
2025-06-12 17:45:00,48.8
2025-06-12 05:38:00,24.3
2025-06-12 05:14:00,23.4
2025-06-12 14:10:00,50.15747328871669
2025-06-12 19:38:00,10.2
2025-06-12 04:27:00,37.5
2025-06-12 17:03:00,20.2
2025-06-12 12:18:00,40.0
2025-06-12 23:52:00,79.3
2025-06-12 06:45:00,76.5
2025-06-12 16:13:00,75.6
2025-06-12 15:44:00,50.15747328871669
2025-06-12 20:22:00,20.3
2025-06-12 05:55:00,41.0
2025-06-12 21:28:00,50.15747328871669
2025-06-12 07:06:00,95.1
2025-06-12 11:11:00,93.4
2025-06-12 23:34:00,30.2
2025-06-12 03:07:00,58.8
2025-06-12 17:49:00,40.2
2025-06-12 05:27:00,44.3
2025-06-12 05:51:00,69.3
2025-06-12 06:51:00,57.9
2025-06-12 05:14:00,50.15747328871669
2025-06-12 18:18:00,45.3
2025-06-12 02:45:00,93.8
2025-06-12 14:46:00,37.2
2025-06-12 20:58:00,49.0
2025-06-12 03:13:00,41.7
2025-06-12 21:50:00,66.2
2025-06-12 22:32:00,40.9
2025-06-12 13:43:00,92.1
2025-06-12 21:05:00,49.0
2025-06-12 12:49:00,60.0
2025-06-12 06:33:00,85.5
2025-06-12 23:23:00,50.15747328871669
2025-06-12 00:21:00,93.3
2025-06-12 17:21:00,34.3
2025-06-12 16:23:00,50.15747328871669
2025-06-12 14:23:00,6.3
2025-06-12 14:45:00,11.8
2025-06-12 00:03:00,49.4
2025-06-12 23:40:00,14.8
2025-06-12 18:41:00,92.7
2025-06-12 14:27:00,42.9
2025-06-12 21:20:00,73.7
2025-06-12 03:56:00,2.0
2025-06-12 11:18:00,15.6
2025-06-12 06:43:00,50.15747328871669
2025-06-12 16:21:00,58.7
2025-06-12 08:52:00,86.6
2025-06-12 22:43:00,70.6
2025-06-12 01:49:00,67.2
2025-06-12 11:23:00,50.15747328871669
2025-06-12 12:37:00,75.1
2025-06-12 01:36:00,93.6
2025-06-12 09:23:00,50.15747328871669
2025-06-12 14:21:00,71.8
2025-06-12 05:07:00,19.3
2025-06-12 15:07:00,50.15747328871669
2025-06-12 01:00:00,78.4
2025-06-12 19:54:00,6.9
2025-06-12 03:07:00,80.8
2025-06-12 17:34:00,50.15747328871669
2025-06-12 13:34:00,92.6
2025-06-12 05:33:00,60.2
2025-06-12 11:55:00,19.7
2025-06-12 07:26:00,50.15747328871669
2025-06-12 23:59:00,50.15747328871669
2025-06-12 21:08:00,6.6
2025-06-12 16:54:00,87.7
2025-06-12 12:51:00,50.15747328871669
2025-06-12 12:09:00,70.7
2025-06-12 05:30:00,23.1
2025-06-12 16:02:00,83.1
2025-06-12 12:39:00,50.15747328871669
2025-06-12 04:52:00,1.6
2025-06-12 19:04:00,50.15747328871669
2025-06-12 09:22:00,50.15747328871669
2025-06-12 04:19:00,59.9
2025-06-12 00:45:00,13.1
2025-06-12 16:12:00,67.0
2025-06-12 04:14:00,47.5
2025-06-12 04:46:00,8.7
2025-06-12 04:13:00,26.5
2025-06-12 06:57:00,61.2
2025-06-12 21:43:00,17.0
2025-06-12 07:18:00,50.15747328871669
2025-06-12 10:34:00,93.5
2025-06-12 00:13:00,62.7
2025-06-12 04:33:00,80.1
2025-06-12 19:35:00,3.6
2025-06-12 21:18:00,87.8
2025-06-12 01:17:00,69.4
2025-06-12 15:51:00,7.9
2025-06-12 11:33:00,67.1
2025-06-12 22:46:00,72.4
2025-06-12 19:18:00,81.7
2025-06-12 00:14:00,37.8
2025-06-12 18:31:00,76.3
2025-06-12 15:13:00,6.9
2025-06-12 14:21:00,57.5
2025-06-12 02:12:00,73.8
2025-06-12 18:11:00,6.5
2025-06-12 18:04:00,62.6
2025-06-12 05:45:00,68.5
2025-06-12 03:42:00,30.3
2025-06-12 04:58:00,50.15747328871669
2025-06-12 16:22:00,66.4
2025-06-12 13:38:00,67.8
2025-06-12 12:27:00,45.4
2025-06-12 16:35:00,91.8
2025-06-12 18:33:00,8.0
2025-06-12 09:27:00,50.15747328871669
2025-06-12 07:36:00,63.8
2025-06-12 18:54:00,31.9
2025-06-12 22:29:00,35.8
2025-06-12 06:56:00,41.0
2025-06-12 11:05:00,86.0
2025-06-12 05:39:00,78.4
2025-06-12 10:15:00,94.5
2025-06-12 17:39:00,5.6
2025-06-12 02:56:00,40.4
2025-06-12 09:59:00,9.3
2025-06-12 07:49:00,50.15747328871669
2025-06-12 00:36:00,70.8
2025-06-12 06:26:00,17.3
2025-06-12 15:35:00,2.5
2025-06-12 12:48:00,81.8
2025-06-12 20:15:00,98.9
2025-06-12 21:09:00,63.6
2025-06-12 22:10:00,97.2
2025-06-12 08:18:00,52.1
2025-06-12 05:22:00,50.15747328871669
2025-06-12 01:05:00,82.1
2025-06-12 07:20:00,50.15747328871669
2025-06-12 13:47:00,50.3
2025-06-12 01:41:00,50.15747328871669
2025-06-12 22:52:00,39.0
2025-06-12 01:25:00,6.2
2025-06-12 14:10:00,73.9
2025-06-12 09:05:00,47.6
2025-06-12 13:30:00,79.3
2025-06-12 00:39:00,77.3
2025-06-12 21:11:00,81.8
2025-06-12 17:48:00,24.0
2025-06-12 02:17:00,24.8
2025-06-12 02:03:00,15.4
2025-06-12 20:33:00,82.9
2025-06-12 19:37:00,54.6
2025-06-12 00:17:00,56.0
2025-06-12 12:12:00,76.9
2025-06-12 04:09:00,79.6
2025-06-12 21:02:00,50.15747328871669
2025-06-12 04:09:00,7.1
2025-06-12 07:22:00,70.4
2025-06-12 14:59:00,63.0
2025-06-12 06:09:00,33.4
2025-06-12 01:34:00,0.9
2025-06-12 09:14:00,50.15747328871669
2025-06-12 18:34:00,60.5
2025-06-12 22:00:00,41.8
2025-06-12 14:54:00,26.7
2025-06-12 08:24:00,16.5
2025-06-12 12:49:00,92.3
2025-06-12 01:36:00,20.3
2025-06-12 09:08:00,37.6
2025-06-12 05:48:00,70.5
2025-06-12 10:06:00,89.2
2025-06-12 23:23:00,86.2
2025-06-12 21:08:00,50.15747328871669
2025-06-12 12:10:00,99.9
2025-06-12 21:44:00,33.4
2025-06-12 05:17:00,50.15747328871669
2025-06-12 22:44:00,11.9
2025-06-12 09:00:00,61.6
2025-06-12 17:24:00,64.9
2025-06-12 16:50:00,34.3
2025-06-12 07:07:00,75.1
2025-06-12 13:44:00,89.5
2025-06-12 15:37:00,79.2
2025-06-12 04:23:00,40.2
2025-06-12 01:31:00,68.5
2025-06-12 23:28:00,13.7
2025-06-12 05:10:00,50.15747328871669
2025-06-12 21:50:00,50.15747328871669
2025-06-12 16:28:00,40.5
2025-06-12 22:06:00,50.15747328871669
2025-06-12 11:18:00,50.15747328871669
2025-06-12 13:51:00,99.2
2025-06-12 18:06:00,11.1
2025-06-12 03:36:00,50.15747328871669
2025-06-12 10:24:00,68.2
2025-06-12 10:37:00,69.9
2025-06-12 17:50:00,48.4
2025-06-12 13:33:00,50.15747328871669
2025-06-12 14:17:00,20.4
2025-06-12 18:05:00,24.7
2025-06-12 22:23:00,27.0
2025-06-12 04:00:00,95.1
2025-06-12 15:22:00,61.8
2025-06-12 04:31:00,2.5
2025-06-12 23:36:00,50.07997412982127
2025-06-12 10:21:00,75.8
2025-06-12 14:22:00,81.7
2025-06-12 03:13:00,18.8
2025-06-12 00:40:00,63.2
2025-06-12 18:41:00,16.8
2025-06-12 00:12:00,26.5
2025-06-12 01:19:00,49.5
2025-06-12 07:38:00,50.07997412982127
2025-06-12 03:38:00,94.4
2025-06-12 21:36:00,50.07997412982127
2025-06-12 14:05:00,36.1
2025-06-12 06:37:00,50.07997412982127
2025-06-12 18:35:00,50.07997412982127
2025-06-12 18:18:00,3.9
2025-06-12 20:31:00,68.4
2025-06-12 18:19:00,36.8
2025-06-12 23:53:00,61.6
2025-06-12 09:28:00,6.4
2025-06-12 14:00:00,94.0
2025-06-12 00:44:00,37.4
2025-06-12 05:52:00,50.07997412982127
2025-06-12 10:41:00,17.8
2025-06-12 00:18:00,77.8
2025-06-12 12:41:00,5.6
2025-06-12 01:13:00,74.4
2025-06-12 19:58:00,57.5
2025-06-12 23:51:00,90.2
2025-06-12 05:37:00,36.3
2025-06-12 17:16:00,50.07997412982127
2025-06-12 04:40:00,15.2
2025-06-12 15:33:00,54.6
2025-06-12 08:33:00,50.07997412982127
2025-06-12 22:55:00,57.8
2025-06-12 09:58:00,99.4
2025-06-12 16:34:00,50.07997412982127
2025-06-12 09:14:00,17.4
2025-06-12 02:47:00,50.07997412982127
2025-06-12 12:20:00,50.07997412982127
2025-06-12 09:56:00,50.07997412982127
2025-06-12 06:30:00,32.2
2025-06-12 07:01:00,86.7
2025-06-12 03:27:00,71.4
2025-06-12 10:56:00,31.2
2025-06-12 23:02:00,50.07997412982127
2025-06-12 01:59:00,68.0
2025-06-12 19:13:00,50.07997412982127
2025-06-12 14:29:00,30.5
2025-06-12 18:45:00,16.4
2025-06-12 12:03:00,82.0
2025-06-12 10:07:00,59.5
2025-06-12 11:58:00,56.7
2025-06-12 01:15:00,21.0
2025-06-12 16:43:00,15.4
2025-06-12 11:03:00,50.07997412982127
2025-06-12 18:41:00,81.0
2025-06-12 20:21:00,21.0
2025-06-12 06:47:00,80.4
2025-06-12 20:37:00,29.8
2025-06-12 23:11:00,60.8
2025-06-12 06:50:00,94.4
2025-06-12 21:12:00,57.5
2025-06-12 02:14:00,75.3
2025-06-12 08:40:00,97.4
2025-06-12 20:08:00,66.6
2025-06-12 22:04:00,58.1
2025-06-12 09:47:00,93.1
2025-06-12 20:55:00,50.07997412982127
2025-06-12 01:22:00,10.3
2025-06-12 16:53:00,45.8
2025-06-12 19:35:00,2.6
2025-06-12 23:12:00,50.07997412982127
2025-06-12 18:42:00,87.3
2025-06-12 10:20:00,50.07997412982127
2025-06-12 01:32:00,58.2
2025-06-12 14:22:00,40.6
2025-06-12 22:34:00,44.5
2025-06-12 18:15:00,29.7
2025-06-12 02:54:00,26.1
2025-06-12 04:30:00,66.7
2025-06-12 09:59:00,50.07997412982127
2025-06-12 00:47:00,33.8
2025-06-12 04:18:00,50.07997412982127
2025-06-12 01:18:00,46.0
2025-06-12 21:21:00,50.07997412982127
2025-06-12 10:02:00,82.5
2025-06-12 18:17:00,50.07997412982127
2025-06-12 21:17:00,50.07997412982127
2025-06-12 18:16:00,12.6
2025-06-12 09:06:00,50.07997412982127
2025-06-12 13:55:00,56.3
2025-06-12 20:52:00,50.07997412982127
2025-06-12 20:26:00,16.3
2025-06-12 18:28:00,92.1
2025-06-12 18:22:00,90.5
2025-06-12 15:44:00,21.9
2025-06-12 07:10:00,30.1
2025-06-12 17:05:00,70.2
2025-06-12 14:44:00,1.1
2025-06-12 02:47:00,4.3
2025-06-12 04:27:00,62.3
2025-06-12 17:48:00,8.6
2025-06-12 09:35:00,54.5
2025-06-12 11:59:00,27.4
2025-06-12 05:05:00,81.0
2025-06-12 19:02:00,50.07997412982127
2025-06-12 16:14:00,34.9
2025-06-12 02:16:00,50.07997412982127
2025-06-12 02:22:00,50.07997412982127
2025-06-12 11:00:00,82.8
2025-06-12 21:13:00,58.3
2025-06-12 05:37:00,91.6
2025-06-12 18:45:00,53.2
2025-06-12 15:19:00,65.8
2025-06-12 15:05:00,41.1
2025-06-12 09:59:00,60.0
2025-06-12 09:04:00,50.07997412982127
2025-06-12 19:54:00,30.1
2025-06-12 05:26:00,5.1
2025-06-12 21:55:00,64.6
2025-06-12 08:08:00,5.3
2025-06-12 18:47:00,2.1
2025-06-12 00:22:00,4.5
2025-06-12 08:38:00,57.5
2025-06-12 03:38:00,34.5
2025-06-12 00:44:00,12.6
2025-06-12 23:06:00,97.8
2025-06-12 18:22:00,50.3
2025-06-12 02:44:00,67.3
2025-06-12 01:20:00,50.07997412982127
2025-06-12 15:43:00,40.8
2025-06-12 23:04:00,4.4
2025-06-12 10:37:00,50.07997412982127
2025-06-12 06:06:00,94.1
2025-06-12 21:58:00,96.9
2025-06-12 06:01:00,33.8
2025-06-12 15:24:00,99.6
2025-06-12 20:55:00,68.5
2025-06-12 00:08:00,74.6
2025-06-12 07:49:00,78.0
2025-06-12 21:14:00,50.07997412982127
2025-06-12 11:18:00,28.9
2025-06-12 08:23:00,55.2
2025-06-12 02:16:00,33.2
2025-06-12 11:57:00,81.5
2025-06-12 09:13:00,39.5
2025-06-12 15:38:00,45.5
2025-06-12 15:51:00,50.07997412982127
2025-06-12 12:57:00,50.07997412982127
2025-06-12 04:32:00,13.8
2025-06-12 12:37:00,42.7
2025-06-12 23:43:00,85.9
2025-06-12 13:52:00,80.0
2025-06-12 07:14:00,13.8
2025-06-12 01:55:00,62.9
2025-06-12 14:00:00,83.3
2025-06-12 21:46:00,80.3
2025-06-12 23:54:00,95.8
2025-06-12 09:42:00,30.7
2025-06-12 09:38:00,89.8
2025-06-12 07:01:00,52.7
2025-06-12 09:37:00,85.5
2025-06-12 23:21:00,50.07997412982127
2025-06-12 14:19:00,8.3
2025-06-12 01:53:00,76.9
2025-06-12 20:20:00,85.5
2025-06-12 21:13:00,37.1
2025-06-12 06:25:00,93.4
2025-06-12 21:18:00,17.4
2025-06-12 03:08:00,50.07997412982127
2025-06-12 03:48:00,46.5
2025-06-12 13:12:00,2.5
2025-06-12 15:03:00,11.4
2025-06-12 06:24:00,43.3
2025-06-12 15:30:00,80.2
2025-06-12 16:06:00,38.5
2025-06-12 18:36:00,50.07997412982127
2025-06-12 07:14:00,5.7
2025-06-12 11:58:00,52.6
2025-06-12 10:29:00,61.7
2025-06-12 12:36:00,11.0
2025-06-12 15:38:00,93.5
2025-06-12 03:53:00,61.4
2025-06-12 20:41:00,51.0
2025-06-12 11:41:00,41.8
2025-06-12 00:19:00,24.1
2025-06-12 01:48:00,38.3
2025-06-12 20:25:00,42.8
2025-06-12 02:29:00,22.6
2025-06-12 07:57:00,50.07997412982127
2025-06-12 19:26:00,94.4
2025-06-12 00:23:00,77.2
2025-06-12 10:24:00,13.6
2025-06-12 10:37:00,72.9
2025-06-12 10:43:00,32.9
2025-06-12 19:13:00,5.4
2025-06-12 18:39:00,88.0
2025-06-12 03:12:00,29.8
2025-06-12 16:51:00,90.9
2025-06-12 03:18:00,50.07997412982127
2025-06-12 22:29:00,67.0
2025-06-12 00:15:00,17.5
2025-06-12 03:05:00,22.2
2025-06-12 14:43:00,97.6
2025-06-12 15:56:00,55.4
2025-06-12 22:07:00,81.3
2025-06-12 08:21:00,54.1
2025-06-12 23:47:00,61.6
2025-06-12 18:22:00,89.1
2025-06-12 16:03:00,93.5
2025-06-12 21:44:00,1.5
2025-06-12 08:36:00,50.07997412982127
2025-06-12 17:28:00,65.2
2025-06-12 09:25:00,50.07997412982127
2025-06-12 10:08:00,57.6
2025-06-12 08:38:00,73.9
2025-06-12 03:45:00,50.07997412982127
2025-06-12 09:01:00,50.07997412982127
2025-06-12 15:16:00,27.3
2025-06-12 01:19:00,50.07997412982127
2025-06-12 23:18:00,50.07997412982127
2025-06-12 22:15:00,51.9
2025-06-12 04:50:00,17.6
2025-06-12 18:38:00,92.6
2025-06-12 15:08:00,97.2
2025-06-12 04:00:00,26.6
2025-06-12 08:30:00,43.1
2025-06-12 07:13:00,94.0
2025-06-12 08:05:00,45.8
2025-06-12 19:58:00,14.5
2025-06-12 18:34:00,27.5
2025-06-12 09:13:00,56.9
2025-06-12 15:07:00,29.8
2025-06-12 20:37:00,12.4
2025-06-12 16:08:00,15.0
2025-06-12 21:30:00,30.2
2025-06-12 03:51:00,64.7
2025-06-12 10:09:00,47.2
2025-06-12 15:16:00,50.07997412982127
2025-06-12 17:14:00,30.6
2025-06-12 03:21:00,32.8
2025-06-12 08:54:00,66.3
2025-06-12 03:21:00,17.7
2025-06-12 23:09:00,11.6
2025-06-12 03:47:00,88.0
2025-06-12 10:33:00,37.4
2025-06-12 06:07:00,13.7
2025-06-12 18:16:00,91.6
2025-06-12 12:08:00,20.6
2025-06-12 12:32:00,25.6
2025-06-12 23:05:00,64.7
2025-06-12 04:13:00,6.1
2025-06-12 06:48:00,18.0
2025-06-12 12:38:00,97.4
2025-06-12 02:10:00,50.07997412982127
2025-06-12 23:48:00,75.6
2025-06-12 01:37:00,2.4
2025-06-12 20:39:00,65.4
2025-06-12 17:51:00,11.4
2025-06-12 02:10:00,33.3
2025-06-12 15:54:00,80.6
2025-06-12 07:11:00,25.0
2025-06-12 14:18:00,50.07997412982127
2025-06-12 09:47:00,27.0
2025-06-12 16:08:00,16.3
2025-06-12 19:59:00,94.7
2025-06-12 20:04:00,4.5
2025-06-12 00:59:00,44.4
2025-06-12 14:44:00,50.07997412982127
2025-06-12 12:28:00,26.0
2025-06-12 15:40:00,87.5
2025-06-12 21:49:00,88.7
2025-06-12 08:42:00,13.3
2025-06-12 01:38:00,97.7
2025-06-12 18:42:00,78.0
2025-06-12 12:27:00,18.3
2025-06-12 21:44:00,79.4
2025-06-12 22:42:00,68.5
2025-06-12 10:38:00,75.7
2025-06-12 00:13:00,70.7
2025-06-12 03:24:00,20.1
2025-06-12 06:12:00,70.2
2025-06-12 00:08:00,13.4
2025-06-12 12:34:00,99.5
2025-06-12 16:08:00,50.07997412982127
2025-06-12 00:49:00,6.9
2025-06-12 22:59:00,42.3
2025-06-12 03:17:00,87.9
2025-06-12 22:11:00,22.3
2025-06-12 07:56:00,50.07997412982127
2025-06-12 06:41:00,50.07997412982127
2025-06-12 21:49:00,47.6
2025-06-12 13:55:00,34.0
2025-06-12 05:11:00,65.2
2025-06-12 06:49:00,54.5
2025-06-12 08:55:00,50.07997412982127
2025-06-12 09:03:00,11.1
2025-06-12 05:55:00,84.4
2025-06-12 23:26:00,59.8
2025-06-12 13:33:00,26.5
2025-06-12 18:24:00,35.3
2025-06-12 14:46:00,20.7
2025-06-12 01:45:00,40.6
2025-06-12 10:12:00,66.0
2025-06-12 17:16:00,50.07997412982127
2025-06-12 15:00:00,59.1
2025-06-12 22:38:00,50.07997412982127
2025-06-12 17:54:00,50.07997412982127
2025-06-12 07:22:00,50.07997412982127
2025-06-12 00:23:00,10.8
2025-06-12 07:20:00,50.07997412982127
2025-06-12 05:54:00,14.1
2025-06-12 05:55:00,50.07997412982127
2025-06-12 10:59:00,88.2
2025-06-12 00:28:00,91.5
2025-06-12 07:54:00,73.0
2025-06-12 12:05:00,55.9
2025-06-12 00:23:00,51.1
2025-06-12 12:36:00,57.8
2025-06-12 02:48:00,99.4
2025-06-12 23:18:00,64.7
2025-06-12 21:55:00,95.4
2025-06-12 16:45:00,2.7
2025-06-12 14:18:00,55.4
2025-06-12 21:18:00,54.4
2025-06-12 11:46:00,56.8
2025-06-12 15:14:00,48.8
2025-06-12 13:39:00,50.07997412982127
2025-06-12 18:05:00,31.6
2025-06-12 19:32:00,2.2
2025-06-12 18:56:00,16.9
2025-06-12 18:42:00,45.3
2025-06-12 23:46:00,43.3
2025-06-12 13:17:00,54.2
2025-06-12 13:31:00,58.9
2025-06-12 03:08:00,17.9
2025-06-12 14:42:00,83.2
2025-06-12 13:16:00,76.2
2025-06-12 22:29:00,42.9
2025-06-12 08:08:00,27.8
2025-06-12 03:41:00,90.2
2025-06-12 19:19:00,24.4
2025-06-12 19:29:00,48.4
2025-06-12 09:25:00,49.822039706925075
2025-06-12 02:16:00,16.3
2025-06-12 21:46:00,3.6
2025-06-12 13:16:00,72.6
2025-06-12 10:06:00,8.6
2025-06-12 14:34:00,9.8
2025-06-12 23:49:00,49.822039706925075
2025-06-12 10:59:00,54.5
2025-06-12 08:48:00,7.6
2025-06-12 04:33:00,49.822039706925075
2025-06-12 13:37:00,43.2
2025-06-12 04:35:00,81.6
2025-06-12 11:28:00,26.1
2025-06-12 14:31:00,7.9
2025-06-12 04:08:00,84.8
2025-06-12 23:14:00,87.7
2025-06-12 03:37:00,19.6
2025-06-12 16:25:00,5.6
2025-06-12 01:47:00,67.0
2025-06-12 11:53:00,28.9
2025-06-12 11:46:00,98.8
2025-06-12 17:31:00,49.822039706925075
2025-06-12 05:26:00,33.0
2025-06-12 19:32:00,44.3
2025-06-12 20:26:00,79.4
2025-06-12 00:40:00,13.3
2025-06-12 11:48:00,45.1
2025-06-12 11:33:00,11.8
2025-06-12 08:31:00,32.9
2025-06-12 01:55:00,13.0
2025-06-12 19:50:00,91.4
2025-06-12 14:00:00,26.9
2025-06-12 09:53:00,46.0
2025-06-12 18:56:00,18.5
2025-06-12 22:57:00,46.7
2025-06-12 13:22:00,7.3
2025-06-12 07:55:00,45.9
2025-06-12 09:54:00,49.822039706925075
2025-06-12 02:20:00,43.1
2025-06-12 06:25:00,67.6
2025-06-12 12:40:00,49.822039706925075
2025-06-12 11:02:00,74.7
2025-06-12 21:43:00,94.5
2025-06-12 23:24:00,78.9
2025-06-12 17:57:00,92.8
2025-06-12 09:27:00,49.822039706925075
2025-06-12 21:46:00,19.9
2025-06-12 06:23:00,81.1
2025-06-12 05:28:00,89.8
2025-06-12 07:40:00,16.9
2025-06-12 18:13:00,74.9
2025-06-12 09:35:00,49.822039706925075
2025-06-12 23:08:00,81.1
2025-06-12 16:23:00,84.0
2025-06-12 13:26:00,17.6
2025-06-12 15:12:00,65.5
2025-06-12 03:29:00,70.3
2025-06-12 14:26:00,49.822039706925075
2025-06-12 18:15:00,85.3
2025-06-12 09:04:00,49.822039706925075
2025-06-12 12:34:00,88.2
2025-06-12 22:43:00,19.1
2025-06-12 06:43:00,95.3
2025-06-12 06:30:00,94.8
2025-06-12 07:12:00,49.822039706925075
2025-06-12 04:36:00,72.1
2025-06-12 07:44:00,63.0
2025-06-12 19:17:00,27.3
2025-06-12 16:09:00,77.1
2025-06-12 09:37:00,51.6
2025-06-12 01:22:00,31.1
2025-06-12 11:46:00,49.822039706925075
2025-06-12 03:47:00,6.6
2025-06-12 11:41:00,69.1
2025-06-12 09:32:00,64.2
2025-06-12 12:03:00,78.1
2025-06-12 02:31:00,50.8
2025-06-12 03:52:00,31.6
2025-06-12 02:01:00,88.2
2025-06-12 21:48:00,70.0
2025-06-12 21:17:00,44.9
2025-06-12 23:31:00,22.8
2025-06-12 00:01:00,24.0
2025-06-12 20:35:00,49.822039706925075
2025-06-12 10:34:00,52.9
2025-06-12 20:22:00,19.0
2025-06-12 18:48:00,52.1
2025-06-12 07:46:00,82.1
2025-06-12 19:37:00,90.4
2025-06-12 15:48:00,23.8
2025-06-12 03:15:00,49.6
2025-06-12 10:49:00,49.822039706925075
2025-06-12 23:13:00,9.7
2025-06-12 22:47:00,76.9
2025-06-12 01:34:00,5.5
2025-06-12 19:57:00,21.9
2025-06-12 00:27:00,9.4
2025-06-12 21:04:00,58.3
2025-06-12 00:29:00,49.822039706925075
2025-06-12 20:16:00,60.0
2025-06-12 09:23:00,27.3
2025-06-12 09:53:00,29.2
2025-06-12 12:57:00,40.4
2025-06-12 09:52:00,45.0
2025-06-12 18:11:00,19.1
2025-06-12 07:23:00,4.2
2025-06-12 06:20:00,90.5
2025-06-12 03:49:00,92.8
2025-06-12 15:37:00,62.6
2025-06-12 14:56:00,72.8
2025-06-12 01:12:00,49.822039706925075
2025-06-12 04:32:00,79.5
2025-06-12 01:55:00,26.4
2025-06-12 17:44:00,48.9
2025-06-12 19:04:00,6.9
2025-06-12 12:15:00,90.8
2025-06-12 05:29:00,86.7
2025-06-12 21:35:00,49.822039706925075
2025-06-12 01:38:00,48.5
2025-06-12 06:14:00,21.1
2025-06-12 18:50:00,60.8
2025-06-12 04:46:00,52.9
2025-06-12 03:36:00,34.3
2025-06-12 06:05:00,73.7
2025-06-12 21:52:00,2.4
2025-06-12 17:37:00,49.822039706925075
2025-06-12 13:19:00,37.3
2025-06-12 06:24:00,59.7
2025-06-12 00:20:00,12.1
2025-06-12 13:49:00,49.822039706925075
2025-06-12 12:11:00,92.0
2025-06-12 14:54:00,49.822039706925075
2025-06-12 05:53:00,5.5
2025-06-12 21:57:00,49.822039706925075
2025-06-12 22:39:00,89.0
2025-06-12 13:16:00,69.2
2025-06-12 09:07:00,42.9
2025-06-12 09:43:00,80.5
2025-06-12 09:54:00,4.5
2025-06-12 23:38:00,59.5
2025-06-12 07:04:00,49.822039706925075
2025-06-12 16:45:00,87.2
2025-06-12 19:43:00,67.9
2025-06-12 10:27:00,6.2
2025-06-12 11:05:00,24.7
2025-06-12 15:05:00,49.822039706925075
2025-06-12 01:50:00,49.4
2025-06-12 12:13:00,68.1
2025-06-12 09:03:00,43.1
2025-06-12 00:04:00,6.0
2025-06-12 11:42:00,17.4
2025-06-12 00:57:00,85.3
2025-06-12 02:20:00,15.5
2025-06-12 12:40:00,51.5
2025-06-12 09:26:00,55.8
2025-06-12 12:55:00,16.3
2025-06-12 22:40:00,81.7
2025-06-12 04:48:00,56.0
2025-06-12 14:43:00,49.822039706925075
2025-06-12 15:28:00,4.1
2025-06-12 17:07:00,90.7
2025-06-12 11:49:00,16.3
2025-06-12 05:29:00,6.4
2025-06-12 19:00:00,50.9
2025-06-12 17:18:00,88.5
2025-06-12 02:36:00,28.1
2025-06-12 09:39:00,57.1
2025-06-12 01:40:00,18.5
2025-06-12 16:19:00,1.7
2025-06-12 12:02:00,60.8
2025-06-12 01:13:00,94.4
2025-06-12 10:40:00,75.4
2025-06-12 04:24:00,26.5
2025-06-12 14:43:00,70.4
2025-06-12 04:37:00,49.822039706925075
2025-06-12 18:25:00,28.7
2025-06-12 20:46:00,54.7
2025-06-12 14:27:00,26.8
2025-06-12 13:11:00,51.6
2025-06-12 11:36:00,79.0
2025-06-12 07:18:00,71.6
2025-06-12 09:24:00,45.4
2025-06-12 14:35:00,30.7
2025-06-12 17:31:00,25.4
2025-06-12 04:15:00,49.4
2025-06-12 21:56:00,1.3
2025-06-12 12:10:00,95.3
2025-06-12 02:58:00,26.0
2025-06-12 22:16:00,53.7
2025-06-12 21:45:00,49.822039706925075
2025-06-12 07:49:00,35.6
2025-06-12 07:56:00,49.822039706925075
2025-06-12 12:23:00,79.3
2025-06-12 23:03:00,11.0
2025-06-12 09:11:00,44.0
2025-06-12 14:02:00,84.0
2025-06-12 16:23:00,24.1
2025-06-12 09:47:00,14.6
2025-06-12 01:41:00,49.822039706925075
2025-06-12 00:25:00,71.9
2025-06-12 04:13:00,49.822039706925075
2025-06-12 01:11:00,91.2
2025-06-12 10:51:00,63.5
2025-06-12 07:39:00,69.8
2025-06-12 08:13:00,70.4
2025-06-12 18:27:00,55.4
2025-06-12 22:58:00,98.7
2025-06-12 13:14:00,80.2
2025-06-12 23:02:00,49.822039706925075
2025-06-12 23:34:00,60.9
2025-06-12 23:54:00,89.8
2025-06-12 07:16:00,18.8
2025-06-12 05:00:00,49.822039706925075
2025-06-12 22:08:00,98.1
2025-06-12 23:54:00,55.0
2025-06-12 15:21:00,97.3
2025-06-12 18:27:00,92.1
2025-06-12 19:13:00,65.3
2025-06-12 14:02:00,69.3
2025-06-12 22:47:00,49.822039706925075
2025-06-12 04:34:00,53.1
2025-06-12 20:12:00,74.3
2025-06-12 13:11:00,87.1
2025-06-12 20:10:00,76.4
2025-06-12 17:59:00,71.0
2025-06-12 05:26:00,96.8
2025-06-12 08:30:00,49.822039706925075
2025-06-12 01:11:00,1.2
2025-06-12 22:47:00,69.3
2025-06-12 16:20:00,49.822039706925075
2025-06-12 21:58:00,49.822039706925075
2025-06-12 22:16:00,85.2
2025-06-12 06:13:00,11.9
2025-06-12 17:52:00,31.5
2025-06-12 09:29:00,21.9
2025-06-12 15:11:00,36.0
2025-06-12 04:13:00,13.9
2025-06-12 17:10:00,67.7
2025-06-12 11:23:00,72.3
2025-06-12 02:24:00,90.4
2025-06-12 14:43:00,8.7
2025-06-12 19:07:00,14.6
2025-06-12 11:23:00,86.4
2025-06-12 07:17:00,33.7
2025-06-12 06:30:00,91.6
2025-06-12 14:07:00,49.822039706925075
2025-06-12 13:47:00,36.3
2025-06-12 12:02:00,28.3
2025-06-12 03:44:00,96.8
2025-06-12 01:20:00,56.2
2025-06-12 16:37:00,82.9
2025-06-12 01:18:00,58.2
2025-06-12 17:14:00,63.3
2025-06-12 10:06:00,41.7
2025-06-12 04:01:00,34.9
2025-06-12 10:05:00,25.0
2025-06-12 11:44:00,88.1
2025-06-12 06:59:00,72.0
2025-06-12 23:51:00,31.2
2025-06-12 18:46:00,67.8
2025-06-12 10:06:00,66.7
2025-06-12 16:36:00,53.9
2025-06-12 13:33:00,62.8
2025-06-12 04:12:00,49.822039706925075
2025-06-12 23:02:00,70.9
2025-06-12 12:17:00,48.4
2025-06-12 22:59:00,67.2
2025-06-12 06:06:00,33.9
2025-06-12 14:22:00,49.822039706925075
2025-06-12 11:03:00,42.7
2025-06-12 01:30:00,32.2
2025-06-12 14:20:00,38.8
2025-06-12 16:35:00,71.7
2025-06-12 15:07:00,25.7
2025-06-12 21:00:00,87.3
2025-06-12 01:57:00,49.822039706925075
2025-06-12 21:03:00,52.1
2025-06-12 05:50:00,73.5
2025-06-12 21:17:00,49.822039706925075
2025-06-12 04:43:00,78.8
2025-06-12 16:51:00,63.0
2025-06-12 22:55:00,49.822039706925075
2025-06-12 22:03:00,49.4
2025-06-12 15:43:00,49.822039706925075
2025-06-12 06:05:00,49.822039706925075
2025-06-12 21:30:00,13.5
2025-06-12 04:39:00,41.2
2025-06-12 08:49:00,91.5
2025-06-12 20:12:00,8.8
2025-06-12 04:24:00,26.9
2025-06-12 00:25:00,86.0
2025-06-12 23:00:00,22.0
2025-06-12 21:11:00,23.8
2025-06-12 18:47:00,68.3
2025-06-12 16:34:00,81.9
2025-06-12 08:48:00,36.0
2025-06-12 02:17:00,49.822039706925075
2025-06-12 01:33:00,77.4
2025-06-12 14:28:00,84.7
2025-06-12 05:31:00,74.1
2025-06-12 18:35:00,61.2
2025-06-12 21:24:00,97.6
2025-06-12 00:45:00,27.9
2025-06-12 20:01:00,91.3
2025-06-12 06:10:00,6.3
2025-06-12 10:53:00,9.4
2025-06-12 12:30:00,30.9
2025-06-12 04:44:00,61.5
2025-06-12 11:30:00,20.3
2025-06-12 22:07:00,73.8
2025-06-12 12:34:00,50.313785814936594
2025-06-12 02:56:00,95.5
2025-06-12 10:49:00,0.3
2025-06-12 21:31:00,77.5
2025-06-12 14:32:00,50.313785814936594
2025-06-12 12:36:00,50.313785814936594
2025-06-12 06:43:00,6.1
2025-06-12 15:17:00,50.313785814936594
2025-06-12 08:56:00,65.3
2025-06-12 11:00:00,11.0
2025-06-12 13:22:00,50.313785814936594
2025-06-12 07:16:00,23.4
2025-06-12 04:53:00,46.9
2025-06-12 13:56:00,37.6
2025-06-12 06:19:00,54.0
2025-06-12 10:35:00,50.4
2025-06-12 08:22:00,94.2
2025-06-12 02:05:00,23.1
2025-06-12 23:32:00,43.2
2025-06-12 18:05:00,33.5
2025-06-12 09:52:00,50.313785814936594
2025-06-12 13:18:00,22.7
2025-06-12 23:37:00,24.7
2025-06-12 04:46:00,3.4
2025-06-12 03:22:00,54.0
2025-06-12 19:39:00,50.313785814936594
2025-06-12 18:31:00,63.2
2025-06-12 02:32:00,32.9
2025-06-12 23:02:00,86.1
2025-06-12 08:01:00,64.8
2025-06-12 02:53:00,50.313785814936594
2025-06-12 23:45:00,67.6
2025-06-12 13:23:00,47.2
2025-06-12 09:18:00,94.6
2025-06-12 18:50:00,24.5
2025-06-12 03:58:00,3.5
2025-06-12 02:45:00,51.3
2025-06-12 15:43:00,72.6
2025-06-12 06:28:00,18.5
2025-06-12 01:05:00,64.4
2025-06-12 02:48:00,98.7
2025-06-12 07:16:00,14.3
2025-06-12 08:32:00,58.2
2025-06-12 01:46:00,50.313785814936594
2025-06-12 06:58:00,68.1
2025-06-12 09:09:00,40.3
2025-06-12 13:01:00,90.3
2025-06-12 11:51:00,50.313785814936594
2025-06-12 10:24:00,86.8
2025-06-12 13:59:00,63.7
2025-06-12 03:02:00,69.7
2025-06-12 02:42:00,3.1
2025-06-12 03:31:00,53.1
2025-06-12 09:48:00,47.2
2025-06-12 07:11:00,88.9
2025-06-12 07:56:00,50.313785814936594
2025-06-12 08:25:00,13.4
2025-06-12 01:50:00,40.4
2025-06-12 08:33:00,90.3
2025-06-12 10:53:00,39.2
2025-06-12 11:44:00,28.3
2025-06-12 17:09:00,63.0
2025-06-12 13:22:00,4.9
2025-06-12 17:33:00,28.5
2025-06-12 14:10:00,23.7
2025-06-12 13:58:00,21.9
2025-06-12 08:05:00,40.1
2025-06-12 11:39:00,85.2
2025-06-12 06:42:00,84.3
2025-06-12 18:54:00,69.4
2025-06-12 22:23:00,50.313785814936594
2025-06-12 11:43:00,37.7
2025-06-12 21:30:00,52.5
2025-06-12 03:33:00,8.7
2025-06-12 00:37:00,50.313785814936594
2025-06-12 23:58:00,43.4
2025-06-12 22:43:00,42.1
2025-06-12 04:02:00,48.7
2025-06-12 12:04:00,14.2
2025-06-12 16:25:00,2.5
2025-06-12 16:34:00,47.3
2025-06-12 02:08:00,0.8
2025-06-12 02:00:00,50.313785814936594
2025-06-12 19:30:00,20.4
2025-06-12 05:59:00,81.5
2025-06-12 20:20:00,75.1
2025-06-12 05:01:00,88.7
2025-06-12 16:02:00,30.0
2025-06-12 22:52:00,49.7
2025-06-12 00:29:00,37.0
2025-06-12 23:33:00,65.1
2025-06-12 18:42:00,18.4
2025-06-12 22:59:00,66.4
2025-06-12 21:44:00,58.8
2025-06-12 08:27:00,60.3
2025-06-12 04:30:00,71.6
2025-06-12 11:20:00,12.8
2025-06-12 22:49:00,57.8
2025-06-12 00:39:00,67.5
2025-06-12 19:36:00,31.0
2025-06-12 20:21:00,46.4
2025-06-12 07:58:00,69.3
2025-06-12 06:06:00,69.1
2025-06-12 04:50:00,29.4
2025-06-12 22:32:00,30.6
2025-06-12 05:51:00,91.9
2025-06-12 16:59:00,80.0
2025-06-12 01:15:00,40.8
2025-06-12 18:08:00,56.3
2025-06-12 12:40:00,11.7
2025-06-12 17:58:00,58.0
2025-06-12 08:57:00,59.2
2025-06-12 08:12:00,34.5
2025-06-12 03:18:00,18.4
2025-06-12 18:36:00,88.1
2025-06-12 16:25:00,99.3
2025-06-12 12:17:00,82.9
2025-06-12 16:48:00,50.313785814936594
2025-06-12 05:21:00,50.313785814936594
2025-06-12 00:46:00,50.313785814936594
2025-06-12 01:11:00,50.313785814936594
2025-06-12 08:52:00,10.3
2025-06-12 08:05:00,53.5
2025-06-12 17:11:00,15.4
2025-06-12 04:49:00,50.313785814936594
2025-06-12 08:01:00,50.313785814936594
2025-06-12 09:54:00,88.0
2025-06-12 17:35:00,94.9
2025-06-12 14:27:00,50.313785814936594
2025-06-12 18:20:00,88.9
2025-06-12 18:41:00,42.5
2025-06-12 18:14:00,94.6
2025-06-12 11:05:00,32.9
2025-06-12 03:18:00,67.8
2025-06-12 03:25:00,4.5
2025-06-12 09:10:00,50.313785814936594
2025-06-12 21:08:00,5.4
2025-06-12 07:15:00,23.5
2025-06-12 12:09:00,42.7
2025-06-12 00:26:00,54.5
2025-06-12 22:45:00,13.7
2025-06-12 22:46:00,9.5
2025-06-12 21:56:00,16.1
2025-06-12 19:22:00,81.2
2025-06-12 05:35:00,56.2
2025-06-12 07:38:00,84.8
2025-06-12 23:48:00,55.0
2025-06-12 04:18:00,22.4
2025-06-12 08:38:00,50.313785814936594
2025-06-12 08:43:00,59.3
2025-06-12 12:02:00,60.4
2025-06-12 09:10:00,89.1
2025-06-12 19:34:00,96.9
2025-06-12 01:49:00,55.4
2025-06-12 03:32:00,11.4
2025-06-12 21:34:00,89.3
2025-06-12 14:51:00,50.313785814936594
2025-06-12 11:20:00,84.9
2025-06-12 10:38:00,63.1
2025-06-12 07:21:00,60.9
2025-06-12 17:56:00,57.5
2025-06-12 10:14:00,32.7
2025-06-12 12:19:00,50.313785814936594
2025-06-12 12:34:00,50.313785814936594
2025-06-12 02:14:00,8.6
2025-06-12 01:38:00,30.7
2025-06-12 22:04:00,11.5
2025-06-12 12:58:00,64.7
2025-06-12 20:25:00,63.3
2025-06-12 04:04:00,50.313785814936594
2025-06-12 19:12:00,50.313785814936594
2025-06-12 03:33:00,43.2
2025-06-12 08:45:00,21.2
2025-06-12 05:11:00,87.8
2025-06-12 09:23:00,85.9
2025-06-12 11:37:00,49.9
2025-06-12 15:23:00,19.9
2025-06-12 10:48:00,90.0
2025-06-12 11:32:00,0.5
2025-06-12 19:19:00,8.2
2025-06-12 06:58:00,64.5
2025-06-12 06:08:00,39.4
2025-06-12 04:25:00,25.6
2025-06-12 06:22:00,19.9
2025-06-12 17:00:00,17.0
2025-06-12 12:03:00,48.7
2025-06-12 08:02:00,76.3
2025-06-12 12:02:00,79.6
2025-06-12 20:12:00,50.313785814936594
2025-06-12 01:20:00,99.3
2025-06-12 15:09:00,99.8
2025-06-12 09:07:00,0.2
2025-06-12 19:39:00,2.5
2025-06-12 20:35:00,81.9
2025-06-12 13:08:00,50.313785814936594
2025-06-12 04:35:00,34.3
2025-06-12 21:20:00,50.313785814936594
2025-06-12 10:45:00,84.6
2025-06-12 21:44:00,38.8
2025-06-12 10:51:00,64.1
2025-06-12 16:57:00,93.1
2025-06-12 21:46:00,13.0
2025-06-12 10:15:00,88.8
2025-06-12 19:40:00,66.1
2025-06-12 04:08:00,63.8
2025-06-12 04:58:00,76.0
2025-06-12 14:31:00,51.3
2025-06-12 21:49:00,36.6
2025-06-12 05:37:00,72.7
2025-06-12 14:56:00,78.7
2025-06-12 18:52:00,59.9
2025-06-12 21:01:00,83.8
2025-06-12 17:17:00,8.8
2025-06-12 01:31:00,48.5
2025-06-12 20:05:00,82.1
2025-06-12 17:30:00,30.1
2025-06-12 04:24:00,68.2
2025-06-12 16:20:00,61.2
2025-06-12 05:14:00,90.6
2025-06-12 00:17:00,11.0
2025-06-12 06:18:00,2.4
2025-06-12 12:49:00,73.5
2025-06-12 12:46:00,24.7
2025-06-12 10:08:00,8.4
2025-06-12 02:24:00,50.313785814936594
2025-06-12 02:16:00,50.313785814936594
2025-06-12 10:51:00,69.5
2025-06-12 17:15:00,39.9
2025-06-12 04:28:00,85.9
2025-06-12 17:14:00,77.5
2025-06-12 11:45:00,3.0
2025-06-12 16:22:00,35.6
2025-06-12 19:39:00,36.0
2025-06-12 07:49:00,50.313785814936594
2025-06-12 12:55:00,88.1
2025-06-12 21:46:00,83.7
2025-06-12 19:12:00,55.6
2025-06-12 13:17:00,89.0
2025-06-12 13:59:00,32.0
2025-06-12 04:09:00,33.7
2025-06-12 05:21:00,95.9
2025-06-12 19:02:00,66.3
2025-06-12 02:59:00,7.0
2025-06-12 11:53:00,22.3
2025-06-12 05:48:00,16.0
2025-06-12 05:59:00,50.313785814936594
2025-06-12 02:05:00,50.5
2025-06-12 11:22:00,75.9
2025-06-12 20:48:00,50.313785814936594
2025-06-12 12:57:00,99.3
2025-06-12 21:34:00,25.8
2025-06-12 16:56:00,59.7
2025-06-12 23:29:00,4.1
2025-06-12 21:34:00,68.8
2025-06-12 19:28:00,0.3
2025-06-12 05:43:00,86.4
2025-06-12 13:20:00,50.313785814936594
2025-06-12 10:25:00,32.3
2025-06-12 04:46:00,41.8
2025-06-12 20:23:00,97.8
2025-06-12 20:57:00,93.8
2025-06-12 05:36:00,79.8
2025-06-12 18:20:00,50.313785814936594
2025-06-12 04:12:00,22.3
2025-06-12 09:21:00,81.6
2025-06-12 17:29:00,41.1
2025-06-12 01:02:00,60.7
2025-06-12 23:56:00,74.9
2025-06-12 01:13:00,93.7
2025-06-12 16:57:00,51.2
2025-06-12 05:27:00,36.3
2025-06-12 11:52:00,68.5
2025-06-12 14:12:00,50.313785814936594
2025-06-12 00:09:00,32.1
2025-06-12 03:48:00,61.5
2025-06-12 09:23:00,65.7
2025-06-12 01:39:00,93.1
2025-06-12 13:30:00,43.6
2025-06-12 15:14:00,90.4
2025-06-12 09:38:00,26.6
2025-06-12 08:58:00,50.313785814936594
2025-06-12 06:22:00,70.7
2025-06-12 01:02:00,71.5
2025-06-12 21:54:00,50.6
2025-06-12 19:48:00,70.9
2025-06-12 05:03:00,25.2
2025-06-12 04:23:00,23.0
2025-06-12 19:04:00,50.313785814936594
2025-06-12 05:28:00,64.6
2025-06-12 10:30:00,58.2
2025-06-12 18:04:00,85.8
2025-06-12 08:33:00,39.3
2025-06-12 22:54:00,19.6
2025-06-12 01:53:00,49.947505013566115
2025-06-12 03:18:00,51.2
2025-06-12 08:14:00,40.7
2025-06-12 03:15:00,25.1
2025-06-12 16:54:00,49.947505013566115
2025-06-12 06:34:00,17.4
2025-06-12 10:29:00,41.9
2025-06-12 06:43:00,76.1
2025-06-12 13:01:00,69.8
2025-06-12 22:26:00,9.2
2025-06-12 05:30:00,85.0
2025-06-12 22:07:00,7.7
2025-06-12 09:05:00,31.2
2025-06-12 20:24:00,34.6
2025-06-12 15:03:00,55.6
2025-06-12 10:32:00,54.8
2025-06-12 18:16:00,0.1
2025-06-12 08:24:00,20.3
2025-06-12 20:09:00,76.2
2025-06-12 01:24:00,5.2
2025-06-12 13:16:00,22.9
2025-06-12 01:13:00,29.4
2025-06-12 02:38:00,45.4
2025-06-12 14:57:00,1.7
2025-06-12 10:12:00,49.947505013566115
2025-06-12 13:29:00,49.947505013566115
2025-06-12 05:03:00,75.2
2025-06-12 02:01:00,40.6
2025-06-12 22:17:00,49.0
2025-06-12 20:12:00,24.7
2025-06-12 06:11:00,9.1
2025-06-12 19:50:00,31.5
2025-06-12 17:12:00,49.6
2025-06-12 06:05:00,53.1
2025-06-12 16:55:00,20.1
2025-06-12 02:35:00,49.947505013566115
2025-06-12 23:14:00,74.2
2025-06-12 03:45:00,12.9
2025-06-12 02:00:00,27.9
2025-06-12 06:55:00,26.3
2025-06-12 01:10:00,49.947505013566115
2025-06-12 23:54:00,39.8
2025-06-12 06:46:00,49.947505013566115
2025-06-12 02:01:00,72.3
2025-06-12 09:23:00,76.2
2025-06-12 01:51:00,29.7
2025-06-12 23:34:00,36.6
2025-06-12 02:47:00,27.1
2025-06-12 05:47:00,28.1
2025-06-12 07:52:00,36.0
2025-06-12 00:11:00,49.947505013566115
2025-06-12 14:08:00,49.947505013566115
2025-06-12 08:15:00,76.7
2025-06-12 20:06:00,49.947505013566115
2025-06-12 00:16:00,49.947505013566115
2025-06-12 05:37:00,93.0
2025-06-12 09:41:00,70.2
2025-06-12 05:29:00,93.1
2025-06-12 02:18:00,54.0
2025-06-12 07:35:00,49.947505013566115
2025-06-12 10:06:00,97.7
2025-06-12 06:40:00,85.9
2025-06-12 15:02:00,86.1
2025-06-12 22:56:00,79.9
2025-06-12 02:48:00,85.0
2025-06-12 07:02:00,5.5
2025-06-12 14:09:00,21.0
2025-06-12 09:19:00,33.8
2025-06-12 07:03:00,49.947505013566115
2025-06-12 10:41:00,32.6
2025-06-12 19:09:00,22.0
2025-06-12 18:37:00,42.4
2025-06-12 00:43:00,36.9
2025-06-12 16:33:00,22.6
2025-06-12 20:01:00,49.947505013566115
2025-06-12 03:26:00,69.8
2025-06-12 15:20:00,27.4
2025-06-12 05:27:00,60.3
2025-06-12 18:35:00,69.0
2025-06-12 14:05:00,67.7
2025-06-12 18:46:00,49.947505013566115
2025-06-12 17:11:00,55.3
2025-06-12 03:35:00,49.947505013566115
2025-06-12 05:43:00,6.8
2025-06-12 10:06:00,45.5
2025-06-12 05:01:00,49.947505013566115
2025-06-12 19:17:00,98.5
2025-06-12 16:46:00,29.2
2025-06-12 05:38:00,4.3
2025-06-12 07:50:00,63.7
2025-06-12 21:06:00,89.7
2025-06-12 06:52:00,77.2
2025-06-12 08:59:00,49.947505013566115
2025-06-12 21:06:00,33.4
2025-06-12 06:57:00,49.947505013566115
2025-06-12 06:58:00,92.8
2025-06-12 23:31:00,13.3
2025-06-12 01:08:00,49.947505013566115
2025-06-12 00:17:00,55.7
2025-06-12 10:53:00,1.9
2025-06-12 09:09:00,12.7
2025-06-12 04:46:00,49.947505013566115
2025-06-12 05:12:00,61.2
2025-06-12 16:30:00,45.3
2025-06-12 09:33:00,49.947505013566115
2025-06-12 08:12:00,34.4
2025-06-12 22:25:00,49.947505013566115
2025-06-12 06:17:00,16.7
2025-06-12 23:08:00,61.7
2025-06-12 04:19:00,17.3
2025-06-12 01:15:00,30.4
2025-06-12 07:11:00,37.8
2025-06-12 06:04:00,16.6
2025-06-12 01:05:00,17.9
2025-06-12 01:39:00,36.5
2025-06-12 21:34:00,85.5
2025-06-12 03:28:00,68.3
2025-06-12 21:52:00,49.947505013566115
2025-06-12 12:47:00,89.0
2025-06-12 07:13:00,1.3
2025-06-12 19:45:00,78.4
2025-06-12 03:37:00,31.2
2025-06-12 01:30:00,49.947505013566115
2025-06-12 17:51:00,39.1
2025-06-12 19:06:00,50.7
2025-06-12 12:06:00,19.5
2025-06-12 01:40:00,49.947505013566115
2025-06-12 21:09:00,63.9
2025-06-12 12:20:00,20.5
2025-06-12 14:11:00,71.4
2025-06-12 10:43:00,49.947505013566115
2025-06-12 13:02:00,68.6
2025-06-12 17:22:00,1.0
2025-06-12 15:56:00,77.6
2025-06-12 10:40:00,91.7
2025-06-12 19:15:00,80.6
2025-06-12 02:58:00,27.2
2025-06-12 07:25:00,8.9
2025-06-12 19:51:00,39.3
2025-06-12 12:59:00,11.0
2025-06-12 03:31:00,50.1
2025-06-12 15:43:00,63.1
2025-06-12 19:03:00,5.1
2025-06-12 23:06:00,71.0
2025-06-12 08:07:00,81.3
2025-06-12 20:51:00,89.8
2025-06-12 11:20:00,76.5
2025-06-12 02:17:00,6.5
2025-06-12 01:56:00,80.7
2025-06-12 16:34:00,93.9
2025-06-12 09:44:00,49.947505013566115
2025-06-12 09:53:00,49.947505013566115
2025-06-12 08:19:00,12.1
2025-06-12 16:27:00,67.5
2025-06-12 20:42:00,21.5
2025-06-12 12:36:00,78.4
2025-06-12 23:42:00,56.0
2025-06-12 00:03:00,49.947505013566115
2025-06-12 00:35:00,8.5
2025-06-12 05:29:00,12.7
2025-06-12 12:53:00,73.7
2025-06-12 12:56:00,9.1
2025-06-12 21:31:00,5.6
2025-06-12 05:48:00,3.8
2025-06-12 04:19:00,32.9
2025-06-12 19:23:00,51.2
2025-06-12 18:46:00,49.947505013566115
2025-06-12 07:03:00,1.5
2025-06-12 23:32:00,64.7
2025-06-12 00:19:00,28.2
2025-06-12 17:51:00,68.5
2025-06-12 05:22:00,3.9
2025-06-12 21:31:00,49.947505013566115
2025-06-12 10:16:00,49.947505013566115
2025-06-12 20:29:00,53.0
2025-06-12 23:36:00,43.3
2025-06-12 10:39:00,25.1
2025-06-12 20:56:00,1.0
2025-06-12 22:27:00,22.6
2025-06-12 17:22:00,6.0
2025-06-12 02:00:00,49.947505013566115
2025-06-12 09:48:00,79.3
2025-06-12 00:27:00,86.0
2025-06-12 22:08:00,5.6
2025-06-12 18:03:00,86.9
2025-06-12 17:30:00,7.6
2025-06-12 22:53:00,49.5
2025-06-12 14:39:00,49.947505013566115
2025-06-12 14:03:00,49.947505013566115
2025-06-12 23:09:00,29.9
2025-06-12 20:26:00,73.5
2025-06-12 15:38:00,49.947505013566115
2025-06-12 15:41:00,70.8
2025-06-12 05:28:00,83.0
2025-06-12 15:38:00,79.5
2025-06-12 19:47:00,49.947505013566115
2025-06-12 12:04:00,51.7
2025-06-12 08:03:00,30.5
2025-06-12 21:14:00,49.947505013566115
2025-06-12 11:26:00,41.3
2025-06-12 19:45:00,50.4
2025-06-12 14:43:00,49.947505013566115
2025-06-12 00:45:00,52.9
2025-06-12 08:56:00,2.7
2025-06-12 22:30:00,78.4
2025-06-12 12:06:00,84.5
2025-06-12 21:16:00,32.4
2025-06-12 01:02:00,81.1
2025-06-12 13:09:00,67.7
2025-06-12 05:46:00,97.8
2025-06-12 22:09:00,84.3
2025-06-12 03:21:00,84.9
2025-06-12 05:34:00,64.6
2025-06-12 18:50:00,42.3
2025-06-12 17:07:00,53.1
2025-06-12 00:28:00,49.947505013566115
2025-06-12 16:53:00,92.0
2025-06-12 06:09:00,84.3
2025-06-12 15:04:00,30.1
2025-06-12 14:21:00,24.9
2025-06-12 20:06:00,67.5
2025-06-12 19:36:00,8.2
2025-06-12 00:04:00,45.4
2025-06-12 14:50:00,42.6
2025-06-12 03:19:00,3.0
2025-06-12 14:59:00,5.3
2025-06-12 10:51:00,39.0
2025-06-12 06:04:00,80.7
2025-06-12 10:03:00,2.0
2025-06-12 14:02:00,49.947505013566115
2025-06-12 18:44:00,55.5
2025-06-12 22:15:00,89.0
2025-06-12 04:50:00,86.2
2025-06-12 13:40:00,15.3
2025-06-12 14:37:00,49.947505013566115
2025-06-12 17:12:00,72.0
2025-06-12 02:04:00,61.7
2025-06-12 02:40:00,19.4
2025-06-12 13:05:00,90.3
2025-06-12 09:49:00,60.1
2025-06-12 11:49:00,18.9
2025-06-12 01:44:00,16.3
2025-06-12 15:32:00,73.0
2025-06-12 12:54:00,63.9
2025-06-12 02:05:00,10.9
2025-06-12 06:01:00,54.3
2025-06-12 15:46:00,76.4
2025-06-12 10:35:00,3.6
2025-06-12 04:33:00,49.947505013566115
2025-06-12 00:46:00,96.2
2025-06-12 18:24:00,49.947505013566115
2025-06-12 14:39:00,61.7
2025-06-12 14:05:00,63.0
2025-06-12 00:10:00,4.3
2025-06-12 18:04:00,82.5
2025-06-12 06:52:00,85.8
2025-06-12 21:15:00,15.7
2025-06-12 10:05:00,11.1
2025-06-12 12:05:00,76.4
2025-06-12 20:04:00,39.4
2025-06-12 10:44:00,49.947505013566115
2025-06-12 13:31:00,56.1
2025-06-12 16:50:00,98.3
2025-06-12 04:48:00,41.7
2025-06-12 02:19:00,3.6
2025-06-12 11:56:00,37.4
2025-06-12 15:08:00,74.0
2025-06-12 07:58:00,89.2
2025-06-12 12:28:00,81.2
2025-06-12 12:17:00,90.0
2025-06-12 04:14:00,32.2
2025-06-12 09:09:00,65.1
2025-06-12 00:02:00,84.8
2025-06-12 02:33:00,95.1
2025-06-12 20:32:00,57.1
2025-06-12 02:22:00,95.0
2025-06-12 00:19:00,49.947505013566115
2025-06-12 03:41:00,25.8
2025-06-12 00:12:00,36.3
2025-06-12 12:24:00,63.9
2025-06-12 20:18:00,49.947505013566115
2025-06-12 09:38:00,44.5
2025-06-12 05:22:00,95.8
2025-06-12 11:52:00,49.947505013566115
2025-06-12 23:35:00,43.0
2025-06-12 17:48:00,41.1
2025-06-12 16:44:00,96.7
2025-06-12 00:54:00,57.9
2025-06-12 19:07:00,49.947505013566115
2025-06-12 04:09:00,41.8
2025-06-12 22:18:00,49.947505013566115
2025-06-12 16:45:00,38.3
2025-06-12 02:19:00,72.3
2025-06-12 04:33:00,95.3
2025-06-12 07:58:00,93.5
2025-06-12 03:16:00,49.947505013566115
2025-06-12 19:37:00,48.0
2025-06-12 00:38:00,49.947505013566115
2025-06-12 14:33:00,13.7
2025-06-12 22:43:00,56.8
2025-06-12 21:05:00,96.9
2025-06-12 09:59:00,85.2
2025-06-12 14:52:00,49.947505013566115
2025-06-12 23:25:00,43.2
2025-06-12 18:57:00,77.9
2025-06-12 14:49:00,93.1
2025-06-12 11:01:00,42.3
2025-06-12 05:39:00,17.8
2025-06-12 16:26:00,59.0
2025-06-12 05:12:00,85.8
2025-06-12 23:23:00,8.2
2025-06-12 11:02:00,20.7
2025-06-12 19:01:00,5.1
2025-06-12 12:25:00,10.1
2025-06-12 18:27:00,7.4
2025-06-12 12:45:00,49.947505013566115
2025-06-12 06:43:00,30.4
2025-06-12 16:27:00,18.8
2025-06-12 17:00:00,49.947505013566115
2025-06-12 01:01:00,35.3
2025-06-12 21:23:00,70.7
2025-06-12 06:33:00,56.8
2025-06-12 10:22:00,19.1
2025-06-12 09:59:00,55.5
2025-06-12 21:07:00,20.8
2025-06-12 08:51:00,57.9
2025-06-12 21:55:00,76.3
2025-06-12 13:45:00,36.4
2025-06-12 15:09:00,96.8
2025-06-12 21:57:00,95.0
2025-06-12 08:43:00,32.4
2025-06-12 07:50:00,27.7
2025-06-12 04:55:00,91.6
2025-06-12 13:38:00,3.0
2025-06-12 09:53:00,49.0
2025-06-12 07:58:00,99.5
2025-06-12 00:05:00,50.31471380077256
2025-06-12 09:51:00,75.5
2025-06-12 15:19:00,49.4
2025-06-12 01:51:00,81.3
2025-06-12 03:21:00,22.5
2025-06-12 18:19:00,49.9
2025-06-12 10:03:00,58.9
2025-06-12 21:48:00,61.5
2025-06-12 22:41:00,7.7
2025-06-12 12:25:00,8.4
2025-06-12 17:47:00,50.31471380077256
2025-06-12 10:45:00,48.0
2025-06-12 01:00:00,65.6
2025-06-12 15:21:00,89.0
2025-06-12 02:34:00,36.8
2025-06-12 00:04:00,48.2
2025-06-12 23:07:00,40.3
2025-06-12 06:32:00,16.0
2025-06-12 14:32:00,50.31471380077256
2025-06-12 19:39:00,15.6
2025-06-12 13:19:00,50.31471380077256
2025-06-12 19:02:00,92.7
2025-06-12 06:54:00,7.1
2025-06-12 01:00:00,93.0
2025-06-12 10:01:00,23.8
2025-06-12 13:44:00,87.3
2025-06-12 14:38:00,4.8
2025-06-12 00:54:00,78.2
2025-06-12 22:29:00,98.0
2025-06-12 15:23:00,50.31471380077256
2025-06-12 18:06:00,2.2
2025-06-12 12:56:00,99.4
2025-06-12 06:13:00,50.31471380077256
2025-06-12 07:58:00,50.31471380077256
2025-06-12 13:17:00,72.9
2025-06-12 18:54:00,54.9
2025-06-12 15:27:00,68.2
2025-06-12 00:26:00,21.2
2025-06-12 00:41:00,3.9
2025-06-12 22:54:00,92.1
2025-06-12 12:15:00,51.2
2025-06-12 07:55:00,37.2
2025-06-12 21:08:00,50.31471380077256
2025-06-12 06:29:00,98.2
2025-06-12 20:47:00,92.8
2025-06-12 02:00:00,70.2
2025-06-12 07:29:00,53.7
2025-06-12 00:50:00,66.4
2025-06-12 07:08:00,40.9
2025-06-12 00:26:00,67.1
2025-06-12 06:33:00,4.0
2025-06-12 07:02:00,90.4
2025-06-12 06:12:00,19.4
2025-06-12 22:27:00,93.3
2025-06-12 03:52:00,50.31471380077256
2025-06-12 18:37:00,6.7
2025-06-12 14:07:00,23.4
2025-06-12 06:37:00,46.4
2025-06-12 11:15:00,11.2
2025-06-12 11:10:00,14.3
2025-06-12 15:25:00,55.9
2025-06-12 12:33:00,75.5
2025-06-12 15:42:00,75.6
2025-06-12 18:15:00,37.7
2025-06-12 01:59:00,50.31471380077256
2025-06-12 05:26:00,29.0
2025-06-12 10:55:00,50.31471380077256
2025-06-12 14:37:00,10.0
2025-06-12 04:25:00,95.0
2025-06-12 13:17:00,87.8
2025-06-12 09:27:00,23.1
2025-06-12 07:27:00,50.31471380077256
2025-06-12 21:12:00,50.31471380077256
2025-06-12 22:41:00,50.31471380077256
2025-06-12 18:48:00,5.1
2025-06-12 23:05:00,28.2
2025-06-12 14:35:00,37.8
2025-06-12 01:39:00,70.9
2025-06-12 07:59:00,41.0
2025-06-12 23:59:00,16.0
2025-06-12 00:58:00,80.9
2025-06-12 07:04:00,54.9
2025-06-12 21:23:00,26.9
2025-06-12 13:59:00,50.31471380077256
2025-06-12 11:55:00,46.3
2025-06-12 15:37:00,31.9
2025-06-12 07:11:00,44.8
2025-06-12 08:29:00,76.8
2025-06-12 14:35:00,50.31471380077256
2025-06-12 19:07:00,89.5
2025-06-12 17:52:00,50.31471380077256
2025-06-12 03:18:00,3.7
2025-06-12 05:33:00,15.4
2025-06-12 03:11:00,57.6
2025-06-12 09:08:00,68.0
2025-06-12 18:30:00,14.5
2025-06-12 22:36:00,72.6
2025-06-12 12:34:00,60.7
2025-06-12 22:48:00,85.2
2025-06-12 16:47:00,28.1
2025-06-12 18:14:00,48.1
2025-06-12 09:21:00,73.8
2025-06-12 01:44:00,26.2
2025-06-12 21:15:00,63.1
2025-06-12 11:24:00,50.31471380077256
2025-06-12 19:32:00,45.0
2025-06-12 05:36:00,50.31471380077256
2025-06-12 11:49:00,1.3
2025-06-12 10:20:00,50.31471380077256
2025-06-12 22:57:00,83.0
2025-06-12 06:00:00,45.2
2025-06-12 17:59:00,41.8
2025-06-12 13:01:00,39.8
2025-06-12 05:40:00,28.4
2025-06-12 15:10:00,84.8
2025-06-12 02:43:00,84.9
2025-06-12 12:39:00,93.0
2025-06-12 04:48:00,43.0
2025-06-12 01:45:00,8.4
2025-06-12 03:56:00,83.7
2025-06-12 16:57:00,12.9
2025-06-12 23:08:00,86.7
2025-06-12 10:26:00,26.8
2025-06-12 07:03:00,50.31471380077256
2025-06-12 22:35:00,3.7
2025-06-12 22:41:00,96.3
2025-06-12 19:14:00,71.8
2025-06-12 05:04:00,70.4
2025-06-12 18:43:00,73.7
2025-06-12 19:11:00,0.7
2025-06-12 14:00:00,26.1
2025-06-12 10:19:00,42.2
2025-06-12 05:04:00,29.6
2025-06-12 06:59:00,60.4
2025-06-12 23:54:00,45.7
2025-06-12 14:24:00,59.0
2025-06-12 11:37:00,59.2
2025-06-12 00:44:00,80.8
2025-06-12 22:39:00,6.2
2025-06-12 13:50:00,34.6
2025-06-12 06:18:00,82.8
2025-06-12 21:51:00,50.31471380077256
2025-06-12 23:36:00,5.1
2025-06-12 02:17:00,63.0
2025-06-12 08:25:00,50.31471380077256
2025-06-12 20:23:00,88.1
2025-06-12 14:23:00,35.7
2025-06-12 16:33:00,67.0
2025-06-12 04:16:00,6.5
2025-06-12 06:55:00,94.3
2025-06-12 10:37:00,50.31471380077256
2025-06-12 23:13:00,28.7
2025-06-12 18:38:00,87.3
2025-06-12 23:08:00,1.2
2025-06-12 14:01:00,55.2
2025-06-12 16:24:00,19.4
2025-06-12 09:49:00,44.4
2025-06-12 22:39:00,0.6
2025-06-12 01:08:00,81.5
2025-06-12 18:16:00,9.1
2025-06-12 16:29:00,44.7
2025-06-12 09:23:00,97.6
2025-06-12 18:35:00,50.31471380077256
2025-06-12 22:21:00,83.6
2025-06-12 18:32:00,27.1
2025-06-12 02:52:00,8.0
2025-06-12 12:06:00,37.9
2025-06-12 20:04:00,65.2
2025-06-12 15:29:00,83.4
2025-06-12 08:07:00,73.3
2025-06-12 07:23:00,50.8
2025-06-12 00:29:00,35.5
2025-06-12 12:46:00,37.4
2025-06-12 18:52:00,19.0
2025-06-12 00:28:00,50.31471380077256
2025-06-12 03:37:00,68.4
2025-06-12 12:44:00,58.6
2025-06-12 12:47:00,32.7
2025-06-12 09:58:00,3.4
2025-06-12 07:22:00,42.7
2025-06-12 21:18:00,13.7
2025-06-12 10:33:00,50.31471380077256
2025-06-12 17:09:00,1.0
2025-06-12 03:48:00,68.1
2025-06-12 02:06:00,50.31471380077256
2025-06-12 04:03:00,7.4
2025-06-12 06:14:00,22.9
2025-06-12 15:48:00,63.9
2025-06-12 07:34:00,92.9
2025-06-12 06:30:00,48.7
2025-06-12 11:27:00,64.0
2025-06-12 16:43:00,20.6
2025-06-12 07:08:00,59.6
2025-06-12 23:29:00,66.7
2025-06-12 01:57:00,76.5
2025-06-12 21:51:00,50.31471380077256
2025-06-12 20:58:00,65.8
2025-06-12 09:15:00,59.3
2025-06-12 06:13:00,23.1
2025-06-12 19:23:00,40.4
2025-06-12 08:54:00,50.31471380077256
2025-06-12 18:17:00,11.0
2025-06-12 03:58:00,95.6
2025-06-12 05:36:00,51.6
2025-06-12 04:17:00,99.5
2025-06-12 13:52:00,69.5
2025-06-12 20:18:00,62.2
2025-06-12 00:04:00,59.8
2025-06-12 08:41:00,69.1
2025-06-12 08:02:00,37.7
2025-06-12 06:41:00,13.9
2025-06-12 14:52:00,53.8
2025-06-12 23:14:00,55.2
2025-06-12 09:16:00,37.2
2025-06-12 03:16:00,74.3
2025-06-12 21:50:00,30.9
2025-06-12 18:48:00,22.0
2025-06-12 13:37:00,84.5
2025-06-12 23:48:00,53.4
2025-06-12 09:51:00,50.31471380077256
2025-06-12 04:10:00,98.2
2025-06-12 18:04:00,50.31471380077256
2025-06-12 20:29:00,66.3
2025-06-12 03:54:00,6.6
2025-06-12 20:29:00,96.1
2025-06-12 11:48:00,38.9
2025-06-12 01:39:00,93.9
2025-06-12 18:51:00,36.3
2025-06-12 20:46:00,89.8
2025-06-12 01:38:00,30.8
2025-06-12 18:41:00,42.2
2025-06-12 18:37:00,20.4
2025-06-12 09:34:00,16.7
2025-06-12 06:14:00,50.31471380077256
2025-06-12 06:58:00,51.0
2025-06-12 12:52:00,95.4
2025-06-12 06:46:00,52.3
2025-06-12 10:50:00,14.9
2025-06-12 17:18:00,50.31471380077256
2025-06-12 23:47:00,10.7
2025-06-12 17:25:00,50.4
2025-06-12 11:51:00,24.3
2025-06-12 11:19:00,24.5
2025-06-12 10:57:00,50.31471380077256
2025-06-12 19:25:00,50.31471380077256
2025-06-12 13:08:00,30.8
2025-06-12 17:39:00,50.31471380077256
2025-06-12 23:38:00,19.4
2025-06-12 00:41:00,78.8
2025-06-12 02:56:00,11.4
2025-06-12 16:19:00,79.8
2025-06-12 01:43:00,1.3
2025-06-12 03:03:00,78.8
2025-06-12 12:10:00,44.0
2025-06-12 10:13:00,1.8
2025-06-12 02:24:00,50.31471380077256
2025-06-12 07:37:00,64.0
2025-06-12 06:26:00,68.8
2025-06-12 00:32:00,90.8
2025-06-12 19:53:00,26.7
2025-06-12 18:34:00,86.1
2025-06-12 10:46:00,19.7
2025-06-12 16:08:00,71.7
2025-06-12 15:45:00,18.4
2025-06-12 12:25:00,79.5
2025-06-12 05:58:00,67.1
2025-06-12 02:43:00,72.4
2025-06-12 00:39:00,40.7
2025-06-12 19:28:00,22.3
2025-06-12 23:47:00,29.6
2025-06-12 21:43:00,86.4
2025-06-12 08:29:00,65.5
2025-06-12 03:12:00,50.31471380077256
2025-06-12 13:33:00,56.4
2025-06-12 13:30:00,9.5
2025-06-12 02:57:00,17.9
2025-06-12 05:15:00,61.5
2025-06-12 22:21:00,74.5
2025-06-12 03:21:00,95.2
2025-06-12 12:25:00,43.5
2025-06-12 17:22:00,3.9
2025-06-12 21:57:00,73.8
2025-06-12 14:01:00,10.3
2025-06-12 07:57:00,97.9
2025-06-12 18:55:00,93.0
2025-06-12 16:44:00,84.6
2025-06-12 01:43:00,50.31471380077256
2025-06-12 10:43:00,39.2
2025-06-12 01:16:00,78.1
2025-06-12 19:23:00,38.0
2025-06-12 00:12:00,26.3
2025-06-12 16:59:00,50.31471380077256
2025-06-12 23:00:00,50.31471380077256
2025-06-12 14:43:00,88.9
2025-06-12 17:53:00,20.1
2025-06-12 10:54:00,50.4
2025-06-12 23:51:00,84.3
2025-06-12 15:47:00,43.3
2025-06-12 18:08:00,23.8
2025-06-12 13:59:00,50.31471380077256
2025-06-12 00:07:00,20.8
2025-06-12 06:14:00,85.3
2025-06-12 09:33:00,43.0
2025-06-12 00:52:00,72.7
2025-06-12 12:02:00,43.2
2025-06-12 17:18:00,3.2
2025-06-12 01:29:00,55.4
2025-06-12 21:39:00,41.2
2025-06-12 07:06:00,26.9
2025-06-12 07:52:00,7.5
2025-06-12 07:00:00,48.5
2025-06-12 16:08:00,46.9
2025-06-12 18:23:00,45.3
2025-06-12 05:33:00,47.2
2025-06-12 13:15:00,50.31471380077256
2025-06-12 18:42:00,16.7
2025-06-12 16:22:00,28.7
2025-06-12 06:54:00,78.1
2025-06-12 20:22:00,32.2
2025-06-12 01:10:00,23.5
2025-06-12 11:19:00,89.1
2025-06-12 20:50:00,21.9
2025-06-12 13:14:00,9.2
2025-06-12 13:00:00,51.9
2025-06-12 00:12:00,37.8
2025-06-12 09:01:00,33.5
2025-06-12 20:01:00,40.5
2025-06-12 18:43:00,11.4
2025-06-12 01:30:00,5.1
2025-06-12 04:52:00,73.0
2025-06-12 19:36:00,49.873700916999766
2025-06-12 13:26:00,49.873700916999766
2025-06-12 16:55:00,34.9
2025-06-12 05:42:00,53.3
2025-06-12 01:34:00,83.7
2025-06-12 17:11:00,24.1
2025-06-12 22:04:00,65.4
2025-06-12 14:06:00,26.5
2025-06-12 03:51:00,68.6
2025-06-12 22:25:00,1.3
2025-06-12 20:49:00,52.0
2025-06-12 14:24:00,63.9
2025-06-12 00:52:00,15.4
2025-06-12 08:08:00,76.5
2025-06-12 13:00:00,49.873700916999766
2025-06-12 01:43:00,9.2
2025-06-12 19:38:00,34.8
2025-06-12 15:18:00,15.7
2025-06-12 19:57:00,49.873700916999766
2025-06-12 08:09:00,66.1
2025-06-12 10:17:00,28.0
2025-06-12 13:54:00,49.873700916999766
2025-06-12 07:45:00,49.873700916999766
2025-06-12 11:14:00,81.0
2025-06-12 14:38:00,15.8
2025-06-12 13:44:00,53.6
2025-06-12 15:28:00,49.873700916999766
2025-06-12 08:35:00,81.1
2025-06-12 07:38:00,82.4
2025-06-12 08:36:00,49.873700916999766
2025-06-12 21:08:00,92.8
2025-06-12 15:55:00,24.4
2025-06-12 09:05:00,65.6
2025-06-12 02:11:00,5.3
2025-06-12 18:17:00,46.1
2025-06-12 11:48:00,97.6
2025-06-12 00:10:00,66.9
2025-06-12 19:49:00,68.7
2025-06-12 04:44:00,49.873700916999766
2025-06-12 06:46:00,49.873700916999766
2025-06-12 06:11:00,84.1
2025-06-12 01:29:00,35.1
2025-06-12 14:51:00,9.7
2025-06-12 03:32:00,36.2
2025-06-12 21:30:00,39.4
2025-06-12 20:02:00,95.7
2025-06-12 09:11:00,50.5
2025-06-12 01:23:00,52.5
2025-06-12 08:10:00,22.3
2025-06-12 11:43:00,41.4
2025-06-12 14:00:00,80.4
2025-06-12 12:32:00,73.8
2025-06-12 11:24:00,93.4
2025-06-12 11:00:00,2.9
2025-06-12 11:00:00,63.3
2025-06-12 23:15:00,65.2
2025-06-12 00:57:00,68.0
2025-06-12 15:46:00,87.4
2025-06-12 10:20:00,55.6
2025-06-12 08:58:00,49.873700916999766
2025-06-12 22:58:00,52.3
2025-06-12 21:58:00,50.5
2025-06-12 16:42:00,2.0
2025-06-12 09:39:00,64.1
2025-06-12 15:37:00,26.2
2025-06-12 14:38:00,49.873700916999766
2025-06-12 17:12:00,18.4
2025-06-12 06:02:00,89.5
2025-06-12 13:24:00,19.4
2025-06-12 19:03:00,32.5
2025-06-12 05:26:00,88.3
2025-06-12 01:26:00,54.7
2025-06-12 02:56:00,23.4
2025-06-12 10:09:00,3.0
2025-06-12 13:42:00,47.8
2025-06-12 17:08:00,80.4
2025-06-12 00:48:00,45.1
2025-06-12 12:53:00,88.9
2025-06-12 20:33:00,49.7
2025-06-12 17:59:00,46.9
2025-06-12 01:53:00,69.6
2025-06-12 09:41:00,68.6
2025-06-12 10:51:00,63.4
2025-06-12 04:58:00,49.873700916999766
2025-06-12 14:12:00,51.5
2025-06-12 13:17:00,88.2
2025-06-12 20:55:00,38.1
2025-06-12 17:41:00,42.7
2025-06-12 10:30:00,64.8
2025-06-12 00:22:00,37.7
2025-06-12 04:01:00,4.1
2025-06-12 08:37:00,82.0
2025-06-12 02:13:00,64.5
2025-06-12 13:29:00,69.3
2025-06-12 09:08:00,57.7
2025-06-12 12:34:00,19.5
2025-06-12 16:40:00,7.4
2025-06-12 11:35:00,59.8
2025-06-12 06:13:00,98.4
2025-06-12 12:41:00,40.4
2025-06-12 13:43:00,80.4
2025-06-12 18:06:00,32.6
2025-06-12 09:23:00,84.6
2025-06-12 20:13:00,87.3
2025-06-12 12:50:00,76.8
2025-06-12 05:33:00,49.873700916999766
2025-06-12 01:53:00,90.9
2025-06-12 19:43:00,33.9
2025-06-12 12:02:00,8.1
2025-06-12 09:03:00,82.5
2025-06-12 22:49:00,79.5
2025-06-12 18:55:00,52.4
2025-06-12 18:52:00,49.873700916999766
2025-06-12 16:53:00,14.7
2025-06-12 23:06:00,69.8
2025-06-12 23:28:00,41.8
2025-06-12 05:01:00,17.5
2025-06-12 14:13:00,55.0
2025-06-12 19:54:00,6.0
2025-06-12 04:42:00,0.1
2025-06-12 06:27:00,11.9
2025-06-12 03:43:00,49.873700916999766
2025-06-12 02:08:00,71.2
2025-06-12 13:59:00,48.4
2025-06-12 04:31:00,57.5
2025-06-12 11:04:00,49.873700916999766
2025-06-12 20:45:00,81.5
2025-06-12 19:41:00,84.2
2025-06-12 10:55:00,49.873700916999766
2025-06-12 10:39:00,49.873700916999766
2025-06-12 11:37:00,70.0
2025-06-12 03:32:00,2.1
2025-06-12 07:03:00,49.873700916999766
2025-06-12 02:38:00,52.8
2025-06-12 11:27:00,5.3
2025-06-12 15:06:00,49.873700916999766
2025-06-12 09:56:00,54.7
2025-06-12 02:25:00,49.873700916999766
2025-06-12 10:13:00,10.0
2025-06-12 22:31:00,29.5
2025-06-12 08:00:00,61.8
2025-06-12 22:56:00,16.0
2025-06-12 05:10:00,1.2
2025-06-12 19:08:00,0.7
2025-06-12 16:24:00,49.873700916999766
2025-06-12 17:27:00,58.0
2025-06-12 11:11:00,17.2
2025-06-12 21:47:00,49.873700916999766
2025-06-12 13:44:00,11.0
2025-06-12 13:12:00,80.3
2025-06-12 08:18:00,47.8
2025-06-12 01:25:00,3.2
2025-06-12 18:12:00,29.9
2025-06-12 11:38:00,26.3
2025-06-12 14:34:00,44.8
2025-06-12 20:21:00,76.7
2025-06-12 18:18:00,3.4
2025-06-12 01:02:00,73.9
2025-06-12 01:35:00,52.0
2025-06-12 02:53:00,6.5
2025-06-12 18:48:00,23.2
2025-06-12 14:57:00,86.5
2025-06-12 20:46:00,91.0
2025-06-12 09:47:00,39.9
2025-06-12 02:50:00,49.873700916999766
2025-06-12 14:37:00,49.873700916999766
2025-06-12 00:44:00,26.0
2025-06-12 01:00:00,68.7
2025-06-12 20:46:00,34.1
2025-06-12 15:04:00,93.0
2025-06-12 01:07:00,20.0
2025-06-12 17:33:00,78.9
2025-06-12 22:33:00,12.1
2025-06-12 04:37:00,49.873700916999766
2025-06-12 17:00:00,34.8
2025-06-12 08:41:00,8.0
2025-06-12 23:10:00,2.5
2025-06-12 12:59:00,96.9
2025-06-12 05:04:00,56.2
2025-06-12 15:49:00,66.6
2025-06-12 08:14:00,4.0
2025-06-12 01:47:00,56.4
2025-06-12 05:01:00,49.873700916999766
2025-06-12 02:20:00,75.3
2025-06-12 10:31:00,50.3
2025-06-12 11:42:00,69.9
2025-06-12 18:26:00,74.7
2025-06-12 13:11:00,99.8
2025-06-12 15:06:00,49.873700916999766
2025-06-12 18:33:00,75.4
2025-06-12 23:26:00,3.8
2025-06-12 16:19:00,71.5
2025-06-12 11:09:00,6.4
2025-06-12 14:34:00,61.9
2025-06-12 07:11:00,78.8
2025-06-12 11:04:00,68.1
2025-06-12 19:12:00,82.5
2025-06-12 16:51:00,16.3
2025-06-12 23:34:00,1.2
2025-06-12 16:29:00,76.5
2025-06-12 18:17:00,28.9
2025-06-12 18:47:00,42.0
2025-06-12 08:09:00,86.7
2025-06-12 19:52:00,22.6
2025-06-12 00:37:00,86.5
2025-06-12 11:26:00,19.6
2025-06-12 13:17:00,49.873700916999766
2025-06-12 16:43:00,63.4
2025-06-12 07:49:00,53.8
2025-06-12 21:03:00,28.8
2025-06-12 08:47:00,50.3
2025-06-12 02:53:00,28.2
2025-06-12 14:20:00,45.1
2025-06-12 10:13:00,35.6
2025-06-12 20:29:00,58.4
2025-06-12 18:09:00,85.2
2025-06-12 13:52:00,4.1
2025-06-12 22:02:00,49.1
2025-06-12 17:59:00,22.3
2025-06-12 00:45:00,29.9
2025-06-12 21:25:00,93.9
2025-06-12 06:11:00,83.4
2025-06-12 02:33:00,19.1
2025-06-12 18:56:00,87.5
2025-06-12 04:03:00,6.9
2025-06-12 08:27:00,83.7
2025-06-12 01:33:00,45.3
2025-06-12 17:43:00,17.1
2025-06-12 15:03:00,67.5
2025-06-12 11:31:00,34.0
2025-06-12 18:46:00,45.7
2025-06-12 00:31:00,80.9
2025-06-12 16:05:00,74.6
2025-06-12 20:19:00,49.873700916999766
2025-06-12 11:29:00,49.873700916999766
2025-06-12 13:08:00,64.9
2025-06-12 01:19:00,49.873700916999766
2025-06-12 11:24:00,34.7
2025-06-12 03:36:00,12.2
2025-06-12 23:19:00,95.5
2025-06-12 05:04:00,68.5
2025-06-12 07:48:00,38.6
2025-06-12 18:23:00,25.7
2025-06-12 22:17:00,16.6
2025-06-12 06:02:00,49.873700916999766
2025-06-12 06:08:00,91.2
2025-06-12 17:42:00,1.8
2025-06-12 14:46:00,80.2
2025-06-12 13:39:00,11.9
2025-06-12 21:11:00,66.9
2025-06-12 00:29:00,46.2
2025-06-12 11:05:00,36.3
2025-06-12 03:19:00,70.4
2025-06-12 12:15:00,71.4
2025-06-12 19:46:00,35.3
2025-06-12 03:25:00,28.2
2025-06-12 07:39:00,49.5
2025-06-12 05:43:00,45.7
2025-06-12 01:42:00,21.8
2025-06-12 02:02:00,49.873700916999766
2025-06-12 06:35:00,83.0
2025-06-12 05:09:00,17.5
2025-06-12 22:24:00,34.7
2025-06-12 05:19:00,11.0
2025-06-12 09:26:00,94.6
2025-06-12 13:06:00,91.6
2025-06-12 16:40:00,82.6
2025-06-12 23:07:00,88.7
2025-06-12 03:08:00,15.9
2025-06-12 10:50:00,88.0
2025-06-12 21:11:00,55.0
2025-06-12 00:15:00,21.2
2025-06-12 03:59:00,22.6
2025-06-12 03:41:00,4.6
2025-06-12 03:36:00,51.4
2025-06-12 12:34:00,43.5
2025-06-12 11:33:00,31.2
2025-06-12 09:43:00,90.0
2025-06-12 00:24:00,69.8
2025-06-12 07:15:00,74.2
2025-06-12 17:31:00,42.1
2025-06-12 08:44:00,20.4
2025-06-12 02:10:00,12.0
2025-06-12 00:23:00,53.1
2025-06-12 09:38:00,49.873700916999766
2025-06-12 13:17:00,38.9
2025-06-12 05:45:00,23.2
2025-06-12 14:35:00,17.9
2025-06-12 16:13:00,35.3
2025-06-12 05:14:00,60.1
2025-06-12 11:17:00,97.9
2025-06-12 20:43:00,60.4
2025-06-12 01:58:00,62.5
2025-06-12 06:18:00,49.873700916999766
2025-06-12 01:15:00,82.1
2025-06-12 10:59:00,63.8
2025-06-12 23:07:00,45.7
2025-06-12 10:12:00,88.8
2025-06-12 20:48:00,56.1
2025-06-12 21:57:00,12.2
2025-06-12 17:51:00,95.6
2025-06-12 17:20:00,10.4
2025-06-12 03:49:00,65.8
2025-06-12 14:32:00,99.9
2025-06-12 22:36:00,36.5
2025-06-12 02:05:00,53.8
2025-06-12 14:26:00,37.8
2025-06-12 06:49:00,46.4
2025-06-12 00:41:00,14.5
2025-06-12 05:23:00,33.5
2025-06-12 13:37:00,94.0
2025-06-12 14:58:00,78.3
2025-06-12 13:04:00,66.8
2025-06-12 07:50:00,3.1
2025-06-12 11:04:00,82.2
2025-06-12 05:52:00,98.8
2025-06-12 15:04:00,19.2
2025-06-12 14:43:00,67.3
2025-06-12 01:41:00,21.0
2025-06-12 22:12:00,14.9
2025-06-12 21:01:00,11.0
2025-06-12 17:07:00,82.8
2025-06-12 12:35:00,84.0
2025-06-12 10:59:00,35.1
2025-06-12 20:12:00,49.660353652861794
2025-06-12 01:47:00,40.2
2025-06-12 15:12:00,47.1
2025-06-12 09:04:00,0.9
2025-06-12 18:18:00,58.1
2025-06-12 20:40:00,12.6
2025-06-12 11:06:00,87.0
2025-06-12 08:38:00,49.660353652861794
2025-06-12 06:46:00,1.0
2025-06-12 17:57:00,96.9
2025-06-12 07:25:00,63.5
2025-06-12 06:16:00,2.1
2025-06-12 04:06:00,76.0
2025-06-12 03:30:00,0.9
2025-06-12 19:35:00,49.660353652861794
2025-06-12 23:28:00,93.6
2025-06-12 04:32:00,49.660353652861794
2025-06-12 04:50:00,87.6
2025-06-12 17:17:00,73.0
2025-06-12 18:05:00,3.1
2025-06-12 11:37:00,50.2
2025-06-12 09:31:00,49.0
2025-06-12 12:37:00,76.6
2025-06-12 18:16:00,3.9
2025-06-12 11:22:00,82.6
2025-06-12 16:28:00,98.3
2025-06-12 13:02:00,54.6
2025-06-12 20:57:00,52.4
2025-06-12 14:36:00,22.2
2025-06-12 08:48:00,0.8
2025-06-12 06:06:00,59.4
2025-06-12 22:01:00,0.6
2025-06-12 22:48:00,49.660353652861794
2025-06-12 18:17:00,0.4
2025-06-12 12:37:00,70.6
2025-06-12 23:45:00,38.5
2025-06-12 05:43:00,49.660353652861794
2025-06-12 21:42:00,49.6
2025-06-12 22:14:00,49.660353652861794
2025-06-12 22:08:00,85.7
2025-06-12 14:20:00,70.7
2025-06-12 04:03:00,95.8
2025-06-12 03:31:00,88.8
2025-06-12 23:41:00,49.660353652861794
2025-06-12 12:38:00,29.8
2025-06-12 08:45:00,59.3
2025-06-12 19:24:00,61.1
2025-06-12 08:04:00,49.660353652861794
2025-06-12 07:02:00,43.2
2025-06-12 12:55:00,71.1
2025-06-12 10:52:00,59.7
2025-06-12 16:19:00,57.2
2025-06-12 00:21:00,49.660353652861794
2025-06-12 04:22:00,68.5
2025-06-12 10:31:00,75.0
2025-06-12 17:02:00,52.4
2025-06-12 22:36:00,96.5
2025-06-12 20:11:00,49.660353652861794
2025-06-12 08:51:00,1.8
2025-06-12 01:29:00,49.660353652861794
2025-06-12 13:02:00,49.660353652861794
2025-06-12 03:16:00,67.7
2025-06-12 08:25:00,53.0
2025-06-12 19:06:00,29.8
2025-06-12 17:02:00,13.4
2025-06-12 00:46:00,13.2
2025-06-12 03:30:00,58.4
2025-06-12 14:16:00,72.7
2025-06-12 18:44:00,48.2
2025-06-12 03:45:00,67.4
2025-06-12 08:59:00,92.8
2025-06-12 09:06:00,20.6
2025-06-12 21:44:00,24.2
2025-06-12 14:37:00,72.5
2025-06-12 12:05:00,40.2
2025-06-12 17:20:00,24.8
2025-06-12 06:54:00,62.2
2025-06-12 06:07:00,85.6
2025-06-12 06:11:00,1.9
2025-06-12 01:09:00,16.3
2025-06-12 06:49:00,89.9
2025-06-12 19:41:00,0.5
2025-06-12 03:02:00,52.0
2025-06-12 00:01:00,18.5
2025-06-12 16:33:00,81.1
2025-06-12 04:17:00,53.4
2025-06-12 21:14:00,49.660353652861794
2025-06-12 14:57:00,2.3
2025-06-12 05:17:00,78.7
2025-06-12 22:10:00,89.2
2025-06-12 10:04:00,66.8
2025-06-12 10:08:00,84.4
2025-06-12 20:45:00,48.5
2025-06-12 01:32:00,68.4
2025-06-12 06:43:00,14.3
2025-06-12 06:39:00,54.5
2025-06-12 16:34:00,63.6
2025-06-12 09:22:00,42.5
2025-06-12 16:29:00,6.5
2025-06-12 14:07:00,61.3
2025-06-12 23:24:00,49.660353652861794
2025-06-12 22:19:00,46.1
2025-06-12 12:41:00,70.2
2025-06-12 17:46:00,49.660353652861794
2025-06-12 08:19:00,14.5
2025-06-12 17:27:00,52.7
2025-06-12 04:27:00,49.660353652861794
2025-06-12 06:33:00,3.4
2025-06-12 15:38:00,68.6
2025-06-12 08:45:00,70.5
2025-06-12 12:22:00,27.4
2025-06-12 15:50:00,32.5
2025-06-12 13:36:00,23.1
2025-06-12 17:42:00,49.660353652861794
2025-06-12 07:08:00,91.1
2025-06-12 14:38:00,87.0
2025-06-12 11:05:00,57.5
2025-06-12 11:09:00,50.4
2025-06-12 12:03:00,44.1
2025-06-12 18:48:00,13.9
2025-06-12 13:27:00,49.6
2025-06-12 06:02:00,27.4
2025-06-12 06:44:00,66.3
2025-06-12 20:14:00,81.7
2025-06-12 20:52:00,34.7
2025-06-12 03:46:00,49.660353652861794
2025-06-12 19:34:00,52.0
2025-06-12 04:45:00,36.4
2025-06-12 07:04:00,13.8
2025-06-12 21:39:00,58.5
2025-06-12 20:52:00,60.7
2025-06-12 02:06:00,33.4
2025-06-12 23:18:00,61.7
2025-06-12 10:39:00,20.1
2025-06-12 19:11:00,3.2
2025-06-12 05:08:00,37.0
2025-06-12 01:49:00,17.4
2025-06-12 04:43:00,78.5
2025-06-12 21:04:00,71.0
2025-06-12 06:07:00,49.660353652861794
2025-06-12 06:10:00,41.4
2025-06-12 19:27:00,48.1
2025-06-12 23:25:00,80.7
2025-06-12 23:23:00,11.0
2025-06-12 00:04:00,18.2
2025-06-12 18:51:00,49.660353652861794
2025-06-12 07:19:00,16.3
2025-06-12 14:23:00,72.3
2025-06-12 15:40:00,19.3
2025-06-12 23:03:00,78.4
2025-06-12 06:14:00,79.2
2025-06-12 21:32:00,0.8
2025-06-12 11:42:00,64.9
2025-06-12 11:03:00,14.7
2025-06-12 05:08:00,49.660353652861794
2025-06-12 19:58:00,94.7
2025-06-12 14:39:00,49.660353652861794
2025-06-12 15:08:00,98.0
2025-06-12 06:13:00,52.7
2025-06-12 19:21:00,32.1
2025-06-12 00:59:00,49.660353652861794
2025-06-12 04:32:00,8.4
2025-06-12 18:50:00,49.660353652861794
2025-06-12 14:35:00,18.3
2025-06-12 08:15:00,56.1
2025-06-12 22:51:00,67.1
2025-06-12 14:30:00,28.6
2025-06-12 14:43:00,49.0
2025-06-12 09:18:00,91.7
2025-06-12 14:50:00,26.2
2025-06-12 14:08:00,61.3
2025-06-12 15:31:00,49.660353652861794
2025-06-12 10:43:00,78.7
2025-06-12 22:32:00,11.9
2025-06-12 13:59:00,64.9
2025-06-12 08:44:00,22.9
2025-06-12 05:16:00,49.660353652861794
2025-06-12 20:35:00,49.6
2025-06-12 13:14:00,49.660353652861794
2025-06-12 10:47:00,61.8
2025-06-12 19:49:00,15.4
2025-06-12 16:23:00,50.8
2025-06-12 18:37:00,37.2
2025-06-12 23:36:00,17.0
2025-06-12 13:17:00,49.660353652861794
2025-06-12 15:53:00,58.6
2025-06-12 01:46:00,49.660353652861794
2025-06-12 11:22:00,85.1
2025-06-12 07:55:00,24.9
2025-06-12 05:27:00,46.7
2025-06-12 09:46:00,82.1
2025-06-12 00:59:00,38.0
2025-06-12 21:35:00,55.6
2025-06-12 23:16:00,70.4
2025-06-12 16:54:00,92.3
2025-06-12 20:50:00,19.5
2025-06-12 11:35:00,95.4
2025-06-12 00:52:00,82.4
2025-06-12 02:45:00,29.8
2025-06-12 08:21:00,32.1
2025-06-12 10:30:00,28.2
2025-06-12 22:15:00,6.9
2025-06-12 21:24:00,41.5
2025-06-12 00:08:00,56.8
2025-06-12 06:58:00,26.6
2025-06-12 16:49:00,53.8
2025-06-12 17:25:00,86.6
2025-06-12 02:24:00,56.6
2025-06-12 02:56:00,36.9
2025-06-12 01:27:00,57.0
2025-06-12 15:41:00,49.660353652861794
2025-06-12 10:45:00,49.660353652861794
2025-06-12 06:34:00,61.8
2025-06-12 12:20:00,48.1
2025-06-12 07:49:00,96.1
2025-06-12 01:39:00,46.7
2025-06-12 11:27:00,99.3
2025-06-12 08:31:00,11.7
2025-06-12 07:16:00,38.1
2025-06-12 20:26:00,62.2
2025-06-12 19:48:00,49.660353652861794
2025-06-12 21:32:00,44.3
2025-06-12 16:42:00,55.0
2025-06-12 07:10:00,87.0
2025-06-12 02:39:00,8.9
2025-06-12 23:24:00,75.4
2025-06-12 11:40:00,58.6
2025-06-12 16:28:00,82.9
2025-06-12 15:28:00,24.5
2025-06-12 21:23:00,7.0
2025-06-12 00:14:00,20.4
2025-06-12 21:14:00,57.0
2025-06-12 16:48:00,73.9
2025-06-12 08:08:00,11.7
2025-06-12 07:59:00,86.8
2025-06-12 08:16:00,34.6
2025-06-12 01:25:00,2.0
2025-06-12 03:52:00,33.5
2025-06-12 23:19:00,49.9
2025-06-12 11:51:00,46.4
2025-06-12 18:48:00,7.5
2025-06-12 23:00:00,13.2
2025-06-12 08:35:00,49.660353652861794
2025-06-12 00:20:00,9.8
2025-06-12 20:00:00,58.4
2025-06-12 07:09:00,27.8
2025-06-12 15:47:00,73.4
2025-06-12 01:47:00,66.9
2025-06-12 22:41:00,77.4
2025-06-12 02:57:00,59.3
2025-06-12 10:36:00,7.7
2025-06-12 00:56:00,58.8
2025-06-12 21:43:00,49.660353652861794
2025-06-12 06:32:00,25.7
2025-06-12 16:34:00,98.3
2025-06-12 23:44:00,27.0
2025-06-12 03:49:00,17.2
2025-06-12 05:25:00,44.4
2025-06-12 09:55:00,67.5
2025-06-12 19:48:00,90.0
2025-06-12 10:03:00,55.3
2025-06-12 20:18:00,26.9
2025-06-12 08:03:00,7.4
2025-06-12 01:27:00,54.3
2025-06-12 12:44:00,95.6
2025-06-12 01:33:00,57.7
2025-06-12 22:51:00,53.2
2025-06-12 23:11:00,94.9
2025-06-12 02:22:00,89.8
2025-06-12 02:05:00,45.2
2025-06-12 13:27:00,65.1
2025-06-12 22:01:00,88.1
2025-06-12 18:37:00,32.6
2025-06-12 12:59:00,43.4
2025-06-12 23:03:00,78.3
2025-06-12 15:24:00,44.3
2025-06-12 10:07:00,30.2
2025-06-12 23:17:00,90.8
2025-06-12 07:53:00,81.9
2025-06-12 08:01:00,96.7
2025-06-12 18:17:00,7.7
2025-06-12 22:14:00,49.1
2025-06-12 22:32:00,60.7
2025-06-12 08:29:00,84.6
2025-06-12 13:19:00,81.2
2025-06-12 00:18:00,72.2
2025-06-12 09:37:00,78.7
2025-06-12 04:51:00,43.5
2025-06-12 10:31:00,49.660353652861794
2025-06-12 14:07:00,88.9
2025-06-12 09:56:00,34.1
2025-06-12 09:01:00,77.5
2025-06-12 06:29:00,49.660353652861794
2025-06-12 19:31:00,59.1
2025-06-12 11:14:00,34.0
2025-06-12 14:47:00,34.4
2025-06-12 20:38:00,33.3
2025-06-12 15:24:00,92.4
2025-06-12 09:53:00,61.8
2025-06-12 17:51:00,49.660353652861794
2025-06-12 07:20:00,57.9
2025-06-12 23:55:00,62.5
2025-06-12 04:44:00,88.2
2025-06-12 05:06:00,20.3
2025-06-12 23:27:00,34.3
2025-06-12 08:39:00,50.5
2025-06-12 04:16:00,76.5
2025-06-12 15:59:00,49.660353652861794
2025-06-12 15:33:00,33.8
2025-06-12 01:50:00,30.1
2025-06-12 23:00:00,18.3
2025-06-12 16:46:00,30.7
2025-06-12 20:20:00,22.0
2025-06-12 16:16:00,49.9804001872221
2025-06-12 20:04:00,64.6
2025-06-12 16:13:00,49.9804001872221
2025-06-12 18:00:00,67.9
2025-06-12 02:12:00,30.2
2025-06-12 20:06:00,49.9804001872221
2025-06-12 12:30:00,3.7
2025-06-12 13:07:00,49.9804001872221
2025-06-12 20:27:00,70.2
2025-06-12 08:44:00,17.2
2025-06-12 10:41:00,38.0
2025-06-12 02:58:00,49.9804001872221
2025-06-12 15:30:00,37.2
2025-06-12 14:07:00,10.2
2025-06-12 04:47:00,40.7
2025-06-12 14:07:00,91.2
2025-06-12 01:30:00,19.6
2025-06-12 23:35:00,49.9804001872221
2025-06-12 12:26:00,87.1
2025-06-12 19:04:00,61.7
2025-06-12 14:29:00,23.8
2025-06-12 09:48:00,19.5
2025-06-12 09:58:00,49.9804001872221
2025-06-12 01:33:00,31.8
2025-06-12 03:59:00,49.7
2025-06-12 15:31:00,35.3
2025-06-12 04:19:00,92.6
2025-06-12 21:10:00,49.9804001872221
2025-06-12 18:05:00,64.9
2025-06-12 02:22:00,49.9804001872221
2025-06-12 00:11:00,59.7
2025-06-12 17:01:00,86.8
2025-06-12 15:07:00,88.5
2025-06-12 01:19:00,88.5
2025-06-12 16:47:00,49.9804001872221
2025-06-12 05:36:00,67.0
2025-06-12 00:23:00,58.3
2025-06-12 09:45:00,24.2
2025-06-12 10:55:00,70.6
2025-06-12 13:21:00,49.9804001872221
2025-06-12 10:29:00,0.6
2025-06-12 09:38:00,62.7
2025-06-12 02:44:00,63.5
2025-06-12 17:31:00,28.3
2025-06-12 15:09:00,41.8
2025-06-12 08:41:00,49.9804001872221
2025-06-12 15:12:00,76.7
2025-06-12 07:08:00,43.1
2025-06-12 19:52:00,71.0
2025-06-12 09:15:00,61.4
2025-06-12 11:55:00,38.8
2025-06-12 07:48:00,49.9804001872221
2025-06-12 12:11:00,62.3
2025-06-12 08:41:00,81.6
2025-06-12 12:17:00,63.3
2025-06-12 02:09:00,65.1
2025-06-12 06:44:00,91.6
2025-06-12 08:09:00,1.5
2025-06-12 11:09:00,84.3
2025-06-12 09:51:00,78.3
2025-06-12 12:11:00,51.8
2025-06-12 23:36:00,94.9
2025-06-12 05:33:00,28.0
2025-06-12 02:51:00,90.6
2025-06-12 13:24:00,43.7
2025-06-12 11:02:00,49.9804001872221
2025-06-12 16:16:00,38.4
2025-06-12 00:58:00,8.3
2025-06-12 19:13:00,82.4
2025-06-12 17:29:00,82.9
2025-06-12 03:10:00,69.1
2025-06-12 02:52:00,51.1
2025-06-12 09:45:00,49.9804001872221
2025-06-12 08:04:00,39.0
2025-06-12 11:05:00,15.1
2025-06-12 21:25:00,37.1
2025-06-12 01:07:00,64.1
2025-06-12 18:59:00,43.5
2025-06-12 12:55:00,40.4
2025-06-12 08:33:00,40.4
2025-06-12 21:55:00,65.2
2025-06-12 12:10:00,18.0
2025-06-12 17:27:00,96.4
2025-06-12 10:36:00,91.2
2025-06-12 19:48:00,45.4
2025-06-12 08:24:00,5.2
2025-06-12 15:48:00,59.3
2025-06-12 23:40:00,91.6
2025-06-12 20:14:00,51.8
2025-06-12 02:38:00,17.9
2025-06-12 06:58:00,21.7
2025-06-12 03:47:00,13.1
2025-06-12 16:18:00,49.9804001872221
2025-06-12 03:51:00,60.8
2025-06-12 16:31:00,45.4
2025-06-12 07:03:00,69.6
2025-06-12 00:06:00,46.4
2025-06-12 00:51:00,63.9
2025-06-12 20:08:00,77.6
2025-06-12 12:15:00,75.3
2025-06-12 15:48:00,34.9
2025-06-12 15:33:00,33.9
2025-06-12 07:52:00,49.9804001872221
2025-06-12 03:46:00,52.5
2025-06-12 04:22:00,49.9804001872221
2025-06-12 01:00:00,11.1
2025-06-12 22:49:00,49.9804001872221
2025-06-12 04:20:00,29.1
2025-06-12 09:15:00,37.7
2025-06-12 09:13:00,9.8
2025-06-12 14:31:00,88.0
2025-06-12 19:06:00,50.8
2025-06-12 18:27:00,40.7
2025-06-12 22:48:00,75.6
2025-06-12 00:20:00,54.3
2025-06-12 19:50:00,88.2
2025-06-12 19:37:00,18.7
2025-06-12 07:06:00,65.1
2025-06-12 14:30:00,71.6
2025-06-12 06:06:00,88.6
2025-06-12 06:55:00,34.4
2025-06-12 02:18:00,21.4
2025-06-12 01:02:00,9.3
2025-06-12 05:00:00,84.6
2025-06-12 08:16:00,49.9804001872221
2025-06-12 18:29:00,12.7
2025-06-12 03:55:00,52.9
2025-06-12 10:30:00,41.4
2025-06-12 13:38:00,49.1
2025-06-12 23:49:00,27.8
2025-06-12 08:07:00,86.0
2025-06-12 16:13:00,49.9804001872221
2025-06-12 05:46:00,46.9
2025-06-12 00:30:00,6.4
2025-06-12 06:06:00,49.9804001872221
2025-06-12 18:56:00,76.6
2025-06-12 08:33:00,17.1
2025-06-12 00:28:00,76.7
2025-06-12 13:18:00,49.9804001872221
2025-06-12 05:30:00,45.3
2025-06-12 03:20:00,68.0
2025-06-12 15:54:00,55.9
2025-06-12 06:55:00,49.9804001872221
2025-06-12 21:31:00,49.9804001872221
2025-06-12 11:20:00,64.2
2025-06-12 00:36:00,77.3
2025-06-12 07:38:00,49.9804001872221
2025-06-12 19:45:00,24.5
2025-06-12 03:16:00,55.7
2025-06-12 18:46:00,72.3
2025-06-12 15:34:00,89.3
2025-06-12 14:20:00,49.9804001872221
2025-06-12 21:13:00,24.2
2025-06-12 22:01:00,87.9
2025-06-12 23:06:00,98.5
2025-06-12 12:00:00,14.4
2025-06-12 00:50:00,63.0
2025-06-12 05:07:00,82.8
2025-06-12 02:02:00,82.9
2025-06-12 23:34:00,61.3
2025-06-12 08:56:00,7.7
2025-06-12 08:54:00,78.3
2025-06-12 21:13:00,3.8
2025-06-12 03:57:00,78.6
2025-06-12 13:22:00,86.1
2025-06-12 07:42:00,9.2
2025-06-12 22:30:00,31.0
2025-06-12 04:48:00,79.5
2025-06-12 14:12:00,68.9
2025-06-12 23:40:00,44.7
2025-06-12 11:22:00,93.9
2025-06-12 16:49:00,49.9804001872221
2025-06-12 16:12:00,49.9804001872221
2025-06-12 04:36:00,95.3
2025-06-12 07:49:00,63.3
2025-06-12 10:14:00,0.9
2025-06-12 22:52:00,44.8
2025-06-12 01:05:00,65.9
2025-06-12 19:38:00,65.5
2025-06-12 02:26:00,90.9
2025-06-12 18:58:00,24.5
2025-06-12 06:24:00,46.7
2025-06-12 10:09:00,2.6
2025-06-12 15:49:00,45.7
2025-06-12 18:06:00,12.3
2025-06-12 06:45:00,49.9804001872221
2025-06-12 18:40:00,49.9804001872221
2025-06-12 16:33:00,73.0
2025-06-12 09:27:00,15.5
2025-06-12 02:00:00,1.3
2025-06-12 00:35:00,46.9
2025-06-12 14:43:00,71.1
2025-06-12 08:43:00,13.7
2025-06-12 03:48:00,39.6
2025-06-12 15:26:00,29.9
2025-06-12 08:36:00,22.5
2025-06-12 17:46:00,55.9
2025-06-12 14:40:00,4.7
2025-06-12 06:20:00,87.2
2025-06-12 10:14:00,18.1
2025-06-12 15:17:00,71.2
2025-06-12 15:49:00,92.8
2025-06-12 05:50:00,70.0
2025-06-12 22:30:00,36.6
2025-06-12 07:04:00,16.3
2025-06-12 06:49:00,2.8
2025-06-12 07:20:00,26.7
2025-06-12 15:45:00,65.9
2025-06-12 04:06:00,80.6
2025-06-12 14:33:00,35.2
2025-06-12 13:34:00,89.3
2025-06-12 06:35:00,15.7
2025-06-12 08:29:00,10.4
2025-06-12 11:07:00,85.3
2025-06-12 10:30:00,9.2
2025-06-12 09:26:00,78.8
2025-06-12 22:54:00,81.8
2025-06-12 14:06:00,49.9804001872221
2025-06-12 11:37:00,28.4
2025-06-12 09:48:00,49.9804001872221
2025-06-12 16:48:00,86.8
2025-06-12 02:01:00,6.3
2025-06-12 21:41:00,35.8
2025-06-12 09:18:00,97.2
2025-06-12 19:52:00,19.1
2025-06-12 20:02:00,42.1
2025-06-12 23:43:00,11.9
2025-06-12 03:49:00,94.9
2025-06-12 09:15:00,8.8
2025-06-12 04:45:00,61.3
2025-06-12 23:01:00,64.5
2025-06-12 01:56:00,17.8
2025-06-12 08:07:00,34.3
2025-06-12 09:26:00,49.9804001872221
2025-06-12 03:07:00,56.2
2025-06-12 09:39:00,60.5
2025-06-12 02:47:00,83.1
2025-06-12 23:58:00,51.3
2025-06-12 00:53:00,85.4
2025-06-12 02:37:00,38.5
2025-06-12 17:04:00,12.9
2025-06-12 01:45:00,63.4
2025-06-12 11:51:00,96.9
2025-06-12 16:36:00,33.9
2025-06-12 03:00:00,0.3
2025-06-12 06:53:00,49.9804001872221
2025-06-12 04:35:00,67.1
2025-06-12 03:35:00,47.2
2025-06-12 19:59:00,18.7
2025-06-12 14:50:00,69.6
2025-06-12 19:14:00,65.4
2025-06-12 07:17:00,84.1
2025-06-12 05:59:00,57.8
2025-06-12 18:45:00,49.9804001872221
2025-06-12 21:22:00,50.5
2025-06-12 01:52:00,60.5
2025-06-12 15:48:00,39.3
2025-06-12 23:52:00,49.9804001872221
2025-06-12 02:36:00,82.0
2025-06-12 05:42:00,86.5
2025-06-12 08:24:00,8.0
2025-06-12 13:09:00,21.9
2025-06-12 14:33:00,51.2
2025-06-12 05:47:00,62.3
2025-06-12 04:57:00,49.9804001872221
2025-06-12 15:46:00,34.8
2025-06-12 04:22:00,7.1
2025-06-12 08:41:00,57.0
2025-06-12 10:19:00,49.9804001872221
2025-06-12 19:58:00,11.1
2025-06-12 23:37:00,26.7
2025-06-12 01:21:00,87.7
2025-06-12 20:25:00,18.1
2025-06-12 00:44:00,72.5
2025-06-12 00:00:00,41.2
2025-06-12 11:35:00,91.7
2025-06-12 05:02:00,72.1
2025-06-12 12:57:00,68.2
2025-06-12 15:20:00,32.1
2025-06-12 12:26:00,57.8
2025-06-12 12:12:00,51.1
2025-06-12 11:46:00,32.9
2025-06-12 23:25:00,98.7
2025-06-12 18:09:00,62.4
2025-06-12 11:44:00,47.9
2025-06-12 23:01:00,22.7
2025-06-12 19:55:00,82.8
2025-06-12 12:56:00,29.9
2025-06-12 09:55:00,31.8
2025-06-12 16:52:00,38.6
2025-06-12 00:50:00,48.9
2025-06-12 16:26:00,41.8
2025-06-12 17:23:00,30.6
2025-06-12 13:07:00,53.9
2025-06-12 00:50:00,49.9804001872221
2025-06-12 04:30:00,74.6
2025-06-12 11:37:00,19.2
2025-06-12 14:39:00,43.4
2025-06-12 12:55:00,26.0
2025-06-12 12:43:00,66.4
2025-06-12 19:10:00,76.9
2025-06-12 08:29:00,60.7
2025-06-12 01:54:00,77.4
2025-06-12 17:30:00,49.9804001872221
2025-06-12 03:47:00,17.2
2025-06-12 12:59:00,54.4
2025-06-12 14:33:00,30.3
2025-06-12 14:43:00,29.4
2025-06-12 10:48:00,87.6
2025-06-12 11:32:00,10.6
2025-06-12 15:11:00,49.9804001872221
2025-06-12 20:26:00,3.3
2025-06-12 15:33:00,55.7
2025-06-12 15:27:00,70.0
2025-06-12 11:18:00,49.9804001872221
2025-06-12 17:47:00,11.4
2025-06-12 19:40:00,63.0
2025-06-12 00:14:00,76.3
2025-06-12 08:57:00,5.3
2025-06-12 17:58:00,5.8
2025-06-12 16:25:00,42.2
2025-06-12 03:33:00,49.9804001872221
2025-06-12 15:44:00,92.1
2025-06-12 23:12:00,47.1
2025-06-12 05:17:00,49.9804001872221
2025-06-12 09:19:00,93.5
2025-06-12 12:37:00,30.9
2025-06-12 21:41:00,49.9804001872221
2025-06-12 03:06:00,86.5
2025-06-12 03:29:00,6.7
2025-06-12 18:40:00,21.6
2025-06-12 17:43:00,35.4
2025-06-12 13:26:00,20.2
2025-06-12 01:36:00,49.9804001872221
2025-06-12 19:04:00,71.1
2025-06-12 22:40:00,40.9
2025-06-12 08:38:00,39.3
2025-06-12 08:02:00,8.6
2025-06-12 05:25:00,31.2
2025-06-12 04:38:00,49.9804001872221
2025-06-12 16:33:00,51.1
2025-06-12 22:38:00,13.5
2025-06-12 21:36:00,59.7
2025-06-12 02:21:00,99.4
2025-06-12 02:40:00,52.2
2025-06-12 07:30:00,61.5
2025-06-12 07:29:00,82.5
2025-06-12 04:05:00,73.5
2025-06-12 23:53:00,48.7
2025-06-12 06:13:00,91.1
2025-06-12 16:52:00,62.8
2025-06-12 17:30:00,83.4
2025-06-12 10:37:00,12.1
2025-06-12 10:57:00,71.1
2025-06-12 02:40:00,68.9
2025-06-12 13:32:00,32.3
2025-06-12 00:38:00,37.9
2025-06-12 11:36:00,5.9
2025-06-12 04:28:00,13.0
2025-06-12 10:57:00,19.5
2025-06-12 13:48:00,86.1
2025-06-12 17:52:00,83.0
2025-06-12 06:56:00,49.6
2025-06-12 06:39:00,52.6
2025-06-12 14:14:00,49.659483264826775
2025-06-12 22:04:00,49.659483264826775
2025-06-12 10:04:00,41.4
2025-06-12 18:24:00,49.659483264826775
2025-06-12 10:28:00,45.3
2025-06-12 03:07:00,97.0
2025-06-12 04:09:00,62.5
2025-06-12 20:19:00,49.659483264826775
2025-06-12 05:35:00,52.4
2025-06-12 11:13:00,51.0
2025-06-12 01:12:00,53.5
2025-06-12 08:26:00,12.1
2025-06-12 11:32:00,72.8
2025-06-12 19:21:00,49.659483264826775
2025-06-12 22:35:00,49.659483264826775
2025-06-12 00:20:00,49.659483264826775
2025-06-12 00:34:00,49.659483264826775
2025-06-12 08:55:00,75.8
2025-06-12 02:39:00,0.0
2025-06-12 10:47:00,88.3
2025-06-12 11:55:00,91.2
2025-06-12 20:18:00,77.6
2025-06-12 16:35:00,49.659483264826775
2025-06-12 12:51:00,49.659483264826775
2025-06-12 21:33:00,64.2
2025-06-12 16:50:00,75.0
2025-06-12 03:40:00,80.0
2025-06-12 01:31:00,5.1
2025-06-12 15:45:00,97.2
2025-06-12 15:56:00,65.8
2025-06-12 12:16:00,69.4
2025-06-12 02:23:00,60.8
2025-06-12 01:17:00,96.2
2025-06-12 03:45:00,76.8
2025-06-12 16:27:00,79.2
2025-06-12 07:30:00,77.0
2025-06-12 09:34:00,46.8
2025-06-12 20:09:00,7.1
2025-06-12 05:45:00,2.4
2025-06-12 03:00:00,49.659483264826775
2025-06-12 08:10:00,82.3
2025-06-12 06:16:00,51.6
2025-06-12 06:55:00,82.6
2025-06-12 23:19:00,62.2
2025-06-12 00:24:00,83.4
2025-06-12 08:28:00,92.4
2025-06-12 07:05:00,49.659483264826775
2025-06-12 03:06:00,2.2
2025-06-12 09:02:00,49.659483264826775
2025-06-12 16:45:00,67.0
2025-06-12 20:38:00,49.659483264826775
2025-06-12 08:28:00,54.6
2025-06-12 01:10:00,84.9
2025-06-12 19:10:00,76.0
2025-06-12 06:39:00,31.5
2025-06-12 17:53:00,55.6
2025-06-12 17:16:00,39.9
2025-06-12 06:56:00,55.2
2025-06-12 19:58:00,36.5
2025-06-12 02:59:00,13.7
2025-06-12 13:46:00,10.0
2025-06-12 20:15:00,62.6
2025-06-12 12:45:00,34.2
2025-06-12 23:33:00,49.659483264826775
2025-06-12 02:51:00,32.0
2025-06-12 14:41:00,97.2
2025-06-12 07:28:00,18.3
2025-06-12 17:13:00,63.8
2025-06-12 06:06:00,96.7
2025-06-12 07:25:00,16.3
2025-06-12 14:39:00,31.0
2025-06-12 09:33:00,35.7
2025-06-12 10:18:00,49.659483264826775
2025-06-12 03:14:00,32.3
2025-06-12 23:18:00,49.659483264826775
2025-06-12 13:23:00,26.1
2025-06-12 20:35:00,2.7
2025-06-12 00:56:00,49.659483264826775
2025-06-12 14:44:00,8.5
2025-06-12 07:53:00,98.4
2025-06-12 09:59:00,82.7
2025-06-12 03:26:00,90.9
2025-06-12 03:01:00,80.0
2025-06-12 07:18:00,49.659483264826775
2025-06-12 22:08:00,85.4
2025-06-12 18:10:00,71.4
2025-06-12 12:51:00,74.7
2025-06-12 01:08:00,46.3
2025-06-12 07:32:00,88.0
2025-06-12 18:18:00,49.659483264826775
2025-06-12 09:17:00,49.659483264826775
2025-06-12 14:06:00,86.8
2025-06-12 13:43:00,61.3
2025-06-12 15:05:00,8.0
2025-06-12 10:11:00,74.3
2025-06-12 21:10:00,65.9
2025-06-12 14:59:00,57.8
2025-06-12 09:40:00,50.0
2025-06-12 03:09:00,70.2
2025-06-12 13:35:00,25.6
2025-06-12 02:54:00,52.4
2025-06-12 11:39:00,46.4
2025-06-12 06:53:00,69.8
2025-06-12 13:37:00,23.5
2025-06-12 15:41:00,82.6
2025-06-12 14:35:00,51.5
2025-06-12 17:05:00,36.1
2025-06-12 12:15:00,19.5
2025-06-12 06:28:00,64.0
2025-06-12 07:08:00,94.1
2025-06-12 21:37:00,49.7
2025-06-12 10:33:00,49.659483264826775
2025-06-12 08:23:00,6.4
2025-06-12 12:30:00,2.3
2025-06-12 06:08:00,58.1
2025-06-12 11:31:00,49.659483264826775
2025-06-12 07:07:00,0.2
2025-06-12 12:52:00,79.5
2025-06-12 06:09:00,49.659483264826775
2025-06-12 21:21:00,30.9
2025-06-12 20:56:00,84.6
2025-06-12 12:53:00,62.3
2025-06-12 22:12:00,95.9
2025-06-12 20:17:00,43.2
2025-06-12 09:54:00,73.5
2025-06-12 10:38:00,4.4
2025-06-12 19:17:00,8.0
2025-06-12 16:26:00,49.659483264826775
2025-06-12 13:02:00,49.659483264826775
2025-06-12 17:08:00,31.7
2025-06-12 06:02:00,90.1
2025-06-12 20:55:00,49.659483264826775
2025-06-12 18:50:00,41.6
2025-06-12 01:57:00,42.9
2025-06-12 17:53:00,12.8
2025-06-12 16:11:00,67.1
2025-06-12 21:50:00,54.3
2025-06-12 18:26:00,30.8
2025-06-12 15:54:00,34.3
2025-06-12 17:23:00,37.8
2025-06-12 03:04:00,32.2
2025-06-12 13:06:00,25.3
2025-06-12 20:18:00,90.2
2025-06-12 03:18:00,64.2
2025-06-12 08:03:00,13.1
2025-06-12 19:30:00,49.659483264826775
2025-06-12 01:49:00,71.9
2025-06-12 08:25:00,95.4
2025-06-12 06:19:00,8.0
2025-06-12 17:01:00,49.659483264826775
2025-06-12 10:40:00,19.1
2025-06-12 13:48:00,1.5
2025-06-12 15:06:00,97.6
2025-06-12 08:52:00,99.6
2025-06-12 12:03:00,60.1
2025-06-12 18:57:00,15.4
2025-06-12 17:52:00,0.4
2025-06-12 16:05:00,83.2
2025-06-12 16:24:00,41.3
2025-06-12 16:04:00,49.659483264826775
2025-06-12 00:58:00,84.3
2025-06-12 13:31:00,60.4
2025-06-12 04:52:00,36.6
2025-06-12 18:00:00,51.1
2025-06-12 06:25:00,85.9
2025-06-12 17:52:00,49.659483264826775
2025-06-12 06:02:00,45.5
2025-06-12 05:55:00,14.7
2025-06-12 07:11:00,28.1
2025-06-12 16:43:00,35.3
2025-06-12 11:54:00,95.0
2025-06-12 14:27:00,94.2
2025-06-12 18:13:00,73.0
2025-06-12 10:10:00,38.8
2025-06-12 21:36:00,58.2
2025-06-12 13:07:00,39.2
2025-06-12 02:31:00,56.8
2025-06-12 19:45:00,42.6
2025-06-12 04:27:00,88.2
2025-06-12 16:10:00,55.5
2025-06-12 05:48:00,62.7
2025-06-12 14:39:00,49.659483264826775
2025-06-12 07:05:00,20.6
2025-06-12 21:31:00,49.659483264826775
2025-06-12 02:02:00,51.7
2025-06-12 19:55:00,49.6
2025-06-12 09:49:00,71.6
2025-06-12 03:37:00,47.3
2025-06-12 22:56:00,49.659483264826775
2025-06-12 15:29:00,24.9
2025-06-12 07:46:00,10.6
2025-06-12 18:15:00,18.1
2025-06-12 04:12:00,7.8
2025-06-12 21:12:00,53.6
2025-06-12 07:12:00,96.9
2025-06-12 05:32:00,57.1
2025-06-12 19:35:00,0.9
2025-06-12 05:50:00,49.659483264826775
2025-06-12 09:51:00,9.8
2025-06-12 10:19:00,64.7
2025-06-12 19:50:00,44.2
2025-06-12 16:54:00,54.4
2025-06-12 16:06:00,72.3
2025-06-12 14:49:00,45.2
2025-06-12 02:30:00,81.6
2025-06-12 12:11:00,84.1
2025-06-12 22:07:00,30.3
2025-06-12 08:32:00,72.3
2025-06-12 07:40:00,27.7
2025-06-12 21:04:00,28.0
2025-06-12 05:22:00,81.8
2025-06-12 18:56:00,49.659483264826775
2025-06-12 11:17:00,66.8
2025-06-12 23:41:00,41.2
2025-06-12 22:36:00,49.659483264826775
2025-06-12 17:10:00,49.659483264826775
2025-06-12 01:43:00,44.7
2025-06-12 02:26:00,16.8
2025-06-12 04:36:00,92.8
2025-06-12 14:18:00,1.8
2025-06-12 18:04:00,6.7
2025-06-12 02:24:00,47.5
2025-06-12 22:57:00,58.5
2025-06-12 07:27:00,49.659483264826775
2025-06-12 03:12:00,49.659483264826775
2025-06-12 20:53:00,62.5
2025-06-12 11:41:00,49.659483264826775
2025-06-12 08:28:00,44.9
2025-06-12 16:16:00,49.659483264826775
2025-06-12 07:51:00,33.0
2025-06-12 06:39:00,68.3
2025-06-12 00:24:00,4.5
2025-06-12 01:07:00,32.4
2025-06-12 14:11:00,69.1
2025-06-12 14:46:00,26.1
2025-06-12 18:11:00,44.7
2025-06-12 22:10:00,49.659483264826775
2025-06-12 19:28:00,25.0
2025-06-12 17:09:00,46.8
2025-06-12 03:22:00,55.8
2025-06-12 15:50:00,96.6
2025-06-12 02:58:00,73.8
2025-06-12 16:43:00,49.659483264826775
2025-06-12 08:27:00,96.7
2025-06-12 06:54:00,99.5
2025-06-12 03:52:00,96.1
2025-06-12 22:06:00,67.4
2025-06-12 16:02:00,49.659483264826775
2025-06-12 13:54:00,26.9
2025-06-12 05:27:00,42.8
2025-06-12 00:15:00,40.1
2025-06-12 15:37:00,38.9
2025-06-12 13:31:00,49.659483264826775
2025-06-12 15:07:00,46.1
2025-06-12 05:12:00,82.6
2025-06-12 15:08:00,21.0
2025-06-12 21:30:00,97.3
2025-06-12 11:25:00,76.5
2025-06-12 21:16:00,94.8
2025-06-12 14:40:00,22.4
2025-06-12 17:03:00,70.5
2025-06-12 02:32:00,85.0
2025-06-12 01:56:00,70.7
2025-06-12 04:23:00,25.4
2025-06-12 17:26:00,45.4
2025-06-12 02:38:00,88.8
2025-06-12 07:14:00,26.1
2025-06-12 06:59:00,49.659483264826775
2025-06-12 18:10:00,76.1
2025-06-12 14:25:00,48.2
2025-06-12 19:39:00,72.9
2025-06-12 04:23:00,88.8
2025-06-12 03:16:00,4.8
2025-06-12 14:12:00,62.0
2025-06-12 19:53:00,49.659483264826775
2025-06-12 09:41:00,80.0
2025-06-12 23:40:00,56.1
2025-06-12 14:02:00,54.2
2025-06-12 06:19:00,28.7
2025-06-12 13:02:00,85.3
2025-06-12 15:10:00,6.5
2025-06-12 01:16:00,4.1
2025-06-12 23:36:00,28.5
2025-06-12 21:56:00,39.0
2025-06-12 01:08:00,49.659483264826775
2025-06-12 18:06:00,9.4
2025-06-12 16:51:00,45.1
2025-06-12 05:42:00,31.7
2025-06-12 09:51:00,97.3
2025-06-12 16:15:00,69.8
2025-06-12 02:58:00,25.7
2025-06-12 03:32:00,20.8
2025-06-12 04:39:00,22.6
2025-06-12 05:33:00,40.5
2025-06-12 21:08:00,99.8
2025-06-12 15:46:00,55.9
2025-06-12 02:28:00,49.659483264826775
2025-06-12 05:34:00,73.5
2025-06-12 04:24:00,15.3
2025-06-12 10:20:00,21.4
2025-06-12 12:01:00,33.1
2025-06-12 02:40:00,49.659483264826775
2025-06-12 04:05:00,68.8
2025-06-12 06:36:00,94.1
2025-06-12 04:45:00,45.4
2025-06-12 02:54:00,19.0
2025-06-12 14:48:00,49.732274758880266
2025-06-12 08:48:00,32.3
2025-06-12 20:46:00,89.2
2025-06-12 01:49:00,17.6
2025-06-12 21:46:00,17.8
2025-06-12 06:52:00,81.2
2025-06-12 22:00:00,64.5
2025-06-12 21:32:00,87.5
2025-06-12 05:23:00,49.732274758880266
2025-06-12 12:36:00,19.8
2025-06-12 10:28:00,0.2
2025-06-12 15:18:00,40.5
2025-06-12 18:15:00,17.9
2025-06-12 19:20:00,49.2
2025-06-12 17:13:00,70.8
2025-06-12 04:16:00,14.2
2025-06-12 14:02:00,16.4
2025-06-12 20:50:00,49.732274758880266
2025-06-12 01:04:00,70.5
2025-06-12 13:05:00,62.5
2025-06-12 23:21:00,58.8
2025-06-12 11:26:00,38.1
2025-06-12 16:03:00,91.7
2025-06-12 01:39:00,12.1
2025-06-12 05:11:00,80.2
2025-06-12 07:58:00,42.8
2025-06-12 21:01:00,83.9
2025-06-12 06:22:00,16.6
2025-06-12 19:43:00,10.1
2025-06-12 07:37:00,8.9
2025-06-12 08:36:00,41.5
2025-06-12 16:41:00,49.732274758880266
2025-06-12 13:38:00,49.732274758880266
2025-06-12 18:06:00,49.732274758880266
2025-06-12 11:35:00,72.9
2025-06-12 18:56:00,63.2
2025-06-12 18:17:00,49.732274758880266
2025-06-12 01:03:00,81.7
2025-06-12 09:45:00,49.732274758880266
2025-06-12 01:46:00,42.7
2025-06-12 13:08:00,60.6
2025-06-12 11:12:00,88.5
2025-06-12 01:25:00,49.732274758880266
2025-06-12 12:46:00,55.1
2025-06-12 17:14:00,20.3
2025-06-12 02:30:00,58.4
2025-06-12 23:49:00,12.7
2025-06-12 04:26:00,23.4
2025-06-12 05:58:00,98.8
2025-06-12 21:35:00,73.5
2025-06-12 19:56:00,15.4
2025-06-12 10:14:00,49.732274758880266
2025-06-12 06:28:00,89.6
2025-06-12 13:50:00,49.732274758880266
2025-06-12 14:32:00,46.6
2025-06-12 06:02:00,60.9
2025-06-12 07:14:00,52.8
2025-06-12 07:38:00,95.4
2025-06-12 03:43:00,51.8
2025-06-12 21:18:00,1.1
2025-06-12 16:59:00,94.5
2025-06-12 21:36:00,49.2
2025-06-12 17:40:00,8.8
2025-06-12 14:01:00,14.6
2025-06-12 17:17:00,68.1
2025-06-12 23:03:00,49.732274758880266
2025-06-12 04:20:00,19.8
2025-06-12 05:15:00,92.9
2025-06-12 23:26:00,51.2
2025-06-12 17:24:00,89.8
2025-06-12 13:44:00,49.732274758880266
2025-06-12 16:50:00,99.5
2025-06-12 11:08:00,49.732274758880266
2025-06-12 10:36:00,18.6
2025-06-12 18:31:00,67.7
2025-06-12 10:48:00,49.732274758880266
2025-06-12 08:09:00,62.3
2025-06-12 14:43:00,18.2
2025-06-12 08:05:00,15.6
2025-06-12 04:33:00,51.8
2025-06-12 23:08:00,49.732274758880266
2025-06-12 09:59:00,38.9
2025-06-12 18:28:00,41.7
2025-06-12 05:54:00,44.7
2025-06-12 02:15:00,82.6
2025-06-12 21:58:00,59.9
2025-06-12 18:52:00,75.5
2025-06-12 07:01:00,16.2
2025-06-12 11:39:00,7.9
2025-06-12 19:41:00,85.0
2025-06-12 23:53:00,74.9
2025-06-12 11:53:00,90.4
2025-06-12 13:43:00,49.732274758880266
2025-06-12 15:47:00,6.3
2025-06-12 00:31:00,42.1
2025-06-12 17:40:00,49.732274758880266
2025-06-12 09:40:00,56.4
2025-06-12 21:53:00,70.1
2025-06-12 06:58:00,72.7
2025-06-12 23:10:00,88.8
2025-06-12 01:12:00,46.7
2025-06-12 07:28:00,62.9
2025-06-12 03:40:00,80.0
2025-06-12 18:02:00,49.732274758880266
2025-06-12 13:42:00,52.0
2025-06-12 00:18:00,68.4
2025-06-12 06:58:00,84.9
2025-06-12 18:34:00,32.5
2025-06-12 05:26:00,80.2
2025-06-12 10:28:00,43.8
2025-06-12 11:16:00,48.4
2025-06-12 21:26:00,80.0
2025-06-12 02:08:00,66.3
2025-06-12 00:52:00,48.0
2025-06-12 15:50:00,19.9
2025-06-12 08:34:00,61.7
2025-06-12 17:44:00,82.9
2025-06-12 10:26:00,8.2
2025-06-12 11:18:00,64.1
2025-06-12 09:21:00,66.7
2025-06-12 08:02:00,43.4
2025-06-12 00:25:00,25.2
2025-06-12 02:02:00,49.732274758880266
2025-06-12 16:22:00,17.0
2025-06-12 06:44:00,7.7
2025-06-12 19:09:00,76.6
2025-06-12 13:19:00,49.732274758880266
2025-06-12 10:49:00,48.5
2025-06-12 20:14:00,30.5
2025-06-12 03:00:00,43.1
2025-06-12 05:24:00,63.5
2025-06-12 18:41:00,76.4
2025-06-12 07:20:00,50.8
2025-06-12 04:07:00,31.1
2025-06-12 02:07:00,63.4
2025-06-12 08:21:00,37.4
2025-06-12 13:29:00,76.8
2025-06-12 14:46:00,66.6
2025-06-12 22:18:00,48.2
2025-06-12 18:05:00,96.6
2025-06-12 03:32:00,49.732274758880266
2025-06-12 11:32:00,46.0
2025-06-12 18:25:00,60.2
2025-06-12 20:10:00,55.9
2025-06-12 04:36:00,6.6
2025-06-12 19:09:00,24.8
2025-06-12 02:54:00,49.732274758880266
2025-06-12 16:21:00,11.9
2025-06-12 19:29:00,42.8
2025-06-12 08:05:00,42.0
2025-06-12 10:17:00,48.0
2025-06-12 12:48:00,71.6
2025-06-12 03:33:00,11.5
2025-06-12 20:53:00,49.732274758880266
2025-06-12 18:26:00,7.5
2025-06-12 23:00:00,93.5
2025-06-12 11:57:00,7.1
2025-06-12 20:48:00,37.1
2025-06-12 15:42:00,54.5
2025-06-12 03:34:00,21.0
2025-06-12 19:04:00,54.5
2025-06-12 15:14:00,31.4
2025-06-12 14:30:00,94.2
2025-06-12 17:35:00,93.5
2025-06-12 00:25:00,49.732274758880266
2025-06-12 22:18:00,75.1
2025-06-12 01:08:00,15.2
2025-06-12 15:42:00,63.0
2025-06-12 04:25:00,49.732274758880266
2025-06-12 10:21:00,30.3
2025-06-12 02:55:00,49.732274758880266
2025-06-12 04:29:00,86.2
2025-06-12 03:58:00,12.6
2025-06-12 00:27:00,89.4
2025-06-12 16:49:00,90.0
2025-06-12 07:08:00,42.8
2025-06-12 05:46:00,49.732274758880266
2025-06-12 18:20:00,59.3
2025-06-12 01:16:00,49.732274758880266
2025-06-12 16:22:00,47.9
2025-06-12 13:21:00,25.5
2025-06-12 02:16:00,80.6
2025-06-12 16:14:00,44.3
2025-06-12 06:28:00,7.8
2025-06-12 15:03:00,42.7
2025-06-12 15:26:00,63.1
2025-06-12 11:39:00,30.0
2025-06-12 20:17:00,49.732274758880266
2025-06-12 08:52:00,76.5
2025-06-12 12:12:00,76.1
2025-06-12 12:48:00,65.9
2025-06-12 07:54:00,39.8
2025-06-12 10:59:00,63.6
2025-06-12 20:24:00,97.9
2025-06-12 22:19:00,37.9
2025-06-12 18:32:00,57.6
2025-06-12 12:56:00,33.8
2025-06-12 17:07:00,49.732274758880266
2025-06-12 21:22:00,3.3
2025-06-12 03:54:00,76.1
2025-06-12 17:42:00,58.6
2025-06-12 18:54:00,30.1
2025-06-12 01:20:00,39.2
2025-06-12 22:21:00,10.4
2025-06-12 10:49:00,70.5
2025-06-12 21:24:00,15.1
2025-06-12 06:32:00,79.1
2025-06-12 23:58:00,77.5
2025-06-12 00:36:00,49.732274758880266
2025-06-12 06:45:00,43.7
2025-06-12 14:20:00,0.3
2025-06-12 15:32:00,40.1
2025-06-12 11:58:00,49.732274758880266
2025-06-12 10:24:00,49.732274758880266
2025-06-12 13:15:00,76.8
2025-06-12 04:23:00,10.5
2025-06-12 23:29:00,60.8
2025-06-12 22:23:00,7.5
2025-06-12 12:53:00,34.9
2025-06-12 21:00:00,81.9
2025-06-12 19:07:00,12.5
2025-06-12 22:14:00,15.8
2025-06-12 20:27:00,51.2
2025-06-12 16:49:00,42.9
2025-06-12 10:29:00,45.2
2025-06-12 15:58:00,52.6
2025-06-12 17:56:00,49.732274758880266
2025-06-12 21:18:00,24.2
2025-06-12 04:49:00,58.9
2025-06-12 06:54:00,94.1
2025-06-12 21:27:00,79.8
2025-06-12 09:28:00,31.2
2025-06-12 20:14:00,68.2
2025-06-12 08:19:00,57.5
2025-06-12 06:30:00,49.732274758880266
2025-06-12 18:46:00,49.732274758880266
2025-06-12 06:05:00,49.732274758880266
2025-06-12 10:31:00,49.732274758880266
2025-06-12 18:19:00,52.0
2025-06-12 23:19:00,47.5
2025-06-12 10:45:00,49.732274758880266
2025-06-12 12:31:00,49.732274758880266
2025-06-12 13:06:00,4.6
2025-06-12 08:54:00,76.1
2025-06-12 10:02:00,33.2
2025-06-12 08:38:00,49.4
2025-06-12 08:45:00,97.3
2025-06-12 07:37:00,70.9
2025-06-12 16:35:00,15.6
2025-06-12 22:14:00,5.9
2025-06-12 00:36:00,96.3
2025-06-12 00:21:00,90.3
2025-06-12 12:11:00,36.8
2025-06-12 06:35:00,30.3
2025-06-12 21:37:00,83.7
2025-06-12 21:52:00,32.5
2025-06-12 05:14:00,71.1
2025-06-12 04:35:00,67.1
2025-06-12 09:51:00,87.9
2025-06-12 18:48:00,5.4
2025-06-12 11:17:00,74.2
2025-06-12 16:28:00,89.4
2025-06-12 21:45:00,31.5
2025-06-12 23:58:00,37.5
2025-06-12 17:31:00,97.5
2025-06-12 15:46:00,64.7
2025-06-12 09:51:00,70.5
2025-06-12 15:08:00,43.0
2025-06-12 12:36:00,28.4
2025-06-12 21:26:00,23.0
2025-06-12 15:28:00,42.7
2025-06-12 16:40:00,49.732274758880266
2025-06-12 10:44:00,22.6
2025-06-12 21:10:00,12.2
2025-06-12 06:58:00,52.3
2025-06-12 05:24:00,32.0
2025-06-12 08:18:00,49.6
2025-06-12 07:22:00,29.2
2025-06-12 16:09:00,78.6
2025-06-12 08:45:00,10.6
2025-06-12 21:13:00,69.1
2025-06-12 13:16:00,42.7
2025-06-12 16:07:00,1.4
2025-06-12 22:13:00,99.2
2025-06-12 19:36:00,34.0
2025-06-12 02:39:00,56.3
2025-06-12 22:00:00,57.4
2025-06-12 02:52:00,56.1
2025-06-12 17:07:00,42.0
2025-06-12 00:37:00,73.4
2025-06-12 03:33:00,13.5
2025-06-12 19:40:00,49.732274758880266
2025-06-12 15:35:00,85.5
2025-06-12 15:29:00,49.732274758880266
2025-06-12 11:40:00,49.732274758880266
2025-06-12 02:23:00,2.9
2025-06-12 04:05:00,97.7
2025-06-12 21:34:00,49.732274758880266
2025-06-12 17:57:00,49.732274758880266
2025-06-12 15:10:00,34.7
2025-06-12 08:29:00,58.2
2025-06-12 06:28:00,49.732274758880266
2025-06-12 17:23:00,71.7
2025-06-12 03:15:00,98.6
2025-06-12 11:45:00,16.1
2025-06-12 13:32:00,82.6
2025-06-12 18:20:00,11.4
2025-06-12 22:07:00,43.0
2025-06-12 02:06:00,8.9
2025-06-12 15:31:00,88.5
2025-06-12 03:04:00,81.7
2025-06-12 23:03:00,21.6
2025-06-12 14:01:00,53.6
2025-06-12 08:26:00,68.8
2025-06-12 08:12:00,58.8
2025-06-12 02:45:00,55.5
2025-06-12 19:45:00,28.0
2025-06-12 02:53:00,49.732274758880266
2025-06-12 02:35:00,12.6
2025-06-12 19:22:00,2.9
2025-06-12 20:03:00,6.6
2025-06-12 19:31:00,49.38053801169591
2025-06-12 08:09:00,72.3
2025-06-12 07:43:00,49.38053801169591
2025-06-12 11:24:00,4.0
2025-06-12 12:11:00,49.38053801169591
2025-06-12 13:07:00,32.7
2025-06-12 01:01:00,88.7
2025-06-12 22:13:00,10.3
2025-06-12 11:22:00,73.3
2025-06-12 19:52:00,24.8
2025-06-12 15:58:00,81.5
2025-06-12 16:44:00,70.8
2025-06-12 21:48:00,99.5
2025-06-12 11:58:00,19.6
2025-06-12 15:44:00,17.3
2025-06-12 01:09:00,87.9
2025-06-12 10:42:00,70.9
2025-06-12 02:11:00,5.4
2025-06-12 09:34:00,82.0
2025-06-12 02:52:00,1.3
2025-06-12 09:28:00,52.3
2025-06-12 15:01:00,82.6
2025-06-12 21:52:00,64.7
2025-06-12 09:45:00,64.0
2025-06-12 15:06:00,49.38053801169591
2025-06-12 23:32:00,17.5
2025-06-12 02:31:00,58.7
2025-06-12 23:43:00,96.8
2025-06-12 02:06:00,14.2
2025-06-12 19:21:00,45.4
2025-06-12 20:23:00,33.7
2025-06-12 17:21:00,49.38053801169591
2025-06-12 05:55:00,32.7
2025-06-12 01:09:00,86.7
2025-06-12 20:25:00,33.2
2025-06-12 12:43:00,14.4
2025-06-12 05:29:00,17.4
2025-06-12 18:21:00,36.2
2025-06-12 16:17:00,24.5
2025-06-12 17:37:00,41.8
2025-06-12 19:25:00,84.4
2025-06-12 22:18:00,54.8
2025-06-12 21:11:00,42.4
2025-06-12 05:48:00,67.2
2025-06-12 10:27:00,15.3
2025-06-12 04:27:00,84.6
2025-06-12 07:19:00,96.1
2025-06-12 02:57:00,73.3
2025-06-12 23:36:00,36.9
2025-06-12 17:57:00,15.8
2025-06-12 05:59:00,71.0
2025-06-12 20:55:00,95.4
2025-06-12 08:12:00,85.4
2025-06-12 19:33:00,50.9
2025-06-12 04:28:00,55.7
2025-06-12 14:48:00,97.4
2025-06-12 13:23:00,50.2
2025-06-12 11:11:00,63.5
2025-06-12 23:37:00,56.1
2025-06-12 01:32:00,8.8
2025-06-12 03:05:00,69.9
2025-06-12 03:56:00,14.0
2025-06-12 23:38:00,49.38053801169591
2025-06-12 12:34:00,9.4
2025-06-12 16:30:00,86.8
2025-06-12 16:57:00,49.38053801169591
2025-06-12 15:15:00,76.4
2025-06-12 12:22:00,14.5
2025-06-12 18:57:00,45.8
2025-06-12 23:36:00,19.4
2025-06-12 12:40:00,49.38053801169591
2025-06-12 20:42:00,29.8
2025-06-12 11:22:00,84.0
2025-06-12 19:03:00,44.2
2025-06-12 13:12:00,14.2
2025-06-12 18:09:00,49.5
2025-06-12 08:00:00,33.3
2025-06-12 05:54:00,78.1
2025-06-12 19:17:00,36.6
2025-06-12 08:44:00,29.1
2025-06-12 06:06:00,6.9
2025-06-12 03:48:00,92.9
2025-06-12 20:45:00,83.9
2025-06-12 21:47:00,71.2
2025-06-12 10:50:00,49.38053801169591
2025-06-12 23:07:00,22.5
2025-06-12 20:16:00,75.9
2025-06-12 21:54:00,49.38053801169591
2025-06-12 16:44:00,41.6
2025-06-12 11:57:00,75.0
2025-06-12 02:40:00,49.38053801169591
2025-06-12 19:08:00,20.3
2025-06-12 02:54:00,9.7
2025-06-12 06:00:00,89.1
2025-06-12 14:41:00,25.4
2025-06-12 21:15:00,45.0
2025-06-12 19:37:00,15.4
2025-06-12 17:28:00,49.38053801169591
2025-06-12 15:11:00,46.3
2025-06-12 13:35:00,8.6
2025-06-12 17:17:00,82.4
2025-06-12 18:53:00,4.4
2025-06-12 10:46:00,44.2
2025-06-12 20:50:00,49.38053801169591
2025-06-12 22:12:00,74.2
2025-06-12 17:35:00,47.1
2025-06-12 07:01:00,49.38053801169591
2025-06-12 07:11:00,63.2
2025-06-12 17:31:00,52.8
2025-06-12 06:51:00,49.38053801169591
2025-06-12 21:46:00,49.38053801169591
2025-06-12 20:44:00,49.38053801169591
2025-06-12 01:28:00,49.38053801169591
2025-06-12 18:16:00,33.3
2025-06-12 00:15:00,49.38053801169591
2025-06-12 13:12:00,68.1
2025-06-12 13:39:00,86.1
2025-06-12 17:46:00,52.3
2025-06-12 16:43:00,98.0
2025-06-12 12:54:00,49.38053801169591
2025-06-12 05:58:00,79.2
2025-06-12 09:52:00,49.38053801169591
2025-06-12 12:32:00,25.8
2025-06-12 14:08:00,49.2
2025-06-12 04:00:00,49.38053801169591
2025-06-12 14:21:00,49.38053801169591
2025-06-12 11:45:00,49.38053801169591
2025-06-12 08:51:00,75.0
2025-06-12 08:06:00,73.7
2025-06-12 22:27:00,80.7
2025-06-12 00:29:00,67.4
2025-06-12 19:36:00,88.7
2025-06-12 16:45:00,42.5
2025-06-12 14:17:00,59.6
2025-06-12 22:55:00,69.3
2025-06-12 14:51:00,50.0
2025-06-12 16:17:00,54.7
2025-06-12 11:46:00,49.38053801169591
2025-06-12 01:10:00,49.1
2025-06-12 08:54:00,17.5
2025-06-12 07:06:00,97.2
2025-06-12 06:33:00,3.0
2025-06-12 16:24:00,52.2
2025-06-12 14:25:00,87.9
2025-06-12 14:24:00,76.2
2025-06-12 10:27:00,68.6
2025-06-12 23:29:00,57.7
2025-06-12 16:31:00,82.3
2025-06-12 08:45:00,49.38053801169591
2025-06-12 22:39:00,74.3
2025-06-12 05:04:00,4.6
2025-06-12 15:57:00,13.3
2025-06-12 14:26:00,30.7
2025-06-12 14:23:00,17.3
2025-06-12 23:41:00,29.3
2025-06-12 14:19:00,49.38053801169591
2025-06-12 23:12:00,84.4
2025-06-12 05:08:00,87.9
2025-06-12 16:26:00,21.0
2025-06-12 08:29:00,23.9
2025-06-12 05:23:00,29.0
2025-06-12 02:36:00,49.38053801169591
2025-06-12 17:32:00,26.2
2025-06-12 14:11:00,92.0
2025-06-12 09:55:00,96.5
2025-06-12 11:00:00,37.5
2025-06-12 10:32:00,60.7
2025-06-12 16:51:00,96.6
2025-06-12 08:22:00,2.2
2025-06-12 10:18:00,37.7
2025-06-12 13:30:00,14.5
2025-06-12 11:00:00,79.6
2025-06-12 13:02:00,32.2
2025-06-12 21:32:00,77.8
2025-06-12 01:31:00,47.5
2025-06-12 07:49:00,18.2
2025-06-12 10:09:00,94.2
2025-06-12 15:28:00,53.5
2025-06-12 05:15:00,93.9
2025-06-12 02:02:00,7.2
2025-06-12 16:34:00,37.7
2025-06-12 18:06:00,42.9
2025-06-12 12:23:00,53.4
2025-06-12 06:40:00,61.9
2025-06-12 01:05:00,46.7
2025-06-12 22:35:00,40.7
2025-06-12 12:27:00,59.5
2025-06-12 08:28:00,13.1
2025-06-12 21:54:00,28.2
2025-06-12 20:57:00,59.5
2025-06-12 10:08:00,46.6
2025-06-12 18:22:00,84.5
2025-06-12 13:52:00,48.8
2025-06-12 00:16:00,39.5
2025-06-12 05:18:00,4.5
2025-06-12 20:21:00,16.6
2025-06-12 19:15:00,49.38053801169591
2025-06-12 09:49:00,32.2
2025-06-12 07:31:00,90.5
2025-06-12 15:34:00,27.7
2025-06-12 17:52:00,77.0
2025-06-12 19:24:00,1.7
2025-06-12 19:47:00,58.1
2025-06-12 15:21:00,47.2
2025-06-12 04:39:00,60.9
2025-06-12 21:15:00,68.7
2025-06-12 03:06:00,23.8
2025-06-12 23:54:00,0.6
2025-06-12 20:28:00,24.1
2025-06-12 19:17:00,49.38053801169591
2025-06-12 00:28:00,40.3
2025-06-12 21:14:00,67.6
2025-06-12 05:56:00,49.38053801169591
2025-06-12 09:57:00,27.1
2025-06-12 03:48:00,4.4
2025-06-12 22:01:00,90.9
2025-06-12 18:27:00,0.4
2025-06-12 14:07:00,18.3
2025-06-12 19:58:00,49.38053801169591
2025-06-12 08:02:00,69.4
2025-06-12 03:57:00,77.7
2025-06-12 22:36:00,86.3
2025-06-12 20:09:00,25.0
2025-06-12 12:21:00,62.9
2025-06-12 06:03:00,8.0
2025-06-12 20:47:00,27.2
2025-06-12 07:42:00,88.4
2025-06-12 04:26:00,11.9
2025-06-12 09:46:00,90.5
2025-06-12 11:19:00,94.0
2025-06-12 05:06:00,21.3
2025-06-12 01:54:00,64.4
2025-06-12 18:11:00,83.8
2025-06-12 03:51:00,68.3
2025-06-12 21:12:00,76.8
2025-06-12 07:03:00,22.4
2025-06-12 10:49:00,1.4
2025-06-12 00:06:00,4.3
2025-06-12 02:49:00,39.6
2025-06-12 23:27:00,0.9
2025-06-12 14:41:00,75.3
2025-06-12 12:01:00,27.9
2025-06-12 03:56:00,55.5
2025-06-12 02:31:00,40.3
2025-06-12 10:36:00,42.4
2025-06-12 02:52:00,56.9
2025-06-12 11:16:00,49.38053801169591
2025-06-12 19:11:00,79.9
2025-06-12 16:33:00,49.38053801169591
2025-06-12 18:17:00,56.7
2025-06-12 16:29:00,49.38053801169591
2025-06-12 01:27:00,42.0
2025-06-12 17:08:00,23.7
2025-06-12 09:59:00,78.1
2025-06-12 13:11:00,67.3
2025-06-12 14:27:00,50.7
2025-06-12 04:42:00,9.3
2025-06-12 18:01:00,52.6
2025-06-12 08:52:00,43.6
2025-06-12 07:42:00,47.9
2025-06-12 03:00:00,37.5
2025-06-12 11:17:00,29.3
2025-06-12 15:12:00,30.4
2025-06-12 10:30:00,62.5
2025-06-12 02:49:00,55.5
2025-06-12 20:29:00,87.9
2025-06-12 05:30:00,87.8
2025-06-12 18:00:00,94.5
2025-06-12 15:12:00,28.7
2025-06-12 01:18:00,59.3
2025-06-12 08:16:00,22.1
2025-06-12 02:52:00,0.2
2025-06-12 09:53:00,49.38053801169591
2025-06-12 23:48:00,98.7
2025-06-12 03:57:00,73.8
2025-06-12 19:20:00,49.38053801169591
2025-06-12 01:43:00,44.7
2025-06-12 03:24:00,66.0
2025-06-12 07:05:00,22.7
2025-06-12 02:43:00,17.5
2025-06-12 12:44:00,49.38053801169591
2025-06-12 22:20:00,71.5
2025-06-12 07:32:00,50.4
2025-06-12 20:45:00,49.38053801169591
2025-06-12 19:24:00,85.0
2025-06-12 04:31:00,80.3
2025-06-12 08:20:00,88.9
2025-06-12 07:12:00,51.0
2025-06-12 04:20:00,39.6
2025-06-12 17:45:00,49.38053801169591
2025-06-12 05:35:00,11.3
2025-06-12 00:51:00,86.0
2025-06-12 21:06:00,33.0
2025-06-12 05:12:00,63.0
2025-06-12 07:17:00,7.2
2025-06-12 15:47:00,6.8
2025-06-12 11:59:00,39.7
2025-06-12 05:31:00,1.7
2025-06-12 11:13:00,55.8
2025-06-12 16:42:00,49.38053801169591
2025-06-12 19:01:00,22.3
2025-06-12 03:41:00,32.0
2025-06-12 14:01:00,85.0
2025-06-12 14:52:00,39.4
2025-06-12 14:13:00,49.38053801169591
2025-06-12 01:49:00,49.38053801169591
2025-06-12 12:02:00,81.6
2025-06-12 16:52:00,79.6
2025-06-12 04:06:00,98.0
2025-06-12 19:59:00,7.6
2025-06-12 22:59:00,49.38053801169591
2025-06-12 03:40:00,49.38053801169591
2025-06-12 09:09:00,17.0
2025-06-12 05:52:00,31.4
2025-06-12 00:11:00,99.0
2025-06-12 20:55:00,39.2
2025-06-12 00:25:00,92.0
2025-06-12 19:15:00,4.3
2025-06-12 14:54:00,85.4
2025-06-12 18:45:00,52.2
2025-06-12 12:33:00,41.1
2025-06-12 17:55:00,26.4
2025-06-12 15:50:00,2.0
2025-06-12 01:56:00,63.5
2025-06-12 18:44:00,19.3
2025-06-12 23:24:00,28.3
2025-06-12 19:09:00,44.4
2025-06-12 17:57:00,88.1
2025-06-12 16:12:00,49.38053801169591
2025-06-12 15:16:00,46.6
2025-06-12 05:11:00,44.4
2025-06-12 01:03:00,0.9
2025-06-12 23:30:00,44.6
2025-06-12 05:50:00,0.7
2025-06-12 20:57:00,66.1
2025-06-12 13:06:00,17.6
2025-06-12 18:07:00,83.8
2025-06-12 10:51:00,80.2
2025-06-12 13:52:00,31.7
2025-06-12 07:00:00,78.2
2025-06-12 07:58:00,24.6
2025-06-12 12:31:00,73.4
2025-06-12 08:36:00,25.3
2025-06-12 08:06:00,70.0
2025-06-12 22:35:00,49.38053801169591
2025-06-12 08:33:00,70.7
2025-06-12 06:51:00,52.2
2025-06-12 23:39:00,50.4
2025-06-12 12:21:00,63.8
2025-06-12 01:37:00,7.3
2025-06-12 00:26:00,84.9
2025-06-12 09:52:00,78.5
2025-06-12 17:47:00,61.1
2025-06-12 07:31:00,20.0
2025-06-12 11:45:00,57.0
2025-06-12 07:42:00,95.9
2025-06-12 20:53:00,57.5
2025-06-12 22:03:00,26.6
2025-06-12 05:48:00,0.8
2025-06-12 05:46:00,65.3
2025-06-12 11:03:00,92.4
2025-06-12 05:04:00,49.594186729301235
2025-06-12 07:59:00,26.3
2025-06-12 19:51:00,49.594186729301235
2025-06-12 00:54:00,99.5
2025-06-12 17:48:00,56.9
2025-06-12 21:11:00,38.5
2025-06-12 09:42:00,59.9
2025-06-12 16:14:00,14.1
2025-06-12 02:21:00,14.9
2025-06-12 19:41:00,77.3
2025-06-12 08:08:00,66.0
2025-06-12 13:29:00,49.594186729301235
2025-06-12 03:44:00,40.5
2025-06-12 02:40:00,79.6
2025-06-12 01:41:00,25.0
2025-06-12 11:59:00,43.8
2025-06-12 03:26:00,61.6
2025-06-12 06:37:00,48.5
2025-06-12 22:10:00,44.7
2025-06-12 07:50:00,39.3
2025-06-12 23:24:00,24.5
2025-06-12 23:04:00,32.1
2025-06-12 16:16:00,17.3
2025-06-12 04:13:00,56.7
2025-06-12 08:00:00,49.594186729301235
2025-06-12 11:17:00,86.9
2025-06-12 13:05:00,49.594186729301235
2025-06-12 19:05:00,14.4
2025-06-12 13:21:00,60.9
2025-06-12 14:51:00,15.4
2025-06-12 17:35:00,64.6
2025-06-12 13:24:00,85.7
2025-06-12 10:44:00,61.6
2025-06-12 22:11:00,76.2
2025-06-12 21:15:00,12.9
2025-06-12 10:52:00,69.3
2025-06-12 04:59:00,49.594186729301235
2025-06-12 10:35:00,52.4
2025-06-12 07:45:00,72.2
2025-06-12 19:04:00,54.4
2025-06-12 04:59:00,5.8
2025-06-12 07:01:00,54.7
2025-06-12 23:36:00,70.8
2025-06-12 17:38:00,49.594186729301235
2025-06-12 10:26:00,49.594186729301235
2025-06-12 05:32:00,49.594186729301235
2025-06-12 09:27:00,93.0
2025-06-12 10:39:00,66.9
2025-06-12 16:55:00,28.3
2025-06-12 17:27:00,63.4
2025-06-12 14:46:00,0.9
2025-06-12 14:43:00,60.4
2025-06-12 15:15:00,13.2
2025-06-12 20:00:00,66.4
2025-06-12 10:50:00,71.5
2025-06-12 10:47:00,87.6
2025-06-12 02:13:00,44.5
2025-06-12 01:28:00,64.9
2025-06-12 23:31:00,1.7
2025-06-12 16:01:00,26.7
2025-06-12 03:13:00,28.4
2025-06-12 01:52:00,49.594186729301235
2025-06-12 02:56:00,1.6
2025-06-12 13:51:00,86.3
2025-06-12 23:33:00,9.4
2025-06-12 19:41:00,87.5
2025-06-12 16:58:00,14.2
2025-06-12 15:54:00,92.4
2025-06-12 11:38:00,11.7
2025-06-12 09:58:00,49.594186729301235
2025-06-12 21:28:00,32.4
2025-06-12 22:05:00,49.594186729301235
2025-06-12 03:42:00,49.594186729301235
2025-06-12 17:46:00,43.5
2025-06-12 12:07:00,67.8
2025-06-12 14:08:00,49.594186729301235
2025-06-12 08:52:00,50.9
2025-06-12 06:59:00,0.8
2025-06-12 21:27:00,5.2
2025-06-12 09:45:00,49.594186729301235
2025-06-12 08:03:00,49.594186729301235
2025-06-12 17:33:00,49.594186729301235
2025-06-12 02:11:00,64.3
2025-06-12 23:09:00,96.1
2025-06-12 02:18:00,0.5
2025-06-12 16:24:00,62.2
2025-06-12 00:10:00,41.4
2025-06-12 06:54:00,1.5
2025-06-12 05:22:00,49.594186729301235
2025-06-12 23:52:00,90.8
2025-06-12 00:16:00,72.5
2025-06-12 02:58:00,81.1
2025-06-12 05:19:00,56.4
2025-06-12 11:54:00,50.5
2025-06-12 08:18:00,80.6
2025-06-12 22:29:00,74.3
2025-06-12 01:57:00,83.1
2025-06-12 09:05:00,49.594186729301235
2025-06-12 09:49:00,48.7
2025-06-12 10:59:00,49.4
2025-06-12 00:11:00,23.2
2025-06-12 13:30:00,32.1
2025-06-12 12:01:00,99.6
2025-06-12 22:54:00,78.3
2025-06-12 02:37:00,2.7
2025-06-12 06:02:00,7.0
2025-06-12 22:38:00,27.8
2025-06-12 03:14:00,82.4
2025-06-12 22:37:00,49.594186729301235
2025-06-12 10:14:00,21.3
2025-06-12 14:39:00,91.9
2025-06-12 09:43:00,36.8
2025-06-12 07:36:00,26.7
2025-06-12 16:39:00,60.6
2025-06-12 04:30:00,55.9
2025-06-12 10:22:00,10.7
2025-06-12 05:22:00,81.0
2025-06-12 15:29:00,50.3
2025-06-12 21:17:00,79.0
2025-06-12 07:23:00,20.0
2025-06-12 02:52:00,71.6
2025-06-12 11:02:00,49.594186729301235
2025-06-12 18:24:00,86.3
2025-06-12 00:21:00,39.1
2025-06-12 19:46:00,54.8
2025-06-12 07:09:00,18.4
2025-06-12 04:45:00,95.4
2025-06-12 10:55:00,42.3
2025-06-12 03:27:00,17.6
2025-06-12 06:01:00,12.8
2025-06-12 13:02:00,49.594186729301235
2025-06-12 21:34:00,5.3
2025-06-12 13:18:00,88.5
2025-06-12 00:08:00,72.2
2025-06-12 14:30:00,49.594186729301235
2025-06-12 02:02:00,18.3
2025-06-12 00:33:00,43.6
2025-06-12 00:23:00,1.4
2025-06-12 12:14:00,54.3
2025-06-12 11:55:00,65.9
2025-06-12 19:56:00,18.0
2025-06-12 13:28:00,49.594186729301235
2025-06-12 00:43:00,63.9
2025-06-12 15:06:00,35.9
2025-06-12 03:57:00,38.2
2025-06-12 02:43:00,7.7
2025-06-12 08:54:00,77.0
2025-06-12 10:51:00,49.594186729301235
2025-06-12 11:38:00,38.8
2025-06-12 21:23:00,90.4
2025-06-12 02:03:00,55.0
2025-06-12 02:02:00,3.9
2025-06-12 04:58:00,49.594186729301235
2025-06-12 17:00:00,8.2
2025-06-12 20:26:00,70.9
2025-06-12 19:49:00,57.5
2025-06-12 14:50:00,8.6
2025-06-12 22:29:00,53.8
2025-06-12 14:56:00,24.7
2025-06-12 18:35:00,24.3
2025-06-12 01:04:00,66.4
2025-06-12 00:08:00,69.2
2025-06-12 02:08:00,62.9
2025-06-12 19:51:00,56.7
2025-06-12 21:42:00,93.1
2025-06-12 10:45:00,87.6
2025-06-12 05:55:00,23.6
2025-06-12 13:03:00,68.8
2025-06-12 16:08:00,66.3
2025-06-12 04:04:00,63.8
2025-06-12 00:37:00,66.7
2025-06-12 09:45:00,49.594186729301235
2025-06-12 02:29:00,88.5
2025-06-12 08:47:00,49.594186729301235
2025-06-12 14:25:00,40.4
2025-06-12 20:06:00,76.4
2025-06-12 04:52:00,52.5
2025-06-12 17:30:00,82.1
2025-06-12 23:24:00,87.0
2025-06-12 16:56:00,31.6
2025-06-12 20:29:00,33.5
2025-06-12 00:51:00,90.9
2025-06-12 06:53:00,51.1
2025-06-12 06:48:00,64.4
2025-06-12 15:01:00,25.8
2025-06-12 08:32:00,20.2
2025-06-12 13:14:00,37.8
2025-06-12 19:34:00,4.4
2025-06-12 20:57:00,12.6
2025-06-12 04:39:00,49.594186729301235
2025-06-12 23:12:00,6.1
2025-06-12 01:54:00,98.1
2025-06-12 23:14:00,6.6
2025-06-12 17:18:00,49.594186729301235
2025-06-12 19:07:00,34.4
2025-06-12 20:32:00,76.6
2025-06-12 07:10:00,81.5
2025-06-12 09:35:00,63.2
2025-06-12 00:16:00,75.6
2025-06-12 01:49:00,31.2
2025-06-12 21:26:00,49.594186729301235
2025-06-12 11:36:00,15.2
2025-06-12 11:31:00,91.9
2025-06-12 20:36:00,1.4
2025-06-12 14:49:00,66.3
2025-06-12 16:48:00,78.8
2025-06-12 18:08:00,87.7
2025-06-12 02:17:00,49.594186729301235
2025-06-12 14:46:00,15.1
2025-06-12 06:17:00,54.3
2025-06-12 15:30:00,87.8
2025-06-12 01:20:00,79.4
2025-06-12 21:44:00,55.6
2025-06-12 02:15:00,99.9
2025-06-12 02:30:00,28.9
2025-06-12 11:40:00,53.7
2025-06-12 22:40:00,26.7
2025-06-12 14:31:00,58.0
2025-06-12 04:10:00,86.6
2025-06-12 14:42:00,49.594186729301235
2025-06-12 02:39:00,46.5
2025-06-12 22:03:00,49.594186729301235
2025-06-12 16:07:00,35.7
2025-06-12 16:22:00,83.3
2025-06-12 19:46:00,9.7
2025-06-12 20:38:00,49.594186729301235
2025-06-12 11:58:00,49.594186729301235
2025-06-12 17:15:00,44.1
2025-06-12 16:30:00,0.2
2025-06-12 11:00:00,55.4
2025-06-12 20:07:00,50.3
2025-06-12 17:23:00,22.8
2025-06-12 07:09:00,43.2
2025-06-12 22:50:00,17.6
2025-06-12 06:10:00,87.4
2025-06-12 18:08:00,87.3
2025-06-12 12:50:00,43.0
2025-06-12 12:20:00,92.1
2025-06-12 14:35:00,40.4
2025-06-12 17:46:00,53.6
2025-06-12 16:55:00,18.3
2025-06-12 17:05:00,96.6
2025-06-12 05:15:00,27.5
2025-06-12 11:05:00,16.8
2025-06-12 21:05:00,24.0
2025-06-12 12:18:00,20.5
2025-06-12 06:19:00,33.9
2025-06-12 18:43:00,94.6
2025-06-12 14:21:00,8.7
2025-06-12 08:09:00,27.7
2025-06-12 07:48:00,96.6
2025-06-12 21:38:00,49.594186729301235
2025-06-12 20:36:00,49.594186729301235
2025-06-12 10:18:00,44.1
2025-06-12 00:42:00,91.3
2025-06-12 05:02:00,77.5
2025-06-12 12:51:00,99.1
2025-06-12 13:52:00,49.594186729301235
2025-06-12 18:56:00,8.0
2025-06-12 12:00:00,0.4
2025-06-12 00:46:00,69.2
2025-06-12 00:03:00,49.3
2025-06-12 00:31:00,17.2
2025-06-12 09:30:00,74.5
2025-06-12 14:31:00,32.5
2025-06-12 02:26:00,20.7
2025-06-12 20:42:00,98.4
2025-06-12 15:06:00,64.1
2025-06-12 12:43:00,49.594186729301235
2025-06-12 19:48:00,21.4
2025-06-12 01:31:00,46.3
2025-06-12 03:38:00,94.3
2025-06-12 04:10:00,49.594186729301235
2025-06-12 14:51:00,7.9
2025-06-12 01:19:00,83.3
2025-06-12 02:08:00,56.5
2025-06-12 17:52:00,98.1
2025-06-12 00:41:00,14.6
2025-06-12 02:13:00,7.9
2025-06-12 02:31:00,49.594186729301235
2025-06-12 08:46:00,41.8
2025-06-12 19:35:00,83.3
2025-06-12 17:41:00,2.4
2025-06-12 05:40:00,67.3
2025-06-12 13:12:00,49.594186729301235
2025-06-12 10:49:00,49.594186729301235
2025-06-12 22:31:00,12.9
2025-06-12 15:22:00,56.9
2025-06-12 03:13:00,49.594186729301235
2025-06-12 13:33:00,49.594186729301235
2025-06-12 13:32:00,34.9
2025-06-12 01:20:00,34.7
2025-06-12 12:21:00,23.0
2025-06-12 22:13:00,87.2
2025-06-12 22:48:00,50.03812089971884
2025-06-12 09:51:00,50.03812089971884
2025-06-12 01:38:00,96.1
2025-06-12 15:59:00,50.03812089971884
2025-06-12 23:56:00,50.03812089971884
2025-06-12 00:16:00,28.8
2025-06-12 15:02:00,60.7
2025-06-12 05:01:00,84.0
2025-06-12 18:31:00,24.9
2025-06-12 10:30:00,50.03812089971884
2025-06-12 07:07:00,91.0
2025-06-12 00:00:00,12.2
2025-06-12 10:49:00,89.1
2025-06-12 10:01:00,5.4
2025-06-12 22:58:00,94.8
2025-06-12 23:14:00,16.1
2025-06-12 13:42:00,50.03812089971884
2025-06-12 12:56:00,60.6
2025-06-12 13:21:00,96.1
2025-06-12 22:54:00,80.6
2025-06-12 14:30:00,50.03812089971884
2025-06-12 16:14:00,80.5
2025-06-12 22:32:00,44.6
2025-06-12 04:38:00,50.03812089971884
2025-06-12 15:32:00,27.8
2025-06-12 10:17:00,62.9
2025-06-12 06:57:00,47.8
2025-06-12 04:33:00,89.3
2025-06-12 04:45:00,41.6
2025-06-12 01:53:00,74.4
2025-06-12 00:49:00,23.3
2025-06-12 16:12:00,69.4
2025-06-12 11:50:00,80.4
2025-06-12 21:59:00,78.7
2025-06-12 19:53:00,5.6
2025-06-12 10:44:00,50.03812089971884
2025-06-12 04:07:00,49.3
2025-06-12 06:35:00,50.03812089971884
2025-06-12 12:49:00,50.03812089971884
2025-06-12 07:12:00,58.8
2025-06-12 08:06:00,18.9
2025-06-12 01:53:00,44.5
2025-06-12 06:49:00,50.03812089971884
2025-06-12 19:18:00,50.03812089971884
2025-06-12 05:16:00,61.3
2025-06-12 12:14:00,36.6
2025-06-12 05:02:00,74.0
2025-06-12 13:03:00,68.9
2025-06-12 08:04:00,12.5
2025-06-12 02:32:00,13.3
2025-06-12 00:42:00,37.2
2025-06-12 09:32:00,40.0
2025-06-12 09:45:00,56.2
2025-06-12 05:03:00,50.03812089971884
2025-06-12 02:42:00,82.4
2025-06-12 18:21:00,29.2
2025-06-12 18:55:00,38.5
2025-06-12 00:17:00,11.3
2025-06-12 17:45:00,19.8
2025-06-12 13:35:00,16.7
2025-06-12 16:30:00,33.9
2025-06-12 05:30:00,99.3
2025-06-12 22:15:00,57.3
2025-06-12 19:10:00,41.5
2025-06-12 22:08:00,30.3
2025-06-12 22:57:00,98.5
2025-06-12 07:36:00,41.9
2025-06-12 11:45:00,44.7
2025-06-12 12:31:00,75.3
2025-06-12 21:48:00,75.8
2025-06-12 03:24:00,74.9
2025-06-12 04:58:00,87.2
2025-06-12 12:24:00,50.03812089971884
2025-06-12 13:43:00,95.5
2025-06-12 00:28:00,47.2
2025-06-12 06:40:00,78.3
2025-06-12 08:45:00,50.03812089971884
2025-06-12 09:19:00,89.6
2025-06-12 00:32:00,64.3
2025-06-12 16:14:00,33.3
2025-06-12 04:31:00,97.7
2025-06-12 11:18:00,69.0
2025-06-12 02:00:00,35.0
2025-06-12 18:01:00,9.9
2025-06-12 18:52:00,50.03812089971884
2025-06-12 04:22:00,18.2
2025-06-12 04:21:00,42.2
2025-06-12 05:42:00,50.03812089971884
2025-06-12 12:39:00,2.2
2025-06-12 20:41:00,82.8
2025-06-12 07:32:00,97.9
2025-06-12 22:49:00,83.4
2025-06-12 17:17:00,50.03812089971884
2025-06-12 11:26:00,50.2
2025-06-12 13:43:00,50.03812089971884
2025-06-12 03:42:00,45.9
2025-06-12 21:26:00,50.03812089971884
2025-06-12 17:29:00,50.03812089971884
2025-06-12 11:01:00,11.4
2025-06-12 21:28:00,44.0
2025-06-12 20:02:00,44.3
2025-06-12 03:14:00,50.03812089971884
2025-06-12 03:23:00,88.8
2025-06-12 23:19:00,95.6
2025-06-12 04:35:00,50.03812089971884
2025-06-12 11:51:00,50.03812089971884
2025-06-12 23:49:00,95.2
2025-06-12 10:39:00,52.4
2025-06-12 23:19:00,17.6
2025-06-12 04:08:00,50.03812089971884
2025-06-12 08:06:00,34.3
2025-06-12 19:32:00,91.3
2025-06-12 08:03:00,50.03812089971884
2025-06-12 06:04:00,50.03812089971884
2025-06-12 09:34:00,77.1
2025-06-12 19:12:00,50.03812089971884
2025-06-12 16:45:00,64.6
2025-06-12 07:30:00,96.4
2025-06-12 08:46:00,60.4
2025-06-12 16:16:00,50.03812089971884
2025-06-12 23:18:00,6.3
2025-06-12 18:47:00,16.2
2025-06-12 06:21:00,92.6
2025-06-12 11:17:00,59.1
2025-06-12 22:49:00,80.2
2025-06-12 06:42:00,50.03812089971884
2025-06-12 04:01:00,25.6
2025-06-12 04:20:00,77.8
2025-06-12 17:17:00,67.7
2025-06-12 02:19:00,32.8
2025-06-12 20:40:00,7.8
2025-06-12 01:32:00,80.8
2025-06-12 18:34:00,68.2
2025-06-12 03:03:00,50.03812089971884
2025-06-12 03:28:00,50.03812089971884
2025-06-12 19:14:00,29.5
2025-06-12 20:10:00,1.7
2025-06-12 11:35:00,50.03812089971884
2025-06-12 07:39:00,42.9
2025-06-12 17:59:00,52.1
2025-06-12 15:28:00,67.0
2025-06-12 21:42:00,71.3
2025-06-12 08:46:00,86.9
2025-06-12 18:47:00,37.9
2025-06-12 01:31:00,67.1
2025-06-12 07:04:00,99.5
2025-06-12 22:04:00,78.0
2025-06-12 00:03:00,24.9
2025-06-12 20:40:00,97.2
2025-06-12 10:48:00,55.1
2025-06-12 20:47:00,92.6
2025-06-12 08:24:00,18.4
2025-06-12 19:45:00,55.0
2025-06-12 07:38:00,13.4
2025-06-12 08:56:00,31.7
2025-06-12 10:59:00,22.5
2025-06-12 02:14:00,52.9
2025-06-12 14:59:00,63.2
2025-06-12 18:04:00,50.03812089971884
2025-06-12 20:29:00,12.7
2025-06-12 06:26:00,38.3
2025-06-12 02:38:00,16.8
2025-06-12 03:31:00,83.5
2025-06-12 10:12:00,73.0
2025-06-12 05:15:00,3.1
2025-06-12 10:48:00,37.9
2025-06-12 02:37:00,50.03812089971884
2025-06-12 20:27:00,56.1
2025-06-12 14:39:00,22.2
2025-06-12 20:26:00,19.1
2025-06-12 19:43:00,17.6
2025-06-12 22:16:00,73.4
2025-06-12 02:47:00,32.1
2025-06-12 13:34:00,22.6
2025-06-12 06:35:00,75.7
2025-06-12 21:54:00,52.6
2025-06-12 01:29:00,83.9
2025-06-12 14:20:00,80.6
2025-06-12 13:41:00,3.5
2025-06-12 02:18:00,73.4
2025-06-12 09:43:00,5.5
2025-06-12 21:53:00,87.5
2025-06-12 02:58:00,96.2
2025-06-12 01:20:00,81.3
2025-06-12 08:11:00,52.4
2025-06-12 17:36:00,50.03812089971884
2025-06-12 06:07:00,16.1
2025-06-12 02:15:00,73.9
2025-06-12 14:27:00,3.4
2025-06-12 23:46:00,31.5
2025-06-12 18:45:00,10.0
2025-06-12 09:24:00,30.5
2025-06-12 17:16:00,62.3
2025-06-12 19:28:00,27.3
2025-06-12 14:08:00,50.03812089971884
2025-06-12 21:44:00,68.4
2025-06-12 05:08:00,71.5
2025-06-12 15:50:00,2.0
2025-06-12 18:01:00,83.4
2025-06-12 12:02:00,59.5
2025-06-12 11:30:00,81.1
2025-06-12 02:15:00,90.2
2025-06-12 17:37:00,32.7
2025-06-12 06:55:00,0.4
2025-06-12 20:34:00,94.6
2025-06-12 03:59:00,89.7
2025-06-12 13:48:00,50.03812089971884
2025-06-12 03:55:00,99.0
2025-06-12 07:19:00,42.8
2025-06-12 05:50:00,46.3
2025-06-12 11:42:00,84.6
2025-06-12 15:39:00,86.1
2025-06-12 07:47:00,56.6
2025-06-12 06:52:00,79.9
2025-06-12 02:29:00,3.8
2025-06-12 19:33:00,73.7
2025-06-12 21:02:00,59.2
2025-06-12 09:43:00,57.8
2025-06-12 07:21:00,13.3
2025-06-12 12:58:00,95.4
2025-06-12 15:25:00,28.7
2025-06-12 15:57:00,32.7
2025-06-12 03:33:00,19.3
2025-06-12 01:03:00,18.4
2025-06-12 23:52:00,50.03812089971884
2025-06-12 01:04:00,42.2
2025-06-12 07:57:00,20.7
2025-06-12 18:11:00,29.2
2025-06-12 12:53:00,94.2
2025-06-12 06:21:00,50.03812089971884
2025-06-12 10:59:00,47.4
2025-06-12 02:12:00,92.3
2025-06-12 09:52:00,50.03812089971884
2025-06-12 13:19:00,79.0
2025-06-12 11:28:00,50.03812089971884
2025-06-12 12:09:00,79.7
2025-06-12 18:26:00,58.8
2025-06-12 03:12:00,50.03812089971884
2025-06-12 06:01:00,99.1
2025-06-12 17:28:00,59.8
2025-06-12 06:25:00,26.2
2025-06-12 14:42:00,59.5
2025-06-12 18:14:00,50.03812089971884
2025-06-12 16:42:00,73.3
2025-06-12 00:21:00,5.3
2025-06-12 14:46:00,38.0
2025-06-12 16:23:00,89.1
2025-06-12 22:02:00,89.9
2025-06-12 17:33:00,49.0
2025-06-12 19:28:00,89.9
2025-06-12 14:56:00,3.7
2025-06-12 22:18:00,70.8
2025-06-12 18:13:00,63.2
2025-06-12 22:13:00,82.4
2025-06-12 01:12:00,90.9
2025-06-12 08:08:00,55.5
2025-06-12 17:12:00,72.3
2025-06-12 18:16:00,53.9
2025-06-12 12:28:00,5.7
2025-06-12 12:46:00,34.7
2025-06-12 14:36:00,70.9
2025-06-12 08:30:00,28.0
2025-06-12 06:39:00,50.03812089971884
2025-06-12 11:53:00,97.8
2025-06-12 13:00:00,98.7
2025-06-12 14:20:00,99.4
2025-06-12 21:07:00,60.5
2025-06-12 15:11:00,78.7
2025-06-12 15:24:00,23.5
2025-06-12 04:06:00,62.6
2025-06-12 02:11:00,82.6
2025-06-12 11:16:00,29.2
2025-06-12 16:29:00,18.8
2025-06-12 11:13:00,16.6
2025-06-12 11:45:00,51.2
2025-06-12 18:01:00,86.8
2025-06-12 14:14:00,74.3
2025-06-12 07:31:00,33.7
2025-06-12 11:13:00,19.2
2025-06-12 10:25:00,43.9
2025-06-12 12:15:00,28.4
2025-06-12 14:52:00,74.1
2025-06-12 12:41:00,21.5
2025-06-12 14:58:00,7.9
2025-06-12 11:31:00,88.9
2025-06-12 18:42:00,30.2
2025-06-12 08:43:00,30.9
2025-06-12 04:11:00,20.1
2025-06-12 04:45:00,28.5
2025-06-12 00:57:00,77.4
2025-06-12 12:07:00,18.7
2025-06-12 21:48:00,78.7
2025-06-12 02:05:00,60.1
2025-06-12 21:36:00,26.4
2025-06-12 05:26:00,46.2
2025-06-12 08:13:00,58.4
2025-06-12 08:26:00,1.7
2025-06-12 13:07:00,41.3
2025-06-12 18:24:00,74.1
2025-06-12 18:13:00,45.3
2025-06-12 18:39:00,53.8
2025-06-12 20:28:00,0.7
2025-06-12 15:32:00,27.8
2025-06-12 01:23:00,50.03812089971884
2025-06-12 12:00:00,50.03812089971884
2025-06-12 02:08:00,88.9
2025-06-12 19:23:00,65.9
2025-06-12 07:05:00,31.4
2025-06-12 23:07:00,6.3
2025-06-12 15:14:00,50.03812089971884
2025-06-12 10:14:00,92.1
2025-06-12 08:33:00,40.2
2025-06-12 00:20:00,50.03812089971884
2025-06-12 08:03:00,18.8
2025-06-12 19:22:00,28.1
2025-06-12 06:55:00,78.2
2025-06-12 01:43:00,62.1
2025-06-12 11:15:00,53.3
2025-06-12 05:27:00,50.03812089971884
2025-06-12 09:09:00,23.1
2025-06-12 03:30:00,0.4
2025-06-12 14:34:00,40.4
2025-06-12 19:13:00,78.1
2025-06-12 23:02:00,40.6
2025-06-12 00:40:00,68.6
2025-06-12 20:55:00,64.7
2025-06-12 07:41:00,46.9
2025-06-12 06:54:00,15.5
2025-06-12 03:08:00,50.03812089971884
2025-06-12 11:15:00,65.7
2025-06-12 11:55:00,87.9
2025-06-12 17:33:00,4.6
2025-06-12 05:35:00,49.697634180790956
2025-06-12 13:40:00,84.1
2025-06-12 14:09:00,49.697634180790956
2025-06-12 06:32:00,59.4
2025-06-12 21:26:00,78.5
2025-06-12 08:56:00,8.8
2025-06-12 15:24:00,30.9
2025-06-12 19:47:00,49.697634180790956
2025-06-12 08:31:00,54.7
2025-06-12 10:55:00,93.1
2025-06-12 13:53:00,58.8
2025-06-12 16:16:00,89.3
2025-06-12 00:37:00,76.7
2025-06-12 06:35:00,33.3
2025-06-12 08:42:00,7.0
2025-06-12 20:52:00,49.697634180790956
2025-06-12 21:25:00,75.2
2025-06-12 11:36:00,15.8
2025-06-12 16:27:00,49.6
2025-06-12 09:06:00,78.0
2025-06-12 11:17:00,55.4
2025-06-12 21:10:00,63.9
2025-06-12 09:24:00,25.9
2025-06-12 06:48:00,60.8
2025-06-12 09:14:00,79.3
2025-06-12 23:09:00,6.8
2025-06-12 23:04:00,92.1
2025-06-12 20:37:00,61.5
2025-06-12 22:19:00,48.1
2025-06-12 17:13:00,36.3
2025-06-12 22:08:00,81.4
2025-06-12 04:40:00,96.4
2025-06-12 13:49:00,48.7
2025-06-12 22:25:00,83.0
2025-06-12 08:13:00,25.7
2025-06-12 04:09:00,82.4
2025-06-12 18:37:00,10.3
2025-06-12 15:54:00,79.5
2025-06-12 01:39:00,49.697634180790956
2025-06-12 22:31:00,12.3
2025-06-12 19:03:00,36.2
2025-06-12 17:39:00,95.9
2025-06-12 18:22:00,40.8
2025-06-12 20:44:00,74.9
2025-06-12 10:30:00,98.4
2025-06-12 21:55:00,67.9
2025-06-12 20:50:00,22.6
2025-06-12 01:26:00,40.3
2025-06-12 01:34:00,5.2
2025-06-12 07:58:00,49.697634180790956
2025-06-12 03:33:00,95.9
2025-06-12 03:52:00,11.8
2025-06-12 06:32:00,96.6
2025-06-12 04:04:00,48.9
2025-06-12 11:52:00,42.5
2025-06-12 01:38:00,88.9
2025-06-12 06:08:00,40.9
2025-06-12 01:27:00,68.0
2025-06-12 02:10:00,20.2
2025-06-12 19:19:00,49.697634180790956
2025-06-12 19:37:00,76.7
2025-06-12 08:19:00,3.6
2025-06-12 08:12:00,96.7
2025-06-12 23:37:00,5.9
2025-06-12 17:06:00,35.8
2025-06-12 06:51:00,49.697634180790956
2025-06-12 10:47:00,98.2
2025-06-12 14:56:00,34.9
2025-06-12 16:47:00,60.1
2025-06-12 18:10:00,29.0
2025-06-12 02:03:00,58.1
2025-06-12 21:06:00,73.2
2025-06-12 08:20:00,87.2
2025-06-12 20:50:00,91.8
2025-06-12 05:12:00,53.9
2025-06-12 09:29:00,6.0
2025-06-12 11:32:00,85.4
2025-06-12 08:39:00,51.0
2025-06-12 15:52:00,42.2
2025-06-12 00:33:00,11.8
2025-06-12 21:08:00,60.6
2025-06-12 09:48:00,36.7
2025-06-12 12:32:00,0.1
2025-06-12 23:17:00,89.1
2025-06-12 01:24:00,74.5
2025-06-12 04:16:00,28.1
2025-06-12 06:30:00,54.9
2025-06-12 03:37:00,53.4
2025-06-12 17:12:00,64.8
2025-06-12 06:50:00,49.697634180790956
2025-06-12 09:07:00,49.697634180790956
2025-06-12 06:20:00,95.8
2025-06-12 21:16:00,21.6
2025-06-12 19:39:00,94.7
2025-06-12 14:05:00,75.7
2025-06-12 05:07:00,18.6
2025-06-12 08:44:00,3.3
2025-06-12 09:15:00,29.8
2025-06-12 03:22:00,55.0
2025-06-12 08:54:00,49.697634180790956
2025-06-12 00:02:00,49.697634180790956
2025-06-12 16:01:00,3.5
2025-06-12 22:21:00,63.0
2025-06-12 14:59:00,34.1
2025-06-12 18:00:00,26.4
2025-06-12 13:29:00,3.7
2025-06-12 11:51:00,75.2
2025-06-12 15:45:00,15.3
2025-06-12 19:36:00,5.2
2025-06-12 07:10:00,46.7
2025-06-12 01:55:00,11.8
2025-06-12 09:19:00,12.6
2025-06-12 01:13:00,49.697634180790956
2025-06-12 14:28:00,3.2
2025-06-12 01:06:00,29.4
2025-06-12 21:37:00,15.4
2025-06-12 14:43:00,29.1
2025-06-12 01:02:00,49.697634180790956
2025-06-12 19:03:00,4.8
2025-06-12 09:20:00,35.8
2025-06-12 01:30:00,18.7
2025-06-12 09:55:00,83.2
2025-06-12 01:03:00,84.8
2025-06-12 13:41:00,41.6
2025-06-12 14:02:00,38.4
2025-06-12 01:50:00,84.5
2025-06-12 13:31:00,0.6
2025-06-12 03:02:00,49.697634180790956
2025-06-12 21:58:00,58.3
2025-06-12 09:23:00,49.697634180790956
2025-06-12 08:35:00,53.5
2025-06-12 14:12:00,88.0
2025-06-12 05:15:00,40.2
2025-06-12 07:58:00,22.1
2025-06-12 13:35:00,94.8
2025-06-12 09:11:00,99.0
2025-06-12 17:47:00,69.6
2025-06-12 19:00:00,1.0
2025-06-12 05:23:00,74.9
2025-06-12 05:15:00,58.3
2025-06-12 06:42:00,18.9
2025-06-12 04:45:00,60.6
2025-06-12 15:57:00,38.2
2025-06-12 16:32:00,18.3
2025-06-12 04:37:00,88.0
2025-06-12 12:43:00,41.2
2025-06-12 07:35:00,17.7
2025-06-12 12:26:00,49.697634180790956
2025-06-12 19:42:00,73.3
2025-06-12 08:03:00,97.4
2025-06-12 22:42:00,97.6
2025-06-12 21:17:00,63.9
2025-06-12 18:44:00,49.697634180790956
2025-06-12 09:39:00,45.4
2025-06-12 19:40:00,71.9
2025-06-12 11:51:00,72.0
2025-06-12 18:26:00,41.8
2025-06-12 14:37:00,88.6
2025-06-12 23:10:00,5.0
2025-06-12 02:29:00,43.5
2025-06-12 22:36:00,50.6
2025-06-12 18:35:00,0.7
2025-06-12 19:56:00,12.7
2025-06-12 22:56:00,67.5
2025-06-12 13:40:00,76.7
2025-06-12 06:14:00,61.9
2025-06-12 12:34:00,57.5
2025-06-12 06:17:00,7.3
2025-06-12 22:42:00,16.8
2025-06-12 08:55:00,13.6
2025-06-12 02:47:00,49.697634180790956
2025-06-12 09:17:00,10.2
2025-06-12 06:08:00,61.6
2025-06-12 11:55:00,15.1
2025-06-12 03:17:00,62.9
2025-06-12 13:10:00,43.4
2025-06-12 11:37:00,62.0
2025-06-12 05:46:00,49.4
2025-06-12 08:17:00,44.4
2025-06-12 18:19:00,5.8
2025-06-12 02:23:00,84.5
2025-06-12 09:50:00,8.4
2025-06-12 03:56:00,78.5
2025-06-12 18:49:00,49.697634180790956
2025-06-12 14:24:00,71.3
2025-06-12 19:59:00,73.9
2025-06-12 08:32:00,30.0
2025-06-12 10:37:00,72.4
2025-06-12 17:20:00,97.5
2025-06-12 12:46:00,49.697634180790956
2025-06-12 21:55:00,18.7
2025-06-12 23:11:00,49.697634180790956
2025-06-12 00:58:00,93.7
2025-06-12 18:11:00,49.697634180790956
2025-06-12 16:41:00,89.5
2025-06-12 12:15:00,82.1
2025-06-12 20:56:00,52.2
2025-06-12 10:43:00,43.2
2025-06-12 20:40:00,15.8
2025-06-12 08:49:00,42.6
2025-06-12 04:30:00,93.5
2025-06-12 20:21:00,7.6
2025-06-12 20:27:00,28.8
2025-06-12 12:41:00,21.2
2025-06-12 06:17:00,49.697634180790956
2025-06-12 17:08:00,24.8
2025-06-12 06:28:00,49.697634180790956
2025-06-12 12:53:00,35.8
2025-06-12 16:10:00,49.697634180790956
2025-06-12 23:08:00,49.697634180790956
2025-06-12 18:02:00,3.7
2025-06-12 13:31:00,62.1
2025-06-12 10:47:00,99.2
2025-06-12 16:31:00,6.9
2025-06-12 16:58:00,55.5
2025-06-12 18:45:00,49.697634180790956
2025-06-12 23:36:00,57.1
2025-06-12 06:15:00,13.1
2025-06-12 14:27:00,94.5
2025-06-12 03:01:00,72.8
2025-06-12 13:21:00,28.7
2025-06-12 12:24:00,64.1
2025-06-12 09:58:00,25.8
2025-06-12 02:05:00,1.4
2025-06-12 07:15:00,1.8
2025-06-12 20:20:00,2.6
2025-06-12 13:50:00,46.9
2025-06-12 17:02:00,49.697634180790956
2025-06-12 08:55:00,68.6
2025-06-12 00:34:00,49.697634180790956
2025-06-12 21:18:00,51.8
2025-06-12 13:47:00,33.7
2025-06-12 09:53:00,49.697634180790956
2025-06-12 10:56:00,75.6
2025-06-12 10:13:00,62.2
2025-06-12 08:50:00,46.1
2025-06-12 04:47:00,75.1
2025-06-12 10:28:00,24.5
2025-06-12 05:50:00,3.5
2025-06-12 15:47:00,49.697634180790956
2025-06-12 11:29:00,49.697634180790956
2025-06-12 11:50:00,70.5
2025-06-12 17:38:00,57.7
2025-06-12 22:59:00,64.9
2025-06-12 22:04:00,14.9
2025-06-12 18:32:00,23.4
2025-06-12 18:17:00,8.3
2025-06-12 18:43:00,41.5
2025-06-12 23:48:00,45.2
2025-06-12 01:26:00,85.2
2025-06-12 23:23:00,55.1
2025-06-12 00:33:00,39.3
2025-06-12 21:14:00,19.3
2025-06-12 14:14:00,4.6
2025-06-12 04:53:00,73.6
2025-06-12 15:27:00,84.9
2025-06-12 11:08:00,99.3
2025-06-12 23:43:00,80.8
2025-06-12 07:10:00,49.697634180790956
2025-06-12 15:10:00,28.6
2025-06-12 18:14:00,75.0
2025-06-12 14:51:00,49.697634180790956
2025-06-12 19:16:00,15.6
2025-06-12 20:50:00,52.8
2025-06-12 15:23:00,83.2
2025-06-12 12:59:00,76.6
2025-06-12 07:19:00,48.4
2025-06-12 21:03:00,49.697634180790956
2025-06-12 19:55:00,29.1
2025-06-12 20:57:00,19.4
2025-06-12 22:14:00,74.1
2025-06-12 16:37:00,12.7
2025-06-12 17:17:00,89.8
2025-06-12 05:05:00,13.6
2025-06-12 09:09:00,36.8
2025-06-12 07:21:00,49.697634180790956
2025-06-12 15:15:00,49.697634180790956
2025-06-12 22:48:00,56.6
2025-06-12 09:31:00,52.2
2025-06-12 15:03:00,11.6
2025-06-12 13:22:00,45.7
2025-06-12 14:52:00,48.6
2025-06-12 17:38:00,49.697634180790956
2025-06-12 11:34:00,5.6
2025-06-12 03:19:00,47.0
2025-06-12 00:42:00,52.2
2025-06-12 20:00:00,49.697634180790956
2025-06-12 10:15:00,84.0
2025-06-12 17:48:00,60.0
2025-06-12 23:30:00,37.9
2025-06-12 08:43:00,13.4
2025-06-12 12:25:00,76.8
2025-06-12 13:46:00,81.3
2025-06-12 17:17:00,54.5
2025-06-12 20:21:00,49.697634180790956
2025-06-12 10:35:00,88.4
2025-06-12 07:33:00,96.8
2025-06-12 11:06:00,88.2
2025-06-12 09:10:00,49.697634180790956
2025-06-12 23:25:00,81.5
2025-06-12 14:04:00,9.1
2025-06-12 17:54:00,65.7
2025-06-12 13:04:00,80.2
2025-06-12 18:09:00,15.3
2025-06-12 14:05:00,17.6
2025-06-12 03:18:00,66.0
2025-06-12 14:55:00,36.6
2025-06-12 10:07:00,49.697634180790956
2025-06-12 06:34:00,74.5
2025-06-12 17:04:00,79.9
2025-06-12 09:02:00,64.9
2025-06-12 17:43:00,49.697634180790956
2025-06-12 23:09:00,95.4
2025-06-12 09:37:00,49.81454693687398
2025-06-12 01:06:00,84.7
2025-06-12 18:30:00,11.8
2025-06-12 05:25:00,30.0
2025-06-12 03:26:00,75.8
2025-06-12 12:10:00,84.4
2025-06-12 14:17:00,11.6
2025-06-12 23:27:00,89.6
2025-06-12 09:01:00,29.8
2025-06-12 18:55:00,47.4
2025-06-12 10:41:00,21.0
2025-06-12 15:27:00,37.8
2025-06-12 05:27:00,16.4
2025-06-12 02:04:00,96.2
2025-06-12 08:19:00,30.9
2025-06-12 19:27:00,95.5
2025-06-12 05:35:00,77.1
2025-06-12 20:09:00,68.5
2025-06-12 12:08:00,32.2
2025-06-12 06:55:00,49.81454693687398
2025-06-12 21:48:00,66.1
2025-06-12 03:33:00,53.8
2025-06-12 11:48:00,49.81454693687398
2025-06-12 03:19:00,70.7
2025-06-12 16:26:00,18.3
2025-06-12 06:45:00,71.9
2025-06-12 00:07:00,18.8
2025-06-12 18:09:00,2.3
2025-06-12 03:06:00,63.0
2025-06-12 21:11:00,80.0
2025-06-12 02:51:00,99.7
2025-06-12 02:33:00,10.9
2025-06-12 01:29:00,86.4
2025-06-12 08:20:00,49.81454693687398
2025-06-12 16:08:00,19.0
2025-06-12 07:56:00,92.5
2025-06-12 02:11:00,21.8
2025-06-12 08:47:00,36.4
2025-06-12 00:41:00,15.7
2025-06-12 02:26:00,7.9
2025-06-12 18:44:00,10.4
2025-06-12 16:37:00,73.2
2025-06-12 11:27:00,12.8
2025-06-12 18:45:00,19.2
2025-06-12 10:10:00,40.7
2025-06-12 21:51:00,76.8
2025-06-12 17:25:00,60.5
2025-06-12 00:57:00,17.0
2025-06-12 19:54:00,15.6
2025-06-12 06:57:00,6.2
2025-06-12 16:28:00,15.2
2025-06-12 16:00:00,47.3
2025-06-12 15:10:00,58.1
2025-06-12 16:51:00,7.0
2025-06-12 10:46:00,72.4
2025-06-12 12:06:00,95.5
2025-06-12 10:10:00,82.7
2025-06-12 18:54:00,35.3
2025-06-12 12:20:00,10.4
2025-06-12 10:00:00,49.81454693687398
2025-06-12 11:27:00,23.5
2025-06-12 03:39:00,4.2
2025-06-12 01:01:00,49.81454693687398
2025-06-12 03:34:00,25.0
2025-06-12 13:28:00,42.5
2025-06-12 23:49:00,5.1
2025-06-12 08:26:00,66.4
2025-06-12 19:05:00,79.3
2025-06-12 20:00:00,0.9
2025-06-12 04:23:00,96.0
2025-06-12 17:25:00,49.81454693687398
2025-06-12 23:27:00,3.9
2025-06-12 07:59:00,25.3
2025-06-12 05:53:00,62.1
2025-06-12 22:18:00,13.4
2025-06-12 19:08:00,85.1
2025-06-12 00:23:00,49.6
2025-06-12 13:35:00,52.4
2025-06-12 08:45:00,1.6
2025-06-12 03:00:00,31.0
2025-06-12 18:48:00,27.3
2025-06-12 11:52:00,11.6
2025-06-12 08:08:00,33.0
2025-06-12 16:23:00,49.81454693687398
2025-06-12 09:23:00,49.81454693687398
2025-06-12 03:21:00,98.9
2025-06-12 08:21:00,12.4
2025-06-12 08:31:00,94.0
2025-06-12 19:37:00,1.1
2025-06-12 02:21:00,80.2
2025-06-12 06:09:00,62.0
2025-06-12 19:24:00,37.7
2025-06-12 08:07:00,18.9
2025-06-12 18:40:00,12.0
2025-06-12 22:02:00,38.9
2025-06-12 16:56:00,42.7
2025-06-12 04:31:00,89.4
2025-06-12 04:22:00,16.6
2025-06-12 17:56:00,16.2
2025-06-12 22:34:00,71.4
2025-06-12 16:31:00,36.5
2025-06-12 19:29:00,49.81454693687398
2025-06-12 13:43:00,77.2
2025-06-12 19:57:00,81.5
2025-06-12 18:10:00,17.1
2025-06-12 00:19:00,72.0
2025-06-12 23:49:00,14.4
2025-06-12 22:16:00,86.2
2025-06-12 17:24:00,79.7
2025-06-12 15:57:00,77.8
2025-06-12 06:11:00,53.4
2025-06-12 08:52:00,21.8
2025-06-12 15:37:00,29.8
2025-06-12 14:24:00,5.7
2025-06-12 02:15:00,86.4
2025-06-12 05:58:00,9.0
2025-06-12 14:52:00,49.81454693687398
2025-06-12 04:12:00,17.4
2025-06-12 13:38:00,33.4
2025-06-12 01:28:00,63.4
2025-06-12 20:57:00,25.3
2025-06-12 17:03:00,49.81454693687398
2025-06-12 21:55:00,49.81454693687398
2025-06-12 14:19:00,49.81454693687398
2025-06-12 22:13:00,49.81454693687398
2025-06-12 05:06:00,86.3
2025-06-12 02:53:00,10.6
2025-06-12 00:54:00,36.7
2025-06-12 19:27:00,33.3
2025-06-12 02:20:00,52.0
2025-06-12 04:55:00,15.0
2025-06-12 21:09:00,24.0
2025-06-12 13:09:00,23.7
2025-06-12 15:36:00,40.8
2025-06-12 00:47:00,74.1
2025-06-12 15:44:00,77.0
2025-06-12 03:36:00,14.5
2025-06-12 09:36:00,7.1
2025-06-12 21:40:00,24.0
2025-06-12 18:39:00,49.81454693687398
2025-06-12 04:18:00,39.0
2025-06-12 19:42:00,48.0
2025-06-12 17:24:00,6.0
2025-06-12 20:36:00,44.1
2025-06-12 08:15:00,49.81454693687398
2025-06-12 07:34:00,16.5
2025-06-12 04:24:00,49.81454693687398
2025-06-12 00:22:00,90.0
2025-06-12 00:50:00,30.7
2025-06-12 16:34:00,69.4
2025-06-12 07:29:00,0.7
2025-06-12 13:27:00,64.2
2025-06-12 04:27:00,33.4
2025-06-12 06:44:00,49.81454693687398
2025-06-12 17:14:00,6.3
2025-06-12 21:36:00,16.7
2025-06-12 21:22:00,49.81454693687398
2025-06-12 02:39:00,74.5
2025-06-12 12:13:00,74.5
2025-06-12 04:37:00,49.81454693687398
2025-06-12 11:32:00,95.4
2025-06-12 21:12:00,21.6
2025-06-12 04:15:00,99.5
2025-06-12 12:48:00,30.6
2025-06-12 00:14:00,69.8
2025-06-12 04:07:00,26.5
2025-06-12 10:34:00,83.9
2025-06-12 11:35:00,34.1
2025-06-12 19:22:00,94.2
2025-06-12 05:18:00,19.5
2025-06-12 05:37:00,23.5
2025-06-12 22:39:00,37.9
2025-06-12 16:27:00,18.9
2025-06-12 13:40:00,49.81454693687398
2025-06-12 16:27:00,52.9
2025-06-12 04:24:00,66.2
2025-06-12 01:09:00,36.6
2025-06-12 03:29:00,32.6
2025-06-12 16:11:00,26.1
2025-06-12 22:40:00,3.7
2025-06-12 16:20:00,49.81454693687398
2025-06-12 22:35:00,71.2
2025-06-12 01:15:00,54.7
2025-06-12 17:15:00,96.9
2025-06-12 07:16:00,5.8
2025-06-12 06:37:00,81.0
2025-06-12 23:47:00,45.9
2025-06-12 10:31:00,37.4
2025-06-12 09:30:00,9.0
2025-06-12 15:16:00,87.7
2025-06-12 01:25:00,29.3
2025-06-12 02:14:00,49.81454693687398
2025-06-12 15:10:00,24.7
2025-06-12 12:07:00,18.0
2025-06-12 16:36:00,49.81454693687398
2025-06-12 23:57:00,60.2
2025-06-12 17:49:00,33.0
2025-06-12 08:50:00,49.81454693687398
2025-06-12 06:09:00,35.0
2025-06-12 07:48:00,22.9
2025-06-12 02:34:00,81.1
2025-06-12 13:54:00,55.5
2025-06-12 17:26:00,95.1
2025-06-12 03:21:00,49.81454693687398
2025-06-12 14:07:00,49.81454693687398
2025-06-12 09:51:00,60.3
2025-06-12 21:21:00,26.3
2025-06-12 17:49:00,61.5
2025-06-12 18:07:00,10.1
2025-06-12 23:38:00,1.0
2025-06-12 06:59:00,49.81454693687398
2025-06-12 06:53:00,55.8
2025-06-12 17:01:00,62.3
2025-06-12 18:40:00,26.6
2025-06-12 04:58:00,24.4
2025-06-12 19:51:00,4.8
2025-06-12 23:48:00,7.5
2025-06-12 17:56:00,46.8
2025-06-12 07:46:00,7.3
2025-06-12 19:25:00,17.9
2025-06-12 04:15:00,77.2
2025-06-12 01:31:00,6.0
2025-06-12 13:21:00,35.4
2025-06-12 15:02:00,36.0
2025-06-12 00:34:00,70.7
2025-06-12 15:20:00,15.9
2025-06-12 05:45:00,12.1
2025-06-12 10:38:00,51.7
2025-06-12 03:00:00,79.5
2025-06-12 01:49:00,49.81454693687398
2025-06-12 15:44:00,15.7
2025-06-12 04:27:00,34.3
2025-06-12 08:50:00,49.9
2025-06-12 11:27:00,43.4
2025-06-12 06:51:00,49.81454693687398
2025-06-12 21:32:00,30.7
2025-06-12 13:51:00,58.6
2025-06-12 23:35:00,68.2
2025-06-12 18:41:00,73.9
2025-06-12 13:49:00,28.1
2025-06-12 04:05:00,9.3
2025-06-12 03:21:00,49.81454693687398
2025-06-12 03:00:00,61.9
2025-06-12 21:53:00,60.0
2025-06-12 21:44:00,26.1
2025-06-12 15:45:00,76.5
2025-06-12 18:34:00,14.6
2025-06-12 20:24:00,87.9
2025-06-12 00:45:00,94.2
2025-06-12 13:54:00,0.0
2025-06-12 21:18:00,49.81454693687398
2025-06-12 22:20:00,40.6
2025-06-12 21:03:00,81.7
2025-06-12 07:10:00,49.1
2025-06-12 22:56:00,49.3
2025-06-12 09:30:00,83.0
2025-06-12 01:25:00,55.0
2025-06-12 09:17:00,52.7
2025-06-12 06:15:00,19.5
2025-06-12 22:51:00,55.1
2025-06-12 21:46:00,49.81454693687398
2025-06-12 06:11:00,26.0
2025-06-12 08:58:00,5.7
2025-06-12 05:02:00,93.4
2025-06-12 00:01:00,69.7
2025-06-12 13:18:00,65.4
2025-06-12 04:47:00,14.8
2025-06-12 06:07:00,76.7
2025-06-12 09:04:00,48.8
2025-06-12 11:14:00,25.8
2025-06-12 01:07:00,53.7
2025-06-12 16:16:00,21.4
2025-06-12 02:48:00,72.4
2025-06-12 10:22:00,90.0
2025-06-12 02:37:00,53.0
2025-06-12 06:00:00,49.81454693687398
2025-06-12 10:06:00,12.0
2025-06-12 08:33:00,13.1
2025-06-12 06:43:00,85.4
2025-06-12 15:51:00,86.4
2025-06-12 00:02:00,7.5
2025-06-12 21:25:00,88.5
2025-06-12 15:49:00,58.8
2025-06-12 15:38:00,49.81454693687398
2025-06-12 09:48:00,70.1
2025-06-12 16:51:00,93.5
2025-06-12 07:29:00,32.5
2025-06-12 00:51:00,60.5
2025-06-12 16:15:00,49.81454693687398
2025-06-12 17:26:00,49.81454693687398
2025-06-12 01:08:00,44.5
2025-06-12 13:45:00,54.1
2025-06-12 15:32:00,49.81454693687398
2025-06-12 15:01:00,82.7
2025-06-12 01:42:00,49.81454693687398
2025-06-12 23:28:00,37.2
2025-06-12 14:00:00,51.5
2025-06-12 13:18:00,71.2
2025-06-12 22:28:00,18.5
2025-06-12 06:40:00,35.4
2025-06-12 13:18:00,18.9
2025-06-12 07:54:00,95.5
2025-06-12 23:15:00,49.81454693687398
2025-06-12 19:29:00,50.5
2025-06-12 09:44:00,49.81454693687398
2025-06-12 02:50:00,30.4
2025-06-12 06:08:00,40.9
2025-06-12 03:12:00,88.9
2025-06-12 02:05:00,89.5
2025-06-12 04:38:00,1.9
2025-06-12 07:44:00,12.8
2025-06-12 04:09:00,5.2
2025-06-12 07:40:00,64.3
2025-06-12 23:41:00,49.81454693687398
2025-06-12 14:56:00,74.3
2025-06-12 21:44:00,5.3
2025-06-12 01:23:00,72.7
2025-06-12 03:56:00,86.4
2025-06-12 00:29:00,5.8
2025-06-12 12:29:00,28.8
2025-06-12 13:28:00,21.9
2025-06-12 12:40:00,56.3
2025-06-12 15:43:00,20.8
2025-06-12 17:29:00,67.6
2025-06-12 23:50:00,63.9
2025-06-12 16:22:00,0.4
2025-06-12 04:11:00,67.3
2025-06-12 14:08:00,50.17466168922071
2025-06-12 11:34:00,3.8
2025-06-12 06:34:00,13.9
2025-06-12 15:42:00,11.0
2025-06-12 07:51:00,51.6
2025-06-12 23:00:00,53.2
2025-06-12 22:30:00,50.3
2025-06-12 21:32:00,38.0
2025-06-12 19:11:00,48.6
2025-06-12 01:39:00,30.6
2025-06-12 15:36:00,18.5
2025-06-12 06:25:00,20.5
2025-06-12 01:21:00,52.3
2025-06-12 01:45:00,91.7
2025-06-12 02:15:00,99.4
2025-06-12 00:14:00,74.1
2025-06-12 01:48:00,44.4
2025-06-12 18:30:00,2.0
2025-06-12 00:12:00,23.1
2025-06-12 02:25:00,50.17466168922071
2025-06-12 07:37:00,6.0
2025-06-12 11:05:00,48.0
2025-06-12 22:54:00,50.17466168922071
2025-06-12 03:50:00,42.3
2025-06-12 21:50:00,91.1
2025-06-12 17:58:00,53.0
2025-06-12 09:30:00,2.6
2025-06-12 21:22:00,44.4
2025-06-12 16:19:00,3.0
2025-06-12 21:51:00,5.4
2025-06-12 19:38:00,24.5
2025-06-12 21:58:00,50.17466168922071
2025-06-12 16:11:00,68.3
2025-06-12 10:51:00,31.4
2025-06-12 13:05:00,47.3
2025-06-12 01:11:00,88.5
2025-06-12 13:50:00,3.5
2025-06-12 02:50:00,58.9
2025-06-12 22:44:00,66.9
2025-06-12 00:19:00,67.5
2025-06-12 00:10:00,97.4
2025-06-12 14:17:00,66.3
2025-06-12 02:41:00,57.0
2025-06-12 00:09:00,16.0
2025-06-12 01:49:00,53.7
2025-06-12 05:01:00,50.17466168922071
2025-06-12 05:46:00,70.3
2025-06-12 20:24:00,51.5
2025-06-12 03:36:00,95.2
2025-06-12 19:29:00,94.8
2025-06-12 21:00:00,95.8
2025-06-12 16:41:00,60.7
2025-06-12 15:27:00,47.5
2025-06-12 19:28:00,14.7
2025-06-12 20:31:00,55.9
2025-06-12 06:28:00,30.5
2025-06-12 07:54:00,25.6
2025-06-12 10:45:00,0.9
2025-06-12 12:12:00,64.9
2025-06-12 14:26:00,50.17466168922071
2025-06-12 05:58:00,66.1
2025-06-12 10:42:00,22.2
2025-06-12 11:58:00,44.7
2025-06-12 22:34:00,40.7
2025-06-12 21:32:00,31.4
2025-06-12 00:05:00,29.4
2025-06-12 16:30:00,80.5
2025-06-12 11:09:00,56.4
2025-06-12 14:14:00,12.2
2025-06-12 12:34:00,73.2
2025-06-12 20:48:00,93.6
2025-06-12 02:23:00,92.0
2025-06-12 00:57:00,11.2
2025-06-12 14:34:00,71.8
2025-06-12 05:04:00,71.3
2025-06-12 08:48:00,42.9
2025-06-12 18:36:00,49.6
2025-06-12 19:29:00,1.5
2025-06-12 21:14:00,10.6
2025-06-12 08:24:00,31.9
2025-06-12 15:16:00,58.8
2025-06-12 06:31:00,92.4
2025-06-12 10:12:00,36.1
2025-06-12 04:05:00,89.6
2025-06-12 04:47:00,91.4
2025-06-12 16:23:00,30.8
2025-06-12 10:55:00,71.7
2025-06-12 22:09:00,24.5
2025-06-12 20:43:00,81.2
2025-06-12 19:57:00,5.1
2025-06-12 11:14:00,74.1
2025-06-12 07:32:00,94.8
2025-06-12 15:08:00,83.7
2025-06-12 04:07:00,50.17466168922071
2025-06-12 02:42:00,26.5
2025-06-12 06:07:00,50.17466168922071
2025-06-12 17:01:00,11.0
2025-06-12 02:01:00,89.0
2025-06-12 02:09:00,81.7
2025-06-12 02:50:00,39.5
2025-06-12 20:10:00,61.5
2025-06-12 07:47:00,50.17466168922071
2025-06-12 09:30:00,14.3
2025-06-12 23:52:00,27.3
2025-06-12 15:54:00,20.5
2025-06-12 23:12:00,19.4
2025-06-12 23:20:00,44.8
2025-06-12 16:44:00,38.6
2025-06-12 20:55:00,54.7
2025-06-12 03:40:00,63.1
2025-06-12 23:25:00,55.7
2025-06-12 04:36:00,37.4
2025-06-12 05:37:00,2.1
2025-06-12 19:04:00,52.5
2025-06-12 04:06:00,50.1
2025-06-12 21:47:00,18.3
2025-06-12 13:31:00,71.6
2025-06-12 00:30:00,19.4
2025-06-12 23:21:00,46.6
2025-06-12 19:25:00,50.17466168922071
2025-06-12 22:47:00,24.7
2025-06-12 22:21:00,93.4
2025-06-12 13:48:00,66.2
2025-06-12 14:15:00,61.8
2025-06-12 05:10:00,37.3
2025-06-12 21:36:00,3.2
2025-06-12 14:16:00,92.5
2025-06-12 22:09:00,5.4
2025-06-12 17:57:00,71.3
2025-06-12 15:38:00,57.4
2025-06-12 10:24:00,12.3
2025-06-12 07:37:00,83.2
2025-06-12 06:36:00,19.3
2025-06-12 15:17:00,22.2
2025-06-12 22:57:00,8.6
2025-06-12 14:38:00,26.2
2025-06-12 14:28:00,52.6
2025-06-12 22:50:00,21.0
2025-06-12 21:33:00,67.9
2025-06-12 16:14:00,11.9
2025-06-12 09:14:00,67.5
2025-06-12 18:01:00,15.2
2025-06-12 12:26:00,74.9
2025-06-12 07:48:00,2.7
2025-06-12 21:01:00,6.9
2025-06-12 05:48:00,60.1
2025-06-12 07:59:00,38.3
2025-06-12 19:59:00,9.4
2025-06-12 12:57:00,47.5
2025-06-12 06:42:00,50.17466168922071
2025-06-12 08:25:00,41.8
2025-06-12 19:30:00,74.1
2025-06-12 15:04:00,42.6
2025-06-12 23:29:00,41.2
2025-06-12 02:57:00,39.7
2025-06-12 20:23:00,50.17466168922071
2025-06-12 13:08:00,84.2
2025-06-12 10:49:00,60.5
2025-06-12 15:00:00,50.17466168922071
2025-06-12 05:51:00,50.17466168922071
2025-06-12 16:07:00,50.17466168922071
2025-06-12 21:15:00,67.7
2025-06-12 18:14:00,99.8
2025-06-12 20:35:00,70.1
2025-06-12 06:20:00,84.2
2025-06-12 16:57:00,29.4
2025-06-12 17:55:00,10.1
2025-06-12 17:08:00,68.6
2025-06-12 11:13:00,50.17466168922071
2025-06-12 02:22:00,40.6
2025-06-12 06:23:00,3.6
2025-06-12 04:52:00,17.5
2025-06-12 20:49:00,22.4
2025-06-12 10:47:00,50.17466168922071
2025-06-12 16:45:00,86.8
2025-06-12 20:47:00,90.2
2025-06-12 10:56:00,77.6
2025-06-12 10:26:00,70.6
2025-06-12 08:31:00,93.1
2025-06-12 22:16:00,63.4
2025-06-12 19:22:00,81.6
2025-06-12 14:43:00,50.17466168922071
2025-06-12 09:01:00,78.5
2025-06-12 01:55:00,23.4
2025-06-12 02:34:00,73.8
2025-06-12 14:07:00,24.3
2025-06-12 15:29:00,27.6
2025-06-12 01:27:00,95.6
2025-06-12 01:35:00,45.0
2025-06-12 08:53:00,81.2
2025-06-12 13:17:00,74.3
2025-06-12 04:44:00,14.7
2025-06-12 03:23:00,63.6
2025-06-12 04:12:00,91.4
2025-06-12 19:26:00,98.7
2025-06-12 10:13:00,50.17466168922071
2025-06-12 13:05:00,70.1
2025-06-12 06:27:00,83.2
2025-06-12 04:46:00,52.8
2025-06-12 00:23:00,5.9
2025-06-12 09:52:00,23.7
2025-06-12 15:23:00,92.6
2025-06-12 07:04:00,20.4
2025-06-12 10:04:00,54.3
2025-06-12 15:59:00,91.4
2025-06-12 19:43:00,71.6
2025-06-12 22:02:00,50.17466168922071
2025-06-12 20:37:00,30.6
2025-06-12 22:23:00,4.8
2025-06-12 03:01:00,79.1
2025-06-12 00:11:00,37.0
2025-06-12 00:24:00,10.8
2025-06-12 05:54:00,36.2
2025-06-12 17:26:00,50.17466168922071
2025-06-12 19:44:00,50.17466168922071
2025-06-12 13:27:00,14.1
2025-06-12 16:06:00,42.2
2025-06-12 11:52:00,3.8
2025-06-12 10:10:00,71.9
2025-06-12 17:08:00,50.17466168922071
2025-06-12 09:56:00,50.6
2025-06-12 00:56:00,2.4
2025-06-12 03:48:00,62.8
2025-06-12 15:26:00,49.9
2025-06-12 19:18:00,22.0
2025-06-12 04:01:00,50.17466168922071
2025-06-12 21:21:00,75.1
2025-06-12 00:55:00,71.1
2025-06-12 18:05:00,35.1
2025-06-12 11:59:00,65.5
2025-06-12 17:41:00,50.17466168922071
2025-06-12 00:27:00,50.17466168922071
2025-06-12 12:29:00,25.8
2025-06-12 00:43:00,5.0
2025-06-12 17:29:00,30.9
2025-06-12 09:40:00,23.8
2025-06-12 23:34:00,74.9
2025-06-12 13:45:00,18.2
2025-06-12 08:37:00,82.4
2025-06-12 02:56:00,18.4
2025-06-12 16:18:00,76.3
2025-06-12 17:54:00,58.5
2025-06-12 13:02:00,85.0
2025-06-12 20:29:00,50.17466168922071
2025-06-12 14:29:00,86.3
2025-06-12 09:07:00,28.5
2025-06-12 04:40:00,46.7
2025-06-12 03:41:00,55.0
2025-06-12 05:37:00,38.8
2025-06-12 16:09:00,16.5
2025-06-12 21:01:00,51.0
2025-06-12 21:29:00,21.1
2025-06-12 04:10:00,25.5
2025-06-12 03:02:00,50.17466168922071
2025-06-12 10:51:00,50.17466168922071
2025-06-12 18:36:00,46.7
2025-06-12 18:57:00,50.17466168922071
2025-06-12 21:03:00,36.9
2025-06-12 15:43:00,30.5
2025-06-12 19:11:00,50.17466168922071
2025-06-12 12:14:00,9.0
2025-06-12 07:37:00,50.17466168922071
2025-06-12 02:46:00,23.9
2025-06-12 19:33:00,52.1
2025-06-12 15:17:00,47.3
2025-06-12 20:14:00,75.3
2025-06-12 22:41:00,93.7
2025-06-12 16:20:00,28.2
2025-06-12 07:05:00,50.17466168922071
2025-06-12 12:22:00,41.7
2025-06-12 18:20:00,84.5
2025-06-12 15:56:00,84.7
2025-06-12 09:37:00,4.8
2025-06-12 10:39:00,73.2
2025-06-12 18:27:00,18.1
2025-06-12 09:17:00,68.6
2025-06-12 00:40:00,4.8
2025-06-12 12:25:00,50.17466168922071
2025-06-12 04:25:00,83.7
2025-06-12 22:51:00,3.1
2025-06-12 02:17:00,40.2
2025-06-12 09:43:00,54.9
2025-06-12 02:15:00,43.3
2025-06-12 20:53:00,50.17466168922071
2025-06-12 00:24:00,15.3
2025-06-12 13:11:00,23.8
2025-06-12 02:34:00,77.4
2025-06-12 23:18:00,44.3
2025-06-12 11:19:00,50.17466168922071
2025-06-12 11:30:00,50.17466168922071
2025-06-12 15:25:00,77.7
2025-06-12 19:59:00,50.17466168922071
2025-06-12 00:24:00,18.4
2025-06-12 18:18:00,27.8
2025-06-12 10:33:00,34.2
2025-06-12 12:07:00,81.9
2025-06-12 23:12:00,54.5
2025-06-12 18:49:00,97.1
2025-06-12 21:33:00,12.3
2025-06-12 06:49:00,56.6
2025-06-12 09:00:00,78.3
2025-06-12 16:26:00,31.5
2025-06-12 09:46:00,51.4
2025-06-12 08:01:00,58.0
2025-06-12 01:52:00,92.3
2025-06-12 09:30:00,16.0
2025-06-12 11:43:00,14.3
2025-06-12 13:49:00,34.6
2025-06-12 18:39:00,1.9
2025-06-12 01:00:00,11.8
2025-06-12 02:04:00,97.1
2025-06-12 16:35:00,15.4
2025-06-12 14:51:00,52.6
2025-06-12 06:29:00,50.17466168922071
2025-06-12 14:16:00,79.6
2025-06-12 05:53:00,34.9
2025-06-12 02:25:00,54.9
2025-06-12 15:59:00,55.2
2025-06-12 16:11:00,78.7
2025-06-12 22:13:00,50.17466168922071
2025-06-12 18:48:00,50.17466168922071
2025-06-12 11:23:00,90.9
2025-06-12 10:16:00,21.7
2025-06-12 09:07:00,20.7
2025-06-12 10:34:00,78.1
2025-06-12 10:03:00,39.8
2025-06-12 12:04:00,9.1
2025-06-12 04:51:00,21.9
2025-06-12 01:12:00,96.7
2025-06-12 10:32:00,64.4
2025-06-12 03:11:00,60.4
2025-06-12 02:01:00,52.9
2025-06-12 16:54:00,92.5
2025-06-12 04:42:00,50.17466168922071
2025-06-12 03:15:00,41.1
2025-06-12 18:57:00,1.0
2025-06-12 03:44:00,80.7
2025-06-12 13:00:00,50.17466168922071
2025-06-12 12:00:00,33.4
2025-06-12 13:15:00,93.3
2025-06-12 15:48:00,87.3
2025-06-12 16:28:00,33.2
2025-06-12 21:17:00,49.28634215500945
2025-06-12 08:03:00,16.3
2025-06-12 23:13:00,99.4
2025-06-12 01:23:00,18.8
2025-06-12 10:18:00,63.2
2025-06-12 18:02:00,49.28634215500945
2025-06-12 15:56:00,97.5
2025-06-12 00:24:00,6.2
2025-06-12 04:18:00,62.6
2025-06-12 03:31:00,20.4
2025-06-12 18:30:00,58.0
2025-06-12 00:36:00,39.3
2025-06-12 21:09:00,3.3
2025-06-12 22:14:00,7.4
2025-06-12 13:03:00,13.2
2025-06-12 07:54:00,59.8
2025-06-12 17:41:00,49.28634215500945
2025-06-12 10:39:00,55.0
2025-06-12 06:30:00,24.2
2025-06-12 01:50:00,67.2
2025-06-12 07:55:00,49.28634215500945
2025-06-12 13:16:00,93.3
2025-06-12 18:25:00,49.28634215500945
2025-06-12 03:51:00,26.0
2025-06-12 12:18:00,54.2
2025-06-12 03:08:00,40.2
2025-06-12 21:34:00,63.8
2025-06-12 22:35:00,95.2
2025-06-12 08:15:00,70.7
2025-06-12 08:11:00,93.9
2025-06-12 14:42:00,45.8
2025-06-12 10:20:00,8.8
2025-06-12 12:20:00,10.5
2025-06-12 20:00:00,87.4
2025-06-12 08:24:00,49.28634215500945
2025-06-12 00:53:00,26.7
2025-06-12 13:46:00,49.28634215500945
2025-06-12 19:10:00,31.0
2025-06-12 10:42:00,49.28634215500945
2025-06-12 07:32:00,23.6
2025-06-12 19:45:00,34.0
2025-06-12 16:43:00,97.7
2025-06-12 03:36:00,16.8
2025-06-12 02:56:00,14.5
2025-06-12 08:15:00,49.28634215500945
2025-06-12 06:30:00,49.28634215500945
2025-06-12 03:45:00,49.28634215500945
2025-06-12 01:45:00,33.5
2025-06-12 06:58:00,62.3
2025-06-12 22:25:00,61.9
2025-06-12 03:08:00,49.28634215500945
2025-06-12 14:00:00,25.3
2025-06-12 00:02:00,72.1
2025-06-12 19:35:00,11.4
2025-06-12 16:49:00,13.1
2025-06-12 04:01:00,49.28634215500945
2025-06-12 14:58:00,22.3
2025-06-12 21:32:00,49.28634215500945
2025-06-12 20:50:00,34.0
2025-06-12 02:29:00,2.5
2025-06-12 22:08:00,30.4
2025-06-12 19:31:00,45.2
2025-06-12 10:50:00,49.28634215500945
2025-06-12 02:10:00,56.0
2025-06-12 01:24:00,71.1
2025-06-12 11:05:00,19.8
2025-06-12 12:36:00,47.2
2025-06-12 09:45:00,39.4
2025-06-12 15:30:00,49.28634215500945
2025-06-12 12:14:00,4.7
2025-06-12 13:52:00,32.8
2025-06-12 09:27:00,49.28634215500945
2025-06-12 02:40:00,39.5
2025-06-12 17:56:00,52.7
2025-06-12 19:31:00,41.2
2025-06-12 00:02:00,49.28634215500945
2025-06-12 12:33:00,49.28634215500945
2025-06-12 18:48:00,49.9
2025-06-12 06:16:00,29.9
2025-06-12 23:17:00,72.2
2025-06-12 06:39:00,47.5
2025-06-12 06:40:00,45.6
2025-06-12 22:59:00,87.0
2025-06-12 00:20:00,89.7
2025-06-12 10:41:00,47.7
2025-06-12 10:14:00,86.3
2025-06-12 16:07:00,49.28634215500945
2025-06-12 23:58:00,72.0
2025-06-12 18:51:00,68.5
2025-06-12 19:49:00,77.9
2025-06-12 08:18:00,95.1
2025-06-12 23:10:00,94.7
2025-06-12 19:38:00,48.8
2025-06-12 14:49:00,61.1
2025-06-12 15:03:00,24.0
2025-06-12 20:56:00,53.1
2025-06-12 09:37:00,49.28634215500945
2025-06-12 16:40:00,2.8
2025-06-12 09:15:00,58.4
2025-06-12 10:47:00,92.2
2025-06-12 08:11:00,10.9
2025-06-12 11:26:00,67.2
2025-06-12 19:43:00,98.4
2025-06-12 17:17:00,42.6
2025-06-12 12:20:00,72.0
2025-06-12 08:00:00,77.9
2025-06-12 22:46:00,78.9
2025-06-12 23:59:00,16.0
2025-06-12 15:03:00,1.0
2025-06-12 01:39:00,49.28634215500945
2025-06-12 17:29:00,27.2
2025-06-12 04:27:00,13.7
2025-06-12 05:24:00,66.7
2025-06-12 02:40:00,42.4
2025-06-12 04:02:00,49.28634215500945
2025-06-12 19:00:00,52.9
2025-06-12 15:06:00,49.28634215500945
2025-06-12 05:58:00,49.28634215500945
2025-06-12 09:45:00,17.5
2025-06-12 10:45:00,49.28634215500945
2025-06-12 11:19:00,49.28634215500945
2025-06-12 19:17:00,24.3
2025-06-12 12:04:00,88.5
2025-06-12 08:39:00,50.6
2025-06-12 00:48:00,1.6
2025-06-12 03:38:00,80.4
2025-06-12 23:48:00,42.7
2025-06-12 16:18:00,40.3
2025-06-12 01:23:00,95.4
2025-06-12 07:14:00,30.2
2025-06-12 13:31:00,49.28634215500945
2025-06-12 18:59:00,52.1
2025-06-12 04:19:00,97.6
2025-06-12 00:55:00,92.0
2025-06-12 09:02:00,49.28634215500945
2025-06-12 23:03:00,38.6
2025-06-12 17:37:00,89.9
2025-06-12 13:17:00,41.9
2025-06-12 15:04:00,51.9
2025-06-12 15:45:00,41.7
2025-06-12 07:36:00,15.9
2025-06-12 18:44:00,6.4
2025-06-12 16:00:00,9.4
2025-06-12 17:20:00,33.8
2025-06-12 16:28:00,82.9
2025-06-12 09:50:00,35.0
2025-06-12 22:55:00,84.8
2025-06-12 15:02:00,49.28634215500945
2025-06-12 18:36:00,43.4
2025-06-12 18:53:00,12.1
2025-06-12 21:42:00,79.1
2025-06-12 19:11:00,9.9
2025-06-12 13:34:00,67.5
2025-06-12 05:25:00,60.0
2025-06-12 02:23:00,20.0
2025-06-12 13:04:00,72.2
2025-06-12 18:36:00,63.4
2025-06-12 07:53:00,49.28634215500945
2025-06-12 03:56:00,9.5
2025-06-12 03:47:00,24.3
2025-06-12 20:10:00,99.4
2025-06-12 08:53:00,50.1
2025-06-12 22:31:00,62.9
2025-06-12 18:17:00,96.2
2025-06-12 13:47:00,86.4
2025-06-12 02:43:00,49.28634215500945
2025-06-12 17:36:00,49.28634215500945
2025-06-12 12:07:00,35.1
2025-06-12 10:30:00,39.3
2025-06-12 22:12:00,16.8
2025-06-12 17:27:00,64.1
2025-06-12 23:14:00,81.2
2025-06-12 15:14:00,9.5
2025-06-12 23:11:00,49.28634215500945
2025-06-12 05:16:00,49.28634215500945
2025-06-12 03:58:00,49.28634215500945
2025-06-12 07:19:00,23.4
2025-06-12 21:19:00,38.9
2025-06-12 02:57:00,82.6
2025-06-12 14:01:00,20.0
2025-06-12 01:00:00,66.0
2025-06-12 17:47:00,49.28634215500945
2025-06-12 00:11:00,94.6
2025-06-12 21:16:00,12.6
2025-06-12 13:41:00,65.4
2025-06-12 22:18:00,57.6
2025-06-12 14:10:00,99.6
2025-06-12 07:27:00,31.1
2025-06-12 01:29:00,49.28634215500945
2025-06-12 02:31:00,49.28634215500945
2025-06-12 19:25:00,49.28634215500945
2025-06-12 15:32:00,49.28634215500945
2025-06-12 02:11:00,27.5
2025-06-12 07:19:00,5.2
2025-06-12 11:12:00,43.0
2025-06-12 06:11:00,34.4
2025-06-12 18:20:00,69.5
2025-06-12 04:31:00,60.6
2025-06-12 04:01:00,8.5
2025-06-12 06:43:00,49.28634215500945
2025-06-12 19:35:00,96.4
2025-06-12 10:56:00,92.6
2025-06-12 11:58:00,59.1
2025-06-12 23:10:00,99.1
2025-06-12 23:29:00,15.3
2025-06-12 23:49:00,39.7
2025-06-12 15:39:00,16.8
2025-06-12 02:46:00,88.7
2025-06-12 17:18:00,49.28634215500945
2025-06-12 17:34:00,70.9
2025-06-12 19:32:00,6.6
2025-06-12 14:02:00,0.3
2025-06-12 09:15:00,31.3
2025-06-12 17:55:00,49.28634215500945
2025-06-12 05:40:00,7.8
2025-06-12 00:05:00,44.6
2025-06-12 08:51:00,31.2
2025-06-12 22:10:00,86.0
2025-06-12 21:27:00,18.4
2025-06-12 00:58:00,18.1
2025-06-12 13:56:00,53.9
2025-06-12 01:48:00,88.4
2025-06-12 06:32:00,74.8
2025-06-12 06:42:00,43.7
2025-06-12 01:19:00,72.4
2025-06-12 14:37:00,49.28634215500945
2025-06-12 05:44:00,34.2
2025-06-12 17:29:00,78.9
2025-06-12 22:25:00,43.5
2025-06-12 03:15:00,28.7
2025-06-12 02:20:00,49.28634215500945
2025-06-12 09:11:00,25.1
2025-06-12 20:17:00,72.4
2025-06-12 01:15:00,29.8
2025-06-12 14:28:00,49.28634215500945
2025-06-12 15:09:00,9.5
2025-06-12 04:06:00,65.6
2025-06-12 10:33:00,75.8
2025-06-12 15:42:00,68.3
2025-06-12 12:50:00,6.9
2025-06-12 06:01:00,49.28634215500945
2025-06-12 22:37:00,78.7
2025-06-12 05:39:00,37.2
2025-06-12 01:37:00,93.3
2025-06-12 03:04:00,44.8
2025-06-12 14:11:00,49.28634215500945
2025-06-12 01:31:00,71.5
2025-06-12 02:02:00,58.1
2025-06-12 20:04:00,49.28634215500945
2025-06-12 18:59:00,83.1
2025-06-12 03:39:00,44.6
2025-06-12 00:14:00,48.5
2025-06-12 14:46:00,75.8
2025-06-12 21:46:00,44.3
2025-06-12 09:34:00,42.1
2025-06-12 08:39:00,18.5
2025-06-12 05:37:00,49.28634215500945
2025-06-12 13:09:00,30.2
2025-06-12 04:53:00,97.0
2025-06-12 09:14:00,24.1
2025-06-12 11:13:00,95.6
2025-06-12 04:38:00,60.1
2025-06-12 06:21:00,4.4
2025-06-12 16:48:00,2.4
2025-06-12 09:33:00,72.5
2025-06-12 04:39:00,26.4
2025-06-12 20:06:00,49.28634215500945
2025-06-12 15:42:00,82.2
2025-06-12 03:54:00,49.28634215500945
2025-06-12 15:08:00,4.2
2025-06-12 20:57:00,3.8
2025-06-12 17:16:00,36.9
2025-06-12 05:33:00,78.0
2025-06-12 00:18:00,21.4
2025-06-12 16:22:00,75.0
2025-06-12 16:17:00,37.1
2025-06-12 03:42:00,58.6
2025-06-12 21:09:00,71.3
2025-06-12 07:31:00,80.8
2025-06-12 17:05:00,49.28634215500945
2025-06-12 16:53:00,6.9
2025-06-12 06:13:00,92.3
2025-06-12 22:59:00,13.4
2025-06-12 09:11:00,53.1
2025-06-12 03:59:00,49.28634215500945
2025-06-12 21:30:00,56.0
2025-06-12 11:41:00,40.8
2025-06-12 15:16:00,15.2
2025-06-12 12:00:00,50.6
2025-06-12 23:14:00,43.0
2025-06-12 08:25:00,39.4
2025-06-12 22:50:00,91.8
2025-06-12 06:52:00,20.6
2025-06-12 12:39:00,64.3
2025-06-12 21:07:00,34.4
2025-06-12 06:44:00,42.3
2025-06-12 08:35:00,17.0
2025-06-12 06:49:00,81.5
2025-06-12 23:57:00,46.8
2025-06-12 19:46:00,49.28634215500945
2025-06-12 04:04:00,49.28634215500945
2025-06-12 13:37:00,49.28634215500945
2025-06-12 20:26:00,18.4
2025-06-12 05:07:00,51.3
2025-06-12 11:49:00,25.4
2025-06-12 19:42:00,79.3
2025-06-12 16:46:00,47.9
2025-06-12 23:04:00,13.7
2025-06-12 11:10:00,49.28634215500945
2025-06-12 17:44:00,33.7
2025-06-12 17:53:00,90.6
2025-06-12 06:57:00,49.28634215500945
2025-06-12 12:54:00,51.5
2025-06-12 14:54:00,28.4
2025-06-12 11:35:00,93.8
2025-06-12 13:31:00,65.4
2025-06-12 20:17:00,49.28634215500945
2025-06-12 00:21:00,70.2
2025-06-12 14:39:00,49.28634215500945
2025-06-12 14:58:00,26.7
2025-06-12 02:09:00,19.0
2025-06-12 23:35:00,29.8
2025-06-12 17:18:00,49.28634215500945
2025-06-12 00:40:00,51.7
2025-06-12 08:30:00,49.28634215500945
2025-06-12 10:56:00,1.8
2025-06-12 18:02:00,98.1
2025-06-12 06:49:00,57.1
2025-06-12 04:44:00,49.28634215500945
2025-06-12 22:57:00,99.3
2025-06-12 02:53:00,73.4
2025-06-12 23:25:00,20.5
2025-06-12 13:43:00,49.28634215500945
2025-06-12 01:17:00,61.3
2025-06-12 15:55:00,5.7
2025-06-12 17:44:00,45.7
2025-06-12 08:46:00,49.28634215500945
2025-06-12 08:52:00,38.5
2025-06-12 15:15:00,97.5
2025-06-12 09:11:00,35.4
2025-06-12 19:01:00,85.2
2025-06-12 15:37:00,72.4
2025-06-12 11:08:00,49.28634215500945
2025-06-12 21:04:00,59.8
2025-06-12 20:33:00,13.5
2025-06-12 06:40:00,45.4
2025-06-12 19:11:00,41.2
2025-06-12 07:23:00,37.4
2025-06-12 00:30:00,32.7
2025-06-12 10:06:00,51.8
2025-06-12 16:10:00,28.0
2025-06-12 10:22:00,42.3
2025-06-12 08:21:00,41.8
2025-06-12 07:56:00,50.0812925170068
2025-06-12 17:21:00,1.6
2025-06-12 16:36:00,26.8
2025-06-12 21:16:00,81.7
2025-06-12 10:39:00,27.3
2025-06-12 19:55:00,91.7
2025-06-12 00:02:00,69.0
2025-06-12 21:14:00,71.0
2025-06-12 04:16:00,64.0
2025-06-12 12:31:00,99.5
2025-06-12 06:51:00,16.5
2025-06-12 02:57:00,58.1
2025-06-12 08:22:00,12.1
2025-06-12 03:21:00,52.3
2025-06-12 16:47:00,5.0
2025-06-12 02:37:00,64.5
2025-06-12 15:50:00,94.5
2025-06-12 11:55:00,70.1
2025-06-12 03:30:00,96.1
2025-06-12 09:16:00,34.0
2025-06-12 23:47:00,50.0812925170068
2025-06-12 13:42:00,94.7
2025-06-12 04:21:00,26.8
2025-06-12 03:43:00,3.6
2025-06-12 09:04:00,77.5
2025-06-12 20:47:00,55.8
2025-06-12 01:33:00,67.9
2025-06-12 01:51:00,94.2
2025-06-12 06:43:00,4.1
2025-06-12 08:53:00,68.1
2025-06-12 08:16:00,7.6
2025-06-12 20:43:00,3.4
2025-06-12 15:25:00,98.0
2025-06-12 05:30:00,50.0812925170068
2025-06-12 22:57:00,77.6
2025-06-12 17:14:00,21.7
2025-06-12 17:09:00,49.3
2025-06-12 21:29:00,60.4
2025-06-12 19:01:00,39.9
2025-06-12 22:04:00,8.9
2025-06-12 21:59:00,77.8
2025-06-12 17:02:00,50.0812925170068
2025-06-12 19:14:00,75.3
2025-06-12 17:55:00,50.0812925170068
2025-06-12 13:25:00,3.3
2025-06-12 08:29:00,28.0
2025-06-12 09:17:00,81.7
2025-06-12 13:02:00,69.9
2025-06-12 00:57:00,61.8
2025-06-12 13:45:00,84.0
2025-06-12 00:12:00,93.3
2025-06-12 22:08:00,99.2
2025-06-12 05:21:00,72.0
2025-06-12 02:25:00,52.1
2025-06-12 17:04:00,11.1
2025-06-12 01:34:00,46.8
2025-06-12 12:03:00,67.4
2025-06-12 02:50:00,50.0812925170068
2025-06-12 10:27:00,77.4
2025-06-12 18:42:00,77.0
2025-06-12 06:18:00,66.3
2025-06-12 23:25:00,38.7
2025-06-12 20:43:00,36.6
2025-06-12 16:56:00,4.9
2025-06-12 22:49:00,5.6
2025-06-12 02:45:00,50.0812925170068
2025-06-12 00:26:00,50.0812925170068
2025-06-12 10:22:00,39.2
2025-06-12 06:18:00,41.9
2025-06-12 09:43:00,5.5
2025-06-12 20:31:00,37.4
2025-06-12 19:55:00,96.9
2025-06-12 20:21:00,12.7
2025-06-12 02:28:00,72.2
2025-06-12 16:33:00,89.4
2025-06-12 03:10:00,67.3
2025-06-12 22:59:00,5.4
2025-06-12 23:07:00,71.5
2025-06-12 19:04:00,77.6
2025-06-12 20:59:00,35.2
2025-06-12 23:25:00,25.3
2025-06-12 01:50:00,50.0812925170068
2025-06-12 03:10:00,75.7
2025-06-12 20:04:00,13.8
2025-06-12 12:20:00,23.4
2025-06-12 03:23:00,38.3
2025-06-12 04:26:00,64.1
2025-06-12 19:36:00,58.1
2025-06-12 17:54:00,35.7
2025-06-12 04:13:00,69.5
2025-06-12 10:47:00,50.0812925170068
2025-06-12 22:01:00,96.3
2025-06-12 03:43:00,50.0812925170068
2025-06-12 06:56:00,62.1
2025-06-12 22:20:00,28.6
2025-06-12 17:27:00,0.5
2025-06-12 04:05:00,56.7
2025-06-12 11:47:00,84.2
2025-06-12 11:50:00,50.0812925170068
2025-06-12 04:06:00,61.6
2025-06-12 11:51:00,57.3
2025-06-12 07:59:00,72.1
2025-06-12 04:19:00,33.6
2025-06-12 12:59:00,39.5
2025-06-12 22:23:00,88.2
2025-06-12 17:10:00,46.8
2025-06-12 07:29:00,6.2
2025-06-12 08:08:00,93.0
2025-06-12 18:16:00,69.0
2025-06-12 02:10:00,71.5
2025-06-12 22:53:00,50.0812925170068
2025-06-12 08:16:00,89.1
2025-06-12 05:53:00,82.3
2025-06-12 21:12:00,33.8
2025-06-12 11:53:00,91.5
2025-06-12 19:40:00,97.6
2025-06-12 08:20:00,40.0
2025-06-12 21:56:00,59.8
2025-06-12 12:01:00,92.0
2025-06-12 21:07:00,35.5
2025-06-12 23:27:00,44.9
2025-06-12 11:58:00,16.3
2025-06-12 08:28:00,81.7
2025-06-12 20:20:00,80.5
2025-06-12 22:52:00,93.2
2025-06-12 19:32:00,20.7
2025-06-12 03:04:00,32.4
2025-06-12 15:02:00,91.5
2025-06-12 09:14:00,26.6
2025-06-12 05:39:00,45.9
2025-06-12 04:09:00,69.4
2025-06-12 14:22:00,76.9
2025-06-12 08:40:00,61.9
2025-06-12 18:03:00,5.7
2025-06-12 15:50:00,50.0812925170068
2025-06-12 21:23:00,58.6
2025-06-12 10:36:00,26.6
2025-06-12 09:58:00,12.4
2025-06-12 16:01:00,81.3
2025-06-12 15:21:00,20.8
2025-06-12 22:13:00,22.7
2025-06-12 11:06:00,60.7
2025-06-12 23:33:00,50.0812925170068
2025-06-12 09:29:00,7.6
2025-06-12 01:20:00,12.4
2025-06-12 04:17:00,53.2
2025-06-12 20:31:00,2.1
2025-06-12 14:17:00,8.0
2025-06-12 07:09:00,30.8
2025-06-12 13:35:00,36.8
2025-06-12 13:22:00,81.7
2025-06-12 15:55:00,28.8
2025-06-12 10:23:00,8.2
2025-06-12 21:03:00,76.8
2025-06-12 22:37:00,28.9
2025-06-12 01:00:00,8.8
2025-06-12 07:35:00,23.5
2025-06-12 01:52:00,82.8
2025-06-12 03:32:00,81.9
2025-06-12 05:45:00,32.7
2025-06-12 23:58:00,22.1
2025-06-12 11:45:00,6.2
2025-06-12 21:20:00,82.0
2025-06-12 16:10:00,55.8
2025-06-12 19:09:00,75.2
2025-06-12 20:19:00,44.2
2025-06-12 12:31:00,44.7
2025-06-12 02:13:00,55.9
2025-06-12 04:58:00,64.8
2025-06-12 13:58:00,60.6
2025-06-12 14:31:00,53.5
2025-06-12 16:26:00,46.6
2025-06-12 04:21:00,85.0
2025-06-12 10:00:00,41.2
2025-06-12 03:02:00,65.5
2025-06-12 13:02:00,96.1
2025-06-12 01:46:00,50.0812925170068
2025-06-12 12:50:00,62.2
2025-06-12 05:13:00,17.9
2025-06-12 06:59:00,53.8
2025-06-12 08:39:00,11.5
2025-06-12 14:04:00,66.1
2025-06-12 21:28:00,50.0812925170068
2025-06-12 17:09:00,33.0
2025-06-12 09:12:00,57.7
2025-06-12 16:46:00,28.5
2025-06-12 20:18:00,30.8
2025-06-12 18:42:00,58.6
2025-06-12 09:51:00,36.4
2025-06-12 03:25:00,82.3
2025-06-12 01:00:00,42.9
2025-06-12 07:47:00,77.4
2025-06-12 11:34:00,67.7
2025-06-12 23:35:00,43.2
2025-06-12 03:29:00,2.3
2025-06-12 14:55:00,15.2
2025-06-12 11:58:00,62.3
2025-06-12 07:01:00,97.1
2025-06-12 03:55:00,45.7
2025-06-12 00:52:00,50.0812925170068
2025-06-12 08:14:00,91.0
2025-06-12 15:59:00,50.0812925170068
2025-06-12 10:45:00,26.7
2025-06-12 04:41:00,30.8
2025-06-12 19:11:00,8.9
2025-06-12 15:42:00,4.4
2025-06-12 16:11:00,4.3
2025-06-12 05:04:00,71.0
2025-06-12 00:44:00,50.0812925170068
2025-06-12 01:09:00,50.0812925170068
2025-06-12 14:00:00,14.9
2025-06-12 08:44:00,0.4
2025-06-12 07:47:00,92.2
2025-06-12 03:25:00,50.0812925170068
2025-06-12 19:31:00,6.2
2025-06-12 23:37:00,53.4
2025-06-12 08:19:00,50.0812925170068
2025-06-12 14:29:00,5.7
2025-06-12 01:28:00,73.6
2025-06-12 12:16:00,24.7
2025-06-12 13:53:00,16.5
2025-06-12 15:36:00,63.7
2025-06-12 17:12:00,47.1
2025-06-12 03:43:00,17.5
2025-06-12 00:59:00,81.8
2025-06-12 16:06:00,62.7
2025-06-12 12:56:00,29.9
2025-06-12 09:43:00,38.1
2025-06-12 21:30:00,51.0
2025-06-12 19:18:00,50.0812925170068
2025-06-12 02:11:00,31.5
2025-06-12 07:27:00,43.8
2025-06-12 03:30:00,70.1
2025-06-12 14:13:00,19.2
2025-06-12 20:09:00,91.5
2025-06-12 14:13:00,53.6
2025-06-12 23:35:00,50.0812925170068
2025-06-12 19:48:00,17.6
2025-06-12 22:12:00,67.4
2025-06-12 19:36:00,47.5
2025-06-12 08:01:00,33.6
2025-06-12 05:08:00,20.8
2025-06-12 00:09:00,34.2
2025-06-12 03:44:00,32.0
2025-06-12 08:11:00,51.8
2025-06-12 13:55:00,14.7
2025-06-12 03:24:00,28.1
2025-06-12 04:01:00,3.6
2025-06-12 15:28:00,39.3
2025-06-12 01:48:00,93.8
2025-06-12 00:57:00,50.0812925170068
2025-06-12 08:54:00,64.8
2025-06-12 20:42:00,50.0812925170068
2025-06-12 08:06:00,2.5
2025-06-12 13:24:00,41.3
2025-06-12 23:05:00,50.0812925170068
2025-06-12 22:02:00,49.0
2025-06-12 21:20:00,2.1
2025-06-12 22:46:00,3.6
2025-06-12 06:26:00,1.1
2025-06-12 11:51:00,26.2
2025-06-12 18:18:00,50.6
2025-06-12 10:29:00,34.0
2025-06-12 23:11:00,68.2
2025-06-12 18:18:00,49.9
2025-06-12 22:53:00,50.0812925170068
2025-06-12 04:01:00,80.9
2025-06-12 14:09:00,73.4
2025-06-12 12:34:00,49.7
2025-06-12 02:13:00,10.8
2025-06-12 08:29:00,87.0
2025-06-12 20:31:00,50.2
2025-06-12 23:04:00,85.7
2025-06-12 08:09:00,44.5
2025-06-12 04:11:00,50.0812925170068
2025-06-12 16:07:00,91.7
2025-06-12 12:09:00,50.0812925170068
2025-06-12 18:31:00,9.2
2025-06-12 01:00:00,50.0812925170068
2025-06-12 03:01:00,50.0812925170068
2025-06-12 02:05:00,77.6
2025-06-12 07:25:00,50.0812925170068
2025-06-12 02:14:00,61.8
2025-06-12 10:48:00,21.9
2025-06-12 03:26:00,0.7
2025-06-12 22:02:00,55.0
2025-06-12 16:54:00,50.0812925170068
2025-06-12 18:51:00,50.0812925170068
2025-06-12 11:13:00,87.2
2025-06-12 14:56:00,24.1
2025-06-12 02:37:00,71.4
2025-06-12 04:33:00,17.8
2025-06-12 02:34:00,23.6
2025-06-12 09:55:00,20.5
2025-06-12 09:21:00,6.2
2025-06-12 11:31:00,69.6
2025-06-12 17:08:00,54.4
2025-06-12 07:14:00,50.0812925170068
2025-06-12 03:22:00,60.8
2025-06-12 15:29:00,50.0812925170068
2025-06-12 12:52:00,98.4
2025-06-12 15:46:00,70.1
2025-06-12 05:15:00,82.2
2025-06-12 04:44:00,50.0812925170068
2025-06-12 05:24:00,67.1
2025-06-12 04:00:00,86.2
2025-06-12 06:40:00,84.8
2025-06-12 10:43:00,97.1
2025-06-12 14:32:00,50.0812925170068
2025-06-12 04:25:00,88.3
2025-06-12 08:18:00,48.8
2025-06-12 10:00:00,34.1
2025-06-12 11:22:00,75.8
2025-06-12 23:47:00,71.0
2025-06-12 03:34:00,36.9
2025-06-12 03:55:00,37.7
2025-06-12 05:16:00,45.3
2025-06-12 11:26:00,41.4
2025-06-12 15:40:00,36.6
2025-06-12 22:06:00,1.3
2025-06-12 23:27:00,50.0812925170068
2025-06-12 09:47:00,51.1
2025-06-12 22:12:00,94.4
2025-06-12 16:48:00,49.0
2025-06-12 23:01:00,74.8
2025-06-12 23:31:00,50.0812925170068
2025-06-12 00:53:00,75.8
2025-06-12 13:22:00,45.6
2025-06-12 18:39:00,50.0812925170068
2025-06-12 04:44:00,77.2
2025-06-12 11:38:00,82.3
2025-06-12 15:35:00,39.6
2025-06-12 10:03:00,50.0812925170068
2025-06-12 13:47:00,65.8
2025-06-12 13:58:00,46.9
2025-06-12 22:44:00,96.1
2025-06-12 10:13:00,8.3
2025-06-12 22:22:00,84.3
2025-06-12 01:36:00,33.4
2025-06-12 04:06:00,23.9
2025-06-12 10:13:00,27.7
2025-06-12 22:22:00,5.5
2025-06-12 17:59:00,98.7
2025-06-12 00:00:00,80.2
2025-06-12 20:20:00,49.63695830886671
2025-06-12 03:34:00,59.3
2025-06-12 00:42:00,85.0
2025-06-12 23:39:00,66.8
2025-06-12 12:06:00,99.2
2025-06-12 08:38:00,71.8
2025-06-12 03:32:00,71.7
2025-06-12 18:06:00,68.9
2025-06-12 18:19:00,79.7
2025-06-12 02:12:00,49.63695830886671
2025-06-12 08:47:00,58.8
2025-06-12 18:11:00,12.1
2025-06-12 23:32:00,16.6
2025-06-12 16:29:00,57.0
2025-06-12 21:03:00,6.0
2025-06-12 10:28:00,49.63695830886671
2025-06-12 07:00:00,61.4
2025-06-12 19:16:00,38.4
2025-06-12 19:36:00,87.8
2025-06-12 14:37:00,92.1
2025-06-12 11:17:00,28.7
2025-06-12 20:01:00,49.63695830886671
2025-06-12 09:16:00,36.2
2025-06-12 19:54:00,17.0
2025-06-12 11:49:00,18.3
2025-06-12 12:52:00,1.5
2025-06-12 10:39:00,49.63695830886671
2025-06-12 05:59:00,40.3
2025-06-12 22:59:00,75.3
2025-06-12 09:17:00,75.7
2025-06-12 01:51:00,20.8
2025-06-12 19:38:00,94.2
2025-06-12 11:33:00,26.7
2025-06-12 23:55:00,30.8
2025-06-12 15:52:00,48.9
2025-06-12 05:56:00,23.0
2025-06-12 16:22:00,13.3
2025-06-12 01:47:00,58.6
2025-06-12 12:54:00,32.4
2025-06-12 14:12:00,55.5
2025-06-12 06:31:00,38.8
2025-06-12 13:32:00,69.6
2025-06-12 16:21:00,68.3
2025-06-12 08:10:00,83.2
2025-06-12 21:05:00,82.2
2025-06-12 11:36:00,39.5
2025-06-12 10:04:00,60.1
2025-06-12 01:26:00,32.7
2025-06-12 22:49:00,57.3
2025-06-12 14:40:00,86.2
2025-06-12 05:32:00,37.4
2025-06-12 13:49:00,40.2
2025-06-12 16:28:00,39.0
2025-06-12 05:37:00,46.1
2025-06-12 03:14:00,76.4
2025-06-12 13:22:00,44.9
2025-06-12 03:35:00,30.6
2025-06-12 01:19:00,30.5
2025-06-12 22:35:00,38.8
2025-06-12 12:54:00,32.8
2025-06-12 23:29:00,57.6
2025-06-12 13:50:00,18.6
2025-06-12 08:42:00,82.5
2025-06-12 07:50:00,72.7
2025-06-12 09:51:00,32.6
2025-06-12 02:05:00,84.4
2025-06-12 18:38:00,30.4
2025-06-12 00:11:00,72.1
2025-06-12 22:09:00,81.4
2025-06-12 11:46:00,68.5
2025-06-12 07:29:00,72.0
2025-06-12 05:38:00,19.7
2025-06-12 10:23:00,35.9
2025-06-12 11:20:00,36.1
2025-06-12 17:46:00,73.8
2025-06-12 17:38:00,50.3
2025-06-12 06:34:00,69.7
2025-06-12 08:22:00,86.0
2025-06-12 12:24:00,55.2
2025-06-12 07:39:00,0.9
2025-06-12 01:52:00,57.0
2025-06-12 00:14:00,1.5
2025-06-12 04:46:00,49.63695830886671
2025-06-12 22:11:00,49.63695830886671
2025-06-12 04:45:00,83.6
2025-06-12 19:46:00,49.63695830886671
2025-06-12 21:32:00,15.6
2025-06-12 05:24:00,47.4
2025-06-12 02:25:00,25.9
2025-06-12 10:14:00,33.7
2025-06-12 21:35:00,13.7
2025-06-12 07:43:00,67.5
2025-06-12 17:06:00,68.0
2025-06-12 10:07:00,80.2
2025-06-12 03:28:00,49.63695830886671
2025-06-12 08:49:00,21.3
2025-06-12 16:29:00,72.2
2025-06-12 08:02:00,54.2
2025-06-12 07:42:00,15.5
2025-06-12 20:53:00,48.1
2025-06-12 13:17:00,13.4
2025-06-12 08:38:00,34.6
2025-06-12 23:54:00,94.2
2025-06-12 03:49:00,66.8
2025-06-12 19:34:00,33.8
2025-06-12 01:40:00,8.0
2025-06-12 07:36:00,98.6
2025-06-12 23:14:00,49.63695830886671
2025-06-12 13:18:00,62.2
2025-06-12 20:33:00,85.0
2025-06-12 10:59:00,49.63695830886671
2025-06-12 06:06:00,89.3
2025-06-12 06:47:00,12.6
2025-06-12 05:44:00,36.2
2025-06-12 10:23:00,29.4
2025-06-12 03:44:00,49.2
2025-06-12 07:09:00,59.6
2025-06-12 06:01:00,1.4
2025-06-12 13:27:00,22.6
2025-06-12 20:28:00,50.7
2025-06-12 13:49:00,84.1
2025-06-12 01:17:00,67.7
2025-06-12 18:51:00,91.2
2025-06-12 13:47:00,49.63695830886671
2025-06-12 16:14:00,94.6
2025-06-12 17:53:00,50.1
2025-06-12 17:07:00,5.9
2025-06-12 09:14:00,28.1
2025-06-12 10:24:00,29.9
2025-06-12 08:46:00,72.3
2025-06-12 09:06:00,20.2
2025-06-12 22:12:00,82.4
2025-06-12 23:43:00,24.1
2025-06-12 09:41:00,34.0
2025-06-12 10:52:00,23.7
2025-06-12 00:05:00,10.7
2025-06-12 04:24:00,49.63695830886671
2025-06-12 00:27:00,88.5
2025-06-12 00:21:00,98.1
2025-06-12 10:45:00,2.2
2025-06-12 20:53:00,3.3
2025-06-12 02:27:00,49.63695830886671
2025-06-12 17:56:00,78.2
2025-06-12 13:48:00,86.0
2025-06-12 00:47:00,45.2
2025-06-12 06:54:00,59.7
2025-06-12 11:08:00,83.0
2025-06-12 06:35:00,73.9
2025-06-12 17:38:00,50.7
2025-06-12 20:24:00,3.6
2025-06-12 03:56:00,25.9
2025-06-12 02:00:00,86.6
2025-06-12 12:37:00,49.63695830886671
2025-06-12 08:32:00,27.9
2025-06-12 08:15:00,49.63695830886671
2025-06-12 18:50:00,7.1
2025-06-12 18:12:00,87.0
2025-06-12 08:41:00,38.1
2025-06-12 08:55:00,12.7
2025-06-12 07:52:00,1.9
2025-06-12 21:03:00,26.0
2025-06-12 05:04:00,5.5
2025-06-12 09:39:00,61.9
2025-06-12 17:09:00,79.6
2025-06-12 16:14:00,37.9
2025-06-12 01:44:00,49.63695830886671
2025-06-12 04:45:00,60.3
2025-06-12 18:12:00,39.1
2025-06-12 16:54:00,96.3
2025-06-12 01:56:00,49.63695830886671
2025-06-12 18:09:00,33.7
2025-06-12 10:19:00,73.8
2025-06-12 00:14:00,67.4
2025-06-12 05:07:00,64.8
2025-06-12 23:32:00,90.5
2025-06-12 15:55:00,56.1
2025-06-12 13:19:00,4.4
2025-06-12 07:44:00,84.0
2025-06-12 18:55:00,26.0
2025-06-12 11:49:00,85.8
2025-06-12 20:07:00,21.8
2025-06-12 02:26:00,49.63695830886671
2025-06-12 16:34:00,75.7
2025-06-12 11:00:00,91.7
2025-06-12 00:49:00,49.63695830886671
2025-06-12 18:15:00,49.63695830886671
2025-06-12 19:05:00,87.6
2025-06-12 10:26:00,49.63695830886671
2025-06-12 11:37:00,7.2
2025-06-12 19:54:00,49.63695830886671
2025-06-12 01:34:00,99.1
2025-06-12 06:18:00,92.7
2025-06-12 12:15:00,8.0
2025-06-12 05:51:00,52.4
2025-06-12 09:17:00,93.7
2025-06-12 05:47:00,21.3
2025-06-12 05:24:00,51.4
2025-06-12 06:32:00,26.3
2025-06-12 12:31:00,88.4
2025-06-12 10:07:00,45.9
2025-06-12 07:29:00,50.0
2025-06-12 11:05:00,56.6
2025-06-12 23:41:00,88.6
2025-06-12 05:04:00,51.3
2025-06-12 16:15:00,49.63695830886671
2025-06-12 08:23:00,13.4
2025-06-12 05:33:00,37.4
2025-06-12 18:13:00,93.2
2025-06-12 08:44:00,65.1
2025-06-12 07:51:00,97.9
2025-06-12 00:58:00,6.8
2025-06-12 07:16:00,28.4
2025-06-12 04:43:00,49.63695830886671
2025-06-12 20:23:00,16.4
2025-06-12 12:23:00,55.8
2025-06-12 09:00:00,48.1
2025-06-12 21:46:00,91.9
2025-06-12 11:48:00,92.6
2025-06-12 18:21:00,28.9
2025-06-12 14:36:00,96.0
2025-06-12 14:22:00,68.9
2025-06-12 13:29:00,12.5
2025-06-12 17:11:00,49.63695830886671
2025-06-12 18:30:00,4.7
2025-06-12 01:27:00,81.7
2025-06-12 17:51:00,46.1
2025-06-12 21:30:00,60.1
2025-06-12 16:19:00,44.7
2025-06-12 02:07:00,43.6
2025-06-12 23:47:00,78.5
2025-06-12 10:13:00,38.0
2025-06-12 02:47:00,80.6
2025-06-12 19:19:00,35.2
2025-06-12 21:04:00,0.2
2025-06-12 03:13:00,41.4
2025-06-12 15:14:00,53.6
2025-06-12 20:07:00,65.1
2025-06-12 11:42:00,78.7
2025-06-12 02:06:00,22.9
2025-06-12 18:51:00,97.8
2025-06-12 12:04:00,60.6
2025-06-12 08:13:00,49.1
2025-06-12 02:37:00,44.7
2025-06-12 16:24:00,39.5
2025-06-12 07:36:00,67.3
2025-06-12 21:23:00,95.3
2025-06-12 00:15:00,58.2
2025-06-12 17:57:00,33.5
2025-06-12 16:31:00,10.5
2025-06-12 06:10:00,94.9
2025-06-12 10:06:00,49.63695830886671
2025-06-12 16:27:00,43.5
2025-06-12 06:47:00,49.63695830886671
2025-06-12 15:38:00,47.3
2025-06-12 23:30:00,4.7
2025-06-12 11:39:00,49.63695830886671
2025-06-12 15:52:00,74.9
2025-06-12 04:54:00,31.0
2025-06-12 00:59:00,54.1
2025-06-12 23:15:00,65.2
2025-06-12 10:57:00,88.0
2025-06-12 23:57:00,49.63695830886671
2025-06-12 14:13:00,49.63695830886671
2025-06-12 12:56:00,60.5
2025-06-12 02:41:00,49.63695830886671
2025-06-12 05:28:00,49.63695830886671
2025-06-12 13:05:00,17.6
2025-06-12 23:07:00,58.0
2025-06-12 12:51:00,47.5
2025-06-12 21:58:00,80.1
2025-06-12 01:58:00,32.4
2025-06-12 14:13:00,62.8
2025-06-12 22:21:00,45.1
2025-06-12 02:20:00,69.2
2025-06-12 02:19:00,21.3
2025-06-12 17:56:00,30.9
2025-06-12 23:55:00,59.6
2025-06-12 07:49:00,91.4
2025-06-12 00:18:00,68.1
2025-06-12 14:07:00,72.7
2025-06-12 16:21:00,49.63695830886671
2025-06-12 20:46:00,10.9
2025-06-12 07:46:00,27.2
2025-06-12 10:33:00,49.63695830886671
2025-06-12 22:08:00,4.1
2025-06-12 18:53:00,86.1
2025-06-12 07:17:00,20.7
2025-06-12 19:28:00,10.5
2025-06-12 19:21:00,68.8
2025-06-12 19:45:00,80.9
2025-06-12 16:51:00,70.0
2025-06-12 10:44:00,49.63695830886671
2025-06-12 08:43:00,52.5
2025-06-12 23:40:00,20.4
2025-06-12 01:25:00,87.4
2025-06-12 19:08:00,49.63695830886671
2025-06-12 12:12:00,19.1
2025-06-12 17:54:00,14.5
2025-06-12 11:59:00,90.3
2025-06-12 12:53:00,49.63695830886671
2025-06-12 20:28:00,5.5
2025-06-12 13:02:00,6.4
2025-06-12 00:10:00,49.63695830886671
2025-06-12 03:26:00,23.7
2025-06-12 07:25:00,49.63695830886671
2025-06-12 10:36:00,66.0
2025-06-12 10:20:00,41.6
2025-06-12 10:20:00,51.6
2025-06-12 07:23:00,12.2
2025-06-12 18:35:00,63.5
2025-06-12 22:01:00,75.3
2025-06-12 10:09:00,9.5
2025-06-12 15:41:00,87.9
2025-06-12 09:23:00,94.4
2025-06-12 17:02:00,79.7
2025-06-12 10:01:00,49.63695830886671
2025-06-12 12:40:00,80.2
2025-06-12 11:03:00,80.6
2025-06-12 00:21:00,49.63695830886671
2025-06-12 19:20:00,75.6
2025-06-12 04:55:00,75.2
2025-06-12 02:35:00,29.6
2025-06-12 16:39:00,88.1
2025-06-12 06:10:00,75.1
2025-06-12 09:02:00,40.5
2025-06-12 18:53:00,41.2
2025-06-12 14:42:00,47.3
2025-06-12 22:24:00,81.7
2025-06-12 21:42:00,49.63695830886671
2025-06-12 03:32:00,9.6
2025-06-12 11:39:00,83.7
2025-06-12 08:00:00,56.7
2025-06-12 13:54:00,61.9
2025-06-12 07:27:00,94.4
2025-06-12 08:39:00,47.7
2025-06-12 18:42:00,99.0
2025-06-12 04:58:00,49.63695830886671
2025-06-12 11:18:00,4.9
2025-06-12 10:32:00,22.2
2025-06-12 10:18:00,83.8
2025-06-12 09:39:00,56.9
2025-06-12 18:45:00,84.2
2025-06-12 22:05:00,16.8
2025-06-12 14:13:00,83.2
2025-06-12 06:58:00,49.63695830886671
2025-06-12 11:16:00,60.1
2025-06-12 02:25:00,11.7
2025-06-12 07:48:00,61.9
2025-06-12 13:46:00,30.6
2025-06-12 09:02:00,2.5
2025-06-12 09:58:00,1.1
2025-06-12 17:34:00,38.9
2025-06-12 20:31:00,49.63695830886671
2025-06-12 09:22:00,89.7
2025-06-12 05:52:00,96.4
2025-06-12 18:29:00,47.4
2025-06-12 05:38:00,50.5
2025-06-12 23:34:00,78.6
2025-06-12 13:37:00,30.9
2025-06-12 01:40:00,45.2
2025-06-12 18:50:00,96.0
2025-06-12 15:59:00,67.0
2025-06-12 04:05:00,96.9
2025-06-12 21:51:00,58.2
2025-06-12 20:03:00,72.9
2025-06-12 01:23:00,58.2
2025-06-12 12:48:00,50.41405513666353
2025-06-12 17:38:00,12.5
2025-06-12 19:45:00,53.5
2025-06-12 10:55:00,38.2
2025-06-12 17:52:00,1.5
2025-06-12 06:29:00,47.1
2025-06-12 02:06:00,16.1
2025-06-12 21:26:00,15.4
2025-06-12 00:50:00,88.4
2025-06-12 08:39:00,95.1
2025-06-12 06:22:00,99.4
2025-06-12 06:05:00,50.41405513666353
2025-06-12 01:37:00,40.5
2025-06-12 03:30:00,76.5
2025-06-12 20:29:00,4.6
2025-06-12 01:34:00,15.7
2025-06-12 19:24:00,92.7
2025-06-12 08:12:00,97.5
2025-06-12 01:16:00,99.5
2025-06-12 09:50:00,11.5
2025-06-12 06:23:00,89.4
2025-06-12 13:16:00,47.4
2025-06-12 04:07:00,58.2
2025-06-12 20:29:00,50.41405513666353
2025-06-12 05:41:00,56.5
2025-06-12 21:54:00,42.8
2025-06-12 08:47:00,94.6
2025-06-12 21:47:00,95.6
2025-06-12 03:05:00,28.7
2025-06-12 21:27:00,39.6
2025-06-12 20:30:00,51.1
2025-06-12 10:06:00,9.4
2025-06-12 11:25:00,50.41405513666353
2025-06-12 16:26:00,93.5
2025-06-12 13:24:00,60.6
2025-06-12 20:42:00,51.7
2025-06-12 04:10:00,71.7
2025-06-12 16:16:00,81.0
2025-06-12 14:49:00,19.7
2025-06-12 21:39:00,84.2
2025-06-12 13:32:00,64.6
2025-06-12 15:55:00,66.9
2025-06-12 22:45:00,50.41405513666353
2025-06-12 17:07:00,50.41405513666353
2025-06-12 21:18:00,83.9
2025-06-12 13:01:00,44.3
2025-06-12 09:02:00,33.7
2025-06-12 08:50:00,50.41405513666353
2025-06-12 01:40:00,43.1
2025-06-12 17:15:00,63.7
2025-06-12 19:26:00,50.41405513666353
2025-06-12 11:19:00,85.7
2025-06-12 07:20:00,33.1
2025-06-12 11:51:00,50.41405513666353
2025-06-12 10:49:00,98.3
2025-06-12 23:09:00,8.0
2025-06-12 06:05:00,94.2
2025-06-12 05:45:00,50.41405513666353
2025-06-12 08:31:00,100.0
2025-06-12 20:41:00,51.2
2025-06-12 00:07:00,0.7
2025-06-12 15:13:00,99.2
2025-06-12 19:22:00,97.8
2025-06-12 18:24:00,27.6
2025-06-12 21:07:00,40.6
2025-06-12 08:04:00,16.1
2025-06-12 01:30:00,15.9
2025-06-12 22:59:00,44.0
2025-06-12 21:15:00,64.9
2025-06-12 04:05:00,58.4
2025-06-12 14:39:00,12.9
2025-06-12 19:47:00,51.4
2025-06-12 12:00:00,18.5
2025-06-12 02:49:00,27.7
2025-06-12 23:12:00,94.2
2025-06-12 14:47:00,83.1
2025-06-12 20:51:00,75.4
2025-06-12 01:56:00,13.9
2025-06-12 09:45:00,81.7
2025-06-12 01:40:00,53.5
2025-06-12 13:10:00,50.41405513666353
2025-06-12 13:17:00,45.7
2025-06-12 16:44:00,68.9
2025-06-12 17:58:00,31.7
2025-06-12 06:43:00,92.9
2025-06-12 07:39:00,60.3
2025-06-12 10:59:00,79.4
2025-06-12 08:11:00,30.1
2025-06-12 17:09:00,79.7
2025-06-12 22:29:00,62.9
2025-06-12 12:45:00,32.8
2025-06-12 15:46:00,50.41405513666353
2025-06-12 05:33:00,89.8
2025-06-12 15:17:00,71.9
2025-06-12 01:15:00,99.8
2025-06-12 06:49:00,4.8
2025-06-12 07:46:00,93.3
2025-06-12 18:10:00,88.6
2025-06-12 23:19:00,13.3
2025-06-12 17:01:00,23.8
2025-06-12 03:06:00,47.1
2025-06-12 06:42:00,48.9
2025-06-12 16:04:00,57.8
2025-06-12 17:56:00,4.2
2025-06-12 22:31:00,32.8
2025-06-12 17:34:00,84.0
2025-06-12 17:28:00,50.41405513666353
2025-06-12 05:00:00,49.5
2025-06-12 18:09:00,21.0
2025-06-12 09:00:00,80.3
2025-06-12 01:16:00,79.6
2025-06-12 08:15:00,15.8
2025-06-12 16:28:00,63.6
2025-06-12 03:59:00,50.41405513666353
2025-06-12 20:07:00,32.3
2025-06-12 04:46:00,7.9
2025-06-12 12:38:00,30.1
2025-06-12 20:12:00,70.6
2025-06-12 10:45:00,27.5
2025-06-12 08:47:00,90.9
2025-06-12 19:53:00,56.6
2025-06-12 12:21:00,70.9
2025-06-12 14:13:00,50.41405513666353
2025-06-12 07:57:00,5.6
2025-06-12 22:52:00,82.6
2025-06-12 14:08:00,56.0
2025-06-12 05:02:00,39.2
2025-06-12 13:02:00,7.3
2025-06-12 04:59:00,94.7
2025-06-12 18:48:00,1.6
2025-06-12 08:07:00,50.41405513666353
2025-06-12 09:20:00,68.0
2025-06-12 01:54:00,16.4
2025-06-12 10:39:00,6.8
2025-06-12 06:53:00,2.3
2025-06-12 11:59:00,52.0
2025-06-12 00:34:00,45.6
2025-06-12 00:20:00,22.1
2025-06-12 21:19:00,98.7
2025-06-12 16:15:00,96.7
2025-06-12 01:27:00,50.41405513666353
2025-06-12 17:26:00,12.1
2025-06-12 14:58:00,22.2
2025-06-12 08:57:00,83.7
2025-06-12 08:52:00,67.8
2025-06-12 01:02:00,68.0
2025-06-12 18:13:00,41.3
2025-06-12 08:47:00,29.0
2025-06-12 14:11:00,39.8
2025-06-12 00:19:00,44.8
2025-06-12 20:18:00,91.1
2025-06-12 08:34:00,40.4
2025-06-12 04:43:00,50.41405513666353
2025-06-12 04:40:00,5.2
2025-06-12 04:26:00,32.3
2025-06-12 22:48:00,50.41405513666353
2025-06-12 21:11:00,57.1
2025-06-12 12:17:00,42.8
2025-06-12 22:20:00,19.1
2025-06-12 22:23:00,30.2
2025-06-12 06:40:00,33.4
2025-06-12 12:57:00,39.6
2025-06-12 11:06:00,78.9
2025-06-12 01:49:00,20.1
2025-06-12 05:34:00,81.1
2025-06-12 17:01:00,64.4
2025-06-12 15:13:00,83.1
2025-06-12 16:22:00,34.4
2025-06-12 04:56:00,18.9
2025-06-12 23:20:00,34.5
2025-06-12 19:22:00,50.41405513666353
2025-06-12 23:16:00,58.0
2025-06-12 06:51:00,3.2
2025-06-12 08:57:00,65.2
2025-06-12 16:00:00,20.9
2025-06-12 10:23:00,3.2
2025-06-12 17:00:00,86.5
2025-06-12 20:11:00,90.5
2025-06-12 23:48:00,2.4
2025-06-12 01:51:00,17.6
2025-06-12 11:55:00,14.7
2025-06-12 23:39:00,3.2
2025-06-12 21:03:00,41.5
2025-06-12 18:47:00,12.8
2025-06-12 11:07:00,51.2
2025-06-12 21:10:00,2.0
2025-06-12 03:46:00,23.2
2025-06-12 11:32:00,68.2
2025-06-12 02:34:00,35.8
2025-06-12 07:49:00,47.9
2025-06-12 13:19:00,64.2
2025-06-12 11:07:00,44.8
2025-06-12 01:03:00,49.4
2025-06-12 13:54:00,94.9
2025-06-12 06:54:00,61.1
2025-06-12 17:03:00,81.7
2025-06-12 12:58:00,4.2
2025-06-12 20:17:00,62.8
2025-06-12 07:38:00,31.6
2025-06-12 06:44:00,24.8
2025-06-12 09:54:00,81.2
2025-06-12 11:24:00,14.9
2025-06-12 10:43:00,25.5
2025-06-12 10:39:00,58.5
2025-06-12 17:35:00,50.41405513666353
2025-06-12 07:11:00,50.41405513666353
2025-06-12 17:21:00,27.4
2025-06-12 01:44:00,47.8
2025-06-12 09:39:00,63.2
2025-06-12 20:08:00,14.9
2025-06-12 16:38:00,13.3
2025-06-12 08:54:00,88.6
2025-06-12 21:19:00,11.5
2025-06-12 15:35:00,47.7
2025-06-12 16:25:00,8.6
2025-06-12 02:05:00,74.9
2025-06-12 05:42:00,35.2
2025-06-12 22:45:00,51.1
2025-06-12 06:54:00,50.41405513666353
2025-06-12 06:59:00,50.41405513666353
2025-06-12 13:08:00,46.2
2025-06-12 23:14:00,43.7
2025-06-12 01:53:00,24.6
2025-06-12 22:09:00,64.0
2025-06-12 06:57:00,86.5
2025-06-12 04:53:00,50.41405513666353
2025-06-12 07:16:00,70.8
2025-06-12 21:56:00,69.7
2025-06-12 06:58:00,27.1
2025-06-12 20:33:00,61.5
2025-06-12 18:54:00,77.5
2025-06-12 13:20:00,23.5
2025-06-12 20:23:00,44.5
2025-06-12 03:44:00,50.41405513666353
2025-06-12 04:22:00,76.8
2025-06-12 23:12:00,6.7
2025-06-12 23:43:00,5.6
2025-06-12 19:34:00,85.3
2025-06-12 18:38:00,46.4
2025-06-12 12:00:00,90.0
2025-06-12 12:50:00,66.7
2025-06-12 02:51:00,66.2
2025-06-12 05:48:00,7.6
2025-06-12 20:29:00,99.4
2025-06-12 20:46:00,20.1
2025-06-12 22:06:00,17.7
2025-06-12 03:36:00,84.0
2025-06-12 14:31:00,86.5
2025-06-12 02:21:00,50.41405513666353
2025-06-12 22:29:00,90.8
2025-06-12 15:08:00,70.5
2025-06-12 05:26:00,74.1
2025-06-12 15:27:00,90.6
2025-06-12 23:09:00,97.0
2025-06-12 00:25:00,0.4
2025-06-12 11:25:00,68.4
2025-06-12 00:05:00,33.5
2025-06-12 07:13:00,37.8
2025-06-12 22:21:00,84.3
2025-06-12 00:38:00,17.6
2025-06-12 02:43:00,29.8
2025-06-12 20:26:00,50.41405513666353
2025-06-12 04:05:00,50.41405513666353
2025-06-12 17:45:00,31.5
2025-06-12 21:05:00,67.5
2025-06-12 00:15:00,92.2
2025-06-12 12:58:00,59.2
2025-06-12 15:22:00,88.5
2025-06-12 06:16:00,49.2
2025-06-12 15:47:00,15.1
2025-06-12 11:25:00,22.5
2025-06-12 04:57:00,48.8
2025-06-12 13:46:00,53.9
2025-06-12 05:44:00,50.41405513666353
2025-06-12 07:18:00,50.41405513666353
2025-06-12 02:56:00,50.41405513666353
2025-06-12 14:47:00,56.2
2025-06-12 14:22:00,68.5
2025-06-12 04:01:00,50.41405513666353
2025-06-12 22:37:00,26.7
2025-06-12 15:09:00,38.7
2025-06-12 20:37:00,59.4
2025-06-12 11:42:00,87.1
2025-06-12 14:51:00,50.41405513666353
2025-06-12 23:35:00,25.5
2025-06-12 12:10:00,41.5
2025-06-12 07:02:00,12.6
2025-06-12 02:59:00,59.2
2025-06-12 15:02:00,72.5
2025-06-12 00:21:00,0.0
2025-06-12 13:06:00,77.1
2025-06-12 23:06:00,45.4
2025-06-12 07:13:00,70.3
2025-06-12 15:18:00,27.5
2025-06-12 00:33:00,30.5
2025-06-12 19:09:00,89.7
2025-06-12 13:37:00,54.0
2025-06-12 06:01:00,73.5
2025-06-12 01:40:00,88.0
2025-06-12 07:37:00,12.1
2025-06-12 01:23:00,77.9
2025-06-12 20:30:00,53.5
2025-06-12 22:50:00,3.3
2025-06-12 13:09:00,19.6
2025-06-12 02:17:00,94.8
2025-06-12 23:57:00,34.3
2025-06-12 06:40:00,35.0
2025-06-12 06:37:00,48.3
2025-06-12 22:42:00,74.7
2025-06-12 00:07:00,9.4
2025-06-12 17:37:00,79.8
2025-06-12 09:59:00,11.9
2025-06-12 12:23:00,96.2
2025-06-12 02:09:00,49.776157380139004
2025-06-12 00:24:00,8.4
2025-06-12 15:24:00,42.3
2025-06-12 01:11:00,6.2
2025-06-12 08:46:00,71.6
2025-06-12 07:13:00,43.7
2025-06-12 18:24:00,81.0
2025-06-12 14:10:00,47.0
2025-06-12 21:08:00,39.9
2025-06-12 07:03:00,14.3
2025-06-12 09:53:00,7.7
2025-06-12 21:58:00,67.5
2025-06-12 10:08:00,18.4
2025-06-12 09:01:00,46.7
2025-06-12 16:26:00,57.2
2025-06-12 09:31:00,27.5
2025-06-12 23:42:00,69.0
2025-06-12 03:30:00,43.6
2025-06-12 23:59:00,30.3
2025-06-12 13:16:00,25.4
2025-06-12 07:29:00,68.3
2025-06-12 22:14:00,49.776157380139004
2025-06-12 14:03:00,20.5
2025-06-12 02:01:00,56.2
2025-06-12 15:58:00,49.776157380139004
2025-06-12 13:21:00,26.8
2025-06-12 02:27:00,12.2
2025-06-12 19:32:00,13.6
2025-06-12 08:57:00,49.776157380139004
2025-06-12 02:27:00,34.9
2025-06-12 06:55:00,91.5
2025-06-12 03:04:00,2.0
2025-06-12 05:27:00,53.6
2025-06-12 14:15:00,49.776157380139004
2025-06-12 10:14:00,24.5
2025-06-12 14:01:00,89.8
2025-06-12 17:23:00,49.776157380139004
2025-06-12 09:31:00,93.4
2025-06-12 04:49:00,23.1
2025-06-12 21:09:00,70.8
2025-06-12 21:05:00,62.0
2025-06-12 14:34:00,44.4
2025-06-12 15:41:00,16.3
2025-06-12 13:52:00,78.6
2025-06-12 19:04:00,32.8
2025-06-12 15:01:00,41.9
2025-06-12 07:05:00,28.5
2025-06-12 00:46:00,49.776157380139004
2025-06-12 04:56:00,49.0
2025-06-12 12:16:00,45.0
2025-06-12 12:37:00,49.776157380139004
2025-06-12 13:28:00,44.2
2025-06-12 14:28:00,90.1
2025-06-12 04:37:00,66.8
2025-06-12 23:26:00,40.1
2025-06-12 10:03:00,49.776157380139004
2025-06-12 09:56:00,92.9
2025-06-12 13:31:00,9.0
2025-06-12 04:32:00,70.1
2025-06-12 23:18:00,43.2
2025-06-12 05:18:00,71.4
2025-06-12 07:50:00,95.4
2025-06-12 07:54:00,74.3
2025-06-12 00:17:00,28.7
2025-06-12 01:51:00,65.8
2025-06-12 17:55:00,56.7
2025-06-12 13:42:00,7.2
2025-06-12 13:04:00,59.7
2025-06-12 04:22:00,57.1
2025-06-12 07:50:00,22.7
2025-06-12 23:26:00,64.1
2025-06-12 12:18:00,45.2
2025-06-12 16:19:00,44.8
2025-06-12 18:37:00,29.5
2025-06-12 14:54:00,35.1
2025-06-12 20:31:00,87.7
2025-06-12 22:40:00,51.3
2025-06-12 10:43:00,99.5
2025-06-12 14:17:00,2.5
2025-06-12 12:33:00,90.9
2025-06-12 07:38:00,64.8
2025-06-12 23:43:00,25.6
2025-06-12 13:49:00,60.9
2025-06-12 15:35:00,49.776157380139004
2025-06-12 06:08:00,81.9
2025-06-12 01:35:00,49.776157380139004
2025-06-12 01:14:00,17.8
2025-06-12 08:45:00,47.4
2025-06-12 21:48:00,57.2
2025-06-12 07:28:00,88.3
2025-06-12 09:32:00,49.776157380139004
2025-06-12 18:30:00,49.776157380139004
2025-06-12 19:46:00,83.5
2025-06-12 21:35:00,34.0
2025-06-12 02:48:00,45.5
2025-06-12 09:27:00,34.9
2025-06-12 18:54:00,65.4
2025-06-12 08:00:00,70.3
2025-06-12 18:36:00,43.9
2025-06-12 20:23:00,19.8
2025-06-12 05:46:00,58.8
2025-06-12 04:41:00,34.3
2025-06-12 01:49:00,49.776157380139004
2025-06-12 23:18:00,74.1
2025-06-12 02:07:00,23.1
2025-06-12 03:48:00,97.5
2025-06-12 23:26:00,20.9
2025-06-12 11:21:00,22.0
2025-06-12 07:18:00,49.776157380139004
2025-06-12 12:28:00,62.7
2025-06-12 03:10:00,2.9
2025-06-12 23:19:00,72.6
2025-06-12 12:28:00,94.7
2025-06-12 18:04:00,63.0
2025-06-12 22:30:00,39.9
2025-06-12 09:53:00,63.8
2025-06-12 09:29:00,6.7
2025-06-12 06:15:00,0.5
2025-06-12 15:02:00,53.6
2025-06-12 03:20:00,79.8
2025-06-12 04:45:00,77.9
2025-06-12 17:31:00,50.8
2025-06-12 18:31:00,90.4
2025-06-12 17:50:00,16.9
2025-06-12 03:17:00,44.7
2025-06-12 12:13:00,54.7
2025-06-12 19:16:00,95.5
2025-06-12 11:35:00,38.1
2025-06-12 22:40:00,60.1
2025-06-12 00:03:00,26.4
2025-06-12 06:35:00,87.0
2025-06-12 00:04:00,89.7
2025-06-12 17:05:00,32.9
2025-06-12 02:31:00,49.776157380139004
2025-06-12 01:17:00,21.2
2025-06-12 16:24:00,11.9
2025-06-12 18:54:00,70.2
2025-06-12 21:48:00,51.7
2025-06-12 04:19:00,16.4
2025-06-12 08:40:00,50.2
2025-06-12 13:08:00,70.6
2025-06-12 04:45:00,22.5
2025-06-12 01:33:00,40.5
2025-06-12 18:03:00,96.1
2025-06-12 21:21:00,14.0
2025-06-12 15:45:00,66.7
2025-06-12 17:04:00,59.7
2025-06-12 16:39:00,44.5
2025-06-12 07:39:00,49.776157380139004
2025-06-12 04:30:00,85.1
2025-06-12 04:52:00,48.8
2025-06-12 07:38:00,11.3
2025-06-12 21:18:00,29.3
2025-06-12 09:49:00,11.5
2025-06-12 07:03:00,23.8
2025-06-12 17:46:00,58.0
2025-06-12 08:31:00,91.2
2025-06-12 13:19:00,91.0
2025-06-12 21:02:00,96.4
2025-06-12 15:28:00,4.4
2025-06-12 20:08:00,61.8
2025-06-12 17:11:00,91.8
2025-06-12 10:53:00,30.5
2025-06-12 15:32:00,49.776157380139004
2025-06-12 23:20:00,24.3
2025-06-12 20:34:00,28.7
2025-06-12 01:45:00,4.1
2025-06-12 13:00:00,49.776157380139004
2025-06-12 22:32:00,15.0
2025-06-12 12:19:00,49.776157380139004
2025-06-12 04:59:00,0.7
2025-06-12 18:19:00,24.0
2025-06-12 05:00:00,28.1
2025-06-12 00:57:00,49.776157380139004
2025-06-12 07:14:00,49.776157380139004
2025-06-12 19:48:00,5.3
2025-06-12 00:25:00,49.776157380139004
2025-06-12 00:28:00,73.1
2025-06-12 16:13:00,49.776157380139004
2025-06-12 20:49:00,15.2
2025-06-12 22:21:00,48.0
2025-06-12 14:36:00,79.4
2025-06-12 14:54:00,37.2
2025-06-12 17:32:00,8.9
2025-06-12 15:50:00,44.1
2025-06-12 11:37:00,52.0
2025-06-12 10:52:00,42.7
2025-06-12 10:19:00,46.3
2025-06-12 00:32:00,57.4
2025-06-12 19:44:00,88.3
2025-06-12 19:12:00,95.1
2025-06-12 01:37:00,71.0
2025-06-12 20:08:00,49.776157380139004
2025-06-12 20:20:00,90.9
2025-06-12 22:41:00,49.776157380139004
2025-06-12 21:54:00,50.0
2025-06-12 09:32:00,100.0
2025-06-12 00:42:00,30.9
2025-06-12 13:00:00,39.1
2025-06-12 23:35:00,49.776157380139004
2025-06-12 19:12:00,7.0
2025-06-12 05:57:00,93.1
2025-06-12 20:24:00,83.6
2025-06-12 02:08:00,40.0
2025-06-12 01:27:00,98.0
2025-06-12 22:22:00,63.2
2025-06-12 19:44:00,49.776157380139004
2025-06-12 22:48:00,49.776157380139004
2025-06-12 13:00:00,49.3
2025-06-12 16:51:00,26.7
2025-06-12 19:04:00,49.776157380139004
2025-06-12 13:17:00,1.1
2025-06-12 02:28:00,96.7
2025-06-12 14:08:00,66.5
2025-06-12 20:34:00,16.8
2025-06-12 12:01:00,35.8
2025-06-12 08:39:00,85.8
2025-06-12 03:32:00,43.9
2025-06-12 00:22:00,64.2
2025-06-12 18:44:00,49.3
2025-06-12 11:10:00,51.8
2025-06-12 12:56:00,96.9
2025-06-12 06:33:00,85.8
2025-06-12 13:07:00,10.6
2025-06-12 11:47:00,90.3
2025-06-12 08:48:00,74.5
2025-06-12 13:58:00,52.7
2025-06-12 22:30:00,21.1
2025-06-12 15:02:00,12.7
2025-06-12 07:54:00,49.776157380139004
2025-06-12 04:07:00,28.2
2025-06-12 06:36:00,98.7
2025-06-12 23:20:00,36.2
2025-06-12 22:41:00,22.5
2025-06-12 18:22:00,85.0
2025-06-12 22:03:00,49.776157380139004
2025-06-12 16:20:00,82.4
2025-06-12 12:08:00,23.7
2025-06-12 01:49:00,83.2
2025-06-12 15:39:00,49.776157380139004
2025-06-12 05:31:00,49.3
2025-06-12 13:40:00,19.7
2025-06-12 22:37:00,95.4
2025-06-12 08:01:00,5.2
2025-06-12 20:00:00,19.9
2025-06-12 20:02:00,63.8
2025-06-12 14:20:00,62.3
2025-06-12 02:09:00,49.776157380139004
2025-06-12 23:14:00,71.3
2025-06-12 04:38:00,43.0
2025-06-12 18:34:00,35.3
2025-06-12 21:51:00,19.5
2025-06-12 18:33:00,25.6
2025-06-12 00:46:00,62.4
2025-06-12 20:16:00,49.776157380139004
2025-06-12 19:53:00,71.5
2025-06-12 10:16:00,36.0
2025-06-12 14:32:00,49.776157380139004
2025-06-12 00:00:00,68.3
2025-06-12 20:09:00,11.4
2025-06-12 17:02:00,85.9
2025-06-12 18:11:00,49.776157380139004
2025-06-12 05:11:00,56.1
2025-06-12 06:58:00,64.7
2025-06-12 21:17:00,67.2
2025-06-12 21:15:00,49.776157380139004
2025-06-12 15:23:00,49.1
2025-06-12 12:34:00,45.6
2025-06-12 04:06:00,66.8
2025-06-12 12:49:00,65.9
2025-06-12 04:54:00,3.3
2025-06-12 22:27:00,26.9
2025-06-12 06:03:00,58.2
2025-06-12 22:37:00,24.8
2025-06-12 13:44:00,4.3
2025-06-12 19:23:00,11.1
2025-06-12 05:44:00,49.776157380139004
2025-06-12 21:56:00,34.9
2025-06-12 14:13:00,49.776157380139004
2025-06-12 10:35:00,3.4
2025-06-12 06:54:00,49.776157380139004
2025-06-12 18:50:00,65.8
2025-06-12 16:56:00,24.3
2025-06-12 04:29:00,77.6
2025-06-12 19:22:00,82.6
2025-06-12 21:13:00,3.9
2025-06-12 06:16:00,59.7
2025-06-12 06:16:00,89.1
2025-06-12 18:38:00,49.776157380139004
2025-06-12 21:13:00,49.776157380139004
2025-06-12 12:09:00,33.4
2025-06-12 13:39:00,72.2
2025-06-12 05:00:00,24.4
2025-06-12 22:58:00,1.3
2025-06-12 19:27:00,8.8
2025-06-12 22:50:00,84.6
2025-06-12 02:24:00,61.3
2025-06-12 14:28:00,56.4
2025-06-12 16:51:00,0.5
2025-06-12 13:11:00,59.5
2025-06-12 01:59:00,60.4
2025-06-12 06:17:00,31.1
2025-06-12 04:54:00,21.1
2025-06-12 00:00:00,88.8
2025-06-12 14:36:00,21.0
2025-06-12 10:36:00,10.0
2025-06-12 03:48:00,59.3
2025-06-12 19:51:00,98.8
2025-06-12 11:27:00,49.776157380139004
2025-06-12 14:04:00,84.5
2025-06-12 12:05:00,49.776157380139004
2025-06-12 14:29:00,62.6
2025-06-12 16:52:00,22.4
2025-06-12 16:06:00,74.1
2025-06-12 21:17:00,90.7
2025-06-12 02:50:00,65.4
2025-06-12 23:09:00,92.5
2025-06-12 12:42:00,33.8
2025-06-12 22:32:00,37.6
2025-06-12 01:29:00,46.9
2025-06-12 18:16:00,95.0
2025-06-12 07:13:00,35.6
2025-06-12 11:14:00,85.0
2025-06-12 15:09:00,49.81767540251498
2025-06-12 21:47:00,32.2
2025-06-12 18:36:00,12.9
2025-06-12 06:57:00,49.81767540251498
2025-06-12 13:26:00,18.0
2025-06-12 09:26:00,26.7
2025-06-12 22:24:00,84.6
2025-06-12 22:11:00,59.4
2025-06-12 23:13:00,35.1
2025-06-12 11:01:00,25.0
2025-06-12 09:32:00,6.9
2025-06-12 06:36:00,49.81767540251498
2025-06-12 23:05:00,71.4
2025-06-12 19:18:00,98.1
2025-06-12 16:37:00,17.1
2025-06-12 05:15:00,66.6
2025-06-12 17:51:00,49.81767540251498
2025-06-12 03:19:00,49.81767540251498
2025-06-12 18:07:00,33.9
2025-06-12 03:58:00,56.9
2025-06-12 16:19:00,49.81767540251498
2025-06-12 04:24:00,74.8
2025-06-12 07:18:00,93.8
2025-06-12 04:13:00,38.3
2025-06-12 07:24:00,72.4
2025-06-12 20:54:00,69.4
2025-06-12 23:57:00,64.6
2025-06-12 22:44:00,83.6
2025-06-12 02:56:00,66.7
2025-06-12 10:59:00,31.8
2025-06-12 04:28:00,71.6
2025-06-12 12:40:00,55.2
2025-06-12 06:40:00,24.5
2025-06-12 23:53:00,29.2
2025-06-12 20:52:00,33.1
2025-06-12 06:37:00,49.81767540251498
2025-06-12 18:34:00,29.3
2025-06-12 01:45:00,40.5
2025-06-12 11:33:00,31.4
2025-06-12 00:31:00,87.1
2025-06-12 06:19:00,41.8
2025-06-12 17:02:00,0.4
2025-06-12 15:09:00,74.5
2025-06-12 05:43:00,0.3
2025-06-12 01:16:00,49.81767540251498
2025-06-12 12:30:00,47.9
2025-06-12 04:01:00,35.4
2025-06-12 23:34:00,11.3
2025-06-12 21:48:00,38.5
2025-06-12 13:37:00,60.0
2025-06-12 07:33:00,50.4
2025-06-12 02:22:00,20.3
2025-06-12 08:38:00,95.0
2025-06-12 02:33:00,49.81767540251498
2025-06-12 14:05:00,27.1
2025-06-12 19:53:00,82.6
2025-06-12 07:51:00,24.2
2025-06-12 19:38:00,48.5
2025-06-12 19:43:00,44.9
2025-06-12 11:57:00,40.0
2025-06-12 03:53:00,74.3
2025-06-12 01:59:00,49.81767540251498
2025-06-12 08:47:00,49.81767540251498
2025-06-12 02:59:00,35.5
2025-06-12 09:59:00,92.4
2025-06-12 10:26:00,15.8
2025-06-12 23:02:00,70.6
2025-06-12 07:35:00,35.9
2025-06-12 11:57:00,49.8
2025-06-12 03:14:00,30.4
2025-06-12 20:04:00,59.2
2025-06-12 08:34:00,69.0
2025-06-12 08:07:00,49.81767540251498
2025-06-12 14:08:00,13.7
2025-06-12 06:38:00,12.3
2025-06-12 07:11:00,88.7
2025-06-12 00:35:00,63.8
2025-06-12 22:07:00,33.9
2025-06-12 12:29:00,72.2
2025-06-12 23:51:00,60.1
2025-06-12 15:00:00,49.81767540251498
2025-06-12 16:03:00,77.7
2025-06-12 16:07:00,30.1
2025-06-12 07:30:00,37.7
2025-06-12 14:03:00,98.8
2025-06-12 21:23:00,49.81767540251498
2025-06-12 16:40:00,97.1
2025-06-12 11:36:00,29.3
2025-06-12 09:20:00,65.9
2025-06-12 19:21:00,99.3
2025-06-12 07:15:00,3.8
2025-06-12 11:43:00,25.0
2025-06-12 23:30:00,66.8
2025-06-12 01:35:00,42.8
2025-06-12 07:45:00,55.2
2025-06-12 01:30:00,68.1
2025-06-12 06:53:00,31.0
2025-06-12 20:45:00,62.4
2025-06-12 01:56:00,69.0
2025-06-12 06:05:00,28.4
2025-06-12 13:48:00,27.4
2025-06-12 07:27:00,48.4
2025-06-12 20:16:00,82.9
2025-06-12 18:19:00,26.8
2025-06-12 10:05:00,43.6
2025-06-12 07:57:00,78.1
2025-06-12 05:59:00,3.8
2025-06-12 23:01:00,90.4
2025-06-12 00:54:00,99.2
2025-06-12 07:11:00,29.1
2025-06-12 17:57:00,60.7
2025-06-12 00:11:00,49.5
2025-06-12 01:20:00,37.0
2025-06-12 00:35:00,65.4
2025-06-12 20:59:00,54.7
2025-06-12 09:09:00,49.81767540251498
2025-06-12 02:10:00,7.9
2025-06-12 05:28:00,81.9
2025-06-12 17:57:00,1.9
2025-06-12 12:22:00,19.2
2025-06-12 22:57:00,67.7
2025-06-12 12:19:00,28.8
2025-06-12 09:59:00,14.8
2025-06-12 16:17:00,23.1
2025-06-12 03:39:00,19.0
2025-06-12 08:29:00,56.6
2025-06-12 19:15:00,94.9
2025-06-12 13:16:00,83.0
2025-06-12 20:53:00,96.6
2025-06-12 14:09:00,80.5
2025-06-12 16:34:00,49.81767540251498
2025-06-12 12:45:00,88.0
2025-06-12 04:25:00,39.7
2025-06-12 09:19:00,32.5
2025-06-12 14:29:00,52.8
2025-06-12 05:19:00,8.5
2025-06-12 16:14:00,52.2
2025-06-12 01:28:00,40.7
2025-06-12 08:57:00,84.7
2025-06-12 07:45:00,90.6
2025-06-12 08:25:00,39.8
2025-06-12 21:32:00,39.3
2025-06-12 10:03:00,7.9
2025-06-12 07:47:00,5.4
2025-06-12 17:44:00,95.8
2025-06-12 17:51:00,33.9
2025-06-12 18:02:00,49.81767540251498
2025-06-12 14:28:00,69.3
2025-06-12 17:23:00,49.81767540251498
2025-06-12 07:52:00,32.4
2025-06-12 11:00:00,72.1
2025-06-12 23:21:00,52.7
2025-06-12 02:59:00,49.81767540251498
2025-06-12 04:35:00,46.2
2025-06-12 17:19:00,79.4
2025-06-12 07:55:00,49.81767540251498
2025-06-12 02:36:00,49.81767540251498
2025-06-12 04:11:00,12.9
2025-06-12 01:11:00,83.6
2025-06-12 00:07:00,51.8
2025-06-12 08:33:00,49.81767540251498
2025-06-12 16:11:00,1.5
2025-06-12 01:26:00,40.2
2025-06-12 21:20:00,45.6
2025-06-12 13:54:00,14.0
2025-06-12 11:39:00,69.6
2025-06-12 16:20:00,49.81767540251498
2025-06-12 14:58:00,82.4
2025-06-12 10:15:00,67.1
2025-06-12 05:59:00,18.5
2025-06-12 13:41:00,81.0
2025-06-12 01:15:00,49.81767540251498
2025-06-12 11:40:00,92.1
2025-06-12 09:03:00,88.1
2025-06-12 03:09:00,18.5
2025-06-12 03:15:00,20.1
2025-06-12 12:26:00,29.5
2025-06-12 04:52:00,49.81767540251498
2025-06-12 19:32:00,61.0
2025-06-12 19:02:00,54.3
2025-06-12 09:29:00,72.6
2025-06-12 02:43:00,72.5
2025-06-12 00:19:00,84.5
2025-06-12 20:57:00,50.7
2025-06-12 00:10:00,25.9
2025-06-12 20:15:00,90.8
2025-06-12 13:34:00,13.7
2025-06-12 04:34:00,7.4
2025-06-12 18:36:00,72.9
2025-06-12 20:11:00,49.81767540251498
2025-06-12 13:21:00,49.81767540251498
2025-06-12 23:00:00,47.1
2025-06-12 05:12:00,82.0
2025-06-12 12:49:00,26.1
2025-06-12 11:40:00,2.5
2025-06-12 16:38:00,49.81767540251498
2025-06-12 16:27:00,49.81767540251498
2025-06-12 21:40:00,26.9
2025-06-12 05:25:00,53.2
2025-06-12 01:44:00,95.3
2025-06-12 15:09:00,7.3
2025-06-12 22:58:00,96.4
2025-06-12 13:54:00,0.5
2025-06-12 08:05:00,15.6
2025-06-12 22:59:00,49.81767540251498
2025-06-12 22:49:00,67.9
2025-06-12 21:02:00,49.81767540251498
2025-06-12 00:19:00,7.5
2025-06-12 11:58:00,86.8
2025-06-12 06:23:00,58.9
2025-06-12 11:26:00,49.81767540251498
2025-06-12 09:11:00,62.5
2025-06-12 21:37:00,81.4
2025-06-12 16:55:00,49.81767540251498
2025-06-12 02:03:00,93.7
2025-06-12 13:51:00,47.8
2025-06-12 01:33:00,86.0
2025-06-12 18:06:00,0.6
2025-06-12 19:23:00,49.81767540251498
2025-06-12 18:35:00,13.1
2025-06-12 08:44:00,23.1
2025-06-12 05:50:00,49.81767540251498
2025-06-12 14:06:00,95.1
2025-06-12 05:42:00,98.3
2025-06-12 00:18:00,60.7
2025-06-12 21:16:00,7.2
2025-06-12 19:24:00,61.6
2025-06-12 01:20:00,46.6
2025-06-12 08:00:00,70.3
2025-06-12 01:25:00,58.1
2025-06-12 12:19:00,81.1
2025-06-12 02:27:00,49.81767540251498
2025-06-12 05:33:00,24.8
2025-06-12 10:55:00,45.4
2025-06-12 18:55:00,63.7
2025-06-12 23:55:00,49.81767540251498
2025-06-12 16:38:00,71.6
2025-06-12 12:58:00,49.81767540251498
2025-06-12 06:22:00,49.81767540251498
2025-06-12 09:21:00,94.4
2025-06-12 17:15:00,48.1
2025-06-12 16:29:00,0.6
2025-06-12 13:35:00,87.0
2025-06-12 20:34:00,92.1
2025-06-12 04:24:00,84.4
2025-06-12 14:36:00,40.7
2025-06-12 00:21:00,24.2
2025-06-12 17:03:00,21.6
2025-06-12 01:54:00,91.9
2025-06-12 16:59:00,34.7
2025-06-12 18:50:00,7.6
2025-06-12 09:13:00,10.8
2025-06-12 23:48:00,35.9
2025-06-12 16:17:00,23.1
2025-06-12 16:04:00,54.8
2025-06-12 20:08:00,89.1
2025-06-12 19:47:00,66.8
2025-06-12 18:00:00,0.4
2025-06-12 10:14:00,23.3
2025-06-12 04:51:00,86.6
2025-06-12 17:49:00,16.7
2025-06-12 05:24:00,93.4
2025-06-12 16:42:00,9.7
2025-06-12 12:01:00,80.0
2025-06-12 12:58:00,55.7
2025-06-12 12:15:00,91.9
2025-06-12 14:24:00,49.81767540251498
2025-06-12 11:12:00,37.3
2025-06-12 23:40:00,61.1
2025-06-12 09:05:00,97.0
2025-06-12 15:48:00,62.2
2025-06-12 17:10:00,49.81767540251498
2025-06-12 01:52:00,51.0
2025-06-12 06:35:00,49.81767540251498
2025-06-12 22:10:00,88.7
2025-06-12 17:46:00,39.0
2025-06-12 23:22:00,79.3
2025-06-12 14:19:00,98.6
2025-06-12 10:10:00,80.5
2025-06-12 11:40:00,29.0
2025-06-12 23:16:00,49.81767540251498
2025-06-12 18:53:00,49.81767540251498
2025-06-12 03:11:00,94.2
2025-06-12 02:08:00,76.4
2025-06-12 10:52:00,49.81767540251498
2025-06-12 13:45:00,56.1
2025-06-12 19:00:00,49.81767540251498
2025-06-12 06:00:00,55.3
2025-06-12 08:48:00,66.0
2025-06-12 11:13:00,49.81767540251498
2025-06-12 23:57:00,23.2
2025-06-12 09:24:00,32.6
2025-06-12 23:27:00,49.81767540251498
2025-06-12 06:37:00,32.6
2025-06-12 00:55:00,36.8
2025-06-12 12:35:00,72.6
2025-06-12 11:15:00,49.81767540251498
2025-06-12 10:49:00,49.9
2025-06-12 21:14:00,67.2
2025-06-12 03:22:00,13.4
2025-06-12 19:23:00,26.6
2025-06-12 19:24:00,52.9
2025-06-12 17:53:00,49.81767540251498
2025-06-12 22:05:00,89.1
2025-06-12 08:30:00,96.2
2025-06-12 13:07:00,83.5
2025-06-12 07:33:00,11.8
2025-06-12 08:24:00,13.9
2025-06-12 03:16:00,0.0
2025-06-12 09:34:00,39.1
2025-06-12 06:21:00,71.6
2025-06-12 10:15:00,97.4
2025-06-12 17:47:00,69.1
2025-06-12 15:05:00,66.2
2025-06-12 13:07:00,49.81767540251498
2025-06-12 20:50:00,47.9
2025-06-12 17:13:00,49.81767540251498
2025-06-12 15:43:00,37.4
2025-06-12 02:27:00,49.81767540251498
2025-06-12 21:54:00,49.81767540251498
2025-06-12 18:10:00,64.2
2025-06-12 04:18:00,16.8
2025-06-12 14:42:00,12.8
2025-06-12 04:03:00,50.0
2025-06-12 23:45:00,77.5
2025-06-12 01:58:00,49.81767540251498
2025-06-12 14:44:00,59.0
2025-06-12 08:50:00,9.0
2025-06-12 06:54:00,74.9
2025-06-12 18:23:00,96.8
2025-06-12 10:41:00,67.6
2025-06-12 13:10:00,64.9
2025-06-12 10:44:00,24.0
2025-06-12 07:32:00,65.7
2025-06-12 21:58:00,49.81767540251498
2025-06-12 17:22:00,10.9
2025-06-12 13:20:00,86.8
2025-06-12 14:09:00,54.9
2025-06-12 08:04:00,14.1
2025-06-12 00:08:00,68.7
2025-06-12 03:52:00,49.791111632270166
2025-06-12 19:00:00,66.4
2025-06-12 17:02:00,94.5
2025-06-12 11:04:00,49.791111632270166
2025-06-12 11:44:00,19.2
2025-06-12 05:43:00,5.3
2025-06-12 01:16:00,16.2
2025-06-12 00:39:00,66.1
2025-06-12 10:17:00,32.6
2025-06-12 18:01:00,72.4
2025-06-12 17:29:00,75.5
2025-06-12 03:48:00,60.8
2025-06-12 20:25:00,49.791111632270166
2025-06-12 12:11:00,73.2
2025-06-12 22:03:00,71.1
2025-06-12 00:32:00,26.3
2025-06-12 20:32:00,53.5
2025-06-12 05:39:00,11.0
2025-06-12 01:02:00,96.9
2025-06-12 21:10:00,44.1
2025-06-12 02:02:00,13.5
2025-06-12 15:38:00,11.1
2025-06-12 23:00:00,88.7
2025-06-12 03:53:00,49.791111632270166
2025-06-12 03:29:00,52.7
2025-06-12 11:59:00,56.7
2025-06-12 23:12:00,6.6
2025-06-12 19:55:00,79.4
2025-06-12 11:33:00,31.0
2025-06-12 09:57:00,46.2
2025-06-12 07:01:00,93.4
2025-06-12 18:18:00,7.0
2025-06-12 12:11:00,3.2
2025-06-12 03:04:00,80.4
2025-06-12 14:11:00,49.791111632270166
2025-06-12 21:14:00,72.2
2025-06-12 21:50:00,62.0
2025-06-12 04:00:00,25.7
2025-06-12 18:36:00,94.9
2025-06-12 20:52:00,1.3
2025-06-12 17:10:00,94.6
2025-06-12 19:47:00,41.5
2025-06-12 19:42:00,49.791111632270166
2025-06-12 14:45:00,78.4
2025-06-12 21:14:00,85.3
2025-06-12 12:35:00,60.3
2025-06-12 17:47:00,46.8
2025-06-12 21:33:00,62.1
2025-06-12 08:40:00,42.6
2025-06-12 20:16:00,97.5
2025-06-12 04:38:00,90.2
2025-06-12 03:20:00,49.791111632270166
2025-06-12 09:42:00,99.8
2025-06-12 12:40:00,53.9
2025-06-12 13:15:00,40.8
2025-06-12 13:47:00,23.9
2025-06-12 16:55:00,49.791111632270166
2025-06-12 18:40:00,27.4
2025-06-12 21:25:00,49.791111632270166
2025-06-12 06:04:00,49.791111632270166
2025-06-12 23:16:00,60.0
2025-06-12 02:58:00,52.6
2025-06-12 11:33:00,2.2
2025-06-12 12:39:00,25.6
2025-06-12 12:44:00,49.791111632270166
2025-06-12 04:09:00,43.1
2025-06-12 14:56:00,94.6
2025-06-12 03:42:00,64.8
2025-06-12 13:59:00,49.791111632270166
2025-06-12 05:22:00,33.5
2025-06-12 03:36:00,49.791111632270166
2025-06-12 10:07:00,7.0
2025-06-12 02:10:00,12.3
2025-06-12 19:36:00,20.7
2025-06-12 13:14:00,35.2
2025-06-12 19:33:00,43.3
2025-06-12 03:19:00,73.5
2025-06-12 20:12:00,40.9
2025-06-12 10:28:00,43.1
2025-06-12 02:04:00,82.3
2025-06-12 12:44:00,54.8
2025-06-12 04:41:00,59.2
2025-06-12 22:57:00,51.9
2025-06-12 13:05:00,47.6
2025-06-12 19:38:00,22.2
2025-06-12 12:09:00,44.5
2025-06-12 16:53:00,35.8
2025-06-12 12:39:00,73.7
2025-06-12 19:57:00,59.1
2025-06-12 11:18:00,68.2
2025-06-12 15:56:00,87.9
2025-06-12 22:53:00,49.791111632270166
2025-06-12 22:36:00,2.6
2025-06-12 00:07:00,78.5
2025-06-12 02:59:00,12.5
2025-06-12 10:20:00,15.2
2025-06-12 00:04:00,10.9
2025-06-12 09:09:00,89.3
2025-06-12 01:40:00,49.791111632270166
2025-06-12 03:09:00,9.3
2025-06-12 22:54:00,4.9
2025-06-12 01:49:00,40.0
2025-06-12 02:13:00,15.7
2025-06-12 08:03:00,49.791111632270166
2025-06-12 05:50:00,14.5
2025-06-12 14:30:00,2.0
2025-06-12 06:43:00,46.3
2025-06-12 06:59:00,3.6
2025-06-12 19:02:00,3.7
2025-06-12 07:10:00,73.2
2025-06-12 01:45:00,8.7
2025-06-12 08:06:00,60.3
2025-06-12 05:01:00,22.9
2025-06-12 06:43:00,69.3
2025-06-12 15:07:00,13.9
2025-06-12 19:40:00,62.0
2025-06-12 23:00:00,33.5
2025-06-12 03:00:00,67.5
2025-06-12 23:01:00,69.4
2025-06-12 06:52:00,2.6
2025-06-12 11:10:00,94.2
2025-06-12 20:09:00,83.9
2025-06-12 11:26:00,61.2
2025-06-12 14:01:00,20.7
2025-06-12 07:34:00,42.5
2025-06-12 17:59:00,59.6
2025-06-12 06:56:00,54.9
2025-06-12 05:41:00,34.9
2025-06-12 21:47:00,95.1
2025-06-12 12:35:00,58.9
2025-06-12 21:08:00,49.791111632270166
2025-06-12 07:34:00,27.4
2025-06-12 16:05:00,67.3
2025-06-12 06:38:00,74.0
2025-06-12 16:21:00,30.4
2025-06-12 21:11:00,16.8
2025-06-12 18:18:00,89.6
2025-06-12 20:39:00,57.8
2025-06-12 07:59:00,65.4
2025-06-12 16:50:00,60.8
2025-06-12 06:18:00,18.7
2025-06-12 13:57:00,16.4
2025-06-12 06:41:00,49.791111632270166
2025-06-12 19:19:00,41.1
2025-06-12 09:24:00,7.2
2025-06-12 05:54:00,19.2
2025-06-12 12:16:00,49.791111632270166
2025-06-12 05:34:00,10.5
2025-06-12 12:59:00,82.6
2025-06-12 07:34:00,33.8
2025-06-12 16:39:00,40.0
2025-06-12 03:08:00,83.1
2025-06-12 10:17:00,28.9
2025-06-12 23:38:00,51.9
2025-06-12 17:30:00,21.2
2025-06-12 01:47:00,75.5
2025-06-12 02:55:00,59.2
2025-06-12 05:18:00,58.0
2025-06-12 08:51:00,54.1
2025-06-12 11:55:00,50.0
2025-06-12 02:52:00,49.791111632270166
2025-06-12 00:38:00,64.8
2025-06-12 04:25:00,77.8
2025-06-12 13:57:00,54.5
2025-06-12 15:06:00,6.0
2025-06-12 08:27:00,49.791111632270166
2025-06-12 04:49:00,61.2
2025-06-12 12:13:00,45.7
2025-06-12 20:17:00,12.7
2025-06-12 23:02:00,67.0
2025-06-12 02:01:00,49.791111632270166
2025-06-12 19:40:00,78.9
2025-06-12 23:14:00,73.9
2025-06-12 19:43:00,63.4
2025-06-12 23:44:00,30.1
2025-06-12 10:23:00,30.5
2025-06-12 02:51:00,33.7
2025-06-12 16:25:00,99.8
2025-06-12 14:57:00,54.2
2025-06-12 19:54:00,28.3
2025-06-12 06:32:00,21.6
2025-06-12 22:08:00,95.5
2025-06-12 00:32:00,24.8
2025-06-12 07:36:00,49.791111632270166
2025-06-12 06:33:00,29.6
2025-06-12 15:17:00,49.791111632270166
2025-06-12 10:35:00,39.4
2025-06-12 00:10:00,14.8
2025-06-12 20:08:00,96.7
2025-06-12 02:28:00,24.0
2025-06-12 00:00:00,99.6
2025-06-12 08:03:00,47.5
2025-06-12 07:37:00,76.9
2025-06-12 06:21:00,46.7
2025-06-12 11:05:00,70.1
2025-06-12 04:47:00,97.8
2025-06-12 06:03:00,79.9
2025-06-12 00:20:00,42.9
2025-06-12 06:21:00,87.0
2025-06-12 11:35:00,31.1
2025-06-12 07:05:00,36.3
2025-06-12 02:51:00,80.6
2025-06-12 06:53:00,49.791111632270166
2025-06-12 18:03:00,84.5
2025-06-12 14:23:00,38.1
2025-06-12 02:54:00,68.0
2025-06-12 06:00:00,72.1
2025-06-12 07:37:00,67.5
2025-06-12 19:23:00,97.0
2025-06-12 16:46:00,49.791111632270166
2025-06-12 17:43:00,49.791111632270166
2025-06-12 04:09:00,47.3
2025-06-12 18:05:00,21.8
2025-06-12 05:40:00,90.5
2025-06-12 13:33:00,49.791111632270166
2025-06-12 13:14:00,38.9
2025-06-12 18:52:00,6.2
2025-06-12 16:09:00,14.2
2025-06-12 03:31:00,19.6
2025-06-12 09:06:00,86.6
2025-06-12 10:37:00,77.7
2025-06-12 22:24:00,39.8
2025-06-12 06:11:00,2.8
2025-06-12 08:17:00,49.791111632270166
2025-06-12 21:32:00,80.5
2025-06-12 01:31:00,46.0
2025-06-12 15:20:00,49.791111632270166
2025-06-12 01:58:00,80.2
2025-06-12 12:43:00,17.6
2025-06-12 19:22:00,98.7
2025-06-12 07:06:00,49.791111632270166
2025-06-12 02:20:00,29.1
2025-06-12 06:41:00,49.791111632270166
2025-06-12 19:41:00,66.7
2025-06-12 05:39:00,90.1
2025-06-12 21:14:00,37.4
2025-06-12 02:08:00,49.791111632270166
2025-06-12 04:34:00,74.3
2025-06-12 02:30:00,49.791111632270166
2025-06-12 04:31:00,95.1
2025-06-12 19:37:00,96.2
2025-06-12 10:15:00,9.7
2025-06-12 18:56:00,66.8
2025-06-12 14:16:00,68.7
2025-06-12 05:56:00,39.5
2025-06-12 17:30:00,37.8
2025-06-12 18:17:00,51.1
2025-06-12 16:31:00,6.5
2025-06-12 13:31:00,49.791111632270166
2025-06-12 23:41:00,82.8
2025-06-12 11:08:00,49.791111632270166
2025-06-12 12:52:00,95.4
2025-06-12 19:53:00,49.791111632270166
2025-06-12 22:22:00,99.8
2025-06-12 16:11:00,69.6
2025-06-12 02:30:00,59.3
2025-06-12 06:56:00,52.9
2025-06-12 22:53:00,2.0
2025-06-12 20:26:00,6.1
2025-06-12 08:38:00,46.3
2025-06-12 06:32:00,22.1
2025-06-12 17:56:00,5.3
2025-06-12 09:43:00,20.7
2025-06-12 22:40:00,49.791111632270166
2025-06-12 10:34:00,44.4
2025-06-12 03:36:00,99.5
2025-06-12 02:21:00,47.8
2025-06-12 19:49:00,76.4
2025-06-12 09:04:00,14.1
2025-06-12 12:21:00,89.8
2025-06-12 21:02:00,53.0
2025-06-12 10:04:00,28.0
2025-06-12 04:25:00,28.0
2025-06-12 09:40:00,2.5
2025-06-12 12:56:00,49.791111632270166
2025-06-12 23:10:00,61.8
2025-06-12 20:43:00,7.9
2025-06-12 10:59:00,1.7
2025-06-12 15:06:00,9.4
2025-06-12 12:46:00,16.1
2025-06-12 08:56:00,33.5
2025-06-12 09:46:00,72.9
2025-06-12 09:05:00,4.5
2025-06-12 15:00:00,63.5
2025-06-12 20:17:00,26.9
2025-06-12 23:23:00,91.3
2025-06-12 07:22:00,70.6
2025-06-12 01:33:00,5.6
2025-06-12 15:31:00,55.3
2025-06-12 16:42:00,97.9
2025-06-12 19:15:00,65.5
2025-06-12 06:01:00,4.8
2025-06-12 23:35:00,59.7
2025-06-12 16:25:00,0.8
2025-06-12 12:08:00,36.0
2025-06-12 16:36:00,98.5
2025-06-12 21:21:00,73.0
2025-06-12 08:13:00,6.6
2025-06-12 07:43:00,77.0
2025-06-12 09:55:00,17.6
2025-06-12 13:10:00,52.4
2025-06-12 15:00:00,20.4
2025-06-12 08:25:00,55.2
2025-06-12 18:30:00,38.6
2025-06-12 03:23:00,94.1
2025-06-12 19:55:00,20.5
2025-06-12 04:55:00,49.6
2025-06-12 07:53:00,88.5
2025-06-12 02:34:00,2.5
2025-06-12 13:01:00,14.4
2025-06-12 16:10:00,29.1
2025-06-12 14:24:00,50.406503298774744
2025-06-12 00:26:00,9.9
2025-06-12 04:16:00,6.6
2025-06-12 23:43:00,5.8
2025-06-12 03:41:00,50.406503298774744
2025-06-12 15:06:00,79.8
2025-06-12 14:46:00,64.5
2025-06-12 10:46:00,56.3
2025-06-12 00:29:00,64.9
2025-06-12 11:11:00,50.406503298774744
2025-06-12 02:19:00,50.406503298774744
2025-06-12 04:35:00,41.3
2025-06-12 00:52:00,50.406503298774744
2025-06-12 01:34:00,50.406503298774744
2025-06-12 04:40:00,78.6
2025-06-12 14:08:00,12.0
2025-06-12 12:35:00,18.0
2025-06-12 19:37:00,50.406503298774744
2025-06-12 19:29:00,68.8
2025-06-12 08:54:00,15.7
2025-06-12 14:31:00,38.8
2025-06-12 00:28:00,9.4
2025-06-12 11:38:00,1.4
2025-06-12 19:58:00,58.7
2025-06-12 07:37:00,41.8
2025-06-12 00:15:00,43.6
2025-06-12 18:59:00,78.5
2025-06-12 02:51:00,49.8
2025-06-12 11:59:00,78.8
2025-06-12 21:50:00,35.5
2025-06-12 07:56:00,50.406503298774744
2025-06-12 16:18:00,3.7
2025-06-12 17:00:00,18.3
2025-06-12 13:49:00,50.406503298774744
2025-06-12 03:46:00,89.8
2025-06-12 03:33:00,44.2
2025-06-12 17:39:00,50.406503298774744
2025-06-12 20:54:00,50.406503298774744
2025-06-12 13:16:00,90.7
2025-06-12 13:33:00,18.6
2025-06-12 06:13:00,18.3
2025-06-12 09:29:00,50.406503298774744
2025-06-12 12:24:00,34.7
2025-06-12 12:00:00,1.1
2025-06-12 07:11:00,50.406503298774744
2025-06-12 20:23:00,38.5
2025-06-12 06:53:00,92.9
2025-06-12 03:43:00,57.1
2025-06-12 09:23:00,30.6
2025-06-12 21:35:00,95.8
2025-06-12 00:59:00,25.9
2025-06-12 01:08:00,50.406503298774744
2025-06-12 06:30:00,50.406503298774744
2025-06-12 02:14:00,60.5
2025-06-12 19:52:00,33.0
2025-06-12 01:52:00,60.5
2025-06-12 03:48:00,50.406503298774744
2025-06-12 21:36:00,50.406503298774744
2025-06-12 15:29:00,50.406503298774744
2025-06-12 15:47:00,95.2
2025-06-12 14:35:00,84.7
2025-06-12 11:01:00,90.6
2025-06-12 03:11:00,65.3
2025-06-12 19:45:00,0.3
2025-06-12 04:36:00,73.9
2025-06-12 02:40:00,50.406503298774744
2025-06-12 23:10:00,69.9
2025-06-12 02:37:00,70.4
2025-06-12 12:36:00,40.7
2025-06-12 18:07:00,11.8
2025-06-12 03:40:00,78.0
2025-06-12 11:11:00,36.4
2025-06-12 11:08:00,2.8
2025-06-12 01:02:00,50.406503298774744
2025-06-12 16:00:00,65.5
2025-06-12 15:50:00,30.2
2025-06-12 07:48:00,50.406503298774744
2025-06-12 22:36:00,19.7
2025-06-12 01:33:00,63.7
2025-06-12 08:59:00,91.8
2025-06-12 21:52:00,50.406503298774744
2025-06-12 11:21:00,82.5
2025-06-12 20:03:00,57.5
2025-06-12 11:22:00,50.406503298774744
2025-06-12 06:30:00,61.9
2025-06-12 08:18:00,65.0
2025-06-12 15:14:00,14.0
2025-06-12 19:17:00,21.9
2025-06-12 17:06:00,50.406503298774744
2025-06-12 23:57:00,86.0
2025-06-12 02:06:00,65.7
2025-06-12 12:39:00,53.4
2025-06-12 05:13:00,68.2
2025-06-12 09:16:00,77.1
2025-06-12 02:06:00,91.1
2025-06-12 21:01:00,48.1
2025-06-12 16:38:00,86.5
2025-06-12 08:52:00,13.8
2025-06-12 15:38:00,51.1
2025-06-12 06:20:00,4.0
2025-06-12 14:26:00,50.406503298774744
2025-06-12 01:15:00,37.7
2025-06-12 04:16:00,56.1
2025-06-12 18:16:00,80.9
2025-06-12 03:15:00,4.0
2025-06-12 04:53:00,35.3
2025-06-12 02:36:00,73.9
2025-06-12 16:23:00,48.5
2025-06-12 14:44:00,15.7
2025-06-12 13:11:00,50.406503298774744
2025-06-12 04:48:00,74.7
2025-06-12 00:35:00,11.4
2025-06-12 07:55:00,64.2
2025-06-12 00:15:00,85.0
2025-06-12 08:36:00,58.9
2025-06-12 21:47:00,75.3
2025-06-12 01:46:00,84.2
2025-06-12 09:18:00,76.1
2025-06-12 06:14:00,81.1
2025-06-12 04:14:00,50.406503298774744
2025-06-12 02:47:00,50.406503298774744
2025-06-12 16:14:00,92.7
2025-06-12 21:47:00,87.4
2025-06-12 14:31:00,52.7
2025-06-12 03:38:00,18.5
2025-06-12 14:18:00,8.7
2025-06-12 12:49:00,15.6
2025-06-12 17:46:00,83.0
2025-06-12 13:24:00,45.7
2025-06-12 21:43:00,83.8
2025-06-12 17:35:00,50.406503298774744
2025-06-12 02:33:00,50.406503298774744
2025-06-12 16:05:00,50.406503298774744
2025-06-12 19:19:00,2.5
2025-06-12 13:45:00,13.1
2025-06-12 22:15:00,37.6
2025-06-12 21:07:00,89.2
2025-06-12 23:15:00,8.2
2025-06-12 22:40:00,99.2
2025-06-12 20:03:00,20.8
2025-06-12 04:32:00,73.1
2025-06-12 14:34:00,50.406503298774744
2025-06-12 08:03:00,13.4
2025-06-12 01:06:00,10.7
2025-06-12 03:57:00,27.5
2025-06-12 02:36:00,0.3
2025-06-12 20:00:00,5.0
2025-06-12 11:41:00,90.6
2025-06-12 14:58:00,23.3
2025-06-12 02:59:00,13.6
2025-06-12 16:10:00,42.8
2025-06-12 05:41:00,74.9
2025-06-12 13:34:00,45.4
2025-06-12 23:32:00,3.3
2025-06-12 01:00:00,31.1
2025-06-12 02:07:00,32.9
2025-06-12 16:33:00,21.9
2025-06-12 16:06:00,37.8
2025-06-12 20:24:00,16.7
2025-06-12 04:29:00,14.5
2025-06-12 12:44:00,50.406503298774744
2025-06-12 14:19:00,91.1
2025-06-12 17:30:00,76.7
2025-06-12 14:42:00,15.2
2025-06-12 08:00:00,21.7
2025-06-12 09:23:00,50.406503298774744
2025-06-12 14:20:00,17.6
2025-06-12 20:00:00,50.406503298774744
2025-06-12 15:31:00,0.1
2025-06-12 19:55:00,88.7
2025-06-12 11:28:00,50.406503298774744
2025-06-12 05:50:00,7.3
2025-06-12 08:23:00,64.9
2025-06-12 21:44:00,50.406503298774744
2025-06-12 14:11:00,80.4
2025-06-12 09:06:00,31.1
2025-06-12 06:12:00,80.0
2025-06-12 00:38:00,27.0
2025-06-12 15:46:00,50.406503298774744
2025-06-12 07:57:00,12.3
2025-06-12 02:39:00,53.5
2025-06-12 06:15:00,58.9
2025-06-12 19:04:00,46.3
2025-06-12 23:44:00,61.2
2025-06-12 00:49:00,22.6
2025-06-12 13:14:00,23.4
2025-06-12 01:37:00,30.3
2025-06-12 22:27:00,14.6
2025-06-12 17:57:00,23.7
2025-06-12 18:34:00,48.1
2025-06-12 04:51:00,31.6
2025-06-12 18:49:00,50.406503298774744
2025-06-12 03:05:00,28.8
2025-06-12 23:47:00,50.406503298774744
2025-06-12 09:14:00,50.406503298774744
2025-06-12 14:41:00,92.7
2025-06-12 16:21:00,52.3
2025-06-12 07:16:00,78.2
2025-06-12 19:20:00,78.3
2025-06-12 04:00:00,95.4
2025-06-12 06:12:00,70.3
2025-06-12 14:50:00,79.5
2025-06-12 18:40:00,2.5
2025-06-12 18:15:00,79.0
2025-06-12 02:48:00,45.1
2025-06-12 13:28:00,4.5
2025-06-12 11:32:00,20.6
2025-06-12 21:17:00,35.7
2025-06-12 22:23:00,45.4
2025-06-12 09:10:00,33.8
2025-06-12 13:26:00,99.2
2025-06-12 05:15:00,39.6
2025-06-12 23:34:00,21.0
2025-06-12 23:22:00,50.406503298774744
2025-06-12 08:18:00,42.2
2025-06-12 07:28:00,50.406503298774744
2025-06-12 11:13:00,76.6
2025-06-12 21:35:00,5.0
2025-06-12 22:17:00,57.3
2025-06-12 07:44:00,50.406503298774744
2025-06-12 20:55:00,67.9
2025-06-12 10:57:00,69.6
2025-06-12 22:16:00,83.6
2025-06-12 03:06:00,30.0
2025-06-12 11:32:00,90.2
2025-06-12 15:40:00,50.406503298774744
2025-06-12 21:03:00,49.1
2025-06-12 20:20:00,42.1
2025-06-12 09:22:00,50.0
2025-06-12 17:46:00,1.2
2025-06-12 14:21:00,6.1
2025-06-12 11:54:00,69.3
2025-06-12 18:25:00,51.0
2025-06-12 21:46:00,1.3
2025-06-12 00:34:00,47.8
2025-06-12 08:39:00,78.5
2025-06-12 19:57:00,42.9
2025-06-12 06:39:00,60.8
2025-06-12 20:51:00,28.3
2025-06-12 01:33:00,34.5
2025-06-12 16:21:00,77.1
2025-06-12 19:15:00,77.6
2025-06-12 09:53:00,65.7
2025-06-12 08:03:00,66.4
2025-06-12 14:04:00,74.4
2025-06-12 01:14:00,19.7
2025-06-12 22:55:00,81.2
2025-06-12 00:13:00,21.4
2025-06-12 02:20:00,15.2
2025-06-12 00:24:00,99.7
2025-06-12 08:35:00,8.2
2025-06-12 18:14:00,81.8
2025-06-12 04:41:00,49.0
2025-06-12 23:53:00,76.7
2025-06-12 12:52:00,50.406503298774744
2025-06-12 21:46:00,4.0
2025-06-12 19:44:00,48.3
2025-06-12 14:07:00,99.7
2025-06-12 04:05:00,93.2
2025-06-12 04:38:00,50.406503298774744
2025-06-12 10:48:00,97.8
2025-06-12 10:31:00,50.406503298774744
2025-06-12 13:31:00,50.406503298774744
2025-06-12 05:03:00,21.8
2025-06-12 12:56:00,46.2
2025-06-12 11:48:00,77.5
2025-06-12 05:41:00,87.4
2025-06-12 06:08:00,50.406503298774744
2025-06-12 12:20:00,62.4
2025-06-12 22:48:00,22.0
2025-06-12 12:44:00,81.9
2025-06-12 17:42:00,13.4
2025-06-12 07:54:00,35.9
2025-06-12 18:25:00,50.406503298774744
2025-06-12 04:04:00,23.1
2025-06-12 02:49:00,73.7
2025-06-12 00:36:00,71.1
2025-06-12 03:31:00,10.1
2025-06-12 15:46:00,50.406503298774744
2025-06-12 21:50:00,30.8
2025-06-12 20:51:00,11.5
2025-06-12 04:37:00,28.5
2025-06-12 12:49:00,11.7
2025-06-12 11:26:00,35.3
2025-06-12 13:04:00,95.6
2025-06-12 12:47:00,46.3
2025-06-12 18:00:00,77.9
2025-06-12 05:18:00,79.3
2025-06-12 06:55:00,70.3
2025-06-12 18:07:00,34.3
2025-06-12 21:36:00,73.2
2025-06-12 07:12:00,92.7
2025-06-12 22:55:00,56.7
2025-06-12 18:33:00,85.0
2025-06-12 08:12:00,21.0
2025-06-12 22:09:00,77.8
2025-06-12 05:55:00,24.8
2025-06-12 12:26:00,85.0
2025-06-12 22:00:00,89.7
2025-06-12 18:11:00,33.3
2025-06-12 08:48:00,42.0
2025-06-12 07:08:00,61.8
2025-06-12 03:19:00,10.3
2025-06-12 17:32:00,98.8
2025-06-12 06:25:00,24.9
2025-06-12 19:46:00,73.9
2025-06-12 06:37:00,12.0
2025-06-12 05:05:00,14.4
2025-06-12 11:48:00,67.2
2025-06-12 00:24:00,75.4
2025-06-12 04:13:00,19.6
2025-06-12 18:40:00,24.3
2025-06-12 20:05:00,11.7
2025-06-12 04:05:00,92.4
2025-06-12 14:06:00,41.9
2025-06-12 19:37:00,6.2
2025-06-12 04:45:00,61.3
2025-06-12 22:35:00,13.1
2025-06-12 10:04:00,75.4
2025-06-12 13:40:00,50.406503298774744
2025-06-12 17:10:00,33.8
2025-06-12 14:38:00,70.5
2025-06-12 19:07:00,50.406503298774744
2025-06-12 10:32:00,29.6
2025-06-12 03:23:00,31.5
2025-06-12 13:24:00,47.2
2025-06-12 09:25:00,50.406503298774744
2025-06-12 20:02:00,50.406503298774744
2025-06-12 04:25:00,16.6
2025-06-12 01:20:00,55.5
2025-06-12 01:54:00,70.5
2025-06-12 03:26:00,16.2
2025-06-12 02:29:00,80.8
2025-06-12 19:07:00,40.8
2025-06-12 06:06:00,36.7
2025-06-12 18:10:00,2.2
2025-06-12 00:54:00,56.0
2025-06-12 13:49:00,50.406503298774744
2025-06-12 04:18:00,50.406503298774744
2025-06-12 13:44:00,72.7
2025-06-12 19:28:00,56.1
2025-06-12 20:58:00,7.3
2025-06-12 06:40:00,20.3
2025-06-12 05:36:00,36.3
2025-06-12 10:55:00,79.9
2025-06-12 16:20:00,30.9
2025-06-12 09:19:00,94.5
2025-06-12 19:35:00,92.9
2025-06-12 23:58:00,49.4
2025-06-12 07:18:00,68.0
2025-06-12 22:31:00,59.9
2025-06-12 14:05:00,60.9
2025-06-12 13:12:00,5.4
2025-06-12 19:50:00,6.0
2025-06-12 21:52:00,67.5
2025-06-12 17:25:00,34.6
2025-06-12 09:14:00,25.7
2025-06-12 07:42:00,79.0
2025-06-12 10:16:00,73.4
2025-06-12 15:41:00,50.3160582227961
2025-06-12 03:59:00,8.5
2025-06-12 07:29:00,43.5
2025-06-12 13:20:00,50.3160582227961
2025-06-12 14:53:00,7.4
2025-06-12 00:13:00,29.6
2025-06-12 04:18:00,66.6
2025-06-12 06:24:00,66.4
2025-06-12 12:53:00,50.3160582227961
2025-06-12 00:39:00,50.3160582227961
2025-06-12 23:27:00,88.6
2025-06-12 09:14:00,50.3160582227961
2025-06-12 01:42:00,58.7
2025-06-12 00:25:00,69.6
2025-06-12 23:46:00,20.0
2025-06-12 20:35:00,93.4
2025-06-12 17:41:00,50.3160582227961
2025-06-12 12:51:00,26.9
2025-06-12 15:28:00,84.9
2025-06-12 08:56:00,50.3160582227961
2025-06-12 23:59:00,50.3160582227961
2025-06-12 12:06:00,73.1
2025-06-12 10:38:00,99.9
2025-06-12 10:27:00,22.6
2025-06-12 00:06:00,3.6
2025-06-12 05:57:00,25.9
2025-06-12 10:22:00,73.0
2025-06-12 09:07:00,74.9
2025-06-12 01:04:00,21.8
2025-06-12 19:39:00,96.3
2025-06-12 13:20:00,5.1
2025-06-12 08:03:00,89.9
2025-06-12 04:37:00,64.2
2025-06-12 20:16:00,15.3
2025-06-12 22:12:00,80.8
2025-06-12 18:50:00,86.8
2025-06-12 14:16:00,50.3160582227961
2025-06-12 06:33:00,28.7
2025-06-12 05:19:00,78.4
2025-06-12 13:24:00,50.3160582227961
2025-06-12 14:13:00,50.3160582227961
2025-06-12 21:00:00,51.4
2025-06-12 12:16:00,38.9
2025-06-12 16:54:00,55.7
2025-06-12 19:57:00,2.1
2025-06-12 06:52:00,50.3160582227961
2025-06-12 13:56:00,50.3160582227961
2025-06-12 19:02:00,3.0
2025-06-12 07:31:00,84.4
2025-06-12 12:22:00,4.9
2025-06-12 15:12:00,70.0
2025-06-12 00:14:00,15.2
2025-06-12 02:35:00,89.8
2025-06-12 20:44:00,33.9
2025-06-12 07:16:00,0.2
2025-06-12 21:05:00,48.2
2025-06-12 12:37:00,55.4
2025-06-12 08:32:00,50.3160582227961
2025-06-12 19:34:00,89.6
2025-06-12 14:22:00,87.6
2025-06-12 19:20:00,24.3
2025-06-12 01:49:00,34.8
2025-06-12 02:57:00,60.4
2025-06-12 07:02:00,97.0
2025-06-12 19:56:00,55.3
2025-06-12 21:19:00,99.4
2025-06-12 12:27:00,22.8
2025-06-12 18:57:00,50.3160582227961
2025-06-12 04:04:00,50.3160582227961
2025-06-12 15:13:00,71.8
2025-06-12 08:54:00,1.7
2025-06-12 00:43:00,2.3
2025-06-12 09:57:00,26.2
2025-06-12 06:54:00,16.9
2025-06-12 22:15:00,13.3
2025-06-12 00:55:00,0.2
2025-06-12 19:22:00,70.9
2025-06-12 06:20:00,47.2
2025-06-12 14:16:00,5.9
2025-06-12 07:52:00,66.9
2025-06-12 22:28:00,85.8
2025-06-12 16:13:00,92.1
2025-06-12 12:09:00,58.9
2025-06-12 21:24:00,99.9
2025-06-12 22:05:00,61.7
2025-06-12 07:55:00,25.1
2025-06-12 07:05:00,40.2
2025-06-12 15:36:00,75.9
2025-06-12 19:47:00,43.4
2025-06-12 00:32:00,96.8
2025-06-12 05:24:00,54.6
2025-06-12 04:43:00,42.5
2025-06-12 21:02:00,0.8
2025-06-12 20:53:00,65.0
2025-06-12 14:13:00,83.8
2025-06-12 01:11:00,65.2
2025-06-12 21:05:00,50.3160582227961
2025-06-12 11:40:00,21.6
2025-06-12 19:06:00,4.1
2025-06-12 10:28:00,46.1
2025-06-12 03:30:00,54.4
2025-06-12 17:55:00,27.9
2025-06-12 02:06:00,50.3160582227961
2025-06-12 19:29:00,50.3160582227961
2025-06-12 22:41:00,45.1
2025-06-12 10:15:00,31.2
2025-06-12 06:49:00,56.7
2025-06-12 01:23:00,70.7
2025-06-12 07:49:00,46.0
2025-06-12 01:58:00,48.0
2025-06-12 01:28:00,80.1
2025-06-12 14:35:00,50.3160582227961
2025-06-12 08:23:00,8.7
2025-06-12 13:11:00,19.6
2025-06-12 18:24:00,2.4
2025-06-12 02:26:00,44.1
2025-06-12 19:38:00,80.3
2025-06-12 15:30:00,50.3160582227961
2025-06-12 22:59:00,78.2
2025-06-12 03:57:00,31.2
2025-06-12 11:08:00,44.4
2025-06-12 21:57:00,20.5
2025-06-12 16:08:00,50.3160582227961
2025-06-12 15:54:00,77.6
2025-06-12 18:44:00,55.4
2025-06-12 20:56:00,85.6
2025-06-12 20:29:00,50.3160582227961
2025-06-12 14:44:00,19.7
2025-06-12 15:38:00,46.1
2025-06-12 20:15:00,88.0
2025-06-12 23:30:00,95.9
2025-06-12 00:28:00,50.3160582227961
2025-06-12 11:09:00,70.1
2025-06-12 04:45:00,98.5
2025-06-12 05:30:00,19.9
2025-06-12 20:07:00,95.0
2025-06-12 10:01:00,50.3160582227961
2025-06-12 16:55:00,50.3160582227961
2025-06-12 05:25:00,90.6
2025-06-12 17:11:00,7.8
2025-06-12 06:44:00,34.2
2025-06-12 23:48:00,1.2
2025-06-12 04:15:00,50.3160582227961
2025-06-12 06:14:00,58.2
2025-06-12 14:43:00,46.9
2025-06-12 11:43:00,50.3160582227961
2025-06-12 21:26:00,96.4
2025-06-12 02:19:00,68.6
2025-06-12 08:02:00,89.0
2025-06-12 09:32:00,51.9
2025-06-12 05:21:00,18.5
2025-06-12 00:13:00,80.6
2025-06-12 09:44:00,30.1
2025-06-12 20:39:00,98.6
2025-06-12 05:03:00,89.6
2025-06-12 22:14:00,16.2
2025-06-12 22:05:00,40.9
2025-06-12 20:21:00,2.2
2025-06-12 22:12:00,68.4
2025-06-12 19:05:00,96.1
2025-06-12 16:25:00,71.0
2025-06-12 02:42:00,92.1
2025-06-12 22:52:00,64.4
2025-06-12 03:53:00,7.1
2025-06-12 20:58:00,3.5
2025-06-12 21:48:00,32.4
2025-06-12 12:34:00,33.7
2025-06-12 19:25:00,3.9
2025-06-12 04:38:00,50.3160582227961
2025-06-12 17:09:00,7.9
2025-06-12 19:36:00,33.8
2025-06-12 13:48:00,26.4
2025-06-12 10:46:00,3.8
2025-06-12 13:58:00,45.7
2025-06-12 11:35:00,50.3160582227961
2025-06-12 05:50:00,41.6
2025-06-12 23:48:00,75.1
2025-06-12 06:07:00,50.3160582227961
2025-06-12 10:02:00,77.4
2025-06-12 10:47:00,50.3160582227961
2025-06-12 01:01:00,98.2
2025-06-12 12:30:00,20.0
2025-06-12 04:42:00,20.0
2025-06-12 21:23:00,50.3160582227961
2025-06-12 23:32:00,6.8
2025-06-12 09:35:00,98.2
2025-06-12 10:51:00,53.5
2025-06-12 23:15:00,11.1
2025-06-12 01:06:00,88.1
2025-06-12 10:07:00,16.6
2025-06-12 01:59:00,88.5
2025-06-12 18:34:00,89.8
2025-06-12 14:51:00,94.6
2025-06-12 15:55:00,66.5
2025-06-12 03:47:00,25.4
2025-06-12 16:16:00,63.1
2025-06-12 09:56:00,63.8
2025-06-12 14:37:00,32.3
2025-06-12 18:13:00,50.3160582227961
2025-06-12 17:15:00,88.2
2025-06-12 20:15:00,10.2
2025-06-12 03:31:00,39.9
2025-06-12 15:03:00,85.9
2025-06-12 20:27:00,93.6
2025-06-12 02:45:00,81.0
2025-06-12 20:13:00,18.5
2025-06-12 10:32:00,45.8
2025-06-12 12:24:00,47.1
2025-06-12 18:57:00,5.9
2025-06-12 04:11:00,55.7
2025-06-12 06:45:00,39.7
2025-06-12 20:05:00,88.6
2025-06-12 21:06:00,50.3160582227961
2025-06-12 23:56:00,11.8
2025-06-12 08:31:00,46.2
2025-06-12 13:29:00,25.1
2025-06-12 19:07:00,93.0
2025-06-12 10:22:00,50.3160582227961
2025-06-12 23:50:00,47.1
2025-06-12 08:13:00,71.6
2025-06-12 00:26:00,65.1
2025-06-12 06:13:00,96.8
2025-06-12 10:13:00,78.2
2025-06-12 01:27:00,27.9
2025-06-12 23:12:00,95.7
2025-06-12 02:28:00,3.0
2025-06-12 18:06:00,61.5
2025-06-12 14:46:00,8.7
2025-06-12 09:13:00,30.7
2025-06-12 05:25:00,4.4
2025-06-12 05:40:00,74.8
2025-06-12 04:54:00,27.7
2025-06-12 15:13:00,55.5
2025-06-12 20:48:00,37.1
2025-06-12 17:47:00,50.3
2025-06-12 12:08:00,73.4
2025-06-12 05:32:00,50.3160582227961
2025-06-12 11:21:00,62.7
2025-06-12 14:29:00,47.8
2025-06-12 00:12:00,78.8
2025-06-12 16:06:00,47.4
2025-06-12 08:22:00,39.7
2025-06-12 13:18:00,96.7
2025-06-12 03:09:00,52.4
2025-06-12 05:00:00,83.6
2025-06-12 17:44:00,70.1
2025-06-12 20:12:00,35.9
2025-06-12 04:00:00,28.0
2025-06-12 06:38:00,35.2
2025-06-12 07:15:00,5.6
2025-06-12 14:18:00,45.4
2025-06-12 08:28:00,83.2
2025-06-12 08:28:00,57.9
2025-06-12 12:17:00,13.9
2025-06-12 05:20:00,50.3160582227961
2025-06-12 04:35:00,35.9
2025-06-12 23:40:00,52.6
2025-06-12 08:52:00,38.8
2025-06-12 23:16:00,80.9
2025-06-12 14:10:00,27.4
2025-06-12 08:17:00,1.0
2025-06-12 09:37:00,56.9
2025-06-12 03:45:00,93.7
2025-06-12 05:30:00,50.3160582227961
2025-06-12 11:20:00,50.4
2025-06-12 12:29:00,18.0
2025-06-12 20:31:00,63.6
2025-06-12 05:39:00,91.6
2025-06-12 11:52:00,86.2
2025-06-12 20:11:00,50.3160582227961
2025-06-12 12:01:00,30.8
2025-06-12 01:21:00,82.3
2025-06-12 06:43:00,7.6
2025-06-12 03:46:00,86.8
2025-06-12 14:24:00,76.9
2025-06-12 03:11:00,49.3
2025-06-12 09:23:00,36.6
2025-06-12 02:48:00,78.9
2025-06-12 23:12:00,67.4
2025-06-12 21:55:00,77.3
2025-06-12 14:58:00,26.4
2025-06-12 21:04:00,14.0
2025-06-12 21:12:00,32.7
2025-06-12 21:08:00,47.1
2025-06-12 12:23:00,87.6
2025-06-12 14:07:00,67.4
2025-06-12 08:22:00,78.1
2025-06-12 05:48:00,51.6
2025-06-12 08:30:00,37.5
2025-06-12 20:25:00,86.7
2025-06-12 08:56:00,78.2
2025-06-12 23:55:00,86.7
2025-06-12 17:25:00,56.1
2025-06-12 14:08:00,33.4
2025-06-12 23:51:00,55.9
2025-06-12 04:55:00,56.3
2025-06-12 09:31:00,50.3160582227961
2025-06-12 03:08:00,64.5
2025-06-12 21:08:00,84.4
2025-06-12 02:55:00,50.3160582227961
2025-06-12 14:29:00,57.9
2025-06-12 15:56:00,88.5
2025-06-12 19:06:00,51.6
2025-06-12 04:53:00,89.1
2025-06-12 05:57:00,50.3160582227961
2025-06-12 10:13:00,83.9
2025-06-12 19:22:00,50.3160582227961
2025-06-12 10:03:00,40.1
2025-06-12 00:50:00,30.8
2025-06-12 18:11:00,36.4
2025-06-12 06:59:00,42.5
2025-06-12 15:50:00,27.1
2025-06-12 22:17:00,1.0
2025-06-12 12:52:00,74.5
2025-06-12 08:44:00,24.8
2025-06-12 06:44:00,13.8
2025-06-12 09:10:00,99.6
2025-06-12 22:44:00,83.7
2025-06-12 20:56:00,77.9
2025-06-12 14:03:00,72.5
2025-06-12 06:16:00,89.5
2025-06-12 16:27:00,35.7
2025-06-12 08:04:00,21.1
2025-06-12 13:24:00,78.2
2025-06-12 17:41:00,53.7
2025-06-12 17:13:00,78.2
2025-06-12 11:37:00,42.7
2025-06-12 09:53:00,92.3
2025-06-12 18:22:00,20.3
2025-06-12 05:45:00,16.9
2025-06-12 03:49:00,24.1
2025-06-12 18:26:00,35.0
2025-06-12 16:40:00,86.6
2025-06-12 04:00:00,19.1
2025-06-12 21:47:00,75.7
2025-06-12 06:00:00,33.4
2025-06-12 13:41:00,37.7
2025-06-12 18:57:00,23.1
2025-06-12 10:59:00,60.8
2025-06-12 09:11:00,82.2
2025-06-12 16:37:00,53.3
2025-06-12 10:44:00,50.04954009433962
2025-06-12 20:33:00,4.3
2025-06-12 14:43:00,87.4
2025-06-12 16:58:00,5.8
2025-06-12 22:16:00,97.1
2025-06-12 16:48:00,27.4
2025-06-12 16:26:00,21.3
2025-06-12 19:28:00,94.4
2025-06-12 22:59:00,27.4
2025-06-12 14:48:00,50.04954009433962
2025-06-12 03:55:00,11.9
2025-06-12 05:50:00,96.8
2025-06-12 05:15:00,75.6
2025-06-12 07:15:00,82.4
2025-06-12 03:34:00,36.3
2025-06-12 23:07:00,76.4
2025-06-12 22:57:00,30.2
2025-06-12 08:41:00,72.7
2025-06-12 09:52:00,76.6
2025-06-12 09:47:00,50.04954009433962
2025-06-12 02:03:00,94.3
2025-06-12 01:07:00,24.7
2025-06-12 23:05:00,94.6
2025-06-12 23:49:00,75.5
2025-06-12 07:43:00,4.4
2025-06-12 13:28:00,96.8
2025-06-12 01:57:00,50.04954009433962
2025-06-12 08:41:00,8.4
2025-06-12 04:20:00,74.1
2025-06-12 10:01:00,69.7
2025-06-12 14:40:00,14.5
2025-06-12 13:50:00,5.1
2025-06-12 02:09:00,31.9
2025-06-12 15:41:00,15.4
2025-06-12 07:17:00,79.9
2025-06-12 18:11:00,33.9
2025-06-12 18:03:00,49.9
2025-06-12 06:13:00,60.5
2025-06-12 21:53:00,98.9
2025-06-12 18:04:00,42.1
2025-06-12 17:46:00,24.2
2025-06-12 15:55:00,50.04954009433962
2025-06-12 11:16:00,10.6
2025-06-12 02:22:00,61.5
2025-06-12 01:43:00,19.2
2025-06-12 15:38:00,50.04954009433962
2025-06-12 22:27:00,10.3
2025-06-12 17:48:00,66.7
2025-06-12 15:58:00,20.5
2025-06-12 08:07:00,58.6
2025-06-12 09:27:00,14.6
2025-06-12 07:18:00,47.1
2025-06-12 22:35:00,34.0
2025-06-12 14:51:00,79.6
2025-06-12 12:54:00,2.5
2025-06-12 05:50:00,50.04954009433962
2025-06-12 05:30:00,15.8
2025-06-12 15:00:00,68.9
2025-06-12 08:24:00,50.04954009433962
2025-06-12 05:06:00,33.7
2025-06-12 02:42:00,67.1
2025-06-12 03:41:00,50.04954009433962
2025-06-12 03:52:00,38.9
2025-06-12 04:28:00,50.04954009433962
2025-06-12 16:45:00,89.1
2025-06-12 12:21:00,4.9
2025-06-12 05:59:00,97.3
2025-06-12 23:31:00,50.04954009433962
2025-06-12 20:52:00,78.0
2025-06-12 03:47:00,78.2
2025-06-12 04:13:00,90.9
2025-06-12 03:56:00,31.2
2025-06-12 13:43:00,40.6
2025-06-12 12:04:00,45.8
2025-06-12 23:55:00,91.2
2025-06-12 20:04:00,45.1
2025-06-12 07:34:00,92.5
2025-06-12 06:01:00,88.5
2025-06-12 12:03:00,50.04954009433962
2025-06-12 12:21:00,54.8
2025-06-12 21:13:00,16.7
2025-06-12 01:55:00,22.6
2025-06-12 14:19:00,49.0
2025-06-12 05:55:00,54.0
2025-06-12 14:24:00,77.3
2025-06-12 14:31:00,80.7
2025-06-12 16:44:00,55.1
2025-06-12 14:48:00,49.3
2025-06-12 04:10:00,50.04954009433962
2025-06-12 03:56:00,52.4
2025-06-12 19:58:00,53.7
2025-06-12 10:09:00,61.7
2025-06-12 14:08:00,35.6
2025-06-12 22:08:00,55.7
2025-06-12 08:45:00,0.4
2025-06-12 00:46:00,50.6
2025-06-12 22:27:00,42.3
2025-06-12 14:05:00,19.1
2025-06-12 07:31:00,96.9
2025-06-12 23:16:00,82.4
2025-06-12 22:12:00,66.5
2025-06-12 11:03:00,8.0
2025-06-12 05:03:00,98.1
2025-06-12 13:11:00,90.1
2025-06-12 23:20:00,58.1
2025-06-12 00:37:00,9.7
2025-06-12 06:11:00,1.9
2025-06-12 07:14:00,53.5
2025-06-12 01:34:00,94.6
2025-06-12 02:46:00,18.7
2025-06-12 02:36:00,50.04954009433962
2025-06-12 01:46:00,98.5
2025-06-12 10:25:00,50.04954009433962
2025-06-12 04:37:00,36.0
2025-06-12 00:43:00,42.3
2025-06-12 02:14:00,12.5
2025-06-12 00:02:00,29.4
2025-06-12 08:09:00,50.04954009433962
2025-06-12 17:52:00,78.9
2025-06-12 07:56:00,94.3
2025-06-12 00:24:00,86.3
2025-06-12 05:28:00,50.04954009433962
2025-06-12 03:33:00,32.5
2025-06-12 06:04:00,50.04954009433962
2025-06-12 01:20:00,50.04954009433962
2025-06-12 19:55:00,91.7
2025-06-12 13:34:00,38.9
2025-06-12 20:20:00,31.9
2025-06-12 05:17:00,58.6
2025-06-12 07:43:00,50.1
2025-06-12 05:23:00,35.6
2025-06-12 09:30:00,86.7
2025-06-12 16:06:00,1.8
2025-06-12 19:49:00,96.6
2025-06-12 10:23:00,32.5
2025-06-12 11:26:00,77.2
2025-06-12 08:36:00,80.8
2025-06-12 00:31:00,34.6
2025-06-12 23:12:00,47.3
2025-06-12 21:12:00,21.7
2025-06-12 12:53:00,31.7
2025-06-12 08:29:00,24.5
2025-06-12 17:09:00,2.2
2025-06-12 19:21:00,87.5
2025-06-12 01:32:00,19.5
2025-06-12 10:47:00,52.5
2025-06-12 02:38:00,72.3
2025-06-12 23:30:00,9.4
2025-06-12 03:08:00,40.9
2025-06-12 11:06:00,89.6
2025-06-12 16:39:00,34.1
2025-06-12 09:06:00,67.4
2025-06-12 21:50:00,98.2
2025-06-12 03:45:00,60.7
2025-06-12 18:20:00,75.4
2025-06-12 00:41:00,42.8
2025-06-12 07:03:00,56.5
2025-06-12 18:17:00,54.1
2025-06-12 15:40:00,44.0
2025-06-12 07:31:00,84.0
2025-06-12 06:45:00,46.7
2025-06-12 17:59:00,96.2
2025-06-12 01:25:00,97.2
2025-06-12 08:00:00,17.9
2025-06-12 22:51:00,50.04954009433962
2025-06-12 09:40:00,9.7
2025-06-12 21:10:00,97.1
2025-06-12 20:41:00,60.7
2025-06-12 15:11:00,6.4
2025-06-12 22:30:00,58.8
2025-06-12 13:09:00,82.5
2025-06-12 21:44:00,59.0
2025-06-12 04:52:00,70.9
2025-06-12 00:41:00,99.7
2025-06-12 00:48:00,25.1
2025-06-12 07:14:00,46.4
2025-06-12 13:29:00,65.3
2025-06-12 09:16:00,82.7
2025-06-12 12:16:00,21.9
2025-06-12 20:36:00,50.04954009433962
2025-06-12 06:39:00,69.4
2025-06-12 07:48:00,6.6
2025-06-12 15:36:00,91.8
2025-06-12 07:31:00,50.04954009433962
2025-06-12 20:24:00,97.5
2025-06-12 20:18:00,56.4
2025-06-12 04:56:00,80.2
2025-06-12 07:10:00,50.04954009433962
2025-06-12 23:19:00,25.1
2025-06-12 09:58:00,68.1
2025-06-12 07:33:00,36.1
2025-06-12 02:40:00,0.1
2025-06-12 21:42:00,50.04954009433962
2025-06-12 03:48:00,48.5
2025-06-12 10:45:00,32.0
2025-06-12 16:01:00,76.3
2025-06-12 10:15:00,26.1
2025-06-12 11:42:00,98.9
2025-06-12 04:39:00,44.8
2025-06-12 14:03:00,35.9
2025-06-12 03:56:00,50.04954009433962
2025-06-12 11:34:00,15.6
2025-06-12 15:49:00,20.7
2025-06-12 11:34:00,73.2
2025-06-12 23:22:00,50.04954009433962
2025-06-12 19:54:00,50.04954009433962
2025-06-12 08:02:00,64.4
2025-06-12 08:04:00,34.9
2025-06-12 05:20:00,86.0
2025-06-12 17:09:00,50.04954009433962
2025-06-12 09:07:00,19.5
2025-06-12 06:17:00,33.9
2025-06-12 00:15:00,57.7
2025-06-12 21:13:00,8.4
2025-06-12 12:20:00,85.6
2025-06-12 00:14:00,50.04954009433962
2025-06-12 21:19:00,58.4
2025-06-12 17:45:00,50.04954009433962
2025-06-12 21:48:00,31.0
2025-06-12 06:55:00,59.8
2025-06-12 05:28:00,54.9
2025-06-12 06:51:00,57.6
2025-06-12 12:49:00,9.8
2025-06-12 22:57:00,91.0
2025-06-12 07:02:00,65.7
2025-06-12 21:06:00,50.04954009433962
2025-06-12 07:26:00,7.1
2025-06-12 14:37:00,42.6
2025-06-12 09:02:00,84.9
2025-06-12 18:45:00,41.3
2025-06-12 11:54:00,36.1
2025-06-12 10:20:00,77.8
2025-06-12 07:59:00,20.1
2025-06-12 14:42:00,76.4
2025-06-12 07:06:00,34.4
2025-06-12 02:53:00,30.8
2025-06-12 15:07:00,97.5
2025-06-12 04:00:00,82.2
2025-06-12 03:25:00,41.4
2025-06-12 17:48:00,62.5
2025-06-12 09:29:00,83.0
2025-06-12 14:36:00,59.0
2025-06-12 20:09:00,46.4
2025-06-12 22:47:00,18.5
2025-06-12 10:13:00,85.3
2025-06-12 00:53:00,74.8
2025-06-12 18:59:00,42.8
2025-06-12 23:44:00,50.04954009433962
2025-06-12 14:27:00,34.9
2025-06-12 15:24:00,61.7
2025-06-12 15:47:00,50.04954009433962
2025-06-12 16:15:00,61.9
2025-06-12 07:27:00,50.04954009433962
2025-06-12 06:18:00,5.2
2025-06-12 19:41:00,2.4
2025-06-12 07:20:00,30.6
2025-06-12 16:48:00,95.2
2025-06-12 09:28:00,26.9
2025-06-12 05:47:00,50.04954009433962
2025-06-12 13:41:00,2.2
2025-06-12 21:47:00,11.8
2025-06-12 14:23:00,21.3
2025-06-12 06:05:00,32.6
2025-06-12 19:57:00,51.6
2025-06-12 21:51:00,50.04954009433962
2025-06-12 09:05:00,11.0
2025-06-12 08:50:00,50.04954009433962
2025-06-12 02:12:00,39.7
2025-06-12 19:55:00,57.0
2025-06-12 20:58:00,27.4
2025-06-12 19:39:00,26.6
2025-06-12 15:14:00,50.04954009433962
2025-06-12 21:51:00,32.2
2025-06-12 10:02:00,31.8
2025-06-12 05:20:00,7.9
2025-06-12 20:16:00,77.4
2025-06-12 06:39:00,31.1
2025-06-12 02:03:00,18.4
2025-06-12 21:29:00,47.8
2025-06-12 21:37:00,2.1
2025-06-12 03:34:00,28.2
2025-06-12 19:51:00,8.2
2025-06-12 18:29:00,50.04954009433962
2025-06-12 14:30:00,67.7
2025-06-12 03:09:00,20.1
2025-06-12 20:34:00,16.2
2025-06-12 13:42:00,50.04954009433962
2025-06-12 04:22:00,60.6
2025-06-12 03:37:00,54.5
2025-06-12 20:43:00,0.6
2025-06-12 23:42:00,77.6
2025-06-12 19:29:00,50.04954009433962
2025-06-12 00:00:00,26.5
2025-06-12 17:40:00,31.6
2025-06-12 13:35:00,88.8
2025-06-12 20:33:00,17.7
2025-06-12 08:42:00,55.6
2025-06-12 15:36:00,65.8
2025-06-12 16:17:00,73.7
2025-06-12 02:28:00,35.8
2025-06-12 15:53:00,25.5
2025-06-12 00:52:00,23.6
2025-06-12 21:28:00,50.04954009433962
2025-06-12 00:21:00,48.8
2025-06-12 18:15:00,77.7
2025-06-12 08:59:00,78.4
2025-06-12 20:11:00,92.2
2025-06-12 22:15:00,26.9
2025-06-12 01:26:00,85.2
2025-06-12 02:43:00,61.3
2025-06-12 19:58:00,32.9
2025-06-12 19:52:00,6.6
2025-06-12 20:14:00,1.5
2025-06-12 18:40:00,76.0
2025-06-12 01:44:00,7.7
2025-06-12 09:13:00,50.04954009433962
2025-06-12 02:08:00,27.8
2025-06-12 09:48:00,27.2
2025-06-12 20:41:00,4.9
2025-06-12 19:43:00,50.04954009433962
2025-06-12 14:17:00,36.2
2025-06-12 20:20:00,50.04954009433962
2025-06-12 09:02:00,73.9
2025-06-12 04:17:00,4.4
2025-06-12 16:03:00,77.4
2025-06-12 01:18:00,50.06682414078186
2025-06-12 10:44:00,93.5
2025-06-12 10:01:00,20.7
2025-06-12 03:10:00,90.9
2025-06-12 06:40:00,46.4
2025-06-12 21:08:00,68.0
2025-06-12 03:50:00,9.8
2025-06-12 11:39:00,41.7
2025-06-12 02:01:00,50.06682414078186
2025-06-12 07:32:00,72.5
2025-06-12 21:02:00,82.0
2025-06-12 21:29:00,29.5
2025-06-12 07:59:00,61.1
2025-06-12 13:14:00,95.4
2025-06-12 00:30:00,91.8
2025-06-12 15:36:00,50.06682414078186
2025-06-12 02:49:00,50.06682414078186
2025-06-12 02:15:00,12.3
2025-06-12 05:33:00,62.3
2025-06-12 08:36:00,13.4
2025-06-12 19:30:00,22.7
2025-06-12 08:10:00,79.4
2025-06-12 19:32:00,36.6
2025-06-12 22:28:00,66.8
2025-06-12 12:37:00,25.1
2025-06-12 05:14:00,3.4
2025-06-12 14:45:00,50.06682414078186
2025-06-12 11:33:00,87.2
2025-06-12 15:31:00,76.2
2025-06-12 18:02:00,80.2
2025-06-12 04:15:00,35.9
2025-06-12 20:12:00,50.06682414078186
2025-06-12 00:00:00,15.8
2025-06-12 20:37:00,12.0
2025-06-12 04:34:00,94.6
2025-06-12 07:08:00,70.5
2025-06-12 05:51:00,33.0
2025-06-12 08:04:00,80.7
2025-06-12 11:31:00,10.2
2025-06-12 05:53:00,84.7
2025-06-12 07:25:00,40.0
2025-06-12 21:43:00,89.6
2025-06-12 16:00:00,51.9
2025-06-12 01:27:00,64.0
2025-06-12 22:31:00,16.2
2025-06-12 13:15:00,25.7
2025-06-12 14:25:00,82.4
2025-06-12 22:41:00,50.06682414078186
2025-06-12 03:08:00,40.0
2025-06-12 11:34:00,22.4
2025-06-12 06:35:00,62.9
2025-06-12 00:47:00,50.6
2025-06-12 19:58:00,92.1
2025-06-12 14:28:00,68.6
2025-06-12 13:42:00,52.8
2025-06-12 07:15:00,7.5
2025-06-12 19:24:00,82.0
2025-06-12 04:14:00,7.3
2025-06-12 20:08:00,19.9
2025-06-12 19:14:00,48.1
2025-06-12 22:41:00,28.5
2025-06-12 18:52:00,15.6
2025-06-12 02:14:00,95.6
2025-06-12 15:55:00,92.8
2025-06-12 16:39:00,50.06682414078186
2025-06-12 00:01:00,50.06682414078186
2025-06-12 01:06:00,52.7
2025-06-12 03:54:00,38.2
2025-06-12 16:28:00,50.06682414078186
2025-06-12 17:02:00,90.1
2025-06-12 01:51:00,75.5
2025-06-12 13:17:00,39.3
2025-06-12 10:47:00,50.06682414078186
2025-06-12 00:36:00,50.06682414078186
2025-06-12 12:22:00,69.8
2025-06-12 02:58:00,70.2
2025-06-12 01:31:00,19.9
2025-06-12 00:04:00,52.2
2025-06-12 21:07:00,27.8
2025-06-12 09:43:00,79.1
2025-06-12 03:10:00,50.06682414078186
2025-06-12 22:26:00,71.5
2025-06-12 14:09:00,4.0
2025-06-12 20:12:00,93.6
2025-06-12 20:35:00,41.4
2025-06-12 20:26:00,50.06682414078186
2025-06-12 06:45:00,7.2
2025-06-12 05:36:00,18.6
2025-06-12 20:54:00,64.1
2025-06-12 18:55:00,50.2
2025-06-12 00:39:00,15.0
2025-06-12 04:09:00,89.9
2025-06-12 13:56:00,69.5
2025-06-12 12:22:00,44.0
2025-06-12 13:58:00,95.0
2025-06-12 05:42:00,1.2
2025-06-12 13:53:00,46.3
2025-06-12 16:16:00,50.06682414078186
2025-06-12 15:16:00,97.5
2025-06-12 09:38:00,70.5
2025-06-12 10:13:00,10.7
2025-06-12 15:04:00,22.3
2025-06-12 14:17:00,97.4
2025-06-12 08:09:00,70.9
2025-06-12 09:32:00,50.06682414078186
2025-06-12 13:26:00,98.9
2025-06-12 12:50:00,9.8
2025-06-12 04:10:00,22.4
2025-06-12 06:26:00,26.7
2025-06-12 13:32:00,77.9
2025-06-12 00:38:00,1.9
2025-06-12 06:35:00,2.2
2025-06-12 06:18:00,50.06682414078186
2025-06-12 11:30:00,14.1
2025-06-12 19:35:00,47.7
2025-06-12 08:27:00,87.0
2025-06-12 23:30:00,12.9
2025-06-12 07:13:00,7.0
2025-06-12 07:32:00,82.3
2025-06-12 19:17:00,12.1
2025-06-12 03:58:00,64.3
2025-06-12 06:41:00,50.06682414078186
2025-06-12 10:19:00,74.1
2025-06-12 19:47:00,43.5
2025-06-12 11:36:00,47.9
2025-06-12 14:47:00,92.5
2025-06-12 12:22:00,22.6
2025-06-12 11:56:00,80.3
2025-06-12 10:36:00,67.8
2025-06-12 06:33:00,99.1
2025-06-12 16:25:00,10.9
2025-06-12 09:57:00,40.2
2025-06-12 08:20:00,99.3
2025-06-12 01:05:00,19.1
2025-06-12 19:14:00,26.5
2025-06-12 06:15:00,24.9
2025-06-12 16:57:00,31.4
2025-06-12 20:39:00,57.7
2025-06-12 14:44:00,84.5
2025-06-12 07:34:00,50.06682414078186
2025-06-12 02:33:00,76.8
2025-06-12 06:47:00,80.4
2025-06-12 23:49:00,57.5
2025-06-12 22:57:00,50.06682414078186
2025-06-12 22:46:00,39.8
2025-06-12 07:01:00,35.1
2025-06-12 00:24:00,17.8
2025-06-12 12:29:00,63.7
2025-06-12 03:03:00,46.6
2025-06-12 06:29:00,47.9
2025-06-12 10:16:00,22.9
2025-06-12 11:53:00,30.7
2025-06-12 17:03:00,29.8
2025-06-12 06:25:00,88.6
2025-06-12 16:10:00,21.2
2025-06-12 22:55:00,2.5
2025-06-12 07:14:00,43.3
2025-06-12 18:04:00,50.06682414078186
2025-06-12 13:32:00,28.4
2025-06-12 00:31:00,50.06682414078186
2025-06-12 06:32:00,96.3
2025-06-12 00:49:00,50.3
2025-06-12 15:59:00,50.06682414078186
2025-06-12 10:13:00,49.7
2025-06-12 22:06:00,10.5
2025-06-12 13:50:00,30.9
2025-06-12 07:14:00,85.4
2025-06-12 22:57:00,19.0
2025-06-12 04:44:00,6.4
2025-06-12 05:31:00,87.1
2025-06-12 08:58:00,9.9
2025-06-12 03:36:00,70.9
2025-06-12 00:39:00,16.5
2025-06-12 10:42:00,19.6
2025-06-12 09:38:00,50.06682414078186
2025-06-12 17:39:00,96.0
2025-06-12 02:56:00,89.2
2025-06-12 02:10:00,92.6
2025-06-12 17:58:00,14.1
2025-06-12 19:12:00,35.1
2025-06-12 05:53:00,43.0
2025-06-12 03:38:00,60.8
2025-06-12 08:07:00,52.7
2025-06-12 10:13:00,3.6
2025-06-12 13:31:00,78.4
2025-06-12 01:12:00,50.06682414078186
2025-06-12 05:46:00,50.06682414078186
2025-06-12 19:41:00,88.2
2025-06-12 02:40:00,64.7
2025-06-12 01:36:00,30.1
2025-06-12 12:00:00,80.3
2025-06-12 15:44:00,38.8
2025-06-12 03:42:00,28.7
2025-06-12 16:32:00,54.9
2025-06-12 01:46:00,79.1
2025-06-12 18:22:00,5.3
2025-06-12 08:27:00,78.6
2025-06-12 13:30:00,50.06682414078186
2025-06-12 00:35:00,9.2
2025-06-12 00:08:00,64.2
2025-06-12 11:36:00,11.5
2025-06-12 18:14:00,87.3
2025-06-12 01:24:00,39.0
2025-06-12 21:56:00,21.4
2025-06-12 16:59:00,5.0
2025-06-12 20:15:00,6.0
2025-06-12 03:45:00,86.8
2025-06-12 05:32:00,82.9
2025-06-12 11:14:00,27.1
2025-06-12 07:18:00,72.1
2025-06-12 18:46:00,41.7
2025-06-12 23:03:00,47.5
2025-06-12 22:31:00,29.7
2025-06-12 22:18:00,11.9
2025-06-12 12:18:00,50.0
2025-06-12 13:24:00,48.6
2025-06-12 10:39:00,32.4
2025-06-12 06:17:00,71.4
2025-06-12 18:12:00,60.5
2025-06-12 05:10:00,41.8
2025-06-12 00:16:00,4.4
2025-06-12 21:11:00,79.9
2025-06-12 06:08:00,38.7
2025-06-12 00:23:00,93.2
2025-06-12 22:37:00,5.3
2025-06-12 13:29:00,98.2
2025-06-12 15:09:00,92.0
2025-06-12 07:56:00,93.2
2025-06-12 17:45:00,52.9
2025-06-12 10:34:00,65.7
2025-06-12 13:50:00,54.8
2025-06-12 08:45:00,68.9
2025-06-12 20:44:00,14.3
2025-06-12 18:55:00,96.3
2025-06-12 16:54:00,50.06682414078186
2025-06-12 22:47:00,31.8
2025-06-12 09:46:00,50.06682414078186
2025-06-12 04:38:00,84.9
2025-06-12 11:06:00,71.0
2025-06-12 12:32:00,50.06682414078186
2025-06-12 04:44:00,48.2
2025-06-12 16:42:00,78.7
2025-06-12 02:37:00,8.1
2025-06-12 03:21:00,50.06682414078186
2025-06-12 22:46:00,72.3
2025-06-12 01:13:00,58.0
2025-06-12 03:18:00,41.1
2025-06-12 03:29:00,50.06682414078186
2025-06-12 16:45:00,30.3
2025-06-12 05:14:00,50.06682414078186
2025-06-12 00:55:00,29.8
2025-06-12 02:17:00,47.9
2025-06-12 15:30:00,41.1
2025-06-12 15:22:00,50.06682414078186
2025-06-12 13:26:00,56.0
2025-06-12 03:26:00,98.4
2025-06-12 23:29:00,64.6
2025-06-12 19:59:00,50.06682414078186
2025-06-12 09:20:00,77.4
2025-06-12 11:41:00,50.06682414078186
2025-06-12 21:57:00,71.5
2025-06-12 17:17:00,71.9
2025-06-12 11:36:00,17.8
2025-06-12 09:32:00,54.2
2025-06-12 03:50:00,64.5
2025-06-12 10:44:00,34.6
2025-06-12 07:06:00,28.9
2025-06-12 06:20:00,59.4
2025-06-12 15:22:00,50.06682414078186
2025-06-12 14:37:00,50.06682414078186
2025-06-12 08:13:00,21.4
2025-06-12 23:27:00,52.3
2025-06-12 04:47:00,55.9
2025-06-12 00:59:00,92.5
2025-06-12 22:54:00,13.8
2025-06-12 12:35:00,98.9
2025-06-12 21:05:00,50.06682414078186
2025-06-12 10:44:00,8.0
2025-06-12 03:02:00,11.7
2025-06-12 18:27:00,40.1
2025-06-12 18:33:00,56.6
2025-06-12 14:18:00,50.06682414078186
2025-06-12 08:47:00,42.7
2025-06-12 06:51:00,17.1
2025-06-12 15:40:00,81.0
2025-06-12 12:48:00,40.2
2025-06-12 00:46:00,21.1
2025-06-12 04:41:00,90.1
2025-06-12 05:53:00,69.6
2025-06-12 04:48:00,78.9
2025-06-12 03:04:00,60.0
2025-06-12 20:01:00,54.6
2025-06-12 22:05:00,43.9
2025-06-12 05:04:00,4.4
2025-06-12 02:02:00,42.9
2025-06-12 11:35:00,51.6
2025-06-12 08:21:00,32.3
2025-06-12 04:13:00,81.7
2025-06-12 23:41:00,14.0
2025-06-12 18:56:00,72.1
2025-06-12 08:11:00,13.5
2025-06-12 15:54:00,64.7
2025-06-12 14:14:00,52.8
2025-06-12 07:34:00,92.4
2025-06-12 18:40:00,90.8
2025-06-12 21:40:00,76.2
2025-06-12 07:40:00,27.3
2025-06-12 09:25:00,99.6
2025-06-12 00:43:00,95.1
2025-06-12 19:52:00,50.06682414078186
2025-06-12 23:42:00,26.8
2025-06-12 20:20:00,20.0
2025-06-12 09:58:00,4.2
2025-06-12 10:43:00,63.8
2025-06-12 07:06:00,22.2
2025-06-12 03:52:00,55.9
2025-06-12 11:02:00,53.7
2025-06-12 15:55:00,40.7
2025-06-12 00:41:00,40.7
2025-06-12 01:17:00,49.6
2025-06-12 06:43:00,30.2
2025-06-12 09:26:00,1.7
2025-06-12 16:19:00,50.06682414078186
2025-06-12 18:54:00,17.8
2025-06-12 06:31:00,92.7
2025-06-12 21:54:00,85.2
2025-06-12 04:04:00,54.2
2025-06-12 04:09:00,35.0
2025-06-12 07:50:00,23.4
2025-06-12 14:53:00,16.9
2025-06-12 20:30:00,69.2
2025-06-12 03:20:00,49.378098152289034
2025-06-12 15:04:00,39.7
2025-06-12 18:04:00,94.1
2025-06-12 20:58:00,39.6
2025-06-12 12:59:00,45.6
2025-06-12 06:58:00,49.378098152289034
2025-06-12 02:53:00,37.0
2025-06-12 04:42:00,49.378098152289034
2025-06-12 14:16:00,35.5
2025-06-12 10:29:00,49.378098152289034
2025-06-12 01:10:00,41.1
2025-06-12 20:37:00,31.6
2025-06-12 06:11:00,4.2
2025-06-12 21:32:00,39.7
2025-06-12 03:28:00,49.378098152289034
2025-06-12 15:14:00,49.378098152289034
2025-06-12 19:29:00,88.0
2025-06-12 02:59:00,4.3
2025-06-12 15:09:00,49.378098152289034
2025-06-12 20:12:00,81.5
2025-06-12 08:58:00,74.0
2025-06-12 23:24:00,36.6
2025-06-12 23:16:00,49.378098152289034
2025-06-12 20:06:00,46.4
2025-06-12 19:22:00,7.9
2025-06-12 17:20:00,83.8
2025-06-12 05:24:00,38.0
2025-06-12 08:16:00,82.7
2025-06-12 15:18:00,7.0
2025-06-12 09:23:00,21.9
2025-06-12 03:01:00,17.2
2025-06-12 19:00:00,49.378098152289034
2025-06-12 06:27:00,98.9
2025-06-12 02:53:00,95.7
2025-06-12 17:30:00,49.378098152289034
2025-06-12 05:08:00,76.9
2025-06-12 18:13:00,75.0
2025-06-12 04:11:00,49.378098152289034
2025-06-12 11:29:00,18.1
2025-06-12 15:47:00,49.378098152289034
2025-06-12 22:21:00,49.378098152289034
2025-06-12 21:19:00,13.5
2025-06-12 18:54:00,49.378098152289034
2025-06-12 06:19:00,49.378098152289034
2025-06-12 20:29:00,41.3
2025-06-12 03:29:00,53.3
2025-06-12 17:45:00,15.7
2025-06-12 15:22:00,47.6
2025-06-12 03:40:00,23.7
2025-06-12 05:52:00,91.0
2025-06-12 23:52:00,49.378098152289034
2025-06-12 22:16:00,48.7
2025-06-12 08:44:00,74.6
2025-06-12 08:09:00,42.4
2025-06-12 13:03:00,49.378098152289034
2025-06-12 18:23:00,83.3
2025-06-12 22:22:00,49.378098152289034
2025-06-12 20:55:00,49.378098152289034
2025-06-12 18:05:00,18.0
2025-06-12 03:39:00,3.7
2025-06-12 04:15:00,95.9
2025-06-12 08:54:00,43.2
2025-06-12 09:48:00,64.9
2025-06-12 11:35:00,52.2
2025-06-12 07:35:00,79.2
2025-06-12 03:32:00,2.7
2025-06-12 09:18:00,49.378098152289034
2025-06-12 18:40:00,49.378098152289034
2025-06-12 17:03:00,49.378098152289034
2025-06-12 07:36:00,7.4
2025-06-12 04:03:00,81.7
2025-06-12 22:47:00,49.378098152289034
2025-06-12 21:15:00,49.378098152289034
2025-06-12 09:28:00,67.3
2025-06-12 21:24:00,95.8
2025-06-12 00:08:00,62.2
2025-06-12 12:41:00,56.5
2025-06-12 18:59:00,43.8
2025-06-12 01:46:00,62.6
2025-06-12 08:11:00,53.4
2025-06-12 11:26:00,55.8
2025-06-12 10:33:00,33.6
2025-06-12 14:06:00,62.3
2025-06-12 15:31:00,1.1
2025-06-12 14:40:00,45.3
2025-06-12 07:31:00,75.4
2025-06-12 00:20:00,97.3
2025-06-12 03:46:00,85.3
2025-06-12 21:58:00,49.378098152289034
2025-06-12 23:34:00,84.5
2025-06-12 05:15:00,49.378098152289034
2025-06-12 13:53:00,49.378098152289034
2025-06-12 08:51:00,57.7
2025-06-12 04:18:00,49.378098152289034
2025-06-12 16:56:00,49.378098152289034
2025-06-12 21:06:00,68.3
2025-06-12 11:02:00,83.3
2025-06-12 17:59:00,36.4
2025-06-12 23:04:00,8.9
2025-06-12 06:04:00,65.7
2025-06-12 13:49:00,49.378098152289034
2025-06-12 21:09:00,21.1
2025-06-12 21:26:00,62.3
2025-06-12 06:01:00,49.378098152289034
2025-06-12 08:04:00,52.0
2025-06-12 08:36:00,83.4
2025-06-12 05:22:00,22.1
2025-06-12 07:40:00,49.378098152289034
2025-06-12 14:17:00,99.9
2025-06-12 09:59:00,61.9
2025-06-12 03:13:00,38.2
2025-06-12 09:31:00,9.3
2025-06-12 00:24:00,82.5
2025-06-12 04:02:00,75.8
2025-06-12 13:56:00,81.9
2025-06-12 14:13:00,30.7
2025-06-12 19:19:00,17.1
2025-06-12 16:28:00,51.4
2025-06-12 08:34:00,78.3
2025-06-12 05:22:00,37.4
2025-06-12 22:05:00,26.7
2025-06-12 20:08:00,59.8
2025-06-12 14:27:00,75.4
2025-06-12 09:51:00,43.6
2025-06-12 14:52:00,71.3
2025-06-12 20:03:00,49.378098152289034
2025-06-12 23:30:00,71.1
2025-06-12 13:14:00,54.8
2025-06-12 23:04:00,20.8
2025-06-12 00:22:00,23.9
2025-06-12 20:53:00,41.2
2025-06-12 10:43:00,49.378098152289034
2025-06-12 03:39:00,80.2
2025-06-12 22:46:00,18.5
2025-06-12 15:56:00,49.378098152289034
2025-06-12 05:09:00,56.6
2025-06-12 11:36:00,22.3
2025-06-12 23:36:00,37.5
2025-06-12 18:33:00,65.2
2025-06-12 18:35:00,49.378098152289034
2025-06-12 18:04:00,44.0
2025-06-12 22:52:00,90.3
2025-06-12 16:58:00,79.3
2025-06-12 23:27:00,5.1
2025-06-12 14:26:00,68.3
2025-06-12 14:43:00,71.9
2025-06-12 02:49:00,60.0
2025-06-12 00:48:00,83.5
2025-06-12 23:22:00,48.0
2025-06-12 06:21:00,93.8
2025-06-12 10:57:00,45.0
2025-06-12 00:57:00,93.3
2025-06-12 16:21:00,29.0
2025-06-12 11:05:00,41.5
2025-06-12 10:22:00,38.4
2025-06-12 03:30:00,76.6
2025-06-12 15:25:00,74.8
2025-06-12 16:55:00,63.8
2025-06-12 11:24:00,45.2
2025-06-12 07:59:00,49.378098152289034
2025-06-12 07:40:00,43.8
2025-06-12 15:16:00,55.1
2025-06-12 17:56:00,38.2
2025-06-12 14:45:00,82.5
2025-06-12 16:49:00,49.378098152289034
2025-06-12 08:33:00,58.4
2025-06-12 05:34:00,37.9
2025-06-12 04:50:00,53.2
2025-06-12 15:37:00,49.378098152289034
2025-06-12 09:08:00,94.7
2025-06-12 12:06:00,22.3
2025-06-12 05:58:00,23.5
2025-06-12 09:11:00,16.2
2025-06-12 11:34:00,28.6
2025-06-12 04:47:00,43.4
2025-06-12 06:39:00,15.1
2025-06-12 01:14:00,21.9
2025-06-12 03:21:00,33.4
2025-06-12 03:05:00,16.3
2025-06-12 02:18:00,49.8
2025-06-12 10:31:00,79.5
2025-06-12 14:44:00,59.9
2025-06-12 21:35:00,49.378098152289034
2025-06-12 21:29:00,87.3
2025-06-12 18:33:00,59.6
2025-06-12 21:21:00,46.8
2025-06-12 19:37:00,22.6
2025-06-12 20:34:00,0.8
2025-06-12 07:47:00,37.3
2025-06-12 02:56:00,18.6
2025-06-12 05:43:00,60.7
2025-06-12 13:13:00,49.378098152289034
2025-06-12 16:59:00,89.9
2025-06-12 01:30:00,49.378098152289034
2025-06-12 14:49:00,6.3
2025-06-12 15:07:00,19.0
2025-06-12 12:59:00,33.4
2025-06-12 11:22:00,49.378098152289034
2025-06-12 02:29:00,49.378098152289034
2025-06-12 02:00:00,26.6
2025-06-12 19:10:00,0.0
2025-06-12 21:03:00,49.378098152289034
2025-06-12 03:20:00,60.0
2025-06-12 23:21:00,3.2
2025-06-12 07:55:00,39.3
2025-06-12 07:11:00,22.8
2025-06-12 05:48:00,49.378098152289034
2025-06-12 11:41:00,73.7
2025-06-12 12:27:00,19.5
2025-06-12 01:48:00,29.3
2025-06-12 12:35:00,85.5
2025-06-12 10:03:00,57.7
2025-06-12 04:19:00,48.2
2025-06-12 21:23:00,64.1
2025-06-12 07:43:00,32.9
2025-06-12 09:48:00,63.5
2025-06-12 04:47:00,79.6
2025-06-12 00:19:00,29.3
2025-06-12 13:34:00,76.6
2025-06-12 11:11:00,23.9
2025-06-12 06:05:00,63.4
2025-06-12 18:30:00,31.4
2025-06-12 17:23:00,93.2
2025-06-12 03:02:00,54.8
2025-06-12 22:42:00,1.3
2025-06-12 21:07:00,30.8
2025-06-12 01:15:00,40.2
2025-06-12 23:05:00,55.5
2025-06-12 22:32:00,94.6
2025-06-12 17:50:00,23.7
2025-06-12 16:09:00,29.7
2025-06-12 21:08:00,58.3
2025-06-12 02:24:00,55.0
2025-06-12 08:00:00,6.1
2025-06-12 22:05:00,35.8
2025-06-12 02:49:00,55.9
2025-06-12 22:08:00,2.4
2025-06-12 23:46:00,12.3
2025-06-12 12:57:00,22.4
2025-06-12 03:11:00,13.9
2025-06-12 16:38:00,49.378098152289034
2025-06-12 00:11:00,88.2
2025-06-12 00:00:00,58.2
2025-06-12 15:30:00,18.2
2025-06-12 02:05:00,66.9
2025-06-12 23:07:00,94.2
2025-06-12 19:11:00,51.0
2025-06-12 01:11:00,2.4
2025-06-12 11:07:00,83.1
2025-06-12 18:27:00,55.2
2025-06-12 00:40:00,46.5
2025-06-12 00:10:00,29.5
2025-06-12 11:47:00,4.8
2025-06-12 01:17:00,49.378098152289034
2025-06-12 04:13:00,68.7
2025-06-12 03:08:00,71.7
2025-06-12 12:17:00,95.7
2025-06-12 21:19:00,63.0
2025-06-12 16:05:00,34.8
2025-06-12 02:34:00,63.7
2025-06-12 18:27:00,78.5
2025-06-12 00:02:00,96.2
2025-06-12 01:59:00,49.378098152289034
2025-06-12 06:28:00,7.0
2025-06-12 15:29:00,73.8
2025-06-12 14:28:00,75.0
2025-06-12 11:16:00,93.6
2025-06-12 16:42:00,31.0
2025-06-12 02:31:00,83.3
2025-06-12 07:18:00,68.0
2025-06-12 09:30:00,10.5
2025-06-12 06:08:00,49.378098152289034
2025-06-12 20:28:00,91.7
2025-06-12 05:17:00,21.6
2025-06-12 03:59:00,32.7
2025-06-12 22:10:00,24.0
2025-06-12 15:37:00,49.378098152289034
2025-06-12 14:15:00,16.4
2025-06-12 23:58:00,28.6
2025-06-12 14:24:00,1.9
2025-06-12 01:09:00,11.9
2025-06-12 16:58:00,82.8
2025-06-12 11:15:00,49.378098152289034
2025-06-12 08:50:00,24.1
2025-06-12 13:51:00,75.9
2025-06-12 09:12:00,88.1
2025-06-12 21:28:00,35.8
2025-06-12 19:30:00,86.2
2025-06-12 09:09:00,40.9
2025-06-12 01:56:00,87.4
2025-06-12 13:25:00,11.2
2025-06-12 19:59:00,49.378098152289034
2025-06-12 20:42:00,45.5
2025-06-12 11:21:00,13.1
2025-06-12 08:10:00,49.378098152289034
2025-06-12 09:19:00,49.378098152289034
2025-06-12 19:44:00,71.3
2025-06-12 17:01:00,49.378098152289034
2025-06-12 09:03:00,51.7
2025-06-12 04:28:00,9.6
2025-06-12 21:22:00,99.5
2025-06-12 14:14:00,96.8
2025-06-12 09:23:00,66.4
2025-06-12 17:24:00,60.2
2025-06-12 07:33:00,23.0
2025-06-12 03:57:00,98.3
2025-06-12 12:53:00,49.378098152289034
2025-06-12 00:38:00,99.3
2025-06-12 16:14:00,49.378098152289034
2025-06-12 18:34:00,75.7
2025-06-12 04:02:00,62.7
2025-06-12 02:16:00,17.6
2025-06-12 11:43:00,31.0
2025-06-12 20:30:00,57.6
2025-06-12 22:48:00,1.8
2025-06-12 19:23:00,47.1
2025-06-12 15:57:00,49.378098152289034
2025-06-12 16:06:00,16.4
2025-06-12 02:03:00,69.0
2025-06-12 06:25:00,88.7
2025-06-12 11:07:00,18.7
2025-06-12 14:16:00,78.4
2025-06-12 07:42:00,84.7
2025-06-12 05:23:00,11.3
2025-06-12 07:20:00,15.2
2025-06-12 10:27:00,9.8
2025-06-12 15:38:00,95.9
2025-06-12 11:56:00,98.8
2025-06-12 08:00:00,49.86672560113154
2025-06-12 08:51:00,37.7
2025-06-12 01:31:00,11.9
2025-06-12 16:07:00,9.5
2025-06-12 17:33:00,95.0
2025-06-12 23:37:00,25.5
2025-06-12 17:46:00,6.6
2025-06-12 22:54:00,69.0
2025-06-12 19:03:00,35.5
2025-06-12 23:39:00,97.0
2025-06-12 19:03:00,3.6
2025-06-12 00:31:00,49.86672560113154
2025-06-12 00:30:00,57.9
2025-06-12 05:21:00,37.0
2025-06-12 06:25:00,99.7
2025-06-12 23:59:00,83.1
2025-06-12 11:39:00,49.86672560113154
2025-06-12 07:56:00,17.2
2025-06-12 20:19:00,61.5
2025-06-12 16:58:00,11.5
2025-06-12 14:52:00,69.8
2025-06-12 01:23:00,49.86672560113154
2025-06-12 09:51:00,35.6
2025-06-12 13:31:00,49.86672560113154
2025-06-12 17:13:00,79.3
2025-06-12 08:07:00,90.2
2025-06-12 04:21:00,26.4
2025-06-12 07:18:00,22.6
2025-06-12 16:35:00,95.3
2025-06-12 01:46:00,97.3
2025-06-12 12:51:00,49.86672560113154
2025-06-12 23:12:00,49.86672560113154
2025-06-12 07:11:00,2.8
2025-06-12 08:59:00,53.6
2025-06-12 19:07:00,26.9
2025-06-12 07:22:00,35.7
2025-06-12 02:15:00,60.1
2025-06-12 04:52:00,17.3
2025-06-12 14:16:00,49.86672560113154
2025-06-12 08:57:00,71.5
2025-06-12 06:27:00,15.4
2025-06-12 18:23:00,82.0
2025-06-12 05:05:00,7.0
2025-06-12 22:44:00,31.4
2025-06-12 17:05:00,61.5
2025-06-12 23:26:00,90.5
2025-06-12 13:01:00,88.8
2025-06-12 12:07:00,77.9
2025-06-12 09:23:00,49.86672560113154
2025-06-12 22:35:00,95.9
2025-06-12 18:36:00,49.86672560113154
2025-06-12 16:44:00,67.3
2025-06-12 14:16:00,97.1
2025-06-12 18:17:00,49.86672560113154
2025-06-12 14:35:00,3.5
2025-06-12 04:45:00,45.8
2025-06-12 01:58:00,56.5
2025-06-12 06:48:00,49.86672560113154
2025-06-12 20:59:00,15.5
2025-06-12 03:28:00,84.7
2025-06-12 20:02:00,49.86672560113154
2025-06-12 12:32:00,53.5
2025-06-12 11:28:00,49.86672560113154
2025-06-12 00:26:00,62.3
2025-06-12 01:26:00,9.8
2025-06-12 19:41:00,21.2
2025-06-12 22:00:00,82.2
2025-06-12 20:23:00,49.86672560113154
2025-06-12 21:46:00,49.86672560113154
2025-06-12 05:12:00,49.86672560113154
2025-06-12 04:44:00,63.0
2025-06-12 05:36:00,41.6
2025-06-12 11:03:00,33.2
2025-06-12 17:29:00,97.7
2025-06-12 07:00:00,49.86672560113154
2025-06-12 12:52:00,47.5
2025-06-12 20:16:00,41.8
2025-06-12 05:12:00,49.86672560113154
2025-06-12 06:10:00,54.7
2025-06-12 02:13:00,49.86672560113154
2025-06-12 17:31:00,13.1
2025-06-12 21:37:00,10.9
2025-06-12 16:32:00,46.1
2025-06-12 06:16:00,68.8
2025-06-12 04:50:00,34.6
2025-06-12 22:13:00,86.4
2025-06-12 02:36:00,70.3
2025-06-12 08:00:00,30.4
2025-06-12 13:41:00,8.7
2025-06-12 19:54:00,63.5
2025-06-12 08:06:00,57.9
2025-06-12 04:35:00,15.7
2025-06-12 15:06:00,49.86672560113154
2025-06-12 17:07:00,13.3
2025-06-12 17:20:00,49.86672560113154
2025-06-12 09:49:00,2.7
2025-06-12 05:08:00,58.3
2025-06-12 18:26:00,11.8
2025-06-12 19:11:00,49.86672560113154
2025-06-12 08:46:00,97.1
2025-06-12 23:11:00,49.86672560113154
2025-06-12 16:16:00,38.5
2025-06-12 18:09:00,50.6
2025-06-12 09:41:00,37.3
2025-06-12 16:32:00,54.7
2025-06-12 10:28:00,49.86672560113154
2025-06-12 21:19:00,9.3
2025-06-12 15:42:00,2.9
2025-06-12 04:18:00,4.4
2025-06-12 23:41:00,17.2
2025-06-12 00:32:00,36.8
2025-06-12 11:14:00,6.7
2025-06-12 16:01:00,57.0
2025-06-12 08:43:00,10.5
2025-06-12 01:04:00,0.9
2025-06-12 13:09:00,12.4
2025-06-12 00:51:00,14.9
2025-06-12 03:01:00,61.2
2025-06-12 13:26:00,52.0
2025-06-12 19:04:00,15.3
2025-06-12 18:46:00,45.0
2025-06-12 05:13:00,51.4
2025-06-12 23:58:00,50.8
2025-06-12 17:57:00,77.4
2025-06-12 07:30:00,49.86672560113154
2025-06-12 20:18:00,49.86672560113154
2025-06-12 16:09:00,14.2
2025-06-12 13:15:00,81.5
2025-06-12 11:06:00,77.6
2025-06-12 22:25:00,88.5
2025-06-12 11:13:00,47.7
2025-06-12 18:11:00,18.0
2025-06-12 23:22:00,88.3
2025-06-12 00:18:00,98.4
2025-06-12 12:44:00,83.8
2025-06-12 10:13:00,20.3
2025-06-12 17:06:00,25.0
2025-06-12 21:29:00,40.4
2025-06-12 04:05:00,3.9
2025-06-12 21:15:00,81.5
2025-06-12 07:21:00,61.3
2025-06-12 19:51:00,49.86672560113154
2025-06-12 11:42:00,98.6
2025-06-12 02:38:00,57.8
2025-06-12 18:45:00,18.7
2025-06-12 03:56:00,49.4
2025-06-12 23:25:00,99.4
2025-06-12 03:44:00,28.4
2025-06-12 02:52:00,7.1
2025-06-12 05:38:00,82.4
2025-06-12 08:35:00,31.8
2025-06-12 01:14:00,49.86672560113154
2025-06-12 20:10:00,94.0
2025-06-12 04:17:00,19.5
2025-06-12 11:51:00,85.1
2025-06-12 07:27:00,11.6
2025-06-12 13:53:00,24.4
2025-06-12 17:00:00,11.2
2025-06-12 18:12:00,16.8
2025-06-12 01:57:00,75.0
2025-06-12 15:15:00,42.0
2025-06-12 04:19:00,65.1
2025-06-12 10:41:00,70.2
2025-06-12 02:38:00,34.6
2025-06-12 18:50:00,11.6
2025-06-12 11:09:00,72.9
2025-06-12 21:56:00,57.3
2025-06-12 15:33:00,91.5
2025-06-12 01:54:00,97.5
2025-06-12 13:56:00,31.3
2025-06-12 05:00:00,43.4
2025-06-12 08:32:00,89.6
2025-06-12 08:01:00,65.5
2025-06-12 00:22:00,49.86672560113154
2025-06-12 02:36:00,75.9
2025-06-12 23:53:00,97.9
2025-06-12 20:38:00,18.7
2025-06-12 16:25:00,99.0
2025-06-12 01:00:00,49.86672560113154
2025-06-12 17:20:00,80.7
2025-06-12 14:20:00,47.1
2025-06-12 16:55:00,59.4
2025-06-12 01:28:00,92.3
2025-06-12 11:34:00,63.5
2025-06-12 19:54:00,49.86672560113154
2025-06-12 07:26:00,92.9
2025-06-12 18:49:00,49.86672560113154
2025-06-12 12:53:00,53.9
2025-06-12 15:58:00,77.5
2025-06-12 05:06:00,56.3
2025-06-12 14:19:00,25.4
2025-06-12 16:49:00,30.7
2025-06-12 03:56:00,44.6
2025-06-12 20:23:00,61.7
2025-06-12 08:44:00,85.5
2025-06-12 22:43:00,67.9
2025-06-12 02:39:00,92.7
2025-06-12 15:11:00,61.8
2025-06-12 18:43:00,44.4
2025-06-12 12:36:00,63.7
2025-06-12 01:59:00,72.5
2025-06-12 01:39:00,25.7
2025-06-12 07:06:00,71.8
2025-06-12 12:42:00,60.3
2025-06-12 07:56:00,52.4
2025-06-12 10:07:00,40.8
2025-06-12 00:55:00,49.86672560113154
2025-06-12 13:35:00,73.0
2025-06-12 04:47:00,82.1
2025-06-12 11:39:00,16.7
2025-06-12 05:25:00,89.0
2025-06-12 07:16:00,22.6
2025-06-12 20:47:00,37.8
2025-06-12 21:38:00,46.9
2025-06-12 08:34:00,36.0
2025-06-12 10:10:00,77.3
2025-06-12 18:44:00,52.7
2025-06-12 05:04:00,14.4
2025-06-12 04:30:00,33.9
2025-06-12 01:44:00,49.86672560113154
2025-06-12 09:35:00,19.5
2025-06-12 12:43:00,11.3
2025-06-12 22:31:00,49.86672560113154
2025-06-12 22:14:00,8.8
2025-06-12 14:41:00,49.86672560113154
2025-06-12 00:18:00,65.1
2025-06-12 10:23:00,44.6
2025-06-12 20:35:00,50.9
2025-06-12 13:27:00,64.7
2025-06-12 07:31:00,77.8
2025-06-12 05:51:00,40.2
2025-06-12 05:04:00,36.6
2025-06-12 06:39:00,49.86672560113154
2025-06-12 05:02:00,98.3
2025-06-12 22:00:00,88.3
2025-06-12 14:53:00,7.8
2025-06-12 01:22:00,47.3
2025-06-12 09:33:00,20.2
2025-06-12 18:22:00,14.5
2025-06-12 09:13:00,59.3
2025-06-12 04:30:00,7.1
2025-06-12 05:40:00,81.5
2025-06-12 17:26:00,63.6
2025-06-12 03:26:00,0.3
2025-06-12 19:06:00,53.5
2025-06-12 04:36:00,31.7
2025-06-12 03:29:00,49.86672560113154
2025-06-12 19:02:00,49.86672560113154
2025-06-12 01:37:00,1.5
2025-06-12 01:27:00,76.6
2025-06-12 23:32:00,43.0
2025-06-12 04:45:00,7.7
2025-06-12 06:14:00,18.1
2025-06-12 08:35:00,16.7
2025-06-12 17:23:00,49.86672560113154
2025-06-12 01:07:00,95.1
2025-06-12 20:24:00,49.86672560113154
2025-06-12 08:36:00,57.1
2025-06-12 12:50:00,49.86672560113154
2025-06-12 14:04:00,9.1
2025-06-12 16:24:00,49.86672560113154
2025-06-12 22:54:00,49.86672560113154
2025-06-12 20:00:00,43.2
2025-06-12 03:06:00,87.6
2025-06-12 11:00:00,15.6
2025-06-12 20:18:00,51.4
2025-06-12 18:59:00,13.5
2025-06-12 05:49:00,91.1
2025-06-12 20:37:00,49.86672560113154
2025-06-12 20:05:00,32.6
2025-06-12 19:49:00,18.1
2025-06-12 10:15:00,92.4
2025-06-12 14:54:00,13.4
2025-06-12 04:09:00,6.6
2025-06-12 09:08:00,15.0
2025-06-12 13:28:00,76.6
2025-06-12 14:13:00,29.5
2025-06-12 23:45:00,91.1
2025-06-12 05:53:00,52.1
2025-06-12 01:25:00,9.2
2025-06-12 06:04:00,41.6
2025-06-12 06:21:00,81.0
2025-06-12 17:24:00,62.4
2025-06-12 10:29:00,49.2
2025-06-12 06:29:00,76.6
2025-06-12 23:58:00,50.9
2025-06-12 16:04:00,37.1
2025-06-12 16:02:00,92.0
2025-06-12 08:17:00,73.9
2025-06-12 01:05:00,64.8
2025-06-12 10:01:00,64.4
2025-06-12 06:01:00,49.86672560113154
2025-06-12 00:34:00,11.1
2025-06-12 11:16:00,49.86672560113154
2025-06-12 05:27:00,69.7
2025-06-12 18:31:00,11.2
2025-06-12 07:54:00,37.4
2025-06-12 00:59:00,40.5
2025-06-12 05:00:00,76.4
2025-06-12 01:39:00,97.0
2025-06-12 09:14:00,25.8
2025-06-12 21:04:00,49.86672560113154
2025-06-12 15:21:00,57.2
2025-06-12 13:02:00,11.6
2025-06-12 18:44:00,66.5
2025-06-12 11:34:00,92.8
2025-06-12 11:55:00,70.1
2025-06-12 18:29:00,18.1
2025-06-12 04:31:00,9.2
2025-06-12 03:47:00,28.5
2025-06-12 07:44:00,49.86672560113154
2025-06-12 23:55:00,42.6
2025-06-12 07:57:00,49.86672560113154
2025-06-12 00:07:00,31.2
2025-06-12 16:35:00,96.8
2025-06-12 23:08:00,11.8
2025-06-12 10:33:00,71.4
2025-06-12 18:03:00,21.2
2025-06-12 21:30:00,56.1
2025-06-12 05:34:00,49.86672560113154
2025-06-12 11:28:00,68.8
2025-06-12 12:37:00,49.86672560113154
2025-06-12 03:48:00,2.0
2025-06-12 23:51:00,42.9
2025-06-12 11:13:00,57.6
2025-06-12 17:48:00,2.7
2025-06-12 08:15:00,66.1
2025-06-12 16:58:00,66.6
2025-06-12 06:52:00,60.6
2025-06-12 14:41:00,63.2
2025-06-12 19:37:00,21.0
2025-06-12 08:07:00,49.86672560113154
2025-06-12 16:26:00,31.3
2025-06-12 00:37:00,41.3
2025-06-12 19:31:00,65.1
2025-06-12 12:48:00,50.613932505273034
2025-06-12 07:08:00,0.8
2025-06-12 10:33:00,92.6
2025-06-12 18:20:00,97.6
2025-06-12 03:01:00,41.4
2025-06-12 19:01:00,66.2
2025-06-12 04:56:00,93.5
2025-06-12 11:53:00,85.9
2025-06-12 13:54:00,32.2
2025-06-12 01:54:00,75.3
2025-06-12 05:52:00,57.2
2025-06-12 06:56:00,88.1
2025-06-12 22:06:00,5.1
2025-06-12 06:38:00,82.3
2025-06-12 13:28:00,5.5
2025-06-12 20:35:00,89.3
2025-06-12 13:51:00,50.613932505273034
2025-06-12 11:21:00,68.4
2025-06-12 22:16:00,50.613932505273034
2025-06-12 01:12:00,16.2
2025-06-12 17:04:00,41.4
2025-06-12 01:13:00,3.4
2025-06-12 21:15:00,50.613932505273034
2025-06-12 14:23:00,47.7
2025-06-12 13:50:00,4.6
2025-06-12 06:57:00,1.3
2025-06-12 17:12:00,68.7
2025-06-12 06:12:00,50.613932505273034
2025-06-12 11:13:00,89.9
2025-06-12 16:45:00,96.9
2025-06-12 21:44:00,69.5
2025-06-12 18:00:00,96.7
2025-06-12 12:36:00,50.613932505273034
2025-06-12 19:27:00,39.2
2025-06-12 02:04:00,0.4
2025-06-12 05:41:00,39.0
2025-06-12 13:22:00,13.2
2025-06-12 08:44:00,44.2
2025-06-12 03:28:00,18.5
2025-06-12 00:34:00,27.2
2025-06-12 15:52:00,61.5
2025-06-12 15:05:00,59.4
2025-06-12 02:55:00,17.6
2025-06-12 03:38:00,14.7
2025-06-12 09:26:00,49.1
2025-06-12 11:14:00,36.7
2025-06-12 05:56:00,62.3
2025-06-12 17:05:00,54.6
2025-06-12 13:00:00,19.7
2025-06-12 17:50:00,91.7
2025-06-12 10:55:00,18.8
2025-06-12 09:21:00,87.1
2025-06-12 23:26:00,39.0
2025-06-12 13:35:00,43.8
2025-06-12 11:45:00,0.4
2025-06-12 04:45:00,50.613932505273034
2025-06-12 13:42:00,50.613932505273034
2025-06-12 01:57:00,99.6
2025-06-12 21:09:00,59.7
2025-06-12 14:27:00,32.2
2025-06-12 14:49:00,50.613932505273034
2025-06-12 14:04:00,94.6
2025-06-12 07:10:00,52.1
2025-06-12 00:32:00,77.0
2025-06-12 07:16:00,70.5
2025-06-12 02:43:00,2.8
2025-06-12 13:56:00,47.0
2025-06-12 15:54:00,75.4
2025-06-12 23:53:00,76.7
2025-06-12 11:52:00,47.3
2025-06-12 07:20:00,94.2
2025-06-12 14:19:00,14.8
2025-06-12 09:09:00,7.2
2025-06-12 09:41:00,6.0
2025-06-12 15:23:00,68.7
2025-06-12 14:29:00,7.4
2025-06-12 13:32:00,4.1
2025-06-12 12:32:00,27.2
2025-06-12 15:59:00,82.8
2025-06-12 06:34:00,68.3
2025-06-12 17:02:00,39.6
2025-06-12 18:22:00,10.6
2025-06-12 11:42:00,56.4
2025-06-12 01:02:00,59.7
2025-06-12 15:51:00,50.613932505273034
2025-06-12 06:24:00,5.6
2025-06-12 06:01:00,42.1
2025-06-12 21:01:00,17.8
2025-06-12 02:10:00,60.8
2025-06-12 14:38:00,50.613932505273034
2025-06-12 03:33:00,88.0
2025-06-12 17:20:00,67.5
2025-06-12 22:02:00,28.9
2025-06-12 18:23:00,95.7
2025-06-12 06:49:00,32.0
2025-06-12 06:11:00,50.613932505273034
2025-06-12 03:21:00,13.6
2025-06-12 00:58:00,26.8
2025-06-12 14:42:00,24.5
2025-06-12 12:18:00,31.8
2025-06-12 18:33:00,13.9
2025-06-12 11:15:00,35.8
2025-06-12 16:39:00,64.2
2025-06-12 03:34:00,44.5
2025-06-12 14:20:00,9.4
2025-06-12 05:39:00,46.4
2025-06-12 05:54:00,93.7
2025-06-12 08:16:00,44.6
2025-06-12 08:30:00,85.4
2025-06-12 00:12:00,50.613932505273034
2025-06-12 10:13:00,89.9
2025-06-12 07:31:00,52.8
2025-06-12 04:34:00,15.0
2025-06-12 09:37:00,38.6
2025-06-12 18:07:00,45.7
2025-06-12 20:57:00,81.9
2025-06-12 09:17:00,39.9
2025-06-12 02:10:00,13.0
2025-06-12 08:10:00,2.6
2025-06-12 21:18:00,72.6
2025-06-12 18:42:00,64.1
2025-06-12 01:00:00,78.3
2025-06-12 03:48:00,33.6
2025-06-12 13:02:00,36.9
2025-06-12 12:00:00,51.7
2025-06-12 00:58:00,60.0
2025-06-12 11:31:00,18.5
2025-06-12 23:15:00,42.6
2025-06-12 18:28:00,25.8
2025-06-12 20:19:00,50.613932505273034
2025-06-12 13:07:00,94.4
2025-06-12 04:41:00,97.3
2025-06-12 09:18:00,91.0
2025-06-12 13:02:00,64.2
2025-06-12 19:33:00,50.613932505273034
2025-06-12 05:19:00,31.0
2025-06-12 00:01:00,2.0
2025-06-12 05:47:00,42.2
2025-06-12 14:41:00,10.8
2025-06-12 19:16:00,50.613932505273034
2025-06-12 23:42:00,35.5
2025-06-12 06:10:00,28.1
2025-06-12 15:32:00,50.613932505273034
2025-06-12 14:27:00,63.2
2025-06-12 03:07:00,20.7
2025-06-12 22:32:00,34.5
2025-06-12 08:03:00,50.613932505273034
2025-06-12 10:35:00,25.8
2025-06-12 20:57:00,37.1
2025-06-12 18:25:00,50.613932505273034
2025-06-12 15:34:00,50.613932505273034
2025-06-12 05:18:00,50.613932505273034
2025-06-12 22:06:00,36.6
2025-06-12 20:37:00,85.0
2025-06-12 12:11:00,50.613932505273034
2025-06-12 18:43:00,50.613932505273034
2025-06-12 19:36:00,50.613932505273034
2025-06-12 02:01:00,18.8
2025-06-12 13:44:00,50.613932505273034
2025-06-12 22:35:00,42.0
2025-06-12 12:08:00,54.9
2025-06-12 22:10:00,57.3
2025-06-12 12:54:00,54.7
2025-06-12 05:25:00,80.7
2025-06-12 15:08:00,75.3
2025-06-12 15:49:00,53.9
2025-06-12 09:07:00,99.8
2025-06-12 19:54:00,47.4
2025-06-12 04:16:00,39.6
2025-06-12 01:42:00,74.0
2025-06-12 00:58:00,94.5
2025-06-12 06:28:00,89.8
2025-06-12 22:15:00,5.3
2025-06-12 05:56:00,37.6
2025-06-12 13:33:00,83.8
2025-06-12 22:24:00,50.9
2025-06-12 23:41:00,41.7
2025-06-12 11:06:00,28.0
2025-06-12 04:39:00,50.613932505273034
2025-06-12 18:25:00,20.0
2025-06-12 22:12:00,52.7
2025-06-12 06:42:00,23.9
2025-06-12 18:00:00,48.0
2025-06-12 01:15:00,96.6
2025-06-12 19:18:00,24.7
2025-06-12 00:05:00,87.8
2025-06-12 16:05:00,32.3
2025-06-12 23:22:00,50.5
2025-06-12 03:33:00,100.0
2025-06-12 02:40:00,81.1
2025-06-12 23:30:00,50.613932505273034
2025-06-12 19:30:00,37.2
2025-06-12 00:41:00,52.3
2025-06-12 01:22:00,4.1
2025-06-12 20:48:00,50.613932505273034
2025-06-12 06:58:00,44.1
2025-06-12 08:51:00,5.4
2025-06-12 10:20:00,50.613932505273034
2025-06-12 10:13:00,31.8
2025-06-12 04:01:00,72.4
2025-06-12 05:22:00,4.7
2025-06-12 06:45:00,41.7
2025-06-12 14:57:00,28.7
2025-06-12 08:16:00,99.0
2025-06-12 20:46:00,3.1
2025-06-12 22:31:00,50.613932505273034
2025-06-12 01:57:00,12.3
2025-06-12 04:04:00,85.3
2025-06-12 04:21:00,98.9
2025-06-12 12:01:00,50.613932505273034
2025-06-12 20:54:00,68.8
2025-06-12 16:38:00,16.6
2025-06-12 12:55:00,50.613932505273034
2025-06-12 16:17:00,42.7
2025-06-12 13:17:00,50.613932505273034
2025-06-12 06:57:00,82.4
2025-06-12 17:56:00,72.9
2025-06-12 11:16:00,93.4
2025-06-12 18:28:00,77.8
2025-06-12 12:54:00,69.6
2025-06-12 23:48:00,64.6
2025-06-12 22:10:00,50.613932505273034
2025-06-12 19:50:00,87.4
2025-06-12 19:30:00,26.2
2025-06-12 14:30:00,63.2
2025-06-12 14:50:00,20.4
2025-06-12 03:31:00,56.3
2025-06-12 18:07:00,50.613932505273034
2025-06-12 02:16:00,50.613932505273034
2025-06-12 19:44:00,68.7
2025-06-12 21:15:00,93.9
2025-06-12 19:53:00,60.7
2025-06-12 22:34:00,89.2
2025-06-12 11:29:00,50.613932505273034
2025-06-12 03:54:00,1.3
2025-06-12 17:08:00,19.9
2025-06-12 00:06:00,44.6
2025-06-12 09:37:00,6.5
2025-06-12 09:31:00,83.1
2025-06-12 23:02:00,85.8
2025-06-12 22:01:00,89.4
2025-06-12 17:03:00,82.5
2025-06-12 00:57:00,23.1
2025-06-12 01:48:00,99.7
2025-06-12 08:06:00,10.6
2025-06-12 04:04:00,25.0
2025-06-12 07:46:00,13.3
2025-06-12 00:47:00,19.7
2025-06-12 02:29:00,58.7
2025-06-12 08:20:00,50.613932505273034
2025-06-12 01:16:00,50.613932505273034
2025-06-12 21:02:00,93.5
2025-06-12 22:07:00,50.613932505273034
2025-06-12 18:04:00,99.1
2025-06-12 05:22:00,35.7
2025-06-12 23:06:00,64.3
2025-06-12 02:32:00,24.6
2025-06-12 14:37:00,41.2
2025-06-12 09:53:00,78.6
2025-06-12 04:48:00,68.3
2025-06-12 04:07:00,36.7
2025-06-12 16:41:00,70.1
2025-06-12 19:24:00,34.0
2025-06-12 20:05:00,80.9
2025-06-12 12:39:00,47.8
2025-06-12 01:14:00,95.0
2025-06-12 05:38:00,37.4
2025-06-12 20:01:00,50.613932505273034
2025-06-12 03:54:00,58.4
2025-06-12 01:14:00,78.2
2025-06-12 04:39:00,19.5
2025-06-12 20:54:00,0.5
2025-06-12 11:54:00,25.0
2025-06-12 14:20:00,9.7
2025-06-12 21:34:00,59.7
2025-06-12 16:58:00,9.8
2025-06-12 11:13:00,50.613932505273034
2025-06-12 09:03:00,98.9
2025-06-12 12:48:00,16.8
2025-06-12 05:52:00,53.1
2025-06-12 07:30:00,50.613932505273034
2025-06-12 21:02:00,50.613932505273034
2025-06-12 12:42:00,58.7
2025-06-12 16:54:00,66.9
2025-06-12 08:18:00,88.1
2025-06-12 03:05:00,11.9
2025-06-12 05:54:00,76.1
2025-06-12 12:36:00,6.3
2025-06-12 00:38:00,19.2
2025-06-12 05:24:00,94.3
2025-06-12 21:51:00,8.0
2025-06-12 23:13:00,59.0
2025-06-12 00:30:00,50.613932505273034
2025-06-12 22:00:00,34.2
2025-06-12 01:48:00,57.8
2025-06-12 02:54:00,59.3
2025-06-12 22:31:00,50.613932505273034
2025-06-12 21:04:00,4.1
2025-06-12 10:47:00,83.0
2025-06-12 21:52:00,63.2
2025-06-12 09:12:00,52.0
2025-06-12 03:45:00,44.6
2025-06-12 04:14:00,79.6
2025-06-12 18:29:00,12.0
2025-06-12 09:40:00,89.9
2025-06-12 07:09:00,28.2
2025-06-12 20:47:00,61.2
2025-06-12 02:22:00,45.8
2025-06-12 03:04:00,87.1
2025-06-12 15:02:00,53.6
2025-06-12 10:32:00,29.5
2025-06-12 01:32:00,73.1
2025-06-12 12:50:00,50.613932505273034
2025-06-12 15:17:00,23.2
2025-06-12 11:40:00,50.613932505273034
2025-06-12 15:56:00,71.6
2025-06-12 05:04:00,9.7
2025-06-12 07:34:00,50.3
2025-06-12 21:12:00,28.8
2025-06-12 22:47:00,50.613932505273034
2025-06-12 12:42:00,55.7
2025-06-12 20:10:00,18.1
2025-06-12 17:41:00,37.3
2025-06-12 06:43:00,87.4
2025-06-12 08:51:00,19.0
2025-06-12 03:51:00,36.7
2025-06-12 09:26:00,50.613932505273034
2025-06-12 09:06:00,98.4
2025-06-12 16:06:00,34.4
2025-06-12 08:07:00,33.9
2025-06-12 22:03:00,30.5
2025-06-12 17:18:00,24.6
2025-06-12 20:44:00,37.0
2025-06-12 05:24:00,54.8
2025-06-12 07:56:00,56.7
2025-06-12 00:30:00,89.4
2025-06-12 03:43:00,39.0
2025-06-12 10:57:00,50.613932505273034
2025-06-12 13:52:00,35.1
2025-06-12 18:47:00,79.1
2025-06-12 04:25:00,90.9
2025-06-12 23:20:00,77.1
2025-06-12 01:17:00,56.9
2025-06-12 22:56:00,81.4
2025-06-12 08:39:00,88.5
2025-06-12 15:24:00,12.3
2025-06-12 18:31:00,41.3
2025-06-12 11:26:00,0.9
2025-06-12 05:07:00,5.1
2025-06-12 08:41:00,18.0
2025-06-12 10:25:00,96.3
2025-06-12 16:40:00,39.7
2025-06-12 07:10:00,35.8
2025-06-12 21:59:00,52.6
2025-06-12 16:09:00,50.17195767195767
2025-06-12 01:36:00,18.6
2025-06-12 16:31:00,13.0
2025-06-12 14:24:00,18.5
2025-06-12 15:01:00,49.0
2025-06-12 10:18:00,14.9
2025-06-12 12:15:00,45.6
2025-06-12 19:25:00,41.4
2025-06-12 04:39:00,33.3
2025-06-12 16:12:00,50.17195767195767
2025-06-12 12:05:00,2.6
2025-06-12 14:54:00,67.5
2025-06-12 16:30:00,83.6
2025-06-12 05:00:00,30.2
2025-06-12 06:15:00,23.3
2025-06-12 01:54:00,71.2
2025-06-12 05:13:00,11.2
2025-06-12 16:25:00,50.17195767195767
2025-06-12 05:42:00,76.5
2025-06-12 04:45:00,57.4
2025-06-12 17:49:00,50.4
2025-06-12 07:29:00,0.1
2025-06-12 05:44:00,6.2
2025-06-12 10:45:00,76.3
2025-06-12 09:03:00,4.3
2025-06-12 07:48:00,50.17195767195767
2025-06-12 07:51:00,86.9
2025-06-12 12:14:00,50.17195767195767
2025-06-12 13:44:00,50.17195767195767
2025-06-12 19:57:00,42.5
2025-06-12 07:19:00,50.17195767195767
2025-06-12 06:20:00,44.9
2025-06-12 14:15:00,36.2
2025-06-12 13:00:00,54.9
2025-06-12 11:54:00,59.1
2025-06-12 08:30:00,50.17195767195767
2025-06-12 00:40:00,62.7
2025-06-12 13:04:00,47.8
2025-06-12 15:33:00,50.17195767195767
2025-06-12 15:17:00,55.1
2025-06-12 13:36:00,34.4
2025-06-12 03:48:00,68.6
2025-06-12 15:53:00,62.0
2025-06-12 07:38:00,93.1
2025-06-12 01:30:00,3.3
2025-06-12 11:10:00,67.9
2025-06-12 02:49:00,50.17195767195767
2025-06-12 16:00:00,65.0
2025-06-12 06:56:00,25.7
2025-06-12 19:33:00,24.7
2025-06-12 00:26:00,49.7
2025-06-12 16:54:00,67.0
2025-06-12 18:11:00,59.1
2025-06-12 21:20:00,67.2
2025-06-12 01:31:00,31.2
2025-06-12 08:55:00,58.4
2025-06-12 14:31:00,4.2
2025-06-12 03:30:00,50.17195767195767
2025-06-12 21:51:00,50.17195767195767
2025-06-12 10:06:00,46.9
2025-06-12 01:09:00,90.9
2025-06-12 06:44:00,42.8
2025-06-12 06:35:00,63.5
2025-06-12 03:20:00,28.1
2025-06-12 06:30:00,50.17195767195767
2025-06-12 19:56:00,6.5
2025-06-12 12:12:00,81.9
2025-06-12 16:01:00,50.17195767195767
2025-06-12 04:55:00,25.7
2025-06-12 13:10:00,97.5
2025-06-12 04:50:00,29.7
2025-06-12 06:18:00,30.3
2025-06-12 19:47:00,50.17195767195767
2025-06-12 03:47:00,50.17195767195767
2025-06-12 21:42:00,40.8
2025-06-12 15:14:00,53.6
2025-06-12 01:11:00,89.1
2025-06-12 07:30:00,82.6
2025-06-12 05:26:00,28.5
2025-06-12 00:10:00,50.17195767195767
2025-06-12 22:18:00,62.9
2025-06-12 03:39:00,18.4
2025-06-12 10:56:00,19.7
2025-06-12 22:39:00,50.17195767195767
2025-06-12 15:16:00,13.7
2025-06-12 07:07:00,50.17195767195767
2025-06-12 05:17:00,96.3
2025-06-12 22:30:00,50.17195767195767
2025-06-12 20:27:00,61.1
2025-06-12 23:18:00,37.3
2025-06-12 08:11:00,62.6
2025-06-12 02:35:00,50.17195767195767
2025-06-12 17:16:00,68.8
2025-06-12 13:57:00,50.7
2025-06-12 13:01:00,63.0
2025-06-12 18:48:00,56.6
2025-06-12 13:37:00,76.4
2025-06-12 21:33:00,67.9
2025-06-12 01:16:00,77.6
2025-06-12 07:48:00,51.3
2025-06-12 08:07:00,32.5
2025-06-12 23:33:00,50.17195767195767
2025-06-12 13:55:00,31.6
2025-06-12 14:21:00,57.0
2025-06-12 07:35:00,72.0
2025-06-12 07:50:00,82.1
2025-06-12 08:35:00,97.7
2025-06-12 08:26:00,50.17195767195767
2025-06-12 19:01:00,46.6
2025-06-12 14:20:00,20.6
2025-06-12 02:21:00,47.8
2025-06-12 10:36:00,21.5
2025-06-12 08:35:00,0.9
2025-06-12 00:56:00,7.2
2025-06-12 10:32:00,81.4
2025-06-12 05:45:00,50.17195767195767
2025-06-12 03:32:00,90.3
2025-06-12 21:10:00,38.4
2025-06-12 10:24:00,50.17195767195767
2025-06-12 06:55:00,50.17195767195767
2025-06-12 13:39:00,34.2
2025-06-12 19:47:00,76.5
2025-06-12 04:14:00,50.17195767195767
2025-06-12 00:39:00,22.3
2025-06-12 20:49:00,90.8
2025-06-12 12:42:00,5.9
2025-06-12 11:49:00,73.6
2025-06-12 15:01:00,40.6
2025-06-12 04:26:00,50.17195767195767
2025-06-12 23:51:00,25.3
2025-06-12 09:31:00,30.3
2025-06-12 04:31:00,90.9
2025-06-12 07:37:00,12.4
2025-06-12 02:01:00,50.17195767195767
2025-06-12 13:07:00,86.2
2025-06-12 14:58:00,19.6
2025-06-12 01:34:00,86.1
2025-06-12 11:46:00,84.8
2025-06-12 11:24:00,50.17195767195767
2025-06-12 04:45:00,63.2
2025-06-12 04:29:00,16.0
2025-06-12 03:46:00,55.9
2025-06-12 07:04:00,76.9
2025-06-12 11:02:00,25.7
2025-06-12 10:03:00,50.17195767195767
2025-06-12 13:49:00,50.17195767195767
2025-06-12 08:39:00,57.2
2025-06-12 06:16:00,48.7
2025-06-12 17:18:00,8.9
2025-06-12 11:11:00,77.7
2025-06-12 16:08:00,8.0
2025-06-12 03:55:00,50.17195767195767
2025-06-12 02:07:00,17.9
2025-06-12 20:00:00,86.9
2025-06-12 04:19:00,76.3
2025-06-12 01:50:00,46.1
2025-06-12 03:27:00,82.5
2025-06-12 02:57:00,45.5
2025-06-12 03:08:00,69.8
2025-06-12 04:40:00,35.7
2025-06-12 19:14:00,60.5
2025-06-12 11:15:00,50.17195767195767
2025-06-12 09:36:00,50.17195767195767
2025-06-12 03:25:00,6.3
2025-06-12 16:52:00,50.17195767195767
2025-06-12 16:36:00,10.7
2025-06-12 04:01:00,74.3
2025-06-12 04:47:00,32.2
2025-06-12 14:52:00,50.17195767195767
2025-06-12 08:47:00,76.1
2025-06-12 00:29:00,43.6
2025-06-12 12:06:00,89.1
2025-06-12 16:28:00,40.4
2025-06-12 04:04:00,21.6
2025-06-12 15:58:00,62.1
2025-06-12 02:14:00,50.17195767195767
2025-06-12 23:00:00,91.2
2025-06-12 18:28:00,24.9
2025-06-12 07:38:00,38.0
2025-06-12 21:15:00,48.6
2025-06-12 07:19:00,50.17195767195767
2025-06-12 12:14:00,50.17195767195767
2025-06-12 01:50:00,35.3
2025-06-12 05:29:00,49.7
2025-06-12 17:50:00,77.7
2025-06-12 10:18:00,22.9
2025-06-12 07:41:00,29.2
2025-06-12 12:49:00,92.9
2025-06-12 11:42:00,56.8
2025-06-12 16:06:00,9.6
2025-06-12 14:23:00,50.17195767195767
2025-06-12 21:50:00,12.3
2025-06-12 06:52:00,87.1
2025-06-12 11:34:00,25.9
2025-06-12 10:04:00,54.0
2025-06-12 07:25:00,21.5
2025-06-12 03:49:00,57.0
2025-06-12 06:18:00,55.0
2025-06-12 02:15:00,50.17195767195767
2025-06-12 23:59:00,46.0
2025-06-12 18:51:00,80.3
2025-06-12 19:53:00,31.4
2025-06-12 06:47:00,62.5
2025-06-12 18:04:00,42.0
2025-06-12 04:04:00,35.2
2025-06-12 10:58:00,81.9
2025-06-12 13:46:00,3.1
2025-06-12 23:34:00,62.7
2025-06-12 03:32:00,44.3
2025-06-12 21:43:00,50.17195767195767
2025-06-12 16:21:00,90.6
2025-06-12 01:32:00,67.4
2025-06-12 19:37:00,34.3
2025-06-12 18:41:00,83.4
2025-06-12 16:04:00,48.4
2025-06-12 18:28:00,98.1
2025-06-12 02:58:00,67.9
2025-06-12 07:13:00,15.9
2025-06-12 10:56:00,46.8
2025-06-12 21:11:00,11.5
2025-06-12 09:09:00,52.4
2025-06-12 03:21:00,56.3
2025-06-12 07:41:00,81.7
2025-06-12 17:30:00,15.3
2025-06-12 09:29:00,19.3
2025-06-12 04:32:00,50.17195767195767
2025-06-12 11:18:00,73.5
2025-06-12 15:26:00,86.2
2025-06-12 12:55:00,44.7
2025-06-12 05:14:00,42.0
2025-06-12 10:01:00,68.2
2025-06-12 14:56:00,32.6
2025-06-12 06:53:00,31.4
2025-06-12 17:21:00,69.8
2025-06-12 06:12:00,12.1
2025-06-12 21:52:00,60.3
2025-06-12 12:32:00,77.0
2025-06-12 03:02:00,50.17195767195767
2025-06-12 18:50:00,18.3
2025-06-12 19:41:00,68.8
2025-06-12 09:39:00,71.1
2025-06-12 00:10:00,50.17195767195767
2025-06-12 04:27:00,30.5
2025-06-12 09:40:00,56.1
2025-06-12 18:13:00,13.1
2025-06-12 18:01:00,77.2
2025-06-12 07:17:00,40.0
2025-06-12 20:52:00,32.5
2025-06-12 22:46:00,76.1
2025-06-12 08:34:00,50.17195767195767
2025-06-12 18:33:00,59.1
2025-06-12 20:02:00,10.8
2025-06-12 03:53:00,83.1
2025-06-12 01:20:00,23.5
2025-06-12 21:59:00,14.4
2025-06-12 14:59:00,30.0
2025-06-12 07:58:00,62.6
2025-06-12 03:28:00,66.4
2025-06-12 08:44:00,58.7
2025-06-12 15:13:00,22.6
2025-06-12 06:01:00,3.5
2025-06-12 22:01:00,70.1
2025-06-12 10:21:00,16.3
2025-06-12 01:30:00,58.6
2025-06-12 16:55:00,56.2
2025-06-12 23:36:00,69.6
2025-06-12 21:08:00,50.17195767195767
2025-06-12 21:55:00,51.4
2025-06-12 17:00:00,91.1
2025-06-12 05:56:00,50.3
2025-06-12 12:34:00,25.2
2025-06-12 01:06:00,90.9
2025-06-12 22:46:00,89.2
2025-06-12 22:36:00,99.4
2025-06-12 02:58:00,9.3
2025-06-12 10:10:00,90.3
2025-06-12 20:36:00,1.7
2025-06-12 20:08:00,9.3
2025-06-12 09:36:00,15.5
2025-06-12 03:59:00,48.5
2025-06-12 10:44:00,56.8
2025-06-12 09:25:00,6.5
2025-06-12 21:36:00,68.8
2025-06-12 23:32:00,49.2
2025-06-12 13:09:00,74.5
2025-06-12 09:06:00,30.6
2025-06-12 19:34:00,28.1
2025-06-12 18:12:00,50.17195767195767
2025-06-12 05:07:00,89.3
2025-06-12 23:40:00,61.4
2025-06-12 21:02:00,68.4
2025-06-12 21:11:00,44.3
2025-06-12 21:03:00,71.1
2025-06-12 22:00:00,47.4
2025-06-12 06:22:00,31.8
2025-06-12 09:37:00,19.7
2025-06-12 10:57:00,50.17195767195767
2025-06-12 14:06:00,21.5
2025-06-12 10:55:00,84.6
2025-06-12 03:15:00,18.0
2025-06-12 09:14:00,91.7
2025-06-12 07:34:00,50.8
2025-06-12 21:39:00,26.6
2025-06-12 03:34:00,81.5
2025-06-12 12:08:00,32.3
2025-06-12 00:38:00,88.9
2025-06-12 07:44:00,18.7
2025-06-12 12:41:00,46.4
2025-06-12 06:14:00,96.8
2025-06-12 22:42:00,95.4
2025-06-12 23:13:00,56.7
2025-06-12 04:01:00,0.9
2025-06-12 04:29:00,50.17195767195767
2025-06-12 20:33:00,54.7
2025-06-12 20:11:00,12.8
2025-06-12 03:11:00,45.2
2025-06-12 21:33:00,97.7
2025-06-12 02:19:00,87.6
2025-06-12 02:39:00,33.8
2025-06-12 03:52:00,84.4
2025-06-12 14:45:00,65.0
2025-06-12 14:03:00,41.7
2025-06-12 15:35:00,72.0
2025-06-12 11:40:00,60.2
2025-06-12 05:51:00,20.7
2025-06-12 19:30:00,90.0
2025-06-12 16:53:00,14.1
2025-06-12 20:43:00,49.69252501471454
2025-06-12 13:25:00,37.8
2025-06-12 11:30:00,49.69252501471454
2025-06-12 10:18:00,31.4
2025-06-12 22:10:00,81.6
2025-06-12 10:31:00,28.2
2025-06-12 23:09:00,30.2
2025-06-12 14:07:00,60.4
2025-06-12 15:22:00,70.6
2025-06-12 18:36:00,17.8
2025-06-12 18:43:00,26.7
2025-06-12 16:34:00,85.5
2025-06-12 14:22:00,95.2
2025-06-12 23:25:00,68.4
2025-06-12 06:27:00,24.6
2025-06-12 21:01:00,49.69252501471454
2025-06-12 00:08:00,14.5
2025-06-12 10:29:00,2.5
2025-06-12 09:58:00,25.4
2025-06-12 17:07:00,49.69252501471454
2025-06-12 03:01:00,34.7
2025-06-12 02:27:00,61.3
2025-06-12 19:53:00,93.1
2025-06-12 15:26:00,90.6
2025-06-12 23:27:00,44.2
2025-06-12 06:28:00,49.69252501471454
2025-06-12 12:32:00,49.69252501471454
2025-06-12 09:31:00,71.2
2025-06-12 04:19:00,97.9
2025-06-12 07:27:00,68.3
2025-06-12 07:31:00,4.2
2025-06-12 12:18:00,49.69252501471454
2025-06-12 08:40:00,17.2
2025-06-12 18:31:00,94.4
2025-06-12 01:26:00,89.1
2025-06-12 18:30:00,33.4
2025-06-12 17:04:00,49.69252501471454
2025-06-12 19:27:00,89.1
2025-06-12 13:59:00,73.9
2025-06-12 13:18:00,90.0
2025-06-12 22:12:00,84.1
2025-06-12 23:16:00,75.3
2025-06-12 03:23:00,56.1
2025-06-12 21:39:00,65.3
2025-06-12 05:25:00,37.8
2025-06-12 05:44:00,56.0
2025-06-12 22:29:00,63.3
2025-06-12 22:25:00,57.9
2025-06-12 04:43:00,83.2
2025-06-12 02:00:00,47.7
2025-06-12 16:08:00,97.2
2025-06-12 14:51:00,49.69252501471454
2025-06-12 19:44:00,9.6
2025-06-12 08:04:00,20.1
2025-06-12 02:17:00,49.69252501471454
2025-06-12 04:03:00,79.7
2025-06-12 22:20:00,26.4
2025-06-12 21:12:00,48.6
2025-06-12 18:18:00,7.4
2025-06-12 09:42:00,49.69252501471454
2025-06-12 22:56:00,42.9
2025-06-12 15:52:00,18.9
2025-06-12 09:33:00,73.1
2025-06-12 16:31:00,90.8
2025-06-12 10:37:00,73.7
2025-06-12 23:20:00,37.9
2025-06-12 00:10:00,5.7
2025-06-12 06:12:00,49.69252501471454
2025-06-12 21:42:00,71.0
2025-06-12 20:30:00,32.6
2025-06-12 08:31:00,2.7
2025-06-12 10:00:00,49.69252501471454
2025-06-12 13:29:00,4.2
2025-06-12 17:47:00,21.8
2025-06-12 20:47:00,49.69252501471454
2025-06-12 14:52:00,25.9
2025-06-12 12:23:00,42.5
2025-06-12 23:59:00,33.7
2025-06-12 21:24:00,49.69252501471454
2025-06-12 14:11:00,17.2
2025-06-12 04:07:00,49.69252501471454
2025-06-12 17:02:00,37.4
2025-06-12 15:51:00,17.6
2025-06-12 05:09:00,82.6
2025-06-12 14:18:00,33.2
2025-06-12 11:38:00,88.1
2025-06-12 02:49:00,35.6
2025-06-12 01:06:00,41.4
2025-06-12 01:17:00,50.3
2025-06-12 01:14:00,29.2
2025-06-12 04:26:00,49.69252501471454
2025-06-12 23:24:00,37.3
2025-06-12 02:53:00,49.69252501471454
2025-06-12 08:32:00,1.5
2025-06-12 03:46:00,49.69252501471454
2025-06-12 20:54:00,67.5
2025-06-12 07:06:00,1.1
2025-06-12 04:40:00,96.2
2025-06-12 16:11:00,49.69252501471454
2025-06-12 17:59:00,78.5
2025-06-12 00:14:00,3.4
2025-06-12 04:53:00,51.5
2025-06-12 08:14:00,81.2
2025-06-12 10:10:00,94.6
2025-06-12 17:00:00,94.6
2025-06-12 22:36:00,41.8
2025-06-12 17:50:00,70.3
2025-06-12 02:46:00,38.0
2025-06-12 22:05:00,38.0
2025-06-12 02:13:00,39.6
2025-06-12 10:33:00,58.5
2025-06-12 14:04:00,48.9
2025-06-12 06:27:00,49.69252501471454
2025-06-12 21:58:00,19.0
2025-06-12 22:10:00,51.5
2025-06-12 23:29:00,87.5
2025-06-12 21:49:00,35.2
2025-06-12 12:31:00,60.5
2025-06-12 02:26:00,80.5
2025-06-12 13:39:00,49.69252501471454
2025-06-12 04:49:00,8.5
2025-06-12 10:01:00,49.69252501471454
2025-06-12 00:57:00,95.6
2025-06-12 18:05:00,39.8
2025-06-12 13:02:00,74.5
2025-06-12 01:09:00,10.5
2025-06-12 19:39:00,19.7
2025-06-12 00:25:00,49.69252501471454
2025-06-12 01:19:00,67.7
2025-06-12 13:00:00,34.3
2025-06-12 00:10:00,97.6
2025-06-12 21:51:00,98.3
2025-06-12 07:07:00,60.5
2025-06-12 16:40:00,12.4
2025-06-12 15:42:00,63.2
2025-06-12 03:55:00,88.9
2025-06-12 08:17:00,98.2
2025-06-12 09:44:00,31.6
2025-06-12 18:11:00,92.1
2025-06-12 09:53:00,63.0
2025-06-12 16:00:00,81.5
2025-06-12 05:58:00,56.2
2025-06-12 18:01:00,51.4
2025-06-12 12:40:00,63.1
2025-06-12 22:35:00,7.6
2025-06-12 10:41:00,38.6
2025-06-12 15:01:00,4.6
2025-06-12 23:06:00,7.4
2025-06-12 01:18:00,54.0
2025-06-12 09:20:00,68.8
2025-06-12 07:22:00,13.4
2025-06-12 10:06:00,67.6
2025-06-12 22:31:00,7.5
2025-06-12 02:22:00,61.7
2025-06-12 02:48:00,29.5
2025-06-12 20:47:00,50.7
2025-06-12 12:10:00,10.9
2025-06-12 01:15:00,49.69252501471454
2025-06-12 11:16:00,95.7
2025-06-12 16:27:00,6.7
2025-06-12 15:09:00,63.2
2025-06-12 20:09:00,14.6
2025-06-12 17:10:00,96.5
2025-06-12 02:56:00,38.7
2025-06-12 13:10:00,42.6
2025-06-12 11:53:00,21.4
2025-06-12 23:11:00,83.5
2025-06-12 19:45:00,49.69252501471454
2025-06-12 07:30:00,43.6
2025-06-12 22:34:00,67.6
2025-06-12 04:01:00,31.4
2025-06-12 12:24:00,53.7
2025-06-12 04:03:00,85.9
2025-06-12 01:08:00,90.0
2025-06-12 13:34:00,67.6
2025-06-12 04:35:00,69.1
2025-06-12 19:48:00,94.4
2025-06-12 08:39:00,99.0
2025-06-12 15:35:00,52.5
2025-06-12 16:12:00,29.7
2025-06-12 01:31:00,38.4
2025-06-12 06:27:00,13.0
2025-06-12 12:37:00,20.1
2025-06-12 18:01:00,84.8
2025-06-12 09:56:00,75.5
2025-06-12 01:46:00,73.6
2025-06-12 19:14:00,50.3
2025-06-12 12:59:00,68.8
2025-06-12 16:27:00,33.7
2025-06-12 15:29:00,41.3
2025-06-12 05:38:00,37.9
2025-06-12 09:57:00,43.5
2025-06-12 17:06:00,19.3
2025-06-12 00:26:00,3.9
2025-06-12 19:27:00,78.1
2025-06-12 13:28:00,6.1
2025-06-12 12:42:00,50.9
2025-06-12 04:31:00,44.7
2025-06-12 18:44:00,22.1
2025-06-12 07:30:00,7.0
2025-06-12 10:36:00,49.69252501471454
2025-06-12 21:47:00,77.8
2025-06-12 11:19:00,70.5
2025-06-12 23:04:00,49.69252501471454
2025-06-12 22:25:00,26.4
2025-06-12 08:40:00,12.6
2025-06-12 19:19:00,49.69252501471454
2025-06-12 18:17:00,58.6
2025-06-12 06:23:00,36.5
2025-06-12 10:01:00,92.6
2025-06-12 16:16:00,67.6
2025-06-12 04:56:00,85.8
2025-06-12 12:09:00,90.8
2025-06-12 04:57:00,16.0
2025-06-12 08:40:00,65.7
2025-06-12 15:32:00,49.69252501471454
2025-06-12 19:44:00,6.8
2025-06-12 00:16:00,5.1
2025-06-12 18:37:00,94.1
2025-06-12 04:03:00,1.4
2025-06-12 13:46:00,49.69252501471454
2025-06-12 23:33:00,59.3
2025-06-12 16:27:00,49.69252501471454
2025-06-12 12:24:00,49.69252501471454
2025-06-12 16:36:00,63.3
2025-06-12 21:26:00,7.0
2025-06-12 11:17:00,39.3
2025-06-12 22:30:00,42.7
2025-06-12 04:37:00,17.4
2025-06-12 08:46:00,76.6
2025-06-12 05:29:00,79.1
2025-06-12 08:42:00,83.6
2025-06-12 11:21:00,14.9
2025-06-12 23:08:00,71.8
2025-06-12 13:47:00,28.9
2025-06-12 17:03:00,49.69252501471454
2025-06-12 08:02:00,42.0
2025-06-12 04:53:00,87.4
2025-06-12 18:14:00,36.4
2025-06-12 05:21:00,64.2
2025-06-12 22:47:00,14.3
2025-06-12 16:52:00,55.8
2025-06-12 13:40:00,86.1
2025-06-12 16:41:00,52.0
2025-06-12 17:39:00,84.7
2025-06-12 11:50:00,22.9
2025-06-12 22:40:00,89.4
2025-06-12 22:59:00,49.69252501471454
2025-06-12 02:16:00,72.4
2025-06-12 01:32:00,94.8
2025-06-12 19:49:00,1.9
2025-06-12 05:39:00,92.5
2025-06-12 06:04:00,49.69252501471454
2025-06-12 11:56:00,49.69252501471454
2025-06-12 13:10:00,59.5
2025-06-12 16:32:00,56.1
2025-06-12 17:07:00,73.6
2025-06-12 01:48:00,63.3
2025-06-12 06:07:00,48.8
2025-06-12 02:31:00,66.4
2025-06-12 12:49:00,44.4
2025-06-12 11:40:00,93.0
2025-06-12 18:32:00,65.7
2025-06-12 23:09:00,11.3
2025-06-12 09:53:00,63.1
2025-06-12 10:25:00,48.5
2025-06-12 00:20:00,64.3
2025-06-12 03:29:00,51.6
2025-06-12 20:14:00,49.69252501471454
2025-06-12 11:40:00,89.1
2025-06-12 16:44:00,77.0
2025-06-12 10:35:00,49.69252501471454
2025-06-12 07:20:00,49.69252501471454
2025-06-12 04:59:00,82.3
2025-06-12 19:28:00,49.69252501471454
2025-06-12 20:43:00,50.7
2025-06-12 18:38:00,77.5
2025-06-12 14:34:00,51.7
2025-06-12 09:49:00,31.6
2025-06-12 06:23:00,70.3
2025-06-12 23:57:00,10.9
2025-06-12 00:28:00,49.69252501471454
2025-06-12 12:48:00,63.7
2025-06-12 06:14:00,49.69252501471454
2025-06-12 00:03:00,54.5
2025-06-12 10:11:00,84.2
2025-06-12 01:38:00,9.5
2025-06-12 17:18:00,81.8
2025-06-12 21:27:00,87.3
2025-06-12 15:21:00,47.8
2025-06-12 10:52:00,77.3
2025-06-12 13:44:00,68.6
2025-06-12 08:38:00,60.5
2025-06-12 02:16:00,95.2
2025-06-12 00:06:00,55.1
2025-06-12 06:03:00,90.8
2025-06-12 23:00:00,69.6
2025-06-12 22:09:00,20.7
2025-06-12 19:51:00,82.3
2025-06-12 01:41:00,23.9
2025-06-12 18:06:00,22.6
2025-06-12 12:56:00,30.7
2025-06-12 09:04:00,50.2
2025-06-12 05:05:00,40.9
2025-06-12 16:20:00,58.4
2025-06-12 13:57:00,30.3
2025-06-12 00:10:00,80.7
2025-06-12 20:16:00,49.69252501471454
2025-06-12 19:05:00,3.5
2025-06-12 04:23:00,3.7
2025-06-12 21:42:00,49.69252501471454
2025-06-12 00:36:00,49.69252501471454
2025-06-12 23:20:00,25.8
2025-06-12 17:28:00,92.4
2025-06-12 03:33:00,49.69252501471454
2025-06-12 03:17:00,21.9
2025-06-12 05:12:00,90.6
2025-06-12 03:18:00,28.0
2025-06-12 14:43:00,73.8
2025-06-12 10:41:00,82.1
2025-06-12 12:56:00,77.1
2025-06-12 06:32:00,1.1
2025-06-12 23:28:00,66.6
2025-06-12 18:03:00,0.7
2025-06-12 18:03:00,96.7
2025-06-12 03:00:00,69.0
2025-06-12 03:21:00,36.0
2025-06-12 02:22:00,2.4
2025-06-12 06:26:00,22.0
2025-06-12 04:57:00,28.5
2025-06-12 09:22:00,3.1
2025-06-12 07:40:00,84.1
2025-06-12 03:01:00,65.2
2025-06-12 21:32:00,18.2
2025-06-12 13:17:00,49.88181818181819
2025-06-12 11:25:00,34.1
2025-06-12 08:47:00,49.88181818181819
2025-06-12 19:25:00,37.7
2025-06-12 04:00:00,58.6
2025-06-12 05:24:00,49.88181818181819
2025-06-12 06:24:00,36.0
2025-06-12 01:02:00,91.7
2025-06-12 00:37:00,45.9
2025-06-12 16:56:00,50.9
2025-06-12 12:59:00,49.88181818181819
2025-06-12 02:06:00,95.3
2025-06-12 05:29:00,49.88181818181819
2025-06-12 05:35:00,99.1
2025-06-12 19:57:00,4.4
2025-06-12 17:15:00,57.3
2025-06-12 18:10:00,93.4
2025-06-12 21:02:00,81.0
2025-06-12 16:09:00,92.0
2025-06-12 17:56:00,49.88181818181819
2025-06-12 19:44:00,47.1
2025-06-12 11:30:00,69.5
2025-06-12 00:13:00,1.5
2025-06-12 04:44:00,4.9
2025-06-12 11:59:00,91.1
2025-06-12 06:44:00,84.3
2025-06-12 08:18:00,49.88181818181819
2025-06-12 20:21:00,71.0
2025-06-12 00:29:00,60.8
2025-06-12 07:14:00,9.7
2025-06-12 18:48:00,98.8
2025-06-12 13:05:00,19.1
2025-06-12 17:53:00,76.9
2025-06-12 04:04:00,45.8
2025-06-12 23:04:00,59.2
2025-06-12 17:43:00,49.88181818181819
2025-06-12 01:28:00,63.0
2025-06-12 01:41:00,28.4
2025-06-12 15:35:00,77.2
2025-06-12 01:30:00,14.9
2025-06-12 15:52:00,49.88181818181819
2025-06-12 08:23:00,49.88181818181819
2025-06-12 13:41:00,89.3
2025-06-12 09:13:00,64.7
2025-06-12 11:23:00,89.9
2025-06-12 21:10:00,36.4
2025-06-12 04:42:00,49.88181818181819
2025-06-12 19:16:00,49.9
2025-06-12 00:41:00,37.4
2025-06-12 06:13:00,44.8
2025-06-12 00:26:00,31.9
2025-06-12 23:38:00,33.9
2025-06-12 01:21:00,49.88181818181819
2025-06-12 17:30:00,32.0
2025-06-12 12:37:00,97.7
2025-06-12 12:29:00,36.4
2025-06-12 12:34:00,49.88181818181819
2025-06-12 08:23:00,59.4
2025-06-12 11:27:00,63.9
2025-06-12 18:15:00,6.5
2025-06-12 23:53:00,40.2
2025-06-12 17:56:00,69.2
2025-06-12 18:07:00,68.8
2025-06-12 20:59:00,33.0
2025-06-12 06:24:00,18.2
2025-06-12 15:07:00,24.7
2025-06-12 21:19:00,46.7
2025-06-12 14:05:00,97.0
2025-06-12 21:00:00,30.2
2025-06-12 04:06:00,85.0
2025-06-12 13:21:00,49.88181818181819
2025-06-12 15:05:00,98.4
2025-06-12 12:36:00,95.3
2025-06-12 14:48:00,23.8
2025-06-12 20:55:00,31.7
2025-06-12 04:56:00,48.9
2025-06-12 20:54:00,67.1
2025-06-12 18:41:00,77.2
2025-06-12 06:51:00,2.2
2025-06-12 22:27:00,41.0
2025-06-12 17:53:00,31.8
2025-06-12 08:52:00,16.3
2025-06-12 07:26:00,49.88181818181819
2025-06-12 08:25:00,63.8
2025-06-12 09:03:00,53.7
2025-06-12 21:34:00,13.1
2025-06-12 03:36:00,49.88181818181819
2025-06-12 01:04:00,49.88181818181819
2025-06-12 21:01:00,32.8
2025-06-12 18:57:00,8.6
2025-06-12 20:50:00,49.88181818181819
2025-06-12 23:58:00,2.6
2025-06-12 09:12:00,62.7
2025-06-12 03:26:00,33.1
2025-06-12 05:48:00,49.88181818181819
2025-06-12 15:31:00,38.9
2025-06-12 19:14:00,50.0
2025-06-12 21:06:00,49.88181818181819
2025-06-12 17:04:00,24.6
2025-06-12 02:01:00,16.3
2025-06-12 05:41:00,2.3
2025-06-12 07:05:00,63.5
2025-06-12 23:29:00,21.7
2025-06-12 08:48:00,82.7
2025-06-12 18:05:00,19.0
2025-06-12 02:48:00,30.0
2025-06-12 00:08:00,42.4
2025-06-12 02:50:00,56.0
2025-06-12 22:03:00,61.8
2025-06-12 20:18:00,97.0
2025-06-12 23:53:00,38.2
2025-06-12 05:10:00,97.4
2025-06-12 06:48:00,79.8
2025-06-12 02:49:00,49.88181818181819
2025-06-12 19:25:00,70.8
2025-06-12 13:30:00,57.9
2025-06-12 08:21:00,13.0
2025-06-12 12:41:00,80.9
2025-06-12 16:39:00,68.9
2025-06-12 04:21:00,49.88181818181819
2025-06-12 23:08:00,55.7
2025-06-12 15:14:00,17.4
2025-06-12 17:21:00,48.1
2025-06-12 16:07:00,4.1
2025-06-12 14:05:00,37.3
2025-06-12 22:44:00,26.3
2025-06-12 22:03:00,49.88181818181819
2025-06-12 21:53:00,36.4
2025-06-12 05:04:00,72.6
2025-06-12 04:25:00,97.4
2025-06-12 10:59:00,12.7
2025-06-12 17:24:00,96.9
2025-06-12 22:42:00,15.1
2025-06-12 13:59:00,99.1
2025-06-12 07:13:00,42.0
2025-06-12 15:26:00,36.7
2025-06-12 02:25:00,95.7
2025-06-12 09:05:00,86.9
2025-06-12 12:12:00,44.7
2025-06-12 11:40:00,64.4
2025-06-12 09:01:00,50.1
2025-06-12 08:39:00,71.9
2025-06-12 04:07:00,83.4
2025-06-12 03:13:00,33.7
2025-06-12 14:31:00,49.88181818181819
2025-06-12 03:58:00,9.1
2025-06-12 21:55:00,14.6
2025-06-12 08:35:00,71.0
2025-06-12 09:12:00,49.88181818181819
2025-06-12 17:15:00,12.8
2025-06-12 06:03:00,49.88181818181819
2025-06-12 16:04:00,33.1
2025-06-12 00:20:00,85.9
2025-06-12 14:50:00,88.0
2025-06-12 23:21:00,0.6
2025-06-12 12:42:00,63.6
2025-06-12 00:36:00,31.7
2025-06-12 02:51:00,15.0
2025-06-12 01:22:00,72.5
2025-06-12 18:00:00,56.0
2025-06-12 06:19:00,34.6
2025-06-12 01:31:00,64.1
2025-06-12 16:17:00,97.1
2025-06-12 21:27:00,57.0
2025-06-12 11:52:00,6.2
2025-06-12 20:58:00,54.1
2025-06-12 12:04:00,43.6
2025-06-12 17:23:00,31.5
2025-06-12 09:17:00,14.1
2025-06-12 17:42:00,99.8
2025-06-12 02:41:00,49.88181818181819
2025-06-12 11:31:00,49.88181818181819
2025-06-12 19:37:00,49.88181818181819
2025-06-12 20:31:00,16.5
2025-06-12 11:56:00,56.8
2025-06-12 07:41:00,45.6
2025-06-12 21:54:00,4.9
2025-06-12 19:39:00,98.1
2025-06-12 03:02:00,22.2
2025-06-12 04:07:00,25.6
2025-06-12 06:53:00,32.4
2025-06-12 11:56:00,24.5
2025-06-12 00:34:00,77.6
2025-06-12 00:36:00,99.7
2025-06-12 19:25:00,46.6
2025-06-12 10:20:00,49.88181818181819
2025-06-12 23:11:00,25.1
2025-06-12 05:15:00,13.9
2025-06-12 20:51:00,68.0
2025-06-12 02:34:00,30.3
2025-06-12 03:19:00,49.88181818181819
2025-06-12 19:31:00,83.5
2025-06-12 14:01:00,88.6
2025-06-12 23:31:00,34.4
2025-06-12 11:37:00,4.0
2025-06-12 20:14:00,52.7
2025-06-12 15:27:00,7.4
2025-06-12 23:05:00,32.7
2025-06-12 14:28:00,24.4
2025-06-12 13:14:00,90.5
2025-06-12 01:54:00,50.7
2025-06-12 19:54:00,16.4
2025-06-12 23:35:00,85.1
2025-06-12 14:48:00,49.88181818181819
2025-06-12 14:14:00,13.1
2025-06-12 05:05:00,60.4
2025-06-12 20:51:00,92.4
2025-06-12 01:20:00,24.7
2025-06-12 08:15:00,49.88181818181819
2025-06-12 02:32:00,79.5
2025-06-12 03:44:00,61.0
2025-06-12 10:56:00,49.88181818181819
2025-06-12 11:07:00,16.7
2025-06-12 03:01:00,58.9
2025-06-12 06:06:00,42.8
2025-06-12 06:25:00,49.88181818181819
2025-06-12 09:54:00,58.8
2025-06-12 09:29:00,35.3
2025-06-12 04:16:00,63.1
2025-06-12 13:19:00,93.0
2025-06-12 02:16:00,77.6
2025-06-12 10:11:00,10.6
2025-06-12 09:23:00,92.1
2025-06-12 15:21:00,27.8
2025-06-12 10:51:00,66.3
2025-06-12 21:52:00,20.2
2025-06-12 12:42:00,98.3
2025-06-12 07:40:00,80.4
2025-06-12 10:19:00,71.2
2025-06-12 04:34:00,73.3
2025-06-12 14:27:00,96.1
2025-06-12 01:01:00,97.3
2025-06-12 18:13:00,49.88181818181819
2025-06-12 14:14:00,41.9
2025-06-12 08:05:00,49.88181818181819
2025-06-12 04:40:00,50.8
2025-06-12 02:27:00,58.9
2025-06-12 00:34:00,22.8
2025-06-12 09:59:00,61.8
2025-06-12 14:03:00,47.2
2025-06-12 19:48:00,95.4
2025-06-12 00:49:00,12.8
2025-06-12 23:39:00,28.0
2025-06-12 19:52:00,87.3
2025-06-12 03:29:00,63.3
2025-06-12 15:09:00,73.2
2025-06-12 19:45:00,97.1
2025-06-12 23:37:00,49.88181818181819
2025-06-12 16:21:00,68.6
2025-06-12 17:56:00,82.3
2025-06-12 13:51:00,91.1
2025-06-12 04:35:00,17.0
2025-06-12 11:22:00,6.8
2025-06-12 22:31:00,77.2
2025-06-12 15:35:00,72.6
2025-06-12 12:14:00,49.88181818181819
2025-06-12 21:09:00,63.5
2025-06-12 19:58:00,85.4
2025-06-12 10:13:00,49.88181818181819
2025-06-12 22:02:00,39.5
2025-06-12 10:52:00,39.6
2025-06-12 00:10:00,89.5
2025-06-12 06:31:00,13.6
2025-06-12 19:20:00,96.5
2025-06-12 21:31:00,65.2
2025-06-12 22:24:00,80.3
2025-06-12 22:20:00,98.4
2025-06-12 12:26:00,94.8
2025-06-12 22:27:00,36.0
2025-06-12 21:04:00,77.1
2025-06-12 19:58:00,49.88181818181819
2025-06-12 09:02:00,99.0
2025-06-12 12:26:00,33.8
2025-06-12 16:13:00,11.7
2025-06-12 06:17:00,49.88181818181819
2025-06-12 03:54:00,49.88181818181819
2025-06-12 07:35:00,19.1
2025-06-12 04:11:00,42.2
2025-06-12 04:21:00,28.2
2025-06-12 01:01:00,75.0
2025-06-12 18:31:00,69.6
2025-06-12 17:22:00,82.2
2025-06-12 19:35:00,49.88181818181819
2025-06-12 08:01:00,36.7
2025-06-12 20:15:00,17.7
2025-06-12 04:24:00,13.3
2025-06-12 12:19:00,49.88181818181819
2025-06-12 23:19:00,49.88181818181819
2025-06-12 14:01:00,22.7
2025-06-12 20:41:00,2.8
2025-06-12 06:07:00,12.3
2025-06-12 13:32:00,62.6
2025-06-12 02:35:00,68.1
2025-06-12 01:30:00,33.6
2025-06-12 07:05:00,49.88181818181819
2025-06-12 03:04:00,94.4
2025-06-12 16:49:00,49.88181818181819
2025-06-12 09:12:00,98.3
2025-06-12 11:07:00,55.6
2025-06-12 11:21:00,11.6
2025-06-12 15:51:00,4.3
2025-06-12 08:26:00,72.6
2025-06-12 23:22:00,94.5
2025-06-12 04:31:00,49.88181818181819
2025-06-12 09:33:00,49.88181818181819
2025-06-12 11:12:00,49.88181818181819
2025-06-12 07:47:00,29.8
2025-06-12 20:54:00,49.88181818181819
2025-06-12 18:01:00,2.3
2025-06-12 06:36:00,7.2
2025-06-12 00:44:00,3.7
2025-06-12 07:25:00,27.3
2025-06-12 16:46:00,69.0
2025-06-12 03:10:00,45.9
2025-06-12 10:35:00,30.4
2025-06-12 20:32:00,62.9
2025-06-12 12:18:00,40.1
2025-06-12 11:39:00,47.3
2025-06-12 11:13:00,0.9
2025-06-12 15:01:00,69.8
2025-06-12 07:40:00,6.1
2025-06-12 21:49:00,24.9
2025-06-12 05:38:00,49.88181818181819
2025-06-12 16:10:00,57.1
2025-06-12 20:09:00,13.3
2025-06-12 00:25:00,61.4
2025-06-12 06:21:00,26.0
2025-06-12 23:52:00,5.6
2025-06-12 05:36:00,4.4
2025-06-12 09:20:00,28.6
2025-06-12 19:40:00,69.8
2025-06-12 03:51:00,3.9
2025-06-12 14:52:00,39.1
2025-06-12 23:52:00,78.0
2025-06-12 07:15:00,43.5
2025-06-12 07:52:00,44.0
2025-06-12 18:57:00,36.2
2025-06-12 08:42:00,78.9
2025-06-12 21:32:00,13.2
2025-06-12 20:47:00,38.7
2025-06-12 02:01:00,55.1
2025-06-12 04:57:00,21.6
2025-06-12 18:06:00,49.88181818181819
2025-06-12 21:33:00,49.88181818181819
2025-06-12 05:40:00,67.4
2025-06-12 23:11:00,68.3
2025-06-12 16:01:00,84.3
2025-06-12 21:01:00,62.9
2025-06-12 20:14:00,38.0
2025-06-12 08:30:00,15.1
2025-06-12 12:57:00,2.1
2025-06-12 12:35:00,77.1
2025-06-12 04:58:00,4.5
2025-06-12 06:37:00,12.7
2025-06-12 10:41:00,75.5
2025-06-12 20:38:00,27.2
2025-06-12 00:50:00,24.8
2025-06-12 03:01:00,50.019744401453856
2025-06-12 10:28:00,84.5
2025-06-12 12:32:00,2.2
2025-06-12 07:51:00,47.1
2025-06-12 11:57:00,48.2
2025-06-12 08:08:00,86.7
2025-06-12 13:54:00,50.019744401453856
2025-06-12 05:47:00,65.7
2025-06-12 18:00:00,23.4
2025-06-12 21:01:00,50.0
2025-06-12 12:22:00,64.8
2025-06-12 15:01:00,31.5
2025-06-12 09:59:00,89.5
2025-06-12 01:21:00,44.3
2025-06-12 18:18:00,76.2
2025-06-12 17:52:00,63.5
2025-06-12 08:03:00,64.4
2025-06-12 11:42:00,90.5
2025-06-12 17:34:00,89.3
2025-06-12 21:17:00,55.9
2025-06-12 21:12:00,79.7
2025-06-12 08:14:00,4.2
2025-06-12 07:53:00,85.0
2025-06-12 04:43:00,65.9
2025-06-12 20:24:00,7.0
2025-06-12 15:03:00,80.6
2025-06-12 05:29:00,41.8
2025-06-12 14:35:00,82.5
2025-06-12 16:16:00,20.8
2025-06-12 21:53:00,63.2
2025-06-12 15:37:00,59.7
2025-06-12 13:29:00,52.9
2025-06-12 10:24:00,23.5
2025-06-12 21:10:00,55.0
2025-06-12 20:06:00,66.9
2025-06-12 15:11:00,60.1
2025-06-12 16:25:00,90.2
2025-06-12 23:44:00,44.6
2025-06-12 18:29:00,11.1
2025-06-12 20:04:00,50.019744401453856
2025-06-12 22:55:00,90.7
2025-06-12 06:16:00,55.0
2025-06-12 19:50:00,14.2
2025-06-12 20:08:00,6.1
2025-06-12 00:07:00,50.019744401453856
2025-06-12 13:00:00,43.7
2025-06-12 01:04:00,57.2
2025-06-12 07:25:00,88.9
2025-06-12 12:01:00,90.9
2025-06-12 02:03:00,41.6
2025-06-12 13:22:00,27.0
2025-06-12 16:54:00,61.9
2025-06-12 11:59:00,28.3
2025-06-12 16:22:00,26.9
2025-06-12 20:16:00,96.4
2025-06-12 10:12:00,6.5
2025-06-12 23:53:00,51.5
2025-06-12 05:15:00,50.019744401453856
2025-06-12 03:42:00,9.5
2025-06-12 03:13:00,27.4
2025-06-12 08:34:00,59.7
2025-06-12 01:01:00,67.2
2025-06-12 18:43:00,49.8
2025-06-12 00:29:00,2.9
2025-06-12 02:36:00,84.1
2025-06-12 04:25:00,15.8
2025-06-12 09:46:00,24.0
2025-06-12 00:10:00,50.019744401453856
2025-06-12 13:38:00,63.3
2025-06-12 04:15:00,68.1
2025-06-12 13:52:00,36.3
2025-06-12 04:18:00,77.6
2025-06-12 02:18:00,27.4
2025-06-12 00:26:00,73.6
2025-06-12 21:52:00,50.019744401453856
2025-06-12 20:57:00,24.9
2025-06-12 20:21:00,62.7
2025-06-12 06:58:00,65.3
2025-06-12 07:30:00,78.7
2025-06-12 03:27:00,37.9
2025-06-12 11:11:00,24.7
2025-06-12 23:51:00,55.2
2025-06-12 19:07:00,10.9
2025-06-12 10:05:00,77.6
2025-06-12 12:24:00,10.3
2025-06-12 10:50:00,50.019744401453856
2025-06-12 08:16:00,1.7
2025-06-12 21:59:00,70.7
2025-06-12 09:33:00,57.9
2025-06-12 03:49:00,50.019744401453856
2025-06-12 05:53:00,34.7
2025-06-12 15:12:00,53.9
2025-06-12 23:26:00,68.5
2025-06-12 00:38:00,52.6
2025-06-12 00:30:00,77.7
2025-06-12 03:45:00,10.1
2025-06-12 18:14:00,10.6
2025-06-12 19:05:00,9.8
2025-06-12 03:10:00,48.8
2025-06-12 21:32:00,57.1
2025-06-12 02:09:00,82.0
2025-06-12 00:34:00,99.1
2025-06-12 18:04:00,98.3
2025-06-12 16:48:00,92.4
2025-06-12 20:24:00,19.7
2025-06-12 02:38:00,50.019744401453856
2025-06-12 01:00:00,38.4
2025-06-12 03:50:00,93.9
2025-06-12 09:01:00,8.4
2025-06-12 07:26:00,72.1
2025-06-12 12:58:00,50.019744401453856
2025-06-12 00:37:00,95.3
2025-06-12 17:09:00,80.2
2025-06-12 22:59:00,62.0
2025-06-12 23:09:00,34.4
2025-06-12 20:38:00,53.2
2025-06-12 10:45:00,99.9
2025-06-12 20:56:00,81.5
2025-06-12 06:03:00,85.9
2025-06-12 02:36:00,11.1
2025-06-12 10:24:00,50.019744401453856
2025-06-12 11:56:00,31.9
2025-06-12 10:34:00,34.3
2025-06-12 04:03:00,37.5
2025-06-12 14:41:00,54.0
2025-06-12 20:13:00,50.019744401453856
2025-06-12 17:13:00,52.9
2025-06-12 15:19:00,50.019744401453856
2025-06-12 03:53:00,42.6
2025-06-12 05:46:00,50.019744401453856
2025-06-12 07:07:00,43.1
2025-06-12 06:49:00,29.5
2025-06-12 13:50:00,89.4
2025-06-12 22:16:00,16.0
2025-06-12 16:44:00,39.5
2025-06-12 22:08:00,50.019744401453856
2025-06-12 08:20:00,50.019744401453856
2025-06-12 05:16:00,53.2
2025-06-12 08:13:00,31.9
2025-06-12 01:43:00,82.1
2025-06-12 09:36:00,50.019744401453856
2025-06-12 06:00:00,55.1
2025-06-12 09:42:00,43.8
2025-06-12 09:46:00,75.3
2025-06-12 04:05:00,64.7
2025-06-12 06:26:00,97.9
2025-06-12 11:00:00,34.7
2025-06-12 03:41:00,69.4
2025-06-12 22:29:00,50.9
2025-06-12 12:34:00,54.9
2025-06-12 02:04:00,2.1
2025-06-12 17:09:00,38.9
2025-06-12 11:30:00,56.7
2025-06-12 03:50:00,9.7
2025-06-12 02:28:00,42.2
2025-06-12 21:41:00,68.8
2025-06-12 22:18:00,15.9
2025-06-12 23:52:00,42.6
2025-06-12 04:12:00,68.4
2025-06-12 12:17:00,61.3
2025-06-12 07:05:00,42.9
2025-06-12 09:07:00,98.2
2025-06-12 12:44:00,68.2
2025-06-12 15:28:00,50.019744401453856
2025-06-12 04:29:00,50.019744401453856
2025-06-12 11:41:00,0.2
2025-06-12 21:31:00,50.019744401453856
2025-06-12 18:22:00,10.1
2025-06-12 00:39:00,87.5
2025-06-12 02:44:00,50.019744401453856
2025-06-12 01:59:00,9.3
2025-06-12 08:37:00,5.2
2025-06-12 20:10:00,51.2
2025-06-12 23:38:00,39.5
2025-06-12 01:04:00,28.4
2025-06-12 07:55:00,68.6
2025-06-12 07:06:00,50.019744401453856
2025-06-12 18:09:00,22.3
2025-06-12 18:52:00,2.1
2025-06-12 21:43:00,49.2
2025-06-12 12:26:00,50.019744401453856
2025-06-12 23:14:00,85.5
2025-06-12 16:58:00,79.0
2025-06-12 01:31:00,94.8
2025-06-12 22:13:00,52.0
2025-06-12 11:57:00,84.0
2025-06-12 02:30:00,17.5
2025-06-12 05:18:00,4.0
2025-06-12 10:12:00,50.019744401453856
2025-06-12 14:49:00,50.019744401453856
2025-06-12 17:21:00,29.8
2025-06-12 21:52:00,90.8
2025-06-12 01:59:00,68.3
2025-06-12 01:18:00,48.3
2025-06-12 22:34:00,50.019744401453856
2025-06-12 09:41:00,52.9
2025-06-12 10:08:00,37.2
2025-06-12 04:38:00,40.5
2025-06-12 01:17:00,38.4
2025-06-12 01:40:00,78.6
2025-06-12 16:36:00,22.2
2025-06-12 03:54:00,47.0
2025-06-12 16:28:00,79.6
2025-06-12 07:34:00,56.7
2025-06-12 17:27:00,85.8
2025-06-12 23:15:00,9.7
2025-06-12 14:45:00,66.4
2025-06-12 02:53:00,21.9
2025-06-12 15:32:00,66.3
2025-06-12 04:55:00,2.5
2025-06-12 20:06:00,60.5
2025-06-12 11:20:00,18.7
2025-06-12 08:33:00,71.7
2025-06-12 03:43:00,3.2
2025-06-12 07:01:00,88.9
2025-06-12 22:41:00,26.0
2025-06-12 01:40:00,31.0
2025-06-12 22:43:00,79.2
2025-06-12 20:59:00,50.019744401453856
2025-06-12 22:14:00,84.1
2025-06-12 19:14:00,64.3
2025-06-12 09:46:00,43.9
2025-06-12 15:22:00,50.019744401453856
2025-06-12 15:44:00,52.5
2025-06-12 19:09:00,44.4
2025-06-12 16:20:00,50.019744401453856
2025-06-12 16:04:00,50.019744401453856
2025-06-12 16:05:00,27.6
2025-06-12 18:00:00,35.7
2025-06-12 06:50:00,50.019744401453856
2025-06-12 23:20:00,49.9
2025-06-12 22:30:00,50.7
2025-06-12 11:00:00,50.019744401453856
2025-06-12 03:28:00,50.019744401453856
2025-06-12 21:46:00,56.1
2025-06-12 11:33:00,68.9
2025-06-12 06:58:00,59.8
2025-06-12 20:09:00,62.3
2025-06-12 16:10:00,76.2
2025-06-12 12:06:00,39.1
2025-06-12 12:48:00,41.0
2025-06-12 12:11:00,28.7
2025-06-12 05:04:00,92.0
2025-06-12 02:46:00,57.4
2025-06-12 13:52:00,59.7
2025-06-12 08:53:00,89.9
2025-06-12 10:51:00,7.6
2025-06-12 20:23:00,26.2
2025-06-12 17:59:00,65.7
2025-06-12 12:57:00,93.1
2025-06-12 06:22:00,22.7
2025-06-12 15:05:00,20.3
2025-06-12 16:33:00,50.019744401453856
2025-06-12 01:05:00,18.2
2025-06-12 21:25:00,97.0
2025-06-12 08:49:00,75.0
2025-06-12 02:29:00,82.4
2025-06-12 16:43:00,67.5
2025-06-12 19:13:00,82.4
2025-06-12 04:53:00,39.7
2025-06-12 16:45:00,99.0
2025-06-12 04:23:00,97.9
2025-06-12 13:58:00,43.8
2025-06-12 19:54:00,30.7
2025-06-12 11:29:00,85.8
2025-06-12 22:21:00,57.6
2025-06-12 12:10:00,62.3
2025-06-12 19:24:00,76.3
2025-06-12 15:59:00,23.5
2025-06-12 04:41:00,97.7
2025-06-12 08:14:00,95.8
2025-06-12 05:51:00,20.1
2025-06-12 20:56:00,22.1
2025-06-12 05:05:00,62.6
2025-06-12 23:22:00,47.6
2025-06-12 02:26:00,17.0
2025-06-12 07:00:00,57.6
2025-06-12 02:31:00,75.7
2025-06-12 06:13:00,48.3
2025-06-12 18:00:00,50.019744401453856
2025-06-12 00:41:00,65.7
2025-06-12 02:26:00,50.019744401453856
2025-06-12 08:49:00,26.6
2025-06-12 17:36:00,62.6
2025-06-12 00:24:00,91.3
2025-06-12 11:46:00,50.019744401453856
2025-06-12 12:21:00,68.5
2025-06-12 10:46:00,23.6
2025-06-12 12:37:00,0.2
2025-06-12 16:07:00,56.1
2025-06-12 13:13:00,20.4
2025-06-12 02:39:00,73.9
2025-06-12 07:55:00,2.4
2025-06-12 10:40:00,50.019744401453856
2025-06-12 08:37:00,56.5
2025-06-12 15:24:00,50.019744401453856
2025-06-12 01:20:00,26.3
2025-06-12 15:47:00,84.3
2025-06-12 22:56:00,50.019744401453856
2025-06-12 17:31:00,91.7
2025-06-12 22:01:00,36.8
2025-06-12 11:20:00,6.8
2025-06-12 05:28:00,50.2
2025-06-12 16:10:00,50.019744401453856
2025-06-12 17:11:00,4.7
2025-06-12 12:46:00,7.8
2025-06-12 19:53:00,76.3
2025-06-12 04:53:00,52.8
2025-06-12 04:22:00,7.3
2025-06-12 13:29:00,53.0
2025-06-12 21:36:00,18.0
2025-06-12 04:49:00,27.4
2025-06-12 02:54:00,30.9
2025-06-12 12:17:00,87.6
2025-06-12 14:59:00,37.9
2025-06-12 22:59:00,24.3
2025-06-12 08:07:00,14.6
2025-06-12 05:13:00,6.0
2025-06-12 20:19:00,96.9
2025-06-12 20:30:00,85.8
2025-06-12 13:13:00,50.019744401453856
2025-06-12 09:44:00,75.5
2025-06-12 23:43:00,43.0
2025-06-12 09:08:00,43.0
2025-06-12 09:32:00,8.5
2025-06-12 14:05:00,2.6
2025-06-12 20:11:00,71.0
2025-06-12 18:02:00,69.7
2025-06-12 21:02:00,50.019744401453856
2025-06-12 22:55:00,50.019744401453856
2025-06-12 01:47:00,80.0
2025-06-12 16:18:00,26.0
2025-06-12 12:43:00,48.2
2025-06-12 18:33:00,42.2
2025-06-12 10:21:00,72.0
2025-06-12 08:17:00,63.0
2025-06-12 16:31:00,68.1
2025-06-12 06:16:00,58.0
2025-06-12 16:12:00,49.0
2025-06-12 22:00:00,50.0
2025-06-12 12:35:00,70.1
2025-06-12 21:00:00,86.2
2025-06-12 14:02:00,49.94205948042788
2025-06-12 12:03:00,19.7
2025-06-12 18:39:00,19.2
2025-06-12 18:57:00,73.5
2025-06-12 04:44:00,11.1
2025-06-12 16:48:00,12.0
2025-06-12 19:43:00,22.0
2025-06-12 01:17:00,92.4
2025-06-12 18:23:00,24.3
2025-06-12 04:07:00,13.4
2025-06-12 02:53:00,14.3
2025-06-12 00:24:00,1.2
2025-06-12 18:04:00,16.2
2025-06-12 12:27:00,30.9
2025-06-12 01:00:00,36.6
2025-06-12 08:56:00,94.3
2025-06-12 01:48:00,69.5
2025-06-12 15:32:00,36.7
2025-06-12 11:36:00,8.5
2025-06-12 14:22:00,70.2
2025-06-12 10:31:00,0.8
2025-06-12 16:31:00,14.3
2025-06-12 16:51:00,49.94205948042788
2025-06-12 17:26:00,39.3
2025-06-12 18:09:00,52.1
2025-06-12 07:21:00,35.3
2025-06-12 16:35:00,88.2
2025-06-12 00:08:00,75.6
2025-06-12 20:07:00,49.94205948042788
2025-06-12 03:16:00,70.3
2025-06-12 03:42:00,40.3
2025-06-12 14:35:00,49.94205948042788
2025-06-12 03:57:00,49.94205948042788
2025-06-12 19:43:00,51.4
2025-06-12 08:00:00,22.5
2025-06-12 12:56:00,49.94205948042788
2025-06-12 17:54:00,34.0
2025-06-12 10:43:00,49.94205948042788
2025-06-12 07:01:00,43.8
2025-06-12 16:45:00,62.6
2025-06-12 07:14:00,88.3
2025-06-12 09:57:00,82.1
2025-06-12 11:10:00,37.8
2025-06-12 23:26:00,60.1
2025-06-12 13:17:00,66.6
2025-06-12 12:32:00,38.5
2025-06-12 23:43:00,79.6
2025-06-12 06:04:00,14.3
2025-06-12 15:02:00,68.6
2025-06-12 20:21:00,59.7
2025-06-12 00:02:00,13.0
2025-06-12 10:06:00,49.94205948042788
2025-06-12 14:48:00,23.7
2025-06-12 20:06:00,16.6
2025-06-12 02:19:00,58.3
2025-06-12 09:04:00,4.3
2025-06-12 13:54:00,56.8
2025-06-12 18:50:00,85.8
2025-06-12 09:22:00,36.4
2025-06-12 09:23:00,49.94205948042788
2025-06-12 15:13:00,56.8
2025-06-12 08:40:00,53.5
2025-06-12 12:40:00,87.5
2025-06-12 05:38:00,29.8
2025-06-12 14:17:00,95.8
2025-06-12 21:27:00,46.2
2025-06-12 08:59:00,9.3
2025-06-12 13:42:00,72.8
2025-06-12 23:19:00,32.1
2025-06-12 20:22:00,27.1
2025-06-12 20:09:00,49.94205948042788
2025-06-12 17:16:00,24.1
2025-06-12 12:16:00,93.4
2025-06-12 19:15:00,39.2
2025-06-12 00:19:00,82.4
2025-06-12 04:03:00,8.5
2025-06-12 23:38:00,15.2
2025-06-12 19:21:00,67.7
2025-06-12 09:59:00,12.0
2025-06-12 09:52:00,93.2
2025-06-12 18:59:00,19.1
2025-06-12 08:46:00,42.4
2025-06-12 09:42:00,49.94205948042788
2025-06-12 09:16:00,49.94205948042788
2025-06-12 09:14:00,99.8
2025-06-12 01:16:00,39.6
2025-06-12 16:37:00,13.0
2025-06-12 01:58:00,81.8
2025-06-12 06:56:00,49.94205948042788
2025-06-12 23:39:00,37.9
2025-06-12 12:33:00,67.7
2025-06-12 04:24:00,87.3
2025-06-12 21:09:00,19.9
2025-06-12 06:56:00,38.2
2025-06-12 08:30:00,67.7
2025-06-12 23:04:00,48.2
2025-06-12 12:14:00,35.9
2025-06-12 12:08:00,14.0
2025-06-12 00:39:00,7.4
2025-06-12 08:11:00,47.8
2025-06-12 20:15:00,5.9
2025-06-12 10:27:00,37.7
2025-06-12 16:37:00,44.2
2025-06-12 00:58:00,66.4
2025-06-12 13:56:00,49.94205948042788
2025-06-12 23:27:00,16.9
2025-06-12 23:11:00,93.5
2025-06-12 08:50:00,92.0
2025-06-12 00:30:00,40.3
2025-06-12 02:21:00,49.94205948042788
2025-06-12 10:20:00,23.8
2025-06-12 08:40:00,69.7
2025-06-12 12:55:00,49.3
2025-06-12 08:13:00,92.1
2025-06-12 08:53:00,49.94205948042788
2025-06-12 05:04:00,12.1
2025-06-12 21:30:00,0.3
2025-06-12 07:57:00,61.1
2025-06-12 18:35:00,26.0
2025-06-12 08:23:00,60.9
2025-06-12 20:59:00,88.6
2025-06-12 04:15:00,7.6
2025-06-12 14:42:00,31.6
2025-06-12 03:46:00,49.94205948042788
2025-06-12 00:20:00,49.94205948042788
2025-06-12 11:03:00,66.0
2025-06-12 07:04:00,97.9
2025-06-12 23:56:00,0.4
2025-06-12 06:02:00,47.9
2025-06-12 20:56:00,86.1
2025-06-12 07:50:00,49.94205948042788
2025-06-12 15:11:00,36.4
2025-06-12 19:41:00,49.94205948042788
2025-06-12 09:53:00,64.7
2025-06-12 19:03:00,1.7
2025-06-12 17:28:00,38.0
2025-06-12 12:03:00,1.6
2025-06-12 02:22:00,38.0
2025-06-12 18:39:00,20.5
2025-06-12 18:29:00,85.1
2025-06-12 21:44:00,56.1
2025-06-12 07:14:00,92.5
2025-06-12 14:43:00,97.8
2025-06-12 02:25:00,49.94205948042788
2025-06-12 03:30:00,97.5
2025-06-12 00:17:00,19.3
2025-06-12 10:48:00,42.3
2025-06-12 08:44:00,56.8
2025-06-12 23:22:00,25.0
2025-06-12 13:30:00,24.7
2025-06-12 00:06:00,19.0
2025-06-12 13:07:00,32.0
2025-06-12 03:32:00,89.5
2025-06-12 19:40:00,82.0
2025-06-12 10:02:00,11.7
2025-06-12 10:30:00,34.3
2025-06-12 09:37:00,52.5
2025-06-12 10:23:00,3.4
2025-06-12 03:25:00,49.94205948042788
2025-06-12 05:57:00,31.9
2025-06-12 19:56:00,74.7
2025-06-12 17:16:00,8.9
2025-06-12 00:33:00,88.5
2025-06-12 18:23:00,48.8
2025-06-12 03:57:00,57.4
2025-06-12 01:44:00,95.1
2025-06-12 04:58:00,20.4
2025-06-12 10:24:00,7.9
2025-06-12 06:26:00,76.2
2025-06-12 18:43:00,48.5
2025-06-12 08:40:00,4.2
2025-06-12 04:26:00,13.1
2025-06-12 15:06:00,28.6
2025-06-12 21:36:00,69.4
2025-06-12 21:28:00,23.8
2025-06-12 22:27:00,49.0
2025-06-12 23:45:00,94.9
2025-06-12 11:10:00,22.0
2025-06-12 13:59:00,30.2
2025-06-12 05:15:00,82.8
2025-06-12 14:55:00,54.1
2025-06-12 02:24:00,20.8
2025-06-12 10:46:00,10.3
2025-06-12 06:38:00,79.6
2025-06-12 03:09:00,5.9
2025-06-12 09:06:00,49.94205948042788
2025-06-12 15:51:00,13.0
2025-06-12 00:43:00,49.94205948042788
2025-06-12 20:49:00,49.94205948042788
2025-06-12 03:44:00,43.3
2025-06-12 22:53:00,52.2
2025-06-12 13:59:00,43.7
2025-06-12 06:28:00,28.6
2025-06-12 06:18:00,49.94205948042788
2025-06-12 08:32:00,18.0
2025-06-12 11:52:00,10.8
2025-06-12 02:45:00,49.94205948042788
2025-06-12 09:34:00,27.7
2025-06-12 10:10:00,49.94205948042788
2025-06-12 17:44:00,3.5
2025-06-12 22:50:00,65.8
2025-06-12 06:48:00,2.6
2025-06-12 15:49:00,52.8
2025-06-12 12:49:00,12.5
2025-06-12 11:34:00,1.9
2025-06-12 14:07:00,86.2
2025-06-12 16:39:00,69.7
2025-06-12 11:01:00,13.2
2025-06-12 06:07:00,29.7
2025-06-12 07:40:00,6.7
2025-06-12 10:11:00,89.2
2025-06-12 19:33:00,49.94205948042788
2025-06-12 01:13:00,79.5
2025-06-12 08:01:00,30.6
2025-06-12 23:33:00,56.4
2025-06-12 22:30:00,14.1
2025-06-12 05:29:00,58.2
2025-06-12 12:04:00,49.94205948042788
2025-06-12 11:06:00,49.94205948042788
2025-06-12 20:28:00,49.94205948042788
2025-06-12 16:50:00,74.3
2025-06-12 13:12:00,49.94205948042788
2025-06-12 22:03:00,59.5
2025-06-12 06:08:00,19.0
2025-06-12 01:23:00,78.6
2025-06-12 21:32:00,3.9
2025-06-12 05:23:00,60.1
2025-06-12 15:59:00,25.0
2025-06-12 05:10:00,13.6
2025-06-12 08:56:00,49.2
2025-06-12 10:31:00,41.9
2025-06-12 15:32:00,85.9
2025-06-12 15:49:00,59.5
2025-06-12 05:26:00,3.0
2025-06-12 08:23:00,92.0
2025-06-12 06:23:00,36.1
2025-06-12 02:10:00,90.6
2025-06-12 19:34:00,12.5
2025-06-12 17:59:00,71.1
2025-06-12 23:27:00,29.3
2025-06-12 14:07:00,7.1
2025-06-12 23:20:00,82.0
2025-06-12 03:56:00,42.3
2025-06-12 09:53:00,49.94205948042788
2025-06-12 09:07:00,39.8
2025-06-12 03:09:00,26.7
2025-06-12 06:41:00,48.0
2025-06-12 20:18:00,49.94205948042788
2025-06-12 12:23:00,34.2
2025-06-12 09:51:00,55.6
2025-06-12 18:11:00,8.8
2025-06-12 18:51:00,8.9
2025-06-12 00:30:00,71.0
2025-06-12 09:34:00,83.1
2025-06-12 15:00:00,57.7
2025-06-12 20:56:00,49.94205948042788
2025-06-12 12:22:00,25.1
2025-06-12 06:33:00,29.1
2025-06-12 04:03:00,18.1
2025-06-12 16:35:00,86.8
2025-06-12 22:37:00,28.9
2025-06-12 23:53:00,21.9
2025-06-12 03:35:00,88.8
2025-06-12 05:30:00,13.0
2025-06-12 23:04:00,34.9
2025-06-12 13:21:00,71.7
2025-06-12 17:16:00,68.0
2025-06-12 15:01:00,12.8
2025-06-12 22:58:00,17.8
2025-06-12 09:50:00,84.6
2025-06-12 16:15:00,8.8
2025-06-12 09:46:00,56.3
2025-06-12 07:49:00,8.2
2025-06-12 03:06:00,19.7
2025-06-12 09:07:00,62.2
2025-06-12 03:06:00,84.4
2025-06-12 13:13:00,49.7
2025-06-12 11:00:00,66.3
2025-06-12 18:38:00,49.94205948042788
2025-06-12 17:52:00,75.4
2025-06-12 08:09:00,1.0
2025-06-12 23:27:00,49.94205948042788
2025-06-12 18:18:00,62.4
2025-06-12 14:01:00,47.8
2025-06-12 05:50:00,80.5
2025-06-12 00:38:00,9.8
2025-06-12 21:56:00,49.94205948042788
2025-06-12 23:46:00,21.1
2025-06-12 11:38:00,98.4
2025-06-12 11:38:00,49.94205948042788
2025-06-12 01:13:00,78.2
2025-06-12 00:12:00,47.7
2025-06-12 18:16:00,40.9
2025-06-12 09:16:00,99.4
2025-06-12 03:59:00,56.5
2025-06-12 01:53:00,49.94205948042788
2025-06-12 13:54:00,57.5
2025-06-12 10:43:00,95.6
2025-06-12 19:21:00,19.9
2025-06-12 02:39:00,48.8
2025-06-12 08:48:00,29.8
2025-06-12 01:30:00,10.0
2025-06-12 14:28:00,97.7
2025-06-12 00:54:00,57.8
2025-06-12 18:26:00,90.3
2025-06-12 15:27:00,58.3
2025-06-12 18:01:00,49.94205948042788
2025-06-12 19:46:00,58.2
2025-06-12 14:11:00,64.7
2025-06-12 20:54:00,71.4
2025-06-12 15:09:00,49.94205948042788
2025-06-12 08:48:00,13.5
2025-06-12 17:06:00,58.1
2025-06-12 14:46:00,59.4
2025-06-12 10:45:00,47.4
2025-06-12 14:34:00,50.9
2025-06-12 18:24:00,52.4
2025-06-12 00:08:00,13.0
2025-06-12 09:44:00,49.94205948042788
2025-06-12 10:26:00,49.94205948042788
2025-06-12 07:11:00,49.94205948042788
2025-06-12 16:58:00,49.94205948042788
2025-06-12 19:00:00,21.4
2025-06-12 07:30:00,24.0
2025-06-12 09:27:00,73.3
2025-06-12 04:42:00,30.5
2025-06-12 23:15:00,36.8
2025-06-12 15:48:00,53.7
2025-06-12 10:29:00,17.1
2025-06-12 01:57:00,53.8
2025-06-12 10:48:00,76.0
2025-06-12 00:29:00,49.94205948042788
2025-06-12 07:47:00,33.1
2025-06-12 04:38:00,78.4
2025-06-12 01:27:00,49.94205948042788
2025-06-12 16:45:00,71.6
2025-06-12 07:25:00,97.9
2025-06-12 01:32:00,49.94205948042788
2025-06-12 09:00:00,49.94205948042788
2025-06-12 11:18:00,65.1
2025-06-12 13:51:00,5.8
2025-06-12 14:45:00,34.0
2025-06-12 14:59:00,84.3
2025-06-12 15:31:00,38.0
2025-06-12 12:09:00,51.4
2025-06-12 14:21:00,4.1
2025-06-12 09:39:00,87.6
2025-06-12 18:46:00,14.3
2025-06-12 06:21:00,99.7
2025-06-12 22:55:00,73.4
2025-06-12 06:20:00,0.1
2025-06-12 18:34:00,50.024092836946274
2025-06-12 22:30:00,95.5
2025-06-12 15:52:00,32.7
2025-06-12 22:12:00,22.6
2025-06-12 15:46:00,9.4
2025-06-12 13:36:00,24.0
2025-06-12 17:10:00,81.8
2025-06-12 10:54:00,23.0
2025-06-12 02:30:00,3.8
2025-06-12 06:38:00,49.5
2025-06-12 18:25:00,33.0
2025-06-12 13:26:00,17.5
2025-06-12 01:07:00,50.024092836946274
2025-06-12 17:36:00,34.8
2025-06-12 00:14:00,49.1
2025-06-12 06:20:00,64.1
2025-06-12 13:12:00,19.5
2025-06-12 23:35:00,46.6
2025-06-12 20:55:00,13.7
2025-06-12 12:31:00,76.2
2025-06-12 07:13:00,7.0
2025-06-12 17:06:00,99.0
2025-06-12 10:46:00,60.9
2025-06-12 04:45:00,54.8
2025-06-12 12:36:00,96.5
2025-06-12 20:47:00,17.6
2025-06-12 15:56:00,86.7
2025-06-12 04:31:00,55.7
2025-06-12 08:42:00,14.2
2025-06-12 17:23:00,76.5
2025-06-12 12:36:00,42.4
2025-06-12 12:07:00,46.7
2025-06-12 20:53:00,88.3
2025-06-12 03:03:00,34.6
2025-06-12 22:08:00,10.8
2025-06-12 19:05:00,50.024092836946274
2025-06-12 13:20:00,90.1
2025-06-12 16:27:00,42.5
2025-06-12 12:58:00,50.024092836946274
2025-06-12 07:37:00,76.0
2025-06-12 08:31:00,0.2
2025-06-12 06:22:00,92.5
2025-06-12 05:28:00,75.2
2025-06-12 03:39:00,0.1
2025-06-12 18:07:00,37.4
2025-06-12 17:05:00,14.2
2025-06-12 04:17:00,48.7
2025-06-12 10:12:00,50.024092836946274
2025-06-12 19:15:00,5.2
2025-06-12 08:10:00,9.8
2025-06-12 11:41:00,3.0
2025-06-12 21:31:00,25.2
2025-06-12 03:31:00,50.024092836946274
2025-06-12 05:04:00,80.0
2025-06-12 21:06:00,9.5
2025-06-12 00:09:00,27.8
2025-06-12 15:15:00,62.7
2025-06-12 16:41:00,91.9
2025-06-12 14:13:00,50.024092836946274
2025-06-12 19:12:00,50.024092836946274
2025-06-12 20:06:00,31.9
2025-06-12 09:35:00,54.4
2025-06-12 10:18:00,27.5
2025-06-12 05:15:00,20.5
2025-06-12 01:59:00,64.2
2025-06-12 00:44:00,37.1
2025-06-12 08:55:00,88.7
2025-06-12 21:27:00,73.7
2025-06-12 06:57:00,66.2
2025-06-12 20:35:00,93.7
2025-06-12 11:39:00,81.1
2025-06-12 02:02:00,71.3
2025-06-12 10:50:00,75.4
2025-06-12 02:11:00,78.3
2025-06-12 01:57:00,8.8
2025-06-12 22:22:00,78.3
2025-06-12 19:02:00,31.7
2025-06-12 10:39:00,11.5
2025-06-12 00:47:00,53.9
2025-06-12 02:13:00,61.0
2025-06-12 14:45:00,2.8
2025-06-12 22:56:00,43.3
2025-06-12 21:48:00,88.7
2025-06-12 09:11:00,79.0
2025-06-12 02:43:00,82.2
2025-06-12 16:12:00,19.2
2025-06-12 02:32:00,79.1
2025-06-12 04:48:00,99.5
2025-06-12 18:00:00,24.4
2025-06-12 02:04:00,88.7
2025-06-12 10:12:00,45.7
2025-06-12 00:42:00,65.9
2025-06-12 14:38:00,18.3
2025-06-12 12:50:00,4.5
2025-06-12 21:29:00,2.6
2025-06-12 20:42:00,10.1
2025-06-12 17:48:00,20.2
2025-06-12 08:04:00,50.024092836946274
2025-06-12 01:06:00,50.024092836946274
2025-06-12 02:20:00,12.4
2025-06-12 09:57:00,50.024092836946274
2025-06-12 23:11:00,87.0
2025-06-12 15:01:00,50.024092836946274
2025-06-12 09:45:00,37.0
2025-06-12 06:39:00,68.3
2025-06-12 13:58:00,30.1
2025-06-12 06:38:00,49.7
2025-06-12 11:12:00,36.7
2025-06-12 17:21:00,34.9
2025-06-12 07:03:00,39.6
2025-06-12 06:35:00,50.024092836946274
2025-06-12 07:06:00,91.2
2025-06-12 02:08:00,1.5
2025-06-12 04:24:00,62.4
2025-06-12 21:13:00,59.8
2025-06-12 10:23:00,1.3
2025-06-12 10:36:00,99.7
2025-06-12 07:15:00,74.3
2025-06-12 17:59:00,50.024092836946274
2025-06-12 12:17:00,38.8
2025-06-12 12:27:00,85.0
2025-06-12 06:07:00,87.1
2025-06-12 12:18:00,95.3
2025-06-12 19:11:00,65.6
2025-06-12 13:31:00,14.1
2025-06-12 10:10:00,50.024092836946274
2025-06-12 20:42:00,50.024092836946274
2025-06-12 12:41:00,93.7
2025-06-12 09:22:00,50.024092836946274
2025-06-12 22:57:00,76.8
2025-06-12 10:29:00,38.9
2025-06-12 07:29:00,4.7
2025-06-12 10:56:00,87.7
2025-06-12 03:28:00,65.7
2025-06-12 07:08:00,95.6
2025-06-12 23:53:00,62.3
2025-06-12 14:56:00,50.024092836946274
2025-06-12 03:34:00,78.1
2025-06-12 01:58:00,50.024092836946274
2025-06-12 08:55:00,70.0
2025-06-12 17:43:00,49.3
2025-06-12 03:12:00,67.4
2025-06-12 15:40:00,16.3
2025-06-12 08:39:00,49.2
2025-06-12 14:30:00,30.5
2025-06-12 01:29:00,46.1
2025-06-12 02:29:00,46.9
2025-06-12 12:43:00,6.5
2025-06-12 02:52:00,94.9
2025-06-12 16:12:00,95.4
2025-06-12 22:40:00,82.8
2025-06-12 11:34:00,0.6
2025-06-12 01:24:00,50.024092836946274
2025-06-12 08:21:00,70.9
2025-06-12 07:57:00,5.8
2025-06-12 20:11:00,92.7
2025-06-12 01:20:00,50.024092836946274
2025-06-12 06:44:00,57.1
2025-06-12 21:05:00,82.5
2025-06-12 04:22:00,6.8
2025-06-12 08:27:00,44.2
2025-06-12 18:11:00,72.7
2025-06-12 03:45:00,53.8
2025-06-12 17:50:00,13.1
2025-06-12 14:02:00,4.0
2025-06-12 21:33:00,52.2
2025-06-12 10:54:00,44.7
2025-06-12 22:04:00,68.4
2025-06-12 16:22:00,50.024092836946274
2025-06-12 21:12:00,50.024092836946274
2025-06-12 19:41:00,31.0
2025-06-12 05:59:00,39.6
2025-06-12 02:01:00,27.4
2025-06-12 14:34:00,34.5
2025-06-12 14:30:00,25.6
2025-06-12 11:54:00,50.024092836946274
2025-06-12 07:19:00,4.2
2025-06-12 11:14:00,50.0
2025-06-12 21:36:00,58.2
2025-06-12 18:21:00,50.024092836946274
2025-06-12 19:15:00,53.2
2025-06-12 01:20:00,87.9
2025-06-12 11:26:00,51.6
2025-06-12 09:33:00,91.3
2025-06-12 09:11:00,26.3
2025-06-12 16:44:00,1.6
2025-06-12 12:22:00,9.1
2025-06-12 10:40:00,55.9
2025-06-12 16:21:00,74.3
2025-06-12 23:51:00,82.2
2025-06-12 17:33:00,66.6
2025-06-12 11:37:00,50.024092836946274
2025-06-12 08:33:00,6.9
2025-06-12 20:41:00,81.1
2025-06-12 10:20:00,19.5
2025-06-12 16:24:00,33.5
2025-06-12 15:51:00,50.024092836946274
2025-06-12 13:26:00,1.4
2025-06-12 09:46:00,89.6
2025-06-12 22:00:00,41.3
2025-06-12 20:08:00,38.4
2025-06-12 14:29:00,94.9
2025-06-12 13:00:00,43.8
2025-06-12 09:31:00,62.2
2025-06-12 13:04:00,19.8
2025-06-12 06:03:00,62.9
2025-06-12 23:28:00,54.9
2025-06-12 14:20:00,27.0
2025-06-12 08:10:00,78.9
2025-06-12 07:07:00,50.024092836946274
2025-06-12 04:08:00,50.0
2025-06-12 05:32:00,57.7
2025-06-12 17:33:00,33.1
2025-06-12 00:09:00,13.9
2025-06-12 05:52:00,60.1
2025-06-12 12:01:00,53.9
2025-06-12 17:13:00,50.024092836946274
2025-06-12 20:22:00,50.024092836946274
2025-06-12 05:02:00,50.024092836946274
2025-06-12 03:10:00,16.5
2025-06-12 17:53:00,20.7
2025-06-12 04:17:00,85.2
2025-06-12 04:07:00,47.5
2025-06-12 00:18:00,50.024092836946274
2025-06-12 21:41:00,34.1
2025-06-12 07:11:00,23.0
2025-06-12 23:31:00,19.5
2025-06-12 11:55:00,50.024092836946274
2025-06-12 10:53:00,2.2
2025-06-12 07:42:00,93.5
2025-06-12 04:10:00,80.3
2025-06-12 14:07:00,97.9
2025-06-12 10:20:00,81.2
2025-06-12 10:11:00,8.8
2025-06-12 22:48:00,58.5
2025-06-12 06:38:00,90.7
2025-06-12 17:16:00,27.1
2025-06-12 08:31:00,50.024092836946274
2025-06-12 15:33:00,51.7
2025-06-12 03:46:00,50.024092836946274
2025-06-12 09:27:00,50.024092836946274
2025-06-12 21:18:00,96.6
2025-06-12 16:42:00,50.024092836946274
2025-06-12 00:45:00,14.2
2025-06-12 07:11:00,90.9
2025-06-12 14:08:00,33.9
2025-06-12 13:54:00,77.5
2025-06-12 05:23:00,96.1
2025-06-12 16:28:00,50.024092836946274
2025-06-12 14:16:00,45.0
2025-06-12 05:49:00,50.024092836946274
2025-06-12 10:55:00,77.3
2025-06-12 09:33:00,0.2
2025-06-12 01:51:00,5.5
2025-06-12 07:24:00,98.2
2025-06-12 03:43:00,39.9
2025-06-12 11:59:00,11.5
2025-06-12 23:49:00,50.024092836946274
2025-06-12 22:42:00,90.0
2025-06-12 23:33:00,31.2
2025-06-12 03:41:00,94.6
2025-06-12 23:53:00,93.1
2025-06-12 09:16:00,29.5
2025-06-12 09:21:00,92.8
2025-06-12 23:49:00,85.1
2025-06-12 12:07:00,14.6
2025-06-12 07:18:00,45.4
2025-06-12 09:23:00,70.8
2025-06-12 16:34:00,50.024092836946274
2025-06-12 21:31:00,36.7
2025-06-12 02:59:00,55.2
2025-06-12 14:02:00,50.024092836946274
2025-06-12 10:49:00,84.4
2025-06-12 15:53:00,74.6
2025-06-12 18:44:00,93.4
2025-06-12 20:03:00,80.0
2025-06-12 00:26:00,68.0
2025-06-12 14:02:00,67.3
2025-06-12 20:55:00,75.9
2025-06-12 12:49:00,50.024092836946274
2025-06-12 09:27:00,98.5
2025-06-12 12:44:00,85.4
2025-06-12 09:51:00,45.2
2025-06-12 18:41:00,50.024092836946274
2025-06-12 10:11:00,99.8
2025-06-12 09:24:00,85.3
2025-06-12 04:56:00,62.5
2025-06-12 21:58:00,64.0
2025-06-12 03:27:00,12.5
2025-06-12 18:01:00,71.7
2025-06-12 20:52:00,41.6
2025-06-12 00:04:00,4.7
2025-06-12 03:37:00,7.8
2025-06-12 22:08:00,26.2
2025-06-12 12:58:00,37.4
2025-06-12 07:04:00,71.3
2025-06-12 06:59:00,60.2
2025-06-12 17:28:00,50.6
2025-06-12 03:36:00,11.5
2025-06-12 10:11:00,96.2
2025-06-12 08:20:00,8.5
2025-06-12 19:49:00,66.3
2025-06-12 03:19:00,72.9
2025-06-12 16:58:00,8.9
2025-06-12 14:09:00,14.3
2025-06-12 05:22:00,19.6
2025-06-12 15:56:00,51.8
2025-06-12 14:26:00,26.1
2025-06-12 10:19:00,22.9
2025-06-12 03:36:00,48.0
2025-06-12 12:20:00,3.9
2025-06-12 18:40:00,74.9
2025-06-12 15:43:00,39.4
2025-06-12 00:49:00,89.6
2025-06-12 12:32:00,95.6
2025-06-12 13:44:00,43.8
2025-06-12 18:04:00,50.024092836946274
2025-06-12 13:53:00,11.4
2025-06-12 01:41:00,15.2
2025-06-12 17:36:00,50.024092836946274
2025-06-12 08:03:00,15.7
2025-06-12 09:01:00,50.024092836946274
2025-06-12 23:55:00,65.7
2025-06-12 04:14:00,21.0
2025-06-12 03:14:00,95.8
2025-06-12 11:33:00,81.1
2025-06-12 13:10:00,68.9
2025-06-12 02:25:00,33.0
2025-06-12 22:48:00,63.1
2025-06-12 07:05:00,72.0
2025-06-12 05:34:00,36.9
2025-06-12 06:01:00,42.3
2025-06-12 13:57:00,9.1
2025-06-12 19:16:00,20.6
2025-06-12 06:19:00,92.9
2025-06-12 04:18:00,49.2
2025-06-12 13:28:00,95.5
2025-06-12 20:25:00,55.5
2025-06-12 05:07:00,35.0
2025-06-12 02:31:00,77.1
2025-06-12 14:12:00,8.3
2025-06-12 15:19:00,52.0
2025-06-12 04:18:00,42.3
2025-06-12 06:07:00,77.6
2025-06-12 11:50:00,49.54963144963145
2025-06-12 22:35:00,91.8
2025-06-12 10:05:00,80.1
2025-06-12 12:42:00,49.54963144963145
2025-06-12 21:59:00,31.2
2025-06-12 23:26:00,23.8
2025-06-12 13:15:00,81.8
2025-06-12 21:57:00,65.3
2025-06-12 21:15:00,79.8
2025-06-12 07:31:00,49.54963144963145
2025-06-12 10:59:00,79.4
2025-06-12 06:21:00,30.4
2025-06-12 00:15:00,16.2
2025-06-12 01:32:00,76.0
2025-06-12 23:34:00,46.0
2025-06-12 02:58:00,85.8
2025-06-12 07:00:00,13.4
2025-06-12 10:30:00,26.3
2025-06-12 01:55:00,78.2
2025-06-12 12:30:00,21.5
2025-06-12 05:47:00,49.54963144963145
2025-06-12 05:33:00,51.5
2025-06-12 02:56:00,45.2
2025-06-12 20:47:00,93.9
2025-06-12 22:19:00,96.5
2025-06-12 04:28:00,30.3
2025-06-12 07:32:00,81.5
2025-06-12 06:42:00,17.1
2025-06-12 23:33:00,49.54963144963145
2025-06-12 17:11:00,5.5
2025-06-12 10:45:00,41.5
2025-06-12 09:48:00,61.2
2025-06-12 19:23:00,25.5
2025-06-12 10:11:00,26.5
2025-06-12 11:14:00,69.7
2025-06-12 03:49:00,71.3
2025-06-12 11:27:00,32.8
2025-06-12 14:09:00,7.8
2025-06-12 03:13:00,41.9
2025-06-12 13:13:00,65.7
2025-06-12 17:50:00,9.5
2025-06-12 23:38:00,49.54963144963145
2025-06-12 11:07:00,61.7
2025-06-12 21:34:00,19.6
2025-06-12 01:38:00,24.7
2025-06-12 16:06:00,49.54963144963145
2025-06-12 14:25:00,17.4
2025-06-12 12:15:00,84.5
2025-06-12 21:05:00,17.3
2025-06-12 20:40:00,69.9
2025-06-12 09:41:00,66.0
2025-06-12 16:02:00,44.7
2025-06-12 08:04:00,7.9
2025-06-12 16:25:00,49.54963144963145
2025-06-12 11:59:00,84.9
2025-06-12 15:46:00,49.54963144963145
2025-06-12 01:04:00,60.4
2025-06-12 05:05:00,3.0
2025-06-12 07:24:00,43.3
2025-06-12 16:54:00,13.7
2025-06-12 12:53:00,60.7
2025-06-12 15:02:00,34.5
2025-06-12 01:23:00,27.7
2025-06-12 01:49:00,91.9
2025-06-12 05:18:00,59.6
2025-06-12 16:44:00,20.6
2025-06-12 13:46:00,49.54963144963145
2025-06-12 06:50:00,40.1
2025-06-12 10:23:00,18.3
2025-06-12 05:11:00,11.9
2025-06-12 23:26:00,39.8
2025-06-12 13:54:00,19.4
2025-06-12 07:49:00,22.2
2025-06-12 09:43:00,19.9
2025-06-12 00:15:00,81.2
2025-06-12 10:58:00,37.2
2025-06-12 12:10:00,18.3
2025-06-12 09:06:00,16.6
2025-06-12 23:55:00,84.9
2025-06-12 15:09:00,49.4
2025-06-12 11:44:00,54.0
2025-06-12 11:44:00,79.0
2025-06-12 12:34:00,35.0
2025-06-12 03:25:00,34.6
2025-06-12 14:35:00,98.6
2025-06-12 06:42:00,63.1
2025-06-12 11:01:00,83.8
2025-06-12 15:13:00,49.54963144963145
2025-06-12 16:22:00,1.4
2025-06-12 23:13:00,71.2
2025-06-12 11:08:00,53.7
2025-06-12 16:08:00,49.54963144963145
2025-06-12 03:15:00,47.3
2025-06-12 05:52:00,49.54963144963145
2025-06-12 19:18:00,22.9
2025-06-12 10:27:00,49.5
2025-06-12 11:01:00,49.3
2025-06-12 15:31:00,98.0
2025-06-12 22:03:00,26.8
2025-06-12 05:17:00,40.6
2025-06-12 10:30:00,56.1
2025-06-12 03:39:00,50.6
2025-06-12 11:02:00,74.1
2025-06-12 12:09:00,32.2
2025-06-12 00:27:00,60.5
2025-06-12 20:36:00,73.8
2025-06-12 14:33:00,96.9
2025-06-12 04:25:00,27.1
2025-06-12 19:03:00,49.54963144963145
2025-06-12 22:54:00,50.1
2025-06-12 12:58:00,49.0
2025-06-12 14:22:00,29.5
2025-06-12 02:12:00,49.54963144963145
2025-06-12 02:32:00,60.5
2025-06-12 05:00:00,16.2
2025-06-12 23:40:00,19.1
2025-06-12 05:46:00,95.4
2025-06-12 02:09:00,56.4
2025-06-12 23:35:00,66.7
2025-06-12 20:12:00,44.1
2025-06-12 06:14:00,1.3
2025-06-12 09:01:00,52.1
2025-06-12 09:16:00,50.6
2025-06-12 02:05:00,49.54963144963145
2025-06-12 06:51:00,64.0
2025-06-12 14:57:00,49.54963144963145
2025-06-12 14:30:00,72.1
2025-06-12 18:49:00,73.4
2025-06-12 05:09:00,7.6
2025-06-12 02:35:00,49.54963144963145
2025-06-12 08:46:00,95.5
2025-06-12 01:35:00,87.9
2025-06-12 16:28:00,77.9
2025-06-12 04:08:00,49.54963144963145
2025-06-12 05:40:00,15.1
2025-06-12 15:20:00,79.0
2025-06-12 07:38:00,6.6
2025-06-12 06:15:00,36.5
2025-06-12 04:11:00,67.7
2025-06-12 20:55:00,94.5
2025-06-12 15:43:00,39.9
2025-06-12 23:07:00,49.54963144963145
2025-06-12 02:21:00,82.2
2025-06-12 18:59:00,83.8
2025-06-12 13:53:00,1.7
2025-06-12 20:42:00,49.3
2025-06-12 02:37:00,93.7
2025-06-12 10:58:00,95.2
2025-06-12 13:02:00,85.6
2025-06-12 16:22:00,36.6
2025-06-12 15:23:00,39.2
2025-06-12 18:15:00,93.2
2025-06-12 01:15:00,71.5
2025-06-12 01:57:00,42.5
2025-06-12 23:44:00,49.54963144963145
2025-06-12 13:08:00,41.3
2025-06-12 00:09:00,77.6
2025-06-12 11:39:00,94.7
2025-06-12 14:32:00,49.54963144963145
2025-06-12 14:16:00,49.54963144963145
2025-06-12 17:24:00,0.0
2025-06-12 14:28:00,83.2
2025-06-12 12:38:00,49.54963144963145
2025-06-12 11:20:00,91.6
2025-06-12 18:07:00,72.8
2025-06-12 19:39:00,39.7
2025-06-12 16:34:00,70.5
2025-06-12 11:31:00,97.9
2025-06-12 11:28:00,47.1
2025-06-12 23:40:00,4.4
2025-06-12 04:09:00,70.0
2025-06-12 11:30:00,7.6
2025-06-12 22:51:00,43.8
2025-06-12 19:43:00,50.7
2025-06-12 10:14:00,59.6
2025-06-12 15:26:00,64.6
2025-06-12 01:53:00,49.54963144963145
2025-06-12 02:11:00,68.2
2025-06-12 00:18:00,2.5
2025-06-12 06:41:00,33.5
2025-06-12 06:48:00,0.5
2025-06-12 09:16:00,95.5
2025-06-12 10:04:00,65.0
2025-06-12 22:06:00,28.1
2025-06-12 14:30:00,49.54963144963145
2025-06-12 18:25:00,49.54963144963145
2025-06-12 21:09:00,16.5
2025-06-12 04:22:00,0.5
2025-06-12 13:15:00,68.5
2025-06-12 07:35:00,12.1
2025-06-12 00:11:00,47.0
2025-06-12 02:04:00,3.3
2025-06-12 09:21:00,77.3
2025-06-12 06:24:00,82.1
2025-06-12 20:41:00,32.8
2025-06-12 07:27:00,20.0
2025-06-12 14:01:00,26.6
2025-06-12 23:00:00,29.2
2025-06-12 15:33:00,5.7
2025-06-12 08:10:00,36.3
2025-06-12 22:11:00,12.9
2025-06-12 07:09:00,24.2
2025-06-12 10:04:00,31.1
2025-06-12 00:53:00,49.54963144963145
2025-06-12 13:43:00,16.7
2025-06-12 23:49:00,78.8
2025-06-12 09:32:00,76.6
2025-06-12 18:29:00,49.54963144963145
2025-06-12 11:48:00,49.54963144963145
2025-06-12 11:22:00,37.0
2025-06-12 02:45:00,90.7
2025-06-12 00:50:00,27.3
2025-06-12 05:36:00,18.2
2025-06-12 05:10:00,99.0
2025-06-12 06:39:00,33.8
2025-06-12 22:23:00,19.4
2025-06-12 00:29:00,68.8
2025-06-12 21:42:00,95.8
2025-06-12 11:00:00,44.2
2025-06-12 17:16:00,8.6
2025-06-12 13:04:00,34.6
2025-06-12 00:13:00,54.2
2025-06-12 18:18:00,75.7
2025-06-12 08:37:00,37.3
2025-06-12 01:48:00,45.9
2025-06-12 23:56:00,93.4
2025-06-12 14:48:00,71.8
2025-06-12 02:52:00,2.5
2025-06-12 06:29:00,49.54963144963145
2025-06-12 08:08:00,49.54963144963145
2025-06-12 06:32:00,99.0
2025-06-12 12:59:00,49.54963144963145
2025-06-12 16:21:00,37.8
2025-06-12 05:13:00,23.7
2025-06-12 13:52:00,49.54963144963145
2025-06-12 10:36:00,49.54963144963145
2025-06-12 14:00:00,43.9
2025-06-12 16:14:00,74.5
2025-06-12 19:39:00,49.54963144963145
2025-06-12 17:41:00,97.1
2025-06-12 16:48:00,32.5
2025-06-12 19:31:00,27.6
2025-06-12 02:02:00,24.5
2025-06-12 23:17:00,46.8
2025-06-12 03:14:00,43.1
2025-06-12 15:20:00,45.8
2025-06-12 10:43:00,52.1
2025-06-12 06:25:00,68.5
2025-06-12 11:50:00,90.5
2025-06-12 09:58:00,64.1
2025-06-12 14:09:00,65.7
2025-06-12 17:10:00,35.5
2025-06-12 20:23:00,80.2
2025-06-12 19:34:00,49.54963144963145
2025-06-12 05:17:00,81.6
2025-06-12 10:34:00,92.8
2025-06-12 00:16:00,92.0
2025-06-12 19:47:00,33.5
2025-06-12 11:16:00,87.9
2025-06-12 21:01:00,49.54963144963145
2025-06-12 22:11:00,49.54963144963145
2025-06-12 05:35:00,31.0
2025-06-12 01:23:00,11.9
2025-06-12 20:28:00,19.5
2025-06-12 21:08:00,12.3
2025-06-12 15:27:00,1.0
2025-06-12 09:31:00,51.1
2025-06-12 23:37:00,84.0
2025-06-12 14:37:00,30.7
2025-06-12 03:14:00,82.4
2025-06-12 11:12:00,92.2
2025-06-12 11:55:00,12.2
2025-06-12 06:59:00,73.9
2025-06-12 11:58:00,30.4
2025-06-12 05:13:00,30.2
2025-06-12 00:02:00,13.0
2025-06-12 03:35:00,70.4
2025-06-12 12:46:00,42.3
2025-06-12 13:22:00,12.0
2025-06-12 04:59:00,5.6
2025-06-12 18:28:00,55.4
2025-06-12 14:31:00,49.54963144963145
2025-06-12 08:14:00,10.1
2025-06-12 22:07:00,96.4
2025-06-12 08:19:00,57.0
2025-06-12 00:43:00,65.4
2025-06-12 23:50:00,70.2
2025-06-12 22:22:00,51.2
2025-06-12 01:39:00,49.54963144963145
2025-06-12 01:26:00,20.6
2025-06-12 08:30:00,89.5
2025-06-12 11:35:00,55.2
2025-06-12 21:48:00,46.9
2025-06-12 10:23:00,3.0
2025-06-12 01:39:00,82.1
2025-06-12 15:46:00,90.8
2025-06-12 10:38:00,69.7
2025-06-12 19:50:00,73.1
2025-06-12 16:35:00,29.8
2025-06-12 07:03:00,48.1
2025-06-12 04:27:00,52.0
2025-06-12 11:39:00,42.0
2025-06-12 12:49:00,24.0
2025-06-12 15:06:00,39.2
2025-06-12 04:52:00,27.1
2025-06-12 11:25:00,19.0
2025-06-12 10:00:00,83.5
2025-06-12 07:48:00,100.0
2025-06-12 06:43:00,49.54963144963145
2025-06-12 00:39:00,18.5
2025-06-12 13:22:00,29.7
2025-06-12 18:07:00,39.7
2025-06-12 23:31:00,49.7
2025-06-12 01:28:00,39.1
2025-06-12 01:15:00,10.3
2025-06-12 10:23:00,63.9
2025-06-12 15:19:00,49.54963144963145
2025-06-12 03:02:00,49.54963144963145
2025-06-12 05:08:00,6.8
2025-06-12 13:34:00,51.3
2025-06-12 03:58:00,49.54963144963145
2025-06-12 21:53:00,24.0
2025-06-12 10:29:00,51.9
2025-06-12 13:14:00,72.0
2025-06-12 04:24:00,12.9
2025-06-12 01:27:00,49.54963144963145
2025-06-12 17:08:00,49.54963144963145
2025-06-12 12:00:00,39.7
2025-06-12 11:22:00,3.4
2025-06-12 02:13:00,97.1
2025-06-12 00:41:00,49.54963144963145
2025-06-12 21:10:00,44.0
2025-06-12 12:42:00,90.0
2025-06-12 01:40:00,86.6
2025-06-12 04:32:00,54.3
2025-06-12 21:43:00,60.2
2025-06-12 14:37:00,91.0
2025-06-12 05:01:00,77.3
2025-06-12 22:05:00,59.8
2025-06-12 19:39:00,35.9
2025-06-12 23:58:00,79.2
2025-06-12 21:19:00,80.7
2025-06-12 07:17:00,50.9
2025-06-12 19:58:00,30.4
2025-06-12 04:45:00,88.0
2025-06-12 01:14:00,18.2
2025-06-12 20:42:00,10.9
2025-06-12 16:07:00,98.7
2025-06-12 16:30:00,49.54963144963145
2025-06-12 23:58:00,14.9
2025-06-12 04:06:00,51.4
2025-06-12 05:37:00,77.4
2025-06-12 05:11:00,17.5
2025-06-12 21:35:00,85.2
2025-06-12 21:33:00,92.5
2025-06-12 20:11:00,24.0
2025-06-12 05:54:00,72.9
2025-06-12 11:46:00,91.7
2025-06-12 05:06:00,29.4
2025-06-12 07:48:00,61.9
2025-06-12 19:42:00,49.560128956623686
2025-06-12 21:04:00,46.8
2025-06-12 02:15:00,36.5
2025-06-12 01:07:00,49.560128956623686
2025-06-12 07:55:00,92.3
2025-06-12 15:48:00,68.9
2025-06-12 12:22:00,22.8
2025-06-12 14:53:00,49.560128956623686
2025-06-12 21:40:00,75.3
2025-06-12 03:53:00,12.1
2025-06-12 13:05:00,49.560128956623686
2025-06-12 13:53:00,4.3
2025-06-12 21:34:00,33.6
2025-06-12 01:25:00,8.9
2025-06-12 23:32:00,20.5
2025-06-12 17:41:00,66.7
2025-06-12 20:19:00,51.3
2025-06-12 12:17:00,35.4
2025-06-12 22:11:00,21.7
2025-06-12 15:45:00,49.560128956623686
2025-06-12 04:41:00,36.8
2025-06-12 19:50:00,49.560128956623686
2025-06-12 15:53:00,49.560128956623686
2025-06-12 17:26:00,26.2
2025-06-12 16:35:00,22.5
2025-06-12 07:45:00,44.0
2025-06-12 17:04:00,23.3
2025-06-12 04:05:00,49.560128956623686
2025-06-12 22:58:00,64.9
2025-06-12 05:24:00,43.1
2025-06-12 04:58:00,17.9
2025-06-12 12:41:00,53.6
2025-06-12 21:32:00,58.4
2025-06-12 22:08:00,49.560128956623686
2025-06-12 02:39:00,16.3
2025-06-12 05:08:00,49.560128956623686
2025-06-12 16:23:00,47.7
2025-06-12 16:42:00,44.4
2025-06-12 21:38:00,9.9
2025-06-12 11:33:00,20.8
2025-06-12 11:19:00,72.9
2025-06-12 16:45:00,39.2
2025-06-12 11:05:00,12.9
2025-06-12 11:12:00,95.0
2025-06-12 07:59:00,4.7
2025-06-12 15:57:00,70.6
2025-06-12 22:00:00,13.4
2025-06-12 02:50:00,56.0
2025-06-12 18:12:00,35.3
2025-06-12 15:00:00,40.3
2025-06-12 11:20:00,0.7
2025-06-12 15:17:00,9.3
2025-06-12 15:53:00,96.1
2025-06-12 21:29:00,8.6
2025-06-12 02:00:00,8.3
2025-06-12 22:41:00,51.1
2025-06-12 12:48:00,84.9
2025-06-12 14:44:00,38.1
2025-06-12 16:44:00,26.0
2025-06-12 05:17:00,62.6
2025-06-12 02:54:00,49.560128956623686
2025-06-12 11:26:00,13.9
2025-06-12 01:09:00,6.4
2025-06-12 22:20:00,49.560128956623686
2025-06-12 01:22:00,12.2
2025-06-12 08:47:00,8.4
2025-06-12 01:32:00,10.2
2025-06-12 12:25:00,49.560128956623686
2025-06-12 04:45:00,49.560128956623686
2025-06-12 09:03:00,49.560128956623686
2025-06-12 04:05:00,36.8
2025-06-12 00:57:00,94.5
2025-06-12 17:28:00,49.560128956623686
2025-06-12 18:35:00,70.4
2025-06-12 10:54:00,63.6
2025-06-12 07:33:00,41.9
2025-06-12 17:04:00,15.6
2025-06-12 01:58:00,2.7
2025-06-12 19:55:00,2.1
2025-06-12 10:21:00,97.5
2025-06-12 14:05:00,43.1
2025-06-12 18:57:00,35.7
2025-06-12 00:38:00,68.2
2025-06-12 05:20:00,53.4
2025-06-12 14:00:00,52.4
2025-06-12 05:49:00,20.8
2025-06-12 11:36:00,76.4
2025-06-12 07:11:00,17.7
2025-06-12 08:15:00,16.0
2025-06-12 21:15:00,88.0
2025-06-12 14:08:00,35.2
2025-06-12 02:33:00,49.560128956623686
2025-06-12 15:43:00,9.0
2025-06-12 22:45:00,82.0
2025-06-12 14:43:00,25.0
2025-06-12 06:04:00,76.4
2025-06-12 17:50:00,44.1
2025-06-12 15:07:00,7.2
2025-06-12 19:09:00,23.8
2025-06-12 13:03:00,97.3
2025-06-12 02:03:00,18.0
2025-06-12 12:56:00,33.1
2025-06-12 12:52:00,62.3
2025-06-12 09:35:00,80.3
2025-06-12 07:17:00,49.560128956623686
2025-06-12 23:41:00,75.0
2025-06-12 15:06:00,42.6
2025-06-12 12:13:00,23.1
2025-06-12 20:40:00,41.2
2025-06-12 01:30:00,11.7
2025-06-12 07:11:00,47.2
2025-06-12 15:34:00,87.9
2025-06-12 23:33:00,34.3
2025-06-12 22:45:00,85.6
2025-06-12 23:32:00,49.560128956623686
2025-06-12 05:36:00,77.6
2025-06-12 07:24:00,99.0
2025-06-12 17:32:00,3.8
2025-06-12 14:58:00,49.560128956623686
2025-06-12 16:06:00,29.3
2025-06-12 02:09:00,62.4
2025-06-12 07:25:00,40.4
2025-06-12 04:14:00,26.2
2025-06-12 13:01:00,39.6
2025-06-12 11:13:00,49.560128956623686
2025-06-12 12:32:00,35.2
2025-06-12 04:12:00,34.7
2025-06-12 14:41:00,49.560128956623686
2025-06-12 21:25:00,4.9
2025-06-12 20:49:00,53.6
2025-06-12 21:50:00,61.7
2025-06-12 22:42:00,94.5
2025-06-12 00:40:00,50.8
2025-06-12 17:41:00,49.560128956623686
2025-06-12 00:51:00,49.560128956623686
2025-06-12 23:41:00,40.9
2025-06-12 18:29:00,42.7
2025-06-12 01:50:00,1.8
2025-06-12 07:30:00,47.3
2025-06-12 21:02:00,29.7
2025-06-12 02:18:00,65.6
2025-06-12 09:44:00,49.560128956623686
2025-06-12 09:52:00,43.4
2025-06-12 06:57:00,14.6
2025-06-12 19:54:00,61.2
2025-06-12 06:06:00,49.560128956623686
2025-06-12 22:24:00,1.4
2025-06-12 11:02:00,54.0
2025-06-12 19:53:00,85.9
2025-06-12 15:27:00,64.7
2025-06-12 05:59:00,54.6
2025-06-12 21:34:00,49.560128956623686
2025-06-12 15:03:00,86.7
2025-06-12 21:46:00,84.8
2025-06-12 04:59:00,86.3
2025-06-12 07:04:00,78.1
2025-06-12 14:22:00,44.0
2025-06-12 14:45:00,2.4
2025-06-12 02:13:00,87.0
2025-06-12 12:18:00,20.1
2025-06-12 03:31:00,33.1
2025-06-12 05:40:00,67.1
2025-06-12 21:25:00,4.2
2025-06-12 22:24:00,79.0
2025-06-12 03:59:00,17.5
2025-06-12 12:58:00,77.6
2025-06-12 19:09:00,4.4
2025-06-12 23:40:00,94.3
2025-06-12 06:20:00,37.4
2025-06-12 20:16:00,9.6
2025-06-12 03:29:00,7.9
2025-06-12 15:50:00,36.3
2025-06-12 16:48:00,59.1
2025-06-12 21:18:00,8.0
2025-06-12 08:05:00,66.2
2025-06-12 03:54:00,3.2
2025-06-12 12:44:00,49.560128956623686
2025-06-12 08:09:00,49.560128956623686
2025-06-12 20:42:00,86.9
2025-06-12 03:28:00,34.0
2025-06-12 08:42:00,60.4
2025-06-12 05:49:00,67.7
2025-06-12 22:30:00,79.4
2025-06-12 13:49:00,65.9
2025-06-12 23:50:00,40.0
2025-06-12 00:28:00,53.8
2025-06-12 14:34:00,65.4
2025-06-12 11:43:00,22.4
2025-06-12 12:24:00,49.560128956623686
2025-06-12 17:33:00,96.7
2025-06-12 20:32:00,60.0
2025-06-12 13:43:00,31.7
2025-06-12 05:16:00,49.560128956623686
2025-06-12 00:24:00,49.560128956623686
2025-06-12 06:38:00,49.0
2025-06-12 08:09:00,91.7
2025-06-12 05:58:00,22.9
2025-06-12 17:49:00,24.0
2025-06-12 19:42:00,26.3
2025-06-12 21:47:00,32.2
2025-06-12 07:25:00,72.8
2025-06-12 12:53:00,30.5
2025-06-12 14:04:00,49.560128956623686
2025-06-12 00:31:00,46.5
2025-06-12 20:51:00,67.4
2025-06-12 00:41:00,81.8
2025-06-12 17:58:00,97.1
2025-06-12 14:42:00,9.7
2025-06-12 10:42:00,73.8
2025-06-12 16:07:00,32.6
2025-06-12 22:14:00,40.6
2025-06-12 19:44:00,14.8
2025-06-12 13:02:00,80.2
2025-06-12 01:19:00,11.2
2025-06-12 07:12:00,44.6
2025-06-12 00:00:00,3.0
2025-06-12 19:28:00,92.2
2025-06-12 02:01:00,9.5
2025-06-12 09:46:00,17.3
2025-06-12 00:20:00,49.560128956623686
2025-06-12 08:30:00,39.2
2025-06-12 09:15:00,66.8
2025-06-12 09:21:00,21.7
2025-06-12 21:24:00,49.560128956623686
2025-06-12 21:49:00,84.0
2025-06-12 17:24:00,34.4
2025-06-12 09:38:00,46.5
2025-06-12 21:30:00,24.0
2025-06-12 19:57:00,42.7
2025-06-12 20:51:00,49.560128956623686
2025-06-12 03:54:00,2.5
2025-06-12 10:50:00,49.560128956623686
2025-06-12 14:51:00,85.5
2025-06-12 13:08:00,31.9
2025-06-12 08:13:00,99.5
2025-06-12 15:52:00,85.5
2025-06-12 17:08:00,77.9
2025-06-12 09:13:00,22.7
2025-06-12 20:17:00,0.1
2025-06-12 13:17:00,80.7
2025-06-12 13:10:00,35.3
2025-06-12 23:30:00,9.0
2025-06-12 14:21:00,6.1
2025-06-12 06:41:00,4.3
2025-06-12 14:56:00,28.6
2025-06-12 01:03:00,96.9
2025-06-12 21:15:00,25.6
2025-06-12 21:29:00,49.560128956623686
2025-06-12 10:51:00,25.3
2025-06-12 16:25:00,69.4
2025-06-12 15:10:00,95.1
2025-06-12 22:10:00,49.2
2025-06-12 13:44:00,87.9
2025-06-12 10:26:00,58.1
2025-06-12 11:24:00,24.2
2025-06-12 11:55:00,93.3
2025-06-12 10:13:00,1.7
2025-06-12 00:36:00,2.9
2025-06-12 20:28:00,92.2
2025-06-12 17:41:00,19.9
2025-06-12 17:09:00,49.560128956623686
2025-06-12 08:26:00,24.1
2025-06-12 23:54:00,19.3
2025-06-12 23:11:00,22.1
2025-06-12 13:27:00,49.560128956623686
2025-06-12 15:01:00,50.2
2025-06-12 09:10:00,82.0
2025-06-12 03:21:00,44.0
2025-06-12 14:34:00,45.0
2025-06-12 05:43:00,18.3
2025-06-12 20:53:00,25.0
2025-06-12 01:43:00,64.1
2025-06-12 19:31:00,12.6
2025-06-12 21:38:00,49.560128956623686
2025-06-12 18:01:00,66.6
2025-06-12 00:53:00,53.3
2025-06-12 23:36:00,98.5
2025-06-12 13:41:00,40.2
2025-06-12 00:12:00,91.3
2025-06-12 15:29:00,76.7
2025-06-12 16:58:00,63.7
2025-06-12 08:22:00,49.560128956623686
2025-06-12 04:18:00,60.1
2025-06-12 09:05:00,49.9
2025-06-12 22:25:00,83.0
2025-06-12 20:39:00,35.7
2025-06-12 11:58:00,49.560128956623686
2025-06-12 23:43:00,46.2
2025-06-12 05:00:00,12.2
2025-06-12 22:35:00,23.0
2025-06-12 18:13:00,90.0
2025-06-12 04:22:00,31.9
2025-06-12 04:34:00,4.2
2025-06-12 05:46:00,58.9
2025-06-12 18:34:00,91.3
2025-06-12 03:20:00,59.3
2025-06-12 01:47:00,44.0
2025-06-12 03:42:00,56.9
2025-06-12 01:46:00,49.560128956623686
2025-06-12 21:31:00,36.9
2025-06-12 01:28:00,49.560128956623686
2025-06-12 04:37:00,20.8
2025-06-12 00:34:00,64.8
2025-06-12 16:55:00,88.8
2025-06-12 17:24:00,64.7
2025-06-12 13:46:00,4.8
2025-06-12 22:31:00,94.0
2025-06-12 07:14:00,29.2
2025-06-12 07:43:00,4.5
2025-06-12 02:26:00,14.8
2025-06-12 06:03:00,67.6
2025-06-12 11:07:00,75.3
2025-06-12 22:13:00,19.7
2025-06-12 08:17:00,83.3
2025-06-12 00:23:00,72.7
2025-06-12 02:53:00,41.7
2025-06-12 07:28:00,80.3
2025-06-12 06:28:00,7.4
2025-06-12 16:50:00,3.8
2025-06-12 02:58:00,50.10277843742579
2025-06-12 06:03:00,20.7
2025-06-12 13:07:00,8.4
2025-06-12 14:23:00,90.4
2025-06-12 23:50:00,51.4
2025-06-12 08:19:00,80.3
2025-06-12 09:34:00,30.5
2025-06-12 19:34:00,83.5
2025-06-12 23:00:00,50.10277843742579
2025-06-12 06:55:00,81.2
2025-06-12 06:31:00,74.7
2025-06-12 19:30:00,39.0
2025-06-12 15:44:00,48.7
2025-06-12 18:44:00,72.0
2025-06-12 04:51:00,41.8
2025-06-12 11:06:00,42.1
2025-06-12 00:37:00,14.1
2025-06-12 00:30:00,96.8
2025-06-12 04:42:00,79.8
2025-06-12 00:52:00,23.0
2025-06-12 16:30:00,24.0
2025-06-12 10:49:00,93.1
2025-06-12 08:49:00,55.1
2025-06-12 02:50:00,20.2
2025-06-12 18:32:00,50.10277843742579
2025-06-12 23:59:00,98.7
2025-06-12 11:02:00,68.2
2025-06-12 09:12:00,80.9
2025-06-12 05:40:00,63.6
2025-06-12 17:43:00,50.10277843742579
2025-06-12 10:35:00,7.9
2025-06-12 02:14:00,29.5
2025-06-12 10:20:00,22.7
2025-06-12 21:42:00,48.4
2025-06-12 00:47:00,71.3
2025-06-12 09:00:00,73.2
2025-06-12 14:08:00,34.5
2025-06-12 06:12:00,96.6
2025-06-12 22:18:00,94.8
2025-06-12 06:52:00,4.0
2025-06-12 06:43:00,50.10277843742579
2025-06-12 15:57:00,97.4
2025-06-12 19:35:00,83.8
2025-06-12 04:46:00,50.10277843742579
2025-06-12 23:34:00,86.4
2025-06-12 23:33:00,49.3
2025-06-12 11:18:00,59.2
2025-06-12 03:44:00,10.8
2025-06-12 03:53:00,5.2
2025-06-12 14:22:00,24.1
2025-06-12 17:22:00,79.0
2025-06-12 08:54:00,29.6
2025-06-12 15:04:00,18.7
2025-06-12 17:28:00,83.4
2025-06-12 10:11:00,2.2
2025-06-12 11:39:00,50.10277843742579
2025-06-12 18:09:00,33.4
2025-06-12 07:19:00,39.9
2025-06-12 04:06:00,33.1
2025-06-12 15:14:00,43.1
2025-06-12 01:30:00,16.1
2025-06-12 18:37:00,40.1
2025-06-12 16:11:00,50.10277843742579
2025-06-12 22:55:00,98.5
2025-06-12 05:03:00,84.5
2025-06-12 12:23:00,87.0
2025-06-12 20:07:00,16.1
2025-06-12 15:00:00,82.8
2025-06-12 04:54:00,50.10277843742579
2025-06-12 14:14:00,99.6
2025-06-12 04:46:00,26.4
2025-06-12 06:12:00,32.6
2025-06-12 03:22:00,46.1
2025-06-12 23:05:00,90.0
2025-06-12 19:08:00,56.7
2025-06-12 17:54:00,50.10277843742579
2025-06-12 22:16:00,50.10277843742579
2025-06-12 04:18:00,50.10277843742579
2025-06-12 15:27:00,50.10277843742579
2025-06-12 10:07:00,20.1
2025-06-12 06:03:00,66.3
2025-06-12 16:05:00,32.0
2025-06-12 18:39:00,8.6
2025-06-12 07:03:00,23.2
2025-06-12 03:49:00,15.4
2025-06-12 16:38:00,81.3
2025-06-12 12:49:00,36.2
2025-06-12 13:37:00,66.0
2025-06-12 14:51:00,18.6
2025-06-12 05:09:00,50.10277843742579
2025-06-12 04:36:00,50.10277843742579
2025-06-12 14:57:00,35.4
2025-06-12 19:38:00,50.10277843742579
2025-06-12 16:52:00,96.2
2025-06-12 08:52:00,80.8
2025-06-12 01:57:00,15.7
2025-06-12 12:06:00,78.5
2025-06-12 10:45:00,61.1
2025-06-12 09:18:00,36.9
2025-06-12 20:07:00,50.10277843742579
2025-06-12 02:47:00,65.1
2025-06-12 02:04:00,15.9
2025-06-12 01:24:00,34.7
2025-06-12 10:41:00,95.4
2025-06-12 04:41:00,7.6
2025-06-12 13:17:00,27.2
2025-06-12 03:55:00,50.10277843742579
2025-06-12 14:29:00,53.2
2025-06-12 05:16:00,42.5
2025-06-12 21:16:00,75.7
2025-06-12 09:49:00,83.4
2025-06-12 05:58:00,69.6
2025-06-12 10:22:00,42.8
2025-06-12 05:04:00,10.6
2025-06-12 14:59:00,86.2
2025-06-12 09:33:00,51.5
2025-06-12 22:59:00,39.7
2025-06-12 01:08:00,0.8
2025-06-12 07:48:00,4.5
2025-06-12 00:18:00,26.7
2025-06-12 22:31:00,31.3
2025-06-12 17:02:00,74.9
2025-06-12 07:06:00,45.5
2025-06-12 23:34:00,50.10277843742579
2025-06-12 00:16:00,50.10277843742579
2025-06-12 22:12:00,50.10277843742579
2025-06-12 18:55:00,50.10277843742579
2025-06-12 07:25:00,43.4
2025-06-12 14:07:00,84.5
2025-06-12 18:44:00,90.2
2025-06-12 02:09:00,97.9
2025-06-12 03:26:00,4.0
2025-06-12 10:37:00,86.7
2025-06-12 11:47:00,89.0
2025-06-12 21:50:00,95.5
2025-06-12 20:46:00,89.4
2025-06-12 11:12:00,4.8
2025-06-12 13:25:00,88.6
2025-06-12 14:21:00,50.10277843742579
2025-06-12 18:17:00,68.2
2025-06-12 02:36:00,50.10277843742579
2025-06-12 17:23:00,7.0
2025-06-12 16:09:00,71.0
2025-06-12 16:27:00,28.1
2025-06-12 12:07:00,15.9
2025-06-12 20:21:00,43.0
2025-06-12 19:58:00,64.5
2025-06-12 04:10:00,15.1
2025-06-12 01:09:00,45.2
2025-06-12 14:56:00,50.10277843742579
2025-06-12 18:46:00,50.10277843742579
2025-06-12 03:27:00,99.5
2025-06-12 05:48:00,12.9
2025-06-12 09:41:00,65.9
2025-06-12 11:12:00,3.5
2025-06-12 22:14:00,50.10277843742579
2025-06-12 07:31:00,49.5
2025-06-12 06:49:00,58.4
2025-06-12 04:36:00,55.2
2025-06-12 07:37:00,97.7
2025-06-12 06:59:00,70.7
2025-06-12 16:53:00,50.10277843742579
2025-06-12 04:59:00,13.9
2025-06-12 13:36:00,86.0
2025-06-12 21:27:00,50.10277843742579
2025-06-12 15:08:00,27.3
2025-06-12 05:54:00,50.10277843742579
2025-06-12 15:04:00,59.0
2025-06-12 05:58:00,27.8
2025-06-12 09:00:00,24.8
2025-06-12 08:07:00,26.4
2025-06-12 09:10:00,35.4
2025-06-12 00:01:00,50.10277843742579
2025-06-12 19:35:00,24.7
2025-06-12 21:20:00,10.6
2025-06-12 00:30:00,50.9
2025-06-12 20:56:00,43.3
2025-06-12 13:58:00,18.9
2025-06-12 16:01:00,50.10277843742579
2025-06-12 12:01:00,88.2
2025-06-12 09:15:00,75.7
2025-06-12 03:35:00,50.10277843742579
2025-06-12 03:33:00,97.5
2025-06-12 10:43:00,10.9
2025-06-12 13:33:00,49.7
2025-06-12 23:01:00,16.7
2025-06-12 12:15:00,13.4
2025-06-12 04:35:00,30.0
2025-06-12 07:11:00,35.4
2025-06-12 21:10:00,10.5
2025-06-12 19:00:00,60.4
2025-06-12 22:18:00,50.10277843742579
2025-06-12 14:26:00,50.10277843742579
2025-06-12 14:42:00,50.10277843742579
2025-06-12 12:37:00,48.3
2025-06-12 15:30:00,19.3
2025-06-12 12:36:00,26.7
2025-06-12 20:22:00,48.6
2025-06-12 00:28:00,7.2
2025-06-12 01:12:00,25.8
2025-06-12 12:22:00,43.2
2025-06-12 05:21:00,42.3
2025-06-12 09:09:00,50.10277843742579
2025-06-12 01:16:00,43.3
2025-06-12 22:50:00,19.4
2025-06-12 17:35:00,14.0
2025-06-12 16:44:00,6.6
2025-06-12 19:40:00,24.4
2025-06-12 06:11:00,68.7
2025-06-12 21:34:00,55.9
2025-06-12 22:45:00,50.10277843742579
2025-06-12 21:37:00,4.4
2025-06-12 23:25:00,85.6
2025-06-12 19:18:00,46.1
2025-06-12 15:56:00,15.9
2025-06-12 10:38:00,50.10277843742579
2025-06-12 07:48:00,85.9
2025-06-12 05:32:00,7.3
2025-06-12 07:54:00,39.8
2025-06-12 06:30:00,50.10277843742579
2025-06-12 06:31:00,53.6
2025-06-12 19:32:00,54.9
2025-06-12 11:53:00,36.8
2025-06-12 11:45:00,57.1
2025-06-12 15:53:00,2.6
2025-06-12 14:01:00,84.9
2025-06-12 19:49:00,85.3
2025-06-12 14:39:00,63.3
2025-06-12 14:39:00,39.2
2025-06-12 01:54:00,39.0
2025-06-12 10:48:00,65.3
2025-06-12 17:30:00,30.3
2025-06-12 13:03:00,50.10277843742579
2025-06-12 23:32:00,88.3
2025-06-12 06:48:00,11.1
2025-06-12 19:04:00,40.1
2025-06-12 23:07:00,46.2
2025-06-12 06:20:00,89.6
2025-06-12 13:39:00,93.2
2025-06-12 08:17:00,56.0
2025-06-12 23:49:00,98.0
2025-06-12 19:20:00,17.1
2025-06-12 21:50:00,65.2
2025-06-12 22:53:00,4.2
2025-06-12 01:51:00,50.10277843742579
2025-06-12 15:02:00,41.5
2025-06-12 22:57:00,40.0
2025-06-12 23:55:00,31.4
2025-06-12 20:01:00,53.2
2025-06-12 09:00:00,51.4
2025-06-12 17:01:00,7.2
2025-06-12 12:24:00,22.2
2025-06-12 12:01:00,7.4
2025-06-12 03:37:00,46.9
2025-06-12 20:48:00,53.0
2025-06-12 21:53:00,66.6
2025-06-12 00:23:00,82.3
2025-06-12 03:44:00,18.7
2025-06-12 17:31:00,84.3
2025-06-12 01:19:00,32.0
2025-06-12 03:39:00,50.10277843742579
2025-06-12 11:40:00,50.10277843742579
2025-06-12 14:14:00,58.7
2025-06-12 09:30:00,1.4
2025-06-12 15:35:00,15.2
2025-06-12 17:48:00,9.0
2025-06-12 08:54:00,16.4
2025-06-12 03:14:00,28.5
2025-06-12 10:36:00,50.10277843742579
2025-06-12 16:29:00,19.9
2025-06-12 13:30:00,13.9
2025-06-12 13:18:00,95.9
2025-06-12 11:46:00,24.5
2025-06-12 11:00:00,73.6
2025-06-12 03:03:00,87.5
2025-06-12 03:30:00,65.3
2025-06-12 00:11:00,24.3
2025-06-12 17:15:00,89.1
2025-06-12 13:16:00,12.4
2025-06-12 01:40:00,5.2
2025-06-12 17:10:00,50.10277843742579
2025-06-12 11:07:00,90.4
2025-06-12 05:27:00,50.10277843742579
2025-06-12 19:26:00,0.4
2025-06-12 13:31:00,50.10277843742579
2025-06-12 01:41:00,50.2
2025-06-12 20:40:00,75.6
2025-06-12 16:20:00,37.3
2025-06-12 00:47:00,95.0
2025-06-12 19:57:00,21.3
2025-06-12 21:37:00,65.2
2025-06-12 13:25:00,86.4
2025-06-12 05:35:00,50.10277843742579
2025-06-12 11:23:00,4.0
2025-06-12 21:22:00,59.5
2025-06-12 03:36:00,47.6
2025-06-12 07:22:00,14.7
2025-06-12 00:27:00,97.4
2025-06-12 19:30:00,96.2
2025-06-12 02:18:00,99.3
2025-06-12 00:22:00,30.8
2025-06-12 01:20:00,44.1
2025-06-12 23:08:00,61.3
2025-06-12 04:57:00,4.1
2025-06-12 18:15:00,15.9
2025-06-12 10:16:00,28.2
2025-06-12 22:20:00,37.3
2025-06-12 21:30:00,28.4
2025-06-12 11:56:00,32.1
2025-06-12 06:48:00,50.10277843742579
2025-06-12 15:31:00,64.6
2025-06-12 21:42:00,33.3
2025-06-12 01:16:00,96.3
2025-06-12 13:35:00,59.0
2025-06-12 00:26:00,29.7
2025-06-12 09:17:00,50.10277843742579
2025-06-12 00:51:00,96.8
2025-06-12 21:12:00,20.3
2025-06-12 03:25:00,57.0
2025-06-12 20:48:00,72.5
2025-06-12 00:00:00,18.7
2025-06-12 11:58:00,66.6
2025-06-12 03:07:00,17.4
2025-06-12 05:15:00,25.8
2025-06-12 22:21:00,75.1
2025-06-12 01:31:00,72.6
2025-06-12 13:52:00,62.7
2025-06-12 07:19:00,58.9
2025-06-12 09:08:00,19.8
2025-06-12 00:30:00,6.6
2025-06-12 18:42:00,35.1
2025-06-12 16:24:00,84.0
2025-06-12 08:39:00,18.1
2025-06-12 18:53:00,39.6
2025-06-12 21:00:00,39.6
2025-06-12 10:07:00,54.0
2025-06-12 07:10:00,19.1
2025-06-12 22:25:00,74.6
2025-06-12 13:59:00,53.6
2025-06-12 04:01:00,77.8
2025-06-12 09:10:00,49.2
2025-06-12 13:44:00,49.85036359371334
2025-06-12 14:32:00,13.6
2025-06-12 18:24:00,54.0
2025-06-12 06:30:00,30.8
2025-06-12 00:39:00,11.7
2025-06-12 13:19:00,14.4
2025-06-12 13:30:00,49.85036359371334
2025-06-12 00:42:00,37.5
2025-06-12 06:44:00,24.6
2025-06-12 02:27:00,83.2
2025-06-12 10:07:00,93.3
2025-06-12 12:00:00,96.9
2025-06-12 23:14:00,68.1
2025-06-12 18:53:00,28.8
2025-06-12 18:17:00,69.5
2025-06-12 06:36:00,49.85036359371334
2025-06-12 03:59:00,37.9
2025-06-12 05:00:00,75.8
2025-06-12 03:20:00,84.5
2025-06-12 23:23:00,21.0
2025-06-12 03:58:00,94.0
2025-06-12 03:57:00,41.9
2025-06-12 03:21:00,35.2
2025-06-12 16:10:00,49.85036359371334
2025-06-12 07:48:00,85.1
2025-06-12 17:57:00,57.2
2025-06-12 20:44:00,40.3
2025-06-12 06:58:00,49.85036359371334
2025-06-12 21:56:00,49.85036359371334
2025-06-12 12:52:00,12.7
2025-06-12 00:57:00,4.2
2025-06-12 12:55:00,49.85036359371334
2025-06-12 16:09:00,49.1
2025-06-12 07:32:00,60.8
2025-06-12 08:40:00,96.3
2025-06-12 23:20:00,80.7
2025-06-12 19:46:00,57.7
2025-06-12 03:59:00,39.0
2025-06-12 02:46:00,61.3
2025-06-12 22:19:00,37.5
2025-06-12 00:01:00,77.7
2025-06-12 06:31:00,39.4
2025-06-12 02:44:00,28.3
2025-06-12 03:47:00,96.8
2025-06-12 06:53:00,0.2
2025-06-12 21:18:00,14.6
2025-06-12 22:32:00,77.1
2025-06-12 09:35:00,98.9
2025-06-12 10:29:00,62.6
2025-06-12 18:55:00,22.0
2025-06-12 20:21:00,78.3
2025-06-12 05:35:00,70.6
2025-06-12 01:08:00,49.85036359371334
2025-06-12 07:44:00,49.85036359371334
2025-06-12 20:23:00,68.1
2025-06-12 10:21:00,67.2
2025-06-12 11:10:00,49.85036359371334
2025-06-12 19:33:00,63.9
2025-06-12 20:45:00,38.2
2025-06-12 09:54:00,10.2
2025-06-12 02:35:00,95.9
2025-06-12 03:21:00,3.6
2025-06-12 01:57:00,33.2
2025-06-12 16:18:00,49.85036359371334
2025-06-12 08:29:00,3.8
2025-06-12 07:06:00,36.2
2025-06-12 01:23:00,12.7
2025-06-12 18:43:00,84.3
2025-06-12 23:03:00,49.85036359371334
2025-06-12 21:54:00,2.0
2025-06-12 06:52:00,46.6
2025-06-12 17:20:00,49.85036359371334
2025-06-12 13:20:00,2.6
2025-06-12 04:45:00,49.85036359371334
2025-06-12 20:53:00,49.85036359371334
2025-06-12 10:49:00,18.2
2025-06-12 04:13:00,6.9
2025-06-12 22:03:00,93.5
2025-06-12 05:31:00,59.7
2025-06-12 22:38:00,51.5
2025-06-12 04:51:00,57.4
2025-06-12 16:03:00,49.85036359371334
2025-06-12 23:57:00,94.4
2025-06-12 03:14:00,50.0
2025-06-12 06:19:00,22.2
2025-06-12 15:14:00,84.8
2025-06-12 14:19:00,49.85036359371334
2025-06-12 22:25:00,91.0
2025-06-12 18:42:00,40.9
2025-06-12 09:26:00,21.1
2025-06-12 12:11:00,49.85036359371334
2025-06-12 01:19:00,33.0
2025-06-12 17:57:00,11.5
2025-06-12 16:27:00,29.9
2025-06-12 10:37:00,55.6
2025-06-12 00:03:00,79.1
2025-06-12 13:08:00,13.7
2025-06-12 22:15:00,49.85036359371334
2025-06-12 17:43:00,42.4
2025-06-12 08:36:00,49.85036359371334
2025-06-12 23:12:00,49.85036359371334
2025-06-12 20:15:00,49.85036359371334
2025-06-12 08:12:00,78.7
2025-06-12 13:24:00,90.8
2025-06-12 07:05:00,66.7
2025-06-12 06:52:00,40.0
2025-06-12 19:40:00,49.85036359371334
2025-06-12 03:40:00,74.4
2025-06-12 21:57:00,42.0
2025-06-12 15:57:00,38.3
2025-06-12 06:56:00,90.8
2025-06-12 00:14:00,46.5
2025-06-12 12:21:00,48.6
2025-06-12 11:25:00,56.5
2025-06-12 19:14:00,59.4
2025-06-12 15:54:00,6.4
2025-06-12 21:07:00,14.2
2025-06-12 04:49:00,84.2
2025-06-12 09:01:00,97.4
2025-06-12 20:38:00,79.9
2025-06-12 17:37:00,86.8
2025-06-12 07:35:00,22.5
2025-06-12 13:40:00,14.7
2025-06-12 17:08:00,41.5
2025-06-12 21:10:00,55.4
2025-06-12 01:13:00,88.4
2025-06-12 14:08:00,43.6
2025-06-12 15:07:00,52.1
2025-06-12 23:15:00,49.85036359371334
2025-06-12 09:08:00,5.3
2025-06-12 15:49:00,13.1
2025-06-12 06:14:00,14.6
2025-06-12 17:53:00,36.8
2025-06-12 02:20:00,49.85036359371334
2025-06-12 21:15:00,53.1
2025-06-12 02:50:00,14.0
2025-06-12 04:55:00,68.8
2025-06-12 07:53:00,87.0
2025-06-12 07:10:00,32.7
2025-06-12 06:26:00,21.5
2025-06-12 10:28:00,49.85036359371334
2025-06-12 19:12:00,99.7
2025-06-12 15:23:00,24.5
2025-06-12 14:44:00,29.0
2025-06-12 10:41:00,71.7
2025-06-12 13:50:00,74.9
2025-06-12 02:47:00,89.0
2025-06-12 01:21:00,10.1
2025-06-12 21:23:00,14.1
2025-06-12 07:37:00,22.5
2025-06-12 07:53:00,66.1
2025-06-12 13:45:00,86.5
2025-06-12 04:48:00,54.4
2025-06-12 08:09:00,16.2
2025-06-12 19:15:00,68.4
2025-06-12 00:42:00,3.9
2025-06-12 18:34:00,26.9
2025-06-12 02:18:00,29.0
2025-06-12 07:17:00,91.7
2025-06-12 12:20:00,39.9
2025-06-12 11:52:00,35.9
2025-06-12 18:01:00,6.8
2025-06-12 17:12:00,24.3
2025-06-12 01:17:00,99.2
2025-06-12 00:07:00,59.7
2025-06-12 19:40:00,49.85036359371334
2025-06-12 13:30:00,13.5
2025-06-12 19:25:00,42.3
2025-06-12 00:54:00,61.5
2025-06-12 08:14:00,29.2
2025-06-12 20:23:00,41.8
2025-06-12 23:43:00,49.85036359371334
2025-06-12 00:34:00,1.2
2025-06-12 14:16:00,68.8
2025-06-12 10:14:00,21.8
2025-06-12 04:04:00,94.4
2025-06-12 02:21:00,9.5
2025-06-12 06:17:00,26.6
2025-06-12 16:33:00,49.85036359371334
2025-06-12 14:29:00,37.2
2025-06-12 10:37:00,31.3
2025-06-12 20:36:00,52.6
2025-06-12 09:37:00,25.1
2025-06-12 10:21:00,17.5
2025-06-12 09:55:00,42.8
2025-06-12 17:14:00,12.1
2025-06-12 14:15:00,2.9
2025-06-12 14:17:00,49.85036359371334
2025-06-12 09:37:00,49.5
2025-06-12 23:28:00,24.3
2025-06-12 23:38:00,29.2
2025-06-12 04:52:00,10.8
2025-06-12 13:41:00,91.2
2025-06-12 20:28:00,13.6
2025-06-12 10:42:00,33.4
2025-06-12 08:04:00,65.5
2025-06-12 20:05:00,83.4
2025-06-12 15:23:00,37.2
2025-06-12 16:26:00,52.6
2025-06-12 19:23:00,49.85036359371334
2025-06-12 08:39:00,19.4
2025-06-12 09:00:00,13.6
2025-06-12 00:40:00,86.8
2025-06-12 16:15:00,18.2
2025-06-12 18:03:00,67.2
2025-06-12 01:10:00,79.1
2025-06-12 21:50:00,47.3
2025-06-12 07:16:00,9.2
2025-06-12 09:33:00,8.2
2025-06-12 12:40:00,1.8
2025-06-12 23:08:00,88.1
2025-06-12 06:19:00,87.0
2025-06-12 14:02:00,85.1
2025-06-12 08:15:00,60.8
2025-06-12 14:35:00,49.8
2025-06-12 18:20:00,49.85036359371334
2025-06-12 01:05:00,49.85036359371334
2025-06-12 16:25:00,53.0
2025-06-12 18:02:00,18.9
2025-06-12 12:47:00,10.2
2025-06-12 12:25:00,49.85036359371334
2025-06-12 14:09:00,51.5
2025-06-12 20:27:00,49.85036359371334
2025-06-12 08:57:00,64.6
2025-06-12 09:09:00,57.0
2025-06-12 06:09:00,83.9
2025-06-12 14:02:00,2.7
2025-06-12 12:36:00,71.1
2025-06-12 10:20:00,13.6
2025-06-12 22:42:00,96.8
2025-06-12 05:41:00,49.85036359371334
2025-06-12 04:04:00,80.9
2025-06-12 04:57:00,79.0
2025-06-12 21:32:00,49.85036359371334
2025-06-12 08:36:00,49.6
2025-06-12 22:18:00,76.2
2025-06-12 05:48:00,73.1
2025-06-12 08:09:00,49.85036359371334
2025-06-12 05:58:00,66.2
2025-06-12 01:23:00,28.9
2025-06-12 16:22:00,36.4
2025-06-12 15:59:00,79.1
2025-06-12 00:43:00,97.5
2025-06-12 21:39:00,33.5
2025-06-12 18:42:00,49.85036359371334
2025-06-12 13:48:00,93.4
2025-06-12 20:09:00,79.6
2025-06-12 03:55:00,75.4
2025-06-12 02:53:00,60.9
2025-06-12 23:25:00,51.2
2025-06-12 17:31:00,45.4
2025-06-12 00:33:00,35.0
2025-06-12 02:23:00,64.0
2025-06-12 00:21:00,56.4
2025-06-12 15:44:00,39.5
2025-06-12 04:12:00,28.1
2025-06-12 22:44:00,16.8
2025-06-12 07:45:00,17.9
2025-06-12 22:14:00,46.4
2025-06-12 18:58:00,33.0
2025-06-12 22:08:00,8.4
2025-06-12 15:45:00,94.0
2025-06-12 08:42:00,49.85036359371334
2025-06-12 21:01:00,97.4
2025-06-12 23:06:00,98.9
2025-06-12 20:09:00,64.2
2025-06-12 15:27:00,14.7
2025-06-12 08:19:00,41.0
2025-06-12 17:32:00,30.8
2025-06-12 10:26:00,57.4
2025-06-12 15:32:00,45.6
2025-06-12 11:26:00,68.5
2025-06-12 14:35:00,88.3
2025-06-12 04:19:00,49.85036359371334
2025-06-12 01:02:00,49.85036359371334
2025-06-12 12:44:00,94.2
2025-06-12 23:49:00,15.5
2025-06-12 19:15:00,25.8
2025-06-12 04:45:00,75.8
2025-06-12 02:56:00,49.85036359371334
2025-06-12 20:50:00,26.3
2025-06-12 09:53:00,3.2
2025-06-12 00:54:00,63.2
2025-06-12 19:28:00,9.6
2025-06-12 15:26:00,58.4
2025-06-12 00:30:00,39.5
2025-06-12 19:23:00,76.6
2025-06-12 10:13:00,25.9
2025-06-12 00:31:00,44.8
2025-06-12 15:37:00,51.2
2025-06-12 13:10:00,16.4
2025-06-12 07:05:00,0.5
2025-06-12 14:12:00,62.3
2025-06-12 03:18:00,18.6
2025-06-12 10:23:00,6.5
2025-06-12 03:51:00,49.85036359371334
2025-06-12 21:14:00,92.4
2025-06-12 12:20:00,70.2
2025-06-12 09:14:00,55.6
2025-06-12 06:14:00,34.4
2025-06-12 03:07:00,86.8
2025-06-12 08:23:00,72.8
2025-06-12 15:17:00,35.5
2025-06-12 05:33:00,31.6
2025-06-12 16:06:00,1.9
2025-06-12 23:59:00,78.7
2025-06-12 10:16:00,63.6
2025-06-12 00:25:00,28.5
2025-06-12 15:31:00,0.9
2025-06-12 08:12:00,65.3
2025-06-12 05:10:00,11.3
2025-06-12 03:12:00,26.1
2025-06-12 06:58:00,45.7
2025-06-12 06:03:00,68.6
2025-06-12 01:31:00,21.1
2025-06-12 20:50:00,42.2
2025-06-12 15:17:00,65.0
2025-06-12 13:18:00,49.85036359371334
2025-06-12 08:52:00,23.5
2025-06-12 12:34:00,40.8
2025-06-12 12:04:00,22.3
2025-06-12 03:57:00,74.2
2025-06-12 09:10:00,36.8
2025-06-12 10:28:00,56.5
2025-06-12 06:23:00,49.85036359371334
2025-06-12 13:35:00,63.7
2025-06-12 19:15:00,54.5
2025-06-12 08:36:00,39.5
2025-06-12 15:34:00,67.1
2025-06-12 04:03:00,77.7
2025-06-12 20:50:00,8.4
2025-06-12 07:40:00,19.1
2025-06-12 21:30:00,63.0
2025-06-12 03:36:00,40.9
2025-06-12 02:25:00,86.4
2025-06-12 07:34:00,1.3
2025-06-12 04:16:00,65.0
2025-06-12 01:02:00,21.6
2025-06-12 19:37:00,7.1
2025-06-12 11:08:00,39.3
2025-06-12 21:35:00,26.3
2025-06-12 23:21:00,29.0
2025-06-12 17:41:00,83.0
2025-06-12 01:25:00,49.85036359371334
2025-06-12 20:33:00,24.9
2025-06-12 04:43:00,5.5
2025-06-12 08:54:00,61.4
2025-06-12 19:45:00,99.1
2025-06-12 18:43:00,38.8
2025-06-12 13:22:00,14.1
2025-06-12 15:37:00,51.3
2025-06-12 04:07:00,19.6
2025-06-12 05:48:00,41.1
2025-06-12 01:36:00,25.2
2025-06-12 12:05:00,40.7
2025-06-12 02:21:00,16.3
2025-06-12 22:26:00,93.0
2025-06-12 17:30:00,100.0
2025-06-12 18:29:00,40.1
2025-06-12 02:15:00,68.8
2025-06-12 09:52:00,2.6
2025-06-12 23:16:00,8.2
2025-06-12 07:54:00,11.4
2025-06-12 13:24:00,37.4
2025-06-12 09:24:00,21.4
2025-06-12 08:42:00,51.3
2025-06-12 20:24:00,50.02337935876432
2025-06-12 02:25:00,93.4
2025-06-12 17:25:00,50.02337935876432
2025-06-12 15:36:00,71.3
2025-06-12 12:39:00,60.8
2025-06-12 11:25:00,54.0
2025-06-12 16:46:00,98.7
2025-06-12 02:25:00,18.7
2025-06-12 07:07:00,61.5
2025-06-12 02:09:00,12.5
2025-06-12 13:30:00,39.3
2025-06-12 03:07:00,16.8
2025-06-12 18:42:00,71.3
2025-06-12 19:57:00,50.02337935876432
2025-06-12 08:31:00,50.02337935876432
2025-06-12 12:35:00,7.9
2025-06-12 23:53:00,33.1
2025-06-12 08:34:00,50.02337935876432
2025-06-12 11:47:00,84.6
2025-06-12 12:52:00,33.0
2025-06-12 23:35:00,99.0
2025-06-12 18:49:00,4.6
2025-06-12 06:45:00,50.02337935876432
2025-06-12 08:04:00,58.6
2025-06-12 08:21:00,14.1
2025-06-12 07:26:00,6.1
2025-06-12 04:57:00,50.02337935876432
2025-06-12 18:10:00,52.3
2025-06-12 20:44:00,87.2
2025-06-12 10:39:00,27.2
2025-06-12 02:44:00,58.7
2025-06-12 01:33:00,17.8
2025-06-12 14:27:00,13.7
2025-06-12 16:27:00,94.5
2025-06-12 14:34:00,50.02337935876432
2025-06-12 01:48:00,50.02337935876432
2025-06-12 13:02:00,75.4
2025-06-12 23:08:00,50.02337935876432
2025-06-12 22:24:00,50.02337935876432
2025-06-12 15:53:00,50.02337935876432
2025-06-12 07:00:00,55.2
2025-06-12 09:49:00,14.3
2025-06-12 16:50:00,39.7
2025-06-12 14:35:00,73.9
2025-06-12 05:33:00,25.7
2025-06-12 13:42:00,82.3
2025-06-12 18:41:00,93.9
2025-06-12 05:20:00,62.3
2025-06-12 19:09:00,3.6
2025-06-12 18:05:00,9.5
2025-06-12 23:10:00,34.4
2025-06-12 10:53:00,50.02337935876432
2025-06-12 00:51:00,68.6
2025-06-12 22:25:00,29.0
2025-06-12 09:32:00,36.3
2025-06-12 20:59:00,50.02337935876432
2025-06-12 06:19:00,91.1
2025-06-12 01:17:00,50.02337935876432
2025-06-12 23:48:00,31.5
2025-06-12 12:21:00,47.1
2025-06-12 00:13:00,81.7
2025-06-12 04:40:00,82.1
2025-06-12 18:49:00,69.6
2025-06-12 03:13:00,54.2
2025-06-12 03:55:00,69.2
2025-06-12 09:23:00,92.6
2025-06-12 22:29:00,97.4
2025-06-12 07:48:00,40.8
2025-06-12 17:43:00,94.5
2025-06-12 18:06:00,76.4
2025-06-12 03:29:00,33.2
2025-06-12 02:15:00,17.7
2025-06-12 08:53:00,50.02337935876432
2025-06-12 14:02:00,78.5
2025-06-12 09:29:00,38.2
2025-06-12 06:43:00,50.02337935876432
2025-06-12 14:38:00,50.02337935876432
2025-06-12 09:08:00,61.1
2025-06-12 00:32:00,43.0
2025-06-12 02:57:00,46.8
2025-06-12 09:24:00,13.5
2025-06-12 21:10:00,10.3
2025-06-12 01:49:00,15.9
2025-06-12 07:04:00,46.8
2025-06-12 17:25:00,50.0
2025-06-12 01:28:00,77.0
2025-06-12 20:08:00,50.02337935876432
2025-06-12 08:26:00,81.0
2025-06-12 11:00:00,39.5
2025-06-12 15:27:00,80.7
2025-06-12 10:58:00,25.2
2025-06-12 06:25:00,12.3
2025-06-12 21:00:00,88.8
2025-06-12 09:55:00,44.5
2025-06-12 23:07:00,18.0
2025-06-12 23:51:00,1.5
2025-06-12 07:07:00,50.02337935876432
2025-06-12 05:58:00,13.4
2025-06-12 01:03:00,10.9
2025-06-12 02:54:00,50.02337935876432
2025-06-12 18:16:00,50.02337935876432
2025-06-12 09:11:00,73.3
2025-06-12 11:56:00,16.5
2025-06-12 04:26:00,56.1
2025-06-12 04:22:00,29.3
2025-06-12 00:36:00,50.02337935876432
2025-06-12 02:24:00,84.5
2025-06-12 21:56:00,34.6
2025-06-12 20:36:00,7.5
2025-06-12 14:40:00,96.7
2025-06-12 20:06:00,92.6
2025-06-12 21:30:00,50.02337935876432
2025-06-12 17:16:00,92.7
2025-06-12 10:18:00,91.1
2025-06-12 14:55:00,58.4
2025-06-12 20:06:00,76.0
2025-06-12 23:58:00,19.5
2025-06-12 15:19:00,77.6
2025-06-12 03:05:00,37.2
2025-06-12 10:01:00,72.2
2025-06-12 05:20:00,63.9
2025-06-12 11:13:00,21.4
2025-06-12 03:52:00,22.2
2025-06-12 08:32:00,54.0
2025-06-12 18:38:00,6.6
2025-06-12 21:51:00,97.9
2025-06-12 16:55:00,50.02337935876432
2025-06-12 04:30:00,50.02337935876432
2025-06-12 00:48:00,12.3
2025-06-12 06:53:00,23.7
2025-06-12 16:19:00,94.5
2025-06-12 03:05:00,26.4
2025-06-12 11:48:00,64.1
2025-06-12 19:53:00,86.8
2025-06-12 17:17:00,70.0
2025-06-12 21:46:00,84.5
2025-06-12 12:48:00,50.6
2025-06-12 06:20:00,4.7
2025-06-12 11:38:00,73.3
2025-06-12 14:07:00,28.7
2025-06-12 22:03:00,82.6
2025-06-12 14:06:00,49.6
2025-06-12 10:44:00,63.3
2025-06-12 14:59:00,80.3
2025-06-12 18:32:00,79.2
2025-06-12 08:01:00,8.6
2025-06-12 10:32:00,6.8
2025-06-12 01:54:00,50.02337935876432
2025-06-12 14:43:00,73.3
2025-06-12 06:14:00,89.4
2025-06-12 06:09:00,48.6
2025-06-12 16:44:00,26.7
2025-06-12 13:03:00,28.1
2025-06-12 06:07:00,18.4
2025-06-12 05:12:00,12.8
2025-06-12 02:07:00,93.8
2025-06-12 15:44:00,97.1
2025-06-12 19:36:00,76.8
2025-06-12 19:23:00,10.7
2025-06-12 16:54:00,16.8
2025-06-12 10:20:00,50.02337935876432
2025-06-12 18:22:00,50.02337935876432
2025-06-12 23:52:00,65.9
2025-06-12 06:50:00,62.7
2025-06-12 17:06:00,36.1
2025-06-12 11:38:00,69.7
2025-06-12 02:35:00,1.8
2025-06-12 11:40:00,93.5
2025-06-12 22:11:00,55.4
2025-06-12 04:15:00,56.5
2025-06-12 20:38:00,22.2
2025-06-12 11:24:00,66.3
2025-06-12 17:43:00,4.5
2025-06-12 17:26:00,13.1
2025-06-12 04:19:00,70.9
2025-06-12 02:41:00,42.7
2025-06-12 16:19:00,10.0
2025-06-12 20:56:00,92.9
2025-06-12 15:58:00,4.1
2025-06-12 21:30:00,56.9
2025-06-12 02:37:00,70.8
2025-06-12 12:03:00,47.2
2025-06-12 12:43:00,85.6
2025-06-12 04:28:00,21.1
2025-06-12 18:58:00,50.02337935876432
2025-06-12 01:03:00,84.3
2025-06-12 18:40:00,1.5
2025-06-12 18:17:00,6.0
2025-06-12 18:16:00,20.0
2025-06-12 18:31:00,10.9
2025-06-12 21:22:00,51.6
2025-06-12 06:42:00,28.3
2025-06-12 19:40:00,41.5
2025-06-12 05:31:00,50.02337935876432
2025-06-12 16:48:00,50.02337935876432
2025-06-12 03:37:00,77.6
2025-06-12 02:38:00,53.3
2025-06-12 17:51:00,19.1
2025-06-12 04:47:00,49.6
2025-06-12 10:27:00,50.02337935876432
2025-06-12 17:28:00,55.6
2025-06-12 18:56:00,83.9
2025-06-12 19:53:00,50.02337935876432
2025-06-12 03:31:00,50.02337935876432
2025-06-12 22:50:00,50.02337935876432
2025-06-12 12:49:00,35.1
2025-06-12 09:29:00,39.8
2025-06-12 05:18:00,50.02337935876432
2025-06-12 16:40:00,96.5
2025-06-12 20:44:00,78.1
2025-06-12 01:27:00,45.3
2025-06-12 00:32:00,89.8
2025-06-12 19:43:00,37.8
2025-06-12 08:28:00,22.6
2025-06-12 02:21:00,9.3
2025-06-12 03:58:00,22.4
2025-06-12 04:20:00,88.2
2025-06-12 21:44:00,94.8
2025-06-12 19:56:00,50.02337935876432
2025-06-12 19:36:00,2.1
2025-06-12 19:17:00,98.4
2025-06-12 05:22:00,50.02337935876432
2025-06-12 01:55:00,50.02337935876432
2025-06-12 02:12:00,50.02337935876432
2025-06-12 10:20:00,57.1
2025-06-12 02:11:00,50.02337935876432
2025-06-12 12:10:00,50.6
2025-06-12 17:11:00,68.5
2025-06-12 11:47:00,88.0
2025-06-12 05:51:00,6.0
2025-06-12 20:00:00,41.4
2025-06-12 13:36:00,64.9
2025-06-12 14:40:00,90.5
2025-06-12 04:14:00,99.4
2025-06-12 06:24:00,5.1
2025-06-12 08:26:00,3.8
2025-06-12 23:01:00,50.02337935876432
2025-06-12 09:20:00,50.02337935876432
2025-06-12 18:51:00,31.1
2025-06-12 02:57:00,60.3
2025-06-12 19:26:00,50.02337935876432
2025-06-12 14:42:00,8.1
2025-06-12 22:44:00,78.7
2025-06-12 15:41:00,98.4
2025-06-12 05:39:00,72.5
2025-06-12 15:50:00,73.1
2025-06-12 06:15:00,50.02337935876432
2025-06-12 14:03:00,99.3
2025-06-12 20:53:00,18.1
2025-06-12 16:33:00,79.0
2025-06-12 18:32:00,83.5
2025-06-12 02:12:00,95.1
2025-06-12 03:14:00,35.1
2025-06-12 05:25:00,50.02337935876432
2025-06-12 22:44:00,81.4
2025-06-12 08:33:00,50.02337935876432
2025-06-12 21:23:00,75.3
2025-06-12 08:58:00,50.02337935876432
2025-06-12 16:17:00,28.6
2025-06-12 00:54:00,59.3
2025-06-12 20:11:00,21.3
2025-06-12 21:36:00,78.6
2025-06-12 07:05:00,7.0
2025-06-12 11:56:00,72.2
2025-06-12 07:29:00,50.02337935876432
2025-06-12 19:36:00,97.4
2025-06-12 17:32:00,27.2
2025-06-12 10:58:00,31.0
2025-06-12 12:07:00,62.9
2025-06-12 12:47:00,83.4
2025-06-12 15:58:00,22.0
2025-06-12 09:58:00,50.02337935876432
2025-06-12 11:11:00,20.8
2025-06-12 22:46:00,14.5
2025-06-12 03:43:00,45.5
2025-06-12 18:27:00,83.8
2025-06-12 14:36:00,50.02337935876432
2025-06-12 00:41:00,50.02337935876432
2025-06-12 14:09:00,42.0
2025-06-12 10:18:00,94.4
2025-06-12 20:13:00,76.9
2025-06-12 11:19:00,75.6
2025-06-12 06:51:00,91.9
2025-06-12 21:28:00,93.8
2025-06-12 07:46:00,52.4
2025-06-12 22:46:00,45.8
2025-06-12 10:41:00,8.3
2025-06-12 12:15:00,43.7
2025-06-12 06:35:00,7.7
2025-06-12 23:17:00,79.5
2025-06-12 15:15:00,11.7
2025-06-12 09:45:00,4.3
2025-06-12 00:43:00,90.9
2025-06-12 02:32:00,37.5
2025-06-12 08:17:00,41.1
2025-06-12 10:09:00,93.7
2025-06-12 09:10:00,68.1
2025-06-12 22:51:00,53.8
2025-06-12 10:59:00,74.8
2025-06-12 12:01:00,52.0
2025-06-12 07:03:00,60.3
2025-06-12 20:55:00,22.2
2025-06-12 17:22:00,10.2
2025-06-12 17:46:00,9.9
2025-06-12 12:17:00,79.8
2025-06-12 14:59:00,44.4
2025-06-12 15:44:00,73.1
2025-06-12 18:23:00,47.4
2025-06-12 04:23:00,70.7
2025-06-12 02:48:00,4.3
2025-06-12 09:29:00,26.0
2025-06-12 19:13:00,5.2
2025-06-12 23:27:00,50.19809456598448
2025-06-12 13:08:00,98.9
2025-06-12 12:02:00,50.19809456598448
2025-06-12 19:11:00,23.6
2025-06-12 07:18:00,25.6
2025-06-12 16:23:00,39.4
2025-06-12 12:49:00,50.19809456598448
2025-06-12 11:31:00,29.9
2025-06-12 07:48:00,78.3
2025-06-12 05:45:00,72.0
2025-06-12 13:45:00,95.0
2025-06-12 00:45:00,2.9
2025-06-12 12:40:00,64.6
2025-06-12 05:33:00,33.5
2025-06-12 05:23:00,19.4
2025-06-12 14:24:00,51.1
2025-06-12 05:35:00,45.6
2025-06-12 06:08:00,42.0
2025-06-12 16:40:00,98.6
2025-06-12 16:15:00,15.5
2025-06-12 07:48:00,50.19809456598448
2025-06-12 14:50:00,76.2
2025-06-12 01:59:00,99.0
2025-06-12 02:58:00,99.9
2025-06-12 18:00:00,81.0
2025-06-12 19:54:00,24.9
2025-06-12 13:55:00,98.7
2025-06-12 15:19:00,50.19809456598448
2025-06-12 03:54:00,25.7
2025-06-12 11:22:00,67.6
2025-06-12 16:39:00,74.3
2025-06-12 03:49:00,46.3
2025-06-12 01:06:00,4.7
2025-06-12 06:29:00,16.9
2025-06-12 19:51:00,38.4
2025-06-12 22:16:00,24.0
2025-06-12 04:19:00,73.8
2025-06-12 17:58:00,34.6
2025-06-12 18:45:00,82.0
2025-06-12 03:33:00,8.3
2025-06-12 11:26:00,34.9
2025-06-12 18:18:00,66.4
2025-06-12 11:43:00,50.19809456598448
2025-06-12 22:17:00,58.7
2025-06-12 18:45:00,50.19809456598448
2025-06-12 03:50:00,50.19809456598448
2025-06-12 13:04:00,68.9
2025-06-12 18:45:00,93.0
2025-06-12 16:12:00,62.4
2025-06-12 02:41:00,37.2
2025-06-12 23:45:00,50.19809456598448
2025-06-12 19:14:00,8.5
2025-06-12 12:10:00,59.6
2025-06-12 01:12:00,69.0
2025-06-12 16:53:00,78.4
2025-06-12 11:45:00,19.0
2025-06-12 22:10:00,50.19809456598448
2025-06-12 21:24:00,71.2
2025-06-12 23:57:00,17.7
2025-06-12 02:14:00,69.8
2025-06-12 13:37:00,92.3
2025-06-12 18:05:00,62.9
2025-06-12 22:31:00,52.6
2025-06-12 00:42:00,50.19809456598448
2025-06-12 14:47:00,96.2
2025-06-12 14:50:00,19.6
2025-06-12 19:02:00,55.3
2025-06-12 09:29:00,23.7
2025-06-12 01:03:00,15.7
2025-06-12 09:52:00,57.2
2025-06-12 14:46:00,53.3
2025-06-12 05:08:00,84.0
2025-06-12 05:09:00,7.2
2025-06-12 10:52:00,55.3
2025-06-12 05:28:00,7.2
2025-06-12 22:33:00,17.1
2025-06-12 18:40:00,27.4
2025-06-12 04:24:00,7.1
2025-06-12 08:57:00,12.4
2025-06-12 01:12:00,29.0
2025-06-12 16:46:00,49.4
2025-06-12 07:25:00,71.6
2025-06-12 22:33:00,51.7
2025-06-12 06:11:00,12.4
2025-06-12 20:01:00,50.19809456598448
2025-06-12 07:19:00,66.4
2025-06-12 17:44:00,50.19809456598448
2025-06-12 22:11:00,25.6
2025-06-12 18:36:00,32.3
2025-06-12 14:56:00,51.0
2025-06-12 14:03:00,81.1
2025-06-12 12:47:00,46.2
2025-06-12 06:51:00,62.9
2025-06-12 06:17:00,28.6
2025-06-12 23:59:00,50.19809456598448
2025-06-12 16:12:00,90.5
2025-06-12 17:45:00,36.5
2025-06-12 16:22:00,8.6
2025-06-12 13:19:00,22.5
2025-06-12 18:42:00,74.5
2025-06-12 13:05:00,54.8
2025-06-12 02:41:00,50.19809456598448
2025-06-12 22:15:00,96.1
2025-06-12 22:48:00,9.4
2025-06-12 17:14:00,50.19809456598448
2025-06-12 17:24:00,70.2
2025-06-12 12:05:00,83.6
2025-06-12 20:26:00,16.7
2025-06-12 00:14:00,18.0
2025-06-12 23:33:00,50.19809456598448
2025-06-12 01:33:00,8.7
2025-06-12 13:00:00,81.1
2025-06-12 13:34:00,27.6
2025-06-12 13:46:00,50.19809456598448
2025-06-12 07:48:00,52.6
2025-06-12 06:14:00,76.8
2025-06-12 17:12:00,50.19809456598448
2025-06-12 23:19:00,5.2
2025-06-12 15:48:00,80.3
2025-06-12 12:04:00,60.9
2025-06-12 18:02:00,20.4
2025-06-12 03:25:00,65.5
2025-06-12 00:26:00,50.19809456598448
2025-06-12 13:52:00,33.0
2025-06-12 21:55:00,47.3
2025-06-12 14:08:00,74.9
2025-06-12 20:03:00,50.19809456598448
2025-06-12 19:11:00,49.0
2025-06-12 08:36:00,47.5
2025-06-12 23:02:00,99.2
2025-06-12 12:49:00,96.4
2025-06-12 07:39:00,53.4
2025-06-12 19:54:00,59.0
2025-06-12 01:55:00,85.0
2025-06-12 06:08:00,80.2
2025-06-12 14:34:00,60.2
2025-06-12 09:17:00,94.9
2025-06-12 11:38:00,5.4
2025-06-12 13:48:00,50.19809456598448
2025-06-12 08:07:00,40.4
2025-06-12 13:28:00,38.9
2025-06-12 19:16:00,33.5
2025-06-12 17:32:00,8.5
2025-06-12 13:04:00,50.19809456598448
2025-06-12 06:38:00,65.2
2025-06-12 14:24:00,17.5
2025-06-12 17:52:00,96.0
2025-06-12 06:23:00,48.9
2025-06-12 00:03:00,98.5
2025-06-12 08:12:00,32.2
2025-06-12 17:07:00,50.19809456598448
2025-06-12 21:32:00,31.1
2025-06-12 15:10:00,43.9
2025-06-12 01:57:00,50.19809456598448
2025-06-12 04:35:00,18.3
2025-06-12 21:47:00,45.2
2025-06-12 22:08:00,27.5
2025-06-12 16:58:00,50.19809456598448
2025-06-12 19:29:00,91.1
2025-06-12 09:46:00,12.2
2025-06-12 02:01:00,77.7
2025-06-12 07:07:00,85.6
2025-06-12 00:27:00,49.7
2025-06-12 14:00:00,7.4
2025-06-12 15:45:00,43.2
2025-06-12 10:54:00,58.8
2025-06-12 06:58:00,13.4
2025-06-12 23:39:00,72.7
2025-06-12 11:49:00,58.4
2025-06-12 16:03:00,69.8
2025-06-12 23:22:00,35.1
2025-06-12 21:16:00,77.8
2025-06-12 09:41:00,29.0
2025-06-12 01:51:00,50.19809456598448
2025-06-12 01:23:00,8.9
2025-06-12 20:53:00,98.6
2025-06-12 06:29:00,93.3
2025-06-12 20:29:00,32.7
2025-06-12 05:16:00,43.8
2025-06-12 09:32:00,44.3
2025-06-12 04:16:00,50.19809456598448
2025-06-12 16:43:00,60.6
2025-06-12 21:55:00,28.8
2025-06-12 18:08:00,28.1
2025-06-12 12:47:00,62.6
2025-06-12 00:41:00,36.7
2025-06-12 22:36:00,50.19809456598448
2025-06-12 11:05:00,82.4
2025-06-12 18:56:00,61.0
2025-06-12 00:31:00,89.9
2025-06-12 09:56:00,22.8
2025-06-12 21:24:00,47.4
2025-06-12 10:12:00,50.19809456598448
2025-06-12 06:32:00,9.7
2025-06-12 01:23:00,34.6
2025-06-12 21:13:00,50.19809456598448
2025-06-12 07:59:00,78.0
2025-06-12 06:45:00,74.8
2025-06-12 00:49:00,35.2
2025-06-12 11:06:00,79.8
2025-06-12 12:44:00,67.7
2025-06-12 01:21:00,71.3
2025-06-12 05:58:00,97.1
2025-06-12 11:19:00,64.8
2025-06-12 16:10:00,93.6
2025-06-12 01:32:00,97.3
2025-06-12 21:22:00,2.2
2025-06-12 08:50:00,50.19809456598448
2025-06-12 14:06:00,58.5
2025-06-12 19:41:00,33.7
2025-06-12 19:16:00,92.2
2025-06-12 15:08:00,50.19809456598448
2025-06-12 10:27:00,24.8
2025-06-12 06:56:00,47.0
2025-06-12 17:12:00,7.4
2025-06-12 05:49:00,89.2
2025-06-12 18:15:00,91.0
2025-06-12 03:48:00,69.3
2025-06-12 20:48:00,30.3
2025-06-12 18:15:00,24.5
2025-06-12 14:56:00,99.3
2025-06-12 05:51:00,29.1
2025-06-12 03:37:00,50.19809456598448
2025-06-12 03:22:00,25.9
2025-06-12 16:10:00,33.5
2025-06-12 06:54:00,97.6
2025-06-12 14:04:00,6.9
2025-06-12 19:05:00,37.9
2025-06-12 12:57:00,67.6
2025-06-12 21:59:00,46.1
2025-06-12 23:14:00,32.5
2025-06-12 11:35:00,20.7
2025-06-12 16:31:00,97.0
2025-06-12 21:17:00,53.4
2025-06-12 16:01:00,47.0
2025-06-12 07:48:00,12.4
2025-06-12 02:02:00,93.1
2025-06-12 00:12:00,36.9
2025-06-12 18:26:00,46.6
2025-06-12 21:54:00,51.4
2025-06-12 18:49:00,37.9
2025-06-12 06:39:00,61.4
2025-06-12 19:08:00,63.0
2025-06-12 18:33:00,99.2
2025-06-12 19:55:00,50.19809456598448
2025-06-12 13:36:00,50.19809456598448
2025-06-12 07:36:00,97.8
2025-06-12 20:21:00,51.9
2025-06-12 16:51:00,39.7
2025-06-12 10:25:00,50.19809456598448
2025-06-12 20:43:00,61.1
2025-06-12 22:47:00,50.19809456598448
2025-06-12 11:48:00,56.4
2025-06-12 02:48:00,82.2
2025-06-12 09:27:00,36.0
2025-06-12 01:37:00,62.0
2025-06-12 04:35:00,50.19809456598448
2025-06-12 20:47:00,39.2
2025-06-12 13:56:00,50.19809456598448
2025-06-12 02:16:00,0.6
2025-06-12 07:17:00,5.0
2025-06-12 04:44:00,45.1
2025-06-12 19:23:00,6.3
2025-06-12 09:54:00,79.1
2025-06-12 13:08:00,80.4
2025-06-12 09:26:00,18.7
2025-06-12 02:50:00,36.6
2025-06-12 05:31:00,76.5
2025-06-12 14:58:00,66.6
2025-06-12 04:15:00,50.19809456598448
2025-06-12 05:56:00,57.5
2025-06-12 03:01:00,8.2
2025-06-12 18:34:00,10.2
2025-06-12 09:37:00,3.7
2025-06-12 02:14:00,6.5
2025-06-12 10:41:00,50.19809456598448
2025-06-12 14:14:00,50.19809456598448
2025-06-12 07:03:00,53.5
2025-06-12 09:36:00,33.7
2025-06-12 03:57:00,81.8
2025-06-12 02:12:00,18.9
2025-06-12 12:17:00,50.19809456598448
2025-06-12 18:22:00,45.6
2025-06-12 02:49:00,16.1
2025-06-12 20:47:00,50.19809456598448
2025-06-12 05:04:00,24.1
2025-06-12 08:56:00,78.4
2025-06-12 14:59:00,19.2
2025-06-12 00:39:00,50.19809456598448
2025-06-12 08:27:00,12.6
2025-06-12 04:48:00,50.19809456598448
2025-06-12 03:08:00,19.3
2025-06-12 14:43:00,39.3
2025-06-12 03:04:00,71.1
2025-06-12 18:20:00,73.9
2025-06-12 10:34:00,32.4
2025-06-12 16:38:00,3.9
2025-06-12 16:23:00,95.9
2025-06-12 12:40:00,25.3
2025-06-12 07:40:00,36.1
2025-06-12 13:17:00,50.19809456598448
2025-06-12 12:23:00,47.6
2025-06-12 21:04:00,50.19809456598448
2025-06-12 17:03:00,33.5
2025-06-12 19:33:00,47.3
2025-06-12 10:10:00,59.9
2025-06-12 21:11:00,57.7
2025-06-12 01:54:00,10.5
2025-06-12 16:11:00,84.9
2025-06-12 14:41:00,45.9
2025-06-12 20:48:00,80.5
2025-06-12 10:24:00,83.0
2025-06-12 22:13:00,5.4
2025-06-12 08:21:00,52.5
2025-06-12 05:59:00,80.5
2025-06-12 06:31:00,74.1
2025-06-12 16:14:00,56.0
2025-06-12 04:38:00,66.7
2025-06-12 16:18:00,80.9
2025-06-12 07:58:00,88.7
2025-06-12 01:47:00,49.54486036141751
2025-06-12 14:20:00,89.8
2025-06-12 18:34:00,53.7
2025-06-12 08:35:00,55.5
2025-06-12 12:23:00,96.3
2025-06-12 01:46:00,30.3
2025-06-12 20:29:00,51.2
2025-06-12 12:18:00,26.8
2025-06-12 12:38:00,66.1
2025-06-12 07:21:00,31.5
2025-06-12 16:31:00,90.4
2025-06-12 02:19:00,90.2
2025-06-12 05:49:00,91.5
2025-06-12 23:21:00,4.2
2025-06-12 10:13:00,23.1
2025-06-12 15:19:00,74.2
2025-06-12 23:25:00,32.3
2025-06-12 02:01:00,86.9
2025-06-12 13:40:00,59.8
2025-06-12 05:55:00,98.7
2025-06-12 10:00:00,93.1
2025-06-12 14:42:00,96.0
2025-06-12 11:45:00,17.1
2025-06-12 06:30:00,50.8
2025-06-12 03:27:00,49.54486036141751
2025-06-12 16:29:00,85.8
2025-06-12 20:48:00,33.2
2025-06-12 11:23:00,89.1
2025-06-12 23:37:00,49.54486036141751
2025-06-12 02:09:00,51.3
2025-06-12 00:45:00,47.6
2025-06-12 15:32:00,61.0
2025-06-12 03:28:00,65.9
2025-06-12 00:59:00,11.0
2025-06-12 09:08:00,87.3
2025-06-12 05:51:00,90.6
2025-06-12 00:49:00,83.2
2025-06-12 14:40:00,77.1
2025-06-12 20:38:00,49.54486036141751
2025-06-12 02:16:00,20.3
2025-06-12 04:30:00,8.9
2025-06-12 07:47:00,81.0
2025-06-12 14:47:00,71.5
2025-06-12 06:49:00,23.2
2025-06-12 02:41:00,72.8
2025-06-12 01:41:00,89.2
2025-06-12 08:05:00,65.7
2025-06-12 23:52:00,61.3
2025-06-12 14:07:00,43.7
2025-06-12 18:05:00,0.2
2025-06-12 08:52:00,49.54486036141751
2025-06-12 16:52:00,23.0
2025-06-12 13:46:00,35.4
2025-06-12 19:35:00,9.1
2025-06-12 05:22:00,57.4
2025-06-12 05:34:00,19.9
2025-06-12 21:05:00,23.1
2025-06-12 05:18:00,24.9
2025-06-12 21:08:00,62.7
2025-06-12 21:22:00,84.2
2025-06-12 12:15:00,66.4
2025-06-12 18:26:00,60.0
2025-06-12 06:27:00,49.54486036141751
2025-06-12 11:01:00,78.5
2025-06-12 09:43:00,24.8
2025-06-12 18:20:00,78.5
2025-06-12 15:41:00,25.2
2025-06-12 20:25:00,71.1
2025-06-12 23:01:00,27.1
2025-06-12 17:13:00,29.4
2025-06-12 10:08:00,49.54486036141751
2025-06-12 11:07:00,49.54486036141751
2025-06-12 09:40:00,47.6
2025-06-12 09:21:00,49.54486036141751
2025-06-12 05:22:00,69.0
2025-06-12 13:20:00,98.1
2025-06-12 15:37:00,41.4
2025-06-12 17:46:00,3.6
2025-06-12 20:25:00,61.2
2025-06-12 23:41:00,51.8
2025-06-12 18:28:00,84.4
2025-06-12 12:36:00,68.2
2025-06-12 23:07:00,19.8
2025-06-12 10:05:00,40.0
2025-06-12 09:20:00,60.7
2025-06-12 18:00:00,49.1
2025-06-12 04:33:00,96.3
2025-06-12 15:58:00,30.1
2025-06-12 15:12:00,17.6
2025-06-12 23:13:00,21.1
2025-06-12 07:27:00,95.4
2025-06-12 22:27:00,64.1
2025-06-12 07:48:00,91.8
2025-06-12 15:44:00,45.2
2025-06-12 10:44:00,47.2
2025-06-12 09:31:00,49.54486036141751
2025-06-12 12:07:00,4.2
2025-06-12 21:40:00,10.0
2025-06-12 17:18:00,48.0
2025-06-12 23:40:00,59.9
2025-06-12 18:58:00,49.54486036141751
2025-06-12 16:28:00,46.4
2025-06-12 02:03:00,52.6
2025-06-12 02:01:00,17.4
2025-06-12 15:47:00,56.0
2025-06-12 13:33:00,14.0
2025-06-12 09:14:00,58.8
2025-06-12 05:37:00,2.0
2025-06-12 09:50:00,49.54486036141751
2025-06-12 13:07:00,75.2
2025-06-12 03:11:00,49.54486036141751
2025-06-12 08:05:00,85.3
2025-06-12 13:32:00,84.0
2025-06-12 07:11:00,20.5
2025-06-12 16:12:00,29.1
2025-06-12 08:51:00,43.2
2025-06-12 21:04:00,69.9
2025-06-12 21:47:00,42.7
2025-06-12 13:28:00,21.8
2025-06-12 13:59:00,49.6
2025-06-12 01:23:00,64.7
2025-06-12 17:27:00,28.7
2025-06-12 00:24:00,22.3
2025-06-12 01:50:00,39.7
2025-06-12 12:51:00,85.5
2025-06-12 06:44:00,64.0
2025-06-12 00:39:00,49.54486036141751
2025-06-12 20:02:00,49.54486036141751
2025-06-12 11:50:00,49.54486036141751
2025-06-12 05:11:00,17.9
2025-06-12 04:01:00,36.3
2025-06-12 12:50:00,71.1
2025-06-12 02:00:00,3.6
2025-06-12 21:27:00,60.0
2025-06-12 12:45:00,49.54486036141751
2025-06-12 18:41:00,88.0
2025-06-12 17:50:00,39.0
2025-06-12 20:54:00,88.4
2025-06-12 00:32:00,63.7
2025-06-12 06:02:00,80.4
2025-06-12 06:10:00,99.4
2025-06-12 10:30:00,58.0
2025-06-12 00:24:00,56.8
2025-06-12 02:50:00,0.4
2025-06-12 09:01:00,52.7
2025-06-12 12:07:00,8.0
2025-06-12 15:14:00,86.6
2025-06-12 06:13:00,42.1
2025-06-12 15:04:00,7.9
2025-06-12 21:26:00,31.9
2025-06-12 16:03:00,34.7
2025-06-12 11:27:00,13.8
2025-06-12 07:34:00,65.4
2025-06-12 04:16:00,83.9
2025-06-12 18:09:00,12.7
2025-06-12 01:42:00,50.5
2025-06-12 16:53:00,17.2
2025-06-12 17:42:00,92.4
2025-06-12 03:31:00,23.1
2025-06-12 11:11:00,19.4
2025-06-12 14:41:00,96.4
2025-06-12 21:32:00,21.1
2025-06-12 13:08:00,49.54486036141751
2025-06-12 19:05:00,49.54486036141751
2025-06-12 06:47:00,88.5
2025-06-12 07:58:00,38.2
2025-06-12 06:00:00,15.2
2025-06-12 19:53:00,31.2
2025-06-12 00:48:00,80.5
2025-06-12 03:24:00,37.2
2025-06-12 09:37:00,29.7
2025-06-12 22:33:00,29.5
2025-06-12 09:00:00,1.0
2025-06-12 15:43:00,25.2
2025-06-12 07:51:00,49.54486036141751
2025-06-12 00:09:00,13.1
2025-06-12 18:45:00,90.9
2025-06-12 12:14:00,48.8
2025-06-12 21:14:00,49.54486036141751
2025-06-12 21:43:00,59.3
2025-06-12 16:48:00,99.5
2025-06-12 17:35:00,49.54486036141751
2025-06-12 20:55:00,49.54486036141751
2025-06-12 14:46:00,88.8
2025-06-12 07:58:00,85.2
2025-06-12 21:28:00,18.7
2025-06-12 19:18:00,47.2
2025-06-12 23:21:00,99.1
2025-06-12 02:36:00,35.7
2025-06-12 07:59:00,5.8
2025-06-12 02:49:00,75.1
2025-06-12 07:54:00,72.0
2025-06-12 04:14:00,57.8
2025-06-12 23:24:00,36.5
2025-06-12 00:55:00,98.9
2025-06-12 19:14:00,60.9
2025-06-12 07:14:00,8.4
2025-06-12 02:58:00,4.1
2025-06-12 13:05:00,46.4
2025-06-12 07:00:00,28.3
2025-06-12 21:29:00,94.9
2025-06-12 07:40:00,48.5
2025-06-12 21:27:00,49.54486036141751
2025-06-12 07:47:00,79.2
2025-06-12 01:54:00,6.5
2025-06-12 06:04:00,29.0
2025-06-12 10:26:00,90.3
2025-06-12 08:35:00,93.4
2025-06-12 17:50:00,31.4
2025-06-12 07:03:00,68.9
2025-06-12 01:24:00,84.0
2025-06-12 23:59:00,13.9
2025-06-12 00:56:00,58.2
2025-06-12 00:14:00,80.0
2025-06-12 16:06:00,41.3
2025-06-12 08:04:00,13.2
2025-06-12 19:50:00,22.9
2025-06-12 08:33:00,0.3
2025-06-12 17:38:00,85.4
2025-06-12 12:45:00,91.8
2025-06-12 09:37:00,54.9
2025-06-12 22:14:00,32.0
2025-06-12 21:17:00,93.0
2025-06-12 12:00:00,60.7
2025-06-12 13:10:00,53.1
2025-06-12 16:49:00,39.3
2025-06-12 21:35:00,10.2
2025-06-12 04:35:00,14.0
2025-06-12 20:17:00,56.7
2025-06-12 22:06:00,69.8
2025-06-12 02:40:00,97.1
2025-06-12 07:06:00,6.1
2025-06-12 17:09:00,20.3
2025-06-12 14:22:00,80.2
2025-06-12 10:51:00,80.7
2025-06-12 06:07:00,53.7
2025-06-12 09:22:00,49.54486036141751
2025-06-12 05:13:00,49.54486036141751
2025-06-12 17:00:00,62.5
2025-06-12 08:25:00,59.3
2025-06-12 22:16:00,80.0
2025-06-12 00:58:00,28.4
2025-06-12 23:19:00,49.54486036141751
2025-06-12 04:08:00,49.54486036141751
2025-06-12 07:22:00,33.2
2025-06-12 00:44:00,49.54486036141751
2025-06-12 14:54:00,94.6
2025-06-12 10:22:00,69.6
2025-06-12 16:38:00,12.2
2025-06-12 08:21:00,36.3
2025-06-12 05:40:00,49.54486036141751
2025-06-12 05:00:00,72.4
2025-06-12 00:15:00,19.2
2025-06-12 21:58:00,98.5
2025-06-12 02:07:00,89.2
2025-06-12 09:51:00,49.54486036141751
2025-06-12 12:41:00,63.3
2025-06-12 09:46:00,16.2
2025-06-12 23:07:00,74.3
2025-06-12 13:07:00,53.0
2025-06-12 10:57:00,20.5
2025-06-12 00:31:00,49.54486036141751
2025-06-12 17:18:00,3.5
2025-06-12 16:11:00,44.3
2025-06-12 07:17:00,3.1
2025-06-12 00:24:00,21.4
2025-06-12 20:32:00,47.1
2025-06-12 18:53:00,66.1
2025-06-12 19:05:00,17.3
2025-06-12 20:57:00,43.2
2025-06-12 13:25:00,83.7
2025-06-12 07:23:00,50.1
2025-06-12 13:30:00,62.1
2025-06-12 04:20:00,90.2
2025-06-12 06:28:00,52.4
2025-06-12 18:20:00,1.5
2025-06-12 06:24:00,76.9
2025-06-12 17:04:00,49.54486036141751
2025-06-12 18:38:00,71.7
2025-06-12 13:04:00,67.7
2025-06-12 15:00:00,55.1
2025-06-12 18:04:00,85.4
2025-06-12 07:52:00,47.4
2025-06-12 01:08:00,49.54486036141751
2025-06-12 23:12:00,49.54486036141751
2025-06-12 02:46:00,49.54486036141751
2025-06-12 01:53:00,49.54486036141751
2025-06-12 01:38:00,88.4
2025-06-12 08:00:00,32.1
2025-06-12 00:56:00,81.7
2025-06-12 10:38:00,52.9
2025-06-12 07:09:00,74.0
2025-06-12 22:07:00,41.5
2025-06-12 23:14:00,96.4
2025-06-12 05:05:00,18.0
2025-06-12 13:31:00,32.8
2025-06-12 15:54:00,8.1
2025-06-12 08:22:00,58.1
2025-06-12 03:03:00,45.7
2025-06-12 19:29:00,74.3
2025-06-12 00:22:00,17.6
2025-06-12 20:39:00,21.3
2025-06-12 06:13:00,10.5
2025-06-12 12:47:00,55.0
2025-06-12 21:27:00,93.5
2025-06-12 08:27:00,50.136426804852206
2025-06-12 23:09:00,4.7
2025-06-12 11:52:00,1.2
2025-06-12 09:04:00,50.136426804852206
2025-06-12 17:37:00,40.3
2025-06-12 13:52:00,92.2
2025-06-12 17:35:00,76.0
2025-06-12 11:51:00,49.1
2025-06-12 13:21:00,54.0
2025-06-12 23:01:00,46.9
2025-06-12 06:23:00,17.7
2025-06-12 02:29:00,73.7
2025-06-12 05:18:00,85.0
2025-06-12 15:36:00,19.5
2025-06-12 12:49:00,43.4
2025-06-12 00:53:00,50.136426804852206
2025-06-12 01:39:00,74.8
2025-06-12 07:48:00,42.1
2025-06-12 02:26:00,21.4
2025-06-12 04:17:00,50.136426804852206
2025-06-12 01:46:00,62.2
2025-06-12 19:21:00,16.9
2025-06-12 21:41:00,50.136426804852206
2025-06-12 12:13:00,0.0
2025-06-12 16:36:00,64.4
2025-06-12 08:06:00,22.1
2025-06-12 21:47:00,64.7
2025-06-12 23:48:00,87.1
2025-06-12 07:06:00,50.136426804852206
2025-06-12 00:38:00,28.6
2025-06-12 15:25:00,52.2
2025-06-12 21:19:00,16.6
2025-06-12 11:56:00,9.9
2025-06-12 15:28:00,50.8
2025-06-12 04:25:00,70.0
2025-06-12 07:57:00,60.0
2025-06-12 00:19:00,28.1
2025-06-12 18:14:00,95.8
2025-06-12 15:32:00,46.0
2025-06-12 02:33:00,19.9
2025-06-12 18:25:00,74.6
2025-06-12 05:05:00,14.1
2025-06-12 15:49:00,81.4
2025-06-12 16:28:00,11.5
2025-06-12 11:10:00,94.2
2025-06-12 00:02:00,42.8
2025-06-12 02:12:00,90.3
2025-06-12 18:07:00,18.3
2025-06-12 10:58:00,71.3
2025-06-12 21:27:00,3.5
2025-06-12 23:02:00,50.136426804852206
2025-06-12 03:34:00,50.136426804852206
2025-06-12 01:52:00,90.6
2025-06-12 11:50:00,50.136426804852206
2025-06-12 17:31:00,50.136426804852206
2025-06-12 16:22:00,46.9
2025-06-12 20:10:00,13.0
2025-06-12 23:03:00,50.136426804852206
2025-06-12 00:59:00,17.7
2025-06-12 23:38:00,28.5
2025-06-12 06:32:00,92.1
2025-06-12 17:53:00,92.2
2025-06-12 21:27:00,69.9
2025-06-12 06:00:00,60.3
2025-06-12 10:59:00,50.136426804852206
2025-06-12 16:39:00,77.4
2025-06-12 23:22:00,89.5
2025-06-12 11:06:00,50.136426804852206
2025-06-12 02:21:00,22.6
2025-06-12 07:42:00,9.1
2025-06-12 17:38:00,70.5
2025-06-12 19:01:00,50.136426804852206
2025-06-12 07:50:00,90.6
2025-06-12 19:25:00,74.7
2025-06-12 22:07:00,50.136426804852206
2025-06-12 03:33:00,90.1
2025-06-12 11:37:00,82.9
2025-06-12 11:39:00,17.1
2025-06-12 21:17:00,91.4
2025-06-12 00:36:00,42.2
2025-06-12 08:53:00,64.4
2025-06-12 22:32:00,50.136426804852206
2025-06-12 22:50:00,72.7
2025-06-12 10:21:00,48.3
2025-06-12 04:43:00,39.6
2025-06-12 15:31:00,20.0
2025-06-12 17:46:00,6.0
2025-06-12 09:53:00,50.136426804852206
2025-06-12 16:20:00,57.4
2025-06-12 03:24:00,8.6
2025-06-12 22:48:00,50.136426804852206
2025-06-12 01:04:00,42.7
2025-06-12 18:55:00,34.4
2025-06-12 12:33:00,50.136426804852206
2025-06-12 18:51:00,40.5
2025-06-12 14:33:00,81.0
2025-06-12 10:45:00,50.136426804852206
2025-06-12 09:08:00,91.3
2025-06-12 22:59:00,90.5
2025-06-12 08:33:00,35.7
2025-06-12 12:57:00,48.8
2025-06-12 16:33:00,66.7
2025-06-12 16:59:00,96.5
2025-06-12 00:35:00,72.5
2025-06-12 19:06:00,59.6
2025-06-12 15:34:00,35.1
2025-06-12 10:02:00,10.2
2025-06-12 00:04:00,27.1
2025-06-12 20:32:00,87.7
2025-06-12 08:28:00,77.1
2025-06-12 15:09:00,92.6
2025-06-12 11:05:00,90.3
2025-06-12 13:31:00,97.3
2025-06-12 03:16:00,78.1
2025-06-12 07:29:00,50.136426804852206
2025-06-12 06:59:00,96.0
2025-06-12 21:33:00,7.7
2025-06-12 06:47:00,15.5
2025-06-12 02:41:00,72.9
2025-06-12 23:41:00,76.5
2025-06-12 03:14:00,11.0
2025-06-12 13:51:00,88.2
2025-06-12 04:38:00,4.5
2025-06-12 15:16:00,70.7
2025-06-12 18:03:00,50.136426804852206
2025-06-12 20:02:00,71.7
2025-06-12 03:13:00,49.9
2025-06-12 05:27:00,4.4
2025-06-12 14:12:00,68.2
2025-06-12 22:48:00,12.0
2025-06-12 00:29:00,50.136426804852206
2025-06-12 11:20:00,50.136426804852206
2025-06-12 22:21:00,24.9
2025-06-12 01:40:00,50.136426804852206
2025-06-12 21:58:00,82.2
2025-06-12 01:01:00,65.2
2025-06-12 19:33:00,42.1
2025-06-12 16:42:00,59.3
2025-06-12 04:02:00,50.136426804852206
2025-06-12 00:05:00,70.5
2025-06-12 04:11:00,4.9
2025-06-12 00:48:00,43.4
2025-06-12 06:47:00,20.0
2025-06-12 21:27:00,94.7
2025-06-12 18:11:00,50.136426804852206
2025-06-12 18:00:00,61.0
2025-06-12 15:39:00,4.6
2025-06-12 01:30:00,62.5
2025-06-12 15:34:00,57.5
2025-06-12 06:25:00,50.136426804852206
2025-06-12 20:04:00,24.4
2025-06-12 06:19:00,84.3
2025-06-12 09:13:00,11.1
2025-06-12 04:32:00,57.8
2025-06-12 07:26:00,43.8
2025-06-12 06:40:00,69.9
2025-06-12 00:36:00,43.1
2025-06-12 23:17:00,63.0
2025-06-12 18:54:00,49.9
2025-06-12 11:58:00,41.8
2025-06-12 10:03:00,76.4
2025-06-12 12:45:00,45.6
2025-06-12 21:38:00,35.2
2025-06-12 00:17:00,54.3
2025-06-12 11:06:00,23.7
2025-06-12 05:08:00,83.6
2025-06-12 14:33:00,55.0
2025-06-12 19:02:00,64.1
2025-06-12 20:17:00,78.4
2025-06-12 04:11:00,23.6
2025-06-12 10:35:00,27.0
2025-06-12 10:09:00,50.136426804852206
2025-06-12 16:17:00,85.2
2025-06-12 04:41:00,50.136426804852206
2025-06-12 17:13:00,4.0
2025-06-12 21:54:00,96.8
2025-06-12 14:03:00,44.5
2025-06-12 21:45:00,21.3
2025-06-12 10:36:00,30.6
2025-06-12 09:51:00,74.1
2025-06-12 22:16:00,80.4
2025-06-12 15:35:00,42.2
2025-06-12 15:09:00,2.6
2025-06-12 03:30:00,88.8
2025-06-12 16:39:00,34.5
2025-06-12 07:00:00,42.2
2025-06-12 08:57:00,85.4
2025-06-12 07:14:00,50.136426804852206
2025-06-12 02:08:00,49.1
2025-06-12 19:34:00,44.0
2025-06-12 17:42:00,50.136426804852206
2025-06-12 08:51:00,42.1
2025-06-12 18:33:00,93.6
2025-06-12 21:39:00,79.9
2025-06-12 17:59:00,75.2
2025-06-12 01:07:00,94.9
2025-06-12 00:09:00,50.136426804852206
2025-06-12 16:49:00,59.0
2025-06-12 17:21:00,7.8
2025-06-12 03:19:00,50.136426804852206
2025-06-12 20:05:00,55.6
2025-06-12 23:14:00,50.136426804852206
2025-06-12 13:08:00,62.5
2025-06-12 04:17:00,2.3
2025-06-12 17:25:00,72.1
2025-06-12 01:48:00,50.136426804852206
2025-06-12 05:16:00,27.5
2025-06-12 03:44:00,50.136426804852206
2025-06-12 05:42:00,50.136426804852206
2025-06-12 21:49:00,36.1
2025-06-12 13:07:00,17.5
2025-06-12 09:21:00,15.4
2025-06-12 07:00:00,4.9
2025-06-12 23:21:00,52.5
2025-06-12 08:57:00,32.0
2025-06-12 05:32:00,59.0
2025-06-12 15:25:00,5.0
2025-06-12 16:22:00,3.5
2025-06-12 17:38:00,98.7
2025-06-12 05:54:00,1.8
2025-06-12 17:55:00,30.8
2025-06-12 01:42:00,49.9
2025-06-12 18:24:00,43.1
2025-06-12 23:43:00,50.136426804852206
2025-06-12 05:12:00,67.3
2025-06-12 12:40:00,25.7
2025-06-12 19:57:00,90.4
2025-06-12 04:16:00,50.136426804852206
2025-06-12 12:11:00,23.4
2025-06-12 01:45:00,50.9
2025-06-12 07:51:00,14.3
2025-06-12 17:15:00,50.136426804852206
2025-06-12 10:03:00,31.6
2025-06-12 05:36:00,88.2
2025-06-12 13:33:00,50.136426804852206
2025-06-12 00:02:00,13.0
2025-06-12 12:06:00,48.0
2025-06-12 10:54:00,50.136426804852206
2025-06-12 17:32:00,26.6
2025-06-12 19:12:00,58.6
2025-06-12 07:53:00,23.0
2025-06-12 15:43:00,12.1
2025-06-12 19:43:00,97.6
2025-06-12 02:51:00,31.2
2025-06-12 20:38:00,39.9
2025-06-12 08:17:00,50.136426804852206
2025-06-12 22:29:00,40.8
2025-06-12 00:19:00,50.136426804852206
2025-06-12 11:30:00,45.2
2025-06-12 12:56:00,50.136426804852206
2025-06-12 23:27:00,87.2
2025-06-12 13:12:00,85.7
2025-06-12 13:34:00,52.8
2025-06-12 16:17:00,87.8
2025-06-12 19:27:00,50.136426804852206
2025-06-12 11:36:00,54.9
2025-06-12 07:46:00,71.7
2025-06-12 14:43:00,8.2
2025-06-12 14:24:00,47.1
2025-06-12 23:12:00,37.3
2025-06-12 08:36:00,43.5
2025-06-12 19:50:00,33.1
2025-06-12 18:10:00,29.7
2025-06-12 12:23:00,90.7
2025-06-12 02:59:00,2.8
2025-06-12 04:40:00,50.136426804852206
2025-06-12 10:03:00,52.3
2025-06-12 06:31:00,12.3
2025-06-12 09:36:00,76.4
2025-06-12 21:04:00,50.136426804852206
2025-06-12 23:51:00,62.9
2025-06-12 23:40:00,50.136426804852206
2025-06-12 09:38:00,4.9
2025-06-12 11:55:00,61.2
2025-06-12 17:01:00,89.8
2025-06-12 23:47:00,71.3
2025-06-12 23:28:00,75.7
2025-06-12 23:11:00,78.0
2025-06-12 16:59:00,50.136426804852206
2025-06-12 01:21:00,55.0
2025-06-12 22:10:00,70.4
2025-06-12 03:51:00,40.4
2025-06-12 03:17:00,61.4
2025-06-12 02:01:00,31.5
2025-06-12 09:37:00,44.2
2025-06-12 12:30:00,63.8
2025-06-12 02:03:00,58.9
2025-06-12 19:04:00,50.136426804852206
2025-06-12 14:33:00,5.7
2025-06-12 23:13:00,15.6
2025-06-12 10:33:00,4.8
2025-06-12 17:20:00,88.6
2025-06-12 09:58:00,50.136426804852206
2025-06-12 19:53:00,31.6
2025-06-12 09:17:00,37.5
2025-06-12 01:28:00,25.5
2025-06-12 23:23:00,18.9
2025-06-12 17:00:00,33.7
2025-06-12 19:33:00,93.1
2025-06-12 22:02:00,13.1
2025-06-12 06:14:00,40.6
2025-06-12 13:53:00,35.2
2025-06-12 23:36:00,28.2
2025-06-12 14:18:00,36.7
2025-06-12 23:23:00,50.136426804852206
2025-06-12 07:36:00,50.136426804852206
2025-06-12 05:09:00,18.5
2025-06-12 04:16:00,29.9
2025-06-12 19:12:00,81.3
2025-06-12 15:32:00,4.9
2025-06-12 01:45:00,36.8
2025-06-12 18:08:00,10.4
2025-06-12 14:34:00,69.0
2025-06-12 18:52:00,50.136426804852206
2025-06-12 21:56:00,11.4
2025-06-12 17:55:00,72.7
2025-06-12 20:43:00,1.1
2025-06-12 14:15:00,99.9
2025-06-12 14:20:00,50.136426804852206
2025-06-12 02:30:00,84.1
2025-06-12 16:46:00,94.8
2025-06-12 11:11:00,67.8
2025-06-12 23:20:00,80.0
2025-06-12 05:10:00,86.8
2025-06-12 11:15:00,50.136426804852206
2025-06-12 23:26:00,35.4
2025-06-12 02:54:00,61.3
2025-06-12 12:32:00,90.1
2025-06-12 04:08:00,64.8
2025-06-12 03:55:00,21.7
2025-06-12 21:18:00,37.7
2025-06-12 15:57:00,10.1
2025-06-12 03:43:00,7.9
2025-06-12 10:15:00,50.037891637220255
2025-06-12 11:37:00,30.0
2025-06-12 13:32:00,40.6
2025-06-12 03:23:00,65.5
2025-06-12 19:12:00,37.6
2025-06-12 11:27:00,60.9
2025-06-12 06:43:00,43.5
2025-06-12 19:44:00,56.8
2025-06-12 23:51:00,55.2
2025-06-12 04:05:00,15.5
2025-06-12 14:10:00,26.7
2025-06-12 19:31:00,4.2
2025-06-12 17:01:00,23.0
2025-06-12 02:28:00,50.037891637220255
2025-06-12 14:20:00,96.7
2025-06-12 07:38:00,20.7
2025-06-12 11:34:00,6.9
2025-06-12 11:22:00,50.0
2025-06-12 15:06:00,68.7
2025-06-12 17:56:00,50.037891637220255
2025-06-12 05:38:00,4.9
2025-06-12 02:23:00,39.1
2025-06-12 18:16:00,10.2
2025-06-12 10:02:00,50.037891637220255
2025-06-12 02:39:00,10.9
2025-06-12 21:51:00,47.9
2025-06-12 17:38:00,50.037891637220255
2025-06-12 23:11:00,63.7
2025-06-12 16:36:00,32.9
2025-06-12 11:11:00,50.037891637220255
2025-06-12 11:31:00,83.6
2025-06-12 08:07:00,72.1
2025-06-12 20:58:00,79.4
2025-06-12 11:56:00,43.4
2025-06-12 22:09:00,57.7
2025-06-12 19:20:00,11.0
2025-06-12 17:13:00,76.7
2025-06-12 01:39:00,11.8
2025-06-12 12:09:00,7.3
2025-06-12 13:20:00,66.9
2025-06-12 15:17:00,76.0
2025-06-12 16:48:00,90.1
2025-06-12 00:48:00,23.6
2025-06-12 05:16:00,40.3
2025-06-12 00:56:00,43.1
2025-06-12 19:25:00,95.8
2025-06-12 14:19:00,2.1
2025-06-12 19:25:00,38.6
2025-06-12 07:28:00,58.2
2025-06-12 10:25:00,50.037891637220255
2025-06-12 16:07:00,0.6
2025-06-12 22:54:00,11.4
2025-06-12 10:22:00,10.2
2025-06-12 23:24:00,50.037891637220255
2025-06-12 14:38:00,99.1
2025-06-12 04:21:00,35.0
2025-06-12 14:00:00,50.037891637220255
2025-06-12 22:07:00,65.3
2025-06-12 13:17:00,77.2
2025-06-12 12:45:00,43.8
2025-06-12 14:40:00,50.037891637220255
2025-06-12 04:36:00,87.3
2025-06-12 04:03:00,17.7
2025-06-12 22:14:00,50.037891637220255
2025-06-12 03:18:00,2.2
2025-06-12 10:42:00,7.1
2025-06-12 05:38:00,33.0
2025-06-12 21:01:00,34.5
2025-06-12 06:49:00,94.9
2025-06-12 06:55:00,50.6
2025-06-12 12:38:00,50.037891637220255
2025-06-12 11:39:00,68.6
2025-06-12 11:20:00,11.1
2025-06-12 20:59:00,53.0
2025-06-12 23:42:00,50.037891637220255
2025-06-12 13:49:00,68.1
2025-06-12 20:33:00,20.4
2025-06-12 10:36:00,50.037891637220255
2025-06-12 01:31:00,84.8
2025-06-12 17:22:00,2.5
2025-06-12 19:59:00,50.037891637220255
2025-06-12 00:10:00,76.5
2025-06-12 10:13:00,10.8
2025-06-12 20:38:00,47.8
2025-06-12 12:35:00,13.5
2025-06-12 04:36:00,12.3
2025-06-12 01:20:00,44.3
2025-06-12 13:07:00,58.6
2025-06-12 20:48:00,57.4
2025-06-12 03:04:00,15.3
2025-06-12 06:45:00,19.8
2025-06-12 15:20:00,50.037891637220255
2025-06-12 05:16:00,28.5
2025-06-12 19:07:00,97.6
2025-06-12 20:35:00,20.5
2025-06-12 16:09:00,85.1
2025-06-12 12:51:00,10.5
2025-06-12 07:29:00,40.3
2025-06-12 00:23:00,50.037891637220255
2025-06-12 13:27:00,48.4
2025-06-12 16:27:00,66.9
2025-06-12 23:03:00,50.037891637220255
2025-06-12 07:13:00,50.037891637220255
2025-06-12 00:13:00,82.3
2025-06-12 17:12:00,27.7
2025-06-12 19:37:00,67.6
2025-06-12 13:19:00,48.3
2025-06-12 12:18:00,29.1
2025-06-12 05:09:00,50.037891637220255
2025-06-12 03:13:00,22.3
2025-06-12 00:30:00,50.037891637220255
2025-06-12 23:25:00,65.0
2025-06-12 20:51:00,50.037891637220255
2025-06-12 03:12:00,50.037891637220255
2025-06-12 09:16:00,83.1
2025-06-12 00:38:00,41.6
2025-06-12 02:08:00,50.037891637220255
2025-06-12 14:36:00,50.037891637220255
2025-06-12 23:27:00,18.5
2025-06-12 12:26:00,77.0
2025-06-12 01:48:00,74.9
2025-06-12 04:22:00,42.6
2025-06-12 16:57:00,27.8
2025-06-12 11:15:00,92.1
2025-06-12 23:56:00,50.037891637220255
2025-06-12 05:16:00,50.037891637220255
2025-06-12 14:22:00,82.7
2025-06-12 22:33:00,50.037891637220255
2025-06-12 21:01:00,75.8
2025-06-12 20:01:00,43.3
2025-06-12 17:21:00,36.8
2025-06-12 23:24:00,68.1
2025-06-12 14:13:00,35.3
2025-06-12 11:33:00,35.2
2025-06-12 15:51:00,71.0
2025-06-12 20:46:00,7.6
2025-06-12 05:59:00,50.037891637220255
2025-06-12 06:16:00,68.7
2025-06-12 11:10:00,52.4
2025-06-12 23:49:00,12.9
2025-06-12 09:15:00,39.0
2025-06-12 16:44:00,16.8
2025-06-12 07:26:00,76.1
2025-06-12 10:22:00,84.0
2025-06-12 02:09:00,34.7
2025-06-12 04:13:00,7.5
2025-06-12 17:34:00,80.1
2025-06-12 09:38:00,46.1
2025-06-12 10:39:00,35.9
2025-06-12 15:14:00,16.2
2025-06-12 03:31:00,21.4
2025-06-12 13:45:00,65.5
2025-06-12 09:31:00,5.5
2025-06-12 15:31:00,19.3
2025-06-12 01:55:00,68.4
2025-06-12 16:40:00,46.5
2025-06-12 03:34:00,81.5
2025-06-12 01:43:00,50.037891637220255
2025-06-12 03:45:00,50.037891637220255
2025-06-12 02:50:00,70.2
2025-06-12 15:27:00,75.1
2025-06-12 13:57:00,53.9
2025-06-12 22:26:00,42.6
2025-06-12 11:01:00,18.7
2025-06-12 10:40:00,80.6
2025-06-12 01:42:00,56.9
2025-06-12 19:38:00,99.1
2025-06-12 01:48:00,50.037891637220255
2025-06-12 07:14:00,72.7
2025-06-12 23:56:00,80.2
2025-06-12 03:56:00,91.5
2025-06-12 06:21:00,81.2
2025-06-12 14:04:00,95.1
2025-06-12 03:34:00,38.8
2025-06-12 05:41:00,93.3
2025-06-12 21:39:00,48.9
2025-06-12 18:46:00,42.8
2025-06-12 14:20:00,55.2
2025-06-12 14:57:00,50.037891637220255
2025-06-12 18:10:00,14.1
2025-06-12 18:39:00,42.4
2025-06-12 04:34:00,90.0
2025-06-12 13:08:00,14.4
2025-06-12 01:26:00,51.0
2025-06-12 05:46:00,26.0
2025-06-12 23:41:00,50.037891637220255
2025-06-12 13:01:00,93.6
2025-06-12 14:13:00,85.5
2025-06-12 04:45:00,82.5
2025-06-12 16:47:00,50.037891637220255
2025-06-12 12:02:00,73.0
2025-06-12 07:38:00,36.7
2025-06-12 22:28:00,76.4
2025-06-12 05:37:00,50.037891637220255
2025-06-12 09:37:00,28.9
2025-06-12 06:22:00,47.8
2025-06-12 09:30:00,93.2
2025-06-12 03:48:00,1.7
2025-06-12 11:46:00,84.7
2025-06-12 12:43:00,28.6
2025-06-12 12:20:00,33.5
2025-06-12 21:44:00,20.3
2025-06-12 22:36:00,9.2
2025-06-12 08:14:00,15.8
2025-06-12 15:38:00,81.4
2025-06-12 03:04:00,92.3
2025-06-12 01:53:00,0.8
2025-06-12 15:43:00,81.5
2025-06-12 06:46:00,38.5
2025-06-12 00:26:00,12.9
2025-06-12 15:57:00,81.1
2025-06-12 11:56:00,50.037891637220255
2025-06-12 10:50:00,43.8
2025-06-12 03:25:00,68.4
2025-06-12 21:52:00,69.5
2025-06-12 11:07:00,50.037891637220255
2025-06-12 09:45:00,56.9
2025-06-12 09:36:00,95.0
2025-06-12 19:20:00,11.7
2025-06-12 09:52:00,26.4
2025-06-12 01:58:00,61.7
2025-06-12 06:08:00,68.3
2025-06-12 07:59:00,50.0
2025-06-12 10:06:00,98.1
2025-06-12 15:22:00,17.3
2025-06-12 04:59:00,56.7
2025-06-12 06:22:00,55.0
2025-06-12 18:49:00,60.8
2025-06-12 23:20:00,6.1
2025-06-12 04:58:00,84.6
2025-06-12 00:20:00,10.6
2025-06-12 15:10:00,50.037891637220255
2025-06-12 06:22:00,30.0
2025-06-12 16:30:00,64.9
2025-06-12 19:21:00,12.4
2025-06-12 05:49:00,4.8
2025-06-12 14:08:00,76.0
2025-06-12 11:56:00,50.037891637220255
2025-06-12 16:48:00,21.8
2025-06-12 16:43:00,65.7
2025-06-12 07:51:00,50.037891637220255
2025-06-12 08:39:00,50.037891637220255
2025-06-12 22:39:00,15.8
2025-06-12 04:35:00,70.9
2025-06-12 15:04:00,85.7
2025-06-12 02:30:00,59.8
2025-06-12 03:39:00,52.8
2025-06-12 15:59:00,37.9
2025-06-12 08:54:00,84.2
2025-06-12 02:26:00,26.1
2025-06-12 19:22:00,39.9
2025-06-12 02:42:00,69.4
2025-06-12 02:17:00,50.037891637220255
2025-06-12 00:48:00,24.7
2025-06-12 04:16:00,56.5
2025-06-12 17:59:00,35.5
2025-06-12 02:09:00,27.2
2025-06-12 10:16:00,12.8
2025-06-12 03:57:00,50.037891637220255
2025-06-12 16:47:00,15.5
2025-06-12 13:06:00,85.8
2025-06-12 17:10:00,93.3
2025-06-12 15:15:00,82.7
2025-06-12 22:17:00,0.6
2025-06-12 18:53:00,19.7
2025-06-12 15:09:00,73.8
2025-06-12 03:41:00,26.0
2025-06-12 21:21:00,87.4
2025-06-12 08:50:00,50.037891637220255
2025-06-12 00:30:00,62.5
2025-06-12 13:09:00,90.1
2025-06-12 14:28:00,3.8
2025-06-12 16:37:00,78.7
2025-06-12 21:19:00,15.1
2025-06-12 15:47:00,47.3
2025-06-12 03:44:00,60.3
2025-06-12 08:43:00,93.3
2025-06-12 16:53:00,68.4
2025-06-12 03:01:00,61.8
2025-06-12 19:53:00,44.1
2025-06-12 05:47:00,46.1
2025-06-12 10:44:00,50.037891637220255
2025-06-12 08:00:00,1.7
2025-06-12 07:12:00,50.037891637220255
2025-06-12 19:27:00,17.5
2025-06-12 20:08:00,50.037891637220255
2025-06-12 22:00:00,72.6
2025-06-12 00:45:00,78.2
2025-06-12 21:33:00,81.2
2025-06-12 00:28:00,14.4
2025-06-12 16:00:00,17.1
2025-06-12 16:50:00,50.037891637220255
2025-06-12 09:24:00,50.037891637220255
2025-06-12 18:50:00,37.6
2025-06-12 16:16:00,30.7
2025-06-12 06:33:00,41.0
2025-06-12 23:40:00,42.0
2025-06-12 13:37:00,42.9
2025-06-12 18:45:00,30.9
2025-06-12 20:41:00,75.0
2025-06-12 18:34:00,78.4
2025-06-12 10:39:00,50.037891637220255
2025-06-12 06:41:00,41.7
2025-06-12 06:52:00,42.9
2025-06-12 22:21:00,20.1
2025-06-12 07:18:00,12.1
2025-06-12 13:30:00,84.3
2025-06-12 07:32:00,54.4
2025-06-12 13:58:00,1.8
2025-06-12 05:01:00,8.7
2025-06-12 07:21:00,96.2
2025-06-12 06:15:00,62.3
2025-06-12 04:56:00,15.7
2025-06-12 10:22:00,75.1
2025-06-12 19:13:00,89.8
2025-06-12 01:45:00,40.9
2025-06-12 05:45:00,88.4
2025-06-12 23:22:00,28.2
2025-06-12 17:48:00,72.6
2025-06-12 14:11:00,1.3
2025-06-12 13:09:00,99.5
2025-06-12 09:13:00,99.3
2025-06-12 15:09:00,3.7
2025-06-12 10:57:00,23.3
2025-06-12 05:30:00,41.4
2025-06-12 00:59:00,63.7
2025-06-12 17:33:00,50.037891637220255
2025-06-12 16:09:00,73.8
2025-06-12 08:17:00,49.0
2025-06-12 04:43:00,25.6
2025-06-12 06:32:00,39.5
2025-06-12 17:46:00,62.6
2025-06-12 21:35:00,96.0
2025-06-12 06:58:00,21.3
2025-06-12 10:47:00,79.6
2025-06-12 10:07:00,48.7
2025-06-12 07:10:00,50.037891637220255
2025-06-12 11:41:00,50.037891637220255
2025-06-12 21:12:00,21.0
2025-06-12 21:49:00,5.1
2025-06-12 02:07:00,50.037891637220255
2025-06-12 13:14:00,3.8
2025-06-12 04:49:00,2.7
2025-06-12 19:20:00,99.8
2025-06-12 15:22:00,2.5
2025-06-12 06:53:00,32.2
2025-06-12 15:57:00,43.0
2025-06-12 03:01:00,43.7
2025-06-12 01:32:00,22.1
2025-06-12 02:29:00,21.4
2025-06-12 17:48:00,43.2
2025-06-12 20:21:00,50.60542317173377
2025-06-12 11:54:00,93.9
2025-06-12 08:13:00,98.6
2025-06-12 06:23:00,60.1
2025-06-12 10:33:00,79.7
2025-06-12 19:48:00,50.60542317173377
2025-06-12 03:27:00,1.0
2025-06-12 21:50:00,50.60542317173377
2025-06-12 03:14:00,89.5
2025-06-12 10:19:00,86.2
2025-06-12 12:49:00,42.8
2025-06-12 21:13:00,32.9
2025-06-12 09:21:00,2.9
2025-06-12 11:18:00,50.60542317173377
2025-06-12 10:42:00,82.5
2025-06-12 11:32:00,20.9
2025-06-12 10:49:00,4.9
2025-06-12 00:04:00,74.9
2025-06-12 02:51:00,21.1
2025-06-12 06:04:00,62.1
2025-06-12 16:23:00,11.2
2025-06-12 20:33:00,64.6
2025-06-12 19:09:00,3.2
2025-06-12 11:03:00,67.0
2025-06-12 22:54:00,78.4
2025-06-12 12:03:00,50.60542317173377
2025-06-12 17:27:00,50.60542317173377
2025-06-12 00:46:00,96.1
2025-06-12 10:46:00,19.3
2025-06-12 10:05:00,50.60542317173377
2025-06-12 17:26:00,18.2
2025-06-12 10:42:00,56.5
2025-06-12 10:09:00,80.7
2025-06-12 11:19:00,63.1
2025-06-12 23:54:00,67.3
2025-06-12 19:45:00,45.9
2025-06-12 05:46:00,50.60542317173377
2025-06-12 02:09:00,65.1
2025-06-12 23:09:00,35.1
2025-06-12 00:39:00,96.7
2025-06-12 19:37:00,50.60542317173377
2025-06-12 07:57:00,67.5
2025-06-12 21:13:00,11.0
2025-06-12 07:55:00,82.3
2025-06-12 11:25:00,50.60542317173377
2025-06-12 14:41:00,3.7
2025-06-12 09:13:00,59.9
2025-06-12 12:28:00,86.4
2025-06-12 10:38:00,40.3
2025-06-12 08:58:00,27.7
2025-06-12 13:29:00,99.9
2025-06-12 19:38:00,3.0
2025-06-12 16:02:00,48.5
2025-06-12 06:48:00,50.60542317173377
2025-06-12 23:21:00,12.2
2025-06-12 20:12:00,26.5
2025-06-12 06:45:00,96.3
2025-06-12 14:07:00,50.60542317173377
2025-06-12 08:31:00,54.9
2025-06-12 15:51:00,50.60542317173377
2025-06-12 23:38:00,84.8
2025-06-12 13:06:00,51.4
2025-06-12 20:42:00,71.9
2025-06-12 05:26:00,50.60542317173377
2025-06-12 21:01:00,37.9
2025-06-12 16:12:00,35.2
2025-06-12 05:52:00,14.4
2025-06-12 20:35:00,76.4
2025-06-12 19:07:00,27.4
2025-06-12 10:51:00,45.2
2025-06-12 15:41:00,32.0
2025-06-12 12:34:00,48.2
2025-06-12 11:02:00,59.1
2025-06-12 18:43:00,50.60542317173377
2025-06-12 18:53:00,99.0
2025-06-12 16:55:00,27.6
2025-06-12 22:27:00,17.8
2025-06-12 14:16:00,76.3
2025-06-12 06:38:00,50.60542317173377
2025-06-12 05:09:00,53.1
2025-06-12 13:08:00,46.3
2025-06-12 21:41:00,30.4
2025-06-12 23:27:00,79.3
2025-06-12 19:03:00,85.9
2025-06-12 21:49:00,39.1
2025-06-12 07:45:00,76.2
2025-06-12 09:48:00,64.8
2025-06-12 22:28:00,97.4
2025-06-12 07:35:00,50.60542317173377
2025-06-12 19:36:00,56.8
2025-06-12 08:38:00,57.8
2025-06-12 18:06:00,74.6
2025-06-12 10:48:00,2.8
2025-06-12 11:51:00,10.5
2025-06-12 06:00:00,50.60542317173377
2025-06-12 18:34:00,28.6
2025-06-12 18:43:00,74.5
2025-06-12 07:03:00,57.6
2025-06-12 10:00:00,88.7
2025-06-12 21:51:00,16.5
2025-06-12 00:18:00,51.3
2025-06-12 14:51:00,38.4
2025-06-12 11:08:00,53.7
2025-06-12 00:35:00,84.9
2025-06-12 17:20:00,9.7
2025-06-12 04:53:00,58.7
2025-06-12 13:16:00,9.1
2025-06-12 02:26:00,15.4
2025-06-12 09:23:00,30.9
2025-06-12 21:48:00,62.6
2025-06-12 11:57:00,79.4
2025-06-12 21:55:00,17.9
2025-06-12 14:43:00,50.60542317173377
2025-06-12 09:04:00,73.9
2025-06-12 22:05:00,28.6
2025-06-12 02:00:00,71.3
2025-06-12 18:09:00,25.0
2025-06-12 18:46:00,50.60542317173377
2025-06-12 18:35:00,63.5
2025-06-12 13:03:00,84.6
2025-06-12 22:09:00,75.4
2025-06-12 21:30:00,3.3
2025-06-12 19:36:00,16.3
2025-06-12 07:32:00,50.60542317173377
2025-06-12 02:30:00,6.7
2025-06-12 09:21:00,9.4
2025-06-12 17:51:00,64.9
2025-06-12 21:45:00,65.5
2025-06-12 10:34:00,95.9
2025-06-12 01:45:00,80.4
2025-06-12 09:49:00,8.2
2025-06-12 17:23:00,84.1
2025-06-12 11:41:00,62.5
2025-06-12 21:18:00,1.0
2025-06-12 04:28:00,11.9
2025-06-12 23:26:00,50.60542317173377
2025-06-12 11:05:00,29.4
2025-06-12 04:38:00,74.8
2025-06-12 12:29:00,74.1
2025-06-12 09:54:00,50.60542317173377
2025-06-12 02:23:00,60.7
2025-06-12 13:32:00,50.60542317173377
2025-06-12 22:03:00,34.2
2025-06-12 23:17:00,41.5
2025-06-12 17:36:00,76.8
2025-06-12 07:09:00,0.5
2025-06-12 18:03:00,35.3
2025-06-12 08:14:00,22.0
2025-06-12 08:52:00,25.5
2025-06-12 01:40:00,24.3
2025-06-12 10:51:00,50.60542317173377
2025-06-12 08:57:00,94.3
2025-06-12 10:38:00,50.60542317173377
2025-06-12 19:59:00,29.0
2025-06-12 00:58:00,93.3
2025-06-12 09:59:00,79.2
2025-06-12 21:35:00,83.8
2025-06-12 18:26:00,86.3
2025-06-12 17:52:00,39.6
2025-06-12 23:03:00,52.2
2025-06-12 09:08:00,17.4
2025-06-12 01:06:00,16.0
2025-06-12 18:02:00,47.5
2025-06-12 05:29:00,86.6
2025-06-12 14:27:00,54.7
2025-06-12 20:40:00,83.4
2025-06-12 08:42:00,32.3
2025-06-12 12:24:00,15.6
2025-06-12 09:04:00,7.3
2025-06-12 21:22:00,53.3
2025-06-12 04:26:00,71.3
2025-06-12 17:20:00,15.7
2025-06-12 09:08:00,50.4
2025-06-12 18:50:00,48.5
2025-06-12 20:13:00,32.1
2025-06-12 02:23:00,51.1
2025-06-12 10:18:00,50.60542317173377
2025-06-12 17:48:00,48.2
2025-06-12 11:23:00,97.8
2025-06-12 04:24:00,64.0
2025-06-12 11:14:00,50.3
2025-06-12 21:57:00,27.2
2025-06-12 01:10:00,50.60542317173377
2025-06-12 12:50:00,57.2
2025-06-12 07:08:00,59.3
2025-06-12 10:07:00,50.60542317173377
2025-06-12 03:01:00,35.7
2025-06-12 15:03:00,64.1
2025-06-12 23:18:00,14.8
2025-06-12 12:25:00,60.1
2025-06-12 21:16:00,44.8
2025-06-12 22:47:00,99.6
2025-06-12 05:05:00,27.4
2025-06-12 20:22:00,19.7
2025-06-12 18:00:00,36.5
2025-06-12 01:20:00,20.9
2025-06-12 22:50:00,84.1
2025-06-12 05:41:00,79.6
2025-06-12 20:44:00,32.7
2025-06-12 18:46:00,66.1
2025-06-12 14:23:00,97.1
2025-06-12 10:27:00,68.4
2025-06-12 01:39:00,50.60542317173377
2025-06-12 00:26:00,61.5
2025-06-12 01:01:00,2.0
2025-06-12 05:19:00,86.0
2025-06-12 08:16:00,14.0
2025-06-12 22:01:00,95.3
2025-06-12 01:05:00,41.5
2025-06-12 15:19:00,91.0
2025-06-12 12:46:00,98.4
2025-06-12 17:13:00,1.4
2025-06-12 17:57:00,95.7
2025-06-12 16:44:00,7.2
2025-06-12 10:06:00,50.60542317173377
2025-06-12 16:29:00,19.2
2025-06-12 08:10:00,56.9
2025-06-12 07:12:00,58.6
2025-06-12 00:12:00,51.9
2025-06-12 19:17:00,94.8
2025-06-12 17:04:00,66.2
2025-06-12 04:50:00,94.9
2025-06-12 01:45:00,50.60542317173377
2025-06-12 12:42:00,54.8
2025-06-12 14:31:00,56.5
2025-06-12 14:08:00,19.6
2025-06-12 07:03:00,7.2
2025-06-12 19:46:00,75.8
2025-06-12 09:18:00,32.4
2025-06-12 03:30:00,44.3
2025-06-12 01:16:00,5.8
2025-06-12 06:38:00,39.1
2025-06-12 03:28:00,96.5
2025-06-12 10:34:00,50.60542317173377
2025-06-12 07:10:00,52.6
2025-06-12 14:11:00,77.5
2025-06-12 16:30:00,15.3
2025-06-12 05:05:00,90.2
2025-06-12 07:56:00,50.60542317173377
2025-06-12 05:19:00,56.7
2025-06-12 14:14:00,34.4
2025-06-12 07:36:00,31.8
2025-06-12 11:40:00,46.9
2025-06-12 09:10:00,70.6
2025-06-12 23:22:00,59.8
2025-06-12 04:13:00,9.5
2025-06-12 11:28:00,47.2
2025-06-12 04:33:00,50.60542317173377
2025-06-12 05:30:00,34.4
2025-06-12 04:23:00,35.0
2025-06-12 19:55:00,45.9
2025-06-12 07:21:00,21.5
2025-06-12 13:16:00,10.6
2025-06-12 04:29:00,99.7
2025-06-12 18:39:00,93.9
2025-06-12 05:10:00,97.2
2025-06-12 01:56:00,80.7
2025-06-12 09:34:00,29.9
2025-06-12 17:35:00,0.9
2025-06-12 20:21:00,50.60542317173377
2025-06-12 22:46:00,40.8
2025-06-12 06:48:00,80.5
2025-06-12 08:16:00,50.60542317173377
2025-06-12 05:45:00,35.5
2025-06-12 09:20:00,46.7
2025-06-12 03:16:00,27.4
2025-06-12 02:43:00,59.6
2025-06-12 00:49:00,50.60542317173377
2025-06-12 04:58:00,49.1
2025-06-12 19:29:00,47.0
2025-06-12 17:06:00,95.8
2025-06-12 11:52:00,23.1
2025-06-12 02:46:00,90.1
2025-06-12 13:20:00,98.4
2025-06-12 21:45:00,84.7
2025-06-12 09:20:00,37.1
2025-06-12 07:26:00,82.5
2025-06-12 13:41:00,7.6
2025-06-12 09:24:00,75.1
2025-06-12 20:48:00,35.1
2025-06-12 15:01:00,39.0
2025-06-12 21:46:00,52.3
2025-06-12 17:08:00,26.9
2025-06-12 12:24:00,21.2
2025-06-12 07:52:00,58.2
2025-06-12 10:08:00,9.6
2025-06-12 14:11:00,98.4
2025-06-12 11:22:00,50.60542317173377
2025-06-12 15:05:00,2.4
2025-06-12 02:52:00,15.8
2025-06-12 06:40:00,50.60542317173377
2025-06-12 06:10:00,59.3
2025-06-12 04:21:00,70.9
2025-06-12 23:36:00,50.60542317173377
2025-06-12 20:45:00,50.60542317173377
2025-06-12 12:19:00,50.60542317173377
2025-06-12 23:30:00,61.6
2025-06-12 04:15:00,25.5
2025-06-12 16:51:00,51.7
2025-06-12 23:12:00,52.7
2025-06-12 20:33:00,93.3
2025-06-12 12:23:00,21.2
2025-06-12 13:48:00,16.0
2025-06-12 15:50:00,50.60542317173377
2025-06-12 00:45:00,77.9
2025-06-12 10:15:00,51.5
2025-06-12 02:28:00,15.5
2025-06-12 23:42:00,96.0
2025-06-12 10:04:00,50.60542317173377
2025-06-12 02:27:00,90.4
2025-06-12 22:30:00,41.0
2025-06-12 22:33:00,62.1
2025-06-12 15:25:00,81.0
2025-06-12 06:41:00,72.1
2025-06-12 13:37:00,88.8
2025-06-12 09:54:00,82.1
2025-06-12 18:00:00,11.3
2025-06-12 07:25:00,78.1
2025-06-12 11:03:00,72.1
2025-06-12 05:31:00,20.7
2025-06-12 03:50:00,50.60542317173377
2025-06-12 16:18:00,20.9
2025-06-12 03:39:00,53.8
2025-06-12 11:31:00,90.7
2025-06-12 12:32:00,98.0
2025-06-12 07:47:00,3.1
2025-06-12 22:11:00,49.2
2025-06-12 18:18:00,93.0
2025-06-12 04:19:00,85.5
2025-06-12 21:28:00,65.6
2025-06-12 19:40:00,40.8
2025-06-12 18:27:00,50.60542317173377
2025-06-12 22:48:00,50.60542317173377
2025-06-12 08:30:00,50.60542317173377
2025-06-12 10:17:00,44.9
2025-06-12 07:27:00,65.2
2025-06-12 13:48:00,90.8
2025-06-12 13:23:00,47.7
2025-06-12 16:39:00,90.4
2025-06-12 13:28:00,87.3
2025-06-12 21:00:00,4.1
2025-06-12 06:27:00,50.60542317173377
2025-06-12 01:32:00,23.7
2025-06-12 14:36:00,0.8
2025-06-12 11:23:00,4.9
2025-06-12 06:11:00,25.2
2025-06-12 18:02:00,16.1
2025-06-12 08:17:00,50.4
2025-06-12 09:18:00,50.60542317173377
2025-06-12 09:14:00,53.1
2025-06-12 22:12:00,79.9
2025-06-12 21:53:00,72.6
2025-06-12 04:12:00,14.6
2025-06-12 00:56:00,78.8
2025-06-12 05:04:00,91.3
2025-06-12 05:53:00,98.0
2025-06-12 23:16:00,12.2
2025-06-12 03:00:00,93.6
2025-06-12 23:42:00,17.4
2025-06-12 10:19:00,76.0
2025-06-12 14:28:00,58.7
2025-06-12 13:31:00,3.5
2025-06-12 01:47:00,52.4
2025-06-12 11:45:00,5.7
2025-06-12 20:18:00,76.8
2025-06-12 17:41:00,54.2
2025-06-12 14:25:00,31.9
2025-06-12 18:50:00,75.6
2025-06-12 13:29:00,99.2
2025-06-12 19:24:00,74.5
2025-06-12 13:36:00,29.7
2025-06-12 23:07:00,34.1
2025-06-12 01:55:00,28.5
2025-06-12 15:52:00,6.9
2025-06-12 00:29:00,14.3
2025-06-12 09:47:00,99.5
2025-06-12 17:40:00,53.3
2025-06-12 22:42:00,49.935598591549294
2025-06-12 19:07:00,49.935598591549294
2025-06-12 11:13:00,59.3
2025-06-12 23:13:00,49.935598591549294
2025-06-12 16:13:00,15.1
2025-06-12 06:21:00,49.935598591549294
2025-06-12 10:49:00,13.5
2025-06-12 02:35:00,6.2
2025-06-12 03:42:00,49.935598591549294
2025-06-12 15:10:00,30.2
2025-06-12 10:25:00,86.9
2025-06-12 23:28:00,66.1
2025-06-12 12:29:00,60.6
2025-06-12 04:44:00,76.1
2025-06-12 03:35:00,49.935598591549294
2025-06-12 01:11:00,0.7
2025-06-12 09:27:00,64.7
2025-06-12 19:51:00,59.0
2025-06-12 12:06:00,6.2
2025-06-12 11:27:00,10.1
2025-06-12 04:26:00,1.9
2025-06-12 14:42:00,3.5
2025-06-12 20:26:00,75.0
2025-06-12 20:26:00,6.3
2025-06-12 14:56:00,94.4
2025-06-12 17:13:00,5.5
2025-06-12 16:52:00,49.935598591549294
2025-06-12 22:01:00,98.2
2025-06-12 08:02:00,1.3
2025-06-12 23:58:00,61.8
2025-06-12 03:22:00,35.4
2025-06-12 04:37:00,49.935598591549294
2025-06-12 06:49:00,14.6
2025-06-12 02:23:00,42.6
2025-06-12 14:58:00,87.4
2025-06-12 06:00:00,74.3
2025-06-12 22:46:00,9.1
2025-06-12 12:33:00,96.3
2025-06-12 21:04:00,69.5
2025-06-12 18:12:00,98.0
2025-06-12 15:23:00,21.2
2025-06-12 04:00:00,65.4
2025-06-12 06:38:00,51.2
2025-06-12 19:04:00,44.1
2025-06-12 19:11:00,69.0
2025-06-12 00:03:00,25.7
2025-06-12 15:22:00,63.8
2025-06-12 09:59:00,47.2
2025-06-12 20:21:00,85.5
2025-06-12 07:57:00,67.5
2025-06-12 12:01:00,20.4
2025-06-12 10:08:00,10.3
2025-06-12 02:41:00,7.1
2025-06-12 09:15:00,64.7
2025-06-12 07:38:00,15.9
2025-06-12 07:04:00,92.3
2025-06-12 20:38:00,49.935598591549294
2025-06-12 06:57:00,49.935598591549294
2025-06-12 16:38:00,86.1
2025-06-12 00:06:00,4.1
2025-06-12 20:01:00,3.4
2025-06-12 06:11:00,30.9
2025-06-12 15:02:00,6.1
2025-06-12 03:21:00,66.0
2025-06-12 11:23:00,63.9
2025-06-12 17:27:00,24.6
2025-06-12 22:13:00,79.1
2025-06-12 18:03:00,45.2
2025-06-12 15:39:00,66.0
2025-06-12 01:38:00,17.0
2025-06-12 20:25:00,41.0
2025-06-12 10:03:00,86.4
2025-06-12 13:01:00,35.7
2025-06-12 01:00:00,52.6
2025-06-12 09:26:00,59.0
2025-06-12 04:16:00,74.5
2025-06-12 07:53:00,78.0
2025-06-12 23:20:00,72.1
2025-06-12 21:23:00,49.935598591549294
2025-06-12 05:45:00,49.935598591549294
2025-06-12 09:26:00,62.4
2025-06-12 12:00:00,29.8
2025-06-12 15:00:00,49.935598591549294
2025-06-12 17:28:00,66.7
2025-06-12 03:01:00,76.9
2025-06-12 10:21:00,45.3
2025-06-12 07:43:00,49.935598591549294
2025-06-12 00:32:00,69.1
2025-06-12 11:33:00,11.0
2025-06-12 04:32:00,23.7
2025-06-12 08:13:00,68.1
2025-06-12 00:25:00,100.0
2025-06-12 18:30:00,56.3
2025-06-12 03:45:00,20.4
2025-06-12 08:08:00,39.2
2025-06-12 06:25:00,0.6
2025-06-12 09:51:00,27.6
2025-06-12 13:05:00,18.0
2025-06-12 02:15:00,86.0
2025-06-12 09:30:00,34.8
2025-06-12 09:43:00,50.4
2025-06-12 17:39:00,8.3
2025-06-12 15:12:00,42.1
2025-06-12 21:15:00,49.935598591549294
2025-06-12 20:04:00,49.935598591549294
2025-06-12 05:51:00,73.1
2025-06-12 18:03:00,22.7
2025-06-12 11:11:00,76.1
2025-06-12 13:04:00,75.4
2025-06-12 06:57:00,5.1
2025-06-12 22:56:00,91.8
2025-06-12 20:10:00,94.3
2025-06-12 17:55:00,18.9
2025-06-12 23:31:00,61.1
2025-06-12 08:22:00,57.0
2025-06-12 16:26:00,5.1
2025-06-12 05:28:00,43.7
2025-06-12 00:57:00,49.935598591549294
2025-06-12 09:45:00,14.6
2025-06-12 22:01:00,45.8
2025-06-12 04:29:00,49.935598591549294
2025-06-12 10:46:00,6.3
2025-06-12 23:27:00,38.3
2025-06-12 23:10:00,32.5
2025-06-12 01:56:00,49.935598591549294
2025-06-12 17:33:00,40.3
2025-06-12 09:37:00,30.5
2025-06-12 13:09:00,90.3
2025-06-12 07:55:00,7.0
2025-06-12 05:20:00,68.2
2025-06-12 04:25:00,27.9
2025-06-12 02:29:00,14.9
2025-06-12 14:34:00,2.0
2025-06-12 09:12:00,94.4
2025-06-12 09:13:00,28.2
2025-06-12 19:32:00,83.9
2025-06-12 03:02:00,49.935598591549294
2025-06-12 14:40:00,89.6
2025-06-12 12:10:00,4.8
2025-06-12 10:50:00,95.4
2025-06-12 00:45:00,39.4
2025-06-12 20:10:00,52.7
2025-06-12 04:20:00,44.7
2025-06-12 18:10:00,52.3
2025-06-12 05:59:00,88.5
2025-06-12 23:00:00,41.3
2025-06-12 13:59:00,30.9
2025-06-12 18:47:00,57.8
2025-06-12 15:38:00,71.9
2025-06-12 00:42:00,8.7
2025-06-12 11:13:00,63.3
2025-06-12 13:41:00,45.1
2025-06-12 18:16:00,55.5
2025-06-12 21:34:00,65.8
2025-06-12 15:51:00,79.2
2025-06-12 11:57:00,40.1
2025-06-12 08:41:00,99.3
2025-06-12 19:45:00,45.3
2025-06-12 03:30:00,55.5
2025-06-12 21:53:00,68.2
2025-06-12 11:01:00,28.8
2025-06-12 13:15:00,89.4
2025-06-12 11:35:00,49.6
2025-06-12 04:13:00,54.9
2025-06-12 07:55:00,69.5
2025-06-12 03:33:00,89.0
2025-06-12 16:13:00,49.935598591549294
2025-06-12 14:48:00,81.4
2025-06-12 23:26:00,10.9
2025-06-12 00:37:00,49.935598591549294
2025-06-12 09:13:00,62.4
2025-06-12 21:48:00,26.3
2025-06-12 11:28:00,49.935598591549294
2025-06-12 22:52:00,23.8
2025-06-12 19:51:00,9.6
2025-06-12 06:57:00,49.935598591549294
2025-06-12 00:38:00,99.7
2025-06-12 09:54:00,83.7
2025-06-12 04:34:00,58.1
2025-06-12 13:30:00,35.3
2025-06-12 19:09:00,32.7
2025-06-12 23:35:00,63.6
2025-06-12 04:03:00,49.935598591549294
2025-06-12 15:36:00,24.9
2025-06-12 01:41:00,33.6
2025-06-12 17:55:00,85.0
2025-06-12 04:50:00,41.1
2025-06-12 01:03:00,66.8
2025-06-12 12:23:00,16.8
2025-06-12 01:04:00,85.2
2025-06-12 21:53:00,82.5
2025-06-12 14:18:00,19.9
2025-06-12 09:34:00,49.935598591549294
2025-06-12 23:09:00,88.9
2025-06-12 03:39:00,26.9
2025-06-12 19:30:00,50.0
2025-06-12 06:09:00,31.4
2025-06-12 13:20:00,32.2
2025-06-12 07:27:00,82.7
2025-06-12 06:39:00,51.9
2025-06-12 17:06:00,49.935598591549294
2025-06-12 19:37:00,49.935598591549294
2025-06-12 16:35:00,88.9
2025-06-12 22:25:00,75.3
2025-06-12 08:49:00,24.5
2025-06-12 01:27:00,82.6
2025-06-12 12:00:00,63.8
2025-06-12 15:09:00,93.0
2025-06-12 22:13:00,53.4
2025-06-12 23:07:00,1.9
2025-06-12 20:12:00,34.4
2025-06-12 10:18:00,99.0
2025-06-12 18:51:00,52.9
2025-06-12 23:17:00,5.1
2025-06-12 21:57:00,60.2
2025-06-12 07:00:00,49.935598591549294
2025-06-12 10:23:00,81.0
2025-06-12 20:31:00,67.3
2025-06-12 09:43:00,91.1
2025-06-12 14:39:00,66.1
2025-06-12 02:44:00,49.8
2025-06-12 13:54:00,10.1
2025-06-12 11:00:00,49.935598591549294
2025-06-12 12:52:00,21.3
2025-06-12 00:43:00,75.0
2025-06-12 11:00:00,96.6
2025-06-12 12:31:00,49.935598591549294
2025-06-12 09:46:00,49.935598591549294
2025-06-12 06:12:00,42.5
2025-06-12 00:06:00,71.8
2025-06-12 00:03:00,40.9
2025-06-12 23:58:00,21.0
2025-06-12 15:04:00,46.1
2025-06-12 23:36:00,19.3
2025-06-12 14:19:00,49.935598591549294
2025-06-12 05:42:00,85.1
2025-06-12 17:32:00,46.7
2025-06-12 21:48:00,49.935598591549294
2025-06-12 21:37:00,47.3
2025-06-12 09:48:00,65.8
2025-06-12 08:21:00,63.8
2025-06-12 10:06:00,49.935598591549294
2025-06-12 02:07:00,39.5
2025-06-12 09:38:00,99.7
2025-06-12 15:56:00,49.935598591549294
2025-06-12 18:50:00,64.8
2025-06-12 03:44:00,56.7
2025-06-12 01:42:00,64.7
2025-06-12 20:52:00,30.2
2025-06-12 21:13:00,2.5
2025-06-12 07:14:00,99.8
2025-06-12 05:50:00,30.2
2025-06-12 09:45:00,25.2
2025-06-12 09:19:00,85.4
2025-06-12 18:23:00,20.8
2025-06-12 22:42:00,12.3
2025-06-12 09:15:00,73.0
2025-06-12 20:01:00,20.3
2025-06-12 07:22:00,94.5
2025-06-12 10:49:00,49.3
2025-06-12 02:14:00,19.5
2025-06-12 11:04:00,25.1
2025-06-12 13:55:00,4.0
2025-06-12 14:39:00,97.0
2025-06-12 11:33:00,78.7
2025-06-12 14:06:00,49.935598591549294
2025-06-12 06:50:00,49.935598591549294
2025-06-12 08:56:00,45.0
2025-06-12 04:43:00,68.2
2025-06-12 00:04:00,95.6
2025-06-12 11:59:00,76.9
2025-06-12 03:33:00,0.6
2025-06-12 05:43:00,38.1
2025-06-12 07:24:00,49.935598591549294
2025-06-12 14:35:00,49.935598591549294
2025-06-12 06:52:00,59.1
2025-06-12 10:17:00,82.4
2025-06-12 01:52:00,19.6
2025-06-12 00:51:00,49.935598591549294
2025-06-12 17:49:00,95.9
2025-06-12 14:15:00,92.6
2025-06-12 09:49:00,9.2
2025-06-12 23:24:00,13.1
2025-06-12 19:11:00,17.3
2025-06-12 06:06:00,86.4
2025-06-12 23:46:00,49.935598591549294
2025-06-12 19:40:00,13.6
2025-06-12 01:17:00,11.5
2025-06-12 10:21:00,98.5
2025-06-12 16:12:00,91.6
2025-06-12 11:58:00,51.1
2025-06-12 07:23:00,6.0
2025-06-12 12:33:00,49.935598591549294
2025-06-12 02:54:00,90.3
2025-06-12 16:26:00,30.9
2025-06-12 06:00:00,56.2
2025-06-12 07:47:00,78.2
2025-06-12 16:58:00,34.5
2025-06-12 01:00:00,34.2
2025-06-12 06:10:00,88.9
2025-06-12 10:28:00,76.3
2025-06-12 03:55:00,37.4
2025-06-12 04:14:00,24.9
2025-06-12 00:37:00,90.8
2025-06-12 22:54:00,49.935598591549294
2025-06-12 20:24:00,95.1
2025-06-12 21:27:00,38.8
2025-06-12 04:58:00,51.7
2025-06-12 20:13:00,18.5
2025-06-12 11:16:00,57.8
2025-06-12 21:53:00,25.2
2025-06-12 15:49:00,60.1
2025-06-12 21:49:00,22.6
2025-06-12 17:15:00,49.935598591549294
2025-06-12 14:22:00,65.6
2025-06-12 13:13:00,25.4
2025-06-12 15:17:00,49.935598591549294
2025-06-12 16:33:00,94.7
2025-06-12 13:02:00,87.2
2025-06-12 04:54:00,26.1
2025-06-12 04:00:00,7.4
2025-06-12 21:08:00,17.8
2025-06-12 20:33:00,43.9
2025-06-12 00:47:00,69.6
2025-06-12 02:48:00,69.7
2025-06-12 10:49:00,17.6
2025-06-12 01:21:00,53.7
2025-06-12 13:08:00,51.7
2025-06-12 23:25:00,90.5
2025-06-12 05:38:00,62.8
2025-06-12 17:47:00,38.0
2025-06-12 19:16:00,9.5
2025-06-12 08:40:00,81.1
2025-06-12 21:19:00,24.9
2025-06-12 06:33:00,54.3
2025-06-12 18:46:00,78.9
2025-06-12 22:17:00,96.4
2025-06-12 20:36:00,75.6
2025-06-12 00:49:00,69.1
2025-06-12 04:46:00,42.5
2025-06-12 04:01:00,38.2
2025-06-12 01:58:00,5.0
2025-06-12 19:17:00,57.4
2025-06-12 11:40:00,49.935598591549294
2025-06-12 14:57:00,6.7
2025-06-12 16:19:00,5.7
2025-06-12 21:41:00,61.9
2025-06-12 20:14:00,93.3
2025-06-12 22:46:00,21.5
2025-06-12 17:54:00,34.7
2025-06-12 07:42:00,66.1
2025-06-12 15:54:00,28.2
2025-06-12 09:13:00,65.5
2025-06-12 02:11:00,51.0
2025-06-12 15:52:00,32.0
2025-06-12 08:57:00,85.9
2025-06-12 09:20:00,67.7
2025-06-12 03:04:00,12.2
2025-06-12 10:21:00,49.740225962104276
2025-06-12 17:29:00,3.2
2025-06-12 22:22:00,70.6
2025-06-12 00:20:00,49.740225962104276
2025-06-12 00:57:00,4.4
2025-06-12 13:05:00,19.1
2025-06-12 17:50:00,96.0
2025-06-12 19:46:00,88.6
2025-06-12 13:03:00,73.9
2025-06-12 19:51:00,49.740225962104276
2025-06-12 03:13:00,47.7
2025-06-12 11:01:00,72.1
2025-06-12 15:16:00,49.740225962104276
2025-06-12 22:04:00,76.6
2025-06-12 10:12:00,86.8
2025-06-12 10:01:00,96.2
2025-06-12 12:14:00,26.7
2025-06-12 09:20:00,30.2
2025-06-12 08:51:00,49.740225962104276
2025-06-12 09:35:00,40.8
2025-06-12 00:46:00,84.7
2025-06-12 15:12:00,32.1
2025-06-12 06:17:00,13.4
2025-06-12 11:40:00,49.740225962104276
2025-06-12 03:25:00,85.9
2025-06-12 14:09:00,33.7
2025-06-12 18:27:00,32.2
2025-06-12 20:53:00,49.740225962104276
2025-06-12 16:05:00,49.740225962104276
2025-06-12 05:13:00,40.1
2025-06-12 22:44:00,59.4
2025-06-12 00:29:00,70.2
2025-06-12 06:19:00,94.6
2025-06-12 07:34:00,77.1
2025-06-12 00:07:00,96.0
2025-06-12 04:58:00,19.5
2025-06-12 03:34:00,63.4
2025-06-12 19:15:00,70.8
2025-06-12 21:58:00,49.740225962104276
2025-06-12 13:57:00,66.8
2025-06-12 08:10:00,49.740225962104276
2025-06-12 21:46:00,97.7
2025-06-12 21:51:00,51.1
2025-06-12 18:08:00,55.2
2025-06-12 05:03:00,12.3
2025-06-12 20:10:00,64.2
2025-06-12 04:17:00,62.0
2025-06-12 07:04:00,1.8
2025-06-12 00:43:00,94.1
2025-06-12 04:31:00,32.5
2025-06-12 18:08:00,19.7
2025-06-12 16:22:00,60.7
2025-06-12 19:20:00,11.9
2025-06-12 19:36:00,85.4
2025-06-12 13:11:00,21.3
2025-06-12 07:36:00,3.8
2025-06-12 09:08:00,49.740225962104276
2025-06-12 22:04:00,33.9
2025-06-12 00:42:00,62.0
2025-06-12 07:23:00,9.2
2025-06-12 01:40:00,66.5
2025-06-12 20:35:00,89.6
2025-06-12 03:39:00,41.2
2025-06-12 20:19:00,2.7
2025-06-12 09:17:00,49.740225962104276
2025-06-12 09:43:00,49.740225962104276
2025-06-12 15:47:00,89.0
2025-06-12 14:13:00,50.9
2025-06-12 06:22:00,49.740225962104276
2025-06-12 18:18:00,95.4
2025-06-12 01:41:00,12.6
2025-06-12 21:04:00,98.8
2025-06-12 09:43:00,17.1
2025-06-12 04:44:00,47.3
2025-06-12 12:06:00,49.740225962104276
2025-06-12 08:42:00,34.5
2025-06-12 03:07:00,33.7
2025-06-12 15:55:00,9.7
2025-06-12 12:58:00,49.740225962104276
2025-06-12 22:46:00,49.740225962104276
2025-06-12 15:45:00,27.0
2025-06-12 06:11:00,7.0
2025-06-12 17:04:00,61.3
2025-06-12 09:27:00,40.1
2025-06-12 13:36:00,81.2
2025-06-12 00:52:00,73.1
2025-06-12 11:35:00,87.6
2025-06-12 04:07:00,24.7
2025-06-12 11:39:00,77.5
2025-06-12 15:06:00,83.6
2025-06-12 01:32:00,44.3
2025-06-12 13:20:00,74.7
2025-06-12 17:41:00,35.9
2025-06-12 20:24:00,33.1
2025-06-12 12:13:00,75.6
2025-06-12 09:30:00,9.9
2025-06-12 16:19:00,49.740225962104276
2025-06-12 12:44:00,49.740225962104276
2025-06-12 15:07:00,2.5
2025-06-12 19:56:00,30.7
2025-06-12 09:21:00,10.1
2025-06-12 01:43:00,54.0
2025-06-12 00:33:00,9.9
2025-06-12 20:18:00,49.740225962104276
2025-06-12 21:27:00,16.8
2025-06-12 14:43:00,49.740225962104276
2025-06-12 11:25:00,3.7
2025-06-12 11:13:00,79.6
2025-06-12 05:55:00,79.7
2025-06-12 09:01:00,97.9
2025-06-12 11:15:00,90.7
2025-06-12 13:43:00,37.9
2025-06-12 13:27:00,49.740225962104276
2025-06-12 17:02:00,48.9
2025-06-12 19:39:00,21.8
2025-06-12 06:38:00,40.4
2025-06-12 02:23:00,49.740225962104276
2025-06-12 22:48:00,97.5
2025-06-12 00:32:00,51.5
2025-06-12 07:56:00,55.8
2025-06-12 15:59:00,87.6
2025-06-12 22:30:00,33.4
2025-06-12 04:44:00,18.7
2025-06-12 08:40:00,61.2
2025-06-12 10:25:00,45.5
2025-06-12 05:55:00,94.0
2025-06-12 14:00:00,65.6
2025-06-12 03:31:00,78.7
2025-06-12 11:42:00,2.0
2025-06-12 01:38:00,84.5
2025-06-12 16:27:00,37.2
2025-06-12 13:10:00,89.4
2025-06-12 02:59:00,92.3
2025-06-12 19:16:00,43.4
2025-06-12 05:05:00,59.2
2025-06-12 10:43:00,49.740225962104276
2025-06-12 23:58:00,7.7
2025-06-12 09:55:00,76.0
2025-06-12 13:56:00,25.6
2025-06-12 22:10:00,93.7
2025-06-12 04:49:00,93.9
2025-06-12 02:35:00,49.740225962104276
2025-06-12 07:04:00,38.4
2025-06-12 11:12:00,100.0
2025-06-12 11:12:00,82.3
2025-06-12 23:39:00,15.3
2025-06-12 21:19:00,49.740225962104276
2025-06-12 21:54:00,52.8
2025-06-12 18:42:00,15.4
2025-06-12 14:04:00,49.740225962104276
2025-06-12 07:08:00,70.9
2025-06-12 20:07:00,98.7
2025-06-12 18:03:00,49.740225962104276
2025-06-12 23:15:00,41.5
2025-06-12 03:39:00,59.6
2025-06-12 03:41:00,14.5
2025-06-12 16:55:00,41.4
2025-06-12 06:06:00,96.6
2025-06-12 12:32:00,33.8
2025-06-12 19:18:00,49.740225962104276
2025-06-12 10:07:00,85.5
2025-06-12 08:57:00,20.6
2025-06-12 20:07:00,10.3
2025-06-12 20:43:00,15.6
2025-06-12 06:14:00,21.7
2025-06-12 00:14:00,9.7
2025-06-12 17:44:00,32.7
2025-06-12 02:19:00,98.2
2025-06-12 00:01:00,49.740225962104276
2025-06-12 03:56:00,64.8
2025-06-12 23:18:00,34.7
2025-06-12 04:41:00,5.2
2025-06-12 15:06:00,63.4
2025-06-12 15:50:00,84.5
2025-06-12 22:19:00,59.3
2025-06-12 16:35:00,26.8
2025-06-12 03:42:00,5.0
2025-06-12 04:01:00,34.4
2025-06-12 05:43:00,22.8
2025-06-12 15:41:00,13.2
2025-06-12 18:53:00,7.7
2025-06-12 08:14:00,82.0
2025-06-12 14:07:00,79.8
2025-06-12 06:05:00,17.8
2025-06-12 18:03:00,99.8
2025-06-12 15:24:00,26.5
2025-06-12 04:18:00,80.5
2025-06-12 23:51:00,9.5
2025-06-12 14:42:00,49.740225962104276
2025-06-12 15:19:00,49.740225962104276
2025-06-12 03:21:00,25.7
2025-06-12 03:56:00,49.740225962104276
2025-06-12 03:11:00,29.8
2025-06-12 20:37:00,11.0
2025-06-12 06:47:00,42.8
2025-06-12 05:41:00,73.4
2025-06-12 18:35:00,51.7
2025-06-12 21:18:00,3.5
2025-06-12 07:15:00,85.4
2025-06-12 22:49:00,88.2
2025-06-12 08:18:00,49.740225962104276
2025-06-12 07:15:00,47.8
2025-06-12 08:54:00,5.7
2025-06-12 11:08:00,49.740225962104276
2025-06-12 15:07:00,49.740225962104276
2025-06-12 06:21:00,49.740225962104276
2025-06-12 04:37:00,16.3
2025-06-12 09:08:00,70.5
2025-06-12 17:37:00,5.1
2025-06-12 04:20:00,58.3
2025-06-12 10:46:00,36.3
2025-06-12 08:41:00,7.7
2025-06-12 09:04:00,49.740225962104276
2025-06-12 19:41:00,40.9
2025-06-12 07:04:00,25.6
2025-06-12 00:20:00,60.4
2025-06-12 01:48:00,38.9
2025-06-12 00:38:00,49.740225962104276
2025-06-12 23:38:00,65.0
2025-06-12 23:37:00,6.6
2025-06-12 15:18:00,89.8
2025-06-12 07:07:00,95.8
2025-06-12 03:46:00,37.3
2025-06-12 04:44:00,49.740225962104276
2025-06-12 03:25:00,91.5
2025-06-12 06:18:00,49.740225962104276
2025-06-12 18:07:00,38.4
2025-06-12 13:55:00,49.740225962104276
2025-06-12 20:08:00,96.8
2025-06-12 13:36:00,30.8
2025-06-12 09:41:00,64.2
2025-06-12 01:43:00,10.3
2025-06-12 08:26:00,49.740225962104276
2025-06-12 03:40:00,36.5
2025-06-12 08:11:00,76.5
2025-06-12 05:41:00,50.8
2025-06-12 12:51:00,84.6
2025-06-12 23:19:00,62.8
2025-06-12 11:06:00,67.2
2025-06-12 01:28:00,71.4
2025-06-12 03:31:00,84.2
2025-06-12 09:28:00,7.0
2025-06-12 18:19:00,5.5
2025-06-12 14:06:00,26.7
2025-06-12 09:01:00,47.7
2025-06-12 10:59:00,33.9
2025-06-12 13:27:00,49.4
2025-06-12 19:00:00,87.2
2025-06-12 06:59:00,8.4
2025-06-12 07:21:00,93.8
2025-06-12 18:09:00,63.9
2025-06-12 21:45:00,52.2
2025-06-12 22:46:00,5.2
2025-06-12 03:19:00,65.6
2025-06-12 07:46:00,34.0
2025-06-12 09:42:00,22.2
2025-06-12 04:05:00,14.2
2025-06-12 04:12:00,84.1
2025-06-12 14:12:00,49.740225962104276
2025-06-12 04:20:00,79.9
2025-06-12 12:08:00,49.740225962104276
2025-06-12 11:15:00,74.1
2025-06-12 08:13:00,8.1
2025-06-12 02:09:00,78.1
2025-06-12 04:01:00,3.4
2025-06-12 05:40:00,87.5
2025-06-12 19:16:00,65.9
2025-06-12 11:13:00,30.9
2025-06-12 04:06:00,14.5
2025-06-12 12:27:00,91.0
2025-06-12 14:31:00,53.1
2025-06-12 22:01:00,49.740225962104276
2025-06-12 17:42:00,87.0
2025-06-12 04:56:00,16.6
2025-06-12 12:32:00,56.5
2025-06-12 16:21:00,23.9
2025-06-12 23:53:00,23.7
2025-06-12 02:00:00,14.2
2025-06-12 07:09:00,87.5
2025-06-12 08:47:00,73.1
2025-06-12 05:12:00,50.3
2025-06-12 21:55:00,0.1
2025-06-12 08:58:00,49.740225962104276
2025-06-12 17:36:00,10.9
2025-06-12 23:29:00,49.740225962104276
2025-06-12 19:27:00,16.3
2025-06-12 23:55:00,73.7
2025-06-12 12:24:00,18.0
2025-06-12 09:39:00,76.0
2025-06-12 06:14:00,75.7
2025-06-12 17:02:00,48.9
2025-06-12 19:49:00,25.0
2025-06-12 09:35:00,73.4
2025-06-12 00:12:00,28.9
2025-06-12 15:03:00,1.8
2025-06-12 19:12:00,27.8
2025-06-12 00:47:00,89.5
2025-06-12 14:11:00,86.3
2025-06-12 02:10:00,52.6
2025-06-12 21:47:00,75.2
2025-06-12 03:50:00,14.2
2025-06-12 03:08:00,4.7
2025-06-12 10:42:00,50.9
2025-06-12 19:20:00,65.0
2025-06-12 20:41:00,38.1
2025-06-12 13:51:00,19.6
2025-06-12 06:50:00,62.3
2025-06-12 07:41:00,76.2
2025-06-12 00:11:00,11.6
2025-06-12 04:48:00,29.2
2025-06-12 03:54:00,21.6
2025-06-12 20:55:00,94.1
2025-06-12 20:35:00,58.2
2025-06-12 20:53:00,84.5
2025-06-12 13:47:00,39.2
2025-06-12 15:38:00,67.4
2025-06-12 07:02:00,45.3
2025-06-12 07:57:00,49.740225962104276
2025-06-12 08:42:00,74.1
2025-06-12 03:40:00,39.8
2025-06-12 16:49:00,49.740225962104276
2025-06-12 23:24:00,20.7
2025-06-12 03:52:00,77.7
2025-06-12 04:14:00,59.7
2025-06-12 15:22:00,50.18838223164841
2025-06-12 13:59:00,71.6
2025-06-12 15:08:00,37.8
2025-06-12 12:32:00,1.9
2025-06-12 15:02:00,2.5
2025-06-12 20:43:00,51.0
2025-06-12 23:19:00,93.2
2025-06-12 06:54:00,50.18838223164841
2025-06-12 20:10:00,75.5
2025-06-12 12:18:00,98.5
2025-06-12 09:23:00,39.4
2025-06-12 03:59:00,50.18838223164841
2025-06-12 20:16:00,50.18838223164841
2025-06-12 06:00:00,89.1
2025-06-12 00:35:00,79.2
2025-06-12 17:36:00,51.3
2025-06-12 21:51:00,32.4
2025-06-12 03:33:00,65.7
2025-06-12 12:01:00,21.0
2025-06-12 04:07:00,66.3
2025-06-12 18:13:00,80.4
2025-06-12 06:12:00,26.9
2025-06-12 03:52:00,70.8
2025-06-12 20:04:00,10.1
2025-06-12 18:23:00,58.9
2025-06-12 23:34:00,3.5
2025-06-12 09:16:00,70.7
2025-06-12 07:07:00,83.7
2025-06-12 11:16:00,30.8
2025-06-12 15:00:00,27.0
2025-06-12 09:53:00,50.18838223164841
2025-06-12 17:57:00,70.4
2025-06-12 13:00:00,99.9
2025-06-12 08:20:00,93.9
2025-06-12 19:11:00,14.5
2025-06-12 17:30:00,82.9
2025-06-12 23:59:00,72.1
2025-06-12 03:20:00,50.6
2025-06-12 03:33:00,0.5
2025-06-12 16:29:00,69.6
2025-06-12 08:22:00,50.18838223164841
2025-06-12 01:33:00,50.18838223164841
2025-06-12 15:57:00,48.6
2025-06-12 20:28:00,50.18838223164841
2025-06-12 22:38:00,79.7
2025-06-12 15:29:00,57.9
2025-06-12 13:59:00,50.0
2025-06-12 16:28:00,50.18838223164841
2025-06-12 13:27:00,81.3
2025-06-12 21:16:00,50.18838223164841
2025-06-12 13:37:00,83.8
2025-06-12 05:09:00,69.8
2025-06-12 13:45:00,50.18838223164841
2025-06-12 16:30:00,45.3
2025-06-12 20:15:00,63.7
2025-06-12 17:02:00,50.18838223164841
2025-06-12 03:50:00,72.4
2025-06-12 04:01:00,35.5
2025-06-12 18:27:00,13.2
2025-06-12 11:14:00,2.1
2025-06-12 08:07:00,69.3
2025-06-12 16:51:00,14.3
2025-06-12 11:04:00,58.8
2025-06-12 12:51:00,61.0
2025-06-12 11:27:00,11.0
2025-06-12 03:09:00,39.3
2025-06-12 20:55:00,50.18838223164841
2025-06-12 11:03:00,31.7
2025-06-12 21:16:00,20.9
2025-06-12 21:38:00,66.7
2025-06-12 18:27:00,62.2
2025-06-12 02:34:00,91.9
2025-06-12 02:19:00,19.7
2025-06-12 21:48:00,8.2
2025-06-12 12:07:00,50.18838223164841
2025-06-12 14:34:00,15.0
2025-06-12 21:44:00,5.8
2025-06-12 11:48:00,87.6
2025-06-12 10:24:00,42.7
2025-06-12 22:57:00,92.7
2025-06-12 10:07:00,23.4
2025-06-12 03:23:00,50.18838223164841
2025-06-12 16:52:00,22.3
2025-06-12 06:54:00,74.0
2025-06-12 17:19:00,50.18838223164841
2025-06-12 16:41:00,56.3
2025-06-12 15:58:00,87.6
2025-06-12 12:52:00,83.6
2025-06-12 03:28:00,93.3
2025-06-12 15:38:00,97.8
2025-06-12 17:24:00,50.4
2025-06-12 20:09:00,61.7
2025-06-12 09:17:00,59.6
2025-06-12 18:58:00,20.6
2025-06-12 01:06:00,32.7
2025-06-12 21:09:00,91.4
2025-06-12 19:51:00,18.9
2025-06-12 22:52:00,71.0
2025-06-12 08:19:00,76.2
2025-06-12 15:55:00,25.5
2025-06-12 11:10:00,94.2
2025-06-12 02:42:00,42.8
2025-06-12 17:30:00,76.7
2025-06-12 06:05:00,75.5
2025-06-12 07:06:00,99.9
2025-06-12 12:58:00,50.18838223164841
2025-06-12 02:17:00,83.7
2025-06-12 17:03:00,76.3
2025-06-12 17:27:00,1.8
2025-06-12 08:31:00,18.2
2025-06-12 08:28:00,2.1
2025-06-12 06:53:00,50.18838223164841
2025-06-12 20:11:00,21.7
2025-06-12 08:39:00,98.3
2025-06-12 13:51:00,18.5
2025-06-12 15:58:00,44.7
2025-06-12 02:14:00,89.4
2025-06-12 09:46:00,40.2
2025-06-12 12:09:00,39.1
2025-06-12 04:38:00,2.5
2025-06-12 04:13:00,5.2
2025-06-12 01:16:00,29.7
2025-06-12 10:42:00,7.8
2025-06-12 21:32:00,74.6
2025-06-12 00:01:00,65.4
2025-06-12 15:14:00,72.0
2025-06-12 22:42:00,52.5
2025-06-12 10:24:00,0.9
2025-06-12 02:22:00,81.9
2025-06-12 16:23:00,58.7
2025-06-12 16:15:00,50.18838223164841
2025-06-12 15:21:00,50.18838223164841
2025-06-12 15:10:00,50.18838223164841
2025-06-12 09:45:00,50.18838223164841
2025-06-12 12:48:00,21.0
2025-06-12 19:31:00,25.5
2025-06-12 19:33:00,58.9
2025-06-12 18:25:00,32.8
2025-06-12 23:54:00,75.8
2025-06-12 14:12:00,7.8
2025-06-12 17:31:00,50.18838223164841
2025-06-12 19:35:00,77.0
2025-06-12 00:36:00,22.6
2025-06-12 05:50:00,45.6
2025-06-12 18:51:00,3.0
2025-06-12 07:55:00,40.7
2025-06-12 17:11:00,8.9
2025-06-12 04:45:00,88.7
2025-06-12 02:28:00,73.2
2025-06-12 14:01:00,15.8
2025-06-12 22:44:00,93.3
2025-06-12 05:56:00,92.9
2025-06-12 01:02:00,59.3
2025-06-12 17:40:00,78.6
2025-06-12 17:20:00,2.4
2025-06-12 20:41:00,47.4
2025-06-12 00:42:00,50.18838223164841
2025-06-12 08:37:00,24.7
2025-06-12 15:08:00,26.2
2025-06-12 06:44:00,33.8
2025-06-12 11:59:00,56.0
2025-06-12 17:52:00,44.1
2025-06-12 17:28:00,88.8
2025-06-12 13:20:00,5.3
2025-06-12 07:39:00,24.1
2025-06-12 11:27:00,22.2
2025-06-12 08:45:00,31.2
2025-06-12 13:31:00,44.6
2025-06-12 15:58:00,3.7
2025-06-12 19:37:00,73.8
2025-06-12 08:53:00,33.4
2025-06-12 02:45:00,82.6
2025-06-12 21:43:00,24.7
2025-06-12 01:27:00,70.9
2025-06-12 03:36:00,55.8
2025-06-12 06:13:00,50.18838223164841
2025-06-12 18:51:00,81.2
2025-06-12 05:04:00,72.9
2025-06-12 07:21:00,11.6
2025-06-12 02:43:00,10.6
2025-06-12 12:44:00,98.0
2025-06-12 06:31:00,69.1
2025-06-12 08:41:00,94.2
2025-06-12 18:04:00,36.4
2025-06-12 11:48:00,40.1
2025-06-12 03:28:00,92.6
2025-06-12 00:14:00,47.6
2025-06-12 18:51:00,50.18838223164841
2025-06-12 20:40:00,12.6
2025-06-12 18:23:00,63.2
2025-06-12 14:41:00,47.8
2025-06-12 21:59:00,50.18838223164841
2025-06-12 19:25:00,2.0
2025-06-12 03:32:00,87.6
2025-06-12 01:47:00,31.6
2025-06-12 03:41:00,83.9
2025-06-12 13:08:00,22.9
2025-06-12 01:02:00,50.18838223164841
2025-06-12 19:21:00,60.8
2025-06-12 02:04:00,68.2
2025-06-12 07:33:00,16.5
2025-06-12 05:23:00,51.3
2025-06-12 04:04:00,75.3
2025-06-12 12:25:00,10.2
2025-06-12 20:24:00,50.18838223164841
2025-06-12 12:39:00,5.9
2025-06-12 15:38:00,92.2
2025-06-12 17:20:00,19.2
2025-06-12 22:18:00,50.18838223164841
2025-06-12 06:32:00,50.18838223164841
2025-06-12 12:00:00,21.7
2025-06-12 10:22:00,67.7
2025-06-12 11:57:00,89.4
2025-06-12 03:24:00,2.1
2025-06-12 06:53:00,50.18838223164841
2025-06-12 08:31:00,2.4
2025-06-12 13:21:00,23.7
2025-06-12 23:11:00,53.0
2025-06-12 20:41:00,62.1
2025-06-12 19:33:00,58.7
2025-06-12 08:55:00,76.3
2025-06-12 14:04:00,12.3
2025-06-12 08:25:00,7.3
2025-06-12 10:34:00,50.18838223164841
2025-06-12 11:44:00,32.4
2025-06-12 21:00:00,60.9
2025-06-12 07:07:00,50.18838223164841
2025-06-12 12:44:00,96.8
2025-06-12 22:08:00,73.3
2025-06-12 08:37:00,82.4
2025-06-12 21:59:00,19.4
2025-06-12 01:40:00,50.18838223164841
2025-06-12 15:18:00,83.5
2025-06-12 02:55:00,50.18838223164841
2025-06-12 14:52:00,50.18838223164841
2025-06-12 02:53:00,50.18838223164841
2025-06-12 07:50:00,41.8
2025-06-12 20:31:00,71.7
2025-06-12 01:22:00,50.18838223164841
2025-06-12 18:09:00,79.7
2025-06-12 00:08:00,35.0
2025-06-12 05:28:00,50.18838223164841
2025-06-12 16:28:00,15.7
2025-06-12 10:03:00,50.18838223164841
2025-06-12 19:38:00,58.8
2025-06-12 14:56:00,80.8
2025-06-12 15:03:00,11.4
2025-06-12 13:37:00,50.18838223164841
2025-06-12 18:01:00,50.18838223164841
2025-06-12 01:27:00,11.1
2025-06-12 12:27:00,50.18838223164841
2025-06-12 05:28:00,77.0
2025-06-12 12:10:00,35.7
2025-06-12 09:20:00,50.18838223164841
2025-06-12 04:10:00,93.1
2025-06-12 22:14:00,11.1
2025-06-12 22:21:00,43.1
2025-06-12 01:23:00,34.7
2025-06-12 08:36:00,77.8
2025-06-12 10:57:00,51.9
2025-06-12 17:02:00,79.9
2025-06-12 05:46:00,50.18838223164841
2025-06-12 00:32:00,79.8
2025-06-12 04:40:00,27.1
2025-06-12 17:06:00,69.3
2025-06-12 07:49:00,50.18838223164841
2025-06-12 20:54:00,65.1
2025-06-12 13:27:00,91.8
2025-06-12 20:46:00,85.8
2025-06-12 20:44:00,50.18838223164841
2025-06-12 20:02:00,6.4
2025-06-12 16:59:00,47.2
2025-06-12 05:41:00,76.4
2025-06-12 20:12:00,90.0
2025-06-12 17:04:00,75.8
2025-06-12 09:13:00,43.9
2025-06-12 16:06:00,73.6
2025-06-12 12:13:00,27.8
2025-06-12 13:47:00,27.1
2025-06-12 22:53:00,53.2
2025-06-12 10:56:00,28.1
2025-06-12 12:43:00,66.9
2025-06-12 21:08:00,78.0
2025-06-12 04:00:00,50.18838223164841
2025-06-12 16:07:00,50.18838223164841
2025-06-12 04:23:00,62.0
2025-06-12 15:59:00,54.8
2025-06-12 07:05:00,77.2
2025-06-12 07:05:00,92.2
2025-06-12 13:11:00,18.8
2025-06-12 03:13:00,41.8
2025-06-12 06:31:00,28.2
2025-06-12 14:21:00,92.3
2025-06-12 13:32:00,8.2
2025-06-12 21:23:00,88.0
2025-06-12 22:18:00,83.3
2025-06-12 08:43:00,50.18838223164841
2025-06-12 13:06:00,76.3
2025-06-12 08:26:00,50.18838223164841
2025-06-12 11:07:00,29.4
2025-06-12 23:06:00,85.4
2025-06-12 00:33:00,66.8
2025-06-12 07:02:00,50.18838223164841
2025-06-12 18:28:00,37.1
2025-06-12 00:40:00,8.7
2025-06-12 13:05:00,45.7
2025-06-12 08:17:00,97.0
2025-06-12 23:41:00,53.9
2025-06-12 03:45:00,65.9
2025-06-12 15:34:00,31.6
2025-06-12 10:39:00,79.6
2025-06-12 18:30:00,23.7
2025-06-12 12:45:00,99.2
2025-06-12 00:49:00,14.6
2025-06-12 01:26:00,63.5
2025-06-12 20:13:00,41.5
2025-06-12 08:32:00,91.5
2025-06-12 19:11:00,5.5
2025-06-12 23:13:00,99.8
2025-06-12 05:39:00,50.18838223164841
2025-06-12 11:04:00,22.6
2025-06-12 16:18:00,85.7
2025-06-12 12:31:00,19.7
2025-06-12 01:02:00,26.7
2025-06-12 04:12:00,89.7
2025-06-12 09:48:00,34.3
2025-06-12 15:41:00,63.0
2025-06-12 12:45:00,93.6
2025-06-12 09:24:00,34.2
2025-06-12 21:51:00,31.4
2025-06-12 06:36:00,19.9
2025-06-12 17:00:00,49.927249175694776
2025-06-12 19:05:00,92.3
2025-06-12 22:27:00,49.927249175694776
2025-06-12 18:35:00,13.2
2025-06-12 13:08:00,72.3
2025-06-12 20:29:00,96.4
2025-06-12 12:31:00,90.6
2025-06-12 11:09:00,93.6
2025-06-12 22:58:00,54.2
2025-06-12 12:23:00,51.4
2025-06-12 23:52:00,20.7
2025-06-12 11:04:00,68.2
2025-06-12 20:17:00,52.0
2025-06-12 09:04:00,55.3
2025-06-12 15:36:00,51.4
2025-06-12 06:58:00,89.1
2025-06-12 16:01:00,93.7
2025-06-12 16:19:00,23.9
2025-06-12 02:42:00,68.4
2025-06-12 18:30:00,76.9
2025-06-12 08:37:00,51.7
2025-06-12 21:54:00,80.3
2025-06-12 11:01:00,49.927249175694776
2025-06-12 06:06:00,96.8
2025-06-12 23:25:00,28.1
2025-06-12 18:09:00,93.3
2025-06-12 12:19:00,82.3
2025-06-12 02:51:00,8.0
2025-06-12 04:47:00,49.927249175694776
2025-06-12 06:50:00,54.3
2025-06-12 03:32:00,22.1
2025-06-12 07:46:00,23.0
2025-06-12 01:36:00,16.5
2025-06-12 15:53:00,26.7
2025-06-12 13:49:00,49.927249175694776
2025-06-12 23:43:00,35.6
2025-06-12 19:44:00,64.5
2025-06-12 23:33:00,86.5
2025-06-12 22:21:00,49.927249175694776
2025-06-12 02:09:00,49.927249175694776
2025-06-12 12:05:00,64.0
2025-06-12 18:49:00,99.8
2025-06-12 17:05:00,40.8
2025-06-12 18:16:00,95.4
2025-06-12 12:47:00,49.927249175694776
2025-06-12 16:47:00,49.4
2025-06-12 20:48:00,44.4
2025-06-12 20:21:00,13.7
2025-06-12 18:43:00,80.2
2025-06-12 19:27:00,78.7
2025-06-12 02:17:00,71.3
2025-06-12 14:29:00,8.3
2025-06-12 17:57:00,92.7
2025-06-12 03:15:00,7.8
2025-06-12 22:48:00,49.927249175694776
2025-06-12 19:51:00,8.2
2025-06-12 09:58:00,34.9
2025-06-12 01:18:00,44.5
2025-06-12 18:06:00,7.7
2025-06-12 14:35:00,49.927249175694776
2025-06-12 09:20:00,12.6
2025-06-12 06:07:00,92.0
2025-06-12 10:12:00,93.5
2025-06-12 23:03:00,81.9
2025-06-12 16:12:00,23.2
2025-06-12 00:14:00,90.9
2025-06-12 18:41:00,49.927249175694776
2025-06-12 03:04:00,79.6
2025-06-12 15:43:00,35.9
2025-06-12 06:09:00,22.7
2025-06-12 11:06:00,47.1
2025-06-12 00:04:00,31.7
2025-06-12 01:42:00,41.3
2025-06-12 20:06:00,39.7
2025-06-12 04:12:00,49.927249175694776
2025-06-12 04:21:00,94.6
2025-06-12 15:32:00,6.7
2025-06-12 05:58:00,40.1
2025-06-12 16:16:00,20.6
2025-06-12 15:40:00,94.0
2025-06-12 04:18:00,41.2
2025-06-12 07:06:00,90.3
2025-06-12 17:37:00,77.5
2025-06-12 01:49:00,66.5
2025-06-12 12:11:00,59.4
2025-06-12 21:17:00,50.4
2025-06-12 11:53:00,66.4
2025-06-12 02:38:00,81.7
2025-06-12 00:26:00,80.8
2025-06-12 02:30:00,49.927249175694776
2025-06-12 03:08:00,49.927249175694776
2025-06-12 07:47:00,43.2
2025-06-12 22:16:00,18.9
2025-06-12 15:27:00,48.8
2025-06-12 07:20:00,97.3
2025-06-12 01:03:00,2.7
2025-06-12 03:17:00,98.5
2025-06-12 21:09:00,27.2
2025-06-12 18:30:00,60.5
2025-06-12 16:06:00,3.6
2025-06-12 07:08:00,35.0
2025-06-12 08:38:00,67.4
2025-06-12 07:12:00,82.1
2025-06-12 17:42:00,41.9
2025-06-12 14:06:00,49.927249175694776
2025-06-12 03:54:00,34.6
2025-06-12 07:06:00,69.3
2025-06-12 16:17:00,82.4
2025-06-12 04:29:00,47.6
2025-06-12 07:47:00,20.2
2025-06-12 17:51:00,0.3
2025-06-12 16:07:00,49.927249175694776
2025-06-12 17:19:00,72.2
2025-06-12 17:00:00,31.7
2025-06-12 06:26:00,40.7
2025-06-12 20:33:00,8.0
2025-06-12 17:19:00,4.9
2025-06-12 03:47:00,32.7
2025-06-12 16:47:00,4.5
2025-06-12 14:54:00,61.0
2025-06-12 16:40:00,49.927249175694776
2025-06-12 11:07:00,78.5
2025-06-12 23:40:00,29.0
2025-06-12 21:49:00,77.5
2025-06-12 01:44:00,38.6
2025-06-12 11:00:00,95.5
2025-06-12 16:02:00,11.0
2025-06-12 09:48:00,49.927249175694776
2025-06-12 13:55:00,43.6
2025-06-12 11:55:00,89.7
2025-06-12 12:52:00,49.927249175694776
2025-06-12 14:06:00,76.2
2025-06-12 22:41:00,93.3
2025-06-12 10:10:00,46.0
2025-06-12 08:25:00,49.927249175694776
2025-06-12 22:35:00,45.0
2025-06-12 10:34:00,85.7
2025-06-12 02:41:00,78.4
2025-06-12 02:57:00,92.0
2025-06-12 13:08:00,49.927249175694776
2025-06-12 20:04:00,82.7
2025-06-12 11:45:00,55.9
2025-06-12 06:02:00,61.5
2025-06-12 22:01:00,49.927249175694776
2025-06-12 23:40:00,41.0
2025-06-12 20:13:00,60.0
2025-06-12 22:15:00,64.6
2025-06-12 00:09:00,17.6
2025-06-12 16:19:00,7.3
2025-06-12 01:42:00,67.6
2025-06-12 20:39:00,39.5
2025-06-12 02:29:00,53.6
2025-06-12 00:01:00,49.927249175694776
2025-06-12 15:14:00,88.0
2025-06-12 15:00:00,36.2
2025-06-12 20:11:00,98.3
2025-06-12 08:14:00,9.6
2025-06-12 08:20:00,54.6
2025-06-12 12:19:00,49.927249175694776
2025-06-12 18:47:00,37.4
2025-06-12 09:03:00,96.0
2025-06-12 02:13:00,49.927249175694776
2025-06-12 03:29:00,8.0
2025-06-12 07:31:00,36.3
2025-06-12 02:33:00,49.927249175694776
2025-06-12 07:14:00,33.9
2025-06-12 02:24:00,73.2
2025-06-12 10:08:00,62.7
2025-06-12 15:02:00,97.6
2025-06-12 13:58:00,74.0
2025-06-12 16:27:00,73.7
2025-06-12 03:02:00,1.5
2025-06-12 10:21:00,25.4
2025-06-12 22:44:00,43.5
2025-06-12 22:38:00,25.3
2025-06-12 00:37:00,78.4
2025-06-12 17:23:00,45.6
2025-06-12 13:45:00,2.2
2025-06-12 07:32:00,58.0
2025-06-12 03:15:00,0.7
2025-06-12 20:07:00,28.2
2025-06-12 01:13:00,16.8
2025-06-12 11:45:00,49.927249175694776
2025-06-12 12:34:00,89.3
2025-06-12 03:45:00,49.927249175694776
2025-06-12 15:13:00,49.927249175694776
2025-06-12 20:40:00,6.4
2025-06-12 02:50:00,32.2
2025-06-12 04:55:00,53.9
2025-06-12 06:44:00,16.9
2025-06-12 14:53:00,58.3
2025-06-12 15:44:00,49.927249175694776
2025-06-12 10:12:00,38.3
2025-06-12 06:15:00,6.6
2025-06-12 01:34:00,40.8
2025-06-12 23:22:00,49.927249175694776
2025-06-12 18:30:00,49.927249175694776
2025-06-12 07:12:00,70.3
2025-06-12 17:10:00,25.7
2025-06-12 00:37:00,10.0
2025-06-12 12:42:00,75.8
2025-06-12 11:34:00,97.0
2025-06-12 06:22:00,46.5
2025-06-12 09:33:00,45.9
2025-06-12 09:34:00,48.5
2025-06-12 08:30:00,44.2
2025-06-12 09:30:00,10.0
2025-06-12 05:48:00,37.4
2025-06-12 00:09:00,9.2
2025-06-12 14:47:00,42.6
2025-06-12 22:10:00,19.7
2025-06-12 17:18:00,84.9
2025-06-12 09:40:00,23.8
2025-06-12 00:32:00,15.1
2025-06-12 23:20:00,66.3
2025-06-12 12:43:00,11.8
2025-06-12 17:19:00,30.0
2025-06-12 11:47:00,33.1
2025-06-12 19:34:00,22.4
2025-06-12 02:17:00,72.3
2025-06-12 21:52:00,49.927249175694776
2025-06-12 10:33:00,18.7
2025-06-12 15:32:00,22.6
2025-06-12 05:34:00,25.6
2025-06-12 11:59:00,3.0
2025-06-12 15:24:00,88.3
2025-06-12 10:07:00,49.8
2025-06-12 06:43:00,12.1
2025-06-12 00:49:00,19.2
2025-06-12 02:00:00,37.0
2025-06-12 09:55:00,20.8
2025-06-12 20:47:00,67.1
2025-06-12 02:55:00,98.5
2025-06-12 10:01:00,73.5
2025-06-12 03:23:00,8.3
2025-06-12 20:13:00,33.6
2025-06-12 01:54:00,60.7
2025-06-12 17:40:00,32.9
2025-06-12 20:26:00,4.7
2025-06-12 05:17:00,24.6
2025-06-12 06:53:00,94.8
2025-06-12 11:57:00,94.8
2025-06-12 15:38:00,7.9
2025-06-12 08:52:00,81.7
2025-06-12 06:55:00,49.927249175694776
2025-06-12 16:59:00,41.1
2025-06-12 16:44:00,17.9
2025-06-12 00:00:00,0.1
2025-06-12 06:41:00,86.0
2025-06-12 02:26:00,66.2
2025-06-12 09:40:00,49.927249175694776
2025-06-12 00:01:00,87.7
2025-06-12 05:33:00,73.1
2025-06-12 10:04:00,33.6
2025-06-12 02:29:00,47.4
2025-06-12 23:19:00,47.0
2025-06-12 08:18:00,52.3
2025-06-12 11:35:00,97.1
2025-06-12 22:50:00,4.0
2025-06-12 14:24:00,2.7
2025-06-12 13:40:00,70.5
2025-06-12 23:11:00,31.8
2025-06-12 07:47:00,91.0
2025-06-12 05:57:00,63.6
2025-06-12 15:48:00,26.5
2025-06-12 10:59:00,60.3
2025-06-12 00:33:00,55.8
2025-06-12 16:37:00,32.7
2025-06-12 20:50:00,65.0
2025-06-12 22:15:00,89.2
2025-06-12 15:18:00,49.7
2025-06-12 14:20:00,6.7
2025-06-12 05:18:00,69.0
2025-06-12 17:04:00,19.7
2025-06-12 02:42:00,49.927249175694776
2025-06-12 09:48:00,41.5
2025-06-12 16:40:00,4.2
2025-06-12 04:38:00,44.8
2025-06-12 19:55:00,87.6
2025-06-12 03:46:00,30.0
2025-06-12 13:52:00,94.0
2025-06-12 04:30:00,55.3
2025-06-12 00:18:00,73.1
2025-06-12 05:37:00,31.4
2025-06-12 10:44:00,1.3
2025-06-12 09:53:00,49.927249175694776
2025-06-12 03:48:00,49.927249175694776
2025-06-12 04:04:00,15.4
2025-06-12 12:48:00,3.1
2025-06-12 10:15:00,65.7
2025-06-12 16:11:00,16.3
2025-06-12 13:58:00,2.5
2025-06-12 03:36:00,49.927249175694776
2025-06-12 12:01:00,20.7
2025-06-12 15:50:00,5.7
2025-06-12 17:03:00,22.8
2025-06-12 08:15:00,93.3
2025-06-12 20:23:00,17.2
2025-06-12 19:34:00,40.9
2025-06-12 04:29:00,70.3
2025-06-12 07:51:00,2.8
2025-06-12 22:24:00,12.8
2025-06-12 12:45:00,24.0
2025-06-12 20:23:00,19.7
2025-06-12 18:21:00,9.0
2025-06-12 01:50:00,33.6
2025-06-12 21:10:00,39.9
2025-06-12 17:23:00,77.1
2025-06-12 22:22:00,49.927249175694776
2025-06-12 08:32:00,54.9
2025-06-12 17:12:00,87.3
2025-06-12 14:14:00,30.9
2025-06-12 09:14:00,33.8
2025-06-12 21:45:00,14.8
2025-06-12 08:18:00,52.5
2025-06-12 10:53:00,64.4
2025-06-12 12:01:00,49.72265128325876
2025-06-12 21:06:00,49.72265128325876
2025-06-12 22:32:00,84.0
2025-06-12 15:10:00,0.3
2025-06-12 14:41:00,63.2
2025-06-12 20:34:00,94.3
2025-06-12 10:18:00,62.4
2025-06-12 14:27:00,87.7
2025-06-12 10:52:00,25.6
2025-06-12 20:47:00,9.9
2025-06-12 19:24:00,71.4
2025-06-12 17:37:00,39.5
2025-06-12 17:32:00,49.72265128325876
2025-06-12 17:33:00,98.7
2025-06-12 07:47:00,60.3
2025-06-12 01:32:00,6.8
2025-06-12 18:21:00,2.3
2025-06-12 09:39:00,46.7
2025-06-12 05:06:00,80.3
2025-06-12 12:32:00,49.72265128325876
2025-06-12 09:52:00,13.7
2025-06-12 02:44:00,84.1
2025-06-12 00:21:00,64.1
2025-06-12 00:16:00,49.72265128325876
2025-06-12 06:28:00,49.2
2025-06-12 18:17:00,67.6
2025-06-12 08:16:00,38.4
2025-06-12 00:28:00,57.5
2025-06-12 16:49:00,44.6
2025-06-12 18:46:00,94.2
2025-06-12 22:36:00,49.72265128325876
2025-06-12 12:33:00,76.4
2025-06-12 20:55:00,51.6
2025-06-12 23:18:00,90.6
2025-06-12 15:23:00,74.5
2025-06-12 06:41:00,3.5
2025-06-12 18:39:00,72.3
2025-06-12 22:33:00,49.72265128325876
2025-06-12 14:13:00,0.1
2025-06-12 15:37:00,49.72265128325876
2025-06-12 06:05:00,89.5
2025-06-12 01:22:00,58.7
2025-06-12 02:09:00,85.1
2025-06-12 07:55:00,74.8
2025-06-12 07:45:00,92.4
2025-06-12 03:06:00,0.9
2025-06-12 16:31:00,97.3
2025-06-12 13:08:00,86.3
2025-06-12 10:48:00,80.7
2025-06-12 18:38:00,13.3
2025-06-12 00:27:00,49.72265128325876
2025-06-12 20:36:00,39.7
2025-06-12 17:02:00,45.6
2025-06-12 15:47:00,21.4
2025-06-12 23:50:00,69.5
2025-06-12 11:51:00,6.0
2025-06-12 11:04:00,30.0
2025-06-12 02:13:00,69.0
2025-06-12 05:14:00,40.2
2025-06-12 09:39:00,88.0
2025-06-12 05:04:00,73.6
2025-06-12 17:32:00,8.2
2025-06-12 10:34:00,90.8
2025-06-12 22:12:00,39.9
2025-06-12 15:57:00,49.72265128325876
2025-06-12 14:55:00,82.5
2025-06-12 16:22:00,20.7
2025-06-12 22:48:00,29.8
2025-06-12 05:04:00,79.0
2025-06-12 21:31:00,49.72265128325876
2025-06-12 04:04:00,31.6
2025-06-12 01:44:00,0.6
2025-06-12 09:19:00,10.0
2025-06-12 07:53:00,0.3
2025-06-12 09:02:00,62.5
2025-06-12 22:52:00,17.0
2025-06-12 05:34:00,50.2
2025-06-12 03:23:00,4.7
2025-06-12 11:02:00,77.3
2025-06-12 20:56:00,49.72265128325876
2025-06-12 04:23:00,49.72265128325876
2025-06-12 18:39:00,26.0
2025-06-12 04:10:00,11.4
2025-06-12 04:11:00,85.6
2025-06-12 09:43:00,62.8
2025-06-12 08:44:00,49.72265128325876
2025-06-12 01:51:00,49.72265128325876
2025-06-12 00:45:00,16.7
2025-06-12 01:35:00,15.7
2025-06-12 03:37:00,90.7
2025-06-12 18:58:00,30.7
2025-06-12 11:55:00,28.9
2025-06-12 02:04:00,49.72265128325876
2025-06-12 07:47:00,80.4
2025-06-12 12:17:00,79.1
2025-06-12 20:16:00,14.7
2025-06-12 10:38:00,45.4
2025-06-12 00:10:00,70.7
2025-06-12 14:49:00,86.5
2025-06-12 05:19:00,65.9
2025-06-12 17:00:00,49.0
2025-06-12 19:09:00,71.0
2025-06-12 15:57:00,49.72265128325876
2025-06-12 13:39:00,62.8
2025-06-12 22:05:00,31.7
2025-06-12 17:30:00,49.72265128325876
2025-06-12 02:22:00,74.5
2025-06-12 01:05:00,85.1
2025-06-12 05:14:00,49.72265128325876
2025-06-12 15:03:00,73.8
2025-06-12 12:58:00,49.72265128325876
2025-06-12 21:02:00,60.0
2025-06-12 07:53:00,49.72265128325876
2025-06-12 14:25:00,0.6
2025-06-12 13:00:00,63.3
2025-06-12 17:17:00,67.9
2025-06-12 01:03:00,42.4
2025-06-12 04:13:00,49.72265128325876
2025-06-12 21:32:00,50.0
2025-06-12 00:27:00,99.8
2025-06-12 06:24:00,43.0
2025-06-12 08:53:00,27.5
2025-06-12 10:33:00,52.5
2025-06-12 12:38:00,35.2
2025-06-12 02:51:00,22.7
2025-06-12 03:31:00,62.7
2025-06-12 17:58:00,46.9
2025-06-12 15:59:00,29.5
2025-06-12 09:15:00,94.6
2025-06-12 06:31:00,76.3
2025-06-12 11:29:00,71.5
2025-06-12 20:25:00,49.72265128325876
2025-06-12 19:49:00,1.6
2025-06-12 00:06:00,0.1
2025-06-12 15:19:00,93.4
2025-06-12 18:10:00,30.9
2025-06-12 14:42:00,57.1
2025-06-12 17:52:00,69.7
2025-06-12 11:43:00,37.1
2025-06-12 13:40:00,16.8
2025-06-12 08:57:00,49.72265128325876
2025-06-12 19:38:00,32.1
2025-06-12 21:43:00,41.3
2025-06-12 13:31:00,53.3
2025-06-12 05:16:00,68.1
2025-06-12 00:30:00,59.7
2025-06-12 03:18:00,48.2
2025-06-12 13:09:00,76.6
2025-06-12 11:14:00,71.6
2025-06-12 05:15:00,0.9
2025-06-12 23:57:00,38.8
2025-06-12 09:25:00,24.0
2025-06-12 03:08:00,36.6
2025-06-12 00:23:00,63.1
2025-06-12 19:53:00,81.2
2025-06-12 04:02:00,76.3
2025-06-12 17:52:00,4.6
2025-06-12 02:31:00,47.1
2025-06-12 06:04:00,73.2
2025-06-12 00:27:00,75.7
2025-06-12 00:38:00,95.4
2025-06-12 10:59:00,85.7
2025-06-12 10:22:00,77.9
2025-06-12 00:55:00,62.9
2025-06-12 12:17:00,7.9
2025-06-12 06:51:00,99.3
2025-06-12 14:05:00,39.0
2025-06-12 23:20:00,0.7
2025-06-12 05:36:00,5.1
2025-06-12 02:30:00,12.9
2025-06-12 02:13:00,67.1
2025-06-12 21:53:00,12.1
2025-06-12 23:27:00,85.1
2025-06-12 08:49:00,30.8
2025-06-12 09:41:00,99.5
2025-06-12 16:04:00,22.0
2025-06-12 14:52:00,14.3
2025-06-12 11:18:00,49.1
2025-06-12 05:00:00,61.8
2025-06-12 05:52:00,92.3
2025-06-12 05:44:00,84.6
2025-06-12 10:19:00,89.1
2025-06-12 10:56:00,1.1
2025-06-12 03:11:00,58.6
2025-06-12 01:54:00,48.0
2025-06-12 13:09:00,46.6
2025-06-12 13:52:00,73.4
2025-06-12 20:03:00,1.1
2025-06-12 16:16:00,49.72265128325876
2025-06-12 10:43:00,10.2
2025-06-12 11:00:00,60.9
2025-06-12 17:33:00,46.3
2025-06-12 00:32:00,95.9
2025-06-12 14:51:00,56.6
2025-06-12 19:15:00,62.4
2025-06-12 22:11:00,8.1
2025-06-12 17:43:00,66.4
2025-06-12 20:43:00,0.8
2025-06-12 05:27:00,37.1
2025-06-12 18:36:00,25.3
2025-06-12 04:32:00,0.4
2025-06-12 19:06:00,70.5
2025-06-12 17:10:00,43.3
2025-06-12 14:02:00,54.1
2025-06-12 20:14:00,77.0
2025-06-12 13:39:00,29.3
2025-06-12 11:16:00,49.72265128325876
2025-06-12 13:08:00,44.1
2025-06-12 15:12:00,47.8
2025-06-12 11:27:00,34.8
2025-06-12 01:41:00,47.7
2025-06-12 23:12:00,20.6
2025-06-12 13:10:00,30.3
2025-06-12 15:40:00,13.2
2025-06-12 13:53:00,85.2
2025-06-12 13:25:00,49.72265128325876
2025-06-12 22:57:00,90.3
2025-06-12 19:35:00,18.7
2025-06-12 01:44:00,83.7
2025-06-12 01:38:00,25.8
2025-06-12 04:20:00,88.0
2025-06-12 13:53:00,99.5
2025-06-12 03:30:00,69.6
2025-06-12 06:45:00,61.6
2025-06-12 13:59:00,89.2
2025-06-12 05:50:00,16.9
2025-06-12 08:17:00,27.6
2025-06-12 20:47:00,36.1
2025-06-12 11:51:00,87.5
2025-06-12 12:30:00,58.0
2025-06-12 12:07:00,6.3
2025-06-12 17:24:00,49.72265128325876
2025-06-12 22:12:00,59.9
2025-06-12 23:57:00,9.2
2025-06-12 08:13:00,49.72265128325876
2025-06-12 18:31:00,27.7
2025-06-12 12:08:00,36.6
2025-06-12 07:05:00,65.3
2025-06-12 16:32:00,68.8
2025-06-12 06:18:00,91.0
2025-06-12 12:27:00,62.4
2025-06-12 00:18:00,63.2
2025-06-12 22:18:00,32.1
2025-06-12 19:35:00,80.3
2025-06-12 20:24:00,66.4
2025-06-12 17:55:00,83.1
2025-06-12 19:00:00,3.2
2025-06-12 21:13:00,89.2
2025-06-12 01:04:00,31.6
2025-06-12 05:22:00,21.0
2025-06-12 10:33:00,56.8
2025-06-12 06:46:00,53.8
2025-06-12 19:11:00,72.3
2025-06-12 12:26:00,9.5
2025-06-12 04:19:00,96.7
2025-06-12 20:06:00,63.0
2025-06-12 06:40:00,49.72265128325876
2025-06-12 05:00:00,70.3
2025-06-12 04:56:00,33.7
2025-06-12 20:50:00,58.0
2025-06-12 16:07:00,15.0
2025-06-12 23:55:00,56.0
2025-06-12 02:43:00,50.9
2025-06-12 12:10:00,49.72265128325876
2025-06-12 21:29:00,25.4
2025-06-12 23:10:00,14.5
2025-06-12 12:04:00,81.0
2025-06-12 10:07:00,25.5
2025-06-12 08:26:00,49.72265128325876
2025-06-12 19:26:00,67.1
2025-06-12 18:35:00,49.72265128325876
2025-06-12 07:32:00,48.5
2025-06-12 18:34:00,10.3
2025-06-12 23:48:00,49.72265128325876
2025-06-12 07:19:00,90.4
2025-06-12 09:03:00,70.9
2025-06-12 23:28:00,95.4
2025-06-12 15:47:00,76.7
2025-06-12 05:02:00,2.2
2025-06-12 00:34:00,7.5
2025-06-12 23:29:00,57.7
2025-06-12 19:42:00,50.6
2025-06-12 12:38:00,67.0
2025-06-12 08:51:00,53.1
2025-06-12 12:39:00,10.3
2025-06-12 03:45:00,65.6
2025-06-12 00:45:00,30.3
2025-06-12 01:23:00,72.5
2025-06-12 04:42:00,47.1
2025-06-12 00:42:00,51.3
2025-06-12 09:17:00,4.3
2025-06-12 16:18:00,49.72265128325876
2025-06-12 05:34:00,98.9
2025-06-12 11:21:00,49.72265128325876
2025-06-12 03:57:00,96.7
2025-06-12 09:06:00,76.9
2025-06-12 18:50:00,91.9
2025-06-12 01:55:00,80.5
2025-06-12 03:06:00,84.1
2025-06-12 19:14:00,68.6
2025-06-12 11:25:00,49.2
2025-06-12 03:53:00,24.5
2025-06-12 03:52:00,49.72265128325876
2025-06-12 20:55:00,4.4
2025-06-12 09:42:00,88.3
2025-06-12 14:25:00,49.72265128325876
2025-06-12 10:45:00,38.0
2025-06-12 13:00:00,61.1
2025-06-12 06:50:00,37.9
2025-06-12 10:09:00,78.8
2025-06-12 20:50:00,67.0
2025-06-12 16:29:00,47.8
2025-06-12 23:00:00,49.72265128325876
2025-06-12 15:25:00,49.72265128325876
2025-06-12 09:26:00,96.2
2025-06-12 22:30:00,65.7
2025-06-12 03:26:00,49.72265128325876
2025-06-12 06:46:00,70.2
2025-06-12 03:09:00,14.4
2025-06-12 19:00:00,85.6
2025-06-12 12:18:00,49.72265128325876
2025-06-12 16:16:00,7.4
2025-06-12 00:02:00,70.8
2025-06-12 09:49:00,51.3
2025-06-12 13:54:00,90.7
2025-06-12 18:40:00,26.7
2025-06-12 14:25:00,61.4
2025-06-12 02:37:00,7.5
2025-06-12 07:12:00,75.3
2025-06-12 16:08:00,21.6
2025-06-12 20:02:00,49.72265128325876
2025-06-12 23:02:00,33.2
2025-06-12 00:42:00,83.2
2025-06-12 16:58:00,62.0
2025-06-12 20:09:00,98.8
2025-06-12 15:30:00,27.2
2025-06-12 06:09:00,49.72265128325876
2025-06-12 09:20:00,59.0
2025-06-12 18:13:00,17.8
2025-06-12 18:22:00,22.6
2025-06-12 03:43:00,55.5
2025-06-12 03:23:00,96.3
2025-06-12 01:02:00,37.1
2025-06-12 15:05:00,50.25777465777466
2025-06-12 04:40:00,50.25777465777466
2025-06-12 08:07:00,39.7
2025-06-12 00:40:00,4.0
2025-06-12 23:17:00,57.3
2025-06-12 04:07:00,67.2
2025-06-12 12:47:00,80.5
2025-06-12 04:46:00,50.25777465777466
2025-06-12 14:12:00,50.25777465777466
2025-06-12 08:31:00,58.6
2025-06-12 04:12:00,27.8
2025-06-12 05:03:00,10.4
2025-06-12 10:39:00,33.6
2025-06-12 18:13:00,50.25777465777466
2025-06-12 03:13:00,83.6
2025-06-12 19:45:00,45.3
2025-06-12 20:07:00,97.1
2025-06-12 17:42:00,97.8
2025-06-12 17:35:00,77.1
2025-06-12 10:56:00,40.4
2025-06-12 05:37:00,16.5
2025-06-12 14:06:00,3.4
2025-06-12 10:17:00,44.9
2025-06-12 15:04:00,89.3
2025-06-12 23:26:00,51.5
2025-06-12 13:35:00,45.6
2025-06-12 18:51:00,10.3
2025-06-12 19:33:00,53.7
2025-06-12 17:41:00,64.0
2025-06-12 06:35:00,50.25777465777466
2025-06-12 09:38:00,77.3
2025-06-12 13:05:00,37.4
2025-06-12 05:42:00,75.7
2025-06-12 06:09:00,56.1
2025-06-12 14:52:00,90.3
2025-06-12 18:57:00,48.4
2025-06-12 13:21:00,82.8
2025-06-12 23:54:00,73.0
2025-06-12 22:31:00,92.9
2025-06-12 12:44:00,50.25777465777466
2025-06-12 12:33:00,44.8
2025-06-12 20:11:00,13.9
2025-06-12 17:09:00,36.6
2025-06-12 06:12:00,33.9
2025-06-12 08:42:00,50.25777465777466
2025-06-12 05:50:00,64.3
2025-06-12 08:01:00,93.1
2025-06-12 22:26:00,46.7
2025-06-12 02:37:00,54.9
2025-06-12 01:24:00,10.4
2025-06-12 08:15:00,41.6
2025-06-12 18:32:00,50.25777465777466
2025-06-12 17:30:00,29.7
2025-06-12 00:48:00,98.9
2025-06-12 14:40:00,60.6
2025-06-12 07:19:00,66.5
2025-06-12 21:39:00,89.4
2025-06-12 21:20:00,20.4
2025-06-12 09:15:00,50.25777465777466
2025-06-12 08:10:00,50.25777465777466
2025-06-12 22:04:00,18.7
2025-06-12 20:43:00,50.25777465777466
2025-06-12 12:03:00,16.9
2025-06-12 02:37:00,79.0
2025-06-12 23:03:00,50.25777465777466
2025-06-12 01:31:00,0.7
2025-06-12 15:01:00,30.3
2025-06-12 16:36:00,38.3
2025-06-12 11:14:00,39.7
2025-06-12 13:01:00,44.7
2025-06-12 08:33:00,35.6
2025-06-12 05:52:00,38.0
2025-06-12 00:19:00,50.25777465777466
2025-06-12 02:47:00,77.2
2025-06-12 18:43:00,39.1
2025-06-12 23:48:00,9.1
2025-06-12 12:52:00,44.3
2025-06-12 11:01:00,39.6
2025-06-12 07:11:00,80.6
2025-06-12 18:16:00,50.25777465777466
2025-06-12 18:52:00,50.25777465777466
2025-06-12 01:18:00,9.6
2025-06-12 10:55:00,31.2
2025-06-12 04:04:00,9.8
2025-06-12 13:18:00,50.25777465777466
2025-06-12 06:36:00,15.6
2025-06-12 15:52:00,3.4
2025-06-12 21:19:00,11.5
2025-06-12 20:48:00,45.1
2025-06-12 12:41:00,71.9
2025-06-12 21:42:00,49.3
2025-06-12 05:37:00,71.2
2025-06-12 15:26:00,93.1
2025-06-12 07:45:00,18.5
2025-06-12 15:09:00,19.9
2025-06-12 18:44:00,19.8
2025-06-12 12:21:00,1.4
2025-06-12 00:15:00,89.0
2025-06-12 12:52:00,81.3
2025-06-12 12:56:00,50.7
2025-06-12 22:48:00,68.6
2025-06-12 06:50:00,12.2
2025-06-12 11:45:00,51.8
2025-06-12 12:14:00,44.5
2025-06-12 22:32:00,38.5
2025-06-12 15:35:00,29.5
2025-06-12 08:40:00,1.8
2025-06-12 18:17:00,50.25777465777466
2025-06-12 10:39:00,88.3
2025-06-12 02:31:00,2.1
2025-06-12 18:49:00,19.3
2025-06-12 08:08:00,73.5
2025-06-12 16:39:00,79.3
2025-06-12 09:27:00,62.0
2025-06-12 19:56:00,17.3
2025-06-12 08:13:00,50.25777465777466
2025-06-12 10:33:00,41.8
2025-06-12 17:26:00,23.6
2025-06-12 08:37:00,37.4
2025-06-12 06:21:00,79.6
2025-06-12 09:47:00,97.3
2025-06-12 19:57:00,50.25777465777466
2025-06-12 01:11:00,26.2
2025-06-12 07:45:00,20.6
2025-06-12 22:03:00,95.1
2025-06-12 04:16:00,98.6
2025-06-12 06:25:00,3.4
2025-06-12 18:53:00,91.1
2025-06-12 21:35:00,28.3
2025-06-12 04:10:00,15.3
2025-06-12 21:53:00,75.7
2025-06-12 15:15:00,1.1
2025-06-12 11:13:00,59.5
2025-06-12 04:14:00,3.2
2025-06-12 10:56:00,50.25777465777466
2025-06-12 06:06:00,3.5
2025-06-12 11:06:00,52.8
2025-06-12 06:41:00,69.2
2025-06-12 21:10:00,58.3
2025-06-12 03:24:00,70.7
2025-06-12 16:41:00,0.7
2025-06-12 18:37:00,4.4
2025-06-12 07:24:00,20.1
2025-06-12 18:36:00,29.0
2025-06-12 17:37:00,0.1
2025-06-12 15:14:00,86.8
2025-06-12 12:19:00,10.8
2025-06-12 18:15:00,50.25777465777466
2025-06-12 04:20:00,97.2
2025-06-12 01:47:00,14.8
2025-06-12 15:37:00,84.5
2025-06-12 12:30:00,44.4
2025-06-12 06:37:00,37.2
2025-06-12 17:11:00,29.5
2025-06-12 02:50:00,48.1
2025-06-12 07:14:00,60.7
2025-06-12 16:58:00,50.25777465777466
2025-06-12 11:17:00,53.2
2025-06-12 03:37:00,50.25777465777466
2025-06-12 23:08:00,35.9
2025-06-12 04:48:00,41.5
2025-06-12 09:37:00,72.4
2025-06-12 10:42:00,15.3
2025-06-12 15:13:00,60.7
2025-06-12 06:42:00,28.5
2025-06-12 02:48:00,74.3
2025-06-12 04:27:00,18.1
2025-06-12 06:57:00,41.4
2025-06-12 04:28:00,9.2
2025-06-12 10:52:00,42.7
2025-06-12 01:17:00,47.5
2025-06-12 07:02:00,23.4
2025-06-12 22:53:00,16.3
2025-06-12 06:02:00,42.3
2025-06-12 18:09:00,46.7
2025-06-12 21:00:00,92.8
2025-06-12 08:44:00,74.0
2025-06-12 09:27:00,50.25777465777466
2025-06-12 16:53:00,86.7
2025-06-12 19:44:00,68.5
2025-06-12 05:24:00,86.2
2025-06-12 04:33:00,73.5
2025-06-12 19:48:00,50.3
2025-06-12 16:48:00,82.1
2025-06-12 16:23:00,30.2
2025-06-12 00:56:00,50.25777465777466
2025-06-12 06:18:00,38.4
2025-06-12 07:04:00,43.5
2025-06-12 22:31:00,62.8
2025-06-12 08:14:00,1.0
2025-06-12 01:28:00,77.8
2025-06-12 14:00:00,82.4
2025-06-12 02:08:00,80.3
2025-06-12 08:36:00,25.6
2025-06-12 01:20:00,0.5
2025-06-12 06:55:00,51.4
2025-06-12 12:35:00,27.6
2025-06-12 10:56:00,50.25777465777466
2025-06-12 05:23:00,48.5
2025-06-12 23:17:00,51.1
2025-06-12 12:48:00,66.1
2025-06-12 04:40:00,46.2
2025-06-12 01:09:00,50.25777465777466
2025-06-12 09:06:00,84.7
2025-06-12 17:44:00,50.25777465777466
2025-06-12 14:16:00,73.6
2025-06-12 08:47:00,48.4
2025-06-12 00:29:00,52.4
2025-06-12 20:36:00,10.8
2025-06-12 06:00:00,43.8
2025-06-12 06:40:00,50.25777465777466
2025-06-12 15:00:00,29.7
2025-06-12 18:54:00,10.9
2025-06-12 04:44:00,33.7
2025-06-12 05:04:00,99.0
2025-06-12 07:24:00,31.9
2025-06-12 08:32:00,33.0
2025-06-12 06:32:00,50.25777465777466
2025-06-12 19:02:00,50.25777465777466
2025-06-12 20:25:00,35.8
2025-06-12 15:08:00,24.1
2025-06-12 11:34:00,50.25777465777466
2025-06-12 04:11:00,50.25777465777466
2025-06-12 02:03:00,27.6
2025-06-12 14:49:00,23.5
2025-06-12 19:31:00,35.1
2025-06-12 20:40:00,4.8
2025-06-12 09:21:00,71.0
2025-06-12 20:16:00,99.2
2025-06-12 19:27:00,50.25777465777466
2025-06-12 00:35:00,83.0
2025-06-12 05:30:00,58.7
2025-06-12 19:56:00,6.6
2025-06-12 21:07:00,50.25777465777466
2025-06-12 10:30:00,62.5
2025-06-12 15:55:00,58.4
2025-06-12 23:19:00,53.1
2025-06-12 17:31:00,50.25777465777466
2025-06-12 19:28:00,2.8
2025-06-12 10:40:00,21.1
2025-06-12 20:09:00,50.25777465777466
2025-06-12 02:59:00,45.8
2025-06-12 19:36:00,72.1
2025-06-12 16:02:00,50.25777465777466
2025-06-12 09:28:00,34.9
2025-06-12 19:06:00,72.4
2025-06-12 23:05:00,39.3
2025-06-12 13:40:00,3.2
2025-06-12 18:50:00,75.6
2025-06-12 21:52:00,77.7
2025-06-12 07:11:00,35.9
2025-06-12 12:25:00,50.25777465777466
2025-06-12 00:48:00,33.4
2025-06-12 23:00:00,6.6
2025-06-12 06:33:00,83.7
2025-06-12 05:56:00,21.0
2025-06-12 18:11:00,43.3
2025-06-12 06:38:00,50.25777465777466
2025-06-12 15:46:00,11.3
2025-06-12 22:22:00,50.25777465777466
2025-06-12 09:45:00,6.2
2025-06-12 13:32:00,32.0
2025-06-12 04:36:00,62.2
2025-06-12 23:16:00,70.4
2025-06-12 06:08:00,50.25777465777466
2025-06-12 06:29:00,81.7
2025-06-12 17:57:00,93.1
2025-06-12 05:17:00,34.6
2025-06-12 22:19:00,50.25777465777466
2025-06-12 08:20:00,50.25777465777466
2025-06-12 19:32:00,62.3
2025-06-12 09:29:00,49.7
2025-06-12 23:23:00,2.1
2025-06-12 14:08:00,22.7
2025-06-12 11:42:00,92.9
2025-06-12 23:01:00,24.6
2025-06-12 00:43:00,49.4
2025-06-12 01:56:00,79.8
2025-06-12 00:19:00,74.8
2025-06-12 04:11:00,99.4
2025-06-12 09:07:00,98.0
2025-06-12 09:11:00,62.2
2025-06-12 18:03:00,16.1
2025-06-12 21:26:00,70.2
2025-06-12 19:32:00,70.4
2025-06-12 20:46:00,28.3
2025-06-12 02:25:00,69.8
2025-06-12 07:54:00,25.3
2025-06-12 19:13:00,34.8
2025-06-12 02:27:00,2.3
2025-06-12 01:18:00,44.5
2025-06-12 07:59:00,96.2
2025-06-12 03:41:00,72.6
2025-06-12 17:36:00,74.5
2025-06-12 04:35:00,23.9
2025-06-12 14:46:00,40.9
2025-06-12 10:56:00,80.6
2025-06-12 08:11:00,28.2
2025-06-12 15:06:00,69.4
2025-06-12 05:25:00,50.25777465777466
2025-06-12 21:05:00,29.3
2025-06-12 17:22:00,50.25777465777466
2025-06-12 05:55:00,67.4
2025-06-12 05:25:00,50.25777465777466
2025-06-12 12:08:00,71.9
2025-06-12 20:19:00,15.0
2025-06-12 23:28:00,76.3
2025-06-12 08:29:00,83.8
2025-06-12 01:19:00,58.0
2025-06-12 03:10:00,28.2
2025-06-12 01:21:00,50.25777465777466
2025-06-12 03:28:00,20.3
2025-06-12 10:35:00,36.3
2025-06-12 13:45:00,80.2
2025-06-12 10:11:00,65.5
2025-06-12 01:43:00,84.5
2025-06-12 10:38:00,9.0
2025-06-12 21:19:00,64.2
2025-06-12 04:03:00,8.2
2025-06-12 16:54:00,86.3
2025-06-12 01:36:00,34.7
2025-06-12 15:22:00,50.5
2025-06-12 03:59:00,59.3
2025-06-12 02:37:00,45.4
2025-06-12 11:26:00,77.6
2025-06-12 16:55:00,55.7
2025-06-12 04:23:00,78.1
2025-06-12 04:27:00,50.25777465777466
2025-06-12 11:13:00,50.25777465777466
2025-06-12 16:04:00,68.1
2025-06-12 21:56:00,7.1
2025-06-12 03:21:00,72.5
2025-06-12 05:45:00,50.25777465777466
2025-06-12 19:15:00,52.1
2025-06-12 03:34:00,50.25777465777466
2025-06-12 22:25:00,5.9
2025-06-12 04:33:00,57.3
2025-06-12 01:57:00,35.9
2025-06-12 12:55:00,31.3
2025-06-12 15:03:00,74.5
2025-06-12 12:45:00,50.25777465777466
2025-06-12 07:20:00,69.7
2025-06-12 16:33:00,49.9464552238806
2025-06-12 11:17:00,73.9
2025-06-12 01:59:00,49.5
2025-06-12 23:17:00,34.4
2025-06-12 12:16:00,50.9
2025-06-12 13:14:00,75.1
2025-06-12 08:00:00,49.9464552238806
2025-06-12 02:24:00,25.0
2025-06-12 09:38:00,87.7
2025-06-12 07:22:00,30.6
2025-06-12 14:11:00,49.9464552238806
2025-06-12 01:31:00,54.7
2025-06-12 06:45:00,49.9464552238806
2025-06-12 17:12:00,14.9
2025-06-12 12:04:00,27.6
2025-06-12 16:35:00,14.2
2025-06-12 15:44:00,63.5
2025-06-12 15:18:00,57.6
2025-06-12 10:07:00,96.3
2025-06-12 23:10:00,49.9464552238806
2025-06-12 03:13:00,18.4
2025-06-12 06:20:00,63.9
2025-06-12 07:58:00,55.6
2025-06-12 12:21:00,28.5
2025-06-12 21:51:00,49.9464552238806
2025-06-12 07:04:00,20.2
2025-06-12 22:28:00,49.9464552238806
2025-06-12 06:13:00,66.3
2025-06-12 00:44:00,49.9464552238806
2025-06-12 17:43:00,5.6
2025-06-12 13:53:00,78.1
2025-06-12 19:14:00,92.1
2025-06-12 06:31:00,49.9464552238806
2025-06-12 15:15:00,10.7
2025-06-12 07:34:00,25.6
2025-06-12 17:23:00,60.6
2025-06-12 02:38:00,11.1
2025-06-12 07:50:00,9.0
2025-06-12 09:25:00,37.8
2025-06-12 00:35:00,63.2
2025-06-12 00:03:00,47.6
2025-06-12 13:38:00,11.2
2025-06-12 23:28:00,79.7
2025-06-12 09:06:00,38.3
2025-06-12 08:37:00,33.7
2025-06-12 01:56:00,25.9
2025-06-12 16:55:00,49.9464552238806
2025-06-12 04:12:00,82.7
2025-06-12 09:07:00,62.1
2025-06-12 10:48:00,8.9
2025-06-12 13:34:00,62.1
2025-06-12 16:52:00,29.3
2025-06-12 06:54:00,62.0
2025-06-12 05:37:00,45.3
2025-06-12 13:45:00,24.3
2025-06-12 16:55:00,49.9464552238806
2025-06-12 17:25:00,11.1
2025-06-12 07:55:00,38.3
2025-06-12 22:58:00,49.2
2025-06-12 08:53:00,7.0
2025-06-12 15:40:00,72.5
2025-06-12 16:01:00,81.5
2025-06-12 00:37:00,56.2
2025-06-12 04:58:00,53.1
2025-06-12 04:26:00,57.1
2025-06-12 10:53:00,23.4
2025-06-12 19:22:00,49.9464552238806
2025-06-12 10:55:00,23.8
2025-06-12 09:09:00,100.0
2025-06-12 09:35:00,73.0
2025-06-12 22:44:00,11.7
2025-06-12 10:52:00,24.2
2025-06-12 01:44:00,82.0
2025-06-12 23:07:00,68.4
2025-06-12 11:24:00,92.4
2025-06-12 19:37:00,49.9464552238806
2025-06-12 20:41:00,33.2
2025-06-12 22:34:00,26.5
2025-06-12 09:52:00,58.2
2025-06-12 10:02:00,10.6
2025-06-12 04:54:00,73.5
2025-06-12 10:01:00,73.3
2025-06-12 16:32:00,91.1
2025-06-12 23:45:00,19.0
2025-06-12 00:48:00,49.9464552238806
2025-06-12 15:10:00,1.9
2025-06-12 22:48:00,49.9464552238806
2025-06-12 11:32:00,49.9464552238806
2025-06-12 15:17:00,19.9
2025-06-12 16:40:00,80.6
2025-06-12 16:27:00,27.6
2025-06-12 04:54:00,49.9464552238806
2025-06-12 10:10:00,3.6
2025-06-12 19:59:00,17.4
2025-06-12 04:34:00,89.6
2025-06-12 08:49:00,40.8
2025-06-12 15:28:00,48.8
2025-06-12 15:07:00,36.8
2025-06-12 03:00:00,36.1
2025-06-12 02:23:00,20.0
2025-06-12 12:30:00,5.1
2025-06-12 22:00:00,64.4
2025-06-12 05:11:00,19.2
2025-06-12 12:46:00,84.6
2025-06-12 12:01:00,61.2
2025-06-12 23:39:00,38.5
2025-06-12 23:37:00,49.9464552238806
2025-06-12 18:46:00,49.9464552238806
2025-06-12 17:47:00,49.9464552238806
2025-06-12 01:39:00,30.4
2025-06-12 06:51:00,49.9464552238806
2025-06-12 06:09:00,12.6
2025-06-12 05:27:00,92.5
2025-06-12 16:38:00,95.6
2025-06-12 07:54:00,61.9
2025-06-12 10:27:00,2.2
2025-06-12 18:34:00,70.3
2025-06-12 13:17:00,6.6
2025-06-12 06:03:00,17.2
2025-06-12 07:41:00,64.2
2025-06-12 07:42:00,44.5
2025-06-12 00:08:00,85.2
2025-06-12 08:29:00,100.0
2025-06-12 10:07:00,49.9464552238806
2025-06-12 23:54:00,66.3
2025-06-12 19:14:00,49.9464552238806
2025-06-12 06:01:00,37.1
2025-06-12 09:54:00,51.6
2025-06-12 06:58:00,91.7
2025-06-12 00:18:00,49.9464552238806
2025-06-12 16:38:00,76.5
2025-06-12 17:22:00,93.6
2025-06-12 13:11:00,17.4
2025-06-12 09:30:00,49.9464552238806
2025-06-12 04:56:00,82.1
2025-06-12 14:20:00,46.2
2025-06-12 12:26:00,49.9464552238806
2025-06-12 07:02:00,37.3
2025-06-12 18:41:00,49.9464552238806
2025-06-12 16:15:00,49.9464552238806
2025-06-12 01:45:00,49.9464552238806
2025-06-12 17:58:00,17.0
2025-06-12 06:33:00,73.3
2025-06-12 13:57:00,33.0
2025-06-12 01:50:00,60.7
2025-06-12 03:30:00,65.7
2025-06-12 02:48:00,49.9464552238806
2025-06-12 03:25:00,22.4
2025-06-12 14:17:00,32.0
2025-06-12 03:25:00,85.6
2025-06-12 01:09:00,74.8
2025-06-12 05:21:00,64.9
2025-06-12 14:37:00,49.9464552238806
2025-06-12 18:54:00,49.9464552238806
2025-06-12 03:30:00,3.7
2025-06-12 18:51:00,74.4
2025-06-12 13:35:00,47.8
2025-06-12 06:29:00,26.3
2025-06-12 19:42:00,90.5
2025-06-12 07:11:00,44.0
2025-06-12 02:09:00,71.0
2025-06-12 06:20:00,56.9
2025-06-12 10:55:00,96.5
2025-06-12 07:22:00,6.2
2025-06-12 00:14:00,12.2
2025-06-12 02:46:00,55.1
2025-06-12 15:53:00,96.3
2025-06-12 17:49:00,8.2
2025-06-12 18:40:00,49.9464552238806
2025-06-12 21:00:00,12.5
2025-06-12 16:20:00,43.6
2025-06-12 13:27:00,27.1
2025-06-12 14:49:00,85.3
2025-06-12 01:07:00,46.2
2025-06-12 23:08:00,68.8
2025-06-12 20:18:00,74.9
2025-06-12 14:42:00,49.9464552238806
2025-06-12 06:33:00,38.2
2025-06-12 09:39:00,75.2
2025-06-12 19:49:00,49.9464552238806
2025-06-12 09:23:00,42.8
2025-06-12 15:10:00,49.9464552238806
2025-06-12 06:21:00,84.3
2025-06-12 08:35:00,46.7
2025-06-12 16:14:00,91.9
2025-06-12 00:14:00,60.6
2025-06-12 01:01:00,15.6
2025-06-12 16:57:00,49.9464552238806
2025-06-12 02:23:00,74.4
2025-06-12 13:22:00,41.6
2025-06-12 06:47:00,54.1
2025-06-12 20:20:00,18.6
2025-06-12 17:11:00,37.2
2025-06-12 01:24:00,1.8
2025-06-12 08:27:00,89.5
2025-06-12 14:52:00,49.9464552238806
2025-06-12 05:43:00,49.9464552238806
2025-06-12 23:51:00,99.6
2025-06-12 16:15:00,45.9
2025-06-12 12:35:00,49.9464552238806
2025-06-12 06:53:00,68.6
2025-06-12 01:53:00,89.2
2025-06-12 06:10:00,52.7
2025-06-12 15:54:00,84.9
2025-06-12 00:56:00,50.7
2025-06-12 11:39:00,23.1
2025-06-12 00:34:00,49.9464552238806
2025-06-12 01:06:00,40.7
2025-06-12 21:33:00,24.0
2025-06-12 22:50:00,36.7
2025-06-12 21:46:00,12.3
2025-06-12 06:45:00,71.5
2025-06-12 04:53:00,98.6
2025-06-12 22:44:00,49.9464552238806
2025-06-12 10:46:00,94.3
2025-06-12 13:18:00,83.2
2025-06-12 17:18:00,55.2
2025-06-12 23:17:00,76.3
2025-06-12 09:49:00,49.9464552238806
2025-06-12 03:21:00,92.8
2025-06-12 21:03:00,55.4
2025-06-12 19:17:00,76.7
2025-06-12 11:13:00,33.4
2025-06-12 07:37:00,96.3
2025-06-12 17:26:00,49.9464552238806
2025-06-12 23:02:00,12.0
2025-06-12 05:33:00,65.4
2025-06-12 12:36:00,74.8
2025-06-12 22:20:00,21.2
2025-06-12 03:38:00,43.3
2025-06-12 10:21:00,0.2
2025-06-12 22:46:00,49.9464552238806
2025-06-12 06:33:00,14.1
2025-06-12 16:44:00,37.8
2025-06-12 15:54:00,59.0
2025-06-12 14:16:00,50.9
2025-06-12 20:09:00,82.1
2025-06-12 13:35:00,34.1
2025-06-12 20:19:00,49.9464552238806
2025-06-12 14:48:00,68.2
2025-06-12 09:34:00,39.6
2025-06-12 05:15:00,34.9
2025-06-12 13:01:00,64.8
2025-06-12 22:21:00,51.3
2025-06-12 17:57:00,0.9
2025-06-12 09:52:00,67.2
2025-06-12 10:52:00,71.9
2025-06-12 16:51:00,54.8
2025-06-12 21:47:00,56.0
2025-06-12 06:19:00,49.9464552238806
2025-06-12 09:44:00,76.8
2025-06-12 19:11:00,16.4
2025-06-12 10:39:00,11.3
2025-06-12 05:24:00,45.5
2025-06-12 06:01:00,49.9464552238806
2025-06-12 13:43:00,22.2
2025-06-12 03:04:00,89.0
2025-06-12 22:41:00,4.4
2025-06-12 08:46:00,19.2
2025-06-12 05:20:00,2.6
2025-06-12 18:29:00,49.9464552238806
2025-06-12 12:38:00,19.7
2025-06-12 07:17:00,49.9464552238806
2025-06-12 15:12:00,2.1
2025-06-12 07:26:00,72.4
2025-06-12 09:31:00,11.9
2025-06-12 06:23:00,91.3
2025-06-12 15:16:00,70.5
2025-06-12 15:22:00,8.3
2025-06-12 08:41:00,18.1
2025-06-12 00:00:00,94.5
2025-06-12 02:37:00,49.1
2025-06-12 06:17:00,96.1
2025-06-12 03:24:00,13.1
2025-06-12 05:55:00,47.2
2025-06-12 17:29:00,94.8
2025-06-12 13:50:00,6.6
2025-06-12 07:23:00,68.3
2025-06-12 09:42:00,49.9464552238806
2025-06-12 14:26:00,17.7
2025-06-12 09:34:00,7.1
2025-06-12 18:56:00,49.9464552238806
2025-06-12 04:32:00,49.9464552238806
2025-06-12 12:38:00,68.0
2025-06-12 11:05:00,88.1
2025-06-12 19:30:00,2.0
2025-06-12 20:39:00,49.9464552238806
2025-06-12 17:03:00,36.3
2025-06-12 23:02:00,99.3
2025-06-12 15:09:00,34.5
2025-06-12 19:29:00,46.2
2025-06-12 19:14:00,45.2
2025-06-12 16:46:00,35.6
2025-06-12 02:21:00,49.9464552238806
2025-06-12 20:41:00,49.9464552238806
2025-06-12 09:06:00,77.6
2025-06-12 07:17:00,20.9
2025-06-12 22:32:00,49.9464552238806
2025-06-12 05:02:00,11.2
2025-06-12 06:32:00,45.8
2025-06-12 16:31:00,78.2
2025-06-12 14:41:00,45.6
2025-06-12 19:53:00,49.9464552238806
2025-06-12 17:47:00,48.2
2025-06-12 03:22:00,30.5
2025-06-12 06:40:00,19.3
2025-06-12 05:51:00,89.5
2025-06-12 18:25:00,49.9464552238806
2025-06-12 13:36:00,22.1
2025-06-12 01:47:00,67.1
2025-06-12 15:31:00,5.3
2025-06-12 10:44:00,25.7
2025-06-12 03:03:00,30.7
2025-06-12 07:09:00,52.7
2025-06-12 02:51:00,27.4
2025-06-12 17:40:00,8.3
2025-06-12 01:50:00,67.6
2025-06-12 03:43:00,39.3
2025-06-12 02:42:00,68.9
2025-06-12 15:47:00,99.1
2025-06-12 03:38:00,97.0
2025-06-12 21:38:00,57.6
2025-06-12 17:17:00,85.6
2025-06-12 18:44:00,55.3
2025-06-12 00:48:00,66.8
2025-06-12 15:41:00,49.9464552238806
2025-06-12 17:48:00,11.4
2025-06-12 21:46:00,94.7
2025-06-12 15:21:00,49.9464552238806
2025-06-12 17:04:00,78.2
2025-06-12 07:39:00,99.0
2025-06-12 17:17:00,15.6
2025-06-12 02:59:00,1.5
2025-06-12 15:30:00,49.9464552238806
2025-06-12 14:21:00,15.7
2025-06-12 23:11:00,57.4
2025-06-12 16:42:00,98.2
2025-06-12 22:05:00,49.742524640779
2025-06-12 21:26:00,96.1
2025-06-12 11:03:00,64.5
2025-06-12 16:48:00,66.8
2025-06-12 16:47:00,11.5
2025-06-12 03:35:00,49.742524640779
2025-06-12 23:37:00,12.5
2025-06-12 16:50:00,32.2
2025-06-12 11:27:00,21.7
2025-06-12 23:49:00,78.2
2025-06-12 02:53:00,40.1
2025-06-12 01:43:00,61.7
2025-06-12 07:47:00,70.7
2025-06-12 10:10:00,83.4
2025-06-12 03:26:00,10.0
2025-06-12 00:48:00,28.0
2025-06-12 02:12:00,24.4
2025-06-12 13:15:00,21.3
2025-06-12 09:07:00,49.742524640779
2025-06-12 01:09:00,49.742524640779
2025-06-12 13:28:00,68.2
2025-06-12 07:14:00,49.742524640779
2025-06-12 22:57:00,19.2
2025-06-12 14:32:00,70.4
2025-06-12 17:03:00,2.4
2025-06-12 13:44:00,26.9
2025-06-12 20:09:00,66.0
2025-06-12 09:27:00,42.6
2025-06-12 01:43:00,79.1
2025-06-12 00:09:00,13.3
2025-06-12 08:10:00,81.9
2025-06-12 18:05:00,58.2
2025-06-12 18:38:00,14.3
2025-06-12 06:47:00,30.9
2025-06-12 13:57:00,86.2
2025-06-12 06:34:00,99.0
2025-06-12 21:58:00,84.8
2025-06-12 20:06:00,46.5
2025-06-12 00:04:00,35.3
2025-06-12 21:06:00,50.9
2025-06-12 12:55:00,49.2
2025-06-12 10:32:00,42.8
2025-06-12 13:47:00,65.5
2025-06-12 07:29:00,32.3
2025-06-12 18:51:00,50.7
2025-06-12 19:35:00,4.6
2025-06-12 10:11:00,54.0
2025-06-12 07:35:00,49.742524640779
2025-06-12 12:05:00,30.9
2025-06-12 13:21:00,49.742524640779
2025-06-12 05:08:00,12.2
2025-06-12 08:12:00,43.9
2025-06-12 02:00:00,12.2
2025-06-12 17:46:00,49.742524640779
2025-06-12 15:04:00,53.9
2025-06-12 10:21:00,92.8
2025-06-12 21:45:00,56.9
2025-06-12 16:39:00,0.7
2025-06-12 08:42:00,11.1
2025-06-12 11:27:00,11.8
2025-06-12 00:44:00,22.5
2025-06-12 06:51:00,96.2
2025-06-12 16:43:00,33.3
2025-06-12 13:44:00,82.1
2025-06-12 21:57:00,28.9
2025-06-12 08:19:00,49.742524640779
2025-06-12 04:23:00,99.9
2025-06-12 15:17:00,49.742524640779
2025-06-12 02:31:00,1.1
2025-06-12 20:16:00,8.2
2025-06-12 22:15:00,49.742524640779
2025-06-12 22:32:00,46.2
2025-06-12 13:01:00,53.4
2025-06-12 19:59:00,38.9
2025-06-12 09:35:00,74.5
2025-06-12 13:27:00,85.1
2025-06-12 10:29:00,42.4
2025-06-12 23:06:00,46.7
2025-06-12 23:08:00,15.4
2025-06-12 04:51:00,46.6
2025-06-12 22:35:00,49.742524640779
2025-06-12 16:05:00,6.8
2025-06-12 21:01:00,24.4
2025-06-12 01:30:00,50.1
2025-06-12 18:19:00,9.6
2025-06-12 13:01:00,22.3
2025-06-12 03:41:00,67.7
2025-06-12 02:18:00,92.9
2025-06-12 05:32:00,24.0
2025-06-12 10:47:00,70.7
2025-06-12 13:57:00,23.3
2025-06-12 13:57:00,78.0
2025-06-12 10:41:00,28.0
2025-06-12 21:51:00,7.6
2025-06-12 09:09:00,31.9
2025-06-12 13:07:00,49.742524640779
2025-06-12 10:39:00,48.4
2025-06-12 10:53:00,39.0
2025-06-12 18:38:00,73.8
2025-06-12 00:37:00,17.8
2025-06-12 07:27:00,49.742524640779
2025-06-12 17:24:00,61.6
2025-06-12 17:06:00,35.1
2025-06-12 07:11:00,92.2
2025-06-12 19:59:00,1.6
2025-06-12 10:07:00,96.0
2025-06-12 19:44:00,78.4
2025-06-12 04:05:00,90.3
2025-06-12 13:17:00,88.6
2025-06-12 14:55:00,69.9
2025-06-12 17:57:00,17.7
2025-06-12 21:58:00,57.1
2025-06-12 13:47:00,59.3
2025-06-12 23:53:00,42.6
2025-06-12 17:13:00,60.2
2025-06-12 21:38:00,16.8
2025-06-12 09:09:00,31.9
2025-06-12 03:05:00,26.6
2025-06-12 09:46:00,25.0
2025-06-12 13:23:00,40.1
2025-06-12 19:04:00,67.9
2025-06-12 12:53:00,2.8
2025-06-12 17:59:00,71.1
2025-06-12 22:33:00,20.8
2025-06-12 21:03:00,45.7
2025-06-12 02:08:00,49.742524640779
2025-06-12 11:59:00,10.5
2025-06-12 03:22:00,82.6
2025-06-12 19:52:00,38.1
2025-06-12 22:09:00,48.4
2025-06-12 14:03:00,87.8
2025-06-12 21:12:00,88.6
2025-06-12 17:06:00,42.8
2025-06-12 04:23:00,27.0
2025-06-12 11:36:00,2.4
2025-06-12 20:48:00,49.742524640779
2025-06-12 10:00:00,69.4
2025-06-12 16:21:00,66.7
2025-06-12 07:18:00,25.8
2025-06-12 16:37:00,53.0
2025-06-12 09:40:00,32.3
2025-06-12 19:46:00,49.742524640779
2025-06-12 13:18:00,54.2
2025-06-12 06:06:00,39.6
2025-06-12 15:21:00,80.4
2025-06-12 22:54:00,12.7
2025-06-12 05:27:00,7.8
2025-06-12 01:43:00,93.4
2025-06-12 17:25:00,32.4
2025-06-12 03:24:00,46.1
2025-06-12 09:41:00,49.742524640779
2025-06-12 08:55:00,7.1
2025-06-12 15:33:00,5.5
2025-06-12 21:08:00,71.5
2025-06-12 06:07:00,6.4
2025-06-12 02:09:00,34.1
2025-06-12 12:11:00,55.6
2025-06-12 11:54:00,57.7
2025-06-12 17:35:00,48.0
2025-06-12 05:09:00,49.742524640779
2025-06-12 01:46:00,39.8
2025-06-12 18:22:00,95.2
2025-06-12 02:25:00,87.4
2025-06-12 01:30:00,49.742524640779
2025-06-12 03:47:00,68.1
2025-06-12 15:11:00,86.9
2025-06-12 08:39:00,50.8
2025-06-12 19:05:00,38.5
2025-06-12 14:48:00,85.0
2025-06-12 04:18:00,54.2
2025-06-12 04:35:00,20.0
2025-06-12 04:29:00,73.5
2025-06-12 11:42:00,19.0
2025-06-12 06:09:00,0.2
2025-06-12 07:37:00,27.2
2025-06-12 16:10:00,13.0
2025-06-12 09:27:00,57.6
2025-06-12 13:08:00,76.0
2025-06-12 19:20:00,79.2
2025-06-12 08:54:00,82.1
2025-06-12 09:42:00,71.3
2025-06-12 20:29:00,12.3
2025-06-12 18:03:00,85.0
2025-06-12 08:18:00,14.8
2025-06-12 20:22:00,49.5
2025-06-12 05:53:00,31.3
2025-06-12 05:33:00,87.3
2025-06-12 23:33:00,53.0
2025-06-12 07:14:00,82.9
2025-06-12 01:10:00,35.9
2025-06-12 14:21:00,78.9
2025-06-12 13:44:00,17.0
2025-06-12 04:23:00,69.9
2025-06-12 07:14:00,49.742524640779
2025-06-12 19:34:00,39.5
2025-06-12 03:44:00,21.3
2025-06-12 14:36:00,81.3
2025-06-12 12:35:00,57.0
2025-06-12 07:57:00,0.7
2025-06-12 13:46:00,49.742524640779
2025-06-12 13:39:00,52.1
2025-06-12 21:10:00,20.8
2025-06-12 10:23:00,61.7
2025-06-12 06:05:00,22.9
2025-06-12 18:01:00,49.742524640779
2025-06-12 13:04:00,29.1
2025-06-12 11:27:00,20.7
2025-06-12 01:52:00,91.7
2025-06-12 21:43:00,35.6
2025-06-12 07:06:00,46.1
2025-06-12 10:03:00,49.742524640779
2025-06-12 09:44:00,70.5
2025-06-12 06:13:00,98.3
2025-06-12 11:40:00,13.3
2025-06-12 03:21:00,4.1
2025-06-12 20:27:00,69.0
2025-06-12 23:38:00,70.6
2025-06-12 05:56:00,49.742524640779
2025-06-12 17:00:00,99.3
2025-06-12 23:36:00,93.1
2025-06-12 07:08:00,95.6
2025-06-12 22:23:00,49.742524640779
2025-06-12 23:47:00,49.742524640779
2025-06-12 09:38:00,31.0
2025-06-12 06:05:00,13.6
2025-06-12 19:19:00,49.742524640779
2025-06-12 03:53:00,45.5
2025-06-12 05:02:00,61.4
2025-06-12 10:07:00,92.5
2025-06-12 22:18:00,32.1
2025-06-12 11:51:00,36.0
2025-06-12 08:27:00,44.4
2025-06-12 22:21:00,89.5
2025-06-12 03:33:00,89.5
2025-06-12 11:49:00,1.7
2025-06-12 20:51:00,75.3
2025-06-12 05:28:00,3.1
2025-06-12 16:34:00,25.2
2025-06-12 02:46:00,52.8
2025-06-12 23:01:00,49.742524640779
2025-06-12 05:04:00,42.0
2025-06-12 01:34:00,62.3
2025-06-12 14:39:00,69.2
2025-06-12 04:54:00,36.3
2025-06-12 13:38:00,47.4
2025-06-12 01:02:00,49.742524640779
2025-06-12 18:46:00,23.4
2025-06-12 16:35:00,59.1
2025-06-12 21:52:00,40.1
2025-06-12 00:04:00,89.5
2025-06-12 22:37:00,49.742524640779
2025-06-12 19:36:00,1.1
2025-06-12 15:53:00,96.6
2025-06-12 08:46:00,56.4
2025-06-12 09:41:00,47.6
2025-06-12 07:47:00,12.4
2025-06-12 06:45:00,68.2
2025-06-12 00:41:00,53.9
2025-06-12 13:33:00,49.742524640779
2025-06-12 03:53:00,10.9
2025-06-12 04:42:00,49.742524640779
2025-06-12 03:58:00,3.3
2025-06-12 13:18:00,87.2
2025-06-12 19:40:00,1.0
2025-06-12 17:55:00,17.3
2025-06-12 23:25:00,49.742524640779
2025-06-12 08:11:00,57.3
2025-06-12 21:20:00,49.742524640779
2025-06-12 08:19:00,11.7
2025-06-12 17:22:00,92.3
2025-06-12 22:14:00,5.0
2025-06-12 18:00:00,71.6
2025-06-12 15:29:00,29.4
2025-06-12 22:46:00,62.5
2025-06-12 15:35:00,8.8
2025-06-12 06:32:00,56.0
2025-06-12 14:12:00,90.0
2025-06-12 02:44:00,52.8
2025-06-12 16:36:00,37.9
2025-06-12 03:37:00,6.6
2025-06-12 09:47:00,48.0
2025-06-12 12:06:00,85.5
2025-06-12 08:41:00,30.3
2025-06-12 06:09:00,28.0
2025-06-12 19:31:00,26.4
2025-06-12 18:12:00,49.742524640779
2025-06-12 05:43:00,49.742524640779
2025-06-12 11:27:00,20.2
2025-06-12 17:49:00,49.0
2025-06-12 13:50:00,49.742524640779
2025-06-12 16:06:00,46.9
2025-06-12 21:04:00,67.9
2025-06-12 13:16:00,20.0
2025-06-12 17:27:00,53.0
2025-06-12 00:12:00,98.2
2025-06-12 09:40:00,49.742524640779
2025-06-12 13:22:00,71.7
2025-06-12 20:49:00,38.7
2025-06-12 15:31:00,70.0
2025-06-12 08:46:00,49.742524640779
2025-06-12 01:26:00,22.7
2025-06-12 17:27:00,2.7
2025-06-12 03:53:00,63.5
2025-06-12 06:40:00,61.1
2025-06-12 07:43:00,83.8
2025-06-12 08:56:00,41.0
2025-06-12 12:57:00,65.4
2025-06-12 20:08:00,76.2
2025-06-12 07:23:00,49.742524640779
2025-06-12 08:23:00,72.4
2025-06-12 03:14:00,24.5
2025-06-12 11:54:00,11.4
2025-06-12 08:27:00,78.4
2025-06-12 16:21:00,49.742524640779
2025-06-12 04:43:00,49.742524640779
2025-06-12 16:13:00,62.1
2025-06-12 01:22:00,88.6
2025-06-12 01:59:00,49.742524640779
2025-06-12 23:13:00,15.6
2025-06-12 20:31:00,11.9
2025-06-12 15:23:00,10.4
2025-06-12 04:54:00,28.7
2025-06-12 02:58:00,7.6
2025-06-12 13:55:00,40.2
2025-06-12 11:34:00,49.742524640779
2025-06-12 05:57:00,68.9
2025-06-12 22:24:00,93.2
2025-06-12 02:39:00,60.7
2025-06-12 03:59:00,6.5
2025-06-12 12:12:00,74.4
2025-06-12 09:00:00,50.1
2025-06-12 19:00:00,49.742524640779
2025-06-12 18:17:00,7.2
2025-06-12 16:52:00,6.7
2025-06-12 10:29:00,60.2
2025-06-12 00:19:00,96.6
2025-06-12 17:52:00,64.7
2025-06-12 01:28:00,97.8
2025-06-12 17:42:00,0.0
2025-06-12 19:57:00,13.2
2025-06-12 18:48:00,95.7
2025-06-12 18:20:00,50.09606761356967
2025-06-12 09:31:00,5.9
2025-06-12 11:35:00,50.09606761356967
2025-06-12 06:50:00,44.9
2025-06-12 15:28:00,77.9
2025-06-12 03:12:00,50.09606761356967
2025-06-12 09:00:00,47.7
2025-06-12 05:31:00,42.1
2025-06-12 20:11:00,21.5
2025-06-12 03:21:00,75.7
2025-06-12 06:02:00,1.8
2025-06-12 11:11:00,70.0
2025-06-12 08:41:00,70.6
2025-06-12 23:17:00,45.2
2025-06-12 21:38:00,19.9
2025-06-12 13:09:00,50.09606761356967
2025-06-12 12:36:00,50.09606761356967
2025-06-12 16:09:00,84.1
2025-06-12 12:29:00,17.0
2025-06-12 13:32:00,53.3
2025-06-12 08:08:00,59.5
2025-06-12 10:24:00,32.5
2025-06-12 01:20:00,42.6
2025-06-12 02:43:00,57.6
2025-06-12 15:38:00,42.5
2025-06-12 15:36:00,59.7
2025-06-12 10:04:00,38.0
2025-06-12 17:38:00,35.5
2025-06-12 16:39:00,70.6
2025-06-12 08:55:00,69.7
2025-06-12 15:41:00,70.6
2025-06-12 02:59:00,50.09606761356967
2025-06-12 23:22:00,3.7
2025-06-12 16:02:00,66.5
2025-06-12 09:15:00,49.9
2025-06-12 07:35:00,94.8
2025-06-12 03:51:00,60.8
2025-06-12 07:47:00,9.7
2025-06-12 21:14:00,50.09606761356967
2025-06-12 07:06:00,33.6
2025-06-12 23:41:00,80.7
2025-06-12 15:10:00,11.6
2025-06-12 11:49:00,86.0
2025-06-12 11:50:00,10.3
2025-06-12 16:06:00,29.6
2025-06-12 04:24:00,50.09606761356967
2025-06-12 00:23:00,34.5
2025-06-12 21:44:00,70.6
2025-06-12 20:52:00,64.7
2025-06-12 09:18:00,56.0
2025-06-12 07:04:00,7.5
2025-06-12 08:43:00,32.6
2025-06-12 22:52:00,38.0
2025-06-12 23:31:00,13.6
2025-06-12 14:46:00,31.7
2025-06-12 02:18:00,34.2
2025-06-12 12:05:00,17.9
2025-06-12 10:45:00,48.6
2025-06-12 11:35:00,81.9
2025-06-12 00:31:00,50.09606761356967
2025-06-12 11:18:00,94.2
2025-06-12 21:42:00,38.4
2025-06-12 15:52:00,73.4
2025-06-12 18:18:00,74.9
2025-06-12 05:34:00,53.3
2025-06-12 00:16:00,34.7
2025-06-12 16:41:00,6.1
2025-06-12 06:48:00,83.0
2025-06-12 16:02:00,3.0
2025-06-12 03:51:00,99.7
2025-06-12 19:37:00,57.5
2025-06-12 01:34:00,29.2
2025-06-12 14:22:00,3.5
2025-06-12 08:49:00,21.9
2025-06-12 23:42:00,68.0
2025-06-12 17:17:00,18.7
2025-06-12 18:50:00,48.5
2025-06-12 05:23:00,94.3
2025-06-12 22:12:00,55.4
2025-06-12 20:16:00,50.09606761356967
2025-06-12 06:07:00,24.6
2025-06-12 13:00:00,29.0
2025-06-12 05:42:00,50.09606761356967
2025-06-12 09:49:00,99.0
2025-06-12 10:47:00,96.4
2025-06-12 05:18:00,47.6
2025-06-12 09:52:00,2.8
2025-06-12 03:15:00,91.5
2025-06-12 09:52:00,60.5
2025-06-12 21:53:00,17.2
2025-06-12 10:48:00,19.2
2025-06-12 07:02:00,50.09606761356967
2025-06-12 05:48:00,37.6
2025-06-12 03:33:00,79.9
2025-06-12 14:55:00,13.1
2025-06-12 19:27:00,92.8
2025-06-12 10:57:00,80.2
2025-06-12 02:06:00,72.1
2025-06-12 23:55:00,97.2
2025-06-12 09:31:00,54.4
2025-06-12 23:46:00,51.6
2025-06-12 17:59:00,50.09606761356967
2025-06-12 23:33:00,26.3
2025-06-12 00:46:00,50.09606761356967
2025-06-12 07:09:00,47.7
2025-06-12 07:06:00,79.0
2025-06-12 16:46:00,60.6
2025-06-12 03:12:00,89.4
2025-06-12 17:13:00,41.6
2025-06-12 20:43:00,19.0
2025-06-12 01:56:00,56.8
2025-06-12 21:04:00,26.1
2025-06-12 01:47:00,81.7
2025-06-12 18:18:00,45.0
2025-06-12 07:53:00,24.3
2025-06-12 00:18:00,69.4
2025-06-12 00:24:00,85.0
2025-06-12 04:11:00,53.4
2025-06-12 15:18:00,32.9
2025-06-12 17:23:00,6.8
2025-06-12 18:23:00,59.7
2025-06-12 17:34:00,88.7
2025-06-12 17:31:00,70.9
2025-06-12 12:08:00,46.3
2025-06-12 15:34:00,68.7
2025-06-12 09:06:00,50.09606761356967
2025-06-12 03:22:00,3.1
2025-06-12 10:42:00,50.09606761356967
2025-06-12 04:03:00,57.4
2025-06-12 00:11:00,37.8
2025-06-12 05:17:00,50.09606761356967
2025-06-12 22:49:00,43.7
2025-06-12 19:35:00,5.0
2025-06-12 21:41:00,9.2
2025-06-12 02:46:00,38.9
2025-06-12 01:51:00,61.8
2025-06-12 13:03:00,23.7
2025-06-12 00:04:00,50.09606761356967
2025-06-12 14:18:00,26.6
2025-06-12 19:33:00,47.3
2025-06-12 04:27:00,50.09606761356967
2025-06-12 13:31:00,5.6
2025-06-12 09:10:00,63.6
2025-06-12 15:15:00,69.5
2025-06-12 19:17:00,50.09606761356967
2025-06-12 02:39:00,31.8
2025-06-12 14:43:00,6.0
2025-06-12 12:48:00,50.09606761356967
2025-06-12 19:40:00,79.5
2025-06-12 20:34:00,21.3
2025-06-12 12:24:00,70.7
2025-06-12 18:59:00,50.09606761356967
2025-06-12 10:46:00,71.8
2025-06-12 16:05:00,33.1
2025-06-12 17:00:00,14.8
2025-06-12 13:44:00,51.3
2025-06-12 19:51:00,54.5
2025-06-12 02:02:00,17.0
2025-06-12 19:11:00,27.3
2025-06-12 09:32:00,91.0
2025-06-12 12:48:00,43.0
2025-06-12 01:19:00,77.8
2025-06-12 21:16:00,57.9
2025-06-12 19:14:00,63.6
2025-06-12 02:47:00,12.6
2025-06-12 00:33:00,24.5
2025-06-12 19:28:00,26.2
2025-06-12 06:49:00,50.09606761356967
2025-06-12 01:06:00,83.3
2025-06-12 10:30:00,44.9
2025-06-12 14:29:00,50.09606761356967
2025-06-12 22:50:00,69.2
2025-06-12 04:27:00,39.0
2025-06-12 11:39:00,8.8
2025-06-12 04:43:00,35.2
2025-06-12 17:53:00,77.9
2025-06-12 19:31:00,59.4
2025-06-12 12:24:00,97.7
2025-06-12 02:18:00,87.1
2025-06-12 12:20:00,85.8
2025-06-12 07:48:00,30.0
2025-06-12 18:33:00,50.09606761356967
2025-06-12 09:21:00,96.6
2025-06-12 11:34:00,57.2
2025-06-12 23:11:00,29.4
2025-06-12 08:26:00,2.0
2025-06-12 04:48:00,18.8
2025-06-12 14:24:00,12.8
2025-06-12 17:06:00,80.8
2025-06-12 20:09:00,34.7
2025-06-12 21:35:00,31.1
2025-06-12 13:49:00,83.3
2025-06-12 20:55:00,24.7
2025-06-12 22:39:00,63.4
2025-06-12 21:43:00,59.8
2025-06-12 08:34:00,13.1
2025-06-12 01:14:00,50.2
2025-06-12 06:30:00,82.9
2025-06-12 13:20:00,50.09606761356967
2025-06-12 21:55:00,17.4
2025-06-12 19:38:00,47.5
2025-06-12 15:15:00,69.8
2025-06-12 02:59:00,2.1
2025-06-12 03:23:00,50.09606761356967
2025-06-12 02:55:00,3.3
2025-06-12 10:31:00,84.8
2025-06-12 07:02:00,89.2
2025-06-12 19:31:00,68.8
2025-06-12 05:08:00,29.9
2025-06-12 14:41:00,3.5
2025-06-12 11:58:00,38.9
2025-06-12 06:34:00,56.1
2025-06-12 02:29:00,46.9
2025-06-12 09:53:00,37.5
2025-06-12 03:42:00,2.1
2025-06-12 02:58:00,59.4
2025-06-12 09:20:00,50.09606761356967
2025-06-12 10:58:00,50.09606761356967
2025-06-12 02:11:00,51.4
2025-06-12 05:52:00,29.3
2025-06-12 19:31:00,4.5
2025-06-12 18:53:00,75.1
2025-06-12 04:25:00,98.8
2025-06-12 06:38:00,92.6
2025-06-12 07:58:00,50.09606761356967
2025-06-12 08:43:00,41.5
2025-06-12 09:15:00,50.09606761356967
2025-06-12 12:04:00,38.3
2025-06-12 12:07:00,50.09606761356967
2025-06-12 00:09:00,15.9
2025-06-12 04:39:00,43.2
2025-06-12 04:36:00,25.4
2025-06-12 02:54:00,71.8
2025-06-12 00:48:00,69.5
2025-06-12 11:57:00,72.7
2025-06-12 22:23:00,76.9
2025-06-12 17:22:00,26.4
2025-06-12 05:19:00,15.3
2025-06-12 00:45:00,5.6
2025-06-12 05:35:00,45.3
2025-06-12 23:47:00,1.5
2025-06-12 00:38:00,51.9
2025-06-12 17:47:00,33.7
2025-06-12 18:49:00,1.7
2025-06-12 14:30:00,14.5
2025-06-12 18:03:00,83.9
2025-06-12 10:29:00,2.4
2025-06-12 16:55:00,25.6
2025-06-12 07:48:00,60.7
2025-06-12 16:49:00,50.09606761356967
2025-06-12 05:02:00,35.8
2025-06-12 22:08:00,50.09606761356967
2025-06-12 19:54:00,14.2
2025-06-12 05:28:00,75.9
2025-06-12 18:24:00,30.4
2025-06-12 20:06:00,24.3
2025-06-12 02:56:00,72.1
2025-06-12 19:34:00,62.5
2025-06-12 08:21:00,8.0
2025-06-12 19:02:00,40.9
2025-06-12 23:43:00,79.9
2025-06-12 00:09:00,95.2
2025-06-12 07:47:00,50.09606761356967
2025-06-12 06:21:00,50.09606761356967
2025-06-12 08:26:00,16.7
2025-06-12 12:10:00,70.4
2025-06-12 10:42:00,26.4
2025-06-12 02:43:00,56.8
2025-06-12 23:15:00,25.3
2025-06-12 19:49:00,82.1
2025-06-12 03:55:00,3.4
2025-06-12 07:51:00,4.1
2025-06-12 00:41:00,50.09606761356967
2025-06-12 22:31:00,10.5
2025-06-12 19:33:00,12.1
2025-06-12 14:07:00,50.09606761356967
2025-06-12 06:45:00,98.5
2025-06-12 23:02:00,85.3
2025-06-12 10:17:00,60.4
2025-06-12 00:34:00,51.4
2025-06-12 10:46:00,60.3
2025-06-12 18:36:00,83.9
2025-06-12 02:36:00,38.8
2025-06-12 06:43:00,70.5
2025-06-12 21:09:00,97.4
2025-06-12 19:47:00,16.7
2025-06-12 06:31:00,2.2
2025-06-12 17:16:00,62.9
2025-06-12 15:34:00,43.9
2025-06-12 21:56:00,60.2
2025-06-12 01:07:00,50.09606761356967
2025-06-12 09:16:00,57.8
2025-06-12 17:21:00,50.09606761356967
2025-06-12 20:42:00,80.2
2025-06-12 13:18:00,93.2
2025-06-12 07:39:00,50.09606761356967
2025-06-12 17:12:00,50.09606761356967
2025-06-12 05:33:00,78.6
2025-06-12 12:42:00,10.8
2025-06-12 14:06:00,50.09606761356967
2025-06-12 18:31:00,74.4
2025-06-12 10:04:00,50.09606761356967
2025-06-12 10:29:00,32.1
2025-06-12 15:08:00,25.5
2025-06-12 11:52:00,98.7
2025-06-12 18:11:00,50.09606761356967
2025-06-12 02:51:00,89.6
2025-06-12 15:17:00,92.7
2025-06-12 23:22:00,50.09606761356967
2025-06-12 12:17:00,4.0
2025-06-12 16:53:00,50.09606761356967
2025-06-12 17:19:00,33.0
2025-06-12 16:48:00,78.2
2025-06-12 16:30:00,37.3
2025-06-12 01:01:00,92.6
2025-06-12 06:18:00,35.7
2025-06-12 18:48:00,33.3
2025-06-12 11:48:00,32.1
2025-06-12 22:32:00,17.7
2025-06-12 20:05:00,39.6
2025-06-12 00:04:00,94.1
2025-06-12 16:26:00,6.3
2025-06-12 17:40:00,22.0
2025-06-12 09:42:00,10.1
2025-06-12 20:55:00,30.5
2025-06-12 08:05:00,50.09606761356967
2025-06-12 15:04:00,11.1
2025-06-12 15:27:00,74.9
2025-06-12 07:48:00,46.6
2025-06-12 08:39:00,49.952608030142464
2025-06-12 03:18:00,52.6
2025-06-12 01:15:00,83.6
2025-06-12 08:07:00,7.2
2025-06-12 09:25:00,22.0
2025-06-12 15:34:00,11.1
2025-06-12 13:16:00,91.6
2025-06-12 11:07:00,69.7
2025-06-12 19:58:00,24.3
2025-06-12 15:07:00,24.5
2025-06-12 15:29:00,60.7
2025-06-12 06:33:00,49.952608030142464
2025-06-12 15:50:00,49.952608030142464
2025-06-12 02:47:00,20.4
2025-06-12 12:32:00,98.3
2025-06-12 22:53:00,86.9
2025-06-12 09:15:00,42.9
2025-06-12 06:42:00,60.5
2025-06-12 02:01:00,76.6
2025-06-12 00:44:00,56.1
2025-06-12 09:11:00,20.9
2025-06-12 20:20:00,17.4
2025-06-12 13:21:00,49.952608030142464
2025-06-12 02:23:00,47.8
2025-06-12 07:25:00,49.952608030142464
2025-06-12 19:05:00,11.9
2025-06-12 16:25:00,66.8
2025-06-12 17:12:00,9.3
2025-06-12 03:11:00,42.1
2025-06-12 23:05:00,49.952608030142464
2025-06-12 13:04:00,65.9
2025-06-12 14:41:00,35.0
2025-06-12 15:06:00,95.5
2025-06-12 00:03:00,72.7
2025-06-12 20:02:00,60.8
2025-06-12 20:04:00,54.7
2025-06-12 14:22:00,49.952608030142464
2025-06-12 05:44:00,10.0
2025-06-12 09:46:00,27.4
2025-06-12 09:52:00,67.6
2025-06-12 05:58:00,86.9
2025-06-12 18:42:00,49.952608030142464
2025-06-12 12:39:00,19.2
2025-06-12 12:20:00,51.9
2025-06-12 03:23:00,39.9
2025-06-12 22:03:00,99.1
2025-06-12 05:14:00,49.952608030142464
2025-06-12 20:46:00,16.7
2025-06-12 07:31:00,49.952608030142464
2025-06-12 18:20:00,22.7
2025-06-12 05:17:00,52.2
2025-06-12 12:22:00,49.952608030142464
2025-06-12 11:21:00,49.952608030142464
2025-06-12 18:13:00,62.9
2025-06-12 17:50:00,14.5
2025-06-12 12:49:00,60.3
2025-06-12 17:12:00,42.5
2025-06-12 19:32:00,61.5
2025-06-12 05:43:00,56.2
2025-06-12 23:28:00,92.7
2025-06-12 23:44:00,75.2
2025-06-12 19:33:00,49.952608030142464
2025-06-12 10:19:00,8.8
2025-06-12 10:56:00,59.8
2025-06-12 07:20:00,94.6
2025-06-12 04:46:00,66.2
2025-06-12 01:22:00,87.2
2025-06-12 09:30:00,5.8
2025-06-12 10:38:00,47.1
2025-06-12 06:31:00,15.1
2025-06-12 19:44:00,22.7
2025-06-12 07:02:00,15.9
2025-06-12 22:19:00,34.8
2025-06-12 08:05:00,69.0
2025-06-12 03:42:00,36.5
2025-06-12 12:45:00,51.3
2025-06-12 07:23:00,91.4
2025-06-12 18:20:00,40.3
2025-06-12 22:37:00,33.9
2025-06-12 11:31:00,30.0
2025-06-12 06:59:00,10.1
2025-06-12 16:33:00,27.3
2025-06-12 01:40:00,12.7
2025-06-12 18:34:00,81.8
2025-06-12 04:36:00,60.3
2025-06-12 19:00:00,46.0
2025-06-12 13:57:00,59.3
2025-06-12 02:26:00,30.0
2025-06-12 08:56:00,85.3
2025-06-12 10:57:00,65.9
2025-06-12 03:53:00,62.2
2025-06-12 18:55:00,49.952608030142464
2025-06-12 00:04:00,55.3
2025-06-12 16:46:00,24.7
2025-06-12 07:01:00,79.3
2025-06-12 18:15:00,62.2
2025-06-12 08:24:00,17.5
2025-06-12 00:38:00,29.3
2025-06-12 14:01:00,63.3
2025-06-12 10:40:00,26.6
2025-06-12 05:41:00,81.6
2025-06-12 08:13:00,55.9
2025-06-12 06:57:00,95.9
2025-06-12 02:07:00,16.9
2025-06-12 21:24:00,78.1
2025-06-12 13:37:00,32.5
2025-06-12 19:36:00,9.6
2025-06-12 22:20:00,13.8
2025-06-12 09:25:00,49.952608030142464
2025-06-12 15:24:00,49.952608030142464
2025-06-12 09:10:00,87.9
2025-06-12 04:27:00,39.5
2025-06-12 18:36:00,94.1
2025-06-12 14:21:00,62.8
2025-06-12 05:53:00,92.5
2025-06-12 22:47:00,8.5
2025-06-12 14:12:00,77.3
2025-06-12 10:41:00,49.952608030142464
2025-06-12 21:13:00,48.5
2025-06-12 22:46:00,55.5
2025-06-12 20:02:00,96.0
2025-06-12 19:31:00,76.2
2025-06-12 15:21:00,22.1
2025-06-12 04:26:00,86.0
2025-06-12 09:20:00,54.5
2025-06-12 23:13:00,19.3
2025-06-12 20:47:00,30.5
2025-06-12 09:43:00,24.2
2025-06-12 19:04:00,19.2
2025-06-12 02:36:00,67.2
2025-06-12 08:00:00,85.1
2025-06-12 01:13:00,83.0
2025-06-12 08:51:00,47.0
2025-06-12 10:29:00,26.0
2025-06-12 14:46:00,49.952608030142464
2025-06-12 04:03:00,76.6
2025-06-12 14:21:00,68.3
2025-06-12 17:00:00,49.952608030142464
2025-06-12 22:27:00,54.7
2025-06-12 02:47:00,68.6
2025-06-12 03:57:00,31.0
2025-06-12 15:15:00,23.2
2025-06-12 11:34:00,54.5
2025-06-12 02:03:00,20.2
2025-06-12 00:24:00,86.2
2025-06-12 07:00:00,13.0
2025-06-12 08:42:00,49.952608030142464
2025-06-12 02:16:00,9.6
2025-06-12 05:39:00,13.8
2025-06-12 22:42:00,41.6
2025-06-12 18:22:00,88.3
2025-06-12 14:25:00,55.2
2025-06-12 01:18:00,10.6
2025-06-12 10:40:00,95.8
2025-06-12 04:57:00,92.2
2025-06-12 08:25:00,24.7
2025-06-12 22:59:00,84.6
2025-06-12 05:47:00,7.3
2025-06-12 03:43:00,71.9
2025-06-12 01:02:00,32.1
2025-06-12 23:29:00,32.8
2025-06-12 19:55:00,79.2
2025-06-12 06:18:00,36.4
2025-06-12 17:27:00,96.9
2025-06-12 18:49:00,23.5
2025-06-12 01:36:00,66.1
2025-06-12 15:00:00,15.7
2025-06-12 22:14:00,65.3
2025-06-12 17:54:00,51.9
2025-06-12 18:03:00,68.3
2025-06-12 13:54:00,84.6
2025-06-12 17:35:00,57.9
2025-06-12 17:56:00,15.1
2025-06-12 11:21:00,12.6
2025-06-12 09:19:00,89.9
2025-06-12 18:08:00,0.9
2025-06-12 18:23:00,3.6
2025-06-12 06:03:00,27.9
2025-06-12 04:50:00,92.1
2025-06-12 19:46:00,1.5
2025-06-12 01:31:00,9.7
2025-06-12 14:17:00,49.952608030142464
2025-06-12 22:40:00,38.0
2025-06-12 04:59:00,69.6
2025-06-12 10:33:00,50.7
2025-06-12 02:45:00,79.3
2025-06-12 04:09:00,93.0
2025-06-12 18:28:00,85.0
2025-06-12 04:30:00,91.7
2025-06-12 20:56:00,82.8
2025-06-12 04:40:00,59.7
2025-06-12 10:41:00,54.6
2025-06-12 22:45:00,49.952608030142464
2025-06-12 18:46:00,35.0
2025-06-12 18:37:00,58.3
2025-06-12 15:36:00,49.952608030142464
2025-06-12 21:54:00,27.3
2025-06-12 04:46:00,16.5
2025-06-12 15:14:00,95.1
2025-06-12 09:57:00,83.7
2025-06-12 03:00:00,49.952608030142464
2025-06-12 00:29:00,49.952608030142464
2025-06-12 04:51:00,17.1
2025-06-12 11:44:00,69.0
2025-06-12 11:18:00,58.4
2025-06-12 03:25:00,42.2
2025-06-12 07:41:00,94.8
2025-06-12 22:28:00,66.8
2025-06-12 02:11:00,49.952608030142464
2025-06-12 21:05:00,0.6
2025-06-12 20:36:00,88.9
2025-06-12 17:39:00,87.2
2025-06-12 23:29:00,30.7
2025-06-12 18:36:00,49.952608030142464
2025-06-12 02:54:00,70.2
2025-06-12 16:29:00,49.952608030142464
2025-06-12 03:25:00,20.1
2025-06-12 00:58:00,49.952608030142464
2025-06-12 02:08:00,85.1
2025-06-12 19:03:00,48.6
2025-06-12 11:58:00,49.952608030142464
2025-06-12 02:24:00,77.3
2025-06-12 08:00:00,49.7
2025-06-12 18:59:00,34.5
2025-06-12 15:15:00,29.8
2025-06-12 15:03:00,88.3
2025-06-12 22:57:00,76.2
2025-06-12 00:05:00,49.952608030142464
2025-06-12 15:44:00,35.7
2025-06-12 19:55:00,64.1
2025-06-12 11:20:00,25.2
2025-06-12 18:53:00,27.9
2025-06-12 19:47:00,34.1
2025-06-12 12:51:00,27.8
2025-06-12 02:04:00,49.952608030142464
2025-06-12 08:52:00,99.3
2025-06-12 15:06:00,45.4
2025-06-12 18:27:00,5.0
2025-06-12 22:16:00,49.952608030142464
2025-06-12 20:52:00,49.952608030142464
2025-06-12 01:09:00,87.0
2025-06-12 16:54:00,50.8
2025-06-12 18:39:00,21.5
2025-06-12 02:16:00,48.0
2025-06-12 22:33:00,42.4
2025-06-12 04:14:00,27.9
2025-06-12 00:29:00,71.3
2025-06-12 17:01:00,49.952608030142464
2025-06-12 10:05:00,38.2
2025-06-12 19:43:00,49.952608030142464
2025-06-12 02:12:00,4.7
2025-06-12 02:41:00,49.952608030142464
2025-06-12 21:38:00,49.952608030142464
2025-06-12 11:47:00,49.952608030142464
2025-06-12 21:57:00,22.1
2025-06-12 21:09:00,15.5
2025-06-12 08:17:00,6.9
2025-06-12 13:51:00,34.8
2025-06-12 10:32:00,84.7
2025-06-12 05:47:00,50.1
2025-06-12 16:53:00,95.5
2025-06-12 12:51:00,49.952608030142464
2025-06-12 02:37:00,79.5
2025-06-12 01:30:00,70.2
2025-06-12 15:02:00,0.7
2025-06-12 07:28:00,5.4
2025-06-12 20:35:00,9.6
2025-06-12 10:56:00,36.7
2025-06-12 02:47:00,49.952608030142464
2025-06-12 05:26:00,10.3
2025-06-12 05:31:00,12.0
2025-06-12 21:54:00,57.6
2025-06-12 16:07:00,77.6
2025-06-12 04:14:00,83.7
2025-06-12 04:48:00,10.5
2025-06-12 09:05:00,76.1
2025-06-12 16:24:00,49.952608030142464
2025-06-12 20:47:00,11.7
2025-06-12 18:56:00,27.2
2025-06-12 10:39:00,85.9
2025-06-12 15:35:00,24.9
2025-06-12 21:25:00,85.1
2025-06-12 17:56:00,87.1
2025-06-12 00:16:00,5.9
2025-06-12 12:30:00,45.7
2025-06-12 20:19:00,88.0
2025-06-12 12:13:00,49.952608030142464
2025-06-12 17:51:00,84.3
2025-06-12 18:07:00,21.5
2025-06-12 08:07:00,84.2
2025-06-12 18:48:00,14.2
2025-06-12 20:33:00,3.7
2025-06-12 06:56:00,79.6
2025-06-12 08:22:00,18.7
2025-06-12 02:48:00,20.6
2025-06-12 01:13:00,63.1
2025-06-12 03:32:00,28.4
2025-06-12 16:25:00,17.2
2025-06-12 21:18:00,49.952608030142464
2025-06-12 08:14:00,12.2
2025-06-12 03:07:00,47.7
2025-06-12 14:08:00,77.6
2025-06-12 03:52:00,28.1
2025-06-12 03:10:00,61.4
2025-06-12 00:07:00,82.0
2025-06-12 15:39:00,32.9
2025-06-12 09:37:00,97.9
2025-06-12 18:13:00,29.2
2025-06-12 06:41:00,50.21640523646657
2025-06-12 21:30:00,27.3
2025-06-12 16:21:00,50.21640523646657
2025-06-12 17:38:00,50.21640523646657
2025-06-12 17:00:00,40.3
2025-06-12 02:53:00,93.0
2025-06-12 14:21:00,82.4
2025-06-12 05:45:00,29.4
2025-06-12 18:41:00,59.0
2025-06-12 02:41:00,8.2
2025-06-12 19:55:00,64.1
2025-06-12 00:51:00,93.0
2025-06-12 06:36:00,90.5
2025-06-12 21:20:00,26.0
2025-06-12 15:23:00,76.1
2025-06-12 16:55:00,78.8
2025-06-12 21:42:00,69.5
2025-06-12 15:24:00,18.9
2025-06-12 00:19:00,38.3
2025-06-12 15:47:00,7.8
2025-06-12 13:26:00,55.6
2025-06-12 22:17:00,66.5
2025-06-12 04:26:00,18.8
2025-06-12 00:22:00,91.0
2025-06-12 18:10:00,93.6
2025-06-12 22:14:00,50.21640523646657
2025-06-12 15:50:00,50.21640523646657
2025-06-12 21:34:00,92.1
2025-06-12 21:37:00,97.7
2025-06-12 01:38:00,1.4
2025-06-12 01:51:00,36.8
2025-06-12 18:21:00,16.4
2025-06-12 04:32:00,50.21640523646657
2025-06-12 21:55:00,82.9
2025-06-12 04:27:00,76.5
2025-06-12 00:58:00,34.2
2025-06-12 20:08:00,94.4
2025-06-12 20:11:00,50.21640523646657
2025-06-12 10:52:00,80.4
2025-06-12 09:55:00,50.21640523646657
2025-06-12 03:00:00,97.9
2025-06-12 15:23:00,54.1
2025-06-12 13:29:00,86.4
2025-06-12 00:38:00,76.4
2025-06-12 10:04:00,50.21640523646657
2025-06-12 23:37:00,99.2
2025-06-12 18:39:00,68.1
2025-06-12 20:52:00,4.6
2025-06-12 02:12:00,36.9
2025-06-12 14:03:00,50.21640523646657
2025-06-12 11:03:00,77.8
2025-06-12 08:17:00,11.2
2025-06-12 19:42:00,91.1
2025-06-12 14:37:00,9.6
2025-06-12 13:35:00,50.21640523646657
2025-06-12 06:20:00,26.5
2025-06-12 04:27:00,44.2
2025-06-12 23:09:00,44.6
2025-06-12 05:23:00,34.4
2025-06-12 21:42:00,50.21640523646657
2025-06-12 03:08:00,36.1
2025-06-12 11:11:00,50.21640523646657
2025-06-12 23:30:00,40.3
2025-06-12 07:41:00,19.0
2025-06-12 15:38:00,52.7
2025-06-12 00:31:00,66.7
2025-06-12 14:33:00,83.1
2025-06-12 03:07:00,16.8
2025-06-12 12:40:00,41.1
2025-06-12 12:20:00,50.21640523646657
2025-06-12 22:13:00,17.1
2025-06-12 21:20:00,82.0
2025-06-12 08:07:00,55.2
2025-06-12 14:25:00,9.4
2025-06-12 03:19:00,50.21640523646657
2025-06-12 01:02:00,50.21640523646657
2025-06-12 01:10:00,26.8
2025-06-12 11:36:00,50.21640523646657
2025-06-12 23:16:00,70.2
2025-06-12 23:32:00,60.0
2025-06-12 00:03:00,64.0
2025-06-12 00:27:00,31.5
2025-06-12 06:08:00,75.9
2025-06-12 22:53:00,71.5
2025-06-12 09:42:00,92.7
2025-06-12 10:29:00,35.2
2025-06-12 00:27:00,50.21640523646657
2025-06-12 08:24:00,40.8
2025-06-12 22:18:00,46.6
2025-06-12 05:12:00,81.1
2025-06-12 03:14:00,75.1
2025-06-12 23:17:00,50.21640523646657
2025-06-12 21:41:00,50.21640523646657
2025-06-12 11:58:00,50.21640523646657
2025-06-12 19:00:00,54.8
2025-06-12 11:12:00,30.2
2025-06-12 13:36:00,18.8
2025-06-12 18:12:00,13.4
2025-06-12 03:39:00,50.21640523646657
2025-06-12 12:21:00,51.6
2025-06-12 06:59:00,11.9
2025-06-12 06:21:00,30.9
2025-06-12 03:18:00,97.4
2025-06-12 17:18:00,81.8
2025-06-12 19:16:00,70.3
2025-06-12 21:24:00,98.3
2025-06-12 22:51:00,24.6
2025-06-12 10:55:00,30.8
2025-06-12 19:03:00,57.0
2025-06-12 02:03:00,40.0
2025-06-12 17:38:00,42.4
2025-06-12 16:41:00,30.6
2025-06-12 01:20:00,21.5
2025-06-12 18:21:00,50.21640523646657
2025-06-12 05:14:00,90.3
2025-06-12 13:12:00,23.5
2025-06-12 19:39:00,72.9
2025-06-12 06:28:00,50.21640523646657
2025-06-12 15:54:00,44.3
2025-06-12 16:17:00,60.4
2025-06-12 00:22:00,50.2
2025-06-12 19:23:00,0.1
2025-06-12 19:25:00,28.9
2025-06-12 16:43:00,50.21640523646657
2025-06-12 11:49:00,36.1
2025-06-12 09:50:00,50.21640523646657
2025-06-12 00:33:00,68.0
2025-06-12 05:09:00,50.21640523646657
2025-06-12 16:48:00,36.0
2025-06-12 00:38:00,10.3
2025-06-12 18:52:00,97.5
2025-06-12 08:28:00,76.1
2025-06-12 08:09:00,14.6
2025-06-12 11:13:00,10.1
2025-06-12 13:51:00,11.9
2025-06-12 16:53:00,91.6
2025-06-12 01:59:00,56.1
2025-06-12 03:09:00,67.4
2025-06-12 07:36:00,50.21640523646657
2025-06-12 15:39:00,3.6
2025-06-12 14:12:00,47.6
2025-06-12 11:33:00,12.8
2025-06-12 07:01:00,50.21640523646657
2025-06-12 17:01:00,84.1
2025-06-12 00:05:00,50.21640523646657
2025-06-12 20:21:00,81.4
2025-06-12 08:46:00,94.7
2025-06-12 10:36:00,50.21640523646657
2025-06-12 04:52:00,50.21640523646657
2025-06-12 14:48:00,71.5
2025-06-12 19:55:00,83.7
2025-06-12 02:17:00,89.6
2025-06-12 16:37:00,51.8
2025-06-12 12:54:00,63.7
2025-06-12 12:04:00,50.21640523646657
2025-06-12 06:46:00,82.2
2025-06-12 21:24:00,70.1
2025-06-12 13:33:00,59.0
2025-06-12 21:48:00,33.4
2025-06-12 16:27:00,76.2
2025-06-12 03:41:00,27.6
2025-06-12 05:09:00,50.21640523646657
2025-06-12 17:09:00,88.9
2025-06-12 21:18:00,37.4
2025-06-12 16:22:00,61.0
2025-06-12 06:56:00,40.9
2025-06-12 00:30:00,2.6
2025-06-12 14:36:00,82.3
2025-06-12 23:36:00,79.7
2025-06-12 21:16:00,26.5
2025-06-12 08:58:00,50.21640523646657
2025-06-12 22:41:00,58.8
2025-06-12 07:07:00,60.3
2025-06-12 19:11:00,65.2
2025-06-12 06:13:00,50.21640523646657
2025-06-12 03:13:00,24.0
2025-06-12 16:26:00,67.6
2025-06-12 03:18:00,84.2
2025-06-12 17:46:00,9.4
2025-06-12 04:17:00,22.8
2025-06-12 01:21:00,45.0
2025-06-12 11:07:00,2.1
2025-06-12 01:45:00,42.1
2025-06-12 07:48:00,7.3
2025-06-12 01:32:00,50.21640523646657
2025-06-12 20:31:00,17.7
2025-06-12 05:32:00,13.6
2025-06-12 22:53:00,80.1
2025-06-12 15:44:00,50.6
2025-06-12 23:27:00,62.6
2025-06-12 09:03:00,97.6
2025-06-12 21:44:00,75.4
2025-06-12 05:44:00,83.1
2025-06-12 22:51:00,73.5
2025-06-12 02:02:00,96.9
2025-06-12 01:20:00,66.4
2025-06-12 08:24:00,61.7
2025-06-12 22:26:00,6.0
2025-06-12 17:58:00,5.8
2025-06-12 03:55:00,24.5
2025-06-12 10:47:00,50.21640523646657
2025-06-12 17:45:00,50.21640523646657
2025-06-12 19:50:00,50.21640523646657
2025-06-12 04:11:00,87.0
2025-06-12 19:35:00,64.1
2025-06-12 09:14:00,38.3
2025-06-12 06:57:00,46.0
2025-06-12 12:24:00,3.6
2025-06-12 18:10:00,92.6
2025-06-12 05:58:00,24.2
2025-06-12 02:00:00,34.7
2025-06-12 21:52:00,48.9
2025-06-12 15:22:00,72.1
2025-06-12 19:45:00,16.0
2025-06-12 16:22:00,2.1
2025-06-12 07:57:00,64.3
2025-06-12 06:41:00,67.4
2025-06-12 08:05:00,78.1
2025-06-12 09:01:00,50.21640523646657
2025-06-12 12:46:00,54.4
2025-06-12 15:30:00,11.4
2025-06-12 12:40:00,50.21640523646657
2025-06-12 18:08:00,85.2
2025-06-12 01:37:00,46.6
2025-06-12 22:53:00,50.21640523646657
2025-06-12 18:21:00,14.1
2025-06-12 03:35:00,60.1
2025-06-12 09:02:00,18.6
2025-06-12 01:35:00,70.8
2025-06-12 02:52:00,5.4
2025-06-12 23:19:00,31.5
2025-06-12 20:59:00,58.1
2025-06-12 19:36:00,42.8
2025-06-12 01:07:00,46.9
2025-06-12 17:24:00,3.7
2025-06-12 10:31:00,9.8
2025-06-12 05:02:00,98.3
2025-06-12 21:49:00,12.0
2025-06-12 15:29:00,81.3
2025-06-12 09:02:00,67.2
2025-06-12 16:17:00,36.6
2025-06-12 03:24:00,97.6
2025-06-12 07:16:00,22.4
2025-06-12 14:34:00,31.6
2025-06-12 19:01:00,50.21640523646657
2025-06-12 21:21:00,76.2
2025-06-12 06:46:00,36.6
2025-06-12 15:10:00,4.5
2025-06-12 15:59:00,63.9
2025-06-12 13:19:00,41.1
2025-06-12 13:41:00,40.1
2025-06-12 07:09:00,50.21640523646657
2025-06-12 03:56:00,90.4
2025-06-12 02:45:00,99.2
2025-06-12 07:46:00,50.21640523646657
2025-06-12 08:29:00,50.21640523646657
2025-06-12 23:08:00,78.6
2025-06-12 16:09:00,85.4
2025-06-12 11:16:00,32.4
2025-06-12 04:48:00,50.21640523646657
2025-06-12 23:32:00,34.1
2025-06-12 09:48:00,28.0
2025-06-12 03:21:00,55.7
2025-06-12 04:25:00,50.21640523646657
2025-06-12 07:03:00,93.4
2025-06-12 21:22:00,86.8
2025-06-12 09:13:00,96.3
2025-06-12 16:56:00,30.3
2025-06-12 21:59:00,19.1
2025-06-12 22:09:00,50.21640523646657
2025-06-12 22:23:00,77.9
2025-06-12 12:06:00,50.21640523646657
2025-06-12 07:28:00,25.0
2025-06-12 13:52:00,80.2
2025-06-12 00:52:00,32.2
2025-06-12 22:42:00,54.1
2025-06-12 17:20:00,3.4
2025-06-12 17:56:00,51.7
2025-06-12 08:12:00,50.21640523646657
2025-06-12 21:15:00,91.0
2025-06-12 09:52:00,19.6
2025-06-12 23:41:00,50.9
2025-06-12 05:10:00,87.8
2025-06-12 00:44:00,50.21640523646657
2025-06-12 19:50:00,51.2
2025-06-12 12:48:00,60.1
2025-06-12 11:56:00,34.5
2025-06-12 12:01:00,70.1
2025-06-12 20:51:00,54.3
2025-06-12 08:59:00,61.1
2025-06-12 20:46:00,71.7
2025-06-12 14:13:00,46.5
2025-06-12 14:25:00,61.0
2025-06-12 17:22:00,92.7
2025-06-12 09:33:00,81.4
2025-06-12 17:53:00,76.0
2025-06-12 17:39:00,92.6
2025-06-12 20:24:00,40.5
2025-06-12 19:59:00,79.2
2025-06-12 23:42:00,45.0
2025-06-12 18:16:00,17.0
2025-06-12 01:52:00,42.6
2025-06-12 10:23:00,42.7
2025-06-12 06:23:00,21.0
2025-06-12 06:12:00,56.1
2025-06-12 19:51:00,50.21640523646657
2025-06-12 22:44:00,50.21640523646657
2025-06-12 04:33:00,46.2
2025-06-12 18:47:00,91.5
2025-06-12 23:52:00,34.9
2025-06-12 00:35:00,90.2
2025-06-12 16:24:00,28.1
2025-06-12 02:56:00,22.1
2025-06-12 01:47:00,13.3
2025-06-12 16:37:00,90.4
2025-06-12 13:33:00,50.21640523646657
2025-06-12 01:26:00,92.2
2025-06-12 10:01:00,66.6
2025-06-12 18:56:00,4.9
2025-06-12 18:38:00,62.5
2025-06-12 09:55:00,63.3
2025-06-12 01:20:00,2.0
2025-06-12 10:11:00,39.0
2025-06-12 13:39:00,50.21640523646657
2025-06-12 00:40:00,14.7
2025-06-12 15:27:00,56.6
2025-06-12 09:48:00,10.6
2025-06-12 22:00:00,66.8
2025-06-12 09:36:00,92.5
2025-06-12 02:40:00,22.3
2025-06-12 00:35:00,50.21640523646657
2025-06-12 06:49:00,61.0
2025-06-12 11:17:00,59.7
2025-06-12 23:18:00,32.0
2025-06-12 18:42:00,3.4
2025-06-12 09:45:00,63.7
2025-06-12 21:31:00,8.0
2025-06-12 02:22:00,90.9
2025-06-12 15:16:00,49.70408187272085
2025-06-12 21:16:00,98.2
2025-06-12 14:06:00,93.2
2025-06-12 08:28:00,77.3
2025-06-12 04:54:00,31.3
2025-06-12 02:49:00,19.7
2025-06-12 02:08:00,49.70408187272085
2025-06-12 00:32:00,22.6
2025-06-12 04:47:00,80.3
2025-06-12 13:18:00,44.9
2025-06-12 15:06:00,79.1
2025-06-12 04:15:00,66.0
2025-06-12 23:13:00,72.8
2025-06-12 05:30:00,94.4
2025-06-12 13:56:00,80.3
2025-06-12 17:18:00,57.9
2025-06-12 10:58:00,56.4
2025-06-12 21:31:00,23.9
2025-06-12 06:52:00,49.70408187272085
2025-06-12 16:32:00,49.9
2025-06-12 22:23:00,97.5
2025-06-12 19:41:00,55.6
2025-06-12 21:41:00,49.70408187272085
2025-06-12 10:55:00,3.9
2025-06-12 14:40:00,46.0
2025-06-12 18:35:00,8.8
2025-06-12 14:10:00,77.6
2025-06-12 20:28:00,58.3
2025-06-12 11:02:00,72.7
2025-06-12 03:31:00,64.3
2025-06-12 07:37:00,49.70408187272085
2025-06-12 23:02:00,10.4
2025-06-12 08:04:00,75.1
2025-06-12 10:51:00,70.3
2025-06-12 21:18:00,9.5
2025-06-12 15:48:00,60.5
2025-06-12 10:26:00,49.70408187272085
2025-06-12 19:24:00,97.1
2025-06-12 20:58:00,49.70408187272085
2025-06-12 21:56:00,43.9
2025-06-12 20:21:00,32.1
2025-06-12 03:42:00,31.1
2025-06-12 15:10:00,29.0
2025-06-12 21:22:00,32.2
2025-06-12 03:06:00,49.70408187272085
2025-06-12 04:00:00,4.4
2025-06-12 08:37:00,20.5
2025-06-12 12:57:00,51.7
2025-06-12 19:53:00,24.5
2025-06-12 03:50:00,56.0
2025-06-12 04:56:00,9.8
2025-06-12 20:28:00,15.0
2025-06-12 05:53:00,76.7
2025-06-12 19:29:00,49.3
2025-06-12 16:24:00,82.9
2025-06-12 09:39:00,92.2
2025-06-12 10:41:00,49.70408187272085
2025-06-12 07:37:00,58.2
2025-06-12 05:19:00,46.1
2025-06-12 19:59:00,78.5
2025-06-12 14:12:00,49.70408187272085
2025-06-12 14:16:00,78.4
2025-06-12 02:40:00,49.70408187272085
2025-06-12 00:46:00,56.2
2025-06-12 22:31:00,96.1
2025-06-12 05:08:00,19.7
2025-06-12 04:01:00,14.7
2025-06-12 15:30:00,36.8
2025-06-12 02:38:00,55.1
2025-06-12 20:17:00,96.1
2025-06-12 02:59:00,86.0
2025-06-12 09:46:00,94.7
2025-06-12 14:22:00,46.8
2025-06-12 01:07:00,50.0
2025-06-12 00:37:00,49.70408187272085
2025-06-12 12:53:00,10.3
2025-06-12 23:46:00,47.9
2025-06-12 13:05:00,0.6
2025-06-12 18:19:00,35.1
2025-06-12 04:57:00,22.2
2025-06-12 04:31:00,42.4
2025-06-12 20:25:00,73.7
2025-06-12 23:05:00,89.1
2025-06-12 07:12:00,71.3
2025-06-12 03:20:00,43.0
2025-06-12 22:31:00,44.3
2025-06-12 18:00:00,91.4
2025-06-12 22:17:00,58.8
2025-06-12 14:43:00,49.70408187272085
2025-06-12 23:40:00,26.7
2025-06-12 05:54:00,8.3
2025-06-12 03:24:00,64.3
2025-06-12 17:29:00,49.70408187272085
2025-06-12 12:54:00,64.8
2025-06-12 13:22:00,49.70408187272085
2025-06-12 21:49:00,64.6
2025-06-12 06:05:00,65.6
2025-06-12 03:29:00,49.70408187272085
2025-06-12 23:21:00,49.70408187272085
2025-06-12 05:05:00,81.4
2025-06-12 23:25:00,27.7
2025-06-12 13:52:00,35.1
2025-06-12 06:40:00,61.2
2025-06-12 21:51:00,56.7
2025-06-12 17:22:00,47.0
2025-06-12 13:36:00,31.3
2025-06-12 21:29:00,28.8
2025-06-12 20:36:00,48.0
2025-06-12 12:16:00,3.0
2025-06-12 21:08:00,78.2
2025-06-12 12:50:00,81.0
2025-06-12 14:27:00,97.6
2025-06-12 04:40:00,77.5
2025-06-12 13:33:00,54.3
2025-06-12 20:07:00,17.5
2025-06-12 03:31:00,82.0
2025-06-12 18:42:00,46.0
2025-06-12 16:37:00,72.9
2025-06-12 18:32:00,88.4
2025-06-12 20:13:00,49.70408187272085
2025-06-12 00:56:00,0.5
2025-06-12 07:39:00,35.1
2025-06-12 03:16:00,56.8
2025-06-12 12:10:00,90.3
2025-06-12 22:56:00,49.70408187272085
2025-06-12 03:47:00,49.70408187272085
2025-06-12 20:01:00,23.8
2025-06-12 19:13:00,87.9
2025-06-12 06:41:00,49.70408187272085
2025-06-12 03:26:00,67.9
2025-06-12 22:48:00,50.6
2025-06-12 15:32:00,61.3
2025-06-12 21:16:00,65.8
2025-06-12 08:15:00,74.5
2025-06-12 21:54:00,19.6
2025-06-12 04:14:00,91.0
2025-06-12 21:58:00,49.70408187272085
2025-06-12 23:35:00,49.70408187272085
2025-06-12 20:16:00,12.5
2025-06-12 03:59:00,19.3
2025-06-12 08:26:00,49.70408187272085
2025-06-12 03:12:00,47.3
2025-06-12 14:11:00,61.5
2025-06-12 13:04:00,5.3
2025-06-12 22:33:00,50.6
2025-06-12 01:05:00,82.6
2025-06-12 09:04:00,66.8
2025-06-12 12:52:00,49.70408187272085
2025-06-12 18:16:00,47.9
2025-06-12 03:44:00,63.8
2025-06-12 13:35:00,34.9
2025-06-12 15:23:00,86.2
2025-06-12 15:27:00,41.1
2025-06-12 02:03:00,0.8
2025-06-12 07:09:00,56.8
2025-06-12 10:09:00,31.1
2025-06-12 10:18:00,50.3
2025-06-12 06:21:00,96.0
2025-06-12 15:06:00,79.8
2025-06-12 19:23:00,43.7
2025-06-12 12:57:00,97.7
2025-06-12 06:40:00,49.70408187272085
2025-06-12 15:29:00,49.70408187272085
2025-06-12 00:45:00,49.70408187272085
2025-06-12 04:48:00,24.9
2025-06-12 07:44:00,9.7
2025-06-12 05:52:00,31.8
2025-06-12 23:14:00,2.6
2025-06-12 04:24:00,49.70408187272085
2025-06-12 05:18:00,54.7
2025-06-12 05:07:00,76.4
2025-06-12 03:37:00,49.6
2025-06-12 13:47:00,63.6
2025-06-12 18:36:00,67.8
2025-06-12 06:29:00,56.0
2025-06-12 04:06:00,91.1
2025-06-12 03:49:00,61.9
2025-06-12 17:36:00,18.7
2025-06-12 00:59:00,77.3
2025-06-12 11:20:00,58.7
2025-06-12 07:11:00,29.1
2025-06-12 06:04:00,56.9
2025-06-12 22:18:00,13.5
2025-06-12 22:26:00,24.6
2025-06-12 01:58:00,49.70408187272085
2025-06-12 03:51:00,34.0
2025-06-12 22:44:00,2.6
2025-06-12 23:52:00,20.7
2025-06-12 05:09:00,1.9
2025-06-12 12:44:00,82.4
2025-06-12 01:53:00,10.7
2025-06-12 04:23:00,49.70408187272085
2025-06-12 05:33:00,61.2
2025-06-12 13:14:00,3.2
2025-06-12 22:50:00,49.70408187272085
2025-06-12 06:23:00,90.1
2025-06-12 07:21:00,4.5
2025-06-12 11:15:00,49.70408187272085
2025-06-12 20:48:00,19.9
2025-06-12 19:43:00,49.70408187272085
2025-06-12 07:50:00,25.2
2025-06-12 17:39:00,27.3
2025-06-12 10:51:00,97.9
2025-06-12 06:22:00,16.6
2025-06-12 17:21:00,39.7
2025-06-12 06:31:00,34.8
2025-06-12 08:57:00,87.2
2025-06-12 20:20:00,49.70408187272085
2025-06-12 07:09:00,54.9
2025-06-12 14:58:00,37.2
2025-06-12 16:14:00,34.2
2025-06-12 09:07:00,6.8
2025-06-12 06:59:00,88.6
2025-06-12 01:45:00,49.70408187272085
2025-06-12 17:25:00,33.1
2025-06-12 06:12:00,49.70408187272085
2025-06-12 12:40:00,70.5
2025-06-12 03:24:00,40.3
2025-06-12 17:17:00,85.6
2025-06-12 18:51:00,13.3
2025-06-12 08:29:00,49.70408187272085
2025-06-12 08:16:00,26.0
2025-06-12 18:38:00,8.8
2025-06-12 12:34:00,42.8
2025-06-12 11:57:00,73.4
2025-06-12 10:21:00,60.0
2025-06-12 01:20:00,28.4
2025-06-12 00:03:00,89.4
2025-06-12 03:35:00,76.9
2025-06-12 18:15:00,58.6
2025-06-12 20:59:00,59.1
2025-06-12 17:52:00,22.7
2025-06-12 18:47:00,7.3
2025-06-12 02:54:00,33.2
2025-06-12 13:22:00,34.8
2025-06-12 17:04:00,28.8
2025-06-12 17:43:00,49.70408187272085
2025-06-12 23:36:00,64.3
2025-06-12 05:14:00,14.8
2025-06-12 00:12:00,35.8
2025-06-12 00:14:00,49.70408187272085
2025-06-12 01:50:00,18.1
2025-06-12 03:25:00,19.0
2025-06-12 15:55:00,6.2
2025-06-12 11:51:00,10.1
2025-06-12 13:17:00,47.4
2025-06-12 04:35:00,53.5
2025-06-12 19:24:00,27.7
2025-06-12 01:48:00,83.2
2025-06-12 11:44:00,16.9
2025-06-12 03:37:00,15.9
2025-06-12 22:38:00,2.4
2025-06-12 21:16:00,35.1
2025-06-12 12:00:00,27.3
2025-06-12 06:03:00,75.6
2025-06-12 19:15:00,49.70408187272085
2025-06-12 01:10:00,49.70408187272085
2025-06-12 16:01:00,13.1
2025-06-12 10:06:00,22.5
2025-06-12 23:13:00,6.7
2025-06-12 13:29:00,40.6
2025-06-12 04:28:00,3.8
2025-06-12 17:45:00,51.3
2025-06-12 14:57:00,26.1
2025-06-12 21:26:00,7.9
2025-06-12 07:41:00,49.70408187272085
2025-06-12 16:38:00,79.6
2025-06-12 03:23:00,49.70408187272085
2025-06-12 15:30:00,37.3
2025-06-12 15:34:00,4.9
2025-06-12 02:13:00,73.2
2025-06-12 20:25:00,12.2
2025-06-12 18:25:00,0.2
2025-06-12 18:58:00,15.7
2025-06-12 07:09:00,86.5
2025-06-12 09:55:00,85.3
2025-06-12 00:30:00,33.3
2025-06-12 04:43:00,55.9
2025-06-12 16:26:00,68.9
2025-06-12 12:36:00,87.1
2025-06-12 16:55:00,92.2
2025-06-12 22:08:00,92.3
2025-06-12 08:08:00,15.3
2025-06-12 06:01:00,94.4
2025-06-12 12:36:00,23.9
2025-06-12 08:19:00,55.7
2025-06-12 18:43:00,69.1
2025-06-12 08:56:00,84.0
2025-06-12 08:48:00,91.0
2025-06-12 08:56:00,78.3
2025-06-12 04:37:00,1.6
2025-06-12 04:30:00,55.7
2025-06-12 12:54:00,83.6
2025-06-12 01:17:00,49.70408187272085
2025-06-12 06:57:00,88.9
2025-06-12 16:36:00,8.8
2025-06-12 00:40:00,56.4
2025-06-12 16:35:00,13.9
2025-06-12 22:21:00,23.8
2025-06-12 22:35:00,14.9
2025-06-12 04:51:00,39.6
2025-06-12 14:04:00,49.3
2025-06-12 16:16:00,49.70408187272085
2025-06-12 04:24:00,34.9
2025-06-12 16:54:00,59.6
2025-06-12 17:31:00,4.2
2025-06-12 02:50:00,9.9
2025-06-12 13:39:00,49.70408187272085
2025-06-12 14:14:00,4.8
2025-06-12 08:32:00,59.4
2025-06-12 13:56:00,49.70408187272085
2025-06-12 03:14:00,58.1
2025-06-12 08:57:00,95.6
2025-06-12 17:35:00,50.4
2025-06-12 22:42:00,15.6
2025-06-12 18:37:00,6.2
2025-06-12 20:34:00,59.0
2025-06-12 22:40:00,38.4
2025-06-12 14:18:00,58.7
2025-06-12 08:41:00,85.8
2025-06-12 00:35:00,85.6
2025-06-12 09:40:00,15.3
2025-06-12 23:08:00,14.1
2025-06-12 07:05:00,32.2
2025-06-12 15:41:00,98.8
2025-06-12 22:03:00,62.3
2025-06-12 02:46:00,50.1110094970102
2025-06-12 16:43:00,50.1110094970102
2025-06-12 13:37:00,64.2
2025-06-12 19:28:00,50.1110094970102
2025-06-12 15:35:00,77.9
2025-06-12 08:56:00,83.3
2025-06-12 02:19:00,67.8
2025-06-12 01:07:00,17.3
2025-06-12 13:45:00,73.5
2025-06-12 09:56:00,85.6
2025-06-12 19:25:00,82.4
2025-06-12 04:16:00,24.0
2025-06-12 09:21:00,68.8
2025-06-12 19:13:00,9.4
2025-06-12 06:48:00,47.8
2025-06-12 09:04:00,50.1110094970102
2025-06-12 23:47:00,99.5
2025-06-12 09:07:00,52.3
2025-06-12 17:24:00,94.4
2025-06-12 14:16:00,81.0
2025-06-12 23:47:00,17.9
2025-06-12 02:12:00,19.3
2025-06-12 19:54:00,3.5
2025-06-12 21:21:00,32.3
2025-06-12 07:37:00,50.1110094970102
2025-06-12 16:17:00,16.4
2025-06-12 11:11:00,68.0
2025-06-12 13:36:00,58.4
2025-06-12 22:42:00,92.1
2025-06-12 02:16:00,1.6
2025-06-12 09:53:00,80.8
2025-06-12 09:29:00,27.4
2025-06-12 21:54:00,99.2
2025-06-12 08:02:00,93.1
2025-06-12 01:53:00,94.2
2025-06-12 04:57:00,50.1110094970102
2025-06-12 14:47:00,50.1110094970102
2025-06-12 03:47:00,25.6
2025-06-12 10:31:00,87.9
2025-06-12 08:23:00,50.1110094970102
2025-06-12 21:32:00,47.1
2025-06-12 06:53:00,35.8
2025-06-12 08:58:00,40.1
2025-06-12 03:44:00,50.1110094970102
2025-06-12 23:22:00,41.0
2025-06-12 00:38:00,21.1
2025-06-12 20:53:00,99.1
2025-06-12 05:31:00,50.1110094970102
2025-06-12 04:04:00,34.8
2025-06-12 12:30:00,61.3
2025-06-12 08:53:00,35.0
2025-06-12 12:54:00,78.8
2025-06-12 12:06:00,18.2
2025-06-12 10:09:00,94.1
2025-06-12 16:31:00,12.2
2025-06-12 18:42:00,50.1110094970102
2025-06-12 01:47:00,50.1110094970102
2025-06-12 03:49:00,58.0
2025-06-12 19:31:00,59.0
2025-06-12 15:03:00,52.4
2025-06-12 20:19:00,86.4
2025-06-12 18:16:00,15.5
2025-06-12 12:29:00,4.5
2025-06-12 13:06:00,35.3
2025-06-12 23:02:00,50.1110094970102
2025-06-12 19:48:00,81.9
2025-06-12 14:39:00,92.1
2025-06-12 00:37:00,41.0
2025-06-12 00:40:00,41.6
2025-06-12 16:30:00,33.7
2025-06-12 06:06:00,50.1110094970102
2025-06-12 16:07:00,37.1
2025-06-12 19:54:00,97.9
2025-06-12 15:55:00,21.8
2025-06-12 01:40:00,60.2
2025-06-12 18:41:00,74.0
2025-06-12 14:30:00,30.1
2025-06-12 12:43:00,50.1110094970102
2025-06-12 09:57:00,24.0
2025-06-12 11:00:00,26.0
2025-06-12 11:12:00,50.1110094970102
2025-06-12 02:37:00,78.5
2025-06-12 08:51:00,23.8
2025-06-12 14:35:00,93.8
2025-06-12 12:24:00,75.4
2025-06-12 06:34:00,62.4
2025-06-12 14:09:00,79.6
2025-06-12 10:31:00,27.0
2025-06-12 23:13:00,50.1110094970102
2025-06-12 12:49:00,61.8
2025-06-12 07:05:00,81.2
2025-06-12 13:04:00,85.7
2025-06-12 23:59:00,31.5
2025-06-12 00:11:00,95.6
2025-06-12 12:24:00,70.7
2025-06-12 01:39:00,17.6
2025-06-12 01:10:00,14.7
2025-06-12 10:59:00,50.1110094970102
2025-06-12 09:08:00,74.0
2025-06-12 10:00:00,10.8
2025-06-12 10:14:00,17.9
2025-06-12 04:32:00,27.9
2025-06-12 09:02:00,81.6
2025-06-12 14:32:00,69.2
2025-06-12 08:59:00,60.8
2025-06-12 11:51:00,52.7
2025-06-12 09:41:00,76.2
2025-06-12 00:03:00,21.9
2025-06-12 05:02:00,11.0
2025-06-12 19:12:00,93.4
2025-06-12 14:04:00,50.1110094970102
2025-06-12 15:59:00,21.8
2025-06-12 09:24:00,84.0
2025-06-12 11:33:00,84.7
2025-06-12 03:46:00,62.5
2025-06-12 11:42:00,99.8
2025-06-12 00:13:00,13.4
2025-06-12 17:47:00,14.9
2025-06-12 11:52:00,29.7
2025-06-12 12:57:00,78.3
2025-06-12 15:18:00,94.4
2025-06-12 23:26:00,6.2
2025-06-12 07:08:00,90.3
2025-06-12 14:10:00,93.0
2025-06-12 13:55:00,31.4
2025-06-12 16:43:00,26.2
2025-06-12 17:46:00,15.6
2025-06-12 11:39:00,50.1110094970102
2025-06-12 02:20:00,3.3
2025-06-12 02:31:00,81.9
2025-06-12 21:11:00,36.5
2025-06-12 07:43:00,69.8
2025-06-12 12:05:00,44.1
2025-06-12 15:21:00,15.8
2025-06-12 23:09:00,7.3
2025-06-12 12:19:00,77.2
2025-06-12 21:56:00,59.1
2025-06-12 09:41:00,24.7
2025-06-12 08:23:00,2.2
2025-06-12 14:06:00,88.3
2025-06-12 02:39:00,0.4
2025-06-12 08:07:00,77.3
2025-06-12 23:13:00,50.1110094970102
2025-06-12 01:31:00,50.1110094970102
2025-06-12 00:56:00,35.7
2025-06-12 09:17:00,50.1110094970102
2025-06-12 08:20:00,70.5
2025-06-12 18:28:00,40.9
2025-06-12 11:48:00,21.3
2025-06-12 23:37:00,35.1
2025-06-12 10:09:00,4.8
2025-06-12 18:41:00,46.0
2025-06-12 20:36:00,1.8
2025-06-12 14:52:00,50.1110094970102
2025-06-12 14:39:00,16.3
2025-06-12 20:46:00,61.0
2025-06-12 08:51:00,81.0
2025-06-12 09:03:00,68.8
2025-06-12 12:01:00,54.3
2025-06-12 01:43:00,38.1
2025-06-12 06:30:00,58.9
2025-06-12 03:46:00,35.4
2025-06-12 00:29:00,50.1110094970102
2025-06-12 09:28:00,83.0
2025-06-12 07:42:00,50.1110094970102
2025-06-12 23:11:00,41.1
2025-06-12 23:39:00,77.4
2025-06-12 12:58:00,76.5
2025-06-12 01:28:00,63.3
2025-06-12 23:29:00,50.1110094970102
2025-06-12 23:15:00,74.0
2025-06-12 11:53:00,31.4
2025-06-12 02:01:00,10.2
2025-06-12 04:13:00,69.4
2025-06-12 01:27:00,73.9
2025-06-12 03:29:00,50.4
2025-06-12 21:04:00,25.0
2025-06-12 22:20:00,14.8
2025-06-12 08:41:00,66.5
2025-06-12 05:51:00,94.7
2025-06-12 05:28:00,40.7
2025-06-12 12:03:00,47.4
2025-06-12 12:08:00,21.9
2025-06-12 18:18:00,93.8
2025-06-12 21:54:00,21.9
2025-06-12 21:46:00,74.8
2025-06-12 13:54:00,22.4
2025-06-12 15:56:00,25.8
2025-06-12 00:29:00,54.1
2025-06-12 06:43:00,50.1110094970102
2025-06-12 10:19:00,40.9
2025-06-12 21:26:00,38.4
2025-06-12 00:11:00,5.3
2025-06-12 15:49:00,50.1110094970102
2025-06-12 03:42:00,70.7
2025-06-12 11:13:00,21.1
2025-06-12 16:45:00,39.4
2025-06-12 14:38:00,70.1
2025-06-12 15:34:00,62.8
2025-06-12 10:21:00,49.3
2025-06-12 07:24:00,48.1
2025-06-12 23:40:00,62.2
2025-06-12 08:18:00,67.8
2025-06-12 08:43:00,4.5
2025-06-12 03:05:00,45.3
2025-06-12 00:44:00,7.6
2025-06-12 03:37:00,42.2
2025-06-12 22:26:00,97.4
2025-06-12 10:18:00,66.8
2025-06-12 22:13:00,27.9
2025-06-12 23:28:00,28.0
2025-06-12 04:56:00,19.1
2025-06-12 16:21:00,14.5
2025-06-12 23:36:00,50.1110094970102
2025-06-12 16:06:00,40.5
2025-06-12 06:48:00,74.7
2025-06-12 08:19:00,24.5
2025-06-12 02:21:00,0.4
2025-06-12 10:10:00,94.4
2025-06-12 23:53:00,29.2
2025-06-12 18:20:00,61.5
2025-06-12 12:48:00,79.4
2025-06-12 15:12:00,50.1110094970102
2025-06-12 21:42:00,15.8
2025-06-12 03:32:00,97.4
2025-06-12 00:23:00,72.6
2025-06-12 13:12:00,4.7
2025-06-12 23:59:00,45.7
2025-06-12 06:12:00,11.5
2025-06-12 03:31:00,86.8
2025-06-12 11:15:00,94.7
2025-06-12 09:23:00,81.0
2025-06-12 10:38:00,69.1
2025-06-12 11:46:00,50.1110094970102
2025-06-12 05:51:00,92.4
2025-06-12 12:43:00,2.9
2025-06-12 10:13:00,73.9
2025-06-12 05:50:00,17.4
2025-06-12 14:57:00,50.1110094970102
2025-06-12 14:36:00,16.7
2025-06-12 17:58:00,46.3
2025-06-12 09:11:00,50.1110094970102
2025-06-12 12:20:00,17.7
2025-06-12 09:22:00,26.2
2025-06-12 14:50:00,42.8
2025-06-12 10:19:00,68.9
2025-06-12 04:54:00,38.5
2025-06-12 14:58:00,37.0
2025-06-12 16:47:00,69.4
2025-06-12 17:02:00,50.1110094970102
2025-06-12 20:00:00,47.9
2025-06-12 13:38:00,50.1110094970102
2025-06-12 14:28:00,71.0
2025-06-12 02:47:00,40.6
2025-06-12 16:34:00,6.7
2025-06-12 19:07:00,50.1110094970102
2025-06-12 23:03:00,12.0
2025-06-12 08:08:00,18.6
2025-06-12 11:59:00,86.4
2025-06-12 16:20:00,81.3
2025-06-12 17:34:00,50.1110094970102
2025-06-12 10:08:00,48.0
2025-06-12 00:21:00,97.4
2025-06-12 06:25:00,13.2
2025-06-12 19:24:00,71.0
2025-06-12 13:44:00,28.2
2025-06-12 04:48:00,64.7
2025-06-12 11:39:00,90.5
2025-06-12 22:47:00,49.0
2025-06-12 16:32:00,50.1110094970102
2025-06-12 02:18:00,32.5
2025-06-12 16:22:00,40.8
2025-06-12 02:18:00,28.2
2025-06-12 18:47:00,19.2
2025-06-12 12:25:00,50.1110094970102
2025-06-12 03:56:00,2.5
2025-06-12 06:39:00,50.1110094970102
2025-06-12 21:12:00,89.1
2025-06-12 23:08:00,80.3
2025-06-12 14:59:00,46.9
2025-06-12 04:12:00,50.1110094970102
2025-06-12 09:37:00,51.2
2025-06-12 20:49:00,40.7
2025-06-12 05:10:00,47.5
2025-06-12 21:51:00,50.1110094970102
2025-06-12 22:58:00,20.8
2025-06-12 23:00:00,50.0
2025-06-12 01:41:00,51.8
2025-06-12 17:26:00,99.8
2025-06-12 15:17:00,1.1
2025-06-12 23:22:00,50.1110094970102
2025-06-12 09:39:00,41.8
2025-06-12 10:50:00,36.2
2025-06-12 16:44:00,87.4
2025-06-12 18:01:00,82.9
2025-06-12 05:33:00,34.5
2025-06-12 02:53:00,99.5
2025-06-12 17:40:00,7.6
2025-06-12 16:58:00,61.5
2025-06-12 06:40:00,50.1110094970102
2025-06-12 05:59:00,12.2
2025-06-12 00:53:00,88.9
2025-06-12 02:33:00,64.0
2025-06-12 01:19:00,0.9
2025-06-12 20:21:00,97.0
2025-06-12 15:40:00,55.7
2025-06-12 11:50:00,50.1110094970102
2025-06-12 02:59:00,86.5
2025-06-12 17:58:00,84.8
2025-06-12 05:10:00,1.0
2025-06-12 11:58:00,65.1
2025-06-12 12:41:00,50.1110094970102
2025-06-12 20:51:00,19.6
2025-06-12 11:33:00,20.1
2025-06-12 01:49:00,36.8
2025-06-12 16:10:00,7.8
2025-06-12 20:55:00,37.4
2025-06-12 01:52:00,4.5
2025-06-12 18:41:00,7.4
2025-06-12 18:31:00,50.1110094970102
2025-06-12 15:45:00,50.1110094970102
2025-06-12 01:37:00,50.1110094970102
2025-06-12 19:54:00,82.7
2025-06-12 19:41:00,10.2
2025-06-12 06:07:00,47.1
2025-06-12 01:02:00,69.4
2025-06-12 09:17:00,50.1110094970102
2025-06-12 01:46:00,16.4
2025-06-12 00:27:00,18.4
2025-06-12 04:11:00,9.7
2025-06-12 18:01:00,61.1
2025-06-12 05:18:00,31.3
2025-06-12 02:31:00,64.7
2025-06-12 05:26:00,94.9
2025-06-12 22:34:00,50.1110094970102
2025-06-12 07:19:00,50.1110094970102
2025-06-12 17:23:00,20.6
2025-06-12 17:10:00,11.9
2025-06-12 15:40:00,63.2
2025-06-12 13:55:00,50.1110094970102
2025-06-12 17:10:00,37.4
2025-06-12 08:43:00,6.5
2025-06-12 16:45:00,4.8
2025-06-12 04:00:00,9.4
2025-06-12 16:44:00,12.5
2025-06-12 00:56:00,32.0
2025-06-12 12:35:00,64.1
2025-06-12 20:15:00,87.9
2025-06-12 16:48:00,38.2
2025-06-12 20:16:00,27.5
2025-06-12 21:46:00,50.26990393626991
2025-06-12 16:14:00,28.0
2025-06-12 14:38:00,50.26990393626991
2025-06-12 23:20:00,83.9
2025-06-12 10:55:00,50.26990393626991
2025-06-12 16:42:00,59.8
2025-06-12 17:20:00,40.5
2025-06-12 10:11:00,6.6
2025-06-12 21:07:00,0.1
2025-06-12 08:32:00,29.0
2025-06-12 22:31:00,76.5
2025-06-12 14:44:00,51.3
2025-06-12 05:01:00,50.26990393626991
2025-06-12 03:38:00,50.26990393626991
2025-06-12 17:44:00,50.26990393626991
2025-06-12 05:23:00,65.1
2025-06-12 01:04:00,72.9
2025-06-12 11:54:00,29.2
2025-06-12 05:59:00,71.5
2025-06-12 22:59:00,10.8
2025-06-12 02:00:00,60.8
2025-06-12 14:06:00,11.1
2025-06-12 00:54:00,50.26990393626991
2025-06-12 20:54:00,16.6
2025-06-12 09:32:00,35.5
2025-06-12 13:03:00,30.5
2025-06-12 22:34:00,22.3
2025-06-12 00:38:00,24.8
2025-06-12 06:27:00,9.5
2025-06-12 20:16:00,4.9
2025-06-12 02:54:00,50.26990393626991
2025-06-12 03:22:00,24.2
2025-06-12 01:47:00,69.0
2025-06-12 06:12:00,25.1
2025-06-12 05:45:00,50.26990393626991
2025-06-12 14:42:00,95.5
2025-06-12 22:11:00,46.3
2025-06-12 16:38:00,10.6
2025-06-12 20:24:00,66.0
2025-06-12 13:35:00,1.7
2025-06-12 16:14:00,48.0
2025-06-12 11:41:00,30.1
2025-06-12 09:51:00,19.9
2025-06-12 17:05:00,6.4
2025-06-12 01:55:00,32.4
2025-06-12 00:55:00,49.6
2025-06-12 08:35:00,1.4
2025-06-12 12:12:00,68.0
2025-06-12 00:36:00,79.9
2025-06-12 05:23:00,33.9
2025-06-12 20:43:00,23.5
2025-06-12 10:30:00,29.9
2025-06-12 06:54:00,21.0
2025-06-12 02:33:00,80.0
2025-06-12 20:31:00,21.0
2025-06-12 09:55:00,83.0
2025-06-12 12:10:00,73.8
2025-06-12 04:49:00,50.26990393626991
2025-06-12 20:02:00,25.7
2025-06-12 22:04:00,50.26990393626991
2025-06-12 12:38:00,18.0
2025-06-12 12:53:00,98.0
2025-06-12 07:12:00,96.1
2025-06-12 17:47:00,7.9
2025-06-12 23:04:00,49.0
2025-06-12 07:00:00,57.5
2025-06-12 01:36:00,68.2
2025-06-12 09:43:00,50.26990393626991
2025-06-12 08:45:00,50.26990393626991
2025-06-12 11:11:00,72.2
2025-06-12 06:44:00,22.4
2025-06-12 12:28:00,92.9
2025-06-12 00:08:00,20.0
2025-06-12 20:11:00,16.6
2025-06-12 14:06:00,22.6
2025-06-12 17:45:00,88.5
2025-06-12 11:21:00,52.1
2025-06-12 09:18:00,8.0
2025-06-12 16:55:00,63.9
2025-06-12 04:41:00,2.8
2025-06-12 03:07:00,50.26990393626991
2025-06-12 18:10:00,7.4
2025-06-12 09:04:00,21.1
2025-06-12 19:56:00,70.5
2025-06-12 16:55:00,20.5
2025-06-12 06:46:00,85.2
2025-06-12 10:34:00,50.26990393626991
2025-06-12 03:26:00,63.0
2025-06-12 15:24:00,62.0
2025-06-12 05:59:00,38.3
2025-06-12 21:16:00,96.9
2025-06-12 17:41:00,96.7
2025-06-12 21:45:00,73.8
2025-06-12 22:25:00,33.4
2025-06-12 14:29:00,82.9
2025-06-12 21:11:00,8.5
2025-06-12 10:48:00,57.1
2025-06-12 12:15:00,95.4
2025-06-12 21:27:00,50.26990393626991
2025-06-12 15:02:00,5.8
2025-06-12 04:19:00,18.8
2025-06-12 08:41:00,98.6
2025-06-12 11:53:00,27.6
2025-06-12 11:50:00,94.7
2025-06-12 08:09:00,82.6
2025-06-12 00:53:00,21.7
2025-06-12 18:22:00,78.2
2025-06-12 21:13:00,50.26990393626991
2025-06-12 00:30:00,50.26990393626991
2025-06-12 06:53:00,65.3
2025-06-12 00:32:00,65.5
2025-06-12 13:09:00,69.8
2025-06-12 10:03:00,62.0
2025-06-12 05:32:00,41.5
2025-06-12 15:28:00,50.6
2025-06-12 14:37:00,13.2
2025-06-12 06:22:00,61.8
2025-06-12 08:10:00,49.3
2025-06-12 14:49:00,49.0
2025-06-12 05:28:00,50.26990393626991
2025-06-12 14:21:00,23.4
2025-06-12 11:17:00,65.2
2025-06-12 04:15:00,8.4
2025-06-12 10:57:00,6.0
2025-06-12 12:22:00,18.7
2025-06-12 19:36:00,87.1
2025-06-12 08:53:00,38.7
2025-06-12 10:25:00,35.6
2025-06-12 05:08:00,89.0
2025-06-12 16:58:00,16.8
2025-06-12 00:39:00,8.9
2025-06-12 02:35:00,94.7
2025-06-12 11:25:00,36.9
2025-06-12 16:45:00,19.5
2025-06-12 09:03:00,50.26990393626991
2025-06-12 14:25:00,60.2
2025-06-12 11:56:00,38.8
2025-06-12 14:10:00,14.8
2025-06-12 16:09:00,21.2
2025-06-12 11:38:00,22.7
2025-06-12 01:18:00,35.9
2025-06-12 01:04:00,87.8
2025-06-12 01:10:00,16.0
2025-06-12 01:44:00,52.5
2025-06-12 23:58:00,76.5
2025-06-12 02:03:00,44.2
2025-06-12 22:52:00,86.3
2025-06-12 02:21:00,32.3
2025-06-12 08:13:00,93.0
2025-06-12 12:49:00,50.26990393626991
2025-06-12 11:12:00,53.5
2025-06-12 22:56:00,11.7
2025-06-12 16:49:00,54.2
2025-06-12 17:33:00,50.26990393626991
2025-06-12 00:04:00,18.9
2025-06-12 10:15:00,20.2
2025-06-12 03:44:00,52.0
2025-06-12 01:52:00,5.1
2025-06-12 18:11:00,46.8
2025-06-12 13:17:00,14.4
2025-06-12 20:40:00,15.8
2025-06-12 14:41:00,66.5
2025-06-12 06:10:00,80.1
2025-06-12 02:44:00,20.3
2025-06-12 05:16:00,50.26990393626991
2025-06-12 20:35:00,90.6
2025-06-12 13:00:00,49.2
2025-06-12 10:58:00,10.8
2025-06-12 10:52:00,88.6
2025-06-12 13:14:00,98.4
2025-06-12 14:00:00,18.1
2025-06-12 18:32:00,24.4
2025-06-12 20:49:00,3.7
2025-06-12 18:49:00,62.9
2025-06-12 01:45:00,67.8
2025-06-12 01:30:00,17.4
2025-06-12 03:50:00,30.0
2025-06-12 16:05:00,28.2
2025-06-12 08:31:00,60.1
2025-06-12 10:16:00,50.26990393626991
2025-06-12 19:53:00,81.2
2025-06-12 16:58:00,90.0
2025-06-12 16:58:00,60.4
2025-06-12 16:00:00,38.6
2025-06-12 20:40:00,20.6
2025-06-12 16:27:00,71.3
2025-06-12 05:30:00,50.26990393626991
2025-06-12 16:55:00,97.7
2025-06-12 22:04:00,50.9
2025-06-12 05:38:00,99.0
2025-06-12 02:05:00,56.6
2025-06-12 08:07:00,26.2
2025-06-12 10:18:00,99.2
2025-06-12 00:38:00,39.8
2025-06-12 02:44:00,49.7
2025-06-12 04:09:00,67.8
2025-06-12 05:54:00,50.26990393626991
2025-06-12 13:11:00,18.2
2025-06-12 17:30:00,18.6
2025-06-12 02:42:00,59.7
2025-06-12 02:49:00,68.4
2025-06-12 00:03:00,50.26990393626991
2025-06-12 13:54:00,89.3
2025-06-12 10:36:00,78.2
2025-06-12 02:44:00,98.0
2025-06-12 07:08:00,50.26990393626991
2025-06-12 20:58:00,52.0
2025-06-12 06:42:00,20.8
2025-06-12 15:54:00,33.9
2025-06-12 05:54:00,43.4
2025-06-12 15:19:00,4.0
2025-06-12 15:22:00,84.1
2025-06-12 08:16:00,4.0
2025-06-12 01:38:00,10.6
2025-06-12 08:12:00,81.7
2025-06-12 02:09:00,85.4
2025-06-12 04:35:00,57.2
2025-06-12 05:00:00,50.26990393626991
2025-06-12 22:12:00,99.1
2025-06-12 22:16:00,50.7
2025-06-12 20:23:00,40.2
2025-06-12 01:07:00,89.0
2025-06-12 22:11:00,22.0
2025-06-12 00:04:00,91.3
2025-06-12 05:09:00,42.9
2025-06-12 11:01:00,81.9
2025-06-12 16:48:00,85.7
2025-06-12 09:42:00,42.0
2025-06-12 01:42:00,90.0
2025-06-12 10:55:00,32.6
2025-06-12 01:26:00,61.9
2025-06-12 11:52:00,82.0
2025-06-12 18:22:00,89.9
2025-06-12 15:23:00,79.2
2025-06-12 03:37:00,26.6
2025-06-12 01:24:00,15.9
2025-06-12 13:41:00,76.2
2025-06-12 08:56:00,54.0
2025-06-12 12:55:00,25.8
2025-06-12 08:57:00,50.26990393626991
2025-06-12 05:12:00,92.2
2025-06-12 11:01:00,28.6
2025-06-12 05:53:00,60.1
2025-06-12 05:03:00,78.5
2025-06-12 16:20:00,52.5
2025-06-12 05:42:00,24.5
2025-06-12 01:27:00,37.7
2025-06-12 00:44:00,30.6
2025-06-12 00:59:00,39.8
2025-06-12 06:41:00,14.9
2025-06-12 12:35:00,53.1
2025-06-12 18:02:00,69.1
2025-06-12 15:27:00,26.1
2025-06-12 06:15:00,50.26990393626991
2025-06-12 18:15:00,26.4
2025-06-12 05:31:00,50.26990393626991
2025-06-12 08:24:00,50.26990393626991
2025-06-12 19:20:00,50.26990393626991
2025-06-12 07:31:00,27.2
2025-06-12 15:31:00,0.3
2025-06-12 02:15:00,55.2
2025-06-12 13:48:00,49.2
2025-06-12 12:10:00,16.9
2025-06-12 17:52:00,50.26990393626991
2025-06-12 03:09:00,24.0
2025-06-12 14:18:00,77.4
2025-06-12 06:20:00,11.8
2025-06-12 04:41:00,50.26990393626991
2025-06-12 14:51:00,7.8
2025-06-12 19:24:00,7.7
2025-06-12 19:55:00,32.8
2025-06-12 05:44:00,92.5
2025-06-12 20:50:00,82.6
2025-06-12 12:54:00,32.7
2025-06-12 22:46:00,95.7
2025-06-12 00:49:00,66.8
2025-06-12 01:00:00,86.1
2025-06-12 08:34:00,49.3
2025-06-12 06:08:00,28.4
2025-06-12 05:46:00,79.4
2025-06-12 12:31:00,50.26990393626991
2025-06-12 22:56:00,73.3
2025-06-12 22:03:00,11.7
2025-06-12 00:42:00,87.9
2025-06-12 09:42:00,37.4
2025-06-12 03:01:00,50.26990393626991
2025-06-12 17:14:00,62.3
2025-06-12 19:15:00,50.26990393626991
2025-06-12 14:15:00,63.7
2025-06-12 10:39:00,55.0
2025-06-12 11:42:00,67.6
2025-06-12 20:35:00,74.2
2025-06-12 23:18:00,66.7
2025-06-12 17:32:00,19.6
2025-06-12 12:59:00,10.3
2025-06-12 17:06:00,27.6
2025-06-12 07:25:00,50.26990393626991
2025-06-12 19:14:00,78.4
2025-06-12 13:09:00,74.5
2025-06-12 02:18:00,67.7
2025-06-12 21:17:00,86.3
2025-06-12 18:36:00,8.5
2025-06-12 12:05:00,36.6
2025-06-12 00:45:00,65.0
2025-06-12 20:51:00,77.0
2025-06-12 04:40:00,50.26990393626991
2025-06-12 20:47:00,31.0
2025-06-12 08:12:00,93.0
2025-06-12 22:37:00,19.2
2025-06-12 20:07:00,50.9
2025-06-12 06:35:00,49.3
2025-06-12 10:29:00,90.6
2025-06-12 05:40:00,10.3
2025-06-12 12:20:00,50.26990393626991
2025-06-12 00:26:00,2.5
2025-06-12 14:59:00,18.1
2025-06-12 08:24:00,82.3
2025-06-12 16:05:00,97.3
2025-06-12 18:52:00,85.8
2025-06-12 22:39:00,50.26990393626991
2025-06-12 15:33:00,95.3
2025-06-12 03:17:00,61.2
2025-06-12 22:40:00,50.26990393626991
2025-06-12 06:09:00,88.8
2025-06-12 13:32:00,50.26990393626991
2025-06-12 02:32:00,4.7
2025-06-12 20:11:00,56.0
2025-06-12 00:43:00,77.7
2025-06-12 00:16:00,95.3
2025-06-12 07:44:00,76.1
2025-06-12 21:48:00,49.485271956675305
2025-06-12 05:32:00,49.485271956675305
2025-06-12 13:34:00,83.5
2025-06-12 21:24:00,67.7
2025-06-12 23:50:00,30.6
2025-06-12 09:14:00,93.6
2025-06-12 08:02:00,36.6
2025-06-12 18:22:00,49.485271956675305
2025-06-12 22:45:00,5.1
2025-06-12 05:18:00,36.9
2025-06-12 20:29:00,9.4
2025-06-12 18:56:00,30.1
2025-06-12 12:56:00,51.8
2025-06-12 12:52:00,30.6
2025-06-12 16:59:00,18.2
2025-06-12 02:14:00,62.2
2025-06-12 15:40:00,88.1
2025-06-12 20:30:00,23.1
2025-06-12 17:36:00,90.3
2025-06-12 05:56:00,69.1
2025-06-12 11:13:00,10.5
2025-06-12 01:58:00,55.8
2025-06-12 19:29:00,18.6
2025-06-12 22:47:00,25.4
2025-06-12 07:46:00,73.1
2025-06-12 14:07:00,1.5
2025-06-12 12:11:00,49.485271956675305
2025-06-12 18:08:00,21.7
2025-06-12 21:39:00,27.6
2025-06-12 00:06:00,80.5
2025-06-12 00:26:00,49.485271956675305
2025-06-12 19:17:00,34.3
2025-06-12 04:09:00,66.2
2025-06-12 08:10:00,90.5
2025-06-12 08:19:00,56.1
2025-06-12 08:08:00,49.485271956675305
2025-06-12 17:48:00,73.0
2025-06-12 03:26:00,49.485271956675305
2025-06-12 09:40:00,28.7
2025-06-12 11:57:00,20.7
2025-06-12 10:51:00,45.9
2025-06-12 09:05:00,16.7
2025-06-12 16:37:00,80.1
2025-06-12 04:46:00,49.485271956675305
2025-06-12 03:48:00,43.8
2025-06-12 07:34:00,93.0
2025-06-12 01:53:00,49.485271956675305
2025-06-12 15:26:00,13.3
2025-06-12 01:12:00,47.5
2025-06-12 15:36:00,49.485271956675305
2025-06-12 08:34:00,99.4
2025-06-12 18:08:00,85.1
2025-06-12 17:14:00,26.4
2025-06-12 01:32:00,15.9
2025-06-12 00:08:00,72.4
2025-06-12 14:56:00,31.7
2025-06-12 03:24:00,90.9
2025-06-12 03:33:00,49.485271956675305
2025-06-12 21:28:00,63.3
2025-06-12 15:15:00,3.2
2025-06-12 16:23:00,17.5
2025-06-12 08:09:00,49.485271956675305
2025-06-12 20:58:00,73.3
2025-06-12 08:00:00,49.485271956675305
2025-06-12 22:15:00,79.3
2025-06-12 09:12:00,41.5
2025-06-12 18:44:00,49.485271956675305
2025-06-12 05:27:00,32.3
2025-06-12 13:01:00,49.9
2025-06-12 13:19:00,49.485271956675305
2025-06-12 01:04:00,68.7
2025-06-12 08:53:00,81.1
2025-06-12 19:06:00,50.7
2025-06-12 01:23:00,10.6
2025-06-12 12:10:00,70.7
2025-06-12 16:54:00,8.6
2025-06-12 16:21:00,20.3
2025-06-12 16:16:00,88.4
2025-06-12 21:12:00,87.1
2025-06-12 06:56:00,93.2
2025-06-12 21:26:00,97.8
2025-06-12 00:45:00,69.6
2025-06-12 11:52:00,69.2
2025-06-12 17:03:00,46.6
2025-06-12 06:21:00,39.4
2025-06-12 18:21:00,25.0
2025-06-12 05:36:00,49.485271956675305
2025-06-12 09:39:00,5.9
2025-06-12 16:08:00,63.5
2025-06-12 00:32:00,65.7
2025-06-12 17:58:00,49.485271956675305
2025-06-12 21:03:00,89.5
2025-06-12 00:08:00,72.7
2025-06-12 16:54:00,18.3
2025-06-12 04:15:00,12.2
2025-06-12 09:50:00,45.6
2025-06-12 10:13:00,9.4
2025-06-12 19:10:00,76.5
2025-06-12 20:30:00,39.1
2025-06-12 16:33:00,28.5
2025-06-12 23:13:00,28.1
2025-06-12 05:18:00,73.8
2025-06-12 09:40:00,55.3
2025-06-12 20:24:00,49.485271956675305
2025-06-12 01:56:00,39.1
2025-06-12 20:45:00,49.485271956675305
2025-06-12 02:02:00,17.0
2025-06-12 12:04:00,11.8
2025-06-12 02:49:00,54.2
2025-06-12 02:53:00,49.485271956675305
2025-06-12 00:23:00,64.5
2025-06-12 21:39:00,38.1
2025-06-12 07:30:00,49.485271956675305
2025-06-12 10:17:00,82.5
2025-06-12 03:33:00,49.485271956675305
2025-06-12 10:12:00,77.5
2025-06-12 08:55:00,5.5
2025-06-12 02:57:00,84.2
2025-06-12 15:55:00,49.485271956675305
2025-06-12 13:08:00,48.8
2025-06-12 07:28:00,18.3
2025-06-12 13:54:00,59.5
2025-06-12 11:18:00,49.485271956675305
2025-06-12 12:54:00,49.485271956675305
2025-06-12 07:08:00,60.0
2025-06-12 10:53:00,15.7
2025-06-12 16:47:00,17.8
2025-06-12 14:42:00,49.485271956675305
2025-06-12 03:26:00,95.7
2025-06-12 20:46:00,5.8
2025-06-12 01:29:00,54.4
2025-06-12 08:55:00,78.7
2025-06-12 03:11:00,85.1
2025-06-12 17:49:00,7.0
2025-06-12 18:58:00,50.2
2025-06-12 18:23:00,40.1
2025-06-12 05:48:00,19.9
2025-06-12 05:47:00,49.485271956675305
2025-06-12 01:29:00,45.2
2025-06-12 04:19:00,25.8
2025-06-12 22:01:00,71.4
2025-06-12 12:19:00,98.3
2025-06-12 20:29:00,49.485271956675305
2025-06-12 14:57:00,37.4
2025-06-12 07:34:00,87.2
2025-06-12 01:38:00,9.0
2025-06-12 16:41:00,78.5
2025-06-12 19:41:00,75.3
2025-06-12 06:17:00,59.8
2025-06-12 01:41:00,49.485271956675305
2025-06-12 00:12:00,74.1
2025-06-12 06:35:00,18.5
2025-06-12 09:52:00,48.6
2025-06-12 08:08:00,45.3
2025-06-12 17:48:00,88.1
2025-06-12 10:39:00,52.2
2025-06-12 23:33:00,52.6
2025-06-12 00:22:00,20.7
2025-06-12 01:23:00,46.6
2025-06-12 18:22:00,69.1
2025-06-12 03:52:00,36.8
2025-06-12 10:37:00,6.6
2025-06-12 06:59:00,49.485271956675305
2025-06-12 23:01:00,69.4
2025-06-12 12:52:00,18.9
2025-06-12 00:50:00,9.4
2025-06-12 09:51:00,11.9
2025-06-12 16:40:00,88.4
2025-06-12 06:48:00,72.8
2025-06-12 16:45:00,88.2
2025-06-12 13:29:00,37.6
2025-06-12 09:00:00,74.5
2025-06-12 07:08:00,21.0
2025-06-12 13:30:00,72.0
2025-06-12 17:53:00,42.2
2025-06-12 10:05:00,67.8
2025-06-12 19:16:00,2.9
2025-06-12 09:50:00,39.7
2025-06-12 07:39:00,24.3
2025-06-12 08:59:00,49.485271956675305
2025-06-12 08:45:00,78.0
2025-06-12 06:11:00,96.7
2025-06-12 01:15:00,89.5
2025-06-12 01:50:00,3.3
2025-06-12 17:00:00,27.6
2025-06-12 08:53:00,55.9
2025-06-12 18:33:00,49.485271956675305
2025-06-12 20:41:00,99.1
2025-06-12 22:01:00,1.0
2025-06-12 09:17:00,78.4
2025-06-12 13:35:00,49.485271956675305
2025-06-12 23:16:00,39.5
2025-06-12 06:33:00,49.485271956675305
2025-06-12 23:01:00,49.485271956675305
2025-06-12 22:05:00,93.8
2025-06-12 09:30:00,76.7
2025-06-12 05:39:00,42.1
2025-06-12 09:26:00,37.4
2025-06-12 06:00:00,81.7
2025-06-12 04:14:00,49.485271956675305
2025-06-12 17:13:00,74.7
2025-06-12 12:40:00,22.1
2025-06-12 14:22:00,99.0
2025-06-12 13:10:00,78.2
2025-06-12 18:16:00,55.3
2025-06-12 08:17:00,49.485271956675305
2025-06-12 19:53:00,49.485271956675305
2025-06-12 18:21:00,95.4
2025-06-12 09:09:00,56.8
2025-06-12 15:13:00,77.9
2025-06-12 06:40:00,43.2
2025-06-12 14:07:00,8.1
2025-06-12 10:53:00,99.1
2025-06-12 20:14:00,98.5
2025-06-12 06:55:00,32.5
2025-06-12 06:47:00,70.6
2025-06-12 16:44:00,75.9
2025-06-12 11:48:00,49.4
2025-06-12 03:53:00,49.485271956675305
2025-06-12 11:48:00,28.0
2025-06-12 12:24:00,21.3
2025-06-12 08:09:00,67.7
2025-06-12 21:14:00,96.2
2025-06-12 05:37:00,17.7
2025-06-12 17:54:00,67.3
2025-06-12 03:28:00,42.6
2025-06-12 04:55:00,46.9
2025-06-12 13:01:00,24.4
2025-06-12 09:53:00,75.6
2025-06-12 21:19:00,26.8
2025-06-12 13:56:00,67.8
2025-06-12 13:01:00,24.9
2025-06-12 17:10:00,52.0
2025-06-12 19:13:00,49.485271956675305
2025-06-12 13:55:00,92.4
2025-06-12 01:47:00,0.7
2025-06-12 20:00:00,23.6
2025-06-12 23:02:00,42.7
2025-06-12 15:41:00,70.8
2025-06-12 10:39:00,44.8
2025-06-12 15:37:00,54.4
2025-06-12 09:53:00,32.4
2025-06-12 20:54:00,97.3
2025-06-12 21:19:00,13.3
2025-06-12 12:30:00,10.7
2025-06-12 19:39:00,31.0
2025-06-12 13:51:00,91.3
2025-06-12 04:58:00,17.9
2025-06-12 21:25:00,46.8
2025-06-12 13:31:00,42.6
2025-06-12 05:32:00,93.7
2025-06-12 06:12:00,39.7
2025-06-12 20:06:00,78.1
2025-06-12 13:27:00,7.5
2025-06-12 12:29:00,95.8
2025-06-12 22:45:00,5.2
2025-06-12 00:13:00,98.1
2025-06-12 10:34:00,49.485271956675305
2025-06-12 01:44:00,60.7
2025-06-12 18:11:00,42.0
2025-06-12 04:17:00,79.6
2025-06-12 15:25:00,58.2
2025-06-12 12:29:00,55.0
2025-06-12 13:46:00,90.4
2025-06-12 09:14:00,49.7
2025-06-12 13:10:00,38.3
2025-06-12 10:13:00,61.8
2025-06-12 19:53:00,48.1
2025-06-12 15:18:00,48.2
2025-06-12 07:38:00,45.7
2025-06-12 16:32:00,76.6
2025-06-12 07:21:00,60.3
2025-06-12 11:01:00,18.5
2025-06-12 03:51:00,79.6
2025-06-12 08:49:00,49.485271956675305
2025-06-12 20:26:00,26.2
2025-06-12 07:59:00,44.9
2025-06-12 22:38:00,18.5
2025-06-12 00:39:00,94.9
2025-06-12 15:45:00,54.4
2025-06-12 08:25:00,93.2
2025-06-12 14:11:00,49.485271956675305
2025-06-12 04:58:00,49.485271956675305
2025-06-12 16:24:00,72.1
2025-06-12 07:09:00,25.3
2025-06-12 17:56:00,34.2
2025-06-12 21:06:00,64.4
2025-06-12 17:21:00,9.2
2025-06-12 19:00:00,36.5
2025-06-12 06:05:00,20.6
2025-06-12 15:43:00,38.4
2025-06-12 11:00:00,49.485271956675305
2025-06-12 19:21:00,93.3
2025-06-12 10:29:00,65.7
2025-06-12 18:48:00,41.5
2025-06-12 07:52:00,43.7
2025-06-12 17:49:00,52.4
2025-06-12 15:33:00,79.2
2025-06-12 05:37:00,40.9
2025-06-12 02:47:00,49.485271956675305
2025-06-12 09:27:00,41.9
2025-06-12 17:22:00,50.0997191011236
2025-06-12 21:32:00,50.0997191011236
2025-06-12 12:09:00,63.8
2025-06-12 12:04:00,25.5
2025-06-12 11:07:00,24.7
2025-06-12 19:42:00,27.5
2025-06-12 00:08:00,89.7
2025-06-12 17:10:00,90.7
2025-06-12 09:47:00,60.0
2025-06-12 00:09:00,80.8
2025-06-12 06:55:00,50.4
2025-06-12 07:55:00,34.7
2025-06-12 21:31:00,7.5
2025-06-12 02:25:00,94.5
2025-06-12 02:07:00,5.2
2025-06-12 17:39:00,44.9
2025-06-12 11:27:00,50.0997191011236
2025-06-12 23:38:00,89.1
2025-06-12 09:05:00,55.8
2025-06-12 03:56:00,50.0997191011236
2025-06-12 10:32:00,22.2
2025-06-12 06:58:00,3.9
2025-06-12 12:46:00,18.8
2025-06-12 11:47:00,50.0997191011236
2025-06-12 10:28:00,7.2
2025-06-12 13:36:00,32.9
2025-06-12 13:05:00,10.2
2025-06-12 02:49:00,42.4
2025-06-12 06:15:00,50.0997191011236
2025-06-12 12:04:00,71.5
2025-06-12 16:26:00,26.2
2025-06-12 07:29:00,55.7
2025-06-12 10:48:00,74.3
2025-06-12 20:39:00,30.8
2025-06-12 06:04:00,57.7
2025-06-12 02:02:00,55.9
2025-06-12 12:57:00,80.8
2025-06-12 16:31:00,50.0997191011236
2025-06-12 14:00:00,50.0997191011236
2025-06-12 19:36:00,80.3
2025-06-12 22:14:00,19.6
2025-06-12 01:13:00,3.4
2025-06-12 09:16:00,88.1
2025-06-12 17:18:00,40.5
2025-06-12 03:11:00,50.0997191011236
2025-06-12 10:34:00,46.3
2025-06-12 17:21:00,50.0997191011236
2025-06-12 16:01:00,35.4
2025-06-12 14:35:00,96.9
2025-06-12 15:57:00,81.9
2025-06-12 00:03:00,79.4
2025-06-12 16:41:00,55.6
2025-06-12 21:06:00,13.6
2025-06-12 10:26:00,34.9
2025-06-12 19:58:00,50.0997191011236
2025-06-12 23:11:00,87.2
2025-06-12 18:19:00,47.8
2025-06-12 09:52:00,50.0997191011236
2025-06-12 20:01:00,12.5
2025-06-12 02:43:00,50.0997191011236
2025-06-12 22:26:00,67.2
2025-06-12 21:17:00,83.6
2025-06-12 13:14:00,50.0997191011236
2025-06-12 21:06:00,97.7
2025-06-12 18:04:00,13.1
2025-06-12 15:36:00,96.4
2025-06-12 08:29:00,29.6
2025-06-12 15:02:00,9.8
2025-06-12 12:19:00,70.7
2025-06-12 17:55:00,44.9
2025-06-12 11:59:00,93.2
2025-06-12 15:29:00,47.0
2025-06-12 22:09:00,50.0997191011236
2025-06-12 01:18:00,50.9
2025-06-12 20:41:00,78.6
2025-06-12 19:10:00,96.7
2025-06-12 04:59:00,87.2
2025-06-12 01:11:00,5.6
2025-06-12 14:31:00,37.6
2025-06-12 09:19:00,49.0
2025-06-12 13:07:00,88.0
2025-06-12 12:22:00,8.8
2025-06-12 17:50:00,80.0
2025-06-12 04:51:00,50.0997191011236
2025-06-12 14:07:00,50.0997191011236
2025-06-12 10:05:00,42.5
2025-06-12 13:11:00,28.1
2025-06-12 21:23:00,93.0
2025-06-12 19:48:00,22.5
2025-06-12 15:30:00,49.3
2025-06-12 04:29:00,50.0997191011236
2025-06-12 20:23:00,50.0997191011236
2025-06-12 21:57:00,50.0997191011236
2025-06-12 18:41:00,5.0
2025-06-12 08:44:00,63.7
2025-06-12 14:23:00,89.7
2025-06-12 11:04:00,97.6
2025-06-12 08:15:00,1.7
2025-06-12 23:03:00,36.2
2025-06-12 19:52:00,50.0997191011236
2025-06-12 10:45:00,77.2
2025-06-12 15:59:00,42.7
2025-06-12 20:14:00,99.3
2025-06-12 11:17:00,50.0997191011236
2025-06-12 05:22:00,43.3
2025-06-12 00:02:00,42.4
2025-06-12 08:44:00,40.8
2025-06-12 05:11:00,93.5
2025-06-12 16:59:00,22.2
2025-06-12 18:57:00,15.6
2025-06-12 11:28:00,56.9
2025-06-12 08:20:00,73.7
2025-06-12 08:52:00,27.4
2025-06-12 17:58:00,50.0997191011236
2025-06-12 20:06:00,15.4
2025-06-12 19:54:00,9.8
2025-06-12 02:16:00,50.0997191011236
2025-06-12 08:24:00,8.9
2025-06-12 23:30:00,81.8
2025-06-12 22:42:00,78.3
2025-06-12 15:20:00,50.0997191011236
2025-06-12 12:10:00,59.7
2025-06-12 01:03:00,9.1
2025-06-12 16:46:00,2.3
2025-06-12 17:50:00,50.0997191011236
2025-06-12 11:42:00,50.0997191011236
2025-06-12 21:38:00,27.7
2025-06-12 15:06:00,0.6
2025-06-12 22:46:00,27.3
2025-06-12 20:52:00,58.2
2025-06-12 05:29:00,74.1
2025-06-12 04:28:00,50.0997191011236
2025-06-12 17:45:00,38.1
2025-06-12 02:01:00,22.4
2025-06-12 15:12:00,13.8
2025-06-12 11:22:00,3.9
2025-06-12 14:21:00,5.2
2025-06-12 04:32:00,75.3
2025-06-12 21:54:00,50.0997191011236
2025-06-12 04:13:00,27.7
2025-06-12 01:03:00,98.4
2025-06-12 19:52:00,0.7
2025-06-12 01:03:00,72.8
2025-06-12 01:11:00,74.5
2025-06-12 06:58:00,41.2
2025-06-12 03:43:00,61.4
2025-06-12 20:37:00,81.4
2025-06-12 19:25:00,16.0
2025-06-12 15:55:00,85.7
2025-06-12 01:37:00,50.1
2025-06-12 16:52:00,58.1
2025-06-12 13:06:00,50.0997191011236
2025-06-12 03:26:00,99.9
2025-06-12 19:14:00,42.4
2025-06-12 22:25:00,50.0997191011236
2025-06-12 05:02:00,18.7
2025-06-12 09:02:00,17.6
2025-06-12 09:46:00,50.0997191011236
2025-06-12 05:49:00,14.7
2025-06-12 10:50:00,6.4
2025-06-12 19:31:00,21.7
2025-06-12 12:26:00,33.6
2025-06-12 13:37:00,36.1
2025-06-12 23:47:00,56.3
2025-06-12 15:44:00,49.3
2025-06-12 17:59:00,41.2
2025-06-12 16:32:00,26.2
2025-06-12 21:46:00,50.0997191011236
2025-06-12 14:15:00,7.0
2025-06-12 09:41:00,20.2
2025-06-12 15:53:00,6.4
2025-06-12 18:46:00,81.9
2025-06-12 20:10:00,50.0997191011236
2025-06-12 13:01:00,50.0997191011236
2025-06-12 18:13:00,74.9
2025-06-12 01:13:00,33.3
2025-06-12 18:53:00,59.6
2025-06-12 11:13:00,26.2
2025-06-12 11:03:00,38.1
2025-06-12 12:17:00,88.5
2025-06-12 10:05:00,46.7
2025-06-12 13:15:00,54.3
2025-06-12 00:24:00,26.6
2025-06-12 23:20:00,32.1
2025-06-12 13:31:00,94.6
2025-06-12 09:47:00,38.5
2025-06-12 07:17:00,65.8
2025-06-12 07:08:00,0.3
2025-06-12 06:56:00,53.9
2025-06-12 04:48:00,50.0997191011236
2025-06-12 13:32:00,44.0
2025-06-12 22:03:00,97.9
2025-06-12 12:01:00,51.9
2025-06-12 20:36:00,80.6
2025-06-12 11:21:00,94.5
2025-06-12 17:00:00,50.0997191011236
2025-06-12 13:14:00,5.3
2025-06-12 09:45:00,89.4
2025-06-12 01:19:00,50.0997191011236
2025-06-12 15:31:00,50.0997191011236
2025-06-12 12:24:00,52.1
2025-06-12 17:49:00,50.0997191011236
2025-06-12 01:46:00,62.0
2025-06-12 22:37:00,82.6
2025-06-12 17:35:00,50.0997191011236
2025-06-12 00:03:00,9.4
2025-06-12 19:06:00,47.2
2025-06-12 11:59:00,54.4
2025-06-12 01:45:00,95.3
2025-06-12 20:40:00,50.0997191011236
2025-06-12 14:44:00,99.1
2025-06-12 02:36:00,29.8
2025-06-12 17:04:00,78.5
2025-06-12 19:35:00,62.1
2025-06-12 20:35:00,26.4
2025-06-12 23:16:00,63.2
2025-06-12 03:20:00,21.1
2025-06-12 03:39:00,3.9
2025-06-12 12:09:00,9.0
2025-06-12 16:41:00,71.1
2025-06-12 07:55:00,50.0997191011236
2025-06-12 14:36:00,50.0997191011236
2025-06-12 22:37:00,46.8
2025-06-12 00:58:00,69.5
2025-06-12 18:10:00,51.3
2025-06-12 12:07:00,72.7
2025-06-12 04:25:00,46.4
2025-06-12 01:18:00,7.9
2025-06-12 04:46:00,53.1
2025-06-12 02:25:00,73.2
2025-06-12 10:04:00,64.1
2025-06-12 00:32:00,77.8
2025-06-12 02:07:00,32.1
2025-06-12 14:34:00,34.1
2025-06-12 18:55:00,87.1
2025-06-12 23:25:00,50.0997191011236
2025-06-12 13:33:00,79.5
2025-06-12 16:21:00,77.5
2025-06-12 02:59:00,29.0
2025-06-12 22:34:00,97.1
2025-06-12 18:59:00,40.2
2025-06-12 06:19:00,93.0
2025-06-12 15:27:00,93.6
2025-06-12 00:24:00,37.5
2025-06-12 20:56:00,18.1
2025-06-12 11:24:00,5.0
2025-06-12 13:15:00,26.4
2025-06-12 18:45:00,27.0
2025-06-12 10:32:00,32.9
2025-06-12 19:31:00,76.4
2025-06-12 05:15:00,50.0997191011236
2025-06-12 09:20:00,65.0
2025-06-12 18:03:00,79.6
2025-06-12 14:30:00,8.3
2025-06-12 22:04:00,11.6
2025-06-12 12:49:00,84.3
2025-06-12 09:42:00,97.2
2025-06-12 20:38:00,76.3
2025-06-12 18:24:00,20.7
2025-06-12 03:26:00,1.6
2025-06-12 09:57:00,22.1
2025-06-12 01:07:00,38.3
2025-06-12 16:13:00,13.0
2025-06-12 03:03:00,50.0997191011236
2025-06-12 00:15:00,58.7
2025-06-12 02:26:00,69.2
2025-06-12 02:50:00,92.3
2025-06-12 04:55:00,45.6
2025-06-12 10:14:00,11.5
2025-06-12 15:52:00,47.0
2025-06-12 07:46:00,50.0997191011236
2025-06-12 14:46:00,15.0
2025-06-12 04:07:00,19.2
2025-06-12 21:32:00,76.4
2025-06-12 17:34:00,50.0997191011236
2025-06-12 05:57:00,50.0997191011236
2025-06-12 04:19:00,56.3
2025-06-12 04:53:00,60.2
2025-06-12 12:55:00,93.0
2025-06-12 06:00:00,51.1
2025-06-12 11:42:00,10.5
2025-06-12 11:58:00,50.0997191011236
2025-06-12 19:12:00,77.9
2025-06-12 14:45:00,48.8
2025-06-12 21:21:00,9.8
2025-06-12 06:28:00,8.1
2025-06-12 07:54:00,52.1
2025-06-12 13:08:00,59.4
2025-06-12 20:43:00,50.0997191011236
2025-06-12 20:54:00,50.0997191011236
2025-06-12 18:31:00,42.4
2025-06-12 07:22:00,63.7
2025-06-12 01:02:00,76.4
2025-06-12 13:56:00,45.4
2025-06-12 08:04:00,64.6
2025-06-12 12:13:00,50.0997191011236
2025-06-12 19:08:00,25.7
2025-06-12 16:26:00,19.5
2025-06-12 06:23:00,50.7
2025-06-12 22:01:00,50.0997191011236
2025-06-12 08:19:00,95.2
2025-06-12 11:32:00,80.1
2025-06-12 08:25:00,37.0
2025-06-12 10:21:00,83.0
2025-06-12 03:53:00,29.4
2025-06-12 20:01:00,71.1
2025-06-12 02:13:00,97.6
2025-06-12 08:17:00,50.0997191011236
2025-06-12 14:10:00,20.3
2025-06-12 06:40:00,95.1
2025-06-12 10:15:00,47.2
2025-06-12 03:08:00,79.7
2025-06-12 09:07:00,69.7
2025-06-12 22:44:00,94.9
2025-06-12 02:15:00,50.0997191011236
2025-06-12 02:10:00,50.0997191011236
2025-06-12 03:40:00,50.0997191011236
2025-06-12 03:49:00,72.9
2025-06-12 06:38:00,51.9
2025-06-12 22:33:00,45.5
2025-06-12 08:56:00,74.6
2025-06-12 11:59:00,72.4
2025-06-12 18:03:00,86.6
2025-06-12 06:03:00,45.7
2025-06-12 15:09:00,6.8
2025-06-12 19:47:00,15.9
2025-06-12 05:37:00,0.4
2025-06-12 02:14:00,90.5
2025-06-12 03:06:00,62.7
2025-06-12 16:09:00,86.8
2025-06-12 02:11:00,33.4
2025-06-12 06:15:00,31.7
2025-06-12 15:44:00,95.9
2025-06-12 10:13:00,65.6
2025-06-12 06:57:00,67.5
2025-06-12 19:14:00,36.0
2025-06-12 23:54:00,12.9
2025-06-12 08:26:00,11.9
2025-06-12 11:22:00,96.0
2025-06-12 12:10:00,49.889081537019685
2025-06-12 03:13:00,57.5
2025-06-12 08:19:00,85.1
2025-06-12 17:19:00,52.4
2025-06-12 19:39:00,88.0
2025-06-12 20:29:00,11.7
2025-06-12 22:33:00,67.4
2025-06-12 13:28:00,49.889081537019685
2025-06-12 05:38:00,38.4
2025-06-12 12:27:00,31.6
2025-06-12 20:32:00,81.9
2025-06-12 07:13:00,63.1
2025-06-12 13:39:00,32.6
2025-06-12 23:05:00,76.3
2025-06-12 03:16:00,49.6
2025-06-12 01:45:00,4.8
2025-06-12 23:57:00,49.889081537019685
2025-06-12 04:51:00,99.6
2025-06-12 02:38:00,48.7
2025-06-12 20:17:00,67.3
2025-06-12 02:34:00,64.8
2025-06-12 23:53:00,60.1
2025-06-12 22:03:00,98.9
2025-06-12 17:08:00,75.2
2025-06-12 02:14:00,79.0
2025-06-12 05:42:00,37.5
2025-06-12 15:14:00,47.2
2025-06-12 06:07:00,49.889081537019685
2025-06-12 10:11:00,35.8
2025-06-12 07:21:00,1.6
2025-06-12 10:31:00,5.8
2025-06-12 17:19:00,49.889081537019685
2025-06-12 00:12:00,20.4
2025-06-12 11:32:00,55.4
2025-06-12 16:32:00,27.0
2025-06-12 14:40:00,21.3
2025-06-12 21:56:00,79.1
2025-06-12 04:13:00,81.7
2025-06-12 01:01:00,5.7
2025-06-12 15:39:00,49.889081537019685
2025-06-12 01:07:00,99.2
2025-06-12 21:11:00,20.6
2025-06-12 02:15:00,4.3
2025-06-12 19:54:00,16.5
2025-06-12 19:16:00,15.3
2025-06-12 00:01:00,49.889081537019685
2025-06-12 04:18:00,49.889081537019685
2025-06-12 12:56:00,45.3
2025-06-12 12:38:00,85.4
2025-06-12 15:13:00,57.9
2025-06-12 08:52:00,11.1
2025-06-12 12:16:00,49.889081537019685
2025-06-12 06:24:00,6.1
2025-06-12 05:45:00,49.889081537019685
2025-06-12 19:30:00,62.1
2025-06-12 05:19:00,79.1
2025-06-12 19:29:00,68.8
2025-06-12 07:09:00,92.1
2025-06-12 01:20:00,15.7
2025-06-12 17:57:00,51.5
2025-06-12 22:16:00,33.2
2025-06-12 08:24:00,5.7
2025-06-12 12:21:00,91.2
2025-06-12 17:54:00,28.6
2025-06-12 23:41:00,98.2
2025-06-12 03:49:00,26.9
2025-06-12 16:30:00,14.0
2025-06-12 03:40:00,2.1
2025-06-12 14:47:00,19.1
2025-06-12 06:15:00,71.1
2025-06-12 21:39:00,31.0
2025-06-12 06:20:00,32.7
2025-06-12 10:09:00,49.889081537019685
2025-06-12 16:47:00,83.1
2025-06-12 00:11:00,16.7
2025-06-12 08:09:00,48.5
2025-06-12 12:34:00,34.2
2025-06-12 15:12:00,32.0
2025-06-12 07:39:00,3.3
2025-06-12 16:27:00,44.0
2025-06-12 20:55:00,92.2
2025-06-12 10:50:00,65.2
2025-06-12 23:58:00,25.7
2025-06-12 09:23:00,49.889081537019685
2025-06-12 17:27:00,22.2
2025-06-12 01:07:00,54.3
2025-06-12 14:18:00,49.889081537019685
2025-06-12 09:53:00,2.2
2025-06-12 15:47:00,21.1
2025-06-12 08:35:00,67.8
2025-06-12 18:04:00,38.5
2025-06-12 18:09:00,98.3
2025-06-12 03:15:00,9.2
2025-06-12 14:06:00,49.889081537019685
2025-06-12 09:32:00,73.3
2025-06-12 11:16:00,49.889081537019685
2025-06-12 18:38:00,92.9
2025-06-12 15:39:00,12.7
2025-06-12 19:50:00,38.3
2025-06-12 07:57:00,1.6
2025-06-12 02:00:00,70.9
2025-06-12 13:57:00,97.0
2025-06-12 19:13:00,76.2
2025-06-12 22:02:00,49.889081537019685
2025-06-12 00:56:00,54.6
2025-06-12 04:36:00,54.6
2025-06-12 07:52:00,15.6
2025-06-12 20:56:00,50.0
2025-06-12 21:47:00,58.3
2025-06-12 06:08:00,12.9
2025-06-12 17:48:00,98.5
2025-06-12 16:59:00,4.3
2025-06-12 04:25:00,41.7
2025-06-12 19:48:00,11.4
2025-06-12 02:16:00,49.889081537019685
2025-06-12 06:06:00,97.0
2025-06-12 17:16:00,48.5
2025-06-12 16:55:00,66.7
2025-06-12 06:08:00,48.6
2025-06-12 06:25:00,49.889081537019685
2025-06-12 06:11:00,73.0
2025-06-12 17:49:00,49.889081537019685
2025-06-12 13:09:00,39.1
2025-06-12 09:17:00,97.6
2025-06-12 10:33:00,8.5
2025-06-12 00:57:00,83.0
2025-06-12 17:46:00,35.7
2025-06-12 21:17:00,93.0
2025-06-12 14:39:00,9.5
2025-06-12 13:50:00,54.5
2025-06-12 22:37:00,76.2
2025-06-12 18:40:00,10.5
2025-06-12 18:15:00,34.8
2025-06-12 12:30:00,90.0
2025-06-12 20:17:00,37.6
2025-06-12 20:47:00,13.1
2025-06-12 08:56:00,19.2
2025-06-12 16:41:00,77.1
2025-06-12 02:11:00,19.9
2025-06-12 01:26:00,94.4
2025-06-12 09:22:00,88.8
2025-06-12 03:09:00,49.889081537019685
2025-06-12 17:04:00,49.889081537019685
2025-06-12 08:32:00,13.9
2025-06-12 16:35:00,66.2
2025-06-12 07:37:00,71.2
2025-06-12 10:14:00,38.3
2025-06-12 20:43:00,8.1
2025-06-12 17:53:00,83.9
2025-06-12 11:23:00,49.889081537019685
2025-06-12 07:55:00,49.889081537019685
2025-06-12 11:47:00,77.3
2025-06-12 07:01:00,8.5
2025-06-12 12:37:00,15.6
2025-06-12 13:28:00,46.7
2025-06-12 14:37:00,41.5
2025-06-12 10:19:00,54.0
2025-06-12 12:42:00,66.3
2025-06-12 16:49:00,35.8
2025-06-12 03:22:00,73.2
2025-06-12 06:38:00,49.889081537019685
2025-06-12 16:05:00,54.9
2025-06-12 13:19:00,18.4
2025-06-12 20:02:00,39.5
2025-06-12 03:16:00,41.5
2025-06-12 03:51:00,7.0
2025-06-12 06:24:00,49.889081537019685
2025-06-12 11:54:00,49.889081537019685
2025-06-12 17:28:00,59.1
2025-06-12 17:09:00,76.7
2025-06-12 15:36:00,78.6
2025-06-12 12:08:00,49.889081537019685
2025-06-12 01:47:00,81.9
2025-06-12 23:54:00,38.7
2025-06-12 03:23:00,1.8
2025-06-12 12:59:00,26.8
2025-06-12 10:32:00,77.4
2025-06-12 18:21:00,6.2
2025-06-12 00:28:00,15.7
2025-06-12 11:05:00,74.5
2025-06-12 06:30:00,3.6
2025-06-12 00:22:00,21.8
2025-06-12 07:59:00,43.0
2025-06-12 00:58:00,58.1
2025-06-12 07:27:00,4.3
2025-06-12 08:43:00,49.889081537019685
2025-06-12 06:27:00,14.6
2025-06-12 15:17:00,49.889081537019685
2025-06-12 00:38:00,62.7
2025-06-12 14:53:00,47.4
2025-06-12 07:42:00,50.1
2025-06-12 15:09:00,49.889081537019685
2025-06-12 00:17:00,70.5
2025-06-12 19:46:00,44.9
2025-06-12 05:31:00,92.2
2025-06-12 19:53:00,16.0
2025-06-12 07:04:00,95.3
2025-06-12 19:38:00,52.1
2025-06-12 19:21:00,98.6
2025-06-12 14:28:00,33.2
2025-06-12 15:55:00,99.3
2025-06-12 00:11:00,49.889081537019685
2025-06-12 22:45:00,28.5
2025-06-12 00:03:00,49.889081537019685
2025-06-12 23:08:00,69.8
2025-06-12 03:03:00,92.5
2025-06-12 00:59:00,21.5
2025-06-12 16:35:00,45.0
2025-06-12 06:37:00,33.4
2025-06-12 07:00:00,48.6
2025-06-12 01:44:00,32.1
2025-06-12 13:37:00,82.3
2025-06-12 04:04:00,49.889081537019685
2025-06-12 04:29:00,49.889081537019685
2025-06-12 05:35:00,58.9
2025-06-12 08:06:00,49.889081537019685
2025-06-12 13:01:00,31.7
2025-06-12 02:27:00,47.5
2025-06-12 06:53:00,79.2
2025-06-12 23:13:00,62.0
2025-06-12 21:11:00,78.2
2025-06-12 01:52:00,72.6
2025-06-12 01:58:00,76.7
2025-06-12 08:49:00,90.5
2025-06-12 07:04:00,91.3
2025-06-12 01:37:00,79.9
2025-06-12 08:31:00,86.9
2025-06-12 15:07:00,69.7
2025-06-12 13:32:00,59.5
2025-06-12 15:45:00,52.5
2025-06-12 08:56:00,85.8
2025-06-12 05:10:00,49.889081537019685
2025-06-12 02:00:00,34.8
2025-06-12 05:09:00,71.8
2025-06-12 12:09:00,57.4
2025-06-12 16:00:00,96.1
2025-06-12 06:36:00,98.3
2025-06-12 07:21:00,82.7
2025-06-12 15:58:00,49.889081537019685
2025-06-12 03:12:00,45.9
2025-06-12 03:39:00,49.889081537019685
2025-06-12 08:20:00,90.4
2025-06-12 08:08:00,70.1
2025-06-12 05:23:00,30.1
2025-06-12 05:08:00,5.5
2025-06-12 19:42:00,95.9
2025-06-12 00:17:00,5.2
2025-06-12 16:26:00,19.2
2025-06-12 07:10:00,41.9
2025-06-12 07:13:00,87.2
2025-06-12 10:24:00,60.2
2025-06-12 13:29:00,31.0
2025-06-12 01:31:00,87.5
2025-06-12 01:50:00,41.6
2025-06-12 08:27:00,12.2
2025-06-12 20:04:00,92.2
2025-06-12 08:09:00,49.889081537019685
2025-06-12 11:28:00,80.4
2025-06-12 01:24:00,9.6
2025-06-12 02:19:00,16.7
2025-06-12 13:04:00,96.3
2025-06-12 20:52:00,79.6
2025-06-12 23:58:00,99.8
2025-06-12 08:19:00,25.3
2025-06-12 00:25:00,1.0
2025-06-12 13:46:00,45.8
2025-06-12 02:38:00,39.1
2025-06-12 00:42:00,50.1
2025-06-12 23:15:00,60.3
2025-06-12 15:14:00,31.0
2025-06-12 01:48:00,63.4
2025-06-12 10:22:00,35.6
2025-06-12 20:32:00,49.889081537019685
2025-06-12 13:19:00,70.2
2025-06-12 20:09:00,79.5
2025-06-12 03:30:00,24.4
2025-06-12 11:02:00,81.6
2025-06-12 04:32:00,15.5
2025-06-12 19:58:00,69.3
2025-06-12 15:08:00,11.7
2025-06-12 07:37:00,68.1
2025-06-12 23:18:00,30.5
2025-06-12 00:09:00,70.2
2025-06-12 08:38:00,12.9
2025-06-12 11:37:00,5.3
2025-06-12 00:21:00,25.8
2025-06-12 21:03:00,82.5
2025-06-12 06:57:00,49.889081537019685
2025-06-12 15:40:00,85.8
2025-06-12 04:31:00,12.1
2025-06-12 14:26:00,92.4
2025-06-12 07:28:00,49.889081537019685
2025-06-12 17:45:00,3.7
2025-06-12 19:27:00,55.3
2025-06-12 14:39:00,25.8
2025-06-12 13:46:00,49.889081537019685
2025-06-12 00:58:00,72.9
2025-06-12 05:01:00,49.889081537019685
2025-06-12 12:35:00,80.1
2025-06-12 19:43:00,28.1
2025-06-12 06:26:00,92.1
2025-06-12 12:00:00,72.1
2025-06-12 06:45:00,49.889081537019685
2025-06-12 09:48:00,83.1
2025-06-12 02:38:00,90.3
2025-06-12 07:40:00,78.4
2025-06-12 15:50:00,61.6
2025-06-12 13:52:00,87.7
2025-06-12 11:08:00,71.9
2025-06-12 04:55:00,96.6
2025-06-12 13:45:00,52.9
2025-06-12 15:56:00,88.0
2025-06-12 18:00:00,49.889081537019685
2025-06-12 17:38:00,81.5
2025-06-12 18:41:00,60.7
2025-06-12 21:41:00,23.0
2025-06-12 22:05:00,49.889081537019685
2025-06-12 16:40:00,28.1
2025-06-12 08:21:00,49.889081537019685
2025-06-12 02:29:00,93.9
2025-06-12 20:09:00,12.1
2025-06-12 09:17:00,47.6
2025-06-12 17:02:00,26.9
2025-06-12 23:06:00,63.9
2025-06-12 01:31:00,12.3
2025-06-12 03:05:00,24.7
2025-06-12 13:36:00,77.6
2025-06-12 18:38:00,76.8
2025-06-12 12:46:00,28.7
2025-06-12 03:43:00,87.6
2025-06-12 01:31:00,75.0
2025-06-12 09:58:00,91.0
2025-06-12 09:58:00,11.0
2025-06-12 08:01:00,73.2
2025-06-12 03:31:00,65.6
2025-06-12 21:37:00,92.4
2025-06-12 17:46:00,48.7
2025-06-12 11:22:00,45.9
2025-06-12 01:35:00,37.5
2025-06-12 09:59:00,12.8
2025-06-12 13:53:00,19.9
2025-06-12 15:18:00,60.0
2025-06-12 08:29:00,88.6
2025-06-12 21:56:00,78.8
2025-06-12 01:44:00,4.3
2025-06-12 22:34:00,19.3
2025-06-12 06:39:00,56.9
2025-06-12 11:59:00,22.2
2025-06-12 02:35:00,50.12778039031272
2025-06-12 23:21:00,12.6
2025-06-12 06:39:00,21.4
2025-06-12 05:08:00,78.9
2025-06-12 20:32:00,23.4
2025-06-12 05:31:00,17.2
2025-06-12 02:50:00,95.7
2025-06-12 19:48:00,33.4
2025-06-12 23:11:00,63.8
2025-06-12 03:59:00,23.7
2025-06-12 07:49:00,89.9
2025-06-12 03:09:00,86.6
2025-06-12 10:40:00,14.2
2025-06-12 17:57:00,50.12778039031272
2025-06-12 13:35:00,57.7
2025-06-12 13:20:00,69.0
2025-06-12 01:03:00,91.7
2025-06-12 01:42:00,61.4
2025-06-12 10:42:00,15.8
2025-06-12 12:25:00,95.0
2025-06-12 23:27:00,2.1
2025-06-12 08:18:00,2.4
2025-06-12 15:21:00,40.6
2025-06-12 11:12:00,50.12778039031272
2025-06-12 17:09:00,42.9
2025-06-12 13:00:00,29.0
2025-06-12 22:50:00,34.8
2025-06-12 12:34:00,90.6
2025-06-12 16:02:00,0.6
2025-06-12 13:37:00,34.9
2025-06-12 18:41:00,58.7
2025-06-12 00:13:00,18.3
2025-06-12 04:04:00,81.3
2025-06-12 13:51:00,50.12778039031272
2025-06-12 23:47:00,50.12778039031272
2025-06-12 14:24:00,91.8
2025-06-12 17:59:00,12.5
2025-06-12 01:01:00,16.9
2025-06-12 03:19:00,21.7
2025-06-12 11:27:00,59.3
2025-06-12 05:59:00,79.2
2025-06-12 07:04:00,97.9
2025-06-12 01:19:00,44.8
2025-06-12 12:58:00,67.7
2025-06-12 20:56:00,50.12778039031272
2025-06-12 07:49:00,78.6
2025-06-12 05:12:00,94.8
2025-06-12 19:28:00,3.2
2025-06-12 12:38:00,70.8
2025-06-12 10:33:00,77.0
2025-06-12 20:59:00,69.7
2025-06-12 13:11:00,19.9
2025-06-12 13:29:00,62.8
2025-06-12 04:44:00,39.4
2025-06-12 16:12:00,50.12778039031272
2025-06-12 22:15:00,50.12778039031272
2025-06-12 21:44:00,59.5
2025-06-12 10:53:00,70.4
2025-06-12 05:48:00,26.9
2025-06-12 15:03:00,40.6
2025-06-12 05:09:00,68.2
2025-06-12 22:43:00,49.8
2025-06-12 22:13:00,64.7
2025-06-12 17:07:00,83.8
2025-06-12 09:39:00,13.6
2025-06-12 04:55:00,55.8
2025-06-12 00:24:00,28.5
2025-06-12 12:40:00,38.2
2025-06-12 15:48:00,45.1
2025-06-12 02:47:00,80.3
2025-06-12 21:32:00,62.5
2025-06-12 12:34:00,77.9
2025-06-12 03:10:00,29.9
2025-06-12 08:52:00,50.12778039031272
2025-06-12 21:21:00,40.3
2025-06-12 14:51:00,91.9
2025-06-12 20:59:00,50.12778039031272
2025-06-12 04:55:00,21.1
2025-06-12 18:23:00,72.8
2025-06-12 21:06:00,19.7
2025-06-12 01:17:00,1.3
2025-06-12 13:20:00,27.1
2025-06-12 23:36:00,50.12778039031272
2025-06-12 01:35:00,7.0
2025-06-12 09:20:00,50.12778039031272
2025-06-12 10:47:00,50.12778039031272
2025-06-12 18:48:00,50.12778039031272
2025-06-12 19:03:00,19.4
2025-06-12 00:36:00,20.2
2025-06-12 16:06:00,50.12778039031272
2025-06-12 01:52:00,77.8
2025-06-12 10:21:00,26.5
2025-06-12 16:02:00,80.3
2025-06-12 21:18:00,86.2
2025-06-12 23:19:00,6.9
2025-06-12 19:50:00,48.7
2025-06-12 19:42:00,16.8
2025-06-12 13:28:00,52.8
2025-06-12 06:12:00,17.0
2025-06-12 00:37:00,50.12778039031272
2025-06-12 10:56:00,81.5
2025-06-12 17:16:00,22.8
2025-06-12 16:57:00,47.3
2025-06-12 09:17:00,40.7
2025-06-12 14:05:00,55.3
2025-06-12 14:33:00,99.8
2025-06-12 23:48:00,92.1
2025-06-12 21:20:00,22.0
2025-06-12 11:08:00,53.7
2025-06-12 20:12:00,78.1
2025-06-12 04:17:00,62.8
2025-06-12 06:02:00,20.1
2025-06-12 08:16:00,65.8
2025-06-12 06:17:00,61.7
2025-06-12 02:20:00,20.0
2025-06-12 12:46:00,66.4
2025-06-12 18:04:00,53.8
2025-06-12 23:58:00,62.8
2025-06-12 10:44:00,58.6
2025-06-12 00:42:00,50.12778039031272
2025-06-12 10:59:00,7.8
2025-06-12 15:25:00,10.5
2025-06-12 09:21:00,51.1
2025-06-12 12:33:00,64.3
2025-06-12 16:23:00,57.7
2025-06-12 23:50:00,88.1
2025-06-12 10:49:00,93.7
2025-06-12 10:51:00,3.3
2025-06-12 06:14:00,36.7
2025-06-12 11:58:00,35.2
2025-06-12 06:56:00,65.1
2025-06-12 22:42:00,64.7
2025-06-12 01:16:00,1.2
2025-06-12 10:09:00,78.4
2025-06-12 03:11:00,89.0
2025-06-12 14:23:00,58.5
2025-06-12 21:13:00,45.5
2025-06-12 05:15:00,23.2
2025-06-12 08:48:00,26.3
2025-06-12 13:37:00,54.2
2025-06-12 21:35:00,72.7
2025-06-12 13:37:00,1.0
2025-06-12 18:43:00,50.12778039031272
2025-06-12 16:40:00,21.4
2025-06-12 20:17:00,92.0
2025-06-12 08:52:00,42.6
2025-06-12 03:29:00,40.7
2025-06-12 20:59:00,1.9
2025-06-12 15:24:00,33.8
2025-06-12 08:16:00,27.5
2025-06-12 15:22:00,35.4
2025-06-12 16:47:00,33.1
2025-06-12 17:37:00,74.0
2025-06-12 03:31:00,16.6
2025-06-12 11:07:00,90.8
2025-06-12 04:47:00,61.1
2025-06-12 08:03:00,45.2
2025-06-12 01:52:00,32.3
2025-06-12 09:18:00,26.6
2025-06-12 20:13:00,33.0
2025-06-12 22:12:00,56.5
2025-06-12 14:25:00,45.6
2025-06-12 13:10:00,69.6
2025-06-12 14:34:00,14.3
2025-06-12 21:46:00,44.3
2025-06-12 06:51:00,50.12778039031272
2025-06-12 07:32:00,37.0
2025-06-12 06:53:00,34.3
2025-06-12 01:05:00,98.6
2025-06-12 11:49:00,90.9
2025-06-12 20:06:00,12.7
2025-06-12 16:26:00,58.7
2025-06-12 01:44:00,31.7
2025-06-12 00:19:00,50.12778039031272
2025-06-12 10:12:00,54.4
2025-06-12 17:57:00,77.3
2025-06-12 21:56:00,24.3
2025-06-12 04:24:00,50.12778039031272
2025-06-12 10:06:00,31.1
2025-06-12 21:01:00,37.8
2025-06-12 16:03:00,50.4
2025-06-12 01:01:00,82.2
2025-06-12 17:01:00,68.4
2025-06-12 04:17:00,11.8
2025-06-12 15:00:00,95.1
2025-06-12 16:12:00,35.4
2025-06-12 07:38:00,50.12778039031272
2025-06-12 01:38:00,84.7
2025-06-12 14:18:00,50.12778039031272
2025-06-12 00:44:00,56.7
2025-06-12 20:50:00,27.3
2025-06-12 16:11:00,28.9
2025-06-12 21:19:00,54.7
2025-06-12 05:25:00,50.12778039031272
2025-06-12 22:55:00,21.9
2025-06-12 22:23:00,95.8
2025-06-12 13:20:00,19.3
2025-06-12 14:28:00,38.0
2025-06-12 19:11:00,75.0
2025-06-12 03:38:00,50.12778039031272
2025-06-12 04:46:00,44.4
2025-06-12 12:48:00,62.7
2025-06-12 04:57:00,0.4
2025-06-12 11:13:00,48.6
2025-06-12 16:35:00,69.3
2025-06-12 17:37:00,22.8
2025-06-12 16:25:00,76.0
2025-06-12 02:59:00,87.1
2025-06-12 04:39:00,95.7
2025-06-12 16:02:00,68.4
2025-06-12 01:19:00,13.6
2025-06-12 05:37:00,50.12778039031272
2025-06-12 08:16:00,9.1
2025-06-12 23:31:00,50.12778039031272
2025-06-12 06:45:00,80.7
2025-06-12 00:45:00,50.12778039031272
2025-06-12 02:10:00,73.0
2025-06-12 06:50:00,27.1
2025-06-12 19:44:00,50.12778039031272
2025-06-12 00:42:00,33.9
2025-06-12 04:17:00,53.5
2025-06-12 02:03:00,39.8
2025-06-12 08:50:00,50.12778039031272
2025-06-12 02:12:00,54.8
2025-06-12 17:26:00,99.4
2025-06-12 02:59:00,23.2
2025-06-12 16:47:00,83.4
2025-06-12 22:06:00,73.7
2025-06-12 08:18:00,98.8
2025-06-12 02:55:00,50.12778039031272
2025-06-12 22:28:00,50.12778039031272
2025-06-12 03:56:00,1.7
2025-06-12 04:41:00,3.4
2025-06-12 17:04:00,28.7
2025-06-12 04:53:00,50.12778039031272
2025-06-12 10:21:00,27.6
2025-06-12 12:47:00,89.9
2025-06-12 08:33:00,40.3
2025-06-12 09:16:00,65.9
2025-06-12 22:08:00,50.7
2025-06-12 06:37:00,57.5
2025-06-12 12:12:00,11.0
2025-06-12 10:41:00,26.0
2025-06-12 09:15:00,50.12778039031272
2025-06-12 06:30:00,50.12778039031272
2025-06-12 11:00:00,75.5
2025-06-12 07:54:00,9.0
2025-06-12 11:15:00,13.6
2025-06-12 18:25:00,50.12778039031272
2025-06-12 13:54:00,51.1
2025-06-12 01:01:00,14.2
2025-06-12 13:46:00,66.5
2025-06-12 19:57:00,94.9
2025-06-12 00:24:00,48.7
2025-06-12 14:41:00,19.3
2025-06-12 08:06:00,23.0
2025-06-12 08:41:00,58.6
2025-06-12 20:23:00,32.4
2025-06-12 10:37:00,28.9
2025-06-12 21:40:00,88.8
2025-06-12 10:35:00,50.12778039031272
2025-06-12 08:06:00,23.6
2025-06-12 08:53:00,35.4
2025-06-12 04:25:00,53.8
2025-06-12 23:35:00,92.7
2025-06-12 06:43:00,50.12778039031272
2025-06-12 00:03:00,67.5
2025-06-12 23:32:00,97.9
2025-06-12 21:26:00,2.4
2025-06-12 03:04:00,50.12778039031272
2025-06-12 07:51:00,15.8
2025-06-12 07:42:00,17.9
2025-06-12 23:13:00,50.12778039031272
2025-06-12 03:15:00,76.4
2025-06-12 11:06:00,30.7
2025-06-12 23:35:00,6.3
2025-06-12 04:12:00,59.9
2025-06-12 16:50:00,79.0
2025-06-12 23:12:00,50.12778039031272
2025-06-12 18:04:00,56.3
2025-06-12 19:32:00,71.2
2025-06-12 18:21:00,47.0
2025-06-12 04:26:00,10.9
2025-06-12 01:09:00,80.8
2025-06-12 23:38:00,69.7
2025-06-12 14:51:00,79.4
2025-06-12 18:43:00,95.7
2025-06-12 06:19:00,72.7
2025-06-12 14:56:00,60.2
2025-06-12 16:47:00,46.4
2025-06-12 11:02:00,30.8
2025-06-12 09:18:00,62.9
2025-06-12 23:02:00,31.6
2025-06-12 19:23:00,38.8
2025-06-12 14:14:00,50.12778039031272
2025-06-12 17:35:00,50.12778039031272
2025-06-12 06:25:00,2.7
2025-06-12 23:09:00,50.12778039031272
2025-06-12 19:57:00,50.12778039031272
2025-06-12 17:44:00,78.3
2025-06-12 17:36:00,50.12778039031272
2025-06-12 07:25:00,73.1
2025-06-12 14:23:00,14.7
2025-06-12 22:16:00,20.3
2025-06-12 14:12:00,62.9
2025-06-12 21:17:00,42.8
2025-06-12 03:31:00,84.6
2025-06-12 16:30:00,51.5
2025-06-12 15:13:00,50.12778039031272
2025-06-12 01:13:00,17.8
2025-06-12 14:32:00,50.12778039031272
2025-06-12 01:04:00,75.9
2025-06-12 11:27:00,32.4
2025-06-12 07:52:00,87.6
2025-06-12 19:37:00,89.9
2025-06-12 18:39:00,12.6
2025-06-12 23:43:00,52.5
2025-06-12 20:57:00,50.12778039031272
2025-06-12 19:38:00,95.9
2025-06-12 00:47:00,95.3
2025-06-12 17:03:00,4.5
2025-06-12 13:07:00,61.4
2025-06-12 09:34:00,40.8
2025-06-12 10:49:00,23.9
2025-06-12 20:08:00,88.6
2025-06-12 01:07:00,98.6
2025-06-12 22:34:00,95.4
2025-06-12 00:24:00,79.3
2025-06-12 14:45:00,49.8
2025-06-12 06:54:00,20.1
2025-06-12 04:58:00,50.1655304792927
2025-06-12 06:39:00,76.1
2025-06-12 20:22:00,59.4
2025-06-12 14:40:00,50.1655304792927
2025-06-12 15:07:00,89.7
2025-06-12 15:40:00,97.7
2025-06-12 21:25:00,38.1
2025-06-12 22:31:00,28.4
2025-06-12 00:47:00,84.8
2025-06-12 02:55:00,48.2
2025-06-12 15:01:00,50.1655304792927
2025-06-12 18:56:00,42.7
2025-06-12 03:08:00,63.3
2025-06-12 03:36:00,70.7
2025-06-12 07:55:00,59.4
2025-06-12 14:53:00,61.0
2025-06-12 23:00:00,53.8
2025-06-12 23:01:00,62.5
2025-06-12 11:57:00,10.3
2025-06-12 18:36:00,47.6
2025-06-12 03:44:00,74.4
2025-06-12 17:17:00,54.0
2025-06-12 01:55:00,25.8
2025-06-12 21:08:00,41.6
2025-06-12 17:35:00,45.5
2025-06-12 20:48:00,74.9
2025-06-12 14:15:00,45.4
2025-06-12 23:16:00,51.6
2025-06-12 23:39:00,26.0
2025-06-12 20:57:00,35.2
2025-06-12 20:56:00,10.4
2025-06-12 02:35:00,20.5
2025-06-12 04:03:00,50.1655304792927
2025-06-12 15:40:00,89.8
2025-06-12 21:32:00,36.5
2025-06-12 11:20:00,12.8
2025-06-12 05:04:00,50.1655304792927
2025-06-12 21:33:00,48.7
2025-06-12 17:37:00,56.9
2025-06-12 05:11:00,6.1
2025-06-12 22:50:00,50.1655304792927
2025-06-12 08:57:00,40.0
2025-06-12 03:27:00,20.7
2025-06-12 19:15:00,79.0
2025-06-12 02:43:00,75.1
2025-06-12 10:35:00,99.8
2025-06-12 03:54:00,29.9
2025-06-12 18:54:00,41.0
2025-06-12 17:05:00,50.1655304792927
2025-06-12 10:26:00,14.7
2025-06-12 00:01:00,12.2
2025-06-12 09:41:00,7.3
2025-06-12 07:50:00,17.4
2025-06-12 02:18:00,94.1
2025-06-12 13:38:00,27.3
2025-06-12 23:34:00,65.8
2025-06-12 06:12:00,30.8
2025-06-12 09:49:00,50.1655304792927
2025-06-12 04:53:00,62.7
2025-06-12 02:36:00,17.0
2025-06-12 13:14:00,91.9
2025-06-12 04:35:00,56.5
2025-06-12 05:08:00,78.8
2025-06-12 12:54:00,48.5
2025-06-12 18:29:00,95.2
2025-06-12 14:13:00,91.4
2025-06-12 22:47:00,37.3
2025-06-12 23:17:00,15.0
2025-06-12 21:34:00,50.1655304792927
2025-06-12 17:33:00,74.4
2025-06-12 10:26:00,87.0
2025-06-12 08:29:00,19.7
2025-06-12 03:41:00,46.5
2025-06-12 04:03:00,84.5
2025-06-12 21:46:00,55.6
2025-06-12 17:47:00,72.5
2025-06-12 20:58:00,7.0
2025-06-12 19:10:00,47.1
2025-06-12 22:05:00,63.5
2025-06-12 22:06:00,26.4
2025-06-12 00:52:00,16.5
2025-06-12 01:48:00,50.1655304792927
2025-06-12 00:18:00,2.3
2025-06-12 00:36:00,61.2
2025-06-12 12:48:00,98.8
2025-06-12 03:31:00,89.5
2025-06-12 23:33:00,85.6
2025-06-12 03:48:00,4.3
2025-06-12 18:39:00,60.0
2025-06-12 14:55:00,74.2
2025-06-12 04:47:00,10.5
2025-06-12 11:38:00,24.9
2025-06-12 04:43:00,94.5
2025-06-12 20:29:00,50.1655304792927
2025-06-12 21:51:00,54.7
2025-06-12 17:37:00,31.9
2025-06-12 13:09:00,70.8
2025-06-12 16:36:00,44.7
2025-06-12 23:35:00,41.5
2025-06-12 05:21:00,27.7
2025-06-12 01:29:00,75.9
2025-06-12 14:08:00,2.2
2025-06-12 21:44:00,32.1
2025-06-12 07:13:00,81.0
2025-06-12 05:54:00,89.5
2025-06-12 03:33:00,82.4
2025-06-12 18:59:00,78.1
2025-06-12 03:43:00,68.0
2025-06-12 03:32:00,66.9
2025-06-12 20:32:00,22.6
2025-06-12 00:25:00,40.8
2025-06-12 10:00:00,14.5
2025-06-12 19:55:00,36.4
2025-06-12 14:53:00,36.2
2025-06-12 04:55:00,61.8
2025-06-12 17:21:00,48.7
2025-06-12 14:52:00,23.0
2025-06-12 11:54:00,1.2
2025-06-12 19:31:00,32.9
2025-06-12 08:56:00,42.8
2025-06-12 23:30:00,36.1
2025-06-12 16:22:00,32.7
2025-06-12 00:29:00,96.5
2025-06-12 05:50:00,57.2
2025-06-12 21:05:00,98.7
2025-06-12 15:49:00,5.9
2025-06-12 05:18:00,57.1
2025-06-12 01:55:00,11.8
2025-06-12 21:32:00,45.8
2025-06-12 16:31:00,29.8
2025-06-12 06:54:00,17.3
2025-06-12 03:49:00,44.0
2025-06-12 00:18:00,73.9
2025-06-12 12:38:00,24.7
2025-06-12 13:59:00,34.0
2025-06-12 19:09:00,8.0
2025-06-12 03:33:00,31.3
2025-06-12 01:25:00,87.5
2025-06-12 01:56:00,30.9
2025-06-12 15:54:00,43.0
2025-06-12 18:29:00,18.4
2025-06-12 00:00:00,58.9
2025-06-12 21:01:00,91.3
2025-06-12 14:13:00,74.8
2025-06-12 00:52:00,51.1
2025-06-12 22:46:00,26.3
2025-06-12 03:12:00,63.2
2025-06-12 10:32:00,63.1
2025-06-12 07:37:00,13.9
2025-06-12 19:36:00,93.6
2025-06-12 02:33:00,63.8
2025-06-12 06:24:00,0.5
2025-06-12 11:07:00,55.1
2025-06-12 04:31:00,72.5
2025-06-12 19:27:00,95.7
2025-06-12 22:25:00,96.1
2025-06-12 01:21:00,26.8
2025-06-12 15:43:00,94.5
2025-06-12 13:41:00,43.7
2025-06-12 14:28:00,49.1
2025-06-12 18:56:00,45.4
2025-06-12 03:34:00,97.0
2025-06-12 12:55:00,71.1
2025-06-12 23:17:00,65.8
2025-06-12 15:37:00,49.5
2025-06-12 04:14:00,88.6
2025-06-12 06:40:00,2.7
2025-06-12 00:40:00,77.4
2025-06-12 10:16:00,61.6
2025-06-12 09:06:00,77.9
2025-06-12 23:09:00,50.1655304792927
2025-06-12 01:43:00,68.1
2025-06-12 23:34:00,71.1
2025-06-12 15:47:00,99.1
2025-06-12 04:47:00,52.0
2025-06-12 06:33:00,53.9
2025-06-12 19:27:00,73.1
2025-06-12 09:56:00,20.5
2025-06-12 11:35:00,64.1
2025-06-12 19:56:00,50.1655304792927
2025-06-12 14:35:00,35.7
2025-06-12 19:11:00,6.2
2025-06-12 08:53:00,50.1655304792927
2025-06-12 19:50:00,9.2
2025-06-12 02:45:00,9.0
2025-06-12 05:52:00,1.1
2025-06-12 06:29:00,68.3
2025-06-12 01:41:00,63.1
2025-06-12 04:04:00,86.8
2025-06-12 01:16:00,88.8
2025-06-12 13:46:00,8.9
2025-06-12 15:21:00,77.6
2025-06-12 07:24:00,25.3
2025-06-12 10:54:00,50.1655304792927
2025-06-12 05:41:00,54.8
2025-06-12 06:14:00,95.6
2025-06-12 23:56:00,54.2
2025-06-12 03:10:00,50.2
2025-06-12 17:56:00,63.1
2025-06-12 17:36:00,27.5
2025-06-12 18:52:00,50.1655304792927
2025-06-12 03:14:00,50.1655304792927
2025-06-12 15:59:00,50.1655304792927
2025-06-12 02:40:00,64.4
2025-06-12 21:12:00,17.3
2025-06-12 05:21:00,69.0
2025-06-12 16:40:00,58.9
2025-06-12 23:43:00,51.8
2025-06-12 07:05:00,60.8
2025-06-12 00:16:00,40.4
2025-06-12 19:05:00,94.5
2025-06-12 01:26:00,3.2
2025-06-12 00:55:00,9.3
2025-06-12 14:42:00,7.4
2025-06-12 20:40:00,23.6
2025-06-12 08:20:00,2.2
2025-06-12 00:05:00,53.8
2025-06-12 08:25:00,90.6
2025-06-12 11:20:00,31.1
2025-06-12 17:28:00,92.0
2025-06-12 03:35:00,74.5
2025-06-12 02:57:00,54.4
2025-06-12 04:56:00,64.7
2025-06-12 05:06:00,50.1655304792927
2025-06-12 19:43:00,50.1655304792927
2025-06-12 01:33:00,12.3
2025-06-12 20:16:00,72.1
2025-06-12 06:18:00,53.4
2025-06-12 01:27:00,50.1655304792927
2025-06-12 03:08:00,90.2
2025-06-12 14:07:00,26.4
2025-06-12 08:34:00,54.0
2025-06-12 20:48:00,80.2
2025-06-12 14:53:00,90.2
2025-06-12 19:22:00,15.8
2025-06-12 12:59:00,50.1655304792927
2025-06-12 03:57:00,29.9
2025-06-12 15:23:00,40.9
2025-06-12 15:08:00,14.6
2025-06-12 01:12:00,56.4
2025-06-12 17:23:00,38.3
2025-06-12 05:50:00,62.1
2025-06-12 00:25:00,78.2
2025-06-12 08:15:00,54.6
2025-06-12 02:51:00,27.0
2025-06-12 17:45:00,38.3
2025-06-12 18:52:00,79.4
2025-06-12 18:44:00,43.6
2025-06-12 04:10:00,37.3
2025-06-12 19:59:00,61.5
2025-06-12 13:52:00,73.7
2025-06-12 02:28:00,49.4
2025-06-12 19:51:00,36.8
2025-06-12 00:43:00,25.3
2025-06-12 07:22:00,87.8
2025-06-12 20:03:00,53.5
2025-06-12 12:40:00,14.6
2025-06-12 11:38:00,38.0
2025-06-12 10:06:00,50.1655304792927
2025-06-12 20:49:00,54.8
2025-06-12 18:02:00,3.6
2025-06-12 15:06:00,50.1655304792927
2025-06-12 16:01:00,35.6
2025-06-12 22:54:00,22.4
2025-06-12 14:18:00,71.6
2025-06-12 16:11:00,50.1655304792927
2025-06-12 20:25:00,86.0
2025-06-12 01:32:00,11.5
2025-06-12 03:38:00,10.2
2025-06-12 21:09:00,94.4
2025-06-12 05:43:00,88.3
2025-06-12 01:50:00,94.0
2025-06-12 18:49:00,50.1655304792927
2025-06-12 03:42:00,73.0
2025-06-12 03:25:00,46.0
2025-06-12 00:41:00,13.4
2025-06-12 00:30:00,19.4
2025-06-12 02:30:00,79.4
2025-06-12 17:30:00,89.9
2025-06-12 10:30:00,21.5
2025-06-12 03:24:00,59.7
2025-06-12 23:47:00,50.1655304792927
2025-06-12 19:56:00,38.1
2025-06-12 18:41:00,94.7
2025-06-12 22:19:00,50.1655304792927
2025-06-12 10:49:00,51.1
2025-06-12 03:55:00,50.1655304792927
2025-06-12 23:40:00,56.4
2025-06-12 20:48:00,30.4
2025-06-12 04:49:00,50.1655304792927
2025-06-12 03:39:00,50.1655304792927
2025-06-12 15:37:00,50.1655304792927
2025-06-12 13:14:00,40.1
2025-06-12 06:28:00,83.6
2025-06-12 20:04:00,75.2
2025-06-12 19:14:00,42.9
2025-06-12 13:52:00,34.8
2025-06-12 12:23:00,54.2
2025-06-12 19:21:00,35.9
2025-06-12 02:06:00,88.3
2025-06-12 06:56:00,25.3
2025-06-12 15:28:00,78.8
2025-06-12 23:14:00,64.7
2025-06-12 04:14:00,50.1655304792927
2025-06-12 06:04:00,69.9
2025-06-12 01:59:00,43.8
2025-06-12 00:03:00,19.5
2025-06-12 23:18:00,82.9
2025-06-12 23:07:00,94.2
2025-06-12 13:14:00,6.6
2025-06-12 23:31:00,75.9
2025-06-12 21:39:00,40.1
2025-06-12 07:37:00,1.9
2025-06-12 14:12:00,68.3
2025-06-12 07:43:00,37.5
2025-06-12 02:04:00,50.2
2025-06-12 21:01:00,92.3
2025-06-12 16:49:00,15.1
2025-06-12 22:58:00,67.9
2025-06-12 13:46:00,55.5
2025-06-12 03:25:00,50.1655304792927
2025-06-12 11:53:00,97.2
2025-06-12 03:29:00,32.9
2025-06-12 15:33:00,67.5
2025-06-12 13:42:00,44.6
2025-06-12 17:01:00,50.1655304792927
2025-06-12 12:42:00,50.0
2025-06-12 02:49:00,84.2
2025-06-12 11:53:00,39.8
2025-06-12 19:01:00,55.2
2025-06-12 09:34:00,13.9
2025-06-12 21:57:00,13.0
2025-06-12 04:19:00,85.3
2025-06-12 02:57:00,68.2
2025-06-12 17:31:00,50.16485882352941
2025-06-12 18:36:00,50.16485882352941
2025-06-12 20:34:00,90.4
2025-06-12 01:38:00,57.6
2025-06-12 05:58:00,59.2
2025-06-12 17:59:00,50.16485882352941
2025-06-12 11:47:00,50.16485882352941
2025-06-12 17:08:00,50.16485882352941
2025-06-12 22:39:00,98.1
2025-06-12 15:03:00,6.4
2025-06-12 10:36:00,54.5
2025-06-12 14:41:00,67.3
2025-06-12 00:19:00,99.8
2025-06-12 23:50:00,82.5
2025-06-12 16:58:00,50.16485882352941
2025-06-12 17:30:00,50.16485882352941
2025-06-12 17:33:00,50.16485882352941
2025-06-12 19:51:00,19.6
2025-06-12 10:39:00,38.0
2025-06-12 18:55:00,3.3
2025-06-12 04:10:00,53.3
2025-06-12 03:03:00,28.9
2025-06-12 03:42:00,50.16485882352941
2025-06-12 05:35:00,78.0
2025-06-12 01:40:00,43.4
2025-06-12 19:15:00,74.8
2025-06-12 00:51:00,44.6
2025-06-12 00:49:00,15.7
2025-06-12 09:06:00,63.0
2025-06-12 07:57:00,67.0
2025-06-12 19:07:00,48.0
2025-06-12 00:42:00,99.1
2025-06-12 06:53:00,13.1
2025-06-12 00:52:00,7.9
2025-06-12 04:09:00,59.1
2025-06-12 11:07:00,25.1
2025-06-12 13:18:00,32.7
2025-06-12 10:27:00,3.0
2025-06-12 13:02:00,65.2
2025-06-12 00:09:00,45.9
2025-06-12 02:10:00,74.5
2025-06-12 20:46:00,45.9
2025-06-12 09:07:00,90.2
2025-06-12 21:26:00,35.2
2025-06-12 06:20:00,39.6
2025-06-12 08:43:00,67.5
2025-06-12 14:14:00,70.9
2025-06-12 00:10:00,13.0
2025-06-12 16:11:00,81.9
2025-06-12 03:11:00,48.6
2025-06-12 03:34:00,68.0
2025-06-12 08:21:00,5.9
2025-06-12 21:06:00,79.7
2025-06-12 12:58:00,50.9
2025-06-12 00:10:00,27.0
2025-06-12 12:36:00,50.16485882352941
2025-06-12 07:49:00,41.3
2025-06-12 03:04:00,59.8
2025-06-12 00:58:00,98.5
2025-06-12 16:34:00,63.3
2025-06-12 02:03:00,0.3
2025-06-12 14:09:00,16.7
2025-06-12 03:45:00,19.7
2025-06-12 22:51:00,22.6
2025-06-12 06:10:00,72.0
2025-06-12 15:31:00,29.2
2025-06-12 06:04:00,77.6
2025-06-12 05:28:00,95.1
2025-06-12 09:37:00,26.7
2025-06-12 22:36:00,50.16485882352941
2025-06-12 01:57:00,18.4
2025-06-12 06:20:00,98.9
2025-06-12 22:41:00,50.16485882352941
2025-06-12 01:32:00,85.4
2025-06-12 05:00:00,50.16485882352941
2025-06-12 11:32:00,98.1
2025-06-12 16:15:00,67.7
2025-06-12 01:28:00,86.6
2025-06-12 01:37:00,52.5
2025-06-12 07:40:00,50.1
2025-06-12 04:11:00,2.8
2025-06-12 18:45:00,46.5
2025-06-12 23:21:00,87.8
2025-06-12 20:26:00,24.9
2025-06-12 22:53:00,17.7
2025-06-12 03:23:00,67.4
2025-06-12 10:08:00,54.7
2025-06-12 06:26:00,50.16485882352941
2025-06-12 12:12:00,16.9
2025-06-12 16:11:00,50.16485882352941
2025-06-12 21:45:00,5.3
2025-06-12 03:28:00,84.0
2025-06-12 19:56:00,39.2
2025-06-12 12:26:00,85.8
2025-06-12 07:41:00,38.7
2025-06-12 01:03:00,62.5
2025-06-12 03:37:00,39.7
2025-06-12 20:24:00,50.16485882352941
2025-06-12 04:18:00,70.4
2025-06-12 02:06:00,35.1
2025-06-12 16:40:00,50.16485882352941
2025-06-12 00:25:00,34.4
2025-06-12 07:46:00,17.4
2025-06-12 02:57:00,50.16485882352941
2025-06-12 00:25:00,31.9
2025-06-12 19:09:00,30.8
2025-06-12 09:42:00,65.7
2025-06-12 05:41:00,64.8
2025-06-12 21:48:00,92.8
2025-06-12 23:15:00,17.2
2025-06-12 04:37:00,33.6
2025-06-12 11:02:00,40.7
2025-06-12 07:31:00,90.9
2025-06-12 15:35:00,46.2
2025-06-12 01:00:00,72.6
2025-06-12 23:01:00,65.6
2025-06-12 00:38:00,92.5
2025-06-12 11:17:00,56.7
2025-06-12 06:30:00,53.4
2025-06-12 06:05:00,5.5
2025-06-12 00:15:00,50.16485882352941
2025-06-12 05:57:00,50.16485882352941
2025-06-12 21:34:00,98.1
2025-06-12 17:37:00,66.2
2025-06-12 23:59:00,6.9
2025-06-12 08:38:00,53.2
2025-06-12 07:00:00,44.7
2025-06-12 04:28:00,24.4
2025-06-12 06:08:00,66.9
2025-06-12 12:33:00,87.3
2025-06-12 20:13:00,22.9
2025-06-12 23:38:00,50.16485882352941
2025-06-12 14:47:00,98.1
2025-06-12 20:14:00,96.8
2025-06-12 00:54:00,78.0
2025-06-12 15:34:00,76.8
2025-06-12 00:18:00,20.1
2025-06-12 01:15:00,18.6
2025-06-12 00:16:00,23.4
2025-06-12 19:28:00,3.9
2025-06-12 06:02:00,68.0
2025-06-12 06:27:00,50.16485882352941
2025-06-12 16:49:00,50.16485882352941
2025-06-12 06:25:00,63.3
2025-06-12 18:11:00,50.16485882352941
2025-06-12 02:49:00,29.6
2025-06-12 00:25:00,28.6
2025-06-12 02:46:00,9.5
2025-06-12 16:06:00,40.8
2025-06-12 01:22:00,74.8
2025-06-12 09:39:00,97.7
2025-06-12 18:31:00,50.16485882352941
2025-06-12 08:17:00,50.16485882352941
2025-06-12 00:36:00,49.9
2025-06-12 10:18:00,69.9
2025-06-12 17:32:00,29.0
2025-06-12 06:46:00,21.0
2025-06-12 06:43:00,50.16485882352941
2025-06-12 01:10:00,20.0
2025-06-12 01:40:00,98.0
2025-06-12 06:12:00,14.2
2025-06-12 05:56:00,50.16485882352941
2025-06-12 09:07:00,67.0
2025-06-12 21:42:00,78.6
2025-06-12 01:15:00,15.3
2025-06-12 15:29:00,28.0
2025-06-12 15:50:00,59.3
2025-06-12 08:29:00,50.6
2025-06-12 23:40:00,43.6
2025-06-12 21:46:00,61.4
2025-06-12 20:57:00,69.4
2025-06-12 14:26:00,8.6
2025-06-12 21:49:00,9.9
2025-06-12 20:02:00,68.5
2025-06-12 17:46:00,72.9
2025-06-12 00:23:00,58.5
2025-06-12 03:17:00,50.16485882352941
2025-06-12 10:53:00,40.0
2025-06-12 08:38:00,54.7
2025-06-12 05:36:00,35.9
2025-06-12 09:15:00,95.6
2025-06-12 23:18:00,49.5
2025-06-12 02:34:00,50.8
2025-06-12 07:01:00,22.4
2025-06-12 02:32:00,30.3
2025-06-12 12:50:00,9.5
2025-06-12 08:27:00,99.5
2025-06-12 23:01:00,8.6
2025-06-12 04:13:00,33.3
2025-06-12 16:19:00,88.5
2025-06-12 18:26:00,70.9
2025-06-12 11:48:00,50.16485882352941
2025-06-12 22:43:00,77.8
2025-06-12 03:54:00,45.7
2025-06-12 08:23:00,66.5
2025-06-12 16:57:00,31.4
2025-06-12 19:09:00,60.4
2025-06-12 10:27:00,95.0
2025-06-12 21:35:00,46.0
2025-06-12 00:01:00,84.9
2025-06-12 03:28:00,94.3
2025-06-12 12:59:00,50.16485882352941
2025-06-12 00:12:00,35.7
2025-06-12 19:30:00,45.8
2025-06-12 15:30:00,52.6
2025-06-12 08:35:00,66.0
2025-06-12 08:50:00,50.16485882352941
2025-06-12 07:23:00,87.7
2025-06-12 19:55:00,14.5
2025-06-12 16:07:00,50.16485882352941
2025-06-12 23:36:00,66.9
2025-06-12 16:28:00,88.8
2025-06-12 04:44:00,67.3
2025-06-12 08:10:00,50.16485882352941
2025-06-12 19:55:00,65.2
2025-06-12 11:46:00,70.1
2025-06-12 07:03:00,39.3
2025-06-12 07:14:00,50.16485882352941
2025-06-12 06:34:00,46.8
2025-06-12 23:47:00,91.9
2025-06-12 10:46:00,65.3
2025-06-12 18:53:00,27.1
2025-06-12 00:31:00,7.0
2025-06-12 22:29:00,32.6
2025-06-12 23:24:00,46.0
2025-06-12 22:07:00,15.7
2025-06-12 10:10:00,50.16485882352941
2025-06-12 18:23:00,38.9
2025-06-12 13:56:00,88.8
2025-06-12 03:15:00,19.3
2025-06-12 07:41:00,67.4
2025-06-12 17:35:00,8.6
2025-06-12 09:29:00,34.0
2025-06-12 10:43:00,49.8
2025-06-12 07:02:00,50.16485882352941
2025-06-12 12:51:00,88.0
2025-06-12 19:59:00,22.8
2025-06-12 05:51:00,82.1
2025-06-12 19:11:00,99.9
2025-06-12 18:04:00,76.1
2025-06-12 21:04:00,80.8
2025-06-12 22:24:00,15.1
2025-06-12 17:51:00,44.5
2025-06-12 11:48:00,73.4
2025-06-12 23:03:00,15.2
2025-06-12 01:24:00,71.9
2025-06-12 06:15:00,18.9
2025-06-12 09:01:00,24.1
2025-06-12 07:22:00,29.9
2025-06-12 10:57:00,94.1
2025-06-12 07:48:00,89.1
2025-06-12 16:42:00,71.8
2025-06-12 20:10:00,79.3
2025-06-12 03:37:00,50.16485882352941
2025-06-12 11:28:00,77.3
2025-06-12 07:22:00,50.16485882352941
2025-06-12 07:28:00,45.9
2025-06-12 03:34:00,9.0
2025-06-12 00:35:00,49.8
2025-06-12 12:26:00,20.4
2025-06-12 23:07:00,50.16485882352941
2025-06-12 23:29:00,50.16485882352941
2025-06-12 04:30:00,78.7
2025-06-12 17:52:00,50.16485882352941
2025-06-12 06:03:00,47.3
2025-06-12 06:21:00,95.3
2025-06-12 21:35:00,81.3
2025-06-12 12:50:00,50.16485882352941
2025-06-12 22:45:00,32.0
2025-06-12 09:41:00,50.16485882352941
2025-06-12 04:27:00,79.6
2025-06-12 13:38:00,0.6
2025-06-12 11:42:00,14.7
2025-06-12 20:16:00,24.0
2025-06-12 23:49:00,14.6
2025-06-12 14:00:00,50.16485882352941
2025-06-12 19:31:00,63.3
2025-06-12 05:59:00,67.6
2025-06-12 00:54:00,50.16485882352941
2025-06-12 02:35:00,48.9
2025-06-12 20:20:00,69.3
2025-06-12 00:17:00,16.9
2025-06-12 00:33:00,23.5
2025-06-12 22:04:00,50.16485882352941
2025-06-12 17:20:00,50.16485882352941
2025-06-12 13:44:00,16.2
2025-06-12 02:05:00,18.4
2025-06-12 21:55:00,2.9
2025-06-12 01:17:00,47.9
2025-06-12 20:33:00,82.0
2025-06-12 21:27:00,32.3
2025-06-12 08:39:00,50.16485882352941
2025-06-12 07:58:00,37.7
2025-06-12 00:51:00,77.7
2025-06-12 21:07:00,37.9
2025-06-12 20:53:00,35.5
2025-06-12 17:04:00,84.9
2025-06-12 08:44:00,41.5
2025-06-12 15:40:00,27.5
2025-06-12 16:02:00,31.1
2025-06-12 23:44:00,50.16485882352941
2025-06-12 18:26:00,73.7
2025-06-12 09:46:00,50.16485882352941
2025-06-12 05:57:00,50.16485882352941
2025-06-12 11:56:00,50.16485882352941
2025-06-12 18:15:00,31.0
2025-06-12 16:12:00,50.16485882352941
2025-06-12 04:45:00,64.9
2025-06-12 11:56:00,3.2
2025-06-12 09:00:00,14.9
2025-06-12 11:55:00,69.1
2025-06-12 11:40:00,56.0
2025-06-12 22:20:00,8.3
2025-06-12 21:03:00,16.0
2025-06-12 10:02:00,50.16485882352941
2025-06-12 02:08:00,97.6
2025-06-12 05:30:00,90.7
2025-06-12 08:49:00,4.4
2025-06-12 10:30:00,89.6
2025-06-12 00:13:00,32.5
2025-06-12 22:05:00,13.6
2025-06-12 01:05:00,64.2
2025-06-12 18:27:00,50.16485882352941
2025-06-12 10:17:00,12.1
2025-06-12 13:33:00,50.16485882352941
2025-06-12 13:07:00,50.16485882352941
2025-06-12 10:36:00,58.8
2025-06-12 22:49:00,30.5
2025-06-12 12:59:00,99.0
2025-06-12 04:43:00,78.5
2025-06-12 02:49:00,92.2
2025-06-12 22:31:00,83.1
2025-06-12 19:25:00,78.6
2025-06-12 03:10:00,13.2
2025-06-12 19:51:00,39.7
2025-06-12 06:16:00,50.16485882352941
2025-06-12 06:50:00,50.16485882352941
2025-06-12 07:34:00,77.5
2025-06-12 21:14:00,46.7
2025-06-12 08:34:00,9.5
2025-06-12 21:11:00,1.4
2025-06-12 09:59:00,55.5
2025-06-12 07:05:00,50.9
2025-06-12 20:19:00,49.7
2025-06-12 22:58:00,31.7
2025-06-12 14:36:00,49.40323484760014
2025-06-12 14:54:00,68.6
2025-06-12 09:39:00,25.7
2025-06-12 01:28:00,49.40323484760014
2025-06-12 17:56:00,49.40323484760014
2025-06-12 14:45:00,49.40323484760014
2025-06-12 16:35:00,9.0
2025-06-12 19:05:00,42.8
2025-06-12 19:22:00,52.6
2025-06-12 21:58:00,69.1
2025-06-12 06:43:00,91.4
2025-06-12 08:00:00,62.7
2025-06-12 08:32:00,45.0
2025-06-12 16:49:00,79.9
2025-06-12 04:38:00,33.0
2025-06-12 15:15:00,38.6
2025-06-12 22:58:00,49.40323484760014
2025-06-12 00:01:00,49.40323484760014
2025-06-12 21:08:00,53.4
2025-06-12 08:55:00,84.9
2025-06-12 17:54:00,68.6
2025-06-12 16:54:00,49.40323484760014
2025-06-12 03:36:00,70.3
2025-06-12 17:44:00,29.0
2025-06-12 22:23:00,49.40323484760014
2025-06-12 18:42:00,30.1
2025-06-12 23:25:00,85.4
2025-06-12 23:27:00,59.5
2025-06-12 05:24:00,49.40323484760014
2025-06-12 06:14:00,42.1
2025-06-12 04:56:00,76.0
2025-06-12 06:46:00,14.3
2025-06-12 22:38:00,68.8
2025-06-12 14:28:00,31.8
2025-06-12 09:28:00,33.8
2025-06-12 21:10:00,13.7
2025-06-12 02:39:00,11.0
2025-06-12 17:53:00,6.1
2025-06-12 09:03:00,52.5
2025-06-12 20:13:00,49.40323484760014
2025-06-12 21:06:00,49.40323484760014
2025-06-12 09:13:00,11.1
2025-06-12 05:59:00,50.6
2025-06-12 19:58:00,71.5
2025-06-12 17:50:00,11.8
2025-06-12 11:42:00,48.9
2025-06-12 12:56:00,77.9
2025-06-12 06:01:00,96.6
2025-06-12 04:37:00,40.7
2025-06-12 19:46:00,13.3
2025-06-12 11:10:00,16.6
2025-06-12 13:13:00,96.2
2025-06-12 17:10:00,49.40323484760014
2025-06-12 23:05:00,99.5
2025-06-12 03:28:00,91.3
2025-06-12 06:31:00,64.1
2025-06-12 01:41:00,48.2
2025-06-12 08:46:00,97.5
2025-06-12 14:18:00,22.7
2025-06-12 02:59:00,36.6
2025-06-12 13:50:00,95.5
2025-06-12 16:38:00,28.8
2025-06-12 04:26:00,15.9
2025-06-12 19:00:00,50.3
2025-06-12 00:05:00,70.3
2025-06-12 00:12:00,73.2
2025-06-12 14:55:00,49.40323484760014
2025-06-12 07:56:00,49.40323484760014
2025-06-12 01:44:00,97.8
2025-06-12 06:54:00,13.6
2025-06-12 21:25:00,45.3
2025-06-12 00:16:00,38.6
2025-06-12 13:04:00,56.1
2025-06-12 15:52:00,66.9
2025-06-12 08:08:00,61.3
2025-06-12 03:26:00,95.0
2025-06-12 20:15:00,53.4
2025-06-12 15:24:00,54.6
2025-06-12 03:50:00,88.2
2025-06-12 10:48:00,93.3
2025-06-12 11:14:00,98.1
2025-06-12 08:59:00,50.7
2025-06-12 09:32:00,44.5
2025-06-12 09:07:00,96.6
2025-06-12 21:24:00,39.4
2025-06-12 14:51:00,49.40323484760014
2025-06-12 04:58:00,34.1
2025-06-12 18:08:00,49.40323484760014
2025-06-12 09:53:00,51.2
2025-06-12 23:17:00,76.0
2025-06-12 19:40:00,85.9
2025-06-12 22:15:00,0.7
2025-06-12 08:33:00,81.3
2025-06-12 22:02:00,31.8
2025-06-12 07:32:00,54.7
2025-06-12 10:46:00,49.40323484760014
2025-06-12 20:04:00,72.6
2025-06-12 19:02:00,49.40323484760014
2025-06-12 03:28:00,49.40323484760014
2025-06-12 09:51:00,73.3
2025-06-12 16:03:00,35.7
2025-06-12 22:27:00,58.3
2025-06-12 08:00:00,33.8
2025-06-12 17:51:00,34.8
2025-06-12 01:09:00,79.5
2025-06-12 09:51:00,59.5
2025-06-12 01:56:00,81.0
2025-06-12 05:47:00,92.6
2025-06-12 01:10:00,55.3
2025-06-12 04:25:00,48.8
2025-06-12 22:03:00,62.9
2025-06-12 06:14:00,82.6
2025-06-12 09:18:00,83.4
2025-06-12 23:20:00,49.40323484760014
2025-06-12 11:39:00,70.0
2025-06-12 03:15:00,83.9
2025-06-12 01:04:00,49.40323484760014
2025-06-12 05:17:00,79.6
2025-06-12 00:05:00,13.2
2025-06-12 12:29:00,17.7
2025-06-12 15:35:00,9.7
2025-06-12 06:04:00,8.6
2025-06-12 10:14:00,13.2
2025-06-12 23:58:00,13.3
2025-06-12 01:46:00,64.4
2025-06-12 01:06:00,7.4
2025-06-12 12:37:00,49.1
2025-06-12 17:12:00,44.5
2025-06-12 14:34:00,75.2
2025-06-12 02:34:00,49.0
2025-06-12 09:18:00,12.7
2025-06-12 03:53:00,11.2
2025-06-12 01:33:00,54.4
2025-06-12 20:15:00,65.8
2025-06-12 22:50:00,59.4
2025-06-12 14:09:00,59.7
2025-06-12 08:15:00,61.3
2025-06-12 13:19:00,92.5
2025-06-12 17:23:00,59.5
2025-06-12 22:14:00,19.5
2025-06-12 17:32:00,43.0
2025-06-12 22:28:00,95.8
2025-06-12 14:06:00,49.40323484760014
2025-06-12 19:23:00,49.40323484760014
2025-06-12 08:17:00,42.4
2025-06-12 05:10:00,27.3
2025-06-12 05:50:00,31.3
2025-06-12 06:05:00,17.3
2025-06-12 00:29:00,68.1
2025-06-12 23:45:00,90.9
2025-06-12 19:05:00,3.3
2025-06-12 06:39:00,49.40323484760014
2025-06-12 10:32:00,59.9
2025-06-12 01:22:00,15.5
2025-06-12 08:50:00,6.3
2025-06-12 13:50:00,28.0
2025-06-12 14:11:00,49.40323484760014
2025-06-12 09:16:00,17.9
2025-06-12 12:01:00,33.5
2025-06-12 08:46:00,43.2
2025-06-12 19:21:00,33.7
2025-06-12 20:39:00,23.1
2025-06-12 03:37:00,23.6
2025-06-12 19:31:00,78.2
2025-06-12 17:47:00,49.40323484760014
2025-06-12 03:45:00,12.6
2025-06-12 22:10:00,16.0
2025-06-12 10:36:00,15.5
2025-06-12 09:23:00,6.3
2025-06-12 22:21:00,49.40323484760014
2025-06-12 15:39:00,20.2
2025-06-12 20:41:00,66.3
2025-06-12 04:35:00,70.5
2025-06-12 03:09:00,94.3
2025-06-12 03:26:00,91.2
2025-06-12 21:42:00,22.5
2025-06-12 21:33:00,52.7
2025-06-12 13:56:00,50.3
2025-06-12 08:55:00,4.5
2025-06-12 23:07:00,49.40323484760014
2025-06-12 00:54:00,11.2
2025-06-12 01:22:00,62.8
2025-06-12 04:52:00,87.5
2025-06-12 06:22:00,68.8
2025-06-12 15:19:00,55.4
2025-06-12 13:28:00,76.8
2025-06-12 04:17:00,47.9
2025-06-12 03:29:00,49.40323484760014
2025-06-12 09:45:00,48.6
2025-06-12 11:57:00,54.9
2025-06-12 21:46:00,14.3
2025-06-12 12:14:00,70.2
2025-06-12 10:00:00,47.7
2025-06-12 15:04:00,69.8
2025-06-12 13:18:00,38.1
2025-06-12 11:43:00,64.4
2025-06-12 09:08:00,42.3
2025-06-12 13:44:00,82.1
2025-06-12 06:50:00,86.1
2025-06-12 06:18:00,31.2
2025-06-12 21:19:00,31.6
2025-06-12 21:56:00,31.1
2025-06-12 02:32:00,39.8
2025-06-12 23:52:00,41.5
2025-06-12 14:16:00,18.1
2025-06-12 14:11:00,80.6
2025-06-12 01:24:00,69.1
2025-06-12 11:45:00,49.40323484760014
2025-06-12 01:05:00,76.2
2025-06-12 21:05:00,30.9
2025-06-12 04:16:00,53.3
2025-06-12 22:39:00,49.40323484760014
2025-06-12 11:12:00,64.2
2025-06-12 20:22:00,49.40323484760014
2025-06-12 19:41:00,1.3
2025-06-12 21:13:00,49.40323484760014
2025-06-12 12:02:00,49.40323484760014
2025-06-12 11:17:00,49.40323484760014
2025-06-12 10:28:00,14.1
2025-06-12 09:05:00,84.6
2025-06-12 14:24:00,16.0
2025-06-12 16:12:00,86.2
2025-06-12 20:14:00,6.0
2025-06-12 08:49:00,49.40323484760014
2025-06-12 06:56:00,35.8
2025-06-12 04:59:00,58.1
2025-06-12 20:23:00,49.40323484760014
2025-06-12 18:09:00,93.5
2025-06-12 15:30:00,3.9
2025-06-12 08:13:00,92.9
2025-06-12 09:44:00,94.0
2025-06-12 02:39:00,22.5
2025-06-12 21:18:00,77.2
2025-06-12 19:36:00,88.5
2025-06-12 17:38:00,73.8
2025-06-12 20:17:00,53.3
2025-06-12 05:11:00,47.1
2025-06-12 09:29:00,84.4
2025-06-12 12:05:00,49.40323484760014
2025-06-12 23:40:00,93.2
2025-06-12 09:32:00,19.0
2025-06-12 13:10:00,5.3
2025-06-12 22:14:00,41.1
2025-06-12 23:03:00,91.7
2025-06-12 13:15:00,7.4
2025-06-12 05:57:00,35.4
2025-06-12 06:25:00,77.5
2025-06-12 14:17:00,5.2
2025-06-12 00:50:00,69.6
2025-06-12 15:45:00,62.8
2025-06-12 23:42:00,70.5
2025-06-12 16:08:00,77.5
2025-06-12 11:18:00,24.9
2025-06-12 04:13:00,66.7
2025-06-12 01:47:00,49.8
2025-06-12 19:23:00,63.0
2025-06-12 23:22:00,49.40323484760014
2025-06-12 20:42:00,64.3
2025-06-12 16:08:00,8.3
2025-06-12 05:01:00,97.3
2025-06-12 10:25:00,51.7
2025-06-12 21:47:00,35.0
2025-06-12 03:28:00,48.6
2025-06-12 01:31:00,54.6
2025-06-12 15:16:00,21.1
2025-06-12 13:35:00,14.3
2025-06-12 13:51:00,33.7
2025-06-12 21:06:00,74.3
2025-06-12 00:40:00,86.7
2025-06-12 04:40:00,49.40323484760014
2025-06-12 03:42:00,27.7
2025-06-12 00:30:00,74.8
2025-06-12 18:41:00,83.4
2025-06-12 18:49:00,49.40323484760014
2025-06-12 15:13:00,65.8
2025-06-12 01:35:00,13.7
2025-06-12 07:48:00,49.40323484760014
2025-06-12 17:17:00,54.6
2025-06-12 11:35:00,66.1
2025-06-12 16:25:00,2.6
2025-06-12 22:34:00,86.4
2025-06-12 16:27:00,41.7
2025-06-12 14:55:00,1.3
2025-06-12 14:45:00,50.7
2025-06-12 19:55:00,29.5
2025-06-12 05:19:00,49.40323484760014
2025-06-12 13:47:00,50.4
2025-06-12 03:22:00,7.2
2025-06-12 07:06:00,57.4
2025-06-12 00:18:00,41.8
2025-06-12 17:26:00,58.0
2025-06-12 16:09:00,2.0
2025-06-12 12:27:00,18.8
2025-06-12 06:38:00,49.40323484760014
2025-06-12 07:42:00,21.4
2025-06-12 21:32:00,8.1
2025-06-12 05:42:00,50.6
2025-06-12 08:01:00,52.4
2025-06-12 11:58:00,20.1
2025-06-12 07:43:00,70.1
2025-06-12 16:24:00,48.0
2025-06-12 00:07:00,89.6
2025-06-12 04:17:00,80.6
2025-06-12 04:34:00,75.6
2025-06-12 00:44:00,38.6
2025-06-12 04:15:00,49.40323484760014
2025-06-12 02:09:00,24.7
2025-06-12 01:56:00,13.4
2025-06-12 17:53:00,22.6
2025-06-12 06:18:00,75.1
2025-06-12 12:18:00,51.7
2025-06-12 07:07:00,88.4
2025-06-12 11:55:00,63.8
2025-06-12 23:37:00,9.3
2025-06-12 16:24:00,95.9
2025-06-12 00:30:00,29.0
2025-06-12 23:54:00,39.8
2025-06-12 09:48:00,12.6
2025-06-12 12:18:00,26.3
2025-06-12 05:36:00,91.5
2025-06-12 17:20:00,50.400661703887515
2025-06-12 09:05:00,76.8
2025-06-12 19:03:00,50.400661703887515
2025-06-12 03:13:00,91.9
2025-06-12 08:50:00,56.0
2025-06-12 06:42:00,76.4
2025-06-12 08:22:00,56.1
2025-06-12 03:27:00,73.0
2025-06-12 04:52:00,27.4
2025-06-12 15:56:00,4.1
2025-06-12 05:52:00,75.6
2025-06-12 18:20:00,39.5
2025-06-12 02:20:00,8.4
2025-06-12 11:33:00,27.3
2025-06-12 23:02:00,99.2
2025-06-12 02:36:00,76.8
2025-06-12 23:45:00,93.4
2025-06-12 03:44:00,23.5
2025-06-12 16:34:00,8.0
2025-06-12 21:12:00,79.4
2025-06-12 11:07:00,0.5
2025-06-12 17:50:00,10.8
2025-06-12 23:45:00,52.3
2025-06-12 14:28:00,24.5
2025-06-12 00:41:00,50.400661703887515
2025-06-12 01:21:00,97.1
2025-06-12 09:23:00,23.1
2025-06-12 08:54:00,96.5
2025-06-12 06:38:00,50.400661703887515
2025-06-12 20:18:00,59.4
2025-06-12 20:08:00,3.6
2025-06-12 02:58:00,76.4
2025-06-12 05:22:00,12.0
2025-06-12 07:47:00,50.400661703887515
2025-06-12 22:57:00,71.6
2025-06-12 15:54:00,63.2
2025-06-12 10:10:00,27.2
2025-06-12 18:59:00,95.9
2025-06-12 21:17:00,22.5
2025-06-12 01:36:00,95.2
2025-06-12 19:27:00,39.4
2025-06-12 22:40:00,50.400661703887515
2025-06-12 03:13:00,40.5
2025-06-12 14:56:00,50.400661703887515
2025-06-12 11:10:00,97.9
2025-06-12 09:25:00,74.9
2025-06-12 21:19:00,16.8
2025-06-12 09:13:00,76.3
2025-06-12 22:25:00,91.4
2025-06-12 11:45:00,59.6
2025-06-12 05:19:00,92.2
2025-06-12 22:48:00,20.6
2025-06-12 03:58:00,26.2
2025-06-12 09:12:00,37.0
2025-06-12 06:23:00,88.0
2025-06-12 06:18:00,17.5
2025-06-12 01:20:00,61.6
2025-06-12 22:03:00,75.5
2025-06-12 13:15:00,47.1
2025-06-12 05:00:00,50.400661703887515
2025-06-12 03:22:00,53.9
2025-06-12 16:25:00,14.0
2025-06-12 13:11:00,75.9
2025-06-12 06:37:00,33.1
2025-06-12 13:03:00,50.400661703887515
2025-06-12 07:58:00,88.4
2025-06-12 09:06:00,50.400661703887515
2025-06-12 10:46:00,50.1
2025-06-12 12:17:00,50.400661703887515
2025-06-12 13:46:00,39.7
2025-06-12 14:55:00,66.4
2025-06-12 07:51:00,13.4
2025-06-12 11:25:00,28.9
2025-06-12 13:28:00,17.5
2025-06-12 22:07:00,50.400661703887515
2025-06-12 05:21:00,99.5
2025-06-12 04:39:00,52.2
2025-06-12 08:25:00,20.2
2025-06-12 11:43:00,50.400661703887515
2025-06-12 17:13:00,50.400661703887515
2025-06-12 10:37:00,48.0
2025-06-12 03:25:00,50.8
2025-06-12 13:23:00,70.9
2025-06-12 18:41:00,86.6
2025-06-12 17:01:00,37.4
2025-06-12 22:47:00,80.5
2025-06-12 05:54:00,65.3
2025-06-12 23:31:00,58.3
2025-06-12 11:58:00,18.2
2025-06-12 01:37:00,55.9
2025-06-12 07:46:00,46.0
2025-06-12 08:54:00,50.400661703887515
2025-06-12 20:41:00,97.9
2025-06-12 20:09:00,21.1
2025-06-12 12:21:00,21.9
2025-06-12 10:47:00,50.400661703887515
2025-06-12 05:31:00,36.7
2025-06-12 18:36:00,67.6
2025-06-12 04:51:00,91.7
2025-06-12 03:15:00,25.2
2025-06-12 13:29:00,44.2
2025-06-12 08:13:00,33.0
2025-06-12 12:01:00,33.0
2025-06-12 20:01:00,50.400661703887515
2025-06-12 15:48:00,43.2
2025-06-12 22:49:00,19.4
2025-06-12 23:00:00,81.4
2025-06-12 14:12:00,20.5
2025-06-12 03:37:00,16.6
2025-06-12 19:03:00,77.2
2025-06-12 23:02:00,50.400661703887515
2025-06-12 22:00:00,10.7
2025-06-12 02:12:00,54.0
2025-06-12 13:28:00,63.7
2025-06-12 07:21:00,24.6
2025-06-12 14:53:00,76.0
2025-06-12 06:23:00,12.1
2025-06-12 11:53:00,74.9
2025-06-12 01:12:00,86.5
2025-06-12 17:12:00,97.5
2025-06-12 10:46:00,49.2
2025-06-12 01:09:00,30.6
2025-06-12 04:14:00,50.400661703887515
2025-06-12 07:18:00,20.1
2025-06-12 15:48:00,67.4
2025-06-12 21:39:00,43.7
2025-06-12 13:23:00,86.0
2025-06-12 06:29:00,59.8
2025-06-12 05:59:00,6.1
2025-06-12 09:27:00,10.0
2025-06-12 14:51:00,11.7
2025-06-12 13:08:00,50.400661703887515
2025-06-12 07:59:00,84.0
2025-06-12 11:09:00,67.5
2025-06-12 02:18:00,83.6
2025-06-12 22:38:00,41.6
2025-06-12 22:56:00,27.7
2025-06-12 15:17:00,61.9
2025-06-12 01:11:00,99.1
2025-06-12 15:31:00,50.400661703887515
2025-06-12 21:27:00,50.400661703887515
2025-06-12 22:25:00,50.400661703887515
2025-06-12 21:13:00,42.0
2025-06-12 22:00:00,41.5
2025-06-12 03:39:00,34.9
2025-06-12 13:08:00,59.9
2025-06-12 10:52:00,55.0
2025-06-12 22:10:00,52.3
2025-06-12 03:10:00,50.400661703887515
2025-06-12 04:45:00,16.1
2025-06-12 09:40:00,14.7
2025-06-12 18:47:00,18.7
2025-06-12 21:11:00,11.0
2025-06-12 10:17:00,13.6
2025-06-12 13:25:00,26.3
2025-06-12 09:01:00,47.3
2025-06-12 21:19:00,53.6
2025-06-12 15:30:00,22.3
2025-06-12 07:43:00,47.9
2025-06-12 03:24:00,0.6
2025-06-12 11:06:00,65.3
2025-06-12 00:58:00,50.400661703887515
2025-06-12 05:49:00,27.9
2025-06-12 19:12:00,37.1
2025-06-12 05:41:00,52.2
2025-06-12 06:12:00,40.1
2025-06-12 21:38:00,64.3
2025-06-12 18:22:00,96.4
2025-06-12 10:22:00,68.3
2025-06-12 21:42:00,3.0
2025-06-12 04:54:00,31.7
2025-06-12 04:58:00,56.7
2025-06-12 05:16:00,59.2
2025-06-12 08:26:00,10.6
2025-06-12 13:33:00,74.7
2025-06-12 19:05:00,50.400661703887515
2025-06-12 11:58:00,34.7
2025-06-12 18:56:00,74.4
2025-06-12 10:52:00,67.7
2025-06-12 10:46:00,8.4
2025-06-12 12:06:00,85.8
2025-06-12 14:54:00,15.2
2025-06-12 14:00:00,34.0
2025-06-12 14:45:00,34.7
2025-06-12 07:14:00,15.5
2025-06-12 10:22:00,50.400661703887515
2025-06-12 00:13:00,17.0
2025-06-12 04:24:00,51.0
2025-06-12 00:14:00,82.5
2025-06-12 16:34:00,78.8
2025-06-12 23:25:00,40.7
2025-06-12 15:48:00,80.9
2025-06-12 11:06:00,22.6
2025-06-12 16:18:00,18.8
2025-06-12 09:29:00,88.8
2025-06-12 08:18:00,50.400661703887515
2025-06-12 00:01:00,54.0
2025-06-12 20:15:00,77.4
2025-06-12 23:54:00,15.3
2025-06-12 08:12:00,19.7
2025-06-12 06:28:00,83.1
2025-06-12 21:20:00,56.8
2025-06-12 18:06:00,31.1
2025-06-12 14:31:00,82.7
2025-06-12 02:50:00,27.6
2025-06-12 07:13:00,30.2
2025-06-12 17:13:00,18.5
2025-06-12 04:24:00,50.400661703887515
2025-06-12 09:56:00,91.7
2025-06-12 04:26:00,68.3
2025-06-12 10:54:00,51.9
2025-06-12 13:40:00,7.3
2025-06-12 17:02:00,66.1
2025-06-12 00:58:00,90.0
2025-06-12 15:19:00,50.400661703887515
2025-06-12 11:13:00,70.2
2025-06-12 04:47:00,93.1
2025-06-12 02:19:00,55.5
2025-06-12 01:41:00,50.400661703887515
2025-06-12 03:42:00,46.0
2025-06-12 00:19:00,53.9
2025-06-12 18:04:00,50.400661703887515
2025-06-12 16:29:00,61.7
2025-06-12 00:48:00,50.400661703887515
2025-06-12 13:21:00,90.9
2025-06-12 21:46:00,94.6
2025-06-12 19:52:00,50.400661703887515
2025-06-12 15:20:00,17.5
2025-06-12 15:13:00,48.4
2025-06-12 20:00:00,12.2
2025-06-12 16:03:00,50.400661703887515
2025-06-12 11:52:00,9.6
2025-06-12 16:22:00,20.1
2025-06-12 07:03:00,93.6
2025-06-12 14:37:00,68.9
2025-06-12 00:49:00,1.4
2025-06-12 21:21:00,36.8
2025-06-12 13:19:00,27.6
2025-06-12 06:38:00,51.0
2025-06-12 03:33:00,99.0
2025-06-12 08:27:00,55.9
2025-06-12 23:53:00,12.4
2025-06-12 20:48:00,70.3
2025-06-12 18:05:00,78.0
2025-06-12 03:41:00,41.2
2025-06-12 12:50:00,46.6
2025-06-12 07:51:00,75.8
2025-06-12 08:07:00,32.7
2025-06-12 20:14:00,50.400661703887515
2025-06-12 00:04:00,50.400661703887515
2025-06-12 02:01:00,50.400661703887515
2025-06-12 20:00:00,30.7
2025-06-12 02:23:00,19.7
2025-06-12 19:10:00,74.6
2025-06-12 09:44:00,50.400661703887515
2025-06-12 03:09:00,46.8
2025-06-12 03:02:00,36.2
2025-06-12 19:15:00,81.1
2025-06-12 16:55:00,63.0
2025-06-12 22:28:00,23.0
2025-06-12 12:58:00,50.400661703887515
2025-06-12 01:01:00,50.400661703887515
2025-06-12 18:02:00,82.9
2025-06-12 16:08:00,50.400661703887515
2025-06-12 09:53:00,2.1
2025-06-12 13:07:00,50.400661703887515
2025-06-12 10:41:00,68.7
2025-06-12 12:21:00,29.8
2025-06-12 23:53:00,40.3
2025-06-12 04:56:00,45.8
2025-06-12 15:38:00,50.400661703887515
2025-06-12 12:46:00,46.2
2025-06-12 06:32:00,82.7
2025-06-12 08:57:00,0.0
2025-06-12 12:01:00,51.6
2025-06-12 18:50:00,56.9
2025-06-12 22:17:00,4.5
2025-06-12 06:06:00,89.5
2025-06-12 03:08:00,94.5
2025-06-12 00:24:00,64.5
2025-06-12 05:15:00,85.3
2025-06-12 04:42:00,33.1
2025-06-12 07:39:00,77.2
2025-06-12 10:04:00,71.5
2025-06-12 15:28:00,29.3
2025-06-12 18:33:00,21.9
2025-06-12 01:20:00,81.0
2025-06-12 01:42:00,10.1
2025-06-12 16:57:00,59.9
2025-06-12 05:58:00,40.9
2025-06-12 06:31:00,50.400661703887515
2025-06-12 18:28:00,9.2
2025-06-12 19:14:00,20.0
2025-06-12 19:25:00,39.3
2025-06-12 10:12:00,2.6
2025-06-12 01:37:00,92.1
2025-06-12 07:15:00,10.7
2025-06-12 16:46:00,82.9
2025-06-12 07:38:00,15.5
2025-06-12 04:50:00,52.2
2025-06-12 09:39:00,15.9
2025-06-12 11:00:00,52.4
2025-06-12 21:10:00,14.1
2025-06-12 13:44:00,50.400661703887515
2025-06-12 20:18:00,89.8
2025-06-12 21:40:00,73.9
2025-06-12 07:59:00,24.0
2025-06-12 02:04:00,50.400661703887515
2025-06-12 11:18:00,63.0
2025-06-12 18:22:00,99.2
2025-06-12 17:34:00,3.3
2025-06-12 18:30:00,37.7
2025-06-12 09:06:00,63.3
2025-06-12 01:07:00,73.4
2025-06-12 11:43:00,23.3
2025-06-12 15:13:00,73.9
2025-06-12 01:30:00,3.1
2025-06-12 22:45:00,33.5
2025-06-12 08:53:00,19.6
2025-06-12 02:27:00,50.400661703887515
2025-06-12 06:57:00,97.7
2025-06-12 22:26:00,56.2
2025-06-12 18:02:00,32.2
2025-06-12 07:39:00,29.4
2025-06-12 04:31:00,84.9
2025-06-12 06:08:00,24.2
2025-06-12 09:04:00,62.9
2025-06-12 22:27:00,11.3
2025-06-12 10:56:00,50.400661703887515
2025-06-12 08:22:00,64.4
2025-06-12 11:55:00,93.4
2025-06-12 12:59:00,41.5
2025-06-12 03:32:00,49.84418741885991
2025-06-12 06:54:00,1.0
2025-06-12 15:39:00,19.0
2025-06-12 04:16:00,48.9
2025-06-12 15:19:00,1.4
2025-06-12 06:33:00,82.2
2025-06-12 20:45:00,49.84418741885991
2025-06-12 01:48:00,94.1
2025-06-12 17:55:00,14.5
2025-06-12 02:31:00,46.1
2025-06-12 08:05:00,13.5
2025-06-12 00:33:00,27.4
2025-06-12 10:57:00,84.1
2025-06-12 20:59:00,49.84418741885991
2025-06-12 14:46:00,82.9
2025-06-12 03:47:00,7.4
2025-06-12 03:08:00,49.84418741885991
2025-06-12 22:50:00,49.84418741885991
2025-06-12 06:14:00,6.9
2025-06-12 22:44:00,83.4
2025-06-12 06:59:00,91.0
2025-06-12 15:10:00,2.4
2025-06-12 21:39:00,30.6
2025-06-12 19:08:00,90.7
2025-06-12 07:55:00,32.3
2025-06-12 22:48:00,54.6
2025-06-12 19:39:00,74.8
2025-06-12 01:13:00,49.84418741885991
2025-06-12 20:14:00,49.84418741885991
2025-06-12 03:10:00,62.3
2025-06-12 17:36:00,49.84418741885991
2025-06-12 23:21:00,76.9
2025-06-12 19:44:00,37.9
2025-06-12 03:51:00,80.0
2025-06-12 17:44:00,2.4
2025-06-12 07:11:00,32.9
2025-06-12 08:02:00,66.9
2025-06-12 08:58:00,95.1
2025-06-12 05:56:00,22.9
2025-06-12 20:56:00,73.8
2025-06-12 06:58:00,98.8
2025-06-12 06:11:00,50.0
2025-06-12 16:04:00,68.6
2025-06-12 13:59:00,92.1
2025-06-12 00:50:00,64.8
2025-06-12 09:54:00,74.0
2025-06-12 21:31:00,23.3
2025-06-12 13:15:00,1.6
2025-06-12 20:31:00,43.9
2025-06-12 10:46:00,65.4
2025-06-12 08:36:00,28.0
2025-06-12 14:24:00,23.0
2025-06-12 14:31:00,86.0
2025-06-12 22:11:00,26.0
2025-06-12 16:41:00,49.84418741885991
2025-06-12 01:08:00,34.5
2025-06-12 17:38:00,55.7
2025-06-12 11:46:00,72.5
2025-06-12 13:49:00,39.9
2025-06-12 06:25:00,62.0
2025-06-12 23:46:00,23.3
2025-06-12 09:46:00,86.5
2025-06-12 05:24:00,9.5
2025-06-12 20:59:00,83.9
2025-06-12 10:46:00,74.0
2025-06-12 22:16:00,66.6
2025-06-12 17:53:00,0.5
2025-06-12 19:59:00,57.6
2025-06-12 11:33:00,4.4
2025-06-12 08:26:00,27.9
2025-06-12 11:42:00,32.9
2025-06-12 07:17:00,14.2
2025-06-12 19:04:00,53.6
2025-06-12 13:02:00,41.2
2025-06-12 05:52:00,71.6
2025-06-12 03:02:00,81.8
2025-06-12 20:18:00,92.8
2025-06-12 06:58:00,26.3
2025-06-12 04:29:00,93.1
2025-06-12 14:14:00,49.84418741885991
2025-06-12 01:32:00,49.84418741885991
2025-06-12 19:02:00,49.84418741885991
2025-06-12 23:24:00,9.9
2025-06-12 19:27:00,46.0
2025-06-12 20:53:00,50.2
2025-06-12 15:37:00,49.84418741885991
2025-06-12 09:42:00,96.0
2025-06-12 23:34:00,37.3
2025-06-12 02:01:00,88.6
2025-06-12 22:00:00,46.0
2025-06-12 05:40:00,49.84418741885991
2025-06-12 11:46:00,73.2
2025-06-12 00:10:00,9.0
2025-06-12 06:08:00,49.84418741885991
2025-06-12 18:32:00,92.7
2025-06-12 09:08:00,91.8
2025-06-12 07:46:00,11.4
2025-06-12 08:07:00,57.5
2025-06-12 11:08:00,64.9
2025-06-12 05:08:00,47.0
2025-06-12 04:32:00,49.84418741885991
2025-06-12 07:28:00,94.4
2025-06-12 09:59:00,64.3
2025-06-12 12:27:00,54.0
2025-06-12 16:40:00,49.84418741885991
2025-06-12 02:52:00,32.3
2025-06-12 12:34:00,19.1
2025-06-12 07:27:00,56.9
2025-06-12 11:21:00,47.0
2025-06-12 14:39:00,49.84418741885991
2025-06-12 06:17:00,26.3
2025-06-12 00:46:00,4.4
2025-06-12 06:36:00,98.7
2025-06-12 21:57:00,44.3
2025-06-12 16:29:00,3.2
2025-06-12 00:33:00,84.6
2025-06-12 20:52:00,14.1
2025-06-12 14:11:00,88.2
2025-06-12 07:34:00,68.7
2025-06-12 05:21:00,73.6
2025-06-12 13:55:00,49.84418741885991
2025-06-12 09:18:00,5.8
2025-06-12 01:04:00,30.4
2025-06-12 01:11:00,82.3
2025-06-12 15:18:00,49.84418741885991
2025-06-12 02:54:00,43.5
2025-06-12 11:06:00,9.9
2025-06-12 03:22:00,0.0
2025-06-12 09:18:00,25.9
2025-06-12 14:25:00,95.4
2025-06-12 03:27:00,93.8
2025-06-12 03:39:00,49.84418741885991
2025-06-12 00:11:00,43.6
2025-06-12 20:44:00,68.2
2025-06-12 12:36:00,28.6
2025-06-12 09:17:00,16.5
2025-06-12 06:31:00,13.1
2025-06-12 11:19:00,40.1
2025-06-12 16:02:00,78.8
2025-06-12 09:38:00,11.0
2025-06-12 13:17:00,40.0
2025-06-12 02:26:00,28.9
2025-06-12 01:41:00,92.8
2025-06-12 13:22:00,94.4
2025-06-12 10:12:00,40.8
2025-06-12 09:57:00,78.8
2025-06-12 02:57:00,56.2
2025-06-12 17:44:00,92.6
2025-06-12 11:56:00,0.3
2025-06-12 22:10:00,76.5
2025-06-12 13:30:00,49.2
2025-06-12 06:16:00,31.9
2025-06-12 17:58:00,26.3
2025-06-12 16:36:00,66.6
2025-06-12 19:01:00,64.2
2025-06-12 14:59:00,49.84418741885991
2025-06-12 03:33:00,95.4
2025-06-12 21:29:00,95.4
2025-06-12 06:29:00,82.0
2025-06-12 06:45:00,47.9
2025-06-12 11:27:00,52.6
2025-06-12 19:39:00,49.84418741885991
2025-06-12 23:34:00,65.5
2025-06-12 07:00:00,49.84418741885991
2025-06-12 23:57:00,24.4
2025-06-12 12:05:00,49.84418741885991
2025-06-12 11:57:00,85.7
2025-06-12 21:23:00,19.5
2025-06-12 07:06:00,33.5
2025-06-12 19:32:00,68.1
2025-06-12 01:57:00,47.3
2025-06-12 08:07:00,52.7
2025-06-12 13:01:00,63.9
2025-06-12 01:10:00,7.6
2025-06-12 00:32:00,94.8
2025-06-12 17:40:00,99.8
2025-06-12 13:46:00,57.5
2025-06-12 03:11:00,76.7
2025-06-12 03:51:00,61.8
2025-06-12 11:41:00,60.4
2025-06-12 15:09:00,88.1
2025-06-12 07:41:00,10.5
2025-06-12 08:49:00,34.0
2025-06-12 05:40:00,35.0
2025-06-12 15:44:00,96.2
2025-06-12 06:25:00,49.84418741885991
2025-06-12 06:14:00,39.3
2025-06-12 17:17:00,44.4
2025-06-12 19:06:00,20.2
2025-06-12 05:38:00,67.4
2025-06-12 17:52:00,49.84418741885991
2025-06-12 10:33:00,76.8
2025-06-12 16:35:00,71.7
2025-06-12 01:45:00,51.9
2025-06-12 23:26:00,20.3
2025-06-12 17:17:00,85.4
2025-06-12 16:03:00,17.8
2025-06-12 10:44:00,33.9
2025-06-12 14:14:00,33.5
2025-06-12 18:57:00,49.84418741885991
2025-06-12 01:31:00,67.6
2025-06-12 18:38:00,55.4
2025-06-12 22:33:00,49.84418741885991
2025-06-12 02:50:00,54.3
2025-06-12 16:33:00,49.84418741885991
2025-06-12 13:55:00,31.3
2025-06-12 05:52:00,49.84418741885991
2025-06-12 16:32:00,0.6
2025-06-12 23:20:00,10.7
2025-06-12 19:21:00,7.6
2025-06-12 08:41:00,8.0
2025-06-12 19:06:00,49.84418741885991
2025-06-12 13:36:00,66.3
2025-06-12 22:12:00,65.9
2025-06-12 18:15:00,81.5
2025-06-12 08:36:00,33.1
2025-06-12 15:15:00,49.84418741885991
2025-06-12 11:02:00,77.8
2025-06-12 23:00:00,52.7
2025-06-12 08:38:00,92.9
2025-06-12 20:07:00,58.5
2025-06-12 03:23:00,22.4
2025-06-12 15:24:00,75.4
2025-06-12 14:31:00,98.0
2025-06-12 05:57:00,60.1
2025-06-12 13:37:00,51.1
2025-06-12 19:13:00,25.4
2025-06-12 18:29:00,13.2
2025-06-12 13:24:00,90.8
2025-06-12 02:13:00,49.84418741885991
2025-06-12 15:57:00,99.8
2025-06-12 16:00:00,49.84418741885991
2025-06-12 22:51:00,72.4
2025-06-12 21:22:00,52.2
2025-06-12 07:15:00,63.7
2025-06-12 14:49:00,37.7
2025-06-12 12:22:00,67.9
2025-06-12 22:54:00,13.1
2025-06-12 10:29:00,2.1
2025-06-12 00:45:00,49.84418741885991
2025-06-12 11:55:00,12.3
2025-06-12 23:47:00,49.84418741885991
2025-06-12 18:06:00,73.9
2025-06-12 14:03:00,75.9
2025-06-12 10:58:00,25.6
2025-06-12 06:27:00,46.3
2025-06-12 02:54:00,3.7
2025-06-12 23:35:00,62.1
2025-06-12 06:31:00,47.2
2025-06-12 12:18:00,35.9
2025-06-12 15:49:00,53.4
2025-06-12 21:10:00,60.7
2025-06-12 19:47:00,49.84418741885991
2025-06-12 21:22:00,45.7
2025-06-12 06:26:00,49.84418741885991
2025-06-12 22:34:00,77.2
2025-06-12 05:54:00,66.4
2025-06-12 01:21:00,96.9
2025-06-12 22:26:00,75.4
2025-06-12 20:33:00,30.9
2025-06-12 17:25:00,68.4
2025-06-12 22:45:00,35.6
2025-06-12 02:43:00,38.7
2025-06-12 09:34:00,63.2
2025-06-12 13:12:00,95.1
2025-06-12 20:11:00,29.1
2025-06-12 01:57:00,28.7
2025-06-12 16:16:00,13.8
2025-06-12 06:34:00,37.1
2025-06-12 22:07:00,13.2
2025-06-12 05:32:00,2.0
2025-06-12 12:29:00,32.3
2025-06-12 05:27:00,96.3
2025-06-12 00:34:00,49.84418741885991
2025-06-12 06:41:00,35.1
2025-06-12 19:43:00,20.5
2025-06-12 08:19:00,42.3
2025-06-12 23:08:00,7.3
2025-06-12 04:23:00,29.6
2025-06-12 02:33:00,26.4
2025-06-12 16:34:00,49.84418741885991
2025-06-12 17:50:00,74.6
2025-06-12 21:13:00,52.6
2025-06-12 05:43:00,86.7
2025-06-12 17:31:00,7.8
2025-06-12 09:31:00,10.7
2025-06-12 06:27:00,26.8
2025-06-12 14:14:00,24.4
2025-06-12 00:56:00,55.0
2025-06-12 00:08:00,3.9
2025-06-12 19:00:00,22.9
2025-06-12 18:18:00,49.84418741885991
2025-06-12 16:22:00,35.7
2025-06-12 18:23:00,44.4
2025-06-12 18:27:00,55.2
2025-06-12 16:04:00,96.3
2025-06-12 03:26:00,28.1
2025-06-12 02:53:00,52.9
2025-06-12 09:05:00,54.6
2025-06-12 22:56:00,77.2
2025-06-12 14:04:00,34.0
2025-06-12 14:56:00,96.6
2025-06-12 01:06:00,14.2
2025-06-12 16:16:00,11.3
2025-06-12 10:46:00,65.0
2025-06-12 01:37:00,32.3
2025-06-12 05:07:00,98.1
2025-06-12 02:39:00,38.9
2025-06-12 06:20:00,57.9
2025-06-12 10:50:00,49.84418741885991
2025-06-12 12:31:00,59.9
2025-06-12 01:32:00,43.5
2025-06-12 14:33:00,14.0
2025-06-12 01:14:00,29.3
2025-06-12 18:20:00,94.7
2025-06-12 07:43:00,94.0
2025-06-12 06:28:00,53.7
2025-06-12 05:54:00,89.9
2025-06-12 15:51:00,32.7
2025-06-12 09:51:00,14.0
2025-06-12 07:58:00,64.1
2025-06-12 04:16:00,58.4
2025-06-12 18:59:00,0.6
2025-06-12 18:18:00,58.4
2025-06-12 14:50:00,67.8
2025-06-12 20:01:00,58.5
2025-06-12 06:13:00,3.0
2025-06-12 12:59:00,46.2
2025-06-12 08:01:00,75.6
2025-06-12 21:10:00,18.7
2025-06-12 11:48:00,5.0
2025-06-12 04:37:00,40.1
2025-06-12 13:25:00,59.7
2025-06-12 04:10:00,6.5
2025-06-12 19:06:00,28.0
2025-06-12 04:31:00,61.4
2025-06-12 02:17:00,50.31892714921527
2025-06-12 08:56:00,89.8
2025-06-12 15:39:00,10.0
2025-06-12 04:51:00,54.5
2025-06-12 07:24:00,0.8
2025-06-12 04:19:00,23.2
2025-06-12 01:04:00,65.7
2025-06-12 10:22:00,50.31892714921527
2025-06-12 09:41:00,50.31892714921527
2025-06-12 22:14:00,84.6
2025-06-12 14:31:00,61.6
2025-06-12 22:24:00,4.7
2025-06-12 03:56:00,89.3
2025-06-12 18:14:00,50.31892714921527
2025-06-12 08:30:00,50.31892714921527
2025-06-12 18:00:00,46.8
2025-06-12 13:01:00,94.1
2025-06-12 07:32:00,37.4
2025-06-12 02:46:00,83.4
2025-06-12 06:37:00,64.0
2025-06-12 22:59:00,5.3
2025-06-12 11:49:00,62.1
2025-06-12 17:19:00,50.2
2025-06-12 15:39:00,37.0
2025-06-12 03:56:00,35.2
2025-06-12 10:27:00,32.0
2025-06-12 10:59:00,11.0
2025-06-12 18:32:00,10.0
2025-06-12 06:36:00,66.1
2025-06-12 01:21:00,64.9
2025-06-12 04:43:00,66.1
2025-06-12 16:32:00,62.5
2025-06-12 11:32:00,26.9
2025-06-12 15:36:00,78.6
2025-06-12 05:12:00,19.1
2025-06-12 18:18:00,50.0
2025-06-12 13:31:00,50.31892714921527
2025-06-12 01:30:00,94.9
2025-06-12 08:59:00,26.4
2025-06-12 17:42:00,57.4
2025-06-12 21:13:00,37.8
2025-06-12 08:05:00,60.7
2025-06-12 13:21:00,74.3
2025-06-12 19:03:00,6.7
2025-06-12 03:22:00,83.6
2025-06-12 19:15:00,50.31892714921527
2025-06-12 20:44:00,43.1
2025-06-12 17:28:00,93.3
2025-06-12 11:17:00,44.3
2025-06-12 03:10:00,24.5
2025-06-12 03:11:00,41.2
2025-06-12 01:35:00,50.31892714921527
2025-06-12 14:03:00,88.1
2025-06-12 01:06:00,73.0
2025-06-12 09:29:00,70.9
2025-06-12 00:47:00,17.5
2025-06-12 01:12:00,16.8
2025-06-12 05:16:00,90.7
2025-06-12 02:28:00,35.7
2025-06-12 04:36:00,33.6
2025-06-12 00:41:00,61.0
2025-06-12 21:39:00,61.2
2025-06-12 10:55:00,67.8
2025-06-12 20:22:00,59.2
2025-06-12 00:57:00,21.0
2025-06-12 14:18:00,67.2
2025-06-12 21:11:00,78.6
2025-06-12 23:41:00,51.5
2025-06-12 18:15:00,56.9
2025-06-12 12:45:00,63.1
2025-06-12 14:27:00,46.6
2025-06-12 15:19:00,25.5
2025-06-12 14:03:00,0.5
2025-06-12 08:39:00,73.7
2025-06-12 11:13:00,71.0
2025-06-12 09:45:00,50.31892714921527
2025-06-12 00:26:00,3.1
2025-06-12 03:18:00,4.1
2025-06-12 11:30:00,56.0
2025-06-12 13:29:00,94.7
2025-06-12 05:05:00,61.9
2025-06-12 01:46:00,83.0
2025-06-12 04:42:00,14.1
2025-06-12 08:41:00,50.31892714921527
2025-06-12 21:20:00,32.5
2025-06-12 04:20:00,6.6
2025-06-12 03:21:00,70.6
2025-06-12 18:16:00,91.9
2025-06-12 18:46:00,58.3
2025-06-12 10:09:00,50.31892714921527
2025-06-12 19:43:00,60.1
2025-06-12 14:41:00,85.8
2025-06-12 02:29:00,62.3
2025-06-12 02:07:00,89.1
2025-06-12 11:00:00,74.0
2025-06-12 01:29:00,64.0
2025-06-12 15:28:00,93.9
2025-06-12 02:55:00,5.1
2025-06-12 15:48:00,28.4
2025-06-12 09:39:00,49.9
2025-06-12 22:35:00,15.7
2025-06-12 06:51:00,23.1
2025-06-12 10:12:00,50.31892714921527
2025-06-12 01:47:00,58.2
2025-06-12 01:06:00,20.7
2025-06-12 08:16:00,80.9
2025-06-12 03:23:00,61.9
2025-06-12 08:31:00,38.0
2025-06-12 09:26:00,98.2
2025-06-12 16:15:00,71.4
2025-06-12 12:30:00,95.6
2025-06-12 15:54:00,80.8
2025-06-12 00:24:00,24.3
2025-06-12 20:10:00,84.2
2025-06-12 20:45:00,42.9
2025-06-12 05:33:00,12.9
2025-06-12 00:02:00,50.31892714921527
2025-06-12 10:01:00,96.5
2025-06-12 20:00:00,26.3
2025-06-12 01:07:00,50.31892714921527
2025-06-12 16:05:00,24.7
2025-06-12 05:07:00,55.4
2025-06-12 12:41:00,67.1
2025-06-12 12:20:00,44.7
2025-06-12 19:14:00,4.1
2025-06-12 22:39:00,27.2
2025-06-12 02:23:00,8.7
2025-06-12 10:16:00,49.5
2025-06-12 17:02:00,86.4
2025-06-12 05:37:00,8.6
2025-06-12 03:17:00,15.8
2025-06-12 20:42:00,65.8
2025-06-12 14:40:00,50.31892714921527
2025-06-12 01:05:00,74.3
2025-06-12 00:34:00,99.8
2025-06-12 20:10:00,99.7
2025-06-12 17:02:00,28.3
2025-06-12 13:20:00,92.1
2025-06-12 06:14:00,63.8
2025-06-12 15:26:00,50.31892714921527
2025-06-12 03:16:00,6.4
2025-06-12 11:34:00,50.31892714921527
2025-06-12 03:35:00,39.7
2025-06-12 16:12:00,74.7
2025-06-12 05:51:00,5.4
2025-06-12 19:04:00,36.0
2025-06-12 10:47:00,50.4
2025-06-12 19:27:00,10.3
2025-06-12 11:44:00,50.31892714921527
2025-06-12 17:59:00,50.31892714921527
2025-06-12 08:18:00,51.9
2025-06-12 02:06:00,69.7
2025-06-12 14:29:00,55.4
2025-06-12 03:33:00,74.9
2025-06-12 07:07:00,92.6
2025-06-12 15:05:00,49.8
2025-06-12 18:49:00,80.4
2025-06-12 03:50:00,83.2
2025-06-12 21:03:00,34.8
2025-06-12 09:09:00,37.4
2025-06-12 01:21:00,59.9
2025-06-12 13:29:00,44.2
2025-06-12 08:47:00,8.6
2025-06-12 17:34:00,68.1
2025-06-12 01:22:00,75.9
2025-06-12 18:16:00,44.9
2025-06-12 20:18:00,50.31892714921527
2025-06-12 17:42:00,57.9
2025-06-12 19:29:00,0.9
2025-06-12 04:17:00,87.3
2025-06-12 07:29:00,54.4
2025-06-12 06:39:00,37.0
2025-06-12 04:51:00,56.6
2025-06-12 23:20:00,92.2
2025-06-12 05:40:00,41.4
2025-06-12 04:12:00,49.3
2025-06-12 19:37:00,64.0
2025-06-12 20:42:00,92.0
2025-06-12 10:23:00,91.8
2025-06-12 03:37:00,46.8
2025-06-12 04:56:00,76.6
2025-06-12 09:35:00,50.31892714921527
2025-06-12 17:45:00,72.3
2025-06-12 13:20:00,42.3
2025-06-12 04:43:00,50.31892714921527
2025-06-12 05:43:00,53.7
2025-06-12 14:40:00,32.1
2025-06-12 01:03:00,90.8
2025-06-12 00:55:00,57.8
2025-06-12 11:28:00,74.3
2025-06-12 09:38:00,21.5
2025-06-12 21:42:00,99.7
2025-06-12 13:53:00,59.3
2025-06-12 03:34:00,32.4
2025-06-12 12:16:00,26.1
2025-06-12 11:04:00,50.31892714921527
2025-06-12 06:28:00,53.3
2025-06-12 14:19:00,45.6
2025-06-12 18:23:00,4.9
2025-06-12 04:05:00,68.8
2025-06-12 20:56:00,50.9
2025-06-12 16:37:00,23.0
2025-06-12 17:21:00,7.1
2025-06-12 15:59:00,28.2
2025-06-12 13:37:00,59.5
2025-06-12 00:13:00,86.5
2025-06-12 14:45:00,69.9
2025-06-12 19:57:00,50.31892714921527
2025-06-12 18:27:00,59.4
2025-06-12 08:17:00,68.5
2025-06-12 10:44:00,50.31892714921527
2025-06-12 08:51:00,50.31892714921527
2025-06-12 08:32:00,93.9
2025-06-12 15:35:00,93.8
2025-06-12 06:54:00,50.31892714921527
2025-06-12 06:11:00,56.8
2025-06-12 13:35:00,29.9
2025-06-12 01:07:00,37.3
2025-06-12 21:41:00,97.8
2025-06-12 03:32:00,50.31892714921527
2025-06-12 03:55:00,7.2
2025-06-12 08:27:00,40.0
2025-06-12 18:30:00,8.9
2025-06-12 23:17:00,77.0
2025-06-12 02:22:00,63.8
2025-06-12 21:18:00,24.6
2025-06-12 08:56:00,58.5
2025-06-12 15:19:00,50.31892714921527
2025-06-12 07:06:00,50.31892714921527
2025-06-12 13:17:00,54.1
2025-06-12 13:22:00,85.3
2025-06-12 10:30:00,86.6
2025-06-12 07:55:00,50.31892714921527
2025-06-12 20:53:00,50.31892714921527
2025-06-12 04:22:00,13.3
2025-06-12 00:22:00,71.6
2025-06-12 15:31:00,92.3
2025-06-12 02:22:00,24.3
2025-06-12 17:00:00,67.3
2025-06-12 18:35:00,30.4
2025-06-12 06:10:00,50.31892714921527
2025-06-12 03:08:00,1.9
2025-06-12 04:41:00,70.7
2025-06-12 06:55:00,71.7
2025-06-12 01:59:00,50.31892714921527
2025-06-12 15:38:00,45.2
2025-06-12 10:35:00,50.31892714921527
2025-06-12 14:05:00,41.8
2025-06-12 19:39:00,61.7
2025-06-12 16:54:00,46.7
2025-06-12 11:34:00,67.6
2025-06-12 13:21:00,58.4
2025-06-12 13:00:00,45.5
2025-06-12 21:33:00,91.5
2025-06-12 15:17:00,50.31892714921527
2025-06-12 16:16:00,95.6
2025-06-12 08:27:00,45.2
2025-06-12 18:58:00,62.3
2025-06-12 12:33:00,87.3
2025-06-12 00:46:00,97.3
2025-06-12 06:32:00,61.8
2025-06-12 02:22:00,35.5
2025-06-12 20:38:00,12.6
2025-06-12 01:14:00,36.4
2025-06-12 11:00:00,56.0
2025-06-12 10:04:00,43.2
2025-06-12 08:44:00,4.0
2025-06-12 22:59:00,75.6
2025-06-12 23:13:00,17.4
2025-06-12 11:54:00,31.6
2025-06-12 14:45:00,50.2
2025-06-12 07:10:00,12.6
2025-06-12 19:36:00,63.6
2025-06-12 20:18:00,4.9
2025-06-12 02:53:00,50.31892714921527
2025-06-12 20:11:00,50.31892714921527
2025-06-12 03:14:00,98.3
2025-06-12 08:58:00,12.3
2025-06-12 15:51:00,14.6
2025-06-12 15:19:00,57.5
2025-06-12 05:31:00,40.5
2025-06-12 10:00:00,15.6
2025-06-12 01:53:00,60.9
2025-06-12 07:29:00,30.1
2025-06-12 10:15:00,91.7
2025-06-12 06:37:00,60.6
2025-06-12 00:39:00,98.3
2025-06-12 05:47:00,97.8
2025-06-12 16:13:00,77.0
2025-06-12 04:34:00,29.0
2025-06-12 18:50:00,50.31892714921527
2025-06-12 11:22:00,88.6
2025-06-12 05:16:00,17.5
2025-06-12 04:40:00,24.7
2025-06-12 11:34:00,14.1
2025-06-12 15:32:00,1.8
2025-06-12 16:25:00,41.3
2025-06-12 17:47:00,10.2
2025-06-12 19:29:00,50.31892714921527
2025-06-12 00:52:00,52.2
2025-06-12 14:12:00,30.9
2025-06-12 00:06:00,33.6
2025-06-12 03:48:00,95.7
2025-06-12 11:36:00,64.2
2025-06-12 14:09:00,43.7
2025-06-12 16:54:00,86.2
2025-06-12 22:52:00,68.4
2025-06-12 03:16:00,50.31892714921527
2025-06-12 06:06:00,50.31892714921527
2025-06-12 22:12:00,11.3
2025-06-12 00:25:00,50.31892714921527
2025-06-12 21:57:00,33.0
2025-06-12 14:20:00,41.9
2025-06-12 18:40:00,25.7
2025-06-12 21:54:00,62.9
2025-06-12 14:19:00,87.9
2025-06-12 23:50:00,36.5
2025-06-12 07:36:00,27.5
2025-06-12 17:09:00,9.6
2025-06-12 15:55:00,19.0
2025-06-12 06:30:00,54.9
2025-06-12 02:11:00,55.4
2025-06-12 11:31:00,68.1
2025-06-12 22:08:00,52.4
2025-06-12 23:14:00,98.1
2025-06-12 01:37:00,60.6
2025-06-12 19:49:00,46.6
2025-06-12 03:20:00,45.1
2025-06-12 07:53:00,83.9
2025-06-12 11:22:00,14.4
2025-06-12 22:00:00,51.6
2025-06-12 23:40:00,50.31892714921527
2025-06-12 14:51:00,53.4
2025-06-12 23:15:00,54.2
2025-06-12 13:03:00,50.31892714921527
2025-06-12 11:53:00,91.3
2025-06-12 12:49:00,68.9
2025-06-12 23:20:00,15.0
2025-06-12 19:13:00,7.5
2025-06-12 18:35:00,17.0
2025-06-12 17:30:00,78.4
2025-06-12 22:53:00,50.31892714921527
2025-06-12 16:01:00,76.6
2025-06-12 19:23:00,19.1
2025-06-12 09:39:00,95.3
2025-06-12 16:11:00,6.5
2025-06-12 01:51:00,67.3
2025-06-12 22:50:00,64.2
2025-06-12 03:46:00,69.0
2025-06-12 03:51:00,50.31892714921527
2025-06-12 01:12:00,27.2
2025-06-12 10:21:00,26.8
2025-06-12 01:59:00,50.31892714921527
2025-06-12 01:30:00,24.8
2025-06-12 11:18:00,36.5
2025-06-12 15:08:00,1.1
2025-06-12 23:05:00,50.9
2025-06-12 11:38:00,25.6
2025-06-12 19:16:00,96.0
2025-06-12 19:58:00,99.4
2025-06-12 01:00:00,42.7
2025-06-12 06:33:00,57.1
2025-06-12 14:43:00,97.9
2025-06-12 22:10:00,20.7
2025-06-12 14:38:00,43.7
2025-06-12 09:36:00,88.3
2025-06-12 23:30:00,96.6
2025-06-12 20:07:00,31.1
2025-06-12 20:02:00,8.3
2025-06-12 22:17:00,6.1
2025-06-12 06:43:00,88.8
2025-06-12 17:34:00,30.3
2025-06-12 11:04:00,49.91221338324755
2025-06-12 09:03:00,70.6
2025-06-12 07:51:00,9.1
2025-06-12 07:28:00,23.8
2025-06-12 10:03:00,77.0
2025-06-12 00:04:00,5.4
2025-06-12 14:25:00,42.8
2025-06-12 19:09:00,8.4
2025-06-12 16:40:00,30.0
2025-06-12 16:19:00,34.8
2025-06-12 01:15:00,0.3
2025-06-12 15:42:00,88.4
2025-06-12 02:46:00,5.9
2025-06-12 14:23:00,75.2
2025-06-12 03:40:00,55.7
2025-06-12 22:49:00,57.5
2025-06-12 14:37:00,49.91221338324755
2025-06-12 10:02:00,59.9
2025-06-12 18:33:00,53.7
2025-06-12 08:05:00,47.0
2025-06-12 05:19:00,17.0
2025-06-12 09:06:00,49.91221338324755
2025-06-12 12:44:00,21.3
2025-06-12 01:07:00,33.8
2025-06-12 05:46:00,49.91221338324755
2025-06-12 22:03:00,18.4
2025-06-12 22:01:00,89.7
2025-06-12 14:44:00,47.6
2025-06-12 05:25:00,96.6
2025-06-12 15:43:00,51.1
2025-06-12 06:58:00,63.5
2025-06-12 03:25:00,14.3
2025-06-12 10:26:00,97.7
2025-06-12 07:12:00,39.8
2025-06-12 19:06:00,98.2
2025-06-12 21:04:00,28.6
2025-06-12 18:28:00,4.3
2025-06-12 15:03:00,51.5
2025-06-12 20:47:00,65.4
2025-06-12 17:06:00,31.4
2025-06-12 18:58:00,49.91221338324755
2025-06-12 01:21:00,46.7
2025-06-12 19:12:00,29.9
2025-06-12 06:18:00,90.5
2025-06-12 23:47:00,13.7
2025-06-12 23:20:00,9.4
2025-06-12 01:03:00,49.0
2025-06-12 13:03:00,5.7
2025-06-12 17:07:00,89.0
2025-06-12 04:58:00,97.1
2025-06-12 07:59:00,89.9
2025-06-12 09:00:00,9.9
2025-06-12 20:10:00,49.1
2025-06-12 11:01:00,22.5
2025-06-12 00:42:00,12.0
2025-06-12 22:24:00,18.3
2025-06-12 00:22:00,22.0
2025-06-12 17:44:00,9.8
2025-06-12 09:06:00,59.0
2025-06-12 23:11:00,83.0
2025-06-12 19:03:00,15.6
2025-06-12 05:06:00,15.2
2025-06-12 21:38:00,49.91221338324755
2025-06-12 07:12:00,96.5
2025-06-12 17:37:00,41.5
2025-06-12 04:56:00,3.6
2025-06-12 03:10:00,14.6
2025-06-12 23:35:00,49.91221338324755
2025-06-12 11:34:00,42.5
2025-06-12 06:02:00,49.91221338324755
2025-06-12 07:35:00,87.0
2025-06-12 04:12:00,90.2
2025-06-12 02:32:00,0.2
2025-06-12 14:38:00,83.1
2025-06-12 04:37:00,86.7
2025-06-12 15:05:00,9.3
2025-06-12 10:33:00,6.1
2025-06-12 01:38:00,39.4
2025-06-12 01:55:00,49.91221338324755
2025-06-12 01:01:00,13.4
2025-06-12 10:12:00,49.91221338324755
2025-06-12 08:14:00,99.5
2025-06-12 21:45:00,42.2
2025-06-12 09:42:00,49.91221338324755
2025-06-12 12:48:00,61.5
2025-06-12 12:03:00,62.3
2025-06-12 06:05:00,35.0
2025-06-12 23:13:00,20.5
2025-06-12 15:47:00,16.0
2025-06-12 08:19:00,32.4
2025-06-12 18:07:00,33.3
2025-06-12 15:28:00,49.91221338324755
2025-06-12 03:20:00,11.5
2025-06-12 16:44:00,6.3
2025-06-12 16:48:00,34.8
2025-06-12 17:17:00,89.7
2025-06-12 01:11:00,42.4
2025-06-12 00:58:00,28.2
2025-06-12 12:15:00,6.8
2025-06-12 07:21:00,89.6
2025-06-12 21:06:00,35.9
2025-06-12 04:50:00,49.91221338324755
2025-06-12 05:14:00,23.9
2025-06-12 21:57:00,49.91221338324755
2025-06-12 06:10:00,26.5
2025-06-12 05:27:00,91.6
2025-06-12 18:24:00,61.3
2025-06-12 15:57:00,98.2
2025-06-12 23:04:00,98.3
2025-06-12 10:03:00,60.3
2025-06-12 15:00:00,64.7
2025-06-12 17:59:00,46.3
2025-06-12 00:18:00,62.0
2025-06-12 00:52:00,49.91221338324755
2025-06-12 15:50:00,41.5
2025-06-12 18:09:00,41.6
2025-06-12 07:00:00,80.6
2025-06-12 07:11:00,80.1
2025-06-12 08:15:00,58.3
2025-06-12 10:12:00,93.7
2025-06-12 14:33:00,49.91221338324755
2025-06-12 17:45:00,75.1
2025-06-12 18:04:00,93.9
2025-06-12 08:47:00,74.6
2025-06-12 14:06:00,57.6
2025-06-12 22:19:00,86.7
2025-06-12 17:23:00,41.5
2025-06-12 08:08:00,18.1
2025-06-12 21:32:00,39.8
2025-06-12 11:46:00,92.5
2025-06-12 07:46:00,94.2
2025-06-12 12:12:00,99.7
2025-06-12 10:03:00,36.3
2025-06-12 18:11:00,24.0
2025-06-12 08:58:00,49.91221338324755
2025-06-12 13:15:00,27.0
2025-06-12 19:41:00,78.9
2025-06-12 08:04:00,49.91221338324755
2025-06-12 01:25:00,49.91221338324755
2025-06-12 11:10:00,22.2
2025-06-12 02:08:00,35.9
2025-06-12 07:36:00,23.4
2025-06-12 09:14:00,31.3
2025-06-12 00:25:00,71.6
2025-06-12 16:55:00,47.3
2025-06-12 21:58:00,22.0
2025-06-12 20:12:00,49.91221338324755
2025-06-12 12:26:00,58.5
2025-06-12 17:47:00,78.1
2025-06-12 04:18:00,68.8
2025-06-12 09:55:00,46.2
2025-06-12 22:01:00,49.91221338324755
2025-06-12 02:47:00,20.1
2025-06-12 01:31:00,86.7
2025-06-12 10:57:00,63.0
2025-06-12 04:25:00,64.7
2025-06-12 22:40:00,67.9
2025-06-12 10:07:00,49.91221338324755
2025-06-12 13:44:00,79.9
2025-06-12 18:54:00,49.91221338324755
2025-06-12 08:41:00,49.91221338324755
2025-06-12 21:46:00,0.7
2025-06-12 15:36:00,54.9
2025-06-12 16:07:00,49.91221338324755
2025-06-12 10:43:00,53.5
2025-06-12 12:33:00,5.0
2025-06-12 11:21:00,38.8
2025-06-12 01:07:00,13.7
2025-06-12 15:23:00,16.2
2025-06-12 17:41:00,88.1
2025-06-12 20:11:00,69.5
2025-06-12 23:37:00,28.4
2025-06-12 11:21:00,84.5
2025-06-12 03:15:00,49.91221338324755
2025-06-12 03:20:00,55.5
2025-06-12 15:17:00,24.8
2025-06-12 13:43:00,41.8
2025-06-12 10:33:00,38.9
2025-06-12 15:51:00,16.9
2025-06-12 23:59:00,10.8
2025-06-12 05:52:00,72.8
2025-06-12 09:47:00,44.8
2025-06-12 16:11:00,83.1
2025-06-12 13:21:00,59.1
2025-06-12 11:37:00,25.1
2025-06-12 02:43:00,49.91221338324755
2025-06-12 16:23:00,17.3
2025-06-12 21:08:00,76.6
2025-06-12 15:48:00,94.7
2025-06-12 03:29:00,95.9
2025-06-12 17:05:00,96.7
2025-06-12 11:36:00,82.6
2025-06-12 10:21:00,49.91221338324755
2025-06-12 09:29:00,80.4
2025-06-12 04:16:00,26.1
2025-06-12 05:38:00,83.9
2025-06-12 17:15:00,43.0
2025-06-12 15:13:00,41.6
2025-06-12 07:57:00,88.5
2025-06-12 21:49:00,66.0
2025-06-12 18:51:00,49.91221338324755
2025-06-12 23:01:00,94.0
2025-06-12 14:33:00,85.1
2025-06-12 15:59:00,52.1
2025-06-12 01:54:00,92.2
2025-06-12 19:28:00,55.4
2025-06-12 21:01:00,26.0
2025-06-12 14:07:00,88.6
2025-06-12 22:41:00,52.7
2025-06-12 06:22:00,31.1
2025-06-12 02:36:00,49.91221338324755
2025-06-12 04:22:00,81.4
2025-06-12 14:30:00,91.1
2025-06-12 19:01:00,97.6
2025-06-12 09:59:00,27.6
2025-06-12 18:24:00,92.6
2025-06-12 13:30:00,67.3
2025-06-12 15:27:00,49.91221338324755
2025-06-12 22:10:00,8.7
2025-06-12 19:51:00,67.5
2025-06-12 10:02:00,25.0
2025-06-12 01:56:00,12.0
2025-06-12 20:40:00,49.91221338324755
2025-06-12 23:58:00,49.91221338324755
2025-06-12 15:07:00,53.3
2025-06-12 22:57:00,32.2
2025-06-12 19:55:00,25.7
2025-06-12 13:09:00,49.91221338324755
2025-06-12 00:17:00,68.6
2025-06-12 16:42:00,87.6
2025-06-12 02:08:00,26.5
2025-06-12 19:59:00,48.6
2025-06-12 04:22:00,49.91221338324755
2025-06-12 07:18:00,48.5
2025-06-12 13:15:00,63.7
2025-06-12 07:30:00,49.91221338324755
2025-06-12 00:27:00,79.0
2025-06-12 09:23:00,76.1
2025-06-12 14:47:00,83.2
2025-06-12 19:36:00,49.91221338324755
2025-06-12 14:29:00,69.3
2025-06-12 19:14:00,37.5
2025-06-12 19:07:00,47.6
2025-06-12 14:24:00,10.4
2025-06-12 21:46:00,18.2
2025-06-12 11:38:00,15.6
2025-06-12 21:43:00,7.6
2025-06-12 12:05:00,5.1
2025-06-12 22:01:00,71.2
2025-06-12 02:53:00,13.2
2025-06-12 04:40:00,39.4
2025-06-12 03:32:00,26.7
2025-06-12 09:46:00,49.91221338324755
2025-06-12 23:19:00,53.4
2025-06-12 23:03:00,81.2
2025-06-12 05:19:00,0.8
2025-06-12 13:15:00,86.8
2025-06-12 11:14:00,49.91221338324755
2025-06-12 13:20:00,0.6
2025-06-12 16:19:00,49.91221338324755
2025-06-12 22:31:00,35.6
2025-06-12 12:43:00,45.9
2025-06-12 06:16:00,49.91221338324755
2025-06-12 07:03:00,95.9
2025-06-12 15:07:00,58.3
2025-06-12 08:28:00,39.4
2025-06-12 16:01:00,90.6
2025-06-12 04:53:00,26.0
2025-06-12 22:18:00,40.5
2025-06-12 18:18:00,52.7
2025-06-12 07:52:00,12.6
2025-06-12 20:12:00,6.7
2025-06-12 22:21:00,73.5
2025-06-12 21:11:00,97.0
2025-06-12 14:58:00,35.8
2025-06-12 02:02:00,47.3
2025-06-12 16:48:00,76.0
2025-06-12 08:33:00,15.2
2025-06-12 08:29:00,33.0
2025-06-12 07:43:00,45.6
2025-06-12 06:58:00,49.91221338324755
2025-06-12 21:52:00,57.7
2025-06-12 14:51:00,17.9
2025-06-12 07:44:00,59.9
2025-06-12 21:02:00,3.0
2025-06-12 23:16:00,68.1
2025-06-12 10:22:00,68.2
2025-06-12 06:24:00,80.2
2025-06-12 00:27:00,89.9
2025-06-12 21:30:00,12.1
2025-06-12 18:55:00,39.5
2025-06-12 00:18:00,11.0
2025-06-12 19:41:00,59.9
2025-06-12 09:38:00,41.5
2025-06-12 12:05:00,1.7
2025-06-12 08:01:00,34.1
2025-06-12 02:31:00,49.91221338324755
2025-06-12 19:03:00,13.8
2025-06-12 03:02:00,4.4
2025-06-12 21:43:00,66.7
2025-06-12 06:22:00,28.4
2025-06-12 11:07:00,44.9
2025-06-12 10:42:00,3.6
2025-06-12 07:28:00,12.3
2025-06-12 01:33:00,0.4
2025-06-12 19:02:00,85.4
2025-06-12 16:45:00,8.2
2025-06-12 06:41:00,45.2
2025-06-12 03:20:00,80.8
2025-06-12 02:27:00,77.3
2025-06-12 07:25:00,49.91221338324755
2025-06-12 23:46:00,37.9
2025-06-12 10:13:00,49.91221338324755
2025-06-12 12:15:00,49.91221338324755
2025-06-12 11:04:00,49.91221338324755
2025-06-12 17:41:00,65.4
2025-06-12 14:32:00,26.3
2025-06-12 16:06:00,52.5
2025-06-12 13:16:00,96.1
2025-06-12 16:22:00,95.3
2025-06-12 16:32:00,75.3
2025-06-12 22:01:00,76.9
2025-06-12 21:47:00,50.557353635505194
2025-06-12 10:30:00,14.0
2025-06-12 22:29:00,77.2
2025-06-12 03:37:00,52.2
2025-06-12 22:03:00,47.4
2025-06-12 06:22:00,1.9
2025-06-12 12:19:00,93.7
2025-06-12 11:25:00,52.0
2025-06-12 11:37:00,29.1
2025-06-12 08:17:00,70.3
2025-06-12 11:08:00,90.6
2025-06-12 00:54:00,80.8
2025-06-12 06:36:00,4.1
2025-06-12 20:36:00,96.2
2025-06-12 10:52:00,10.7
2025-06-12 07:44:00,28.7
2025-06-12 13:38:00,45.2
2025-06-12 01:07:00,18.6
2025-06-12 15:00:00,70.1
2025-06-12 10:58:00,64.2
2025-06-12 19:54:00,5.5
2025-06-12 23:52:00,34.9
2025-06-12 02:35:00,58.5
2025-06-12 16:41:00,54.2
2025-06-12 19:36:00,38.6
2025-06-12 03:22:00,46.8
2025-06-12 18:13:00,32.7
2025-06-12 00:18:00,17.9
2025-06-12 22:52:00,33.7
2025-06-12 16:20:00,88.8
2025-06-12 12:05:00,43.9
2025-06-12 05:42:00,68.7
2025-06-12 00:58:00,94.4
2025-06-12 17:16:00,74.2
2025-06-12 10:40:00,58.0
2025-06-12 18:56:00,76.2
2025-06-12 01:10:00,79.3
2025-06-12 02:36:00,47.9
2025-06-12 02:49:00,50.557353635505194
2025-06-12 10:56:00,84.1
2025-06-12 15:06:00,50.557353635505194
2025-06-12 04:31:00,9.6
2025-06-12 02:57:00,50.557353635505194
2025-06-12 01:19:00,58.6
2025-06-12 06:43:00,5.8
2025-06-12 03:07:00,40.0
2025-06-12 04:08:00,4.6
2025-06-12 18:31:00,25.0
2025-06-12 15:38:00,50.557353635505194
2025-06-12 02:27:00,2.1
2025-06-12 07:33:00,34.1
2025-06-12 03:29:00,18.9
2025-06-12 23:29:00,52.7
2025-06-12 15:25:00,1.4
2025-06-12 04:30:00,50.557353635505194
2025-06-12 12:33:00,42.8
2025-06-12 10:25:00,57.5
2025-06-12 02:58:00,83.1
2025-06-12 19:05:00,50.557353635505194
2025-06-12 01:57:00,47.7
2025-06-12 15:02:00,42.7
2025-06-12 01:00:00,15.4
2025-06-12 04:42:00,68.9
2025-06-12 18:27:00,1.2
2025-06-12 10:27:00,50.557353635505194
2025-06-12 00:56:00,84.6
2025-06-12 17:08:00,38.4
2025-06-12 16:20:00,64.5
2025-06-12 21:31:00,24.4
2025-06-12 00:05:00,82.2
2025-06-12 06:40:00,75.8
2025-06-12 06:25:00,5.1
2025-06-12 14:15:00,96.5
2025-06-12 13:50:00,85.9
2025-06-12 23:54:00,23.2
2025-06-12 13:52:00,34.0
2025-06-12 09:22:00,19.3
2025-06-12 05:54:00,6.5
2025-06-12 00:53:00,60.5
2025-06-12 13:10:00,5.7
2025-06-12 23:01:00,50.557353635505194
2025-06-12 21:15:00,13.4
2025-06-12 05:09:00,50.557353635505194
2025-06-12 16:26:00,32.0
2025-06-12 07:44:00,79.5
2025-06-12 05:56:00,50.557353635505194
2025-06-12 01:58:00,26.9
2025-06-12 00:15:00,41.8
2025-06-12 20:01:00,6.1
2025-06-12 03:57:00,9.0
2025-06-12 03:16:00,63.5
2025-06-12 10:17:00,72.3
2025-06-12 17:46:00,90.3
2025-06-12 18:28:00,2.3
2025-06-12 11:38:00,50.557353635505194
2025-06-12 02:59:00,22.6
2025-06-12 10:02:00,50.557353635505194
2025-06-12 02:45:00,80.5
2025-06-12 22:40:00,93.2
2025-06-12 10:34:00,73.2
2025-06-12 12:05:00,34.9
2025-06-12 17:02:00,22.3
2025-06-12 04:37:00,35.7
2025-06-12 02:05:00,67.2
2025-06-12 16:14:00,15.4
2025-06-12 13:42:00,50.557353635505194
2025-06-12 07:57:00,2.3
2025-06-12 12:18:00,56.7
2025-06-12 21:12:00,19.1
2025-06-12 04:29:00,4.7
2025-06-12 22:55:00,23.9
2025-06-12 15:51:00,56.5
2025-06-12 11:41:00,30.9
2025-06-12 13:10:00,8.2
2025-06-12 12:24:00,5.9
2025-06-12 12:08:00,54.5
2025-06-12 15:20:00,81.1
2025-06-12 20:43:00,64.1
2025-06-12 08:21:00,50.557353635505194
2025-06-12 01:02:00,84.6
2025-06-12 02:40:00,7.4
2025-06-12 06:06:00,87.2
2025-06-12 01:19:00,55.6
2025-06-12 00:30:00,10.5
2025-06-12 03:45:00,88.7
2025-06-12 02:33:00,66.0
2025-06-12 09:24:00,50.557353635505194
2025-06-12 07:40:00,22.5
2025-06-12 07:59:00,50.557353635505194
2025-06-12 18:35:00,60.1
2025-06-12 09:01:00,50.557353635505194
2025-06-12 19:40:00,44.5
2025-06-12 19:39:00,94.6
2025-06-12 20:52:00,92.3
2025-06-12 13:38:00,28.4
2025-06-12 04:56:00,5.1
2025-06-12 03:00:00,47.5
2025-06-12 13:54:00,28.3
2025-06-12 08:59:00,99.6
2025-06-12 14:42:00,99.8
2025-06-12 00:34:00,1.1
2025-06-12 10:35:00,79.5
2025-06-12 10:17:00,50.557353635505194
2025-06-12 15:15:00,45.2
2025-06-12 09:53:00,50.557353635505194
2025-06-12 09:46:00,50.557353635505194
2025-06-12 06:27:00,57.0
2025-06-12 06:23:00,25.8
2025-06-12 10:47:00,61.0
2025-06-12 04:32:00,50.557353635505194
2025-06-12 06:21:00,6.9
2025-06-12 04:23:00,92.1
2025-06-12 08:55:00,24.9
2025-06-12 11:10:00,32.7
2025-06-12 00:26:00,86.3
2025-06-12 10:22:00,50.4
2025-06-12 21:03:00,99.1
2025-06-12 03:46:00,50.557353635505194
2025-06-12 13:11:00,26.4
2025-06-12 12:14:00,10.4
2025-06-12 04:29:00,59.4
2025-06-12 03:10:00,60.3
2025-06-12 04:44:00,18.8
2025-06-12 21:37:00,3.7
2025-06-12 15:21:00,1.9
2025-06-12 06:39:00,22.7
2025-06-12 08:25:00,58.0
2025-06-12 02:46:00,50.557353635505194
2025-06-12 19:49:00,50.557353635505194
2025-06-12 20:38:00,33.9
2025-06-12 03:54:00,94.3
2025-06-12 22:54:00,50.557353635505194
2025-06-12 23:03:00,97.2
2025-06-12 02:54:00,41.1
2025-06-12 17:39:00,83.3
2025-06-12 11:00:00,12.8
2025-06-12 18:11:00,29.0
2025-06-12 14:59:00,11.5
2025-06-12 14:14:00,77.4
2025-06-12 09:27:00,47.9
2025-06-12 23:30:00,50.557353635505194
2025-06-12 06:09:00,23.5
2025-06-12 12:08:00,6.7
2025-06-12 23:44:00,50.557353635505194
2025-06-12 07:49:00,22.9
2025-06-12 04:07:00,28.9
2025-06-12 20:28:00,36.4
2025-06-12 05:53:00,98.6
2025-06-12 01:21:00,50.557353635505194
2025-06-12 12:48:00,82.3
2025-06-12 20:59:00,50.557353635505194
2025-06-12 20:05:00,81.5
2025-06-12 07:12:00,41.4
2025-06-12 16:40:00,85.6
2025-06-12 14:57:00,32.8
2025-06-12 00:55:00,49.0
2025-06-12 21:12:00,19.3
2025-06-12 17:46:00,3.9
2025-06-12 07:11:00,50.557353635505194
2025-06-12 02:45:00,50.557353635505194
2025-06-12 05:57:00,1.2
2025-06-12 06:32:00,54.9
2025-06-12 01:54:00,18.9
2025-06-12 19:16:00,94.4
2025-06-12 15:41:00,41.4
2025-06-12 15:52:00,34.9
2025-06-12 09:50:00,44.7
2025-06-12 12:21:00,50.557353635505194
2025-06-12 09:54:00,62.6
2025-06-12 02:11:00,85.9
2025-06-12 08:30:00,94.0
2025-06-12 14:34:00,50.557353635505194
2025-06-12 06:10:00,42.2
2025-06-12 05:00:00,50.557353635505194
2025-06-12 18:04:00,50.557353635505194
2025-06-12 22:58:00,80.2
2025-06-12 13:12:00,50.557353635505194
2025-06-12 00:00:00,37.4
2025-06-12 09:38:00,41.3
2025-06-12 13:50:00,23.6
2025-06-12 20:14:00,82.9
2025-06-12 18:42:00,69.9
2025-06-12 18:51:00,33.6
2025-06-12 22:53:00,50.557353635505194
2025-06-12 16:13:00,50.557353635505194
2025-06-12 02:04:00,50.557353635505194
2025-06-12 07:52:00,92.6
2025-06-12 18:45:00,30.7
2025-06-12 22:14:00,46.6
2025-06-12 12:23:00,75.0
2025-06-12 18:35:00,73.5
2025-06-12 07:10:00,8.6
2025-06-12 14:07:00,51.0
2025-06-12 11:04:00,98.9
2025-06-12 17:00:00,38.1
2025-06-12 12:15:00,77.3
2025-06-12 09:06:00,50.557353635505194
2025-06-12 21:51:00,74.0
2025-06-12 09:33:00,78.6
2025-06-12 05:11:00,70.5
2025-06-12 13:00:00,66.7
2025-06-12 19:49:00,27.5
2025-06-12 18:51:00,11.7
2025-06-12 02:41:00,95.2
2025-06-12 21:44:00,95.3
2025-06-12 16:55:00,57.0
2025-06-12 05:14:00,80.0
2025-06-12 06:32:00,88.4
2025-06-12 09:19:00,78.0
2025-06-12 02:54:00,99.1
2025-06-12 13:10:00,95.8
2025-06-12 06:38:00,62.7
2025-06-12 18:07:00,35.3
2025-06-12 07:02:00,37.1
2025-06-12 15:04:00,52.9
2025-06-12 00:41:00,70.8
2025-06-12 02:44:00,61.7
2025-06-12 10:03:00,70.4
2025-06-12 00:13:00,75.1
2025-06-12 13:18:00,88.1
2025-06-12 20:48:00,70.9
2025-06-12 17:03:00,79.9
2025-06-12 07:32:00,77.5
2025-06-12 11:04:00,57.1
2025-06-12 18:42:00,74.7
2025-06-12 11:40:00,12.9
2025-06-12 22:14:00,20.3
2025-06-12 20:41:00,93.9
2025-06-12 01:40:00,39.2
2025-06-12 15:42:00,87.2
2025-06-12 08:23:00,17.6
2025-06-12 10:52:00,31.4
2025-06-12 16:34:00,67.3
2025-06-12 10:49:00,8.6
2025-06-12 22:59:00,96.5
2025-06-12 22:38:00,50.557353635505194
2025-06-12 11:19:00,13.6
2025-06-12 03:41:00,50.557353635505194
2025-06-12 09:32:00,12.9
2025-06-12 12:10:00,41.0
2025-06-12 15:37:00,54.9
2025-06-12 12:26:00,64.5
2025-06-12 16:54:00,19.6
2025-06-12 13:18:00,23.5
2025-06-12 07:40:00,50.557353635505194
2025-06-12 04:08:00,50.557353635505194
2025-06-12 01:16:00,56.0
2025-06-12 19:00:00,91.2
2025-06-12 18:26:00,93.8
2025-06-12 14:51:00,86.0
2025-06-12 19:29:00,23.9
2025-06-12 19:29:00,54.3
2025-06-12 00:27:00,50.557353635505194
2025-06-12 01:43:00,52.3
2025-06-12 17:13:00,93.2
2025-06-12 13:55:00,30.4
2025-06-12 09:39:00,60.8
2025-06-12 06:56:00,21.9
2025-06-12 01:19:00,54.3
2025-06-12 15:43:00,53.8
2025-06-12 06:50:00,98.2
2025-06-12 20:56:00,76.7
2025-06-12 05:35:00,47.2
2025-06-12 10:46:00,13.2
2025-06-12 14:13:00,25.1
2025-06-12 12:12:00,50.557353635505194
2025-06-12 22:27:00,28.8
2025-06-12 00:07:00,90.1
2025-06-12 22:19:00,28.6
2025-06-12 12:33:00,85.7
2025-06-12 23:04:00,90.0
2025-06-12 21:36:00,1.5
2025-06-12 19:31:00,61.0
2025-06-12 15:40:00,80.6
2025-06-12 20:40:00,42.8
2025-06-12 12:14:00,38.0
2025-06-12 05:20:00,7.1
2025-06-12 16:18:00,42.9
2025-06-12 03:36:00,38.1
2025-06-12 12:48:00,73.0
2025-06-12 21:47:00,49.87196987526477
2025-06-12 07:32:00,67.4
2025-06-12 14:58:00,46.1
2025-06-12 11:01:00,97.8
2025-06-12 06:42:00,49.87196987526477
2025-06-12 21:02:00,64.1
2025-06-12 04:19:00,15.8
2025-06-12 17:20:00,84.1
2025-06-12 04:18:00,49.87196987526477
2025-06-12 22:00:00,62.4
2025-06-12 02:55:00,70.9
2025-06-12 00:25:00,49.87196987526477
2025-06-12 10:12:00,12.9
2025-06-12 06:24:00,77.0
2025-06-12 10:25:00,49.3
2025-06-12 00:36:00,49.87196987526477
2025-06-12 10:55:00,29.6
2025-06-12 16:41:00,48.3
2025-06-12 08:47:00,15.5
2025-06-12 15:07:00,39.7
2025-06-12 03:11:00,49.87196987526477
2025-06-12 07:33:00,16.5
2025-06-12 05:49:00,22.3
2025-06-12 21:32:00,55.6
2025-06-12 01:19:00,45.4
2025-06-12 21:42:00,49.87196987526477
2025-06-12 04:05:00,69.8
2025-06-12 03:35:00,34.3
2025-06-12 13:46:00,1.7
2025-06-12 02:01:00,96.1
2025-06-12 00:46:00,7.9
2025-06-12 18:09:00,61.1
2025-06-12 15:35:00,61.0
2025-06-12 11:00:00,73.5
2025-06-12 23:28:00,1.4
2025-06-12 16:13:00,12.5
2025-06-12 15:57:00,96.7
2025-06-12 11:01:00,85.4
2025-06-12 17:50:00,79.9
2025-06-12 20:47:00,5.8
2025-06-12 20:17:00,84.3
2025-06-12 16:24:00,49.87196987526477
2025-06-12 14:31:00,82.7
2025-06-12 02:17:00,18.8
2025-06-12 18:39:00,77.5
2025-06-12 07:43:00,8.9
2025-06-12 12:57:00,23.1
2025-06-12 09:38:00,81.6
2025-06-12 08:05:00,99.3
2025-06-12 14:15:00,18.8
2025-06-12 08:00:00,49.87196987526477
2025-06-12 15:38:00,49.87196987526477
2025-06-12 13:47:00,75.0
2025-06-12 22:31:00,49.87196987526477
2025-06-12 14:56:00,72.6
2025-06-12 18:03:00,76.9
2025-06-12 21:33:00,97.4
2025-06-12 17:49:00,37.4
2025-06-12 10:39:00,65.8
2025-06-12 22:14:00,2.6
2025-06-12 02:46:00,49.87196987526477
2025-06-12 00:09:00,10.9
2025-06-12 08:03:00,49.87196987526477
2025-06-12 19:06:00,97.8
2025-06-12 14:42:00,1.3
2025-06-12 09:46:00,46.3
2025-06-12 16:38:00,67.2
2025-06-12 15:24:00,15.0
2025-06-12 07:45:00,36.2
2025-06-12 17:10:00,30.6
2025-06-12 11:59:00,62.0
2025-06-12 04:41:00,22.9
2025-06-12 07:36:00,49.87196987526477
2025-06-12 15:08:00,51.0
2025-06-12 20:09:00,61.8
2025-06-12 03:43:00,29.5
2025-06-12 23:23:00,56.4
2025-06-12 08:24:00,74.9
2025-06-12 16:23:00,58.8
2025-06-12 23:21:00,49.87196987526477
2025-06-12 11:52:00,81.6
2025-06-12 07:28:00,21.9
2025-06-12 20:23:00,66.9
2025-06-12 21:26:00,91.0
2025-06-12 19:11:00,4.5
2025-06-12 01:42:00,49.87196987526477
2025-06-12 08:34:00,49.87196987526477
2025-06-12 20:38:00,81.9
2025-06-12 09:37:00,70.9
2025-06-12 02:48:00,54.5
2025-06-12 22:36:00,49.87196987526477
2025-06-12 12:26:00,40.7
2025-06-12 19:32:00,49.87196987526477
2025-06-12 05:47:00,72.7
2025-06-12 10:45:00,49.87196987526477
2025-06-12 22:26:00,59.0
2025-06-12 15:25:00,27.9
2025-06-12 01:55:00,29.7
2025-06-12 02:35:00,14.6
2025-06-12 14:10:00,1.8
2025-06-12 10:27:00,49.87196987526477
2025-06-12 16:38:00,49.87196987526477
2025-06-12 13:55:00,51.2
2025-06-12 16:22:00,13.7
2025-06-12 22:38:00,49.87196987526477
2025-06-12 14:35:00,44.0
2025-06-12 17:45:00,79.4
2025-06-12 20:24:00,81.2
2025-06-12 01:06:00,90.6
2025-06-12 19:45:00,49.87196987526477
2025-06-12 02:17:00,49.87196987526477
2025-06-12 08:56:00,54.1
2025-06-12 13:00:00,95.0
2025-06-12 11:52:00,50.0
2025-06-12 03:37:00,66.7
2025-06-12 13:46:00,83.8
2025-06-12 00:09:00,4.4
2025-06-12 03:23:00,35.6
2025-06-12 20:00:00,9.5
2025-06-12 09:26:00,51.0
2025-06-12 04:42:00,49.87196987526477
2025-06-12 09:18:00,35.3
2025-06-12 07:27:00,49.87196987526477
2025-06-12 22:53:00,36.6
2025-06-12 20:47:00,87.9
2025-06-12 02:39:00,49.87196987526477
2025-06-12 10:07:00,77.4
2025-06-12 19:48:00,16.2
2025-06-12 00:27:00,75.7
2025-06-12 03:47:00,49.87196987526477
2025-06-12 04:26:00,2.3
2025-06-12 03:20:00,77.0
2025-06-12 06:12:00,17.6
2025-06-12 13:37:00,66.2
2025-06-12 02:44:00,5.5
2025-06-12 02:46:00,49.87196987526477
2025-06-12 19:30:00,93.7
2025-06-12 16:10:00,49.87196987526477
2025-06-12 16:51:00,37.5
2025-06-12 10:48:00,45.7
2025-06-12 17:27:00,49.87196987526477
2025-06-12 01:26:00,22.7
2025-06-12 12:00:00,66.7
2025-06-12 12:21:00,14.5
2025-06-12 12:30:00,66.6
2025-06-12 04:17:00,45.5
2025-06-12 02:55:00,49.87196987526477
2025-06-12 09:32:00,39.0
2025-06-12 10:56:00,45.5
2025-06-12 16:37:00,10.0
2025-06-12 04:11:00,59.3
2025-06-12 01:54:00,99.9
2025-06-12 04:57:00,30.3
2025-06-12 19:22:00,78.4
2025-06-12 16:55:00,89.2
2025-06-12 03:10:00,37.9
2025-06-12 11:37:00,93.4
2025-06-12 04:08:00,84.7
2025-06-12 03:41:00,85.1
2025-06-12 06:38:00,30.2
2025-06-12 09:21:00,16.5
2025-06-12 04:38:00,49.87196987526477
2025-06-12 21:13:00,26.9
2025-06-12 18:22:00,94.9
2025-06-12 06:08:00,64.1
2025-06-12 13:56:00,49.87196987526477
2025-06-12 00:01:00,49.87196987526477
2025-06-12 10:43:00,41.7
2025-06-12 15:32:00,26.9
2025-06-12 04:54:00,49.87196987526477
2025-06-12 23:10:00,87.8
2025-06-12 09:34:00,87.5
2025-06-12 20:37:00,95.2
2025-06-12 06:04:00,49.87196987526477
2025-06-12 16:04:00,87.3
2025-06-12 07:24:00,45.7
2025-06-12 03:25:00,91.8
2025-06-12 01:21:00,49.87196987526477
2025-06-12 19:20:00,49.87196987526477
2025-06-12 16:59:00,45.7
2025-06-12 10:47:00,56.7
2025-06-12 01:37:00,49.87196987526477
2025-06-12 03:20:00,76.7
2025-06-12 17:38:00,49.87196987526477
2025-06-12 06:15:00,33.0
2025-06-12 14:22:00,0.6
2025-06-12 19:55:00,78.6
2025-06-12 22:10:00,60.5
2025-06-12 01:09:00,0.8
2025-06-12 19:42:00,14.5
2025-06-12 20:31:00,25.3
2025-06-12 23:04:00,79.7
2025-06-12 10:43:00,63.2
2025-06-12 09:41:00,83.7
2025-06-12 20:46:00,75.0
2025-06-12 22:17:00,62.2
2025-06-12 08:53:00,33.1
2025-06-12 20:22:00,40.5
2025-06-12 16:00:00,75.3
2025-06-12 12:49:00,49.87196987526477
2025-06-12 03:01:00,49.87196987526477
2025-06-12 12:39:00,44.0
2025-06-12 06:33:00,95.5
2025-06-12 16:56:00,26.5
2025-06-12 04:28:00,49.87196987526477
2025-06-12 01:28:00,8.1
2025-06-12 04:11:00,74.5
2025-06-12 19:04:00,49.87196987526477
2025-06-12 08:04:00,37.2
2025-06-12 05:32:00,47.7
2025-06-12 03:41:00,70.1
2025-06-12 00:10:00,69.6
2025-06-12 18:52:00,49.87196987526477
2025-06-12 17:02:00,17.6
2025-06-12 16:01:00,49.87196987526477
2025-06-12 14:43:00,79.3
2025-06-12 00:33:00,57.7
2025-06-12 12:45:00,11.8
2025-06-12 14:04:00,75.7
2025-06-12 20:53:00,34.3
2025-06-12 12:59:00,97.6
2025-06-12 18:41:00,10.3
2025-06-12 03:23:00,49.87196987526477
2025-06-12 09:38:00,74.6
2025-06-12 20:00:00,65.8
2025-06-12 07:36:00,18.2
2025-06-12 13:49:00,16.1
2025-06-12 22:43:00,13.9
2025-06-12 15:15:00,49.87196987526477
2025-06-12 02:28:00,99.4
2025-06-12 21:18:00,97.3
2025-06-12 19:11:00,100.0
2025-06-12 10:02:00,49.87196987526477
2025-06-12 09:23:00,42.7
2025-06-12 06:15:00,84.3
2025-06-12 11:33:00,41.0
2025-06-12 19:10:00,90.2
2025-06-12 20:21:00,94.2
2025-06-12 18:57:00,33.5
2025-06-12 07:10:00,63.5
2025-06-12 12:42:00,12.8
2025-06-12 04:40:00,49.87196987526477
2025-06-12 11:23:00,42.6
2025-06-12 13:07:00,17.9
2025-06-12 01:55:00,94.2
2025-06-12 12:20:00,85.1
2025-06-12 19:58:00,50.6
2025-06-12 14:42:00,92.7
2025-06-12 10:23:00,57.2
2025-06-12 20:36:00,83.8
2025-06-12 09:15:00,93.1
2025-06-12 10:39:00,18.9
2025-06-12 10:46:00,70.5
2025-06-12 10:59:00,37.7
2025-06-12 06:36:00,17.1
2025-06-12 23:09:00,0.8
2025-06-12 15:38:00,38.4
2025-06-12 22:09:00,70.8
2025-06-12 04:49:00,16.2
2025-06-12 20:28:00,33.0
2025-06-12 20:19:00,30.2
2025-06-12 14:12:00,68.3
2025-06-12 16:43:00,72.0
2025-06-12 11:21:00,77.8
2025-06-12 10:40:00,65.0
2025-06-12 04:43:00,48.7
2025-06-12 08:35:00,29.5
2025-06-12 19:20:00,29.8
2025-06-12 18:14:00,40.1
2025-06-12 01:39:00,68.8
2025-06-12 08:57:00,56.5
2025-06-12 22:03:00,49.87196987526477
2025-06-12 19:21:00,69.3
2025-06-12 14:06:00,63.4
2025-06-12 00:45:00,49.87196987526477
2025-06-12 02:29:00,10.1
2025-06-12 15:41:00,97.7
2025-06-12 15:14:00,26.4
2025-06-12 13:24:00,87.7
2025-06-12 06:55:00,30.0
2025-06-12 14:00:00,5.8
2025-06-12 16:42:00,70.4
2025-06-12 15:28:00,73.8
2025-06-12 01:26:00,60.5
2025-06-12 00:21:00,49.87196987526477
2025-06-12 08:53:00,94.7
2025-06-12 17:41:00,49.87196987526477
2025-06-12 13:55:00,68.5
2025-06-12 12:07:00,23.8
2025-06-12 05:25:00,37.4
2025-06-12 01:15:00,14.0
2025-06-12 05:42:00,2.1
2025-06-12 00:05:00,82.7
2025-06-12 17:19:00,42.0
2025-06-12 21:25:00,51.4
2025-06-12 20:49:00,98.7
2025-06-12 10:14:00,89.0
2025-06-12 02:28:00,62.0
2025-06-12 14:39:00,12.2
2025-06-12 21:37:00,53.5
2025-06-12 13:36:00,23.4
2025-06-12 21:40:00,8.0
2025-06-12 17:49:00,49.87196987526477
2025-06-12 18:39:00,87.6
2025-06-12 06:14:00,49.87196987526477
2025-06-12 11:30:00,49.87196987526477
2025-06-12 15:47:00,36.8
2025-06-12 10:37:00,38.0
2025-06-12 11:41:00,64.8
2025-06-12 11:04:00,70.1
2025-06-12 03:19:00,49.93628109892701
2025-06-12 09:22:00,98.7
2025-06-12 09:00:00,49.93628109892701
2025-06-12 23:34:00,30.0
2025-06-12 13:11:00,2.7
2025-06-12 13:46:00,49.93628109892701
2025-06-12 08:40:00,3.5
2025-06-12 14:13:00,93.1
2025-06-12 18:28:00,17.6
2025-06-12 11:39:00,18.9
2025-06-12 00:51:00,49.93628109892701
2025-06-12 14:40:00,13.3
2025-06-12 03:32:00,49.93628109892701
2025-06-12 16:59:00,49.93628109892701
2025-06-12 18:21:00,0.8
2025-06-12 23:12:00,19.7
2025-06-12 17:35:00,93.8
2025-06-12 00:53:00,49.93628109892701
2025-06-12 16:46:00,77.7
2025-06-12 10:32:00,13.0
2025-06-12 05:53:00,74.1
2025-06-12 14:03:00,33.5
2025-06-12 09:57:00,73.5
2025-06-12 22:52:00,49.93628109892701
2025-06-12 18:10:00,92.0
2025-06-12 07:06:00,61.1
2025-06-12 22:22:00,17.5
2025-06-12 08:33:00,5.3
2025-06-12 14:42:00,41.1
2025-06-12 07:12:00,96.2
2025-06-12 12:44:00,56.8
2025-06-12 14:29:00,1.6
2025-06-12 06:31:00,30.3
2025-06-12 17:00:00,0.2
2025-06-12 08:48:00,49.93628109892701
2025-06-12 23:31:00,76.9
2025-06-12 15:53:00,89.7
2025-06-12 16:27:00,30.6
2025-06-12 01:53:00,58.3
2025-06-12 08:57:00,27.2
2025-06-12 12:03:00,49.93628109892701
2025-06-12 23:26:00,39.1
2025-06-12 17:57:00,25.4
2025-06-12 05:23:00,63.5
2025-06-12 03:50:00,40.9
2025-06-12 03:02:00,61.6
2025-06-12 18:14:00,48.9
2025-06-12 00:26:00,92.2
2025-06-12 13:11:00,81.1
2025-06-12 14:37:00,91.7
2025-06-12 15:08:00,49.0
2025-06-12 17:45:00,49.93628109892701
2025-06-12 16:18:00,65.0
2025-06-12 16:28:00,29.9
2025-06-12 05:50:00,49.93628109892701
2025-06-12 07:18:00,49.93628109892701
2025-06-12 16:32:00,19.4
2025-06-12 03:37:00,66.7
2025-06-12 01:12:00,24.9
2025-06-12 03:14:00,49.93628109892701
2025-06-12 07:23:00,10.1
2025-06-12 06:33:00,13.1
2025-06-12 21:33:00,68.5
2025-06-12 04:55:00,39.0
2025-06-12 17:01:00,76.7
2025-06-12 10:43:00,49.93628109892701
2025-06-12 04:29:00,80.4
2025-06-12 19:19:00,79.8
2025-06-12 12:06:00,49.93628109892701
2025-06-12 06:36:00,5.8
2025-06-12 12:37:00,55.1
2025-06-12 10:20:00,59.0
2025-06-12 06:24:00,38.1
2025-06-12 00:46:00,68.0
2025-06-12 02:57:00,49.93628109892701
2025-06-12 08:15:00,4.8
2025-06-12 05:24:00,49.93628109892701
2025-06-12 08:03:00,52.7
2025-06-12 03:06:00,66.4
2025-06-12 10:08:00,82.7
2025-06-12 17:38:00,25.1
2025-06-12 01:29:00,82.6
2025-06-12 22:52:00,74.3
2025-06-12 22:29:00,49.93628109892701
2025-06-12 22:54:00,96.0
2025-06-12 14:09:00,11.0
2025-06-12 16:22:00,65.2
2025-06-12 16:20:00,49.93628109892701
2025-06-12 15:41:00,1.6
2025-06-12 16:10:00,19.0
2025-06-12 07:19:00,75.9
2025-06-12 11:54:00,59.8
2025-06-12 14:54:00,26.1
2025-06-12 03:38:00,64.0
2025-06-12 14:52:00,54.3
2025-06-12 04:26:00,49.93628109892701
2025-06-12 13:35:00,49.93628109892701
2025-06-12 03:40:00,30.5
2025-06-12 06:59:00,55.8
2025-06-12 13:49:00,68.0
2025-06-12 18:06:00,53.6
2025-06-12 06:03:00,89.4
2025-06-12 08:57:00,29.4
2025-06-12 10:11:00,34.9
2025-06-12 20:28:00,41.6
2025-06-12 08:13:00,9.3
2025-06-12 22:38:00,90.1
2025-06-12 20:56:00,7.8
2025-06-12 22:53:00,5.7
2025-06-12 07:37:00,68.4
2025-06-12 19:10:00,84.8
2025-06-12 08:21:00,47.6
2025-06-12 05:49:00,49.93628109892701
2025-06-12 03:48:00,49.93628109892701
2025-06-12 16:24:00,28.7
2025-06-12 12:40:00,8.8
2025-06-12 13:47:00,91.2
2025-06-12 04:57:00,51.5
2025-06-12 05:24:00,52.1
2025-06-12 23:16:00,69.4
2025-06-12 01:52:00,28.0
2025-06-12 20:44:00,65.9
2025-06-12 02:25:00,69.9
2025-06-12 16:58:00,98.8
2025-06-12 12:34:00,49.93628109892701
2025-06-12 21:26:00,8.4
2025-06-12 06:33:00,12.9
2025-06-12 22:44:00,38.6
2025-06-12 09:20:00,49.93628109892701
2025-06-12 23:35:00,51.5
2025-06-12 13:20:00,97.1
2025-06-12 09:30:00,70.9
2025-06-12 09:35:00,49.93628109892701
2025-06-12 15:54:00,88.0
2025-06-12 00:08:00,40.6
2025-06-12 02:49:00,48.4
2025-06-12 02:17:00,28.1
2025-06-12 16:05:00,1.8
2025-06-12 18:18:00,49.93628109892701
2025-06-12 02:09:00,25.8
2025-06-12 19:31:00,49.93628109892701
2025-06-12 17:01:00,49.93628109892701
2025-06-12 19:52:00,49.93628109892701
2025-06-12 20:56:00,3.4
2025-06-12 12:19:00,49.93628109892701
2025-06-12 18:09:00,0.9
2025-06-12 16:50:00,75.8
2025-06-12 14:43:00,49.93628109892701
2025-06-12 16:54:00,5.6
2025-06-12 12:17:00,49.93628109892701
2025-06-12 11:37:00,24.0
2025-06-12 00:59:00,10.4
2025-06-12 08:21:00,35.3
2025-06-12 12:50:00,14.5
2025-06-12 00:37:00,42.9
2025-06-12 21:49:00,24.1
2025-06-12 06:10:00,84.7
2025-06-12 08:44:00,81.9
2025-06-12 05:03:00,49.93628109892701
2025-06-12 23:59:00,35.5
2025-06-12 08:54:00,35.6
2025-06-12 22:26:00,50.9
2025-06-12 20:23:00,75.1
2025-06-12 01:56:00,84.0
2025-06-12 20:12:00,84.5
2025-06-12 05:44:00,77.1
2025-06-12 19:43:00,13.6
2025-06-12 13:10:00,89.9
2025-06-12 11:15:00,54.1
2025-06-12 10:06:00,5.2
2025-06-12 14:59:00,34.7
2025-06-12 01:31:00,82.4
2025-06-12 01:17:00,49.93628109892701
2025-06-12 09:31:00,59.9
2025-06-12 19:48:00,95.1
2025-06-12 23:07:00,44.9
2025-06-12 14:21:00,76.0
2025-06-12 10:03:00,90.1
2025-06-12 18:32:00,49.93628109892701
2025-06-12 05:21:00,56.4
2025-06-12 09:18:00,49.93628109892701
2025-06-12 02:18:00,82.7
2025-06-12 16:18:00,12.2
2025-06-12 07:47:00,49.93628109892701
2025-06-12 04:57:00,49.93628109892701
2025-06-12 03:40:00,25.7
2025-06-12 18:01:00,33.6
2025-06-12 07:22:00,3.5
2025-06-12 19:55:00,59.6
2025-06-12 22:14:00,49.93628109892701
2025-06-12 20:36:00,16.5
2025-06-12 19:10:00,6.0
2025-06-12 16:46:00,31.9
2025-06-12 00:01:00,47.2
2025-06-12 17:33:00,50.2
2025-06-12 20:31:00,62.9
2025-06-12 18:50:00,54.1
2025-06-12 00:48:00,3.3
2025-06-12 09:18:00,98.6
2025-06-12 03:37:00,92.3
2025-06-12 05:07:00,1.8
2025-06-12 11:49:00,92.0
2025-06-12 15:16:00,49.93628109892701
2025-06-12 07:27:00,53.5
2025-06-12 16:53:00,74.0
2025-06-12 14:10:00,30.8
2025-06-12 22:13:00,9.3
2025-06-12 14:47:00,92.0
2025-06-12 03:27:00,32.3
2025-06-12 04:33:00,45.1
2025-06-12 02:10:00,49.2
2025-06-12 09:56:00,21.7
2025-06-12 11:09:00,74.1
2025-06-12 21:35:00,49.93628109892701
2025-06-12 11:25:00,12.8
2025-06-12 01:18:00,37.7
2025-06-12 00:35:00,43.2
2025-06-12 16:21:00,47.2
2025-06-12 05:53:00,42.1
2025-06-12 00:08:00,5.6
2025-06-12 19:28:00,49.93628109892701
2025-06-12 01:10:00,0.5
2025-06-12 13:26:00,78.2
2025-06-12 17:14:00,84.9
2025-06-12 16:17:00,45.5
2025-06-12 05:38:00,27.4
2025-06-12 09:56:00,12.4
2025-06-12 02:34:00,82.6
2025-06-12 12:59:00,23.9
2025-06-12 14:58:00,37.2
2025-06-12 11:00:00,40.2
2025-06-12 04:07:00,46.1
2025-06-12 01:17:00,93.8
2025-06-12 12:32:00,4.9
2025-06-12 03:08:00,2.3
2025-06-12 15:59:00,8.6
2025-06-12 20:28:00,49.93628109892701
2025-06-12 01:28:00,84.4
2025-06-12 16:13:00,49.93628109892701
2025-06-12 01:08:00,49.93628109892701
2025-06-12 07:17:00,49.93628109892701
2025-06-12 15:52:00,5.6
2025-06-12 03:36:00,18.2
2025-06-12 19:47:00,60.7
2025-06-12 02:07:00,66.3
2025-06-12 23:08:00,40.6
2025-06-12 21:02:00,49.93628109892701
2025-06-12 13:15:00,75.3
2025-06-12 22:54:00,25.1
2025-06-12 13:22:00,70.4
2025-06-12 16:45:00,6.8
2025-06-12 18:39:00,41.5
2025-06-12 13:52:00,60.8
2025-06-12 01:40:00,15.4
2025-06-12 01:58:00,49.93628109892701
2025-06-12 23:07:00,57.1
2025-06-12 16:58:00,94.1
2025-06-12 15:26:00,14.6
2025-06-12 03:17:00,81.2
2025-06-12 23:05:00,10.1
2025-06-12 17:35:00,71.5
2025-06-12 01:11:00,27.0
2025-06-12 15:06:00,42.4
2025-06-12 09:09:00,51.2
2025-06-12 05:03:00,57.0
2025-06-12 21:16:00,44.1
2025-06-12 13:30:00,97.8
2025-06-12 14:51:00,58.7
2025-06-12 03:19:00,11.8
2025-06-12 10:54:00,37.4
2025-06-12 16:44:00,49.93628109892701
2025-06-12 04:21:00,74.9
2025-06-12 07:43:00,98.0
2025-06-12 09:04:00,68.9
2025-06-12 12:50:00,38.3
2025-06-12 20:48:00,49.7
2025-06-12 23:33:00,81.4
2025-06-12 05:05:00,18.3
2025-06-12 08:19:00,42.1
2025-06-12 09:58:00,59.1
2025-06-12 08:20:00,6.2
2025-06-12 13:51:00,53.0
2025-06-12 01:25:00,30.7
2025-06-12 13:42:00,48.8
2025-06-12 18:28:00,36.4
2025-06-12 22:12:00,7.9
2025-06-12 10:11:00,1.7
2025-06-12 13:29:00,95.4
2025-06-12 21:20:00,15.1
2025-06-12 07:44:00,66.7
2025-06-12 09:41:00,31.2
2025-06-12 23:54:00,11.8
2025-06-12 21:32:00,32.3
2025-06-12 02:42:00,49.93628109892701
2025-06-12 08:44:00,79.3
2025-06-12 06:18:00,17.0
2025-06-12 08:09:00,92.5
2025-06-12 00:42:00,49.93628109892701
2025-06-12 03:29:00,79.8
2025-06-12 05:35:00,49.93628109892701
2025-06-12 23:38:00,91.8
2025-06-12 23:26:00,3.7
2025-06-12 09:52:00,45.3
2025-06-12 07:07:00,15.9
2025-06-12 01:23:00,55.6
2025-06-12 23:33:00,49.93628109892701
2025-06-12 09:00:00,6.7
2025-06-12 02:52:00,22.8
2025-06-12 22:05:00,55.0
2025-06-12 02:20:00,89.1
2025-06-12 01:41:00,28.3
2025-06-12 04:14:00,49.93628109892701
2025-06-12 12:22:00,84.9
2025-06-12 08:43:00,72.3
2025-06-12 20:02:00,78.1
2025-06-12 09:09:00,45.0
2025-06-12 18:12:00,49.93628109892701
2025-06-12 05:42:00,62.7
2025-06-12 11:06:00,59.1
2025-06-12 21:35:00,38.2
2025-06-12 00:41:00,82.4
2025-06-12 22:54:00,13.2
2025-06-12 15:21:00,30.4
2025-06-12 18:33:00,28.2
2025-06-12 06:08:00,5.7
2025-06-12 05:48:00,88.0
2025-06-12 16:54:00,49.93628109892701
2025-06-12 06:16:00,49.797736698660984
2025-06-12 20:48:00,8.4
2025-06-12 10:46:00,49.797736698660984
2025-06-12 01:04:00,59.8
2025-06-12 17:19:00,47.2
2025-06-12 23:53:00,25.0
2025-06-12 07:38:00,49.797736698660984
2025-06-12 02:32:00,49.797736698660984
2025-06-12 03:40:00,16.6
2025-06-12 15:38:00,5.0
2025-06-12 00:44:00,92.8
2025-06-12 18:03:00,98.1
2025-06-12 14:34:00,49.797736698660984
2025-06-12 04:05:00,70.6
2025-06-12 10:16:00,64.9
2025-06-12 06:38:00,94.9
2025-06-12 21:03:00,60.5
2025-06-12 11:10:00,33.1
2025-06-12 10:09:00,64.6
2025-06-12 11:52:00,10.1
2025-06-12 21:51:00,49.4
2025-06-12 15:37:00,19.1
2025-06-12 17:51:00,54.7
2025-06-12 10:11:00,79.7
2025-06-12 22:11:00,1.3
2025-06-12 10:15:00,46.5
2025-06-12 09:17:00,66.6
2025-06-12 00:06:00,92.3
2025-06-12 09:24:00,8.0
2025-06-12 03:34:00,43.4
2025-06-12 20:47:00,46.8
2025-06-12 06:20:00,91.7
2025-06-12 19:11:00,65.9
2025-06-12 02:05:00,80.8
2025-06-12 10:07:00,59.4
2025-06-12 02:10:00,93.9
2025-06-12 09:25:00,70.5
2025-06-12 09:52:00,63.2
2025-06-12 22:49:00,63.6
2025-06-12 10:53:00,68.3
2025-06-12 06:34:00,87.6
2025-06-12 08:41:00,39.6
2025-06-12 05:19:00,15.6
2025-06-12 10:39:00,49.797736698660984
2025-06-12 23:48:00,33.7
2025-06-12 08:23:00,35.8
2025-06-12 02:02:00,66.8
2025-06-12 07:57:00,55.8
2025-06-12 16:03:00,39.1
2025-06-12 09:33:00,92.7
2025-06-12 06:01:00,0.4
2025-06-12 08:46:00,95.2
2025-06-12 16:09:00,22.0
2025-06-12 05:48:00,38.1
2025-06-12 12:16:00,37.5
2025-06-12 04:28:00,49.797736698660984
2025-06-12 23:49:00,68.3
2025-06-12 00:54:00,49.797736698660984
2025-06-12 16:45:00,6.0
2025-06-12 23:27:00,24.3
2025-06-12 00:25:00,62.7
2025-06-12 00:43:00,73.5
2025-06-12 10:21:00,92.3
2025-06-12 07:24:00,4.6
2025-06-12 00:09:00,60.0
2025-06-12 20:42:00,66.1
2025-06-12 16:58:00,78.9
2025-06-12 13:50:00,5.2
2025-06-12 04:03:00,70.8
2025-06-12 14:50:00,51.9
2025-06-12 18:14:00,72.0
2025-06-12 09:17:00,12.9
2025-06-12 16:29:00,20.1
2025-06-12 06:25:00,31.7
2025-06-12 02:57:00,56.3
2025-06-12 22:21:00,49.797736698660984
2025-06-12 19:52:00,20.3
2025-06-12 03:27:00,37.4
2025-06-12 11:24:00,82.8
2025-06-12 12:16:00,85.1
2025-06-12 14:22:00,43.0
2025-06-12 11:35:00,93.9
2025-06-12 08:19:00,98.8
2025-06-12 15:41:00,49.797736698660984
2025-06-12 14:55:00,2.1
2025-06-12 11:13:00,54.1
2025-06-12 11:51:00,71.1
2025-06-12 21:38:00,9.5
2025-06-12 11:59:00,7.8
2025-06-12 12:11:00,36.8
2025-06-12 10:27:00,99.2
2025-06-12 08:29:00,15.3
2025-06-12 07:40:00,87.2
2025-06-12 07:51:00,49.797736698660984
2025-06-12 12:51:00,25.4
2025-06-12 04:47:00,68.6
2025-06-12 20:15:00,56.6
2025-06-12 03:07:00,53.2
2025-06-12 17:55:00,18.5
2025-06-12 21:27:00,32.8
2025-06-12 18:08:00,49.797736698660984
2025-06-12 03:53:00,49.797736698660984
2025-06-12 21:23:00,71.8
2025-06-12 10:18:00,61.8
2025-06-12 08:17:00,56.2
2025-06-12 07:42:00,49.797736698660984
2025-06-12 09:51:00,0.1
2025-06-12 10:28:00,47.7
2025-06-12 02:13:00,99.8
2025-06-12 04:04:00,85.0
2025-06-12 01:52:00,65.7
2025-06-12 12:48:00,31.4
2025-06-12 11:13:00,82.5
2025-06-12 00:08:00,49.797736698660984
2025-06-12 12:24:00,66.1
2025-06-12 21:19:00,82.2
2025-06-12 21:58:00,7.1
2025-06-12 21:11:00,22.0
2025-06-12 18:21:00,83.5
2025-06-12 13:42:00,49.797736698660984
2025-06-12 01:10:00,97.8
2025-06-12 04:11:00,73.5
2025-06-12 16:49:00,64.4
2025-06-12 20:25:00,47.1
2025-06-12 09:31:00,94.7
2025-06-12 01:19:00,27.2
2025-06-12 08:45:00,86.1
2025-06-12 23:33:00,96.7
2025-06-12 00:20:00,34.9
2025-06-12 07:14:00,42.9
2025-06-12 12:57:00,14.9
2025-06-12 18:35:00,52.6
2025-06-12 02:37:00,17.5
2025-06-12 16:54:00,5.9
2025-06-12 03:44:00,21.6
2025-06-12 04:45:00,12.6
2025-06-12 15:54:00,41.0
2025-06-12 10:11:00,66.7
2025-06-12 17:26:00,59.5
2025-06-12 06:31:00,77.7
2025-06-12 20:43:00,50.9
2025-06-12 09:17:00,16.8
2025-06-12 13:05:00,6.6
2025-06-12 02:45:00,76.3
2025-06-12 09:32:00,41.2
2025-06-12 06:04:00,49.797736698660984
2025-06-12 21:49:00,61.0
2025-06-12 02:13:00,49.797736698660984
2025-06-12 01:12:00,62.7
2025-06-12 15:27:00,32.8
2025-06-12 01:01:00,86.2
2025-06-12 14:58:00,61.7
2025-06-12 04:11:00,28.2
2025-06-12 00:19:00,71.2
2025-06-12 14:37:00,76.1
2025-06-12 11:15:00,49.797736698660984
2025-06-12 04:32:00,78.1
2025-06-12 19:50:00,49.797736698660984
2025-06-12 06:45:00,2.2
2025-06-12 14:57:00,20.4
2025-06-12 00:15:00,50.8
2025-06-12 13:03:00,2.9
2025-06-12 07:48:00,86.6
2025-06-12 20:00:00,49.1
2025-06-12 01:18:00,14.2
2025-06-12 14:09:00,36.0
2025-06-12 10:58:00,71.9
2025-06-12 19:03:00,72.1
2025-06-12 19:30:00,35.8
2025-06-12 22:53:00,49.797736698660984
2025-06-12 23:48:00,23.5
2025-06-12 07:59:00,42.1
2025-06-12 13:11:00,30.9
2025-06-12 07:48:00,67.0
2025-06-12 17:13:00,49.797736698660984
2025-06-12 07:31:00,88.3
2025-06-12 01:59:00,94.7
2025-06-12 19:31:00,49.797736698660984
2025-06-12 06:15:00,49.797736698660984
2025-06-12 11:47:00,71.6
2025-06-12 14:03:00,2.9
2025-06-12 21:34:00,34.5
2025-06-12 00:49:00,58.2
2025-06-12 20:41:00,37.1
2025-06-12 11:24:00,31.6
2025-06-12 02:25:00,23.6
2025-06-12 07:50:00,18.7
2025-06-12 14:37:00,58.0
2025-06-12 23:59:00,49.797736698660984
2025-06-12 04:03:00,74.8
2025-06-12 20:41:00,3.5
2025-06-12 19:05:00,49.797736698660984
2025-06-12 07:43:00,49.797736698660984
2025-06-12 01:41:00,49.797736698660984
2025-06-12 02:45:00,9.6
2025-06-12 03:46:00,86.3
2025-06-12 10:30:00,49.797736698660984
2025-06-12 12:01:00,35.1
2025-06-12 21:47:00,52.5
2025-06-12 00:03:00,99.0
2025-06-12 00:30:00,80.2
2025-06-12 23:58:00,37.0
2025-06-12 14:50:00,21.3
2025-06-12 06:20:00,49.797736698660984
2025-06-12 08:28:00,35.8
2025-06-12 18:07:00,49.797736698660984
2025-06-12 07:53:00,49.797736698660984
2025-06-12 03:44:00,64.7
2025-06-12 11:08:00,31.6
2025-06-12 11:26:00,81.4
2025-06-12 03:04:00,60.8
2025-06-12 22:35:00,65.9
2025-06-12 17:25:00,25.3
2025-06-12 18:48:00,1.6
2025-06-12 06:43:00,49.797736698660984
2025-06-12 00:34:00,49.797736698660984
2025-06-12 00:35:00,96.0
2025-06-12 13:30:00,1.2
2025-06-12 00:26:00,87.3
2025-06-12 00:27:00,23.1
2025-06-12 10:00:00,72.8
2025-06-12 03:40:00,49.797736698660984
2025-06-12 23:13:00,49.797736698660984
2025-06-12 12:28:00,76.0
2025-06-12 08:01:00,37.1
2025-06-12 04:24:00,77.7
2025-06-12 03:30:00,93.2
2025-06-12 21:25:00,49.797736698660984
2025-06-12 09:25:00,7.5
2025-06-12 22:32:00,47.4
2025-06-12 17:47:00,80.2
2025-06-12 19:42:00,59.0
2025-06-12 20:57:00,15.3
2025-06-12 07:48:00,49.797736698660984
2025-06-12 06:45:00,96.1
2025-06-12 23:47:00,49.797736698660984
2025-06-12 12:11:00,54.3
2025-06-12 21:31:00,49.797736698660984
2025-06-12 01:37:00,74.9
2025-06-12 14:46:00,31.1
2025-06-12 07:07:00,35.7
2025-06-12 10:39:00,17.7
2025-06-12 03:28:00,29.7
2025-06-12 17:02:00,29.2
2025-06-12 19:42:00,96.2
2025-06-12 06:58:00,76.8
2025-06-12 14:02:00,51.3
2025-06-12 08:10:00,97.2
2025-06-12 07:14:00,16.5
2025-06-12 08:11:00,58.1
2025-06-12 02:53:00,58.5
2025-06-12 20:29:00,49.797736698660984
2025-06-12 06:36:00,44.2
2025-06-12 22:20:00,10.8
2025-06-12 10:00:00,68.8
2025-06-12 18:26:00,95.1
2025-06-12 05:55:00,49.797736698660984
2025-06-12 21:16:00,31.0
2025-06-12 06:21:00,36.0
2025-06-12 21:52:00,72.8
2025-06-12 19:18:00,14.4
2025-06-12 09:56:00,47.9
2025-06-12 03:07:00,41.6
2025-06-12 04:35:00,61.9
2025-06-12 17:12:00,49.797736698660984
2025-06-12 04:21:00,56.2
2025-06-12 00:02:00,28.0
2025-06-12 12:27:00,93.3
2025-06-12 12:34:00,76.5
2025-06-12 17:55:00,70.0
2025-06-12 13:45:00,45.1
2025-06-12 14:13:00,14.7
2025-06-12 23:05:00,52.5
2025-06-12 16:32:00,32.6
2025-06-12 08:31:00,57.5
2025-06-12 03:18:00,49.797736698660984
2025-06-12 20:19:00,64.3
2025-06-12 21:39:00,1.4
2025-06-12 03:52:00,60.2
2025-06-12 05:37:00,60.5
2025-06-12 06:15:00,49.797736698660984
2025-06-12 16:25:00,42.4
2025-06-12 18:03:00,25.5
2025-06-12 18:11:00,30.1
2025-06-12 22:06:00,31.7
2025-06-12 22:23:00,59.9
2025-06-12 02:47:00,49.797736698660984
2025-06-12 13:58:00,49.797736698660984
2025-06-12 19:23:00,75.9
2025-06-12 03:47:00,17.4
2025-06-12 12:58:00,49.797736698660984
2025-06-12 10:08:00,9.6
2025-06-12 12:33:00,30.5
2025-06-12 21:23:00,76.8
2025-06-12 16:16:00,9.4
2025-06-12 07:01:00,28.4
2025-06-12 03:51:00,6.7
2025-06-12 00:24:00,24.7
2025-06-12 23:18:00,19.4
2025-06-12 17:23:00,49.797736698660984
2025-06-12 10:45:00,57.9
2025-06-12 12:35:00,55.7
2025-06-12 06:23:00,39.6
2025-06-12 09:07:00,42.9
2025-06-12 15:17:00,49.797736698660984
2025-06-12 20:41:00,3.2
2025-06-12 21:34:00,48.0
2025-06-12 01:35:00,91.5
2025-06-12 09:19:00,37.8
2025-06-12 18:55:00,66.3
2025-06-12 00:56:00,79.8
2025-06-12 18:53:00,17.8
2025-06-12 18:39:00,70.6
2025-06-12 20:24:00,94.8
2025-06-12 09:29:00,91.7
2025-06-12 14:10:00,68.3
2025-06-12 20:07:00,49.797736698660984
2025-06-12 21:50:00,92.5
2025-06-12 19:59:00,1.0
2025-06-12 19:45:00,3.1
2025-06-12 17:40:00,49.797736698660984
2025-06-12 10:38:00,61.0
2025-06-12 06:34:00,27.3
2025-06-12 08:13:00,12.6
2025-06-12 06:24:00,74.1
2025-06-12 18:05:00,30.7
2025-06-12 00:28:00,21.1
2025-06-12 17:16:00,41.2
2025-06-12 18:57:00,67.0
2025-06-12 22:40:00,5.8
2025-06-12 13:29:00,27.2
2025-06-12 06:40:00,54.0
2025-06-12 23:58:00,22.1
2025-06-12 09:58:00,90.1
2025-06-12 19:44:00,4.5
2025-06-12 03:22:00,35.5
2025-06-12 03:14:00,17.3
2025-06-12 18:03:00,50.18136565940501
2025-06-12 20:58:00,61.2
2025-06-12 14:47:00,19.4
2025-06-12 14:48:00,50.18136565940501
2025-06-12 11:40:00,53.4
2025-06-12 07:02:00,12.8
2025-06-12 15:09:00,50.18136565940501
2025-06-12 08:47:00,28.3
2025-06-12 05:17:00,18.0
2025-06-12 10:47:00,19.7
2025-06-12 05:38:00,47.1
2025-06-12 14:10:00,33.7
2025-06-12 19:48:00,89.8
2025-06-12 03:57:00,50.18136565940501
2025-06-12 06:47:00,13.0
2025-06-12 06:30:00,23.2
2025-06-12 10:27:00,70.0
2025-06-12 14:02:00,50.18136565940501
2025-06-12 12:04:00,48.3
2025-06-12 17:29:00,49.9
2025-06-12 13:23:00,6.7
2025-06-12 23:33:00,60.4
2025-06-12 00:15:00,50.18136565940501
2025-06-12 12:15:00,96.5
2025-06-12 00:02:00,50.18136565940501
2025-06-12 20:44:00,50.18136565940501
2025-06-12 14:16:00,67.5
2025-06-12 21:25:00,60.0
2025-06-12 23:31:00,35.1
2025-06-12 04:26:00,9.3
2025-06-12 08:09:00,50.18136565940501
2025-06-12 05:21:00,58.8
2025-06-12 14:46:00,14.9
2025-06-12 09:06:00,50.18136565940501
2025-06-12 22:42:00,98.1
2025-06-12 01:29:00,85.4
2025-06-12 16:38:00,99.4
2025-06-12 06:42:00,50.18136565940501
2025-06-12 11:29:00,50.18136565940501
2025-06-12 02:35:00,9.9
2025-06-12 23:53:00,85.9
2025-06-12 09:30:00,14.7
2025-06-12 03:53:00,86.7
2025-06-12 10:00:00,93.9
2025-06-12 15:19:00,4.1
2025-06-12 05:45:00,8.4
2025-06-12 02:09:00,55.3
2025-06-12 20:34:00,9.8
2025-06-12 03:28:00,55.6
2025-06-12 10:47:00,34.0
2025-06-12 06:53:00,44.4
2025-06-12 08:34:00,50.18136565940501
2025-06-12 10:42:00,75.3
2025-06-12 11:16:00,50.18136565940501
2025-06-12 14:03:00,21.8
2025-06-12 20:54:00,50.18136565940501
2025-06-12 14:22:00,30.4
2025-06-12 18:02:00,50.18136565940501
2025-06-12 23:43:00,13.2
2025-06-12 13:46:00,84.7
2025-06-12 16:39:00,89.9
2025-06-12 12:20:00,39.0
2025-06-12 18:57:00,98.6
2025-06-12 20:53:00,36.1
2025-06-12 05:29:00,28.0
2025-06-12 21:20:00,76.0
2025-06-12 12:37:00,42.0
2025-06-12 21:02:00,77.6
2025-06-12 17:12:00,38.9
2025-06-12 07:01:00,84.0
2025-06-12 11:29:00,50.18136565940501
2025-06-12 09:22:00,31.2
2025-06-12 17:22:00,43.7
2025-06-12 04:49:00,73.6
2025-06-12 01:19:00,95.7
2025-06-12 01:33:00,93.0
2025-06-12 09:43:00,69.3
2025-06-12 02:45:00,0.3
2025-06-12 10:56:00,56.8
2025-06-12 20:35:00,50.18136565940501
2025-06-12 21:57:00,13.8
2025-06-12 09:31:00,30.4
2025-06-12 12:13:00,55.7
2025-06-12 03:36:00,50.2
2025-06-12 16:56:00,50.18136565940501
2025-06-12 08:06:00,27.0
2025-06-12 08:50:00,43.2
2025-06-12 12:10:00,5.7
2025-06-12 14:37:00,43.0
2025-06-12 11:08:00,74.4
2025-06-12 03:39:00,52.7
2025-06-12 01:07:00,33.5
2025-06-12 09:20:00,50.18136565940501
2025-06-12 23:56:00,42.9
2025-06-12 02:27:00,99.1
2025-06-12 11:56:00,32.3
2025-06-12 17:04:00,50.18136565940501
2025-06-12 04:21:00,82.0
2025-06-12 14:51:00,86.6
2025-06-12 00:21:00,16.6
2025-06-12 03:27:00,69.4
2025-06-12 06:38:00,53.4
2025-06-12 01:43:00,51.7
2025-06-12 20:16:00,50.18136565940501
2025-06-12 10:17:00,41.2
2025-06-12 00:15:00,62.0
2025-06-12 01:33:00,8.3
2025-06-12 12:16:00,17.1
2025-06-12 04:40:00,50.18136565940501
2025-06-12 18:53:00,80.2
2025-06-12 19:12:00,48.2
2025-06-12 02:23:00,33.2
2025-06-12 04:03:00,59.0
2025-06-12 03:35:00,41.0
2025-06-12 19:48:00,50.18136565940501
2025-06-12 05:03:00,58.7
2025-06-12 02:58:00,46.0
2025-06-12 09:16:00,59.5
2025-06-12 10:07:00,51.8
2025-06-12 05:41:00,43.4
2025-06-12 15:19:00,93.4
2025-06-12 20:09:00,95.3
2025-06-12 02:05:00,3.0
2025-06-12 02:27:00,34.2
2025-06-12 20:51:00,19.4
2025-06-12 05:58:00,50.18136565940501
2025-06-12 16:16:00,50.18136565940501
2025-06-12 05:59:00,77.8
2025-06-12 09:06:00,21.9
2025-06-12 14:11:00,19.8
2025-06-12 16:02:00,89.8
2025-06-12 10:55:00,50.18136565940501
2025-06-12 21:47:00,41.2
2025-06-12 03:43:00,42.0
2025-06-12 11:33:00,50.18136565940501
2025-06-12 16:14:00,50.18136565940501
2025-06-12 06:12:00,15.9
2025-06-12 19:31:00,50.18136565940501
2025-06-12 10:47:00,49.3
2025-06-12 15:51:00,1.4
2025-06-12 15:54:00,18.3
2025-06-12 04:00:00,53.3
2025-06-12 06:09:00,71.6
2025-06-12 21:28:00,10.6
2025-06-12 02:46:00,18.7
2025-06-12 06:44:00,51.7
2025-06-12 17:07:00,51.9
2025-06-12 06:42:00,11.8
2025-06-12 08:16:00,30.5
2025-06-12 06:13:00,42.5
2025-06-12 12:37:00,40.7
2025-06-12 09:53:00,50.18136565940501
2025-06-12 06:51:00,20.5
2025-06-12 11:45:00,50.18136565940501
2025-06-12 21:23:00,52.3
2025-06-12 21:35:00,50.18136565940501
2025-06-12 19:15:00,11.6
2025-06-12 00:49:00,6.8
2025-06-12 21:09:00,9.6
2025-06-12 18:25:00,94.1
2025-06-12 00:40:00,97.6
2025-06-12 18:19:00,41.4
2025-06-12 09:34:00,50.18136565940501
2025-06-12 13:33:00,46.2
2025-06-12 11:07:00,42.3
2025-06-12 09:01:00,2.4
2025-06-12 20:41:00,67.2
2025-06-12 23:25:00,50.18136565940501
2025-06-12 08:58:00,28.3
2025-06-12 08:41:00,92.1
2025-06-12 23:46:00,28.9
2025-06-12 21:44:00,81.7
2025-06-12 16:01:00,20.0
2025-06-12 05:21:00,50.9
2025-06-12 06:21:00,37.9
2025-06-12 18:55:00,50.18136565940501
2025-06-12 06:07:00,64.9
2025-06-12 15:06:00,78.9
2025-06-12 07:59:00,59.8
2025-06-12 09:33:00,54.3
2025-06-12 00:48:00,50.4
2025-06-12 03:35:00,76.9
2025-06-12 07:05:00,32.3
2025-06-12 19:08:00,50.18136565940501
2025-06-12 00:18:00,22.0
2025-06-12 20:08:00,76.6
2025-06-12 19:03:00,89.7
2025-06-12 17:02:00,40.8
2025-06-12 11:18:00,84.5
2025-06-12 15:15:00,98.7
2025-06-12 09:27:00,23.7
2025-06-12 13:42:00,6.2
2025-06-12 13:15:00,48.6
2025-06-12 18:38:00,15.5
2025-06-12 13:42:00,62.6
2025-06-12 19:17:00,50.18136565940501
2025-06-12 11:32:00,95.1
2025-06-12 10:10:00,50.18136565940501
2025-06-12 09:38:00,94.8
2025-06-12 08:52:00,50.18136565940501
2025-06-12 13:41:00,6.5
2025-06-12 09:37:00,26.4
2025-06-12 17:21:00,14.6
2025-06-12 09:44:00,17.8
2025-06-12 16:48:00,35.5
2025-06-12 21:56:00,4.4
2025-06-12 18:35:00,27.7
2025-06-12 18:47:00,75.4
2025-06-12 07:52:00,50.18136565940501
2025-06-12 12:57:00,18.8
2025-06-12 19:46:00,69.5
2025-06-12 11:13:00,11.0
2025-06-12 05:06:00,63.4
2025-06-12 17:27:00,51.9
2025-06-12 19:36:00,12.0
2025-06-12 10:57:00,47.7
2025-06-12 15:26:00,10.1
2025-06-12 15:30:00,23.8
2025-06-12 06:04:00,75.9
2025-06-12 20:30:00,43.4
2025-06-12 18:39:00,22.1
2025-06-12 17:02:00,76.8
2025-06-12 06:01:00,36.9
2025-06-12 16:14:00,12.7
2025-06-12 04:18:00,76.0
2025-06-12 10:26:00,57.3
2025-06-12 03:15:00,60.2
2025-06-12 12:04:00,38.2
2025-06-12 12:19:00,57.1
2025-06-12 16:54:00,14.6
2025-06-12 18:06:00,5.8
2025-06-12 05:33:00,58.9
2025-06-12 21:51:00,83.4
2025-06-12 09:39:00,83.7
2025-06-12 09:37:00,22.5
2025-06-12 06:27:00,57.7
2025-06-12 22:00:00,61.5
2025-06-12 09:51:00,74.7
2025-06-12 12:07:00,4.1
2025-06-12 13:47:00,65.1
2025-06-12 03:37:00,50.18136565940501
2025-06-12 12:56:00,39.5
2025-06-12 17:25:00,63.3
2025-06-12 16:01:00,70.1
2025-06-12 06:27:00,68.0
2025-06-12 22:47:00,65.3
2025-06-12 10:06:00,46.4
2025-06-12 09:31:00,4.1
2025-06-12 14:14:00,70.6
2025-06-12 06:11:00,94.3
2025-06-12 07:30:00,4.4
2025-06-12 14:20:00,61.3
2025-06-12 10:28:00,99.9
2025-06-12 07:23:00,19.8
2025-06-12 23:33:00,94.0
2025-06-12 04:44:00,12.2
2025-06-12 13:54:00,44.9
2025-06-12 06:07:00,84.7
2025-06-12 08:36:00,41.1
2025-06-12 11:32:00,5.0
2025-06-12 20:45:00,30.5
2025-06-12 07:24:00,65.3
2025-06-12 19:18:00,66.4
2025-06-12 14:58:00,26.6
2025-06-12 10:54:00,52.4
2025-06-12 18:19:00,68.5
2025-06-12 21:20:00,12.3
2025-06-12 04:44:00,24.2
2025-06-12 07:21:00,26.8
2025-06-12 02:52:00,54.0
2025-06-12 17:00:00,97.1
2025-06-12 21:14:00,61.0
2025-06-12 21:38:00,75.8
2025-06-12 00:04:00,85.9
2025-06-12 12:54:00,35.5
2025-06-12 18:00:00,16.5
2025-06-12 09:05:00,88.1
2025-06-12 14:49:00,46.6
2025-06-12 03:35:00,54.8
2025-06-12 06:11:00,50.18136565940501
2025-06-12 16:29:00,57.4
2025-06-12 18:01:00,51.2
2025-06-12 06:32:00,21.6
2025-06-12 19:58:00,2.3
2025-06-12 12:05:00,45.6
2025-06-12 01:28:00,94.9
2025-06-12 07:22:00,22.3
2025-06-12 20:20:00,21.1
2025-06-12 17:08:00,81.8
2025-06-12 01:28:00,46.1
2025-06-12 17:01:00,95.8
2025-06-12 05:06:00,12.3
2025-06-12 01:56:00,41.8
2025-06-12 07:02:00,71.2
2025-06-12 23:12:00,11.5
2025-06-12 17:52:00,50.18136565940501
2025-06-12 12:20:00,28.5
2025-06-12 07:26:00,65.3
2025-06-12 11:03:00,96.5
2025-06-12 21:58:00,33.4
2025-06-12 22:45:00,59.4
2025-06-12 11:40:00,53.1
2025-06-12 04:19:00,99.1
2025-06-12 06:56:00,68.4
2025-06-12 17:05:00,94.3
2025-06-12 23:46:00,37.1
2025-06-12 05:51:00,49.7
2025-06-12 04:02:00,20.9
2025-06-12 09:37:00,25.7
2025-06-12 09:33:00,50.18136565940501
2025-06-12 06:19:00,50.18136565940501
2025-06-12 09:57:00,77.7
2025-06-12 05:54:00,72.5
2025-06-12 05:35:00,87.8
2025-06-12 08:16:00,89.1
2025-06-12 10:01:00,84.6
2025-06-12 15:08:00,7.7
2025-06-12 15:02:00,50.18136565940501
2025-06-12 18:32:00,34.0
2025-06-12 19:02:00,44.9
2025-06-12 23:53:00,95.4
2025-06-12 11:24:00,99.1
2025-06-12 04:48:00,49.5
2025-06-12 07:50:00,68.9
2025-06-12 10:44:00,20.6
2025-06-12 14:47:00,75.0
2025-06-12 15:08:00,45.5
2025-06-12 06:12:00,26.6
2025-06-12 23:19:00,99.7
2025-06-12 20:30:00,50.18136565940501
2025-06-12 17:29:00,35.6
2025-06-12 13:47:00,14.7
2025-06-12 01:30:00,93.2
2025-06-12 14:11:00,85.3
2025-06-12 07:02:00,24.7
2025-06-12 18:02:00,49.66792053602915
2025-06-12 17:41:00,39.9
2025-06-12 07:57:00,24.0
2025-06-12 03:56:00,50.5
2025-06-12 18:42:00,3.1
2025-06-12 09:10:00,38.1
2025-06-12 03:58:00,49.66792053602915
2025-06-12 09:52:00,68.7
2025-06-12 04:14:00,41.0
2025-06-12 10:54:00,76.1
2025-06-12 13:23:00,17.3
2025-06-12 14:14:00,15.0
2025-06-12 14:21:00,49.66792053602915
2025-06-12 17:32:00,61.4
2025-06-12 19:12:00,19.1
2025-06-12 23:30:00,44.1
2025-06-12 17:21:00,49.66792053602915
2025-06-12 22:31:00,51.4
2025-06-12 09:09:00,68.6
2025-06-12 17:16:00,16.4
2025-06-12 11:45:00,85.8
2025-06-12 04:45:00,75.9
2025-06-12 18:55:00,15.6
2025-06-12 01:16:00,49.66792053602915
2025-06-12 08:05:00,9.1
2025-06-12 15:24:00,62.8
2025-06-12 06:44:00,55.5
2025-06-12 13:25:00,50.3
2025-06-12 12:42:00,49.66792053602915
2025-06-12 09:00:00,8.6
2025-06-12 15:13:00,49.66792053602915
2025-06-12 00:39:00,44.2
2025-06-12 21:51:00,55.3
2025-06-12 05:04:00,42.4
2025-06-12 15:47:00,49.66792053602915
2025-06-12 20:15:00,44.3
2025-06-12 07:01:00,48.7
2025-06-12 19:40:00,28.4
2025-06-12 19:52:00,36.4
2025-06-12 08:20:00,11.4
2025-06-12 20:09:00,33.8
2025-06-12 12:24:00,32.2
2025-06-12 21:15:00,25.1
2025-06-12 11:19:00,40.1
2025-06-12 16:22:00,63.9
2025-06-12 23:50:00,41.8
2025-06-12 01:13:00,9.9
2025-06-12 20:25:00,25.3
2025-06-12 09:31:00,8.9
2025-06-12 16:39:00,61.2
2025-06-12 16:24:00,49.66792053602915
2025-06-12 06:54:00,58.6
2025-06-12 22:44:00,43.6
2025-06-12 04:00:00,49.66792053602915
2025-06-12 08:24:00,59.3
2025-06-12 05:14:00,26.7
2025-06-12 11:31:00,77.2
2025-06-12 05:07:00,56.3
2025-06-12 08:58:00,34.0
2025-06-12 01:41:00,35.4
2025-06-12 10:13:00,60.6
2025-06-12 16:08:00,49.66792053602915
2025-06-12 00:13:00,60.0
2025-06-12 16:21:00,68.0
2025-06-12 05:06:00,3.7
2025-06-12 11:53:00,53.9
2025-06-12 14:10:00,49.66792053602915
2025-06-12 19:10:00,25.2
2025-06-12 00:10:00,32.6
2025-06-12 21:08:00,71.6
2025-06-12 18:57:00,27.0
2025-06-12 03:54:00,34.3
2025-06-12 07:46:00,14.9
2025-06-12 04:52:00,49.66792053602915
2025-06-12 06:47:00,85.4
2025-06-12 18:14:00,3.9
2025-06-12 19:33:00,64.4
2025-06-12 14:16:00,33.1
2025-06-12 09:20:00,32.7
2025-06-12 08:43:00,67.5
2025-06-12 06:38:00,65.2
2025-06-12 19:10:00,50.9
2025-06-12 08:30:00,82.3
2025-06-12 04:08:00,49.66792053602915
2025-06-12 02:17:00,95.9
2025-06-12 17:50:00,49.66792053602915
2025-06-12 02:52:00,32.9
2025-06-12 22:14:00,36.5
2025-06-12 17:52:00,72.1
2025-06-12 08:33:00,11.4
2025-06-12 09:14:00,96.6
2025-06-12 14:34:00,22.3
2025-06-12 13:00:00,91.2
2025-06-12 22:20:00,90.3
2025-06-12 07:29:00,87.3
2025-06-12 18:34:00,49.66792053602915
2025-06-12 07:17:00,49.66792053602915
2025-06-12 23:29:00,8.8
2025-06-12 16:56:00,49.66792053602915
2025-06-12 23:52:00,87.0
2025-06-12 08:38:00,23.4
2025-06-12 04:16:00,9.5
2025-06-12 21:07:00,49.66792053602915
2025-06-12 18:37:00,12.7
2025-06-12 07:54:00,55.0
2025-06-12 01:27:00,49.5
2025-06-12 18:58:00,83.8
2025-06-12 01:12:00,32.6
2025-06-12 08:47:00,14.2
2025-06-12 11:10:00,52.9
2025-06-12 06:09:00,44.0
2025-06-12 11:06:00,49.66792053602915
2025-06-12 12:54:00,31.4
2025-06-12 02:33:00,49.66792053602915
2025-06-12 13:59:00,37.0
2025-06-12 18:33:00,27.5
2025-06-12 17:31:00,49.66792053602915
2025-06-12 16:10:00,49.66792053602915
2025-06-12 13:13:00,78.9
2025-06-12 21:20:00,68.6
2025-06-12 20:39:00,67.5
2025-06-12 14:46:00,22.6
2025-06-12 16:42:00,66.4
2025-06-12 03:35:00,98.0
2025-06-12 13:43:00,70.6
2025-06-12 10:22:00,73.5
2025-06-12 11:59:00,64.5
2025-06-12 16:58:00,81.0
2025-06-12 09:11:00,83.3
2025-06-12 13:57:00,30.0
2025-06-12 08:59:00,49.66792053602915
2025-06-12 20:57:00,17.4
2025-06-12 23:51:00,25.2
2025-06-12 22:29:00,71.8
2025-06-12 02:03:00,30.1
2025-06-12 13:12:00,14.5
2025-06-12 00:46:00,49.66792053602915
2025-06-12 17:09:00,91.9
2025-06-12 18:09:00,49.66792053602915
2025-06-12 00:54:00,61.3
2025-06-12 09:28:00,49.66792053602915
2025-06-12 09:03:00,42.2
2025-06-12 19:15:00,18.0
2025-06-12 14:17:00,45.8
2025-06-12 11:56:00,83.1
2025-06-12 10:43:00,61.2
2025-06-12 20:18:00,39.8
2025-06-12 18:08:00,49.66792053602915
2025-06-12 03:39:00,44.4
2025-06-12 10:09:00,18.4
2025-06-12 15:38:00,97.6
2025-06-12 13:30:00,10.5
2025-06-12 08:57:00,49.66792053602915
2025-06-12 13:11:00,42.6
2025-06-12 23:41:00,2.3
2025-06-12 15:33:00,23.0
2025-06-12 18:31:00,54.7
2025-06-12 11:01:00,0.5
2025-06-12 06:46:00,3.3
2025-06-12 14:13:00,38.2
2025-06-12 07:15:00,88.0
2025-06-12 22:26:00,49.66792053602915
2025-06-12 23:56:00,35.8
2025-06-12 04:19:00,50.9
2025-06-12 02:42:00,32.1
2025-06-12 00:05:00,58.7
2025-06-12 23:16:00,87.3
2025-06-12 08:47:00,54.8
2025-06-12 21:59:00,76.7
2025-06-12 03:15:00,15.8
2025-06-12 12:34:00,56.2
2025-06-12 04:47:00,49.66792053602915
2025-06-12 18:32:00,25.4
2025-06-12 22:49:00,88.6
2025-06-12 04:43:00,51.8
2025-06-12 08:46:00,49.66792053602915
2025-06-12 00:56:00,7.9
2025-06-12 10:19:00,62.5
2025-06-12 20:28:00,39.3
2025-06-12 16:38:00,42.3
2025-06-12 06:04:00,17.5
2025-06-12 21:54:00,9.0
2025-06-12 00:37:00,32.4
2025-06-12 08:06:00,49.66792053602915
2025-06-12 02:46:00,2.5
2025-06-12 17:20:00,65.7
2025-06-12 11:06:00,25.5
2025-06-12 11:26:00,45.7
2025-06-12 13:18:00,17.7
2025-06-12 01:30:00,49.66792053602915
2025-06-12 19:10:00,12.7
2025-06-12 14:26:00,49.66792053602915
2025-06-12 12:43:00,58.3
2025-06-12 07:20:00,18.9
2025-06-12 12:21:00,3.9
2025-06-12 02:11:00,44.5
2025-06-12 06:49:00,8.1
2025-06-12 13:07:00,29.0
2025-06-12 02:16:00,16.4
2025-06-12 08:04:00,39.3
2025-06-12 01:16:00,68.6
2025-06-12 20:42:00,57.3
2025-06-12 14:20:00,41.3
2025-06-12 01:56:00,68.0
2025-06-12 13:59:00,96.9
2025-06-12 10:32:00,82.9
2025-06-12 13:50:00,51.7
2025-06-12 18:28:00,88.5
2025-06-12 18:01:00,49.66792053602915
2025-06-12 20:13:00,8.3
2025-06-12 03:00:00,9.1
2025-06-12 19:41:00,9.7
2025-06-12 06:10:00,49.66792053602915
2025-06-12 08:53:00,68.1
2025-06-12 08:13:00,24.6
2025-06-12 18:50:00,90.1
2025-06-12 05:10:00,23.8
2025-06-12 13:09:00,8.3
2025-06-12 22:49:00,52.0
2025-06-12 21:04:00,6.9
2025-06-12 08:30:00,60.4
2025-06-12 23:47:00,86.9
2025-06-12 04:58:00,32.3
2025-06-12 21:38:00,49.66792053602915
2025-06-12 04:23:00,49.66792053602915
2025-06-12 19:20:00,64.1
2025-06-12 11:56:00,75.8
2025-06-12 11:56:00,20.6
2025-06-12 20:30:00,6.5
2025-06-12 15:00:00,2.1
2025-06-12 21:18:00,9.2
2025-06-12 21:25:00,49.66792053602915
2025-06-12 17:19:00,57.8
2025-06-12 14:58:00,49.66792053602915
2025-06-12 10:12:00,55.0
2025-06-12 01:14:00,80.5
2025-06-12 15:44:00,30.2
2025-06-12 00:45:00,93.4
2025-06-12 14:51:00,73.4
2025-06-12 03:29:00,49.66792053602915
2025-06-12 11:26:00,82.1
2025-06-12 11:06:00,47.3
2025-06-12 13:35:00,11.5
2025-06-12 05:28:00,17.1
2025-06-12 06:33:00,72.8
2025-06-12 21:25:00,49.66792053602915
2025-06-12 22:38:00,10.6
2025-06-12 09:18:00,49.66792053602915
2025-06-12 09:22:00,83.2
2025-06-12 00:23:00,67.9
2025-06-12 14:46:00,49.66792053602915
2025-06-12 21:49:00,52.3
2025-06-12 05:26:00,80.5
2025-06-12 21:47:00,60.7
2025-06-12 21:11:00,49.66792053602915
2025-06-12 19:37:00,69.6
2025-06-12 10:07:00,9.0
2025-06-12 06:43:00,23.0
2025-06-12 06:57:00,39.2
2025-06-12 08:27:00,31.5
2025-06-12 07:55:00,95.0
2025-06-12 03:23:00,12.9
2025-06-12 00:32:00,64.0
2025-06-12 15:54:00,19.4
2025-06-12 07:36:00,17.9
2025-06-12 03:59:00,78.9
2025-06-12 21:10:00,79.8
2025-06-12 10:06:00,7.5
2025-06-12 06:21:00,2.2
2025-06-12 21:29:00,74.1
2025-06-12 07:45:00,49.66792053602915
2025-06-12 00:15:00,49.66792053602915
2025-06-12 00:06:00,37.2
2025-06-12 02:13:00,16.8
2025-06-12 08:51:00,49.66792053602915
2025-06-12 11:39:00,62.9
2025-06-12 05:28:00,70.4
2025-06-12 22:16:00,69.1
2025-06-12 22:08:00,95.9
2025-06-12 20:35:00,46.1
2025-06-12 14:15:00,49.66792053602915
2025-06-12 18:02:00,31.9
2025-06-12 15:08:00,80.1
2025-06-12 10:43:00,3.6
2025-06-12 05:35:00,58.6
2025-06-12 20:54:00,60.8
2025-06-12 05:05:00,47.7
2025-06-12 03:08:00,10.7
2025-06-12 19:42:00,82.2
2025-06-12 10:29:00,41.0
2025-06-12 18:31:00,19.7
2025-06-12 00:59:00,31.4
2025-06-12 18:52:00,4.7
2025-06-12 16:08:00,17.1
2025-06-12 17:55:00,9.2
2025-06-12 13:18:00,5.3
2025-06-12 15:27:00,65.8
2025-06-12 18:28:00,49.66792053602915
2025-06-12 17:04:00,66.8
2025-06-12 18:46:00,16.6
2025-06-12 07:30:00,42.2
2025-06-12 20:15:00,27.5
2025-06-12 04:11:00,7.2
2025-06-12 04:03:00,49.66792053602915
2025-06-12 07:51:00,56.7
2025-06-12 19:55:00,25.2
2025-06-12 08:36:00,29.8
2025-06-12 18:33:00,49.66792053602915
2025-06-12 23:06:00,77.6
2025-06-12 03:39:00,34.8
2025-06-12 05:30:00,36.7
2025-06-12 16:21:00,72.2
2025-06-12 04:45:00,77.7
2025-06-12 19:08:00,68.4
2025-06-12 19:02:00,20.6
2025-06-12 07:06:00,15.6
2025-06-12 04:16:00,53.3
2025-06-12 02:38:00,13.5
2025-06-12 01:16:00,49.66792053602915
2025-06-12 22:17:00,49.66792053602915
2025-06-12 08:10:00,80.3
2025-06-12 21:26:00,58.6
2025-06-12 07:53:00,68.8
2025-06-12 04:33:00,38.6
2025-06-12 01:41:00,30.4
2025-06-12 03:40:00,45.3
2025-06-12 01:46:00,93.3
2025-06-12 16:47:00,93.6
2025-06-12 17:34:00,91.6
2025-06-12 10:34:00,49.66792053602915
2025-06-12 08:52:00,45.1
2025-06-12 12:05:00,49.66792053602915
2025-06-12 21:38:00,29.2
2025-06-12 01:09:00,77.0
2025-06-12 01:34:00,70.3
2025-06-12 06:35:00,55.0
2025-06-12 05:50:00,3.8
2025-06-12 21:06:00,39.6
2025-06-12 22:18:00,19.0
2025-06-12 01:17:00,88.6
2025-06-12 20:29:00,49.66792053602915
2025-06-12 08:41:00,9.8
2025-06-12 10:25:00,97.7
2025-06-12 15:18:00,59.8
2025-06-12 03:20:00,49.1
2025-06-12 15:14:00,43.0
2025-06-12 08:14:00,6.8
2025-06-12 07:35:00,49.66792053602915
2025-06-12 16:14:00,80.3
2025-06-12 10:03:00,55.0
2025-06-12 11:22:00,49.66792053602915
2025-06-12 07:39:00,54.6
2025-06-12 19:48:00,49.66792053602915
2025-06-12 19:19:00,3.9
2025-06-12 12:25:00,49.66792053602915
2025-06-12 14:52:00,16.5
2025-06-12 23:58:00,66.8
2025-06-12 02:29:00,21.4
2025-06-12 08:04:00,49.66792053602915
2025-06-12 16:27:00,12.1
2025-06-12 06:38:00,17.4
2025-06-12 04:50:00,37.0
2025-06-12 03:50:00,56.5
2025-06-12 18:30:00,26.0
2025-06-12 18:41:00,58.2
2025-06-12 06:35:00,93.4
2025-06-12 10:34:00,33.8
2025-06-12 09:00:00,50.4
2025-06-12 00:01:00,19.2
2025-06-12 22:23:00,93.8
2025-06-12 16:10:00,25.3
2025-06-12 07:36:00,49.82591552591553
2025-06-12 22:57:00,35.7
2025-06-12 23:02:00,75.6
2025-06-12 12:11:00,62.2
2025-06-12 22:42:00,87.8
2025-06-12 00:11:00,89.9
2025-06-12 16:36:00,70.9
2025-06-12 09:19:00,40.5
2025-06-12 09:38:00,49.82591552591553
2025-06-12 11:24:00,10.1
2025-06-12 21:25:00,3.1
2025-06-12 18:42:00,84.1
2025-06-12 04:25:00,91.9
2025-06-12 22:48:00,40.5
2025-06-12 17:57:00,96.1
2025-06-12 15:17:00,76.1
2025-06-12 00:37:00,72.3
2025-06-12 09:01:00,51.0
2025-06-12 17:02:00,30.9
2025-06-12 21:05:00,2.2
2025-06-12 14:43:00,49.82591552591553
2025-06-12 13:39:00,19.2
2025-06-12 09:51:00,100.0
2025-06-12 10:29:00,49.82591552591553
2025-06-12 17:59:00,49.82591552591553
2025-06-12 03:15:00,46.3
2025-06-12 04:50:00,90.4
2025-06-12 18:29:00,93.6
2025-06-12 08:52:00,36.5
2025-06-12 06:47:00,10.5
2025-06-12 21:23:00,48.6
2025-06-12 09:31:00,49.82591552591553
2025-06-12 05:30:00,50.3
2025-06-12 12:22:00,4.0
2025-06-12 02:21:00,17.4
2025-06-12 05:01:00,3.9
2025-06-12 02:12:00,49.82591552591553
2025-06-12 14:22:00,49.82591552591553
2025-06-12 16:19:00,87.0
2025-06-12 14:31:00,44.3
2025-06-12 08:41:00,91.3
2025-06-12 07:03:00,49.82591552591553
2025-06-12 09:15:00,27.2
2025-06-12 06:17:00,49.82591552591553
2025-06-12 22:03:00,25.7
2025-06-12 23:05:00,49.82591552591553
2025-06-12 15:11:00,50.5
2025-06-12 17:46:00,46.4
2025-06-12 15:04:00,93.2
2025-06-12 13:44:00,69.5
2025-06-12 23:09:00,40.2
2025-06-12 13:11:00,98.9
2025-06-12 03:10:00,56.9
2025-06-12 13:27:00,92.9
2025-06-12 16:03:00,55.5
2025-06-12 15:00:00,61.5
2025-06-12 22:03:00,24.5
2025-06-12 14:22:00,91.8
2025-06-12 16:29:00,70.2
2025-06-12 07:32:00,72.4
2025-06-12 05:58:00,64.1
2025-06-12 17:52:00,49.82591552591553
2025-06-12 00:29:00,49.82591552591553
2025-06-12 14:27:00,94.9
2025-06-12 05:24:00,21.1
2025-06-12 02:49:00,46.6
2025-06-12 01:18:00,64.4
2025-06-12 07:38:00,83.2
2025-06-12 00:47:00,82.1
2025-06-12 02:08:00,53.8
2025-06-12 20:11:00,94.6
2025-06-12 04:57:00,24.1
2025-06-12 10:38:00,11.8
2025-06-12 05:17:00,63.6
2025-06-12 08:09:00,40.9
2025-06-12 11:43:00,49.82591552591553
2025-06-12 15:11:00,48.8
2025-06-12 04:23:00,42.9
2025-06-12 23:48:00,59.3
2025-06-12 07:45:00,49.82591552591553
2025-06-12 09:45:00,49.82591552591553
2025-06-12 20:54:00,45.6
2025-06-12 03:33:00,22.4
2025-06-12 10:20:00,38.0
2025-06-12 16:17:00,38.5
2025-06-12 12:06:00,73.9
2025-06-12 13:20:00,49.82591552591553
2025-06-12 00:36:00,49.82591552591553
2025-06-12 14:43:00,5.9
2025-06-12 09:33:00,58.1
2025-06-12 09:56:00,34.4
2025-06-12 15:27:00,86.9
2025-06-12 01:00:00,91.3
2025-06-12 05:41:00,59.9
2025-06-12 12:30:00,50.0
2025-06-12 04:26:00,85.5
2025-06-12 08:20:00,62.2
2025-06-12 01:44:00,70.1
2025-06-12 04:46:00,82.3
2025-06-12 18:48:00,49.82591552591553
2025-06-12 01:29:00,21.0
2025-06-12 12:05:00,19.5
2025-06-12 18:20:00,88.1
2025-06-12 10:44:00,90.9
2025-06-12 02:40:00,55.4
2025-06-12 22:32:00,89.7
2025-06-12 13:19:00,47.8
2025-06-12 17:06:00,32.8
2025-06-12 20:36:00,71.4
2025-06-12 14:18:00,49.82591552591553
2025-06-12 00:01:00,49.82591552591553
2025-06-12 18:04:00,42.7
2025-06-12 22:03:00,56.7
2025-06-12 23:01:00,75.5
2025-06-12 00:33:00,15.0
2025-06-12 19:33:00,79.3
2025-06-12 15:16:00,4.1
2025-06-12 22:19:00,16.7
2025-06-12 08:52:00,68.7
2025-06-12 14:04:00,68.3
2025-06-12 19:46:00,7.1
2025-06-12 18:11:00,49.82591552591553
2025-06-12 06:51:00,77.6
2025-06-12 00:04:00,91.7
2025-06-12 15:53:00,49.82591552591553
2025-06-12 19:23:00,40.3
2025-06-12 23:52:00,71.9
2025-06-12 05:14:00,12.7
2025-06-12 21:37:00,79.4
2025-06-12 17:26:00,2.4
2025-06-12 04:04:00,11.7
2025-06-12 13:33:00,67.6
2025-06-12 07:47:00,80.0
2025-06-12 07:04:00,30.0
2025-06-12 03:57:00,25.6
2025-06-12 22:46:00,21.9
2025-06-12 16:19:00,85.6
2025-06-12 08:40:00,19.1
2025-06-12 23:26:00,16.1
2025-06-12 03:30:00,49.82591552591553
2025-06-12 12:16:00,48.6
2025-06-12 08:51:00,27.2
2025-06-12 15:03:00,16.1
2025-06-12 15:52:00,88.0
2025-06-12 07:37:00,49.82591552591553
2025-06-12 11:23:00,25.4
2025-06-12 23:25:00,7.8
2025-06-12 06:38:00,60.0
2025-06-12 21:02:00,12.7
2025-06-12 20:12:00,73.0
2025-06-12 22:42:00,92.9
2025-06-12 05:52:00,5.0
2025-06-12 08:58:00,49.82591552591553
2025-06-12 10:38:00,26.6
2025-06-12 02:17:00,28.2
2025-06-12 13:49:00,70.1
2025-06-12 22:11:00,39.0
2025-06-12 02:21:00,45.9
2025-06-12 12:35:00,83.9
2025-06-12 11:00:00,49.82591552591553
2025-06-12 01:21:00,97.3
2025-06-12 02:41:00,91.6
2025-06-12 13:47:00,81.7
2025-06-12 11:16:00,87.3
2025-06-12 16:24:00,49.82591552591553
2025-06-12 12:42:00,31.2
2025-06-12 17:11:00,19.3
2025-06-12 22:38:00,32.7
2025-06-12 16:50:00,98.2
2025-06-12 04:48:00,49.82591552591553
2025-06-12 18:46:00,58.1
2025-06-12 03:05:00,50.7
2025-06-12 05:55:00,13.4
2025-06-12 08:10:00,40.6
2025-06-12 15:00:00,34.5
2025-06-12 01:06:00,93.1
2025-06-12 02:46:00,48.9
2025-06-12 05:39:00,74.1
2025-06-12 09:09:00,49.82591552591553
2025-06-12 03:37:00,95.6
2025-06-12 12:45:00,95.0
2025-06-12 00:43:00,25.5
2025-06-12 12:07:00,1.6
2025-06-12 10:56:00,17.2
2025-06-12 09:42:00,16.3
2025-06-12 12:09:00,49.82591552591553
2025-06-12 07:54:00,96.5
2025-06-12 20:42:00,99.2
2025-06-12 03:53:00,84.3
2025-06-12 02:56:00,49.82591552591553
2025-06-12 05:29:00,97.9
2025-06-12 11:09:00,98.7
2025-06-12 06:22:00,52.2
2025-06-12 23:49:00,25.0
2025-06-12 13:12:00,59.0
2025-06-12 23:55:00,77.7
2025-06-12 13:18:00,49.82591552591553
2025-06-12 21:08:00,26.9
2025-06-12 06:31:00,79.5
2025-06-12 23:02:00,49.82591552591553
2025-06-12 23:55:00,11.0
2025-06-12 05:00:00,15.0
2025-06-12 21:42:00,49.5
2025-06-12 10:39:00,90.9
2025-06-12 19:38:00,48.1
2025-06-12 14:05:00,0.4
2025-06-12 20:28:00,66.0
2025-06-12 07:49:00,46.9
2025-06-12 03:00:00,30.5
2025-06-12 05:28:00,79.6
2025-06-12 05:34:00,88.8
2025-06-12 18:32:00,18.9
2025-06-12 09:13:00,77.3
2025-06-12 03:57:00,7.4
2025-06-12 12:27:00,27.4
2025-06-12 08:56:00,50.6
2025-06-12 00:47:00,49.82591552591553
2025-06-12 15:11:00,92.0
2025-06-12 16:58:00,21.5
2025-06-12 23:34:00,37.3
2025-06-12 22:05:00,85.8
2025-06-12 04:16:00,31.3
2025-06-12 04:09:00,2.3
2025-06-12 19:51:00,23.0
2025-06-12 09:40:00,49.82591552591553
2025-06-12 13:21:00,93.9
2025-06-12 22:13:00,66.9
2025-06-12 15:41:00,1.9
2025-06-12 18:34:00,62.1
2025-06-12 22:43:00,6.0
2025-06-12 01:03:00,92.4
2025-06-12 16:29:00,43.2
2025-06-12 10:51:00,17.0
2025-06-12 03:30:00,49.82591552591553
2025-06-12 05:57:00,77.8
2025-06-12 18:04:00,62.3
2025-06-12 23:30:00,30.0
2025-06-12 11:42:00,25.9
2025-06-12 20:44:00,92.5
2025-06-12 00:25:00,49.82591552591553
2025-06-12 14:12:00,37.1
2025-06-12 08:40:00,98.6
2025-06-12 21:54:00,0.4
2025-06-12 21:40:00,78.5
2025-06-12 20:00:00,55.9
2025-06-12 16:19:00,42.0
2025-06-12 19:41:00,56.6
2025-06-12 03:30:00,35.1
2025-06-12 04:03:00,99.3
2025-06-12 16:16:00,49.82591552591553
2025-06-12 15:00:00,49.82591552591553
2025-06-12 16:42:00,90.9
2025-06-12 00:50:00,23.9
2025-06-12 04:33:00,93.9
2025-06-12 10:16:00,74.1
2025-06-12 02:07:00,47.9
2025-06-12 18:27:00,49.82591552591553
2025-06-12 21:28:00,32.6
2025-06-12 18:50:00,76.9
2025-06-12 23:42:00,50.7
2025-06-12 03:39:00,10.6
2025-06-12 19:03:00,55.2
2025-06-12 21:25:00,81.3
2025-06-12 11:47:00,48.7
2025-06-12 17:27:00,49.82591552591553
2025-06-12 12:59:00,18.3
2025-06-12 18:49:00,73.9
2025-06-12 14:15:00,8.7
2025-06-12 00:28:00,31.8
2025-06-12 14:33:00,23.6
2025-06-12 18:09:00,67.7
2025-06-12 20:39:00,75.2
2025-06-12 09:01:00,12.5
2025-06-12 17:23:00,74.8
2025-06-12 08:38:00,49.82591552591553
2025-06-12 12:18:00,83.3
2025-06-12 12:31:00,53.3
2025-06-12 21:47:00,79.7
2025-06-12 15:12:00,49.82591552591553
2025-06-12 18:21:00,5.9
2025-06-12 17:54:00,99.3
2025-06-12 07:12:00,94.0
2025-06-12 07:30:00,69.0
2025-06-12 18:28:00,37.7
2025-06-12 04:39:00,61.8
2025-06-12 08:27:00,81.0
2025-06-12 01:04:00,62.0
2025-06-12 12:53:00,7.3
2025-06-12 16:00:00,20.8
2025-06-12 20:47:00,77.7
2025-06-12 21:42:00,50.7
2025-06-12 06:06:00,49.82591552591553
2025-06-12 18:55:00,60.2
2025-06-12 14:19:00,34.2
2025-06-12 22:17:00,13.1
2025-06-12 23:44:00,77.2
2025-06-12 07:34:00,83.8
2025-06-12 13:21:00,10.3
2025-06-12 17:08:00,12.5
2025-06-12 15:34:00,73.3
2025-06-12 08:21:00,49.82591552591553
2025-06-12 21:07:00,44.3
2025-06-12 15:34:00,43.5
2025-06-12 02:58:00,49.82591552591553
2025-06-12 17:46:00,44.4
2025-06-12 20:24:00,47.0
2025-06-12 03:01:00,87.9
2025-06-12 07:41:00,75.2
2025-06-12 15:20:00,97.6
2025-06-12 10:44:00,49.82591552591553
2025-06-12 15:36:00,57.4
2025-06-12 02:02:00,16.0
2025-06-12 09:21:00,11.4
2025-06-12 21:53:00,60.5
2025-06-12 23:50:00,49.82591552591553
2025-06-12 09:12:00,56.7
2025-06-12 06:03:00,55.7
2025-06-12 18:41:00,65.0
2025-06-12 20:07:00,12.0
2025-06-12 13:54:00,4.6
2025-06-12 10:58:00,43.7
2025-06-12 06:44:00,70.6
2025-06-12 13:22:00,75.4
2025-06-12 10:16:00,53.9
2025-06-12 13:59:00,49.2
2025-06-12 07:51:00,62.0
2025-06-12 08:02:00,90.3
2025-06-12 19:36:00,49.82264106490752
2025-06-12 08:26:00,10.4
2025-06-12 09:47:00,63.8
2025-06-12 17:00:00,82.1
2025-06-12 01:19:00,3.3
2025-06-12 10:26:00,18.8
2025-06-12 13:52:00,89.5
2025-06-12 01:12:00,49.82264106490752
2025-06-12 04:39:00,60.2
2025-06-12 08:50:00,46.0
2025-06-12 11:09:00,5.7
2025-06-12 05:42:00,35.2
2025-06-12 06:40:00,18.3
2025-06-12 01:42:00,54.4
2025-06-12 13:41:00,49.82264106490752
2025-06-12 20:00:00,49.82264106490752
2025-06-12 03:30:00,37.8
2025-06-12 23:13:00,78.8
2025-06-12 18:39:00,49.82264106490752
2025-06-12 13:52:00,34.2
2025-06-12 19:52:00,7.5
2025-06-12 01:37:00,92.3
2025-06-12 16:43:00,36.1
2025-06-12 14:43:00,90.4
2025-06-12 15:31:00,2.1
2025-06-12 04:00:00,49.2
2025-06-12 21:12:00,79.9
2025-06-12 10:53:00,55.7
2025-06-12 08:07:00,85.1
2025-06-12 09:24:00,21.7
2025-06-12 05:36:00,49.1
2025-06-12 17:25:00,20.3
2025-06-12 13:27:00,48.8
2025-06-12 16:35:00,81.7
2025-06-12 01:13:00,49.82264106490752
2025-06-12 17:48:00,12.8
2025-06-12 00:09:00,79.8
2025-06-12 09:09:00,70.5
2025-06-12 13:21:00,78.7
2025-06-12 17:44:00,81.9
2025-06-12 12:51:00,18.1
2025-06-12 18:36:00,46.5
2025-06-12 21:03:00,69.4
2025-06-12 00:40:00,58.1
2025-06-12 06:21:00,49.82264106490752
2025-06-12 14:15:00,11.7
2025-06-12 01:16:00,96.9
2025-06-12 05:02:00,49.82264106490752
2025-06-12 18:57:00,60.4
2025-06-12 15:22:00,2.0
2025-06-12 19:05:00,5.7
2025-06-12 07:04:00,49.82264106490752
2025-06-12 05:03:00,49.82264106490752
2025-06-12 13:43:00,93.2
2025-06-12 13:40:00,67.6
2025-06-12 22:34:00,14.4
2025-06-12 19:20:00,91.9
2025-06-12 11:37:00,13.0
2025-06-12 00:25:00,49.82264106490752
2025-06-12 07:25:00,58.6
2025-06-12 09:18:00,45.6
2025-06-12 08:00:00,49.82264106490752
2025-06-12 11:39:00,80.4
2025-06-12 10:06:00,49.82264106490752
2025-06-12 03:36:00,44.7
2025-06-12 18:58:00,87.9
2025-06-12 22:12:00,49.82264106490752
2025-06-12 19:51:00,16.5
2025-06-12 06:52:00,95.8
2025-06-12 14:29:00,73.7
2025-06-12 15:27:00,20.4
2025-06-12 15:30:00,53.6
2025-06-12 03:09:00,10.3
2025-06-12 08:26:00,0.8
2025-06-12 12:46:00,68.5
2025-06-12 04:59:00,84.7
2025-06-12 13:51:00,74.7
2025-06-12 20:29:00,36.6
2025-06-12 12:40:00,78.4
2025-06-12 10:37:00,57.9
2025-06-12 02:04:00,4.1
2025-06-12 07:21:00,39.5
2025-06-12 17:16:00,38.4
2025-06-12 01:39:00,17.6
2025-06-12 00:06:00,24.7
2025-06-12 21:02:00,49.82264106490752
2025-06-12 15:43:00,10.0
2025-06-12 15:59:00,60.8
2025-06-12 11:32:00,49.82264106490752
2025-06-12 11:43:00,8.4
2025-06-12 16:14:00,76.8
2025-06-12 10:05:00,41.6
2025-06-12 11:34:00,13.1
2025-06-12 03:02:00,68.2
2025-06-12 16:35:00,54.4
2025-06-12 16:24:00,80.1
2025-06-12 18:37:00,47.7
2025-06-12 03:37:00,21.7
2025-06-12 01:50:00,50.0
2025-06-12 02:24:00,62.7
2025-06-12 21:28:00,2.6
2025-06-12 02:37:00,38.8
2025-06-12 11:26:00,27.2
2025-06-12 14:29:00,27.6
2025-06-12 00:45:00,59.5
2025-06-12 23:03:00,82.4
2025-06-12 02:48:00,10.9
2025-06-12 19:09:00,49.82264106490752
2025-06-12 03:50:00,8.6
2025-06-12 01:14:00,68.6
2025-06-12 05:45:00,2.9
2025-06-12 22:33:00,65.2
2025-06-12 22:34:00,28.2
2025-06-12 20:55:00,9.9
2025-06-12 22:19:00,93.3
2025-06-12 22:37:00,49.82264106490752
2025-06-12 06:21:00,80.3
2025-06-12 06:35:00,83.6
2025-06-12 09:53:00,15.0
2025-06-12 13:37:00,5.0
2025-06-12 20:26:00,9.6
2025-06-12 02:35:00,49.82264106490752
2025-06-12 02:38:00,60.4
2025-06-12 02:34:00,29.5
2025-06-12 19:10:00,67.4
2025-06-12 07:59:00,88.5
2025-06-12 17:38:00,87.6
2025-06-12 09:13:00,35.9
2025-06-12 04:17:00,49.82264106490752
2025-06-12 12:07:00,87.3
2025-06-12 04:29:00,59.7
2025-06-12 21:57:00,2.3
2025-06-12 07:01:00,52.7
2025-06-12 17:34:00,15.5
2025-06-12 18:33:00,80.6
2025-06-12 18:23:00,76.3
2025-06-12 22:52:00,20.4
2025-06-12 19:57:00,12.5
2025-06-12 14:59:00,21.6
2025-06-12 22:27:00,6.4
2025-06-12 03:26:00,30.7
2025-06-12 10:00:00,9.0
2025-06-12 17:23:00,27.5
2025-06-12 06:39:00,49.82264106490752
2025-06-12 21:42:00,49.82264106490752
2025-06-12 15:02:00,58.2
2025-06-12 00:26:00,49.82264106490752
2025-06-12 19:32:00,48.7
2025-06-12 07:14:00,49.82264106490752
2025-06-12 11:03:00,2.4
2025-06-12 22:27:00,49.82264106490752
2025-06-12 13:43:00,48.0
2025-06-12 04:58:00,33.3
2025-06-12 23:40:00,1.3
2025-06-12 10:08:00,57.2
2025-06-12 04:00:00,92.2
2025-06-12 14:08:00,34.9
2025-06-12 00:49:00,42.6
2025-06-12 13:45:00,49.82264106490752
2025-06-12 13:59:00,54.0
2025-06-12 14:13:00,49.82264106490752
2025-06-12 00:34:00,88.9
2025-06-12 20:49:00,49.82264106490752
2025-06-12 00:44:00,3.8
2025-06-12 04:15:00,47.3
2025-06-12 19:58:00,4.6
2025-06-12 09:19:00,14.1
2025-06-12 14:06:00,49.82264106490752
2025-06-12 21:10:00,49.82264106490752
2025-06-12 15:11:00,56.2
2025-06-12 17:33:00,96.9
2025-06-12 23:40:00,21.6
2025-06-12 19:53:00,49.82264106490752
2025-06-12 14:34:00,48.5
2025-06-12 21:38:00,48.8
2025-06-12 18:33:00,70.4
2025-06-12 14:05:00,1.2
2025-06-12 01:39:00,49.82264106490752
2025-06-12 10:21:00,49.82264106490752
2025-06-12 23:53:00,8.7
2025-06-12 00:15:00,45.2
2025-06-12 09:06:00,49.82264106490752
2025-06-12 08:20:00,49.82264106490752
2025-06-12 05:54:00,49.82264106490752
2025-06-12 15:31:00,85.7
2025-06-12 15:29:00,11.1
2025-06-12 11:09:00,36.9
2025-06-12 16:15:00,49.82264106490752
2025-06-12 06:04:00,64.7
2025-06-12 22:36:00,68.6
2025-06-12 01:31:00,5.4
2025-06-12 11:44:00,37.7
2025-06-12 10:09:00,94.0
2025-06-12 07:06:00,66.5
2025-06-12 12:37:00,32.4
2025-06-12 17:19:00,3.2
2025-06-12 14:55:00,90.2
2025-06-12 15:39:00,7.9
2025-06-12 19:26:00,49.82264106490752
2025-06-12 07:39:00,49.82264106490752
2025-06-12 06:06:00,5.6
2025-06-12 03:14:00,82.6
2025-06-12 06:32:00,63.2
2025-06-12 17:13:00,23.1
2025-06-12 04:23:00,15.7
2025-06-12 06:33:00,73.7
2025-06-12 23:36:00,49.82264106490752
2025-06-12 02:23:00,8.6
2025-06-12 13:00:00,96.8
2025-06-12 03:16:00,5.5
2025-06-12 05:32:00,56.0
2025-06-12 21:39:00,87.8
2025-06-12 16:30:00,41.0
2025-06-12 10:46:00,55.4
2025-06-12 14:56:00,74.0
2025-06-12 15:55:00,38.4
2025-06-12 17:54:00,49.82264106490752
2025-06-12 14:57:00,52.3
2025-06-12 14:12:00,62.7
2025-06-12 10:18:00,85.8
2025-06-12 09:28:00,91.7
2025-06-12 12:52:00,34.8
2025-06-12 07:11:00,19.5
2025-06-12 17:14:00,9.3
2025-06-12 08:54:00,13.4
2025-06-12 09:59:00,71.8
2025-06-12 03:02:00,94.5
2025-06-12 14:01:00,19.3
2025-06-12 18:46:00,3.1
2025-06-12 07:13:00,49.82264106490752
2025-06-12 02:48:00,79.3
2025-06-12 22:11:00,48.8
2025-06-12 01:16:00,16.4
2025-06-12 12:36:00,3.0
2025-06-12 18:28:00,14.0
2025-06-12 09:14:00,49.82264106490752
2025-06-12 00:52:00,37.4
2025-06-12 21:31:00,96.7
2025-06-12 18:30:00,32.6
2025-06-12 17:01:00,49.82264106490752
2025-06-12 15:32:00,11.4
2025-06-12 07:54:00,28.3
2025-06-12 16:57:00,3.0
2025-06-12 17:51:00,49.82264106490752
2025-06-12 01:55:00,58.3
2025-06-12 06:45:00,81.9
2025-06-12 23:08:00,69.5
2025-06-12 09:19:00,41.4
2025-06-12 08:29:00,15.4
2025-06-12 02:10:00,49.2
2025-06-12 17:10:00,67.3
2025-06-12 06:47:00,61.1
2025-06-12 03:51:00,75.5
2025-06-12 20:01:00,49.82264106490752
2025-06-12 01:13:00,1.7
2025-06-12 16:31:00,49.82264106490752
2025-06-12 20:05:00,88.7
2025-06-12 03:29:00,35.2
2025-06-12 15:25:00,4.6
2025-06-12 19:20:00,52.9
2025-06-12 05:04:00,98.4
2025-06-12 08:02:00,35.1
2025-06-12 13:07:00,86.6
2025-06-12 09:01:00,64.9
2025-06-12 10:43:00,83.5
2025-06-12 10:10:00,9.1
2025-06-12 11:20:00,85.5
2025-06-12 17:24:00,21.5
2025-06-12 00:50:00,66.2
2025-06-12 14:04:00,43.0
2025-06-12 15:45:00,49.82264106490752
2025-06-12 00:19:00,43.6
2025-06-12 19:38:00,46.0
2025-06-12 07:02:00,30.2
2025-06-12 14:05:00,41.1
2025-06-12 23:35:00,49.1
2025-06-12 08:22:00,46.9
2025-06-12 16:33:00,1.8
2025-06-12 02:01:00,3.3
2025-06-12 06:30:00,6.4
2025-06-12 00:16:00,2.8
2025-06-12 13:21:00,49.82264106490752
2025-06-12 19:02:00,19.9
2025-06-12 08:12:00,21.9
2025-06-12 16:18:00,10.0
2025-06-12 21:12:00,53.4
2025-06-12 20:31:00,82.5
2025-06-12 19:42:00,40.1
2025-06-12 04:18:00,49.82264106490752
2025-06-12 19:00:00,86.3
2025-06-12 08:28:00,29.5
2025-06-12 18:36:00,5.2
2025-06-12 14:59:00,55.9
2025-06-12 19:18:00,1.1
2025-06-12 10:07:00,44.6
2025-06-12 05:42:00,80.5
2025-06-12 08:24:00,20.0
2025-06-12 20:19:00,75.0
2025-06-12 22:18:00,52.6
2025-06-12 20:00:00,86.4
2025-06-12 15:14:00,85.5
2025-06-12 20:48:00,50.2
2025-06-12 17:40:00,25.8
2025-06-12 15:49:00,37.8
2025-06-12 21:15:00,49.82264106490752
2025-06-12 07:42:00,8.1
2025-06-12 21:50:00,20.8
2025-06-12 11:50:00,45.5
2025-06-12 01:02:00,49.82264106490752
2025-06-12 19:23:00,24.9
2025-06-12 15:11:00,49.82264106490752
2025-06-12 15:30:00,36.4
2025-06-12 20:36:00,22.8
2025-06-12 04:50:00,46.9
2025-06-12 18:43:00,1.8
2025-06-12 19:36:00,19.7
2025-06-12 16:38:00,41.2
2025-06-12 13:17:00,26.4
2025-06-12 00:54:00,73.1
2025-06-12 15:38:00,80.8
2025-06-12 18:56:00,86.4
2025-06-12 16:09:00,91.8
2025-06-12 11:46:00,49.82264106490752
2025-06-12 22:41:00,49.82264106490752
2025-06-12 06:07:00,53.9
2025-06-12 08:08:00,11.1
2025-06-12 14:41:00,14.6
2025-06-12 05:28:00,90.1
2025-06-12 11:28:00,57.7
2025-06-12 10:02:00,57.8
2025-06-12 17:29:00,63.6
2025-06-12 11:58:00,30.8
2025-06-12 06:15:00,21.5
2025-06-12 11:23:00,2.9
2025-06-12 01:36:00,86.9
2025-06-12 00:35:00,18.1
2025-06-12 00:52:00,63.3
2025-06-12 19:21:00,73.4
2025-06-12 12:34:00,95.7
2025-06-12 15:33:00,38.5
2025-06-12 21:00:00,66.0
2025-06-12 11:03:00,78.9
2025-06-12 17:56:00,92.3
2025-06-12 03:18:00,18.2
2025-06-12 15:16:00,9.6
2025-06-12 04:07:00,60.9
2025-06-12 13:07:00,33.4
2025-06-12 14:25:00,94.4
2025-06-12 02:01:00,0.6
2025-06-12 12:20:00,49.73505924170616
2025-06-12 23:05:00,91.6
2025-06-12 05:28:00,98.5
2025-06-12 05:58:00,34.4
2025-06-12 18:34:00,52.0
2025-06-12 16:39:00,76.3
2025-06-12 03:39:00,62.8
2025-06-12 13:23:00,36.3
2025-06-12 19:01:00,30.9
2025-06-12 22:44:00,68.7
2025-06-12 11:04:00,16.4
2025-06-12 09:24:00,19.4
2025-06-12 14:12:00,49.73505924170616
2025-06-12 01:04:00,48.3
2025-06-12 14:31:00,50.9
2025-06-12 20:49:00,49.73505924170616
2025-06-12 06:52:00,20.6
2025-06-12 04:08:00,60.7
2025-06-12 14:34:00,45.9
2025-06-12 00:10:00,24.3
2025-06-12 06:42:00,49.73505924170616
2025-06-12 00:25:00,15.3
2025-06-12 19:44:00,76.8
2025-06-12 17:55:00,26.9
2025-06-12 22:39:00,96.9
2025-06-12 10:45:00,64.5
2025-06-12 22:10:00,2.6
2025-06-12 21:46:00,72.7
2025-06-12 11:36:00,1.8
2025-06-12 10:14:00,6.1
2025-06-12 20:42:00,49.73505924170616
2025-06-12 21:54:00,82.6
2025-06-12 17:26:00,92.9
2025-06-12 15:07:00,78.4
2025-06-12 10:11:00,81.4
2025-06-12 06:47:00,71.5
2025-06-12 16:37:00,92.4
2025-06-12 07:54:00,15.3
2025-06-12 06:12:00,49.6
2025-06-12 07:36:00,49.73505924170616
2025-06-12 16:56:00,57.3
2025-06-12 01:39:00,68.1
2025-06-12 20:09:00,62.6
2025-06-12 21:23:00,52.0
2025-06-12 19:14:00,91.2
2025-06-12 15:54:00,70.5
2025-06-12 08:14:00,49.73505924170616
2025-06-12 11:48:00,22.4
2025-06-12 19:45:00,7.8
2025-06-12 15:11:00,3.2
2025-06-12 09:50:00,49.73505924170616
2025-06-12 04:14:00,31.3
2025-06-12 00:35:00,30.5
2025-06-12 19:58:00,85.5
2025-06-12 02:22:00,17.7
2025-06-12 22:20:00,7.3
2025-06-12 12:49:00,52.0
2025-06-12 05:25:00,29.4
2025-06-12 07:48:00,83.5
2025-06-12 12:18:00,49.73505924170616
2025-06-12 15:25:00,83.0
2025-06-12 19:06:00,59.5
2025-06-12 22:39:00,84.9
2025-06-12 07:13:00,49.73505924170616
2025-06-12 01:28:00,86.0
2025-06-12 16:55:00,86.0
2025-06-12 05:56:00,70.1
2025-06-12 18:12:00,36.2
2025-06-12 09:35:00,51.0
2025-06-12 00:14:00,34.2
2025-06-12 13:01:00,13.4
2025-06-12 07:17:00,71.3
2025-06-12 13:20:00,36.1
2025-06-12 19:04:00,58.1
2025-06-12 10:53:00,9.2
2025-06-12 04:00:00,87.3
2025-06-12 19:53:00,48.7
2025-06-12 14:26:00,58.8
2025-06-12 02:14:00,97.1
2025-06-12 07:39:00,74.2
2025-06-12 00:03:00,15.8
2025-06-12 12:05:00,17.2
2025-06-12 09:22:00,49.73505924170616
2025-06-12 06:49:00,28.2
2025-06-12 02:49:00,70.2
2025-06-12 22:44:00,12.4
2025-06-12 16:42:00,75.8
2025-06-12 21:25:00,34.8
2025-06-12 07:44:00,28.7
2025-06-12 05:39:00,74.3
2025-06-12 17:22:00,91.9
2025-06-12 10:26:00,2.7
2025-06-12 08:49:00,57.0
2025-06-12 00:58:00,2.1
2025-06-12 10:07:00,45.1
2025-06-12 19:18:00,36.2
2025-06-12 07:08:00,29.4
2025-06-12 08:52:00,0.9
2025-06-12 12:48:00,4.3
2025-06-12 09:39:00,35.5
2025-06-12 14:36:00,26.0
2025-06-12 02:37:00,79.9
2025-06-12 22:49:00,59.1
2025-06-12 01:04:00,38.4
2025-06-12 15:15:00,26.5
2025-06-12 02:17:00,15.8
2025-06-12 04:22:00,11.2
2025-06-12 21:36:00,67.9
2025-06-12 03:21:00,32.6
2025-06-12 13:32:00,61.4
2025-06-12 21:36:00,82.4
2025-06-12 18:57:00,17.7
2025-06-12 01:57:00,34.7
2025-06-12 08:00:00,35.6
2025-06-12 16:01:00,49.73505924170616
2025-06-12 22:19:00,16.0
2025-06-12 20:09:00,49.73505924170616
2025-06-12 08:08:00,1.0
2025-06-12 05:37:00,20.3
2025-06-12 18:05:00,33.7
2025-06-12 04:45:00,36.9
2025-06-12 12:54:00,21.2
2025-06-12 05:37:00,5.9
2025-06-12 04:38:00,28.8
2025-06-12 16:55:00,24.8
2025-06-12 15:59:00,50.1
2025-06-12 05:40:00,48.4
2025-06-12 05:34:00,61.7
2025-06-12 06:17:00,20.8
2025-06-12 15:56:00,42.6
2025-06-12 05:33:00,31.6
2025-06-12 03:04:00,44.1
2025-06-12 08:07:00,51.2
2025-06-12 15:29:00,10.2
2025-06-12 18:04:00,6.4
2025-06-12 20:50:00,49.73505924170616
2025-06-12 01:14:00,49.73505924170616
2025-06-12 15:14:00,12.3
2025-06-12 05:46:00,49.73505924170616
2025-06-12 03:13:00,81.1
2025-06-12 05:34:00,49.73505924170616
2025-06-12 08:11:00,91.2
2025-06-12 13:26:00,49.73505924170616
2025-06-12 05:45:00,51.8
2025-06-12 02:34:00,82.4
2025-06-12 13:14:00,14.5
2025-06-12 12:34:00,77.0
2025-06-12 05:16:00,25.3
2025-06-12 13:36:00,44.5
2025-06-12 08:11:00,30.5
2025-06-12 18:20:00,62.8
2025-06-12 12:26:00,16.8
2025-06-12 06:22:00,3.3
2025-06-12 12:31:00,49.4
2025-06-12 08:55:00,91.4
2025-06-12 10:54:00,92.8
2025-06-12 17:54:00,49.73505924170616
2025-06-12 21:08:00,90.4
2025-06-12 23:10:00,52.8
2025-06-12 14:00:00,67.2
2025-06-12 09:59:00,86.1
2025-06-12 12:51:00,44.4
2025-06-12 17:48:00,42.9
2025-06-12 21:20:00,0.3
2025-06-12 06:47:00,38.1
2025-06-12 11:38:00,25.2
2025-06-12 10:38:00,25.9
2025-06-12 20:02:00,36.3
2025-06-12 11:48:00,49.73505924170616
2025-06-12 11:33:00,43.4
2025-06-12 00:33:00,2.8
2025-06-12 19:19:00,23.1
2025-06-12 17:17:00,40.2
2025-06-12 23:30:00,18.5
2025-06-12 06:21:00,88.1
2025-06-12 17:47:00,49.73505924170616
2025-06-12 05:19:00,93.8
2025-06-12 12:15:00,72.8
2025-06-12 09:03:00,46.6
2025-06-12 21:00:00,49.73505924170616
2025-06-12 22:34:00,42.9
2025-06-12 17:33:00,10.3
2025-06-12 16:33:00,49.73505924170616
2025-06-12 11:24:00,32.9
2025-06-12 21:24:00,10.8
2025-06-12 14:58:00,85.1
2025-06-12 12:00:00,12.1
2025-06-12 13:48:00,62.7
2025-06-12 18:02:00,30.3
2025-06-12 01:01:00,47.2
2025-06-12 16:04:00,0.2
2025-06-12 06:32:00,70.6
2025-06-12 15:58:00,31.2
2025-06-12 20:48:00,9.5
2025-06-12 00:28:00,47.0
2025-06-12 07:23:00,49.73505924170616
2025-06-12 11:44:00,5.2
2025-06-12 07:45:00,54.4
2025-06-12 03:40:00,25.2
2025-06-12 15:40:00,53.6
2025-06-12 20:17:00,44.2
2025-06-12 22:46:00,42.5
2025-06-12 07:34:00,82.5
2025-06-12 11:05:00,49.73505924170616
2025-06-12 07:44:00,4.9
2025-06-12 01:08:00,49.73505924170616
2025-06-12 06:50:00,49.0
2025-06-12 16:14:00,49.73505924170616
2025-06-12 21:14:00,22.3
2025-06-12 14:22:00,84.3
2025-06-12 12:19:00,5.6
2025-06-12 21:40:00,74.6
2025-06-12 23:37:00,35.8
2025-06-12 06:52:00,97.0
2025-06-12 13:53:00,1.3
2025-06-12 06:44:00,48.1
2025-06-12 04:25:00,49.73505924170616
2025-06-12 04:57:00,54.3
2025-06-12 08:55:00,15.9
2025-06-12 17:10:00,49.73505924170616
2025-06-12 18:28:00,0.9
2025-06-12 10:30:00,16.4
2025-06-12 02:12:00,38.5
2025-06-12 19:49:00,41.2
2025-06-12 23:54:00,49.73505924170616
2025-06-12 14:33:00,45.6
2025-06-12 11:03:00,92.1
2025-06-12 21:34:00,16.0
2025-06-12 05:05:00,4.3
2025-06-12 17:02:00,27.9
2025-06-12 11:55:00,92.1
2025-06-12 13:22:00,97.9
2025-06-12 14:39:00,55.9
2025-06-12 00:26:00,83.0
2025-06-12 02:08:00,53.8
2025-06-12 14:00:00,88.0
2025-06-12 17:02:00,74.8
2025-06-12 12:44:00,99.7
2025-06-12 10:17:00,82.4
2025-06-12 04:25:00,24.5
2025-06-12 10:07:00,44.6
2025-06-12 09:41:00,5.0
2025-06-12 22:54:00,49.73505924170616
2025-06-12 04:32:00,88.8
2025-06-12 17:05:00,88.6
2025-06-12 01:32:00,6.9
2025-06-12 00:27:00,41.8
2025-06-12 03:36:00,74.6
2025-06-12 02:59:00,20.0
2025-06-12 22:00:00,17.5
2025-06-12 22:26:00,90.2
2025-06-12 12:26:00,90.0
2025-06-12 08:01:00,49.73505924170616
2025-06-12 06:57:00,93.2
2025-06-12 20:36:00,35.7
2025-06-12 11:25:00,49.73505924170616
2025-06-12 17:52:00,49.73505924170616
2025-06-12 21:49:00,77.9
2025-06-12 19:06:00,4.7
2025-06-12 00:18:00,87.5
2025-06-12 19:14:00,67.5
2025-06-12 00:53:00,83.0
2025-06-12 16:59:00,91.8
2025-06-12 14:18:00,3.4
2025-06-12 14:08:00,36.7
2025-06-12 12:16:00,38.0
2025-06-12 08:00:00,82.9
2025-06-12 05:16:00,30.8
2025-06-12 23:46:00,29.9
2025-06-12 10:54:00,29.3
2025-06-12 21:27:00,67.5
2025-06-12 00:40:00,41.9
2025-06-12 09:36:00,49.73505924170616
2025-06-12 20:58:00,49.73505924170616
2025-06-12 13:35:00,31.9
2025-06-12 16:51:00,69.3
2025-06-12 10:55:00,48.7
2025-06-12 21:31:00,22.4
2025-06-12 02:50:00,80.6
2025-06-12 08:40:00,67.5
2025-06-12 13:25:00,85.6
2025-06-12 08:05:00,70.6
2025-06-12 05:42:00,92.8
2025-06-12 19:19:00,66.6
2025-06-12 14:42:00,18.4
2025-06-12 23:15:00,28.3
2025-06-12 00:37:00,54.1
2025-06-12 16:16:00,2.3
2025-06-12 01:09:00,60.1
2025-06-12 00:41:00,50.04950773558369
2025-06-12 00:03:00,43.2
2025-06-12 19:56:00,31.0
2025-06-12 11:14:00,25.4
2025-06-12 02:51:00,92.8
2025-06-12 09:02:00,30.9
2025-06-12 10:58:00,84.2
2025-06-12 17:23:00,81.0
2025-06-12 19:03:00,13.2
2025-06-12 22:36:00,39.7
2025-06-12 08:21:00,40.0
2025-06-12 07:19:00,36.9
2025-06-12 06:46:00,49.6
2025-06-12 13:59:00,93.4
2025-06-12 22:36:00,78.5
2025-06-12 11:01:00,18.1
2025-06-12 05:10:00,33.7
2025-06-12 12:22:00,21.5
2025-06-12 23:42:00,26.2
2025-06-12 06:00:00,27.5
2025-06-12 19:32:00,50.04950773558369
2025-06-12 04:46:00,51.2
2025-06-12 13:59:00,50.04950773558369
2025-06-12 03:11:00,58.4
2025-06-12 08:40:00,78.6
2025-06-12 16:25:00,50.04950773558369
2025-06-12 13:29:00,94.6
2025-06-12 13:47:00,50.04950773558369
2025-06-12 14:52:00,25.7
2025-06-12 16:33:00,73.7
2025-06-12 06:21:00,21.1
2025-06-12 14:05:00,50.04950773558369
2025-06-12 21:46:00,60.6
2025-06-12 06:56:00,96.1
2025-06-12 14:09:00,38.2
2025-06-12 18:16:00,50.04950773558369
2025-06-12 01:55:00,35.9
2025-06-12 15:54:00,39.2
2025-06-12 18:41:00,80.2
2025-06-12 02:19:00,87.9
2025-06-12 11:37:00,86.4
2025-06-12 18:06:00,89.4
2025-06-12 20:17:00,90.3
2025-06-12 01:29:00,26.1
2025-06-12 12:43:00,93.3
2025-06-12 01:36:00,37.8
2025-06-12 09:22:00,76.2
2025-06-12 13:05:00,30.6
2025-06-12 08:18:00,77.8
2025-06-12 01:00:00,27.9
2025-06-12 20:47:00,52.7
2025-06-12 22:40:00,6.2
2025-06-12 02:27:00,1.6
2025-06-12 18:04:00,58.7
2025-06-12 13:02:00,92.4
2025-06-12 17:54:00,44.1
2025-06-12 19:30:00,50.04950773558369
2025-06-12 01:03:00,71.1
2025-06-12 05:34:00,71.0
2025-06-12 17:46:00,13.0
2025-06-12 08:00:00,9.5
2025-06-12 09:38:00,86.4
2025-06-12 18:53:00,53.5
2025-06-12 20:05:00,30.2
2025-06-12 07:14:00,36.8
2025-06-12 14:00:00,99.1
2025-06-12 20:55:00,84.4
2025-06-12 04:52:00,36.7
2025-06-12 02:50:00,61.7
2025-06-12 09:02:00,28.6
2025-06-12 05:34:00,21.1
2025-06-12 15:41:00,50.04950773558369
2025-06-12 14:07:00,50.04950773558369
2025-06-12 15:16:00,46.1
2025-06-12 01:03:00,79.7
2025-06-12 01:41:00,50.04950773558369
2025-06-12 06:44:00,21.9
2025-06-12 17:05:00,7.0
2025-06-12 05:41:00,4.1
2025-06-12 17:47:00,75.8
2025-06-12 22:27:00,88.6
2025-06-12 02:06:00,47.9
2025-06-12 01:51:00,88.8
2025-06-12 23:54:00,51.6
2025-06-12 23:03:00,98.8
2025-06-12 03:41:00,10.1
2025-06-12 20:34:00,97.7
2025-06-12 20:40:00,73.5
2025-06-12 06:04:00,78.5
2025-06-12 02:58:00,50.04950773558369
2025-06-12 01:27:00,63.8
2025-06-12 14:38:00,72.5
2025-06-12 15:32:00,53.3
2025-06-12 00:42:00,60.5
2025-06-12 08:56:00,28.5
2025-06-12 09:26:00,94.7
2025-06-12 16:28:00,52.9
2025-06-12 12:52:00,50.04950773558369
2025-06-12 10:53:00,50.04950773558369
2025-06-12 07:32:00,6.1
2025-06-12 17:55:00,19.2
2025-06-12 09:12:00,59.0
2025-06-12 02:01:00,16.7
2025-06-12 01:16:00,50.04950773558369
2025-06-12 23:16:00,30.3
2025-06-12 17:22:00,42.8
2025-06-12 04:45:00,68.1
2025-06-12 23:17:00,51.2
2025-06-12 20:52:00,50.04950773558369
2025-06-12 07:48:00,81.7
2025-06-12 19:51:00,50.04950773558369
2025-06-12 16:34:00,88.5
2025-06-12 02:35:00,97.0
2025-06-12 03:32:00,37.9
2025-06-12 02:28:00,50.04950773558369
2025-06-12 06:48:00,97.3
2025-06-12 19:26:00,69.9
2025-06-12 14:38:00,68.9
2025-06-12 11:26:00,53.0
2025-06-12 12:31:00,19.1
2025-06-12 09:30:00,80.0
2025-06-12 15:32:00,27.3
2025-06-12 20:58:00,21.8
2025-06-12 19:46:00,41.6
2025-06-12 07:44:00,77.1
2025-06-12 12:07:00,50.04950773558369
2025-06-12 16:31:00,53.8
2025-06-12 13:28:00,32.0
2025-06-12 04:39:00,22.5
2025-06-12 16:42:00,12.0
2025-06-12 15:28:00,50.04950773558369
2025-06-12 06:19:00,73.2
2025-06-12 20:05:00,50.04950773558369
2025-06-12 14:40:00,25.7
2025-06-12 08:53:00,50.04950773558369
2025-06-12 03:41:00,23.7
2025-06-12 10:47:00,72.0
2025-06-12 06:34:00,5.1
2025-06-12 18:35:00,80.4
2025-06-12 03:28:00,50.04950773558369
2025-06-12 16:26:00,95.2
2025-06-12 10:43:00,50.04950773558369
2025-06-12 02:31:00,15.1
2025-06-12 23:39:00,98.1
2025-06-12 03:45:00,55.1
2025-06-12 23:51:00,23.6
2025-06-12 09:36:00,28.8
2025-06-12 05:55:00,50.04950773558369
2025-06-12 14:07:00,69.1
2025-06-12 06:18:00,35.5
2025-06-12 11:15:00,1.8
2025-06-12 02:05:00,68.9
2025-06-12 17:53:00,6.6
2025-06-12 03:32:00,12.4
2025-06-12 22:51:00,16.4
2025-06-12 22:51:00,76.0
2025-06-12 00:07:00,42.8
2025-06-12 05:05:00,53.7
2025-06-12 06:58:00,2.0
2025-06-12 15:11:00,73.3
2025-06-12 14:40:00,41.5
2025-06-12 09:27:00,50.04950773558369
2025-06-12 18:09:00,64.2
2025-06-12 15:40:00,40.2
2025-06-12 16:26:00,50.04950773558369
2025-06-12 04:20:00,99.5
2025-06-12 05:00:00,4.0
2025-06-12 09:26:00,32.3
2025-06-12 02:28:00,95.2
2025-06-12 17:22:00,95.3
2025-06-12 10:22:00,97.0
2025-06-12 05:12:00,10.9
2025-06-12 12:08:00,29.4
2025-06-12 00:51:00,77.5
2025-06-12 07:27:00,50.04950773558369
2025-06-12 12:19:00,84.8
2025-06-12 03:42:00,50.04950773558369
2025-06-12 23:41:00,84.6
2025-06-12 04:30:00,63.0
2025-06-12 09:45:00,48.7
2025-06-12 23:13:00,78.4
2025-06-12 08:23:00,71.5
2025-06-12 16:09:00,50.04950773558369
2025-06-12 13:23:00,50.04950773558369
2025-06-12 15:13:00,81.2
2025-06-12 04:00:00,57.9
2025-06-12 14:09:00,45.4
2025-06-12 01:37:00,22.4
2025-06-12 11:45:00,91.5
2025-06-12 19:01:00,2.3
2025-06-12 23:36:00,50.04950773558369
2025-06-12 09:52:00,13.3
2025-06-12 13:00:00,77.4
2025-06-12 01:46:00,50.04950773558369
2025-06-12 18:25:00,12.2
2025-06-12 14:11:00,52.4
2025-06-12 15:41:00,84.8
2025-06-12 19:56:00,22.8
2025-06-12 02:09:00,64.9
2025-06-12 23:49:00,50.04950773558369
2025-06-12 06:47:00,70.8
2025-06-12 20:23:00,50.04950773558369
2025-06-12 19:04:00,69.2
2025-06-12 11:33:00,57.6
2025-06-12 08:47:00,0.4
2025-06-12 14:50:00,5.8
2025-06-12 18:02:00,95.0
2025-06-12 13:42:00,81.0
2025-06-12 19:54:00,43.5
2025-06-12 22:14:00,68.0
2025-06-12 18:06:00,46.6
2025-06-12 06:23:00,26.4
2025-06-12 13:46:00,67.6
2025-06-12 10:11:00,31.1
2025-06-12 06:37:00,50.04950773558369
2025-06-12 10:41:00,48.9
2025-06-12 15:20:00,50.04950773558369
2025-06-12 18:02:00,84.7
2025-06-12 05:29:00,50.04950773558369
2025-06-12 19:33:00,50.04950773558369
2025-06-12 22:23:00,12.3
2025-06-12 16:41:00,7.4
2025-06-12 19:30:00,50.04950773558369
2025-06-12 06:35:00,53.7
2025-06-12 20:19:00,50.04950773558369
2025-06-12 10:28:00,50.04950773558369
2025-06-12 04:41:00,78.1
2025-06-12 17:31:00,72.7
2025-06-12 20:10:00,61.3
2025-06-12 17:59:00,9.0
2025-06-12 05:36:00,90.0
2025-06-12 23:36:00,50.04950773558369
2025-06-12 15:05:00,95.2
2025-06-12 17:01:00,38.9
2025-06-12 14:37:00,61.6
2025-06-12 09:42:00,16.8
2025-06-12 19:20:00,50.04950773558369
2025-06-12 08:24:00,40.7
2025-06-12 02:19:00,44.9
2025-06-12 23:04:00,64.1
2025-06-12 15:45:00,95.3
2025-06-12 16:24:00,93.9
2025-06-12 20:43:00,60.6
2025-06-12 09:15:00,95.9
2025-06-12 03:58:00,40.2
2025-06-12 20:58:00,48.4
2025-06-12 06:32:00,48.9
2025-06-12 04:50:00,50.04950773558369
2025-06-12 05:16:00,71.6
2025-06-12 18:30:00,79.7
2025-06-12 03:15:00,7.9
2025-06-12 11:24:00,91.5
2025-06-12 19:42:00,50.04950773558369
2025-06-12 08:47:00,10.2
2025-06-12 18:08:00,60.0
2025-06-12 14:36:00,10.2
2025-06-12 21:01:00,36.7
2025-06-12 01:17:00,50.04950773558369
2025-06-12 08:00:00,34.1
2025-06-12 17:15:00,21.5
2025-06-12 15:49:00,87.1
2025-06-12 17:41:00,2.7
2025-06-12 21:38:00,50.04950773558369
2025-06-12 00:19:00,56.5
2025-06-12 07:09:00,89.5
2025-06-12 10:45:00,24.7
2025-06-12 02:59:00,7.6
2025-06-12 06:48:00,60.3
2025-06-12 01:36:00,35.5
2025-06-12 07:56:00,79.0
2025-06-12 07:34:00,50.04950773558369
2025-06-12 01:48:00,24.7
2025-06-12 10:25:00,51.3
2025-06-12 08:29:00,74.8
2025-06-12 13:35:00,53.2
2025-06-12 01:20:00,50.04950773558369
2025-06-12 16:40:00,82.3
2025-06-12 02:47:00,76.1
2025-06-12 21:43:00,45.2
2025-06-12 05:05:00,93.2
2025-06-12 07:08:00,12.8
2025-06-12 08:12:00,1.0
2025-06-12 07:01:00,13.0
2025-06-12 08:26:00,91.4
2025-06-12 21:01:00,99.4
2025-06-12 08:07:00,50.04950773558369
2025-06-12 12:11:00,87.6
2025-06-12 20:16:00,50.04950773558369
2025-06-12 14:16:00,74.2
2025-06-12 15:38:00,74.1
2025-06-12 12:03:00,94.2
2025-06-12 18:36:00,56.1
2025-06-12 08:29:00,46.1
2025-06-12 19:57:00,65.8
2025-06-12 05:50:00,19.6
2025-06-12 00:13:00,61.0
2025-06-12 07:35:00,25.1
2025-06-12 10:43:00,51.0
2025-06-12 04:36:00,6.4
2025-06-12 03:37:00,70.9
2025-06-12 05:48:00,46.8
2025-06-12 08:48:00,9.3
2025-06-12 00:15:00,3.1
2025-06-12 11:47:00,98.2
2025-06-12 16:41:00,35.4
2025-06-12 23:56:00,33.6
2025-06-12 15:19:00,85.1
2025-06-12 08:57:00,50.04950773558369
2025-06-12 10:59:00,51.5
2025-06-12 09:39:00,11.1
2025-06-12 14:05:00,50.04950773558369
2025-06-12 22:39:00,75.1
2025-06-12 12:03:00,50.04950773558369
2025-06-12 12:49:00,50.04950773558369
2025-06-12 15:58:00,68.0
2025-06-12 22:56:00,97.5
2025-06-12 23:32:00,49.9
2025-06-12 12:32:00,19.5
2025-06-12 13:57:00,50.04950773558369
2025-06-12 18:26:00,26.1
2025-06-12 14:00:00,83.8
2025-06-12 13:31:00,61.1
2025-06-12 11:56:00,83.0
2025-06-12 16:27:00,50.04950773558369
2025-06-12 01:02:00,42.5
2025-06-12 09:08:00,50.04950773558369
2025-06-12 22:43:00,52.1
2025-06-12 23:43:00,64.1
2025-06-12 16:08:00,62.1
2025-06-12 15:21:00,85.5
2025-06-12 01:39:00,50.04950773558369
2025-06-12 05:02:00,37.1
2025-06-12 21:11:00,0.5
2025-06-12 04:36:00,31.0
2025-06-12 03:10:00,62.2
2025-06-12 01:12:00,49.64720650636492
2025-06-12 12:13:00,71.5
2025-06-12 09:28:00,85.2
2025-06-12 17:32:00,94.5
2025-06-12 22:11:00,6.0
2025-06-12 05:25:00,11.0
2025-06-12 02:18:00,21.5
2025-06-12 07:23:00,16.6
2025-06-12 02:06:00,67.0
2025-06-12 10:16:00,9.4
2025-06-12 12:01:00,57.6
2025-06-12 23:22:00,76.5
2025-06-12 00:46:00,49.64720650636492
2025-06-12 10:02:00,52.6
2025-06-12 13:15:00,26.0
2025-06-12 07:13:00,99.1
2025-06-12 14:37:00,76.3
2025-06-12 13:16:00,49.64720650636492
2025-06-12 02:25:00,8.3
2025-06-12 16:04:00,68.6
2025-06-12 14:44:00,63.0
2025-06-12 20:48:00,95.8
2025-06-12 08:57:00,43.8
2025-06-12 02:08:00,59.0
2025-06-12 08:03:00,25.6
2025-06-12 12:30:00,24.9
2025-06-12 17:36:00,49.64720650636492
2025-06-12 07:12:00,91.2
2025-06-12 03:24:00,12.9
2025-06-12 23:19:00,15.5
2025-06-12 18:51:00,38.2
2025-06-12 02:04:00,92.1
2025-06-12 19:09:00,0.4
2025-06-12 20:52:00,93.3
2025-06-12 05:57:00,43.7
2025-06-12 10:10:00,34.4
2025-06-12 22:59:00,49.64720650636492
2025-06-12 21:23:00,12.3
2025-06-12 04:23:00,7.0
2025-06-12 05:51:00,67.6
2025-06-12 22:43:00,14.4
2025-06-12 16:05:00,20.0
2025-06-12 16:11:00,49.64720650636492
2025-06-12 19:46:00,49.64720650636492
2025-06-12 05:26:00,41.6
2025-06-12 00:05:00,49.64720650636492
2025-06-12 15:32:00,49.64720650636492
2025-06-12 15:57:00,49.64720650636492
2025-06-12 06:45:00,82.6
2025-06-12 00:07:00,49.64720650636492
2025-06-12 21:34:00,12.5
2025-06-12 08:59:00,39.0
2025-06-12 05:27:00,32.4
2025-06-12 07:05:00,16.5
2025-06-12 14:54:00,35.9
2025-06-12 09:47:00,75.0
2025-06-12 10:06:00,84.7
2025-06-12 22:44:00,8.9
2025-06-12 07:16:00,39.2
2025-06-12 14:24:00,0.5
2025-06-12 16:53:00,93.4
2025-06-12 05:57:00,49.64720650636492
2025-06-12 09:28:00,50.5
2025-06-12 17:23:00,81.2
2025-06-12 20:29:00,49.64720650636492
2025-06-12 00:53:00,57.3
2025-06-12 19:16:00,29.5
2025-06-12 06:40:00,49.64720650636492
2025-06-12 11:59:00,45.6
2025-06-12 03:51:00,27.2
2025-06-12 12:30:00,13.3
2025-06-12 17:02:00,23.0
2025-06-12 17:13:00,10.2
2025-06-12 00:36:00,63.1
2025-06-12 01:07:00,45.4
2025-06-12 04:16:00,49.64720650636492
2025-06-12 18:55:00,63.6
2025-06-12 19:36:00,23.7
2025-06-12 00:25:00,50.7
2025-06-12 06:15:00,49.64720650636492
2025-06-12 04:04:00,86.2
2025-06-12 21:42:00,90.1
2025-06-12 03:49:00,49.64720650636492
2025-06-12 03:23:00,38.0
2025-06-12 13:28:00,32.1
2025-06-12 12:07:00,49.64720650636492
2025-06-12 22:33:00,40.2
2025-06-12 06:28:00,29.9
2025-06-12 13:35:00,72.1
2025-06-12 21:19:00,13.6
2025-06-12 21:44:00,72.8
2025-06-12 16:02:00,65.4
2025-06-12 23:49:00,38.3
2025-06-12 22:07:00,54.0
2025-06-12 05:57:00,97.0
2025-06-12 03:50:00,88.2
2025-06-12 16:15:00,41.8
2025-06-12 03:19:00,49.64720650636492
2025-06-12 19:34:00,23.0
2025-06-12 15:08:00,49.64720650636492
2025-06-12 09:03:00,87.4
2025-06-12 20:08:00,89.6
2025-06-12 06:13:00,6.2
2025-06-12 10:12:00,27.6
2025-06-12 13:42:00,49.64720650636492
2025-06-12 16:59:00,32.3
2025-06-12 08:37:00,69.6
2025-06-12 22:22:00,49.64720650636492
2025-06-12 07:55:00,65.2
2025-06-12 04:21:00,35.5
2025-06-12 21:59:00,86.7
2025-06-12 21:57:00,87.6
2025-06-12 23:04:00,49.64720650636492
2025-06-12 15:57:00,5.4
2025-06-12 06:20:00,84.8
2025-06-12 13:20:00,71.4
2025-06-12 17:40:00,21.6
2025-06-12 00:57:00,49.64720650636492
2025-06-12 15:38:00,45.8
2025-06-12 19:34:00,15.8
2025-06-12 04:43:00,52.6
2025-06-12 21:22:00,49.64720650636492
2025-06-12 22:17:00,88.0
2025-06-12 06:42:00,63.6
2025-06-12 19:19:00,31.2
2025-06-12 01:57:00,33.6
2025-06-12 14:21:00,27.7
2025-06-12 00:53:00,97.2
2025-06-12 13:33:00,49.64720650636492
2025-06-12 12:53:00,56.4
2025-06-12 17:52:00,49.9
2025-06-12 02:38:00,95.5
2025-06-12 13:37:00,83.5
2025-06-12 07:23:00,13.0
2025-06-12 22:20:00,77.3
2025-06-12 02:35:00,39.4
2025-06-12 14:31:00,51.4
2025-06-12 01:20:00,27.3
2025-06-12 10:51:00,51.6
2025-06-12 12:59:00,29.7
2025-06-12 09:30:00,14.5
2025-06-12 06:17:00,12.7
2025-06-12 08:59:00,27.2
2025-06-12 03:27:00,49.64720650636492
2025-06-12 07:09:00,27.8
2025-06-12 10:02:00,25.6
2025-06-12 18:26:00,49.64720650636492
2025-06-12 18:09:00,68.2
2025-06-12 02:51:00,71.7
2025-06-12 05:10:00,19.9
2025-06-12 23:13:00,57.0
2025-06-12 18:41:00,6.9
2025-06-12 10:04:00,35.7
2025-06-12 13:48:00,72.9
2025-06-12 01:58:00,97.7
2025-06-12 14:56:00,83.5
2025-06-12 06:30:00,49.64720650636492
2025-06-12 20:40:00,80.0
2025-06-12 11:25:00,33.5
2025-06-12 21:47:00,36.6
2025-06-12 00:47:00,49.64720650636492
2025-06-12 16:05:00,11.7
2025-06-12 01:46:00,91.6
2025-06-12 14:42:00,78.5
2025-06-12 01:16:00,11.9
2025-06-12 15:14:00,64.7
2025-06-12 07:59:00,49.64720650636492
2025-06-12 20:50:00,2.8
2025-06-12 19:18:00,30.6
2025-06-12 13:26:00,38.6
2025-06-12 12:00:00,46.7
2025-06-12 08:10:00,1.2
2025-06-12 08:08:00,49.64720650636492
2025-06-12 00:18:00,47.4
2025-06-12 10:00:00,32.2
2025-06-12 21:41:00,91.8
2025-06-12 18:47:00,71.8
2025-06-12 12:39:00,49.64720650636492
2025-06-12 21:27:00,87.9
2025-06-12 03:59:00,36.4
2025-06-12 22:52:00,64.4
2025-06-12 12:20:00,82.2
2025-06-12 09:58:00,97.9
2025-06-12 10:49:00,94.8
2025-06-12 02:38:00,49.64720650636492
2025-06-12 18:23:00,45.2
2025-06-12 16:55:00,24.9
2025-06-12 07:47:00,49.64720650636492
2025-06-12 02:17:00,49.64720650636492
2025-06-12 15:12:00,38.0
2025-06-12 06:51:00,89.2
2025-06-12 00:19:00,36.5
2025-06-12 14:07:00,2.6
2025-06-12 04:36:00,49.64720650636492
2025-06-12 08:17:00,69.9
2025-06-12 18:51:00,38.8
2025-06-12 15:32:00,40.1
2025-06-12 12:37:00,49.7
2025-06-12 14:31:00,48.1
2025-06-12 05:25:00,49.64720650636492
2025-06-12 22:53:00,87.0
2025-06-12 13:09:00,91.9
2025-06-12 10:05:00,69.9
2025-06-12 18:00:00,49.64720650636492
2025-06-12 03:31:00,69.4
2025-06-12 08:13:00,52.8
2025-06-12 09:03:00,37.7
2025-06-12 17:01:00,59.0
2025-06-12 10:57:00,13.9
2025-06-12 12:45:00,48.8
2025-06-12 13:52:00,7.3
2025-06-12 04:26:00,3.5
2025-06-12 15:02:00,44.1
2025-06-12 03:54:00,49.64720650636492
2025-06-12 20:12:00,49.64720650636492
2025-06-12 07:36:00,62.9
2025-06-12 22:20:00,49.64720650636492
2025-06-12 06:21:00,90.1
2025-06-12 05:16:00,60.1
2025-06-12 20:53:00,51.3
2025-06-12 02:26:00,5.4
2025-06-12 00:50:00,49.64720650636492
2025-06-12 17:14:00,18.3
2025-06-12 10:52:00,6.8
2025-06-12 11:11:00,17.1
2025-06-12 14:03:00,65.9
2025-06-12 16:10:00,49.64720650636492
2025-06-12 12:40:00,0.0
2025-06-12 04:43:00,65.2
2025-06-12 06:07:00,14.5
2025-06-12 06:05:00,49.64720650636492
2025-06-12 20:41:00,34.3
2025-06-12 00:03:00,11.0
2025-06-12 22:19:00,66.4
2025-06-12 17:18:00,49.64720650636492
2025-06-12 06:44:00,86.6
2025-06-12 11:09:00,46.4
2025-06-12 10:07:00,93.2
2025-06-12 14:41:00,39.0
2025-06-12 06:20:00,82.1
2025-06-12 07:42:00,84.3
2025-06-12 02:30:00,36.0
2025-06-12 13:15:00,86.1
2025-06-12 15:03:00,12.1
2025-06-12 15:45:00,96.4
2025-06-12 19:58:00,94.3
2025-06-12 09:10:00,6.2
2025-06-12 00:30:00,49.64720650636492
2025-06-12 15:16:00,35.5
2025-06-12 09:18:00,43.1
2025-06-12 02:56:00,52.2
2025-06-12 21:30:00,97.7
2025-06-12 01:05:00,33.5
2025-06-12 18:33:00,26.9
2025-06-12 00:20:00,14.9
2025-06-12 02:54:00,49.6
2025-06-12 14:17:00,94.3
2025-06-12 08:08:00,39.8
2025-06-12 20:10:00,49.64720650636492
2025-06-12 09:44:00,72.0
2025-06-12 04:10:00,60.6
2025-06-12 19:20:00,81.6
2025-06-12 07:41:00,47.5
2025-06-12 11:32:00,84.7
2025-06-12 05:16:00,14.5
2025-06-12 05:43:00,41.3
2025-06-12 06:43:00,51.8
2025-06-12 01:19:00,24.2
2025-06-12 15:39:00,65.2
2025-06-12 01:19:00,35.5
2025-06-12 19:07:00,72.6
2025-06-12 13:16:00,33.5
2025-06-12 23:55:00,92.3
2025-06-12 05:52:00,28.2
2025-06-12 07:48:00,3.1
2025-06-12 04:59:00,21.2
2025-06-12 12:37:00,0.9
2025-06-12 15:37:00,80.2
2025-06-12 01:21:00,88.0
2025-06-12 20:46:00,55.5
2025-06-12 01:47:00,74.6
2025-06-12 02:36:00,24.0
2025-06-12 14:14:00,66.0
2025-06-12 11:00:00,3.8
2025-06-12 08:39:00,69.2
2025-06-12 13:59:00,26.7
2025-06-12 07:30:00,90.3
2025-06-12 10:10:00,23.6
2025-06-12 14:28:00,97.8
2025-06-12 05:07:00,45.5
2025-06-12 01:21:00,36.2
2025-06-12 15:59:00,61.8
2025-06-12 01:25:00,82.5
2025-06-12 15:44:00,49.64720650636492
2025-06-12 21:50:00,0.6
2025-06-12 09:20:00,11.5
2025-06-12 20:58:00,3.7
2025-06-12 09:54:00,45.2
2025-06-12 21:08:00,99.1
2025-06-12 14:10:00,82.8
2025-06-12 14:26:00,21.6
2025-06-12 18:42:00,35.4
2025-06-12 08:37:00,64.4
2025-06-12 14:45:00,4.8
2025-06-12 10:40:00,35.3
2025-06-12 08:45:00,44.6
2025-06-12 16:20:00,68.5
2025-06-12 18:14:00,37.7
2025-06-12 01:11:00,65.1
2025-06-12 04:11:00,91.7
2025-06-12 03:20:00,38.8
2025-06-12 14:33:00,9.6
2025-06-12 20:32:00,35.6
2025-06-12 21:22:00,76.4
2025-06-12 08:52:00,36.6
2025-06-12 02:13:00,54.5
2025-06-12 09:48:00,46.7
2025-06-12 01:54:00,33.1
2025-06-12 20:43:00,6.5
2025-06-12 14:23:00,2.3
2025-06-12 06:23:00,43.6
2025-06-12 02:58:00,47.2
2025-06-12 16:54:00,16.8
2025-06-12 02:14:00,1.6
2025-06-12 22:23:00,71.1
2025-06-12 14:55:00,76.5
2025-06-12 07:08:00,13.9
2025-06-12 21:13:00,56.1
2025-06-12 00:54:00,20.4
2025-06-12 07:44:00,49.44888862615275
2025-06-12 15:40:00,88.6
2025-06-12 06:52:00,55.1
2025-06-12 23:38:00,49.44888862615275
2025-06-12 21:43:00,49.44888862615275
2025-06-12 10:43:00,44.0
2025-06-12 04:10:00,48.4
2025-06-12 12:50:00,1.8
2025-06-12 22:47:00,49.8
2025-06-12 00:57:00,85.5
2025-06-12 04:43:00,7.9
2025-06-12 05:10:00,49.44888862615275
2025-06-12 19:48:00,62.4
2025-06-12 04:36:00,33.7
2025-06-12 21:45:00,90.2
2025-06-12 22:45:00,40.6
2025-06-12 11:39:00,29.2
2025-06-12 20:21:00,23.3
2025-06-12 03:43:00,43.1
2025-06-12 22:22:00,16.0
2025-06-12 19:14:00,41.2
2025-06-12 20:14:00,89.5
2025-06-12 23:50:00,77.4
2025-06-12 20:42:00,47.1
2025-06-12 01:57:00,47.2
2025-06-12 14:38:00,9.6
2025-06-12 18:07:00,71.7
2025-06-12 09:32:00,18.7
2025-06-12 05:01:00,93.2
2025-06-12 10:44:00,86.4
2025-06-12 13:59:00,81.9
2025-06-12 00:51:00,60.8
2025-06-12 12:45:00,49.44888862615275
2025-06-12 01:36:00,74.9
2025-06-12 19:52:00,81.2
2025-06-12 22:20:00,66.1
2025-06-12 07:02:00,35.8
2025-06-12 18:21:00,67.6
2025-06-12 01:21:00,21.4
2025-06-12 20:53:00,39.6
2025-06-12 21:15:00,68.8
2025-06-12 17:29:00,73.9
2025-06-12 16:30:00,38.6
2025-06-12 15:55:00,98.6
2025-06-12 14:10:00,27.8
2025-06-12 12:51:00,83.6
2025-06-12 22:37:00,49.44888862615275
2025-06-12 17:37:00,58.6
2025-06-12 14:52:00,24.8
2025-06-12 09:19:00,21.8
2025-06-12 18:47:00,49.44888862615275
2025-06-12 12:31:00,49.44888862615275
2025-06-12 01:01:00,19.8
2025-06-12 17:12:00,49.44888862615275
2025-06-12 10:54:00,7.6
2025-06-12 01:24:00,63.7
2025-06-12 17:06:00,49.1
2025-06-12 09:58:00,58.7
2025-06-12 19:59:00,76.9
2025-06-12 10:32:00,21.4
2025-06-12 09:03:00,39.1
2025-06-12 05:26:00,55.4
2025-06-12 19:02:00,49.44888862615275
2025-06-12 02:18:00,42.1
2025-06-12 11:48:00,1.2
2025-06-12 12:10:00,49.44888862615275
2025-06-12 03:05:00,46.7
2025-06-12 04:39:00,28.2
2025-06-12 17:27:00,80.6
2025-06-12 18:10:00,49.44888862615275
2025-06-12 07:17:00,87.6
2025-06-12 17:31:00,80.1
2025-06-12 23:35:00,97.6
2025-06-12 08:39:00,75.5
2025-06-12 16:35:00,66.6
2025-06-12 09:12:00,1.6
2025-06-12 06:46:00,49.44888862615275
2025-06-12 17:26:00,3.1
2025-06-12 06:19:00,49.44888862615275
2025-06-12 05:37:00,99.4
2025-06-12 02:42:00,74.6
2025-06-12 04:09:00,8.9
2025-06-12 06:10:00,41.0
2025-06-12 20:31:00,26.0
2025-06-12 03:27:00,2.0
2025-06-12 15:31:00,75.4
2025-06-12 01:42:00,62.9
2025-06-12 08:52:00,12.5
2025-06-12 08:04:00,49.44888862615275
2025-06-12 15:18:00,37.0
2025-06-12 17:10:00,79.3
2025-06-12 20:23:00,69.2
2025-06-12 18:10:00,41.1
2025-06-12 18:43:00,30.1
2025-06-12 18:44:00,76.6
2025-06-12 13:27:00,67.3
2025-06-12 06:40:00,61.5
2025-06-12 14:25:00,88.0
2025-06-12 14:36:00,26.9
2025-06-12 03:02:00,25.4
2025-06-12 20:47:00,35.8
2025-06-12 10:52:00,75.1
2025-06-12 00:21:00,57.0
2025-06-12 20:09:00,53.1
2025-06-12 12:06:00,92.9
2025-06-12 03:27:00,49.44888862615275
2025-06-12 10:10:00,6.0
2025-06-12 06:33:00,49.6
2025-06-12 17:30:00,64.0
2025-06-12 03:14:00,43.2
2025-06-12 09:48:00,35.2
2025-06-12 20:34:00,95.5
2025-06-12 17:40:00,49.44888862615275
2025-06-12 21:14:00,49.44888862615275
2025-06-12 04:01:00,20.6
2025-06-12 08:33:00,78.8
2025-06-12 13:06:00,54.8
2025-06-12 18:44:00,20.8
2025-06-12 20:45:00,40.7
2025-06-12 21:17:00,49.44888862615275
2025-06-12 21:37:00,35.8
2025-06-12 01:47:00,3.6
2025-06-12 16:06:00,57.4
2025-06-12 17:17:00,91.1
2025-06-12 08:29:00,14.7
2025-06-12 18:45:00,56.4
2025-06-12 23:25:00,96.2
2025-06-12 13:53:00,77.2
2025-06-12 20:03:00,71.0
2025-06-12 05:41:00,7.4
2025-06-12 13:25:00,61.6
2025-06-12 04:35:00,54.0
2025-06-12 19:18:00,57.0
2025-06-12 07:02:00,96.1
2025-06-12 17:02:00,17.2
2025-06-12 09:40:00,11.5
2025-06-12 18:55:00,17.8
2025-06-12 13:45:00,26.7
2025-06-12 09:33:00,38.9
2025-06-12 14:30:00,49.44888862615275
2025-06-12 20:21:00,86.5
2025-06-12 16:20:00,48.7
2025-06-12 17:43:00,87.0
2025-06-12 10:03:00,6.7
2025-06-12 10:04:00,58.6
2025-06-12 04:54:00,75.5
2025-06-12 14:14:00,57.8
2025-06-12 22:47:00,49.44888862615275
2025-06-12 11:13:00,81.8
2025-06-12 03:42:00,5.3
2025-06-12 17:18:00,37.1
2025-06-12 09:58:00,49.44888862615275
2025-06-12 14:38:00,36.6
2025-06-12 22:27:00,49.44888862615275
2025-06-12 02:47:00,38.1
2025-06-12 00:08:00,64.5
2025-06-12 11:45:00,49.44888862615275
2025-06-12 14:15:00,49.7
2025-06-12 03:56:00,32.9
2025-06-12 13:02:00,22.9
2025-06-12 07:47:00,36.0
2025-06-12 15:15:00,51.2
2025-06-12 02:43:00,42.5
2025-06-12 19:47:00,53.6
2025-06-12 21:37:00,49.44888862615275
2025-06-12 21:55:00,39.0
2025-06-12 00:47:00,56.3
2025-06-12 14:58:00,14.8
2025-06-12 00:51:00,49.44888862615275
2025-06-12 05:33:00,54.2
2025-06-12 14:58:00,81.6
2025-06-12 12:54:00,99.3
2025-06-12 05:00:00,2.6
2025-06-12 21:54:00,43.0
2025-06-12 16:23:00,6.4
2025-06-12 00:58:00,49.44888862615275
2025-06-12 07:04:00,71.3
2025-06-12 16:22:00,30.7
2025-06-12 10:45:00,97.8
2025-06-12 13:09:00,17.6
2025-06-12 17:19:00,56.8
2025-06-12 22:02:00,23.6
2025-06-12 05:48:00,62.3
2025-06-12 02:26:00,25.5
2025-06-12 18:01:00,75.8
2025-06-12 17:07:00,24.2
2025-06-12 15:16:00,78.4
2025-06-12 17:27:00,52.6
2025-06-12 12:54:00,49.44888862615275
2025-06-12 21:28:00,57.6
2025-06-12 14:57:00,25.0
2025-06-12 12:40:00,49.44888862615275
2025-06-12 12:42:00,87.3
2025-06-12 18:57:00,49.44888862615275
2025-06-12 10:05:00,49.44888862615275
2025-06-12 10:47:00,49.44888862615275
2025-06-12 19:40:00,4.9
2025-06-12 10:36:00,49.44888862615275
2025-06-12 14:33:00,81.1
2025-06-12 07:45:00,89.3
2025-06-12 04:48:00,61.0
2025-06-12 04:55:00,17.1
2025-06-12 06:08:00,32.2
2025-06-12 16:22:00,49.44888862615275
2025-06-12 16:46:00,28.4
2025-06-12 09:05:00,0.0
2025-06-12 15:52:00,13.3
2025-06-12 13:07:00,49.44888862615275
2025-06-12 07:18:00,66.9
2025-06-12 12:49:00,49.44888862615275
2025-06-12 13:53:00,87.3
2025-06-12 10:44:00,38.5
2025-06-12 10:24:00,40.3
2025-06-12 13:18:00,49.44888862615275
2025-06-12 20:26:00,77.9
2025-06-12 12:22:00,97.2
2025-06-12 22:03:00,56.5
2025-06-12 06:05:00,72.4
2025-06-12 18:30:00,28.6
2025-06-12 10:36:00,83.5
2025-06-12 21:55:00,49.44888862615275
2025-06-12 22:52:00,86.6
2025-06-12 20:18:00,48.9
2025-06-12 15:49:00,93.6
2025-06-12 23:55:00,14.8
2025-06-12 00:32:00,13.8
2025-06-12 20:15:00,59.4
2025-06-12 10:21:00,49.44888862615275
2025-06-12 18:10:00,44.8
2025-06-12 10:21:00,20.3
2025-06-12 07:27:00,49.44888862615275
2025-06-12 03:46:00,94.4
2025-06-12 15:13:00,40.8
2025-06-12 15:20:00,32.3
2025-06-12 18:56:00,27.8
2025-06-12 19:53:00,77.8
2025-06-12 07:09:00,93.8
2025-06-12 14:09:00,2.1
2025-06-12 12:24:00,21.3
2025-06-12 11:50:00,55.8
2025-06-12 22:12:00,7.2
2025-06-12 02:05:00,71.4
2025-06-12 13:27:00,69.0
2025-06-12 03:39:00,11.9
2025-06-12 21:20:00,85.8
2025-06-12 04:10:00,80.8
2025-06-12 05:25:00,69.2
2025-06-12 02:24:00,50.6
2025-06-12 06:51:00,77.1
2025-06-12 03:53:00,42.9
2025-06-12 08:31:00,25.0
2025-06-12 12:03:00,49.44888862615275
2025-06-12 20:04:00,34.4
2025-06-12 15:15:00,8.3
2025-06-12 06:42:00,91.2
2025-06-12 14:42:00,8.0
2025-06-12 10:25:00,1.9
2025-06-12 20:52:00,0.7
2025-06-12 12:24:00,45.3
2025-06-12 15:45:00,53.3
2025-06-12 20:36:00,58.7
2025-06-12 08:04:00,72.5
2025-06-12 22:21:00,52.2
2025-06-12 05:26:00,51.9
2025-06-12 04:57:00,49.44888862615275
2025-06-12 06:46:00,14.0
2025-06-12 23:06:00,24.6
2025-06-12 21:49:00,35.9
2025-06-12 14:49:00,69.7
2025-06-12 23:53:00,67.8
2025-06-12 06:49:00,57.3
2025-06-12 14:34:00,77.3
2025-06-12 09:49:00,49.44888862615275
2025-06-12 11:35:00,43.0
2025-06-12 09:00:00,49.44888862615275
2025-06-12 13:35:00,78.3
2025-06-12 13:12:00,55.7
2025-06-12 20:39:00,44.3
2025-06-12 19:48:00,88.4
2025-06-12 14:02:00,10.2
2025-06-12 12:45:00,29.5
2025-06-12 19:01:00,4.7
2025-06-12 18:37:00,80.9
2025-06-12 06:53:00,99.4
2025-06-12 23:37:00,37.2
2025-06-12 01:45:00,44.7
2025-06-12 13:56:00,14.7
2025-06-12 07:33:00,50.4
2025-06-12 23:55:00,84.4
2025-06-12 12:41:00,85.4
2025-06-12 13:20:00,5.5
2025-06-12 22:06:00,87.7
2025-06-12 11:42:00,49.44888862615275
2025-06-12 01:50:00,53.1
2025-06-12 17:57:00,49.44888862615275
2025-06-12 01:06:00,49.44888862615275
2025-06-12 07:38:00,38.4
2025-06-12 21:04:00,39.8
2025-06-12 10:36:00,34.1
2025-06-12 09:18:00,55.1
2025-06-12 22:21:00,5.8
2025-06-12 11:53:00,51.3
2025-06-12 14:29:00,26.0
2025-06-12 06:12:00,98.2
2025-06-12 20:38:00,14.1
2025-06-12 10:44:00,49.4
2025-06-12 03:28:00,49.44888862615275
2025-06-12 07:56:00,98.0
2025-06-12 00:11:00,86.1
2025-06-12 11:20:00,83.4
2025-06-12 17:33:00,49.44888862615275
2025-06-12 03:02:00,49.44888862615275
2025-06-12 12:06:00,49.44888862615275
2025-06-12 19:37:00,61.3
2025-06-12 03:17:00,26.8
2025-06-12 00:49:00,60.1
2025-06-12 14:00:00,3.2
2025-06-12 21:01:00,64.9
2025-06-12 14:37:00,77.3
2025-06-12 00:53:00,49.44888862615275
2025-06-12 19:55:00,22.9
2025-06-12 05:10:00,51.7
2025-06-12 12:10:00,49.44888862615275
2025-06-12 19:32:00,33.2
2025-06-12 12:10:00,9.0
2025-06-12 16:42:00,49.44888862615275
2025-06-12 12:50:00,74.9
2025-06-12 16:36:00,84.1
2025-06-12 22:55:00,95.4
2025-06-12 17:52:00,72.5
2025-06-12 10:06:00,70.6
2025-06-12 07:38:00,96.9
2025-06-12 03:25:00,58.7
2025-06-12 15:23:00,59.1
2025-06-12 22:26:00,34.5
2025-06-12 12:00:00,92.6
2025-06-12 15:26:00,91.5
2025-06-12 02:09:00,85.1
2025-06-12 01:06:00,57.1
2025-06-12 02:27:00,55.4
2025-06-12 22:45:00,76.1
2025-06-12 04:33:00,11.2
2025-06-12 14:42:00,87.7
2025-06-12 03:13:00,47.9
2025-06-12 08:49:00,8.0
2025-06-12 02:51:00,23.5
2025-06-12 05:17:00,84.4
2025-06-12 07:35:00,66.3
2025-06-12 11:04:00,92.9
2025-06-12 18:58:00,45.5
2025-06-12 09:51:00,98.6
2025-06-12 08:12:00,98.8
2025-06-12 14:42:00,19.2
2025-06-12 06:03:00,49.953150620754265
2025-06-12 00:04:00,16.0
2025-06-12 00:22:00,96.9
2025-06-12 21:40:00,49.953150620754265
2025-06-12 03:36:00,1.2
2025-06-12 11:39:00,64.0
2025-06-12 09:39:00,85.2
2025-06-12 05:41:00,62.4
2025-06-12 15:12:00,49.953150620754265
2025-06-12 22:51:00,31.8
2025-06-12 12:37:00,22.2
2025-06-12 02:06:00,47.4
2025-06-12 09:11:00,7.5
2025-06-12 19:24:00,35.7
2025-06-12 13:24:00,70.2
2025-06-12 19:36:00,77.4
2025-06-12 10:37:00,46.7
2025-06-12 05:54:00,49.953150620754265
2025-06-12 17:03:00,63.2
2025-06-12 22:14:00,39.9
2025-06-12 07:59:00,18.7
2025-06-12 10:24:00,23.6
2025-06-12 14:09:00,48.4
2025-06-12 03:38:00,63.8
2025-06-12 17:39:00,83.4
2025-06-12 01:19:00,49.953150620754265
2025-06-12 16:56:00,38.0
2025-06-12 18:23:00,24.6
2025-06-12 03:09:00,49.953150620754265
2025-06-12 07:32:00,57.5
2025-06-12 23:41:00,52.2
2025-06-12 14:03:00,32.5
2025-06-12 21:18:00,28.8
2025-06-12 12:13:00,74.6
2025-06-12 00:13:00,90.1
2025-06-12 03:38:00,49.953150620754265
2025-06-12 13:03:00,45.7
2025-06-12 03:09:00,49.953150620754265
2025-06-12 23:04:00,40.7
2025-06-12 23:14:00,71.4
2025-06-12 01:51:00,49.953150620754265
2025-06-12 07:06:00,49.953150620754265
2025-06-12 15:18:00,71.8
2025-06-12 20:00:00,94.7
2025-06-12 07:49:00,24.3
2025-06-12 05:50:00,1.9
2025-06-12 16:53:00,83.9
2025-06-12 20:50:00,36.0
2025-06-12 23:32:00,1.4
2025-06-12 06:47:00,87.2
2025-06-12 16:00:00,68.6
2025-06-12 00:33:00,73.7
2025-06-12 18:12:00,99.0
2025-06-12 01:17:00,98.2
2025-06-12 21:00:00,67.6
2025-06-12 08:32:00,30.6
2025-06-12 15:59:00,97.8
2025-06-12 20:25:00,26.8
2025-06-12 19:25:00,49.953150620754265
2025-06-12 18:32:00,1.5
2025-06-12 01:06:00,27.4
2025-06-12 16:37:00,99.5
2025-06-12 17:44:00,21.2
2025-06-12 22:30:00,61.1
2025-06-12 04:02:00,98.9
2025-06-12 23:41:00,49.953150620754265
2025-06-12 11:34:00,60.1
2025-06-12 12:58:00,53.0
2025-06-12 04:50:00,73.9
2025-06-12 18:40:00,74.7
2025-06-12 15:15:00,3.5
2025-06-12 05:19:00,18.5
2025-06-12 05:45:00,21.8
2025-06-12 18:10:00,77.3
2025-06-12 09:17:00,52.9
2025-06-12 15:37:00,6.8
2025-06-12 10:58:00,94.1
2025-06-12 23:31:00,76.8
2025-06-12 12:43:00,99.9
2025-06-12 13:56:00,13.9
2025-06-12 09:12:00,4.7
2025-06-12 12:32:00,93.0
2025-06-12 19:49:00,49.953150620754265
2025-06-12 22:41:00,14.5
2025-06-12 08:16:00,51.1
2025-06-12 00:41:00,82.8
2025-06-12 13:38:00,21.6
2025-06-12 08:19:00,91.5
2025-06-12 20:10:00,100.0
2025-06-12 05:03:00,16.1
2025-06-12 23:03:00,16.7
2025-06-12 03:48:00,68.9
2025-06-12 20:01:00,9.3
2025-06-12 19:06:00,82.0
2025-06-12 06:21:00,49.953150620754265
2025-06-12 17:43:00,91.8
2025-06-12 07:23:00,55.3
2025-06-12 12:07:00,94.0
2025-06-12 10:09:00,3.2
2025-06-12 10:08:00,49.953150620754265
2025-06-12 05:24:00,49.953150620754265
2025-06-12 03:24:00,58.6
2025-06-12 11:36:00,68.0
2025-06-12 06:23:00,78.5
2025-06-12 22:20:00,61.6
2025-06-12 07:19:00,49.953150620754265
2025-06-12 07:00:00,6.1
2025-06-12 16:44:00,15.9
2025-06-12 13:24:00,37.3
2025-06-12 07:58:00,24.1
2025-06-12 16:21:00,8.3
2025-06-12 10:38:00,49.953150620754265
2025-06-12 15:50:00,60.9
2025-06-12 13:45:00,20.0
2025-06-12 01:37:00,94.0
2025-06-12 00:36:00,71.1
2025-06-12 17:02:00,31.1
2025-06-12 02:00:00,92.8
2025-06-12 19:16:00,69.8
2025-06-12 01:21:00,12.8
2025-06-12 13:26:00,5.8
2025-06-12 22:13:00,7.1
2025-06-12 12:09:00,33.1
2025-06-12 09:34:00,49.953150620754265
2025-06-12 03:18:00,46.7
2025-06-12 19:40:00,62.2
2025-06-12 00:35:00,46.7
2025-06-12 06:30:00,85.4
2025-06-12 21:54:00,35.8
2025-06-12 09:36:00,49.953150620754265
2025-06-12 13:47:00,64.1
2025-06-12 21:59:00,6.0
2025-06-12 23:35:00,49.953150620754265
2025-06-12 08:28:00,24.8
2025-06-12 02:00:00,94.4
2025-06-12 01:22:00,47.9
2025-06-12 07:43:00,56.1
2025-06-12 01:16:00,12.0
2025-06-12 16:07:00,49.0
2025-06-12 19:27:00,8.6
2025-06-12 07:29:00,56.2
2025-06-12 19:15:00,49.953150620754265
2025-06-12 01:10:00,22.9
2025-06-12 06:52:00,7.8
2025-06-12 08:55:00,10.8
2025-06-12 14:14:00,21.9
2025-06-12 06:29:00,50.2
2025-06-12 04:49:00,77.6
2025-06-12 08:38:00,49.953150620754265
2025-06-12 13:41:00,82.7
2025-06-12 07:31:00,77.0
2025-06-12 01:48:00,45.8
2025-06-12 04:21:00,51.9
2025-06-12 07:30:00,19.5
2025-06-12 00:57:00,49.953150620754265
2025-06-12 10:01:00,93.3
2025-06-12 23:04:00,20.8
2025-06-12 19:55:00,56.1
2025-06-12 18:37:00,41.9
2025-06-12 23:09:00,57.1
2025-06-12 10:25:00,37.5
2025-06-12 08:02:00,53.4
2025-06-12 03:30:00,20.0
2025-06-12 19:32:00,54.4
2025-06-12 13:35:00,74.9
2025-06-12 03:18:00,24.5
2025-06-12 22:19:00,21.4
2025-06-12 15:00:00,7.7
2025-06-12 07:10:00,57.7
2025-06-12 14:31:00,53.1
2025-06-12 16:59:00,14.9
2025-06-12 12:57:00,49.953150620754265
2025-06-12 21:52:00,34.1
2025-06-12 18:12:00,49.953150620754265
2025-06-12 06:27:00,10.2
2025-06-12 10:48:00,49.953150620754265
2025-06-12 18:24:00,52.6
2025-06-12 06:36:00,33.9
2025-06-12 06:05:00,49.953150620754265
2025-06-12 21:14:00,15.0
2025-06-12 04:06:00,42.0
2025-06-12 09:27:00,56.3
2025-06-12 19:23:00,46.0
2025-06-12 01:26:00,76.0
2025-06-12 18:32:00,63.4
2025-06-12 04:12:00,68.2
2025-06-12 02:08:00,42.9
2025-06-12 12:55:00,21.2
2025-06-12 21:31:00,75.7
2025-06-12 15:38:00,49.953150620754265
2025-06-12 19:58:00,86.5
2025-06-12 14:02:00,92.6
2025-06-12 18:29:00,90.4
2025-06-12 00:28:00,77.0
2025-06-12 14:40:00,39.2
2025-06-12 13:21:00,0.6
2025-06-12 13:39:00,36.1
2025-06-12 22:23:00,79.8
2025-06-12 16:35:00,8.7
2025-06-12 20:28:00,49.953150620754265
2025-06-12 10:23:00,33.5
2025-06-12 01:27:00,49.953150620754265
2025-06-12 12:37:00,49.953150620754265
2025-06-12 05:35:00,82.8
2025-06-12 03:51:00,41.9
2025-06-12 22:14:00,70.6
2025-06-12 21:17:00,49.953150620754265
2025-06-12 06:58:00,75.0
2025-06-12 09:48:00,53.9
2025-06-12 21:25:00,49.953150620754265
2025-06-12 03:48:00,7.4
2025-06-12 00:35:00,78.9
2025-06-12 06:09:00,86.5
2025-06-12 21:17:00,68.3
2025-06-12 00:57:00,49.9
2025-06-12 20:23:00,56.1
2025-06-12 12:19:00,76.2
2025-06-12 11:53:00,59.8
2025-06-12 14:21:00,19.8
2025-06-12 17:22:00,93.2
2025-06-12 22:58:00,92.5
2025-06-12 00:39:00,50.1
2025-06-12 13:14:00,8.9
2025-06-12 01:11:00,66.1
2025-06-12 22:30:00,95.8
2025-06-12 07:32:00,87.6
2025-06-12 02:44:00,25.7
2025-06-12 14:36:00,77.6
2025-06-12 15:23:00,49.953150620754265
2025-06-12 22:43:00,49.953150620754265
2025-06-12 20:52:00,89.9
2025-06-12 04:47:00,49.953150620754265
2025-06-12 02:10:00,80.1
2025-06-12 05:42:00,49.953150620754265
2025-06-12 11:32:00,2.2
2025-06-12 07:26:00,8.2
2025-06-12 02:03:00,49.953150620754265
2025-06-12 05:15:00,26.4
2025-06-12 10:42:00,10.3
2025-06-12 14:09:00,49.953150620754265
2025-06-12 04:08:00,73.0
2025-06-12 03:09:00,44.8
2025-06-12 09:15:00,54.8
2025-06-12 15:13:00,52.6
2025-06-12 09:22:00,97.6
2025-06-12 05:08:00,76.9
2025-06-12 05:43:00,34.3
2025-06-12 18:18:00,55.8
2025-06-12 22:09:00,63.3
2025-06-12 16:40:00,49.953150620754265
2025-06-12 14:49:00,49.953150620754265
2025-06-12 19:19:00,15.4
2025-06-12 19:28:00,91.1
2025-06-12 03:52:00,6.9
2025-06-12 10:56:00,13.8
2025-06-12 05:30:00,28.1
2025-06-12 06:05:00,14.5
2025-06-12 09:52:00,13.3
2025-06-12 01:04:00,49.953150620754265
2025-06-12 06:57:00,2.5
2025-06-12 02:17:00,49.953150620754265
2025-06-12 01:21:00,49.953150620754265
2025-06-12 07:16:00,64.4
2025-06-12 14:24:00,79.8
2025-06-12 04:29:00,93.3
2025-06-12 07:22:00,40.3
2025-06-12 11:13:00,79.8
2025-06-12 17:45:00,77.7
2025-06-12 13:55:00,61.7
2025-06-12 04:30:00,52.1
2025-06-12 04:15:00,49.953150620754265
2025-06-12 04:38:00,69.0
2025-06-12 23:28:00,74.8
2025-06-12 05:47:00,46.2
2025-06-12 21:14:00,73.4
2025-06-12 02:42:00,27.6
2025-06-12 17:26:00,93.9
2025-06-12 07:56:00,14.5
2025-06-12 14:25:00,9.2
2025-06-12 06:53:00,27.1
2025-06-12 01:18:00,9.7
2025-06-12 07:13:00,49.953150620754265
2025-06-12 05:37:00,16.9
2025-06-12 21:49:00,16.5
2025-06-12 19:34:00,83.0
2025-06-12 06:42:00,49.953150620754265
2025-06-12 14:28:00,19.5
2025-06-12 02:34:00,21.5
2025-06-12 09:15:00,35.9
2025-06-12 07:20:00,1.1
2025-06-12 03:11:00,74.8
2025-06-12 08:47:00,1.7
2025-06-12 16:57:00,59.3
2025-06-12 00:18:00,20.1
2025-06-12 23:15:00,49.58899212042808
2025-06-12 17:14:00,6.3
2025-06-12 00:09:00,49.58899212042808
2025-06-12 17:55:00,45.9
2025-06-12 21:38:00,73.6
2025-06-12 09:18:00,34.0
2025-06-12 05:12:00,40.6
2025-06-12 13:03:00,3.4
2025-06-12 03:36:00,5.0
2025-06-12 00:20:00,39.7
2025-06-12 06:29:00,49.58899212042808
2025-06-12 12:00:00,26.4
2025-06-12 02:58:00,74.1
2025-06-12 06:45:00,10.0
2025-06-12 20:26:00,29.6
2025-06-12 04:43:00,87.2
2025-06-12 03:27:00,49.9
2025-06-12 09:48:00,63.1
2025-06-12 19:00:00,49.58899212042808
2025-06-12 01:33:00,29.5
2025-06-12 18:25:00,49.58899212042808
2025-06-12 08:02:00,25.1
2025-06-12 02:54:00,65.6
2025-06-12 11:38:00,6.3
2025-06-12 02:40:00,81.1
2025-06-12 04:30:00,67.9
2025-06-12 10:24:00,49.58899212042808
2025-06-12 13:55:00,24.8
2025-06-12 08:47:00,49.58899212042808
2025-06-12 01:37:00,43.6
2025-06-12 09:08:00,7.0
2025-06-12 23:50:00,98.5
2025-06-12 19:56:00,98.4
2025-06-12 01:47:00,76.6
2025-06-12 13:12:00,39.6
2025-06-12 18:08:00,45.6
2025-06-12 11:06:00,38.5
2025-06-12 14:38:00,49.58899212042808
2025-06-12 22:50:00,9.3
2025-06-12 08:30:00,65.5
2025-06-12 01:53:00,49.58899212042808
2025-06-12 00:55:00,57.1
2025-06-12 23:33:00,71.5
2025-06-12 11:24:00,73.9
2025-06-12 15:09:00,85.2
2025-06-12 17:30:00,21.9
2025-06-12 01:23:00,35.9
2025-06-12 20:01:00,72.9
2025-06-12 07:33:00,15.5
2025-06-12 05:09:00,49.58899212042808
2025-06-12 06:52:00,11.4
2025-06-12 08:16:00,59.4
2025-06-12 16:35:00,49.58899212042808
2025-06-12 09:14:00,50.9
2025-06-12 23:09:00,47.7
2025-06-12 10:49:00,74.3
2025-06-12 09:33:00,31.8
2025-06-12 07:54:00,80.8
2025-06-12 08:39:00,34.1
2025-06-12 02:03:00,72.7
2025-06-12 18:33:00,70.1
2025-06-12 10:20:00,91.6
2025-06-12 10:27:00,86.6
2025-06-12 06:56:00,68.2
2025-06-12 11:33:00,40.8
2025-06-12 07:12:00,45.9
2025-06-12 05:28:00,52.8
2025-06-12 12:47:00,45.3
2025-06-12 01:39:00,96.5
2025-06-12 10:59:00,79.6
2025-06-12 20:45:00,19.2
2025-06-12 03:50:00,49.58899212042808
2025-06-12 14:37:00,44.3
2025-06-12 10:49:00,66.6
2025-06-12 11:07:00,49.58899212042808
2025-06-12 01:55:00,99.3
2025-06-12 10:02:00,85.0
2025-06-12 07:19:00,81.1
2025-06-12 00:57:00,83.6
2025-06-12 10:46:00,53.9
2025-06-12 09:30:00,49.8
2025-06-12 15:32:00,83.5
2025-06-12 01:50:00,32.4
2025-06-12 11:35:00,20.6
2025-06-12 07:29:00,44.1
2025-06-12 22:47:00,97.8
2025-06-12 23:19:00,24.4
2025-06-12 09:02:00,42.5
2025-06-12 19:47:00,49.58899212042808
2025-06-12 17:11:00,49.58899212042808
2025-06-12 01:38:00,8.7
2025-06-12 02:09:00,3.9
2025-06-12 06:08:00,61.2
2025-06-12 08:53:00,49.58899212042808
2025-06-12 18:19:00,99.6
2025-06-12 16:55:00,25.2
2025-06-12 23:45:00,24.8
2025-06-12 17:33:00,20.4
2025-06-12 21:51:00,66.4
2025-06-12 23:38:00,49.58899212042808
2025-06-12 14:05:00,68.2
2025-06-12 20:05:00,49.58899212042808
2025-06-12 16:30:00,84.5
2025-06-12 16:03:00,32.6
2025-06-12 04:50:00,12.4
2025-06-12 04:30:00,49.58899212042808
2025-06-12 08:09:00,26.4
2025-06-12 22:07:00,49.58899212042808
2025-06-12 02:58:00,49.58899212042808
2025-06-12 04:42:00,30.2
2025-06-12 08:00:00,36.5
2025-06-12 09:22:00,99.7
2025-06-12 17:37:00,28.7
2025-06-12 21:58:00,68.8
2025-06-12 20:37:00,35.6
2025-06-12 21:07:00,66.9
2025-06-12 09:39:00,74.8
2025-06-12 18:32:00,86.5
2025-06-12 19:56:00,66.6
2025-06-12 16:03:00,59.6
2025-06-12 13:18:00,29.1
2025-06-12 06:42:00,89.9
2025-06-12 17:04:00,76.8
2025-06-12 01:15:00,16.2
2025-06-12 07:59:00,59.5
2025-06-12 08:20:00,21.5
2025-06-12 04:49:00,74.5
2025-06-12 09:44:00,34.4
2025-06-12 00:25:00,76.6
2025-06-12 01:24:00,49.58899212042808
2025-06-12 00:59:00,49.58899212042808
2025-06-12 18:05:00,1.1
2025-06-12 21:19:00,49.58899212042808
2025-06-12 18:26:00,73.1
2025-06-12 07:24:00,62.0
2025-06-12 14:15:00,18.4
2025-06-12 14:49:00,0.1
2025-06-12 04:06:00,71.7
2025-06-12 11:55:00,49.0
2025-06-12 16:17:00,84.5
2025-06-12 16:41:00,57.5
2025-06-12 06:19:00,43.6
2025-06-12 18:47:00,97.1
2025-06-12 14:43:00,28.9
2025-06-12 13:48:00,11.8
2025-06-12 16:13:00,78.6
2025-06-12 23:12:00,49.58899212042808
2025-06-12 23:55:00,48.9
2025-06-12 17:42:00,17.5
2025-06-12 19:38:00,75.4
2025-06-12 05:13:00,58.5
2025-06-12 19:03:00,95.1
2025-06-12 16:40:00,55.3
2025-06-12 21:42:00,46.2
2025-06-12 23:35:00,40.1
2025-06-12 19:43:00,35.2
2025-06-12 09:40:00,16.6
2025-06-12 17:47:00,51.6
2025-06-12 19:00:00,41.8
2025-06-12 14:29:00,96.0
2025-06-12 22:36:00,49.58899212042808
2025-06-12 14:33:00,12.8
2025-06-12 10:04:00,79.5
2025-06-12 07:50:00,80.0
2025-06-12 12:07:00,93.2
2025-06-12 04:58:00,49.58899212042808
2025-06-12 22:03:00,28.6
2025-06-12 03:16:00,19.6
2025-06-12 23:08:00,83.8
2025-06-12 15:08:00,89.9
2025-06-12 16:20:00,57.5
2025-06-12 02:07:00,86.4
2025-06-12 20:39:00,71.8
2025-06-12 02:06:00,6.9
2025-06-12 13:21:00,62.8
2025-06-12 20:12:00,92.2
2025-06-12 17:05:00,37.2
2025-06-12 07:04:00,51.6
2025-06-12 18:20:00,13.0
2025-06-12 17:06:00,71.8
2025-06-12 02:57:00,58.7
2025-06-12 01:15:00,49.58899212042808
2025-06-12 18:13:00,49.58899212042808
2025-06-12 08:55:00,97.3
2025-06-12 07:49:00,88.5
2025-06-12 12:33:00,75.6
2025-06-12 23:00:00,49.58899212042808
2025-06-12 17:51:00,37.0
2025-06-12 22:14:00,63.9
2025-06-12 21:35:00,11.1
2025-06-12 05:03:00,33.9
2025-06-12 17:15:00,22.1
2025-06-12 21:28:00,49.58899212042808
2025-06-12 14:22:00,68.8
2025-06-12 10:00:00,47.7
2025-06-12 13:37:00,93.9
2025-06-12 01:20:00,20.2
2025-06-12 22:41:00,92.4
2025-06-12 08:40:00,3.4
2025-06-12 08:30:00,71.3
2025-06-12 05:53:00,27.6
2025-06-12 16:37:00,64.8
2025-06-12 11:49:00,96.7
2025-06-12 10:52:00,100.0
2025-06-12 03:37:00,49.58899212042808
2025-06-12 05:12:00,82.7
2025-06-12 23:27:00,49.58899212042808
2025-06-12 03:07:00,35.2
2025-06-12 21:23:00,1.9
2025-06-12 16:51:00,7.0
2025-06-12 18:39:00,81.2
2025-06-12 23:51:00,9.3
2025-06-12 00:17:00,82.2
2025-06-12 14:40:00,19.0
2025-06-12 17:42:00,35.5
2025-06-12 02:36:00,93.4
2025-06-12 07:42:00,49.58899212042808
2025-06-12 07:20:00,6.8
2025-06-12 19:08:00,22.9
2025-06-12 16:43:00,84.2
2025-06-12 17:08:00,3.2
2025-06-12 16:42:00,45.4
2025-06-12 07:41:00,23.6
2025-06-12 18:48:00,72.3
2025-06-12 06:39:00,52.8
2025-06-12 01:58:00,78.8
2025-06-12 18:53:00,30.3
2025-06-12 17:42:00,2.7
2025-06-12 07:37:00,95.2
2025-06-12 17:50:00,49.58899212042808
2025-06-12 15:51:00,25.8
2025-06-12 04:32:00,41.7
2025-06-12 03:19:00,48.1
2025-06-12 23:53:00,56.1
2025-06-12 07:56:00,98.8
2025-06-12 06:02:00,25.8
2025-06-12 21:26:00,55.5
2025-06-12 15:07:00,49.58899212042808
2025-06-12 02:41:00,53.1
2025-06-12 10:27:00,49.58899212042808
2025-06-12 12:34:00,49.58899212042808
2025-06-12 00:28:00,40.6
2025-06-12 13:01:00,16.9
2025-06-12 07:54:00,92.2
2025-06-12 12:05:00,49.58899212042808
2025-06-12 01:51:00,97.5
2025-06-12 04:51:00,35.8
2025-06-12 15:19:00,70.6
2025-06-12 01:30:00,49.58899212042808
2025-06-12 05:10:00,60.8
2025-06-12 19:10:00,12.0
2025-06-12 00:29:00,95.7
2025-06-12 05:57:00,46.5
2025-06-12 22:14:00,58.4
2025-06-12 23:11:00,7.3
2025-06-12 21:37:00,61.8
2025-06-12 23:04:00,15.9
2025-06-12 21:26:00,11.0
2025-06-12 01:39:00,95.1
2025-06-12 17:02:00,41.9
2025-06-12 19:54:00,67.6
2025-06-12 00:31:00,89.9
2025-06-12 23:50:00,17.0
2025-06-12 19:11:00,49.58899212042808
2025-06-12 04:04:00,97.8
2025-06-12 18:04:00,83.1
2025-06-12 09:39:00,16.9
2025-06-12 03:05:00,49.58899212042808
2025-06-12 03:22:00,70.7
2025-06-12 05:53:00,45.5
2025-06-12 03:46:00,32.5
2025-06-12 16:17:00,49.58899212042808
2025-06-12 04:33:00,96.3
2025-06-12 01:21:00,23.1
2025-06-12 16:13:00,49.58899212042808
2025-06-12 11:15:00,43.0
2025-06-12 01:28:00,23.5
2025-06-12 16:35:00,49.58899212042808
2025-06-12 21:36:00,49.58899212042808
2025-06-12 20:50:00,65.8
2025-06-12 02:21:00,73.2
2025-06-12 02:25:00,85.9
2025-06-12 02:42:00,73.9
2025-06-12 19:53:00,97.3
2025-06-12 20:05:00,55.7
2025-06-12 19:10:00,2.5
2025-06-12 20:26:00,82.7
2025-06-12 02:08:00,4.0
2025-06-12 23:25:00,49.2
2025-06-12 21:53:00,20.2
2025-06-12 02:23:00,21.7
2025-06-12 22:05:00,65.5
2025-06-12 20:27:00,16.3
2025-06-12 08:35:00,26.7
2025-06-12 13:00:00,89.8
2025-06-12 06:41:00,11.1
2025-06-12 11:31:00,33.7
2025-06-12 10:41:00,92.7
2025-06-12 22:51:00,49.1
2025-06-12 00:10:00,86.9
2025-06-12 13:22:00,66.0
2025-06-12 03:38:00,49.58899212042808
2025-06-12 20:42:00,49.58899212042808
2025-06-12 00:14:00,26.7
2025-06-12 04:16:00,79.3
2025-06-12 19:20:00,67.8
2025-06-12 22:07:00,49.58899212042808
2025-06-12 13:31:00,79.9
2025-06-12 21:15:00,74.1
2025-06-12 19:39:00,38.7
2025-06-12 10:47:00,49.58899212042808
2025-06-12 01:11:00,60.7
2025-06-12 05:56:00,81.7
2025-06-12 02:57:00,78.6
2025-06-12 04:26:00,69.3
2025-06-12 11:26:00,32.2
2025-06-12 06:27:00,47.8
2025-06-12 22:42:00,25.1
2025-06-12 12:46:00,26.2
2025-06-12 22:24:00,23.3
2025-06-12 21:01:00,47.7
2025-06-12 13:39:00,15.8
2025-06-12 09:44:00,99.6
2025-06-12 20:33:00,14.5
2025-06-12 18:05:00,49.58899212042808
2025-06-12 06:49:00,59.2
2025-06-12 00:41:00,7.1
2025-06-12 23:34:00,92.0
2025-06-12 00:39:00,58.1
2025-06-12 21:52:00,89.0
2025-06-12 00:12:00,67.3
2025-06-12 20:26:00,18.4
2025-06-12 17:40:00,66.2
2025-06-12 21:40:00,37.9
2025-06-12 19:02:00,93.4
2025-06-12 08:28:00,90.6
2025-06-12 01:07:00,42.4
2025-06-12 01:20:00,13.7
2025-06-12 08:06:00,86.4
2025-06-12 08:00:00,49.58899212042808
2025-06-12 08:44:00,56.0
2025-06-12 11:07:00,27.1
2025-06-12 11:42:00,70.3
2025-06-12 06:06:00,83.3
2025-06-12 00:34:00,54.6
2025-06-12 04:51:00,66.2
2025-06-12 06:05:00,87.9
2025-06-12 02:16:00,20.6
2025-06-12 03:29:00,91.8
2025-06-12 17:08:00,32.4
2025-06-12 05:58:00,49.58899212042808
2025-06-12 19:36:00,24.2
2025-06-12 23:56:00,56.7
2025-06-12 10:21:00,24.5
2025-06-12 07:08:00,0.2
2025-06-12 19:50:00,61.0
2025-06-12 03:02:00,21.2
2025-06-12 07:05:00,58.2
2025-06-12 07:05:00,50.2977004785806
2025-06-12 20:58:00,88.1
2025-06-12 05:05:00,12.3
2025-06-12 09:49:00,50.2977004785806
2025-06-12 15:19:00,60.3
2025-06-12 14:30:00,71.4
2025-06-12 00:44:00,37.2
2025-06-12 21:24:00,37.9
2025-06-12 01:49:00,24.3
2025-06-12 23:46:00,60.7
2025-06-12 12:56:00,81.2
2025-06-12 21:52:00,65.8
2025-06-12 18:40:00,41.7
2025-06-12 05:08:00,37.0
2025-06-12 08:39:00,89.5
2025-06-12 02:27:00,97.8
2025-06-12 08:45:00,50.2977004785806
2025-06-12 10:38:00,20.6
2025-06-12 00:29:00,60.8
2025-06-12 10:57:00,17.7
2025-06-12 10:14:00,55.6
2025-06-12 23:44:00,80.5
2025-06-12 14:59:00,64.8
2025-06-12 22:53:00,45.3
2025-06-12 14:22:00,34.5
2025-06-12 19:23:00,60.2
2025-06-12 15:24:00,17.9
2025-06-12 05:00:00,22.8
2025-06-12 21:08:00,33.8
2025-06-12 11:15:00,75.4
2025-06-12 22:48:00,50.2977004785806
2025-06-12 09:56:00,50.2977004785806
2025-06-12 00:18:00,94.5
2025-06-12 22:17:00,68.7
2025-06-12 06:22:00,17.0
2025-06-12 21:55:00,61.4
2025-06-12 12:36:00,56.8
2025-06-12 18:51:00,50.2977004785806
2025-06-12 21:54:00,50.2977004785806
2025-06-12 23:49:00,28.2
2025-06-12 18:06:00,64.0
2025-06-12 22:46:00,55.5
2025-06-12 16:14:00,50.2977004785806
2025-06-12 05:20:00,77.9
2025-06-12 12:48:00,62.6
2025-06-12 03:07:00,10.8
2025-06-12 09:10:00,57.0
2025-06-12 13:07:00,72.6
2025-06-12 02:04:00,31.9
2025-06-12 09:44:00,66.7
2025-06-12 09:42:00,80.1
2025-06-12 16:13:00,50.2977004785806
2025-06-12 22:48:00,43.4
2025-06-12 19:49:00,35.2
2025-06-12 21:06:00,30.3
2025-06-12 08:43:00,20.4
2025-06-12 05:10:00,41.0
2025-06-12 05:09:00,46.6
2025-06-12 14:51:00,1.5
2025-06-12 14:09:00,32.1
2025-06-12 09:56:00,50.2977004785806
2025-06-12 18:00:00,92.7
2025-06-12 21:54:00,44.1
2025-06-12 20:05:00,18.7
2025-06-12 20:09:00,26.0
2025-06-12 08:13:00,49.8
2025-06-12 12:34:00,92.7
2025-06-12 23:10:00,50.2977004785806
2025-06-12 02:43:00,32.6
2025-06-12 01:19:00,74.6
2025-06-12 06:55:00,51.9
2025-06-12 08:35:00,99.8
2025-06-12 01:46:00,80.6
2025-06-12 03:37:00,65.8
2025-06-12 06:18:00,35.0
2025-06-12 19:31:00,2.6
2025-06-12 10:15:00,88.6
2025-06-12 12:17:00,50.3
2025-06-12 19:41:00,71.4
2025-06-12 13:09:00,11.7
2025-06-12 02:44:00,20.4
2025-06-12 21:16:00,98.7
2025-06-12 17:04:00,10.7
2025-06-12 07:14:00,71.1
2025-06-12 09:40:00,50.2977004785806
2025-06-12 14:10:00,64.3
2025-06-12 16:14:00,87.4
2025-06-12 17:53:00,50.2977004785806
2025-06-12 19:30:00,39.9
2025-06-12 20:02:00,92.7
2025-06-12 03:09:00,21.3
2025-06-12 01:05:00,94.6
2025-06-12 02:48:00,66.6
2025-06-12 18:32:00,38.6
2025-06-12 13:12:00,50.9
2025-06-12 06:59:00,1.1
2025-06-12 16:41:00,19.1
2025-06-12 14:17:00,65.3
2025-06-12 09:07:00,50.2977004785806
2025-06-12 10:46:00,38.0
2025-06-12 00:55:00,85.1
2025-06-12 20:44:00,1.8
2025-06-12 09:33:00,18.5
2025-06-12 09:54:00,61.9
2025-06-12 00:00:00,50.2977004785806
2025-06-12 12:35:00,77.8
2025-06-12 04:58:00,97.0
2025-06-12 12:06:00,69.1
2025-06-12 12:54:00,50.2977004785806
2025-06-12 03:46:00,60.9
2025-06-12 11:57:00,99.1
2025-06-12 10:20:00,35.1
2025-06-12 18:14:00,2.1
2025-06-12 03:16:00,11.8
2025-06-12 03:28:00,66.5
2025-06-12 07:26:00,2.7
2025-06-12 02:58:00,73.0
2025-06-12 13:12:00,48.9
2025-06-12 10:57:00,42.8
2025-06-12 08:12:00,29.4
2025-06-12 16:34:00,82.3
2025-06-12 11:01:00,50.2977004785806
2025-06-12 18:49:00,93.3
2025-06-12 03:36:00,29.8
2025-06-12 03:13:00,62.7
2025-06-12 06:20:00,50.2977004785806
2025-06-12 02:22:00,13.6
2025-06-12 06:23:00,64.7
2025-06-12 14:41:00,93.8
2025-06-12 01:29:00,10.5
2025-06-12 21:09:00,11.9
2025-06-12 11:05:00,73.9
2025-06-12 19:06:00,27.2
2025-06-12 23:03:00,9.9
2025-06-12 17:00:00,43.2
2025-06-12 04:30:00,0.4
2025-06-12 22:12:00,40.1
2025-06-12 00:42:00,28.9
2025-06-12 07:42:00,37.2
2025-06-12 01:29:00,81.3
2025-06-12 18:57:00,47.5
2025-06-12 00:51:00,50.2977004785806
2025-06-12 06:57:00,16.9
2025-06-12 12:52:00,51.7
2025-06-12 00:20:00,73.5
2025-06-12 06:53:00,89.0
2025-06-12 06:40:00,62.7
2025-06-12 23:14:00,98.2
2025-06-12 15:12:00,82.6
2025-06-12 17:01:00,25.6
2025-06-12 21:58:00,10.2
2025-06-12 12:02:00,98.5
2025-06-12 16:31:00,34.5
2025-06-12 02:36:00,70.3
2025-06-12 05:08:00,50.2977004785806
2025-06-12 19:48:00,70.9
2025-06-12 04:41:00,32.0
2025-06-12 03:03:00,90.8
2025-06-12 17:33:00,14.5
2025-06-12 16:39:00,98.2
2025-06-12 02:05:00,19.6
2025-06-12 01:22:00,68.6
2025-06-12 13:05:00,11.4
2025-06-12 09:09:00,36.6
2025-06-12 19:22:00,11.8
2025-06-12 20:34:00,61.4
2025-06-12 11:18:00,61.8
2025-06-12 16:47:00,35.2
2025-06-12 10:07:00,90.4
2025-06-12 13:42:00,99.7
2025-06-12 16:04:00,3.8
2025-06-12 06:10:00,95.0
2025-06-12 01:19:00,82.3
2025-06-12 15:11:00,96.1
2025-06-12 21:10:00,50.2977004785806
2025-06-12 15:02:00,65.0
2025-06-12 09:22:00,9.7
2025-06-12 23:39:00,50.2977004785806
2025-06-12 03:32:00,50.2977004785806
2025-06-12 23:57:00,91.6
2025-06-12 10:06:00,79.8
2025-06-12 04:50:00,65.9
2025-06-12 00:49:00,58.6
2025-06-12 22:02:00,98.2
2025-06-12 15:47:00,92.5
2025-06-12 00:19:00,13.2
2025-06-12 09:00:00,68.7
2025-06-12 01:54:00,54.2
2025-06-12 09:32:00,50.2977004785806
2025-06-12 22:07:00,50.2977004785806
2025-06-12 23:28:00,7.4
2025-06-12 22:41:00,78.2
2025-06-12 11:57:00,31.1
2025-06-12 14:52:00,84.0
2025-06-12 03:04:00,37.7
2025-06-12 18:21:00,93.6
2025-06-12 13:44:00,16.3
2025-06-12 21:15:00,5.0
2025-06-12 14:11:00,21.0
2025-06-12 23:22:00,30.1
2025-06-12 17:24:00,4.9
2025-06-12 08:16:00,72.6
2025-06-12 04:22:00,50.2977004785806
2025-06-12 21:50:00,59.0
2025-06-12 12:28:00,61.4
2025-06-12 06:45:00,50.2977004785806
2025-06-12 15:21:00,58.8
2025-06-12 11:47:00,50.2977004785806
2025-06-12 17:22:00,82.4
2025-06-12 20:09:00,63.3
2025-06-12 17:36:00,57.6
2025-06-12 03:14:00,48.4
2025-06-12 20:15:00,23.8
2025-06-12 00:40:00,47.2
2025-06-12 01:12:00,95.2
2025-06-12 15:22:00,65.8
2025-06-12 16:54:00,94.8
2025-06-12 00:13:00,14.4
2025-06-12 23:44:00,50.2977004785806
2025-06-12 10:51:00,11.1
2025-06-12 22:20:00,96.1
2025-06-12 05:19:00,36.6
2025-06-12 13:27:00,30.3
2025-06-12 13:21:00,50.2977004785806
2025-06-12 03:43:00,50.2977004785806
2025-06-12 10:15:00,41.1
2025-06-12 06:11:00,91.2
2025-06-12 19:19:00,6.0
2025-06-12 16:23:00,26.6
2025-06-12 10:46:00,85.1
2025-06-12 08:10:00,40.1
2025-06-12 00:04:00,28.5
2025-06-12 07:04:00,45.3
2025-06-12 01:47:00,73.1
2025-06-12 08:05:00,50.2977004785806
2025-06-12 08:06:00,50.2977004785806
2025-06-12 07:20:00,97.8
2025-06-12 16:46:00,14.8
2025-06-12 15:48:00,73.8
2025-06-12 02:32:00,75.4
2025-06-12 22:17:00,7.2
2025-06-12 01:25:00,8.1
2025-06-12 06:33:00,0.6
2025-06-12 06:08:00,69.5
2025-06-12 07:51:00,2.7
2025-06-12 21:08:00,75.5
2025-06-12 23:24:00,98.4
2025-06-12 16:01:00,50.2977004785806
2025-06-12 04:21:00,82.1
2025-06-12 20:43:00,76.2
2025-06-12 12:41:00,6.3
2025-06-12 09:38:00,12.9
2025-06-12 00:59:00,12.5
2025-06-12 17:15:00,50.2977004785806
2025-06-12 00:35:00,73.4
2025-06-12 12:26:00,52.8
2025-06-12 21:37:00,50.2977004785806
2025-06-12 06:35:00,50.2977004785806
2025-06-12 19:58:00,40.1
2025-06-12 12:26:00,58.4
2025-06-12 11:20:00,22.1
2025-06-12 21:19:00,58.6
2025-06-12 09:03:00,94.8
2025-06-12 17:15:00,76.9
2025-06-12 01:59:00,30.6
2025-06-12 13:16:00,50.2977004785806
2025-06-12 18:48:00,28.9
2025-06-12 17:21:00,83.5
2025-06-12 00:33:00,97.6
2025-06-12 06:19:00,32.9
2025-06-12 23:55:00,15.2
2025-06-12 15:15:00,75.8
2025-06-12 12:05:00,60.7
2025-06-12 02:38:00,14.5
2025-06-12 21:39:00,50.2977004785806
2025-06-12 12:16:00,8.7
2025-06-12 21:04:00,69.4
2025-06-12 13:15:00,79.3
2025-06-12 22:28:00,43.3
2025-06-12 23:24:00,70.0
2025-06-12 04:12:00,39.0
2025-06-12 16:37:00,92.4
2025-06-12 20:56:00,98.2
2025-06-12 23:32:00,50.2977004785806
2025-06-12 20:37:00,94.3
2025-06-12 23:32:00,59.6
2025-06-12 02:35:00,2.2
2025-06-12 07:15:00,80.1
2025-06-12 03:38:00,75.4
2025-06-12 00:57:00,51.2
2025-06-12 19:57:00,14.5
2025-06-12 11:03:00,55.7
2025-06-12 18:44:00,81.5
2025-06-12 00:53:00,25.9
2025-06-12 13:06:00,74.6
2025-06-12 19:19:00,50.2977004785806
2025-06-12 11:30:00,5.0
2025-06-12 07:31:00,17.7
2025-06-12 00:28:00,3.1
2025-06-12 20:40:00,76.5
2025-06-12 21:26:00,50.2977004785806
2025-06-12 06:57:00,98.3
2025-06-12 11:25:00,28.7
2025-06-12 07:19:00,50.2977004785806
2025-06-12 14:16:00,43.3
2025-06-12 21:46:00,8.8
2025-06-12 05:08:00,46.9
2025-06-12 02:07:00,28.1
2025-06-12 02:19:00,16.4
2025-06-12 07:00:00,50.2977004785806
2025-06-12 07:04:00,51.1
2025-06-12 17:08:00,24.2
2025-06-12 17:40:00,8.9
2025-06-12 22:30:00,13.1
2025-06-12 08:24:00,60.1
2025-06-12 08:46:00,22.0
2025-06-12 13:08:00,50.2977004785806
2025-06-12 18:24:00,48.0
2025-06-12 07:23:00,50.2977004785806
2025-06-12 02:26:00,18.3
2025-06-12 13:23:00,32.8
2025-06-12 09:03:00,98.7
2025-06-12 06:20:00,44.8
2025-06-12 09:30:00,46.7
2025-06-12 10:22:00,92.7
2025-06-12 03:57:00,50.2977004785806
2025-06-12 01:04:00,49.82536769031651
2025-06-12 08:03:00,86.6
2025-06-12 21:08:00,9.3
2025-06-12 10:01:00,89.9
2025-06-12 20:53:00,2.3
2025-06-12 18:15:00,51.9
2025-06-12 05:11:00,54.0
2025-06-12 18:18:00,50.1
2025-06-12 12:01:00,59.9
2025-06-12 14:50:00,60.9
2025-06-12 08:19:00,70.1
2025-06-12 09:58:00,49.82536769031651
2025-06-12 01:46:00,58.9
2025-06-12 02:01:00,87.5
2025-06-12 01:59:00,33.7
2025-06-12 01:09:00,98.8
2025-06-12 23:35:00,49.82536769031651
2025-06-12 21:53:00,43.0
2025-06-12 02:39:00,34.7
2025-06-12 13:13:00,77.7
2025-06-12 18:52:00,47.0
2025-06-12 16:39:00,49.82536769031651
2025-06-12 18:51:00,78.7
2025-06-12 12:11:00,40.4
2025-06-12 09:55:00,62.2
2025-06-12 13:19:00,44.2
2025-06-12 07:51:00,86.9
2025-06-12 19:32:00,41.1
2025-06-12 10:59:00,49.82536769031651
2025-06-12 08:21:00,62.2
2025-06-12 05:01:00,92.3
2025-06-12 03:50:00,0.8
2025-06-12 07:53:00,66.3
2025-06-12 11:08:00,87.4
2025-06-12 07:02:00,18.9
2025-06-12 03:25:00,49.82536769031651
2025-06-12 23:22:00,74.3
2025-06-12 19:00:00,13.8
2025-06-12 06:07:00,40.1
2025-06-12 12:40:00,72.8
2025-06-12 18:50:00,47.2
2025-06-12 04:30:00,8.2
2025-06-12 06:03:00,83.3
2025-06-12 02:19:00,49.82536769031651
2025-06-12 10:13:00,12.8
2025-06-12 18:34:00,55.9
2025-06-12 15:01:00,49.82536769031651
2025-06-12 02:05:00,34.6
2025-06-12 18:20:00,52.2
2025-06-12 21:39:00,64.6
2025-06-12 20:39:00,25.3
2025-06-12 21:12:00,44.3
2025-06-12 08:53:00,98.9
2025-06-12 18:43:00,81.4
2025-06-12 15:21:00,44.3
2025-06-12 05:39:00,93.5
2025-06-12 18:20:00,22.6
2025-06-12 14:13:00,7.3
2025-06-12 15:17:00,88.7
2025-06-12 07:18:00,14.8
2025-06-12 10:59:00,84.5
2025-06-12 08:03:00,77.3
2025-06-12 20:27:00,26.1
2025-06-12 12:02:00,5.1
2025-06-12 08:34:00,88.8
2025-06-12 01:37:00,49.82536769031651
2025-06-12 21:42:00,49.82536769031651
2025-06-12 10:09:00,1.8
2025-06-12 23:02:00,77.6
2025-06-12 00:38:00,7.4
2025-06-12 23:04:00,15.8
2025-06-12 08:20:00,70.7
2025-06-12 09:53:00,58.7
2025-06-12 20:27:00,72.9
2025-06-12 12:39:00,89.3
2025-06-12 14:07:00,82.9
2025-06-12 13:08:00,17.0
2025-06-12 09:03:00,62.1
2025-06-12 14:25:00,82.8
2025-06-12 07:30:00,54.8
2025-06-12 05:19:00,47.2
2025-06-12 22:34:00,11.6
2025-06-12 01:12:00,49.82536769031651
2025-06-12 03:17:00,81.2
2025-06-12 23:56:00,40.2
2025-06-12 08:51:00,34.2
2025-06-12 19:22:00,55.0
2025-06-12 00:10:00,3.5
2025-06-12 17:42:00,19.8
2025-06-12 09:48:00,78.8
2025-06-12 05:36:00,37.3
2025-06-12 02:05:00,72.1
2025-06-12 05:46:00,52.1
2025-06-12 22:57:00,96.0
2025-06-12 15:56:00,90.6
2025-06-12 02:13:00,21.1
2025-06-12 01:18:00,83.8
2025-06-12 21:54:00,64.3
2025-06-12 09:15:00,72.5
2025-06-12 05:47:00,86.2
2025-06-12 16:24:00,12.0
2025-06-12 20:16:00,49.82536769031651
2025-06-12 23:16:00,21.4
2025-06-12 14:01:00,38.5
2025-06-12 08:35:00,7.3
2025-06-12 01:10:00,91.6
2025-06-12 12:29:00,2.5
2025-06-12 23:22:00,98.8
2025-06-12 00:44:00,8.4
2025-06-12 04:28:00,68.4
2025-06-12 01:50:00,53.0
2025-06-12 07:22:00,49.82536769031651
2025-06-12 19:31:00,36.8
2025-06-12 18:59:00,49.82536769031651
2025-06-12 16:31:00,49.82536769031651
2025-06-12 16:32:00,30.5
2025-06-12 08:18:00,89.1
2025-06-12 11:19:00,47.8
2025-06-12 23:28:00,76.6
2025-06-12 05:57:00,1.5
2025-06-12 20:08:00,49.82536769031651
2025-06-12 21:55:00,4.0
2025-06-12 00:01:00,35.4
2025-06-12 00:24:00,65.9
2025-06-12 13:49:00,49.82536769031651
2025-06-12 08:44:00,16.5
2025-06-12 20:44:00,49.82536769031651
2025-06-12 10:23:00,77.0
2025-06-12 09:16:00,67.1
2025-06-12 00:18:00,51.9
2025-06-12 15:16:00,22.9
2025-06-12 18:57:00,13.4
2025-06-12 22:55:00,38.1
2025-06-12 09:13:00,97.3
2025-06-12 07:41:00,92.9
2025-06-12 01:35:00,61.6
2025-06-12 16:55:00,49.82536769031651
2025-06-12 16:04:00,42.2
2025-06-12 14:48:00,4.5
2025-06-12 08:40:00,65.0
2025-06-12 23:04:00,59.6
2025-06-12 22:16:00,67.6
2025-06-12 01:49:00,49.82536769031651
2025-06-12 09:46:00,2.8
2025-06-12 06:44:00,96.8
2025-06-12 03:41:00,30.4
2025-06-12 22:41:00,76.6
2025-06-12 13:46:00,92.4
2025-06-12 03:43:00,21.6
2025-06-12 22:26:00,65.4
2025-06-12 18:59:00,66.5
2025-06-12 23:26:00,6.8
2025-06-12 17:16:00,49.82536769031651
2025-06-12 12:42:00,15.6
2025-06-12 19:29:00,68.9
2025-06-12 06:55:00,49.82536769031651
2025-06-12 15:21:00,85.6
2025-06-12 19:25:00,68.4
2025-06-12 02:36:00,0.8
2025-06-12 05:31:00,11.5
2025-06-12 02:34:00,70.7
2025-06-12 11:26:00,60.9
2025-06-12 19:13:00,49.82536769031651
2025-06-12 04:20:00,49.82536769031651
2025-06-12 18:48:00,8.7
2025-06-12 20:07:00,59.1
2025-06-12 06:26:00,44.5
2025-06-12 07:22:00,75.9
2025-06-12 16:23:00,92.8
2025-06-12 17:43:00,49.82536769031651
2025-06-12 17:17:00,31.0
2025-06-12 19:10:00,49.82536769031651
2025-06-12 23:53:00,49.82536769031651
2025-06-12 07:43:00,90.3
2025-06-12 14:57:00,98.9
2025-06-12 07:34:00,75.8
2025-06-12 08:50:00,37.6
2025-06-12 08:05:00,23.6
2025-06-12 20:12:00,75.9
2025-06-12 20:09:00,49.82536769031651
2025-06-12 15:08:00,82.6
2025-06-12 16:12:00,32.9
2025-06-12 15:12:00,37.3
2025-06-12 05:19:00,49.82536769031651
2025-06-12 16:32:00,52.9
2025-06-12 20:10:00,61.5
2025-06-12 19:35:00,27.4
2025-06-12 13:16:00,12.1
2025-06-12 04:00:00,40.7
2025-06-12 18:33:00,6.3
2025-06-12 06:19:00,89.3
2025-06-12 15:56:00,27.4
2025-06-12 15:01:00,98.3
2025-06-12 07:36:00,93.7
2025-06-12 11:48:00,49.82536769031651
2025-06-12 17:31:00,99.9
2025-06-12 22:49:00,49.82536769031651
2025-06-12 11:19:00,49.82536769031651
2025-06-12 05:11:00,11.3
2025-06-12 08:48:00,4.3
2025-06-12 03:57:00,75.0
2025-06-12 00:16:00,21.7
2025-06-12 09:04:00,49.82536769031651
2025-06-12 01:15:00,72.5
2025-06-12 09:55:00,79.5
2025-06-12 08:27:00,96.1
2025-06-12 06:40:00,73.1
2025-06-12 14:19:00,20.4
2025-06-12 05:51:00,82.0
2025-06-12 03:21:00,44.2
2025-06-12 13:46:00,5.0
2025-06-12 20:20:00,48.7
2025-06-12 15:56:00,49.82536769031651
2025-06-12 06:12:00,55.4
2025-06-12 06:51:00,82.6
2025-06-12 18:38:00,18.6
2025-06-12 14:15:00,49.82536769031651
2025-06-12 21:38:00,23.6
2025-06-12 16:18:00,56.3
2025-06-12 13:41:00,95.7
2025-06-12 07:21:00,7.2
2025-06-12 22:09:00,79.5
2025-06-12 08:35:00,44.3
2025-06-12 11:23:00,74.0
2025-06-12 08:33:00,52.3
2025-06-12 08:21:00,74.0
2025-06-12 03:21:00,42.4
2025-06-12 05:47:00,86.6
2025-06-12 19:38:00,54.5
2025-06-12 02:54:00,4.0
2025-06-12 19:21:00,74.5
2025-06-12 02:08:00,46.5
2025-06-12 10:35:00,14.2
2025-06-12 12:00:00,96.4
2025-06-12 03:18:00,29.5
2025-06-12 04:38:00,40.9
2025-06-12 15:51:00,93.3
2025-06-12 10:23:00,18.0
2025-06-12 00:09:00,96.1
2025-06-12 17:32:00,65.6
2025-06-12 18:46:00,74.3
2025-06-12 00:03:00,35.7
2025-06-12 16:33:00,49.0
2025-06-12 21:12:00,49.82536769031651
2025-06-12 05:14:00,77.2
2025-06-12 14:23:00,84.2
2025-06-12 11:49:00,73.3
2025-06-12 11:45:00,3.5
2025-06-12 16:12:00,50.9
2025-06-12 17:05:00,89.3
2025-06-12 16:32:00,8.5
2025-06-12 01:26:00,50.9
2025-06-12 16:28:00,7.7
2025-06-12 13:47:00,45.7
2025-06-12 12:35:00,19.2
2025-06-12 08:41:00,19.6
2025-06-12 22:32:00,49.82536769031651
2025-06-12 22:57:00,54.9
2025-06-12 15:59:00,49.82536769031651
2025-06-12 11:07:00,5.8
2025-06-12 07:55:00,39.3
2025-06-12 17:56:00,37.7
2025-06-12 00:55:00,75.8
2025-06-12 13:16:00,32.2
2025-06-12 18:52:00,49.82536769031651
2025-06-12 10:29:00,71.9
2025-06-12 12:44:00,49.3
2025-06-12 22:06:00,95.4
2025-06-12 12:08:00,27.3
2025-06-12 03:38:00,58.4
2025-06-12 18:08:00,24.0
2025-06-12 11:28:00,18.4
2025-06-12 17:20:00,61.3
2025-06-12 09:28:00,49.82536769031651
2025-06-12 21:53:00,25.1
2025-06-12 11:58:00,76.0
2025-06-12 15:54:00,45.4
2025-06-12 03:19:00,49.82536769031651
2025-06-12 15:21:00,49.82536769031651
2025-06-12 11:22:00,85.0
2025-06-12 09:25:00,32.5
2025-06-12 08:54:00,62.0
2025-06-12 10:23:00,27.7
2025-06-12 03:26:00,59.5
2025-06-12 00:44:00,65.8
2025-06-12 10:25:00,76.4
2025-06-12 08:28:00,93.9
2025-06-12 14:43:00,32.4
2025-06-12 01:19:00,48.7
2025-06-12 19:47:00,34.2
2025-06-12 17:06:00,82.8
2025-06-12 04:02:00,49.82536769031651
2025-06-12 07:56:00,6.3
2025-06-12 11:54:00,32.6
2025-06-12 22:19:00,26.7
2025-06-12 08:36:00,27.2
2025-06-12 12:47:00,38.2
2025-06-12 13:22:00,81.9
2025-06-12 21:17:00,93.8
2025-06-12 16:08:00,92.7
2025-06-12 12:45:00,97.3
2025-06-12 10:45:00,75.8
2025-06-12 06:40:00,49.82536769031651
2025-06-12 10:07:00,75.5
2025-06-12 14:31:00,25.0
2025-06-12 14:32:00,73.7
2025-06-12 07:15:00,90.3
2025-06-12 15:08:00,1.2
2025-06-12 20:41:00,84.1
2025-06-12 13:16:00,69.4
2025-06-12 05:55:00,36.1
2025-06-12 05:58:00,6.3
2025-06-12 10:14:00,98.1
2025-06-12 09:04:00,63.7
2025-06-12 17:21:00,34.3
2025-06-12 05:11:00,95.6
2025-06-12 12:24:00,8.0
2025-06-12 06:15:00,86.5
2025-06-12 17:23:00,67.8
2025-06-12 23:31:00,20.8
2025-06-12 02:30:00,25.9
2025-06-12 04:35:00,71.6
2025-06-12 04:51:00,59.9
2025-06-12 18:21:00,67.1
2025-06-12 11:01:00,77.0
2025-06-12 14:12:00,59.5
2025-06-12 23:34:00,49.82536769031651
2025-06-12 00:13:00,49.82536769031651
2025-06-12 23:38:00,94.0
2025-06-12 10:42:00,43.1
2025-06-12 23:50:00,50.7
2025-06-12 04:21:00,17.5
2025-06-12 15:21:00,16.5
2025-06-12 18:41:00,98.2
2025-06-12 16:45:00,45.5
2025-06-12 03:10:00,49.82536769031651
2025-06-12 21:08:00,49.82536769031651
2025-06-12 12:05:00,17.2
2025-06-12 00:46:00,35.4
2025-06-12 09:24:00,7.7
2025-06-12 23:29:00,50.10362276498773
2025-06-12 18:34:00,72.7
2025-06-12 06:39:00,60.8
2025-06-12 05:37:00,88.7
2025-06-12 13:07:00,69.3
2025-06-12 21:45:00,70.4
2025-06-12 13:32:00,81.6
2025-06-12 02:58:00,89.3
2025-06-12 01:44:00,96.6
2025-06-12 20:50:00,50.10362276498773
2025-06-12 02:30:00,7.1
2025-06-12 13:05:00,22.4
2025-06-12 14:45:00,72.6
2025-06-12 21:46:00,14.7
2025-06-12 22:33:00,81.2
2025-06-12 11:31:00,50.6
2025-06-12 00:15:00,55.6
2025-06-12 11:48:00,92.2
2025-06-12 17:35:00,50.10362276498773
2025-06-12 09:33:00,50.10362276498773
2025-06-12 07:12:00,43.1
2025-06-12 07:58:00,87.0
2025-06-12 14:51:00,82.8
2025-06-12 05:52:00,58.9
2025-06-12 06:32:00,77.1
2025-06-12 00:59:00,72.5
2025-06-12 18:17:00,4.9
2025-06-12 21:20:00,99.4
2025-06-12 19:43:00,15.8
2025-06-12 03:20:00,81.0
2025-06-12 20:35:00,23.1
2025-06-12 17:17:00,31.7
2025-06-12 09:29:00,13.8
2025-06-12 17:16:00,10.4
2025-06-12 21:47:00,50.10362276498773
2025-06-12 08:45:00,50.10362276498773
2025-06-12 10:04:00,15.0
2025-06-12 16:18:00,85.8
2025-06-12 09:45:00,92.4
2025-06-12 04:07:00,46.1
2025-06-12 07:29:00,54.2
2025-06-12 12:45:00,51.7
2025-06-12 08:10:00,50.10362276498773
2025-06-12 17:02:00,78.3
2025-06-12 12:46:00,84.4
2025-06-12 18:56:00,58.6
2025-06-12 22:31:00,27.1
2025-06-12 10:48:00,6.5
2025-06-12 05:35:00,26.1
2025-06-12 14:02:00,94.6
2025-06-12 12:35:00,50.10362276498773
2025-06-12 01:24:00,29.1
2025-06-12 04:52:00,50.10362276498773
2025-06-12 19:16:00,48.9
2025-06-12 04:48:00,9.0
2025-06-12 08:45:00,49.0
2025-06-12 15:56:00,93.7
2025-06-12 04:35:00,50.10362276498773
2025-06-12 11:55:00,0.7
2025-06-12 20:06:00,44.2
2025-06-12 04:01:00,50.10362276498773
2025-06-12 05:58:00,77.2
2025-06-12 04:01:00,24.4
2025-06-12 22:05:00,4.3
2025-06-12 11:04:00,50.10362276498773
2025-06-12 08:17:00,4.4
2025-06-12 14:37:00,50.10362276498773
2025-06-12 11:02:00,69.9
2025-06-12 08:09:00,23.9
2025-06-12 06:48:00,50.10362276498773
2025-06-12 23:29:00,43.1
2025-06-12 05:13:00,68.0
2025-06-12 07:01:00,42.7
2025-06-12 08:23:00,50.10362276498773
2025-06-12 13:42:00,43.7
2025-06-12 23:23:00,6.4
2025-06-12 19:03:00,50.10362276498773
2025-06-12 18:30:00,51.9
2025-06-12 06:02:00,24.1
2025-06-12 02:42:00,43.7
2025-06-12 06:45:00,39.1
2025-06-12 18:10:00,9.7
2025-06-12 01:13:00,81.7
2025-06-12 02:15:00,51.8
2025-06-12 06:32:00,94.7
2025-06-12 14:46:00,94.2
2025-06-12 09:58:00,33.6
2025-06-12 09:00:00,51.4
2025-06-12 20:18:00,4.3
2025-06-12 17:34:00,21.0
2025-06-12 14:12:00,57.5
2025-06-12 14:11:00,29.9
2025-06-12 07:40:00,51.1
2025-06-12 05:45:00,46.6
2025-06-12 12:06:00,37.1
2025-06-12 00:29:00,65.1
2025-06-12 09:27:00,85.9
2025-06-12 22:09:00,97.2
2025-06-12 14:07:00,50.10362276498773
2025-06-12 23:04:00,1.6
2025-06-12 08:43:00,77.9
2025-06-12 04:26:00,25.2
2025-06-12 19:08:00,50.10362276498773
2025-06-12 11:25:00,9.2
2025-06-12 12:22:00,36.8
2025-06-12 19:02:00,10.2
2025-06-12 10:22:00,5.4
2025-06-12 14:44:00,3.7
2025-06-12 00:33:00,70.2
2025-06-12 15:06:00,30.9
2025-06-12 06:15:00,32.8
2025-06-12 08:27:00,74.4
2025-06-12 07:24:00,85.0
2025-06-12 14:13:00,50.10362276498773
2025-06-12 21:58:00,66.2
2025-06-12 03:28:00,70.8
2025-06-12 21:35:00,71.4
2025-06-12 12:16:00,2.3
2025-06-12 18:52:00,10.8
2025-06-12 20:19:00,89.3
2025-06-12 14:58:00,88.5
2025-06-12 06:29:00,35.4
2025-06-12 09:24:00,33.3
2025-06-12 01:53:00,95.9
2025-06-12 21:41:00,32.5
2025-06-12 02:41:00,50.10362276498773
2025-06-12 02:54:00,26.2
2025-06-12 23:34:00,52.6
2025-06-12 16:16:00,88.6
2025-06-12 05:34:00,2.4
2025-06-12 21:57:00,81.2
2025-06-12 03:42:00,50.10362276498773
2025-06-12 11:44:00,42.0
2025-06-12 13:07:00,73.3
2025-06-12 21:26:00,17.0
2025-06-12 07:14:00,50.10362276498773
2025-06-12 16:35:00,50.10362276498773
2025-06-12 15:35:00,57.9
2025-06-12 22:01:00,13.9
2025-06-12 09:59:00,4.5
2025-06-12 11:01:00,75.7
2025-06-12 02:59:00,88.9
2025-06-12 09:22:00,50.10362276498773
2025-06-12 07:23:00,50.10362276498773
2025-06-12 15:45:00,96.7
2025-06-12 10:20:00,83.3
2025-06-12 05:50:00,7.5
2025-06-12 16:11:00,98.8
2025-06-12 01:52:00,72.8
2025-06-12 07:56:00,38.9
2025-06-12 15:24:00,49.1
2025-06-12 07:54:00,50.10362276498773
2025-06-12 21:30:00,50.10362276498773
2025-06-12 07:37:00,36.7
2025-06-12 10:53:00,45.9
2025-06-12 15:23:00,16.7
2025-06-12 14:34:00,56.6
2025-06-12 09:31:00,38.1
2025-06-12 04:02:00,50.3
2025-06-12 00:31:00,50.10362276498773
2025-06-12 22:39:00,17.2
2025-06-12 00:52:00,57.3
2025-06-12 11:57:00,6.8
2025-06-12 19:20:00,74.3
2025-06-12 07:37:00,96.1
2025-06-12 10:52:00,50.10362276498773
2025-06-12 18:16:00,50.10362276498773
2025-06-12 19:07:00,50.10362276498773
2025-06-12 23:53:00,34.9
2025-06-12 03:38:00,31.2
2025-06-12 17:40:00,81.7
2025-06-12 17:54:00,43.4
2025-06-12 22:30:00,5.3
2025-06-12 19:28:00,62.3
2025-06-12 14:02:00,50.10362276498773
2025-06-12 08:05:00,96.1
2025-06-12 11:29:00,16.4
2025-06-12 10:44:00,78.0
2025-06-12 04:13:00,50.10362276498773
2025-06-12 21:45:00,53.1
2025-06-12 19:52:00,16.5
2025-06-12 17:46:00,49.0
2025-06-12 19:21:00,9.9
2025-06-12 20:15:00,49.7
2025-06-12 19:05:00,43.9
2025-06-12 19:15:00,51.9
2025-06-12 06:51:00,50.10362276498773
2025-06-12 04:38:00,50.10362276498773
2025-06-12 02:26:00,2.9
2025-06-12 01:35:00,44.6
2025-06-12 03:09:00,3.1
2025-06-12 21:47:00,89.2
2025-06-12 17:25:00,49.2
2025-06-12 22:10:00,15.9
2025-06-12 17:36:00,81.8
2025-06-12 07:06:00,83.3
2025-06-12 00:27:00,32.3
2025-06-12 14:30:00,63.1
2025-06-12 08:26:00,63.0
2025-06-12 09:17:00,50.10362276498773
2025-06-12 02:26:00,16.6
2025-06-12 18:30:00,50.10362276498773
2025-06-12 05:51:00,50.10362276498773
2025-06-12 20:21:00,50.10362276498773
2025-06-12 08:58:00,19.8
2025-06-12 20:58:00,50.10362276498773
2025-06-12 06:04:00,50.10362276498773
2025-06-12 18:51:00,50.10362276498773
2025-06-12 10:56:00,50.10362276498773
2025-06-12 11:07:00,50.10362276498773
2025-06-12 22:52:00,50.10362276498773
2025-06-12 12:59:00,62.4
2025-06-12 16:14:00,48.6
2025-06-12 21:47:00,2.8
2025-06-12 20:39:00,11.8
2025-06-12 03:18:00,75.3
2025-06-12 22:35:00,50.10362276498773
2025-06-12 14:07:00,71.7
2025-06-12 17:37:00,53.0
2025-06-12 20:44:00,59.7
2025-06-12 02:26:00,86.1
2025-06-12 03:17:00,6.9
2025-06-12 08:00:00,20.0
2025-06-12 21:03:00,38.8
2025-06-12 05:50:00,5.5
2025-06-12 00:48:00,87.4
2025-06-12 04:35:00,10.9
2025-06-12 07:42:00,78.8
2025-06-12 12:27:00,84.5
2025-06-12 15:14:00,50.10362276498773
2025-06-12 06:49:00,43.3
2025-06-12 13:10:00,50.10362276498773
2025-06-12 14:39:00,45.7
2025-06-12 05:26:00,29.9
2025-06-12 02:52:00,78.2
2025-06-12 21:29:00,88.3
2025-06-12 07:33:00,50.10362276498773
2025-06-12 04:03:00,50.10362276498773
2025-06-12 19:18:00,6.1
2025-06-12 02:02:00,58.4
2025-06-12 19:21:00,49.5
2025-06-12 03:57:00,43.4
2025-06-12 10:35:00,47.9
2025-06-12 18:26:00,25.0
2025-06-12 01:18:00,54.9
2025-06-12 19:58:00,98.2
2025-06-12 07:52:00,37.4
2025-06-12 08:56:00,26.6
2025-06-12 11:06:00,37.0
2025-06-12 21:45:00,50.10362276498773
2025-06-12 07:31:00,50.0
2025-06-12 07:05:00,6.7
2025-06-12 20:07:00,45.7
2025-06-12 20:27:00,75.5
2025-06-12 08:02:00,31.2
2025-06-12 00:06:00,54.2
2025-06-12 15:34:00,50.10362276498773
2025-06-12 05:02:00,0.2
2025-06-12 20:19:00,19.6
2025-06-12 12:43:00,69.6
2025-06-12 00:17:00,53.9
2025-06-12 07:56:00,62.3
2025-06-12 23:54:00,37.5
2025-06-12 16:47:00,38.4
2025-06-12 16:43:00,5.8
2025-06-12 19:37:00,97.6
2025-06-12 22:47:00,17.8
2025-06-12 15:37:00,79.4
2025-06-12 06:07:00,98.4
2025-06-12 12:19:00,21.8
2025-06-12 16:51:00,43.8
2025-06-12 01:40:00,50.10362276498773
2025-06-12 01:33:00,83.7
2025-06-12 02:44:00,50.10362276498773
2025-06-12 14:07:00,63.1
2025-06-12 03:44:00,13.6
2025-06-12 13:43:00,71.0
2025-06-12 10:41:00,40.3
2025-06-12 06:08:00,22.3
2025-06-12 02:32:00,71.0
2025-06-12 00:20:00,76.6
2025-06-12 19:54:00,50.10362276498773
2025-06-12 18:40:00,50.10362276498773
2025-06-12 04:40:00,56.4
2025-06-12 20:42:00,59.9
2025-06-12 05:07:00,37.6
2025-06-12 10:52:00,63.4
2025-06-12 12:57:00,50.10362276498773
2025-06-12 04:51:00,50.10362276498773
2025-06-12 17:58:00,3.7
2025-06-12 07:45:00,44.0
2025-06-12 02:23:00,58.1
2025-06-12 20:33:00,92.4
2025-06-12 00:00:00,61.6
2025-06-12 08:28:00,73.2
2025-06-12 00:06:00,84.6
2025-06-12 00:35:00,44.3
2025-06-12 13:15:00,10.9
2025-06-12 08:42:00,63.0
2025-06-12 06:30:00,24.1
2025-06-12 18:56:00,71.5
2025-06-12 19:18:00,34.6
2025-06-12 16:20:00,83.4
2025-06-12 12:08:00,32.7
2025-06-12 08:11:00,35.3
2025-06-12 07:00:00,72.6
2025-06-12 01:54:00,23.2
2025-06-12 09:28:00,50.10362276498773
2025-06-12 21:30:00,37.1
2025-06-12 08:43:00,40.0
2025-06-12 15:11:00,42.3
2025-06-12 08:18:00,72.3
2025-06-12 14:25:00,27.3
2025-06-12 23:57:00,44.0
2025-06-12 20:40:00,97.4
2025-06-12 22:51:00,50.10362276498773
2025-06-12 13:31:00,6.6
2025-06-12 20:22:00,69.3
2025-06-12 04:02:00,12.0
2025-06-12 18:08:00,84.7
2025-06-12 10:15:00,51.1
2025-06-12 17:35:00,46.9
2025-06-12 19:34:00,86.0
2025-06-12 16:26:00,51.4
2025-06-12 19:18:00,37.2
2025-06-12 15:02:00,27.2
2025-06-12 21:49:00,63.0
2025-06-12 17:53:00,73.1
2025-06-12 11:32:00,35.1
2025-06-12 18:24:00,99.2
2025-06-12 11:18:00,62.2
2025-06-12 23:22:00,20.1
2025-06-12 09:59:00,85.5
2025-06-12 13:11:00,56.7
2025-06-12 19:06:00,34.8
2025-06-12 05:47:00,79.3
2025-06-12 12:03:00,50.10362276498773
2025-06-12 07:57:00,77.8
2025-06-12 15:21:00,60.9
2025-06-12 15:44:00,98.8
2025-06-12 12:18:00,97.0
2025-06-12 19:51:00,13.3
2025-06-12 17:10:00,13.0
2025-06-12 20:13:00,50.10362276498773
2025-06-12 20:58:00,81.3
2025-06-12 01:40:00,43.4
2025-06-12 05:45:00,52.8
2025-06-12 18:29:00,5.9
2025-06-12 05:04:00,43.8
2025-06-12 21:53:00,82.1
2025-06-12 18:14:00,34.6
2025-06-12 13:08:00,78.8
2025-06-12 13:30:00,2.1
2025-06-12 04:11:00,56.6
2025-06-12 06:38:00,93.4
2025-06-12 23:20:00,83.0
2025-06-12 06:22:00,53.3
2025-06-12 03:33:00,40.5
2025-06-12 02:31:00,50.12327810650887
2025-06-12 22:41:00,63.5
2025-06-12 09:16:00,74.3
2025-06-12 02:38:00,4.2
2025-06-12 08:38:00,17.2
2025-06-12 07:23:00,88.7
2025-06-12 10:31:00,75.1
2025-06-12 10:12:00,50.12327810650887
2025-06-12 12:55:00,83.4
2025-06-12 21:52:00,22.0
2025-06-12 03:22:00,50.12327810650887
2025-06-12 17:11:00,50.12327810650887
2025-06-12 19:56:00,50.3
2025-06-12 17:52:00,16.1
2025-06-12 23:05:00,40.7
2025-06-12 18:55:00,15.5
2025-06-12 00:30:00,2.1
2025-06-12 05:47:00,8.5
2025-06-12 08:37:00,13.1
2025-06-12 23:05:00,3.7
2025-06-12 16:31:00,72.8
2025-06-12 21:59:00,49.3
2025-06-12 13:27:00,50.12327810650887
2025-06-12 03:30:00,14.2
2025-06-12 17:02:00,88.0
2025-06-12 17:47:00,50.12327810650887
2025-06-12 05:17:00,34.3
2025-06-12 05:28:00,69.6
2025-06-12 03:47:00,9.1
2025-06-12 02:18:00,32.8
2025-06-12 14:43:00,50.12327810650887
2025-06-12 23:00:00,17.0
2025-06-12 09:10:00,92.7
2025-06-12 03:32:00,12.8
2025-06-12 07:55:00,52.9
2025-06-12 12:20:00,1.7
2025-06-12 20:37:00,39.1
2025-06-12 05:24:00,27.9
2025-06-12 03:53:00,50.12327810650887
2025-06-12 20:08:00,10.6
2025-06-12 12:31:00,71.9
2025-06-12 18:57:00,9.3
2025-06-12 21:50:00,34.5
2025-06-12 08:14:00,14.6
2025-06-12 08:05:00,67.4
2025-06-12 04:52:00,50.12327810650887
2025-06-12 04:41:00,45.5
2025-06-12 17:08:00,21.4
2025-06-12 11:31:00,90.3
2025-06-12 02:24:00,50.12327810650887
2025-06-12 01:38:00,69.7
2025-06-12 01:12:00,71.4
2025-06-12 18:18:00,5.3
2025-06-12 16:32:00,66.4
2025-06-12 12:39:00,64.2
2025-06-12 23:52:00,37.7
2025-06-12 13:32:00,2.9
2025-06-12 08:57:00,9.2
2025-06-12 23:25:00,56.7
2025-06-12 11:47:00,50.12327810650887
2025-06-12 04:39:00,67.4
2025-06-12 02:43:00,35.2
2025-06-12 17:29:00,36.9
2025-06-12 21:14:00,91.1
2025-06-12 17:32:00,55.3
2025-06-12 23:46:00,16.7
2025-06-12 21:58:00,2.3
2025-06-12 15:18:00,41.1
2025-06-12 08:00:00,48.2
2025-06-12 22:42:00,8.3
2025-06-12 05:22:00,97.5
2025-06-12 14:08:00,50.8
2025-06-12 01:41:00,51.7
2025-06-12 01:48:00,3.5
2025-06-12 06:41:00,50.12327810650887
2025-06-12 15:47:00,77.0
2025-06-12 16:57:00,98.4
2025-06-12 13:25:00,86.3
2025-06-12 10:55:00,84.2
2025-06-12 14:53:00,61.8
2025-06-12 16:26:00,76.6
2025-06-12 06:08:00,38.0
2025-06-12 17:21:00,91.4
2025-06-12 19:24:00,82.5
2025-06-12 02:46:00,24.1
2025-06-12 03:22:00,13.1
2025-06-12 06:13:00,83.9
2025-06-12 18:14:00,1.6
2025-06-12 04:43:00,35.8
2025-06-12 00:13:00,0.1
2025-06-12 11:36:00,93.5
2025-06-12 11:10:00,52.8
2025-06-12 15:30:00,92.0
2025-06-12 18:21:00,55.2
2025-06-12 05:13:00,54.7
2025-06-12 09:52:00,7.2
2025-06-12 18:34:00,99.1
2025-06-12 10:22:00,89.0
2025-06-12 15:36:00,1.4
2025-06-12 11:55:00,52.8
2025-06-12 11:50:00,64.0
2025-06-12 08:07:00,89.1
2025-06-12 03:35:00,70.7
2025-06-12 04:37:00,90.6
2025-06-12 14:13:00,89.7
2025-06-12 16:14:00,65.4
2025-06-12 03:59:00,50.12327810650887
2025-06-12 09:47:00,10.7
2025-06-12 19:15:00,34.9
2025-06-12 14:25:00,3.0
2025-06-12 02:11:00,49.2
2025-06-12 14:26:00,81.6
2025-06-12 02:37:00,58.5
2025-06-12 10:53:00,16.8
2025-06-12 06:10:00,50.12327810650887
2025-06-12 02:28:00,32.4
2025-06-12 02:29:00,30.1
2025-06-12 08:56:00,0.4
2025-06-12 14:45:00,88.5
2025-06-12 20:03:00,39.6
2025-06-12 10:42:00,93.4
2025-06-12 21:30:00,98.5
2025-06-12 13:45:00,53.9
2025-06-12 21:33:00,69.1
2025-06-12 01:07:00,66.8
2025-06-12 09:34:00,95.9
2025-06-12 22:08:00,7.5
2025-06-12 07:29:00,71.8
2025-06-12 03:41:00,90.0
2025-06-12 11:44:00,11.8
2025-06-12 01:31:00,50.12327810650887
2025-06-12 15:58:00,85.5
2025-06-12 14:38:00,59.9
2025-06-12 16:13:00,24.6
2025-06-12 10:18:00,50.12327810650887
2025-06-12 00:25:00,68.6
2025-06-12 15:52:00,68.0
2025-06-12 04:00:00,38.4
2025-06-12 05:28:00,38.8
2025-06-12 04:16:00,69.8
2025-06-12 10:46:00,81.6
2025-06-12 15:09:00,50.12327810650887
2025-06-12 03:30:00,16.8
2025-06-12 14:15:00,13.1
2025-06-12 08:52:00,34.6
2025-06-12 07:46:00,50.12327810650887
2025-06-12 05:38:00,72.8
2025-06-12 00:37:00,76.0
2025-06-12 17:39:00,85.7
2025-06-12 14:24:00,50.12327810650887
2025-06-12 08:14:00,14.8
2025-06-12 10:23:00,95.0
2025-06-12 01:28:00,0.3
2025-06-12 05:22:00,77.2
2025-06-12 00:12:00,88.3
2025-06-12 09:31:00,3.6
2025-06-12 06:30:00,16.9
2025-06-12 23:58:00,4.5
2025-06-12 12:39:00,50.12327810650887
2025-06-12 05:33:00,25.9
2025-06-12 15:25:00,77.5
2025-06-12 00:51:00,1.5
2025-06-12 12:56:00,76.2
2025-06-12 17:48:00,70.0
2025-06-12 12:48:00,50.12327810650887
2025-06-12 21:42:00,75.2
2025-06-12 16:04:00,9.8
2025-06-12 14:20:00,35.0
2025-06-12 13:06:00,21.8
2025-06-12 22:49:00,71.8
2025-06-12 10:23:00,32.5
2025-06-12 03:28:00,50.3
2025-06-12 05:42:00,50.12327810650887
2025-06-12 23:53:00,48.4
2025-06-12 10:18:00,50.12327810650887
2025-06-12 01:20:00,84.7
2025-06-12 10:16:00,67.4
2025-06-12 04:38:00,71.8
2025-06-12 17:14:00,42.8
2025-06-12 03:46:00,49.3
2025-06-12 13:38:00,36.0
2025-06-12 02:02:00,31.8
2025-06-12 21:15:00,90.3
2025-06-12 14:01:00,98.3
2025-06-12 05:50:00,96.7
2025-06-12 10:49:00,60.1
2025-06-12 22:12:00,30.8
2025-06-12 09:08:00,22.8
2025-06-12 10:01:00,48.0
2025-06-12 23:49:00,29.7
2025-06-12 11:18:00,92.8
2025-06-12 04:23:00,20.4
2025-06-12 22:45:00,50.12327810650887
2025-06-12 00:31:00,28.8
2025-06-12 21:44:00,30.6
2025-06-12 21:57:00,0.5
2025-06-12 00:35:00,43.2
2025-06-12 12:13:00,74.4
2025-06-12 21:37:00,88.7
2025-06-12 22:26:00,3.7
2025-06-12 22:22:00,48.1
2025-06-12 06:04:00,53.1
2025-06-12 21:51:00,43.5
2025-06-12 03:18:00,9.2
2025-06-12 20:24:00,50.12327810650887
2025-06-12 15:34:00,57.7
2025-06-12 20:00:00,69.9
2025-06-12 11:45:00,98.1
2025-06-12 10:30:00,73.2
2025-06-12 03:09:00,88.9
2025-06-12 01:17:00,50.12327810650887
2025-06-12 18:46:00,37.2
2025-06-12 01:08:00,33.1
2025-06-12 01:56:00,2.8
2025-06-12 01:07:00,52.1
2025-06-12 19:17:00,28.3
2025-06-12 10:20:00,95.1
2025-06-12 05:20:00,30.2
2025-06-12 14:17:00,50.12327810650887
2025-06-12 18:14:00,96.1
2025-06-12 14:52:00,50.12327810650887
2025-06-12 07:22:00,89.9
2025-06-12 22:39:00,39.7
2025-06-12 02:49:00,98.4
2025-06-12 10:25:00,8.1
2025-06-12 11:17:00,5.3
2025-06-12 10:54:00,63.8
2025-06-12 22:17:00,91.1
2025-06-12 07:01:00,80.8
2025-06-12 15:27:00,8.4
2025-06-12 22:43:00,11.0
2025-06-12 00:36:00,67.5
2025-06-12 14:42:00,68.6
2025-06-12 04:29:00,32.2
2025-06-12 23:03:00,91.8
2025-06-12 01:50:00,95.2
2025-06-12 09:50:00,54.0
2025-06-12 06:56:00,66.5
2025-06-12 02:54:00,50.12327810650887
2025-06-12 16:30:00,36.8
2025-06-12 05:42:00,90.3
2025-06-12 01:52:00,77.6
2025-06-12 17:55:00,70.9
2025-06-12 12:16:00,93.5
2025-06-12 22:01:00,77.7
2025-06-12 09:35:00,35.1
2025-06-12 19:12:00,57.1
2025-06-12 10:56:00,11.4
2025-06-12 02:44:00,41.8
2025-06-12 23:34:00,59.9
2025-06-12 23:14:00,34.5
2025-06-12 10:03:00,53.4
2025-06-12 04:29:00,19.7
2025-06-12 03:51:00,50.12327810650887
2025-06-12 13:35:00,16.3
2025-06-12 21:05:00,68.2
2025-06-12 20:30:00,29.3
2025-06-12 18:19:00,94.7
2025-06-12 23:08:00,80.9
2025-06-12 09:00:00,68.0
2025-06-12 01:50:00,50.12327810650887
2025-06-12 17:54:00,72.2
2025-06-12 02:54:00,15.7
2025-06-12 13:33:00,10.1
2025-06-12 09:23:00,39.1
2025-06-12 03:03:00,6.6
2025-06-12 17:21:00,52.9
2025-06-12 09:59:00,10.9
2025-06-12 14:17:00,85.9
2025-06-12 11:56:00,86.8
2025-06-12 10:51:00,4.0
2025-06-12 07:30:00,45.5
2025-06-12 16:41:00,50.12327810650887
2025-06-12 03:30:00,43.1
2025-06-12 12:13:00,50.12327810650887
2025-06-12 23:35:00,50.12327810650887
2025-06-12 12:36:00,46.1
2025-06-12 09:46:00,95.1
2025-06-12 00:01:00,63.7
2025-06-12 14:24:00,48.1
2025-06-12 07:18:00,54.9
2025-06-12 15:28:00,0.3
2025-06-12 21:55:00,91.9
2025-06-12 17:06:00,50.12327810650887
2025-06-12 02:37:00,71.7
2025-06-12 10:54:00,7.9
2025-06-12 20:34:00,50.12327810650887
2025-06-12 09:53:00,29.9
2025-06-12 10:00:00,90.4
2025-06-12 01:20:00,44.3
2025-06-12 07:00:00,77.9
2025-06-12 22:51:00,66.0
2025-06-12 22:16:00,75.6
2025-06-12 23:33:00,20.5
2025-06-12 21:16:00,10.2
2025-06-12 15:39:00,50.12327810650887
2025-06-12 22:25:00,0.3
2025-06-12 20:17:00,66.1
2025-06-12 09:12:00,18.0
2025-06-12 15:40:00,77.4
2025-06-12 19:34:00,77.9
2025-06-12 14:48:00,49.63956792297757
2025-06-12 02:38:00,14.1
2025-06-12 14:09:00,66.0
2025-06-12 18:30:00,71.3
2025-06-12 23:29:00,32.2
2025-06-12 00:30:00,34.7
2025-06-12 05:00:00,12.8
2025-06-12 22:37:00,97.1
2025-06-12 02:54:00,20.1
2025-06-12 14:39:00,45.8
2025-06-12 22:48:00,73.1
2025-06-12 14:55:00,89.2
2025-06-12 08:28:00,81.3
2025-06-12 23:11:00,90.3
2025-06-12 07:51:00,10.3
2025-06-12 23:50:00,61.3
2025-06-12 18:19:00,22.0
2025-06-12 22:33:00,41.9
2025-06-12 02:45:00,31.2
2025-06-12 17:50:00,24.2
2025-06-12 10:55:00,9.0
2025-06-12 20:55:00,49.63956792297757
2025-06-12 08:13:00,98.4
2025-06-12 04:33:00,97.1
2025-06-12 05:29:00,2.7
2025-06-12 14:42:00,17.3
2025-06-12 18:43:00,10.2
2025-06-12 13:52:00,66.7
2025-06-12 04:35:00,12.4
2025-06-12 21:28:00,49.0
2025-06-12 03:08:00,95.1
2025-06-12 20:35:00,16.4
2025-06-12 07:42:00,19.5
2025-06-12 21:52:00,29.6
2025-06-12 15:26:00,89.1
2025-06-12 03:33:00,83.5
2025-06-12 20:56:00,13.0
2025-06-12 23:45:00,43.3
2025-06-12 05:41:00,50.5
2025-06-12 16:48:00,8.7
2025-06-12 07:16:00,5.6
2025-06-12 14:39:00,96.2
2025-06-12 14:48:00,31.4
2025-06-12 16:55:00,45.8
2025-06-12 17:52:00,46.8
2025-06-12 10:57:00,49.63956792297757
2025-06-12 10:38:00,76.6
2025-06-12 13:52:00,94.4
2025-06-12 17:34:00,63.9
2025-06-12 05:05:00,41.3
2025-06-12 01:42:00,73.8
2025-06-12 00:27:00,84.8
2025-06-12 08:16:00,58.9
2025-06-12 09:11:00,2.1
2025-06-12 02:39:00,19.8
2025-06-12 13:27:00,49.63956792297757
2025-06-12 02:56:00,37.0
2025-06-12 16:14:00,0.7
2025-06-12 00:45:00,20.9
2025-06-12 17:19:00,88.9
2025-06-12 15:19:00,52.3
2025-06-12 05:39:00,55.9
2025-06-12 08:33:00,3.0
2025-06-12 09:00:00,3.1
2025-06-12 19:38:00,16.8
2025-06-12 05:30:00,83.9
2025-06-12 03:43:00,80.3
2025-06-12 07:41:00,47.5
2025-06-12 15:13:00,42.4
2025-06-12 07:25:00,97.6
2025-06-12 00:25:00,12.8
2025-06-12 03:47:00,62.8
2025-06-12 14:51:00,4.5
2025-06-12 13:53:00,27.1
2025-06-12 07:16:00,89.5
2025-06-12 14:27:00,49.9
2025-06-12 04:58:00,40.2
2025-06-12 20:31:00,47.1
2025-06-12 22:55:00,77.6
2025-06-12 00:21:00,46.6
2025-06-12 13:29:00,80.4
2025-06-12 05:46:00,49.63956792297757
2025-06-12 00:26:00,49.63956792297757
2025-06-12 11:02:00,9.6
2025-06-12 01:42:00,49.63956792297757
2025-06-12 07:15:00,77.0
2025-06-12 21:00:00,70.2
2025-06-12 08:56:00,13.0
2025-06-12 22:24:00,14.3
2025-06-12 13:43:00,82.0
2025-06-12 17:20:00,38.0
2025-06-12 06:12:00,54.0
2025-06-12 23:09:00,34.0
2025-06-12 17:09:00,50.1
2025-06-12 22:42:00,49.63956792297757
2025-06-12 10:31:00,76.7
2025-06-12 13:37:00,24.9
2025-06-12 21:24:00,40.6
2025-06-12 20:55:00,22.3
2025-06-12 02:13:00,44.3
2025-06-12 18:20:00,3.8
2025-06-12 23:15:00,27.6
2025-06-12 01:46:00,22.8
2025-06-12 13:01:00,49.63956792297757
2025-06-12 12:10:00,72.4
2025-06-12 12:43:00,97.4
2025-06-12 14:23:00,24.5
2025-06-12 03:22:00,93.3
2025-06-12 14:56:00,58.0
2025-06-12 16:15:00,98.0
2025-06-12 13:45:00,38.7
2025-06-12 10:54:00,28.1
2025-06-12 01:52:00,98.0
2025-06-12 16:55:00,0.8
2025-06-12 14:11:00,99.7
2025-06-12 03:21:00,37.0
2025-06-12 15:21:00,75.2
2025-06-12 13:01:00,71.6
2025-06-12 09:29:00,38.8
2025-06-12 06:29:00,94.6
2025-06-12 00:04:00,23.1
2025-06-12 21:31:00,18.9
2025-06-12 19:52:00,9.6
2025-06-12 15:08:00,56.0
2025-06-12 02:43:00,8.3
2025-06-12 11:35:00,22.0
2025-06-12 22:05:00,26.0
2025-06-12 13:09:00,49.63956792297757
2025-06-12 04:06:00,62.5
2025-06-12 11:31:00,49.63956792297757
2025-06-12 02:56:00,22.8
2025-06-12 09:02:00,95.4
2025-06-12 15:13:00,71.7
2025-06-12 16:53:00,49.63956792297757
2025-06-12 05:00:00,36.5
2025-06-12 00:43:00,49.63956792297757
2025-06-12 14:42:00,65.4
2025-06-12 14:56:00,8.9
2025-06-12 01:50:00,49.63956792297757
2025-06-12 05:54:00,22.2
2025-06-12 13:45:00,14.3
2025-06-12 16:42:00,80.2
2025-06-12 16:33:00,22.3
2025-06-12 17:23:00,19.5
2025-06-12 10:44:00,62.0
2025-06-12 01:26:00,2.0
2025-06-12 02:27:00,69.1
2025-06-12 12:02:00,49.63956792297757
2025-06-12 18:59:00,43.5
2025-06-12 21:27:00,32.8
2025-06-12 13:38:00,19.9
2025-06-12 18:51:00,53.2
2025-06-12 05:51:00,19.3
2025-06-12 01:08:00,25.3
2025-06-12 21:02:00,97.9
2025-06-12 02:24:00,45.0
2025-06-12 08:28:00,49.63956792297757
2025-06-12 11:26:00,0.5
2025-06-12 18:08:00,69.0
2025-06-12 22:48:00,89.2
2025-06-12 13:52:00,74.1
2025-06-12 17:15:00,49.63956792297757
2025-06-12 06:58:00,5.4
2025-06-12 10:22:00,68.0
2025-06-12 14:44:00,79.3
2025-06-12 20:36:00,43.4
2025-06-12 22:36:00,49.63956792297757
2025-06-12 12:38:00,21.2
2025-06-12 16:27:00,12.8
2025-06-12 07:36:00,55.5
2025-06-12 23:59:00,49.63956792297757
2025-06-12 11:39:00,28.2
2025-06-12 11:13:00,66.7
2025-06-12 15:40:00,90.6
2025-06-12 06:16:00,81.5
2025-06-12 14:58:00,19.5
2025-06-12 20:51:00,71.3
2025-06-12 08:34:00,29.5
2025-06-12 05:50:00,21.0
2025-06-12 10:59:00,54.6
2025-06-12 18:05:00,13.7
2025-06-12 07:36:00,45.5
2025-06-12 13:00:00,83.5
2025-06-12 20:17:00,6.1
2025-06-12 19:45:00,61.4
2025-06-12 07:56:00,41.7
2025-06-12 04:45:00,19.3
2025-06-12 16:12:00,92.4
2025-06-12 23:01:00,49.63956792297757
2025-06-12 12:09:00,60.3
2025-06-12 10:24:00,96.8
2025-06-12 19:37:00,92.7
2025-06-12 19:00:00,93.5
2025-06-12 15:06:00,17.0
2025-06-12 11:47:00,82.3
2025-06-12 12:24:00,41.9
2025-06-12 10:04:00,0.0
2025-06-12 23:55:00,49.63956792297757
2025-06-12 05:18:00,57.3
2025-06-12 09:15:00,58.6
2025-06-12 04:04:00,5.5
2025-06-12 13:25:00,58.8
2025-06-12 20:36:00,23.5
2025-06-12 01:03:00,49.63956792297757
2025-06-12 09:15:00,8.9
2025-06-12 11:23:00,49.63956792297757
2025-06-12 06:53:00,91.7
2025-06-12 02:37:00,38.2
2025-06-12 05:55:00,85.2
2025-06-12 23:00:00,0.5
2025-06-12 00:33:00,86.6
2025-06-12 04:12:00,16.8
2025-06-12 15:00:00,7.9
2025-06-12 15:52:00,95.8
2025-06-12 09:24:00,97.0
2025-06-12 21:36:00,76.1
2025-06-12 03:52:00,24.6
2025-06-12 01:01:00,81.5
2025-06-12 15:45:00,79.9
2025-06-12 06:18:00,49.63956792297757
2025-06-12 13:51:00,80.3
2025-06-12 06:22:00,77.1
2025-06-12 21:39:00,49.63956792297757
2025-06-12 08:17:00,48.0
2025-06-12 07:02:00,1.2
2025-06-12 06:13:00,58.2
2025-06-12 23:29:00,41.6
2025-06-12 16:30:00,4.6
2025-06-12 04:54:00,34.3
2025-06-12 04:48:00,38.2
2025-06-12 04:31:00,98.6
2025-06-12 15:12:00,49.63956792297757
2025-06-12 17:45:00,73.9
2025-06-12 15:52:00,42.6
2025-06-12 08:14:00,15.6
2025-06-12 22:09:00,49.63956792297757
2025-06-12 15:36:00,97.2
2025-06-12 22:23:00,55.2
2025-06-12 09:37:00,28.7
2025-06-12 19:30:00,49.63956792297757
2025-06-12 18:07:00,91.4
2025-06-12 18:58:00,49.63956792297757
2025-06-12 04:00:00,4.7
2025-06-12 22:23:00,49.63956792297757
2025-06-12 02:33:00,16.2
2025-06-12 10:32:00,70.1
2025-06-12 11:14:00,19.5
2025-06-12 23:28:00,87.8
2025-06-12 08:44:00,57.6
2025-06-12 03:56:00,1.6
2025-06-12 09:48:00,69.5
2025-06-12 01:52:00,51.5
2025-06-12 20:28:00,54.6
2025-06-12 01:04:00,82.9
2025-06-12 20:16:00,30.8
2025-06-12 14:53:00,37.4
2025-06-12 16:07:00,78.6
2025-06-12 01:30:00,77.0
2025-06-12 06:41:00,30.7
2025-06-12 18:55:00,18.2
2025-06-12 18:41:00,8.1
2025-06-12 21:28:00,44.1
2025-06-12 02:39:00,49.63956792297757
2025-06-12 05:34:00,65.6
2025-06-12 07:02:00,99.5
2025-06-12 11:11:00,49.63956792297757
2025-06-12 20:44:00,3.7
2025-06-12 01:51:00,49.63956792297757
2025-06-12 06:29:00,49.63956792297757
2025-06-12 05:16:00,69.0
2025-06-12 13:26:00,3.1
2025-06-12 08:43:00,49.63956792297757
2025-06-12 21:05:00,49.63956792297757
2025-06-12 21:47:00,88.0
2025-06-12 19:23:00,5.6
2025-06-12 07:08:00,84.1
2025-06-12 00:12:00,63.7
2025-06-12 07:07:00,93.5
2025-06-12 09:01:00,15.4
2025-06-12 06:18:00,30.0
2025-06-12 18:17:00,23.6
2025-06-12 03:42:00,56.3
2025-06-12 03:28:00,79.3
2025-06-12 01:59:00,59.0
2025-06-12 03:42:00,38.7
2025-06-12 05:07:00,60.9
2025-06-12 15:51:00,15.4
2025-06-12 15:49:00,48.2
2025-06-12 13:59:00,31.4
2025-06-12 08:56:00,28.7
2025-06-12 13:55:00,52.2
2025-06-12 18:33:00,56.8
2025-06-12 03:40:00,49.63956792297757
2025-06-12 12:14:00,3.0
2025-06-12 22:24:00,40.1
2025-06-12 10:25:00,39.9
2025-06-12 00:23:00,19.8
2025-06-12 23:17:00,10.7
2025-06-12 09:19:00,73.4
2025-06-12 11:49:00,37.6
2025-06-12 12:59:00,49.63956792297757
2025-06-12 23:38:00,57.8
2025-06-12 21:08:00,28.9
2025-06-12 02:59:00,41.3
2025-06-12 03:45:00,64.6
2025-06-12 13:40:00,64.7
2025-06-12 14:37:00,49.8
2025-06-12 12:51:00,88.4
2025-06-12 05:06:00,50.29152382078261
2025-06-12 02:47:00,51.4
2025-06-12 01:20:00,72.9
2025-06-12 16:46:00,82.7
2025-06-12 01:35:00,64.0
2025-06-12 19:38:00,87.2
2025-06-12 15:48:00,20.2
2025-06-12 07:19:00,10.7
2025-06-12 04:11:00,48.2
2025-06-12 19:32:00,66.4
2025-06-12 02:06:00,39.6
2025-06-12 00:33:00,79.9
2025-06-12 02:02:00,55.0
2025-06-12 00:52:00,48.3
2025-06-12 18:01:00,94.8
2025-06-12 18:20:00,77.7
2025-06-12 18:21:00,85.6
2025-06-12 14:34:00,91.0
2025-06-12 11:50:00,5.7
2025-06-12 18:39:00,82.6
2025-06-12 16:56:00,40.7
2025-06-12 03:37:00,10.4
2025-06-12 02:51:00,50.29152382078261
2025-06-12 22:32:00,20.9
2025-06-12 14:19:00,89.8
2025-06-12 11:20:00,80.3
2025-06-12 21:11:00,87.0
2025-06-12 01:51:00,6.7
2025-06-12 20:13:00,8.0
2025-06-12 17:49:00,98.1
2025-06-12 05:40:00,39.4
2025-06-12 13:16:00,73.4
2025-06-12 02:35:00,29.0
2025-06-12 01:49:00,65.9
2025-06-12 14:17:00,50.29152382078261
2025-06-12 00:12:00,59.6
2025-06-12 22:13:00,30.1
2025-06-12 14:48:00,64.7
2025-06-12 18:16:00,34.5
2025-06-12 03:51:00,32.9
2025-06-12 22:52:00,43.6
2025-06-12 18:20:00,50.29152382078261
2025-06-12 19:24:00,46.9
2025-06-12 13:45:00,50.29152382078261
2025-06-12 17:43:00,91.9
2025-06-12 19:12:00,50.29152382078261
2025-06-12 06:11:00,35.1
2025-06-12 15:39:00,67.6
2025-06-12 09:47:00,3.9
2025-06-12 00:19:00,26.0
2025-06-12 13:53:00,65.3
2025-06-12 12:37:00,2.9
2025-06-12 04:21:00,90.0
2025-06-12 15:41:00,99.9
2025-06-12 10:32:00,24.0
2025-06-12 16:07:00,42.3
2025-06-12 23:58:00,15.5
2025-06-12 09:35:00,71.6
2025-06-12 13:46:00,59.7
2025-06-12 21:16:00,64.3
2025-06-12 16:53:00,69.2
2025-06-12 09:55:00,37.8
2025-06-12 20:33:00,22.8
2025-06-12 07:11:00,91.6
2025-06-12 01:43:00,62.1
2025-06-12 10:33:00,96.3
2025-06-12 10:26:00,0.7
2025-06-12 17:12:00,98.9
2025-06-12 15:00:00,91.2
2025-06-12 19:38:00,4.2
2025-06-12 15:11:00,79.6
2025-06-12 12:07:00,62.6
2025-06-12 20:24:00,86.9
2025-06-12 00:05:00,70.1
2025-06-12 22:07:00,50.29152382078261
2025-06-12 18:27:00,45.1
2025-06-12 09:26:00,50.29152382078261
2025-06-12 11:25:00,26.8
2025-06-12 01:33:00,83.2
2025-06-12 14:30:00,50.29152382078261
2025-06-12 07:27:00,61.6
2025-06-12 14:09:00,50.29152382078261
2025-06-12 06:38:00,50.29152382078261
2025-06-12 04:53:00,15.8
2025-06-12 05:09:00,70.7
2025-06-12 22:15:00,50.29152382078261
2025-06-12 10:20:00,9.0
2025-06-12 17:54:00,7.0
2025-06-12 03:42:00,43.6
2025-06-12 06:38:00,34.6
2025-06-12 09:45:00,9.8
2025-06-12 15:40:00,66.6
2025-06-12 02:52:00,50.29152382078261
2025-06-12 07:15:00,71.8
2025-06-12 07:50:00,50.29152382078261
2025-06-12 00:06:00,67.8
2025-06-12 02:23:00,31.5
2025-06-12 19:22:00,72.0
2025-06-12 16:27:00,30.0
2025-06-12 19:06:00,51.6
2025-06-12 15:30:00,98.3
2025-06-12 05:07:00,50.29152382078261
2025-06-12 03:41:00,21.7
2025-06-12 09:59:00,30.4
2025-06-12 04:39:00,50.29152382078261
2025-06-12 12:14:00,84.8
2025-06-12 06:11:00,9.0
2025-06-12 11:26:00,50.29152382078261
2025-06-12 13:08:00,74.7
2025-06-12 07:06:00,52.4
2025-06-12 06:00:00,41.8
2025-06-12 04:10:00,60.6
2025-06-12 03:28:00,30.9
2025-06-12 02:30:00,47.4
2025-06-12 18:09:00,23.2
2025-06-12 13:09:00,61.1
2025-06-12 07:57:00,42.7
2025-06-12 22:16:00,93.4
2025-06-12 00:40:00,14.4
2025-06-12 12:48:00,19.4
2025-06-12 20:02:00,93.7
2025-06-12 17:33:00,78.2
2025-06-12 04:05:00,44.3
2025-06-12 18:09:00,77.3
2025-06-12 12:25:00,64.6
2025-06-12 00:43:00,50.29152382078261
2025-06-12 21:13:00,27.4
2025-06-12 10:07:00,46.3
2025-06-12 21:07:00,45.4
2025-06-12 14:04:00,91.0
2025-06-12 18:17:00,50.29152382078261
2025-06-12 20:48:00,4.8
2025-06-12 18:19:00,37.9
2025-06-12 00:25:00,59.7
2025-06-12 19:22:00,50.29152382078261
2025-06-12 11:20:00,79.8
2025-06-12 08:55:00,50.0
2025-06-12 21:32:00,67.5
2025-06-12 09:17:00,50.29152382078261
2025-06-12 05:22:00,62.5
2025-06-12 09:37:00,19.6
2025-06-12 13:01:00,63.1
2025-06-12 21:10:00,10.2
2025-06-12 02:42:00,6.2
2025-06-12 07:18:00,50.29152382078261
2025-06-12 01:36:00,50.29152382078261
2025-06-12 02:11:00,47.3
2025-06-12 22:10:00,50.29152382078261
2025-06-12 19:37:00,52.0
2025-06-12 14:08:00,29.3
2025-06-12 01:47:00,10.3
2025-06-12 23:29:00,1.9
2025-06-12 23:58:00,23.4
2025-06-12 09:58:00,44.5
2025-06-12 09:09:00,50.29152382078261
2025-06-12 03:46:00,66.6
2025-06-12 23:04:00,65.9
2025-06-12 20:25:00,63.4
2025-06-12 17:31:00,20.8
2025-06-12 03:41:00,50.29152382078261
2025-06-12 17:03:00,47.2
2025-06-12 04:22:00,30.4
2025-06-12 10:39:00,34.8
2025-06-12 17:57:00,13.8
2025-06-12 01:27:00,50.29152382078261
2025-06-12 18:52:00,50.29152382078261
2025-06-12 02:07:00,25.9
2025-06-12 06:30:00,88.4
2025-06-12 01:38:00,99.3
2025-06-12 11:51:00,74.6
2025-06-12 21:36:00,32.3
2025-06-12 21:24:00,23.8
2025-06-12 02:59:00,65.2
2025-06-12 12:39:00,56.5
2025-06-12 10:22:00,3.0
2025-06-12 12:08:00,27.8
2025-06-12 12:07:00,34.6
2025-06-12 21:27:00,69.6
2025-06-12 11:47:00,50.29152382078261
2025-06-12 00:20:00,50.29152382078261
2025-06-12 12:32:00,38.9
2025-06-12 20:58:00,62.1
2025-06-12 00:56:00,89.8
2025-06-12 03:24:00,50.29152382078261
2025-06-12 02:54:00,62.2
2025-06-12 19:48:00,46.4
2025-06-12 04:34:00,50.29152382078261
2025-06-12 13:17:00,50.29152382078261
2025-06-12 02:04:00,65.7
2025-06-12 14:24:00,62.2
2025-06-12 23:09:00,2.7
2025-06-12 23:26:00,33.0
2025-06-12 19:33:00,67.2
2025-06-12 08:43:00,50.29152382078261
2025-06-12 13:14:00,21.7
2025-06-12 09:15:00,11.0
2025-06-12 12:22:00,52.4
2025-06-12 14:11:00,50.29152382078261
2025-06-12 13:30:00,49.8
2025-06-12 19:57:00,50.29152382078261
2025-06-12 22:42:00,1.5
2025-06-12 03:30:00,36.6
2025-06-12 10:31:00,32.9
2025-06-12 07:10:00,64.8
2025-06-12 13:59:00,48.9
2025-06-12 12:28:00,62.0
2025-06-12 22:26:00,50.29152382078261
2025-06-12 22:55:00,62.3
2025-06-12 05:50:00,25.3
2025-06-12 20:45:00,20.9
2025-06-12 09:20:00,29.9
2025-06-12 11:55:00,88.6
2025-06-12 04:33:00,46.7
2025-06-12 04:33:00,50.29152382078261
2025-06-12 09:57:00,35.1
2025-06-12 23:35:00,21.7
2025-06-12 10:06:00,74.0
2025-06-12 04:47:00,17.8
2025-06-12 10:05:00,76.4
2025-06-12 07:33:00,97.7
2025-06-12 08:14:00,50.29152382078261
2025-06-12 09:09:00,9.0
2025-06-12 05:27:00,32.1
2025-06-12 22:59:00,50.29152382078261
2025-06-12 12:23:00,2.7
2025-06-12 09:56:00,51.1
2025-06-12 03:20:00,28.3
2025-06-12 03:26:00,11.1
2025-06-12 05:04:00,50.29152382078261
2025-06-12 07:40:00,30.0
2025-06-12 22:33:00,24.9
2025-06-12 04:14:00,50.29152382078261
2025-06-12 00:12:00,36.1
2025-06-12 15:53:00,8.3
2025-06-12 03:01:00,53.3
2025-06-12 00:55:00,49.1
2025-06-12 03:44:00,65.0
2025-06-12 05:21:00,43.1
2025-06-12 10:14:00,44.6
2025-06-12 01:10:00,66.2
2025-06-12 23:01:00,29.3
2025-06-12 04:56:00,50.29152382078261
2025-06-12 02:30:00,50.29152382078261
2025-06-12 16:37:00,17.4
2025-06-12 03:10:00,8.7
2025-06-12 14:10:00,22.9
2025-06-12 23:59:00,74.8
2025-06-12 19:34:00,97.8
2025-06-12 12:50:00,77.7
2025-06-12 00:09:00,50.29152382078261
2025-06-12 22:33:00,23.1
2025-06-12 06:52:00,17.8
2025-06-12 09:52:00,7.7
2025-06-12 10:20:00,18.4
2025-06-12 05:57:00,90.4
2025-06-12 19:23:00,50.29152382078261
2025-06-12 17:22:00,22.3
2025-06-12 22:54:00,81.0
2025-06-12 01:56:00,78.5
2025-06-12 11:00:00,8.5
2025-06-12 17:05:00,17.1
2025-06-12 18:12:00,25.3
2025-06-12 11:49:00,80.4
2025-06-12 01:59:00,67.9
2025-06-12 18:33:00,50.29152382078261
2025-06-12 22:58:00,61.9
2025-06-12 00:09:00,50.29152382078261
2025-06-12 00:54:00,49.0
2025-06-12 17:37:00,33.7
2025-06-12 04:11:00,73.3
2025-06-12 21:59:00,45.4
2025-06-12 17:54:00,13.8
2025-06-12 23:47:00,45.9
2025-06-12 15:49:00,52.5
2025-06-12 07:20:00,50.29152382078261
2025-06-12 08:16:00,50.29152382078261
2025-06-12 18:04:00,99.4
2025-06-12 10:33:00,50.29152382078261
2025-06-12 14:55:00,50.29152382078261
2025-06-12 02:37:00,85.8
2025-06-12 18:30:00,35.0
2025-06-12 03:09:00,20.1
2025-06-12 15:34:00,10.2
2025-06-12 00:55:00,33.0
2025-06-12 02:03:00,72.3
2025-06-12 10:13:00,93.8
2025-06-12 00:02:00,50.29152382078261
2025-06-12 05:08:00,95.8
2025-06-12 11:13:00,63.1
2025-06-12 23:32:00,81.1
2025-06-12 12:41:00,48.0
2025-06-12 17:44:00,92.5
2025-06-12 06:12:00,15.9
2025-06-12 01:21:00,19.2
2025-06-12 15:56:00,52.1
2025-06-12 18:59:00,40.1
2025-06-12 07:16:00,62.5
2025-06-12 20:11:00,53.0
2025-06-12 01:34:00,99.9
2025-06-12 03:13:00,62.0
2025-06-12 12:16:00,60.3
2025-06-12 17:36:00,25.4
2025-06-12 09:10:00,90.2
2025-06-12 05:49:00,63.9
2025-06-12 07:11:00,67.2
2025-06-12 02:02:00,78.3
2025-06-12 07:54:00,1.9
2025-06-12 08:03:00,6.1
2025-06-12 20:00:00,50.29152382078261
2025-06-12 02:11:00,50.29152382078261
2025-06-12 23:32:00,32.2
2025-06-12 19:15:00,97.7
2025-06-12 07:14:00,73.5
2025-06-12 05:10:00,58.9
2025-06-12 14:07:00,19.0
2025-06-12 15:14:00,50.29152382078261
2025-06-12 18:55:00,81.3
2025-06-12 19:51:00,12.2
2025-06-12 06:04:00,50.15830883217688
2025-06-12 18:43:00,92.7
2025-06-12 14:58:00,2.2
2025-06-12 19:42:00,80.5
2025-06-12 12:01:00,45.4
2025-06-12 07:25:00,15.7
2025-06-12 02:08:00,51.5
2025-06-12 17:31:00,3.7
2025-06-12 07:43:00,27.7
2025-06-12 22:12:00,13.3
2025-06-12 06:26:00,97.1
2025-06-12 04:18:00,77.3
2025-06-12 12:13:00,36.1
2025-06-12 21:20:00,38.6
2025-06-12 04:30:00,50.15830883217688
2025-06-12 05:10:00,1.3
2025-06-12 12:22:00,14.3
2025-06-12 01:56:00,41.1
2025-06-12 08:52:00,16.9
2025-06-12 02:58:00,50.15830883217688
2025-06-12 05:36:00,39.3
2025-06-12 00:40:00,42.6
2025-06-12 02:13:00,78.1
2025-06-12 19:02:00,50.15830883217688
2025-06-12 23:22:00,50.15830883217688
2025-06-12 03:16:00,88.0
2025-06-12 14:13:00,13.0
2025-06-12 00:51:00,9.5
2025-06-12 09:50:00,77.8
2025-06-12 21:43:00,93.4
2025-06-12 08:48:00,50.15830883217688
2025-06-12 09:59:00,18.6
2025-06-12 05:32:00,41.0
2025-06-12 14:16:00,97.0
2025-06-12 05:45:00,50.15830883217688
2025-06-12 01:08:00,82.5
2025-06-12 11:18:00,92.6
2025-06-12 18:33:00,97.5
2025-06-12 09:54:00,50.15830883217688
2025-06-12 05:21:00,20.2
2025-06-12 14:33:00,81.9
2025-06-12 18:44:00,99.1
2025-06-12 07:07:00,89.1
2025-06-12 09:57:00,58.8
2025-06-12 23:27:00,50.15830883217688
2025-06-12 12:32:00,32.2
2025-06-12 03:36:00,61.3
2025-06-12 13:12:00,45.5
2025-06-12 06:25:00,50.15830883217688
2025-06-12 20:50:00,38.4
2025-06-12 20:45:00,50.15830883217688
2025-06-12 22:10:00,49.9
2025-06-12 22:16:00,30.9
2025-06-12 09:40:00,86.0
2025-06-12 02:31:00,64.6
2025-06-12 08:00:00,50.15830883217688
2025-06-12 19:12:00,46.1
2025-06-12 18:27:00,50.15830883217688
2025-06-12 08:03:00,80.5
2025-06-12 18:23:00,51.3
2025-06-12 18:15:00,75.9
2025-06-12 05:09:00,3.3
2025-06-12 17:39:00,38.9
2025-06-12 12:24:00,21.4
2025-06-12 03:51:00,50.15830883217688
2025-06-12 00:38:00,50.15830883217688
2025-06-12 07:13:00,14.9
2025-06-12 10:12:00,66.1
2025-06-12 03:16:00,50.15830883217688
2025-06-12 15:33:00,50.3
2025-06-12 07:22:00,47.0
2025-06-12 01:04:00,78.0
2025-06-12 02:07:00,20.1
2025-06-12 06:21:00,45.8
2025-06-12 04:07:00,3.9
2025-06-12 14:53:00,16.8
2025-06-12 23:39:00,74.7
2025-06-12 08:26:00,63.8
2025-06-12 02:42:00,59.2
2025-06-12 06:53:00,54.9
2025-06-12 16:42:00,72.1
2025-06-12 12:17:00,50.15830883217688
2025-06-12 19:01:00,37.4
2025-06-12 06:40:00,62.4
2025-06-12 07:42:00,12.0
2025-06-12 18:07:00,0.6
2025-06-12 16:51:00,90.6
2025-06-12 04:23:00,45.8
2025-06-12 04:04:00,99.9
2025-06-12 07:25:00,91.8
2025-06-12 22:59:00,97.5
2025-06-12 05:18:00,28.4
2025-06-12 17:12:00,61.7
2025-06-12 18:47:00,89.4
2025-06-12 18:51:00,93.9
2025-06-12 19:18:00,99.0
2025-06-12 05:48:00,71.1
2025-06-12 12:24:00,26.1
2025-06-12 06:16:00,50.15830883217688
2025-06-12 05:22:00,50.15830883217688
2025-06-12 05:54:00,37.3
2025-06-12 18:10:00,8.6
2025-06-12 12:33:00,6.2
2025-06-12 21:25:00,19.9
2025-06-12 10:57:00,50.15830883217688
2025-06-12 02:07:00,88.2
2025-06-12 22:20:00,44.5
2025-06-12 12:50:00,33.6
2025-06-12 00:11:00,47.2
2025-06-12 04:45:00,74.4
2025-06-12 13:55:00,4.5
2025-06-12 06:28:00,66.8
2025-06-12 03:10:00,10.3
2025-06-12 23:28:00,75.7
2025-06-12 04:58:00,59.4
2025-06-12 03:41:00,79.7
2025-06-12 21:08:00,58.0
2025-06-12 20:42:00,28.6
2025-06-12 21:04:00,50.15830883217688
2025-06-12 13:35:00,34.0
2025-06-12 04:10:00,55.2
2025-06-12 13:16:00,8.4
2025-06-12 12:24:00,33.1
2025-06-12 07:20:00,43.1
2025-06-12 18:06:00,66.5
2025-06-12 07:14:00,65.5
2025-06-12 13:47:00,28.7
2025-06-12 03:01:00,51.8
2025-06-12 21:50:00,7.9
2025-06-12 07:28:00,97.7
2025-06-12 07:00:00,15.9
2025-06-12 23:51:00,1.3
2025-06-12 06:45:00,8.0
2025-06-12 11:31:00,61.8
2025-06-12 06:28:00,0.7
2025-06-12 01:10:00,5.6
2025-06-12 05:42:00,6.1
2025-06-12 16:39:00,48.3
2025-06-12 21:58:00,30.6
2025-06-12 17:36:00,95.8
2025-06-12 09:30:00,36.7
2025-06-12 20:49:00,55.7
2025-06-12 09:32:00,50.15830883217688
2025-06-12 00:28:00,50.15830883217688
2025-06-12 10:29:00,24.6
2025-06-12 16:46:00,67.8
2025-06-12 07:16:00,50.15830883217688
2025-06-12 03:05:00,42.7
2025-06-12 16:08:00,90.8
2025-06-12 02:22:00,24.2
2025-06-12 00:13:00,56.2
2025-06-12 07:56:00,38.5
2025-06-12 22:50:00,85.0
2025-06-12 23:36:00,92.8
2025-06-12 01:35:00,32.3
2025-06-12 14:33:00,37.8
2025-06-12 18:47:00,1.9
2025-06-12 04:04:00,50.15830883217688
2025-06-12 09:29:00,84.9
2025-06-12 16:20:00,15.5
2025-06-12 11:39:00,46.7
2025-06-12 23:05:00,81.7
2025-06-12 10:48:00,50.15830883217688
2025-06-12 07:17:00,29.5
2025-06-12 23:36:00,32.1
2025-06-12 00:21:00,62.4
2025-06-12 17:18:00,79.7
2025-06-12 17:33:00,90.8
2025-06-12 10:14:00,3.2
2025-06-12 17:00:00,8.8
2025-06-12 07:46:00,74.6
2025-06-12 05:15:00,33.4
2025-06-12 15:08:00,60.7
2025-06-12 00:18:00,95.0
2025-06-12 13:11:00,49.3
2025-06-12 19:23:00,50.15830883217688
2025-06-12 17:28:00,44.9
2025-06-12 16:15:00,25.8
2025-06-12 06:55:00,96.6
2025-06-12 00:29:00,59.5
2025-06-12 21:32:00,50.15830883217688
2025-06-12 22:39:00,77.9
2025-06-12 01:32:00,83.5
2025-06-12 09:32:00,58.8
2025-06-12 15:16:00,97.0
2025-06-12 04:06:00,14.3
2025-06-12 20:56:00,86.7
2025-06-12 14:00:00,84.5
2025-06-12 08:39:00,58.1
2025-06-12 23:49:00,29.2
2025-06-12 07:24:00,92.2
2025-06-12 20:48:00,54.5
2025-06-12 17:05:00,98.8
2025-06-12 19:17:00,12.3
2025-06-12 20:18:00,50.15830883217688
2025-06-12 17:19:00,50.15830883217688
2025-06-12 18:36:00,22.0
2025-06-12 08:49:00,43.4
2025-06-12 18:45:00,48.1
2025-06-12 00:50:00,79.5
2025-06-12 10:23:00,41.1
2025-06-12 14:19:00,71.0
2025-06-12 07:20:00,26.6
2025-06-12 03:10:00,14.2
2025-06-12 01:18:00,55.1
2025-06-12 17:35:00,50.15830883217688
2025-06-12 19:56:00,57.2
2025-06-12 22:52:00,92.8
2025-06-12 06:42:00,84.5
2025-06-12 20:28:00,84.2
2025-06-12 08:03:00,50.15830883217688
2025-06-12 04:28:00,25.8
2025-06-12 12:24:00,57.9
2025-06-12 05:07:00,50.15830883217688
2025-06-12 20:28:00,19.0
2025-06-12 16:02:00,43.5
2025-06-12 10:32:00,74.3
2025-06-12 12:56:00,9.7
2025-06-12 11:11:00,2.9
2025-06-12 08:15:00,70.0
2025-06-12 06:13:00,50.15830883217688
2025-06-12 09:51:00,78.8
2025-06-12 19:55:00,59.5
2025-06-12 01:46:00,90.1
2025-06-12 01:44:00,46.2
2025-06-12 11:57:00,39.2
2025-06-12 23:29:00,6.6
2025-06-12 20:43:00,39.8
2025-06-12 03:06:00,50.15830883217688
2025-06-12 14:19:00,64.1
2025-06-12 12:59:00,8.4
2025-06-12 03:20:00,69.2
2025-06-12 01:04:00,4.9
2025-06-12 12:16:00,50.15830883217688
2025-06-12 05:28:00,86.4
2025-06-12 07:59:00,90.7
2025-06-12 22:28:00,64.9
2025-06-12 21:52:00,66.7
2025-06-12 21:08:00,12.5
2025-06-12 03:38:00,54.0
2025-06-12 21:10:00,1.3
2025-06-12 00:33:00,43.6
2025-06-12 19:31:00,59.0
2025-06-12 03:46:00,50.15830883217688
2025-06-12 22:47:00,48.5
2025-06-12 17:14:00,83.4
2025-06-12 08:18:00,61.7
2025-06-12 20:35:00,6.5
2025-06-12 06:18:00,80.5
2025-06-12 09:18:00,86.3
2025-06-12 09:05:00,37.2
2025-06-12 21:28:00,39.2
2025-06-12 13:57:00,40.0
2025-06-12 21:18:00,75.4
2025-06-12 19:02:00,50.15830883217688
2025-06-12 14:50:00,98.8
2025-06-12 17:03:00,56.9
2025-06-12 19:33:00,72.5
2025-06-12 01:06:00,37.6
2025-06-12 12:22:00,50.15830883217688
2025-06-12 04:56:00,50.15830883217688
2025-06-12 11:16:00,50.15830883217688
2025-06-12 22:05:00,30.0
2025-06-12 11:33:00,69.3
2025-06-12 03:34:00,32.8
2025-06-12 14:19:00,97.0
2025-06-12 17:14:00,57.8
2025-06-12 16:17:00,16.6
2025-06-12 13:31:00,50.15830883217688
2025-06-12 23:27:00,84.3
2025-06-12 05:44:00,12.8
2025-06-12 08:58:00,28.3
2025-06-12 16:39:00,65.6
2025-06-12 17:52:00,66.4
2025-06-12 10:57:00,62.7
2025-06-12 19:35:00,27.1
2025-06-12 04:14:00,97.5
2025-06-12 03:23:00,85.2
2025-06-12 19:03:00,4.7
2025-06-12 06:12:00,50.15830883217688
2025-06-12 07:09:00,81.9
2025-06-12 06:09:00,86.8
2025-06-12 01:30:00,17.4
2025-06-12 15:08:00,41.1
2025-06-12 15:42:00,50.15830883217688
2025-06-12 12:03:00,59.8
2025-06-12 11:43:00,50.15830883217688
2025-06-12 05:27:00,25.2
2025-06-12 10:03:00,70.5
2025-06-12 13:37:00,85.5
2025-06-12 08:55:00,97.2
2025-06-12 10:09:00,22.4
2025-06-12 20:35:00,50.15830883217688
2025-06-12 19:45:00,8.3
2025-06-12 11:07:00,50.15830883217688
2025-06-12 15:15:00,82.9
2025-06-12 17:36:00,50.15830883217688
2025-06-12 06:44:00,61.0
2025-06-12 15:32:00,75.3
2025-06-12 19:38:00,69.4
2025-06-12 03:17:00,42.9
2025-06-12 00:44:00,45.2
2025-06-12 13:54:00,50.15830883217688
2025-06-12 01:07:00,92.1
2025-06-12 09:04:00,83.2
2025-06-12 03:12:00,89.1
2025-06-12 06:05:00,40.7
2025-06-12 09:05:00,33.8
2025-06-12 19:19:00,68.8
2025-06-12 05:57:00,92.9
2025-06-12 06:46:00,50.15830883217688
2025-06-12 08:10:00,94.9
2025-06-12 08:36:00,81.2
2025-06-12 21:41:00,42.3
2025-06-12 23:53:00,46.9
2025-06-12 09:27:00,16.9
2025-06-12 19:13:00,52.2
2025-06-12 05:59:00,85.0
2025-06-12 07:21:00,29.6
2025-06-12 09:11:00,15.9
2025-06-12 20:36:00,12.8
2025-06-12 06:19:00,76.9
2025-06-12 00:42:00,63.4
2025-06-12 03:22:00,98.4
2025-06-12 14:02:00,32.1
2025-06-12 10:06:00,3.4
2025-06-12 04:28:00,96.6
2025-06-12 18:39:00,51.2
2025-06-12 13:06:00,36.5
2025-06-12 07:09:00,92.1
2025-06-12 21:22:00,61.6
2025-06-12 02:30:00,31.5
2025-06-12 10:44:00,68.5
2025-06-12 02:12:00,4.6
2025-06-12 13:43:00,50.5
2025-06-12 03:18:00,50.8
2025-06-12 08:57:00,75.9
2025-06-12 07:11:00,19.9
2025-06-12 22:45:00,20.9
2025-06-12 14:51:00,83.4
2025-06-12 13:17:00,50.05645730416373
2025-06-12 18:18:00,47.7
2025-06-12 10:43:00,52.3
2025-06-12 01:47:00,36.0
2025-06-12 10:14:00,62.1
2025-06-12 09:55:00,50.05645730416373
2025-06-12 07:00:00,40.3
2025-06-12 14:13:00,1.5
2025-06-12 11:30:00,25.3
2025-06-12 08:54:00,80.8
2025-06-12 17:34:00,80.2
2025-06-12 22:40:00,64.2
2025-06-12 06:13:00,88.4
2025-06-12 03:56:00,41.7
2025-06-12 02:16:00,17.3
2025-06-12 04:16:00,47.6
2025-06-12 21:14:00,7.9
2025-06-12 07:05:00,50.05645730416373
2025-06-12 01:50:00,41.1
2025-06-12 23:32:00,9.2
2025-06-12 11:52:00,28.0
2025-06-12 23:50:00,47.1
2025-06-12 22:40:00,48.2
2025-06-12 15:22:00,3.9
2025-06-12 16:00:00,87.0
2025-06-12 00:44:00,73.7
2025-06-12 16:10:00,72.3
2025-06-12 14:14:00,5.2
2025-06-12 19:45:00,55.2
2025-06-12 02:54:00,50.05645730416373
2025-06-12 22:42:00,81.9
2025-06-12 12:02:00,50.05645730416373
2025-06-12 18:55:00,50.05645730416373
2025-06-12 18:44:00,50.9
2025-06-12 02:50:00,25.6
2025-06-12 10:27:00,50.05645730416373
2025-06-12 10:45:00,58.5
2025-06-12 15:17:00,36.6
2025-06-12 08:28:00,17.8
2025-06-12 11:45:00,45.4
2025-06-12 03:12:00,42.9
2025-06-12 23:58:00,50.05645730416373
2025-06-12 22:56:00,64.3
2025-06-12 22:08:00,31.8
2025-06-12 20:29:00,50.05645730416373
2025-06-12 06:22:00,85.3
2025-06-12 00:47:00,37.4
2025-06-12 00:35:00,79.9
2025-06-12 14:30:00,47.9
2025-06-12 21:49:00,69.3
2025-06-12 20:49:00,50.05645730416373
2025-06-12 14:47:00,68.6
2025-06-12 23:07:00,17.7
2025-06-12 06:52:00,59.1
2025-06-12 19:24:00,75.8
2025-06-12 02:09:00,68.1
2025-06-12 12:27:00,58.4
2025-06-12 20:22:00,50.05645730416373
2025-06-12 06:17:00,50.05645730416373
2025-06-12 20:32:00,56.9
2025-06-12 17:01:00,85.7
2025-06-12 04:06:00,19.9
2025-06-12 12:23:00,41.1
2025-06-12 06:39:00,57.0
2025-06-12 03:51:00,44.6
2025-06-12 13:08:00,73.1
2025-06-12 04:37:00,90.5
2025-06-12 04:25:00,30.6
2025-06-12 11:03:00,26.9
2025-06-12 03:21:00,76.1
2025-06-12 22:24:00,69.7
2025-06-12 03:09:00,83.9
2025-06-12 22:20:00,30.9
2025-06-12 12:04:00,22.5
2025-06-12 22:15:00,28.7
2025-06-12 23:30:00,80.1
2025-06-12 22:01:00,93.3
2025-06-12 21:06:00,50.05645730416373
2025-06-12 01:33:00,17.5
2025-06-12 04:48:00,47.1
2025-06-12 19:34:00,99.7
2025-06-12 18:17:00,39.3
2025-06-12 11:25:00,24.8
2025-06-12 14:42:00,97.3
2025-06-12 03:11:00,39.1
2025-06-12 01:33:00,50.05645730416373
2025-06-12 16:29:00,50.05645730416373
2025-06-12 06:33:00,50.05645730416373
2025-06-12 06:13:00,11.8
2025-06-12 22:09:00,50.05645730416373
2025-06-12 18:16:00,94.8
2025-06-12 03:16:00,60.1
2025-06-12 16:36:00,31.6
2025-06-12 18:32:00,95.5
2025-06-12 17:30:00,60.3
2025-06-12 22:29:00,64.7
2025-06-12 09:17:00,25.1
2025-06-12 11:59:00,50.05645730416373
2025-06-12 16:00:00,69.1
2025-06-12 10:26:00,26.4
2025-06-12 16:40:00,76.3
2025-06-12 09:07:00,80.2
2025-06-12 12:06:00,19.2
2025-06-12 18:47:00,22.2
2025-06-12 11:11:00,43.6
2025-06-12 21:49:00,68.7
2025-06-12 04:07:00,73.9
2025-06-12 17:40:00,95.8
2025-06-12 08:37:00,93.6
2025-06-12 01:11:00,43.6
2025-06-12 21:34:00,60.1
2025-06-12 16:20:00,23.2
2025-06-12 12:52:00,5.3
2025-06-12 17:38:00,12.7
2025-06-12 14:44:00,49.5
2025-06-12 13:14:00,50.05645730416373
2025-06-12 08:16:00,86.4
2025-06-12 13:28:00,20.4
2025-06-12 05:41:00,13.8
2025-06-12 08:17:00,51.2
2025-06-12 03:20:00,72.6
2025-06-12 14:57:00,50.05645730416373
2025-06-12 05:37:00,37.0
2025-06-12 15:53:00,64.5
2025-06-12 11:01:00,2.8
2025-06-12 07:10:00,47.0
2025-06-12 11:43:00,93.3
2025-06-12 08:16:00,85.6
2025-06-12 20:31:00,91.6
2025-06-12 09:56:00,13.4
2025-06-12 05:58:00,95.3
2025-06-12 14:20:00,50.05645730416373
2025-06-12 01:38:00,6.6
2025-06-12 05:17:00,56.3
2025-06-12 02:44:00,92.7
2025-06-12 08:43:00,49.2
2025-06-12 19:17:00,55.5
2025-06-12 23:23:00,97.4
2025-06-12 13:35:00,11.6
2025-06-12 23:13:00,87.8
2025-06-12 16:39:00,15.8
2025-06-12 02:34:00,61.3
2025-06-12 07:25:00,51.6
2025-06-12 12:49:00,21.9
2025-06-12 09:55:00,70.9
2025-06-12 08:21:00,29.2
2025-06-12 18:58:00,11.3
2025-06-12 07:38:00,47.9
2025-06-12 15:39:00,9.5
2025-06-12 07:45:00,7.9
2025-06-12 03:01:00,16.4
2025-06-12 18:00:00,59.3
2025-06-12 14:03:00,16.5
2025-06-12 12:39:00,28.2
2025-06-12 01:13:00,50.05645730416373
2025-06-12 04:33:00,50.05645730416373
2025-06-12 04:13:00,89.7
2025-06-12 06:29:00,32.8
2025-06-12 14:23:00,20.3
2025-06-12 02:31:00,50.05645730416373
2025-06-12 07:04:00,68.8
2025-06-12 21:49:00,31.0
2025-06-12 06:35:00,33.6
2025-06-12 16:19:00,85.4
2025-06-12 08:28:00,50.05645730416373
2025-06-12 08:30:00,50.05645730416373
2025-06-12 10:00:00,77.8
2025-06-12 04:40:00,50.05645730416373
2025-06-12 21:05:00,15.9
2025-06-12 15:59:00,92.1
2025-06-12 01:42:00,87.2
2025-06-12 01:56:00,60.1
2025-06-12 20:13:00,31.1
2025-06-12 13:21:00,63.3
2025-06-12 21:33:00,5.1
2025-06-12 00:07:00,38.8
2025-06-12 19:42:00,50.05645730416373
2025-06-12 01:21:00,31.6
2025-06-12 08:42:00,28.7
2025-06-12 18:43:00,35.9
2025-06-12 09:48:00,49.7
2025-06-12 19:00:00,43.5
2025-06-12 15:18:00,50.05645730416373
2025-06-12 07:54:00,50.05645730416373
2025-06-12 19:23:00,35.4
2025-06-12 11:26:00,12.4
2025-06-12 03:14:00,21.6
2025-06-12 05:16:00,71.8
2025-06-12 21:47:00,74.7
2025-06-12 14:08:00,50.05645730416373
2025-06-12 19:45:00,50.05645730416373
2025-06-12 22:50:00,38.4
2025-06-12 22:07:00,80.3
2025-06-12 18:41:00,1.9
2025-06-12 15:51:00,50.05645730416373
2025-06-12 15:52:00,69.5
2025-06-12 19:26:00,50.05645730416373
2025-06-12 08:22:00,68.0
2025-06-12 16:41:00,50.05645730416373
2025-06-12 00:52:00,2.8
2025-06-12 00:22:00,50.05645730416373
2025-06-12 09:16:00,83.5
2025-06-12 04:11:00,97.0
2025-06-12 09:35:00,27.4
2025-06-12 01:15:00,35.3
2025-06-12 09:37:00,71.5
2025-06-12 00:10:00,76.5
2025-06-12 06:58:00,90.1
2025-06-12 11:41:00,58.3
2025-06-12 20:53:00,0.7
2025-06-12 05:19:00,18.9
2025-06-12 16:54:00,50.05645730416373
2025-06-12 11:37:00,27.3
2025-06-12 14:28:00,50.05645730416373
2025-06-12 21:19:00,67.6
2025-06-12 19:21:00,46.6
2025-06-12 06:28:00,37.3
2025-06-12 01:48:00,67.8
2025-06-12 03:50:00,50.05645730416373
2025-06-12 21:04:00,98.1
2025-06-12 18:56:00,73.2
2025-06-12 21:43:00,58.7
2025-06-12 18:21:00,32.7
2025-06-12 13:15:00,61.5
2025-06-12 23:41:00,21.4
2025-06-12 05:51:00,16.5
2025-06-12 06:20:00,87.4
2025-06-12 13:05:00,56.6
2025-06-12 00:23:00,27.6
2025-06-12 18:39:00,56.5
2025-06-12 18:28:00,91.5
2025-06-12 02:57:00,50.05645730416373
2025-06-12 07:16:00,86.9
2025-06-12 00:14:00,4.7
2025-06-12 21:22:00,48.2
2025-06-12 04:08:00,18.3
2025-06-12 02:12:00,97.4
2025-06-12 18:11:00,8.6
2025-06-12 10:38:00,1.2
2025-06-12 03:54:00,12.2
2025-06-12 00:01:00,89.9
2025-06-12 03:01:00,88.2
2025-06-12 16:08:00,50.05645730416373
2025-06-12 10:11:00,39.3
2025-06-12 22:21:00,64.9
2025-06-12 23:57:00,7.1
2025-06-12 17:27:00,15.5
2025-06-12 16:52:00,75.6
2025-06-12 05:04:00,77.5
2025-06-12 01:23:00,63.1
2025-06-12 03:15:00,0.9
2025-06-12 03:52:00,50.05645730416373
2025-06-12 15:45:00,9.9
2025-06-12 23:29:00,50.05645730416373
2025-06-12 02:10:00,92.8
2025-06-12 23:53:00,58.2
2025-06-12 02:33:00,38.7
2025-06-12 03:57:00,50.05645730416373
2025-06-12 01:03:00,28.1
2025-06-12 20:25:00,72.1
2025-06-12 18:55:00,50.05645730416373
2025-06-12 00:02:00,61.0
2025-06-12 19:15:00,24.9
2025-06-12 15:25:00,43.3
2025-06-12 07:07:00,73.3
2025-06-12 06:54:00,62.9
2025-06-12 16:18:00,60.1
2025-06-12 02:00:00,9.8
2025-06-12 21:43:00,55.1
2025-06-12 23:02:00,50.05645730416373
2025-06-12 12:09:00,77.7
2025-06-12 19:58:00,28.4
2025-06-12 06:37:00,64.6
2025-06-12 15:44:00,40.8
2025-06-12 13:53:00,14.8
2025-06-12 11:07:00,28.6
2025-06-12 09:25:00,64.2
2025-06-12 08:57:00,33.8
2025-06-12 15:35:00,31.3
2025-06-12 09:38:00,56.2
2025-06-12 00:36:00,3.7
2025-06-12 21:23:00,50.05645730416373
2025-06-12 23:42:00,67.8
2025-06-12 15:19:00,26.2
2025-06-12 17:34:00,50.05645730416373
2025-06-12 03:04:00,37.7
2025-06-12 23:11:00,28.0
2025-06-12 20:58:00,66.4
2025-06-12 01:17:00,70.7
2025-06-12 06:19:00,59.1
2025-06-12 11:19:00,3.8
2025-06-12 08:16:00,50.2
2025-06-12 05:57:00,7.9
2025-06-12 11:18:00,67.6
2025-06-12 18:03:00,34.8
2025-06-12 06:08:00,23.2
2025-06-12 11:02:00,50.05645730416373
2025-06-12 15:03:00,50.05645730416373
2025-06-12 17:08:00,50.05645730416373
2025-06-12 05:49:00,36.4
2025-06-12 02:58:00,64.5
2025-06-12 12:45:00,8.0
2025-06-12 11:05:00,21.4
2025-06-12 01:11:00,95.3
2025-06-12 03:36:00,98.7
2025-06-12 03:09:00,66.3
2025-06-12 12:02:00,71.3
2025-06-12 21:25:00,55.2
2025-06-12 20:38:00,96.6
2025-06-12 14:18:00,24.1
2025-06-12 02:36:00,50.05645730416373
2025-06-12 19:36:00,68.1
2025-06-12 00:38:00,27.5
2025-06-12 22:28:00,99.1
2025-06-12 15:58:00,11.3
2025-06-12 15:50:00,85.0
2025-06-12 12:35:00,14.6
2025-06-12 06:39:00,43.6
2025-06-12 13:09:00,87.8
2025-06-12 02:36:00,47.5
2025-06-12 08:13:00,15.2
2025-06-12 01:51:00,43.3
2025-06-12 18:39:00,66.8
2025-06-12 22:07:00,47.2
2025-06-12 10:47:00,20.5
2025-06-12 16:04:00,10.8
2025-06-12 23:39:00,69.0
2025-06-12 05:39:00,40.8
2025-06-12 05:08:00,29.4
2025-06-12 18:00:00,97.6
2025-06-12 08:27:00,38.3
2025-06-12 21:44:00,1.1
2025-06-12 10:24:00,20.3
2025-06-12 23:41:00,50.05645730416373
2025-06-12 14:18:00,50.05645730416373
2025-06-12 17:41:00,71.1
2025-06-12 15:52:00,50.05645730416373
2025-06-12 14:03:00,22.2
2025-06-12 14:58:00,49.90502819548872
2025-06-12 12:45:00,95.3
2025-06-12 01:00:00,84.1
2025-06-12 12:12:00,42.1
2025-06-12 12:34:00,49.90502819548872
2025-06-12 20:12:00,5.9
2025-06-12 08:58:00,98.1
2025-06-12 07:12:00,44.1
2025-06-12 13:03:00,5.7
2025-06-12 15:14:00,83.2
2025-06-12 08:58:00,78.6
2025-06-12 15:48:00,26.8
2025-06-12 04:23:00,19.6
2025-06-12 18:24:00,72.0
2025-06-12 22:15:00,61.1
2025-06-12 01:28:00,28.3
2025-06-12 01:44:00,52.4
2025-06-12 07:32:00,49.90502819548872
2025-06-12 19:17:00,54.5
2025-06-12 10:51:00,49.0
2025-06-12 01:03:00,94.7
2025-06-12 22:46:00,5.8
2025-06-12 09:21:00,57.3
2025-06-12 22:39:00,49.90502819548872
2025-06-12 20:49:00,49.90502819548872
2025-06-12 14:40:00,68.5
2025-06-12 13:42:00,59.4
2025-06-12 02:08:00,62.5
2025-06-12 20:22:00,90.5
2025-06-12 03:35:00,49.90502819548872
2025-06-12 22:11:00,42.9
2025-06-12 03:50:00,11.8
2025-06-12 01:34:00,49.90502819548872
2025-06-12 16:35:00,27.7
2025-06-12 10:12:00,1.3
2025-06-12 01:05:00,14.2
2025-06-12 11:20:00,24.9
2025-06-12 08:32:00,53.2
2025-06-12 19:23:00,50.0
2025-06-12 09:29:00,42.7
2025-06-12 15:42:00,5.4
2025-06-12 09:34:00,76.8
2025-06-12 22:42:00,61.5
2025-06-12 14:06:00,11.8
2025-06-12 23:34:00,9.1
2025-06-12 10:14:00,49.90502819548872
2025-06-12 20:55:00,46.5
2025-06-12 10:42:00,4.5
2025-06-12 13:53:00,61.0
2025-06-12 23:11:00,84.9
2025-06-12 12:33:00,73.8
2025-06-12 09:47:00,33.7
2025-06-12 09:12:00,57.8
2025-06-12 06:18:00,49.90502819548872
2025-06-12 06:19:00,3.5
2025-06-12 17:23:00,49.90502819548872
2025-06-12 16:01:00,1.6
2025-06-12 07:03:00,27.1
2025-06-12 16:02:00,49.90502819548872
2025-06-12 16:40:00,85.6
2025-06-12 00:02:00,80.8
2025-06-12 07:08:00,58.9
2025-06-12 00:44:00,75.4
2025-06-12 05:55:00,47.0
2025-06-12 16:36:00,44.6
2025-06-12 04:49:00,8.4
2025-06-12 16:57:00,60.3
2025-06-12 14:24:00,23.3
2025-06-12 01:46:00,79.6
2025-06-12 09:08:00,63.1
2025-06-12 08:12:00,78.5
2025-06-12 12:20:00,46.3
2025-06-12 09:55:00,49.90502819548872
2025-06-12 21:01:00,52.9
2025-06-12 00:57:00,39.7
2025-06-12 19:50:00,70.0
2025-06-12 03:20:00,3.4
2025-06-12 15:07:00,49.90502819548872
2025-06-12 16:56:00,60.5
2025-06-12 04:25:00,49.90502819548872
2025-06-12 02:06:00,64.5
2025-06-12 03:38:00,49.90502819548872
2025-06-12 14:07:00,49.90502819548872
2025-06-12 19:48:00,5.0
2025-06-12 20:25:00,86.4
2025-06-12 13:03:00,49.90502819548872
2025-06-12 04:50:00,34.5
2025-06-12 15:54:00,3.5
2025-06-12 19:42:00,89.7
2025-06-12 23:16:00,49.90502819548872
2025-06-12 14:37:00,3.3
2025-06-12 23:47:00,92.9
2025-06-12 05:43:00,19.6
2025-06-12 02:38:00,4.6
2025-06-12 20:26:00,68.1
2025-06-12 21:22:00,76.8
2025-06-12 08:27:00,80.0
2025-06-12 19:15:00,23.4
2025-06-12 11:53:00,51.7
2025-06-12 07:25:00,72.5
2025-06-12 17:34:00,39.0
2025-06-12 19:26:00,28.9
2025-06-12 22:42:00,66.7
2025-06-12 03:22:00,80.8
2025-06-12 17:56:00,51.3
2025-06-12 11:03:00,49.90502819548872
2025-06-12 07:13:00,15.1
2025-06-12 01:33:00,89.1
2025-06-12 19:45:00,23.0
2025-06-12 20:51:00,17.6
2025-06-12 22:24:00,53.9
2025-06-12 14:18:00,89.2
2025-06-12 22:15:00,89.7
2025-06-12 19:22:00,94.1
2025-06-12 06:26:00,49.90502819548872
2025-06-12 19:08:00,67.7
2025-06-12 18:41:00,94.7
2025-06-12 22:36:00,11.6
2025-06-12 05:40:00,29.1
2025-06-12 10:21:00,66.4
2025-06-12 12:45:00,36.8
2025-06-12 11:59:00,59.1
2025-06-12 09:23:00,76.8
2025-06-12 19:24:00,92.2
2025-06-12 22:38:00,49.90502819548872
2025-06-12 15:09:00,29.7
2025-06-12 18:23:00,41.9
2025-06-12 18:59:00,49.90502819548872
2025-06-12 02:40:00,24.7
2025-06-12 19:31:00,9.3
2025-06-12 03:15:00,94.4
2025-06-12 12:02:00,70.4
2025-06-12 06:06:00,19.9
2025-06-12 06:36:00,86.0
2025-06-12 18:05:00,8.0
2025-06-12 10:05:00,49.90502819548872
2025-06-12 19:09:00,59.6
2025-06-12 16:05:00,97.6
2025-06-12 20:53:00,98.9
2025-06-12 09:39:00,49.90502819548872
2025-06-12 18:41:00,33.3
2025-06-12 00:35:00,86.2
2025-06-12 05:13:00,54.4
2025-06-12 03:27:00,73.6
2025-06-12 17:07:00,84.0
2025-06-12 21:57:00,96.1
2025-06-12 10:55:00,89.4
2025-06-12 08:56:00,99.1
2025-06-12 18:46:00,47.0
2025-06-12 05:10:00,42.3
2025-06-12 06:01:00,14.4
2025-06-12 02:43:00,21.8
2025-06-12 22:13:00,29.3
2025-06-12 19:59:00,49.90502819548872
2025-06-12 22:43:00,92.5
2025-06-12 17:26:00,49.90502819548872
2025-06-12 19:13:00,32.2
2025-06-12 07:25:00,29.6
2025-06-12 06:01:00,18.7
2025-06-12 17:05:00,85.0
2025-06-12 10:20:00,4.0
2025-06-12 15:27:00,14.3
2025-06-12 08:43:00,36.1
2025-06-12 06:42:00,13.9
2025-06-12 09:44:00,31.6
2025-06-12 05:35:00,50.1
2025-06-12 00:57:00,49.90502819548872
2025-06-12 21:04:00,11.3
2025-06-12 15:33:00,49.90502819548872
2025-06-12 09:46:00,49.90502819548872
2025-06-12 06:38:00,68.9
2025-06-12 02:10:00,29.8
2025-06-12 01:14:00,33.0
2025-06-12 03:02:00,24.5
2025-06-12 05:17:00,49.90502819548872
2025-06-12 05:23:00,49.90502819548872
2025-06-12 00:52:00,87.9
2025-06-12 08:17:00,83.2
2025-06-12 07:03:00,57.6
2025-06-12 17:38:00,88.8
2025-06-12 00:22:00,90.2
2025-06-12 19:38:00,3.8
2025-06-12 06:12:00,88.0
2025-06-12 21:02:00,49.90502819548872
2025-06-12 23:18:00,61.2
2025-06-12 12:53:00,76.6
2025-06-12 20:38:00,63.0
2025-06-12 20:08:00,33.5
2025-06-12 13:20:00,0.2
2025-06-12 19:26:00,49.90502819548872
2025-06-12 11:21:00,6.7
2025-06-12 11:48:00,16.2
2025-06-12 03:54:00,53.7
2025-06-12 01:18:00,13.2
2025-06-12 06:09:00,30.3
2025-06-12 15:55:00,19.5
2025-06-12 02:00:00,58.7
2025-06-12 00:02:00,76.6
2025-06-12 16:54:00,60.3
2025-06-12 05:47:00,37.7
2025-06-12 01:11:00,80.8
2025-06-12 12:59:00,52.2
2025-06-12 10:23:00,32.6
2025-06-12 21:45:00,8.5
2025-06-12 10:11:00,49.90502819548872
2025-06-12 19:53:00,62.2
2025-06-12 05:01:00,41.8
2025-06-12 17:03:00,52.2
2025-06-12 19:30:00,29.7
2025-06-12 20:14:00,84.5
2025-06-12 20:50:00,48.0
2025-06-12 18:20:00,49.6
2025-06-12 21:56:00,39.3
2025-06-12 11:45:00,54.0
2025-06-12 13:05:00,15.3
2025-06-12 00:54:00,41.9
2025-06-12 20:01:00,96.3
2025-06-12 13:55:00,41.0
2025-06-12 23:57:00,70.0
2025-06-12 05:07:00,30.4
2025-06-12 22:50:00,88.9
2025-06-12 15:03:00,76.1
2025-06-12 20:16:00,70.5
2025-06-12 09:29:00,49.90502819548872
2025-06-12 02:19:00,1.1
2025-06-12 08:04:00,35.3
2025-06-12 10:10:00,76.7
2025-06-12 11:30:00,76.4
2025-06-12 18:01:00,35.7
2025-06-12 15:18:00,25.3
2025-06-12 02:53:00,32.0
2025-06-12 06:02:00,55.0
2025-06-12 08:30:00,12.0
2025-06-12 15:17:00,8.4
2025-06-12 13:39:00,90.4
2025-06-12 16:28:00,83.9
2025-06-12 22:06:00,43.5
2025-06-12 14:37:00,49.90502819548872
2025-06-12 22:00:00,49.90502819548872
2025-06-12 18:18:00,28.0
2025-06-12 07:07:00,49.90502819548872
2025-06-12 05:08:00,14.6
2025-06-12 23:26:00,11.5
2025-06-12 13:06:00,49.90502819548872
2025-06-12 16:02:00,19.3
2025-06-12 03:29:00,29.2
2025-06-12 20:34:00,14.8
2025-06-12 22:44:00,75.1
2025-06-12 02:09:00,7.9
2025-06-12 01:15:00,49.90502819548872
2025-06-12 05:21:00,75.3
2025-06-12 17:54:00,45.7
2025-06-12 19:22:00,65.7
2025-06-12 22:36:00,49.90502819548872
2025-06-12 20:39:00,81.0
2025-06-12 06:31:00,49.90502819548872
2025-06-12 18:46:00,5.1
2025-06-12 02:17:00,64.6
2025-06-12 17:14:00,32.9
2025-06-12 21:36:00,49.90502819548872
2025-06-12 12:52:00,57.0
2025-06-12 02:24:00,9.7
2025-06-12 21:49:00,49.90502819548872
2025-06-12 02:32:00,44.1
2025-06-12 00:27:00,47.6
2025-06-12 10:53:00,68.1
2025-06-12 19:57:00,40.3
2025-06-12 11:02:00,68.4
2025-06-12 23:58:00,87.2
2025-06-12 16:40:00,89.6
2025-06-12 01:24:00,97.7
2025-06-12 22:54:00,56.3
2025-06-12 13:57:00,0.2
2025-06-12 15:34:00,19.2
2025-06-12 11:58:00,82.2
2025-06-12 09:24:00,57.9
2025-06-12 21:36:00,49.90502819548872
2025-06-12 20:18:00,5.3
2025-06-12 10:43:00,35.4
2025-06-12 16:12:00,69.0
2025-06-12 21:25:00,44.3
2025-06-12 19:10:00,63.8
2025-06-12 22:58:00,34.0
2025-06-12 21:01:00,73.6
2025-06-12 23:10:00,78.5
2025-06-12 16:32:00,71.4
2025-06-12 13:56:00,16.0
2025-06-12 13:42:00,16.1
2025-06-12 20:06:00,19.3
2025-06-12 23:28:00,14.6
2025-06-12 08:12:00,91.3
2025-06-12 11:17:00,49.90502819548872
2025-06-12 23:45:00,59.9
2025-06-12 03:00:00,51.9
2025-06-12 11:55:00,49.90502819548872
2025-06-12 08:33:00,7.2
2025-06-12 16:57:00,67.4
2025-06-12 09:02:00,49.90502819548872
2025-06-12 09:26:00,3.9
2025-06-12 01:27:00,86.2
2025-06-12 00:43:00,35.6
2025-06-12 19:11:00,91.5
2025-06-12 12:45:00,84.5
2025-06-12 03:44:00,52.7
2025-06-12 14:43:00,76.5
2025-06-12 01:04:00,49.90502819548872
2025-06-12 20:14:00,65.6
2025-06-12 14:43:00,80.8
2025-06-12 21:44:00,50.475078938135894
2025-06-12 02:21:00,40.3
2025-06-12 19:06:00,99.2
2025-06-12 16:14:00,85.5
2025-06-12 15:40:00,62.3
2025-06-12 22:29:00,66.5
2025-06-12 15:26:00,6.3
2025-06-12 12:54:00,76.2
2025-06-12 11:24:00,66.9
2025-06-12 19:12:00,85.2
2025-06-12 03:03:00,38.7
2025-06-12 16:23:00,32.4
2025-06-12 06:12:00,13.2
2025-06-12 06:57:00,73.6
2025-06-12 15:06:00,94.2
2025-06-12 17:38:00,50.475078938135894
2025-06-12 16:16:00,32.4
2025-06-12 01:52:00,73.6
2025-06-12 06:02:00,20.2
2025-06-12 02:10:00,50.475078938135894
2025-06-12 12:52:00,67.8
2025-06-12 18:41:00,64.1
2025-06-12 05:46:00,50.475078938135894
2025-06-12 01:08:00,65.7
2025-06-12 04:32:00,94.7
2025-06-12 01:04:00,84.4
2025-06-12 00:30:00,96.6
2025-06-12 15:26:00,92.5
2025-06-12 18:27:00,50.475078938135894
2025-06-12 08:06:00,91.1
2025-06-12 13:13:00,1.1
2025-06-12 11:55:00,76.1
2025-06-12 20:01:00,50.475078938135894
2025-06-12 16:03:00,50.475078938135894
2025-06-12 18:51:00,0.7
2025-06-12 15:58:00,32.9
2025-06-12 21:56:00,55.9
2025-06-12 00:03:00,98.7
2025-06-12 06:06:00,98.0
2025-06-12 00:28:00,90.3
2025-06-12 19:31:00,50.2
2025-06-12 12:46:00,89.9
2025-06-12 19:04:00,50.475078938135894
2025-06-12 04:12:00,50.475078938135894
2025-06-12 06:42:00,61.2
2025-06-12 04:04:00,50.2
2025-06-12 16:52:00,16.3
2025-06-12 19:07:00,71.2
2025-06-12 07:44:00,18.1
2025-06-12 18:24:00,31.2
2025-06-12 09:22:00,87.5
2025-06-12 10:50:00,65.0
2025-06-12 22:41:00,39.3
2025-06-12 01:29:00,9.2
2025-06-12 22:09:00,50.475078938135894
2025-06-12 10:12:00,50.475078938135894
2025-06-12 13:04:00,89.0
2025-06-12 15:23:00,19.9
2025-06-12 22:33:00,98.7
2025-06-12 14:49:00,50.475078938135894
2025-06-12 07:19:00,45.7
2025-06-12 04:59:00,60.1
2025-06-12 13:06:00,69.1
2025-06-12 07:52:00,91.7
2025-06-12 22:16:00,22.0
2025-06-12 18:59:00,53.6
2025-06-12 18:55:00,23.7
2025-06-12 06:17:00,44.2
2025-06-12 05:39:00,12.7
2025-06-12 18:10:00,50.475078938135894
2025-06-12 19:28:00,99.5
2025-06-12 14:00:00,84.5
2025-06-12 00:43:00,67.4
2025-06-12 02:35:00,69.5
2025-06-12 20:18:00,19.9
2025-06-12 23:39:00,99.7
2025-06-12 05:38:00,43.4
2025-06-12 00:30:00,92.3
2025-06-12 17:06:00,81.7
2025-06-12 13:55:00,89.7
2025-06-12 12:32:00,48.1
2025-06-12 20:07:00,50.475078938135894
2025-06-12 06:56:00,7.9
2025-06-12 20:36:00,29.0
2025-06-12 02:44:00,63.2
2025-06-12 11:07:00,50.475078938135894
2025-06-12 12:51:00,53.0
2025-06-12 14:03:00,75.0
2025-06-12 22:38:00,54.2
2025-06-12 10:57:00,19.1
2025-06-12 12:36:00,61.6
2025-06-12 00:42:00,50.475078938135894
2025-06-12 20:51:00,58.1
2025-06-12 04:50:00,5.2
2025-06-12 14:16:00,50.475078938135894
2025-06-12 00:34:00,35.8
2025-06-12 02:42:00,27.4
2025-06-12 05:40:00,84.3
2025-06-12 07:30:00,54.6
2025-06-12 23:45:00,95.1
2025-06-12 04:23:00,45.2
2025-06-12 01:43:00,25.7
2025-06-12 01:15:00,50.475078938135894
2025-06-12 10:51:00,39.5
2025-06-12 15:57:00,74.8
2025-06-12 23:30:00,16.5
2025-06-12 14:18:00,30.5
2025-06-12 06:10:00,64.6
2025-06-12 17:10:00,6.2
2025-06-12 05:39:00,43.3
2025-06-12 16:10:00,37.6
2025-06-12 01:53:00,8.7
2025-06-12 23:43:00,50.475078938135894
2025-06-12 20:30:00,8.8
2025-06-12 06:31:00,38.0
2025-06-12 19:41:00,50.475078938135894
2025-06-12 16:46:00,65.6
2025-06-12 20:37:00,15.1
2025-06-12 14:39:00,38.0
2025-06-12 23:24:00,42.8
2025-06-12 07:34:00,20.3
2025-06-12 02:56:00,45.3
2025-06-12 15:19:00,83.6
2025-06-12 06:55:00,50.475078938135894
2025-06-12 21:12:00,74.9
2025-06-12 21:17:00,12.5
2025-06-12 09:14:00,91.1
2025-06-12 03:24:00,32.9
2025-06-12 05:06:00,53.8
2025-06-12 17:43:00,69.9
2025-06-12 05:47:00,10.6
2025-06-12 14:58:00,36.0
2025-06-12 12:59:00,18.9
2025-06-12 08:02:00,49.4
2025-06-12 13:15:00,50.475078938135894
2025-06-12 09:56:00,50.475078938135894
2025-06-12 22:41:00,29.2
2025-06-12 09:13:00,36.8
2025-06-12 09:13:00,15.6
2025-06-12 04:20:00,50.475078938135894
2025-06-12 09:36:00,3.1
2025-06-12 08:58:00,61.2
2025-06-12 13:56:00,48.1
2025-06-12 22:02:00,24.5
2025-06-12 20:00:00,97.3
2025-06-12 17:08:00,18.0
2025-06-12 02:40:00,72.1
2025-06-12 01:01:00,59.3
2025-06-12 13:47:00,58.5
2025-06-12 00:02:00,50.475078938135894
2025-06-12 01:07:00,75.3
2025-06-12 15:49:00,13.9
2025-06-12 21:37:00,33.0
2025-06-12 20:40:00,98.6
2025-06-12 13:23:00,34.2
2025-06-12 09:36:00,39.7
2025-06-12 09:48:00,12.3
2025-06-12 17:55:00,63.1
2025-06-12 10:55:00,26.4
2025-06-12 07:08:00,79.3
2025-06-12 03:27:00,72.0
2025-06-12 16:13:00,50.475078938135894
2025-06-12 12:50:00,20.8
2025-06-12 21:21:00,50.475078938135894
2025-06-12 09:27:00,42.3
2025-06-12 22:29:00,38.8
2025-06-12 01:00:00,93.1
2025-06-12 05:13:00,40.5
2025-06-12 19:02:00,60.8
2025-06-12 11:58:00,50.475078938135894
2025-06-12 05:32:00,75.4
2025-06-12 10:30:00,47.4
2025-06-12 08:54:00,20.1
2025-06-12 15:13:00,76.9
2025-06-12 23:05:00,10.7
2025-06-12 17:08:00,33.4
2025-06-12 06:45:00,17.1
2025-06-12 19:26:00,21.4
2025-06-12 09:06:00,50.475078938135894
2025-06-12 07:27:00,50.475078938135894
2025-06-12 01:36:00,50.475078938135894
2025-06-12 21:58:00,58.8
2025-06-12 03:20:00,93.5
2025-06-12 17:31:00,97.1
2025-06-12 03:29:00,68.7
2025-06-12 01:09:00,67.5
2025-06-12 09:34:00,93.2
2025-06-12 13:47:00,50.475078938135894
2025-06-12 11:34:00,80.3
2025-06-12 04:15:00,7.5
2025-06-12 19:00:00,79.8
2025-06-12 10:40:00,50.475078938135894
2025-06-12 16:19:00,0.5
2025-06-12 01:28:00,9.4
2025-06-12 06:41:00,21.6
2025-06-12 09:08:00,31.9
2025-06-12 17:01:00,0.9
2025-06-12 07:31:00,55.6
2025-06-12 21:01:00,15.5
2025-06-12 10:21:00,88.8
2025-06-12 05:59:00,29.6
2025-06-12 03:41:00,14.1
2025-06-12 18:52:00,76.1
2025-06-12 13:57:00,19.0
2025-06-12 15:22:00,95.8
2025-06-12 17:29:00,82.3
2025-06-12 09:30:00,35.0
2025-06-12 02:36:00,47.1
2025-06-12 18:59:00,68.9
2025-06-12 04:46:00,99.4
2025-06-12 02:48:00,10.0
2025-06-12 04:41:00,50.475078938135894
2025-06-12 22:08:00,61.3
2025-06-12 12:15:00,63.0
2025-06-12 20:52:00,70.7
2025-06-12 23:08:00,96.0
2025-06-12 12:28:00,50.475078938135894
2025-06-12 02:26:00,86.4
2025-06-12 23:51:00,57.7
2025-06-12 13:26:00,85.2
2025-06-12 17:49:00,59.8
2025-06-12 20:09:00,49.8
2025-06-12 20:09:00,73.2
2025-06-12 03:01:00,30.4
2025-06-12 04:55:00,50.475078938135894
2025-06-12 11:54:00,84.3
2025-06-12 09:47:00,7.4
2025-06-12 08:17:00,59.8
2025-06-12 17:03:00,38.1
2025-06-12 01:46:00,50.475078938135894
2025-06-12 16:46:00,54.9
2025-06-12 15:09:00,50.475078938135894
2025-06-12 05:25:00,11.8
2025-06-12 16:40:00,46.5
2025-06-12 00:47:00,13.6
2025-06-12 17:40:00,13.1
2025-06-12 07:12:00,79.0
2025-06-12 19:47:00,76.2
2025-06-12 09:31:00,11.4
2025-06-12 10:38:00,14.5
2025-06-12 15:12:00,99.2
2025-06-12 13:34:00,0.8
2025-06-12 16:44:00,11.9
2025-06-12 18:16:00,37.2
2025-06-12 19:15:00,33.0
2025-06-12 09:29:00,93.6
2025-06-12 02:14:00,30.8
2025-06-12 08:59:00,37.2
2025-06-12 19:51:00,48.0
2025-06-12 16:05:00,26.0
2025-06-12 00:44:00,4.3
2025-06-12 03:06:00,43.9
2025-06-12 10:56:00,47.8
2025-06-12 22:17:00,57.5
2025-06-12 03:32:00,59.2
2025-06-12 04:03:00,2.4
2025-06-12 01:17:00,58.1
2025-06-12 16:38:00,55.0
2025-06-12 11:38:00,12.0
2025-06-12 23:30:00,89.5
2025-06-12 15:53:00,50.475078938135894
2025-06-12 02:32:00,50.3
2025-06-12 03:29:00,43.1
2025-06-12 08:39:00,20.2
2025-06-12 17:00:00,50.475078938135894
2025-06-12 10:30:00,47.5
2025-06-12 00:05:00,17.6
2025-06-12 10:54:00,50.475078938135894
2025-06-12 04:55:00,31.3
2025-06-12 08:13:00,68.5
2025-06-12 22:32:00,28.4
2025-06-12 13:43:00,49.5
2025-06-12 18:52:00,81.3
2025-06-12 01:30:00,16.0
2025-06-12 12:33:00,64.8
2025-06-12 14:44:00,93.7
2025-06-12 21:48:00,26.9
2025-06-12 07:23:00,41.9
2025-06-12 18:22:00,59.9
2025-06-12 09:28:00,96.0
2025-06-12 14:17:00,76.1
2025-06-12 04:29:00,63.1
2025-06-12 12:14:00,46.4
2025-06-12 13:30:00,45.6
2025-06-12 03:38:00,1.0
2025-06-12 12:36:00,76.8
2025-06-12 06:48:00,88.7
2025-06-12 11:14:00,13.4
2025-06-12 19:17:00,89.5
2025-06-12 13:41:00,53.4
2025-06-12 05:25:00,50.475078938135894
2025-06-12 01:43:00,54.8
2025-06-12 16:29:00,65.2
2025-06-12 03:10:00,59.5
2025-06-12 22:56:00,17.0
2025-06-12 15:34:00,53.7
2025-06-12 22:09:00,63.2
2025-06-12 14:08:00,14.4
2025-06-12 10:36:00,50.475078938135894
2025-06-12 12:30:00,50.475078938135894
2025-06-12 02:11:00,50.475078938135894
2025-06-12 01:15:00,27.1
2025-06-12 01:58:00,77.6
2025-06-12 03:11:00,31.1
2025-06-12 17:08:00,53.3
2025-06-12 07:15:00,64.3
2025-06-12 09:11:00,85.3
2025-06-12 01:15:00,25.6
2025-06-12 21:51:00,82.5
2025-06-12 14:55:00,24.3
2025-06-12 01:09:00,16.8
2025-06-12 21:28:00,75.2
2025-06-12 19:37:00,93.2
2025-06-12 09:20:00,82.1
2025-06-12 00:14:00,50.475078938135894
2025-06-12 15:27:00,80.6
2025-06-12 14:45:00,38.7
2025-06-12 03:33:00,50.1
2025-06-12 13:19:00,65.8
2025-06-12 22:07:00,18.1
2025-06-12 00:00:00,38.5
2025-06-12 01:45:00,21.8
2025-06-12 02:50:00,4.3
2025-06-12 06:19:00,87.1
2025-06-12 02:50:00,12.1
2025-06-12 20:49:00,2.7
2025-06-12 15:47:00,53.8
2025-06-12 22:59:00,50.492298592215775
2025-06-12 04:42:00,65.4
2025-06-12 16:20:00,92.5
2025-06-12 13:49:00,50.492298592215775
2025-06-12 02:49:00,95.3
2025-06-12 16:55:00,15.6
2025-06-12 12:14:00,58.9
2025-06-12 12:46:00,50.492298592215775
2025-06-12 12:40:00,14.5
2025-06-12 15:28:00,46.3
2025-06-12 11:32:00,96.7
2025-06-12 18:19:00,50.492298592215775
2025-06-12 17:59:00,29.7
2025-06-12 22:48:00,73.7
2025-06-12 03:24:00,35.5
2025-06-12 18:53:00,62.6
2025-06-12 12:48:00,63.6
2025-06-12 02:19:00,2.8
2025-06-12 20:27:00,33.7
2025-06-12 04:37:00,59.9
2025-06-12 14:01:00,30.9
2025-06-12 18:53:00,36.5
2025-06-12 15:10:00,7.3
2025-06-12 19:17:00,54.2
2025-06-12 18:07:00,66.3
2025-06-12 07:26:00,78.3
2025-06-12 19:49:00,30.8
2025-06-12 14:14:00,88.2
2025-06-12 12:03:00,60.7
2025-06-12 06:38:00,98.1
2025-06-12 14:23:00,50.492298592215775
2025-06-12 00:28:00,87.6
2025-06-12 14:31:00,19.5
2025-06-12 23:41:00,84.1
2025-06-12 05:50:00,50.492298592215775
2025-06-12 11:16:00,88.3
2025-06-12 09:15:00,45.1
2025-06-12 05:45:00,20.6
2025-06-12 17:16:00,19.1
2025-06-12 01:48:00,69.4
2025-06-12 17:44:00,59.9
2025-06-12 11:21:00,95.3
2025-06-12 00:52:00,51.1
2025-06-12 15:25:00,81.4
2025-06-12 10:24:00,3.9
2025-06-12 22:14:00,37.8
2025-06-12 14:42:00,14.2
2025-06-12 23:49:00,62.9
2025-06-12 02:38:00,82.7
2025-06-12 14:28:00,26.0
2025-06-12 21:05:00,5.9
2025-06-12 03:08:00,50.492298592215775
2025-06-12 17:55:00,36.2
2025-06-12 21:06:00,46.1
2025-06-12 04:26:00,69.9
2025-06-12 08:24:00,50.492298592215775
2025-06-12 23:30:00,72.1
2025-06-12 15:24:00,89.5
2025-06-12 18:56:00,99.8
2025-06-12 16:16:00,95.4
2025-06-12 15:57:00,14.7
2025-06-12 01:31:00,75.4
2025-06-12 12:55:00,10.5
2025-06-12 17:22:00,89.6
2025-06-12 23:07:00,35.6
2025-06-12 15:00:00,17.9
2025-06-12 06:05:00,50.492298592215775
2025-06-12 21:16:00,14.6
2025-06-12 15:08:00,9.7
2025-06-12 09:18:00,25.1
2025-06-12 13:11:00,65.9
2025-06-12 20:39:00,49.6
2025-06-12 15:25:00,20.7
2025-06-12 14:31:00,54.5
2025-06-12 15:26:00,55.6
2025-06-12 02:24:00,70.3
2025-06-12 20:15:00,52.2
2025-06-12 16:13:00,54.1
2025-06-12 08:56:00,39.8
2025-06-12 07:29:00,49.2
2025-06-12 08:50:00,5.1
2025-06-12 13:41:00,36.6
2025-06-12 17:30:00,64.3
2025-06-12 20:15:00,73.9
2025-06-12 10:29:00,57.0
2025-06-12 18:22:00,80.6
2025-06-12 10:18:00,50.492298592215775
2025-06-12 17:06:00,13.5
2025-06-12 14:31:00,27.4
2025-06-12 10:31:00,59.0
2025-06-12 04:12:00,50.492298592215775
2025-06-12 15:46:00,62.7
2025-06-12 20:19:00,24.3
2025-06-12 20:09:00,50.492298592215775
2025-06-12 11:15:00,6.3
2025-06-12 02:00:00,50.492298592215775
2025-06-12 05:51:00,93.7
2025-06-12 10:30:00,38.1
2025-06-12 09:51:00,86.5
2025-06-12 22:25:00,70.1
2025-06-12 15:16:00,32.3
2025-06-12 20:38:00,4.5
2025-06-12 19:31:00,13.8
2025-06-12 20:13:00,50.492298592215775
2025-06-12 06:04:00,73.4
2025-06-12 23:06:00,69.4
2025-06-12 21:51:00,17.2
2025-06-12 22:36:00,79.4
2025-06-12 00:16:00,62.3
2025-06-12 18:15:00,93.8
2025-06-12 01:38:00,99.0
2025-06-12 08:36:00,4.0
2025-06-12 01:46:00,50.492298592215775
2025-06-12 10:20:00,98.5
2025-06-12 19:09:00,76.2
2025-06-12 05:53:00,13.9
2025-06-12 16:42:00,88.3
2025-06-12 03:39:00,83.3
2025-06-12 04:04:00,52.9
2025-06-12 20:59:00,35.9
2025-06-12 15:53:00,31.4
2025-06-12 15:34:00,81.0
2025-06-12 22:57:00,30.2
2025-06-12 09:42:00,6.7
2025-06-12 13:44:00,36.7
2025-06-12 11:44:00,29.9
2025-06-12 07:32:00,71.8
2025-06-12 01:27:00,27.3
2025-06-12 18:45:00,17.9
2025-06-12 16:53:00,87.3
2025-06-12 08:31:00,49.3
2025-06-12 14:51:00,72.1
2025-06-12 15:31:00,37.2
2025-06-12 23:07:00,98.8
2025-06-12 22:30:00,98.5
2025-06-12 14:36:00,82.3
2025-06-12 23:37:00,65.7
2025-06-12 20:45:00,50.492298592215775
2025-06-12 10:58:00,96.0
2025-06-12 15:10:00,84.9
2025-06-12 23:56:00,34.2
2025-06-12 15:18:00,82.6
2025-06-12 10:16:00,79.5
2025-06-12 08:37:00,8.8
2025-06-12 06:52:00,54.5
2025-06-12 08:02:00,79.7
2025-06-12 14:09:00,55.8
2025-06-12 06:59:00,95.8
2025-06-12 01:05:00,87.8
2025-06-12 17:19:00,33.7
2025-06-12 06:41:00,58.4
2025-06-12 06:59:00,38.5
2025-06-12 23:02:00,40.2
2025-06-12 06:12:00,95.4
2025-06-12 22:00:00,62.8
2025-06-12 17:34:00,50.492298592215775
2025-06-12 10:23:00,92.6
2025-06-12 00:36:00,15.5
2025-06-12 16:37:00,50.492298592215775
2025-06-12 06:08:00,50.492298592215775
2025-06-12 03:45:00,22.5
2025-06-12 21:49:00,95.1
2025-06-12 22:20:00,50.492298592215775
2025-06-12 11:34:00,97.4
2025-06-12 16:37:00,50.492298592215775
2025-06-12 14:08:00,50.492298592215775
2025-06-12 09:23:00,47.6
2025-06-12 13:36:00,9.6
2025-06-12 12:44:00,83.8
2025-06-12 08:21:00,80.2
2025-06-12 19:07:00,47.5
2025-06-12 03:21:00,50.492298592215775
2025-06-12 02:51:00,11.7
2025-06-12 08:58:00,50.492298592215775
2025-06-12 07:49:00,50.492298592215775
2025-06-12 18:40:00,61.0
2025-06-12 12:17:00,43.8
2025-06-12 20:47:00,91.9
2025-06-12 15:59:00,59.7
2025-06-12 13:52:00,67.1
2025-06-12 17:13:00,26.7
2025-06-12 07:46:00,73.6
2025-06-12 06:05:00,81.9
2025-06-12 18:22:00,91.1
2025-06-12 04:15:00,50.492298592215775
2025-06-12 09:54:00,79.3
2025-06-12 03:45:00,42.1
2025-06-12 17:33:00,77.7
2025-06-12 11:05:00,97.0
2025-06-12 15:47:00,34.3
2025-06-12 07:50:00,50.492298592215775
2025-06-12 04:34:00,47.8
2025-06-12 08:03:00,48.3
2025-06-12 08:22:00,27.4
2025-06-12 02:30:00,12.2
2025-06-12 05:26:00,59.3
2025-06-12 12:13:00,92.1
2025-06-12 09:25:00,68.2
2025-06-12 08:34:00,41.4
2025-06-12 23:17:00,50.492298592215775
2025-06-12 21:20:00,46.0
2025-06-12 19:14:00,50.492298592215775
2025-06-12 01:32:00,74.0
2025-06-12 01:11:00,34.5
2025-06-12 21:14:00,20.5
2025-06-12 07:41:00,64.8
2025-06-12 20:20:00,42.4
2025-06-12 11:57:00,99.8
2025-06-12 07:16:00,27.6
2025-06-12 12:30:00,4.5
2025-06-12 22:13:00,76.5
2025-06-12 08:52:00,61.6
2025-06-12 04:45:00,72.9
2025-06-12 23:14:00,87.0
2025-06-12 18:02:00,31.2
2025-06-12 10:05:00,91.8
2025-06-12 10:04:00,50.492298592215775
2025-06-12 05:19:00,56.2
2025-06-12 04:36:00,81.1
2025-06-12 19:07:00,42.2
2025-06-12 13:32:00,57.5
2025-06-12 12:21:00,95.8
2025-06-12 10:03:00,39.8
2025-06-12 15:05:00,21.7
2025-06-12 02:44:00,50.492298592215775
2025-06-12 05:45:00,50.492298592215775
2025-06-12 05:12:00,8.0
2025-06-12 19:40:00,84.9
2025-06-12 03:47:00,2.1
2025-06-12 02:12:00,14.7
2025-06-12 01:37:00,82.2
2025-06-12 19:04:00,50.492298592215775
2025-06-12 20:36:00,48.7
2025-06-12 22:39:00,13.9
2025-06-12 07:26:00,16.8
2025-06-12 23:49:00,8.8
2025-06-12 11:48:00,37.7
2025-06-12 21:10:00,29.9
2025-06-12 15:20:00,50.492298592215775
2025-06-12 15:56:00,51.5
2025-06-12 06:58:00,7.8
2025-06-12 16:53:00,9.1
2025-06-12 08:27:00,82.5
2025-06-12 21:19:00,10.4
2025-06-12 07:28:00,11.1
2025-06-12 19:57:00,27.3
2025-06-12 00:35:00,11.6
2025-06-12 20:30:00,50.492298592215775
2025-06-12 02:32:00,78.6
2025-06-12 06:39:00,86.5
2025-06-12 11:24:00,95.4
2025-06-12 13:28:00,0.2
2025-06-12 00:57:00,73.8
2025-06-12 19:34:00,50.492298592215775
2025-06-12 15:04:00,50.492298592215775
2025-06-12 12:45:00,13.3
2025-06-12 16:01:00,50.492298592215775
2025-06-12 11:01:00,47.7
2025-06-12 11:47:00,79.8
2025-06-12 07:49:00,18.9
2025-06-12 01:39:00,45.2
2025-06-12 00:14:00,76.6
2025-06-12 12:16:00,46.5
2025-06-12 00:13:00,50.492298592215775
2025-06-12 21:45:00,34.7
2025-06-12 16:02:00,51.6
2025-06-12 22:06:00,64.1
2025-06-12 12:35:00,7.5
2025-06-12 11:19:00,30.9
2025-06-12 02:41:00,57.6
2025-06-12 07:08:00,36.4
2025-06-12 14:39:00,74.1
2025-06-12 03:12:00,88.5
2025-06-12 06:44:00,95.2
2025-06-12 07:16:00,52.9
2025-06-12 11:18:00,50.492298592215775
2025-06-12 14:14:00,8.0
2025-06-12 10:08:00,18.0
2025-06-12 19:11:00,69.1
2025-06-12 19:06:00,42.6
2025-06-12 20:28:00,4.8
2025-06-12 22:37:00,50.492298592215775
2025-06-12 01:01:00,27.9
2025-06-12 03:21:00,4.4
2025-06-12 12:07:00,5.1
2025-06-12 18:19:00,19.1
2025-06-12 23:41:00,95.6
2025-06-12 19:09:00,91.2
2025-06-12 02:31:00,53.7
2025-06-12 14:00:00,86.2
2025-06-12 12:33:00,69.2
2025-06-12 12:03:00,50.492298592215775
2025-06-12 03:17:00,50.492298592215775
2025-06-12 00:58:00,69.7
2025-06-12 16:19:00,50.492298592215775
2025-06-12 07:19:00,44.2
2025-06-12 02:05:00,67.3
2025-06-12 09:39:00,68.9
2025-06-12 22:38:00,64.3
2025-06-12 16:08:00,71.8
2025-06-12 05:53:00,2.5
2025-06-12 16:27:00,12.7
2025-06-12 03:38:00,88.8
2025-06-12 04:04:00,68.8
2025-06-12 15:16:00,48.7
2025-06-12 21:56:00,50.492298592215775
2025-06-12 20:26:00,0.9
2025-06-12 08:35:00,58.4
2025-06-12 11:01:00,32.4
2025-06-12 03:52:00,26.8
2025-06-12 17:38:00,50.492298592215775
2025-06-12 19:19:00,27.3
2025-06-12 07:28:00,50.492298592215775
2025-06-12 16:08:00,25.9
2025-06-12 06:32:00,50.492298592215775
2025-06-12 20:09:00,86.1
2025-06-12 06:12:00,84.8
2025-06-12 21:55:00,50.492298592215775
2025-06-12 03:04:00,76.7
2025-06-12 09:52:00,4.7
2025-06-12 14:09:00,60.1
2025-06-12 01:06:00,46.0
2025-06-12 18:56:00,53.5
2025-06-12 21:41:00,83.4
2025-06-12 10:25:00,42.3
2025-06-12 07:31:00,88.5
2025-06-12 21:37:00,20.5
2025-06-12 02:00:00,74.1
2025-06-12 01:02:00,77.4
2025-06-12 03:37:00,8.6
2025-06-12 01:38:00,86.1
2025-06-12 17:15:00,95.0
2025-06-12 23:26:00,50.492298592215775
2025-06-12 14:12:00,50.492298592215775
2025-06-12 16:56:00,88.5
2025-06-12 18:07:00,15.4
2025-06-12 12:39:00,61.5
2025-06-12 14:11:00,69.6
2025-06-12 11:17:00,91.1
2025-06-12 01:31:00,83.4
2025-06-12 06:51:00,91.8
2025-06-12 17:37:00,99.8
2025-06-12 10:18:00,97.9
2025-06-12 14:19:00,17.0
2025-06-12 01:16:00,52.2
2025-06-12 19:59:00,22.9
2025-06-12 13:40:00,89.4
2025-06-12 04:56:00,50.492298592215775
2025-06-12 03:40:00,87.5
2025-06-12 08:03:00,28.4
2025-06-12 05:47:00,65.8
2025-06-12 15:37:00,50.492298592215775
2025-06-12 02:47:00,27.9
2025-06-12 10:32:00,50.8
2025-06-12 11:29:00,27.6
2025-06-12 02:06:00,3.7
2025-06-12 17:04:00,80.8
2025-06-12 01:35:00,50.492298592215775
2025-06-12 14:29:00,64.2
2025-06-12 14:58:00,74.3
2025-06-12 19:55:00,50.190676567656766
2025-06-12 09:24:00,73.7
2025-06-12 20:19:00,50.190676567656766
2025-06-12 02:35:00,50.190676567656766
2025-06-12 06:38:00,11.2
2025-06-12 13:05:00,18.5
2025-06-12 06:41:00,95.7
2025-06-12 05:04:00,98.7
2025-06-12 17:06:00,9.3
2025-06-12 13:44:00,14.4
2025-06-12 00:02:00,81.0
2025-06-12 18:42:00,39.7
2025-06-12 02:55:00,20.2
2025-06-12 17:18:00,19.1
2025-06-12 13:42:00,68.4
2025-06-12 12:05:00,2.0
2025-06-12 23:55:00,50.190676567656766
2025-06-12 15:15:00,32.2
2025-06-12 18:02:00,49.3
2025-06-12 03:51:00,50.190676567656766
2025-06-12 09:17:00,50.190676567656766
2025-06-12 22:24:00,15.5
2025-06-12 04:38:00,51.7
2025-06-12 09:31:00,22.5
2025-06-12 16:17:00,17.3
2025-06-12 13:01:00,68.5
2025-06-12 07:21:00,60.8
2025-06-12 19:41:00,27.9
2025-06-12 02:42:00,20.4
2025-06-12 00:37:00,36.2
2025-06-12 23:09:00,61.4
2025-06-12 09:00:00,92.0
2025-06-12 00:11:00,16.9
2025-06-12 11:11:00,25.7
2025-06-12 22:27:00,5.3
2025-06-12 15:31:00,41.6
2025-06-12 16:53:00,74.8
2025-06-12 14:52:00,2.1
2025-06-12 09:04:00,50.190676567656766
2025-06-12 14:04:00,88.5
2025-06-12 11:24:00,36.7
2025-06-12 21:50:00,39.7
2025-06-12 04:57:00,50.190676567656766
2025-06-12 18:10:00,58.1
2025-06-12 07:24:00,99.2
2025-06-12 04:35:00,21.8
2025-06-12 04:04:00,15.0
2025-06-12 03:18:00,56.9
2025-06-12 19:58:00,19.2
2025-06-12 10:54:00,50.190676567656766
2025-06-12 04:36:00,50.190676567656766
2025-06-12 14:08:00,50.190676567656766
2025-06-12 18:03:00,88.7
2025-06-12 01:49:00,14.7
2025-06-12 03:52:00,22.3
2025-06-12 00:40:00,17.2
2025-06-12 13:40:00,50.190676567656766
2025-06-12 18:18:00,73.6
2025-06-12 15:53:00,47.6
2025-06-12 15:11:00,66.8
2025-06-12 17:19:00,72.0
2025-06-12 05:07:00,9.4
2025-06-12 18:21:00,89.6
2025-06-12 15:54:00,30.5
2025-06-12 01:26:00,50.190676567656766
2025-06-12 01:51:00,43.0
2025-06-12 20:30:00,51.3
2025-06-12 07:49:00,74.2
2025-06-12 05:45:00,9.7
2025-06-12 21:35:00,50.190676567656766
2025-06-12 10:34:00,50.190676567656766
2025-06-12 19:08:00,54.4
2025-06-12 01:08:00,75.3
2025-06-12 00:02:00,18.6
2025-06-12 11:55:00,50.190676567656766
2025-06-12 08:32:00,0.1
2025-06-12 08:24:00,25.9
2025-06-12 00:43:00,1.5
2025-06-12 23:55:00,87.0
2025-06-12 21:07:00,22.1
2025-06-12 13:18:00,1.6
2025-06-12 05:19:00,50.190676567656766
2025-06-12 03:04:00,83.6
2025-06-12 23:03:00,50.190676567656766
2025-06-12 14:48:00,50.190676567656766
2025-06-12 00:32:00,29.0
2025-06-12 22:57:00,82.9
2025-06-12 16:59:00,44.6
2025-06-12 07:12:00,52.9
2025-06-12 12:57:00,50.8
2025-06-12 04:17:00,46.1
2025-06-12 09:10:00,13.0
2025-06-12 14:45:00,62.8
2025-06-12 18:40:00,82.6
2025-06-12 15:36:00,98.7
2025-06-12 15:41:00,19.2
2025-06-12 03:50:00,24.1
2025-06-12 18:09:00,50.190676567656766
2025-06-12 22:30:00,50.190676567656766
2025-06-12 04:34:00,50.190676567656766
2025-06-12 21:29:00,44.9
2025-06-12 14:39:00,75.1
2025-06-12 11:22:00,5.8
2025-06-12 00:50:00,95.3
2025-06-12 06:50:00,52.7
2025-06-12 15:33:00,50.190676567656766
2025-06-12 03:34:00,50.190676567656766
2025-06-12 20:50:00,83.0
2025-06-12 09:50:00,97.2
2025-06-12 14:22:00,95.0
2025-06-12 12:53:00,50.190676567656766
2025-06-12 12:25:00,13.3
2025-06-12 20:39:00,18.1
2025-06-12 22:36:00,25.5
2025-06-12 22:52:00,35.9
2025-06-12 05:38:00,88.0
2025-06-12 01:52:00,83.9
2025-06-12 07:18:00,40.0
2025-06-12 10:03:00,56.6
2025-06-12 06:57:00,50.190676567656766
2025-06-12 08:57:00,24.8
2025-06-12 09:44:00,89.7
2025-06-12 00:01:00,50.190676567656766
2025-06-12 05:58:00,32.4
2025-06-12 08:59:00,35.9
2025-06-12 00:35:00,76.4
2025-06-12 06:37:00,50.190676567656766
2025-06-12 17:27:00,50.190676567656766
2025-06-12 20:58:00,50.190676567656766
2025-06-12 02:44:00,34.9
2025-06-12 14:55:00,92.7
2025-06-12 07:24:00,54.4
2025-06-12 20:35:00,50.190676567656766
2025-06-12 09:26:00,94.3
2025-06-12 23:36:00,22.4
2025-06-12 15:12:00,66.7
2025-06-12 19:54:00,68.7
2025-06-12 12:10:00,20.1
2025-06-12 23:44:00,59.0
2025-06-12 13:34:00,29.7
2025-06-12 19:18:00,35.5
2025-06-12 19:43:00,42.2
2025-06-12 06:49:00,50.190676567656766
2025-06-12 07:47:00,61.6
2025-06-12 07:02:00,21.0
2025-06-12 23:03:00,5.2
2025-06-12 03:50:00,37.6
2025-06-12 01:34:00,42.4
2025-06-12 21:24:00,89.2
2025-06-12 09:29:00,21.6
2025-06-12 18:25:00,62.9
2025-06-12 10:19:00,32.4
2025-06-12 17:58:00,31.3
2025-06-12 13:15:00,50.190676567656766
2025-06-12 22:16:00,50.190676567656766
2025-06-12 10:39:00,50.190676567656766
2025-06-12 20:35:00,26.6
2025-06-12 13:19:00,94.2
2025-06-12 20:10:00,51.8
2025-06-12 05:28:00,14.2
2025-06-12 20:04:00,90.7
2025-06-12 03:54:00,95.1
2025-06-12 04:04:00,71.0
2025-06-12 17:03:00,63.6
2025-06-12 04:23:00,9.9
2025-06-12 19:17:00,19.8
2025-06-12 11:15:00,60.6
2025-06-12 05:55:00,36.6
2025-06-12 03:19:00,66.6
2025-06-12 17:42:00,94.2
2025-06-12 10:21:00,50.190676567656766
2025-06-12 07:16:00,9.7
2025-06-12 14:23:00,51.6
2025-06-12 07:38:00,50.190676567656766
2025-06-12 03:27:00,43.1
2025-06-12 08:31:00,61.8
2025-06-12 01:35:00,54.3
2025-06-12 03:48:00,50.190676567656766
2025-06-12 02:56:00,95.7
2025-06-12 08:45:00,50.190676567656766
2025-06-12 02:29:00,8.5
2025-06-12 19:19:00,19.9
2025-06-12 05:03:00,13.8
2025-06-12 19:05:00,50.190676567656766
2025-06-12 23:46:00,50.190676567656766
2025-06-12 21:57:00,45.6
2025-06-12 04:16:00,17.8
2025-06-12 03:21:00,48.8
2025-06-12 17:23:00,48.8
2025-06-12 06:29:00,5.0
2025-06-12 05:51:00,50.190676567656766
2025-06-12 03:05:00,92.8
2025-06-12 03:11:00,45.8
2025-06-12 16:00:00,50.190676567656766
2025-06-12 16:03:00,25.6
2025-06-12 01:19:00,83.1
2025-06-12 15:10:00,39.9
2025-06-12 22:24:00,49.9
2025-06-12 11:54:00,87.0
2025-06-12 17:57:00,8.1
2025-06-12 07:34:00,13.0
2025-06-12 07:37:00,2.1
2025-06-12 03:07:00,50.190676567656766
2025-06-12 00:37:00,86.0
2025-06-12 10:32:00,57.0
2025-06-12 06:54:00,80.7
2025-06-12 02:59:00,15.1
2025-06-12 21:36:00,11.4
2025-06-12 08:23:00,18.8
2025-06-12 18:10:00,50.190676567656766
2025-06-12 17:39:00,50.7
2025-06-12 11:20:00,50.190676567656766
2025-06-12 20:13:00,88.1
2025-06-12 10:24:00,9.8
2025-06-12 17:24:00,88.3
2025-06-12 02:39:00,69.7
2025-06-12 09:33:00,29.2
2025-06-12 04:16:00,96.9
2025-06-12 10:51:00,82.3
2025-06-12 16:55:00,80.7
2025-06-12 22:27:00,78.1
2025-06-12 07:06:00,74.0
2025-06-12 17:30:00,100.0
2025-06-12 12:49:00,46.8
2025-06-12 17:23:00,12.3
2025-06-12 13:03:00,67.6
2025-06-12 08:34:00,50.190676567656766
2025-06-12 00:07:00,89.2
2025-06-12 11:47:00,10.3
2025-06-12 13:41:00,40.3
2025-06-12 13:04:00,43.5
2025-06-12 08:19:00,19.5
2025-06-12 23:48:00,50.190676567656766
2025-06-12 07:49:00,50.190676567656766
2025-06-12 12:29:00,98.2
2025-06-12 11:33:00,64.5
2025-06-12 14:45:00,58.9
2025-06-12 13:17:00,20.8
2025-06-12 11:25:00,50.190676567656766
2025-06-12 21:20:00,24.0
2025-06-12 12:59:00,50.190676567656766
2025-06-12 14:39:00,97.4
2025-06-12 20:53:00,43.0
2025-06-12 21:49:00,45.9
2025-06-12 23:09:00,4.3
2025-06-12 15:50:00,50.190676567656766
2025-06-12 10:18:00,80.6
2025-06-12 09:06:00,95.1
2025-06-12 00:42:00,24.1
2025-06-12 19:08:00,50.190676567656766
2025-06-12 04:08:00,30.7
2025-06-12 05:02:00,33.9
2025-06-12 03:18:00,57.2
2025-06-12 06:39:00,4.9
2025-06-12 07:16:00,86.7
2025-06-12 07:15:00,46.7
2025-06-12 18:55:00,19.7
2025-06-12 21:30:00,69.0
2025-06-12 10:45:00,31.2
2025-06-12 13:40:00,91.6
2025-06-12 09:27:00,50.190676567656766
2025-06-12 06:55:00,57.3
2025-06-12 05:02:00,14.2
2025-06-12 09:51:00,62.2
2025-06-12 00:53:00,13.0
2025-06-12 20:27:00,98.3
2025-06-12 17:05:00,5.0
2025-06-12 12:33:00,58.0
2025-06-12 13:51:00,80.2
2025-06-12 14:24:00,2.8
2025-06-12 01:48:00,14.2
2025-06-12 19:39:00,32.4
2025-06-12 03:35:00,97.0
2025-06-12 08:22:00,50.190676567656766
2025-06-12 06:35:00,51.0
2025-06-12 15:12:00,20.0
2025-06-12 11:51:00,57.4
2025-06-12 19:21:00,29.4
2025-06-12 14:40:00,3.8
2025-06-12 17:53:00,18.1
2025-06-12 17:29:00,50.190676567656766
2025-06-12 22:27:00,48.7
2025-06-12 04:11:00,4.6
2025-06-12 19:41:00,88.7
2025-06-12 00:06:00,25.8
2025-06-12 05:13:00,14.6
2025-06-12 03:12:00,96.5
2025-06-12 03:48:00,45.3
2025-06-12 13:49:00,34.4
2025-06-12 06:25:00,59.3
2025-06-12 12:53:00,47.1
2025-06-12 23:42:00,42.5
2025-06-12 12:56:00,25.1
2025-06-12 21:28:00,50.8
2025-06-12 22:00:00,50.7
2025-06-12 08:57:00,15.3
2025-06-12 22:00:00,97.5
2025-06-12 10:18:00,50.190676567656766
2025-06-12 02:11:00,7.3
2025-06-12 19:28:00,50.190676567656766
2025-06-12 02:59:00,61.0
2025-06-12 11:43:00,54.3
2025-06-12 21:23:00,81.2
2025-06-12 23:04:00,29.8
2025-06-12 03:47:00,13.3
2025-06-12 00:10:00,10.7
2025-06-12 09:41:00,15.8
2025-06-12 16:59:00,5.8
2025-06-12 17:37:00,60.5
2025-06-12 11:46:00,95.9
2025-06-12 10:46:00,28.4
2025-06-12 00:56:00,50.190676567656766
2025-06-12 08:28:00,60.6
2025-06-12 09:35:00,33.6
2025-06-12 21:07:00,16.5
2025-06-12 14:50:00,86.8
2025-06-12 19:17:00,75.9
2025-06-12 05:53:00,12.4
2025-06-12 02:34:00,96.2
2025-06-12 12:45:00,4.4
2025-06-12 17:21:00,53.2
2025-06-12 02:31:00,60.6
2025-06-12 17:09:00,34.0
2025-06-12 07:11:00,7.4
2025-06-12 03:16:00,54.0
2025-06-12 07:11:00,50.190676567656766
2025-06-12 15:29:00,50.190676567656766
2025-06-12 18:29:00,40.9
2025-06-12 16:33:00,52.3
2025-06-12 05:06:00,22.1
2025-06-12 01:58:00,97.9
2025-06-12 15:33:00,65.3
2025-06-12 17:35:00,78.8
2025-06-12 11:31:00,6.6
2025-06-12 22:54:00,27.2
2025-06-12 06:14:00,66.0
2025-06-12 03:22:00,36.0
2025-06-12 15:15:00,74.5
2025-06-12 04:41:00,91.0
2025-06-12 07:33:00,49.0
2025-06-12 21:18:00,65.7
2025-06-12 10:34:00,18.3
2025-06-12 16:50:00,50.190676567656766
2025-06-12 20:54:00,99.9
2025-06-12 21:36:00,15.7
2025-06-12 02:42:00,23.7
2025-06-12 13:17:00,19.0
2025-06-12 18:07:00,49.69925181201777
2025-06-12 01:02:00,13.4
2025-06-12 01:29:00,58.5
2025-06-12 11:59:00,99.1
2025-06-12 17:44:00,17.3
2025-06-12 20:25:00,49.69925181201777
2025-06-12 09:33:00,42.7
2025-06-12 22:28:00,28.6
2025-06-12 19:53:00,49.69925181201777
2025-06-12 17:03:00,0.2
2025-06-12 08:49:00,1.9
2025-06-12 19:25:00,63.5
2025-06-12 10:56:00,96.5
2025-06-12 16:19:00,49.69925181201777
2025-06-12 20:04:00,76.2
2025-06-12 22:53:00,49.69925181201777
2025-06-12 20:31:00,69.7
2025-06-12 01:09:00,6.0
2025-06-12 15:12:00,47.5
2025-06-12 05:00:00,49.69925181201777
2025-06-12 07:26:00,29.5
2025-06-12 02:13:00,0.8
2025-06-12 16:35:00,44.7
2025-06-12 23:17:00,31.7
2025-06-12 02:51:00,61.3
2025-06-12 20:27:00,21.9
2025-06-12 12:18:00,49.3
2025-06-12 14:27:00,48.8
2025-06-12 09:54:00,66.3
2025-06-12 11:03:00,50.4
2025-06-12 09:06:00,94.6
2025-06-12 02:36:00,20.1
2025-06-12 20:22:00,36.8
2025-06-12 17:28:00,49.69925181201777
2025-06-12 21:37:00,23.2
2025-06-12 20:00:00,76.5
2025-06-12 23:53:00,18.1
2025-06-12 08:53:00,100.0
2025-06-12 16:47:00,71.1
2025-06-12 14:50:00,87.0
2025-06-12 15:28:00,69.4
2025-06-12 19:32:00,36.3
2025-06-12 13:07:00,86.8
2025-06-12 15:16:00,20.1
2025-06-12 07:27:00,35.3
2025-06-12 06:10:00,49.69925181201777
2025-06-12 21:18:00,18.6
2025-06-12 23:50:00,65.9
2025-06-12 08:44:00,84.8
2025-06-12 16:05:00,89.6
2025-06-12 15:58:00,25.0
2025-06-12 01:17:00,17.8
2025-06-12 22:43:00,51.2
2025-06-12 07:17:00,49.69925181201777
2025-06-12 20:08:00,41.0
2025-06-12 11:50:00,49.9
2025-06-12 21:38:00,4.7
2025-06-12 04:18:00,79.4
2025-06-12 13:33:00,92.6
2025-06-12 08:22:00,29.4
2025-06-12 14:40:00,8.6
2025-06-12 04:04:00,70.5
2025-06-12 01:41:00,85.2
2025-06-12 19:04:00,4.1
2025-06-12 23:03:00,49.69925181201777
2025-06-12 14:25:00,23.8
2025-06-12 01:12:00,15.0
2025-06-12 05:56:00,45.3
2025-06-12 20:42:00,48.9
2025-06-12 22:18:00,30.2
2025-06-12 14:26:00,34.1
2025-06-12 22:22:00,29.0
2025-06-12 17:46:00,78.2
2025-06-12 12:56:00,80.6
2025-06-12 01:00:00,8.8
2025-06-12 23:41:00,98.9
2025-06-12 06:12:00,49.69925181201777
2025-06-12 02:53:00,41.6
2025-06-12 13:53:00,53.2
2025-06-12 11:49:00,10.0
2025-06-12 22:22:00,21.2
2025-06-12 02:46:00,24.3
2025-06-12 21:44:00,28.1
2025-06-12 19:05:00,40.0
2025-06-12 06:30:00,60.6
2025-06-12 03:08:00,26.1
2025-06-12 17:13:00,1.1
2025-06-12 16:58:00,43.4
2025-06-12 03:12:00,29.6
2025-06-12 03:56:00,81.8
2025-06-12 20:08:00,49.69925181201777
2025-06-12 21:25:00,90.2
2025-06-12 06:29:00,49.69925181201777
2025-06-12 10:35:00,63.0
2025-06-12 10:25:00,30.2
2025-06-12 04:53:00,60.0
2025-06-12 22:43:00,90.8
2025-06-12 18:13:00,86.4
2025-06-12 13:37:00,79.2
2025-06-12 03:36:00,49.69925181201777
2025-06-12 09:09:00,26.1
2025-06-12 03:07:00,64.0
2025-06-12 10:33:00,47.0
2025-06-12 19:58:00,39.7
2025-06-12 12:44:00,49.69925181201777
2025-06-12 16:26:00,68.5
2025-06-12 01:39:00,81.5
2025-06-12 22:32:00,42.8
2025-06-12 15:22:00,26.9
2025-06-12 02:15:00,49.69925181201777
2025-06-12 23:34:00,29.5
2025-06-12 04:14:00,26.5
2025-06-12 07:39:00,58.1
2025-06-12 05:22:00,49.69925181201777
2025-06-12 22:30:00,60.1
2025-06-12 17:28:00,63.9
2025-06-12 20:08:00,98.6
2025-06-12 20:35:00,86.2
2025-06-12 01:04:00,69.4
2025-06-12 04:48:00,59.6
2025-06-12 20:55:00,98.2
2025-06-12 11:41:00,49.69925181201777
2025-06-12 04:34:00,17.0
2025-06-12 18:58:00,25.6
2025-06-12 17:58:00,91.0
2025-06-12 03:04:00,79.8
2025-06-12 22:49:00,10.9
2025-06-12 08:26:00,45.2
2025-06-12 02:47:00,64.4
2025-06-12 10:25:00,49.69925181201777
2025-06-12 04:01:00,61.5
2025-06-12 04:36:00,43.4
2025-06-12 14:18:00,49.69925181201777
2025-06-12 07:41:00,13.1
2025-06-12 01:23:00,98.6
2025-06-12 14:47:00,68.5
2025-06-12 13:03:00,25.2
2025-06-12 16:43:00,12.2
2025-06-12 06:12:00,72.2
2025-06-12 18:48:00,71.6
2025-06-12 06:54:00,60.6
2025-06-12 22:30:00,67.5
2025-06-12 16:58:00,73.8
2025-06-12 19:15:00,13.9
2025-06-12 19:33:00,49.69925181201777
2025-06-12 19:36:00,0.7
2025-06-12 01:02:00,23.0
2025-06-12 11:07:00,85.0
2025-06-12 19:23:00,49.69925181201777
2025-06-12 11:11:00,68.8
2025-06-12 17:48:00,95.6
2025-06-12 04:22:00,61.0
2025-06-12 09:12:00,24.1
2025-06-12 11:34:00,79.7
2025-06-12 15:46:00,27.7
2025-06-12 08:15:00,49.69925181201777
2025-06-12 17:40:00,41.7
2025-06-12 22:20:00,37.6
2025-06-12 11:54:00,94.2
2025-06-12 17:18:00,24.7
2025-06-12 16:22:00,49.69925181201777
2025-06-12 22:50:00,65.3
2025-06-12 01:40:00,95.9
2025-06-12 04:46:00,49.69925181201777
2025-06-12 14:04:00,49.69925181201777
2025-06-12 20:45:00,45.0
2025-06-12 10:38:00,22.2
2025-06-12 04:16:00,49.69925181201777
2025-06-12 06:07:00,10.9
2025-06-12 07:20:00,71.9
2025-06-12 23:49:00,87.7
2025-06-12 15:58:00,74.1
2025-06-12 13:12:00,99.1
2025-06-12 15:20:00,45.9
2025-06-12 01:30:00,54.2
2025-06-12 01:01:00,50.6
2025-06-12 05:41:00,50.8
2025-06-12 22:20:00,49.69925181201777
2025-06-12 04:58:00,51.8
2025-06-12 22:08:00,53.8
2025-06-12 05:49:00,53.6
2025-06-12 01:51:00,49.69925181201777
2025-06-12 12:33:00,11.9
2025-06-12 22:26:00,36.4
2025-06-12 22:43:00,8.2
2025-06-12 11:27:00,83.9
2025-06-12 12:02:00,19.2
2025-06-12 07:21:00,70.3
2025-06-12 21:05:00,94.9
2025-06-12 19:02:00,95.7
2025-06-12 11:36:00,49.69925181201777
2025-06-12 11:46:00,26.9
2025-06-12 02:30:00,90.0
2025-06-12 11:30:00,61.2
2025-06-12 04:09:00,9.6
2025-06-12 16:20:00,38.5
2025-06-12 00:03:00,61.7
2025-06-12 10:02:00,93.1
2025-06-12 21:17:00,94.9
2025-06-12 18:35:00,49.69925181201777
2025-06-12 04:29:00,55.5
2025-06-12 17:56:00,49.69925181201777
2025-06-12 20:03:00,96.3
2025-06-12 08:11:00,38.6
2025-06-12 17:42:00,47.7
2025-06-12 08:32:00,49.69925181201777
2025-06-12 07:20:00,53.8
2025-06-12 15:04:00,60.4
2025-06-12 09:18:00,49.69925181201777
2025-06-12 02:22:00,28.7
2025-06-12 23:23:00,33.9
2025-06-12 11:11:00,83.6
2025-06-12 13:54:00,73.6
2025-06-12 03:02:00,87.7
2025-06-12 17:43:00,99.0
2025-06-12 03:36:00,52.7
2025-06-12 17:26:00,56.4
2025-06-12 06:14:00,9.9
2025-06-12 16:39:00,69.5
2025-06-12 18:53:00,78.5
2025-06-12 19:55:00,82.9
2025-06-12 17:56:00,56.9
2025-06-12 16:29:00,45.1
2025-06-12 09:20:00,58.0
2025-06-12 01:30:00,39.3
2025-06-12 03:09:00,52.5
2025-06-12 06:27:00,76.8
2025-06-12 14:08:00,14.6
2025-06-12 01:33:00,18.1
2025-06-12 19:36:00,49.69925181201777
2025-06-12 08:03:00,0.4
2025-06-12 06:35:00,74.1
2025-06-12 03:50:00,79.3
2025-06-12 02:11:00,96.5
2025-06-12 04:59:00,87.6
2025-06-12 14:22:00,46.5
2025-06-12 06:56:00,99.4
2025-06-12 05:09:00,49.69925181201777
2025-06-12 23:41:00,71.4
2025-06-12 16:19:00,49.69925181201777
2025-06-12 01:57:00,2.8
2025-06-12 15:38:00,49.69925181201777
2025-06-12 15:55:00,49.69925181201777
2025-06-12 14:58:00,57.3
2025-06-12 05:23:00,67.7
2025-06-12 22:17:00,6.6
2025-06-12 04:20:00,69.4
2025-06-12 16:37:00,35.2
2025-06-12 07:43:00,63.8
2025-06-12 15:00:00,5.5
2025-06-12 14:35:00,67.1
2025-06-12 12:56:00,37.5
2025-06-12 17:48:00,16.9
2025-06-12 07:13:00,69.7
2025-06-12 00:08:00,83.9
2025-06-12 01:47:00,4.3
2025-06-12 22:41:00,22.2
2025-06-12 16:38:00,50.2
2025-06-12 23:01:00,19.4
2025-06-12 22:06:00,88.1
2025-06-12 03:36:00,70.6
2025-06-12 17:18:00,48.0
2025-06-12 23:49:00,54.8
2025-06-12 15:54:00,35.4
2025-06-12 01:39:00,53.5
2025-06-12 01:04:00,82.0
2025-06-12 15:30:00,36.5
2025-06-12 06:11:00,18.6
2025-06-12 22:39:00,58.2
2025-06-12 11:42:00,23.5
2025-06-12 05:59:00,3.2
2025-06-12 10:34:00,75.5
2025-06-12 01:16:00,49.69925181201777
2025-06-12 04:01:00,17.5
2025-06-12 08:11:00,76.1
2025-06-12 07:31:00,49.69925181201777
2025-06-12 17:05:00,27.8
2025-06-12 02:15:00,25.0
2025-06-12 23:53:00,49.69925181201777
2025-06-12 06:32:00,93.6
2025-06-12 18:55:00,6.4
2025-06-12 11:05:00,42.0
2025-06-12 15:08:00,49.69925181201777
2025-06-12 11:56:00,44.1
2025-06-12 09:24:00,69.6
2025-06-12 22:39:00,96.4
2025-06-12 08:17:00,28.3
2025-06-12 08:41:00,49.69925181201777
2025-06-12 17:49:00,61.2
2025-06-12 10:48:00,83.6
2025-06-12 04:25:00,34.4
2025-06-12 10:34:00,49.69925181201777
2025-06-12 17:39:00,24.1
2025-06-12 00:47:00,79.0
2025-06-12 03:52:00,18.3
2025-06-12 12:55:00,49.69925181201777
2025-06-12 13:40:00,83.0
2025-06-12 18:16:00,84.2
2025-06-12 19:38:00,72.4
2025-06-12 13:16:00,85.6
2025-06-12 05:01:00,2.7
2025-06-12 10:16:00,9.8
2025-06-12 11:39:00,1.7
2025-06-12 10:45:00,63.2
2025-06-12 14:46:00,74.5
2025-06-12 07:56:00,9.6
2025-06-12 14:41:00,85.5
2025-06-12 20:35:00,93.5
2025-06-12 23:57:00,97.7
2025-06-12 15:56:00,9.7
2025-06-12 03:54:00,22.1
2025-06-12 02:30:00,49.69925181201777
2025-06-12 08:28:00,18.7
2025-06-12 20:14:00,1.7
2025-06-12 02:06:00,8.5
2025-06-12 05:10:00,39.8
2025-06-12 08:19:00,79.3
2025-06-12 12:33:00,92.1
2025-06-12 17:41:00,18.2
2025-06-12 02:19:00,86.6
2025-06-12 17:19:00,49.69925181201777
2025-06-12 20:14:00,61.6
2025-06-12 16:08:00,82.5
2025-06-12 09:37:00,91.4
2025-06-12 15:02:00,54.1
2025-06-12 19:27:00,49.69925181201777
2025-06-12 18:47:00,97.5
2025-06-12 01:16:00,10.7
2025-06-12 15:00:00,29.0
2025-06-12 14:02:00,27.7
2025-06-12 01:29:00,49.69925181201777
2025-06-12 13:10:00,11.8
2025-06-12 12:27:00,30.6
2025-06-12 22:40:00,29.7
2025-06-12 08:11:00,20.8
2025-06-12 11:20:00,61.8
2025-06-12 08:53:00,74.9
2025-06-12 15:22:00,92.7
2025-06-12 14:58:00,20.4
2025-06-12 10:47:00,46.5
2025-06-12 18:37:00,50.9
2025-06-12 12:31:00,49.69925181201777
2025-06-12 16:22:00,71.3
2025-06-12 12:53:00,49.69925181201777
2025-06-12 00:17:00,4.1
2025-06-12 19:52:00,33.4
2025-06-12 15:45:00,81.9
2025-06-12 13:15:00,48.5
2025-06-12 16:04:00,87.9
2025-06-12 20:44:00,65.2
2025-06-12 23:35:00,8.1
2025-06-12 05:05:00,67.1
2025-06-12 00:36:00,98.8
2025-06-12 02:31:00,39.6
2025-06-12 19:14:00,50.15234640140434
2025-06-12 05:52:00,83.9
2025-06-12 18:40:00,11.3
2025-06-12 09:54:00,21.8
2025-06-12 14:14:00,94.8
2025-06-12 05:54:00,4.5
2025-06-12 18:17:00,50.15234640140434
2025-06-12 11:11:00,8.0
2025-06-12 13:54:00,36.6
2025-06-12 14:27:00,67.6
2025-06-12 06:49:00,50.15234640140434
2025-06-12 14:35:00,88.8
2025-06-12 18:56:00,57.9
2025-06-12 23:18:00,82.4
2025-06-12 23:50:00,42.8
2025-06-12 18:18:00,5.6
2025-06-12 06:48:00,50.15234640140434
2025-06-12 21:48:00,50.15234640140434
2025-06-12 15:33:00,67.3
2025-06-12 10:10:00,61.4
2025-06-12 22:32:00,71.9
2025-06-12 11:37:00,14.7
2025-06-12 11:24:00,65.7
2025-06-12 20:05:00,9.6
2025-06-12 05:29:00,16.9
2025-06-12 02:20:00,12.8
2025-06-12 15:33:00,59.6
2025-06-12 18:32:00,10.4
2025-06-12 23:22:00,49.3
2025-06-12 11:16:00,50.15234640140434
2025-06-12 13:37:00,58.7
2025-06-12 12:27:00,59.0
2025-06-12 05:46:00,33.5
2025-06-12 12:49:00,50.15234640140434
2025-06-12 16:04:00,22.2
2025-06-12 09:40:00,50.15234640140434
2025-06-12 17:25:00,67.9
2025-06-12 18:49:00,72.3
2025-06-12 15:24:00,16.4
2025-06-12 23:36:00,35.9
2025-06-12 22:53:00,4.5
2025-06-12 15:13:00,39.8
2025-06-12 13:26:00,83.4
2025-06-12 16:57:00,90.5
2025-06-12 21:13:00,78.4
2025-06-12 16:29:00,35.5
2025-06-12 19:36:00,97.3
2025-06-12 14:09:00,50.15234640140434
2025-06-12 12:08:00,50.7
2025-06-12 13:58:00,71.8
2025-06-12 08:09:00,47.4
2025-06-12 23:01:00,89.5
2025-06-12 21:53:00,93.1
2025-06-12 07:09:00,61.0
2025-06-12 23:15:00,50.15234640140434
2025-06-12 02:59:00,50.15234640140434
2025-06-12 04:36:00,43.4
2025-06-12 01:57:00,68.6
2025-06-12 15:31:00,50.15234640140434
2025-06-12 18:58:00,42.8
2025-06-12 19:53:00,94.6
2025-06-12 15:02:00,51.7
2025-06-12 05:47:00,98.8
2025-06-12 15:19:00,50.5
2025-06-12 03:08:00,0.0
2025-06-12 13:21:00,50.15234640140434
2025-06-12 11:36:00,18.8
2025-06-12 10:38:00,87.9
2025-06-12 12:49:00,50.15234640140434
2025-06-12 17:06:00,68.6
2025-06-12 10:05:00,87.4
2025-06-12 01:18:00,63.9
2025-06-12 22:38:00,75.3
2025-06-12 13:32:00,50.15234640140434
2025-06-12 15:47:00,50.15234640140434
2025-06-12 12:31:00,4.8
2025-06-12 14:15:00,87.5
2025-06-12 10:52:00,15.2
2025-06-12 21:21:00,25.1
2025-06-12 21:22:00,50.15234640140434
2025-06-12 22:30:00,7.2
2025-06-12 02:19:00,50.15234640140434
2025-06-12 23:40:00,89.0
2025-06-12 10:36:00,50.15234640140434
2025-06-12 05:37:00,91.1
2025-06-12 17:59:00,47.4
2025-06-12 11:01:00,3.7
2025-06-12 11:03:00,97.0
2025-06-12 19:01:00,5.1
2025-06-12 05:44:00,50.15234640140434
2025-06-12 10:15:00,90.6
2025-06-12 00:40:00,21.2
2025-06-12 19:57:00,11.3
2025-06-12 07:06:00,87.0
2025-06-12 10:49:00,99.0
2025-06-12 22:21:00,89.9
2025-06-12 00:17:00,6.5
2025-06-12 10:17:00,95.0
2025-06-12 04:50:00,58.5
2025-06-12 13:47:00,43.2
2025-06-12 11:51:00,57.0
2025-06-12 22:35:00,84.9
2025-06-12 10:15:00,90.0
2025-06-12 01:42:00,34.6
2025-06-12 20:46:00,3.8
2025-06-12 23:05:00,13.6
2025-06-12 02:52:00,46.5
2025-06-12 02:17:00,16.5
2025-06-12 22:06:00,67.0
2025-06-12 06:51:00,89.1
2025-06-12 08:16:00,32.9
2025-06-12 11:48:00,34.7
2025-06-12 10:39:00,15.3
2025-06-12 22:20:00,68.5
2025-06-12 02:16:00,23.0
2025-06-12 11:33:00,98.5
2025-06-12 19:07:00,72.8
2025-06-12 17:58:00,50.15234640140434
2025-06-12 08:23:00,62.4
2025-06-12 16:30:00,28.6
2025-06-12 10:18:00,14.7
2025-06-12 20:58:00,7.6
2025-06-12 03:06:00,50.15234640140434
2025-06-12 12:04:00,54.4
2025-06-12 19:13:00,50.15234640140434
2025-06-12 05:21:00,50.15234640140434
2025-06-12 02:56:00,50.15234640140434
2025-06-12 16:52:00,88.5
2025-06-12 11:58:00,11.8
2025-06-12 04:33:00,66.5
2025-06-12 08:55:00,50.15234640140434
2025-06-12 10:23:00,6.5
2025-06-12 20:03:00,44.4
2025-06-12 09:53:00,0.8
2025-06-12 02:34:00,69.3
2025-06-12 19:13:00,22.5
2025-06-12 00:47:00,50.4
2025-06-12 11:02:00,19.2
2025-06-12 11:04:00,46.2
2025-06-12 10:57:00,47.9
2025-06-12 02:16:00,50.15234640140434
2025-06-12 05:43:00,39.9
2025-06-12 07:12:00,50.15234640140434
2025-06-12 08:46:00,27.4
2025-06-12 02:17:00,89.1
2025-06-12 11:46:00,72.4
2025-06-12 04:02:00,68.6
2025-06-12 05:18:00,48.5
2025-06-12 15:30:00,57.7
2025-06-12 17:44:00,55.7
2025-06-12 17:11:00,2.4
2025-06-12 15:29:00,43.2
2025-06-12 19:59:00,40.9
2025-06-12 02:40:00,13.4
2025-06-12 05:03:00,76.5
2025-06-12 21:11:00,50.15234640140434
2025-06-12 22:17:00,4.6
2025-06-12 20:36:00,37.9
2025-06-12 05:36:00,40.6
2025-06-12 04:48:00,50.15234640140434
2025-06-12 16:07:00,70.8
2025-06-12 11:25:00,54.3
2025-06-12 19:39:00,11.8
2025-06-12 19:14:00,93.2
2025-06-12 15:00:00,37.8
2025-06-12 13:08:00,19.4
2025-06-12 19:02:00,56.3
2025-06-12 07:46:00,43.8
2025-06-12 07:38:00,76.8
2025-06-12 12:27:00,28.9
2025-06-12 19:35:00,18.2
2025-06-12 23:55:00,50.15234640140434
2025-06-12 15:42:00,98.0
2025-06-12 09:49:00,33.3
2025-06-12 23:22:00,63.4
2025-06-12 05:02:00,67.1
2025-06-12 14:38:00,50.15234640140434
2025-06-12 15:57:00,32.3
2025-06-12 17:38:00,59.7
2025-06-12 10:03:00,50.15234640140434
2025-06-12 01:06:00,26.6
2025-06-12 19:03:00,60.0
2025-06-12 11:44:00,19.9
2025-06-12 20:34:00,14.8
2025-06-12 23:20:00,52.4
2025-06-12 10:49:00,50.15234640140434
2025-06-12 17:06:00,89.6
2025-06-12 07:12:00,78.3
2025-06-12 02:10:00,15.3
2025-06-12 09:39:00,49.2
2025-06-12 03:15:00,21.3
2025-06-12 06:07:00,60.8
2025-06-12 08:43:00,62.1
2025-06-12 00:40:00,66.4
2025-06-12 14:09:00,84.5
2025-06-12 12:10:00,50.15234640140434
2025-06-12 07:52:00,32.3
2025-06-12 00:11:00,44.5
2025-06-12 11:06:00,25.7
2025-06-12 08:32:00,50.15234640140434
2025-06-12 08:26:00,50.15234640140434
2025-06-12 07:04:00,45.4
2025-06-12 23:20:00,50.15234640140434
2025-06-12 12:18:00,50.15234640140434
2025-06-12 04:11:00,77.9
2025-06-12 14:44:00,59.5
2025-06-12 13:00:00,45.3
2025-06-12 21:54:00,50.15234640140434
2025-06-12 20:39:00,13.7
2025-06-12 08:53:00,61.1
2025-06-12 03:45:00,96.6
2025-06-12 14:36:00,50.15234640140434
2025-06-12 10:51:00,95.4
2025-06-12 14:37:00,50.15234640140434
2025-06-12 08:26:00,52.3
2025-06-12 20:58:00,54.9
2025-06-12 15:34:00,50.15234640140434
2025-06-12 12:12:00,80.7
2025-06-12 12:05:00,14.5
2025-06-12 19:23:00,50.15234640140434
2025-06-12 23:14:00,94.6
2025-06-12 20:52:00,17.7
2025-06-12 13:24:00,85.7
2025-06-12 02:06:00,57.8
2025-06-12 12:20:00,35.7
2025-06-12 01:01:00,51.0
2025-06-12 16:01:00,85.9
2025-06-12 09:53:00,32.9
2025-06-12 22:31:00,4.1
2025-06-12 16:44:00,50.15234640140434
2025-06-12 06:43:00,50.15234640140434
2025-06-12 19:29:00,34.9
2025-06-12 03:08:00,92.4
2025-06-12 12:56:00,61.4
2025-06-12 19:28:00,73.5
2025-06-12 11:13:00,54.8
2025-06-12 09:36:00,70.6
2025-06-12 02:28:00,88.3
2025-06-12 18:40:00,73.5
2025-06-12 07:42:00,99.5
2025-06-12 04:09:00,6.3
2025-06-12 23:58:00,67.5
2025-06-12 23:07:00,40.1
2025-06-12 13:45:00,10.2
2025-06-12 04:45:00,34.2
2025-06-12 13:44:00,99.2
2025-06-12 10:13:00,63.8
2025-06-12 22:46:00,68.1
2025-06-12 18:50:00,50.15234640140434
2025-06-12 09:06:00,33.2
2025-06-12 01:47:00,86.8
2025-06-12 21:25:00,26.2
2025-06-12 06:32:00,86.4
2025-06-12 12:47:00,50.15234640140434
2025-06-12 01:55:00,71.3
2025-06-12 12:24:00,11.1
2025-06-12 11:21:00,40.6
2025-06-12 19:50:00,47.5
2025-06-12 16:43:00,65.7
2025-06-12 12:18:00,19.2
2025-06-12 15:14:00,50.15234640140434
2025-06-12 00:42:00,67.3
2025-06-12 20:27:00,59.0
2025-06-12 12:03:00,50.8
2025-06-12 23:31:00,66.0
2025-06-12 10:55:00,65.2
2025-06-12 20:27:00,13.0
2025-06-12 18:30:00,19.9
2025-06-12 23:16:00,61.0
2025-06-12 18:12:00,9.2
2025-06-12 04:44:00,61.5
2025-06-12 11:05:00,39.2
2025-06-12 05:25:00,9.6
2025-06-12 06:37:00,16.6
2025-06-12 13:23:00,89.3
2025-06-12 21:44:00,82.8
2025-06-12 03:12:00,37.6
2025-06-12 18:58:00,97.1
2025-06-12 12:59:00,73.9
2025-06-12 06:07:00,18.6
2025-06-12 14:20:00,50.15234640140434
2025-06-12 10:57:00,28.2
2025-06-12 03:18:00,83.4
2025-06-12 02:16:00,39.7
2025-06-12 19:48:00,27.3
2025-06-12 18:06:00,69.2
2025-06-12 00:50:00,82.2
2025-06-12 22:15:00,17.0
2025-06-12 18:45:00,6.9
2025-06-12 01:15:00,5.3
2025-06-12 21:32:00,50.15234640140434
2025-06-12 03:17:00,94.9
2025-06-12 23:24:00,41.2
2025-06-12 01:34:00,43.8
2025-06-12 12:57:00,53.2
2025-06-12 10:43:00,50.15234640140434
2025-06-12 21:25:00,43.1
2025-06-12 03:54:00,53.2
2025-06-12 20:36:00,13.6
2025-06-12 19:37:00,50.15234640140434
2025-06-12 04:46:00,22.2
2025-06-12 14:22:00,50.15234640140434
2025-06-12 13:44:00,21.6
2025-06-12 17:03:00,50.15234640140434
2025-06-12 15:57:00,50.15234640140434
2025-06-12 07:20:00,72.6
2025-06-12 02:11:00,59.5
2025-06-12 21:59:00,62.0
2025-06-12 08:24:00,88.3
2025-06-12 08:45:00,70.5
2025-06-12 22:41:00,69.4
2025-06-12 01:33:00,23.2
2025-06-12 08:13:00,14.1
2025-06-12 12:02:00,50.15234640140434
2025-06-12 19:39:00,54.0
2025-06-12 06:20:00,43.0
2025-06-12 22:48:00,36.8
2025-06-12 17:00:00,67.7
2025-06-12 06:51:00,18.3
2025-06-12 17:36:00,81.0
2025-06-12 06:53:00,41.8
2025-06-12 03:14:00,76.9
2025-06-12 22:21:00,61.5
2025-06-12 06:53:00,50.15234640140434
2025-06-12 20:06:00,89.5
2025-06-12 11:30:00,76.4
2025-06-12 11:03:00,61.9
2025-06-12 07:42:00,56.6
2025-06-12 02:38:00,88.4
2025-06-12 12:29:00,28.1
2025-06-12 11:00:00,24.4
2025-06-12 17:27:00,74.5
2025-06-12 00:41:00,57.1
2025-06-12 10:04:00,22.7
2025-06-12 01:49:00,14.2
2025-06-12 11:30:00,50.15234640140434
2025-06-12 00:03:00,75.5
2025-06-12 10:33:00,49.8
2025-06-12 07:23:00,20.7
2025-06-12 02:06:00,70.4
2025-06-12 09:36:00,43.7
2025-06-12 15:21:00,75.4
2025-06-12 07:11:00,69.2
2025-06-12 20:29:00,50.15747328871669
2025-06-12 11:37:00,15.4
2025-06-12 12:08:00,90.0
2025-06-12 00:04:00,91.5
2025-06-12 05:31:00,10.5
2025-06-12 00:28:00,82.5
2025-06-12 00:53:00,32.5
2025-06-12 22:32:00,68.4
2025-06-12 23:41:00,35.7
2025-06-12 10:27:00,95.4
2025-06-12 10:14:00,85.3
2025-06-12 17:25:00,31.5
2025-06-12 16:44:00,42.4
2025-06-12 14:11:00,50.15747328871669
2025-06-12 15:30:00,93.1
2025-06-12 10:25:00,8.5
2025-06-12 09:18:00,46.8
2025-06-12 02:10:00,30.6
2025-06-12 09:18:00,53.3
2025-06-12 16:39:00,11.5
2025-06-12 21:27:00,97.9
2025-06-12 03:01:00,40.6
2025-06-12 16:29:00,56.7
2025-06-12 16:36:00,88.8
2025-06-12 05:00:00,16.4
2025-06-12 03:51:00,27.6
2025-06-12 21:19:00,74.9
2025-06-12 12:48:00,37.7
2025-06-12 08:16:00,48.9
2025-06-12 17:31:00,45.4
2025-06-12 13:44:00,3.8
2025-06-12 01:27:00,69.3
2025-06-12 12:32:00,77.7
2025-06-12 23:57:00,6.9
2025-06-12 18:44:00,26.4
2025-06-12 16:13:00,34.8
2025-06-12 17:51:00,15.2
2025-06-12 08:08:00,98.8
2025-06-12 02:10:00,10.2
2025-06-12 09:51:00,48.6
2025-06-12 01:52:00,43.3
2025-06-12 21:25:00,47.9
2025-06-12 18:55:00,73.8
2025-06-12 19:48:00,29.4
2025-06-12 12:19:00,62.8
2025-06-12 17:04:00,15.8
2025-06-12 19:39:00,73.9
2025-06-12 19:52:00,50.15747328871669
2025-06-12 20:43:00,70.5
2025-06-12 18:46:00,85.5
2025-06-12 22:54:00,75.8
2025-06-12 20:56:00,74.7
2025-06-12 13:37:00,57.9
2025-06-12 07:42:00,62.7
2025-06-12 02:53:00,79.5
2025-06-12 01:39:00,6.5
2025-06-12 11:01:00,50.15747328871669
2025-06-12 23:27:00,34.9
2025-06-12 01:47:00,10.6
2025-06-12 11:53:00,32.0
2025-06-12 22:06:00,83.5
2025-06-12 06:45:00,70.0
2025-06-12 14:27:00,45.0
2025-06-12 22:48:00,47.8
2025-06-12 14:57:00,32.5
2025-06-12 15:45:00,5.3
2025-06-12 13:07:00,50.15747328871669
2025-06-12 16:50:00,50.15747328871669
2025-06-12 05:33:00,53.6
2025-06-12 20:49:00,50.15747328871669
2025-06-12 08:54:00,63.7
2025-06-12 04:03:00,50.15747328871669
2025-06-12 12:52:00,96.4
2025-06-12 20:46:00,54.8
2025-06-12 10:03:00,16.0
2025-06-12 17:49:00,33.1
2025-06-12 21:52:00,8.0
2025-06-12 20:14:00,79.7
2025-06-12 07:36:00,96.5
2025-06-12 01:50:00,70.3
2025-06-12 16:20:00,95.6
2025-06-12 03:10:00,63.5
2025-06-12 07:34:00,67.8
2025-06-12 18:48:00,2.6
2025-06-12 10:14:00,36.9
2025-06-12 01:48:00,16.5
2025-06-12 12:28:00,50.15747328871669
2025-06-12 11:55:00,35.4
2025-06-12 16:15:00,10.1
2025-06-12 08:58:00,77.0
2025-06-12 16:18:00,43.0
2025-06-12 01:55:00,54.7
2025-06-12 21:59:00,1.9
2025-06-12 19:09:00,78.6
2025-06-12 09:02:00,73.3
2025-06-12 22:10:00,90.5
2025-06-12 15:29:00,54.9
2025-06-12 04:33:00,50.15747328871669
2025-06-12 11:59:00,81.6
2025-06-12 03:02:00,97.6
2025-06-12 12:34:00,65.8
2025-06-12 17:28:00,4.6
2025-06-12 12:15:00,73.8
2025-06-12 06:45:00,81.9
2025-06-12 03:11:00,50.15747328871669
2025-06-12 10:12:00,32.9
2025-06-12 04:54:00,18.2
2025-06-12 21:34:00,68.5
2025-06-12 18:42:00,23.5
2025-06-12 21:02:00,50.15747328871669
2025-06-12 10:39:00,74.5
2025-06-12 08:39:00,81.0
2025-06-12 09:41:00,26.3
2025-06-12 04:34:00,30.0
2025-06-12 10:32:00,59.3
2025-06-12 19:05:00,47.4
2025-06-12 19:44:00,55.5
2025-06-12 13:29:00,40.3
2025-06-12 20:25:00,3.1
2025-06-12 18:45:00,28.5
2025-06-12 07:24:00,50.15747328871669
2025-06-12 02:28:00,18.2
2025-06-12 02:06:00,79.2
2025-06-12 15:33:00,96.6
2025-06-12 08:41:00,58.0
2025-06-12 03:31:00,74.2
2025-06-12 18:05:00,14.9
2025-06-12 13:54:00,59.1
2025-06-12 04:57:00,25.4
2025-06-12 07:15:00,50.15747328871669
2025-06-12 20:58:00,52.0
2025-06-12 05:05:00,46.4
2025-06-12 09:45:00,22.9
2025-06-12 02:12:00,50.15747328871669
2025-06-12 14:03:00,21.7
2025-06-12 08:30:00,35.3
2025-06-12 03:19:00,51.6
2025-06-12 09:13:00,48.8
2025-06-12 12:02:00,99.7
2025-06-12 11:17:00,33.2
2025-06-12 13:53:00,50.15747328871669
2025-06-12 22:27:00,98.9
2025-06-12 10:43:00,26.4
2025-06-12 14:53:00,54.0
2025-06-12 06:51:00,60.2
2025-06-12 09:09:00,78.2
2025-06-12 12:47:00,1.5
2025-06-12 01:35:00,5.2
2025-06-12 07:30:00,50.15747328871669
2025-06-12 02:37:00,46.6
2025-06-12 15:28:00,50.15747328871669
2025-06-12 15:20:00,59.8
2025-06-12 10:05:00,50.2
2025-06-12 08:33:00,77.6
2025-06-12 11:08:00,15.8
2025-06-12 21:11:00,84.5
2025-06-12 03:52:00,65.9
2025-06-12 09:49:00,67.9
2025-06-12 17:45:00,48.8
2025-06-12 05:38:00,24.3
2025-06-12 05:14:00,23.4
2025-06-12 14:10:00,50.15747328871669
2025-06-12 19:38:00,10.2
2025-06-12 04:27:00,37.5
2025-06-12 17:03:00,20.2
2025-06-12 12:18:00,40.0
2025-06-12 23:52:00,79.3
2025-06-12 06:45:00,76.5
2025-06-12 16:13:00,75.6
2025-06-12 15:44:00,50.15747328871669
2025-06-12 20:22:00,20.3
2025-06-12 05:55:00,41.0
2025-06-12 21:28:00,50.15747328871669
2025-06-12 07:06:00,95.1
2025-06-12 11:11:00,93.4
2025-06-12 23:34:00,30.2
2025-06-12 03:07:00,58.8
2025-06-12 17:49:00,40.2
2025-06-12 05:27:00,44.3
2025-06-12 05:51:00,69.3
2025-06-12 06:51:00,57.9
2025-06-12 05:14:00,50.15747328871669
2025-06-12 18:18:00,45.3
2025-06-12 02:45:00,93.8
2025-06-12 14:46:00,37.2
2025-06-12 20:58:00,49.0
2025-06-12 03:13:00,41.7
2025-06-12 21:50:00,66.2
2025-06-12 22:32:00,40.9
2025-06-12 13:43:00,92.1
2025-06-12 21:05:00,49.0
2025-06-12 12:49:00,60.0
2025-06-12 06:33:00,85.5
2025-06-12 23:23:00,50.15747328871669
2025-06-12 00:21:00,93.3
2025-06-12 17:21:00,34.3
2025-06-12 16:23:00,50.15747328871669
2025-06-12 14:23:00,6.3
2025-06-12 14:45:00,11.8
2025-06-12 00:03:00,49.4
2025-06-12 23:40:00,14.8
2025-06-12 18:41:00,92.7
2025-06-12 14:27:00,42.9
2025-06-12 21:20:00,73.7
2025-06-12 03:56:00,2.0
2025-06-12 11:18:00,15.6
2025-06-12 06:43:00,50.15747328871669
2025-06-12 16:21:00,58.7
2025-06-12 08:52:00,86.6
2025-06-12 22:43:00,70.6
2025-06-12 01:49:00,67.2
2025-06-12 11:23:00,50.15747328871669
2025-06-12 12:37:00,75.1
2025-06-12 01:36:00,93.6
2025-06-12 09:23:00,50.15747328871669
2025-06-12 14:21:00,71.8
2025-06-12 05:07:00,19.3
2025-06-12 15:07:00,50.15747328871669
2025-06-12 01:00:00,78.4
2025-06-12 19:54:00,6.9
2025-06-12 03:07:00,80.8
2025-06-12 17:34:00,50.15747328871669
2025-06-12 13:34:00,92.6
2025-06-12 05:33:00,60.2
2025-06-12 11:55:00,19.7
2025-06-12 07:26:00,50.15747328871669
2025-06-12 23:59:00,50.15747328871669
2025-06-12 21:08:00,6.6
2025-06-12 16:54:00,87.7
2025-06-12 12:51:00,50.15747328871669
2025-06-12 12:09:00,70.7
2025-06-12 05:30:00,23.1
2025-06-12 16:02:00,83.1
2025-06-12 12:39:00,50.15747328871669
2025-06-12 04:52:00,1.6
2025-06-12 19:04:00,50.15747328871669
2025-06-12 09:22:00,50.15747328871669
2025-06-12 04:19:00,59.9
2025-06-12 00:45:00,13.1
2025-06-12 16:12:00,67.0
2025-06-12 04:14:00,47.5
2025-06-12 04:46:00,8.7
2025-06-12 04:13:00,26.5
2025-06-12 06:57:00,61.2
2025-06-12 21:43:00,17.0
2025-06-12 07:18:00,50.15747328871669
2025-06-12 10:34:00,93.5
2025-06-12 00:13:00,62.7
2025-06-12 04:33:00,80.1
2025-06-12 19:35:00,3.6
2025-06-12 21:18:00,87.8
2025-06-12 01:17:00,69.4
2025-06-12 15:51:00,7.9
2025-06-12 11:33:00,67.1
2025-06-12 22:46:00,72.4
2025-06-12 19:18:00,81.7
2025-06-12 00:14:00,37.8
2025-06-12 18:31:00,76.3
2025-06-12 15:13:00,6.9
2025-06-12 14:21:00,57.5
2025-06-12 02:12:00,73.8
2025-06-12 18:11:00,6.5
2025-06-12 18:04:00,62.6
2025-06-12 05:45:00,68.5
2025-06-12 03:42:00,30.3
2025-06-12 04:58:00,50.15747328871669
2025-06-12 16:22:00,66.4
2025-06-12 13:38:00,67.8
2025-06-12 12:27:00,45.4
2025-06-12 16:35:00,91.8
2025-06-12 18:33:00,8.0
2025-06-12 09:27:00,50.15747328871669
2025-06-12 07:36:00,63.8
2025-06-12 18:54:00,31.9
2025-06-12 22:29:00,35.8
2025-06-12 06:56:00,41.0
2025-06-12 11:05:00,86.0
2025-06-12 05:39:00,78.4
2025-06-12 10:15:00,94.5
2025-06-12 17:39:00,5.6
2025-06-12 02:56:00,40.4
2025-06-12 09:59:00,9.3
2025-06-12 07:49:00,50.15747328871669
2025-06-12 00:36:00,70.8
2025-06-12 06:26:00,17.3
2025-06-12 15:35:00,2.5
2025-06-12 12:48:00,81.8
2025-06-12 20:15:00,98.9
2025-06-12 21:09:00,63.6
2025-06-12 22:10:00,97.2
2025-06-12 08:18:00,52.1
2025-06-12 05:22:00,50.15747328871669
2025-06-12 01:05:00,82.1
2025-06-12 07:20:00,50.15747328871669
2025-06-12 13:47:00,50.3
2025-06-12 01:41:00,50.15747328871669
2025-06-12 22:52:00,39.0
2025-06-12 01:25:00,6.2
2025-06-12 14:10:00,73.9
2025-06-12 09:05:00,47.6
2025-06-12 13:30:00,79.3
2025-06-12 00:39:00,77.3
2025-06-12 21:11:00,81.8
2025-06-12 17:48:00,24.0
2025-06-12 02:17:00,24.8
2025-06-12 02:03:00,15.4
2025-06-12 20:33:00,82.9
2025-06-12 19:37:00,54.6
2025-06-12 00:17:00,56.0
2025-06-12 12:12:00,76.9
2025-06-12 04:09:00,79.6
2025-06-12 21:02:00,50.15747328871669
2025-06-12 04:09:00,7.1
2025-06-12 07:22:00,70.4
2025-06-12 14:59:00,63.0
2025-06-12 06:09:00,33.4
2025-06-12 01:34:00,0.9
2025-06-12 09:14:00,50.15747328871669
2025-06-12 18:34:00,60.5
2025-06-12 22:00:00,41.8
2025-06-12 14:54:00,26.7
2025-06-12 08:24:00,16.5
2025-06-12 12:49:00,92.3
2025-06-12 01:36:00,20.3
2025-06-12 09:08:00,37.6
2025-06-12 05:48:00,70.5
2025-06-12 10:06:00,89.2
2025-06-12 23:23:00,86.2
2025-06-12 21:08:00,50.15747328871669
2025-06-12 12:10:00,99.9
2025-06-12 21:44:00,33.4
2025-06-12 05:17:00,50.15747328871669
2025-06-12 22:44:00,11.9
2025-06-12 09:00:00,61.6
2025-06-12 17:24:00,64.9
2025-06-12 16:50:00,34.3
2025-06-12 07:07:00,75.1
2025-06-12 13:44:00,89.5
2025-06-12 15:37:00,79.2
2025-06-12 04:23:00,40.2
2025-06-12 01:31:00,68.5
2025-06-12 23:28:00,13.7
2025-06-12 05:10:00,50.15747328871669
2025-06-12 21:50:00,50.15747328871669
2025-06-12 16:28:00,40.5
2025-06-12 22:06:00,50.15747328871669
2025-06-12 11:18:00,50.15747328871669
2025-06-12 13:51:00,99.2
2025-06-12 18:06:00,11.1
2025-06-12 03:36:00,50.15747328871669
2025-06-12 10:24:00,68.2
2025-06-12 10:37:00,69.9
2025-06-12 17:50:00,48.4
2025-06-12 13:33:00,50.15747328871669
2025-06-12 14:17:00,20.4
2025-06-12 18:05:00,24.7
2025-06-12 22:23:00,27.0
2025-06-12 04:00:00,95.1
2025-06-12 15:22:00,61.8
2025-06-12 04:31:00,2.5
2025-06-12 23:36:00,50.07997412982127
2025-06-12 10:21:00,75.8
2025-06-12 14:22:00,81.7
2025-06-12 03:13:00,18.8
2025-06-12 00:40:00,63.2
2025-06-12 18:41:00,16.8
2025-06-12 00:12:00,26.5
2025-06-12 01:19:00,49.5
2025-06-12 07:38:00,50.07997412982127
2025-06-12 03:38:00,94.4
2025-06-12 21:36:00,50.07997412982127
2025-06-12 14:05:00,36.1
2025-06-12 06:37:00,50.07997412982127
2025-06-12 18:35:00,50.07997412982127
2025-06-12 18:18:00,3.9
2025-06-12 20:31:00,68.4
2025-06-12 18:19:00,36.8
2025-06-12 23:53:00,61.6
2025-06-12 09:28:00,6.4
2025-06-12 14:00:00,94.0
2025-06-12 00:44:00,37.4
2025-06-12 05:52:00,50.07997412982127
2025-06-12 10:41:00,17.8
2025-06-12 00:18:00,77.8
2025-06-12 12:41:00,5.6
2025-06-12 01:13:00,74.4
2025-06-12 19:58:00,57.5
2025-06-12 23:51:00,90.2
2025-06-12 05:37:00,36.3
2025-06-12 17:16:00,50.07997412982127
2025-06-12 04:40:00,15.2
2025-06-12 15:33:00,54.6
2025-06-12 08:33:00,50.07997412982127
2025-06-12 22:55:00,57.8
2025-06-12 09:58:00,99.4
2025-06-12 16:34:00,50.07997412982127
2025-06-12 09:14:00,17.4
2025-06-12 02:47:00,50.07997412982127
2025-06-12 12:20:00,50.07997412982127
2025-06-12 09:56:00,50.07997412982127
2025-06-12 06:30:00,32.2
2025-06-12 07:01:00,86.7
2025-06-12 03:27:00,71.4
2025-06-12 10:56:00,31.2
2025-06-12 23:02:00,50.07997412982127
2025-06-12 01:59:00,68.0
2025-06-12 19:13:00,50.07997412982127
2025-06-12 14:29:00,30.5
2025-06-12 18:45:00,16.4
2025-06-12 12:03:00,82.0
2025-06-12 10:07:00,59.5
2025-06-12 11:58:00,56.7
2025-06-12 01:15:00,21.0
2025-06-12 16:43:00,15.4
2025-06-12 11:03:00,50.07997412982127
2025-06-12 18:41:00,81.0
2025-06-12 20:21:00,21.0
2025-06-12 06:47:00,80.4
2025-06-12 20:37:00,29.8
2025-06-12 23:11:00,60.8
2025-06-12 06:50:00,94.4
2025-06-12 21:12:00,57.5
2025-06-12 02:14:00,75.3
2025-06-12 08:40:00,97.4
2025-06-12 20:08:00,66.6
2025-06-12 22:04:00,58.1
2025-06-12 09:47:00,93.1
2025-06-12 20:55:00,50.07997412982127
2025-06-12 01:22:00,10.3
2025-06-12 16:53:00,45.8
2025-06-12 19:35:00,2.6
2025-06-12 23:12:00,50.07997412982127
2025-06-12 18:42:00,87.3
2025-06-12 10:20:00,50.07997412982127
2025-06-12 01:32:00,58.2
2025-06-12 14:22:00,40.6
2025-06-12 22:34:00,44.5
2025-06-12 18:15:00,29.7
2025-06-12 02:54:00,26.1
2025-06-12 04:30:00,66.7
2025-06-12 09:59:00,50.07997412982127
2025-06-12 00:47:00,33.8
2025-06-12 04:18:00,50.07997412982127
2025-06-12 01:18:00,46.0
2025-06-12 21:21:00,50.07997412982127
2025-06-12 10:02:00,82.5
2025-06-12 18:17:00,50.07997412982127
2025-06-12 21:17:00,50.07997412982127
2025-06-12 18:16:00,12.6
2025-06-12 09:06:00,50.07997412982127
2025-06-12 13:55:00,56.3
2025-06-12 20:52:00,50.07997412982127
2025-06-12 20:26:00,16.3
2025-06-12 18:28:00,92.1
2025-06-12 18:22:00,90.5
2025-06-12 15:44:00,21.9
2025-06-12 07:10:00,30.1
2025-06-12 17:05:00,70.2
2025-06-12 14:44:00,1.1
2025-06-12 02:47:00,4.3
2025-06-12 04:27:00,62.3
2025-06-12 17:48:00,8.6
2025-06-12 09:35:00,54.5
2025-06-12 11:59:00,27.4
2025-06-12 05:05:00,81.0
2025-06-12 19:02:00,50.07997412982127
2025-06-12 16:14:00,34.9
2025-06-12 02:16:00,50.07997412982127
2025-06-12 02:22:00,50.07997412982127
2025-06-12 11:00:00,82.8
2025-06-12 21:13:00,58.3
2025-06-12 05:37:00,91.6
2025-06-12 18:45:00,53.2
2025-06-12 15:19:00,65.8
2025-06-12 15:05:00,41.1
2025-06-12 09:59:00,60.0
2025-06-12 09:04:00,50.07997412982127
2025-06-12 19:54:00,30.1
2025-06-12 05:26:00,5.1
2025-06-12 21:55:00,64.6
2025-06-12 08:08:00,5.3
2025-06-12 18:47:00,2.1
2025-06-12 00:22:00,4.5
2025-06-12 08:38:00,57.5
2025-06-12 03:38:00,34.5
2025-06-12 00:44:00,12.6
2025-06-12 23:06:00,97.8
2025-06-12 18:22:00,50.3
2025-06-12 02:44:00,67.3
2025-06-12 01:20:00,50.07997412982127
2025-06-12 15:43:00,40.8
2025-06-12 23:04:00,4.4
2025-06-12 10:37:00,50.07997412982127
2025-06-12 06:06:00,94.1
2025-06-12 21:58:00,96.9
2025-06-12 06:01:00,33.8
2025-06-12 15:24:00,99.6
2025-06-12 20:55:00,68.5
2025-06-12 00:08:00,74.6
2025-06-12 07:49:00,78.0
2025-06-12 21:14:00,50.07997412982127
2025-06-12 11:18:00,28.9
2025-06-12 08:23:00,55.2
2025-06-12 02:16:00,33.2
2025-06-12 11:57:00,81.5
2025-06-12 09:13:00,39.5
2025-06-12 15:38:00,45.5
2025-06-12 15:51:00,50.07997412982127
2025-06-12 12:57:00,50.07997412982127
2025-06-12 04:32:00,13.8
2025-06-12 12:37:00,42.7
2025-06-12 23:43:00,85.9
2025-06-12 13:52:00,80.0
2025-06-12 07:14:00,13.8
2025-06-12 01:55:00,62.9
2025-06-12 14:00:00,83.3
2025-06-12 21:46:00,80.3
2025-06-12 23:54:00,95.8
2025-06-12 09:42:00,30.7
2025-06-12 09:38:00,89.8
2025-06-12 07:01:00,52.7
2025-06-12 09:37:00,85.5
2025-06-12 23:21:00,50.07997412982127
2025-06-12 14:19:00,8.3
2025-06-12 01:53:00,76.9
2025-06-12 20:20:00,85.5
2025-06-12 21:13:00,37.1
2025-06-12 06:25:00,93.4
2025-06-12 21:18:00,17.4
2025-06-12 03:08:00,50.07997412982127
2025-06-12 03:48:00,46.5
2025-06-12 13:12:00,2.5
2025-06-12 15:03:00,11.4
2025-06-12 06:24:00,43.3
2025-06-12 15:30:00,80.2
2025-06-12 16:06:00,38.5
2025-06-12 18:36:00,50.07997412982127
2025-06-12 07:14:00,5.7
2025-06-12 11:58:00,52.6
2025-06-12 10:29:00,61.7
2025-06-12 12:36:00,11.0
2025-06-12 15:38:00,93.5
2025-06-12 03:53:00,61.4
2025-06-12 20:41:00,51.0
2025-06-12 11:41:00,41.8
2025-06-12 00:19:00,24.1
2025-06-12 01:48:00,38.3
2025-06-12 20:25:00,42.8
2025-06-12 02:29:00,22.6
2025-06-12 07:57:00,50.07997412982127
2025-06-12 19:26:00,94.4
2025-06-12 00:23:00,77.2
2025-06-12 10:24:00,13.6
2025-06-12 10:37:00,72.9
2025-06-12 10:43:00,32.9
2025-06-12 19:13:00,5.4
2025-06-12 18:39:00,88.0
2025-06-12 03:12:00,29.8
2025-06-12 16:51:00,90.9
2025-06-12 03:18:00,50.07997412982127
2025-06-12 22:29:00,67.0
2025-06-12 00:15:00,17.5
2025-06-12 03:05:00,22.2
2025-06-12 14:43:00,97.6
2025-06-12 15:56:00,55.4
2025-06-12 22:07:00,81.3
2025-06-12 08:21:00,54.1
2025-06-12 23:47:00,61.6
2025-06-12 18:22:00,89.1
2025-06-12 16:03:00,93.5
2025-06-12 21:44:00,1.5
2025-06-12 08:36:00,50.07997412982127
2025-06-12 17:28:00,65.2
2025-06-12 09:25:00,50.07997412982127
2025-06-12 10:08:00,57.6
2025-06-12 08:38:00,73.9
2025-06-12 03:45:00,50.07997412982127
2025-06-12 09:01:00,50.07997412982127
2025-06-12 15:16:00,27.3
2025-06-12 01:19:00,50.07997412982127
2025-06-12 23:18:00,50.07997412982127
2025-06-12 22:15:00,51.9
2025-06-12 04:50:00,17.6
2025-06-12 18:38:00,92.6
2025-06-12 15:08:00,97.2
2025-06-12 04:00:00,26.6
2025-06-12 08:30:00,43.1
2025-06-12 07:13:00,94.0
2025-06-12 08:05:00,45.8
2025-06-12 19:58:00,14.5
2025-06-12 18:34:00,27.5
2025-06-12 09:13:00,56.9
2025-06-12 15:07:00,29.8
2025-06-12 20:37:00,12.4
2025-06-12 16:08:00,15.0
2025-06-12 21:30:00,30.2
2025-06-12 03:51:00,64.7
2025-06-12 10:09:00,47.2
2025-06-12 15:16:00,50.07997412982127
2025-06-12 17:14:00,30.6
2025-06-12 03:21:00,32.8
2025-06-12 08:54:00,66.3
2025-06-12 03:21:00,17.7
2025-06-12 23:09:00,11.6
2025-06-12 03:47:00,88.0
2025-06-12 10:33:00,37.4
2025-06-12 06:07:00,13.7
2025-06-12 18:16:00,91.6
2025-06-12 12:08:00,20.6
2025-06-12 12:32:00,25.6
2025-06-12 23:05:00,64.7
2025-06-12 04:13:00,6.1
2025-06-12 06:48:00,18.0
2025-06-12 12:38:00,97.4
2025-06-12 02:10:00,50.07997412982127
2025-06-12 23:48:00,75.6
2025-06-12 01:37:00,2.4
2025-06-12 20:39:00,65.4
2025-06-12 17:51:00,11.4
2025-06-12 02:10:00,33.3
2025-06-12 15:54:00,80.6
2025-06-12 07:11:00,25.0
2025-06-12 14:18:00,50.07997412982127
2025-06-12 09:47:00,27.0
2025-06-12 16:08:00,16.3
2025-06-12 19:59:00,94.7
2025-06-12 20:04:00,4.5
2025-06-12 00:59:00,44.4
2025-06-12 14:44:00,50.07997412982127
2025-06-12 12:28:00,26.0
2025-06-12 15:40:00,87.5
2025-06-12 21:49:00,88.7
2025-06-12 08:42:00,13.3
2025-06-12 01:38:00,97.7
2025-06-12 18:42:00,78.0
2025-06-12 12:27:00,18.3
2025-06-12 21:44:00,79.4
2025-06-12 22:42:00,68.5
2025-06-12 10:38:00,75.7
2025-06-12 00:13:00,70.7
2025-06-12 03:24:00,20.1
2025-06-12 06:12:00,70.2
2025-06-12 00:08:00,13.4
2025-06-12 12:34:00,99.5
2025-06-12 16:08:00,50.07997412982127
2025-06-12 00:49:00,6.9
2025-06-12 22:59:00,42.3
2025-06-12 03:17:00,87.9
2025-06-12 22:11:00,22.3
2025-06-12 07:56:00,50.07997412982127
2025-06-12 06:41:00,50.07997412982127
2025-06-12 21:49:00,47.6
2025-06-12 13:55:00,34.0
2025-06-12 05:11:00,65.2
2025-06-12 06:49:00,54.5
2025-06-12 08:55:00,50.07997412982127
2025-06-12 09:03:00,11.1
2025-06-12 05:55:00,84.4
2025-06-12 23:26:00,59.8
2025-06-12 13:33:00,26.5
2025-06-12 18:24:00,35.3
2025-06-12 14:46:00,20.7
2025-06-12 01:45:00,40.6
2025-06-12 10:12:00,66.0
2025-06-12 17:16:00,50.07997412982127
2025-06-12 15:00:00,59.1
2025-06-12 22:38:00,50.07997412982127
2025-06-12 17:54:00,50.07997412982127
2025-06-12 07:22:00,50.07997412982127
2025-06-12 00:23:00,10.8
2025-06-12 07:20:00,50.07997412982127
2025-06-12 05:54:00,14.1
2025-06-12 05:55:00,50.07997412982127
2025-06-12 10:59:00,88.2
2025-06-12 00:28:00,91.5
2025-06-12 07:54:00,73.0
2025-06-12 12:05:00,55.9
2025-06-12 00:23:00,51.1
2025-06-12 12:36:00,57.8
2025-06-12 02:48:00,99.4
2025-06-12 23:18:00,64.7
2025-06-12 21:55:00,95.4
2025-06-12 16:45:00,2.7
2025-06-12 14:18:00,55.4
2025-06-12 21:18:00,54.4
2025-06-12 11:46:00,56.8
2025-06-12 15:14:00,48.8
2025-06-12 13:39:00,50.07997412982127
2025-06-12 18:05:00,31.6
2025-06-12 19:32:00,2.2
2025-06-12 18:56:00,16.9
2025-06-12 18:42:00,45.3
2025-06-12 23:46:00,43.3
2025-06-12 13:17:00,54.2
2025-06-12 13:31:00,58.9
2025-06-12 03:08:00,17.9
2025-06-12 14:42:00,83.2
2025-06-12 13:16:00,76.2
2025-06-12 22:29:00,42.9
2025-06-12 08:08:00,27.8
2025-06-12 03:41:00,90.2
2025-06-12 19:19:00,24.4
2025-06-12 19:29:00,48.4
2025-06-12 09:25:00,49.822039706925075
2025-06-12 02:16:00,16.3
2025-06-12 21:46:00,3.6
2025-06-12 13:16:00,72.6
2025-06-12 10:06:00,8.6
2025-06-12 14:34:00,9.8
2025-06-12 23:49:00,49.822039706925075
2025-06-12 10:59:00,54.5
2025-06-12 08:48:00,7.6
2025-06-12 04:33:00,49.822039706925075
2025-06-12 13:37:00,43.2
2025-06-12 04:35:00,81.6
2025-06-12 11:28:00,26.1
2025-06-12 14:31:00,7.9
2025-06-12 04:08:00,84.8
2025-06-12 23:14:00,87.7
2025-06-12 03:37:00,19.6
2025-06-12 16:25:00,5.6
2025-06-12 01:47:00,67.0
2025-06-12 11:53:00,28.9
2025-06-12 11:46:00,98.8
2025-06-12 17:31:00,49.822039706925075
2025-06-12 05:26:00,33.0
2025-06-12 19:32:00,44.3
2025-06-12 20:26:00,79.4
2025-06-12 00:40:00,13.3
2025-06-12 11:48:00,45.1
2025-06-12 11:33:00,11.8
2025-06-12 08:31:00,32.9
2025-06-12 01:55:00,13.0
2025-06-12 19:50:00,91.4
2025-06-12 14:00:00,26.9
2025-06-12 09:53:00,46.0
2025-06-12 18:56:00,18.5
2025-06-12 22:57:00,46.7
2025-06-12 13:22:00,7.3
2025-06-12 07:55:00,45.9
2025-06-12 09:54:00,49.822039706925075
2025-06-12 02:20:00,43.1
2025-06-12 06:25:00,67.6
2025-06-12 12:40:00,49.822039706925075
2025-06-12 11:02:00,74.7
2025-06-12 21:43:00,94.5
2025-06-12 23:24:00,78.9
2025-06-12 17:57:00,92.8
2025-06-12 09:27:00,49.822039706925075
2025-06-12 21:46:00,19.9
2025-06-12 06:23:00,81.1
2025-06-12 05:28:00,89.8
2025-06-12 07:40:00,16.9
2025-06-12 18:13:00,74.9
2025-06-12 09:35:00,49.822039706925075
2025-06-12 23:08:00,81.1
2025-06-12 16:23:00,84.0
2025-06-12 13:26:00,17.6
2025-06-12 15:12:00,65.5
2025-06-12 03:29:00,70.3
2025-06-12 14:26:00,49.822039706925075
2025-06-12 18:15:00,85.3
2025-06-12 09:04:00,49.822039706925075
2025-06-12 12:34:00,88.2
2025-06-12 22:43:00,19.1
2025-06-12 06:43:00,95.3
2025-06-12 06:30:00,94.8
2025-06-12 07:12:00,49.822039706925075
2025-06-12 04:36:00,72.1
2025-06-12 07:44:00,63.0
2025-06-12 19:17:00,27.3
2025-06-12 16:09:00,77.1
2025-06-12 09:37:00,51.6
2025-06-12 01:22:00,31.1
2025-06-12 11:46:00,49.822039706925075
2025-06-12 03:47:00,6.6
2025-06-12 11:41:00,69.1
2025-06-12 09:32:00,64.2
2025-06-12 12:03:00,78.1
2025-06-12 02:31:00,50.8
2025-06-12 03:52:00,31.6
2025-06-12 02:01:00,88.2
2025-06-12 21:48:00,70.0
2025-06-12 21:17:00,44.9
2025-06-12 23:31:00,22.8
2025-06-12 00:01:00,24.0
2025-06-12 20:35:00,49.822039706925075
2025-06-12 10:34:00,52.9
2025-06-12 20:22:00,19.0
2025-06-12 18:48:00,52.1
2025-06-12 07:46:00,82.1
2025-06-12 19:37:00,90.4
2025-06-12 15:48:00,23.8
2025-06-12 03:15:00,49.6
2025-06-12 10:49:00,49.822039706925075
2025-06-12 23:13:00,9.7
2025-06-12 22:47:00,76.9
2025-06-12 01:34:00,5.5
2025-06-12 19:57:00,21.9
2025-06-12 00:27:00,9.4
2025-06-12 21:04:00,58.3
2025-06-12 00:29:00,49.822039706925075
2025-06-12 20:16:00,60.0
2025-06-12 09:23:00,27.3
2025-06-12 09:53:00,29.2
2025-06-12 12:57:00,40.4
2025-06-12 09:52:00,45.0
2025-06-12 18:11:00,19.1
2025-06-12 07:23:00,4.2
2025-06-12 06:20:00,90.5
2025-06-12 03:49:00,92.8
2025-06-12 15:37:00,62.6
2025-06-12 14:56:00,72.8
2025-06-12 01:12:00,49.822039706925075
2025-06-12 04:32:00,79.5
2025-06-12 01:55:00,26.4
2025-06-12 17:44:00,48.9
2025-06-12 19:04:00,6.9
2025-06-12 12:15:00,90.8
2025-06-12 05:29:00,86.7
2025-06-12 21:35:00,49.822039706925075
2025-06-12 01:38:00,48.5
2025-06-12 06:14:00,21.1
2025-06-12 18:50:00,60.8
2025-06-12 04:46:00,52.9
2025-06-12 03:36:00,34.3
2025-06-12 06:05:00,73.7
2025-06-12 21:52:00,2.4
2025-06-12 17:37:00,49.822039706925075
2025-06-12 13:19:00,37.3
2025-06-12 06:24:00,59.7
2025-06-12 00:20:00,12.1
2025-06-12 13:49:00,49.822039706925075
2025-06-12 12:11:00,92.0
2025-06-12 14:54:00,49.822039706925075
2025-06-12 05:53:00,5.5
2025-06-12 21:57:00,49.822039706925075
2025-06-12 22:39:00,89.0
2025-06-12 13:16:00,69.2
2025-06-12 09:07:00,42.9
2025-06-12 09:43:00,80.5
2025-06-12 09:54:00,4.5
2025-06-12 23:38:00,59.5
2025-06-12 07:04:00,49.822039706925075
2025-06-12 16:45:00,87.2
2025-06-12 19:43:00,67.9
2025-06-12 10:27:00,6.2
2025-06-12 11:05:00,24.7
2025-06-12 15:05:00,49.822039706925075
2025-06-12 01:50:00,49.4
2025-06-12 12:13:00,68.1
2025-06-12 09:03:00,43.1
2025-06-12 00:04:00,6.0
2025-06-12 11:42:00,17.4
2025-06-12 00:57:00,85.3
2025-06-12 02:20:00,15.5
2025-06-12 12:40:00,51.5
2025-06-12 09:26:00,55.8
2025-06-12 12:55:00,16.3
2025-06-12 22:40:00,81.7
2025-06-12 04:48:00,56.0
2025-06-12 14:43:00,49.822039706925075
2025-06-12 15:28:00,4.1
2025-06-12 17:07:00,90.7
2025-06-12 11:49:00,16.3
2025-06-12 05:29:00,6.4
2025-06-12 19:00:00,50.9
2025-06-12 17:18:00,88.5
2025-06-12 02:36:00,28.1
2025-06-12 09:39:00,57.1
2025-06-12 01:40:00,18.5
2025-06-12 16:19:00,1.7
2025-06-12 12:02:00,60.8
2025-06-12 01:13:00,94.4
2025-06-12 10:40:00,75.4
2025-06-12 04:24:00,26.5
2025-06-12 14:43:00,70.4
2025-06-12 04:37:00,49.822039706925075
2025-06-12 18:25:00,28.7
2025-06-12 20:46:00,54.7
2025-06-12 14:27:00,26.8
2025-06-12 13:11:00,51.6
2025-06-12 11:36:00,79.0
2025-06-12 07:18:00,71.6
2025-06-12 09:24:00,45.4
2025-06-12 14:35:00,30.7
2025-06-12 17:31:00,25.4
2025-06-12 04:15:00,49.4
2025-06-12 21:56:00,1.3
2025-06-12 12:10:00,95.3
2025-06-12 02:58:00,26.0
2025-06-12 22:16:00,53.7
2025-06-12 21:45:00,49.822039706925075
2025-06-12 07:49:00,35.6
2025-06-12 07:56:00,49.822039706925075
2025-06-12 12:23:00,79.3
2025-06-12 23:03:00,11.0
2025-06-12 09:11:00,44.0
2025-06-12 14:02:00,84.0
2025-06-12 16:23:00,24.1
2025-06-12 09:47:00,14.6
2025-06-12 01:41:00,49.822039706925075
2025-06-12 00:25:00,71.9
2025-06-12 04:13:00,49.822039706925075
2025-06-12 01:11:00,91.2
2025-06-12 10:51:00,63.5
2025-06-12 07:39:00,69.8
2025-06-12 08:13:00,70.4
2025-06-12 18:27:00,55.4
2025-06-12 22:58:00,98.7
2025-06-12 13:14:00,80.2
2025-06-12 23:02:00,49.822039706925075
2025-06-12 23:34:00,60.9
2025-06-12 23:54:00,89.8
2025-06-12 07:16:00,18.8
2025-06-12 05:00:00,49.822039706925075
2025-06-12 22:08:00,98.1
2025-06-12 23:54:00,55.0
2025-06-12 15:21:00,97.3
2025-06-12 18:27:00,92.1
2025-06-12 19:13:00,65.3
2025-06-12 14:02:00,69.3
2025-06-12 22:47:00,49.822039706925075
2025-06-12 04:34:00,53.1
2025-06-12 20:12:00,74.3
2025-06-12 13:11:00,87.1
2025-06-12 20:10:00,76.4
2025-06-12 17:59:00,71.0
2025-06-12 05:26:00,96.8
2025-06-12 08:30:00,49.822039706925075
2025-06-12 01:11:00,1.2
2025-06-12 22:47:00,69.3
2025-06-12 16:20:00,49.822039706925075
2025-06-12 21:58:00,49.822039706925075
2025-06-12 22:16:00,85.2
2025-06-12 06:13:00,11.9
2025-06-12 17:52:00,31.5
2025-06-12 09:29:00,21.9
2025-06-12 15:11:00,36.0
2025-06-12 04:13:00,13.9
2025-06-12 17:10:00,67.7
2025-06-12 11:23:00,72.3
2025-06-12 02:24:00,90.4
2025-06-12 14:43:00,8.7
2025-06-12 19:07:00,14.6
2025-06-12 11:23:00,86.4
2025-06-12 07:17:00,33.7
2025-06-12 06:30:00,91.6
2025-06-12 14:07:00,49.822039706925075
2025-06-12 13:47:00,36.3
2025-06-12 12:02:00,28.3
2025-06-12 03:44:00,96.8
2025-06-12 01:20:00,56.2
2025-06-12 16:37:00,82.9
2025-06-12 01:18:00,58.2
2025-06-12 17:14:00,63.3
2025-06-12 10:06:00,41.7
2025-06-12 04:01:00,34.9
2025-06-12 10:05:00,25.0
2025-06-12 11:44:00,88.1
2025-06-12 06:59:00,72.0
2025-06-12 23:51:00,31.2
2025-06-12 18:46:00,67.8
2025-06-12 10:06:00,66.7
2025-06-12 16:36:00,53.9
2025-06-12 13:33:00,62.8
2025-06-12 04:12:00,49.822039706925075
2025-06-12 23:02:00,70.9
2025-06-12 12:17:00,48.4
2025-06-12 22:59:00,67.2
2025-06-12 06:06:00,33.9
2025-06-12 14:22:00,49.822039706925075
2025-06-12 11:03:00,42.7
2025-06-12 01:30:00,32.2
2025-06-12 14:20:00,38.8
2025-06-12 16:35:00,71.7
2025-06-12 15:07:00,25.7
2025-06-12 21:00:00,87.3
2025-06-12 01:57:00,49.822039706925075
2025-06-12 21:03:00,52.1
2025-06-12 05:50:00,73.5
2025-06-12 21:17:00,49.822039706925075
2025-06-12 04:43:00,78.8
2025-06-12 16:51:00,63.0
2025-06-12 22:55:00,49.822039706925075
2025-06-12 22:03:00,49.4
2025-06-12 15:43:00,49.822039706925075
2025-06-12 06:05:00,49.822039706925075
2025-06-12 21:30:00,13.5
2025-06-12 04:39:00,41.2
2025-06-12 08:49:00,91.5
2025-06-12 20:12:00,8.8
2025-06-12 04:24:00,26.9
2025-06-12 00:25:00,86.0
2025-06-12 23:00:00,22.0
2025-06-12 21:11:00,23.8
2025-06-12 18:47:00,68.3
2025-06-12 16:34:00,81.9
2025-06-12 08:48:00,36.0
2025-06-12 02:17:00,49.822039706925075
2025-06-12 01:33:00,77.4
2025-06-12 14:28:00,84.7
2025-06-12 05:31:00,74.1
2025-06-12 18:35:00,61.2
2025-06-12 21:24:00,97.6
2025-06-12 00:45:00,27.9
2025-06-12 20:01:00,91.3
2025-06-12 06:10:00,6.3
2025-06-12 10:53:00,9.4
2025-06-12 12:30:00,30.9
2025-06-12 04:44:00,61.5
2025-06-12 11:30:00,20.3
2025-06-12 22:07:00,73.8
2025-06-12 12:34:00,50.313785814936594
2025-06-12 02:56:00,95.5
2025-06-12 10:49:00,0.3
2025-06-12 21:31:00,77.5
2025-06-12 14:32:00,50.313785814936594
2025-06-12 12:36:00,50.313785814936594
2025-06-12 06:43:00,6.1
2025-06-12 15:17:00,50.313785814936594
2025-06-12 08:56:00,65.3
2025-06-12 11:00:00,11.0
2025-06-12 13:22:00,50.313785814936594
2025-06-12 07:16:00,23.4
2025-06-12 04:53:00,46.9
2025-06-12 13:56:00,37.6
2025-06-12 06:19:00,54.0
2025-06-12 10:35:00,50.4
2025-06-12 08:22:00,94.2
2025-06-12 02:05:00,23.1
2025-06-12 23:32:00,43.2
2025-06-12 18:05:00,33.5
2025-06-12 09:52:00,50.313785814936594
2025-06-12 13:18:00,22.7
2025-06-12 23:37:00,24.7
2025-06-12 04:46:00,3.4
2025-06-12 03:22:00,54.0
2025-06-12 19:39:00,50.313785814936594
2025-06-12 18:31:00,63.2
2025-06-12 02:32:00,32.9
2025-06-12 23:02:00,86.1
2025-06-12 08:01:00,64.8
2025-06-12 02:53:00,50.313785814936594
2025-06-12 23:45:00,67.6
2025-06-12 13:23:00,47.2
2025-06-12 09:18:00,94.6
2025-06-12 18:50:00,24.5
2025-06-12 03:58:00,3.5
2025-06-12 02:45:00,51.3
2025-06-12 15:43:00,72.6
2025-06-12 06:28:00,18.5
2025-06-12 01:05:00,64.4
2025-06-12 02:48:00,98.7
2025-06-12 07:16:00,14.3
2025-06-12 08:32:00,58.2
2025-06-12 01:46:00,50.313785814936594
2025-06-12 06:58:00,68.1
2025-06-12 09:09:00,40.3
2025-06-12 13:01:00,90.3
2025-06-12 11:51:00,50.313785814936594
2025-06-12 10:24:00,86.8
2025-06-12 13:59:00,63.7
2025-06-12 03:02:00,69.7
2025-06-12 02:42:00,3.1
2025-06-12 03:31:00,53.1
2025-06-12 09:48:00,47.2
2025-06-12 07:11:00,88.9
2025-06-12 07:56:00,50.313785814936594
2025-06-12 08:25:00,13.4
2025-06-12 01:50:00,40.4
2025-06-12 08:33:00,90.3
2025-06-12 10:53:00,39.2
2025-06-12 11:44:00,28.3
2025-06-12 17:09:00,63.0
2025-06-12 13:22:00,4.9
2025-06-12 17:33:00,28.5
2025-06-12 14:10:00,23.7
2025-06-12 13:58:00,21.9
2025-06-12 08:05:00,40.1
2025-06-12 11:39:00,85.2
2025-06-12 06:42:00,84.3
2025-06-12 18:54:00,69.4
2025-06-12 22:23:00,50.313785814936594
2025-06-12 11:43:00,37.7
2025-06-12 21:30:00,52.5
2025-06-12 03:33:00,8.7
2025-06-12 00:37:00,50.313785814936594
2025-06-12 23:58:00,43.4
2025-06-12 22:43:00,42.1
2025-06-12 04:02:00,48.7
2025-06-12 12:04:00,14.2
2025-06-12 16:25:00,2.5
2025-06-12 16:34:00,47.3
2025-06-12 02:08:00,0.8
2025-06-12 02:00:00,50.313785814936594
2025-06-12 19:30:00,20.4
2025-06-12 05:59:00,81.5
2025-06-12 20:20:00,75.1
2025-06-12 05:01:00,88.7
2025-06-12 16:02:00,30.0
2025-06-12 22:52:00,49.7
2025-06-12 00:29:00,37.0
2025-06-12 23:33:00,65.1
2025-06-12 18:42:00,18.4
2025-06-12 22:59:00,66.4
2025-06-12 21:44:00,58.8
2025-06-12 08:27:00,60.3
2025-06-12 04:30:00,71.6
2025-06-12 11:20:00,12.8
2025-06-12 22:49:00,57.8
2025-06-12 00:39:00,67.5
2025-06-12 19:36:00,31.0
2025-06-12 20:21:00,46.4
2025-06-12 07:58:00,69.3
2025-06-12 06:06:00,69.1
2025-06-12 04:50:00,29.4
2025-06-12 22:32:00,30.6
2025-06-12 05:51:00,91.9
2025-06-12 16:59:00,80.0
2025-06-12 01:15:00,40.8
2025-06-12 18:08:00,56.3
2025-06-12 12:40:00,11.7
2025-06-12 17:58:00,58.0
2025-06-12 08:57:00,59.2
2025-06-12 08:12:00,34.5
2025-06-12 03:18:00,18.4
2025-06-12 18:36:00,88.1
2025-06-12 16:25:00,99.3
2025-06-12 12:17:00,82.9
2025-06-12 16:48:00,50.313785814936594
2025-06-12 05:21:00,50.313785814936594
2025-06-12 00:46:00,50.313785814936594
2025-06-12 01:11:00,50.313785814936594
2025-06-12 08:52:00,10.3
2025-06-12 08:05:00,53.5
2025-06-12 17:11:00,15.4
2025-06-12 04:49:00,50.313785814936594
2025-06-12 08:01:00,50.313785814936594
2025-06-12 09:54:00,88.0
2025-06-12 17:35:00,94.9
2025-06-12 14:27:00,50.313785814936594
2025-06-12 18:20:00,88.9
2025-06-12 18:41:00,42.5
2025-06-12 18:14:00,94.6
2025-06-12 11:05:00,32.9
2025-06-12 03:18:00,67.8
2025-06-12 03:25:00,4.5
2025-06-12 09:10:00,50.313785814936594
2025-06-12 21:08:00,5.4
2025-06-12 07:15:00,23.5
2025-06-12 12:09:00,42.7
2025-06-12 00:26:00,54.5
2025-06-12 22:45:00,13.7
2025-06-12 22:46:00,9.5
2025-06-12 21:56:00,16.1
2025-06-12 19:22:00,81.2
2025-06-12 05:35:00,56.2
2025-06-12 07:38:00,84.8
2025-06-12 23:48:00,55.0
2025-06-12 04:18:00,22.4
2025-06-12 08:38:00,50.313785814936594
2025-06-12 08:43:00,59.3
2025-06-12 12:02:00,60.4
2025-06-12 09:10:00,89.1
2025-06-12 19:34:00,96.9
2025-06-12 01:49:00,55.4
2025-06-12 03:32:00,11.4
2025-06-12 21:34:00,89.3
2025-06-12 14:51:00,50.313785814936594
2025-06-12 11:20:00,84.9
2025-06-12 10:38:00,63.1
2025-06-12 07:21:00,60.9
2025-06-12 17:56:00,57.5
2025-06-12 10:14:00,32.7
2025-06-12 12:19:00,50.313785814936594
2025-06-12 12:34:00,50.313785814936594
2025-06-12 02:14:00,8.6
2025-06-12 01:38:00,30.7
2025-06-12 22:04:00,11.5
2025-06-12 12:58:00,64.7
2025-06-12 20:25:00,63.3
2025-06-12 04:04:00,50.313785814936594
2025-06-12 19:12:00,50.313785814936594
2025-06-12 03:33:00,43.2
2025-06-12 08:45:00,21.2
2025-06-12 05:11:00,87.8
2025-06-12 09:23:00,85.9
2025-06-12 11:37:00,49.9
2025-06-12 15:23:00,19.9
2025-06-12 10:48:00,90.0
2025-06-12 11:32:00,0.5
2025-06-12 19:19:00,8.2
2025-06-12 06:58:00,64.5
2025-06-12 06:08:00,39.4
2025-06-12 04:25:00,25.6
2025-06-12 06:22:00,19.9
2025-06-12 17:00:00,17.0
2025-06-12 12:03:00,48.7
2025-06-12 08:02:00,76.3
2025-06-12 12:02:00,79.6
2025-06-12 20:12:00,50.313785814936594
2025-06-12 01:20:00,99.3
2025-06-12 15:09:00,99.8
2025-06-12 09:07:00,0.2
2025-06-12 19:39:00,2.5
2025-06-12 20:35:00,81.9
2025-06-12 13:08:00,50.313785814936594
2025-06-12 04:35:00,34.3
2025-06-12 21:20:00,50.313785814936594
2025-06-12 10:45:00,84.6
2025-06-12 21:44:00,38.8
2025-06-12 10:51:00,64.1
2025-06-12 16:57:00,93.1
2025-06-12 21:46:00,13.0
2025-06-12 10:15:00,88.8
2025-06-12 19:40:00,66.1
2025-06-12 04:08:00,63.8
2025-06-12 04:58:00,76.0
2025-06-12 14:31:00,51.3
2025-06-12 21:49:00,36.6
2025-06-12 05:37:00,72.7
2025-06-12 14:56:00,78.7
2025-06-12 18:52:00,59.9
2025-06-12 21:01:00,83.8
2025-06-12 17:17:00,8.8
2025-06-12 01:31:00,48.5
2025-06-12 20:05:00,82.1
2025-06-12 17:30:00,30.1
2025-06-12 04:24:00,68.2
2025-06-12 16:20:00,61.2
2025-06-12 05:14:00,90.6
2025-06-12 00:17:00,11.0
2025-06-12 06:18:00,2.4
2025-06-12 12:49:00,73.5
2025-06-12 12:46:00,24.7
2025-06-12 10:08:00,8.4
2025-06-12 02:24:00,50.313785814936594
2025-06-12 02:16:00,50.313785814936594
2025-06-12 10:51:00,69.5
2025-06-12 17:15:00,39.9
2025-06-12 04:28:00,85.9
2025-06-12 17:14:00,77.5
2025-06-12 11:45:00,3.0
2025-06-12 16:22:00,35.6
2025-06-12 19:39:00,36.0
2025-06-12 07:49:00,50.313785814936594
2025-06-12 12:55:00,88.1
2025-06-12 21:46:00,83.7
2025-06-12 19:12:00,55.6
2025-06-12 13:17:00,89.0
2025-06-12 13:59:00,32.0
2025-06-12 04:09:00,33.7
2025-06-12 05:21:00,95.9
2025-06-12 19:02:00,66.3
2025-06-12 02:59:00,7.0
2025-06-12 11:53:00,22.3
2025-06-12 05:48:00,16.0
2025-06-12 05:59:00,50.313785814936594
2025-06-12 02:05:00,50.5
2025-06-12 11:22:00,75.9
2025-06-12 20:48:00,50.313785814936594
2025-06-12 12:57:00,99.3
2025-06-12 21:34:00,25.8
2025-06-12 16:56:00,59.7
2025-06-12 23:29:00,4.1
2025-06-12 21:34:00,68.8
2025-06-12 19:28:00,0.3
2025-06-12 05:43:00,86.4
2025-06-12 13:20:00,50.313785814936594
2025-06-12 10:25:00,32.3
2025-06-12 04:46:00,41.8
2025-06-12 20:23:00,97.8
2025-06-12 20:57:00,93.8
2025-06-12 05:36:00,79.8
2025-06-12 18:20:00,50.313785814936594
2025-06-12 04:12:00,22.3
2025-06-12 09:21:00,81.6
2025-06-12 17:29:00,41.1
2025-06-12 01:02:00,60.7
2025-06-12 23:56:00,74.9
2025-06-12 01:13:00,93.7
2025-06-12 16:57:00,51.2
2025-06-12 05:27:00,36.3
2025-06-12 11:52:00,68.5
2025-06-12 14:12:00,50.313785814936594
2025-06-12 00:09:00,32.1
2025-06-12 03:48:00,61.5
2025-06-12 09:23:00,65.7
2025-06-12 01:39:00,93.1
2025-06-12 13:30:00,43.6
2025-06-12 15:14:00,90.4
2025-06-12 09:38:00,26.6
2025-06-12 08:58:00,50.313785814936594
2025-06-12 06:22:00,70.7
2025-06-12 01:02:00,71.5
2025-06-12 21:54:00,50.6
2025-06-12 19:48:00,70.9
2025-06-12 05:03:00,25.2
2025-06-12 04:23:00,23.0
2025-06-12 19:04:00,50.313785814936594
2025-06-12 05:28:00,64.6
2025-06-12 10:30:00,58.2
2025-06-12 18:04:00,85.8
2025-06-12 08:33:00,39.3
2025-06-12 22:54:00,19.6
2025-06-12 01:53:00,49.947505013566115
2025-06-12 03:18:00,51.2
2025-06-12 08:14:00,40.7
2025-06-12 03:15:00,25.1
2025-06-12 16:54:00,49.947505013566115
2025-06-12 06:34:00,17.4
2025-06-12 10:29:00,41.9
2025-06-12 06:43:00,76.1
2025-06-12 13:01:00,69.8
2025-06-12 22:26:00,9.2
2025-06-12 05:30:00,85.0
2025-06-12 22:07:00,7.7
2025-06-12 09:05:00,31.2
2025-06-12 20:24:00,34.6
2025-06-12 15:03:00,55.6
2025-06-12 10:32:00,54.8
2025-06-12 18:16:00,0.1
2025-06-12 08:24:00,20.3
2025-06-12 20:09:00,76.2
2025-06-12 01:24:00,5.2
2025-06-12 13:16:00,22.9
2025-06-12 01:13:00,29.4
2025-06-12 02:38:00,45.4
2025-06-12 14:57:00,1.7
2025-06-12 10:12:00,49.947505013566115
2025-06-12 13:29:00,49.947505013566115
2025-06-12 05:03:00,75.2
2025-06-12 02:01:00,40.6
2025-06-12 22:17:00,49.0
2025-06-12 20:12:00,24.7
2025-06-12 06:11:00,9.1
2025-06-12 19:50:00,31.5
2025-06-12 17:12:00,49.6
2025-06-12 06:05:00,53.1
2025-06-12 16:55:00,20.1
2025-06-12 02:35:00,49.947505013566115
2025-06-12 23:14:00,74.2
2025-06-12 03:45:00,12.9
2025-06-12 02:00:00,27.9
2025-06-12 06:55:00,26.3
2025-06-12 01:10:00,49.947505013566115
2025-06-12 23:54:00,39.8
2025-06-12 06:46:00,49.947505013566115
2025-06-12 02:01:00,72.3
2025-06-12 09:23:00,76.2
2025-06-12 01:51:00,29.7
2025-06-12 23:34:00,36.6
2025-06-12 02:47:00,27.1
2025-06-12 05:47:00,28.1
2025-06-12 07:52:00,36.0
2025-06-12 00:11:00,49.947505013566115
2025-06-12 14:08:00,49.947505013566115
2025-06-12 08:15:00,76.7
2025-06-12 20:06:00,49.947505013566115
2025-06-12 00:16:00,49.947505013566115
2025-06-12 05:37:00,93.0
2025-06-12 09:41:00,70.2
2025-06-12 05:29:00,93.1
2025-06-12 02:18:00,54.0
2025-06-12 07:35:00,49.947505013566115
2025-06-12 10:06:00,97.7
2025-06-12 06:40:00,85.9
2025-06-12 15:02:00,86.1
2025-06-12 22:56:00,79.9
2025-06-12 02:48:00,85.0
2025-06-12 07:02:00,5.5
2025-06-12 14:09:00,21.0
2025-06-12 09:19:00,33.8
2025-06-12 07:03:00,49.947505013566115
2025-06-12 10:41:00,32.6
2025-06-12 19:09:00,22.0
2025-06-12 18:37:00,42.4
2025-06-12 00:43:00,36.9
2025-06-12 16:33:00,22.6
2025-06-12 20:01:00,49.947505013566115
2025-06-12 03:26:00,69.8
2025-06-12 15:20:00,27.4
2025-06-12 05:27:00,60.3
2025-06-12 18:35:00,69.0
2025-06-12 14:05:00,67.7
2025-06-12 18:46:00,49.947505013566115
2025-06-12 17:11:00,55.3
2025-06-12 03:35:00,49.947505013566115
2025-06-12 05:43:00,6.8
2025-06-12 10:06:00,45.5
2025-06-12 05:01:00,49.947505013566115
2025-06-12 19:17:00,98.5
2025-06-12 16:46:00,29.2
2025-06-12 05:38:00,4.3
2025-06-12 07:50:00,63.7
2025-06-12 21:06:00,89.7
2025-06-12 06:52:00,77.2
2025-06-12 08:59:00,49.947505013566115
2025-06-12 21:06:00,33.4
2025-06-12 06:57:00,49.947505013566115
2025-06-12 06:58:00,92.8
2025-06-12 23:31:00,13.3
2025-06-12 01:08:00,49.947505013566115
2025-06-12 00:17:00,55.7
2025-06-12 10:53:00,1.9
2025-06-12 09:09:00,12.7
2025-06-12 04:46:00,49.947505013566115
2025-06-12 05:12:00,61.2
2025-06-12 16:30:00,45.3
2025-06-12 09:33:00,49.947505013566115
2025-06-12 08:12:00,34.4
2025-06-12 22:25:00,49.947505013566115
2025-06-12 06:17:00,16.7
2025-06-12 23:08:00,61.7
2025-06-12 04:19:00,17.3
2025-06-12 01:15:00,30.4
2025-06-12 07:11:00,37.8
2025-06-12 06:04:00,16.6
2025-06-12 01:05:00,17.9
2025-06-12 01:39:00,36.5
2025-06-12 21:34:00,85.5
2025-06-12 03:28:00,68.3
2025-06-12 21:52:00,49.947505013566115
2025-06-12 12:47:00,89.0
2025-06-12 07:13:00,1.3
2025-06-12 19:45:00,78.4
2025-06-12 03:37:00,31.2
2025-06-12 01:30:00,49.947505013566115
2025-06-12 17:51:00,39.1
2025-06-12 19:06:00,50.7
2025-06-12 12:06:00,19.5
2025-06-12 01:40:00,49.947505013566115
2025-06-12 21:09:00,63.9
2025-06-12 12:20:00,20.5
2025-06-12 14:11:00,71.4
2025-06-12 10:43:00,49.947505013566115
2025-06-12 13:02:00,68.6
2025-06-12 17:22:00,1.0
2025-06-12 15:56:00,77.6
2025-06-12 10:40:00,91.7
2025-06-12 19:15:00,80.6
2025-06-12 02:58:00,27.2
2025-06-12 07:25:00,8.9
2025-06-12 19:51:00,39.3
2025-06-12 12:59:00,11.0
2025-06-12 03:31:00,50.1
2025-06-12 15:43:00,63.1
2025-06-12 19:03:00,5.1
2025-06-12 23:06:00,71.0
2025-06-12 08:07:00,81.3
2025-06-12 20:51:00,89.8
2025-06-12 11:20:00,76.5
2025-06-12 02:17:00,6.5
2025-06-12 01:56:00,80.7
2025-06-12 16:34:00,93.9
2025-06-12 09:44:00,49.947505013566115
2025-06-12 09:53:00,49.947505013566115
2025-06-12 08:19:00,12.1
2025-06-12 16:27:00,67.5
2025-06-12 20:42:00,21.5
2025-06-12 12:36:00,78.4
2025-06-12 23:42:00,56.0
2025-06-12 00:03:00,49.947505013566115
2025-06-12 00:35:00,8.5
2025-06-12 05:29:00,12.7
2025-06-12 12:53:00,73.7
2025-06-12 12:56:00,9.1
2025-06-12 21:31:00,5.6
2025-06-12 05:48:00,3.8
2025-06-12 04:19:00,32.9
2025-06-12 19:23:00,51.2
2025-06-12 18:46:00,49.947505013566115
2025-06-12 07:03:00,1.5
2025-06-12 23:32:00,64.7
2025-06-12 00:19:00,28.2
2025-06-12 17:51:00,68.5
2025-06-12 05:22:00,3.9
2025-06-12 21:31:00,49.947505013566115
2025-06-12 10:16:00,49.947505013566115
2025-06-12 20:29:00,53.0
2025-06-12 23:36:00,43.3
2025-06-12 10:39:00,25.1
2025-06-12 20:56:00,1.0
2025-06-12 22:27:00,22.6
2025-06-12 17:22:00,6.0
2025-06-12 02:00:00,49.947505013566115
2025-06-12 09:48:00,79.3
2025-06-12 00:27:00,86.0
2025-06-12 22:08:00,5.6
2025-06-12 18:03:00,86.9
2025-06-12 17:30:00,7.6
2025-06-12 22:53:00,49.5
2025-06-12 14:39:00,49.947505013566115
2025-06-12 14:03:00,49.947505013566115
2025-06-12 23:09:00,29.9
2025-06-12 20:26:00,73.5
2025-06-12 15:38:00,49.947505013566115
2025-06-12 15:41:00,70.8
2025-06-12 05:28:00,83.0
2025-06-12 15:38:00,79.5
2025-06-12 19:47:00,49.947505013566115
2025-06-12 12:04:00,51.7
2025-06-12 08:03:00,30.5
2025-06-12 21:14:00,49.947505013566115
2025-06-12 11:26:00,41.3
2025-06-12 19:45:00,50.4
2025-06-12 14:43:00,49.947505013566115
2025-06-12 00:45:00,52.9
2025-06-12 08:56:00,2.7
2025-06-12 22:30:00,78.4
2025-06-12 12:06:00,84.5
2025-06-12 21:16:00,32.4
2025-06-12 01:02:00,81.1
2025-06-12 13:09:00,67.7
2025-06-12 05:46:00,97.8
2025-06-12 22:09:00,84.3
2025-06-12 03:21:00,84.9
2025-06-12 05:34:00,64.6
2025-06-12 18:50:00,42.3
2025-06-12 17:07:00,53.1
2025-06-12 00:28:00,49.947505013566115
2025-06-12 16:53:00,92.0
2025-06-12 06:09:00,84.3
2025-06-12 15:04:00,30.1
2025-06-12 14:21:00,24.9
2025-06-12 20:06:00,67.5
2025-06-12 19:36:00,8.2
2025-06-12 00:04:00,45.4
2025-06-12 14:50:00,42.6
2025-06-12 03:19:00,3.0
2025-06-12 14:59:00,5.3
2025-06-12 10:51:00,39.0
2025-06-12 06:04:00,80.7
2025-06-12 10:03:00,2.0
2025-06-12 14:02:00,49.947505013566115
2025-06-12 18:44:00,55.5
2025-06-12 22:15:00,89.0
2025-06-12 04:50:00,86.2
2025-06-12 13:40:00,15.3
2025-06-12 14:37:00,49.947505013566115
2025-06-12 17:12:00,72.0
2025-06-12 02:04:00,61.7
2025-06-12 02:40:00,19.4
2025-06-12 13:05:00,90.3
2025-06-12 09:49:00,60.1
2025-06-12 11:49:00,18.9
2025-06-12 01:44:00,16.3
2025-06-12 15:32:00,73.0
2025-06-12 12:54:00,63.9
2025-06-12 02:05:00,10.9
2025-06-12 06:01:00,54.3
2025-06-12 15:46:00,76.4
2025-06-12 10:35:00,3.6
2025-06-12 04:33:00,49.947505013566115
2025-06-12 00:46:00,96.2
2025-06-12 18:24:00,49.947505013566115
2025-06-12 14:39:00,61.7
2025-06-12 14:05:00,63.0
2025-06-12 00:10:00,4.3
2025-06-12 18:04:00,82.5
2025-06-12 06:52:00,85.8
2025-06-12 21:15:00,15.7
2025-06-12 10:05:00,11.1
2025-06-12 12:05:00,76.4
2025-06-12 20:04:00,39.4
2025-06-12 10:44:00,49.947505013566115
2025-06-12 13:31:00,56.1
2025-06-12 16:50:00,98.3
2025-06-12 04:48:00,41.7
2025-06-12 02:19:00,3.6
2025-06-12 11:56:00,37.4
2025-06-12 15:08:00,74.0
2025-06-12 07:58:00,89.2
2025-06-12 12:28:00,81.2
2025-06-12 12:17:00,90.0
2025-06-12 04:14:00,32.2
2025-06-12 09:09:00,65.1
2025-06-12 00:02:00,84.8
2025-06-12 02:33:00,95.1
2025-06-12 20:32:00,57.1
2025-06-12 02:22:00,95.0
2025-06-12 00:19:00,49.947505013566115
2025-06-12 03:41:00,25.8
2025-06-12 00:12:00,36.3
2025-06-12 12:24:00,63.9
2025-06-12 20:18:00,49.947505013566115
2025-06-12 09:38:00,44.5
2025-06-12 05:22:00,95.8
2025-06-12 11:52:00,49.947505013566115
2025-06-12 23:35:00,43.0
2025-06-12 17:48:00,41.1
2025-06-12 16:44:00,96.7
2025-06-12 00:54:00,57.9
2025-06-12 19:07:00,49.947505013566115
2025-06-12 04:09:00,41.8
2025-06-12 22:18:00,49.947505013566115
2025-06-12 16:45:00,38.3
2025-06-12 02:19:00,72.3
2025-06-12 04:33:00,95.3
2025-06-12 07:58:00,93.5
2025-06-12 03:16:00,49.947505013566115
2025-06-12 19:37:00,48.0
2025-06-12 00:38:00,49.947505013566115
2025-06-12 14:33:00,13.7
2025-06-12 22:43:00,56.8
2025-06-12 21:05:00,96.9
2025-06-12 09:59:00,85.2
2025-06-12 14:52:00,49.947505013566115
2025-06-12 23:25:00,43.2
2025-06-12 18:57:00,77.9
2025-06-12 14:49:00,93.1
2025-06-12 11:01:00,42.3
2025-06-12 05:39:00,17.8
2025-06-12 16:26:00,59.0
2025-06-12 05:12:00,85.8
2025-06-12 23:23:00,8.2
2025-06-12 11:02:00,20.7
2025-06-12 19:01:00,5.1
2025-06-12 12:25:00,10.1
2025-06-12 18:27:00,7.4
2025-06-12 12:45:00,49.947505013566115
2025-06-12 06:43:00,30.4
2025-06-12 16:27:00,18.8
2025-06-12 17:00:00,49.947505013566115
2025-06-12 01:01:00,35.3
2025-06-12 21:23:00,70.7
2025-06-12 06:33:00,56.8
2025-06-12 10:22:00,19.1
2025-06-12 09:59:00,55.5
2025-06-12 21:07:00,20.8
2025-06-12 08:51:00,57.9
2025-06-12 21:55:00,76.3
2025-06-12 13:45:00,36.4
2025-06-12 15:09:00,96.8
2025-06-12 21:57:00,95.0
2025-06-12 08:43:00,32.4
2025-06-12 07:50:00,27.7
2025-06-12 04:55:00,91.6
2025-06-12 13:38:00,3.0
2025-06-12 09:53:00,49.0
2025-06-12 07:58:00,99.5
2025-06-12 00:05:00,50.31471380077256
2025-06-12 09:51:00,75.5
2025-06-12 15:19:00,49.4
2025-06-12 01:51:00,81.3
2025-06-12 03:21:00,22.5
2025-06-12 18:19:00,49.9
2025-06-12 10:03:00,58.9
2025-06-12 21:48:00,61.5
2025-06-12 22:41:00,7.7
2025-06-12 12:25:00,8.4
2025-06-12 17:47:00,50.31471380077256
2025-06-12 10:45:00,48.0
2025-06-12 01:00:00,65.6
2025-06-12 15:21:00,89.0
2025-06-12 02:34:00,36.8
2025-06-12 00:04:00,48.2
2025-06-12 23:07:00,40.3
2025-06-12 06:32:00,16.0
2025-06-12 14:32:00,50.31471380077256
2025-06-12 19:39:00,15.6
2025-06-12 13:19:00,50.31471380077256
2025-06-12 19:02:00,92.7
2025-06-12 06:54:00,7.1
2025-06-12 01:00:00,93.0
2025-06-12 10:01:00,23.8
2025-06-12 13:44:00,87.3
2025-06-12 14:38:00,4.8
2025-06-12 00:54:00,78.2
2025-06-12 22:29:00,98.0
2025-06-12 15:23:00,50.31471380077256
2025-06-12 18:06:00,2.2
2025-06-12 12:56:00,99.4
2025-06-12 06:13:00,50.31471380077256
2025-06-12 07:58:00,50.31471380077256
2025-06-12 13:17:00,72.9
2025-06-12 18:54:00,54.9
2025-06-12 15:27:00,68.2
2025-06-12 00:26:00,21.2
2025-06-12 00:41:00,3.9
2025-06-12 22:54:00,92.1
2025-06-12 12:15:00,51.2
2025-06-12 07:55:00,37.2
2025-06-12 21:08:00,50.31471380077256
2025-06-12 06:29:00,98.2
2025-06-12 20:47:00,92.8
2025-06-12 02:00:00,70.2
2025-06-12 07:29:00,53.7
2025-06-12 00:50:00,66.4
2025-06-12 07:08:00,40.9
2025-06-12 00:26:00,67.1
2025-06-12 06:33:00,4.0
2025-06-12 07:02:00,90.4
2025-06-12 06:12:00,19.4
2025-06-12 22:27:00,93.3
2025-06-12 03:52:00,50.31471380077256
2025-06-12 18:37:00,6.7
2025-06-12 14:07:00,23.4
2025-06-12 06:37:00,46.4
2025-06-12 11:15:00,11.2
2025-06-12 11:10:00,14.3
2025-06-12 15:25:00,55.9
2025-06-12 12:33:00,75.5
2025-06-12 15:42:00,75.6
2025-06-12 18:15:00,37.7
2025-06-12 01:59:00,50.31471380077256
2025-06-12 05:26:00,29.0
2025-06-12 10:55:00,50.31471380077256
2025-06-12 14:37:00,10.0
2025-06-12 04:25:00,95.0
2025-06-12 13:17:00,87.8
2025-06-12 09:27:00,23.1
2025-06-12 07:27:00,50.31471380077256
2025-06-12 21:12:00,50.31471380077256
2025-06-12 22:41:00,50.31471380077256
2025-06-12 18:48:00,5.1
2025-06-12 23:05:00,28.2
2025-06-12 14:35:00,37.8
2025-06-12 01:39:00,70.9
2025-06-12 07:59:00,41.0
2025-06-12 23:59:00,16.0
2025-06-12 00:58:00,80.9
2025-06-12 07:04:00,54.9
2025-06-12 21:23:00,26.9
2025-06-12 13:59:00,50.31471380077256
2025-06-12 11:55:00,46.3
2025-06-12 15:37:00,31.9
2025-06-12 07:11:00,44.8
2025-06-12 08:29:00,76.8
2025-06-12 14:35:00,50.31471380077256
2025-06-12 19:07:00,89.5
2025-06-12 17:52:00,50.31471380077256
2025-06-12 03:18:00,3.7
2025-06-12 05:33:00,15.4
2025-06-12 03:11:00,57.6
2025-06-12 09:08:00,68.0
2025-06-12 18:30:00,14.5
2025-06-12 22:36:00,72.6
2025-06-12 12:34:00,60.7
2025-06-12 22:48:00,85.2
2025-06-12 16:47:00,28.1
2025-06-12 18:14:00,48.1
2025-06-12 09:21:00,73.8
2025-06-12 01:44:00,26.2
2025-06-12 21:15:00,63.1
2025-06-12 11:24:00,50.31471380077256
2025-06-12 19:32:00,45.0
2025-06-12 05:36:00,50.31471380077256
2025-06-12 11:49:00,1.3
2025-06-12 10:20:00,50.31471380077256
2025-06-12 22:57:00,83.0
2025-06-12 06:00:00,45.2
2025-06-12 17:59:00,41.8
2025-06-12 13:01:00,39.8
2025-06-12 05:40:00,28.4
2025-06-12 15:10:00,84.8
2025-06-12 02:43:00,84.9
2025-06-12 12:39:00,93.0
2025-06-12 04:48:00,43.0
2025-06-12 01:45:00,8.4
2025-06-12 03:56:00,83.7
2025-06-12 16:57:00,12.9
2025-06-12 23:08:00,86.7
2025-06-12 10:26:00,26.8
2025-06-12 07:03:00,50.31471380077256
2025-06-12 22:35:00,3.7
2025-06-12 22:41:00,96.3
2025-06-12 19:14:00,71.8
2025-06-12 05:04:00,70.4
2025-06-12 18:43:00,73.7
2025-06-12 19:11:00,0.7
2025-06-12 14:00:00,26.1
2025-06-12 10:19:00,42.2
2025-06-12 05:04:00,29.6
2025-06-12 06:59:00,60.4
2025-06-12 23:54:00,45.7
2025-06-12 14:24:00,59.0
2025-06-12 11:37:00,59.2
2025-06-12 00:44:00,80.8
2025-06-12 22:39:00,6.2
2025-06-12 13:50:00,34.6
2025-06-12 06:18:00,82.8
2025-06-12 21:51:00,50.31471380077256
2025-06-12 23:36:00,5.1
2025-06-12 02:17:00,63.0
2025-06-12 08:25:00,50.31471380077256
2025-06-12 20:23:00,88.1
2025-06-12 14:23:00,35.7
2025-06-12 16:33:00,67.0
2025-06-12 04:16:00,6.5
2025-06-12 06:55:00,94.3
2025-06-12 10:37:00,50.31471380077256
2025-06-12 23:13:00,28.7
2025-06-12 18:38:00,87.3
2025-06-12 23:08:00,1.2
2025-06-12 14:01:00,55.2
2025-06-12 16:24:00,19.4
2025-06-12 09:49:00,44.4
2025-06-12 22:39:00,0.6
2025-06-12 01:08:00,81.5
2025-06-12 18:16:00,9.1
2025-06-12 16:29:00,44.7
2025-06-12 09:23:00,97.6
2025-06-12 18:35:00,50.31471380077256
2025-06-12 22:21:00,83.6
2025-06-12 18:32:00,27.1
2025-06-12 02:52:00,8.0
2025-06-12 12:06:00,37.9
2025-06-12 20:04:00,65.2
2025-06-12 15:29:00,83.4
2025-06-12 08:07:00,73.3
2025-06-12 07:23:00,50.8
2025-06-12 00:29:00,35.5
2025-06-12 12:46:00,37.4
2025-06-12 18:52:00,19.0
2025-06-12 00:28:00,50.31471380077256
2025-06-12 03:37:00,68.4
2025-06-12 12:44:00,58.6
2025-06-12 12:47:00,32.7
2025-06-12 09:58:00,3.4
2025-06-12 07:22:00,42.7
2025-06-12 21:18:00,13.7
2025-06-12 10:33:00,50.31471380077256
2025-06-12 17:09:00,1.0
2025-06-12 03:48:00,68.1
2025-06-12 02:06:00,50.31471380077256
2025-06-12 04:03:00,7.4
2025-06-12 06:14:00,22.9
2025-06-12 15:48:00,63.9
2025-06-12 07:34:00,92.9
2025-06-12 06:30:00,48.7
2025-06-12 11:27:00,64.0
2025-06-12 16:43:00,20.6
2025-06-12 07:08:00,59.6
2025-06-12 23:29:00,66.7
2025-06-12 01:57:00,76.5
2025-06-12 21:51:00,50.31471380077256
2025-06-12 20:58:00,65.8
2025-06-12 09:15:00,59.3
2025-06-12 06:13:00,23.1
2025-06-12 19:23:00,40.4
2025-06-12 08:54:00,50.31471380077256
2025-06-12 18:17:00,11.0
2025-06-12 03:58:00,95.6
2025-06-12 05:36:00,51.6
2025-06-12 04:17:00,99.5
2025-06-12 13:52:00,69.5
2025-06-12 20:18:00,62.2
2025-06-12 00:04:00,59.8
2025-06-12 08:41:00,69.1
2025-06-12 08:02:00,37.7
2025-06-12 06:41:00,13.9
2025-06-12 14:52:00,53.8
2025-06-12 23:14:00,55.2
2025-06-12 09:16:00,37.2
2025-06-12 03:16:00,74.3
2025-06-12 21:50:00,30.9
2025-06-12 18:48:00,22.0
2025-06-12 13:37:00,84.5
2025-06-12 23:48:00,53.4
2025-06-12 09:51:00,50.31471380077256
2025-06-12 04:10:00,98.2
2025-06-12 18:04:00,50.31471380077256
2025-06-12 20:29:00,66.3
2025-06-12 03:54:00,6.6
2025-06-12 20:29:00,96.1
2025-06-12 11:48:00,38.9
2025-06-12 01:39:00,93.9
2025-06-12 18:51:00,36.3
2025-06-12 20:46:00,89.8
2025-06-12 01:38:00,30.8
2025-06-12 18:41:00,42.2
2025-06-12 18:37:00,20.4
2025-06-12 09:34:00,16.7
2025-06-12 06:14:00,50.31471380077256
2025-06-12 06:58:00,51.0
2025-06-12 12:52:00,95.4
2025-06-12 06:46:00,52.3
2025-06-12 10:50:00,14.9
2025-06-12 17:18:00,50.31471380077256
2025-06-12 23:47:00,10.7
2025-06-12 17:25:00,50.4
2025-06-12 11:51:00,24.3
2025-06-12 11:19:00,24.5
2025-06-12 10:57:00,50.31471380077256
2025-06-12 19:25:00,50.31471380077256
2025-06-12 13:08:00,30.8
2025-06-12 17:39:00,50.31471380077256
2025-06-12 23:38:00,19.4
2025-06-12 00:41:00,78.8
2025-06-12 02:56:00,11.4
2025-06-12 16:19:00,79.8
2025-06-12 01:43:00,1.3
2025-06-12 03:03:00,78.8
2025-06-12 12:10:00,44.0
2025-06-12 10:13:00,1.8
2025-06-12 02:24:00,50.31471380077256
2025-06-12 07:37:00,64.0
2025-06-12 06:26:00,68.8
2025-06-12 00:32:00,90.8
2025-06-12 19:53:00,26.7
2025-06-12 18:34:00,86.1
2025-06-12 10:46:00,19.7
2025-06-12 16:08:00,71.7
2025-06-12 15:45:00,18.4
2025-06-12 12:25:00,79.5
2025-06-12 05:58:00,67.1
2025-06-12 02:43:00,72.4
2025-06-12 00:39:00,40.7
2025-06-12 19:28:00,22.3
2025-06-12 23:47:00,29.6
2025-06-12 21:43:00,86.4
2025-06-12 08:29:00,65.5
2025-06-12 03:12:00,50.31471380077256
2025-06-12 13:33:00,56.4
2025-06-12 13:30:00,9.5
2025-06-12 02:57:00,17.9
2025-06-12 05:15:00,61.5
2025-06-12 22:21:00,74.5
2025-06-12 03:21:00,95.2
2025-06-12 12:25:00,43.5
2025-06-12 17:22:00,3.9
2025-06-12 21:57:00,73.8
2025-06-12 14:01:00,10.3
2025-06-12 07:57:00,97.9
2025-06-12 18:55:00,93.0
2025-06-12 16:44:00,84.6
2025-06-12 01:43:00,50.31471380077256
2025-06-12 10:43:00,39.2
2025-06-12 01:16:00,78.1
2025-06-12 19:23:00,38.0
2025-06-12 00:12:00,26.3
2025-06-12 16:59:00,50.31471380077256
2025-06-12 23:00:00,50.31471380077256
2025-06-12 14:43:00,88.9
2025-06-12 17:53:00,20.1
2025-06-12 10:54:00,50.4
2025-06-12 23:51:00,84.3
2025-06-12 15:47:00,43.3
2025-06-12 18:08:00,23.8
2025-06-12 13:59:00,50.31471380077256
2025-06-12 00:07:00,20.8
2025-06-12 06:14:00,85.3
2025-06-12 09:33:00,43.0
2025-06-12 00:52:00,72.7
2025-06-12 12:02:00,43.2
2025-06-12 17:18:00,3.2
2025-06-12 01:29:00,55.4
2025-06-12 21:39:00,41.2
2025-06-12 07:06:00,26.9
2025-06-12 07:52:00,7.5
2025-06-12 07:00:00,48.5
2025-06-12 16:08:00,46.9
2025-06-12 18:23:00,45.3
2025-06-12 05:33:00,47.2
2025-06-12 13:15:00,50.31471380077256
2025-06-12 18:42:00,16.7
2025-06-12 16:22:00,28.7
2025-06-12 06:54:00,78.1
2025-06-12 20:22:00,32.2
2025-06-12 01:10:00,23.5
2025-06-12 11:19:00,89.1
2025-06-12 20:50:00,21.9
2025-06-12 13:14:00,9.2
2025-06-12 13:00:00,51.9
2025-06-12 00:12:00,37.8
2025-06-12 09:01:00,33.5
2025-06-12 20:01:00,40.5
2025-06-12 18:43:00,11.4
2025-06-12 01:30:00,5.1
2025-06-12 04:52:00,73.0
2025-06-12 19:36:00,49.873700916999766
2025-06-12 13:26:00,49.873700916999766
2025-06-12 16:55:00,34.9
2025-06-12 05:42:00,53.3
2025-06-12 01:34:00,83.7
2025-06-12 17:11:00,24.1
2025-06-12 22:04:00,65.4
2025-06-12 14:06:00,26.5
2025-06-12 03:51:00,68.6
2025-06-12 22:25:00,1.3
2025-06-12 20:49:00,52.0
2025-06-12 14:24:00,63.9
2025-06-12 00:52:00,15.4
2025-06-12 08:08:00,76.5
2025-06-12 13:00:00,49.873700916999766
2025-06-12 01:43:00,9.2
2025-06-12 19:38:00,34.8
2025-06-12 15:18:00,15.7
2025-06-12 19:57:00,49.873700916999766
2025-06-12 08:09:00,66.1
2025-06-12 10:17:00,28.0
2025-06-12 13:54:00,49.873700916999766
2025-06-12 07:45:00,49.873700916999766
2025-06-12 11:14:00,81.0
2025-06-12 14:38:00,15.8
2025-06-12 13:44:00,53.6
2025-06-12 15:28:00,49.873700916999766
2025-06-12 08:35:00,81.1
2025-06-12 07:38:00,82.4
2025-06-12 08:36:00,49.873700916999766
2025-06-12 21:08:00,92.8
2025-06-12 15:55:00,24.4
2025-06-12 09:05:00,65.6
2025-06-12 02:11:00,5.3
2025-06-12 18:17:00,46.1
2025-06-12 11:48:00,97.6
2025-06-12 00:10:00,66.9
2025-06-12 19:49:00,68.7
2025-06-12 04:44:00,49.873700916999766
2025-06-12 06:46:00,49.873700916999766
2025-06-12 06:11:00,84.1
2025-06-12 01:29:00,35.1
2025-06-12 14:51:00,9.7
2025-06-12 03:32:00,36.2
2025-06-12 21:30:00,39.4
2025-06-12 20:02:00,95.7
2025-06-12 09:11:00,50.5
2025-06-12 01:23:00,52.5
2025-06-12 08:10:00,22.3
2025-06-12 11:43:00,41.4
2025-06-12 14:00:00,80.4
2025-06-12 12:32:00,73.8
2025-06-12 11:24:00,93.4
2025-06-12 11:00:00,2.9
2025-06-12 11:00:00,63.3
2025-06-12 23:15:00,65.2
2025-06-12 00:57:00,68.0
2025-06-12 15:46:00,87.4
2025-06-12 10:20:00,55.6
2025-06-12 08:58:00,49.873700916999766
2025-06-12 22:58:00,52.3
2025-06-12 21:58:00,50.5
2025-06-12 16:42:00,2.0
2025-06-12 09:39:00,64.1
2025-06-12 15:37:00,26.2
2025-06-12 14:38:00,49.873700916999766
2025-06-12 17:12:00,18.4
2025-06-12 06:02:00,89.5
2025-06-12 13:24:00,19.4
2025-06-12 19:03:00,32.5
2025-06-12 05:26:00,88.3
2025-06-12 01:26:00,54.7
2025-06-12 02:56:00,23.4
2025-06-12 10:09:00,3.0
2025-06-12 13:42:00,47.8
2025-06-12 17:08:00,80.4
2025-06-12 00:48:00,45.1
2025-06-12 12:53:00,88.9
2025-06-12 20:33:00,49.7
2025-06-12 17:59:00,46.9
2025-06-12 01:53:00,69.6
2025-06-12 09:41:00,68.6
2025-06-12 10:51:00,63.4
2025-06-12 04:58:00,49.873700916999766
2025-06-12 14:12:00,51.5
2025-06-12 13:17:00,88.2
2025-06-12 20:55:00,38.1
2025-06-12 17:41:00,42.7
2025-06-12 10:30:00,64.8
2025-06-12 00:22:00,37.7
2025-06-12 04:01:00,4.1
2025-06-12 08:37:00,82.0
2025-06-12 02:13:00,64.5
2025-06-12 13:29:00,69.3
2025-06-12 09:08:00,57.7
2025-06-12 12:34:00,19.5
2025-06-12 16:40:00,7.4
2025-06-12 11:35:00,59.8
2025-06-12 06:13:00,98.4
2025-06-12 12:41:00,40.4
2025-06-12 13:43:00,80.4
2025-06-12 18:06:00,32.6
2025-06-12 09:23:00,84.6
2025-06-12 20:13:00,87.3
2025-06-12 12:50:00,76.8
2025-06-12 05:33:00,49.873700916999766
2025-06-12 01:53:00,90.9
2025-06-12 19:43:00,33.9
2025-06-12 12:02:00,8.1
2025-06-12 09:03:00,82.5
2025-06-12 22:49:00,79.5
2025-06-12 18:55:00,52.4
2025-06-12 18:52:00,49.873700916999766
2025-06-12 16:53:00,14.7
2025-06-12 23:06:00,69.8
2025-06-12 23:28:00,41.8
2025-06-12 05:01:00,17.5
2025-06-12 14:13:00,55.0
2025-06-12 19:54:00,6.0
2025-06-12 04:42:00,0.1
2025-06-12 06:27:00,11.9
2025-06-12 03:43:00,49.873700916999766
2025-06-12 02:08:00,71.2
2025-06-12 13:59:00,48.4
2025-06-12 04:31:00,57.5
2025-06-12 11:04:00,49.873700916999766
2025-06-12 20:45:00,81.5
2025-06-12 19:41:00,84.2
2025-06-12 10:55:00,49.873700916999766
2025-06-12 10:39:00,49.873700916999766
2025-06-12 11:37:00,70.0
2025-06-12 03:32:00,2.1
2025-06-12 07:03:00,49.873700916999766
2025-06-12 02:38:00,52.8
2025-06-12 11:27:00,5.3
2025-06-12 15:06:00,49.873700916999766
2025-06-12 09:56:00,54.7
2025-06-12 02:25:00,49.873700916999766
2025-06-12 10:13:00,10.0
2025-06-12 22:31:00,29.5
2025-06-12 08:00:00,61.8
2025-06-12 22:56:00,16.0
2025-06-12 05:10:00,1.2
2025-06-12 19:08:00,0.7
2025-06-12 16:24:00,49.873700916999766
2025-06-12 17:27:00,58.0
2025-06-12 11:11:00,17.2
2025-06-12 21:47:00,49.873700916999766
2025-06-12 13:44:00,11.0
2025-06-12 13:12:00,80.3
2025-06-12 08:18:00,47.8
2025-06-12 01:25:00,3.2
2025-06-12 18:12:00,29.9
2025-06-12 11:38:00,26.3
2025-06-12 14:34:00,44.8
2025-06-12 20:21:00,76.7
2025-06-12 18:18:00,3.4
2025-06-12 01:02:00,73.9
2025-06-12 01:35:00,52.0
2025-06-12 02:53:00,6.5
2025-06-12 18:48:00,23.2
2025-06-12 14:57:00,86.5
2025-06-12 20:46:00,91.0
2025-06-12 09:47:00,39.9
2025-06-12 02:50:00,49.873700916999766
2025-06-12 14:37:00,49.873700916999766
2025-06-12 00:44:00,26.0
2025-06-12 01:00:00,68.7
2025-06-12 20:46:00,34.1
2025-06-12 15:04:00,93.0
2025-06-12 01:07:00,20.0
2025-06-12 17:33:00,78.9
2025-06-12 22:33:00,12.1
2025-06-12 04:37:00,49.873700916999766
2025-06-12 17:00:00,34.8
2025-06-12 08:41:00,8.0
2025-06-12 23:10:00,2.5
2025-06-12 12:59:00,96.9
2025-06-12 05:04:00,56.2
2025-06-12 15:49:00,66.6
2025-06-12 08:14:00,4.0
2025-06-12 01:47:00,56.4
2025-06-12 05:01:00,49.873700916999766
2025-06-12 02:20:00,75.3
2025-06-12 10:31:00,50.3
2025-06-12 11:42:00,69.9
2025-06-12 18:26:00,74.7
2025-06-12 13:11:00,99.8
2025-06-12 15:06:00,49.873700916999766
2025-06-12 18:33:00,75.4
2025-06-12 23:26:00,3.8
2025-06-12 16:19:00,71.5
2025-06-12 11:09:00,6.4
2025-06-12 14:34:00,61.9
2025-06-12 07:11:00,78.8
2025-06-12 11:04:00,68.1
2025-06-12 19:12:00,82.5
2025-06-12 16:51:00,16.3
2025-06-12 23:34:00,1.2
2025-06-12 16:29:00,76.5
2025-06-12 18:17:00,28.9
2025-06-12 18:47:00,42.0
2025-06-12 08:09:00,86.7
2025-06-12 19:52:00,22.6
2025-06-12 00:37:00,86.5
2025-06-12 11:26:00,19.6
2025-06-12 13:17:00,49.873700916999766
2025-06-12 16:43:00,63.4
2025-06-12 07:49:00,53.8
2025-06-12 21:03:00,28.8
2025-06-12 08:47:00,50.3
2025-06-12 02:53:00,28.2
2025-06-12 14:20:00,45.1
2025-06-12 10:13:00,35.6
2025-06-12 20:29:00,58.4
2025-06-12 18:09:00,85.2
2025-06-12 13:52:00,4.1
2025-06-12 22:02:00,49.1
2025-06-12 17:59:00,22.3
2025-06-12 00:45:00,29.9
2025-06-12 21:25:00,93.9
2025-06-12 06:11:00,83.4
2025-06-12 02:33:00,19.1
2025-06-12 18:56:00,87.5
2025-06-12 04:03:00,6.9
2025-06-12 08:27:00,83.7
2025-06-12 01:33:00,45.3
2025-06-12 17:43:00,17.1
2025-06-12 15:03:00,67.5
2025-06-12 11:31:00,34.0
2025-06-12 18:46:00,45.7
2025-06-12 00:31:00,80.9
2025-06-12 16:05:00,74.6
2025-06-12 20:19:00,49.873700916999766
2025-06-12 11:29:00,49.873700916999766
2025-06-12 13:08:00,64.9
2025-06-12 01:19:00,49.873700916999766
2025-06-12 11:24:00,34.7
2025-06-12 03:36:00,12.2
2025-06-12 23:19:00,95.5
2025-06-12 05:04:00,68.5
2025-06-12 07:48:00,38.6
2025-06-12 18:23:00,25.7
2025-06-12 22:17:00,16.6
2025-06-12 06:02:00,49.873700916999766
2025-06-12 06:08:00,91.2
2025-06-12 17:42:00,1.8
2025-06-12 14:46:00,80.2
2025-06-12 13:39:00,11.9
2025-06-12 21:11:00,66.9
2025-06-12 00:29:00,46.2
2025-06-12 11:05:00,36.3
2025-06-12 03:19:00,70.4
2025-06-12 12:15:00,71.4
2025-06-12 19:46:00,35.3
2025-06-12 03:25:00,28.2
2025-06-12 07:39:00,49.5
2025-06-12 05:43:00,45.7
2025-06-12 01:42:00,21.8
2025-06-12 02:02:00,49.873700916999766
2025-06-12 06:35:00,83.0
2025-06-12 05:09:00,17.5
2025-06-12 22:24:00,34.7
2025-06-12 05:19:00,11.0
2025-06-12 09:26:00,94.6
2025-06-12 13:06:00,91.6
2025-06-12 16:40:00,82.6
2025-06-12 23:07:00,88.7
2025-06-12 03:08:00,15.9
2025-06-12 10:50:00,88.0
2025-06-12 21:11:00,55.0
2025-06-12 00:15:00,21.2
2025-06-12 03:59:00,22.6
2025-06-12 03:41:00,4.6
2025-06-12 03:36:00,51.4
2025-06-12 12:34:00,43.5
2025-06-12 11:33:00,31.2
2025-06-12 09:43:00,90.0
2025-06-12 00:24:00,69.8
2025-06-12 07:15:00,74.2
2025-06-12 17:31:00,42.1
2025-06-12 08:44:00,20.4
2025-06-12 02:10:00,12.0
2025-06-12 00:23:00,53.1
2025-06-12 09:38:00,49.873700916999766
2025-06-12 13:17:00,38.9
2025-06-12 05:45:00,23.2
2025-06-12 14:35:00,17.9
2025-06-12 16:13:00,35.3
2025-06-12 05:14:00,60.1
2025-06-12 11:17:00,97.9
2025-06-12 20:43:00,60.4
2025-06-12 01:58:00,62.5
2025-06-12 06:18:00,49.873700916999766
2025-06-12 01:15:00,82.1
2025-06-12 10:59:00,63.8
2025-06-12 23:07:00,45.7
2025-06-12 10:12:00,88.8
2025-06-12 20:48:00,56.1
2025-06-12 21:57:00,12.2
2025-06-12 17:51:00,95.6
2025-06-12 17:20:00,10.4
2025-06-12 03:49:00,65.8
2025-06-12 14:32:00,99.9
2025-06-12 22:36:00,36.5
2025-06-12 02:05:00,53.8
2025-06-12 14:26:00,37.8
2025-06-12 06:49:00,46.4
2025-06-12 00:41:00,14.5
2025-06-12 05:23:00,33.5
2025-06-12 13:37:00,94.0
2025-06-12 14:58:00,78.3
2025-06-12 13:04:00,66.8
2025-06-12 07:50:00,3.1
2025-06-12 11:04:00,82.2
2025-06-12 05:52:00,98.8
2025-06-12 15:04:00,19.2
2025-06-12 14:43:00,67.3
2025-06-12 01:41:00,21.0
2025-06-12 22:12:00,14.9
2025-06-12 21:01:00,11.0
2025-06-12 17:07:00,82.8
2025-06-12 12:35:00,84.0
2025-06-12 10:59:00,35.1
2025-06-12 20:12:00,49.660353652861794
2025-06-12 01:47:00,40.2
2025-06-12 15:12:00,47.1
2025-06-12 09:04:00,0.9
2025-06-12 18:18:00,58.1
2025-06-12 20:40:00,12.6
2025-06-12 11:06:00,87.0
2025-06-12 08:38:00,49.660353652861794
2025-06-12 06:46:00,1.0
2025-06-12 17:57:00,96.9
2025-06-12 07:25:00,63.5
2025-06-12 06:16:00,2.1
2025-06-12 04:06:00,76.0
2025-06-12 03:30:00,0.9
2025-06-12 19:35:00,49.660353652861794
2025-06-12 23:28:00,93.6
2025-06-12 04:32:00,49.660353652861794
2025-06-12 04:50:00,87.6
2025-06-12 17:17:00,73.0
2025-06-12 18:05:00,3.1
2025-06-12 11:37:00,50.2
2025-06-12 09:31:00,49.0
2025-06-12 12:37:00,76.6
2025-06-12 18:16:00,3.9
2025-06-12 11:22:00,82.6
2025-06-12 16:28:00,98.3
2025-06-12 13:02:00,54.6
2025-06-12 20:57:00,52.4
2025-06-12 14:36:00,22.2
2025-06-12 08:48:00,0.8
2025-06-12 06:06:00,59.4
2025-06-12 22:01:00,0.6
2025-06-12 22:48:00,49.660353652861794
2025-06-12 18:17:00,0.4
2025-06-12 12:37:00,70.6
2025-06-12 23:45:00,38.5
2025-06-12 05:43:00,49.660353652861794
2025-06-12 21:42:00,49.6
2025-06-12 22:14:00,49.660353652861794
2025-06-12 22:08:00,85.7
2025-06-12 14:20:00,70.7
2025-06-12 04:03:00,95.8
2025-06-12 03:31:00,88.8
2025-06-12 23:41:00,49.660353652861794
2025-06-12 12:38:00,29.8
2025-06-12 08:45:00,59.3
2025-06-12 19:24:00,61.1
2025-06-12 08:04:00,49.660353652861794
2025-06-12 07:02:00,43.2
2025-06-12 12:55:00,71.1
2025-06-12 10:52:00,59.7
2025-06-12 16:19:00,57.2
2025-06-12 00:21:00,49.660353652861794
2025-06-12 04:22:00,68.5
2025-06-12 10:31:00,75.0
2025-06-12 17:02:00,52.4
2025-06-12 22:36:00,96.5
2025-06-12 20:11:00,49.660353652861794
2025-06-12 08:51:00,1.8
2025-06-12 01:29:00,49.660353652861794
2025-06-12 13:02:00,49.660353652861794
2025-06-12 03:16:00,67.7
2025-06-12 08:25:00,53.0
2025-06-12 19:06:00,29.8
2025-06-12 17:02:00,13.4
2025-06-12 00:46:00,13.2
2025-06-12 03:30:00,58.4
2025-06-12 14:16:00,72.7
2025-06-12 18:44:00,48.2
2025-06-12 03:45:00,67.4
2025-06-12 08:59:00,92.8
2025-06-12 09:06:00,20.6
2025-06-12 21:44:00,24.2
2025-06-12 14:37:00,72.5
2025-06-12 12:05:00,40.2
2025-06-12 17:20:00,24.8
2025-06-12 06:54:00,62.2
2025-06-12 06:07:00,85.6
2025-06-12 06:11:00,1.9
2025-06-12 01:09:00,16.3
2025-06-12 06:49:00,89.9
2025-06-12 19:41:00,0.5
2025-06-12 03:02:00,52.0
2025-06-12 00:01:00,18.5
2025-06-12 16:33:00,81.1
2025-06-12 04:17:00,53.4
2025-06-12 21:14:00,49.660353652861794
2025-06-12 14:57:00,2.3
2025-06-12 05:17:00,78.7
2025-06-12 22:10:00,89.2
2025-06-12 10:04:00,66.8
2025-06-12 10:08:00,84.4
2025-06-12 20:45:00,48.5
2025-06-12 01:32:00,68.4
2025-06-12 06:43:00,14.3
2025-06-12 06:39:00,54.5
2025-06-12 16:34:00,63.6
2025-06-12 09:22:00,42.5
2025-06-12 16:29:00,6.5
2025-06-12 14:07:00,61.3
2025-06-12 23:24:00,49.660353652861794
2025-06-12 22:19:00,46.1
2025-06-12 12:41:00,70.2
2025-06-12 17:46:00,49.660353652861794
2025-06-12 08:19:00,14.5
2025-06-12 17:27:00,52.7
2025-06-12 04:27:00,49.660353652861794
2025-06-12 06:33:00,3.4
2025-06-12 15:38:00,68.6
2025-06-12 08:45:00,70.5
2025-06-12 12:22:00,27.4
2025-06-12 15:50:00,32.5
2025-06-12 13:36:00,23.1
2025-06-12 17:42:00,49.660353652861794
2025-06-12 07:08:00,91.1
2025-06-12 14:38:00,87.0
2025-06-12 11:05:00,57.5
2025-06-12 11:09:00,50.4
2025-06-12 12:03:00,44.1
2025-06-12 18:48:00,13.9
2025-06-12 13:27:00,49.6
2025-06-12 06:02:00,27.4
2025-06-12 06:44:00,66.3
2025-06-12 20:14:00,81.7
2025-06-12 20:52:00,34.7
2025-06-12 03:46:00,49.660353652861794
2025-06-12 19:34:00,52.0
2025-06-12 04:45:00,36.4
2025-06-12 07:04:00,13.8
2025-06-12 21:39:00,58.5
2025-06-12 20:52:00,60.7
2025-06-12 02:06:00,33.4
2025-06-12 23:18:00,61.7
2025-06-12 10:39:00,20.1
2025-06-12 19:11:00,3.2
2025-06-12 05:08:00,37.0
2025-06-12 01:49:00,17.4
2025-06-12 04:43:00,78.5
2025-06-12 21:04:00,71.0
2025-06-12 06:07:00,49.660353652861794
2025-06-12 06:10:00,41.4
2025-06-12 19:27:00,48.1
2025-06-12 23:25:00,80.7
2025-06-12 23:23:00,11.0
2025-06-12 00:04:00,18.2
2025-06-12 18:51:00,49.660353652861794
2025-06-12 07:19:00,16.3
2025-06-12 14:23:00,72.3
2025-06-12 15:40:00,19.3
2025-06-12 23:03:00,78.4
2025-06-12 06:14:00,79.2
2025-06-12 21:32:00,0.8
2025-06-12 11:42:00,64.9
2025-06-12 11:03:00,14.7
2025-06-12 05:08:00,49.660353652861794
2025-06-12 19:58:00,94.7
2025-06-12 14:39:00,49.660353652861794
2025-06-12 15:08:00,98.0
2025-06-12 06:13:00,52.7
2025-06-12 19:21:00,32.1
2025-06-12 00:59:00,49.660353652861794
2025-06-12 04:32:00,8.4
2025-06-12 18:50:00,49.660353652861794
2025-06-12 14:35:00,18.3
2025-06-12 08:15:00,56.1
2025-06-12 22:51:00,67.1
2025-06-12 14:30:00,28.6
2025-06-12 14:43:00,49.0
2025-06-12 09:18:00,91.7
2025-06-12 14:50:00,26.2
2025-06-12 14:08:00,61.3
2025-06-12 15:31:00,49.660353652861794
2025-06-12 10:43:00,78.7
2025-06-12 22:32:00,11.9
2025-06-12 13:59:00,64.9
2025-06-12 08:44:00,22.9
2025-06-12 05:16:00,49.660353652861794
2025-06-12 20:35:00,49.6
2025-06-12 13:14:00,49.660353652861794
2025-06-12 10:47:00,61.8
2025-06-12 19:49:00,15.4
2025-06-12 16:23:00,50.8
2025-06-12 18:37:00,37.2
2025-06-12 23:36:00,17.0
2025-06-12 13:17:00,49.660353652861794
2025-06-12 15:53:00,58.6
2025-06-12 01:46:00,49.660353652861794
2025-06-12 11:22:00,85.1
2025-06-12 07:55:00,24.9
2025-06-12 05:27:00,46.7
2025-06-12 09:46:00,82.1
2025-06-12 00:59:00,38.0
2025-06-12 21:35:00,55.6
2025-06-12 23:16:00,70.4
2025-06-12 16:54:00,92.3
2025-06-12 20:50:00,19.5
2025-06-12 11:35:00,95.4
2025-06-12 00:52:00,82.4
2025-06-12 02:45:00,29.8
2025-06-12 08:21:00,32.1
2025-06-12 10:30:00,28.2
2025-06-12 22:15:00,6.9
2025-06-12 21:24:00,41.5
2025-06-12 00:08:00,56.8
2025-06-12 06:58:00,26.6
2025-06-12 16:49:00,53.8
2025-06-12 17:25:00,86.6
2025-06-12 02:24:00,56.6
2025-06-12 02:56:00,36.9
2025-06-12 01:27:00,57.0
2025-06-12 15:41:00,49.660353652861794
2025-06-12 10:45:00,49.660353652861794
2025-06-12 06:34:00,61.8
2025-06-12 12:20:00,48.1
2025-06-12 07:49:00,96.1
2025-06-12 01:39:00,46.7
2025-06-12 11:27:00,99.3
2025-06-12 08:31:00,11.7
2025-06-12 07:16:00,38.1
2025-06-12 20:26:00,62.2
2025-06-12 19:48:00,49.660353652861794
2025-06-12 21:32:00,44.3
2025-06-12 16:42:00,55.0
2025-06-12 07:10:00,87.0
2025-06-12 02:39:00,8.9
2025-06-12 23:24:00,75.4
2025-06-12 11:40:00,58.6
2025-06-12 16:28:00,82.9
2025-06-12 15:28:00,24.5
2025-06-12 21:23:00,7.0
2025-06-12 00:14:00,20.4
2025-06-12 21:14:00,57.0
2025-06-12 16:48:00,73.9
2025-06-12 08:08:00,11.7
2025-06-12 07:59:00,86.8
2025-06-12 08:16:00,34.6
2025-06-12 01:25:00,2.0
2025-06-12 03:52:00,33.5
2025-06-12 23:19:00,49.9
2025-06-12 11:51:00,46.4
2025-06-12 18:48:00,7.5
2025-06-12 23:00:00,13.2
2025-06-12 08:35:00,49.660353652861794
2025-06-12 00:20:00,9.8
2025-06-12 20:00:00,58.4
2025-06-12 07:09:00,27.8
2025-06-12 15:47:00,73.4
2025-06-12 01:47:00,66.9
2025-06-12 22:41:00,77.4
2025-06-12 02:57:00,59.3
2025-06-12 10:36:00,7.7
2025-06-12 00:56:00,58.8
2025-06-12 21:43:00,49.660353652861794
2025-06-12 06:32:00,25.7
2025-06-12 16:34:00,98.3
2025-06-12 23:44:00,27.0
2025-06-12 03:49:00,17.2
2025-06-12 05:25:00,44.4
2025-06-12 09:55:00,67.5
2025-06-12 19:48:00,90.0
2025-06-12 10:03:00,55.3
2025-06-12 20:18:00,26.9
2025-06-12 08:03:00,7.4
2025-06-12 01:27:00,54.3
2025-06-12 12:44:00,95.6
2025-06-12 01:33:00,57.7
2025-06-12 22:51:00,53.2
2025-06-12 23:11:00,94.9
2025-06-12 02:22:00,89.8
2025-06-12 02:05:00,45.2
2025-06-12 13:27:00,65.1
2025-06-12 22:01:00,88.1
2025-06-12 18:37:00,32.6
2025-06-12 12:59:00,43.4
2025-06-12 23:03:00,78.3
2025-06-12 15:24:00,44.3
2025-06-12 10:07:00,30.2
2025-06-12 23:17:00,90.8
2025-06-12 07:53:00,81.9
2025-06-12 08:01:00,96.7
2025-06-12 18:17:00,7.7
2025-06-12 22:14:00,49.1
2025-06-12 22:32:00,60.7
2025-06-12 08:29:00,84.6
2025-06-12 13:19:00,81.2
2025-06-12 00:18:00,72.2
2025-06-12 09:37:00,78.7
2025-06-12 04:51:00,43.5
2025-06-12 10:31:00,49.660353652861794
2025-06-12 14:07:00,88.9
2025-06-12 09:56:00,34.1
2025-06-12 09:01:00,77.5
2025-06-12 06:29:00,49.660353652861794
2025-06-12 19:31:00,59.1
2025-06-12 11:14:00,34.0
2025-06-12 14:47:00,34.4
2025-06-12 20:38:00,33.3
2025-06-12 15:24:00,92.4
2025-06-12 09:53:00,61.8
2025-06-12 17:51:00,49.660353652861794
2025-06-12 07:20:00,57.9
2025-06-12 23:55:00,62.5
2025-06-12 04:44:00,88.2
2025-06-12 05:06:00,20.3
2025-06-12 23:27:00,34.3
2025-06-12 08:39:00,50.5
2025-06-12 04:16:00,76.5
2025-06-12 15:59:00,49.660353652861794
2025-06-12 15:33:00,33.8
2025-06-12 01:50:00,30.1
2025-06-12 23:00:00,18.3
2025-06-12 16:46:00,30.7
2025-06-12 20:20:00,22.0
2025-06-12 16:16:00,49.9804001872221
2025-06-12 20:04:00,64.6
2025-06-12 16:13:00,49.9804001872221
2025-06-12 18:00:00,67.9
2025-06-12 02:12:00,30.2
2025-06-12 20:06:00,49.9804001872221
2025-06-12 12:30:00,3.7
2025-06-12 13:07:00,49.9804001872221
2025-06-12 20:27:00,70.2
2025-06-12 08:44:00,17.2
2025-06-12 10:41:00,38.0
2025-06-12 02:58:00,49.9804001872221
2025-06-12 15:30:00,37.2
2025-06-12 14:07:00,10.2
2025-06-12 04:47:00,40.7
2025-06-12 14:07:00,91.2
2025-06-12 01:30:00,19.6
2025-06-12 23:35:00,49.9804001872221
2025-06-12 12:26:00,87.1
2025-06-12 19:04:00,61.7
2025-06-12 14:29:00,23.8
2025-06-12 09:48:00,19.5
2025-06-12 09:58:00,49.9804001872221
2025-06-12 01:33:00,31.8
2025-06-12 03:59:00,49.7
2025-06-12 15:31:00,35.3
2025-06-12 04:19:00,92.6
2025-06-12 21:10:00,49.9804001872221
2025-06-12 18:05:00,64.9
2025-06-12 02:22:00,49.9804001872221
2025-06-12 00:11:00,59.7
2025-06-12 17:01:00,86.8
2025-06-12 15:07:00,88.5
2025-06-12 01:19:00,88.5
2025-06-12 16:47:00,49.9804001872221
2025-06-12 05:36:00,67.0
2025-06-12 00:23:00,58.3
2025-06-12 09:45:00,24.2
2025-06-12 10:55:00,70.6
2025-06-12 13:21:00,49.9804001872221
2025-06-12 10:29:00,0.6
2025-06-12 09:38:00,62.7
2025-06-12 02:44:00,63.5
2025-06-12 17:31:00,28.3
2025-06-12 15:09:00,41.8
2025-06-12 08:41:00,49.9804001872221
2025-06-12 15:12:00,76.7
2025-06-12 07:08:00,43.1
2025-06-12 19:52:00,71.0
2025-06-12 09:15:00,61.4
2025-06-12 11:55:00,38.8
2025-06-12 07:48:00,49.9804001872221
2025-06-12 12:11:00,62.3
2025-06-12 08:41:00,81.6
2025-06-12 12:17:00,63.3
2025-06-12 02:09:00,65.1
2025-06-12 06:44:00,91.6
2025-06-12 08:09:00,1.5
2025-06-12 11:09:00,84.3
2025-06-12 09:51:00,78.3
2025-06-12 12:11:00,51.8
2025-06-12 23:36:00,94.9
2025-06-12 05:33:00,28.0
2025-06-12 02:51:00,90.6
2025-06-12 13:24:00,43.7
2025-06-12 11:02:00,49.9804001872221
2025-06-12 16:16:00,38.4
2025-06-12 00:58:00,8.3
2025-06-12 19:13:00,82.4
2025-06-12 17:29:00,82.9
2025-06-12 03:10:00,69.1
2025-06-12 02:52:00,51.1
2025-06-12 09:45:00,49.9804001872221
2025-06-12 08:04:00,39.0
2025-06-12 11:05:00,15.1
2025-06-12 21:25:00,37.1
2025-06-12 01:07:00,64.1
2025-06-12 18:59:00,43.5
2025-06-12 12:55:00,40.4
2025-06-12 08:33:00,40.4
2025-06-12 21:55:00,65.2
2025-06-12 12:10:00,18.0
2025-06-12 17:27:00,96.4
2025-06-12 10:36:00,91.2
2025-06-12 19:48:00,45.4
2025-06-12 08:24:00,5.2
2025-06-12 15:48:00,59.3
2025-06-12 23:40:00,91.6
2025-06-12 20:14:00,51.8
2025-06-12 02:38:00,17.9
2025-06-12 06:58:00,21.7
2025-06-12 03:47:00,13.1
2025-06-12 16:18:00,49.9804001872221
2025-06-12 03:51:00,60.8
2025-06-12 16:31:00,45.4
2025-06-12 07:03:00,69.6
2025-06-12 00:06:00,46.4
2025-06-12 00:51:00,63.9
2025-06-12 20:08:00,77.6
2025-06-12 12:15:00,75.3
2025-06-12 15:48:00,34.9
2025-06-12 15:33:00,33.9
2025-06-12 07:52:00,49.9804001872221
2025-06-12 03:46:00,52.5
2025-06-12 04:22:00,49.9804001872221
2025-06-12 01:00:00,11.1
2025-06-12 22:49:00,49.9804001872221
2025-06-12 04:20:00,29.1
2025-06-12 09:15:00,37.7
2025-06-12 09:13:00,9.8
2025-06-12 14:31:00,88.0
2025-06-12 19:06:00,50.8
2025-06-12 18:27:00,40.7
2025-06-12 22:48:00,75.6
2025-06-12 00:20:00,54.3
2025-06-12 19:50:00,88.2
2025-06-12 19:37:00,18.7
2025-06-12 07:06:00,65.1
2025-06-12 14:30:00,71.6
2025-06-12 06:06:00,88.6
2025-06-12 06:55:00,34.4
2025-06-12 02:18:00,21.4
2025-06-12 01:02:00,9.3
2025-06-12 05:00:00,84.6
2025-06-12 08:16:00,49.9804001872221
2025-06-12 18:29:00,12.7
2025-06-12 03:55:00,52.9
2025-06-12 10:30:00,41.4
2025-06-12 13:38:00,49.1
2025-06-12 23:49:00,27.8
2025-06-12 08:07:00,86.0
2025-06-12 16:13:00,49.9804001872221
2025-06-12 05:46:00,46.9
2025-06-12 00:30:00,6.4
2025-06-12 06:06:00,49.9804001872221
2025-06-12 18:56:00,76.6
2025-06-12 08:33:00,17.1
2025-06-12 00:28:00,76.7
2025-06-12 13:18:00,49.9804001872221
2025-06-12 05:30:00,45.3
2025-06-12 03:20:00,68.0
2025-06-12 15:54:00,55.9
2025-06-12 06:55:00,49.9804001872221
2025-06-12 21:31:00,49.9804001872221
2025-06-12 11:20:00,64.2
2025-06-12 00:36:00,77.3
2025-06-12 07:38:00,49.9804001872221
2025-06-12 19:45:00,24.5
2025-06-12 03:16:00,55.7
2025-06-12 18:46:00,72.3
2025-06-12 15:34:00,89.3
2025-06-12 14:20:00,49.9804001872221
2025-06-12 21:13:00,24.2
2025-06-12 22:01:00,87.9
2025-06-12 23:06:00,98.5
2025-06-12 12:00:00,14.4
2025-06-12 00:50:00,63.0
2025-06-12 05:07:00,82.8
2025-06-12 02:02:00,82.9
2025-06-12 23:34:00,61.3
2025-06-12 08:56:00,7.7
2025-06-12 08:54:00,78.3
2025-06-12 21:13:00,3.8
2025-06-12 03:57:00,78.6
2025-06-12 13:22:00,86.1
2025-06-12 07:42:00,9.2
2025-06-12 22:30:00,31.0
2025-06-12 04:48:00,79.5
2025-06-12 14:12:00,68.9
2025-06-12 23:40:00,44.7
2025-06-12 11:22:00,93.9
2025-06-12 16:49:00,49.9804001872221
2025-06-12 16:12:00,49.9804001872221
2025-06-12 04:36:00,95.3
2025-06-12 07:49:00,63.3
2025-06-12 10:14:00,0.9
2025-06-12 22:52:00,44.8
2025-06-12 01:05:00,65.9
2025-06-12 19:38:00,65.5
2025-06-12 02:26:00,90.9
2025-06-12 18:58:00,24.5
2025-06-12 06:24:00,46.7
2025-06-12 10:09:00,2.6
2025-06-12 15:49:00,45.7
2025-06-12 18:06:00,12.3
2025-06-12 06:45:00,49.9804001872221
2025-06-12 18:40:00,49.9804001872221
2025-06-12 16:33:00,73.0
2025-06-12 09:27:00,15.5
2025-06-12 02:00:00,1.3
2025-06-12 00:35:00,46.9
2025-06-12 14:43:00,71.1
2025-06-12 08:43:00,13.7
2025-06-12 03:48:00,39.6
2025-06-12 15:26:00,29.9
2025-06-12 08:36:00,22.5
2025-06-12 17:46:00,55.9
2025-06-12 14:40:00,4.7
2025-06-12 06:20:00,87.2
2025-06-12 10:14:00,18.1
2025-06-12 15:17:00,71.2
2025-06-12 15:49:00,92.8
2025-06-12 05:50:00,70.0
2025-06-12 22:30:00,36.6
2025-06-12 07:04:00,16.3
2025-06-12 06:49:00,2.8
2025-06-12 07:20:00,26.7
2025-06-12 15:45:00,65.9
2025-06-12 04:06:00,80.6
2025-06-12 14:33:00,35.2
2025-06-12 13:34:00,89.3
2025-06-12 06:35:00,15.7
2025-06-12 08:29:00,10.4
2025-06-12 11:07:00,85.3
2025-06-12 10:30:00,9.2
2025-06-12 09:26:00,78.8
2025-06-12 22:54:00,81.8
2025-06-12 14:06:00,49.9804001872221
2025-06-12 11:37:00,28.4
2025-06-12 09:48:00,49.9804001872221
2025-06-12 16:48:00,86.8
2025-06-12 02:01:00,6.3
2025-06-12 21:41:00,35.8
2025-06-12 09:18:00,97.2
2025-06-12 19:52:00,19.1
2025-06-12 20:02:00,42.1
2025-06-12 23:43:00,11.9
2025-06-12 03:49:00,94.9
2025-06-12 09:15:00,8.8
2025-06-12 04:45:00,61.3
2025-06-12 23:01:00,64.5
2025-06-12 01:56:00,17.8
2025-06-12 08:07:00,34.3
2025-06-12 09:26:00,49.9804001872221
2025-06-12 03:07:00,56.2
2025-06-12 09:39:00,60.5
2025-06-12 02:47:00,83.1
2025-06-12 23:58:00,51.3
2025-06-12 00:53:00,85.4
2025-06-12 02:37:00,38.5
2025-06-12 17:04:00,12.9
2025-06-12 01:45:00,63.4
2025-06-12 11:51:00,96.9
2025-06-12 16:36:00,33.9
2025-06-12 03:00:00,0.3
2025-06-12 06:53:00,49.9804001872221
2025-06-12 04:35:00,67.1
2025-06-12 03:35:00,47.2
2025-06-12 19:59:00,18.7
2025-06-12 14:50:00,69.6
2025-06-12 19:14:00,65.4
2025-06-12 07:17:00,84.1
2025-06-12 05:59:00,57.8
2025-06-12 18:45:00,49.9804001872221
2025-06-12 21:22:00,50.5
2025-06-12 01:52:00,60.5
2025-06-12 15:48:00,39.3
2025-06-12 23:52:00,49.9804001872221
2025-06-12 02:36:00,82.0
2025-06-12 05:42:00,86.5
2025-06-12 08:24:00,8.0
2025-06-12 13:09:00,21.9
2025-06-12 14:33:00,51.2
2025-06-12 05:47:00,62.3
2025-06-12 04:57:00,49.9804001872221
2025-06-12 15:46:00,34.8
2025-06-12 04:22:00,7.1
2025-06-12 08:41:00,57.0
2025-06-12 10:19:00,49.9804001872221
2025-06-12 19:58:00,11.1
2025-06-12 23:37:00,26.7
2025-06-12 01:21:00,87.7
2025-06-12 20:25:00,18.1
2025-06-12 00:44:00,72.5
2025-06-12 00:00:00,41.2
2025-06-12 11:35:00,91.7
2025-06-12 05:02:00,72.1
2025-06-12 12:57:00,68.2
2025-06-12 15:20:00,32.1
2025-06-12 12:26:00,57.8
2025-06-12 12:12:00,51.1
2025-06-12 11:46:00,32.9
2025-06-12 23:25:00,98.7
2025-06-12 18:09:00,62.4
2025-06-12 11:44:00,47.9
2025-06-12 23:01:00,22.7
2025-06-12 19:55:00,82.8
2025-06-12 12:56:00,29.9
2025-06-12 09:55:00,31.8
2025-06-12 16:52:00,38.6
2025-06-12 00:50:00,48.9
2025-06-12 16:26:00,41.8
2025-06-12 17:23:00,30.6
2025-06-12 13:07:00,53.9
2025-06-12 00:50:00,49.9804001872221
2025-06-12 04:30:00,74.6
2025-06-12 11:37:00,19.2
2025-06-12 14:39:00,43.4
2025-06-12 12:55:00,26.0
2025-06-12 12:43:00,66.4
2025-06-12 19:10:00,76.9
2025-06-12 08:29:00,60.7
2025-06-12 01:54:00,77.4
2025-06-12 17:30:00,49.9804001872221
2025-06-12 03:47:00,17.2
2025-06-12 12:59:00,54.4
2025-06-12 14:33:00,30.3
2025-06-12 14:43:00,29.4
2025-06-12 10:48:00,87.6
2025-06-12 11:32:00,10.6
2025-06-12 15:11:00,49.9804001872221
2025-06-12 20:26:00,3.3
2025-06-12 15:33:00,55.7
2025-06-12 15:27:00,70.0
2025-06-12 11:18:00,49.9804001872221
2025-06-12 17:47:00,11.4
2025-06-12 19:40:00,63.0
2025-06-12 00:14:00,76.3
2025-06-12 08:57:00,5.3
2025-06-12 17:58:00,5.8
2025-06-12 16:25:00,42.2
2025-06-12 03:33:00,49.9804001872221
2025-06-12 15:44:00,92.1
2025-06-12 23:12:00,47.1
2025-06-12 05:17:00,49.9804001872221
2025-06-12 09:19:00,93.5
2025-06-12 12:37:00,30.9
2025-06-12 21:41:00,49.9804001872221
2025-06-12 03:06:00,86.5
2025-06-12 03:29:00,6.7
2025-06-12 18:40:00,21.6
2025-06-12 17:43:00,35.4
2025-06-12 13:26:00,20.2
2025-06-12 01:36:00,49.9804001872221
2025-06-12 19:04:00,71.1
2025-06-12 22:40:00,40.9
2025-06-12 08:38:00,39.3
2025-06-12 08:02:00,8.6
2025-06-12 05:25:00,31.2
2025-06-12 04:38:00,49.9804001872221
2025-06-12 16:33:00,51.1
2025-06-12 22:38:00,13.5
2025-06-12 21:36:00,59.7
2025-06-12 02:21:00,99.4
2025-06-12 02:40:00,52.2
2025-06-12 07:30:00,61.5
2025-06-12 07:29:00,82.5
2025-06-12 04:05:00,73.5
2025-06-12 23:53:00,48.7
2025-06-12 06:13:00,91.1
2025-06-12 16:52:00,62.8
2025-06-12 17:30:00,83.4
2025-06-12 10:37:00,12.1
2025-06-12 10:57:00,71.1
2025-06-12 02:40:00,68.9
2025-06-12 13:32:00,32.3
2025-06-12 00:38:00,37.9
2025-06-12 11:36:00,5.9
2025-06-12 04:28:00,13.0
2025-06-12 10:57:00,19.5
2025-06-12 13:48:00,86.1
2025-06-12 17:52:00,83.0
2025-06-12 06:56:00,49.6
2025-06-12 06:39:00,52.6
2025-06-12 14:14:00,49.659483264826775
2025-06-12 22:04:00,49.659483264826775
2025-06-12 10:04:00,41.4
2025-06-12 18:24:00,49.659483264826775
2025-06-12 10:28:00,45.3
2025-06-12 03:07:00,97.0
2025-06-12 04:09:00,62.5
2025-06-12 20:19:00,49.659483264826775
2025-06-12 05:35:00,52.4
2025-06-12 11:13:00,51.0
2025-06-12 01:12:00,53.5
2025-06-12 08:26:00,12.1
2025-06-12 11:32:00,72.8
2025-06-12 19:21:00,49.659483264826775
2025-06-12 22:35:00,49.659483264826775
2025-06-12 00:20:00,49.659483264826775
2025-06-12 00:34:00,49.659483264826775
2025-06-12 08:55:00,75.8
2025-06-12 02:39:00,0.0
2025-06-12 10:47:00,88.3
2025-06-12 11:55:00,91.2
2025-06-12 20:18:00,77.6
2025-06-12 16:35:00,49.659483264826775
2025-06-12 12:51:00,49.659483264826775
2025-06-12 21:33:00,64.2
2025-06-12 16:50:00,75.0
2025-06-12 03:40:00,80.0
2025-06-12 01:31:00,5.1
2025-06-12 15:45:00,97.2
2025-06-12 15:56:00,65.8
2025-06-12 12:16:00,69.4
2025-06-12 02:23:00,60.8
2025-06-12 01:17:00,96.2
2025-06-12 03:45:00,76.8
2025-06-12 16:27:00,79.2
2025-06-12 07:30:00,77.0
2025-06-12 09:34:00,46.8
2025-06-12 20:09:00,7.1
2025-06-12 05:45:00,2.4
2025-06-12 03:00:00,49.659483264826775
2025-06-12 08:10:00,82.3
2025-06-12 06:16:00,51.6
2025-06-12 06:55:00,82.6
2025-06-12 23:19:00,62.2
2025-06-12 00:24:00,83.4
2025-06-12 08:28:00,92.4
2025-06-12 07:05:00,49.659483264826775
2025-06-12 03:06:00,2.2
2025-06-12 09:02:00,49.659483264826775
2025-06-12 16:45:00,67.0
2025-06-12 20:38:00,49.659483264826775
2025-06-12 08:28:00,54.6
2025-06-12 01:10:00,84.9
2025-06-12 19:10:00,76.0
2025-06-12 06:39:00,31.5
2025-06-12 17:53:00,55.6
2025-06-12 17:16:00,39.9
2025-06-12 06:56:00,55.2
2025-06-12 19:58:00,36.5
2025-06-12 02:59:00,13.7
2025-06-12 13:46:00,10.0
2025-06-12 20:15:00,62.6
2025-06-12 12:45:00,34.2
2025-06-12 23:33:00,49.659483264826775
2025-06-12 02:51:00,32.0
2025-06-12 14:41:00,97.2
2025-06-12 07:28:00,18.3
2025-06-12 17:13:00,63.8
2025-06-12 06:06:00,96.7
2025-06-12 07:25:00,16.3
2025-06-12 14:39:00,31.0
2025-06-12 09:33:00,35.7
2025-06-12 10:18:00,49.659483264826775
2025-06-12 03:14:00,32.3
2025-06-12 23:18:00,49.659483264826775
2025-06-12 13:23:00,26.1
2025-06-12 20:35:00,2.7
2025-06-12 00:56:00,49.659483264826775
2025-06-12 14:44:00,8.5
2025-06-12 07:53:00,98.4
2025-06-12 09:59:00,82.7
2025-06-12 03:26:00,90.9
2025-06-12 03:01:00,80.0
2025-06-12 07:18:00,49.659483264826775
2025-06-12 22:08:00,85.4
2025-06-12 18:10:00,71.4
2025-06-12 12:51:00,74.7
2025-06-12 01:08:00,46.3
2025-06-12 07:32:00,88.0
2025-06-12 18:18:00,49.659483264826775
2025-06-12 09:17:00,49.659483264826775
2025-06-12 14:06:00,86.8
2025-06-12 13:43:00,61.3
2025-06-12 15:05:00,8.0
2025-06-12 10:11:00,74.3
2025-06-12 21:10:00,65.9
2025-06-12 14:59:00,57.8
2025-06-12 09:40:00,50.0
2025-06-12 03:09:00,70.2
2025-06-12 13:35:00,25.6
2025-06-12 02:54:00,52.4
2025-06-12 11:39:00,46.4
2025-06-12 06:53:00,69.8
2025-06-12 13:37:00,23.5
2025-06-12 15:41:00,82.6
2025-06-12 14:35:00,51.5
2025-06-12 17:05:00,36.1
2025-06-12 12:15:00,19.5
2025-06-12 06:28:00,64.0
2025-06-12 07:08:00,94.1
2025-06-12 21:37:00,49.7
2025-06-12 10:33:00,49.659483264826775
2025-06-12 08:23:00,6.4
2025-06-12 12:30:00,2.3
2025-06-12 06:08:00,58.1
2025-06-12 11:31:00,49.659483264826775
2025-06-12 07:07:00,0.2
2025-06-12 12:52:00,79.5
2025-06-12 06:09:00,49.659483264826775
2025-06-12 21:21:00,30.9
2025-06-12 20:56:00,84.6
2025-06-12 12:53:00,62.3
2025-06-12 22:12:00,95.9
2025-06-12 20:17:00,43.2
2025-06-12 09:54:00,73.5
2025-06-12 10:38:00,4.4
2025-06-12 19:17:00,8.0
2025-06-12 16:26:00,49.659483264826775
2025-06-12 13:02:00,49.659483264826775
2025-06-12 17:08:00,31.7
2025-06-12 06:02:00,90.1
2025-06-12 20:55:00,49.659483264826775
2025-06-12 18:50:00,41.6
2025-06-12 01:57:00,42.9
2025-06-12 17:53:00,12.8
2025-06-12 16:11:00,67.1
2025-06-12 21:50:00,54.3
2025-06-12 18:26:00,30.8
2025-06-12 15:54:00,34.3
2025-06-12 17:23:00,37.8
2025-06-12 03:04:00,32.2
2025-06-12 13:06:00,25.3
2025-06-12 20:18:00,90.2
2025-06-12 03:18:00,64.2
2025-06-12 08:03:00,13.1
2025-06-12 19:30:00,49.659483264826775
2025-06-12 01:49:00,71.9
2025-06-12 08:25:00,95.4
2025-06-12 06:19:00,8.0
2025-06-12 17:01:00,49.659483264826775
2025-06-12 10:40:00,19.1
2025-06-12 13:48:00,1.5
2025-06-12 15:06:00,97.6
2025-06-12 08:52:00,99.6
2025-06-12 12:03:00,60.1
2025-06-12 18:57:00,15.4
2025-06-12 17:52:00,0.4
2025-06-12 16:05:00,83.2
2025-06-12 16:24:00,41.3
2025-06-12 16:04:00,49.659483264826775
2025-06-12 00:58:00,84.3
2025-06-12 13:31:00,60.4
2025-06-12 04:52:00,36.6
2025-06-12 18:00:00,51.1
2025-06-12 06:25:00,85.9
2025-06-12 17:52:00,49.659483264826775
2025-06-12 06:02:00,45.5
2025-06-12 05:55:00,14.7
2025-06-12 07:11:00,28.1
2025-06-12 16:43:00,35.3
2025-06-12 11:54:00,95.0
2025-06-12 14:27:00,94.2
2025-06-12 18:13:00,73.0
2025-06-12 10:10:00,38.8
2025-06-12 21:36:00,58.2
2025-06-12 13:07:00,39.2
2025-06-12 02:31:00,56.8
2025-06-12 19:45:00,42.6
2025-06-12 04:27:00,88.2
2025-06-12 16:10:00,55.5
2025-06-12 05:48:00,62.7
2025-06-12 14:39:00,49.659483264826775
2025-06-12 07:05:00,20.6
2025-06-12 21:31:00,49.659483264826775
2025-06-12 02:02:00,51.7
2025-06-12 19:55:00,49.6
2025-06-12 09:49:00,71.6
2025-06-12 03:37:00,47.3
2025-06-12 22:56:00,49.659483264826775
2025-06-12 15:29:00,24.9
2025-06-12 07:46:00,10.6
2025-06-12 18:15:00,18.1
2025-06-12 04:12:00,7.8
2025-06-12 21:12:00,53.6
2025-06-12 07:12:00,96.9
2025-06-12 05:32:00,57.1
2025-06-12 19:35:00,0.9
2025-06-12 05:50:00,49.659483264826775
2025-06-12 09:51:00,9.8
2025-06-12 10:19:00,64.7
2025-06-12 19:50:00,44.2
2025-06-12 16:54:00,54.4
2025-06-12 16:06:00,72.3
2025-06-12 14:49:00,45.2
2025-06-12 02:30:00,81.6
2025-06-12 12:11:00,84.1
2025-06-12 22:07:00,30.3
2025-06-12 08:32:00,72.3
2025-06-12 07:40:00,27.7
2025-06-12 21:04:00,28.0
2025-06-12 05:22:00,81.8
2025-06-12 18:56:00,49.659483264826775
2025-06-12 11:17:00,66.8
2025-06-12 23:41:00,41.2
2025-06-12 22:36:00,49.659483264826775
2025-06-12 17:10:00,49.659483264826775
2025-06-12 01:43:00,44.7
2025-06-12 02:26:00,16.8
2025-06-12 04:36:00,92.8
2025-06-12 14:18:00,1.8
2025-06-12 18:04:00,6.7
2025-06-12 02:24:00,47.5
2025-06-12 22:57:00,58.5
2025-06-12 07:27:00,49.659483264826775
2025-06-12 03:12:00,49.659483264826775
2025-06-12 20:53:00,62.5
2025-06-12 11:41:00,49.659483264826775
2025-06-12 08:28:00,44.9
2025-06-12 16:16:00,49.659483264826775
2025-06-12 07:51:00,33.0
2025-06-12 06:39:00,68.3
2025-06-12 00:24:00,4.5
2025-06-12 01:07:00,32.4
2025-06-12 14:11:00,69.1
2025-06-12 14:46:00,26.1
2025-06-12 18:11:00,44.7
2025-06-12 22:10:00,49.659483264826775
2025-06-12 19:28:00,25.0
2025-06-12 17:09:00,46.8
2025-06-12 03:22:00,55.8
2025-06-12 15:50:00,96.6
2025-06-12 02:58:00,73.8
2025-06-12 16:43:00,49.659483264826775
2025-06-12 08:27:00,96.7
2025-06-12 06:54:00,99.5
2025-06-12 03:52:00,96.1
2025-06-12 22:06:00,67.4
2025-06-12 16:02:00,49.659483264826775
2025-06-12 13:54:00,26.9
2025-06-12 05:27:00,42.8
2025-06-12 00:15:00,40.1
2025-06-12 15:37:00,38.9
2025-06-12 13:31:00,49.659483264826775
2025-06-12 15:07:00,46.1
2025-06-12 05:12:00,82.6
2025-06-12 15:08:00,21.0
2025-06-12 21:30:00,97.3
2025-06-12 11:25:00,76.5
2025-06-12 21:16:00,94.8
2025-06-12 14:40:00,22.4
2025-06-12 17:03:00,70.5
2025-06-12 02:32:00,85.0
2025-06-12 01:56:00,70.7
2025-06-12 04:23:00,25.4
2025-06-12 17:26:00,45.4
2025-06-12 02:38:00,88.8
2025-06-12 07:14:00,26.1
2025-06-12 06:59:00,49.659483264826775
2025-06-12 18:10:00,76.1
2025-06-12 14:25:00,48.2
2025-06-12 19:39:00,72.9
2025-06-12 04:23:00,88.8
2025-06-12 03:16:00,4.8
2025-06-12 14:12:00,62.0
2025-06-12 19:53:00,49.659483264826775
2025-06-12 09:41:00,80.0
2025-06-12 23:40:00,56.1
2025-06-12 14:02:00,54.2
2025-06-12 06:19:00,28.7
2025-06-12 13:02:00,85.3
2025-06-12 15:10:00,6.5
2025-06-12 01:16:00,4.1
2025-06-12 23:36:00,28.5
2025-06-12 21:56:00,39.0
2025-06-12 01:08:00,49.659483264826775
2025-06-12 18:06:00,9.4
2025-06-12 16:51:00,45.1
2025-06-12 05:42:00,31.7
2025-06-12 09:51:00,97.3
2025-06-12 16:15:00,69.8
2025-06-12 02:58:00,25.7
2025-06-12 03:32:00,20.8
2025-06-12 04:39:00,22.6
2025-06-12 05:33:00,40.5
2025-06-12 21:08:00,99.8
2025-06-12 15:46:00,55.9
2025-06-12 02:28:00,49.659483264826775
2025-06-12 05:34:00,73.5
2025-06-12 04:24:00,15.3
2025-06-12 10:20:00,21.4
2025-06-12 12:01:00,33.1
2025-06-12 02:40:00,49.659483264826775
2025-06-12 04:05:00,68.8
2025-06-12 06:36:00,94.1
2025-06-12 04:45:00,45.4
2025-06-12 02:54:00,19.0
2025-06-12 14:48:00,49.732274758880266
2025-06-12 08:48:00,32.3
2025-06-12 20:46:00,89.2
2025-06-12 01:49:00,17.6
2025-06-12 21:46:00,17.8
2025-06-12 06:52:00,81.2
2025-06-12 22:00:00,64.5
2025-06-12 21:32:00,87.5
2025-06-12 05:23:00,49.732274758880266
2025-06-12 12:36:00,19.8
2025-06-12 10:28:00,0.2
2025-06-12 15:18:00,40.5
2025-06-12 18:15:00,17.9
2025-06-12 19:20:00,49.2
2025-06-12 17:13:00,70.8
2025-06-12 04:16:00,14.2
2025-06-12 14:02:00,16.4
2025-06-12 20:50:00,49.732274758880266
2025-06-12 01:04:00,70.5
2025-06-12 13:05:00,62.5
2025-06-12 23:21:00,58.8
2025-06-12 11:26:00,38.1
2025-06-12 16:03:00,91.7
2025-06-12 01:39:00,12.1
2025-06-12 05:11:00,80.2
2025-06-12 07:58:00,42.8
2025-06-12 21:01:00,83.9
2025-06-12 06:22:00,16.6
2025-06-12 19:43:00,10.1
2025-06-12 07:37:00,8.9
2025-06-12 08:36:00,41.5
2025-06-12 16:41:00,49.732274758880266
2025-06-12 13:38:00,49.732274758880266
2025-06-12 18:06:00,49.732274758880266
2025-06-12 11:35:00,72.9
2025-06-12 18:56:00,63.2
2025-06-12 18:17:00,49.732274758880266
2025-06-12 01:03:00,81.7
2025-06-12 09:45:00,49.732274758880266
2025-06-12 01:46:00,42.7
2025-06-12 13:08:00,60.6
2025-06-12 11:12:00,88.5
2025-06-12 01:25:00,49.732274758880266
2025-06-12 12:46:00,55.1
2025-06-12 17:14:00,20.3
2025-06-12 02:30:00,58.4
2025-06-12 23:49:00,12.7
2025-06-12 04:26:00,23.4
2025-06-12 05:58:00,98.8
2025-06-12 21:35:00,73.5
2025-06-12 19:56:00,15.4
2025-06-12 10:14:00,49.732274758880266
2025-06-12 06:28:00,89.6
2025-06-12 13:50:00,49.732274758880266
2025-06-12 14:32:00,46.6
2025-06-12 06:02:00,60.9
2025-06-12 07:14:00,52.8
2025-06-12 07:38:00,95.4
2025-06-12 03:43:00,51.8
2025-06-12 21:18:00,1.1
2025-06-12 16:59:00,94.5
2025-06-12 21:36:00,49.2
2025-06-12 17:40:00,8.8
2025-06-12 14:01:00,14.6
2025-06-12 17:17:00,68.1
2025-06-12 23:03:00,49.732274758880266
2025-06-12 04:20:00,19.8
2025-06-12 05:15:00,92.9
2025-06-12 23:26:00,51.2
2025-06-12 17:24:00,89.8
2025-06-12 13:44:00,49.732274758880266
2025-06-12 16:50:00,99.5
2025-06-12 11:08:00,49.732274758880266
2025-06-12 10:36:00,18.6
2025-06-12 18:31:00,67.7
2025-06-12 10:48:00,49.732274758880266
2025-06-12 08:09:00,62.3
2025-06-12 14:43:00,18.2
2025-06-12 08:05:00,15.6
2025-06-12 04:33:00,51.8
2025-06-12 23:08:00,49.732274758880266
2025-06-12 09:59:00,38.9
2025-06-12 18:28:00,41.7
2025-06-12 05:54:00,44.7
2025-06-12 02:15:00,82.6
2025-06-12 21:58:00,59.9
2025-06-12 18:52:00,75.5
2025-06-12 07:01:00,16.2
2025-06-12 11:39:00,7.9
2025-06-12 19:41:00,85.0
2025-06-12 23:53:00,74.9
2025-06-12 11:53:00,90.4
2025-06-12 13:43:00,49.732274758880266
2025-06-12 15:47:00,6.3
2025-06-12 00:31:00,42.1
2025-06-12 17:40:00,49.732274758880266
2025-06-12 09:40:00,56.4
2025-06-12 21:53:00,70.1
2025-06-12 06:58:00,72.7
2025-06-12 23:10:00,88.8
2025-06-12 01:12:00,46.7
2025-06-12 07:28:00,62.9
2025-06-12 03:40:00,80.0
2025-06-12 18:02:00,49.732274758880266
2025-06-12 13:42:00,52.0
2025-06-12 00:18:00,68.4
2025-06-12 06:58:00,84.9
2025-06-12 18:34:00,32.5
2025-06-12 05:26:00,80.2
2025-06-12 10:28:00,43.8
2025-06-12 11:16:00,48.4
2025-06-12 21:26:00,80.0
2025-06-12 02:08:00,66.3
2025-06-12 00:52:00,48.0
2025-06-12 15:50:00,19.9
2025-06-12 08:34:00,61.7
2025-06-12 17:44:00,82.9
2025-06-12 10:26:00,8.2
2025-06-12 11:18:00,64.1
2025-06-12 09:21:00,66.7
2025-06-12 08:02:00,43.4
2025-06-12 00:25:00,25.2
2025-06-12 02:02:00,49.732274758880266
2025-06-12 16:22:00,17.0
2025-06-12 06:44:00,7.7
2025-06-12 19:09:00,76.6
2025-06-12 13:19:00,49.732274758880266
2025-06-12 10:49:00,48.5
2025-06-12 20:14:00,30.5
2025-06-12 03:00:00,43.1
2025-06-12 05:24:00,63.5
2025-06-12 18:41:00,76.4
2025-06-12 07:20:00,50.8
2025-06-12 04:07:00,31.1
2025-06-12 02:07:00,63.4
2025-06-12 08:21:00,37.4
2025-06-12 13:29:00,76.8
2025-06-12 14:46:00,66.6
2025-06-12 22:18:00,48.2
2025-06-12 18:05:00,96.6
2025-06-12 03:32:00,49.732274758880266
2025-06-12 11:32:00,46.0
2025-06-12 18:25:00,60.2
2025-06-12 20:10:00,55.9
2025-06-12 04:36:00,6.6
2025-06-12 19:09:00,24.8
2025-06-12 02:54:00,49.732274758880266
2025-06-12 16:21:00,11.9
2025-06-12 19:29:00,42.8
2025-06-12 08:05:00,42.0
2025-06-12 10:17:00,48.0
2025-06-12 12:48:00,71.6
2025-06-12 03:33:00,11.5
2025-06-12 20:53:00,49.732274758880266
2025-06-12 18:26:00,7.5
2025-06-12 23:00:00,93.5
2025-06-12 11:57:00,7.1
2025-06-12 20:48:00,37.1
2025-06-12 15:42:00,54.5
2025-06-12 03:34:00,21.0
2025-06-12 19:04:00,54.5
2025-06-12 15:14:00,31.4
2025-06-12 14:30:00,94.2
2025-06-12 17:35:00,93.5
2025-06-12 00:25:00,49.732274758880266
2025-06-12 22:18:00,75.1
2025-06-12 01:08:00,15.2
2025-06-12 15:42:00,63.0
2025-06-12 04:25:00,49.732274758880266
2025-06-12 10:21:00,30.3
2025-06-12 02:55:00,49.732274758880266
2025-06-12 04:29:00,86.2
2025-06-12 03:58:00,12.6
2025-06-12 00:27:00,89.4
2025-06-12 16:49:00,90.0
2025-06-12 07:08:00,42.8
2025-06-12 05:46:00,49.732274758880266
2025-06-12 18:20:00,59.3
2025-06-12 01:16:00,49.732274758880266
2025-06-12 16:22:00,47.9
2025-06-12 13:21:00,25.5
2025-06-12 02:16:00,80.6
2025-06-12 16:14:00,44.3
2025-06-12 06:28:00,7.8
2025-06-12 15:03:00,42.7
2025-06-12 15:26:00,63.1
2025-06-12 11:39:00,30.0
2025-06-12 20:17:00,49.732274758880266
2025-06-12 08:52:00,76.5
2025-06-12 12:12:00,76.1
2025-06-12 12:48:00,65.9
2025-06-12 07:54:00,39.8
2025-06-12 10:59:00,63.6
2025-06-12 20:24:00,97.9
2025-06-12 22:19:00,37.9
2025-06-12 18:32:00,57.6
2025-06-12 12:56:00,33.8
2025-06-12 17:07:00,49.732274758880266
2025-06-12 21:22:00,3.3
2025-06-12 03:54:00,76.1
2025-06-12 17:42:00,58.6
2025-06-12 18:54:00,30.1
2025-06-12 01:20:00,39.2
2025-06-12 22:21:00,10.4
2025-06-12 10:49:00,70.5
2025-06-12 21:24:00,15.1
2025-06-12 06:32:00,79.1
2025-06-12 23:58:00,77.5
2025-06-12 00:36:00,49.732274758880266
2025-06-12 06:45:00,43.7
2025-06-12 14:20:00,0.3
2025-06-12 15:32:00,40.1
2025-06-12 11:58:00,49.732274758880266
2025-06-12 10:24:00,49.732274758880266
2025-06-12 13:15:00,76.8
2025-06-12 04:23:00,10.5
2025-06-12 23:29:00,60.8
2025-06-12 22:23:00,7.5
2025-06-12 12:53:00,34.9
2025-06-12 21:00:00,81.9
2025-06-12 19:07:00,12.5
2025-06-12 22:14:00,15.8
2025-06-12 20:27:00,51.2
2025-06-12 16:49:00,42.9
2025-06-12 10:29:00,45.2
2025-06-12 15:58:00,52.6
2025-06-12 17:56:00,49.732274758880266
2025-06-12 21:18:00,24.2
2025-06-12 04:49:00,58.9
2025-06-12 06:54:00,94.1
2025-06-12 21:27:00,79.8
2025-06-12 09:28:00,31.2
2025-06-12 20:14:00,68.2
2025-06-12 08:19:00,57.5
2025-06-12 06:30:00,49.732274758880266
2025-06-12 18:46:00,49.732274758880266
2025-06-12 06:05:00,49.732274758880266
2025-06-12 10:31:00,49.732274758880266
2025-06-12 18:19:00,52.0
2025-06-12 23:19:00,47.5
2025-06-12 10:45:00,49.732274758880266
2025-06-12 12:31:00,49.732274758880266
2025-06-12 13:06:00,4.6
2025-06-12 08:54:00,76.1
2025-06-12 10:02:00,33.2
2025-06-12 08:38:00,49.4
2025-06-12 08:45:00,97.3
2025-06-12 07:37:00,70.9
2025-06-12 16:35:00,15.6
2025-06-12 22:14:00,5.9
2025-06-12 00:36:00,96.3
2025-06-12 00:21:00,90.3
2025-06-12 12:11:00,36.8
2025-06-12 06:35:00,30.3
2025-06-12 21:37:00,83.7
2025-06-12 21:52:00,32.5
2025-06-12 05:14:00,71.1
2025-06-12 04:35:00,67.1
2025-06-12 09:51:00,87.9
2025-06-12 18:48:00,5.4
2025-06-12 11:17:00,74.2
2025-06-12 16:28:00,89.4
2025-06-12 21:45:00,31.5
2025-06-12 23:58:00,37.5
2025-06-12 17:31:00,97.5
2025-06-12 15:46:00,64.7
2025-06-12 09:51:00,70.5
2025-06-12 15:08:00,43.0
2025-06-12 12:36:00,28.4
2025-06-12 21:26:00,23.0
2025-06-12 15:28:00,42.7
2025-06-12 16:40:00,49.732274758880266
2025-06-12 10:44:00,22.6
2025-06-12 21:10:00,12.2
2025-06-12 06:58:00,52.3
2025-06-12 05:24:00,32.0
2025-06-12 08:18:00,49.6
2025-06-12 07:22:00,29.2
2025-06-12 16:09:00,78.6
2025-06-12 08:45:00,10.6
2025-06-12 21:13:00,69.1
2025-06-12 13:16:00,42.7
2025-06-12 16:07:00,1.4
2025-06-12 22:13:00,99.2
2025-06-12 19:36:00,34.0
2025-06-12 02:39:00,56.3
2025-06-12 22:00:00,57.4
2025-06-12 02:52:00,56.1
2025-06-12 17:07:00,42.0
2025-06-12 00:37:00,73.4
2025-06-12 03:33:00,13.5
2025-06-12 19:40:00,49.732274758880266
2025-06-12 15:35:00,85.5
2025-06-12 15:29:00,49.732274758880266
2025-06-12 11:40:00,49.732274758880266
2025-06-12 02:23:00,2.9
2025-06-12 04:05:00,97.7
2025-06-12 21:34:00,49.732274758880266
2025-06-12 17:57:00,49.732274758880266
2025-06-12 15:10:00,34.7
2025-06-12 08:29:00,58.2
2025-06-12 06:28:00,49.732274758880266
2025-06-12 17:23:00,71.7
2025-06-12 03:15:00,98.6
2025-06-12 11:45:00,16.1
2025-06-12 13:32:00,82.6
2025-06-12 18:20:00,11.4
2025-06-12 22:07:00,43.0
2025-06-12 02:06:00,8.9
2025-06-12 15:31:00,88.5
2025-06-12 03:04:00,81.7
2025-06-12 23:03:00,21.6
2025-06-12 14:01:00,53.6
2025-06-12 08:26:00,68.8
2025-06-12 08:12:00,58.8
2025-06-12 02:45:00,55.5
2025-06-12 19:45:00,28.0
2025-06-12 02:53:00,49.732274758880266
2025-06-12 02:35:00,12.6
2025-06-12 19:22:00,2.9
2025-06-12 20:03:00,6.6
2025-06-12 19:31:00,49.38053801169591
2025-06-12 08:09:00,72.3
2025-06-12 07:43:00,49.38053801169591
2025-06-12 11:24:00,4.0
2025-06-12 12:11:00,49.38053801169591
2025-06-12 13:07:00,32.7
2025-06-12 01:01:00,88.7
2025-06-12 22:13:00,10.3
2025-06-12 11:22:00,73.3
2025-06-12 19:52:00,24.8
2025-06-12 15:58:00,81.5
2025-06-12 16:44:00,70.8
2025-06-12 21:48:00,99.5
2025-06-12 11:58:00,19.6
2025-06-12 15:44:00,17.3
2025-06-12 01:09:00,87.9
2025-06-12 10:42:00,70.9
2025-06-12 02:11:00,5.4
2025-06-12 09:34:00,82.0
2025-06-12 02:52:00,1.3
2025-06-12 09:28:00,52.3
2025-06-12 15:01:00,82.6
2025-06-12 21:52:00,64.7
2025-06-12 09:45:00,64.0
2025-06-12 15:06:00,49.38053801169591
2025-06-12 23:32:00,17.5
2025-06-12 02:31:00,58.7
2025-06-12 23:43:00,96.8
2025-06-12 02:06:00,14.2
2025-06-12 19:21:00,45.4
2025-06-12 20:23:00,33.7
2025-06-12 17:21:00,49.38053801169591
2025-06-12 05:55:00,32.7
2025-06-12 01:09:00,86.7
2025-06-12 20:25:00,33.2
2025-06-12 12:43:00,14.4
2025-06-12 05:29:00,17.4
2025-06-12 18:21:00,36.2
2025-06-12 16:17:00,24.5
2025-06-12 17:37:00,41.8
2025-06-12 19:25:00,84.4
2025-06-12 22:18:00,54.8
2025-06-12 21:11:00,42.4
2025-06-12 05:48:00,67.2
2025-06-12 10:27:00,15.3
2025-06-12 04:27:00,84.6
2025-06-12 07:19:00,96.1
2025-06-12 02:57:00,73.3
2025-06-12 23:36:00,36.9
2025-06-12 17:57:00,15.8
2025-06-12 05:59:00,71.0
2025-06-12 20:55:00,95.4
2025-06-12 08:12:00,85.4
2025-06-12 19:33:00,50.9
2025-06-12 04:28:00,55.7
2025-06-12 14:48:00,97.4
2025-06-12 13:23:00,50.2
2025-06-12 11:11:00,63.5
2025-06-12 23:37:00,56.1
2025-06-12 01:32:00,8.8
2025-06-12 03:05:00,69.9
2025-06-12 03:56:00,14.0
2025-06-12 23:38:00,49.38053801169591
2025-06-12 12:34:00,9.4
2025-06-12 16:30:00,86.8
2025-06-12 16:57:00,49.38053801169591
2025-06-12 15:15:00,76.4
2025-06-12 12:22:00,14.5
2025-06-12 18:57:00,45.8
2025-06-12 23:36:00,19.4
2025-06-12 12:40:00,49.38053801169591
2025-06-12 20:42:00,29.8
2025-06-12 11:22:00,84.0
2025-06-12 19:03:00,44.2
2025-06-12 13:12:00,14.2
2025-06-12 18:09:00,49.5
2025-06-12 08:00:00,33.3
2025-06-12 05:54:00,78.1
2025-06-12 19:17:00,36.6
2025-06-12 08:44:00,29.1
2025-06-12 06:06:00,6.9
2025-06-12 03:48:00,92.9
2025-06-12 20:45:00,83.9
2025-06-12 21:47:00,71.2
2025-06-12 10:50:00,49.38053801169591
2025-06-12 23:07:00,22.5
2025-06-12 20:16:00,75.9
2025-06-12 21:54:00,49.38053801169591
2025-06-12 16:44:00,41.6
2025-06-12 11:57:00,75.0
2025-06-12 02:40:00,49.38053801169591
2025-06-12 19:08:00,20.3
2025-06-12 02:54:00,9.7
2025-06-12 06:00:00,89.1
2025-06-12 14:41:00,25.4
2025-06-12 21:15:00,45.0
2025-06-12 19:37:00,15.4
2025-06-12 17:28:00,49.38053801169591
2025-06-12 15:11:00,46.3
2025-06-12 13:35:00,8.6
2025-06-12 17:17:00,82.4
2025-06-12 18:53:00,4.4
2025-06-12 10:46:00,44.2
2025-06-12 20:50:00,49.38053801169591
2025-06-12 22:12:00,74.2
2025-06-12 17:35:00,47.1
2025-06-12 07:01:00,49.38053801169591
2025-06-12 07:11:00,63.2
2025-06-12 17:31:00,52.8
2025-06-12 06:51:00,49.38053801169591
2025-06-12 21:46:00,49.38053801169591
2025-06-12 20:44:00,49.38053801169591
2025-06-12 01:28:00,49.38053801169591
2025-06-12 18:16:00,33.3
2025-06-12 00:15:00,49.38053801169591
2025-06-12 13:12:00,68.1
2025-06-12 13:39:00,86.1
2025-06-12 17:46:00,52.3
2025-06-12 16:43:00,98.0
2025-06-12 12:54:00,49.38053801169591
2025-06-12 05:58:00,79.2
2025-06-12 09:52:00,49.38053801169591
2025-06-12 12:32:00,25.8
2025-06-12 14:08:00,49.2
2025-06-12 04:00:00,49.38053801169591
2025-06-12 14:21:00,49.38053801169591
2025-06-12 11:45:00,49.38053801169591
2025-06-12 08:51:00,75.0
2025-06-12 08:06:00,73.7
2025-06-12 22:27:00,80.7
2025-06-12 00:29:00,67.4
2025-06-12 19:36:00,88.7
2025-06-12 16:45:00,42.5
2025-06-12 14:17:00,59.6
2025-06-12 22:55:00,69.3
2025-06-12 14:51:00,50.0
2025-06-12 16:17:00,54.7
2025-06-12 11:46:00,49.38053801169591
2025-06-12 01:10:00,49.1
2025-06-12 08:54:00,17.5
2025-06-12 07:06:00,97.2
2025-06-12 06:33:00,3.0
2025-06-12 16:24:00,52.2
2025-06-12 14:25:00,87.9
2025-06-12 14:24:00,76.2
2025-06-12 10:27:00,68.6
2025-06-12 23:29:00,57.7
2025-06-12 16:31:00,82.3
2025-06-12 08:45:00,49.38053801169591
2025-06-12 22:39:00,74.3
2025-06-12 05:04:00,4.6
2025-06-12 15:57:00,13.3
2025-06-12 14:26:00,30.7
2025-06-12 14:23:00,17.3
2025-06-12 23:41:00,29.3
2025-06-12 14:19:00,49.38053801169591
2025-06-12 23:12:00,84.4
2025-06-12 05:08:00,87.9
2025-06-12 16:26:00,21.0
2025-06-12 08:29:00,23.9
2025-06-12 05:23:00,29.0
2025-06-12 02:36:00,49.38053801169591
2025-06-12 17:32:00,26.2
2025-06-12 14:11:00,92.0
2025-06-12 09:55:00,96.5
2025-06-12 11:00:00,37.5
2025-06-12 10:32:00,60.7
2025-06-12 16:51:00,96.6
2025-06-12 08:22:00,2.2
2025-06-12 10:18:00,37.7
2025-06-12 13:30:00,14.5
2025-06-12 11:00:00,79.6
2025-06-12 13:02:00,32.2
2025-06-12 21:32:00,77.8
2025-06-12 01:31:00,47.5
2025-06-12 07:49:00,18.2
2025-06-12 10:09:00,94.2
2025-06-12 15:28:00,53.5
2025-06-12 05:15:00,93.9
2025-06-12 02:02:00,7.2
2025-06-12 16:34:00,37.7
2025-06-12 18:06:00,42.9
2025-06-12 12:23:00,53.4
2025-06-12 06:40:00,61.9
2025-06-12 01:05:00,46.7
2025-06-12 22:35:00,40.7
2025-06-12 12:27:00,59.5
2025-06-12 08:28:00,13.1
2025-06-12 21:54:00,28.2
2025-06-12 20:57:00,59.5
2025-06-12 10:08:00,46.6
2025-06-12 18:22:00,84.5
2025-06-12 13:52:00,48.8
2025-06-12 00:16:00,39.5
2025-06-12 05:18:00,4.5
2025-06-12 20:21:00,16.6
2025-06-12 19:15:00,49.38053801169591
2025-06-12 09:49:00,32.2
2025-06-12 07:31:00,90.5
2025-06-12 15:34:00,27.7
2025-06-12 17:52:00,77.0
2025-06-12 19:24:00,1.7
2025-06-12 19:47:00,58.1
2025-06-12 15:21:00,47.2
2025-06-12 04:39:00,60.9
2025-06-12 21:15:00,68.7
2025-06-12 03:06:00,23.8
2025-06-12 23:54:00,0.6
2025-06-12 20:28:00,24.1
2025-06-12 19:17:00,49.38053801169591
2025-06-12 00:28:00,40.3
2025-06-12 21:14:00,67.6
2025-06-12 05:56:00,49.38053801169591
2025-06-12 09:57:00,27.1
2025-06-12 03:48:00,4.4
2025-06-12 22:01:00,90.9
2025-06-12 18:27:00,0.4
2025-06-12 14:07:00,18.3
2025-06-12 19:58:00,49.38053801169591
2025-06-12 08:02:00,69.4
2025-06-12 03:57:00,77.7
2025-06-12 22:36:00,86.3
2025-06-12 20:09:00,25.0
2025-06-12 12:21:00,62.9
2025-06-12 06:03:00,8.0
2025-06-12 20:47:00,27.2
2025-06-12 07:42:00,88.4
2025-06-12 04:26:00,11.9
2025-06-12 09:46:00,90.5
2025-06-12 11:19:00,94.0
2025-06-12 05:06:00,21.3
2025-06-12 01:54:00,64.4
2025-06-12 18:11:00,83.8
2025-06-12 03:51:00,68.3
2025-06-12 21:12:00,76.8
2025-06-12 07:03:00,22.4
2025-06-12 10:49:00,1.4
2025-06-12 00:06:00,4.3
2025-06-12 02:49:00,39.6
2025-06-12 23:27:00,0.9
2025-06-12 14:41:00,75.3
2025-06-12 12:01:00,27.9
2025-06-12 03:56:00,55.5
2025-06-12 02:31:00,40.3
2025-06-12 10:36:00,42.4
2025-06-12 02:52:00,56.9
2025-06-12 11:16:00,49.38053801169591
2025-06-12 19:11:00,79.9
2025-06-12 16:33:00,49.38053801169591
2025-06-12 18:17:00,56.7
2025-06-12 16:29:00,49.38053801169591
2025-06-12 01:27:00,42.0
2025-06-12 17:08:00,23.7
2025-06-12 09:59:00,78.1
2025-06-12 13:11:00,67.3
2025-06-12 14:27:00,50.7
2025-06-12 04:42:00,9.3
2025-06-12 18:01:00,52.6
2025-06-12 08:52:00,43.6
2025-06-12 07:42:00,47.9
2025-06-12 03:00:00,37.5
2025-06-12 11:17:00,29.3
2025-06-12 15:12:00,30.4
2025-06-12 10:30:00,62.5
2025-06-12 02:49:00,55.5
2025-06-12 20:29:00,87.9
2025-06-12 05:30:00,87.8
2025-06-12 18:00:00,94.5
2025-06-12 15:12:00,28.7
2025-06-12 01:18:00,59.3
2025-06-12 08:16:00,22.1
2025-06-12 02:52:00,0.2
2025-06-12 09:53:00,49.38053801169591
2025-06-12 23:48:00,98.7
2025-06-12 03:57:00,73.8
2025-06-12 19:20:00,49.38053801169591
2025-06-12 01:43:00,44.7
2025-06-12 03:24:00,66.0
2025-06-12 07:05:00,22.7
2025-06-12 02:43:00,17.5
2025-06-12 12:44:00,49.38053801169591
2025-06-12 22:20:00,71.5
2025-06-12 07:32:00,50.4
2025-06-12 20:45:00,49.38053801169591
2025-06-12 19:24:00,85.0
2025-06-12 04:31:00,80.3
2025-06-12 08:20:00,88.9
2025-06-12 07:12:00,51.0
2025-06-12 04:20:00,39.6
2025-06-12 17:45:00,49.38053801169591
2025-06-12 05:35:00,11.3
2025-06-12 00:51:00,86.0
2025-06-12 21:06:00,33.0
2025-06-12 05:12:00,63.0
2025-06-12 07:17:00,7.2
2025-06-12 15:47:00,6.8
2025-06-12 11:59:00,39.7
2025-06-12 05:31:00,1.7
2025-06-12 11:13:00,55.8
2025-06-12 16:42:00,49.38053801169591
2025-06-12 19:01:00,22.3
2025-06-12 03:41:00,32.0
2025-06-12 14:01:00,85.0
2025-06-12 14:52:00,39.4
2025-06-12 14:13:00,49.38053801169591
2025-06-12 01:49:00,49.38053801169591
2025-06-12 12:02:00,81.6
2025-06-12 16:52:00,79.6
2025-06-12 04:06:00,98.0
2025-06-12 19:59:00,7.6
2025-06-12 22:59:00,49.38053801169591
2025-06-12 03:40:00,49.38053801169591
2025-06-12 09:09:00,17.0
2025-06-12 05:52:00,31.4
2025-06-12 00:11:00,99.0
2025-06-12 20:55:00,39.2
2025-06-12 00:25:00,92.0
2025-06-12 19:15:00,4.3
2025-06-12 14:54:00,85.4
2025-06-12 18:45:00,52.2
2025-06-12 12:33:00,41.1
2025-06-12 17:55:00,26.4
2025-06-12 15:50:00,2.0
2025-06-12 01:56:00,63.5
2025-06-12 18:44:00,19.3
2025-06-12 23:24:00,28.3
2025-06-12 19:09:00,44.4
2025-06-12 17:57:00,88.1
2025-06-12 16:12:00,49.38053801169591
2025-06-12 15:16:00,46.6
2025-06-12 05:11:00,44.4
2025-06-12 01:03:00,0.9
2025-06-12 23:30:00,44.6
2025-06-12 05:50:00,0.7
2025-06-12 20:57:00,66.1
2025-06-12 13:06:00,17.6
2025-06-12 18:07:00,83.8
2025-06-12 10:51:00,80.2
2025-06-12 13:52:00,31.7
2025-06-12 07:00:00,78.2
2025-06-12 07:58:00,24.6
2025-06-12 12:31:00,73.4
2025-06-12 08:36:00,25.3
2025-06-12 08:06:00,70.0
2025-06-12 22:35:00,49.38053801169591
2025-06-12 08:33:00,70.7
2025-06-12 06:51:00,52.2
2025-06-12 23:39:00,50.4
2025-06-12 12:21:00,63.8
2025-06-12 01:37:00,7.3
2025-06-12 00:26:00,84.9
2025-06-12 09:52:00,78.5
2025-06-12 17:47:00,61.1
2025-06-12 07:31:00,20.0
2025-06-12 11:45:00,57.0
2025-06-12 07:42:00,95.9
2025-06-12 20:53:00,57.5
2025-06-12 22:03:00,26.6
2025-06-12 05:48:00,0.8
2025-06-12 05:46:00,65.3
2025-06-12 11:03:00,92.4
2025-06-12 05:04:00,49.594186729301235
2025-06-12 07:59:00,26.3
2025-06-12 19:51:00,49.594186729301235
2025-06-12 00:54:00,99.5
2025-06-12 17:48:00,56.9
2025-06-12 21:11:00,38.5
2025-06-12 09:42:00,59.9
2025-06-12 16:14:00,14.1
2025-06-12 02:21:00,14.9
2025-06-12 19:41:00,77.3
2025-06-12 08:08:00,66.0
2025-06-12 13:29:00,49.594186729301235
2025-06-12 03:44:00,40.5
2025-06-12 02:40:00,79.6
2025-06-12 01:41:00,25.0
2025-06-12 11:59:00,43.8
2025-06-12 03:26:00,61.6
2025-06-12 06:37:00,48.5
2025-06-12 22:10:00,44.7
2025-06-12 07:50:00,39.3
2025-06-12 23:24:00,24.5
2025-06-12 23:04:00,32.1
2025-06-12 16:16:00,17.3
2025-06-12 04:13:00,56.7
2025-06-12 08:00:00,49.594186729301235
2025-06-12 11:17:00,86.9
2025-06-12 13:05:00,49.594186729301235
2025-06-12 19:05:00,14.4
2025-06-12 13:21:00,60.9
2025-06-12 14:51:00,15.4
2025-06-12 17:35:00,64.6
2025-06-12 13:24:00,85.7
2025-06-12 10:44:00,61.6
2025-06-12 22:11:00,76.2
2025-06-12 21:15:00,12.9
2025-06-12 10:52:00,69.3
2025-06-12 04:59:00,49.594186729301235
2025-06-12 10:35:00,52.4
2025-06-12 07:45:00,72.2
2025-06-12 19:04:00,54.4
2025-06-12 04:59:00,5.8
2025-06-12 07:01:00,54.7
2025-06-12 23:36:00,70.8
2025-06-12 17:38:00,49.594186729301235
2025-06-12 10:26:00,49.594186729301235
2025-06-12 05:32:00,49.594186729301235
2025-06-12 09:27:00,93.0
2025-06-12 10:39:00,66.9
2025-06-12 16:55:00,28.3
2025-06-12 17:27:00,63.4
2025-06-12 14:46:00,0.9
2025-06-12 14:43:00,60.4
2025-06-12 15:15:00,13.2
2025-06-12 20:00:00,66.4
2025-06-12 10:50:00,71.5
2025-06-12 10:47:00,87.6
2025-06-12 02:13:00,44.5
2025-06-12 01:28:00,64.9
2025-06-12 23:31:00,1.7
2025-06-12 16:01:00,26.7
2025-06-12 03:13:00,28.4
2025-06-12 01:52:00,49.594186729301235
2025-06-12 02:56:00,1.6
2025-06-12 13:51:00,86.3
2025-06-12 23:33:00,9.4
2025-06-12 19:41:00,87.5
2025-06-12 16:58:00,14.2
2025-06-12 15:54:00,92.4
2025-06-12 11:38:00,11.7
2025-06-12 09:58:00,49.594186729301235
2025-06-12 21:28:00,32.4
2025-06-12 22:05:00,49.594186729301235
2025-06-12 03:42:00,49.594186729301235
2025-06-12 17:46:00,43.5
2025-06-12 12:07:00,67.8
2025-06-12 14:08:00,49.594186729301235
2025-06-12 08:52:00,50.9
2025-06-12 06:59:00,0.8
2025-06-12 21:27:00,5.2
2025-06-12 09:45:00,49.594186729301235
2025-06-12 08:03:00,49.594186729301235
2025-06-12 17:33:00,49.594186729301235
2025-06-12 02:11:00,64.3
2025-06-12 23:09:00,96.1
2025-06-12 02:18:00,0.5
2025-06-12 16:24:00,62.2
2025-06-12 00:10:00,41.4
2025-06-12 06:54:00,1.5
2025-06-12 05:22:00,49.594186729301235
2025-06-12 23:52:00,90.8
2025-06-12 00:16:00,72.5
2025-06-12 02:58:00,81.1
2025-06-12 05:19:00,56.4
2025-06-12 11:54:00,50.5
2025-06-12 08:18:00,80.6
2025-06-12 22:29:00,74.3
2025-06-12 01:57:00,83.1
2025-06-12 09:05:00,49.594186729301235
2025-06-12 09:49:00,48.7
2025-06-12 10:59:00,49.4
2025-06-12 00:11:00,23.2
2025-06-12 13:30:00,32.1
2025-06-12 12:01:00,99.6
2025-06-12 22:54:00,78.3
2025-06-12 02:37:00,2.7
2025-06-12 06:02:00,7.0
2025-06-12 22:38:00,27.8
2025-06-12 03:14:00,82.4
2025-06-12 22:37:00,49.594186729301235
2025-06-12 10:14:00,21.3
2025-06-12 14:39:00,91.9
2025-06-12 09:43:00,36.8
2025-06-12 07:36:00,26.7
2025-06-12 16:39:00,60.6
2025-06-12 04:30:00,55.9
2025-06-12 10:22:00,10.7
2025-06-12 05:22:00,81.0
2025-06-12 15:29:00,50.3
2025-06-12 21:17:00,79.0
2025-06-12 07:23:00,20.0
2025-06-12 02:52:00,71.6
2025-06-12 11:02:00,49.594186729301235
2025-06-12 18:24:00,86.3
2025-06-12 00:21:00,39.1
2025-06-12 19:46:00,54.8
2025-06-12 07:09:00,18.4
2025-06-12 04:45:00,95.4
2025-06-12 10:55:00,42.3
2025-06-12 03:27:00,17.6
2025-06-12 06:01:00,12.8
2025-06-12 13:02:00,49.594186729301235
2025-06-12 21:34:00,5.3
2025-06-12 13:18:00,88.5
2025-06-12 00:08:00,72.2
2025-06-12 14:30:00,49.594186729301235
2025-06-12 02:02:00,18.3
2025-06-12 00:33:00,43.6
2025-06-12 00:23:00,1.4
2025-06-12 12:14:00,54.3
2025-06-12 11:55:00,65.9
2025-06-12 19:56:00,18.0
2025-06-12 13:28:00,49.594186729301235
2025-06-12 00:43:00,63.9
2025-06-12 15:06:00,35.9
2025-06-12 03:57:00,38.2
2025-06-12 02:43:00,7.7
2025-06-12 08:54:00,77.0
2025-06-12 10:51:00,49.594186729301235
2025-06-12 11:38:00,38.8
2025-06-12 21:23:00,90.4
2025-06-12 02:03:00,55.0
2025-06-12 02:02:00,3.9
2025-06-12 04:58:00,49.594186729301235
2025-06-12 17:00:00,8.2
2025-06-12 20:26:00,70.9
2025-06-12 19:49:00,57.5
2025-06-12 14:50:00,8.6
2025-06-12 22:29:00,53.8
2025-06-12 14:56:00,24.7
2025-06-12 18:35:00,24.3
2025-06-12 01:04:00,66.4
2025-06-12 00:08:00,69.2
2025-06-12 02:08:00,62.9
2025-06-12 19:51:00,56.7
2025-06-12 21:42:00,93.1
2025-06-12 10:45:00,87.6
2025-06-12 05:55:00,23.6
2025-06-12 13:03:00,68.8
2025-06-12 16:08:00,66.3
2025-06-12 04:04:00,63.8
2025-06-12 00:37:00,66.7
2025-06-12 09:45:00,49.594186729301235
2025-06-12 02:29:00,88.5
2025-06-12 08:47:00,49.594186729301235
2025-06-12 14:25:00,40.4
2025-06-12 20:06:00,76.4
2025-06-12 04:52:00,52.5
2025-06-12 17:30:00,82.1
2025-06-12 23:24:00,87.0
2025-06-12 16:56:00,31.6
2025-06-12 20:29:00,33.5
2025-06-12 00:51:00,90.9
2025-06-12 06:53:00,51.1
2025-06-12 06:48:00,64.4
2025-06-12 15:01:00,25.8
2025-06-12 08:32:00,20.2
2025-06-12 13:14:00,37.8
2025-06-12 19:34:00,4.4
2025-06-12 20:57:00,12.6
2025-06-12 04:39:00,49.594186729301235
2025-06-12 23:12:00,6.1
2025-06-12 01:54:00,98.1
2025-06-12 23:14:00,6.6
2025-06-12 17:18:00,49.594186729301235
2025-06-12 19:07:00,34.4
2025-06-12 20:32:00,76.6
2025-06-12 07:10:00,81.5
2025-06-12 09:35:00,63.2
2025-06-12 00:16:00,75.6
2025-06-12 01:49:00,31.2
2025-06-12 21:26:00,49.594186729301235
2025-06-12 11:36:00,15.2
2025-06-12 11:31:00,91.9
2025-06-12 20:36:00,1.4
2025-06-12 14:49:00,66.3
2025-06-12 16:48:00,78.8
2025-06-12 18:08:00,87.7
2025-06-12 02:17:00,49.594186729301235
2025-06-12 14:46:00,15.1
2025-06-12 06:17:00,54.3
2025-06-12 15:30:00,87.8
2025-06-12 01:20:00,79.4
2025-06-12 21:44:00,55.6
2025-06-12 02:15:00,99.9
2025-06-12 02:30:00,28.9
2025-06-12 11:40:00,53.7
2025-06-12 22:40:00,26.7
2025-06-12 14:31:00,58.0
2025-06-12 04:10:00,86.6
2025-06-12 14:42:00,49.594186729301235
2025-06-12 02:39:00,46.5
2025-06-12 22:03:00,49.594186729301235
2025-06-12 16:07:00,35.7
2025-06-12 16:22:00,83.3
2025-06-12 19:46:00,9.7
2025-06-12 20:38:00,49.594186729301235
2025-06-12 11:58:00,49.594186729301235
2025-06-12 17:15:00,44.1
2025-06-12 16:30:00,0.2
2025-06-12 11:00:00,55.4
2025-06-12 20:07:00,50.3
2025-06-12 17:23:00,22.8
2025-06-12 07:09:00,43.2
2025-06-12 22:50:00,17.6
2025-06-12 06:10:00,87.4
2025-06-12 18:08:00,87.3
2025-06-12 12:50:00,43.0
2025-06-12 12:20:00,92.1
2025-06-12 14:35:00,40.4
2025-06-12 17:46:00,53.6
2025-06-12 16:55:00,18.3
2025-06-12 17:05:00,96.6
2025-06-12 05:15:00,27.5
2025-06-12 11:05:00,16.8
2025-06-12 21:05:00,24.0
2025-06-12 12:18:00,20.5
2025-06-12 06:19:00,33.9
2025-06-12 18:43:00,94.6
2025-06-12 14:21:00,8.7
2025-06-12 08:09:00,27.7
2025-06-12 07:48:00,96.6
2025-06-12 21:38:00,49.594186729301235
2025-06-12 20:36:00,49.594186729301235
2025-06-12 10:18:00,44.1
2025-06-12 00:42:00,91.3
2025-06-12 05:02:00,77.5
2025-06-12 12:51:00,99.1
2025-06-12 13:52:00,49.594186729301235
2025-06-12 18:56:00,8.0
2025-06-12 12:00:00,0.4
2025-06-12 00:46:00,69.2
2025-06-12 00:03:00,49.3
2025-06-12 00:31:00,17.2
2025-06-12 09:30:00,74.5
2025-06-12 14:31:00,32.5
2025-06-12 02:26:00,20.7
2025-06-12 20:42:00,98.4
2025-06-12 15:06:00,64.1
2025-06-12 12:43:00,49.594186729301235
2025-06-12 19:48:00,21.4
2025-06-12 01:31:00,46.3
2025-06-12 03:38:00,94.3
2025-06-12 04:10:00,49.594186729301235
2025-06-12 14:51:00,7.9
2025-06-12 01:19:00,83.3
2025-06-12 02:08:00,56.5
2025-06-12 17:52:00,98.1
2025-06-12 00:41:00,14.6
2025-06-12 02:13:00,7.9
2025-06-12 02:31:00,49.594186729301235
2025-06-12 08:46:00,41.8
2025-06-12 19:35:00,83.3
2025-06-12 17:41:00,2.4
2025-06-12 05:40:00,67.3
2025-06-12 13:12:00,49.594186729301235
2025-06-12 10:49:00,49.594186729301235
2025-06-12 22:31:00,12.9
2025-06-12 15:22:00,56.9
2025-06-12 03:13:00,49.594186729301235
2025-06-12 13:33:00,49.594186729301235
2025-06-12 13:32:00,34.9
2025-06-12 01:20:00,34.7
2025-06-12 12:21:00,23.0
2025-06-12 22:13:00,87.2
2025-06-12 22:48:00,50.03812089971884
2025-06-12 09:51:00,50.03812089971884
2025-06-12 01:38:00,96.1
2025-06-12 15:59:00,50.03812089971884
2025-06-12 23:56:00,50.03812089971884
2025-06-12 00:16:00,28.8
2025-06-12 15:02:00,60.7
2025-06-12 05:01:00,84.0
2025-06-12 18:31:00,24.9
2025-06-12 10:30:00,50.03812089971884
2025-06-12 07:07:00,91.0
2025-06-12 00:00:00,12.2
2025-06-12 10:49:00,89.1
2025-06-12 10:01:00,5.4
2025-06-12 22:58:00,94.8
2025-06-12 23:14:00,16.1
2025-06-12 13:42:00,50.03812089971884
2025-06-12 12:56:00,60.6
2025-06-12 13:21:00,96.1
2025-06-12 22:54:00,80.6
2025-06-12 14:30:00,50.03812089971884
2025-06-12 16:14:00,80.5
2025-06-12 22:32:00,44.6
2025-06-12 04:38:00,50.03812089971884
2025-06-12 15:32:00,27.8
2025-06-12 10:17:00,62.9
2025-06-12 06:57:00,47.8
2025-06-12 04:33:00,89.3
2025-06-12 04:45:00,41.6
2025-06-12 01:53:00,74.4
2025-06-12 00:49:00,23.3
2025-06-12 16:12:00,69.4
2025-06-12 11:50:00,80.4
2025-06-12 21:59:00,78.7
2025-06-12 19:53:00,5.6
2025-06-12 10:44:00,50.03812089971884
2025-06-12 04:07:00,49.3
2025-06-12 06:35:00,50.03812089971884
2025-06-12 12:49:00,50.03812089971884
2025-06-12 07:12:00,58.8
2025-06-12 08:06:00,18.9
2025-06-12 01:53:00,44.5
2025-06-12 06:49:00,50.03812089971884
2025-06-12 19:18:00,50.03812089971884
2025-06-12 05:16:00,61.3
2025-06-12 12:14:00,36.6
2025-06-12 05:02:00,74.0
2025-06-12 13:03:00,68.9
2025-06-12 08:04:00,12.5
2025-06-12 02:32:00,13.3
2025-06-12 00:42:00,37.2
2025-06-12 09:32:00,40.0
2025-06-12 09:45:00,56.2
2025-06-12 05:03:00,50.03812089971884
2025-06-12 02:42:00,82.4
2025-06-12 18:21:00,29.2
2025-06-12 18:55:00,38.5
2025-06-12 00:17:00,11.3
2025-06-12 17:45:00,19.8
2025-06-12 13:35:00,16.7
2025-06-12 16:30:00,33.9
2025-06-12 05:30:00,99.3
2025-06-12 22:15:00,57.3
2025-06-12 19:10:00,41.5
2025-06-12 22:08:00,30.3
2025-06-12 22:57:00,98.5
2025-06-12 07:36:00,41.9
2025-06-12 11:45:00,44.7
2025-06-12 12:31:00,75.3
2025-06-12 21:48:00,75.8
2025-06-12 03:24:00,74.9
2025-06-12 04:58:00,87.2
2025-06-12 12:24:00,50.03812089971884
2025-06-12 13:43:00,95.5
2025-06-12 00:28:00,47.2
2025-06-12 06:40:00,78.3
2025-06-12 08:45:00,50.03812089971884
2025-06-12 09:19:00,89.6
2025-06-12 00:32:00,64.3
2025-06-12 16:14:00,33.3
2025-06-12 04:31:00,97.7
2025-06-12 11:18:00,69.0
2025-06-12 02:00:00,35.0
2025-06-12 18:01:00,9.9
2025-06-12 18:52:00,50.03812089971884
2025-06-12 04:22:00,18.2
2025-06-12 04:21:00,42.2
2025-06-12 05:42:00,50.03812089971884
2025-06-12 12:39:00,2.2
2025-06-12 20:41:00,82.8
2025-06-12 07:32:00,97.9
2025-06-12 22:49:00,83.4
2025-06-12 17:17:00,50.03812089971884
2025-06-12 11:26:00,50.2
2025-06-12 13:43:00,50.03812089971884
2025-06-12 03:42:00,45.9
2025-06-12 21:26:00,50.03812089971884
2025-06-12 17:29:00,50.03812089971884
2025-06-12 11:01:00,11.4
2025-06-12 21:28:00,44.0
2025-06-12 20:02:00,44.3
2025-06-12 03:14:00,50.03812089971884
2025-06-12 03:23:00,88.8
2025-06-12 23:19:00,95.6
2025-06-12 04:35:00,50.03812089971884
2025-06-12 11:51:00,50.03812089971884
2025-06-12 23:49:00,95.2
2025-06-12 10:39:00,52.4
2025-06-12 23:19:00,17.6
2025-06-12 04:08:00,50.03812089971884
2025-06-12 08:06:00,34.3
2025-06-12 19:32:00,91.3
2025-06-12 08:03:00,50.03812089971884
2025-06-12 06:04:00,50.03812089971884
2025-06-12 09:34:00,77.1
2025-06-12 19:12:00,50.03812089971884
2025-06-12 16:45:00,64.6
2025-06-12 07:30:00,96.4
2025-06-12 08:46:00,60.4
2025-06-12 16:16:00,50.03812089971884
2025-06-12 23:18:00,6.3
2025-06-12 18:47:00,16.2
2025-06-12 06:21:00,92.6
2025-06-12 11:17:00,59.1
2025-06-12 22:49:00,80.2
2025-06-12 06:42:00,50.03812089971884
2025-06-12 04:01:00,25.6
2025-06-12 04:20:00,77.8
2025-06-12 17:17:00,67.7
2025-06-12 02:19:00,32.8
2025-06-12 20:40:00,7.8
2025-06-12 01:32:00,80.8
2025-06-12 18:34:00,68.2
2025-06-12 03:03:00,50.03812089971884
2025-06-12 03:28:00,50.03812089971884
2025-06-12 19:14:00,29.5
2025-06-12 20:10:00,1.7
2025-06-12 11:35:00,50.03812089971884
2025-06-12 07:39:00,42.9
2025-06-12 17:59:00,52.1
2025-06-12 15:28:00,67.0
2025-06-12 21:42:00,71.3
2025-06-12 08:46:00,86.9
2025-06-12 18:47:00,37.9
2025-06-12 01:31:00,67.1
2025-06-12 07:04:00,99.5
2025-06-12 22:04:00,78.0
2025-06-12 00:03:00,24.9
2025-06-12 20:40:00,97.2
2025-06-12 10:48:00,55.1
2025-06-12 20:47:00,92.6
2025-06-12 08:24:00,18.4
2025-06-12 19:45:00,55.0
2025-06-12 07:38:00,13.4
2025-06-12 08:56:00,31.7
2025-06-12 10:59:00,22.5
2025-06-12 02:14:00,52.9
2025-06-12 14:59:00,63.2
2025-06-12 18:04:00,50.03812089971884
2025-06-12 20:29:00,12.7
2025-06-12 06:26:00,38.3
2025-06-12 02:38:00,16.8
2025-06-12 03:31:00,83.5
2025-06-12 10:12:00,73.0
2025-06-12 05:15:00,3.1
2025-06-12 10:48:00,37.9
2025-06-12 02:37:00,50.03812089971884
2025-06-12 20:27:00,56.1
2025-06-12 14:39:00,22.2
2025-06-12 20:26:00,19.1
2025-06-12 19:43:00,17.6
2025-06-12 22:16:00,73.4
2025-06-12 02:47:00,32.1
2025-06-12 13:34:00,22.6
2025-06-12 06:35:00,75.7
2025-06-12 21:54:00,52.6
2025-06-12 01:29:00,83.9
2025-06-12 14:20:00,80.6
2025-06-12 13:41:00,3.5
2025-06-12 02:18:00,73.4
2025-06-12 09:43:00,5.5
2025-06-12 21:53:00,87.5
2025-06-12 02:58:00,96.2
2025-06-12 01:20:00,81.3
2025-06-12 08:11:00,52.4
2025-06-12 17:36:00,50.03812089971884
2025-06-12 06:07:00,16.1
2025-06-12 02:15:00,73.9
2025-06-12 14:27:00,3.4
2025-06-12 23:46:00,31.5
2025-06-12 18:45:00,10.0
2025-06-12 09:24:00,30.5
2025-06-12 17:16:00,62.3
2025-06-12 19:28:00,27.3
2025-06-12 14:08:00,50.03812089971884
2025-06-12 21:44:00,68.4
2025-06-12 05:08:00,71.5
2025-06-12 15:50:00,2.0
2025-06-12 18:01:00,83.4
2025-06-12 12:02:00,59.5
2025-06-12 11:30:00,81.1
2025-06-12 02:15:00,90.2
2025-06-12 17:37:00,32.7
2025-06-12 06:55:00,0.4
2025-06-12 20:34:00,94.6
2025-06-12 03:59:00,89.7
2025-06-12 13:48:00,50.03812089971884
2025-06-12 03:55:00,99.0
2025-06-12 07:19:00,42.8
2025-06-12 05:50:00,46.3
2025-06-12 11:42:00,84.6
2025-06-12 15:39:00,86.1
2025-06-12 07:47:00,56.6
2025-06-12 06:52:00,79.9
2025-06-12 02:29:00,3.8
2025-06-12 19:33:00,73.7
2025-06-12 21:02:00,59.2
2025-06-12 09:43:00,57.8
2025-06-12 07:21:00,13.3
2025-06-12 12:58:00,95.4
2025-06-12 15:25:00,28.7
2025-06-12 15:57:00,32.7
2025-06-12 03:33:00,19.3
2025-06-12 01:03:00,18.4
2025-06-12 23:52:00,50.03812089971884
2025-06-12 01:04:00,42.2
2025-06-12 07:57:00,20.7
2025-06-12 18:11:00,29.2
2025-06-12 12:53:00,94.2
2025-06-12 06:21:00,50.03812089971884
2025-06-12 10:59:00,47.4
2025-06-12 02:12:00,92.3
2025-06-12 09:52:00,50.03812089971884
2025-06-12 13:19:00,79.0
2025-06-12 11:28:00,50.03812089971884
2025-06-12 12:09:00,79.7
2025-06-12 18:26:00,58.8
2025-06-12 03:12:00,50.03812089971884
2025-06-12 06:01:00,99.1
2025-06-12 17:28:00,59.8
2025-06-12 06:25:00,26.2
2025-06-12 14:42:00,59.5
2025-06-12 18:14:00,50.03812089971884
2025-06-12 16:42:00,73.3
2025-06-12 00:21:00,5.3
2025-06-12 14:46:00,38.0
2025-06-12 16:23:00,89.1
2025-06-12 22:02:00,89.9
2025-06-12 17:33:00,49.0
2025-06-12 19:28:00,89.9
2025-06-12 14:56:00,3.7
2025-06-12 22:18:00,70.8
2025-06-12 18:13:00,63.2
2025-06-12 22:13:00,82.4
2025-06-12 01:12:00,90.9
2025-06-12 08:08:00,55.5
2025-06-12 17:12:00,72.3
2025-06-12 18:16:00,53.9
2025-06-12 12:28:00,5.7
2025-06-12 12:46:00,34.7
2025-06-12 14:36:00,70.9
2025-06-12 08:30:00,28.0
2025-06-12 06:39:00,50.03812089971884
2025-06-12 11:53:00,97.8
2025-06-12 13:00:00,98.7
2025-06-12 14:20:00,99.4
2025-06-12 21:07:00,60.5
2025-06-12 15:11:00,78.7
2025-06-12 15:24:00,23.5
2025-06-12 04:06:00,62.6
2025-06-12 02:11:00,82.6
2025-06-12 11:16:00,29.2
2025-06-12 16:29:00,18.8
2025-06-12 11:13:00,16.6
2025-06-12 11:45:00,51.2
2025-06-12 18:01:00,86.8
2025-06-12 14:14:00,74.3
2025-06-12 07:31:00,33.7
2025-06-12 11:13:00,19.2
2025-06-12 10:25:00,43.9
2025-06-12 12:15:00,28.4
2025-06-12 14:52:00,74.1
2025-06-12 12:41:00,21.5
2025-06-12 14:58:00,7.9
2025-06-12 11:31:00,88.9
2025-06-12 18:42:00,30.2
2025-06-12 08:43:00,30.9
2025-06-12 04:11:00,20.1
2025-06-12 04:45:00,28.5
2025-06-12 00:57:00,77.4
2025-06-12 12:07:00,18.7
2025-06-12 21:48:00,78.7
2025-06-12 02:05:00,60.1
2025-06-12 21:36:00,26.4
2025-06-12 05:26:00,46.2
2025-06-12 08:13:00,58.4
2025-06-12 08:26:00,1.7
2025-06-12 13:07:00,41.3
2025-06-12 18:24:00,74.1
2025-06-12 18:13:00,45.3
2025-06-12 18:39:00,53.8
2025-06-12 20:28:00,0.7
2025-06-12 15:32:00,27.8
2025-06-12 01:23:00,50.03812089971884
2025-06-12 12:00:00,50.03812089971884
2025-06-12 02:08:00,88.9
2025-06-12 19:23:00,65.9
2025-06-12 07:05:00,31.4
2025-06-12 23:07:00,6.3
2025-06-12 15:14:00,50.03812089971884
2025-06-12 10:14:00,92.1
2025-06-12 08:33:00,40.2
2025-06-12 00:20:00,50.03812089971884
2025-06-12 08:03:00,18.8
2025-06-12 19:22:00,28.1
2025-06-12 06:55:00,78.2
2025-06-12 01:43:00,62.1
2025-06-12 11:15:00,53.3
2025-06-12 05:27:00,50.03812089971884
2025-06-12 09:09:00,23.1
2025-06-12 03:30:00,0.4
2025-06-12 14:34:00,40.4
2025-06-12 19:13:00,78.1
2025-06-12 23:02:00,40.6
2025-06-12 00:40:00,68.6
2025-06-12 20:55:00,64.7
2025-06-12 07:41:00,46.9
2025-06-12 06:54:00,15.5
2025-06-12 03:08:00,50.03812089971884
2025-06-12 11:15:00,65.7
2025-06-12 11:55:00,87.9
2025-06-12 17:33:00,4.6
2025-06-12 05:35:00,49.697634180790956
2025-06-12 13:40:00,84.1
2025-06-12 14:09:00,49.697634180790956
2025-06-12 06:32:00,59.4
2025-06-12 21:26:00,78.5
2025-06-12 08:56:00,8.8
2025-06-12 15:24:00,30.9
2025-06-12 19:47:00,49.697634180790956
2025-06-12 08:31:00,54.7
2025-06-12 10:55:00,93.1
2025-06-12 13:53:00,58.8
2025-06-12 16:16:00,89.3
2025-06-12 00:37:00,76.7
2025-06-12 06:35:00,33.3
2025-06-12 08:42:00,7.0
2025-06-12 20:52:00,49.697634180790956
2025-06-12 21:25:00,75.2
2025-06-12 11:36:00,15.8
2025-06-12 16:27:00,49.6
2025-06-12 09:06:00,78.0
2025-06-12 11:17:00,55.4
2025-06-12 21:10:00,63.9
2025-06-12 09:24:00,25.9
2025-06-12 06:48:00,60.8
2025-06-12 09:14:00,79.3
2025-06-12 23:09:00,6.8
2025-06-12 23:04:00,92.1
2025-06-12 20:37:00,61.5
2025-06-12 22:19:00,48.1
2025-06-12 17:13:00,36.3
2025-06-12 22:08:00,81.4
2025-06-12 04:40:00,96.4
2025-06-12 13:49:00,48.7
2025-06-12 22:25:00,83.0
2025-06-12 08:13:00,25.7
2025-06-12 04:09:00,82.4
2025-06-12 18:37:00,10.3
2025-06-12 15:54:00,79.5
2025-06-12 01:39:00,49.697634180790956
2025-06-12 22:31:00,12.3
2025-06-12 19:03:00,36.2
2025-06-12 17:39:00,95.9
2025-06-12 18:22:00,40.8
2025-06-12 20:44:00,74.9
2025-06-12 10:30:00,98.4
2025-06-12 21:55:00,67.9
2025-06-12 20:50:00,22.6
2025-06-12 01:26:00,40.3
2025-06-12 01:34:00,5.2
2025-06-12 07:58:00,49.697634180790956
2025-06-12 03:33:00,95.9
2025-06-12 03:52:00,11.8
2025-06-12 06:32:00,96.6
2025-06-12 04:04:00,48.9
2025-06-12 11:52:00,42.5
2025-06-12 01:38:00,88.9
2025-06-12 06:08:00,40.9
2025-06-12 01:27:00,68.0
2025-06-12 02:10:00,20.2
2025-06-12 19:19:00,49.697634180790956
2025-06-12 19:37:00,76.7
2025-06-12 08:19:00,3.6
2025-06-12 08:12:00,96.7
2025-06-12 23:37:00,5.9
2025-06-12 17:06:00,35.8
2025-06-12 06:51:00,49.697634180790956
2025-06-12 10:47:00,98.2
2025-06-12 14:56:00,34.9
2025-06-12 16:47:00,60.1
2025-06-12 18:10:00,29.0
2025-06-12 02:03:00,58.1
2025-06-12 21:06:00,73.2
2025-06-12 08:20:00,87.2
2025-06-12 20:50:00,91.8
2025-06-12 05:12:00,53.9
2025-06-12 09:29:00,6.0
2025-06-12 11:32:00,85.4
2025-06-12 08:39:00,51.0
2025-06-12 15:52:00,42.2
2025-06-12 00:33:00,11.8
2025-06-12 21:08:00,60.6
2025-06-12 09:48:00,36.7
2025-06-12 12:32:00,0.1
2025-06-12 23:17:00,89.1
2025-06-12 01:24:00,74.5
2025-06-12 04:16:00,28.1
2025-06-12 06:30:00,54.9
2025-06-12 03:37:00,53.4
2025-06-12 17:12:00,64.8
2025-06-12 06:50:00,49.697634180790956
2025-06-12 09:07:00,49.697634180790956
2025-06-12 06:20:00,95.8
2025-06-12 21:16:00,21.6
2025-06-12 19:39:00,94.7
2025-06-12 14:05:00,75.7
2025-06-12 05:07:00,18.6
2025-06-12 08:44:00,3.3
2025-06-12 09:15:00,29.8
2025-06-12 03:22:00,55.0
2025-06-12 08:54:00,49.697634180790956
2025-06-12 00:02:00,49.697634180790956
2025-06-12 16:01:00,3.5
2025-06-12 22:21:00,63.0
2025-06-12 14:59:00,34.1
2025-06-12 18:00:00,26.4
2025-06-12 13:29:00,3.7
2025-06-12 11:51:00,75.2
2025-06-12 15:45:00,15.3
2025-06-12 19:36:00,5.2
2025-06-12 07:10:00,46.7
2025-06-12 01:55:00,11.8
2025-06-12 09:19:00,12.6
2025-06-12 01:13:00,49.697634180790956
2025-06-12 14:28:00,3.2
2025-06-12 01:06:00,29.4
2025-06-12 21:37:00,15.4
2025-06-12 14:43:00,29.1
2025-06-12 01:02:00,49.697634180790956
2025-06-12 19:03:00,4.8
2025-06-12 09:20:00,35.8
2025-06-12 01:30:00,18.7
2025-06-12 09:55:00,83.2
2025-06-12 01:03:00,84.8
2025-06-12 13:41:00,41.6
2025-06-12 14:02:00,38.4
2025-06-12 01:50:00,84.5
2025-06-12 13:31:00,0.6
2025-06-12 03:02:00,49.697634180790956
2025-06-12 21:58:00,58.3
2025-06-12 09:23:00,49.697634180790956
2025-06-12 08:35:00,53.5
2025-06-12 14:12:00,88.0
2025-06-12 05:15:00,40.2
2025-06-12 07:58:00,22.1
2025-06-12 13:35:00,94.8
2025-06-12 09:11:00,99.0
2025-06-12 17:47:00,69.6
2025-06-12 19:00:00,1.0
2025-06-12 05:23:00,74.9
2025-06-12 05:15:00,58.3
2025-06-12 06:42:00,18.9
2025-06-12 04:45:00,60.6
2025-06-12 15:57:00,38.2
2025-06-12 16:32:00,18.3
2025-06-12 04:37:00,88.0
2025-06-12 12:43:00,41.2
2025-06-12 07:35:00,17.7
2025-06-12 12:26:00,49.697634180790956
2025-06-12 19:42:00,73.3
2025-06-12 08:03:00,97.4
2025-06-12 22:42:00,97.6
2025-06-12 21:17:00,63.9
2025-06-12 18:44:00,49.697634180790956
2025-06-12 09:39:00,45.4
2025-06-12 19:40:00,71.9
2025-06-12 11:51:00,72.0
2025-06-12 18:26:00,41.8
2025-06-12 14:37:00,88.6
2025-06-12 23:10:00,5.0
2025-06-12 02:29:00,43.5
2025-06-12 22:36:00,50.6
2025-06-12 18:35:00,0.7
2025-06-12 19:56:00,12.7
2025-06-12 22:56:00,67.5
2025-06-12 13:40:00,76.7
2025-06-12 06:14:00,61.9
2025-06-12 12:34:00,57.5
2025-06-12 06:17:00,7.3
2025-06-12 22:42:00,16.8
2025-06-12 08:55:00,13.6
2025-06-12 02:47:00,49.697634180790956
2025-06-12 09:17:00,10.2
2025-06-12 06:08:00,61.6
2025-06-12 11:55:00,15.1
2025-06-12 03:17:00,62.9
2025-06-12 13:10:00,43.4
2025-06-12 11:37:00,62.0
2025-06-12 05:46:00,49.4
2025-06-12 08:17:00,44.4
2025-06-12 18:19:00,5.8
2025-06-12 02:23:00,84.5
2025-06-12 09:50:00,8.4
2025-06-12 03:56:00,78.5
2025-06-12 18:49:00,49.697634180790956
2025-06-12 14:24:00,71.3
2025-06-12 19:59:00,73.9
2025-06-12 08:32:00,30.0
2025-06-12 10:37:00,72.4
2025-06-12 17:20:00,97.5
2025-06-12 12:46:00,49.697634180790956
2025-06-12 21:55:00,18.7
2025-06-12 23:11:00,49.697634180790956
2025-06-12 00:58:00,93.7
2025-06-12 18:11:00,49.697634180790956
2025-06-12 16:41:00,89.5
2025-06-12 12:15:00,82.1
2025-06-12 20:56:00,52.2
2025-06-12 10:43:00,43.2
2025-06-12 20:40:00,15.8
2025-06-12 08:49:00,42.6
2025-06-12 04:30:00,93.5
2025-06-12 20:21:00,7.6
2025-06-12 20:27:00,28.8
2025-06-12 12:41:00,21.2
2025-06-12 06:17:00,49.697634180790956
2025-06-12 17:08:00,24.8
2025-06-12 06:28:00,49.697634180790956
2025-06-12 12:53:00,35.8
2025-06-12 16:10:00,49.697634180790956
2025-06-12 23:08:00,49.697634180790956
2025-06-12 18:02:00,3.7
2025-06-12 13:31:00,62.1
2025-06-12 10:47:00,99.2
2025-06-12 16:31:00,6.9
2025-06-12 16:58:00,55.5
2025-06-12 18:45:00,49.697634180790956
2025-06-12 23:36:00,57.1
2025-06-12 06:15:00,13.1
2025-06-12 14:27:00,94.5
2025-06-12 03:01:00,72.8
2025-06-12 13:21:00,28.7
2025-06-12 12:24:00,64.1
2025-06-12 09:58:00,25.8
2025-06-12 02:05:00,1.4
2025-06-12 07:15:00,1.8
2025-06-12 20:20:00,2.6
2025-06-12 13:50:00,46.9
2025-06-12 17:02:00,49.697634180790956
2025-06-12 08:55:00,68.6
2025-06-12 00:34:00,49.697634180790956
2025-06-12 21:18:00,51.8
2025-06-12 13:47:00,33.7
2025-06-12 09:53:00,49.697634180790956
2025-06-12 10:56:00,75.6
2025-06-12 10:13:00,62.2
2025-06-12 08:50:00,46.1
2025-06-12 04:47:00,75.1
2025-06-12 10:28:00,24.5
2025-06-12 05:50:00,3.5
2025-06-12 15:47:00,49.697634180790956
2025-06-12 11:29:00,49.697634180790956
2025-06-12 11:50:00,70.5
2025-06-12 17:38:00,57.7
2025-06-12 22:59:00,64.9
2025-06-12 22:04:00,14.9
2025-06-12 18:32:00,23.4
2025-06-12 18:17:00,8.3
2025-06-12 18:43:00,41.5
2025-06-12 23:48:00,45.2
2025-06-12 01:26:00,85.2
2025-06-12 23:23:00,55.1
2025-06-12 00:33:00,39.3
2025-06-12 21:14:00,19.3
2025-06-12 14:14:00,4.6
2025-06-12 04:53:00,73.6
2025-06-12 15:27:00,84.9
2025-06-12 11:08:00,99.3
2025-06-12 23:43:00,80.8
2025-06-12 07:10:00,49.697634180790956
2025-06-12 15:10:00,28.6
2025-06-12 18:14:00,75.0
2025-06-12 14:51:00,49.697634180790956
2025-06-12 19:16:00,15.6
2025-06-12 20:50:00,52.8
2025-06-12 15:23:00,83.2
2025-06-12 12:59:00,76.6
2025-06-12 07:19:00,48.4
2025-06-12 21:03:00,49.697634180790956
2025-06-12 19:55:00,29.1
2025-06-12 20:57:00,19.4
2025-06-12 22:14:00,74.1
2025-06-12 16:37:00,12.7
2025-06-12 17:17:00,89.8
2025-06-12 05:05:00,13.6
2025-06-12 09:09:00,36.8
2025-06-12 07:21:00,49.697634180790956
2025-06-12 15:15:00,49.697634180790956
2025-06-12 22:48:00,56.6
2025-06-12 09:31:00,52.2
2025-06-12 15:03:00,11.6
2025-06-12 13:22:00,45.7
2025-06-12 14:52:00,48.6
2025-06-12 17:38:00,49.697634180790956
2025-06-12 11:34:00,5.6
2025-06-12 03:19:00,47.0
2025-06-12 00:42:00,52.2
2025-06-12 20:00:00,49.697634180790956
2025-06-12 10:15:00,84.0
2025-06-12 17:48:00,60.0
2025-06-12 23:30:00,37.9
2025-06-12 08:43:00,13.4
2025-06-12 12:25:00,76.8
2025-06-12 13:46:00,81.3
2025-06-12 17:17:00,54.5
2025-06-12 20:21:00,49.697634180790956
2025-06-12 10:35:00,88.4
2025-06-12 07:33:00,96.8
2025-06-12 11:06:00,88.2
2025-06-12 09:10:00,49.697634180790956
2025-06-12 23:25:00,81.5
2025-06-12 14:04:00,9.1
2025-06-12 17:54:00,65.7
2025-06-12 13:04:00,80.2
2025-06-12 18:09:00,15.3
2025-06-12 14:05:00,17.6
2025-06-12 03:18:00,66.0
2025-06-12 14:55:00,36.6
2025-06-12 10:07:00,49.697634180790956
2025-06-12 06:34:00,74.5
2025-06-12 17:04:00,79.9
2025-06-12 09:02:00,64.9
2025-06-12 17:43:00,49.697634180790956
2025-06-12 23:09:00,95.4
2025-06-12 09:37:00,49.81454693687398
2025-06-12 01:06:00,84.7
2025-06-12 18:30:00,11.8
2025-06-12 05:25:00,30.0
2025-06-12 03:26:00,75.8
2025-06-12 12:10:00,84.4
2025-06-12 14:17:00,11.6
2025-06-12 23:27:00,89.6
2025-06-12 09:01:00,29.8
2025-06-12 18:55:00,47.4
2025-06-12 10:41:00,21.0
2025-06-12 15:27:00,37.8
2025-06-12 05:27:00,16.4
2025-06-12 02:04:00,96.2
2025-06-12 08:19:00,30.9
2025-06-12 19:27:00,95.5
2025-06-12 05:35:00,77.1
2025-06-12 20:09:00,68.5
2025-06-12 12:08:00,32.2
2025-06-12 06:55:00,49.81454693687398
2025-06-12 21:48:00,66.1
2025-06-12 03:33:00,53.8
2025-06-12 11:48:00,49.81454693687398
2025-06-12 03:19:00,70.7
2025-06-12 16:26:00,18.3
2025-06-12 06:45:00,71.9
2025-06-12 00:07:00,18.8
2025-06-12 18:09:00,2.3
2025-06-12 03:06:00,63.0
2025-06-12 21:11:00,80.0
2025-06-12 02:51:00,99.7
2025-06-12 02:33:00,10.9
2025-06-12 01:29:00,86.4
2025-06-12 08:20:00,49.81454693687398
2025-06-12 16:08:00,19.0
2025-06-12 07:56:00,92.5
2025-06-12 02:11:00,21.8
2025-06-12 08:47:00,36.4
2025-06-12 00:41:00,15.7
2025-06-12 02:26:00,7.9
2025-06-12 18:44:00,10.4
2025-06-12 16:37:00,73.2
2025-06-12 11:27:00,12.8
2025-06-12 18:45:00,19.2
2025-06-12 10:10:00,40.7
2025-06-12 21:51:00,76.8
2025-06-12 17:25:00,60.5
2025-06-12 00:57:00,17.0
2025-06-12 19:54:00,15.6
2025-06-12 06:57:00,6.2
2025-06-12 16:28:00,15.2
2025-06-12 16:00:00,47.3
2025-06-12 15:10:00,58.1
2025-06-12 16:51:00,7.0
2025-06-12 10:46:00,72.4
2025-06-12 12:06:00,95.5
2025-06-12 10:10:00,82.7
2025-06-12 18:54:00,35.3
2025-06-12 12:20:00,10.4
2025-06-12 10:00:00,49.81454693687398
2025-06-12 11:27:00,23.5
2025-06-12 03:39:00,4.2
2025-06-12 01:01:00,49.81454693687398
2025-06-12 03:34:00,25.0
2025-06-12 13:28:00,42.5
2025-06-12 23:49:00,5.1
2025-06-12 08:26:00,66.4
2025-06-12 19:05:00,79.3
2025-06-12 20:00:00,0.9
2025-06-12 04:23:00,96.0
2025-06-12 17:25:00,49.81454693687398
2025-06-12 23:27:00,3.9
2025-06-12 07:59:00,25.3
2025-06-12 05:53:00,62.1
2025-06-12 22:18:00,13.4
2025-06-12 19:08:00,85.1
2025-06-12 00:23:00,49.6
2025-06-12 13:35:00,52.4
2025-06-12 08:45:00,1.6
2025-06-12 03:00:00,31.0
2025-06-12 18:48:00,27.3
2025-06-12 11:52:00,11.6
2025-06-12 08:08:00,33.0
2025-06-12 16:23:00,49.81454693687398
2025-06-12 09:23:00,49.81454693687398
2025-06-12 03:21:00,98.9
2025-06-12 08:21:00,12.4
2025-06-12 08:31:00,94.0
2025-06-12 19:37:00,1.1
2025-06-12 02:21:00,80.2
2025-06-12 06:09:00,62.0
2025-06-12 19:24:00,37.7
2025-06-12 08:07:00,18.9
2025-06-12 18:40:00,12.0
2025-06-12 22:02:00,38.9
2025-06-12 16:56:00,42.7
2025-06-12 04:31:00,89.4
2025-06-12 04:22:00,16.6
2025-06-12 17:56:00,16.2
2025-06-12 22:34:00,71.4
2025-06-12 16:31:00,36.5
2025-06-12 19:29:00,49.81454693687398
2025-06-12 13:43:00,77.2
2025-06-12 19:57:00,81.5
2025-06-12 18:10:00,17.1
2025-06-12 00:19:00,72.0
2025-06-12 23:49:00,14.4
2025-06-12 22:16:00,86.2
2025-06-12 17:24:00,79.7
2025-06-12 15:57:00,77.8
2025-06-12 06:11:00,53.4
2025-06-12 08:52:00,21.8
2025-06-12 15:37:00,29.8
2025-06-12 14:24:00,5.7
2025-06-12 02:15:00,86.4
2025-06-12 05:58:00,9.0
2025-06-12 14:52:00,49.81454693687398
2025-06-12 04:12:00,17.4
2025-06-12 13:38:00,33.4
2025-06-12 01:28:00,63.4
2025-06-12 20:57:00,25.3
2025-06-12 17:03:00,49.81454693687398
2025-06-12 21:55:00,49.81454693687398
2025-06-12 14:19:00,49.81454693687398
2025-06-12 22:13:00,49.81454693687398
2025-06-12 05:06:00,86.3
2025-06-12 02:53:00,10.6
2025-06-12 00:54:00,36.7
2025-06-12 19:27:00,33.3
2025-06-12 02:20:00,52.0
2025-06-12 04:55:00,15.0
2025-06-12 21:09:00,24.0
2025-06-12 13:09:00,23.7
2025-06-12 15:36:00,40.8
2025-06-12 00:47:00,74.1
2025-06-12 15:44:00,77.0
2025-06-12 03:36:00,14.5
2025-06-12 09:36:00,7.1
2025-06-12 21:40:00,24.0
2025-06-12 18:39:00,49.81454693687398
2025-06-12 04:18:00,39.0
2025-06-12 19:42:00,48.0
2025-06-12 17:24:00,6.0
2025-06-12 20:36:00,44.1
2025-06-12 08:15:00,49.81454693687398
2025-06-12 07:34:00,16.5
2025-06-12 04:24:00,49.81454693687398
2025-06-12 00:22:00,90.0
2025-06-12 00:50:00,30.7
2025-06-12 16:34:00,69.4
2025-06-12 07:29:00,0.7
2025-06-12 13:27:00,64.2
2025-06-12 04:27:00,33.4
2025-06-12 06:44:00,49.81454693687398
2025-06-12 17:14:00,6.3
2025-06-12 21:36:00,16.7
2025-06-12 21:22:00,49.81454693687398
2025-06-12 02:39:00,74.5
2025-06-12 12:13:00,74.5
2025-06-12 04:37:00,49.81454693687398
2025-06-12 11:32:00,95.4
2025-06-12 21:12:00,21.6
2025-06-12 04:15:00,99.5
2025-06-12 12:48:00,30.6
2025-06-12 00:14:00,69.8
2025-06-12 04:07:00,26.5
2025-06-12 10:34:00,83.9
2025-06-12 11:35:00,34.1
2025-06-12 19:22:00,94.2
2025-06-12 05:18:00,19.5
2025-06-12 05:37:00,23.5
2025-06-12 22:39:00,37.9
2025-06-12 16:27:00,18.9
2025-06-12 13:40:00,49.81454693687398
2025-06-12 16:27:00,52.9
2025-06-12 04:24:00,66.2
2025-06-12 01:09:00,36.6
2025-06-12 03:29:00,32.6
2025-06-12 16:11:00,26.1
2025-06-12 22:40:00,3.7
2025-06-12 16:20:00,49.81454693687398
2025-06-12 22:35:00,71.2
2025-06-12 01:15:00,54.7
2025-06-12 17:15:00,96.9
2025-06-12 07:16:00,5.8
2025-06-12 06:37:00,81.0
2025-06-12 23:47:00,45.9
2025-06-12 10:31:00,37.4
2025-06-12 09:30:00,9.0
2025-06-12 15:16:00,87.7
2025-06-12 01:25:00,29.3
2025-06-12 02:14:00,49.81454693687398
2025-06-12 15:10:00,24.7
2025-06-12 12:07:00,18.0
2025-06-12 16:36:00,49.81454693687398
2025-06-12 23:57:00,60.2
2025-06-12 17:49:00,33.0
2025-06-12 08:50:00,49.81454693687398
2025-06-12 06:09:00,35.0
2025-06-12 07:48:00,22.9
2025-06-12 02:34:00,81.1
2025-06-12 13:54:00,55.5
2025-06-12 17:26:00,95.1
2025-06-12 03:21:00,49.81454693687398
2025-06-12 14:07:00,49.81454693687398
2025-06-12 09:51:00,60.3
2025-06-12 21:21:00,26.3
2025-06-12 17:49:00,61.5
2025-06-12 18:07:00,10.1
2025-06-12 23:38:00,1.0
2025-06-12 06:59:00,49.81454693687398
2025-06-12 06:53:00,55.8
2025-06-12 17:01:00,62.3
2025-06-12 18:40:00,26.6
2025-06-12 04:58:00,24.4
2025-06-12 19:51:00,4.8
2025-06-12 23:48:00,7.5
2025-06-12 17:56:00,46.8
2025-06-12 07:46:00,7.3
2025-06-12 19:25:00,17.9
2025-06-12 04:15:00,77.2
2025-06-12 01:31:00,6.0
2025-06-12 13:21:00,35.4
2025-06-12 15:02:00,36.0
2025-06-12 00:34:00,70.7
2025-06-12 15:20:00,15.9
2025-06-12 05:45:00,12.1
2025-06-12 10:38:00,51.7
2025-06-12 03:00:00,79.5
2025-06-12 01:49:00,49.81454693687398
2025-06-12 15:44:00,15.7
2025-06-12 04:27:00,34.3
2025-06-12 08:50:00,49.9
2025-06-12 11:27:00,43.4
2025-06-12 06:51:00,49.81454693687398
2025-06-12 21:32:00,30.7
2025-06-12 13:51:00,58.6
2025-06-12 23:35:00,68.2
2025-06-12 18:41:00,73.9
2025-06-12 13:49:00,28.1
2025-06-12 04:05:00,9.3
2025-06-12 03:21:00,49.81454693687398
2025-06-12 03:00:00,61.9
2025-06-12 21:53:00,60.0
2025-06-12 21:44:00,26.1
2025-06-12 15:45:00,76.5
2025-06-12 18:34:00,14.6
2025-06-12 20:24:00,87.9
2025-06-12 00:45:00,94.2
2025-06-12 13:54:00,0.0
2025-06-12 21:18:00,49.81454693687398
2025-06-12 22:20:00,40.6
2025-06-12 21:03:00,81.7
2025-06-12 07:10:00,49.1
2025-06-12 22:56:00,49.3
2025-06-12 09:30:00,83.0
2025-06-12 01:25:00,55.0
2025-06-12 09:17:00,52.7
2025-06-12 06:15:00,19.5
2025-06-12 22:51:00,55.1
2025-06-12 21:46:00,49.81454693687398
2025-06-12 06:11:00,26.0
2025-06-12 08:58:00,5.7
2025-06-12 05:02:00,93.4
2025-06-12 00:01:00,69.7
2025-06-12 13:18:00,65.4
2025-06-12 04:47:00,14.8
2025-06-12 06:07:00,76.7
2025-06-12 09:04:00,48.8
2025-06-12 11:14:00,25.8
2025-06-12 01:07:00,53.7
2025-06-12 16:16:00,21.4
2025-06-12 02:48:00,72.4
2025-06-12 10:22:00,90.0
2025-06-12 02:37:00,53.0
2025-06-12 06:00:00,49.81454693687398
2025-06-12 10:06:00,12.0
2025-06-12 08:33:00,13.1
2025-06-12 06:43:00,85.4
2025-06-12 15:51:00,86.4
2025-06-12 00:02:00,7.5
2025-06-12 21:25:00,88.5
2025-06-12 15:49:00,58.8
2025-06-12 15:38:00,49.81454693687398
2025-06-12 09:48:00,70.1
2025-06-12 16:51:00,93.5
2025-06-12 07:29:00,32.5
2025-06-12 00:51:00,60.5
2025-06-12 16:15:00,49.81454693687398
2025-06-12 17:26:00,49.81454693687398
2025-06-12 01:08:00,44.5
2025-06-12 13:45:00,54.1
2025-06-12 15:32:00,49.81454693687398
2025-06-12 15:01:00,82.7
2025-06-12 01:42:00,49.81454693687398
2025-06-12 23:28:00,37.2
2025-06-12 14:00:00,51.5
2025-06-12 13:18:00,71.2
2025-06-12 22:28:00,18.5
2025-06-12 06:40:00,35.4
2025-06-12 13:18:00,18.9
2025-06-12 07:54:00,95.5
2025-06-12 23:15:00,49.81454693687398
2025-06-12 19:29:00,50.5
2025-06-12 09:44:00,49.81454693687398
2025-06-12 02:50:00,30.4
2025-06-12 06:08:00,40.9
2025-06-12 03:12:00,88.9
2025-06-12 02:05:00,89.5
2025-06-12 04:38:00,1.9
2025-06-12 07:44:00,12.8
2025-06-12 04:09:00,5.2
2025-06-12 07:40:00,64.3
2025-06-12 23:41:00,49.81454693687398
2025-06-12 14:56:00,74.3
2025-06-12 21:44:00,5.3
2025-06-12 01:23:00,72.7
2025-06-12 03:56:00,86.4
2025-06-12 00:29:00,5.8
2025-06-12 12:29:00,28.8
2025-06-12 13:28:00,21.9
2025-06-12 12:40:00,56.3
2025-06-12 15:43:00,20.8
2025-06-12 17:29:00,67.6
2025-06-12 23:50:00,63.9
2025-06-12 16:22:00,0.4
2025-06-12 04:11:00,67.3
2025-06-12 14:08:00,50.17466168922071
2025-06-12 11:34:00,3.8
2025-06-12 06:34:00,13.9
2025-06-12 15:42:00,11.0
2025-06-12 07:51:00,51.6
2025-06-12 23:00:00,53.2
2025-06-12 22:30:00,50.3
2025-06-12 21:32:00,38.0
2025-06-12 19:11:00,48.6
2025-06-12 01:39:00,30.6
2025-06-12 15:36:00,18.5
2025-06-12 06:25:00,20.5
2025-06-12 01:21:00,52.3
2025-06-12 01:45:00,91.7
2025-06-12 02:15:00,99.4
2025-06-12 00:14:00,74.1
2025-06-12 01:48:00,44.4
2025-06-12 18:30:00,2.0
2025-06-12 00:12:00,23.1
2025-06-12 02:25:00,50.17466168922071
2025-06-12 07:37:00,6.0
2025-06-12 11:05:00,48.0
2025-06-12 22:54:00,50.17466168922071
2025-06-12 03:50:00,42.3
2025-06-12 21:50:00,91.1
2025-06-12 17:58:00,53.0
2025-06-12 09:30:00,2.6
2025-06-12 21:22:00,44.4
2025-06-12 16:19:00,3.0
2025-06-12 21:51:00,5.4
2025-06-12 19:38:00,24.5
2025-06-12 21:58:00,50.17466168922071
2025-06-12 16:11:00,68.3
2025-06-12 10:51:00,31.4
2025-06-12 13:05:00,47.3
2025-06-12 01:11:00,88.5
2025-06-12 13:50:00,3.5
2025-06-12 02:50:00,58.9
2025-06-12 22:44:00,66.9
2025-06-12 00:19:00,67.5
2025-06-12 00:10:00,97.4
2025-06-12 14:17:00,66.3
2025-06-12 02:41:00,57.0
2025-06-12 00:09:00,16.0
2025-06-12 01:49:00,53.7
2025-06-12 05:01:00,50.17466168922071
2025-06-12 05:46:00,70.3
2025-06-12 20:24:00,51.5
2025-06-12 03:36:00,95.2
2025-06-12 19:29:00,94.8
2025-06-12 21:00:00,95.8
2025-06-12 16:41:00,60.7
2025-06-12 15:27:00,47.5
2025-06-12 19:28:00,14.7
2025-06-12 20:31:00,55.9
2025-06-12 06:28:00,30.5
2025-06-12 07:54:00,25.6
2025-06-12 10:45:00,0.9
2025-06-12 12:12:00,64.9
2025-06-12 14:26:00,50.17466168922071
2025-06-12 05:58:00,66.1
2025-06-12 10:42:00,22.2
2025-06-12 11:58:00,44.7
2025-06-12 22:34:00,40.7
2025-06-12 21:32:00,31.4
2025-06-12 00:05:00,29.4
2025-06-12 16:30:00,80.5
2025-06-12 11:09:00,56.4
2025-06-12 14:14:00,12.2
2025-06-12 12:34:00,73.2
2025-06-12 20:48:00,93.6
2025-06-12 02:23:00,92.0
2025-06-12 00:57:00,11.2
2025-06-12 14:34:00,71.8
2025-06-12 05:04:00,71.3
2025-06-12 08:48:00,42.9
2025-06-12 18:36:00,49.6
2025-06-12 19:29:00,1.5
2025-06-12 21:14:00,10.6
2025-06-12 08:24:00,31.9
2025-06-12 15:16:00,58.8
2025-06-12 06:31:00,92.4
2025-06-12 10:12:00,36.1
2025-06-12 04:05:00,89.6
2025-06-12 04:47:00,91.4
2025-06-12 16:23:00,30.8
2025-06-12 10:55:00,71.7
2025-06-12 22:09:00,24.5
2025-06-12 20:43:00,81.2
2025-06-12 19:57:00,5.1
2025-06-12 11:14:00,74.1
2025-06-12 07:32:00,94.8
2025-06-12 15:08:00,83.7
2025-06-12 04:07:00,50.17466168922071
2025-06-12 02:42:00,26.5
2025-06-12 06:07:00,50.17466168922071
2025-06-12 17:01:00,11.0
2025-06-12 02:01:00,89.0
2025-06-12 02:09:00,81.7
2025-06-12 02:50:00,39.5
2025-06-12 20:10:00,61.5
2025-06-12 07:47:00,50.17466168922071
2025-06-12 09:30:00,14.3
2025-06-12 23:52:00,27.3
2025-06-12 15:54:00,20.5
2025-06-12 23:12:00,19.4
2025-06-12 23:20:00,44.8
2025-06-12 16:44:00,38.6
2025-06-12 20:55:00,54.7
2025-06-12 03:40:00,63.1
2025-06-12 23:25:00,55.7
2025-06-12 04:36:00,37.4
2025-06-12 05:37:00,2.1
2025-06-12 19:04:00,52.5
2025-06-12 04:06:00,50.1
2025-06-12 21:47:00,18.3
2025-06-12 13:31:00,71.6
2025-06-12 00:30:00,19.4
2025-06-12 23:21:00,46.6
2025-06-12 19:25:00,50.17466168922071
2025-06-12 22:47:00,24.7
2025-06-12 22:21:00,93.4
2025-06-12 13:48:00,66.2
2025-06-12 14:15:00,61.8
2025-06-12 05:10:00,37.3
2025-06-12 21:36:00,3.2
2025-06-12 14:16:00,92.5
2025-06-12 22:09:00,5.4
2025-06-12 17:57:00,71.3
2025-06-12 15:38:00,57.4
2025-06-12 10:24:00,12.3
2025-06-12 07:37:00,83.2
2025-06-12 06:36:00,19.3
2025-06-12 15:17:00,22.2
2025-06-12 22:57:00,8.6
2025-06-12 14:38:00,26.2
2025-06-12 14:28:00,52.6
2025-06-12 22:50:00,21.0
2025-06-12 21:33:00,67.9
2025-06-12 16:14:00,11.9
2025-06-12 09:14:00,67.5
2025-06-12 18:01:00,15.2
2025-06-12 12:26:00,74.9
2025-06-12 07:48:00,2.7
2025-06-12 21:01:00,6.9
2025-06-12 05:48:00,60.1
2025-06-12 07:59:00,38.3
2025-06-12 19:59:00,9.4
2025-06-12 12:57:00,47.5
2025-06-12 06:42:00,50.17466168922071
2025-06-12 08:25:00,41.8
2025-06-12 19:30:00,74.1
2025-06-12 15:04:00,42.6
2025-06-12 23:29:00,41.2
2025-06-12 02:57:00,39.7
2025-06-12 20:23:00,50.17466168922071
2025-06-12 13:08:00,84.2
2025-06-12 10:49:00,60.5
2025-06-12 15:00:00,50.17466168922071
2025-06-12 05:51:00,50.17466168922071
2025-06-12 16:07:00,50.17466168922071
2025-06-12 21:15:00,67.7
2025-06-12 18:14:00,99.8
2025-06-12 20:35:00,70.1
2025-06-12 06:20:00,84.2
2025-06-12 16:57:00,29.4
2025-06-12 17:55:00,10.1
2025-06-12 17:08:00,68.6
2025-06-12 11:13:00,50.17466168922071
2025-06-12 02:22:00,40.6
2025-06-12 06:23:00,3.6
2025-06-12 04:52:00,17.5
2025-06-12 20:49:00,22.4
2025-06-12 10:47:00,50.17466168922071
2025-06-12 16:45:00,86.8
2025-06-12 20:47:00,90.2
2025-06-12 10:56:00,77.6
2025-06-12 10:26:00,70.6
2025-06-12 08:31:00,93.1
2025-06-12 22:16:00,63.4
2025-06-12 19:22:00,81.6
2025-06-12 14:43:00,50.17466168922071
2025-06-12 09:01:00,78.5
2025-06-12 01:55:00,23.4
2025-06-12 02:34:00,73.8
2025-06-12 14:07:00,24.3
2025-06-12 15:29:00,27.6
2025-06-12 01:27:00,95.6
2025-06-12 01:35:00,45.0
2025-06-12 08:53:00,81.2
2025-06-12 13:17:00,74.3
2025-06-12 04:44:00,14.7
2025-06-12 03:23:00,63.6
2025-06-12 04:12:00,91.4
2025-06-12 19:26:00,98.7
2025-06-12 10:13:00,50.17466168922071
2025-06-12 13:05:00,70.1
2025-06-12 06:27:00,83.2
2025-06-12 04:46:00,52.8
2025-06-12 00:23:00,5.9
2025-06-12 09:52:00,23.7
2025-06-12 15:23:00,92.6
2025-06-12 07:04:00,20.4
2025-06-12 10:04:00,54.3
2025-06-12 15:59:00,91.4
2025-06-12 19:43:00,71.6
2025-06-12 22:02:00,50.17466168922071
2025-06-12 20:37:00,30.6
2025-06-12 22:23:00,4.8
2025-06-12 03:01:00,79.1
2025-06-12 00:11:00,37.0
2025-06-12 00:24:00,10.8
2025-06-12 05:54:00,36.2
2025-06-12 17:26:00,50.17466168922071
2025-06-12 19:44:00,50.17466168922071
2025-06-12 13:27:00,14.1
2025-06-12 16:06:00,42.2
2025-06-12 11:52:00,3.8
2025-06-12 10:10:00,71.9
2025-06-12 17:08:00,50.17466168922071
2025-06-12 09:56:00,50.6
2025-06-12 00:56:00,2.4
2025-06-12 03:48:00,62.8
2025-06-12 15:26:00,49.9
2025-06-12 19:18:00,22.0
2025-06-12 04:01:00,50.17466168922071
2025-06-12 21:21:00,75.1
2025-06-12 00:55:00,71.1
2025-06-12 18:05:00,35.1
2025-06-12 11:59:00,65.5
2025-06-12 17:41:00,50.17466168922071
2025-06-12 00:27:00,50.17466168922071
2025-06-12 12:29:00,25.8
2025-06-12 00:43:00,5.0
2025-06-12 17:29:00,30.9
2025-06-12 09:40:00,23.8
2025-06-12 23:34:00,74.9
2025-06-12 13:45:00,18.2
2025-06-12 08:37:00,82.4
2025-06-12 02:56:00,18.4
2025-06-12 16:18:00,76.3
2025-06-12 17:54:00,58.5
2025-06-12 13:02:00,85.0
2025-06-12 20:29:00,50.17466168922071
2025-06-12 14:29:00,86.3
2025-06-12 09:07:00,28.5
2025-06-12 04:40:00,46.7
2025-06-12 03:41:00,55.0
2025-06-12 05:37:00,38.8
2025-06-12 16:09:00,16.5
2025-06-12 21:01:00,51.0
2025-06-12 21:29:00,21.1
2025-06-12 04:10:00,25.5
2025-06-12 03:02:00,50.17466168922071
2025-06-12 10:51:00,50.17466168922071
2025-06-12 18:36:00,46.7
2025-06-12 18:57:00,50.17466168922071
2025-06-12 21:03:00,36.9
2025-06-12 15:43:00,30.5
2025-06-12 19:11:00,50.17466168922071
2025-06-12 12:14:00,9.0
2025-06-12 07:37:00,50.17466168922071
2025-06-12 02:46:00,23.9
2025-06-12 19:33:00,52.1
2025-06-12 15:17:00,47.3
2025-06-12 20:14:00,75.3
2025-06-12 22:41:00,93.7
2025-06-12 16:20:00,28.2
2025-06-12 07:05:00,50.17466168922071
2025-06-12 12:22:00,41.7
2025-06-12 18:20:00,84.5
2025-06-12 15:56:00,84.7
2025-06-12 09:37:00,4.8
2025-06-12 10:39:00,73.2
2025-06-12 18:27:00,18.1
2025-06-12 09:17:00,68.6
2025-06-12 00:40:00,4.8
2025-06-12 12:25:00,50.17466168922071
2025-06-12 04:25:00,83.7
2025-06-12 22:51:00,3.1
2025-06-12 02:17:00,40.2
2025-06-12 09:43:00,54.9
2025-06-12 02:15:00,43.3
2025-06-12 20:53:00,50.17466168922071
2025-06-12 00:24:00,15.3
2025-06-12 13:11:00,23.8
2025-06-12 02:34:00,77.4
2025-06-12 23:18:00,44.3
2025-06-12 11:19:00,50.17466168922071
2025-06-12 11:30:00,50.17466168922071
2025-06-12 15:25:00,77.7
2025-06-12 19:59:00,50.17466168922071
2025-06-12 00:24:00,18.4
2025-06-12 18:18:00,27.8
2025-06-12 10:33:00,34.2
2025-06-12 12:07:00,81.9
2025-06-12 23:12:00,54.5
2025-06-12 18:49:00,97.1
2025-06-12 21:33:00,12.3
2025-06-12 06:49:00,56.6
2025-06-12 09:00:00,78.3
2025-06-12 16:26:00,31.5
2025-06-12 09:46:00,51.4
2025-06-12 08:01:00,58.0
2025-06-12 01:52:00,92.3
2025-06-12 09:30:00,16.0
2025-06-12 11:43:00,14.3
2025-06-12 13:49:00,34.6
2025-06-12 18:39:00,1.9
2025-06-12 01:00:00,11.8
2025-06-12 02:04:00,97.1
2025-06-12 16:35:00,15.4
2025-06-12 14:51:00,52.6
2025-06-12 06:29:00,50.17466168922071
2025-06-12 14:16:00,79.6
2025-06-12 05:53:00,34.9
2025-06-12 02:25:00,54.9
2025-06-12 15:59:00,55.2
2025-06-12 16:11:00,78.7
2025-06-12 22:13:00,50.17466168922071
2025-06-12 18:48:00,50.17466168922071
2025-06-12 11:23:00,90.9
2025-06-12 10:16:00,21.7
2025-06-12 09:07:00,20.7
2025-06-12 10:34:00,78.1
2025-06-12 10:03:00,39.8
2025-06-12 12:04:00,9.1
2025-06-12 04:51:00,21.9
2025-06-12 01:12:00,96.7
2025-06-12 10:32:00,64.4
2025-06-12 03:11:00,60.4
2025-06-12 02:01:00,52.9
2025-06-12 16:54:00,92.5
2025-06-12 04:42:00,50.17466168922071
2025-06-12 03:15:00,41.1
2025-06-12 18:57:00,1.0
2025-06-12 03:44:00,80.7
2025-06-12 13:00:00,50.17466168922071
2025-06-12 12:00:00,33.4
2025-06-12 13:15:00,93.3
2025-06-12 15:48:00,87.3
2025-06-12 16:28:00,33.2
2025-06-12 21:17:00,49.28634215500945
2025-06-12 08:03:00,16.3
2025-06-12 23:13:00,99.4
2025-06-12 01:23:00,18.8
2025-06-12 10:18:00,63.2
2025-06-12 18:02:00,49.28634215500945
2025-06-12 15:56:00,97.5
2025-06-12 00:24:00,6.2
2025-06-12 04:18:00,62.6
2025-06-12 03:31:00,20.4
2025-06-12 18:30:00,58.0
2025-06-12 00:36:00,39.3
2025-06-12 21:09:00,3.3
2025-06-12 22:14:00,7.4
2025-06-12 13:03:00,13.2
2025-06-12 07:54:00,59.8
2025-06-12 17:41:00,49.28634215500945
2025-06-12 10:39:00,55.0
2025-06-12 06:30:00,24.2
2025-06-12 01:50:00,67.2
2025-06-12 07:55:00,49.28634215500945
2025-06-12 13:16:00,93.3
2025-06-12 18:25:00,49.28634215500945
2025-06-12 03:51:00,26.0
2025-06-12 12:18:00,54.2
2025-06-12 03:08:00,40.2
2025-06-12 21:34:00,63.8
2025-06-12 22:35:00,95.2
2025-06-12 08:15:00,70.7
2025-06-12 08:11:00,93.9
2025-06-12 14:42:00,45.8
2025-06-12 10:20:00,8.8
2025-06-12 12:20:00,10.5
2025-06-12 20:00:00,87.4
2025-06-12 08:24:00,49.28634215500945
2025-06-12 00:53:00,26.7
2025-06-12 13:46:00,49.28634215500945
2025-06-12 19:10:00,31.0
2025-06-12 10:42:00,49.28634215500945
2025-06-12 07:32:00,23.6
2025-06-12 19:45:00,34.0
2025-06-12 16:43:00,97.7
2025-06-12 03:36:00,16.8
2025-06-12 02:56:00,14.5
2025-06-12 08:15:00,49.28634215500945
2025-06-12 06:30:00,49.28634215500945
2025-06-12 03:45:00,49.28634215500945
2025-06-12 01:45:00,33.5
2025-06-12 06:58:00,62.3
2025-06-12 22:25:00,61.9
2025-06-12 03:08:00,49.28634215500945
2025-06-12 14:00:00,25.3
2025-06-12 00:02:00,72.1
2025-06-12 19:35:00,11.4
2025-06-12 16:49:00,13.1
2025-06-12 04:01:00,49.28634215500945
2025-06-12 14:58:00,22.3
2025-06-12 21:32:00,49.28634215500945
2025-06-12 20:50:00,34.0
2025-06-12 02:29:00,2.5
2025-06-12 22:08:00,30.4
2025-06-12 19:31:00,45.2
2025-06-12 10:50:00,49.28634215500945
2025-06-12 02:10:00,56.0
2025-06-12 01:24:00,71.1
2025-06-12 11:05:00,19.8
2025-06-12 12:36:00,47.2
2025-06-12 09:45:00,39.4
2025-06-12 15:30:00,49.28634215500945
2025-06-12 12:14:00,4.7
2025-06-12 13:52:00,32.8
2025-06-12 09:27:00,49.28634215500945
2025-06-12 02:40:00,39.5
2025-06-12 17:56:00,52.7
2025-06-12 19:31:00,41.2
2025-06-12 00:02:00,49.28634215500945
2025-06-12 12:33:00,49.28634215500945
2025-06-12 18:48:00,49.9
2025-06-12 06:16:00,29.9
2025-06-12 23:17:00,72.2
2025-06-12 06:39:00,47.5
2025-06-12 06:40:00,45.6
2025-06-12 22:59:00,87.0
2025-06-12 00:20:00,89.7
2025-06-12 10:41:00,47.7
2025-06-12 10:14:00,86.3
2025-06-12 16:07:00,49.28634215500945
2025-06-12 23:58:00,72.0
2025-06-12 18:51:00,68.5
2025-06-12 19:49:00,77.9
2025-06-12 08:18:00,95.1
2025-06-12 23:10:00,94.7
2025-06-12 19:38:00,48.8
2025-06-12 14:49:00,61.1
2025-06-12 15:03:00,24.0
2025-06-12 20:56:00,53.1
2025-06-12 09:37:00,49.28634215500945
2025-06-12 16:40:00,2.8
2025-06-12 09:15:00,58.4
2025-06-12 10:47:00,92.2
2025-06-12 08:11:00,10.9
2025-06-12 11:26:00,67.2
2025-06-12 19:43:00,98.4
2025-06-12 17:17:00,42.6
2025-06-12 12:20:00,72.0
2025-06-12 08:00:00,77.9
2025-06-12 22:46:00,78.9
2025-06-12 23:59:00,16.0
2025-06-12 15:03:00,1.0
2025-06-12 01:39:00,49.28634215500945
2025-06-12 17:29:00,27.2
2025-06-12 04:27:00,13.7
2025-06-12 05:24:00,66.7
2025-06-12 02:40:00,42.4
2025-06-12 04:02:00,49.28634215500945
2025-06-12 19:00:00,52.9
2025-06-12 15:06:00,49.28634215500945
2025-06-12 05:58:00,49.28634215500945
2025-06-12 09:45:00,17.5
2025-06-12 10:45:00,49.28634215500945
2025-06-12 11:19:00,49.28634215500945
2025-06-12 19:17:00,24.3
2025-06-12 12:04:00,88.5
2025-06-12 08:39:00,50.6
2025-06-12 00:48:00,1.6
2025-06-12 03:38:00,80.4
2025-06-12 23:48:00,42.7
2025-06-12 16:18:00,40.3
2025-06-12 01:23:00,95.4
2025-06-12 07:14:00,30.2
2025-06-12 13:31:00,49.28634215500945
2025-06-12 18:59:00,52.1
2025-06-12 04:19:00,97.6
2025-06-12 00:55:00,92.0
2025-06-12 09:02:00,49.28634215500945
2025-06-12 23:03:00,38.6
2025-06-12 17:37:00,89.9
2025-06-12 13:17:00,41.9
2025-06-12 15:04:00,51.9
2025-06-12 15:45:00,41.7
2025-06-12 07:36:00,15.9
2025-06-12 18:44:00,6.4
2025-06-12 16:00:00,9.4
2025-06-12 17:20:00,33.8
2025-06-12 16:28:00,82.9
2025-06-12 09:50:00,35.0
2025-06-12 22:55:00,84.8
2025-06-12 15:02:00,49.28634215500945
2025-06-12 18:36:00,43.4
2025-06-12 18:53:00,12.1
2025-06-12 21:42:00,79.1
2025-06-12 19:11:00,9.9
2025-06-12 13:34:00,67.5
2025-06-12 05:25:00,60.0
2025-06-12 02:23:00,20.0
2025-06-12 13:04:00,72.2
2025-06-12 18:36:00,63.4
2025-06-12 07:53:00,49.28634215500945
2025-06-12 03:56:00,9.5
2025-06-12 03:47:00,24.3
2025-06-12 20:10:00,99.4
2025-06-12 08:53:00,50.1
2025-06-12 22:31:00,62.9
2025-06-12 18:17:00,96.2
2025-06-12 13:47:00,86.4
2025-06-12 02:43:00,49.28634215500945
2025-06-12 17:36:00,49.28634215500945
2025-06-12 12:07:00,35.1
2025-06-12 10:30:00,39.3
2025-06-12 22:12:00,16.8
2025-06-12 17:27:00,64.1
2025-06-12 23:14:00,81.2
2025-06-12 15:14:00,9.5
2025-06-12 23:11:00,49.28634215500945
2025-06-12 05:16:00,49.28634215500945
2025-06-12 03:58:00,49.28634215500945
2025-06-12 07:19:00,23.4
2025-06-12 21:19:00,38.9
2025-06-12 02:57:00,82.6
2025-06-12 14:01:00,20.0
2025-06-12 01:00:00,66.0
2025-06-12 17:47:00,49.28634215500945
2025-06-12 00:11:00,94.6
2025-06-12 21:16:00,12.6
2025-06-12 13:41:00,65.4
2025-06-12 22:18:00,57.6
2025-06-12 14:10:00,99.6
2025-06-12 07:27:00,31.1
2025-06-12 01:29:00,49.28634215500945
2025-06-12 02:31:00,49.28634215500945
2025-06-12 19:25:00,49.28634215500945
2025-06-12 15:32:00,49.28634215500945
2025-06-12 02:11:00,27.5
2025-06-12 07:19:00,5.2
2025-06-12 11:12:00,43.0
2025-06-12 06:11:00,34.4
2025-06-12 18:20:00,69.5
2025-06-12 04:31:00,60.6
2025-06-12 04:01:00,8.5
2025-06-12 06:43:00,49.28634215500945
2025-06-12 19:35:00,96.4
2025-06-12 10:56:00,92.6
2025-06-12 11:58:00,59.1
2025-06-12 23:10:00,99.1
2025-06-12 23:29:00,15.3
2025-06-12 23:49:00,39.7
2025-06-12 15:39:00,16.8
2025-06-12 02:46:00,88.7
2025-06-12 17:18:00,49.28634215500945
2025-06-12 17:34:00,70.9
2025-06-12 19:32:00,6.6
2025-06-12 14:02:00,0.3
2025-06-12 09:15:00,31.3
2025-06-12 17:55:00,49.28634215500945
2025-06-12 05:40:00,7.8
2025-06-12 00:05:00,44.6
2025-06-12 08:51:00,31.2
2025-06-12 22:10:00,86.0
2025-06-12 21:27:00,18.4
2025-06-12 00:58:00,18.1
2025-06-12 13:56:00,53.9
2025-06-12 01:48:00,88.4
2025-06-12 06:32:00,74.8
2025-06-12 06:42:00,43.7
2025-06-12 01:19:00,72.4
2025-06-12 14:37:00,49.28634215500945
2025-06-12 05:44:00,34.2
2025-06-12 17:29:00,78.9
2025-06-12 22:25:00,43.5
2025-06-12 03:15:00,28.7
2025-06-12 02:20:00,49.28634215500945
2025-06-12 09:11:00,25.1
2025-06-12 20:17:00,72.4
2025-06-12 01:15:00,29.8
2025-06-12 14:28:00,49.28634215500945
2025-06-12 15:09:00,9.5
2025-06-12 04:06:00,65.6
2025-06-12 10:33:00,75.8
2025-06-12 15:42:00,68.3
2025-06-12 12:50:00,6.9
2025-06-12 06:01:00,49.28634215500945
2025-06-12 22:37:00,78.7
2025-06-12 05:39:00,37.2
2025-06-12 01:37:00,93.3
2025-06-12 03:04:00,44.8
2025-06-12 14:11:00,49.28634215500945
2025-06-12 01:31:00,71.5
2025-06-12 02:02:00,58.1
2025-06-12 20:04:00,49.28634215500945
2025-06-12 18:59:00,83.1
2025-06-12 03:39:00,44.6
2025-06-12 00:14:00,48.5
2025-06-12 14:46:00,75.8
2025-06-12 21:46:00,44.3
2025-06-12 09:34:00,42.1
2025-06-12 08:39:00,18.5
2025-06-12 05:37:00,49.28634215500945
2025-06-12 13:09:00,30.2
2025-06-12 04:53:00,97.0
2025-06-12 09:14:00,24.1
2025-06-12 11:13:00,95.6
2025-06-12 04:38:00,60.1
2025-06-12 06:21:00,4.4
2025-06-12 16:48:00,2.4
2025-06-12 09:33:00,72.5
2025-06-12 04:39:00,26.4
2025-06-12 20:06:00,49.28634215500945
2025-06-12 15:42:00,82.2
2025-06-12 03:54:00,49.28634215500945
2025-06-12 15:08:00,4.2
2025-06-12 20:57:00,3.8
2025-06-12 17:16:00,36.9
2025-06-12 05:33:00,78.0
2025-06-12 00:18:00,21.4
2025-06-12 16:22:00,75.0
2025-06-12 16:17:00,37.1
2025-06-12 03:42:00,58.6
2025-06-12 21:09:00,71.3
2025-06-12 07:31:00,80.8
2025-06-12 17:05:00,49.28634215500945
2025-06-12 16:53:00,6.9
2025-06-12 06:13:00,92.3
2025-06-12 22:59:00,13.4
2025-06-12 09:11:00,53.1
2025-06-12 03:59:00,49.28634215500945
2025-06-12 21:30:00,56.0
2025-06-12 11:41:00,40.8
2025-06-12 15:16:00,15.2
2025-06-12 12:00:00,50.6
2025-06-12 23:14:00,43.0
2025-06-12 08:25:00,39.4
2025-06-12 22:50:00,91.8
2025-06-12 06:52:00,20.6
2025-06-12 12:39:00,64.3
2025-06-12 21:07:00,34.4
2025-06-12 06:44:00,42.3
2025-06-12 08:35:00,17.0
2025-06-12 06:49:00,81.5
2025-06-12 23:57:00,46.8
2025-06-12 19:46:00,49.28634215500945
2025-06-12 04:04:00,49.28634215500945
2025-06-12 13:37:00,49.28634215500945
2025-06-12 20:26:00,18.4
2025-06-12 05:07:00,51.3
2025-06-12 11:49:00,25.4
2025-06-12 19:42:00,79.3
2025-06-12 16:46:00,47.9
2025-06-12 23:04:00,13.7
2025-06-12 11:10:00,49.28634215500945
2025-06-12 17:44:00,33.7
2025-06-12 17:53:00,90.6
2025-06-12 06:57:00,49.28634215500945
2025-06-12 12:54:00,51.5
2025-06-12 14:54:00,28.4
2025-06-12 11:35:00,93.8
2025-06-12 13:31:00,65.4
2025-06-12 20:17:00,49.28634215500945
2025-06-12 00:21:00,70.2
2025-06-12 14:39:00,49.28634215500945
2025-06-12 14:58:00,26.7
2025-06-12 02:09:00,19.0
2025-06-12 23:35:00,29.8
2025-06-12 17:18:00,49.28634215500945
2025-06-12 00:40:00,51.7
2025-06-12 08:30:00,49.28634215500945
2025-06-12 10:56:00,1.8
2025-06-12 18:02:00,98.1
2025-06-12 06:49:00,57.1
2025-06-12 04:44:00,49.28634215500945
2025-06-12 22:57:00,99.3
2025-06-12 02:53:00,73.4
2025-06-12 23:25:00,20.5
2025-06-12 13:43:00,49.28634215500945
2025-06-12 01:17:00,61.3
2025-06-12 15:55:00,5.7
2025-06-12 17:44:00,45.7
2025-06-12 08:46:00,49.28634215500945
2025-06-12 08:52:00,38.5
2025-06-12 15:15:00,97.5
2025-06-12 09:11:00,35.4
2025-06-12 19:01:00,85.2
2025-06-12 15:37:00,72.4
2025-06-12 11:08:00,49.28634215500945
2025-06-12 21:04:00,59.8
2025-06-12 20:33:00,13.5
2025-06-12 06:40:00,45.4
2025-06-12 19:11:00,41.2
2025-06-12 07:23:00,37.4
2025-06-12 00:30:00,32.7
2025-06-12 10:06:00,51.8
2025-06-12 16:10:00,28.0
2025-06-12 10:22:00,42.3
2025-06-12 08:21:00,41.8
2025-06-12 07:56:00,50.0812925170068
2025-06-12 17:21:00,1.6
2025-06-12 16:36:00,26.8
2025-06-12 21:16:00,81.7
2025-06-12 10:39:00,27.3
2025-06-12 19:55:00,91.7
2025-06-12 00:02:00,69.0
2025-06-12 21:14:00,71.0
2025-06-12 04:16:00,64.0
2025-06-12 12:31:00,99.5
2025-06-12 06:51:00,16.5
2025-06-12 02:57:00,58.1
2025-06-12 08:22:00,12.1
2025-06-12 03:21:00,52.3
2025-06-12 16:47:00,5.0
2025-06-12 02:37:00,64.5
2025-06-12 15:50:00,94.5
2025-06-12 11:55:00,70.1
2025-06-12 03:30:00,96.1
2025-06-12 09:16:00,34.0
2025-06-12 23:47:00,50.0812925170068
2025-06-12 13:42:00,94.7
2025-06-12 04:21:00,26.8
2025-06-12 03:43:00,3.6
2025-06-12 09:04:00,77.5
2025-06-12 20:47:00,55.8
2025-06-12 01:33:00,67.9
2025-06-12 01:51:00,94.2
2025-06-12 06:43:00,4.1
2025-06-12 08:53:00,68.1
2025-06-12 08:16:00,7.6
2025-06-12 20:43:00,3.4
2025-06-12 15:25:00,98.0
2025-06-12 05:30:00,50.0812925170068
2025-06-12 22:57:00,77.6
2025-06-12 17:14:00,21.7
2025-06-12 17:09:00,49.3
2025-06-12 21:29:00,60.4
2025-06-12 19:01:00,39.9
2025-06-12 22:04:00,8.9
2025-06-12 21:59:00,77.8
2025-06-12 17:02:00,50.0812925170068
2025-06-12 19:14:00,75.3
2025-06-12 17:55:00,50.0812925170068
2025-06-12 13:25:00,3.3
2025-06-12 08:29:00,28.0
2025-06-12 09:17:00,81.7
2025-06-12 13:02:00,69.9
2025-06-12 00:57:00,61.8
2025-06-12 13:45:00,84.0
2025-06-12 00:12:00,93.3
2025-06-12 22:08:00,99.2
2025-06-12 05:21:00,72.0
2025-06-12 02:25:00,52.1
2025-06-12 17:04:00,11.1
2025-06-12 01:34:00,46.8
2025-06-12 12:03:00,67.4
2025-06-12 02:50:00,50.0812925170068
2025-06-12 10:27:00,77.4
2025-06-12 18:42:00,77.0
2025-06-12 06:18:00,66.3
2025-06-12 23:25:00,38.7
2025-06-12 20:43:00,36.6
2025-06-12 16:56:00,4.9
2025-06-12 22:49:00,5.6
2025-06-12 02:45:00,50.0812925170068
2025-06-12 00:26:00,50.0812925170068
2025-06-12 10:22:00,39.2
2025-06-12 06:18:00,41.9
2025-06-12 09:43:00,5.5
2025-06-12 20:31:00,37.4
2025-06-12 19:55:00,96.9
2025-06-12 20:21:00,12.7
2025-06-12 02:28:00,72.2
2025-06-12 16:33:00,89.4
2025-06-12 03:10:00,67.3
2025-06-12 22:59:00,5.4
2025-06-12 23:07:00,71.5
2025-06-12 19:04:00,77.6
2025-06-12 20:59:00,35.2
2025-06-12 23:25:00,25.3
2025-06-12 01:50:00,50.0812925170068
2025-06-12 03:10:00,75.7
2025-06-12 20:04:00,13.8
2025-06-12 12:20:00,23.4
2025-06-12 03:23:00,38.3
2025-06-12 04:26:00,64.1
2025-06-12 19:36:00,58.1
2025-06-12 17:54:00,35.7
2025-06-12 04:13:00,69.5
2025-06-12 10:47:00,50.0812925170068
2025-06-12 22:01:00,96.3
2025-06-12 03:43:00,50.0812925170068
2025-06-12 06:56:00,62.1
2025-06-12 22:20:00,28.6
2025-06-12 17:27:00,0.5
2025-06-12 04:05:00,56.7
2025-06-12 11:47:00,84.2
2025-06-12 11:50:00,50.0812925170068
2025-06-12 04:06:00,61.6
2025-06-12 11:51:00,57.3
2025-06-12 07:59:00,72.1
2025-06-12 04:19:00,33.6
2025-06-12 12:59:00,39.5
2025-06-12 22:23:00,88.2
2025-06-12 17:10:00,46.8
2025-06-12 07:29:00,6.2
2025-06-12 08:08:00,93.0
2025-06-12 18:16:00,69.0
2025-06-12 02:10:00,71.5
2025-06-12 22:53:00,50.0812925170068
2025-06-12 08:16:00,89.1
2025-06-12 05:53:00,82.3
2025-06-12 21:12:00,33.8
2025-06-12 11:53:00,91.5
2025-06-12 19:40:00,97.6
2025-06-12 08:20:00,40.0
2025-06-12 21:56:00,59.8
2025-06-12 12:01:00,92.0
2025-06-12 21:07:00,35.5
2025-06-12 23:27:00,44.9
2025-06-12 11:58:00,16.3
2025-06-12 08:28:00,81.7
2025-06-12 20:20:00,80.5
2025-06-12 22:52:00,93.2
2025-06-12 19:32:00,20.7
2025-06-12 03:04:00,32.4
2025-06-12 15:02:00,91.5
2025-06-12 09:14:00,26.6
2025-06-12 05:39:00,45.9
2025-06-12 04:09:00,69.4
2025-06-12 14:22:00,76.9
2025-06-12 08:40:00,61.9
2025-06-12 18:03:00,5.7
2025-06-12 15:50:00,50.0812925170068
2025-06-12 21:23:00,58.6
2025-06-12 10:36:00,26.6
2025-06-12 09:58:00,12.4
2025-06-12 16:01:00,81.3
2025-06-12 15:21:00,20.8
2025-06-12 22:13:00,22.7
2025-06-12 11:06:00,60.7
2025-06-12 23:33:00,50.0812925170068
2025-06-12 09:29:00,7.6
2025-06-12 01:20:00,12.4
2025-06-12 04:17:00,53.2
2025-06-12 20:31:00,2.1
2025-06-12 14:17:00,8.0
2025-06-12 07:09:00,30.8
2025-06-12 13:35:00,36.8
2025-06-12 13:22:00,81.7
2025-06-12 15:55:00,28.8
2025-06-12 10:23:00,8.2
2025-06-12 21:03:00,76.8
2025-06-12 22:37:00,28.9
2025-06-12 01:00:00,8.8
2025-06-12 07:35:00,23.5
2025-06-12 01:52:00,82.8
2025-06-12 03:32:00,81.9
2025-06-12 05:45:00,32.7
2025-06-12 23:58:00,22.1
2025-06-12 11:45:00,6.2
2025-06-12 21:20:00,82.0
2025-06-12 16:10:00,55.8
2025-06-12 19:09:00,75.2
2025-06-12 20:19:00,44.2
2025-06-12 12:31:00,44.7
2025-06-12 02:13:00,55.9
2025-06-12 04:58:00,64.8
2025-06-12 13:58:00,60.6
2025-06-12 14:31:00,53.5
2025-06-12 16:26:00,46.6
2025-06-12 04:21:00,85.0
2025-06-12 10:00:00,41.2
2025-06-12 03:02:00,65.5
2025-06-12 13:02:00,96.1
2025-06-12 01:46:00,50.0812925170068
2025-06-12 12:50:00,62.2
2025-06-12 05:13:00,17.9
2025-06-12 06:59:00,53.8
2025-06-12 08:39:00,11.5
2025-06-12 14:04:00,66.1
2025-06-12 21:28:00,50.0812925170068
2025-06-12 17:09:00,33.0
2025-06-12 09:12:00,57.7
2025-06-12 16:46:00,28.5
2025-06-12 20:18:00,30.8
2025-06-12 18:42:00,58.6
2025-06-12 09:51:00,36.4
2025-06-12 03:25:00,82.3
2025-06-12 01:00:00,42.9
2025-06-12 07:47:00,77.4
2025-06-12 11:34:00,67.7
2025-06-12 23:35:00,43.2
2025-06-12 03:29:00,2.3
2025-06-12 14:55:00,15.2
2025-06-12 11:58:00,62.3
2025-06-12 07:01:00,97.1
2025-06-12 03:55:00,45.7
2025-06-12 00:52:00,50.0812925170068
2025-06-12 08:14:00,91.0
2025-06-12 15:59:00,50.0812925170068
2025-06-12 10:45:00,26.7
2025-06-12 04:41:00,30.8
2025-06-12 19:11:00,8.9
2025-06-12 15:42:00,4.4
2025-06-12 16:11:00,4.3
2025-06-12 05:04:00,71.0
2025-06-12 00:44:00,50.0812925170068
2025-06-12 01:09:00,50.0812925170068
2025-06-12 14:00:00,14.9
2025-06-12 08:44:00,0.4
2025-06-12 07:47:00,92.2
2025-06-12 03:25:00,50.0812925170068
2025-06-12 19:31:00,6.2
2025-06-12 23:37:00,53.4
2025-06-12 08:19:00,50.0812925170068
2025-06-12 14:29:00,5.7
2025-06-12 01:28:00,73.6
2025-06-12 12:16:00,24.7
2025-06-12 13:53:00,16.5
2025-06-12 15:36:00,63.7
2025-06-12 17:12:00,47.1
2025-06-12 03:43:00,17.5
2025-06-12 00:59:00,81.8
2025-06-12 16:06:00,62.7
2025-06-12 12:56:00,29.9
2025-06-12 09:43:00,38.1
2025-06-12 21:30:00,51.0
2025-06-12 19:18:00,50.0812925170068
2025-06-12 02:11:00,31.5
2025-06-12 07:27:00,43.8
2025-06-12 03:30:00,70.1
2025-06-12 14:13:00,19.2
2025-06-12 20:09:00,91.5
2025-06-12 14:13:00,53.6
2025-06-12 23:35:00,50.0812925170068
2025-06-12 19:48:00,17.6
2025-06-12 22:12:00,67.4
2025-06-12 19:36:00,47.5
2025-06-12 08:01:00,33.6
2025-06-12 05:08:00,20.8
2025-06-12 00:09:00,34.2
2025-06-12 03:44:00,32.0
2025-06-12 08:11:00,51.8
2025-06-12 13:55:00,14.7
2025-06-12 03:24:00,28.1
2025-06-12 04:01:00,3.6
2025-06-12 15:28:00,39.3
2025-06-12 01:48:00,93.8
2025-06-12 00:57:00,50.0812925170068
2025-06-12 08:54:00,64.8
2025-06-12 20:42:00,50.0812925170068
2025-06-12 08:06:00,2.5
2025-06-12 13:24:00,41.3
2025-06-12 23:05:00,50.0812925170068
2025-06-12 22:02:00,49.0
2025-06-12 21:20:00,2.1
2025-06-12 22:46:00,3.6
2025-06-12 06:26:00,1.1
2025-06-12 11:51:00,26.2
2025-06-12 18:18:00,50.6
2025-06-12 10:29:00,34.0
2025-06-12 23:11:00,68.2
2025-06-12 18:18:00,49.9
2025-06-12 22:53:00,50.0812925170068
2025-06-12 04:01:00,80.9
2025-06-12 14:09:00,73.4
2025-06-12 12:34:00,49.7
2025-06-12 02:13:00,10.8
2025-06-12 08:29:00,87.0
2025-06-12 20:31:00,50.2
2025-06-12 23:04:00,85.7
2025-06-12 08:09:00,44.5
2025-06-12 04:11:00,50.0812925170068
2025-06-12 16:07:00,91.7
2025-06-12 12:09:00,50.0812925170068
2025-06-12 18:31:00,9.2
2025-06-12 01:00:00,50.0812925170068
2025-06-12 03:01:00,50.0812925170068
2025-06-12 02:05:00,77.6
2025-06-12 07:25:00,50.0812925170068
2025-06-12 02:14:00,61.8
2025-06-12 10:48:00,21.9
2025-06-12 03:26:00,0.7
2025-06-12 22:02:00,55.0
2025-06-12 16:54:00,50.0812925170068
2025-06-12 18:51:00,50.0812925170068
2025-06-12 11:13:00,87.2
2025-06-12 14:56:00,24.1
2025-06-12 02:37:00,71.4
2025-06-12 04:33:00,17.8
2025-06-12 02:34:00,23.6
2025-06-12 09:55:00,20.5
2025-06-12 09:21:00,6.2
2025-06-12 11:31:00,69.6
2025-06-12 17:08:00,54.4
2025-06-12 07:14:00,50.0812925170068
2025-06-12 03:22:00,60.8
2025-06-12 15:29:00,50.0812925170068
2025-06-12 12:52:00,98.4
2025-06-12 15:46:00,70.1
2025-06-12 05:15:00,82.2
2025-06-12 04:44:00,50.0812925170068
2025-06-12 05:24:00,67.1
2025-06-12 04:00:00,86.2
2025-06-12 06:40:00,84.8
2025-06-12 10:43:00,97.1
2025-06-12 14:32:00,50.0812925170068
2025-06-12 04:25:00,88.3
2025-06-12 08:18:00,48.8
2025-06-12 10:00:00,34.1
2025-06-12 11:22:00,75.8
2025-06-12 23:47:00,71.0
2025-06-12 03:34:00,36.9
2025-06-12 03:55:00,37.7
2025-06-12 05:16:00,45.3
2025-06-12 11:26:00,41.4
2025-06-12 15:40:00,36.6
2025-06-12 22:06:00,1.3
2025-06-12 23:27:00,50.0812925170068
2025-06-12 09:47:00,51.1
2025-06-12 22:12:00,94.4
2025-06-12 16:48:00,49.0
2025-06-12 23:01:00,74.8
2025-06-12 23:31:00,50.0812925170068
2025-06-12 00:53:00,75.8
2025-06-12 13:22:00,45.6
2025-06-12 18:39:00,50.0812925170068
2025-06-12 04:44:00,77.2
2025-06-12 11:38:00,82.3
2025-06-12 15:35:00,39.6
2025-06-12 10:03:00,50.0812925170068
2025-06-12 13:47:00,65.8
2025-06-12 13:58:00,46.9
2025-06-12 22:44:00,96.1
2025-06-12 10:13:00,8.3
2025-06-12 22:22:00,84.3
2025-06-12 01:36:00,33.4
2025-06-12 04:06:00,23.9
2025-06-12 10:13:00,27.7
2025-06-12 22:22:00,5.5
2025-06-12 17:59:00,98.7
2025-06-12 00:00:00,80.2
2025-06-12 20:20:00,49.63695830886671
2025-06-12 03:34:00,59.3
2025-06-12 00:42:00,85.0
2025-06-12 23:39:00,66.8
2025-06-12 12:06:00,99.2
2025-06-12 08:38:00,71.8
2025-06-12 03:32:00,71.7
2025-06-12 18:06:00,68.9
2025-06-12 18:19:00,79.7
2025-06-12 02:12:00,49.63695830886671
2025-06-12 08:47:00,58.8
2025-06-12 18:11:00,12.1
2025-06-12 23:32:00,16.6
2025-06-12 16:29:00,57.0
2025-06-12 21:03:00,6.0
2025-06-12 10:28:00,49.63695830886671
2025-06-12 07:00:00,61.4
2025-06-12 19:16:00,38.4
2025-06-12 19:36:00,87.8
2025-06-12 14:37:00,92.1
2025-06-12 11:17:00,28.7
2025-06-12 20:01:00,49.63695830886671
2025-06-12 09:16:00,36.2
2025-06-12 19:54:00,17.0
2025-06-12 11:49:00,18.3
2025-06-12 12:52:00,1.5
2025-06-12 10:39:00,49.63695830886671
2025-06-12 05:59:00,40.3
2025-06-12 22:59:00,75.3
2025-06-12 09:17:00,75.7
2025-06-12 01:51:00,20.8
2025-06-12 19:38:00,94.2
2025-06-12 11:33:00,26.7
2025-06-12 23:55:00,30.8
2025-06-12 15:52:00,48.9
2025-06-12 05:56:00,23.0
2025-06-12 16:22:00,13.3
2025-06-12 01:47:00,58.6
2025-06-12 12:54:00,32.4
2025-06-12 14:12:00,55.5
2025-06-12 06:31:00,38.8
2025-06-12 13:32:00,69.6
2025-06-12 16:21:00,68.3
2025-06-12 08:10:00,83.2
2025-06-12 21:05:00,82.2
2025-06-12 11:36:00,39.5
2025-06-12 10:04:00,60.1
2025-06-12 01:26:00,32.7
2025-06-12 22:49:00,57.3
2025-06-12 14:40:00,86.2
2025-06-12 05:32:00,37.4
2025-06-12 13:49:00,40.2
2025-06-12 16:28:00,39.0
2025-06-12 05:37:00,46.1
2025-06-12 03:14:00,76.4
2025-06-12 13:22:00,44.9
2025-06-12 03:35:00,30.6
2025-06-12 01:19:00,30.5
2025-06-12 22:35:00,38.8
2025-06-12 12:54:00,32.8
2025-06-12 23:29:00,57.6
2025-06-12 13:50:00,18.6
2025-06-12 08:42:00,82.5
2025-06-12 07:50:00,72.7
2025-06-12 09:51:00,32.6
2025-06-12 02:05:00,84.4
2025-06-12 18:38:00,30.4
2025-06-12 00:11:00,72.1
2025-06-12 22:09:00,81.4
2025-06-12 11:46:00,68.5
2025-06-12 07:29:00,72.0
2025-06-12 05:38:00,19.7
2025-06-12 10:23:00,35.9
2025-06-12 11:20:00,36.1
2025-06-12 17:46:00,73.8
2025-06-12 17:38:00,50.3
2025-06-12 06:34:00,69.7
2025-06-12 08:22:00,86.0
2025-06-12 12:24:00,55.2
2025-06-12 07:39:00,0.9
2025-06-12 01:52:00,57.0
2025-06-12 00:14:00,1.5
2025-06-12 04:46:00,49.63695830886671
2025-06-12 22:11:00,49.63695830886671
2025-06-12 04:45:00,83.6
2025-06-12 19:46:00,49.63695830886671
2025-06-12 21:32:00,15.6
2025-06-12 05:24:00,47.4
2025-06-12 02:25:00,25.9
2025-06-12 10:14:00,33.7
2025-06-12 21:35:00,13.7
2025-06-12 07:43:00,67.5
2025-06-12 17:06:00,68.0
2025-06-12 10:07:00,80.2
2025-06-12 03:28:00,49.63695830886671
2025-06-12 08:49:00,21.3
2025-06-12 16:29:00,72.2
2025-06-12 08:02:00,54.2
2025-06-12 07:42:00,15.5
2025-06-12 20:53:00,48.1
2025-06-12 13:17:00,13.4
2025-06-12 08:38:00,34.6
2025-06-12 23:54:00,94.2
2025-06-12 03:49:00,66.8
2025-06-12 19:34:00,33.8
2025-06-12 01:40:00,8.0
2025-06-12 07:36:00,98.6
2025-06-12 23:14:00,49.63695830886671
2025-06-12 13:18:00,62.2
2025-06-12 20:33:00,85.0
2025-06-12 10:59:00,49.63695830886671
2025-06-12 06:06:00,89.3
2025-06-12 06:47:00,12.6
2025-06-12 05:44:00,36.2
2025-06-12 10:23:00,29.4
2025-06-12 03:44:00,49.2
2025-06-12 07:09:00,59.6
2025-06-12 06:01:00,1.4
2025-06-12 13:27:00,22.6
2025-06-12 20:28:00,50.7
2025-06-12 13:49:00,84.1
2025-06-12 01:17:00,67.7
2025-06-12 18:51:00,91.2
2025-06-12 13:47:00,49.63695830886671
2025-06-12 16:14:00,94.6
2025-06-12 17:53:00,50.1
2025-06-12 17:07:00,5.9
2025-06-12 09:14:00,28.1
2025-06-12 10:24:00,29.9
2025-06-12 08:46:00,72.3
2025-06-12 09:06:00,20.2
2025-06-12 22:12:00,82.4
2025-06-12 23:43:00,24.1
2025-06-12 09:41:00,34.0
2025-06-12 10:52:00,23.7
2025-06-12 00:05:00,10.7
2025-06-12 04:24:00,49.63695830886671
2025-06-12 00:27:00,88.5
2025-06-12 00:21:00,98.1
2025-06-12 10:45:00,2.2
2025-06-12 20:53:00,3.3
2025-06-12 02:27:00,49.63695830886671
2025-06-12 17:56:00,78.2
2025-06-12 13:48:00,86.0
2025-06-12 00:47:00,45.2
2025-06-12 06:54:00,59.7
2025-06-12 11:08:00,83.0
2025-06-12 06:35:00,73.9
2025-06-12 17:38:00,50.7
2025-06-12 20:24:00,3.6
2025-06-12 03:56:00,25.9
2025-06-12 02:00:00,86.6
2025-06-12 12:37:00,49.63695830886671
2025-06-12 08:32:00,27.9
2025-06-12 08:15:00,49.63695830886671
2025-06-12 18:50:00,7.1
2025-06-12 18:12:00,87.0
2025-06-12 08:41:00,38.1
2025-06-12 08:55:00,12.7
2025-06-12 07:52:00,1.9
2025-06-12 21:03:00,26.0
2025-06-12 05:04:00,5.5
2025-06-12 09:39:00,61.9
2025-06-12 17:09:00,79.6
2025-06-12 16:14:00,37.9
2025-06-12 01:44:00,49.63695830886671
2025-06-12 04:45:00,60.3
2025-06-12 18:12:00,39.1
2025-06-12 16:54:00,96.3
2025-06-12 01:56:00,49.63695830886671
2025-06-12 18:09:00,33.7
2025-06-12 10:19:00,73.8
2025-06-12 00:14:00,67.4
2025-06-12 05:07:00,64.8
2025-06-12 23:32:00,90.5
2025-06-12 15:55:00,56.1
2025-06-12 13:19:00,4.4
2025-06-12 07:44:00,84.0
2025-06-12 18:55:00,26.0
2025-06-12 11:49:00,85.8
2025-06-12 20:07:00,21.8
2025-06-12 02:26:00,49.63695830886671
2025-06-12 16:34:00,75.7
2025-06-12 11:00:00,91.7
2025-06-12 00:49:00,49.63695830886671
2025-06-12 18:15:00,49.63695830886671
2025-06-12 19:05:00,87.6
2025-06-12 10:26:00,49.63695830886671
2025-06-12 11:37:00,7.2
2025-06-12 19:54:00,49.63695830886671
2025-06-12 01:34:00,99.1
2025-06-12 06:18:00,92.7
2025-06-12 12:15:00,8.0
2025-06-12 05:51:00,52.4
2025-06-12 09:17:00,93.7
2025-06-12 05:47:00,21.3
2025-06-12 05:24:00,51.4
2025-06-12 06:32:00,26.3
2025-06-12 12:31:00,88.4
2025-06-12 10:07:00,45.9
2025-06-12 07:29:00,50.0
2025-06-12 11:05:00,56.6
2025-06-12 23:41:00,88.6
2025-06-12 05:04:00,51.3
2025-06-12 16:15:00,49.63695830886671
2025-06-12 08:23:00,13.4
2025-06-12 05:33:00,37.4
2025-06-12 18:13:00,93.2
2025-06-12 08:44:00,65.1
2025-06-12 07:51:00,97.9
2025-06-12 00:58:00,6.8
2025-06-12 07:16:00,28.4
2025-06-12 04:43:00,49.63695830886671
2025-06-12 20:23:00,16.4
2025-06-12 12:23:00,55.8
2025-06-12 09:00:00,48.1
2025-06-12 21:46:00,91.9
2025-06-12 11:48:00,92.6
2025-06-12 18:21:00,28.9
2025-06-12 14:36:00,96.0
2025-06-12 14:22:00,68.9
2025-06-12 13:29:00,12.5
2025-06-12 17:11:00,49.63695830886671
2025-06-12 18:30:00,4.7
2025-06-12 01:27:00,81.7
2025-06-12 17:51:00,46.1
2025-06-12 21:30:00,60.1
2025-06-12 16:19:00,44.7
2025-06-12 02:07:00,43.6
2025-06-12 23:47:00,78.5
2025-06-12 10:13:00,38.0
2025-06-12 02:47:00,80.6
2025-06-12 19:19:00,35.2
2025-06-12 21:04:00,0.2
2025-06-12 03:13:00,41.4
2025-06-12 15:14:00,53.6
2025-06-12 20:07:00,65.1
2025-06-12 11:42:00,78.7
2025-06-12 02:06:00,22.9
2025-06-12 18:51:00,97.8
2025-06-12 12:04:00,60.6
2025-06-12 08:13:00,49.1
2025-06-12 02:37:00,44.7
2025-06-12 16:24:00,39.5
2025-06-12 07:36:00,67.3
2025-06-12 21:23:00,95.3
2025-06-12 00:15:00,58.2
2025-06-12 17:57:00,33.5
2025-06-12 16:31:00,10.5
2025-06-12 06:10:00,94.9
2025-06-12 10:06:00,49.63695830886671
2025-06-12 16:27:00,43.5
2025-06-12 06:47:00,49.63695830886671
2025-06-12 15:38:00,47.3
2025-06-12 23:30:00,4.7
2025-06-12 11:39:00,49.63695830886671
2025-06-12 15:52:00,74.9
2025-06-12 04:54:00,31.0
2025-06-12 00:59:00,54.1
2025-06-12 23:15:00,65.2
2025-06-12 10:57:00,88.0
2025-06-12 23:57:00,49.63695830886671
2025-06-12 14:13:00,49.63695830886671
2025-06-12 12:56:00,60.5
2025-06-12 02:41:00,49.63695830886671
2025-06-12 05:28:00,49.63695830886671
2025-06-12 13:05:00,17.6
2025-06-12 23:07:00,58.0
2025-06-12 12:51:00,47.5
2025-06-12 21:58:00,80.1
2025-06-12 01:58:00,32.4
2025-06-12 14:13:00,62.8
2025-06-12 22:21:00,45.1
2025-06-12 02:20:00,69.2
2025-06-12 02:19:00,21.3
2025-06-12 17:56:00,30.9
2025-06-12 23:55:00,59.6
2025-06-12 07:49:00,91.4
2025-06-12 00:18:00,68.1
2025-06-12 14:07:00,72.7
2025-06-12 16:21:00,49.63695830886671
2025-06-12 20:46:00,10.9
2025-06-12 07:46:00,27.2
2025-06-12 10:33:00,49.63695830886671
2025-06-12 22:08:00,4.1
2025-06-12 18:53:00,86.1
2025-06-12 07:17:00,20.7
2025-06-12 19:28:00,10.5
2025-06-12 19:21:00,68.8
2025-06-12 19:45:00,80.9
2025-06-12 16:51:00,70.0
2025-06-12 10:44:00,49.63695830886671
2025-06-12 08:43:00,52.5
2025-06-12 23:40:00,20.4
2025-06-12 01:25:00,87.4
2025-06-12 19:08:00,49.63695830886671
2025-06-12 12:12:00,19.1
2025-06-12 17:54:00,14.5
2025-06-12 11:59:00,90.3
2025-06-12 12:53:00,49.63695830886671
2025-06-12 20:28:00,5.5
2025-06-12 13:02:00,6.4
2025-06-12 00:10:00,49.63695830886671
2025-06-12 03:26:00,23.7
2025-06-12 07:25:00,49.63695830886671
2025-06-12 10:36:00,66.0
2025-06-12 10:20:00,41.6
2025-06-12 10:20:00,51.6
2025-06-12 07:23:00,12.2
2025-06-12 18:35:00,63.5
2025-06-12 22:01:00,75.3
2025-06-12 10:09:00,9.5
2025-06-12 15:41:00,87.9
2025-06-12 09:23:00,94.4
2025-06-12 17:02:00,79.7
2025-06-12 10:01:00,49.63695830886671
2025-06-12 12:40:00,80.2
2025-06-12 11:03:00,80.6
2025-06-12 00:21:00,49.63695830886671
2025-06-12 19:20:00,75.6
2025-06-12 04:55:00,75.2
2025-06-12 02:35:00,29.6
2025-06-12 16:39:00,88.1
2025-06-12 06:10:00,75.1
2025-06-12 09:02:00,40.5
2025-06-12 18:53:00,41.2
2025-06-12 14:42:00,47.3
2025-06-12 22:24:00,81.7
2025-06-12 21:42:00,49.63695830886671
2025-06-12 03:32:00,9.6
2025-06-12 11:39:00,83.7
2025-06-12 08:00:00,56.7
2025-06-12 13:54:00,61.9
2025-06-12 07:27:00,94.4
2025-06-12 08:39:00,47.7
2025-06-12 18:42:00,99.0
2025-06-12 04:58:00,49.63695830886671
2025-06-12 11:18:00,4.9
2025-06-12 10:32:00,22.2
2025-06-12 10:18:00,83.8
2025-06-12 09:39:00,56.9
2025-06-12 18:45:00,84.2
2025-06-12 22:05:00,16.8
2025-06-12 14:13:00,83.2
2025-06-12 06:58:00,49.63695830886671
2025-06-12 11:16:00,60.1
2025-06-12 02:25:00,11.7
2025-06-12 07:48:00,61.9
2025-06-12 13:46:00,30.6
2025-06-12 09:02:00,2.5
2025-06-12 09:58:00,1.1
2025-06-12 17:34:00,38.9
2025-06-12 20:31:00,49.63695830886671
2025-06-12 09:22:00,89.7
2025-06-12 05:52:00,96.4
2025-06-12 18:29:00,47.4
2025-06-12 05:38:00,50.5
2025-06-12 23:34:00,78.6
2025-06-12 13:37:00,30.9
2025-06-12 01:40:00,45.2
2025-06-12 18:50:00,96.0
2025-06-12 15:59:00,67.0
2025-06-12 04:05:00,96.9
2025-06-12 21:51:00,58.2
2025-06-12 20:03:00,72.9
2025-06-12 01:23:00,58.2
2025-06-12 12:48:00,50.41405513666353
2025-06-12 17:38:00,12.5
2025-06-12 19:45:00,53.5
2025-06-12 10:55:00,38.2
2025-06-12 17:52:00,1.5
2025-06-12 06:29:00,47.1
2025-06-12 02:06:00,16.1
2025-06-12 21:26:00,15.4
2025-06-12 00:50:00,88.4
2025-06-12 08:39:00,95.1
2025-06-12 06:22:00,99.4
2025-06-12 06:05:00,50.41405513666353
2025-06-12 01:37:00,40.5
2025-06-12 03:30:00,76.5
2025-06-12 20:29:00,4.6
2025-06-12 01:34:00,15.7
2025-06-12 19:24:00,92.7
2025-06-12 08:12:00,97.5
2025-06-12 01:16:00,99.5
2025-06-12 09:50:00,11.5
2025-06-12 06:23:00,89.4
2025-06-12 13:16:00,47.4
2025-06-12 04:07:00,58.2
2025-06-12 20:29:00,50.41405513666353
2025-06-12 05:41:00,56.5
2025-06-12 21:54:00,42.8
2025-06-12 08:47:00,94.6
2025-06-12 21:47:00,95.6
2025-06-12 03:05:00,28.7
2025-06-12 21:27:00,39.6
2025-06-12 20:30:00,51.1
2025-06-12 10:06:00,9.4
2025-06-12 11:25:00,50.41405513666353
2025-06-12 16:26:00,93.5
2025-06-12 13:24:00,60.6
2025-06-12 20:42:00,51.7
2025-06-12 04:10:00,71.7
2025-06-12 16:16:00,81.0
2025-06-12 14:49:00,19.7
2025-06-12 21:39:00,84.2
2025-06-12 13:32:00,64.6
2025-06-12 15:55:00,66.9
2025-06-12 22:45:00,50.41405513666353
2025-06-12 17:07:00,50.41405513666353
2025-06-12 21:18:00,83.9
2025-06-12 13:01:00,44.3
2025-06-12 09:02:00,33.7
2025-06-12 08:50:00,50.41405513666353
2025-06-12 01:40:00,43.1
2025-06-12 17:15:00,63.7
2025-06-12 19:26:00,50.41405513666353
2025-06-12 11:19:00,85.7
2025-06-12 07:20:00,33.1
2025-06-12 11:51:00,50.41405513666353
2025-06-12 10:49:00,98.3
2025-06-12 23:09:00,8.0
2025-06-12 06:05:00,94.2
2025-06-12 05:45:00,50.41405513666353
2025-06-12 08:31:00,100.0
2025-06-12 20:41:00,51.2
2025-06-12 00:07:00,0.7
2025-06-12 15:13:00,99.2
2025-06-12 19:22:00,97.8
2025-06-12 18:24:00,27.6
2025-06-12 21:07:00,40.6
2025-06-12 08:04:00,16.1
2025-06-12 01:30:00,15.9
2025-06-12 22:59:00,44.0
2025-06-12 21:15:00,64.9
2025-06-12 04:05:00,58.4
2025-06-12 14:39:00,12.9
2025-06-12 19:47:00,51.4
2025-06-12 12:00:00,18.5
2025-06-12 02:49:00,27.7
2025-06-12 23:12:00,94.2
2025-06-12 14:47:00,83.1
2025-06-12 20:51:00,75.4
2025-06-12 01:56:00,13.9
2025-06-12 09:45:00,81.7
2025-06-12 01:40:00,53.5
2025-06-12 13:10:00,50.41405513666353
2025-06-12 13:17:00,45.7
2025-06-12 16:44:00,68.9
2025-06-12 17:58:00,31.7
2025-06-12 06:43:00,92.9
2025-06-12 07:39:00,60.3
2025-06-12 10:59:00,79.4
2025-06-12 08:11:00,30.1
2025-06-12 17:09:00,79.7
2025-06-12 22:29:00,62.9
2025-06-12 12:45:00,32.8
2025-06-12 15:46:00,50.41405513666353
2025-06-12 05:33:00,89.8
2025-06-12 15:17:00,71.9
2025-06-12 01:15:00,99.8
2025-06-12 06:49:00,4.8
2025-06-12 07:46:00,93.3
2025-06-12 18:10:00,88.6
2025-06-12 23:19:00,13.3
2025-06-12 17:01:00,23.8
2025-06-12 03:06:00,47.1
2025-06-12 06:42:00,48.9
2025-06-12 16:04:00,57.8
2025-06-12 17:56:00,4.2
2025-06-12 22:31:00,32.8
2025-06-12 17:34:00,84.0
2025-06-12 17:28:00,50.41405513666353
2025-06-12 05:00:00,49.5
2025-06-12 18:09:00,21.0
2025-06-12 09:00:00,80.3
2025-06-12 01:16:00,79.6
2025-06-12 08:15:00,15.8
2025-06-12 16:28:00,63.6
2025-06-12 03:59:00,50.41405513666353
2025-06-12 20:07:00,32.3
2025-06-12 04:46:00,7.9
2025-06-12 12:38:00,30.1
2025-06-12 20:12:00,70.6
2025-06-12 10:45:00,27.5
2025-06-12 08:47:00,90.9
2025-06-12 19:53:00,56.6
2025-06-12 12:21:00,70.9
2025-06-12 14:13:00,50.41405513666353
2025-06-12 07:57:00,5.6
2025-06-12 22:52:00,82.6
2025-06-12 14:08:00,56.0
2025-06-12 05:02:00,39.2
2025-06-12 13:02:00,7.3
2025-06-12 04:59:00,94.7
2025-06-12 18:48:00,1.6
2025-06-12 08:07:00,50.41405513666353
2025-06-12 09:20:00,68.0
2025-06-12 01:54:00,16.4
2025-06-12 10:39:00,6.8
2025-06-12 06:53:00,2.3
2025-06-12 11:59:00,52.0
2025-06-12 00:34:00,45.6
2025-06-12 00:20:00,22.1
2025-06-12 21:19:00,98.7
2025-06-12 16:15:00,96.7
2025-06-12 01:27:00,50.41405513666353
2025-06-12 17:26:00,12.1
2025-06-12 14:58:00,22.2
2025-06-12 08:57:00,83.7
2025-06-12 08:52:00,67.8
2025-06-12 01:02:00,68.0
2025-06-12 18:13:00,41.3
2025-06-12 08:47:00,29.0
2025-06-12 14:11:00,39.8
2025-06-12 00:19:00,44.8
2025-06-12 20:18:00,91.1
2025-06-12 08:34:00,40.4
2025-06-12 04:43:00,50.41405513666353
2025-06-12 04:40:00,5.2
2025-06-12 04:26:00,32.3
2025-06-12 22:48:00,50.41405513666353
2025-06-12 21:11:00,57.1
2025-06-12 12:17:00,42.8
2025-06-12 22:20:00,19.1
2025-06-12 22:23:00,30.2
2025-06-12 06:40:00,33.4
2025-06-12 12:57:00,39.6
2025-06-12 11:06:00,78.9
2025-06-12 01:49:00,20.1
2025-06-12 05:34:00,81.1
2025-06-12 17:01:00,64.4
2025-06-12 15:13:00,83.1
2025-06-12 16:22:00,34.4
2025-06-12 04:56:00,18.9
2025-06-12 23:20:00,34.5
2025-06-12 19:22:00,50.41405513666353
2025-06-12 23:16:00,58.0
2025-06-12 06:51:00,3.2
2025-06-12 08:57:00,65.2
2025-06-12 16:00:00,20.9
2025-06-12 10:23:00,3.2
2025-06-12 17:00:00,86.5
2025-06-12 20:11:00,90.5
2025-06-12 23:48:00,2.4
2025-06-12 01:51:00,17.6
2025-06-12 11:55:00,14.7
2025-06-12 23:39:00,3.2
2025-06-12 21:03:00,41.5
2025-06-12 18:47:00,12.8
2025-06-12 11:07:00,51.2
2025-06-12 21:10:00,2.0
2025-06-12 03:46:00,23.2
2025-06-12 11:32:00,68.2
2025-06-12 02:34:00,35.8
2025-06-12 07:49:00,47.9
2025-06-12 13:19:00,64.2
2025-06-12 11:07:00,44.8
2025-06-12 01:03:00,49.4
2025-06-12 13:54:00,94.9
2025-06-12 06:54:00,61.1
2025-06-12 17:03:00,81.7
2025-06-12 12:58:00,4.2
2025-06-12 20:17:00,62.8
2025-06-12 07:38:00,31.6
2025-06-12 06:44:00,24.8
2025-06-12 09:54:00,81.2
2025-06-12 11:24:00,14.9
2025-06-12 10:43:00,25.5
2025-06-12 10:39:00,58.5
2025-06-12 17:35:00,50.41405513666353
2025-06-12 07:11:00,50.41405513666353
2025-06-12 17:21:00,27.4
2025-06-12 01:44:00,47.8
2025-06-12 09:39:00,63.2
2025-06-12 20:08:00,14.9
2025-06-12 16:38:00,13.3
2025-06-12 08:54:00,88.6
2025-06-12 21:19:00,11.5
2025-06-12 15:35:00,47.7
2025-06-12 16:25:00,8.6
2025-06-12 02:05:00,74.9
2025-06-12 05:42:00,35.2
2025-06-12 22:45:00,51.1
2025-06-12 06:54:00,50.41405513666353
2025-06-12 06:59:00,50.41405513666353
2025-06-12 13:08:00,46.2
2025-06-12 23:14:00,43.7
2025-06-12 01:53:00,24.6
2025-06-12 22:09:00,64.0
2025-06-12 06:57:00,86.5
2025-06-12 04:53:00,50.41405513666353
2025-06-12 07:16:00,70.8
2025-06-12 21:56:00,69.7
2025-06-12 06:58:00,27.1
2025-06-12 20:33:00,61.5
2025-06-12 18:54:00,77.5
2025-06-12 13:20:00,23.5
2025-06-12 20:23:00,44.5
2025-06-12 03:44:00,50.41405513666353
2025-06-12 04:22:00,76.8
2025-06-12 23:12:00,6.7
2025-06-12 23:43:00,5.6
2025-06-12 19:34:00,85.3
2025-06-12 18:38:00,46.4
2025-06-12 12:00:00,90.0
2025-06-12 12:50:00,66.7
2025-06-12 02:51:00,66.2
2025-06-12 05:48:00,7.6
2025-06-12 20:29:00,99.4
2025-06-12 20:46:00,20.1
2025-06-12 22:06:00,17.7
2025-06-12 03:36:00,84.0
2025-06-12 14:31:00,86.5
2025-06-12 02:21:00,50.41405513666353
2025-06-12 22:29:00,90.8
2025-06-12 15:08:00,70.5
2025-06-12 05:26:00,74.1
2025-06-12 15:27:00,90.6
2025-06-12 23:09:00,97.0
2025-06-12 00:25:00,0.4
2025-06-12 11:25:00,68.4
2025-06-12 00:05:00,33.5
2025-06-12 07:13:00,37.8
2025-06-12 22:21:00,84.3
2025-06-12 00:38:00,17.6
2025-06-12 02:43:00,29.8
2025-06-12 20:26:00,50.41405513666353
2025-06-12 04:05:00,50.41405513666353
2025-06-12 17:45:00,31.5
2025-06-12 21:05:00,67.5
2025-06-12 00:15:00,92.2
2025-06-12 12:58:00,59.2
2025-06-12 15:22:00,88.5
2025-06-12 06:16:00,49.2
2025-06-12 15:47:00,15.1
2025-06-12 11:25:00,22.5
2025-06-12 04:57:00,48.8
2025-06-12 13:46:00,53.9
2025-06-12 05:44:00,50.41405513666353
2025-06-12 07:18:00,50.41405513666353
2025-06-12 02:56:00,50.41405513666353
2025-06-12 14:47:00,56.2
2025-06-12 14:22:00,68.5
2025-06-12 04:01:00,50.41405513666353
2025-06-12 22:37:00,26.7
2025-06-12 15:09:00,38.7
2025-06-12 20:37:00,59.4
2025-06-12 11:42:00,87.1
2025-06-12 14:51:00,50.41405513666353
2025-06-12 23:35:00,25.5
2025-06-12 12:10:00,41.5
2025-06-12 07:02:00,12.6
2025-06-12 02:59:00,59.2
2025-06-12 15:02:00,72.5
2025-06-12 00:21:00,0.0
2025-06-12 13:06:00,77.1
2025-06-12 23:06:00,45.4
2025-06-12 07:13:00,70.3
2025-06-12 15:18:00,27.5
2025-06-12 00:33:00,30.5
2025-06-12 19:09:00,89.7
2025-06-12 13:37:00,54.0
2025-06-12 06:01:00,73.5
2025-06-12 01:40:00,88.0
2025-06-12 07:37:00,12.1
2025-06-12 01:23:00,77.9
2025-06-12 20:30:00,53.5
2025-06-12 22:50:00,3.3
2025-06-12 13:09:00,19.6
2025-06-12 02:17:00,94.8
2025-06-12 23:57:00,34.3
2025-06-12 06:40:00,35.0
2025-06-12 06:37:00,48.3
2025-06-12 22:42:00,74.7
2025-06-12 00:07:00,9.4
2025-06-12 17:37:00,79.8
2025-06-12 09:59:00,11.9
2025-06-12 12:23:00,96.2
2025-06-12 02:09:00,49.776157380139004
2025-06-12 00:24:00,8.4
2025-06-12 15:24:00,42.3
2025-06-12 01:11:00,6.2
2025-06-12 08:46:00,71.6
2025-06-12 07:13:00,43.7
2025-06-12 18:24:00,81.0
2025-06-12 14:10:00,47.0
2025-06-12 21:08:00,39.9
2025-06-12 07:03:00,14.3
2025-06-12 09:53:00,7.7
2025-06-12 21:58:00,67.5
2025-06-12 10:08:00,18.4
2025-06-12 09:01:00,46.7
2025-06-12 16:26:00,57.2
2025-06-12 09:31:00,27.5
2025-06-12 23:42:00,69.0
2025-06-12 03:30:00,43.6
2025-06-12 23:59:00,30.3
2025-06-12 13:16:00,25.4
2025-06-12 07:29:00,68.3
2025-06-12 22:14:00,49.776157380139004
2025-06-12 14:03:00,20.5
2025-06-12 02:01:00,56.2
2025-06-12 15:58:00,49.776157380139004
2025-06-12 13:21:00,26.8
2025-06-12 02:27:00,12.2
2025-06-12 19:32:00,13.6
2025-06-12 08:57:00,49.776157380139004
2025-06-12 02:27:00,34.9
2025-06-12 06:55:00,91.5
2025-06-12 03:04:00,2.0
2025-06-12 05:27:00,53.6
2025-06-12 14:15:00,49.776157380139004
2025-06-12 10:14:00,24.5
2025-06-12 14:01:00,89.8
2025-06-12 17:23:00,49.776157380139004
2025-06-12 09:31:00,93.4
2025-06-12 04:49:00,23.1
2025-06-12 21:09:00,70.8
2025-06-12 21:05:00,62.0
2025-06-12 14:34:00,44.4
2025-06-12 15:41:00,16.3
2025-06-12 13:52:00,78.6
2025-06-12 19:04:00,32.8
2025-06-12 15:01:00,41.9
2025-06-12 07:05:00,28.5
2025-06-12 00:46:00,49.776157380139004
2025-06-12 04:56:00,49.0
2025-06-12 12:16:00,45.0
2025-06-12 12:37:00,49.776157380139004
2025-06-12 13:28:00,44.2
2025-06-12 14:28:00,90.1
2025-06-12 04:37:00,66.8
2025-06-12 23:26:00,40.1
2025-06-12 10:03:00,49.776157380139004
2025-06-12 09:56:00,92.9
2025-06-12 13:31:00,9.0
2025-06-12 04:32:00,70.1
2025-06-12 23:18:00,43.2
2025-06-12 05:18:00,71.4
2025-06-12 07:50:00,95.4
2025-06-12 07:54:00,74.3
2025-06-12 00:17:00,28.7
2025-06-12 01:51:00,65.8
2025-06-12 17:55:00,56.7
2025-06-12 13:42:00,7.2
2025-06-12 13:04:00,59.7
2025-06-12 04:22:00,57.1
2025-06-12 07:50:00,22.7
2025-06-12 23:26:00,64.1
2025-06-12 12:18:00,45.2
2025-06-12 16:19:00,44.8
2025-06-12 18:37:00,29.5
2025-06-12 14:54:00,35.1
2025-06-12 20:31:00,87.7
2025-06-12 22:40:00,51.3
2025-06-12 10:43:00,99.5
2025-06-12 14:17:00,2.5
2025-06-12 12:33:00,90.9
2025-06-12 07:38:00,64.8
2025-06-12 23:43:00,25.6
2025-06-12 13:49:00,60.9
2025-06-12 15:35:00,49.776157380139004
2025-06-12 06:08:00,81.9
2025-06-12 01:35:00,49.776157380139004
2025-06-12 01:14:00,17.8
2025-06-12 08:45:00,47.4
2025-06-12 21:48:00,57.2
2025-06-12 07:28:00,88.3
2025-06-12 09:32:00,49.776157380139004
2025-06-12 18:30:00,49.776157380139004
2025-06-12 19:46:00,83.5
2025-06-12 21:35:00,34.0
2025-06-12 02:48:00,45.5
2025-06-12 09:27:00,34.9
2025-06-12 18:54:00,65.4
2025-06-12 08:00:00,70.3
2025-06-12 18:36:00,43.9
2025-06-12 20:23:00,19.8
2025-06-12 05:46:00,58.8
2025-06-12 04:41:00,34.3
2025-06-12 01:49:00,49.776157380139004
2025-06-12 23:18:00,74.1
2025-06-12 02:07:00,23.1
2025-06-12 03:48:00,97.5
2025-06-12 23:26:00,20.9
2025-06-12 11:21:00,22.0
2025-06-12 07:18:00,49.776157380139004
2025-06-12 12:28:00,62.7
2025-06-12 03:10:00,2.9
2025-06-12 23:19:00,72.6
2025-06-12 12:28:00,94.7
2025-06-12 18:04:00,63.0
2025-06-12 22:30:00,39.9
2025-06-12 09:53:00,63.8
2025-06-12 09:29:00,6.7
2025-06-12 06:15:00,0.5
2025-06-12 15:02:00,53.6
2025-06-12 03:20:00,79.8
2025-06-12 04:45:00,77.9
2025-06-12 17:31:00,50.8
2025-06-12 18:31:00,90.4
2025-06-12 17:50:00,16.9
2025-06-12 03:17:00,44.7
2025-06-12 12:13:00,54.7
2025-06-12 19:16:00,95.5
2025-06-12 11:35:00,38.1
2025-06-12 22:40:00,60.1
2025-06-12 00:03:00,26.4
2025-06-12 06:35:00,87.0
2025-06-12 00:04:00,89.7
2025-06-12 17:05:00,32.9
2025-06-12 02:31:00,49.776157380139004
2025-06-12 01:17:00,21.2
2025-06-12 16:24:00,11.9
2025-06-12 18:54:00,70.2
2025-06-12 21:48:00,51.7
2025-06-12 04:19:00,16.4
2025-06-12 08:40:00,50.2
2025-06-12 13:08:00,70.6
2025-06-12 04:45:00,22.5
2025-06-12 01:33:00,40.5
2025-06-12 18:03:00,96.1
2025-06-12 21:21:00,14.0
2025-06-12 15:45:00,66.7
2025-06-12 17:04:00,59.7
2025-06-12 16:39:00,44.5
2025-06-12 07:39:00,49.776157380139004
2025-06-12 04:30:00,85.1
2025-06-12 04:52:00,48.8
2025-06-12 07:38:00,11.3
2025-06-12 21:18:00,29.3
2025-06-12 09:49:00,11.5
2025-06-12 07:03:00,23.8
2025-06-12 17:46:00,58.0
2025-06-12 08:31:00,91.2
2025-06-12 13:19:00,91.0
2025-06-12 21:02:00,96.4
2025-06-12 15:28:00,4.4
2025-06-12 20:08:00,61.8
2025-06-12 17:11:00,91.8
2025-06-12 10:53:00,30.5
2025-06-12 15:32:00,49.776157380139004
2025-06-12 23:20:00,24.3
2025-06-12 20:34:00,28.7
2025-06-12 01:45:00,4.1
2025-06-12 13:00:00,49.776157380139004
2025-06-12 22:32:00,15.0
2025-06-12 12:19:00,49.776157380139004
2025-06-12 04:59:00,0.7
2025-06-12 18:19:00,24.0
2025-06-12 05:00:00,28.1
2025-06-12 00:57:00,49.776157380139004
2025-06-12 07:14:00,49.776157380139004
2025-06-12 19:48:00,5.3
2025-06-12 00:25:00,49.776157380139004
2025-06-12 00:28:00,73.1
2025-06-12 16:13:00,49.776157380139004
2025-06-12 20:49:00,15.2
2025-06-12 22:21:00,48.0
2025-06-12 14:36:00,79.4
2025-06-12 14:54:00,37.2
2025-06-12 17:32:00,8.9
2025-06-12 15:50:00,44.1
2025-06-12 11:37:00,52.0
2025-06-12 10:52:00,42.7
2025-06-12 10:19:00,46.3
2025-06-12 00:32:00,57.4
2025-06-12 19:44:00,88.3
2025-06-12 19:12:00,95.1
2025-06-12 01:37:00,71.0
2025-06-12 20:08:00,49.776157380139004
2025-06-12 20:20:00,90.9
2025-06-12 22:41:00,49.776157380139004
2025-06-12 21:54:00,50.0
2025-06-12 09:32:00,100.0
2025-06-12 00:42:00,30.9
2025-06-12 13:00:00,39.1
2025-06-12 23:35:00,49.776157380139004
2025-06-12 19:12:00,7.0
2025-06-12 05:57:00,93.1
2025-06-12 20:24:00,83.6
2025-06-12 02:08:00,40.0
2025-06-12 01:27:00,98.0
2025-06-12 22:22:00,63.2
2025-06-12 19:44:00,49.776157380139004
2025-06-12 22:48:00,49.776157380139004
2025-06-12 13:00:00,49.3
2025-06-12 16:51:00,26.7
2025-06-12 19:04:00,49.776157380139004
2025-06-12 13:17:00,1.1
2025-06-12 02:28:00,96.7
2025-06-12 14:08:00,66.5
2025-06-12 20:34:00,16.8
2025-06-12 12:01:00,35.8
2025-06-12 08:39:00,85.8
2025-06-12 03:32:00,43.9
2025-06-12 00:22:00,64.2
2025-06-12 18:44:00,49.3
2025-06-12 11:10:00,51.8
2025-06-12 12:56:00,96.9
2025-06-12 06:33:00,85.8
2025-06-12 13:07:00,10.6
2025-06-12 11:47:00,90.3
2025-06-12 08:48:00,74.5
2025-06-12 13:58:00,52.7
2025-06-12 22:30:00,21.1
2025-06-12 15:02:00,12.7
2025-06-12 07:54:00,49.776157380139004
2025-06-12 04:07:00,28.2
2025-06-12 06:36:00,98.7
2025-06-12 23:20:00,36.2
2025-06-12 22:41:00,22.5
2025-06-12 18:22:00,85.0
2025-06-12 22:03:00,49.776157380139004
2025-06-12 16:20:00,82.4
2025-06-12 12:08:00,23.7
2025-06-12 01:49:00,83.2
2025-06-12 15:39:00,49.776157380139004
2025-06-12 05:31:00,49.3
2025-06-12 13:40:00,19.7
2025-06-12 22:37:00,95.4
2025-06-12 08:01:00,5.2
2025-06-12 20:00:00,19.9
2025-06-12 20:02:00,63.8
2025-06-12 14:20:00,62.3
2025-06-12 02:09:00,49.776157380139004
2025-06-12 23:14:00,71.3
2025-06-12 04:38:00,43.0
2025-06-12 18:34:00,35.3
2025-06-12 21:51:00,19.5
2025-06-12 18:33:00,25.6
2025-06-12 00:46:00,62.4
2025-06-12 20:16:00,49.776157380139004
2025-06-12 19:53:00,71.5
2025-06-12 10:16:00,36.0
2025-06-12 14:32:00,49.776157380139004
2025-06-12 00:00:00,68.3
2025-06-12 20:09:00,11.4
2025-06-12 17:02:00,85.9
2025-06-12 18:11:00,49.776157380139004
2025-06-12 05:11:00,56.1
2025-06-12 06:58:00,64.7
2025-06-12 21:17:00,67.2
2025-06-12 21:15:00,49.776157380139004
2025-06-12 15:23:00,49.1
2025-06-12 12:34:00,45.6
2025-06-12 04:06:00,66.8
2025-06-12 12:49:00,65.9
2025-06-12 04:54:00,3.3
2025-06-12 22:27:00,26.9
2025-06-12 06:03:00,58.2
2025-06-12 22:37:00,24.8
2025-06-12 13:44:00,4.3
2025-06-12 19:23:00,11.1
2025-06-12 05:44:00,49.776157380139004
2025-06-12 21:56:00,34.9
2025-06-12 14:13:00,49.776157380139004
2025-06-12 10:35:00,3.4
2025-06-12 06:54:00,49.776157380139004
2025-06-12 18:50:00,65.8
2025-06-12 16:56:00,24.3
2025-06-12 04:29:00,77.6
2025-06-12 19:22:00,82.6
2025-06-12 21:13:00,3.9
2025-06-12 06:16:00,59.7
2025-06-12 06:16:00,89.1
2025-06-12 18:38:00,49.776157380139004
2025-06-12 21:13:00,49.776157380139004
2025-06-12 12:09:00,33.4
2025-06-12 13:39:00,72.2
2025-06-12 05:00:00,24.4
2025-06-12 22:58:00,1.3
2025-06-12 19:27:00,8.8
2025-06-12 22:50:00,84.6
2025-06-12 02:24:00,61.3
2025-06-12 14:28:00,56.4
2025-06-12 16:51:00,0.5
2025-06-12 13:11:00,59.5
2025-06-12 01:59:00,60.4
2025-06-12 06:17:00,31.1
2025-06-12 04:54:00,21.1
2025-06-12 00:00:00,88.8
2025-06-12 14:36:00,21.0
2025-06-12 10:36:00,10.0
2025-06-12 03:48:00,59.3
2025-06-12 19:51:00,98.8
2025-06-12 11:27:00,49.776157380139004
2025-06-12 14:04:00,84.5
2025-06-12 12:05:00,49.776157380139004
2025-06-12 14:29:00,62.6
2025-06-12 16:52:00,22.4
2025-06-12 16:06:00,74.1
2025-06-12 21:17:00,90.7
2025-06-12 02:50:00,65.4
2025-06-12 23:09:00,92.5
2025-06-12 12:42:00,33.8
2025-06-12 22:32:00,37.6
2025-06-12 01:29:00,46.9
2025-06-12 18:16:00,95.0
2025-06-12 07:13:00,35.6
2025-06-12 11:14:00,85.0
2025-06-12 15:09:00,49.81767540251498
2025-06-12 21:47:00,32.2
2025-06-12 18:36:00,12.9
2025-06-12 06:57:00,49.81767540251498
2025-06-12 13:26:00,18.0
2025-06-12 09:26:00,26.7
2025-06-12 22:24:00,84.6
2025-06-12 22:11:00,59.4
2025-06-12 23:13:00,35.1
2025-06-12 11:01:00,25.0
2025-06-12 09:32:00,6.9
2025-06-12 06:36:00,49.81767540251498
2025-06-12 23:05:00,71.4
2025-06-12 19:18:00,98.1
2025-06-12 16:37:00,17.1
2025-06-12 05:15:00,66.6
2025-06-12 17:51:00,49.81767540251498
2025-06-12 03:19:00,49.81767540251498
2025-06-12 18:07:00,33.9
2025-06-12 03:58:00,56.9
2025-06-12 16:19:00,49.81767540251498
2025-06-12 04:24:00,74.8
2025-06-12 07:18:00,93.8
2025-06-12 04:13:00,38.3
2025-06-12 07:24:00,72.4
2025-06-12 20:54:00,69.4
2025-06-12 23:57:00,64.6
2025-06-12 22:44:00,83.6
2025-06-12 02:56:00,66.7
2025-06-12 10:59:00,31.8
2025-06-12 04:28:00,71.6
2025-06-12 12:40:00,55.2
2025-06-12 06:40:00,24.5
2025-06-12 23:53:00,29.2
2025-06-12 20:52:00,33.1
2025-06-12 06:37:00,49.81767540251498
2025-06-12 18:34:00,29.3
2025-06-12 01:45:00,40.5
2025-06-12 11:33:00,31.4
2025-06-12 00:31:00,87.1
2025-06-12 06:19:00,41.8
2025-06-12 17:02:00,0.4
2025-06-12 15:09:00,74.5
2025-06-12 05:43:00,0.3
2025-06-12 01:16:00,49.81767540251498
2025-06-12 12:30:00,47.9
2025-06-12 04:01:00,35.4
2025-06-12 23:34:00,11.3
2025-06-12 21:48:00,38.5
2025-06-12 13:37:00,60.0
2025-06-12 07:33:00,50.4
2025-06-12 02:22:00,20.3
2025-06-12 08:38:00,95.0
2025-06-12 02:33:00,49.81767540251498
2025-06-12 14:05:00,27.1
2025-06-12 19:53:00,82.6
2025-06-12 07:51:00,24.2
2025-06-12 19:38:00,48.5
2025-06-12 19:43:00,44.9
2025-06-12 11:57:00,40.0
2025-06-12 03:53:00,74.3
2025-06-12 01:59:00,49.81767540251498
2025-06-12 08:47:00,49.81767540251498
2025-06-12 02:59:00,35.5
2025-06-12 09:59:00,92.4
2025-06-12 10:26:00,15.8
2025-06-12 23:02:00,70.6
2025-06-12 07:35:00,35.9
2025-06-12 11:57:00,49.8
2025-06-12 03:14:00,30.4
2025-06-12 20:04:00,59.2
2025-06-12 08:34:00,69.0
2025-06-12 08:07:00,49.81767540251498
2025-06-12 14:08:00,13.7
2025-06-12 06:38:00,12.3
2025-06-12 07:11:00,88.7
2025-06-12 00:35:00,63.8
2025-06-12 22:07:00,33.9
2025-06-12 12:29:00,72.2
2025-06-12 23:51:00,60.1
2025-06-12 15:00:00,49.81767540251498
2025-06-12 16:03:00,77.7
2025-06-12 16:07:00,30.1
2025-06-12 07:30:00,37.7
2025-06-12 14:03:00,98.8
2025-06-12 21:23:00,49.81767540251498
2025-06-12 16:40:00,97.1
2025-06-12 11:36:00,29.3
2025-06-12 09:20:00,65.9
2025-06-12 19:21:00,99.3
2025-06-12 07:15:00,3.8
2025-06-12 11:43:00,25.0
2025-06-12 23:30:00,66.8
2025-06-12 01:35:00,42.8
2025-06-12 07:45:00,55.2
2025-06-12 01:30:00,68.1
2025-06-12 06:53:00,31.0
2025-06-12 20:45:00,62.4
2025-06-12 01:56:00,69.0
2025-06-12 06:05:00,28.4
2025-06-12 13:48:00,27.4
2025-06-12 07:27:00,48.4
2025-06-12 20:16:00,82.9
2025-06-12 18:19:00,26.8
2025-06-12 10:05:00,43.6
2025-06-12 07:57:00,78.1
2025-06-12 05:59:00,3.8
2025-06-12 23:01:00,90.4
2025-06-12 00:54:00,99.2
2025-06-12 07:11:00,29.1
2025-06-12 17:57:00,60.7
2025-06-12 00:11:00,49.5
2025-06-12 01:20:00,37.0
2025-06-12 00:35:00,65.4
2025-06-12 20:59:00,54.7
2025-06-12 09:09:00,49.81767540251498
2025-06-12 02:10:00,7.9
2025-06-12 05:28:00,81.9
2025-06-12 17:57:00,1.9
2025-06-12 12:22:00,19.2
2025-06-12 22:57:00,67.7
2025-06-12 12:19:00,28.8
2025-06-12 09:59:00,14.8
2025-06-12 16:17:00,23.1
2025-06-12 03:39:00,19.0
2025-06-12 08:29:00,56.6
2025-06-12 19:15:00,94.9
2025-06-12 13:16:00,83.0
2025-06-12 20:53:00,96.6
2025-06-12 14:09:00,80.5
2025-06-12 16:34:00,49.81767540251498
2025-06-12 12:45:00,88.0
2025-06-12 04:25:00,39.7
2025-06-12 09:19:00,32.5
2025-06-12 14:29:00,52.8
2025-06-12 05:19:00,8.5
2025-06-12 16:14:00,52.2
2025-06-12 01:28:00,40.7
2025-06-12 08:57:00,84.7
2025-06-12 07:45:00,90.6
2025-06-12 08:25:00,39.8
2025-06-12 21:32:00,39.3
2025-06-12 10:03:00,7.9
2025-06-12 07:47:00,5.4
2025-06-12 17:44:00,95.8
2025-06-12 17:51:00,33.9
2025-06-12 18:02:00,49.81767540251498
2025-06-12 14:28:00,69.3
2025-06-12 17:23:00,49.81767540251498
2025-06-12 07:52:00,32.4
2025-06-12 11:00:00,72.1
2025-06-12 23:21:00,52.7
2025-06-12 02:59:00,49.81767540251498
2025-06-12 04:35:00,46.2
2025-06-12 17:19:00,79.4
2025-06-12 07:55:00,49.81767540251498
2025-06-12 02:36:00,49.81767540251498
2025-06-12 04:11:00,12.9
2025-06-12 01:11:00,83.6
2025-06-12 00:07:00,51.8
2025-06-12 08:33:00,49.81767540251498
2025-06-12 16:11:00,1.5
2025-06-12 01:26:00,40.2
2025-06-12 21:20:00,45.6
2025-06-12 13:54:00,14.0
2025-06-12 11:39:00,69.6
2025-06-12 16:20:00,49.81767540251498
2025-06-12 14:58:00,82.4
2025-06-12 10:15:00,67.1
2025-06-12 05:59:00,18.5
2025-06-12 13:41:00,81.0
2025-06-12 01:15:00,49.81767540251498
2025-06-12 11:40:00,92.1
2025-06-12 09:03:00,88.1
2025-06-12 03:09:00,18.5
2025-06-12 03:15:00,20.1
2025-06-12 12:26:00,29.5
2025-06-12 04:52:00,49.81767540251498
2025-06-12 19:32:00,61.0
2025-06-12 19:02:00,54.3
2025-06-12 09:29:00,72.6
2025-06-12 02:43:00,72.5
2025-06-12 00:19:00,84.5
2025-06-12 20:57:00,50.7
2025-06-12 00:10:00,25.9
2025-06-12 20:15:00,90.8
2025-06-12 13:34:00,13.7
2025-06-12 04:34:00,7.4
2025-06-12 18:36:00,72.9
2025-06-12 20:11:00,49.81767540251498
2025-06-12 13:21:00,49.81767540251498
2025-06-12 23:00:00,47.1
2025-06-12 05:12:00,82.0
2025-06-12 12:49:00,26.1
2025-06-12 11:40:00,2.5
2025-06-12 16:38:00,49.81767540251498
2025-06-12 16:27:00,49.81767540251498
2025-06-12 21:40:00,26.9
2025-06-12 05:25:00,53.2
2025-06-12 01:44:00,95.3
2025-06-12 15:09:00,7.3
2025-06-12 22:58:00,96.4
2025-06-12 13:54:00,0.5
2025-06-12 08:05:00,15.6
2025-06-12 22:59:00,49.81767540251498
2025-06-12 22:49:00,67.9
2025-06-12 21:02:00,49.81767540251498
2025-06-12 00:19:00,7.5
2025-06-12 11:58:00,86.8
2025-06-12 06:23:00,58.9
2025-06-12 11:26:00,49.81767540251498
2025-06-12 09:11:00,62.5
2025-06-12 21:37:00,81.4
2025-06-12 16:55:00,49.81767540251498
2025-06-12 02:03:00,93.7
2025-06-12 13:51:00,47.8
2025-06-12 01:33:00,86.0
2025-06-12 18:06:00,0.6
2025-06-12 19:23:00,49.81767540251498
2025-06-12 18:35:00,13.1
2025-06-12 08:44:00,23.1
2025-06-12 05:50:00,49.81767540251498
2025-06-12 14:06:00,95.1
2025-06-12 05:42:00,98.3
2025-06-12 00:18:00,60.7
2025-06-12 21:16:00,7.2
2025-06-12 19:24:00,61.6
2025-06-12 01:20:00,46.6
2025-06-12 08:00:00,70.3
2025-06-12 01:25:00,58.1
2025-06-12 12:19:00,81.1
2025-06-12 02:27:00,49.81767540251498
2025-06-12 05:33:00,24.8
2025-06-12 10:55:00,45.4
2025-06-12 18:55:00,63.7
2025-06-12 23:55:00,49.81767540251498
2025-06-12 16:38:00,71.6
2025-06-12 12:58:00,49.81767540251498
2025-06-12 06:22:00,49.81767540251498
2025-06-12 09:21:00,94.4
2025-06-12 17:15:00,48.1
2025-06-12 16:29:00,0.6
2025-06-12 13:35:00,87.0
2025-06-12 20:34:00,92.1
2025-06-12 04:24:00,84.4
2025-06-12 14:36:00,40.7
2025-06-12 00:21:00,24.2
2025-06-12 17:03:00,21.6
2025-06-12 01:54:00,91.9
2025-06-12 16:59:00,34.7
2025-06-12 18:50:00,7.6
2025-06-12 09:13:00,10.8
2025-06-12 23:48:00,35.9
2025-06-12 16:17:00,23.1
2025-06-12 16:04:00,54.8
2025-06-12 20:08:00,89.1
2025-06-12 19:47:00,66.8
2025-06-12 18:00:00,0.4
2025-06-12 10:14:00,23.3
2025-06-12 04:51:00,86.6
2025-06-12 17:49:00,16.7
2025-06-12 05:24:00,93.4
2025-06-12 16:42:00,9.7
2025-06-12 12:01:00,80.0
2025-06-12 12:58:00,55.7
2025-06-12 12:15:00,91.9
2025-06-12 14:24:00,49.81767540251498
2025-06-12 11:12:00,37.3
2025-06-12 23:40:00,61.1
2025-06-12 09:05:00,97.0
2025-06-12 15:48:00,62.2
2025-06-12 17:10:00,49.81767540251498
2025-06-12 01:52:00,51.0
2025-06-12 06:35:00,49.81767540251498
2025-06-12 22:10:00,88.7
2025-06-12 17:46:00,39.0
2025-06-12 23:22:00,79.3
2025-06-12 14:19:00,98.6
2025-06-12 10:10:00,80.5
2025-06-12 11:40:00,29.0
2025-06-12 23:16:00,49.81767540251498
2025-06-12 18:53:00,49.81767540251498
2025-06-12 03:11:00,94.2
2025-06-12 02:08:00,76.4
2025-06-12 10:52:00,49.81767540251498
2025-06-12 13:45:00,56.1
2025-06-12 19:00:00,49.81767540251498
2025-06-12 06:00:00,55.3
2025-06-12 08:48:00,66.0
2025-06-12 11:13:00,49.81767540251498
2025-06-12 23:57:00,23.2
2025-06-12 09:24:00,32.6
2025-06-12 23:27:00,49.81767540251498
2025-06-12 06:37:00,32.6
2025-06-12 00:55:00,36.8
2025-06-12 12:35:00,72.6
2025-06-12 11:15:00,49.81767540251498
2025-06-12 10:49:00,49.9
2025-06-12 21:14:00,67.2
2025-06-12 03:22:00,13.4
2025-06-12 19:23:00,26.6
2025-06-12 19:24:00,52.9
2025-06-12 17:53:00,49.81767540251498
2025-06-12 22:05:00,89.1
2025-06-12 08:30:00,96.2
2025-06-12 13:07:00,83.5
2025-06-12 07:33:00,11.8
2025-06-12 08:24:00,13.9
2025-06-12 03:16:00,0.0
2025-06-12 09:34:00,39.1
2025-06-12 06:21:00,71.6
2025-06-12 10:15:00,97.4
2025-06-12 17:47:00,69.1
2025-06-12 15:05:00,66.2
2025-06-12 13:07:00,49.81767540251498
2025-06-12 20:50:00,47.9
2025-06-12 17:13:00,49.81767540251498
2025-06-12 15:43:00,37.4
2025-06-12 02:27:00,49.81767540251498
2025-06-12 21:54:00,49.81767540251498
2025-06-12 18:10:00,64.2
2025-06-12 04:18:00,16.8
2025-06-12 14:42:00,12.8
2025-06-12 04:03:00,50.0
2025-06-12 23:45:00,77.5
2025-06-12 01:58:00,49.81767540251498
2025-06-12 14:44:00,59.0
2025-06-12 08:50:00,9.0
2025-06-12 06:54:00,74.9
2025-06-12 18:23:00,96.8
2025-06-12 10:41:00,67.6
2025-06-12 13:10:00,64.9
2025-06-12 10:44:00,24.0
2025-06-12 07:32:00,65.7
2025-06-12 21:58:00,49.81767540251498
2025-06-12 17:22:00,10.9
2025-06-12 13:20:00,86.8
2025-06-12 14:09:00,54.9
2025-06-12 08:04:00,14.1
2025-06-12 00:08:00,68.7
2025-06-12 03:52:00,49.791111632270166
2025-06-12 19:00:00,66.4
2025-06-12 17:02:00,94.5
2025-06-12 11:04:00,49.791111632270166
2025-06-12 11:44:00,19.2
2025-06-12 05:43:00,5.3
2025-06-12 01:16:00,16.2
2025-06-12 00:39:00,66.1
2025-06-12 10:17:00,32.6
2025-06-12 18:01:00,72.4
2025-06-12 17:29:00,75.5
2025-06-12 03:48:00,60.8
2025-06-12 20:25:00,49.791111632270166
2025-06-12 12:11:00,73.2
2025-06-12 22:03:00,71.1
2025-06-12 00:32:00,26.3
2025-06-12 20:32:00,53.5
2025-06-12 05:39:00,11.0
2025-06-12 01:02:00,96.9
2025-06-12 21:10:00,44.1
2025-06-12 02:02:00,13.5
2025-06-12 15:38:00,11.1
2025-06-12 23:00:00,88.7
2025-06-12 03:53:00,49.791111632270166
2025-06-12 03:29:00,52.7
2025-06-12 11:59:00,56.7
2025-06-12 23:12:00,6.6
2025-06-12 19:55:00,79.4
2025-06-12 11:33:00,31.0
2025-06-12 09:57:00,46.2
2025-06-12 07:01:00,93.4
2025-06-12 18:18:00,7.0
2025-06-12 12:11:00,3.2
2025-06-12 03:04:00,80.4
2025-06-12 14:11:00,49.791111632270166
2025-06-12 21:14:00,72.2
2025-06-12 21:50:00,62.0
2025-06-12 04:00:00,25.7
2025-06-12 18:36:00,94.9
2025-06-12 20:52:00,1.3
2025-06-12 17:10:00,94.6
2025-06-12 19:47:00,41.5
2025-06-12 19:42:00,49.791111632270166
2025-06-12 14:45:00,78.4
2025-06-12 21:14:00,85.3
2025-06-12 12:35:00,60.3
2025-06-12 17:47:00,46.8
2025-06-12 21:33:00,62.1
2025-06-12 08:40:00,42.6
2025-06-12 20:16:00,97.5
2025-06-12 04:38:00,90.2
2025-06-12 03:20:00,49.791111632270166
2025-06-12 09:42:00,99.8
2025-06-12 12:40:00,53.9
2025-06-12 13:15:00,40.8
2025-06-12 13:47:00,23.9
2025-06-12 16:55:00,49.791111632270166
2025-06-12 18:40:00,27.4
2025-06-12 21:25:00,49.791111632270166
2025-06-12 06:04:00,49.791111632270166
2025-06-12 23:16:00,60.0
2025-06-12 02:58:00,52.6
2025-06-12 11:33:00,2.2
2025-06-12 12:39:00,25.6
2025-06-12 12:44:00,49.791111632270166
2025-06-12 04:09:00,43.1
2025-06-12 14:56:00,94.6
2025-06-12 03:42:00,64.8
2025-06-12 13:59:00,49.791111632270166
2025-06-12 05:22:00,33.5
2025-06-12 03:36:00,49.791111632270166
2025-06-12 10:07:00,7.0
2025-06-12 02:10:00,12.3
2025-06-12 19:36:00,20.7
2025-06-12 13:14:00,35.2
2025-06-12 19:33:00,43.3
2025-06-12 03:19:00,73.5
2025-06-12 20:12:00,40.9
2025-06-12 10:28:00,43.1
2025-06-12 02:04:00,82.3
2025-06-12 12:44:00,54.8
2025-06-12 04:41:00,59.2
2025-06-12 22:57:00,51.9
2025-06-12 13:05:00,47.6
2025-06-12 19:38:00,22.2
2025-06-12 12:09:00,44.5
2025-06-12 16:53:00,35.8
2025-06-12 12:39:00,73.7
2025-06-12 19:57:00,59.1
2025-06-12 11:18:00,68.2
2025-06-12 15:56:00,87.9
2025-06-12 22:53:00,49.791111632270166
2025-06-12 22:36:00,2.6
2025-06-12 00:07:00,78.5
2025-06-12 02:59:00,12.5
2025-06-12 10:20:00,15.2
2025-06-12 00:04:00,10.9
2025-06-12 09:09:00,89.3
2025-06-12 01:40:00,49.791111632270166
2025-06-12 03:09:00,9.3
2025-06-12 22:54:00,4.9
2025-06-12 01:49:00,40.0
2025-06-12 02:13:00,15.7
2025-06-12 08:03:00,49.791111632270166
2025-06-12 05:50:00,14.5
2025-06-12 14:30:00,2.0
2025-06-12 06:43:00,46.3
2025-06-12 06:59:00,3.6
2025-06-12 19:02:00,3.7
2025-06-12 07:10:00,73.2
2025-06-12 01:45:00,8.7
2025-06-12 08:06:00,60.3
2025-06-12 05:01:00,22.9
2025-06-12 06:43:00,69.3
2025-06-12 15:07:00,13.9
2025-06-12 19:40:00,62.0
2025-06-12 23:00:00,33.5
2025-06-12 03:00:00,67.5
2025-06-12 23:01:00,69.4
2025-06-12 06:52:00,2.6
2025-06-12 11:10:00,94.2
2025-06-12 20:09:00,83.9
2025-06-12 11:26:00,61.2
2025-06-12 14:01:00,20.7
2025-06-12 07:34:00,42.5
2025-06-12 17:59:00,59.6
2025-06-12 06:56:00,54.9
2025-06-12 05:41:00,34.9
2025-06-12 21:47:00,95.1
2025-06-12 12:35:00,58.9
2025-06-12 21:08:00,49.791111632270166
2025-06-12 07:34:00,27.4
2025-06-12 16:05:00,67.3
2025-06-12 06:38:00,74.0
2025-06-12 16:21:00,30.4
2025-06-12 21:11:00,16.8
2025-06-12 18:18:00,89.6
2025-06-12 20:39:00,57.8
2025-06-12 07:59:00,65.4
2025-06-12 16:50:00,60.8
2025-06-12 06:18:00,18.7
2025-06-12 13:57:00,16.4
2025-06-12 06:41:00,49.791111632270166
2025-06-12 19:19:00,41.1
2025-06-12 09:24:00,7.2
2025-06-12 05:54:00,19.2
2025-06-12 12:16:00,49.791111632270166
2025-06-12 05:34:00,10.5
2025-06-12 12:59:00,82.6
2025-06-12 07:34:00,33.8
2025-06-12 16:39:00,40.0
2025-06-12 03:08:00,83.1
2025-06-12 10:17:00,28.9
2025-06-12 23:38:00,51.9
2025-06-12 17:30:00,21.2
2025-06-12 01:47:00,75.5
2025-06-12 02:55:00,59.2
2025-06-12 05:18:00,58.0
2025-06-12 08:51:00,54.1
2025-06-12 11:55:00,50.0
2025-06-12 02:52:00,49.791111632270166
2025-06-12 00:38:00,64.8
2025-06-12 04:25:00,77.8
2025-06-12 13:57:00,54.5
2025-06-12 15:06:00,6.0
2025-06-12 08:27:00,49.791111632270166
2025-06-12 04:49:00,61.2
2025-06-12 12:13:00,45.7
2025-06-12 20:17:00,12.7
2025-06-12 23:02:00,67.0
2025-06-12 02:01:00,49.791111632270166
2025-06-12 19:40:00,78.9
2025-06-12 23:14:00,73.9
2025-06-12 19:43:00,63.4
2025-06-12 23:44:00,30.1
2025-06-12 10:23:00,30.5
2025-06-12 02:51:00,33.7
2025-06-12 16:25:00,99.8
2025-06-12 14:57:00,54.2
2025-06-12 19:54:00,28.3
2025-06-12 06:32:00,21.6
2025-06-12 22:08:00,95.5
2025-06-12 00:32:00,24.8
2025-06-12 07:36:00,49.791111632270166
2025-06-12 06:33:00,29.6
2025-06-12 15:17:00,49.791111632270166
2025-06-12 10:35:00,39.4
2025-06-12 00:10:00,14.8
2025-06-12 20:08:00,96.7
2025-06-12 02:28:00,24.0
2025-06-12 00:00:00,99.6
2025-06-12 08:03:00,47.5
2025-06-12 07:37:00,76.9
2025-06-12 06:21:00,46.7
2025-06-12 11:05:00,70.1
2025-06-12 04:47:00,97.8
2025-06-12 06:03:00,79.9
2025-06-12 00:20:00,42.9
2025-06-12 06:21:00,87.0
2025-06-12 11:35:00,31.1
2025-06-12 07:05:00,36.3
2025-06-12 02:51:00,80.6
2025-06-12 06:53:00,49.791111632270166
2025-06-12 18:03:00,84.5
2025-06-12 14:23:00,38.1
2025-06-12 02:54:00,68.0
2025-06-12 06:00:00,72.1
2025-06-12 07:37:00,67.5
2025-06-12 19:23:00,97.0
2025-06-12 16:46:00,49.791111632270166
2025-06-12 17:43:00,49.791111632270166
2025-06-12 04:09:00,47.3
2025-06-12 18:05:00,21.8
2025-06-12 05:40:00,90.5
2025-06-12 13:33:00,49.791111632270166
2025-06-12 13:14:00,38.9
2025-06-12 18:52:00,6.2
2025-06-12 16:09:00,14.2
2025-06-12 03:31:00,19.6
2025-06-12 09:06:00,86.6
2025-06-12 10:37:00,77.7
2025-06-12 22:24:00,39.8
2025-06-12 06:11:00,2.8
2025-06-12 08:17:00,49.791111632270166
2025-06-12 21:32:00,80.5
2025-06-12 01:31:00,46.0
2025-06-12 15:20:00,49.791111632270166
2025-06-12 01:58:00,80.2
2025-06-12 12:43:00,17.6
2025-06-12 19:22:00,98.7
2025-06-12 07:06:00,49.791111632270166
2025-06-12 02:20:00,29.1
2025-06-12 06:41:00,49.791111632270166
2025-06-12 19:41:00,66.7
2025-06-12 05:39:00,90.1
2025-06-12 21:14:00,37.4
2025-06-12 02:08:00,49.791111632270166
2025-06-12 04:34:00,74.3
2025-06-12 02:30:00,49.791111632270166
2025-06-12 04:31:00,95.1
2025-06-12 19:37:00,96.2
2025-06-12 10:15:00,9.7
2025-06-12 18:56:00,66.8
2025-06-12 14:16:00,68.7
2025-06-12 05:56:00,39.5
2025-06-12 17:30:00,37.8
2025-06-12 18:17:00,51.1
2025-06-12 16:31:00,6.5
2025-06-12 13:31:00,49.791111632270166
2025-06-12 23:41:00,82.8
2025-06-12 11:08:00,49.791111632270166
2025-06-12 12:52:00,95.4
2025-06-12 19:53:00,49.791111632270166
2025-06-12 22:22:00,99.8
2025-06-12 16:11:00,69.6
2025-06-12 02:30:00,59.3
2025-06-12 06:56:00,52.9
2025-06-12 22:53:00,2.0
2025-06-12 20:26:00,6.1
2025-06-12 08:38:00,46.3
2025-06-12 06:32:00,22.1
2025-06-12 17:56:00,5.3
2025-06-12 09:43:00,20.7
2025-06-12 22:40:00,49.791111632270166
2025-06-12 10:34:00,44.4
2025-06-12 03:36:00,99.5
2025-06-12 02:21:00,47.8
2025-06-12 19:49:00,76.4
2025-06-12 09:04:00,14.1
2025-06-12 12:21:00,89.8
2025-06-12 21:02:00,53.0
2025-06-12 10:04:00,28.0
2025-06-12 04:25:00,28.0
2025-06-12 09:40:00,2.5
2025-06-12 12:56:00,49.791111632270166
2025-06-12 23:10:00,61.8
2025-06-12 20:43:00,7.9
2025-06-12 10:59:00,1.7
2025-06-12 15:06:00,9.4
2025-06-12 12:46:00,16.1
2025-06-12 08:56:00,33.5
2025-06-12 09:46:00,72.9
2025-06-12 09:05:00,4.5
2025-06-12 15:00:00,63.5
2025-06-12 20:17:00,26.9
2025-06-12 23:23:00,91.3
2025-06-12 07:22:00,70.6
2025-06-12 01:33:00,5.6
2025-06-12 15:31:00,55.3
2025-06-12 16:42:00,97.9
2025-06-12 19:15:00,65.5
2025-06-12 06:01:00,4.8
2025-06-12 23:35:00,59.7
2025-06-12 16:25:00,0.8
2025-06-12 12:08:00,36.0
2025-06-12 16:36:00,98.5
2025-06-12 21:21:00,73.0
2025-06-12 08:13:00,6.6
2025-06-12 07:43:00,77.0
2025-06-12 09:55:00,17.6
2025-06-12 13:10:00,52.4
2025-06-12 15:00:00,20.4
2025-06-12 08:25:00,55.2
2025-06-12 18:30:00,38.6
2025-06-12 03:23:00,94.1
2025-06-12 19:55:00,20.5
2025-06-12 04:55:00,49.6
2025-06-12 07:53:00,88.5
2025-06-12 02:34:00,2.5
2025-06-12 13:01:00,14.4
2025-06-12 16:10:00,29.1
2025-06-12 14:24:00,50.406503298774744
2025-06-12 00:26:00,9.9
2025-06-12 04:16:00,6.6
2025-06-12 23:43:00,5.8
2025-06-12 03:41:00,50.406503298774744
2025-06-12 15:06:00,79.8
2025-06-12 14:46:00,64.5
2025-06-12 10:46:00,56.3
2025-06-12 00:29:00,64.9
2025-06-12 11:11:00,50.406503298774744
2025-06-12 02:19:00,50.406503298774744
2025-06-12 04:35:00,41.3
2025-06-12 00:52:00,50.406503298774744
2025-06-12 01:34:00,50.406503298774744
2025-06-12 04:40:00,78.6
2025-06-12 14:08:00,12.0
2025-06-12 12:35:00,18.0
2025-06-12 19:37:00,50.406503298774744
2025-06-12 19:29:00,68.8
2025-06-12 08:54:00,15.7
2025-06-12 14:31:00,38.8
2025-06-12 00:28:00,9.4
2025-06-12 11:38:00,1.4
2025-06-12 19:58:00,58.7
2025-06-12 07:37:00,41.8
2025-06-12 00:15:00,43.6
2025-06-12 18:59:00,78.5
2025-06-12 02:51:00,49.8
2025-06-12 11:59:00,78.8
2025-06-12 21:50:00,35.5
2025-06-12 07:56:00,50.406503298774744
2025-06-12 16:18:00,3.7
2025-06-12 17:00:00,18.3
2025-06-12 13:49:00,50.406503298774744
2025-06-12 03:46:00,89.8
2025-06-12 03:33:00,44.2
2025-06-12 17:39:00,50.406503298774744
2025-06-12 20:54:00,50.406503298774744
2025-06-12 13:16:00,90.7
2025-06-12 13:33:00,18.6
2025-06-12 06:13:00,18.3
2025-06-12 09:29:00,50.406503298774744
2025-06-12 12:24:00,34.7
2025-06-12 12:00:00,1.1
2025-06-12 07:11:00,50.406503298774744
2025-06-12 20:23:00,38.5
2025-06-12 06:53:00,92.9
2025-06-12 03:43:00,57.1
2025-06-12 09:23:00,30.6
2025-06-12 21:35:00,95.8
2025-06-12 00:59:00,25.9
2025-06-12 01:08:00,50.406503298774744
2025-06-12 06:30:00,50.406503298774744
2025-06-12 02:14:00,60.5
2025-06-12 19:52:00,33.0
2025-06-12 01:52:00,60.5
2025-06-12 03:48:00,50.406503298774744
2025-06-12 21:36:00,50.406503298774744
2025-06-12 15:29:00,50.406503298774744
2025-06-12 15:47:00,95.2
2025-06-12 14:35:00,84.7
2025-06-12 11:01:00,90.6
2025-06-12 03:11:00,65.3
2025-06-12 19:45:00,0.3
2025-06-12 04:36:00,73.9
2025-06-12 02:40:00,50.406503298774744
2025-06-12 23:10:00,69.9
2025-06-12 02:37:00,70.4
2025-06-12 12:36:00,40.7
2025-06-12 18:07:00,11.8
2025-06-12 03:40:00,78.0
2025-06-12 11:11:00,36.4
2025-06-12 11:08:00,2.8
2025-06-12 01:02:00,50.406503298774744
2025-06-12 16:00:00,65.5
2025-06-12 15:50:00,30.2
2025-06-12 07:48:00,50.406503298774744
2025-06-12 22:36:00,19.7
2025-06-12 01:33:00,63.7
2025-06-12 08:59:00,91.8
2025-06-12 21:52:00,50.406503298774744
2025-06-12 11:21:00,82.5
2025-06-12 20:03:00,57.5
2025-06-12 11:22:00,50.406503298774744
2025-06-12 06:30:00,61.9
2025-06-12 08:18:00,65.0
2025-06-12 15:14:00,14.0
2025-06-12 19:17:00,21.9
2025-06-12 17:06:00,50.406503298774744
2025-06-12 23:57:00,86.0
2025-06-12 02:06:00,65.7
2025-06-12 12:39:00,53.4
2025-06-12 05:13:00,68.2
2025-06-12 09:16:00,77.1
2025-06-12 02:06:00,91.1
2025-06-12 21:01:00,48.1
2025-06-12 16:38:00,86.5
2025-06-12 08:52:00,13.8
2025-06-12 15:38:00,51.1
2025-06-12 06:20:00,4.0
2025-06-12 14:26:00,50.406503298774744
2025-06-12 01:15:00,37.7
2025-06-12 04:16:00,56.1
2025-06-12 18:16:00,80.9
2025-06-12 03:15:00,4.0
2025-06-12 04:53:00,35.3
2025-06-12 02:36:00,73.9
2025-06-12 16:23:00,48.5
2025-06-12 14:44:00,15.7
2025-06-12 13:11:00,50.406503298774744
2025-06-12 04:48:00,74.7
2025-06-12 00:35:00,11.4
2025-06-12 07:55:00,64.2
2025-06-12 00:15:00,85.0
2025-06-12 08:36:00,58.9
2025-06-12 21:47:00,75.3
2025-06-12 01:46:00,84.2
2025-06-12 09:18:00,76.1
2025-06-12 06:14:00,81.1
2025-06-12 04:14:00,50.406503298774744
2025-06-12 02:47:00,50.406503298774744
2025-06-12 16:14:00,92.7
2025-06-12 21:47:00,87.4
2025-06-12 14:31:00,52.7
2025-06-12 03:38:00,18.5
2025-06-12 14:18:00,8.7
2025-06-12 12:49:00,15.6
2025-06-12 17:46:00,83.0
2025-06-12 13:24:00,45.7
2025-06-12 21:43:00,83.8
2025-06-12 17:35:00,50.406503298774744
2025-06-12 02:33:00,50.406503298774744
2025-06-12 16:05:00,50.406503298774744
2025-06-12 19:19:00,2.5
2025-06-12 13:45:00,13.1
2025-06-12 22:15:00,37.6
2025-06-12 21:07:00,89.2
2025-06-12 23:15:00,8.2
2025-06-12 22:40:00,99.2
2025-06-12 20:03:00,20.8
2025-06-12 04:32:00,73.1
2025-06-12 14:34:00,50.406503298774744
2025-06-12 08:03:00,13.4
2025-06-12 01:06:00,10.7
2025-06-12 03:57:00,27.5
2025-06-12 02:36:00,0.3
2025-06-12 20:00:00,5.0
2025-06-12 11:41:00,90.6
2025-06-12 14:58:00,23.3
2025-06-12 02:59:00,13.6
2025-06-12 16:10:00,42.8
2025-06-12 05:41:00,74.9
2025-06-12 13:34:00,45.4
2025-06-12 23:32:00,3.3
2025-06-12 01:00:00,31.1
2025-06-12 02:07:00,32.9
2025-06-12 16:33:00,21.9
2025-06-12 16:06:00,37.8
2025-06-12 20:24:00,16.7
2025-06-12 04:29:00,14.5
2025-06-12 12:44:00,50.406503298774744
2025-06-12 14:19:00,91.1
2025-06-12 17:30:00,76.7
2025-06-12 14:42:00,15.2
2025-06-12 08:00:00,21.7
2025-06-12 09:23:00,50.406503298774744
2025-06-12 14:20:00,17.6
2025-06-12 20:00:00,50.406503298774744
2025-06-12 15:31:00,0.1
2025-06-12 19:55:00,88.7
2025-06-12 11:28:00,50.406503298774744
2025-06-12 05:50:00,7.3
2025-06-12 08:23:00,64.9
2025-06-12 21:44:00,50.406503298774744
2025-06-12 14:11:00,80.4
2025-06-12 09:06:00,31.1
2025-06-12 06:12:00,80.0
2025-06-12 00:38:00,27.0
2025-06-12 15:46:00,50.406503298774744
2025-06-12 07:57:00,12.3
2025-06-12 02:39:00,53.5
2025-06-12 06:15:00,58.9
2025-06-12 19:04:00,46.3
2025-06-12 23:44:00,61.2
2025-06-12 00:49:00,22.6
2025-06-12 13:14:00,23.4
2025-06-12 01:37:00,30.3
2025-06-12 22:27:00,14.6
2025-06-12 17:57:00,23.7
2025-06-12 18:34:00,48.1
2025-06-12 04:51:00,31.6
2025-06-12 18:49:00,50.406503298774744
2025-06-12 03:05:00,28.8
2025-06-12 23:47:00,50.406503298774744
2025-06-12 09:14:00,50.406503298774744
2025-06-12 14:41:00,92.7
2025-06-12 16:21:00,52.3
2025-06-12 07:16:00,78.2
2025-06-12 19:20:00,78.3
2025-06-12 04:00:00,95.4
2025-06-12 06:12:00,70.3
2025-06-12 14:50:00,79.5
2025-06-12 18:40:00,2.5
2025-06-12 18:15:00,79.0
2025-06-12 02:48:00,45.1
2025-06-12 13:28:00,4.5
2025-06-12 11:32:00,20.6
2025-06-12 21:17:00,35.7
2025-06-12 22:23:00,45.4
2025-06-12 09:10:00,33.8
2025-06-12 13:26:00,99.2
2025-06-12 05:15:00,39.6
2025-06-12 23:34:00,21.0
2025-06-12 23:22:00,50.406503298774744
2025-06-12 08:18:00,42.2
2025-06-12 07:28:00,50.406503298774744
2025-06-12 11:13:00,76.6
2025-06-12 21:35:00,5.0
2025-06-12 22:17:00,57.3
2025-06-12 07:44:00,50.406503298774744
2025-06-12 20:55:00,67.9
2025-06-12 10:57:00,69.6
2025-06-12 22:16:00,83.6
2025-06-12 03:06:00,30.0
2025-06-12 11:32:00,90.2
2025-06-12 15:40:00,50.406503298774744
2025-06-12 21:03:00,49.1
2025-06-12 20:20:00,42.1
2025-06-12 09:22:00,50.0
2025-06-12 17:46:00,1.2
2025-06-12 14:21:00,6.1
2025-06-12 11:54:00,69.3
2025-06-12 18:25:00,51.0
2025-06-12 21:46:00,1.3
2025-06-12 00:34:00,47.8
2025-06-12 08:39:00,78.5
2025-06-12 19:57:00,42.9
2025-06-12 06:39:00,60.8
2025-06-12 20:51:00,28.3
2025-06-12 01:33:00,34.5
2025-06-12 16:21:00,77.1
2025-06-12 19:15:00,77.6
2025-06-12 09:53:00,65.7
2025-06-12 08:03:00,66.4
2025-06-12 14:04:00,74.4
2025-06-12 01:14:00,19.7
2025-06-12 22:55:00,81.2
2025-06-12 00:13:00,21.4
2025-06-12 02:20:00,15.2
2025-06-12 00:24:00,99.7
2025-06-12 08:35:00,8.2
2025-06-12 18:14:00,81.8
2025-06-12 04:41:00,49.0
2025-06-12 23:53:00,76.7
2025-06-12 12:52:00,50.406503298774744
2025-06-12 21:46:00,4.0
2025-06-12 19:44:00,48.3
2025-06-12 14:07:00,99.7
2025-06-12 04:05:00,93.2
2025-06-12 04:38:00,50.406503298774744
2025-06-12 10:48:00,97.8
2025-06-12 10:31:00,50.406503298774744
2025-06-12 13:31:00,50.406503298774744
2025-06-12 05:03:00,21.8
2025-06-12 12:56:00,46.2
2025-06-12 11:48:00,77.5
2025-06-12 05:41:00,87.4
2025-06-12 06:08:00,50.406503298774744
2025-06-12 12:20:00,62.4
2025-06-12 22:48:00,22.0
2025-06-12 12:44:00,81.9
2025-06-12 17:42:00,13.4
2025-06-12 07:54:00,35.9
2025-06-12 18:25:00,50.406503298774744
2025-06-12 04:04:00,23.1
2025-06-12 02:49:00,73.7
2025-06-12 00:36:00,71.1
2025-06-12 03:31:00,10.1
2025-06-12 15:46:00,50.406503298774744
2025-06-12 21:50:00,30.8
2025-06-12 20:51:00,11.5
2025-06-12 04:37:00,28.5
2025-06-12 12:49:00,11.7
2025-06-12 11:26:00,35.3
2025-06-12 13:04:00,95.6
2025-06-12 12:47:00,46.3
2025-06-12 18:00:00,77.9
2025-06-12 05:18:00,79.3
2025-06-12 06:55:00,70.3
2025-06-12 18:07:00,34.3
2025-06-12 21:36:00,73.2
2025-06-12 07:12:00,92.7
2025-06-12 22:55:00,56.7
2025-06-12 18:33:00,85.0
2025-06-12 08:12:00,21.0
2025-06-12 22:09:00,77.8
2025-06-12 05:55:00,24.8
2025-06-12 12:26:00,85.0
2025-06-12 22:00:00,89.7
2025-06-12 18:11:00,33.3
2025-06-12 08:48:00,42.0
2025-06-12 07:08:00,61.8
2025-06-12 03:19:00,10.3
2025-06-12 17:32:00,98.8
2025-06-12 06:25:00,24.9
2025-06-12 19:46:00,73.9
2025-06-12 06:37:00,12.0
2025-06-12 05:05:00,14.4
2025-06-12 11:48:00,67.2
2025-06-12 00:24:00,75.4
2025-06-12 04:13:00,19.6
2025-06-12 18:40:00,24.3
2025-06-12 20:05:00,11.7
2025-06-12 04:05:00,92.4
2025-06-12 14:06:00,41.9
2025-06-12 19:37:00,6.2
2025-06-12 04:45:00,61.3
2025-06-12 22:35:00,13.1
2025-06-12 10:04:00,75.4
2025-06-12 13:40:00,50.406503298774744
2025-06-12 17:10:00,33.8
2025-06-12 14:38:00,70.5
2025-06-12 19:07:00,50.406503298774744
2025-06-12 10:32:00,29.6
2025-06-12 03:23:00,31.5
2025-06-12 13:24:00,47.2
2025-06-12 09:25:00,50.406503298774744
2025-06-12 20:02:00,50.406503298774744
2025-06-12 04:25:00,16.6
2025-06-12 01:20:00,55.5
2025-06-12 01:54:00,70.5
2025-06-12 03:26:00,16.2
2025-06-12 02:29:00,80.8
2025-06-12 19:07:00,40.8
2025-06-12 06:06:00,36.7
2025-06-12 18:10:00,2.2
2025-06-12 00:54:00,56.0
2025-06-12 13:49:00,50.406503298774744
2025-06-12 04:18:00,50.406503298774744
2025-06-12 13:44:00,72.7
2025-06-12 19:28:00,56.1
2025-06-12 20:58:00,7.3
2025-06-12 06:40:00,20.3
2025-06-12 05:36:00,36.3
2025-06-12 10:55:00,79.9
2025-06-12 16:20:00,30.9
2025-06-12 09:19:00,94.5
2025-06-12 19:35:00,92.9
2025-06-12 23:58:00,49.4
2025-06-12 07:18:00,68.0
2025-06-12 22:31:00,59.9
2025-06-12 14:05:00,60.9
2025-06-12 13:12:00,5.4
2025-06-12 19:50:00,6.0
2025-06-12 21:52:00,67.5
2025-06-12 17:25:00,34.6
2025-06-12 09:14:00,25.7
2025-06-12 07:42:00,79.0
2025-06-12 10:16:00,73.4
2025-06-12 15:41:00,50.3160582227961
2025-06-12 03:59:00,8.5
2025-06-12 07:29:00,43.5
2025-06-12 13:20:00,50.3160582227961
2025-06-12 14:53:00,7.4
2025-06-12 00:13:00,29.6
2025-06-12 04:18:00,66.6
2025-06-12 06:24:00,66.4
2025-06-12 12:53:00,50.3160582227961
2025-06-12 00:39:00,50.3160582227961
2025-06-12 23:27:00,88.6
2025-06-12 09:14:00,50.3160582227961
2025-06-12 01:42:00,58.7
2025-06-12 00:25:00,69.6
2025-06-12 23:46:00,20.0
2025-06-12 20:35:00,93.4
2025-06-12 17:41:00,50.3160582227961
2025-06-12 12:51:00,26.9
2025-06-12 15:28:00,84.9
2025-06-12 08:56:00,50.3160582227961
2025-06-12 23:59:00,50.3160582227961
2025-06-12 12:06:00,73.1
2025-06-12 10:38:00,99.9
2025-06-12 10:27:00,22.6
2025-06-12 00:06:00,3.6
2025-06-12 05:57:00,25.9
2025-06-12 10:22:00,73.0
2025-06-12 09:07:00,74.9
2025-06-12 01:04:00,21.8
2025-06-12 19:39:00,96.3
2025-06-12 13:20:00,5.1
2025-06-12 08:03:00,89.9
2025-06-12 04:37:00,64.2
2025-06-12 20:16:00,15.3
2025-06-12 22:12:00,80.8
2025-06-12 18:50:00,86.8
2025-06-12 14:16:00,50.3160582227961
2025-06-12 06:33:00,28.7
2025-06-12 05:19:00,78.4
2025-06-12 13:24:00,50.3160582227961
2025-06-12 14:13:00,50.3160582227961
2025-06-12 21:00:00,51.4
2025-06-12 12:16:00,38.9
2025-06-12 16:54:00,55.7
2025-06-12 19:57:00,2.1
2025-06-12 06:52:00,50.3160582227961
2025-06-12 13:56:00,50.3160582227961
2025-06-12 19:02:00,3.0
2025-06-12 07:31:00,84.4
2025-06-12 12:22:00,4.9
2025-06-12 15:12:00,70.0
2025-06-12 00:14:00,15.2
2025-06-12 02:35:00,89.8
2025-06-12 20:44:00,33.9
2025-06-12 07:16:00,0.2
2025-06-12 21:05:00,48.2
2025-06-12 12:37:00,55.4
2025-06-12 08:32:00,50.3160582227961
2025-06-12 19:34:00,89.6
2025-06-12 14:22:00,87.6
2025-06-12 19:20:00,24.3
2025-06-12 01:49:00,34.8
2025-06-12 02:57:00,60.4
2025-06-12 07:02:00,97.0
2025-06-12 19:56:00,55.3
2025-06-12 21:19:00,99.4
2025-06-12 12:27:00,22.8
2025-06-12 18:57:00,50.3160582227961
2025-06-12 04:04:00,50.3160582227961
2025-06-12 15:13:00,71.8
2025-06-12 08:54:00,1.7
2025-06-12 00:43:00,2.3
2025-06-12 09:57:00,26.2
2025-06-12 06:54:00,16.9
2025-06-12 22:15:00,13.3
2025-06-12 00:55:00,0.2
2025-06-12 19:22:00,70.9
2025-06-12 06:20:00,47.2
2025-06-12 14:16:00,5.9
2025-06-12 07:52:00,66.9
2025-06-12 22:28:00,85.8
2025-06-12 16:13:00,92.1
2025-06-12 12:09:00,58.9
2025-06-12 21:24:00,99.9
2025-06-12 22:05:00,61.7
2025-06-12 07:55:00,25.1
2025-06-12 07:05:00,40.2
2025-06-12 15:36:00,75.9
2025-06-12 19:47:00,43.4
2025-06-12 00:32:00,96.8
2025-06-12 05:24:00,54.6
2025-06-12 04:43:00,42.5
2025-06-12 21:02:00,0.8
2025-06-12 20:53:00,65.0
2025-06-12 14:13:00,83.8
2025-06-12 01:11:00,65.2
2025-06-12 21:05:00,50.3160582227961
2025-06-12 11:40:00,21.6
2025-06-12 19:06:00,4.1
2025-06-12 10:28:00,46.1
2025-06-12 03:30:00,54.4
2025-06-12 17:55:00,27.9
2025-06-12 02:06:00,50.3160582227961
2025-06-12 19:29:00,50.3160582227961
2025-06-12 22:41:00,45.1
2025-06-12 10:15:00,31.2
2025-06-12 06:49:00,56.7
2025-06-12 01:23:00,70.7
2025-06-12 07:49:00,46.0
2025-06-12 01:58:00,48.0
2025-06-12 01:28:00,80.1
2025-06-12 14:35:00,50.3160582227961
2025-06-12 08:23:00,8.7
2025-06-12 13:11:00,19.6
2025-06-12 18:24:00,2.4
2025-06-12 02:26:00,44.1
2025-06-12 19:38:00,80.3
2025-06-12 15:30:00,50.3160582227961
2025-06-12 22:59:00,78.2
2025-06-12 03:57:00,31.2
2025-06-12 11:08:00,44.4
2025-06-12 21:57:00,20.5
2025-06-12 16:08:00,50.3160582227961
2025-06-12 15:54:00,77.6
2025-06-12 18:44:00,55.4
2025-06-12 20:56:00,85.6
2025-06-12 20:29:00,50.3160582227961
2025-06-12 14:44:00,19.7
2025-06-12 15:38:00,46.1
2025-06-12 20:15:00,88.0
2025-06-12 23:30:00,95.9
2025-06-12 00:28:00,50.3160582227961
2025-06-12 11:09:00,70.1
2025-06-12 04:45:00,98.5
2025-06-12 05:30:00,19.9
2025-06-12 20:07:00,95.0
2025-06-12 10:01:00,50.3160582227961
2025-06-12 16:55:00,50.3160582227961
2025-06-12 05:25:00,90.6
2025-06-12 17:11:00,7.8
2025-06-12 06:44:00,34.2
2025-06-12 23:48:00,1.2
2025-06-12 04:15:00,50.3160582227961
2025-06-12 06:14:00,58.2
2025-06-12 14:43:00,46.9
2025-06-12 11:43:00,50.3160582227961
2025-06-12 21:26:00,96.4
2025-06-12 02:19:00,68.6
2025-06-12 08:02:00,89.0
2025-06-12 09:32:00,51.9
2025-06-12 05:21:00,18.5
2025-06-12 00:13:00,80.6
2025-06-12 09:44:00,30.1
2025-06-12 20:39:00,98.6
2025-06-12 05:03:00,89.6
2025-06-12 22:14:00,16.2
2025-06-12 22:05:00,40.9
2025-06-12 20:21:00,2.2
2025-06-12 22:12:00,68.4
2025-06-12 19:05:00,96.1
2025-06-12 16:25:00,71.0
2025-06-12 02:42:00,92.1
2025-06-12 22:52:00,64.4
2025-06-12 03:53:00,7.1
2025-06-12 20:58:00,3.5
2025-06-12 21:48:00,32.4
2025-06-12 12:34:00,33.7
2025-06-12 19:25:00,3.9
2025-06-12 04:38:00,50.3160582227961
2025-06-12 17:09:00,7.9
2025-06-12 19:36:00,33.8
2025-06-12 13:48:00,26.4
2025-06-12 10:46:00,3.8
2025-06-12 13:58:00,45.7
2025-06-12 11:35:00,50.3160582227961
2025-06-12 05:50:00,41.6
2025-06-12 23:48:00,75.1
2025-06-12 06:07:00,50.3160582227961
2025-06-12 10:02:00,77.4
2025-06-12 10:47:00,50.3160582227961
2025-06-12 01:01:00,98.2
2025-06-12 12:30:00,20.0
2025-06-12 04:42:00,20.0
2025-06-12 21:23:00,50.3160582227961
2025-06-12 23:32:00,6.8
2025-06-12 09:35:00,98.2
2025-06-12 10:51:00,53.5
2025-06-12 23:15:00,11.1
2025-06-12 01:06:00,88.1
2025-06-12 10:07:00,16.6
2025-06-12 01:59:00,88.5
2025-06-12 18:34:00,89.8
2025-06-12 14:51:00,94.6
2025-06-12 15:55:00,66.5
2025-06-12 03:47:00,25.4
2025-06-12 16:16:00,63.1
2025-06-12 09:56:00,63.8
2025-06-12 14:37:00,32.3
2025-06-12 18:13:00,50.3160582227961
2025-06-12 17:15:00,88.2
2025-06-12 20:15:00,10.2
2025-06-12 03:31:00,39.9
2025-06-12 15:03:00,85.9
2025-06-12 20:27:00,93.6
2025-06-12 02:45:00,81.0
2025-06-12 20:13:00,18.5
2025-06-12 10:32:00,45.8
2025-06-12 12:24:00,47.1
2025-06-12 18:57:00,5.9
2025-06-12 04:11:00,55.7
2025-06-12 06:45:00,39.7
2025-06-12 20:05:00,88.6
2025-06-12 21:06:00,50.3160582227961
2025-06-12 23:56:00,11.8
2025-06-12 08:31:00,46.2
2025-06-12 13:29:00,25.1
2025-06-12 19:07:00,93.0
2025-06-12 10:22:00,50.3160582227961
2025-06-12 23:50:00,47.1
2025-06-12 08:13:00,71.6
2025-06-12 00:26:00,65.1
2025-06-12 06:13:00,96.8
2025-06-12 10:13:00,78.2
2025-06-12 01:27:00,27.9
2025-06-12 23:12:00,95.7
2025-06-12 02:28:00,3.0
2025-06-12 18:06:00,61.5
2025-06-12 14:46:00,8.7
2025-06-12 09:13:00,30.7
2025-06-12 05:25:00,4.4
2025-06-12 05:40:00,74.8
2025-06-12 04:54:00,27.7
2025-06-12 15:13:00,55.5
2025-06-12 20:48:00,37.1
2025-06-12 17:47:00,50.3
2025-06-12 12:08:00,73.4
2025-06-12 05:32:00,50.3160582227961
2025-06-12 11:21:00,62.7
2025-06-12 14:29:00,47.8
2025-06-12 00:12:00,78.8
2025-06-12 16:06:00,47.4
2025-06-12 08:22:00,39.7
2025-06-12 13:18:00,96.7
2025-06-12 03:09:00,52.4
2025-06-12 05:00:00,83.6
2025-06-12 17:44:00,70.1
2025-06-12 20:12:00,35.9
2025-06-12 04:00:00,28.0
2025-06-12 06:38:00,35.2
2025-06-12 07:15:00,5.6
2025-06-12 14:18:00,45.4
2025-06-12 08:28:00,83.2
2025-06-12 08:28:00,57.9
2025-06-12 12:17:00,13.9
2025-06-12 05:20:00,50.3160582227961
2025-06-12 04:35:00,35.9
2025-06-12 23:40:00,52.6
2025-06-12 08:52:00,38.8
2025-06-12 23:16:00,80.9
2025-06-12 14:10:00,27.4
2025-06-12 08:17:00,1.0
2025-06-12 09:37:00,56.9
2025-06-12 03:45:00,93.7
2025-06-12 05:30:00,50.3160582227961
2025-06-12 11:20:00,50.4
2025-06-12 12:29:00,18.0
2025-06-12 20:31:00,63.6
2025-06-12 05:39:00,91.6
2025-06-12 11:52:00,86.2
2025-06-12 20:11:00,50.3160582227961
2025-06-12 12:01:00,30.8
2025-06-12 01:21:00,82.3
2025-06-12 06:43:00,7.6
2025-06-12 03:46:00,86.8
2025-06-12 14:24:00,76.9
2025-06-12 03:11:00,49.3
2025-06-12 09:23:00,36.6
2025-06-12 02:48:00,78.9
2025-06-12 23:12:00,67.4
2025-06-12 21:55:00,77.3
2025-06-12 14:58:00,26.4
2025-06-12 21:04:00,14.0
2025-06-12 21:12:00,32.7
2025-06-12 21:08:00,47.1
2025-06-12 12:23:00,87.6
2025-06-12 14:07:00,67.4
2025-06-12 08:22:00,78.1
2025-06-12 05:48:00,51.6
2025-06-12 08:30:00,37.5
2025-06-12 20:25:00,86.7
2025-06-12 08:56:00,78.2
2025-06-12 23:55:00,86.7
2025-06-12 17:25:00,56.1
2025-06-12 14:08:00,33.4
2025-06-12 23:51:00,55.9
2025-06-12 04:55:00,56.3
2025-06-12 09:31:00,50.3160582227961
2025-06-12 03:08:00,64.5
2025-06-12 21:08:00,84.4
2025-06-12 02:55:00,50.3160582227961
2025-06-12 14:29:00,57.9
2025-06-12 15:56:00,88.5
2025-06-12 19:06:00,51.6
2025-06-12 04:53:00,89.1
2025-06-12 05:57:00,50.3160582227961
2025-06-12 10:13:00,83.9
2025-06-12 19:22:00,50.3160582227961
2025-06-12 10:03:00,40.1
2025-06-12 00:50:00,30.8
2025-06-12 18:11:00,36.4
2025-06-12 06:59:00,42.5
2025-06-12 15:50:00,27.1
2025-06-12 22:17:00,1.0
2025-06-12 12:52:00,74.5
2025-06-12 08:44:00,24.8
2025-06-12 06:44:00,13.8
2025-06-12 09:10:00,99.6
2025-06-12 22:44:00,83.7
2025-06-12 20:56:00,77.9
2025-06-12 14:03:00,72.5
2025-06-12 06:16:00,89.5
2025-06-12 16:27:00,35.7
2025-06-12 08:04:00,21.1
2025-06-12 13:24:00,78.2
2025-06-12 17:41:00,53.7
2025-06-12 17:13:00,78.2
2025-06-12 11:37:00,42.7
2025-06-12 09:53:00,92.3
2025-06-12 18:22:00,20.3
2025-06-12 05:45:00,16.9
2025-06-12 03:49:00,24.1
2025-06-12 18:26:00,35.0
2025-06-12 16:40:00,86.6
2025-06-12 04:00:00,19.1
2025-06-12 21:47:00,75.7
2025-06-12 06:00:00,33.4
2025-06-12 13:41:00,37.7
2025-06-12 18:57:00,23.1
2025-06-12 10:59:00,60.8
2025-06-12 09:11:00,82.2
2025-06-12 16:37:00,53.3
2025-06-12 10:44:00,50.04954009433962
2025-06-12 20:33:00,4.3
2025-06-12 14:43:00,87.4
2025-06-12 16:58:00,5.8
2025-06-12 22:16:00,97.1
2025-06-12 16:48:00,27.4
2025-06-12 16:26:00,21.3
2025-06-12 19:28:00,94.4
2025-06-12 22:59:00,27.4
2025-06-12 14:48:00,50.04954009433962
2025-06-12 03:55:00,11.9
2025-06-12 05:50:00,96.8
2025-06-12 05:15:00,75.6
2025-06-12 07:15:00,82.4
2025-06-12 03:34:00,36.3
2025-06-12 23:07:00,76.4
2025-06-12 22:57:00,30.2
2025-06-12 08:41:00,72.7
2025-06-12 09:52:00,76.6
2025-06-12 09:47:00,50.04954009433962
2025-06-12 02:03:00,94.3
2025-06-12 01:07:00,24.7
2025-06-12 23:05:00,94.6
2025-06-12 23:49:00,75.5
2025-06-12 07:43:00,4.4
2025-06-12 13:28:00,96.8
2025-06-12 01:57:00,50.04954009433962
2025-06-12 08:41:00,8.4
2025-06-12 04:20:00,74.1
2025-06-12 10:01:00,69.7
2025-06-12 14:40:00,14.5
2025-06-12 13:50:00,5.1
2025-06-12 02:09:00,31.9
2025-06-12 15:41:00,15.4
2025-06-12 07:17:00,79.9
2025-06-12 18:11:00,33.9
2025-06-12 18:03:00,49.9
2025-06-12 06:13:00,60.5
2025-06-12 21:53:00,98.9
2025-06-12 18:04:00,42.1
2025-06-12 17:46:00,24.2
2025-06-12 15:55:00,50.04954009433962
2025-06-12 11:16:00,10.6
2025-06-12 02:22:00,61.5
2025-06-12 01:43:00,19.2
2025-06-12 15:38:00,50.04954009433962
2025-06-12 22:27:00,10.3
2025-06-12 17:48:00,66.7
2025-06-12 15:58:00,20.5
2025-06-12 08:07:00,58.6
2025-06-12 09:27:00,14.6
2025-06-12 07:18:00,47.1
2025-06-12 22:35:00,34.0
2025-06-12 14:51:00,79.6
2025-06-12 12:54:00,2.5
2025-06-12 05:50:00,50.04954009433962
2025-06-12 05:30:00,15.8
2025-06-12 15:00:00,68.9
2025-06-12 08:24:00,50.04954009433962
2025-06-12 05:06:00,33.7
2025-06-12 02:42:00,67.1
2025-06-12 03:41:00,50.04954009433962
2025-06-12 03:52:00,38.9
2025-06-12 04:28:00,50.04954009433962
2025-06-12 16:45:00,89.1
2025-06-12 12:21:00,4.9
2025-06-12 05:59:00,97.3
2025-06-12 23:31:00,50.04954009433962
2025-06-12 20:52:00,78.0
2025-06-12 03:47:00,78.2
2025-06-12 04:13:00,90.9
2025-06-12 03:56:00,31.2
2025-06-12 13:43:00,40.6
2025-06-12 12:04:00,45.8
2025-06-12 23:55:00,91.2
2025-06-12 20:04:00,45.1
2025-06-12 07:34:00,92.5
2025-06-12 06:01:00,88.5
2025-06-12 12:03:00,50.04954009433962
2025-06-12 12:21:00,54.8
2025-06-12 21:13:00,16.7
2025-06-12 01:55:00,22.6
2025-06-12 14:19:00,49.0
2025-06-12 05:55:00,54.0
2025-06-12 14:24:00,77.3
2025-06-12 14:31:00,80.7
2025-06-12 16:44:00,55.1
2025-06-12 14:48:00,49.3
2025-06-12 04:10:00,50.04954009433962
2025-06-12 03:56:00,52.4
2025-06-12 19:58:00,53.7
2025-06-12 10:09:00,61.7
2025-06-12 14:08:00,35.6
2025-06-12 22:08:00,55.7
2025-06-12 08:45:00,0.4
2025-06-12 00:46:00,50.6
2025-06-12 22:27:00,42.3
2025-06-12 14:05:00,19.1
2025-06-12 07:31:00,96.9
2025-06-12 23:16:00,82.4
2025-06-12 22:12:00,66.5
2025-06-12 11:03:00,8.0
2025-06-12 05:03:00,98.1
2025-06-12 13:11:00,90.1
2025-06-12 23:20:00,58.1
2025-06-12 00:37:00,9.7
2025-06-12 06:11:00,1.9
2025-06-12 07:14:00,53.5
2025-06-12 01:34:00,94.6
2025-06-12 02:46:00,18.7
2025-06-12 02:36:00,50.04954009433962
2025-06-12 01:46:00,98.5
2025-06-12 10:25:00,50.04954009433962
2025-06-12 04:37:00,36.0
2025-06-12 00:43:00,42.3
2025-06-12 02:14:00,12.5
2025-06-12 00:02:00,29.4
2025-06-12 08:09:00,50.04954009433962
2025-06-12 17:52:00,78.9
2025-06-12 07:56:00,94.3
2025-06-12 00:24:00,86.3
2025-06-12 05:28:00,50.04954009433962
2025-06-12 03:33:00,32.5
2025-06-12 06:04:00,50.04954009433962
2025-06-12 01:20:00,50.04954009433962
2025-06-12 19:55:00,91.7
2025-06-12 13:34:00,38.9
2025-06-12 20:20:00,31.9
2025-06-12 05:17:00,58.6
2025-06-12 07:43:00,50.1
2025-06-12 05:23:00,35.6
2025-06-12 09:30:00,86.7
2025-06-12 16:06:00,1.8
2025-06-12 19:49:00,96.6
2025-06-12 10:23:00,32.5
2025-06-12 11:26:00,77.2
2025-06-12 08:36:00,80.8
2025-06-12 00:31:00,34.6
2025-06-12 23:12:00,47.3
2025-06-12 21:12:00,21.7
2025-06-12 12:53:00,31.7
2025-06-12 08:29:00,24.5
2025-06-12 17:09:00,2.2
2025-06-12 19:21:00,87.5
2025-06-12 01:32:00,19.5
2025-06-12 10:47:00,52.5
2025-06-12 02:38:00,72.3
2025-06-12 23:30:00,9.4
2025-06-12 03:08:00,40.9
2025-06-12 11:06:00,89.6
2025-06-12 16:39:00,34.1
2025-06-12 09:06:00,67.4
2025-06-12 21:50:00,98.2
2025-06-12 03:45:00,60.7
2025-06-12 18:20:00,75.4
2025-06-12 00:41:00,42.8
2025-06-12 07:03:00,56.5
2025-06-12 18:17:00,54.1
2025-06-12 15:40:00,44.0
2025-06-12 07:31:00,84.0
2025-06-12 06:45:00,46.7
2025-06-12 17:59:00,96.2
2025-06-12 01:25:00,97.2
2025-06-12 08:00:00,17.9
2025-06-12 22:51:00,50.04954009433962
2025-06-12 09:40:00,9.7
2025-06-12 21:10:00,97.1
2025-06-12 20:41:00,60.7
2025-06-12 15:11:00,6.4
2025-06-12 22:30:00,58.8
2025-06-12 13:09:00,82.5
2025-06-12 21:44:00,59.0
2025-06-12 04:52:00,70.9
2025-06-12 00:41:00,99.7
2025-06-12 00:48:00,25.1
2025-06-12 07:14:00,46.4
2025-06-12 13:29:00,65.3
2025-06-12 09:16:00,82.7
2025-06-12 12:16:00,21.9
2025-06-12 20:36:00,50.04954009433962
2025-06-12 06:39:00,69.4
2025-06-12 07:48:00,6.6
2025-06-12 15:36:00,91.8
2025-06-12 07:31:00,50.04954009433962
2025-06-12 20:24:00,97.5
2025-06-12 20:18:00,56.4
2025-06-12 04:56:00,80.2
2025-06-12 07:10:00,50.04954009433962
2025-06-12 23:19:00,25.1
2025-06-12 09:58:00,68.1
2025-06-12 07:33:00,36.1
2025-06-12 02:40:00,0.1
2025-06-12 21:42:00,50.04954009433962
2025-06-12 03:48:00,48.5
2025-06-12 10:45:00,32.0
2025-06-12 16:01:00,76.3
2025-06-12 10:15:00,26.1
2025-06-12 11:42:00,98.9
2025-06-12 04:39:00,44.8
2025-06-12 14:03:00,35.9
2025-06-12 03:56:00,50.04954009433962
2025-06-12 11:34:00,15.6
2025-06-12 15:49:00,20.7
2025-06-12 11:34:00,73.2
2025-06-12 23:22:00,50.04954009433962
2025-06-12 19:54:00,50.04954009433962
2025-06-12 08:02:00,64.4
2025-06-12 08:04:00,34.9
2025-06-12 05:20:00,86.0
2025-06-12 17:09:00,50.04954009433962
2025-06-12 09:07:00,19.5
2025-06-12 06:17:00,33.9
2025-06-12 00:15:00,57.7
2025-06-12 21:13:00,8.4
2025-06-12 12:20:00,85.6
2025-06-12 00:14:00,50.04954009433962
2025-06-12 21:19:00,58.4
2025-06-12 17:45:00,50.04954009433962
2025-06-12 21:48:00,31.0
2025-06-12 06:55:00,59.8
2025-06-12 05:28:00,54.9
2025-06-12 06:51:00,57.6
2025-06-12 12:49:00,9.8
2025-06-12 22:57:00,91.0
2025-06-12 07:02:00,65.7
2025-06-12 21:06:00,50.04954009433962
2025-06-12 07:26:00,7.1
2025-06-12 14:37:00,42.6
2025-06-12 09:02:00,84.9
2025-06-12 18:45:00,41.3
2025-06-12 11:54:00,36.1
2025-06-12 10:20:00,77.8
2025-06-12 07:59:00,20.1
2025-06-12 14:42:00,76.4
2025-06-12 07:06:00,34.4
2025-06-12 02:53:00,30.8
2025-06-12 15:07:00,97.5
2025-06-12 04:00:00,82.2
2025-06-12 03:25:00,41.4
2025-06-12 17:48:00,62.5
2025-06-12 09:29:00,83.0
2025-06-12 14:36:00,59.0
2025-06-12 20:09:00,46.4
2025-06-12 22:47:00,18.5
2025-06-12 10:13:00,85.3
2025-06-12 00:53:00,74.8
2025-06-12 18:59:00,42.8
2025-06-12 23:44:00,50.04954009433962
2025-06-12 14:27:00,34.9
2025-06-12 15:24:00,61.7
2025-06-12 15:47:00,50.04954009433962
2025-06-12 16:15:00,61.9
2025-06-12 07:27:00,50.04954009433962
2025-06-12 06:18:00,5.2
2025-06-12 19:41:00,2.4
2025-06-12 07:20:00,30.6
2025-06-12 16:48:00,95.2
2025-06-12 09:28:00,26.9
2025-06-12 05:47:00,50.04954009433962
2025-06-12 13:41:00,2.2
2025-06-12 21:47:00,11.8
2025-06-12 14:23:00,21.3
2025-06-12 06:05:00,32.6
2025-06-12 19:57:00,51.6
2025-06-12 21:51:00,50.04954009433962
2025-06-12 09:05:00,11.0
2025-06-12 08:50:00,50.04954009433962
2025-06-12 02:12:00,39.7
2025-06-12 19:55:00,57.0
2025-06-12 20:58:00,27.4
2025-06-12 19:39:00,26.6
2025-06-12 15:14:00,50.04954009433962
2025-06-12 21:51:00,32.2
2025-06-12 10:02:00,31.8
2025-06-12 05:20:00,7.9
2025-06-12 20:16:00,77.4
2025-06-12 06:39:00,31.1
2025-06-12 02:03:00,18.4
2025-06-12 21:29:00,47.8
2025-06-12 21:37:00,2.1
2025-06-12 03:34:00,28.2
2025-06-12 19:51:00,8.2
2025-06-12 18:29:00,50.04954009433962
2025-06-12 14:30:00,67.7
2025-06-12 03:09:00,20.1
2025-06-12 20:34:00,16.2
2025-06-12 13:42:00,50.04954009433962
2025-06-12 04:22:00,60.6
2025-06-12 03:37:00,54.5
2025-06-12 20:43:00,0.6
2025-06-12 23:42:00,77.6
2025-06-12 19:29:00,50.04954009433962
2025-06-12 00:00:00,26.5
2025-06-12 17:40:00,31.6
2025-06-12 13:35:00,88.8
2025-06-12 20:33:00,17.7
2025-06-12 08:42:00,55.6
2025-06-12 15:36:00,65.8
2025-06-12 16:17:00,73.7
2025-06-12 02:28:00,35.8
2025-06-12 15:53:00,25.5
2025-06-12 00:52:00,23.6
2025-06-12 21:28:00,50.04954009433962
2025-06-12 00:21:00,48.8
2025-06-12 18:15:00,77.7
2025-06-12 08:59:00,78.4
2025-06-12 20:11:00,92.2
2025-06-12 22:15:00,26.9
2025-06-12 01:26:00,85.2
2025-06-12 02:43:00,61.3
2025-06-12 19:58:00,32.9
2025-06-12 19:52:00,6.6
2025-06-12 20:14:00,1.5
2025-06-12 18:40:00,76.0
2025-06-12 01:44:00,7.7
2025-06-12 09:13:00,50.04954009433962
2025-06-12 02:08:00,27.8
2025-06-12 09:48:00,27.2
2025-06-12 20:41:00,4.9
2025-06-12 19:43:00,50.04954009433962
2025-06-12 14:17:00,36.2
2025-06-12 20:20:00,50.04954009433962
2025-06-12 09:02:00,73.9
2025-06-12 04:17:00,4.4
2025-06-12 16:03:00,77.4
2025-06-12 01:18:00,50.06682414078186
2025-06-12 10:44:00,93.5
2025-06-12 10:01:00,20.7
2025-06-12 03:10:00,90.9
2025-06-12 06:40:00,46.4
2025-06-12 21:08:00,68.0
2025-06-12 03:50:00,9.8
2025-06-12 11:39:00,41.7
2025-06-12 02:01:00,50.06682414078186
2025-06-12 07:32:00,72.5
2025-06-12 21:02:00,82.0
2025-06-12 21:29:00,29.5
2025-06-12 07:59:00,61.1
2025-06-12 13:14:00,95.4
2025-06-12 00:30:00,91.8
2025-06-12 15:36:00,50.06682414078186
2025-06-12 02:49:00,50.06682414078186
2025-06-12 02:15:00,12.3
2025-06-12 05:33:00,62.3
2025-06-12 08:36:00,13.4
2025-06-12 19:30:00,22.7
2025-06-12 08:10:00,79.4
2025-06-12 19:32:00,36.6
2025-06-12 22:28:00,66.8
2025-06-12 12:37:00,25.1
2025-06-12 05:14:00,3.4
2025-06-12 14:45:00,50.06682414078186
2025-06-12 11:33:00,87.2
2025-06-12 15:31:00,76.2
2025-06-12 18:02:00,80.2
2025-06-12 04:15:00,35.9
2025-06-12 20:12:00,50.06682414078186
2025-06-12 00:00:00,15.8
2025-06-12 20:37:00,12.0
2025-06-12 04:34:00,94.6
2025-06-12 07:08:00,70.5
2025-06-12 05:51:00,33.0
2025-06-12 08:04:00,80.7
2025-06-12 11:31:00,10.2
2025-06-12 05:53:00,84.7
2025-06-12 07:25:00,40.0
2025-06-12 21:43:00,89.6
2025-06-12 16:00:00,51.9
2025-06-12 01:27:00,64.0
2025-06-12 22:31:00,16.2
2025-06-12 13:15:00,25.7
2025-06-12 14:25:00,82.4
2025-06-12 22:41:00,50.06682414078186
2025-06-12 03:08:00,40.0
2025-06-12 11:34:00,22.4
2025-06-12 06:35:00,62.9
2025-06-12 00:47:00,50.6
2025-06-12 19:58:00,92.1
2025-06-12 14:28:00,68.6
2025-06-12 13:42:00,52.8
2025-06-12 07:15:00,7.5
2025-06-12 19:24:00,82.0
2025-06-12 04:14:00,7.3
2025-06-12 20:08:00,19.9
2025-06-12 19:14:00,48.1
2025-06-12 22:41:00,28.5
2025-06-12 18:52:00,15.6
2025-06-12 02:14:00,95.6
2025-06-12 15:55:00,92.8
2025-06-12 16:39:00,50.06682414078186
2025-06-12 00:01:00,50.06682414078186
2025-06-12 01:06:00,52.7
2025-06-12 03:54:00,38.2
2025-06-12 16:28:00,50.06682414078186
2025-06-12 17:02:00,90.1
2025-06-12 01:51:00,75.5
2025-06-12 13:17:00,39.3
2025-06-12 10:47:00,50.06682414078186
2025-06-12 00:36:00,50.06682414078186
2025-06-12 12:22:00,69.8
2025-06-12 02:58:00,70.2
2025-06-12 01:31:00,19.9
2025-06-12 00:04:00,52.2
2025-06-12 21:07:00,27.8
2025-06-12 09:43:00,79.1
2025-06-12 03:10:00,50.06682414078186
2025-06-12 22:26:00,71.5
2025-06-12 14:09:00,4.0
2025-06-12 20:12:00,93.6
2025-06-12 20:35:00,41.4
2025-06-12 20:26:00,50.06682414078186
2025-06-12 06:45:00,7.2
2025-06-12 05:36:00,18.6
2025-06-12 20:54:00,64.1
2025-06-12 18:55:00,50.2
2025-06-12 00:39:00,15.0
2025-06-12 04:09:00,89.9
2025-06-12 13:56:00,69.5
2025-06-12 12:22:00,44.0
2025-06-12 13:58:00,95.0
2025-06-12 05:42:00,1.2
2025-06-12 13:53:00,46.3
2025-06-12 16:16:00,50.06682414078186
2025-06-12 15:16:00,97.5
2025-06-12 09:38:00,70.5
2025-06-12 10:13:00,10.7
2025-06-12 15:04:00,22.3
2025-06-12 14:17:00,97.4
2025-06-12 08:09:00,70.9
2025-06-12 09:32:00,50.06682414078186
2025-06-12 13:26:00,98.9
2025-06-12 12:50:00,9.8
2025-06-12 04:10:00,22.4
2025-06-12 06:26:00,26.7
2025-06-12 13:32:00,77.9
2025-06-12 00:38:00,1.9
2025-06-12 06:35:00,2.2
2025-06-12 06:18:00,50.06682414078186
2025-06-12 11:30:00,14.1
2025-06-12 19:35:00,47.7
2025-06-12 08:27:00,87.0
2025-06-12 23:30:00,12.9
2025-06-12 07:13:00,7.0
2025-06-12 07:32:00,82.3
2025-06-12 19:17:00,12.1
2025-06-12 03:58:00,64.3
2025-06-12 06:41:00,50.06682414078186
2025-06-12 10:19:00,74.1
2025-06-12 19:47:00,43.5
2025-06-12 11:36:00,47.9
2025-06-12 14:47:00,92.5
2025-06-12 12:22:00,22.6
2025-06-12 11:56:00,80.3
2025-06-12 10:36:00,67.8
2025-06-12 06:33:00,99.1
2025-06-12 16:25:00,10.9
2025-06-12 09:57:00,40.2
2025-06-12 08:20:00,99.3
2025-06-12 01:05:00,19.1
2025-06-12 19:14:00,26.5
2025-06-12 06:15:00,24.9
2025-06-12 16:57:00,31.4
2025-06-12 20:39:00,57.7
2025-06-12 14:44:00,84.5
2025-06-12 07:34:00,50.06682414078186
2025-06-12 02:33:00,76.8
2025-06-12 06:47:00,80.4
2025-06-12 23:49:00,57.5
2025-06-12 22:57:00,50.06682414078186
2025-06-12 22:46:00,39.8
2025-06-12 07:01:00,35.1
2025-06-12 00:24:00,17.8
2025-06-12 12:29:00,63.7
2025-06-12 03:03:00,46.6
2025-06-12 06:29:00,47.9
2025-06-12 10:16:00,22.9
2025-06-12 11:53:00,30.7
2025-06-12 17:03:00,29.8
2025-06-12 06:25:00,88.6
2025-06-12 16:10:00,21.2
2025-06-12 22:55:00,2.5
2025-06-12 07:14:00,43.3
2025-06-12 18:04:00,50.06682414078186
2025-06-12 13:32:00,28.4
2025-06-12 00:31:00,50.06682414078186
2025-06-12 06:32:00,96.3
2025-06-12 00:49:00,50.3
2025-06-12 15:59:00,50.06682414078186
2025-06-12 10:13:00,49.7
2025-06-12 22:06:00,10.5
2025-06-12 13:50:00,30.9
2025-06-12 07:14:00,85.4
2025-06-12 22:57:00,19.0
2025-06-12 04:44:00,6.4
2025-06-12 05:31:00,87.1
2025-06-12 08:58:00,9.9
2025-06-12 03:36:00,70.9
2025-06-12 00:39:00,16.5
2025-06-12 10:42:00,19.6
2025-06-12 09:38:00,50.06682414078186
2025-06-12 17:39:00,96.0
2025-06-12 02:56:00,89.2
2025-06-12 02:10:00,92.6
2025-06-12 17:58:00,14.1
2025-06-12 19:12:00,35.1
2025-06-12 05:53:00,43.0
2025-06-12 03:38:00,60.8
2025-06-12 08:07:00,52.7
2025-06-12 10:13:00,3.6
2025-06-12 13:31:00,78.4
2025-06-12 01:12:00,50.06682414078186
2025-06-12 05:46:00,50.06682414078186
2025-06-12 19:41:00,88.2
2025-06-12 02:40:00,64.7
2025-06-12 01:36:00,30.1
2025-06-12 12:00:00,80.3
2025-06-12 15:44:00,38.8
2025-06-12 03:42:00,28.7
2025-06-12 16:32:00,54.9
2025-06-12 01:46:00,79.1
2025-06-12 18:22:00,5.3
2025-06-12 08:27:00,78.6
2025-06-12 13:30:00,50.06682414078186
2025-06-12 00:35:00,9.2
2025-06-12 00:08:00,64.2
2025-06-12 11:36:00,11.5
2025-06-12 18:14:00,87.3
2025-06-12 01:24:00,39.0
2025-06-12 21:56:00,21.4
2025-06-12 16:59:00,5.0
2025-06-12 20:15:00,6.0
2025-06-12 03:45:00,86.8
2025-06-12 05:32:00,82.9
2025-06-12 11:14:00,27.1
2025-06-12 07:18:00,72.1
2025-06-12 18:46:00,41.7
2025-06-12 23:03:00,47.5
2025-06-12 22:31:00,29.7
2025-06-12 22:18:00,11.9
2025-06-12 12:18:00,50.0
2025-06-12 13:24:00,48.6
2025-06-12 10:39:00,32.4
2025-06-12 06:17:00,71.4
2025-06-12 18:12:00,60.5
2025-06-12 05:10:00,41.8
2025-06-12 00:16:00,4.4
2025-06-12 21:11:00,79.9
2025-06-12 06:08:00,38.7
2025-06-12 00:23:00,93.2
2025-06-12 22:37:00,5.3
2025-06-12 13:29:00,98.2
2025-06-12 15:09:00,92.0
2025-06-12 07:56:00,93.2
2025-06-12 17:45:00,52.9
2025-06-12 10:34:00,65.7
2025-06-12 13:50:00,54.8
2025-06-12 08:45:00,68.9
2025-06-12 20:44:00,14.3
2025-06-12 18:55:00,96.3
2025-06-12 16:54:00,50.06682414078186
2025-06-12 22:47:00,31.8
2025-06-12 09:46:00,50.06682414078186
2025-06-12 04:38:00,84.9
2025-06-12 11:06:00,71.0
2025-06-12 12:32:00,50.06682414078186
2025-06-12 04:44:00,48.2
2025-06-12 16:42:00,78.7
2025-06-12 02:37:00,8.1
2025-06-12 03:21:00,50.06682414078186
2025-06-12 22:46:00,72.3
2025-06-12 01:13:00,58.0
2025-06-12 03:18:00,41.1
2025-06-12 03:29:00,50.06682414078186
2025-06-12 16:45:00,30.3
2025-06-12 05:14:00,50.06682414078186
2025-06-12 00:55:00,29.8
2025-06-12 02:17:00,47.9
2025-06-12 15:30:00,41.1
2025-06-12 15:22:00,50.06682414078186
2025-06-12 13:26:00,56.0
2025-06-12 03:26:00,98.4
2025-06-12 23:29:00,64.6
2025-06-12 19:59:00,50.06682414078186
2025-06-12 09:20:00,77.4
2025-06-12 11:41:00,50.06682414078186
2025-06-12 21:57:00,71.5
2025-06-12 17:17:00,71.9
2025-06-12 11:36:00,17.8
2025-06-12 09:32:00,54.2
2025-06-12 03:50:00,64.5
2025-06-12 10:44:00,34.6
2025-06-12 07:06:00,28.9
2025-06-12 06:20:00,59.4
2025-06-12 15:22:00,50.06682414078186
2025-06-12 14:37:00,50.06682414078186
2025-06-12 08:13:00,21.4
2025-06-12 23:27:00,52.3
2025-06-12 04:47:00,55.9
2025-06-12 00:59:00,92.5
2025-06-12 22:54:00,13.8
2025-06-12 12:35:00,98.9
2025-06-12 21:05:00,50.06682414078186
2025-06-12 10:44:00,8.0
2025-06-12 03:02:00,11.7
2025-06-12 18:27:00,40.1
2025-06-12 18:33:00,56.6
2025-06-12 14:18:00,50.06682414078186
2025-06-12 08:47:00,42.7
2025-06-12 06:51:00,17.1
2025-06-12 15:40:00,81.0
2025-06-12 12:48:00,40.2
2025-06-12 00:46:00,21.1
2025-06-12 04:41:00,90.1
2025-06-12 05:53:00,69.6
2025-06-12 04:48:00,78.9
2025-06-12 03:04:00,60.0
2025-06-12 20:01:00,54.6
2025-06-12 22:05:00,43.9
2025-06-12 05:04:00,4.4
2025-06-12 02:02:00,42.9
2025-06-12 11:35:00,51.6
2025-06-12 08:21:00,32.3
2025-06-12 04:13:00,81.7
2025-06-12 23:41:00,14.0
2025-06-12 18:56:00,72.1
2025-06-12 08:11:00,13.5
2025-06-12 15:54:00,64.7
2025-06-12 14:14:00,52.8
2025-06-12 07:34:00,92.4
2025-06-12 18:40:00,90.8
2025-06-12 21:40:00,76.2
2025-06-12 07:40:00,27.3
2025-06-12 09:25:00,99.6
2025-06-12 00:43:00,95.1
2025-06-12 19:52:00,50.06682414078186
2025-06-12 23:42:00,26.8
2025-06-12 20:20:00,20.0
2025-06-12 09:58:00,4.2
2025-06-12 10:43:00,63.8
2025-06-12 07:06:00,22.2
2025-06-12 03:52:00,55.9
2025-06-12 11:02:00,53.7
2025-06-12 15:55:00,40.7
2025-06-12 00:41:00,40.7
2025-06-12 01:17:00,49.6
2025-06-12 06:43:00,30.2
2025-06-12 09:26:00,1.7
2025-06-12 16:19:00,50.06682414078186
2025-06-12 18:54:00,17.8
2025-06-12 06:31:00,92.7
2025-06-12 21:54:00,85.2
2025-06-12 04:04:00,54.2
2025-06-12 04:09:00,35.0
2025-06-12 07:50:00,23.4
2025-06-12 14:53:00,16.9
2025-06-12 20:30:00,69.2
2025-06-12 03:20:00,49.378098152289034
2025-06-12 15:04:00,39.7
2025-06-12 18:04:00,94.1
2025-06-12 20:58:00,39.6
2025-06-12 12:59:00,45.6
2025-06-12 06:58:00,49.378098152289034
2025-06-12 02:53:00,37.0
2025-06-12 04:42:00,49.378098152289034
2025-06-12 14:16:00,35.5
2025-06-12 10:29:00,49.378098152289034
2025-06-12 01:10:00,41.1
2025-06-12 20:37:00,31.6
2025-06-12 06:11:00,4.2
2025-06-12 21:32:00,39.7
2025-06-12 03:28:00,49.378098152289034
2025-06-12 15:14:00,49.378098152289034
2025-06-12 19:29:00,88.0
2025-06-12 02:59:00,4.3
2025-06-12 15:09:00,49.378098152289034
2025-06-12 20:12:00,81.5
2025-06-12 08:58:00,74.0
2025-06-12 23:24:00,36.6
2025-06-12 23:16:00,49.378098152289034
2025-06-12 20:06:00,46.4
2025-06-12 19:22:00,7.9
2025-06-12 17:20:00,83.8
2025-06-12 05:24:00,38.0
2025-06-12 08:16:00,82.7
2025-06-12 15:18:00,7.0
2025-06-12 09:23:00,21.9
2025-06-12 03:01:00,17.2
2025-06-12 19:00:00,49.378098152289034
2025-06-12 06:27:00,98.9
2025-06-12 02:53:00,95.7
2025-06-12 17:30:00,49.378098152289034
2025-06-12 05:08:00,76.9
2025-06-12 18:13:00,75.0
2025-06-12 04:11:00,49.378098152289034
2025-06-12 11:29:00,18.1
2025-06-12 15:47:00,49.378098152289034
2025-06-12 22:21:00,49.378098152289034
2025-06-12 21:19:00,13.5
2025-06-12 18:54:00,49.378098152289034
2025-06-12 06:19:00,49.378098152289034
2025-06-12 20:29:00,41.3
2025-06-12 03:29:00,53.3
2025-06-12 17:45:00,15.7
2025-06-12 15:22:00,47.6
2025-06-12 03:40:00,23.7
2025-06-12 05:52:00,91.0
2025-06-12 23:52:00,49.378098152289034
2025-06-12 22:16:00,48.7
2025-06-12 08:44:00,74.6
2025-06-12 08:09:00,42.4
2025-06-12 13:03:00,49.378098152289034
2025-06-12 18:23:00,83.3
2025-06-12 22:22:00,49.378098152289034
2025-06-12 20:55:00,49.378098152289034
2025-06-12 18:05:00,18.0
2025-06-12 03:39:00,3.7
2025-06-12 04:15:00,95.9
2025-06-12 08:54:00,43.2
2025-06-12 09:48:00,64.9
2025-06-12 11:35:00,52.2
2025-06-12 07:35:00,79.2
2025-06-12 03:32:00,2.7
2025-06-12 09:18:00,49.378098152289034
2025-06-12 18:40:00,49.378098152289034
2025-06-12 17:03:00,49.378098152289034
2025-06-12 07:36:00,7.4
2025-06-12 04:03:00,81.7
2025-06-12 22:47:00,49.378098152289034
2025-06-12 21:15:00,49.378098152289034
2025-06-12 09:28:00,67.3
2025-06-12 21:24:00,95.8
2025-06-12 00:08:00,62.2
2025-06-12 12:41:00,56.5
2025-06-12 18:59:00,43.8
2025-06-12 01:46:00,62.6
2025-06-12 08:11:00,53.4
2025-06-12 11:26:00,55.8
2025-06-12 10:33:00,33.6
2025-06-12 14:06:00,62.3
2025-06-12 15:31:00,1.1
2025-06-12 14:40:00,45.3
2025-06-12 07:31:00,75.4
2025-06-12 00:20:00,97.3
2025-06-12 03:46:00,85.3
2025-06-12 21:58:00,49.378098152289034
2025-06-12 23:34:00,84.5
2025-06-12 05:15:00,49.378098152289034
2025-06-12 13:53:00,49.378098152289034
2025-06-12 08:51:00,57.7
2025-06-12 04:18:00,49.378098152289034
2025-06-12 16:56:00,49.378098152289034
2025-06-12 21:06:00,68.3
2025-06-12 11:02:00,83.3
2025-06-12 17:59:00,36.4
2025-06-12 23:04:00,8.9
2025-06-12 06:04:00,65.7
2025-06-12 13:49:00,49.378098152289034
2025-06-12 21:09:00,21.1
2025-06-12 21:26:00,62.3
2025-06-12 06:01:00,49.378098152289034
2025-06-12 08:04:00,52.0
2025-06-12 08:36:00,83.4
2025-06-12 05:22:00,22.1
2025-06-12 07:40:00,49.378098152289034
2025-06-12 14:17:00,99.9
2025-06-12 09:59:00,61.9
2025-06-12 03:13:00,38.2
2025-06-12 09:31:00,9.3
2025-06-12 00:24:00,82.5
2025-06-12 04:02:00,75.8
2025-06-12 13:56:00,81.9
2025-06-12 14:13:00,30.7
2025-06-12 19:19:00,17.1
2025-06-12 16:28:00,51.4
2025-06-12 08:34:00,78.3
2025-06-12 05:22:00,37.4
2025-06-12 22:05:00,26.7
2025-06-12 20:08:00,59.8
2025-06-12 14:27:00,75.4
2025-06-12 09:51:00,43.6
2025-06-12 14:52:00,71.3
2025-06-12 20:03:00,49.378098152289034
2025-06-12 23:30:00,71.1
2025-06-12 13:14:00,54.8
2025-06-12 23:04:00,20.8
2025-06-12 00:22:00,23.9
2025-06-12 20:53:00,41.2
2025-06-12 10:43:00,49.378098152289034
2025-06-12 03:39:00,80.2
2025-06-12 22:46:00,18.5
2025-06-12 15:56:00,49.378098152289034
2025-06-12 05:09:00,56.6
2025-06-12 11:36:00,22.3
2025-06-12 23:36:00,37.5
2025-06-12 18:33:00,65.2
2025-06-12 18:35:00,49.378098152289034
2025-06-12 18:04:00,44.0
2025-06-12 22:52:00,90.3
2025-06-12 16:58:00,79.3
2025-06-12 23:27:00,5.1
2025-06-12 14:26:00,68.3
2025-06-12 14:43:00,71.9
2025-06-12 02:49:00,60.0
2025-06-12 00:48:00,83.5
2025-06-12 23:22:00,48.0
2025-06-12 06:21:00,93.8
2025-06-12 10:57:00,45.0
2025-06-12 00:57:00,93.3
2025-06-12 16:21:00,29.0
2025-06-12 11:05:00,41.5
2025-06-12 10:22:00,38.4
2025-06-12 03:30:00,76.6
2025-06-12 15:25:00,74.8
2025-06-12 16:55:00,63.8
2025-06-12 11:24:00,45.2
2025-06-12 07:59:00,49.378098152289034
2025-06-12 07:40:00,43.8
2025-06-12 15:16:00,55.1
2025-06-12 17:56:00,38.2
2025-06-12 14:45:00,82.5
2025-06-12 16:49:00,49.378098152289034
2025-06-12 08:33:00,58.4
2025-06-12 05:34:00,37.9
2025-06-12 04:50:00,53.2
2025-06-12 15:37:00,49.378098152289034
2025-06-12 09:08:00,94.7
2025-06-12 12:06:00,22.3
2025-06-12 05:58:00,23.5
2025-06-12 09:11:00,16.2
2025-06-12 11:34:00,28.6
2025-06-12 04:47:00,43.4
2025-06-12 06:39:00,15.1
2025-06-12 01:14:00,21.9
2025-06-12 03:21:00,33.4
2025-06-12 03:05:00,16.3
2025-06-12 02:18:00,49.8
2025-06-12 10:31:00,79.5
2025-06-12 14:44:00,59.9
2025-06-12 21:35:00,49.378098152289034
2025-06-12 21:29:00,87.3
2025-06-12 18:33:00,59.6
2025-06-12 21:21:00,46.8
2025-06-12 19:37:00,22.6
2025-06-12 20:34:00,0.8
2025-06-12 07:47:00,37.3
2025-06-12 02:56:00,18.6
2025-06-12 05:43:00,60.7
2025-06-12 13:13:00,49.378098152289034
2025-06-12 16:59:00,89.9
2025-06-12 01:30:00,49.378098152289034
2025-06-12 14:49:00,6.3
2025-06-12 15:07:00,19.0
2025-06-12 12:59:00,33.4
2025-06-12 11:22:00,49.378098152289034
2025-06-12 02:29:00,49.378098152289034
2025-06-12 02:00:00,26.6
2025-06-12 19:10:00,0.0
2025-06-12 21:03:00,49.378098152289034
2025-06-12 03:20:00,60.0
2025-06-12 23:21:00,3.2
2025-06-12 07:55:00,39.3
2025-06-12 07:11:00,22.8
2025-06-12 05:48:00,49.378098152289034
2025-06-12 11:41:00,73.7
2025-06-12 12:27:00,19.5
2025-06-12 01:48:00,29.3
2025-06-12 12:35:00,85.5
2025-06-12 10:03:00,57.7
2025-06-12 04:19:00,48.2
2025-06-12 21:23:00,64.1
2025-06-12 07:43:00,32.9
2025-06-12 09:48:00,63.5
2025-06-12 04:47:00,79.6
2025-06-12 00:19:00,29.3
2025-06-12 13:34:00,76.6
2025-06-12 11:11:00,23.9
2025-06-12 06:05:00,63.4
2025-06-12 18:30:00,31.4
2025-06-12 17:23:00,93.2
2025-06-12 03:02:00,54.8
2025-06-12 22:42:00,1.3
2025-06-12 21:07:00,30.8
2025-06-12 01:15:00,40.2
2025-06-12 23:05:00,55.5
2025-06-12 22:32:00,94.6
2025-06-12 17:50:00,23.7
2025-06-12 16:09:00,29.7
2025-06-12 21:08:00,58.3
2025-06-12 02:24:00,55.0
2025-06-12 08:00:00,6.1
2025-06-12 22:05:00,35.8
2025-06-12 02:49:00,55.9
2025-06-12 22:08:00,2.4
2025-06-12 23:46:00,12.3
2025-06-12 12:57:00,22.4
2025-06-12 03:11:00,13.9
2025-06-12 16:38:00,49.378098152289034
2025-06-12 00:11:00,88.2
2025-06-12 00:00:00,58.2
2025-06-12 15:30:00,18.2
2025-06-12 02:05:00,66.9
2025-06-12 23:07:00,94.2
2025-06-12 19:11:00,51.0
2025-06-12 01:11:00,2.4
2025-06-12 11:07:00,83.1
2025-06-12 18:27:00,55.2
2025-06-12 00:40:00,46.5
2025-06-12 00:10:00,29.5
2025-06-12 11:47:00,4.8
2025-06-12 01:17:00,49.378098152289034
2025-06-12 04:13:00,68.7
2025-06-12 03:08:00,71.7
2025-06-12 12:17:00,95.7
2025-06-12 21:19:00,63.0
2025-06-12 16:05:00,34.8
2025-06-12 02:34:00,63.7
2025-06-12 18:27:00,78.5
2025-06-12 00:02:00,96.2
2025-06-12 01:59:00,49.378098152289034
2025-06-12 06:28:00,7.0
2025-06-12 15:29:00,73.8
2025-06-12 14:28:00,75.0
2025-06-12 11:16:00,93.6
2025-06-12 16:42:00,31.0
2025-06-12 02:31:00,83.3
2025-06-12 07:18:00,68.0
2025-06-12 09:30:00,10.5
2025-06-12 06:08:00,49.378098152289034
2025-06-12 20:28:00,91.7
2025-06-12 05:17:00,21.6
2025-06-12 03:59:00,32.7
2025-06-12 22:10:00,24.0
2025-06-12 15:37:00,49.378098152289034
2025-06-12 14:15:00,16.4
2025-06-12 23:58:00,28.6
2025-06-12 14:24:00,1.9
2025-06-12 01:09:00,11.9
2025-06-12 16:58:00,82.8
2025-06-12 11:15:00,49.378098152289034
2025-06-12 08:50:00,24.1
2025-06-12 13:51:00,75.9
2025-06-12 09:12:00,88.1
2025-06-12 21:28:00,35.8
2025-06-12 19:30:00,86.2
2025-06-12 09:09:00,40.9
2025-06-12 01:56:00,87.4
2025-06-12 13:25:00,11.2
2025-06-12 19:59:00,49.378098152289034
2025-06-12 20:42:00,45.5
2025-06-12 11:21:00,13.1
2025-06-12 08:10:00,49.378098152289034
2025-06-12 09:19:00,49.378098152289034
2025-06-12 19:44:00,71.3
2025-06-12 17:01:00,49.378098152289034
2025-06-12 09:03:00,51.7
2025-06-12 04:28:00,9.6
2025-06-12 21:22:00,99.5
2025-06-12 14:14:00,96.8
2025-06-12 09:23:00,66.4
2025-06-12 17:24:00,60.2
2025-06-12 07:33:00,23.0
2025-06-12 03:57:00,98.3
2025-06-12 12:53:00,49.378098152289034
2025-06-12 00:38:00,99.3
2025-06-12 16:14:00,49.378098152289034
2025-06-12 18:34:00,75.7
2025-06-12 04:02:00,62.7
2025-06-12 02:16:00,17.6
2025-06-12 11:43:00,31.0
2025-06-12 20:30:00,57.6
2025-06-12 22:48:00,1.8
2025-06-12 19:23:00,47.1
2025-06-12 15:57:00,49.378098152289034
2025-06-12 16:06:00,16.4
2025-06-12 02:03:00,69.0
2025-06-12 06:25:00,88.7
2025-06-12 11:07:00,18.7
2025-06-12 14:16:00,78.4
2025-06-12 07:42:00,84.7
2025-06-12 05:23:00,11.3
2025-06-12 07:20:00,15.2
2025-06-12 10:27:00,9.8
2025-06-12 15:38:00,95.9
2025-06-12 11:56:00,98.8
2025-06-12 08:00:00,49.86672560113154
2025-06-12 08:51:00,37.7
2025-06-12 01:31:00,11.9
2025-06-12 16:07:00,9.5
2025-06-12 17:33:00,95.0
2025-06-12 23:37:00,25.5
2025-06-12 17:46:00,6.6
2025-06-12 22:54:00,69.0
2025-06-12 19:03:00,35.5
2025-06-12 23:39:00,97.0
2025-06-12 19:03:00,3.6
2025-06-12 00:31:00,49.86672560113154
2025-06-12 00:30:00,57.9
2025-06-12 05:21:00,37.0
2025-06-12 06:25:00,99.7
2025-06-12 23:59:00,83.1
2025-06-12 11:39:00,49.86672560113154
2025-06-12 07:56:00,17.2
2025-06-12 20:19:00,61.5
2025-06-12 16:58:00,11.5
2025-06-12 14:52:00,69.8
2025-06-12 01:23:00,49.86672560113154
2025-06-12 09:51:00,35.6
2025-06-12 13:31:00,49.86672560113154
2025-06-12 17:13:00,79.3
2025-06-12 08:07:00,90.2
2025-06-12 04:21:00,26.4
2025-06-12 07:18:00,22.6
2025-06-12 16:35:00,95.3
2025-06-12 01:46:00,97.3
2025-06-12 12:51:00,49.86672560113154
2025-06-12 23:12:00,49.86672560113154
2025-06-12 07:11:00,2.8
2025-06-12 08:59:00,53.6
2025-06-12 19:07:00,26.9
2025-06-12 07:22:00,35.7
2025-06-12 02:15:00,60.1
2025-06-12 04:52:00,17.3
2025-06-12 14:16:00,49.86672560113154
2025-06-12 08:57:00,71.5
2025-06-12 06:27:00,15.4
2025-06-12 18:23:00,82.0
2025-06-12 05:05:00,7.0
2025-06-12 22:44:00,31.4
2025-06-12 17:05:00,61.5
2025-06-12 23:26:00,90.5
2025-06-12 13:01:00,88.8
2025-06-12 12:07:00,77.9
2025-06-12 09:23:00,49.86672560113154
2025-06-12 22:35:00,95.9
2025-06-12 18:36:00,49.86672560113154
2025-06-12 16:44:00,67.3
2025-06-12 14:16:00,97.1
2025-06-12 18:17:00,49.86672560113154
2025-06-12 14:35:00,3.5
2025-06-12 04:45:00,45.8
2025-06-12 01:58:00,56.5
2025-06-12 06:48:00,49.86672560113154
2025-06-12 20:59:00,15.5
2025-06-12 03:28:00,84.7
2025-06-12 20:02:00,49.86672560113154
2025-06-12 12:32:00,53.5
2025-06-12 11:28:00,49.86672560113154
2025-06-12 00:26:00,62.3
2025-06-12 01:26:00,9.8
2025-06-12 19:41:00,21.2
2025-06-12 22:00:00,82.2
2025-06-12 20:23:00,49.86672560113154
2025-06-12 21:46:00,49.86672560113154
2025-06-12 05:12:00,49.86672560113154
2025-06-12 04:44:00,63.0
2025-06-12 05:36:00,41.6
2025-06-12 11:03:00,33.2
2025-06-12 17:29:00,97.7
2025-06-12 07:00:00,49.86672560113154
2025-06-12 12:52:00,47.5
2025-06-12 20:16:00,41.8
2025-06-12 05:12:00,49.86672560113154
2025-06-12 06:10:00,54.7
2025-06-12 02:13:00,49.86672560113154
2025-06-12 17:31:00,13.1
2025-06-12 21:37:00,10.9
2025-06-12 16:32:00,46.1
2025-06-12 06:16:00,68.8
2025-06-12 04:50:00,34.6
2025-06-12 22:13:00,86.4
2025-06-12 02:36:00,70.3
2025-06-12 08:00:00,30.4
2025-06-12 13:41:00,8.7
2025-06-12 19:54:00,63.5
2025-06-12 08:06:00,57.9
2025-06-12 04:35:00,15.7
2025-06-12 15:06:00,49.86672560113154
2025-06-12 17:07:00,13.3
2025-06-12 17:20:00,49.86672560113154
2025-06-12 09:49:00,2.7
2025-06-12 05:08:00,58.3
2025-06-12 18:26:00,11.8
2025-06-12 19:11:00,49.86672560113154
2025-06-12 08:46:00,97.1
2025-06-12 23:11:00,49.86672560113154
2025-06-12 16:16:00,38.5
2025-06-12 18:09:00,50.6
2025-06-12 09:41:00,37.3
2025-06-12 16:32:00,54.7
2025-06-12 10:28:00,49.86672560113154
2025-06-12 21:19:00,9.3
2025-06-12 15:42:00,2.9
2025-06-12 04:18:00,4.4
2025-06-12 23:41:00,17.2
2025-06-12 00:32:00,36.8
2025-06-12 11:14:00,6.7
2025-06-12 16:01:00,57.0
2025-06-12 08:43:00,10.5
2025-06-12 01:04:00,0.9
2025-06-12 13:09:00,12.4
2025-06-12 00:51:00,14.9
2025-06-12 03:01:00,61.2
2025-06-12 13:26:00,52.0
2025-06-12 19:04:00,15.3
2025-06-12 18:46:00,45.0
2025-06-12 05:13:00,51.4
2025-06-12 23:58:00,50.8
2025-06-12 17:57:00,77.4
2025-06-12 07:30:00,49.86672560113154
2025-06-12 20:18:00,49.86672560113154
2025-06-12 16:09:00,14.2
2025-06-12 13:15:00,81.5
2025-06-12 11:06:00,77.6
2025-06-12 22:25:00,88.5
2025-06-12 11:13:00,47.7
2025-06-12 18:11:00,18.0
2025-06-12 23:22:00,88.3
2025-06-12 00:18:00,98.4
2025-06-12 12:44:00,83.8
2025-06-12 10:13:00,20.3
2025-06-12 17:06:00,25.0
2025-06-12 21:29:00,40.4
2025-06-12 04:05:00,3.9
2025-06-12 21:15:00,81.5
2025-06-12 07:21:00,61.3
2025-06-12 19:51:00,49.86672560113154
2025-06-12 11:42:00,98.6
2025-06-12 02:38:00,57.8
2025-06-12 18:45:00,18.7
2025-06-12 03:56:00,49.4
2025-06-12 23:25:00,99.4
2025-06-12 03:44:00,28.4
2025-06-12 02:52:00,7.1
2025-06-12 05:38:00,82.4
2025-06-12 08:35:00,31.8
2025-06-12 01:14:00,49.86672560113154
2025-06-12 20:10:00,94.0
2025-06-12 04:17:00,19.5
2025-06-12 11:51:00,85.1
2025-06-12 07:27:00,11.6
2025-06-12 13:53:00,24.4
2025-06-12 17:00:00,11.2
2025-06-12 18:12:00,16.8
2025-06-12 01:57:00,75.0
2025-06-12 15:15:00,42.0
2025-06-12 04:19:00,65.1
2025-06-12 10:41:00,70.2
2025-06-12 02:38:00,34.6
2025-06-12 18:50:00,11.6
2025-06-12 11:09:00,72.9
2025-06-12 21:56:00,57.3
2025-06-12 15:33:00,91.5
2025-06-12 01:54:00,97.5
2025-06-12 13:56:00,31.3
2025-06-12 05:00:00,43.4
2025-06-12 08:32:00,89.6
2025-06-12 08:01:00,65.5
2025-06-12 00:22:00,49.86672560113154
2025-06-12 02:36:00,75.9
2025-06-12 23:53:00,97.9
2025-06-12 20:38:00,18.7
2025-06-12 16:25:00,99.0
2025-06-12 01:00:00,49.86672560113154
2025-06-12 17:20:00,80.7
2025-06-12 14:20:00,47.1
2025-06-12 16:55:00,59.4
2025-06-12 01:28:00,92.3
2025-06-12 11:34:00,63.5
2025-06-12 19:54:00,49.86672560113154
2025-06-12 07:26:00,92.9
2025-06-12 18:49:00,49.86672560113154
2025-06-12 12:53:00,53.9
2025-06-12 15:58:00,77.5
2025-06-12 05:06:00,56.3
2025-06-12 14:19:00,25.4
2025-06-12 16:49:00,30.7
2025-06-12 03:56:00,44.6
2025-06-12 20:23:00,61.7
2025-06-12 08:44:00,85.5
2025-06-12 22:43:00,67.9
2025-06-12 02:39:00,92.7
2025-06-12 15:11:00,61.8
2025-06-12 18:43:00,44.4
2025-06-12 12:36:00,63.7
2025-06-12 01:59:00,72.5
2025-06-12 01:39:00,25.7
2025-06-12 07:06:00,71.8
2025-06-12 12:42:00,60.3
2025-06-12 07:56:00,52.4
2025-06-12 10:07:00,40.8
2025-06-12 00:55:00,49.86672560113154
2025-06-12 13:35:00,73.0
2025-06-12 04:47:00,82.1
2025-06-12 11:39:00,16.7
2025-06-12 05:25:00,89.0
2025-06-12 07:16:00,22.6
2025-06-12 20:47:00,37.8
2025-06-12 21:38:00,46.9
2025-06-12 08:34:00,36.0
2025-06-12 10:10:00,77.3
2025-06-12 18:44:00,52.7
2025-06-12 05:04:00,14.4
2025-06-12 04:30:00,33.9
2025-06-12 01:44:00,49.86672560113154
2025-06-12 09:35:00,19.5
2025-06-12 12:43:00,11.3
2025-06-12 22:31:00,49.86672560113154
2025-06-12 22:14:00,8.8
2025-06-12 14:41:00,49.86672560113154
2025-06-12 00:18:00,65.1
2025-06-12 10:23:00,44.6
2025-06-12 20:35:00,50.9
2025-06-12 13:27:00,64.7
2025-06-12 07:31:00,77.8
2025-06-12 05:51:00,40.2
2025-06-12 05:04:00,36.6
2025-06-12 06:39:00,49.86672560113154
2025-06-12 05:02:00,98.3
2025-06-12 22:00:00,88.3
2025-06-12 14:53:00,7.8
2025-06-12 01:22:00,47.3
2025-06-12 09:33:00,20.2
2025-06-12 18:22:00,14.5
2025-06-12 09:13:00,59.3
2025-06-12 04:30:00,7.1
2025-06-12 05:40:00,81.5
2025-06-12 17:26:00,63.6
2025-06-12 03:26:00,0.3
2025-06-12 19:06:00,53.5
2025-06-12 04:36:00,31.7
2025-06-12 03:29:00,49.86672560113154
2025-06-12 19:02:00,49.86672560113154
2025-06-12 01:37:00,1.5
2025-06-12 01:27:00,76.6
2025-06-12 23:32:00,43.0
2025-06-12 04:45:00,7.7
2025-06-12 06:14:00,18.1
2025-06-12 08:35:00,16.7
2025-06-12 17:23:00,49.86672560113154
2025-06-12 01:07:00,95.1
2025-06-12 20:24:00,49.86672560113154
2025-06-12 08:36:00,57.1
2025-06-12 12:50:00,49.86672560113154
2025-06-12 14:04:00,9.1
2025-06-12 16:24:00,49.86672560113154
2025-06-12 22:54:00,49.86672560113154
2025-06-12 20:00:00,43.2
2025-06-12 03:06:00,87.6
2025-06-12 11:00:00,15.6
2025-06-12 20:18:00,51.4
2025-06-12 18:59:00,13.5
2025-06-12 05:49:00,91.1
2025-06-12 20:37:00,49.86672560113154
2025-06-12 20:05:00,32.6
2025-06-12 19:49:00,18.1
2025-06-12 10:15:00,92.4
2025-06-12 14:54:00,13.4
2025-06-12 04:09:00,6.6
2025-06-12 09:08:00,15.0
2025-06-12 13:28:00,76.6
2025-06-12 14:13:00,29.5
2025-06-12 23:45:00,91.1
2025-06-12 05:53:00,52.1
2025-06-12 01:25:00,9.2
2025-06-12 06:04:00,41.6
2025-06-12 06:21:00,81.0
2025-06-12 17:24:00,62.4
2025-06-12 10:29:00,49.2
2025-06-12 06:29:00,76.6
2025-06-12 23:58:00,50.9
2025-06-12 16:04:00,37.1
2025-06-12 16:02:00,92.0
2025-06-12 08:17:00,73.9
2025-06-12 01:05:00,64.8
2025-06-12 10:01:00,64.4
2025-06-12 06:01:00,49.86672560113154
2025-06-12 00:34:00,11.1
2025-06-12 11:16:00,49.86672560113154
2025-06-12 05:27:00,69.7
2025-06-12 18:31:00,11.2
2025-06-12 07:54:00,37.4
2025-06-12 00:59:00,40.5
2025-06-12 05:00:00,76.4
2025-06-12 01:39:00,97.0
2025-06-12 09:14:00,25.8
2025-06-12 21:04:00,49.86672560113154
2025-06-12 15:21:00,57.2
2025-06-12 13:02:00,11.6
2025-06-12 18:44:00,66.5
2025-06-12 11:34:00,92.8
2025-06-12 11:55:00,70.1
2025-06-12 18:29:00,18.1
2025-06-12 04:31:00,9.2
2025-06-12 03:47:00,28.5
2025-06-12 07:44:00,49.86672560113154
2025-06-12 23:55:00,42.6
2025-06-12 07:57:00,49.86672560113154
2025-06-12 00:07:00,31.2
2025-06-12 16:35:00,96.8
2025-06-12 23:08:00,11.8
2025-06-12 10:33:00,71.4
2025-06-12 18:03:00,21.2
2025-06-12 21:30:00,56.1
2025-06-12 05:34:00,49.86672560113154
2025-06-12 11:28:00,68.8
2025-06-12 12:37:00,49.86672560113154
2025-06-12 03:48:00,2.0
2025-06-12 23:51:00,42.9
2025-06-12 11:13:00,57.6
2025-06-12 17:48:00,2.7
2025-06-12 08:15:00,66.1
2025-06-12 16:58:00,66.6
2025-06-12 06:52:00,60.6
2025-06-12 14:41:00,63.2
2025-06-12 19:37:00,21.0
2025-06-12 08:07:00,49.86672560113154
2025-06-12 16:26:00,31.3
2025-06-12 00:37:00,41.3
2025-06-12 19:31:00,65.1
2025-06-12 12:48:00,50.613932505273034
2025-06-12 07:08:00,0.8
2025-06-12 10:33:00,92.6
2025-06-12 18:20:00,97.6
2025-06-12 03:01:00,41.4
2025-06-12 19:01:00,66.2
2025-06-12 04:56:00,93.5
2025-06-12 11:53:00,85.9
2025-06-12 13:54:00,32.2
2025-06-12 01:54:00,75.3
2025-06-12 05:52:00,57.2
2025-06-12 06:56:00,88.1
2025-06-12 22:06:00,5.1
2025-06-12 06:38:00,82.3
2025-06-12 13:28:00,5.5
2025-06-12 20:35:00,89.3
2025-06-12 13:51:00,50.613932505273034
2025-06-12 11:21:00,68.4
2025-06-12 22:16:00,50.613932505273034
2025-06-12 01:12:00,16.2
2025-06-12 17:04:00,41.4
2025-06-12 01:13:00,3.4
2025-06-12 21:15:00,50.613932505273034
2025-06-12 14:23:00,47.7
2025-06-12 13:50:00,4.6
2025-06-12 06:57:00,1.3
2025-06-12 17:12:00,68.7
2025-06-12 06:12:00,50.613932505273034
2025-06-12 11:13:00,89.9
2025-06-12 16:45:00,96.9
2025-06-12 21:44:00,69.5
2025-06-12 18:00:00,96.7
2025-06-12 12:36:00,50.613932505273034
2025-06-12 19:27:00,39.2
2025-06-12 02:04:00,0.4
2025-06-12 05:41:00,39.0
2025-06-12 13:22:00,13.2
2025-06-12 08:44:00,44.2
2025-06-12 03:28:00,18.5
2025-06-12 00:34:00,27.2
2025-06-12 15:52:00,61.5
2025-06-12 15:05:00,59.4
2025-06-12 02:55:00,17.6
2025-06-12 03:38:00,14.7
2025-06-12 09:26:00,49.1
2025-06-12 11:14:00,36.7
2025-06-12 05:56:00,62.3
2025-06-12 17:05:00,54.6
2025-06-12 13:00:00,19.7
2025-06-12 17:50:00,91.7
2025-06-12 10:55:00,18.8
2025-06-12 09:21:00,87.1
2025-06-12 23:26:00,39.0
2025-06-12 13:35:00,43.8
2025-06-12 11:45:00,0.4
2025-06-12 04:45:00,50.613932505273034
2025-06-12 13:42:00,50.613932505273034
2025-06-12 01:57:00,99.6
2025-06-12 21:09:00,59.7
2025-06-12 14:27:00,32.2
2025-06-12 14:49:00,50.613932505273034
2025-06-12 14:04:00,94.6
2025-06-12 07:10:00,52.1
2025-06-12 00:32:00,77.0
2025-06-12 07:16:00,70.5
2025-06-12 02:43:00,2.8
2025-06-12 13:56:00,47.0
2025-06-12 15:54:00,75.4
2025-06-12 23:53:00,76.7
2025-06-12 11:52:00,47.3
2025-06-12 07:20:00,94.2
2025-06-12 14:19:00,14.8
2025-06-12 09:09:00,7.2
2025-06-12 09:41:00,6.0
2025-06-12 15:23:00,68.7
2025-06-12 14:29:00,7.4
2025-06-12 13:32:00,4.1
2025-06-12 12:32:00,27.2
2025-06-12 15:59:00,82.8
2025-06-12 06:34:00,68.3
2025-06-12 17:02:00,39.6
2025-06-12 18:22:00,10.6
2025-06-12 11:42:00,56.4
2025-06-12 01:02:00,59.7
2025-06-12 15:51:00,50.613932505273034
2025-06-12 06:24:00,5.6
2025-06-12 06:01:00,42.1
2025-06-12 21:01:00,17.8
2025-06-12 02:10:00,60.8
2025-06-12 14:38:00,50.613932505273034
2025-06-12 03:33:00,88.0
2025-06-12 17:20:00,67.5
2025-06-12 22:02:00,28.9
2025-06-12 18:23:00,95.7
2025-06-12 06:49:00,32.0
2025-06-12 06:11:00,50.613932505273034
2025-06-12 03:21:00,13.6
2025-06-12 00:58:00,26.8
2025-06-12 14:42:00,24.5
2025-06-12 12:18:00,31.8
2025-06-12 18:33:00,13.9
2025-06-12 11:15:00,35.8
2025-06-12 16:39:00,64.2
2025-06-12 03:34:00,44.5
2025-06-12 14:20:00,9.4
2025-06-12 05:39:00,46.4
2025-06-12 05:54:00,93.7
2025-06-12 08:16:00,44.6
2025-06-12 08:30:00,85.4
2025-06-12 00:12:00,50.613932505273034
2025-06-12 10:13:00,89.9
2025-06-12 07:31:00,52.8
2025-06-12 04:34:00,15.0
2025-06-12 09:37:00,38.6
2025-06-12 18:07:00,45.7
2025-06-12 20:57:00,81.9
2025-06-12 09:17:00,39.9
2025-06-12 02:10:00,13.0
2025-06-12 08:10:00,2.6
2025-06-12 21:18:00,72.6
2025-06-12 18:42:00,64.1
2025-06-12 01:00:00,78.3
2025-06-12 03:48:00,33.6
2025-06-12 13:02:00,36.9
2025-06-12 12:00:00,51.7
2025-06-12 00:58:00,60.0
2025-06-12 11:31:00,18.5
2025-06-12 23:15:00,42.6
2025-06-12 18:28:00,25.8
2025-06-12 20:19:00,50.613932505273034
2025-06-12 13:07:00,94.4
2025-06-12 04:41:00,97.3
2025-06-12 09:18:00,91.0
2025-06-12 13:02:00,64.2
2025-06-12 19:33:00,50.613932505273034
2025-06-12 05:19:00,31.0
2025-06-12 00:01:00,2.0
2025-06-12 05:47:00,42.2
2025-06-12 14:41:00,10.8
2025-06-12 19:16:00,50.613932505273034
2025-06-12 23:42:00,35.5
2025-06-12 06:10:00,28.1
2025-06-12 15:32:00,50.613932505273034
2025-06-12 14:27:00,63.2
2025-06-12 03:07:00,20.7
2025-06-12 22:32:00,34.5
2025-06-12 08:03:00,50.613932505273034
2025-06-12 10:35:00,25.8
2025-06-12 20:57:00,37.1
2025-06-12 18:25:00,50.613932505273034
2025-06-12 15:34:00,50.613932505273034
2025-06-12 05:18:00,50.613932505273034
2025-06-12 22:06:00,36.6
2025-06-12 20:37:00,85.0
2025-06-12 12:11:00,50.613932505273034
2025-06-12 18:43:00,50.613932505273034
2025-06-12 19:36:00,50.613932505273034
2025-06-12 02:01:00,18.8
2025-06-12 13:44:00,50.613932505273034
2025-06-12 22:35:00,42.0
2025-06-12 12:08:00,54.9
2025-06-12 22:10:00,57.3
2025-06-12 12:54:00,54.7
2025-06-12 05:25:00,80.7
2025-06-12 15:08:00,75.3
2025-06-12 15:49:00,53.9
2025-06-12 09:07:00,99.8
2025-06-12 19:54:00,47.4
2025-06-12 04:16:00,39.6
2025-06-12 01:42:00,74.0
2025-06-12 00:58:00,94.5
2025-06-12 06:28:00,89.8
2025-06-12 22:15:00,5.3
2025-06-12 05:56:00,37.6
2025-06-12 13:33:00,83.8
2025-06-12 22:24:00,50.9
2025-06-12 23:41:00,41.7
2025-06-12 11:06:00,28.0
2025-06-12 04:39:00,50.613932505273034
2025-06-12 18:25:00,20.0
2025-06-12 22:12:00,52.7
2025-06-12 06:42:00,23.9
2025-06-12 18:00:00,48.0
2025-06-12 01:15:00,96.6
2025-06-12 19:18:00,24.7
2025-06-12 00:05:00,87.8
2025-06-12 16:05:00,32.3
2025-06-12 23:22:00,50.5
2025-06-12 03:33:00,100.0
2025-06-12 02:40:00,81.1
2025-06-12 23:30:00,50.613932505273034
2025-06-12 19:30:00,37.2
2025-06-12 00:41:00,52.3
2025-06-12 01:22:00,4.1
2025-06-12 20:48:00,50.613932505273034
2025-06-12 06:58:00,44.1
2025-06-12 08:51:00,5.4
2025-06-12 10:20:00,50.613932505273034
2025-06-12 10:13:00,31.8
2025-06-12 04:01:00,72.4
2025-06-12 05:22:00,4.7
2025-06-12 06:45:00,41.7
2025-06-12 14:57:00,28.7
2025-06-12 08:16:00,99.0
2025-06-12 20:46:00,3.1
2025-06-12 22:31:00,50.613932505273034
2025-06-12 01:57:00,12.3
2025-06-12 04:04:00,85.3
2025-06-12 04:21:00,98.9
2025-06-12 12:01:00,50.613932505273034
2025-06-12 20:54:00,68.8
2025-06-12 16:38:00,16.6
2025-06-12 12:55:00,50.613932505273034
2025-06-12 16:17:00,42.7
2025-06-12 13:17:00,50.613932505273034
2025-06-12 06:57:00,82.4
2025-06-12 17:56:00,72.9
2025-06-12 11:16:00,93.4
2025-06-12 18:28:00,77.8
2025-06-12 12:54:00,69.6
2025-06-12 23:48:00,64.6
2025-06-12 22:10:00,50.613932505273034
2025-06-12 19:50:00,87.4
2025-06-12 19:30:00,26.2
2025-06-12 14:30:00,63.2
2025-06-12 14:50:00,20.4
2025-06-12 03:31:00,56.3
2025-06-12 18:07:00,50.613932505273034
2025-06-12 02:16:00,50.613932505273034
2025-06-12 19:44:00,68.7
2025-06-12 21:15:00,93.9
2025-06-12 19:53:00,60.7
2025-06-12 22:34:00,89.2
2025-06-12 11:29:00,50.613932505273034
2025-06-12 03:54:00,1.3
2025-06-12 17:08:00,19.9
2025-06-12 00:06:00,44.6
2025-06-12 09:37:00,6.5
2025-06-12 09:31:00,83.1
2025-06-12 23:02:00,85.8
2025-06-12 22:01:00,89.4
2025-06-12 17:03:00,82.5
2025-06-12 00:57:00,23.1
2025-06-12 01:48:00,99.7
2025-06-12 08:06:00,10.6
2025-06-12 04:04:00,25.0
2025-06-12 07:46:00,13.3
2025-06-12 00:47:00,19.7
2025-06-12 02:29:00,58.7
2025-06-12 08:20:00,50.613932505273034
2025-06-12 01:16:00,50.613932505273034
2025-06-12 21:02:00,93.5
2025-06-12 22:07:00,50.613932505273034
2025-06-12 18:04:00,99.1
2025-06-12 05:22:00,35.7
2025-06-12 23:06:00,64.3
2025-06-12 02:32:00,24.6
2025-06-12 14:37:00,41.2
2025-06-12 09:53:00,78.6
2025-06-12 04:48:00,68.3
2025-06-12 04:07:00,36.7
2025-06-12 16:41:00,70.1
2025-06-12 19:24:00,34.0
2025-06-12 20:05:00,80.9
2025-06-12 12:39:00,47.8
2025-06-12 01:14:00,95.0
2025-06-12 05:38:00,37.4
2025-06-12 20:01:00,50.613932505273034
2025-06-12 03:54:00,58.4
2025-06-12 01:14:00,78.2
2025-06-12 04:39:00,19.5
2025-06-12 20:54:00,0.5
2025-06-12 11:54:00,25.0
2025-06-12 14:20:00,9.7
2025-06-12 21:34:00,59.7
2025-06-12 16:58:00,9.8
2025-06-12 11:13:00,50.613932505273034
2025-06-12 09:03:00,98.9
2025-06-12 12:48:00,16.8
2025-06-12 05:52:00,53.1
2025-06-12 07:30:00,50.613932505273034
2025-06-12 21:02:00,50.613932505273034
2025-06-12 12:42:00,58.7
2025-06-12 16:54:00,66.9
2025-06-12 08:18:00,88.1
2025-06-12 03:05:00,11.9
2025-06-12 05:54:00,76.1
2025-06-12 12:36:00,6.3
2025-06-12 00:38:00,19.2
2025-06-12 05:24:00,94.3
2025-06-12 21:51:00,8.0
2025-06-12 23:13:00,59.0
2025-06-12 00:30:00,50.613932505273034
2025-06-12 22:00:00,34.2
2025-06-12 01:48:00,57.8
2025-06-12 02:54:00,59.3
2025-06-12 22:31:00,50.613932505273034
2025-06-12 21:04:00,4.1
2025-06-12 10:47:00,83.0
2025-06-12 21:52:00,63.2
2025-06-12 09:12:00,52.0
2025-06-12 03:45:00,44.6
2025-06-12 04:14:00,79.6
2025-06-12 18:29:00,12.0
2025-06-12 09:40:00,89.9
2025-06-12 07:09:00,28.2
2025-06-12 20:47:00,61.2
2025-06-12 02:22:00,45.8
2025-06-12 03:04:00,87.1
2025-06-12 15:02:00,53.6
2025-06-12 10:32:00,29.5
2025-06-12 01:32:00,73.1
2025-06-12 12:50:00,50.613932505273034
2025-06-12 15:17:00,23.2
2025-06-12 11:40:00,50.613932505273034
2025-06-12 15:56:00,71.6
2025-06-12 05:04:00,9.7
2025-06-12 07:34:00,50.3
2025-06-12 21:12:00,28.8
2025-06-12 22:47:00,50.613932505273034
2025-06-12 12:42:00,55.7
2025-06-12 20:10:00,18.1
2025-06-12 17:41:00,37.3
2025-06-12 06:43:00,87.4
2025-06-12 08:51:00,19.0
2025-06-12 03:51:00,36.7
2025-06-12 09:26:00,50.613932505273034
2025-06-12 09:06:00,98.4
2025-06-12 16:06:00,34.4
2025-06-12 08:07:00,33.9
2025-06-12 22:03:00,30.5
2025-06-12 17:18:00,24.6
2025-06-12 20:44:00,37.0
2025-06-12 05:24:00,54.8
2025-06-12 07:56:00,56.7
2025-06-12 00:30:00,89.4
2025-06-12 03:43:00,39.0
2025-06-12 10:57:00,50.613932505273034
2025-06-12 13:52:00,35.1
2025-06-12 18:47:00,79.1
2025-06-12 04:25:00,90.9
2025-06-12 23:20:00,77.1
2025-06-12 01:17:00,56.9
2025-06-12 22:56:00,81.4
2025-06-12 08:39:00,88.5
2025-06-12 15:24:00,12.3
2025-06-12 18:31:00,41.3
2025-06-12 11:26:00,0.9
2025-06-12 05:07:00,5.1
2025-06-12 08:41:00,18.0
2025-06-12 10:25:00,96.3
2025-06-12 16:40:00,39.7
2025-06-12 07:10:00,35.8
2025-06-12 21:59:00,52.6
2025-06-12 16:09:00,50.17195767195767
2025-06-12 01:36:00,18.6
2025-06-12 16:31:00,13.0
2025-06-12 14:24:00,18.5
2025-06-12 15:01:00,49.0
2025-06-12 10:18:00,14.9
2025-06-12 12:15:00,45.6
2025-06-12 19:25:00,41.4
2025-06-12 04:39:00,33.3
2025-06-12 16:12:00,50.17195767195767
2025-06-12 12:05:00,2.6
2025-06-12 14:54:00,67.5
2025-06-12 16:30:00,83.6
2025-06-12 05:00:00,30.2
2025-06-12 06:15:00,23.3
2025-06-12 01:54:00,71.2
2025-06-12 05:13:00,11.2
2025-06-12 16:25:00,50.17195767195767
2025-06-12 05:42:00,76.5
2025-06-12 04:45:00,57.4
2025-06-12 17:49:00,50.4
2025-06-12 07:29:00,0.1
2025-06-12 05:44:00,6.2
2025-06-12 10:45:00,76.3
2025-06-12 09:03:00,4.3
2025-06-12 07:48:00,50.17195767195767
2025-06-12 07:51:00,86.9
2025-06-12 12:14:00,50.17195767195767
2025-06-12 13:44:00,50.17195767195767
2025-06-12 19:57:00,42.5
2025-06-12 07:19:00,50.17195767195767
2025-06-12 06:20:00,44.9
2025-06-12 14:15:00,36.2
2025-06-12 13:00:00,54.9
2025-06-12 11:54:00,59.1
2025-06-12 08:30:00,50.17195767195767
2025-06-12 00:40:00,62.7
2025-06-12 13:04:00,47.8
2025-06-12 15:33:00,50.17195767195767
2025-06-12 15:17:00,55.1
2025-06-12 13:36:00,34.4
2025-06-12 03:48:00,68.6
2025-06-12 15:53:00,62.0
2025-06-12 07:38:00,93.1
2025-06-12 01:30:00,3.3
2025-06-12 11:10:00,67.9
2025-06-12 02:49:00,50.17195767195767
2025-06-12 16:00:00,65.0
2025-06-12 06:56:00,25.7
2025-06-12 19:33:00,24.7
2025-06-12 00:26:00,49.7
2025-06-12 16:54:00,67.0
2025-06-12 18:11:00,59.1
2025-06-12 21:20:00,67.2
2025-06-12 01:31:00,31.2
2025-06-12 08:55:00,58.4
2025-06-12 14:31:00,4.2
2025-06-12 03:30:00,50.17195767195767
2025-06-12 21:51:00,50.17195767195767
2025-06-12 10:06:00,46.9
2025-06-12 01:09:00,90.9
2025-06-12 06:44:00,42.8
2025-06-12 06:35:00,63.5
2025-06-12 03:20:00,28.1
2025-06-12 06:30:00,50.17195767195767
2025-06-12 19:56:00,6.5
2025-06-12 12:12:00,81.9
2025-06-12 16:01:00,50.17195767195767
2025-06-12 04:55:00,25.7
2025-06-12 13:10:00,97.5
2025-06-12 04:50:00,29.7
2025-06-12 06:18:00,30.3
2025-06-12 19:47:00,50.17195767195767
2025-06-12 03:47:00,50.17195767195767
2025-06-12 21:42:00,40.8
2025-06-12 15:14:00,53.6
2025-06-12 01:11:00,89.1
2025-06-12 07:30:00,82.6
2025-06-12 05:26:00,28.5
2025-06-12 00:10:00,50.17195767195767
2025-06-12 22:18:00,62.9
2025-06-12 03:39:00,18.4
2025-06-12 10:56:00,19.7
2025-06-12 22:39:00,50.17195767195767
2025-06-12 15:16:00,13.7
2025-06-12 07:07:00,50.17195767195767
2025-06-12 05:17:00,96.3
2025-06-12 22:30:00,50.17195767195767
2025-06-12 20:27:00,61.1
2025-06-12 23:18:00,37.3
2025-06-12 08:11:00,62.6
2025-06-12 02:35:00,50.17195767195767
2025-06-12 17:16:00,68.8
2025-06-12 13:57:00,50.7
2025-06-12 13:01:00,63.0
2025-06-12 18:48:00,56.6
2025-06-12 13:37:00,76.4
2025-06-12 21:33:00,67.9
2025-06-12 01:16:00,77.6
2025-06-12 07:48:00,51.3
2025-06-12 08:07:00,32.5
2025-06-12 23:33:00,50.17195767195767
2025-06-12 13:55:00,31.6
2025-06-12 14:21:00,57.0
2025-06-12 07:35:00,72.0
2025-06-12 07:50:00,82.1
2025-06-12 08:35:00,97.7
2025-06-12 08:26:00,50.17195767195767
2025-06-12 19:01:00,46.6
2025-06-12 14:20:00,20.6
2025-06-12 02:21:00,47.8
2025-06-12 10:36:00,21.5
2025-06-12 08:35:00,0.9
2025-06-12 00:56:00,7.2
2025-06-12 10:32:00,81.4
2025-06-12 05:45:00,50.17195767195767
2025-06-12 03:32:00,90.3
2025-06-12 21:10:00,38.4
2025-06-12 10:24:00,50.17195767195767
2025-06-12 06:55:00,50.17195767195767
2025-06-12 13:39:00,34.2
2025-06-12 19:47:00,76.5
2025-06-12 04:14:00,50.17195767195767
2025-06-12 00:39:00,22.3
2025-06-12 20:49:00,90.8
2025-06-12 12:42:00,5.9
2025-06-12 11:49:00,73.6
2025-06-12 15:01:00,40.6
2025-06-12 04:26:00,50.17195767195767
2025-06-12 23:51:00,25.3
2025-06-12 09:31:00,30.3
2025-06-12 04:31:00,90.9
2025-06-12 07:37:00,12.4
2025-06-12 02:01:00,50.17195767195767
2025-06-12 13:07:00,86.2
2025-06-12 14:58:00,19.6
2025-06-12 01:34:00,86.1
2025-06-12 11:46:00,84.8
2025-06-12 11:24:00,50.17195767195767
2025-06-12 04:45:00,63.2
2025-06-12 04:29:00,16.0
2025-06-12 03:46:00,55.9
2025-06-12 07:04:00,76.9
2025-06-12 11:02:00,25.7
2025-06-12 10:03:00,50.17195767195767
2025-06-12 13:49:00,50.17195767195767
2025-06-12 08:39:00,57.2
2025-06-12 06:16:00,48.7
2025-06-12 17:18:00,8.9
2025-06-12 11:11:00,77.7
2025-06-12 16:08:00,8.0
2025-06-12 03:55:00,50.17195767195767
2025-06-12 02:07:00,17.9
2025-06-12 20:00:00,86.9
2025-06-12 04:19:00,76.3
2025-06-12 01:50:00,46.1
2025-06-12 03:27:00,82.5
2025-06-12 02:57:00,45.5
2025-06-12 03:08:00,69.8
2025-06-12 04:40:00,35.7
2025-06-12 19:14:00,60.5
2025-06-12 11:15:00,50.17195767195767
2025-06-12 09:36:00,50.17195767195767
2025-06-12 03:25:00,6.3
2025-06-12 16:52:00,50.17195767195767
2025-06-12 16:36:00,10.7
2025-06-12 04:01:00,74.3
2025-06-12 04:47:00,32.2
2025-06-12 14:52:00,50.17195767195767
2025-06-12 08:47:00,76.1
2025-06-12 00:29:00,43.6
2025-06-12 12:06:00,89.1
2025-06-12 16:28:00,40.4
2025-06-12 04:04:00,21.6
2025-06-12 15:58:00,62.1
2025-06-12 02:14:00,50.17195767195767
2025-06-12 23:00:00,91.2
2025-06-12 18:28:00,24.9
2025-06-12 07:38:00,38.0
2025-06-12 21:15:00,48.6
2025-06-12 07:19:00,50.17195767195767
2025-06-12 12:14:00,50.17195767195767
2025-06-12 01:50:00,35.3
2025-06-12 05:29:00,49.7
2025-06-12 17:50:00,77.7
2025-06-12 10:18:00,22.9
2025-06-12 07:41:00,29.2
2025-06-12 12:49:00,92.9
2025-06-12 11:42:00,56.8
2025-06-12 16:06:00,9.6
2025-06-12 14:23:00,50.17195767195767
2025-06-12 21:50:00,12.3
2025-06-12 06:52:00,87.1
2025-06-12 11:34:00,25.9
2025-06-12 10:04:00,54.0
2025-06-12 07:25:00,21.5
2025-06-12 03:49:00,57.0
2025-06-12 06:18:00,55.0
2025-06-12 02:15:00,50.17195767195767
2025-06-12 23:59:00,46.0
2025-06-12 18:51:00,80.3
2025-06-12 19:53:00,31.4
2025-06-12 06:47:00,62.5
2025-06-12 18:04:00,42.0
2025-06-12 04:04:00,35.2
2025-06-12 10:58:00,81.9
2025-06-12 13:46:00,3.1
2025-06-12 23:34:00,62.7
2025-06-12 03:32:00,44.3
2025-06-12 21:43:00,50.17195767195767
2025-06-12 16:21:00,90.6
2025-06-12 01:32:00,67.4
2025-06-12 19:37:00,34.3
2025-06-12 18:41:00,83.4
2025-06-12 16:04:00,48.4
2025-06-12 18:28:00,98.1
2025-06-12 02:58:00,67.9
2025-06-12 07:13:00,15.9
2025-06-12 10:56:00,46.8
2025-06-12 21:11:00,11.5
2025-06-12 09:09:00,52.4
2025-06-12 03:21:00,56.3
2025-06-12 07:41:00,81.7
2025-06-12 17:30:00,15.3
2025-06-12 09:29:00,19.3
2025-06-12 04:32:00,50.17195767195767
2025-06-12 11:18:00,73.5
2025-06-12 15:26:00,86.2
2025-06-12 12:55:00,44.7
2025-06-12 05:14:00,42.0
2025-06-12 10:01:00,68.2
2025-06-12 14:56:00,32.6
2025-06-12 06:53:00,31.4
2025-06-12 17:21:00,69.8
2025-06-12 06:12:00,12.1
2025-06-12 21:52:00,60.3
2025-06-12 12:32:00,77.0
2025-06-12 03:02:00,50.17195767195767
2025-06-12 18:50:00,18.3
2025-06-12 19:41:00,68.8
2025-06-12 09:39:00,71.1
2025-06-12 00:10:00,50.17195767195767
2025-06-12 04:27:00,30.5
2025-06-12 09:40:00,56.1
2025-06-12 18:13:00,13.1
2025-06-12 18:01:00,77.2
2025-06-12 07:17:00,40.0
2025-06-12 20:52:00,32.5
2025-06-12 22:46:00,76.1
2025-06-12 08:34:00,50.17195767195767
2025-06-12 18:33:00,59.1
2025-06-12 20:02:00,10.8
2025-06-12 03:53:00,83.1
2025-06-12 01:20:00,23.5
2025-06-12 21:59:00,14.4
2025-06-12 14:59:00,30.0
2025-06-12 07:58:00,62.6
2025-06-12 03:28:00,66.4
2025-06-12 08:44:00,58.7
2025-06-12 15:13:00,22.6
2025-06-12 06:01:00,3.5
2025-06-12 22:01:00,70.1
2025-06-12 10:21:00,16.3
2025-06-12 01:30:00,58.6
2025-06-12 16:55:00,56.2
2025-06-12 23:36:00,69.6
2025-06-12 21:08:00,50.17195767195767
2025-06-12 21:55:00,51.4
2025-06-12 17:00:00,91.1
2025-06-12 05:56:00,50.3
2025-06-12 12:34:00,25.2
2025-06-12 01:06:00,90.9
2025-06-12 22:46:00,89.2
2025-06-12 22:36:00,99.4
2025-06-12 02:58:00,9.3
2025-06-12 10:10:00,90.3
2025-06-12 20:36:00,1.7
2025-06-12 20:08:00,9.3
2025-06-12 09:36:00,15.5
2025-06-12 03:59:00,48.5
2025-06-12 10:44:00,56.8
2025-06-12 09:25:00,6.5
2025-06-12 21:36:00,68.8
2025-06-12 23:32:00,49.2
2025-06-12 13:09:00,74.5
2025-06-12 09:06:00,30.6
2025-06-12 19:34:00,28.1
2025-06-12 18:12:00,50.17195767195767
2025-06-12 05:07:00,89.3
2025-06-12 23:40:00,61.4
2025-06-12 21:02:00,68.4
2025-06-12 21:11:00,44.3
2025-06-12 21:03:00,71.1
2025-06-12 22:00:00,47.4
2025-06-12 06:22:00,31.8
2025-06-12 09:37:00,19.7
2025-06-12 10:57:00,50.17195767195767
2025-06-12 14:06:00,21.5
2025-06-12 10:55:00,84.6
2025-06-12 03:15:00,18.0
2025-06-12 09:14:00,91.7
2025-06-12 07:34:00,50.8
2025-06-12 21:39:00,26.6
2025-06-12 03:34:00,81.5
2025-06-12 12:08:00,32.3
2025-06-12 00:38:00,88.9
2025-06-12 07:44:00,18.7
2025-06-12 12:41:00,46.4
2025-06-12 06:14:00,96.8
2025-06-12 22:42:00,95.4
2025-06-12 23:13:00,56.7
2025-06-12 04:01:00,0.9
2025-06-12 04:29:00,50.17195767195767
2025-06-12 20:33:00,54.7
2025-06-12 20:11:00,12.8
2025-06-12 03:11:00,45.2
2025-06-12 21:33:00,97.7
2025-06-12 02:19:00,87.6
2025-06-12 02:39:00,33.8
2025-06-12 03:52:00,84.4
2025-06-12 14:45:00,65.0
2025-06-12 14:03:00,41.7
2025-06-12 15:35:00,72.0
2025-06-12 11:40:00,60.2
2025-06-12 05:51:00,20.7
2025-06-12 19:30:00,90.0
2025-06-12 16:53:00,14.1
2025-06-12 20:43:00,49.69252501471454
2025-06-12 13:25:00,37.8
2025-06-12 11:30:00,49.69252501471454
2025-06-12 10:18:00,31.4
2025-06-12 22:10:00,81.6
2025-06-12 10:31:00,28.2
2025-06-12 23:09:00,30.2
2025-06-12 14:07:00,60.4
2025-06-12 15:22:00,70.6
2025-06-12 18:36:00,17.8
2025-06-12 18:43:00,26.7
2025-06-12 16:34:00,85.5
2025-06-12 14:22:00,95.2
2025-06-12 23:25:00,68.4
2025-06-12 06:27:00,24.6
2025-06-12 21:01:00,49.69252501471454
2025-06-12 00:08:00,14.5
2025-06-12 10:29:00,2.5
2025-06-12 09:58:00,25.4
2025-06-12 17:07:00,49.69252501471454
2025-06-12 03:01:00,34.7
2025-06-12 02:27:00,61.3
2025-06-12 19:53:00,93.1
2025-06-12 15:26:00,90.6
2025-06-12 23:27:00,44.2
2025-06-12 06:28:00,49.69252501471454
2025-06-12 12:32:00,49.69252501471454
2025-06-12 09:31:00,71.2
2025-06-12 04:19:00,97.9
2025-06-12 07:27:00,68.3
2025-06-12 07:31:00,4.2
2025-06-12 12:18:00,49.69252501471454
2025-06-12 08:40:00,17.2
2025-06-12 18:31:00,94.4
2025-06-12 01:26:00,89.1
2025-06-12 18:30:00,33.4
2025-06-12 17:04:00,49.69252501471454
2025-06-12 19:27:00,89.1
2025-06-12 13:59:00,73.9
2025-06-12 13:18:00,90.0
2025-06-12 22:12:00,84.1
2025-06-12 23:16:00,75.3
2025-06-12 03:23:00,56.1
2025-06-12 21:39:00,65.3
2025-06-12 05:25:00,37.8
2025-06-12 05:44:00,56.0
2025-06-12 22:29:00,63.3
2025-06-12 22:25:00,57.9
2025-06-12 04:43:00,83.2
2025-06-12 02:00:00,47.7
2025-06-12 16:08:00,97.2
2025-06-12 14:51:00,49.69252501471454
2025-06-12 19:44:00,9.6
2025-06-12 08:04:00,20.1
2025-06-12 02:17:00,49.69252501471454
2025-06-12 04:03:00,79.7
2025-06-12 22:20:00,26.4
2025-06-12 21:12:00,48.6
2025-06-12 18:18:00,7.4
2025-06-12 09:42:00,49.69252501471454
2025-06-12 22:56:00,42.9
2025-06-12 15:52:00,18.9
2025-06-12 09:33:00,73.1
2025-06-12 16:31:00,90.8
2025-06-12 10:37:00,73.7
2025-06-12 23:20:00,37.9
2025-06-12 00:10:00,5.7
2025-06-12 06:12:00,49.69252501471454
2025-06-12 21:42:00,71.0
2025-06-12 20:30:00,32.6
2025-06-12 08:31:00,2.7
2025-06-12 10:00:00,49.69252501471454
2025-06-12 13:29:00,4.2
2025-06-12 17:47:00,21.8
2025-06-12 20:47:00,49.69252501471454
2025-06-12 14:52:00,25.9
2025-06-12 12:23:00,42.5
2025-06-12 23:59:00,33.7
2025-06-12 21:24:00,49.69252501471454
2025-06-12 14:11:00,17.2
2025-06-12 04:07:00,49.69252501471454
2025-06-12 17:02:00,37.4
2025-06-12 15:51:00,17.6
2025-06-12 05:09:00,82.6
2025-06-12 14:18:00,33.2
2025-06-12 11:38:00,88.1
2025-06-12 02:49:00,35.6
2025-06-12 01:06:00,41.4
2025-06-12 01:17:00,50.3
2025-06-12 01:14:00,29.2
2025-06-12 04:26:00,49.69252501471454
2025-06-12 23:24:00,37.3
2025-06-12 02:53:00,49.69252501471454
2025-06-12 08:32:00,1.5
2025-06-12 03:46:00,49.69252501471454
2025-06-12 20:54:00,67.5
2025-06-12 07:06:00,1.1
2025-06-12 04:40:00,96.2
2025-06-12 16:11:00,49.69252501471454
2025-06-12 17:59:00,78.5
2025-06-12 00:14:00,3.4
2025-06-12 04:53:00,51.5
2025-06-12 08:14:00,81.2
2025-06-12 10:10:00,94.6
2025-06-12 17:00:00,94.6
2025-06-12 22:36:00,41.8
2025-06-12 17:50:00,70.3
2025-06-12 02:46:00,38.0
2025-06-12 22:05:00,38.0
2025-06-12 02:13:00,39.6
2025-06-12 10:33:00,58.5
2025-06-12 14:04:00,48.9
2025-06-12 06:27:00,49.69252501471454
2025-06-12 21:58:00,19.0
2025-06-12 22:10:00,51.5
2025-06-12 23:29:00,87.5
2025-06-12 21:49:00,35.2
2025-06-12 12:31:00,60.5
2025-06-12 02:26:00,80.5
2025-06-12 13:39:00,49.69252501471454
2025-06-12 04:49:00,8.5
2025-06-12 10:01:00,49.69252501471454
2025-06-12 00:57:00,95.6
2025-06-12 18:05:00,39.8
2025-06-12 13:02:00,74.5
2025-06-12 01:09:00,10.5
2025-06-12 19:39:00,19.7
2025-06-12 00:25:00,49.69252501471454
2025-06-12 01:19:00,67.7
2025-06-12 13:00:00,34.3
2025-06-12 00:10:00,97.6
2025-06-12 21:51:00,98.3
2025-06-12 07:07:00,60.5
2025-06-12 16:40:00,12.4
2025-06-12 15:42:00,63.2
2025-06-12 03:55:00,88.9
2025-06-12 08:17:00,98.2
2025-06-12 09:44:00,31.6
2025-06-12 18:11:00,92.1
2025-06-12 09:53:00,63.0
2025-06-12 16:00:00,81.5
2025-06-12 05:58:00,56.2
2025-06-12 18:01:00,51.4
2025-06-12 12:40:00,63.1
2025-06-12 22:35:00,7.6
2025-06-12 10:41:00,38.6
2025-06-12 15:01:00,4.6
2025-06-12 23:06:00,7.4
2025-06-12 01:18:00,54.0
2025-06-12 09:20:00,68.8
2025-06-12 07:22:00,13.4
2025-06-12 10:06:00,67.6
2025-06-12 22:31:00,7.5
2025-06-12 02:22:00,61.7
2025-06-12 02:48:00,29.5
2025-06-12 20:47:00,50.7
2025-06-12 12:10:00,10.9
2025-06-12 01:15:00,49.69252501471454
2025-06-12 11:16:00,95.7
2025-06-12 16:27:00,6.7
2025-06-12 15:09:00,63.2
2025-06-12 20:09:00,14.6
2025-06-12 17:10:00,96.5
2025-06-12 02:56:00,38.7
2025-06-12 13:10:00,42.6
2025-06-12 11:53:00,21.4
2025-06-12 23:11:00,83.5
2025-06-12 19:45:00,49.69252501471454
2025-06-12 07:30:00,43.6
2025-06-12 22:34:00,67.6
2025-06-12 04:01:00,31.4
2025-06-12 12:24:00,53.7
2025-06-12 04:03:00,85.9
2025-06-12 01:08:00,90.0
2025-06-12 13:34:00,67.6
2025-06-12 04:35:00,69.1
2025-06-12 19:48:00,94.4
2025-06-12 08:39:00,99.0
2025-06-12 15:35:00,52.5
2025-06-12 16:12:00,29.7
2025-06-12 01:31:00,38.4
2025-06-12 06:27:00,13.0
2025-06-12 12:37:00,20.1
2025-06-12 18:01:00,84.8
2025-06-12 09:56:00,75.5
2025-06-12 01:46:00,73.6
2025-06-12 19:14:00,50.3
2025-06-12 12:59:00,68.8
2025-06-12 16:27:00,33.7
2025-06-12 15:29:00,41.3
2025-06-12 05:38:00,37.9
2025-06-12 09:57:00,43.5
2025-06-12 17:06:00,19.3
2025-06-12 00:26:00,3.9
2025-06-12 19:27:00,78.1
2025-06-12 13:28:00,6.1
2025-06-12 12:42:00,50.9
2025-06-12 04:31:00,44.7
2025-06-12 18:44:00,22.1
2025-06-12 07:30:00,7.0
2025-06-12 10:36:00,49.69252501471454
2025-06-12 21:47:00,77.8
2025-06-12 11:19:00,70.5
2025-06-12 23:04:00,49.69252501471454
2025-06-12 22:25:00,26.4
2025-06-12 08:40:00,12.6
2025-06-12 19:19:00,49.69252501471454
2025-06-12 18:17:00,58.6
2025-06-12 06:23:00,36.5
2025-06-12 10:01:00,92.6
2025-06-12 16:16:00,67.6
2025-06-12 04:56:00,85.8
2025-06-12 12:09:00,90.8
2025-06-12 04:57:00,16.0
2025-06-12 08:40:00,65.7
2025-06-12 15:32:00,49.69252501471454
2025-06-12 19:44:00,6.8
2025-06-12 00:16:00,5.1
2025-06-12 18:37:00,94.1
2025-06-12 04:03:00,1.4
2025-06-12 13:46:00,49.69252501471454
2025-06-12 23:33:00,59.3
2025-06-12 16:27:00,49.69252501471454
2025-06-12 12:24:00,49.69252501471454
2025-06-12 16:36:00,63.3
2025-06-12 21:26:00,7.0
2025-06-12 11:17:00,39.3
2025-06-12 22:30:00,42.7
2025-06-12 04:37:00,17.4
2025-06-12 08:46:00,76.6
2025-06-12 05:29:00,79.1
2025-06-12 08:42:00,83.6
2025-06-12 11:21:00,14.9
2025-06-12 23:08:00,71.8
2025-06-12 13:47:00,28.9
2025-06-12 17:03:00,49.69252501471454
2025-06-12 08:02:00,42.0
2025-06-12 04:53:00,87.4
2025-06-12 18:14:00,36.4
2025-06-12 05:21:00,64.2
2025-06-12 22:47:00,14.3
2025-06-12 16:52:00,55.8
2025-06-12 13:40:00,86.1
2025-06-12 16:41:00,52.0
2025-06-12 17:39:00,84.7
2025-06-12 11:50:00,22.9
2025-06-12 22:40:00,89.4
2025-06-12 22:59:00,49.69252501471454
2025-06-12 02:16:00,72.4
2025-06-12 01:32:00,94.8
2025-06-12 19:49:00,1.9
2025-06-12 05:39:00,92.5
2025-06-12 06:04:00,49.69252501471454
2025-06-12 11:56:00,49.69252501471454
2025-06-12 13:10:00,59.5
2025-06-12 16:32:00,56.1
2025-06-12 17:07:00,73.6
2025-06-12 01:48:00,63.3
2025-06-12 06:07:00,48.8
2025-06-12 02:31:00,66.4
2025-06-12 12:49:00,44.4
2025-06-12 11:40:00,93.0
2025-06-12 18:32:00,65.7
2025-06-12 23:09:00,11.3
2025-06-12 09:53:00,63.1
2025-06-12 10:25:00,48.5
2025-06-12 00:20:00,64.3
2025-06-12 03:29:00,51.6
2025-06-12 20:14:00,49.69252501471454
2025-06-12 11:40:00,89.1
2025-06-12 16:44:00,77.0
2025-06-12 10:35:00,49.69252501471454
2025-06-12 07:20:00,49.69252501471454
2025-06-12 04:59:00,82.3
2025-06-12 19:28:00,49.69252501471454
2025-06-12 20:43:00,50.7
2025-06-12 18:38:00,77.5
2025-06-12 14:34:00,51.7
2025-06-12 09:49:00,31.6
2025-06-12 06:23:00,70.3
2025-06-12 23:57:00,10.9
2025-06-12 00:28:00,49.69252501471454
2025-06-12 12:48:00,63.7
2025-06-12 06:14:00,49.69252501471454
2025-06-12 00:03:00,54.5
2025-06-12 10:11:00,84.2
2025-06-12 01:38:00,9.5
2025-06-12 17:18:00,81.8
2025-06-12 21:27:00,87.3
2025-06-12 15:21:00,47.8
2025-06-12 10:52:00,77.3
2025-06-12 13:44:00,68.6
2025-06-12 08:38:00,60.5
2025-06-12 02:16:00,95.2
2025-06-12 00:06:00,55.1
2025-06-12 06:03:00,90.8
2025-06-12 23:00:00,69.6
2025-06-12 22:09:00,20.7
2025-06-12 19:51:00,82.3
2025-06-12 01:41:00,23.9
2025-06-12 18:06:00,22.6
2025-06-12 12:56:00,30.7
2025-06-12 09:04:00,50.2
2025-06-12 05:05:00,40.9
2025-06-12 16:20:00,58.4
2025-06-12 13:57:00,30.3
2025-06-12 00:10:00,80.7
2025-06-12 20:16:00,49.69252501471454
2025-06-12 19:05:00,3.5
2025-06-12 04:23:00,3.7
2025-06-12 21:42:00,49.69252501471454
2025-06-12 00:36:00,49.69252501471454
2025-06-12 23:20:00,25.8
2025-06-12 17:28:00,92.4
2025-06-12 03:33:00,49.69252501471454
2025-06-12 03:17:00,21.9
2025-06-12 05:12:00,90.6
2025-06-12 03:18:00,28.0
2025-06-12 14:43:00,73.8
2025-06-12 10:41:00,82.1
2025-06-12 12:56:00,77.1
2025-06-12 06:32:00,1.1
2025-06-12 23:28:00,66.6
2025-06-12 18:03:00,0.7
2025-06-12 18:03:00,96.7
2025-06-12 03:00:00,69.0
2025-06-12 03:21:00,36.0
2025-06-12 02:22:00,2.4
2025-06-12 06:26:00,22.0
2025-06-12 04:57:00,28.5
2025-06-12 09:22:00,3.1
2025-06-12 07:40:00,84.1
2025-06-12 03:01:00,65.2
2025-06-12 21:32:00,18.2
2025-06-12 13:17:00,49.88181818181819
2025-06-12 11:25:00,34.1
2025-06-12 08:47:00,49.88181818181819
2025-06-12 19:25:00,37.7
2025-06-12 04:00:00,58.6
2025-06-12 05:24:00,49.88181818181819
2025-06-12 06:24:00,36.0
2025-06-12 01:02:00,91.7
2025-06-12 00:37:00,45.9
2025-06-12 16:56:00,50.9
2025-06-12 12:59:00,49.88181818181819
2025-06-12 02:06:00,95.3
2025-06-12 05:29:00,49.88181818181819
2025-06-12 05:35:00,99.1
2025-06-12 19:57:00,4.4
2025-06-12 17:15:00,57.3
2025-06-12 18:10:00,93.4
2025-06-12 21:02:00,81.0
2025-06-12 16:09:00,92.0
2025-06-12 17:56:00,49.88181818181819
2025-06-12 19:44:00,47.1
2025-06-12 11:30:00,69.5
2025-06-12 00:13:00,1.5
2025-06-12 04:44:00,4.9
2025-06-12 11:59:00,91.1
2025-06-12 06:44:00,84.3
2025-06-12 08:18:00,49.88181818181819
2025-06-12 20:21:00,71.0
2025-06-12 00:29:00,60.8
2025-06-12 07:14:00,9.7
2025-06-12 18:48:00,98.8
2025-06-12 13:05:00,19.1
2025-06-12 17:53:00,76.9
2025-06-12 04:04:00,45.8
2025-06-12 23:04:00,59.2
2025-06-12 17:43:00,49.88181818181819
2025-06-12 01:28:00,63.0
2025-06-12 01:41:00,28.4
2025-06-12 15:35:00,77.2
2025-06-12 01:30:00,14.9
2025-06-12 15:52:00,49.88181818181819
2025-06-12 08:23:00,49.88181818181819
2025-06-12 13:41:00,89.3
2025-06-12 09:13:00,64.7
2025-06-12 11:23:00,89.9
2025-06-12 21:10:00,36.4
2025-06-12 04:42:00,49.88181818181819
2025-06-12 19:16:00,49.9
2025-06-12 00:41:00,37.4
2025-06-12 06:13:00,44.8
2025-06-12 00:26:00,31.9
2025-06-12 23:38:00,33.9
2025-06-12 01:21:00,49.88181818181819
2025-06-12 17:30:00,32.0
2025-06-12 12:37:00,97.7
2025-06-12 12:29:00,36.4
2025-06-12 12:34:00,49.88181818181819
2025-06-12 08:23:00,59.4
2025-06-12 11:27:00,63.9
2025-06-12 18:15:00,6.5
2025-06-12 23:53:00,40.2
2025-06-12 17:56:00,69.2
2025-06-12 18:07:00,68.8
2025-06-12 20:59:00,33.0
2025-06-12 06:24:00,18.2
2025-06-12 15:07:00,24.7
2025-06-12 21:19:00,46.7
2025-06-12 14:05:00,97.0
2025-06-12 21:00:00,30.2
2025-06-12 04:06:00,85.0
2025-06-12 13:21:00,49.88181818181819
2025-06-12 15:05:00,98.4
2025-06-12 12:36:00,95.3
2025-06-12 14:48:00,23.8
2025-06-12 20:55:00,31.7
2025-06-12 04:56:00,48.9
2025-06-12 20:54:00,67.1
2025-06-12 18:41:00,77.2
2025-06-12 06:51:00,2.2
2025-06-12 22:27:00,41.0
2025-06-12 17:53:00,31.8
2025-06-12 08:52:00,16.3
2025-06-12 07:26:00,49.88181818181819
2025-06-12 08:25:00,63.8
2025-06-12 09:03:00,53.7
2025-06-12 21:34:00,13.1
2025-06-12 03:36:00,49.88181818181819
2025-06-12 01:04:00,49.88181818181819
2025-06-12 21:01:00,32.8
2025-06-12 18:57:00,8.6
2025-06-12 20:50:00,49.88181818181819
2025-06-12 23:58:00,2.6
2025-06-12 09:12:00,62.7
2025-06-12 03:26:00,33.1
2025-06-12 05:48:00,49.88181818181819
2025-06-12 15:31:00,38.9
2025-06-12 19:14:00,50.0
2025-06-12 21:06:00,49.88181818181819
2025-06-12 17:04:00,24.6
2025-06-12 02:01:00,16.3
2025-06-12 05:41:00,2.3
2025-06-12 07:05:00,63.5
2025-06-12 23:29:00,21.7
2025-06-12 08:48:00,82.7
2025-06-12 18:05:00,19.0
2025-06-12 02:48:00,30.0
2025-06-12 00:08:00,42.4
2025-06-12 02:50:00,56.0
2025-06-12 22:03:00,61.8
2025-06-12 20:18:00,97.0
2025-06-12 23:53:00,38.2
2025-06-12 05:10:00,97.4
2025-06-12 06:48:00,79.8
2025-06-12 02:49:00,49.88181818181819
2025-06-12 19:25:00,70.8
2025-06-12 13:30:00,57.9
2025-06-12 08:21:00,13.0
2025-06-12 12:41:00,80.9
2025-06-12 16:39:00,68.9
2025-06-12 04:21:00,49.88181818181819
2025-06-12 23:08:00,55.7
2025-06-12 15:14:00,17.4
2025-06-12 17:21:00,48.1
2025-06-12 16:07:00,4.1
2025-06-12 14:05:00,37.3
2025-06-12 22:44:00,26.3
2025-06-12 22:03:00,49.88181818181819
2025-06-12 21:53:00,36.4
2025-06-12 05:04:00,72.6
2025-06-12 04:25:00,97.4
2025-06-12 10:59:00,12.7
2025-06-12 17:24:00,96.9
2025-06-12 22:42:00,15.1
2025-06-12 13:59:00,99.1
2025-06-12 07:13:00,42.0
2025-06-12 15:26:00,36.7
2025-06-12 02:25:00,95.7
2025-06-12 09:05:00,86.9
2025-06-12 12:12:00,44.7
2025-06-12 11:40:00,64.4
2025-06-12 09:01:00,50.1
2025-06-12 08:39:00,71.9
2025-06-12 04:07:00,83.4
2025-06-12 03:13:00,33.7
2025-06-12 14:31:00,49.88181818181819
2025-06-12 03:58:00,9.1
2025-06-12 21:55:00,14.6
2025-06-12 08:35:00,71.0
2025-06-12 09:12:00,49.88181818181819
2025-06-12 17:15:00,12.8
2025-06-12 06:03:00,49.88181818181819
2025-06-12 16:04:00,33.1
2025-06-12 00:20:00,85.9
2025-06-12 14:50:00,88.0
2025-06-12 23:21:00,0.6
2025-06-12 12:42:00,63.6
2025-06-12 00:36:00,31.7
2025-06-12 02:51:00,15.0
2025-06-12 01:22:00,72.5
2025-06-12 18:00:00,56.0
2025-06-12 06:19:00,34.6
2025-06-12 01:31:00,64.1
2025-06-12 16:17:00,97.1
2025-06-12 21:27:00,57.0
2025-06-12 11:52:00,6.2
2025-06-12 20:58:00,54.1
2025-06-12 12:04:00,43.6
2025-06-12 17:23:00,31.5
2025-06-12 09:17:00,14.1
2025-06-12 17:42:00,99.8
2025-06-12 02:41:00,49.88181818181819
2025-06-12 11:31:00,49.88181818181819
2025-06-12 19:37:00,49.88181818181819
2025-06-12 20:31:00,16.5
2025-06-12 11:56:00,56.8
2025-06-12 07:41:00,45.6
2025-06-12 21:54:00,4.9
2025-06-12 19:39:00,98.1
2025-06-12 03:02:00,22.2
2025-06-12 04:07:00,25.6
2025-06-12 06:53:00,32.4
2025-06-12 11:56:00,24.5
2025-06-12 00:34:00,77.6
2025-06-12 00:36:00,99.7
2025-06-12 19:25:00,46.6
2025-06-12 10:20:00,49.88181818181819
2025-06-12 23:11:00,25.1
2025-06-12 05:15:00,13.9
2025-06-12 20:51:00,68.0
2025-06-12 02:34:00,30.3
2025-06-12 03:19:00,49.88181818181819
2025-06-12 19:31:00,83.5
2025-06-12 14:01:00,88.6
2025-06-12 23:31:00,34.4
2025-06-12 11:37:00,4.0
2025-06-12 20:14:00,52.7
2025-06-12 15:27:00,7.4
2025-06-12 23:05:00,32.7
2025-06-12 14:28:00,24.4
2025-06-12 13:14:00,90.5
2025-06-12 01:54:00,50.7
2025-06-12 19:54:00,16.4
2025-06-12 23:35:00,85.1
2025-06-12 14:48:00,49.88181818181819
2025-06-12 14:14:00,13.1
2025-06-12 05:05:00,60.4
2025-06-12 20:51:00,92.4
2025-06-12 01:20:00,24.7
2025-06-12 08:15:00,49.88181818181819
2025-06-12 02:32:00,79.5
2025-06-12 03:44:00,61.0
2025-06-12 10:56:00,49.88181818181819
2025-06-12 11:07:00,16.7
2025-06-12 03:01:00,58.9
2025-06-12 06:06:00,42.8
2025-06-12 06:25:00,49.88181818181819
2025-06-12 09:54:00,58.8
2025-06-12 09:29:00,35.3
2025-06-12 04:16:00,63.1
2025-06-12 13:19:00,93.0
2025-06-12 02:16:00,77.6
2025-06-12 10:11:00,10.6
2025-06-12 09:23:00,92.1
2025-06-12 15:21:00,27.8
2025-06-12 10:51:00,66.3
2025-06-12 21:52:00,20.2
2025-06-12 12:42:00,98.3
2025-06-12 07:40:00,80.4
2025-06-12 10:19:00,71.2
2025-06-12 04:34:00,73.3
2025-06-12 14:27:00,96.1
2025-06-12 01:01:00,97.3
2025-06-12 18:13:00,49.88181818181819
2025-06-12 14:14:00,41.9
2025-06-12 08:05:00,49.88181818181819
2025-06-12 04:40:00,50.8
2025-06-12 02:27:00,58.9
2025-06-12 00:34:00,22.8
2025-06-12 09:59:00,61.8
2025-06-12 14:03:00,47.2
2025-06-12 19:48:00,95.4
2025-06-12 00:49:00,12.8
2025-06-12 23:39:00,28.0
2025-06-12 19:52:00,87.3
2025-06-12 03:29:00,63.3
2025-06-12 15:09:00,73.2
2025-06-12 19:45:00,97.1
2025-06-12 23:37:00,49.88181818181819
2025-06-12 16:21:00,68.6
2025-06-12 17:56:00,82.3
2025-06-12 13:51:00,91.1
2025-06-12 04:35:00,17.0
2025-06-12 11:22:00,6.8
2025-06-12 22:31:00,77.2
2025-06-12 15:35:00,72.6
2025-06-12 12:14:00,49.88181818181819
2025-06-12 21:09:00,63.5
2025-06-12 19:58:00,85.4
2025-06-12 10:13:00,49.88181818181819
2025-06-12 22:02:00,39.5
2025-06-12 10:52:00,39.6
2025-06-12 00:10:00,89.5
2025-06-12 06:31:00,13.6
2025-06-12 19:20:00,96.5
2025-06-12 21:31:00,65.2
2025-06-12 22:24:00,80.3
2025-06-12 22:20:00,98.4
2025-06-12 12:26:00,94.8
2025-06-12 22:27:00,36.0
2025-06-12 21:04:00,77.1
2025-06-12 19:58:00,49.88181818181819
2025-06-12 09:02:00,99.0
2025-06-12 12:26:00,33.8
2025-06-12 16:13:00,11.7
2025-06-12 06:17:00,49.88181818181819
2025-06-12 03:54:00,49.88181818181819
2025-06-12 07:35:00,19.1
2025-06-12 04:11:00,42.2
2025-06-12 04:21:00,28.2
2025-06-12 01:01:00,75.0
2025-06-12 18:31:00,69.6
2025-06-12 17:22:00,82.2
2025-06-12 19:35:00,49.88181818181819
2025-06-12 08:01:00,36.7
2025-06-12 20:15:00,17.7
2025-06-12 04:24:00,13.3
2025-06-12 12:19:00,49.88181818181819
2025-06-12 23:19:00,49.88181818181819
2025-06-12 14:01:00,22.7
2025-06-12 20:41:00,2.8
2025-06-12 06:07:00,12.3
2025-06-12 13:32:00,62.6
2025-06-12 02:35:00,68.1
2025-06-12 01:30:00,33.6
2025-06-12 07:05:00,49.88181818181819
2025-06-12 03:04:00,94.4
2025-06-12 16:49:00,49.88181818181819
2025-06-12 09:12:00,98.3
2025-06-12 11:07:00,55.6
2025-06-12 11:21:00,11.6
2025-06-12 15:51:00,4.3
2025-06-12 08:26:00,72.6
2025-06-12 23:22:00,94.5
2025-06-12 04:31:00,49.88181818181819
2025-06-12 09:33:00,49.88181818181819
2025-06-12 11:12:00,49.88181818181819
2025-06-12 07:47:00,29.8
2025-06-12 20:54:00,49.88181818181819
2025-06-12 18:01:00,2.3
2025-06-12 06:36:00,7.2
2025-06-12 00:44:00,3.7
2025-06-12 07:25:00,27.3
2025-06-12 16:46:00,69.0
2025-06-12 03:10:00,45.9
2025-06-12 10:35:00,30.4
2025-06-12 20:32:00,62.9
2025-06-12 12:18:00,40.1
2025-06-12 11:39:00,47.3
2025-06-12 11:13:00,0.9
2025-06-12 15:01:00,69.8
2025-06-12 07:40:00,6.1
2025-06-12 21:49:00,24.9
2025-06-12 05:38:00,49.88181818181819
2025-06-12 16:10:00,57.1
2025-06-12 20:09:00,13.3
2025-06-12 00:25:00,61.4
2025-06-12 06:21:00,26.0
2025-06-12 23:52:00,5.6
2025-06-12 05:36:00,4.4
2025-06-12 09:20:00,28.6
2025-06-12 19:40:00,69.8
2025-06-12 03:51:00,3.9
2025-06-12 14:52:00,39.1
2025-06-12 23:52:00,78.0
2025-06-12 07:15:00,43.5
2025-06-12 07:52:00,44.0
2025-06-12 18:57:00,36.2
2025-06-12 08:42:00,78.9
2025-06-12 21:32:00,13.2
2025-06-12 20:47:00,38.7
2025-06-12 02:01:00,55.1
2025-06-12 04:57:00,21.6
2025-06-12 18:06:00,49.88181818181819
2025-06-12 21:33:00,49.88181818181819
2025-06-12 05:40:00,67.4
2025-06-12 23:11:00,68.3
2025-06-12 16:01:00,84.3
2025-06-12 21:01:00,62.9
2025-06-12 20:14:00,38.0
2025-06-12 08:30:00,15.1
2025-06-12 12:57:00,2.1
2025-06-12 12:35:00,77.1
2025-06-12 04:58:00,4.5
2025-06-12 06:37:00,12.7
2025-06-12 10:41:00,75.5
2025-06-12 20:38:00,27.2
2025-06-12 00:50:00,24.8
2025-06-12 03:01:00,50.019744401453856
2025-06-12 10:28:00,84.5
2025-06-12 12:32:00,2.2
2025-06-12 07:51:00,47.1
2025-06-12 11:57:00,48.2
2025-06-12 08:08:00,86.7
2025-06-12 13:54:00,50.019744401453856
2025-06-12 05:47:00,65.7
2025-06-12 18:00:00,23.4
2025-06-12 21:01:00,50.0
2025-06-12 12:22:00,64.8
2025-06-12 15:01:00,31.5
2025-06-12 09:59:00,89.5
2025-06-12 01:21:00,44.3
2025-06-12 18:18:00,76.2
2025-06-12 17:52:00,63.5
2025-06-12 08:03:00,64.4
2025-06-12 11:42:00,90.5
2025-06-12 17:34:00,89.3
2025-06-12 21:17:00,55.9
2025-06-12 21:12:00,79.7
2025-06-12 08:14:00,4.2
2025-06-12 07:53:00,85.0
2025-06-12 04:43:00,65.9
2025-06-12 20:24:00,7.0
2025-06-12 15:03:00,80.6
2025-06-12 05:29:00,41.8
2025-06-12 14:35:00,82.5
2025-06-12 16:16:00,20.8
2025-06-12 21:53:00,63.2
2025-06-12 15:37:00,59.7
2025-06-12 13:29:00,52.9
2025-06-12 10:24:00,23.5
2025-06-12 21:10:00,55.0
2025-06-12 20:06:00,66.9
2025-06-12 15:11:00,60.1
2025-06-12 16:25:00,90.2
2025-06-12 23:44:00,44.6
2025-06-12 18:29:00,11.1
2025-06-12 20:04:00,50.019744401453856
2025-06-12 22:55:00,90.7
2025-06-12 06:16:00,55.0
2025-06-12 19:50:00,14.2
2025-06-12 20:08:00,6.1
2025-06-12 00:07:00,50.019744401453856
2025-06-12 13:00:00,43.7
2025-06-12 01:04:00,57.2
2025-06-12 07:25:00,88.9
2025-06-12 12:01:00,90.9
2025-06-12 02:03:00,41.6
2025-06-12 13:22:00,27.0
2025-06-12 16:54:00,61.9
2025-06-12 11:59:00,28.3
2025-06-12 16:22:00,26.9
2025-06-12 20:16:00,96.4
2025-06-12 10:12:00,6.5
2025-06-12 23:53:00,51.5
2025-06-12 05:15:00,50.019744401453856
2025-06-12 03:42:00,9.5
2025-06-12 03:13:00,27.4
2025-06-12 08:34:00,59.7
2025-06-12 01:01:00,67.2
2025-06-12 18:43:00,49.8
2025-06-12 00:29:00,2.9
2025-06-12 02:36:00,84.1
2025-06-12 04:25:00,15.8
2025-06-12 09:46:00,24.0
2025-06-12 00:10:00,50.019744401453856
2025-06-12 13:38:00,63.3
2025-06-12 04:15:00,68.1
2025-06-12 13:52:00,36.3
2025-06-12 04:18:00,77.6
2025-06-12 02:18:00,27.4
2025-06-12 00:26:00,73.6
2025-06-12 21:52:00,50.019744401453856
2025-06-12 20:57:00,24.9
2025-06-12 20:21:00,62.7
2025-06-12 06:58:00,65.3
2025-06-12 07:30:00,78.7
2025-06-12 03:27:00,37.9
2025-06-12 11:11:00,24.7
2025-06-12 23:51:00,55.2
2025-06-12 19:07:00,10.9
2025-06-12 10:05:00,77.6
2025-06-12 12:24:00,10.3
2025-06-12 10:50:00,50.019744401453856
2025-06-12 08:16:00,1.7
2025-06-12 21:59:00,70.7
2025-06-12 09:33:00,57.9
2025-06-12 03:49:00,50.019744401453856
2025-06-12 05:53:00,34.7
2025-06-12 15:12:00,53.9
2025-06-12 23:26:00,68.5
2025-06-12 00:38:00,52.6
2025-06-12 00:30:00,77.7
2025-06-12 03:45:00,10.1
2025-06-12 18:14:00,10.6
2025-06-12 19:05:00,9.8
2025-06-12 03:10:00,48.8
2025-06-12 21:32:00,57.1
2025-06-12 02:09:00,82.0
2025-06-12 00:34:00,99.1
2025-06-12 18:04:00,98.3
2025-06-12 16:48:00,92.4
2025-06-12 20:24:00,19.7
2025-06-12 02:38:00,50.019744401453856
2025-06-12 01:00:00,38.4
2025-06-12 03:50:00,93.9
2025-06-12 09:01:00,8.4
2025-06-12 07:26:00,72.1
2025-06-12 12:58:00,50.019744401453856
2025-06-12 00:37:00,95.3
2025-06-12 17:09:00,80.2
2025-06-12 22:59:00,62.0
2025-06-12 23:09:00,34.4
2025-06-12 20:38:00,53.2
2025-06-12 10:45:00,99.9
2025-06-12 20:56:00,81.5
2025-06-12 06:03:00,85.9
2025-06-12 02:36:00,11.1
2025-06-12 10:24:00,50.019744401453856
2025-06-12 11:56:00,31.9
2025-06-12 10:34:00,34.3
2025-06-12 04:03:00,37.5
2025-06-12 14:41:00,54.0
2025-06-12 20:13:00,50.019744401453856
2025-06-12 17:13:00,52.9
2025-06-12 15:19:00,50.019744401453856
2025-06-12 03:53:00,42.6
2025-06-12 05:46:00,50.019744401453856
2025-06-12 07:07:00,43.1
2025-06-12 06:49:00,29.5
2025-06-12 13:50:00,89.4
2025-06-12 22:16:00,16.0
2025-06-12 16:44:00,39.5
2025-06-12 22:08:00,50.019744401453856
2025-06-12 08:20:00,50.019744401453856
2025-06-12 05:16:00,53.2
2025-06-12 08:13:00,31.9
2025-06-12 01:43:00,82.1
2025-06-12 09:36:00,50.019744401453856
2025-06-12 06:00:00,55.1
2025-06-12 09:42:00,43.8
2025-06-12 09:46:00,75.3
2025-06-12 04:05:00,64.7
2025-06-12 06:26:00,97.9
2025-06-12 11:00:00,34.7
2025-06-12 03:41:00,69.4
2025-06-12 22:29:00,50.9
2025-06-12 12:34:00,54.9
2025-06-12 02:04:00,2.1
2025-06-12 17:09:00,38.9
2025-06-12 11:30:00,56.7
2025-06-12 03:50:00,9.7
2025-06-12 02:28:00,42.2
2025-06-12 21:41:00,68.8
2025-06-12 22:18:00,15.9
2025-06-12 23:52:00,42.6
2025-06-12 04:12:00,68.4
2025-06-12 12:17:00,61.3
2025-06-12 07:05:00,42.9
2025-06-12 09:07:00,98.2
2025-06-12 12:44:00,68.2
2025-06-12 15:28:00,50.019744401453856
2025-06-12 04:29:00,50.019744401453856
2025-06-12 11:41:00,0.2
2025-06-12 21:31:00,50.019744401453856
2025-06-12 18:22:00,10.1
2025-06-12 00:39:00,87.5
2025-06-12 02:44:00,50.019744401453856
2025-06-12 01:59:00,9.3
2025-06-12 08:37:00,5.2
2025-06-12 20:10:00,51.2
2025-06-12 23:38:00,39.5
2025-06-12 01:04:00,28.4
2025-06-12 07:55:00,68.6
2025-06-12 07:06:00,50.019744401453856
2025-06-12 18:09:00,22.3
2025-06-12 18:52:00,2.1
2025-06-12 21:43:00,49.2
2025-06-12 12:26:00,50.019744401453856
2025-06-12 23:14:00,85.5
2025-06-12 16:58:00,79.0
2025-06-12 01:31:00,94.8
2025-06-12 22:13:00,52.0
2025-06-12 11:57:00,84.0
2025-06-12 02:30:00,17.5
2025-06-12 05:18:00,4.0
2025-06-12 10:12:00,50.019744401453856
2025-06-12 14:49:00,50.019744401453856
2025-06-12 17:21:00,29.8
2025-06-12 21:52:00,90.8
2025-06-12 01:59:00,68.3
2025-06-12 01:18:00,48.3
2025-06-12 22:34:00,50.019744401453856
2025-06-12 09:41:00,52.9
2025-06-12 10:08:00,37.2
2025-06-12 04:38:00,40.5
2025-06-12 01:17:00,38.4
2025-06-12 01:40:00,78.6
2025-06-12 16:36:00,22.2
2025-06-12 03:54:00,47.0
2025-06-12 16:28:00,79.6
2025-06-12 07:34:00,56.7
2025-06-12 17:27:00,85.8
2025-06-12 23:15:00,9.7
2025-06-12 14:45:00,66.4
2025-06-12 02:53:00,21.9
2025-06-12 15:32:00,66.3
2025-06-12 04:55:00,2.5
2025-06-12 20:06:00,60.5
2025-06-12 11:20:00,18.7
2025-06-12 08:33:00,71.7
2025-06-12 03:43:00,3.2
2025-06-12 07:01:00,88.9
2025-06-12 22:41:00,26.0
2025-06-12 01:40:00,31.0
2025-06-12 22:43:00,79.2
2025-06-12 20:59:00,50.019744401453856
2025-06-12 22:14:00,84.1
2025-06-12 19:14:00,64.3
2025-06-12 09:46:00,43.9
2025-06-12 15:22:00,50.019744401453856
2025-06-12 15:44:00,52.5
2025-06-12 19:09:00,44.4
2025-06-12 16:20:00,50.019744401453856
2025-06-12 16:04:00,50.019744401453856
2025-06-12 16:05:00,27.6
2025-06-12 18:00:00,35.7
2025-06-12 06:50:00,50.019744401453856
2025-06-12 23:20:00,49.9
2025-06-12 22:30:00,50.7
2025-06-12 11:00:00,50.019744401453856
2025-06-12 03:28:00,50.019744401453856
2025-06-12 21:46:00,56.1
2025-06-12 11:33:00,68.9
2025-06-12 06:58:00,59.8
2025-06-12 20:09:00,62.3
2025-06-12 16:10:00,76.2
2025-06-12 12:06:00,39.1
2025-06-12 12:48:00,41.0
2025-06-12 12:11:00,28.7
2025-06-12 05:04:00,92.0
2025-06-12 02:46:00,57.4
2025-06-12 13:52:00,59.7
2025-06-12 08:53:00,89.9
2025-06-12 10:51:00,7.6
2025-06-12 20:23:00,26.2
2025-06-12 17:59:00,65.7
2025-06-12 12:57:00,93.1
2025-06-12 06:22:00,22.7
2025-06-12 15:05:00,20.3
2025-06-12 16:33:00,50.019744401453856
2025-06-12 01:05:00,18.2
2025-06-12 21:25:00,97.0
2025-06-12 08:49:00,75.0
2025-06-12 02:29:00,82.4
2025-06-12 16:43:00,67.5
2025-06-12 19:13:00,82.4
2025-06-12 04:53:00,39.7
2025-06-12 16:45:00,99.0
2025-06-12 04:23:00,97.9
2025-06-12 13:58:00,43.8
2025-06-12 19:54:00,30.7
2025-06-12 11:29:00,85.8
2025-06-12 22:21:00,57.6
2025-06-12 12:10:00,62.3
2025-06-12 19:24:00,76.3
2025-06-12 15:59:00,23.5
2025-06-12 04:41:00,97.7
2025-06-12 08:14:00,95.8
2025-06-12 05:51:00,20.1
2025-06-12 20:56:00,22.1
2025-06-12 05:05:00,62.6
2025-06-12 23:22:00,47.6
2025-06-12 02:26:00,17.0
2025-06-12 07:00:00,57.6
2025-06-12 02:31:00,75.7
2025-06-12 06:13:00,48.3
2025-06-12 18:00:00,50.019744401453856
2025-06-12 00:41:00,65.7
2025-06-12 02:26:00,50.019744401453856
2025-06-12 08:49:00,26.6
2025-06-12 17:36:00,62.6
2025-06-12 00:24:00,91.3
2025-06-12 11:46:00,50.019744401453856
2025-06-12 12:21:00,68.5
2025-06-12 10:46:00,23.6
2025-06-12 12:37:00,0.2
2025-06-12 16:07:00,56.1
2025-06-12 13:13:00,20.4
2025-06-12 02:39:00,73.9
2025-06-12 07:55:00,2.4
2025-06-12 10:40:00,50.019744401453856
2025-06-12 08:37:00,56.5
2025-06-12 15:24:00,50.019744401453856
2025-06-12 01:20:00,26.3
2025-06-12 15:47:00,84.3
2025-06-12 22:56:00,50.019744401453856
2025-06-12 17:31:00,91.7
2025-06-12 22:01:00,36.8
2025-06-12 11:20:00,6.8
2025-06-12 05:28:00,50.2
2025-06-12 16:10:00,50.019744401453856
2025-06-12 17:11:00,4.7
2025-06-12 12:46:00,7.8
2025-06-12 19:53:00,76.3
2025-06-12 04:53:00,52.8
2025-06-12 04:22:00,7.3
2025-06-12 13:29:00,53.0
2025-06-12 21:36:00,18.0
2025-06-12 04:49:00,27.4
2025-06-12 02:54:00,30.9
2025-06-12 12:17:00,87.6
2025-06-12 14:59:00,37.9
2025-06-12 22:59:00,24.3
2025-06-12 08:07:00,14.6
2025-06-12 05:13:00,6.0
2025-06-12 20:19:00,96.9
2025-06-12 20:30:00,85.8
2025-06-12 13:13:00,50.019744401453856
2025-06-12 09:44:00,75.5
2025-06-12 23:43:00,43.0
2025-06-12 09:08:00,43.0
2025-06-12 09:32:00,8.5
2025-06-12 14:05:00,2.6
2025-06-12 20:11:00,71.0
2025-06-12 18:02:00,69.7
2025-06-12 21:02:00,50.019744401453856
2025-06-12 22:55:00,50.019744401453856
2025-06-12 01:47:00,80.0
2025-06-12 16:18:00,26.0
2025-06-12 12:43:00,48.2
2025-06-12 18:33:00,42.2
2025-06-12 10:21:00,72.0
2025-06-12 08:17:00,63.0
2025-06-12 16:31:00,68.1
2025-06-12 06:16:00,58.0
2025-06-12 16:12:00,49.0
2025-06-12 22:00:00,50.0
2025-06-12 12:35:00,70.1
2025-06-12 21:00:00,86.2
2025-06-12 14:02:00,49.94205948042788
2025-06-12 12:03:00,19.7
2025-06-12 18:39:00,19.2
2025-06-12 18:57:00,73.5
2025-06-12 04:44:00,11.1
2025-06-12 16:48:00,12.0
2025-06-12 19:43:00,22.0
2025-06-12 01:17:00,92.4
2025-06-12 18:23:00,24.3
2025-06-12 04:07:00,13.4
2025-06-12 02:53:00,14.3
2025-06-12 00:24:00,1.2
2025-06-12 18:04:00,16.2
2025-06-12 12:27:00,30.9
2025-06-12 01:00:00,36.6
2025-06-12 08:56:00,94.3
2025-06-12 01:48:00,69.5
2025-06-12 15:32:00,36.7
2025-06-12 11:36:00,8.5
2025-06-12 14:22:00,70.2
2025-06-12 10:31:00,0.8
2025-06-12 16:31:00,14.3
2025-06-12 16:51:00,49.94205948042788
2025-06-12 17:26:00,39.3
2025-06-12 18:09:00,52.1
2025-06-12 07:21:00,35.3
2025-06-12 16:35:00,88.2
2025-06-12 00:08:00,75.6
2025-06-12 20:07:00,49.94205948042788
2025-06-12 03:16:00,70.3
2025-06-12 03:42:00,40.3
2025-06-12 14:35:00,49.94205948042788
2025-06-12 03:57:00,49.94205948042788
2025-06-12 19:43:00,51.4
2025-06-12 08:00:00,22.5
2025-06-12 12:56:00,49.94205948042788
2025-06-12 17:54:00,34.0
2025-06-12 10:43:00,49.94205948042788
2025-06-12 07:01:00,43.8
2025-06-12 16:45:00,62.6
2025-06-12 07:14:00,88.3
2025-06-12 09:57:00,82.1
2025-06-12 11:10:00,37.8
2025-06-12 23:26:00,60.1
2025-06-12 13:17:00,66.6
2025-06-12 12:32:00,38.5
2025-06-12 23:43:00,79.6
2025-06-12 06:04:00,14.3
2025-06-12 15:02:00,68.6
2025-06-12 20:21:00,59.7
2025-06-12 00:02:00,13.0
2025-06-12 10:06:00,49.94205948042788
2025-06-12 14:48:00,23.7
2025-06-12 20:06:00,16.6
2025-06-12 02:19:00,58.3
2025-06-12 09:04:00,4.3
2025-06-12 13:54:00,56.8
2025-06-12 18:50:00,85.8
2025-06-12 09:22:00,36.4
2025-06-12 09:23:00,49.94205948042788
2025-06-12 15:13:00,56.8
2025-06-12 08:40:00,53.5
2025-06-12 12:40:00,87.5
2025-06-12 05:38:00,29.8
2025-06-12 14:17:00,95.8
2025-06-12 21:27:00,46.2
2025-06-12 08:59:00,9.3
2025-06-12 13:42:00,72.8
2025-06-12 23:19:00,32.1
2025-06-12 20:22:00,27.1
2025-06-12 20:09:00,49.94205948042788
2025-06-12 17:16:00,24.1
2025-06-12 12:16:00,93.4
2025-06-12 19:15:00,39.2
2025-06-12 00:19:00,82.4
2025-06-12 04:03:00,8.5
2025-06-12 23:38:00,15.2
2025-06-12 19:21:00,67.7
2025-06-12 09:59:00,12.0
2025-06-12 09:52:00,93.2
2025-06-12 18:59:00,19.1
2025-06-12 08:46:00,42.4
2025-06-12 09:42:00,49.94205948042788
2025-06-12 09:16:00,49.94205948042788
2025-06-12 09:14:00,99.8
2025-06-12 01:16:00,39.6
2025-06-12 16:37:00,13.0
2025-06-12 01:58:00,81.8
2025-06-12 06:56:00,49.94205948042788
2025-06-12 23:39:00,37.9
2025-06-12 12:33:00,67.7
2025-06-12 04:24:00,87.3
2025-06-12 21:09:00,19.9
2025-06-12 06:56:00,38.2
2025-06-12 08:30:00,67.7
2025-06-12 23:04:00,48.2
2025-06-12 12:14:00,35.9
2025-06-12 12:08:00,14.0
2025-06-12 00:39:00,7.4
2025-06-12 08:11:00,47.8
2025-06-12 20:15:00,5.9
2025-06-12 10:27:00,37.7
2025-06-12 16:37:00,44.2
2025-06-12 00:58:00,66.4
2025-06-12 13:56:00,49.94205948042788
2025-06-12 23:27:00,16.9
2025-06-12 23:11:00,93.5
2025-06-12 08:50:00,92.0
2025-06-12 00:30:00,40.3
2025-06-12 02:21:00,49.94205948042788
2025-06-12 10:20:00,23.8
2025-06-12 08:40:00,69.7
2025-06-12 12:55:00,49.3
2025-06-12 08:13:00,92.1
2025-06-12 08:53:00,49.94205948042788
2025-06-12 05:04:00,12.1
2025-06-12 21:30:00,0.3
2025-06-12 07:57:00,61.1
2025-06-12 18:35:00,26.0
2025-06-12 08:23:00,60.9
2025-06-12 20:59:00,88.6
2025-06-12 04:15:00,7.6
2025-06-12 14:42:00,31.6
2025-06-12 03:46:00,49.94205948042788
2025-06-12 00:20:00,49.94205948042788
2025-06-12 11:03:00,66.0
2025-06-12 07:04:00,97.9
2025-06-12 23:56:00,0.4
2025-06-12 06:02:00,47.9
2025-06-12 20:56:00,86.1
2025-06-12 07:50:00,49.94205948042788
2025-06-12 15:11:00,36.4
2025-06-12 19:41:00,49.94205948042788
2025-06-12 09:53:00,64.7
2025-06-12 19:03:00,1.7
2025-06-12 17:28:00,38.0
2025-06-12 12:03:00,1.6
2025-06-12 02:22:00,38.0
2025-06-12 18:39:00,20.5
2025-06-12 18:29:00,85.1
2025-06-12 21:44:00,56.1
2025-06-12 07:14:00,92.5
2025-06-12 14:43:00,97.8
2025-06-12 02:25:00,49.94205948042788
2025-06-12 03:30:00,97.5
2025-06-12 00:17:00,19.3
2025-06-12 10:48:00,42.3
2025-06-12 08:44:00,56.8
2025-06-12 23:22:00,25.0
2025-06-12 13:30:00,24.7
2025-06-12 00:06:00,19.0
2025-06-12 13:07:00,32.0
2025-06-12 03:32:00,89.5
2025-06-12 19:40:00,82.0
2025-06-12 10:02:00,11.7
2025-06-12 10:30:00,34.3
2025-06-12 09:37:00,52.5
2025-06-12 10:23:00,3.4
2025-06-12 03:25:00,49.94205948042788
2025-06-12 05:57:00,31.9
2025-06-12 19:56:00,74.7
2025-06-12 17:16:00,8.9
2025-06-12 00:33:00,88.5
2025-06-12 18:23:00,48.8
2025-06-12 03:57:00,57.4
2025-06-12 01:44:00,95.1
2025-06-12 04:58:00,20.4
2025-06-12 10:24:00,7.9
2025-06-12 06:26:00,76.2
2025-06-12 18:43:00,48.5
2025-06-12 08:40:00,4.2
2025-06-12 04:26:00,13.1
2025-06-12 15:06:00,28.6
2025-06-12 21:36:00,69.4
2025-06-12 21:28:00,23.8
2025-06-12 22:27:00,49.0
2025-06-12 23:45:00,94.9
2025-06-12 11:10:00,22.0
2025-06-12 13:59:00,30.2
2025-06-12 05:15:00,82.8
2025-06-12 14:55:00,54.1
2025-06-12 02:24:00,20.8
2025-06-12 10:46:00,10.3
2025-06-12 06:38:00,79.6
2025-06-12 03:09:00,5.9
2025-06-12 09:06:00,49.94205948042788
2025-06-12 15:51:00,13.0
2025-06-12 00:43:00,49.94205948042788
2025-06-12 20:49:00,49.94205948042788
2025-06-12 03:44:00,43.3
2025-06-12 22:53:00,52.2
2025-06-12 13:59:00,43.7
2025-06-12 06:28:00,28.6
2025-06-12 06:18:00,49.94205948042788
2025-06-12 08:32:00,18.0
2025-06-12 11:52:00,10.8
2025-06-12 02:45:00,49.94205948042788
2025-06-12 09:34:00,27.7
2025-06-12 10:10:00,49.94205948042788
2025-06-12 17:44:00,3.5
2025-06-12 22:50:00,65.8
2025-06-12 06:48:00,2.6
2025-06-12 15:49:00,52.8
2025-06-12 12:49:00,12.5
2025-06-12 11:34:00,1.9
2025-06-12 14:07:00,86.2
2025-06-12 16:39:00,69.7
2025-06-12 11:01:00,13.2
2025-06-12 06:07:00,29.7
2025-06-12 07:40:00,6.7
2025-06-12 10:11:00,89.2
2025-06-12 19:33:00,49.94205948042788
2025-06-12 01:13:00,79.5
2025-06-12 08:01:00,30.6
2025-06-12 23:33:00,56.4
2025-06-12 22:30:00,14.1
2025-06-12 05:29:00,58.2
2025-06-12 12:04:00,49.94205948042788
2025-06-12 11:06:00,49.94205948042788
2025-06-12 20:28:00,49.94205948042788
2025-06-12 16:50:00,74.3
2025-06-12 13:12:00,49.94205948042788
2025-06-12 22:03:00,59.5
2025-06-12 06:08:00,19.0
2025-06-12 01:23:00,78.6
2025-06-12 21:32:00,3.9
2025-06-12 05:23:00,60.1
2025-06-12 15:59:00,25.0
2025-06-12 05:10:00,13.6
2025-06-12 08:56:00,49.2
2025-06-12 10:31:00,41.9
2025-06-12 15:32:00,85.9
2025-06-12 15:49:00,59.5
2025-06-12 05:26:00,3.0
2025-06-12 08:23:00,92.0
2025-06-12 06:23:00,36.1
2025-06-12 02:10:00,90.6
2025-06-12 19:34:00,12.5
2025-06-12 17:59:00,71.1
2025-06-12 23:27:00,29.3
2025-06-12 14:07:00,7.1
2025-06-12 23:20:00,82.0
2025-06-12 03:56:00,42.3
2025-06-12 09:53:00,49.94205948042788
2025-06-12 09:07:00,39.8
2025-06-12 03:09:00,26.7
2025-06-12 06:41:00,48.0
2025-06-12 20:18:00,49.94205948042788
2025-06-12 12:23:00,34.2
2025-06-12 09:51:00,55.6
2025-06-12 18:11:00,8.8
2025-06-12 18:51:00,8.9
2025-06-12 00:30:00,71.0
2025-06-12 09:34:00,83.1
2025-06-12 15:00:00,57.7
2025-06-12 20:56:00,49.94205948042788
2025-06-12 12:22:00,25.1
2025-06-12 06:33:00,29.1
2025-06-12 04:03:00,18.1
2025-06-12 16:35:00,86.8
2025-06-12 22:37:00,28.9
2025-06-12 23:53:00,21.9
2025-06-12 03:35:00,88.8
2025-06-12 05:30:00,13.0
2025-06-12 23:04:00,34.9
2025-06-12 13:21:00,71.7
2025-06-12 17:16:00,68.0
2025-06-12 15:01:00,12.8
2025-06-12 22:58:00,17.8
2025-06-12 09:50:00,84.6
2025-06-12 16:15:00,8.8
2025-06-12 09:46:00,56.3
2025-06-12 07:49:00,8.2
2025-06-12 03:06:00,19.7
2025-06-12 09:07:00,62.2
2025-06-12 03:06:00,84.4
2025-06-12 13:13:00,49.7
2025-06-12 11:00:00,66.3
2025-06-12 18:38:00,49.94205948042788
2025-06-12 17:52:00,75.4
2025-06-12 08:09:00,1.0
2025-06-12 23:27:00,49.94205948042788
2025-06-12 18:18:00,62.4
2025-06-12 14:01:00,47.8
2025-06-12 05:50:00,80.5
2025-06-12 00:38:00,9.8
2025-06-12 21:56:00,49.94205948042788
2025-06-12 23:46:00,21.1
2025-06-12 11:38:00,98.4
2025-06-12 11:38:00,49.94205948042788
2025-06-12 01:13:00,78.2
2025-06-12 00:12:00,47.7
2025-06-12 18:16:00,40.9
2025-06-12 09:16:00,99.4
2025-06-12 03:59:00,56.5
2025-06-12 01:53:00,49.94205948042788
2025-06-12 13:54:00,57.5
2025-06-12 10:43:00,95.6
2025-06-12 19:21:00,19.9
2025-06-12 02:39:00,48.8
2025-06-12 08:48:00,29.8
2025-06-12 01:30:00,10.0
2025-06-12 14:28:00,97.7
2025-06-12 00:54:00,57.8
2025-06-12 18:26:00,90.3
2025-06-12 15:27:00,58.3
2025-06-12 18:01:00,49.94205948042788
2025-06-12 19:46:00,58.2
2025-06-12 14:11:00,64.7
2025-06-12 20:54:00,71.4
2025-06-12 15:09:00,49.94205948042788
2025-06-12 08:48:00,13.5
2025-06-12 17:06:00,58.1
2025-06-12 14:46:00,59.4
2025-06-12 10:45:00,47.4
2025-06-12 14:34:00,50.9
2025-06-12 18:24:00,52.4
2025-06-12 00:08:00,13.0
2025-06-12 09:44:00,49.94205948042788
2025-06-12 10:26:00,49.94205948042788
2025-06-12 07:11:00,49.94205948042788
2025-06-12 16:58:00,49.94205948042788
2025-06-12 19:00:00,21.4
2025-06-12 07:30:00,24.0
2025-06-12 09:27:00,73.3
2025-06-12 04:42:00,30.5
2025-06-12 23:15:00,36.8
2025-06-12 15:48:00,53.7
2025-06-12 10:29:00,17.1
2025-06-12 01:57:00,53.8
2025-06-12 10:48:00,76.0
2025-06-12 00:29:00,49.94205948042788
2025-06-12 07:47:00,33.1
2025-06-12 04:38:00,78.4
2025-06-12 01:27:00,49.94205948042788
2025-06-12 16:45:00,71.6
2025-06-12 07:25:00,97.9
2025-06-12 01:32:00,49.94205948042788
2025-06-12 09:00:00,49.94205948042788
2025-06-12 11:18:00,65.1
2025-06-12 13:51:00,5.8
2025-06-12 14:45:00,34.0
2025-06-12 14:59:00,84.3
2025-06-12 15:31:00,38.0
2025-06-12 12:09:00,51.4
2025-06-12 14:21:00,4.1
2025-06-12 09:39:00,87.6
2025-06-12 18:46:00,14.3
2025-06-12 06:21:00,99.7
2025-06-12 22:55:00,73.4
2025-06-12 06:20:00,0.1
2025-06-12 18:34:00,50.024092836946274
2025-06-12 22:30:00,95.5
2025-06-12 15:52:00,32.7
2025-06-12 22:12:00,22.6
2025-06-12 15:46:00,9.4
2025-06-12 13:36:00,24.0
2025-06-12 17:10:00,81.8
2025-06-12 10:54:00,23.0
2025-06-12 02:30:00,3.8
2025-06-12 06:38:00,49.5
2025-06-12 18:25:00,33.0
2025-06-12 13:26:00,17.5
2025-06-12 01:07:00,50.024092836946274
2025-06-12 17:36:00,34.8
2025-06-12 00:14:00,49.1
2025-06-12 06:20:00,64.1
2025-06-12 13:12:00,19.5
2025-06-12 23:35:00,46.6
2025-06-12 20:55:00,13.7
2025-06-12 12:31:00,76.2
2025-06-12 07:13:00,7.0
2025-06-12 17:06:00,99.0
2025-06-12 10:46:00,60.9
2025-06-12 04:45:00,54.8
2025-06-12 12:36:00,96.5
2025-06-12 20:47:00,17.6
2025-06-12 15:56:00,86.7
2025-06-12 04:31:00,55.7
2025-06-12 08:42:00,14.2
2025-06-12 17:23:00,76.5
2025-06-12 12:36:00,42.4
2025-06-12 12:07:00,46.7
2025-06-12 20:53:00,88.3
2025-06-12 03:03:00,34.6
2025-06-12 22:08:00,10.8
2025-06-12 19:05:00,50.024092836946274
2025-06-12 13:20:00,90.1
2025-06-12 16:27:00,42.5
2025-06-12 12:58:00,50.024092836946274
2025-06-12 07:37:00,76.0
2025-06-12 08:31:00,0.2
2025-06-12 06:22:00,92.5
2025-06-12 05:28:00,75.2
2025-06-12 03:39:00,0.1
2025-06-12 18:07:00,37.4
2025-06-12 17:05:00,14.2
2025-06-12 04:17:00,48.7
2025-06-12 10:12:00,50.024092836946274
2025-06-12 19:15:00,5.2
2025-06-12 08:10:00,9.8
2025-06-12 11:41:00,3.0
2025-06-12 21:31:00,25.2
2025-06-12 03:31:00,50.024092836946274
2025-06-12 05:04:00,80.0
2025-06-12 21:06:00,9.5
2025-06-12 00:09:00,27.8
2025-06-12 15:15:00,62.7
2025-06-12 16:41:00,91.9
2025-06-12 14:13:00,50.024092836946274
2025-06-12 19:12:00,50.024092836946274
2025-06-12 20:06:00,31.9
2025-06-12 09:35:00,54.4
2025-06-12 10:18:00,27.5
2025-06-12 05:15:00,20.5
2025-06-12 01:59:00,64.2
2025-06-12 00:44:00,37.1
2025-06-12 08:55:00,88.7
2025-06-12 21:27:00,73.7
2025-06-12 06:57:00,66.2
2025-06-12 20:35:00,93.7
2025-06-12 11:39:00,81.1
2025-06-12 02:02:00,71.3
2025-06-12 10:50:00,75.4
2025-06-12 02:11:00,78.3
2025-06-12 01:57:00,8.8
2025-06-12 22:22:00,78.3
2025-06-12 19:02:00,31.7
2025-06-12 10:39:00,11.5
2025-06-12 00:47:00,53.9
2025-06-12 02:13:00,61.0
2025-06-12 14:45:00,2.8
2025-06-12 22:56:00,43.3
2025-06-12 21:48:00,88.7
2025-06-12 09:11:00,79.0
2025-06-12 02:43:00,82.2
2025-06-12 16:12:00,19.2
2025-06-12 02:32:00,79.1
2025-06-12 04:48:00,99.5
2025-06-12 18:00:00,24.4
2025-06-12 02:04:00,88.7
2025-06-12 10:12:00,45.7
2025-06-12 00:42:00,65.9
2025-06-12 14:38:00,18.3
2025-06-12 12:50:00,4.5
2025-06-12 21:29:00,2.6
2025-06-12 20:42:00,10.1
2025-06-12 17:48:00,20.2
2025-06-12 08:04:00,50.024092836946274
2025-06-12 01:06:00,50.024092836946274
2025-06-12 02:20:00,12.4
2025-06-12 09:57:00,50.024092836946274
2025-06-12 23:11:00,87.0
2025-06-12 15:01:00,50.024092836946274
2025-06-12 09:45:00,37.0
2025-06-12 06:39:00,68.3
2025-06-12 13:58:00,30.1
2025-06-12 06:38:00,49.7
2025-06-12 11:12:00,36.7
2025-06-12 17:21:00,34.9
2025-06-12 07:03:00,39.6
2025-06-12 06:35:00,50.024092836946274
2025-06-12 07:06:00,91.2
2025-06-12 02:08:00,1.5
2025-06-12 04:24:00,62.4
2025-06-12 21:13:00,59.8
2025-06-12 10:23:00,1.3
2025-06-12 10:36:00,99.7
2025-06-12 07:15:00,74.3
2025-06-12 17:59:00,50.024092836946274
2025-06-12 12:17:00,38.8
2025-06-12 12:27:00,85.0
2025-06-12 06:07:00,87.1
2025-06-12 12:18:00,95.3
2025-06-12 19:11:00,65.6
2025-06-12 13:31:00,14.1
2025-06-12 10:10:00,50.024092836946274
2025-06-12 20:42:00,50.024092836946274
2025-06-12 12:41:00,93.7
2025-06-12 09:22:00,50.024092836946274
2025-06-12 22:57:00,76.8
2025-06-12 10:29:00,38.9
2025-06-12 07:29:00,4.7
2025-06-12 10:56:00,87.7
2025-06-12 03:28:00,65.7
2025-06-12 07:08:00,95.6
2025-06-12 23:53:00,62.3
2025-06-12 14:56:00,50.024092836946274
2025-06-12 03:34:00,78.1
2025-06-12 01:58:00,50.024092836946274
2025-06-12 08:55:00,70.0
2025-06-12 17:43:00,49.3
2025-06-12 03:12:00,67.4
2025-06-12 15:40:00,16.3
2025-06-12 08:39:00,49.2
2025-06-12 14:30:00,30.5
2025-06-12 01:29:00,46.1
2025-06-12 02:29:00,46.9
2025-06-12 12:43:00,6.5
2025-06-12 02:52:00,94.9
2025-06-12 16:12:00,95.4
2025-06-12 22:40:00,82.8
2025-06-12 11:34:00,0.6
2025-06-12 01:24:00,50.024092836946274
2025-06-12 08:21:00,70.9
2025-06-12 07:57:00,5.8
2025-06-12 20:11:00,92.7
2025-06-12 01:20:00,50.024092836946274
2025-06-12 06:44:00,57.1
2025-06-12 21:05:00,82.5
2025-06-12 04:22:00,6.8
2025-06-12 08:27:00,44.2
2025-06-12 18:11:00,72.7
2025-06-12 03:45:00,53.8
2025-06-12 17:50:00,13.1
2025-06-12 14:02:00,4.0
2025-06-12 21:33:00,52.2
2025-06-12 10:54:00,44.7
2025-06-12 22:04:00,68.4
2025-06-12 16:22:00,50.024092836946274
2025-06-12 21:12:00,50.024092836946274
2025-06-12 19:41:00,31.0
2025-06-12 05:59:00,39.6
2025-06-12 02:01:00,27.4
2025-06-12 14:34:00,34.5
2025-06-12 14:30:00,25.6
2025-06-12 11:54:00,50.024092836946274
2025-06-12 07:19:00,4.2
2025-06-12 11:14:00,50.0
2025-06-12 21:36:00,58.2
2025-06-12 18:21:00,50.024092836946274
2025-06-12 19:15:00,53.2
2025-06-12 01:20:00,87.9
2025-06-12 11:26:00,51.6
2025-06-12 09:33:00,91.3
2025-06-12 09:11:00,26.3
2025-06-12 16:44:00,1.6
2025-06-12 12:22:00,9.1
2025-06-12 10:40:00,55.9
2025-06-12 16:21:00,74.3
2025-06-12 23:51:00,82.2
2025-06-12 17:33:00,66.6
2025-06-12 11:37:00,50.024092836946274
2025-06-12 08:33:00,6.9
2025-06-12 20:41:00,81.1
2025-06-12 10:20:00,19.5
2025-06-12 16:24:00,33.5
2025-06-12 15:51:00,50.024092836946274
2025-06-12 13:26:00,1.4
2025-06-12 09:46:00,89.6
2025-06-12 22:00:00,41.3
2025-06-12 20:08:00,38.4
2025-06-12 14:29:00,94.9
2025-06-12 13:00:00,43.8
2025-06-12 09:31:00,62.2
2025-06-12 13:04:00,19.8
2025-06-12 06:03:00,62.9
2025-06-12 23:28:00,54.9
2025-06-12 14:20:00,27.0
2025-06-12 08:10:00,78.9
2025-06-12 07:07:00,50.024092836946274
2025-06-12 04:08:00,50.0
2025-06-12 05:32:00,57.7
2025-06-12 17:33:00,33.1
2025-06-12 00:09:00,13.9
2025-06-12 05:52:00,60.1
2025-06-12 12:01:00,53.9
2025-06-12 17:13:00,50.024092836946274
2025-06-12 20:22:00,50.024092836946274
2025-06-12 05:02:00,50.024092836946274
2025-06-12 03:10:00,16.5
2025-06-12 17:53:00,20.7
2025-06-12 04:17:00,85.2
2025-06-12 04:07:00,47.5
2025-06-12 00:18:00,50.024092836946274
2025-06-12 21:41:00,34.1
2025-06-12 07:11:00,23.0
2025-06-12 23:31:00,19.5
2025-06-12 11:55:00,50.024092836946274
2025-06-12 10:53:00,2.2
2025-06-12 07:42:00,93.5
2025-06-12 04:10:00,80.3
2025-06-12 14:07:00,97.9
2025-06-12 10:20:00,81.2
2025-06-12 10:11:00,8.8
2025-06-12 22:48:00,58.5
2025-06-12 06:38:00,90.7
2025-06-12 17:16:00,27.1
2025-06-12 08:31:00,50.024092836946274
2025-06-12 15:33:00,51.7
2025-06-12 03:46:00,50.024092836946274
2025-06-12 09:27:00,50.024092836946274
2025-06-12 21:18:00,96.6
2025-06-12 16:42:00,50.024092836946274
2025-06-12 00:45:00,14.2
2025-06-12 07:11:00,90.9
2025-06-12 14:08:00,33.9
2025-06-12 13:54:00,77.5
2025-06-12 05:23:00,96.1
2025-06-12 16:28:00,50.024092836946274
2025-06-12 14:16:00,45.0
2025-06-12 05:49:00,50.024092836946274
2025-06-12 10:55:00,77.3
2025-06-12 09:33:00,0.2
2025-06-12 01:51:00,5.5
2025-06-12 07:24:00,98.2
2025-06-12 03:43:00,39.9
2025-06-12 11:59:00,11.5
2025-06-12 23:49:00,50.024092836946274
2025-06-12 22:42:00,90.0
2025-06-12 23:33:00,31.2
2025-06-12 03:41:00,94.6
2025-06-12 23:53:00,93.1
2025-06-12 09:16:00,29.5
2025-06-12 09:21:00,92.8
2025-06-12 23:49:00,85.1
2025-06-12 12:07:00,14.6
2025-06-12 07:18:00,45.4
2025-06-12 09:23:00,70.8
2025-06-12 16:34:00,50.024092836946274
2025-06-12 21:31:00,36.7
2025-06-12 02:59:00,55.2
2025-06-12 14:02:00,50.024092836946274
2025-06-12 10:49:00,84.4
2025-06-12 15:53:00,74.6
2025-06-12 18:44:00,93.4
2025-06-12 20:03:00,80.0
2025-06-12 00:26:00,68.0
2025-06-12 14:02:00,67.3
2025-06-12 20:55:00,75.9
2025-06-12 12:49:00,50.024092836946274
2025-06-12 09:27:00,98.5
2025-06-12 12:44:00,85.4
2025-06-12 09:51:00,45.2
2025-06-12 18:41:00,50.024092836946274
2025-06-12 10:11:00,99.8
2025-06-12 09:24:00,85.3
2025-06-12 04:56:00,62.5
2025-06-12 21:58:00,64.0
2025-06-12 03:27:00,12.5
2025-06-12 18:01:00,71.7
2025-06-12 20:52:00,41.6
2025-06-12 00:04:00,4.7
2025-06-12 03:37:00,7.8
2025-06-12 22:08:00,26.2
2025-06-12 12:58:00,37.4
2025-06-12 07:04:00,71.3
2025-06-12 06:59:00,60.2
2025-06-12 17:28:00,50.6
2025-06-12 03:36:00,11.5
2025-06-12 10:11:00,96.2
2025-06-12 08:20:00,8.5
2025-06-12 19:49:00,66.3
2025-06-12 03:19:00,72.9
2025-06-12 16:58:00,8.9
2025-06-12 14:09:00,14.3
2025-06-12 05:22:00,19.6
2025-06-12 15:56:00,51.8
2025-06-12 14:26:00,26.1
2025-06-12 10:19:00,22.9
2025-06-12 03:36:00,48.0
2025-06-12 12:20:00,3.9
2025-06-12 18:40:00,74.9
2025-06-12 15:43:00,39.4
2025-06-12 00:49:00,89.6
2025-06-12 12:32:00,95.6
2025-06-12 13:44:00,43.8
2025-06-12 18:04:00,50.024092836946274
2025-06-12 13:53:00,11.4
2025-06-12 01:41:00,15.2
2025-06-12 17:36:00,50.024092836946274
2025-06-12 08:03:00,15.7
2025-06-12 09:01:00,50.024092836946274
2025-06-12 23:55:00,65.7
2025-06-12 04:14:00,21.0
2025-06-12 03:14:00,95.8
2025-06-12 11:33:00,81.1
2025-06-12 13:10:00,68.9
2025-06-12 02:25:00,33.0
2025-06-12 22:48:00,63.1
2025-06-12 07:05:00,72.0
2025-06-12 05:34:00,36.9
2025-06-12 06:01:00,42.3
2025-06-12 13:57:00,9.1
2025-06-12 19:16:00,20.6
2025-06-12 06:19:00,92.9
2025-06-12 04:18:00,49.2
2025-06-12 13:28:00,95.5
2025-06-12 20:25:00,55.5
2025-06-12 05:07:00,35.0
2025-06-12 02:31:00,77.1
2025-06-12 14:12:00,8.3
2025-06-12 15:19:00,52.0
2025-06-12 04:18:00,42.3
2025-06-12 06:07:00,77.6
2025-06-12 11:50:00,49.54963144963145
2025-06-12 22:35:00,91.8
2025-06-12 10:05:00,80.1
2025-06-12 12:42:00,49.54963144963145
2025-06-12 21:59:00,31.2
2025-06-12 23:26:00,23.8
2025-06-12 13:15:00,81.8
2025-06-12 21:57:00,65.3
2025-06-12 21:15:00,79.8
2025-06-12 07:31:00,49.54963144963145
2025-06-12 10:59:00,79.4
2025-06-12 06:21:00,30.4
2025-06-12 00:15:00,16.2
2025-06-12 01:32:00,76.0
2025-06-12 23:34:00,46.0
2025-06-12 02:58:00,85.8
2025-06-12 07:00:00,13.4
2025-06-12 10:30:00,26.3
2025-06-12 01:55:00,78.2
2025-06-12 12:30:00,21.5
2025-06-12 05:47:00,49.54963144963145
2025-06-12 05:33:00,51.5
2025-06-12 02:56:00,45.2
2025-06-12 20:47:00,93.9
2025-06-12 22:19:00,96.5
2025-06-12 04:28:00,30.3
2025-06-12 07:32:00,81.5
2025-06-12 06:42:00,17.1
2025-06-12 23:33:00,49.54963144963145
2025-06-12 17:11:00,5.5
2025-06-12 10:45:00,41.5
2025-06-12 09:48:00,61.2
2025-06-12 19:23:00,25.5
2025-06-12 10:11:00,26.5
2025-06-12 11:14:00,69.7
2025-06-12 03:49:00,71.3
2025-06-12 11:27:00,32.8
2025-06-12 14:09:00,7.8
2025-06-12 03:13:00,41.9
2025-06-12 13:13:00,65.7
2025-06-12 17:50:00,9.5
2025-06-12 23:38:00,49.54963144963145
2025-06-12 11:07:00,61.7
2025-06-12 21:34:00,19.6
2025-06-12 01:38:00,24.7
2025-06-12 16:06:00,49.54963144963145
2025-06-12 14:25:00,17.4
2025-06-12 12:15:00,84.5
2025-06-12 21:05:00,17.3
2025-06-12 20:40:00,69.9
2025-06-12 09:41:00,66.0
2025-06-12 16:02:00,44.7
2025-06-12 08:04:00,7.9
2025-06-12 16:25:00,49.54963144963145
2025-06-12 11:59:00,84.9
2025-06-12 15:46:00,49.54963144963145
2025-06-12 01:04:00,60.4
2025-06-12 05:05:00,3.0
2025-06-12 07:24:00,43.3
2025-06-12 16:54:00,13.7
2025-06-12 12:53:00,60.7
2025-06-12 15:02:00,34.5
2025-06-12 01:23:00,27.7
2025-06-12 01:49:00,91.9
2025-06-12 05:18:00,59.6
2025-06-12 16:44:00,20.6
2025-06-12 13:46:00,49.54963144963145
2025-06-12 06:50:00,40.1
2025-06-12 10:23:00,18.3
2025-06-12 05:11:00,11.9
2025-06-12 23:26:00,39.8
2025-06-12 13:54:00,19.4
2025-06-12 07:49:00,22.2
2025-06-12 09:43:00,19.9
2025-06-12 00:15:00,81.2
2025-06-12 10:58:00,37.2
2025-06-12 12:10:00,18.3
2025-06-12 09:06:00,16.6
2025-06-12 23:55:00,84.9
2025-06-12 15:09:00,49.4
2025-06-12 11:44:00,54.0
2025-06-12 11:44:00,79.0
2025-06-12 12:34:00,35.0
2025-06-12 03:25:00,34.6
2025-06-12 14:35:00,98.6
2025-06-12 06:42:00,63.1
2025-06-12 11:01:00,83.8
2025-06-12 15:13:00,49.54963144963145
2025-06-12 16:22:00,1.4
2025-06-12 23:13:00,71.2
2025-06-12 11:08:00,53.7
2025-06-12 16:08:00,49.54963144963145
2025-06-12 03:15:00,47.3
2025-06-12 05:52:00,49.54963144963145
2025-06-12 19:18:00,22.9
2025-06-12 10:27:00,49.5
2025-06-12 11:01:00,49.3
2025-06-12 15:31:00,98.0
2025-06-12 22:03:00,26.8
2025-06-12 05:17:00,40.6
2025-06-12 10:30:00,56.1
2025-06-12 03:39:00,50.6
2025-06-12 11:02:00,74.1
2025-06-12 12:09:00,32.2
2025-06-12 00:27:00,60.5
2025-06-12 20:36:00,73.8
2025-06-12 14:33:00,96.9
2025-06-12 04:25:00,27.1
2025-06-12 19:03:00,49.54963144963145
2025-06-12 22:54:00,50.1
2025-06-12 12:58:00,49.0
2025-06-12 14:22:00,29.5
2025-06-12 02:12:00,49.54963144963145
2025-06-12 02:32:00,60.5
2025-06-12 05:00:00,16.2
2025-06-12 23:40:00,19.1
2025-06-12 05:46:00,95.4
2025-06-12 02:09:00,56.4
2025-06-12 23:35:00,66.7
2025-06-12 20:12:00,44.1
2025-06-12 06:14:00,1.3
2025-06-12 09:01:00,52.1
2025-06-12 09:16:00,50.6
2025-06-12 02:05:00,49.54963144963145
2025-06-12 06:51:00,64.0
2025-06-12 14:57:00,49.54963144963145
2025-06-12 14:30:00,72.1
2025-06-12 18:49:00,73.4
2025-06-12 05:09:00,7.6
2025-06-12 02:35:00,49.54963144963145
2025-06-12 08:46:00,95.5
2025-06-12 01:35:00,87.9
2025-06-12 16:28:00,77.9
2025-06-12 04:08:00,49.54963144963145
2025-06-12 05:40:00,15.1
2025-06-12 15:20:00,79.0
2025-06-12 07:38:00,6.6
2025-06-12 06:15:00,36.5
2025-06-12 04:11:00,67.7
2025-06-12 20:55:00,94.5
2025-06-12 15:43:00,39.9
2025-06-12 23:07:00,49.54963144963145
2025-06-12 02:21:00,82.2
2025-06-12 18:59:00,83.8
2025-06-12 13:53:00,1.7
2025-06-12 20:42:00,49.3
2025-06-12 02:37:00,93.7
2025-06-12 10:58:00,95.2
2025-06-12 13:02:00,85.6
2025-06-12 16:22:00,36.6
2025-06-12 15:23:00,39.2
2025-06-12 18:15:00,93.2
2025-06-12 01:15:00,71.5
2025-06-12 01:57:00,42.5
2025-06-12 23:44:00,49.54963144963145
2025-06-12 13:08:00,41.3
2025-06-12 00:09:00,77.6
2025-06-12 11:39:00,94.7
2025-06-12 14:32:00,49.54963144963145
2025-06-12 14:16:00,49.54963144963145
2025-06-12 17:24:00,0.0
2025-06-12 14:28:00,83.2
2025-06-12 12:38:00,49.54963144963145
2025-06-12 11:20:00,91.6
2025-06-12 18:07:00,72.8
2025-06-12 19:39:00,39.7
2025-06-12 16:34:00,70.5
2025-06-12 11:31:00,97.9
2025-06-12 11:28:00,47.1
2025-06-12 23:40:00,4.4
2025-06-12 04:09:00,70.0
2025-06-12 11:30:00,7.6
2025-06-12 22:51:00,43.8
2025-06-12 19:43:00,50.7
2025-06-12 10:14:00,59.6
2025-06-12 15:26:00,64.6
2025-06-12 01:53:00,49.54963144963145
2025-06-12 02:11:00,68.2
2025-06-12 00:18:00,2.5
2025-06-12 06:41:00,33.5
2025-06-12 06:48:00,0.5
2025-06-12 09:16:00,95.5
2025-06-12 10:04:00,65.0
2025-06-12 22:06:00,28.1
2025-06-12 14:30:00,49.54963144963145
2025-06-12 18:25:00,49.54963144963145
2025-06-12 21:09:00,16.5
2025-06-12 04:22:00,0.5
2025-06-12 13:15:00,68.5
2025-06-12 07:35:00,12.1
2025-06-12 00:11:00,47.0
2025-06-12 02:04:00,3.3
2025-06-12 09:21:00,77.3
2025-06-12 06:24:00,82.1
2025-06-12 20:41:00,32.8
2025-06-12 07:27:00,20.0
2025-06-12 14:01:00,26.6
2025-06-12 23:00:00,29.2
2025-06-12 15:33:00,5.7
2025-06-12 08:10:00,36.3
2025-06-12 22:11:00,12.9
2025-06-12 07:09:00,24.2
2025-06-12 10:04:00,31.1
2025-06-12 00:53:00,49.54963144963145
2025-06-12 13:43:00,16.7
2025-06-12 23:49:00,78.8
2025-06-12 09:32:00,76.6
2025-06-12 18:29:00,49.54963144963145
2025-06-12 11:48:00,49.54963144963145
2025-06-12 11:22:00,37.0
2025-06-12 02:45:00,90.7
2025-06-12 00:50:00,27.3
2025-06-12 05:36:00,18.2
2025-06-12 05:10:00,99.0
2025-06-12 06:39:00,33.8
2025-06-12 22:23:00,19.4
2025-06-12 00:29:00,68.8
2025-06-12 21:42:00,95.8
2025-06-12 11:00:00,44.2
2025-06-12 17:16:00,8.6
2025-06-12 13:04:00,34.6
2025-06-12 00:13:00,54.2
2025-06-12 18:18:00,75.7
2025-06-12 08:37:00,37.3
2025-06-12 01:48:00,45.9
2025-06-12 23:56:00,93.4
2025-06-12 14:48:00,71.8
2025-06-12 02:52:00,2.5
2025-06-12 06:29:00,49.54963144963145
2025-06-12 08:08:00,49.54963144963145
2025-06-12 06:32:00,99.0
2025-06-12 12:59:00,49.54963144963145
2025-06-12 16:21:00,37.8
2025-06-12 05:13:00,23.7
2025-06-12 13:52:00,49.54963144963145
2025-06-12 10:36:00,49.54963144963145
2025-06-12 14:00:00,43.9
2025-06-12 16:14:00,74.5
2025-06-12 19:39:00,49.54963144963145
2025-06-12 17:41:00,97.1
2025-06-12 16:48:00,32.5
2025-06-12 19:31:00,27.6
2025-06-12 02:02:00,24.5
2025-06-12 23:17:00,46.8
2025-06-12 03:14:00,43.1
2025-06-12 15:20:00,45.8
2025-06-12 10:43:00,52.1
2025-06-12 06:25:00,68.5
2025-06-12 11:50:00,90.5
2025-06-12 09:58:00,64.1
2025-06-12 14:09:00,65.7
2025-06-12 17:10:00,35.5
2025-06-12 20:23:00,80.2
2025-06-12 19:34:00,49.54963144963145
2025-06-12 05:17:00,81.6
2025-06-12 10:34:00,92.8
2025-06-12 00:16:00,92.0
2025-06-12 19:47:00,33.5
2025-06-12 11:16:00,87.9
2025-06-12 21:01:00,49.54963144963145
2025-06-12 22:11:00,49.54963144963145
2025-06-12 05:35:00,31.0
2025-06-12 01:23:00,11.9
2025-06-12 20:28:00,19.5
2025-06-12 21:08:00,12.3
2025-06-12 15:27:00,1.0
2025-06-12 09:31:00,51.1
2025-06-12 23:37:00,84.0
2025-06-12 14:37:00,30.7
2025-06-12 03:14:00,82.4
2025-06-12 11:12:00,92.2
2025-06-12 11:55:00,12.2
2025-06-12 06:59:00,73.9
2025-06-12 11:58:00,30.4
2025-06-12 05:13:00,30.2
2025-06-12 00:02:00,13.0
2025-06-12 03:35:00,70.4
2025-06-12 12:46:00,42.3
2025-06-12 13:22:00,12.0
2025-06-12 04:59:00,5.6
2025-06-12 18:28:00,55.4
2025-06-12 14:31:00,49.54963144963145
2025-06-12 08:14:00,10.1
2025-06-12 22:07:00,96.4
2025-06-12 08:19:00,57.0
2025-06-12 00:43:00,65.4
2025-06-12 23:50:00,70.2
2025-06-12 22:22:00,51.2
2025-06-12 01:39:00,49.54963144963145
2025-06-12 01:26:00,20.6
2025-06-12 08:30:00,89.5
2025-06-12 11:35:00,55.2
2025-06-12 21:48:00,46.9
2025-06-12 10:23:00,3.0
2025-06-12 01:39:00,82.1
2025-06-12 15:46:00,90.8
2025-06-12 10:38:00,69.7
2025-06-12 19:50:00,73.1
2025-06-12 16:35:00,29.8
2025-06-12 07:03:00,48.1
2025-06-12 04:27:00,52.0
2025-06-12 11:39:00,42.0
2025-06-12 12:49:00,24.0
2025-06-12 15:06:00,39.2
2025-06-12 04:52:00,27.1
2025-06-12 11:25:00,19.0
2025-06-12 10:00:00,83.5
2025-06-12 07:48:00,100.0
2025-06-12 06:43:00,49.54963144963145
2025-06-12 00:39:00,18.5
2025-06-12 13:22:00,29.7
2025-06-12 18:07:00,39.7
2025-06-12 23:31:00,49.7
2025-06-12 01:28:00,39.1
2025-06-12 01:15:00,10.3
2025-06-12 10:23:00,63.9
2025-06-12 15:19:00,49.54963144963145
2025-06-12 03:02:00,49.54963144963145
2025-06-12 05:08:00,6.8
2025-06-12 13:34:00,51.3
2025-06-12 03:58:00,49.54963144963145
2025-06-12 21:53:00,24.0
2025-06-12 10:29:00,51.9
2025-06-12 13:14:00,72.0
2025-06-12 04:24:00,12.9
2025-06-12 01:27:00,49.54963144963145
2025-06-12 17:08:00,49.54963144963145
2025-06-12 12:00:00,39.7
2025-06-12 11:22:00,3.4
2025-06-12 02:13:00,97.1
2025-06-12 00:41:00,49.54963144963145
2025-06-12 21:10:00,44.0
2025-06-12 12:42:00,90.0
2025-06-12 01:40:00,86.6
2025-06-12 04:32:00,54.3
2025-06-12 21:43:00,60.2
2025-06-12 14:37:00,91.0
2025-06-12 05:01:00,77.3
2025-06-12 22:05:00,59.8
2025-06-12 19:39:00,35.9
2025-06-12 23:58:00,79.2
2025-06-12 21:19:00,80.7
2025-06-12 07:17:00,50.9
2025-06-12 19:58:00,30.4
2025-06-12 04:45:00,88.0
2025-06-12 01:14:00,18.2
2025-06-12 20:42:00,10.9
2025-06-12 16:07:00,98.7
2025-06-12 16:30:00,49.54963144963145
2025-06-12 23:58:00,14.9
2025-06-12 04:06:00,51.4
2025-06-12 05:37:00,77.4
2025-06-12 05:11:00,17.5
2025-06-12 21:35:00,85.2
2025-06-12 21:33:00,92.5
2025-06-12 20:11:00,24.0
2025-06-12 05:54:00,72.9
2025-06-12 11:46:00,91.7
2025-06-12 05:06:00,29.4
2025-06-12 07:48:00,61.9
2025-06-12 19:42:00,49.560128956623686
2025-06-12 21:04:00,46.8
2025-06-12 02:15:00,36.5
2025-06-12 01:07:00,49.560128956623686
2025-06-12 07:55:00,92.3
2025-06-12 15:48:00,68.9
2025-06-12 12:22:00,22.8
2025-06-12 14:53:00,49.560128956623686
2025-06-12 21:40:00,75.3
2025-06-12 03:53:00,12.1
2025-06-12 13:05:00,49.560128956623686
2025-06-12 13:53:00,4.3
2025-06-12 21:34:00,33.6
2025-06-12 01:25:00,8.9
2025-06-12 23:32:00,20.5
2025-06-12 17:41:00,66.7
2025-06-12 20:19:00,51.3
2025-06-12 12:17:00,35.4
2025-06-12 22:11:00,21.7
2025-06-12 15:45:00,49.560128956623686
2025-06-12 04:41:00,36.8
2025-06-12 19:50:00,49.560128956623686
2025-06-12 15:53:00,49.560128956623686
2025-06-12 17:26:00,26.2
2025-06-12 16:35:00,22.5
2025-06-12 07:45:00,44.0
2025-06-12 17:04:00,23.3
2025-06-12 04:05:00,49.560128956623686
2025-06-12 22:58:00,64.9
2025-06-12 05:24:00,43.1
2025-06-12 04:58:00,17.9
2025-06-12 12:41:00,53.6
2025-06-12 21:32:00,58.4
2025-06-12 22:08:00,49.560128956623686
2025-06-12 02:39:00,16.3
2025-06-12 05:08:00,49.560128956623686
2025-06-12 16:23:00,47.7
2025-06-12 16:42:00,44.4
2025-06-12 21:38:00,9.9
2025-06-12 11:33:00,20.8
2025-06-12 11:19:00,72.9
2025-06-12 16:45:00,39.2
2025-06-12 11:05:00,12.9
2025-06-12 11:12:00,95.0
2025-06-12 07:59:00,4.7
2025-06-12 15:57:00,70.6
2025-06-12 22:00:00,13.4
2025-06-12 02:50:00,56.0
2025-06-12 18:12:00,35.3
2025-06-12 15:00:00,40.3
2025-06-12 11:20:00,0.7
2025-06-12 15:17:00,9.3
2025-06-12 15:53:00,96.1
2025-06-12 21:29:00,8.6
2025-06-12 02:00:00,8.3
2025-06-12 22:41:00,51.1
2025-06-12 12:48:00,84.9
2025-06-12 14:44:00,38.1
2025-06-12 16:44:00,26.0
2025-06-12 05:17:00,62.6
2025-06-12 02:54:00,49.560128956623686
2025-06-12 11:26:00,13.9
2025-06-12 01:09:00,6.4
2025-06-12 22:20:00,49.560128956623686
2025-06-12 01:22:00,12.2
2025-06-12 08:47:00,8.4
2025-06-12 01:32:00,10.2
2025-06-12 12:25:00,49.560128956623686
2025-06-12 04:45:00,49.560128956623686
2025-06-12 09:03:00,49.560128956623686
2025-06-12 04:05:00,36.8
2025-06-12 00:57:00,94.5
2025-06-12 17:28:00,49.560128956623686
2025-06-12 18:35:00,70.4
2025-06-12 10:54:00,63.6
2025-06-12 07:33:00,41.9
2025-06-12 17:04:00,15.6
2025-06-12 01:58:00,2.7
2025-06-12 19:55:00,2.1
2025-06-12 10:21:00,97.5
2025-06-12 14:05:00,43.1
2025-06-12 18:57:00,35.7
2025-06-12 00:38:00,68.2
2025-06-12 05:20:00,53.4
2025-06-12 14:00:00,52.4
2025-06-12 05:49:00,20.8
2025-06-12 11:36:00,76.4
2025-06-12 07:11:00,17.7
2025-06-12 08:15:00,16.0
2025-06-12 21:15:00,88.0
2025-06-12 14:08:00,35.2
2025-06-12 02:33:00,49.560128956623686
2025-06-12 15:43:00,9.0
2025-06-12 22:45:00,82.0
2025-06-12 14:43:00,25.0
2025-06-12 06:04:00,76.4
2025-06-12 17:50:00,44.1
2025-06-12 15:07:00,7.2
2025-06-12 19:09:00,23.8
2025-06-12 13:03:00,97.3
2025-06-12 02:03:00,18.0
2025-06-12 12:56:00,33.1
2025-06-12 12:52:00,62.3
2025-06-12 09:35:00,80.3
2025-06-12 07:17:00,49.560128956623686
2025-06-12 23:41:00,75.0
2025-06-12 15:06:00,42.6
2025-06-12 12:13:00,23.1
2025-06-12 20:40:00,41.2
2025-06-12 01:30:00,11.7
2025-06-12 07:11:00,47.2
2025-06-12 15:34:00,87.9
2025-06-12 23:33:00,34.3
2025-06-12 22:45:00,85.6
2025-06-12 23:32:00,49.560128956623686
2025-06-12 05:36:00,77.6
2025-06-12 07:24:00,99.0
2025-06-12 17:32:00,3.8
2025-06-12 14:58:00,49.560128956623686
2025-06-12 16:06:00,29.3
2025-06-12 02:09:00,62.4
2025-06-12 07:25:00,40.4
2025-06-12 04:14:00,26.2
2025-06-12 13:01:00,39.6
2025-06-12 11:13:00,49.560128956623686
2025-06-12 12:32:00,35.2
2025-06-12 04:12:00,34.7
2025-06-12 14:41:00,49.560128956623686
2025-06-12 21:25:00,4.9
2025-06-12 20:49:00,53.6
2025-06-12 21:50:00,61.7
2025-06-12 22:42:00,94.5
2025-06-12 00:40:00,50.8
2025-06-12 17:41:00,49.560128956623686
2025-06-12 00:51:00,49.560128956623686
2025-06-12 23:41:00,40.9
2025-06-12 18:29:00,42.7
2025-06-12 01:50:00,1.8
2025-06-12 07:30:00,47.3
2025-06-12 21:02:00,29.7
2025-06-12 02:18:00,65.6
2025-06-12 09:44:00,49.560128956623686
2025-06-12 09:52:00,43.4
2025-06-12 06:57:00,14.6
2025-06-12 19:54:00,61.2
2025-06-12 06:06:00,49.560128956623686
2025-06-12 22:24:00,1.4
2025-06-12 11:02:00,54.0
2025-06-12 19:53:00,85.9
2025-06-12 15:27:00,64.7
2025-06-12 05:59:00,54.6
2025-06-12 21:34:00,49.560128956623686
2025-06-12 15:03:00,86.7
2025-06-12 21:46:00,84.8
2025-06-12 04:59:00,86.3
2025-06-12 07:04:00,78.1
2025-06-12 14:22:00,44.0
2025-06-12 14:45:00,2.4
2025-06-12 02:13:00,87.0
2025-06-12 12:18:00,20.1
2025-06-12 03:31:00,33.1
2025-06-12 05:40:00,67.1
2025-06-12 21:25:00,4.2
2025-06-12 22:24:00,79.0
2025-06-12 03:59:00,17.5
2025-06-12 12:58:00,77.6
2025-06-12 19:09:00,4.4
2025-06-12 23:40:00,94.3
2025-06-12 06:20:00,37.4
2025-06-12 20:16:00,9.6
2025-06-12 03:29:00,7.9
2025-06-12 15:50:00,36.3
2025-06-12 16:48:00,59.1
2025-06-12 21:18:00,8.0
2025-06-12 08:05:00,66.2
2025-06-12 03:54:00,3.2
2025-06-12 12:44:00,49.560128956623686
2025-06-12 08:09:00,49.560128956623686
2025-06-12 20:42:00,86.9
2025-06-12 03:28:00,34.0
2025-06-12 08:42:00,60.4
2025-06-12 05:49:00,67.7
2025-06-12 22:30:00,79.4
2025-06-12 13:49:00,65.9
2025-06-12 23:50:00,40.0
2025-06-12 00:28:00,53.8
2025-06-12 14:34:00,65.4
2025-06-12 11:43:00,22.4
2025-06-12 12:24:00,49.560128956623686
2025-06-12 17:33:00,96.7
2025-06-12 20:32:00,60.0
2025-06-12 13:43:00,31.7
2025-06-12 05:16:00,49.560128956623686
2025-06-12 00:24:00,49.560128956623686
2025-06-12 06:38:00,49.0
2025-06-12 08:09:00,91.7
2025-06-12 05:58:00,22.9
2025-06-12 17:49:00,24.0
2025-06-12 19:42:00,26.3
2025-06-12 21:47:00,32.2
2025-06-12 07:25:00,72.8
2025-06-12 12:53:00,30.5
2025-06-12 14:04:00,49.560128956623686
2025-06-12 00:31:00,46.5
2025-06-12 20:51:00,67.4
2025-06-12 00:41:00,81.8
2025-06-12 17:58:00,97.1
2025-06-12 14:42:00,9.7
2025-06-12 10:42:00,73.8
2025-06-12 16:07:00,32.6
2025-06-12 22:14:00,40.6
2025-06-12 19:44:00,14.8
2025-06-12 13:02:00,80.2
2025-06-12 01:19:00,11.2
2025-06-12 07:12:00,44.6
2025-06-12 00:00:00,3.0
2025-06-12 19:28:00,92.2
2025-06-12 02:01:00,9.5
2025-06-12 09:46:00,17.3
2025-06-12 00:20:00,49.560128956623686
2025-06-12 08:30:00,39.2
2025-06-12 09:15:00,66.8
2025-06-12 09:21:00,21.7
2025-06-12 21:24:00,49.560128956623686
2025-06-12 21:49:00,84.0
2025-06-12 17:24:00,34.4
2025-06-12 09:38:00,46.5
2025-06-12 21:30:00,24.0
2025-06-12 19:57:00,42.7
2025-06-12 20:51:00,49.560128956623686
2025-06-12 03:54:00,2.5
2025-06-12 10:50:00,49.560128956623686
2025-06-12 14:51:00,85.5
2025-06-12 13:08:00,31.9
2025-06-12 08:13:00,99.5
2025-06-12 15:52:00,85.5
2025-06-12 17:08:00,77.9
2025-06-12 09:13:00,22.7
2025-06-12 20:17:00,0.1
2025-06-12 13:17:00,80.7
2025-06-12 13:10:00,35.3
2025-06-12 23:30:00,9.0
2025-06-12 14:21:00,6.1
2025-06-12 06:41:00,4.3
2025-06-12 14:56:00,28.6
2025-06-12 01:03:00,96.9
2025-06-12 21:15:00,25.6
2025-06-12 21:29:00,49.560128956623686
2025-06-12 10:51:00,25.3
2025-06-12 16:25:00,69.4
2025-06-12 15:10:00,95.1
2025-06-12 22:10:00,49.2
2025-06-12 13:44:00,87.9
2025-06-12 10:26:00,58.1
2025-06-12 11:24:00,24.2
2025-06-12 11:55:00,93.3
2025-06-12 10:13:00,1.7
2025-06-12 00:36:00,2.9
2025-06-12 20:28:00,92.2
2025-06-12 17:41:00,19.9
2025-06-12 17:09:00,49.560128956623686
2025-06-12 08:26:00,24.1
2025-06-12 23:54:00,19.3
2025-06-12 23:11:00,22.1
2025-06-12 13:27:00,49.560128956623686
2025-06-12 15:01:00,50.2
2025-06-12 09:10:00,82.0
2025-06-12 03:21:00,44.0
2025-06-12 14:34:00,45.0
2025-06-12 05:43:00,18.3
2025-06-12 20:53:00,25.0
2025-06-12 01:43:00,64.1
2025-06-12 19:31:00,12.6
2025-06-12 21:38:00,49.560128956623686
2025-06-12 18:01:00,66.6
2025-06-12 00:53:00,53.3
2025-06-12 23:36:00,98.5
2025-06-12 13:41:00,40.2
2025-06-12 00:12:00,91.3
2025-06-12 15:29:00,76.7
2025-06-12 16:58:00,63.7
2025-06-12 08:22:00,49.560128956623686
2025-06-12 04:18:00,60.1
2025-06-12 09:05:00,49.9
2025-06-12 22:25:00,83.0
2025-06-12 20:39:00,35.7
2025-06-12 11:58:00,49.560128956623686
2025-06-12 23:43:00,46.2
2025-06-12 05:00:00,12.2
2025-06-12 22:35:00,23.0
2025-06-12 18:13:00,90.0
2025-06-12 04:22:00,31.9
2025-06-12 04:34:00,4.2
2025-06-12 05:46:00,58.9
2025-06-12 18:34:00,91.3
2025-06-12 03:20:00,59.3
2025-06-12 01:47:00,44.0
2025-06-12 03:42:00,56.9
2025-06-12 01:46:00,49.560128956623686
2025-06-12 21:31:00,36.9
2025-06-12 01:28:00,49.560128956623686
2025-06-12 04:37:00,20.8
2025-06-12 00:34:00,64.8
2025-06-12 16:55:00,88.8
2025-06-12 17:24:00,64.7
2025-06-12 13:46:00,4.8
2025-06-12 22:31:00,94.0
2025-06-12 07:14:00,29.2
2025-06-12 07:43:00,4.5
2025-06-12 02:26:00,14.8
2025-06-12 06:03:00,67.6
2025-06-12 11:07:00,75.3
2025-06-12 22:13:00,19.7
2025-06-12 08:17:00,83.3
2025-06-12 00:23:00,72.7
2025-06-12 02:53:00,41.7
2025-06-12 07:28:00,80.3
2025-06-12 06:28:00,7.4
2025-06-12 16:50:00,3.8
2025-06-12 02:58:00,50.10277843742579
2025-06-12 06:03:00,20.7
2025-06-12 13:07:00,8.4
2025-06-12 14:23:00,90.4
2025-06-12 23:50:00,51.4
2025-06-12 08:19:00,80.3
2025-06-12 09:34:00,30.5
2025-06-12 19:34:00,83.5
2025-06-12 23:00:00,50.10277843742579
2025-06-12 06:55:00,81.2
2025-06-12 06:31:00,74.7
2025-06-12 19:30:00,39.0
2025-06-12 15:44:00,48.7
2025-06-12 18:44:00,72.0
2025-06-12 04:51:00,41.8
2025-06-12 11:06:00,42.1
2025-06-12 00:37:00,14.1
2025-06-12 00:30:00,96.8
2025-06-12 04:42:00,79.8
2025-06-12 00:52:00,23.0
2025-06-12 16:30:00,24.0
2025-06-12 10:49:00,93.1
2025-06-12 08:49:00,55.1
2025-06-12 02:50:00,20.2
2025-06-12 18:32:00,50.10277843742579
2025-06-12 23:59:00,98.7
2025-06-12 11:02:00,68.2
2025-06-12 09:12:00,80.9
2025-06-12 05:40:00,63.6
2025-06-12 17:43:00,50.10277843742579
2025-06-12 10:35:00,7.9
2025-06-12 02:14:00,29.5
2025-06-12 10:20:00,22.7
2025-06-12 21:42:00,48.4
2025-06-12 00:47:00,71.3
2025-06-12 09:00:00,73.2
2025-06-12 14:08:00,34.5
2025-06-12 06:12:00,96.6
2025-06-12 22:18:00,94.8
2025-06-12 06:52:00,4.0
2025-06-12 06:43:00,50.10277843742579
2025-06-12 15:57:00,97.4
2025-06-12 19:35:00,83.8
2025-06-12 04:46:00,50.10277843742579
2025-06-12 23:34:00,86.4
2025-06-12 23:33:00,49.3
2025-06-12 11:18:00,59.2
2025-06-12 03:44:00,10.8
2025-06-12 03:53:00,5.2
2025-06-12 14:22:00,24.1
2025-06-12 17:22:00,79.0
2025-06-12 08:54:00,29.6
2025-06-12 15:04:00,18.7
2025-06-12 17:28:00,83.4
2025-06-12 10:11:00,2.2
2025-06-12 11:39:00,50.10277843742579
2025-06-12 18:09:00,33.4
2025-06-12 07:19:00,39.9
2025-06-12 04:06:00,33.1
2025-06-12 15:14:00,43.1
2025-06-12 01:30:00,16.1
2025-06-12 18:37:00,40.1
2025-06-12 16:11:00,50.10277843742579
2025-06-12 22:55:00,98.5
2025-06-12 05:03:00,84.5
2025-06-12 12:23:00,87.0
2025-06-12 20:07:00,16.1
2025-06-12 15:00:00,82.8
2025-06-12 04:54:00,50.10277843742579
2025-06-12 14:14:00,99.6
2025-06-12 04:46:00,26.4
2025-06-12 06:12:00,32.6
2025-06-12 03:22:00,46.1
2025-06-12 23:05:00,90.0
2025-06-12 19:08:00,56.7
2025-06-12 17:54:00,50.10277843742579
2025-06-12 22:16:00,50.10277843742579
2025-06-12 04:18:00,50.10277843742579
2025-06-12 15:27:00,50.10277843742579
2025-06-12 10:07:00,20.1
2025-06-12 06:03:00,66.3
2025-06-12 16:05:00,32.0
2025-06-12 18:39:00,8.6
2025-06-12 07:03:00,23.2
2025-06-12 03:49:00,15.4
2025-06-12 16:38:00,81.3
2025-06-12 12:49:00,36.2
2025-06-12 13:37:00,66.0
2025-06-12 14:51:00,18.6
2025-06-12 05:09:00,50.10277843742579
2025-06-12 04:36:00,50.10277843742579
2025-06-12 14:57:00,35.4
2025-06-12 19:38:00,50.10277843742579
2025-06-12 16:52:00,96.2
2025-06-12 08:52:00,80.8
2025-06-12 01:57:00,15.7
2025-06-12 12:06:00,78.5
2025-06-12 10:45:00,61.1
2025-06-12 09:18:00,36.9
2025-06-12 20:07:00,50.10277843742579
2025-06-12 02:47:00,65.1
2025-06-12 02:04:00,15.9
2025-06-12 01:24:00,34.7
2025-06-12 10:41:00,95.4
2025-06-12 04:41:00,7.6
2025-06-12 13:17:00,27.2
2025-06-12 03:55:00,50.10277843742579
2025-06-12 14:29:00,53.2
2025-06-12 05:16:00,42.5
2025-06-12 21:16:00,75.7
2025-06-12 09:49:00,83.4
2025-06-12 05:58:00,69.6
2025-06-12 10:22:00,42.8
2025-06-12 05:04:00,10.6
2025-06-12 14:59:00,86.2
2025-06-12 09:33:00,51.5
2025-06-12 22:59:00,39.7
2025-06-12 01:08:00,0.8
2025-06-12 07:48:00,4.5
2025-06-12 00:18:00,26.7
2025-06-12 22:31:00,31.3
2025-06-12 17:02:00,74.9
2025-06-12 07:06:00,45.5
2025-06-12 23:34:00,50.10277843742579
2025-06-12 00:16:00,50.10277843742579
2025-06-12 22:12:00,50.10277843742579
2025-06-12 18:55:00,50.10277843742579
2025-06-12 07:25:00,43.4
2025-06-12 14:07:00,84.5
2025-06-12 18:44:00,90.2
2025-06-12 02:09:00,97.9
2025-06-12 03:26:00,4.0
2025-06-12 10:37:00,86.7
2025-06-12 11:47:00,89.0
2025-06-12 21:50:00,95.5
2025-06-12 20:46:00,89.4
2025-06-12 11:12:00,4.8
2025-06-12 13:25:00,88.6
2025-06-12 14:21:00,50.10277843742579
2025-06-12 18:17:00,68.2
2025-06-12 02:36:00,50.10277843742579
2025-06-12 17:23:00,7.0
2025-06-12 16:09:00,71.0
2025-06-12 16:27:00,28.1
2025-06-12 12:07:00,15.9
2025-06-12 20:21:00,43.0
2025-06-12 19:58:00,64.5
2025-06-12 04:10:00,15.1
2025-06-12 01:09:00,45.2
2025-06-12 14:56:00,50.10277843742579
2025-06-12 18:46:00,50.10277843742579
2025-06-12 03:27:00,99.5
2025-06-12 05:48:00,12.9
2025-06-12 09:41:00,65.9
2025-06-12 11:12:00,3.5
2025-06-12 22:14:00,50.10277843742579
2025-06-12 07:31:00,49.5
2025-06-12 06:49:00,58.4
2025-06-12 04:36:00,55.2
2025-06-12 07:37:00,97.7
2025-06-12 06:59:00,70.7
2025-06-12 16:53:00,50.10277843742579
2025-06-12 04:59:00,13.9
2025-06-12 13:36:00,86.0
2025-06-12 21:27:00,50.10277843742579
2025-06-12 15:08:00,27.3
2025-06-12 05:54:00,50.10277843742579
2025-06-12 15:04:00,59.0
2025-06-12 05:58:00,27.8
2025-06-12 09:00:00,24.8
2025-06-12 08:07:00,26.4
2025-06-12 09:10:00,35.4
2025-06-12 00:01:00,50.10277843742579
2025-06-12 19:35:00,24.7
2025-06-12 21:20:00,10.6
2025-06-12 00:30:00,50.9
2025-06-12 20:56:00,43.3
2025-06-12 13:58:00,18.9
2025-06-12 16:01:00,50.10277843742579
2025-06-12 12:01:00,88.2
2025-06-12 09:15:00,75.7
2025-06-12 03:35:00,50.10277843742579
2025-06-12 03:33:00,97.5
2025-06-12 10:43:00,10.9
2025-06-12 13:33:00,49.7
2025-06-12 23:01:00,16.7
2025-06-12 12:15:00,13.4
2025-06-12 04:35:00,30.0
2025-06-12 07:11:00,35.4
2025-06-12 21:10:00,10.5
2025-06-12 19:00:00,60.4
2025-06-12 22:18:00,50.10277843742579
2025-06-12 14:26:00,50.10277843742579
2025-06-12 14:42:00,50.10277843742579
2025-06-12 12:37:00,48.3
2025-06-12 15:30:00,19.3
2025-06-12 12:36:00,26.7
2025-06-12 20:22:00,48.6
2025-06-12 00:28:00,7.2
2025-06-12 01:12:00,25.8
2025-06-12 12:22:00,43.2
2025-06-12 05:21:00,42.3
2025-06-12 09:09:00,50.10277843742579
2025-06-12 01:16:00,43.3
2025-06-12 22:50:00,19.4
2025-06-12 17:35:00,14.0
2025-06-12 16:44:00,6.6
2025-06-12 19:40:00,24.4
2025-06-12 06:11:00,68.7
2025-06-12 21:34:00,55.9
2025-06-12 22:45:00,50.10277843742579
2025-06-12 21:37:00,4.4
2025-06-12 23:25:00,85.6
2025-06-12 19:18:00,46.1
2025-06-12 15:56:00,15.9
2025-06-12 10:38:00,50.10277843742579
2025-06-12 07:48:00,85.9
2025-06-12 05:32:00,7.3
2025-06-12 07:54:00,39.8
2025-06-12 06:30:00,50.10277843742579
2025-06-12 06:31:00,53.6
2025-06-12 19:32:00,54.9
2025-06-12 11:53:00,36.8
2025-06-12 11:45:00,57.1
2025-06-12 15:53:00,2.6
2025-06-12 14:01:00,84.9
2025-06-12 19:49:00,85.3
2025-06-12 14:39:00,63.3
2025-06-12 14:39:00,39.2
2025-06-12 01:54:00,39.0
2025-06-12 10:48:00,65.3
2025-06-12 17:30:00,30.3
2025-06-12 13:03:00,50.10277843742579
2025-06-12 23:32:00,88.3
2025-06-12 06:48:00,11.1
2025-06-12 19:04:00,40.1
2025-06-12 23:07:00,46.2
2025-06-12 06:20:00,89.6
2025-06-12 13:39:00,93.2
2025-06-12 08:17:00,56.0
2025-06-12 23:49:00,98.0
2025-06-12 19:20:00,17.1
2025-06-12 21:50:00,65.2
2025-06-12 22:53:00,4.2
2025-06-12 01:51:00,50.10277843742579
2025-06-12 15:02:00,41.5
2025-06-12 22:57:00,40.0
2025-06-12 23:55:00,31.4
2025-06-12 20:01:00,53.2
2025-06-12 09:00:00,51.4
2025-06-12 17:01:00,7.2
2025-06-12 12:24:00,22.2
2025-06-12 12:01:00,7.4
2025-06-12 03:37:00,46.9
2025-06-12 20:48:00,53.0
2025-06-12 21:53:00,66.6
2025-06-12 00:23:00,82.3
2025-06-12 03:44:00,18.7
2025-06-12 17:31:00,84.3
2025-06-12 01:19:00,32.0
2025-06-12 03:39:00,50.10277843742579
2025-06-12 11:40:00,50.10277843742579
2025-06-12 14:14:00,58.7
2025-06-12 09:30:00,1.4
2025-06-12 15:35:00,15.2
2025-06-12 17:48:00,9.0
2025-06-12 08:54:00,16.4
2025-06-12 03:14:00,28.5
2025-06-12 10:36:00,50.10277843742579
2025-06-12 16:29:00,19.9
2025-06-12 13:30:00,13.9
2025-06-12 13:18:00,95.9
2025-06-12 11:46:00,24.5
2025-06-12 11:00:00,73.6
2025-06-12 03:03:00,87.5
2025-06-12 03:30:00,65.3
2025-06-12 00:11:00,24.3
2025-06-12 17:15:00,89.1
2025-06-12 13:16:00,12.4
2025-06-12 01:40:00,5.2
2025-06-12 17:10:00,50.10277843742579
2025-06-12 11:07:00,90.4
2025-06-12 05:27:00,50.10277843742579
2025-06-12 19:26:00,0.4
2025-06-12 13:31:00,50.10277843742579
2025-06-12 01:41:00,50.2
2025-06-12 20:40:00,75.6
2025-06-12 16:20:00,37.3
2025-06-12 00:47:00,95.0
2025-06-12 19:57:00,21.3
2025-06-12 21:37:00,65.2
2025-06-12 13:25:00,86.4
2025-06-12 05:35:00,50.10277843742579
2025-06-12 11:23:00,4.0
2025-06-12 21:22:00,59.5
2025-06-12 03:36:00,47.6
2025-06-12 07:22:00,14.7
2025-06-12 00:27:00,97.4
2025-06-12 19:30:00,96.2
2025-06-12 02:18:00,99.3
2025-06-12 00:22:00,30.8
2025-06-12 01:20:00,44.1
2025-06-12 23:08:00,61.3
2025-06-12 04:57:00,4.1
2025-06-12 18:15:00,15.9
2025-06-12 10:16:00,28.2
2025-06-12 22:20:00,37.3
2025-06-12 21:30:00,28.4
2025-06-12 11:56:00,32.1
2025-06-12 06:48:00,50.10277843742579
2025-06-12 15:31:00,64.6
2025-06-12 21:42:00,33.3
2025-06-12 01:16:00,96.3
2025-06-12 13:35:00,59.0
2025-06-12 00:26:00,29.7
2025-06-12 09:17:00,50.10277843742579
2025-06-12 00:51:00,96.8
2025-06-12 21:12:00,20.3
2025-06-12 03:25:00,57.0
2025-06-12 20:48:00,72.5
2025-06-12 00:00:00,18.7
2025-06-12 11:58:00,66.6
2025-06-12 03:07:00,17.4
2025-06-12 05:15:00,25.8
2025-06-12 22:21:00,75.1
2025-06-12 01:31:00,72.6
2025-06-12 13:52:00,62.7
2025-06-12 07:19:00,58.9
2025-06-12 09:08:00,19.8
2025-06-12 00:30:00,6.6
2025-06-12 18:42:00,35.1
2025-06-12 16:24:00,84.0
2025-06-12 08:39:00,18.1
2025-06-12 18:53:00,39.6
2025-06-12 21:00:00,39.6
2025-06-12 10:07:00,54.0
2025-06-12 07:10:00,19.1
2025-06-12 22:25:00,74.6
2025-06-12 13:59:00,53.6
2025-06-12 04:01:00,77.8
2025-06-12 09:10:00,49.2
2025-06-12 13:44:00,49.85036359371334
2025-06-12 14:32:00,13.6
2025-06-12 18:24:00,54.0
2025-06-12 06:30:00,30.8
2025-06-12 00:39:00,11.7
2025-06-12 13:19:00,14.4
2025-06-12 13:30:00,49.85036359371334
2025-06-12 00:42:00,37.5
2025-06-12 06:44:00,24.6
2025-06-12 02:27:00,83.2
2025-06-12 10:07:00,93.3
2025-06-12 12:00:00,96.9
2025-06-12 23:14:00,68.1
2025-06-12 18:53:00,28.8
2025-06-12 18:17:00,69.5
2025-06-12 06:36:00,49.85036359371334
2025-06-12 03:59:00,37.9
2025-06-12 05:00:00,75.8
2025-06-12 03:20:00,84.5
2025-06-12 23:23:00,21.0
2025-06-12 03:58:00,94.0
2025-06-12 03:57:00,41.9
2025-06-12 03:21:00,35.2
2025-06-12 16:10:00,49.85036359371334
2025-06-12 07:48:00,85.1
2025-06-12 17:57:00,57.2
2025-06-12 20:44:00,40.3
2025-06-12 06:58:00,49.85036359371334
2025-06-12 21:56:00,49.85036359371334
2025-06-12 12:52:00,12.7
2025-06-12 00:57:00,4.2
2025-06-12 12:55:00,49.85036359371334
2025-06-12 16:09:00,49.1
2025-06-12 07:32:00,60.8
2025-06-12 08:40:00,96.3
2025-06-12 23:20:00,80.7
2025-06-12 19:46:00,57.7
2025-06-12 03:59:00,39.0
2025-06-12 02:46:00,61.3
2025-06-12 22:19:00,37.5
2025-06-12 00:01:00,77.7
2025-06-12 06:31:00,39.4
2025-06-12 02:44:00,28.3
2025-06-12 03:47:00,96.8
2025-06-12 06:53:00,0.2
2025-06-12 21:18:00,14.6
2025-06-12 22:32:00,77.1
2025-06-12 09:35:00,98.9
2025-06-12 10:29:00,62.6
2025-06-12 18:55:00,22.0
2025-06-12 20:21:00,78.3
2025-06-12 05:35:00,70.6
2025-06-12 01:08:00,49.85036359371334
2025-06-12 07:44:00,49.85036359371334
2025-06-12 20:23:00,68.1
2025-06-12 10:21:00,67.2
2025-06-12 11:10:00,49.85036359371334
2025-06-12 19:33:00,63.9
2025-06-12 20:45:00,38.2
2025-06-12 09:54:00,10.2
2025-06-12 02:35:00,95.9
2025-06-12 03:21:00,3.6
2025-06-12 01:57:00,33.2
2025-06-12 16:18:00,49.85036359371334
2025-06-12 08:29:00,3.8
2025-06-12 07:06:00,36.2
2025-06-12 01:23:00,12.7
2025-06-12 18:43:00,84.3
2025-06-12 23:03:00,49.85036359371334
2025-06-12 21:54:00,2.0
2025-06-12 06:52:00,46.6
2025-06-12 17:20:00,49.85036359371334
2025-06-12 13:20:00,2.6
2025-06-12 04:45:00,49.85036359371334
2025-06-12 20:53:00,49.85036359371334
2025-06-12 10:49:00,18.2
2025-06-12 04:13:00,6.9
2025-06-12 22:03:00,93.5
2025-06-12 05:31:00,59.7
2025-06-12 22:38:00,51.5
2025-06-12 04:51:00,57.4
2025-06-12 16:03:00,49.85036359371334
2025-06-12 23:57:00,94.4
2025-06-12 03:14:00,50.0
2025-06-12 06:19:00,22.2
2025-06-12 15:14:00,84.8
2025-06-12 14:19:00,49.85036359371334
2025-06-12 22:25:00,91.0
2025-06-12 18:42:00,40.9
2025-06-12 09:26:00,21.1
2025-06-12 12:11:00,49.85036359371334
2025-06-12 01:19:00,33.0
2025-06-12 17:57:00,11.5
2025-06-12 16:27:00,29.9
2025-06-12 10:37:00,55.6
2025-06-12 00:03:00,79.1
2025-06-12 13:08:00,13.7
2025-06-12 22:15:00,49.85036359371334
2025-06-12 17:43:00,42.4
2025-06-12 08:36:00,49.85036359371334
2025-06-12 23:12:00,49.85036359371334
2025-06-12 20:15:00,49.85036359371334
2025-06-12 08:12:00,78.7
2025-06-12 13:24:00,90.8
2025-06-12 07:05:00,66.7
2025-06-12 06:52:00,40.0
2025-06-12 19:40:00,49.85036359371334
2025-06-12 03:40:00,74.4
2025-06-12 21:57:00,42.0
2025-06-12 15:57:00,38.3
2025-06-12 06:56:00,90.8
2025-06-12 00:14:00,46.5
2025-06-12 12:21:00,48.6
2025-06-12 11:25:00,56.5
2025-06-12 19:14:00,59.4
2025-06-12 15:54:00,6.4
2025-06-12 21:07:00,14.2
2025-06-12 04:49:00,84.2
2025-06-12 09:01:00,97.4
2025-06-12 20:38:00,79.9
2025-06-12 17:37:00,86.8
2025-06-12 07:35:00,22.5
2025-06-12 13:40:00,14.7
2025-06-12 17:08:00,41.5
2025-06-12 21:10:00,55.4
2025-06-12 01:13:00,88.4
2025-06-12 14:08:00,43.6
2025-06-12 15:07:00,52.1
2025-06-12 23:15:00,49.85036359371334
2025-06-12 09:08:00,5.3
2025-06-12 15:49:00,13.1
2025-06-12 06:14:00,14.6
2025-06-12 17:53:00,36.8
2025-06-12 02:20:00,49.85036359371334
2025-06-12 21:15:00,53.1
2025-06-12 02:50:00,14.0
2025-06-12 04:55:00,68.8
2025-06-12 07:53:00,87.0
2025-06-12 07:10:00,32.7
2025-06-12 06:26:00,21.5
2025-06-12 10:28:00,49.85036359371334
2025-06-12 19:12:00,99.7
2025-06-12 15:23:00,24.5
2025-06-12 14:44:00,29.0
2025-06-12 10:41:00,71.7
2025-06-12 13:50:00,74.9
2025-06-12 02:47:00,89.0
2025-06-12 01:21:00,10.1
2025-06-12 21:23:00,14.1
2025-06-12 07:37:00,22.5
2025-06-12 07:53:00,66.1
2025-06-12 13:45:00,86.5
2025-06-12 04:48:00,54.4
2025-06-12 08:09:00,16.2
2025-06-12 19:15:00,68.4
2025-06-12 00:42:00,3.9
2025-06-12 18:34:00,26.9
2025-06-12 02:18:00,29.0
2025-06-12 07:17:00,91.7
2025-06-12 12:20:00,39.9
2025-06-12 11:52:00,35.9
2025-06-12 18:01:00,6.8
2025-06-12 17:12:00,24.3
2025-06-12 01:17:00,99.2
2025-06-12 00:07:00,59.7
2025-06-12 19:40:00,49.85036359371334
2025-06-12 13:30:00,13.5
2025-06-12 19:25:00,42.3
2025-06-12 00:54:00,61.5
2025-06-12 08:14:00,29.2
2025-06-12 20:23:00,41.8
2025-06-12 23:43:00,49.85036359371334
2025-06-12 00:34:00,1.2
2025-06-12 14:16:00,68.8
2025-06-12 10:14:00,21.8
2025-06-12 04:04:00,94.4
2025-06-12 02:21:00,9.5
2025-06-12 06:17:00,26.6
2025-06-12 16:33:00,49.85036359371334
2025-06-12 14:29:00,37.2
2025-06-12 10:37:00,31.3
2025-06-12 20:36:00,52.6
2025-06-12 09:37:00,25.1
2025-06-12 10:21:00,17.5
2025-06-12 09:55:00,42.8
2025-06-12 17:14:00,12.1
2025-06-12 14:15:00,2.9
2025-06-12 14:17:00,49.85036359371334
2025-06-12 09:37:00,49.5
2025-06-12 23:28:00,24.3
2025-06-12 23:38:00,29.2
2025-06-12 04:52:00,10.8
2025-06-12 13:41:00,91.2
2025-06-12 20:28:00,13.6
2025-06-12 10:42:00,33.4
2025-06-12 08:04:00,65.5
2025-06-12 20:05:00,83.4
2025-06-12 15:23:00,37.2
2025-06-12 16:26:00,52.6
2025-06-12 19:23:00,49.85036359371334
2025-06-12 08:39:00,19.4
2025-06-12 09:00:00,13.6
2025-06-12 00:40:00,86.8
2025-06-12 16:15:00,18.2
2025-06-12 18:03:00,67.2
2025-06-12 01:10:00,79.1
2025-06-12 21:50:00,47.3
2025-06-12 07:16:00,9.2
2025-06-12 09:33:00,8.2
2025-06-12 12:40:00,1.8
2025-06-12 23:08:00,88.1
2025-06-12 06:19:00,87.0
2025-06-12 14:02:00,85.1
2025-06-12 08:15:00,60.8
2025-06-12 14:35:00,49.8
2025-06-12 18:20:00,49.85036359371334
2025-06-12 01:05:00,49.85036359371334
2025-06-12 16:25:00,53.0
2025-06-12 18:02:00,18.9
2025-06-12 12:47:00,10.2
2025-06-12 12:25:00,49.85036359371334
2025-06-12 14:09:00,51.5
2025-06-12 20:27:00,49.85036359371334
2025-06-12 08:57:00,64.6
2025-06-12 09:09:00,57.0
2025-06-12 06:09:00,83.9
2025-06-12 14:02:00,2.7
2025-06-12 12:36:00,71.1
2025-06-12 10:20:00,13.6
2025-06-12 22:42:00,96.8
2025-06-12 05:41:00,49.85036359371334
2025-06-12 04:04:00,80.9
2025-06-12 04:57:00,79.0
2025-06-12 21:32:00,49.85036359371334
2025-06-12 08:36:00,49.6
2025-06-12 22:18:00,76.2
2025-06-12 05:48:00,73.1
2025-06-12 08:09:00,49.85036359371334
2025-06-12 05:58:00,66.2
2025-06-12 01:23:00,28.9
2025-06-12 16:22:00,36.4
2025-06-12 15:59:00,79.1
2025-06-12 00:43:00,97.5
2025-06-12 21:39:00,33.5
2025-06-12 18:42:00,49.85036359371334
2025-06-12 13:48:00,93.4
2025-06-12 20:09:00,79.6
2025-06-12 03:55:00,75.4
2025-06-12 02:53:00,60.9
2025-06-12 23:25:00,51.2
2025-06-12 17:31:00,45.4
2025-06-12 00:33:00,35.0
2025-06-12 02:23:00,64.0
2025-06-12 00:21:00,56.4
2025-06-12 15:44:00,39.5
2025-06-12 04:12:00,28.1
2025-06-12 22:44:00,16.8
2025-06-12 07:45:00,17.9
2025-06-12 22:14:00,46.4
2025-06-12 18:58:00,33.0
2025-06-12 22:08:00,8.4
2025-06-12 15:45:00,94.0
2025-06-12 08:42:00,49.85036359371334
2025-06-12 21:01:00,97.4
2025-06-12 23:06:00,98.9
2025-06-12 20:09:00,64.2
2025-06-12 15:27:00,14.7
2025-06-12 08:19:00,41.0
2025-06-12 17:32:00,30.8
2025-06-12 10:26:00,57.4
2025-06-12 15:32:00,45.6
2025-06-12 11:26:00,68.5
2025-06-12 14:35:00,88.3
2025-06-12 04:19:00,49.85036359371334
2025-06-12 01:02:00,49.85036359371334
2025-06-12 12:44:00,94.2
2025-06-12 23:49:00,15.5
2025-06-12 19:15:00,25.8
2025-06-12 04:45:00,75.8
2025-06-12 02:56:00,49.85036359371334
2025-06-12 20:50:00,26.3
2025-06-12 09:53:00,3.2
2025-06-12 00:54:00,63.2
2025-06-12 19:28:00,9.6
2025-06-12 15:26:00,58.4
2025-06-12 00:30:00,39.5
2025-06-12 19:23:00,76.6
2025-06-12 10:13:00,25.9
2025-06-12 00:31:00,44.8
2025-06-12 15:37:00,51.2
2025-06-12 13:10:00,16.4
2025-06-12 07:05:00,0.5
2025-06-12 14:12:00,62.3
2025-06-12 03:18:00,18.6
2025-06-12 10:23:00,6.5
2025-06-12 03:51:00,49.85036359371334
2025-06-12 21:14:00,92.4
2025-06-12 12:20:00,70.2
2025-06-12 09:14:00,55.6
2025-06-12 06:14:00,34.4
2025-06-12 03:07:00,86.8
2025-06-12 08:23:00,72.8
2025-06-12 15:17:00,35.5
2025-06-12 05:33:00,31.6
2025-06-12 16:06:00,1.9
2025-06-12 23:59:00,78.7
2025-06-12 10:16:00,63.6
2025-06-12 00:25:00,28.5
2025-06-12 15:31:00,0.9
2025-06-12 08:12:00,65.3
2025-06-12 05:10:00,11.3
2025-06-12 03:12:00,26.1
2025-06-12 06:58:00,45.7
2025-06-12 06:03:00,68.6
2025-06-12 01:31:00,21.1
2025-06-12 20:50:00,42.2
2025-06-12 15:17:00,65.0
2025-06-12 13:18:00,49.85036359371334
2025-06-12 08:52:00,23.5
2025-06-12 12:34:00,40.8
2025-06-12 12:04:00,22.3
2025-06-12 03:57:00,74.2
2025-06-12 09:10:00,36.8
2025-06-12 10:28:00,56.5
2025-06-12 06:23:00,49.85036359371334
2025-06-12 13:35:00,63.7
2025-06-12 19:15:00,54.5
2025-06-12 08:36:00,39.5
2025-06-12 15:34:00,67.1
2025-06-12 04:03:00,77.7
2025-06-12 20:50:00,8.4
2025-06-12 07:40:00,19.1
2025-06-12 21:30:00,63.0
2025-06-12 03:36:00,40.9
2025-06-12 02:25:00,86.4
2025-06-12 07:34:00,1.3
2025-06-12 04:16:00,65.0
2025-06-12 01:02:00,21.6
2025-06-12 19:37:00,7.1
2025-06-12 11:08:00,39.3
2025-06-12 21:35:00,26.3
2025-06-12 23:21:00,29.0
2025-06-12 17:41:00,83.0
2025-06-12 01:25:00,49.85036359371334
2025-06-12 20:33:00,24.9
2025-06-12 04:43:00,5.5
2025-06-12 08:54:00,61.4
2025-06-12 19:45:00,99.1
2025-06-12 18:43:00,38.8
2025-06-12 13:22:00,14.1
2025-06-12 15:37:00,51.3
2025-06-12 04:07:00,19.6
2025-06-12 05:48:00,41.1
2025-06-12 01:36:00,25.2
2025-06-12 12:05:00,40.7
2025-06-12 02:21:00,16.3
2025-06-12 22:26:00,93.0
2025-06-12 17:30:00,100.0
2025-06-12 18:29:00,40.1
2025-06-12 02:15:00,68.8
2025-06-12 09:52:00,2.6
2025-06-12 23:16:00,8.2
2025-06-12 07:54:00,11.4
2025-06-12 13:24:00,37.4
2025-06-12 09:24:00,21.4
2025-06-12 08:42:00,51.3
2025-06-12 20:24:00,50.02337935876432
2025-06-12 02:25:00,93.4
2025-06-12 17:25:00,50.02337935876432
2025-06-12 15:36:00,71.3
2025-06-12 12:39:00,60.8
2025-06-12 11:25:00,54.0
2025-06-12 16:46:00,98.7
2025-06-12 02:25:00,18.7
2025-06-12 07:07:00,61.5
2025-06-12 02:09:00,12.5
2025-06-12 13:30:00,39.3
2025-06-12 03:07:00,16.8
2025-06-12 18:42:00,71.3
2025-06-12 19:57:00,50.02337935876432
2025-06-12 08:31:00,50.02337935876432
2025-06-12 12:35:00,7.9
2025-06-12 23:53:00,33.1
2025-06-12 08:34:00,50.02337935876432
2025-06-12 11:47:00,84.6
2025-06-12 12:52:00,33.0
2025-06-12 23:35:00,99.0
2025-06-12 18:49:00,4.6
2025-06-12 06:45:00,50.02337935876432
2025-06-12 08:04:00,58.6
2025-06-12 08:21:00,14.1
2025-06-12 07:26:00,6.1
2025-06-12 04:57:00,50.02337935876432
2025-06-12 18:10:00,52.3
2025-06-12 20:44:00,87.2
2025-06-12 10:39:00,27.2
2025-06-12 02:44:00,58.7
2025-06-12 01:33:00,17.8
2025-06-12 14:27:00,13.7
2025-06-12 16:27:00,94.5
2025-06-12 14:34:00,50.02337935876432
2025-06-12 01:48:00,50.02337935876432
2025-06-12 13:02:00,75.4
2025-06-12 23:08:00,50.02337935876432
2025-06-12 22:24:00,50.02337935876432
2025-06-12 15:53:00,50.02337935876432
2025-06-12 07:00:00,55.2
2025-06-12 09:49:00,14.3
2025-06-12 16:50:00,39.7
2025-06-12 14:35:00,73.9
2025-06-12 05:33:00,25.7
2025-06-12 13:42:00,82.3
2025-06-12 18:41:00,93.9
2025-06-12 05:20:00,62.3
2025-06-12 19:09:00,3.6
2025-06-12 18:05:00,9.5
2025-06-12 23:10:00,34.4
2025-06-12 10:53:00,50.02337935876432
2025-06-12 00:51:00,68.6
2025-06-12 22:25:00,29.0
2025-06-12 09:32:00,36.3
2025-06-12 20:59:00,50.02337935876432
2025-06-12 06:19:00,91.1
2025-06-12 01:17:00,50.02337935876432
2025-06-12 23:48:00,31.5
2025-06-12 12:21:00,47.1
2025-06-12 00:13:00,81.7
2025-06-12 04:40:00,82.1
2025-06-12 18:49:00,69.6
2025-06-12 03:13:00,54.2
2025-06-12 03:55:00,69.2
2025-06-12 09:23:00,92.6
2025-06-12 22:29:00,97.4
2025-06-12 07:48:00,40.8
2025-06-12 17:43:00,94.5
2025-06-12 18:06:00,76.4
2025-06-12 03:29:00,33.2
2025-06-12 02:15:00,17.7
2025-06-12 08:53:00,50.02337935876432
2025-06-12 14:02:00,78.5
2025-06-12 09:29:00,38.2
2025-06-12 06:43:00,50.02337935876432
2025-06-12 14:38:00,50.02337935876432
2025-06-12 09:08:00,61.1
2025-06-12 00:32:00,43.0
2025-06-12 02:57:00,46.8
2025-06-12 09:24:00,13.5
2025-06-12 21:10:00,10.3
2025-06-12 01:49:00,15.9
2025-06-12 07:04:00,46.8
2025-06-12 17:25:00,50.0
2025-06-12 01:28:00,77.0
2025-06-12 20:08:00,50.02337935876432
2025-06-12 08:26:00,81.0
2025-06-12 11:00:00,39.5
2025-06-12 15:27:00,80.7
2025-06-12 10:58:00,25.2
2025-06-12 06:25:00,12.3
2025-06-12 21:00:00,88.8
2025-06-12 09:55:00,44.5
2025-06-12 23:07:00,18.0
2025-06-12 23:51:00,1.5
2025-06-12 07:07:00,50.02337935876432
2025-06-12 05:58:00,13.4
2025-06-12 01:03:00,10.9
2025-06-12 02:54:00,50.02337935876432
2025-06-12 18:16:00,50.02337935876432
2025-06-12 09:11:00,73.3
2025-06-12 11:56:00,16.5
2025-06-12 04:26:00,56.1
2025-06-12 04:22:00,29.3
2025-06-12 00:36:00,50.02337935876432
2025-06-12 02:24:00,84.5
2025-06-12 21:56:00,34.6
2025-06-12 20:36:00,7.5
2025-06-12 14:40:00,96.7
2025-06-12 20:06:00,92.6
2025-06-12 21:30:00,50.02337935876432
2025-06-12 17:16:00,92.7
2025-06-12 10:18:00,91.1
2025-06-12 14:55:00,58.4
2025-06-12 20:06:00,76.0
2025-06-12 23:58:00,19.5
2025-06-12 15:19:00,77.6
2025-06-12 03:05:00,37.2
2025-06-12 10:01:00,72.2
2025-06-12 05:20:00,63.9
2025-06-12 11:13:00,21.4
2025-06-12 03:52:00,22.2
2025-06-12 08:32:00,54.0
2025-06-12 18:38:00,6.6
2025-06-12 21:51:00,97.9
2025-06-12 16:55:00,50.02337935876432
2025-06-12 04:30:00,50.02337935876432
2025-06-12 00:48:00,12.3
2025-06-12 06:53:00,23.7
2025-06-12 16:19:00,94.5
2025-06-12 03:05:00,26.4
2025-06-12 11:48:00,64.1
2025-06-12 19:53:00,86.8
2025-06-12 17:17:00,70.0
2025-06-12 21:46:00,84.5
2025-06-12 12:48:00,50.6
2025-06-12 06:20:00,4.7
2025-06-12 11:38:00,73.3
2025-06-12 14:07:00,28.7
2025-06-12 22:03:00,82.6
2025-06-12 14:06:00,49.6
2025-06-12 10:44:00,63.3
2025-06-12 14:59:00,80.3
2025-06-12 18:32:00,79.2
2025-06-12 08:01:00,8.6
2025-06-12 10:32:00,6.8
2025-06-12 01:54:00,50.02337935876432
2025-06-12 14:43:00,73.3
2025-06-12 06:14:00,89.4
2025-06-12 06:09:00,48.6
2025-06-12 16:44:00,26.7
2025-06-12 13:03:00,28.1
2025-06-12 06:07:00,18.4
2025-06-12 05:12:00,12.8
2025-06-12 02:07:00,93.8
2025-06-12 15:44:00,97.1
2025-06-12 19:36:00,76.8
2025-06-12 19:23:00,10.7
2025-06-12 16:54:00,16.8
2025-06-12 10:20:00,50.02337935876432
2025-06-12 18:22:00,50.02337935876432
2025-06-12 23:52:00,65.9
2025-06-12 06:50:00,62.7
2025-06-12 17:06:00,36.1
2025-06-12 11:38:00,69.7
2025-06-12 02:35:00,1.8
2025-06-12 11:40:00,93.5
2025-06-12 22:11:00,55.4
2025-06-12 04:15:00,56.5
2025-06-12 20:38:00,22.2
2025-06-12 11:24:00,66.3
2025-06-12 17:43:00,4.5
2025-06-12 17:26:00,13.1
2025-06-12 04:19:00,70.9
2025-06-12 02:41:00,42.7
2025-06-12 16:19:00,10.0
2025-06-12 20:56:00,92.9
2025-06-12 15:58:00,4.1
2025-06-12 21:30:00,56.9
2025-06-12 02:37:00,70.8
2025-06-12 12:03:00,47.2
2025-06-12 12:43:00,85.6
2025-06-12 04:28:00,21.1
2025-06-12 18:58:00,50.02337935876432
2025-06-12 01:03:00,84.3
2025-06-12 18:40:00,1.5
2025-06-12 18:17:00,6.0
2025-06-12 18:16:00,20.0
2025-06-12 18:31:00,10.9
2025-06-12 21:22:00,51.6
2025-06-12 06:42:00,28.3
2025-06-12 19:40:00,41.5
2025-06-12 05:31:00,50.02337935876432
2025-06-12 16:48:00,50.02337935876432
2025-06-12 03:37:00,77.6
2025-06-12 02:38:00,53.3
2025-06-12 17:51:00,19.1
2025-06-12 04:47:00,49.6
2025-06-12 10:27:00,50.02337935876432
2025-06-12 17:28:00,55.6
2025-06-12 18:56:00,83.9
2025-06-12 19:53:00,50.02337935876432
2025-06-12 03:31:00,50.02337935876432
2025-06-12 22:50:00,50.02337935876432
2025-06-12 12:49:00,35.1
2025-06-12 09:29:00,39.8
2025-06-12 05:18:00,50.02337935876432
2025-06-12 16:40:00,96.5
2025-06-12 20:44:00,78.1
2025-06-12 01:27:00,45.3
2025-06-12 00:32:00,89.8
2025-06-12 19:43:00,37.8
2025-06-12 08:28:00,22.6
2025-06-12 02:21:00,9.3
2025-06-12 03:58:00,22.4
2025-06-12 04:20:00,88.2
2025-06-12 21:44:00,94.8
2025-06-12 19:56:00,50.02337935876432
2025-06-12 19:36:00,2.1
2025-06-12 19:17:00,98.4
2025-06-12 05:22:00,50.02337935876432
2025-06-12 01:55:00,50.02337935876432
2025-06-12 02:12:00,50.02337935876432
2025-06-12 10:20:00,57.1
2025-06-12 02:11:00,50.02337935876432
2025-06-12 12:10:00,50.6
2025-06-12 17:11:00,68.5
2025-06-12 11:47:00,88.0
2025-06-12 05:51:00,6.0
2025-06-12 20:00:00,41.4
2025-06-12 13:36:00,64.9
2025-06-12 14:40:00,90.5
2025-06-12 04:14:00,99.4
2025-06-12 06:24:00,5.1
2025-06-12 08:26:00,3.8
2025-06-12 23:01:00,50.02337935876432
2025-06-12 09:20:00,50.02337935876432
2025-06-12 18:51:00,31.1
2025-06-12 02:57:00,60.3
2025-06-12 19:26:00,50.02337935876432
2025-06-12 14:42:00,8.1
2025-06-12 22:44:00,78.7
2025-06-12 15:41:00,98.4
2025-06-12 05:39:00,72.5
2025-06-12 15:50:00,73.1
2025-06-12 06:15:00,50.02337935876432
2025-06-12 14:03:00,99.3
2025-06-12 20:53:00,18.1
2025-06-12 16:33:00,79.0
2025-06-12 18:32:00,83.5
2025-06-12 02:12:00,95.1
2025-06-12 03:14:00,35.1
2025-06-12 05:25:00,50.02337935876432
2025-06-12 22:44:00,81.4
2025-06-12 08:33:00,50.02337935876432
2025-06-12 21:23:00,75.3
2025-06-12 08:58:00,50.02337935876432
2025-06-12 16:17:00,28.6
2025-06-12 00:54:00,59.3
2025-06-12 20:11:00,21.3
2025-06-12 21:36:00,78.6
2025-06-12 07:05:00,7.0
2025-06-12 11:56:00,72.2
2025-06-12 07:29:00,50.02337935876432
2025-06-12 19:36:00,97.4
2025-06-12 17:32:00,27.2
2025-06-12 10:58:00,31.0
2025-06-12 12:07:00,62.9
2025-06-12 12:47:00,83.4
2025-06-12 15:58:00,22.0
2025-06-12 09:58:00,50.02337935876432
2025-06-12 11:11:00,20.8
2025-06-12 22:46:00,14.5
2025-06-12 03:43:00,45.5
2025-06-12 18:27:00,83.8
2025-06-12 14:36:00,50.02337935876432
2025-06-12 00:41:00,50.02337935876432
2025-06-12 14:09:00,42.0
2025-06-12 10:18:00,94.4
2025-06-12 20:13:00,76.9
2025-06-12 11:19:00,75.6
2025-06-12 06:51:00,91.9
2025-06-12 21:28:00,93.8
2025-06-12 07:46:00,52.4
2025-06-12 22:46:00,45.8
2025-06-12 10:41:00,8.3
2025-06-12 12:15:00,43.7
2025-06-12 06:35:00,7.7
2025-06-12 23:17:00,79.5
2025-06-12 15:15:00,11.7
2025-06-12 09:45:00,4.3
2025-06-12 00:43:00,90.9
2025-06-12 02:32:00,37.5
2025-06-12 08:17:00,41.1
2025-06-12 10:09:00,93.7
2025-06-12 09:10:00,68.1
2025-06-12 22:51:00,53.8
2025-06-12 10:59:00,74.8
2025-06-12 12:01:00,52.0
2025-06-12 07:03:00,60.3
2025-06-12 20:55:00,22.2
2025-06-12 17:22:00,10.2
2025-06-12 17:46:00,9.9
2025-06-12 12:17:00,79.8
2025-06-12 14:59:00,44.4
2025-06-12 15:44:00,73.1
2025-06-12 18:23:00,47.4
2025-06-12 04:23:00,70.7
2025-06-12 02:48:00,4.3
2025-06-12 09:29:00,26.0
2025-06-12 19:13:00,5.2
2025-06-12 23:27:00,50.19809456598448
2025-06-12 13:08:00,98.9
2025-06-12 12:02:00,50.19809456598448
2025-06-12 19:11:00,23.6
2025-06-12 07:18:00,25.6
2025-06-12 16:23:00,39.4
2025-06-12 12:49:00,50.19809456598448
2025-06-12 11:31:00,29.9
2025-06-12 07:48:00,78.3
2025-06-12 05:45:00,72.0
2025-06-12 13:45:00,95.0
2025-06-12 00:45:00,2.9
2025-06-12 12:40:00,64.6
2025-06-12 05:33:00,33.5
2025-06-12 05:23:00,19.4
2025-06-12 14:24:00,51.1
2025-06-12 05:35:00,45.6
2025-06-12 06:08:00,42.0
2025-06-12 16:40:00,98.6
2025-06-12 16:15:00,15.5
2025-06-12 07:48:00,50.19809456598448
2025-06-12 14:50:00,76.2
2025-06-12 01:59:00,99.0
2025-06-12 02:58:00,99.9
2025-06-12 18:00:00,81.0
2025-06-12 19:54:00,24.9
2025-06-12 13:55:00,98.7
2025-06-12 15:19:00,50.19809456598448
2025-06-12 03:54:00,25.7
2025-06-12 11:22:00,67.6
2025-06-12 16:39:00,74.3
2025-06-12 03:49:00,46.3
2025-06-12 01:06:00,4.7
2025-06-12 06:29:00,16.9
2025-06-12 19:51:00,38.4
2025-06-12 22:16:00,24.0
2025-06-12 04:19:00,73.8
2025-06-12 17:58:00,34.6
2025-06-12 18:45:00,82.0
2025-06-12 03:33:00,8.3
2025-06-12 11:26:00,34.9
2025-06-12 18:18:00,66.4
2025-06-12 11:43:00,50.19809456598448
2025-06-12 22:17:00,58.7
2025-06-12 18:45:00,50.19809456598448
2025-06-12 03:50:00,50.19809456598448
2025-06-12 13:04:00,68.9
2025-06-12 18:45:00,93.0
2025-06-12 16:12:00,62.4
2025-06-12 02:41:00,37.2
2025-06-12 23:45:00,50.19809456598448
2025-06-12 19:14:00,8.5
2025-06-12 12:10:00,59.6
2025-06-12 01:12:00,69.0
2025-06-12 16:53:00,78.4
2025-06-12 11:45:00,19.0
2025-06-12 22:10:00,50.19809456598448
2025-06-12 21:24:00,71.2
2025-06-12 23:57:00,17.7
2025-06-12 02:14:00,69.8
2025-06-12 13:37:00,92.3
2025-06-12 18:05:00,62.9
2025-06-12 22:31:00,52.6
2025-06-12 00:42:00,50.19809456598448
2025-06-12 14:47:00,96.2
2025-06-12 14:50:00,19.6
2025-06-12 19:02:00,55.3
2025-06-12 09:29:00,23.7
2025-06-12 01:03:00,15.7
2025-06-12 09:52:00,57.2
2025-06-12 14:46:00,53.3
2025-06-12 05:08:00,84.0
2025-06-12 05:09:00,7.2
2025-06-12 10:52:00,55.3
2025-06-12 05:28:00,7.2
2025-06-12 22:33:00,17.1
2025-06-12 18:40:00,27.4
2025-06-12 04:24:00,7.1
2025-06-12 08:57:00,12.4
2025-06-12 01:12:00,29.0
2025-06-12 16:46:00,49.4
2025-06-12 07:25:00,71.6
2025-06-12 22:33:00,51.7
2025-06-12 06:11:00,12.4
2025-06-12 20:01:00,50.19809456598448
2025-06-12 07:19:00,66.4
2025-06-12 17:44:00,50.19809456598448
2025-06-12 22:11:00,25.6
2025-06-12 18:36:00,32.3
2025-06-12 14:56:00,51.0
2025-06-12 14:03:00,81.1
2025-06-12 12:47:00,46.2
2025-06-12 06:51:00,62.9
2025-06-12 06:17:00,28.6
2025-06-12 23:59:00,50.19809456598448
2025-06-12 16:12:00,90.5
2025-06-12 17:45:00,36.5
2025-06-12 16:22:00,8.6
2025-06-12 13:19:00,22.5
2025-06-12 18:42:00,74.5
2025-06-12 13:05:00,54.8
2025-06-12 02:41:00,50.19809456598448
2025-06-12 22:15:00,96.1
2025-06-12 22:48:00,9.4
2025-06-12 17:14:00,50.19809456598448
2025-06-12 17:24:00,70.2
2025-06-12 12:05:00,83.6
2025-06-12 20:26:00,16.7
2025-06-12 00:14:00,18.0
2025-06-12 23:33:00,50.19809456598448
2025-06-12 01:33:00,8.7
2025-06-12 13:00:00,81.1
2025-06-12 13:34:00,27.6
2025-06-12 13:46:00,50.19809456598448
2025-06-12 07:48:00,52.6
2025-06-12 06:14:00,76.8
2025-06-12 17:12:00,50.19809456598448
2025-06-12 23:19:00,5.2
2025-06-12 15:48:00,80.3
2025-06-12 12:04:00,60.9
2025-06-12 18:02:00,20.4
2025-06-12 03:25:00,65.5
2025-06-12 00:26:00,50.19809456598448
2025-06-12 13:52:00,33.0
2025-06-12 21:55:00,47.3
2025-06-12 14:08:00,74.9
2025-06-12 20:03:00,50.19809456598448
2025-06-12 19:11:00,49.0
2025-06-12 08:36:00,47.5
2025-06-12 23:02:00,99.2
2025-06-12 12:49:00,96.4
2025-06-12 07:39:00,53.4
2025-06-12 19:54:00,59.0
2025-06-12 01:55:00,85.0
2025-06-12 06:08:00,80.2
2025-06-12 14:34:00,60.2
2025-06-12 09:17:00,94.9
2025-06-12 11:38:00,5.4
2025-06-12 13:48:00,50.19809456598448
2025-06-12 08:07:00,40.4
2025-06-12 13:28:00,38.9
2025-06-12 19:16:00,33.5
2025-06-12 17:32:00,8.5
2025-06-12 13:04:00,50.19809456598448
2025-06-12 06:38:00,65.2
2025-06-12 14:24:00,17.5
2025-06-12 17:52:00,96.0
2025-06-12 06:23:00,48.9
2025-06-12 00:03:00,98.5
2025-06-12 08:12:00,32.2
2025-06-12 17:07:00,50.19809456598448
2025-06-12 21:32:00,31.1
2025-06-12 15:10:00,43.9
2025-06-12 01:57:00,50.19809456598448
2025-06-12 04:35:00,18.3
2025-06-12 21:47:00,45.2
2025-06-12 22:08:00,27.5
2025-06-12 16:58:00,50.19809456598448
2025-06-12 19:29:00,91.1
2025-06-12 09:46:00,12.2
2025-06-12 02:01:00,77.7
2025-06-12 07:07:00,85.6
2025-06-12 00:27:00,49.7
2025-06-12 14:00:00,7.4
2025-06-12 15:45:00,43.2
2025-06-12 10:54:00,58.8
2025-06-12 06:58:00,13.4
2025-06-12 23:39:00,72.7
2025-06-12 11:49:00,58.4
2025-06-12 16:03:00,69.8
2025-06-12 23:22:00,35.1
2025-06-12 21:16:00,77.8
2025-06-12 09:41:00,29.0
2025-06-12 01:51:00,50.19809456598448
2025-06-12 01:23:00,8.9
2025-06-12 20:53:00,98.6
2025-06-12 06:29:00,93.3
2025-06-12 20:29:00,32.7
2025-06-12 05:16:00,43.8
2025-06-12 09:32:00,44.3
2025-06-12 04:16:00,50.19809456598448
2025-06-12 16:43:00,60.6
2025-06-12 21:55:00,28.8
2025-06-12 18:08:00,28.1
2025-06-12 12:47:00,62.6
2025-06-12 00:41:00,36.7
2025-06-12 22:36:00,50.19809456598448
2025-06-12 11:05:00,82.4
2025-06-12 18:56:00,61.0
2025-06-12 00:31:00,89.9
2025-06-12 09:56:00,22.8
2025-06-12 21:24:00,47.4
2025-06-12 10:12:00,50.19809456598448
2025-06-12 06:32:00,9.7
2025-06-12 01:23:00,34.6
2025-06-12 21:13:00,50.19809456598448
2025-06-12 07:59:00,78.0
2025-06-12 06:45:00,74.8
2025-06-12 00:49:00,35.2
2025-06-12 11:06:00,79.8
2025-06-12 12:44:00,67.7
2025-06-12 01:21:00,71.3
2025-06-12 05:58:00,97.1
2025-06-12 11:19:00,64.8
2025-06-12 16:10:00,93.6
2025-06-12 01:32:00,97.3
2025-06-12 21:22:00,2.2
2025-06-12 08:50:00,50.19809456598448
2025-06-12 14:06:00,58.5
2025-06-12 19:41:00,33.7
2025-06-12 19:16:00,92.2
2025-06-12 15:08:00,50.19809456598448
2025-06-12 10:27:00,24.8
2025-06-12 06:56:00,47.0
2025-06-12 17:12:00,7.4
2025-06-12 05:49:00,89.2
2025-06-12 18:15:00,91.0
2025-06-12 03:48:00,69.3
2025-06-12 20:48:00,30.3
2025-06-12 18:15:00,24.5
2025-06-12 14:56:00,99.3
2025-06-12 05:51:00,29.1
2025-06-12 03:37:00,50.19809456598448
2025-06-12 03:22:00,25.9
2025-06-12 16:10:00,33.5
2025-06-12 06:54:00,97.6
2025-06-12 14:04:00,6.9
2025-06-12 19:05:00,37.9
2025-06-12 12:57:00,67.6
2025-06-12 21:59:00,46.1
2025-06-12 23:14:00,32.5
2025-06-12 11:35:00,20.7
2025-06-12 16:31:00,97.0
2025-06-12 21:17:00,53.4
2025-06-12 16:01:00,47.0
2025-06-12 07:48:00,12.4
2025-06-12 02:02:00,93.1
2025-06-12 00:12:00,36.9
2025-06-12 18:26:00,46.6
2025-06-12 21:54:00,51.4
2025-06-12 18:49:00,37.9
2025-06-12 06:39:00,61.4
2025-06-12 19:08:00,63.0
2025-06-12 18:33:00,99.2
2025-06-12 19:55:00,50.19809456598448
2025-06-12 13:36:00,50.19809456598448
2025-06-12 07:36:00,97.8
2025-06-12 20:21:00,51.9
2025-06-12 16:51:00,39.7
2025-06-12 10:25:00,50.19809456598448
2025-06-12 20:43:00,61.1
2025-06-12 22:47:00,50.19809456598448
2025-06-12 11:48:00,56.4
2025-06-12 02:48:00,82.2
2025-06-12 09:27:00,36.0
2025-06-12 01:37:00,62.0
2025-06-12 04:35:00,50.19809456598448
2025-06-12 20:47:00,39.2
2025-06-12 13:56:00,50.19809456598448
2025-06-12 02:16:00,0.6
2025-06-12 07:17:00,5.0
2025-06-12 04:44:00,45.1
2025-06-12 19:23:00,6.3
2025-06-12 09:54:00,79.1
2025-06-12 13:08:00,80.4
2025-06-12 09:26:00,18.7
2025-06-12 02:50:00,36.6
2025-06-12 05:31:00,76.5
2025-06-12 14:58:00,66.6
2025-06-12 04:15:00,50.19809456598448
2025-06-12 05:56:00,57.5
2025-06-12 03:01:00,8.2
2025-06-12 18:34:00,10.2
2025-06-12 09:37:00,3.7
2025-06-12 02:14:00,6.5
2025-06-12 10:41:00,50.19809456598448
2025-06-12 14:14:00,50.19809456598448
2025-06-12 07:03:00,53.5
2025-06-12 09:36:00,33.7
2025-06-12 03:57:00,81.8
2025-06-12 02:12:00,18.9
2025-06-12 12:17:00,50.19809456598448
2025-06-12 18:22:00,45.6
2025-06-12 02:49:00,16.1
2025-06-12 20:47:00,50.19809456598448
2025-06-12 05:04:00,24.1
2025-06-12 08:56:00,78.4
2025-06-12 14:59:00,19.2
2025-06-12 00:39:00,50.19809456598448
2025-06-12 08:27:00,12.6
2025-06-12 04:48:00,50.19809456598448
2025-06-12 03:08:00,19.3
2025-06-12 14:43:00,39.3
2025-06-12 03:04:00,71.1
2025-06-12 18:20:00,73.9
2025-06-12 10:34:00,32.4
2025-06-12 16:38:00,3.9
2025-06-12 16:23:00,95.9
2025-06-12 12:40:00,25.3
2025-06-12 07:40:00,36.1
2025-06-12 13:17:00,50.19809456598448
2025-06-12 12:23:00,47.6
2025-06-12 21:04:00,50.19809456598448
2025-06-12 17:03:00,33.5
2025-06-12 19:33:00,47.3
2025-06-12 10:10:00,59.9
2025-06-12 21:11:00,57.7
2025-06-12 01:54:00,10.5
2025-06-12 16:11:00,84.9
2025-06-12 14:41:00,45.9
2025-06-12 20:48:00,80.5
2025-06-12 10:24:00,83.0
2025-06-12 22:13:00,5.4
2025-06-12 08:21:00,52.5
2025-06-12 05:59:00,80.5
2025-06-12 06:31:00,74.1
2025-06-12 16:14:00,56.0
2025-06-12 04:38:00,66.7
2025-06-12 16:18:00,80.9
2025-06-12 07:58:00,88.7
2025-06-12 01:47:00,49.54486036141751
2025-06-12 14:20:00,89.8
2025-06-12 18:34:00,53.7
2025-06-12 08:35:00,55.5
2025-06-12 12:23:00,96.3
2025-06-12 01:46:00,30.3
2025-06-12 20:29:00,51.2
2025-06-12 12:18:00,26.8
2025-06-12 12:38:00,66.1
2025-06-12 07:21:00,31.5
2025-06-12 16:31:00,90.4
2025-06-12 02:19:00,90.2
2025-06-12 05:49:00,91.5
2025-06-12 23:21:00,4.2
2025-06-12 10:13:00,23.1
2025-06-12 15:19:00,74.2
2025-06-12 23:25:00,32.3
2025-06-12 02:01:00,86.9
2025-06-12 13:40:00,59.8
2025-06-12 05:55:00,98.7
2025-06-12 10:00:00,93.1
2025-06-12 14:42:00,96.0
2025-06-12 11:45:00,17.1
2025-06-12 06:30:00,50.8
2025-06-12 03:27:00,49.54486036141751
2025-06-12 16:29:00,85.8
2025-06-12 20:48:00,33.2
2025-06-12 11:23:00,89.1
2025-06-12 23:37:00,49.54486036141751
2025-06-12 02:09:00,51.3
2025-06-12 00:45:00,47.6
2025-06-12 15:32:00,61.0
2025-06-12 03:28:00,65.9
2025-06-12 00:59:00,11.0
2025-06-12 09:08:00,87.3
2025-06-12 05:51:00,90.6
2025-06-12 00:49:00,83.2
2025-06-12 14:40:00,77.1
2025-06-12 20:38:00,49.54486036141751
2025-06-12 02:16:00,20.3
2025-06-12 04:30:00,8.9
2025-06-12 07:47:00,81.0
2025-06-12 14:47:00,71.5
2025-06-12 06:49:00,23.2
2025-06-12 02:41:00,72.8
2025-06-12 01:41:00,89.2
2025-06-12 08:05:00,65.7
2025-06-12 23:52:00,61.3
2025-06-12 14:07:00,43.7
2025-06-12 18:05:00,0.2
2025-06-12 08:52:00,49.54486036141751
2025-06-12 16:52:00,23.0
2025-06-12 13:46:00,35.4
2025-06-12 19:35:00,9.1
2025-06-12 05:22:00,57.4
2025-06-12 05:34:00,19.9
2025-06-12 21:05:00,23.1
2025-06-12 05:18:00,24.9
2025-06-12 21:08:00,62.7
2025-06-12 21:22:00,84.2
2025-06-12 12:15:00,66.4
2025-06-12 18:26:00,60.0
2025-06-12 06:27:00,49.54486036141751
2025-06-12 11:01:00,78.5
2025-06-12 09:43:00,24.8
2025-06-12 18:20:00,78.5
2025-06-12 15:41:00,25.2
2025-06-12 20:25:00,71.1
2025-06-12 23:01:00,27.1
2025-06-12 17:13:00,29.4
2025-06-12 10:08:00,49.54486036141751
2025-06-12 11:07:00,49.54486036141751
2025-06-12 09:40:00,47.6
2025-06-12 09:21:00,49.54486036141751
2025-06-12 05:22:00,69.0
2025-06-12 13:20:00,98.1
2025-06-12 15:37:00,41.4
2025-06-12 17:46:00,3.6
2025-06-12 20:25:00,61.2
2025-06-12 23:41:00,51.8
2025-06-12 18:28:00,84.4
2025-06-12 12:36:00,68.2
2025-06-12 23:07:00,19.8
2025-06-12 10:05:00,40.0
2025-06-12 09:20:00,60.7
2025-06-12 18:00:00,49.1
2025-06-12 04:33:00,96.3
2025-06-12 15:58:00,30.1
2025-06-12 15:12:00,17.6
2025-06-12 23:13:00,21.1
2025-06-12 07:27:00,95.4
2025-06-12 22:27:00,64.1
2025-06-12 07:48:00,91.8
2025-06-12 15:44:00,45.2
2025-06-12 10:44:00,47.2
2025-06-12 09:31:00,49.54486036141751
2025-06-12 12:07:00,4.2
2025-06-12 21:40:00,10.0
2025-06-12 17:18:00,48.0
2025-06-12 23:40:00,59.9
2025-06-12 18:58:00,49.54486036141751
2025-06-12 16:28:00,46.4
2025-06-12 02:03:00,52.6
2025-06-12 02:01:00,17.4
2025-06-12 15:47:00,56.0
2025-06-12 13:33:00,14.0
2025-06-12 09:14:00,58.8
2025-06-12 05:37:00,2.0
2025-06-12 09:50:00,49.54486036141751
2025-06-12 13:07:00,75.2
2025-06-12 03:11:00,49.54486036141751
2025-06-12 08:05:00,85.3
2025-06-12 13:32:00,84.0
2025-06-12 07:11:00,20.5
2025-06-12 16:12:00,29.1
2025-06-12 08:51:00,43.2
2025-06-12 21:04:00,69.9
2025-06-12 21:47:00,42.7
2025-06-12 13:28:00,21.8
2025-06-12 13:59:00,49.6
2025-06-12 01:23:00,64.7
2025-06-12 17:27:00,28.7
2025-06-12 00:24:00,22.3
2025-06-12 01:50:00,39.7
2025-06-12 12:51:00,85.5
2025-06-12 06:44:00,64.0
2025-06-12 00:39:00,49.54486036141751
2025-06-12 20:02:00,49.54486036141751
2025-06-12 11:50:00,49.54486036141751
2025-06-12 05:11:00,17.9
2025-06-12 04:01:00,36.3
2025-06-12 12:50:00,71.1
2025-06-12 02:00:00,3.6
2025-06-12 21:27:00,60.0
2025-06-12 12:45:00,49.54486036141751
2025-06-12 18:41:00,88.0
2025-06-12 17:50:00,39.0
2025-06-12 20:54:00,88.4
2025-06-12 00:32:00,63.7
2025-06-12 06:02:00,80.4
2025-06-12 06:10:00,99.4
2025-06-12 10:30:00,58.0
2025-06-12 00:24:00,56.8
2025-06-12 02:50:00,0.4
2025-06-12 09:01:00,52.7
2025-06-12 12:07:00,8.0
2025-06-12 15:14:00,86.6
2025-06-12 06:13:00,42.1
2025-06-12 15:04:00,7.9
2025-06-12 21:26:00,31.9
2025-06-12 16:03:00,34.7
2025-06-12 11:27:00,13.8
2025-06-12 07:34:00,65.4
2025-06-12 04:16:00,83.9
2025-06-12 18:09:00,12.7
2025-06-12 01:42:00,50.5
2025-06-12 16:53:00,17.2
2025-06-12 17:42:00,92.4
2025-06-12 03:31:00,23.1
2025-06-12 11:11:00,19.4
2025-06-12 14:41:00,96.4
2025-06-12 21:32:00,21.1
2025-06-12 13:08:00,49.54486036141751
2025-06-12 19:05:00,49.54486036141751
2025-06-12 06:47:00,88.5
2025-06-12 07:58:00,38.2
2025-06-12 06:00:00,15.2
2025-06-12 19:53:00,31.2
2025-06-12 00:48:00,80.5
2025-06-12 03:24:00,37.2
2025-06-12 09:37:00,29.7
2025-06-12 22:33:00,29.5
2025-06-12 09:00:00,1.0
2025-06-12 15:43:00,25.2
2025-06-12 07:51:00,49.54486036141751
2025-06-12 00:09:00,13.1
2025-06-12 18:45:00,90.9
2025-06-12 12:14:00,48.8
2025-06-12 21:14:00,49.54486036141751
2025-06-12 21:43:00,59.3
2025-06-12 16:48:00,99.5
2025-06-12 17:35:00,49.54486036141751
2025-06-12 20:55:00,49.54486036141751
2025-06-12 14:46:00,88.8
2025-06-12 07:58:00,85.2
2025-06-12 21:28:00,18.7
2025-06-12 19:18:00,47.2
2025-06-12 23:21:00,99.1
2025-06-12 02:36:00,35.7
2025-06-12 07:59:00,5.8
2025-06-12 02:49:00,75.1
2025-06-12 07:54:00,72.0
2025-06-12 04:14:00,57.8
2025-06-12 23:24:00,36.5
2025-06-12 00:55:00,98.9
2025-06-12 19:14:00,60.9
2025-06-12 07:14:00,8.4
2025-06-12 02:58:00,4.1
2025-06-12 13:05:00,46.4
2025-06-12 07:00:00,28.3
2025-06-12 21:29:00,94.9
2025-06-12 07:40:00,48.5
2025-06-12 21:27:00,49.54486036141751
2025-06-12 07:47:00,79.2
2025-06-12 01:54:00,6.5
2025-06-12 06:04:00,29.0
2025-06-12 10:26:00,90.3
2025-06-12 08:35:00,93.4
2025-06-12 17:50:00,31.4
2025-06-12 07:03:00,68.9
2025-06-12 01:24:00,84.0
2025-06-12 23:59:00,13.9
2025-06-12 00:56:00,58.2
2025-06-12 00:14:00,80.0
2025-06-12 16:06:00,41.3
2025-06-12 08:04:00,13.2
2025-06-12 19:50:00,22.9
2025-06-12 08:33:00,0.3
2025-06-12 17:38:00,85.4
2025-06-12 12:45:00,91.8
2025-06-12 09:37:00,54.9
2025-06-12 22:14:00,32.0
2025-06-12 21:17:00,93.0
2025-06-12 12:00:00,60.7
2025-06-12 13:10:00,53.1
2025-06-12 16:49:00,39.3
2025-06-12 21:35:00,10.2
2025-06-12 04:35:00,14.0
2025-06-12 20:17:00,56.7
2025-06-12 22:06:00,69.8
2025-06-12 02:40:00,97.1
2025-06-12 07:06:00,6.1
2025-06-12 17:09:00,20.3
2025-06-12 14:22:00,80.2
2025-06-12 10:51:00,80.7
2025-06-12 06:07:00,53.7
2025-06-12 09:22:00,49.54486036141751
2025-06-12 05:13:00,49.54486036141751
2025-06-12 17:00:00,62.5
2025-06-12 08:25:00,59.3
2025-06-12 22:16:00,80.0
2025-06-12 00:58:00,28.4
2025-06-12 23:19:00,49.54486036141751
2025-06-12 04:08:00,49.54486036141751
2025-06-12 07:22:00,33.2
2025-06-12 00:44:00,49.54486036141751
2025-06-12 14:54:00,94.6
2025-06-12 10:22:00,69.6
2025-06-12 16:38:00,12.2
2025-06-12 08:21:00,36.3
2025-06-12 05:40:00,49.54486036141751
2025-06-12 05:00:00,72.4
2025-06-12 00:15:00,19.2
2025-06-12 21:58:00,98.5
2025-06-12 02:07:00,89.2
2025-06-12 09:51:00,49.54486036141751
2025-06-12 12:41:00,63.3
2025-06-12 09:46:00,16.2
2025-06-12 23:07:00,74.3
2025-06-12 13:07:00,53.0
2025-06-12 10:57:00,20.5
2025-06-12 00:31:00,49.54486036141751
2025-06-12 17:18:00,3.5
2025-06-12 16:11:00,44.3
2025-06-12 07:17:00,3.1
2025-06-12 00:24:00,21.4
2025-06-12 20:32:00,47.1
2025-06-12 18:53:00,66.1
2025-06-12 19:05:00,17.3
2025-06-12 20:57:00,43.2
2025-06-12 13:25:00,83.7
2025-06-12 07:23:00,50.1
2025-06-12 13:30:00,62.1
2025-06-12 04:20:00,90.2
2025-06-12 06:28:00,52.4
2025-06-12 18:20:00,1.5
2025-06-12 06:24:00,76.9
2025-06-12 17:04:00,49.54486036141751
2025-06-12 18:38:00,71.7
2025-06-12 13:04:00,67.7
2025-06-12 15:00:00,55.1
2025-06-12 18:04:00,85.4
2025-06-12 07:52:00,47.4
2025-06-12 01:08:00,49.54486036141751
2025-06-12 23:12:00,49.54486036141751
2025-06-12 02:46:00,49.54486036141751
2025-06-12 01:53:00,49.54486036141751
2025-06-12 01:38:00,88.4
2025-06-12 08:00:00,32.1
2025-06-12 00:56:00,81.7
2025-06-12 10:38:00,52.9
2025-06-12 07:09:00,74.0
2025-06-12 22:07:00,41.5
2025-06-12 23:14:00,96.4
2025-06-12 05:05:00,18.0
2025-06-12 13:31:00,32.8
2025-06-12 15:54:00,8.1
2025-06-12 08:22:00,58.1
2025-06-12 03:03:00,45.7
2025-06-12 19:29:00,74.3
2025-06-12 00:22:00,17.6
2025-06-12 20:39:00,21.3
2025-06-12 06:13:00,10.5
2025-06-12 12:47:00,55.0
2025-06-12 21:27:00,93.5
2025-06-12 08:27:00,50.136426804852206
2025-06-12 23:09:00,4.7
2025-06-12 11:52:00,1.2
2025-06-12 09:04:00,50.136426804852206
2025-06-12 17:37:00,40.3
2025-06-12 13:52:00,92.2
2025-06-12 17:35:00,76.0
2025-06-12 11:51:00,49.1
2025-06-12 13:21:00,54.0
2025-06-12 23:01:00,46.9
2025-06-12 06:23:00,17.7
2025-06-12 02:29:00,73.7
2025-06-12 05:18:00,85.0
2025-06-12 15:36:00,19.5
2025-06-12 12:49:00,43.4
2025-06-12 00:53:00,50.136426804852206
2025-06-12 01:39:00,74.8
2025-06-12 07:48:00,42.1
2025-06-12 02:26:00,21.4
2025-06-12 04:17:00,50.136426804852206
2025-06-12 01:46:00,62.2
2025-06-12 19:21:00,16.9
2025-06-12 21:41:00,50.136426804852206
2025-06-12 12:13:00,0.0
2025-06-12 16:36:00,64.4
2025-06-12 08:06:00,22.1
2025-06-12 21:47:00,64.7
2025-06-12 23:48:00,87.1
2025-06-12 07:06:00,50.136426804852206
2025-06-12 00:38:00,28.6
2025-06-12 15:25:00,52.2
2025-06-12 21:19:00,16.6
2025-06-12 11:56:00,9.9
2025-06-12 15:28:00,50.8
2025-06-12 04:25:00,70.0
2025-06-12 07:57:00,60.0
2025-06-12 00:19:00,28.1
2025-06-12 18:14:00,95.8
2025-06-12 15:32:00,46.0
2025-06-12 02:33:00,19.9
2025-06-12 18:25:00,74.6
2025-06-12 05:05:00,14.1
2025-06-12 15:49:00,81.4
2025-06-12 16:28:00,11.5
2025-06-12 11:10:00,94.2
2025-06-12 00:02:00,42.8
2025-06-12 02:12:00,90.3
2025-06-12 18:07:00,18.3
2025-06-12 10:58:00,71.3
2025-06-12 21:27:00,3.5
2025-06-12 23:02:00,50.136426804852206
2025-06-12 03:34:00,50.136426804852206
2025-06-12 01:52:00,90.6
2025-06-12 11:50:00,50.136426804852206
2025-06-12 17:31:00,50.136426804852206
2025-06-12 16:22:00,46.9
2025-06-12 20:10:00,13.0
2025-06-12 23:03:00,50.136426804852206
2025-06-12 00:59:00,17.7
2025-06-12 23:38:00,28.5
2025-06-12 06:32:00,92.1
2025-06-12 17:53:00,92.2
2025-06-12 21:27:00,69.9
2025-06-12 06:00:00,60.3
2025-06-12 10:59:00,50.136426804852206
2025-06-12 16:39:00,77.4
2025-06-12 23:22:00,89.5
2025-06-12 11:06:00,50.136426804852206
2025-06-12 02:21:00,22.6
2025-06-12 07:42:00,9.1
2025-06-12 17:38:00,70.5
2025-06-12 19:01:00,50.136426804852206
2025-06-12 07:50:00,90.6
2025-06-12 19:25:00,74.7
2025-06-12 22:07:00,50.136426804852206
2025-06-12 03:33:00,90.1
2025-06-12 11:37:00,82.9
2025-06-12 11:39:00,17.1
2025-06-12 21:17:00,91.4
2025-06-12 00:36:00,42.2
2025-06-12 08:53:00,64.4
2025-06-12 22:32:00,50.136426804852206
2025-06-12 22:50:00,72.7
2025-06-12 10:21:00,48.3
2025-06-12 04:43:00,39.6
2025-06-12 15:31:00,20.0
2025-06-12 17:46:00,6.0
2025-06-12 09:53:00,50.136426804852206
2025-06-12 16:20:00,57.4
2025-06-12 03:24:00,8.6
2025-06-12 22:48:00,50.136426804852206
2025-06-12 01:04:00,42.7
2025-06-12 18:55:00,34.4
2025-06-12 12:33:00,50.136426804852206
2025-06-12 18:51:00,40.5
2025-06-12 14:33:00,81.0
2025-06-12 10:45:00,50.136426804852206
2025-06-12 09:08:00,91.3
2025-06-12 22:59:00,90.5
2025-06-12 08:33:00,35.7
2025-06-12 12:57:00,48.8
2025-06-12 16:33:00,66.7
2025-06-12 16:59:00,96.5
2025-06-12 00:35:00,72.5
2025-06-12 19:06:00,59.6
2025-06-12 15:34:00,35.1
2025-06-12 10:02:00,10.2
2025-06-12 00:04:00,27.1
2025-06-12 20:32:00,87.7
2025-06-12 08:28:00,77.1
2025-06-12 15:09:00,92.6
2025-06-12 11:05:00,90.3
2025-06-12 13:31:00,97.3
2025-06-12 03:16:00,78.1
2025-06-12 07:29:00,50.136426804852206
2025-06-12 06:59:00,96.0
2025-06-12 21:33:00,7.7
2025-06-12 06:47:00,15.5
2025-06-12 02:41:00,72.9
2025-06-12 23:41:00,76.5
2025-06-12 03:14:00,11.0
2025-06-12 13:51:00,88.2
2025-06-12 04:38:00,4.5
2025-06-12 15:16:00,70.7
2025-06-12 18:03:00,50.136426804852206
2025-06-12 20:02:00,71.7
2025-06-12 03:13:00,49.9
2025-06-12 05:27:00,4.4
2025-06-12 14:12:00,68.2
2025-06-12 22:48:00,12.0
2025-06-12 00:29:00,50.136426804852206
2025-06-12 11:20:00,50.136426804852206
2025-06-12 22:21:00,24.9
2025-06-12 01:40:00,50.136426804852206
2025-06-12 21:58:00,82.2
2025-06-12 01:01:00,65.2
2025-06-12 19:33:00,42.1
2025-06-12 16:42:00,59.3
2025-06-12 04:02:00,50.136426804852206
2025-06-12 00:05:00,70.5
2025-06-12 04:11:00,4.9
2025-06-12 00:48:00,43.4
2025-06-12 06:47:00,20.0
2025-06-12 21:27:00,94.7
2025-06-12 18:11:00,50.136426804852206
2025-06-12 18:00:00,61.0
2025-06-12 15:39:00,4.6
2025-06-12 01:30:00,62.5
2025-06-12 15:34:00,57.5
2025-06-12 06:25:00,50.136426804852206
2025-06-12 20:04:00,24.4
2025-06-12 06:19:00,84.3
2025-06-12 09:13:00,11.1
2025-06-12 04:32:00,57.8
2025-06-12 07:26:00,43.8
2025-06-12 06:40:00,69.9
2025-06-12 00:36:00,43.1
2025-06-12 23:17:00,63.0
2025-06-12 18:54:00,49.9
2025-06-12 11:58:00,41.8
2025-06-12 10:03:00,76.4
2025-06-12 12:45:00,45.6
2025-06-12 21:38:00,35.2
2025-06-12 00:17:00,54.3
2025-06-12 11:06:00,23.7
2025-06-12 05:08:00,83.6
2025-06-12 14:33:00,55.0
2025-06-12 19:02:00,64.1
2025-06-12 20:17:00,78.4
2025-06-12 04:11:00,23.6
2025-06-12 10:35:00,27.0
2025-06-12 10:09:00,50.136426804852206
2025-06-12 16:17:00,85.2
2025-06-12 04:41:00,50.136426804852206
2025-06-12 17:13:00,4.0
2025-06-12 21:54:00,96.8
2025-06-12 14:03:00,44.5
2025-06-12 21:45:00,21.3
2025-06-12 10:36:00,30.6
2025-06-12 09:51:00,74.1
2025-06-12 22:16:00,80.4
2025-06-12 15:35:00,42.2
2025-06-12 15:09:00,2.6
2025-06-12 03:30:00,88.8
2025-06-12 16:39:00,34.5
2025-06-12 07:00:00,42.2
2025-06-12 08:57:00,85.4
2025-06-12 07:14:00,50.136426804852206
2025-06-12 02:08:00,49.1
2025-06-12 19:34:00,44.0
2025-06-12 17:42:00,50.136426804852206
2025-06-12 08:51:00,42.1
2025-06-12 18:33:00,93.6
2025-06-12 21:39:00,79.9
2025-06-12 17:59:00,75.2
2025-06-12 01:07:00,94.9
2025-06-12 00:09:00,50.136426804852206
2025-06-12 16:49:00,59.0
2025-06-12 17:21:00,7.8
2025-06-12 03:19:00,50.136426804852206
2025-06-12 20:05:00,55.6
2025-06-12 23:14:00,50.136426804852206
2025-06-12 13:08:00,62.5
2025-06-12 04:17:00,2.3
2025-06-12 17:25:00,72.1
2025-06-12 01:48:00,50.136426804852206
2025-06-12 05:16:00,27.5
2025-06-12 03:44:00,50.136426804852206
2025-06-12 05:42:00,50.136426804852206
2025-06-12 21:49:00,36.1
2025-06-12 13:07:00,17.5
2025-06-12 09:21:00,15.4
2025-06-12 07:00:00,4.9
2025-06-12 23:21:00,52.5
2025-06-12 08:57:00,32.0
2025-06-12 05:32:00,59.0
2025-06-12 15:25:00,5.0
2025-06-12 16:22:00,3.5
2025-06-12 17:38:00,98.7
2025-06-12 05:54:00,1.8
2025-06-12 17:55:00,30.8
2025-06-12 01:42:00,49.9
2025-06-12 18:24:00,43.1
2025-06-12 23:43:00,50.136426804852206
2025-06-12 05:12:00,67.3
2025-06-12 12:40:00,25.7
2025-06-12 19:57:00,90.4
2025-06-12 04:16:00,50.136426804852206
2025-06-12 12:11:00,23.4
2025-06-12 01:45:00,50.9
2025-06-12 07:51:00,14.3
2025-06-12 17:15:00,50.136426804852206
2025-06-12 10:03:00,31.6
2025-06-12 05:36:00,88.2
2025-06-12 13:33:00,50.136426804852206
2025-06-12 00:02:00,13.0
2025-06-12 12:06:00,48.0
2025-06-12 10:54:00,50.136426804852206
2025-06-12 17:32:00,26.6
2025-06-12 19:12:00,58.6
2025-06-12 07:53:00,23.0
2025-06-12 15:43:00,12.1
2025-06-12 19:43:00,97.6
2025-06-12 02:51:00,31.2
2025-06-12 20:38:00,39.9
2025-06-12 08:17:00,50.136426804852206
2025-06-12 22:29:00,40.8
2025-06-12 00:19:00,50.136426804852206
2025-06-12 11:30:00,45.2
2025-06-12 12:56:00,50.136426804852206
2025-06-12 23:27:00,87.2
2025-06-12 13:12:00,85.7
2025-06-12 13:34:00,52.8
2025-06-12 16:17:00,87.8
2025-06-12 19:27:00,50.136426804852206
2025-06-12 11:36:00,54.9
2025-06-12 07:46:00,71.7
2025-06-12 14:43:00,8.2
2025-06-12 14:24:00,47.1
2025-06-12 23:12:00,37.3
2025-06-12 08:36:00,43.5
2025-06-12 19:50:00,33.1
2025-06-12 18:10:00,29.7
2025-06-12 12:23:00,90.7
2025-06-12 02:59:00,2.8
2025-06-12 04:40:00,50.136426804852206
2025-06-12 10:03:00,52.3
2025-06-12 06:31:00,12.3
2025-06-12 09:36:00,76.4
2025-06-12 21:04:00,50.136426804852206
2025-06-12 23:51:00,62.9
2025-06-12 23:40:00,50.136426804852206
2025-06-12 09:38:00,4.9
2025-06-12 11:55:00,61.2
2025-06-12 17:01:00,89.8
2025-06-12 23:47:00,71.3
2025-06-12 23:28:00,75.7
2025-06-12 23:11:00,78.0
2025-06-12 16:59:00,50.136426804852206
2025-06-12 01:21:00,55.0
2025-06-12 22:10:00,70.4
2025-06-12 03:51:00,40.4
2025-06-12 03:17:00,61.4
2025-06-12 02:01:00,31.5
2025-06-12 09:37:00,44.2
2025-06-12 12:30:00,63.8
2025-06-12 02:03:00,58.9
2025-06-12 19:04:00,50.136426804852206
2025-06-12 14:33:00,5.7
2025-06-12 23:13:00,15.6
2025-06-12 10:33:00,4.8
2025-06-12 17:20:00,88.6
2025-06-12 09:58:00,50.136426804852206
2025-06-12 19:53:00,31.6
2025-06-12 09:17:00,37.5
2025-06-12 01:28:00,25.5
2025-06-12 23:23:00,18.9
2025-06-12 17:00:00,33.7
2025-06-12 19:33:00,93.1
2025-06-12 22:02:00,13.1
2025-06-12 06:14:00,40.6
2025-06-12 13:53:00,35.2
2025-06-12 23:36:00,28.2
2025-06-12 14:18:00,36.7
2025-06-12 23:23:00,50.136426804852206
2025-06-12 07:36:00,50.136426804852206
2025-06-12 05:09:00,18.5
2025-06-12 04:16:00,29.9
2025-06-12 19:12:00,81.3
2025-06-12 15:32:00,4.9
2025-06-12 01:45:00,36.8
2025-06-12 18:08:00,10.4
2025-06-12 14:34:00,69.0
2025-06-12 18:52:00,50.136426804852206
2025-06-12 21:56:00,11.4
2025-06-12 17:55:00,72.7
2025-06-12 20:43:00,1.1
2025-06-12 14:15:00,99.9
2025-06-12 14:20:00,50.136426804852206
2025-06-12 02:30:00,84.1
2025-06-12 16:46:00,94.8
2025-06-12 11:11:00,67.8
2025-06-12 23:20:00,80.0
2025-06-12 05:10:00,86.8
2025-06-12 11:15:00,50.136426804852206
2025-06-12 23:26:00,35.4
2025-06-12 02:54:00,61.3
2025-06-12 12:32:00,90.1
2025-06-12 04:08:00,64.8
2025-06-12 03:55:00,21.7
2025-06-12 21:18:00,37.7
2025-06-12 15:57:00,10.1
2025-06-12 03:43:00,7.9
2025-06-12 10:15:00,50.037891637220255
2025-06-12 11:37:00,30.0
2025-06-12 13:32:00,40.6
2025-06-12 03:23:00,65.5
2025-06-12 19:12:00,37.6
2025-06-12 11:27:00,60.9
2025-06-12 06:43:00,43.5
2025-06-12 19:44:00,56.8
2025-06-12 23:51:00,55.2
2025-06-12 04:05:00,15.5
2025-06-12 14:10:00,26.7
2025-06-12 19:31:00,4.2
2025-06-12 17:01:00,23.0
2025-06-12 02:28:00,50.037891637220255
2025-06-12 14:20:00,96.7
2025-06-12 07:38:00,20.7
2025-06-12 11:34:00,6.9
2025-06-12 11:22:00,50.0
2025-06-12 15:06:00,68.7
2025-06-12 17:56:00,50.037891637220255
2025-06-12 05:38:00,4.9
2025-06-12 02:23:00,39.1
2025-06-12 18:16:00,10.2
2025-06-12 10:02:00,50.037891637220255
2025-06-12 02:39:00,10.9
2025-06-12 21:51:00,47.9
2025-06-12 17:38:00,50.037891637220255
2025-06-12 23:11:00,63.7
2025-06-12 16:36:00,32.9
2025-06-12 11:11:00,50.037891637220255
2025-06-12 11:31:00,83.6
2025-06-12 08:07:00,72.1
2025-06-12 20:58:00,79.4
2025-06-12 11:56:00,43.4
2025-06-12 22:09:00,57.7
2025-06-12 19:20:00,11.0
2025-06-12 17:13:00,76.7
2025-06-12 01:39:00,11.8
2025-06-12 12:09:00,7.3
2025-06-12 13:20:00,66.9
2025-06-12 15:17:00,76.0
2025-06-12 16:48:00,90.1
2025-06-12 00:48:00,23.6
2025-06-12 05:16:00,40.3
2025-06-12 00:56:00,43.1
2025-06-12 19:25:00,95.8
2025-06-12 14:19:00,2.1
2025-06-12 19:25:00,38.6
2025-06-12 07:28:00,58.2
2025-06-12 10:25:00,50.037891637220255
2025-06-12 16:07:00,0.6
2025-06-12 22:54:00,11.4
2025-06-12 10:22:00,10.2
2025-06-12 23:24:00,50.037891637220255
2025-06-12 14:38:00,99.1
2025-06-12 04:21:00,35.0
2025-06-12 14:00:00,50.037891637220255
2025-06-12 22:07:00,65.3
2025-06-12 13:17:00,77.2
2025-06-12 12:45:00,43.8
2025-06-12 14:40:00,50.037891637220255
2025-06-12 04:36:00,87.3
2025-06-12 04:03:00,17.7
2025-06-12 22:14:00,50.037891637220255
2025-06-12 03:18:00,2.2
2025-06-12 10:42:00,7.1
2025-06-12 05:38:00,33.0
2025-06-12 21:01:00,34.5
2025-06-12 06:49:00,94.9
2025-06-12 06:55:00,50.6
2025-06-12 12:38:00,50.037891637220255
2025-06-12 11:39:00,68.6
2025-06-12 11:20:00,11.1
2025-06-12 20:59:00,53.0
2025-06-12 23:42:00,50.037891637220255
2025-06-12 13:49:00,68.1
2025-06-12 20:33:00,20.4
2025-06-12 10:36:00,50.037891637220255
2025-06-12 01:31:00,84.8
2025-06-12 17:22:00,2.5
2025-06-12 19:59:00,50.037891637220255
2025-06-12 00:10:00,76.5
2025-06-12 10:13:00,10.8
2025-06-12 20:38:00,47.8
2025-06-12 12:35:00,13.5
2025-06-12 04:36:00,12.3
2025-06-12 01:20:00,44.3
2025-06-12 13:07:00,58.6
2025-06-12 20:48:00,57.4
2025-06-12 03:04:00,15.3
2025-06-12 06:45:00,19.8
2025-06-12 15:20:00,50.037891637220255
2025-06-12 05:16:00,28.5
2025-06-12 19:07:00,97.6
2025-06-12 20:35:00,20.5
2025-06-12 16:09:00,85.1
2025-06-12 12:51:00,10.5
2025-06-12 07:29:00,40.3
2025-06-12 00:23:00,50.037891637220255
2025-06-12 13:27:00,48.4
2025-06-12 16:27:00,66.9
2025-06-12 23:03:00,50.037891637220255
2025-06-12 07:13:00,50.037891637220255
2025-06-12 00:13:00,82.3
2025-06-12 17:12:00,27.7
2025-06-12 19:37:00,67.6
2025-06-12 13:19:00,48.3
2025-06-12 12:18:00,29.1
2025-06-12 05:09:00,50.037891637220255
2025-06-12 03:13:00,22.3
2025-06-12 00:30:00,50.037891637220255
2025-06-12 23:25:00,65.0
2025-06-12 20:51:00,50.037891637220255
2025-06-12 03:12:00,50.037891637220255
2025-06-12 09:16:00,83.1
2025-06-12 00:38:00,41.6
2025-06-12 02:08:00,50.037891637220255
2025-06-12 14:36:00,50.037891637220255
2025-06-12 23:27:00,18.5
2025-06-12 12:26:00,77.0
2025-06-12 01:48:00,74.9
2025-06-12 04:22:00,42.6
2025-06-12 16:57:00,27.8
2025-06-12 11:15:00,92.1
2025-06-12 23:56:00,50.037891637220255
2025-06-12 05:16:00,50.037891637220255
2025-06-12 14:22:00,82.7
2025-06-12 22:33:00,50.037891637220255
2025-06-12 21:01:00,75.8
2025-06-12 20:01:00,43.3
2025-06-12 17:21:00,36.8
2025-06-12 23:24:00,68.1
2025-06-12 14:13:00,35.3
2025-06-12 11:33:00,35.2
2025-06-12 15:51:00,71.0
2025-06-12 20:46:00,7.6
2025-06-12 05:59:00,50.037891637220255
2025-06-12 06:16:00,68.7
2025-06-12 11:10:00,52.4
2025-06-12 23:49:00,12.9
2025-06-12 09:15:00,39.0
2025-06-12 16:44:00,16.8
2025-06-12 07:26:00,76.1
2025-06-12 10:22:00,84.0
2025-06-12 02:09:00,34.7
2025-06-12 04:13:00,7.5
2025-06-12 17:34:00,80.1
2025-06-12 09:38:00,46.1
2025-06-12 10:39:00,35.9
2025-06-12 15:14:00,16.2
2025-06-12 03:31:00,21.4
2025-06-12 13:45:00,65.5
2025-06-12 09:31:00,5.5
2025-06-12 15:31:00,19.3
2025-06-12 01:55:00,68.4
2025-06-12 16:40:00,46.5
2025-06-12 03:34:00,81.5
2025-06-12 01:43:00,50.037891637220255
2025-06-12 03:45:00,50.037891637220255
2025-06-12 02:50:00,70.2
2025-06-12 15:27:00,75.1
2025-06-12 13:57:00,53.9
2025-06-12 22:26:00,42.6
2025-06-12 11:01:00,18.7
2025-06-12 10:40:00,80.6
2025-06-12 01:42:00,56.9
2025-06-12 19:38:00,99.1
2025-06-12 01:48:00,50.037891637220255
2025-06-12 07:14:00,72.7
2025-06-12 23:56:00,80.2
2025-06-12 03:56:00,91.5
2025-06-12 06:21:00,81.2
2025-06-12 14:04:00,95.1
2025-06-12 03:34:00,38.8
2025-06-12 05:41:00,93.3
2025-06-12 21:39:00,48.9
2025-06-12 18:46:00,42.8
2025-06-12 14:20:00,55.2
2025-06-12 14:57:00,50.037891637220255
2025-06-12 18:10:00,14.1
2025-06-12 18:39:00,42.4
2025-06-12 04:34:00,90.0
2025-06-12 13:08:00,14.4
2025-06-12 01:26:00,51.0
2025-06-12 05:46:00,26.0
2025-06-12 23:41:00,50.037891637220255
2025-06-12 13:01:00,93.6
2025-06-12 14:13:00,85.5
2025-06-12 04:45:00,82.5
2025-06-12 16:47:00,50.037891637220255
2025-06-12 12:02:00,73.0
2025-06-12 07:38:00,36.7
2025-06-12 22:28:00,76.4
2025-06-12 05:37:00,50.037891637220255
2025-06-12 09:37:00,28.9
2025-06-12 06:22:00,47.8
2025-06-12 09:30:00,93.2
2025-06-12 03:48:00,1.7
2025-06-12 11:46:00,84.7
2025-06-12 12:43:00,28.6
2025-06-12 12:20:00,33.5
2025-06-12 21:44:00,20.3
2025-06-12 22:36:00,9.2
2025-06-12 08:14:00,15.8
2025-06-12 15:38:00,81.4
2025-06-12 03:04:00,92.3
2025-06-12 01:53:00,0.8
2025-06-12 15:43:00,81.5
2025-06-12 06:46:00,38.5
2025-06-12 00:26:00,12.9
2025-06-12 15:57:00,81.1
2025-06-12 11:56:00,50.037891637220255
2025-06-12 10:50:00,43.8
2025-06-12 03:25:00,68.4
2025-06-12 21:52:00,69.5
2025-06-12 11:07:00,50.037891637220255
2025-06-12 09:45:00,56.9
2025-06-12 09:36:00,95.0
2025-06-12 19:20:00,11.7
2025-06-12 09:52:00,26.4
2025-06-12 01:58:00,61.7
2025-06-12 06:08:00,68.3
2025-06-12 07:59:00,50.0
2025-06-12 10:06:00,98.1
2025-06-12 15:22:00,17.3
2025-06-12 04:59:00,56.7
2025-06-12 06:22:00,55.0
2025-06-12 18:49:00,60.8
2025-06-12 23:20:00,6.1
2025-06-12 04:58:00,84.6
2025-06-12 00:20:00,10.6
2025-06-12 15:10:00,50.037891637220255
2025-06-12 06:22:00,30.0
2025-06-12 16:30:00,64.9
2025-06-12 19:21:00,12.4
2025-06-12 05:49:00,4.8
2025-06-12 14:08:00,76.0
2025-06-12 11:56:00,50.037891637220255
2025-06-12 16:48:00,21.8
2025-06-12 16:43:00,65.7
2025-06-12 07:51:00,50.037891637220255
2025-06-12 08:39:00,50.037891637220255
2025-06-12 22:39:00,15.8
2025-06-12 04:35:00,70.9
2025-06-12 15:04:00,85.7
2025-06-12 02:30:00,59.8
2025-06-12 03:39:00,52.8
2025-06-12 15:59:00,37.9
2025-06-12 08:54:00,84.2
2025-06-12 02:26:00,26.1
2025-06-12 19:22:00,39.9
2025-06-12 02:42:00,69.4
2025-06-12 02:17:00,50.037891637220255
2025-06-12 00:48:00,24.7
2025-06-12 04:16:00,56.5
2025-06-12 17:59:00,35.5
2025-06-12 02:09:00,27.2
2025-06-12 10:16:00,12.8
2025-06-12 03:57:00,50.037891637220255
2025-06-12 16:47:00,15.5
2025-06-12 13:06:00,85.8
2025-06-12 17:10:00,93.3
2025-06-12 15:15:00,82.7
2025-06-12 22:17:00,0.6
2025-06-12 18:53:00,19.7
2025-06-12 15:09:00,73.8
2025-06-12 03:41:00,26.0
2025-06-12 21:21:00,87.4
2025-06-12 08:50:00,50.037891637220255
2025-06-12 00:30:00,62.5
2025-06-12 13:09:00,90.1
2025-06-12 14:28:00,3.8
2025-06-12 16:37:00,78.7
2025-06-12 21:19:00,15.1
2025-06-12 15:47:00,47.3
2025-06-12 03:44:00,60.3
2025-06-12 08:43:00,93.3
2025-06-12 16:53:00,68.4
2025-06-12 03:01:00,61.8
2025-06-12 19:53:00,44.1
2025-06-12 05:47:00,46.1
2025-06-12 10:44:00,50.037891637220255
2025-06-12 08:00:00,1.7
2025-06-12 07:12:00,50.037891637220255
2025-06-12 19:27:00,17.5
2025-06-12 20:08:00,50.037891637220255
2025-06-12 22:00:00,72.6
2025-06-12 00:45:00,78.2
2025-06-12 21:33:00,81.2
2025-06-12 00:28:00,14.4
2025-06-12 16:00:00,17.1
2025-06-12 16:50:00,50.037891637220255
2025-06-12 09:24:00,50.037891637220255
2025-06-12 18:50:00,37.6
2025-06-12 16:16:00,30.7
2025-06-12 06:33:00,41.0
2025-06-12 23:40:00,42.0
2025-06-12 13:37:00,42.9
2025-06-12 18:45:00,30.9
2025-06-12 20:41:00,75.0
2025-06-12 18:34:00,78.4
2025-06-12 10:39:00,50.037891637220255
2025-06-12 06:41:00,41.7
2025-06-12 06:52:00,42.9
2025-06-12 22:21:00,20.1
2025-06-12 07:18:00,12.1
2025-06-12 13:30:00,84.3
2025-06-12 07:32:00,54.4
2025-06-12 13:58:00,1.8
2025-06-12 05:01:00,8.7
2025-06-12 07:21:00,96.2
2025-06-12 06:15:00,62.3
2025-06-12 04:56:00,15.7
2025-06-12 10:22:00,75.1
2025-06-12 19:13:00,89.8
2025-06-12 01:45:00,40.9
2025-06-12 05:45:00,88.4
2025-06-12 23:22:00,28.2
2025-06-12 17:48:00,72.6
2025-06-12 14:11:00,1.3
2025-06-12 13:09:00,99.5
2025-06-12 09:13:00,99.3
2025-06-12 15:09:00,3.7
2025-06-12 10:57:00,23.3
2025-06-12 05:30:00,41.4
2025-06-12 00:59:00,63.7
2025-06-12 17:33:00,50.037891637220255
2025-06-12 16:09:00,73.8
2025-06-12 08:17:00,49.0
2025-06-12 04:43:00,25.6
2025-06-12 06:32:00,39.5
2025-06-12 17:46:00,62.6
2025-06-12 21:35:00,96.0
2025-06-12 06:58:00,21.3
2025-06-12 10:47:00,79.6
2025-06-12 10:07:00,48.7
2025-06-12 07:10:00,50.037891637220255
2025-06-12 11:41:00,50.037891637220255
2025-06-12 21:12:00,21.0
2025-06-12 21:49:00,5.1
2025-06-12 02:07:00,50.037891637220255
2025-06-12 13:14:00,3.8
2025-06-12 04:49:00,2.7
2025-06-12 19:20:00,99.8
2025-06-12 15:22:00,2.5
2025-06-12 06:53:00,32.2
2025-06-12 15:57:00,43.0
2025-06-12 03:01:00,43.7
2025-06-12 01:32:00,22.1
2025-06-12 02:29:00,21.4
2025-06-12 17:48:00,43.2
2025-06-12 20:21:00,50.60542317173377
2025-06-12 11:54:00,93.9
2025-06-12 08:13:00,98.6
2025-06-12 06:23:00,60.1
2025-06-12 10:33:00,79.7
2025-06-12 19:48:00,50.60542317173377
2025-06-12 03:27:00,1.0
2025-06-12 21:50:00,50.60542317173377
2025-06-12 03:14:00,89.5
2025-06-12 10:19:00,86.2
2025-06-12 12:49:00,42.8
2025-06-12 21:13:00,32.9
2025-06-12 09:21:00,2.9
2025-06-12 11:18:00,50.60542317173377
2025-06-12 10:42:00,82.5
2025-06-12 11:32:00,20.9
2025-06-12 10:49:00,4.9
2025-06-12 00:04:00,74.9
2025-06-12 02:51:00,21.1
2025-06-12 06:04:00,62.1
2025-06-12 16:23:00,11.2
2025-06-12 20:33:00,64.6
2025-06-12 19:09:00,3.2
2025-06-12 11:03:00,67.0
2025-06-12 22:54:00,78.4
2025-06-12 12:03:00,50.60542317173377
2025-06-12 17:27:00,50.60542317173377
2025-06-12 00:46:00,96.1
2025-06-12 10:46:00,19.3
2025-06-12 10:05:00,50.60542317173377
2025-06-12 17:26:00,18.2
2025-06-12 10:42:00,56.5
2025-06-12 10:09:00,80.7
2025-06-12 11:19:00,63.1
2025-06-12 23:54:00,67.3
2025-06-12 19:45:00,45.9
2025-06-12 05:46:00,50.60542317173377
2025-06-12 02:09:00,65.1
2025-06-12 23:09:00,35.1
2025-06-12 00:39:00,96.7
2025-06-12 19:37:00,50.60542317173377
2025-06-12 07:57:00,67.5
2025-06-12 21:13:00,11.0
2025-06-12 07:55:00,82.3
2025-06-12 11:25:00,50.60542317173377
2025-06-12 14:41:00,3.7
2025-06-12 09:13:00,59.9
2025-06-12 12:28:00,86.4
2025-06-12 10:38:00,40.3
2025-06-12 08:58:00,27.7
2025-06-12 13:29:00,99.9
2025-06-12 19:38:00,3.0
2025-06-12 16:02:00,48.5
2025-06-12 06:48:00,50.60542317173377
2025-06-12 23:21:00,12.2
2025-06-12 20:12:00,26.5
2025-06-12 06:45:00,96.3
2025-06-12 14:07:00,50.60542317173377
2025-06-12 08:31:00,54.9
2025-06-12 15:51:00,50.60542317173377
2025-06-12 23:38:00,84.8
2025-06-12 13:06:00,51.4
2025-06-12 20:42:00,71.9
2025-06-12 05:26:00,50.60542317173377
2025-06-12 21:01:00,37.9
2025-06-12 16:12:00,35.2
2025-06-12 05:52:00,14.4
2025-06-12 20:35:00,76.4
2025-06-12 19:07:00,27.4
2025-06-12 10:51:00,45.2
2025-06-12 15:41:00,32.0
2025-06-12 12:34:00,48.2
2025-06-12 11:02:00,59.1
2025-06-12 18:43:00,50.60542317173377
2025-06-12 18:53:00,99.0
2025-06-12 16:55:00,27.6
2025-06-12 22:27:00,17.8
2025-06-12 14:16:00,76.3
2025-06-12 06:38:00,50.60542317173377
2025-06-12 05:09:00,53.1
2025-06-12 13:08:00,46.3
2025-06-12 21:41:00,30.4
2025-06-12 23:27:00,79.3
2025-06-12 19:03:00,85.9
2025-06-12 21:49:00,39.1
2025-06-12 07:45:00,76.2
2025-06-12 09:48:00,64.8
2025-06-12 22:28:00,97.4
2025-06-12 07:35:00,50.60542317173377
2025-06-12 19:36:00,56.8
2025-06-12 08:38:00,57.8
2025-06-12 18:06:00,74.6
2025-06-12 10:48:00,2.8
2025-06-12 11:51:00,10.5
2025-06-12 06:00:00,50.60542317173377
2025-06-12 18:34:00,28.6
2025-06-12 18:43:00,74.5
2025-06-12 07:03:00,57.6
2025-06-12 10:00:00,88.7
2025-06-12 21:51:00,16.5
2025-06-12 00:18:00,51.3
2025-06-12 14:51:00,38.4
2025-06-12 11:08:00,53.7
2025-06-12 00:35:00,84.9
2025-06-12 17:20:00,9.7
2025-06-12 04:53:00,58.7
2025-06-12 13:16:00,9.1
2025-06-12 02:26:00,15.4
2025-06-12 09:23:00,30.9
2025-06-12 21:48:00,62.6
2025-06-12 11:57:00,79.4
2025-06-12 21:55:00,17.9
2025-06-12 14:43:00,50.60542317173377
2025-06-12 09:04:00,73.9
2025-06-12 22:05:00,28.6
2025-06-12 02:00:00,71.3
2025-06-12 18:09:00,25.0
2025-06-12 18:46:00,50.60542317173377
2025-06-12 18:35:00,63.5
2025-06-12 13:03:00,84.6
2025-06-12 22:09:00,75.4
2025-06-12 21:30:00,3.3
2025-06-12 19:36:00,16.3
2025-06-12 07:32:00,50.60542317173377
2025-06-12 02:30:00,6.7
2025-06-12 09:21:00,9.4
2025-06-12 17:51:00,64.9
2025-06-12 21:45:00,65.5
2025-06-12 10:34:00,95.9
2025-06-12 01:45:00,80.4
2025-06-12 09:49:00,8.2
2025-06-12 17:23:00,84.1
2025-06-12 11:41:00,62.5
2025-06-12 21:18:00,1.0
2025-06-12 04:28:00,11.9
2025-06-12 23:26:00,50.60542317173377
2025-06-12 11:05:00,29.4
2025-06-12 04:38:00,74.8
2025-06-12 12:29:00,74.1
2025-06-12 09:54:00,50.60542317173377
2025-06-12 02:23:00,60.7
2025-06-12 13:32:00,50.60542317173377
2025-06-12 22:03:00,34.2
2025-06-12 23:17:00,41.5
2025-06-12 17:36:00,76.8
2025-06-12 07:09:00,0.5
2025-06-12 18:03:00,35.3
2025-06-12 08:14:00,22.0
2025-06-12 08:52:00,25.5
2025-06-12 01:40:00,24.3
2025-06-12 10:51:00,50.60542317173377
2025-06-12 08:57:00,94.3
2025-06-12 10:38:00,50.60542317173377
2025-06-12 19:59:00,29.0
2025-06-12 00:58:00,93.3
2025-06-12 09:59:00,79.2
2025-06-12 21:35:00,83.8
2025-06-12 18:26:00,86.3
2025-06-12 17:52:00,39.6
2025-06-12 23:03:00,52.2
2025-06-12 09:08:00,17.4
2025-06-12 01:06:00,16.0
2025-06-12 18:02:00,47.5
2025-06-12 05:29:00,86.6
2025-06-12 14:27:00,54.7
2025-06-12 20:40:00,83.4
2025-06-12 08:42:00,32.3
2025-06-12 12:24:00,15.6
2025-06-12 09:04:00,7.3
2025-06-12 21:22:00,53.3
2025-06-12 04:26:00,71.3
2025-06-12 17:20:00,15.7
2025-06-12 09:08:00,50.4
2025-06-12 18:50:00,48.5
2025-06-12 20:13:00,32.1
2025-06-12 02:23:00,51.1
2025-06-12 10:18:00,50.60542317173377
2025-06-12 17:48:00,48.2
2025-06-12 11:23:00,97.8
2025-06-12 04:24:00,64.0
2025-06-12 11:14:00,50.3
2025-06-12 21:57:00,27.2
2025-06-12 01:10:00,50.60542317173377
2025-06-12 12:50:00,57.2
2025-06-12 07:08:00,59.3
2025-06-12 10:07:00,50.60542317173377
2025-06-12 03:01:00,35.7
2025-06-12 15:03:00,64.1
2025-06-12 23:18:00,14.8
2025-06-12 12:25:00,60.1
2025-06-12 21:16:00,44.8
2025-06-12 22:47:00,99.6
2025-06-12 05:05:00,27.4
2025-06-12 20:22:00,19.7
2025-06-12 18:00:00,36.5
2025-06-12 01:20:00,20.9
2025-06-12 22:50:00,84.1
2025-06-12 05:41:00,79.6
2025-06-12 20:44:00,32.7
2025-06-12 18:46:00,66.1
2025-06-12 14:23:00,97.1
2025-06-12 10:27:00,68.4
2025-06-12 01:39:00,50.60542317173377
2025-06-12 00:26:00,61.5
2025-06-12 01:01:00,2.0
2025-06-12 05:19:00,86.0
2025-06-12 08:16:00,14.0
2025-06-12 22:01:00,95.3
2025-06-12 01:05:00,41.5
2025-06-12 15:19:00,91.0
2025-06-12 12:46:00,98.4
2025-06-12 17:13:00,1.4
2025-06-12 17:57:00,95.7
2025-06-12 16:44:00,7.2
2025-06-12 10:06:00,50.60542317173377
2025-06-12 16:29:00,19.2
2025-06-12 08:10:00,56.9
2025-06-12 07:12:00,58.6
2025-06-12 00:12:00,51.9
2025-06-12 19:17:00,94.8
2025-06-12 17:04:00,66.2
2025-06-12 04:50:00,94.9
2025-06-12 01:45:00,50.60542317173377
2025-06-12 12:42:00,54.8
2025-06-12 14:31:00,56.5
2025-06-12 14:08:00,19.6
2025-06-12 07:03:00,7.2
2025-06-12 19:46:00,75.8
2025-06-12 09:18:00,32.4
2025-06-12 03:30:00,44.3
2025-06-12 01:16:00,5.8
2025-06-12 06:38:00,39.1
2025-06-12 03:28:00,96.5
2025-06-12 10:34:00,50.60542317173377
2025-06-12 07:10:00,52.6
2025-06-12 14:11:00,77.5
2025-06-12 16:30:00,15.3
2025-06-12 05:05:00,90.2
2025-06-12 07:56:00,50.60542317173377
2025-06-12 05:19:00,56.7
2025-06-12 14:14:00,34.4
2025-06-12 07:36:00,31.8
2025-06-12 11:40:00,46.9
2025-06-12 09:10:00,70.6
2025-06-12 23:22:00,59.8
2025-06-12 04:13:00,9.5
2025-06-12 11:28:00,47.2
2025-06-12 04:33:00,50.60542317173377
2025-06-12 05:30:00,34.4
2025-06-12 04:23:00,35.0
2025-06-12 19:55:00,45.9
2025-06-12 07:21:00,21.5
2025-06-12 13:16:00,10.6
2025-06-12 04:29:00,99.7
2025-06-12 18:39:00,93.9
2025-06-12 05:10:00,97.2
2025-06-12 01:56:00,80.7
2025-06-12 09:34:00,29.9
2025-06-12 17:35:00,0.9
2025-06-12 20:21:00,50.60542317173377
2025-06-12 22:46:00,40.8
2025-06-12 06:48:00,80.5
2025-06-12 08:16:00,50.60542317173377
2025-06-12 05:45:00,35.5
2025-06-12 09:20:00,46.7
2025-06-12 03:16:00,27.4
2025-06-12 02:43:00,59.6
2025-06-12 00:49:00,50.60542317173377
2025-06-12 04:58:00,49.1
2025-06-12 19:29:00,47.0
2025-06-12 17:06:00,95.8
2025-06-12 11:52:00,23.1
2025-06-12 02:46:00,90.1
2025-06-12 13:20:00,98.4
2025-06-12 21:45:00,84.7
2025-06-12 09:20:00,37.1
2025-06-12 07:26:00,82.5
2025-06-12 13:41:00,7.6
2025-06-12 09:24:00,75.1
2025-06-12 20:48:00,35.1
2025-06-12 15:01:00,39.0
2025-06-12 21:46:00,52.3
2025-06-12 17:08:00,26.9
2025-06-12 12:24:00,21.2
2025-06-12 07:52:00,58.2
2025-06-12 10:08:00,9.6
2025-06-12 14:11:00,98.4
2025-06-12 11:22:00,50.60542317173377
2025-06-12 15:05:00,2.4
2025-06-12 02:52:00,15.8
2025-06-12 06:40:00,50.60542317173377
2025-06-12 06:10:00,59.3
2025-06-12 04:21:00,70.9
2025-06-12 23:36:00,50.60542317173377
2025-06-12 20:45:00,50.60542317173377
2025-06-12 12:19:00,50.60542317173377
2025-06-12 23:30:00,61.6
2025-06-12 04:15:00,25.5
2025-06-12 16:51:00,51.7
2025-06-12 23:12:00,52.7
2025-06-12 20:33:00,93.3
2025-06-12 12:23:00,21.2
2025-06-12 13:48:00,16.0
2025-06-12 15:50:00,50.60542317173377
2025-06-12 00:45:00,77.9
2025-06-12 10:15:00,51.5
2025-06-12 02:28:00,15.5
2025-06-12 23:42:00,96.0
2025-06-12 10:04:00,50.60542317173377
2025-06-12 02:27:00,90.4
2025-06-12 22:30:00,41.0
2025-06-12 22:33:00,62.1
2025-06-12 15:25:00,81.0
2025-06-12 06:41:00,72.1
2025-06-12 13:37:00,88.8
2025-06-12 09:54:00,82.1
2025-06-12 18:00:00,11.3
2025-06-12 07:25:00,78.1
2025-06-12 11:03:00,72.1
2025-06-12 05:31:00,20.7
2025-06-12 03:50:00,50.60542317173377
2025-06-12 16:18:00,20.9
2025-06-12 03:39:00,53.8
2025-06-12 11:31:00,90.7
2025-06-12 12:32:00,98.0
2025-06-12 07:47:00,3.1
2025-06-12 22:11:00,49.2
2025-06-12 18:18:00,93.0
2025-06-12 04:19:00,85.5
2025-06-12 21:28:00,65.6
2025-06-12 19:40:00,40.8
2025-06-12 18:27:00,50.60542317173377
2025-06-12 22:48:00,50.60542317173377
2025-06-12 08:30:00,50.60542317173377
2025-06-12 10:17:00,44.9
2025-06-12 07:27:00,65.2
2025-06-12 13:48:00,90.8
2025-06-12 13:23:00,47.7
2025-06-12 16:39:00,90.4
2025-06-12 13:28:00,87.3
2025-06-12 21:00:00,4.1
2025-06-12 06:27:00,50.60542317173377
2025-06-12 01:32:00,23.7
2025-06-12 14:36:00,0.8
2025-06-12 11:23:00,4.9
2025-06-12 06:11:00,25.2
2025-06-12 18:02:00,16.1
2025-06-12 08:17:00,50.4
2025-06-12 09:18:00,50.60542317173377
2025-06-12 09:14:00,53.1
2025-06-12 22:12:00,79.9
2025-06-12 21:53:00,72.6
2025-06-12 04:12:00,14.6
2025-06-12 00:56:00,78.8
2025-06-12 05:04:00,91.3
2025-06-12 05:53:00,98.0
2025-06-12 23:16:00,12.2
2025-06-12 03:00:00,93.6
2025-06-12 23:42:00,17.4
2025-06-12 10:19:00,76.0
2025-06-12 14:28:00,58.7
2025-06-12 13:31:00,3.5
2025-06-12 01:47:00,52.4
2025-06-12 11:45:00,5.7
2025-06-12 20:18:00,76.8
2025-06-12 17:41:00,54.2
2025-06-12 14:25:00,31.9
2025-06-12 18:50:00,75.6
2025-06-12 13:29:00,99.2
2025-06-12 19:24:00,74.5
2025-06-12 13:36:00,29.7
2025-06-12 23:07:00,34.1
2025-06-12 01:55:00,28.5
2025-06-12 15:52:00,6.9
2025-06-12 00:29:00,14.3
2025-06-12 09:47:00,99.5
2025-06-12 17:40:00,53.3
2025-06-12 22:42:00,49.935598591549294
2025-06-12 19:07:00,49.935598591549294
2025-06-12 11:13:00,59.3
2025-06-12 23:13:00,49.935598591549294
2025-06-12 16:13:00,15.1
2025-06-12 06:21:00,49.935598591549294
2025-06-12 10:49:00,13.5
2025-06-12 02:35:00,6.2
2025-06-12 03:42:00,49.935598591549294
2025-06-12 15:10:00,30.2
2025-06-12 10:25:00,86.9
2025-06-12 23:28:00,66.1
2025-06-12 12:29:00,60.6
2025-06-12 04:44:00,76.1
2025-06-12 03:35:00,49.935598591549294
2025-06-12 01:11:00,0.7
2025-06-12 09:27:00,64.7
2025-06-12 19:51:00,59.0
2025-06-12 12:06:00,6.2
2025-06-12 11:27:00,10.1
2025-06-12 04:26:00,1.9
2025-06-12 14:42:00,3.5
2025-06-12 20:26:00,75.0
2025-06-12 20:26:00,6.3
2025-06-12 14:56:00,94.4
2025-06-12 17:13:00,5.5
2025-06-12 16:52:00,49.935598591549294
2025-06-12 22:01:00,98.2
2025-06-12 08:02:00,1.3
2025-06-12 23:58:00,61.8
2025-06-12 03:22:00,35.4
2025-06-12 04:37:00,49.935598591549294
2025-06-12 06:49:00,14.6
2025-06-12 02:23:00,42.6
2025-06-12 14:58:00,87.4
2025-06-12 06:00:00,74.3
2025-06-12 22:46:00,9.1
2025-06-12 12:33:00,96.3
2025-06-12 21:04:00,69.5
2025-06-12 18:12:00,98.0
2025-06-12 15:23:00,21.2
2025-06-12 04:00:00,65.4
2025-06-12 06:38:00,51.2
2025-06-12 19:04:00,44.1
2025-06-12 19:11:00,69.0
2025-06-12 00:03:00,25.7
2025-06-12 15:22:00,63.8
2025-06-12 09:59:00,47.2
2025-06-12 20:21:00,85.5
2025-06-12 07:57:00,67.5
2025-06-12 12:01:00,20.4
2025-06-12 10:08:00,10.3
2025-06-12 02:41:00,7.1
2025-06-12 09:15:00,64.7
2025-06-12 07:38:00,15.9
2025-06-12 07:04:00,92.3
2025-06-12 20:38:00,49.935598591549294
2025-06-12 06:57:00,49.935598591549294
2025-06-12 16:38:00,86.1
2025-06-12 00:06:00,4.1
2025-06-12 20:01:00,3.4
2025-06-12 06:11:00,30.9
2025-06-12 15:02:00,6.1
2025-06-12 03:21:00,66.0
2025-06-12 11:23:00,63.9
2025-06-12 17:27:00,24.6
2025-06-12 22:13:00,79.1
2025-06-12 18:03:00,45.2
2025-06-12 15:39:00,66.0
2025-06-12 01:38:00,17.0
2025-06-12 20:25:00,41.0
2025-06-12 10:03:00,86.4
2025-06-12 13:01:00,35.7
2025-06-12 01:00:00,52.6
2025-06-12 09:26:00,59.0
2025-06-12 04:16:00,74.5
2025-06-12 07:53:00,78.0
2025-06-12 23:20:00,72.1
2025-06-12 21:23:00,49.935598591549294
2025-06-12 05:45:00,49.935598591549294
2025-06-12 09:26:00,62.4
2025-06-12 12:00:00,29.8
2025-06-12 15:00:00,49.935598591549294
2025-06-12 17:28:00,66.7
2025-06-12 03:01:00,76.9
2025-06-12 10:21:00,45.3
2025-06-12 07:43:00,49.935598591549294
2025-06-12 00:32:00,69.1
2025-06-12 11:33:00,11.0
2025-06-12 04:32:00,23.7
2025-06-12 08:13:00,68.1
2025-06-12 00:25:00,100.0
2025-06-12 18:30:00,56.3
2025-06-12 03:45:00,20.4
2025-06-12 08:08:00,39.2
2025-06-12 06:25:00,0.6
2025-06-12 09:51:00,27.6
2025-06-12 13:05:00,18.0
2025-06-12 02:15:00,86.0
2025-06-12 09:30:00,34.8
2025-06-12 09:43:00,50.4
2025-06-12 17:39:00,8.3
2025-06-12 15:12:00,42.1
2025-06-12 21:15:00,49.935598591549294
2025-06-12 20:04:00,49.935598591549294
2025-06-12 05:51:00,73.1
2025-06-12 18:03:00,22.7
2025-06-12 11:11:00,76.1
2025-06-12 13:04:00,75.4
2025-06-12 06:57:00,5.1
2025-06-12 22:56:00,91.8
2025-06-12 20:10:00,94.3
2025-06-12 17:55:00,18.9
2025-06-12 23:31:00,61.1
2025-06-12 08:22:00,57.0
2025-06-12 16:26:00,5.1
2025-06-12 05:28:00,43.7
2025-06-12 00:57:00,49.935598591549294
2025-06-12 09:45:00,14.6
2025-06-12 22:01:00,45.8
2025-06-12 04:29:00,49.935598591549294
2025-06-12 10:46:00,6.3
2025-06-12 23:27:00,38.3
2025-06-12 23:10:00,32.5
2025-06-12 01:56:00,49.935598591549294
2025-06-12 17:33:00,40.3
2025-06-12 09:37:00,30.5
2025-06-12 13:09:00,90.3
2025-06-12 07:55:00,7.0
2025-06-12 05:20:00,68.2
2025-06-12 04:25:00,27.9
2025-06-12 02:29:00,14.9
2025-06-12 14:34:00,2.0
2025-06-12 09:12:00,94.4
2025-06-12 09:13:00,28.2
2025-06-12 19:32:00,83.9
2025-06-12 03:02:00,49.935598591549294
2025-06-12 14:40:00,89.6
2025-06-12 12:10:00,4.8
2025-06-12 10:50:00,95.4
2025-06-12 00:45:00,39.4
2025-06-12 20:10:00,52.7
2025-06-12 04:20:00,44.7
2025-06-12 18:10:00,52.3
2025-06-12 05:59:00,88.5
2025-06-12 23:00:00,41.3
2025-06-12 13:59:00,30.9
2025-06-12 18:47:00,57.8
2025-06-12 15:38:00,71.9
2025-06-12 00:42:00,8.7
2025-06-12 11:13:00,63.3
2025-06-12 13:41:00,45.1
2025-06-12 18:16:00,55.5
2025-06-12 21:34:00,65.8
2025-06-12 15:51:00,79.2
2025-06-12 11:57:00,40.1
2025-06-12 08:41:00,99.3
2025-06-12 19:45:00,45.3
2025-06-12 03:30:00,55.5
2025-06-12 21:53:00,68.2
2025-06-12 11:01:00,28.8
2025-06-12 13:15:00,89.4
2025-06-12 11:35:00,49.6
2025-06-12 04:13:00,54.9
2025-06-12 07:55:00,69.5
2025-06-12 03:33:00,89.0
2025-06-12 16:13:00,49.935598591549294
2025-06-12 14:48:00,81.4
2025-06-12 23:26:00,10.9
2025-06-12 00:37:00,49.935598591549294
2025-06-12 09:13:00,62.4
2025-06-12 21:48:00,26.3
2025-06-12 11:28:00,49.935598591549294
2025-06-12 22:52:00,23.8
2025-06-12 19:51:00,9.6
2025-06-12 06:57:00,49.935598591549294
2025-06-12 00:38:00,99.7
2025-06-12 09:54:00,83.7
2025-06-12 04:34:00,58.1
2025-06-12 13:30:00,35.3
2025-06-12 19:09:00,32.7
2025-06-12 23:35:00,63.6
2025-06-12 04:03:00,49.935598591549294
2025-06-12 15:36:00,24.9
2025-06-12 01:41:00,33.6
2025-06-12 17:55:00,85.0
2025-06-12 04:50:00,41.1
2025-06-12 01:03:00,66.8
2025-06-12 12:23:00,16.8
2025-06-12 01:04:00,85.2
2025-06-12 21:53:00,82.5
2025-06-12 14:18:00,19.9
2025-06-12 09:34:00,49.935598591549294
2025-06-12 23:09:00,88.9
2025-06-12 03:39:00,26.9
2025-06-12 19:30:00,50.0
2025-06-12 06:09:00,31.4
2025-06-12 13:20:00,32.2
2025-06-12 07:27:00,82.7
2025-06-12 06:39:00,51.9
2025-06-12 17:06:00,49.935598591549294
2025-06-12 19:37:00,49.935598591549294
2025-06-12 16:35:00,88.9
2025-06-12 22:25:00,75.3
2025-06-12 08:49:00,24.5
2025-06-12 01:27:00,82.6
2025-06-12 12:00:00,63.8
2025-06-12 15:09:00,93.0
2025-06-12 22:13:00,53.4
2025-06-12 23:07:00,1.9
2025-06-12 20:12:00,34.4
2025-06-12 10:18:00,99.0
2025-06-12 18:51:00,52.9
2025-06-12 23:17:00,5.1
2025-06-12 21:57:00,60.2
2025-06-12 07:00:00,49.935598591549294
2025-06-12 10:23:00,81.0
2025-06-12 20:31:00,67.3
2025-06-12 09:43:00,91.1
2025-06-12 14:39:00,66.1
2025-06-12 02:44:00,49.8
2025-06-12 13:54:00,10.1
2025-06-12 11:00:00,49.935598591549294
2025-06-12 12:52:00,21.3
2025-06-12 00:43:00,75.0
2025-06-12 11:00:00,96.6
2025-06-12 12:31:00,49.935598591549294
2025-06-12 09:46:00,49.935598591549294
2025-06-12 06:12:00,42.5
2025-06-12 00:06:00,71.8
2025-06-12 00:03:00,40.9
2025-06-12 23:58:00,21.0
2025-06-12 15:04:00,46.1
2025-06-12 23:36:00,19.3
2025-06-12 14:19:00,49.935598591549294
2025-06-12 05:42:00,85.1
2025-06-12 17:32:00,46.7
2025-06-12 21:48:00,49.935598591549294
2025-06-12 21:37:00,47.3
2025-06-12 09:48:00,65.8
2025-06-12 08:21:00,63.8
2025-06-12 10:06:00,49.935598591549294
2025-06-12 02:07:00,39.5
2025-06-12 09:38:00,99.7
2025-06-12 15:56:00,49.935598591549294
2025-06-12 18:50:00,64.8
2025-06-12 03:44:00,56.7
2025-06-12 01:42:00,64.7
2025-06-12 20:52:00,30.2
2025-06-12 21:13:00,2.5
2025-06-12 07:14:00,99.8
2025-06-12 05:50:00,30.2
2025-06-12 09:45:00,25.2
2025-06-12 09:19:00,85.4
2025-06-12 18:23:00,20.8
2025-06-12 22:42:00,12.3
2025-06-12 09:15:00,73.0
2025-06-12 20:01:00,20.3
2025-06-12 07:22:00,94.5
2025-06-12 10:49:00,49.3
2025-06-12 02:14:00,19.5
2025-06-12 11:04:00,25.1
2025-06-12 13:55:00,4.0
2025-06-12 14:39:00,97.0
2025-06-12 11:33:00,78.7
2025-06-12 14:06:00,49.935598591549294
2025-06-12 06:50:00,49.935598591549294
2025-06-12 08:56:00,45.0
2025-06-12 04:43:00,68.2
2025-06-12 00:04:00,95.6
2025-06-12 11:59:00,76.9
2025-06-12 03:33:00,0.6
2025-06-12 05:43:00,38.1
2025-06-12 07:24:00,49.935598591549294
2025-06-12 14:35:00,49.935598591549294
2025-06-12 06:52:00,59.1
2025-06-12 10:17:00,82.4
2025-06-12 01:52:00,19.6
2025-06-12 00:51:00,49.935598591549294
2025-06-12 17:49:00,95.9
2025-06-12 14:15:00,92.6
2025-06-12 09:49:00,9.2
2025-06-12 23:24:00,13.1
2025-06-12 19:11:00,17.3
2025-06-12 06:06:00,86.4
2025-06-12 23:46:00,49.935598591549294
2025-06-12 19:40:00,13.6
2025-06-12 01:17:00,11.5
2025-06-12 10:21:00,98.5
2025-06-12 16:12:00,91.6
2025-06-12 11:58:00,51.1
2025-06-12 07:23:00,6.0
2025-06-12 12:33:00,49.935598591549294
2025-06-12 02:54:00,90.3
2025-06-12 16:26:00,30.9
2025-06-12 06:00:00,56.2
2025-06-12 07:47:00,78.2
2025-06-12 16:58:00,34.5
2025-06-12 01:00:00,34.2
2025-06-12 06:10:00,88.9
2025-06-12 10:28:00,76.3
2025-06-12 03:55:00,37.4
2025-06-12 04:14:00,24.9
2025-06-12 00:37:00,90.8
2025-06-12 22:54:00,49.935598591549294
2025-06-12 20:24:00,95.1
2025-06-12 21:27:00,38.8
2025-06-12 04:58:00,51.7
2025-06-12 20:13:00,18.5
2025-06-12 11:16:00,57.8
2025-06-12 21:53:00,25.2
2025-06-12 15:49:00,60.1
2025-06-12 21:49:00,22.6
2025-06-12 17:15:00,49.935598591549294
2025-06-12 14:22:00,65.6
2025-06-12 13:13:00,25.4
2025-06-12 15:17:00,49.935598591549294
2025-06-12 16:33:00,94.7
2025-06-12 13:02:00,87.2
2025-06-12 04:54:00,26.1
2025-06-12 04:00:00,7.4
2025-06-12 21:08:00,17.8
2025-06-12 20:33:00,43.9
2025-06-12 00:47:00,69.6
2025-06-12 02:48:00,69.7
2025-06-12 10:49:00,17.6
2025-06-12 01:21:00,53.7
2025-06-12 13:08:00,51.7
2025-06-12 23:25:00,90.5
2025-06-12 05:38:00,62.8
2025-06-12 17:47:00,38.0
2025-06-12 19:16:00,9.5
2025-06-12 08:40:00,81.1
2025-06-12 21:19:00,24.9
2025-06-12 06:33:00,54.3
2025-06-12 18:46:00,78.9
2025-06-12 22:17:00,96.4
2025-06-12 20:36:00,75.6
2025-06-12 00:49:00,69.1
2025-06-12 04:46:00,42.5
2025-06-12 04:01:00,38.2
2025-06-12 01:58:00,5.0
2025-06-12 19:17:00,57.4
2025-06-12 11:40:00,49.935598591549294
2025-06-12 14:57:00,6.7
2025-06-12 16:19:00,5.7
2025-06-12 21:41:00,61.9
2025-06-12 20:14:00,93.3
2025-06-12 22:46:00,21.5
2025-06-12 17:54:00,34.7
2025-06-12 07:42:00,66.1
2025-06-12 15:54:00,28.2
2025-06-12 09:13:00,65.5
2025-06-12 02:11:00,51.0
2025-06-12 15:52:00,32.0
2025-06-12 08:57:00,85.9
2025-06-12 09:20:00,67.7
2025-06-12 03:04:00,12.2
2025-06-12 10:21:00,49.740225962104276
2025-06-12 17:29:00,3.2
2025-06-12 22:22:00,70.6
2025-06-12 00:20:00,49.740225962104276
2025-06-12 00:57:00,4.4
2025-06-12 13:05:00,19.1
2025-06-12 17:50:00,96.0
2025-06-12 19:46:00,88.6
2025-06-12 13:03:00,73.9
2025-06-12 19:51:00,49.740225962104276
2025-06-12 03:13:00,47.7
2025-06-12 11:01:00,72.1
2025-06-12 15:16:00,49.740225962104276
2025-06-12 22:04:00,76.6
2025-06-12 10:12:00,86.8
2025-06-12 10:01:00,96.2
2025-06-12 12:14:00,26.7
2025-06-12 09:20:00,30.2
2025-06-12 08:51:00,49.740225962104276
2025-06-12 09:35:00,40.8
2025-06-12 00:46:00,84.7
2025-06-12 15:12:00,32.1
2025-06-12 06:17:00,13.4
2025-06-12 11:40:00,49.740225962104276
2025-06-12 03:25:00,85.9
2025-06-12 14:09:00,33.7
2025-06-12 18:27:00,32.2
2025-06-12 20:53:00,49.740225962104276
2025-06-12 16:05:00,49.740225962104276
2025-06-12 05:13:00,40.1
2025-06-12 22:44:00,59.4
2025-06-12 00:29:00,70.2
2025-06-12 06:19:00,94.6
2025-06-12 07:34:00,77.1
2025-06-12 00:07:00,96.0
2025-06-12 04:58:00,19.5
2025-06-12 03:34:00,63.4
2025-06-12 19:15:00,70.8
2025-06-12 21:58:00,49.740225962104276
2025-06-12 13:57:00,66.8
2025-06-12 08:10:00,49.740225962104276
2025-06-12 21:46:00,97.7
2025-06-12 21:51:00,51.1
2025-06-12 18:08:00,55.2
2025-06-12 05:03:00,12.3
2025-06-12 20:10:00,64.2
2025-06-12 04:17:00,62.0
2025-06-12 07:04:00,1.8
2025-06-12 00:43:00,94.1
2025-06-12 04:31:00,32.5
2025-06-12 18:08:00,19.7
2025-06-12 16:22:00,60.7
2025-06-12 19:20:00,11.9
2025-06-12 19:36:00,85.4
2025-06-12 13:11:00,21.3
2025-06-12 07:36:00,3.8
2025-06-12 09:08:00,49.740225962104276
2025-06-12 22:04:00,33.9
2025-06-12 00:42:00,62.0
2025-06-12 07:23:00,9.2
2025-06-12 01:40:00,66.5
2025-06-12 20:35:00,89.6
2025-06-12 03:39:00,41.2
2025-06-12 20:19:00,2.7
2025-06-12 09:17:00,49.740225962104276
2025-06-12 09:43:00,49.740225962104276
2025-06-12 15:47:00,89.0
2025-06-12 14:13:00,50.9
2025-06-12 06:22:00,49.740225962104276
2025-06-12 18:18:00,95.4
2025-06-12 01:41:00,12.6
2025-06-12 21:04:00,98.8
2025-06-12 09:43:00,17.1
2025-06-12 04:44:00,47.3
2025-06-12 12:06:00,49.740225962104276
2025-06-12 08:42:00,34.5
2025-06-12 03:07:00,33.7
2025-06-12 15:55:00,9.7
2025-06-12 12:58:00,49.740225962104276
2025-06-12 22:46:00,49.740225962104276
2025-06-12 15:45:00,27.0
2025-06-12 06:11:00,7.0
2025-06-12 17:04:00,61.3
2025-06-12 09:27:00,40.1
2025-06-12 13:36:00,81.2
2025-06-12 00:52:00,73.1
2025-06-12 11:35:00,87.6
2025-06-12 04:07:00,24.7
2025-06-12 11:39:00,77.5
2025-06-12 15:06:00,83.6
2025-06-12 01:32:00,44.3
2025-06-12 13:20:00,74.7
2025-06-12 17:41:00,35.9
2025-06-12 20:24:00,33.1
2025-06-12 12:13:00,75.6
2025-06-12 09:30:00,9.9
2025-06-12 16:19:00,49.740225962104276
2025-06-12 12:44:00,49.740225962104276
2025-06-12 15:07:00,2.5
2025-06-12 19:56:00,30.7
2025-06-12 09:21:00,10.1
2025-06-12 01:43:00,54.0
2025-06-12 00:33:00,9.9
2025-06-12 20:18:00,49.740225962104276
2025-06-12 21:27:00,16.8
2025-06-12 14:43:00,49.740225962104276
2025-06-12 11:25:00,3.7
2025-06-12 11:13:00,79.6
2025-06-12 05:55:00,79.7
2025-06-12 09:01:00,97.9
2025-06-12 11:15:00,90.7
2025-06-12 13:43:00,37.9
2025-06-12 13:27:00,49.740225962104276
2025-06-12 17:02:00,48.9
2025-06-12 19:39:00,21.8
2025-06-12 06:38:00,40.4
2025-06-12 02:23:00,49.740225962104276
2025-06-12 22:48:00,97.5
2025-06-12 00:32:00,51.5
2025-06-12 07:56:00,55.8
2025-06-12 15:59:00,87.6
2025-06-12 22:30:00,33.4
2025-06-12 04:44:00,18.7
2025-06-12 08:40:00,61.2
2025-06-12 10:25:00,45.5
2025-06-12 05:55:00,94.0
2025-06-12 14:00:00,65.6
2025-06-12 03:31:00,78.7
2025-06-12 11:42:00,2.0
2025-06-12 01:38:00,84.5
2025-06-12 16:27:00,37.2
2025-06-12 13:10:00,89.4
2025-06-12 02:59:00,92.3
2025-06-12 19:16:00,43.4
2025-06-12 05:05:00,59.2
2025-06-12 10:43:00,49.740225962104276
2025-06-12 23:58:00,7.7
2025-06-12 09:55:00,76.0
2025-06-12 13:56:00,25.6
2025-06-12 22:10:00,93.7
2025-06-12 04:49:00,93.9
2025-06-12 02:35:00,49.740225962104276
2025-06-12 07:04:00,38.4
2025-06-12 11:12:00,100.0
2025-06-12 11:12:00,82.3
2025-06-12 23:39:00,15.3
2025-06-12 21:19:00,49.740225962104276
2025-06-12 21:54:00,52.8
2025-06-12 18:42:00,15.4
2025-06-12 14:04:00,49.740225962104276
2025-06-12 07:08:00,70.9
2025-06-12 20:07:00,98.7
2025-06-12 18:03:00,49.740225962104276
2025-06-12 23:15:00,41.5
2025-06-12 03:39:00,59.6
2025-06-12 03:41:00,14.5
2025-06-12 16:55:00,41.4
2025-06-12 06:06:00,96.6
2025-06-12 12:32:00,33.8
2025-06-12 19:18:00,49.740225962104276
2025-06-12 10:07:00,85.5
2025-06-12 08:57:00,20.6
2025-06-12 20:07:00,10.3
2025-06-12 20:43:00,15.6
2025-06-12 06:14:00,21.7
2025-06-12 00:14:00,9.7
2025-06-12 17:44:00,32.7
2025-06-12 02:19:00,98.2
2025-06-12 00:01:00,49.740225962104276
2025-06-12 03:56:00,64.8
2025-06-12 23:18:00,34.7
2025-06-12 04:41:00,5.2
2025-06-12 15:06:00,63.4
2025-06-12 15:50:00,84.5
2025-06-12 22:19:00,59.3
2025-06-12 16:35:00,26.8
2025-06-12 03:42:00,5.0
2025-06-12 04:01:00,34.4
2025-06-12 05:43:00,22.8
2025-06-12 15:41:00,13.2
2025-06-12 18:53:00,7.7
2025-06-12 08:14:00,82.0
2025-06-12 14:07:00,79.8
2025-06-12 06:05:00,17.8
2025-06-12 18:03:00,99.8
2025-06-12 15:24:00,26.5
2025-06-12 04:18:00,80.5
2025-06-12 23:51:00,9.5
2025-06-12 14:42:00,49.740225962104276
2025-06-12 15:19:00,49.740225962104276
2025-06-12 03:21:00,25.7
2025-06-12 03:56:00,49.740225962104276
2025-06-12 03:11:00,29.8
2025-06-12 20:37:00,11.0
2025-06-12 06:47:00,42.8
2025-06-12 05:41:00,73.4
2025-06-12 18:35:00,51.7
2025-06-12 21:18:00,3.5
2025-06-12 07:15:00,85.4
2025-06-12 22:49:00,88.2
2025-06-12 08:18:00,49.740225962104276
2025-06-12 07:15:00,47.8
2025-06-12 08:54:00,5.7
2025-06-12 11:08:00,49.740225962104276
2025-06-12 15:07:00,49.740225962104276
2025-06-12 06:21:00,49.740225962104276
2025-06-12 04:37:00,16.3
2025-06-12 09:08:00,70.5
2025-06-12 17:37:00,5.1
2025-06-12 04:20:00,58.3
2025-06-12 10:46:00,36.3
2025-06-12 08:41:00,7.7
2025-06-12 09:04:00,49.740225962104276
2025-06-12 19:41:00,40.9
2025-06-12 07:04:00,25.6
2025-06-12 00:20:00,60.4
2025-06-12 01:48:00,38.9
2025-06-12 00:38:00,49.740225962104276
2025-06-12 23:38:00,65.0
2025-06-12 23:37:00,6.6
2025-06-12 15:18:00,89.8
2025-06-12 07:07:00,95.8
2025-06-12 03:46:00,37.3
2025-06-12 04:44:00,49.740225962104276
2025-06-12 03:25:00,91.5
2025-06-12 06:18:00,49.740225962104276
2025-06-12 18:07:00,38.4
2025-06-12 13:55:00,49.740225962104276
2025-06-12 20:08:00,96.8
2025-06-12 13:36:00,30.8
2025-06-12 09:41:00,64.2
2025-06-12 01:43:00,10.3
2025-06-12 08:26:00,49.740225962104276
2025-06-12 03:40:00,36.5
2025-06-12 08:11:00,76.5
2025-06-12 05:41:00,50.8
2025-06-12 12:51:00,84.6
2025-06-12 23:19:00,62.8
2025-06-12 11:06:00,67.2
2025-06-12 01:28:00,71.4
2025-06-12 03:31:00,84.2
2025-06-12 09:28:00,7.0
2025-06-12 18:19:00,5.5
2025-06-12 14:06:00,26.7
2025-06-12 09:01:00,47.7
2025-06-12 10:59:00,33.9
2025-06-12 13:27:00,49.4
2025-06-12 19:00:00,87.2
2025-06-12 06:59:00,8.4
2025-06-12 07:21:00,93.8
2025-06-12 18:09:00,63.9
2025-06-12 21:45:00,52.2
2025-06-12 22:46:00,5.2
2025-06-12 03:19:00,65.6
2025-06-12 07:46:00,34.0
2025-06-12 09:42:00,22.2
2025-06-12 04:05:00,14.2
2025-06-12 04:12:00,84.1
2025-06-12 14:12:00,49.740225962104276
2025-06-12 04:20:00,79.9
2025-06-12 12:08:00,49.740225962104276
2025-06-12 11:15:00,74.1
2025-06-12 08:13:00,8.1
2025-06-12 02:09:00,78.1
2025-06-12 04:01:00,3.4
2025-06-12 05:40:00,87.5
2025-06-12 19:16:00,65.9
2025-06-12 11:13:00,30.9
2025-06-12 04:06:00,14.5
2025-06-12 12:27:00,91.0
2025-06-12 14:31:00,53.1
2025-06-12 22:01:00,49.740225962104276
2025-06-12 17:42:00,87.0
2025-06-12 04:56:00,16.6
2025-06-12 12:32:00,56.5
2025-06-12 16:21:00,23.9
2025-06-12 23:53:00,23.7
2025-06-12 02:00:00,14.2
2025-06-12 07:09:00,87.5
2025-06-12 08:47:00,73.1
2025-06-12 05:12:00,50.3
2025-06-12 21:55:00,0.1
2025-06-12 08:58:00,49.740225962104276
2025-06-12 17:36:00,10.9
2025-06-12 23:29:00,49.740225962104276
2025-06-12 19:27:00,16.3
2025-06-12 23:55:00,73.7
2025-06-12 12:24:00,18.0
2025-06-12 09:39:00,76.0
2025-06-12 06:14:00,75.7
2025-06-12 17:02:00,48.9
2025-06-12 19:49:00,25.0
2025-06-12 09:35:00,73.4
2025-06-12 00:12:00,28.9
2025-06-12 15:03:00,1.8
2025-06-12 19:12:00,27.8
2025-06-12 00:47:00,89.5
2025-06-12 14:11:00,86.3
2025-06-12 02:10:00,52.6
2025-06-12 21:47:00,75.2
2025-06-12 03:50:00,14.2
2025-06-12 03:08:00,4.7
2025-06-12 10:42:00,50.9
2025-06-12 19:20:00,65.0
2025-06-12 20:41:00,38.1
2025-06-12 13:51:00,19.6
2025-06-12 06:50:00,62.3
2025-06-12 07:41:00,76.2
2025-06-12 00:11:00,11.6
2025-06-12 04:48:00,29.2
2025-06-12 03:54:00,21.6
2025-06-12 20:55:00,94.1
2025-06-12 20:35:00,58.2
2025-06-12 20:53:00,84.5
2025-06-12 13:47:00,39.2
2025-06-12 15:38:00,67.4
2025-06-12 07:02:00,45.3
2025-06-12 07:57:00,49.740225962104276
2025-06-12 08:42:00,74.1
2025-06-12 03:40:00,39.8
2025-06-12 16:49:00,49.740225962104276
2025-06-12 23:24:00,20.7
2025-06-12 03:52:00,77.7
2025-06-12 04:14:00,59.7
2025-06-12 15:22:00,50.18838223164841
2025-06-12 13:59:00,71.6
2025-06-12 15:08:00,37.8
2025-06-12 12:32:00,1.9
2025-06-12 15:02:00,2.5
2025-06-12 20:43:00,51.0
2025-06-12 23:19:00,93.2
2025-06-12 06:54:00,50.18838223164841
2025-06-12 20:10:00,75.5
2025-06-12 12:18:00,98.5
2025-06-12 09:23:00,39.4
2025-06-12 03:59:00,50.18838223164841
2025-06-12 20:16:00,50.18838223164841
2025-06-12 06:00:00,89.1
2025-06-12 00:35:00,79.2
2025-06-12 17:36:00,51.3
2025-06-12 21:51:00,32.4
2025-06-12 03:33:00,65.7
2025-06-12 12:01:00,21.0
2025-06-12 04:07:00,66.3
2025-06-12 18:13:00,80.4
2025-06-12 06:12:00,26.9
2025-06-12 03:52:00,70.8
2025-06-12 20:04:00,10.1
2025-06-12 18:23:00,58.9
2025-06-12 23:34:00,3.5
2025-06-12 09:16:00,70.7
2025-06-12 07:07:00,83.7
2025-06-12 11:16:00,30.8
2025-06-12 15:00:00,27.0
2025-06-12 09:53:00,50.18838223164841
2025-06-12 17:57:00,70.4
2025-06-12 13:00:00,99.9
2025-06-12 08:20:00,93.9
2025-06-12 19:11:00,14.5
2025-06-12 17:30:00,82.9
2025-06-12 23:59:00,72.1
2025-06-12 03:20:00,50.6
2025-06-12 03:33:00,0.5
2025-06-12 16:29:00,69.6
2025-06-12 08:22:00,50.18838223164841
2025-06-12 01:33:00,50.18838223164841
2025-06-12 15:57:00,48.6
2025-06-12 20:28:00,50.18838223164841
2025-06-12 22:38:00,79.7
2025-06-12 15:29:00,57.9
2025-06-12 13:59:00,50.0
2025-06-12 16:28:00,50.18838223164841
2025-06-12 13:27:00,81.3
2025-06-12 21:16:00,50.18838223164841
2025-06-12 13:37:00,83.8
2025-06-12 05:09:00,69.8
2025-06-12 13:45:00,50.18838223164841
2025-06-12 16:30:00,45.3
2025-06-12 20:15:00,63.7
2025-06-12 17:02:00,50.18838223164841
2025-06-12 03:50:00,72.4
2025-06-12 04:01:00,35.5
2025-06-12 18:27:00,13.2
2025-06-12 11:14:00,2.1
2025-06-12 08:07:00,69.3
2025-06-12 16:51:00,14.3
2025-06-12 11:04:00,58.8
2025-06-12 12:51:00,61.0
2025-06-12 11:27:00,11.0
2025-06-12 03:09:00,39.3
2025-06-12 20:55:00,50.18838223164841
2025-06-12 11:03:00,31.7
2025-06-12 21:16:00,20.9
2025-06-12 21:38:00,66.7
2025-06-12 18:27:00,62.2
2025-06-12 02:34:00,91.9
2025-06-12 02:19:00,19.7
2025-06-12 21:48:00,8.2
2025-06-12 12:07:00,50.18838223164841
2025-06-12 14:34:00,15.0
2025-06-12 21:44:00,5.8
2025-06-12 11:48:00,87.6
2025-06-12 10:24:00,42.7
2025-06-12 22:57:00,92.7
2025-06-12 10:07:00,23.4
2025-06-12 03:23:00,50.18838223164841
2025-06-12 16:52:00,22.3
2025-06-12 06:54:00,74.0
2025-06-12 17:19:00,50.18838223164841
2025-06-12 16:41:00,56.3
2025-06-12 15:58:00,87.6
2025-06-12 12:52:00,83.6
2025-06-12 03:28:00,93.3
2025-06-12 15:38:00,97.8
2025-06-12 17:24:00,50.4
2025-06-12 20:09:00,61.7
2025-06-12 09:17:00,59.6
2025-06-12 18:58:00,20.6
2025-06-12 01:06:00,32.7
2025-06-12 21:09:00,91.4
2025-06-12 19:51:00,18.9
2025-06-12 22:52:00,71.0
2025-06-12 08:19:00,76.2
2025-06-12 15:55:00,25.5
2025-06-12 11:10:00,94.2
2025-06-12 02:42:00,42.8
2025-06-12 17:30:00,76.7
2025-06-12 06:05:00,75.5
2025-06-12 07:06:00,99.9
2025-06-12 12:58:00,50.18838223164841
2025-06-12 02:17:00,83.7
2025-06-12 17:03:00,76.3
2025-06-12 17:27:00,1.8
2025-06-12 08:31:00,18.2
2025-06-12 08:28:00,2.1
2025-06-12 06:53:00,50.18838223164841
2025-06-12 20:11:00,21.7
2025-06-12 08:39:00,98.3
2025-06-12 13:51:00,18.5
2025-06-12 15:58:00,44.7
2025-06-12 02:14:00,89.4
2025-06-12 09:46:00,40.2
2025-06-12 12:09:00,39.1
2025-06-12 04:38:00,2.5
2025-06-12 04:13:00,5.2
2025-06-12 01:16:00,29.7
2025-06-12 10:42:00,7.8
2025-06-12 21:32:00,74.6
2025-06-12 00:01:00,65.4
2025-06-12 15:14:00,72.0
2025-06-12 22:42:00,52.5
2025-06-12 10:24:00,0.9
2025-06-12 02:22:00,81.9
2025-06-12 16:23:00,58.7
2025-06-12 16:15:00,50.18838223164841
2025-06-12 15:21:00,50.18838223164841
2025-06-12 15:10:00,50.18838223164841
2025-06-12 09:45:00,50.18838223164841
2025-06-12 12:48:00,21.0
2025-06-12 19:31:00,25.5
2025-06-12 19:33:00,58.9
2025-06-12 18:25:00,32.8
2025-06-12 23:54:00,75.8
2025-06-12 14:12:00,7.8
2025-06-12 17:31:00,50.18838223164841
2025-06-12 19:35:00,77.0
2025-06-12 00:36:00,22.6
2025-06-12 05:50:00,45.6
2025-06-12 18:51:00,3.0
2025-06-12 07:55:00,40.7
2025-06-12 17:11:00,8.9
2025-06-12 04:45:00,88.7
2025-06-12 02:28:00,73.2
2025-06-12 14:01:00,15.8
2025-06-12 22:44:00,93.3
2025-06-12 05:56:00,92.9
2025-06-12 01:02:00,59.3
2025-06-12 17:40:00,78.6
2025-06-12 17:20:00,2.4
2025-06-12 20:41:00,47.4
2025-06-12 00:42:00,50.18838223164841
2025-06-12 08:37:00,24.7
2025-06-12 15:08:00,26.2
2025-06-12 06:44:00,33.8
2025-06-12 11:59:00,56.0
2025-06-12 17:52:00,44.1
2025-06-12 17:28:00,88.8
2025-06-12 13:20:00,5.3
2025-06-12 07:39:00,24.1
2025-06-12 11:27:00,22.2
2025-06-12 08:45:00,31.2
2025-06-12 13:31:00,44.6
2025-06-12 15:58:00,3.7
2025-06-12 19:37:00,73.8
2025-06-12 08:53:00,33.4
2025-06-12 02:45:00,82.6
2025-06-12 21:43:00,24.7
2025-06-12 01:27:00,70.9
2025-06-12 03:36:00,55.8
2025-06-12 06:13:00,50.18838223164841
2025-06-12 18:51:00,81.2
2025-06-12 05:04:00,72.9
2025-06-12 07:21:00,11.6
2025-06-12 02:43:00,10.6
2025-06-12 12:44:00,98.0
2025-06-12 06:31:00,69.1
2025-06-12 08:41:00,94.2
2025-06-12 18:04:00,36.4
2025-06-12 11:48:00,40.1
2025-06-12 03:28:00,92.6
2025-06-12 00:14:00,47.6
2025-06-12 18:51:00,50.18838223164841
2025-06-12 20:40:00,12.6
2025-06-12 18:23:00,63.2
2025-06-12 14:41:00,47.8
2025-06-12 21:59:00,50.18838223164841
2025-06-12 19:25:00,2.0
2025-06-12 03:32:00,87.6
2025-06-12 01:47:00,31.6
2025-06-12 03:41:00,83.9
2025-06-12 13:08:00,22.9
2025-06-12 01:02:00,50.18838223164841
2025-06-12 19:21:00,60.8
2025-06-12 02:04:00,68.2
2025-06-12 07:33:00,16.5
2025-06-12 05:23:00,51.3
2025-06-12 04:04:00,75.3
2025-06-12 12:25:00,10.2
2025-06-12 20:24:00,50.18838223164841
2025-06-12 12:39:00,5.9
2025-06-12 15:38:00,92.2
2025-06-12 17:20:00,19.2
2025-06-12 22:18:00,50.18838223164841
2025-06-12 06:32:00,50.18838223164841
2025-06-12 12:00:00,21.7
2025-06-12 10:22:00,67.7
2025-06-12 11:57:00,89.4
2025-06-12 03:24:00,2.1
2025-06-12 06:53:00,50.18838223164841
2025-06-12 08:31:00,2.4
2025-06-12 13:21:00,23.7
2025-06-12 23:11:00,53.0
2025-06-12 20:41:00,62.1
2025-06-12 19:33:00,58.7
2025-06-12 08:55:00,76.3
2025-06-12 14:04:00,12.3
2025-06-12 08:25:00,7.3
2025-06-12 10:34:00,50.18838223164841
2025-06-12 11:44:00,32.4
2025-06-12 21:00:00,60.9
2025-06-12 07:07:00,50.18838223164841
2025-06-12 12:44:00,96.8
2025-06-12 22:08:00,73.3
2025-06-12 08:37:00,82.4
2025-06-12 21:59:00,19.4
2025-06-12 01:40:00,50.18838223164841
2025-06-12 15:18:00,83.5
2025-06-12 02:55:00,50.18838223164841
2025-06-12 14:52:00,50.18838223164841
2025-06-12 02:53:00,50.18838223164841
2025-06-12 07:50:00,41.8
2025-06-12 20:31:00,71.7
2025-06-12 01:22:00,50.18838223164841
2025-06-12 18:09:00,79.7
2025-06-12 00:08:00,35.0
2025-06-12 05:28:00,50.18838223164841
2025-06-12 16:28:00,15.7
2025-06-12 10:03:00,50.18838223164841
2025-06-12 19:38:00,58.8
2025-06-12 14:56:00,80.8
2025-06-12 15:03:00,11.4
2025-06-12 13:37:00,50.18838223164841
2025-06-12 18:01:00,50.18838223164841
2025-06-12 01:27:00,11.1
2025-06-12 12:27:00,50.18838223164841
2025-06-12 05:28:00,77.0
2025-06-12 12:10:00,35.7
2025-06-12 09:20:00,50.18838223164841
2025-06-12 04:10:00,93.1
2025-06-12 22:14:00,11.1
2025-06-12 22:21:00,43.1
2025-06-12 01:23:00,34.7
2025-06-12 08:36:00,77.8
2025-06-12 10:57:00,51.9
2025-06-12 17:02:00,79.9
2025-06-12 05:46:00,50.18838223164841
2025-06-12 00:32:00,79.8
2025-06-12 04:40:00,27.1
2025-06-12 17:06:00,69.3
2025-06-12 07:49:00,50.18838223164841
2025-06-12 20:54:00,65.1
2025-06-12 13:27:00,91.8
2025-06-12 20:46:00,85.8
2025-06-12 20:44:00,50.18838223164841
2025-06-12 20:02:00,6.4
2025-06-12 16:59:00,47.2
2025-06-12 05:41:00,76.4
2025-06-12 20:12:00,90.0
2025-06-12 17:04:00,75.8
2025-06-12 09:13:00,43.9
2025-06-12 16:06:00,73.6
2025-06-12 12:13:00,27.8
2025-06-12 13:47:00,27.1
2025-06-12 22:53:00,53.2
2025-06-12 10:56:00,28.1
2025-06-12 12:43:00,66.9
2025-06-12 21:08:00,78.0
2025-06-12 04:00:00,50.18838223164841
2025-06-12 16:07:00,50.18838223164841
2025-06-12 04:23:00,62.0
2025-06-12 15:59:00,54.8
2025-06-12 07:05:00,77.2
2025-06-12 07:05:00,92.2
2025-06-12 13:11:00,18.8
2025-06-12 03:13:00,41.8
2025-06-12 06:31:00,28.2
2025-06-12 14:21:00,92.3
2025-06-12 13:32:00,8.2
2025-06-12 21:23:00,88.0
2025-06-12 22:18:00,83.3
2025-06-12 08:43:00,50.18838223164841
2025-06-12 13:06:00,76.3
2025-06-12 08:26:00,50.18838223164841
2025-06-12 11:07:00,29.4
2025-06-12 23:06:00,85.4
2025-06-12 00:33:00,66.8
2025-06-12 07:02:00,50.18838223164841
2025-06-12 18:28:00,37.1
2025-06-12 00:40:00,8.7
2025-06-12 13:05:00,45.7
2025-06-12 08:17:00,97.0
2025-06-12 23:41:00,53.9
2025-06-12 03:45:00,65.9
2025-06-12 15:34:00,31.6
2025-06-12 10:39:00,79.6
2025-06-12 18:30:00,23.7
2025-06-12 12:45:00,99.2
2025-06-12 00:49:00,14.6
2025-06-12 01:26:00,63.5
2025-06-12 20:13:00,41.5
2025-06-12 08:32:00,91.5
2025-06-12 19:11:00,5.5
2025-06-12 23:13:00,99.8
2025-06-12 05:39:00,50.18838223164841
2025-06-12 11:04:00,22.6
2025-06-12 16:18:00,85.7
2025-06-12 12:31:00,19.7
2025-06-12 01:02:00,26.7
2025-06-12 04:12:00,89.7
2025-06-12 09:48:00,34.3
2025-06-12 15:41:00,63.0
2025-06-12 12:45:00,93.6
2025-06-12 09:24:00,34.2
2025-06-12 21:51:00,31.4
2025-06-12 06:36:00,19.9
2025-06-12 17:00:00,49.927249175694776
2025-06-12 19:05:00,92.3
2025-06-12 22:27:00,49.927249175694776
2025-06-12 18:35:00,13.2
2025-06-12 13:08:00,72.3
2025-06-12 20:29:00,96.4
2025-06-12 12:31:00,90.6
2025-06-12 11:09:00,93.6
2025-06-12 22:58:00,54.2
2025-06-12 12:23:00,51.4
2025-06-12 23:52:00,20.7
2025-06-12 11:04:00,68.2
2025-06-12 20:17:00,52.0
2025-06-12 09:04:00,55.3
2025-06-12 15:36:00,51.4
2025-06-12 06:58:00,89.1
2025-06-12 16:01:00,93.7
2025-06-12 16:19:00,23.9
2025-06-12 02:42:00,68.4
2025-06-12 18:30:00,76.9
2025-06-12 08:37:00,51.7
2025-06-12 21:54:00,80.3
2025-06-12 11:01:00,49.927249175694776
2025-06-12 06:06:00,96.8
2025-06-12 23:25:00,28.1
2025-06-12 18:09:00,93.3
2025-06-12 12:19:00,82.3
2025-06-12 02:51:00,8.0
2025-06-12 04:47:00,49.927249175694776
2025-06-12 06:50:00,54.3
2025-06-12 03:32:00,22.1
2025-06-12 07:46:00,23.0
2025-06-12 01:36:00,16.5
2025-06-12 15:53:00,26.7
2025-06-12 13:49:00,49.927249175694776
2025-06-12 23:43:00,35.6
2025-06-12 19:44:00,64.5
2025-06-12 23:33:00,86.5
2025-06-12 22:21:00,49.927249175694776
2025-06-12 02:09:00,49.927249175694776
2025-06-12 12:05:00,64.0
2025-06-12 18:49:00,99.8
2025-06-12 17:05:00,40.8
2025-06-12 18:16:00,95.4
2025-06-12 12:47:00,49.927249175694776
2025-06-12 16:47:00,49.4
2025-06-12 20:48:00,44.4
2025-06-12 20:21:00,13.7
2025-06-12 18:43:00,80.2
2025-06-12 19:27:00,78.7
2025-06-12 02:17:00,71.3
2025-06-12 14:29:00,8.3
2025-06-12 17:57:00,92.7
2025-06-12 03:15:00,7.8
2025-06-12 22:48:00,49.927249175694776
2025-06-12 19:51:00,8.2
2025-06-12 09:58:00,34.9
2025-06-12 01:18:00,44.5
2025-06-12 18:06:00,7.7
2025-06-12 14:35:00,49.927249175694776
2025-06-12 09:20:00,12.6
2025-06-12 06:07:00,92.0
2025-06-12 10:12:00,93.5
2025-06-12 23:03:00,81.9
2025-06-12 16:12:00,23.2
2025-06-12 00:14:00,90.9
2025-06-12 18:41:00,49.927249175694776
2025-06-12 03:04:00,79.6
2025-06-12 15:43:00,35.9
2025-06-12 06:09:00,22.7
2025-06-12 11:06:00,47.1
2025-06-12 00:04:00,31.7
2025-06-12 01:42:00,41.3
2025-06-12 20:06:00,39.7
2025-06-12 04:12:00,49.927249175694776
2025-06-12 04:21:00,94.6
2025-06-12 15:32:00,6.7
2025-06-12 05:58:00,40.1
2025-06-12 16:16:00,20.6
2025-06-12 15:40:00,94.0
2025-06-12 04:18:00,41.2
2025-06-12 07:06:00,90.3
2025-06-12 17:37:00,77.5
2025-06-12 01:49:00,66.5
2025-06-12 12:11:00,59.4
2025-06-12 21:17:00,50.4
2025-06-12 11:53:00,66.4
2025-06-12 02:38:00,81.7
2025-06-12 00:26:00,80.8
2025-06-12 02:30:00,49.927249175694776
2025-06-12 03:08:00,49.927249175694776
2025-06-12 07:47:00,43.2
2025-06-12 22:16:00,18.9
2025-06-12 15:27:00,48.8
2025-06-12 07:20:00,97.3
2025-06-12 01:03:00,2.7
2025-06-12 03:17:00,98.5
2025-06-12 21:09:00,27.2
2025-06-12 18:30:00,60.5
2025-06-12 16:06:00,3.6
2025-06-12 07:08:00,35.0
2025-06-12 08:38:00,67.4
2025-06-12 07:12:00,82.1
2025-06-12 17:42:00,41.9
2025-06-12 14:06:00,49.927249175694776
2025-06-12 03:54:00,34.6
2025-06-12 07:06:00,69.3
2025-06-12 16:17:00,82.4
2025-06-12 04:29:00,47.6
2025-06-12 07:47:00,20.2
2025-06-12 17:51:00,0.3
2025-06-12 16:07:00,49.927249175694776
2025-06-12 17:19:00,72.2
2025-06-12 17:00:00,31.7
2025-06-12 06:26:00,40.7
2025-06-12 20:33:00,8.0
2025-06-12 17:19:00,4.9
2025-06-12 03:47:00,32.7
2025-06-12 16:47:00,4.5
2025-06-12 14:54:00,61.0
2025-06-12 16:40:00,49.927249175694776
2025-06-12 11:07:00,78.5
2025-06-12 23:40:00,29.0
2025-06-12 21:49:00,77.5
2025-06-12 01:44:00,38.6
2025-06-12 11:00:00,95.5
2025-06-12 16:02:00,11.0
2025-06-12 09:48:00,49.927249175694776
2025-06-12 13:55:00,43.6
2025-06-12 11:55:00,89.7
2025-06-12 12:52:00,49.927249175694776
2025-06-12 14:06:00,76.2
2025-06-12 22:41:00,93.3
2025-06-12 10:10:00,46.0
2025-06-12 08:25:00,49.927249175694776
2025-06-12 22:35:00,45.0
2025-06-12 10:34:00,85.7
2025-06-12 02:41:00,78.4
2025-06-12 02:57:00,92.0
2025-06-12 13:08:00,49.927249175694776
2025-06-12 20:04:00,82.7
2025-06-12 11:45:00,55.9
2025-06-12 06:02:00,61.5
2025-06-12 22:01:00,49.927249175694776
2025-06-12 23:40:00,41.0
2025-06-12 20:13:00,60.0
2025-06-12 22:15:00,64.6
2025-06-12 00:09:00,17.6
2025-06-12 16:19:00,7.3
2025-06-12 01:42:00,67.6
2025-06-12 20:39:00,39.5
2025-06-12 02:29:00,53.6
2025-06-12 00:01:00,49.927249175694776
2025-06-12 15:14:00,88.0
2025-06-12 15:00:00,36.2
2025-06-12 20:11:00,98.3
2025-06-12 08:14:00,9.6
2025-06-12 08:20:00,54.6
2025-06-12 12:19:00,49.927249175694776
2025-06-12 18:47:00,37.4
2025-06-12 09:03:00,96.0
2025-06-12 02:13:00,49.927249175694776
2025-06-12 03:29:00,8.0
2025-06-12 07:31:00,36.3
2025-06-12 02:33:00,49.927249175694776
2025-06-12 07:14:00,33.9
2025-06-12 02:24:00,73.2
2025-06-12 10:08:00,62.7
2025-06-12 15:02:00,97.6
2025-06-12 13:58:00,74.0
2025-06-12 16:27:00,73.7
2025-06-12 03:02:00,1.5
2025-06-12 10:21:00,25.4
2025-06-12 22:44:00,43.5
2025-06-12 22:38:00,25.3
2025-06-12 00:37:00,78.4
2025-06-12 17:23:00,45.6
2025-06-12 13:45:00,2.2
2025-06-12 07:32:00,58.0
2025-06-12 03:15:00,0.7
2025-06-12 20:07:00,28.2
2025-06-12 01:13:00,16.8
2025-06-12 11:45:00,49.927249175694776
2025-06-12 12:34:00,89.3
2025-06-12 03:45:00,49.927249175694776
2025-06-12 15:13:00,49.927249175694776
2025-06-12 20:40:00,6.4
2025-06-12 02:50:00,32.2
2025-06-12 04:55:00,53.9
2025-06-12 06:44:00,16.9
2025-06-12 14:53:00,58.3
2025-06-12 15:44:00,49.927249175694776
2025-06-12 10:12:00,38.3
2025-06-12 06:15:00,6.6
2025-06-12 01:34:00,40.8
2025-06-12 23:22:00,49.927249175694776
2025-06-12 18:30:00,49.927249175694776
2025-06-12 07:12:00,70.3
2025-06-12 17:10:00,25.7
2025-06-12 00:37:00,10.0
2025-06-12 12:42:00,75.8
2025-06-12 11:34:00,97.0
2025-06-12 06:22:00,46.5
2025-06-12 09:33:00,45.9
2025-06-12 09:34:00,48.5
2025-06-12 08:30:00,44.2
2025-06-12 09:30:00,10.0
2025-06-12 05:48:00,37.4
2025-06-12 00:09:00,9.2
2025-06-12 14:47:00,42.6
2025-06-12 22:10:00,19.7
2025-06-12 17:18:00,84.9
2025-06-12 09:40:00,23.8
2025-06-12 00:32:00,15.1
2025-06-12 23:20:00,66.3
2025-06-12 12:43:00,11.8
2025-06-12 17:19:00,30.0
2025-06-12 11:47:00,33.1
2025-06-12 19:34:00,22.4
2025-06-12 02:17:00,72.3
2025-06-12 21:52:00,49.927249175694776
2025-06-12 10:33:00,18.7
2025-06-12 15:32:00,22.6
2025-06-12 05:34:00,25.6
2025-06-12 11:59:00,3.0
2025-06-12 15:24:00,88.3
2025-06-12 10:07:00,49.8
2025-06-12 06:43:00,12.1
2025-06-12 00:49:00,19.2
2025-06-12 02:00:00,37.0
2025-06-12 09:55:00,20.8
2025-06-12 20:47:00,67.1
2025-06-12 02:55:00,98.5
2025-06-12 10:01:00,73.5
2025-06-12 03:23:00,8.3
2025-06-12 20:13:00,33.6
2025-06-12 01:54:00,60.7
2025-06-12 17:40:00,32.9
2025-06-12 20:26:00,4.7
2025-06-12 05:17:00,24.6
2025-06-12 06:53:00,94.8
2025-06-12 11:57:00,94.8
2025-06-12 15:38:00,7.9
2025-06-12 08:52:00,81.7
2025-06-12 06:55:00,49.927249175694776
2025-06-12 16:59:00,41.1
2025-06-12 16:44:00,17.9
2025-06-12 00:00:00,0.1
2025-06-12 06:41:00,86.0
2025-06-12 02:26:00,66.2
2025-06-12 09:40:00,49.927249175694776
2025-06-12 00:01:00,87.7
2025-06-12 05:33:00,73.1
2025-06-12 10:04:00,33.6
2025-06-12 02:29:00,47.4
2025-06-12 23:19:00,47.0
2025-06-12 08:18:00,52.3
2025-06-12 11:35:00,97.1
2025-06-12 22:50:00,4.0
2025-06-12 14:24:00,2.7
2025-06-12 13:40:00,70.5
2025-06-12 23:11:00,31.8
2025-06-12 07:47:00,91.0
2025-06-12 05:57:00,63.6
2025-06-12 15:48:00,26.5
2025-06-12 10:59:00,60.3
2025-06-12 00:33:00,55.8
2025-06-12 16:37:00,32.7
2025-06-12 20:50:00,65.0
2025-06-12 22:15:00,89.2
2025-06-12 15:18:00,49.7
2025-06-12 14:20:00,6.7
2025-06-12 05:18:00,69.0
2025-06-12 17:04:00,19.7
2025-06-12 02:42:00,49.927249175694776
2025-06-12 09:48:00,41.5
2025-06-12 16:40:00,4.2
2025-06-12 04:38:00,44.8
2025-06-12 19:55:00,87.6
2025-06-12 03:46:00,30.0
2025-06-12 13:52:00,94.0
2025-06-12 04:30:00,55.3
2025-06-12 00:18:00,73.1
2025-06-12 05:37:00,31.4
2025-06-12 10:44:00,1.3
2025-06-12 09:53:00,49.927249175694776
2025-06-12 03:48:00,49.927249175694776
2025-06-12 04:04:00,15.4
2025-06-12 12:48:00,3.1
2025-06-12 10:15:00,65.7
2025-06-12 16:11:00,16.3
2025-06-12 13:58:00,2.5
2025-06-12 03:36:00,49.927249175694776
2025-06-12 12:01:00,20.7
2025-06-12 15:50:00,5.7
2025-06-12 17:03:00,22.8
2025-06-12 08:15:00,93.3
2025-06-12 20:23:00,17.2
2025-06-12 19:34:00,40.9
2025-06-12 04:29:00,70.3
2025-06-12 07:51:00,2.8
2025-06-12 22:24:00,12.8
2025-06-12 12:45:00,24.0
2025-06-12 20:23:00,19.7
2025-06-12 18:21:00,9.0
2025-06-12 01:50:00,33.6
2025-06-12 21:10:00,39.9
2025-06-12 17:23:00,77.1
2025-06-12 22:22:00,49.927249175694776
2025-06-12 08:32:00,54.9
2025-06-12 17:12:00,87.3
2025-06-12 14:14:00,30.9
2025-06-12 09:14:00,33.8
2025-06-12 21:45:00,14.8
2025-06-12 08:18:00,52.5
2025-06-12 10:53:00,64.4
2025-06-12 12:01:00,49.72265128325876
2025-06-12 21:06:00,49.72265128325876
2025-06-12 22:32:00,84.0
2025-06-12 15:10:00,0.3
2025-06-12 14:41:00,63.2
2025-06-12 20:34:00,94.3
2025-06-12 10:18:00,62.4
2025-06-12 14:27:00,87.7
2025-06-12 10:52:00,25.6
2025-06-12 20:47:00,9.9
2025-06-12 19:24:00,71.4
2025-06-12 17:37:00,39.5
2025-06-12 17:32:00,49.72265128325876
2025-06-12 17:33:00,98.7
2025-06-12 07:47:00,60.3
2025-06-12 01:32:00,6.8
2025-06-12 18:21:00,2.3
2025-06-12 09:39:00,46.7
2025-06-12 05:06:00,80.3
2025-06-12 12:32:00,49.72265128325876
2025-06-12 09:52:00,13.7
2025-06-12 02:44:00,84.1
2025-06-12 00:21:00,64.1
2025-06-12 00:16:00,49.72265128325876
2025-06-12 06:28:00,49.2
2025-06-12 18:17:00,67.6
2025-06-12 08:16:00,38.4
2025-06-12 00:28:00,57.5
2025-06-12 16:49:00,44.6
2025-06-12 18:46:00,94.2
2025-06-12 22:36:00,49.72265128325876
2025-06-12 12:33:00,76.4
2025-06-12 20:55:00,51.6
2025-06-12 23:18:00,90.6
2025-06-12 15:23:00,74.5
2025-06-12 06:41:00,3.5
2025-06-12 18:39:00,72.3
2025-06-12 22:33:00,49.72265128325876
2025-06-12 14:13:00,0.1
2025-06-12 15:37:00,49.72265128325876
2025-06-12 06:05:00,89.5
2025-06-12 01:22:00,58.7
2025-06-12 02:09:00,85.1
2025-06-12 07:55:00,74.8
2025-06-12 07:45:00,92.4
2025-06-12 03:06:00,0.9
2025-06-12 16:31:00,97.3
2025-06-12 13:08:00,86.3
2025-06-12 10:48:00,80.7
2025-06-12 18:38:00,13.3
2025-06-12 00:27:00,49.72265128325876
2025-06-12 20:36:00,39.7
2025-06-12 17:02:00,45.6
2025-06-12 15:47:00,21.4
2025-06-12 23:50:00,69.5
2025-06-12 11:51:00,6.0
2025-06-12 11:04:00,30.0
2025-06-12 02:13:00,69.0
2025-06-12 05:14:00,40.2
2025-06-12 09:39:00,88.0
2025-06-12 05:04:00,73.6
2025-06-12 17:32:00,8.2
2025-06-12 10:34:00,90.8
2025-06-12 22:12:00,39.9
2025-06-12 15:57:00,49.72265128325876
2025-06-12 14:55:00,82.5
2025-06-12 16:22:00,20.7
2025-06-12 22:48:00,29.8
2025-06-12 05:04:00,79.0
2025-06-12 21:31:00,49.72265128325876
2025-06-12 04:04:00,31.6
2025-06-12 01:44:00,0.6
2025-06-12 09:19:00,10.0
2025-06-12 07:53:00,0.3
2025-06-12 09:02:00,62.5
2025-06-12 22:52:00,17.0
2025-06-12 05:34:00,50.2
2025-06-12 03:23:00,4.7
2025-06-12 11:02:00,77.3
2025-06-12 20:56:00,49.72265128325876
2025-06-12 04:23:00,49.72265128325876
2025-06-12 18:39:00,26.0
2025-06-12 04:10:00,11.4
2025-06-12 04:11:00,85.6
2025-06-12 09:43:00,62.8
2025-06-12 08:44:00,49.72265128325876
2025-06-12 01:51:00,49.72265128325876
2025-06-12 00:45:00,16.7
2025-06-12 01:35:00,15.7
2025-06-12 03:37:00,90.7
2025-06-12 18:58:00,30.7
2025-06-12 11:55:00,28.9
2025-06-12 02:04:00,49.72265128325876
2025-06-12 07:47:00,80.4
2025-06-12 12:17:00,79.1
2025-06-12 20:16:00,14.7
2025-06-12 10:38:00,45.4
2025-06-12 00:10:00,70.7
2025-06-12 14:49:00,86.5
2025-06-12 05:19:00,65.9
2025-06-12 17:00:00,49.0
2025-06-12 19:09:00,71.0
2025-06-12 15:57:00,49.72265128325876
2025-06-12 13:39:00,62.8
2025-06-12 22:05:00,31.7
2025-06-12 17:30:00,49.72265128325876
2025-06-12 02:22:00,74.5
2025-06-12 01:05:00,85.1
2025-06-12 05:14:00,49.72265128325876
2025-06-12 15:03:00,73.8
2025-06-12 12:58:00,49.72265128325876
2025-06-12 21:02:00,60.0
2025-06-12 07:53:00,49.72265128325876
2025-06-12 14:25:00,0.6
2025-06-12 13:00:00,63.3
2025-06-12 17:17:00,67.9
2025-06-12 01:03:00,42.4
2025-06-12 04:13:00,49.72265128325876
2025-06-12 21:32:00,50.0
2025-06-12 00:27:00,99.8
2025-06-12 06:24:00,43.0
2025-06-12 08:53:00,27.5
2025-06-12 10:33:00,52.5
2025-06-12 12:38:00,35.2
2025-06-12 02:51:00,22.7
2025-06-12 03:31:00,62.7
2025-06-12 17:58:00,46.9
2025-06-12 15:59:00,29.5
2025-06-12 09:15:00,94.6
2025-06-12 06:31:00,76.3
2025-06-12 11:29:00,71.5
2025-06-12 20:25:00,49.72265128325876
2025-06-12 19:49:00,1.6
2025-06-12 00:06:00,0.1
2025-06-12 15:19:00,93.4
2025-06-12 18:10:00,30.9
2025-06-12 14:42:00,57.1
2025-06-12 17:52:00,69.7
2025-06-12 11:43:00,37.1
2025-06-12 13:40:00,16.8
2025-06-12 08:57:00,49.72265128325876
2025-06-12 19:38:00,32.1
2025-06-12 21:43:00,41.3
2025-06-12 13:31:00,53.3
2025-06-12 05:16:00,68.1
2025-06-12 00:30:00,59.7
2025-06-12 03:18:00,48.2
2025-06-12 13:09:00,76.6
2025-06-12 11:14:00,71.6
2025-06-12 05:15:00,0.9
2025-06-12 23:57:00,38.8
2025-06-12 09:25:00,24.0
2025-06-12 03:08:00,36.6
2025-06-12 00:23:00,63.1
2025-06-12 19:53:00,81.2
2025-06-12 04:02:00,76.3
2025-06-12 17:52:00,4.6
2025-06-12 02:31:00,47.1
2025-06-12 06:04:00,73.2
2025-06-12 00:27:00,75.7
2025-06-12 00:38:00,95.4
2025-06-12 10:59:00,85.7
2025-06-12 10:22:00,77.9
2025-06-12 00:55:00,62.9
2025-06-12 12:17:00,7.9
2025-06-12 06:51:00,99.3
2025-06-12 14:05:00,39.0
2025-06-12 23:20:00,0.7
2025-06-12 05:36:00,5.1
2025-06-12 02:30:00,12.9
2025-06-12 02:13:00,67.1
2025-06-12 21:53:00,12.1
2025-06-12 23:27:00,85.1
2025-06-12 08:49:00,30.8
2025-06-12 09:41:00,99.5
2025-06-12 16:04:00,22.0
2025-06-12 14:52:00,14.3
2025-06-12 11:18:00,49.1
2025-06-12 05:00:00,61.8
2025-06-12 05:52:00,92.3
2025-06-12 05:44:00,84.6
2025-06-12 10:19:00,89.1
2025-06-12 10:56:00,1.1
2025-06-12 03:11:00,58.6
2025-06-12 01:54:00,48.0
2025-06-12 13:09:00,46.6
2025-06-12 13:52:00,73.4
2025-06-12 20:03:00,1.1
2025-06-12 16:16:00,49.72265128325876
2025-06-12 10:43:00,10.2
2025-06-12 11:00:00,60.9
2025-06-12 17:33:00,46.3
2025-06-12 00:32:00,95.9
2025-06-12 14:51:00,56.6
2025-06-12 19:15:00,62.4
2025-06-12 22:11:00,8.1
2025-06-12 17:43:00,66.4
2025-06-12 20:43:00,0.8
2025-06-12 05:27:00,37.1
2025-06-12 18:36:00,25.3
2025-06-12 04:32:00,0.4
2025-06-12 19:06:00,70.5
2025-06-12 17:10:00,43.3
2025-06-12 14:02:00,54.1
2025-06-12 20:14:00,77.0
2025-06-12 13:39:00,29.3
2025-06-12 11:16:00,49.72265128325876
2025-06-12 13:08:00,44.1
2025-06-12 15:12:00,47.8
2025-06-12 11:27:00,34.8
2025-06-12 01:41:00,47.7
2025-06-12 23:12:00,20.6
2025-06-12 13:10:00,30.3
2025-06-12 15:40:00,13.2
2025-06-12 13:53:00,85.2
2025-06-12 13:25:00,49.72265128325876
2025-06-12 22:57:00,90.3
2025-06-12 19:35:00,18.7
2025-06-12 01:44:00,83.7
2025-06-12 01:38:00,25.8
2025-06-12 04:20:00,88.0
2025-06-12 13:53:00,99.5
2025-06-12 03:30:00,69.6
2025-06-12 06:45:00,61.6
2025-06-12 13:59:00,89.2
2025-06-12 05:50:00,16.9
2025-06-12 08:17:00,27.6
2025-06-12 20:47:00,36.1
2025-06-12 11:51:00,87.5
2025-06-12 12:30:00,58.0
2025-06-12 12:07:00,6.3
2025-06-12 17:24:00,49.72265128325876
2025-06-12 22:12:00,59.9
2025-06-12 23:57:00,9.2
2025-06-12 08:13:00,49.72265128325876
2025-06-12 18:31:00,27.7
2025-06-12 12:08:00,36.6
2025-06-12 07:05:00,65.3
2025-06-12 16:32:00,68.8
2025-06-12 06:18:00,91.0
2025-06-12 12:27:00,62.4
2025-06-12 00:18:00,63.2
2025-06-12 22:18:00,32.1
2025-06-12 19:35:00,80.3
2025-06-12 20:24:00,66.4
2025-06-12 17:55:00,83.1
2025-06-12 19:00:00,3.2
2025-06-12 21:13:00,89.2
2025-06-12 01:04:00,31.6
2025-06-12 05:22:00,21.0
2025-06-12 10:33:00,56.8
2025-06-12 06:46:00,53.8
2025-06-12 19:11:00,72.3
2025-06-12 12:26:00,9.5
2025-06-12 04:19:00,96.7
2025-06-12 20:06:00,63.0
2025-06-12 06:40:00,49.72265128325876
2025-06-12 05:00:00,70.3
2025-06-12 04:56:00,33.7
2025-06-12 20:50:00,58.0
2025-06-12 16:07:00,15.0
2025-06-12 23:55:00,56.0
2025-06-12 02:43:00,50.9
2025-06-12 12:10:00,49.72265128325876
2025-06-12 21:29:00,25.4
2025-06-12 23:10:00,14.5
2025-06-12 12:04:00,81.0
2025-06-12 10:07:00,25.5
2025-06-12 08:26:00,49.72265128325876
2025-06-12 19:26:00,67.1
2025-06-12 18:35:00,49.72265128325876
2025-06-12 07:32:00,48.5
2025-06-12 18:34:00,10.3
2025-06-12 23:48:00,49.72265128325876
2025-06-12 07:19:00,90.4
2025-06-12 09:03:00,70.9
2025-06-12 23:28:00,95.4
2025-06-12 15:47:00,76.7
2025-06-12 05:02:00,2.2
2025-06-12 00:34:00,7.5
2025-06-12 23:29:00,57.7
2025-06-12 19:42:00,50.6
2025-06-12 12:38:00,67.0
2025-06-12 08:51:00,53.1
2025-06-12 12:39:00,10.3
2025-06-12 03:45:00,65.6
2025-06-12 00:45:00,30.3
2025-06-12 01:23:00,72.5
2025-06-12 04:42:00,47.1
2025-06-12 00:42:00,51.3
2025-06-12 09:17:00,4.3
2025-06-12 16:18:00,49.72265128325876
2025-06-12 05:34:00,98.9
2025-06-12 11:21:00,49.72265128325876
2025-06-12 03:57:00,96.7
2025-06-12 09:06:00,76.9
2025-06-12 18:50:00,91.9
2025-06-12 01:55:00,80.5
2025-06-12 03:06:00,84.1
2025-06-12 19:14:00,68.6
2025-06-12 11:25:00,49.2
2025-06-12 03:53:00,24.5
2025-06-12 03:52:00,49.72265128325876
2025-06-12 20:55:00,4.4
2025-06-12 09:42:00,88.3
2025-06-12 14:25:00,49.72265128325876
2025-06-12 10:45:00,38.0
2025-06-12 13:00:00,61.1
2025-06-12 06:50:00,37.9
2025-06-12 10:09:00,78.8
2025-06-12 20:50:00,67.0
2025-06-12 16:29:00,47.8
2025-06-12 23:00:00,49.72265128325876
2025-06-12 15:25:00,49.72265128325876
2025-06-12 09:26:00,96.2
2025-06-12 22:30:00,65.7
2025-06-12 03:26:00,49.72265128325876
2025-06-12 06:46:00,70.2
2025-06-12 03:09:00,14.4
2025-06-12 19:00:00,85.6
2025-06-12 12:18:00,49.72265128325876
2025-06-12 16:16:00,7.4
2025-06-12 00:02:00,70.8
2025-06-12 09:49:00,51.3
2025-06-12 13:54:00,90.7
2025-06-12 18:40:00,26.7
2025-06-12 14:25:00,61.4
2025-06-12 02:37:00,7.5
2025-06-12 07:12:00,75.3
2025-06-12 16:08:00,21.6
2025-06-12 20:02:00,49.72265128325876
2025-06-12 23:02:00,33.2
2025-06-12 00:42:00,83.2
2025-06-12 16:58:00,62.0
2025-06-12 20:09:00,98.8
2025-06-12 15:30:00,27.2
2025-06-12 06:09:00,49.72265128325876
2025-06-12 09:20:00,59.0
2025-06-12 18:13:00,17.8
2025-06-12 18:22:00,22.6
2025-06-12 03:43:00,55.5
2025-06-12 03:23:00,96.3
2025-06-12 01:02:00,37.1
2025-06-12 15:05:00,50.25777465777466
2025-06-12 04:40:00,50.25777465777466
2025-06-12 08:07:00,39.7
2025-06-12 00:40:00,4.0
2025-06-12 23:17:00,57.3
2025-06-12 04:07:00,67.2
2025-06-12 12:47:00,80.5
2025-06-12 04:46:00,50.25777465777466
2025-06-12 14:12:00,50.25777465777466
2025-06-12 08:31:00,58.6
2025-06-12 04:12:00,27.8
2025-06-12 05:03:00,10.4
2025-06-12 10:39:00,33.6
2025-06-12 18:13:00,50.25777465777466
2025-06-12 03:13:00,83.6
2025-06-12 19:45:00,45.3
2025-06-12 20:07:00,97.1
2025-06-12 17:42:00,97.8
2025-06-12 17:35:00,77.1
2025-06-12 10:56:00,40.4
2025-06-12 05:37:00,16.5
2025-06-12 14:06:00,3.4
2025-06-12 10:17:00,44.9
2025-06-12 15:04:00,89.3
2025-06-12 23:26:00,51.5
2025-06-12 13:35:00,45.6
2025-06-12 18:51:00,10.3
2025-06-12 19:33:00,53.7
2025-06-12 17:41:00,64.0
2025-06-12 06:35:00,50.25777465777466
2025-06-12 09:38:00,77.3
2025-06-12 13:05:00,37.4
2025-06-12 05:42:00,75.7
2025-06-12 06:09:00,56.1
2025-06-12 14:52:00,90.3
2025-06-12 18:57:00,48.4
2025-06-12 13:21:00,82.8
2025-06-12 23:54:00,73.0
2025-06-12 22:31:00,92.9
2025-06-12 12:44:00,50.25777465777466
2025-06-12 12:33:00,44.8
2025-06-12 20:11:00,13.9
2025-06-12 17:09:00,36.6
2025-06-12 06:12:00,33.9
2025-06-12 08:42:00,50.25777465777466
2025-06-12 05:50:00,64.3
2025-06-12 08:01:00,93.1
2025-06-12 22:26:00,46.7
2025-06-12 02:37:00,54.9
2025-06-12 01:24:00,10.4
2025-06-12 08:15:00,41.6
2025-06-12 18:32:00,50.25777465777466
2025-06-12 17:30:00,29.7
2025-06-12 00:48:00,98.9
2025-06-12 14:40:00,60.6
2025-06-12 07:19:00,66.5
2025-06-12 21:39:00,89.4
2025-06-12 21:20:00,20.4
2025-06-12 09:15:00,50.25777465777466
2025-06-12 08:10:00,50.25777465777466
2025-06-12 22:04:00,18.7
2025-06-12 20:43:00,50.25777465777466
2025-06-12 12:03:00,16.9
2025-06-12 02:37:00,79.0
2025-06-12 23:03:00,50.25777465777466
2025-06-12 01:31:00,0.7
2025-06-12 15:01:00,30.3
2025-06-12 16:36:00,38.3
2025-06-12 11:14:00,39.7
2025-06-12 13:01:00,44.7
2025-06-12 08:33:00,35.6
2025-06-12 05:52:00,38.0
2025-06-12 00:19:00,50.25777465777466
2025-06-12 02:47:00,77.2
2025-06-12 18:43:00,39.1
2025-06-12 23:48:00,9.1
2025-06-12 12:52:00,44.3
2025-06-12 11:01:00,39.6
2025-06-12 07:11:00,80.6
2025-06-12 18:16:00,50.25777465777466
2025-06-12 18:52:00,50.25777465777466
2025-06-12 01:18:00,9.6
2025-06-12 10:55:00,31.2
2025-06-12 04:04:00,9.8
2025-06-12 13:18:00,50.25777465777466
2025-06-12 06:36:00,15.6
2025-06-12 15:52:00,3.4
2025-06-12 21:19:00,11.5
2025-06-12 20:48:00,45.1
2025-06-12 12:41:00,71.9
2025-06-12 21:42:00,49.3
2025-06-12 05:37:00,71.2
2025-06-12 15:26:00,93.1
2025-06-12 07:45:00,18.5
2025-06-12 15:09:00,19.9
2025-06-12 18:44:00,19.8
2025-06-12 12:21:00,1.4
2025-06-12 00:15:00,89.0
2025-06-12 12:52:00,81.3
2025-06-12 12:56:00,50.7
2025-06-12 22:48:00,68.6
2025-06-12 06:50:00,12.2
2025-06-12 11:45:00,51.8
2025-06-12 12:14:00,44.5
2025-06-12 22:32:00,38.5
2025-06-12 15:35:00,29.5
2025-06-12 08:40:00,1.8
2025-06-12 18:17:00,50.25777465777466
2025-06-12 10:39:00,88.3
2025-06-12 02:31:00,2.1
2025-06-12 18:49:00,19.3
2025-06-12 08:08:00,73.5
2025-06-12 16:39:00,79.3
2025-06-12 09:27:00,62.0
2025-06-12 19:56:00,17.3
2025-06-12 08:13:00,50.25777465777466
2025-06-12 10:33:00,41.8
2025-06-12 17:26:00,23.6
2025-06-12 08:37:00,37.4
2025-06-12 06:21:00,79.6
2025-06-12 09:47:00,97.3
2025-06-12 19:57:00,50.25777465777466
2025-06-12 01:11:00,26.2
2025-06-12 07:45:00,20.6
2025-06-12 22:03:00,95.1
2025-06-12 04:16:00,98.6
2025-06-12 06:25:00,3.4
2025-06-12 18:53:00,91.1
2025-06-12 21:35:00,28.3
2025-06-12 04:10:00,15.3
2025-06-12 21:53:00,75.7
2025-06-12 15:15:00,1.1
2025-06-12 11:13:00,59.5
2025-06-12 04:14:00,3.2
2025-06-12 10:56:00,50.25777465777466
2025-06-12 06:06:00,3.5
2025-06-12 11:06:00,52.8
2025-06-12 06:41:00,69.2
2025-06-12 21:10:00,58.3
2025-06-12 03:24:00,70.7
2025-06-12 16:41:00,0.7
2025-06-12 18:37:00,4.4
2025-06-12 07:24:00,20.1
2025-06-12 18:36:00,29.0
2025-06-12 17:37:00,0.1
2025-06-12 15:14:00,86.8
2025-06-12 12:19:00,10.8
2025-06-12 18:15:00,50.25777465777466
2025-06-12 04:20:00,97.2
2025-06-12 01:47:00,14.8
2025-06-12 15:37:00,84.5
2025-06-12 12:30:00,44.4
2025-06-12 06:37:00,37.2
2025-06-12 17:11:00,29.5
2025-06-12 02:50:00,48.1
2025-06-12 07:14:00,60.7
2025-06-12 16:58:00,50.25777465777466
2025-06-12 11:17:00,53.2
2025-06-12 03:37:00,50.25777465777466
2025-06-12 23:08:00,35.9
2025-06-12 04:48:00,41.5
2025-06-12 09:37:00,72.4
2025-06-12 10:42:00,15.3
2025-06-12 15:13:00,60.7
2025-06-12 06:42:00,28.5
2025-06-12 02:48:00,74.3
2025-06-12 04:27:00,18.1
2025-06-12 06:57:00,41.4
2025-06-12 04:28:00,9.2
2025-06-12 10:52:00,42.7
2025-06-12 01:17:00,47.5
2025-06-12 07:02:00,23.4
2025-06-12 22:53:00,16.3
2025-06-12 06:02:00,42.3
2025-06-12 18:09:00,46.7
2025-06-12 21:00:00,92.8
2025-06-12 08:44:00,74.0
2025-06-12 09:27:00,50.25777465777466
2025-06-12 16:53:00,86.7
2025-06-12 19:44:00,68.5
2025-06-12 05:24:00,86.2
2025-06-12 04:33:00,73.5
2025-06-12 19:48:00,50.3
2025-06-12 16:48:00,82.1
2025-06-12 16:23:00,30.2
2025-06-12 00:56:00,50.25777465777466
2025-06-12 06:18:00,38.4
2025-06-12 07:04:00,43.5
2025-06-12 22:31:00,62.8
2025-06-12 08:14:00,1.0
2025-06-12 01:28:00,77.8
2025-06-12 14:00:00,82.4
2025-06-12 02:08:00,80.3
2025-06-12 08:36:00,25.6
2025-06-12 01:20:00,0.5
2025-06-12 06:55:00,51.4
2025-06-12 12:35:00,27.6
2025-06-12 10:56:00,50.25777465777466
2025-06-12 05:23:00,48.5
2025-06-12 23:17:00,51.1
2025-06-12 12:48:00,66.1
2025-06-12 04:40:00,46.2
2025-06-12 01:09:00,50.25777465777466
2025-06-12 09:06:00,84.7
2025-06-12 17:44:00,50.25777465777466
2025-06-12 14:16:00,73.6
2025-06-12 08:47:00,48.4
2025-06-12 00:29:00,52.4
2025-06-12 20:36:00,10.8
2025-06-12 06:00:00,43.8
2025-06-12 06:40:00,50.25777465777466
2025-06-12 15:00:00,29.7
2025-06-12 18:54:00,10.9
2025-06-12 04:44:00,33.7
2025-06-12 05:04:00,99.0
2025-06-12 07:24:00,31.9
2025-06-12 08:32:00,33.0
2025-06-12 06:32:00,50.25777465777466
2025-06-12 19:02:00,50.25777465777466
2025-06-12 20:25:00,35.8
2025-06-12 15:08:00,24.1
2025-06-12 11:34:00,50.25777465777466
2025-06-12 04:11:00,50.25777465777466
2025-06-12 02:03:00,27.6
2025-06-12 14:49:00,23.5
2025-06-12 19:31:00,35.1
2025-06-12 20:40:00,4.8
2025-06-12 09:21:00,71.0
2025-06-12 20:16:00,99.2
2025-06-12 19:27:00,50.25777465777466
2025-06-12 00:35:00,83.0
2025-06-12 05:30:00,58.7
2025-06-12 19:56:00,6.6
2025-06-12 21:07:00,50.25777465777466
2025-06-12 10:30:00,62.5
2025-06-12 15:55:00,58.4
2025-06-12 23:19:00,53.1
2025-06-12 17:31:00,50.25777465777466
2025-06-12 19:28:00,2.8
2025-06-12 10:40:00,21.1
2025-06-12 20:09:00,50.25777465777466
2025-06-12 02:59:00,45.8
2025-06-12 19:36:00,72.1
2025-06-12 16:02:00,50.25777465777466
2025-06-12 09:28:00,34.9
2025-06-12 19:06:00,72.4
2025-06-12 23:05:00,39.3
2025-06-12 13:40:00,3.2
2025-06-12 18:50:00,75.6
2025-06-12 21:52:00,77.7
2025-06-12 07:11:00,35.9
2025-06-12 12:25:00,50.25777465777466
2025-06-12 00:48:00,33.4
2025-06-12 23:00:00,6.6
2025-06-12 06:33:00,83.7
2025-06-12 05:56:00,21.0
2025-06-12 18:11:00,43.3
2025-06-12 06:38:00,50.25777465777466
2025-06-12 15:46:00,11.3
2025-06-12 22:22:00,50.25777465777466
2025-06-12 09:45:00,6.2
2025-06-12 13:32:00,32.0
2025-06-12 04:36:00,62.2
2025-06-12 23:16:00,70.4
2025-06-12 06:08:00,50.25777465777466
2025-06-12 06:29:00,81.7
2025-06-12 17:57:00,93.1
2025-06-12 05:17:00,34.6
2025-06-12 22:19:00,50.25777465777466
2025-06-12 08:20:00,50.25777465777466
2025-06-12 19:32:00,62.3
2025-06-12 09:29:00,49.7
2025-06-12 23:23:00,2.1
2025-06-12 14:08:00,22.7
2025-06-12 11:42:00,92.9
2025-06-12 23:01:00,24.6
2025-06-12 00:43:00,49.4
2025-06-12 01:56:00,79.8
2025-06-12 00:19:00,74.8
2025-06-12 04:11:00,99.4
2025-06-12 09:07:00,98.0
2025-06-12 09:11:00,62.2
2025-06-12 18:03:00,16.1
2025-06-12 21:26:00,70.2
2025-06-12 19:32:00,70.4
2025-06-12 20:46:00,28.3
2025-06-12 02:25:00,69.8
2025-06-12 07:54:00,25.3
2025-06-12 19:13:00,34.8
2025-06-12 02:27:00,2.3
2025-06-12 01:18:00,44.5
2025-06-12 07:59:00,96.2
2025-06-12 03:41:00,72.6
2025-06-12 17:36:00,74.5
2025-06-12 04:35:00,23.9
2025-06-12 14:46:00,40.9
2025-06-12 10:56:00,80.6
2025-06-12 08:11:00,28.2
2025-06-12 15:06:00,69.4
2025-06-12 05:25:00,50.25777465777466
2025-06-12 21:05:00,29.3
2025-06-12 17:22:00,50.25777465777466
2025-06-12 05:55:00,67.4
2025-06-12 05:25:00,50.25777465777466
2025-06-12 12:08:00,71.9
2025-06-12 20:19:00,15.0
2025-06-12 23:28:00,76.3
2025-06-12 08:29:00,83.8
2025-06-12 01:19:00,58.0
2025-06-12 03:10:00,28.2
2025-06-12 01:21:00,50.25777465777466
2025-06-12 03:28:00,20.3
2025-06-12 10:35:00,36.3
2025-06-12 13:45:00,80.2
2025-06-12 10:11:00,65.5
2025-06-12 01:43:00,84.5
2025-06-12 10:38:00,9.0
2025-06-12 21:19:00,64.2
2025-06-12 04:03:00,8.2
2025-06-12 16:54:00,86.3
2025-06-12 01:36:00,34.7
2025-06-12 15:22:00,50.5
2025-06-12 03:59:00,59.3
2025-06-12 02:37:00,45.4
2025-06-12 11:26:00,77.6
2025-06-12 16:55:00,55.7
2025-06-12 04:23:00,78.1
2025-06-12 04:27:00,50.25777465777466
2025-06-12 11:13:00,50.25777465777466
2025-06-12 16:04:00,68.1
2025-06-12 21:56:00,7.1
2025-06-12 03:21:00,72.5
2025-06-12 05:45:00,50.25777465777466
2025-06-12 19:15:00,52.1
2025-06-12 03:34:00,50.25777465777466
2025-06-12 22:25:00,5.9
2025-06-12 04:33:00,57.3
2025-06-12 01:57:00,35.9
2025-06-12 12:55:00,31.3
2025-06-12 15:03:00,74.5
2025-06-12 12:45:00,50.25777465777466
2025-06-12 07:20:00,69.7
2025-06-12 16:33:00,49.9464552238806
2025-06-12 11:17:00,73.9
2025-06-12 01:59:00,49.5
2025-06-12 23:17:00,34.4
2025-06-12 12:16:00,50.9
2025-06-12 13:14:00,75.1
2025-06-12 08:00:00,49.9464552238806
2025-06-12 02:24:00,25.0
2025-06-12 09:38:00,87.7
2025-06-12 07:22:00,30.6
2025-06-12 14:11:00,49.9464552238806
2025-06-12 01:31:00,54.7
2025-06-12 06:45:00,49.9464552238806
2025-06-12 17:12:00,14.9
2025-06-12 12:04:00,27.6
2025-06-12 16:35:00,14.2
2025-06-12 15:44:00,63.5
2025-06-12 15:18:00,57.6
2025-06-12 10:07:00,96.3
2025-06-12 23:10:00,49.9464552238806
2025-06-12 03:13:00,18.4
2025-06-12 06:20:00,63.9
2025-06-12 07:58:00,55.6
2025-06-12 12:21:00,28.5
2025-06-12 21:51:00,49.9464552238806
2025-06-12 07:04:00,20.2
2025-06-12 22:28:00,49.9464552238806
2025-06-12 06:13:00,66.3
2025-06-12 00:44:00,49.9464552238806
2025-06-12 17:43:00,5.6
2025-06-12 13:53:00,78.1
2025-06-12 19:14:00,92.1
2025-06-12 06:31:00,49.9464552238806
2025-06-12 15:15:00,10.7
2025-06-12 07:34:00,25.6
2025-06-12 17:23:00,60.6
2025-06-12 02:38:00,11.1
2025-06-12 07:50:00,9.0
2025-06-12 09:25:00,37.8
2025-06-12 00:35:00,63.2
2025-06-12 00:03:00,47.6
2025-06-12 13:38:00,11.2
2025-06-12 23:28:00,79.7
2025-06-12 09:06:00,38.3
2025-06-12 08:37:00,33.7
2025-06-12 01:56:00,25.9
2025-06-12 16:55:00,49.9464552238806
2025-06-12 04:12:00,82.7
2025-06-12 09:07:00,62.1
2025-06-12 10:48:00,8.9
2025-06-12 13:34:00,62.1
2025-06-12 16:52:00,29.3
2025-06-12 06:54:00,62.0
2025-06-12 05:37:00,45.3
2025-06-12 13:45:00,24.3
2025-06-12 16:55:00,49.9464552238806
2025-06-12 17:25:00,11.1
2025-06-12 07:55:00,38.3
2025-06-12 22:58:00,49.2
2025-06-12 08:53:00,7.0
2025-06-12 15:40:00,72.5
2025-06-12 16:01:00,81.5
2025-06-12 00:37:00,56.2
2025-06-12 04:58:00,53.1
2025-06-12 04:26:00,57.1
2025-06-12 10:53:00,23.4
2025-06-12 19:22:00,49.9464552238806
2025-06-12 10:55:00,23.8
2025-06-12 09:09:00,100.0
2025-06-12 09:35:00,73.0
2025-06-12 22:44:00,11.7
2025-06-12 10:52:00,24.2
2025-06-12 01:44:00,82.0
2025-06-12 23:07:00,68.4
2025-06-12 11:24:00,92.4
2025-06-12 19:37:00,49.9464552238806
2025-06-12 20:41:00,33.2
2025-06-12 22:34:00,26.5
2025-06-12 09:52:00,58.2
2025-06-12 10:02:00,10.6
2025-06-12 04:54:00,73.5
2025-06-12 10:01:00,73.3
2025-06-12 16:32:00,91.1
2025-06-12 23:45:00,19.0
2025-06-12 00:48:00,49.9464552238806
2025-06-12 15:10:00,1.9
2025-06-12 22:48:00,49.9464552238806
2025-06-12 11:32:00,49.9464552238806
2025-06-12 15:17:00,19.9
2025-06-12 16:40:00,80.6
2025-06-12 16:27:00,27.6
2025-06-12 04:54:00,49.9464552238806
2025-06-12 10:10:00,3.6
2025-06-12 19:59:00,17.4
2025-06-12 04:34:00,89.6
2025-06-12 08:49:00,40.8
2025-06-12 15:28:00,48.8
2025-06-12 15:07:00,36.8
2025-06-12 03:00:00,36.1
2025-06-12 02:23:00,20.0
2025-06-12 12:30:00,5.1
2025-06-12 22:00:00,64.4
2025-06-12 05:11:00,19.2
2025-06-12 12:46:00,84.6
2025-06-12 12:01:00,61.2
2025-06-12 23:39:00,38.5
2025-06-12 23:37:00,49.9464552238806
2025-06-12 18:46:00,49.9464552238806
2025-06-12 17:47:00,49.9464552238806
2025-06-12 01:39:00,30.4
2025-06-12 06:51:00,49.9464552238806
2025-06-12 06:09:00,12.6
2025-06-12 05:27:00,92.5
2025-06-12 16:38:00,95.6
2025-06-12 07:54:00,61.9
2025-06-12 10:27:00,2.2
2025-06-12 18:34:00,70.3
2025-06-12 13:17:00,6.6
2025-06-12 06:03:00,17.2
2025-06-12 07:41:00,64.2
2025-06-12 07:42:00,44.5
2025-06-12 00:08:00,85.2
2025-06-12 08:29:00,100.0
2025-06-12 10:07:00,49.9464552238806
2025-06-12 23:54:00,66.3
2025-06-12 19:14:00,49.9464552238806
2025-06-12 06:01:00,37.1
2025-06-12 09:54:00,51.6
2025-06-12 06:58:00,91.7
2025-06-12 00:18:00,49.9464552238806
2025-06-12 16:38:00,76.5
2025-06-12 17:22:00,93.6
2025-06-12 13:11:00,17.4
2025-06-12 09:30:00,49.9464552238806
2025-06-12 04:56:00,82.1
2025-06-12 14:20:00,46.2
2025-06-12 12:26:00,49.9464552238806
2025-06-12 07:02:00,37.3
2025-06-12 18:41:00,49.9464552238806
2025-06-12 16:15:00,49.9464552238806
2025-06-12 01:45:00,49.9464552238806
2025-06-12 17:58:00,17.0
2025-06-12 06:33:00,73.3
2025-06-12 13:57:00,33.0
2025-06-12 01:50:00,60.7
2025-06-12 03:30:00,65.7
2025-06-12 02:48:00,49.9464552238806
2025-06-12 03:25:00,22.4
2025-06-12 14:17:00,32.0
2025-06-12 03:25:00,85.6
2025-06-12 01:09:00,74.8
2025-06-12 05:21:00,64.9
2025-06-12 14:37:00,49.9464552238806
2025-06-12 18:54:00,49.9464552238806
2025-06-12 03:30:00,3.7
2025-06-12 18:51:00,74.4
2025-06-12 13:35:00,47.8
2025-06-12 06:29:00,26.3
2025-06-12 19:42:00,90.5
2025-06-12 07:11:00,44.0
2025-06-12 02:09:00,71.0
2025-06-12 06:20:00,56.9
2025-06-12 10:55:00,96.5
2025-06-12 07:22:00,6.2
2025-06-12 00:14:00,12.2
2025-06-12 02:46:00,55.1
2025-06-12 15:53:00,96.3
2025-06-12 17:49:00,8.2
2025-06-12 18:40:00,49.9464552238806
2025-06-12 21:00:00,12.5
2025-06-12 16:20:00,43.6
2025-06-12 13:27:00,27.1
2025-06-12 14:49:00,85.3
2025-06-12 01:07:00,46.2
2025-06-12 23:08:00,68.8
2025-06-12 20:18:00,74.9
2025-06-12 14:42:00,49.9464552238806
2025-06-12 06:33:00,38.2
2025-06-12 09:39:00,75.2
2025-06-12 19:49:00,49.9464552238806
2025-06-12 09:23:00,42.8
2025-06-12 15:10:00,49.9464552238806
2025-06-12 06:21:00,84.3
2025-06-12 08:35:00,46.7
2025-06-12 16:14:00,91.9
2025-06-12 00:14:00,60.6
2025-06-12 01:01:00,15.6
2025-06-12 16:57:00,49.9464552238806
2025-06-12 02:23:00,74.4
2025-06-12 13:22:00,41.6
2025-06-12 06:47:00,54.1
2025-06-12 20:20:00,18.6
2025-06-12 17:11:00,37.2
2025-06-12 01:24:00,1.8
2025-06-12 08:27:00,89.5
2025-06-12 14:52:00,49.9464552238806
2025-06-12 05:43:00,49.9464552238806
2025-06-12 23:51:00,99.6
2025-06-12 16:15:00,45.9
2025-06-12 12:35:00,49.9464552238806
2025-06-12 06:53:00,68.6
2025-06-12 01:53:00,89.2
2025-06-12 06:10:00,52.7
2025-06-12 15:54:00,84.9
2025-06-12 00:56:00,50.7
2025-06-12 11:39:00,23.1
2025-06-12 00:34:00,49.9464552238806
2025-06-12 01:06:00,40.7
2025-06-12 21:33:00,24.0
2025-06-12 22:50:00,36.7
2025-06-12 21:46:00,12.3
2025-06-12 06:45:00,71.5
2025-06-12 04:53:00,98.6
2025-06-12 22:44:00,49.9464552238806
2025-06-12 10:46:00,94.3
2025-06-12 13:18:00,83.2
2025-06-12 17:18:00,55.2
2025-06-12 23:17:00,76.3
2025-06-12 09:49:00,49.9464552238806
2025-06-12 03:21:00,92.8
2025-06-12 21:03:00,55.4
2025-06-12 19:17:00,76.7
2025-06-12 11:13:00,33.4
2025-06-12 07:37:00,96.3
2025-06-12 17:26:00,49.9464552238806
2025-06-12 23:02:00,12.0
2025-06-12 05:33:00,65.4
2025-06-12 12:36:00,74.8
2025-06-12 22:20:00,21.2
2025-06-12 03:38:00,43.3
2025-06-12 10:21:00,0.2
2025-06-12 22:46:00,49.9464552238806
2025-06-12 06:33:00,14.1
2025-06-12 16:44:00,37.8
2025-06-12 15:54:00,59.0
2025-06-12 14:16:00,50.9
2025-06-12 20:09:00,82.1
2025-06-12 13:35:00,34.1
2025-06-12 20:19:00,49.9464552238806
2025-06-12 14:48:00,68.2
2025-06-12 09:34:00,39.6
2025-06-12 05:15:00,34.9
2025-06-12 13:01:00,64.8
2025-06-12 22:21:00,51.3
2025-06-12 17:57:00,0.9
2025-06-12 09:52:00,67.2
2025-06-12 10:52:00,71.9
2025-06-12 16:51:00,54.8
2025-06-12 21:47:00,56.0
2025-06-12 06:19:00,49.9464552238806
2025-06-12 09:44:00,76.8
2025-06-12 19:11:00,16.4
2025-06-12 10:39:00,11.3
2025-06-12 05:24:00,45.5
2025-06-12 06:01:00,49.9464552238806
2025-06-12 13:43:00,22.2
2025-06-12 03:04:00,89.0
2025-06-12 22:41:00,4.4
2025-06-12 08:46:00,19.2
2025-06-12 05:20:00,2.6
2025-06-12 18:29:00,49.9464552238806
2025-06-12 12:38:00,19.7
2025-06-12 07:17:00,49.9464552238806
2025-06-12 15:12:00,2.1
2025-06-12 07:26:00,72.4
2025-06-12 09:31:00,11.9
2025-06-12 06:23:00,91.3
2025-06-12 15:16:00,70.5
2025-06-12 15:22:00,8.3
2025-06-12 08:41:00,18.1
2025-06-12 00:00:00,94.5
2025-06-12 02:37:00,49.1
2025-06-12 06:17:00,96.1
2025-06-12 03:24:00,13.1
2025-06-12 05:55:00,47.2
2025-06-12 17:29:00,94.8
2025-06-12 13:50:00,6.6
2025-06-12 07:23:00,68.3
2025-06-12 09:42:00,49.9464552238806
2025-06-12 14:26:00,17.7
2025-06-12 09:34:00,7.1
2025-06-12 18:56:00,49.9464552238806
2025-06-12 04:32:00,49.9464552238806
2025-06-12 12:38:00,68.0
2025-06-12 11:05:00,88.1
2025-06-12 19:30:00,2.0
2025-06-12 20:39:00,49.9464552238806
2025-06-12 17:03:00,36.3
2025-06-12 23:02:00,99.3
2025-06-12 15:09:00,34.5
2025-06-12 19:29:00,46.2
2025-06-12 19:14:00,45.2
2025-06-12 16:46:00,35.6
2025-06-12 02:21:00,49.9464552238806
2025-06-12 20:41:00,49.9464552238806
2025-06-12 09:06:00,77.6
2025-06-12 07:17:00,20.9
2025-06-12 22:32:00,49.9464552238806
2025-06-12 05:02:00,11.2
2025-06-12 06:32:00,45.8
2025-06-12 16:31:00,78.2
2025-06-12 14:41:00,45.6
2025-06-12 19:53:00,49.9464552238806
2025-06-12 17:47:00,48.2
2025-06-12 03:22:00,30.5
2025-06-12 06:40:00,19.3
2025-06-12 05:51:00,89.5
2025-06-12 18:25:00,49.9464552238806
2025-06-12 13:36:00,22.1
2025-06-12 01:47:00,67.1
2025-06-12 15:31:00,5.3
2025-06-12 10:44:00,25.7
2025-06-12 03:03:00,30.7
2025-06-12 07:09:00,52.7
2025-06-12 02:51:00,27.4
2025-06-12 17:40:00,8.3
2025-06-12 01:50:00,67.6
2025-06-12 03:43:00,39.3
2025-06-12 02:42:00,68.9
2025-06-12 15:47:00,99.1
2025-06-12 03:38:00,97.0
2025-06-12 21:38:00,57.6
2025-06-12 17:17:00,85.6
2025-06-12 18:44:00,55.3
2025-06-12 00:48:00,66.8
2025-06-12 15:41:00,49.9464552238806
2025-06-12 17:48:00,11.4
2025-06-12 21:46:00,94.7
2025-06-12 15:21:00,49.9464552238806
2025-06-12 17:04:00,78.2
2025-06-12 07:39:00,99.0
2025-06-12 17:17:00,15.6
2025-06-12 02:59:00,1.5
2025-06-12 15:30:00,49.9464552238806
2025-06-12 14:21:00,15.7
2025-06-12 23:11:00,57.4
2025-06-12 16:42:00,98.2
2025-06-12 22:05:00,49.742524640779
2025-06-12 21:26:00,96.1
2025-06-12 11:03:00,64.5
2025-06-12 16:48:00,66.8
2025-06-12 16:47:00,11.5
2025-06-12 03:35:00,49.742524640779
2025-06-12 23:37:00,12.5
2025-06-12 16:50:00,32.2
2025-06-12 11:27:00,21.7
2025-06-12 23:49:00,78.2
2025-06-12 02:53:00,40.1
2025-06-12 01:43:00,61.7
2025-06-12 07:47:00,70.7
2025-06-12 10:10:00,83.4
2025-06-12 03:26:00,10.0
2025-06-12 00:48:00,28.0
2025-06-12 02:12:00,24.4
2025-06-12 13:15:00,21.3
2025-06-12 09:07:00,49.742524640779
2025-06-12 01:09:00,49.742524640779
2025-06-12 13:28:00,68.2
2025-06-12 07:14:00,49.742524640779
2025-06-12 22:57:00,19.2
2025-06-12 14:32:00,70.4
2025-06-12 17:03:00,2.4
2025-06-12 13:44:00,26.9
2025-06-12 20:09:00,66.0
2025-06-12 09:27:00,42.6
2025-06-12 01:43:00,79.1
2025-06-12 00:09:00,13.3
2025-06-12 08:10:00,81.9
2025-06-12 18:05:00,58.2
2025-06-12 18:38:00,14.3
2025-06-12 06:47:00,30.9
2025-06-12 13:57:00,86.2
2025-06-12 06:34:00,99.0
2025-06-12 21:58:00,84.8
2025-06-12 20:06:00,46.5
2025-06-12 00:04:00,35.3
2025-06-12 21:06:00,50.9
2025-06-12 12:55:00,49.2
2025-06-12 10:32:00,42.8
2025-06-12 13:47:00,65.5
2025-06-12 07:29:00,32.3
2025-06-12 18:51:00,50.7
2025-06-12 19:35:00,4.6
2025-06-12 10:11:00,54.0
2025-06-12 07:35:00,49.742524640779
2025-06-12 12:05:00,30.9
2025-06-12 13:21:00,49.742524640779
2025-06-12 05:08:00,12.2
2025-06-12 08:12:00,43.9
2025-06-12 02:00:00,12.2
2025-06-12 17:46:00,49.742524640779
2025-06-12 15:04:00,53.9
2025-06-12 10:21:00,92.8
2025-06-12 21:45:00,56.9
2025-06-12 16:39:00,0.7
2025-06-12 08:42:00,11.1
2025-06-12 11:27:00,11.8
2025-06-12 00:44:00,22.5
2025-06-12 06:51:00,96.2
2025-06-12 16:43:00,33.3
2025-06-12 13:44:00,82.1
2025-06-12 21:57:00,28.9
2025-06-12 08:19:00,49.742524640779
2025-06-12 04:23:00,99.9
2025-06-12 15:17:00,49.742524640779
2025-06-12 02:31:00,1.1
2025-06-12 20:16:00,8.2
2025-06-12 22:15:00,49.742524640779
2025-06-12 22:32:00,46.2
2025-06-12 13:01:00,53.4
2025-06-12 19:59:00,38.9
2025-06-12 09:35:00,74.5
2025-06-12 13:27:00,85.1
2025-06-12 10:29:00,42.4
2025-06-12 23:06:00,46.7
2025-06-12 23:08:00,15.4
2025-06-12 04:51:00,46.6
2025-06-12 22:35:00,49.742524640779
2025-06-12 16:05:00,6.8
2025-06-12 21:01:00,24.4
2025-06-12 01:30:00,50.1
2025-06-12 18:19:00,9.6
2025-06-12 13:01:00,22.3
2025-06-12 03:41:00,67.7
2025-06-12 02:18:00,92.9
2025-06-12 05:32:00,24.0
2025-06-12 10:47:00,70.7
2025-06-12 13:57:00,23.3
2025-06-12 13:57:00,78.0
2025-06-12 10:41:00,28.0
2025-06-12 21:51:00,7.6
2025-06-12 09:09:00,31.9
2025-06-12 13:07:00,49.742524640779
2025-06-12 10:39:00,48.4
2025-06-12 10:53:00,39.0
2025-06-12 18:38:00,73.8
2025-06-12 00:37:00,17.8
2025-06-12 07:27:00,49.742524640779
2025-06-12 17:24:00,61.6
2025-06-12 17:06:00,35.1
2025-06-12 07:11:00,92.2
2025-06-12 19:59:00,1.6
2025-06-12 10:07:00,96.0
2025-06-12 19:44:00,78.4
2025-06-12 04:05:00,90.3
2025-06-12 13:17:00,88.6
2025-06-12 14:55:00,69.9
2025-06-12 17:57:00,17.7
2025-06-12 21:58:00,57.1
2025-06-12 13:47:00,59.3
2025-06-12 23:53:00,42.6
2025-06-12 17:13:00,60.2
2025-06-12 21:38:00,16.8
2025-06-12 09:09:00,31.9
2025-06-12 03:05:00,26.6
2025-06-12 09:46:00,25.0
2025-06-12 13:23:00,40.1
2025-06-12 19:04:00,67.9
2025-06-12 12:53:00,2.8
2025-06-12 17:59:00,71.1
2025-06-12 22:33:00,20.8
2025-06-12 21:03:00,45.7
2025-06-12 02:08:00,49.742524640779
2025-06-12 11:59:00,10.5
2025-06-12 03:22:00,82.6
2025-06-12 19:52:00,38.1
2025-06-12 22:09:00,48.4
2025-06-12 14:03:00,87.8
2025-06-12 21:12:00,88.6
2025-06-12 17:06:00,42.8
2025-06-12 04:23:00,27.0
2025-06-12 11:36:00,2.4
2025-06-12 20:48:00,49.742524640779
2025-06-12 10:00:00,69.4
2025-06-12 16:21:00,66.7
2025-06-12 07:18:00,25.8
2025-06-12 16:37:00,53.0
2025-06-12 09:40:00,32.3
2025-06-12 19:46:00,49.742524640779
2025-06-12 13:18:00,54.2
2025-06-12 06:06:00,39.6
2025-06-12 15:21:00,80.4
2025-06-12 22:54:00,12.7
2025-06-12 05:27:00,7.8
2025-06-12 01:43:00,93.4
2025-06-12 17:25:00,32.4
2025-06-12 03:24:00,46.1
2025-06-12 09:41:00,49.742524640779
2025-06-12 08:55:00,7.1
2025-06-12 15:33:00,5.5
2025-06-12 21:08:00,71.5
2025-06-12 06:07:00,6.4
2025-06-12 02:09:00,34.1
2025-06-12 12:11:00,55.6
2025-06-12 11:54:00,57.7
2025-06-12 17:35:00,48.0
2025-06-12 05:09:00,49.742524640779
2025-06-12 01:46:00,39.8
2025-06-12 18:22:00,95.2
2025-06-12 02:25:00,87.4
2025-06-12 01:30:00,49.742524640779
2025-06-12 03:47:00,68.1
2025-06-12 15:11:00,86.9
2025-06-12 08:39:00,50.8
2025-06-12 19:05:00,38.5
2025-06-12 14:48:00,85.0
2025-06-12 04:18:00,54.2
2025-06-12 04:35:00,20.0
2025-06-12 04:29:00,73.5
2025-06-12 11:42:00,19.0
2025-06-12 06:09:00,0.2
2025-06-12 07:37:00,27.2
2025-06-12 16:10:00,13.0
2025-06-12 09:27:00,57.6
2025-06-12 13:08:00,76.0
2025-06-12 19:20:00,79.2
2025-06-12 08:54:00,82.1
2025-06-12 09:42:00,71.3
2025-06-12 20:29:00,12.3
2025-06-12 18:03:00,85.0
2025-06-12 08:18:00,14.8
2025-06-12 20:22:00,49.5
2025-06-12 05:53:00,31.3
2025-06-12 05:33:00,87.3
2025-06-12 23:33:00,53.0
2025-06-12 07:14:00,82.9
2025-06-12 01:10:00,35.9
2025-06-12 14:21:00,78.9
2025-06-12 13:44:00,17.0
2025-06-12 04:23:00,69.9
2025-06-12 07:14:00,49.742524640779
2025-06-12 19:34:00,39.5
2025-06-12 03:44:00,21.3
2025-06-12 14:36:00,81.3
2025-06-12 12:35:00,57.0
2025-06-12 07:57:00,0.7
2025-06-12 13:46:00,49.742524640779
2025-06-12 13:39:00,52.1
2025-06-12 21:10:00,20.8
2025-06-12 10:23:00,61.7
2025-06-12 06:05:00,22.9
2025-06-12 18:01:00,49.742524640779
2025-06-12 13:04:00,29.1
2025-06-12 11:27:00,20.7
2025-06-12 01:52:00,91.7
2025-06-12 21:43:00,35.6
2025-06-12 07:06:00,46.1
2025-06-12 10:03:00,49.742524640779
2025-06-12 09:44:00,70.5
2025-06-12 06:13:00,98.3
2025-06-12 11:40:00,13.3
2025-06-12 03:21:00,4.1
2025-06-12 20:27:00,69.0
2025-06-12 23:38:00,70.6
2025-06-12 05:56:00,49.742524640779
2025-06-12 17:00:00,99.3
2025-06-12 23:36:00,93.1
2025-06-12 07:08:00,95.6
2025-06-12 22:23:00,49.742524640779
2025-06-12 23:47:00,49.742524640779
2025-06-12 09:38:00,31.0
2025-06-12 06:05:00,13.6
2025-06-12 19:19:00,49.742524640779
2025-06-12 03:53:00,45.5
2025-06-12 05:02:00,61.4
2025-06-12 10:07:00,92.5
2025-06-12 22:18:00,32.1
2025-06-12 11:51:00,36.0
2025-06-12 08:27:00,44.4
2025-06-12 22:21:00,89.5
2025-06-12 03:33:00,89.5
2025-06-12 11:49:00,1.7
2025-06-12 20:51:00,75.3
2025-06-12 05:28:00,3.1
2025-06-12 16:34:00,25.2
2025-06-12 02:46:00,52.8
2025-06-12 23:01:00,49.742524640779
2025-06-12 05:04:00,42.0
2025-06-12 01:34:00,62.3
2025-06-12 14:39:00,69.2
2025-06-12 04:54:00,36.3
2025-06-12 13:38:00,47.4
2025-06-12 01:02:00,49.742524640779
2025-06-12 18:46:00,23.4
2025-06-12 16:35:00,59.1
2025-06-12 21:52:00,40.1
2025-06-12 00:04:00,89.5
2025-06-12 22:37:00,49.742524640779
2025-06-12 19:36:00,1.1
2025-06-12 15:53:00,96.6
2025-06-12 08:46:00,56.4
2025-06-12 09:41:00,47.6
2025-06-12 07:47:00,12.4
2025-06-12 06:45:00,68.2
2025-06-12 00:41:00,53.9
2025-06-12 13:33:00,49.742524640779
2025-06-12 03:53:00,10.9
2025-06-12 04:42:00,49.742524640779
2025-06-12 03:58:00,3.3
2025-06-12 13:18:00,87.2
2025-06-12 19:40:00,1.0
2025-06-12 17:55:00,17.3
2025-06-12 23:25:00,49.742524640779
2025-06-12 08:11:00,57.3
2025-06-12 21:20:00,49.742524640779
2025-06-12 08:19:00,11.7
2025-06-12 17:22:00,92.3
2025-06-12 22:14:00,5.0
2025-06-12 18:00:00,71.6
2025-06-12 15:29:00,29.4
2025-06-12 22:46:00,62.5
2025-06-12 15:35:00,8.8
2025-06-12 06:32:00,56.0
2025-06-12 14:12:00,90.0
2025-06-12 02:44:00,52.8
2025-06-12 16:36:00,37.9
2025-06-12 03:37:00,6.6
2025-06-12 09:47:00,48.0
2025-06-12 12:06:00,85.5
2025-06-12 08:41:00,30.3
2025-06-12 06:09:00,28.0
2025-06-12 19:31:00,26.4
2025-06-12 18:12:00,49.742524640779
2025-06-12 05:43:00,49.742524640779
2025-06-12 11:27:00,20.2
2025-06-12 17:49:00,49.0
2025-06-12 13:50:00,49.742524640779
2025-06-12 16:06:00,46.9
2025-06-12 21:04:00,67.9
2025-06-12 13:16:00,20.0
2025-06-12 17:27:00,53.0
2025-06-12 00:12:00,98.2
2025-06-12 09:40:00,49.742524640779
2025-06-12 13:22:00,71.7
2025-06-12 20:49:00,38.7
2025-06-12 15:31:00,70.0
2025-06-12 08:46:00,49.742524640779
2025-06-12 01:26:00,22.7
2025-06-12 17:27:00,2.7
2025-06-12 03:53:00,63.5
2025-06-12 06:40:00,61.1
2025-06-12 07:43:00,83.8
2025-06-12 08:56:00,41.0
2025-06-12 12:57:00,65.4
2025-06-12 20:08:00,76.2
2025-06-12 07:23:00,49.742524640779
2025-06-12 08:23:00,72.4
2025-06-12 03:14:00,24.5
2025-06-12 11:54:00,11.4
2025-06-12 08:27:00,78.4
2025-06-12 16:21:00,49.742524640779
2025-06-12 04:43:00,49.742524640779
2025-06-12 16:13:00,62.1
2025-06-12 01:22:00,88.6
2025-06-12 01:59:00,49.742524640779
2025-06-12 23:13:00,15.6
2025-06-12 20:31:00,11.9
2025-06-12 15:23:00,10.4
2025-06-12 04:54:00,28.7
2025-06-12 02:58:00,7.6
2025-06-12 13:55:00,40.2
2025-06-12 11:34:00,49.742524640779
2025-06-12 05:57:00,68.9
2025-06-12 22:24:00,93.2
2025-06-12 02:39:00,60.7
2025-06-12 03:59:00,6.5
2025-06-12 12:12:00,74.4
2025-06-12 09:00:00,50.1
2025-06-12 19:00:00,49.742524640779
2025-06-12 18:17:00,7.2
2025-06-12 16:52:00,6.7
2025-06-12 10:29:00,60.2
2025-06-12 00:19:00,96.6
2025-06-12 17:52:00,64.7
2025-06-12 01:28:00,97.8
2025-06-12 17:42:00,0.0
2025-06-12 19:57:00,13.2
2025-06-12 18:48:00,95.7
2025-06-12 18:20:00,50.09606761356967
2025-06-12 09:31:00,5.9
2025-06-12 11:35:00,50.09606761356967
2025-06-12 06:50:00,44.9
2025-06-12 15:28:00,77.9
2025-06-12 03:12:00,50.09606761356967
2025-06-12 09:00:00,47.7
2025-06-12 05:31:00,42.1
2025-06-12 20:11:00,21.5
2025-06-12 03:21:00,75.7
2025-06-12 06:02:00,1.8
2025-06-12 11:11:00,70.0
2025-06-12 08:41:00,70.6
2025-06-12 23:17:00,45.2
2025-06-12 21:38:00,19.9
2025-06-12 13:09:00,50.09606761356967
2025-06-12 12:36:00,50.09606761356967
2025-06-12 16:09:00,84.1
2025-06-12 12:29:00,17.0
2025-06-12 13:32:00,53.3
2025-06-12 08:08:00,59.5
2025-06-12 10:24:00,32.5
2025-06-12 01:20:00,42.6
2025-06-12 02:43:00,57.6
2025-06-12 15:38:00,42.5
2025-06-12 15:36:00,59.7
2025-06-12 10:04:00,38.0
2025-06-12 17:38:00,35.5
2025-06-12 16:39:00,70.6
2025-06-12 08:55:00,69.7
2025-06-12 15:41:00,70.6
2025-06-12 02:59:00,50.09606761356967
2025-06-12 23:22:00,3.7
2025-06-12 16:02:00,66.5
2025-06-12 09:15:00,49.9
2025-06-12 07:35:00,94.8
2025-06-12 03:51:00,60.8
2025-06-12 07:47:00,9.7
2025-06-12 21:14:00,50.09606761356967
2025-06-12 07:06:00,33.6
2025-06-12 23:41:00,80.7
2025-06-12 15:10:00,11.6
2025-06-12 11:49:00,86.0
2025-06-12 11:50:00,10.3
2025-06-12 16:06:00,29.6
2025-06-12 04:24:00,50.09606761356967
2025-06-12 00:23:00,34.5
2025-06-12 21:44:00,70.6
2025-06-12 20:52:00,64.7
2025-06-12 09:18:00,56.0
2025-06-12 07:04:00,7.5
2025-06-12 08:43:00,32.6
2025-06-12 22:52:00,38.0
2025-06-12 23:31:00,13.6
2025-06-12 14:46:00,31.7
2025-06-12 02:18:00,34.2
2025-06-12 12:05:00,17.9
2025-06-12 10:45:00,48.6
2025-06-12 11:35:00,81.9
2025-06-12 00:31:00,50.09606761356967
2025-06-12 11:18:00,94.2
2025-06-12 21:42:00,38.4
2025-06-12 15:52:00,73.4
2025-06-12 18:18:00,74.9
2025-06-12 05:34:00,53.3
2025-06-12 00:16:00,34.7
2025-06-12 16:41:00,6.1
2025-06-12 06:48:00,83.0
2025-06-12 16:02:00,3.0
2025-06-12 03:51:00,99.7
2025-06-12 19:37:00,57.5
2025-06-12 01:34:00,29.2
2025-06-12 14:22:00,3.5
2025-06-12 08:49:00,21.9
2025-06-12 23:42:00,68.0
2025-06-12 17:17:00,18.7
2025-06-12 18:50:00,48.5
2025-06-12 05:23:00,94.3
2025-06-12 22:12:00,55.4
2025-06-12 20:16:00,50.09606761356967
2025-06-12 06:07:00,24.6
2025-06-12 13:00:00,29.0
2025-06-12 05:42:00,50.09606761356967
2025-06-12 09:49:00,99.0
2025-06-12 10:47:00,96.4
2025-06-12 05:18:00,47.6
2025-06-12 09:52:00,2.8
2025-06-12 03:15:00,91.5
2025-06-12 09:52:00,60.5
2025-06-12 21:53:00,17.2
2025-06-12 10:48:00,19.2
2025-06-12 07:02:00,50.09606761356967
2025-06-12 05:48:00,37.6
2025-06-12 03:33:00,79.9
2025-06-12 14:55:00,13.1
2025-06-12 19:27:00,92.8
2025-06-12 10:57:00,80.2
2025-06-12 02:06:00,72.1
2025-06-12 23:55:00,97.2
2025-06-12 09:31:00,54.4
2025-06-12 23:46:00,51.6
2025-06-12 17:59:00,50.09606761356967
2025-06-12 23:33:00,26.3
2025-06-12 00:46:00,50.09606761356967
2025-06-12 07:09:00,47.7
2025-06-12 07:06:00,79.0
2025-06-12 16:46:00,60.6
2025-06-12 03:12:00,89.4
2025-06-12 17:13:00,41.6
2025-06-12 20:43:00,19.0
2025-06-12 01:56:00,56.8
2025-06-12 21:04:00,26.1
2025-06-12 01:47:00,81.7
2025-06-12 18:18:00,45.0
2025-06-12 07:53:00,24.3
2025-06-12 00:18:00,69.4
2025-06-12 00:24:00,85.0
2025-06-12 04:11:00,53.4
2025-06-12 15:18:00,32.9
2025-06-12 17:23:00,6.8
2025-06-12 18:23:00,59.7
2025-06-12 17:34:00,88.7
2025-06-12 17:31:00,70.9
2025-06-12 12:08:00,46.3
2025-06-12 15:34:00,68.7
2025-06-12 09:06:00,50.09606761356967
2025-06-12 03:22:00,3.1
2025-06-12 10:42:00,50.09606761356967
2025-06-12 04:03:00,57.4
2025-06-12 00:11:00,37.8
2025-06-12 05:17:00,50.09606761356967
2025-06-12 22:49:00,43.7
2025-06-12 19:35:00,5.0
2025-06-12 21:41:00,9.2
2025-06-12 02:46:00,38.9
2025-06-12 01:51:00,61.8
2025-06-12 13:03:00,23.7
2025-06-12 00:04:00,50.09606761356967
2025-06-12 14:18:00,26.6
2025-06-12 19:33:00,47.3
2025-06-12 04:27:00,50.09606761356967
2025-06-12 13:31:00,5.6
2025-06-12 09:10:00,63.6
2025-06-12 15:15:00,69.5
2025-06-12 19:17:00,50.09606761356967
2025-06-12 02:39:00,31.8
2025-06-12 14:43:00,6.0
2025-06-12 12:48:00,50.09606761356967
2025-06-12 19:40:00,79.5
2025-06-12 20:34:00,21.3
2025-06-12 12:24:00,70.7
2025-06-12 18:59:00,50.09606761356967
2025-06-12 10:46:00,71.8
2025-06-12 16:05:00,33.1
2025-06-12 17:00:00,14.8
2025-06-12 13:44:00,51.3
2025-06-12 19:51:00,54.5
2025-06-12 02:02:00,17.0
2025-06-12 19:11:00,27.3
2025-06-12 09:32:00,91.0
2025-06-12 12:48:00,43.0
2025-06-12 01:19:00,77.8
2025-06-12 21:16:00,57.9
2025-06-12 19:14:00,63.6
2025-06-12 02:47:00,12.6
2025-06-12 00:33:00,24.5
2025-06-12 19:28:00,26.2
2025-06-12 06:49:00,50.09606761356967
2025-06-12 01:06:00,83.3
2025-06-12 10:30:00,44.9
2025-06-12 14:29:00,50.09606761356967
2025-06-12 22:50:00,69.2
2025-06-12 04:27:00,39.0
2025-06-12 11:39:00,8.8
2025-06-12 04:43:00,35.2
2025-06-12 17:53:00,77.9
2025-06-12 19:31:00,59.4
2025-06-12 12:24:00,97.7
2025-06-12 02:18:00,87.1
2025-06-12 12:20:00,85.8
2025-06-12 07:48:00,30.0
2025-06-12 18:33:00,50.09606761356967
2025-06-12 09:21:00,96.6
2025-06-12 11:34:00,57.2
2025-06-12 23:11:00,29.4
2025-06-12 08:26:00,2.0
2025-06-12 04:48:00,18.8
2025-06-12 14:24:00,12.8
2025-06-12 17:06:00,80.8
2025-06-12 20:09:00,34.7
2025-06-12 21:35:00,31.1
2025-06-12 13:49:00,83.3
2025-06-12 20:55:00,24.7
2025-06-12 22:39:00,63.4
2025-06-12 21:43:00,59.8
2025-06-12 08:34:00,13.1
2025-06-12 01:14:00,50.2
2025-06-12 06:30:00,82.9
2025-06-12 13:20:00,50.09606761356967
2025-06-12 21:55:00,17.4
2025-06-12 19:38:00,47.5
2025-06-12 15:15:00,69.8
2025-06-12 02:59:00,2.1
2025-06-12 03:23:00,50.09606761356967
2025-06-12 02:55:00,3.3
2025-06-12 10:31:00,84.8
2025-06-12 07:02:00,89.2
2025-06-12 19:31:00,68.8
2025-06-12 05:08:00,29.9
2025-06-12 14:41:00,3.5
2025-06-12 11:58:00,38.9
2025-06-12 06:34:00,56.1
2025-06-12 02:29:00,46.9
2025-06-12 09:53:00,37.5
2025-06-12 03:42:00,2.1
2025-06-12 02:58:00,59.4
2025-06-12 09:20:00,50.09606761356967
2025-06-12 10:58:00,50.09606761356967
2025-06-12 02:11:00,51.4
2025-06-12 05:52:00,29.3
2025-06-12 19:31:00,4.5
2025-06-12 18:53:00,75.1
2025-06-12 04:25:00,98.8
2025-06-12 06:38:00,92.6
2025-06-12 07:58:00,50.09606761356967
2025-06-12 08:43:00,41.5
2025-06-12 09:15:00,50.09606761356967
2025-06-12 12:04:00,38.3
2025-06-12 12:07:00,50.09606761356967
2025-06-12 00:09:00,15.9
2025-06-12 04:39:00,43.2
2025-06-12 04:36:00,25.4
2025-06-12 02:54:00,71.8
2025-06-12 00:48:00,69.5
2025-06-12 11:57:00,72.7
2025-06-12 22:23:00,76.9
2025-06-12 17:22:00,26.4
2025-06-12 05:19:00,15.3
2025-06-12 00:45:00,5.6
2025-06-12 05:35:00,45.3
2025-06-12 23:47:00,1.5
2025-06-12 00:38:00,51.9
2025-06-12 17:47:00,33.7
2025-06-12 18:49:00,1.7
2025-06-12 14:30:00,14.5
2025-06-12 18:03:00,83.9
2025-06-12 10:29:00,2.4
2025-06-12 16:55:00,25.6
2025-06-12 07:48:00,60.7
2025-06-12 16:49:00,50.09606761356967
2025-06-12 05:02:00,35.8
2025-06-12 22:08:00,50.09606761356967
2025-06-12 19:54:00,14.2
2025-06-12 05:28:00,75.9
2025-06-12 18:24:00,30.4
2025-06-12 20:06:00,24.3
2025-06-12 02:56:00,72.1
2025-06-12 19:34:00,62.5
2025-06-12 08:21:00,8.0
2025-06-12 19:02:00,40.9
2025-06-12 23:43:00,79.9
2025-06-12 00:09:00,95.2
2025-06-12 07:47:00,50.09606761356967
2025-06-12 06:21:00,50.09606761356967
2025-06-12 08:26:00,16.7
2025-06-12 12:10:00,70.4
2025-06-12 10:42:00,26.4
2025-06-12 02:43:00,56.8
2025-06-12 23:15:00,25.3
2025-06-12 19:49:00,82.1
2025-06-12 03:55:00,3.4
2025-06-12 07:51:00,4.1
2025-06-12 00:41:00,50.09606761356967
2025-06-12 22:31:00,10.5
2025-06-12 19:33:00,12.1
2025-06-12 14:07:00,50.09606761356967
2025-06-12 06:45:00,98.5
2025-06-12 23:02:00,85.3
2025-06-12 10:17:00,60.4
2025-06-12 00:34:00,51.4
2025-06-12 10:46:00,60.3
2025-06-12 18:36:00,83.9
2025-06-12 02:36:00,38.8
2025-06-12 06:43:00,70.5
2025-06-12 21:09:00,97.4
2025-06-12 19:47:00,16.7
2025-06-12 06:31:00,2.2
2025-06-12 17:16:00,62.9
2025-06-12 15:34:00,43.9
2025-06-12 21:56:00,60.2
2025-06-12 01:07:00,50.09606761356967
2025-06-12 09:16:00,57.8
2025-06-12 17:21:00,50.09606761356967
2025-06-12 20:42:00,80.2
2025-06-12 13:18:00,93.2
2025-06-12 07:39:00,50.09606761356967
2025-06-12 17:12:00,50.09606761356967
2025-06-12 05:33:00,78.6
2025-06-12 12:42:00,10.8
2025-06-12 14:06:00,50.09606761356967
2025-06-12 18:31:00,74.4
2025-06-12 10:04:00,50.09606761356967
2025-06-12 10:29:00,32.1
2025-06-12 15:08:00,25.5
2025-06-12 11:52:00,98.7
2025-06-12 18:11:00,50.09606761356967
2025-06-12 02:51:00,89.6
2025-06-12 15:17:00,92.7
2025-06-12 23:22:00,50.09606761356967
2025-06-12 12:17:00,4.0
2025-06-12 16:53:00,50.09606761356967
2025-06-12 17:19:00,33.0
2025-06-12 16:48:00,78.2
2025-06-12 16:30:00,37.3
2025-06-12 01:01:00,92.6
2025-06-12 06:18:00,35.7
2025-06-12 18:48:00,33.3
2025-06-12 11:48:00,32.1
2025-06-12 22:32:00,17.7
2025-06-12 20:05:00,39.6
2025-06-12 00:04:00,94.1
2025-06-12 16:26:00,6.3
2025-06-12 17:40:00,22.0
2025-06-12 09:42:00,10.1
2025-06-12 20:55:00,30.5
2025-06-12 08:05:00,50.09606761356967
2025-06-12 15:04:00,11.1
2025-06-12 15:27:00,74.9
2025-06-12 07:48:00,46.6
2025-06-12 08:39:00,49.952608030142464
2025-06-12 03:18:00,52.6
2025-06-12 01:15:00,83.6
2025-06-12 08:07:00,7.2
2025-06-12 09:25:00,22.0
2025-06-12 15:34:00,11.1
2025-06-12 13:16:00,91.6
2025-06-12 11:07:00,69.7
2025-06-12 19:58:00,24.3
2025-06-12 15:07:00,24.5
2025-06-12 15:29:00,60.7
2025-06-12 06:33:00,49.952608030142464
2025-06-12 15:50:00,49.952608030142464
2025-06-12 02:47:00,20.4
2025-06-12 12:32:00,98.3
2025-06-12 22:53:00,86.9
2025-06-12 09:15:00,42.9
2025-06-12 06:42:00,60.5
2025-06-12 02:01:00,76.6
2025-06-12 00:44:00,56.1
2025-06-12 09:11:00,20.9
2025-06-12 20:20:00,17.4
2025-06-12 13:21:00,49.952608030142464
2025-06-12 02:23:00,47.8
2025-06-12 07:25:00,49.952608030142464
2025-06-12 19:05:00,11.9
2025-06-12 16:25:00,66.8
2025-06-12 17:12:00,9.3
2025-06-12 03:11:00,42.1
2025-06-12 23:05:00,49.952608030142464
2025-06-12 13:04:00,65.9
2025-06-12 14:41:00,35.0
2025-06-12 15:06:00,95.5
2025-06-12 00:03:00,72.7
2025-06-12 20:02:00,60.8
2025-06-12 20:04:00,54.7
2025-06-12 14:22:00,49.952608030142464
2025-06-12 05:44:00,10.0
2025-06-12 09:46:00,27.4
2025-06-12 09:52:00,67.6
2025-06-12 05:58:00,86.9
2025-06-12 18:42:00,49.952608030142464
2025-06-12 12:39:00,19.2
2025-06-12 12:20:00,51.9
2025-06-12 03:23:00,39.9
2025-06-12 22:03:00,99.1
2025-06-12 05:14:00,49.952608030142464
2025-06-12 20:46:00,16.7
2025-06-12 07:31:00,49.952608030142464
2025-06-12 18:20:00,22.7
2025-06-12 05:17:00,52.2
2025-06-12 12:22:00,49.952608030142464
2025-06-12 11:21:00,49.952608030142464
2025-06-12 18:13:00,62.9
2025-06-12 17:50:00,14.5
2025-06-12 12:49:00,60.3
2025-06-12 17:12:00,42.5
2025-06-12 19:32:00,61.5
2025-06-12 05:43:00,56.2
2025-06-12 23:28:00,92.7
2025-06-12 23:44:00,75.2
2025-06-12 19:33:00,49.952608030142464
2025-06-12 10:19:00,8.8
2025-06-12 10:56:00,59.8
2025-06-12 07:20:00,94.6
2025-06-12 04:46:00,66.2
2025-06-12 01:22:00,87.2
2025-06-12 09:30:00,5.8
2025-06-12 10:38:00,47.1
2025-06-12 06:31:00,15.1
2025-06-12 19:44:00,22.7
2025-06-12 07:02:00,15.9
2025-06-12 22:19:00,34.8
2025-06-12 08:05:00,69.0
2025-06-12 03:42:00,36.5
2025-06-12 12:45:00,51.3
2025-06-12 07:23:00,91.4
2025-06-12 18:20:00,40.3
2025-06-12 22:37:00,33.9
2025-06-12 11:31:00,30.0
2025-06-12 06:59:00,10.1
2025-06-12 16:33:00,27.3
2025-06-12 01:40:00,12.7
2025-06-12 18:34:00,81.8
2025-06-12 04:36:00,60.3
2025-06-12 19:00:00,46.0
2025-06-12 13:57:00,59.3
2025-06-12 02:26:00,30.0
2025-06-12 08:56:00,85.3
2025-06-12 10:57:00,65.9
2025-06-12 03:53:00,62.2
2025-06-12 18:55:00,49.952608030142464
2025-06-12 00:04:00,55.3
2025-06-12 16:46:00,24.7
2025-06-12 07:01:00,79.3
2025-06-12 18:15:00,62.2
2025-06-12 08:24:00,17.5
2025-06-12 00:38:00,29.3
2025-06-12 14:01:00,63.3
2025-06-12 10:40:00,26.6
2025-06-12 05:41:00,81.6
2025-06-12 08:13:00,55.9
2025-06-12 06:57:00,95.9
2025-06-12 02:07:00,16.9
2025-06-12 21:24:00,78.1
2025-06-12 13:37:00,32.5
2025-06-12 19:36:00,9.6
2025-06-12 22:20:00,13.8
2025-06-12 09:25:00,49.952608030142464
2025-06-12 15:24:00,49.952608030142464
2025-06-12 09:10:00,87.9
2025-06-12 04:27:00,39.5
2025-06-12 18:36:00,94.1
2025-06-12 14:21:00,62.8
2025-06-12 05:53:00,92.5
2025-06-12 22:47:00,8.5
2025-06-12 14:12:00,77.3
2025-06-12 10:41:00,49.952608030142464
2025-06-12 21:13:00,48.5
2025-06-12 22:46:00,55.5
2025-06-12 20:02:00,96.0
2025-06-12 19:31:00,76.2
2025-06-12 15:21:00,22.1
2025-06-12 04:26:00,86.0
2025-06-12 09:20:00,54.5
2025-06-12 23:13:00,19.3
2025-06-12 20:47:00,30.5
2025-06-12 09:43:00,24.2
2025-06-12 19:04:00,19.2
2025-06-12 02:36:00,67.2
2025-06-12 08:00:00,85.1
2025-06-12 01:13:00,83.0
2025-06-12 08:51:00,47.0
2025-06-12 10:29:00,26.0
2025-06-12 14:46:00,49.952608030142464
2025-06-12 04:03:00,76.6
2025-06-12 14:21:00,68.3
2025-06-12 17:00:00,49.952608030142464
2025-06-12 22:27:00,54.7
2025-06-12 02:47:00,68.6
2025-06-12 03:57:00,31.0
2025-06-12 15:15:00,23.2
2025-06-12 11:34:00,54.5
2025-06-12 02:03:00,20.2
2025-06-12 00:24:00,86.2
2025-06-12 07:00:00,13.0
2025-06-12 08:42:00,49.952608030142464
2025-06-12 02:16:00,9.6
2025-06-12 05:39:00,13.8
2025-06-12 22:42:00,41.6
2025-06-12 18:22:00,88.3
2025-06-12 14:25:00,55.2
2025-06-12 01:18:00,10.6
2025-06-12 10:40:00,95.8
2025-06-12 04:57:00,92.2
2025-06-12 08:25:00,24.7
2025-06-12 22:59:00,84.6
2025-06-12 05:47:00,7.3
2025-06-12 03:43:00,71.9
2025-06-12 01:02:00,32.1
2025-06-12 23:29:00,32.8
2025-06-12 19:55:00,79.2
2025-06-12 06:18:00,36.4
2025-06-12 17:27:00,96.9
2025-06-12 18:49:00,23.5
2025-06-12 01:36:00,66.1
2025-06-12 15:00:00,15.7
2025-06-12 22:14:00,65.3
2025-06-12 17:54:00,51.9
2025-06-12 18:03:00,68.3
2025-06-12 13:54:00,84.6
2025-06-12 17:35:00,57.9
2025-06-12 17:56:00,15.1
2025-06-12 11:21:00,12.6
2025-06-12 09:19:00,89.9
2025-06-12 18:08:00,0.9
2025-06-12 18:23:00,3.6
2025-06-12 06:03:00,27.9
2025-06-12 04:50:00,92.1
2025-06-12 19:46:00,1.5
2025-06-12 01:31:00,9.7
2025-06-12 14:17:00,49.952608030142464
2025-06-12 22:40:00,38.0
2025-06-12 04:59:00,69.6
2025-06-12 10:33:00,50.7
2025-06-12 02:45:00,79.3
2025-06-12 04:09:00,93.0
2025-06-12 18:28:00,85.0
2025-06-12 04:30:00,91.7
2025-06-12 20:56:00,82.8
2025-06-12 04:40:00,59.7
2025-06-12 10:41:00,54.6
2025-06-12 22:45:00,49.952608030142464
2025-06-12 18:46:00,35.0
2025-06-12 18:37:00,58.3
2025-06-12 15:36:00,49.952608030142464
2025-06-12 21:54:00,27.3
2025-06-12 04:46:00,16.5
2025-06-12 15:14:00,95.1
2025-06-12 09:57:00,83.7
2025-06-12 03:00:00,49.952608030142464
2025-06-12 00:29:00,49.952608030142464
2025-06-12 04:51:00,17.1
2025-06-12 11:44:00,69.0
2025-06-12 11:18:00,58.4
2025-06-12 03:25:00,42.2
2025-06-12 07:41:00,94.8
2025-06-12 22:28:00,66.8
2025-06-12 02:11:00,49.952608030142464
2025-06-12 21:05:00,0.6
2025-06-12 20:36:00,88.9
2025-06-12 17:39:00,87.2
2025-06-12 23:29:00,30.7
2025-06-12 18:36:00,49.952608030142464
2025-06-12 02:54:00,70.2
2025-06-12 16:29:00,49.952608030142464
2025-06-12 03:25:00,20.1
2025-06-12 00:58:00,49.952608030142464
2025-06-12 02:08:00,85.1
2025-06-12 19:03:00,48.6
2025-06-12 11:58:00,49.952608030142464
2025-06-12 02:24:00,77.3
2025-06-12 08:00:00,49.7
2025-06-12 18:59:00,34.5
2025-06-12 15:15:00,29.8
2025-06-12 15:03:00,88.3
2025-06-12 22:57:00,76.2
2025-06-12 00:05:00,49.952608030142464
2025-06-12 15:44:00,35.7
2025-06-12 19:55:00,64.1
2025-06-12 11:20:00,25.2
2025-06-12 18:53:00,27.9
2025-06-12 19:47:00,34.1
2025-06-12 12:51:00,27.8
2025-06-12 02:04:00,49.952608030142464
2025-06-12 08:52:00,99.3
2025-06-12 15:06:00,45.4
2025-06-12 18:27:00,5.0
2025-06-12 22:16:00,49.952608030142464
2025-06-12 20:52:00,49.952608030142464
2025-06-12 01:09:00,87.0
2025-06-12 16:54:00,50.8
2025-06-12 18:39:00,21.5
2025-06-12 02:16:00,48.0
2025-06-12 22:33:00,42.4
2025-06-12 04:14:00,27.9
2025-06-12 00:29:00,71.3
2025-06-12 17:01:00,49.952608030142464
2025-06-12 10:05:00,38.2
2025-06-12 19:43:00,49.952608030142464
2025-06-12 02:12:00,4.7
2025-06-12 02:41:00,49.952608030142464
2025-06-12 21:38:00,49.952608030142464
2025-06-12 11:47:00,49.952608030142464
2025-06-12 21:57:00,22.1
2025-06-12 21:09:00,15.5
2025-06-12 08:17:00,6.9
2025-06-12 13:51:00,34.8
2025-06-12 10:32:00,84.7
2025-06-12 05:47:00,50.1
2025-06-12 16:53:00,95.5
2025-06-12 12:51:00,49.952608030142464
2025-06-12 02:37:00,79.5
2025-06-12 01:30:00,70.2
2025-06-12 15:02:00,0.7
2025-06-12 07:28:00,5.4
2025-06-12 20:35:00,9.6
2025-06-12 10:56:00,36.7
2025-06-12 02:47:00,49.952608030142464
2025-06-12 05:26:00,10.3
2025-06-12 05:31:00,12.0
2025-06-12 21:54:00,57.6
2025-06-12 16:07:00,77.6
2025-06-12 04:14:00,83.7
2025-06-12 04:48:00,10.5
2025-06-12 09:05:00,76.1
2025-06-12 16:24:00,49.952608030142464
2025-06-12 20:47:00,11.7
2025-06-12 18:56:00,27.2
2025-06-12 10:39:00,85.9
2025-06-12 15:35:00,24.9
2025-06-12 21:25:00,85.1
2025-06-12 17:56:00,87.1
2025-06-12 00:16:00,5.9
2025-06-12 12:30:00,45.7
2025-06-12 20:19:00,88.0
2025-06-12 12:13:00,49.952608030142464
2025-06-12 17:51:00,84.3
2025-06-12 18:07:00,21.5
2025-06-12 08:07:00,84.2
2025-06-12 18:48:00,14.2
2025-06-12 20:33:00,3.7
2025-06-12 06:56:00,79.6
2025-06-12 08:22:00,18.7
2025-06-12 02:48:00,20.6
2025-06-12 01:13:00,63.1
2025-06-12 03:32:00,28.4
2025-06-12 16:25:00,17.2
2025-06-12 21:18:00,49.952608030142464
2025-06-12 08:14:00,12.2
2025-06-12 03:07:00,47.7
2025-06-12 14:08:00,77.6
2025-06-12 03:52:00,28.1
2025-06-12 03:10:00,61.4
2025-06-12 00:07:00,82.0
2025-06-12 15:39:00,32.9
2025-06-12 09:37:00,97.9
2025-06-12 18:13:00,29.2
2025-06-12 06:41:00,50.21640523646657
2025-06-12 21:30:00,27.3
2025-06-12 16:21:00,50.21640523646657
2025-06-12 17:38:00,50.21640523646657
2025-06-12 17:00:00,40.3
2025-06-12 02:53:00,93.0
2025-06-12 14:21:00,82.4
2025-06-12 05:45:00,29.4
2025-06-12 18:41:00,59.0
2025-06-12 02:41:00,8.2
2025-06-12 19:55:00,64.1
2025-06-12 00:51:00,93.0
2025-06-12 06:36:00,90.5
2025-06-12 21:20:00,26.0
2025-06-12 15:23:00,76.1
2025-06-12 16:55:00,78.8
2025-06-12 21:42:00,69.5
2025-06-12 15:24:00,18.9
2025-06-12 00:19:00,38.3
2025-06-12 15:47:00,7.8
2025-06-12 13:26:00,55.6
2025-06-12 22:17:00,66.5
2025-06-12 04:26:00,18.8
2025-06-12 00:22:00,91.0
2025-06-12 18:10:00,93.6
2025-06-12 22:14:00,50.21640523646657
2025-06-12 15:50:00,50.21640523646657
2025-06-12 21:34:00,92.1
2025-06-12 21:37:00,97.7
2025-06-12 01:38:00,1.4
2025-06-12 01:51:00,36.8
2025-06-12 18:21:00,16.4
2025-06-12 04:32:00,50.21640523646657
2025-06-12 21:55:00,82.9
2025-06-12 04:27:00,76.5
2025-06-12 00:58:00,34.2
2025-06-12 20:08:00,94.4
2025-06-12 20:11:00,50.21640523646657
2025-06-12 10:52:00,80.4
2025-06-12 09:55:00,50.21640523646657
2025-06-12 03:00:00,97.9
2025-06-12 15:23:00,54.1
2025-06-12 13:29:00,86.4
2025-06-12 00:38:00,76.4
2025-06-12 10:04:00,50.21640523646657
2025-06-12 23:37:00,99.2
2025-06-12 18:39:00,68.1
2025-06-12 20:52:00,4.6
2025-06-12 02:12:00,36.9
2025-06-12 14:03:00,50.21640523646657
2025-06-12 11:03:00,77.8
2025-06-12 08:17:00,11.2
2025-06-12 19:42:00,91.1
2025-06-12 14:37:00,9.6
2025-06-12 13:35:00,50.21640523646657
2025-06-12 06:20:00,26.5
2025-06-12 04:27:00,44.2
2025-06-12 23:09:00,44.6
2025-06-12 05:23:00,34.4
2025-06-12 21:42:00,50.21640523646657
2025-06-12 03:08:00,36.1
2025-06-12 11:11:00,50.21640523646657
2025-06-12 23:30:00,40.3
2025-06-12 07:41:00,19.0
2025-06-12 15:38:00,52.7
2025-06-12 00:31:00,66.7
2025-06-12 14:33:00,83.1
2025-06-12 03:07:00,16.8
2025-06-12 12:40:00,41.1
2025-06-12 12:20:00,50.21640523646657
2025-06-12 22:13:00,17.1
2025-06-12 21:20:00,82.0
2025-06-12 08:07:00,55.2
2025-06-12 14:25:00,9.4
2025-06-12 03:19:00,50.21640523646657
2025-06-12 01:02:00,50.21640523646657
2025-06-12 01:10:00,26.8
2025-06-12 11:36:00,50.21640523646657
2025-06-12 23:16:00,70.2
2025-06-12 23:32:00,60.0
2025-06-12 00:03:00,64.0
2025-06-12 00:27:00,31.5
2025-06-12 06:08:00,75.9
2025-06-12 22:53:00,71.5
2025-06-12 09:42:00,92.7
2025-06-12 10:29:00,35.2
2025-06-12 00:27:00,50.21640523646657
2025-06-12 08:24:00,40.8
2025-06-12 22:18:00,46.6
2025-06-12 05:12:00,81.1
2025-06-12 03:14:00,75.1
2025-06-12 23:17:00,50.21640523646657
2025-06-12 21:41:00,50.21640523646657
2025-06-12 11:58:00,50.21640523646657
2025-06-12 19:00:00,54.8
2025-06-12 11:12:00,30.2
2025-06-12 13:36:00,18.8
2025-06-12 18:12:00,13.4
2025-06-12 03:39:00,50.21640523646657
2025-06-12 12:21:00,51.6
2025-06-12 06:59:00,11.9
2025-06-12 06:21:00,30.9
2025-06-12 03:18:00,97.4
2025-06-12 17:18:00,81.8
2025-06-12 19:16:00,70.3
2025-06-12 21:24:00,98.3
2025-06-12 22:51:00,24.6
2025-06-12 10:55:00,30.8
2025-06-12 19:03:00,57.0
2025-06-12 02:03:00,40.0
2025-06-12 17:38:00,42.4
2025-06-12 16:41:00,30.6
2025-06-12 01:20:00,21.5
2025-06-12 18:21:00,50.21640523646657
2025-06-12 05:14:00,90.3
2025-06-12 13:12:00,23.5
2025-06-12 19:39:00,72.9
2025-06-12 06:28:00,50.21640523646657
2025-06-12 15:54:00,44.3
2025-06-12 16:17:00,60.4
2025-06-12 00:22:00,50.2
2025-06-12 19:23:00,0.1
2025-06-12 19:25:00,28.9
2025-06-12 16:43:00,50.21640523646657
2025-06-12 11:49:00,36.1
2025-06-12 09:50:00,50.21640523646657
2025-06-12 00:33:00,68.0
2025-06-12 05:09:00,50.21640523646657
2025-06-12 16:48:00,36.0
2025-06-12 00:38:00,10.3
2025-06-12 18:52:00,97.5
2025-06-12 08:28:00,76.1
2025-06-12 08:09:00,14.6
2025-06-12 11:13:00,10.1
2025-06-12 13:51:00,11.9
2025-06-12 16:53:00,91.6
2025-06-12 01:59:00,56.1
2025-06-12 03:09:00,67.4
2025-06-12 07:36:00,50.21640523646657
2025-06-12 15:39:00,3.6
2025-06-12 14:12:00,47.6
2025-06-12 11:33:00,12.8
2025-06-12 07:01:00,50.21640523646657
2025-06-12 17:01:00,84.1
2025-06-12 00:05:00,50.21640523646657
2025-06-12 20:21:00,81.4
2025-06-12 08:46:00,94.7
2025-06-12 10:36:00,50.21640523646657
2025-06-12 04:52:00,50.21640523646657
2025-06-12 14:48:00,71.5
2025-06-12 19:55:00,83.7
2025-06-12 02:17:00,89.6
2025-06-12 16:37:00,51.8
2025-06-12 12:54:00,63.7
2025-06-12 12:04:00,50.21640523646657
2025-06-12 06:46:00,82.2
2025-06-12 21:24:00,70.1
2025-06-12 13:33:00,59.0
2025-06-12 21:48:00,33.4
2025-06-12 16:27:00,76.2
2025-06-12 03:41:00,27.6
2025-06-12 05:09:00,50.21640523646657
2025-06-12 17:09:00,88.9
2025-06-12 21:18:00,37.4
2025-06-12 16:22:00,61.0
2025-06-12 06:56:00,40.9
2025-06-12 00:30:00,2.6
2025-06-12 14:36:00,82.3
2025-06-12 23:36:00,79.7
2025-06-12 21:16:00,26.5
2025-06-12 08:58:00,50.21640523646657
2025-06-12 22:41:00,58.8
2025-06-12 07:07:00,60.3
2025-06-12 19:11:00,65.2
2025-06-12 06:13:00,50.21640523646657
2025-06-12 03:13:00,24.0
2025-06-12 16:26:00,67.6
2025-06-12 03:18:00,84.2
2025-06-12 17:46:00,9.4
2025-06-12 04:17:00,22.8
2025-06-12 01:21:00,45.0
2025-06-12 11:07:00,2.1
2025-06-12 01:45:00,42.1
2025-06-12 07:48:00,7.3
2025-06-12 01:32:00,50.21640523646657
2025-06-12 20:31:00,17.7
2025-06-12 05:32:00,13.6
2025-06-12 22:53:00,80.1
2025-06-12 15:44:00,50.6
2025-06-12 23:27:00,62.6
2025-06-12 09:03:00,97.6
2025-06-12 21:44:00,75.4
2025-06-12 05:44:00,83.1
2025-06-12 22:51:00,73.5
2025-06-12 02:02:00,96.9
2025-06-12 01:20:00,66.4
2025-06-12 08:24:00,61.7
2025-06-12 22:26:00,6.0
2025-06-12 17:58:00,5.8
2025-06-12 03:55:00,24.5
2025-06-12 10:47:00,50.21640523646657
2025-06-12 17:45:00,50.21640523646657
2025-06-12 19:50:00,50.21640523646657
2025-06-12 04:11:00,87.0
2025-06-12 19:35:00,64.1
2025-06-12 09:14:00,38.3
2025-06-12 06:57:00,46.0
2025-06-12 12:24:00,3.6
2025-06-12 18:10:00,92.6
2025-06-12 05:58:00,24.2
2025-06-12 02:00:00,34.7
2025-06-12 21:52:00,48.9
2025-06-12 15:22:00,72.1
2025-06-12 19:45:00,16.0
2025-06-12 16:22:00,2.1
2025-06-12 07:57:00,64.3
2025-06-12 06:41:00,67.4
2025-06-12 08:05:00,78.1
2025-06-12 09:01:00,50.21640523646657
2025-06-12 12:46:00,54.4
2025-06-12 15:30:00,11.4
2025-06-12 12:40:00,50.21640523646657
2025-06-12 18:08:00,85.2
2025-06-12 01:37:00,46.6
2025-06-12 22:53:00,50.21640523646657
2025-06-12 18:21:00,14.1
2025-06-12 03:35:00,60.1
2025-06-12 09:02:00,18.6
2025-06-12 01:35:00,70.8
2025-06-12 02:52:00,5.4
2025-06-12 23:19:00,31.5
2025-06-12 20:59:00,58.1
2025-06-12 19:36:00,42.8
2025-06-12 01:07:00,46.9
2025-06-12 17:24:00,3.7
2025-06-12 10:31:00,9.8
2025-06-12 05:02:00,98.3
2025-06-12 21:49:00,12.0
2025-06-12 15:29:00,81.3
2025-06-12 09:02:00,67.2
2025-06-12 16:17:00,36.6
2025-06-12 03:24:00,97.6
2025-06-12 07:16:00,22.4
2025-06-12 14:34:00,31.6
2025-06-12 19:01:00,50.21640523646657
2025-06-12 21:21:00,76.2
2025-06-12 06:46:00,36.6
2025-06-12 15:10:00,4.5
2025-06-12 15:59:00,63.9
2025-06-12 13:19:00,41.1
2025-06-12 13:41:00,40.1
2025-06-12 07:09:00,50.21640523646657
2025-06-12 03:56:00,90.4
2025-06-12 02:45:00,99.2
2025-06-12 07:46:00,50.21640523646657
2025-06-12 08:29:00,50.21640523646657
2025-06-12 23:08:00,78.6
2025-06-12 16:09:00,85.4
2025-06-12 11:16:00,32.4
2025-06-12 04:48:00,50.21640523646657
2025-06-12 23:32:00,34.1
2025-06-12 09:48:00,28.0
2025-06-12 03:21:00,55.7
2025-06-12 04:25:00,50.21640523646657
2025-06-12 07:03:00,93.4
2025-06-12 21:22:00,86.8
2025-06-12 09:13:00,96.3
2025-06-12 16:56:00,30.3
2025-06-12 21:59:00,19.1
2025-06-12 22:09:00,50.21640523646657
2025-06-12 22:23:00,77.9
2025-06-12 12:06:00,50.21640523646657
2025-06-12 07:28:00,25.0
2025-06-12 13:52:00,80.2
2025-06-12 00:52:00,32.2
2025-06-12 22:42:00,54.1
2025-06-12 17:20:00,3.4
2025-06-12 17:56:00,51.7
2025-06-12 08:12:00,50.21640523646657
2025-06-12 21:15:00,91.0
2025-06-12 09:52:00,19.6
2025-06-12 23:41:00,50.9
2025-06-12 05:10:00,87.8
2025-06-12 00:44:00,50.21640523646657
2025-06-12 19:50:00,51.2
2025-06-12 12:48:00,60.1
2025-06-12 11:56:00,34.5
2025-06-12 12:01:00,70.1
2025-06-12 20:51:00,54.3
2025-06-12 08:59:00,61.1
2025-06-12 20:46:00,71.7
2025-06-12 14:13:00,46.5
2025-06-12 14:25:00,61.0
2025-06-12 17:22:00,92.7
2025-06-12 09:33:00,81.4
2025-06-12 17:53:00,76.0
2025-06-12 17:39:00,92.6
2025-06-12 20:24:00,40.5
2025-06-12 19:59:00,79.2
2025-06-12 23:42:00,45.0
2025-06-12 18:16:00,17.0
2025-06-12 01:52:00,42.6
2025-06-12 10:23:00,42.7
2025-06-12 06:23:00,21.0
2025-06-12 06:12:00,56.1
2025-06-12 19:51:00,50.21640523646657
2025-06-12 22:44:00,50.21640523646657
2025-06-12 04:33:00,46.2
2025-06-12 18:47:00,91.5
2025-06-12 23:52:00,34.9
2025-06-12 00:35:00,90.2
2025-06-12 16:24:00,28.1
2025-06-12 02:56:00,22.1
2025-06-12 01:47:00,13.3
2025-06-12 16:37:00,90.4
2025-06-12 13:33:00,50.21640523646657
2025-06-12 01:26:00,92.2
2025-06-12 10:01:00,66.6
2025-06-12 18:56:00,4.9
2025-06-12 18:38:00,62.5
2025-06-12 09:55:00,63.3
2025-06-12 01:20:00,2.0
2025-06-12 10:11:00,39.0
2025-06-12 13:39:00,50.21640523646657
2025-06-12 00:40:00,14.7
2025-06-12 15:27:00,56.6
2025-06-12 09:48:00,10.6
2025-06-12 22:00:00,66.8
2025-06-12 09:36:00,92.5
2025-06-12 02:40:00,22.3
2025-06-12 00:35:00,50.21640523646657
2025-06-12 06:49:00,61.0
2025-06-12 11:17:00,59.7
2025-06-12 23:18:00,32.0
2025-06-12 18:42:00,3.4
2025-06-12 09:45:00,63.7
2025-06-12 21:31:00,8.0
2025-06-12 02:22:00,90.9
2025-06-12 15:16:00,49.70408187272085
2025-06-12 21:16:00,98.2
2025-06-12 14:06:00,93.2
2025-06-12 08:28:00,77.3
2025-06-12 04:54:00,31.3
2025-06-12 02:49:00,19.7
2025-06-12 02:08:00,49.70408187272085
2025-06-12 00:32:00,22.6
2025-06-12 04:47:00,80.3
2025-06-12 13:18:00,44.9
2025-06-12 15:06:00,79.1
2025-06-12 04:15:00,66.0
2025-06-12 23:13:00,72.8
2025-06-12 05:30:00,94.4
2025-06-12 13:56:00,80.3
2025-06-12 17:18:00,57.9
2025-06-12 10:58:00,56.4
2025-06-12 21:31:00,23.9
2025-06-12 06:52:00,49.70408187272085
2025-06-12 16:32:00,49.9
2025-06-12 22:23:00,97.5
2025-06-12 19:41:00,55.6
2025-06-12 21:41:00,49.70408187272085
2025-06-12 10:55:00,3.9
2025-06-12 14:40:00,46.0
2025-06-12 18:35:00,8.8
2025-06-12 14:10:00,77.6
2025-06-12 20:28:00,58.3
2025-06-12 11:02:00,72.7
2025-06-12 03:31:00,64.3
2025-06-12 07:37:00,49.70408187272085
2025-06-12 23:02:00,10.4
2025-06-12 08:04:00,75.1
2025-06-12 10:51:00,70.3
2025-06-12 21:18:00,9.5
2025-06-12 15:48:00,60.5
2025-06-12 10:26:00,49.70408187272085
2025-06-12 19:24:00,97.1
2025-06-12 20:58:00,49.70408187272085
2025-06-12 21:56:00,43.9
2025-06-12 20:21:00,32.1
2025-06-12 03:42:00,31.1
2025-06-12 15:10:00,29.0
2025-06-12 21:22:00,32.2
2025-06-12 03:06:00,49.70408187272085
2025-06-12 04:00:00,4.4
2025-06-12 08:37:00,20.5
2025-06-12 12:57:00,51.7
2025-06-12 19:53:00,24.5
2025-06-12 03:50:00,56.0
2025-06-12 04:56:00,9.8
2025-06-12 20:28:00,15.0
2025-06-12 05:53:00,76.7
2025-06-12 19:29:00,49.3
2025-06-12 16:24:00,82.9
2025-06-12 09:39:00,92.2
2025-06-12 10:41:00,49.70408187272085
2025-06-12 07:37:00,58.2
2025-06-12 05:19:00,46.1
2025-06-12 19:59:00,78.5
2025-06-12 14:12:00,49.70408187272085
2025-06-12 14:16:00,78.4
2025-06-12 02:40:00,49.70408187272085
2025-06-12 00:46:00,56.2
2025-06-12 22:31:00,96.1
2025-06-12 05:08:00,19.7
2025-06-12 04:01:00,14.7
2025-06-12 15:30:00,36.8
2025-06-12 02:38:00,55.1
2025-06-12 20:17:00,96.1
2025-06-12 02:59:00,86.0
2025-06-12 09:46:00,94.7
2025-06-12 14:22:00,46.8
2025-06-12 01:07:00,50.0
2025-06-12 00:37:00,49.70408187272085
2025-06-12 12:53:00,10.3
2025-06-12 23:46:00,47.9
2025-06-12 13:05:00,0.6
2025-06-12 18:19:00,35.1
2025-06-12 04:57:00,22.2
2025-06-12 04:31:00,42.4
2025-06-12 20:25:00,73.7
2025-06-12 23:05:00,89.1
2025-06-12 07:12:00,71.3
2025-06-12 03:20:00,43.0
2025-06-12 22:31:00,44.3
2025-06-12 18:00:00,91.4
2025-06-12 22:17:00,58.8
2025-06-12 14:43:00,49.70408187272085
2025-06-12 23:40:00,26.7
2025-06-12 05:54:00,8.3
2025-06-12 03:24:00,64.3
2025-06-12 17:29:00,49.70408187272085
2025-06-12 12:54:00,64.8
2025-06-12 13:22:00,49.70408187272085
2025-06-12 21:49:00,64.6
2025-06-12 06:05:00,65.6
2025-06-12 03:29:00,49.70408187272085
2025-06-12 23:21:00,49.70408187272085
2025-06-12 05:05:00,81.4
2025-06-12 23:25:00,27.7
2025-06-12 13:52:00,35.1
2025-06-12 06:40:00,61.2
2025-06-12 21:51:00,56.7
2025-06-12 17:22:00,47.0
2025-06-12 13:36:00,31.3
2025-06-12 21:29:00,28.8
2025-06-12 20:36:00,48.0
2025-06-12 12:16:00,3.0
2025-06-12 21:08:00,78.2
2025-06-12 12:50:00,81.0
2025-06-12 14:27:00,97.6
2025-06-12 04:40:00,77.5
2025-06-12 13:33:00,54.3
2025-06-12 20:07:00,17.5
2025-06-12 03:31:00,82.0
2025-06-12 18:42:00,46.0
2025-06-12 16:37:00,72.9
2025-06-12 18:32:00,88.4
2025-06-12 20:13:00,49.70408187272085
2025-06-12 00:56:00,0.5
2025-06-12 07:39:00,35.1
2025-06-12 03:16:00,56.8
2025-06-12 12:10:00,90.3
2025-06-12 22:56:00,49.70408187272085
2025-06-12 03:47:00,49.70408187272085
2025-06-12 20:01:00,23.8
2025-06-12 19:13:00,87.9
2025-06-12 06:41:00,49.70408187272085
2025-06-12 03:26:00,67.9
2025-06-12 22:48:00,50.6
2025-06-12 15:32:00,61.3
2025-06-12 21:16:00,65.8
2025-06-12 08:15:00,74.5
2025-06-12 21:54:00,19.6
2025-06-12 04:14:00,91.0
2025-06-12 21:58:00,49.70408187272085
2025-06-12 23:35:00,49.70408187272085
2025-06-12 20:16:00,12.5
2025-06-12 03:59:00,19.3
2025-06-12 08:26:00,49.70408187272085
2025-06-12 03:12:00,47.3
2025-06-12 14:11:00,61.5
2025-06-12 13:04:00,5.3
2025-06-12 22:33:00,50.6
2025-06-12 01:05:00,82.6
2025-06-12 09:04:00,66.8
2025-06-12 12:52:00,49.70408187272085
2025-06-12 18:16:00,47.9
2025-06-12 03:44:00,63.8
2025-06-12 13:35:00,34.9
2025-06-12 15:23:00,86.2
2025-06-12 15:27:00,41.1
2025-06-12 02:03:00,0.8
2025-06-12 07:09:00,56.8
2025-06-12 10:09:00,31.1
2025-06-12 10:18:00,50.3
2025-06-12 06:21:00,96.0
2025-06-12 15:06:00,79.8
2025-06-12 19:23:00,43.7
2025-06-12 12:57:00,97.7
2025-06-12 06:40:00,49.70408187272085
2025-06-12 15:29:00,49.70408187272085
2025-06-12 00:45:00,49.70408187272085
2025-06-12 04:48:00,24.9
2025-06-12 07:44:00,9.7
2025-06-12 05:52:00,31.8
2025-06-12 23:14:00,2.6
2025-06-12 04:24:00,49.70408187272085
2025-06-12 05:18:00,54.7
2025-06-12 05:07:00,76.4
2025-06-12 03:37:00,49.6
2025-06-12 13:47:00,63.6
2025-06-12 18:36:00,67.8
2025-06-12 06:29:00,56.0
2025-06-12 04:06:00,91.1
2025-06-12 03:49:00,61.9
2025-06-12 17:36:00,18.7
2025-06-12 00:59:00,77.3
2025-06-12 11:20:00,58.7
2025-06-12 07:11:00,29.1
2025-06-12 06:04:00,56.9
2025-06-12 22:18:00,13.5
2025-06-12 22:26:00,24.6
2025-06-12 01:58:00,49.70408187272085
2025-06-12 03:51:00,34.0
2025-06-12 22:44:00,2.6
2025-06-12 23:52:00,20.7
2025-06-12 05:09:00,1.9
2025-06-12 12:44:00,82.4
2025-06-12 01:53:00,10.7
2025-06-12 04:23:00,49.70408187272085
2025-06-12 05:33:00,61.2
2025-06-12 13:14:00,3.2
2025-06-12 22:50:00,49.70408187272085
2025-06-12 06:23:00,90.1
2025-06-12 07:21:00,4.5
2025-06-12 11:15:00,49.70408187272085
2025-06-12 20:48:00,19.9
2025-06-12 19:43:00,49.70408187272085
2025-06-12 07:50:00,25.2
2025-06-12 17:39:00,27.3
2025-06-12 10:51:00,97.9
2025-06-12 06:22:00,16.6
2025-06-12 17:21:00,39.7
2025-06-12 06:31:00,34.8
2025-06-12 08:57:00,87.2
2025-06-12 20:20:00,49.70408187272085
2025-06-12 07:09:00,54.9
2025-06-12 14:58:00,37.2
2025-06-12 16:14:00,34.2
2025-06-12 09:07:00,6.8
2025-06-12 06:59:00,88.6
2025-06-12 01:45:00,49.70408187272085
2025-06-12 17:25:00,33.1
2025-06-12 06:12:00,49.70408187272085
2025-06-12 12:40:00,70.5
2025-06-12 03:24:00,40.3
2025-06-12 17:17:00,85.6
2025-06-12 18:51:00,13.3
2025-06-12 08:29:00,49.70408187272085
2025-06-12 08:16:00,26.0
2025-06-12 18:38:00,8.8
2025-06-12 12:34:00,42.8
2025-06-12 11:57:00,73.4
2025-06-12 10:21:00,60.0
2025-06-12 01:20:00,28.4
2025-06-12 00:03:00,89.4
2025-06-12 03:35:00,76.9
2025-06-12 18:15:00,58.6
2025-06-12 20:59:00,59.1
2025-06-12 17:52:00,22.7
2025-06-12 18:47:00,7.3
2025-06-12 02:54:00,33.2
2025-06-12 13:22:00,34.8
2025-06-12 17:04:00,28.8
2025-06-12 17:43:00,49.70408187272085
2025-06-12 23:36:00,64.3
2025-06-12 05:14:00,14.8
2025-06-12 00:12:00,35.8
2025-06-12 00:14:00,49.70408187272085
2025-06-12 01:50:00,18.1
2025-06-12 03:25:00,19.0
2025-06-12 15:55:00,6.2
2025-06-12 11:51:00,10.1
2025-06-12 13:17:00,47.4
2025-06-12 04:35:00,53.5
2025-06-12 19:24:00,27.7
2025-06-12 01:48:00,83.2
2025-06-12 11:44:00,16.9
2025-06-12 03:37:00,15.9
2025-06-12 22:38:00,2.4
2025-06-12 21:16:00,35.1
2025-06-12 12:00:00,27.3
2025-06-12 06:03:00,75.6
2025-06-12 19:15:00,49.70408187272085
2025-06-12 01:10:00,49.70408187272085
2025-06-12 16:01:00,13.1
2025-06-12 10:06:00,22.5
2025-06-12 23:13:00,6.7
2025-06-12 13:29:00,40.6
2025-06-12 04:28:00,3.8
2025-06-12 17:45:00,51.3
2025-06-12 14:57:00,26.1
2025-06-12 21:26:00,7.9
2025-06-12 07:41:00,49.70408187272085
2025-06-12 16:38:00,79.6
2025-06-12 03:23:00,49.70408187272085
2025-06-12 15:30:00,37.3
2025-06-12 15:34:00,4.9
2025-06-12 02:13:00,73.2
2025-06-12 20:25:00,12.2
2025-06-12 18:25:00,0.2
2025-06-12 18:58:00,15.7
2025-06-12 07:09:00,86.5
2025-06-12 09:55:00,85.3
2025-06-12 00:30:00,33.3
2025-06-12 04:43:00,55.9
2025-06-12 16:26:00,68.9
2025-06-12 12:36:00,87.1
2025-06-12 16:55:00,92.2
2025-06-12 22:08:00,92.3
2025-06-12 08:08:00,15.3
2025-06-12 06:01:00,94.4
2025-06-12 12:36:00,23.9
2025-06-12 08:19:00,55.7
2025-06-12 18:43:00,69.1
2025-06-12 08:56:00,84.0
2025-06-12 08:48:00,91.0
2025-06-12 08:56:00,78.3
2025-06-12 04:37:00,1.6
2025-06-12 04:30:00,55.7
2025-06-12 12:54:00,83.6
2025-06-12 01:17:00,49.70408187272085
2025-06-12 06:57:00,88.9
2025-06-12 16:36:00,8.8
2025-06-12 00:40:00,56.4
2025-06-12 16:35:00,13.9
2025-06-12 22:21:00,23.8
2025-06-12 22:35:00,14.9
2025-06-12 04:51:00,39.6
2025-06-12 14:04:00,49.3
2025-06-12 16:16:00,49.70408187272085
2025-06-12 04:24:00,34.9
2025-06-12 16:54:00,59.6
2025-06-12 17:31:00,4.2
2025-06-12 02:50:00,9.9
2025-06-12 13:39:00,49.70408187272085
2025-06-12 14:14:00,4.8
2025-06-12 08:32:00,59.4
2025-06-12 13:56:00,49.70408187272085
2025-06-12 03:14:00,58.1
2025-06-12 08:57:00,95.6
2025-06-12 17:35:00,50.4
2025-06-12 22:42:00,15.6
2025-06-12 18:37:00,6.2
2025-06-12 20:34:00,59.0
2025-06-12 22:40:00,38.4
2025-06-12 14:18:00,58.7
2025-06-12 08:41:00,85.8
2025-06-12 00:35:00,85.6
2025-06-12 09:40:00,15.3
2025-06-12 23:08:00,14.1
2025-06-12 07:05:00,32.2
2025-06-12 15:41:00,98.8
2025-06-12 22:03:00,62.3
2025-06-12 02:46:00,50.1110094970102
2025-06-12 16:43:00,50.1110094970102
2025-06-12 13:37:00,64.2
2025-06-12 19:28:00,50.1110094970102
2025-06-12 15:35:00,77.9
2025-06-12 08:56:00,83.3
2025-06-12 02:19:00,67.8
2025-06-12 01:07:00,17.3
2025-06-12 13:45:00,73.5
2025-06-12 09:56:00,85.6
2025-06-12 19:25:00,82.4
2025-06-12 04:16:00,24.0
2025-06-12 09:21:00,68.8
2025-06-12 19:13:00,9.4
2025-06-12 06:48:00,47.8
2025-06-12 09:04:00,50.1110094970102
2025-06-12 23:47:00,99.5
2025-06-12 09:07:00,52.3
2025-06-12 17:24:00,94.4
2025-06-12 14:16:00,81.0
2025-06-12 23:47:00,17.9
2025-06-12 02:12:00,19.3
2025-06-12 19:54:00,3.5
2025-06-12 21:21:00,32.3
2025-06-12 07:37:00,50.1110094970102
2025-06-12 16:17:00,16.4
2025-06-12 11:11:00,68.0
2025-06-12 13:36:00,58.4
2025-06-12 22:42:00,92.1
2025-06-12 02:16:00,1.6
2025-06-12 09:53:00,80.8
2025-06-12 09:29:00,27.4
2025-06-12 21:54:00,99.2
2025-06-12 08:02:00,93.1
2025-06-12 01:53:00,94.2
2025-06-12 04:57:00,50.1110094970102
2025-06-12 14:47:00,50.1110094970102
2025-06-12 03:47:00,25.6
2025-06-12 10:31:00,87.9
2025-06-12 08:23:00,50.1110094970102
2025-06-12 21:32:00,47.1
2025-06-12 06:53:00,35.8
2025-06-12 08:58:00,40.1
2025-06-12 03:44:00,50.1110094970102
2025-06-12 23:22:00,41.0
2025-06-12 00:38:00,21.1
2025-06-12 20:53:00,99.1
2025-06-12 05:31:00,50.1110094970102
2025-06-12 04:04:00,34.8
2025-06-12 12:30:00,61.3
2025-06-12 08:53:00,35.0
2025-06-12 12:54:00,78.8
2025-06-12 12:06:00,18.2
2025-06-12 10:09:00,94.1
2025-06-12 16:31:00,12.2
2025-06-12 18:42:00,50.1110094970102
2025-06-12 01:47:00,50.1110094970102
2025-06-12 03:49:00,58.0
2025-06-12 19:31:00,59.0
2025-06-12 15:03:00,52.4
2025-06-12 20:19:00,86.4
2025-06-12 18:16:00,15.5
2025-06-12 12:29:00,4.5
2025-06-12 13:06:00,35.3
2025-06-12 23:02:00,50.1110094970102
2025-06-12 19:48:00,81.9
2025-06-12 14:39:00,92.1
2025-06-12 00:37:00,41.0
2025-06-12 00:40:00,41.6
2025-06-12 16:30:00,33.7
2025-06-12 06:06:00,50.1110094970102
2025-06-12 16:07:00,37.1
2025-06-12 19:54:00,97.9
2025-06-12 15:55:00,21.8
2025-06-12 01:40:00,60.2
2025-06-12 18:41:00,74.0
2025-06-12 14:30:00,30.1
2025-06-12 12:43:00,50.1110094970102
2025-06-12 09:57:00,24.0
2025-06-12 11:00:00,26.0
2025-06-12 11:12:00,50.1110094970102
2025-06-12 02:37:00,78.5
2025-06-12 08:51:00,23.8
2025-06-12 14:35:00,93.8
2025-06-12 12:24:00,75.4
2025-06-12 06:34:00,62.4
2025-06-12 14:09:00,79.6
2025-06-12 10:31:00,27.0
2025-06-12 23:13:00,50.1110094970102
2025-06-12 12:49:00,61.8
2025-06-12 07:05:00,81.2
2025-06-12 13:04:00,85.7
2025-06-12 23:59:00,31.5
2025-06-12 00:11:00,95.6
2025-06-12 12:24:00,70.7
2025-06-12 01:39:00,17.6
2025-06-12 01:10:00,14.7
2025-06-12 10:59:00,50.1110094970102
2025-06-12 09:08:00,74.0
2025-06-12 10:00:00,10.8
2025-06-12 10:14:00,17.9
2025-06-12 04:32:00,27.9
2025-06-12 09:02:00,81.6
2025-06-12 14:32:00,69.2
2025-06-12 08:59:00,60.8
2025-06-12 11:51:00,52.7
2025-06-12 09:41:00,76.2
2025-06-12 00:03:00,21.9
2025-06-12 05:02:00,11.0
2025-06-12 19:12:00,93.4
2025-06-12 14:04:00,50.1110094970102
2025-06-12 15:59:00,21.8
2025-06-12 09:24:00,84.0
2025-06-12 11:33:00,84.7
2025-06-12 03:46:00,62.5
2025-06-12 11:42:00,99.8
2025-06-12 00:13:00,13.4
2025-06-12 17:47:00,14.9
2025-06-12 11:52:00,29.7
2025-06-12 12:57:00,78.3
2025-06-12 15:18:00,94.4
2025-06-12 23:26:00,6.2
2025-06-12 07:08:00,90.3
2025-06-12 14:10:00,93.0
2025-06-12 13:55:00,31.4
2025-06-12 16:43:00,26.2
2025-06-12 17:46:00,15.6
2025-06-12 11:39:00,50.1110094970102
2025-06-12 02:20:00,3.3
2025-06-12 02:31:00,81.9
2025-06-12 21:11:00,36.5
2025-06-12 07:43:00,69.8
2025-06-12 12:05:00,44.1
2025-06-12 15:21:00,15.8
2025-06-12 23:09:00,7.3
2025-06-12 12:19:00,77.2
2025-06-12 21:56:00,59.1
2025-06-12 09:41:00,24.7
2025-06-12 08:23:00,2.2
2025-06-12 14:06:00,88.3
2025-06-12 02:39:00,0.4
2025-06-12 08:07:00,77.3
2025-06-12 23:13:00,50.1110094970102
2025-06-12 01:31:00,50.1110094970102
2025-06-12 00:56:00,35.7
2025-06-12 09:17:00,50.1110094970102
2025-06-12 08:20:00,70.5
2025-06-12 18:28:00,40.9
2025-06-12 11:48:00,21.3
2025-06-12 23:37:00,35.1
2025-06-12 10:09:00,4.8
2025-06-12 18:41:00,46.0
2025-06-12 20:36:00,1.8
2025-06-12 14:52:00,50.1110094970102
2025-06-12 14:39:00,16.3
2025-06-12 20:46:00,61.0
2025-06-12 08:51:00,81.0
2025-06-12 09:03:00,68.8
2025-06-12 12:01:00,54.3
2025-06-12 01:43:00,38.1
2025-06-12 06:30:00,58.9
2025-06-12 03:46:00,35.4
2025-06-12 00:29:00,50.1110094970102
2025-06-12 09:28:00,83.0
2025-06-12 07:42:00,50.1110094970102
2025-06-12 23:11:00,41.1
2025-06-12 23:39:00,77.4
2025-06-12 12:58:00,76.5
2025-06-12 01:28:00,63.3
2025-06-12 23:29:00,50.1110094970102
2025-06-12 23:15:00,74.0
2025-06-12 11:53:00,31.4
2025-06-12 02:01:00,10.2
2025-06-12 04:13:00,69.4
2025-06-12 01:27:00,73.9
2025-06-12 03:29:00,50.4
2025-06-12 21:04:00,25.0
2025-06-12 22:20:00,14.8
2025-06-12 08:41:00,66.5
2025-06-12 05:51:00,94.7
2025-06-12 05:28:00,40.7
2025-06-12 12:03:00,47.4
2025-06-12 12:08:00,21.9
2025-06-12 18:18:00,93.8
2025-06-12 21:54:00,21.9
2025-06-12 21:46:00,74.8
2025-06-12 13:54:00,22.4
2025-06-12 15:56:00,25.8
2025-06-12 00:29:00,54.1
2025-06-12 06:43:00,50.1110094970102
2025-06-12 10:19:00,40.9
2025-06-12 21:26:00,38.4
2025-06-12 00:11:00,5.3
2025-06-12 15:49:00,50.1110094970102
2025-06-12 03:42:00,70.7
2025-06-12 11:13:00,21.1
2025-06-12 16:45:00,39.4
2025-06-12 14:38:00,70.1
2025-06-12 15:34:00,62.8
2025-06-12 10:21:00,49.3
2025-06-12 07:24:00,48.1
2025-06-12 23:40:00,62.2
2025-06-12 08:18:00,67.8
2025-06-12 08:43:00,4.5
2025-06-12 03:05:00,45.3
2025-06-12 00:44:00,7.6
2025-06-12 03:37:00,42.2
2025-06-12 22:26:00,97.4
2025-06-12 10:18:00,66.8
2025-06-12 22:13:00,27.9
2025-06-12 23:28:00,28.0
2025-06-12 04:56:00,19.1
2025-06-12 16:21:00,14.5
2025-06-12 23:36:00,50.1110094970102
2025-06-12 16:06:00,40.5
2025-06-12 06:48:00,74.7
2025-06-12 08:19:00,24.5
2025-06-12 02:21:00,0.4
2025-06-12 10:10:00,94.4
2025-06-12 23:53:00,29.2
2025-06-12 18:20:00,61.5
2025-06-12 12:48:00,79.4
2025-06-12 15:12:00,50.1110094970102
2025-06-12 21:42:00,15.8
2025-06-12 03:32:00,97.4
2025-06-12 00:23:00,72.6
2025-06-12 13:12:00,4.7
2025-06-12 23:59:00,45.7
2025-06-12 06:12:00,11.5
2025-06-12 03:31:00,86.8
2025-06-12 11:15:00,94.7
2025-06-12 09:23:00,81.0
2025-06-12 10:38:00,69.1
2025-06-12 11:46:00,50.1110094970102
2025-06-12 05:51:00,92.4
2025-06-12 12:43:00,2.9
2025-06-12 10:13:00,73.9
2025-06-12 05:50:00,17.4
2025-06-12 14:57:00,50.1110094970102
2025-06-12 14:36:00,16.7
2025-06-12 17:58:00,46.3
2025-06-12 09:11:00,50.1110094970102
2025-06-12 12:20:00,17.7
2025-06-12 09:22:00,26.2
2025-06-12 14:50:00,42.8
2025-06-12 10:19:00,68.9
2025-06-12 04:54:00,38.5
2025-06-12 14:58:00,37.0
2025-06-12 16:47:00,69.4
2025-06-12 17:02:00,50.1110094970102
2025-06-12 20:00:00,47.9
2025-06-12 13:38:00,50.1110094970102
2025-06-12 14:28:00,71.0
2025-06-12 02:47:00,40.6
2025-06-12 16:34:00,6.7
2025-06-12 19:07:00,50.1110094970102
2025-06-12 23:03:00,12.0
2025-06-12 08:08:00,18.6
2025-06-12 11:59:00,86.4
2025-06-12 16:20:00,81.3
2025-06-12 17:34:00,50.1110094970102
2025-06-12 10:08:00,48.0
2025-06-12 00:21:00,97.4
2025-06-12 06:25:00,13.2
2025-06-12 19:24:00,71.0
2025-06-12 13:44:00,28.2
2025-06-12 04:48:00,64.7
2025-06-12 11:39:00,90.5
2025-06-12 22:47:00,49.0
2025-06-12 16:32:00,50.1110094970102
2025-06-12 02:18:00,32.5
2025-06-12 16:22:00,40.8
2025-06-12 02:18:00,28.2
2025-06-12 18:47:00,19.2
2025-06-12 12:25:00,50.1110094970102
2025-06-12 03:56:00,2.5
2025-06-12 06:39:00,50.1110094970102
2025-06-12 21:12:00,89.1
2025-06-12 23:08:00,80.3
2025-06-12 14:59:00,46.9
2025-06-12 04:12:00,50.1110094970102
2025-06-12 09:37:00,51.2
2025-06-12 20:49:00,40.7
2025-06-12 05:10:00,47.5
2025-06-12 21:51:00,50.1110094970102
2025-06-12 22:58:00,20.8
2025-06-12 23:00:00,50.0
2025-06-12 01:41:00,51.8
2025-06-12 17:26:00,99.8
2025-06-12 15:17:00,1.1
2025-06-12 23:22:00,50.1110094970102
2025-06-12 09:39:00,41.8
2025-06-12 10:50:00,36.2
2025-06-12 16:44:00,87.4
2025-06-12 18:01:00,82.9
2025-06-12 05:33:00,34.5
2025-06-12 02:53:00,99.5
2025-06-12 17:40:00,7.6
2025-06-12 16:58:00,61.5
2025-06-12 06:40:00,50.1110094970102
2025-06-12 05:59:00,12.2
2025-06-12 00:53:00,88.9
2025-06-12 02:33:00,64.0
2025-06-12 01:19:00,0.9
2025-06-12 20:21:00,97.0
2025-06-12 15:40:00,55.7
2025-06-12 11:50:00,50.1110094970102
2025-06-12 02:59:00,86.5
2025-06-12 17:58:00,84.8
2025-06-12 05:10:00,1.0
2025-06-12 11:58:00,65.1
2025-06-12 12:41:00,50.1110094970102
2025-06-12 20:51:00,19.6
2025-06-12 11:33:00,20.1
2025-06-12 01:49:00,36.8
2025-06-12 16:10:00,7.8
2025-06-12 20:55:00,37.4
2025-06-12 01:52:00,4.5
2025-06-12 18:41:00,7.4
2025-06-12 18:31:00,50.1110094970102
2025-06-12 15:45:00,50.1110094970102
2025-06-12 01:37:00,50.1110094970102
2025-06-12 19:54:00,82.7
2025-06-12 19:41:00,10.2
2025-06-12 06:07:00,47.1
2025-06-12 01:02:00,69.4
2025-06-12 09:17:00,50.1110094970102
2025-06-12 01:46:00,16.4
2025-06-12 00:27:00,18.4
2025-06-12 04:11:00,9.7
2025-06-12 18:01:00,61.1
2025-06-12 05:18:00,31.3
2025-06-12 02:31:00,64.7
2025-06-12 05:26:00,94.9
2025-06-12 22:34:00,50.1110094970102
2025-06-12 07:19:00,50.1110094970102
2025-06-12 17:23:00,20.6
2025-06-12 17:10:00,11.9
2025-06-12 15:40:00,63.2
2025-06-12 13:55:00,50.1110094970102
2025-06-12 17:10:00,37.4
2025-06-12 08:43:00,6.5
2025-06-12 16:45:00,4.8
2025-06-12 04:00:00,9.4
2025-06-12 16:44:00,12.5
2025-06-12 00:56:00,32.0
2025-06-12 12:35:00,64.1
2025-06-12 20:15:00,87.9
2025-06-12 16:48:00,38.2
2025-06-12 20:16:00,27.5
2025-06-12 21:46:00,50.26990393626991
2025-06-12 16:14:00,28.0
2025-06-12 14:38:00,50.26990393626991
2025-06-12 23:20:00,83.9
2025-06-12 10:55:00,50.26990393626991
2025-06-12 16:42:00,59.8
2025-06-12 17:20:00,40.5
2025-06-12 10:11:00,6.6
2025-06-12 21:07:00,0.1
2025-06-12 08:32:00,29.0
2025-06-12 22:31:00,76.5
2025-06-12 14:44:00,51.3
2025-06-12 05:01:00,50.26990393626991
2025-06-12 03:38:00,50.26990393626991
2025-06-12 17:44:00,50.26990393626991
2025-06-12 05:23:00,65.1
2025-06-12 01:04:00,72.9
2025-06-12 11:54:00,29.2
2025-06-12 05:59:00,71.5
2025-06-12 22:59:00,10.8
2025-06-12 02:00:00,60.8
2025-06-12 14:06:00,11.1
2025-06-12 00:54:00,50.26990393626991
2025-06-12 20:54:00,16.6
2025-06-12 09:32:00,35.5
2025-06-12 13:03:00,30.5
2025-06-12 22:34:00,22.3
2025-06-12 00:38:00,24.8
2025-06-12 06:27:00,9.5
2025-06-12 20:16:00,4.9
2025-06-12 02:54:00,50.26990393626991
2025-06-12 03:22:00,24.2
2025-06-12 01:47:00,69.0
2025-06-12 06:12:00,25.1
2025-06-12 05:45:00,50.26990393626991
2025-06-12 14:42:00,95.5
2025-06-12 22:11:00,46.3
2025-06-12 16:38:00,10.6
2025-06-12 20:24:00,66.0
2025-06-12 13:35:00,1.7
2025-06-12 16:14:00,48.0
2025-06-12 11:41:00,30.1
2025-06-12 09:51:00,19.9
2025-06-12 17:05:00,6.4
2025-06-12 01:55:00,32.4
2025-06-12 00:55:00,49.6
2025-06-12 08:35:00,1.4
2025-06-12 12:12:00,68.0
2025-06-12 00:36:00,79.9
2025-06-12 05:23:00,33.9
2025-06-12 20:43:00,23.5
2025-06-12 10:30:00,29.9
2025-06-12 06:54:00,21.0
2025-06-12 02:33:00,80.0
2025-06-12 20:31:00,21.0
2025-06-12 09:55:00,83.0
2025-06-12 12:10:00,73.8
2025-06-12 04:49:00,50.26990393626991
2025-06-12 20:02:00,25.7
2025-06-12 22:04:00,50.26990393626991
2025-06-12 12:38:00,18.0
2025-06-12 12:53:00,98.0
2025-06-12 07:12:00,96.1
2025-06-12 17:47:00,7.9
2025-06-12 23:04:00,49.0
2025-06-12 07:00:00,57.5
2025-06-12 01:36:00,68.2
2025-06-12 09:43:00,50.26990393626991
2025-06-12 08:45:00,50.26990393626991
2025-06-12 11:11:00,72.2
2025-06-12 06:44:00,22.4
2025-06-12 12:28:00,92.9
2025-06-12 00:08:00,20.0
2025-06-12 20:11:00,16.6
2025-06-12 14:06:00,22.6
2025-06-12 17:45:00,88.5
2025-06-12 11:21:00,52.1
2025-06-12 09:18:00,8.0
2025-06-12 16:55:00,63.9
2025-06-12 04:41:00,2.8
2025-06-12 03:07:00,50.26990393626991
2025-06-12 18:10:00,7.4
2025-06-12 09:04:00,21.1
2025-06-12 19:56:00,70.5
2025-06-12 16:55:00,20.5
2025-06-12 06:46:00,85.2
2025-06-12 10:34:00,50.26990393626991
2025-06-12 03:26:00,63.0
2025-06-12 15:24:00,62.0
2025-06-12 05:59:00,38.3
2025-06-12 21:16:00,96.9
2025-06-12 17:41:00,96.7
2025-06-12 21:45:00,73.8
2025-06-12 22:25:00,33.4
2025-06-12 14:29:00,82.9
2025-06-12 21:11:00,8.5
2025-06-12 10:48:00,57.1
2025-06-12 12:15:00,95.4
2025-06-12 21:27:00,50.26990393626991
2025-06-12 15:02:00,5.8
2025-06-12 04:19:00,18.8
2025-06-12 08:41:00,98.6
2025-06-12 11:53:00,27.6
2025-06-12 11:50:00,94.7
2025-06-12 08:09:00,82.6
2025-06-12 00:53:00,21.7
2025-06-12 18:22:00,78.2
2025-06-12 21:13:00,50.26990393626991
2025-06-12 00:30:00,50.26990393626991
2025-06-12 06:53:00,65.3
2025-06-12 00:32:00,65.5
2025-06-12 13:09:00,69.8
2025-06-12 10:03:00,62.0
2025-06-12 05:32:00,41.5
2025-06-12 15:28:00,50.6
2025-06-12 14:37:00,13.2
2025-06-12 06:22:00,61.8
2025-06-12 08:10:00,49.3
2025-06-12 14:49:00,49.0
2025-06-12 05:28:00,50.26990393626991
2025-06-12 14:21:00,23.4
2025-06-12 11:17:00,65.2
2025-06-12 04:15:00,8.4
2025-06-12 10:57:00,6.0
2025-06-12 12:22:00,18.7
2025-06-12 19:36:00,87.1
2025-06-12 08:53:00,38.7
2025-06-12 10:25:00,35.6
2025-06-12 05:08:00,89.0
2025-06-12 16:58:00,16.8
2025-06-12 00:39:00,8.9
2025-06-12 02:35:00,94.7
2025-06-12 11:25:00,36.9
2025-06-12 16:45:00,19.5
2025-06-12 09:03:00,50.26990393626991
2025-06-12 14:25:00,60.2
2025-06-12 11:56:00,38.8
2025-06-12 14:10:00,14.8
2025-06-12 16:09:00,21.2
2025-06-12 11:38:00,22.7
2025-06-12 01:18:00,35.9
2025-06-12 01:04:00,87.8
2025-06-12 01:10:00,16.0
2025-06-12 01:44:00,52.5
2025-06-12 23:58:00,76.5
2025-06-12 02:03:00,44.2
2025-06-12 22:52:00,86.3
2025-06-12 02:21:00,32.3
2025-06-12 08:13:00,93.0
2025-06-12 12:49:00,50.26990393626991
2025-06-12 11:12:00,53.5
2025-06-12 22:56:00,11.7
2025-06-12 16:49:00,54.2
2025-06-12 17:33:00,50.26990393626991
2025-06-12 00:04:00,18.9
2025-06-12 10:15:00,20.2
2025-06-12 03:44:00,52.0
2025-06-12 01:52:00,5.1
2025-06-12 18:11:00,46.8
2025-06-12 13:17:00,14.4
2025-06-12 20:40:00,15.8
2025-06-12 14:41:00,66.5
2025-06-12 06:10:00,80.1
2025-06-12 02:44:00,20.3
2025-06-12 05:16:00,50.26990393626991
2025-06-12 20:35:00,90.6
2025-06-12 13:00:00,49.2
2025-06-12 10:58:00,10.8
2025-06-12 10:52:00,88.6
2025-06-12 13:14:00,98.4
2025-06-12 14:00:00,18.1
2025-06-12 18:32:00,24.4
2025-06-12 20:49:00,3.7
2025-06-12 18:49:00,62.9
2025-06-12 01:45:00,67.8
2025-06-12 01:30:00,17.4
2025-06-12 03:50:00,30.0
2025-06-12 16:05:00,28.2
2025-06-12 08:31:00,60.1
2025-06-12 10:16:00,50.26990393626991
2025-06-12 19:53:00,81.2
2025-06-12 16:58:00,90.0
2025-06-12 16:58:00,60.4
2025-06-12 16:00:00,38.6
2025-06-12 20:40:00,20.6
2025-06-12 16:27:00,71.3
2025-06-12 05:30:00,50.26990393626991
2025-06-12 16:55:00,97.7
2025-06-12 22:04:00,50.9
2025-06-12 05:38:00,99.0
2025-06-12 02:05:00,56.6
2025-06-12 08:07:00,26.2
2025-06-12 10:18:00,99.2
2025-06-12 00:38:00,39.8
2025-06-12 02:44:00,49.7
2025-06-12 04:09:00,67.8
2025-06-12 05:54:00,50.26990393626991
2025-06-12 13:11:00,18.2
2025-06-12 17:30:00,18.6
2025-06-12 02:42:00,59.7
2025-06-12 02:49:00,68.4
2025-06-12 00:03:00,50.26990393626991
2025-06-12 13:54:00,89.3
2025-06-12 10:36:00,78.2
2025-06-12 02:44:00,98.0
2025-06-12 07:08:00,50.26990393626991
2025-06-12 20:58:00,52.0
2025-06-12 06:42:00,20.8
2025-06-12 15:54:00,33.9
2025-06-12 05:54:00,43.4
2025-06-12 15:19:00,4.0
2025-06-12 15:22:00,84.1
2025-06-12 08:16:00,4.0
2025-06-12 01:38:00,10.6
2025-06-12 08:12:00,81.7
2025-06-12 02:09:00,85.4
2025-06-12 04:35:00,57.2
2025-06-12 05:00:00,50.26990393626991
2025-06-12 22:12:00,99.1
2025-06-12 22:16:00,50.7
2025-06-12 20:23:00,40.2
2025-06-12 01:07:00,89.0
2025-06-12 22:11:00,22.0
2025-06-12 00:04:00,91.3
2025-06-12 05:09:00,42.9
2025-06-12 11:01:00,81.9
2025-06-12 16:48:00,85.7
2025-06-12 09:42:00,42.0
2025-06-12 01:42:00,90.0
2025-06-12 10:55:00,32.6
2025-06-12 01:26:00,61.9
2025-06-12 11:52:00,82.0
2025-06-12 18:22:00,89.9
2025-06-12 15:23:00,79.2
2025-06-12 03:37:00,26.6
2025-06-12 01:24:00,15.9
2025-06-12 13:41:00,76.2
2025-06-12 08:56:00,54.0
2025-06-12 12:55:00,25.8
2025-06-12 08:57:00,50.26990393626991
2025-06-12 05:12:00,92.2
2025-06-12 11:01:00,28.6
2025-06-12 05:53:00,60.1
2025-06-12 05:03:00,78.5
2025-06-12 16:20:00,52.5
2025-06-12 05:42:00,24.5
2025-06-12 01:27:00,37.7
2025-06-12 00:44:00,30.6
2025-06-12 00:59:00,39.8
2025-06-12 06:41:00,14.9
2025-06-12 12:35:00,53.1
2025-06-12 18:02:00,69.1
2025-06-12 15:27:00,26.1
2025-06-12 06:15:00,50.26990393626991
2025-06-12 18:15:00,26.4
2025-06-12 05:31:00,50.26990393626991
2025-06-12 08:24:00,50.26990393626991
2025-06-12 19:20:00,50.26990393626991
2025-06-12 07:31:00,27.2
2025-06-12 15:31:00,0.3
2025-06-12 02:15:00,55.2
2025-06-12 13:48:00,49.2
2025-06-12 12:10:00,16.9
2025-06-12 17:52:00,50.26990393626991
2025-06-12 03:09:00,24.0
2025-06-12 14:18:00,77.4
2025-06-12 06:20:00,11.8
2025-06-12 04:41:00,50.26990393626991
2025-06-12 14:51:00,7.8
2025-06-12 19:24:00,7.7
2025-06-12 19:55:00,32.8
2025-06-12 05:44:00,92.5
2025-06-12 20:50:00,82.6
2025-06-12 12:54:00,32.7
2025-06-12 22:46:00,95.7
2025-06-12 00:49:00,66.8
2025-06-12 01:00:00,86.1
2025-06-12 08:34:00,49.3
2025-06-12 06:08:00,28.4
2025-06-12 05:46:00,79.4
2025-06-12 12:31:00,50.26990393626991
2025-06-12 22:56:00,73.3
2025-06-12 22:03:00,11.7
2025-06-12 00:42:00,87.9
2025-06-12 09:42:00,37.4
2025-06-12 03:01:00,50.26990393626991
2025-06-12 17:14:00,62.3
2025-06-12 19:15:00,50.26990393626991
2025-06-12 14:15:00,63.7
2025-06-12 10:39:00,55.0
2025-06-12 11:42:00,67.6
2025-06-12 20:35:00,74.2
2025-06-12 23:18:00,66.7
2025-06-12 17:32:00,19.6
2025-06-12 12:59:00,10.3
2025-06-12 17:06:00,27.6
2025-06-12 07:25:00,50.26990393626991
2025-06-12 19:14:00,78.4
2025-06-12 13:09:00,74.5
2025-06-12 02:18:00,67.7
2025-06-12 21:17:00,86.3
2025-06-12 18:36:00,8.5
2025-06-12 12:05:00,36.6
2025-06-12 00:45:00,65.0
2025-06-12 20:51:00,77.0
2025-06-12 04:40:00,50.26990393626991
2025-06-12 20:47:00,31.0
2025-06-12 08:12:00,93.0
2025-06-12 22:37:00,19.2
2025-06-12 20:07:00,50.9
2025-06-12 06:35:00,49.3
2025-06-12 10:29:00,90.6
2025-06-12 05:40:00,10.3
2025-06-12 12:20:00,50.26990393626991
2025-06-12 00:26:00,2.5
2025-06-12 14:59:00,18.1
2025-06-12 08:24:00,82.3
2025-06-12 16:05:00,97.3
2025-06-12 18:52:00,85.8
2025-06-12 22:39:00,50.26990393626991
2025-06-12 15:33:00,95.3
2025-06-12 03:17:00,61.2
2025-06-12 22:40:00,50.26990393626991
2025-06-12 06:09:00,88.8
2025-06-12 13:32:00,50.26990393626991
2025-06-12 02:32:00,4.7
2025-06-12 20:11:00,56.0
2025-06-12 00:43:00,77.7
2025-06-12 00:16:00,95.3
2025-06-12 07:44:00,76.1
2025-06-12 21:48:00,49.485271956675305
2025-06-12 05:32:00,49.485271956675305
2025-06-12 13:34:00,83.5
2025-06-12 21:24:00,67.7
2025-06-12 23:50:00,30.6
2025-06-12 09:14:00,93.6
2025-06-12 08:02:00,36.6
2025-06-12 18:22:00,49.485271956675305
2025-06-12 22:45:00,5.1
2025-06-12 05:18:00,36.9
2025-06-12 20:29:00,9.4
2025-06-12 18:56:00,30.1
2025-06-12 12:56:00,51.8
2025-06-12 12:52:00,30.6
2025-06-12 16:59:00,18.2
2025-06-12 02:14:00,62.2
2025-06-12 15:40:00,88.1
2025-06-12 20:30:00,23.1
2025-06-12 17:36:00,90.3
2025-06-12 05:56:00,69.1
2025-06-12 11:13:00,10.5
2025-06-12 01:58:00,55.8
2025-06-12 19:29:00,18.6
2025-06-12 22:47:00,25.4
2025-06-12 07:46:00,73.1
2025-06-12 14:07:00,1.5
2025-06-12 12:11:00,49.485271956675305
2025-06-12 18:08:00,21.7
2025-06-12 21:39:00,27.6
2025-06-12 00:06:00,80.5
2025-06-12 00:26:00,49.485271956675305
2025-06-12 19:17:00,34.3
2025-06-12 04:09:00,66.2
2025-06-12 08:10:00,90.5
2025-06-12 08:19:00,56.1
2025-06-12 08:08:00,49.485271956675305
2025-06-12 17:48:00,73.0
2025-06-12 03:26:00,49.485271956675305
2025-06-12 09:40:00,28.7
2025-06-12 11:57:00,20.7
2025-06-12 10:51:00,45.9
2025-06-12 09:05:00,16.7
2025-06-12 16:37:00,80.1
2025-06-12 04:46:00,49.485271956675305
2025-06-12 03:48:00,43.8
2025-06-12 07:34:00,93.0
2025-06-12 01:53:00,49.485271956675305
2025-06-12 15:26:00,13.3
2025-06-12 01:12:00,47.5
2025-06-12 15:36:00,49.485271956675305
2025-06-12 08:34:00,99.4
2025-06-12 18:08:00,85.1
2025-06-12 17:14:00,26.4
2025-06-12 01:32:00,15.9
2025-06-12 00:08:00,72.4
2025-06-12 14:56:00,31.7
2025-06-12 03:24:00,90.9
2025-06-12 03:33:00,49.485271956675305
2025-06-12 21:28:00,63.3
2025-06-12 15:15:00,3.2
2025-06-12 16:23:00,17.5
2025-06-12 08:09:00,49.485271956675305
2025-06-12 20:58:00,73.3
2025-06-12 08:00:00,49.485271956675305
2025-06-12 22:15:00,79.3
2025-06-12 09:12:00,41.5
2025-06-12 18:44:00,49.485271956675305
2025-06-12 05:27:00,32.3
2025-06-12 13:01:00,49.9
2025-06-12 13:19:00,49.485271956675305
2025-06-12 01:04:00,68.7
2025-06-12 08:53:00,81.1
2025-06-12 19:06:00,50.7
2025-06-12 01:23:00,10.6
2025-06-12 12:10:00,70.7
2025-06-12 16:54:00,8.6
2025-06-12 16:21:00,20.3
2025-06-12 16:16:00,88.4
2025-06-12 21:12:00,87.1
2025-06-12 06:56:00,93.2
2025-06-12 21:26:00,97.8
2025-06-12 00:45:00,69.6
2025-06-12 11:52:00,69.2
2025-06-12 17:03:00,46.6
2025-06-12 06:21:00,39.4
2025-06-12 18:21:00,25.0
2025-06-12 05:36:00,49.485271956675305
2025-06-12 09:39:00,5.9
2025-06-12 16:08:00,63.5
2025-06-12 00:32:00,65.7
2025-06-12 17:58:00,49.485271956675305
2025-06-12 21:03:00,89.5
2025-06-12 00:08:00,72.7
2025-06-12 16:54:00,18.3
2025-06-12 04:15:00,12.2
2025-06-12 09:50:00,45.6
2025-06-12 10:13:00,9.4
2025-06-12 19:10:00,76.5
2025-06-12 20:30:00,39.1
2025-06-12 16:33:00,28.5
2025-06-12 23:13:00,28.1
2025-06-12 05:18:00,73.8
2025-06-12 09:40:00,55.3
2025-06-12 20:24:00,49.485271956675305
2025-06-12 01:56:00,39.1
2025-06-12 20:45:00,49.485271956675305
2025-06-12 02:02:00,17.0
2025-06-12 12:04:00,11.8
2025-06-12 02:49:00,54.2
2025-06-12 02:53:00,49.485271956675305
2025-06-12 00:23:00,64.5
2025-06-12 21:39:00,38.1
2025-06-12 07:30:00,49.485271956675305
2025-06-12 10:17:00,82.5
2025-06-12 03:33:00,49.485271956675305
2025-06-12 10:12:00,77.5
2025-06-12 08:55:00,5.5
2025-06-12 02:57:00,84.2
2025-06-12 15:55:00,49.485271956675305
2025-06-12 13:08:00,48.8
2025-06-12 07:28:00,18.3
2025-06-12 13:54:00,59.5
2025-06-12 11:18:00,49.485271956675305
2025-06-12 12:54:00,49.485271956675305
2025-06-12 07:08:00,60.0
2025-06-12 10:53:00,15.7
2025-06-12 16:47:00,17.8
2025-06-12 14:42:00,49.485271956675305
2025-06-12 03:26:00,95.7
2025-06-12 20:46:00,5.8
2025-06-12 01:29:00,54.4
2025-06-12 08:55:00,78.7
2025-06-12 03:11:00,85.1
2025-06-12 17:49:00,7.0
2025-06-12 18:58:00,50.2
2025-06-12 18:23:00,40.1
2025-06-12 05:48:00,19.9
2025-06-12 05:47:00,49.485271956675305
2025-06-12 01:29:00,45.2
2025-06-12 04:19:00,25.8
2025-06-12 22:01:00,71.4
2025-06-12 12:19:00,98.3
2025-06-12 20:29:00,49.485271956675305
2025-06-12 14:57:00,37.4
2025-06-12 07:34:00,87.2
2025-06-12 01:38:00,9.0
2025-06-12 16:41:00,78.5
2025-06-12 19:41:00,75.3
2025-06-12 06:17:00,59.8
2025-06-12 01:41:00,49.485271956675305
2025-06-12 00:12:00,74.1
2025-06-12 06:35:00,18.5
2025-06-12 09:52:00,48.6
2025-06-12 08:08:00,45.3
2025-06-12 17:48:00,88.1
2025-06-12 10:39:00,52.2
2025-06-12 23:33:00,52.6
2025-06-12 00:22:00,20.7
2025-06-12 01:23:00,46.6
2025-06-12 18:22:00,69.1
2025-06-12 03:52:00,36.8
2025-06-12 10:37:00,6.6
2025-06-12 06:59:00,49.485271956675305
2025-06-12 23:01:00,69.4
2025-06-12 12:52:00,18.9
2025-06-12 00:50:00,9.4
2025-06-12 09:51:00,11.9
2025-06-12 16:40:00,88.4
2025-06-12 06:48:00,72.8
2025-06-12 16:45:00,88.2
2025-06-12 13:29:00,37.6
2025-06-12 09:00:00,74.5
2025-06-12 07:08:00,21.0
2025-06-12 13:30:00,72.0
2025-06-12 17:53:00,42.2
2025-06-12 10:05:00,67.8
2025-06-12 19:16:00,2.9
2025-06-12 09:50:00,39.7
2025-06-12 07:39:00,24.3
2025-06-12 08:59:00,49.485271956675305
2025-06-12 08:45:00,78.0
2025-06-12 06:11:00,96.7
2025-06-12 01:15:00,89.5
2025-06-12 01:50:00,3.3
2025-06-12 17:00:00,27.6
2025-06-12 08:53:00,55.9
2025-06-12 18:33:00,49.485271956675305
2025-06-12 20:41:00,99.1
2025-06-12 22:01:00,1.0
2025-06-12 09:17:00,78.4
2025-06-12 13:35:00,49.485271956675305
2025-06-12 23:16:00,39.5
2025-06-12 06:33:00,49.485271956675305
2025-06-12 23:01:00,49.485271956675305
2025-06-12 22:05:00,93.8
2025-06-12 09:30:00,76.7
2025-06-12 05:39:00,42.1
2025-06-12 09:26:00,37.4
2025-06-12 06:00:00,81.7
2025-06-12 04:14:00,49.485271956675305
2025-06-12 17:13:00,74.7
2025-06-12 12:40:00,22.1
2025-06-12 14:22:00,99.0
2025-06-12 13:10:00,78.2
2025-06-12 18:16:00,55.3
2025-06-12 08:17:00,49.485271956675305
2025-06-12 19:53:00,49.485271956675305
2025-06-12 18:21:00,95.4
2025-06-12 09:09:00,56.8
2025-06-12 15:13:00,77.9
2025-06-12 06:40:00,43.2
2025-06-12 14:07:00,8.1
2025-06-12 10:53:00,99.1
2025-06-12 20:14:00,98.5
2025-06-12 06:55:00,32.5
2025-06-12 06:47:00,70.6
2025-06-12 16:44:00,75.9
2025-06-12 11:48:00,49.4
2025-06-12 03:53:00,49.485271956675305
2025-06-12 11:48:00,28.0
2025-06-12 12:24:00,21.3
2025-06-12 08:09:00,67.7
2025-06-12 21:14:00,96.2
2025-06-12 05:37:00,17.7
2025-06-12 17:54:00,67.3
2025-06-12 03:28:00,42.6
2025-06-12 04:55:00,46.9
2025-06-12 13:01:00,24.4
2025-06-12 09:53:00,75.6
2025-06-12 21:19:00,26.8
2025-06-12 13:56:00,67.8
2025-06-12 13:01:00,24.9
2025-06-12 17:10:00,52.0
2025-06-12 19:13:00,49.485271956675305
2025-06-12 13:55:00,92.4
2025-06-12 01:47:00,0.7
2025-06-12 20:00:00,23.6
2025-06-12 23:02:00,42.7
2025-06-12 15:41:00,70.8
2025-06-12 10:39:00,44.8
2025-06-12 15:37:00,54.4
2025-06-12 09:53:00,32.4
2025-06-12 20:54:00,97.3
2025-06-12 21:19:00,13.3
2025-06-12 12:30:00,10.7
2025-06-12 19:39:00,31.0
2025-06-12 13:51:00,91.3
2025-06-12 04:58:00,17.9
2025-06-12 21:25:00,46.8
2025-06-12 13:31:00,42.6
2025-06-12 05:32:00,93.7
2025-06-12 06:12:00,39.7
2025-06-12 20:06:00,78.1
2025-06-12 13:27:00,7.5
2025-06-12 12:29:00,95.8
2025-06-12 22:45:00,5.2
2025-06-12 00:13:00,98.1
2025-06-12 10:34:00,49.485271956675305
2025-06-12 01:44:00,60.7
2025-06-12 18:11:00,42.0
2025-06-12 04:17:00,79.6
2025-06-12 15:25:00,58.2
2025-06-12 12:29:00,55.0
2025-06-12 13:46:00,90.4
2025-06-12 09:14:00,49.7
2025-06-12 13:10:00,38.3
2025-06-12 10:13:00,61.8
2025-06-12 19:53:00,48.1
2025-06-12 15:18:00,48.2
2025-06-12 07:38:00,45.7
2025-06-12 16:32:00,76.6
2025-06-12 07:21:00,60.3
2025-06-12 11:01:00,18.5
2025-06-12 03:51:00,79.6
2025-06-12 08:49:00,49.485271956675305
2025-06-12 20:26:00,26.2
2025-06-12 07:59:00,44.9
2025-06-12 22:38:00,18.5
2025-06-12 00:39:00,94.9
2025-06-12 15:45:00,54.4
2025-06-12 08:25:00,93.2
2025-06-12 14:11:00,49.485271956675305
2025-06-12 04:58:00,49.485271956675305
2025-06-12 16:24:00,72.1
2025-06-12 07:09:00,25.3
2025-06-12 17:56:00,34.2
2025-06-12 21:06:00,64.4
2025-06-12 17:21:00,9.2
2025-06-12 19:00:00,36.5
2025-06-12 06:05:00,20.6
2025-06-12 15:43:00,38.4
2025-06-12 11:00:00,49.485271956675305
2025-06-12 19:21:00,93.3
2025-06-12 10:29:00,65.7
2025-06-12 18:48:00,41.5
2025-06-12 07:52:00,43.7
2025-06-12 17:49:00,52.4
2025-06-12 15:33:00,79.2
2025-06-12 05:37:00,40.9
2025-06-12 02:47:00,49.485271956675305
2025-06-12 09:27:00,41.9
2025-06-12 17:22:00,50.0997191011236
2025-06-12 21:32:00,50.0997191011236
2025-06-12 12:09:00,63.8
2025-06-12 12:04:00,25.5
2025-06-12 11:07:00,24.7
2025-06-12 19:42:00,27.5
2025-06-12 00:08:00,89.7
2025-06-12 17:10:00,90.7
2025-06-12 09:47:00,60.0
2025-06-12 00:09:00,80.8
2025-06-12 06:55:00,50.4
2025-06-12 07:55:00,34.7
2025-06-12 21:31:00,7.5
2025-06-12 02:25:00,94.5
2025-06-12 02:07:00,5.2
2025-06-12 17:39:00,44.9
2025-06-12 11:27:00,50.0997191011236
2025-06-12 23:38:00,89.1
2025-06-12 09:05:00,55.8
2025-06-12 03:56:00,50.0997191011236
2025-06-12 10:32:00,22.2
2025-06-12 06:58:00,3.9
2025-06-12 12:46:00,18.8
2025-06-12 11:47:00,50.0997191011236
2025-06-12 10:28:00,7.2
2025-06-12 13:36:00,32.9
2025-06-12 13:05:00,10.2
2025-06-12 02:49:00,42.4
2025-06-12 06:15:00,50.0997191011236
2025-06-12 12:04:00,71.5
2025-06-12 16:26:00,26.2
2025-06-12 07:29:00,55.7
2025-06-12 10:48:00,74.3
2025-06-12 20:39:00,30.8
2025-06-12 06:04:00,57.7
2025-06-12 02:02:00,55.9
2025-06-12 12:57:00,80.8
2025-06-12 16:31:00,50.0997191011236
2025-06-12 14:00:00,50.0997191011236
2025-06-12 19:36:00,80.3
2025-06-12 22:14:00,19.6
2025-06-12 01:13:00,3.4
2025-06-12 09:16:00,88.1
2025-06-12 17:18:00,40.5
2025-06-12 03:11:00,50.0997191011236
2025-06-12 10:34:00,46.3
2025-06-12 17:21:00,50.0997191011236
2025-06-12 16:01:00,35.4
2025-06-12 14:35:00,96.9
2025-06-12 15:57:00,81.9
2025-06-12 00:03:00,79.4
2025-06-12 16:41:00,55.6
2025-06-12 21:06:00,13.6
2025-06-12 10:26:00,34.9
2025-06-12 19:58:00,50.0997191011236
2025-06-12 23:11:00,87.2
2025-06-12 18:19:00,47.8
2025-06-12 09:52:00,50.0997191011236
2025-06-12 20:01:00,12.5
2025-06-12 02:43:00,50.0997191011236
2025-06-12 22:26:00,67.2
2025-06-12 21:17:00,83.6
2025-06-12 13:14:00,50.0997191011236
2025-06-12 21:06:00,97.7
2025-06-12 18:04:00,13.1
2025-06-12 15:36:00,96.4
2025-06-12 08:29:00,29.6
2025-06-12 15:02:00,9.8
2025-06-12 12:19:00,70.7
2025-06-12 17:55:00,44.9
2025-06-12 11:59:00,93.2
2025-06-12 15:29:00,47.0
2025-06-12 22:09:00,50.0997191011236
2025-06-12 01:18:00,50.9
2025-06-12 20:41:00,78.6
2025-06-12 19:10:00,96.7
2025-06-12 04:59:00,87.2
2025-06-12 01:11:00,5.6
2025-06-12 14:31:00,37.6
2025-06-12 09:19:00,49.0
2025-06-12 13:07:00,88.0
2025-06-12 12:22:00,8.8
2025-06-12 17:50:00,80.0
2025-06-12 04:51:00,50.0997191011236
2025-06-12 14:07:00,50.0997191011236
2025-06-12 10:05:00,42.5
2025-06-12 13:11:00,28.1
2025-06-12 21:23:00,93.0
2025-06-12 19:48:00,22.5
2025-06-12 15:30:00,49.3
2025-06-12 04:29:00,50.0997191011236
2025-06-12 20:23:00,50.0997191011236
2025-06-12 21:57:00,50.0997191011236
2025-06-12 18:41:00,5.0
2025-06-12 08:44:00,63.7
2025-06-12 14:23:00,89.7
2025-06-12 11:04:00,97.6
2025-06-12 08:15:00,1.7
2025-06-12 23:03:00,36.2
2025-06-12 19:52:00,50.0997191011236
2025-06-12 10:45:00,77.2
2025-06-12 15:59:00,42.7
2025-06-12 20:14:00,99.3
2025-06-12 11:17:00,50.0997191011236
2025-06-12 05:22:00,43.3
2025-06-12 00:02:00,42.4
2025-06-12 08:44:00,40.8
2025-06-12 05:11:00,93.5
2025-06-12 16:59:00,22.2
2025-06-12 18:57:00,15.6
2025-06-12 11:28:00,56.9
2025-06-12 08:20:00,73.7
2025-06-12 08:52:00,27.4
2025-06-12 17:58:00,50.0997191011236
2025-06-12 20:06:00,15.4
2025-06-12 19:54:00,9.8
2025-06-12 02:16:00,50.0997191011236
2025-06-12 08:24:00,8.9
2025-06-12 23:30:00,81.8
2025-06-12 22:42:00,78.3
2025-06-12 15:20:00,50.0997191011236
2025-06-12 12:10:00,59.7
2025-06-12 01:03:00,9.1
2025-06-12 16:46:00,2.3
2025-06-12 17:50:00,50.0997191011236
2025-06-12 11:42:00,50.0997191011236
2025-06-12 21:38:00,27.7
2025-06-12 15:06:00,0.6
2025-06-12 22:46:00,27.3
2025-06-12 20:52:00,58.2
2025-06-12 05:29:00,74.1
2025-06-12 04:28:00,50.0997191011236
2025-06-12 17:45:00,38.1
2025-06-12 02:01:00,22.4
2025-06-12 15:12:00,13.8
2025-06-12 11:22:00,3.9
2025-06-12 14:21:00,5.2
2025-06-12 04:32:00,75.3
2025-06-12 21:54:00,50.0997191011236
2025-06-12 04:13:00,27.7
2025-06-12 01:03:00,98.4
2025-06-12 19:52:00,0.7
2025-06-12 01:03:00,72.8
2025-06-12 01:11:00,74.5
2025-06-12 06:58:00,41.2
2025-06-12 03:43:00,61.4
2025-06-12 20:37:00,81.4
2025-06-12 19:25:00,16.0
2025-06-12 15:55:00,85.7
2025-06-12 01:37:00,50.1
2025-06-12 16:52:00,58.1
2025-06-12 13:06:00,50.0997191011236
2025-06-12 03:26:00,99.9
2025-06-12 19:14:00,42.4
2025-06-12 22:25:00,50.0997191011236
2025-06-12 05:02:00,18.7
2025-06-12 09:02:00,17.6
2025-06-12 09:46:00,50.0997191011236
2025-06-12 05:49:00,14.7
2025-06-12 10:50:00,6.4
2025-06-12 19:31:00,21.7
2025-06-12 12:26:00,33.6
2025-06-12 13:37:00,36.1
2025-06-12 23:47:00,56.3
2025-06-12 15:44:00,49.3
2025-06-12 17:59:00,41.2
2025-06-12 16:32:00,26.2
2025-06-12 21:46:00,50.0997191011236
2025-06-12 14:15:00,7.0
2025-06-12 09:41:00,20.2
2025-06-12 15:53:00,6.4
2025-06-12 18:46:00,81.9
2025-06-12 20:10:00,50.0997191011236
2025-06-12 13:01:00,50.0997191011236
2025-06-12 18:13:00,74.9
2025-06-12 01:13:00,33.3
2025-06-12 18:53:00,59.6
2025-06-12 11:13:00,26.2
2025-06-12 11:03:00,38.1
2025-06-12 12:17:00,88.5
2025-06-12 10:05:00,46.7
2025-06-12 13:15:00,54.3
2025-06-12 00:24:00,26.6
2025-06-12 23:20:00,32.1
2025-06-12 13:31:00,94.6
2025-06-12 09:47:00,38.5
2025-06-12 07:17:00,65.8
2025-06-12 07:08:00,0.3
2025-06-12 06:56:00,53.9
2025-06-12 04:48:00,50.0997191011236
2025-06-12 13:32:00,44.0
2025-06-12 22:03:00,97.9
2025-06-12 12:01:00,51.9
2025-06-12 20:36:00,80.6
2025-06-12 11:21:00,94.5
2025-06-12 17:00:00,50.0997191011236
2025-06-12 13:14:00,5.3
2025-06-12 09:45:00,89.4
2025-06-12 01:19:00,50.0997191011236
2025-06-12 15:31:00,50.0997191011236
2025-06-12 12:24:00,52.1
2025-06-12 17:49:00,50.0997191011236
2025-06-12 01:46:00,62.0
2025-06-12 22:37:00,82.6
2025-06-12 17:35:00,50.0997191011236
2025-06-12 00:03:00,9.4
2025-06-12 19:06:00,47.2
2025-06-12 11:59:00,54.4
2025-06-12 01:45:00,95.3
2025-06-12 20:40:00,50.0997191011236
2025-06-12 14:44:00,99.1
2025-06-12 02:36:00,29.8
2025-06-12 17:04:00,78.5
2025-06-12 19:35:00,62.1
2025-06-12 20:35:00,26.4
2025-06-12 23:16:00,63.2
2025-06-12 03:20:00,21.1
2025-06-12 03:39:00,3.9
2025-06-12 12:09:00,9.0
2025-06-12 16:41:00,71.1
2025-06-12 07:55:00,50.0997191011236
2025-06-12 14:36:00,50.0997191011236
2025-06-12 22:37:00,46.8
2025-06-12 00:58:00,69.5
2025-06-12 18:10:00,51.3
2025-06-12 12:07:00,72.7
2025-06-12 04:25:00,46.4
2025-06-12 01:18:00,7.9
2025-06-12 04:46:00,53.1
2025-06-12 02:25:00,73.2
2025-06-12 10:04:00,64.1
2025-06-12 00:32:00,77.8
2025-06-12 02:07:00,32.1
2025-06-12 14:34:00,34.1
2025-06-12 18:55:00,87.1
2025-06-12 23:25:00,50.0997191011236
2025-06-12 13:33:00,79.5
2025-06-12 16:21:00,77.5
2025-06-12 02:59:00,29.0
2025-06-12 22:34:00,97.1
2025-06-12 18:59:00,40.2
2025-06-12 06:19:00,93.0
2025-06-12 15:27:00,93.6
2025-06-12 00:24:00,37.5
2025-06-12 20:56:00,18.1
2025-06-12 11:24:00,5.0
2025-06-12 13:15:00,26.4
2025-06-12 18:45:00,27.0
2025-06-12 10:32:00,32.9
2025-06-12 19:31:00,76.4
2025-06-12 05:15:00,50.0997191011236
2025-06-12 09:20:00,65.0
2025-06-12 18:03:00,79.6
2025-06-12 14:30:00,8.3
2025-06-12 22:04:00,11.6
2025-06-12 12:49:00,84.3
2025-06-12 09:42:00,97.2
2025-06-12 20:38:00,76.3
2025-06-12 18:24:00,20.7
2025-06-12 03:26:00,1.6
2025-06-12 09:57:00,22.1
2025-06-12 01:07:00,38.3
2025-06-12 16:13:00,13.0
2025-06-12 03:03:00,50.0997191011236
2025-06-12 00:15:00,58.7
2025-06-12 02:26:00,69.2
2025-06-12 02:50:00,92.3
2025-06-12 04:55:00,45.6
2025-06-12 10:14:00,11.5
2025-06-12 15:52:00,47.0
2025-06-12 07:46:00,50.0997191011236
2025-06-12 14:46:00,15.0
2025-06-12 04:07:00,19.2
2025-06-12 21:32:00,76.4
2025-06-12 17:34:00,50.0997191011236
2025-06-12 05:57:00,50.0997191011236
2025-06-12 04:19:00,56.3
2025-06-12 04:53:00,60.2
2025-06-12 12:55:00,93.0
2025-06-12 06:00:00,51.1
2025-06-12 11:42:00,10.5
2025-06-12 11:58:00,50.0997191011236
2025-06-12 19:12:00,77.9
2025-06-12 14:45:00,48.8
2025-06-12 21:21:00,9.8
2025-06-12 06:28:00,8.1
2025-06-12 07:54:00,52.1
2025-06-12 13:08:00,59.4
2025-06-12 20:43:00,50.0997191011236
2025-06-12 20:54:00,50.0997191011236
2025-06-12 18:31:00,42.4
2025-06-12 07:22:00,63.7
2025-06-12 01:02:00,76.4
2025-06-12 13:56:00,45.4
2025-06-12 08:04:00,64.6
2025-06-12 12:13:00,50.0997191011236
2025-06-12 19:08:00,25.7
2025-06-12 16:26:00,19.5
2025-06-12 06:23:00,50.7
2025-06-12 22:01:00,50.0997191011236
2025-06-12 08:19:00,95.2
2025-06-12 11:32:00,80.1
2025-06-12 08:25:00,37.0
2025-06-12 10:21:00,83.0
2025-06-12 03:53:00,29.4
2025-06-12 20:01:00,71.1
2025-06-12 02:13:00,97.6
2025-06-12 08:17:00,50.0997191011236
2025-06-12 14:10:00,20.3
2025-06-12 06:40:00,95.1
2025-06-12 10:15:00,47.2
2025-06-12 03:08:00,79.7
2025-06-12 09:07:00,69.7
2025-06-12 22:44:00,94.9
2025-06-12 02:15:00,50.0997191011236
2025-06-12 02:10:00,50.0997191011236
2025-06-12 03:40:00,50.0997191011236
2025-06-12 03:49:00,72.9
2025-06-12 06:38:00,51.9
2025-06-12 22:33:00,45.5
2025-06-12 08:56:00,74.6
2025-06-12 11:59:00,72.4
2025-06-12 18:03:00,86.6
2025-06-12 06:03:00,45.7
2025-06-12 15:09:00,6.8
2025-06-12 19:47:00,15.9
2025-06-12 05:37:00,0.4
2025-06-12 02:14:00,90.5
2025-06-12 03:06:00,62.7
2025-06-12 16:09:00,86.8
2025-06-12 02:11:00,33.4
2025-06-12 06:15:00,31.7
2025-06-12 15:44:00,95.9
2025-06-12 10:13:00,65.6
2025-06-12 06:57:00,67.5
2025-06-12 19:14:00,36.0
2025-06-12 23:54:00,12.9
2025-06-12 08:26:00,11.9
2025-06-12 11:22:00,96.0
2025-06-12 12:10:00,49.889081537019685
2025-06-12 03:13:00,57.5
2025-06-12 08:19:00,85.1
2025-06-12 17:19:00,52.4
2025-06-12 19:39:00,88.0
2025-06-12 20:29:00,11.7
2025-06-12 22:33:00,67.4
2025-06-12 13:28:00,49.889081537019685
2025-06-12 05:38:00,38.4
2025-06-12 12:27:00,31.6
2025-06-12 20:32:00,81.9
2025-06-12 07:13:00,63.1
2025-06-12 13:39:00,32.6
2025-06-12 23:05:00,76.3
2025-06-12 03:16:00,49.6
2025-06-12 01:45:00,4.8
2025-06-12 23:57:00,49.889081537019685
2025-06-12 04:51:00,99.6
2025-06-12 02:38:00,48.7
2025-06-12 20:17:00,67.3
2025-06-12 02:34:00,64.8
2025-06-12 23:53:00,60.1
2025-06-12 22:03:00,98.9
2025-06-12 17:08:00,75.2
2025-06-12 02:14:00,79.0
2025-06-12 05:42:00,37.5
2025-06-12 15:14:00,47.2
2025-06-12 06:07:00,49.889081537019685
2025-06-12 10:11:00,35.8
2025-06-12 07:21:00,1.6
2025-06-12 10:31:00,5.8
2025-06-12 17:19:00,49.889081537019685
2025-06-12 00:12:00,20.4
2025-06-12 11:32:00,55.4
2025-06-12 16:32:00,27.0
2025-06-12 14:40:00,21.3
2025-06-12 21:56:00,79.1
2025-06-12 04:13:00,81.7
2025-06-12 01:01:00,5.7
2025-06-12 15:39:00,49.889081537019685
2025-06-12 01:07:00,99.2
2025-06-12 21:11:00,20.6
2025-06-12 02:15:00,4.3
2025-06-12 19:54:00,16.5
2025-06-12 19:16:00,15.3
2025-06-12 00:01:00,49.889081537019685
2025-06-12 04:18:00,49.889081537019685
2025-06-12 12:56:00,45.3
2025-06-12 12:38:00,85.4
2025-06-12 15:13:00,57.9
2025-06-12 08:52:00,11.1
2025-06-12 12:16:00,49.889081537019685
2025-06-12 06:24:00,6.1
2025-06-12 05:45:00,49.889081537019685
2025-06-12 19:30:00,62.1
2025-06-12 05:19:00,79.1
2025-06-12 19:29:00,68.8
2025-06-12 07:09:00,92.1
2025-06-12 01:20:00,15.7
2025-06-12 17:57:00,51.5
2025-06-12 22:16:00,33.2
2025-06-12 08:24:00,5.7
2025-06-12 12:21:00,91.2
2025-06-12 17:54:00,28.6
2025-06-12 23:41:00,98.2
2025-06-12 03:49:00,26.9
2025-06-12 16:30:00,14.0
2025-06-12 03:40:00,2.1
2025-06-12 14:47:00,19.1
2025-06-12 06:15:00,71.1
2025-06-12 21:39:00,31.0
2025-06-12 06:20:00,32.7
2025-06-12 10:09:00,49.889081537019685
2025-06-12 16:47:00,83.1
2025-06-12 00:11:00,16.7
2025-06-12 08:09:00,48.5
2025-06-12 12:34:00,34.2
2025-06-12 15:12:00,32.0
2025-06-12 07:39:00,3.3
2025-06-12 16:27:00,44.0
2025-06-12 20:55:00,92.2
2025-06-12 10:50:00,65.2
2025-06-12 23:58:00,25.7
2025-06-12 09:23:00,49.889081537019685
2025-06-12 17:27:00,22.2
2025-06-12 01:07:00,54.3
2025-06-12 14:18:00,49.889081537019685
2025-06-12 09:53:00,2.2
2025-06-12 15:47:00,21.1
2025-06-12 08:35:00,67.8
2025-06-12 18:04:00,38.5
2025-06-12 18:09:00,98.3
2025-06-12 03:15:00,9.2
2025-06-12 14:06:00,49.889081537019685
2025-06-12 09:32:00,73.3
2025-06-12 11:16:00,49.889081537019685
2025-06-12 18:38:00,92.9
2025-06-12 15:39:00,12.7
2025-06-12 19:50:00,38.3
2025-06-12 07:57:00,1.6
2025-06-12 02:00:00,70.9
2025-06-12 13:57:00,97.0
2025-06-12 19:13:00,76.2
2025-06-12 22:02:00,49.889081537019685
2025-06-12 00:56:00,54.6
2025-06-12 04:36:00,54.6
2025-06-12 07:52:00,15.6
2025-06-12 20:56:00,50.0
2025-06-12 21:47:00,58.3
2025-06-12 06:08:00,12.9
2025-06-12 17:48:00,98.5
2025-06-12 16:59:00,4.3
2025-06-12 04:25:00,41.7
2025-06-12 19:48:00,11.4
2025-06-12 02:16:00,49.889081537019685
2025-06-12 06:06:00,97.0
2025-06-12 17:16:00,48.5
2025-06-12 16:55:00,66.7
2025-06-12 06:08:00,48.6
2025-06-12 06:25:00,49.889081537019685
2025-06-12 06:11:00,73.0
2025-06-12 17:49:00,49.889081537019685
2025-06-12 13:09:00,39.1
2025-06-12 09:17:00,97.6
2025-06-12 10:33:00,8.5
2025-06-12 00:57:00,83.0
2025-06-12 17:46:00,35.7
2025-06-12 21:17:00,93.0
2025-06-12 14:39:00,9.5
2025-06-12 13:50:00,54.5
2025-06-12 22:37:00,76.2
2025-06-12 18:40:00,10.5
2025-06-12 18:15:00,34.8
2025-06-12 12:30:00,90.0
2025-06-12 20:17:00,37.6
2025-06-12 20:47:00,13.1
2025-06-12 08:56:00,19.2
2025-06-12 16:41:00,77.1
2025-06-12 02:11:00,19.9
2025-06-12 01:26:00,94.4
2025-06-12 09:22:00,88.8
2025-06-12 03:09:00,49.889081537019685
2025-06-12 17:04:00,49.889081537019685
2025-06-12 08:32:00,13.9
2025-06-12 16:35:00,66.2
2025-06-12 07:37:00,71.2
2025-06-12 10:14:00,38.3
2025-06-12 20:43:00,8.1
2025-06-12 17:53:00,83.9
2025-06-12 11:23:00,49.889081537019685
2025-06-12 07:55:00,49.889081537019685
2025-06-12 11:47:00,77.3
2025-06-12 07:01:00,8.5
2025-06-12 12:37:00,15.6
2025-06-12 13:28:00,46.7
2025-06-12 14:37:00,41.5
2025-06-12 10:19:00,54.0
2025-06-12 12:42:00,66.3
2025-06-12 16:49:00,35.8
2025-06-12 03:22:00,73.2
2025-06-12 06:38:00,49.889081537019685
2025-06-12 16:05:00,54.9
2025-06-12 13:19:00,18.4
2025-06-12 20:02:00,39.5
2025-06-12 03:16:00,41.5
2025-06-12 03:51:00,7.0
2025-06-12 06:24:00,49.889081537019685
2025-06-12 11:54:00,49.889081537019685
2025-06-12 17:28:00,59.1
2025-06-12 17:09:00,76.7
2025-06-12 15:36:00,78.6
2025-06-12 12:08:00,49.889081537019685
2025-06-12 01:47:00,81.9
2025-06-12 23:54:00,38.7
2025-06-12 03:23:00,1.8
2025-06-12 12:59:00,26.8
2025-06-12 10:32:00,77.4
2025-06-12 18:21:00,6.2
2025-06-12 00:28:00,15.7
2025-06-12 11:05:00,74.5
2025-06-12 06:30:00,3.6
2025-06-12 00:22:00,21.8
2025-06-12 07:59:00,43.0
2025-06-12 00:58:00,58.1
2025-06-12 07:27:00,4.3
2025-06-12 08:43:00,49.889081537019685
2025-06-12 06:27:00,14.6
2025-06-12 15:17:00,49.889081537019685
2025-06-12 00:38:00,62.7
2025-06-12 14:53:00,47.4
2025-06-12 07:42:00,50.1
2025-06-12 15:09:00,49.889081537019685
2025-06-12 00:17:00,70.5
2025-06-12 19:46:00,44.9
2025-06-12 05:31:00,92.2
2025-06-12 19:53:00,16.0
2025-06-12 07:04:00,95.3
2025-06-12 19:38:00,52.1
2025-06-12 19:21:00,98.6
2025-06-12 14:28:00,33.2
2025-06-12 15:55:00,99.3
2025-06-12 00:11:00,49.889081537019685
2025-06-12 22:45:00,28.5
2025-06-12 00:03:00,49.889081537019685
2025-06-12 23:08:00,69.8
2025-06-12 03:03:00,92.5
2025-06-12 00:59:00,21.5
2025-06-12 16:35:00,45.0
2025-06-12 06:37:00,33.4
2025-06-12 07:00:00,48.6
2025-06-12 01:44:00,32.1
2025-06-12 13:37:00,82.3
2025-06-12 04:04:00,49.889081537019685
2025-06-12 04:29:00,49.889081537019685
2025-06-12 05:35:00,58.9
2025-06-12 08:06:00,49.889081537019685
2025-06-12 13:01:00,31.7
2025-06-12 02:27:00,47.5
2025-06-12 06:53:00,79.2
2025-06-12 23:13:00,62.0
2025-06-12 21:11:00,78.2
2025-06-12 01:52:00,72.6
2025-06-12 01:58:00,76.7
2025-06-12 08:49:00,90.5
2025-06-12 07:04:00,91.3
2025-06-12 01:37:00,79.9
2025-06-12 08:31:00,86.9
2025-06-12 15:07:00,69.7
2025-06-12 13:32:00,59.5
2025-06-12 15:45:00,52.5
2025-06-12 08:56:00,85.8
2025-06-12 05:10:00,49.889081537019685
2025-06-12 02:00:00,34.8
2025-06-12 05:09:00,71.8
2025-06-12 12:09:00,57.4
2025-06-12 16:00:00,96.1
2025-06-12 06:36:00,98.3
2025-06-12 07:21:00,82.7
2025-06-12 15:58:00,49.889081537019685
2025-06-12 03:12:00,45.9
2025-06-12 03:39:00,49.889081537019685
2025-06-12 08:20:00,90.4
2025-06-12 08:08:00,70.1
2025-06-12 05:23:00,30.1
2025-06-12 05:08:00,5.5
2025-06-12 19:42:00,95.9
2025-06-12 00:17:00,5.2
2025-06-12 16:26:00,19.2
2025-06-12 07:10:00,41.9
2025-06-12 07:13:00,87.2
2025-06-12 10:24:00,60.2
2025-06-12 13:29:00,31.0
2025-06-12 01:31:00,87.5
2025-06-12 01:50:00,41.6
2025-06-12 08:27:00,12.2
2025-06-12 20:04:00,92.2
2025-06-12 08:09:00,49.889081537019685
2025-06-12 11:28:00,80.4
2025-06-12 01:24:00,9.6
2025-06-12 02:19:00,16.7
2025-06-12 13:04:00,96.3
2025-06-12 20:52:00,79.6
2025-06-12 23:58:00,99.8
2025-06-12 08:19:00,25.3
2025-06-12 00:25:00,1.0
2025-06-12 13:46:00,45.8
2025-06-12 02:38:00,39.1
2025-06-12 00:42:00,50.1
2025-06-12 23:15:00,60.3
2025-06-12 15:14:00,31.0
2025-06-12 01:48:00,63.4
2025-06-12 10:22:00,35.6
2025-06-12 20:32:00,49.889081537019685
2025-06-12 13:19:00,70.2
2025-06-12 20:09:00,79.5
2025-06-12 03:30:00,24.4
2025-06-12 11:02:00,81.6
2025-06-12 04:32:00,15.5
2025-06-12 19:58:00,69.3
2025-06-12 15:08:00,11.7
2025-06-12 07:37:00,68.1
2025-06-12 23:18:00,30.5
2025-06-12 00:09:00,70.2
2025-06-12 08:38:00,12.9
2025-06-12 11:37:00,5.3
2025-06-12 00:21:00,25.8
2025-06-12 21:03:00,82.5
2025-06-12 06:57:00,49.889081537019685
2025-06-12 15:40:00,85.8
2025-06-12 04:31:00,12.1
2025-06-12 14:26:00,92.4
2025-06-12 07:28:00,49.889081537019685
2025-06-12 17:45:00,3.7
2025-06-12 19:27:00,55.3
2025-06-12 14:39:00,25.8
2025-06-12 13:46:00,49.889081537019685
2025-06-12 00:58:00,72.9
2025-06-12 05:01:00,49.889081537019685
2025-06-12 12:35:00,80.1
2025-06-12 19:43:00,28.1
2025-06-12 06:26:00,92.1
2025-06-12 12:00:00,72.1
2025-06-12 06:45:00,49.889081537019685
2025-06-12 09:48:00,83.1
2025-06-12 02:38:00,90.3
2025-06-12 07:40:00,78.4
2025-06-12 15:50:00,61.6
2025-06-12 13:52:00,87.7
2025-06-12 11:08:00,71.9
2025-06-12 04:55:00,96.6
2025-06-12 13:45:00,52.9
2025-06-12 15:56:00,88.0
2025-06-12 18:00:00,49.889081537019685
2025-06-12 17:38:00,81.5
2025-06-12 18:41:00,60.7
2025-06-12 21:41:00,23.0
2025-06-12 22:05:00,49.889081537019685
2025-06-12 16:40:00,28.1
2025-06-12 08:21:00,49.889081537019685
2025-06-12 02:29:00,93.9
2025-06-12 20:09:00,12.1
2025-06-12 09:17:00,47.6
2025-06-12 17:02:00,26.9
2025-06-12 23:06:00,63.9
2025-06-12 01:31:00,12.3
2025-06-12 03:05:00,24.7
2025-06-12 13:36:00,77.6
2025-06-12 18:38:00,76.8
2025-06-12 12:46:00,28.7
2025-06-12 03:43:00,87.6
2025-06-12 01:31:00,75.0
2025-06-12 09:58:00,91.0
2025-06-12 09:58:00,11.0
2025-06-12 08:01:00,73.2
2025-06-12 03:31:00,65.6
2025-06-12 21:37:00,92.4
2025-06-12 17:46:00,48.7
2025-06-12 11:22:00,45.9
2025-06-12 01:35:00,37.5
2025-06-12 09:59:00,12.8
2025-06-12 13:53:00,19.9
2025-06-12 15:18:00,60.0
2025-06-12 08:29:00,88.6
2025-06-12 21:56:00,78.8
2025-06-12 01:44:00,4.3
2025-06-12 22:34:00,19.3
2025-06-12 06:39:00,56.9
2025-06-12 11:59:00,22.2
2025-06-12 02:35:00,50.12778039031272
2025-06-12 23:21:00,12.6
2025-06-12 06:39:00,21.4
2025-06-12 05:08:00,78.9
2025-06-12 20:32:00,23.4
2025-06-12 05:31:00,17.2
2025-06-12 02:50:00,95.7
2025-06-12 19:48:00,33.4
2025-06-12 23:11:00,63.8
2025-06-12 03:59:00,23.7
2025-06-12 07:49:00,89.9
2025-06-12 03:09:00,86.6
2025-06-12 10:40:00,14.2
2025-06-12 17:57:00,50.12778039031272
2025-06-12 13:35:00,57.7
2025-06-12 13:20:00,69.0
2025-06-12 01:03:00,91.7
2025-06-12 01:42:00,61.4
2025-06-12 10:42:00,15.8
2025-06-12 12:25:00,95.0
2025-06-12 23:27:00,2.1
2025-06-12 08:18:00,2.4
2025-06-12 15:21:00,40.6
2025-06-12 11:12:00,50.12778039031272
2025-06-12 17:09:00,42.9
2025-06-12 13:00:00,29.0
2025-06-12 22:50:00,34.8
2025-06-12 12:34:00,90.6
2025-06-12 16:02:00,0.6
2025-06-12 13:37:00,34.9
2025-06-12 18:41:00,58.7
2025-06-12 00:13:00,18.3
2025-06-12 04:04:00,81.3
2025-06-12 13:51:00,50.12778039031272
2025-06-12 23:47:00,50.12778039031272
2025-06-12 14:24:00,91.8
2025-06-12 17:59:00,12.5
2025-06-12 01:01:00,16.9
2025-06-12 03:19:00,21.7
2025-06-12 11:27:00,59.3
2025-06-12 05:59:00,79.2
2025-06-12 07:04:00,97.9
2025-06-12 01:19:00,44.8
2025-06-12 12:58:00,67.7
2025-06-12 20:56:00,50.12778039031272
2025-06-12 07:49:00,78.6
2025-06-12 05:12:00,94.8
2025-06-12 19:28:00,3.2
2025-06-12 12:38:00,70.8
2025-06-12 10:33:00,77.0
2025-06-12 20:59:00,69.7
2025-06-12 13:11:00,19.9
2025-06-12 13:29:00,62.8
2025-06-12 04:44:00,39.4
2025-06-12 16:12:00,50.12778039031272
2025-06-12 22:15:00,50.12778039031272
2025-06-12 21:44:00,59.5
2025-06-12 10:53:00,70.4
2025-06-12 05:48:00,26.9
2025-06-12 15:03:00,40.6
2025-06-12 05:09:00,68.2
2025-06-12 22:43:00,49.8
2025-06-12 22:13:00,64.7
2025-06-12 17:07:00,83.8
2025-06-12 09:39:00,13.6
2025-06-12 04:55:00,55.8
2025-06-12 00:24:00,28.5
2025-06-12 12:40:00,38.2
2025-06-12 15:48:00,45.1
2025-06-12 02:47:00,80.3
2025-06-12 21:32:00,62.5
2025-06-12 12:34:00,77.9
2025-06-12 03:10:00,29.9
2025-06-12 08:52:00,50.12778039031272
2025-06-12 21:21:00,40.3
2025-06-12 14:51:00,91.9
2025-06-12 20:59:00,50.12778039031272
2025-06-12 04:55:00,21.1
2025-06-12 18:23:00,72.8
2025-06-12 21:06:00,19.7
2025-06-12 01:17:00,1.3
2025-06-12 13:20:00,27.1
2025-06-12 23:36:00,50.12778039031272
2025-06-12 01:35:00,7.0
2025-06-12 09:20:00,50.12778039031272
2025-06-12 10:47:00,50.12778039031272
2025-06-12 18:48:00,50.12778039031272
2025-06-12 19:03:00,19.4
2025-06-12 00:36:00,20.2
2025-06-12 16:06:00,50.12778039031272
2025-06-12 01:52:00,77.8
2025-06-12 10:21:00,26.5
2025-06-12 16:02:00,80.3
2025-06-12 21:18:00,86.2
2025-06-12 23:19:00,6.9
2025-06-12 19:50:00,48.7
2025-06-12 19:42:00,16.8
2025-06-12 13:28:00,52.8
2025-06-12 06:12:00,17.0
2025-06-12 00:37:00,50.12778039031272
2025-06-12 10:56:00,81.5
2025-06-12 17:16:00,22.8
2025-06-12 16:57:00,47.3
2025-06-12 09:17:00,40.7
2025-06-12 14:05:00,55.3
2025-06-12 14:33:00,99.8
2025-06-12 23:48:00,92.1
2025-06-12 21:20:00,22.0
2025-06-12 11:08:00,53.7
2025-06-12 20:12:00,78.1
2025-06-12 04:17:00,62.8
2025-06-12 06:02:00,20.1
2025-06-12 08:16:00,65.8
2025-06-12 06:17:00,61.7
2025-06-12 02:20:00,20.0
2025-06-12 12:46:00,66.4
2025-06-12 18:04:00,53.8
2025-06-12 23:58:00,62.8
2025-06-12 10:44:00,58.6
2025-06-12 00:42:00,50.12778039031272
2025-06-12 10:59:00,7.8
2025-06-12 15:25:00,10.5
2025-06-12 09:21:00,51.1
2025-06-12 12:33:00,64.3
2025-06-12 16:23:00,57.7
2025-06-12 23:50:00,88.1
2025-06-12 10:49:00,93.7
2025-06-12 10:51:00,3.3
2025-06-12 06:14:00,36.7
2025-06-12 11:58:00,35.2
2025-06-12 06:56:00,65.1
2025-06-12 22:42:00,64.7
2025-06-12 01:16:00,1.2
2025-06-12 10:09:00,78.4
2025-06-12 03:11:00,89.0
2025-06-12 14:23:00,58.5
2025-06-12 21:13:00,45.5
2025-06-12 05:15:00,23.2
2025-06-12 08:48:00,26.3
2025-06-12 13:37:00,54.2
2025-06-12 21:35:00,72.7
2025-06-12 13:37:00,1.0
2025-06-12 18:43:00,50.12778039031272
2025-06-12 16:40:00,21.4
2025-06-12 20:17:00,92.0
2025-06-12 08:52:00,42.6
2025-06-12 03:29:00,40.7
2025-06-12 20:59:00,1.9
2025-06-12 15:24:00,33.8
2025-06-12 08:16:00,27.5
2025-06-12 15:22:00,35.4
2025-06-12 16:47:00,33.1
2025-06-12 17:37:00,74.0
2025-06-12 03:31:00,16.6
2025-06-12 11:07:00,90.8
2025-06-12 04:47:00,61.1
2025-06-12 08:03:00,45.2
2025-06-12 01:52:00,32.3
2025-06-12 09:18:00,26.6
2025-06-12 20:13:00,33.0
2025-06-12 22:12:00,56.5
2025-06-12 14:25:00,45.6
2025-06-12 13:10:00,69.6
2025-06-12 14:34:00,14.3
2025-06-12 21:46:00,44.3
2025-06-12 06:51:00,50.12778039031272
2025-06-12 07:32:00,37.0
2025-06-12 06:53:00,34.3
2025-06-12 01:05:00,98.6
2025-06-12 11:49:00,90.9
2025-06-12 20:06:00,12.7
2025-06-12 16:26:00,58.7
2025-06-12 01:44:00,31.7
2025-06-12 00:19:00,50.12778039031272
2025-06-12 10:12:00,54.4
2025-06-12 17:57:00,77.3
2025-06-12 21:56:00,24.3
2025-06-12 04:24:00,50.12778039031272
2025-06-12 10:06:00,31.1
2025-06-12 21:01:00,37.8
2025-06-12 16:03:00,50.4
2025-06-12 01:01:00,82.2
2025-06-12 17:01:00,68.4
2025-06-12 04:17:00,11.8
2025-06-12 15:00:00,95.1
2025-06-12 16:12:00,35.4
2025-06-12 07:38:00,50.12778039031272
2025-06-12 01:38:00,84.7
2025-06-12 14:18:00,50.12778039031272
2025-06-12 00:44:00,56.7
2025-06-12 20:50:00,27.3
2025-06-12 16:11:00,28.9
2025-06-12 21:19:00,54.7
2025-06-12 05:25:00,50.12778039031272
2025-06-12 22:55:00,21.9
2025-06-12 22:23:00,95.8
2025-06-12 13:20:00,19.3
2025-06-12 14:28:00,38.0
2025-06-12 19:11:00,75.0
2025-06-12 03:38:00,50.12778039031272
2025-06-12 04:46:00,44.4
2025-06-12 12:48:00,62.7
2025-06-12 04:57:00,0.4
2025-06-12 11:13:00,48.6
2025-06-12 16:35:00,69.3
2025-06-12 17:37:00,22.8
2025-06-12 16:25:00,76.0
2025-06-12 02:59:00,87.1
2025-06-12 04:39:00,95.7
2025-06-12 16:02:00,68.4
2025-06-12 01:19:00,13.6
2025-06-12 05:37:00,50.12778039031272
2025-06-12 08:16:00,9.1
2025-06-12 23:31:00,50.12778039031272
2025-06-12 06:45:00,80.7
2025-06-12 00:45:00,50.12778039031272
2025-06-12 02:10:00,73.0
2025-06-12 06:50:00,27.1
2025-06-12 19:44:00,50.12778039031272
2025-06-12 00:42:00,33.9
2025-06-12 04:17:00,53.5
2025-06-12 02:03:00,39.8
2025-06-12 08:50:00,50.12778039031272
2025-06-12 02:12:00,54.8
2025-06-12 17:26:00,99.4
2025-06-12 02:59:00,23.2
2025-06-12 16:47:00,83.4
2025-06-12 22:06:00,73.7
2025-06-12 08:18:00,98.8
2025-06-12 02:55:00,50.12778039031272
2025-06-12 22:28:00,50.12778039031272
2025-06-12 03:56:00,1.7
2025-06-12 04:41:00,3.4
2025-06-12 17:04:00,28.7
2025-06-12 04:53:00,50.12778039031272
2025-06-12 10:21:00,27.6
2025-06-12 12:47:00,89.9
2025-06-12 08:33:00,40.3
2025-06-12 09:16:00,65.9
2025-06-12 22:08:00,50.7
2025-06-12 06:37:00,57.5
2025-06-12 12:12:00,11.0
2025-06-12 10:41:00,26.0
2025-06-12 09:15:00,50.12778039031272
2025-06-12 06:30:00,50.12778039031272
2025-06-12 11:00:00,75.5
2025-06-12 07:54:00,9.0
2025-06-12 11:15:00,13.6
2025-06-12 18:25:00,50.12778039031272
2025-06-12 13:54:00,51.1
2025-06-12 01:01:00,14.2
2025-06-12 13:46:00,66.5
2025-06-12 19:57:00,94.9
2025-06-12 00:24:00,48.7
2025-06-12 14:41:00,19.3
2025-06-12 08:06:00,23.0
2025-06-12 08:41:00,58.6
2025-06-12 20:23:00,32.4
2025-06-12 10:37:00,28.9
2025-06-12 21:40:00,88.8
2025-06-12 10:35:00,50.12778039031272
2025-06-12 08:06:00,23.6
2025-06-12 08:53:00,35.4
2025-06-12 04:25:00,53.8
2025-06-12 23:35:00,92.7
2025-06-12 06:43:00,50.12778039031272
2025-06-12 00:03:00,67.5
2025-06-12 23:32:00,97.9
2025-06-12 21:26:00,2.4
2025-06-12 03:04:00,50.12778039031272
2025-06-12 07:51:00,15.8
2025-06-12 07:42:00,17.9
2025-06-12 23:13:00,50.12778039031272
2025-06-12 03:15:00,76.4
2025-06-12 11:06:00,30.7
2025-06-12 23:35:00,6.3
2025-06-12 04:12:00,59.9
2025-06-12 16:50:00,79.0
2025-06-12 23:12:00,50.12778039031272
2025-06-12 18:04:00,56.3
2025-06-12 19:32:00,71.2
2025-06-12 18:21:00,47.0
2025-06-12 04:26:00,10.9
2025-06-12 01:09:00,80.8
2025-06-12 23:38:00,69.7
2025-06-12 14:51:00,79.4
2025-06-12 18:43:00,95.7
2025-06-12 06:19:00,72.7
2025-06-12 14:56:00,60.2
2025-06-12 16:47:00,46.4
2025-06-12 11:02:00,30.8
2025-06-12 09:18:00,62.9
2025-06-12 23:02:00,31.6
2025-06-12 19:23:00,38.8
2025-06-12 14:14:00,50.12778039031272
2025-06-12 17:35:00,50.12778039031272
2025-06-12 06:25:00,2.7
2025-06-12 23:09:00,50.12778039031272
2025-06-12 19:57:00,50.12778039031272
2025-06-12 17:44:00,78.3
2025-06-12 17:36:00,50.12778039031272
2025-06-12 07:25:00,73.1
2025-06-12 14:23:00,14.7
2025-06-12 22:16:00,20.3
2025-06-12 14:12:00,62.9
2025-06-12 21:17:00,42.8
2025-06-12 03:31:00,84.6
2025-06-12 16:30:00,51.5
2025-06-12 15:13:00,50.12778039031272
2025-06-12 01:13:00,17.8
2025-06-12 14:32:00,50.12778039031272
2025-06-12 01:04:00,75.9
2025-06-12 11:27:00,32.4
2025-06-12 07:52:00,87.6
2025-06-12 19:37:00,89.9
2025-06-12 18:39:00,12.6
2025-06-12 23:43:00,52.5
2025-06-12 20:57:00,50.12778039031272
2025-06-12 19:38:00,95.9
2025-06-12 00:47:00,95.3
2025-06-12 17:03:00,4.5
2025-06-12 13:07:00,61.4
2025-06-12 09:34:00,40.8
2025-06-12 10:49:00,23.9
2025-06-12 20:08:00,88.6
2025-06-12 01:07:00,98.6
2025-06-12 22:34:00,95.4
2025-06-12 00:24:00,79.3
2025-06-12 14:45:00,49.8
2025-06-12 06:54:00,20.1
2025-06-12 04:58:00,50.1655304792927
2025-06-12 06:39:00,76.1
2025-06-12 20:22:00,59.4
2025-06-12 14:40:00,50.1655304792927
2025-06-12 15:07:00,89.7
2025-06-12 15:40:00,97.7
2025-06-12 21:25:00,38.1
2025-06-12 22:31:00,28.4
2025-06-12 00:47:00,84.8
2025-06-12 02:55:00,48.2
2025-06-12 15:01:00,50.1655304792927
2025-06-12 18:56:00,42.7
2025-06-12 03:08:00,63.3
2025-06-12 03:36:00,70.7
2025-06-12 07:55:00,59.4
2025-06-12 14:53:00,61.0
2025-06-12 23:00:00,53.8
2025-06-12 23:01:00,62.5
2025-06-12 11:57:00,10.3
2025-06-12 18:36:00,47.6
2025-06-12 03:44:00,74.4
2025-06-12 17:17:00,54.0
2025-06-12 01:55:00,25.8
2025-06-12 21:08:00,41.6
2025-06-12 17:35:00,45.5
2025-06-12 20:48:00,74.9
2025-06-12 14:15:00,45.4
2025-06-12 23:16:00,51.6
2025-06-12 23:39:00,26.0
2025-06-12 20:57:00,35.2
2025-06-12 20:56:00,10.4
2025-06-12 02:35:00,20.5
2025-06-12 04:03:00,50.1655304792927
2025-06-12 15:40:00,89.8
2025-06-12 21:32:00,36.5
2025-06-12 11:20:00,12.8
2025-06-12 05:04:00,50.1655304792927
2025-06-12 21:33:00,48.7
2025-06-12 17:37:00,56.9
2025-06-12 05:11:00,6.1
2025-06-12 22:50:00,50.1655304792927
2025-06-12 08:57:00,40.0
2025-06-12 03:27:00,20.7
2025-06-12 19:15:00,79.0
2025-06-12 02:43:00,75.1
2025-06-12 10:35:00,99.8
2025-06-12 03:54:00,29.9
2025-06-12 18:54:00,41.0
2025-06-12 17:05:00,50.1655304792927
2025-06-12 10:26:00,14.7
2025-06-12 00:01:00,12.2
2025-06-12 09:41:00,7.3
2025-06-12 07:50:00,17.4
2025-06-12 02:18:00,94.1
2025-06-12 13:38:00,27.3
2025-06-12 23:34:00,65.8
2025-06-12 06:12:00,30.8
2025-06-12 09:49:00,50.1655304792927
2025-06-12 04:53:00,62.7
2025-06-12 02:36:00,17.0
2025-06-12 13:14:00,91.9
2025-06-12 04:35:00,56.5
2025-06-12 05:08:00,78.8
2025-06-12 12:54:00,48.5
2025-06-12 18:29:00,95.2
2025-06-12 14:13:00,91.4
2025-06-12 22:47:00,37.3
2025-06-12 23:17:00,15.0
2025-06-12 21:34:00,50.1655304792927
2025-06-12 17:33:00,74.4
2025-06-12 10:26:00,87.0
2025-06-12 08:29:00,19.7
2025-06-12 03:41:00,46.5
2025-06-12 04:03:00,84.5
2025-06-12 21:46:00,55.6
2025-06-12 17:47:00,72.5
2025-06-12 20:58:00,7.0
2025-06-12 19:10:00,47.1
2025-06-12 22:05:00,63.5
2025-06-12 22:06:00,26.4
2025-06-12 00:52:00,16.5
2025-06-12 01:48:00,50.1655304792927
2025-06-12 00:18:00,2.3
2025-06-12 00:36:00,61.2
2025-06-12 12:48:00,98.8
2025-06-12 03:31:00,89.5
2025-06-12 23:33:00,85.6
2025-06-12 03:48:00,4.3
2025-06-12 18:39:00,60.0
2025-06-12 14:55:00,74.2
2025-06-12 04:47:00,10.5
2025-06-12 11:38:00,24.9
2025-06-12 04:43:00,94.5
2025-06-12 20:29:00,50.1655304792927
2025-06-12 21:51:00,54.7
2025-06-12 17:37:00,31.9
2025-06-12 13:09:00,70.8
2025-06-12 16:36:00,44.7
2025-06-12 23:35:00,41.5
2025-06-12 05:21:00,27.7
2025-06-12 01:29:00,75.9
2025-06-12 14:08:00,2.2
2025-06-12 21:44:00,32.1
2025-06-12 07:13:00,81.0
2025-06-12 05:54:00,89.5
2025-06-12 03:33:00,82.4
2025-06-12 18:59:00,78.1
2025-06-12 03:43:00,68.0
2025-06-12 03:32:00,66.9
2025-06-12 20:32:00,22.6
2025-06-12 00:25:00,40.8
2025-06-12 10:00:00,14.5
2025-06-12 19:55:00,36.4
2025-06-12 14:53:00,36.2
2025-06-12 04:55:00,61.8
2025-06-12 17:21:00,48.7
2025-06-12 14:52:00,23.0
2025-06-12 11:54:00,1.2
2025-06-12 19:31:00,32.9
2025-06-12 08:56:00,42.8
2025-06-12 23:30:00,36.1
2025-06-12 16:22:00,32.7
2025-06-12 00:29:00,96.5
2025-06-12 05:50:00,57.2
2025-06-12 21:05:00,98.7
2025-06-12 15:49:00,5.9
2025-06-12 05:18:00,57.1
2025-06-12 01:55:00,11.8
2025-06-12 21:32:00,45.8
2025-06-12 16:31:00,29.8
2025-06-12 06:54:00,17.3
2025-06-12 03:49:00,44.0
2025-06-12 00:18:00,73.9
2025-06-12 12:38:00,24.7
2025-06-12 13:59:00,34.0
2025-06-12 19:09:00,8.0
2025-06-12 03:33:00,31.3
2025-06-12 01:25:00,87.5
2025-06-12 01:56:00,30.9
2025-06-12 15:54:00,43.0
2025-06-12 18:29:00,18.4
2025-06-12 00:00:00,58.9
2025-06-12 21:01:00,91.3
2025-06-12 14:13:00,74.8
2025-06-12 00:52:00,51.1
2025-06-12 22:46:00,26.3
2025-06-12 03:12:00,63.2
2025-06-12 10:32:00,63.1
2025-06-12 07:37:00,13.9
2025-06-12 19:36:00,93.6
2025-06-12 02:33:00,63.8
2025-06-12 06:24:00,0.5
2025-06-12 11:07:00,55.1
2025-06-12 04:31:00,72.5
2025-06-12 19:27:00,95.7
2025-06-12 22:25:00,96.1
2025-06-12 01:21:00,26.8
2025-06-12 15:43:00,94.5
2025-06-12 13:41:00,43.7
2025-06-12 14:28:00,49.1
2025-06-12 18:56:00,45.4
2025-06-12 03:34:00,97.0
2025-06-12 12:55:00,71.1
2025-06-12 23:17:00,65.8
2025-06-12 15:37:00,49.5
2025-06-12 04:14:00,88.6
2025-06-12 06:40:00,2.7
2025-06-12 00:40:00,77.4
2025-06-12 10:16:00,61.6
2025-06-12 09:06:00,77.9
2025-06-12 23:09:00,50.1655304792927
2025-06-12 01:43:00,68.1
2025-06-12 23:34:00,71.1
2025-06-12 15:47:00,99.1
2025-06-12 04:47:00,52.0
2025-06-12 06:33:00,53.9
2025-06-12 19:27:00,73.1
2025-06-12 09:56:00,20.5
2025-06-12 11:35:00,64.1
2025-06-12 19:56:00,50.1655304792927
2025-06-12 14:35:00,35.7
2025-06-12 19:11:00,6.2
2025-06-12 08:53:00,50.1655304792927
2025-06-12 19:50:00,9.2
2025-06-12 02:45:00,9.0
2025-06-12 05:52:00,1.1
2025-06-12 06:29:00,68.3
2025-06-12 01:41:00,63.1
2025-06-12 04:04:00,86.8
2025-06-12 01:16:00,88.8
2025-06-12 13:46:00,8.9
2025-06-12 15:21:00,77.6
2025-06-12 07:24:00,25.3
2025-06-12 10:54:00,50.1655304792927
2025-06-12 05:41:00,54.8
2025-06-12 06:14:00,95.6
2025-06-12 23:56:00,54.2
2025-06-12 03:10:00,50.2
2025-06-12 17:56:00,63.1
2025-06-12 17:36:00,27.5
2025-06-12 18:52:00,50.1655304792927
2025-06-12 03:14:00,50.1655304792927
2025-06-12 15:59:00,50.1655304792927
2025-06-12 02:40:00,64.4
2025-06-12 21:12:00,17.3
2025-06-12 05:21:00,69.0
2025-06-12 16:40:00,58.9
2025-06-12 23:43:00,51.8
2025-06-12 07:05:00,60.8
2025-06-12 00:16:00,40.4
2025-06-12 19:05:00,94.5
2025-06-12 01:26:00,3.2
2025-06-12 00:55:00,9.3
2025-06-12 14:42:00,7.4
2025-06-12 20:40:00,23.6
2025-06-12 08:20:00,2.2
2025-06-12 00:05:00,53.8
2025-06-12 08:25:00,90.6
2025-06-12 11:20:00,31.1
2025-06-12 17:28:00,92.0
2025-06-12 03:35:00,74.5
2025-06-12 02:57:00,54.4
2025-06-12 04:56:00,64.7
2025-06-12 05:06:00,50.1655304792927
2025-06-12 19:43:00,50.1655304792927
2025-06-12 01:33:00,12.3
2025-06-12 20:16:00,72.1
2025-06-12 06:18:00,53.4
2025-06-12 01:27:00,50.1655304792927
2025-06-12 03:08:00,90.2
2025-06-12 14:07:00,26.4
2025-06-12 08:34:00,54.0
2025-06-12 20:48:00,80.2
2025-06-12 14:53:00,90.2
2025-06-12 19:22:00,15.8
2025-06-12 12:59:00,50.1655304792927
2025-06-12 03:57:00,29.9
2025-06-12 15:23:00,40.9
2025-06-12 15:08:00,14.6
2025-06-12 01:12:00,56.4
2025-06-12 17:23:00,38.3
2025-06-12 05:50:00,62.1
2025-06-12 00:25:00,78.2
2025-06-12 08:15:00,54.6
2025-06-12 02:51:00,27.0
2025-06-12 17:45:00,38.3
2025-06-12 18:52:00,79.4
2025-06-12 18:44:00,43.6
2025-06-12 04:10:00,37.3
2025-06-12 19:59:00,61.5
2025-06-12 13:52:00,73.7
2025-06-12 02:28:00,49.4
2025-06-12 19:51:00,36.8
2025-06-12 00:43:00,25.3
2025-06-12 07:22:00,87.8
2025-06-12 20:03:00,53.5
2025-06-12 12:40:00,14.6
2025-06-12 11:38:00,38.0
2025-06-12 10:06:00,50.1655304792927
2025-06-12 20:49:00,54.8
2025-06-12 18:02:00,3.6
2025-06-12 15:06:00,50.1655304792927
2025-06-12 16:01:00,35.6
2025-06-12 22:54:00,22.4
2025-06-12 14:18:00,71.6
2025-06-12 16:11:00,50.1655304792927
2025-06-12 20:25:00,86.0
2025-06-12 01:32:00,11.5
2025-06-12 03:38:00,10.2
2025-06-12 21:09:00,94.4
2025-06-12 05:43:00,88.3
2025-06-12 01:50:00,94.0
2025-06-12 18:49:00,50.1655304792927
2025-06-12 03:42:00,73.0
2025-06-12 03:25:00,46.0
2025-06-12 00:41:00,13.4
2025-06-12 00:30:00,19.4
2025-06-12 02:30:00,79.4
2025-06-12 17:30:00,89.9
2025-06-12 10:30:00,21.5
2025-06-12 03:24:00,59.7
2025-06-12 23:47:00,50.1655304792927
2025-06-12 19:56:00,38.1
2025-06-12 18:41:00,94.7
2025-06-12 22:19:00,50.1655304792927
2025-06-12 10:49:00,51.1
2025-06-12 03:55:00,50.1655304792927
2025-06-12 23:40:00,56.4
2025-06-12 20:48:00,30.4
2025-06-12 04:49:00,50.1655304792927
2025-06-12 03:39:00,50.1655304792927
2025-06-12 15:37:00,50.1655304792927
2025-06-12 13:14:00,40.1
2025-06-12 06:28:00,83.6
2025-06-12 20:04:00,75.2
2025-06-12 19:14:00,42.9
2025-06-12 13:52:00,34.8
2025-06-12 12:23:00,54.2
2025-06-12 19:21:00,35.9
2025-06-12 02:06:00,88.3
2025-06-12 06:56:00,25.3
2025-06-12 15:28:00,78.8
2025-06-12 23:14:00,64.7
2025-06-12 04:14:00,50.1655304792927
2025-06-12 06:04:00,69.9
2025-06-12 01:59:00,43.8
2025-06-12 00:03:00,19.5
2025-06-12 23:18:00,82.9
2025-06-12 23:07:00,94.2
2025-06-12 13:14:00,6.6
2025-06-12 23:31:00,75.9
2025-06-12 21:39:00,40.1
2025-06-12 07:37:00,1.9
2025-06-12 14:12:00,68.3
2025-06-12 07:43:00,37.5
2025-06-12 02:04:00,50.2
2025-06-12 21:01:00,92.3
2025-06-12 16:49:00,15.1
2025-06-12 22:58:00,67.9
2025-06-12 13:46:00,55.5
2025-06-12 03:25:00,50.1655304792927
2025-06-12 11:53:00,97.2
2025-06-12 03:29:00,32.9
2025-06-12 15:33:00,67.5
2025-06-12 13:42:00,44.6
2025-06-12 17:01:00,50.1655304792927
2025-06-12 12:42:00,50.0
2025-06-12 02:49:00,84.2
2025-06-12 11:53:00,39.8
2025-06-12 19:01:00,55.2
2025-06-12 09:34:00,13.9
2025-06-12 21:57:00,13.0
2025-06-12 04:19:00,85.3
2025-06-12 02:57:00,68.2
2025-06-12 17:31:00,50.16485882352941
2025-06-12 18:36:00,50.16485882352941
2025-06-12 20:34:00,90.4
2025-06-12 01:38:00,57.6
2025-06-12 05:58:00,59.2
2025-06-12 17:59:00,50.16485882352941
2025-06-12 11:47:00,50.16485882352941
2025-06-12 17:08:00,50.16485882352941
2025-06-12 22:39:00,98.1
2025-06-12 15:03:00,6.4
2025-06-12 10:36:00,54.5
2025-06-12 14:41:00,67.3
2025-06-12 00:19:00,99.8
2025-06-12 23:50:00,82.5
2025-06-12 16:58:00,50.16485882352941
2025-06-12 17:30:00,50.16485882352941
2025-06-12 17:33:00,50.16485882352941
2025-06-12 19:51:00,19.6
2025-06-12 10:39:00,38.0
2025-06-12 18:55:00,3.3
2025-06-12 04:10:00,53.3
2025-06-12 03:03:00,28.9
2025-06-12 03:42:00,50.16485882352941
2025-06-12 05:35:00,78.0
2025-06-12 01:40:00,43.4
2025-06-12 19:15:00,74.8
2025-06-12 00:51:00,44.6
2025-06-12 00:49:00,15.7
2025-06-12 09:06:00,63.0
2025-06-12 07:57:00,67.0
2025-06-12 19:07:00,48.0
2025-06-12 00:42:00,99.1
2025-06-12 06:53:00,13.1
2025-06-12 00:52:00,7.9
2025-06-12 04:09:00,59.1
2025-06-12 11:07:00,25.1
2025-06-12 13:18:00,32.7
2025-06-12 10:27:00,3.0
2025-06-12 13:02:00,65.2
2025-06-12 00:09:00,45.9
2025-06-12 02:10:00,74.5
2025-06-12 20:46:00,45.9
2025-06-12 09:07:00,90.2
2025-06-12 21:26:00,35.2
2025-06-12 06:20:00,39.6
2025-06-12 08:43:00,67.5
2025-06-12 14:14:00,70.9
2025-06-12 00:10:00,13.0
2025-06-12 16:11:00,81.9
2025-06-12 03:11:00,48.6
2025-06-12 03:34:00,68.0
2025-06-12 08:21:00,5.9
2025-06-12 21:06:00,79.7
2025-06-12 12:58:00,50.9
2025-06-12 00:10:00,27.0
2025-06-12 12:36:00,50.16485882352941
2025-06-12 07:49:00,41.3
2025-06-12 03:04:00,59.8
2025-06-12 00:58:00,98.5
2025-06-12 16:34:00,63.3
2025-06-12 02:03:00,0.3
2025-06-12 14:09:00,16.7
2025-06-12 03:45:00,19.7
2025-06-12 22:51:00,22.6
2025-06-12 06:10:00,72.0
2025-06-12 15:31:00,29.2
2025-06-12 06:04:00,77.6
2025-06-12 05:28:00,95.1
2025-06-12 09:37:00,26.7
2025-06-12 22:36:00,50.16485882352941
2025-06-12 01:57:00,18.4
2025-06-12 06:20:00,98.9
2025-06-12 22:41:00,50.16485882352941
2025-06-12 01:32:00,85.4
2025-06-12 05:00:00,50.16485882352941
2025-06-12 11:32:00,98.1
2025-06-12 16:15:00,67.7
2025-06-12 01:28:00,86.6
2025-06-12 01:37:00,52.5
2025-06-12 07:40:00,50.1
2025-06-12 04:11:00,2.8
2025-06-12 18:45:00,46.5
2025-06-12 23:21:00,87.8
2025-06-12 20:26:00,24.9
2025-06-12 22:53:00,17.7
2025-06-12 03:23:00,67.4
2025-06-12 10:08:00,54.7
2025-06-12 06:26:00,50.16485882352941
2025-06-12 12:12:00,16.9
2025-06-12 16:11:00,50.16485882352941
2025-06-12 21:45:00,5.3
2025-06-12 03:28:00,84.0
2025-06-12 19:56:00,39.2
2025-06-12 12:26:00,85.8
2025-06-12 07:41:00,38.7
2025-06-12 01:03:00,62.5
2025-06-12 03:37:00,39.7
2025-06-12 20:24:00,50.16485882352941
2025-06-12 04:18:00,70.4
2025-06-12 02:06:00,35.1
2025-06-12 16:40:00,50.16485882352941
2025-06-12 00:25:00,34.4
2025-06-12 07:46:00,17.4
2025-06-12 02:57:00,50.16485882352941
2025-06-12 00:25:00,31.9
2025-06-12 19:09:00,30.8
2025-06-12 09:42:00,65.7
2025-06-12 05:41:00,64.8
2025-06-12 21:48:00,92.8
2025-06-12 23:15:00,17.2
2025-06-12 04:37:00,33.6
2025-06-12 11:02:00,40.7
2025-06-12 07:31:00,90.9
2025-06-12 15:35:00,46.2
2025-06-12 01:00:00,72.6
2025-06-12 23:01:00,65.6
2025-06-12 00:38:00,92.5
2025-06-12 11:17:00,56.7
2025-06-12 06:30:00,53.4
2025-06-12 06:05:00,5.5
2025-06-12 00:15:00,50.16485882352941
2025-06-12 05:57:00,50.16485882352941
2025-06-12 21:34:00,98.1
2025-06-12 17:37:00,66.2
2025-06-12 23:59:00,6.9
2025-06-12 08:38:00,53.2
2025-06-12 07:00:00,44.7
2025-06-12 04:28:00,24.4
2025-06-12 06:08:00,66.9
2025-06-12 12:33:00,87.3
2025-06-12 20:13:00,22.9
2025-06-12 23:38:00,50.16485882352941
2025-06-12 14:47:00,98.1
2025-06-12 20:14:00,96.8
2025-06-12 00:54:00,78.0
2025-06-12 15:34:00,76.8
2025-06-12 00:18:00,20.1
2025-06-12 01:15:00,18.6
2025-06-12 00:16:00,23.4
2025-06-12 19:28:00,3.9
2025-06-12 06:02:00,68.0
2025-06-12 06:27:00,50.16485882352941
2025-06-12 16:49:00,50.16485882352941
2025-06-12 06:25:00,63.3
2025-06-12 18:11:00,50.16485882352941
2025-06-12 02:49:00,29.6
2025-06-12 00:25:00,28.6
2025-06-12 02:46:00,9.5
2025-06-12 16:06:00,40.8
2025-06-12 01:22:00,74.8
2025-06-12 09:39:00,97.7
2025-06-12 18:31:00,50.16485882352941
2025-06-12 08:17:00,50.16485882352941
2025-06-12 00:36:00,49.9
2025-06-12 10:18:00,69.9
2025-06-12 17:32:00,29.0
2025-06-12 06:46:00,21.0
2025-06-12 06:43:00,50.16485882352941
2025-06-12 01:10:00,20.0
2025-06-12 01:40:00,98.0
2025-06-12 06:12:00,14.2
2025-06-12 05:56:00,50.16485882352941
2025-06-12 09:07:00,67.0
2025-06-12 21:42:00,78.6
2025-06-12 01:15:00,15.3
2025-06-12 15:29:00,28.0
2025-06-12 15:50:00,59.3
2025-06-12 08:29:00,50.6
2025-06-12 23:40:00,43.6
2025-06-12 21:46:00,61.4
2025-06-12 20:57:00,69.4
2025-06-12 14:26:00,8.6
2025-06-12 21:49:00,9.9
2025-06-12 20:02:00,68.5
2025-06-12 17:46:00,72.9
2025-06-12 00:23:00,58.5
2025-06-12 03:17:00,50.16485882352941
2025-06-12 10:53:00,40.0
2025-06-12 08:38:00,54.7
2025-06-12 05:36:00,35.9
2025-06-12 09:15:00,95.6
2025-06-12 23:18:00,49.5
2025-06-12 02:34:00,50.8
2025-06-12 07:01:00,22.4
2025-06-12 02:32:00,30.3
2025-06-12 12:50:00,9.5
2025-06-12 08:27:00,99.5
2025-06-12 23:01:00,8.6
2025-06-12 04:13:00,33.3
2025-06-12 16:19:00,88.5
2025-06-12 18:26:00,70.9
2025-06-12 11:48:00,50.16485882352941
2025-06-12 22:43:00,77.8
2025-06-12 03:54:00,45.7
2025-06-12 08:23:00,66.5
2025-06-12 16:57:00,31.4
2025-06-12 19:09:00,60.4
2025-06-12 10:27:00,95.0
2025-06-12 21:35:00,46.0
2025-06-12 00:01:00,84.9
2025-06-12 03:28:00,94.3
2025-06-12 12:59:00,50.16485882352941
2025-06-12 00:12:00,35.7
2025-06-12 19:30:00,45.8
2025-06-12 15:30:00,52.6
2025-06-12 08:35:00,66.0
2025-06-12 08:50:00,50.16485882352941
2025-06-12 07:23:00,87.7
2025-06-12 19:55:00,14.5
2025-06-12 16:07:00,50.16485882352941
2025-06-12 23:36:00,66.9
2025-06-12 16:28:00,88.8
2025-06-12 04:44:00,67.3
2025-06-12 08:10:00,50.16485882352941
2025-06-12 19:55:00,65.2
2025-06-12 11:46:00,70.1
2025-06-12 07:03:00,39.3
2025-06-12 07:14:00,50.16485882352941
2025-06-12 06:34:00,46.8
2025-06-12 23:47:00,91.9
2025-06-12 10:46:00,65.3
2025-06-12 18:53:00,27.1
2025-06-12 00:31:00,7.0
2025-06-12 22:29:00,32.6
2025-06-12 23:24:00,46.0
2025-06-12 22:07:00,15.7
2025-06-12 10:10:00,50.16485882352941
2025-06-12 18:23:00,38.9
2025-06-12 13:56:00,88.8
2025-06-12 03:15:00,19.3
2025-06-12 07:41:00,67.4
2025-06-12 17:35:00,8.6
2025-06-12 09:29:00,34.0
2025-06-12 10:43:00,49.8
2025-06-12 07:02:00,50.16485882352941
2025-06-12 12:51:00,88.0
2025-06-12 19:59:00,22.8
2025-06-12 05:51:00,82.1
2025-06-12 19:11:00,99.9
2025-06-12 18:04:00,76.1
2025-06-12 21:04:00,80.8
2025-06-12 22:24:00,15.1
2025-06-12 17:51:00,44.5
2025-06-12 11:48:00,73.4
2025-06-12 23:03:00,15.2
2025-06-12 01:24:00,71.9
2025-06-12 06:15:00,18.9
2025-06-12 09:01:00,24.1
2025-06-12 07:22:00,29.9
2025-06-12 10:57:00,94.1
2025-06-12 07:48:00,89.1
2025-06-12 16:42:00,71.8
2025-06-12 20:10:00,79.3
2025-06-12 03:37:00,50.16485882352941
2025-06-12 11:28:00,77.3
2025-06-12 07:22:00,50.16485882352941
2025-06-12 07:28:00,45.9
2025-06-12 03:34:00,9.0
2025-06-12 00:35:00,49.8
2025-06-12 12:26:00,20.4
2025-06-12 23:07:00,50.16485882352941
2025-06-12 23:29:00,50.16485882352941
2025-06-12 04:30:00,78.7
2025-06-12 17:52:00,50.16485882352941
2025-06-12 06:03:00,47.3
2025-06-12 06:21:00,95.3
2025-06-12 21:35:00,81.3
2025-06-12 12:50:00,50.16485882352941
2025-06-12 22:45:00,32.0
2025-06-12 09:41:00,50.16485882352941
2025-06-12 04:27:00,79.6
2025-06-12 13:38:00,0.6
2025-06-12 11:42:00,14.7
2025-06-12 20:16:00,24.0
2025-06-12 23:49:00,14.6
2025-06-12 14:00:00,50.16485882352941
2025-06-12 19:31:00,63.3
2025-06-12 05:59:00,67.6
2025-06-12 00:54:00,50.16485882352941
2025-06-12 02:35:00,48.9
2025-06-12 20:20:00,69.3
2025-06-12 00:17:00,16.9
2025-06-12 00:33:00,23.5
2025-06-12 22:04:00,50.16485882352941
2025-06-12 17:20:00,50.16485882352941
2025-06-12 13:44:00,16.2
2025-06-12 02:05:00,18.4
2025-06-12 21:55:00,2.9
2025-06-12 01:17:00,47.9
2025-06-12 20:33:00,82.0
2025-06-12 21:27:00,32.3
2025-06-12 08:39:00,50.16485882352941
2025-06-12 07:58:00,37.7
2025-06-12 00:51:00,77.7
2025-06-12 21:07:00,37.9
2025-06-12 20:53:00,35.5
2025-06-12 17:04:00,84.9
2025-06-12 08:44:00,41.5
2025-06-12 15:40:00,27.5
2025-06-12 16:02:00,31.1
2025-06-12 23:44:00,50.16485882352941
2025-06-12 18:26:00,73.7
2025-06-12 09:46:00,50.16485882352941
2025-06-12 05:57:00,50.16485882352941
2025-06-12 11:56:00,50.16485882352941
2025-06-12 18:15:00,31.0
2025-06-12 16:12:00,50.16485882352941
2025-06-12 04:45:00,64.9
2025-06-12 11:56:00,3.2
2025-06-12 09:00:00,14.9
2025-06-12 11:55:00,69.1
2025-06-12 11:40:00,56.0
2025-06-12 22:20:00,8.3
2025-06-12 21:03:00,16.0
2025-06-12 10:02:00,50.16485882352941
2025-06-12 02:08:00,97.6
2025-06-12 05:30:00,90.7
2025-06-12 08:49:00,4.4
2025-06-12 10:30:00,89.6
2025-06-12 00:13:00,32.5
2025-06-12 22:05:00,13.6
2025-06-12 01:05:00,64.2
2025-06-12 18:27:00,50.16485882352941
2025-06-12 10:17:00,12.1
2025-06-12 13:33:00,50.16485882352941
2025-06-12 13:07:00,50.16485882352941
2025-06-12 10:36:00,58.8
2025-06-12 22:49:00,30.5
2025-06-12 12:59:00,99.0
2025-06-12 04:43:00,78.5
2025-06-12 02:49:00,92.2
2025-06-12 22:31:00,83.1
2025-06-12 19:25:00,78.6
2025-06-12 03:10:00,13.2
2025-06-12 19:51:00,39.7
2025-06-12 06:16:00,50.16485882352941
2025-06-12 06:50:00,50.16485882352941
2025-06-12 07:34:00,77.5
2025-06-12 21:14:00,46.7
2025-06-12 08:34:00,9.5
2025-06-12 21:11:00,1.4
2025-06-12 09:59:00,55.5
2025-06-12 07:05:00,50.9
2025-06-12 20:19:00,49.7
2025-06-12 22:58:00,31.7
2025-06-12 14:36:00,49.40323484760014
2025-06-12 14:54:00,68.6
2025-06-12 09:39:00,25.7
2025-06-12 01:28:00,49.40323484760014
2025-06-12 17:56:00,49.40323484760014
2025-06-12 14:45:00,49.40323484760014
2025-06-12 16:35:00,9.0
2025-06-12 19:05:00,42.8
2025-06-12 19:22:00,52.6
2025-06-12 21:58:00,69.1
2025-06-12 06:43:00,91.4
2025-06-12 08:00:00,62.7
2025-06-12 08:32:00,45.0
2025-06-12 16:49:00,79.9
2025-06-12 04:38:00,33.0
2025-06-12 15:15:00,38.6
2025-06-12 22:58:00,49.40323484760014
2025-06-12 00:01:00,49.40323484760014
2025-06-12 21:08:00,53.4
2025-06-12 08:55:00,84.9
2025-06-12 17:54:00,68.6
2025-06-12 16:54:00,49.40323484760014
2025-06-12 03:36:00,70.3
2025-06-12 17:44:00,29.0
2025-06-12 22:23:00,49.40323484760014
2025-06-12 18:42:00,30.1
2025-06-12 23:25:00,85.4
2025-06-12 23:27:00,59.5
2025-06-12 05:24:00,49.40323484760014
2025-06-12 06:14:00,42.1
2025-06-12 04:56:00,76.0
2025-06-12 06:46:00,14.3
2025-06-12 22:38:00,68.8
2025-06-12 14:28:00,31.8
2025-06-12 09:28:00,33.8
2025-06-12 21:10:00,13.7
2025-06-12 02:39:00,11.0
2025-06-12 17:53:00,6.1
2025-06-12 09:03:00,52.5
2025-06-12 20:13:00,49.40323484760014
2025-06-12 21:06:00,49.40323484760014
2025-06-12 09:13:00,11.1
2025-06-12 05:59:00,50.6
2025-06-12 19:58:00,71.5
2025-06-12 17:50:00,11.8
2025-06-12 11:42:00,48.9
2025-06-12 12:56:00,77.9
2025-06-12 06:01:00,96.6
2025-06-12 04:37:00,40.7
2025-06-12 19:46:00,13.3
2025-06-12 11:10:00,16.6
2025-06-12 13:13:00,96.2
2025-06-12 17:10:00,49.40323484760014
2025-06-12 23:05:00,99.5
2025-06-12 03:28:00,91.3
2025-06-12 06:31:00,64.1
2025-06-12 01:41:00,48.2
2025-06-12 08:46:00,97.5
2025-06-12 14:18:00,22.7
2025-06-12 02:59:00,36.6
2025-06-12 13:50:00,95.5
2025-06-12 16:38:00,28.8
2025-06-12 04:26:00,15.9
2025-06-12 19:00:00,50.3
2025-06-12 00:05:00,70.3
2025-06-12 00:12:00,73.2
2025-06-12 14:55:00,49.40323484760014
2025-06-12 07:56:00,49.40323484760014
2025-06-12 01:44:00,97.8
2025-06-12 06:54:00,13.6
2025-06-12 21:25:00,45.3
2025-06-12 00:16:00,38.6
2025-06-12 13:04:00,56.1
2025-06-12 15:52:00,66.9
2025-06-12 08:08:00,61.3
2025-06-12 03:26:00,95.0
2025-06-12 20:15:00,53.4
2025-06-12 15:24:00,54.6
2025-06-12 03:50:00,88.2
2025-06-12 10:48:00,93.3
2025-06-12 11:14:00,98.1
2025-06-12 08:59:00,50.7
2025-06-12 09:32:00,44.5
2025-06-12 09:07:00,96.6
2025-06-12 21:24:00,39.4
2025-06-12 14:51:00,49.40323484760014
2025-06-12 04:58:00,34.1
2025-06-12 18:08:00,49.40323484760014
2025-06-12 09:53:00,51.2
2025-06-12 23:17:00,76.0
2025-06-12 19:40:00,85.9
2025-06-12 22:15:00,0.7
2025-06-12 08:33:00,81.3
2025-06-12 22:02:00,31.8
2025-06-12 07:32:00,54.7
2025-06-12 10:46:00,49.40323484760014
2025-06-12 20:04:00,72.6
2025-06-12 19:02:00,49.40323484760014
2025-06-12 03:28:00,49.40323484760014
2025-06-12 09:51:00,73.3
2025-06-12 16:03:00,35.7
2025-06-12 22:27:00,58.3
2025-06-12 08:00:00,33.8
2025-06-12 17:51:00,34.8
2025-06-12 01:09:00,79.5
2025-06-12 09:51:00,59.5
2025-06-12 01:56:00,81.0
2025-06-12 05:47:00,92.6
2025-06-12 01:10:00,55.3
2025-06-12 04:25:00,48.8
2025-06-12 22:03:00,62.9
2025-06-12 06:14:00,82.6
2025-06-12 09:18:00,83.4
2025-06-12 23:20:00,49.40323484760014
2025-06-12 11:39:00,70.0
2025-06-12 03:15:00,83.9
2025-06-12 01:04:00,49.40323484760014
2025-06-12 05:17:00,79.6
2025-06-12 00:05:00,13.2
2025-06-12 12:29:00,17.7
2025-06-12 15:35:00,9.7
2025-06-12 06:04:00,8.6
2025-06-12 10:14:00,13.2
2025-06-12 23:58:00,13.3
2025-06-12 01:46:00,64.4
2025-06-12 01:06:00,7.4
2025-06-12 12:37:00,49.1
2025-06-12 17:12:00,44.5
2025-06-12 14:34:00,75.2
2025-06-12 02:34:00,49.0
2025-06-12 09:18:00,12.7
2025-06-12 03:53:00,11.2
2025-06-12 01:33:00,54.4
2025-06-12 20:15:00,65.8
2025-06-12 22:50:00,59.4
2025-06-12 14:09:00,59.7
2025-06-12 08:15:00,61.3
2025-06-12 13:19:00,92.5
2025-06-12 17:23:00,59.5
2025-06-12 22:14:00,19.5
2025-06-12 17:32:00,43.0
2025-06-12 22:28:00,95.8
2025-06-12 14:06:00,49.40323484760014
2025-06-12 19:23:00,49.40323484760014
2025-06-12 08:17:00,42.4
2025-06-12 05:10:00,27.3
2025-06-12 05:50:00,31.3
2025-06-12 06:05:00,17.3
2025-06-12 00:29:00,68.1
2025-06-12 23:45:00,90.9
2025-06-12 19:05:00,3.3
2025-06-12 06:39:00,49.40323484760014
2025-06-12 10:32:00,59.9
2025-06-12 01:22:00,15.5
2025-06-12 08:50:00,6.3
2025-06-12 13:50:00,28.0
2025-06-12 14:11:00,49.40323484760014
2025-06-12 09:16:00,17.9
2025-06-12 12:01:00,33.5
2025-06-12 08:46:00,43.2
2025-06-12 19:21:00,33.7
2025-06-12 20:39:00,23.1
2025-06-12 03:37:00,23.6
2025-06-12 19:31:00,78.2
2025-06-12 17:47:00,49.40323484760014
2025-06-12 03:45:00,12.6
2025-06-12 22:10:00,16.0
2025-06-12 10:36:00,15.5
2025-06-12 09:23:00,6.3
2025-06-12 22:21:00,49.40323484760014
2025-06-12 15:39:00,20.2
2025-06-12 20:41:00,66.3
2025-06-12 04:35:00,70.5
2025-06-12 03:09:00,94.3
2025-06-12 03:26:00,91.2
2025-06-12 21:42:00,22.5
2025-06-12 21:33:00,52.7
2025-06-12 13:56:00,50.3
2025-06-12 08:55:00,4.5
2025-06-12 23:07:00,49.40323484760014
2025-06-12 00:54:00,11.2
2025-06-12 01:22:00,62.8
2025-06-12 04:52:00,87.5
2025-06-12 06:22:00,68.8
2025-06-12 15:19:00,55.4
2025-06-12 13:28:00,76.8
2025-06-12 04:17:00,47.9
2025-06-12 03:29:00,49.40323484760014
2025-06-12 09:45:00,48.6
2025-06-12 11:57:00,54.9
2025-06-12 21:46:00,14.3
2025-06-12 12:14:00,70.2
2025-06-12 10:00:00,47.7
2025-06-12 15:04:00,69.8
2025-06-12 13:18:00,38.1
2025-06-12 11:43:00,64.4
2025-06-12 09:08:00,42.3
2025-06-12 13:44:00,82.1
2025-06-12 06:50:00,86.1
2025-06-12 06:18:00,31.2
2025-06-12 21:19:00,31.6
2025-06-12 21:56:00,31.1
2025-06-12 02:32:00,39.8
2025-06-12 23:52:00,41.5
2025-06-12 14:16:00,18.1
2025-06-12 14:11:00,80.6
2025-06-12 01:24:00,69.1
2025-06-12 11:45:00,49.40323484760014
2025-06-12 01:05:00,76.2
2025-06-12 21:05:00,30.9
2025-06-12 04:16:00,53.3
2025-06-12 22:39:00,49.40323484760014
2025-06-12 11:12:00,64.2
2025-06-12 20:22:00,49.40323484760014
2025-06-12 19:41:00,1.3
2025-06-12 21:13:00,49.40323484760014
2025-06-12 12:02:00,49.40323484760014
2025-06-12 11:17:00,49.40323484760014
2025-06-12 10:28:00,14.1
2025-06-12 09:05:00,84.6
2025-06-12 14:24:00,16.0
2025-06-12 16:12:00,86.2
2025-06-12 20:14:00,6.0
2025-06-12 08:49:00,49.40323484760014
2025-06-12 06:56:00,35.8
2025-06-12 04:59:00,58.1
2025-06-12 20:23:00,49.40323484760014
2025-06-12 18:09:00,93.5
2025-06-12 15:30:00,3.9
2025-06-12 08:13:00,92.9
2025-06-12 09:44:00,94.0
2025-06-12 02:39:00,22.5
2025-06-12 21:18:00,77.2
2025-06-12 19:36:00,88.5
2025-06-12 17:38:00,73.8
2025-06-12 20:17:00,53.3
2025-06-12 05:11:00,47.1
2025-06-12 09:29:00,84.4
2025-06-12 12:05:00,49.40323484760014
2025-06-12 23:40:00,93.2
2025-06-12 09:32:00,19.0
2025-06-12 13:10:00,5.3
2025-06-12 22:14:00,41.1
2025-06-12 23:03:00,91.7
2025-06-12 13:15:00,7.4
2025-06-12 05:57:00,35.4
2025-06-12 06:25:00,77.5
2025-06-12 14:17:00,5.2
2025-06-12 00:50:00,69.6
2025-06-12 15:45:00,62.8
2025-06-12 23:42:00,70.5
2025-06-12 16:08:00,77.5
2025-06-12 11:18:00,24.9
2025-06-12 04:13:00,66.7
2025-06-12 01:47:00,49.8
2025-06-12 19:23:00,63.0
2025-06-12 23:22:00,49.40323484760014
2025-06-12 20:42:00,64.3
2025-06-12 16:08:00,8.3
2025-06-12 05:01:00,97.3
2025-06-12 10:25:00,51.7
2025-06-12 21:47:00,35.0
2025-06-12 03:28:00,48.6
2025-06-12 01:31:00,54.6
2025-06-12 15:16:00,21.1
2025-06-12 13:35:00,14.3
2025-06-12 13:51:00,33.7
2025-06-12 21:06:00,74.3
2025-06-12 00:40:00,86.7
2025-06-12 04:40:00,49.40323484760014
2025-06-12 03:42:00,27.7
2025-06-12 00:30:00,74.8
2025-06-12 18:41:00,83.4
2025-06-12 18:49:00,49.40323484760014
2025-06-12 15:13:00,65.8
2025-06-12 01:35:00,13.7
2025-06-12 07:48:00,49.40323484760014
2025-06-12 17:17:00,54.6
2025-06-12 11:35:00,66.1
2025-06-12 16:25:00,2.6
2025-06-12 22:34:00,86.4
2025-06-12 16:27:00,41.7
2025-06-12 14:55:00,1.3
2025-06-12 14:45:00,50.7
2025-06-12 19:55:00,29.5
2025-06-12 05:19:00,49.40323484760014
2025-06-12 13:47:00,50.4
2025-06-12 03:22:00,7.2
2025-06-12 07:06:00,57.4
2025-06-12 00:18:00,41.8
2025-06-12 17:26:00,58.0
2025-06-12 16:09:00,2.0
2025-06-12 12:27:00,18.8
2025-06-12 06:38:00,49.40323484760014
2025-06-12 07:42:00,21.4
2025-06-12 21:32:00,8.1
2025-06-12 05:42:00,50.6
2025-06-12 08:01:00,52.4
2025-06-12 11:58:00,20.1
2025-06-12 07:43:00,70.1
2025-06-12 16:24:00,48.0
2025-06-12 00:07:00,89.6
2025-06-12 04:17:00,80.6
2025-06-12 04:34:00,75.6
2025-06-12 00:44:00,38.6
2025-06-12 04:15:00,49.40323484760014
2025-06-12 02:09:00,24.7
2025-06-12 01:56:00,13.4
2025-06-12 17:53:00,22.6
2025-06-12 06:18:00,75.1
2025-06-12 12:18:00,51.7
2025-06-12 07:07:00,88.4
2025-06-12 11:55:00,63.8
2025-06-12 23:37:00,9.3
2025-06-12 16:24:00,95.9
2025-06-12 00:30:00,29.0
2025-06-12 23:54:00,39.8
2025-06-12 09:48:00,12.6
2025-06-12 12:18:00,26.3
2025-06-12 05:36:00,91.5
2025-06-12 17:20:00,50.400661703887515
2025-06-12 09:05:00,76.8
2025-06-12 19:03:00,50.400661703887515
2025-06-12 03:13:00,91.9
2025-06-12 08:50:00,56.0
2025-06-12 06:42:00,76.4
2025-06-12 08:22:00,56.1
2025-06-12 03:27:00,73.0
2025-06-12 04:52:00,27.4
2025-06-12 15:56:00,4.1
2025-06-12 05:52:00,75.6
2025-06-12 18:20:00,39.5
2025-06-12 02:20:00,8.4
2025-06-12 11:33:00,27.3
2025-06-12 23:02:00,99.2
2025-06-12 02:36:00,76.8
2025-06-12 23:45:00,93.4
2025-06-12 03:44:00,23.5
2025-06-12 16:34:00,8.0
2025-06-12 21:12:00,79.4
2025-06-12 11:07:00,0.5
2025-06-12 17:50:00,10.8
2025-06-12 23:45:00,52.3
2025-06-12 14:28:00,24.5
2025-06-12 00:41:00,50.400661703887515
2025-06-12 01:21:00,97.1
2025-06-12 09:23:00,23.1
2025-06-12 08:54:00,96.5
2025-06-12 06:38:00,50.400661703887515
2025-06-12 20:18:00,59.4
2025-06-12 20:08:00,3.6
2025-06-12 02:58:00,76.4
2025-06-12 05:22:00,12.0
2025-06-12 07:47:00,50.400661703887515
2025-06-12 22:57:00,71.6
2025-06-12 15:54:00,63.2
2025-06-12 10:10:00,27.2
2025-06-12 18:59:00,95.9
2025-06-12 21:17:00,22.5
2025-06-12 01:36:00,95.2
2025-06-12 19:27:00,39.4
2025-06-12 22:40:00,50.400661703887515
2025-06-12 03:13:00,40.5
2025-06-12 14:56:00,50.400661703887515
2025-06-12 11:10:00,97.9
2025-06-12 09:25:00,74.9
2025-06-12 21:19:00,16.8
2025-06-12 09:13:00,76.3
2025-06-12 22:25:00,91.4
2025-06-12 11:45:00,59.6
2025-06-12 05:19:00,92.2
2025-06-12 22:48:00,20.6
2025-06-12 03:58:00,26.2
2025-06-12 09:12:00,37.0
2025-06-12 06:23:00,88.0
2025-06-12 06:18:00,17.5
2025-06-12 01:20:00,61.6
2025-06-12 22:03:00,75.5
2025-06-12 13:15:00,47.1
2025-06-12 05:00:00,50.400661703887515
2025-06-12 03:22:00,53.9
2025-06-12 16:25:00,14.0
2025-06-12 13:11:00,75.9
2025-06-12 06:37:00,33.1
2025-06-12 13:03:00,50.400661703887515
2025-06-12 07:58:00,88.4
2025-06-12 09:06:00,50.400661703887515
2025-06-12 10:46:00,50.1
2025-06-12 12:17:00,50.400661703887515
2025-06-12 13:46:00,39.7
2025-06-12 14:55:00,66.4
2025-06-12 07:51:00,13.4
2025-06-12 11:25:00,28.9
2025-06-12 13:28:00,17.5
2025-06-12 22:07:00,50.400661703887515
2025-06-12 05:21:00,99.5
2025-06-12 04:39:00,52.2
2025-06-12 08:25:00,20.2
2025-06-12 11:43:00,50.400661703887515
2025-06-12 17:13:00,50.400661703887515
2025-06-12 10:37:00,48.0
2025-06-12 03:25:00,50.8
2025-06-12 13:23:00,70.9
2025-06-12 18:41:00,86.6
2025-06-12 17:01:00,37.4
2025-06-12 22:47:00,80.5
2025-06-12 05:54:00,65.3
2025-06-12 23:31:00,58.3
2025-06-12 11:58:00,18.2
2025-06-12 01:37:00,55.9
2025-06-12 07:46:00,46.0
2025-06-12 08:54:00,50.400661703887515
2025-06-12 20:41:00,97.9
2025-06-12 20:09:00,21.1
2025-06-12 12:21:00,21.9
2025-06-12 10:47:00,50.400661703887515
2025-06-12 05:31:00,36.7
2025-06-12 18:36:00,67.6
2025-06-12 04:51:00,91.7
2025-06-12 03:15:00,25.2
2025-06-12 13:29:00,44.2
2025-06-12 08:13:00,33.0
2025-06-12 12:01:00,33.0
2025-06-12 20:01:00,50.400661703887515
2025-06-12 15:48:00,43.2
2025-06-12 22:49:00,19.4
2025-06-12 23:00:00,81.4
2025-06-12 14:12:00,20.5
2025-06-12 03:37:00,16.6
2025-06-12 19:03:00,77.2
2025-06-12 23:02:00,50.400661703887515
2025-06-12 22:00:00,10.7
2025-06-12 02:12:00,54.0
2025-06-12 13:28:00,63.7
2025-06-12 07:21:00,24.6
2025-06-12 14:53:00,76.0
2025-06-12 06:23:00,12.1
2025-06-12 11:53:00,74.9
2025-06-12 01:12:00,86.5
2025-06-12 17:12:00,97.5
2025-06-12 10:46:00,49.2
2025-06-12 01:09:00,30.6
2025-06-12 04:14:00,50.400661703887515
2025-06-12 07:18:00,20.1
2025-06-12 15:48:00,67.4
2025-06-12 21:39:00,43.7
2025-06-12 13:23:00,86.0
2025-06-12 06:29:00,59.8
2025-06-12 05:59:00,6.1
2025-06-12 09:27:00,10.0
2025-06-12 14:51:00,11.7
2025-06-12 13:08:00,50.400661703887515
2025-06-12 07:59:00,84.0
2025-06-12 11:09:00,67.5
2025-06-12 02:18:00,83.6
2025-06-12 22:38:00,41.6
2025-06-12 22:56:00,27.7
2025-06-12 15:17:00,61.9
2025-06-12 01:11:00,99.1
2025-06-12 15:31:00,50.400661703887515
2025-06-12 21:27:00,50.400661703887515
2025-06-12 22:25:00,50.400661703887515
2025-06-12 21:13:00,42.0
2025-06-12 22:00:00,41.5
2025-06-12 03:39:00,34.9
2025-06-12 13:08:00,59.9
2025-06-12 10:52:00,55.0
2025-06-12 22:10:00,52.3
2025-06-12 03:10:00,50.400661703887515
2025-06-12 04:45:00,16.1
2025-06-12 09:40:00,14.7
2025-06-12 18:47:00,18.7
2025-06-12 21:11:00,11.0
2025-06-12 10:17:00,13.6
2025-06-12 13:25:00,26.3
2025-06-12 09:01:00,47.3
2025-06-12 21:19:00,53.6
2025-06-12 15:30:00,22.3
2025-06-12 07:43:00,47.9
2025-06-12 03:24:00,0.6
2025-06-12 11:06:00,65.3
2025-06-12 00:58:00,50.400661703887515
2025-06-12 05:49:00,27.9
2025-06-12 19:12:00,37.1
2025-06-12 05:41:00,52.2
2025-06-12 06:12:00,40.1
2025-06-12 21:38:00,64.3
2025-06-12 18:22:00,96.4
2025-06-12 10:22:00,68.3
2025-06-12 21:42:00,3.0
2025-06-12 04:54:00,31.7
2025-06-12 04:58:00,56.7
2025-06-12 05:16:00,59.2
2025-06-12 08:26:00,10.6
2025-06-12 13:33:00,74.7
2025-06-12 19:05:00,50.400661703887515
2025-06-12 11:58:00,34.7
2025-06-12 18:56:00,74.4
2025-06-12 10:52:00,67.7
2025-06-12 10:46:00,8.4
2025-06-12 12:06:00,85.8
2025-06-12 14:54:00,15.2
2025-06-12 14:00:00,34.0
2025-06-12 14:45:00,34.7
2025-06-12 07:14:00,15.5
2025-06-12 10:22:00,50.400661703887515
2025-06-12 00:13:00,17.0
2025-06-12 04:24:00,51.0
2025-06-12 00:14:00,82.5
2025-06-12 16:34:00,78.8
2025-06-12 23:25:00,40.7
2025-06-12 15:48:00,80.9
2025-06-12 11:06:00,22.6
2025-06-12 16:18:00,18.8
2025-06-12 09:29:00,88.8
2025-06-12 08:18:00,50.400661703887515
2025-06-12 00:01:00,54.0
2025-06-12 20:15:00,77.4
2025-06-12 23:54:00,15.3
2025-06-12 08:12:00,19.7
2025-06-12 06:28:00,83.1
2025-06-12 21:20:00,56.8
2025-06-12 18:06:00,31.1
2025-06-12 14:31:00,82.7
2025-06-12 02:50:00,27.6
2025-06-12 07:13:00,30.2
2025-06-12 17:13:00,18.5
2025-06-12 04:24:00,50.400661703887515
2025-06-12 09:56:00,91.7
2025-06-12 04:26:00,68.3
2025-06-12 10:54:00,51.9
2025-06-12 13:40:00,7.3
2025-06-12 17:02:00,66.1
2025-06-12 00:58:00,90.0
2025-06-12 15:19:00,50.400661703887515
2025-06-12 11:13:00,70.2
2025-06-12 04:47:00,93.1
2025-06-12 02:19:00,55.5
2025-06-12 01:41:00,50.400661703887515
2025-06-12 03:42:00,46.0
2025-06-12 00:19:00,53.9
2025-06-12 18:04:00,50.400661703887515
2025-06-12 16:29:00,61.7
2025-06-12 00:48:00,50.400661703887515
2025-06-12 13:21:00,90.9
2025-06-12 21:46:00,94.6
2025-06-12 19:52:00,50.400661703887515
2025-06-12 15:20:00,17.5
2025-06-12 15:13:00,48.4
2025-06-12 20:00:00,12.2
2025-06-12 16:03:00,50.400661703887515
2025-06-12 11:52:00,9.6
2025-06-12 16:22:00,20.1
2025-06-12 07:03:00,93.6
2025-06-12 14:37:00,68.9
2025-06-12 00:49:00,1.4
2025-06-12 21:21:00,36.8
2025-06-12 13:19:00,27.6
2025-06-12 06:38:00,51.0
2025-06-12 03:33:00,99.0
2025-06-12 08:27:00,55.9
2025-06-12 23:53:00,12.4
2025-06-12 20:48:00,70.3
2025-06-12 18:05:00,78.0
2025-06-12 03:41:00,41.2
2025-06-12 12:50:00,46.6
2025-06-12 07:51:00,75.8
2025-06-12 08:07:00,32.7
2025-06-12 20:14:00,50.400661703887515
2025-06-12 00:04:00,50.400661703887515
2025-06-12 02:01:00,50.400661703887515
2025-06-12 20:00:00,30.7
2025-06-12 02:23:00,19.7
2025-06-12 19:10:00,74.6
2025-06-12 09:44:00,50.400661703887515
2025-06-12 03:09:00,46.8
2025-06-12 03:02:00,36.2
2025-06-12 19:15:00,81.1
2025-06-12 16:55:00,63.0
2025-06-12 22:28:00,23.0
2025-06-12 12:58:00,50.400661703887515
2025-06-12 01:01:00,50.400661703887515
2025-06-12 18:02:00,82.9
2025-06-12 16:08:00,50.400661703887515
2025-06-12 09:53:00,2.1
2025-06-12 13:07:00,50.400661703887515
2025-06-12 10:41:00,68.7
2025-06-12 12:21:00,29.8
2025-06-12 23:53:00,40.3
2025-06-12 04:56:00,45.8
2025-06-12 15:38:00,50.400661703887515
2025-06-12 12:46:00,46.2
2025-06-12 06:32:00,82.7
2025-06-12 08:57:00,0.0
2025-06-12 12:01:00,51.6
2025-06-12 18:50:00,56.9
2025-06-12 22:17:00,4.5
2025-06-12 06:06:00,89.5
2025-06-12 03:08:00,94.5
2025-06-12 00:24:00,64.5
2025-06-12 05:15:00,85.3
2025-06-12 04:42:00,33.1
2025-06-12 07:39:00,77.2
2025-06-12 10:04:00,71.5
2025-06-12 15:28:00,29.3
2025-06-12 18:33:00,21.9
2025-06-12 01:20:00,81.0
2025-06-12 01:42:00,10.1
2025-06-12 16:57:00,59.9
2025-06-12 05:58:00,40.9
2025-06-12 06:31:00,50.400661703887515
2025-06-12 18:28:00,9.2
2025-06-12 19:14:00,20.0
2025-06-12 19:25:00,39.3
2025-06-12 10:12:00,2.6
2025-06-12 01:37:00,92.1
2025-06-12 07:15:00,10.7
2025-06-12 16:46:00,82.9
2025-06-12 07:38:00,15.5
2025-06-12 04:50:00,52.2
2025-06-12 09:39:00,15.9
2025-06-12 11:00:00,52.4
2025-06-12 21:10:00,14.1
2025-06-12 13:44:00,50.400661703887515
2025-06-12 20:18:00,89.8
2025-06-12 21:40:00,73.9
2025-06-12 07:59:00,24.0
2025-06-12 02:04:00,50.400661703887515
2025-06-12 11:18:00,63.0
2025-06-12 18:22:00,99.2
2025-06-12 17:34:00,3.3
2025-06-12 18:30:00,37.7
2025-06-12 09:06:00,63.3
2025-06-12 01:07:00,73.4
2025-06-12 11:43:00,23.3
2025-06-12 15:13:00,73.9
2025-06-12 01:30:00,3.1
2025-06-12 22:45:00,33.5
2025-06-12 08:53:00,19.6
2025-06-12 02:27:00,50.400661703887515
2025-06-12 06:57:00,97.7
2025-06-12 22:26:00,56.2
2025-06-12 18:02:00,32.2
2025-06-12 07:39:00,29.4
2025-06-12 04:31:00,84.9
2025-06-12 06:08:00,24.2
2025-06-12 09:04:00,62.9
2025-06-12 22:27:00,11.3
2025-06-12 10:56:00,50.400661703887515
2025-06-12 08:22:00,64.4
2025-06-12 11:55:00,93.4
2025-06-12 12:59:00,41.5
2025-06-12 03:32:00,49.84418741885991
2025-06-12 06:54:00,1.0
2025-06-12 15:39:00,19.0
2025-06-12 04:16:00,48.9
2025-06-12 15:19:00,1.4
2025-06-12 06:33:00,82.2
2025-06-12 20:45:00,49.84418741885991
2025-06-12 01:48:00,94.1
2025-06-12 17:55:00,14.5
2025-06-12 02:31:00,46.1
2025-06-12 08:05:00,13.5
2025-06-12 00:33:00,27.4
2025-06-12 10:57:00,84.1
2025-06-12 20:59:00,49.84418741885991
2025-06-12 14:46:00,82.9
2025-06-12 03:47:00,7.4
2025-06-12 03:08:00,49.84418741885991
2025-06-12 22:50:00,49.84418741885991
2025-06-12 06:14:00,6.9
2025-06-12 22:44:00,83.4
2025-06-12 06:59:00,91.0
2025-06-12 15:10:00,2.4
2025-06-12 21:39:00,30.6
2025-06-12 19:08:00,90.7
2025-06-12 07:55:00,32.3
2025-06-12 22:48:00,54.6
2025-06-12 19:39:00,74.8
2025-06-12 01:13:00,49.84418741885991
2025-06-12 20:14:00,49.84418741885991
2025-06-12 03:10:00,62.3
2025-06-12 17:36:00,49.84418741885991
2025-06-12 23:21:00,76.9
2025-06-12 19:44:00,37.9
2025-06-12 03:51:00,80.0
2025-06-12 17:44:00,2.4
2025-06-12 07:11:00,32.9
2025-06-12 08:02:00,66.9
2025-06-12 08:58:00,95.1
2025-06-12 05:56:00,22.9
2025-06-12 20:56:00,73.8
2025-06-12 06:58:00,98.8
2025-06-12 06:11:00,50.0
2025-06-12 16:04:00,68.6
2025-06-12 13:59:00,92.1
2025-06-12 00:50:00,64.8
2025-06-12 09:54:00,74.0
2025-06-12 21:31:00,23.3
2025-06-12 13:15:00,1.6
2025-06-12 20:31:00,43.9
2025-06-12 10:46:00,65.4
2025-06-12 08:36:00,28.0
2025-06-12 14:24:00,23.0
2025-06-12 14:31:00,86.0
2025-06-12 22:11:00,26.0
2025-06-12 16:41:00,49.84418741885991
2025-06-12 01:08:00,34.5
2025-06-12 17:38:00,55.7
2025-06-12 11:46:00,72.5
2025-06-12 13:49:00,39.9
2025-06-12 06:25:00,62.0
2025-06-12 23:46:00,23.3
2025-06-12 09:46:00,86.5
2025-06-12 05:24:00,9.5
2025-06-12 20:59:00,83.9
2025-06-12 10:46:00,74.0
2025-06-12 22:16:00,66.6
2025-06-12 17:53:00,0.5
2025-06-12 19:59:00,57.6
2025-06-12 11:33:00,4.4
2025-06-12 08:26:00,27.9
2025-06-12 11:42:00,32.9
2025-06-12 07:17:00,14.2
2025-06-12 19:04:00,53.6
2025-06-12 13:02:00,41.2
2025-06-12 05:52:00,71.6
2025-06-12 03:02:00,81.8
2025-06-12 20:18:00,92.8
2025-06-12 06:58:00,26.3
2025-06-12 04:29:00,93.1
2025-06-12 14:14:00,49.84418741885991
2025-06-12 01:32:00,49.84418741885991
2025-06-12 19:02:00,49.84418741885991
2025-06-12 23:24:00,9.9
2025-06-12 19:27:00,46.0
2025-06-12 20:53:00,50.2
2025-06-12 15:37:00,49.84418741885991
2025-06-12 09:42:00,96.0
2025-06-12 23:34:00,37.3
2025-06-12 02:01:00,88.6
2025-06-12 22:00:00,46.0
2025-06-12 05:40:00,49.84418741885991
2025-06-12 11:46:00,73.2
2025-06-12 00:10:00,9.0
2025-06-12 06:08:00,49.84418741885991
2025-06-12 18:32:00,92.7
2025-06-12 09:08:00,91.8
2025-06-12 07:46:00,11.4
2025-06-12 08:07:00,57.5
2025-06-12 11:08:00,64.9
2025-06-12 05:08:00,47.0
2025-06-12 04:32:00,49.84418741885991
2025-06-12 07:28:00,94.4
2025-06-12 09:59:00,64.3
2025-06-12 12:27:00,54.0
2025-06-12 16:40:00,49.84418741885991
2025-06-12 02:52:00,32.3
2025-06-12 12:34:00,19.1
2025-06-12 07:27:00,56.9
2025-06-12 11:21:00,47.0
2025-06-12 14:39:00,49.84418741885991
2025-06-12 06:17:00,26.3
2025-06-12 00:46:00,4.4
2025-06-12 06:36:00,98.7
2025-06-12 21:57:00,44.3
2025-06-12 16:29:00,3.2
2025-06-12 00:33:00,84.6
2025-06-12 20:52:00,14.1
2025-06-12 14:11:00,88.2
2025-06-12 07:34:00,68.7
2025-06-12 05:21:00,73.6
2025-06-12 13:55:00,49.84418741885991
2025-06-12 09:18:00,5.8
2025-06-12 01:04:00,30.4
2025-06-12 01:11:00,82.3
2025-06-12 15:18:00,49.84418741885991
2025-06-12 02:54:00,43.5
2025-06-12 11:06:00,9.9
2025-06-12 03:22:00,0.0
2025-06-12 09:18:00,25.9
2025-06-12 14:25:00,95.4
2025-06-12 03:27:00,93.8
2025-06-12 03:39:00,49.84418741885991
2025-06-12 00:11:00,43.6
2025-06-12 20:44:00,68.2
2025-06-12 12:36:00,28.6
2025-06-12 09:17:00,16.5
2025-06-12 06:31:00,13.1
2025-06-12 11:19:00,40.1
2025-06-12 16:02:00,78.8
2025-06-12 09:38:00,11.0
2025-06-12 13:17:00,40.0
2025-06-12 02:26:00,28.9
2025-06-12 01:41:00,92.8
2025-06-12 13:22:00,94.4
2025-06-12 10:12:00,40.8
2025-06-12 09:57:00,78.8
2025-06-12 02:57:00,56.2
2025-06-12 17:44:00,92.6
2025-06-12 11:56:00,0.3
2025-06-12 22:10:00,76.5
2025-06-12 13:30:00,49.2
2025-06-12 06:16:00,31.9
2025-06-12 17:58:00,26.3
2025-06-12 16:36:00,66.6
2025-06-12 19:01:00,64.2
2025-06-12 14:59:00,49.84418741885991
2025-06-12 03:33:00,95.4
2025-06-12 21:29:00,95.4
2025-06-12 06:29:00,82.0
2025-06-12 06:45:00,47.9
2025-06-12 11:27:00,52.6
2025-06-12 19:39:00,49.84418741885991
2025-06-12 23:34:00,65.5
2025-06-12 07:00:00,49.84418741885991
2025-06-12 23:57:00,24.4
2025-06-12 12:05:00,49.84418741885991
2025-06-12 11:57:00,85.7
2025-06-12 21:23:00,19.5
2025-06-12 07:06:00,33.5
2025-06-12 19:32:00,68.1
2025-06-12 01:57:00,47.3
2025-06-12 08:07:00,52.7
2025-06-12 13:01:00,63.9
2025-06-12 01:10:00,7.6
2025-06-12 00:32:00,94.8
2025-06-12 17:40:00,99.8
2025-06-12 13:46:00,57.5
2025-06-12 03:11:00,76.7
2025-06-12 03:51:00,61.8
2025-06-12 11:41:00,60.4
2025-06-12 15:09:00,88.1
2025-06-12 07:41:00,10.5
2025-06-12 08:49:00,34.0
2025-06-12 05:40:00,35.0
2025-06-12 15:44:00,96.2
2025-06-12 06:25:00,49.84418741885991
2025-06-12 06:14:00,39.3
2025-06-12 17:17:00,44.4
2025-06-12 19:06:00,20.2
2025-06-12 05:38:00,67.4
2025-06-12 17:52:00,49.84418741885991
2025-06-12 10:33:00,76.8
2025-06-12 16:35:00,71.7
2025-06-12 01:45:00,51.9
2025-06-12 23:26:00,20.3
2025-06-12 17:17:00,85.4
2025-06-12 16:03:00,17.8
2025-06-12 10:44:00,33.9
2025-06-12 14:14:00,33.5
2025-06-12 18:57:00,49.84418741885991
2025-06-12 01:31:00,67.6
2025-06-12 18:38:00,55.4
2025-06-12 22:33:00,49.84418741885991
2025-06-12 02:50:00,54.3
2025-06-12 16:33:00,49.84418741885991
2025-06-12 13:55:00,31.3
2025-06-12 05:52:00,49.84418741885991
2025-06-12 16:32:00,0.6
2025-06-12 23:20:00,10.7
2025-06-12 19:21:00,7.6
2025-06-12 08:41:00,8.0
2025-06-12 19:06:00,49.84418741885991
2025-06-12 13:36:00,66.3
2025-06-12 22:12:00,65.9
2025-06-12 18:15:00,81.5
2025-06-12 08:36:00,33.1
2025-06-12 15:15:00,49.84418741885991
2025-06-12 11:02:00,77.8
2025-06-12 23:00:00,52.7
2025-06-12 08:38:00,92.9
2025-06-12 20:07:00,58.5
2025-06-12 03:23:00,22.4
2025-06-12 15:24:00,75.4
2025-06-12 14:31:00,98.0
2025-06-12 05:57:00,60.1
2025-06-12 13:37:00,51.1
2025-06-12 19:13:00,25.4
2025-06-12 18:29:00,13.2
2025-06-12 13:24:00,90.8
2025-06-12 02:13:00,49.84418741885991
2025-06-12 15:57:00,99.8
2025-06-12 16:00:00,49.84418741885991
2025-06-12 22:51:00,72.4
2025-06-12 21:22:00,52.2
2025-06-12 07:15:00,63.7
2025-06-12 14:49:00,37.7
2025-06-12 12:22:00,67.9
2025-06-12 22:54:00,13.1
2025-06-12 10:29:00,2.1
2025-06-12 00:45:00,49.84418741885991
2025-06-12 11:55:00,12.3
2025-06-12 23:47:00,49.84418741885991
2025-06-12 18:06:00,73.9
2025-06-12 14:03:00,75.9
2025-06-12 10:58:00,25.6
2025-06-12 06:27:00,46.3
2025-06-12 02:54:00,3.7
2025-06-12 23:35:00,62.1
2025-06-12 06:31:00,47.2
2025-06-12 12:18:00,35.9
2025-06-12 15:49:00,53.4
2025-06-12 21:10:00,60.7
2025-06-12 19:47:00,49.84418741885991
2025-06-12 21:22:00,45.7
2025-06-12 06:26:00,49.84418741885991
2025-06-12 22:34:00,77.2
2025-06-12 05:54:00,66.4
2025-06-12 01:21:00,96.9
2025-06-12 22:26:00,75.4
2025-06-12 20:33:00,30.9
2025-06-12 17:25:00,68.4
2025-06-12 22:45:00,35.6
2025-06-12 02:43:00,38.7
2025-06-12 09:34:00,63.2
2025-06-12 13:12:00,95.1
2025-06-12 20:11:00,29.1
2025-06-12 01:57:00,28.7
2025-06-12 16:16:00,13.8
2025-06-12 06:34:00,37.1
2025-06-12 22:07:00,13.2
2025-06-12 05:32:00,2.0
2025-06-12 12:29:00,32.3
2025-06-12 05:27:00,96.3
2025-06-12 00:34:00,49.84418741885991
2025-06-12 06:41:00,35.1
2025-06-12 19:43:00,20.5
2025-06-12 08:19:00,42.3
2025-06-12 23:08:00,7.3
2025-06-12 04:23:00,29.6
2025-06-12 02:33:00,26.4
2025-06-12 16:34:00,49.84418741885991
2025-06-12 17:50:00,74.6
2025-06-12 21:13:00,52.6
2025-06-12 05:43:00,86.7
2025-06-12 17:31:00,7.8
2025-06-12 09:31:00,10.7
2025-06-12 06:27:00,26.8
2025-06-12 14:14:00,24.4
2025-06-12 00:56:00,55.0
2025-06-12 00:08:00,3.9
2025-06-12 19:00:00,22.9
2025-06-12 18:18:00,49.84418741885991
2025-06-12 16:22:00,35.7
2025-06-12 18:23:00,44.4
2025-06-12 18:27:00,55.2
2025-06-12 16:04:00,96.3
2025-06-12 03:26:00,28.1
2025-06-12 02:53:00,52.9
2025-06-12 09:05:00,54.6
2025-06-12 22:56:00,77.2
2025-06-12 14:04:00,34.0
2025-06-12 14:56:00,96.6
2025-06-12 01:06:00,14.2
2025-06-12 16:16:00,11.3
2025-06-12 10:46:00,65.0
2025-06-12 01:37:00,32.3
2025-06-12 05:07:00,98.1
2025-06-12 02:39:00,38.9
2025-06-12 06:20:00,57.9
2025-06-12 10:50:00,49.84418741885991
2025-06-12 12:31:00,59.9
2025-06-12 01:32:00,43.5
2025-06-12 14:33:00,14.0
2025-06-12 01:14:00,29.3
2025-06-12 18:20:00,94.7
2025-06-12 07:43:00,94.0
2025-06-12 06:28:00,53.7
2025-06-12 05:54:00,89.9
2025-06-12 15:51:00,32.7
2025-06-12 09:51:00,14.0
2025-06-12 07:58:00,64.1
2025-06-12 04:16:00,58.4
2025-06-12 18:59:00,0.6
2025-06-12 18:18:00,58.4
2025-06-12 14:50:00,67.8
2025-06-12 20:01:00,58.5
2025-06-12 06:13:00,3.0
2025-06-12 12:59:00,46.2
2025-06-12 08:01:00,75.6
2025-06-12 21:10:00,18.7
2025-06-12 11:48:00,5.0
2025-06-12 04:37:00,40.1
2025-06-12 13:25:00,59.7
2025-06-12 04:10:00,6.5
2025-06-12 19:06:00,28.0
2025-06-12 04:31:00,61.4
2025-06-12 02:17:00,50.31892714921527
2025-06-12 08:56:00,89.8
2025-06-12 15:39:00,10.0
2025-06-12 04:51:00,54.5
2025-06-12 07:24:00,0.8
2025-06-12 04:19:00,23.2
2025-06-12 01:04:00,65.7
2025-06-12 10:22:00,50.31892714921527
2025-06-12 09:41:00,50.31892714921527
2025-06-12 22:14:00,84.6
2025-06-12 14:31:00,61.6
2025-06-12 22:24:00,4.7
2025-06-12 03:56:00,89.3
2025-06-12 18:14:00,50.31892714921527
2025-06-12 08:30:00,50.31892714921527
2025-06-12 18:00:00,46.8
2025-06-12 13:01:00,94.1
2025-06-12 07:32:00,37.4
2025-06-12 02:46:00,83.4
2025-06-12 06:37:00,64.0
2025-06-12 22:59:00,5.3
2025-06-12 11:49:00,62.1
2025-06-12 17:19:00,50.2
2025-06-12 15:39:00,37.0
2025-06-12 03:56:00,35.2
2025-06-12 10:27:00,32.0
2025-06-12 10:59:00,11.0
2025-06-12 18:32:00,10.0
2025-06-12 06:36:00,66.1
2025-06-12 01:21:00,64.9
2025-06-12 04:43:00,66.1
2025-06-12 16:32:00,62.5
2025-06-12 11:32:00,26.9
2025-06-12 15:36:00,78.6
2025-06-12 05:12:00,19.1
2025-06-12 18:18:00,50.0
2025-06-12 13:31:00,50.31892714921527
2025-06-12 01:30:00,94.9
2025-06-12 08:59:00,26.4
2025-06-12 17:42:00,57.4
2025-06-12 21:13:00,37.8
2025-06-12 08:05:00,60.7
2025-06-12 13:21:00,74.3
2025-06-12 19:03:00,6.7
2025-06-12 03:22:00,83.6
2025-06-12 19:15:00,50.31892714921527
2025-06-12 20:44:00,43.1
2025-06-12 17:28:00,93.3
2025-06-12 11:17:00,44.3
2025-06-12 03:10:00,24.5
2025-06-12 03:11:00,41.2
2025-06-12 01:35:00,50.31892714921527
2025-06-12 14:03:00,88.1
2025-06-12 01:06:00,73.0
2025-06-12 09:29:00,70.9
2025-06-12 00:47:00,17.5
2025-06-12 01:12:00,16.8
2025-06-12 05:16:00,90.7
2025-06-12 02:28:00,35.7
2025-06-12 04:36:00,33.6
2025-06-12 00:41:00,61.0
2025-06-12 21:39:00,61.2
2025-06-12 10:55:00,67.8
2025-06-12 20:22:00,59.2
2025-06-12 00:57:00,21.0
2025-06-12 14:18:00,67.2
2025-06-12 21:11:00,78.6
2025-06-12 23:41:00,51.5
2025-06-12 18:15:00,56.9
2025-06-12 12:45:00,63.1
2025-06-12 14:27:00,46.6
2025-06-12 15:19:00,25.5
2025-06-12 14:03:00,0.5
2025-06-12 08:39:00,73.7
2025-06-12 11:13:00,71.0
2025-06-12 09:45:00,50.31892714921527
2025-06-12 00:26:00,3.1
2025-06-12 03:18:00,4.1
2025-06-12 11:30:00,56.0
2025-06-12 13:29:00,94.7
2025-06-12 05:05:00,61.9
2025-06-12 01:46:00,83.0
2025-06-12 04:42:00,14.1
2025-06-12 08:41:00,50.31892714921527
2025-06-12 21:20:00,32.5
2025-06-12 04:20:00,6.6
2025-06-12 03:21:00,70.6
2025-06-12 18:16:00,91.9
2025-06-12 18:46:00,58.3
2025-06-12 10:09:00,50.31892714921527
2025-06-12 19:43:00,60.1
2025-06-12 14:41:00,85.8
2025-06-12 02:29:00,62.3
2025-06-12 02:07:00,89.1
2025-06-12 11:00:00,74.0
2025-06-12 01:29:00,64.0
2025-06-12 15:28:00,93.9
2025-06-12 02:55:00,5.1
2025-06-12 15:48:00,28.4
2025-06-12 09:39:00,49.9
2025-06-12 22:35:00,15.7
2025-06-12 06:51:00,23.1
2025-06-12 10:12:00,50.31892714921527
2025-06-12 01:47:00,58.2
2025-06-12 01:06:00,20.7
2025-06-12 08:16:00,80.9
2025-06-12 03:23:00,61.9
2025-06-12 08:31:00,38.0
2025-06-12 09:26:00,98.2
2025-06-12 16:15:00,71.4
2025-06-12 12:30:00,95.6
2025-06-12 15:54:00,80.8
2025-06-12 00:24:00,24.3
2025-06-12 20:10:00,84.2
2025-06-12 20:45:00,42.9
2025-06-12 05:33:00,12.9
2025-06-12 00:02:00,50.31892714921527
2025-06-12 10:01:00,96.5
2025-06-12 20:00:00,26.3
2025-06-12 01:07:00,50.31892714921527
2025-06-12 16:05:00,24.7
2025-06-12 05:07:00,55.4
2025-06-12 12:41:00,67.1
2025-06-12 12:20:00,44.7
2025-06-12 19:14:00,4.1
2025-06-12 22:39:00,27.2
2025-06-12 02:23:00,8.7
2025-06-12 10:16:00,49.5
2025-06-12 17:02:00,86.4
2025-06-12 05:37:00,8.6
2025-06-12 03:17:00,15.8
2025-06-12 20:42:00,65.8
2025-06-12 14:40:00,50.31892714921527
2025-06-12 01:05:00,74.3
2025-06-12 00:34:00,99.8
2025-06-12 20:10:00,99.7
2025-06-12 17:02:00,28.3
2025-06-12 13:20:00,92.1
2025-06-12 06:14:00,63.8
2025-06-12 15:26:00,50.31892714921527
2025-06-12 03:16:00,6.4
2025-06-12 11:34:00,50.31892714921527
2025-06-12 03:35:00,39.7
2025-06-12 16:12:00,74.7
2025-06-12 05:51:00,5.4
2025-06-12 19:04:00,36.0
2025-06-12 10:47:00,50.4
2025-06-12 19:27:00,10.3
2025-06-12 11:44:00,50.31892714921527
2025-06-12 17:59:00,50.31892714921527
2025-06-12 08:18:00,51.9
2025-06-12 02:06:00,69.7
2025-06-12 14:29:00,55.4
2025-06-12 03:33:00,74.9
2025-06-12 07:07:00,92.6
2025-06-12 15:05:00,49.8
2025-06-12 18:49:00,80.4
2025-06-12 03:50:00,83.2
2025-06-12 21:03:00,34.8
2025-06-12 09:09:00,37.4
2025-06-12 01:21:00,59.9
2025-06-12 13:29:00,44.2
2025-06-12 08:47:00,8.6
2025-06-12 17:34:00,68.1
2025-06-12 01:22:00,75.9
2025-06-12 18:16:00,44.9
2025-06-12 20:18:00,50.31892714921527
2025-06-12 17:42:00,57.9
2025-06-12 19:29:00,0.9
2025-06-12 04:17:00,87.3
2025-06-12 07:29:00,54.4
2025-06-12 06:39:00,37.0
2025-06-12 04:51:00,56.6
2025-06-12 23:20:00,92.2
2025-06-12 05:40:00,41.4
2025-06-12 04:12:00,49.3
2025-06-12 19:37:00,64.0
2025-06-12 20:42:00,92.0
2025-06-12 10:23:00,91.8
2025-06-12 03:37:00,46.8
2025-06-12 04:56:00,76.6
2025-06-12 09:35:00,50.31892714921527
2025-06-12 17:45:00,72.3
2025-06-12 13:20:00,42.3
2025-06-12 04:43:00,50.31892714921527
2025-06-12 05:43:00,53.7
2025-06-12 14:40:00,32.1
2025-06-12 01:03:00,90.8
2025-06-12 00:55:00,57.8
2025-06-12 11:28:00,74.3
2025-06-12 09:38:00,21.5
2025-06-12 21:42:00,99.7
2025-06-12 13:53:00,59.3
2025-06-12 03:34:00,32.4
2025-06-12 12:16:00,26.1
2025-06-12 11:04:00,50.31892714921527
2025-06-12 06:28:00,53.3
2025-06-12 14:19:00,45.6
2025-06-12 18:23:00,4.9
2025-06-12 04:05:00,68.8
2025-06-12 20:56:00,50.9
2025-06-12 16:37:00,23.0
2025-06-12 17:21:00,7.1
2025-06-12 15:59:00,28.2
2025-06-12 13:37:00,59.5
2025-06-12 00:13:00,86.5
2025-06-12 14:45:00,69.9
2025-06-12 19:57:00,50.31892714921527
2025-06-12 18:27:00,59.4
2025-06-12 08:17:00,68.5
2025-06-12 10:44:00,50.31892714921527
2025-06-12 08:51:00,50.31892714921527
2025-06-12 08:32:00,93.9
2025-06-12 15:35:00,93.8
2025-06-12 06:54:00,50.31892714921527
2025-06-12 06:11:00,56.8
2025-06-12 13:35:00,29.9
2025-06-12 01:07:00,37.3
2025-06-12 21:41:00,97.8
2025-06-12 03:32:00,50.31892714921527
2025-06-12 03:55:00,7.2
2025-06-12 08:27:00,40.0
2025-06-12 18:30:00,8.9
2025-06-12 23:17:00,77.0
2025-06-12 02:22:00,63.8
2025-06-12 21:18:00,24.6
2025-06-12 08:56:00,58.5
2025-06-12 15:19:00,50.31892714921527
2025-06-12 07:06:00,50.31892714921527
2025-06-12 13:17:00,54.1
2025-06-12 13:22:00,85.3
2025-06-12 10:30:00,86.6
2025-06-12 07:55:00,50.31892714921527
2025-06-12 20:53:00,50.31892714921527
2025-06-12 04:22:00,13.3
2025-06-12 00:22:00,71.6
2025-06-12 15:31:00,92.3
2025-06-12 02:22:00,24.3
2025-06-12 17:00:00,67.3
2025-06-12 18:35:00,30.4
2025-06-12 06:10:00,50.31892714921527
2025-06-12 03:08:00,1.9
2025-06-12 04:41:00,70.7
2025-06-12 06:55:00,71.7
2025-06-12 01:59:00,50.31892714921527
2025-06-12 15:38:00,45.2
2025-06-12 10:35:00,50.31892714921527
2025-06-12 14:05:00,41.8
2025-06-12 19:39:00,61.7
2025-06-12 16:54:00,46.7
2025-06-12 11:34:00,67.6
2025-06-12 13:21:00,58.4
2025-06-12 13:00:00,45.5
2025-06-12 21:33:00,91.5
2025-06-12 15:17:00,50.31892714921527
2025-06-12 16:16:00,95.6
2025-06-12 08:27:00,45.2
2025-06-12 18:58:00,62.3
2025-06-12 12:33:00,87.3
2025-06-12 00:46:00,97.3
2025-06-12 06:32:00,61.8
2025-06-12 02:22:00,35.5
2025-06-12 20:38:00,12.6
2025-06-12 01:14:00,36.4
2025-06-12 11:00:00,56.0
2025-06-12 10:04:00,43.2
2025-06-12 08:44:00,4.0
2025-06-12 22:59:00,75.6
2025-06-12 23:13:00,17.4
2025-06-12 11:54:00,31.6
2025-06-12 14:45:00,50.2
2025-06-12 07:10:00,12.6
2025-06-12 19:36:00,63.6
2025-06-12 20:18:00,4.9
2025-06-12 02:53:00,50.31892714921527
2025-06-12 20:11:00,50.31892714921527
2025-06-12 03:14:00,98.3
2025-06-12 08:58:00,12.3
2025-06-12 15:51:00,14.6
2025-06-12 15:19:00,57.5
2025-06-12 05:31:00,40.5
2025-06-12 10:00:00,15.6
2025-06-12 01:53:00,60.9
2025-06-12 07:29:00,30.1
2025-06-12 10:15:00,91.7
2025-06-12 06:37:00,60.6
2025-06-12 00:39:00,98.3
2025-06-12 05:47:00,97.8
2025-06-12 16:13:00,77.0
2025-06-12 04:34:00,29.0
2025-06-12 18:50:00,50.31892714921527
2025-06-12 11:22:00,88.6
2025-06-12 05:16:00,17.5
2025-06-12 04:40:00,24.7
2025-06-12 11:34:00,14.1
2025-06-12 15:32:00,1.8
2025-06-12 16:25:00,41.3
2025-06-12 17:47:00,10.2
2025-06-12 19:29:00,50.31892714921527
2025-06-12 00:52:00,52.2
2025-06-12 14:12:00,30.9
2025-06-12 00:06:00,33.6
2025-06-12 03:48:00,95.7
2025-06-12 11:36:00,64.2
2025-06-12 14:09:00,43.7
2025-06-12 16:54:00,86.2
2025-06-12 22:52:00,68.4
2025-06-12 03:16:00,50.31892714921527
2025-06-12 06:06:00,50.31892714921527
2025-06-12 22:12:00,11.3
2025-06-12 00:25:00,50.31892714921527
2025-06-12 21:57:00,33.0
2025-06-12 14:20:00,41.9
2025-06-12 18:40:00,25.7
2025-06-12 21:54:00,62.9
2025-06-12 14:19:00,87.9
2025-06-12 23:50:00,36.5
2025-06-12 07:36:00,27.5
2025-06-12 17:09:00,9.6
2025-06-12 15:55:00,19.0
2025-06-12 06:30:00,54.9
2025-06-12 02:11:00,55.4
2025-06-12 11:31:00,68.1
2025-06-12 22:08:00,52.4
2025-06-12 23:14:00,98.1
2025-06-12 01:37:00,60.6
2025-06-12 19:49:00,46.6
2025-06-12 03:20:00,45.1
2025-06-12 07:53:00,83.9
2025-06-12 11:22:00,14.4
2025-06-12 22:00:00,51.6
2025-06-12 23:40:00,50.31892714921527
2025-06-12 14:51:00,53.4
2025-06-12 23:15:00,54.2
2025-06-12 13:03:00,50.31892714921527
2025-06-12 11:53:00,91.3
2025-06-12 12:49:00,68.9
2025-06-12 23:20:00,15.0
2025-06-12 19:13:00,7.5
2025-06-12 18:35:00,17.0
2025-06-12 17:30:00,78.4
2025-06-12 22:53:00,50.31892714921527
2025-06-12 16:01:00,76.6
2025-06-12 19:23:00,19.1
2025-06-12 09:39:00,95.3
2025-06-12 16:11:00,6.5
2025-06-12 01:51:00,67.3
2025-06-12 22:50:00,64.2
2025-06-12 03:46:00,69.0
2025-06-12 03:51:00,50.31892714921527
2025-06-12 01:12:00,27.2
2025-06-12 10:21:00,26.8
2025-06-12 01:59:00,50.31892714921527
2025-06-12 01:30:00,24.8
2025-06-12 11:18:00,36.5
2025-06-12 15:08:00,1.1
2025-06-12 23:05:00,50.9
2025-06-12 11:38:00,25.6
2025-06-12 19:16:00,96.0
2025-06-12 19:58:00,99.4
2025-06-12 01:00:00,42.7
2025-06-12 06:33:00,57.1
2025-06-12 14:43:00,97.9
2025-06-12 22:10:00,20.7
2025-06-12 14:38:00,43.7
2025-06-12 09:36:00,88.3
2025-06-12 23:30:00,96.6
2025-06-12 20:07:00,31.1
2025-06-12 20:02:00,8.3
2025-06-12 22:17:00,6.1
2025-06-12 06:43:00,88.8
2025-06-12 17:34:00,30.3
2025-06-12 11:04:00,49.91221338324755
2025-06-12 09:03:00,70.6
2025-06-12 07:51:00,9.1
2025-06-12 07:28:00,23.8
2025-06-12 10:03:00,77.0
2025-06-12 00:04:00,5.4
2025-06-12 14:25:00,42.8
2025-06-12 19:09:00,8.4
2025-06-12 16:40:00,30.0
2025-06-12 16:19:00,34.8
2025-06-12 01:15:00,0.3
2025-06-12 15:42:00,88.4
2025-06-12 02:46:00,5.9
2025-06-12 14:23:00,75.2
2025-06-12 03:40:00,55.7
2025-06-12 22:49:00,57.5
2025-06-12 14:37:00,49.91221338324755
2025-06-12 10:02:00,59.9
2025-06-12 18:33:00,53.7
2025-06-12 08:05:00,47.0
2025-06-12 05:19:00,17.0
2025-06-12 09:06:00,49.91221338324755
2025-06-12 12:44:00,21.3
2025-06-12 01:07:00,33.8
2025-06-12 05:46:00,49.91221338324755
2025-06-12 22:03:00,18.4
2025-06-12 22:01:00,89.7
2025-06-12 14:44:00,47.6
2025-06-12 05:25:00,96.6
2025-06-12 15:43:00,51.1
2025-06-12 06:58:00,63.5
2025-06-12 03:25:00,14.3
2025-06-12 10:26:00,97.7
2025-06-12 07:12:00,39.8
2025-06-12 19:06:00,98.2
2025-06-12 21:04:00,28.6
2025-06-12 18:28:00,4.3
2025-06-12 15:03:00,51.5
2025-06-12 20:47:00,65.4
2025-06-12 17:06:00,31.4
2025-06-12 18:58:00,49.91221338324755
2025-06-12 01:21:00,46.7
2025-06-12 19:12:00,29.9
2025-06-12 06:18:00,90.5
2025-06-12 23:47:00,13.7
2025-06-12 23:20:00,9.4
2025-06-12 01:03:00,49.0
2025-06-12 13:03:00,5.7
2025-06-12 17:07:00,89.0
2025-06-12 04:58:00,97.1
2025-06-12 07:59:00,89.9
2025-06-12 09:00:00,9.9
2025-06-12 20:10:00,49.1
2025-06-12 11:01:00,22.5
2025-06-12 00:42:00,12.0
2025-06-12 22:24:00,18.3
2025-06-12 00:22:00,22.0
2025-06-12 17:44:00,9.8
2025-06-12 09:06:00,59.0
2025-06-12 23:11:00,83.0
2025-06-12 19:03:00,15.6
2025-06-12 05:06:00,15.2
2025-06-12 21:38:00,49.91221338324755
2025-06-12 07:12:00,96.5
2025-06-12 17:37:00,41.5
2025-06-12 04:56:00,3.6
2025-06-12 03:10:00,14.6
2025-06-12 23:35:00,49.91221338324755
2025-06-12 11:34:00,42.5
2025-06-12 06:02:00,49.91221338324755
2025-06-12 07:35:00,87.0
2025-06-12 04:12:00,90.2
2025-06-12 02:32:00,0.2
2025-06-12 14:38:00,83.1
2025-06-12 04:37:00,86.7
2025-06-12 15:05:00,9.3
2025-06-12 10:33:00,6.1
2025-06-12 01:38:00,39.4
2025-06-12 01:55:00,49.91221338324755
2025-06-12 01:01:00,13.4
2025-06-12 10:12:00,49.91221338324755
2025-06-12 08:14:00,99.5
2025-06-12 21:45:00,42.2
2025-06-12 09:42:00,49.91221338324755
2025-06-12 12:48:00,61.5
2025-06-12 12:03:00,62.3
2025-06-12 06:05:00,35.0
2025-06-12 23:13:00,20.5
2025-06-12 15:47:00,16.0
2025-06-12 08:19:00,32.4
2025-06-12 18:07:00,33.3
2025-06-12 15:28:00,49.91221338324755
2025-06-12 03:20:00,11.5
2025-06-12 16:44:00,6.3
2025-06-12 16:48:00,34.8
2025-06-12 17:17:00,89.7
2025-06-12 01:11:00,42.4
2025-06-12 00:58:00,28.2
2025-06-12 12:15:00,6.8
2025-06-12 07:21:00,89.6
2025-06-12 21:06:00,35.9
2025-06-12 04:50:00,49.91221338324755
2025-06-12 05:14:00,23.9
2025-06-12 21:57:00,49.91221338324755
2025-06-12 06:10:00,26.5
2025-06-12 05:27:00,91.6
2025-06-12 18:24:00,61.3
2025-06-12 15:57:00,98.2
2025-06-12 23:04:00,98.3
2025-06-12 10:03:00,60.3
2025-06-12 15:00:00,64.7
2025-06-12 17:59:00,46.3
2025-06-12 00:18:00,62.0
2025-06-12 00:52:00,49.91221338324755
2025-06-12 15:50:00,41.5
2025-06-12 18:09:00,41.6
2025-06-12 07:00:00,80.6
2025-06-12 07:11:00,80.1
2025-06-12 08:15:00,58.3
2025-06-12 10:12:00,93.7
2025-06-12 14:33:00,49.91221338324755
2025-06-12 17:45:00,75.1
2025-06-12 18:04:00,93.9
2025-06-12 08:47:00,74.6
2025-06-12 14:06:00,57.6
2025-06-12 22:19:00,86.7
2025-06-12 17:23:00,41.5
2025-06-12 08:08:00,18.1
2025-06-12 21:32:00,39.8
2025-06-12 11:46:00,92.5
2025-06-12 07:46:00,94.2
2025-06-12 12:12:00,99.7
2025-06-12 10:03:00,36.3
2025-06-12 18:11:00,24.0
2025-06-12 08:58:00,49.91221338324755
2025-06-12 13:15:00,27.0
2025-06-12 19:41:00,78.9
2025-06-12 08:04:00,49.91221338324755
2025-06-12 01:25:00,49.91221338324755
2025-06-12 11:10:00,22.2
2025-06-12 02:08:00,35.9
2025-06-12 07:36:00,23.4
2025-06-12 09:14:00,31.3
2025-06-12 00:25:00,71.6
2025-06-12 16:55:00,47.3
2025-06-12 21:58:00,22.0
2025-06-12 20:12:00,49.91221338324755
2025-06-12 12:26:00,58.5
2025-06-12 17:47:00,78.1
2025-06-12 04:18:00,68.8
2025-06-12 09:55:00,46.2
2025-06-12 22:01:00,49.91221338324755
2025-06-12 02:47:00,20.1
2025-06-12 01:31:00,86.7
2025-06-12 10:57:00,63.0
2025-06-12 04:25:00,64.7
2025-06-12 22:40:00,67.9
2025-06-12 10:07:00,49.91221338324755
2025-06-12 13:44:00,79.9
2025-06-12 18:54:00,49.91221338324755
2025-06-12 08:41:00,49.91221338324755
2025-06-12 21:46:00,0.7
2025-06-12 15:36:00,54.9
2025-06-12 16:07:00,49.91221338324755
2025-06-12 10:43:00,53.5
2025-06-12 12:33:00,5.0
2025-06-12 11:21:00,38.8
2025-06-12 01:07:00,13.7
2025-06-12 15:23:00,16.2
2025-06-12 17:41:00,88.1
2025-06-12 20:11:00,69.5
2025-06-12 23:37:00,28.4
2025-06-12 11:21:00,84.5
2025-06-12 03:15:00,49.91221338324755
2025-06-12 03:20:00,55.5
2025-06-12 15:17:00,24.8
2025-06-12 13:43:00,41.8
2025-06-12 10:33:00,38.9
2025-06-12 15:51:00,16.9
2025-06-12 23:59:00,10.8
2025-06-12 05:52:00,72.8
2025-06-12 09:47:00,44.8
2025-06-12 16:11:00,83.1
2025-06-12 13:21:00,59.1
2025-06-12 11:37:00,25.1
2025-06-12 02:43:00,49.91221338324755
2025-06-12 16:23:00,17.3
2025-06-12 21:08:00,76.6
2025-06-12 15:48:00,94.7
2025-06-12 03:29:00,95.9
2025-06-12 17:05:00,96.7
2025-06-12 11:36:00,82.6
2025-06-12 10:21:00,49.91221338324755
2025-06-12 09:29:00,80.4
2025-06-12 04:16:00,26.1
2025-06-12 05:38:00,83.9
2025-06-12 17:15:00,43.0
2025-06-12 15:13:00,41.6
2025-06-12 07:57:00,88.5
2025-06-12 21:49:00,66.0
2025-06-12 18:51:00,49.91221338324755
2025-06-12 23:01:00,94.0
2025-06-12 14:33:00,85.1
2025-06-12 15:59:00,52.1
2025-06-12 01:54:00,92.2
2025-06-12 19:28:00,55.4
2025-06-12 21:01:00,26.0
2025-06-12 14:07:00,88.6
2025-06-12 22:41:00,52.7
2025-06-12 06:22:00,31.1
2025-06-12 02:36:00,49.91221338324755
2025-06-12 04:22:00,81.4
2025-06-12 14:30:00,91.1
2025-06-12 19:01:00,97.6
2025-06-12 09:59:00,27.6
2025-06-12 18:24:00,92.6
2025-06-12 13:30:00,67.3
2025-06-12 15:27:00,49.91221338324755
2025-06-12 22:10:00,8.7
2025-06-12 19:51:00,67.5
2025-06-12 10:02:00,25.0
2025-06-12 01:56:00,12.0
2025-06-12 20:40:00,49.91221338324755
2025-06-12 23:58:00,49.91221338324755
2025-06-12 15:07:00,53.3
2025-06-12 22:57:00,32.2
2025-06-12 19:55:00,25.7
2025-06-12 13:09:00,49.91221338324755
2025-06-12 00:17:00,68.6
2025-06-12 16:42:00,87.6
2025-06-12 02:08:00,26.5
2025-06-12 19:59:00,48.6
2025-06-12 04:22:00,49.91221338324755
2025-06-12 07:18:00,48.5
2025-06-12 13:15:00,63.7
2025-06-12 07:30:00,49.91221338324755
2025-06-12 00:27:00,79.0
2025-06-12 09:23:00,76.1
2025-06-12 14:47:00,83.2
2025-06-12 19:36:00,49.91221338324755
2025-06-12 14:29:00,69.3
2025-06-12 19:14:00,37.5
2025-06-12 19:07:00,47.6
2025-06-12 14:24:00,10.4
2025-06-12 21:46:00,18.2
2025-06-12 11:38:00,15.6
2025-06-12 21:43:00,7.6
2025-06-12 12:05:00,5.1
2025-06-12 22:01:00,71.2
2025-06-12 02:53:00,13.2
2025-06-12 04:40:00,39.4
2025-06-12 03:32:00,26.7
2025-06-12 09:46:00,49.91221338324755
2025-06-12 23:19:00,53.4
2025-06-12 23:03:00,81.2
2025-06-12 05:19:00,0.8
2025-06-12 13:15:00,86.8
2025-06-12 11:14:00,49.91221338324755
2025-06-12 13:20:00,0.6
2025-06-12 16:19:00,49.91221338324755
2025-06-12 22:31:00,35.6
2025-06-12 12:43:00,45.9
2025-06-12 06:16:00,49.91221338324755
2025-06-12 07:03:00,95.9
2025-06-12 15:07:00,58.3
2025-06-12 08:28:00,39.4
2025-06-12 16:01:00,90.6
2025-06-12 04:53:00,26.0
2025-06-12 22:18:00,40.5
2025-06-12 18:18:00,52.7
2025-06-12 07:52:00,12.6
2025-06-12 20:12:00,6.7
2025-06-12 22:21:00,73.5
2025-06-12 21:11:00,97.0
2025-06-12 14:58:00,35.8
2025-06-12 02:02:00,47.3
2025-06-12 16:48:00,76.0
2025-06-12 08:33:00,15.2
2025-06-12 08:29:00,33.0
2025-06-12 07:43:00,45.6
2025-06-12 06:58:00,49.91221338324755
2025-06-12 21:52:00,57.7
2025-06-12 14:51:00,17.9
2025-06-12 07:44:00,59.9
2025-06-12 21:02:00,3.0
2025-06-12 23:16:00,68.1
2025-06-12 10:22:00,68.2
2025-06-12 06:24:00,80.2
2025-06-12 00:27:00,89.9
2025-06-12 21:30:00,12.1
2025-06-12 18:55:00,39.5
2025-06-12 00:18:00,11.0
2025-06-12 19:41:00,59.9
2025-06-12 09:38:00,41.5
2025-06-12 12:05:00,1.7
2025-06-12 08:01:00,34.1
2025-06-12 02:31:00,49.91221338324755
2025-06-12 19:03:00,13.8
2025-06-12 03:02:00,4.4
2025-06-12 21:43:00,66.7
2025-06-12 06:22:00,28.4
2025-06-12 11:07:00,44.9
2025-06-12 10:42:00,3.6
2025-06-12 07:28:00,12.3
2025-06-12 01:33:00,0.4
2025-06-12 19:02:00,85.4
2025-06-12 16:45:00,8.2
2025-06-12 06:41:00,45.2
2025-06-12 03:20:00,80.8
2025-06-12 02:27:00,77.3
2025-06-12 07:25:00,49.91221338324755
2025-06-12 23:46:00,37.9
2025-06-12 10:13:00,49.91221338324755
2025-06-12 12:15:00,49.91221338324755
2025-06-12 11:04:00,49.91221338324755
2025-06-12 17:41:00,65.4
2025-06-12 14:32:00,26.3
2025-06-12 16:06:00,52.5
2025-06-12 13:16:00,96.1
2025-06-12 16:22:00,95.3
2025-06-12 16:32:00,75.3
2025-06-12 22:01:00,76.9
2025-06-12 21:47:00,50.557353635505194
2025-06-12 10:30:00,14.0
2025-06-12 22:29:00,77.2
2025-06-12 03:37:00,52.2
2025-06-12 22:03:00,47.4
2025-06-12 06:22:00,1.9
2025-06-12 12:19:00,93.7
2025-06-12 11:25:00,52.0
2025-06-12 11:37:00,29.1
2025-06-12 08:17:00,70.3
2025-06-12 11:08:00,90.6
2025-06-12 00:54:00,80.8
2025-06-12 06:36:00,4.1
2025-06-12 20:36:00,96.2
2025-06-12 10:52:00,10.7
2025-06-12 07:44:00,28.7
2025-06-12 13:38:00,45.2
2025-06-12 01:07:00,18.6
2025-06-12 15:00:00,70.1
2025-06-12 10:58:00,64.2
2025-06-12 19:54:00,5.5
2025-06-12 23:52:00,34.9
2025-06-12 02:35:00,58.5
2025-06-12 16:41:00,54.2
2025-06-12 19:36:00,38.6
2025-06-12 03:22:00,46.8
2025-06-12 18:13:00,32.7
2025-06-12 00:18:00,17.9
2025-06-12 22:52:00,33.7
2025-06-12 16:20:00,88.8
2025-06-12 12:05:00,43.9
2025-06-12 05:42:00,68.7
2025-06-12 00:58:00,94.4
2025-06-12 17:16:00,74.2
2025-06-12 10:40:00,58.0
2025-06-12 18:56:00,76.2
2025-06-12 01:10:00,79.3
2025-06-12 02:36:00,47.9
2025-06-12 02:49:00,50.557353635505194
2025-06-12 10:56:00,84.1
2025-06-12 15:06:00,50.557353635505194
2025-06-12 04:31:00,9.6
2025-06-12 02:57:00,50.557353635505194
2025-06-12 01:19:00,58.6
2025-06-12 06:43:00,5.8
2025-06-12 03:07:00,40.0
2025-06-12 04:08:00,4.6
2025-06-12 18:31:00,25.0
2025-06-12 15:38:00,50.557353635505194
2025-06-12 02:27:00,2.1
2025-06-12 07:33:00,34.1
2025-06-12 03:29:00,18.9
2025-06-12 23:29:00,52.7
2025-06-12 15:25:00,1.4
2025-06-12 04:30:00,50.557353635505194
2025-06-12 12:33:00,42.8
2025-06-12 10:25:00,57.5
2025-06-12 02:58:00,83.1
2025-06-12 19:05:00,50.557353635505194
2025-06-12 01:57:00,47.7
2025-06-12 15:02:00,42.7
2025-06-12 01:00:00,15.4
2025-06-12 04:42:00,68.9
2025-06-12 18:27:00,1.2
2025-06-12 10:27:00,50.557353635505194
2025-06-12 00:56:00,84.6
2025-06-12 17:08:00,38.4
2025-06-12 16:20:00,64.5
2025-06-12 21:31:00,24.4
2025-06-12 00:05:00,82.2
2025-06-12 06:40:00,75.8
2025-06-12 06:25:00,5.1
2025-06-12 14:15:00,96.5
2025-06-12 13:50:00,85.9
2025-06-12 23:54:00,23.2
2025-06-12 13:52:00,34.0
2025-06-12 09:22:00,19.3
2025-06-12 05:54:00,6.5
2025-06-12 00:53:00,60.5
2025-06-12 13:10:00,5.7
2025-06-12 23:01:00,50.557353635505194
2025-06-12 21:15:00,13.4
2025-06-12 05:09:00,50.557353635505194
2025-06-12 16:26:00,32.0
2025-06-12 07:44:00,79.5
2025-06-12 05:56:00,50.557353635505194
2025-06-12 01:58:00,26.9
2025-06-12 00:15:00,41.8
2025-06-12 20:01:00,6.1
2025-06-12 03:57:00,9.0
2025-06-12 03:16:00,63.5
2025-06-12 10:17:00,72.3
2025-06-12 17:46:00,90.3
2025-06-12 18:28:00,2.3
2025-06-12 11:38:00,50.557353635505194
2025-06-12 02:59:00,22.6
2025-06-12 10:02:00,50.557353635505194
2025-06-12 02:45:00,80.5
2025-06-12 22:40:00,93.2
2025-06-12 10:34:00,73.2
2025-06-12 12:05:00,34.9
2025-06-12 17:02:00,22.3
2025-06-12 04:37:00,35.7
2025-06-12 02:05:00,67.2
2025-06-12 16:14:00,15.4
2025-06-12 13:42:00,50.557353635505194
2025-06-12 07:57:00,2.3
2025-06-12 12:18:00,56.7
2025-06-12 21:12:00,19.1
2025-06-12 04:29:00,4.7
2025-06-12 22:55:00,23.9
2025-06-12 15:51:00,56.5
2025-06-12 11:41:00,30.9
2025-06-12 13:10:00,8.2
2025-06-12 12:24:00,5.9
2025-06-12 12:08:00,54.5
2025-06-12 15:20:00,81.1
2025-06-12 20:43:00,64.1
2025-06-12 08:21:00,50.557353635505194
2025-06-12 01:02:00,84.6
2025-06-12 02:40:00,7.4
2025-06-12 06:06:00,87.2
2025-06-12 01:19:00,55.6
2025-06-12 00:30:00,10.5
2025-06-12 03:45:00,88.7
2025-06-12 02:33:00,66.0
2025-06-12 09:24:00,50.557353635505194
2025-06-12 07:40:00,22.5
2025-06-12 07:59:00,50.557353635505194
2025-06-12 18:35:00,60.1
2025-06-12 09:01:00,50.557353635505194
2025-06-12 19:40:00,44.5
2025-06-12 19:39:00,94.6
2025-06-12 20:52:00,92.3
2025-06-12 13:38:00,28.4
2025-06-12 04:56:00,5.1
2025-06-12 03:00:00,47.5
2025-06-12 13:54:00,28.3
2025-06-12 08:59:00,99.6
2025-06-12 14:42:00,99.8
2025-06-12 00:34:00,1.1
2025-06-12 10:35:00,79.5
2025-06-12 10:17:00,50.557353635505194
2025-06-12 15:15:00,45.2
2025-06-12 09:53:00,50.557353635505194
2025-06-12 09:46:00,50.557353635505194
2025-06-12 06:27:00,57.0
2025-06-12 06:23:00,25.8
2025-06-12 10:47:00,61.0
2025-06-12 04:32:00,50.557353635505194
2025-06-12 06:21:00,6.9
2025-06-12 04:23:00,92.1
2025-06-12 08:55:00,24.9
2025-06-12 11:10:00,32.7
2025-06-12 00:26:00,86.3
2025-06-12 10:22:00,50.4
2025-06-12 21:03:00,99.1
2025-06-12 03:46:00,50.557353635505194
2025-06-12 13:11:00,26.4
2025-06-12 12:14:00,10.4
2025-06-12 04:29:00,59.4
2025-06-12 03:10:00,60.3
2025-06-12 04:44:00,18.8
2025-06-12 21:37:00,3.7
2025-06-12 15:21:00,1.9
2025-06-12 06:39:00,22.7
2025-06-12 08:25:00,58.0
2025-06-12 02:46:00,50.557353635505194
2025-06-12 19:49:00,50.557353635505194
2025-06-12 20:38:00,33.9
2025-06-12 03:54:00,94.3
2025-06-12 22:54:00,50.557353635505194
2025-06-12 23:03:00,97.2
2025-06-12 02:54:00,41.1
2025-06-12 17:39:00,83.3
2025-06-12 11:00:00,12.8
2025-06-12 18:11:00,29.0
2025-06-12 14:59:00,11.5
2025-06-12 14:14:00,77.4
2025-06-12 09:27:00,47.9
2025-06-12 23:30:00,50.557353635505194
2025-06-12 06:09:00,23.5
2025-06-12 12:08:00,6.7
2025-06-12 23:44:00,50.557353635505194
2025-06-12 07:49:00,22.9
2025-06-12 04:07:00,28.9
2025-06-12 20:28:00,36.4
2025-06-12 05:53:00,98.6
2025-06-12 01:21:00,50.557353635505194
2025-06-12 12:48:00,82.3
2025-06-12 20:59:00,50.557353635505194
2025-06-12 20:05:00,81.5
2025-06-12 07:12:00,41.4
2025-06-12 16:40:00,85.6
2025-06-12 14:57:00,32.8
2025-06-12 00:55:00,49.0
2025-06-12 21:12:00,19.3
2025-06-12 17:46:00,3.9
2025-06-12 07:11:00,50.557353635505194
2025-06-12 02:45:00,50.557353635505194
2025-06-12 05:57:00,1.2
2025-06-12 06:32:00,54.9
2025-06-12 01:54:00,18.9
2025-06-12 19:16:00,94.4
2025-06-12 15:41:00,41.4
2025-06-12 15:52:00,34.9
2025-06-12 09:50:00,44.7
2025-06-12 12:21:00,50.557353635505194
2025-06-12 09:54:00,62.6
2025-06-12 02:11:00,85.9
2025-06-12 08:30:00,94.0
2025-06-12 14:34:00,50.557353635505194
2025-06-12 06:10:00,42.2
2025-06-12 05:00:00,50.557353635505194
2025-06-12 18:04:00,50.557353635505194
2025-06-12 22:58:00,80.2
2025-06-12 13:12:00,50.557353635505194
2025-06-12 00:00:00,37.4
2025-06-12 09:38:00,41.3
2025-06-12 13:50:00,23.6
2025-06-12 20:14:00,82.9
2025-06-12 18:42:00,69.9
2025-06-12 18:51:00,33.6
2025-06-12 22:53:00,50.557353635505194
2025-06-12 16:13:00,50.557353635505194
2025-06-12 02:04:00,50.557353635505194
2025-06-12 07:52:00,92.6
2025-06-12 18:45:00,30.7
2025-06-12 22:14:00,46.6
2025-06-12 12:23:00,75.0
2025-06-12 18:35:00,73.5
2025-06-12 07:10:00,8.6
2025-06-12 14:07:00,51.0
2025-06-12 11:04:00,98.9
2025-06-12 17:00:00,38.1
2025-06-12 12:15:00,77.3
2025-06-12 09:06:00,50.557353635505194
2025-06-12 21:51:00,74.0
2025-06-12 09:33:00,78.6
2025-06-12 05:11:00,70.5
2025-06-12 13:00:00,66.7
2025-06-12 19:49:00,27.5
2025-06-12 18:51:00,11.7
2025-06-12 02:41:00,95.2
2025-06-12 21:44:00,95.3
2025-06-12 16:55:00,57.0
2025-06-12 05:14:00,80.0
2025-06-12 06:32:00,88.4
2025-06-12 09:19:00,78.0
2025-06-12 02:54:00,99.1
2025-06-12 13:10:00,95.8
2025-06-12 06:38:00,62.7
2025-06-12 18:07:00,35.3
2025-06-12 07:02:00,37.1
2025-06-12 15:04:00,52.9
2025-06-12 00:41:00,70.8
2025-06-12 02:44:00,61.7
2025-06-12 10:03:00,70.4
2025-06-12 00:13:00,75.1
2025-06-12 13:18:00,88.1
2025-06-12 20:48:00,70.9
2025-06-12 17:03:00,79.9
2025-06-12 07:32:00,77.5
2025-06-12 11:04:00,57.1
2025-06-12 18:42:00,74.7
2025-06-12 11:40:00,12.9
2025-06-12 22:14:00,20.3
2025-06-12 20:41:00,93.9
2025-06-12 01:40:00,39.2
2025-06-12 15:42:00,87.2
2025-06-12 08:23:00,17.6
2025-06-12 10:52:00,31.4
2025-06-12 16:34:00,67.3
2025-06-12 10:49:00,8.6
2025-06-12 22:59:00,96.5
2025-06-12 22:38:00,50.557353635505194
2025-06-12 11:19:00,13.6
2025-06-12 03:41:00,50.557353635505194
2025-06-12 09:32:00,12.9
2025-06-12 12:10:00,41.0
2025-06-12 15:37:00,54.9
2025-06-12 12:26:00,64.5
2025-06-12 16:54:00,19.6
2025-06-12 13:18:00,23.5
2025-06-12 07:40:00,50.557353635505194
2025-06-12 04:08:00,50.557353635505194
2025-06-12 01:16:00,56.0
2025-06-12 19:00:00,91.2
2025-06-12 18:26:00,93.8
2025-06-12 14:51:00,86.0
2025-06-12 19:29:00,23.9
2025-06-12 19:29:00,54.3
2025-06-12 00:27:00,50.557353635505194
2025-06-12 01:43:00,52.3
2025-06-12 17:13:00,93.2
2025-06-12 13:55:00,30.4
2025-06-12 09:39:00,60.8
2025-06-12 06:56:00,21.9
2025-06-12 01:19:00,54.3
2025-06-12 15:43:00,53.8
2025-06-12 06:50:00,98.2
2025-06-12 20:56:00,76.7
2025-06-12 05:35:00,47.2
2025-06-12 10:46:00,13.2
2025-06-12 14:13:00,25.1
2025-06-12 12:12:00,50.557353635505194
2025-06-12 22:27:00,28.8
2025-06-12 00:07:00,90.1
2025-06-12 22:19:00,28.6
2025-06-12 12:33:00,85.7
2025-06-12 23:04:00,90.0
2025-06-12 21:36:00,1.5
2025-06-12 19:31:00,61.0
2025-06-12 15:40:00,80.6
2025-06-12 20:40:00,42.8
2025-06-12 12:14:00,38.0
2025-06-12 05:20:00,7.1
2025-06-12 16:18:00,42.9
2025-06-12 03:36:00,38.1
2025-06-12 12:48:00,73.0
2025-06-12 21:47:00,49.87196987526477
2025-06-12 07:32:00,67.4
2025-06-12 14:58:00,46.1
2025-06-12 11:01:00,97.8
2025-06-12 06:42:00,49.87196987526477
2025-06-12 21:02:00,64.1
2025-06-12 04:19:00,15.8
2025-06-12 17:20:00,84.1
2025-06-12 04:18:00,49.87196987526477
2025-06-12 22:00:00,62.4
2025-06-12 02:55:00,70.9
2025-06-12 00:25:00,49.87196987526477
2025-06-12 10:12:00,12.9
2025-06-12 06:24:00,77.0
2025-06-12 10:25:00,49.3
2025-06-12 00:36:00,49.87196987526477
2025-06-12 10:55:00,29.6
2025-06-12 16:41:00,48.3
2025-06-12 08:47:00,15.5
2025-06-12 15:07:00,39.7
2025-06-12 03:11:00,49.87196987526477
2025-06-12 07:33:00,16.5
2025-06-12 05:49:00,22.3
2025-06-12 21:32:00,55.6
2025-06-12 01:19:00,45.4
2025-06-12 21:42:00,49.87196987526477
2025-06-12 04:05:00,69.8
2025-06-12 03:35:00,34.3
2025-06-12 13:46:00,1.7
2025-06-12 02:01:00,96.1
2025-06-12 00:46:00,7.9
2025-06-12 18:09:00,61.1
2025-06-12 15:35:00,61.0
2025-06-12 11:00:00,73.5
2025-06-12 23:28:00,1.4
2025-06-12 16:13:00,12.5
2025-06-12 15:57:00,96.7
2025-06-12 11:01:00,85.4
2025-06-12 17:50:00,79.9
2025-06-12 20:47:00,5.8
2025-06-12 20:17:00,84.3
2025-06-12 16:24:00,49.87196987526477
2025-06-12 14:31:00,82.7
2025-06-12 02:17:00,18.8
2025-06-12 18:39:00,77.5
2025-06-12 07:43:00,8.9
2025-06-12 12:57:00,23.1
2025-06-12 09:38:00,81.6
2025-06-12 08:05:00,99.3
2025-06-12 14:15:00,18.8
2025-06-12 08:00:00,49.87196987526477
2025-06-12 15:38:00,49.87196987526477
2025-06-12 13:47:00,75.0
2025-06-12 22:31:00,49.87196987526477
2025-06-12 14:56:00,72.6
2025-06-12 18:03:00,76.9
2025-06-12 21:33:00,97.4
2025-06-12 17:49:00,37.4
2025-06-12 10:39:00,65.8
2025-06-12 22:14:00,2.6
2025-06-12 02:46:00,49.87196987526477
2025-06-12 00:09:00,10.9
2025-06-12 08:03:00,49.87196987526477
2025-06-12 19:06:00,97.8
2025-06-12 14:42:00,1.3
2025-06-12 09:46:00,46.3
2025-06-12 16:38:00,67.2
2025-06-12 15:24:00,15.0
2025-06-12 07:45:00,36.2
2025-06-12 17:10:00,30.6
2025-06-12 11:59:00,62.0
2025-06-12 04:41:00,22.9
2025-06-12 07:36:00,49.87196987526477
2025-06-12 15:08:00,51.0
2025-06-12 20:09:00,61.8
2025-06-12 03:43:00,29.5
2025-06-12 23:23:00,56.4
2025-06-12 08:24:00,74.9
2025-06-12 16:23:00,58.8
2025-06-12 23:21:00,49.87196987526477
2025-06-12 11:52:00,81.6
2025-06-12 07:28:00,21.9
2025-06-12 20:23:00,66.9
2025-06-12 21:26:00,91.0
2025-06-12 19:11:00,4.5
2025-06-12 01:42:00,49.87196987526477
2025-06-12 08:34:00,49.87196987526477
2025-06-12 20:38:00,81.9
2025-06-12 09:37:00,70.9
2025-06-12 02:48:00,54.5
2025-06-12 22:36:00,49.87196987526477
2025-06-12 12:26:00,40.7
2025-06-12 19:32:00,49.87196987526477
2025-06-12 05:47:00,72.7
2025-06-12 10:45:00,49.87196987526477
2025-06-12 22:26:00,59.0
2025-06-12 15:25:00,27.9
2025-06-12 01:55:00,29.7
2025-06-12 02:35:00,14.6
2025-06-12 14:10:00,1.8
2025-06-12 10:27:00,49.87196987526477
2025-06-12 16:38:00,49.87196987526477
2025-06-12 13:55:00,51.2
2025-06-12 16:22:00,13.7
2025-06-12 22:38:00,49.87196987526477
2025-06-12 14:35:00,44.0
2025-06-12 17:45:00,79.4
2025-06-12 20:24:00,81.2
2025-06-12 01:06:00,90.6
2025-06-12 19:45:00,49.87196987526477
2025-06-12 02:17:00,49.87196987526477
2025-06-12 08:56:00,54.1
2025-06-12 13:00:00,95.0
2025-06-12 11:52:00,50.0
2025-06-12 03:37:00,66.7
2025-06-12 13:46:00,83.8
2025-06-12 00:09:00,4.4
2025-06-12 03:23:00,35.6
2025-06-12 20:00:00,9.5
2025-06-12 09:26:00,51.0
2025-06-12 04:42:00,49.87196987526477
2025-06-12 09:18:00,35.3
2025-06-12 07:27:00,49.87196987526477
2025-06-12 22:53:00,36.6
2025-06-12 20:47:00,87.9
2025-06-12 02:39:00,49.87196987526477
2025-06-12 10:07:00,77.4
2025-06-12 19:48:00,16.2
2025-06-12 00:27:00,75.7
2025-06-12 03:47:00,49.87196987526477
2025-06-12 04:26:00,2.3
2025-06-12 03:20:00,77.0
2025-06-12 06:12:00,17.6
2025-06-12 13:37:00,66.2
2025-06-12 02:44:00,5.5
2025-06-12 02:46:00,49.87196987526477
2025-06-12 19:30:00,93.7
2025-06-12 16:10:00,49.87196987526477
2025-06-12 16:51:00,37.5
2025-06-12 10:48:00,45.7
2025-06-12 17:27:00,49.87196987526477
2025-06-12 01:26:00,22.7
2025-06-12 12:00:00,66.7
2025-06-12 12:21:00,14.5
2025-06-12 12:30:00,66.6
2025-06-12 04:17:00,45.5
2025-06-12 02:55:00,49.87196987526477
2025-06-12 09:32:00,39.0
2025-06-12 10:56:00,45.5
2025-06-12 16:37:00,10.0
2025-06-12 04:11:00,59.3
2025-06-12 01:54:00,99.9
2025-06-12 04:57:00,30.3
2025-06-12 19:22:00,78.4
2025-06-12 16:55:00,89.2
2025-06-12 03:10:00,37.9
2025-06-12 11:37:00,93.4
2025-06-12 04:08:00,84.7
2025-06-12 03:41:00,85.1
2025-06-12 06:38:00,30.2
2025-06-12 09:21:00,16.5
2025-06-12 04:38:00,49.87196987526477
2025-06-12 21:13:00,26.9
2025-06-12 18:22:00,94.9
2025-06-12 06:08:00,64.1
2025-06-12 13:56:00,49.87196987526477
2025-06-12 00:01:00,49.87196987526477
2025-06-12 10:43:00,41.7
2025-06-12 15:32:00,26.9
2025-06-12 04:54:00,49.87196987526477
2025-06-12 23:10:00,87.8
2025-06-12 09:34:00,87.5
2025-06-12 20:37:00,95.2
2025-06-12 06:04:00,49.87196987526477
2025-06-12 16:04:00,87.3
2025-06-12 07:24:00,45.7
2025-06-12 03:25:00,91.8
2025-06-12 01:21:00,49.87196987526477
2025-06-12 19:20:00,49.87196987526477
2025-06-12 16:59:00,45.7
2025-06-12 10:47:00,56.7
2025-06-12 01:37:00,49.87196987526477
2025-06-12 03:20:00,76.7
2025-06-12 17:38:00,49.87196987526477
2025-06-12 06:15:00,33.0
2025-06-12 14:22:00,0.6
2025-06-12 19:55:00,78.6
2025-06-12 22:10:00,60.5
2025-06-12 01:09:00,0.8
2025-06-12 19:42:00,14.5
2025-06-12 20:31:00,25.3
2025-06-12 23:04:00,79.7
2025-06-12 10:43:00,63.2
2025-06-12 09:41:00,83.7
2025-06-12 20:46:00,75.0
2025-06-12 22:17:00,62.2
2025-06-12 08:53:00,33.1
2025-06-12 20:22:00,40.5
2025-06-12 16:00:00,75.3
2025-06-12 12:49:00,49.87196987526477
2025-06-12 03:01:00,49.87196987526477
2025-06-12 12:39:00,44.0
2025-06-12 06:33:00,95.5
2025-06-12 16:56:00,26.5
2025-06-12 04:28:00,49.87196987526477
2025-06-12 01:28:00,8.1
2025-06-12 04:11:00,74.5
2025-06-12 19:04:00,49.87196987526477
2025-06-12 08:04:00,37.2
2025-06-12 05:32:00,47.7
2025-06-12 03:41:00,70.1
2025-06-12 00:10:00,69.6
2025-06-12 18:52:00,49.87196987526477
2025-06-12 17:02:00,17.6
2025-06-12 16:01:00,49.87196987526477
2025-06-12 14:43:00,79.3
2025-06-12 00:33:00,57.7
2025-06-12 12:45:00,11.8
2025-06-12 14:04:00,75.7
2025-06-12 20:53:00,34.3
2025-06-12 12:59:00,97.6
2025-06-12 18:41:00,10.3
2025-06-12 03:23:00,49.87196987526477
2025-06-12 09:38:00,74.6
2025-06-12 20:00:00,65.8
2025-06-12 07:36:00,18.2
2025-06-12 13:49:00,16.1
2025-06-12 22:43:00,13.9
2025-06-12 15:15:00,49.87196987526477
2025-06-12 02:28:00,99.4
2025-06-12 21:18:00,97.3
2025-06-12 19:11:00,100.0
2025-06-12 10:02:00,49.87196987526477
2025-06-12 09:23:00,42.7
2025-06-12 06:15:00,84.3
2025-06-12 11:33:00,41.0
2025-06-12 19:10:00,90.2
2025-06-12 20:21:00,94.2
2025-06-12 18:57:00,33.5
2025-06-12 07:10:00,63.5
2025-06-12 12:42:00,12.8
2025-06-12 04:40:00,49.87196987526477
2025-06-12 11:23:00,42.6
2025-06-12 13:07:00,17.9
2025-06-12 01:55:00,94.2
2025-06-12 12:20:00,85.1
2025-06-12 19:58:00,50.6
2025-06-12 14:42:00,92.7
2025-06-12 10:23:00,57.2
2025-06-12 20:36:00,83.8
2025-06-12 09:15:00,93.1
2025-06-12 10:39:00,18.9
2025-06-12 10:46:00,70.5
2025-06-12 10:59:00,37.7
2025-06-12 06:36:00,17.1
2025-06-12 23:09:00,0.8
2025-06-12 15:38:00,38.4
2025-06-12 22:09:00,70.8
2025-06-12 04:49:00,16.2
2025-06-12 20:28:00,33.0
2025-06-12 20:19:00,30.2
2025-06-12 14:12:00,68.3
2025-06-12 16:43:00,72.0
2025-06-12 11:21:00,77.8
2025-06-12 10:40:00,65.0
2025-06-12 04:43:00,48.7
2025-06-12 08:35:00,29.5
2025-06-12 19:20:00,29.8
2025-06-12 18:14:00,40.1
2025-06-12 01:39:00,68.8
2025-06-12 08:57:00,56.5
2025-06-12 22:03:00,49.87196987526477
2025-06-12 19:21:00,69.3
2025-06-12 14:06:00,63.4
2025-06-12 00:45:00,49.87196987526477
2025-06-12 02:29:00,10.1
2025-06-12 15:41:00,97.7
2025-06-12 15:14:00,26.4
2025-06-12 13:24:00,87.7
2025-06-12 06:55:00,30.0
2025-06-12 14:00:00,5.8
2025-06-12 16:42:00,70.4
2025-06-12 15:28:00,73.8
2025-06-12 01:26:00,60.5
2025-06-12 00:21:00,49.87196987526477
2025-06-12 08:53:00,94.7
2025-06-12 17:41:00,49.87196987526477
2025-06-12 13:55:00,68.5
2025-06-12 12:07:00,23.8
2025-06-12 05:25:00,37.4
2025-06-12 01:15:00,14.0
2025-06-12 05:42:00,2.1
2025-06-12 00:05:00,82.7
2025-06-12 17:19:00,42.0
2025-06-12 21:25:00,51.4
2025-06-12 20:49:00,98.7
2025-06-12 10:14:00,89.0
2025-06-12 02:28:00,62.0
2025-06-12 14:39:00,12.2
2025-06-12 21:37:00,53.5
2025-06-12 13:36:00,23.4
2025-06-12 21:40:00,8.0
2025-06-12 17:49:00,49.87196987526477
2025-06-12 18:39:00,87.6
2025-06-12 06:14:00,49.87196987526477
2025-06-12 11:30:00,49.87196987526477
2025-06-12 15:47:00,36.8
2025-06-12 10:37:00,38.0
2025-06-12 11:41:00,64.8
2025-06-12 11:04:00,70.1
2025-06-12 03:19:00,49.93628109892701
2025-06-12 09:22:00,98.7
2025-06-12 09:00:00,49.93628109892701
2025-06-12 23:34:00,30.0
2025-06-12 13:11:00,2.7
2025-06-12 13:46:00,49.93628109892701
2025-06-12 08:40:00,3.5
2025-06-12 14:13:00,93.1
2025-06-12 18:28:00,17.6
2025-06-12 11:39:00,18.9
2025-06-12 00:51:00,49.93628109892701
2025-06-12 14:40:00,13.3
2025-06-12 03:32:00,49.93628109892701
2025-06-12 16:59:00,49.93628109892701
2025-06-12 18:21:00,0.8
2025-06-12 23:12:00,19.7
2025-06-12 17:35:00,93.8
2025-06-12 00:53:00,49.93628109892701
2025-06-12 16:46:00,77.7
2025-06-12 10:32:00,13.0
2025-06-12 05:53:00,74.1
2025-06-12 14:03:00,33.5
2025-06-12 09:57:00,73.5
2025-06-12 22:52:00,49.93628109892701
2025-06-12 18:10:00,92.0
2025-06-12 07:06:00,61.1
2025-06-12 22:22:00,17.5
2025-06-12 08:33:00,5.3
2025-06-12 14:42:00,41.1
2025-06-12 07:12:00,96.2
2025-06-12 12:44:00,56.8
2025-06-12 14:29:00,1.6
2025-06-12 06:31:00,30.3
2025-06-12 17:00:00,0.2
2025-06-12 08:48:00,49.93628109892701
2025-06-12 23:31:00,76.9
2025-06-12 15:53:00,89.7
2025-06-12 16:27:00,30.6
2025-06-12 01:53:00,58.3
2025-06-12 08:57:00,27.2
2025-06-12 12:03:00,49.93628109892701
2025-06-12 23:26:00,39.1
2025-06-12 17:57:00,25.4
2025-06-12 05:23:00,63.5
2025-06-12 03:50:00,40.9
2025-06-12 03:02:00,61.6
2025-06-12 18:14:00,48.9
2025-06-12 00:26:00,92.2
2025-06-12 13:11:00,81.1
2025-06-12 14:37:00,91.7
2025-06-12 15:08:00,49.0
2025-06-12 17:45:00,49.93628109892701
2025-06-12 16:18:00,65.0
2025-06-12 16:28:00,29.9
2025-06-12 05:50:00,49.93628109892701
2025-06-12 07:18:00,49.93628109892701
2025-06-12 16:32:00,19.4
2025-06-12 03:37:00,66.7
2025-06-12 01:12:00,24.9
2025-06-12 03:14:00,49.93628109892701
2025-06-12 07:23:00,10.1
2025-06-12 06:33:00,13.1
2025-06-12 21:33:00,68.5
2025-06-12 04:55:00,39.0
2025-06-12 17:01:00,76.7
2025-06-12 10:43:00,49.93628109892701
2025-06-12 04:29:00,80.4
2025-06-12 19:19:00,79.8
2025-06-12 12:06:00,49.93628109892701
2025-06-12 06:36:00,5.8
2025-06-12 12:37:00,55.1
2025-06-12 10:20:00,59.0
2025-06-12 06:24:00,38.1
2025-06-12 00:46:00,68.0
2025-06-12 02:57:00,49.93628109892701
2025-06-12 08:15:00,4.8
2025-06-12 05:24:00,49.93628109892701
2025-06-12 08:03:00,52.7
2025-06-12 03:06:00,66.4
2025-06-12 10:08:00,82.7
2025-06-12 17:38:00,25.1
2025-06-12 01:29:00,82.6
2025-06-12 22:52:00,74.3
2025-06-12 22:29:00,49.93628109892701
2025-06-12 22:54:00,96.0
2025-06-12 14:09:00,11.0
2025-06-12 16:22:00,65.2
2025-06-12 16:20:00,49.93628109892701
2025-06-12 15:41:00,1.6
2025-06-12 16:10:00,19.0
2025-06-12 07:19:00,75.9
2025-06-12 11:54:00,59.8
2025-06-12 14:54:00,26.1
2025-06-12 03:38:00,64.0
2025-06-12 14:52:00,54.3
2025-06-12 04:26:00,49.93628109892701
2025-06-12 13:35:00,49.93628109892701
2025-06-12 03:40:00,30.5
2025-06-12 06:59:00,55.8
2025-06-12 13:49:00,68.0
2025-06-12 18:06:00,53.6
2025-06-12 06:03:00,89.4
2025-06-12 08:57:00,29.4
2025-06-12 10:11:00,34.9
2025-06-12 20:28:00,41.6
2025-06-12 08:13:00,9.3
2025-06-12 22:38:00,90.1
2025-06-12 20:56:00,7.8
2025-06-12 22:53:00,5.7
2025-06-12 07:37:00,68.4
2025-06-12 19:10:00,84.8
2025-06-12 08:21:00,47.6
2025-06-12 05:49:00,49.93628109892701
2025-06-12 03:48:00,49.93628109892701
2025-06-12 16:24:00,28.7
2025-06-12 12:40:00,8.8
2025-06-12 13:47:00,91.2
2025-06-12 04:57:00,51.5
2025-06-12 05:24:00,52.1
2025-06-12 23:16:00,69.4
2025-06-12 01:52:00,28.0
2025-06-12 20:44:00,65.9
2025-06-12 02:25:00,69.9
2025-06-12 16:58:00,98.8
2025-06-12 12:34:00,49.93628109892701
2025-06-12 21:26:00,8.4
2025-06-12 06:33:00,12.9
2025-06-12 22:44:00,38.6
2025-06-12 09:20:00,49.93628109892701
2025-06-12 23:35:00,51.5
2025-06-12 13:20:00,97.1
2025-06-12 09:30:00,70.9
2025-06-12 09:35:00,49.93628109892701
2025-06-12 15:54:00,88.0
2025-06-12 00:08:00,40.6
2025-06-12 02:49:00,48.4
2025-06-12 02:17:00,28.1
2025-06-12 16:05:00,1.8
2025-06-12 18:18:00,49.93628109892701
2025-06-12 02:09:00,25.8
2025-06-12 19:31:00,49.93628109892701
2025-06-12 17:01:00,49.93628109892701
2025-06-12 19:52:00,49.93628109892701
2025-06-12 20:56:00,3.4
2025-06-12 12:19:00,49.93628109892701
2025-06-12 18:09:00,0.9
2025-06-12 16:50:00,75.8
2025-06-12 14:43:00,49.93628109892701
2025-06-12 16:54:00,5.6
2025-06-12 12:17:00,49.93628109892701
2025-06-12 11:37:00,24.0
2025-06-12 00:59:00,10.4
2025-06-12 08:21:00,35.3
2025-06-12 12:50:00,14.5
2025-06-12 00:37:00,42.9
2025-06-12 21:49:00,24.1
2025-06-12 06:10:00,84.7
2025-06-12 08:44:00,81.9
2025-06-12 05:03:00,49.93628109892701
2025-06-12 23:59:00,35.5
2025-06-12 08:54:00,35.6
2025-06-12 22:26:00,50.9
2025-06-12 20:23:00,75.1
2025-06-12 01:56:00,84.0
2025-06-12 20:12:00,84.5
2025-06-12 05:44:00,77.1
2025-06-12 19:43:00,13.6
2025-06-12 13:10:00,89.9
2025-06-12 11:15:00,54.1
2025-06-12 10:06:00,5.2
2025-06-12 14:59:00,34.7
2025-06-12 01:31:00,82.4
2025-06-12 01:17:00,49.93628109892701
2025-06-12 09:31:00,59.9
2025-06-12 19:48:00,95.1
2025-06-12 23:07:00,44.9
2025-06-12 14:21:00,76.0
2025-06-12 10:03:00,90.1
2025-06-12 18:32:00,49.93628109892701
2025-06-12 05:21:00,56.4
2025-06-12 09:18:00,49.93628109892701
2025-06-12 02:18:00,82.7
2025-06-12 16:18:00,12.2
2025-06-12 07:47:00,49.93628109892701
2025-06-12 04:57:00,49.93628109892701
2025-06-12 03:40:00,25.7
2025-06-12 18:01:00,33.6
2025-06-12 07:22:00,3.5
2025-06-12 19:55:00,59.6
2025-06-12 22:14:00,49.93628109892701
2025-06-12 20:36:00,16.5
2025-06-12 19:10:00,6.0
2025-06-12 16:46:00,31.9
2025-06-12 00:01:00,47.2
2025-06-12 17:33:00,50.2
2025-06-12 20:31:00,62.9
2025-06-12 18:50:00,54.1
2025-06-12 00:48:00,3.3
2025-06-12 09:18:00,98.6
2025-06-12 03:37:00,92.3
2025-06-12 05:07:00,1.8
2025-06-12 11:49:00,92.0
2025-06-12 15:16:00,49.93628109892701
2025-06-12 07:27:00,53.5
2025-06-12 16:53:00,74.0
2025-06-12 14:10:00,30.8
2025-06-12 22:13:00,9.3
2025-06-12 14:47:00,92.0
2025-06-12 03:27:00,32.3
2025-06-12 04:33:00,45.1
2025-06-12 02:10:00,49.2
2025-06-12 09:56:00,21.7
2025-06-12 11:09:00,74.1
2025-06-12 21:35:00,49.93628109892701
2025-06-12 11:25:00,12.8
2025-06-12 01:18:00,37.7
2025-06-12 00:35:00,43.2
2025-06-12 16:21:00,47.2
2025-06-12 05:53:00,42.1
2025-06-12 00:08:00,5.6
2025-06-12 19:28:00,49.93628109892701
2025-06-12 01:10:00,0.5
2025-06-12 13:26:00,78.2
2025-06-12 17:14:00,84.9
2025-06-12 16:17:00,45.5
2025-06-12 05:38:00,27.4
2025-06-12 09:56:00,12.4
2025-06-12 02:34:00,82.6
2025-06-12 12:59:00,23.9
2025-06-12 14:58:00,37.2
2025-06-12 11:00:00,40.2
2025-06-12 04:07:00,46.1
2025-06-12 01:17:00,93.8
2025-06-12 12:32:00,4.9
2025-06-12 03:08:00,2.3
2025-06-12 15:59:00,8.6
2025-06-12 20:28:00,49.93628109892701
2025-06-12 01:28:00,84.4
2025-06-12 16:13:00,49.93628109892701
2025-06-12 01:08:00,49.93628109892701
2025-06-12 07:17:00,49.93628109892701
2025-06-12 15:52:00,5.6
2025-06-12 03:36:00,18.2
2025-06-12 19:47:00,60.7
2025-06-12 02:07:00,66.3
2025-06-12 23:08:00,40.6
2025-06-12 21:02:00,49.93628109892701
2025-06-12 13:15:00,75.3
2025-06-12 22:54:00,25.1
2025-06-12 13:22:00,70.4
2025-06-12 16:45:00,6.8
2025-06-12 18:39:00,41.5
2025-06-12 13:52:00,60.8
2025-06-12 01:40:00,15.4
2025-06-12 01:58:00,49.93628109892701
2025-06-12 23:07:00,57.1
2025-06-12 16:58:00,94.1
2025-06-12 15:26:00,14.6
2025-06-12 03:17:00,81.2
2025-06-12 23:05:00,10.1
2025-06-12 17:35:00,71.5
2025-06-12 01:11:00,27.0
2025-06-12 15:06:00,42.4
2025-06-12 09:09:00,51.2
2025-06-12 05:03:00,57.0
2025-06-12 21:16:00,44.1
2025-06-12 13:30:00,97.8
2025-06-12 14:51:00,58.7
2025-06-12 03:19:00,11.8
2025-06-12 10:54:00,37.4
2025-06-12 16:44:00,49.93628109892701
2025-06-12 04:21:00,74.9
2025-06-12 07:43:00,98.0
2025-06-12 09:04:00,68.9
2025-06-12 12:50:00,38.3
2025-06-12 20:48:00,49.7
2025-06-12 23:33:00,81.4
2025-06-12 05:05:00,18.3
2025-06-12 08:19:00,42.1
2025-06-12 09:58:00,59.1
2025-06-12 08:20:00,6.2
2025-06-12 13:51:00,53.0
2025-06-12 01:25:00,30.7
2025-06-12 13:42:00,48.8
2025-06-12 18:28:00,36.4
2025-06-12 22:12:00,7.9
2025-06-12 10:11:00,1.7
2025-06-12 13:29:00,95.4
2025-06-12 21:20:00,15.1
2025-06-12 07:44:00,66.7
2025-06-12 09:41:00,31.2
2025-06-12 23:54:00,11.8
2025-06-12 21:32:00,32.3
2025-06-12 02:42:00,49.93628109892701
2025-06-12 08:44:00,79.3
2025-06-12 06:18:00,17.0
2025-06-12 08:09:00,92.5
2025-06-12 00:42:00,49.93628109892701
2025-06-12 03:29:00,79.8
2025-06-12 05:35:00,49.93628109892701
2025-06-12 23:38:00,91.8
2025-06-12 23:26:00,3.7
2025-06-12 09:52:00,45.3
2025-06-12 07:07:00,15.9
2025-06-12 01:23:00,55.6
2025-06-12 23:33:00,49.93628109892701
2025-06-12 09:00:00,6.7
2025-06-12 02:52:00,22.8
2025-06-12 22:05:00,55.0
2025-06-12 02:20:00,89.1
2025-06-12 01:41:00,28.3
2025-06-12 04:14:00,49.93628109892701
2025-06-12 12:22:00,84.9
2025-06-12 08:43:00,72.3
2025-06-12 20:02:00,78.1
2025-06-12 09:09:00,45.0
2025-06-12 18:12:00,49.93628109892701
2025-06-12 05:42:00,62.7
2025-06-12 11:06:00,59.1
2025-06-12 21:35:00,38.2
2025-06-12 00:41:00,82.4
2025-06-12 22:54:00,13.2
2025-06-12 15:21:00,30.4
2025-06-12 18:33:00,28.2
2025-06-12 06:08:00,5.7
2025-06-12 05:48:00,88.0
2025-06-12 16:54:00,49.93628109892701
2025-06-12 06:16:00,49.797736698660984
2025-06-12 20:48:00,8.4
2025-06-12 10:46:00,49.797736698660984
2025-06-12 01:04:00,59.8
2025-06-12 17:19:00,47.2
2025-06-12 23:53:00,25.0
2025-06-12 07:38:00,49.797736698660984
2025-06-12 02:32:00,49.797736698660984
2025-06-12 03:40:00,16.6
2025-06-12 15:38:00,5.0
2025-06-12 00:44:00,92.8
2025-06-12 18:03:00,98.1
2025-06-12 14:34:00,49.797736698660984
2025-06-12 04:05:00,70.6
2025-06-12 10:16:00,64.9
2025-06-12 06:38:00,94.9
2025-06-12 21:03:00,60.5
2025-06-12 11:10:00,33.1
2025-06-12 10:09:00,64.6
2025-06-12 11:52:00,10.1
2025-06-12 21:51:00,49.4
2025-06-12 15:37:00,19.1
2025-06-12 17:51:00,54.7
2025-06-12 10:11:00,79.7
2025-06-12 22:11:00,1.3
2025-06-12 10:15:00,46.5
2025-06-12 09:17:00,66.6
2025-06-12 00:06:00,92.3
2025-06-12 09:24:00,8.0
2025-06-12 03:34:00,43.4
2025-06-12 20:47:00,46.8
2025-06-12 06:20:00,91.7
2025-06-12 19:11:00,65.9
2025-06-12 02:05:00,80.8
2025-06-12 10:07:00,59.4
2025-06-12 02:10:00,93.9
2025-06-12 09:25:00,70.5
2025-06-12 09:52:00,63.2
2025-06-12 22:49:00,63.6
2025-06-12 10:53:00,68.3
2025-06-12 06:34:00,87.6
2025-06-12 08:41:00,39.6
2025-06-12 05:19:00,15.6
2025-06-12 10:39:00,49.797736698660984
2025-06-12 23:48:00,33.7
2025-06-12 08:23:00,35.8
2025-06-12 02:02:00,66.8
2025-06-12 07:57:00,55.8
2025-06-12 16:03:00,39.1
2025-06-12 09:33:00,92.7
2025-06-12 06:01:00,0.4
2025-06-12 08:46:00,95.2
2025-06-12 16:09:00,22.0
2025-06-12 05:48:00,38.1
2025-06-12 12:16:00,37.5
2025-06-12 04:28:00,49.797736698660984
2025-06-12 23:49:00,68.3
2025-06-12 00:54:00,49.797736698660984
2025-06-12 16:45:00,6.0
2025-06-12 23:27:00,24.3
2025-06-12 00:25:00,62.7
2025-06-12 00:43:00,73.5
2025-06-12 10:21:00,92.3
2025-06-12 07:24:00,4.6
2025-06-12 00:09:00,60.0
2025-06-12 20:42:00,66.1
2025-06-12 16:58:00,78.9
2025-06-12 13:50:00,5.2
2025-06-12 04:03:00,70.8
2025-06-12 14:50:00,51.9
2025-06-12 18:14:00,72.0
2025-06-12 09:17:00,12.9
2025-06-12 16:29:00,20.1
2025-06-12 06:25:00,31.7
2025-06-12 02:57:00,56.3
2025-06-12 22:21:00,49.797736698660984
2025-06-12 19:52:00,20.3
2025-06-12 03:27:00,37.4
2025-06-12 11:24:00,82.8
2025-06-12 12:16:00,85.1
2025-06-12 14:22:00,43.0
2025-06-12 11:35:00,93.9
2025-06-12 08:19:00,98.8
2025-06-12 15:41:00,49.797736698660984
2025-06-12 14:55:00,2.1
2025-06-12 11:13:00,54.1
2025-06-12 11:51:00,71.1
2025-06-12 21:38:00,9.5
2025-06-12 11:59:00,7.8
2025-06-12 12:11:00,36.8
2025-06-12 10:27:00,99.2
2025-06-12 08:29:00,15.3
2025-06-12 07:40:00,87.2
2025-06-12 07:51:00,49.797736698660984
2025-06-12 12:51:00,25.4
2025-06-12 04:47:00,68.6
2025-06-12 20:15:00,56.6
2025-06-12 03:07:00,53.2
2025-06-12 17:55:00,18.5
2025-06-12 21:27:00,32.8
2025-06-12 18:08:00,49.797736698660984
2025-06-12 03:53:00,49.797736698660984
2025-06-12 21:23:00,71.8
2025-06-12 10:18:00,61.8
2025-06-12 08:17:00,56.2
2025-06-12 07:42:00,49.797736698660984
2025-06-12 09:51:00,0.1
2025-06-12 10:28:00,47.7
2025-06-12 02:13:00,99.8
2025-06-12 04:04:00,85.0
2025-06-12 01:52:00,65.7
2025-06-12 12:48:00,31.4
2025-06-12 11:13:00,82.5
2025-06-12 00:08:00,49.797736698660984
2025-06-12 12:24:00,66.1
2025-06-12 21:19:00,82.2
2025-06-12 21:58:00,7.1
2025-06-12 21:11:00,22.0
2025-06-12 18:21:00,83.5
2025-06-12 13:42:00,49.797736698660984
2025-06-12 01:10:00,97.8
2025-06-12 04:11:00,73.5
2025-06-12 16:49:00,64.4
2025-06-12 20:25:00,47.1
2025-06-12 09:31:00,94.7
2025-06-12 01:19:00,27.2
2025-06-12 08:45:00,86.1
2025-06-12 23:33:00,96.7
2025-06-12 00:20:00,34.9
2025-06-12 07:14:00,42.9
2025-06-12 12:57:00,14.9
2025-06-12 18:35:00,52.6
2025-06-12 02:37:00,17.5
2025-06-12 16:54:00,5.9
2025-06-12 03:44:00,21.6
2025-06-12 04:45:00,12.6
2025-06-12 15:54:00,41.0
2025-06-12 10:11:00,66.7
2025-06-12 17:26:00,59.5
2025-06-12 06:31:00,77.7
2025-06-12 20:43:00,50.9
2025-06-12 09:17:00,16.8
2025-06-12 13:05:00,6.6
2025-06-12 02:45:00,76.3
2025-06-12 09:32:00,41.2
2025-06-12 06:04:00,49.797736698660984
2025-06-12 21:49:00,61.0
2025-06-12 02:13:00,49.797736698660984
2025-06-12 01:12:00,62.7
2025-06-12 15:27:00,32.8
2025-06-12 01:01:00,86.2
2025-06-12 14:58:00,61.7
2025-06-12 04:11:00,28.2
2025-06-12 00:19:00,71.2
2025-06-12 14:37:00,76.1
2025-06-12 11:15:00,49.797736698660984
2025-06-12 04:32:00,78.1
2025-06-12 19:50:00,49.797736698660984
2025-06-12 06:45:00,2.2
2025-06-12 14:57:00,20.4
2025-06-12 00:15:00,50.8
2025-06-12 13:03:00,2.9
2025-06-12 07:48:00,86.6
2025-06-12 20:00:00,49.1
2025-06-12 01:18:00,14.2
2025-06-12 14:09:00,36.0
2025-06-12 10:58:00,71.9
2025-06-12 19:03:00,72.1
2025-06-12 19:30:00,35.8
2025-06-12 22:53:00,49.797736698660984
2025-06-12 23:48:00,23.5
2025-06-12 07:59:00,42.1
2025-06-12 13:11:00,30.9
2025-06-12 07:48:00,67.0
2025-06-12 17:13:00,49.797736698660984
2025-06-12 07:31:00,88.3
2025-06-12 01:59:00,94.7
2025-06-12 19:31:00,49.797736698660984
2025-06-12 06:15:00,49.797736698660984
2025-06-12 11:47:00,71.6
2025-06-12 14:03:00,2.9
2025-06-12 21:34:00,34.5
2025-06-12 00:49:00,58.2
2025-06-12 20:41:00,37.1
2025-06-12 11:24:00,31.6
2025-06-12 02:25:00,23.6
2025-06-12 07:50:00,18.7
2025-06-12 14:37:00,58.0
2025-06-12 23:59:00,49.797736698660984
2025-06-12 04:03:00,74.8
2025-06-12 20:41:00,3.5
2025-06-12 19:05:00,49.797736698660984
2025-06-12 07:43:00,49.797736698660984
2025-06-12 01:41:00,49.797736698660984
2025-06-12 02:45:00,9.6
2025-06-12 03:46:00,86.3
2025-06-12 10:30:00,49.797736698660984
2025-06-12 12:01:00,35.1
2025-06-12 21:47:00,52.5
2025-06-12 00:03:00,99.0
2025-06-12 00:30:00,80.2
2025-06-12 23:58:00,37.0
2025-06-12 14:50:00,21.3
2025-06-12 06:20:00,49.797736698660984
2025-06-12 08:28:00,35.8
2025-06-12 18:07:00,49.797736698660984
2025-06-12 07:53:00,49.797736698660984
2025-06-12 03:44:00,64.7
2025-06-12 11:08:00,31.6
2025-06-12 11:26:00,81.4
2025-06-12 03:04:00,60.8
2025-06-12 22:35:00,65.9
2025-06-12 17:25:00,25.3
2025-06-12 18:48:00,1.6
2025-06-12 06:43:00,49.797736698660984
2025-06-12 00:34:00,49.797736698660984
2025-06-12 00:35:00,96.0
2025-06-12 13:30:00,1.2
2025-06-12 00:26:00,87.3
2025-06-12 00:27:00,23.1
2025-06-12 10:00:00,72.8
2025-06-12 03:40:00,49.797736698660984
2025-06-12 23:13:00,49.797736698660984
2025-06-12 12:28:00,76.0
2025-06-12 08:01:00,37.1
2025-06-12 04:24:00,77.7
2025-06-12 03:30:00,93.2
2025-06-12 21:25:00,49.797736698660984
2025-06-12 09:25:00,7.5
2025-06-12 22:32:00,47.4
2025-06-12 17:47:00,80.2
2025-06-12 19:42:00,59.0
2025-06-12 20:57:00,15.3
2025-06-12 07:48:00,49.797736698660984
2025-06-12 06:45:00,96.1
2025-06-12 23:47:00,49.797736698660984
2025-06-12 12:11:00,54.3
2025-06-12 21:31:00,49.797736698660984
2025-06-12 01:37:00,74.9
2025-06-12 14:46:00,31.1
2025-06-12 07:07:00,35.7
2025-06-12 10:39:00,17.7
2025-06-12 03:28:00,29.7
2025-06-12 17:02:00,29.2
2025-06-12 19:42:00,96.2
2025-06-12 06:58:00,76.8
2025-06-12 14:02:00,51.3
2025-06-12 08:10:00,97.2
2025-06-12 07:14:00,16.5
2025-06-12 08:11:00,58.1
2025-06-12 02:53:00,58.5
2025-06-12 20:29:00,49.797736698660984
2025-06-12 06:36:00,44.2
2025-06-12 22:20:00,10.8
2025-06-12 10:00:00,68.8
2025-06-12 18:26:00,95.1
2025-06-12 05:55:00,49.797736698660984
2025-06-12 21:16:00,31.0
2025-06-12 06:21:00,36.0
2025-06-12 21:52:00,72.8
2025-06-12 19:18:00,14.4
2025-06-12 09:56:00,47.9
2025-06-12 03:07:00,41.6
2025-06-12 04:35:00,61.9
2025-06-12 17:12:00,49.797736698660984
2025-06-12 04:21:00,56.2
2025-06-12 00:02:00,28.0
2025-06-12 12:27:00,93.3
2025-06-12 12:34:00,76.5
2025-06-12 17:55:00,70.0
2025-06-12 13:45:00,45.1
2025-06-12 14:13:00,14.7
2025-06-12 23:05:00,52.5
2025-06-12 16:32:00,32.6
2025-06-12 08:31:00,57.5
2025-06-12 03:18:00,49.797736698660984
2025-06-12 20:19:00,64.3
2025-06-12 21:39:00,1.4
2025-06-12 03:52:00,60.2
2025-06-12 05:37:00,60.5
2025-06-12 06:15:00,49.797736698660984
2025-06-12 16:25:00,42.4
2025-06-12 18:03:00,25.5
2025-06-12 18:11:00,30.1
2025-06-12 22:06:00,31.7
2025-06-12 22:23:00,59.9
2025-06-12 02:47:00,49.797736698660984
2025-06-12 13:58:00,49.797736698660984
2025-06-12 19:23:00,75.9
2025-06-12 03:47:00,17.4
2025-06-12 12:58:00,49.797736698660984
2025-06-12 10:08:00,9.6
2025-06-12 12:33:00,30.5
2025-06-12 21:23:00,76.8
2025-06-12 16:16:00,9.4
2025-06-12 07:01:00,28.4
2025-06-12 03:51:00,6.7
2025-06-12 00:24:00,24.7
2025-06-12 23:18:00,19.4
2025-06-12 17:23:00,49.797736698660984
2025-06-12 10:45:00,57.9
2025-06-12 12:35:00,55.7
2025-06-12 06:23:00,39.6
2025-06-12 09:07:00,42.9
2025-06-12 15:17:00,49.797736698660984
2025-06-12 20:41:00,3.2
2025-06-12 21:34:00,48.0
2025-06-12 01:35:00,91.5
2025-06-12 09:19:00,37.8
2025-06-12 18:55:00,66.3
2025-06-12 00:56:00,79.8
2025-06-12 18:53:00,17.8
2025-06-12 18:39:00,70.6
2025-06-12 20:24:00,94.8
2025-06-12 09:29:00,91.7
2025-06-12 14:10:00,68.3
2025-06-12 20:07:00,49.797736698660984
2025-06-12 21:50:00,92.5
2025-06-12 19:59:00,1.0
2025-06-12 19:45:00,3.1
2025-06-12 17:40:00,49.797736698660984
2025-06-12 10:38:00,61.0
2025-06-12 06:34:00,27.3
2025-06-12 08:13:00,12.6
2025-06-12 06:24:00,74.1
2025-06-12 18:05:00,30.7
2025-06-12 00:28:00,21.1
2025-06-12 17:16:00,41.2
2025-06-12 18:57:00,67.0
2025-06-12 22:40:00,5.8
2025-06-12 13:29:00,27.2
2025-06-12 06:40:00,54.0
2025-06-12 23:58:00,22.1
2025-06-12 09:58:00,90.1
2025-06-12 19:44:00,4.5
2025-06-12 03:22:00,35.5
2025-06-12 03:14:00,17.3
2025-06-12 18:03:00,50.18136565940501
2025-06-12 20:58:00,61.2
2025-06-12 14:47:00,19.4
2025-06-12 14:48:00,50.18136565940501
2025-06-12 11:40:00,53.4
2025-06-12 07:02:00,12.8
2025-06-12 15:09:00,50.18136565940501
2025-06-12 08:47:00,28.3
2025-06-12 05:17:00,18.0
2025-06-12 10:47:00,19.7
2025-06-12 05:38:00,47.1
2025-06-12 14:10:00,33.7
2025-06-12 19:48:00,89.8
2025-06-12 03:57:00,50.18136565940501
2025-06-12 06:47:00,13.0
2025-06-12 06:30:00,23.2
2025-06-12 10:27:00,70.0
2025-06-12 14:02:00,50.18136565940501
2025-06-12 12:04:00,48.3
2025-06-12 17:29:00,49.9
2025-06-12 13:23:00,6.7
2025-06-12 23:33:00,60.4
2025-06-12 00:15:00,50.18136565940501
2025-06-12 12:15:00,96.5
2025-06-12 00:02:00,50.18136565940501
2025-06-12 20:44:00,50.18136565940501
2025-06-12 14:16:00,67.5
2025-06-12 21:25:00,60.0
2025-06-12 23:31:00,35.1
2025-06-12 04:26:00,9.3
2025-06-12 08:09:00,50.18136565940501
2025-06-12 05:21:00,58.8
2025-06-12 14:46:00,14.9
2025-06-12 09:06:00,50.18136565940501
2025-06-12 22:42:00,98.1
2025-06-12 01:29:00,85.4
2025-06-12 16:38:00,99.4
2025-06-12 06:42:00,50.18136565940501
2025-06-12 11:29:00,50.18136565940501
2025-06-12 02:35:00,9.9
2025-06-12 23:53:00,85.9
2025-06-12 09:30:00,14.7
2025-06-12 03:53:00,86.7
2025-06-12 10:00:00,93.9
2025-06-12 15:19:00,4.1
2025-06-12 05:45:00,8.4
2025-06-12 02:09:00,55.3
2025-06-12 20:34:00,9.8
2025-06-12 03:28:00,55.6
2025-06-12 10:47:00,34.0
2025-06-12 06:53:00,44.4
2025-06-12 08:34:00,50.18136565940501
2025-06-12 10:42:00,75.3
2025-06-12 11:16:00,50.18136565940501
2025-06-12 14:03:00,21.8
2025-06-12 20:54:00,50.18136565940501
2025-06-12 14:22:00,30.4
2025-06-12 18:02:00,50.18136565940501
2025-06-12 23:43:00,13.2
2025-06-12 13:46:00,84.7
2025-06-12 16:39:00,89.9
2025-06-12 12:20:00,39.0
2025-06-12 18:57:00,98.6
2025-06-12 20:53:00,36.1
2025-06-12 05:29:00,28.0
2025-06-12 21:20:00,76.0
2025-06-12 12:37:00,42.0
2025-06-12 21:02:00,77.6
2025-06-12 17:12:00,38.9
2025-06-12 07:01:00,84.0
2025-06-12 11:29:00,50.18136565940501
2025-06-12 09:22:00,31.2
2025-06-12 17:22:00,43.7
2025-06-12 04:49:00,73.6
2025-06-12 01:19:00,95.7
2025-06-12 01:33:00,93.0
2025-06-12 09:43:00,69.3
2025-06-12 02:45:00,0.3
2025-06-12 10:56:00,56.8
2025-06-12 20:35:00,50.18136565940501
2025-06-12 21:57:00,13.8
2025-06-12 09:31:00,30.4
2025-06-12 12:13:00,55.7
2025-06-12 03:36:00,50.2
2025-06-12 16:56:00,50.18136565940501
2025-06-12 08:06:00,27.0
2025-06-12 08:50:00,43.2
2025-06-12 12:10:00,5.7
2025-06-12 14:37:00,43.0
2025-06-12 11:08:00,74.4
2025-06-12 03:39:00,52.7
2025-06-12 01:07:00,33.5
2025-06-12 09:20:00,50.18136565940501
2025-06-12 23:56:00,42.9
2025-06-12 02:27:00,99.1
2025-06-12 11:56:00,32.3
2025-06-12 17:04:00,50.18136565940501
2025-06-12 04:21:00,82.0
2025-06-12 14:51:00,86.6
2025-06-12 00:21:00,16.6
2025-06-12 03:27:00,69.4
2025-06-12 06:38:00,53.4
2025-06-12 01:43:00,51.7
2025-06-12 20:16:00,50.18136565940501
2025-06-12 10:17:00,41.2
2025-06-12 00:15:00,62.0
2025-06-12 01:33:00,8.3
2025-06-12 12:16:00,17.1
2025-06-12 04:40:00,50.18136565940501
2025-06-12 18:53:00,80.2
2025-06-12 19:12:00,48.2
2025-06-12 02:23:00,33.2
2025-06-12 04:03:00,59.0
2025-06-12 03:35:00,41.0
2025-06-12 19:48:00,50.18136565940501
2025-06-12 05:03:00,58.7
2025-06-12 02:58:00,46.0
2025-06-12 09:16:00,59.5
2025-06-12 10:07:00,51.8
2025-06-12 05:41:00,43.4
2025-06-12 15:19:00,93.4
2025-06-12 20:09:00,95.3
2025-06-12 02:05:00,3.0
2025-06-12 02:27:00,34.2
2025-06-12 20:51:00,19.4
2025-06-12 05:58:00,50.18136565940501
2025-06-12 16:16:00,50.18136565940501
2025-06-12 05:59:00,77.8
2025-06-12 09:06:00,21.9
2025-06-12 14:11:00,19.8
2025-06-12 16:02:00,89.8
2025-06-12 10:55:00,50.18136565940501
2025-06-12 21:47:00,41.2
2025-06-12 03:43:00,42.0
2025-06-12 11:33:00,50.18136565940501
2025-06-12 16:14:00,50.18136565940501
2025-06-12 06:12:00,15.9
2025-06-12 19:31:00,50.18136565940501
2025-06-12 10:47:00,49.3
2025-06-12 15:51:00,1.4
2025-06-12 15:54:00,18.3
2025-06-12 04:00:00,53.3
2025-06-12 06:09:00,71.6
2025-06-12 21:28:00,10.6
2025-06-12 02:46:00,18.7
2025-06-12 06:44:00,51.7
2025-06-12 17:07:00,51.9
2025-06-12 06:42:00,11.8
2025-06-12 08:16:00,30.5
2025-06-12 06:13:00,42.5
2025-06-12 12:37:00,40.7
2025-06-12 09:53:00,50.18136565940501
2025-06-12 06:51:00,20.5
2025-06-12 11:45:00,50.18136565940501
2025-06-12 21:23:00,52.3
2025-06-12 21:35:00,50.18136565940501
2025-06-12 19:15:00,11.6
2025-06-12 00:49:00,6.8
2025-06-12 21:09:00,9.6
2025-06-12 18:25:00,94.1
2025-06-12 00:40:00,97.6
2025-06-12 18:19:00,41.4
2025-06-12 09:34:00,50.18136565940501
2025-06-12 13:33:00,46.2
2025-06-12 11:07:00,42.3
2025-06-12 09:01:00,2.4
2025-06-12 20:41:00,67.2
2025-06-12 23:25:00,50.18136565940501
2025-06-12 08:58:00,28.3
2025-06-12 08:41:00,92.1
2025-06-12 23:46:00,28.9
2025-06-12 21:44:00,81.7
2025-06-12 16:01:00,20.0
2025-06-12 05:21:00,50.9
2025-06-12 06:21:00,37.9
2025-06-12 18:55:00,50.18136565940501
2025-06-12 06:07:00,64.9
2025-06-12 15:06:00,78.9
2025-06-12 07:59:00,59.8
2025-06-12 09:33:00,54.3
2025-06-12 00:48:00,50.4
2025-06-12 03:35:00,76.9
2025-06-12 07:05:00,32.3
2025-06-12 19:08:00,50.18136565940501
2025-06-12 00:18:00,22.0
2025-06-12 20:08:00,76.6
2025-06-12 19:03:00,89.7
2025-06-12 17:02:00,40.8
2025-06-12 11:18:00,84.5
2025-06-12 15:15:00,98.7
2025-06-12 09:27:00,23.7
2025-06-12 13:42:00,6.2
2025-06-12 13:15:00,48.6
2025-06-12 18:38:00,15.5
2025-06-12 13:42:00,62.6
2025-06-12 19:17:00,50.18136565940501
2025-06-12 11:32:00,95.1
2025-06-12 10:10:00,50.18136565940501
2025-06-12 09:38:00,94.8
2025-06-12 08:52:00,50.18136565940501
2025-06-12 13:41:00,6.5
2025-06-12 09:37:00,26.4
2025-06-12 17:21:00,14.6
2025-06-12 09:44:00,17.8
2025-06-12 16:48:00,35.5
2025-06-12 21:56:00,4.4
2025-06-12 18:35:00,27.7
2025-06-12 18:47:00,75.4
2025-06-12 07:52:00,50.18136565940501
2025-06-12 12:57:00,18.8
2025-06-12 19:46:00,69.5
2025-06-12 11:13:00,11.0
2025-06-12 05:06:00,63.4
2025-06-12 17:27:00,51.9
2025-06-12 19:36:00,12.0
2025-06-12 10:57:00,47.7
2025-06-12 15:26:00,10.1
2025-06-12 15:30:00,23.8
2025-06-12 06:04:00,75.9
2025-06-12 20:30:00,43.4
2025-06-12 18:39:00,22.1
2025-06-12 17:02:00,76.8
2025-06-12 06:01:00,36.9
2025-06-12 16:14:00,12.7
2025-06-12 04:18:00,76.0
2025-06-12 10:26:00,57.3
2025-06-12 03:15:00,60.2
2025-06-12 12:04:00,38.2
2025-06-12 12:19:00,57.1
2025-06-12 16:54:00,14.6
2025-06-12 18:06:00,5.8
2025-06-12 05:33:00,58.9
2025-06-12 21:51:00,83.4
2025-06-12 09:39:00,83.7
2025-06-12 09:37:00,22.5
2025-06-12 06:27:00,57.7
2025-06-12 22:00:00,61.5
2025-06-12 09:51:00,74.7
2025-06-12 12:07:00,4.1
2025-06-12 13:47:00,65.1
2025-06-12 03:37:00,50.18136565940501
2025-06-12 12:56:00,39.5
2025-06-12 17:25:00,63.3
2025-06-12 16:01:00,70.1
2025-06-12 06:27:00,68.0
2025-06-12 22:47:00,65.3
2025-06-12 10:06:00,46.4
2025-06-12 09:31:00,4.1
2025-06-12 14:14:00,70.6
2025-06-12 06:11:00,94.3
2025-06-12 07:30:00,4.4
2025-06-12 14:20:00,61.3
2025-06-12 10:28:00,99.9
2025-06-12 07:23:00,19.8
2025-06-12 23:33:00,94.0
2025-06-12 04:44:00,12.2
2025-06-12 13:54:00,44.9
2025-06-12 06:07:00,84.7
2025-06-12 08:36:00,41.1
2025-06-12 11:32:00,5.0
2025-06-12 20:45:00,30.5
2025-06-12 07:24:00,65.3
2025-06-12 19:18:00,66.4
2025-06-12 14:58:00,26.6
2025-06-12 10:54:00,52.4
2025-06-12 18:19:00,68.5
2025-06-12 21:20:00,12.3
2025-06-12 04:44:00,24.2
2025-06-12 07:21:00,26.8
2025-06-12 02:52:00,54.0
2025-06-12 17:00:00,97.1
2025-06-12 21:14:00,61.0
2025-06-12 21:38:00,75.8
2025-06-12 00:04:00,85.9
2025-06-12 12:54:00,35.5
2025-06-12 18:00:00,16.5
2025-06-12 09:05:00,88.1
2025-06-12 14:49:00,46.6
2025-06-12 03:35:00,54.8
2025-06-12 06:11:00,50.18136565940501
2025-06-12 16:29:00,57.4
2025-06-12 18:01:00,51.2
2025-06-12 06:32:00,21.6
2025-06-12 19:58:00,2.3
2025-06-12 12:05:00,45.6
2025-06-12 01:28:00,94.9
2025-06-12 07:22:00,22.3
2025-06-12 20:20:00,21.1
2025-06-12 17:08:00,81.8
2025-06-12 01:28:00,46.1
2025-06-12 17:01:00,95.8
2025-06-12 05:06:00,12.3
2025-06-12 01:56:00,41.8
2025-06-12 07:02:00,71.2
2025-06-12 23:12:00,11.5
2025-06-12 17:52:00,50.18136565940501
2025-06-12 12:20:00,28.5
2025-06-12 07:26:00,65.3
2025-06-12 11:03:00,96.5
2025-06-12 21:58:00,33.4
2025-06-12 22:45:00,59.4
2025-06-12 11:40:00,53.1
2025-06-12 04:19:00,99.1
2025-06-12 06:56:00,68.4
2025-06-12 17:05:00,94.3
2025-06-12 23:46:00,37.1
2025-06-12 05:51:00,49.7
2025-06-12 04:02:00,20.9
2025-06-12 09:37:00,25.7
2025-06-12 09:33:00,50.18136565940501
2025-06-12 06:19:00,50.18136565940501
2025-06-12 09:57:00,77.7
2025-06-12 05:54:00,72.5
2025-06-12 05:35:00,87.8
2025-06-12 08:16:00,89.1
2025-06-12 10:01:00,84.6
2025-06-12 15:08:00,7.7
2025-06-12 15:02:00,50.18136565940501
2025-06-12 18:32:00,34.0
2025-06-12 19:02:00,44.9
2025-06-12 23:53:00,95.4
2025-06-12 11:24:00,99.1
2025-06-12 04:48:00,49.5
2025-06-12 07:50:00,68.9
2025-06-12 10:44:00,20.6
2025-06-12 14:47:00,75.0
2025-06-12 15:08:00,45.5
2025-06-12 06:12:00,26.6
2025-06-12 23:19:00,99.7
2025-06-12 20:30:00,50.18136565940501
2025-06-12 17:29:00,35.6
2025-06-12 13:47:00,14.7
2025-06-12 01:30:00,93.2
2025-06-12 14:11:00,85.3
2025-06-12 07:02:00,24.7
2025-06-12 18:02:00,49.66792053602915
2025-06-12 17:41:00,39.9
2025-06-12 07:57:00,24.0
2025-06-12 03:56:00,50.5
2025-06-12 18:42:00,3.1
2025-06-12 09:10:00,38.1
2025-06-12 03:58:00,49.66792053602915
2025-06-12 09:52:00,68.7
2025-06-12 04:14:00,41.0
2025-06-12 10:54:00,76.1
2025-06-12 13:23:00,17.3
2025-06-12 14:14:00,15.0
2025-06-12 14:21:00,49.66792053602915
2025-06-12 17:32:00,61.4
2025-06-12 19:12:00,19.1
2025-06-12 23:30:00,44.1
2025-06-12 17:21:00,49.66792053602915
2025-06-12 22:31:00,51.4
2025-06-12 09:09:00,68.6
2025-06-12 17:16:00,16.4
2025-06-12 11:45:00,85.8
2025-06-12 04:45:00,75.9
2025-06-12 18:55:00,15.6
2025-06-12 01:16:00,49.66792053602915
2025-06-12 08:05:00,9.1
2025-06-12 15:24:00,62.8
2025-06-12 06:44:00,55.5
2025-06-12 13:25:00,50.3
2025-06-12 12:42:00,49.66792053602915
2025-06-12 09:00:00,8.6
2025-06-12 15:13:00,49.66792053602915
2025-06-12 00:39:00,44.2
2025-06-12 21:51:00,55.3
2025-06-12 05:04:00,42.4
2025-06-12 15:47:00,49.66792053602915
2025-06-12 20:15:00,44.3
2025-06-12 07:01:00,48.7
2025-06-12 19:40:00,28.4
2025-06-12 19:52:00,36.4
2025-06-12 08:20:00,11.4
2025-06-12 20:09:00,33.8
2025-06-12 12:24:00,32.2
2025-06-12 21:15:00,25.1
2025-06-12 11:19:00,40.1
2025-06-12 16:22:00,63.9
2025-06-12 23:50:00,41.8
2025-06-12 01:13:00,9.9
2025-06-12 20:25:00,25.3
2025-06-12 09:31:00,8.9
2025-06-12 16:39:00,61.2
2025-06-12 16:24:00,49.66792053602915
2025-06-12 06:54:00,58.6
2025-06-12 22:44:00,43.6
2025-06-12 04:00:00,49.66792053602915
2025-06-12 08:24:00,59.3
2025-06-12 05:14:00,26.7
2025-06-12 11:31:00,77.2
2025-06-12 05:07:00,56.3
2025-06-12 08:58:00,34.0
2025-06-12 01:41:00,35.4
2025-06-12 10:13:00,60.6
2025-06-12 16:08:00,49.66792053602915
2025-06-12 00:13:00,60.0
2025-06-12 16:21:00,68.0
2025-06-12 05:06:00,3.7
2025-06-12 11:53:00,53.9
2025-06-12 14:10:00,49.66792053602915
2025-06-12 19:10:00,25.2
2025-06-12 00:10:00,32.6
2025-06-12 21:08:00,71.6
2025-06-12 18:57:00,27.0
2025-06-12 03:54:00,34.3
2025-06-12 07:46:00,14.9
2025-06-12 04:52:00,49.66792053602915
2025-06-12 06:47:00,85.4
2025-06-12 18:14:00,3.9
2025-06-12 19:33:00,64.4
2025-06-12 14:16:00,33.1
2025-06-12 09:20:00,32.7
2025-06-12 08:43:00,67.5
2025-06-12 06:38:00,65.2
2025-06-12 19:10:00,50.9
2025-06-12 08:30:00,82.3
2025-06-12 04:08:00,49.66792053602915
2025-06-12 02:17:00,95.9
2025-06-12 17:50:00,49.66792053602915
2025-06-12 02:52:00,32.9
2025-06-12 22:14:00,36.5
2025-06-12 17:52:00,72.1
2025-06-12 08:33:00,11.4
2025-06-12 09:14:00,96.6
2025-06-12 14:34:00,22.3
2025-06-12 13:00:00,91.2
2025-06-12 22:20:00,90.3
2025-06-12 07:29:00,87.3
2025-06-12 18:34:00,49.66792053602915
2025-06-12 07:17:00,49.66792053602915
2025-06-12 23:29:00,8.8
2025-06-12 16:56:00,49.66792053602915
2025-06-12 23:52:00,87.0
2025-06-12 08:38:00,23.4
2025-06-12 04:16:00,9.5
2025-06-12 21:07:00,49.66792053602915
2025-06-12 18:37:00,12.7
2025-06-12 07:54:00,55.0
2025-06-12 01:27:00,49.5
2025-06-12 18:58:00,83.8
2025-06-12 01:12:00,32.6
2025-06-12 08:47:00,14.2
2025-06-12 11:10:00,52.9
2025-06-12 06:09:00,44.0
2025-06-12 11:06:00,49.66792053602915
2025-06-12 12:54:00,31.4
2025-06-12 02:33:00,49.66792053602915
2025-06-12 13:59:00,37.0
2025-06-12 18:33:00,27.5
2025-06-12 17:31:00,49.66792053602915
2025-06-12 16:10:00,49.66792053602915
2025-06-12 13:13:00,78.9
2025-06-12 21:20:00,68.6
2025-06-12 20:39:00,67.5
2025-06-12 14:46:00,22.6
2025-06-12 16:42:00,66.4
2025-06-12 03:35:00,98.0
2025-06-12 13:43:00,70.6
2025-06-12 10:22:00,73.5
2025-06-12 11:59:00,64.5
2025-06-12 16:58:00,81.0
2025-06-12 09:11:00,83.3
2025-06-12 13:57:00,30.0
2025-06-12 08:59:00,49.66792053602915
2025-06-12 20:57:00,17.4
2025-06-12 23:51:00,25.2
2025-06-12 22:29:00,71.8
2025-06-12 02:03:00,30.1
2025-06-12 13:12:00,14.5
2025-06-12 00:46:00,49.66792053602915
2025-06-12 17:09:00,91.9
2025-06-12 18:09:00,49.66792053602915
2025-06-12 00:54:00,61.3
2025-06-12 09:28:00,49.66792053602915
2025-06-12 09:03:00,42.2
2025-06-12 19:15:00,18.0
2025-06-12 14:17:00,45.8
2025-06-12 11:56:00,83.1
2025-06-12 10:43:00,61.2
2025-06-12 20:18:00,39.8
2025-06-12 18:08:00,49.66792053602915
2025-06-12 03:39:00,44.4
2025-06-12 10:09:00,18.4
2025-06-12 15:38:00,97.6
2025-06-12 13:30:00,10.5
2025-06-12 08:57:00,49.66792053602915
2025-06-12 13:11:00,42.6
2025-06-12 23:41:00,2.3
2025-06-12 15:33:00,23.0
2025-06-12 18:31:00,54.7
2025-06-12 11:01:00,0.5
2025-06-12 06:46:00,3.3
2025-06-12 14:13:00,38.2
2025-06-12 07:15:00,88.0
2025-06-12 22:26:00,49.66792053602915
2025-06-12 23:56:00,35.8
2025-06-12 04:19:00,50.9
2025-06-12 02:42:00,32.1
2025-06-12 00:05:00,58.7
2025-06-12 23:16:00,87.3
2025-06-12 08:47:00,54.8
2025-06-12 21:59:00,76.7
2025-06-12 03:15:00,15.8
2025-06-12 12:34:00,56.2
2025-06-12 04:47:00,49.66792053602915
2025-06-12 18:32:00,25.4
2025-06-12 22:49:00,88.6
2025-06-12 04:43:00,51.8
2025-06-12 08:46:00,49.66792053602915
2025-06-12 00:56:00,7.9
2025-06-12 10:19:00,62.5
2025-06-12 20:28:00,39.3
2025-06-12 16:38:00,42.3
2025-06-12 06:04:00,17.5
2025-06-12 21:54:00,9.0
2025-06-12 00:37:00,32.4
2025-06-12 08:06:00,49.66792053602915
2025-06-12 02:46:00,2.5
2025-06-12 17:20:00,65.7
2025-06-12 11:06:00,25.5
2025-06-12 11:26:00,45.7
2025-06-12 13:18:00,17.7
2025-06-12 01:30:00,49.66792053602915
2025-06-12 19:10:00,12.7
2025-06-12 14:26:00,49.66792053602915
2025-06-12 12:43:00,58.3
2025-06-12 07:20:00,18.9
2025-06-12 12:21:00,3.9
2025-06-12 02:11:00,44.5
2025-06-12 06:49:00,8.1
2025-06-12 13:07:00,29.0
2025-06-12 02:16:00,16.4
2025-06-12 08:04:00,39.3
2025-06-12 01:16:00,68.6
2025-06-12 20:42:00,57.3
2025-06-12 14:20:00,41.3
2025-06-12 01:56:00,68.0
2025-06-12 13:59:00,96.9
2025-06-12 10:32:00,82.9
2025-06-12 13:50:00,51.7
2025-06-12 18:28:00,88.5
2025-06-12 18:01:00,49.66792053602915
2025-06-12 20:13:00,8.3
2025-06-12 03:00:00,9.1
2025-06-12 19:41:00,9.7
2025-06-12 06:10:00,49.66792053602915
2025-06-12 08:53:00,68.1
2025-06-12 08:13:00,24.6
2025-06-12 18:50:00,90.1
2025-06-12 05:10:00,23.8
2025-06-12 13:09:00,8.3
2025-06-12 22:49:00,52.0
2025-06-12 21:04:00,6.9
2025-06-12 08:30:00,60.4
2025-06-12 23:47:00,86.9
2025-06-12 04:58:00,32.3
2025-06-12 21:38:00,49.66792053602915
2025-06-12 04:23:00,49.66792053602915
2025-06-12 19:20:00,64.1
2025-06-12 11:56:00,75.8
2025-06-12 11:56:00,20.6
2025-06-12 20:30:00,6.5
2025-06-12 15:00:00,2.1
2025-06-12 21:18:00,9.2
2025-06-12 21:25:00,49.66792053602915
2025-06-12 17:19:00,57.8
2025-06-12 14:58:00,49.66792053602915
2025-06-12 10:12:00,55.0
2025-06-12 01:14:00,80.5
2025-06-12 15:44:00,30.2
2025-06-12 00:45:00,93.4
2025-06-12 14:51:00,73.4
2025-06-12 03:29:00,49.66792053602915
2025-06-12 11:26:00,82.1
2025-06-12 11:06:00,47.3
2025-06-12 13:35:00,11.5
2025-06-12 05:28:00,17.1
2025-06-12 06:33:00,72.8
2025-06-12 21:25:00,49.66792053602915
2025-06-12 22:38:00,10.6
2025-06-12 09:18:00,49.66792053602915
2025-06-12 09:22:00,83.2
2025-06-12 00:23:00,67.9
2025-06-12 14:46:00,49.66792053602915
2025-06-12 21:49:00,52.3
2025-06-12 05:26:00,80.5
2025-06-12 21:47:00,60.7
2025-06-12 21:11:00,49.66792053602915
2025-06-12 19:37:00,69.6
2025-06-12 10:07:00,9.0
2025-06-12 06:43:00,23.0
2025-06-12 06:57:00,39.2
2025-06-12 08:27:00,31.5
2025-06-12 07:55:00,95.0
2025-06-12 03:23:00,12.9
2025-06-12 00:32:00,64.0
2025-06-12 15:54:00,19.4
2025-06-12 07:36:00,17.9
2025-06-12 03:59:00,78.9
2025-06-12 21:10:00,79.8
2025-06-12 10:06:00,7.5
2025-06-12 06:21:00,2.2
2025-06-12 21:29:00,74.1
2025-06-12 07:45:00,49.66792053602915
2025-06-12 00:15:00,49.66792053602915
2025-06-12 00:06:00,37.2
2025-06-12 02:13:00,16.8
2025-06-12 08:51:00,49.66792053602915
2025-06-12 11:39:00,62.9
2025-06-12 05:28:00,70.4
2025-06-12 22:16:00,69.1
2025-06-12 22:08:00,95.9
2025-06-12 20:35:00,46.1
2025-06-12 14:15:00,49.66792053602915
2025-06-12 18:02:00,31.9
2025-06-12 15:08:00,80.1
2025-06-12 10:43:00,3.6
2025-06-12 05:35:00,58.6
2025-06-12 20:54:00,60.8
2025-06-12 05:05:00,47.7
2025-06-12 03:08:00,10.7
2025-06-12 19:42:00,82.2
2025-06-12 10:29:00,41.0
2025-06-12 18:31:00,19.7
2025-06-12 00:59:00,31.4
2025-06-12 18:52:00,4.7
2025-06-12 16:08:00,17.1
2025-06-12 17:55:00,9.2
2025-06-12 13:18:00,5.3
2025-06-12 15:27:00,65.8
2025-06-12 18:28:00,49.66792053602915
2025-06-12 17:04:00,66.8
2025-06-12 18:46:00,16.6
2025-06-12 07:30:00,42.2
2025-06-12 20:15:00,27.5
2025-06-12 04:11:00,7.2
2025-06-12 04:03:00,49.66792053602915
2025-06-12 07:51:00,56.7
2025-06-12 19:55:00,25.2
2025-06-12 08:36:00,29.8
2025-06-12 18:33:00,49.66792053602915
2025-06-12 23:06:00,77.6
2025-06-12 03:39:00,34.8
2025-06-12 05:30:00,36.7
2025-06-12 16:21:00,72.2
2025-06-12 04:45:00,77.7
2025-06-12 19:08:00,68.4
2025-06-12 19:02:00,20.6
2025-06-12 07:06:00,15.6
2025-06-12 04:16:00,53.3
2025-06-12 02:38:00,13.5
2025-06-12 01:16:00,49.66792053602915
2025-06-12 22:17:00,49.66792053602915
2025-06-12 08:10:00,80.3
2025-06-12 21:26:00,58.6
2025-06-12 07:53:00,68.8
2025-06-12 04:33:00,38.6
2025-06-12 01:41:00,30.4
2025-06-12 03:40:00,45.3
2025-06-12 01:46:00,93.3
2025-06-12 16:47:00,93.6
2025-06-12 17:34:00,91.6
2025-06-12 10:34:00,49.66792053602915
2025-06-12 08:52:00,45.1
2025-06-12 12:05:00,49.66792053602915
2025-06-12 21:38:00,29.2
2025-06-12 01:09:00,77.0
2025-06-12 01:34:00,70.3
2025-06-12 06:35:00,55.0
2025-06-12 05:50:00,3.8
2025-06-12 21:06:00,39.6
2025-06-12 22:18:00,19.0
2025-06-12 01:17:00,88.6
2025-06-12 20:29:00,49.66792053602915
2025-06-12 08:41:00,9.8
2025-06-12 10:25:00,97.7
2025-06-12 15:18:00,59.8
2025-06-12 03:20:00,49.1
2025-06-12 15:14:00,43.0
2025-06-12 08:14:00,6.8
2025-06-12 07:35:00,49.66792053602915
2025-06-12 16:14:00,80.3
2025-06-12 10:03:00,55.0
2025-06-12 11:22:00,49.66792053602915
2025-06-12 07:39:00,54.6
2025-06-12 19:48:00,49.66792053602915
2025-06-12 19:19:00,3.9
2025-06-12 12:25:00,49.66792053602915
2025-06-12 14:52:00,16.5
2025-06-12 23:58:00,66.8
2025-06-12 02:29:00,21.4
2025-06-12 08:04:00,49.66792053602915
2025-06-12 16:27:00,12.1
2025-06-12 06:38:00,17.4
2025-06-12 04:50:00,37.0
2025-06-12 03:50:00,56.5
2025-06-12 18:30:00,26.0
2025-06-12 18:41:00,58.2
2025-06-12 06:35:00,93.4
2025-06-12 10:34:00,33.8
2025-06-12 09:00:00,50.4
2025-06-12 00:01:00,19.2
2025-06-12 22:23:00,93.8
2025-06-12 16:10:00,25.3
2025-06-12 07:36:00,49.82591552591553
2025-06-12 22:57:00,35.7
2025-06-12 23:02:00,75.6
2025-06-12 12:11:00,62.2
2025-06-12 22:42:00,87.8
2025-06-12 00:11:00,89.9
2025-06-12 16:36:00,70.9
2025-06-12 09:19:00,40.5
2025-06-12 09:38:00,49.82591552591553
2025-06-12 11:24:00,10.1
2025-06-12 21:25:00,3.1
2025-06-12 18:42:00,84.1
2025-06-12 04:25:00,91.9
2025-06-12 22:48:00,40.5
2025-06-12 17:57:00,96.1
2025-06-12 15:17:00,76.1
2025-06-12 00:37:00,72.3
2025-06-12 09:01:00,51.0
2025-06-12 17:02:00,30.9
2025-06-12 21:05:00,2.2
2025-06-12 14:43:00,49.82591552591553
2025-06-12 13:39:00,19.2
2025-06-12 09:51:00,100.0
2025-06-12 10:29:00,49.82591552591553
2025-06-12 17:59:00,49.82591552591553
2025-06-12 03:15:00,46.3
2025-06-12 04:50:00,90.4
2025-06-12 18:29:00,93.6
2025-06-12 08:52:00,36.5
2025-06-12 06:47:00,10.5
2025-06-12 21:23:00,48.6
2025-06-12 09:31:00,49.82591552591553
2025-06-12 05:30:00,50.3
2025-06-12 12:22:00,4.0
2025-06-12 02:21:00,17.4
2025-06-12 05:01:00,3.9
2025-06-12 02:12:00,49.82591552591553
2025-06-12 14:22:00,49.82591552591553
2025-06-12 16:19:00,87.0
2025-06-12 14:31:00,44.3
2025-06-12 08:41:00,91.3
2025-06-12 07:03:00,49.82591552591553
2025-06-12 09:15:00,27.2
2025-06-12 06:17:00,49.82591552591553
2025-06-12 22:03:00,25.7
2025-06-12 23:05:00,49.82591552591553
2025-06-12 15:11:00,50.5
2025-06-12 17:46:00,46.4
2025-06-12 15:04:00,93.2
2025-06-12 13:44:00,69.5
2025-06-12 23:09:00,40.2
2025-06-12 13:11:00,98.9
2025-06-12 03:10:00,56.9
2025-06-12 13:27:00,92.9
2025-06-12 16:03:00,55.5
2025-06-12 15:00:00,61.5
2025-06-12 22:03:00,24.5
2025-06-12 14:22:00,91.8
2025-06-12 16:29:00,70.2
2025-06-12 07:32:00,72.4
2025-06-12 05:58:00,64.1
2025-06-12 17:52:00,49.82591552591553
2025-06-12 00:29:00,49.82591552591553
2025-06-12 14:27:00,94.9
2025-06-12 05:24:00,21.1
2025-06-12 02:49:00,46.6
2025-06-12 01:18:00,64.4
2025-06-12 07:38:00,83.2
2025-06-12 00:47:00,82.1
2025-06-12 02:08:00,53.8
2025-06-12 20:11:00,94.6
2025-06-12 04:57:00,24.1
2025-06-12 10:38:00,11.8
2025-06-12 05:17:00,63.6
2025-06-12 08:09:00,40.9
2025-06-12 11:43:00,49.82591552591553
2025-06-12 15:11:00,48.8
2025-06-12 04:23:00,42.9
2025-06-12 23:48:00,59.3
2025-06-12 07:45:00,49.82591552591553
2025-06-12 09:45:00,49.82591552591553
2025-06-12 20:54:00,45.6
2025-06-12 03:33:00,22.4
2025-06-12 10:20:00,38.0
2025-06-12 16:17:00,38.5
2025-06-12 12:06:00,73.9
2025-06-12 13:20:00,49.82591552591553
2025-06-12 00:36:00,49.82591552591553
2025-06-12 14:43:00,5.9
2025-06-12 09:33:00,58.1
2025-06-12 09:56:00,34.4
2025-06-12 15:27:00,86.9
2025-06-12 01:00:00,91.3
2025-06-12 05:41:00,59.9
2025-06-12 12:30:00,50.0
2025-06-12 04:26:00,85.5
2025-06-12 08:20:00,62.2
2025-06-12 01:44:00,70.1
2025-06-12 04:46:00,82.3
2025-06-12 18:48:00,49.82591552591553
2025-06-12 01:29:00,21.0
2025-06-12 12:05:00,19.5
2025-06-12 18:20:00,88.1
2025-06-12 10:44:00,90.9
2025-06-12 02:40:00,55.4
2025-06-12 22:32:00,89.7
2025-06-12 13:19:00,47.8
2025-06-12 17:06:00,32.8
2025-06-12 20:36:00,71.4
2025-06-12 14:18:00,49.82591552591553
2025-06-12 00:01:00,49.82591552591553
2025-06-12 18:04:00,42.7
2025-06-12 22:03:00,56.7
2025-06-12 23:01:00,75.5
2025-06-12 00:33:00,15.0
2025-06-12 19:33:00,79.3
2025-06-12 15:16:00,4.1
2025-06-12 22:19:00,16.7
2025-06-12 08:52:00,68.7
2025-06-12 14:04:00,68.3
2025-06-12 19:46:00,7.1
2025-06-12 18:11:00,49.82591552591553
2025-06-12 06:51:00,77.6
2025-06-12 00:04:00,91.7
2025-06-12 15:53:00,49.82591552591553
2025-06-12 19:23:00,40.3
2025-06-12 23:52:00,71.9
2025-06-12 05:14:00,12.7
2025-06-12 21:37:00,79.4
2025-06-12 17:26:00,2.4
2025-06-12 04:04:00,11.7
2025-06-12 13:33:00,67.6
2025-06-12 07:47:00,80.0
2025-06-12 07:04:00,30.0
2025-06-12 03:57:00,25.6
2025-06-12 22:46:00,21.9
2025-06-12 16:19:00,85.6
2025-06-12 08:40:00,19.1
2025-06-12 23:26:00,16.1
2025-06-12 03:30:00,49.82591552591553
2025-06-12 12:16:00,48.6
2025-06-12 08:51:00,27.2
2025-06-12 15:03:00,16.1
2025-06-12 15:52:00,88.0
2025-06-12 07:37:00,49.82591552591553
2025-06-12 11:23:00,25.4
2025-06-12 23:25:00,7.8
2025-06-12 06:38:00,60.0
2025-06-12 21:02:00,12.7
2025-06-12 20:12:00,73.0
2025-06-12 22:42:00,92.9
2025-06-12 05:52:00,5.0
2025-06-12 08:58:00,49.82591552591553
2025-06-12 10:38:00,26.6
2025-06-12 02:17:00,28.2
2025-06-12 13:49:00,70.1
2025-06-12 22:11:00,39.0
2025-06-12 02:21:00,45.9
2025-06-12 12:35:00,83.9
2025-06-12 11:00:00,49.82591552591553
2025-06-12 01:21:00,97.3
2025-06-12 02:41:00,91.6
2025-06-12 13:47:00,81.7
2025-06-12 11:16:00,87.3
2025-06-12 16:24:00,49.82591552591553
2025-06-12 12:42:00,31.2
2025-06-12 17:11:00,19.3
2025-06-12 22:38:00,32.7
2025-06-12 16:50:00,98.2
2025-06-12 04:48:00,49.82591552591553
2025-06-12 18:46:00,58.1
2025-06-12 03:05:00,50.7
2025-06-12 05:55:00,13.4
2025-06-12 08:10:00,40.6
2025-06-12 15:00:00,34.5
2025-06-12 01:06:00,93.1
2025-06-12 02:46:00,48.9
2025-06-12 05:39:00,74.1
2025-06-12 09:09:00,49.82591552591553
2025-06-12 03:37:00,95.6
2025-06-12 12:45:00,95.0
2025-06-12 00:43:00,25.5
2025-06-12 12:07:00,1.6
2025-06-12 10:56:00,17.2
2025-06-12 09:42:00,16.3
2025-06-12 12:09:00,49.82591552591553
2025-06-12 07:54:00,96.5
2025-06-12 20:42:00,99.2
2025-06-12 03:53:00,84.3
2025-06-12 02:56:00,49.82591552591553
2025-06-12 05:29:00,97.9
2025-06-12 11:09:00,98.7
2025-06-12 06:22:00,52.2
2025-06-12 23:49:00,25.0
2025-06-12 13:12:00,59.0
2025-06-12 23:55:00,77.7
2025-06-12 13:18:00,49.82591552591553
2025-06-12 21:08:00,26.9
2025-06-12 06:31:00,79.5
2025-06-12 23:02:00,49.82591552591553
2025-06-12 23:55:00,11.0
2025-06-12 05:00:00,15.0
2025-06-12 21:42:00,49.5
2025-06-12 10:39:00,90.9
2025-06-12 19:38:00,48.1
2025-06-12 14:05:00,0.4
2025-06-12 20:28:00,66.0
2025-06-12 07:49:00,46.9
2025-06-12 03:00:00,30.5
2025-06-12 05:28:00,79.6
2025-06-12 05:34:00,88.8
2025-06-12 18:32:00,18.9
2025-06-12 09:13:00,77.3
2025-06-12 03:57:00,7.4
2025-06-12 12:27:00,27.4
2025-06-12 08:56:00,50.6
2025-06-12 00:47:00,49.82591552591553
2025-06-12 15:11:00,92.0
2025-06-12 16:58:00,21.5
2025-06-12 23:34:00,37.3
2025-06-12 22:05:00,85.8
2025-06-12 04:16:00,31.3
2025-06-12 04:09:00,2.3
2025-06-12 19:51:00,23.0
2025-06-12 09:40:00,49.82591552591553
2025-06-12 13:21:00,93.9
2025-06-12 22:13:00,66.9
2025-06-12 15:41:00,1.9
2025-06-12 18:34:00,62.1
2025-06-12 22:43:00,6.0
2025-06-12 01:03:00,92.4
2025-06-12 16:29:00,43.2
2025-06-12 10:51:00,17.0
2025-06-12 03:30:00,49.82591552591553
2025-06-12 05:57:00,77.8
2025-06-12 18:04:00,62.3
2025-06-12 23:30:00,30.0
2025-06-12 11:42:00,25.9
2025-06-12 20:44:00,92.5
2025-06-12 00:25:00,49.82591552591553
2025-06-12 14:12:00,37.1
2025-06-12 08:40:00,98.6
2025-06-12 21:54:00,0.4
2025-06-12 21:40:00,78.5
2025-06-12 20:00:00,55.9
2025-06-12 16:19:00,42.0
2025-06-12 19:41:00,56.6
2025-06-12 03:30:00,35.1
2025-06-12 04:03:00,99.3
2025-06-12 16:16:00,49.82591552591553
2025-06-12 15:00:00,49.82591552591553
2025-06-12 16:42:00,90.9
2025-06-12 00:50:00,23.9
2025-06-12 04:33:00,93.9
2025-06-12 10:16:00,74.1
2025-06-12 02:07:00,47.9
2025-06-12 18:27:00,49.82591552591553
2025-06-12 21:28:00,32.6
2025-06-12 18:50:00,76.9
2025-06-12 23:42:00,50.7
2025-06-12 03:39:00,10.6
2025-06-12 19:03:00,55.2
2025-06-12 21:25:00,81.3
2025-06-12 11:47:00,48.7
2025-06-12 17:27:00,49.82591552591553
2025-06-12 12:59:00,18.3
2025-06-12 18:49:00,73.9
2025-06-12 14:15:00,8.7
2025-06-12 00:28:00,31.8
2025-06-12 14:33:00,23.6
2025-06-12 18:09:00,67.7
2025-06-12 20:39:00,75.2
2025-06-12 09:01:00,12.5
2025-06-12 17:23:00,74.8
2025-06-12 08:38:00,49.82591552591553
2025-06-12 12:18:00,83.3
2025-06-12 12:31:00,53.3
2025-06-12 21:47:00,79.7
2025-06-12 15:12:00,49.82591552591553
2025-06-12 18:21:00,5.9
2025-06-12 17:54:00,99.3
2025-06-12 07:12:00,94.0
2025-06-12 07:30:00,69.0
2025-06-12 18:28:00,37.7
2025-06-12 04:39:00,61.8
2025-06-12 08:27:00,81.0
2025-06-12 01:04:00,62.0
2025-06-12 12:53:00,7.3
2025-06-12 16:00:00,20.8
2025-06-12 20:47:00,77.7
2025-06-12 21:42:00,50.7
2025-06-12 06:06:00,49.82591552591553
2025-06-12 18:55:00,60.2
2025-06-12 14:19:00,34.2
2025-06-12 22:17:00,13.1
2025-06-12 23:44:00,77.2
2025-06-12 07:34:00,83.8
2025-06-12 13:21:00,10.3
2025-06-12 17:08:00,12.5
2025-06-12 15:34:00,73.3
2025-06-12 08:21:00,49.82591552591553
2025-06-12 21:07:00,44.3
2025-06-12 15:34:00,43.5
2025-06-12 02:58:00,49.82591552591553
2025-06-12 17:46:00,44.4
2025-06-12 20:24:00,47.0
2025-06-12 03:01:00,87.9
2025-06-12 07:41:00,75.2
2025-06-12 15:20:00,97.6
2025-06-12 10:44:00,49.82591552591553
2025-06-12 15:36:00,57.4
2025-06-12 02:02:00,16.0
2025-06-12 09:21:00,11.4
2025-06-12 21:53:00,60.5
2025-06-12 23:50:00,49.82591552591553
2025-06-12 09:12:00,56.7
2025-06-12 06:03:00,55.7
2025-06-12 18:41:00,65.0
2025-06-12 20:07:00,12.0
2025-06-12 13:54:00,4.6
2025-06-12 10:58:00,43.7
2025-06-12 06:44:00,70.6
2025-06-12 13:22:00,75.4
2025-06-12 10:16:00,53.9
2025-06-12 13:59:00,49.2
2025-06-12 07:51:00,62.0
2025-06-12 08:02:00,90.3
2025-06-12 19:36:00,49.82264106490752
2025-06-12 08:26:00,10.4
2025-06-12 09:47:00,63.8
2025-06-12 17:00:00,82.1
2025-06-12 01:19:00,3.3
2025-06-12 10:26:00,18.8
2025-06-12 13:52:00,89.5
2025-06-12 01:12:00,49.82264106490752
2025-06-12 04:39:00,60.2
2025-06-12 08:50:00,46.0
2025-06-12 11:09:00,5.7
2025-06-12 05:42:00,35.2
2025-06-12 06:40:00,18.3
2025-06-12 01:42:00,54.4
2025-06-12 13:41:00,49.82264106490752
2025-06-12 20:00:00,49.82264106490752
2025-06-12 03:30:00,37.8
2025-06-12 23:13:00,78.8
2025-06-12 18:39:00,49.82264106490752
2025-06-12 13:52:00,34.2
2025-06-12 19:52:00,7.5
2025-06-12 01:37:00,92.3
2025-06-12 16:43:00,36.1
2025-06-12 14:43:00,90.4
2025-06-12 15:31:00,2.1
2025-06-12 04:00:00,49.2
2025-06-12 21:12:00,79.9
2025-06-12 10:53:00,55.7
2025-06-12 08:07:00,85.1
2025-06-12 09:24:00,21.7
2025-06-12 05:36:00,49.1
2025-06-12 17:25:00,20.3
2025-06-12 13:27:00,48.8
2025-06-12 16:35:00,81.7
2025-06-12 01:13:00,49.82264106490752
2025-06-12 17:48:00,12.8
2025-06-12 00:09:00,79.8
2025-06-12 09:09:00,70.5
2025-06-12 13:21:00,78.7
2025-06-12 17:44:00,81.9
2025-06-12 12:51:00,18.1
2025-06-12 18:36:00,46.5
2025-06-12 21:03:00,69.4
2025-06-12 00:40:00,58.1
2025-06-12 06:21:00,49.82264106490752
2025-06-12 14:15:00,11.7
2025-06-12 01:16:00,96.9
2025-06-12 05:02:00,49.82264106490752
2025-06-12 18:57:00,60.4
2025-06-12 15:22:00,2.0
2025-06-12 19:05:00,5.7
2025-06-12 07:04:00,49.82264106490752
2025-06-12 05:03:00,49.82264106490752
2025-06-12 13:43:00,93.2
2025-06-12 13:40:00,67.6
2025-06-12 22:34:00,14.4
2025-06-12 19:20:00,91.9
2025-06-12 11:37:00,13.0
2025-06-12 00:25:00,49.82264106490752
2025-06-12 07:25:00,58.6
2025-06-12 09:18:00,45.6
2025-06-12 08:00:00,49.82264106490752
2025-06-12 11:39:00,80.4
2025-06-12 10:06:00,49.82264106490752
2025-06-12 03:36:00,44.7
2025-06-12 18:58:00,87.9
2025-06-12 22:12:00,49.82264106490752
2025-06-12 19:51:00,16.5
2025-06-12 06:52:00,95.8
2025-06-12 14:29:00,73.7
2025-06-12 15:27:00,20.4
2025-06-12 15:30:00,53.6
2025-06-12 03:09:00,10.3
2025-06-12 08:26:00,0.8
2025-06-12 12:46:00,68.5
2025-06-12 04:59:00,84.7
2025-06-12 13:51:00,74.7
2025-06-12 20:29:00,36.6
2025-06-12 12:40:00,78.4
2025-06-12 10:37:00,57.9
2025-06-12 02:04:00,4.1
2025-06-12 07:21:00,39.5
2025-06-12 17:16:00,38.4
2025-06-12 01:39:00,17.6
2025-06-12 00:06:00,24.7
2025-06-12 21:02:00,49.82264106490752
2025-06-12 15:43:00,10.0
2025-06-12 15:59:00,60.8
2025-06-12 11:32:00,49.82264106490752
2025-06-12 11:43:00,8.4
2025-06-12 16:14:00,76.8
2025-06-12 10:05:00,41.6
2025-06-12 11:34:00,13.1
2025-06-12 03:02:00,68.2
2025-06-12 16:35:00,54.4
2025-06-12 16:24:00,80.1
2025-06-12 18:37:00,47.7
2025-06-12 03:37:00,21.7
2025-06-12 01:50:00,50.0
2025-06-12 02:24:00,62.7
2025-06-12 21:28:00,2.6
2025-06-12 02:37:00,38.8
2025-06-12 11:26:00,27.2
2025-06-12 14:29:00,27.6
2025-06-12 00:45:00,59.5
2025-06-12 23:03:00,82.4
2025-06-12 02:48:00,10.9
2025-06-12 19:09:00,49.82264106490752
2025-06-12 03:50:00,8.6
2025-06-12 01:14:00,68.6
2025-06-12 05:45:00,2.9
2025-06-12 22:33:00,65.2
2025-06-12 22:34:00,28.2
2025-06-12 20:55:00,9.9
2025-06-12 22:19:00,93.3
2025-06-12 22:37:00,49.82264106490752
2025-06-12 06:21:00,80.3
2025-06-12 06:35:00,83.6
2025-06-12 09:53:00,15.0
2025-06-12 13:37:00,5.0
2025-06-12 20:26:00,9.6
2025-06-12 02:35:00,49.82264106490752
2025-06-12 02:38:00,60.4
2025-06-12 02:34:00,29.5
2025-06-12 19:10:00,67.4
2025-06-12 07:59:00,88.5
2025-06-12 17:38:00,87.6
2025-06-12 09:13:00,35.9
2025-06-12 04:17:00,49.82264106490752
2025-06-12 12:07:00,87.3
2025-06-12 04:29:00,59.7
2025-06-12 21:57:00,2.3
2025-06-12 07:01:00,52.7
2025-06-12 17:34:00,15.5
2025-06-12 18:33:00,80.6
2025-06-12 18:23:00,76.3
2025-06-12 22:52:00,20.4
2025-06-12 19:57:00,12.5
2025-06-12 14:59:00,21.6
2025-06-12 22:27:00,6.4
2025-06-12 03:26:00,30.7
2025-06-12 10:00:00,9.0
2025-06-12 17:23:00,27.5
2025-06-12 06:39:00,49.82264106490752
2025-06-12 21:42:00,49.82264106490752
2025-06-12 15:02:00,58.2
2025-06-12 00:26:00,49.82264106490752
2025-06-12 19:32:00,48.7
2025-06-12 07:14:00,49.82264106490752
2025-06-12 11:03:00,2.4
2025-06-12 22:27:00,49.82264106490752
2025-06-12 13:43:00,48.0
2025-06-12 04:58:00,33.3
2025-06-12 23:40:00,1.3
2025-06-12 10:08:00,57.2
2025-06-12 04:00:00,92.2
2025-06-12 14:08:00,34.9
2025-06-12 00:49:00,42.6
2025-06-12 13:45:00,49.82264106490752
2025-06-12 13:59:00,54.0
2025-06-12 14:13:00,49.82264106490752
2025-06-12 00:34:00,88.9
2025-06-12 20:49:00,49.82264106490752
2025-06-12 00:44:00,3.8
2025-06-12 04:15:00,47.3
2025-06-12 19:58:00,4.6
2025-06-12 09:19:00,14.1
2025-06-12 14:06:00,49.82264106490752
2025-06-12 21:10:00,49.82264106490752
2025-06-12 15:11:00,56.2
2025-06-12 17:33:00,96.9
2025-06-12 23:40:00,21.6
2025-06-12 19:53:00,49.82264106490752
2025-06-12 14:34:00,48.5
2025-06-12 21:38:00,48.8
2025-06-12 18:33:00,70.4
2025-06-12 14:05:00,1.2
2025-06-12 01:39:00,49.82264106490752
2025-06-12 10:21:00,49.82264106490752
2025-06-12 23:53:00,8.7
2025-06-12 00:15:00,45.2
2025-06-12 09:06:00,49.82264106490752
2025-06-12 08:20:00,49.82264106490752
2025-06-12 05:54:00,49.82264106490752
2025-06-12 15:31:00,85.7
2025-06-12 15:29:00,11.1
2025-06-12 11:09:00,36.9
2025-06-12 16:15:00,49.82264106490752
2025-06-12 06:04:00,64.7
2025-06-12 22:36:00,68.6
2025-06-12 01:31:00,5.4
2025-06-12 11:44:00,37.7
2025-06-12 10:09:00,94.0
2025-06-12 07:06:00,66.5
2025-06-12 12:37:00,32.4
2025-06-12 17:19:00,3.2
2025-06-12 14:55:00,90.2
2025-06-12 15:39:00,7.9
2025-06-12 19:26:00,49.82264106490752
2025-06-12 07:39:00,49.82264106490752
2025-06-12 06:06:00,5.6
2025-06-12 03:14:00,82.6
2025-06-12 06:32:00,63.2
2025-06-12 17:13:00,23.1
2025-06-12 04:23:00,15.7
2025-06-12 06:33:00,73.7
2025-06-12 23:36:00,49.82264106490752
2025-06-12 02:23:00,8.6
2025-06-12 13:00:00,96.8
2025-06-12 03:16:00,5.5
2025-06-12 05:32:00,56.0
2025-06-12 21:39:00,87.8
2025-06-12 16:30:00,41.0
2025-06-12 10:46:00,55.4
2025-06-12 14:56:00,74.0
2025-06-12 15:55:00,38.4
2025-06-12 17:54:00,49.82264106490752
2025-06-12 14:57:00,52.3
2025-06-12 14:12:00,62.7
2025-06-12 10:18:00,85.8
2025-06-12 09:28:00,91.7
2025-06-12 12:52:00,34.8
2025-06-12 07:11:00,19.5
2025-06-12 17:14:00,9.3
2025-06-12 08:54:00,13.4
2025-06-12 09:59:00,71.8
2025-06-12 03:02:00,94.5
2025-06-12 14:01:00,19.3
2025-06-12 18:46:00,3.1
2025-06-12 07:13:00,49.82264106490752
2025-06-12 02:48:00,79.3
2025-06-12 22:11:00,48.8
2025-06-12 01:16:00,16.4
2025-06-12 12:36:00,3.0
2025-06-12 18:28:00,14.0
2025-06-12 09:14:00,49.82264106490752
2025-06-12 00:52:00,37.4
2025-06-12 21:31:00,96.7
2025-06-12 18:30:00,32.6
2025-06-12 17:01:00,49.82264106490752
2025-06-12 15:32:00,11.4
2025-06-12 07:54:00,28.3
2025-06-12 16:57:00,3.0
2025-06-12 17:51:00,49.82264106490752
2025-06-12 01:55:00,58.3
2025-06-12 06:45:00,81.9
2025-06-12 23:08:00,69.5
2025-06-12 09:19:00,41.4
2025-06-12 08:29:00,15.4
2025-06-12 02:10:00,49.2
2025-06-12 17:10:00,67.3
2025-06-12 06:47:00,61.1
2025-06-12 03:51:00,75.5
2025-06-12 20:01:00,49.82264106490752
2025-06-12 01:13:00,1.7
2025-06-12 16:31:00,49.82264106490752
2025-06-12 20:05:00,88.7
2025-06-12 03:29:00,35.2
2025-06-12 15:25:00,4.6
2025-06-12 19:20:00,52.9
2025-06-12 05:04:00,98.4
2025-06-12 08:02:00,35.1
2025-06-12 13:07:00,86.6
2025-06-12 09:01:00,64.9
2025-06-12 10:43:00,83.5
2025-06-12 10:10:00,9.1
2025-06-12 11:20:00,85.5
2025-06-12 17:24:00,21.5
2025-06-12 00:50:00,66.2
2025-06-12 14:04:00,43.0
2025-06-12 15:45:00,49.82264106490752
2025-06-12 00:19:00,43.6
2025-06-12 19:38:00,46.0
2025-06-12 07:02:00,30.2
2025-06-12 14:05:00,41.1
2025-06-12 23:35:00,49.1
2025-06-12 08:22:00,46.9
2025-06-12 16:33:00,1.8
2025-06-12 02:01:00,3.3
2025-06-12 06:30:00,6.4
2025-06-12 00:16:00,2.8
2025-06-12 13:21:00,49.82264106490752
2025-06-12 19:02:00,19.9
2025-06-12 08:12:00,21.9
2025-06-12 16:18:00,10.0
2025-06-12 21:12:00,53.4
2025-06-12 20:31:00,82.5
2025-06-12 19:42:00,40.1
2025-06-12 04:18:00,49.82264106490752
2025-06-12 19:00:00,86.3
2025-06-12 08:28:00,29.5
2025-06-12 18:36:00,5.2
2025-06-12 14:59:00,55.9
2025-06-12 19:18:00,1.1
2025-06-12 10:07:00,44.6
2025-06-12 05:42:00,80.5
2025-06-12 08:24:00,20.0
2025-06-12 20:19:00,75.0
2025-06-12 22:18:00,52.6
2025-06-12 20:00:00,86.4
2025-06-12 15:14:00,85.5
2025-06-12 20:48:00,50.2
2025-06-12 17:40:00,25.8
2025-06-12 15:49:00,37.8
2025-06-12 21:15:00,49.82264106490752
2025-06-12 07:42:00,8.1
2025-06-12 21:50:00,20.8
2025-06-12 11:50:00,45.5
2025-06-12 01:02:00,49.82264106490752
2025-06-12 19:23:00,24.9
2025-06-12 15:11:00,49.82264106490752
2025-06-12 15:30:00,36.4
2025-06-12 20:36:00,22.8
2025-06-12 04:50:00,46.9
2025-06-12 18:43:00,1.8
2025-06-12 19:36:00,19.7
2025-06-12 16:38:00,41.2
2025-06-12 13:17:00,26.4
2025-06-12 00:54:00,73.1
2025-06-12 15:38:00,80.8
2025-06-12 18:56:00,86.4
2025-06-12 16:09:00,91.8
2025-06-12 11:46:00,49.82264106490752
2025-06-12 22:41:00,49.82264106490752
2025-06-12 06:07:00,53.9
2025-06-12 08:08:00,11.1
2025-06-12 14:41:00,14.6
2025-06-12 05:28:00,90.1
2025-06-12 11:28:00,57.7
2025-06-12 10:02:00,57.8
2025-06-12 17:29:00,63.6
2025-06-12 11:58:00,30.8
2025-06-12 06:15:00,21.5
2025-06-12 11:23:00,2.9
2025-06-12 01:36:00,86.9
2025-06-12 00:35:00,18.1
2025-06-12 00:52:00,63.3
2025-06-12 19:21:00,73.4
2025-06-12 12:34:00,95.7
2025-06-12 15:33:00,38.5
2025-06-12 21:00:00,66.0
2025-06-12 11:03:00,78.9
2025-06-12 17:56:00,92.3
2025-06-12 03:18:00,18.2
2025-06-12 15:16:00,9.6
2025-06-12 04:07:00,60.9
2025-06-12 13:07:00,33.4
2025-06-12 14:25:00,94.4
2025-06-12 02:01:00,0.6
2025-06-12 12:20:00,49.73505924170616
2025-06-12 23:05:00,91.6
2025-06-12 05:28:00,98.5
2025-06-12 05:58:00,34.4
2025-06-12 18:34:00,52.0
2025-06-12 16:39:00,76.3
2025-06-12 03:39:00,62.8
2025-06-12 13:23:00,36.3
2025-06-12 19:01:00,30.9
2025-06-12 22:44:00,68.7
2025-06-12 11:04:00,16.4
2025-06-12 09:24:00,19.4
2025-06-12 14:12:00,49.73505924170616
2025-06-12 01:04:00,48.3
2025-06-12 14:31:00,50.9
2025-06-12 20:49:00,49.73505924170616
2025-06-12 06:52:00,20.6
2025-06-12 04:08:00,60.7
2025-06-12 14:34:00,45.9
2025-06-12 00:10:00,24.3
2025-06-12 06:42:00,49.73505924170616
2025-06-12 00:25:00,15.3
2025-06-12 19:44:00,76.8
2025-06-12 17:55:00,26.9
2025-06-12 22:39:00,96.9
2025-06-12 10:45:00,64.5
2025-06-12 22:10:00,2.6
2025-06-12 21:46:00,72.7
2025-06-12 11:36:00,1.8
2025-06-12 10:14:00,6.1
2025-06-12 20:42:00,49.73505924170616
2025-06-12 21:54:00,82.6
2025-06-12 17:26:00,92.9
2025-06-12 15:07:00,78.4
2025-06-12 10:11:00,81.4
2025-06-12 06:47:00,71.5
2025-06-12 16:37:00,92.4
2025-06-12 07:54:00,15.3
2025-06-12 06:12:00,49.6
2025-06-12 07:36:00,49.73505924170616
2025-06-12 16:56:00,57.3
2025-06-12 01:39:00,68.1
2025-06-12 20:09:00,62.6
2025-06-12 21:23:00,52.0
2025-06-12 19:14:00,91.2
2025-06-12 15:54:00,70.5
2025-06-12 08:14:00,49.73505924170616
2025-06-12 11:48:00,22.4
2025-06-12 19:45:00,7.8
2025-06-12 15:11:00,3.2
2025-06-12 09:50:00,49.73505924170616
2025-06-12 04:14:00,31.3
2025-06-12 00:35:00,30.5
2025-06-12 19:58:00,85.5
2025-06-12 02:22:00,17.7
2025-06-12 22:20:00,7.3
2025-06-12 12:49:00,52.0
2025-06-12 05:25:00,29.4
2025-06-12 07:48:00,83.5
2025-06-12 12:18:00,49.73505924170616
2025-06-12 15:25:00,83.0
2025-06-12 19:06:00,59.5
2025-06-12 22:39:00,84.9
2025-06-12 07:13:00,49.73505924170616
2025-06-12 01:28:00,86.0
2025-06-12 16:55:00,86.0
2025-06-12 05:56:00,70.1
2025-06-12 18:12:00,36.2
2025-06-12 09:35:00,51.0
2025-06-12 00:14:00,34.2
2025-06-12 13:01:00,13.4
2025-06-12 07:17:00,71.3
2025-06-12 13:20:00,36.1
2025-06-12 19:04:00,58.1
2025-06-12 10:53:00,9.2
2025-06-12 04:00:00,87.3
2025-06-12 19:53:00,48.7
2025-06-12 14:26:00,58.8
2025-06-12 02:14:00,97.1
2025-06-12 07:39:00,74.2
2025-06-12 00:03:00,15.8
2025-06-12 12:05:00,17.2
2025-06-12 09:22:00,49.73505924170616
2025-06-12 06:49:00,28.2
2025-06-12 02:49:00,70.2
2025-06-12 22:44:00,12.4
2025-06-12 16:42:00,75.8
2025-06-12 21:25:00,34.8
2025-06-12 07:44:00,28.7
2025-06-12 05:39:00,74.3
2025-06-12 17:22:00,91.9
2025-06-12 10:26:00,2.7
2025-06-12 08:49:00,57.0
2025-06-12 00:58:00,2.1
2025-06-12 10:07:00,45.1
2025-06-12 19:18:00,36.2
2025-06-12 07:08:00,29.4
2025-06-12 08:52:00,0.9
2025-06-12 12:48:00,4.3
2025-06-12 09:39:00,35.5
2025-06-12 14:36:00,26.0
2025-06-12 02:37:00,79.9
2025-06-12 22:49:00,59.1
2025-06-12 01:04:00,38.4
2025-06-12 15:15:00,26.5
2025-06-12 02:17:00,15.8
2025-06-12 04:22:00,11.2
2025-06-12 21:36:00,67.9
2025-06-12 03:21:00,32.6
2025-06-12 13:32:00,61.4
2025-06-12 21:36:00,82.4
2025-06-12 18:57:00,17.7
2025-06-12 01:57:00,34.7
2025-06-12 08:00:00,35.6
2025-06-12 16:01:00,49.73505924170616
2025-06-12 22:19:00,16.0
2025-06-12 20:09:00,49.73505924170616
2025-06-12 08:08:00,1.0
2025-06-12 05:37:00,20.3
2025-06-12 18:05:00,33.7
2025-06-12 04:45:00,36.9
2025-06-12 12:54:00,21.2
2025-06-12 05:37:00,5.9
2025-06-12 04:38:00,28.8
2025-06-12 16:55:00,24.8
2025-06-12 15:59:00,50.1
2025-06-12 05:40:00,48.4
2025-06-12 05:34:00,61.7
2025-06-12 06:17:00,20.8
2025-06-12 15:56:00,42.6
2025-06-12 05:33:00,31.6
2025-06-12 03:04:00,44.1
2025-06-12 08:07:00,51.2
2025-06-12 15:29:00,10.2
2025-06-12 18:04:00,6.4
2025-06-12 20:50:00,49.73505924170616
2025-06-12 01:14:00,49.73505924170616
2025-06-12 15:14:00,12.3
2025-06-12 05:46:00,49.73505924170616
2025-06-12 03:13:00,81.1
2025-06-12 05:34:00,49.73505924170616
2025-06-12 08:11:00,91.2
2025-06-12 13:26:00,49.73505924170616
2025-06-12 05:45:00,51.8
2025-06-12 02:34:00,82.4
2025-06-12 13:14:00,14.5
2025-06-12 12:34:00,77.0
2025-06-12 05:16:00,25.3
2025-06-12 13:36:00,44.5
2025-06-12 08:11:00,30.5
2025-06-12 18:20:00,62.8
2025-06-12 12:26:00,16.8
2025-06-12 06:22:00,3.3
2025-06-12 12:31:00,49.4
2025-06-12 08:55:00,91.4
2025-06-12 10:54:00,92.8
2025-06-12 17:54:00,49.73505924170616
2025-06-12 21:08:00,90.4
2025-06-12 23:10:00,52.8
2025-06-12 14:00:00,67.2
2025-06-12 09:59:00,86.1
2025-06-12 12:51:00,44.4
2025-06-12 17:48:00,42.9
2025-06-12 21:20:00,0.3
2025-06-12 06:47:00,38.1
2025-06-12 11:38:00,25.2
2025-06-12 10:38:00,25.9
2025-06-12 20:02:00,36.3
2025-06-12 11:48:00,49.73505924170616
2025-06-12 11:33:00,43.4
2025-06-12 00:33:00,2.8
2025-06-12 19:19:00,23.1
2025-06-12 17:17:00,40.2
2025-06-12 23:30:00,18.5
2025-06-12 06:21:00,88.1
2025-06-12 17:47:00,49.73505924170616
2025-06-12 05:19:00,93.8
2025-06-12 12:15:00,72.8
2025-06-12 09:03:00,46.6
2025-06-12 21:00:00,49.73505924170616
2025-06-12 22:34:00,42.9
2025-06-12 17:33:00,10.3
2025-06-12 16:33:00,49.73505924170616
2025-06-12 11:24:00,32.9
2025-06-12 21:24:00,10.8
2025-06-12 14:58:00,85.1
2025-06-12 12:00:00,12.1
2025-06-12 13:48:00,62.7
2025-06-12 18:02:00,30.3
2025-06-12 01:01:00,47.2
2025-06-12 16:04:00,0.2
2025-06-12 06:32:00,70.6
2025-06-12 15:58:00,31.2
2025-06-12 20:48:00,9.5
2025-06-12 00:28:00,47.0
2025-06-12 07:23:00,49.73505924170616
2025-06-12 11:44:00,5.2
2025-06-12 07:45:00,54.4
2025-06-12 03:40:00,25.2
2025-06-12 15:40:00,53.6
2025-06-12 20:17:00,44.2
2025-06-12 22:46:00,42.5
2025-06-12 07:34:00,82.5
2025-06-12 11:05:00,49.73505924170616
2025-06-12 07:44:00,4.9
2025-06-12 01:08:00,49.73505924170616
2025-06-12 06:50:00,49.0
2025-06-12 16:14:00,49.73505924170616
2025-06-12 21:14:00,22.3
2025-06-12 14:22:00,84.3
2025-06-12 12:19:00,5.6
2025-06-12 21:40:00,74.6
2025-06-12 23:37:00,35.8
2025-06-12 06:52:00,97.0
2025-06-12 13:53:00,1.3
2025-06-12 06:44:00,48.1
2025-06-12 04:25:00,49.73505924170616
2025-06-12 04:57:00,54.3
2025-06-12 08:55:00,15.9
2025-06-12 17:10:00,49.73505924170616
2025-06-12 18:28:00,0.9
2025-06-12 10:30:00,16.4
2025-06-12 02:12:00,38.5
2025-06-12 19:49:00,41.2
2025-06-12 23:54:00,49.73505924170616
2025-06-12 14:33:00,45.6
2025-06-12 11:03:00,92.1
2025-06-12 21:34:00,16.0
2025-06-12 05:05:00,4.3
2025-06-12 17:02:00,27.9
2025-06-12 11:55:00,92.1
2025-06-12 13:22:00,97.9
2025-06-12 14:39:00,55.9
2025-06-12 00:26:00,83.0
2025-06-12 02:08:00,53.8
2025-06-12 14:00:00,88.0
2025-06-12 17:02:00,74.8
2025-06-12 12:44:00,99.7
2025-06-12 10:17:00,82.4
2025-06-12 04:25:00,24.5
2025-06-12 10:07:00,44.6
2025-06-12 09:41:00,5.0
2025-06-12 22:54:00,49.73505924170616
2025-06-12 04:32:00,88.8
2025-06-12 17:05:00,88.6
2025-06-12 01:32:00,6.9
2025-06-12 00:27:00,41.8
2025-06-12 03:36:00,74.6
2025-06-12 02:59:00,20.0
2025-06-12 22:00:00,17.5
2025-06-12 22:26:00,90.2
2025-06-12 12:26:00,90.0
2025-06-12 08:01:00,49.73505924170616
2025-06-12 06:57:00,93.2
2025-06-12 20:36:00,35.7
2025-06-12 11:25:00,49.73505924170616
2025-06-12 17:52:00,49.73505924170616
2025-06-12 21:49:00,77.9
2025-06-12 19:06:00,4.7
2025-06-12 00:18:00,87.5
2025-06-12 19:14:00,67.5
2025-06-12 00:53:00,83.0
2025-06-12 16:59:00,91.8
2025-06-12 14:18:00,3.4
2025-06-12 14:08:00,36.7
2025-06-12 12:16:00,38.0
2025-06-12 08:00:00,82.9
2025-06-12 05:16:00,30.8
2025-06-12 23:46:00,29.9
2025-06-12 10:54:00,29.3
2025-06-12 21:27:00,67.5
2025-06-12 00:40:00,41.9
2025-06-12 09:36:00,49.73505924170616
2025-06-12 20:58:00,49.73505924170616
2025-06-12 13:35:00,31.9
2025-06-12 16:51:00,69.3
2025-06-12 10:55:00,48.7
2025-06-12 21:31:00,22.4
2025-06-12 02:50:00,80.6
2025-06-12 08:40:00,67.5
2025-06-12 13:25:00,85.6
2025-06-12 08:05:00,70.6
2025-06-12 05:42:00,92.8
2025-06-12 19:19:00,66.6
2025-06-12 14:42:00,18.4
2025-06-12 23:15:00,28.3
2025-06-12 00:37:00,54.1
2025-06-12 16:16:00,2.3
2025-06-12 01:09:00,60.1
2025-06-12 00:41:00,50.04950773558369
2025-06-12 00:03:00,43.2
2025-06-12 19:56:00,31.0
2025-06-12 11:14:00,25.4
2025-06-12 02:51:00,92.8
2025-06-12 09:02:00,30.9
2025-06-12 10:58:00,84.2
2025-06-12 17:23:00,81.0
2025-06-12 19:03:00,13.2
2025-06-12 22:36:00,39.7
2025-06-12 08:21:00,40.0
2025-06-12 07:19:00,36.9
2025-06-12 06:46:00,49.6
2025-06-12 13:59:00,93.4
2025-06-12 22:36:00,78.5
2025-06-12 11:01:00,18.1
2025-06-12 05:10:00,33.7
2025-06-12 12:22:00,21.5
2025-06-12 23:42:00,26.2
2025-06-12 06:00:00,27.5
2025-06-12 19:32:00,50.04950773558369
2025-06-12 04:46:00,51.2
2025-06-12 13:59:00,50.04950773558369
2025-06-12 03:11:00,58.4
2025-06-12 08:40:00,78.6
2025-06-12 16:25:00,50.04950773558369
2025-06-12 13:29:00,94.6
2025-06-12 13:47:00,50.04950773558369
2025-06-12 14:52:00,25.7
2025-06-12 16:33:00,73.7
2025-06-12 06:21:00,21.1
2025-06-12 14:05:00,50.04950773558369
2025-06-12 21:46:00,60.6
2025-06-12 06:56:00,96.1
2025-06-12 14:09:00,38.2
2025-06-12 18:16:00,50.04950773558369
2025-06-12 01:55:00,35.9
2025-06-12 15:54:00,39.2
2025-06-12 18:41:00,80.2
2025-06-12 02:19:00,87.9
2025-06-12 11:37:00,86.4
2025-06-12 18:06:00,89.4
2025-06-12 20:17:00,90.3
2025-06-12 01:29:00,26.1
2025-06-12 12:43:00,93.3
2025-06-12 01:36:00,37.8
2025-06-12 09:22:00,76.2
2025-06-12 13:05:00,30.6
2025-06-12 08:18:00,77.8
2025-06-12 01:00:00,27.9
2025-06-12 20:47:00,52.7
2025-06-12 22:40:00,6.2
2025-06-12 02:27:00,1.6
2025-06-12 18:04:00,58.7
2025-06-12 13:02:00,92.4
2025-06-12 17:54:00,44.1
2025-06-12 19:30:00,50.04950773558369
2025-06-12 01:03:00,71.1
2025-06-12 05:34:00,71.0
2025-06-12 17:46:00,13.0
2025-06-12 08:00:00,9.5
2025-06-12 09:38:00,86.4
2025-06-12 18:53:00,53.5
2025-06-12 20:05:00,30.2
2025-06-12 07:14:00,36.8
2025-06-12 14:00:00,99.1
2025-06-12 20:55:00,84.4
2025-06-12 04:52:00,36.7
2025-06-12 02:50:00,61.7
2025-06-12 09:02:00,28.6
2025-06-12 05:34:00,21.1
2025-06-12 15:41:00,50.04950773558369
2025-06-12 14:07:00,50.04950773558369
2025-06-12 15:16:00,46.1
2025-06-12 01:03:00,79.7
2025-06-12 01:41:00,50.04950773558369
2025-06-12 06:44:00,21.9
2025-06-12 17:05:00,7.0
2025-06-12 05:41:00,4.1
2025-06-12 17:47:00,75.8
2025-06-12 22:27:00,88.6
2025-06-12 02:06:00,47.9
2025-06-12 01:51:00,88.8
2025-06-12 23:54:00,51.6
2025-06-12 23:03:00,98.8
2025-06-12 03:41:00,10.1
2025-06-12 20:34:00,97.7
2025-06-12 20:40:00,73.5
2025-06-12 06:04:00,78.5
2025-06-12 02:58:00,50.04950773558369
2025-06-12 01:27:00,63.8
2025-06-12 14:38:00,72.5
2025-06-12 15:32:00,53.3
2025-06-12 00:42:00,60.5
2025-06-12 08:56:00,28.5
2025-06-12 09:26:00,94.7
2025-06-12 16:28:00,52.9
2025-06-12 12:52:00,50.04950773558369
2025-06-12 10:53:00,50.04950773558369
2025-06-12 07:32:00,6.1
2025-06-12 17:55:00,19.2
2025-06-12 09:12:00,59.0
2025-06-12 02:01:00,16.7
2025-06-12 01:16:00,50.04950773558369
2025-06-12 23:16:00,30.3
2025-06-12 17:22:00,42.8
2025-06-12 04:45:00,68.1
2025-06-12 23:17:00,51.2
2025-06-12 20:52:00,50.04950773558369
2025-06-12 07:48:00,81.7
2025-06-12 19:51:00,50.04950773558369
2025-06-12 16:34:00,88.5
2025-06-12 02:35:00,97.0
2025-06-12 03:32:00,37.9
2025-06-12 02:28:00,50.04950773558369
2025-06-12 06:48:00,97.3
2025-06-12 19:26:00,69.9
2025-06-12 14:38:00,68.9
2025-06-12 11:26:00,53.0
2025-06-12 12:31:00,19.1
2025-06-12 09:30:00,80.0
2025-06-12 15:32:00,27.3
2025-06-12 20:58:00,21.8
2025-06-12 19:46:00,41.6
2025-06-12 07:44:00,77.1
2025-06-12 12:07:00,50.04950773558369
2025-06-12 16:31:00,53.8
2025-06-12 13:28:00,32.0
2025-06-12 04:39:00,22.5
2025-06-12 16:42:00,12.0
2025-06-12 15:28:00,50.04950773558369
2025-06-12 06:19:00,73.2
2025-06-12 20:05:00,50.04950773558369
2025-06-12 14:40:00,25.7
2025-06-12 08:53:00,50.04950773558369
2025-06-12 03:41:00,23.7
2025-06-12 10:47:00,72.0
2025-06-12 06:34:00,5.1
2025-06-12 18:35:00,80.4
2025-06-12 03:28:00,50.04950773558369
2025-06-12 16:26:00,95.2
2025-06-12 10:43:00,50.04950773558369
2025-06-12 02:31:00,15.1
2025-06-12 23:39:00,98.1
2025-06-12 03:45:00,55.1
2025-06-12 23:51:00,23.6
2025-06-12 09:36:00,28.8
2025-06-12 05:55:00,50.04950773558369
2025-06-12 14:07:00,69.1
2025-06-12 06:18:00,35.5
2025-06-12 11:15:00,1.8
2025-06-12 02:05:00,68.9
2025-06-12 17:53:00,6.6
2025-06-12 03:32:00,12.4
2025-06-12 22:51:00,16.4
2025-06-12 22:51:00,76.0
2025-06-12 00:07:00,42.8
2025-06-12 05:05:00,53.7
2025-06-12 06:58:00,2.0
2025-06-12 15:11:00,73.3
2025-06-12 14:40:00,41.5
2025-06-12 09:27:00,50.04950773558369
2025-06-12 18:09:00,64.2
2025-06-12 15:40:00,40.2
2025-06-12 16:26:00,50.04950773558369
2025-06-12 04:20:00,99.5
2025-06-12 05:00:00,4.0
2025-06-12 09:26:00,32.3
2025-06-12 02:28:00,95.2
2025-06-12 17:22:00,95.3
2025-06-12 10:22:00,97.0
2025-06-12 05:12:00,10.9
2025-06-12 12:08:00,29.4
2025-06-12 00:51:00,77.5
2025-06-12 07:27:00,50.04950773558369
2025-06-12 12:19:00,84.8
2025-06-12 03:42:00,50.04950773558369
2025-06-12 23:41:00,84.6
2025-06-12 04:30:00,63.0
2025-06-12 09:45:00,48.7
2025-06-12 23:13:00,78.4
2025-06-12 08:23:00,71.5
2025-06-12 16:09:00,50.04950773558369
2025-06-12 13:23:00,50.04950773558369
2025-06-12 15:13:00,81.2
2025-06-12 04:00:00,57.9
2025-06-12 14:09:00,45.4
2025-06-12 01:37:00,22.4
2025-06-12 11:45:00,91.5
2025-06-12 19:01:00,2.3
2025-06-12 23:36:00,50.04950773558369
2025-06-12 09:52:00,13.3
2025-06-12 13:00:00,77.4
2025-06-12 01:46:00,50.04950773558369
2025-06-12 18:25:00,12.2
2025-06-12 14:11:00,52.4
2025-06-12 15:41:00,84.8
2025-06-12 19:56:00,22.8
2025-06-12 02:09:00,64.9
2025-06-12 23:49:00,50.04950773558369
2025-06-12 06:47:00,70.8
2025-06-12 20:23:00,50.04950773558369
2025-06-12 19:04:00,69.2
2025-06-12 11:33:00,57.6
2025-06-12 08:47:00,0.4
2025-06-12 14:50:00,5.8
2025-06-12 18:02:00,95.0
2025-06-12 13:42:00,81.0
2025-06-12 19:54:00,43.5
2025-06-12 22:14:00,68.0
2025-06-12 18:06:00,46.6
2025-06-12 06:23:00,26.4
2025-06-12 13:46:00,67.6
2025-06-12 10:11:00,31.1
2025-06-12 06:37:00,50.04950773558369
2025-06-12 10:41:00,48.9
2025-06-12 15:20:00,50.04950773558369
2025-06-12 18:02:00,84.7
2025-06-12 05:29:00,50.04950773558369
2025-06-12 19:33:00,50.04950773558369
2025-06-12 22:23:00,12.3
2025-06-12 16:41:00,7.4
2025-06-12 19:30:00,50.04950773558369
2025-06-12 06:35:00,53.7
2025-06-12 20:19:00,50.04950773558369
2025-06-12 10:28:00,50.04950773558369
2025-06-12 04:41:00,78.1
2025-06-12 17:31:00,72.7
2025-06-12 20:10:00,61.3
2025-06-12 17:59:00,9.0
2025-06-12 05:36:00,90.0
2025-06-12 23:36:00,50.04950773558369
2025-06-12 15:05:00,95.2
2025-06-12 17:01:00,38.9
2025-06-12 14:37:00,61.6
2025-06-12 09:42:00,16.8
2025-06-12 19:20:00,50.04950773558369
2025-06-12 08:24:00,40.7
2025-06-12 02:19:00,44.9
2025-06-12 23:04:00,64.1
2025-06-12 15:45:00,95.3
2025-06-12 16:24:00,93.9
2025-06-12 20:43:00,60.6
2025-06-12 09:15:00,95.9
2025-06-12 03:58:00,40.2
2025-06-12 20:58:00,48.4
2025-06-12 06:32:00,48.9
2025-06-12 04:50:00,50.04950773558369
2025-06-12 05:16:00,71.6
2025-06-12 18:30:00,79.7
2025-06-12 03:15:00,7.9
2025-06-12 11:24:00,91.5
2025-06-12 19:42:00,50.04950773558369
2025-06-12 08:47:00,10.2
2025-06-12 18:08:00,60.0
2025-06-12 14:36:00,10.2
2025-06-12 21:01:00,36.7
2025-06-12 01:17:00,50.04950773558369
2025-06-12 08:00:00,34.1
2025-06-12 17:15:00,21.5
2025-06-12 15:49:00,87.1
2025-06-12 17:41:00,2.7
2025-06-12 21:38:00,50.04950773558369
2025-06-12 00:19:00,56.5
2025-06-12 07:09:00,89.5
2025-06-12 10:45:00,24.7
2025-06-12 02:59:00,7.6
2025-06-12 06:48:00,60.3
2025-06-12 01:36:00,35.5
2025-06-12 07:56:00,79.0
2025-06-12 07:34:00,50.04950773558369
2025-06-12 01:48:00,24.7
2025-06-12 10:25:00,51.3
2025-06-12 08:29:00,74.8
2025-06-12 13:35:00,53.2
2025-06-12 01:20:00,50.04950773558369
2025-06-12 16:40:00,82.3
2025-06-12 02:47:00,76.1
2025-06-12 21:43:00,45.2
2025-06-12 05:05:00,93.2
2025-06-12 07:08:00,12.8
2025-06-12 08:12:00,1.0
2025-06-12 07:01:00,13.0
2025-06-12 08:26:00,91.4
2025-06-12 21:01:00,99.4
2025-06-12 08:07:00,50.04950773558369
2025-06-12 12:11:00,87.6
2025-06-12 20:16:00,50.04950773558369
2025-06-12 14:16:00,74.2
2025-06-12 15:38:00,74.1
2025-06-12 12:03:00,94.2
2025-06-12 18:36:00,56.1
2025-06-12 08:29:00,46.1
2025-06-12 19:57:00,65.8
2025-06-12 05:50:00,19.6
2025-06-12 00:13:00,61.0
2025-06-12 07:35:00,25.1
2025-06-12 10:43:00,51.0
2025-06-12 04:36:00,6.4
2025-06-12 03:37:00,70.9
2025-06-12 05:48:00,46.8
2025-06-12 08:48:00,9.3
2025-06-12 00:15:00,3.1
2025-06-12 11:47:00,98.2
2025-06-12 16:41:00,35.4
2025-06-12 23:56:00,33.6
2025-06-12 15:19:00,85.1
2025-06-12 08:57:00,50.04950773558369
2025-06-12 10:59:00,51.5
2025-06-12 09:39:00,11.1
2025-06-12 14:05:00,50.04950773558369
2025-06-12 22:39:00,75.1
2025-06-12 12:03:00,50.04950773558369
2025-06-12 12:49:00,50.04950773558369
2025-06-12 15:58:00,68.0
2025-06-12 22:56:00,97.5
2025-06-12 23:32:00,49.9
2025-06-12 12:32:00,19.5
2025-06-12 13:57:00,50.04950773558369
2025-06-12 18:26:00,26.1
2025-06-12 14:00:00,83.8
2025-06-12 13:31:00,61.1
2025-06-12 11:56:00,83.0
2025-06-12 16:27:00,50.04950773558369
2025-06-12 01:02:00,42.5
2025-06-12 09:08:00,50.04950773558369
2025-06-12 22:43:00,52.1
2025-06-12 23:43:00,64.1
2025-06-12 16:08:00,62.1
2025-06-12 15:21:00,85.5
2025-06-12 01:39:00,50.04950773558369
2025-06-12 05:02:00,37.1
2025-06-12 21:11:00,0.5
2025-06-12 04:36:00,31.0
2025-06-12 03:10:00,62.2
2025-06-12 01:12:00,49.64720650636492
2025-06-12 12:13:00,71.5
2025-06-12 09:28:00,85.2
2025-06-12 17:32:00,94.5
2025-06-12 22:11:00,6.0
2025-06-12 05:25:00,11.0
2025-06-12 02:18:00,21.5
2025-06-12 07:23:00,16.6
2025-06-12 02:06:00,67.0
2025-06-12 10:16:00,9.4
2025-06-12 12:01:00,57.6
2025-06-12 23:22:00,76.5
2025-06-12 00:46:00,49.64720650636492
2025-06-12 10:02:00,52.6
2025-06-12 13:15:00,26.0
2025-06-12 07:13:00,99.1
2025-06-12 14:37:00,76.3
2025-06-12 13:16:00,49.64720650636492
2025-06-12 02:25:00,8.3
2025-06-12 16:04:00,68.6
2025-06-12 14:44:00,63.0
2025-06-12 20:48:00,95.8
2025-06-12 08:57:00,43.8
2025-06-12 02:08:00,59.0
2025-06-12 08:03:00,25.6
2025-06-12 12:30:00,24.9
2025-06-12 17:36:00,49.64720650636492
2025-06-12 07:12:00,91.2
2025-06-12 03:24:00,12.9
2025-06-12 23:19:00,15.5
2025-06-12 18:51:00,38.2
2025-06-12 02:04:00,92.1
2025-06-12 19:09:00,0.4
2025-06-12 20:52:00,93.3
2025-06-12 05:57:00,43.7
2025-06-12 10:10:00,34.4
2025-06-12 22:59:00,49.64720650636492
2025-06-12 21:23:00,12.3
2025-06-12 04:23:00,7.0
2025-06-12 05:51:00,67.6
2025-06-12 22:43:00,14.4
2025-06-12 16:05:00,20.0
2025-06-12 16:11:00,49.64720650636492
2025-06-12 19:46:00,49.64720650636492
2025-06-12 05:26:00,41.6
2025-06-12 00:05:00,49.64720650636492
2025-06-12 15:32:00,49.64720650636492
2025-06-12 15:57:00,49.64720650636492
2025-06-12 06:45:00,82.6
2025-06-12 00:07:00,49.64720650636492
2025-06-12 21:34:00,12.5
2025-06-12 08:59:00,39.0
2025-06-12 05:27:00,32.4
2025-06-12 07:05:00,16.5
2025-06-12 14:54:00,35.9
2025-06-12 09:47:00,75.0
2025-06-12 10:06:00,84.7
2025-06-12 22:44:00,8.9
2025-06-12 07:16:00,39.2
2025-06-12 14:24:00,0.5
2025-06-12 16:53:00,93.4
2025-06-12 05:57:00,49.64720650636492
2025-06-12 09:28:00,50.5
2025-06-12 17:23:00,81.2
2025-06-12 20:29:00,49.64720650636492
2025-06-12 00:53:00,57.3
2025-06-12 19:16:00,29.5
2025-06-12 06:40:00,49.64720650636492
2025-06-12 11:59:00,45.6
2025-06-12 03:51:00,27.2
2025-06-12 12:30:00,13.3
2025-06-12 17:02:00,23.0
2025-06-12 17:13:00,10.2
2025-06-12 00:36:00,63.1
2025-06-12 01:07:00,45.4
2025-06-12 04:16:00,49.64720650636492
2025-06-12 18:55:00,63.6
2025-06-12 19:36:00,23.7
2025-06-12 00:25:00,50.7
2025-06-12 06:15:00,49.64720650636492
2025-06-12 04:04:00,86.2
2025-06-12 21:42:00,90.1
2025-06-12 03:49:00,49.64720650636492
2025-06-12 03:23:00,38.0
2025-06-12 13:28:00,32.1
2025-06-12 12:07:00,49.64720650636492
2025-06-12 22:33:00,40.2
2025-06-12 06:28:00,29.9
2025-06-12 13:35:00,72.1
2025-06-12 21:19:00,13.6
2025-06-12 21:44:00,72.8
2025-06-12 16:02:00,65.4
2025-06-12 23:49:00,38.3
2025-06-12 22:07:00,54.0
2025-06-12 05:57:00,97.0
2025-06-12 03:50:00,88.2
2025-06-12 16:15:00,41.8
2025-06-12 03:19:00,49.64720650636492
2025-06-12 19:34:00,23.0
2025-06-12 15:08:00,49.64720650636492
2025-06-12 09:03:00,87.4
2025-06-12 20:08:00,89.6
2025-06-12 06:13:00,6.2
2025-06-12 10:12:00,27.6
2025-06-12 13:42:00,49.64720650636492
2025-06-12 16:59:00,32.3
2025-06-12 08:37:00,69.6
2025-06-12 22:22:00,49.64720650636492
2025-06-12 07:55:00,65.2
2025-06-12 04:21:00,35.5
2025-06-12 21:59:00,86.7
2025-06-12 21:57:00,87.6
2025-06-12 23:04:00,49.64720650636492
2025-06-12 15:57:00,5.4
2025-06-12 06:20:00,84.8
2025-06-12 13:20:00,71.4
2025-06-12 17:40:00,21.6
2025-06-12 00:57:00,49.64720650636492
2025-06-12 15:38:00,45.8
2025-06-12 19:34:00,15.8
2025-06-12 04:43:00,52.6
2025-06-12 21:22:00,49.64720650636492
2025-06-12 22:17:00,88.0
2025-06-12 06:42:00,63.6
2025-06-12 19:19:00,31.2
2025-06-12 01:57:00,33.6
2025-06-12 14:21:00,27.7
2025-06-12 00:53:00,97.2
2025-06-12 13:33:00,49.64720650636492
2025-06-12 12:53:00,56.4
2025-06-12 17:52:00,49.9
2025-06-12 02:38:00,95.5
2025-06-12 13:37:00,83.5
2025-06-12 07:23:00,13.0
2025-06-12 22:20:00,77.3
2025-06-12 02:35:00,39.4
2025-06-12 14:31:00,51.4
2025-06-12 01:20:00,27.3
2025-06-12 10:51:00,51.6
2025-06-12 12:59:00,29.7
2025-06-12 09:30:00,14.5
2025-06-12 06:17:00,12.7
2025-06-12 08:59:00,27.2
2025-06-12 03:27:00,49.64720650636492
2025-06-12 07:09:00,27.8
2025-06-12 10:02:00,25.6
2025-06-12 18:26:00,49.64720650636492
2025-06-12 18:09:00,68.2
2025-06-12 02:51:00,71.7
2025-06-12 05:10:00,19.9
2025-06-12 23:13:00,57.0
2025-06-12 18:41:00,6.9
2025-06-12 10:04:00,35.7
2025-06-12 13:48:00,72.9
2025-06-12 01:58:00,97.7
2025-06-12 14:56:00,83.5
2025-06-12 06:30:00,49.64720650636492
2025-06-12 20:40:00,80.0
2025-06-12 11:25:00,33.5
2025-06-12 21:47:00,36.6
2025-06-12 00:47:00,49.64720650636492
2025-06-12 16:05:00,11.7
2025-06-12 01:46:00,91.6
2025-06-12 14:42:00,78.5
2025-06-12 01:16:00,11.9
2025-06-12 15:14:00,64.7
2025-06-12 07:59:00,49.64720650636492
2025-06-12 20:50:00,2.8
2025-06-12 19:18:00,30.6
2025-06-12 13:26:00,38.6
2025-06-12 12:00:00,46.7
2025-06-12 08:10:00,1.2
2025-06-12 08:08:00,49.64720650636492
2025-06-12 00:18:00,47.4
2025-06-12 10:00:00,32.2
2025-06-12 21:41:00,91.8
2025-06-12 18:47:00,71.8
2025-06-12 12:39:00,49.64720650636492
2025-06-12 21:27:00,87.9
2025-06-12 03:59:00,36.4
2025-06-12 22:52:00,64.4
2025-06-12 12:20:00,82.2
2025-06-12 09:58:00,97.9
2025-06-12 10:49:00,94.8
2025-06-12 02:38:00,49.64720650636492
2025-06-12 18:23:00,45.2
2025-06-12 16:55:00,24.9
2025-06-12 07:47:00,49.64720650636492
2025-06-12 02:17:00,49.64720650636492
2025-06-12 15:12:00,38.0
2025-06-12 06:51:00,89.2
2025-06-12 00:19:00,36.5
2025-06-12 14:07:00,2.6
2025-06-12 04:36:00,49.64720650636492
2025-06-12 08:17:00,69.9
2025-06-12 18:51:00,38.8
2025-06-12 15:32:00,40.1
2025-06-12 12:37:00,49.7
2025-06-12 14:31:00,48.1
2025-06-12 05:25:00,49.64720650636492
2025-06-12 22:53:00,87.0
2025-06-12 13:09:00,91.9
2025-06-12 10:05:00,69.9
2025-06-12 18:00:00,49.64720650636492
2025-06-12 03:31:00,69.4
2025-06-12 08:13:00,52.8
2025-06-12 09:03:00,37.7
2025-06-12 17:01:00,59.0
2025-06-12 10:57:00,13.9
2025-06-12 12:45:00,48.8
2025-06-12 13:52:00,7.3
2025-06-12 04:26:00,3.5
2025-06-12 15:02:00,44.1
2025-06-12 03:54:00,49.64720650636492
2025-06-12 20:12:00,49.64720650636492
2025-06-12 07:36:00,62.9
2025-06-12 22:20:00,49.64720650636492
2025-06-12 06:21:00,90.1
2025-06-12 05:16:00,60.1
2025-06-12 20:53:00,51.3
2025-06-12 02:26:00,5.4
2025-06-12 00:50:00,49.64720650636492
2025-06-12 17:14:00,18.3
2025-06-12 10:52:00,6.8
2025-06-12 11:11:00,17.1
2025-06-12 14:03:00,65.9
2025-06-12 16:10:00,49.64720650636492
2025-06-12 12:40:00,0.0
2025-06-12 04:43:00,65.2
2025-06-12 06:07:00,14.5
2025-06-12 06:05:00,49.64720650636492
2025-06-12 20:41:00,34.3
2025-06-12 00:03:00,11.0
2025-06-12 22:19:00,66.4
2025-06-12 17:18:00,49.64720650636492
2025-06-12 06:44:00,86.6
2025-06-12 11:09:00,46.4
2025-06-12 10:07:00,93.2
2025-06-12 14:41:00,39.0
2025-06-12 06:20:00,82.1
2025-06-12 07:42:00,84.3
2025-06-12 02:30:00,36.0
2025-06-12 13:15:00,86.1
2025-06-12 15:03:00,12.1
2025-06-12 15:45:00,96.4
2025-06-12 19:58:00,94.3
2025-06-12 09:10:00,6.2
2025-06-12 00:30:00,49.64720650636492
2025-06-12 15:16:00,35.5
2025-06-12 09:18:00,43.1
2025-06-12 02:56:00,52.2
2025-06-12 21:30:00,97.7
2025-06-12 01:05:00,33.5
2025-06-12 18:33:00,26.9
2025-06-12 00:20:00,14.9
2025-06-12 02:54:00,49.6
2025-06-12 14:17:00,94.3
2025-06-12 08:08:00,39.8
2025-06-12 20:10:00,49.64720650636492
2025-06-12 09:44:00,72.0
2025-06-12 04:10:00,60.6
2025-06-12 19:20:00,81.6
2025-06-12 07:41:00,47.5
2025-06-12 11:32:00,84.7
2025-06-12 05:16:00,14.5
2025-06-12 05:43:00,41.3
2025-06-12 06:43:00,51.8
2025-06-12 01:19:00,24.2
2025-06-12 15:39:00,65.2
2025-06-12 01:19:00,35.5
2025-06-12 19:07:00,72.6
2025-06-12 13:16:00,33.5
2025-06-12 23:55:00,92.3
2025-06-12 05:52:00,28.2
2025-06-12 07:48:00,3.1
2025-06-12 04:59:00,21.2
2025-06-12 12:37:00,0.9
2025-06-12 15:37:00,80.2
2025-06-12 01:21:00,88.0
2025-06-12 20:46:00,55.5
2025-06-12 01:47:00,74.6
2025-06-12 02:36:00,24.0
2025-06-12 14:14:00,66.0
2025-06-12 11:00:00,3.8
2025-06-12 08:39:00,69.2
2025-06-12 13:59:00,26.7
2025-06-12 07:30:00,90.3
2025-06-12 10:10:00,23.6
2025-06-12 14:28:00,97.8
2025-06-12 05:07:00,45.5
2025-06-12 01:21:00,36.2
2025-06-12 15:59:00,61.8
2025-06-12 01:25:00,82.5
2025-06-12 15:44:00,49.64720650636492
2025-06-12 21:50:00,0.6
2025-06-12 09:20:00,11.5
2025-06-12 20:58:00,3.7
2025-06-12 09:54:00,45.2
2025-06-12 21:08:00,99.1
2025-06-12 14:10:00,82.8
2025-06-12 14:26:00,21.6
2025-06-12 18:42:00,35.4
2025-06-12 08:37:00,64.4
2025-06-12 14:45:00,4.8
2025-06-12 10:40:00,35.3
2025-06-12 08:45:00,44.6
2025-06-12 16:20:00,68.5
2025-06-12 18:14:00,37.7
2025-06-12 01:11:00,65.1
2025-06-12 04:11:00,91.7
2025-06-12 03:20:00,38.8
2025-06-12 14:33:00,9.6
2025-06-12 20:32:00,35.6
2025-06-12 21:22:00,76.4
2025-06-12 08:52:00,36.6
2025-06-12 02:13:00,54.5
2025-06-12 09:48:00,46.7
2025-06-12 01:54:00,33.1
2025-06-12 20:43:00,6.5
2025-06-12 14:23:00,2.3
2025-06-12 06:23:00,43.6
2025-06-12 02:58:00,47.2
2025-06-12 16:54:00,16.8
2025-06-12 02:14:00,1.6
2025-06-12 22:23:00,71.1
2025-06-12 14:55:00,76.5
2025-06-12 07:08:00,13.9
2025-06-12 21:13:00,56.1
2025-06-12 00:54:00,20.4
2025-06-12 07:44:00,49.44888862615275
2025-06-12 15:40:00,88.6
2025-06-12 06:52:00,55.1
2025-06-12 23:38:00,49.44888862615275
2025-06-12 21:43:00,49.44888862615275
2025-06-12 10:43:00,44.0
2025-06-12 04:10:00,48.4
2025-06-12 12:50:00,1.8
2025-06-12 22:47:00,49.8
2025-06-12 00:57:00,85.5
2025-06-12 04:43:00,7.9
2025-06-12 05:10:00,49.44888862615275
2025-06-12 19:48:00,62.4
2025-06-12 04:36:00,33.7
2025-06-12 21:45:00,90.2
2025-06-12 22:45:00,40.6
2025-06-12 11:39:00,29.2
2025-06-12 20:21:00,23.3
2025-06-12 03:43:00,43.1
2025-06-12 22:22:00,16.0
2025-06-12 19:14:00,41.2
2025-06-12 20:14:00,89.5
2025-06-12 23:50:00,77.4
2025-06-12 20:42:00,47.1
2025-06-12 01:57:00,47.2
2025-06-12 14:38:00,9.6
2025-06-12 18:07:00,71.7
2025-06-12 09:32:00,18.7
2025-06-12 05:01:00,93.2
2025-06-12 10:44:00,86.4
2025-06-12 13:59:00,81.9
2025-06-12 00:51:00,60.8
2025-06-12 12:45:00,49.44888862615275
2025-06-12 01:36:00,74.9
2025-06-12 19:52:00,81.2
2025-06-12 22:20:00,66.1
2025-06-12 07:02:00,35.8
2025-06-12 18:21:00,67.6
2025-06-12 01:21:00,21.4
2025-06-12 20:53:00,39.6
2025-06-12 21:15:00,68.8
2025-06-12 17:29:00,73.9
2025-06-12 16:30:00,38.6
2025-06-12 15:55:00,98.6
2025-06-12 14:10:00,27.8
2025-06-12 12:51:00,83.6
2025-06-12 22:37:00,49.44888862615275
2025-06-12 17:37:00,58.6
2025-06-12 14:52:00,24.8
2025-06-12 09:19:00,21.8
2025-06-12 18:47:00,49.44888862615275
2025-06-12 12:31:00,49.44888862615275
2025-06-12 01:01:00,19.8
2025-06-12 17:12:00,49.44888862615275
2025-06-12 10:54:00,7.6
2025-06-12 01:24:00,63.7
2025-06-12 17:06:00,49.1
2025-06-12 09:58:00,58.7
2025-06-12 19:59:00,76.9
2025-06-12 10:32:00,21.4
2025-06-12 09:03:00,39.1
2025-06-12 05:26:00,55.4
2025-06-12 19:02:00,49.44888862615275
2025-06-12 02:18:00,42.1
2025-06-12 11:48:00,1.2
2025-06-12 12:10:00,49.44888862615275
2025-06-12 03:05:00,46.7
2025-06-12 04:39:00,28.2
2025-06-12 17:27:00,80.6
2025-06-12 18:10:00,49.44888862615275
2025-06-12 07:17:00,87.6
2025-06-12 17:31:00,80.1
2025-06-12 23:35:00,97.6
2025-06-12 08:39:00,75.5
2025-06-12 16:35:00,66.6
2025-06-12 09:12:00,1.6
2025-06-12 06:46:00,49.44888862615275
2025-06-12 17:26:00,3.1
2025-06-12 06:19:00,49.44888862615275
2025-06-12 05:37:00,99.4
2025-06-12 02:42:00,74.6
2025-06-12 04:09:00,8.9
2025-06-12 06:10:00,41.0
2025-06-12 20:31:00,26.0
2025-06-12 03:27:00,2.0
2025-06-12 15:31:00,75.4
2025-06-12 01:42:00,62.9
2025-06-12 08:52:00,12.5
2025-06-12 08:04:00,49.44888862615275
2025-06-12 15:18:00,37.0
2025-06-12 17:10:00,79.3
2025-06-12 20:23:00,69.2
2025-06-12 18:10:00,41.1
2025-06-12 18:43:00,30.1
2025-06-12 18:44:00,76.6
2025-06-12 13:27:00,67.3
2025-06-12 06:40:00,61.5
2025-06-12 14:25:00,88.0
2025-06-12 14:36:00,26.9
2025-06-12 03:02:00,25.4
2025-06-12 20:47:00,35.8
2025-06-12 10:52:00,75.1
2025-06-12 00:21:00,57.0
2025-06-12 20:09:00,53.1
2025-06-12 12:06:00,92.9
2025-06-12 03:27:00,49.44888862615275
2025-06-12 10:10:00,6.0
2025-06-12 06:33:00,49.6
2025-06-12 17:30:00,64.0
2025-06-12 03:14:00,43.2
2025-06-12 09:48:00,35.2
2025-06-12 20:34:00,95.5
2025-06-12 17:40:00,49.44888862615275
2025-06-12 21:14:00,49.44888862615275
2025-06-12 04:01:00,20.6
2025-06-12 08:33:00,78.8
2025-06-12 13:06:00,54.8
2025-06-12 18:44:00,20.8
2025-06-12 20:45:00,40.7
2025-06-12 21:17:00,49.44888862615275
2025-06-12 21:37:00,35.8
2025-06-12 01:47:00,3.6
2025-06-12 16:06:00,57.4
2025-06-12 17:17:00,91.1
2025-06-12 08:29:00,14.7
2025-06-12 18:45:00,56.4
2025-06-12 23:25:00,96.2
2025-06-12 13:53:00,77.2
2025-06-12 20:03:00,71.0
2025-06-12 05:41:00,7.4
2025-06-12 13:25:00,61.6
2025-06-12 04:35:00,54.0
2025-06-12 19:18:00,57.0
2025-06-12 07:02:00,96.1
2025-06-12 17:02:00,17.2
2025-06-12 09:40:00,11.5
2025-06-12 18:55:00,17.8
2025-06-12 13:45:00,26.7
2025-06-12 09:33:00,38.9
2025-06-12 14:30:00,49.44888862615275
2025-06-12 20:21:00,86.5
2025-06-12 16:20:00,48.7
2025-06-12 17:43:00,87.0
2025-06-12 10:03:00,6.7
2025-06-12 10:04:00,58.6
2025-06-12 04:54:00,75.5
2025-06-12 14:14:00,57.8
2025-06-12 22:47:00,49.44888862615275
2025-06-12 11:13:00,81.8
2025-06-12 03:42:00,5.3
2025-06-12 17:18:00,37.1
2025-06-12 09:58:00,49.44888862615275
2025-06-12 14:38:00,36.6
2025-06-12 22:27:00,49.44888862615275
2025-06-12 02:47:00,38.1
2025-06-12 00:08:00,64.5
2025-06-12 11:45:00,49.44888862615275
2025-06-12 14:15:00,49.7
2025-06-12 03:56:00,32.9
2025-06-12 13:02:00,22.9
2025-06-12 07:47:00,36.0
2025-06-12 15:15:00,51.2
2025-06-12 02:43:00,42.5
2025-06-12 19:47:00,53.6
2025-06-12 21:37:00,49.44888862615275
2025-06-12 21:55:00,39.0
2025-06-12 00:47:00,56.3
2025-06-12 14:58:00,14.8
2025-06-12 00:51:00,49.44888862615275
2025-06-12 05:33:00,54.2
2025-06-12 14:58:00,81.6
2025-06-12 12:54:00,99.3
2025-06-12 05:00:00,2.6
2025-06-12 21:54:00,43.0
2025-06-12 16:23:00,6.4
2025-06-12 00:58:00,49.44888862615275
2025-06-12 07:04:00,71.3
2025-06-12 16:22:00,30.7
2025-06-12 10:45:00,97.8
2025-06-12 13:09:00,17.6
2025-06-12 17:19:00,56.8
2025-06-12 22:02:00,23.6
2025-06-12 05:48:00,62.3
2025-06-12 02:26:00,25.5
2025-06-12 18:01:00,75.8
2025-06-12 17:07:00,24.2
2025-06-12 15:16:00,78.4
2025-06-12 17:27:00,52.6
2025-06-12 12:54:00,49.44888862615275
2025-06-12 21:28:00,57.6
2025-06-12 14:57:00,25.0
2025-06-12 12:40:00,49.44888862615275
2025-06-12 12:42:00,87.3
2025-06-12 18:57:00,49.44888862615275
2025-06-12 10:05:00,49.44888862615275
2025-06-12 10:47:00,49.44888862615275
2025-06-12 19:40:00,4.9
2025-06-12 10:36:00,49.44888862615275
2025-06-12 14:33:00,81.1
2025-06-12 07:45:00,89.3
2025-06-12 04:48:00,61.0
2025-06-12 04:55:00,17.1
2025-06-12 06:08:00,32.2
2025-06-12 16:22:00,49.44888862615275
2025-06-12 16:46:00,28.4
2025-06-12 09:05:00,0.0
2025-06-12 15:52:00,13.3
2025-06-12 13:07:00,49.44888862615275
2025-06-12 07:18:00,66.9
2025-06-12 12:49:00,49.44888862615275
2025-06-12 13:53:00,87.3
2025-06-12 10:44:00,38.5
2025-06-12 10:24:00,40.3
2025-06-12 13:18:00,49.44888862615275
2025-06-12 20:26:00,77.9
2025-06-12 12:22:00,97.2
2025-06-12 22:03:00,56.5
2025-06-12 06:05:00,72.4
2025-06-12 18:30:00,28.6
2025-06-12 10:36:00,83.5
2025-06-12 21:55:00,49.44888862615275
2025-06-12 22:52:00,86.6
2025-06-12 20:18:00,48.9
2025-06-12 15:49:00,93.6
2025-06-12 23:55:00,14.8
2025-06-12 00:32:00,13.8
2025-06-12 20:15:00,59.4
2025-06-12 10:21:00,49.44888862615275
2025-06-12 18:10:00,44.8
2025-06-12 10:21:00,20.3
2025-06-12 07:27:00,49.44888862615275
2025-06-12 03:46:00,94.4
2025-06-12 15:13:00,40.8
2025-06-12 15:20:00,32.3
2025-06-12 18:56:00,27.8
2025-06-12 19:53:00,77.8
2025-06-12 07:09:00,93.8
2025-06-12 14:09:00,2.1
2025-06-12 12:24:00,21.3
2025-06-12 11:50:00,55.8
2025-06-12 22:12:00,7.2
2025-06-12 02:05:00,71.4
2025-06-12 13:27:00,69.0
2025-06-12 03:39:00,11.9
2025-06-12 21:20:00,85.8
2025-06-12 04:10:00,80.8
2025-06-12 05:25:00,69.2
2025-06-12 02:24:00,50.6
2025-06-12 06:51:00,77.1
2025-06-12 03:53:00,42.9
2025-06-12 08:31:00,25.0
2025-06-12 12:03:00,49.44888862615275
2025-06-12 20:04:00,34.4
2025-06-12 15:15:00,8.3
2025-06-12 06:42:00,91.2
2025-06-12 14:42:00,8.0
2025-06-12 10:25:00,1.9
2025-06-12 20:52:00,0.7
2025-06-12 12:24:00,45.3
2025-06-12 15:45:00,53.3
2025-06-12 20:36:00,58.7
2025-06-12 08:04:00,72.5
2025-06-12 22:21:00,52.2
2025-06-12 05:26:00,51.9
2025-06-12 04:57:00,49.44888862615275
2025-06-12 06:46:00,14.0
2025-06-12 23:06:00,24.6
2025-06-12 21:49:00,35.9
2025-06-12 14:49:00,69.7
2025-06-12 23:53:00,67.8
2025-06-12 06:49:00,57.3
2025-06-12 14:34:00,77.3
2025-06-12 09:49:00,49.44888862615275
2025-06-12 11:35:00,43.0
2025-06-12 09:00:00,49.44888862615275
2025-06-12 13:35:00,78.3
2025-06-12 13:12:00,55.7
2025-06-12 20:39:00,44.3
2025-06-12 19:48:00,88.4
2025-06-12 14:02:00,10.2
2025-06-12 12:45:00,29.5
2025-06-12 19:01:00,4.7
2025-06-12 18:37:00,80.9
2025-06-12 06:53:00,99.4
2025-06-12 23:37:00,37.2
2025-06-12 01:45:00,44.7
2025-06-12 13:56:00,14.7
2025-06-12 07:33:00,50.4
2025-06-12 23:55:00,84.4
2025-06-12 12:41:00,85.4
2025-06-12 13:20:00,5.5
2025-06-12 22:06:00,87.7
2025-06-12 11:42:00,49.44888862615275
2025-06-12 01:50:00,53.1
2025-06-12 17:57:00,49.44888862615275
2025-06-12 01:06:00,49.44888862615275
2025-06-12 07:38:00,38.4
2025-06-12 21:04:00,39.8
2025-06-12 10:36:00,34.1
2025-06-12 09:18:00,55.1
2025-06-12 22:21:00,5.8
2025-06-12 11:53:00,51.3
2025-06-12 14:29:00,26.0
2025-06-12 06:12:00,98.2
2025-06-12 20:38:00,14.1
2025-06-12 10:44:00,49.4
2025-06-12 03:28:00,49.44888862615275
2025-06-12 07:56:00,98.0
2025-06-12 00:11:00,86.1
2025-06-12 11:20:00,83.4
2025-06-12 17:33:00,49.44888862615275
2025-06-12 03:02:00,49.44888862615275
2025-06-12 12:06:00,49.44888862615275
2025-06-12 19:37:00,61.3
2025-06-12 03:17:00,26.8
2025-06-12 00:49:00,60.1
2025-06-12 14:00:00,3.2
2025-06-12 21:01:00,64.9
2025-06-12 14:37:00,77.3
2025-06-12 00:53:00,49.44888862615275
2025-06-12 19:55:00,22.9
2025-06-12 05:10:00,51.7
2025-06-12 12:10:00,49.44888862615275
2025-06-12 19:32:00,33.2
2025-06-12 12:10:00,9.0
2025-06-12 16:42:00,49.44888862615275
2025-06-12 12:50:00,74.9
2025-06-12 16:36:00,84.1
2025-06-12 22:55:00,95.4
2025-06-12 17:52:00,72.5
2025-06-12 10:06:00,70.6
2025-06-12 07:38:00,96.9
2025-06-12 03:25:00,58.7
2025-06-12 15:23:00,59.1
2025-06-12 22:26:00,34.5
2025-06-12 12:00:00,92.6
2025-06-12 15:26:00,91.5
2025-06-12 02:09:00,85.1
2025-06-12 01:06:00,57.1
2025-06-12 02:27:00,55.4
2025-06-12 22:45:00,76.1
2025-06-12 04:33:00,11.2
2025-06-12 14:42:00,87.7
2025-06-12 03:13:00,47.9
2025-06-12 08:49:00,8.0
2025-06-12 02:51:00,23.5
2025-06-12 05:17:00,84.4
2025-06-12 07:35:00,66.3
2025-06-12 11:04:00,92.9
2025-06-12 18:58:00,45.5
2025-06-12 09:51:00,98.6
2025-06-12 08:12:00,98.8
2025-06-12 14:42:00,19.2
2025-06-12 06:03:00,49.953150620754265
2025-06-12 00:04:00,16.0
2025-06-12 00:22:00,96.9
2025-06-12 21:40:00,49.953150620754265
2025-06-12 03:36:00,1.2
2025-06-12 11:39:00,64.0
2025-06-12 09:39:00,85.2
2025-06-12 05:41:00,62.4
2025-06-12 15:12:00,49.953150620754265
2025-06-12 22:51:00,31.8
2025-06-12 12:37:00,22.2
2025-06-12 02:06:00,47.4
2025-06-12 09:11:00,7.5
2025-06-12 19:24:00,35.7
2025-06-12 13:24:00,70.2
2025-06-12 19:36:00,77.4
2025-06-12 10:37:00,46.7
2025-06-12 05:54:00,49.953150620754265
2025-06-12 17:03:00,63.2
2025-06-12 22:14:00,39.9
2025-06-12 07:59:00,18.7
2025-06-12 10:24:00,23.6
2025-06-12 14:09:00,48.4
2025-06-12 03:38:00,63.8
2025-06-12 17:39:00,83.4
2025-06-12 01:19:00,49.953150620754265
2025-06-12 16:56:00,38.0
2025-06-12 18:23:00,24.6
2025-06-12 03:09:00,49.953150620754265
2025-06-12 07:32:00,57.5
2025-06-12 23:41:00,52.2
2025-06-12 14:03:00,32.5
2025-06-12 21:18:00,28.8
2025-06-12 12:13:00,74.6
2025-06-12 00:13:00,90.1
2025-06-12 03:38:00,49.953150620754265
2025-06-12 13:03:00,45.7
2025-06-12 03:09:00,49.953150620754265
2025-06-12 23:04:00,40.7
2025-06-12 23:14:00,71.4
2025-06-12 01:51:00,49.953150620754265
2025-06-12 07:06:00,49.953150620754265
2025-06-12 15:18:00,71.8
2025-06-12 20:00:00,94.7
2025-06-12 07:49:00,24.3
2025-06-12 05:50:00,1.9
2025-06-12 16:53:00,83.9
2025-06-12 20:50:00,36.0
2025-06-12 23:32:00,1.4
2025-06-12 06:47:00,87.2
2025-06-12 16:00:00,68.6
2025-06-12 00:33:00,73.7
2025-06-12 18:12:00,99.0
2025-06-12 01:17:00,98.2
2025-06-12 21:00:00,67.6
2025-06-12 08:32:00,30.6
2025-06-12 15:59:00,97.8
2025-06-12 20:25:00,26.8
2025-06-12 19:25:00,49.953150620754265
2025-06-12 18:32:00,1.5
2025-06-12 01:06:00,27.4
2025-06-12 16:37:00,99.5
2025-06-12 17:44:00,21.2
2025-06-12 22:30:00,61.1
2025-06-12 04:02:00,98.9
2025-06-12 23:41:00,49.953150620754265
2025-06-12 11:34:00,60.1
2025-06-12 12:58:00,53.0
2025-06-12 04:50:00,73.9
2025-06-12 18:40:00,74.7
2025-06-12 15:15:00,3.5
2025-06-12 05:19:00,18.5
2025-06-12 05:45:00,21.8
2025-06-12 18:10:00,77.3
2025-06-12 09:17:00,52.9
2025-06-12 15:37:00,6.8
2025-06-12 10:58:00,94.1
2025-06-12 23:31:00,76.8
2025-06-12 12:43:00,99.9
2025-06-12 13:56:00,13.9
2025-06-12 09:12:00,4.7
2025-06-12 12:32:00,93.0
2025-06-12 19:49:00,49.953150620754265
2025-06-12 22:41:00,14.5
2025-06-12 08:16:00,51.1
2025-06-12 00:41:00,82.8
2025-06-12 13:38:00,21.6
2025-06-12 08:19:00,91.5
2025-06-12 20:10:00,100.0
2025-06-12 05:03:00,16.1
2025-06-12 23:03:00,16.7
2025-06-12 03:48:00,68.9
2025-06-12 20:01:00,9.3
2025-06-12 19:06:00,82.0
2025-06-12 06:21:00,49.953150620754265
2025-06-12 17:43:00,91.8
2025-06-12 07:23:00,55.3
2025-06-12 12:07:00,94.0
2025-06-12 10:09:00,3.2
2025-06-12 10:08:00,49.953150620754265
2025-06-12 05:24:00,49.953150620754265
2025-06-12 03:24:00,58.6
2025-06-12 11:36:00,68.0
2025-06-12 06:23:00,78.5
2025-06-12 22:20:00,61.6
2025-06-12 07:19:00,49.953150620754265
2025-06-12 07:00:00,6.1
2025-06-12 16:44:00,15.9
2025-06-12 13:24:00,37.3
2025-06-12 07:58:00,24.1
2025-06-12 16:21:00,8.3
2025-06-12 10:38:00,49.953150620754265
2025-06-12 15:50:00,60.9
2025-06-12 13:45:00,20.0
2025-06-12 01:37:00,94.0
2025-06-12 00:36:00,71.1
2025-06-12 17:02:00,31.1
2025-06-12 02:00:00,92.8
2025-06-12 19:16:00,69.8
2025-06-12 01:21:00,12.8
2025-06-12 13:26:00,5.8
2025-06-12 22:13:00,7.1
2025-06-12 12:09:00,33.1
2025-06-12 09:34:00,49.953150620754265
2025-06-12 03:18:00,46.7
2025-06-12 19:40:00,62.2
2025-06-12 00:35:00,46.7
2025-06-12 06:30:00,85.4
2025-06-12 21:54:00,35.8
2025-06-12 09:36:00,49.953150620754265
2025-06-12 13:47:00,64.1
2025-06-12 21:59:00,6.0
2025-06-12 23:35:00,49.953150620754265
2025-06-12 08:28:00,24.8
2025-06-12 02:00:00,94.4
2025-06-12 01:22:00,47.9
2025-06-12 07:43:00,56.1
2025-06-12 01:16:00,12.0
2025-06-12 16:07:00,49.0
2025-06-12 19:27:00,8.6
2025-06-12 07:29:00,56.2
2025-06-12 19:15:00,49.953150620754265
2025-06-12 01:10:00,22.9
2025-06-12 06:52:00,7.8
2025-06-12 08:55:00,10.8
2025-06-12 14:14:00,21.9
2025-06-12 06:29:00,50.2
2025-06-12 04:49:00,77.6
2025-06-12 08:38:00,49.953150620754265
2025-06-12 13:41:00,82.7
2025-06-12 07:31:00,77.0
2025-06-12 01:48:00,45.8
2025-06-12 04:21:00,51.9
2025-06-12 07:30:00,19.5
2025-06-12 00:57:00,49.953150620754265
2025-06-12 10:01:00,93.3
2025-06-12 23:04:00,20.8
2025-06-12 19:55:00,56.1
2025-06-12 18:37:00,41.9
2025-06-12 23:09:00,57.1
2025-06-12 10:25:00,37.5
2025-06-12 08:02:00,53.4
2025-06-12 03:30:00,20.0
2025-06-12 19:32:00,54.4
2025-06-12 13:35:00,74.9
2025-06-12 03:18:00,24.5
2025-06-12 22:19:00,21.4
2025-06-12 15:00:00,7.7
2025-06-12 07:10:00,57.7
2025-06-12 14:31:00,53.1
2025-06-12 16:59:00,14.9
2025-06-12 12:57:00,49.953150620754265
2025-06-12 21:52:00,34.1
2025-06-12 18:12:00,49.953150620754265
2025-06-12 06:27:00,10.2
2025-06-12 10:48:00,49.953150620754265
2025-06-12 18:24:00,52.6
2025-06-12 06:36:00,33.9
2025-06-12 06:05:00,49.953150620754265
2025-06-12 21:14:00,15.0
2025-06-12 04:06:00,42.0
2025-06-12 09:27:00,56.3
2025-06-12 19:23:00,46.0
2025-06-12 01:26:00,76.0
2025-06-12 18:32:00,63.4
2025-06-12 04:12:00,68.2
2025-06-12 02:08:00,42.9
2025-06-12 12:55:00,21.2
2025-06-12 21:31:00,75.7
2025-06-12 15:38:00,49.953150620754265
2025-06-12 19:58:00,86.5
2025-06-12 14:02:00,92.6
2025-06-12 18:29:00,90.4
2025-06-12 00:28:00,77.0
2025-06-12 14:40:00,39.2
2025-06-12 13:21:00,0.6
2025-06-12 13:39:00,36.1
2025-06-12 22:23:00,79.8
2025-06-12 16:35:00,8.7
2025-06-12 20:28:00,49.953150620754265
2025-06-12 10:23:00,33.5
2025-06-12 01:27:00,49.953150620754265
2025-06-12 12:37:00,49.953150620754265
2025-06-12 05:35:00,82.8
2025-06-12 03:51:00,41.9
2025-06-12 22:14:00,70.6
2025-06-12 21:17:00,49.953150620754265
2025-06-12 06:58:00,75.0
2025-06-12 09:48:00,53.9
2025-06-12 21:25:00,49.953150620754265
2025-06-12 03:48:00,7.4
2025-06-12 00:35:00,78.9
2025-06-12 06:09:00,86.5
2025-06-12 21:17:00,68.3
2025-06-12 00:57:00,49.9
2025-06-12 20:23:00,56.1
2025-06-12 12:19:00,76.2
2025-06-12 11:53:00,59.8
2025-06-12 14:21:00,19.8
2025-06-12 17:22:00,93.2
2025-06-12 22:58:00,92.5
2025-06-12 00:39:00,50.1
2025-06-12 13:14:00,8.9
2025-06-12 01:11:00,66.1
2025-06-12 22:30:00,95.8
2025-06-12 07:32:00,87.6
2025-06-12 02:44:00,25.7
2025-06-12 14:36:00,77.6
2025-06-12 15:23:00,49.953150620754265
2025-06-12 22:43:00,49.953150620754265
2025-06-12 20:52:00,89.9
2025-06-12 04:47:00,49.953150620754265
2025-06-12 02:10:00,80.1
2025-06-12 05:42:00,49.953150620754265
2025-06-12 11:32:00,2.2
2025-06-12 07:26:00,8.2
2025-06-12 02:03:00,49.953150620754265
2025-06-12 05:15:00,26.4
2025-06-12 10:42:00,10.3
2025-06-12 14:09:00,49.953150620754265
2025-06-12 04:08:00,73.0
2025-06-12 03:09:00,44.8
2025-06-12 09:15:00,54.8
2025-06-12 15:13:00,52.6
2025-06-12 09:22:00,97.6
2025-06-12 05:08:00,76.9
2025-06-12 05:43:00,34.3
2025-06-12 18:18:00,55.8
2025-06-12 22:09:00,63.3
2025-06-12 16:40:00,49.953150620754265
2025-06-12 14:49:00,49.953150620754265
2025-06-12 19:19:00,15.4
2025-06-12 19:28:00,91.1
2025-06-12 03:52:00,6.9
2025-06-12 10:56:00,13.8
2025-06-12 05:30:00,28.1
2025-06-12 06:05:00,14.5
2025-06-12 09:52:00,13.3
2025-06-12 01:04:00,49.953150620754265
2025-06-12 06:57:00,2.5
2025-06-12 02:17:00,49.953150620754265
2025-06-12 01:21:00,49.953150620754265
2025-06-12 07:16:00,64.4
2025-06-12 14:24:00,79.8
2025-06-12 04:29:00,93.3
2025-06-12 07:22:00,40.3
2025-06-12 11:13:00,79.8
2025-06-12 17:45:00,77.7
2025-06-12 13:55:00,61.7
2025-06-12 04:30:00,52.1
2025-06-12 04:15:00,49.953150620754265
2025-06-12 04:38:00,69.0
2025-06-12 23:28:00,74.8
2025-06-12 05:47:00,46.2
2025-06-12 21:14:00,73.4
2025-06-12 02:42:00,27.6
2025-06-12 17:26:00,93.9
2025-06-12 07:56:00,14.5
2025-06-12 14:25:00,9.2
2025-06-12 06:53:00,27.1
2025-06-12 01:18:00,9.7
2025-06-12 07:13:00,49.953150620754265
2025-06-12 05:37:00,16.9
2025-06-12 21:49:00,16.5
2025-06-12 19:34:00,83.0
2025-06-12 06:42:00,49.953150620754265
2025-06-12 14:28:00,19.5
2025-06-12 02:34:00,21.5
2025-06-12 09:15:00,35.9
2025-06-12 07:20:00,1.1
2025-06-12 03:11:00,74.8
2025-06-12 08:47:00,1.7
2025-06-12 16:57:00,59.3
2025-06-12 00:18:00,20.1
2025-06-12 23:15:00,49.58899212042808
2025-06-12 17:14:00,6.3
2025-06-12 00:09:00,49.58899212042808
2025-06-12 17:55:00,45.9
2025-06-12 21:38:00,73.6
2025-06-12 09:18:00,34.0
2025-06-12 05:12:00,40.6
2025-06-12 13:03:00,3.4
2025-06-12 03:36:00,5.0
2025-06-12 00:20:00,39.7
2025-06-12 06:29:00,49.58899212042808
2025-06-12 12:00:00,26.4
2025-06-12 02:58:00,74.1
2025-06-12 06:45:00,10.0
2025-06-12 20:26:00,29.6
2025-06-12 04:43:00,87.2
2025-06-12 03:27:00,49.9
2025-06-12 09:48:00,63.1
2025-06-12 19:00:00,49.58899212042808
2025-06-12 01:33:00,29.5
2025-06-12 18:25:00,49.58899212042808
2025-06-12 08:02:00,25.1
2025-06-12 02:54:00,65.6
2025-06-12 11:38:00,6.3
2025-06-12 02:40:00,81.1
2025-06-12 04:30:00,67.9
2025-06-12 10:24:00,49.58899212042808
2025-06-12 13:55:00,24.8
2025-06-12 08:47:00,49.58899212042808
2025-06-12 01:37:00,43.6
2025-06-12 09:08:00,7.0
2025-06-12 23:50:00,98.5
2025-06-12 19:56:00,98.4
2025-06-12 01:47:00,76.6
2025-06-12 13:12:00,39.6
2025-06-12 18:08:00,45.6
2025-06-12 11:06:00,38.5
2025-06-12 14:38:00,49.58899212042808
2025-06-12 22:50:00,9.3
2025-06-12 08:30:00,65.5
2025-06-12 01:53:00,49.58899212042808
2025-06-12 00:55:00,57.1
2025-06-12 23:33:00,71.5
2025-06-12 11:24:00,73.9
2025-06-12 15:09:00,85.2
2025-06-12 17:30:00,21.9
2025-06-12 01:23:00,35.9
2025-06-12 20:01:00,72.9
2025-06-12 07:33:00,15.5
2025-06-12 05:09:00,49.58899212042808
2025-06-12 06:52:00,11.4
2025-06-12 08:16:00,59.4
2025-06-12 16:35:00,49.58899212042808
2025-06-12 09:14:00,50.9
2025-06-12 23:09:00,47.7
2025-06-12 10:49:00,74.3
2025-06-12 09:33:00,31.8
2025-06-12 07:54:00,80.8
2025-06-12 08:39:00,34.1
2025-06-12 02:03:00,72.7
2025-06-12 18:33:00,70.1
2025-06-12 10:20:00,91.6
2025-06-12 10:27:00,86.6
2025-06-12 06:56:00,68.2
2025-06-12 11:33:00,40.8
2025-06-12 07:12:00,45.9
2025-06-12 05:28:00,52.8
2025-06-12 12:47:00,45.3
2025-06-12 01:39:00,96.5
2025-06-12 10:59:00,79.6
2025-06-12 20:45:00,19.2
2025-06-12 03:50:00,49.58899212042808
2025-06-12 14:37:00,44.3
2025-06-12 10:49:00,66.6
2025-06-12 11:07:00,49.58899212042808
2025-06-12 01:55:00,99.3
2025-06-12 10:02:00,85.0
2025-06-12 07:19:00,81.1
2025-06-12 00:57:00,83.6
2025-06-12 10:46:00,53.9
2025-06-12 09:30:00,49.8
2025-06-12 15:32:00,83.5
2025-06-12 01:50:00,32.4
2025-06-12 11:35:00,20.6
2025-06-12 07:29:00,44.1
2025-06-12 22:47:00,97.8
2025-06-12 23:19:00,24.4
2025-06-12 09:02:00,42.5
2025-06-12 19:47:00,49.58899212042808
2025-06-12 17:11:00,49.58899212042808
2025-06-12 01:38:00,8.7
2025-06-12 02:09:00,3.9
2025-06-12 06:08:00,61.2
2025-06-12 08:53:00,49.58899212042808
2025-06-12 18:19:00,99.6
2025-06-12 16:55:00,25.2
2025-06-12 23:45:00,24.8
2025-06-12 17:33:00,20.4
2025-06-12 21:51:00,66.4
2025-06-12 23:38:00,49.58899212042808
2025-06-12 14:05:00,68.2
2025-06-12 20:05:00,49.58899212042808
2025-06-12 16:30:00,84.5
2025-06-12 16:03:00,32.6
2025-06-12 04:50:00,12.4
2025-06-12 04:30:00,49.58899212042808
2025-06-12 08:09:00,26.4
2025-06-12 22:07:00,49.58899212042808
2025-06-12 02:58:00,49.58899212042808
2025-06-12 04:42:00,30.2
2025-06-12 08:00:00,36.5
2025-06-12 09:22:00,99.7
2025-06-12 17:37:00,28.7
2025-06-12 21:58:00,68.8
2025-06-12 20:37:00,35.6
2025-06-12 21:07:00,66.9
2025-06-12 09:39:00,74.8
2025-06-12 18:32:00,86.5
2025-06-12 19:56:00,66.6
2025-06-12 16:03:00,59.6
2025-06-12 13:18:00,29.1
2025-06-12 06:42:00,89.9
2025-06-12 17:04:00,76.8
2025-06-12 01:15:00,16.2
2025-06-12 07:59:00,59.5
2025-06-12 08:20:00,21.5
2025-06-12 04:49:00,74.5
2025-06-12 09:44:00,34.4
2025-06-12 00:25:00,76.6
2025-06-12 01:24:00,49.58899212042808
2025-06-12 00:59:00,49.58899212042808
2025-06-12 18:05:00,1.1
2025-06-12 21:19:00,49.58899212042808
2025-06-12 18:26:00,73.1
2025-06-12 07:24:00,62.0
2025-06-12 14:15:00,18.4
2025-06-12 14:49:00,0.1
2025-06-12 04:06:00,71.7
2025-06-12 11:55:00,49.0
2025-06-12 16:17:00,84.5
2025-06-12 16:41:00,57.5
2025-06-12 06:19:00,43.6
2025-06-12 18:47:00,97.1
2025-06-12 14:43:00,28.9
2025-06-12 13:48:00,11.8
2025-06-12 16:13:00,78.6
2025-06-12 23:12:00,49.58899212042808
2025-06-12 23:55:00,48.9
2025-06-12 17:42:00,17.5
2025-06-12 19:38:00,75.4
2025-06-12 05:13:00,58.5
2025-06-12 19:03:00,95.1
2025-06-12 16:40:00,55.3
2025-06-12 21:42:00,46.2
2025-06-12 23:35:00,40.1
2025-06-12 19:43:00,35.2
2025-06-12 09:40:00,16.6
2025-06-12 17:47:00,51.6
2025-06-12 19:00:00,41.8
2025-06-12 14:29:00,96.0
2025-06-12 22:36:00,49.58899212042808
2025-06-12 14:33:00,12.8
2025-06-12 10:04:00,79.5
2025-06-12 07:50:00,80.0
2025-06-12 12:07:00,93.2
2025-06-12 04:58:00,49.58899212042808
2025-06-12 22:03:00,28.6
2025-06-12 03:16:00,19.6
2025-06-12 23:08:00,83.8
2025-06-12 15:08:00,89.9
2025-06-12 16:20:00,57.5
2025-06-12 02:07:00,86.4
2025-06-12 20:39:00,71.8
2025-06-12 02:06:00,6.9
2025-06-12 13:21:00,62.8
2025-06-12 20:12:00,92.2
2025-06-12 17:05:00,37.2
2025-06-12 07:04:00,51.6
2025-06-12 18:20:00,13.0
2025-06-12 17:06:00,71.8
2025-06-12 02:57:00,58.7
2025-06-12 01:15:00,49.58899212042808
2025-06-12 18:13:00,49.58899212042808
2025-06-12 08:55:00,97.3
2025-06-12 07:49:00,88.5
2025-06-12 12:33:00,75.6
2025-06-12 23:00:00,49.58899212042808
2025-06-12 17:51:00,37.0
2025-06-12 22:14:00,63.9
2025-06-12 21:35:00,11.1
2025-06-12 05:03:00,33.9
2025-06-12 17:15:00,22.1
2025-06-12 21:28:00,49.58899212042808
2025-06-12 14:22:00,68.8
2025-06-12 10:00:00,47.7
2025-06-12 13:37:00,93.9
2025-06-12 01:20:00,20.2
2025-06-12 22:41:00,92.4
2025-06-12 08:40:00,3.4
2025-06-12 08:30:00,71.3
2025-06-12 05:53:00,27.6
2025-06-12 16:37:00,64.8
2025-06-12 11:49:00,96.7
2025-06-12 10:52:00,100.0
2025-06-12 03:37:00,49.58899212042808
2025-06-12 05:12:00,82.7
2025-06-12 23:27:00,49.58899212042808
2025-06-12 03:07:00,35.2
2025-06-12 21:23:00,1.9
2025-06-12 16:51:00,7.0
2025-06-12 18:39:00,81.2
2025-06-12 23:51:00,9.3
2025-06-12 00:17:00,82.2
2025-06-12 14:40:00,19.0
2025-06-12 17:42:00,35.5
2025-06-12 02:36:00,93.4
2025-06-12 07:42:00,49.58899212042808
2025-06-12 07:20:00,6.8
2025-06-12 19:08:00,22.9
2025-06-12 16:43:00,84.2
2025-06-12 17:08:00,3.2
2025-06-12 16:42:00,45.4
2025-06-12 07:41:00,23.6
2025-06-12 18:48:00,72.3
2025-06-12 06:39:00,52.8
2025-06-12 01:58:00,78.8
2025-06-12 18:53:00,30.3
2025-06-12 17:42:00,2.7
2025-06-12 07:37:00,95.2
2025-06-12 17:50:00,49.58899212042808
2025-06-12 15:51:00,25.8
2025-06-12 04:32:00,41.7
2025-06-12 03:19:00,48.1
2025-06-12 23:53:00,56.1
2025-06-12 07:56:00,98.8
2025-06-12 06:02:00,25.8
2025-06-12 21:26:00,55.5
2025-06-12 15:07:00,49.58899212042808
2025-06-12 02:41:00,53.1
2025-06-12 10:27:00,49.58899212042808
2025-06-12 12:34:00,49.58899212042808
2025-06-12 00:28:00,40.6
2025-06-12 13:01:00,16.9
2025-06-12 07:54:00,92.2
2025-06-12 12:05:00,49.58899212042808
2025-06-12 01:51:00,97.5
2025-06-12 04:51:00,35.8
2025-06-12 15:19:00,70.6
2025-06-12 01:30:00,49.58899212042808
2025-06-12 05:10:00,60.8
2025-06-12 19:10:00,12.0
2025-06-12 00:29:00,95.7
2025-06-12 05:57:00,46.5
2025-06-12 22:14:00,58.4
2025-06-12 23:11:00,7.3
2025-06-12 21:37:00,61.8
2025-06-12 23:04:00,15.9
2025-06-12 21:26:00,11.0
2025-06-12 01:39:00,95.1
2025-06-12 17:02:00,41.9
2025-06-12 19:54:00,67.6
2025-06-12 00:31:00,89.9
2025-06-12 23:50:00,17.0
2025-06-12 19:11:00,49.58899212042808
2025-06-12 04:04:00,97.8
2025-06-12 18:04:00,83.1
2025-06-12 09:39:00,16.9
2025-06-12 03:05:00,49.58899212042808
2025-06-12 03:22:00,70.7
2025-06-12 05:53:00,45.5
2025-06-12 03:46:00,32.5
2025-06-12 16:17:00,49.58899212042808
2025-06-12 04:33:00,96.3
2025-06-12 01:21:00,23.1
2025-06-12 16:13:00,49.58899212042808
2025-06-12 11:15:00,43.0
2025-06-12 01:28:00,23.5
2025-06-12 16:35:00,49.58899212042808
2025-06-12 21:36:00,49.58899212042808
2025-06-12 20:50:00,65.8
2025-06-12 02:21:00,73.2
2025-06-12 02:25:00,85.9
2025-06-12 02:42:00,73.9
2025-06-12 19:53:00,97.3
2025-06-12 20:05:00,55.7
2025-06-12 19:10:00,2.5
2025-06-12 20:26:00,82.7
2025-06-12 02:08:00,4.0
2025-06-12 23:25:00,49.2
2025-06-12 21:53:00,20.2
2025-06-12 02:23:00,21.7
2025-06-12 22:05:00,65.5
2025-06-12 20:27:00,16.3
2025-06-12 08:35:00,26.7
2025-06-12 13:00:00,89.8
2025-06-12 06:41:00,11.1
2025-06-12 11:31:00,33.7
2025-06-12 10:41:00,92.7
2025-06-12 22:51:00,49.1
2025-06-12 00:10:00,86.9
2025-06-12 13:22:00,66.0
2025-06-12 03:38:00,49.58899212042808
2025-06-12 20:42:00,49.58899212042808
2025-06-12 00:14:00,26.7
2025-06-12 04:16:00,79.3
2025-06-12 19:20:00,67.8
2025-06-12 22:07:00,49.58899212042808
2025-06-12 13:31:00,79.9
2025-06-12 21:15:00,74.1
2025-06-12 19:39:00,38.7
2025-06-12 10:47:00,49.58899212042808
2025-06-12 01:11:00,60.7
2025-06-12 05:56:00,81.7
2025-06-12 02:57:00,78.6
2025-06-12 04:26:00,69.3
2025-06-12 11:26:00,32.2
2025-06-12 06:27:00,47.8
2025-06-12 22:42:00,25.1
2025-06-12 12:46:00,26.2
2025-06-12 22:24:00,23.3
2025-06-12 21:01:00,47.7
2025-06-12 13:39:00,15.8
2025-06-12 09:44:00,99.6
2025-06-12 20:33:00,14.5
2025-06-12 18:05:00,49.58899212042808
2025-06-12 06:49:00,59.2
2025-06-12 00:41:00,7.1
2025-06-12 23:34:00,92.0
2025-06-12 00:39:00,58.1
2025-06-12 21:52:00,89.0
2025-06-12 00:12:00,67.3
2025-06-12 20:26:00,18.4
2025-06-12 17:40:00,66.2
2025-06-12 21:40:00,37.9
2025-06-12 19:02:00,93.4
2025-06-12 08:28:00,90.6
2025-06-12 01:07:00,42.4
2025-06-12 01:20:00,13.7
2025-06-12 08:06:00,86.4
2025-06-12 08:00:00,49.58899212042808
2025-06-12 08:44:00,56.0
2025-06-12 11:07:00,27.1
2025-06-12 11:42:00,70.3
2025-06-12 06:06:00,83.3
2025-06-12 00:34:00,54.6
2025-06-12 04:51:00,66.2
2025-06-12 06:05:00,87.9
2025-06-12 02:16:00,20.6
2025-06-12 03:29:00,91.8
2025-06-12 17:08:00,32.4
2025-06-12 05:58:00,49.58899212042808
2025-06-12 19:36:00,24.2
2025-06-12 23:56:00,56.7
2025-06-12 10:21:00,24.5
2025-06-12 07:08:00,0.2
2025-06-12 19:50:00,61.0
2025-06-12 03:02:00,21.2
2025-06-12 07:05:00,58.2
2025-06-12 07:05:00,50.2977004785806
2025-06-12 20:58:00,88.1
2025-06-12 05:05:00,12.3
2025-06-12 09:49:00,50.2977004785806
2025-06-12 15:19:00,60.3
2025-06-12 14:30:00,71.4
2025-06-12 00:44:00,37.2
2025-06-12 21:24:00,37.9
2025-06-12 01:49:00,24.3
2025-06-12 23:46:00,60.7
2025-06-12 12:56:00,81.2
2025-06-12 21:52:00,65.8
2025-06-12 18:40:00,41.7
2025-06-12 05:08:00,37.0
2025-06-12 08:39:00,89.5
2025-06-12 02:27:00,97.8
2025-06-12 08:45:00,50.2977004785806
2025-06-12 10:38:00,20.6
2025-06-12 00:29:00,60.8
2025-06-12 10:57:00,17.7
2025-06-12 10:14:00,55.6
2025-06-12 23:44:00,80.5
2025-06-12 14:59:00,64.8
2025-06-12 22:53:00,45.3
2025-06-12 14:22:00,34.5
2025-06-12 19:23:00,60.2
2025-06-12 15:24:00,17.9
2025-06-12 05:00:00,22.8
2025-06-12 21:08:00,33.8
2025-06-12 11:15:00,75.4
2025-06-12 22:48:00,50.2977004785806
2025-06-12 09:56:00,50.2977004785806
2025-06-12 00:18:00,94.5
2025-06-12 22:17:00,68.7
2025-06-12 06:22:00,17.0
2025-06-12 21:55:00,61.4
2025-06-12 12:36:00,56.8
2025-06-12 18:51:00,50.2977004785806
2025-06-12 21:54:00,50.2977004785806
2025-06-12 23:49:00,28.2
2025-06-12 18:06:00,64.0
2025-06-12 22:46:00,55.5
2025-06-12 16:14:00,50.2977004785806
2025-06-12 05:20:00,77.9
2025-06-12 12:48:00,62.6
2025-06-12 03:07:00,10.8
2025-06-12 09:10:00,57.0
2025-06-12 13:07:00,72.6
2025-06-12 02:04:00,31.9
2025-06-12 09:44:00,66.7
2025-06-12 09:42:00,80.1
2025-06-12 16:13:00,50.2977004785806
2025-06-12 22:48:00,43.4
2025-06-12 19:49:00,35.2
2025-06-12 21:06:00,30.3
2025-06-12 08:43:00,20.4
2025-06-12 05:10:00,41.0
2025-06-12 05:09:00,46.6
2025-06-12 14:51:00,1.5
2025-06-12 14:09:00,32.1
2025-06-12 09:56:00,50.2977004785806
2025-06-12 18:00:00,92.7
2025-06-12 21:54:00,44.1
2025-06-12 20:05:00,18.7
2025-06-12 20:09:00,26.0
2025-06-12 08:13:00,49.8
2025-06-12 12:34:00,92.7
2025-06-12 23:10:00,50.2977004785806
2025-06-12 02:43:00,32.6
2025-06-12 01:19:00,74.6
2025-06-12 06:55:00,51.9
2025-06-12 08:35:00,99.8
2025-06-12 01:46:00,80.6
2025-06-12 03:37:00,65.8
2025-06-12 06:18:00,35.0
2025-06-12 19:31:00,2.6
2025-06-12 10:15:00,88.6
2025-06-12 12:17:00,50.3
2025-06-12 19:41:00,71.4
2025-06-12 13:09:00,11.7
2025-06-12 02:44:00,20.4
2025-06-12 21:16:00,98.7
2025-06-12 17:04:00,10.7
2025-06-12 07:14:00,71.1
2025-06-12 09:40:00,50.2977004785806
2025-06-12 14:10:00,64.3
2025-06-12 16:14:00,87.4
2025-06-12 17:53:00,50.2977004785806
2025-06-12 19:30:00,39.9
2025-06-12 20:02:00,92.7
2025-06-12 03:09:00,21.3
2025-06-12 01:05:00,94.6
2025-06-12 02:48:00,66.6
2025-06-12 18:32:00,38.6
2025-06-12 13:12:00,50.9
2025-06-12 06:59:00,1.1
2025-06-12 16:41:00,19.1
2025-06-12 14:17:00,65.3
2025-06-12 09:07:00,50.2977004785806
2025-06-12 10:46:00,38.0
2025-06-12 00:55:00,85.1
2025-06-12 20:44:00,1.8
2025-06-12 09:33:00,18.5
2025-06-12 09:54:00,61.9
2025-06-12 00:00:00,50.2977004785806
2025-06-12 12:35:00,77.8
2025-06-12 04:58:00,97.0
2025-06-12 12:06:00,69.1
2025-06-12 12:54:00,50.2977004785806
2025-06-12 03:46:00,60.9
2025-06-12 11:57:00,99.1
2025-06-12 10:20:00,35.1
2025-06-12 18:14:00,2.1
2025-06-12 03:16:00,11.8
2025-06-12 03:28:00,66.5
2025-06-12 07:26:00,2.7
2025-06-12 02:58:00,73.0
2025-06-12 13:12:00,48.9
2025-06-12 10:57:00,42.8
2025-06-12 08:12:00,29.4
2025-06-12 16:34:00,82.3
2025-06-12 11:01:00,50.2977004785806
2025-06-12 18:49:00,93.3
2025-06-12 03:36:00,29.8
2025-06-12 03:13:00,62.7
2025-06-12 06:20:00,50.2977004785806
2025-06-12 02:22:00,13.6
2025-06-12 06:23:00,64.7
2025-06-12 14:41:00,93.8
2025-06-12 01:29:00,10.5
2025-06-12 21:09:00,11.9
2025-06-12 11:05:00,73.9
2025-06-12 19:06:00,27.2
2025-06-12 23:03:00,9.9
2025-06-12 17:00:00,43.2
2025-06-12 04:30:00,0.4
2025-06-12 22:12:00,40.1
2025-06-12 00:42:00,28.9
2025-06-12 07:42:00,37.2
2025-06-12 01:29:00,81.3
2025-06-12 18:57:00,47.5
2025-06-12 00:51:00,50.2977004785806
2025-06-12 06:57:00,16.9
2025-06-12 12:52:00,51.7
2025-06-12 00:20:00,73.5
2025-06-12 06:53:00,89.0
2025-06-12 06:40:00,62.7
2025-06-12 23:14:00,98.2
2025-06-12 15:12:00,82.6
2025-06-12 17:01:00,25.6
2025-06-12 21:58:00,10.2
2025-06-12 12:02:00,98.5
2025-06-12 16:31:00,34.5
2025-06-12 02:36:00,70.3
2025-06-12 05:08:00,50.2977004785806
2025-06-12 19:48:00,70.9
2025-06-12 04:41:00,32.0
2025-06-12 03:03:00,90.8
2025-06-12 17:33:00,14.5
2025-06-12 16:39:00,98.2
2025-06-12 02:05:00,19.6
2025-06-12 01:22:00,68.6
2025-06-12 13:05:00,11.4
2025-06-12 09:09:00,36.6
2025-06-12 19:22:00,11.8
2025-06-12 20:34:00,61.4
2025-06-12 11:18:00,61.8
2025-06-12 16:47:00,35.2
2025-06-12 10:07:00,90.4
2025-06-12 13:42:00,99.7
2025-06-12 16:04:00,3.8
2025-06-12 06:10:00,95.0
2025-06-12 01:19:00,82.3
2025-06-12 15:11:00,96.1
2025-06-12 21:10:00,50.2977004785806
2025-06-12 15:02:00,65.0
2025-06-12 09:22:00,9.7
2025-06-12 23:39:00,50.2977004785806
2025-06-12 03:32:00,50.2977004785806
2025-06-12 23:57:00,91.6
2025-06-12 10:06:00,79.8
2025-06-12 04:50:00,65.9
2025-06-12 00:49:00,58.6
2025-06-12 22:02:00,98.2
2025-06-12 15:47:00,92.5
2025-06-12 00:19:00,13.2
2025-06-12 09:00:00,68.7
2025-06-12 01:54:00,54.2
2025-06-12 09:32:00,50.2977004785806
2025-06-12 22:07:00,50.2977004785806
2025-06-12 23:28:00,7.4
2025-06-12 22:41:00,78.2
2025-06-12 11:57:00,31.1
2025-06-12 14:52:00,84.0
2025-06-12 03:04:00,37.7
2025-06-12 18:21:00,93.6
2025-06-12 13:44:00,16.3
2025-06-12 21:15:00,5.0
2025-06-12 14:11:00,21.0
2025-06-12 23:22:00,30.1
2025-06-12 17:24:00,4.9
2025-06-12 08:16:00,72.6
2025-06-12 04:22:00,50.2977004785806
2025-06-12 21:50:00,59.0
2025-06-12 12:28:00,61.4
2025-06-12 06:45:00,50.2977004785806
2025-06-12 15:21:00,58.8
2025-06-12 11:47:00,50.2977004785806
2025-06-12 17:22:00,82.4
2025-06-12 20:09:00,63.3
2025-06-12 17:36:00,57.6
2025-06-12 03:14:00,48.4
2025-06-12 20:15:00,23.8
2025-06-12 00:40:00,47.2
2025-06-12 01:12:00,95.2
2025-06-12 15:22:00,65.8
2025-06-12 16:54:00,94.8
2025-06-12 00:13:00,14.4
2025-06-12 23:44:00,50.2977004785806
2025-06-12 10:51:00,11.1
2025-06-12 22:20:00,96.1
2025-06-12 05:19:00,36.6
2025-06-12 13:27:00,30.3
2025-06-12 13:21:00,50.2977004785806
2025-06-12 03:43:00,50.2977004785806
2025-06-12 10:15:00,41.1
2025-06-12 06:11:00,91.2
2025-06-12 19:19:00,6.0
2025-06-12 16:23:00,26.6
2025-06-12 10:46:00,85.1
2025-06-12 08:10:00,40.1
2025-06-12 00:04:00,28.5
2025-06-12 07:04:00,45.3
2025-06-12 01:47:00,73.1
2025-06-12 08:05:00,50.2977004785806
2025-06-12 08:06:00,50.2977004785806
2025-06-12 07:20:00,97.8
2025-06-12 16:46:00,14.8
2025-06-12 15:48:00,73.8
2025-06-12 02:32:00,75.4
2025-06-12 22:17:00,7.2
2025-06-12 01:25:00,8.1
2025-06-12 06:33:00,0.6
2025-06-12 06:08:00,69.5
2025-06-12 07:51:00,2.7
2025-06-12 21:08:00,75.5
2025-06-12 23:24:00,98.4
2025-06-12 16:01:00,50.2977004785806
2025-06-12 04:21:00,82.1
2025-06-12 20:43:00,76.2
2025-06-12 12:41:00,6.3
2025-06-12 09:38:00,12.9
2025-06-12 00:59:00,12.5
2025-06-12 17:15:00,50.2977004785806
2025-06-12 00:35:00,73.4
2025-06-12 12:26:00,52.8
2025-06-12 21:37:00,50.2977004785806
2025-06-12 06:35:00,50.2977004785806
2025-06-12 19:58:00,40.1
2025-06-12 12:26:00,58.4
2025-06-12 11:20:00,22.1
2025-06-12 21:19:00,58.6
2025-06-12 09:03:00,94.8
2025-06-12 17:15:00,76.9
2025-06-12 01:59:00,30.6
2025-06-12 13:16:00,50.2977004785806
2025-06-12 18:48:00,28.9
2025-06-12 17:21:00,83.5
2025-06-12 00:33:00,97.6
2025-06-12 06:19:00,32.9
2025-06-12 23:55:00,15.2
2025-06-12 15:15:00,75.8
2025-06-12 12:05:00,60.7
2025-06-12 02:38:00,14.5
2025-06-12 21:39:00,50.2977004785806
2025-06-12 12:16:00,8.7
2025-06-12 21:04:00,69.4
2025-06-12 13:15:00,79.3
2025-06-12 22:28:00,43.3
2025-06-12 23:24:00,70.0
2025-06-12 04:12:00,39.0
2025-06-12 16:37:00,92.4
2025-06-12 20:56:00,98.2
2025-06-12 23:32:00,50.2977004785806
2025-06-12 20:37:00,94.3
2025-06-12 23:32:00,59.6
2025-06-12 02:35:00,2.2
2025-06-12 07:15:00,80.1
2025-06-12 03:38:00,75.4
2025-06-12 00:57:00,51.2
2025-06-12 19:57:00,14.5
2025-06-12 11:03:00,55.7
2025-06-12 18:44:00,81.5
2025-06-12 00:53:00,25.9
2025-06-12 13:06:00,74.6
2025-06-12 19:19:00,50.2977004785806
2025-06-12 11:30:00,5.0
2025-06-12 07:31:00,17.7
2025-06-12 00:28:00,3.1
2025-06-12 20:40:00,76.5
2025-06-12 21:26:00,50.2977004785806
2025-06-12 06:57:00,98.3
2025-06-12 11:25:00,28.7
2025-06-12 07:19:00,50.2977004785806
2025-06-12 14:16:00,43.3
2025-06-12 21:46:00,8.8
2025-06-12 05:08:00,46.9
2025-06-12 02:07:00,28.1
2025-06-12 02:19:00,16.4
2025-06-12 07:00:00,50.2977004785806
2025-06-12 07:04:00,51.1
2025-06-12 17:08:00,24.2
2025-06-12 17:40:00,8.9
2025-06-12 22:30:00,13.1
2025-06-12 08:24:00,60.1
2025-06-12 08:46:00,22.0
2025-06-12 13:08:00,50.2977004785806
2025-06-12 18:24:00,48.0
2025-06-12 07:23:00,50.2977004785806
2025-06-12 02:26:00,18.3
2025-06-12 13:23:00,32.8
2025-06-12 09:03:00,98.7
2025-06-12 06:20:00,44.8
2025-06-12 09:30:00,46.7
2025-06-12 10:22:00,92.7
2025-06-12 03:57:00,50.2977004785806
2025-06-12 01:04:00,49.82536769031651
2025-06-12 08:03:00,86.6
2025-06-12 21:08:00,9.3
2025-06-12 10:01:00,89.9
2025-06-12 20:53:00,2.3
2025-06-12 18:15:00,51.9
2025-06-12 05:11:00,54.0
2025-06-12 18:18:00,50.1
2025-06-12 12:01:00,59.9
2025-06-12 14:50:00,60.9
2025-06-12 08:19:00,70.1
2025-06-12 09:58:00,49.82536769031651
2025-06-12 01:46:00,58.9
2025-06-12 02:01:00,87.5
2025-06-12 01:59:00,33.7
2025-06-12 01:09:00,98.8
2025-06-12 23:35:00,49.82536769031651
2025-06-12 21:53:00,43.0
2025-06-12 02:39:00,34.7
2025-06-12 13:13:00,77.7
2025-06-12 18:52:00,47.0
2025-06-12 16:39:00,49.82536769031651
2025-06-12 18:51:00,78.7
2025-06-12 12:11:00,40.4
2025-06-12 09:55:00,62.2
2025-06-12 13:19:00,44.2
2025-06-12 07:51:00,86.9
2025-06-12 19:32:00,41.1
2025-06-12 10:59:00,49.82536769031651
2025-06-12 08:21:00,62.2
2025-06-12 05:01:00,92.3
2025-06-12 03:50:00,0.8
2025-06-12 07:53:00,66.3
2025-06-12 11:08:00,87.4
2025-06-12 07:02:00,18.9
2025-06-12 03:25:00,49.82536769031651
2025-06-12 23:22:00,74.3
2025-06-12 19:00:00,13.8
2025-06-12 06:07:00,40.1
2025-06-12 12:40:00,72.8
2025-06-12 18:50:00,47.2
2025-06-12 04:30:00,8.2
2025-06-12 06:03:00,83.3
2025-06-12 02:19:00,49.82536769031651
2025-06-12 10:13:00,12.8
2025-06-12 18:34:00,55.9
2025-06-12 15:01:00,49.82536769031651
2025-06-12 02:05:00,34.6
2025-06-12 18:20:00,52.2
2025-06-12 21:39:00,64.6
2025-06-12 20:39:00,25.3
2025-06-12 21:12:00,44.3
2025-06-12 08:53:00,98.9
2025-06-12 18:43:00,81.4
2025-06-12 15:21:00,44.3
2025-06-12 05:39:00,93.5
2025-06-12 18:20:00,22.6
2025-06-12 14:13:00,7.3
2025-06-12 15:17:00,88.7
2025-06-12 07:18:00,14.8
2025-06-12 10:59:00,84.5
2025-06-12 08:03:00,77.3
2025-06-12 20:27:00,26.1
2025-06-12 12:02:00,5.1
2025-06-12 08:34:00,88.8
2025-06-12 01:37:00,49.82536769031651
2025-06-12 21:42:00,49.82536769031651
2025-06-12 10:09:00,1.8
2025-06-12 23:02:00,77.6
2025-06-12 00:38:00,7.4
2025-06-12 23:04:00,15.8
2025-06-12 08:20:00,70.7
2025-06-12 09:53:00,58.7
2025-06-12 20:27:00,72.9
2025-06-12 12:39:00,89.3
2025-06-12 14:07:00,82.9
2025-06-12 13:08:00,17.0
2025-06-12 09:03:00,62.1
2025-06-12 14:25:00,82.8
2025-06-12 07:30:00,54.8
2025-06-12 05:19:00,47.2
2025-06-12 22:34:00,11.6
2025-06-12 01:12:00,49.82536769031651
2025-06-12 03:17:00,81.2
2025-06-12 23:56:00,40.2
2025-06-12 08:51:00,34.2
2025-06-12 19:22:00,55.0
2025-06-12 00:10:00,3.5
2025-06-12 17:42:00,19.8
2025-06-12 09:48:00,78.8
2025-06-12 05:36:00,37.3
2025-06-12 02:05:00,72.1
2025-06-12 05:46:00,52.1
2025-06-12 22:57:00,96.0
2025-06-12 15:56:00,90.6
2025-06-12 02:13:00,21.1
2025-06-12 01:18:00,83.8
2025-06-12 21:54:00,64.3
2025-06-12 09:15:00,72.5
2025-06-12 05:47:00,86.2
2025-06-12 16:24:00,12.0
2025-06-12 20:16:00,49.82536769031651
2025-06-12 23:16:00,21.4
2025-06-12 14:01:00,38.5
2025-06-12 08:35:00,7.3
2025-06-12 01:10:00,91.6
2025-06-12 12:29:00,2.5
2025-06-12 23:22:00,98.8
2025-06-12 00:44:00,8.4
2025-06-12 04:28:00,68.4
2025-06-12 01:50:00,53.0
2025-06-12 07:22:00,49.82536769031651
2025-06-12 19:31:00,36.8
2025-06-12 18:59:00,49.82536769031651
2025-06-12 16:31:00,49.82536769031651
2025-06-12 16:32:00,30.5
2025-06-12 08:18:00,89.1
2025-06-12 11:19:00,47.8
2025-06-12 23:28:00,76.6
2025-06-12 05:57:00,1.5
2025-06-12 20:08:00,49.82536769031651
2025-06-12 21:55:00,4.0
2025-06-12 00:01:00,35.4
2025-06-12 00:24:00,65.9
2025-06-12 13:49:00,49.82536769031651
2025-06-12 08:44:00,16.5
2025-06-12 20:44:00,49.82536769031651
2025-06-12 10:23:00,77.0
2025-06-12 09:16:00,67.1
2025-06-12 00:18:00,51.9
2025-06-12 15:16:00,22.9
2025-06-12 18:57:00,13.4
2025-06-12 22:55:00,38.1
2025-06-12 09:13:00,97.3
2025-06-12 07:41:00,92.9
2025-06-12 01:35:00,61.6
2025-06-12 16:55:00,49.82536769031651
2025-06-12 16:04:00,42.2
2025-06-12 14:48:00,4.5
2025-06-12 08:40:00,65.0
2025-06-12 23:04:00,59.6
2025-06-12 22:16:00,67.6
2025-06-12 01:49:00,49.82536769031651
2025-06-12 09:46:00,2.8
2025-06-12 06:44:00,96.8
2025-06-12 03:41:00,30.4
2025-06-12 22:41:00,76.6
2025-06-12 13:46:00,92.4
2025-06-12 03:43:00,21.6
2025-06-12 22:26:00,65.4
2025-06-12 18:59:00,66.5
2025-06-12 23:26:00,6.8
2025-06-12 17:16:00,49.82536769031651
2025-06-12 12:42:00,15.6
2025-06-12 19:29:00,68.9
2025-06-12 06:55:00,49.82536769031651
2025-06-12 15:21:00,85.6
2025-06-12 19:25:00,68.4
2025-06-12 02:36:00,0.8
2025-06-12 05:31:00,11.5
2025-06-12 02:34:00,70.7
2025-06-12 11:26:00,60.9
2025-06-12 19:13:00,49.82536769031651
2025-06-12 04:20:00,49.82536769031651
2025-06-12 18:48:00,8.7
2025-06-12 20:07:00,59.1
2025-06-12 06:26:00,44.5
2025-06-12 07:22:00,75.9
2025-06-12 16:23:00,92.8
2025-06-12 17:43:00,49.82536769031651
2025-06-12 17:17:00,31.0
2025-06-12 19:10:00,49.82536769031651
2025-06-12 23:53:00,49.82536769031651
2025-06-12 07:43:00,90.3
2025-06-12 14:57:00,98.9
2025-06-12 07:34:00,75.8
2025-06-12 08:50:00,37.6
2025-06-12 08:05:00,23.6
2025-06-12 20:12:00,75.9
2025-06-12 20:09:00,49.82536769031651
2025-06-12 15:08:00,82.6
2025-06-12 16:12:00,32.9
2025-06-12 15:12:00,37.3
2025-06-12 05:19:00,49.82536769031651
2025-06-12 16:32:00,52.9
2025-06-12 20:10:00,61.5
2025-06-12 19:35:00,27.4
2025-06-12 13:16:00,12.1
2025-06-12 04:00:00,40.7
2025-06-12 18:33:00,6.3
2025-06-12 06:19:00,89.3
2025-06-12 15:56:00,27.4
2025-06-12 15:01:00,98.3
2025-06-12 07:36:00,93.7
2025-06-12 11:48:00,49.82536769031651
2025-06-12 17:31:00,99.9
2025-06-12 22:49:00,49.82536769031651
2025-06-12 11:19:00,49.82536769031651
2025-06-12 05:11:00,11.3
2025-06-12 08:48:00,4.3
2025-06-12 03:57:00,75.0
2025-06-12 00:16:00,21.7
2025-06-12 09:04:00,49.82536769031651
2025-06-12 01:15:00,72.5
2025-06-12 09:55:00,79.5
2025-06-12 08:27:00,96.1
2025-06-12 06:40:00,73.1
2025-06-12 14:19:00,20.4
2025-06-12 05:51:00,82.0
2025-06-12 03:21:00,44.2
2025-06-12 13:46:00,5.0
2025-06-12 20:20:00,48.7
2025-06-12 15:56:00,49.82536769031651
2025-06-12 06:12:00,55.4
2025-06-12 06:51:00,82.6
2025-06-12 18:38:00,18.6
2025-06-12 14:15:00,49.82536769031651
2025-06-12 21:38:00,23.6
2025-06-12 16:18:00,56.3
2025-06-12 13:41:00,95.7
2025-06-12 07:21:00,7.2
2025-06-12 22:09:00,79.5
2025-06-12 08:35:00,44.3
2025-06-12 11:23:00,74.0
2025-06-12 08:33:00,52.3
2025-06-12 08:21:00,74.0
2025-06-12 03:21:00,42.4
2025-06-12 05:47:00,86.6
2025-06-12 19:38:00,54.5
2025-06-12 02:54:00,4.0
2025-06-12 19:21:00,74.5
2025-06-12 02:08:00,46.5
2025-06-12 10:35:00,14.2
2025-06-12 12:00:00,96.4
2025-06-12 03:18:00,29.5
2025-06-12 04:38:00,40.9
2025-06-12 15:51:00,93.3
2025-06-12 10:23:00,18.0
2025-06-12 00:09:00,96.1
2025-06-12 17:32:00,65.6
2025-06-12 18:46:00,74.3
2025-06-12 00:03:00,35.7
2025-06-12 16:33:00,49.0
2025-06-12 21:12:00,49.82536769031651
2025-06-12 05:14:00,77.2
2025-06-12 14:23:00,84.2
2025-06-12 11:49:00,73.3
2025-06-12 11:45:00,3.5
2025-06-12 16:12:00,50.9
2025-06-12 17:05:00,89.3
2025-06-12 16:32:00,8.5
2025-06-12 01:26:00,50.9
2025-06-12 16:28:00,7.7
2025-06-12 13:47:00,45.7
2025-06-12 12:35:00,19.2
2025-06-12 08:41:00,19.6
2025-06-12 22:32:00,49.82536769031651
2025-06-12 22:57:00,54.9
2025-06-12 15:59:00,49.82536769031651
2025-06-12 11:07:00,5.8
2025-06-12 07:55:00,39.3
2025-06-12 17:56:00,37.7
2025-06-12 00:55:00,75.8
2025-06-12 13:16:00,32.2
2025-06-12 18:52:00,49.82536769031651
2025-06-12 10:29:00,71.9
2025-06-12 12:44:00,49.3
2025-06-12 22:06:00,95.4
2025-06-12 12:08:00,27.3
2025-06-12 03:38:00,58.4
2025-06-12 18:08:00,24.0
2025-06-12 11:28:00,18.4
2025-06-12 17:20:00,61.3
2025-06-12 09:28:00,49.82536769031651
2025-06-12 21:53:00,25.1
2025-06-12 11:58:00,76.0
2025-06-12 15:54:00,45.4
2025-06-12 03:19:00,49.82536769031651
2025-06-12 15:21:00,49.82536769031651
2025-06-12 11:22:00,85.0
2025-06-12 09:25:00,32.5
2025-06-12 08:54:00,62.0
2025-06-12 10:23:00,27.7
2025-06-12 03:26:00,59.5
2025-06-12 00:44:00,65.8
2025-06-12 10:25:00,76.4
2025-06-12 08:28:00,93.9
2025-06-12 14:43:00,32.4
2025-06-12 01:19:00,48.7
2025-06-12 19:47:00,34.2
2025-06-12 17:06:00,82.8
2025-06-12 04:02:00,49.82536769031651
2025-06-12 07:56:00,6.3
2025-06-12 11:54:00,32.6
2025-06-12 22:19:00,26.7
2025-06-12 08:36:00,27.2
2025-06-12 12:47:00,38.2
2025-06-12 13:22:00,81.9
2025-06-12 21:17:00,93.8
2025-06-12 16:08:00,92.7
2025-06-12 12:45:00,97.3
2025-06-12 10:45:00,75.8
2025-06-12 06:40:00,49.82536769031651
2025-06-12 10:07:00,75.5
2025-06-12 14:31:00,25.0
2025-06-12 14:32:00,73.7
2025-06-12 07:15:00,90.3
2025-06-12 15:08:00,1.2
2025-06-12 20:41:00,84.1
2025-06-12 13:16:00,69.4
2025-06-12 05:55:00,36.1
2025-06-12 05:58:00,6.3
2025-06-12 10:14:00,98.1
2025-06-12 09:04:00,63.7
2025-06-12 17:21:00,34.3
2025-06-12 05:11:00,95.6
2025-06-12 12:24:00,8.0
2025-06-12 06:15:00,86.5
2025-06-12 17:23:00,67.8
2025-06-12 23:31:00,20.8
2025-06-12 02:30:00,25.9
2025-06-12 04:35:00,71.6
2025-06-12 04:51:00,59.9
2025-06-12 18:21:00,67.1
2025-06-12 11:01:00,77.0
2025-06-12 14:12:00,59.5
2025-06-12 23:34:00,49.82536769031651
2025-06-12 00:13:00,49.82536769031651
2025-06-12 23:38:00,94.0
2025-06-12 10:42:00,43.1
2025-06-12 23:50:00,50.7
2025-06-12 04:21:00,17.5
2025-06-12 15:21:00,16.5
2025-06-12 18:41:00,98.2
2025-06-12 16:45:00,45.5
2025-06-12 03:10:00,49.82536769031651
2025-06-12 21:08:00,49.82536769031651
2025-06-12 12:05:00,17.2
2025-06-12 00:46:00,35.4
2025-06-12 09:24:00,7.7
2025-06-12 23:29:00,50.10362276498773
2025-06-12 18:34:00,72.7
2025-06-12 06:39:00,60.8
2025-06-12 05:37:00,88.7
2025-06-12 13:07:00,69.3
2025-06-12 21:45:00,70.4
2025-06-12 13:32:00,81.6
2025-06-12 02:58:00,89.3
2025-06-12 01:44:00,96.6
2025-06-12 20:50:00,50.10362276498773
2025-06-12 02:30:00,7.1
2025-06-12 13:05:00,22.4
2025-06-12 14:45:00,72.6
2025-06-12 21:46:00,14.7
2025-06-12 22:33:00,81.2
2025-06-12 11:31:00,50.6
2025-06-12 00:15:00,55.6
2025-06-12 11:48:00,92.2
2025-06-12 17:35:00,50.10362276498773
2025-06-12 09:33:00,50.10362276498773
2025-06-12 07:12:00,43.1
2025-06-12 07:58:00,87.0
2025-06-12 14:51:00,82.8
2025-06-12 05:52:00,58.9
2025-06-12 06:32:00,77.1
2025-06-12 00:59:00,72.5
2025-06-12 18:17:00,4.9
2025-06-12 21:20:00,99.4
2025-06-12 19:43:00,15.8
2025-06-12 03:20:00,81.0
2025-06-12 20:35:00,23.1
2025-06-12 17:17:00,31.7
2025-06-12 09:29:00,13.8
2025-06-12 17:16:00,10.4
2025-06-12 21:47:00,50.10362276498773
2025-06-12 08:45:00,50.10362276498773
2025-06-12 10:04:00,15.0
2025-06-12 16:18:00,85.8
2025-06-12 09:45:00,92.4
2025-06-12 04:07:00,46.1
2025-06-12 07:29:00,54.2
2025-06-12 12:45:00,51.7
2025-06-12 08:10:00,50.10362276498773
2025-06-12 17:02:00,78.3
2025-06-12 12:46:00,84.4
2025-06-12 18:56:00,58.6
2025-06-12 22:31:00,27.1
2025-06-12 10:48:00,6.5
2025-06-12 05:35:00,26.1
2025-06-12 14:02:00,94.6
2025-06-12 12:35:00,50.10362276498773
2025-06-12 01:24:00,29.1
2025-06-12 04:52:00,50.10362276498773
2025-06-12 19:16:00,48.9
2025-06-12 04:48:00,9.0
2025-06-12 08:45:00,49.0
2025-06-12 15:56:00,93.7
2025-06-12 04:35:00,50.10362276498773
2025-06-12 11:55:00,0.7
2025-06-12 20:06:00,44.2
2025-06-12 04:01:00,50.10362276498773
2025-06-12 05:58:00,77.2
2025-06-12 04:01:00,24.4
2025-06-12 22:05:00,4.3
2025-06-12 11:04:00,50.10362276498773
2025-06-12 08:17:00,4.4
2025-06-12 14:37:00,50.10362276498773
2025-06-12 11:02:00,69.9
2025-06-12 08:09:00,23.9
2025-06-12 06:48:00,50.10362276498773
2025-06-12 23:29:00,43.1
2025-06-12 05:13:00,68.0
2025-06-12 07:01:00,42.7
2025-06-12 08:23:00,50.10362276498773
2025-06-12 13:42:00,43.7
2025-06-12 23:23:00,6.4
2025-06-12 19:03:00,50.10362276498773
2025-06-12 18:30:00,51.9
2025-06-12 06:02:00,24.1
2025-06-12 02:42:00,43.7
2025-06-12 06:45:00,39.1
2025-06-12 18:10:00,9.7
2025-06-12 01:13:00,81.7
2025-06-12 02:15:00,51.8
2025-06-12 06:32:00,94.7
2025-06-12 14:46:00,94.2
2025-06-12 09:58:00,33.6
2025-06-12 09:00:00,51.4
2025-06-12 20:18:00,4.3
2025-06-12 17:34:00,21.0
2025-06-12 14:12:00,57.5
2025-06-12 14:11:00,29.9
2025-06-12 07:40:00,51.1
2025-06-12 05:45:00,46.6
2025-06-12 12:06:00,37.1
2025-06-12 00:29:00,65.1
2025-06-12 09:27:00,85.9
2025-06-12 22:09:00,97.2
2025-06-12 14:07:00,50.10362276498773
2025-06-12 23:04:00,1.6
2025-06-12 08:43:00,77.9
2025-06-12 04:26:00,25.2
2025-06-12 19:08:00,50.10362276498773
2025-06-12 11:25:00,9.2
2025-06-12 12:22:00,36.8
2025-06-12 19:02:00,10.2
2025-06-12 10:22:00,5.4
2025-06-12 14:44:00,3.7
2025-06-12 00:33:00,70.2
2025-06-12 15:06:00,30.9
2025-06-12 06:15:00,32.8
2025-06-12 08:27:00,74.4
2025-06-12 07:24:00,85.0
2025-06-12 14:13:00,50.10362276498773
2025-06-12 21:58:00,66.2
2025-06-12 03:28:00,70.8
2025-06-12 21:35:00,71.4
2025-06-12 12:16:00,2.3
2025-06-12 18:52:00,10.8
2025-06-12 20:19:00,89.3
2025-06-12 14:58:00,88.5
2025-06-12 06:29:00,35.4
2025-06-12 09:24:00,33.3
2025-06-12 01:53:00,95.9
2025-06-12 21:41:00,32.5
2025-06-12 02:41:00,50.10362276498773
2025-06-12 02:54:00,26.2
2025-06-12 23:34:00,52.6
2025-06-12 16:16:00,88.6
2025-06-12 05:34:00,2.4
2025-06-12 21:57:00,81.2
2025-06-12 03:42:00,50.10362276498773
2025-06-12 11:44:00,42.0
2025-06-12 13:07:00,73.3
2025-06-12 21:26:00,17.0
2025-06-12 07:14:00,50.10362276498773
2025-06-12 16:35:00,50.10362276498773
2025-06-12 15:35:00,57.9
2025-06-12 22:01:00,13.9
2025-06-12 09:59:00,4.5
2025-06-12 11:01:00,75.7
2025-06-12 02:59:00,88.9
2025-06-12 09:22:00,50.10362276498773
2025-06-12 07:23:00,50.10362276498773
2025-06-12 15:45:00,96.7
2025-06-12 10:20:00,83.3
2025-06-12 05:50:00,7.5
2025-06-12 16:11:00,98.8
2025-06-12 01:52:00,72.8
2025-06-12 07:56:00,38.9
2025-06-12 15:24:00,49.1
2025-06-12 07:54:00,50.10362276498773
2025-06-12 21:30:00,50.10362276498773
2025-06-12 07:37:00,36.7
2025-06-12 10:53:00,45.9
2025-06-12 15:23:00,16.7
2025-06-12 14:34:00,56.6
2025-06-12 09:31:00,38.1
2025-06-12 04:02:00,50.3
2025-06-12 00:31:00,50.10362276498773
2025-06-12 22:39:00,17.2
2025-06-12 00:52:00,57.3
2025-06-12 11:57:00,6.8
2025-06-12 19:20:00,74.3
2025-06-12 07:37:00,96.1
2025-06-12 10:52:00,50.10362276498773
2025-06-12 18:16:00,50.10362276498773
2025-06-12 19:07:00,50.10362276498773
2025-06-12 23:53:00,34.9
2025-06-12 03:38:00,31.2
2025-06-12 17:40:00,81.7
2025-06-12 17:54:00,43.4
2025-06-12 22:30:00,5.3
2025-06-12 19:28:00,62.3
2025-06-12 14:02:00,50.10362276498773
2025-06-12 08:05:00,96.1
2025-06-12 11:29:00,16.4
2025-06-12 10:44:00,78.0
2025-06-12 04:13:00,50.10362276498773
2025-06-12 21:45:00,53.1
2025-06-12 19:52:00,16.5
2025-06-12 17:46:00,49.0
2025-06-12 19:21:00,9.9
2025-06-12 20:15:00,49.7
2025-06-12 19:05:00,43.9
2025-06-12 19:15:00,51.9
2025-06-12 06:51:00,50.10362276498773
2025-06-12 04:38:00,50.10362276498773
2025-06-12 02:26:00,2.9
2025-06-12 01:35:00,44.6
2025-06-12 03:09:00,3.1
2025-06-12 21:47:00,89.2
2025-06-12 17:25:00,49.2
2025-06-12 22:10:00,15.9
2025-06-12 17:36:00,81.8
2025-06-12 07:06:00,83.3
2025-06-12 00:27:00,32.3
2025-06-12 14:30:00,63.1
2025-06-12 08:26:00,63.0
2025-06-12 09:17:00,50.10362276498773
2025-06-12 02:26:00,16.6
2025-06-12 18:30:00,50.10362276498773
2025-06-12 05:51:00,50.10362276498773
2025-06-12 20:21:00,50.10362276498773
2025-06-12 08:58:00,19.8
2025-06-12 20:58:00,50.10362276498773
2025-06-12 06:04:00,50.10362276498773
2025-06-12 18:51:00,50.10362276498773
2025-06-12 10:56:00,50.10362276498773
2025-06-12 11:07:00,50.10362276498773
2025-06-12 22:52:00,50.10362276498773
2025-06-12 12:59:00,62.4
2025-06-12 16:14:00,48.6
2025-06-12 21:47:00,2.8
2025-06-12 20:39:00,11.8
2025-06-12 03:18:00,75.3
2025-06-12 22:35:00,50.10362276498773
2025-06-12 14:07:00,71.7
2025-06-12 17:37:00,53.0
2025-06-12 20:44:00,59.7
2025-06-12 02:26:00,86.1
2025-06-12 03:17:00,6.9
2025-06-12 08:00:00,20.0
2025-06-12 21:03:00,38.8
2025-06-12 05:50:00,5.5
2025-06-12 00:48:00,87.4
2025-06-12 04:35:00,10.9
2025-06-12 07:42:00,78.8
2025-06-12 12:27:00,84.5
2025-06-12 15:14:00,50.10362276498773
2025-06-12 06:49:00,43.3
2025-06-12 13:10:00,50.10362276498773
2025-06-12 14:39:00,45.7
2025-06-12 05:26:00,29.9
2025-06-12 02:52:00,78.2
2025-06-12 21:29:00,88.3
2025-06-12 07:33:00,50.10362276498773
2025-06-12 04:03:00,50.10362276498773
2025-06-12 19:18:00,6.1
2025-06-12 02:02:00,58.4
2025-06-12 19:21:00,49.5
2025-06-12 03:57:00,43.4
2025-06-12 10:35:00,47.9
2025-06-12 18:26:00,25.0
2025-06-12 01:18:00,54.9
2025-06-12 19:58:00,98.2
2025-06-12 07:52:00,37.4
2025-06-12 08:56:00,26.6
2025-06-12 11:06:00,37.0
2025-06-12 21:45:00,50.10362276498773
2025-06-12 07:31:00,50.0
2025-06-12 07:05:00,6.7
2025-06-12 20:07:00,45.7
2025-06-12 20:27:00,75.5
2025-06-12 08:02:00,31.2
2025-06-12 00:06:00,54.2
2025-06-12 15:34:00,50.10362276498773
2025-06-12 05:02:00,0.2
2025-06-12 20:19:00,19.6
2025-06-12 12:43:00,69.6
2025-06-12 00:17:00,53.9
2025-06-12 07:56:00,62.3
2025-06-12 23:54:00,37.5
2025-06-12 16:47:00,38.4
2025-06-12 16:43:00,5.8
2025-06-12 19:37:00,97.6
2025-06-12 22:47:00,17.8
2025-06-12 15:37:00,79.4
2025-06-12 06:07:00,98.4
2025-06-12 12:19:00,21.8
2025-06-12 16:51:00,43.8
2025-06-12 01:40:00,50.10362276498773
2025-06-12 01:33:00,83.7
2025-06-12 02:44:00,50.10362276498773
2025-06-12 14:07:00,63.1
2025-06-12 03:44:00,13.6
2025-06-12 13:43:00,71.0
2025-06-12 10:41:00,40.3
2025-06-12 06:08:00,22.3
2025-06-12 02:32:00,71.0
2025-06-12 00:20:00,76.6
2025-06-12 19:54:00,50.10362276498773
2025-06-12 18:40:00,50.10362276498773
2025-06-12 04:40:00,56.4
2025-06-12 20:42:00,59.9
2025-06-12 05:07:00,37.6
2025-06-12 10:52:00,63.4
2025-06-12 12:57:00,50.10362276498773
2025-06-12 04:51:00,50.10362276498773
2025-06-12 17:58:00,3.7
2025-06-12 07:45:00,44.0
2025-06-12 02:23:00,58.1
2025-06-12 20:33:00,92.4
2025-06-12 00:00:00,61.6
2025-06-12 08:28:00,73.2
2025-06-12 00:06:00,84.6
2025-06-12 00:35:00,44.3
2025-06-12 13:15:00,10.9
2025-06-12 08:42:00,63.0
2025-06-12 06:30:00,24.1
2025-06-12 18:56:00,71.5
2025-06-12 19:18:00,34.6
2025-06-12 16:20:00,83.4
2025-06-12 12:08:00,32.7
2025-06-12 08:11:00,35.3
2025-06-12 07:00:00,72.6
2025-06-12 01:54:00,23.2
2025-06-12 09:28:00,50.10362276498773
2025-06-12 21:30:00,37.1
2025-06-12 08:43:00,40.0
2025-06-12 15:11:00,42.3
2025-06-12 08:18:00,72.3
2025-06-12 14:25:00,27.3
2025-06-12 23:57:00,44.0
2025-06-12 20:40:00,97.4
2025-06-12 22:51:00,50.10362276498773
2025-06-12 13:31:00,6.6
2025-06-12 20:22:00,69.3
2025-06-12 04:02:00,12.0
2025-06-12 18:08:00,84.7
2025-06-12 10:15:00,51.1
2025-06-12 17:35:00,46.9
2025-06-12 19:34:00,86.0
2025-06-12 16:26:00,51.4
2025-06-12 19:18:00,37.2
2025-06-12 15:02:00,27.2
2025-06-12 21:49:00,63.0
2025-06-12 17:53:00,73.1
2025-06-12 11:32:00,35.1
2025-06-12 18:24:00,99.2
2025-06-12 11:18:00,62.2
2025-06-12 23:22:00,20.1
2025-06-12 09:59:00,85.5
2025-06-12 13:11:00,56.7
2025-06-12 19:06:00,34.8
2025-06-12 05:47:00,79.3
2025-06-12 12:03:00,50.10362276498773
2025-06-12 07:57:00,77.8
2025-06-12 15:21:00,60.9
2025-06-12 15:44:00,98.8
2025-06-12 12:18:00,97.0
2025-06-12 19:51:00,13.3
2025-06-12 17:10:00,13.0
2025-06-12 20:13:00,50.10362276498773
2025-06-12 20:58:00,81.3
2025-06-12 01:40:00,43.4
2025-06-12 05:45:00,52.8
2025-06-12 18:29:00,5.9
2025-06-12 05:04:00,43.8
2025-06-12 21:53:00,82.1
2025-06-12 18:14:00,34.6
2025-06-12 13:08:00,78.8
2025-06-12 13:30:00,2.1
2025-06-12 04:11:00,56.6
2025-06-12 06:38:00,93.4
2025-06-12 23:20:00,83.0
2025-06-12 06:22:00,53.3
2025-06-12 03:33:00,40.5
2025-06-12 02:31:00,50.12327810650887
2025-06-12 22:41:00,63.5
2025-06-12 09:16:00,74.3
2025-06-12 02:38:00,4.2
2025-06-12 08:38:00,17.2
2025-06-12 07:23:00,88.7
2025-06-12 10:31:00,75.1
2025-06-12 10:12:00,50.12327810650887
2025-06-12 12:55:00,83.4
2025-06-12 21:52:00,22.0
2025-06-12 03:22:00,50.12327810650887
2025-06-12 17:11:00,50.12327810650887
2025-06-12 19:56:00,50.3
2025-06-12 17:52:00,16.1
2025-06-12 23:05:00,40.7
2025-06-12 18:55:00,15.5
2025-06-12 00:30:00,2.1
2025-06-12 05:47:00,8.5
2025-06-12 08:37:00,13.1
2025-06-12 23:05:00,3.7
2025-06-12 16:31:00,72.8
2025-06-12 21:59:00,49.3
2025-06-12 13:27:00,50.12327810650887
2025-06-12 03:30:00,14.2
2025-06-12 17:02:00,88.0
2025-06-12 17:47:00,50.12327810650887
2025-06-12 05:17:00,34.3
2025-06-12 05:28:00,69.6
2025-06-12 03:47:00,9.1
2025-06-12 02:18:00,32.8
2025-06-12 14:43:00,50.12327810650887
2025-06-12 23:00:00,17.0
2025-06-12 09:10:00,92.7
2025-06-12 03:32:00,12.8
2025-06-12 07:55:00,52.9
2025-06-12 12:20:00,1.7
2025-06-12 20:37:00,39.1
2025-06-12 05:24:00,27.9
2025-06-12 03:53:00,50.12327810650887
2025-06-12 20:08:00,10.6
2025-06-12 12:31:00,71.9
2025-06-12 18:57:00,9.3
2025-06-12 21:50:00,34.5
2025-06-12 08:14:00,14.6
2025-06-12 08:05:00,67.4
2025-06-12 04:52:00,50.12327810650887
2025-06-12 04:41:00,45.5
2025-06-12 17:08:00,21.4
2025-06-12 11:31:00,90.3
2025-06-12 02:24:00,50.12327810650887
2025-06-12 01:38:00,69.7
2025-06-12 01:12:00,71.4
2025-06-12 18:18:00,5.3
2025-06-12 16:32:00,66.4
2025-06-12 12:39:00,64.2
2025-06-12 23:52:00,37.7
2025-06-12 13:32:00,2.9
2025-06-12 08:57:00,9.2
2025-06-12 23:25:00,56.7
2025-06-12 11:47:00,50.12327810650887
2025-06-12 04:39:00,67.4
2025-06-12 02:43:00,35.2
2025-06-12 17:29:00,36.9
2025-06-12 21:14:00,91.1
2025-06-12 17:32:00,55.3
2025-06-12 23:46:00,16.7
2025-06-12 21:58:00,2.3
2025-06-12 15:18:00,41.1
2025-06-12 08:00:00,48.2
2025-06-12 22:42:00,8.3
2025-06-12 05:22:00,97.5
2025-06-12 14:08:00,50.8
2025-06-12 01:41:00,51.7
2025-06-12 01:48:00,3.5
2025-06-12 06:41:00,50.12327810650887
2025-06-12 15:47:00,77.0
2025-06-12 16:57:00,98.4
2025-06-12 13:25:00,86.3
2025-06-12 10:55:00,84.2
2025-06-12 14:53:00,61.8
2025-06-12 16:26:00,76.6
2025-06-12 06:08:00,38.0
2025-06-12 17:21:00,91.4
2025-06-12 19:24:00,82.5
2025-06-12 02:46:00,24.1
2025-06-12 03:22:00,13.1
2025-06-12 06:13:00,83.9
2025-06-12 18:14:00,1.6
2025-06-12 04:43:00,35.8
2025-06-12 00:13:00,0.1
2025-06-12 11:36:00,93.5
2025-06-12 11:10:00,52.8
2025-06-12 15:30:00,92.0
2025-06-12 18:21:00,55.2
2025-06-12 05:13:00,54.7
2025-06-12 09:52:00,7.2
2025-06-12 18:34:00,99.1
2025-06-12 10:22:00,89.0
2025-06-12 15:36:00,1.4
2025-06-12 11:55:00,52.8
2025-06-12 11:50:00,64.0
2025-06-12 08:07:00,89.1
2025-06-12 03:35:00,70.7
2025-06-12 04:37:00,90.6
2025-06-12 14:13:00,89.7
2025-06-12 16:14:00,65.4
2025-06-12 03:59:00,50.12327810650887
2025-06-12 09:47:00,10.7
2025-06-12 19:15:00,34.9
2025-06-12 14:25:00,3.0
2025-06-12 02:11:00,49.2
2025-06-12 14:26:00,81.6
2025-06-12 02:37:00,58.5
2025-06-12 10:53:00,16.8
2025-06-12 06:10:00,50.12327810650887
2025-06-12 02:28:00,32.4
2025-06-12 02:29:00,30.1
2025-06-12 08:56:00,0.4
2025-06-12 14:45:00,88.5
2025-06-12 20:03:00,39.6
2025-06-12 10:42:00,93.4
2025-06-12 21:30:00,98.5
2025-06-12 13:45:00,53.9
2025-06-12 21:33:00,69.1
2025-06-12 01:07:00,66.8
2025-06-12 09:34:00,95.9
2025-06-12 22:08:00,7.5
2025-06-12 07:29:00,71.8
2025-06-12 03:41:00,90.0
2025-06-12 11:44:00,11.8
2025-06-12 01:31:00,50.12327810650887
2025-06-12 15:58:00,85.5
2025-06-12 14:38:00,59.9
2025-06-12 16:13:00,24.6
2025-06-12 10:18:00,50.12327810650887
2025-06-12 00:25:00,68.6
2025-06-12 15:52:00,68.0
2025-06-12 04:00:00,38.4
2025-06-12 05:28:00,38.8
2025-06-12 04:16:00,69.8
2025-06-12 10:46:00,81.6
2025-06-12 15:09:00,50.12327810650887
2025-06-12 03:30:00,16.8
2025-06-12 14:15:00,13.1
2025-06-12 08:52:00,34.6
2025-06-12 07:46:00,50.12327810650887
2025-06-12 05:38:00,72.8
2025-06-12 00:37:00,76.0
2025-06-12 17:39:00,85.7
2025-06-12 14:24:00,50.12327810650887
2025-06-12 08:14:00,14.8
2025-06-12 10:23:00,95.0
2025-06-12 01:28:00,0.3
2025-06-12 05:22:00,77.2
2025-06-12 00:12:00,88.3
2025-06-12 09:31:00,3.6
2025-06-12 06:30:00,16.9
2025-06-12 23:58:00,4.5
2025-06-12 12:39:00,50.12327810650887
2025-06-12 05:33:00,25.9
2025-06-12 15:25:00,77.5
2025-06-12 00:51:00,1.5
2025-06-12 12:56:00,76.2
2025-06-12 17:48:00,70.0
2025-06-12 12:48:00,50.12327810650887
2025-06-12 21:42:00,75.2
2025-06-12 16:04:00,9.8
2025-06-12 14:20:00,35.0
2025-06-12 13:06:00,21.8
2025-06-12 22:49:00,71.8
2025-06-12 10:23:00,32.5
2025-06-12 03:28:00,50.3
2025-06-12 05:42:00,50.12327810650887
2025-06-12 23:53:00,48.4
2025-06-12 10:18:00,50.12327810650887
2025-06-12 01:20:00,84.7
2025-06-12 10:16:00,67.4
2025-06-12 04:38:00,71.8
2025-06-12 17:14:00,42.8
2025-06-12 03:46:00,49.3
2025-06-12 13:38:00,36.0
2025-06-12 02:02:00,31.8
2025-06-12 21:15:00,90.3
2025-06-12 14:01:00,98.3
2025-06-12 05:50:00,96.7
2025-06-12 10:49:00,60.1
2025-06-12 22:12:00,30.8
2025-06-12 09:08:00,22.8
2025-06-12 10:01:00,48.0
2025-06-12 23:49:00,29.7
2025-06-12 11:18:00,92.8
2025-06-12 04:23:00,20.4
2025-06-12 22:45:00,50.12327810650887
2025-06-12 00:31:00,28.8
2025-06-12 21:44:00,30.6
2025-06-12 21:57:00,0.5
2025-06-12 00:35:00,43.2
2025-06-12 12:13:00,74.4
2025-06-12 21:37:00,88.7
2025-06-12 22:26:00,3.7
2025-06-12 22:22:00,48.1
2025-06-12 06:04:00,53.1
2025-06-12 21:51:00,43.5
2025-06-12 03:18:00,9.2
2025-06-12 20:24:00,50.12327810650887
2025-06-12 15:34:00,57.7
2025-06-12 20:00:00,69.9
2025-06-12 11:45:00,98.1
2025-06-12 10:30:00,73.2
2025-06-12 03:09:00,88.9
2025-06-12 01:17:00,50.12327810650887
2025-06-12 18:46:00,37.2
2025-06-12 01:08:00,33.1
2025-06-12 01:56:00,2.8
2025-06-12 01:07:00,52.1
2025-06-12 19:17:00,28.3
2025-06-12 10:20:00,95.1
2025-06-12 05:20:00,30.2
2025-06-12 14:17:00,50.12327810650887
2025-06-12 18:14:00,96.1
2025-06-12 14:52:00,50.12327810650887
2025-06-12 07:22:00,89.9
2025-06-12 22:39:00,39.7
2025-06-12 02:49:00,98.4
2025-06-12 10:25:00,8.1
2025-06-12 11:17:00,5.3
2025-06-12 10:54:00,63.8
2025-06-12 22:17:00,91.1
2025-06-12 07:01:00,80.8
2025-06-12 15:27:00,8.4
2025-06-12 22:43:00,11.0
2025-06-12 00:36:00,67.5
2025-06-12 14:42:00,68.6
2025-06-12 04:29:00,32.2
2025-06-12 23:03:00,91.8
2025-06-12 01:50:00,95.2
2025-06-12 09:50:00,54.0
2025-06-12 06:56:00,66.5
2025-06-12 02:54:00,50.12327810650887
2025-06-12 16:30:00,36.8
2025-06-12 05:42:00,90.3
2025-06-12 01:52:00,77.6
2025-06-12 17:55:00,70.9
2025-06-12 12:16:00,93.5
2025-06-12 22:01:00,77.7
2025-06-12 09:35:00,35.1
2025-06-12 19:12:00,57.1
2025-06-12 10:56:00,11.4
2025-06-12 02:44:00,41.8
2025-06-12 23:34:00,59.9
2025-06-12 23:14:00,34.5
2025-06-12 10:03:00,53.4
2025-06-12 04:29:00,19.7
2025-06-12 03:51:00,50.12327810650887
2025-06-12 13:35:00,16.3
2025-06-12 21:05:00,68.2
2025-06-12 20:30:00,29.3
2025-06-12 18:19:00,94.7
2025-06-12 23:08:00,80.9
2025-06-12 09:00:00,68.0
2025-06-12 01:50:00,50.12327810650887
2025-06-12 17:54:00,72.2
2025-06-12 02:54:00,15.7
2025-06-12 13:33:00,10.1
2025-06-12 09:23:00,39.1
2025-06-12 03:03:00,6.6
2025-06-12 17:21:00,52.9
2025-06-12 09:59:00,10.9
2025-06-12 14:17:00,85.9
2025-06-12 11:56:00,86.8
2025-06-12 10:51:00,4.0
2025-06-12 07:30:00,45.5
2025-06-12 16:41:00,50.12327810650887
2025-06-12 03:30:00,43.1
2025-06-12 12:13:00,50.12327810650887
2025-06-12 23:35:00,50.12327810650887
2025-06-12 12:36:00,46.1
2025-06-12 09:46:00,95.1
2025-06-12 00:01:00,63.7
2025-06-12 14:24:00,48.1
2025-06-12 07:18:00,54.9
2025-06-12 15:28:00,0.3
2025-06-12 21:55:00,91.9
2025-06-12 17:06:00,50.12327810650887
2025-06-12 02:37:00,71.7
2025-06-12 10:54:00,7.9
2025-06-12 20:34:00,50.12327810650887
2025-06-12 09:53:00,29.9
2025-06-12 10:00:00,90.4
2025-06-12 01:20:00,44.3
2025-06-12 07:00:00,77.9
2025-06-12 22:51:00,66.0
2025-06-12 22:16:00,75.6
2025-06-12 23:33:00,20.5
2025-06-12 21:16:00,10.2
2025-06-12 15:39:00,50.12327810650887
2025-06-12 22:25:00,0.3
2025-06-12 20:17:00,66.1
2025-06-12 09:12:00,18.0
2025-06-12 15:40:00,77.4
2025-06-12 19:34:00,77.9
2025-06-12 14:48:00,49.63956792297757
2025-06-12 02:38:00,14.1
2025-06-12 14:09:00,66.0
2025-06-12 18:30:00,71.3
2025-06-12 23:29:00,32.2
2025-06-12 00:30:00,34.7
2025-06-12 05:00:00,12.8
2025-06-12 22:37:00,97.1
2025-06-12 02:54:00,20.1
2025-06-12 14:39:00,45.8
2025-06-12 22:48:00,73.1
2025-06-12 14:55:00,89.2
2025-06-12 08:28:00,81.3
2025-06-12 23:11:00,90.3
2025-06-12 07:51:00,10.3
2025-06-12 23:50:00,61.3
2025-06-12 18:19:00,22.0
2025-06-12 22:33:00,41.9
2025-06-12 02:45:00,31.2
2025-06-12 17:50:00,24.2
2025-06-12 10:55:00,9.0
2025-06-12 20:55:00,49.63956792297757
2025-06-12 08:13:00,98.4
2025-06-12 04:33:00,97.1
2025-06-12 05:29:00,2.7
2025-06-12 14:42:00,17.3
2025-06-12 18:43:00,10.2
2025-06-12 13:52:00,66.7
2025-06-12 04:35:00,12.4
2025-06-12 21:28:00,49.0
2025-06-12 03:08:00,95.1
2025-06-12 20:35:00,16.4
2025-06-12 07:42:00,19.5
2025-06-12 21:52:00,29.6
2025-06-12 15:26:00,89.1
2025-06-12 03:33:00,83.5
2025-06-12 20:56:00,13.0
2025-06-12 23:45:00,43.3
2025-06-12 05:41:00,50.5
2025-06-12 16:48:00,8.7
2025-06-12 07:16:00,5.6
2025-06-12 14:39:00,96.2
2025-06-12 14:48:00,31.4
2025-06-12 16:55:00,45.8
2025-06-12 17:52:00,46.8
2025-06-12 10:57:00,49.63956792297757
2025-06-12 10:38:00,76.6
2025-06-12 13:52:00,94.4
2025-06-12 17:34:00,63.9
2025-06-12 05:05:00,41.3
2025-06-12 01:42:00,73.8
2025-06-12 00:27:00,84.8
2025-06-12 08:16:00,58.9
2025-06-12 09:11:00,2.1
2025-06-12 02:39:00,19.8
2025-06-12 13:27:00,49.63956792297757
2025-06-12 02:56:00,37.0
2025-06-12 16:14:00,0.7
2025-06-12 00:45:00,20.9
2025-06-12 17:19:00,88.9
2025-06-12 15:19:00,52.3
2025-06-12 05:39:00,55.9
2025-06-12 08:33:00,3.0
2025-06-12 09:00:00,3.1
2025-06-12 19:38:00,16.8
2025-06-12 05:30:00,83.9
2025-06-12 03:43:00,80.3
2025-06-12 07:41:00,47.5
2025-06-12 15:13:00,42.4
2025-06-12 07:25:00,97.6
2025-06-12 00:25:00,12.8
2025-06-12 03:47:00,62.8
2025-06-12 14:51:00,4.5
2025-06-12 13:53:00,27.1
2025-06-12 07:16:00,89.5
2025-06-12 14:27:00,49.9
2025-06-12 04:58:00,40.2
2025-06-12 20:31:00,47.1
2025-06-12 22:55:00,77.6
2025-06-12 00:21:00,46.6
2025-06-12 13:29:00,80.4
2025-06-12 05:46:00,49.63956792297757
2025-06-12 00:26:00,49.63956792297757
2025-06-12 11:02:00,9.6
2025-06-12 01:42:00,49.63956792297757
2025-06-12 07:15:00,77.0
2025-06-12 21:00:00,70.2
2025-06-12 08:56:00,13.0
2025-06-12 22:24:00,14.3
2025-06-12 13:43:00,82.0
2025-06-12 17:20:00,38.0
2025-06-12 06:12:00,54.0
2025-06-12 23:09:00,34.0
2025-06-12 17:09:00,50.1
2025-06-12 22:42:00,49.63956792297757
2025-06-12 10:31:00,76.7
2025-06-12 13:37:00,24.9
2025-06-12 21:24:00,40.6
2025-06-12 20:55:00,22.3
2025-06-12 02:13:00,44.3
2025-06-12 18:20:00,3.8
2025-06-12 23:15:00,27.6
2025-06-12 01:46:00,22.8
2025-06-12 13:01:00,49.63956792297757
2025-06-12 12:10:00,72.4
2025-06-12 12:43:00,97.4
2025-06-12 14:23:00,24.5
2025-06-12 03:22:00,93.3
2025-06-12 14:56:00,58.0
2025-06-12 16:15:00,98.0
2025-06-12 13:45:00,38.7
2025-06-12 10:54:00,28.1
2025-06-12 01:52:00,98.0
2025-06-12 16:55:00,0.8
2025-06-12 14:11:00,99.7
2025-06-12 03:21:00,37.0
2025-06-12 15:21:00,75.2
2025-06-12 13:01:00,71.6
2025-06-12 09:29:00,38.8
2025-06-12 06:29:00,94.6
2025-06-12 00:04:00,23.1
2025-06-12 21:31:00,18.9
2025-06-12 19:52:00,9.6
2025-06-12 15:08:00,56.0
2025-06-12 02:43:00,8.3
2025-06-12 11:35:00,22.0
2025-06-12 22:05:00,26.0
2025-06-12 13:09:00,49.63956792297757
2025-06-12 04:06:00,62.5
2025-06-12 11:31:00,49.63956792297757
2025-06-12 02:56:00,22.8
2025-06-12 09:02:00,95.4
2025-06-12 15:13:00,71.7
2025-06-12 16:53:00,49.63956792297757
2025-06-12 05:00:00,36.5
2025-06-12 00:43:00,49.63956792297757
2025-06-12 14:42:00,65.4
2025-06-12 14:56:00,8.9
2025-06-12 01:50:00,49.63956792297757
2025-06-12 05:54:00,22.2
2025-06-12 13:45:00,14.3
2025-06-12 16:42:00,80.2
2025-06-12 16:33:00,22.3
2025-06-12 17:23:00,19.5
2025-06-12 10:44:00,62.0
2025-06-12 01:26:00,2.0
2025-06-12 02:27:00,69.1
2025-06-12 12:02:00,49.63956792297757
2025-06-12 18:59:00,43.5
2025-06-12 21:27:00,32.8
2025-06-12 13:38:00,19.9
2025-06-12 18:51:00,53.2
2025-06-12 05:51:00,19.3
2025-06-12 01:08:00,25.3
2025-06-12 21:02:00,97.9
2025-06-12 02:24:00,45.0
2025-06-12 08:28:00,49.63956792297757
2025-06-12 11:26:00,0.5
2025-06-12 18:08:00,69.0
2025-06-12 22:48:00,89.2
2025-06-12 13:52:00,74.1
2025-06-12 17:15:00,49.63956792297757
2025-06-12 06:58:00,5.4
2025-06-12 10:22:00,68.0
2025-06-12 14:44:00,79.3
2025-06-12 20:36:00,43.4
2025-06-12 22:36:00,49.63956792297757
2025-06-12 12:38:00,21.2
2025-06-12 16:27:00,12.8
2025-06-12 07:36:00,55.5
2025-06-12 23:59:00,49.63956792297757
2025-06-12 11:39:00,28.2
2025-06-12 11:13:00,66.7
2025-06-12 15:40:00,90.6
2025-06-12 06:16:00,81.5
2025-06-12 14:58:00,19.5
2025-06-12 20:51:00,71.3
2025-06-12 08:34:00,29.5
2025-06-12 05:50:00,21.0
2025-06-12 10:59:00,54.6
2025-06-12 18:05:00,13.7
2025-06-12 07:36:00,45.5
2025-06-12 13:00:00,83.5
2025-06-12 20:17:00,6.1
2025-06-12 19:45:00,61.4
2025-06-12 07:56:00,41.7
2025-06-12 04:45:00,19.3
2025-06-12 16:12:00,92.4
2025-06-12 23:01:00,49.63956792297757
2025-06-12 12:09:00,60.3
2025-06-12 10:24:00,96.8
2025-06-12 19:37:00,92.7
2025-06-12 19:00:00,93.5
2025-06-12 15:06:00,17.0
2025-06-12 11:47:00,82.3
2025-06-12 12:24:00,41.9
2025-06-12 10:04:00,0.0
2025-06-12 23:55:00,49.63956792297757
2025-06-12 05:18:00,57.3
2025-06-12 09:15:00,58.6
2025-06-12 04:04:00,5.5
2025-06-12 13:25:00,58.8
2025-06-12 20:36:00,23.5
2025-06-12 01:03:00,49.63956792297757
2025-06-12 09:15:00,8.9
2025-06-12 11:23:00,49.63956792297757
2025-06-12 06:53:00,91.7
2025-06-12 02:37:00,38.2
2025-06-12 05:55:00,85.2
2025-06-12 23:00:00,0.5
2025-06-12 00:33:00,86.6
2025-06-12 04:12:00,16.8
2025-06-12 15:00:00,7.9
2025-06-12 15:52:00,95.8
2025-06-12 09:24:00,97.0
2025-06-12 21:36:00,76.1
2025-06-12 03:52:00,24.6
2025-06-12 01:01:00,81.5
2025-06-12 15:45:00,79.9
2025-06-12 06:18:00,49.63956792297757
2025-06-12 13:51:00,80.3
2025-06-12 06:22:00,77.1
2025-06-12 21:39:00,49.63956792297757
2025-06-12 08:17:00,48.0
2025-06-12 07:02:00,1.2
2025-06-12 06:13:00,58.2
2025-06-12 23:29:00,41.6
2025-06-12 16:30:00,4.6
2025-06-12 04:54:00,34.3
2025-06-12 04:48:00,38.2
2025-06-12 04:31:00,98.6
2025-06-12 15:12:00,49.63956792297757
2025-06-12 17:45:00,73.9
2025-06-12 15:52:00,42.6
2025-06-12 08:14:00,15.6
2025-06-12 22:09:00,49.63956792297757
2025-06-12 15:36:00,97.2
2025-06-12 22:23:00,55.2
2025-06-12 09:37:00,28.7
2025-06-12 19:30:00,49.63956792297757
2025-06-12 18:07:00,91.4
2025-06-12 18:58:00,49.63956792297757
2025-06-12 04:00:00,4.7
2025-06-12 22:23:00,49.63956792297757
2025-06-12 02:33:00,16.2
2025-06-12 10:32:00,70.1
2025-06-12 11:14:00,19.5
2025-06-12 23:28:00,87.8
2025-06-12 08:44:00,57.6
2025-06-12 03:56:00,1.6
2025-06-12 09:48:00,69.5
2025-06-12 01:52:00,51.5
2025-06-12 20:28:00,54.6
2025-06-12 01:04:00,82.9
2025-06-12 20:16:00,30.8
2025-06-12 14:53:00,37.4
2025-06-12 16:07:00,78.6
2025-06-12 01:30:00,77.0
2025-06-12 06:41:00,30.7
2025-06-12 18:55:00,18.2
2025-06-12 18:41:00,8.1
2025-06-12 21:28:00,44.1
2025-06-12 02:39:00,49.63956792297757
2025-06-12 05:34:00,65.6
2025-06-12 07:02:00,99.5
2025-06-12 11:11:00,49.63956792297757
2025-06-12 20:44:00,3.7
2025-06-12 01:51:00,49.63956792297757
2025-06-12 06:29:00,49.63956792297757
2025-06-12 05:16:00,69.0
2025-06-12 13:26:00,3.1
2025-06-12 08:43:00,49.63956792297757
2025-06-12 21:05:00,49.63956792297757
2025-06-12 21:47:00,88.0
2025-06-12 19:23:00,5.6
2025-06-12 07:08:00,84.1
2025-06-12 00:12:00,63.7
2025-06-12 07:07:00,93.5
2025-06-12 09:01:00,15.4
2025-06-12 06:18:00,30.0
2025-06-12 18:17:00,23.6
2025-06-12 03:42:00,56.3
2025-06-12 03:28:00,79.3
2025-06-12 01:59:00,59.0
2025-06-12 03:42:00,38.7
2025-06-12 05:07:00,60.9
2025-06-12 15:51:00,15.4
2025-06-12 15:49:00,48.2
2025-06-12 13:59:00,31.4
2025-06-12 08:56:00,28.7
2025-06-12 13:55:00,52.2
2025-06-12 18:33:00,56.8
2025-06-12 03:40:00,49.63956792297757
2025-06-12 12:14:00,3.0
2025-06-12 22:24:00,40.1
2025-06-12 10:25:00,39.9
2025-06-12 00:23:00,19.8
2025-06-12 23:17:00,10.7
2025-06-12 09:19:00,73.4
2025-06-12 11:49:00,37.6
2025-06-12 12:59:00,49.63956792297757
2025-06-12 23:38:00,57.8
2025-06-12 21:08:00,28.9
2025-06-12 02:59:00,41.3
2025-06-12 03:45:00,64.6
2025-06-12 13:40:00,64.7
2025-06-12 14:37:00,49.8
2025-06-12 12:51:00,88.4
2025-06-12 05:06:00,50.29152382078261
2025-06-12 02:47:00,51.4
2025-06-12 01:20:00,72.9
2025-06-12 16:46:00,82.7
2025-06-12 01:35:00,64.0
2025-06-12 19:38:00,87.2
2025-06-12 15:48:00,20.2
2025-06-12 07:19:00,10.7
2025-06-12 04:11:00,48.2
2025-06-12 19:32:00,66.4
2025-06-12 02:06:00,39.6
2025-06-12 00:33:00,79.9
2025-06-12 02:02:00,55.0
2025-06-12 00:52:00,48.3
2025-06-12 18:01:00,94.8
2025-06-12 18:20:00,77.7
2025-06-12 18:21:00,85.6
2025-06-12 14:34:00,91.0
2025-06-12 11:50:00,5.7
2025-06-12 18:39:00,82.6
2025-06-12 16:56:00,40.7
2025-06-12 03:37:00,10.4
2025-06-12 02:51:00,50.29152382078261
2025-06-12 22:32:00,20.9
2025-06-12 14:19:00,89.8
2025-06-12 11:20:00,80.3
2025-06-12 21:11:00,87.0
2025-06-12 01:51:00,6.7
2025-06-12 20:13:00,8.0
2025-06-12 17:49:00,98.1
2025-06-12 05:40:00,39.4
2025-06-12 13:16:00,73.4
2025-06-12 02:35:00,29.0
2025-06-12 01:49:00,65.9
2025-06-12 14:17:00,50.29152382078261
2025-06-12 00:12:00,59.6
2025-06-12 22:13:00,30.1
2025-06-12 14:48:00,64.7
2025-06-12 18:16:00,34.5
2025-06-12 03:51:00,32.9
2025-06-12 22:52:00,43.6
2025-06-12 18:20:00,50.29152382078261
2025-06-12 19:24:00,46.9
2025-06-12 13:45:00,50.29152382078261
2025-06-12 17:43:00,91.9
2025-06-12 19:12:00,50.29152382078261
2025-06-12 06:11:00,35.1
2025-06-12 15:39:00,67.6
2025-06-12 09:47:00,3.9
2025-06-12 00:19:00,26.0
2025-06-12 13:53:00,65.3
2025-06-12 12:37:00,2.9
2025-06-12 04:21:00,90.0
2025-06-12 15:41:00,99.9
2025-06-12 10:32:00,24.0
2025-06-12 16:07:00,42.3
2025-06-12 23:58:00,15.5
2025-06-12 09:35:00,71.6
2025-06-12 13:46:00,59.7
2025-06-12 21:16:00,64.3
2025-06-12 16:53:00,69.2
2025-06-12 09:55:00,37.8
2025-06-12 20:33:00,22.8
2025-06-12 07:11:00,91.6
2025-06-12 01:43:00,62.1
2025-06-12 10:33:00,96.3
2025-06-12 10:26:00,0.7
2025-06-12 17:12:00,98.9
2025-06-12 15:00:00,91.2
2025-06-12 19:38:00,4.2
2025-06-12 15:11:00,79.6
2025-06-12 12:07:00,62.6
2025-06-12 20:24:00,86.9
2025-06-12 00:05:00,70.1
2025-06-12 22:07:00,50.29152382078261
2025-06-12 18:27:00,45.1
2025-06-12 09:26:00,50.29152382078261
2025-06-12 11:25:00,26.8
2025-06-12 01:33:00,83.2
2025-06-12 14:30:00,50.29152382078261
2025-06-12 07:27:00,61.6
2025-06-12 14:09:00,50.29152382078261
2025-06-12 06:38:00,50.29152382078261
2025-06-12 04:53:00,15.8
2025-06-12 05:09:00,70.7
2025-06-12 22:15:00,50.29152382078261
2025-06-12 10:20:00,9.0
2025-06-12 17:54:00,7.0
2025-06-12 03:42:00,43.6
2025-06-12 06:38:00,34.6
2025-06-12 09:45:00,9.8
2025-06-12 15:40:00,66.6
2025-06-12 02:52:00,50.29152382078261
2025-06-12 07:15:00,71.8
2025-06-12 07:50:00,50.29152382078261
2025-06-12 00:06:00,67.8
2025-06-12 02:23:00,31.5
2025-06-12 19:22:00,72.0
2025-06-12 16:27:00,30.0
2025-06-12 19:06:00,51.6
2025-06-12 15:30:00,98.3
2025-06-12 05:07:00,50.29152382078261
2025-06-12 03:41:00,21.7
2025-06-12 09:59:00,30.4
2025-06-12 04:39:00,50.29152382078261
2025-06-12 12:14:00,84.8
2025-06-12 06:11:00,9.0
2025-06-12 11:26:00,50.29152382078261
2025-06-12 13:08:00,74.7
2025-06-12 07:06:00,52.4
2025-06-12 06:00:00,41.8
2025-06-12 04:10:00,60.6
2025-06-12 03:28:00,30.9
2025-06-12 02:30:00,47.4
2025-06-12 18:09:00,23.2
2025-06-12 13:09:00,61.1
2025-06-12 07:57:00,42.7
2025-06-12 22:16:00,93.4
2025-06-12 00:40:00,14.4
2025-06-12 12:48:00,19.4
2025-06-12 20:02:00,93.7
2025-06-12 17:33:00,78.2
2025-06-12 04:05:00,44.3
2025-06-12 18:09:00,77.3
2025-06-12 12:25:00,64.6
2025-06-12 00:43:00,50.29152382078261
2025-06-12 21:13:00,27.4
2025-06-12 10:07:00,46.3
2025-06-12 21:07:00,45.4
2025-06-12 14:04:00,91.0
2025-06-12 18:17:00,50.29152382078261
2025-06-12 20:48:00,4.8
2025-06-12 18:19:00,37.9
2025-06-12 00:25:00,59.7
2025-06-12 19:22:00,50.29152382078261
2025-06-12 11:20:00,79.8
2025-06-12 08:55:00,50.0
2025-06-12 21:32:00,67.5
2025-06-12 09:17:00,50.29152382078261
2025-06-12 05:22:00,62.5
2025-06-12 09:37:00,19.6
2025-06-12 13:01:00,63.1
2025-06-12 21:10:00,10.2
2025-06-12 02:42:00,6.2
2025-06-12 07:18:00,50.29152382078261
2025-06-12 01:36:00,50.29152382078261
2025-06-12 02:11:00,47.3
2025-06-12 22:10:00,50.29152382078261
2025-06-12 19:37:00,52.0
2025-06-12 14:08:00,29.3
2025-06-12 01:47:00,10.3
2025-06-12 23:29:00,1.9
2025-06-12 23:58:00,23.4
2025-06-12 09:58:00,44.5
2025-06-12 09:09:00,50.29152382078261
2025-06-12 03:46:00,66.6
2025-06-12 23:04:00,65.9
2025-06-12 20:25:00,63.4
2025-06-12 17:31:00,20.8
2025-06-12 03:41:00,50.29152382078261
2025-06-12 17:03:00,47.2
2025-06-12 04:22:00,30.4
2025-06-12 10:39:00,34.8
2025-06-12 17:57:00,13.8
2025-06-12 01:27:00,50.29152382078261
2025-06-12 18:52:00,50.29152382078261
2025-06-12 02:07:00,25.9
2025-06-12 06:30:00,88.4
2025-06-12 01:38:00,99.3
2025-06-12 11:51:00,74.6
2025-06-12 21:36:00,32.3
2025-06-12 21:24:00,23.8
2025-06-12 02:59:00,65.2
2025-06-12 12:39:00,56.5
2025-06-12 10:22:00,3.0
2025-06-12 12:08:00,27.8
2025-06-12 12:07:00,34.6
2025-06-12 21:27:00,69.6
2025-06-12 11:47:00,50.29152382078261
2025-06-12 00:20:00,50.29152382078261
2025-06-12 12:32:00,38.9
2025-06-12 20:58:00,62.1
2025-06-12 00:56:00,89.8
2025-06-12 03:24:00,50.29152382078261
2025-06-12 02:54:00,62.2
2025-06-12 19:48:00,46.4
2025-06-12 04:34:00,50.29152382078261
2025-06-12 13:17:00,50.29152382078261
2025-06-12 02:04:00,65.7
2025-06-12 14:24:00,62.2
2025-06-12 23:09:00,2.7
2025-06-12 23:26:00,33.0
2025-06-12 19:33:00,67.2
2025-06-12 08:43:00,50.29152382078261
2025-06-12 13:14:00,21.7
2025-06-12 09:15:00,11.0
2025-06-12 12:22:00,52.4
2025-06-12 14:11:00,50.29152382078261
2025-06-12 13:30:00,49.8
2025-06-12 19:57:00,50.29152382078261
2025-06-12 22:42:00,1.5
2025-06-12 03:30:00,36.6
2025-06-12 10:31:00,32.9
2025-06-12 07:10:00,64.8
2025-06-12 13:59:00,48.9
2025-06-12 12:28:00,62.0
2025-06-12 22:26:00,50.29152382078261
2025-06-12 22:55:00,62.3
2025-06-12 05:50:00,25.3
2025-06-12 20:45:00,20.9
2025-06-12 09:20:00,29.9
2025-06-12 11:55:00,88.6
2025-06-12 04:33:00,46.7
2025-06-12 04:33:00,50.29152382078261
2025-06-12 09:57:00,35.1
2025-06-12 23:35:00,21.7
2025-06-12 10:06:00,74.0
2025-06-12 04:47:00,17.8
2025-06-12 10:05:00,76.4
2025-06-12 07:33:00,97.7
2025-06-12 08:14:00,50.29152382078261
2025-06-12 09:09:00,9.0
2025-06-12 05:27:00,32.1
2025-06-12 22:59:00,50.29152382078261
2025-06-12 12:23:00,2.7
2025-06-12 09:56:00,51.1
2025-06-12 03:20:00,28.3
2025-06-12 03:26:00,11.1
2025-06-12 05:04:00,50.29152382078261
2025-06-12 07:40:00,30.0
2025-06-12 22:33:00,24.9
2025-06-12 04:14:00,50.29152382078261
2025-06-12 00:12:00,36.1
2025-06-12 15:53:00,8.3
2025-06-12 03:01:00,53.3
2025-06-12 00:55:00,49.1
2025-06-12 03:44:00,65.0
2025-06-12 05:21:00,43.1
2025-06-12 10:14:00,44.6
2025-06-12 01:10:00,66.2
2025-06-12 23:01:00,29.3
2025-06-12 04:56:00,50.29152382078261
2025-06-12 02:30:00,50.29152382078261
2025-06-12 16:37:00,17.4
2025-06-12 03:10:00,8.7
2025-06-12 14:10:00,22.9
2025-06-12 23:59:00,74.8
2025-06-12 19:34:00,97.8
2025-06-12 12:50:00,77.7
2025-06-12 00:09:00,50.29152382078261
2025-06-12 22:33:00,23.1
2025-06-12 06:52:00,17.8
2025-06-12 09:52:00,7.7
2025-06-12 10:20:00,18.4
2025-06-12 05:57:00,90.4
2025-06-12 19:23:00,50.29152382078261
2025-06-12 17:22:00,22.3
2025-06-12 22:54:00,81.0
2025-06-12 01:56:00,78.5
2025-06-12 11:00:00,8.5
2025-06-12 17:05:00,17.1
2025-06-12 18:12:00,25.3
2025-06-12 11:49:00,80.4
2025-06-12 01:59:00,67.9
2025-06-12 18:33:00,50.29152382078261
2025-06-12 22:58:00,61.9
2025-06-12 00:09:00,50.29152382078261
2025-06-12 00:54:00,49.0
2025-06-12 17:37:00,33.7
2025-06-12 04:11:00,73.3
2025-06-12 21:59:00,45.4
2025-06-12 17:54:00,13.8
2025-06-12 23:47:00,45.9
2025-06-12 15:49:00,52.5
2025-06-12 07:20:00,50.29152382078261
2025-06-12 08:16:00,50.29152382078261
2025-06-12 18:04:00,99.4
2025-06-12 10:33:00,50.29152382078261
2025-06-12 14:55:00,50.29152382078261
2025-06-12 02:37:00,85.8
2025-06-12 18:30:00,35.0
2025-06-12 03:09:00,20.1
2025-06-12 15:34:00,10.2
2025-06-12 00:55:00,33.0
2025-06-12 02:03:00,72.3
2025-06-12 10:13:00,93.8
2025-06-12 00:02:00,50.29152382078261
2025-06-12 05:08:00,95.8
2025-06-12 11:13:00,63.1
2025-06-12 23:32:00,81.1
2025-06-12 12:41:00,48.0
2025-06-12 17:44:00,92.5
2025-06-12 06:12:00,15.9
2025-06-12 01:21:00,19.2
2025-06-12 15:56:00,52.1
2025-06-12 18:59:00,40.1
2025-06-12 07:16:00,62.5
2025-06-12 20:11:00,53.0
2025-06-12 01:34:00,99.9
2025-06-12 03:13:00,62.0
2025-06-12 12:16:00,60.3
2025-06-12 17:36:00,25.4
2025-06-12 09:10:00,90.2
2025-06-12 05:49:00,63.9
2025-06-12 07:11:00,67.2
2025-06-12 02:02:00,78.3
2025-06-12 07:54:00,1.9
2025-06-12 08:03:00,6.1
2025-06-12 20:00:00,50.29152382078261
2025-06-12 02:11:00,50.29152382078261
2025-06-12 23:32:00,32.2
2025-06-12 19:15:00,97.7
2025-06-12 07:14:00,73.5
2025-06-12 05:10:00,58.9
2025-06-12 14:07:00,19.0
2025-06-12 15:14:00,50.29152382078261
2025-06-12 18:55:00,81.3
2025-06-12 19:51:00,12.2
2025-06-12 06:04:00,50.15830883217688
2025-06-12 18:43:00,92.7
2025-06-12 14:58:00,2.2
2025-06-12 19:42:00,80.5
2025-06-12 12:01:00,45.4
2025-06-12 07:25:00,15.7
2025-06-12 02:08:00,51.5
2025-06-12 17:31:00,3.7
2025-06-12 07:43:00,27.7
2025-06-12 22:12:00,13.3
2025-06-12 06:26:00,97.1
2025-06-12 04:18:00,77.3
2025-06-12 12:13:00,36.1
2025-06-12 21:20:00,38.6
2025-06-12 04:30:00,50.15830883217688
2025-06-12 05:10:00,1.3
2025-06-12 12:22:00,14.3
2025-06-12 01:56:00,41.1
2025-06-12 08:52:00,16.9
2025-06-12 02:58:00,50.15830883217688
2025-06-12 05:36:00,39.3
2025-06-12 00:40:00,42.6
2025-06-12 02:13:00,78.1
2025-06-12 19:02:00,50.15830883217688
2025-06-12 23:22:00,50.15830883217688
2025-06-12 03:16:00,88.0
2025-06-12 14:13:00,13.0
2025-06-12 00:51:00,9.5
2025-06-12 09:50:00,77.8
2025-06-12 21:43:00,93.4
2025-06-12 08:48:00,50.15830883217688
2025-06-12 09:59:00,18.6
2025-06-12 05:32:00,41.0
2025-06-12 14:16:00,97.0
2025-06-12 05:45:00,50.15830883217688
2025-06-12 01:08:00,82.5
2025-06-12 11:18:00,92.6
2025-06-12 18:33:00,97.5
2025-06-12 09:54:00,50.15830883217688
2025-06-12 05:21:00,20.2
2025-06-12 14:33:00,81.9
2025-06-12 18:44:00,99.1
2025-06-12 07:07:00,89.1
2025-06-12 09:57:00,58.8
2025-06-12 23:27:00,50.15830883217688
2025-06-12 12:32:00,32.2
2025-06-12 03:36:00,61.3
2025-06-12 13:12:00,45.5
2025-06-12 06:25:00,50.15830883217688
2025-06-12 20:50:00,38.4
2025-06-12 20:45:00,50.15830883217688
2025-06-12 22:10:00,49.9
2025-06-12 22:16:00,30.9
2025-06-12 09:40:00,86.0
2025-06-12 02:31:00,64.6
2025-06-12 08:00:00,50.15830883217688
2025-06-12 19:12:00,46.1
2025-06-12 18:27:00,50.15830883217688
2025-06-12 08:03:00,80.5
2025-06-12 18:23:00,51.3
2025-06-12 18:15:00,75.9
2025-06-12 05:09:00,3.3
2025-06-12 17:39:00,38.9
2025-06-12 12:24:00,21.4
2025-06-12 03:51:00,50.15830883217688
2025-06-12 00:38:00,50.15830883217688
2025-06-12 07:13:00,14.9
2025-06-12 10:12:00,66.1
2025-06-12 03:16:00,50.15830883217688
2025-06-12 15:33:00,50.3
2025-06-12 07:22:00,47.0
2025-06-12 01:04:00,78.0
2025-06-12 02:07:00,20.1
2025-06-12 06:21:00,45.8
2025-06-12 04:07:00,3.9
2025-06-12 14:53:00,16.8
2025-06-12 23:39:00,74.7
2025-06-12 08:26:00,63.8
2025-06-12 02:42:00,59.2
2025-06-12 06:53:00,54.9
2025-06-12 16:42:00,72.1
2025-06-12 12:17:00,50.15830883217688
2025-06-12 19:01:00,37.4
2025-06-12 06:40:00,62.4
2025-06-12 07:42:00,12.0
2025-06-12 18:07:00,0.6
2025-06-12 16:51:00,90.6
2025-06-12 04:23:00,45.8
2025-06-12 04:04:00,99.9
2025-06-12 07:25:00,91.8
2025-06-12 22:59:00,97.5
2025-06-12 05:18:00,28.4
2025-06-12 17:12:00,61.7
2025-06-12 18:47:00,89.4
2025-06-12 18:51:00,93.9
2025-06-12 19:18:00,99.0
2025-06-12 05:48:00,71.1
2025-06-12 12:24:00,26.1
2025-06-12 06:16:00,50.15830883217688
2025-06-12 05:22:00,50.15830883217688
2025-06-12 05:54:00,37.3
2025-06-12 18:10:00,8.6
2025-06-12 12:33:00,6.2
2025-06-12 21:25:00,19.9
2025-06-12 10:57:00,50.15830883217688
2025-06-12 02:07:00,88.2
2025-06-12 22:20:00,44.5
2025-06-12 12:50:00,33.6
2025-06-12 00:11:00,47.2
2025-06-12 04:45:00,74.4
2025-06-12 13:55:00,4.5
2025-06-12 06:28:00,66.8
2025-06-12 03:10:00,10.3
2025-06-12 23:28:00,75.7
2025-06-12 04:58:00,59.4
2025-06-12 03:41:00,79.7
2025-06-12 21:08:00,58.0
2025-06-12 20:42:00,28.6
2025-06-12 21:04:00,50.15830883217688
2025-06-12 13:35:00,34.0
2025-06-12 04:10:00,55.2
2025-06-12 13:16:00,8.4
2025-06-12 12:24:00,33.1
2025-06-12 07:20:00,43.1
2025-06-12 18:06:00,66.5
2025-06-12 07:14:00,65.5
2025-06-12 13:47:00,28.7
2025-06-12 03:01:00,51.8
2025-06-12 21:50:00,7.9
2025-06-12 07:28:00,97.7
2025-06-12 07:00:00,15.9
2025-06-12 23:51:00,1.3
2025-06-12 06:45:00,8.0
2025-06-12 11:31:00,61.8
2025-06-12 06:28:00,0.7
2025-06-12 01:10:00,5.6
2025-06-12 05:42:00,6.1
2025-06-12 16:39:00,48.3
2025-06-12 21:58:00,30.6
2025-06-12 17:36:00,95.8
2025-06-12 09:30:00,36.7
2025-06-12 20:49:00,55.7
2025-06-12 09:32:00,50.15830883217688
2025-06-12 00:28:00,50.15830883217688
2025-06-12 10:29:00,24.6
2025-06-12 16:46:00,67.8
2025-06-12 07:16:00,50.15830883217688
2025-06-12 03:05:00,42.7
2025-06-12 16:08:00,90.8
2025-06-12 02:22:00,24.2
2025-06-12 00:13:00,56.2
2025-06-12 07:56:00,38.5
2025-06-12 22:50:00,85.0
2025-06-12 23:36:00,92.8
2025-06-12 01:35:00,32.3
2025-06-12 14:33:00,37.8
2025-06-12 18:47:00,1.9
2025-06-12 04:04:00,50.15830883217688
2025-06-12 09:29:00,84.9
2025-06-12 16:20:00,15.5
2025-06-12 11:39:00,46.7
2025-06-12 23:05:00,81.7
2025-06-12 10:48:00,50.15830883217688
2025-06-12 07:17:00,29.5
2025-06-12 23:36:00,32.1
2025-06-12 00:21:00,62.4
2025-06-12 17:18:00,79.7
2025-06-12 17:33:00,90.8
2025-06-12 10:14:00,3.2
2025-06-12 17:00:00,8.8
2025-06-12 07:46:00,74.6
2025-06-12 05:15:00,33.4
2025-06-12 15:08:00,60.7
2025-06-12 00:18:00,95.0
2025-06-12 13:11:00,49.3
2025-06-12 19:23:00,50.15830883217688
2025-06-12 17:28:00,44.9
2025-06-12 16:15:00,25.8
2025-06-12 06:55:00,96.6
2025-06-12 00:29:00,59.5
2025-06-12 21:32:00,50.15830883217688
2025-06-12 22:39:00,77.9
2025-06-12 01:32:00,83.5
2025-06-12 09:32:00,58.8
2025-06-12 15:16:00,97.0
2025-06-12 04:06:00,14.3
2025-06-12 20:56:00,86.7
2025-06-12 14:00:00,84.5
2025-06-12 08:39:00,58.1
2025-06-12 23:49:00,29.2
2025-06-12 07:24:00,92.2
2025-06-12 20:48:00,54.5
2025-06-12 17:05:00,98.8
2025-06-12 19:17:00,12.3
2025-06-12 20:18:00,50.15830883217688
2025-06-12 17:19:00,50.15830883217688
2025-06-12 18:36:00,22.0
2025-06-12 08:49:00,43.4
2025-06-12 18:45:00,48.1
2025-06-12 00:50:00,79.5
2025-06-12 10:23:00,41.1
2025-06-12 14:19:00,71.0
2025-06-12 07:20:00,26.6
2025-06-12 03:10:00,14.2
2025-06-12 01:18:00,55.1
2025-06-12 17:35:00,50.15830883217688
2025-06-12 19:56:00,57.2
2025-06-12 22:52:00,92.8
2025-06-12 06:42:00,84.5
2025-06-12 20:28:00,84.2
2025-06-12 08:03:00,50.15830883217688
2025-06-12 04:28:00,25.8
2025-06-12 12:24:00,57.9
2025-06-12 05:07:00,50.15830883217688
2025-06-12 20:28:00,19.0
2025-06-12 16:02:00,43.5
2025-06-12 10:32:00,74.3
2025-06-12 12:56:00,9.7
2025-06-12 11:11:00,2.9
2025-06-12 08:15:00,70.0
2025-06-12 06:13:00,50.15830883217688
2025-06-12 09:51:00,78.8
2025-06-12 19:55:00,59.5
2025-06-12 01:46:00,90.1
2025-06-12 01:44:00,46.2
2025-06-12 11:57:00,39.2
2025-06-12 23:29:00,6.6
2025-06-12 20:43:00,39.8
2025-06-12 03:06:00,50.15830883217688
2025-06-12 14:19:00,64.1
2025-06-12 12:59:00,8.4
2025-06-12 03:20:00,69.2
2025-06-12 01:04:00,4.9
2025-06-12 12:16:00,50.15830883217688
2025-06-12 05:28:00,86.4
2025-06-12 07:59:00,90.7
2025-06-12 22:28:00,64.9
2025-06-12 21:52:00,66.7
2025-06-12 21:08:00,12.5
2025-06-12 03:38:00,54.0
2025-06-12 21:10:00,1.3
2025-06-12 00:33:00,43.6
2025-06-12 19:31:00,59.0
2025-06-12 03:46:00,50.15830883217688
2025-06-12 22:47:00,48.5
2025-06-12 17:14:00,83.4
2025-06-12 08:18:00,61.7
2025-06-12 20:35:00,6.5
2025-06-12 06:18:00,80.5
2025-06-12 09:18:00,86.3
2025-06-12 09:05:00,37.2
2025-06-12 21:28:00,39.2
2025-06-12 13:57:00,40.0
2025-06-12 21:18:00,75.4
2025-06-12 19:02:00,50.15830883217688
2025-06-12 14:50:00,98.8
2025-06-12 17:03:00,56.9
2025-06-12 19:33:00,72.5
2025-06-12 01:06:00,37.6
2025-06-12 12:22:00,50.15830883217688
2025-06-12 04:56:00,50.15830883217688
2025-06-12 11:16:00,50.15830883217688
2025-06-12 22:05:00,30.0
2025-06-12 11:33:00,69.3
2025-06-12 03:34:00,32.8
2025-06-12 14:19:00,97.0
2025-06-12 17:14:00,57.8
2025-06-12 16:17:00,16.6
2025-06-12 13:31:00,50.15830883217688
2025-06-12 23:27:00,84.3
2025-06-12 05:44:00,12.8
2025-06-12 08:58:00,28.3
2025-06-12 16:39:00,65.6
2025-06-12 17:52:00,66.4
2025-06-12 10:57:00,62.7
2025-06-12 19:35:00,27.1
2025-06-12 04:14:00,97.5
2025-06-12 03:23:00,85.2
2025-06-12 19:03:00,4.7
2025-06-12 06:12:00,50.15830883217688
2025-06-12 07:09:00,81.9
2025-06-12 06:09:00,86.8
2025-06-12 01:30:00,17.4
2025-06-12 15:08:00,41.1
2025-06-12 15:42:00,50.15830883217688
2025-06-12 12:03:00,59.8
2025-06-12 11:43:00,50.15830883217688
2025-06-12 05:27:00,25.2
2025-06-12 10:03:00,70.5
2025-06-12 13:37:00,85.5
2025-06-12 08:55:00,97.2
2025-06-12 10:09:00,22.4
2025-06-12 20:35:00,50.15830883217688
2025-06-12 19:45:00,8.3
2025-06-12 11:07:00,50.15830883217688
2025-06-12 15:15:00,82.9
2025-06-12 17:36:00,50.15830883217688
2025-06-12 06:44:00,61.0
2025-06-12 15:32:00,75.3
2025-06-12 19:38:00,69.4
2025-06-12 03:17:00,42.9
2025-06-12 00:44:00,45.2
2025-06-12 13:54:00,50.15830883217688
2025-06-12 01:07:00,92.1
2025-06-12 09:04:00,83.2
2025-06-12 03:12:00,89.1
2025-06-12 06:05:00,40.7
2025-06-12 09:05:00,33.8
2025-06-12 19:19:00,68.8
2025-06-12 05:57:00,92.9
2025-06-12 06:46:00,50.15830883217688
2025-06-12 08:10:00,94.9
2025-06-12 08:36:00,81.2
2025-06-12 21:41:00,42.3
2025-06-12 23:53:00,46.9
2025-06-12 09:27:00,16.9
2025-06-12 19:13:00,52.2
2025-06-12 05:59:00,85.0
2025-06-12 07:21:00,29.6
2025-06-12 09:11:00,15.9
2025-06-12 20:36:00,12.8
2025-06-12 06:19:00,76.9
2025-06-12 00:42:00,63.4
2025-06-12 03:22:00,98.4
2025-06-12 14:02:00,32.1
2025-06-12 10:06:00,3.4
2025-06-12 04:28:00,96.6
2025-06-12 18:39:00,51.2
2025-06-12 13:06:00,36.5
2025-06-12 07:09:00,92.1
2025-06-12 21:22:00,61.6
2025-06-12 02:30:00,31.5
2025-06-12 10:44:00,68.5
2025-06-12 02:12:00,4.6
2025-06-12 13:43:00,50.5
2025-06-12 03:18:00,50.8
2025-06-12 08:57:00,75.9
2025-06-12 07:11:00,19.9
2025-06-12 22:45:00,20.9
2025-06-12 14:51:00,83.4
2025-06-12 13:17:00,50.05645730416373
2025-06-12 18:18:00,47.7
2025-06-12 10:43:00,52.3
2025-06-12 01:47:00,36.0
2025-06-12 10:14:00,62.1
2025-06-12 09:55:00,50.05645730416373
2025-06-12 07:00:00,40.3
2025-06-12 14:13:00,1.5
2025-06-12 11:30:00,25.3
2025-06-12 08:54:00,80.8
2025-06-12 17:34:00,80.2
2025-06-12 22:40:00,64.2
2025-06-12 06:13:00,88.4
2025-06-12 03:56:00,41.7
2025-06-12 02:16:00,17.3
2025-06-12 04:16:00,47.6
2025-06-12 21:14:00,7.9
2025-06-12 07:05:00,50.05645730416373
2025-06-12 01:50:00,41.1
2025-06-12 23:32:00,9.2
2025-06-12 11:52:00,28.0
2025-06-12 23:50:00,47.1
2025-06-12 22:40:00,48.2
2025-06-12 15:22:00,3.9
2025-06-12 16:00:00,87.0
2025-06-12 00:44:00,73.7
2025-06-12 16:10:00,72.3
2025-06-12 14:14:00,5.2
2025-06-12 19:45:00,55.2
2025-06-12 02:54:00,50.05645730416373
2025-06-12 22:42:00,81.9
2025-06-12 12:02:00,50.05645730416373
2025-06-12 18:55:00,50.05645730416373
2025-06-12 18:44:00,50.9
2025-06-12 02:50:00,25.6
2025-06-12 10:27:00,50.05645730416373
2025-06-12 10:45:00,58.5
2025-06-12 15:17:00,36.6
2025-06-12 08:28:00,17.8
2025-06-12 11:45:00,45.4
2025-06-12 03:12:00,42.9
2025-06-12 23:58:00,50.05645730416373
2025-06-12 22:56:00,64.3
2025-06-12 22:08:00,31.8
2025-06-12 20:29:00,50.05645730416373
2025-06-12 06:22:00,85.3
2025-06-12 00:47:00,37.4
2025-06-12 00:35:00,79.9
2025-06-12 14:30:00,47.9
2025-06-12 21:49:00,69.3
2025-06-12 20:49:00,50.05645730416373
2025-06-12 14:47:00,68.6
2025-06-12 23:07:00,17.7
2025-06-12 06:52:00,59.1
2025-06-12 19:24:00,75.8
2025-06-12 02:09:00,68.1
2025-06-12 12:27:00,58.4
2025-06-12 20:22:00,50.05645730416373
2025-06-12 06:17:00,50.05645730416373
2025-06-12 20:32:00,56.9
2025-06-12 17:01:00,85.7
2025-06-12 04:06:00,19.9
2025-06-12 12:23:00,41.1
2025-06-12 06:39:00,57.0
2025-06-12 03:51:00,44.6
2025-06-12 13:08:00,73.1
2025-06-12 04:37:00,90.5
2025-06-12 04:25:00,30.6
2025-06-12 11:03:00,26.9
2025-06-12 03:21:00,76.1
2025-06-12 22:24:00,69.7
2025-06-12 03:09:00,83.9
2025-06-12 22:20:00,30.9
2025-06-12 12:04:00,22.5
2025-06-12 22:15:00,28.7
2025-06-12 23:30:00,80.1
2025-06-12 22:01:00,93.3
2025-06-12 21:06:00,50.05645730416373
2025-06-12 01:33:00,17.5
2025-06-12 04:48:00,47.1
2025-06-12 19:34:00,99.7
2025-06-12 18:17:00,39.3
2025-06-12 11:25:00,24.8
2025-06-12 14:42:00,97.3
2025-06-12 03:11:00,39.1
2025-06-12 01:33:00,50.05645730416373
2025-06-12 16:29:00,50.05645730416373
2025-06-12 06:33:00,50.05645730416373
2025-06-12 06:13:00,11.8
2025-06-12 22:09:00,50.05645730416373
2025-06-12 18:16:00,94.8
2025-06-12 03:16:00,60.1
2025-06-12 16:36:00,31.6
2025-06-12 18:32:00,95.5
2025-06-12 17:30:00,60.3
2025-06-12 22:29:00,64.7
2025-06-12 09:17:00,25.1
2025-06-12 11:59:00,50.05645730416373
2025-06-12 16:00:00,69.1
2025-06-12 10:26:00,26.4
2025-06-12 16:40:00,76.3
2025-06-12 09:07:00,80.2
2025-06-12 12:06:00,19.2
2025-06-12 18:47:00,22.2
2025-06-12 11:11:00,43.6
2025-06-12 21:49:00,68.7
2025-06-12 04:07:00,73.9
2025-06-12 17:40:00,95.8
2025-06-12 08:37:00,93.6
2025-06-12 01:11:00,43.6
2025-06-12 21:34:00,60.1
2025-06-12 16:20:00,23.2
2025-06-12 12:52:00,5.3
2025-06-12 17:38:00,12.7
2025-06-12 14:44:00,49.5
2025-06-12 13:14:00,50.05645730416373
2025-06-12 08:16:00,86.4
2025-06-12 13:28:00,20.4
2025-06-12 05:41:00,13.8
2025-06-12 08:17:00,51.2
2025-06-12 03:20:00,72.6
2025-06-12 14:57:00,50.05645730416373
2025-06-12 05:37:00,37.0
2025-06-12 15:53:00,64.5
2025-06-12 11:01:00,2.8
2025-06-12 07:10:00,47.0
2025-06-12 11:43:00,93.3
2025-06-12 08:16:00,85.6
2025-06-12 20:31:00,91.6
2025-06-12 09:56:00,13.4
2025-06-12 05:58:00,95.3
2025-06-12 14:20:00,50.05645730416373
2025-06-12 01:38:00,6.6
2025-06-12 05:17:00,56.3
2025-06-12 02:44:00,92.7
2025-06-12 08:43:00,49.2
2025-06-12 19:17:00,55.5
2025-06-12 23:23:00,97.4
2025-06-12 13:35:00,11.6
2025-06-12 23:13:00,87.8
2025-06-12 16:39:00,15.8
2025-06-12 02:34:00,61.3
2025-06-12 07:25:00,51.6
2025-06-12 12:49:00,21.9
2025-06-12 09:55:00,70.9
2025-06-12 08:21:00,29.2
2025-06-12 18:58:00,11.3
2025-06-12 07:38:00,47.9
2025-06-12 15:39:00,9.5
2025-06-12 07:45:00,7.9
2025-06-12 03:01:00,16.4
2025-06-12 18:00:00,59.3
2025-06-12 14:03:00,16.5
2025-06-12 12:39:00,28.2
2025-06-12 01:13:00,50.05645730416373
2025-06-12 04:33:00,50.05645730416373
2025-06-12 04:13:00,89.7
2025-06-12 06:29:00,32.8
2025-06-12 14:23:00,20.3
2025-06-12 02:31:00,50.05645730416373
2025-06-12 07:04:00,68.8
2025-06-12 21:49:00,31.0
2025-06-12 06:35:00,33.6
2025-06-12 16:19:00,85.4
2025-06-12 08:28:00,50.05645730416373
2025-06-12 08:30:00,50.05645730416373
2025-06-12 10:00:00,77.8
2025-06-12 04:40:00,50.05645730416373
2025-06-12 21:05:00,15.9
2025-06-12 15:59:00,92.1
2025-06-12 01:42:00,87.2
2025-06-12 01:56:00,60.1
2025-06-12 20:13:00,31.1
2025-06-12 13:21:00,63.3
2025-06-12 21:33:00,5.1
2025-06-12 00:07:00,38.8
2025-06-12 19:42:00,50.05645730416373
2025-06-12 01:21:00,31.6
2025-06-12 08:42:00,28.7
2025-06-12 18:43:00,35.9
2025-06-12 09:48:00,49.7
2025-06-12 19:00:00,43.5
2025-06-12 15:18:00,50.05645730416373
2025-06-12 07:54:00,50.05645730416373
2025-06-12 19:23:00,35.4
2025-06-12 11:26:00,12.4
2025-06-12 03:14:00,21.6
2025-06-12 05:16:00,71.8
2025-06-12 21:47:00,74.7
2025-06-12 14:08:00,50.05645730416373
2025-06-12 19:45:00,50.05645730416373
2025-06-12 22:50:00,38.4
2025-06-12 22:07:00,80.3
2025-06-12 18:41:00,1.9
2025-06-12 15:51:00,50.05645730416373
2025-06-12 15:52:00,69.5
2025-06-12 19:26:00,50.05645730416373
2025-06-12 08:22:00,68.0
2025-06-12 16:41:00,50.05645730416373
2025-06-12 00:52:00,2.8
2025-06-12 00:22:00,50.05645730416373
2025-06-12 09:16:00,83.5
2025-06-12 04:11:00,97.0
2025-06-12 09:35:00,27.4
2025-06-12 01:15:00,35.3
2025-06-12 09:37:00,71.5
2025-06-12 00:10:00,76.5
2025-06-12 06:58:00,90.1
2025-06-12 11:41:00,58.3
2025-06-12 20:53:00,0.7
2025-06-12 05:19:00,18.9
2025-06-12 16:54:00,50.05645730416373
2025-06-12 11:37:00,27.3
2025-06-12 14:28:00,50.05645730416373
2025-06-12 21:19:00,67.6
2025-06-12 19:21:00,46.6
2025-06-12 06:28:00,37.3
2025-06-12 01:48:00,67.8
2025-06-12 03:50:00,50.05645730416373
2025-06-12 21:04:00,98.1
2025-06-12 18:56:00,73.2
2025-06-12 21:43:00,58.7
2025-06-12 18:21:00,32.7
2025-06-12 13:15:00,61.5
2025-06-12 23:41:00,21.4
2025-06-12 05:51:00,16.5
2025-06-12 06:20:00,87.4
2025-06-12 13:05:00,56.6
2025-06-12 00:23:00,27.6
2025-06-12 18:39:00,56.5
2025-06-12 18:28:00,91.5
2025-06-12 02:57:00,50.05645730416373
2025-06-12 07:16:00,86.9
2025-06-12 00:14:00,4.7
2025-06-12 21:22:00,48.2
2025-06-12 04:08:00,18.3
2025-06-12 02:12:00,97.4
2025-06-12 18:11:00,8.6
2025-06-12 10:38:00,1.2
2025-06-12 03:54:00,12.2
2025-06-12 00:01:00,89.9
2025-06-12 03:01:00,88.2
2025-06-12 16:08:00,50.05645730416373
2025-06-12 10:11:00,39.3
2025-06-12 22:21:00,64.9
2025-06-12 23:57:00,7.1
2025-06-12 17:27:00,15.5
2025-06-12 16:52:00,75.6
2025-06-12 05:04:00,77.5
2025-06-12 01:23:00,63.1
2025-06-12 03:15:00,0.9
2025-06-12 03:52:00,50.05645730416373
2025-06-12 15:45:00,9.9
2025-06-12 23:29:00,50.05645730416373
2025-06-12 02:10:00,92.8
2025-06-12 23:53:00,58.2
2025-06-12 02:33:00,38.7
2025-06-12 03:57:00,50.05645730416373
2025-06-12 01:03:00,28.1
2025-06-12 20:25:00,72.1
2025-06-12 18:55:00,50.05645730416373
2025-06-12 00:02:00,61.0
2025-06-12 19:15:00,24.9
2025-06-12 15:25:00,43.3
2025-06-12 07:07:00,73.3
2025-06-12 06:54:00,62.9
2025-06-12 16:18:00,60.1
2025-06-12 02:00:00,9.8
2025-06-12 21:43:00,55.1
2025-06-12 23:02:00,50.05645730416373
2025-06-12 12:09:00,77.7
2025-06-12 19:58:00,28.4
2025-06-12 06:37:00,64.6
2025-06-12 15:44:00,40.8
2025-06-12 13:53:00,14.8
2025-06-12 11:07:00,28.6
2025-06-12 09:25:00,64.2
2025-06-12 08:57:00,33.8
2025-06-12 15:35:00,31.3
2025-06-12 09:38:00,56.2
2025-06-12 00:36:00,3.7
2025-06-12 21:23:00,50.05645730416373
2025-06-12 23:42:00,67.8
2025-06-12 15:19:00,26.2
2025-06-12 17:34:00,50.05645730416373
2025-06-12 03:04:00,37.7
2025-06-12 23:11:00,28.0
2025-06-12 20:58:00,66.4
2025-06-12 01:17:00,70.7
2025-06-12 06:19:00,59.1
2025-06-12 11:19:00,3.8
2025-06-12 08:16:00,50.2
2025-06-12 05:57:00,7.9
2025-06-12 11:18:00,67.6
2025-06-12 18:03:00,34.8
2025-06-12 06:08:00,23.2
2025-06-12 11:02:00,50.05645730416373
2025-06-12 15:03:00,50.05645730416373
2025-06-12 17:08:00,50.05645730416373
2025-06-12 05:49:00,36.4
2025-06-12 02:58:00,64.5
2025-06-12 12:45:00,8.0
2025-06-12 11:05:00,21.4
2025-06-12 01:11:00,95.3
2025-06-12 03:36:00,98.7
2025-06-12 03:09:00,66.3
2025-06-12 12:02:00,71.3
2025-06-12 21:25:00,55.2
2025-06-12 20:38:00,96.6
2025-06-12 14:18:00,24.1
2025-06-12 02:36:00,50.05645730416373
2025-06-12 19:36:00,68.1
2025-06-12 00:38:00,27.5
2025-06-12 22:28:00,99.1
2025-06-12 15:58:00,11.3
2025-06-12 15:50:00,85.0
2025-06-12 12:35:00,14.6
2025-06-12 06:39:00,43.6
2025-06-12 13:09:00,87.8
2025-06-12 02:36:00,47.5
2025-06-12 08:13:00,15.2
2025-06-12 01:51:00,43.3
2025-06-12 18:39:00,66.8
2025-06-12 22:07:00,47.2
2025-06-12 10:47:00,20.5
2025-06-12 16:04:00,10.8
2025-06-12 23:39:00,69.0
2025-06-12 05:39:00,40.8
2025-06-12 05:08:00,29.4
2025-06-12 18:00:00,97.6
2025-06-12 08:27:00,38.3
2025-06-12 21:44:00,1.1
2025-06-12 10:24:00,20.3
2025-06-12 23:41:00,50.05645730416373
2025-06-12 14:18:00,50.05645730416373
2025-06-12 17:41:00,71.1
2025-06-12 15:52:00,50.05645730416373
2025-06-12 14:03:00,22.2
2025-06-12 14:58:00,49.90502819548872
2025-06-12 12:45:00,95.3
2025-06-12 01:00:00,84.1
2025-06-12 12:12:00,42.1
2025-06-12 12:34:00,49.90502819548872
2025-06-12 20:12:00,5.9
2025-06-12 08:58:00,98.1
2025-06-12 07:12:00,44.1
2025-06-12 13:03:00,5.7
2025-06-12 15:14:00,83.2
2025-06-12 08:58:00,78.6
2025-06-12 15:48:00,26.8
2025-06-12 04:23:00,19.6
2025-06-12 18:24:00,72.0
2025-06-12 22:15:00,61.1
2025-06-12 01:28:00,28.3
2025-06-12 01:44:00,52.4
2025-06-12 07:32:00,49.90502819548872
2025-06-12 19:17:00,54.5
2025-06-12 10:51:00,49.0
2025-06-12 01:03:00,94.7
2025-06-12 22:46:00,5.8
2025-06-12 09:21:00,57.3
2025-06-12 22:39:00,49.90502819548872
2025-06-12 20:49:00,49.90502819548872
2025-06-12 14:40:00,68.5
2025-06-12 13:42:00,59.4
2025-06-12 02:08:00,62.5
2025-06-12 20:22:00,90.5
2025-06-12 03:35:00,49.90502819548872
2025-06-12 22:11:00,42.9
2025-06-12 03:50:00,11.8
2025-06-12 01:34:00,49.90502819548872
2025-06-12 16:35:00,27.7
2025-06-12 10:12:00,1.3
2025-06-12 01:05:00,14.2
2025-06-12 11:20:00,24.9
2025-06-12 08:32:00,53.2
2025-06-12 19:23:00,50.0
2025-06-12 09:29:00,42.7
2025-06-12 15:42:00,5.4
2025-06-12 09:34:00,76.8
2025-06-12 22:42:00,61.5
2025-06-12 14:06:00,11.8
2025-06-12 23:34:00,9.1
2025-06-12 10:14:00,49.90502819548872
2025-06-12 20:55:00,46.5
2025-06-12 10:42:00,4.5
2025-06-12 13:53:00,61.0
2025-06-12 23:11:00,84.9
2025-06-12 12:33:00,73.8
2025-06-12 09:47:00,33.7
2025-06-12 09:12:00,57.8
2025-06-12 06:18:00,49.90502819548872
2025-06-12 06:19:00,3.5
2025-06-12 17:23:00,49.90502819548872
2025-06-12 16:01:00,1.6
2025-06-12 07:03:00,27.1
2025-06-12 16:02:00,49.90502819548872
2025-06-12 16:40:00,85.6
2025-06-12 00:02:00,80.8
2025-06-12 07:08:00,58.9
2025-06-12 00:44:00,75.4
2025-06-12 05:55:00,47.0
2025-06-12 16:36:00,44.6
2025-06-12 04:49:00,8.4
2025-06-12 16:57:00,60.3
2025-06-12 14:24:00,23.3
2025-06-12 01:46:00,79.6
2025-06-12 09:08:00,63.1
2025-06-12 08:12:00,78.5
2025-06-12 12:20:00,46.3
2025-06-12 09:55:00,49.90502819548872
2025-06-12 21:01:00,52.9
2025-06-12 00:57:00,39.7
2025-06-12 19:50:00,70.0
2025-06-12 03:20:00,3.4
2025-06-12 15:07:00,49.90502819548872
2025-06-12 16:56:00,60.5
2025-06-12 04:25:00,49.90502819548872
2025-06-12 02:06:00,64.5
2025-06-12 03:38:00,49.90502819548872
2025-06-12 14:07:00,49.90502819548872
2025-06-12 19:48:00,5.0
2025-06-12 20:25:00,86.4
2025-06-12 13:03:00,49.90502819548872
2025-06-12 04:50:00,34.5
2025-06-12 15:54:00,3.5
2025-06-12 19:42:00,89.7
2025-06-12 23:16:00,49.90502819548872
2025-06-12 14:37:00,3.3
2025-06-12 23:47:00,92.9
2025-06-12 05:43:00,19.6
2025-06-12 02:38:00,4.6
2025-06-12 20:26:00,68.1
2025-06-12 21:22:00,76.8
2025-06-12 08:27:00,80.0
2025-06-12 19:15:00,23.4
2025-06-12 11:53:00,51.7
2025-06-12 07:25:00,72.5
2025-06-12 17:34:00,39.0
2025-06-12 19:26:00,28.9
2025-06-12 22:42:00,66.7
2025-06-12 03:22:00,80.8
2025-06-12 17:56:00,51.3
2025-06-12 11:03:00,49.90502819548872
2025-06-12 07:13:00,15.1
2025-06-12 01:33:00,89.1
2025-06-12 19:45:00,23.0
2025-06-12 20:51:00,17.6
2025-06-12 22:24:00,53.9
2025-06-12 14:18:00,89.2
2025-06-12 22:15:00,89.7
2025-06-12 19:22:00,94.1
2025-06-12 06:26:00,49.90502819548872
2025-06-12 19:08:00,67.7
2025-06-12 18:41:00,94.7
2025-06-12 22:36:00,11.6
2025-06-12 05:40:00,29.1
2025-06-12 10:21:00,66.4
2025-06-12 12:45:00,36.8
2025-06-12 11:59:00,59.1
2025-06-12 09:23:00,76.8
2025-06-12 19:24:00,92.2
2025-06-12 22:38:00,49.90502819548872
2025-06-12 15:09:00,29.7
2025-06-12 18:23:00,41.9
2025-06-12 18:59:00,49.90502819548872
2025-06-12 02:40:00,24.7
2025-06-12 19:31:00,9.3
2025-06-12 03:15:00,94.4
2025-06-12 12:02:00,70.4
2025-06-12 06:06:00,19.9
2025-06-12 06:36:00,86.0
2025-06-12 18:05:00,8.0
2025-06-12 10:05:00,49.90502819548872
2025-06-12 19:09:00,59.6
2025-06-12 16:05:00,97.6
2025-06-12 20:53:00,98.9
2025-06-12 09:39:00,49.90502819548872
2025-06-12 18:41:00,33.3
2025-06-12 00:35:00,86.2
2025-06-12 05:13:00,54.4
2025-06-12 03:27:00,73.6
2025-06-12 17:07:00,84.0
2025-06-12 21:57:00,96.1
2025-06-12 10:55:00,89.4
2025-06-12 08:56:00,99.1
2025-06-12 18:46:00,47.0
2025-06-12 05:10:00,42.3
2025-06-12 06:01:00,14.4
2025-06-12 02:43:00,21.8
2025-06-12 22:13:00,29.3
2025-06-12 19:59:00,49.90502819548872
2025-06-12 22:43:00,92.5
2025-06-12 17:26:00,49.90502819548872
2025-06-12 19:13:00,32.2
2025-06-12 07:25:00,29.6
2025-06-12 06:01:00,18.7
2025-06-12 17:05:00,85.0
2025-06-12 10:20:00,4.0
2025-06-12 15:27:00,14.3
2025-06-12 08:43:00,36.1
2025-06-12 06:42:00,13.9
2025-06-12 09:44:00,31.6
2025-06-12 05:35:00,50.1
2025-06-12 00:57:00,49.90502819548872
2025-06-12 21:04:00,11.3
2025-06-12 15:33:00,49.90502819548872
2025-06-12 09:46:00,49.90502819548872
2025-06-12 06:38:00,68.9
2025-06-12 02:10:00,29.8
2025-06-12 01:14:00,33.0
2025-06-12 03:02:00,24.5
2025-06-12 05:17:00,49.90502819548872
2025-06-12 05:23:00,49.90502819548872
2025-06-12 00:52:00,87.9
2025-06-12 08:17:00,83.2
2025-06-12 07:03:00,57.6
2025-06-12 17:38:00,88.8
2025-06-12 00:22:00,90.2
2025-06-12 19:38:00,3.8
2025-06-12 06:12:00,88.0
2025-06-12 21:02:00,49.90502819548872
2025-06-12 23:18:00,61.2
2025-06-12 12:53:00,76.6
2025-06-12 20:38:00,63.0
2025-06-12 20:08:00,33.5
2025-06-12 13:20:00,0.2
2025-06-12 19:26:00,49.90502819548872
2025-06-12 11:21:00,6.7
2025-06-12 11:48:00,16.2
2025-06-12 03:54:00,53.7
2025-06-12 01:18:00,13.2
2025-06-12 06:09:00,30.3
2025-06-12 15:55:00,19.5
2025-06-12 02:00:00,58.7
2025-06-12 00:02:00,76.6
2025-06-12 16:54:00,60.3
2025-06-12 05:47:00,37.7
2025-06-12 01:11:00,80.8
2025-06-12 12:59:00,52.2
2025-06-12 10:23:00,32.6
2025-06-12 21:45:00,8.5
2025-06-12 10:11:00,49.90502819548872
2025-06-12 19:53:00,62.2
2025-06-12 05:01:00,41.8
2025-06-12 17:03:00,52.2
2025-06-12 19:30:00,29.7
2025-06-12 20:14:00,84.5
2025-06-12 20:50:00,48.0
2025-06-12 18:20:00,49.6
2025-06-12 21:56:00,39.3
2025-06-12 11:45:00,54.0
2025-06-12 13:05:00,15.3
2025-06-12 00:54:00,41.9
2025-06-12 20:01:00,96.3
2025-06-12 13:55:00,41.0
2025-06-12 23:57:00,70.0
2025-06-12 05:07:00,30.4
2025-06-12 22:50:00,88.9
2025-06-12 15:03:00,76.1
2025-06-12 20:16:00,70.5
2025-06-12 09:29:00,49.90502819548872
2025-06-12 02:19:00,1.1
2025-06-12 08:04:00,35.3
2025-06-12 10:10:00,76.7
2025-06-12 11:30:00,76.4
2025-06-12 18:01:00,35.7
2025-06-12 15:18:00,25.3
2025-06-12 02:53:00,32.0
2025-06-12 06:02:00,55.0
2025-06-12 08:30:00,12.0
2025-06-12 15:17:00,8.4
2025-06-12 13:39:00,90.4
2025-06-12 16:28:00,83.9
2025-06-12 22:06:00,43.5
2025-06-12 14:37:00,49.90502819548872
2025-06-12 22:00:00,49.90502819548872
2025-06-12 18:18:00,28.0
2025-06-12 07:07:00,49.90502819548872
2025-06-12 05:08:00,14.6
2025-06-12 23:26:00,11.5
2025-06-12 13:06:00,49.90502819548872
2025-06-12 16:02:00,19.3
2025-06-12 03:29:00,29.2
2025-06-12 20:34:00,14.8
2025-06-12 22:44:00,75.1
2025-06-12 02:09:00,7.9
2025-06-12 01:15:00,49.90502819548872
2025-06-12 05:21:00,75.3
2025-06-12 17:54:00,45.7
2025-06-12 19:22:00,65.7
2025-06-12 22:36:00,49.90502819548872
2025-06-12 20:39:00,81.0
2025-06-12 06:31:00,49.90502819548872
2025-06-12 18:46:00,5.1
2025-06-12 02:17:00,64.6
2025-06-12 17:14:00,32.9
2025-06-12 21:36:00,49.90502819548872
2025-06-12 12:52:00,57.0
2025-06-12 02:24:00,9.7
2025-06-12 21:49:00,49.90502819548872
2025-06-12 02:32:00,44.1
2025-06-12 00:27:00,47.6
2025-06-12 10:53:00,68.1
2025-06-12 19:57:00,40.3
2025-06-12 11:02:00,68.4
2025-06-12 23:58:00,87.2
2025-06-12 16:40:00,89.6
2025-06-12 01:24:00,97.7
2025-06-12 22:54:00,56.3
2025-06-12 13:57:00,0.2
2025-06-12 15:34:00,19.2
2025-06-12 11:58:00,82.2
2025-06-12 09:24:00,57.9
2025-06-12 21:36:00,49.90502819548872
2025-06-12 20:18:00,5.3
2025-06-12 10:43:00,35.4
2025-06-12 16:12:00,69.0
2025-06-12 21:25:00,44.3
2025-06-12 19:10:00,63.8
2025-06-12 22:58:00,34.0
2025-06-12 21:01:00,73.6
2025-06-12 23:10:00,78.5
2025-06-12 16:32:00,71.4
2025-06-12 13:56:00,16.0
2025-06-12 13:42:00,16.1
2025-06-12 20:06:00,19.3
2025-06-12 23:28:00,14.6
2025-06-12 08:12:00,91.3
2025-06-12 11:17:00,49.90502819548872
2025-06-12 23:45:00,59.9
2025-06-12 03:00:00,51.9
2025-06-12 11:55:00,49.90502819548872
2025-06-12 08:33:00,7.2
2025-06-12 16:57:00,67.4
2025-06-12 09:02:00,49.90502819548872
2025-06-12 09:26:00,3.9
2025-06-12 01:27:00,86.2
2025-06-12 00:43:00,35.6
2025-06-12 19:11:00,91.5
2025-06-12 12:45:00,84.5
2025-06-12 03:44:00,52.7
2025-06-12 14:43:00,76.5
2025-06-12 01:04:00,49.90502819548872
2025-06-12 20:14:00,65.6
2025-06-12 14:43:00,80.8
2025-06-12 21:44:00,50.475078938135894
2025-06-12 02:21:00,40.3
2025-06-12 19:06:00,99.2
2025-06-12 16:14:00,85.5
2025-06-12 15:40:00,62.3
2025-06-12 22:29:00,66.5
2025-06-12 15:26:00,6.3
2025-06-12 12:54:00,76.2
2025-06-12 11:24:00,66.9
2025-06-12 19:12:00,85.2
2025-06-12 03:03:00,38.7
2025-06-12 16:23:00,32.4
2025-06-12 06:12:00,13.2
2025-06-12 06:57:00,73.6
2025-06-12 15:06:00,94.2
2025-06-12 17:38:00,50.475078938135894
2025-06-12 16:16:00,32.4
2025-06-12 01:52:00,73.6
2025-06-12 06:02:00,20.2
2025-06-12 02:10:00,50.475078938135894
2025-06-12 12:52:00,67.8
2025-06-12 18:41:00,64.1
2025-06-12 05:46:00,50.475078938135894
2025-06-12 01:08:00,65.7
2025-06-12 04:32:00,94.7
2025-06-12 01:04:00,84.4
2025-06-12 00:30:00,96.6
2025-06-12 15:26:00,92.5
2025-06-12 18:27:00,50.475078938135894
2025-06-12 08:06:00,91.1
2025-06-12 13:13:00,1.1
2025-06-12 11:55:00,76.1
2025-06-12 20:01:00,50.475078938135894
2025-06-12 16:03:00,50.475078938135894
2025-06-12 18:51:00,0.7
2025-06-12 15:58:00,32.9
2025-06-12 21:56:00,55.9
2025-06-12 00:03:00,98.7
2025-06-12 06:06:00,98.0
2025-06-12 00:28:00,90.3
2025-06-12 19:31:00,50.2
2025-06-12 12:46:00,89.9
2025-06-12 19:04:00,50.475078938135894
2025-06-12 04:12:00,50.475078938135894
2025-06-12 06:42:00,61.2
2025-06-12 04:04:00,50.2
2025-06-12 16:52:00,16.3
2025-06-12 19:07:00,71.2
2025-06-12 07:44:00,18.1
2025-06-12 18:24:00,31.2
2025-06-12 09:22:00,87.5
2025-06-12 10:50:00,65.0
2025-06-12 22:41:00,39.3
2025-06-12 01:29:00,9.2
2025-06-12 22:09:00,50.475078938135894
2025-06-12 10:12:00,50.475078938135894
2025-06-12 13:04:00,89.0
2025-06-12 15:23:00,19.9
2025-06-12 22:33:00,98.7
2025-06-12 14:49:00,50.475078938135894
2025-06-12 07:19:00,45.7
2025-06-12 04:59:00,60.1
2025-06-12 13:06:00,69.1
2025-06-12 07:52:00,91.7
2025-06-12 22:16:00,22.0
2025-06-12 18:59:00,53.6
2025-06-12 18:55:00,23.7
2025-06-12 06:17:00,44.2
2025-06-12 05:39:00,12.7
2025-06-12 18:10:00,50.475078938135894
2025-06-12 19:28:00,99.5
2025-06-12 14:00:00,84.5
2025-06-12 00:43:00,67.4
2025-06-12 02:35:00,69.5
2025-06-12 20:18:00,19.9
2025-06-12 23:39:00,99.7
2025-06-12 05:38:00,43.4
2025-06-12 00:30:00,92.3
2025-06-12 17:06:00,81.7
2025-06-12 13:55:00,89.7
2025-06-12 12:32:00,48.1
2025-06-12 20:07:00,50.475078938135894
2025-06-12 06:56:00,7.9
2025-06-12 20:36:00,29.0
2025-06-12 02:44:00,63.2
2025-06-12 11:07:00,50.475078938135894
2025-06-12 12:51:00,53.0
2025-06-12 14:03:00,75.0
2025-06-12 22:38:00,54.2
2025-06-12 10:57:00,19.1
2025-06-12 12:36:00,61.6
2025-06-12 00:42:00,50.475078938135894
2025-06-12 20:51:00,58.1
2025-06-12 04:50:00,5.2
2025-06-12 14:16:00,50.475078938135894
2025-06-12 00:34:00,35.8
2025-06-12 02:42:00,27.4
2025-06-12 05:40:00,84.3
2025-06-12 07:30:00,54.6
2025-06-12 23:45:00,95.1
2025-06-12 04:23:00,45.2
2025-06-12 01:43:00,25.7
2025-06-12 01:15:00,50.475078938135894
2025-06-12 10:51:00,39.5
2025-06-12 15:57:00,74.8
2025-06-12 23:30:00,16.5
2025-06-12 14:18:00,30.5
2025-06-12 06:10:00,64.6
2025-06-12 17:10:00,6.2
2025-06-12 05:39:00,43.3
2025-06-12 16:10:00,37.6
2025-06-12 01:53:00,8.7
2025-06-12 23:43:00,50.475078938135894
2025-06-12 20:30:00,8.8
2025-06-12 06:31:00,38.0
2025-06-12 19:41:00,50.475078938135894
2025-06-12 16:46:00,65.6
2025-06-12 20:37:00,15.1
2025-06-12 14:39:00,38.0
2025-06-12 23:24:00,42.8
2025-06-12 07:34:00,20.3
2025-06-12 02:56:00,45.3
2025-06-12 15:19:00,83.6
2025-06-12 06:55:00,50.475078938135894
2025-06-12 21:12:00,74.9
2025-06-12 21:17:00,12.5
2025-06-12 09:14:00,91.1
2025-06-12 03:24:00,32.9
2025-06-12 05:06:00,53.8
2025-06-12 17:43:00,69.9
2025-06-12 05:47:00,10.6
2025-06-12 14:58:00,36.0
2025-06-12 12:59:00,18.9
2025-06-12 08:02:00,49.4
2025-06-12 13:15:00,50.475078938135894
2025-06-12 09:56:00,50.475078938135894
2025-06-12 22:41:00,29.2
2025-06-12 09:13:00,36.8
2025-06-12 09:13:00,15.6
2025-06-12 04:20:00,50.475078938135894
2025-06-12 09:36:00,3.1
2025-06-12 08:58:00,61.2
2025-06-12 13:56:00,48.1
2025-06-12 22:02:00,24.5
2025-06-12 20:00:00,97.3
2025-06-12 17:08:00,18.0
2025-06-12 02:40:00,72.1
2025-06-12 01:01:00,59.3
2025-06-12 13:47:00,58.5
2025-06-12 00:02:00,50.475078938135894
2025-06-12 01:07:00,75.3
2025-06-12 15:49:00,13.9
2025-06-12 21:37:00,33.0
2025-06-12 20:40:00,98.6
2025-06-12 13:23:00,34.2
2025-06-12 09:36:00,39.7
2025-06-12 09:48:00,12.3
2025-06-12 17:55:00,63.1
2025-06-12 10:55:00,26.4
2025-06-12 07:08:00,79.3
2025-06-12 03:27:00,72.0
2025-06-12 16:13:00,50.475078938135894
2025-06-12 12:50:00,20.8
2025-06-12 21:21:00,50.475078938135894
2025-06-12 09:27:00,42.3
2025-06-12 22:29:00,38.8
2025-06-12 01:00:00,93.1
2025-06-12 05:13:00,40.5
2025-06-12 19:02:00,60.8
2025-06-12 11:58:00,50.475078938135894
2025-06-12 05:32:00,75.4
2025-06-12 10:30:00,47.4
2025-06-12 08:54:00,20.1
2025-06-12 15:13:00,76.9
2025-06-12 23:05:00,10.7
2025-06-12 17:08:00,33.4
2025-06-12 06:45:00,17.1
2025-06-12 19:26:00,21.4
2025-06-12 09:06:00,50.475078938135894
2025-06-12 07:27:00,50.475078938135894
2025-06-12 01:36:00,50.475078938135894
2025-06-12 21:58:00,58.8
2025-06-12 03:20:00,93.5
2025-06-12 17:31:00,97.1
2025-06-12 03:29:00,68.7
2025-06-12 01:09:00,67.5
2025-06-12 09:34:00,93.2
2025-06-12 13:47:00,50.475078938135894
2025-06-12 11:34:00,80.3
2025-06-12 04:15:00,7.5
2025-06-12 19:00:00,79.8
2025-06-12 10:40:00,50.475078938135894
2025-06-12 16:19:00,0.5
2025-06-12 01:28:00,9.4
2025-06-12 06:41:00,21.6
2025-06-12 09:08:00,31.9
2025-06-12 17:01:00,0.9
2025-06-12 07:31:00,55.6
2025-06-12 21:01:00,15.5
2025-06-12 10:21:00,88.8
2025-06-12 05:59:00,29.6
2025-06-12 03:41:00,14.1
2025-06-12 18:52:00,76.1
2025-06-12 13:57:00,19.0
2025-06-12 15:22:00,95.8
2025-06-12 17:29:00,82.3
2025-06-12 09:30:00,35.0
2025-06-12 02:36:00,47.1
2025-06-12 18:59:00,68.9
2025-06-12 04:46:00,99.4
2025-06-12 02:48:00,10.0
2025-06-12 04:41:00,50.475078938135894
2025-06-12 22:08:00,61.3
2025-06-12 12:15:00,63.0
2025-06-12 20:52:00,70.7
2025-06-12 23:08:00,96.0
2025-06-12 12:28:00,50.475078938135894
2025-06-12 02:26:00,86.4
2025-06-12 23:51:00,57.7
2025-06-12 13:26:00,85.2
2025-06-12 17:49:00,59.8
2025-06-12 20:09:00,49.8
2025-06-12 20:09:00,73.2
2025-06-12 03:01:00,30.4
2025-06-12 04:55:00,50.475078938135894
2025-06-12 11:54:00,84.3
2025-06-12 09:47:00,7.4
2025-06-12 08:17:00,59.8
2025-06-12 17:03:00,38.1
2025-06-12 01:46:00,50.475078938135894
2025-06-12 16:46:00,54.9
2025-06-12 15:09:00,50.475078938135894
2025-06-12 05:25:00,11.8
2025-06-12 16:40:00,46.5
2025-06-12 00:47:00,13.6
2025-06-12 17:40:00,13.1
2025-06-12 07:12:00,79.0
2025-06-12 19:47:00,76.2
2025-06-12 09:31:00,11.4
2025-06-12 10:38:00,14.5
2025-06-12 15:12:00,99.2
2025-06-12 13:34:00,0.8
2025-06-12 16:44:00,11.9
2025-06-12 18:16:00,37.2
2025-06-12 19:15:00,33.0
2025-06-12 09:29:00,93.6
2025-06-12 02:14:00,30.8
2025-06-12 08:59:00,37.2
2025-06-12 19:51:00,48.0
2025-06-12 16:05:00,26.0
2025-06-12 00:44:00,4.3
2025-06-12 03:06:00,43.9
2025-06-12 10:56:00,47.8
2025-06-12 22:17:00,57.5
2025-06-12 03:32:00,59.2
2025-06-12 04:03:00,2.4
2025-06-12 01:17:00,58.1
2025-06-12 16:38:00,55.0
2025-06-12 11:38:00,12.0
2025-06-12 23:30:00,89.5
2025-06-12 15:53:00,50.475078938135894
2025-06-12 02:32:00,50.3
2025-06-12 03:29:00,43.1
2025-06-12 08:39:00,20.2
2025-06-12 17:00:00,50.475078938135894
2025-06-12 10:30:00,47.5
2025-06-12 00:05:00,17.6
2025-06-12 10:54:00,50.475078938135894
2025-06-12 04:55:00,31.3
2025-06-12 08:13:00,68.5
2025-06-12 22:32:00,28.4
2025-06-12 13:43:00,49.5
2025-06-12 18:52:00,81.3
2025-06-12 01:30:00,16.0
2025-06-12 12:33:00,64.8
2025-06-12 14:44:00,93.7
2025-06-12 21:48:00,26.9
2025-06-12 07:23:00,41.9
2025-06-12 18:22:00,59.9
2025-06-12 09:28:00,96.0
2025-06-12 14:17:00,76.1
2025-06-12 04:29:00,63.1
2025-06-12 12:14:00,46.4
2025-06-12 13:30:00,45.6
2025-06-12 03:38:00,1.0
2025-06-12 12:36:00,76.8
2025-06-12 06:48:00,88.7
2025-06-12 11:14:00,13.4
2025-06-12 19:17:00,89.5
2025-06-12 13:41:00,53.4
2025-06-12 05:25:00,50.475078938135894
2025-06-12 01:43:00,54.8
2025-06-12 16:29:00,65.2
2025-06-12 03:10:00,59.5
2025-06-12 22:56:00,17.0
2025-06-12 15:34:00,53.7
2025-06-12 22:09:00,63.2
2025-06-12 14:08:00,14.4
2025-06-12 10:36:00,50.475078938135894
2025-06-12 12:30:00,50.475078938135894
2025-06-12 02:11:00,50.475078938135894
2025-06-12 01:15:00,27.1
2025-06-12 01:58:00,77.6
2025-06-12 03:11:00,31.1
2025-06-12 17:08:00,53.3
2025-06-12 07:15:00,64.3
2025-06-12 09:11:00,85.3
2025-06-12 01:15:00,25.6
2025-06-12 21:51:00,82.5
2025-06-12 14:55:00,24.3
2025-06-12 01:09:00,16.8
2025-06-12 21:28:00,75.2
2025-06-12 19:37:00,93.2
2025-06-12 09:20:00,82.1
2025-06-12 00:14:00,50.475078938135894
2025-06-12 15:27:00,80.6
2025-06-12 14:45:00,38.7
2025-06-12 03:33:00,50.1
2025-06-12 13:19:00,65.8
2025-06-12 22:07:00,18.1
2025-06-12 00:00:00,38.5
2025-06-12 01:45:00,21.8
2025-06-12 02:50:00,4.3
2025-06-12 06:19:00,87.1
2025-06-12 02:50:00,12.1
2025-06-12 20:49:00,2.7
2025-06-12 15:47:00,53.8
2025-06-12 22:59:00,50.492298592215775
2025-06-12 04:42:00,65.4
2025-06-12 16:20:00,92.5
2025-06-12 13:49:00,50.492298592215775
2025-06-12 02:49:00,95.3
2025-06-12 16:55:00,15.6
2025-06-12 12:14:00,58.9
2025-06-12 12:46:00,50.492298592215775
2025-06-12 12:40:00,14.5
2025-06-12 15:28:00,46.3
2025-06-12 11:32:00,96.7
2025-06-12 18:19:00,50.492298592215775
2025-06-12 17:59:00,29.7
2025-06-12 22:48:00,73.7
2025-06-12 03:24:00,35.5
2025-06-12 18:53:00,62.6
2025-06-12 12:48:00,63.6
2025-06-12 02:19:00,2.8
2025-06-12 20:27:00,33.7
2025-06-12 04:37:00,59.9
2025-06-12 14:01:00,30.9
2025-06-12 18:53:00,36.5
2025-06-12 15:10:00,7.3
2025-06-12 19:17:00,54.2
2025-06-12 18:07:00,66.3
2025-06-12 07:26:00,78.3
2025-06-12 19:49:00,30.8
2025-06-12 14:14:00,88.2
2025-06-12 12:03:00,60.7
2025-06-12 06:38:00,98.1
2025-06-12 14:23:00,50.492298592215775
2025-06-12 00:28:00,87.6
2025-06-12 14:31:00,19.5
2025-06-12 23:41:00,84.1
2025-06-12 05:50:00,50.492298592215775
2025-06-12 11:16:00,88.3
2025-06-12 09:15:00,45.1
2025-06-12 05:45:00,20.6
2025-06-12 17:16:00,19.1
2025-06-12 01:48:00,69.4
2025-06-12 17:44:00,59.9
2025-06-12 11:21:00,95.3
2025-06-12 00:52:00,51.1
2025-06-12 15:25:00,81.4
2025-06-12 10:24:00,3.9
2025-06-12 22:14:00,37.8
2025-06-12 14:42:00,14.2
2025-06-12 23:49:00,62.9
2025-06-12 02:38:00,82.7
2025-06-12 14:28:00,26.0
2025-06-12 21:05:00,5.9
2025-06-12 03:08:00,50.492298592215775
2025-06-12 17:55:00,36.2
2025-06-12 21:06:00,46.1
2025-06-12 04:26:00,69.9
2025-06-12 08:24:00,50.492298592215775
2025-06-12 23:30:00,72.1
2025-06-12 15:24:00,89.5
2025-06-12 18:56:00,99.8
2025-06-12 16:16:00,95.4
2025-06-12 15:57:00,14.7
2025-06-12 01:31:00,75.4
2025-06-12 12:55:00,10.5
2025-06-12 17:22:00,89.6
2025-06-12 23:07:00,35.6
2025-06-12 15:00:00,17.9
2025-06-12 06:05:00,50.492298592215775
2025-06-12 21:16:00,14.6
2025-06-12 15:08:00,9.7
2025-06-12 09:18:00,25.1
2025-06-12 13:11:00,65.9
2025-06-12 20:39:00,49.6
2025-06-12 15:25:00,20.7
2025-06-12 14:31:00,54.5
2025-06-12 15:26:00,55.6
2025-06-12 02:24:00,70.3
2025-06-12 20:15:00,52.2
2025-06-12 16:13:00,54.1
2025-06-12 08:56:00,39.8
2025-06-12 07:29:00,49.2
2025-06-12 08:50:00,5.1
2025-06-12 13:41:00,36.6
2025-06-12 17:30:00,64.3
2025-06-12 20:15:00,73.9
2025-06-12 10:29:00,57.0
2025-06-12 18:22:00,80.6
2025-06-12 10:18:00,50.492298592215775
2025-06-12 17:06:00,13.5
2025-06-12 14:31:00,27.4
2025-06-12 10:31:00,59.0
2025-06-12 04:12:00,50.492298592215775
2025-06-12 15:46:00,62.7
2025-06-12 20:19:00,24.3
2025-06-12 20:09:00,50.492298592215775
2025-06-12 11:15:00,6.3
2025-06-12 02:00:00,50.492298592215775
2025-06-12 05:51:00,93.7
2025-06-12 10:30:00,38.1
2025-06-12 09:51:00,86.5
2025-06-12 22:25:00,70.1
2025-06-12 15:16:00,32.3
2025-06-12 20:38:00,4.5
2025-06-12 19:31:00,13.8
2025-06-12 20:13:00,50.492298592215775
2025-06-12 06:04:00,73.4
2025-06-12 23:06:00,69.4
2025-06-12 21:51:00,17.2
2025-06-12 22:36:00,79.4
2025-06-12 00:16:00,62.3
2025-06-12 18:15:00,93.8
2025-06-12 01:38:00,99.0
2025-06-12 08:36:00,4.0
2025-06-12 01:46:00,50.492298592215775
2025-06-12 10:20:00,98.5
2025-06-12 19:09:00,76.2
2025-06-12 05:53:00,13.9
2025-06-12 16:42:00,88.3
2025-06-12 03:39:00,83.3
2025-06-12 04:04:00,52.9
2025-06-12 20:59:00,35.9
2025-06-12 15:53:00,31.4
2025-06-12 15:34:00,81.0
2025-06-12 22:57:00,30.2
2025-06-12 09:42:00,6.7
2025-06-12 13:44:00,36.7
2025-06-12 11:44:00,29.9
2025-06-12 07:32:00,71.8
2025-06-12 01:27:00,27.3
2025-06-12 18:45:00,17.9
2025-06-12 16:53:00,87.3
2025-06-12 08:31:00,49.3
2025-06-12 14:51:00,72.1
2025-06-12 15:31:00,37.2
2025-06-12 23:07:00,98.8
2025-06-12 22:30:00,98.5
2025-06-12 14:36:00,82.3
2025-06-12 23:37:00,65.7
2025-06-12 20:45:00,50.492298592215775
2025-06-12 10:58:00,96.0
2025-06-12 15:10:00,84.9
2025-06-12 23:56:00,34.2
2025-06-12 15:18:00,82.6
2025-06-12 10:16:00,79.5
2025-06-12 08:37:00,8.8
2025-06-12 06:52:00,54.5
2025-06-12 08:02:00,79.7
2025-06-12 14:09:00,55.8
2025-06-12 06:59:00,95.8
2025-06-12 01:05:00,87.8
2025-06-12 17:19:00,33.7
2025-06-12 06:41:00,58.4
2025-06-12 06:59:00,38.5
2025-06-12 23:02:00,40.2
2025-06-12 06:12:00,95.4
2025-06-12 22:00:00,62.8
2025-06-12 17:34:00,50.492298592215775
2025-06-12 10:23:00,92.6
2025-06-12 00:36:00,15.5
2025-06-12 16:37:00,50.492298592215775
2025-06-12 06:08:00,50.492298592215775
2025-06-12 03:45:00,22.5
2025-06-12 21:49:00,95.1
2025-06-12 22:20:00,50.492298592215775
2025-06-12 11:34:00,97.4
2025-06-12 16:37:00,50.492298592215775
2025-06-12 14:08:00,50.492298592215775
2025-06-12 09:23:00,47.6
2025-06-12 13:36:00,9.6
2025-06-12 12:44:00,83.8
2025-06-12 08:21:00,80.2
2025-06-12 19:07:00,47.5
2025-06-12 03:21:00,50.492298592215775
2025-06-12 02:51:00,11.7
2025-06-12 08:58:00,50.492298592215775
2025-06-12 07:49:00,50.492298592215775
2025-06-12 18:40:00,61.0
2025-06-12 12:17:00,43.8
2025-06-12 20:47:00,91.9
2025-06-12 15:59:00,59.7
2025-06-12 13:52:00,67.1
2025-06-12 17:13:00,26.7
2025-06-12 07:46:00,73.6
2025-06-12 06:05:00,81.9
2025-06-12 18:22:00,91.1
2025-06-12 04:15:00,50.492298592215775
2025-06-12 09:54:00,79.3
2025-06-12 03:45:00,42.1
2025-06-12 17:33:00,77.7
2025-06-12 11:05:00,97.0
2025-06-12 15:47:00,34.3
2025-06-12 07:50:00,50.492298592215775
2025-06-12 04:34:00,47.8
2025-06-12 08:03:00,48.3
2025-06-12 08:22:00,27.4
2025-06-12 02:30:00,12.2
2025-06-12 05:26:00,59.3
2025-06-12 12:13:00,92.1
2025-06-12 09:25:00,68.2
2025-06-12 08:34:00,41.4
2025-06-12 23:17:00,50.492298592215775
2025-06-12 21:20:00,46.0
2025-06-12 19:14:00,50.492298592215775
2025-06-12 01:32:00,74.0
2025-06-12 01:11:00,34.5
2025-06-12 21:14:00,20.5
2025-06-12 07:41:00,64.8
2025-06-12 20:20:00,42.4
2025-06-12 11:57:00,99.8
2025-06-12 07:16:00,27.6
2025-06-12 12:30:00,4.5
2025-06-12 22:13:00,76.5
2025-06-12 08:52:00,61.6
2025-06-12 04:45:00,72.9
2025-06-12 23:14:00,87.0
2025-06-12 18:02:00,31.2
2025-06-12 10:05:00,91.8
2025-06-12 10:04:00,50.492298592215775
2025-06-12 05:19:00,56.2
2025-06-12 04:36:00,81.1
2025-06-12 19:07:00,42.2
2025-06-12 13:32:00,57.5
2025-06-12 12:21:00,95.8
2025-06-12 10:03:00,39.8
2025-06-12 15:05:00,21.7
2025-06-12 02:44:00,50.492298592215775
2025-06-12 05:45:00,50.492298592215775
2025-06-12 05:12:00,8.0
2025-06-12 19:40:00,84.9
2025-06-12 03:47:00,2.1
2025-06-12 02:12:00,14.7
2025-06-12 01:37:00,82.2
2025-06-12 19:04:00,50.492298592215775
2025-06-12 20:36:00,48.7
2025-06-12 22:39:00,13.9
2025-06-12 07:26:00,16.8
2025-06-12 23:49:00,8.8
2025-06-12 11:48:00,37.7
2025-06-12 21:10:00,29.9
2025-06-12 15:20:00,50.492298592215775
2025-06-12 15:56:00,51.5
2025-06-12 06:58:00,7.8
2025-06-12 16:53:00,9.1
2025-06-12 08:27:00,82.5
2025-06-12 21:19:00,10.4
2025-06-12 07:28:00,11.1
2025-06-12 19:57:00,27.3
2025-06-12 00:35:00,11.6
2025-06-12 20:30:00,50.492298592215775
2025-06-12 02:32:00,78.6
2025-06-12 06:39:00,86.5
2025-06-12 11:24:00,95.4
2025-06-12 13:28:00,0.2
2025-06-12 00:57:00,73.8
2025-06-12 19:34:00,50.492298592215775
2025-06-12 15:04:00,50.492298592215775
2025-06-12 12:45:00,13.3
2025-06-12 16:01:00,50.492298592215775
2025-06-12 11:01:00,47.7
2025-06-12 11:47:00,79.8
2025-06-12 07:49:00,18.9
2025-06-12 01:39:00,45.2
2025-06-12 00:14:00,76.6
2025-06-12 12:16:00,46.5
2025-06-12 00:13:00,50.492298592215775
2025-06-12 21:45:00,34.7
2025-06-12 16:02:00,51.6
2025-06-12 22:06:00,64.1
2025-06-12 12:35:00,7.5
2025-06-12 11:19:00,30.9
2025-06-12 02:41:00,57.6
2025-06-12 07:08:00,36.4
2025-06-12 14:39:00,74.1
2025-06-12 03:12:00,88.5
2025-06-12 06:44:00,95.2
2025-06-12 07:16:00,52.9
2025-06-12 11:18:00,50.492298592215775
2025-06-12 14:14:00,8.0
2025-06-12 10:08:00,18.0
2025-06-12 19:11:00,69.1
2025-06-12 19:06:00,42.6
2025-06-12 20:28:00,4.8
2025-06-12 22:37:00,50.492298592215775
2025-06-12 01:01:00,27.9
2025-06-12 03:21:00,4.4
2025-06-12 12:07:00,5.1
2025-06-12 18:19:00,19.1
2025-06-12 23:41:00,95.6
2025-06-12 19:09:00,91.2
2025-06-12 02:31:00,53.7
2025-06-12 14:00:00,86.2
2025-06-12 12:33:00,69.2
2025-06-12 12:03:00,50.492298592215775
2025-06-12 03:17:00,50.492298592215775
2025-06-12 00:58:00,69.7
2025-06-12 16:19:00,50.492298592215775
2025-06-12 07:19:00,44.2
2025-06-12 02:05:00,67.3
2025-06-12 09:39:00,68.9
2025-06-12 22:38:00,64.3
2025-06-12 16:08:00,71.8
2025-06-12 05:53:00,2.5
2025-06-12 16:27:00,12.7
2025-06-12 03:38:00,88.8
2025-06-12 04:04:00,68.8
2025-06-12 15:16:00,48.7
2025-06-12 21:56:00,50.492298592215775
2025-06-12 20:26:00,0.9
2025-06-12 08:35:00,58.4
2025-06-12 11:01:00,32.4
2025-06-12 03:52:00,26.8
2025-06-12 17:38:00,50.492298592215775
2025-06-12 19:19:00,27.3
2025-06-12 07:28:00,50.492298592215775
2025-06-12 16:08:00,25.9
2025-06-12 06:32:00,50.492298592215775
2025-06-12 20:09:00,86.1
2025-06-12 06:12:00,84.8
2025-06-12 21:55:00,50.492298592215775
2025-06-12 03:04:00,76.7
2025-06-12 09:52:00,4.7
2025-06-12 14:09:00,60.1
2025-06-12 01:06:00,46.0
2025-06-12 18:56:00,53.5
2025-06-12 21:41:00,83.4
2025-06-12 10:25:00,42.3
2025-06-12 07:31:00,88.5
2025-06-12 21:37:00,20.5
2025-06-12 02:00:00,74.1
2025-06-12 01:02:00,77.4
2025-06-12 03:37:00,8.6
2025-06-12 01:38:00,86.1
2025-06-12 17:15:00,95.0
2025-06-12 23:26:00,50.492298592215775
2025-06-12 14:12:00,50.492298592215775
2025-06-12 16:56:00,88.5
2025-06-12 18:07:00,15.4
2025-06-12 12:39:00,61.5
2025-06-12 14:11:00,69.6
2025-06-12 11:17:00,91.1
2025-06-12 01:31:00,83.4
2025-06-12 06:51:00,91.8
2025-06-12 17:37:00,99.8
2025-06-12 10:18:00,97.9
2025-06-12 14:19:00,17.0
2025-06-12 01:16:00,52.2
2025-06-12 19:59:00,22.9
2025-06-12 13:40:00,89.4
2025-06-12 04:56:00,50.492298592215775
2025-06-12 03:40:00,87.5
2025-06-12 08:03:00,28.4
2025-06-12 05:47:00,65.8
2025-06-12 15:37:00,50.492298592215775
2025-06-12 02:47:00,27.9
2025-06-12 10:32:00,50.8
2025-06-12 11:29:00,27.6
2025-06-12 02:06:00,3.7
2025-06-12 17:04:00,80.8
2025-06-12 01:35:00,50.492298592215775
2025-06-12 14:29:00,64.2
2025-06-12 14:58:00,74.3
2025-06-12 19:55:00,50.190676567656766
2025-06-12 09:24:00,73.7
2025-06-12 20:19:00,50.190676567656766
2025-06-12 02:35:00,50.190676567656766
2025-06-12 06:38:00,11.2
2025-06-12 13:05:00,18.5
2025-06-12 06:41:00,95.7
2025-06-12 05:04:00,98.7
2025-06-12 17:06:00,9.3
2025-06-12 13:44:00,14.4
2025-06-12 00:02:00,81.0
2025-06-12 18:42:00,39.7
2025-06-12 02:55:00,20.2
2025-06-12 17:18:00,19.1
2025-06-12 13:42:00,68.4
2025-06-12 12:05:00,2.0
2025-06-12 23:55:00,50.190676567656766
2025-06-12 15:15:00,32.2
2025-06-12 18:02:00,49.3
2025-06-12 03:51:00,50.190676567656766
2025-06-12 09:17:00,50.190676567656766
2025-06-12 22:24:00,15.5
2025-06-12 04:38:00,51.7
2025-06-12 09:31:00,22.5
2025-06-12 16:17:00,17.3
2025-06-12 13:01:00,68.5
2025-06-12 07:21:00,60.8
2025-06-12 19:41:00,27.9
2025-06-12 02:42:00,20.4
2025-06-12 00:37:00,36.2
2025-06-12 23:09:00,61.4
2025-06-12 09:00:00,92.0
2025-06-12 00:11:00,16.9
2025-06-12 11:11:00,25.7
2025-06-12 22:27:00,5.3
2025-06-12 15:31:00,41.6
2025-06-12 16:53:00,74.8
2025-06-12 14:52:00,2.1
2025-06-12 09:04:00,50.190676567656766
2025-06-12 14:04:00,88.5
2025-06-12 11:24:00,36.7
2025-06-12 21:50:00,39.7
2025-06-12 04:57:00,50.190676567656766
2025-06-12 18:10:00,58.1
2025-06-12 07:24:00,99.2
2025-06-12 04:35:00,21.8
2025-06-12 04:04:00,15.0
2025-06-12 03:18:00,56.9
2025-06-12 19:58:00,19.2
2025-06-12 10:54:00,50.190676567656766
2025-06-12 04:36:00,50.190676567656766
2025-06-12 14:08:00,50.190676567656766
2025-06-12 18:03:00,88.7
2025-06-12 01:49:00,14.7
2025-06-12 03:52:00,22.3
2025-06-12 00:40:00,17.2
2025-06-12 13:40:00,50.190676567656766
2025-06-12 18:18:00,73.6
2025-06-12 15:53:00,47.6
2025-06-12 15:11:00,66.8
2025-06-12 17:19:00,72.0
2025-06-12 05:07:00,9.4
2025-06-12 18:21:00,89.6
2025-06-12 15:54:00,30.5
2025-06-12 01:26:00,50.190676567656766
2025-06-12 01:51:00,43.0
2025-06-12 20:30:00,51.3
2025-06-12 07:49:00,74.2
2025-06-12 05:45:00,9.7
2025-06-12 21:35:00,50.190676567656766
2025-06-12 10:34:00,50.190676567656766
2025-06-12 19:08:00,54.4
2025-06-12 01:08:00,75.3
2025-06-12 00:02:00,18.6
2025-06-12 11:55:00,50.190676567656766
2025-06-12 08:32:00,0.1
2025-06-12 08:24:00,25.9
2025-06-12 00:43:00,1.5
2025-06-12 23:55:00,87.0
2025-06-12 21:07:00,22.1
2025-06-12 13:18:00,1.6
2025-06-12 05:19:00,50.190676567656766
2025-06-12 03:04:00,83.6
2025-06-12 23:03:00,50.190676567656766
2025-06-12 14:48:00,50.190676567656766
2025-06-12 00:32:00,29.0
2025-06-12 22:57:00,82.9
2025-06-12 16:59:00,44.6
2025-06-12 07:12:00,52.9
2025-06-12 12:57:00,50.8
2025-06-12 04:17:00,46.1
2025-06-12 09:10:00,13.0
2025-06-12 14:45:00,62.8
2025-06-12 18:40:00,82.6
2025-06-12 15:36:00,98.7
2025-06-12 15:41:00,19.2
2025-06-12 03:50:00,24.1
2025-06-12 18:09:00,50.190676567656766
2025-06-12 22:30:00,50.190676567656766
2025-06-12 04:34:00,50.190676567656766
2025-06-12 21:29:00,44.9
2025-06-12 14:39:00,75.1
2025-06-12 11:22:00,5.8
2025-06-12 00:50:00,95.3
2025-06-12 06:50:00,52.7
2025-06-12 15:33:00,50.190676567656766
2025-06-12 03:34:00,50.190676567656766
2025-06-12 20:50:00,83.0
2025-06-12 09:50:00,97.2
2025-06-12 14:22:00,95.0
2025-06-12 12:53:00,50.190676567656766
2025-06-12 12:25:00,13.3
2025-06-12 20:39:00,18.1
2025-06-12 22:36:00,25.5
2025-06-12 22:52:00,35.9
2025-06-12 05:38:00,88.0
2025-06-12 01:52:00,83.9
2025-06-12 07:18:00,40.0
2025-06-12 10:03:00,56.6
2025-06-12 06:57:00,50.190676567656766
2025-06-12 08:57:00,24.8
2025-06-12 09:44:00,89.7
2025-06-12 00:01:00,50.190676567656766
2025-06-12 05:58:00,32.4
2025-06-12 08:59:00,35.9
2025-06-12 00:35:00,76.4
2025-06-12 06:37:00,50.190676567656766
2025-06-12 17:27:00,50.190676567656766
2025-06-12 20:58:00,50.190676567656766
2025-06-12 02:44:00,34.9
2025-06-12 14:55:00,92.7
2025-06-12 07:24:00,54.4
2025-06-12 20:35:00,50.190676567656766
2025-06-12 09:26:00,94.3
2025-06-12 23:36:00,22.4
2025-06-12 15:12:00,66.7
2025-06-12 19:54:00,68.7
2025-06-12 12:10:00,20.1
2025-06-12 23:44:00,59.0
2025-06-12 13:34:00,29.7
2025-06-12 19:18:00,35.5
2025-06-12 19:43:00,42.2
2025-06-12 06:49:00,50.190676567656766
2025-06-12 07:47:00,61.6
2025-06-12 07:02:00,21.0
2025-06-12 23:03:00,5.2
2025-06-12 03:50:00,37.6
2025-06-12 01:34:00,42.4
2025-06-12 21:24:00,89.2
2025-06-12 09:29:00,21.6
2025-06-12 18:25:00,62.9
2025-06-12 10:19:00,32.4
2025-06-12 17:58:00,31.3
2025-06-12 13:15:00,50.190676567656766
2025-06-12 22:16:00,50.190676567656766
2025-06-12 10:39:00,50.190676567656766
2025-06-12 20:35:00,26.6
2025-06-12 13:19:00,94.2
2025-06-12 20:10:00,51.8
2025-06-12 05:28:00,14.2
2025-06-12 20:04:00,90.7
2025-06-12 03:54:00,95.1
2025-06-12 04:04:00,71.0
2025-06-12 17:03:00,63.6
2025-06-12 04:23:00,9.9
2025-06-12 19:17:00,19.8
2025-06-12 11:15:00,60.6
2025-06-12 05:55:00,36.6
2025-06-12 03:19:00,66.6
2025-06-12 17:42:00,94.2
2025-06-12 10:21:00,50.190676567656766
2025-06-12 07:16:00,9.7
2025-06-12 14:23:00,51.6
2025-06-12 07:38:00,50.190676567656766
2025-06-12 03:27:00,43.1
2025-06-12 08:31:00,61.8
2025-06-12 01:35:00,54.3
2025-06-12 03:48:00,50.190676567656766
2025-06-12 02:56:00,95.7
2025-06-12 08:45:00,50.190676567656766
2025-06-12 02:29:00,8.5
2025-06-12 19:19:00,19.9
2025-06-12 05:03:00,13.8
2025-06-12 19:05:00,50.190676567656766
2025-06-12 23:46:00,50.190676567656766
2025-06-12 21:57:00,45.6
2025-06-12 04:16:00,17.8
2025-06-12 03:21:00,48.8
2025-06-12 17:23:00,48.8
2025-06-12 06:29:00,5.0
2025-06-12 05:51:00,50.190676567656766
2025-06-12 03:05:00,92.8
2025-06-12 03:11:00,45.8
2025-06-12 16:00:00,50.190676567656766
2025-06-12 16:03:00,25.6
2025-06-12 01:19:00,83.1
2025-06-12 15:10:00,39.9
2025-06-12 22:24:00,49.9
2025-06-12 11:54:00,87.0
2025-06-12 17:57:00,8.1
2025-06-12 07:34:00,13.0
2025-06-12 07:37:00,2.1
2025-06-12 03:07:00,50.190676567656766
2025-06-12 00:37:00,86.0
2025-06-12 10:32:00,57.0
2025-06-12 06:54:00,80.7
2025-06-12 02:59:00,15.1
2025-06-12 21:36:00,11.4
2025-06-12 08:23:00,18.8
2025-06-12 18:10:00,50.190676567656766
2025-06-12 17:39:00,50.7
2025-06-12 11:20:00,50.190676567656766
2025-06-12 20:13:00,88.1
2025-06-12 10:24:00,9.8
2025-06-12 17:24:00,88.3
2025-06-12 02:39:00,69.7
2025-06-12 09:33:00,29.2
2025-06-12 04:16:00,96.9
2025-06-12 10:51:00,82.3
2025-06-12 16:55:00,80.7
2025-06-12 22:27:00,78.1
2025-06-12 07:06:00,74.0
2025-06-12 17:30:00,100.0
2025-06-12 12:49:00,46.8
2025-06-12 17:23:00,12.3
2025-06-12 13:03:00,67.6
2025-06-12 08:34:00,50.190676567656766
2025-06-12 00:07:00,89.2
2025-06-12 11:47:00,10.3
2025-06-12 13:41:00,40.3
2025-06-12 13:04:00,43.5
2025-06-12 08:19:00,19.5
2025-06-12 23:48:00,50.190676567656766
2025-06-12 07:49:00,50.190676567656766
2025-06-12 12:29:00,98.2
2025-06-12 11:33:00,64.5
2025-06-12 14:45:00,58.9
2025-06-12 13:17:00,20.8
2025-06-12 11:25:00,50.190676567656766
2025-06-12 21:20:00,24.0
2025-06-12 12:59:00,50.190676567656766
2025-06-12 14:39:00,97.4
2025-06-12 20:53:00,43.0
2025-06-12 21:49:00,45.9
2025-06-12 23:09:00,4.3
2025-06-12 15:50:00,50.190676567656766
2025-06-12 10:18:00,80.6
2025-06-12 09:06:00,95.1
2025-06-12 00:42:00,24.1
2025-06-12 19:08:00,50.190676567656766
2025-06-12 04:08:00,30.7
2025-06-12 05:02:00,33.9
2025-06-12 03:18:00,57.2
2025-06-12 06:39:00,4.9
2025-06-12 07:16:00,86.7
2025-06-12 07:15:00,46.7
2025-06-12 18:55:00,19.7
2025-06-12 21:30:00,69.0
2025-06-12 10:45:00,31.2
2025-06-12 13:40:00,91.6
2025-06-12 09:27:00,50.190676567656766
2025-06-12 06:55:00,57.3
2025-06-12 05:02:00,14.2
2025-06-12 09:51:00,62.2
2025-06-12 00:53:00,13.0
2025-06-12 20:27:00,98.3
2025-06-12 17:05:00,5.0
2025-06-12 12:33:00,58.0
2025-06-12 13:51:00,80.2
2025-06-12 14:24:00,2.8
2025-06-12 01:48:00,14.2
2025-06-12 19:39:00,32.4
2025-06-12 03:35:00,97.0
2025-06-12 08:22:00,50.190676567656766
2025-06-12 06:35:00,51.0
2025-06-12 15:12:00,20.0
2025-06-12 11:51:00,57.4
2025-06-12 19:21:00,29.4
2025-06-12 14:40:00,3.8
2025-06-12 17:53:00,18.1
2025-06-12 17:29:00,50.190676567656766
2025-06-12 22:27:00,48.7
2025-06-12 04:11:00,4.6
2025-06-12 19:41:00,88.7
2025-06-12 00:06:00,25.8
2025-06-12 05:13:00,14.6
2025-06-12 03:12:00,96.5
2025-06-12 03:48:00,45.3
2025-06-12 13:49:00,34.4
2025-06-12 06:25:00,59.3
2025-06-12 12:53:00,47.1
2025-06-12 23:42:00,42.5
2025-06-12 12:56:00,25.1
2025-06-12 21:28:00,50.8
2025-06-12 22:00:00,50.7
2025-06-12 08:57:00,15.3
2025-06-12 22:00:00,97.5
2025-06-12 10:18:00,50.190676567656766
2025-06-12 02:11:00,7.3
2025-06-12 19:28:00,50.190676567656766
2025-06-12 02:59:00,61.0
2025-06-12 11:43:00,54.3
2025-06-12 21:23:00,81.2
2025-06-12 23:04:00,29.8
2025-06-12 03:47:00,13.3
2025-06-12 00:10:00,10.7
2025-06-12 09:41:00,15.8
2025-06-12 16:59:00,5.8
2025-06-12 17:37:00,60.5
2025-06-12 11:46:00,95.9
2025-06-12 10:46:00,28.4
2025-06-12 00:56:00,50.190676567656766
2025-06-12 08:28:00,60.6
2025-06-12 09:35:00,33.6
2025-06-12 21:07:00,16.5
2025-06-12 14:50:00,86.8
2025-06-12 19:17:00,75.9
2025-06-12 05:53:00,12.4
2025-06-12 02:34:00,96.2
2025-06-12 12:45:00,4.4
2025-06-12 17:21:00,53.2
2025-06-12 02:31:00,60.6
2025-06-12 17:09:00,34.0
2025-06-12 07:11:00,7.4
2025-06-12 03:16:00,54.0
2025-06-12 07:11:00,50.190676567656766
2025-06-12 15:29:00,50.190676567656766
2025-06-12 18:29:00,40.9
2025-06-12 16:33:00,52.3
2025-06-12 05:06:00,22.1
2025-06-12 01:58:00,97.9
2025-06-12 15:33:00,65.3
2025-06-12 17:35:00,78.8
2025-06-12 11:31:00,6.6
2025-06-12 22:54:00,27.2
2025-06-12 06:14:00,66.0
2025-06-12 03:22:00,36.0
2025-06-12 15:15:00,74.5
2025-06-12 04:41:00,91.0
2025-06-12 07:33:00,49.0
2025-06-12 21:18:00,65.7
2025-06-12 10:34:00,18.3
2025-06-12 16:50:00,50.190676567656766
2025-06-12 20:54:00,99.9
2025-06-12 21:36:00,15.7
2025-06-12 02:42:00,23.7
2025-06-12 13:17:00,19.0
2025-06-12 18:07:00,49.69925181201777
2025-06-12 01:02:00,13.4
2025-06-12 01:29:00,58.5
2025-06-12 11:59:00,99.1
2025-06-12 17:44:00,17.3
2025-06-12 20:25:00,49.69925181201777
2025-06-12 09:33:00,42.7
2025-06-12 22:28:00,28.6
2025-06-12 19:53:00,49.69925181201777
2025-06-12 17:03:00,0.2
2025-06-12 08:49:00,1.9
2025-06-12 19:25:00,63.5
2025-06-12 10:56:00,96.5
2025-06-12 16:19:00,49.69925181201777
2025-06-12 20:04:00,76.2
2025-06-12 22:53:00,49.69925181201777
2025-06-12 20:31:00,69.7
2025-06-12 01:09:00,6.0
2025-06-12 15:12:00,47.5
2025-06-12 05:00:00,49.69925181201777
2025-06-12 07:26:00,29.5
2025-06-12 02:13:00,0.8
2025-06-12 16:35:00,44.7
2025-06-12 23:17:00,31.7
2025-06-12 02:51:00,61.3
2025-06-12 20:27:00,21.9
2025-06-12 12:18:00,49.3
2025-06-12 14:27:00,48.8
2025-06-12 09:54:00,66.3
2025-06-12 11:03:00,50.4
2025-06-12 09:06:00,94.6
2025-06-12 02:36:00,20.1
2025-06-12 20:22:00,36.8
2025-06-12 17:28:00,49.69925181201777
2025-06-12 21:37:00,23.2
2025-06-12 20:00:00,76.5
2025-06-12 23:53:00,18.1
2025-06-12 08:53:00,100.0
2025-06-12 16:47:00,71.1
2025-06-12 14:50:00,87.0
2025-06-12 15:28:00,69.4
2025-06-12 19:32:00,36.3
2025-06-12 13:07:00,86.8
2025-06-12 15:16:00,20.1
2025-06-12 07:27:00,35.3
2025-06-12 06:10:00,49.69925181201777
2025-06-12 21:18:00,18.6
2025-06-12 23:50:00,65.9
2025-06-12 08:44:00,84.8
2025-06-12 16:05:00,89.6
2025-06-12 15:58:00,25.0
2025-06-12 01:17:00,17.8
2025-06-12 22:43:00,51.2
2025-06-12 07:17:00,49.69925181201777
2025-06-12 20:08:00,41.0
2025-06-12 11:50:00,49.9
2025-06-12 21:38:00,4.7
2025-06-12 04:18:00,79.4
2025-06-12 13:33:00,92.6
2025-06-12 08:22:00,29.4
2025-06-12 14:40:00,8.6
2025-06-12 04:04:00,70.5
2025-06-12 01:41:00,85.2
2025-06-12 19:04:00,4.1
2025-06-12 23:03:00,49.69925181201777
2025-06-12 14:25:00,23.8
2025-06-12 01:12:00,15.0
2025-06-12 05:56:00,45.3
2025-06-12 20:42:00,48.9
2025-06-12 22:18:00,30.2
2025-06-12 14:26:00,34.1
2025-06-12 22:22:00,29.0
2025-06-12 17:46:00,78.2
2025-06-12 12:56:00,80.6
2025-06-12 01:00:00,8.8
2025-06-12 23:41:00,98.9
2025-06-12 06:12:00,49.69925181201777
2025-06-12 02:53:00,41.6
2025-06-12 13:53:00,53.2
2025-06-12 11:49:00,10.0
2025-06-12 22:22:00,21.2
2025-06-12 02:46:00,24.3
2025-06-12 21:44:00,28.1
2025-06-12 19:05:00,40.0
2025-06-12 06:30:00,60.6
2025-06-12 03:08:00,26.1
2025-06-12 17:13:00,1.1
2025-06-12 16:58:00,43.4
2025-06-12 03:12:00,29.6
2025-06-12 03:56:00,81.8
2025-06-12 20:08:00,49.69925181201777
2025-06-12 21:25:00,90.2
2025-06-12 06:29:00,49.69925181201777
2025-06-12 10:35:00,63.0
2025-06-12 10:25:00,30.2
2025-06-12 04:53:00,60.0
2025-06-12 22:43:00,90.8
2025-06-12 18:13:00,86.4
2025-06-12 13:37:00,79.2
2025-06-12 03:36:00,49.69925181201777
2025-06-12 09:09:00,26.1
2025-06-12 03:07:00,64.0
2025-06-12 10:33:00,47.0
2025-06-12 19:58:00,39.7
2025-06-12 12:44:00,49.69925181201777
2025-06-12 16:26:00,68.5
2025-06-12 01:39:00,81.5
2025-06-12 22:32:00,42.8
2025-06-12 15:22:00,26.9
2025-06-12 02:15:00,49.69925181201777
2025-06-12 23:34:00,29.5
2025-06-12 04:14:00,26.5
2025-06-12 07:39:00,58.1
2025-06-12 05:22:00,49.69925181201777
2025-06-12 22:30:00,60.1
2025-06-12 17:28:00,63.9
2025-06-12 20:08:00,98.6
2025-06-12 20:35:00,86.2
2025-06-12 01:04:00,69.4
2025-06-12 04:48:00,59.6
2025-06-12 20:55:00,98.2
2025-06-12 11:41:00,49.69925181201777
2025-06-12 04:34:00,17.0
2025-06-12 18:58:00,25.6
2025-06-12 17:58:00,91.0
2025-06-12 03:04:00,79.8
2025-06-12 22:49:00,10.9
2025-06-12 08:26:00,45.2
2025-06-12 02:47:00,64.4
2025-06-12 10:25:00,49.69925181201777
2025-06-12 04:01:00,61.5
2025-06-12 04:36:00,43.4
2025-06-12 14:18:00,49.69925181201777
2025-06-12 07:41:00,13.1
2025-06-12 01:23:00,98.6
2025-06-12 14:47:00,68.5
2025-06-12 13:03:00,25.2
2025-06-12 16:43:00,12.2
2025-06-12 06:12:00,72.2
2025-06-12 18:48:00,71.6
2025-06-12 06:54:00,60.6
2025-06-12 22:30:00,67.5
2025-06-12 16:58:00,73.8
2025-06-12 19:15:00,13.9
2025-06-12 19:33:00,49.69925181201777
2025-06-12 19:36:00,0.7
2025-06-12 01:02:00,23.0
2025-06-12 11:07:00,85.0
2025-06-12 19:23:00,49.69925181201777
2025-06-12 11:11:00,68.8
2025-06-12 17:48:00,95.6
2025-06-12 04:22:00,61.0
2025-06-12 09:12:00,24.1
2025-06-12 11:34:00,79.7
2025-06-12 15:46:00,27.7
2025-06-12 08:15:00,49.69925181201777
2025-06-12 17:40:00,41.7
2025-06-12 22:20:00,37.6
2025-06-12 11:54:00,94.2
2025-06-12 17:18:00,24.7
2025-06-12 16:22:00,49.69925181201777
2025-06-12 22:50:00,65.3
2025-06-12 01:40:00,95.9
2025-06-12 04:46:00,49.69925181201777
2025-06-12 14:04:00,49.69925181201777
2025-06-12 20:45:00,45.0
2025-06-12 10:38:00,22.2
2025-06-12 04:16:00,49.69925181201777
2025-06-12 06:07:00,10.9
2025-06-12 07:20:00,71.9
2025-06-12 23:49:00,87.7
2025-06-12 15:58:00,74.1
2025-06-12 13:12:00,99.1
2025-06-12 15:20:00,45.9
2025-06-12 01:30:00,54.2
2025-06-12 01:01:00,50.6
2025-06-12 05:41:00,50.8
2025-06-12 22:20:00,49.69925181201777
2025-06-12 04:58:00,51.8
2025-06-12 22:08:00,53.8
2025-06-12 05:49:00,53.6
2025-06-12 01:51:00,49.69925181201777
2025-06-12 12:33:00,11.9
2025-06-12 22:26:00,36.4
2025-06-12 22:43:00,8.2
2025-06-12 11:27:00,83.9
2025-06-12 12:02:00,19.2
2025-06-12 07:21:00,70.3
2025-06-12 21:05:00,94.9
2025-06-12 19:02:00,95.7
2025-06-12 11:36:00,49.69925181201777
2025-06-12 11:46:00,26.9
2025-06-12 02:30:00,90.0
2025-06-12 11:30:00,61.2
2025-06-12 04:09:00,9.6
2025-06-12 16:20:00,38.5
2025-06-12 00:03:00,61.7
2025-06-12 10:02:00,93.1
2025-06-12 21:17:00,94.9
2025-06-12 18:35:00,49.69925181201777
2025-06-12 04:29:00,55.5
2025-06-12 17:56:00,49.69925181201777
2025-06-12 20:03:00,96.3
2025-06-12 08:11:00,38.6
2025-06-12 17:42:00,47.7
2025-06-12 08:32:00,49.69925181201777
2025-06-12 07:20:00,53.8
2025-06-12 15:04:00,60.4
2025-06-12 09:18:00,49.69925181201777
2025-06-12 02:22:00,28.7
2025-06-12 23:23:00,33.9
2025-06-12 11:11:00,83.6
2025-06-12 13:54:00,73.6
2025-06-12 03:02:00,87.7
2025-06-12 17:43:00,99.0
2025-06-12 03:36:00,52.7
2025-06-12 17:26:00,56.4
2025-06-12 06:14:00,9.9
2025-06-12 16:39:00,69.5
2025-06-12 18:53:00,78.5
2025-06-12 19:55:00,82.9
2025-06-12 17:56:00,56.9
2025-06-12 16:29:00,45.1
2025-06-12 09:20:00,58.0
2025-06-12 01:30:00,39.3
2025-06-12 03:09:00,52.5
2025-06-12 06:27:00,76.8
2025-06-12 14:08:00,14.6
2025-06-12 01:33:00,18.1
2025-06-12 19:36:00,49.69925181201777
2025-06-12 08:03:00,0.4
2025-06-12 06:35:00,74.1
2025-06-12 03:50:00,79.3
2025-06-12 02:11:00,96.5
2025-06-12 04:59:00,87.6
2025-06-12 14:22:00,46.5
2025-06-12 06:56:00,99.4
2025-06-12 05:09:00,49.69925181201777
2025-06-12 23:41:00,71.4
2025-06-12 16:19:00,49.69925181201777
2025-06-12 01:57:00,2.8
2025-06-12 15:38:00,49.69925181201777
2025-06-12 15:55:00,49.69925181201777
2025-06-12 14:58:00,57.3
2025-06-12 05:23:00,67.7
2025-06-12 22:17:00,6.6
2025-06-12 04:20:00,69.4
2025-06-12 16:37:00,35.2
2025-06-12 07:43:00,63.8
2025-06-12 15:00:00,5.5
2025-06-12 14:35:00,67.1
2025-06-12 12:56:00,37.5
2025-06-12 17:48:00,16.9
2025-06-12 07:13:00,69.7
2025-06-12 00:08:00,83.9
2025-06-12 01:47:00,4.3
2025-06-12 22:41:00,22.2
2025-06-12 16:38:00,50.2
2025-06-12 23:01:00,19.4
2025-06-12 22:06:00,88.1
2025-06-12 03:36:00,70.6
2025-06-12 17:18:00,48.0
2025-06-12 23:49:00,54.8
2025-06-12 15:54:00,35.4
2025-06-12 01:39:00,53.5
2025-06-12 01:04:00,82.0
2025-06-12 15:30:00,36.5
2025-06-12 06:11:00,18.6
2025-06-12 22:39:00,58.2
2025-06-12 11:42:00,23.5
2025-06-12 05:59:00,3.2
2025-06-12 10:34:00,75.5
2025-06-12 01:16:00,49.69925181201777
2025-06-12 04:01:00,17.5
2025-06-12 08:11:00,76.1
2025-06-12 07:31:00,49.69925181201777
2025-06-12 17:05:00,27.8
2025-06-12 02:15:00,25.0
2025-06-12 23:53:00,49.69925181201777
2025-06-12 06:32:00,93.6
2025-06-12 18:55:00,6.4
2025-06-12 11:05:00,42.0
2025-06-12 15:08:00,49.69925181201777
2025-06-12 11:56:00,44.1
2025-06-12 09:24:00,69.6
2025-06-12 22:39:00,96.4
2025-06-12 08:17:00,28.3
2025-06-12 08:41:00,49.69925181201777
2025-06-12 17:49:00,61.2
2025-06-12 10:48:00,83.6
2025-06-12 04:25:00,34.4
2025-06-12 10:34:00,49.69925181201777
2025-06-12 17:39:00,24.1
2025-06-12 00:47:00,79.0
2025-06-12 03:52:00,18.3
2025-06-12 12:55:00,49.69925181201777
2025-06-12 13:40:00,83.0
2025-06-12 18:16:00,84.2
2025-06-12 19:38:00,72.4
2025-06-12 13:16:00,85.6
2025-06-12 05:01:00,2.7
2025-06-12 10:16:00,9.8
2025-06-12 11:39:00,1.7
2025-06-12 10:45:00,63.2
2025-06-12 14:46:00,74.5
2025-06-12 07:56:00,9.6
2025-06-12 14:41:00,85.5
2025-06-12 20:35:00,93.5
2025-06-12 23:57:00,97.7
2025-06-12 15:56:00,9.7
2025-06-12 03:54:00,22.1
2025-06-12 02:30:00,49.69925181201777
2025-06-12 08:28:00,18.7
2025-06-12 20:14:00,1.7
2025-06-12 02:06:00,8.5
2025-06-12 05:10:00,39.8
2025-06-12 08:19:00,79.3
2025-06-12 12:33:00,92.1
2025-06-12 17:41:00,18.2
2025-06-12 02:19:00,86.6
2025-06-12 17:19:00,49.69925181201777
2025-06-12 20:14:00,61.6
2025-06-12 16:08:00,82.5
2025-06-12 09:37:00,91.4
2025-06-12 15:02:00,54.1
2025-06-12 19:27:00,49.69925181201777
2025-06-12 18:47:00,97.5
2025-06-12 01:16:00,10.7
2025-06-12 15:00:00,29.0
2025-06-12 14:02:00,27.7
2025-06-12 01:29:00,49.69925181201777
2025-06-12 13:10:00,11.8
2025-06-12 12:27:00,30.6
2025-06-12 22:40:00,29.7
2025-06-12 08:11:00,20.8
2025-06-12 11:20:00,61.8
2025-06-12 08:53:00,74.9
2025-06-12 15:22:00,92.7
2025-06-12 14:58:00,20.4
2025-06-12 10:47:00,46.5
2025-06-12 18:37:00,50.9
2025-06-12 12:31:00,49.69925181201777
2025-06-12 16:22:00,71.3
2025-06-12 12:53:00,49.69925181201777
2025-06-12 00:17:00,4.1
2025-06-12 19:52:00,33.4
2025-06-12 15:45:00,81.9
2025-06-12 13:15:00,48.5
2025-06-12 16:04:00,87.9
2025-06-12 20:44:00,65.2
2025-06-12 23:35:00,8.1
2025-06-12 05:05:00,67.1
2025-06-12 00:36:00,98.8
2025-06-12 02:31:00,39.6
2025-06-12 19:14:00,50.15234640140434
2025-06-12 05:52:00,83.9
2025-06-12 18:40:00,11.3
2025-06-12 09:54:00,21.8
2025-06-12 14:14:00,94.8
2025-06-12 05:54:00,4.5
2025-06-12 18:17:00,50.15234640140434
2025-06-12 11:11:00,8.0
2025-06-12 13:54:00,36.6
2025-06-12 14:27:00,67.6
2025-06-12 06:49:00,50.15234640140434
2025-06-12 14:35:00,88.8
2025-06-12 18:56:00,57.9
2025-06-12 23:18:00,82.4
2025-06-12 23:50:00,42.8
2025-06-12 18:18:00,5.6
2025-06-12 06:48:00,50.15234640140434
2025-06-12 21:48:00,50.15234640140434
2025-06-12 15:33:00,67.3
2025-06-12 10:10:00,61.4
2025-06-12 22:32:00,71.9
2025-06-12 11:37:00,14.7
2025-06-12 11:24:00,65.7
2025-06-12 20:05:00,9.6
2025-06-12 05:29:00,16.9
2025-06-12 02:20:00,12.8
2025-06-12 15:33:00,59.6
2025-06-12 18:32:00,10.4
2025-06-12 23:22:00,49.3
2025-06-12 11:16:00,50.15234640140434
2025-06-12 13:37:00,58.7
2025-06-12 12:27:00,59.0
2025-06-12 05:46:00,33.5
2025-06-12 12:49:00,50.15234640140434
2025-06-12 16:04:00,22.2
2025-06-12 09:40:00,50.15234640140434
2025-06-12 17:25:00,67.9
2025-06-12 18:49:00,72.3
2025-06-12 15:24:00,16.4
2025-06-12 23:36:00,35.9
2025-06-12 22:53:00,4.5
2025-06-12 15:13:00,39.8
2025-06-12 13:26:00,83.4
2025-06-12 16:57:00,90.5
2025-06-12 21:13:00,78.4
2025-06-12 16:29:00,35.5
2025-06-12 19:36:00,97.3
2025-06-12 14:09:00,50.15234640140434
2025-06-12 12:08:00,50.7
2025-06-12 13:58:00,71.8
2025-06-12 08:09:00,47.4
2025-06-12 23:01:00,89.5
2025-06-12 21:53:00,93.1
2025-06-12 07:09:00,61.0
2025-06-12 23:15:00,50.15234640140434
2025-06-12 02:59:00,50.15234640140434
2025-06-12 04:36:00,43.4
2025-06-12 01:57:00,68.6
2025-06-12 15:31:00,50.15234640140434
2025-06-12 18:58:00,42.8
2025-06-12 19:53:00,94.6
2025-06-12 15:02:00,51.7
2025-06-12 05:47:00,98.8
2025-06-12 15:19:00,50.5
2025-06-12 03:08:00,0.0
2025-06-12 13:21:00,50.15234640140434
2025-06-12 11:36:00,18.8
2025-06-12 10:38:00,87.9
2025-06-12 12:49:00,50.15234640140434
2025-06-12 17:06:00,68.6
2025-06-12 10:05:00,87.4
2025-06-12 01:18:00,63.9
2025-06-12 22:38:00,75.3
2025-06-12 13:32:00,50.15234640140434
2025-06-12 15:47:00,50.15234640140434
2025-06-12 12:31:00,4.8
2025-06-12 14:15:00,87.5
2025-06-12 10:52:00,15.2
2025-06-12 21:21:00,25.1
2025-06-12 21:22:00,50.15234640140434
2025-06-12 22:30:00,7.2
2025-06-12 02:19:00,50.15234640140434
2025-06-12 23:40:00,89.0
2025-06-12 10:36:00,50.15234640140434
2025-06-12 05:37:00,91.1
2025-06-12 17:59:00,47.4
2025-06-12 11:01:00,3.7
2025-06-12 11:03:00,97.0
2025-06-12 19:01:00,5.1
2025-06-12 05:44:00,50.15234640140434
2025-06-12 10:15:00,90.6
2025-06-12 00:40:00,21.2
2025-06-12 19:57:00,11.3
2025-06-12 07:06:00,87.0
2025-06-12 10:49:00,99.0
2025-06-12 22:21:00,89.9
2025-06-12 00:17:00,6.5
2025-06-12 10:17:00,95.0
2025-06-12 04:50:00,58.5
2025-06-12 13:47:00,43.2
2025-06-12 11:51:00,57.0
2025-06-12 22:35:00,84.9
2025-06-12 10:15:00,90.0
2025-06-12 01:42:00,34.6
2025-06-12 20:46:00,3.8
2025-06-12 23:05:00,13.6
2025-06-12 02:52:00,46.5
2025-06-12 02:17:00,16.5
2025-06-12 22:06:00,67.0
2025-06-12 06:51:00,89.1
2025-06-12 08:16:00,32.9
2025-06-12 11:48:00,34.7
2025-06-12 10:39:00,15.3
2025-06-12 22:20:00,68.5
2025-06-12 02:16:00,23.0
2025-06-12 11:33:00,98.5
2025-06-12 19:07:00,72.8
2025-06-12 17:58:00,50.15234640140434
2025-06-12 08:23:00,62.4
2025-06-12 16:30:00,28.6
2025-06-12 10:18:00,14.7
2025-06-12 20:58:00,7.6
2025-06-12 03:06:00,50.15234640140434
2025-06-12 12:04:00,54.4
2025-06-12 19:13:00,50.15234640140434
2025-06-12 05:21:00,50.15234640140434
2025-06-12 02:56:00,50.15234640140434
2025-06-12 16:52:00,88.5
2025-06-12 11:58:00,11.8
2025-06-12 04:33:00,66.5
2025-06-12 08:55:00,50.15234640140434
2025-06-12 10:23:00,6.5
2025-06-12 20:03:00,44.4
2025-06-12 09:53:00,0.8
2025-06-12 02:34:00,69.3
2025-06-12 19:13:00,22.5
2025-06-12 00:47:00,50.4
2025-06-12 11:02:00,19.2
2025-06-12 11:04:00,46.2
2025-06-12 10:57:00,47.9
2025-06-12 02:16:00,50.15234640140434
2025-06-12 05:43:00,39.9
2025-06-12 07:12:00,50.15234640140434
2025-06-12 08:46:00,27.4
2025-06-12 02:17:00,89.1
2025-06-12 11:46:00,72.4
2025-06-12 04:02:00,68.6
2025-06-12 05:18:00,48.5
2025-06-12 15:30:00,57.7
2025-06-12 17:44:00,55.7
2025-06-12 17:11:00,2.4
2025-06-12 15:29:00,43.2
2025-06-12 19:59:00,40.9
2025-06-12 02:40:00,13.4
2025-06-12 05:03:00,76.5
2025-06-12 21:11:00,50.15234640140434
2025-06-12 22:17:00,4.6
2025-06-12 20:36:00,37.9
2025-06-12 05:36:00,40.6
2025-06-12 04:48:00,50.15234640140434
2025-06-12 16:07:00,70.8
2025-06-12 11:25:00,54.3
2025-06-12 19:39:00,11.8
2025-06-12 19:14:00,93.2
2025-06-12 15:00:00,37.8
2025-06-12 13:08:00,19.4
2025-06-12 19:02:00,56.3
2025-06-12 07:46:00,43.8
2025-06-12 07:38:00,76.8
2025-06-12 12:27:00,28.9
2025-06-12 19:35:00,18.2
2025-06-12 23:55:00,50.15234640140434
2025-06-12 15:42:00,98.0
2025-06-12 09:49:00,33.3
2025-06-12 23:22:00,63.4
2025-06-12 05:02:00,67.1
2025-06-12 14:38:00,50.15234640140434
2025-06-12 15:57:00,32.3
2025-06-12 17:38:00,59.7
2025-06-12 10:03:00,50.15234640140434
2025-06-12 01:06:00,26.6
2025-06-12 19:03:00,60.0
2025-06-12 11:44:00,19.9
2025-06-12 20:34:00,14.8
2025-06-12 23:20:00,52.4
2025-06-12 10:49:00,50.15234640140434
2025-06-12 17:06:00,89.6
2025-06-12 07:12:00,78.3
2025-06-12 02:10:00,15.3
2025-06-12 09:39:00,49.2
2025-06-12 03:15:00,21.3
2025-06-12 06:07:00,60.8
2025-06-12 08:43:00,62.1
2025-06-12 00:40:00,66.4
2025-06-12 14:09:00,84.5
2025-06-12 12:10:00,50.15234640140434
2025-06-12 07:52:00,32.3
2025-06-12 00:11:00,44.5
2025-06-12 11:06:00,25.7
2025-06-12 08:32:00,50.15234640140434
2025-06-12 08:26:00,50.15234640140434
2025-06-12 07:04:00,45.4
2025-06-12 23:20:00,50.15234640140434
2025-06-12 12:18:00,50.15234640140434
2025-06-12 04:11:00,77.9
2025-06-12 14:44:00,59.5
2025-06-12 13:00:00,45.3
2025-06-12 21:54:00,50.15234640140434
2025-06-12 20:39:00,13.7
2025-06-12 08:53:00,61.1
2025-06-12 03:45:00,96.6
2025-06-12 14:36:00,50.15234640140434
2025-06-12 10:51:00,95.4
2025-06-12 14:37:00,50.15234640140434
2025-06-12 08:26:00,52.3
2025-06-12 20:58:00,54.9
2025-06-12 15:34:00,50.15234640140434
2025-06-12 12:12:00,80.7
2025-06-12 12:05:00,14.5
2025-06-12 19:23:00,50.15234640140434
2025-06-12 23:14:00,94.6
2025-06-12 20:52:00,17.7
2025-06-12 13:24:00,85.7
2025-06-12 02:06:00,57.8
2025-06-12 12:20:00,35.7
2025-06-12 01:01:00,51.0
2025-06-12 16:01:00,85.9
2025-06-12 09:53:00,32.9
2025-06-12 22:31:00,4.1
2025-06-12 16:44:00,50.15234640140434
2025-06-12 06:43:00,50.15234640140434
2025-06-12 19:29:00,34.9
2025-06-12 03:08:00,92.4
2025-06-12 12:56:00,61.4
2025-06-12 19:28:00,73.5
2025-06-12 11:13:00,54.8
2025-06-12 09:36:00,70.6
2025-06-12 02:28:00,88.3
2025-06-12 18:40:00,73.5
2025-06-12 07:42:00,99.5
2025-06-12 04:09:00,6.3
2025-06-12 23:58:00,67.5
2025-06-12 23:07:00,40.1
2025-06-12 13:45:00,10.2
2025-06-12 04:45:00,34.2
2025-06-12 13:44:00,99.2
2025-06-12 10:13:00,63.8
2025-06-12 22:46:00,68.1
2025-06-12 18:50:00,50.15234640140434
2025-06-12 09:06:00,33.2
2025-06-12 01:47:00,86.8
2025-06-12 21:25:00,26.2
2025-06-12 06:32:00,86.4
2025-06-12 12:47:00,50.15234640140434
2025-06-12 01:55:00,71.3
2025-06-12 12:24:00,11.1
2025-06-12 11:21:00,40.6
2025-06-12 19:50:00,47.5
2025-06-12 16:43:00,65.7
2025-06-12 12:18:00,19.2
2025-06-12 15:14:00,50.15234640140434
2025-06-12 00:42:00,67.3
2025-06-12 20:27:00,59.0
2025-06-12 12:03:00,50.8
2025-06-12 23:31:00,66.0
2025-06-12 10:55:00,65.2
2025-06-12 20:27:00,13.0
2025-06-12 18:30:00,19.9
2025-06-12 23:16:00,61.0
2025-06-12 18:12:00,9.2
2025-06-12 04:44:00,61.5
2025-06-12 11:05:00,39.2
2025-06-12 05:25:00,9.6
2025-06-12 06:37:00,16.6
2025-06-12 13:23:00,89.3
2025-06-12 21:44:00,82.8
2025-06-12 03:12:00,37.6
2025-06-12 18:58:00,97.1
2025-06-12 12:59:00,73.9
2025-06-12 06:07:00,18.6
2025-06-12 14:20:00,50.15234640140434
2025-06-12 10:57:00,28.2
2025-06-12 03:18:00,83.4
2025-06-12 02:16:00,39.7
2025-06-12 19:48:00,27.3
2025-06-12 18:06:00,69.2
2025-06-12 00:50:00,82.2
2025-06-12 22:15:00,17.0
2025-06-12 18:45:00,6.9
2025-06-12 01:15:00,5.3
2025-06-12 21:32:00,50.15234640140434
2025-06-12 03:17:00,94.9
2025-06-12 23:24:00,41.2
2025-06-12 01:34:00,43.8
2025-06-12 12:57:00,53.2
2025-06-12 10:43:00,50.15234640140434
2025-06-12 21:25:00,43.1
2025-06-12 03:54:00,53.2
2025-06-12 20:36:00,13.6
2025-06-12 19:37:00,50.15234640140434
2025-06-12 04:46:00,22.2
2025-06-12 14:22:00,50.15234640140434
2025-06-12 13:44:00,21.6
2025-06-12 17:03:00,50.15234640140434
2025-06-12 15:57:00,50.15234640140434
2025-06-12 07:20:00,72.6
2025-06-12 02:11:00,59.5
2025-06-12 21:59:00,62.0
2025-06-12 08:24:00,88.3
2025-06-12 08:45:00,70.5
2025-06-12 22:41:00,69.4
2025-06-12 01:33:00,23.2
2025-06-12 08:13:00,14.1
2025-06-12 12:02:00,50.15234640140434
2025-06-12 19:39:00,54.0
2025-06-12 06:20:00,43.0
2025-06-12 22:48:00,36.8
2025-06-12 17:00:00,67.7
2025-06-12 06:51:00,18.3
2025-06-12 17:36:00,81.0
2025-06-12 06:53:00,41.8
2025-06-12 03:14:00,76.9
2025-06-12 22:21:00,61.5
2025-06-12 06:53:00,50.15234640140434
2025-06-12 20:06:00,89.5
2025-06-12 11:30:00,76.4
2025-06-12 11:03:00,61.9
2025-06-12 07:42:00,56.6
2025-06-12 02:38:00,88.4
2025-06-12 12:29:00,28.1
2025-06-12 11:00:00,24.4
2025-06-12 17:27:00,74.5
2025-06-12 00:41:00,57.1
2025-06-12 10:04:00,22.7
2025-06-12 01:49:00,14.2
2025-06-12 11:30:00,50.15234640140434
2025-06-12 00:03:00,75.5
2025-06-12 10:33:00,49.8
2025-06-12 07:23:00,20.7
2025-06-12 02:06:00,70.4
2025-06-12 09:36:00,43.7
2025-06-12 15:21:00,75.4
2025-06-12 07:11:00,69.2
2025-06-12 20:29:00,50.15747328871669
2025-06-12 11:37:00,15.4
2025-06-12 12:08:00,90.0
2025-06-12 00:04:00,91.5
2025-06-12 05:31:00,10.5
2025-06-12 00:28:00,82.5
2025-06-12 00:53:00,32.5
2025-06-12 22:32:00,68.4
2025-06-12 23:41:00,35.7
2025-06-12 10:27:00,95.4
2025-06-12 10:14:00,85.3
2025-06-12 17:25:00,31.5
2025-06-12 16:44:00,42.4
2025-06-12 14:11:00,50.15747328871669
2025-06-12 15:30:00,93.1
2025-06-12 10:25:00,8.5
2025-06-12 09:18:00,46.8
2025-06-12 02:10:00,30.6
2025-06-12 09:18:00,53.3
2025-06-12 16:39:00,11.5
2025-06-12 21:27:00,97.9
2025-06-12 03:01:00,40.6
2025-06-12 16:29:00,56.7
2025-06-12 16:36:00,88.8
2025-06-12 05:00:00,16.4
2025-06-12 03:51:00,27.6
2025-06-12 21:19:00,74.9
2025-06-12 12:48:00,37.7
2025-06-12 08:16:00,48.9
2025-06-12 17:31:00,45.4
2025-06-12 13:44:00,3.8
2025-06-12 01:27:00,69.3
2025-06-12 12:32:00,77.7
2025-06-12 23:57:00,6.9
2025-06-12 18:44:00,26.4
2025-06-12 16:13:00,34.8
2025-06-12 17:51:00,15.2
2025-06-12 08:08:00,98.8
2025-06-12 02:10:00,10.2
2025-06-12 09:51:00,48.6
2025-06-12 01:52:00,43.3
2025-06-12 21:25:00,47.9
2025-06-12 18:55:00,73.8
2025-06-12 19:48:00,29.4
2025-06-12 12:19:00,62.8
2025-06-12 17:04:00,15.8
2025-06-12 19:39:00,73.9
2025-06-12 19:52:00,50.15747328871669
2025-06-12 20:43:00,70.5
2025-06-12 18:46:00,85.5
2025-06-12 22:54:00,75.8
2025-06-12 20:56:00,74.7
2025-06-12 13:37:00,57.9
2025-06-12 07:42:00,62.7
2025-06-12 02:53:00,79.5
2025-06-12 01:39:00,6.5
2025-06-12 11:01:00,50.15747328871669
2025-06-12 23:27:00,34.9
2025-06-12 01:47:00,10.6
2025-06-12 11:53:00,32.0
2025-06-12 22:06:00,83.5
2025-06-12 06:45:00,70.0
2025-06-12 14:27:00,45.0
2025-06-12 22:48:00,47.8
2025-06-12 14:57:00,32.5
2025-06-12 15:45:00,5.3
2025-06-12 13:07:00,50.15747328871669
2025-06-12 16:50:00,50.15747328871669
2025-06-12 05:33:00,53.6
2025-06-12 20:49:00,50.15747328871669
2025-06-12 08:54:00,63.7
2025-06-12 04:03:00,50.15747328871669
2025-06-12 12:52:00,96.4
2025-06-12 20:46:00,54.8
2025-06-12 10:03:00,16.0
2025-06-12 17:49:00,33.1
2025-06-12 21:52:00,8.0
2025-06-12 20:14:00,79.7
2025-06-12 07:36:00,96.5
2025-06-12 01:50:00,70.3
2025-06-12 16:20:00,95.6
2025-06-12 03:10:00,63.5
2025-06-12 07:34:00,67.8
2025-06-12 18:48:00,2.6
2025-06-12 10:14:00,36.9
2025-06-12 01:48:00,16.5
2025-06-12 12:28:00,50.15747328871669
2025-06-12 11:55:00,35.4
2025-06-12 16:15:00,10.1
2025-06-12 08:58:00,77.0
2025-06-12 16:18:00,43.0
2025-06-12 01:55:00,54.7
2025-06-12 21:59:00,1.9
2025-06-12 19:09:00,78.6
2025-06-12 09:02:00,73.3
2025-06-12 22:10:00,90.5
2025-06-12 15:29:00,54.9
2025-06-12 04:33:00,50.15747328871669
2025-06-12 11:59:00,81.6
2025-06-12 03:02:00,97.6
2025-06-12 12:34:00,65.8
2025-06-12 17:28:00,4.6
2025-06-12 12:15:00,73.8
2025-06-12 06:45:00,81.9
2025-06-12 03:11:00,50.15747328871669
2025-06-12 10:12:00,32.9
2025-06-12 04:54:00,18.2
2025-06-12 21:34:00,68.5
2025-06-12 18:42:00,23.5
2025-06-12 21:02:00,50.15747328871669
2025-06-12 10:39:00,74.5
2025-06-12 08:39:00,81.0
2025-06-12 09:41:00,26.3
2025-06-12 04:34:00,30.0
2025-06-12 10:32:00,59.3
2025-06-12 19:05:00,47.4
2025-06-12 19:44:00,55.5
2025-06-12 13:29:00,40.3
2025-06-12 20:25:00,3.1
2025-06-12 18:45:00,28.5
2025-06-12 07:24:00,50.15747328871669
2025-06-12 02:28:00,18.2
2025-06-12 02:06:00,79.2
2025-06-12 15:33:00,96.6
2025-06-12 08:41:00,58.0
2025-06-12 03:31:00,74.2
2025-06-12 18:05:00,14.9
2025-06-12 13:54:00,59.1
2025-06-12 04:57:00,25.4
2025-06-12 07:15:00,50.15747328871669
2025-06-12 20:58:00,52.0
2025-06-12 05:05:00,46.4
2025-06-12 09:45:00,22.9
2025-06-12 02:12:00,50.15747328871669
2025-06-12 14:03:00,21.7
2025-06-12 08:30:00,35.3
2025-06-12 03:19:00,51.6
2025-06-12 09:13:00,48.8
2025-06-12 12:02:00,99.7
2025-06-12 11:17:00,33.2
2025-06-12 13:53:00,50.15747328871669
2025-06-12 22:27:00,98.9
2025-06-12 10:43:00,26.4
2025-06-12 14:53:00,54.0
2025-06-12 06:51:00,60.2
2025-06-12 09:09:00,78.2
2025-06-12 12:47:00,1.5
2025-06-12 01:35:00,5.2
2025-06-12 07:30:00,50.15747328871669
2025-06-12 02:37:00,46.6
2025-06-12 15:28:00,50.15747328871669
2025-06-12 15:20:00,59.8
2025-06-12 10:05:00,50.2
2025-06-12 08:33:00,77.6
2025-06-12 11:08:00,15.8
2025-06-12 21:11:00,84.5
2025-06-12 03:52:00,65.9
2025-06-12 09:49:00,67.9
2025-06-12 17:45:00,48.8
2025-06-12 05:38:00,24.3
2025-06-12 05:14:00,23.4
2025-06-12 14:10:00,50.15747328871669
2025-06-12 19:38:00,10.2
2025-06-12 04:27:00,37.5
2025-06-12 17:03:00,20.2
2025-06-12 12:18:00,40.0
2025-06-12 23:52:00,79.3
2025-06-12 06:45:00,76.5
2025-06-12 16:13:00,75.6
2025-06-12 15:44:00,50.15747328871669
2025-06-12 20:22:00,20.3
2025-06-12 05:55:00,41.0
2025-06-12 21:28:00,50.15747328871669
2025-06-12 07:06:00,95.1
2025-06-12 11:11:00,93.4
2025-06-12 23:34:00,30.2
2025-06-12 03:07:00,58.8
2025-06-12 17:49:00,40.2
2025-06-12 05:27:00,44.3
2025-06-12 05:51:00,69.3
2025-06-12 06:51:00,57.9
2025-06-12 05:14:00,50.15747328871669
2025-06-12 18:18:00,45.3
2025-06-12 02:45:00,93.8
2025-06-12 14:46:00,37.2
2025-06-12 20:58:00,49.0
2025-06-12 03:13:00,41.7
2025-06-12 21:50:00,66.2
2025-06-12 22:32:00,40.9
2025-06-12 13:43:00,92.1
2025-06-12 21:05:00,49.0
2025-06-12 12:49:00,60.0
2025-06-12 06:33:00,85.5
2025-06-12 23:23:00,50.15747328871669
2025-06-12 00:21:00,93.3
2025-06-12 17:21:00,34.3
2025-06-12 16:23:00,50.15747328871669
2025-06-12 14:23:00,6.3
2025-06-12 14:45:00,11.8
2025-06-12 00:03:00,49.4
2025-06-12 23:40:00,14.8
2025-06-12 18:41:00,92.7
2025-06-12 14:27:00,42.9
2025-06-12 21:20:00,73.7
2025-06-12 03:56:00,2.0
2025-06-12 11:18:00,15.6
2025-06-12 06:43:00,50.15747328871669
2025-06-12 16:21:00,58.7
2025-06-12 08:52:00,86.6
2025-06-12 22:43:00,70.6
2025-06-12 01:49:00,67.2
2025-06-12 11:23:00,50.15747328871669
2025-06-12 12:37:00,75.1
2025-06-12 01:36:00,93.6
2025-06-12 09:23:00,50.15747328871669
2025-06-12 14:21:00,71.8
2025-06-12 05:07:00,19.3
2025-06-12 15:07:00,50.15747328871669
2025-06-12 01:00:00,78.4
2025-06-12 19:54:00,6.9
2025-06-12 03:07:00,80.8
2025-06-12 17:34:00,50.15747328871669
2025-06-12 13:34:00,92.6
2025-06-12 05:33:00,60.2
2025-06-12 11:55:00,19.7
2025-06-12 07:26:00,50.15747328871669
2025-06-12 23:59:00,50.15747328871669
2025-06-12 21:08:00,6.6
2025-06-12 16:54:00,87.7
2025-06-12 12:51:00,50.15747328871669
2025-06-12 12:09:00,70.7
2025-06-12 05:30:00,23.1
2025-06-12 16:02:00,83.1
2025-06-12 12:39:00,50.15747328871669
2025-06-12 04:52:00,1.6
2025-06-12 19:04:00,50.15747328871669
2025-06-12 09:22:00,50.15747328871669
2025-06-12 04:19:00,59.9
2025-06-12 00:45:00,13.1
2025-06-12 16:12:00,67.0
2025-06-12 04:14:00,47.5
2025-06-12 04:46:00,8.7
2025-06-12 04:13:00,26.5
2025-06-12 06:57:00,61.2
2025-06-12 21:43:00,17.0
2025-06-12 07:18:00,50.15747328871669
2025-06-12 10:34:00,93.5
2025-06-12 00:13:00,62.7
2025-06-12 04:33:00,80.1
2025-06-12 19:35:00,3.6
2025-06-12 21:18:00,87.8
2025-06-12 01:17:00,69.4
2025-06-12 15:51:00,7.9
2025-06-12 11:33:00,67.1
2025-06-12 22:46:00,72.4
2025-06-12 19:18:00,81.7
2025-06-12 00:14:00,37.8
2025-06-12 18:31:00,76.3
2025-06-12 15:13:00,6.9
2025-06-12 14:21:00,57.5
2025-06-12 02:12:00,73.8
2025-06-12 18:11:00,6.5
2025-06-12 18:04:00,62.6
2025-06-12 05:45:00,68.5
2025-06-12 03:42:00,30.3
2025-06-12 04:58:00,50.15747328871669
2025-06-12 16:22:00,66.4
2025-06-12 13:38:00,67.8
2025-06-12 12:27:00,45.4
2025-06-12 16:35:00,91.8
2025-06-12 18:33:00,8.0
2025-06-12 09:27:00,50.15747328871669
2025-06-12 07:36:00,63.8
2025-06-12 18:54:00,31.9
2025-06-12 22:29:00,35.8
2025-06-12 06:56:00,41.0
2025-06-12 11:05:00,86.0
2025-06-12 05:39:00,78.4
2025-06-12 10:15:00,94.5
2025-06-12 17:39:00,5.6
2025-06-12 02:56:00,40.4
2025-06-12 09:59:00,9.3
2025-06-12 07:49:00,50.15747328871669
2025-06-12 00:36:00,70.8
2025-06-12 06:26:00,17.3
2025-06-12 15:35:00,2.5
2025-06-12 12:48:00,81.8
2025-06-12 20:15:00,98.9
2025-06-12 21:09:00,63.6
2025-06-12 22:10:00,97.2
2025-06-12 08:18:00,52.1
2025-06-12 05:22:00,50.15747328871669
2025-06-12 01:05:00,82.1
2025-06-12 07:20:00,50.15747328871669
2025-06-12 13:47:00,50.3
2025-06-12 01:41:00,50.15747328871669
2025-06-12 22:52:00,39.0
2025-06-12 01:25:00,6.2
2025-06-12 14:10:00,73.9
2025-06-12 09:05:00,47.6
2025-06-12 13:30:00,79.3
2025-06-12 00:39:00,77.3
2025-06-12 21:11:00,81.8
2025-06-12 17:48:00,24.0
2025-06-12 02:17:00,24.8
2025-06-12 02:03:00,15.4
2025-06-12 20:33:00,82.9
2025-06-12 19:37:00,54.6
2025-06-12 00:17:00,56.0
2025-06-12 12:12:00,76.9
2025-06-12 04:09:00,79.6
2025-06-12 21:02:00,50.15747328871669
2025-06-12 04:09:00,7.1
2025-06-12 07:22:00,70.4
2025-06-12 14:59:00,63.0
2025-06-12 06:09:00,33.4
2025-06-12 01:34:00,0.9
2025-06-12 09:14:00,50.15747328871669
2025-06-12 18:34:00,60.5
2025-06-12 22:00:00,41.8
2025-06-12 14:54:00,26.7
2025-06-12 08:24:00,16.5
2025-06-12 12:49:00,92.3
2025-06-12 01:36:00,20.3
2025-06-12 09:08:00,37.6
2025-06-12 05:48:00,70.5
2025-06-12 10:06:00,89.2
2025-06-12 23:23:00,86.2
2025-06-12 21:08:00,50.15747328871669
2025-06-12 12:10:00,99.9
2025-06-12 21:44:00,33.4
2025-06-12 05:17:00,50.15747328871669
2025-06-12 22:44:00,11.9
2025-06-12 09:00:00,61.6
2025-06-12 17:24:00,64.9
2025-06-12 16:50:00,34.3
2025-06-12 07:07:00,75.1
2025-06-12 13:44:00,89.5
2025-06-12 15:37:00,79.2
2025-06-12 04:23:00,40.2
2025-06-12 01:31:00,68.5
2025-06-12 23:28:00,13.7
2025-06-12 05:10:00,50.15747328871669
2025-06-12 21:50:00,50.15747328871669
2025-06-12 16:28:00,40.5
2025-06-12 22:06:00,50.15747328871669
2025-06-12 11:18:00,50.15747328871669
2025-06-12 13:51:00,99.2
2025-06-12 18:06:00,11.1
2025-06-12 03:36:00,50.15747328871669
2025-06-12 10:24:00,68.2
2025-06-12 10:37:00,69.9
2025-06-12 17:50:00,48.4
2025-06-12 13:33:00,50.15747328871669
2025-06-12 14:17:00,20.4
2025-06-12 18:05:00,24.7
2025-06-12 22:23:00,27.0
2025-06-12 04:00:00,95.1
2025-06-12 15:22:00,61.8
2025-06-12 04:31:00,2.5
2025-06-12 23:36:00,50.07997412982127
2025-06-12 10:21:00,75.8
2025-06-12 14:22:00,81.7
2025-06-12 03:13:00,18.8
2025-06-12 00:40:00,63.2
2025-06-12 18:41:00,16.8
2025-06-12 00:12:00,26.5
2025-06-12 01:19:00,49.5
2025-06-12 07:38:00,50.07997412982127
2025-06-12 03:38:00,94.4
2025-06-12 21:36:00,50.07997412982127
2025-06-12 14:05:00,36.1
2025-06-12 06:37:00,50.07997412982127
2025-06-12 18:35:00,50.07997412982127
2025-06-12 18:18:00,3.9
2025-06-12 20:31:00,68.4
2025-06-12 18:19:00,36.8
2025-06-12 23:53:00,61.6
2025-06-12 09:28:00,6.4
2025-06-12 14:00:00,94.0
2025-06-12 00:44:00,37.4
2025-06-12 05:52:00,50.07997412982127
2025-06-12 10:41:00,17.8
2025-06-12 00:18:00,77.8
2025-06-12 12:41:00,5.6
2025-06-12 01:13:00,74.4
2025-06-12 19:58:00,57.5
2025-06-12 23:51:00,90.2
2025-06-12 05:37:00,36.3
2025-06-12 17:16:00,50.07997412982127
2025-06-12 04:40:00,15.2
2025-06-12 15:33:00,54.6
2025-06-12 08:33:00,50.07997412982127
2025-06-12 22:55:00,57.8
2025-06-12 09:58:00,99.4
2025-06-12 16:34:00,50.07997412982127
2025-06-12 09:14:00,17.4
2025-06-12 02:47:00,50.07997412982127
2025-06-12 12:20:00,50.07997412982127
2025-06-12 09:56:00,50.07997412982127
2025-06-12 06:30:00,32.2
2025-06-12 07:01:00,86.7
2025-06-12 03:27:00,71.4
2025-06-12 10:56:00,31.2
2025-06-12 23:02:00,50.07997412982127
2025-06-12 01:59:00,68.0
2025-06-12 19:13:00,50.07997412982127
2025-06-12 14:29:00,30.5
2025-06-12 18:45:00,16.4
2025-06-12 12:03:00,82.0
2025-06-12 10:07:00,59.5
2025-06-12 11:58:00,56.7
2025-06-12 01:15:00,21.0
2025-06-12 16:43:00,15.4
2025-06-12 11:03:00,50.07997412982127
2025-06-12 18:41:00,81.0
2025-06-12 20:21:00,21.0
2025-06-12 06:47:00,80.4
2025-06-12 20:37:00,29.8
2025-06-12 23:11:00,60.8
2025-06-12 06:50:00,94.4
2025-06-12 21:12:00,57.5
2025-06-12 02:14:00,75.3
2025-06-12 08:40:00,97.4
2025-06-12 20:08:00,66.6
2025-06-12 22:04:00,58.1
2025-06-12 09:47:00,93.1
2025-06-12 20:55:00,50.07997412982127
2025-06-12 01:22:00,10.3
2025-06-12 16:53:00,45.8
2025-06-12 19:35:00,2.6
2025-06-12 23:12:00,50.07997412982127
2025-06-12 18:42:00,87.3
2025-06-12 10:20:00,50.07997412982127
2025-06-12 01:32:00,58.2
2025-06-12 14:22:00,40.6
2025-06-12 22:34:00,44.5
2025-06-12 18:15:00,29.7
2025-06-12 02:54:00,26.1
2025-06-12 04:30:00,66.7
2025-06-12 09:59:00,50.07997412982127
2025-06-12 00:47:00,33.8
2025-06-12 04:18:00,50.07997412982127
2025-06-12 01:18:00,46.0
2025-06-12 21:21:00,50.07997412982127
2025-06-12 10:02:00,82.5
2025-06-12 18:17:00,50.07997412982127
2025-06-12 21:17:00,50.07997412982127
2025-06-12 18:16:00,12.6
2025-06-12 09:06:00,50.07997412982127
2025-06-12 13:55:00,56.3
2025-06-12 20:52:00,50.07997412982127
2025-06-12 20:26:00,16.3
2025-06-12 18:28:00,92.1
2025-06-12 18:22:00,90.5
2025-06-12 15:44:00,21.9
2025-06-12 07:10:00,30.1
2025-06-12 17:05:00,70.2
2025-06-12 14:44:00,1.1
2025-06-12 02:47:00,4.3
2025-06-12 04:27:00,62.3
2025-06-12 17:48:00,8.6
2025-06-12 09:35:00,54.5
2025-06-12 11:59:00,27.4
2025-06-12 05:05:00,81.0
2025-06-12 19:02:00,50.07997412982127
2025-06-12 16:14:00,34.9
2025-06-12 02:16:00,50.07997412982127
2025-06-12 02:22:00,50.07997412982127
2025-06-12 11:00:00,82.8
2025-06-12 21:13:00,58.3
2025-06-12 05:37:00,91.6
2025-06-12 18:45:00,53.2
2025-06-12 15:19:00,65.8
2025-06-12 15:05:00,41.1
2025-06-12 09:59:00,60.0
2025-06-12 09:04:00,50.07997412982127
2025-06-12 19:54:00,30.1
2025-06-12 05:26:00,5.1
2025-06-12 21:55:00,64.6
2025-06-12 08:08:00,5.3
2025-06-12 18:47:00,2.1
2025-06-12 00:22:00,4.5
2025-06-12 08:38:00,57.5
2025-06-12 03:38:00,34.5
2025-06-12 00:44:00,12.6
2025-06-12 23:06:00,97.8
2025-06-12 18:22:00,50.3
2025-06-12 02:44:00,67.3
2025-06-12 01:20:00,50.07997412982127
2025-06-12 15:43:00,40.8
2025-06-12 23:04:00,4.4
2025-06-12 10:37:00,50.07997412982127
2025-06-12 06:06:00,94.1
2025-06-12 21:58:00,96.9
2025-06-12 06:01:00,33.8
2025-06-12 15:24:00,99.6
2025-06-12 20:55:00,68.5
2025-06-12 00:08:00,74.6
2025-06-12 07:49:00,78.0
2025-06-12 21:14:00,50.07997412982127
2025-06-12 11:18:00,28.9
2025-06-12 08:23:00,55.2
2025-06-12 02:16:00,33.2
2025-06-12 11:57:00,81.5
2025-06-12 09:13:00,39.5
2025-06-12 15:38:00,45.5
2025-06-12 15:51:00,50.07997412982127
2025-06-12 12:57:00,50.07997412982127
2025-06-12 04:32:00,13.8
2025-06-12 12:37:00,42.7
2025-06-12 23:43:00,85.9
2025-06-12 13:52:00,80.0
2025-06-12 07:14:00,13.8
2025-06-12 01:55:00,62.9
2025-06-12 14:00:00,83.3
2025-06-12 21:46:00,80.3
2025-06-12 23:54:00,95.8
2025-06-12 09:42:00,30.7
2025-06-12 09:38:00,89.8
2025-06-12 07:01:00,52.7
2025-06-12 09:37:00,85.5
2025-06-12 23:21:00,50.07997412982127
2025-06-12 14:19:00,8.3
2025-06-12 01:53:00,76.9
2025-06-12 20:20:00,85.5
2025-06-12 21:13:00,37.1
2025-06-12 06:25:00,93.4
2025-06-12 21:18:00,17.4
2025-06-12 03:08:00,50.07997412982127
2025-06-12 03:48:00,46.5
2025-06-12 13:12:00,2.5
2025-06-12 15:03:00,11.4
2025-06-12 06:24:00,43.3
2025-06-12 15:30:00,80.2
2025-06-12 16:06:00,38.5
2025-06-12 18:36:00,50.07997412982127
2025-06-12 07:14:00,5.7
2025-06-12 11:58:00,52.6
2025-06-12 10:29:00,61.7
2025-06-12 12:36:00,11.0
2025-06-12 15:38:00,93.5
2025-06-12 03:53:00,61.4
2025-06-12 20:41:00,51.0
2025-06-12 11:41:00,41.8
2025-06-12 00:19:00,24.1
2025-06-12 01:48:00,38.3
2025-06-12 20:25:00,42.8
2025-06-12 02:29:00,22.6
2025-06-12 07:57:00,50.07997412982127
2025-06-12 19:26:00,94.4
2025-06-12 00:23:00,77.2
2025-06-12 10:24:00,13.6
2025-06-12 10:37:00,72.9
2025-06-12 10:43:00,32.9
2025-06-12 19:13:00,5.4
2025-06-12 18:39:00,88.0
2025-06-12 03:12:00,29.8
2025-06-12 16:51:00,90.9
2025-06-12 03:18:00,50.07997412982127
2025-06-12 22:29:00,67.0
2025-06-12 00:15:00,17.5
2025-06-12 03:05:00,22.2
2025-06-12 14:43:00,97.6
2025-06-12 15:56:00,55.4
2025-06-12 22:07:00,81.3
2025-06-12 08:21:00,54.1
2025-06-12 23:47:00,61.6
2025-06-12 18:22:00,89.1
2025-06-12 16:03:00,93.5
2025-06-12 21:44:00,1.5
2025-06-12 08:36:00,50.07997412982127
2025-06-12 17:28:00,65.2
2025-06-12 09:25:00,50.07997412982127
2025-06-12 10:08:00,57.6
2025-06-12 08:38:00,73.9
2025-06-12 03:45:00,50.07997412982127
2025-06-12 09:01:00,50.07997412982127
2025-06-12 15:16:00,27.3
2025-06-12 01:19:00,50.07997412982127
2025-06-12 23:18:00,50.07997412982127
2025-06-12 22:15:00,51.9
2025-06-12 04:50:00,17.6
2025-06-12 18:38:00,92.6
2025-06-12 15:08:00,97.2
2025-06-12 04:00:00,26.6
2025-06-12 08:30:00,43.1
2025-06-12 07:13:00,94.0
2025-06-12 08:05:00,45.8
2025-06-12 19:58:00,14.5
2025-06-12 18:34:00,27.5
2025-06-12 09:13:00,56.9
2025-06-12 15:07:00,29.8
2025-06-12 20:37:00,12.4
2025-06-12 16:08:00,15.0
2025-06-12 21:30:00,30.2
2025-06-12 03:51:00,64.7
2025-06-12 10:09:00,47.2
2025-06-12 15:16:00,50.07997412982127
2025-06-12 17:14:00,30.6
2025-06-12 03:21:00,32.8
2025-06-12 08:54:00,66.3
2025-06-12 03:21:00,17.7
2025-06-12 23:09:00,11.6
2025-06-12 03:47:00,88.0
2025-06-12 10:33:00,37.4
2025-06-12 06:07:00,13.7
2025-06-12 18:16:00,91.6
2025-06-12 12:08:00,20.6
2025-06-12 12:32:00,25.6
2025-06-12 23:05:00,64.7
2025-06-12 04:13:00,6.1
2025-06-12 06:48:00,18.0
2025-06-12 12:38:00,97.4
2025-06-12 02:10:00,50.07997412982127
2025-06-12 23:48:00,75.6
2025-06-12 01:37:00,2.4
2025-06-12 20:39:00,65.4
2025-06-12 17:51:00,11.4
2025-06-12 02:10:00,33.3
2025-06-12 15:54:00,80.6
2025-06-12 07:11:00,25.0
2025-06-12 14:18:00,50.07997412982127
2025-06-12 09:47:00,27.0
2025-06-12 16:08:00,16.3
2025-06-12 19:59:00,94.7
2025-06-12 20:04:00,4.5
2025-06-12 00:59:00,44.4
2025-06-12 14:44:00,50.07997412982127
2025-06-12 12:28:00,26.0
2025-06-12 15:40:00,87.5
2025-06-12 21:49:00,88.7
2025-06-12 08:42:00,13.3
2025-06-12 01:38:00,97.7
2025-06-12 18:42:00,78.0
2025-06-12 12:27:00,18.3
2025-06-12 21:44:00,79.4
2025-06-12 22:42:00,68.5
2025-06-12 10:38:00,75.7
2025-06-12 00:13:00,70.7
2025-06-12 03:24:00,20.1
2025-06-12 06:12:00,70.2
2025-06-12 00:08:00,13.4
2025-06-12 12:34:00,99.5
2025-06-12 16:08:00,50.07997412982127
2025-06-12 00:49:00,6.9
2025-06-12 22:59:00,42.3
2025-06-12 03:17:00,87.9
2025-06-12 22:11:00,22.3
2025-06-12 07:56:00,50.07997412982127
2025-06-12 06:41:00,50.07997412982127
2025-06-12 21:49:00,47.6
2025-06-12 13:55:00,34.0
2025-06-12 05:11:00,65.2
2025-06-12 06:49:00,54.5
2025-06-12 08:55:00,50.07997412982127
2025-06-12 09:03:00,11.1
2025-06-12 05:55:00,84.4
2025-06-12 23:26:00,59.8
2025-06-12 13:33:00,26.5
2025-06-12 18:24:00,35.3
2025-06-12 14:46:00,20.7
2025-06-12 01:45:00,40.6
2025-06-12 10:12:00,66.0
2025-06-12 17:16:00,50.07997412982127
2025-06-12 15:00:00,59.1
2025-06-12 22:38:00,50.07997412982127
2025-06-12 17:54:00,50.07997412982127
2025-06-12 07:22:00,50.07997412982127
2025-06-12 00:23:00,10.8
2025-06-12 07:20:00,50.07997412982127
2025-06-12 05:54:00,14.1
2025-06-12 05:55:00,50.07997412982127
2025-06-12 10:59:00,88.2
2025-06-12 00:28:00,91.5
2025-06-12 07:54:00,73.0
2025-06-12 12:05:00,55.9
2025-06-12 00:23:00,51.1
2025-06-12 12:36:00,57.8
2025-06-12 02:48:00,99.4
2025-06-12 23:18:00,64.7
2025-06-12 21:55:00,95.4
2025-06-12 16:45:00,2.7
2025-06-12 14:18:00,55.4
2025-06-12 21:18:00,54.4
2025-06-12 11:46:00,56.8
2025-06-12 15:14:00,48.8
2025-06-12 13:39:00,50.07997412982127
2025-06-12 18:05:00,31.6
2025-06-12 19:32:00,2.2
2025-06-12 18:56:00,16.9
2025-06-12 18:42:00,45.3
2025-06-12 23:46:00,43.3
2025-06-12 13:17:00,54.2
2025-06-12 13:31:00,58.9
2025-06-12 03:08:00,17.9
2025-06-12 14:42:00,83.2
2025-06-12 13:16:00,76.2
2025-06-12 22:29:00,42.9
2025-06-12 08:08:00,27.8
2025-06-12 03:41:00,90.2
2025-06-12 19:19:00,24.4
2025-06-12 19:29:00,48.4
2025-06-12 09:25:00,49.822039706925075
2025-06-12 02:16:00,16.3
2025-06-12 21:46:00,3.6
2025-06-12 13:16:00,72.6
2025-06-12 10:06:00,8.6
2025-06-12 14:34:00,9.8
2025-06-12 23:49:00,49.822039706925075
2025-06-12 10:59:00,54.5
2025-06-12 08:48:00,7.6
2025-06-12 04:33:00,49.822039706925075
2025-06-12 13:37:00,43.2
2025-06-12 04:35:00,81.6
2025-06-12 11:28:00,26.1
2025-06-12 14:31:00,7.9
2025-06-12 04:08:00,84.8
2025-06-12 23:14:00,87.7
2025-06-12 03:37:00,19.6
2025-06-12 16:25:00,5.6
2025-06-12 01:47:00,67.0
2025-06-12 11:53:00,28.9
2025-06-12 11:46:00,98.8
2025-06-12 17:31:00,49.822039706925075
2025-06-12 05:26:00,33.0
2025-06-12 19:32:00,44.3
2025-06-12 20:26:00,79.4
2025-06-12 00:40:00,13.3
2025-06-12 11:48:00,45.1
2025-06-12 11:33:00,11.8
2025-06-12 08:31:00,32.9
2025-06-12 01:55:00,13.0
2025-06-12 19:50:00,91.4
2025-06-12 14:00:00,26.9
2025-06-12 09:53:00,46.0
2025-06-12 18:56:00,18.5
2025-06-12 22:57:00,46.7
2025-06-12 13:22:00,7.3
2025-06-12 07:55:00,45.9
2025-06-12 09:54:00,49.822039706925075
2025-06-12 02:20:00,43.1
2025-06-12 06:25:00,67.6
2025-06-12 12:40:00,49.822039706925075
2025-06-12 11:02:00,74.7
2025-06-12 21:43:00,94.5
2025-06-12 23:24:00,78.9
2025-06-12 17:57:00,92.8
2025-06-12 09:27:00,49.822039706925075
2025-06-12 21:46:00,19.9
2025-06-12 06:23:00,81.1
2025-06-12 05:28:00,89.8
2025-06-12 07:40:00,16.9
2025-06-12 18:13:00,74.9
2025-06-12 09:35:00,49.822039706925075
2025-06-12 23:08:00,81.1
2025-06-12 16:23:00,84.0
2025-06-12 13:26:00,17.6
2025-06-12 15:12:00,65.5
2025-06-12 03:29:00,70.3
2025-06-12 14:26:00,49.822039706925075
2025-06-12 18:15:00,85.3
2025-06-12 09:04:00,49.822039706925075
2025-06-12 12:34:00,88.2
2025-06-12 22:43:00,19.1
2025-06-12 06:43:00,95.3
2025-06-12 06:30:00,94.8
2025-06-12 07:12:00,49.822039706925075
2025-06-12 04:36:00,72.1
2025-06-12 07:44:00,63.0
2025-06-12 19:17:00,27.3
2025-06-12 16:09:00,77.1
2025-06-12 09:37:00,51.6
2025-06-12 01:22:00,31.1
2025-06-12 11:46:00,49.822039706925075
2025-06-12 03:47:00,6.6
2025-06-12 11:41:00,69.1
2025-06-12 09:32:00,64.2
2025-06-12 12:03:00,78.1
2025-06-12 02:31:00,50.8
2025-06-12 03:52:00,31.6
2025-06-12 02:01:00,88.2
2025-06-12 21:48:00,70.0
2025-06-12 21:17:00,44.9
2025-06-12 23:31:00,22.8
2025-06-12 00:01:00,24.0
2025-06-12 20:35:00,49.822039706925075
2025-06-12 10:34:00,52.9
2025-06-12 20:22:00,19.0
2025-06-12 18:48:00,52.1
2025-06-12 07:46:00,82.1
2025-06-12 19:37:00,90.4
2025-06-12 15:48:00,23.8
2025-06-12 03:15:00,49.6
2025-06-12 10:49:00,49.822039706925075
2025-06-12 23:13:00,9.7
2025-06-12 22:47:00,76.9
2025-06-12 01:34:00,5.5
2025-06-12 19:57:00,21.9
2025-06-12 00:27:00,9.4
2025-06-12 21:04:00,58.3
2025-06-12 00:29:00,49.822039706925075
2025-06-12 20:16:00,60.0
2025-06-12 09:23:00,27.3
2025-06-12 09:53:00,29.2
2025-06-12 12:57:00,40.4
2025-06-12 09:52:00,45.0
2025-06-12 18:11:00,19.1
2025-06-12 07:23:00,4.2
2025-06-12 06:20:00,90.5
2025-06-12 03:49:00,92.8
2025-06-12 15:37:00,62.6
2025-06-12 14:56:00,72.8
2025-06-12 01:12:00,49.822039706925075
2025-06-12 04:32:00,79.5
2025-06-12 01:55:00,26.4
2025-06-12 17:44:00,48.9
2025-06-12 19:04:00,6.9
2025-06-12 12:15:00,90.8
2025-06-12 05:29:00,86.7
2025-06-12 21:35:00,49.822039706925075
2025-06-12 01:38:00,48.5
2025-06-12 06:14:00,21.1
2025-06-12 18:50:00,60.8
2025-06-12 04:46:00,52.9
2025-06-12 03:36:00,34.3
2025-06-12 06:05:00,73.7
2025-06-12 21:52:00,2.4
2025-06-12 17:37:00,49.822039706925075
2025-06-12 13:19:00,37.3
2025-06-12 06:24:00,59.7
2025-06-12 00:20:00,12.1
2025-06-12 13:49:00,49.822039706925075
2025-06-12 12:11:00,92.0
2025-06-12 14:54:00,49.822039706925075
2025-06-12 05:53:00,5.5
2025-06-12 21:57:00,49.822039706925075
2025-06-12 22:39:00,89.0
2025-06-12 13:16:00,69.2
2025-06-12 09:07:00,42.9
2025-06-12 09:43:00,80.5
2025-06-12 09:54:00,4.5
2025-06-12 23:38:00,59.5
2025-06-12 07:04:00,49.822039706925075
2025-06-12 16:45:00,87.2
2025-06-12 19:43:00,67.9
2025-06-12 10:27:00,6.2
2025-06-12 11:05:00,24.7
2025-06-12 15:05:00,49.822039706925075
2025-06-12 01:50:00,49.4
2025-06-12 12:13:00,68.1
2025-06-12 09:03:00,43.1
2025-06-12 00:04:00,6.0
2025-06-12 11:42:00,17.4
2025-06-12 00:57:00,85.3
2025-06-12 02:20:00,15.5
2025-06-12 12:40:00,51.5
2025-06-12 09:26:00,55.8
2025-06-12 12:55:00,16.3
2025-06-12 22:40:00,81.7
2025-06-12 04:48:00,56.0
2025-06-12 14:43:00,49.822039706925075
2025-06-12 15:28:00,4.1
2025-06-12 17:07:00,90.7
2025-06-12 11:49:00,16.3
2025-06-12 05:29:00,6.4
2025-06-12 19:00:00,50.9
2025-06-12 17:18:00,88.5
2025-06-12 02:36:00,28.1
2025-06-12 09:39:00,57.1
2025-06-12 01:40:00,18.5
2025-06-12 16:19:00,1.7
2025-06-12 12:02:00,60.8
2025-06-12 01:13:00,94.4
2025-06-12 10:40:00,75.4
2025-06-12 04:24:00,26.5
2025-06-12 14:43:00,70.4
2025-06-12 04:37:00,49.822039706925075
2025-06-12 18:25:00,28.7
2025-06-12 20:46:00,54.7
2025-06-12 14:27:00,26.8
2025-06-12 13:11:00,51.6
2025-06-12 11:36:00,79.0
2025-06-12 07:18:00,71.6
2025-06-12 09:24:00,45.4
2025-06-12 14:35:00,30.7
2025-06-12 17:31:00,25.4
2025-06-12 04:15:00,49.4
2025-06-12 21:56:00,1.3
2025-06-12 12:10:00,95.3
2025-06-12 02:58:00,26.0
2025-06-12 22:16:00,53.7
2025-06-12 21:45:00,49.822039706925075
2025-06-12 07:49:00,35.6
2025-06-12 07:56:00,49.822039706925075
2025-06-12 12:23:00,79.3
2025-06-12 23:03:00,11.0
2025-06-12 09:11:00,44.0
2025-06-12 14:02:00,84.0
2025-06-12 16:23:00,24.1
2025-06-12 09:47:00,14.6
2025-06-12 01:41:00,49.822039706925075
2025-06-12 00:25:00,71.9
2025-06-12 04:13:00,49.822039706925075
2025-06-12 01:11:00,91.2
2025-06-12 10:51:00,63.5
2025-06-12 07:39:00,69.8
2025-06-12 08:13:00,70.4
2025-06-12 18:27:00,55.4
2025-06-12 22:58:00,98.7
2025-06-12 13:14:00,80.2
2025-06-12 23:02:00,49.822039706925075
2025-06-12 23:34:00,60.9
2025-06-12 23:54:00,89.8
2025-06-12 07:16:00,18.8
2025-06-12 05:00:00,49.822039706925075
2025-06-12 22:08:00,98.1
2025-06-12 23:54:00,55.0
2025-06-12 15:21:00,97.3
2025-06-12 18:27:00,92.1
2025-06-12 19:13:00,65.3
2025-06-12 14:02:00,69.3
2025-06-12 22:47:00,49.822039706925075
2025-06-12 04:34:00,53.1
2025-06-12 20:12:00,74.3
2025-06-12 13:11:00,87.1
2025-06-12 20:10:00,76.4
2025-06-12 17:59:00,71.0
2025-06-12 05:26:00,96.8
2025-06-12 08:30:00,49.822039706925075
2025-06-12 01:11:00,1.2
2025-06-12 22:47:00,69.3
2025-06-12 16:20:00,49.822039706925075
2025-06-12 21:58:00,49.822039706925075
2025-06-12 22:16:00,85.2
2025-06-12 06:13:00,11.9
2025-06-12 17:52:00,31.5
2025-06-12 09:29:00,21.9
2025-06-12 15:11:00,36.0
2025-06-12 04:13:00,13.9
2025-06-12 17:10:00,67.7
2025-06-12 11:23:00,72.3
2025-06-12 02:24:00,90.4
2025-06-12 14:43:00,8.7
2025-06-12 19:07:00,14.6
2025-06-12 11:23:00,86.4
2025-06-12 07:17:00,33.7
2025-06-12 06:30:00,91.6
2025-06-12 14:07:00,49.822039706925075
2025-06-12 13:47:00,36.3
2025-06-12 12:02:00,28.3
2025-06-12 03:44:00,96.8
2025-06-12 01:20:00,56.2
2025-06-12 16:37:00,82.9
2025-06-12 01:18:00,58.2
2025-06-12 17:14:00,63.3
2025-06-12 10:06:00,41.7
2025-06-12 04:01:00,34.9
2025-06-12 10:05:00,25.0
2025-06-12 11:44:00,88.1
2025-06-12 06:59:00,72.0
2025-06-12 23:51:00,31.2
2025-06-12 18:46:00,67.8
2025-06-12 10:06:00,66.7
2025-06-12 16:36:00,53.9
2025-06-12 13:33:00,62.8
2025-06-12 04:12:00,49.822039706925075
2025-06-12 23:02:00,70.9
2025-06-12 12:17:00,48.4
2025-06-12 22:59:00,67.2
2025-06-12 06:06:00,33.9
2025-06-12 14:22:00,49.822039706925075
2025-06-12 11:03:00,42.7
2025-06-12 01:30:00,32.2
2025-06-12 14:20:00,38.8
2025-06-12 16:35:00,71.7
2025-06-12 15:07:00,25.7
2025-06-12 21:00:00,87.3
2025-06-12 01:57:00,49.822039706925075
2025-06-12 21:03:00,52.1
2025-06-12 05:50:00,73.5
2025-06-12 21:17:00,49.822039706925075
2025-06-12 04:43:00,78.8
2025-06-12 16:51:00,63.0
2025-06-12 22:55:00,49.822039706925075
2025-06-12 22:03:00,49.4
2025-06-12 15:43:00,49.822039706925075
2025-06-12 06:05:00,49.822039706925075
2025-06-12 21:30:00,13.5
2025-06-12 04:39:00,41.2
2025-06-12 08:49:00,91.5
2025-06-12 20:12:00,8.8
2025-06-12 04:24:00,26.9
2025-06-12 00:25:00,86.0
2025-06-12 23:00:00,22.0
2025-06-12 21:11:00,23.8
2025-06-12 18:47:00,68.3
2025-06-12 16:34:00,81.9
2025-06-12 08:48:00,36.0
2025-06-12 02:17:00,49.822039706925075
2025-06-12 01:33:00,77.4
2025-06-12 14:28:00,84.7
2025-06-12 05:31:00,74.1
2025-06-12 18:35:00,61.2
2025-06-12 21:24:00,97.6
2025-06-12 00:45:00,27.9
2025-06-12 20:01:00,91.3
2025-06-12 06:10:00,6.3
2025-06-12 10:53:00,9.4
2025-06-12 12:30:00,30.9
2025-06-12 04:44:00,61.5
2025-06-12 11:30:00,20.3
2025-06-12 22:07:00,73.8
2025-06-12 12:34:00,50.313785814936594
2025-06-12 02:56:00,95.5
2025-06-12 10:49:00,0.3
2025-06-12 21:31:00,77.5
2025-06-12 14:32:00,50.313785814936594
2025-06-12 12:36:00,50.313785814936594
2025-06-12 06:43:00,6.1
2025-06-12 15:17:00,50.313785814936594
2025-06-12 08:56:00,65.3
2025-06-12 11:00:00,11.0
2025-06-12 13:22:00,50.313785814936594
2025-06-12 07:16:00,23.4
2025-06-12 04:53:00,46.9
2025-06-12 13:56:00,37.6
2025-06-12 06:19:00,54.0
2025-06-12 10:35:00,50.4
2025-06-12 08:22:00,94.2
2025-06-12 02:05:00,23.1
2025-06-12 23:32:00,43.2
2025-06-12 18:05:00,33.5
2025-06-12 09:52:00,50.313785814936594
2025-06-12 13:18:00,22.7
2025-06-12 23:37:00,24.7
2025-06-12 04:46:00,3.4
2025-06-12 03:22:00,54.0
2025-06-12 19:39:00,50.313785814936594
2025-06-12 18:31:00,63.2
2025-06-12 02:32:00,32.9
2025-06-12 23:02:00,86.1
2025-06-12 08:01:00,64.8
2025-06-12 02:53:00,50.313785814936594
2025-06-12 23:45:00,67.6
2025-06-12 13:23:00,47.2
2025-06-12 09:18:00,94.6
2025-06-12 18:50:00,24.5
2025-06-12 03:58:00,3.5
2025-06-12 02:45:00,51.3
2025-06-12 15:43:00,72.6
2025-06-12 06:28:00,18.5
2025-06-12 01:05:00,64.4
2025-06-12 02:48:00,98.7
2025-06-12 07:16:00,14.3
2025-06-12 08:32:00,58.2
2025-06-12 01:46:00,50.313785814936594
2025-06-12 06:58:00,68.1
2025-06-12 09:09:00,40.3
2025-06-12 13:01:00,90.3
2025-06-12 11:51:00,50.313785814936594
2025-06-12 10:24:00,86.8
2025-06-12 13:59:00,63.7
2025-06-12 03:02:00,69.7
2025-06-12 02:42:00,3.1
2025-06-12 03:31:00,53.1
2025-06-12 09:48:00,47.2
2025-06-12 07:11:00,88.9
2025-06-12 07:56:00,50.313785814936594
2025-06-12 08:25:00,13.4
2025-06-12 01:50:00,40.4
2025-06-12 08:33:00,90.3
2025-06-12 10:53:00,39.2
2025-06-12 11:44:00,28.3
2025-06-12 17:09:00,63.0
2025-06-12 13:22:00,4.9
2025-06-12 17:33:00,28.5
2025-06-12 14:10:00,23.7
2025-06-12 13:58:00,21.9
2025-06-12 08:05:00,40.1
2025-06-12 11:39:00,85.2
2025-06-12 06:42:00,84.3
2025-06-12 18:54:00,69.4
2025-06-12 22:23:00,50.313785814936594
2025-06-12 11:43:00,37.7
2025-06-12 21:30:00,52.5
2025-06-12 03:33:00,8.7
2025-06-12 00:37:00,50.313785814936594
2025-06-12 23:58:00,43.4
2025-06-12 22:43:00,42.1
2025-06-12 04:02:00,48.7
2025-06-12 12:04:00,14.2
2025-06-12 16:25:00,2.5
2025-06-12 16:34:00,47.3
2025-06-12 02:08:00,0.8
2025-06-12 02:00:00,50.313785814936594
2025-06-12 19:30:00,20.4
2025-06-12 05:59:00,81.5
2025-06-12 20:20:00,75.1
2025-06-12 05:01:00,88.7
2025-06-12 16:02:00,30.0
2025-06-12 22:52:00,49.7
2025-06-12 00:29:00,37.0
2025-06-12 23:33:00,65.1
2025-06-12 18:42:00,18.4
2025-06-12 22:59:00,66.4
2025-06-12 21:44:00,58.8
2025-06-12 08:27:00,60.3
2025-06-12 04:30:00,71.6
2025-06-12 11:20:00,12.8
2025-06-12 22:49:00,57.8
2025-06-12 00:39:00,67.5
2025-06-12 19:36:00,31.0
2025-06-12 20:21:00,46.4
2025-06-12 07:58:00,69.3
2025-06-12 06:06:00,69.1
2025-06-12 04:50:00,29.4
2025-06-12 22:32:00,30.6
2025-06-12 05:51:00,91.9
2025-06-12 16:59:00,80.0
2025-06-12 01:15:00,40.8
2025-06-12 18:08:00,56.3
2025-06-12 12:40:00,11.7
2025-06-12 17:58:00,58.0
2025-06-12 08:57:00,59.2
2025-06-12 08:12:00,34.5
2025-06-12 03:18:00,18.4
2025-06-12 18:36:00,88.1
2025-06-12 16:25:00,99.3
2025-06-12 12:17:00,82.9
2025-06-12 16:48:00,50.313785814936594
2025-06-12 05:21:00,50.313785814936594
2025-06-12 00:46:00,50.313785814936594
2025-06-12 01:11:00,50.313785814936594
2025-06-12 08:52:00,10.3
2025-06-12 08:05:00,53.5
2025-06-12 17:11:00,15.4
2025-06-12 04:49:00,50.313785814936594
2025-06-12 08:01:00,50.313785814936594
2025-06-12 09:54:00,88.0
2025-06-12 17:35:00,94.9
2025-06-12 14:27:00,50.313785814936594
2025-06-12 18:20:00,88.9
2025-06-12 18:41:00,42.5
2025-06-12 18:14:00,94.6
2025-06-12 11:05:00,32.9
2025-06-12 03:18:00,67.8
2025-06-12 03:25:00,4.5
2025-06-12 09:10:00,50.313785814936594
2025-06-12 21:08:00,5.4
2025-06-12 07:15:00,23.5
2025-06-12 12:09:00,42.7
2025-06-12 00:26:00,54.5
2025-06-12 22:45:00,13.7
2025-06-12 22:46:00,9.5
2025-06-12 21:56:00,16.1
2025-06-12 19:22:00,81.2
2025-06-12 05:35:00,56.2
2025-06-12 07:38:00,84.8
2025-06-12 23:48:00,55.0
2025-06-12 04:18:00,22.4
2025-06-12 08:38:00,50.313785814936594
2025-06-12 08:43:00,59.3
2025-06-12 12:02:00,60.4
2025-06-12 09:10:00,89.1
2025-06-12 19:34:00,96.9
2025-06-12 01:49:00,55.4
2025-06-12 03:32:00,11.4
2025-06-12 21:34:00,89.3
2025-06-12 14:51:00,50.313785814936594
2025-06-12 11:20:00,84.9
2025-06-12 10:38:00,63.1
2025-06-12 07:21:00,60.9
2025-06-12 17:56:00,57.5
2025-06-12 10:14:00,32.7
2025-06-12 12:19:00,50.313785814936594
2025-06-12 12:34:00,50.313785814936594
2025-06-12 02:14:00,8.6
2025-06-12 01:38:00,30.7
2025-06-12 22:04:00,11.5
2025-06-12 12:58:00,64.7
2025-06-12 20:25:00,63.3
2025-06-12 04:04:00,50.313785814936594
2025-06-12 19:12:00,50.313785814936594
2025-06-12 03:33:00,43.2
2025-06-12 08:45:00,21.2
2025-06-12 05:11:00,87.8
2025-06-12 09:23:00,85.9
2025-06-12 11:37:00,49.9
2025-06-12 15:23:00,19.9
2025-06-12 10:48:00,90.0
2025-06-12 11:32:00,0.5
2025-06-12 19:19:00,8.2
2025-06-12 06:58:00,64.5
2025-06-12 06:08:00,39.4
2025-06-12 04:25:00,25.6
2025-06-12 06:22:00,19.9
2025-06-12 17:00:00,17.0
2025-06-12 12:03:00,48.7
2025-06-12 08:02:00,76.3
2025-06-12 12:02:00,79.6
2025-06-12 20:12:00,50.313785814936594
2025-06-12 01:20:00,99.3
2025-06-12 15:09:00,99.8
2025-06-12 09:07:00,0.2
2025-06-12 19:39:00,2.5
2025-06-12 20:35:00,81.9
2025-06-12 13:08:00,50.313785814936594
2025-06-12 04:35:00,34.3
2025-06-12 21:20:00,50.313785814936594
2025-06-12 10:45:00,84.6
2025-06-12 21:44:00,38.8
2025-06-12 10:51:00,64.1
2025-06-12 16:57:00,93.1
2025-06-12 21:46:00,13.0
2025-06-12 10:15:00,88.8
2025-06-12 19:40:00,66.1
2025-06-12 04:08:00,63.8
2025-06-12 04:58:00,76.0
2025-06-12 14:31:00,51.3
2025-06-12 21:49:00,36.6
2025-06-12 05:37:00,72.7
2025-06-12 14:56:00,78.7
2025-06-12 18:52:00,59.9
2025-06-12 21:01:00,83.8
2025-06-12 17:17:00,8.8
2025-06-12 01:31:00,48.5
2025-06-12 20:05:00,82.1
2025-06-12 17:30:00,30.1
2025-06-12 04:24:00,68.2
2025-06-12 16:20:00,61.2
2025-06-12 05:14:00,90.6
2025-06-12 00:17:00,11.0
2025-06-12 06:18:00,2.4
2025-06-12 12:49:00,73.5
2025-06-12 12:46:00,24.7
2025-06-12 10:08:00,8.4
2025-06-12 02:24:00,50.313785814936594
2025-06-12 02:16:00,50.313785814936594
2025-06-12 10:51:00,69.5
2025-06-12 17:15:00,39.9
2025-06-12 04:28:00,85.9
2025-06-12 17:14:00,77.5
2025-06-12 11:45:00,3.0
2025-06-12 16:22:00,35.6
2025-06-12 19:39:00,36.0
2025-06-12 07:49:00,50.313785814936594
2025-06-12 12:55:00,88.1
2025-06-12 21:46:00,83.7
2025-06-12 19:12:00,55.6
2025-06-12 13:17:00,89.0
2025-06-12 13:59:00,32.0
2025-06-12 04:09:00,33.7
2025-06-12 05:21:00,95.9
2025-06-12 19:02:00,66.3
2025-06-12 02:59:00,7.0
2025-06-12 11:53:00,22.3
2025-06-12 05:48:00,16.0
2025-06-12 05:59:00,50.313785814936594
2025-06-12 02:05:00,50.5
2025-06-12 11:22:00,75.9
2025-06-12 20:48:00,50.313785814936594
2025-06-12 12:57:00,99.3
2025-06-12 21:34:00,25.8
2025-06-12 16:56:00,59.7
2025-06-12 23:29:00,4.1
2025-06-12 21:34:00,68.8
2025-06-12 19:28:00,0.3
2025-06-12 05:43:00,86.4
2025-06-12 13:20:00,50.313785814936594
2025-06-12 10:25:00,32.3
2025-06-12 04:46:00,41.8
2025-06-12 20:23:00,97.8
2025-06-12 20:57:00,93.8
2025-06-12 05:36:00,79.8
2025-06-12 18:20:00,50.313785814936594
2025-06-12 04:12:00,22.3
2025-06-12 09:21:00,81.6
2025-06-12 17:29:00,41.1
2025-06-12 01:02:00,60.7
2025-06-12 23:56:00,74.9
2025-06-12 01:13:00,93.7
2025-06-12 16:57:00,51.2
2025-06-12 05:27:00,36.3
2025-06-12 11:52:00,68.5
2025-06-12 14:12:00,50.313785814936594
2025-06-12 00:09:00,32.1
2025-06-12 03:48:00,61.5
2025-06-12 09:23:00,65.7
2025-06-12 01:39:00,93.1
2025-06-12 13:30:00,43.6
2025-06-12 15:14:00,90.4
2025-06-12 09:38:00,26.6
2025-06-12 08:58:00,50.313785814936594
2025-06-12 06:22:00,70.7
2025-06-12 01:02:00,71.5
2025-06-12 21:54:00,50.6
2025-06-12 19:48:00,70.9
2025-06-12 05:03:00,25.2
2025-06-12 04:23:00,23.0
2025-06-12 19:04:00,50.313785814936594
2025-06-12 05:28:00,64.6
2025-06-12 10:30:00,58.2
2025-06-12 18:04:00,85.8
2025-06-12 08:33:00,39.3
2025-06-12 22:54:00,19.6
2025-06-12 01:53:00,49.947505013566115
2025-06-12 03:18:00,51.2
2025-06-12 08:14:00,40.7
2025-06-12 03:15:00,25.1
2025-06-12 16:54:00,49.947505013566115
2025-06-12 06:34:00,17.4
2025-06-12 10:29:00,41.9
2025-06-12 06:43:00,76.1
2025-06-12 13:01:00,69.8
2025-06-12 22:26:00,9.2
2025-06-12 05:30:00,85.0
2025-06-12 22:07:00,7.7
2025-06-12 09:05:00,31.2
2025-06-12 20:24:00,34.6
2025-06-12 15:03:00,55.6
2025-06-12 10:32:00,54.8
2025-06-12 18:16:00,0.1
2025-06-12 08:24:00,20.3
2025-06-12 20:09:00,76.2
2025-06-12 01:24:00,5.2
2025-06-12 13:16:00,22.9
2025-06-12 01:13:00,29.4
2025-06-12 02:38:00,45.4
2025-06-12 14:57:00,1.7
2025-06-12 10:12:00,49.947505013566115
2025-06-12 13:29:00,49.947505013566115
2025-06-12 05:03:00,75.2
2025-06-12 02:01:00,40.6
2025-06-12 22:17:00,49.0
2025-06-12 20:12:00,24.7
2025-06-12 06:11:00,9.1
2025-06-12 19:50:00,31.5
2025-06-12 17:12:00,49.6
2025-06-12 06:05:00,53.1
2025-06-12 16:55:00,20.1
2025-06-12 02:35:00,49.947505013566115
2025-06-12 23:14:00,74.2
2025-06-12 03:45:00,12.9
2025-06-12 02:00:00,27.9
2025-06-12 06:55:00,26.3
2025-06-12 01:10:00,49.947505013566115
2025-06-12 23:54:00,39.8
2025-06-12 06:46:00,49.947505013566115
2025-06-12 02:01:00,72.3
2025-06-12 09:23:00,76.2
2025-06-12 01:51:00,29.7
2025-06-12 23:34:00,36.6
2025-06-12 02:47:00,27.1
2025-06-12 05:47:00,28.1
2025-06-12 07:52:00,36.0
2025-06-12 00:11:00,49.947505013566115
2025-06-12 14:08:00,49.947505013566115
2025-06-12 08:15:00,76.7
2025-06-12 20:06:00,49.947505013566115
2025-06-12 00:16:00,49.947505013566115
2025-06-12 05:37:00,93.0
2025-06-12 09:41:00,70.2
2025-06-12 05:29:00,93.1
2025-06-12 02:18:00,54.0
2025-06-12 07:35:00,49.947505013566115
2025-06-12 10:06:00,97.7
2025-06-12 06:40:00,85.9
2025-06-12 15:02:00,86.1
2025-06-12 22:56:00,79.9
2025-06-12 02:48:00,85.0
2025-06-12 07:02:00,5.5
2025-06-12 14:09:00,21.0
2025-06-12 09:19:00,33.8
2025-06-12 07:03:00,49.947505013566115
2025-06-12 10:41:00,32.6
2025-06-12 19:09:00,22.0
2025-06-12 18:37:00,42.4
2025-06-12 00:43:00,36.9
2025-06-12 16:33:00,22.6
2025-06-12 20:01:00,49.947505013566115
2025-06-12 03:26:00,69.8
2025-06-12 15:20:00,27.4
2025-06-12 05:27:00,60.3
2025-06-12 18:35:00,69.0
2025-06-12 14:05:00,67.7
2025-06-12 18:46:00,49.947505013566115
2025-06-12 17:11:00,55.3
2025-06-12 03:35:00,49.947505013566115
2025-06-12 05:43:00,6.8
2025-06-12 10:06:00,45.5
2025-06-12 05:01:00,49.947505013566115
2025-06-12 19:17:00,98.5
2025-06-12 16:46:00,29.2
2025-06-12 05:38:00,4.3
2025-06-12 07:50:00,63.7
2025-06-12 21:06:00,89.7
2025-06-12 06:52:00,77.2
2025-06-12 08:59:00,49.947505013566115
2025-06-12 21:06:00,33.4
2025-06-12 06:57:00,49.947505013566115
2025-06-12 06:58:00,92.8
2025-06-12 23:31:00,13.3
2025-06-12 01:08:00,49.947505013566115
2025-06-12 00:17:00,55.7
2025-06-12 10:53:00,1.9
2025-06-12 09:09:00,12.7
2025-06-12 04:46:00,49.947505013566115
2025-06-12 05:12:00,61.2
2025-06-12 16:30:00,45.3
2025-06-12 09:33:00,49.947505013566115
2025-06-12 08:12:00,34.4
2025-06-12 22:25:00,49.947505013566115
2025-06-12 06:17:00,16.7
2025-06-12 23:08:00,61.7
2025-06-12 04:19:00,17.3
2025-06-12 01:15:00,30.4
2025-06-12 07:11:00,37.8
2025-06-12 06:04:00,16.6
2025-06-12 01:05:00,17.9
2025-06-12 01:39:00,36.5
2025-06-12 21:34:00,85.5
2025-06-12 03:28:00,68.3
2025-06-12 21:52:00,49.947505013566115
2025-06-12 12:47:00,89.0
2025-06-12 07:13:00,1.3
2025-06-12 19:45:00,78.4
2025-06-12 03:37:00,31.2
2025-06-12 01:30:00,49.947505013566115
2025-06-12 17:51:00,39.1
2025-06-12 19:06:00,50.7
2025-06-12 12:06:00,19.5
2025-06-12 01:40:00,49.947505013566115
2025-06-12 21:09:00,63.9
2025-06-12 12:20:00,20.5
2025-06-12 14:11:00,71.4
2025-06-12 10:43:00,49.947505013566115
2025-06-12 13:02:00,68.6
2025-06-12 17:22:00,1.0
2025-06-12 15:56:00,77.6
2025-06-12 10:40:00,91.7
2025-06-12 19:15:00,80.6
2025-06-12 02:58:00,27.2
2025-06-12 07:25:00,8.9
2025-06-12 19:51:00,39.3
2025-06-12 12:59:00,11.0
2025-06-12 03:31:00,50.1
2025-06-12 15:43:00,63.1
2025-06-12 19:03:00,5.1
2025-06-12 23:06:00,71.0
2025-06-12 08:07:00,81.3
2025-06-12 20:51:00,89.8
2025-06-12 11:20:00,76.5
2025-06-12 02:17:00,6.5
2025-06-12 01:56:00,80.7
2025-06-12 16:34:00,93.9
2025-06-12 09:44:00,49.947505013566115
2025-06-12 09:53:00,49.947505013566115
2025-06-12 08:19:00,12.1
2025-06-12 16:27:00,67.5
2025-06-12 20:42:00,21.5
2025-06-12 12:36:00,78.4
2025-06-12 23:42:00,56.0
2025-06-12 00:03:00,49.947505013566115
2025-06-12 00:35:00,8.5
2025-06-12 05:29:00,12.7
2025-06-12 12:53:00,73.7
2025-06-12 12:56:00,9.1
2025-06-12 21:31:00,5.6
2025-06-12 05:48:00,3.8
2025-06-12 04:19:00,32.9
2025-06-12 19:23:00,51.2
2025-06-12 18:46:00,49.947505013566115
2025-06-12 07:03:00,1.5
2025-06-12 23:32:00,64.7
2025-06-12 00:19:00,28.2
2025-06-12 17:51:00,68.5
2025-06-12 05:22:00,3.9
2025-06-12 21:31:00,49.947505013566115
2025-06-12 10:16:00,49.947505013566115
2025-06-12 20:29:00,53.0
2025-06-12 23:36:00,43.3
2025-06-12 10:39:00,25.1
2025-06-12 20:56:00,1.0
2025-06-12 22:27:00,22.6
2025-06-12 17:22:00,6.0
2025-06-12 02:00:00,49.947505013566115
2025-06-12 09:48:00,79.3
2025-06-12 00:27:00,86.0
2025-06-12 22:08:00,5.6
2025-06-12 18:03:00,86.9
2025-06-12 17:30:00,7.6
2025-06-12 22:53:00,49.5
2025-06-12 14:39:00,49.947505013566115
2025-06-12 14:03:00,49.947505013566115
2025-06-12 23:09:00,29.9
2025-06-12 20:26:00,73.5
2025-06-12 15:38:00,49.947505013566115
2025-06-12 15:41:00,70.8
2025-06-12 05:28:00,83.0
2025-06-12 15:38:00,79.5
2025-06-12 19:47:00,49.947505013566115
2025-06-12 12:04:00,51.7
2025-06-12 08:03:00,30.5
2025-06-12 21:14:00,49.947505013566115
2025-06-12 11:26:00,41.3
2025-06-12 19:45:00,50.4
2025-06-12 14:43:00,49.947505013566115
2025-06-12 00:45:00,52.9
2025-06-12 08:56:00,2.7
2025-06-12 22:30:00,78.4
2025-06-12 12:06:00,84.5
2025-06-12 21:16:00,32.4
2025-06-12 01:02:00,81.1
2025-06-12 13:09:00,67.7
2025-06-12 05:46:00,97.8
2025-06-12 22:09:00,84.3
2025-06-12 03:21:00,84.9
2025-06-12 05:34:00,64.6
2025-06-12 18:50:00,42.3
2025-06-12 17:07:00,53.1
2025-06-12 00:28:00,49.947505013566115
2025-06-12 16:53:00,92.0
2025-06-12 06:09:00,84.3
2025-06-12 15:04:00,30.1
2025-06-12 14:21:00,24.9
2025-06-12 20:06:00,67.5
2025-06-12 19:36:00,8.2
2025-06-12 00:04:00,45.4
2025-06-12 14:50:00,42.6
2025-06-12 03:19:00,3.0
2025-06-12 14:59:00,5.3
2025-06-12 10:51:00,39.0
2025-06-12 06:04:00,80.7
2025-06-12 10:03:00,2.0
2025-06-12 14:02:00,49.947505013566115
2025-06-12 18:44:00,55.5
2025-06-12 22:15:00,89.0
2025-06-12 04:50:00,86.2
2025-06-12 13:40:00,15.3
2025-06-12 14:37:00,49.947505013566115
2025-06-12 17:12:00,72.0
2025-06-12 02:04:00,61.7
2025-06-12 02:40:00,19.4
2025-06-12 13:05:00,90.3
2025-06-12 09:49:00,60.1
2025-06-12 11:49:00,18.9
2025-06-12 01:44:00,16.3
2025-06-12 15:32:00,73.0
2025-06-12 12:54:00,63.9
2025-06-12 02:05:00,10.9
2025-06-12 06:01:00,54.3
2025-06-12 15:46:00,76.4
2025-06-12 10:35:00,3.6
2025-06-12 04:33:00,49.947505013566115
2025-06-12 00:46:00,96.2
2025-06-12 18:24:00,49.947505013566115
2025-06-12 14:39:00,61.7
2025-06-12 14:05:00,63.0
2025-06-12 00:10:00,4.3
2025-06-12 18:04:00,82.5
2025-06-12 06:52:00,85.8
2025-06-12 21:15:00,15.7
2025-06-12 10:05:00,11.1
2025-06-12 12:05:00,76.4
2025-06-12 20:04:00,39.4
2025-06-12 10:44:00,49.947505013566115
2025-06-12 13:31:00,56.1
2025-06-12 16:50:00,98.3
2025-06-12 04:48:00,41.7
2025-06-12 02:19:00,3.6
2025-06-12 11:56:00,37.4
2025-06-12 15:08:00,74.0
2025-06-12 07:58:00,89.2
2025-06-12 12:28:00,81.2
2025-06-12 12:17:00,90.0
2025-06-12 04:14:00,32.2
2025-06-12 09:09:00,65.1
2025-06-12 00:02:00,84.8
2025-06-12 02:33:00,95.1
2025-06-12 20:32:00,57.1
2025-06-12 02:22:00,95.0
2025-06-12 00:19:00,49.947505013566115
2025-06-12 03:41:00,25.8
2025-06-12 00:12:00,36.3
2025-06-12 12:24:00,63.9
2025-06-12 20:18:00,49.947505013566115
2025-06-12 09:38:00,44.5
2025-06-12 05:22:00,95.8
2025-06-12 11:52:00,49.947505013566115
2025-06-12 23:35:00,43.0
2025-06-12 17:48:00,41.1
2025-06-12 16:44:00,96.7
2025-06-12 00:54:00,57.9
2025-06-12 19:07:00,49.947505013566115
2025-06-12 04:09:00,41.8
2025-06-12 22:18:00,49.947505013566115
2025-06-12 16:45:00,38.3
2025-06-12 02:19:00,72.3
2025-06-12 04:33:00,95.3
2025-06-12 07:58:00,93.5
2025-06-12 03:16:00,49.947505013566115
2025-06-12 19:37:00,48.0
2025-06-12 00:38:00,49.947505013566115
2025-06-12 14:33:00,13.7
2025-06-12 22:43:00,56.8
2025-06-12 21:05:00,96.9
2025-06-12 09:59:00,85.2
2025-06-12 14:52:00,49.947505013566115
2025-06-12 23:25:00,43.2
2025-06-12 18:57:00,77.9
2025-06-12 14:49:00,93.1
2025-06-12 11:01:00,42.3
2025-06-12 05:39:00,17.8
2025-06-12 16:26:00,59.0
2025-06-12 05:12:00,85.8
2025-06-12 23:23:00,8.2
2025-06-12 11:02:00,20.7
2025-06-12 19:01:00,5.1
2025-06-12 12:25:00,10.1
2025-06-12 18:27:00,7.4
2025-06-12 12:45:00,49.947505013566115
2025-06-12 06:43:00,30.4
2025-06-12 16:27:00,18.8
2025-06-12 17:00:00,49.947505013566115
2025-06-12 01:01:00,35.3
2025-06-12 21:23:00,70.7
2025-06-12 06:33:00,56.8
2025-06-12 10:22:00,19.1
2025-06-12 09:59:00,55.5
2025-06-12 21:07:00,20.8
2025-06-12 08:51:00,57.9
2025-06-12 21:55:00,76.3
2025-06-12 13:45:00,36.4
2025-06-12 15:09:00,96.8
2025-06-12 21:57:00,95.0
2025-06-12 08:43:00,32.4
2025-06-12 07:50:00,27.7
2025-06-12 04:55:00,91.6
2025-06-12 13:38:00,3.0
2025-06-12 09:53:00,49.0
2025-06-12 07:58:00,99.5
2025-06-12 00:05:00,50.31471380077256
2025-06-12 09:51:00,75.5
2025-06-12 15:19:00,49.4
2025-06-12 01:51:00,81.3
2025-06-12 03:21:00,22.5
2025-06-12 18:19:00,49.9
2025-06-12 10:03:00,58.9
2025-06-12 21:48:00,61.5
2025-06-12 22:41:00,7.7
2025-06-12 12:25:00,8.4
2025-06-12 17:47:00,50.31471380077256
2025-06-12 10:45:00,48.0
2025-06-12 01:00:00,65.6
2025-06-12 15:21:00,89.0
2025-06-12 02:34:00,36.8
2025-06-12 00:04:00,48.2
2025-06-12 23:07:00,40.3
2025-06-12 06:32:00,16.0
2025-06-12 14:32:00,50.31471380077256
2025-06-12 19:39:00,15.6
2025-06-12 13:19:00,50.31471380077256
2025-06-12 19:02:00,92.7
2025-06-12 06:54:00,7.1
2025-06-12 01:00:00,93.0
2025-06-12 10:01:00,23.8
2025-06-12 13:44:00,87.3
2025-06-12 14:38:00,4.8
2025-06-12 00:54:00,78.2
2025-06-12 22:29:00,98.0
2025-06-12 15:23:00,50.31471380077256
2025-06-12 18:06:00,2.2
2025-06-12 12:56:00,99.4
2025-06-12 06:13:00,50.31471380077256
2025-06-12 07:58:00,50.31471380077256
2025-06-12 13:17:00,72.9
2025-06-12 18:54:00,54.9
2025-06-12 15:27:00,68.2
2025-06-12 00:26:00,21.2
2025-06-12 00:41:00,3.9
2025-06-12 22:54:00,92.1
2025-06-12 12:15:00,51.2
2025-06-12 07:55:00,37.2
2025-06-12 21:08:00,50.31471380077256
2025-06-12 06:29:00,98.2
2025-06-12 20:47:00,92.8
2025-06-12 02:00:00,70.2
2025-06-12 07:29:00,53.7
2025-06-12 00:50:00,66.4
2025-06-12 07:08:00,40.9
2025-06-12 00:26:00,67.1
2025-06-12 06:33:00,4.0
2025-06-12 07:02:00,90.4
2025-06-12 06:12:00,19.4
2025-06-12 22:27:00,93.3
2025-06-12 03:52:00,50.31471380077256
2025-06-12 18:37:00,6.7
2025-06-12 14:07:00,23.4
2025-06-12 06:37:00,46.4
2025-06-12 11:15:00,11.2
2025-06-12 11:10:00,14.3
2025-06-12 15:25:00,55.9
2025-06-12 12:33:00,75.5
2025-06-12 15:42:00,75.6
2025-06-12 18:15:00,37.7
2025-06-12 01:59:00,50.31471380077256
2025-06-12 05:26:00,29.0
2025-06-12 10:55:00,50.31471380077256
2025-06-12 14:37:00,10.0
2025-06-12 04:25:00,95.0
2025-06-12 13:17:00,87.8
2025-06-12 09:27:00,23.1
2025-06-12 07:27:00,50.31471380077256
2025-06-12 21:12:00,50.31471380077256
2025-06-12 22:41:00,50.31471380077256
2025-06-12 18:48:00,5.1
2025-06-12 23:05:00,28.2
2025-06-12 14:35:00,37.8
2025-06-12 01:39:00,70.9
2025-06-12 07:59:00,41.0
2025-06-12 23:59:00,16.0
2025-06-12 00:58:00,80.9
2025-06-12 07:04:00,54.9
2025-06-12 21:23:00,26.9
2025-06-12 13:59:00,50.31471380077256
2025-06-12 11:55:00,46.3
2025-06-12 15:37:00,31.9
2025-06-12 07:11:00,44.8
2025-06-12 08:29:00,76.8
2025-06-12 14:35:00,50.31471380077256
2025-06-12 19:07:00,89.5
2025-06-12 17:52:00,50.31471380077256
2025-06-12 03:18:00,3.7
2025-06-12 05:33:00,15.4
2025-06-12 03:11:00,57.6
2025-06-12 09:08:00,68.0
2025-06-12 18:30:00,14.5
2025-06-12 22:36:00,72.6
2025-06-12 12:34:00,60.7
2025-06-12 22:48:00,85.2
2025-06-12 16:47:00,28.1
2025-06-12 18:14:00,48.1
2025-06-12 09:21:00,73.8
2025-06-12 01:44:00,26.2
2025-06-12 21:15:00,63.1
2025-06-12 11:24:00,50.31471380077256
2025-06-12 19:32:00,45.0
2025-06-12 05:36:00,50.31471380077256
2025-06-12 11:49:00,1.3
2025-06-12 10:20:00,50.31471380077256
2025-06-12 22:57:00,83.0
2025-06-12 06:00:00,45.2
2025-06-12 17:59:00,41.8
2025-06-12 13:01:00,39.8
2025-06-12 05:40:00,28.4
2025-06-12 15:10:00,84.8
2025-06-12 02:43:00,84.9
2025-06-12 12:39:00,93.0
2025-06-12 04:48:00,43.0
2025-06-12 01:45:00,8.4
2025-06-12 03:56:00,83.7
2025-06-12 16:57:00,12.9
2025-06-12 23:08:00,86.7
2025-06-12 10:26:00,26.8
2025-06-12 07:03:00,50.31471380077256
2025-06-12 22:35:00,3.7
2025-06-12 22:41:00,96.3
2025-06-12 19:14:00,71.8
2025-06-12 05:04:00,70.4
2025-06-12 18:43:00,73.7
2025-06-12 19:11:00,0.7
2025-06-12 14:00:00,26.1
2025-06-12 10:19:00,42.2
2025-06-12 05:04:00,29.6
2025-06-12 06:59:00,60.4
2025-06-12 23:54:00,45.7
2025-06-12 14:24:00,59.0
2025-06-12 11:37:00,59.2
2025-06-12 00:44:00,80.8
2025-06-12 22:39:00,6.2
2025-06-12 13:50:00,34.6
2025-06-12 06:18:00,82.8
2025-06-12 21:51:00,50.31471380077256
2025-06-12 23:36:00,5.1
2025-06-12 02:17:00,63.0
2025-06-12 08:25:00,50.31471380077256
2025-06-12 20:23:00,88.1
2025-06-12 14:23:00,35.7
2025-06-12 16:33:00,67.0
2025-06-12 04:16:00,6.5
2025-06-12 06:55:00,94.3
2025-06-12 10:37:00,50.31471380077256
2025-06-12 23:13:00,28.7
2025-06-12 18:38:00,87.3
2025-06-12 23:08:00,1.2
2025-06-12 14:01:00,55.2
2025-06-12 16:24:00,19.4
2025-06-12 09:49:00,44.4
2025-06-12 22:39:00,0.6
2025-06-12 01:08:00,81.5
2025-06-12 18:16:00,9.1
2025-06-12 16:29:00,44.7
2025-06-12 09:23:00,97.6
2025-06-12 18:35:00,50.31471380077256
2025-06-12 22:21:00,83.6
2025-06-12 18:32:00,27.1
2025-06-12 02:52:00,8.0
2025-06-12 12:06:00,37.9
2025-06-12 20:04:00,65.2
2025-06-12 15:29:00,83.4
2025-06-12 08:07:00,73.3
2025-06-12 07:23:00,50.8
2025-06-12 00:29:00,35.5
2025-06-12 12:46:00,37.4
2025-06-12 18:52:00,19.0
2025-06-12 00:28:00,50.31471380077256
2025-06-12 03:37:00,68.4
2025-06-12 12:44:00,58.6
2025-06-12 12:47:00,32.7
2025-06-12 09:58:00,3.4
2025-06-12 07:22:00,42.7
2025-06-12 21:18:00,13.7
2025-06-12 10:33:00,50.31471380077256
2025-06-12 17:09:00,1.0
2025-06-12 03:48:00,68.1
2025-06-12 02:06:00,50.31471380077256
2025-06-12 04:03:00,7.4
2025-06-12 06:14:00,22.9
2025-06-12 15:48:00,63.9
2025-06-12 07:34:00,92.9
2025-06-12 06:30:00,48.7
2025-06-12 11:27:00,64.0
2025-06-12 16:43:00,20.6
2025-06-12 07:08:00,59.6
2025-06-12 23:29:00,66.7
2025-06-12 01:57:00,76.5
2025-06-12 21:51:00,50.31471380077256
2025-06-12 20:58:00,65.8
2025-06-12 09:15:00,59.3
2025-06-12 06:13:00,23.1
2025-06-12 19:23:00,40.4
2025-06-12 08:54:00,50.31471380077256
2025-06-12 18:17:00,11.0
2025-06-12 03:58:00,95.6
2025-06-12 05:36:00,51.6
2025-06-12 04:17:00,99.5
2025-06-12 13:52:00,69.5
2025-06-12 20:18:00,62.2
2025-06-12 00:04:00,59.8
2025-06-12 08:41:00,69.1
2025-06-12 08:02:00,37.7
2025-06-12 06:41:00,13.9
2025-06-12 14:52:00,53.8
2025-06-12 23:14:00,55.2
2025-06-12 09:16:00,37.2
2025-06-12 03:16:00,74.3
2025-06-12 21:50:00,30.9
2025-06-12 18:48:00,22.0
2025-06-12 13:37:00,84.5
2025-06-12 23:48:00,53.4
2025-06-12 09:51:00,50.31471380077256
2025-06-12 04:10:00,98.2
2025-06-12 18:04:00,50.31471380077256
2025-06-12 20:29:00,66.3
2025-06-12 03:54:00,6.6
2025-06-12 20:29:00,96.1
2025-06-12 11:48:00,38.9
2025-06-12 01:39:00,93.9
2025-06-12 18:51:00,36.3
2025-06-12 20:46:00,89.8
2025-06-12 01:38:00,30.8
2025-06-12 18:41:00,42.2
2025-06-12 18:37:00,20.4
2025-06-12 09:34:00,16.7
2025-06-12 06:14:00,50.31471380077256
2025-06-12 06:58:00,51.0
2025-06-12 12:52:00,95.4
2025-06-12 06:46:00,52.3
2025-06-12 10:50:00,14.9
2025-06-12 17:18:00,50.31471380077256
2025-06-12 23:47:00,10.7
2025-06-12 17:25:00,50.4
2025-06-12 11:51:00,24.3
2025-06-12 11:19:00,24.5
2025-06-12 10:57:00,50.31471380077256
2025-06-12 19:25:00,50.31471380077256
2025-06-12 13:08:00,30.8
2025-06-12 17:39:00,50.31471380077256
2025-06-12 23:38:00,19.4
2025-06-12 00:41:00,78.8
2025-06-12 02:56:00,11.4
2025-06-12 16:19:00,79.8
2025-06-12 01:43:00,1.3
2025-06-12 03:03:00,78.8
2025-06-12 12:10:00,44.0
2025-06-12 10:13:00,1.8
2025-06-12 02:24:00,50.31471380077256
2025-06-12 07:37:00,64.0
2025-06-12 06:26:00,68.8
2025-06-12 00:32:00,90.8
2025-06-12 19:53:00,26.7
2025-06-12 18:34:00,86.1
2025-06-12 10:46:00,19.7
2025-06-12 16:08:00,71.7
2025-06-12 15:45:00,18.4
2025-06-12 12:25:00,79.5
2025-06-12 05:58:00,67.1
2025-06-12 02:43:00,72.4
2025-06-12 00:39:00,40.7
2025-06-12 19:28:00,22.3
2025-06-12 23:47:00,29.6
2025-06-12 21:43:00,86.4
2025-06-12 08:29:00,65.5
2025-06-12 03:12:00,50.31471380077256
2025-06-12 13:33:00,56.4
2025-06-12 13:30:00,9.5
2025-06-12 02:57:00,17.9
2025-06-12 05:15:00,61.5
2025-06-12 22:21:00,74.5
2025-06-12 03:21:00,95.2
2025-06-12 12:25:00,43.5
2025-06-12 17:22:00,3.9
2025-06-12 21:57:00,73.8
2025-06-12 14:01:00,10.3
2025-06-12 07:57:00,97.9
2025-06-12 18:55:00,93.0
2025-06-12 16:44:00,84.6
2025-06-12 01:43:00,50.31471380077256
2025-06-12 10:43:00,39.2
2025-06-12 01:16:00,78.1
2025-06-12 19:23:00,38.0
2025-06-12 00:12:00,26.3
2025-06-12 16:59:00,50.31471380077256
2025-06-12 23:00:00,50.31471380077256
2025-06-12 14:43:00,88.9
2025-06-12 17:53:00,20.1
2025-06-12 10:54:00,50.4
2025-06-12 23:51:00,84.3
2025-06-12 15:47:00,43.3
2025-06-12 18:08:00,23.8
2025-06-12 13:59:00,50.31471380077256
2025-06-12 00:07:00,20.8
2025-06-12 06:14:00,85.3
2025-06-12 09:33:00,43.0
2025-06-12 00:52:00,72.7
2025-06-12 12:02:00,43.2
2025-06-12 17:18:00,3.2
2025-06-12 01:29:00,55.4
2025-06-12 21:39:00,41.2
2025-06-12 07:06:00,26.9
2025-06-12 07:52:00,7.5
2025-06-12 07:00:00,48.5
2025-06-12 16:08:00,46.9
2025-06-12 18:23:00,45.3
2025-06-12 05:33:00,47.2
2025-06-12 13:15:00,50.31471380077256
2025-06-12 18:42:00,16.7
2025-06-12 16:22:00,28.7
2025-06-12 06:54:00,78.1
2025-06-12 20:22:00,32.2
2025-06-12 01:10:00,23.5
2025-06-12 11:19:00,89.1
2025-06-12 20:50:00,21.9
2025-06-12 13:14:00,9.2
2025-06-12 13:00:00,51.9
2025-06-12 00:12:00,37.8
2025-06-12 09:01:00,33.5
2025-06-12 20:01:00,40.5
2025-06-12 18:43:00,11.4
2025-06-12 01:30:00,5.1
2025-06-12 04:52:00,73.0
2025-06-12 19:36:00,49.873700916999766
2025-06-12 13:26:00,49.873700916999766
2025-06-12 16:55:00,34.9
2025-06-12 05:42:00,53.3
2025-06-12 01:34:00,83.7
2025-06-12 17:11:00,24.1
2025-06-12 22:04:00,65.4
2025-06-12 14:06:00,26.5
2025-06-12 03:51:00,68.6
2025-06-12 22:25:00,1.3
2025-06-12 20:49:00,52.0
2025-06-12 14:24:00,63.9
2025-06-12 00:52:00,15.4
2025-06-12 08:08:00,76.5
2025-06-12 13:00:00,49.873700916999766
2025-06-12 01:43:00,9.2
2025-06-12 19:38:00,34.8
2025-06-12 15:18:00,15.7
2025-06-12 19:57:00,49.873700916999766
2025-06-12 08:09:00,66.1
2025-06-12 10:17:00,28.0
2025-06-12 13:54:00,49.873700916999766
2025-06-12 07:45:00,49.873700916999766
2025-06-12 11:14:00,81.0
2025-06-12 14:38:00,15.8
2025-06-12 13:44:00,53.6
2025-06-12 15:28:00,49.873700916999766
2025-06-12 08:35:00,81.1
2025-06-12 07:38:00,82.4
2025-06-12 08:36:00,49.873700916999766
2025-06-12 21:08:00,92.8
2025-06-12 15:55:00,24.4
2025-06-12 09:05:00,65.6
2025-06-12 02:11:00,5.3
2025-06-12 18:17:00,46.1
2025-06-12 11:48:00,97.6
2025-06-12 00:10:00,66.9
2025-06-12 19:49:00,68.7
2025-06-12 04:44:00,49.873700916999766
2025-06-12 06:46:00,49.873700916999766
2025-06-12 06:11:00,84.1
2025-06-12 01:29:00,35.1
2025-06-12 14:51:00,9.7
2025-06-12 03:32:00,36.2
2025-06-12 21:30:00,39.4
2025-06-12 20:02:00,95.7
2025-06-12 09:11:00,50.5
2025-06-12 01:23:00,52.5
2025-06-12 08:10:00,22.3
2025-06-12 11:43:00,41.4
2025-06-12 14:00:00,80.4
2025-06-12 12:32:00,73.8
2025-06-12 11:24:00,93.4
2025-06-12 11:00:00,2.9
2025-06-12 11:00:00,63.3
2025-06-12 23:15:00,65.2
2025-06-12 00:57:00,68.0
2025-06-12 15:46:00,87.4
2025-06-12 10:20:00,55.6
2025-06-12 08:58:00,49.873700916999766
2025-06-12 22:58:00,52.3
2025-06-12 21:58:00,50.5
2025-06-12 16:42:00,2.0
2025-06-12 09:39:00,64.1
2025-06-12 15:37:00,26.2
2025-06-12 14:38:00,49.873700916999766
2025-06-12 17:12:00,18.4
2025-06-12 06:02:00,89.5
2025-06-12 13:24:00,19.4
2025-06-12 19:03:00,32.5
2025-06-12 05:26:00,88.3
2025-06-12 01:26:00,54.7
2025-06-12 02:56:00,23.4
2025-06-12 10:09:00,3.0
2025-06-12 13:42:00,47.8
2025-06-12 17:08:00,80.4
2025-06-12 00:48:00,45.1
2025-06-12 12:53:00,88.9
2025-06-12 20:33:00,49.7
2025-06-12 17:59:00,46.9
2025-06-12 01:53:00,69.6
2025-06-12 09:41:00,68.6
2025-06-12 10:51:00,63.4
2025-06-12 04:58:00,49.873700916999766
2025-06-12 14:12:00,51.5
2025-06-12 13:17:00,88.2
2025-06-12 20:55:00,38.1
2025-06-12 17:41:00,42.7
2025-06-12 10:30:00,64.8
2025-06-12 00:22:00,37.7
2025-06-12 04:01:00,4.1
2025-06-12 08:37:00,82.0
2025-06-12 02:13:00,64.5
2025-06-12 13:29:00,69.3
2025-06-12 09:08:00,57.7
2025-06-12 12:34:00,19.5
2025-06-12 16:40:00,7.4
2025-06-12 11:35:00,59.8
2025-06-12 06:13:00,98.4
2025-06-12 12:41:00,40.4
2025-06-12 13:43:00,80.4
2025-06-12 18:06:00,32.6
2025-06-12 09:23:00,84.6
2025-06-12 20:13:00,87.3
2025-06-12 12:50:00,76.8
2025-06-12 05:33:00,49.873700916999766
2025-06-12 01:53:00,90.9
2025-06-12 19:43:00,33.9
2025-06-12 12:02:00,8.1
2025-06-12 09:03:00,82.5
2025-06-12 22:49:00,79.5
2025-06-12 18:55:00,52.4
2025-06-12 18:52:00,49.873700916999766
2025-06-12 16:53:00,14.7
2025-06-12 23:06:00,69.8
2025-06-12 23:28:00,41.8
2025-06-12 05:01:00,17.5
2025-06-12 14:13:00,55.0
2025-06-12 19:54:00,6.0
2025-06-12 04:42:00,0.1
2025-06-12 06:27:00,11.9
2025-06-12 03:43:00,49.873700916999766
2025-06-12 02:08:00,71.2
2025-06-12 13:59:00,48.4
2025-06-12 04:31:00,57.5
2025-06-12 11:04:00,49.873700916999766
2025-06-12 20:45:00,81.5
2025-06-12 19:41:00,84.2
2025-06-12 10:55:00,49.873700916999766
2025-06-12 10:39:00,49.873700916999766
2025-06-12 11:37:00,70.0
2025-06-12 03:32:00,2.1
2025-06-12 07:03:00,49.873700916999766
2025-06-12 02:38:00,52.8
2025-06-12 11:27:00,5.3
2025-06-12 15:06:00,49.873700916999766
2025-06-12 09:56:00,54.7
2025-06-12 02:25:00,49.873700916999766
2025-06-12 10:13:00,10.0
2025-06-12 22:31:00,29.5
2025-06-12 08:00:00,61.8
2025-06-12 22:56:00,16.0
2025-06-12 05:10:00,1.2
2025-06-12 19:08:00,0.7
2025-06-12 16:24:00,49.873700916999766
2025-06-12 17:27:00,58.0
2025-06-12 11:11:00,17.2
2025-06-12 21:47:00,49.873700916999766
2025-06-12 13:44:00,11.0
2025-06-12 13:12:00,80.3
2025-06-12 08:18:00,47.8
2025-06-12 01:25:00,3.2
2025-06-12 18:12:00,29.9
2025-06-12 11:38:00,26.3
2025-06-12 14:34:00,44.8
2025-06-12 20:21:00,76.7
2025-06-12 18:18:00,3.4
2025-06-12 01:02:00,73.9
2025-06-12 01:35:00,52.0
2025-06-12 02:53:00,6.5
2025-06-12 18:48:00,23.2
2025-06-12 14:57:00,86.5
2025-06-12 20:46:00,91.0
2025-06-12 09:47:00,39.9
2025-06-12 02:50:00,49.873700916999766
2025-06-12 14:37:00,49.873700916999766
2025-06-12 00:44:00,26.0
2025-06-12 01:00:00,68.7
2025-06-12 20:46:00,34.1
2025-06-12 15:04:00,93.0
2025-06-12 01:07:00,20.0
2025-06-12 17:33:00,78.9
2025-06-12 22:33:00,12.1
2025-06-12 04:37:00,49.873700916999766
2025-06-12 17:00:00,34.8
2025-06-12 08:41:00,8.0
2025-06-12 23:10:00,2.5
2025-06-12 12:59:00,96.9
2025-06-12 05:04:00,56.2
2025-06-12 15:49:00,66.6
2025-06-12 08:14:00,4.0
2025-06-12 01:47:00,56.4
2025-06-12 05:01:00,49.873700916999766
2025-06-12 02:20:00,75.3
2025-06-12 10:31:00,50.3
2025-06-12 11:42:00,69.9
2025-06-12 18:26:00,74.7
2025-06-12 13:11:00,99.8
2025-06-12 15:06:00,49.873700916999766
2025-06-12 18:33:00,75.4
2025-06-12 23:26:00,3.8
2025-06-12 16:19:00,71.5
2025-06-12 11:09:00,6.4
2025-06-12 14:34:00,61.9
2025-06-12 07:11:00,78.8
2025-06-12 11:04:00,68.1
2025-06-12 19:12:00,82.5
2025-06-12 16:51:00,16.3
2025-06-12 23:34:00,1.2
2025-06-12 16:29:00,76.5
2025-06-12 18:17:00,28.9
2025-06-12 18:47:00,42.0
2025-06-12 08:09:00,86.7
2025-06-12 19:52:00,22.6
2025-06-12 00:37:00,86.5
2025-06-12 11:26:00,19.6
2025-06-12 13:17:00,49.873700916999766
2025-06-12 16:43:00,63.4
2025-06-12 07:49:00,53.8
2025-06-12 21:03:00,28.8
2025-06-12 08:47:00,50.3
2025-06-12 02:53:00,28.2
2025-06-12 14:20:00,45.1
2025-06-12 10:13:00,35.6
2025-06-12 20:29:00,58.4
2025-06-12 18:09:00,85.2
2025-06-12 13:52:00,4.1
2025-06-12 22:02:00,49.1
2025-06-12 17:59:00,22.3
2025-06-12 00:45:00,29.9
2025-06-12 21:25:00,93.9
2025-06-12 06:11:00,83.4
2025-06-12 02:33:00,19.1
2025-06-12 18:56:00,87.5
2025-06-12 04:03:00,6.9
2025-06-12 08:27:00,83.7
2025-06-12 01:33:00,45.3
2025-06-12 17:43:00,17.1
2025-06-12 15:03:00,67.5
2025-06-12 11:31:00,34.0
2025-06-12 18:46:00,45.7
2025-06-12 00:31:00,80.9
2025-06-12 16:05:00,74.6
2025-06-12 20:19:00,49.873700916999766
2025-06-12 11:29:00,49.873700916999766
2025-06-12 13:08:00,64.9
2025-06-12 01:19:00,49.873700916999766
2025-06-12 11:24:00,34.7
2025-06-12 03:36:00,12.2
2025-06-12 23:19:00,95.5
2025-06-12 05:04:00,68.5
2025-06-12 07:48:00,38.6
2025-06-12 18:23:00,25.7
2025-06-12 22:17:00,16.6
2025-06-12 06:02:00,49.873700916999766
2025-06-12 06:08:00,91.2
2025-06-12 17:42:00,1.8
2025-06-12 14:46:00,80.2
2025-06-12 13:39:00,11.9
2025-06-12 21:11:00,66.9
2025-06-12 00:29:00,46.2
2025-06-12 11:05:00,36.3
2025-06-12 03:19:00,70.4
2025-06-12 12:15:00,71.4
2025-06-12 19:46:00,35.3
2025-06-12 03:25:00,28.2
2025-06-12 07:39:00,49.5
2025-06-12 05:43:00,45.7
2025-06-12 01:42:00,21.8
2025-06-12 02:02:00,49.873700916999766
2025-06-12 06:35:00,83.0
2025-06-12 05:09:00,17.5
2025-06-12 22:24:00,34.7
2025-06-12 05:19:00,11.0
2025-06-12 09:26:00,94.6
2025-06-12 13:06:00,91.6
2025-06-12 16:40:00,82.6
2025-06-12 23:07:00,88.7
2025-06-12 03:08:00,15.9
2025-06-12 10:50:00,88.0
2025-06-12 21:11:00,55.0
2025-06-12 00:15:00,21.2
2025-06-12 03:59:00,22.6
2025-06-12 03:41:00,4.6
2025-06-12 03:36:00,51.4
2025-06-12 12:34:00,43.5
2025-06-12 11:33:00,31.2
2025-06-12 09:43:00,90.0
2025-06-12 00:24:00,69.8
2025-06-12 07:15:00,74.2
2025-06-12 17:31:00,42.1
2025-06-12 08:44:00,20.4
2025-06-12 02:10:00,12.0
2025-06-12 00:23:00,53.1
2025-06-12 09:38:00,49.873700916999766
2025-06-12 13:17:00,38.9
2025-06-12 05:45:00,23.2
2025-06-12 14:35:00,17.9
2025-06-12 16:13:00,35.3
2025-06-12 05:14:00,60.1
2025-06-12 11:17:00,97.9
2025-06-12 20:43:00,60.4
2025-06-12 01:58:00,62.5
2025-06-12 06:18:00,49.873700916999766
2025-06-12 01:15:00,82.1
2025-06-12 10:59:00,63.8
2025-06-12 23:07:00,45.7
2025-06-12 10:12:00,88.8
2025-06-12 20:48:00,56.1
2025-06-12 21:57:00,12.2
2025-06-12 17:51:00,95.6
2025-06-12 17:20:00,10.4
2025-06-12 03:49:00,65.8
2025-06-12 14:32:00,99.9
2025-06-12 22:36:00,36.5
2025-06-12 02:05:00,53.8
2025-06-12 14:26:00,37.8
2025-06-12 06:49:00,46.4
2025-06-12 00:41:00,14.5
2025-06-12 05:23:00,33.5
2025-06-12 13:37:00,94.0
2025-06-12 14:58:00,78.3
2025-06-12 13:04:00,66.8
2025-06-12 07:50:00,3.1
2025-06-12 11:04:00,82.2
2025-06-12 05:52:00,98.8
2025-06-12 15:04:00,19.2
2025-06-12 14:43:00,67.3
2025-06-12 01:41:00,21.0
2025-06-12 22:12:00,14.9
2025-06-12 21:01:00,11.0
2025-06-12 17:07:00,82.8
2025-06-12 12:35:00,84.0
2025-06-12 10:59:00,35.1
2025-06-12 20:12:00,49.660353652861794
2025-06-12 01:47:00,40.2
2025-06-12 15:12:00,47.1
2025-06-12 09:04:00,0.9
2025-06-12 18:18:00,58.1
2025-06-12 20:40:00,12.6
2025-06-12 11:06:00,87.0
2025-06-12 08:38:00,49.660353652861794
2025-06-12 06:46:00,1.0
2025-06-12 17:57:00,96.9
2025-06-12 07:25:00,63.5
2025-06-12 06:16:00,2.1
2025-06-12 04:06:00,76.0
2025-06-12 03:30:00,0.9
2025-06-12 19:35:00,49.660353652861794
2025-06-12 23:28:00,93.6
2025-06-12 04:32:00,49.660353652861794
2025-06-12 04:50:00,87.6
2025-06-12 17:17:00,73.0
2025-06-12 18:05:00,3.1
2025-06-12 11:37:00,50.2
2025-06-12 09:31:00,49.0
2025-06-12 12:37:00,76.6
2025-06-12 18:16:00,3.9
2025-06-12 11:22:00,82.6
2025-06-12 16:28:00,98.3
2025-06-12 13:02:00,54.6
2025-06-12 20:57:00,52.4
2025-06-12 14:36:00,22.2
2025-06-12 08:48:00,0.8
2025-06-12 06:06:00,59.4
2025-06-12 22:01:00,0.6
2025-06-12 22:48:00,49.660353652861794
2025-06-12 18:17:00,0.4
2025-06-12 12:37:00,70.6
2025-06-12 23:45:00,38.5
2025-06-12 05:43:00,49.660353652861794
2025-06-12 21:42:00,49.6
2025-06-12 22:14:00,49.660353652861794
2025-06-12 22:08:00,85.7
2025-06-12 14:20:00,70.7
2025-06-12 04:03:00,95.8
2025-06-12 03:31:00,88.8
2025-06-12 23:41:00,49.660353652861794
2025-06-12 12:38:00,29.8
2025-06-12 08:45:00,59.3
2025-06-12 19:24:00,61.1
2025-06-12 08:04:00,49.660353652861794
2025-06-12 07:02:00,43.2
2025-06-12 12:55:00,71.1
2025-06-12 10:52:00,59.7
2025-06-12 16:19:00,57.2
2025-06-12 00:21:00,49.660353652861794
2025-06-12 04:22:00,68.5
2025-06-12 10:31:00,75.0
2025-06-12 17:02:00,52.4
2025-06-12 22:36:00,96.5
2025-06-12 20:11:00,49.660353652861794
2025-06-12 08:51:00,1.8
2025-06-12 01:29:00,49.660353652861794
2025-06-12 13:02:00,49.660353652861794
2025-06-12 03:16:00,67.7
2025-06-12 08:25:00,53.0
2025-06-12 19:06:00,29.8
2025-06-12 17:02:00,13.4
2025-06-12 00:46:00,13.2
2025-06-12 03:30:00,58.4
2025-06-12 14:16:00,72.7
2025-06-12 18:44:00,48.2
2025-06-12 03:45:00,67.4
2025-06-12 08:59:00,92.8
2025-06-12 09:06:00,20.6
2025-06-12 21:44:00,24.2
2025-06-12 14:37:00,72.5
2025-06-12 12:05:00,40.2
2025-06-12 17:20:00,24.8
2025-06-12 06:54:00,62.2
2025-06-12 06:07:00,85.6
2025-06-12 06:11:00,1.9
2025-06-12 01:09:00,16.3
2025-06-12 06:49:00,89.9
2025-06-12 19:41:00,0.5
2025-06-12 03:02:00,52.0
2025-06-12 00:01:00,18.5
2025-06-12 16:33:00,81.1
2025-06-12 04:17:00,53.4
2025-06-12 21:14:00,49.660353652861794
2025-06-12 14:57:00,2.3
2025-06-12 05:17:00,78.7
2025-06-12 22:10:00,89.2
2025-06-12 10:04:00,66.8
2025-06-12 10:08:00,84.4
2025-06-12 20:45:00,48.5
2025-06-12 01:32:00,68.4
2025-06-12 06:43:00,14.3
2025-06-12 06:39:00,54.5
2025-06-12 16:34:00,63.6
2025-06-12 09:22:00,42.5
2025-06-12 16:29:00,6.5
2025-06-12 14:07:00,61.3
2025-06-12 23:24:00,49.660353652861794
2025-06-12 22:19:00,46.1
2025-06-12 12:41:00,70.2
2025-06-12 17:46:00,49.660353652861794
2025-06-12 08:19:00,14.5
2025-06-12 17:27:00,52.7
2025-06-12 04:27:00,49.660353652861794
2025-06-12 06:33:00,3.4
2025-06-12 15:38:00,68.6
2025-06-12 08:45:00,70.5
2025-06-12 12:22:00,27.4
2025-06-12 15:50:00,32.5
2025-06-12 13:36:00,23.1
2025-06-12 17:42:00,49.660353652861794
2025-06-12 07:08:00,91.1
2025-06-12 14:38:00,87.0
2025-06-12 11:05:00,57.5
2025-06-12 11:09:00,50.4
2025-06-12 12:03:00,44.1
2025-06-12 18:48:00,13.9
2025-06-12 13:27:00,49.6
2025-06-12 06:02:00,27.4
2025-06-12 06:44:00,66.3
2025-06-12 20:14:00,81.7
2025-06-12 20:52:00,34.7
2025-06-12 03:46:00,49.660353652861794
2025-06-12 19:34:00,52.0
2025-06-12 04:45:00,36.4
2025-06-12 07:04:00,13.8
2025-06-12 21:39:00,58.5
2025-06-12 20:52:00,60.7
2025-06-12 02:06:00,33.4
2025-06-12 23:18:00,61.7
2025-06-12 10:39:00,20.1
2025-06-12 19:11:00,3.2
2025-06-12 05:08:00,37.0
2025-06-12 01:49:00,17.4
2025-06-12 04:43:00,78.5
2025-06-12 21:04:00,71.0
2025-06-12 06:07:00,49.660353652861794
2025-06-12 06:10:00,41.4
2025-06-12 19:27:00,48.1
2025-06-12 23:25:00,80.7
2025-06-12 23:23:00,11.0
2025-06-12 00:04:00,18.2
2025-06-12 18:51:00,49.660353652861794
2025-06-12 07:19:00,16.3
2025-06-12 14:23:00,72.3
2025-06-12 15:40:00,19.3
2025-06-12 23:03:00,78.4
2025-06-12 06:14:00,79.2
2025-06-12 21:32:00,0.8
2025-06-12 11:42:00,64.9
2025-06-12 11:03:00,14.7
2025-06-12 05:08:00,49.660353652861794
2025-06-12 19:58:00,94.7
2025-06-12 14:39:00,49.660353652861794
2025-06-12 15:08:00,98.0
2025-06-12 06:13:00,52.7
2025-06-12 19:21:00,32.1
2025-06-12 00:59:00,49.660353652861794
2025-06-12 04:32:00,8.4
2025-06-12 18:50:00,49.660353652861794
2025-06-12 14:35:00,18.3
2025-06-12 08:15:00,56.1
2025-06-12 22:51:00,67.1
2025-06-12 14:30:00,28.6
2025-06-12 14:43:00,49.0
2025-06-12 09:18:00,91.7
2025-06-12 14:50:00,26.2
2025-06-12 14:08:00,61.3
2025-06-12 15:31:00,49.660353652861794
2025-06-12 10:43:00,78.7
2025-06-12 22:32:00,11.9
2025-06-12 13:59:00,64.9
2025-06-12 08:44:00,22.9
2025-06-12 05:16:00,49.660353652861794
2025-06-12 20:35:00,49.6
2025-06-12 13:14:00,49.660353652861794
2025-06-12 10:47:00,61.8
2025-06-12 19:49:00,15.4
2025-06-12 16:23:00,50.8
2025-06-12 18:37:00,37.2
2025-06-12 23:36:00,17.0
2025-06-12 13:17:00,49.660353652861794
2025-06-12 15:53:00,58.6
2025-06-12 01:46:00,49.660353652861794
2025-06-12 11:22:00,85.1
2025-06-12 07:55:00,24.9
2025-06-12 05:27:00,46.7
2025-06-12 09:46:00,82.1
2025-06-12 00:59:00,38.0
2025-06-12 21:35:00,55.6
2025-06-12 23:16:00,70.4
2025-06-12 16:54:00,92.3
2025-06-12 20:50:00,19.5
2025-06-12 11:35:00,95.4
2025-06-12 00:52:00,82.4
2025-06-12 02:45:00,29.8
2025-06-12 08:21:00,32.1
2025-06-12 10:30:00,28.2
2025-06-12 22:15:00,6.9
2025-06-12 21:24:00,41.5
2025-06-12 00:08:00,56.8
2025-06-12 06:58:00,26.6
2025-06-12 16:49:00,53.8
2025-06-12 17:25:00,86.6
2025-06-12 02:24:00,56.6
2025-06-12 02:56:00,36.9
2025-06-12 01:27:00,57.0
2025-06-12 15:41:00,49.660353652861794
2025-06-12 10:45:00,49.660353652861794
2025-06-12 06:34:00,61.8
2025-06-12 12:20:00,48.1
2025-06-12 07:49:00,96.1
2025-06-12 01:39:00,46.7
2025-06-12 11:27:00,99.3
2025-06-12 08:31:00,11.7
2025-06-12 07:16:00,38.1
2025-06-12 20:26:00,62.2
2025-06-12 19:48:00,49.660353652861794
2025-06-12 21:32:00,44.3
2025-06-12 16:42:00,55.0
2025-06-12 07:10:00,87.0
2025-06-12 02:39:00,8.9
2025-06-12 23:24:00,75.4
2025-06-12 11:40:00,58.6
2025-06-12 16:28:00,82.9
2025-06-12 15:28:00,24.5
2025-06-12 21:23:00,7.0
2025-06-12 00:14:00,20.4
2025-06-12 21:14:00,57.0
2025-06-12 16:48:00,73.9
2025-06-12 08:08:00,11.7
2025-06-12 07:59:00,86.8
2025-06-12 08:16:00,34.6
2025-06-12 01:25:00,2.0
2025-06-12 03:52:00,33.5
2025-06-12 23:19:00,49.9
2025-06-12 11:51:00,46.4
2025-06-12 18:48:00,7.5
2025-06-12 23:00:00,13.2
2025-06-12 08:35:00,49.660353652861794
2025-06-12 00:20:00,9.8
2025-06-12 20:00:00,58.4
2025-06-12 07:09:00,27.8
2025-06-12 15:47:00,73.4
2025-06-12 01:47:00,66.9
2025-06-12 22:41:00,77.4
2025-06-12 02:57:00,59.3
2025-06-12 10:36:00,7.7
2025-06-12 00:56:00,58.8
2025-06-12 21:43:00,49.660353652861794
2025-06-12 06:32:00,25.7
2025-06-12 16:34:00,98.3
2025-06-12 23:44:00,27.0
2025-06-12 03:49:00,17.2
2025-06-12 05:25:00,44.4
2025-06-12 09:55:00,67.5
2025-06-12 19:48:00,90.0
2025-06-12 10:03:00,55.3
2025-06-12 20:18:00,26.9
2025-06-12 08:03:00,7.4
2025-06-12 01:27:00,54.3
2025-06-12 12:44:00,95.6
2025-06-12 01:33:00,57.7
2025-06-12 22:51:00,53.2
2025-06-12 23:11:00,94.9
2025-06-12 02:22:00,89.8
2025-06-12 02:05:00,45.2
2025-06-12 13:27:00,65.1
2025-06-12 22:01:00,88.1
2025-06-12 18:37:00,32.6
2025-06-12 12:59:00,43.4
2025-06-12 23:03:00,78.3
2025-06-12 15:24:00,44.3
2025-06-12 10:07:00,30.2
2025-06-12 23:17:00,90.8
2025-06-12 07:53:00,81.9
2025-06-12 08:01:00,96.7
2025-06-12 18:17:00,7.7
2025-06-12 22:14:00,49.1
2025-06-12 22:32:00,60.7
2025-06-12 08:29:00,84.6
2025-06-12 13:19:00,81.2
2025-06-12 00:18:00,72.2
2025-06-12 09:37:00,78.7
2025-06-12 04:51:00,43.5
2025-06-12 10:31:00,49.660353652861794
2025-06-12 14:07:00,88.9
2025-06-12 09:56:00,34.1
2025-06-12 09:01:00,77.5
2025-06-12 06:29:00,49.660353652861794
2025-06-12 19:31:00,59.1
2025-06-12 11:14:00,34.0
2025-06-12 14:47:00,34.4
2025-06-12 20:38:00,33.3
2025-06-12 15:24:00,92.4
2025-06-12 09:53:00,61.8
2025-06-12 17:51:00,49.660353652861794
2025-06-12 07:20:00,57.9
2025-06-12 23:55:00,62.5
2025-06-12 04:44:00,88.2
2025-06-12 05:06:00,20.3
2025-06-12 23:27:00,34.3
2025-06-12 08:39:00,50.5
2025-06-12 04:16:00,76.5
2025-06-12 15:59:00,49.660353652861794
2025-06-12 15:33:00,33.8
2025-06-12 01:50:00,30.1
2025-06-12 23:00:00,18.3
2025-06-12 16:46:00,30.7
2025-06-12 20:20:00,22.0
2025-06-12 16:16:00,49.9804001872221
2025-06-12 20:04:00,64.6
2025-06-12 16:13:00,49.9804001872221
2025-06-12 18:00:00,67.9
2025-06-12 02:12:00,30.2
2025-06-12 20:06:00,49.9804001872221
2025-06-12 12:30:00,3.7
2025-06-12 13:07:00,49.9804001872221
2025-06-12 20:27:00,70.2
2025-06-12 08:44:00,17.2
2025-06-12 10:41:00,38.0
2025-06-12 02:58:00,49.9804001872221
2025-06-12 15:30:00,37.2
2025-06-12 14:07:00,10.2
2025-06-12 04:47:00,40.7
2025-06-12 14:07:00,91.2
2025-06-12 01:30:00,19.6
2025-06-12 23:35:00,49.9804001872221
2025-06-12 12:26:00,87.1
2025-06-12 19:04:00,61.7
2025-06-12 14:29:00,23.8
2025-06-12 09:48:00,19.5
2025-06-12 09:58:00,49.9804001872221
2025-06-12 01:33:00,31.8
2025-06-12 03:59:00,49.7
2025-06-12 15:31:00,35.3
2025-06-12 04:19:00,92.6
2025-06-12 21:10:00,49.9804001872221
2025-06-12 18:05:00,64.9
2025-06-12 02:22:00,49.9804001872221
2025-06-12 00:11:00,59.7
2025-06-12 17:01:00,86.8
2025-06-12 15:07:00,88.5
2025-06-12 01:19:00,88.5
2025-06-12 16:47:00,49.9804001872221
2025-06-12 05:36:00,67.0
2025-06-12 00:23:00,58.3
2025-06-12 09:45:00,24.2
2025-06-12 10:55:00,70.6
2025-06-12 13:21:00,49.9804001872221
2025-06-12 10:29:00,0.6
2025-06-12 09:38:00,62.7
2025-06-12 02:44:00,63.5
2025-06-12 17:31:00,28.3
2025-06-12 15:09:00,41.8
2025-06-12 08:41:00,49.9804001872221
2025-06-12 15:12:00,76.7
2025-06-12 07:08:00,43.1
2025-06-12 19:52:00,71.0
2025-06-12 09:15:00,61.4
2025-06-12 11:55:00,38.8
2025-06-12 07:48:00,49.9804001872221
2025-06-12 12:11:00,62.3
2025-06-12 08:41:00,81.6
2025-06-12 12:17:00,63.3
2025-06-12 02:09:00,65.1
2025-06-12 06:44:00,91.6
2025-06-12 08:09:00,1.5
2025-06-12 11:09:00,84.3
2025-06-12 09:51:00,78.3
2025-06-12 12:11:00,51.8
2025-06-12 23:36:00,94.9
2025-06-12 05:33:00,28.0
2025-06-12 02:51:00,90.6
2025-06-12 13:24:00,43.7
2025-06-12 11:02:00,49.9804001872221
2025-06-12 16:16:00,38.4
2025-06-12 00:58:00,8.3
2025-06-12 19:13:00,82.4
2025-06-12 17:29:00,82.9
2025-06-12 03:10:00,69.1
2025-06-12 02:52:00,51.1
2025-06-12 09:45:00,49.9804001872221
2025-06-12 08:04:00,39.0
2025-06-12 11:05:00,15.1
2025-06-12 21:25:00,37.1
2025-06-12 01:07:00,64.1
2025-06-12 18:59:00,43.5
2025-06-12 12:55:00,40.4
2025-06-12 08:33:00,40.4
2025-06-12 21:55:00,65.2
2025-06-12 12:10:00,18.0
2025-06-12 17:27:00,96.4
2025-06-12 10:36:00,91.2
2025-06-12 19:48:00,45.4
2025-06-12 08:24:00,5.2
2025-06-12 15:48:00,59.3
2025-06-12 23:40:00,91.6
2025-06-12 20:14:00,51.8
2025-06-12 02:38:00,17.9
2025-06-12 06:58:00,21.7
2025-06-12 03:47:00,13.1
2025-06-12 16:18:00,49.9804001872221
2025-06-12 03:51:00,60.8
2025-06-12 16:31:00,45.4
2025-06-12 07:03:00,69.6
2025-06-12 00:06:00,46.4
2025-06-12 00:51:00,63.9
2025-06-12 20:08:00,77.6
2025-06-12 12:15:00,75.3
2025-06-12 15:48:00,34.9
2025-06-12 15:33:00,33.9
2025-06-12 07:52:00,49.9804001872221
2025-06-12 03:46:00,52.5
2025-06-12 04:22:00,49.9804001872221
2025-06-12 01:00:00,11.1
2025-06-12 22:49:00,49.9804001872221
2025-06-12 04:20:00,29.1
2025-06-12 09:15:00,37.7
2025-06-12 09:13:00,9.8
2025-06-12 14:31:00,88.0
2025-06-12 19:06:00,50.8
2025-06-12 18:27:00,40.7
2025-06-12 22:48:00,75.6
2025-06-12 00:20:00,54.3
2025-06-12 19:50:00,88.2
2025-06-12 19:37:00,18.7
2025-06-12 07:06:00,65.1
2025-06-12 14:30:00,71.6
2025-06-12 06:06:00,88.6
2025-06-12 06:55:00,34.4
2025-06-12 02:18:00,21.4
2025-06-12 01:02:00,9.3
2025-06-12 05:00:00,84.6
2025-06-12 08:16:00,49.9804001872221
2025-06-12 18:29:00,12.7
2025-06-12 03:55:00,52.9
2025-06-12 10:30:00,41.4
2025-06-12 13:38:00,49.1
2025-06-12 23:49:00,27.8
2025-06-12 08:07:00,86.0
2025-06-12 16:13:00,49.9804001872221
2025-06-12 05:46:00,46.9
2025-06-12 00:30:00,6.4
2025-06-12 06:06:00,49.9804001872221
2025-06-12 18:56:00,76.6
2025-06-12 08:33:00,17.1
2025-06-12 00:28:00,76.7
2025-06-12 13:18:00,49.9804001872221
2025-06-12 05:30:00,45.3
2025-06-12 03:20:00,68.0
2025-06-12 15:54:00,55.9
2025-06-12 06:55:00,49.9804001872221
2025-06-12 21:31:00,49.9804001872221
2025-06-12 11:20:00,64.2
2025-06-12 00:36:00,77.3
2025-06-12 07:38:00,49.9804001872221
2025-06-12 19:45:00,24.5
2025-06-12 03:16:00,55.7
2025-06-12 18:46:00,72.3
2025-06-12 15:34:00,89.3
2025-06-12 14:20:00,49.9804001872221
2025-06-12 21:13:00,24.2
2025-06-12 22:01:00,87.9
2025-06-12 23:06:00,98.5
2025-06-12 12:00:00,14.4
2025-06-12 00:50:00,63.0
2025-06-12 05:07:00,82.8
2025-06-12 02:02:00,82.9
2025-06-12 23:34:00,61.3
2025-06-12 08:56:00,7.7
2025-06-12 08:54:00,78.3
2025-06-12 21:13:00,3.8
2025-06-12 03:57:00,78.6
2025-06-12 13:22:00,86.1
2025-06-12 07:42:00,9.2
2025-06-12 22:30:00,31.0
2025-06-12 04:48:00,79.5
2025-06-12 14:12:00,68.9
2025-06-12 23:40:00,44.7
2025-06-12 11:22:00,93.9
2025-06-12 16:49:00,49.9804001872221
2025-06-12 16:12:00,49.9804001872221
2025-06-12 04:36:00,95.3
2025-06-12 07:49:00,63.3
2025-06-12 10:14:00,0.9
2025-06-12 22:52:00,44.8
2025-06-12 01:05:00,65.9
2025-06-12 19:38:00,65.5
2025-06-12 02:26:00,90.9
2025-06-12 18:58:00,24.5
2025-06-12 06:24:00,46.7
2025-06-12 10:09:00,2.6
2025-06-12 15:49:00,45.7
2025-06-12 18:06:00,12.3
2025-06-12 06:45:00,49.9804001872221
2025-06-12 18:40:00,49.9804001872221
2025-06-12 16:33:00,73.0
2025-06-12 09:27:00,15.5
2025-06-12 02:00:00,1.3
2025-06-12 00:35:00,46.9
2025-06-12 14:43:00,71.1
2025-06-12 08:43:00,13.7
2025-06-12 03:48:00,39.6
2025-06-12 15:26:00,29.9
2025-06-12 08:36:00,22.5
2025-06-12 17:46:00,55.9
2025-06-12 14:40:00,4.7
2025-06-12 06:20:00,87.2
2025-06-12 10:14:00,18.1
2025-06-12 15:17:00,71.2
2025-06-12 15:49:00,92.8
2025-06-12 05:50:00,70.0
2025-06-12 22:30:00,36.6
2025-06-12 07:04:00,16.3
2025-06-12 06:49:00,2.8
2025-06-12 07:20:00,26.7
2025-06-12 15:45:00,65.9
2025-06-12 04:06:00,80.6
2025-06-12 14:33:00,35.2
2025-06-12 13:34:00,89.3
2025-06-12 06:35:00,15.7
2025-06-12 08:29:00,10.4
2025-06-12 11:07:00,85.3
2025-06-12 10:30:00,9.2
2025-06-12 09:26:00,78.8
2025-06-12 22:54:00,81.8
2025-06-12 14:06:00,49.9804001872221
2025-06-12 11:37:00,28.4
2025-06-12 09:48:00,49.9804001872221
2025-06-12 16:48:00,86.8
2025-06-12 02:01:00,6.3
2025-06-12 21:41:00,35.8
2025-06-12 09:18:00,97.2
2025-06-12 19:52:00,19.1
2025-06-12 20:02:00,42.1
2025-06-12 23:43:00,11.9
2025-06-12 03:49:00,94.9
2025-06-12 09:15:00,8.8
2025-06-12 04:45:00,61.3
2025-06-12 23:01:00,64.5
2025-06-12 01:56:00,17.8
2025-06-12 08:07:00,34.3
2025-06-12 09:26:00,49.9804001872221
2025-06-12 03:07:00,56.2
2025-06-12 09:39:00,60.5
2025-06-12 02:47:00,83.1
2025-06-12 23:58:00,51.3
2025-06-12 00:53:00,85.4
2025-06-12 02:37:00,38.5
2025-06-12 17:04:00,12.9
2025-06-12 01:45:00,63.4
2025-06-12 11:51:00,96.9
2025-06-12 16:36:00,33.9
2025-06-12 03:00:00,0.3
2025-06-12 06:53:00,49.9804001872221
2025-06-12 04:35:00,67.1
2025-06-12 03:35:00,47.2
2025-06-12 19:59:00,18.7
2025-06-12 14:50:00,69.6
2025-06-12 19:14:00,65.4
2025-06-12 07:17:00,84.1
2025-06-12 05:59:00,57.8
2025-06-12 18:45:00,49.9804001872221
2025-06-12 21:22:00,50.5
2025-06-12 01:52:00,60.5
2025-06-12 15:48:00,39.3
2025-06-12 23:52:00,49.9804001872221
2025-06-12 02:36:00,82.0
2025-06-12 05:42:00,86.5
2025-06-12 08:24:00,8.0
2025-06-12 13:09:00,21.9
2025-06-12 14:33:00,51.2
2025-06-12 05:47:00,62.3
2025-06-12 04:57:00,49.9804001872221
2025-06-12 15:46:00,34.8
2025-06-12 04:22:00,7.1
2025-06-12 08:41:00,57.0
2025-06-12 10:19:00,49.9804001872221
2025-06-12 19:58:00,11.1
2025-06-12 23:37:00,26.7
2025-06-12 01:21:00,87.7
2025-06-12 20:25:00,18.1
2025-06-12 00:44:00,72.5
2025-06-12 00:00:00,41.2
2025-06-12 11:35:00,91.7
2025-06-12 05:02:00,72.1
2025-06-12 12:57:00,68.2
2025-06-12 15:20:00,32.1
2025-06-12 12:26:00,57.8
2025-06-12 12:12:00,51.1
2025-06-12 11:46:00,32.9
2025-06-12 23:25:00,98.7
2025-06-12 18:09:00,62.4
2025-06-12 11:44:00,47.9
2025-06-12 23:01:00,22.7
2025-06-12 19:55:00,82.8
2025-06-12 12:56:00,29.9
2025-06-12 09:55:00,31.8
2025-06-12 16:52:00,38.6
2025-06-12 00:50:00,48.9
2025-06-12 16:26:00,41.8
2025-06-12 17:23:00,30.6
2025-06-12 13:07:00,53.9
2025-06-12 00:50:00,49.9804001872221
2025-06-12 04:30:00,74.6
2025-06-12 11:37:00,19.2
2025-06-12 14:39:00,43.4
2025-06-12 12:55:00,26.0
2025-06-12 12:43:00,66.4
2025-06-12 19:10:00,76.9
2025-06-12 08:29:00,60.7
2025-06-12 01:54:00,77.4
2025-06-12 17:30:00,49.9804001872221
2025-06-12 03:47:00,17.2
2025-06-12 12:59:00,54.4
2025-06-12 14:33:00,30.3
2025-06-12 14:43:00,29.4
2025-06-12 10:48:00,87.6
2025-06-12 11:32:00,10.6
2025-06-12 15:11:00,49.9804001872221
2025-06-12 20:26:00,3.3
2025-06-12 15:33:00,55.7
2025-06-12 15:27:00,70.0
2025-06-12 11:18:00,49.9804001872221
2025-06-12 17:47:00,11.4
2025-06-12 19:40:00,63.0
2025-06-12 00:14:00,76.3
2025-06-12 08:57:00,5.3
2025-06-12 17:58:00,5.8
2025-06-12 16:25:00,42.2
2025-06-12 03:33:00,49.9804001872221
2025-06-12 15:44:00,92.1
2025-06-12 23:12:00,47.1
2025-06-12 05:17:00,49.9804001872221
2025-06-12 09:19:00,93.5
2025-06-12 12:37:00,30.9
2025-06-12 21:41:00,49.9804001872221
2025-06-12 03:06:00,86.5
2025-06-12 03:29:00,6.7
2025-06-12 18:40:00,21.6
2025-06-12 17:43:00,35.4
2025-06-12 13:26:00,20.2
2025-06-12 01:36:00,49.9804001872221
2025-06-12 19:04:00,71.1
2025-06-12 22:40:00,40.9
2025-06-12 08:38:00,39.3
2025-06-12 08:02:00,8.6
2025-06-12 05:25:00,31.2
2025-06-12 04:38:00,49.9804001872221
2025-06-12 16:33:00,51.1
2025-06-12 22:38:00,13.5
2025-06-12 21:36:00,59.7
2025-06-12 02:21:00,99.4
2025-06-12 02:40:00,52.2
2025-06-12 07:30:00,61.5
2025-06-12 07:29:00,82.5
2025-06-12 04:05:00,73.5
2025-06-12 23:53:00,48.7
2025-06-12 06:13:00,91.1
2025-06-12 16:52:00,62.8
2025-06-12 17:30:00,83.4
2025-06-12 10:37:00,12.1
2025-06-12 10:57:00,71.1
2025-06-12 02:40:00,68.9
2025-06-12 13:32:00,32.3
2025-06-12 00:38:00,37.9
2025-06-12 11:36:00,5.9
2025-06-12 04:28:00,13.0
2025-06-12 10:57:00,19.5
2025-06-12 13:48:00,86.1
2025-06-12 17:52:00,83.0
2025-06-12 06:56:00,49.6
2025-06-12 06:39:00,52.6
2025-06-12 14:14:00,49.659483264826775
2025-06-12 22:04:00,49.659483264826775
2025-06-12 10:04:00,41.4
2025-06-12 18:24:00,49.659483264826775
2025-06-12 10:28:00,45.3
2025-06-12 03:07:00,97.0
2025-06-12 04:09:00,62.5
2025-06-12 20:19:00,49.659483264826775
2025-06-12 05:35:00,52.4
2025-06-12 11:13:00,51.0
2025-06-12 01:12:00,53.5
2025-06-12 08:26:00,12.1
2025-06-12 11:32:00,72.8
2025-06-12 19:21:00,49.659483264826775
2025-06-12 22:35:00,49.659483264826775
2025-06-12 00:20:00,49.659483264826775
2025-06-12 00:34:00,49.659483264826775
2025-06-12 08:55:00,75.8
2025-06-12 02:39:00,0.0
2025-06-12 10:47:00,88.3
2025-06-12 11:55:00,91.2
2025-06-12 20:18:00,77.6
2025-06-12 16:35:00,49.659483264826775
2025-06-12 12:51:00,49.659483264826775
2025-06-12 21:33:00,64.2
2025-06-12 16:50:00,75.0
2025-06-12 03:40:00,80.0
2025-06-12 01:31:00,5.1
2025-06-12 15:45:00,97.2
2025-06-12 15:56:00,65.8
2025-06-12 12:16:00,69.4
2025-06-12 02:23:00,60.8
2025-06-12 01:17:00,96.2
2025-06-12 03:45:00,76.8
2025-06-12 16:27:00,79.2
2025-06-12 07:30:00,77.0
2025-06-12 09:34:00,46.8
2025-06-12 20:09:00,7.1
2025-06-12 05:45:00,2.4
2025-06-12 03:00:00,49.659483264826775
2025-06-12 08:10:00,82.3
2025-06-12 06:16:00,51.6
2025-06-12 06:55:00,82.6
2025-06-12 23:19:00,62.2
2025-06-12 00:24:00,83.4
2025-06-12 08:28:00,92.4
2025-06-12 07:05:00,49.659483264826775
2025-06-12 03:06:00,2.2
2025-06-12 09:02:00,49.659483264826775
2025-06-12 16:45:00,67.0
2025-06-12 20:38:00,49.659483264826775
2025-06-12 08:28:00,54.6
2025-06-12 01:10:00,84.9
2025-06-12 19:10:00,76.0
2025-06-12 06:39:00,31.5
2025-06-12 17:53:00,55.6
2025-06-12 17:16:00,39.9
2025-06-12 06:56:00,55.2
2025-06-12 19:58:00,36.5
2025-06-12 02:59:00,13.7
2025-06-12 13:46:00,10.0
2025-06-12 20:15:00,62.6
2025-06-12 12:45:00,34.2
2025-06-12 23:33:00,49.659483264826775
2025-06-12 02:51:00,32.0
2025-06-12 14:41:00,97.2
2025-06-12 07:28:00,18.3
2025-06-12 17:13:00,63.8
2025-06-12 06:06:00,96.7
2025-06-12 07:25:00,16.3
2025-06-12 14:39:00,31.0
2025-06-12 09:33:00,35.7
2025-06-12 10:18:00,49.659483264826775
2025-06-12 03:14:00,32.3
2025-06-12 23:18:00,49.659483264826775
2025-06-12 13:23:00,26.1
2025-06-12 20:35:00,2.7
2025-06-12 00:56:00,49.659483264826775
2025-06-12 14:44:00,8.5
2025-06-12 07:53:00,98.4
2025-06-12 09:59:00,82.7
2025-06-12 03:26:00,90.9
2025-06-12 03:01:00,80.0
2025-06-12 07:18:00,49.659483264826775
2025-06-12 22:08:00,85.4
2025-06-12 18:10:00,71.4
2025-06-12 12:51:00,74.7
2025-06-12 01:08:00,46.3
2025-06-12 07:32:00,88.0
2025-06-12 18:18:00,49.659483264826775
2025-06-12 09:17:00,49.659483264826775
2025-06-12 14:06:00,86.8
2025-06-12 13:43:00,61.3
2025-06-12 15:05:00,8.0
2025-06-12 10:11:00,74.3
2025-06-12 21:10:00,65.9
2025-06-12 14:59:00,57.8
2025-06-12 09:40:00,50.0
2025-06-12 03:09:00,70.2
2025-06-12 13:35:00,25.6
2025-06-12 02:54:00,52.4
2025-06-12 11:39:00,46.4
2025-06-12 06:53:00,69.8
2025-06-12 13:37:00,23.5
2025-06-12 15:41:00,82.6
2025-06-12 14:35:00,51.5
2025-06-12 17:05:00,36.1
2025-06-12 12:15:00,19.5
2025-06-12 06:28:00,64.0
2025-06-12 07:08:00,94.1
2025-06-12 21:37:00,49.7
2025-06-12 10:33:00,49.659483264826775
2025-06-12 08:23:00,6.4
2025-06-12 12:30:00,2.3
2025-06-12 06:08:00,58.1
2025-06-12 11:31:00,49.659483264826775
2025-06-12 07:07:00,0.2
2025-06-12 12:52:00,79.5
2025-06-12 06:09:00,49.659483264826775
2025-06-12 21:21:00,30.9
2025-06-12 20:56:00,84.6
2025-06-12 12:53:00,62.3
2025-06-12 22:12:00,95.9
2025-06-12 20:17:00,43.2
2025-06-12 09:54:00,73.5
2025-06-12 10:38:00,4.4
2025-06-12 19:17:00,8.0
2025-06-12 16:26:00,49.659483264826775
2025-06-12 13:02:00,49.659483264826775
2025-06-12 17:08:00,31.7
2025-06-12 06:02:00,90.1
2025-06-12 20:55:00,49.659483264826775
2025-06-12 18:50:00,41.6
2025-06-12 01:57:00,42.9
2025-06-12 17:53:00,12.8
2025-06-12 16:11:00,67.1
2025-06-12 21:50:00,54.3
2025-06-12 18:26:00,30.8
2025-06-12 15:54:00,34.3
2025-06-12 17:23:00,37.8
2025-06-12 03:04:00,32.2
2025-06-12 13:06:00,25.3
2025-06-12 20:18:00,90.2
2025-06-12 03:18:00,64.2
2025-06-12 08:03:00,13.1
2025-06-12 19:30:00,49.659483264826775
2025-06-12 01:49:00,71.9
2025-06-12 08:25:00,95.4
2025-06-12 06:19:00,8.0
2025-06-12 17:01:00,49.659483264826775
2025-06-12 10:40:00,19.1
2025-06-12 13:48:00,1.5
2025-06-12 15:06:00,97.6
2025-06-12 08:52:00,99.6
2025-06-12 12:03:00,60.1
2025-06-12 18:57:00,15.4
2025-06-12 17:52:00,0.4
2025-06-12 16:05:00,83.2
2025-06-12 16:24:00,41.3
2025-06-12 16:04:00,49.659483264826775
2025-06-12 00:58:00,84.3
2025-06-12 13:31:00,60.4
2025-06-12 04:52:00,36.6
2025-06-12 18:00:00,51.1
2025-06-12 06:25:00,85.9
2025-06-12 17:52:00,49.659483264826775
2025-06-12 06:02:00,45.5
2025-06-12 05:55:00,14.7
2025-06-12 07:11:00,28.1
2025-06-12 16:43:00,35.3
2025-06-12 11:54:00,95.0
2025-06-12 14:27:00,94.2
2025-06-12 18:13:00,73.0
2025-06-12 10:10:00,38.8
2025-06-12 21:36:00,58.2
2025-06-12 13:07:00,39.2
2025-06-12 02:31:00,56.8
2025-06-12 19:45:00,42.6
2025-06-12 04:27:00,88.2
2025-06-12 16:10:00,55.5
2025-06-12 05:48:00,62.7
2025-06-12 14:39:00,49.659483264826775
2025-06-12 07:05:00,20.6
2025-06-12 21:31:00,49.659483264826775
2025-06-12 02:02:00,51.7
2025-06-12 19:55:00,49.6
2025-06-12 09:49:00,71.6
2025-06-12 03:37:00,47.3
2025-06-12 22:56:00,49.659483264826775
2025-06-12 15:29:00,24.9
2025-06-12 07:46:00,10.6
2025-06-12 18:15:00,18.1
2025-06-12 04:12:00,7.8
2025-06-12 21:12:00,53.6
2025-06-12 07:12:00,96.9
2025-06-12 05:32:00,57.1
2025-06-12 19:35:00,0.9
2025-06-12 05:50:00,49.659483264826775
2025-06-12 09:51:00,9.8
2025-06-12 10:19:00,64.7
2025-06-12 19:50:00,44.2
2025-06-12 16:54:00,54.4
2025-06-12 16:06:00,72.3
2025-06-12 14:49:00,45.2
2025-06-12 02:30:00,81.6
2025-06-12 12:11:00,84.1
2025-06-12 22:07:00,30.3
2025-06-12 08:32:00,72.3
2025-06-12 07:40:00,27.7
2025-06-12 21:04:00,28.0
2025-06-12 05:22:00,81.8
2025-06-12 18:56:00,49.659483264826775
2025-06-12 11:17:00,66.8
2025-06-12 23:41:00,41.2
2025-06-12 22:36:00,49.659483264826775
2025-06-12 17:10:00,49.659483264826775
2025-06-12 01:43:00,44.7
2025-06-12 02:26:00,16.8
2025-06-12 04:36:00,92.8
2025-06-12 14:18:00,1.8
2025-06-12 18:04:00,6.7
2025-06-12 02:24:00,47.5
2025-06-12 22:57:00,58.5
2025-06-12 07:27:00,49.659483264826775
2025-06-12 03:12:00,49.659483264826775
2025-06-12 20:53:00,62.5
2025-06-12 11:41:00,49.659483264826775
2025-06-12 08:28:00,44.9
2025-06-12 16:16:00,49.659483264826775
2025-06-12 07:51:00,33.0
2025-06-12 06:39:00,68.3
2025-06-12 00:24:00,4.5
2025-06-12 01:07:00,32.4
2025-06-12 14:11:00,69.1
2025-06-12 14:46:00,26.1
2025-06-12 18:11:00,44.7
2025-06-12 22:10:00,49.659483264826775
2025-06-12 19:28:00,25.0
2025-06-12 17:09:00,46.8
2025-06-12 03:22:00,55.8
2025-06-12 15:50:00,96.6
2025-06-12 02:58:00,73.8
2025-06-12 16:43:00,49.659483264826775
2025-06-12 08:27:00,96.7
2025-06-12 06:54:00,99.5
2025-06-12 03:52:00,96.1
2025-06-12 22:06:00,67.4
2025-06-12 16:02:00,49.659483264826775
2025-06-12 13:54:00,26.9
2025-06-12 05:27:00,42.8
2025-06-12 00:15:00,40.1
2025-06-12 15:37:00,38.9
2025-06-12 13:31:00,49.659483264826775
2025-06-12 15:07:00,46.1
2025-06-12 05:12:00,82.6
2025-06-12 15:08:00,21.0
2025-06-12 21:30:00,97.3
2025-06-12 11:25:00,76.5
2025-06-12 21:16:00,94.8
2025-06-12 14:40:00,22.4
2025-06-12 17:03:00,70.5
2025-06-12 02:32:00,85.0
2025-06-12 01:56:00,70.7
2025-06-12 04:23:00,25.4
2025-06-12 17:26:00,45.4
2025-06-12 02:38:00,88.8
2025-06-12 07:14:00,26.1
2025-06-12 06:59:00,49.659483264826775
2025-06-12 18:10:00,76.1
2025-06-12 14:25:00,48.2
2025-06-12 19:39:00,72.9
2025-06-12 04:23:00,88.8
2025-06-12 03:16:00,4.8
2025-06-12 14:12:00,62.0
2025-06-12 19:53:00,49.659483264826775
2025-06-12 09:41:00,80.0
2025-06-12 23:40:00,56.1
2025-06-12 14:02:00,54.2
2025-06-12 06:19:00,28.7
2025-06-12 13:02:00,85.3
2025-06-12 15:10:00,6.5
2025-06-12 01:16:00,4.1
2025-06-12 23:36:00,28.5
2025-06-12 21:56:00,39.0
2025-06-12 01:08:00,49.659483264826775
2025-06-12 18:06:00,9.4
2025-06-12 16:51:00,45.1
2025-06-12 05:42:00,31.7
2025-06-12 09:51:00,97.3
2025-06-12 16:15:00,69.8
2025-06-12 02:58:00,25.7
2025-06-12 03:32:00,20.8
2025-06-12 04:39:00,22.6
2025-06-12 05:33:00,40.5
2025-06-12 21:08:00,99.8
2025-06-12 15:46:00,55.9
2025-06-12 02:28:00,49.659483264826775
2025-06-12 05:34:00,73.5
2025-06-12 04:24:00,15.3
2025-06-12 10:20:00,21.4
2025-06-12 12:01:00,33.1
2025-06-12 02:40:00,49.659483264826775
2025-06-12 04:05:00,68.8
2025-06-12 06:36:00,94.1
2025-06-12 04:45:00,45.4
2025-06-12 02:54:00,19.0
2025-06-12 14:48:00,49.732274758880266
2025-06-12 08:48:00,32.3
2025-06-12 20:46:00,89.2
2025-06-12 01:49:00,17.6
2025-06-12 21:46:00,17.8
2025-06-12 06:52:00,81.2
2025-06-12 22:00:00,64.5
2025-06-12 21:32:00,87.5
2025-06-12 05:23:00,49.732274758880266
2025-06-12 12:36:00,19.8
2025-06-12 10:28:00,0.2
2025-06-12 15:18:00,40.5
2025-06-12 18:15:00,17.9
2025-06-12 19:20:00,49.2
2025-06-12 17:13:00,70.8
2025-06-12 04:16:00,14.2
2025-06-12 14:02:00,16.4
2025-06-12 20:50:00,49.732274758880266
2025-06-12 01:04:00,70.5
2025-06-12 13:05:00,62.5
2025-06-12 23:21:00,58.8
2025-06-12 11:26:00,38.1
2025-06-12 16:03:00,91.7
2025-06-12 01:39:00,12.1
2025-06-12 05:11:00,80.2
2025-06-12 07:58:00,42.8
2025-06-12 21:01:00,83.9
2025-06-12 06:22:00,16.6
2025-06-12 19:43:00,10.1
2025-06-12 07:37:00,8.9
2025-06-12 08:36:00,41.5
2025-06-12 16:41:00,49.732274758880266
2025-06-12 13:38:00,49.732274758880266
2025-06-12 18:06:00,49.732274758880266
2025-06-12 11:35:00,72.9
2025-06-12 18:56:00,63.2
2025-06-12 18:17:00,49.732274758880266
2025-06-12 01:03:00,81.7
2025-06-12 09:45:00,49.732274758880266
2025-06-12 01:46:00,42.7
2025-06-12 13:08:00,60.6
2025-06-12 11:12:00,88.5
2025-06-12 01:25:00,49.732274758880266
2025-06-12 12:46:00,55.1
2025-06-12 17:14:00,20.3
2025-06-12 02:30:00,58.4
2025-06-12 23:49:00,12.7
2025-06-12 04:26:00,23.4
2025-06-12 05:58:00,98.8
2025-06-12 21:35:00,73.5
2025-06-12 19:56:00,15.4
2025-06-12 10:14:00,49.732274758880266
2025-06-12 06:28:00,89.6
2025-06-12 13:50:00,49.732274758880266
2025-06-12 14:32:00,46.6
2025-06-12 06:02:00,60.9
2025-06-12 07:14:00,52.8
2025-06-12 07:38:00,95.4
2025-06-12 03:43:00,51.8
2025-06-12 21:18:00,1.1
2025-06-12 16:59:00,94.5
2025-06-12 21:36:00,49.2
2025-06-12 17:40:00,8.8
2025-06-12 14:01:00,14.6
2025-06-12 17:17:00,68.1
2025-06-12 23:03:00,49.732274758880266
2025-06-12 04:20:00,19.8
2025-06-12 05:15:00,92.9
2025-06-12 23:26:00,51.2
2025-06-12 17:24:00,89.8
2025-06-12 13:44:00,49.732274758880266
2025-06-12 16:50:00,99.5
2025-06-12 11:08:00,49.732274758880266
2025-06-12 10:36:00,18.6
2025-06-12 18:31:00,67.7
2025-06-12 10:48:00,49.732274758880266
2025-06-12 08:09:00,62.3
2025-06-12 14:43:00,18.2
2025-06-12 08:05:00,15.6
2025-06-12 04:33:00,51.8
2025-06-12 23:08:00,49.732274758880266
2025-06-12 09:59:00,38.9
2025-06-12 18:28:00,41.7
2025-06-12 05:54:00,44.7
2025-06-12 02:15:00,82.6
2025-06-12 21:58:00,59.9
2025-06-12 18:52:00,75.5
2025-06-12 07:01:00,16.2
2025-06-12 11:39:00,7.9
2025-06-12 19:41:00,85.0
2025-06-12 23:53:00,74.9
2025-06-12 11:53:00,90.4
2025-06-12 13:43:00,49.732274758880266
2025-06-12 15:47:00,6.3
2025-06-12 00:31:00,42.1
2025-06-12 17:40:00,49.732274758880266
2025-06-12 09:40:00,56.4
2025-06-12 21:53:00,70.1
2025-06-12 06:58:00,72.7
2025-06-12 23:10:00,88.8
2025-06-12 01:12:00,46.7
2025-06-12 07:28:00,62.9
2025-06-12 03:40:00,80.0
2025-06-12 18:02:00,49.732274758880266
2025-06-12 13:42:00,52.0
2025-06-12 00:18:00,68.4
2025-06-12 06:58:00,84.9
2025-06-12 18:34:00,32.5
2025-06-12 05:26:00,80.2
2025-06-12 10:28:00,43.8
2025-06-12 11:16:00,48.4
2025-06-12 21:26:00,80.0
2025-06-12 02:08:00,66.3
2025-06-12 00:52:00,48.0
2025-06-12 15:50:00,19.9
2025-06-12 08:34:00,61.7
2025-06-12 17:44:00,82.9
2025-06-12 10:26:00,8.2
2025-06-12 11:18:00,64.1
2025-06-12 09:21:00,66.7
2025-06-12 08:02:00,43.4
2025-06-12 00:25:00,25.2
2025-06-12 02:02:00,49.732274758880266
2025-06-12 16:22:00,17.0
2025-06-12 06:44:00,7.7
2025-06-12 19:09:00,76.6
2025-06-12 13:19:00,49.732274758880266
2025-06-12 10:49:00,48.5
2025-06-12 20:14:00,30.5
2025-06-12 03:00:00,43.1
2025-06-12 05:24:00,63.5
2025-06-12 18:41:00,76.4
2025-06-12 07:20:00,50.8
2025-06-12 04:07:00,31.1
2025-06-12 02:07:00,63.4
2025-06-12 08:21:00,37.4
2025-06-12 13:29:00,76.8
2025-06-12 14:46:00,66.6
2025-06-12 22:18:00,48.2
2025-06-12 18:05:00,96.6
2025-06-12 03:32:00,49.732274758880266
2025-06-12 11:32:00,46.0
2025-06-12 18:25:00,60.2
2025-06-12 20:10:00,55.9
2025-06-12 04:36:00,6.6
2025-06-12 19:09:00,24.8
2025-06-12 02:54:00,49.732274758880266
2025-06-12 16:21:00,11.9
2025-06-12 19:29:00,42.8
2025-06-12 08:05:00,42.0
2025-06-12 10:17:00,48.0
2025-06-12 12:48:00,71.6
2025-06-12 03:33:00,11.5
2025-06-12 20:53:00,49.732274758880266
2025-06-12 18:26:00,7.5
2025-06-12 23:00:00,93.5
2025-06-12 11:57:00,7.1
2025-06-12 20:48:00,37.1
2025-06-12 15:42:00,54.5
2025-06-12 03:34:00,21.0
2025-06-12 19:04:00,54.5
2025-06-12 15:14:00,31.4
2025-06-12 14:30:00,94.2
2025-06-12 17:35:00,93.5
2025-06-12 00:25:00,49.732274758880266
2025-06-12 22:18:00,75.1
2025-06-12 01:08:00,15.2
2025-06-12 15:42:00,63.0
2025-06-12 04:25:00,49.732274758880266
2025-06-12 10:21:00,30.3
2025-06-12 02:55:00,49.732274758880266
2025-06-12 04:29:00,86.2
2025-06-12 03:58:00,12.6
2025-06-12 00:27:00,89.4
2025-06-12 16:49:00,90.0
2025-06-12 07:08:00,42.8
2025-06-12 05:46:00,49.732274758880266
2025-06-12 18:20:00,59.3
2025-06-12 01:16:00,49.732274758880266
2025-06-12 16:22:00,47.9
2025-06-12 13:21:00,25.5
2025-06-12 02:16:00,80.6
2025-06-12 16:14:00,44.3
2025-06-12 06:28:00,7.8
2025-06-12 15:03:00,42.7
2025-06-12 15:26:00,63.1
2025-06-12 11:39:00,30.0
2025-06-12 20:17:00,49.732274758880266
2025-06-12 08:52:00,76.5
2025-06-12 12:12:00,76.1
2025-06-12 12:48:00,65.9
2025-06-12 07:54:00,39.8
2025-06-12 10:59:00,63.6
2025-06-12 20:24:00,97.9
2025-06-12 22:19:00,37.9
2025-06-12 18:32:00,57.6
2025-06-12 12:56:00,33.8
2025-06-12 17:07:00,49.732274758880266
2025-06-12 21:22:00,3.3
2025-06-12 03:54:00,76.1
2025-06-12 17:42:00,58.6
2025-06-12 18:54:00,30.1
2025-06-12 01:20:00,39.2
2025-06-12 22:21:00,10.4
2025-06-12 10:49:00,70.5
2025-06-12 21:24:00,15.1
2025-06-12 06:32:00,79.1
2025-06-12 23:58:00,77.5
2025-06-12 00:36:00,49.732274758880266
2025-06-12 06:45:00,43.7
2025-06-12 14:20:00,0.3
2025-06-12 15:32:00,40.1
2025-06-12 11:58:00,49.732274758880266
2025-06-12 10:24:00,49.732274758880266
2025-06-12 13:15:00,76.8
2025-06-12 04:23:00,10.5
2025-06-12 23:29:00,60.8
2025-06-12 22:23:00,7.5
2025-06-12 12:53:00,34.9
2025-06-12 21:00:00,81.9
2025-06-12 19:07:00,12.5
2025-06-12 22:14:00,15.8
2025-06-12 20:27:00,51.2
2025-06-12 16:49:00,42.9
2025-06-12 10:29:00,45.2
2025-06-12 15:58:00,52.6
2025-06-12 17:56:00,49.732274758880266
2025-06-12 21:18:00,24.2
2025-06-12 04:49:00,58.9
2025-06-12 06:54:00,94.1
2025-06-12 21:27:00,79.8
2025-06-12 09:28:00,31.2
2025-06-12 20:14:00,68.2
2025-06-12 08:19:00,57.5
2025-06-12 06:30:00,49.732274758880266
2025-06-12 18:46:00,49.732274758880266
2025-06-12 06:05:00,49.732274758880266
2025-06-12 10:31:00,49.732274758880266
2025-06-12 18:19:00,52.0
2025-06-12 23:19:00,47.5
2025-06-12 10:45:00,49.732274758880266
2025-06-12 12:31:00,49.732274758880266
2025-06-12 13:06:00,4.6
2025-06-12 08:54:00,76.1
2025-06-12 10:02:00,33.2
2025-06-12 08:38:00,49.4
2025-06-12 08:45:00,97.3
2025-06-12 07:37:00,70.9
2025-06-12 16:35:00,15.6
2025-06-12 22:14:00,5.9
2025-06-12 00:36:00,96.3
2025-06-12 00:21:00,90.3
2025-06-12 12:11:00,36.8
2025-06-12 06:35:00,30.3
2025-06-12 21:37:00,83.7
2025-06-12 21:52:00,32.5
2025-06-12 05:14:00,71.1
2025-06-12 04:35:00,67.1
2025-06-12 09:51:00,87.9
2025-06-12 18:48:00,5.4
2025-06-12 11:17:00,74.2
2025-06-12 16:28:00,89.4
2025-06-12 21:45:00,31.5
2025-06-12 23:58:00,37.5
2025-06-12 17:31:00,97.5
2025-06-12 15:46:00,64.7
2025-06-12 09:51:00,70.5
2025-06-12 15:08:00,43.0
2025-06-12 12:36:00,28.4
2025-06-12 21:26:00,23.0
2025-06-12 15:28:00,42.7
2025-06-12 16:40:00,49.732274758880266
2025-06-12 10:44:00,22.6
2025-06-12 21:10:00,12.2
2025-06-12 06:58:00,52.3
2025-06-12 05:24:00,32.0
2025-06-12 08:18:00,49.6
2025-06-12 07:22:00,29.2
2025-06-12 16:09:00,78.6
2025-06-12 08:45:00,10.6
2025-06-12 21:13:00,69.1
2025-06-12 13:16:00,42.7
2025-06-12 16:07:00,1.4
2025-06-12 22:13:00,99.2
2025-06-12 19:36:00,34.0
2025-06-12 02:39:00,56.3
2025-06-12 22:00:00,57.4
2025-06-12 02:52:00,56.1
2025-06-12 17:07:00,42.0
2025-06-12 00:37:00,73.4
2025-06-12 03:33:00,13.5
2025-06-12 19:40:00,49.732274758880266
2025-06-12 15:35:00,85.5
2025-06-12 15:29:00,49.732274758880266
2025-06-12 11:40:00,49.732274758880266
2025-06-12 02:23:00,2.9
2025-06-12 04:05:00,97.7
2025-06-12 21:34:00,49.732274758880266
2025-06-12 17:57:00,49.732274758880266
2025-06-12 15:10:00,34.7
2025-06-12 08:29:00,58.2
2025-06-12 06:28:00,49.732274758880266
2025-06-12 17:23:00,71.7
2025-06-12 03:15:00,98.6
2025-06-12 11:45:00,16.1
2025-06-12 13:32:00,82.6
2025-06-12 18:20:00,11.4
2025-06-12 22:07:00,43.0
2025-06-12 02:06:00,8.9
2025-06-12 15:31:00,88.5
2025-06-12 03:04:00,81.7
2025-06-12 23:03:00,21.6
2025-06-12 14:01:00,53.6
2025-06-12 08:26:00,68.8
2025-06-12 08:12:00,58.8
2025-06-12 02:45:00,55.5
2025-06-12 19:45:00,28.0
2025-06-12 02:53:00,49.732274758880266
2025-06-12 02:35:00,12.6
2025-06-12 19:22:00,2.9
2025-06-12 20:03:00,6.6
2025-06-12 19:31:00,49.38053801169591
2025-06-12 08:09:00,72.3
2025-06-12 07:43:00,49.38053801169591
2025-06-12 11:24:00,4.0
2025-06-12 12:11:00,49.38053801169591
2025-06-12 13:07:00,32.7
2025-06-12 01:01:00,88.7
2025-06-12 22:13:00,10.3
2025-06-12 11:22:00,73.3
2025-06-12 19:52:00,24.8
2025-06-12 15:58:00,81.5
2025-06-12 16:44:00,70.8
2025-06-12 21:48:00,99.5
2025-06-12 11:58:00,19.6
2025-06-12 15:44:00,17.3
2025-06-12 01:09:00,87.9
2025-06-12 10:42:00,70.9
2025-06-12 02:11:00,5.4
2025-06-12 09:34:00,82.0
2025-06-12 02:52:00,1.3
2025-06-12 09:28:00,52.3
2025-06-12 15:01:00,82.6
2025-06-12 21:52:00,64.7
2025-06-12 09:45:00,64.0
2025-06-12 15:06:00,49.38053801169591
2025-06-12 23:32:00,17.5
2025-06-12 02:31:00,58.7
2025-06-12 23:43:00,96.8
2025-06-12 02:06:00,14.2
2025-06-12 19:21:00,45.4
2025-06-12 20:23:00,33.7
2025-06-12 17:21:00,49.38053801169591
2025-06-12 05:55:00,32.7
2025-06-12 01:09:00,86.7
2025-06-12 20:25:00,33.2
2025-06-12 12:43:00,14.4
2025-06-12 05:29:00,17.4
2025-06-12 18:21:00,36.2
2025-06-12 16:17:00,24.5
2025-06-12 17:37:00,41.8
2025-06-12 19:25:00,84.4
2025-06-12 22:18:00,54.8
2025-06-12 21:11:00,42.4
2025-06-12 05:48:00,67.2
2025-06-12 10:27:00,15.3
2025-06-12 04:27:00,84.6
2025-06-12 07:19:00,96.1
2025-06-12 02:57:00,73.3
2025-06-12 23:36:00,36.9
2025-06-12 17:57:00,15.8
2025-06-12 05:59:00,71.0
2025-06-12 20:55:00,95.4
2025-06-12 08:12:00,85.4
2025-06-12 19:33:00,50.9
2025-06-12 04:28:00,55.7
2025-06-12 14:48:00,97.4
2025-06-12 13:23:00,50.2
2025-06-12 11:11:00,63.5
2025-06-12 23:37:00,56.1
2025-06-12 01:32:00,8.8
2025-06-12 03:05:00,69.9
2025-06-12 03:56:00,14.0
2025-06-12 23:38:00,49.38053801169591
2025-06-12 12:34:00,9.4
2025-06-12 16:30:00,86.8
2025-06-12 16:57:00,49.38053801169591
2025-06-12 15:15:00,76.4
2025-06-12 12:22:00,14.5
2025-06-12 18:57:00,45.8
2025-06-12 23:36:00,19.4
2025-06-12 12:40:00,49.38053801169591
2025-06-12 20:42:00,29.8
2025-06-12 11:22:00,84.0
2025-06-12 19:03:00,44.2
2025-06-12 13:12:00,14.2
2025-06-12 18:09:00,49.5
2025-06-12 08:00:00,33.3
2025-06-12 05:54:00,78.1
2025-06-12 19:17:00,36.6
2025-06-12 08:44:00,29.1
2025-06-12 06:06:00,6.9
2025-06-12 03:48:00,92.9
2025-06-12 20:45:00,83.9
2025-06-12 21:47:00,71.2
2025-06-12 10:50:00,49.38053801169591
2025-06-12 23:07:00,22.5
2025-06-12 20:16:00,75.9
2025-06-12 21:54:00,49.38053801169591
2025-06-12 16:44:00,41.6
2025-06-12 11:57:00,75.0
2025-06-12 02:40:00,49.38053801169591
2025-06-12 19:08:00,20.3
2025-06-12 02:54:00,9.7
2025-06-12 06:00:00,89.1
2025-06-12 14:41:00,25.4
2025-06-12 21:15:00,45.0
2025-06-12 19:37:00,15.4
2025-06-12 17:28:00,49.38053801169591
2025-06-12 15:11:00,46.3
2025-06-12 13:35:00,8.6
2025-06-12 17:17:00,82.4
2025-06-12 18:53:00,4.4
2025-06-12 10:46:00,44.2
2025-06-12 20:50:00,49.38053801169591
2025-06-12 22:12:00,74.2
2025-06-12 17:35:00,47.1
2025-06-12 07:01:00,49.38053801169591
2025-06-12 07:11:00,63.2
2025-06-12 17:31:00,52.8
2025-06-12 06:51:00,49.38053801169591
2025-06-12 21:46:00,49.38053801169591
2025-06-12 20:44:00,49.38053801169591
2025-06-12 01:28:00,49.38053801169591
2025-06-12 18:16:00,33.3
2025-06-12 00:15:00,49.38053801169591
2025-06-12 13:12:00,68.1
2025-06-12 13:39:00,86.1
2025-06-12 17:46:00,52.3
2025-06-12 16:43:00,98.0
2025-06-12 12:54:00,49.38053801169591
2025-06-12 05:58:00,79.2
2025-06-12 09:52:00,49.38053801169591
2025-06-12 12:32:00,25.8
2025-06-12 14:08:00,49.2
2025-06-12 04:00:00,49.38053801169591
2025-06-12 14:21:00,49.38053801169591
2025-06-12 11:45:00,49.38053801169591
2025-06-12 08:51:00,75.0
2025-06-12 08:06:00,73.7
2025-06-12 22:27:00,80.7
2025-06-12 00:29:00,67.4
2025-06-12 19:36:00,88.7
2025-06-12 16:45:00,42.5
2025-06-12 14:17:00,59.6
2025-06-12 22:55:00,69.3
2025-06-12 14:51:00,50.0
2025-06-12 16:17:00,54.7
2025-06-12 11:46:00,49.38053801169591
2025-06-12 01:10:00,49.1
2025-06-12 08:54:00,17.5
2025-06-12 07:06:00,97.2
2025-06-12 06:33:00,3.0
2025-06-12 16:24:00,52.2
2025-06-12 14:25:00,87.9
2025-06-12 14:24:00,76.2
2025-06-12 10:27:00,68.6
2025-06-12 23:29:00,57.7
2025-06-12 16:31:00,82.3
2025-06-12 08:45:00,49.38053801169591
2025-06-12 22:39:00,74.3
2025-06-12 05:04:00,4.6
2025-06-12 15:57:00,13.3
2025-06-12 14:26:00,30.7
2025-06-12 14:23:00,17.3
2025-06-12 23:41:00,29.3
2025-06-12 14:19:00,49.38053801169591
2025-06-12 23:12:00,84.4
2025-06-12 05:08:00,87.9
2025-06-12 16:26:00,21.0
2025-06-12 08:29:00,23.9
2025-06-12 05:23:00,29.0
2025-06-12 02:36:00,49.38053801169591
2025-06-12 17:32:00,26.2
2025-06-12 14:11:00,92.0
2025-06-12 09:55:00,96.5
2025-06-12 11:00:00,37.5
2025-06-12 10:32:00,60.7
2025-06-12 16:51:00,96.6
2025-06-12 08:22:00,2.2
2025-06-12 10:18:00,37.7
2025-06-12 13:30:00,14.5
2025-06-12 11:00:00,79.6
2025-06-12 13:02:00,32.2
2025-06-12 21:32:00,77.8
2025-06-12 01:31:00,47.5
2025-06-12 07:49:00,18.2
2025-06-12 10:09:00,94.2
2025-06-12 15:28:00,53.5
2025-06-12 05:15:00,93.9
2025-06-12 02:02:00,7.2
2025-06-12 16:34:00,37.7
2025-06-12 18:06:00,42.9
2025-06-12 12:23:00,53.4
2025-06-12 06:40:00,61.9
2025-06-12 01:05:00,46.7
2025-06-12 22:35:00,40.7
2025-06-12 12:27:00,59.5
2025-06-12 08:28:00,13.1
2025-06-12 21:54:00,28.2
2025-06-12 20:57:00,59.5
2025-06-12 10:08:00,46.6
2025-06-12 18:22:00,84.5
2025-06-12 13:52:00,48.8
2025-06-12 00:16:00,39.5
2025-06-12 05:18:00,4.5
2025-06-12 20:21:00,16.6
2025-06-12 19:15:00,49.38053801169591
2025-06-12 09:49:00,32.2
2025-06-12 07:31:00,90.5
2025-06-12 15:34:00,27.7
2025-06-12 17:52:00,77.0
2025-06-12 19:24:00,1.7
2025-06-12 19:47:00,58.1
2025-06-12 15:21:00,47.2
2025-06-12 04:39:00,60.9
2025-06-12 21:15:00,68.7
2025-06-12 03:06:00,23.8
2025-06-12 23:54:00,0.6
2025-06-12 20:28:00,24.1
2025-06-12 19:17:00,49.38053801169591
2025-06-12 00:28:00,40.3
2025-06-12 21:14:00,67.6
2025-06-12 05:56:00,49.38053801169591
2025-06-12 09:57:00,27.1
2025-06-12 03:48:00,4.4
2025-06-12 22:01:00,90.9
2025-06-12 18:27:00,0.4
2025-06-12 14:07:00,18.3
2025-06-12 19:58:00,49.38053801169591
2025-06-12 08:02:00,69.4
2025-06-12 03:57:00,77.7
2025-06-12 22:36:00,86.3
2025-06-12 20:09:00,25.0
2025-06-12 12:21:00,62.9
2025-06-12 06:03:00,8.0
2025-06-12 20:47:00,27.2
2025-06-12 07:42:00,88.4
2025-06-12 04:26:00,11.9
2025-06-12 09:46:00,90.5
2025-06-12 11:19:00,94.0
2025-06-12 05:06:00,21.3
2025-06-12 01:54:00,64.4
2025-06-12 18:11:00,83.8
2025-06-12 03:51:00,68.3
2025-06-12 21:12:00,76.8
2025-06-12 07:03:00,22.4
2025-06-12 10:49:00,1.4
2025-06-12 00:06:00,4.3
2025-06-12 02:49:00,39.6
2025-06-12 23:27:00,0.9
2025-06-12 14:41:00,75.3
2025-06-12 12:01:00,27.9
2025-06-12 03:56:00,55.5
2025-06-12 02:31:00,40.3
2025-06-12 10:36:00,42.4
2025-06-12 02:52:00,56.9
2025-06-12 11:16:00,49.38053801169591
2025-06-12 19:11:00,79.9
2025-06-12 16:33:00,49.38053801169591
2025-06-12 18:17:00,56.7
2025-06-12 16:29:00,49.38053801169591
2025-06-12 01:27:00,42.0
2025-06-12 17:08:00,23.7
2025-06-12 09:59:00,78.1
2025-06-12 13:11:00,67.3
2025-06-12 14:27:00,50.7
2025-06-12 04:42:00,9.3
2025-06-12 18:01:00,52.6
2025-06-12 08:52:00,43.6
2025-06-12 07:42:00,47.9
2025-06-12 03:00:00,37.5
2025-06-12 11:17:00,29.3
2025-06-12 15:12:00,30.4
2025-06-12 10:30:00,62.5
2025-06-12 02:49:00,55.5
2025-06-12 20:29:00,87.9
2025-06-12 05:30:00,87.8
2025-06-12 18:00:00,94.5
2025-06-12 15:12:00,28.7
2025-06-12 01:18:00,59.3
2025-06-12 08:16:00,22.1
2025-06-12 02:52:00,0.2
2025-06-12 09:53:00,49.38053801169591
2025-06-12 23:48:00,98.7
2025-06-12 03:57:00,73.8
2025-06-12 19:20:00,49.38053801169591
2025-06-12 01:43:00,44.7
2025-06-12 03:24:00,66.0
2025-06-12 07:05:00,22.7
2025-06-12 02:43:00,17.5
2025-06-12 12:44:00,49.38053801169591
2025-06-12 22:20:00,71.5
2025-06-12 07:32:00,50.4
2025-06-12 20:45:00,49.38053801169591
2025-06-12 19:24:00,85.0
2025-06-12 04:31:00,80.3
2025-06-12 08:20:00,88.9
2025-06-12 07:12:00,51.0
2025-06-12 04:20:00,39.6
2025-06-12 17:45:00,49.38053801169591
2025-06-12 05:35:00,11.3
2025-06-12 00:51:00,86.0
2025-06-12 21:06:00,33.0
2025-06-12 05:12:00,63.0
2025-06-12 07:17:00,7.2
2025-06-12 15:47:00,6.8
2025-06-12 11:59:00,39.7
2025-06-12 05:31:00,1.7
2025-06-12 11:13:00,55.8
2025-06-12 16:42:00,49.38053801169591
2025-06-12 19:01:00,22.3
2025-06-12 03:41:00,32.0
2025-06-12 14:01:00,85.0
2025-06-12 14:52:00,39.4
2025-06-12 14:13:00,49.38053801169591
2025-06-12 01:49:00,49.38053801169591
2025-06-12 12:02:00,81.6
2025-06-12 16:52:00,79.6
2025-06-12 04:06:00,98.0
2025-06-12 19:59:00,7.6
2025-06-12 22:59:00,49.38053801169591
2025-06-12 03:40:00,49.38053801169591
2025-06-12 09:09:00,17.0
2025-06-12 05:52:00,31.4
2025-06-12 00:11:00,99.0
2025-06-12 20:55:00,39.2
2025-06-12 00:25:00,92.0
2025-06-12 19:15:00,4.3
2025-06-12 14:54:00,85.4
2025-06-12 18:45:00,52.2
2025-06-12 12:33:00,41.1
2025-06-12 17:55:00,26.4
2025-06-12 15:50:00,2.0
2025-06-12 01:56:00,63.5
2025-06-12 18:44:00,19.3
2025-06-12 23:24:00,28.3
2025-06-12 19:09:00,44.4
2025-06-12 17:57:00,88.1
2025-06-12 16:12:00,49.38053801169591
2025-06-12 15:16:00,46.6
2025-06-12 05:11:00,44.4
2025-06-12 01:03:00,0.9
2025-06-12 23:30:00,44.6
2025-06-12 05:50:00,0.7
2025-06-12 20:57:00,66.1
2025-06-12 13:06:00,17.6
2025-06-12 18:07:00,83.8
2025-06-12 10:51:00,80.2
2025-06-12 13:52:00,31.7
2025-06-12 07:00:00,78.2
2025-06-12 07:58:00,24.6
2025-06-12 12:31:00,73.4
2025-06-12 08:36:00,25.3
2025-06-12 08:06:00,70.0
2025-06-12 22:35:00,49.38053801169591
2025-06-12 08:33:00,70.7
2025-06-12 06:51:00,52.2
2025-06-12 23:39:00,50.4
2025-06-12 12:21:00,63.8
2025-06-12 01:37:00,7.3
2025-06-12 00:26:00,84.9
2025-06-12 09:52:00,78.5
2025-06-12 17:47:00,61.1
2025-06-12 07:31:00,20.0
2025-06-12 11:45:00,57.0
2025-06-12 07:42:00,95.9
2025-06-12 20:53:00,57.5
2025-06-12 22:03:00,26.6
2025-06-12 05:48:00,0.8
2025-06-12 05:46:00,65.3
2025-06-12 11:03:00,92.4
2025-06-12 05:04:00,49.594186729301235
2025-06-12 07:59:00,26.3
2025-06-12 19:51:00,49.594186729301235
2025-06-12 00:54:00,99.5
2025-06-12 17:48:00,56.9
2025-06-12 21:11:00,38.5
2025-06-12 09:42:00,59.9
2025-06-12 16:14:00,14.1
2025-06-12 02:21:00,14.9
2025-06-12 19:41:00,77.3
2025-06-12 08:08:00,66.0
2025-06-12 13:29:00,49.594186729301235
2025-06-12 03:44:00,40.5
2025-06-12 02:40:00,79.6
2025-06-12 01:41:00,25.0
2025-06-12 11:59:00,43.8
2025-06-12 03:26:00,61.6
2025-06-12 06:37:00,48.5
2025-06-12 22:10:00,44.7
2025-06-12 07:50:00,39.3
2025-06-12 23:24:00,24.5
2025-06-12 23:04:00,32.1
2025-06-12 16:16:00,17.3
2025-06-12 04:13:00,56.7
2025-06-12 08:00:00,49.594186729301235
2025-06-12 11:17:00,86.9
2025-06-12 13:05:00,49.594186729301235
2025-06-12 19:05:00,14.4
2025-06-12 13:21:00,60.9
2025-06-12 14:51:00,15.4
2025-06-12 17:35:00,64.6
2025-06-12 13:24:00,85.7
2025-06-12 10:44:00,61.6
2025-06-12 22:11:00,76.2
2025-06-12 21:15:00,12.9
2025-06-12 10:52:00,69.3
2025-06-12 04:59:00,49.594186729301235
2025-06-12 10:35:00,52.4
2025-06-12 07:45:00,72.2
2025-06-12 19:04:00,54.4
2025-06-12 04:59:00,5.8
2025-06-12 07:01:00,54.7
2025-06-12 23:36:00,70.8
2025-06-12 17:38:00,49.594186729301235
2025-06-12 10:26:00,49.594186729301235
2025-06-12 05:32:00,49.594186729301235
2025-06-12 09:27:00,93.0
2025-06-12 10:39:00,66.9
2025-06-12 16:55:00,28.3
2025-06-12 17:27:00,63.4
2025-06-12 14:46:00,0.9
2025-06-12 14:43:00,60.4
2025-06-12 15:15:00,13.2
2025-06-12 20:00:00,66.4
2025-06-12 10:50:00,71.5
2025-06-12 10:47:00,87.6
2025-06-12 02:13:00,44.5
2025-06-12 01:28:00,64.9
2025-06-12 23:31:00,1.7
2025-06-12 16:01:00,26.7
2025-06-12 03:13:00,28.4
2025-06-12 01:52:00,49.594186729301235
2025-06-12 02:56:00,1.6
2025-06-12 13:51:00,86.3
2025-06-12 23:33:00,9.4
2025-06-12 19:41:00,87.5
2025-06-12 16:58:00,14.2
2025-06-12 15:54:00,92.4
2025-06-12 11:38:00,11.7
2025-06-12 09:58:00,49.594186729301235
2025-06-12 21:28:00,32.4
2025-06-12 22:05:00,49.594186729301235
2025-06-12 03:42:00,49.594186729301235
2025-06-12 17:46:00,43.5
2025-06-12 12:07:00,67.8
2025-06-12 14:08:00,49.594186729301235
2025-06-12 08:52:00,50.9
2025-06-12 06:59:00,0.8
2025-06-12 21:27:00,5.2
2025-06-12 09:45:00,49.594186729301235
2025-06-12 08:03:00,49.594186729301235
2025-06-12 17:33:00,49.594186729301235
2025-06-12 02:11:00,64.3
2025-06-12 23:09:00,96.1
2025-06-12 02:18:00,0.5
2025-06-12 16:24:00,62.2
2025-06-12 00:10:00,41.4
2025-06-12 06:54:00,1.5
2025-06-12 05:22:00,49.594186729301235
2025-06-12 23:52:00,90.8
2025-06-12 00:16:00,72.5
2025-06-12 02:58:00,81.1
2025-06-12 05:19:00,56.4
2025-06-12 11:54:00,50.5
2025-06-12 08:18:00,80.6
2025-06-12 22:29:00,74.3
2025-06-12 01:57:00,83.1
2025-06-12 09:05:00,49.594186729301235
2025-06-12 09:49:00,48.7
2025-06-12 10:59:00,49.4
2025-06-12 00:11:00,23.2
2025-06-12 13:30:00,32.1
2025-06-12 12:01:00,99.6
2025-06-12 22:54:00,78.3
2025-06-12 02:37:00,2.7
2025-06-12 06:02:00,7.0
2025-06-12 22:38:00,27.8
2025-06-12 03:14:00,82.4
2025-06-12 22:37:00,49.594186729301235
2025-06-12 10:14:00,21.3
2025-06-12 14:39:00,91.9
2025-06-12 09:43:00,36.8
2025-06-12 07:36:00,26.7
2025-06-12 16:39:00,60.6
2025-06-12 04:30:00,55.9
2025-06-12 10:22:00,10.7
2025-06-12 05:22:00,81.0
2025-06-12 15:29:00,50.3
2025-06-12 21:17:00,79.0
2025-06-12 07:23:00,20.0
2025-06-12 02:52:00,71.6
2025-06-12 11:02:00,49.594186729301235
2025-06-12 18:24:00,86.3
2025-06-12 00:21:00,39.1
2025-06-12 19:46:00,54.8
2025-06-12 07:09:00,18.4
2025-06-12 04:45:00,95.4
2025-06-12 10:55:00,42.3
2025-06-12 03:27:00,17.6
2025-06-12 06:01:00,12.8
2025-06-12 13:02:00,49.594186729301235
2025-06-12 21:34:00,5.3
2025-06-12 13:18:00,88.5
2025-06-12 00:08:00,72.2
2025-06-12 14:30:00,49.594186729301235
2025-06-12 02:02:00,18.3
2025-06-12 00:33:00,43.6
2025-06-12 00:23:00,1.4
2025-06-12 12:14:00,54.3
2025-06-12 11:55:00,65.9
2025-06-12 19:56:00,18.0
2025-06-12 13:28:00,49.594186729301235
2025-06-12 00:43:00,63.9
2025-06-12 15:06:00,35.9
2025-06-12 03:57:00,38.2
2025-06-12 02:43:00,7.7
2025-06-12 08:54:00,77.0
2025-06-12 10:51:00,49.594186729301235
2025-06-12 11:38:00,38.8
2025-06-12 21:23:00,90.4
2025-06-12 02:03:00,55.0
2025-06-12 02:02:00,3.9
2025-06-12 04:58:00,49.594186729301235
2025-06-12 17:00:00,8.2
2025-06-12 20:26:00,70.9
2025-06-12 19:49:00,57.5
2025-06-12 14:50:00,8.6
2025-06-12 22:29:00,53.8
2025-06-12 14:56:00,24.7
2025-06-12 18:35:00,24.3
2025-06-12 01:04:00,66.4
2025-06-12 00:08:00,69.2
2025-06-12 02:08:00,62.9
2025-06-12 19:51:00,56.7
2025-06-12 21:42:00,93.1
2025-06-12 10:45:00,87.6
2025-06-12 05:55:00,23.6
2025-06-12 13:03:00,68.8
2025-06-12 16:08:00,66.3
2025-06-12 04:04:00,63.8
2025-06-12 00:37:00,66.7
2025-06-12 09:45:00,49.594186729301235
2025-06-12 02:29:00,88.5
2025-06-12 08:47:00,49.594186729301235
2025-06-12 14:25:00,40.4
2025-06-12 20:06:00,76.4
2025-06-12 04:52:00,52.5
2025-06-12 17:30:00,82.1
2025-06-12 23:24:00,87.0
2025-06-12 16:56:00,31.6
2025-06-12 20:29:00,33.5
2025-06-12 00:51:00,90.9
2025-06-12 06:53:00,51.1
2025-06-12 06:48:00,64.4
2025-06-12 15:01:00,25.8
2025-06-12 08:32:00,20.2
2025-06-12 13:14:00,37.8
2025-06-12 19:34:00,4.4
2025-06-12 20:57:00,12.6
2025-06-12 04:39:00,49.594186729301235
2025-06-12 23:12:00,6.1
2025-06-12 01:54:00,98.1
2025-06-12 23:14:00,6.6
2025-06-12 17:18:00,49.594186729301235
2025-06-12 19:07:00,34.4
2025-06-12 20:32:00,76.6
2025-06-12 07:10:00,81.5
2025-06-12 09:35:00,63.2
2025-06-12 00:16:00,75.6
2025-06-12 01:49:00,31.2
2025-06-12 21:26:00,49.594186729301235
2025-06-12 11:36:00,15.2
2025-06-12 11:31:00,91.9
2025-06-12 20:36:00,1.4
2025-06-12 14:49:00,66.3
2025-06-12 16:48:00,78.8
2025-06-12 18:08:00,87.7
2025-06-12 02:17:00,49.594186729301235
2025-06-12 14:46:00,15.1
2025-06-12 06:17:00,54.3
2025-06-12 15:30:00,87.8
2025-06-12 01:20:00,79.4
2025-06-12 21:44:00,55.6
2025-06-12 02:15:00,99.9
2025-06-12 02:30:00,28.9
2025-06-12 11:40:00,53.7
2025-06-12 22:40:00,26.7
2025-06-12 14:31:00,58.0
2025-06-12 04:10:00,86.6
2025-06-12 14:42:00,49.594186729301235
2025-06-12 02:39:00,46.5
2025-06-12 22:03:00,49.594186729301235
2025-06-12 16:07:00,35.7
2025-06-12 16:22:00,83.3
2025-06-12 19:46:00,9.7
2025-06-12 20:38:00,49.594186729301235
2025-06-12 11:58:00,49.594186729301235
2025-06-12 17:15:00,44.1
2025-06-12 16:30:00,0.2
2025-06-12 11:00:00,55.4
2025-06-12 20:07:00,50.3
2025-06-12 17:23:00,22.8
2025-06-12 07:09:00,43.2
2025-06-12 22:50:00,17.6
2025-06-12 06:10:00,87.4
2025-06-12 18:08:00,87.3
2025-06-12 12:50:00,43.0
2025-06-12 12:20:00,92.1
2025-06-12 14:35:00,40.4
2025-06-12 17:46:00,53.6
2025-06-12 16:55:00,18.3
2025-06-12 17:05:00,96.6
2025-06-12 05:15:00,27.5
2025-06-12 11:05:00,16.8
2025-06-12 21:05:00,24.0
2025-06-12 12:18:00,20.5
2025-06-12 06:19:00,33.9
2025-06-12 18:43:00,94.6
2025-06-12 14:21:00,8.7
2025-06-12 08:09:00,27.7
2025-06-12 07:48:00,96.6
2025-06-12 21:38:00,49.594186729301235
2025-06-12 20:36:00,49.594186729301235
2025-06-12 10:18:00,44.1
2025-06-12 00:42:00,91.3
2025-06-12 05:02:00,77.5
2025-06-12 12:51:00,99.1
2025-06-12 13:52:00,49.594186729301235
2025-06-12 18:56:00,8.0
2025-06-12 12:00:00,0.4
2025-06-12 00:46:00,69.2
2025-06-12 00:03:00,49.3
2025-06-12 00:31:00,17.2
2025-06-12 09:30:00,74.5
2025-06-12 14:31:00,32.5
2025-06-12 02:26:00,20.7
2025-06-12 20:42:00,98.4
2025-06-12 15:06:00,64.1
2025-06-12 12:43:00,49.594186729301235
2025-06-12 19:48:00,21.4
2025-06-12 01:31:00,46.3
2025-06-12 03:38:00,94.3
2025-06-12 04:10:00,49.594186729301235
2025-06-12 14:51:00,7.9
2025-06-12 01:19:00,83.3
2025-06-12 02:08:00,56.5
2025-06-12 17:52:00,98.1
2025-06-12 00:41:00,14.6
2025-06-12 02:13:00,7.9
2025-06-12 02:31:00,49.594186729301235
2025-06-12 08:46:00,41.8
2025-06-12 19:35:00,83.3
2025-06-12 17:41:00,2.4
2025-06-12 05:40:00,67.3
2025-06-12 13:12:00,49.594186729301235
2025-06-12 10:49:00,49.594186729301235
2025-06-12 22:31:00,12.9
2025-06-12 15:22:00,56.9
2025-06-12 03:13:00,49.594186729301235
2025-06-12 13:33:00,49.594186729301235
2025-06-12 13:32:00,34.9
2025-06-12 01:20:00,34.7
2025-06-12 12:21:00,23.0
2025-06-12 22:13:00,87.2
2025-06-12 22:48:00,50.03812089971884
2025-06-12 09:51:00,50.03812089971884
2025-06-12 01:38:00,96.1
2025-06-12 15:59:00,50.03812089971884
2025-06-12 23:56:00,50.03812089971884
2025-06-12 00:16:00,28.8
2025-06-12 15:02:00,60.7
2025-06-12 05:01:00,84.0
2025-06-12 18:31:00,24.9
2025-06-12 10:30:00,50.03812089971884
2025-06-12 07:07:00,91.0
2025-06-12 00:00:00,12.2
2025-06-12 10:49:00,89.1
2025-06-12 10:01:00,5.4
2025-06-12 22:58:00,94.8
2025-06-12 23:14:00,16.1
2025-06-12 13:42:00,50.03812089971884
2025-06-12 12:56:00,60.6
2025-06-12 13:21:00,96.1
2025-06-12 22:54:00,80.6
2025-06-12 14:30:00,50.03812089971884
2025-06-12 16:14:00,80.5
2025-06-12 22:32:00,44.6
2025-06-12 04:38:00,50.03812089971884
2025-06-12 15:32:00,27.8
2025-06-12 10:17:00,62.9
2025-06-12 06:57:00,47.8
2025-06-12 04:33:00,89.3
2025-06-12 04:45:00,41.6
2025-06-12 01:53:00,74.4
2025-06-12 00:49:00,23.3
2025-06-12 16:12:00,69.4
2025-06-12 11:50:00,80.4
2025-06-12 21:59:00,78.7
2025-06-12 19:53:00,5.6
2025-06-12 10:44:00,50.03812089971884
2025-06-12 04:07:00,49.3
2025-06-12 06:35:00,50.03812089971884
2025-06-12 12:49:00,50.03812089971884
2025-06-12 07:12:00,58.8
2025-06-12 08:06:00,18.9
2025-06-12 01:53:00,44.5
2025-06-12 06:49:00,50.03812089971884
2025-06-12 19:18:00,50.03812089971884
2025-06-12 05:16:00,61.3
2025-06-12 12:14:00,36.6
2025-06-12 05:02:00,74.0
2025-06-12 13:03:00,68.9
2025-06-12 08:04:00,12.5
2025-06-12 02:32:00,13.3
2025-06-12 00:42:00,37.2
2025-06-12 09:32:00,40.0
2025-06-12 09:45:00,56.2
2025-06-12 05:03:00,50.03812089971884
2025-06-12 02:42:00,82.4
2025-06-12 18:21:00,29.2
2025-06-12 18:55:00,38.5
2025-06-12 00:17:00,11.3
2025-06-12 17:45:00,19.8
2025-06-12 13:35:00,16.7
2025-06-12 16:30:00,33.9
2025-06-12 05:30:00,99.3
2025-06-12 22:15:00,57.3
2025-06-12 19:10:00,41.5
2025-06-12 22:08:00,30.3
2025-06-12 22:57:00,98.5
2025-06-12 07:36:00,41.9
2025-06-12 11:45:00,44.7
2025-06-12 12:31:00,75.3
2025-06-12 21:48:00,75.8
2025-06-12 03:24:00,74.9
2025-06-12 04:58:00,87.2
2025-06-12 12:24:00,50.03812089971884
2025-06-12 13:43:00,95.5
2025-06-12 00:28:00,47.2
2025-06-12 06:40:00,78.3
2025-06-12 08:45:00,50.03812089971884
2025-06-12 09:19:00,89.6
2025-06-12 00:32:00,64.3
2025-06-12 16:14:00,33.3
2025-06-12 04:31:00,97.7
2025-06-12 11:18:00,69.0
2025-06-12 02:00:00,35.0
2025-06-12 18:01:00,9.9
2025-06-12 18:52:00,50.03812089971884
2025-06-12 04:22:00,18.2
2025-06-12 04:21:00,42.2
2025-06-12 05:42:00,50.03812089971884
2025-06-12 12:39:00,2.2
2025-06-12 20:41:00,82.8
2025-06-12 07:32:00,97.9
2025-06-12 22:49:00,83.4
2025-06-12 17:17:00,50.03812089971884
2025-06-12 11:26:00,50.2
2025-06-12 13:43:00,50.03812089971884
2025-06-12 03:42:00,45.9
2025-06-12 21:26:00,50.03812089971884
2025-06-12 17:29:00,50.03812089971884
2025-06-12 11:01:00,11.4
2025-06-12 21:28:00,44.0
2025-06-12 20:02:00,44.3
2025-06-12 03:14:00,50.03812089971884
2025-06-12 03:23:00,88.8
2025-06-12 23:19:00,95.6
2025-06-12 04:35:00,50.03812089971884
2025-06-12 11:51:00,50.03812089971884
2025-06-12 23:49:00,95.2
2025-06-12 10:39:00,52.4
2025-06-12 23:19:00,17.6
2025-06-12 04:08:00,50.03812089971884
2025-06-12 08:06:00,34.3
2025-06-12 19:32:00,91.3
2025-06-12 08:03:00,50.03812089971884
2025-06-12 06:04:00,50.03812089971884
2025-06-12 09:34:00,77.1
2025-06-12 19:12:00,50.03812089971884
2025-06-12 16:45:00,64.6
2025-06-12 07:30:00,96.4
2025-06-12 08:46:00,60.4
2025-06-12 16:16:00,50.03812089971884
2025-06-12 23:18:00,6.3
2025-06-12 18:47:00,16.2
2025-06-12 06:21:00,92.6
2025-06-12 11:17:00,59.1
2025-06-12 22:49:00,80.2
2025-06-12 06:42:00,50.03812089971884
2025-06-12 04:01:00,25.6
2025-06-12 04:20:00,77.8
2025-06-12 17:17:00,67.7
2025-06-12 02:19:00,32.8
2025-06-12 20:40:00,7.8
2025-06-12 01:32:00,80.8
2025-06-12 18:34:00,68.2
2025-06-12 03:03:00,50.03812089971884
2025-06-12 03:28:00,50.03812089971884
2025-06-12 19:14:00,29.5
2025-06-12 20:10:00,1.7
2025-06-12 11:35:00,50.03812089971884
2025-06-12 07:39:00,42.9
2025-06-12 17:59:00,52.1
2025-06-12 15:28:00,67.0
2025-06-12 21:42:00,71.3
2025-06-12 08:46:00,86.9
2025-06-12 18:47:00,37.9
2025-06-12 01:31:00,67.1
2025-06-12 07:04:00,99.5
2025-06-12 22:04:00,78.0
2025-06-12 00:03:00,24.9
2025-06-12 20:40:00,97.2
2025-06-12 10:48:00,55.1
2025-06-12 20:47:00,92.6
2025-06-12 08:24:00,18.4
2025-06-12 19:45:00,55.0
2025-06-12 07:38:00,13.4
2025-06-12 08:56:00,31.7
2025-06-12 10:59:00,22.5
2025-06-12 02:14:00,52.9
2025-06-12 14:59:00,63.2
2025-06-12 18:04:00,50.03812089971884
2025-06-12 20:29:00,12.7
2025-06-12 06:26:00,38.3
2025-06-12 02:38:00,16.8
2025-06-12 03:31:00,83.5
2025-06-12 10:12:00,73.0
2025-06-12 05:15:00,3.1
2025-06-12 10:48:00,37.9
2025-06-12 02:37:00,50.03812089971884
2025-06-12 20:27:00,56.1
2025-06-12 14:39:00,22.2
2025-06-12 20:26:00,19.1
2025-06-12 19:43:00,17.6
2025-06-12 22:16:00,73.4
2025-06-12 02:47:00,32.1
2025-06-12 13:34:00,22.6
2025-06-12 06:35:00,75.7
2025-06-12 21:54:00,52.6
2025-06-12 01:29:00,83.9
2025-06-12 14:20:00,80.6
2025-06-12 13:41:00,3.5
2025-06-12 02:18:00,73.4
2025-06-12 09:43:00,5.5
2025-06-12 21:53:00,87.5
2025-06-12 02:58:00,96.2
2025-06-12 01:20:00,81.3
2025-06-12 08:11:00,52.4
2025-06-12 17:36:00,50.03812089971884
2025-06-12 06:07:00,16.1
2025-06-12 02:15:00,73.9
2025-06-12 14:27:00,3.4
2025-06-12 23:46:00,31.5
2025-06-12 18:45:00,10.0
2025-06-12 09:24:00,30.5
2025-06-12 17:16:00,62.3
2025-06-12 19:28:00,27.3
2025-06-12 14:08:00,50.03812089971884
2025-06-12 21:44:00,68.4
2025-06-12 05:08:00,71.5
2025-06-12 15:50:00,2.0
2025-06-12 18:01:00,83.4
2025-06-12 12:02:00,59.5
2025-06-12 11:30:00,81.1
2025-06-12 02:15:00,90.2
2025-06-12 17:37:00,32.7
2025-06-12 06:55:00,0.4
2025-06-12 20:34:00,94.6
2025-06-12 03:59:00,89.7
2025-06-12 13:48:00,50.03812089971884
2025-06-12 03:55:00,99.0
2025-06-12 07:19:00,42.8
2025-06-12 05:50:00,46.3
2025-06-12 11:42:00,84.6
2025-06-12 15:39:00,86.1
2025-06-12 07:47:00,56.6
2025-06-12 06:52:00,79.9
2025-06-12 02:29:00,3.8
2025-06-12 19:33:00,73.7
2025-06-12 21:02:00,59.2
2025-06-12 09:43:00,57.8
2025-06-12 07:21:00,13.3
2025-06-12 12:58:00,95.4
2025-06-12 15:25:00,28.7
2025-06-12 15:57:00,32.7
2025-06-12 03:33:00,19.3
2025-06-12 01:03:00,18.4
2025-06-12 23:52:00,50.03812089971884
2025-06-12 01:04:00,42.2
2025-06-12 07:57:00,20.7
2025-06-12 18:11:00,29.2
2025-06-12 12:53:00,94.2
2025-06-12 06:21:00,50.03812089971884
2025-06-12 10:59:00,47.4
2025-06-12 02:12:00,92.3
2025-06-12 09:52:00,50.03812089971884
2025-06-12 13:19:00,79.0
2025-06-12 11:28:00,50.03812089971884
2025-06-12 12:09:00,79.7
2025-06-12 18:26:00,58.8
2025-06-12 03:12:00,50.03812089971884
2025-06-12 06:01:00,99.1
2025-06-12 17:28:00,59.8
2025-06-12 06:25:00,26.2
2025-06-12 14:42:00,59.5
2025-06-12 18:14:00,50.03812089971884
2025-06-12 16:42:00,73.3
2025-06-12 00:21:00,5.3
2025-06-12 14:46:00,38.0
2025-06-12 16:23:00,89.1
2025-06-12 22:02:00,89.9
2025-06-12 17:33:00,49.0
2025-06-12 19:28:00,89.9
2025-06-12 14:56:00,3.7
2025-06-12 22:18:00,70.8
2025-06-12 18:13:00,63.2
2025-06-12 22:13:00,82.4
2025-06-12 01:12:00,90.9
2025-06-12 08:08:00,55.5
2025-06-12 17:12:00,72.3
2025-06-12 18:16:00,53.9
2025-06-12 12:28:00,5.7
2025-06-12 12:46:00,34.7
2025-06-12 14:36:00,70.9
2025-06-12 08:30:00,28.0
2025-06-12 06:39:00,50.03812089971884
2025-06-12 11:53:00,97.8
2025-06-12 13:00:00,98.7
2025-06-12 14:20:00,99.4
2025-06-12 21:07:00,60.5
2025-06-12 15:11:00,78.7
2025-06-12 15:24:00,23.5
2025-06-12 04:06:00,62.6
2025-06-12 02:11:00,82.6
2025-06-12 11:16:00,29.2
2025-06-12 16:29:00,18.8
2025-06-12 11:13:00,16.6
2025-06-12 11:45:00,51.2
2025-06-12 18:01:00,86.8
2025-06-12 14:14:00,74.3
2025-06-12 07:31:00,33.7
2025-06-12 11:13:00,19.2
2025-06-12 10:25:00,43.9
2025-06-12 12:15:00,28.4
2025-06-12 14:52:00,74.1
2025-06-12 12:41:00,21.5
2025-06-12 14:58:00,7.9
2025-06-12 11:31:00,88.9
2025-06-12 18:42:00,30.2
2025-06-12 08:43:00,30.9
2025-06-12 04:11:00,20.1
2025-06-12 04:45:00,28.5
2025-06-12 00:57:00,77.4
2025-06-12 12:07:00,18.7
2025-06-12 21:48:00,78.7
2025-06-12 02:05:00,60.1
2025-06-12 21:36:00,26.4
2025-06-12 05:26:00,46.2
2025-06-12 08:13:00,58.4
2025-06-12 08:26:00,1.7
2025-06-12 13:07:00,41.3
2025-06-12 18:24:00,74.1
2025-06-12 18:13:00,45.3
2025-06-12 18:39:00,53.8
2025-06-12 20:28:00,0.7
2025-06-12 15:32:00,27.8
2025-06-12 01:23:00,50.03812089971884
2025-06-12 12:00:00,50.03812089971884
2025-06-12 02:08:00,88.9
2025-06-12 19:23:00,65.9
2025-06-12 07:05:00,31.4
2025-06-12 23:07:00,6.3
2025-06-12 15:14:00,50.03812089971884
2025-06-12 10:14:00,92.1
2025-06-12 08:33:00,40.2
2025-06-12 00:20:00,50.03812089971884
2025-06-12 08:03:00,18.8
2025-06-12 19:22:00,28.1
2025-06-12 06:55:00,78.2
2025-06-12 01:43:00,62.1
2025-06-12 11:15:00,53.3
2025-06-12 05:27:00,50.03812089971884
2025-06-12 09:09:00,23.1
2025-06-12 03:30:00,0.4
2025-06-12 14:34:00,40.4
2025-06-12 19:13:00,78.1
2025-06-12 23:02:00,40.6
2025-06-12 00:40:00,68.6
2025-06-12 20:55:00,64.7
2025-06-12 07:41:00,46.9
2025-06-12 06:54:00,15.5
2025-06-12 03:08:00,50.03812089971884
2025-06-12 11:15:00,65.7
2025-06-12 11:55:00,87.9
2025-06-12 17:33:00,4.6
2025-06-12 05:35:00,49.697634180790956
2025-06-12 13:40:00,84.1
2025-06-12 14:09:00,49.697634180790956
2025-06-12 06:32:00,59.4
2025-06-12 21:26:00,78.5
2025-06-12 08:56:00,8.8
2025-06-12 15:24:00,30.9
2025-06-12 19:47:00,49.697634180790956
2025-06-12 08:31:00,54.7
2025-06-12 10:55:00,93.1
2025-06-12 13:53:00,58.8
2025-06-12 16:16:00,89.3
2025-06-12 00:37:00,76.7
2025-06-12 06:35:00,33.3
2025-06-12 08:42:00,7.0
2025-06-12 20:52:00,49.697634180790956
2025-06-12 21:25:00,75.2
2025-06-12 11:36:00,15.8
2025-06-12 16:27:00,49.6
2025-06-12 09:06:00,78.0
2025-06-12 11:17:00,55.4
2025-06-12 21:10:00,63.9
2025-06-12 09:24:00,25.9
2025-06-12 06:48:00,60.8
2025-06-12 09:14:00,79.3
2025-06-12 23:09:00,6.8
2025-06-12 23:04:00,92.1
2025-06-12 20:37:00,61.5
2025-06-12 22:19:00,48.1
2025-06-12 17:13:00,36.3
2025-06-12 22:08:00,81.4
2025-06-12 04:40:00,96.4
2025-06-12 13:49:00,48.7
2025-06-12 22:25:00,83.0
2025-06-12 08:13:00,25.7
2025-06-12 04:09:00,82.4
2025-06-12 18:37:00,10.3
2025-06-12 15:54:00,79.5
2025-06-12 01:39:00,49.697634180790956
2025-06-12 22:31:00,12.3
2025-06-12 19:03:00,36.2
2025-06-12 17:39:00,95.9
2025-06-12 18:22:00,40.8
2025-06-12 20:44:00,74.9
2025-06-12 10:30:00,98.4
2025-06-12 21:55:00,67.9
2025-06-12 20:50:00,22.6
2025-06-12 01:26:00,40.3
2025-06-12 01:34:00,5.2
2025-06-12 07:58:00,49.697634180790956
2025-06-12 03:33:00,95.9
2025-06-12 03:52:00,11.8
2025-06-12 06:32:00,96.6
2025-06-12 04:04:00,48.9
2025-06-12 11:52:00,42.5
2025-06-12 01:38:00,88.9
2025-06-12 06:08:00,40.9
2025-06-12 01:27:00,68.0
2025-06-12 02:10:00,20.2
2025-06-12 19:19:00,49.697634180790956
2025-06-12 19:37:00,76.7
2025-06-12 08:19:00,3.6
2025-06-12 08:12:00,96.7
2025-06-12 23:37:00,5.9
2025-06-12 17:06:00,35.8
2025-06-12 06:51:00,49.697634180790956
2025-06-12 10:47:00,98.2
2025-06-12 14:56:00,34.9
2025-06-12 16:47:00,60.1
2025-06-12 18:10:00,29.0
2025-06-12 02:03:00,58.1
2025-06-12 21:06:00,73.2
2025-06-12 08:20:00,87.2
2025-06-12 20:50:00,91.8
2025-06-12 05:12:00,53.9
2025-06-12 09:29:00,6.0
2025-06-12 11:32:00,85.4
2025-06-12 08:39:00,51.0
2025-06-12 15:52:00,42.2
2025-06-12 00:33:00,11.8
2025-06-12 21:08:00,60.6
2025-06-12 09:48:00,36.7
2025-06-12 12:32:00,0.1
2025-06-12 23:17:00,89.1
2025-06-12 01:24:00,74.5
2025-06-12 04:16:00,28.1
2025-06-12 06:30:00,54.9
2025-06-12 03:37:00,53.4
2025-06-12 17:12:00,64.8
2025-06-12 06:50:00,49.697634180790956
2025-06-12 09:07:00,49.697634180790956
2025-06-12 06:20:00,95.8
2025-06-12 21:16:00,21.6
2025-06-12 19:39:00,94.7
2025-06-12 14:05:00,75.7
2025-06-12 05:07:00,18.6
2025-06-12 08:44:00,3.3
2025-06-12 09:15:00,29.8
2025-06-12 03:22:00,55.0
2025-06-12 08:54:00,49.697634180790956
2025-06-12 00:02:00,49.697634180790956
2025-06-12 16:01:00,3.5
2025-06-12 22:21:00,63.0
2025-06-12 14:59:00,34.1
2025-06-12 18:00:00,26.4
2025-06-12 13:29:00,3.7
2025-06-12 11:51:00,75.2
2025-06-12 15:45:00,15.3
2025-06-12 19:36:00,5.2
2025-06-12 07:10:00,46.7
2025-06-12 01:55:00,11.8
2025-06-12 09:19:00,12.6
2025-06-12 01:13:00,49.697634180790956
2025-06-12 14:28:00,3.2
2025-06-12 01:06:00,29.4
2025-06-12 21:37:00,15.4
2025-06-12 14:43:00,29.1
2025-06-12 01:02:00,49.697634180790956
2025-06-12 19:03:00,4.8
2025-06-12 09:20:00,35.8
2025-06-12 01:30:00,18.7
2025-06-12 09:55:00,83.2
2025-06-12 01:03:00,84.8
2025-06-12 13:41:00,41.6
2025-06-12 14:02:00,38.4
2025-06-12 01:50:00,84.5
2025-06-12 13:31:00,0.6
2025-06-12 03:02:00,49.697634180790956
2025-06-12 21:58:00,58.3
2025-06-12 09:23:00,49.697634180790956
2025-06-12 08:35:00,53.5
2025-06-12 14:12:00,88.0
2025-06-12 05:15:00,40.2
2025-06-12 07:58:00,22.1
2025-06-12 13:35:00,94.8
2025-06-12 09:11:00,99.0
2025-06-12 17:47:00,69.6
2025-06-12 19:00:00,1.0
2025-06-12 05:23:00,74.9
2025-06-12 05:15:00,58.3
2025-06-12 06:42:00,18.9
2025-06-12 04:45:00,60.6
2025-06-12 15:57:00,38.2
2025-06-12 16:32:00,18.3
2025-06-12 04:37:00,88.0
2025-06-12 12:43:00,41.2
2025-06-12 07:35:00,17.7
2025-06-12 12:26:00,49.697634180790956
2025-06-12 19:42:00,73.3
2025-06-12 08:03:00,97.4
2025-06-12 22:42:00,97.6
2025-06-12 21:17:00,63.9
2025-06-12 18:44:00,49.697634180790956
2025-06-12 09:39:00,45.4
2025-06-12 19:40:00,71.9
2025-06-12 11:51:00,72.0
2025-06-12 18:26:00,41.8
2025-06-12 14:37:00,88.6
2025-06-12 23:10:00,5.0
2025-06-12 02:29:00,43.5
2025-06-12 22:36:00,50.6
2025-06-12 18:35:00,0.7
2025-06-12 19:56:00,12.7
2025-06-12 22:56:00,67.5
2025-06-12 13:40:00,76.7
2025-06-12 06:14:00,61.9
2025-06-12 12:34:00,57.5
2025-06-12 06:17:00,7.3
2025-06-12 22:42:00,16.8
2025-06-12 08:55:00,13.6
2025-06-12 02:47:00,49.697634180790956
2025-06-12 09:17:00,10.2
2025-06-12 06:08:00,61.6
2025-06-12 11:55:00,15.1
2025-06-12 03:17:00,62.9
2025-06-12 13:10:00,43.4
2025-06-12 11:37:00,62.0
2025-06-12 05:46:00,49.4
2025-06-12 08:17:00,44.4
2025-06-12 18:19:00,5.8
2025-06-12 02:23:00,84.5
2025-06-12 09:50:00,8.4
2025-06-12 03:56:00,78.5
2025-06-12 18:49:00,49.697634180790956
2025-06-12 14:24:00,71.3
2025-06-12 19:59:00,73.9
2025-06-12 08:32:00,30.0
2025-06-12 10:37:00,72.4
2025-06-12 17:20:00,97.5
2025-06-12 12:46:00,49.697634180790956
2025-06-12 21:55:00,18.7
2025-06-12 23:11:00,49.697634180790956
2025-06-12 00:58:00,93.7
2025-06-12 18:11:00,49.697634180790956
2025-06-12 16:41:00,89.5
2025-06-12 12:15:00,82.1
2025-06-12 20:56:00,52.2
2025-06-12 10:43:00,43.2
2025-06-12 20:40:00,15.8
2025-06-12 08:49:00,42.6
2025-06-12 04:30:00,93.5
2025-06-12 20:21:00,7.6
2025-06-12 20:27:00,28.8
2025-06-12 12:41:00,21.2
2025-06-12 06:17:00,49.697634180790956
2025-06-12 17:08:00,24.8
2025-06-12 06:28:00,49.697634180790956
2025-06-12 12:53:00,35.8
2025-06-12 16:10:00,49.697634180790956
2025-06-12 23:08:00,49.697634180790956
2025-06-12 18:02:00,3.7
2025-06-12 13:31:00,62.1
2025-06-12 10:47:00,99.2
2025-06-12 16:31:00,6.9
2025-06-12 16:58:00,55.5
2025-06-12 18:45:00,49.697634180790956
2025-06-12 23:36:00,57.1
2025-06-12 06:15:00,13.1
2025-06-12 14:27:00,94.5
2025-06-12 03:01:00,72.8
2025-06-12 13:21:00,28.7
2025-06-12 12:24:00,64.1
2025-06-12 09:58:00,25.8
2025-06-12 02:05:00,1.4
2025-06-12 07:15:00,1.8
2025-06-12 20:20:00,2.6
2025-06-12 13:50:00,46.9
2025-06-12 17:02:00,49.697634180790956
2025-06-12 08:55:00,68.6
2025-06-12 00:34:00,49.697634180790956
2025-06-12 21:18:00,51.8
2025-06-12 13:47:00,33.7
2025-06-12 09:53:00,49.697634180790956
2025-06-12 10:56:00,75.6
2025-06-12 10:13:00,62.2
2025-06-12 08:50:00,46.1
2025-06-12 04:47:00,75.1
2025-06-12 10:28:00,24.5
2025-06-12 05:50:00,3.5
2025-06-12 15:47:00,49.697634180790956
2025-06-12 11:29:00,49.697634180790956
2025-06-12 11:50:00,70.5
2025-06-12 17:38:00,57.7
2025-06-12 22:59:00,64.9
2025-06-12 22:04:00,14.9
2025-06-12 18:32:00,23.4
2025-06-12 18:17:00,8.3
2025-06-12 18:43:00,41.5
2025-06-12 23:48:00,45.2
2025-06-12 01:26:00,85.2
2025-06-12 23:23:00,55.1
2025-06-12 00:33:00,39.3
2025-06-12 21:14:00,19.3
2025-06-12 14:14:00,4.6
2025-06-12 04:53:00,73.6
2025-06-12 15:27:00,84.9
2025-06-12 11:08:00,99.3
2025-06-12 23:43:00,80.8
2025-06-12 07:10:00,49.697634180790956
2025-06-12 15:10:00,28.6
2025-06-12 18:14:00,75.0
2025-06-12 14:51:00,49.697634180790956
2025-06-12 19:16:00,15.6
2025-06-12 20:50:00,52.8
2025-06-12 15:23:00,83.2
2025-06-12 12:59:00,76.6
2025-06-12 07:19:00,48.4
2025-06-12 21:03:00,49.697634180790956
2025-06-12 19:55:00,29.1
2025-06-12 20:57:00,19.4
2025-06-12 22:14:00,74.1
2025-06-12 16:37:00,12.7
2025-06-12 17:17:00,89.8
2025-06-12 05:05:00,13.6
2025-06-12 09:09:00,36.8
2025-06-12 07:21:00,49.697634180790956
2025-06-12 15:15:00,49.697634180790956
2025-06-12 22:48:00,56.6
2025-06-12 09:31:00,52.2
2025-06-12 15:03:00,11.6
2025-06-12 13:22:00,45.7
2025-06-12 14:52:00,48.6
2025-06-12 17:38:00,49.697634180790956
2025-06-12 11:34:00,5.6
2025-06-12 03:19:00,47.0
2025-06-12 00:42:00,52.2
2025-06-12 20:00:00,49.697634180790956
2025-06-12 10:15:00,84.0
2025-06-12 17:48:00,60.0
2025-06-12 23:30:00,37.9
2025-06-12 08:43:00,13.4
2025-06-12 12:25:00,76.8
2025-06-12 13:46:00,81.3
2025-06-12 17:17:00,54.5
2025-06-12 20:21:00,49.697634180790956
2025-06-12 10:35:00,88.4
2025-06-12 07:33:00,96.8
2025-06-12 11:06:00,88.2
2025-06-12 09:10:00,49.697634180790956
2025-06-12 23:25:00,81.5
2025-06-12 14:04:00,9.1
2025-06-12 17:54:00,65.7
2025-06-12 13:04:00,80.2
2025-06-12 18:09:00,15.3
2025-06-12 14:05:00,17.6
2025-06-12 03:18:00,66.0
2025-06-12 14:55:00,36.6
2025-06-12 10:07:00,49.697634180790956
2025-06-12 06:34:00,74.5
2025-06-12 17:04:00,79.9
2025-06-12 09:02:00,64.9
2025-06-12 17:43:00,49.697634180790956
2025-06-12 23:09:00,95.4
2025-06-12 09:37:00,49.81454693687398
2025-06-12 01:06:00,84.7
2025-06-12 18:30:00,11.8
2025-06-12 05:25:00,30.0
2025-06-12 03:26:00,75.8
2025-06-12 12:10:00,84.4
2025-06-12 14:17:00,11.6
2025-06-12 23:27:00,89.6
2025-06-12 09:01:00,29.8
2025-06-12 18:55:00,47.4
2025-06-12 10:41:00,21.0
2025-06-12 15:27:00,37.8
2025-06-12 05:27:00,16.4
2025-06-12 02:04:00,96.2
2025-06-12 08:19:00,30.9
2025-06-12 19:27:00,95.5
2025-06-12 05:35:00,77.1
2025-06-12 20:09:00,68.5
2025-06-12 12:08:00,32.2
2025-06-12 06:55:00,49.81454693687398
2025-06-12 21:48:00,66.1
2025-06-12 03:33:00,53.8
2025-06-12 11:48:00,49.81454693687398
2025-06-12 03:19:00,70.7
2025-06-12 16:26:00,18.3
2025-06-12 06:45:00,71.9
2025-06-12 00:07:00,18.8
2025-06-12 18:09:00,2.3
2025-06-12 03:06:00,63.0
2025-06-12 21:11:00,80.0
2025-06-12 02:51:00,99.7
2025-06-12 02:33:00,10.9
2025-06-12 01:29:00,86.4
2025-06-12 08:20:00,49.81454693687398
2025-06-12 16:08:00,19.0
2025-06-12 07:56:00,92.5
2025-06-12 02:11:00,21.8
2025-06-12 08:47:00,36.4
2025-06-12 00:41:00,15.7
2025-06-12 02:26:00,7.9
2025-06-12 18:44:00,10.4
2025-06-12 16:37:00,73.2
2025-06-12 11:27:00,12.8
2025-06-12 18:45:00,19.2
2025-06-12 10:10:00,40.7
2025-06-12 21:51:00,76.8
2025-06-12 17:25:00,60.5
2025-06-12 00:57:00,17.0
2025-06-12 19:54:00,15.6
2025-06-12 06:57:00,6.2
2025-06-12 16:28:00,15.2
2025-06-12 16:00:00,47.3
2025-06-12 15:10:00,58.1
2025-06-12 16:51:00,7.0
2025-06-12 10:46:00,72.4
2025-06-12 12:06:00,95.5
2025-06-12 10:10:00,82.7
2025-06-12 18:54:00,35.3
2025-06-12 12:20:00,10.4
2025-06-12 10:00:00,49.81454693687398
2025-06-12 11:27:00,23.5
2025-06-12 03:39:00,4.2
2025-06-12 01:01:00,49.81454693687398
2025-06-12 03:34:00,25.0
2025-06-12 13:28:00,42.5
2025-06-12 23:49:00,5.1
2025-06-12 08:26:00,66.4
2025-06-12 19:05:00,79.3
2025-06-12 20:00:00,0.9
2025-06-12 04:23:00,96.0
2025-06-12 17:25:00,49.81454693687398
2025-06-12 23:27:00,3.9
2025-06-12 07:59:00,25.3
2025-06-12 05:53:00,62.1
2025-06-12 22:18:00,13.4
2025-06-12 19:08:00,85.1
2025-06-12 00:23:00,49.6
2025-06-12 13:35:00,52.4
2025-06-12 08:45:00,1.6
2025-06-12 03:00:00,31.0
2025-06-12 18:48:00,27.3
2025-06-12 11:52:00,11.6
2025-06-12 08:08:00,33.0
2025-06-12 16:23:00,49.81454693687398
2025-06-12 09:23:00,49.81454693687398
2025-06-12 03:21:00,98.9
2025-06-12 08:21:00,12.4
2025-06-12 08:31:00,94.0
2025-06-12 19:37:00,1.1
2025-06-12 02:21:00,80.2
2025-06-12 06:09:00,62.0
2025-06-12 19:24:00,37.7
2025-06-12 08:07:00,18.9
2025-06-12 18:40:00,12.0
2025-06-12 22:02:00,38.9
2025-06-12 16:56:00,42.7
2025-06-12 04:31:00,89.4
2025-06-12 04:22:00,16.6
2025-06-12 17:56:00,16.2
2025-06-12 22:34:00,71.4
2025-06-12 16:31:00,36.5
2025-06-12 19:29:00,49.81454693687398
2025-06-12 13:43:00,77.2
2025-06-12 19:57:00,81.5
2025-06-12 18:10:00,17.1
2025-06-12 00:19:00,72.0
2025-06-12 23:49:00,14.4
2025-06-12 22:16:00,86.2
2025-06-12 17:24:00,79.7
2025-06-12 15:57:00,77.8
2025-06-12 06:11:00,53.4
2025-06-12 08:52:00,21.8
2025-06-12 15:37:00,29.8
2025-06-12 14:24:00,5.7
2025-06-12 02:15:00,86.4
2025-06-12 05:58:00,9.0
2025-06-12 14:52:00,49.81454693687398
2025-06-12 04:12:00,17.4
2025-06-12 13:38:00,33.4
2025-06-12 01:28:00,63.4
2025-06-12 20:57:00,25.3
2025-06-12 17:03:00,49.81454693687398
2025-06-12 21:55:00,49.81454693687398
2025-06-12 14:19:00,49.81454693687398
2025-06-12 22:13:00,49.81454693687398
2025-06-12 05:06:00,86.3
2025-06-12 02:53:00,10.6
2025-06-12 00:54:00,36.7
2025-06-12 19:27:00,33.3
2025-06-12 02:20:00,52.0
2025-06-12 04:55:00,15.0
2025-06-12 21:09:00,24.0
2025-06-12 13:09:00,23.7
2025-06-12 15:36:00,40.8
2025-06-12 00:47:00,74.1
2025-06-12 15:44:00,77.0
2025-06-12 03:36:00,14.5
2025-06-12 09:36:00,7.1
2025-06-12 21:40:00,24.0
2025-06-12 18:39:00,49.81454693687398
2025-06-12 04:18:00,39.0
2025-06-12 19:42:00,48.0
2025-06-12 17:24:00,6.0
2025-06-12 20:36:00,44.1
2025-06-12 08:15:00,49.81454693687398
2025-06-12 07:34:00,16.5
2025-06-12 04:24:00,49.81454693687398
2025-06-12 00:22:00,90.0
2025-06-12 00:50:00,30.7
2025-06-12 16:34:00,69.4
2025-06-12 07:29:00,0.7
2025-06-12 13:27:00,64.2
2025-06-12 04:27:00,33.4
2025-06-12 06:44:00,49.81454693687398
2025-06-12 17:14:00,6.3
2025-06-12 21:36:00,16.7
2025-06-12 21:22:00,49.81454693687398
2025-06-12 02:39:00,74.5
2025-06-12 12:13:00,74.5
2025-06-12 04:37:00,49.81454693687398
2025-06-12 11:32:00,95.4
2025-06-12 21:12:00,21.6
2025-06-12 04:15:00,99.5
2025-06-12 12:48:00,30.6
2025-06-12 00:14:00,69.8
2025-06-12 04:07:00,26.5
2025-06-12 10:34:00,83.9
2025-06-12 11:35:00,34.1
2025-06-12 19:22:00,94.2
2025-06-12 05:18:00,19.5
2025-06-12 05:37:00,23.5
2025-06-12 22:39:00,37.9
2025-06-12 16:27:00,18.9
2025-06-12 13:40:00,49.81454693687398
2025-06-12 16:27:00,52.9
2025-06-12 04:24:00,66.2
2025-06-12 01:09:00,36.6
2025-06-12 03:29:00,32.6
2025-06-12 16:11:00,26.1
2025-06-12 22:40:00,3.7
2025-06-12 16:20:00,49.81454693687398
2025-06-12 22:35:00,71.2
2025-06-12 01:15:00,54.7
2025-06-12 17:15:00,96.9
2025-06-12 07:16:00,5.8
2025-06-12 06:37:00,81.0
2025-06-12 23:47:00,45.9
2025-06-12 10:31:00,37.4
2025-06-12 09:30:00,9.0
2025-06-12 15:16:00,87.7
2025-06-12 01:25:00,29.3
2025-06-12 02:14:00,49.81454693687398
2025-06-12 15:10:00,24.7
2025-06-12 12:07:00,18.0
2025-06-12 16:36:00,49.81454693687398
2025-06-12 23:57:00,60.2
2025-06-12 17:49:00,33.0
2025-06-12 08:50:00,49.81454693687398
2025-06-12 06:09:00,35.0
2025-06-12 07:48:00,22.9
2025-06-12 02:34:00,81.1
2025-06-12 13:54:00,55.5
2025-06-12 17:26:00,95.1
2025-06-12 03:21:00,49.81454693687398
2025-06-12 14:07:00,49.81454693687398
2025-06-12 09:51:00,60.3
2025-06-12 21:21:00,26.3
2025-06-12 17:49:00,61.5
2025-06-12 18:07:00,10.1
2025-06-12 23:38:00,1.0
2025-06-12 06:59:00,49.81454693687398
2025-06-12 06:53:00,55.8
2025-06-12 17:01:00,62.3
2025-06-12 18:40:00,26.6
2025-06-12 04:58:00,24.4
2025-06-12 19:51:00,4.8
2025-06-12 23:48:00,7.5
2025-06-12 17:56:00,46.8
2025-06-12 07:46:00,7.3
2025-06-12 19:25:00,17.9
2025-06-12 04:15:00,77.2
2025-06-12 01:31:00,6.0
2025-06-12 13:21:00,35.4
2025-06-12 15:02:00,36.0
2025-06-12 00:34:00,70.7
2025-06-12 15:20:00,15.9
2025-06-12 05:45:00,12.1
2025-06-12 10:38:00,51.7
2025-06-12 03:00:00,79.5
2025-06-12 01:49:00,49.81454693687398
2025-06-12 15:44:00,15.7
2025-06-12 04:27:00,34.3
2025-06-12 08:50:00,49.9
2025-06-12 11:27:00,43.4
2025-06-12 06:51:00,49.81454693687398
2025-06-12 21:32:00,30.7
2025-06-12 13:51:00,58.6
2025-06-12 23:35:00,68.2
2025-06-12 18:41:00,73.9
2025-06-12 13:49:00,28.1
2025-06-12 04:05:00,9.3
2025-06-12 03:21:00,49.81454693687398
2025-06-12 03:00:00,61.9
2025-06-12 21:53:00,60.0
2025-06-12 21:44:00,26.1
2025-06-12 15:45:00,76.5
2025-06-12 18:34:00,14.6
2025-06-12 20:24:00,87.9
2025-06-12 00:45:00,94.2
2025-06-12 13:54:00,0.0
2025-06-12 21:18:00,49.81454693687398
2025-06-12 22:20:00,40.6
2025-06-12 21:03:00,81.7
2025-06-12 07:10:00,49.1
2025-06-12 22:56:00,49.3
2025-06-12 09:30:00,83.0
2025-06-12 01:25:00,55.0
2025-06-12 09:17:00,52.7
2025-06-12 06:15:00,19.5
2025-06-12 22:51:00,55.1
2025-06-12 21:46:00,49.81454693687398
2025-06-12 06:11:00,26.0
2025-06-12 08:58:00,5.7
2025-06-12 05:02:00,93.4
2025-06-12 00:01:00,69.7
2025-06-12 13:18:00,65.4
2025-06-12 04:47:00,14.8
2025-06-12 06:07:00,76.7
2025-06-12 09:04:00,48.8
2025-06-12 11:14:00,25.8
2025-06-12 01:07:00,53.7
2025-06-12 16:16:00,21.4
2025-06-12 02:48:00,72.4
2025-06-12 10:22:00,90.0
2025-06-12 02:37:00,53.0
2025-06-12 06:00:00,49.81454693687398
2025-06-12 10:06:00,12.0
2025-06-12 08:33:00,13.1
2025-06-12 06:43:00,85.4
2025-06-12 15:51:00,86.4
2025-06-12 00:02:00,7.5
2025-06-12 21:25:00,88.5
2025-06-12 15:49:00,58.8
2025-06-12 15:38:00,49.81454693687398
2025-06-12 09:48:00,70.1
2025-06-12 16:51:00,93.5
2025-06-12 07:29:00,32.5
2025-06-12 00:51:00,60.5
2025-06-12 16:15:00,49.81454693687398
2025-06-12 17:26:00,49.81454693687398
2025-06-12 01:08:00,44.5
2025-06-12 13:45:00,54.1
2025-06-12 15:32:00,49.81454693687398
2025-06-12 15:01:00,82.7
2025-06-12 01:42:00,49.81454693687398
2025-06-12 23:28:00,37.2
2025-06-12 14:00:00,51.5
2025-06-12 13:18:00,71.2
2025-06-12 22:28:00,18.5
2025-06-12 06:40:00,35.4
2025-06-12 13:18:00,18.9
2025-06-12 07:54:00,95.5
2025-06-12 23:15:00,49.81454693687398
2025-06-12 19:29:00,50.5
2025-06-12 09:44:00,49.81454693687398
2025-06-12 02:50:00,30.4
2025-06-12 06:08:00,40.9
2025-06-12 03:12:00,88.9
2025-06-12 02:05:00,89.5
2025-06-12 04:38:00,1.9
2025-06-12 07:44:00,12.8
2025-06-12 04:09:00,5.2
2025-06-12 07:40:00,64.3
2025-06-12 23:41:00,49.81454693687398
2025-06-12 14:56:00,74.3
2025-06-12 21:44:00,5.3
2025-06-12 01:23:00,72.7
2025-06-12 03:56:00,86.4
2025-06-12 00:29:00,5.8
2025-06-12 12:29:00,28.8
2025-06-12 13:28:00,21.9
2025-06-12 12:40:00,56.3
2025-06-12 15:43:00,20.8
2025-06-12 17:29:00,67.6
2025-06-12 23:50:00,63.9
2025-06-12 16:22:00,0.4
2025-06-12 04:11:00,67.3
2025-06-12 14:08:00,50.17466168922071
2025-06-12 11:34:00,3.8
2025-06-12 06:34:00,13.9
2025-06-12 15:42:00,11.0
2025-06-12 07:51:00,51.6
2025-06-12 23:00:00,53.2
2025-06-12 22:30:00,50.3
2025-06-12 21:32:00,38.0
2025-06-12 19:11:00,48.6
2025-06-12 01:39:00,30.6
2025-06-12 15:36:00,18.5
2025-06-12 06:25:00,20.5
2025-06-12 01:21:00,52.3
2025-06-12 01:45:00,91.7
2025-06-12 02:15:00,99.4
2025-06-12 00:14:00,74.1
2025-06-12 01:48:00,44.4
2025-06-12 18:30:00,2.0
2025-06-12 00:12:00,23.1
2025-06-12 02:25:00,50.17466168922071
2025-06-12 07:37:00,6.0
2025-06-12 11:05:00,48.0
2025-06-12 22:54:00,50.17466168922071
2025-06-12 03:50:00,42.3
2025-06-12 21:50:00,91.1
2025-06-12 17:58:00,53.0
2025-06-12 09:30:00,2.6
2025-06-12 21:22:00,44.4
2025-06-12 16:19:00,3.0
2025-06-12 21:51:00,5.4
2025-06-12 19:38:00,24.5
2025-06-12 21:58:00,50.17466168922071
2025-06-12 16:11:00,68.3
2025-06-12 10:51:00,31.4
2025-06-12 13:05:00,47.3
2025-06-12 01:11:00,88.5
2025-06-12 13:50:00,3.5
2025-06-12 02:50:00,58.9
2025-06-12 22:44:00,66.9
2025-06-12 00:19:00,67.5
2025-06-12 00:10:00,97.4
2025-06-12 14:17:00,66.3
2025-06-12 02:41:00,57.0
2025-06-12 00:09:00,16.0
2025-06-12 01:49:00,53.7
2025-06-12 05:01:00,50.17466168922071
2025-06-12 05:46:00,70.3
2025-06-12 20:24:00,51.5
2025-06-12 03:36:00,95.2
2025-06-12 19:29:00,94.8
2025-06-12 21:00:00,95.8
2025-06-12 16:41:00,60.7
2025-06-12 15:27:00,47.5
2025-06-12 19:28:00,14.7
2025-06-12 20:31:00,55.9
2025-06-12 06:28:00,30.5
2025-06-12 07:54:00,25.6
2025-06-12 10:45:00,0.9
2025-06-12 12:12:00,64.9
2025-06-12 14:26:00,50.17466168922071
2025-06-12 05:58:00,66.1
2025-06-12 10:42:00,22.2
2025-06-12 11:58:00,44.7
2025-06-12 22:34:00,40.7
2025-06-12 21:32:00,31.4
2025-06-12 00:05:00,29.4
2025-06-12 16:30:00,80.5
2025-06-12 11:09:00,56.4
2025-06-12 14:14:00,12.2
2025-06-12 12:34:00,73.2
2025-06-12 20:48:00,93.6
2025-06-12 02:23:00,92.0
2025-06-12 00:57:00,11.2
2025-06-12 14:34:00,71.8
2025-06-12 05:04:00,71.3
2025-06-12 08:48:00,42.9
2025-06-12 18:36:00,49.6
2025-06-12 19:29:00,1.5
2025-06-12 21:14:00,10.6
2025-06-12 08:24:00,31.9
2025-06-12 15:16:00,58.8
2025-06-12 06:31:00,92.4
2025-06-12 10:12:00,36.1
2025-06-12 04:05:00,89.6
2025-06-12 04:47:00,91.4
2025-06-12 16:23:00,30.8
2025-06-12 10:55:00,71.7
2025-06-12 22:09:00,24.5
2025-06-12 20:43:00,81.2
2025-06-12 19:57:00,5.1
2025-06-12 11:14:00,74.1
2025-06-12 07:32:00,94.8
2025-06-12 15:08:00,83.7
2025-06-12 04:07:00,50.17466168922071
2025-06-12 02:42:00,26.5
2025-06-12 06:07:00,50.17466168922071
2025-06-12 17:01:00,11.0
2025-06-12 02:01:00,89.0
2025-06-12 02:09:00,81.7
2025-06-12 02:50:00,39.5
2025-06-12 20:10:00,61.5
2025-06-12 07:47:00,50.17466168922071
2025-06-12 09:30:00,14.3
2025-06-12 23:52:00,27.3
2025-06-12 15:54:00,20.5
2025-06-12 23:12:00,19.4
2025-06-12 23:20:00,44.8
2025-06-12 16:44:00,38.6
2025-06-12 20:55:00,54.7
2025-06-12 03:40:00,63.1
2025-06-12 23:25:00,55.7
2025-06-12 04:36:00,37.4
2025-06-12 05:37:00,2.1
2025-06-12 19:04:00,52.5
2025-06-12 04:06:00,50.1
2025-06-12 21:47:00,18.3
2025-06-12 13:31:00,71.6
2025-06-12 00:30:00,19.4
2025-06-12 23:21:00,46.6
2025-06-12 19:25:00,50.17466168922071
2025-06-12 22:47:00,24.7
2025-06-12 22:21:00,93.4
2025-06-12 13:48:00,66.2
2025-06-12 14:15:00,61.8
2025-06-12 05:10:00,37.3
2025-06-12 21:36:00,3.2
2025-06-12 14:16:00,92.5
2025-06-12 22:09:00,5.4
2025-06-12 17:57:00,71.3
2025-06-12 15:38:00,57.4
2025-06-12 10:24:00,12.3
2025-06-12 07:37:00,83.2
2025-06-12 06:36:00,19.3
2025-06-12 15:17:00,22.2
2025-06-12 22:57:00,8.6
2025-06-12 14:38:00,26.2
2025-06-12 14:28:00,52.6
2025-06-12 22:50:00,21.0
2025-06-12 21:33:00,67.9
2025-06-12 16:14:00,11.9
2025-06-12 09:14:00,67.5
2025-06-12 18:01:00,15.2
2025-06-12 12:26:00,74.9
2025-06-12 07:48:00,2.7
2025-06-12 21:01:00,6.9
2025-06-12 05:48:00,60.1
2025-06-12 07:59:00,38.3
2025-06-12 19:59:00,9.4
2025-06-12 12:57:00,47.5
2025-06-12 06:42:00,50.17466168922071
2025-06-12 08:25:00,41.8
2025-06-12 19:30:00,74.1
2025-06-12 15:04:00,42.6
2025-06-12 23:29:00,41.2
2025-06-12 02:57:00,39.7
2025-06-12 20:23:00,50.17466168922071
2025-06-12 13:08:00,84.2
2025-06-12 10:49:00,60.5
2025-06-12 15:00:00,50.17466168922071
2025-06-12 05:51:00,50.17466168922071
2025-06-12 16:07:00,50.17466168922071
2025-06-12 21:15:00,67.7
2025-06-12 18:14:00,99.8
2025-06-12 20:35:00,70.1
2025-06-12 06:20:00,84.2
2025-06-12 16:57:00,29.4
2025-06-12 17:55:00,10.1
2025-06-12 17:08:00,68.6
2025-06-12 11:13:00,50.17466168922071
2025-06-12 02:22:00,40.6
2025-06-12 06:23:00,3.6
2025-06-12 04:52:00,17.5
2025-06-12 20:49:00,22.4
2025-06-12 10:47:00,50.17466168922071
2025-06-12 16:45:00,86.8
2025-06-12 20:47:00,90.2
2025-06-12 10:56:00,77.6
2025-06-12 10:26:00,70.6
2025-06-12 08:31:00,93.1
2025-06-12 22:16:00,63.4
2025-06-12 19:22:00,81.6
2025-06-12 14:43:00,50.17466168922071
2025-06-12 09:01:00,78.5
2025-06-12 01:55:00,23.4
2025-06-12 02:34:00,73.8
2025-06-12 14:07:00,24.3
2025-06-12 15:29:00,27.6
2025-06-12 01:27:00,95.6
2025-06-12 01:35:00,45.0
2025-06-12 08:53:00,81.2
2025-06-12 13:17:00,74.3
2025-06-12 04:44:00,14.7
2025-06-12 03:23:00,63.6
2025-06-12 04:12:00,91.4
2025-06-12 19:26:00,98.7
2025-06-12 10:13:00,50.17466168922071
2025-06-12 13:05:00,70.1
2025-06-12 06:27:00,83.2
2025-06-12 04:46:00,52.8
2025-06-12 00:23:00,5.9
2025-06-12 09:52:00,23.7
2025-06-12 15:23:00,92.6
2025-06-12 07:04:00,20.4
2025-06-12 10:04:00,54.3
2025-06-12 15:59:00,91.4
2025-06-12 19:43:00,71.6
2025-06-12 22:02:00,50.17466168922071
2025-06-12 20:37:00,30.6
2025-06-12 22:23:00,4.8
2025-06-12 03:01:00,79.1
2025-06-12 00:11:00,37.0
2025-06-12 00:24:00,10.8
2025-06-12 05:54:00,36.2
2025-06-12 17:26:00,50.17466168922071
2025-06-12 19:44:00,50.17466168922071
2025-06-12 13:27:00,14.1
2025-06-12 16:06:00,42.2
2025-06-12 11:52:00,3.8
2025-06-12 10:10:00,71.9
2025-06-12 17:08:00,50.17466168922071
2025-06-12 09:56:00,50.6
2025-06-12 00:56:00,2.4
2025-06-12 03:48:00,62.8
2025-06-12 15:26:00,49.9
2025-06-12 19:18:00,22.0
2025-06-12 04:01:00,50.17466168922071
2025-06-12 21:21:00,75.1
2025-06-12 00:55:00,71.1
2025-06-12 18:05:00,35.1
2025-06-12 11:59:00,65.5
2025-06-12 17:41:00,50.17466168922071
2025-06-12 00:27:00,50.17466168922071
2025-06-12 12:29:00,25.8
2025-06-12 00:43:00,5.0
2025-06-12 17:29:00,30.9
2025-06-12 09:40:00,23.8
2025-06-12 23:34:00,74.9
2025-06-12 13:45:00,18.2
2025-06-12 08:37:00,82.4
2025-06-12 02:56:00,18.4
2025-06-12 16:18:00,76.3
2025-06-12 17:54:00,58.5
2025-06-12 13:02:00,85.0
2025-06-12 20:29:00,50.17466168922071
2025-06-12 14:29:00,86.3
2025-06-12 09:07:00,28.5
2025-06-12 04:40:00,46.7
2025-06-12 03:41:00,55.0
2025-06-12 05:37:00,38.8
2025-06-12 16:09:00,16.5
2025-06-12 21:01:00,51.0
2025-06-12 21:29:00,21.1
2025-06-12 04:10:00,25.5
2025-06-12 03:02:00,50.17466168922071
2025-06-12 10:51:00,50.17466168922071
2025-06-12 18:36:00,46.7
2025-06-12 18:57:00,50.17466168922071
2025-06-12 21:03:00,36.9
2025-06-12 15:43:00,30.5
2025-06-12 19:11:00,50.17466168922071
2025-06-12 12:14:00,9.0
2025-06-12 07:37:00,50.17466168922071
2025-06-12 02:46:00,23.9
2025-06-12 19:33:00,52.1
2025-06-12 15:17:00,47.3
2025-06-12 20:14:00,75.3
2025-06-12 22:41:00,93.7
2025-06-12 16:20:00,28.2
2025-06-12 07:05:00,50.17466168922071
2025-06-12 12:22:00,41.7
2025-06-12 18:20:00,84.5
2025-06-12 15:56:00,84.7
2025-06-12 09:37:00,4.8
2025-06-12 10:39:00,73.2
2025-06-12 18:27:00,18.1
2025-06-12 09:17:00,68.6
2025-06-12 00:40:00,4.8
2025-06-12 12:25:00,50.17466168922071
2025-06-12 04:25:00,83.7
2025-06-12 22:51:00,3.1
2025-06-12 02:17:00,40.2
2025-06-12 09:43:00,54.9
2025-06-12 02:15:00,43.3
2025-06-12 20:53:00,50.17466168922071
2025-06-12 00:24:00,15.3
2025-06-12 13:11:00,23.8
2025-06-12 02:34:00,77.4
2025-06-12 23:18:00,44.3
2025-06-12 11:19:00,50.17466168922071
2025-06-12 11:30:00,50.17466168922071
2025-06-12 15:25:00,77.7
2025-06-12 19:59:00,50.17466168922071
2025-06-12 00:24:00,18.4
2025-06-12 18:18:00,27.8
2025-06-12 10:33:00,34.2
2025-06-12 12:07:00,81.9
2025-06-12 23:12:00,54.5
2025-06-12 18:49:00,97.1
2025-06-12 21:33:00,12.3
2025-06-12 06:49:00,56.6
2025-06-12 09:00:00,78.3
2025-06-12 16:26:00,31.5
2025-06-12 09:46:00,51.4
2025-06-12 08:01:00,58.0
2025-06-12 01:52:00,92.3
2025-06-12 09:30:00,16.0
2025-06-12 11:43:00,14.3
2025-06-12 13:49:00,34.6
2025-06-12 18:39:00,1.9
2025-06-12 01:00:00,11.8
2025-06-12 02:04:00,97.1
2025-06-12 16:35:00,15.4
2025-06-12 14:51:00,52.6
2025-06-12 06:29:00,50.17466168922071
2025-06-12 14:16:00,79.6
2025-06-12 05:53:00,34.9
2025-06-12 02:25:00,54.9
2025-06-12 15:59:00,55.2
2025-06-12 16:11:00,78.7
2025-06-12 22:13:00,50.17466168922071
2025-06-12 18:48:00,50.17466168922071
2025-06-12 11:23:00,90.9
2025-06-12 10:16:00,21.7
2025-06-12 09:07:00,20.7
2025-06-12 10:34:00,78.1
2025-06-12 10:03:00,39.8
2025-06-12 12:04:00,9.1
2025-06-12 04:51:00,21.9
2025-06-12 01:12:00,96.7
2025-06-12 10:32:00,64.4
2025-06-12 03:11:00,60.4
2025-06-12 02:01:00,52.9
2025-06-12 16:54:00,92.5
2025-06-12 04:42:00,50.17466168922071
2025-06-12 03:15:00,41.1
2025-06-12 18:57:00,1.0
2025-06-12 03:44:00,80.7
2025-06-12 13:00:00,50.17466168922071
2025-06-12 12:00:00,33.4
2025-06-12 13:15:00,93.3
2025-06-12 15:48:00,87.3
2025-06-12 16:28:00,33.2
2025-06-12 21:17:00,49.28634215500945
2025-06-12 08:03:00,16.3
2025-06-12 23:13:00,99.4
2025-06-12 01:23:00,18.8
2025-06-12 10:18:00,63.2
2025-06-12 18:02:00,49.28634215500945
2025-06-12 15:56:00,97.5
2025-06-12 00:24:00,6.2
2025-06-12 04:18:00,62.6
2025-06-12 03:31:00,20.4
2025-06-12 18:30:00,58.0
2025-06-12 00:36:00,39.3
2025-06-12 21:09:00,3.3
2025-06-12 22:14:00,7.4
2025-06-12 13:03:00,13.2
2025-06-12 07:54:00,59.8
2025-06-12 17:41:00,49.28634215500945
2025-06-12 10:39:00,55.0
2025-06-12 06:30:00,24.2
2025-06-12 01:50:00,67.2
2025-06-12 07:55:00,49.28634215500945
2025-06-12 13:16:00,93.3
2025-06-12 18:25:00,49.28634215500945
2025-06-12 03:51:00,26.0
2025-06-12 12:18:00,54.2
2025-06-12 03:08:00,40.2
2025-06-12 21:34:00,63.8
2025-06-12 22:35:00,95.2
2025-06-12 08:15:00,70.7
2025-06-12 08:11:00,93.9
2025-06-12 14:42:00,45.8
2025-06-12 10:20:00,8.8
2025-06-12 12:20:00,10.5
2025-06-12 20:00:00,87.4
2025-06-12 08:24:00,49.28634215500945
2025-06-12 00:53:00,26.7
2025-06-12 13:46:00,49.28634215500945
2025-06-12 19:10:00,31.0
2025-06-12 10:42:00,49.28634215500945
2025-06-12 07:32:00,23.6
2025-06-12 19:45:00,34.0
2025-06-12 16:43:00,97.7
2025-06-12 03:36:00,16.8
2025-06-12 02:56:00,14.5
2025-06-12 08:15:00,49.28634215500945
2025-06-12 06:30:00,49.28634215500945
2025-06-12 03:45:00,49.28634215500945
2025-06-12 01:45:00,33.5
2025-06-12 06:58:00,62.3
2025-06-12 22:25:00,61.9
2025-06-12 03:08:00,49.28634215500945
2025-06-12 14:00:00,25.3
2025-06-12 00:02:00,72.1
2025-06-12 19:35:00,11.4
2025-06-12 16:49:00,13.1
2025-06-12 04:01:00,49.28634215500945
2025-06-12 14:58:00,22.3
2025-06-12 21:32:00,49.28634215500945
2025-06-12 20:50:00,34.0
2025-06-12 02:29:00,2.5
2025-06-12 22:08:00,30.4
2025-06-12 19:31:00,45.2
2025-06-12 10:50:00,49.28634215500945
2025-06-12 02:10:00,56.0
2025-06-12 01:24:00,71.1
2025-06-12 11:05:00,19.8
2025-06-12 12:36:00,47.2
2025-06-12 09:45:00,39.4
2025-06-12 15:30:00,49.28634215500945
2025-06-12 12:14:00,4.7
2025-06-12 13:52:00,32.8
2025-06-12 09:27:00,49.28634215500945
2025-06-12 02:40:00,39.5
2025-06-12 17:56:00,52.7
2025-06-12 19:31:00,41.2
2025-06-12 00:02:00,49.28634215500945
2025-06-12 12:33:00,49.28634215500945
2025-06-12 18:48:00,49.9
2025-06-12 06:16:00,29.9
2025-06-12 23:17:00,72.2
2025-06-12 06:39:00,47.5
2025-06-12 06:40:00,45.6
2025-06-12 22:59:00,87.0
2025-06-12 00:20:00,89.7
2025-06-12 10:41:00,47.7
2025-06-12 10:14:00,86.3
2025-06-12 16:07:00,49.28634215500945
2025-06-12 23:58:00,72.0
2025-06-12 18:51:00,68.5
2025-06-12 19:49:00,77.9
2025-06-12 08:18:00,95.1
2025-06-12 23:10:00,94.7
2025-06-12 19:38:00,48.8
2025-06-12 14:49:00,61.1
2025-06-12 15:03:00,24.0
2025-06-12 20:56:00,53.1
2025-06-12 09:37:00,49.28634215500945
2025-06-12 16:40:00,2.8
2025-06-12 09:15:00,58.4
2025-06-12 10:47:00,92.2
2025-06-12 08:11:00,10.9
2025-06-12 11:26:00,67.2
2025-06-12 19:43:00,98.4
2025-06-12 17:17:00,42.6
2025-06-12 12:20:00,72.0
2025-06-12 08:00:00,77.9
2025-06-12 22:46:00,78.9
2025-06-12 23:59:00,16.0
2025-06-12 15:03:00,1.0
2025-06-12 01:39:00,49.28634215500945
2025-06-12 17:29:00,27.2
2025-06-12 04:27:00,13.7
2025-06-12 05:24:00,66.7
2025-06-12 02:40:00,42.4
2025-06-12 04:02:00,49.28634215500945
2025-06-12 19:00:00,52.9
2025-06-12 15:06:00,49.28634215500945
2025-06-12 05:58:00,49.28634215500945
2025-06-12 09:45:00,17.5
2025-06-12 10:45:00,49.28634215500945
2025-06-12 11:19:00,49.28634215500945
2025-06-12 19:17:00,24.3
2025-06-12 12:04:00,88.5
2025-06-12 08:39:00,50.6
2025-06-12 00:48:00,1.6
2025-06-12 03:38:00,80.4
2025-06-12 23:48:00,42.7
2025-06-12 16:18:00,40.3
2025-06-12 01:23:00,95.4
2025-06-12 07:14:00,30.2
2025-06-12 13:31:00,49.28634215500945
2025-06-12 18:59:00,52.1
2025-06-12 04:19:00,97.6
2025-06-12 00:55:00,92.0
2025-06-12 09:02:00,49.28634215500945
2025-06-12 23:03:00,38.6
2025-06-12 17:37:00,89.9
2025-06-12 13:17:00,41.9
2025-06-12 15:04:00,51.9
2025-06-12 15:45:00,41.7
2025-06-12 07:36:00,15.9
2025-06-12 18:44:00,6.4
2025-06-12 16:00:00,9.4
2025-06-12 17:20:00,33.8
2025-06-12 16:28:00,82.9
2025-06-12 09:50:00,35.0
2025-06-12 22:55:00,84.8
2025-06-12 15:02:00,49.28634215500945
2025-06-12 18:36:00,43.4
2025-06-12 18:53:00,12.1
2025-06-12 21:42:00,79.1
2025-06-12 19:11:00,9.9
2025-06-12 13:34:00,67.5
2025-06-12 05:25:00,60.0
2025-06-12 02:23:00,20.0
2025-06-12 13:04:00,72.2
2025-06-12 18:36:00,63.4
2025-06-12 07:53:00,49.28634215500945
2025-06-12 03:56:00,9.5
2025-06-12 03:47:00,24.3
2025-06-12 20:10:00,99.4
2025-06-12 08:53:00,50.1
2025-06-12 22:31:00,62.9
2025-06-12 18:17:00,96.2
2025-06-12 13:47:00,86.4
2025-06-12 02:43:00,49.28634215500945
2025-06-12 17:36:00,49.28634215500945
2025-06-12 12:07:00,35.1
2025-06-12 10:30:00,39.3
2025-06-12 22:12:00,16.8
2025-06-12 17:27:00,64.1
2025-06-12 23:14:00,81.2
2025-06-12 15:14:00,9.5
2025-06-12 23:11:00,49.28634215500945
2025-06-12 05:16:00,49.28634215500945
2025-06-12 03:58:00,49.28634215500945
2025-06-12 07:19:00,23.4
2025-06-12 21:19:00,38.9
2025-06-12 02:57:00,82.6
2025-06-12 14:01:00,20.0
2025-06-12 01:00:00,66.0
2025-06-12 17:47:00,49.28634215500945
2025-06-12 00:11:00,94.6
2025-06-12 21:16:00,12.6
2025-06-12 13:41:00,65.4
2025-06-12 22:18:00,57.6
2025-06-12 14:10:00,99.6
2025-06-12 07:27:00,31.1
2025-06-12 01:29:00,49.28634215500945
2025-06-12 02:31:00,49.28634215500945
2025-06-12 19:25:00,49.28634215500945
2025-06-12 15:32:00,49.28634215500945
2025-06-12 02:11:00,27.5
2025-06-12 07:19:00,5.2
2025-06-12 11:12:00,43.0
2025-06-12 06:11:00,34.4
2025-06-12 18:20:00,69.5
2025-06-12 04:31:00,60.6
2025-06-12 04:01:00,8.5
2025-06-12 06:43:00,49.28634215500945
2025-06-12 19:35:00,96.4
2025-06-12 10:56:00,92.6
2025-06-12 11:58:00,59.1
2025-06-12 23:10:00,99.1
2025-06-12 23:29:00,15.3
2025-06-12 23:49:00,39.7
2025-06-12 15:39:00,16.8
2025-06-12 02:46:00,88.7
2025-06-12 17:18:00,49.28634215500945
2025-06-12 17:34:00,70.9
2025-06-12 19:32:00,6.6
2025-06-12 14:02:00,0.3
2025-06-12 09:15:00,31.3
2025-06-12 17:55:00,49.28634215500945
2025-06-12 05:40:00,7.8
2025-06-12 00:05:00,44.6
2025-06-12 08:51:00,31.2
2025-06-12 22:10:00,86.0
2025-06-12 21:27:00,18.4
2025-06-12 00:58:00,18.1
2025-06-12 13:56:00,53.9
2025-06-12 01:48:00,88.4
2025-06-12 06:32:00,74.8
2025-06-12 06:42:00,43.7
2025-06-12 01:19:00,72.4
2025-06-12 14:37:00,49.28634215500945
2025-06-12 05:44:00,34.2
2025-06-12 17:29:00,78.9
2025-06-12 22:25:00,43.5
2025-06-12 03:15:00,28.7
2025-06-12 02:20:00,49.28634215500945
2025-06-12 09:11:00,25.1
2025-06-12 20:17:00,72.4
2025-06-12 01:15:00,29.8
2025-06-12 14:28:00,49.28634215500945
2025-06-12 15:09:00,9.5
2025-06-12 04:06:00,65.6
2025-06-12 10:33:00,75.8
2025-06-12 15:42:00,68.3
2025-06-12 12:50:00,6.9
2025-06-12 06:01:00,49.28634215500945
2025-06-12 22:37:00,78.7
2025-06-12 05:39:00,37.2
2025-06-12 01:37:00,93.3
2025-06-12 03:04:00,44.8
2025-06-12 14:11:00,49.28634215500945
2025-06-12 01:31:00,71.5
2025-06-12 02:02:00,58.1
2025-06-12 20:04:00,49.28634215500945
2025-06-12 18:59:00,83.1
2025-06-12 03:39:00,44.6
2025-06-12 00:14:00,48.5
2025-06-12 14:46:00,75.8
2025-06-12 21:46:00,44.3
2025-06-12 09:34:00,42.1
2025-06-12 08:39:00,18.5
2025-06-12 05:37:00,49.28634215500945
2025-06-12 13:09:00,30.2
2025-06-12 04:53:00,97.0
2025-06-12 09:14:00,24.1
2025-06-12 11:13:00,95.6
2025-06-12 04:38:00,60.1
2025-06-12 06:21:00,4.4
2025-06-12 16:48:00,2.4
2025-06-12 09:33:00,72.5
2025-06-12 04:39:00,26.4
2025-06-12 20:06:00,49.28634215500945
2025-06-12 15:42:00,82.2
2025-06-12 03:54:00,49.28634215500945
2025-06-12 15:08:00,4.2
2025-06-12 20:57:00,3.8
2025-06-12 17:16:00,36.9
2025-06-12 05:33:00,78.0
2025-06-12 00:18:00,21.4
2025-06-12 16:22:00,75.0
2025-06-12 16:17:00,37.1
2025-06-12 03:42:00,58.6
2025-06-12 21:09:00,71.3
2025-06-12 07:31:00,80.8
2025-06-12 17:05:00,49.28634215500945
2025-06-12 16:53:00,6.9
2025-06-12 06:13:00,92.3
2025-06-12 22:59:00,13.4
2025-06-12 09:11:00,53.1
2025-06-12 03:59:00,49.28634215500945
2025-06-12 21:30:00,56.0
2025-06-12 11:41:00,40.8
2025-06-12 15:16:00,15.2
2025-06-12 12:00:00,50.6
2025-06-12 23:14:00,43.0
2025-06-12 08:25:00,39.4
2025-06-12 22:50:00,91.8
2025-06-12 06:52:00,20.6
2025-06-12 12:39:00,64.3
2025-06-12 21:07:00,34.4
2025-06-12 06:44:00,42.3
2025-06-12 08:35:00,17.0
2025-06-12 06:49:00,81.5
2025-06-12 23:57:00,46.8
2025-06-12 19:46:00,49.28634215500945
2025-06-12 04:04:00,49.28634215500945
2025-06-12 13:37:00,49.28634215500945
2025-06-12 20:26:00,18.4
2025-06-12 05:07:00,51.3
2025-06-12 11:49:00,25.4
2025-06-12 19:42:00,79.3
2025-06-12 16:46:00,47.9
2025-06-12 23:04:00,13.7
2025-06-12 11:10:00,49.28634215500945
2025-06-12 17:44:00,33.7
2025-06-12 17:53:00,90.6
2025-06-12 06:57:00,49.28634215500945
2025-06-12 12:54:00,51.5
2025-06-12 14:54:00,28.4
2025-06-12 11:35:00,93.8
2025-06-12 13:31:00,65.4
2025-06-12 20:17:00,49.28634215500945
2025-06-12 00:21:00,70.2
2025-06-12 14:39:00,49.28634215500945
2025-06-12 14:58:00,26.7
2025-06-12 02:09:00,19.0
2025-06-12 23:35:00,29.8
2025-06-12 17:18:00,49.28634215500945
2025-06-12 00:40:00,51.7
2025-06-12 08:30:00,49.28634215500945
2025-06-12 10:56:00,1.8
2025-06-12 18:02:00,98.1
2025-06-12 06:49:00,57.1
2025-06-12 04:44:00,49.28634215500945
2025-06-12 22:57:00,99.3
2025-06-12 02:53:00,73.4
2025-06-12 23:25:00,20.5
2025-06-12 13:43:00,49.28634215500945
2025-06-12 01:17:00,61.3
2025-06-12 15:55:00,5.7
2025-06-12 17:44:00,45.7
2025-06-12 08:46:00,49.28634215500945
2025-06-12 08:52:00,38.5
2025-06-12 15:15:00,97.5
2025-06-12 09:11:00,35.4
2025-06-12 19:01:00,85.2
2025-06-12 15:37:00,72.4
2025-06-12 11:08:00,49.28634215500945
2025-06-12 21:04:00,59.8
2025-06-12 20:33:00,13.5
2025-06-12 06:40:00,45.4
2025-06-12 19:11:00,41.2
2025-06-12 07:23:00,37.4
2025-06-12 00:30:00,32.7
2025-06-12 10:06:00,51.8
2025-06-12 16:10:00,28.0
2025-06-12 10:22:00,42.3
2025-06-12 08:21:00,41.8
2025-06-12 07:56:00,50.0812925170068
2025-06-12 17:21:00,1.6
2025-06-12 16:36:00,26.8
2025-06-12 21:16:00,81.7
2025-06-12 10:39:00,27.3
2025-06-12 19:55:00,91.7
2025-06-12 00:02:00,69.0
2025-06-12 21:14:00,71.0
2025-06-12 04:16:00,64.0
2025-06-12 12:31:00,99.5
2025-06-12 06:51:00,16.5
2025-06-12 02:57:00,58.1
2025-06-12 08:22:00,12.1
2025-06-12 03:21:00,52.3
2025-06-12 16:47:00,5.0
2025-06-12 02:37:00,64.5
2025-06-12 15:50:00,94.5
2025-06-12 11:55:00,70.1
2025-06-12 03:30:00,96.1
2025-06-12 09:16:00,34.0
2025-06-12 23:47:00,50.0812925170068
2025-06-12 13:42:00,94.7
2025-06-12 04:21:00,26.8
2025-06-12 03:43:00,3.6
2025-06-12 09:04:00,77.5
2025-06-12 20:47:00,55.8
2025-06-12 01:33:00,67.9
2025-06-12 01:51:00,94.2
2025-06-12 06:43:00,4.1
2025-06-12 08:53:00,68.1
2025-06-12 08:16:00,7.6
2025-06-12 20:43:00,3.4
2025-06-12 15:25:00,98.0
2025-06-12 05:30:00,50.0812925170068
2025-06-12 22:57:00,77.6
2025-06-12 17:14:00,21.7
2025-06-12 17:09:00,49.3
2025-06-12 21:29:00,60.4
2025-06-12 19:01:00,39.9
2025-06-12 22:04:00,8.9
2025-06-12 21:59:00,77.8
2025-06-12 17:02:00,50.0812925170068
2025-06-12 19:14:00,75.3
2025-06-12 17:55:00,50.0812925170068
2025-06-12 13:25:00,3.3
2025-06-12 08:29:00,28.0
2025-06-12 09:17:00,81.7
2025-06-12 13:02:00,69.9
2025-06-12 00:57:00,61.8
2025-06-12 13:45:00,84.0
2025-06-12 00:12:00,93.3
2025-06-12 22:08:00,99.2
2025-06-12 05:21:00,72.0
2025-06-12 02:25:00,52.1
2025-06-12 17:04:00,11.1
2025-06-12 01:34:00,46.8
2025-06-12 12:03:00,67.4
2025-06-12 02:50:00,50.0812925170068
2025-06-12 10:27:00,77.4
2025-06-12 18:42:00,77.0
2025-06-12 06:18:00,66.3
2025-06-12 23:25:00,38.7
2025-06-12 20:43:00,36.6
2025-06-12 16:56:00,4.9
2025-06-12 22:49:00,5.6
2025-06-12 02:45:00,50.0812925170068
2025-06-12 00:26:00,50.0812925170068
2025-06-12 10:22:00,39.2
2025-06-12 06:18:00,41.9
2025-06-12 09:43:00,5.5
2025-06-12 20:31:00,37.4
2025-06-12 19:55:00,96.9
2025-06-12 20:21:00,12.7
2025-06-12 02:28:00,72.2
2025-06-12 16:33:00,89.4
2025-06-12 03:10:00,67.3
2025-06-12 22:59:00,5.4
2025-06-12 23:07:00,71.5
2025-06-12 19:04:00,77.6
2025-06-12 20:59:00,35.2
2025-06-12 23:25:00,25.3
2025-06-12 01:50:00,50.0812925170068
2025-06-12 03:10:00,75.7
2025-06-12 20:04:00,13.8
2025-06-12 12:20:00,23.4
2025-06-12 03:23:00,38.3
2025-06-12 04:26:00,64.1
2025-06-12 19:36:00,58.1
2025-06-12 17:54:00,35.7
2025-06-12 04:13:00,69.5
2025-06-12 10:47:00,50.0812925170068
2025-06-12 22:01:00,96.3
2025-06-12 03:43:00,50.0812925170068
2025-06-12 06:56:00,62.1
2025-06-12 22:20:00,28.6
2025-06-12 17:27:00,0.5
2025-06-12 04:05:00,56.7
2025-06-12 11:47:00,84.2
2025-06-12 11:50:00,50.0812925170068
2025-06-12 04:06:00,61.6
2025-06-12 11:51:00,57.3
2025-06-12 07:59:00,72.1
2025-06-12 04:19:00,33.6
2025-06-12 12:59:00,39.5
2025-06-12 22:23:00,88.2
2025-06-12 17:10:00,46.8
2025-06-12 07:29:00,6.2
2025-06-12 08:08:00,93.0
2025-06-12 18:16:00,69.0
2025-06-12 02:10:00,71.5
2025-06-12 22:53:00,50.0812925170068
2025-06-12 08:16:00,89.1
2025-06-12 05:53:00,82.3
2025-06-12 21:12:00,33.8
2025-06-12 11:53:00,91.5
2025-06-12 19:40:00,97.6
2025-06-12 08:20:00,40.0
2025-06-12 21:56:00,59.8
2025-06-12 12:01:00,92.0
2025-06-12 21:07:00,35.5
2025-06-12 23:27:00,44.9
2025-06-12 11:58:00,16.3
2025-06-12 08:28:00,81.7
2025-06-12 20:20:00,80.5
2025-06-12 22:52:00,93.2
2025-06-12 19:32:00,20.7
2025-06-12 03:04:00,32.4
2025-06-12 15:02:00,91.5
2025-06-12 09:14:00,26.6
2025-06-12 05:39:00,45.9
2025-06-12 04:09:00,69.4
2025-06-12 14:22:00,76.9
2025-06-12 08:40:00,61.9
2025-06-12 18:03:00,5.7
2025-06-12 15:50:00,50.0812925170068
2025-06-12 21:23:00,58.6
2025-06-12 10:36:00,26.6
2025-06-12 09:58:00,12.4
2025-06-12 16:01:00,81.3
2025-06-12 15:21:00,20.8
2025-06-12 22:13:00,22.7
2025-06-12 11:06:00,60.7
2025-06-12 23:33:00,50.0812925170068
2025-06-12 09:29:00,7.6
2025-06-12 01:20:00,12.4
2025-06-12 04:17:00,53.2
2025-06-12 20:31:00,2.1
2025-06-12 14:17:00,8.0
2025-06-12 07:09:00,30.8
2025-06-12 13:35:00,36.8
2025-06-12 13:22:00,81.7
2025-06-12 15:55:00,28.8
2025-06-12 10:23:00,8.2
2025-06-12 21:03:00,76.8
2025-06-12 22:37:00,28.9
2025-06-12 01:00:00,8.8
2025-06-12 07:35:00,23.5
2025-06-12 01:52:00,82.8
2025-06-12 03:32:00,81.9
2025-06-12 05:45:00,32.7
2025-06-12 23:58:00,22.1
2025-06-12 11:45:00,6.2
2025-06-12 21:20:00,82.0
2025-06-12 16:10:00,55.8
2025-06-12 19:09:00,75.2
2025-06-12 20:19:00,44.2
2025-06-12 12:31:00,44.7
2025-06-12 02:13:00,55.9
2025-06-12 04:58:00,64.8
2025-06-12 13:58:00,60.6
2025-06-12 14:31:00,53.5
2025-06-12 16:26:00,46.6
2025-06-12 04:21:00,85.0
2025-06-12 10:00:00,41.2
2025-06-12 03:02:00,65.5
2025-06-12 13:02:00,96.1
2025-06-12 01:46:00,50.0812925170068
2025-06-12 12:50:00,62.2
2025-06-12 05:13:00,17.9
2025-06-12 06:59:00,53.8
2025-06-12 08:39:00,11.5
2025-06-12 14:04:00,66.1
2025-06-12 21:28:00,50.0812925170068
2025-06-12 17:09:00,33.0
2025-06-12 09:12:00,57.7
2025-06-12 16:46:00,28.5
2025-06-12 20:18:00,30.8
2025-06-12 18:42:00,58.6
2025-06-12 09:51:00,36.4
2025-06-12 03:25:00,82.3
2025-06-12 01:00:00,42.9
2025-06-12 07:47:00,77.4
2025-06-12 11:34:00,67.7
2025-06-12 23:35:00,43.2
2025-06-12 03:29:00,2.3
2025-06-12 14:55:00,15.2
2025-06-12 11:58:00,62.3
2025-06-12 07:01:00,97.1
2025-06-12 03:55:00,45.7
2025-06-12 00:52:00,50.0812925170068
2025-06-12 08:14:00,91.0
2025-06-12 15:59:00,50.0812925170068
2025-06-12 10:45:00,26.7
2025-06-12 04:41:00,30.8
2025-06-12 19:11:00,8.9
2025-06-12 15:42:00,4.4
2025-06-12 16:11:00,4.3
2025-06-12 05:04:00,71.0
2025-06-12 00:44:00,50.0812925170068
2025-06-12 01:09:00,50.0812925170068
2025-06-12 14:00:00,14.9
2025-06-12 08:44:00,0.4
2025-06-12 07:47:00,92.2
2025-06-12 03:25:00,50.0812925170068
2025-06-12 19:31:00,6.2
2025-06-12 23:37:00,53.4
2025-06-12 08:19:00,50.0812925170068
2025-06-12 14:29:00,5.7
2025-06-12 01:28:00,73.6
2025-06-12 12:16:00,24.7
2025-06-12 13:53:00,16.5
2025-06-12 15:36:00,63.7
2025-06-12 17:12:00,47.1
2025-06-12 03:43:00,17.5
2025-06-12 00:59:00,81.8
2025-06-12 16:06:00,62.7
2025-06-12 12:56:00,29.9
2025-06-12 09:43:00,38.1
2025-06-12 21:30:00,51.0
2025-06-12 19:18:00,50.0812925170068
2025-06-12 02:11:00,31.5
2025-06-12 07:27:00,43.8
2025-06-12 03:30:00,70.1
2025-06-12 14:13:00,19.2
2025-06-12 20:09:00,91.5
2025-06-12 14:13:00,53.6
2025-06-12 23:35:00,50.0812925170068
2025-06-12 19:48:00,17.6
2025-06-12 22:12:00,67.4
2025-06-12 19:36:00,47.5
2025-06-12 08:01:00,33.6
2025-06-12 05:08:00,20.8
2025-06-12 00:09:00,34.2
2025-06-12 03:44:00,32.0
2025-06-12 08:11:00,51.8
2025-06-12 13:55:00,14.7
2025-06-12 03:24:00,28.1
2025-06-12 04:01:00,3.6
2025-06-12 15:28:00,39.3
2025-06-12 01:48:00,93.8
2025-06-12 00:57:00,50.0812925170068
2025-06-12 08:54:00,64.8
2025-06-12 20:42:00,50.0812925170068
2025-06-12 08:06:00,2.5
2025-06-12 13:24:00,41.3
2025-06-12 23:05:00,50.0812925170068
2025-06-12 22:02:00,49.0
2025-06-12 21:20:00,2.1
2025-06-12 22:46:00,3.6
2025-06-12 06:26:00,1.1
2025-06-12 11:51:00,26.2
2025-06-12 18:18:00,50.6
2025-06-12 10:29:00,34.0
2025-06-12 23:11:00,68.2
2025-06-12 18:18:00,49.9
2025-06-12 22:53:00,50.0812925170068
2025-06-12 04:01:00,80.9
2025-06-12 14:09:00,73.4
2025-06-12 12:34:00,49.7
2025-06-12 02:13:00,10.8
2025-06-12 08:29:00,87.0
2025-06-12 20:31:00,50.2
2025-06-12 23:04:00,85.7
2025-06-12 08:09:00,44.5
2025-06-12 04:11:00,50.0812925170068
2025-06-12 16:07:00,91.7
2025-06-12 12:09:00,50.0812925170068
2025-06-12 18:31:00,9.2
2025-06-12 01:00:00,50.0812925170068
2025-06-12 03:01:00,50.0812925170068
2025-06-12 02:05:00,77.6
2025-06-12 07:25:00,50.0812925170068
2025-06-12 02:14:00,61.8
2025-06-12 10:48:00,21.9
2025-06-12 03:26:00,0.7
2025-06-12 22:02:00,55.0
2025-06-12 16:54:00,50.0812925170068
2025-06-12 18:51:00,50.0812925170068
2025-06-12 11:13:00,87.2
2025-06-12 14:56:00,24.1
2025-06-12 02:37:00,71.4
2025-06-12 04:33:00,17.8
2025-06-12 02:34:00,23.6
2025-06-12 09:55:00,20.5
2025-06-12 09:21:00,6.2
2025-06-12 11:31:00,69.6
2025-06-12 17:08:00,54.4
2025-06-12 07:14:00,50.0812925170068
2025-06-12 03:22:00,60.8
2025-06-12 15:29:00,50.0812925170068
2025-06-12 12:52:00,98.4
2025-06-12 15:46:00,70.1
2025-06-12 05:15:00,82.2
2025-06-12 04:44:00,50.0812925170068
2025-06-12 05:24:00,67.1
2025-06-12 04:00:00,86.2
2025-06-12 06:40:00,84.8
2025-06-12 10:43:00,97.1
2025-06-12 14:32:00,50.0812925170068
2025-06-12 04:25:00,88.3
2025-06-12 08:18:00,48.8
2025-06-12 10:00:00,34.1
2025-06-12 11:22:00,75.8
2025-06-12 23:47:00,71.0
2025-06-12 03:34:00,36.9
2025-06-12 03:55:00,37.7
2025-06-12 05:16:00,45.3
2025-06-12 11:26:00,41.4
2025-06-12 15:40:00,36.6
2025-06-12 22:06:00,1.3
2025-06-12 23:27:00,50.0812925170068
2025-06-12 09:47:00,51.1
2025-06-12 22:12:00,94.4
2025-06-12 16:48:00,49.0
2025-06-12 23:01:00,74.8
2025-06-12 23:31:00,50.0812925170068
2025-06-12 00:53:00,75.8
2025-06-12 13:22:00,45.6
2025-06-12 18:39:00,50.0812925170068
2025-06-12 04:44:00,77.2
2025-06-12 11:38:00,82.3
2025-06-12 15:35:00,39.6
2025-06-12 10:03:00,50.0812925170068
2025-06-12 13:47:00,65.8
2025-06-12 13:58:00,46.9
2025-06-12 22:44:00,96.1
2025-06-12 10:13:00,8.3
2025-06-12 22:22:00,84.3
2025-06-12 01:36:00,33.4
2025-06-12 04:06:00,23.9
2025-06-12 10:13:00,27.7
2025-06-12 22:22:00,5.5
2025-06-12 17:59:00,98.7
2025-06-12 00:00:00,80.2
2025-06-12 20:20:00,49.63695830886671
2025-06-12 03:34:00,59.3
2025-06-12 00:42:00,85.0
2025-06-12 23:39:00,66.8
2025-06-12 12:06:00,99.2
2025-06-12 08:38:00,71.8
2025-06-12 03:32:00,71.7
2025-06-12 18:06:00,68.9
2025-06-12 18:19:00,79.7
2025-06-12 02:12:00,49.63695830886671
2025-06-12 08:47:00,58.8
2025-06-12 18:11:00,12.1
2025-06-12 23:32:00,16.6
2025-06-12 16:29:00,57.0
2025-06-12 21:03:00,6.0
2025-06-12 10:28:00,49.63695830886671
2025-06-12 07:00:00,61.4
2025-06-12 19:16:00,38.4
2025-06-12 19:36:00,87.8
2025-06-12 14:37:00,92.1
2025-06-12 11:17:00,28.7
2025-06-12 20:01:00,49.63695830886671
2025-06-12 09:16:00,36.2
2025-06-12 19:54:00,17.0
2025-06-12 11:49:00,18.3
2025-06-12 12:52:00,1.5
2025-06-12 10:39:00,49.63695830886671
2025-06-12 05:59:00,40.3
2025-06-12 22:59:00,75.3
2025-06-12 09:17:00,75.7
2025-06-12 01:51:00,20.8
2025-06-12 19:38:00,94.2
2025-06-12 11:33:00,26.7
2025-06-12 23:55:00,30.8
2025-06-12 15:52:00,48.9
2025-06-12 05:56:00,23.0
2025-06-12 16:22:00,13.3
2025-06-12 01:47:00,58.6
2025-06-12 12:54:00,32.4
2025-06-12 14:12:00,55.5
2025-06-12 06:31:00,38.8
2025-06-12 13:32:00,69.6
2025-06-12 16:21:00,68.3
2025-06-12 08:10:00,83.2
2025-06-12 21:05:00,82.2
2025-06-12 11:36:00,39.5
2025-06-12 10:04:00,60.1
2025-06-12 01:26:00,32.7
2025-06-12 22:49:00,57.3
2025-06-12 14:40:00,86.2
2025-06-12 05:32:00,37.4
2025-06-12 13:49:00,40.2
2025-06-12 16:28:00,39.0
2025-06-12 05:37:00,46.1
2025-06-12 03:14:00,76.4
2025-06-12 13:22:00,44.9
2025-06-12 03:35:00,30.6
2025-06-12 01:19:00,30.5
2025-06-12 22:35:00,38.8
2025-06-12 12:54:00,32.8
2025-06-12 23:29:00,57.6
2025-06-12 13:50:00,18.6
2025-06-12 08:42:00,82.5
2025-06-12 07:50:00,72.7
2025-06-12 09:51:00,32.6
2025-06-12 02:05:00,84.4
2025-06-12 18:38:00,30.4
2025-06-12 00:11:00,72.1
2025-06-12 22:09:00,81.4
2025-06-12 11:46:00,68.5
2025-06-12 07:29:00,72.0
2025-06-12 05:38:00,19.7
2025-06-12 10:23:00,35.9
2025-06-12 11:20:00,36.1
2025-06-12 17:46:00,73.8
2025-06-12 17:38:00,50.3
2025-06-12 06:34:00,69.7
2025-06-12 08:22:00,86.0
2025-06-12 12:24:00,55.2
2025-06-12 07:39:00,0.9
2025-06-12 01:52:00,57.0
2025-06-12 00:14:00,1.5
2025-06-12 04:46:00,49.63695830886671
2025-06-12 22:11:00,49.63695830886671
2025-06-12 04:45:00,83.6
2025-06-12 19:46:00,49.63695830886671
2025-06-12 21:32:00,15.6
2025-06-12 05:24:00,47.4
2025-06-12 02:25:00,25.9
2025-06-12 10:14:00,33.7
2025-06-12 21:35:00,13.7
2025-06-12 07:43:00,67.5
2025-06-12 17:06:00,68.0
2025-06-12 10:07:00,80.2
2025-06-12 03:28:00,49.63695830886671
2025-06-12 08:49:00,21.3
2025-06-12 16:29:00,72.2
2025-06-12 08:02:00,54.2
2025-06-12 07:42:00,15.5
2025-06-12 20:53:00,48.1
2025-06-12 13:17:00,13.4
2025-06-12 08:38:00,34.6
2025-06-12 23:54:00,94.2
2025-06-12 03:49:00,66.8
2025-06-12 19:34:00,33.8
2025-06-12 01:40:00,8.0
2025-06-12 07:36:00,98.6
2025-06-12 23:14:00,49.63695830886671
2025-06-12 13:18:00,62.2
2025-06-12 20:33:00,85.0
2025-06-12 10:59:00,49.63695830886671
2025-06-12 06:06:00,89.3
2025-06-12 06:47:00,12.6
2025-06-12 05:44:00,36.2
2025-06-12 10:23:00,29.4
2025-06-12 03:44:00,49.2
2025-06-12 07:09:00,59.6
2025-06-12 06:01:00,1.4
2025-06-12 13:27:00,22.6
2025-06-12 20:28:00,50.7
2025-06-12 13:49:00,84.1
2025-06-12 01:17:00,67.7
2025-06-12 18:51:00,91.2
2025-06-12 13:47:00,49.63695830886671
2025-06-12 16:14:00,94.6
2025-06-12 17:53:00,50.1
2025-06-12 17:07:00,5.9
2025-06-12 09:14:00,28.1
2025-06-12 10:24:00,29.9
2025-06-12 08:46:00,72.3
2025-06-12 09:06:00,20.2
2025-06-12 22:12:00,82.4
2025-06-12 23:43:00,24.1
2025-06-12 09:41:00,34.0
2025-06-12 10:52:00,23.7
2025-06-12 00:05:00,10.7
2025-06-12 04:24:00,49.63695830886671
2025-06-12 00:27:00,88.5
2025-06-12 00:21:00,98.1
2025-06-12 10:45:00,2.2
2025-06-12 20:53:00,3.3
2025-06-12 02:27:00,49.63695830886671
2025-06-12 17:56:00,78.2
2025-06-12 13:48:00,86.0
2025-06-12 00:47:00,45.2
2025-06-12 06:54:00,59.7
2025-06-12 11:08:00,83.0
2025-06-12 06:35:00,73.9
2025-06-12 17:38:00,50.7
2025-06-12 20:24:00,3.6
2025-06-12 03:56:00,25.9
2025-06-12 02:00:00,86.6
2025-06-12 12:37:00,49.63695830886671
2025-06-12 08:32:00,27.9
2025-06-12 08:15:00,49.63695830886671
2025-06-12 18:50:00,7.1
2025-06-12 18:12:00,87.0
2025-06-12 08:41:00,38.1
2025-06-12 08:55:00,12.7
2025-06-12 07:52:00,1.9
2025-06-12 21:03:00,26.0
2025-06-12 05:04:00,5.5
2025-06-12 09:39:00,61.9
2025-06-12 17:09:00,79.6
2025-06-12 16:14:00,37.9
2025-06-12 01:44:00,49.63695830886671
2025-06-12 04:45:00,60.3
2025-06-12 18:12:00,39.1
2025-06-12 16:54:00,96.3
2025-06-12 01:56:00,49.63695830886671
2025-06-12 18:09:00,33.7
2025-06-12 10:19:00,73.8
2025-06-12 00:14:00,67.4
2025-06-12 05:07:00,64.8
2025-06-12 23:32:00,90.5
2025-06-12 15:55:00,56.1
2025-06-12 13:19:00,4.4
2025-06-12 07:44:00,84.0
2025-06-12 18:55:00,26.0
2025-06-12 11:49:00,85.8
2025-06-12 20:07:00,21.8
2025-06-12 02:26:00,49.63695830886671
2025-06-12 16:34:00,75.7
2025-06-12 11:00:00,91.7
2025-06-12 00:49:00,49.63695830886671
2025-06-12 18:15:00,49.63695830886671
2025-06-12 19:05:00,87.6
2025-06-12 10:26:00,49.63695830886671
2025-06-12 11:37:00,7.2
2025-06-12 19:54:00,49.63695830886671
2025-06-12 01:34:00,99.1
2025-06-12 06:18:00,92.7
2025-06-12 12:15:00,8.0
2025-06-12 05:51:00,52.4
2025-06-12 09:17:00,93.7
2025-06-12 05:47:00,21.3
2025-06-12 05:24:00,51.4
2025-06-12 06:32:00,26.3
2025-06-12 12:31:00,88.4
2025-06-12 10:07:00,45.9
2025-06-12 07:29:00,50.0
2025-06-12 11:05:00,56.6
2025-06-12 23:41:00,88.6
2025-06-12 05:04:00,51.3
2025-06-12 16:15:00,49.63695830886671
2025-06-12 08:23:00,13.4
2025-06-12 05:33:00,37.4
2025-06-12 18:13:00,93.2
2025-06-12 08:44:00,65.1
2025-06-12 07:51:00,97.9
2025-06-12 00:58:00,6.8
2025-06-12 07:16:00,28.4
2025-06-12 04:43:00,49.63695830886671
2025-06-12 20:23:00,16.4
2025-06-12 12:23:00,55.8
2025-06-12 09:00:00,48.1
2025-06-12 21:46:00,91.9
2025-06-12 11:48:00,92.6
2025-06-12 18:21:00,28.9
2025-06-12 14:36:00,96.0
2025-06-12 14:22:00,68.9
2025-06-12 13:29:00,12.5
2025-06-12 17:11:00,49.63695830886671
2025-06-12 18:30:00,4.7
2025-06-12 01:27:00,81.7
2025-06-12 17:51:00,46.1
2025-06-12 21:30:00,60.1
2025-06-12 16:19:00,44.7
2025-06-12 02:07:00,43.6
2025-06-12 23:47:00,78.5
2025-06-12 10:13:00,38.0
2025-06-12 02:47:00,80.6
2025-06-12 19:19:00,35.2
2025-06-12 21:04:00,0.2
2025-06-12 03:13:00,41.4
2025-06-12 15:14:00,53.6
2025-06-12 20:07:00,65.1
2025-06-12 11:42:00,78.7
2025-06-12 02:06:00,22.9
2025-06-12 18:51:00,97.8
2025-06-12 12:04:00,60.6
2025-06-12 08:13:00,49.1
2025-06-12 02:37:00,44.7
2025-06-12 16:24:00,39.5
2025-06-12 07:36:00,67.3
2025-06-12 21:23:00,95.3
2025-06-12 00:15:00,58.2
2025-06-12 17:57:00,33.5
2025-06-12 16:31:00,10.5
2025-06-12 06:10:00,94.9
2025-06-12 10:06:00,49.63695830886671
2025-06-12 16:27:00,43.5
2025-06-12 06:47:00,49.63695830886671
2025-06-12 15:38:00,47.3
2025-06-12 23:30:00,4.7
2025-06-12 11:39:00,49.63695830886671
2025-06-12 15:52:00,74.9
2025-06-12 04:54:00,31.0
2025-06-12 00:59:00,54.1
2025-06-12 23:15:00,65.2
2025-06-12 10:57:00,88.0
2025-06-12 23:57:00,49.63695830886671
2025-06-12 14:13:00,49.63695830886671
2025-06-12 12:56:00,60.5
2025-06-12 02:41:00,49.63695830886671
2025-06-12 05:28:00,49.63695830886671
2025-06-12 13:05:00,17.6
2025-06-12 23:07:00,58.0
2025-06-12 12:51:00,47.5
2025-06-12 21:58:00,80.1
2025-06-12 01:58:00,32.4
2025-06-12 14:13:00,62.8
2025-06-12 22:21:00,45.1
2025-06-12 02:20:00,69.2
2025-06-12 02:19:00,21.3
2025-06-12 17:56:00,30.9
2025-06-12 23:55:00,59.6
2025-06-12 07:49:00,91.4
2025-06-12 00:18:00,68.1
2025-06-12 14:07:00,72.7
2025-06-12 16:21:00,49.63695830886671
2025-06-12 20:46:00,10.9
2025-06-12 07:46:00,27.2
2025-06-12 10:33:00,49.63695830886671
2025-06-12 22:08:00,4.1
2025-06-12 18:53:00,86.1
2025-06-12 07:17:00,20.7
2025-06-12 19:28:00,10.5
2025-06-12 19:21:00,68.8
2025-06-12 19:45:00,80.9
2025-06-12 16:51:00,70.0
2025-06-12 10:44:00,49.63695830886671
2025-06-12 08:43:00,52.5
2025-06-12 23:40:00,20.4
2025-06-12 01:25:00,87.4
2025-06-12 19:08:00,49.63695830886671
2025-06-12 12:12:00,19.1
2025-06-12 17:54:00,14.5
2025-06-12 11:59:00,90.3
2025-06-12 12:53:00,49.63695830886671
2025-06-12 20:28:00,5.5
2025-06-12 13:02:00,6.4
2025-06-12 00:10:00,49.63695830886671
2025-06-12 03:26:00,23.7
2025-06-12 07:25:00,49.63695830886671
2025-06-12 10:36:00,66.0
2025-06-12 10:20:00,41.6
2025-06-12 10:20:00,51.6
2025-06-12 07:23:00,12.2
2025-06-12 18:35:00,63.5
2025-06-12 22:01:00,75.3
2025-06-12 10:09:00,9.5
2025-06-12 15:41:00,87.9
2025-06-12 09:23:00,94.4
2025-06-12 17:02:00,79.7
2025-06-12 10:01:00,49.63695830886671
2025-06-12 12:40:00,80.2
2025-06-12 11:03:00,80.6
2025-06-12 00:21:00,49.63695830886671
2025-06-12 19:20:00,75.6
2025-06-12 04:55:00,75.2
2025-06-12 02:35:00,29.6
2025-06-12 16:39:00,88.1
2025-06-12 06:10:00,75.1
2025-06-12 09:02:00,40.5
2025-06-12 18:53:00,41.2
2025-06-12 14:42:00,47.3
2025-06-12 22:24:00,81.7
2025-06-12 21:42:00,49.63695830886671
2025-06-12 03:32:00,9.6
2025-06-12 11:39:00,83.7
2025-06-12 08:00:00,56.7
2025-06-12 13:54:00,61.9
2025-06-12 07:27:00,94.4
2025-06-12 08:39:00,47.7
2025-06-12 18:42:00,99.0
2025-06-12 04:58:00,49.63695830886671
2025-06-12 11:18:00,4.9
2025-06-12 10:32:00,22.2
2025-06-12 10:18:00,83.8
2025-06-12 09:39:00,56.9
2025-06-12 18:45:00,84.2
2025-06-12 22:05:00,16.8
2025-06-12 14:13:00,83.2
2025-06-12 06:58:00,49.63695830886671
2025-06-12 11:16:00,60.1
2025-06-12 02:25:00,11.7
2025-06-12 07:48:00,61.9
2025-06-12 13:46:00,30.6
2025-06-12 09:02:00,2.5
2025-06-12 09:58:00,1.1
2025-06-12 17:34:00,38.9
2025-06-12 20:31:00,49.63695830886671
2025-06-12 09:22:00,89.7
2025-06-12 05:52:00,96.4
2025-06-12 18:29:00,47.4
2025-06-12 05:38:00,50.5
2025-06-12 23:34:00,78.6
2025-06-12 13:37:00,30.9
2025-06-12 01:40:00,45.2
2025-06-12 18:50:00,96.0
2025-06-12 15:59:00,67.0
2025-06-12 04:05:00,96.9
2025-06-12 21:51:00,58.2
2025-06-12 20:03:00,72.9
2025-06-12 01:23:00,58.2
2025-06-12 12:48:00,50.41405513666353
2025-06-12 17:38:00,12.5
2025-06-12 19:45:00,53.5
2025-06-12 10:55:00,38.2
2025-06-12 17:52:00,1.5
2025-06-12 06:29:00,47.1
2025-06-12 02:06:00,16.1
2025-06-12 21:26:00,15.4
2025-06-12 00:50:00,88.4
2025-06-12 08:39:00,95.1
2025-06-12 06:22:00,99.4
2025-06-12 06:05:00,50.41405513666353
2025-06-12 01:37:00,40.5
2025-06-12 03:30:00,76.5
2025-06-12 20:29:00,4.6
2025-06-12 01:34:00,15.7
2025-06-12 19:24:00,92.7
2025-06-12 08:12:00,97.5
2025-06-12 01:16:00,99.5
2025-06-12 09:50:00,11.5
2025-06-12 06:23:00,89.4
2025-06-12 13:16:00,47.4
2025-06-12 04:07:00,58.2
2025-06-12 20:29:00,50.41405513666353
2025-06-12 05:41:00,56.5
2025-06-12 21:54:00,42.8
2025-06-12 08:47:00,94.6
2025-06-12 21:47:00,95.6
2025-06-12 03:05:00,28.7
2025-06-12 21:27:00,39.6
2025-06-12 20:30:00,51.1
2025-06-12 10:06:00,9.4
2025-06-12 11:25:00,50.41405513666353
2025-06-12 16:26:00,93.5
2025-06-12 13:24:00,60.6
2025-06-12 20:42:00,51.7
2025-06-12 04:10:00,71.7
2025-06-12 16:16:00,81.0
2025-06-12 14:49:00,19.7
2025-06-12 21:39:00,84.2
2025-06-12 13:32:00,64.6
2025-06-12 15:55:00,66.9
2025-06-12 22:45:00,50.41405513666353
2025-06-12 17:07:00,50.41405513666353
2025-06-12 21:18:00,83.9
2025-06-12 13:01:00,44.3
2025-06-12 09:02:00,33.7
2025-06-12 08:50:00,50.41405513666353
2025-06-12 01:40:00,43.1
2025-06-12 17:15:00,63.7
2025-06-12 19:26:00,50.41405513666353
2025-06-12 11:19:00,85.7
2025-06-12 07:20:00,33.1
2025-06-12 11:51:00,50.41405513666353
2025-06-12 10:49:00,98.3
2025-06-12 23:09:00,8.0
2025-06-12 06:05:00,94.2
2025-06-12 05:45:00,50.41405513666353
2025-06-12 08:31:00,100.0
2025-06-12 20:41:00,51.2
2025-06-12 00:07:00,0.7
2025-06-12 15:13:00,99.2
2025-06-12 19:22:00,97.8
2025-06-12 18:24:00,27.6
2025-06-12 21:07:00,40.6
2025-06-12 08:04:00,16.1
2025-06-12 01:30:00,15.9
2025-06-12 22:59:00,44.0
2025-06-12 21:15:00,64.9
2025-06-12 04:05:00,58.4
2025-06-12 14:39:00,12.9
2025-06-12 19:47:00,51.4
2025-06-12 12:00:00,18.5
2025-06-12 02:49:00,27.7
2025-06-12 23:12:00,94.2
2025-06-12 14:47:00,83.1
2025-06-12 20:51:00,75.4
2025-06-12 01:56:00,13.9
2025-06-12 09:45:00,81.7
2025-06-12 01:40:00,53.5
2025-06-12 13:10:00,50.41405513666353
2025-06-12 13:17:00,45.7
2025-06-12 16:44:00,68.9
2025-06-12 17:58:00,31.7
2025-06-12 06:43:00,92.9
2025-06-12 07:39:00,60.3
2025-06-12 10:59:00,79.4
2025-06-12 08:11:00,30.1
2025-06-12 17:09:00,79.7
2025-06-12 22:29:00,62.9
2025-06-12 12:45:00,32.8
2025-06-12 15:46:00,50.41405513666353
2025-06-12 05:33:00,89.8
2025-06-12 15:17:00,71.9
2025-06-12 01:15:00,99.8
2025-06-12 06:49:00,4.8
2025-06-12 07:46:00,93.3
2025-06-12 18:10:00,88.6
2025-06-12 23:19:00,13.3
2025-06-12 17:01:00,23.8
2025-06-12 03:06:00,47.1
2025-06-12 06:42:00,48.9
2025-06-12 16:04:00,57.8
2025-06-12 17:56:00,4.2
2025-06-12 22:31:00,32.8
2025-06-12 17:34:00,84.0
2025-06-12 17:28:00,50.41405513666353
2025-06-12 05:00:00,49.5
2025-06-12 18:09:00,21.0
2025-06-12 09:00:00,80.3
2025-06-12 01:16:00,79.6
2025-06-12 08:15:00,15.8
2025-06-12 16:28:00,63.6
2025-06-12 03:59:00,50.41405513666353
2025-06-12 20:07:00,32.3
2025-06-12 04:46:00,7.9
2025-06-12 12:38:00,30.1
2025-06-12 20:12:00,70.6
2025-06-12 10:45:00,27.5
2025-06-12 08:47:00,90.9
2025-06-12 19:53:00,56.6
2025-06-12 12:21:00,70.9
2025-06-12 14:13:00,50.41405513666353
2025-06-12 07:57:00,5.6
2025-06-12 22:52:00,82.6
2025-06-12 14:08:00,56.0
2025-06-12 05:02:00,39.2
2025-06-12 13:02:00,7.3
2025-06-12 04:59:00,94.7
2025-06-12 18:48:00,1.6
2025-06-12 08:07:00,50.41405513666353
2025-06-12 09:20:00,68.0
2025-06-12 01:54:00,16.4
2025-06-12 10:39:00,6.8
2025-06-12 06:53:00,2.3
2025-06-12 11:59:00,52.0
2025-06-12 00:34:00,45.6
2025-06-12 00:20:00,22.1
2025-06-12 21:19:00,98.7
2025-06-12 16:15:00,96.7
2025-06-12 01:27:00,50.41405513666353
2025-06-12 17:26:00,12.1
2025-06-12 14:58:00,22.2
2025-06-12 08:57:00,83.7
2025-06-12 08:52:00,67.8
2025-06-12 01:02:00,68.0
2025-06-12 18:13:00,41.3
2025-06-12 08:47:00,29.0
2025-06-12 14:11:00,39.8
2025-06-12 00:19:00,44.8
2025-06-12 20:18:00,91.1
2025-06-12 08:34:00,40.4
2025-06-12 04:43:00,50.41405513666353
2025-06-12 04:40:00,5.2
2025-06-12 04:26:00,32.3
2025-06-12 22:48:00,50.41405513666353
2025-06-12 21:11:00,57.1
2025-06-12 12:17:00,42.8
2025-06-12 22:20:00,19.1
2025-06-12 22:23:00,30.2
2025-06-12 06:40:00,33.4
2025-06-12 12:57:00,39.6
2025-06-12 11:06:00,78.9
2025-06-12 01:49:00,20.1
2025-06-12 05:34:00,81.1
2025-06-12 17:01:00,64.4
2025-06-12 15:13:00,83.1
2025-06-12 16:22:00,34.4
2025-06-12 04:56:00,18.9
2025-06-12 23:20:00,34.5
2025-06-12 19:22:00,50.41405513666353
2025-06-12 23:16:00,58.0
2025-06-12 06:51:00,3.2
2025-06-12 08:57:00,65.2
2025-06-12 16:00:00,20.9
2025-06-12 10:23:00,3.2
2025-06-12 17:00:00,86.5
2025-06-12 20:11:00,90.5
2025-06-12 23:48:00,2.4
2025-06-12 01:51:00,17.6
2025-06-12 11:55:00,14.7
2025-06-12 23:39:00,3.2
2025-06-12 21:03:00,41.5
2025-06-12 18:47:00,12.8
2025-06-12 11:07:00,51.2
2025-06-12 21:10:00,2.0
2025-06-12 03:46:00,23.2
2025-06-12 11:32:00,68.2
2025-06-12 02:34:00,35.8
2025-06-12 07:49:00,47.9
2025-06-12 13:19:00,64.2
2025-06-12 11:07:00,44.8
2025-06-12 01:03:00,49.4
2025-06-12 13:54:00,94.9
2025-06-12 06:54:00,61.1
2025-06-12 17:03:00,81.7
2025-06-12 12:58:00,4.2
2025-06-12 20:17:00,62.8
2025-06-12 07:38:00,31.6
2025-06-12 06:44:00,24.8
2025-06-12 09:54:00,81.2
2025-06-12 11:24:00,14.9
2025-06-12 10:43:00,25.5
2025-06-12 10:39:00,58.5
2025-06-12 17:35:00,50.41405513666353
2025-06-12 07:11:00,50.41405513666353
2025-06-12 17:21:00,27.4
2025-06-12 01:44:00,47.8
2025-06-12 09:39:00,63.2
2025-06-12 20:08:00,14.9
2025-06-12 16:38:00,13.3
2025-06-12 08:54:00,88.6
2025-06-12 21:19:00,11.5
2025-06-12 15:35:00,47.7
2025-06-12 16:25:00,8.6
2025-06-12 02:05:00,74.9
2025-06-12 05:42:00,35.2
2025-06-12 22:45:00,51.1
2025-06-12 06:54:00,50.41405513666353
2025-06-12 06:59:00,50.41405513666353
2025-06-12 13:08:00,46.2
2025-06-12 23:14:00,43.7
2025-06-12 01:53:00,24.6
2025-06-12 22:09:00,64.0
2025-06-12 06:57:00,86.5
2025-06-12 04:53:00,50.41405513666353
2025-06-12 07:16:00,70.8
2025-06-12 21:56:00,69.7
2025-06-12 06:58:00,27.1
2025-06-12 20:33:00,61.5
2025-06-12 18:54:00,77.5
2025-06-12 13:20:00,23.5
2025-06-12 20:23:00,44.5
2025-06-12 03:44:00,50.41405513666353
2025-06-12 04:22:00,76.8
2025-06-12 23:12:00,6.7
2025-06-12 23:43:00,5.6
2025-06-12 19:34:00,85.3
2025-06-12 18:38:00,46.4
2025-06-12 12:00:00,90.0
2025-06-12 12:50:00,66.7
2025-06-12 02:51:00,66.2
2025-06-12 05:48:00,7.6
2025-06-12 20:29:00,99.4
2025-06-12 20:46:00,20.1
2025-06-12 22:06:00,17.7
2025-06-12 03:36:00,84.0
2025-06-12 14:31:00,86.5
2025-06-12 02:21:00,50.41405513666353
2025-06-12 22:29:00,90.8
2025-06-12 15:08:00,70.5
2025-06-12 05:26:00,74.1
2025-06-12 15:27:00,90.6
2025-06-12 23:09:00,97.0
2025-06-12 00:25:00,0.4
2025-06-12 11:25:00,68.4
2025-06-12 00:05:00,33.5
2025-06-12 07:13:00,37.8
2025-06-12 22:21:00,84.3
2025-06-12 00:38:00,17.6
2025-06-12 02:43:00,29.8
2025-06-12 20:26:00,50.41405513666353
2025-06-12 04:05:00,50.41405513666353
2025-06-12 17:45:00,31.5
2025-06-12 21:05:00,67.5
2025-06-12 00:15:00,92.2
2025-06-12 12:58:00,59.2
2025-06-12 15:22:00,88.5
2025-06-12 06:16:00,49.2
2025-06-12 15:47:00,15.1
2025-06-12 11:25:00,22.5
2025-06-12 04:57:00,48.8
2025-06-12 13:46:00,53.9
2025-06-12 05:44:00,50.41405513666353
2025-06-12 07:18:00,50.41405513666353
2025-06-12 02:56:00,50.41405513666353
2025-06-12 14:47:00,56.2
2025-06-12 14:22:00,68.5
2025-06-12 04:01:00,50.41405513666353
2025-06-12 22:37:00,26.7
2025-06-12 15:09:00,38.7
2025-06-12 20:37:00,59.4
2025-06-12 11:42:00,87.1
2025-06-12 14:51:00,50.41405513666353
2025-06-12 23:35:00,25.5
2025-06-12 12:10:00,41.5
2025-06-12 07:02:00,12.6
2025-06-12 02:59:00,59.2
2025-06-12 15:02:00,72.5
2025-06-12 00:21:00,0.0
2025-06-12 13:06:00,77.1
2025-06-12 23:06:00,45.4
2025-06-12 07:13:00,70.3
2025-06-12 15:18:00,27.5
2025-06-12 00:33:00,30.5
2025-06-12 19:09:00,89.7
2025-06-12 13:37:00,54.0
2025-06-12 06:01:00,73.5
2025-06-12 01:40:00,88.0
2025-06-12 07:37:00,12.1
2025-06-12 01:23:00,77.9
2025-06-12 20:30:00,53.5
2025-06-12 22:50:00,3.3
2025-06-12 13:09:00,19.6
2025-06-12 02:17:00,94.8
2025-06-12 23:57:00,34.3
2025-06-12 06:40:00,35.0
2025-06-12 06:37:00,48.3
2025-06-12 22:42:00,74.7
2025-06-12 00:07:00,9.4
2025-06-12 17:37:00,79.8
2025-06-12 09:59:00,11.9
2025-06-12 12:23:00,96.2
2025-06-12 02:09:00,49.776157380139004
2025-06-12 00:24:00,8.4
2025-06-12 15:24:00,42.3
2025-06-12 01:11:00,6.2
2025-06-12 08:46:00,71.6
2025-06-12 07:13:00,43.7
2025-06-12 18:24:00,81.0
2025-06-12 14:10:00,47.0
2025-06-12 21:08:00,39.9
2025-06-12 07:03:00,14.3
2025-06-12 09:53:00,7.7
2025-06-12 21:58:00,67.5
2025-06-12 10:08:00,18.4
2025-06-12 09:01:00,46.7
2025-06-12 16:26:00,57.2
2025-06-12 09:31:00,27.5
2025-06-12 23:42:00,69.0
2025-06-12 03:30:00,43.6
2025-06-12 23:59:00,30.3
2025-06-12 13:16:00,25.4
2025-06-12 07:29:00,68.3
2025-06-12 22:14:00,49.776157380139004
2025-06-12 14:03:00,20.5
2025-06-12 02:01:00,56.2
2025-06-12 15:58:00,49.776157380139004
2025-06-12 13:21:00,26.8
2025-06-12 02:27:00,12.2
2025-06-12 19:32:00,13.6
2025-06-12 08:57:00,49.776157380139004
2025-06-12 02:27:00,34.9
2025-06-12 06:55:00,91.5
2025-06-12 03:04:00,2.0
2025-06-12 05:27:00,53.6
2025-06-12 14:15:00,49.776157380139004
2025-06-12 10:14:00,24.5
2025-06-12 14:01:00,89.8
2025-06-12 17:23:00,49.776157380139004
2025-06-12 09:31:00,93.4
2025-06-12 04:49:00,23.1
2025-06-12 21:09:00,70.8
2025-06-12 21:05:00,62.0
2025-06-12 14:34:00,44.4
2025-06-12 15:41:00,16.3
2025-06-12 13:52:00,78.6
2025-06-12 19:04:00,32.8
2025-06-12 15:01:00,41.9
2025-06-12 07:05:00,28.5
2025-06-12 00:46:00,49.776157380139004
2025-06-12 04:56:00,49.0
2025-06-12 12:16:00,45.0
2025-06-12 12:37:00,49.776157380139004
2025-06-12 13:28:00,44.2
2025-06-12 14:28:00,90.1
2025-06-12 04:37:00,66.8
2025-06-12 23:26:00,40.1
2025-06-12 10:03:00,49.776157380139004
2025-06-12 09:56:00,92.9
2025-06-12 13:31:00,9.0
2025-06-12 04:32:00,70.1
2025-06-12 23:18:00,43.2
2025-06-12 05:18:00,71.4
2025-06-12 07:50:00,95.4
2025-06-12 07:54:00,74.3
2025-06-12 00:17:00,28.7
2025-06-12 01:51:00,65.8
2025-06-12 17:55:00,56.7
2025-06-12 13:42:00,7.2
2025-06-12 13:04:00,59.7
2025-06-12 04:22:00,57.1
2025-06-12 07:50:00,22.7
2025-06-12 23:26:00,64.1
2025-06-12 12:18:00,45.2
2025-06-12 16:19:00,44.8
2025-06-12 18:37:00,29.5
2025-06-12 14:54:00,35.1
2025-06-12 20:31:00,87.7
2025-06-12 22:40:00,51.3
2025-06-12 10:43:00,99.5
2025-06-12 14:17:00,2.5
2025-06-12 12:33:00,90.9
2025-06-12 07:38:00,64.8
2025-06-12 23:43:00,25.6
2025-06-12 13:49:00,60.9
2025-06-12 15:35:00,49.776157380139004
2025-06-12 06:08:00,81.9
2025-06-12 01:35:00,49.776157380139004
2025-06-12 01:14:00,17.8
2025-06-12 08:45:00,47.4
2025-06-12 21:48:00,57.2
2025-06-12 07:28:00,88.3
2025-06-12 09:32:00,49.776157380139004
2025-06-12 18:30:00,49.776157380139004
2025-06-12 19:46:00,83.5
2025-06-12 21:35:00,34.0
2025-06-12 02:48:00,45.5
2025-06-12 09:27:00,34.9
2025-06-12 18:54:00,65.4
2025-06-12 08:00:00,70.3
2025-06-12 18:36:00,43.9
2025-06-12 20:23:00,19.8
2025-06-12 05:46:00,58.8
2025-06-12 04:41:00,34.3
2025-06-12 01:49:00,49.776157380139004
2025-06-12 23:18:00,74.1
2025-06-12 02:07:00,23.1
2025-06-12 03:48:00,97.5
2025-06-12 23:26:00,20.9
2025-06-12 11:21:00,22.0
2025-06-12 07:18:00,49.776157380139004
2025-06-12 12:28:00,62.7
2025-06-12 03:10:00,2.9
2025-06-12 23:19:00,72.6
2025-06-12 12:28:00,94.7
2025-06-12 18:04:00,63.0
2025-06-12 22:30:00,39.9
2025-06-12 09:53:00,63.8
2025-06-12 09:29:00,6.7
2025-06-12 06:15:00,0.5
2025-06-12 15:02:00,53.6
2025-06-12 03:20:00,79.8
2025-06-12 04:45:00,77.9
2025-06-12 17:31:00,50.8
2025-06-12 18:31:00,90.4
2025-06-12 17:50:00,16.9
2025-06-12 03:17:00,44.7
2025-06-12 12:13:00,54.7
2025-06-12 19:16:00,95.5
2025-06-12 11:35:00,38.1
2025-06-12 22:40:00,60.1
2025-06-12 00:03:00,26.4
2025-06-12 06:35:00,87.0
2025-06-12 00:04:00,89.7
2025-06-12 17:05:00,32.9
2025-06-12 02:31:00,49.776157380139004
2025-06-12 01:17:00,21.2
2025-06-12 16:24:00,11.9
2025-06-12 18:54:00,70.2
2025-06-12 21:48:00,51.7
2025-06-12 04:19:00,16.4
2025-06-12 08:40:00,50.2
2025-06-12 13:08:00,70.6
2025-06-12 04:45:00,22.5
2025-06-12 01:33:00,40.5
2025-06-12 18:03:00,96.1
2025-06-12 21:21:00,14.0
2025-06-12 15:45:00,66.7
2025-06-12 17:04:00,59.7
2025-06-12 16:39:00,44.5
2025-06-12 07:39:00,49.776157380139004
2025-06-12 04:30:00,85.1
2025-06-12 04:52:00,48.8
2025-06-12 07:38:00,11.3
2025-06-12 21:18:00,29.3
2025-06-12 09:49:00,11.5
2025-06-12 07:03:00,23.8
2025-06-12 17:46:00,58.0
2025-06-12 08:31:00,91.2
2025-06-12 13:19:00,91.0
2025-06-12 21:02:00,96.4
2025-06-12 15:28:00,4.4
2025-06-12 20:08:00,61.8
2025-06-12 17:11:00,91.8
2025-06-12 10:53:00,30.5
2025-06-12 15:32:00,49.776157380139004
2025-06-12 23:20:00,24.3
2025-06-12 20:34:00,28.7
2025-06-12 01:45:00,4.1
2025-06-12 13:00:00,49.776157380139004
2025-06-12 22:32:00,15.0
2025-06-12 12:19:00,49.776157380139004
2025-06-12 04:59:00,0.7
2025-06-12 18:19:00,24.0
2025-06-12 05:00:00,28.1
2025-06-12 00:57:00,49.776157380139004
2025-06-12 07:14:00,49.776157380139004
2025-06-12 19:48:00,5.3
2025-06-12 00:25:00,49.776157380139004
2025-06-12 00:28:00,73.1
2025-06-12 16:13:00,49.776157380139004
2025-06-12 20:49:00,15.2
2025-06-12 22:21:00,48.0
2025-06-12 14:36:00,79.4
2025-06-12 14:54:00,37.2
2025-06-12 17:32:00,8.9
2025-06-12 15:50:00,44.1
2025-06-12 11:37:00,52.0
2025-06-12 10:52:00,42.7
2025-06-12 10:19:00,46.3
2025-06-12 00:32:00,57.4
2025-06-12 19:44:00,88.3
2025-06-12 19:12:00,95.1
2025-06-12 01:37:00,71.0
2025-06-12 20:08:00,49.776157380139004
2025-06-12 20:20:00,90.9
2025-06-12 22:41:00,49.776157380139004
2025-06-12 21:54:00,50.0
2025-06-12 09:32:00,100.0
2025-06-12 00:42:00,30.9
2025-06-12 13:00:00,39.1
2025-06-12 23:35:00,49.776157380139004
2025-06-12 19:12:00,7.0
2025-06-12 05:57:00,93.1
2025-06-12 20:24:00,83.6
2025-06-12 02:08:00,40.0
2025-06-12 01:27:00,98.0
2025-06-12 22:22:00,63.2
2025-06-12 19:44:00,49.776157380139004
2025-06-12 22:48:00,49.776157380139004
2025-06-12 13:00:00,49.3
2025-06-12 16:51:00,26.7
2025-06-12 19:04:00,49.776157380139004
2025-06-12 13:17:00,1.1
2025-06-12 02:28:00,96.7
2025-06-12 14:08:00,66.5
2025-06-12 20:34:00,16.8
2025-06-12 12:01:00,35.8
2025-06-12 08:39:00,85.8
2025-06-12 03:32:00,43.9
2025-06-12 00:22:00,64.2
2025-06-12 18:44:00,49.3
2025-06-12 11:10:00,51.8
2025-06-12 12:56:00,96.9
2025-06-12 06:33:00,85.8
2025-06-12 13:07:00,10.6
2025-06-12 11:47:00,90.3
2025-06-12 08:48:00,74.5
2025-06-12 13:58:00,52.7
2025-06-12 22:30:00,21.1
2025-06-12 15:02:00,12.7
2025-06-12 07:54:00,49.776157380139004
2025-06-12 04:07:00,28.2
2025-06-12 06:36:00,98.7
2025-06-12 23:20:00,36.2
2025-06-12 22:41:00,22.5
2025-06-12 18:22:00,85.0
2025-06-12 22:03:00,49.776157380139004
2025-06-12 16:20:00,82.4
2025-06-12 12:08:00,23.7
2025-06-12 01:49:00,83.2
2025-06-12 15:39:00,49.776157380139004
2025-06-12 05:31:00,49.3
2025-06-12 13:40:00,19.7
2025-06-12 22:37:00,95.4
2025-06-12 08:01:00,5.2
2025-06-12 20:00:00,19.9
2025-06-12 20:02:00,63.8
2025-06-12 14:20:00,62.3
2025-06-12 02:09:00,49.776157380139004
2025-06-12 23:14:00,71.3
2025-06-12 04:38:00,43.0
2025-06-12 18:34:00,35.3
2025-06-12 21:51:00,19.5
2025-06-12 18:33:00,25.6
2025-06-12 00:46:00,62.4
2025-06-12 20:16:00,49.776157380139004
2025-06-12 19:53:00,71.5
2025-06-12 10:16:00,36.0
2025-06-12 14:32:00,49.776157380139004
2025-06-12 00:00:00,68.3
2025-06-12 20:09:00,11.4
2025-06-12 17:02:00,85.9
2025-06-12 18:11:00,49.776157380139004
2025-06-12 05:11:00,56.1
2025-06-12 06:58:00,64.7
2025-06-12 21:17:00,67.2
2025-06-12 21:15:00,49.776157380139004
2025-06-12 15:23:00,49.1
2025-06-12 12:34:00,45.6
2025-06-12 04:06:00,66.8
2025-06-12 12:49:00,65.9
2025-06-12 04:54:00,3.3
2025-06-12 22:27:00,26.9
2025-06-12 06:03:00,58.2
2025-06-12 22:37:00,24.8
2025-06-12 13:44:00,4.3
2025-06-12 19:23:00,11.1
2025-06-12 05:44:00,49.776157380139004
2025-06-12 21:56:00,34.9
2025-06-12 14:13:00,49.776157380139004
2025-06-12 10:35:00,3.4
2025-06-12 06:54:00,49.776157380139004
2025-06-12 18:50:00,65.8
2025-06-12 16:56:00,24.3
2025-06-12 04:29:00,77.6
2025-06-12 19:22:00,82.6
2025-06-12 21:13:00,3.9
2025-06-12 06:16:00,59.7
2025-06-12 06:16:00,89.1
2025-06-12 18:38:00,49.776157380139004
2025-06-12 21:13:00,49.776157380139004
2025-06-12 12:09:00,33.4
2025-06-12 13:39:00,72.2
2025-06-12 05:00:00,24.4
2025-06-12 22:58:00,1.3
2025-06-12 19:27:00,8.8
2025-06-12 22:50:00,84.6
2025-06-12 02:24:00,61.3
2025-06-12 14:28:00,56.4
2025-06-12 16:51:00,0.5
2025-06-12 13:11:00,59.5
2025-06-12 01:59:00,60.4
2025-06-12 06:17:00,31.1
2025-06-12 04:54:00,21.1
2025-06-12 00:00:00,88.8
2025-06-12 14:36:00,21.0
2025-06-12 10:36:00,10.0
2025-06-12 03:48:00,59.3
2025-06-12 19:51:00,98.8
2025-06-12 11:27:00,49.776157380139004
2025-06-12 14:04:00,84.5
2025-06-12 12:05:00,49.776157380139004
2025-06-12 14:29:00,62.6
2025-06-12 16:52:00,22.4
2025-06-12 16:06:00,74.1
2025-06-12 21:17:00,90.7
2025-06-12 02:50:00,65.4
2025-06-12 23:09:00,92.5
2025-06-12 12:42:00,33.8
2025-06-12 22:32:00,37.6
2025-06-12 01:29:00,46.9
2025-06-12 18:16:00,95.0
2025-06-12 07:13:00,35.6
2025-06-12 11:14:00,85.0
2025-06-12 15:09:00,49.81767540251498
2025-06-12 21:47:00,32.2
2025-06-12 18:36:00,12.9
2025-06-12 06:57:00,49.81767540251498
2025-06-12 13:26:00,18.0
2025-06-12 09:26:00,26.7
2025-06-12 22:24:00,84.6
2025-06-12 22:11:00,59.4
2025-06-12 23:13:00,35.1
2025-06-12 11:01:00,25.0
2025-06-12 09:32:00,6.9
2025-06-12 06:36:00,49.81767540251498
2025-06-12 23:05:00,71.4
2025-06-12 19:18:00,98.1
2025-06-12 16:37:00,17.1
2025-06-12 05:15:00,66.6
2025-06-12 17:51:00,49.81767540251498
2025-06-12 03:19:00,49.81767540251498
2025-06-12 18:07:00,33.9
2025-06-12 03:58:00,56.9
2025-06-12 16:19:00,49.81767540251498
2025-06-12 04:24:00,74.8
2025-06-12 07:18:00,93.8
2025-06-12 04:13:00,38.3
2025-06-12 07:24:00,72.4
2025-06-12 20:54:00,69.4
2025-06-12 23:57:00,64.6
2025-06-12 22:44:00,83.6
2025-06-12 02:56:00,66.7
2025-06-12 10:59:00,31.8
2025-06-12 04:28:00,71.6
2025-06-12 12:40:00,55.2
2025-06-12 06:40:00,24.5
2025-06-12 23:53:00,29.2
2025-06-12 20:52:00,33.1
2025-06-12 06:37:00,49.81767540251498
2025-06-12 18:34:00,29.3
2025-06-12 01:45:00,40.5
2025-06-12 11:33:00,31.4
2025-06-12 00:31:00,87.1
2025-06-12 06:19:00,41.8
2025-06-12 17:02:00,0.4
2025-06-12 15:09:00,74.5
2025-06-12 05:43:00,0.3
2025-06-12 01:16:00,49.81767540251498
2025-06-12 12:30:00,47.9
2025-06-12 04:01:00,35.4
2025-06-12 23:34:00,11.3
2025-06-12 21:48:00,38.5
2025-06-12 13:37:00,60.0
2025-06-12 07:33:00,50.4
2025-06-12 02:22:00,20.3
2025-06-12 08:38:00,95.0
2025-06-12 02:33:00,49.81767540251498
2025-06-12 14:05:00,27.1
2025-06-12 19:53:00,82.6
2025-06-12 07:51:00,24.2
2025-06-12 19:38:00,48.5
2025-06-12 19:43:00,44.9
2025-06-12 11:57:00,40.0
2025-06-12 03:53:00,74.3
2025-06-12 01:59:00,49.81767540251498
2025-06-12 08:47:00,49.81767540251498
2025-06-12 02:59:00,35.5
2025-06-12 09:59:00,92.4
2025-06-12 10:26:00,15.8
2025-06-12 23:02:00,70.6
2025-06-12 07:35:00,35.9
2025-06-12 11:57:00,49.8
2025-06-12 03:14:00,30.4
2025-06-12 20:04:00,59.2
2025-06-12 08:34:00,69.0
2025-06-12 08:07:00,49.81767540251498
2025-06-12 14:08:00,13.7
2025-06-12 06:38:00,12.3
2025-06-12 07:11:00,88.7
2025-06-12 00:35:00,63.8
2025-06-12 22:07:00,33.9
2025-06-12 12:29:00,72.2
2025-06-12 23:51:00,60.1
2025-06-12 15:00:00,49.81767540251498
2025-06-12 16:03:00,77.7
2025-06-12 16:07:00,30.1
2025-06-12 07:30:00,37.7
2025-06-12 14:03:00,98.8
2025-06-12 21:23:00,49.81767540251498
2025-06-12 16:40:00,97.1
2025-06-12 11:36:00,29.3
2025-06-12 09:20:00,65.9
2025-06-12 19:21:00,99.3
2025-06-12 07:15:00,3.8
2025-06-12 11:43:00,25.0
2025-06-12 23:30:00,66.8
2025-06-12 01:35:00,42.8
2025-06-12 07:45:00,55.2
2025-06-12 01:30:00,68.1
2025-06-12 06:53:00,31.0
2025-06-12 20:45:00,62.4
2025-06-12 01:56:00,69.0
2025-06-12 06:05:00,28.4
2025-06-12 13:48:00,27.4
2025-06-12 07:27:00,48.4
2025-06-12 20:16:00,82.9
2025-06-12 18:19:00,26.8
2025-06-12 10:05:00,43.6
2025-06-12 07:57:00,78.1
2025-06-12 05:59:00,3.8
2025-06-12 23:01:00,90.4
2025-06-12 00:54:00,99.2
2025-06-12 07:11:00,29.1
2025-06-12 17:57:00,60.7
2025-06-12 00:11:00,49.5
2025-06-12 01:20:00,37.0
2025-06-12 00:35:00,65.4
2025-06-12 20:59:00,54.7
2025-06-12 09:09:00,49.81767540251498
2025-06-12 02:10:00,7.9
2025-06-12 05:28:00,81.9
2025-06-12 17:57:00,1.9
2025-06-12 12:22:00,19.2
2025-06-12 22:57:00,67.7
2025-06-12 12:19:00,28.8
2025-06-12 09:59:00,14.8
2025-06-12 16:17:00,23.1
2025-06-12 03:39:00,19.0
2025-06-12 08:29:00,56.6
2025-06-12 19:15:00,94.9
2025-06-12 13:16:00,83.0
2025-06-12 20:53:00,96.6
2025-06-12 14:09:00,80.5
2025-06-12 16:34:00,49.81767540251498
2025-06-12 12:45:00,88.0
2025-06-12 04:25:00,39.7
2025-06-12 09:19:00,32.5
2025-06-12 14:29:00,52.8
2025-06-12 05:19:00,8.5
2025-06-12 16:14:00,52.2
2025-06-12 01:28:00,40.7
2025-06-12 08:57:00,84.7
2025-06-12 07:45:00,90.6
2025-06-12 08:25:00,39.8
2025-06-12 21:32:00,39.3
2025-06-12 10:03:00,7.9
2025-06-12 07:47:00,5.4
2025-06-12 17:44:00,95.8
2025-06-12 17:51:00,33.9
2025-06-12 18:02:00,49.81767540251498
2025-06-12 14:28:00,69.3
2025-06-12 17:23:00,49.81767540251498
2025-06-12 07:52:00,32.4
2025-06-12 11:00:00,72.1
2025-06-12 23:21:00,52.7
2025-06-12 02:59:00,49.81767540251498
2025-06-12 04:35:00,46.2
2025-06-12 17:19:00,79.4
2025-06-12 07:55:00,49.81767540251498
2025-06-12 02:36:00,49.81767540251498
2025-06-12 04:11:00,12.9
2025-06-12 01:11:00,83.6
2025-06-12 00:07:00,51.8
2025-06-12 08:33:00,49.81767540251498
2025-06-12 16:11:00,1.5
2025-06-12 01:26:00,40.2
2025-06-12 21:20:00,45.6
2025-06-12 13:54:00,14.0
2025-06-12 11:39:00,69.6
2025-06-12 16:20:00,49.81767540251498
2025-06-12 14:58:00,82.4
2025-06-12 10:15:00,67.1
2025-06-12 05:59:00,18.5
2025-06-12 13:41:00,81.0
2025-06-12 01:15:00,49.81767540251498
2025-06-12 11:40:00,92.1
2025-06-12 09:03:00,88.1
2025-06-12 03:09:00,18.5
2025-06-12 03:15:00,20.1
2025-06-12 12:26:00,29.5
2025-06-12 04:52:00,49.81767540251498
2025-06-12 19:32:00,61.0
2025-06-12 19:02:00,54.3
2025-06-12 09:29:00,72.6
2025-06-12 02:43:00,72.5
2025-06-12 00:19:00,84.5
2025-06-12 20:57:00,50.7
2025-06-12 00:10:00,25.9
2025-06-12 20:15:00,90.8
2025-06-12 13:34:00,13.7
2025-06-12 04:34:00,7.4
2025-06-12 18:36:00,72.9
2025-06-12 20:11:00,49.81767540251498
2025-06-12 13:21:00,49.81767540251498
2025-06-12 23:00:00,47.1
2025-06-12 05:12:00,82.0
2025-06-12 12:49:00,26.1
2025-06-12 11:40:00,2.5
2025-06-12 16:38:00,49.81767540251498
2025-06-12 16:27:00,49.81767540251498
2025-06-12 21:40:00,26.9
2025-06-12 05:25:00,53.2
2025-06-12 01:44:00,95.3
2025-06-12 15:09:00,7.3
2025-06-12 22:58:00,96.4
2025-06-12 13:54:00,0.5
2025-06-12 08:05:00,15.6
2025-06-12 22:59:00,49.81767540251498
2025-06-12 22:49:00,67.9
2025-06-12 21:02:00,49.81767540251498
2025-06-12 00:19:00,7.5
2025-06-12 11:58:00,86.8
2025-06-12 06:23:00,58.9
2025-06-12 11:26:00,49.81767540251498
2025-06-12 09:11:00,62.5
2025-06-12 21:37:00,81.4
2025-06-12 16:55:00,49.81767540251498
2025-06-12 02:03:00,93.7
2025-06-12 13:51:00,47.8
2025-06-12 01:33:00,86.0
2025-06-12 18:06:00,0.6
2025-06-12 19:23:00,49.81767540251498
2025-06-12 18:35:00,13.1
2025-06-12 08:44:00,23.1
2025-06-12 05:50:00,49.81767540251498
2025-06-12 14:06:00,95.1
2025-06-12 05:42:00,98.3
2025-06-12 00:18:00,60.7
2025-06-12 21:16:00,7.2
2025-06-12 19:24:00,61.6
2025-06-12 01:20:00,46.6
2025-06-12 08:00:00,70.3
2025-06-12 01:25:00,58.1
2025-06-12 12:19:00,81.1
2025-06-12 02:27:00,49.81767540251498
2025-06-12 05:33:00,24.8
2025-06-12 10:55:00,45.4
2025-06-12 18:55:00,63.7
2025-06-12 23:55:00,49.81767540251498
2025-06-12 16:38:00,71.6
2025-06-12 12:58:00,49.81767540251498
2025-06-12 06:22:00,49.81767540251498
2025-06-12 09:21:00,94.4
2025-06-12 17:15:00,48.1
2025-06-12 16:29:00,0.6
2025-06-12 13:35:00,87.0
2025-06-12 20:34:00,92.1
2025-06-12 04:24:00,84.4
2025-06-12 14:36:00,40.7
2025-06-12 00:21:00,24.2
2025-06-12 17:03:00,21.6
2025-06-12 01:54:00,91.9
2025-06-12 16:59:00,34.7
2025-06-12 18:50:00,7.6
2025-06-12 09:13:00,10.8
2025-06-12 23:48:00,35.9
2025-06-12 16:17:00,23.1
2025-06-12 16:04:00,54.8
2025-06-12 20:08:00,89.1
2025-06-12 19:47:00,66.8
2025-06-12 18:00:00,0.4
2025-06-12 10:14:00,23.3
2025-06-12 04:51:00,86.6
2025-06-12 17:49:00,16.7
2025-06-12 05:24:00,93.4
2025-06-12 16:42:00,9.7
2025-06-12 12:01:00,80.0
2025-06-12 12:58:00,55.7
2025-06-12 12:15:00,91.9
2025-06-12 14:24:00,49.81767540251498
2025-06-12 11:12:00,37.3
2025-06-12 23:40:00,61.1
2025-06-12 09:05:00,97.0
2025-06-12 15:48:00,62.2
2025-06-12 17:10:00,49.81767540251498
2025-06-12 01:52:00,51.0
2025-06-12 06:35:00,49.81767540251498
2025-06-12 22:10:00,88.7
2025-06-12 17:46:00,39.0
2025-06-12 23:22:00,79.3
2025-06-12 14:19:00,98.6
2025-06-12 10:10:00,80.5
2025-06-12 11:40:00,29.0
2025-06-12 23:16:00,49.81767540251498
2025-06-12 18:53:00,49.81767540251498
2025-06-12 03:11:00,94.2
2025-06-12 02:08:00,76.4
2025-06-12 10:52:00,49.81767540251498
2025-06-12 13:45:00,56.1
2025-06-12 19:00:00,49.81767540251498
2025-06-12 06:00:00,55.3
2025-06-12 08:48:00,66.0
2025-06-12 11:13:00,49.81767540251498
2025-06-12 23:57:00,23.2
2025-06-12 09:24:00,32.6
2025-06-12 23:27:00,49.81767540251498
2025-06-12 06:37:00,32.6
2025-06-12 00:55:00,36.8
2025-06-12 12:35:00,72.6
2025-06-12 11:15:00,49.81767540251498
2025-06-12 10:49:00,49.9
2025-06-12 21:14:00,67.2
2025-06-12 03:22:00,13.4
2025-06-12 19:23:00,26.6
2025-06-12 19:24:00,52.9
2025-06-12 17:53:00,49.81767540251498
2025-06-12 22:05:00,89.1
2025-06-12 08:30:00,96.2
2025-06-12 13:07:00,83.5
2025-06-12 07:33:00,11.8
2025-06-12 08:24:00,13.9
2025-06-12 03:16:00,0.0
2025-06-12 09:34:00,39.1
2025-06-12 06:21:00,71.6
2025-06-12 10:15:00,97.4
2025-06-12 17:47:00,69.1
2025-06-12 15:05:00,66.2
2025-06-12 13:07:00,49.81767540251498
2025-06-12 20:50:00,47.9
2025-06-12 17:13:00,49.81767540251498
2025-06-12 15:43:00,37.4
2025-06-12 02:27:00,49.81767540251498
2025-06-12 21:54:00,49.81767540251498
2025-06-12 18:10:00,64.2
2025-06-12 04:18:00,16.8
2025-06-12 14:42:00,12.8
2025-06-12 04:03:00,50.0
2025-06-12 23:45:00,77.5
2025-06-12 01:58:00,49.81767540251498
2025-06-12 14:44:00,59.0
2025-06-12 08:50:00,9.0
2025-06-12 06:54:00,74.9
2025-06-12 18:23:00,96.8
2025-06-12 10:41:00,67.6
2025-06-12 13:10:00,64.9
2025-06-12 10:44:00,24.0
2025-06-12 07:32:00,65.7
2025-06-12 21:58:00,49.81767540251498
2025-06-12 17:22:00,10.9
2025-06-12 13:20:00,86.8
2025-06-12 14:09:00,54.9
2025-06-12 08:04:00,14.1
2025-06-12 00:08:00,68.7
2025-06-12 03:52:00,49.791111632270166
2025-06-12 19:00:00,66.4
2025-06-12 17:02:00,94.5
2025-06-12 11:04:00,49.791111632270166
2025-06-12 11:44:00,19.2
2025-06-12 05:43:00,5.3
2025-06-12 01:16:00,16.2
2025-06-12 00:39:00,66.1
2025-06-12 10:17:00,32.6
2025-06-12 18:01:00,72.4
2025-06-12 17:29:00,75.5
2025-06-12 03:48:00,60.8
2025-06-12 20:25:00,49.791111632270166
2025-06-12 12:11:00,73.2
2025-06-12 22:03:00,71.1
2025-06-12 00:32:00,26.3
2025-06-12 20:32:00,53.5
2025-06-12 05:39:00,11.0
2025-06-12 01:02:00,96.9
2025-06-12 21:10:00,44.1
2025-06-12 02:02:00,13.5
2025-06-12 15:38:00,11.1
2025-06-12 23:00:00,88.7
2025-06-12 03:53:00,49.791111632270166
2025-06-12 03:29:00,52.7
2025-06-12 11:59:00,56.7
2025-06-12 23:12:00,6.6
2025-06-12 19:55:00,79.4
2025-06-12 11:33:00,31.0
2025-06-12 09:57:00,46.2
2025-06-12 07:01:00,93.4
2025-06-12 18:18:00,7.0
2025-06-12 12:11:00,3.2
2025-06-12 03:04:00,80.4
2025-06-12 14:11:00,49.791111632270166
2025-06-12 21:14:00,72.2
2025-06-12 21:50:00,62.0
2025-06-12 04:00:00,25.7
2025-06-12 18:36:00,94.9
2025-06-12 20:52:00,1.3
2025-06-12 17:10:00,94.6
2025-06-12 19:47:00,41.5
2025-06-12 19:42:00,49.791111632270166
2025-06-12 14:45:00,78.4
2025-06-12 21:14:00,85.3
2025-06-12 12:35:00,60.3
2025-06-12 17:47:00,46.8
2025-06-12 21:33:00,62.1
2025-06-12 08:40:00,42.6
2025-06-12 20:16:00,97.5
2025-06-12 04:38:00,90.2
2025-06-12 03:20:00,49.791111632270166
2025-06-12 09:42:00,99.8
2025-06-12 12:40:00,53.9
2025-06-12 13:15:00,40.8
2025-06-12 13:47:00,23.9
2025-06-12 16:55:00,49.791111632270166
2025-06-12 18:40:00,27.4
2025-06-12 21:25:00,49.791111632270166
2025-06-12 06:04:00,49.791111632270166
2025-06-12 23:16:00,60.0
2025-06-12 02:58:00,52.6
2025-06-12 11:33:00,2.2
2025-06-12 12:39:00,25.6
2025-06-12 12:44:00,49.791111632270166
2025-06-12 04:09:00,43.1
2025-06-12 14:56:00,94.6
2025-06-12 03:42:00,64.8
2025-06-12 13:59:00,49.791111632270166
2025-06-12 05:22:00,33.5
2025-06-12 03:36:00,49.791111632270166
2025-06-12 10:07:00,7.0
2025-06-12 02:10:00,12.3
2025-06-12 19:36:00,20.7
2025-06-12 13:14:00,35.2
2025-06-12 19:33:00,43.3
2025-06-12 03:19:00,73.5
2025-06-12 20:12:00,40.9
2025-06-12 10:28:00,43.1
2025-06-12 02:04:00,82.3
2025-06-12 12:44:00,54.8
2025-06-12 04:41:00,59.2
2025-06-12 22:57:00,51.9
2025-06-12 13:05:00,47.6
2025-06-12 19:38:00,22.2
2025-06-12 12:09:00,44.5
2025-06-12 16:53:00,35.8
2025-06-12 12:39:00,73.7
2025-06-12 19:57:00,59.1
2025-06-12 11:18:00,68.2
2025-06-12 15:56:00,87.9
2025-06-12 22:53:00,49.791111632270166
2025-06-12 22:36:00,2.6
2025-06-12 00:07:00,78.5
2025-06-12 02:59:00,12.5
2025-06-12 10:20:00,15.2
2025-06-12 00:04:00,10.9
2025-06-12 09:09:00,89.3
2025-06-12 01:40:00,49.791111632270166
2025-06-12 03:09:00,9.3
2025-06-12 22:54:00,4.9
2025-06-12 01:49:00,40.0
2025-06-12 02:13:00,15.7
2025-06-12 08:03:00,49.791111632270166
2025-06-12 05:50:00,14.5
2025-06-12 14:30:00,2.0
2025-06-12 06:43:00,46.3
2025-06-12 06:59:00,3.6
2025-06-12 19:02:00,3.7
2025-06-12 07:10:00,73.2
2025-06-12 01:45:00,8.7
2025-06-12 08:06:00,60.3
2025-06-12 05:01:00,22.9
2025-06-12 06:43:00,69.3
2025-06-12 15:07:00,13.9
2025-06-12 19:40:00,62.0
2025-06-12 23:00:00,33.5
2025-06-12 03:00:00,67.5
2025-06-12 23:01:00,69.4
2025-06-12 06:52:00,2.6
2025-06-12 11:10:00,94.2
2025-06-12 20:09:00,83.9
2025-06-12 11:26:00,61.2
2025-06-12 14:01:00,20.7
2025-06-12 07:34:00,42.5
2025-06-12 17:59:00,59.6
2025-06-12 06:56:00,54.9
2025-06-12 05:41:00,34.9
2025-06-12 21:47:00,95.1
2025-06-12 12:35:00,58.9
2025-06-12 21:08:00,49.791111632270166
2025-06-12 07:34:00,27.4
2025-06-12 16:05:00,67.3
2025-06-12 06:38:00,74.0
2025-06-12 16:21:00,30.4
2025-06-12 21:11:00,16.8
2025-06-12 18:18:00,89.6
2025-06-12 20:39:00,57.8
2025-06-12 07:59:00,65.4
2025-06-12 16:50:00,60.8
2025-06-12 06:18:00,18.7
2025-06-12 13:57:00,16.4
2025-06-12 06:41:00,49.791111632270166
2025-06-12 19:19:00,41.1
2025-06-12 09:24:00,7.2
2025-06-12 05:54:00,19.2
2025-06-12 12:16:00,49.791111632270166
2025-06-12 05:34:00,10.5
2025-06-12 12:59:00,82.6
2025-06-12 07:34:00,33.8
2025-06-12 16:39:00,40.0
2025-06-12 03:08:00,83.1
2025-06-12 10:17:00,28.9
2025-06-12 23:38:00,51.9
2025-06-12 17:30:00,21.2
2025-06-12 01:47:00,75.5
2025-06-12 02:55:00,59.2
2025-06-12 05:18:00,58.0
2025-06-12 08:51:00,54.1
2025-06-12 11:55:00,50.0
2025-06-12 02:52:00,49.791111632270166
2025-06-12 00:38:00,64.8
2025-06-12 04:25:00,77.8
2025-06-12 13:57:00,54.5
2025-06-12 15:06:00,6.0
2025-06-12 08:27:00,49.791111632270166
2025-06-12 04:49:00,61.2
2025-06-12 12:13:00,45.7
2025-06-12 20:17:00,12.7
2025-06-12 23:02:00,67.0
2025-06-12 02:01:00,49.791111632270166
2025-06-12 19:40:00,78.9
2025-06-12 23:14:00,73.9
2025-06-12 19:43:00,63.4
2025-06-12 23:44:00,30.1
2025-06-12 10:23:00,30.5
2025-06-12 02:51:00,33.7
2025-06-12 16:25:00,99.8
2025-06-12 14:57:00,54.2
2025-06-12 19:54:00,28.3
2025-06-12 06:32:00,21.6
2025-06-12 22:08:00,95.5
2025-06-12 00:32:00,24.8
2025-06-12 07:36:00,49.791111632270166
2025-06-12 06:33:00,29.6
2025-06-12 15:17:00,49.791111632270166
2025-06-12 10:35:00,39.4
2025-06-12 00:10:00,14.8
2025-06-12 20:08:00,96.7
2025-06-12 02:28:00,24.0
2025-06-12 00:00:00,99.6
2025-06-12 08:03:00,47.5
2025-06-12 07:37:00,76.9
2025-06-12 06:21:00,46.7
2025-06-12 11:05:00,70.1
2025-06-12 04:47:00,97.8
2025-06-12 06:03:00,79.9
2025-06-12 00:20:00,42.9
2025-06-12 06:21:00,87.0
2025-06-12 11:35:00,31.1
2025-06-12 07:05:00,36.3
2025-06-12 02:51:00,80.6
2025-06-12 06:53:00,49.791111632270166
2025-06-12 18:03:00,84.5
2025-06-12 14:23:00,38.1
2025-06-12 02:54:00,68.0
2025-06-12 06:00:00,72.1
2025-06-12 07:37:00,67.5
2025-06-12 19:23:00,97.0
2025-06-12 16:46:00,49.791111632270166
2025-06-12 17:43:00,49.791111632270166
2025-06-12 04:09:00,47.3
2025-06-12 18:05:00,21.8
2025-06-12 05:40:00,90.5
2025-06-12 13:33:00,49.791111632270166
2025-06-12 13:14:00,38.9
2025-06-12 18:52:00,6.2
2025-06-12 16:09:00,14.2
2025-06-12 03:31:00,19.6
2025-06-12 09:06:00,86.6
2025-06-12 10:37:00,77.7
2025-06-12 22:24:00,39.8
2025-06-12 06:11:00,2.8
2025-06-12 08:17:00,49.791111632270166
2025-06-12 21:32:00,80.5
2025-06-12 01:31:00,46.0
2025-06-12 15:20:00,49.791111632270166
2025-06-12 01:58:00,80.2
2025-06-12 12:43:00,17.6
2025-06-12 19:22:00,98.7
2025-06-12 07:06:00,49.791111632270166
2025-06-12 02:20:00,29.1
2025-06-12 06:41:00,49.791111632270166
2025-06-12 19:41:00,66.7
2025-06-12 05:39:00,90.1
2025-06-12 21:14:00,37.4
2025-06-12 02:08:00,49.791111632270166
2025-06-12 04:34:00,74.3
2025-06-12 02:30:00,49.791111632270166
2025-06-12 04:31:00,95.1
2025-06-12 19:37:00,96.2
2025-06-12 10:15:00,9.7
2025-06-12 18:56:00,66.8
2025-06-12 14:16:00,68.7
2025-06-12 05:56:00,39.5
2025-06-12 17:30:00,37.8
2025-06-12 18:17:00,51.1
2025-06-12 16:31:00,6.5
2025-06-12 13:31:00,49.791111632270166
2025-06-12 23:41:00,82.8
2025-06-12 11:08:00,49.791111632270166
2025-06-12 12:52:00,95.4
2025-06-12 19:53:00,49.791111632270166
2025-06-12 22:22:00,99.8
2025-06-12 16:11:00,69.6
2025-06-12 02:30:00,59.3
2025-06-12 06:56:00,52.9
2025-06-12 22:53:00,2.0
2025-06-12 20:26:00,6.1
2025-06-12 08:38:00,46.3
2025-06-12 06:32:00,22.1
2025-06-12 17:56:00,5.3
2025-06-12 09:43:00,20.7
2025-06-12 22:40:00,49.791111632270166
2025-06-12 10:34:00,44.4
2025-06-12 03:36:00,99.5
2025-06-12 02:21:00,47.8
2025-06-12 19:49:00,76.4
2025-06-12 09:04:00,14.1
2025-06-12 12:21:00,89.8
2025-06-12 21:02:00,53.0
2025-06-12 10:04:00,28.0
2025-06-12 04:25:00,28.0
2025-06-12 09:40:00,2.5
2025-06-12 12:56:00,49.791111632270166
2025-06-12 23:10:00,61.8
2025-06-12 20:43:00,7.9
2025-06-12 10:59:00,1.7
2025-06-12 15:06:00,9.4
2025-06-12 12:46:00,16.1
2025-06-12 08:56:00,33.5
2025-06-12 09:46:00,72.9
2025-06-12 09:05:00,4.5
2025-06-12 15:00:00,63.5
2025-06-12 20:17:00,26.9
2025-06-12 23:23:00,91.3
2025-06-12 07:22:00,70.6
2025-06-12 01:33:00,5.6
2025-06-12 15:31:00,55.3
2025-06-12 16:42:00,97.9
2025-06-12 19:15:00,65.5
2025-06-12 06:01:00,4.8
2025-06-12 23:35:00,59.7
2025-06-12 16:25:00,0.8
2025-06-12 12:08:00,36.0
2025-06-12 16:36:00,98.5
2025-06-12 21:21:00,73.0
2025-06-12 08:13:00,6.6
2025-06-12 07:43:00,77.0
2025-06-12 09:55:00,17.6
2025-06-12 13:10:00,52.4
2025-06-12 15:00:00,20.4
2025-06-12 08:25:00,55.2
2025-06-12 18:30:00,38.6
2025-06-12 03:23:00,94.1
2025-06-12 19:55:00,20.5
2025-06-12 04:55:00,49.6
2025-06-12 07:53:00,88.5
2025-06-12 02:34:00,2.5
2025-06-12 13:01:00,14.4
2025-06-12 16:10:00,29.1
2025-06-12 14:24:00,50.406503298774744
2025-06-12 00:26:00,9.9
2025-06-12 04:16:00,6.6
2025-06-12 23:43:00,5.8
2025-06-12 03:41:00,50.406503298774744
2025-06-12 15:06:00,79.8
2025-06-12 14:46:00,64.5
2025-06-12 10:46:00,56.3
2025-06-12 00:29:00,64.9
2025-06-12 11:11:00,50.406503298774744
2025-06-12 02:19:00,50.406503298774744
2025-06-12 04:35:00,41.3
2025-06-12 00:52:00,50.406503298774744
2025-06-12 01:34:00,50.406503298774744
2025-06-12 04:40:00,78.6
2025-06-12 14:08:00,12.0
2025-06-12 12:35:00,18.0
2025-06-12 19:37:00,50.406503298774744
2025-06-12 19:29:00,68.8
2025-06-12 08:54:00,15.7
2025-06-12 14:31:00,38.8
2025-06-12 00:28:00,9.4
2025-06-12 11:38:00,1.4
2025-06-12 19:58:00,58.7
2025-06-12 07:37:00,41.8
2025-06-12 00:15:00,43.6
2025-06-12 18:59:00,78.5
2025-06-12 02:51:00,49.8
2025-06-12 11:59:00,78.8
2025-06-12 21:50:00,35.5
2025-06-12 07:56:00,50.406503298774744
2025-06-12 16:18:00,3.7
2025-06-12 17:00:00,18.3
2025-06-12 13:49:00,50.406503298774744
2025-06-12 03:46:00,89.8
2025-06-12 03:33:00,44.2
2025-06-12 17:39:00,50.406503298774744
2025-06-12 20:54:00,50.406503298774744
2025-06-12 13:16:00,90.7
2025-06-12 13:33:00,18.6
2025-06-12 06:13:00,18.3
2025-06-12 09:29:00,50.406503298774744
2025-06-12 12:24:00,34.7
2025-06-12 12:00:00,1.1
2025-06-12 07:11:00,50.406503298774744
2025-06-12 20:23:00,38.5
2025-06-12 06:53:00,92.9
2025-06-12 03:43:00,57.1
2025-06-12 09:23:00,30.6
2025-06-12 21:35:00,95.8
2025-06-12 00:59:00,25.9
2025-06-12 01:08:00,50.406503298774744
2025-06-12 06:30:00,50.406503298774744
2025-06-12 02:14:00,60.5
2025-06-12 19:52:00,33.0
2025-06-12 01:52:00,60.5
2025-06-12 03:48:00,50.406503298774744
2025-06-12 21:36:00,50.406503298774744
2025-06-12 15:29:00,50.406503298774744
2025-06-12 15:47:00,95.2
2025-06-12 14:35:00,84.7
2025-06-12 11:01:00,90.6
2025-06-12 03:11:00,65.3
2025-06-12 19:45:00,0.3
2025-06-12 04:36:00,73.9
2025-06-12 02:40:00,50.406503298774744
2025-06-12 23:10:00,69.9
2025-06-12 02:37:00,70.4
2025-06-12 12:36:00,40.7
2025-06-12 18:07:00,11.8
2025-06-12 03:40:00,78.0
2025-06-12 11:11:00,36.4
2025-06-12 11:08:00,2.8
2025-06-12 01:02:00,50.406503298774744
2025-06-12 16:00:00,65.5
2025-06-12 15:50:00,30.2
2025-06-12 07:48:00,50.406503298774744
2025-06-12 22:36:00,19.7
2025-06-12 01:33:00,63.7
2025-06-12 08:59:00,91.8
2025-06-12 21:52:00,50.406503298774744
2025-06-12 11:21:00,82.5
2025-06-12 20:03:00,57.5
2025-06-12 11:22:00,50.406503298774744
2025-06-12 06:30:00,61.9
2025-06-12 08:18:00,65.0
2025-06-12 15:14:00,14.0
2025-06-12 19:17:00,21.9
2025-06-12 17:06:00,50.406503298774744
2025-06-12 23:57:00,86.0
2025-06-12 02:06:00,65.7
2025-06-12 12:39:00,53.4
2025-06-12 05:13:00,68.2
2025-06-12 09:16:00,77.1
2025-06-12 02:06:00,91.1
2025-06-12 21:01:00,48.1
2025-06-12 16:38:00,86.5
2025-06-12 08:52:00,13.8
2025-06-12 15:38:00,51.1
2025-06-12 06:20:00,4.0
2025-06-12 14:26:00,50.406503298774744
2025-06-12 01:15:00,37.7
2025-06-12 04:16:00,56.1
2025-06-12 18:16:00,80.9
2025-06-12 03:15:00,4.0
2025-06-12 04:53:00,35.3
2025-06-12 02:36:00,73.9
2025-06-12 16:23:00,48.5
2025-06-12 14:44:00,15.7
2025-06-12 13:11:00,50.406503298774744
2025-06-12 04:48:00,74.7
2025-06-12 00:35:00,11.4
2025-06-12 07:55:00,64.2
2025-06-12 00:15:00,85.0
2025-06-12 08:36:00,58.9
2025-06-12 21:47:00,75.3
2025-06-12 01:46:00,84.2
2025-06-12 09:18:00,76.1
2025-06-12 06:14:00,81.1
2025-06-12 04:14:00,50.406503298774744
2025-06-12 02:47:00,50.406503298774744
2025-06-12 16:14:00,92.7
2025-06-12 21:47:00,87.4
2025-06-12 14:31:00,52.7
2025-06-12 03:38:00,18.5
2025-06-12 14:18:00,8.7
2025-06-12 12:49:00,15.6
2025-06-12 17:46:00,83.0
2025-06-12 13:24:00,45.7
2025-06-12 21:43:00,83.8
2025-06-12 17:35:00,50.406503298774744
2025-06-12 02:33:00,50.406503298774744
2025-06-12 16:05:00,50.406503298774744
2025-06-12 19:19:00,2.5
2025-06-12 13:45:00,13.1
2025-06-12 22:15:00,37.6
2025-06-12 21:07:00,89.2
2025-06-12 23:15:00,8.2
2025-06-12 22:40:00,99.2
2025-06-12 20:03:00,20.8
2025-06-12 04:32:00,73.1
2025-06-12 14:34:00,50.406503298774744
2025-06-12 08:03:00,13.4
2025-06-12 01:06:00,10.7
2025-06-12 03:57:00,27.5
2025-06-12 02:36:00,0.3
2025-06-12 20:00:00,5.0
2025-06-12 11:41:00,90.6
2025-06-12 14:58:00,23.3
2025-06-12 02:59:00,13.6
2025-06-12 16:10:00,42.8
2025-06-12 05:41:00,74.9
2025-06-12 13:34:00,45.4
2025-06-12 23:32:00,3.3
2025-06-12 01:00:00,31.1
2025-06-12 02:07:00,32.9
2025-06-12 16:33:00,21.9
2025-06-12 16:06:00,37.8
2025-06-12 20:24:00,16.7
2025-06-12 04:29:00,14.5
2025-06-12 12:44:00,50.406503298774744
2025-06-12 14:19:00,91.1
2025-06-12 17:30:00,76.7
2025-06-12 14:42:00,15.2
2025-06-12 08:00:00,21.7
2025-06-12 09:23:00,50.406503298774744
2025-06-12 14:20:00,17.6
2025-06-12 20:00:00,50.406503298774744
2025-06-12 15:31:00,0.1
2025-06-12 19:55:00,88.7
2025-06-12 11:28:00,50.406503298774744
2025-06-12 05:50:00,7.3
2025-06-12 08:23:00,64.9
2025-06-12 21:44:00,50.406503298774744
2025-06-12 14:11:00,80.4
2025-06-12 09:06:00,31.1
2025-06-12 06:12:00,80.0
2025-06-12 00:38:00,27.0
2025-06-12 15:46:00,50.406503298774744
2025-06-12 07:57:00,12.3
2025-06-12 02:39:00,53.5
2025-06-12 06:15:00,58.9
2025-06-12 19:04:00,46.3
2025-06-12 23:44:00,61.2
2025-06-12 00:49:00,22.6
2025-06-12 13:14:00,23.4
2025-06-12 01:37:00,30.3
2025-06-12 22:27:00,14.6
2025-06-12 17:57:00,23.7
2025-06-12 18:34:00,48.1
2025-06-12 04:51:00,31.6
2025-06-12 18:49:00,50.406503298774744
2025-06-12 03:05:00,28.8
2025-06-12 23:47:00,50.406503298774744
2025-06-12 09:14:00,50.406503298774744
2025-06-12 14:41:00,92.7
2025-06-12 16:21:00,52.3
2025-06-12 07:16:00,78.2
2025-06-12 19:20:00,78.3
2025-06-12 04:00:00,95.4
2025-06-12 06:12:00,70.3
2025-06-12 14:50:00,79.5
2025-06-12 18:40:00,2.5
2025-06-12 18:15:00,79.0
2025-06-12 02:48:00,45.1
2025-06-12 13:28:00,4.5
2025-06-12 11:32:00,20.6
2025-06-12 21:17:00,35.7
2025-06-12 22:23:00,45.4
2025-06-12 09:10:00,33.8
2025-06-12 13:26:00,99.2
2025-06-12 05:15:00,39.6
2025-06-12 23:34:00,21.0
2025-06-12 23:22:00,50.406503298774744
2025-06-12 08:18:00,42.2
2025-06-12 07:28:00,50.406503298774744
2025-06-12 11:13:00,76.6
2025-06-12 21:35:00,5.0
2025-06-12 22:17:00,57.3
2025-06-12 07:44:00,50.406503298774744
2025-06-12 20:55:00,67.9
2025-06-12 10:57:00,69.6
2025-06-12 22:16:00,83.6
2025-06-12 03:06:00,30.0
2025-06-12 11:32:00,90.2
2025-06-12 15:40:00,50.406503298774744
2025-06-12 21:03:00,49.1
2025-06-12 20:20:00,42.1
2025-06-12 09:22:00,50.0
2025-06-12 17:46:00,1.2
2025-06-12 14:21:00,6.1
2025-06-12 11:54:00,69.3
2025-06-12 18:25:00,51.0
2025-06-12 21:46:00,1.3
2025-06-12 00:34:00,47.8
2025-06-12 08:39:00,78.5
2025-06-12 19:57:00,42.9
2025-06-12 06:39:00,60.8
2025-06-12 20:51:00,28.3
2025-06-12 01:33:00,34.5
2025-06-12 16:21:00,77.1
2025-06-12 19:15:00,77.6
2025-06-12 09:53:00,65.7
2025-06-12 08:03:00,66.4
2025-06-12 14:04:00,74.4
2025-06-12 01:14:00,19.7
2025-06-12 22:55:00,81.2
2025-06-12 00:13:00,21.4
2025-06-12 02:20:00,15.2
2025-06-12 00:24:00,99.7
2025-06-12 08:35:00,8.2
2025-06-12 18:14:00,81.8
2025-06-12 04:41:00,49.0
2025-06-12 23:53:00,76.7
2025-06-12 12:52:00,50.406503298774744
2025-06-12 21:46:00,4.0
2025-06-12 19:44:00,48.3
2025-06-12 14:07:00,99.7
2025-06-12 04:05:00,93.2
2025-06-12 04:38:00,50.406503298774744
2025-06-12 10:48:00,97.8
2025-06-12 10:31:00,50.406503298774744
2025-06-12 13:31:00,50.406503298774744
2025-06-12 05:03:00,21.8
2025-06-12 12:56:00,46.2
2025-06-12 11:48:00,77.5
2025-06-12 05:41:00,87.4
2025-06-12 06:08:00,50.406503298774744
2025-06-12 12:20:00,62.4
2025-06-12 22:48:00,22.0
2025-06-12 12:44:00,81.9
2025-06-12 17:42:00,13.4
2025-06-12 07:54:00,35.9
2025-06-12 18:25:00,50.406503298774744
2025-06-12 04:04:00,23.1
2025-06-12 02:49:00,73.7
2025-06-12 00:36:00,71.1
2025-06-12 03:31:00,10.1
2025-06-12 15:46:00,50.406503298774744
2025-06-12 21:50:00,30.8
2025-06-12 20:51:00,11.5
2025-06-12 04:37:00,28.5
2025-06-12 12:49:00,11.7
2025-06-12 11:26:00,35.3
2025-06-12 13:04:00,95.6
2025-06-12 12:47:00,46.3
2025-06-12 18:00:00,77.9
2025-06-12 05:18:00,79.3
2025-06-12 06:55:00,70.3
2025-06-12 18:07:00,34.3
2025-06-12 21:36:00,73.2
2025-06-12 07:12:00,92.7
2025-06-12 22:55:00,56.7
2025-06-12 18:33:00,85.0
2025-06-12 08:12:00,21.0
2025-06-12 22:09:00,77.8
2025-06-12 05:55:00,24.8
2025-06-12 12:26:00,85.0
2025-06-12 22:00:00,89.7
2025-06-12 18:11:00,33.3
2025-06-12 08:48:00,42.0
2025-06-12 07:08:00,61.8
2025-06-12 03:19:00,10.3
2025-06-12 17:32:00,98.8
2025-06-12 06:25:00,24.9
2025-06-12 19:46:00,73.9
2025-06-12 06:37:00,12.0
2025-06-12 05:05:00,14.4
2025-06-12 11:48:00,67.2
2025-06-12 00:24:00,75.4
2025-06-12 04:13:00,19.6
2025-06-12 18:40:00,24.3
2025-06-12 20:05:00,11.7
2025-06-12 04:05:00,92.4
2025-06-12 14:06:00,41.9
2025-06-12 19:37:00,6.2
2025-06-12 04:45:00,61.3
2025-06-12 22:35:00,13.1
2025-06-12 10:04:00,75.4
2025-06-12 13:40:00,50.406503298774744
2025-06-12 17:10:00,33.8
2025-06-12 14:38:00,70.5
2025-06-12 19:07:00,50.406503298774744
2025-06-12 10:32:00,29.6
2025-06-12 03:23:00,31.5
2025-06-12 13:24:00,47.2
2025-06-12 09:25:00,50.406503298774744
2025-06-12 20:02:00,50.406503298774744
2025-06-12 04:25:00,16.6
2025-06-12 01:20:00,55.5
2025-06-12 01:54:00,70.5
2025-06-12 03:26:00,16.2
2025-06-12 02:29:00,80.8
2025-06-12 19:07:00,40.8
2025-06-12 06:06:00,36.7
2025-06-12 18:10:00,2.2
2025-06-12 00:54:00,56.0
2025-06-12 13:49:00,50.406503298774744
2025-06-12 04:18:00,50.406503298774744
2025-06-12 13:44:00,72.7
2025-06-12 19:28:00,56.1
2025-06-12 20:58:00,7.3
2025-06-12 06:40:00,20.3
2025-06-12 05:36:00,36.3
2025-06-12 10:55:00,79.9
2025-06-12 16:20:00,30.9
2025-06-12 09:19:00,94.5
2025-06-12 19:35:00,92.9
2025-06-12 23:58:00,49.4
2025-06-12 07:18:00,68.0
2025-06-12 22:31:00,59.9
2025-06-12 14:05:00,60.9
2025-06-12 13:12:00,5.4
2025-06-12 19:50:00,6.0
2025-06-12 21:52:00,67.5
2025-06-12 17:25:00,34.6
2025-06-12 09:14:00,25.7
2025-06-12 07:42:00,79.0
2025-06-12 10:16:00,73.4
2025-06-12 15:41:00,50.3160582227961
2025-06-12 03:59:00,8.5
2025-06-12 07:29:00,43.5
2025-06-12 13:20:00,50.3160582227961
2025-06-12 14:53:00,7.4
2025-06-12 00:13:00,29.6
2025-06-12 04:18:00,66.6
2025-06-12 06:24:00,66.4
2025-06-12 12:53:00,50.3160582227961
2025-06-12 00:39:00,50.3160582227961
2025-06-12 23:27:00,88.6
2025-06-12 09:14:00,50.3160582227961
2025-06-12 01:42:00,58.7
2025-06-12 00:25:00,69.6
2025-06-12 23:46:00,20.0
2025-06-12 20:35:00,93.4
2025-06-12 17:41:00,50.3160582227961
2025-06-12 12:51:00,26.9
2025-06-12 15:28:00,84.9
2025-06-12 08:56:00,50.3160582227961
2025-06-12 23:59:00,50.3160582227961
2025-06-12 12:06:00,73.1
2025-06-12 10:38:00,99.9
2025-06-12 10:27:00,22.6
2025-06-12 00:06:00,3.6
2025-06-12 05:57:00,25.9
2025-06-12 10:22:00,73.0
2025-06-12 09:07:00,74.9
2025-06-12 01:04:00,21.8
2025-06-12 19:39:00,96.3
2025-06-12 13:20:00,5.1
2025-06-12 08:03:00,89.9
2025-06-12 04:37:00,64.2
2025-06-12 20:16:00,15.3
2025-06-12 22:12:00,80.8
2025-06-12 18:50:00,86.8
2025-06-12 14:16:00,50.3160582227961
2025-06-12 06:33:00,28.7
2025-06-12 05:19:00,78.4
2025-06-12 13:24:00,50.3160582227961
2025-06-12 14:13:00,50.3160582227961
2025-06-12 21:00:00,51.4
2025-06-12 12:16:00,38.9
2025-06-12 16:54:00,55.7
2025-06-12 19:57:00,2.1
2025-06-12 06:52:00,50.3160582227961
2025-06-12 13:56:00,50.3160582227961
2025-06-12 19:02:00,3.0
2025-06-12 07:31:00,84.4
2025-06-12 12:22:00,4.9
2025-06-12 15:12:00,70.0
2025-06-12 00:14:00,15.2
2025-06-12 02:35:00,89.8
2025-06-12 20:44:00,33.9
2025-06-12 07:16:00,0.2
2025-06-12 21:05:00,48.2
2025-06-12 12:37:00,55.4
2025-06-12 08:32:00,50.3160582227961
2025-06-12 19:34:00,89.6
2025-06-12 14:22:00,87.6
2025-06-12 19:20:00,24.3
2025-06-12 01:49:00,34.8
2025-06-12 02:57:00,60.4
2025-06-12 07:02:00,97.0
2025-06-12 19:56:00,55.3
2025-06-12 21:19:00,99.4
2025-06-12 12:27:00,22.8
2025-06-12 18:57:00,50.3160582227961
2025-06-12 04:04:00,50.3160582227961
2025-06-12 15:13:00,71.8
2025-06-12 08:54:00,1.7
2025-06-12 00:43:00,2.3
2025-06-12 09:57:00,26.2
2025-06-12 06:54:00,16.9
2025-06-12 22:15:00,13.3
2025-06-12 00:55:00,0.2
2025-06-12 19:22:00,70.9
2025-06-12 06:20:00,47.2
2025-06-12 14:16:00,5.9
2025-06-12 07:52:00,66.9
2025-06-12 22:28:00,85.8
2025-06-12 16:13:00,92.1
2025-06-12 12:09:00,58.9
2025-06-12 21:24:00,99.9
2025-06-12 22:05:00,61.7
2025-06-12 07:55:00,25.1
2025-06-12 07:05:00,40.2
2025-06-12 15:36:00,75.9
2025-06-12 19:47:00,43.4
2025-06-12 00:32:00,96.8
2025-06-12 05:24:00,54.6
2025-06-12 04:43:00,42.5
2025-06-12 21:02:00,0.8
2025-06-12 20:53:00,65.0
2025-06-12 14:13:00,83.8
2025-06-12 01:11:00,65.2
2025-06-12 21:05:00,50.3160582227961
2025-06-12 11:40:00,21.6
2025-06-12 19:06:00,4.1
2025-06-12 10:28:00,46.1
2025-06-12 03:30:00,54.4
2025-06-12 17:55:00,27.9
2025-06-12 02:06:00,50.3160582227961
2025-06-12 19:29:00,50.3160582227961
2025-06-12 22:41:00,45.1
2025-06-12 10:15:00,31.2
2025-06-12 06:49:00,56.7
2025-06-12 01:23:00,70.7
2025-06-12 07:49:00,46.0
2025-06-12 01:58:00,48.0
2025-06-12 01:28:00,80.1
2025-06-12 14:35:00,50.3160582227961
2025-06-12 08:23:00,8.7
2025-06-12 13:11:00,19.6
2025-06-12 18:24:00,2.4
2025-06-12 02:26:00,44.1
2025-06-12 19:38:00,80.3
2025-06-12 15:30:00,50.3160582227961
2025-06-12 22:59:00,78.2
2025-06-12 03:57:00,31.2
2025-06-12 11:08:00,44.4
2025-06-12 21:57:00,20.5
2025-06-12 16:08:00,50.3160582227961
2025-06-12 15:54:00,77.6
2025-06-12 18:44:00,55.4
2025-06-12 20:56:00,85.6
2025-06-12 20:29:00,50.3160582227961
2025-06-12 14:44:00,19.7
2025-06-12 15:38:00,46.1
2025-06-12 20:15:00,88.0
2025-06-12 23:30:00,95.9
2025-06-12 00:28:00,50.3160582227961
2025-06-12 11:09:00,70.1
2025-06-12 04:45:00,98.5
2025-06-12 05:30:00,19.9
2025-06-12 20:07:00,95.0
2025-06-12 10:01:00,50.3160582227961
2025-06-12 16:55:00,50.3160582227961
2025-06-12 05:25:00,90.6
2025-06-12 17:11:00,7.8
2025-06-12 06:44:00,34.2
2025-06-12 23:48:00,1.2
2025-06-12 04:15:00,50.3160582227961
2025-06-12 06:14:00,58.2
2025-06-12 14:43:00,46.9
2025-06-12 11:43:00,50.3160582227961
2025-06-12 21:26:00,96.4
2025-06-12 02:19:00,68.6
2025-06-12 08:02:00,89.0
2025-06-12 09:32:00,51.9
2025-06-12 05:21:00,18.5
2025-06-12 00:13:00,80.6
2025-06-12 09:44:00,30.1
2025-06-12 20:39:00,98.6
2025-06-12 05:03:00,89.6
2025-06-12 22:14:00,16.2
2025-06-12 22:05:00,40.9
2025-06-12 20:21:00,2.2
2025-06-12 22:12:00,68.4
2025-06-12 19:05:00,96.1
2025-06-12 16:25:00,71.0
2025-06-12 02:42:00,92.1
2025-06-12 22:52:00,64.4
2025-06-12 03:53:00,7.1
2025-06-12 20:58:00,3.5
2025-06-12 21:48:00,32.4
2025-06-12 12:34:00,33.7
2025-06-12 19:25:00,3.9
2025-06-12 04:38:00,50.3160582227961
2025-06-12 17:09:00,7.9
2025-06-12 19:36:00,33.8
2025-06-12 13:48:00,26.4
2025-06-12 10:46:00,3.8
2025-06-12 13:58:00,45.7
2025-06-12 11:35:00,50.3160582227961
2025-06-12 05:50:00,41.6
2025-06-12 23:48:00,75.1
2025-06-12 06:07:00,50.3160582227961
2025-06-12 10:02:00,77.4
2025-06-12 10:47:00,50.3160582227961
2025-06-12 01:01:00,98.2
2025-06-12 12:30:00,20.0
2025-06-12 04:42:00,20.0
2025-06-12 21:23:00,50.3160582227961
2025-06-12 23:32:00,6.8
2025-06-12 09:35:00,98.2
2025-06-12 10:51:00,53.5
2025-06-12 23:15:00,11.1
2025-06-12 01:06:00,88.1
2025-06-12 10:07:00,16.6
2025-06-12 01:59:00,88.5
2025-06-12 18:34:00,89.8
2025-06-12 14:51:00,94.6
2025-06-12 15:55:00,66.5
2025-06-12 03:47:00,25.4
2025-06-12 16:16:00,63.1
2025-06-12 09:56:00,63.8
2025-06-12 14:37:00,32.3
2025-06-12 18:13:00,50.3160582227961
2025-06-12 17:15:00,88.2
2025-06-12 20:15:00,10.2
2025-06-12 03:31:00,39.9
2025-06-12 15:03:00,85.9
2025-06-12 20:27:00,93.6
2025-06-12 02:45:00,81.0
2025-06-12 20:13:00,18.5
2025-06-12 10:32:00,45.8
2025-06-12 12:24:00,47.1
2025-06-12 18:57:00,5.9
2025-06-12 04:11:00,55.7
2025-06-12 06:45:00,39.7
2025-06-12 20:05:00,88.6
2025-06-12 21:06:00,50.3160582227961
2025-06-12 23:56:00,11.8
2025-06-12 08:31:00,46.2
2025-06-12 13:29:00,25.1
2025-06-12 19:07:00,93.0
2025-06-12 10:22:00,50.3160582227961
2025-06-12 23:50:00,47.1
2025-06-12 08:13:00,71.6
2025-06-12 00:26:00,65.1
2025-06-12 06:13:00,96.8
2025-06-12 10:13:00,78.2
2025-06-12 01:27:00,27.9
2025-06-12 23:12:00,95.7
2025-06-12 02:28:00,3.0
2025-06-12 18:06:00,61.5
2025-06-12 14:46:00,8.7
2025-06-12 09:13:00,30.7
2025-06-12 05:25:00,4.4
2025-06-12 05:40:00,74.8
2025-06-12 04:54:00,27.7
2025-06-12 15:13:00,55.5
2025-06-12 20:48:00,37.1
2025-06-12 17:47:00,50.3
2025-06-12 12:08:00,73.4
2025-06-12 05:32:00,50.3160582227961
2025-06-12 11:21:00,62.7
2025-06-12 14:29:00,47.8
2025-06-12 00:12:00,78.8
2025-06-12 16:06:00,47.4
2025-06-12 08:22:00,39.7
2025-06-12 13:18:00,96.7
2025-06-12 03:09:00,52.4
2025-06-12 05:00:00,83.6
2025-06-12 17:44:00,70.1
2025-06-12 20:12:00,35.9
2025-06-12 04:00:00,28.0
2025-06-12 06:38:00,35.2
2025-06-12 07:15:00,5.6
2025-06-12 14:18:00,45.4
2025-06-12 08:28:00,83.2
2025-06-12 08:28:00,57.9
2025-06-12 12:17:00,13.9
2025-06-12 05:20:00,50.3160582227961
2025-06-12 04:35:00,35.9
2025-06-12 23:40:00,52.6
2025-06-12 08:52:00,38.8
2025-06-12 23:16:00,80.9
2025-06-12 14:10:00,27.4
2025-06-12 08:17:00,1.0
2025-06-12 09:37:00,56.9
2025-06-12 03:45:00,93.7
2025-06-12 05:30:00,50.3160582227961
2025-06-12 11:20:00,50.4
2025-06-12 12:29:00,18.0
2025-06-12 20:31:00,63.6
2025-06-12 05:39:00,91.6
2025-06-12 11:52:00,86.2
2025-06-12 20:11:00,50.3160582227961
2025-06-12 12:01:00,30.8
2025-06-12 01:21:00,82.3
2025-06-12 06:43:00,7.6
2025-06-12 03:46:00,86.8
2025-06-12 14:24:00,76.9
2025-06-12 03:11:00,49.3
2025-06-12 09:23:00,36.6
2025-06-12 02:48:00,78.9
2025-06-12 23:12:00,67.4
2025-06-12 21:55:00,77.3
2025-06-12 14:58:00,26.4
2025-06-12 21:04:00,14.0
2025-06-12 21:12:00,32.7
2025-06-12 21:08:00,47.1
2025-06-12 12:23:00,87.6
2025-06-12 14:07:00,67.4
2025-06-12 08:22:00,78.1
2025-06-12 05:48:00,51.6
2025-06-12 08:30:00,37.5
2025-06-12 20:25:00,86.7
2025-06-12 08:56:00,78.2
2025-06-12 23:55:00,86.7
2025-06-12 17:25:00,56.1
2025-06-12 14:08:00,33.4
2025-06-12 23:51:00,55.9
2025-06-12 04:55:00,56.3
2025-06-12 09:31:00,50.3160582227961
2025-06-12 03:08:00,64.5
2025-06-12 21:08:00,84.4
2025-06-12 02:55:00,50.3160582227961
2025-06-12 14:29:00,57.9
2025-06-12 15:56:00,88.5
2025-06-12 19:06:00,51.6
2025-06-12 04:53:00,89.1
2025-06-12 05:57:00,50.3160582227961
2025-06-12 10:13:00,83.9
2025-06-12 19:22:00,50.3160582227961
2025-06-12 10:03:00,40.1
2025-06-12 00:50:00,30.8
2025-06-12 18:11:00,36.4
2025-06-12 06:59:00,42.5
2025-06-12 15:50:00,27.1
2025-06-12 22:17:00,1.0
2025-06-12 12:52:00,74.5
2025-06-12 08:44:00,24.8
2025-06-12 06:44:00,13.8
2025-06-12 09:10:00,99.6
2025-06-12 22:44:00,83.7
2025-06-12 20:56:00,77.9
2025-06-12 14:03:00,72.5
2025-06-12 06:16:00,89.5
2025-06-12 16:27:00,35.7
2025-06-12 08:04:00,21.1
2025-06-12 13:24:00,78.2
2025-06-12 17:41:00,53.7
2025-06-12 17:13:00,78.2
2025-06-12 11:37:00,42.7
2025-06-12 09:53:00,92.3
2025-06-12 18:22:00,20.3
2025-06-12 05:45:00,16.9
2025-06-12 03:49:00,24.1
2025-06-12 18:26:00,35.0
2025-06-12 16:40:00,86.6
2025-06-12 04:00:00,19.1
2025-06-12 21:47:00,75.7
2025-06-12 06:00:00,33.4
2025-06-12 13:41:00,37.7
2025-06-12 18:57:00,23.1
2025-06-12 10:59:00,60.8
2025-06-12 09:11:00,82.2
2025-06-12 16:37:00,53.3
2025-06-12 10:44:00,50.04954009433962
2025-06-12 20:33:00,4.3
2025-06-12 14:43:00,87.4
2025-06-12 16:58:00,5.8
2025-06-12 22:16:00,97.1
2025-06-12 16:48:00,27.4
2025-06-12 16:26:00,21.3
2025-06-12 19:28:00,94.4
2025-06-12 22:59:00,27.4
2025-06-12 14:48:00,50.04954009433962
2025-06-12 03:55:00,11.9
2025-06-12 05:50:00,96.8
2025-06-12 05:15:00,75.6
2025-06-12 07:15:00,82.4
2025-06-12 03:34:00,36.3
2025-06-12 23:07:00,76.4
2025-06-12 22:57:00,30.2
2025-06-12 08:41:00,72.7
2025-06-12 09:52:00,76.6
2025-06-12 09:47:00,50.04954009433962
2025-06-12 02:03:00,94.3
2025-06-12 01:07:00,24.7
2025-06-12 23:05:00,94.6
2025-06-12 23:49:00,75.5
2025-06-12 07:43:00,4.4
2025-06-12 13:28:00,96.8
2025-06-12 01:57:00,50.04954009433962
2025-06-12 08:41:00,8.4
2025-06-12 04:20:00,74.1
2025-06-12 10:01:00,69.7
2025-06-12 14:40:00,14.5
2025-06-12 13:50:00,5.1
2025-06-12 02:09:00,31.9
2025-06-12 15:41:00,15.4
2025-06-12 07:17:00,79.9
2025-06-12 18:11:00,33.9
2025-06-12 18:03:00,49.9
2025-06-12 06:13:00,60.5
2025-06-12 21:53:00,98.9
2025-06-12 18:04:00,42.1
2025-06-12 17:46:00,24.2
2025-06-12 15:55:00,50.04954009433962
2025-06-12 11:16:00,10.6
2025-06-12 02:22:00,61.5
2025-06-12 01:43:00,19.2
2025-06-12 15:38:00,50.04954009433962
2025-06-12 22:27:00,10.3
2025-06-12 17:48:00,66.7
2025-06-12 15:58:00,20.5
2025-06-12 08:07:00,58.6
2025-06-12 09:27:00,14.6
2025-06-12 07:18:00,47.1
2025-06-12 22:35:00,34.0
2025-06-12 14:51:00,79.6
2025-06-12 12:54:00,2.5
2025-06-12 05:50:00,50.04954009433962
2025-06-12 05:30:00,15.8
2025-06-12 15:00:00,68.9
2025-06-12 08:24:00,50.04954009433962
2025-06-12 05:06:00,33.7
2025-06-12 02:42:00,67.1
2025-06-12 03:41:00,50.04954009433962
2025-06-12 03:52:00,38.9
2025-06-12 04:28:00,50.04954009433962
2025-06-12 16:45:00,89.1
2025-06-12 12:21:00,4.9
2025-06-12 05:59:00,97.3
2025-06-12 23:31:00,50.04954009433962
2025-06-12 20:52:00,78.0
2025-06-12 03:47:00,78.2
2025-06-12 04:13:00,90.9
2025-06-12 03:56:00,31.2
2025-06-12 13:43:00,40.6
2025-06-12 12:04:00,45.8
2025-06-12 23:55:00,91.2
2025-06-12 20:04:00,45.1
2025-06-12 07:34:00,92.5
2025-06-12 06:01:00,88.5
2025-06-12 12:03:00,50.04954009433962
2025-06-12 12:21:00,54.8
2025-06-12 21:13:00,16.7
2025-06-12 01:55:00,22.6
2025-06-12 14:19:00,49.0
2025-06-12 05:55:00,54.0
2025-06-12 14:24:00,77.3
2025-06-12 14:31:00,80.7
2025-06-12 16:44:00,55.1
2025-06-12 14:48:00,49.3
2025-06-12 04:10:00,50.04954009433962
2025-06-12 03:56:00,52.4
2025-06-12 19:58:00,53.7
2025-06-12 10:09:00,61.7
2025-06-12 14:08:00,35.6
2025-06-12 22:08:00,55.7
2025-06-12 08:45:00,0.4
2025-06-12 00:46:00,50.6
2025-06-12 22:27:00,42.3
2025-06-12 14:05:00,19.1
2025-06-12 07:31:00,96.9
2025-06-12 23:16:00,82.4
2025-06-12 22:12:00,66.5
2025-06-12 11:03:00,8.0
2025-06-12 05:03:00,98.1
2025-06-12 13:11:00,90.1
2025-06-12 23:20:00,58.1
2025-06-12 00:37:00,9.7
2025-06-12 06:11:00,1.9
2025-06-12 07:14:00,53.5
2025-06-12 01:34:00,94.6
2025-06-12 02:46:00,18.7
2025-06-12 02:36:00,50.04954009433962
2025-06-12 01:46:00,98.5
2025-06-12 10:25:00,50.04954009433962
2025-06-12 04:37:00,36.0
2025-06-12 00:43:00,42.3
2025-06-12 02:14:00,12.5
2025-06-12 00:02:00,29.4
2025-06-12 08:09:00,50.04954009433962
2025-06-12 17:52:00,78.9
2025-06-12 07:56:00,94.3
2025-06-12 00:24:00,86.3
2025-06-12 05:28:00,50.04954009433962
2025-06-12 03:33:00,32.5
2025-06-12 06:04:00,50.04954009433962
2025-06-12 01:20:00,50.04954009433962
2025-06-12 19:55:00,91.7
2025-06-12 13:34:00,38.9
2025-06-12 20:20:00,31.9
2025-06-12 05:17:00,58.6
2025-06-12 07:43:00,50.1
2025-06-12 05:23:00,35.6
2025-06-12 09:30:00,86.7
2025-06-12 16:06:00,1.8
2025-06-12 19:49:00,96.6
2025-06-12 10:23:00,32.5
2025-06-12 11:26:00,77.2
2025-06-12 08:36:00,80.8
2025-06-12 00:31:00,34.6
2025-06-12 23:12:00,47.3
2025-06-12 21:12:00,21.7
2025-06-12 12:53:00,31.7
2025-06-12 08:29:00,24.5
2025-06-12 17:09:00,2.2
2025-06-12 19:21:00,87.5
2025-06-12 01:32:00,19.5
2025-06-12 10:47:00,52.5
2025-06-12 02:38:00,72.3
2025-06-12 23:30:00,9.4
2025-06-12 03:08:00,40.9
2025-06-12 11:06:00,89.6
2025-06-12 16:39:00,34.1
2025-06-12 09:06:00,67.4
2025-06-12 21:50:00,98.2
2025-06-12 03:45:00,60.7
2025-06-12 18:20:00,75.4
2025-06-12 00:41:00,42.8
2025-06-12 07:03:00,56.5
2025-06-12 18:17:00,54.1
2025-06-12 15:40:00,44.0
2025-06-12 07:31:00,84.0
2025-06-12 06:45:00,46.7
2025-06-12 17:59:00,96.2
2025-06-12 01:25:00,97.2
2025-06-12 08:00:00,17.9
2025-06-12 22:51:00,50.04954009433962
2025-06-12 09:40:00,9.7
2025-06-12 21:10:00,97.1
2025-06-12 20:41:00,60.7
2025-06-12 15:11:00,6.4
2025-06-12 22:30:00,58.8
2025-06-12 13:09:00,82.5
2025-06-12 21:44:00,59.0
2025-06-12 04:52:00,70.9
2025-06-12 00:41:00,99.7
2025-06-12 00:48:00,25.1
2025-06-12 07:14:00,46.4
2025-06-12 13:29:00,65.3
2025-06-12 09:16:00,82.7
2025-06-12 12:16:00,21.9
2025-06-12 20:36:00,50.04954009433962
2025-06-12 06:39:00,69.4
2025-06-12 07:48:00,6.6
2025-06-12 15:36:00,91.8
2025-06-12 07:31:00,50.04954009433962
2025-06-12 20:24:00,97.5
2025-06-12 20:18:00,56.4
2025-06-12 04:56:00,80.2
2025-06-12 07:10:00,50.04954009433962
2025-06-12 23:19:00,25.1
2025-06-12 09:58:00,68.1
2025-06-12 07:33:00,36.1
2025-06-12 02:40:00,0.1
2025-06-12 21:42:00,50.04954009433962
2025-06-12 03:48:00,48.5
2025-06-12 10:45:00,32.0
2025-06-12 16:01:00,76.3
2025-06-12 10:15:00,26.1
2025-06-12 11:42:00,98.9
2025-06-12 04:39:00,44.8
2025-06-12 14:03:00,35.9
2025-06-12 03:56:00,50.04954009433962
2025-06-12 11:34:00,15.6
2025-06-12 15:49:00,20.7
2025-06-12 11:34:00,73.2
2025-06-12 23:22:00,50.04954009433962
2025-06-12 19:54:00,50.04954009433962
2025-06-12 08:02:00,64.4
2025-06-12 08:04:00,34.9
2025-06-12 05:20:00,86.0
2025-06-12 17:09:00,50.04954009433962
2025-06-12 09:07:00,19.5
2025-06-12 06:17:00,33.9
2025-06-12 00:15:00,57.7
2025-06-12 21:13:00,8.4
2025-06-12 12:20:00,85.6
2025-06-12 00:14:00,50.04954009433962
2025-06-12 21:19:00,58.4
2025-06-12 17:45:00,50.04954009433962
2025-06-12 21:48:00,31.0
2025-06-12 06:55:00,59.8
2025-06-12 05:28:00,54.9
2025-06-12 06:51:00,57.6
2025-06-12 12:49:00,9.8
2025-06-12 22:57:00,91.0
2025-06-12 07:02:00,65.7
2025-06-12 21:06:00,50.04954009433962
2025-06-12 07:26:00,7.1
2025-06-12 14:37:00,42.6
2025-06-12 09:02:00,84.9
2025-06-12 18:45:00,41.3
2025-06-12 11:54:00,36.1
2025-06-12 10:20:00,77.8
2025-06-12 07:59:00,20.1
2025-06-12 14:42:00,76.4
2025-06-12 07:06:00,34.4
2025-06-12 02:53:00,30.8
2025-06-12 15:07:00,97.5
2025-06-12 04:00:00,82.2
2025-06-12 03:25:00,41.4
2025-06-12 17:48:00,62.5
2025-06-12 09:29:00,83.0
2025-06-12 14:36:00,59.0
2025-06-12 20:09:00,46.4
2025-06-12 22:47:00,18.5
2025-06-12 10:13:00,85.3
2025-06-12 00:53:00,74.8
2025-06-12 18:59:00,42.8
2025-06-12 23:44:00,50.04954009433962
2025-06-12 14:27:00,34.9
2025-06-12 15:24:00,61.7
2025-06-12 15:47:00,50.04954009433962
2025-06-12 16:15:00,61.9
2025-06-12 07:27:00,50.04954009433962
2025-06-12 06:18:00,5.2
2025-06-12 19:41:00,2.4
2025-06-12 07:20:00,30.6
2025-06-12 16:48:00,95.2
2025-06-12 09:28:00,26.9
2025-06-12 05:47:00,50.04954009433962
2025-06-12 13:41:00,2.2
2025-06-12 21:47:00,11.8
2025-06-12 14:23:00,21.3
2025-06-12 06:05:00,32.6
2025-06-12 19:57:00,51.6
2025-06-12 21:51:00,50.04954009433962
2025-06-12 09:05:00,11.0
2025-06-12 08:50:00,50.04954009433962
2025-06-12 02:12:00,39.7
2025-06-12 19:55:00,57.0
2025-06-12 20:58:00,27.4
2025-06-12 19:39:00,26.6
2025-06-12 15:14:00,50.04954009433962
2025-06-12 21:51:00,32.2
2025-06-12 10:02:00,31.8
2025-06-12 05:20:00,7.9
2025-06-12 20:16:00,77.4
2025-06-12 06:39:00,31.1
2025-06-12 02:03:00,18.4
2025-06-12 21:29:00,47.8
2025-06-12 21:37:00,2.1
2025-06-12 03:34:00,28.2
2025-06-12 19:51:00,8.2
2025-06-12 18:29:00,50.04954009433962
2025-06-12 14:30:00,67.7
2025-06-12 03:09:00,20.1
2025-06-12 20:34:00,16.2
2025-06-12 13:42:00,50.04954009433962
2025-06-12 04:22:00,60.6
2025-06-12 03:37:00,54.5
2025-06-12 20:43:00,0.6
2025-06-12 23:42:00,77.6
2025-06-12 19:29:00,50.04954009433962
2025-06-12 00:00:00,26.5
2025-06-12 17:40:00,31.6
2025-06-12 13:35:00,88.8
2025-06-12 20:33:00,17.7
2025-06-12 08:42:00,55.6
2025-06-12 15:36:00,65.8
2025-06-12 16:17:00,73.7
2025-06-12 02:28:00,35.8
2025-06-12 15:53:00,25.5
2025-06-12 00:52:00,23.6
2025-06-12 21:28:00,50.04954009433962
2025-06-12 00:21:00,48.8
2025-06-12 18:15:00,77.7
2025-06-12 08:59:00,78.4
2025-06-12 20:11:00,92.2
2025-06-12 22:15:00,26.9
2025-06-12 01:26:00,85.2
2025-06-12 02:43:00,61.3
2025-06-12 19:58:00,32.9
2025-06-12 19:52:00,6.6
2025-06-12 20:14:00,1.5
2025-06-12 18:40:00,76.0
2025-06-12 01:44:00,7.7
2025-06-12 09:13:00,50.04954009433962
2025-06-12 02:08:00,27.8
2025-06-12 09:48:00,27.2
2025-06-12 20:41:00,4.9
2025-06-12 19:43:00,50.04954009433962
2025-06-12 14:17:00,36.2
2025-06-12 20:20:00,50.04954009433962
2025-06-12 09:02:00,73.9
2025-06-12 04:17:00,4.4
2025-06-12 16:03:00,77.4
2025-06-12 01:18:00,50.06682414078186
2025-06-12 10:44:00,93.5
2025-06-12 10:01:00,20.7
2025-06-12 03:10:00,90.9
2025-06-12 06:40:00,46.4
2025-06-12 21:08:00,68.0
2025-06-12 03:50:00,9.8
2025-06-12 11:39:00,41.7
2025-06-12 02:01:00,50.06682414078186
2025-06-12 07:32:00,72.5
2025-06-12 21:02:00,82.0
2025-06-12 21:29:00,29.5
2025-06-12 07:59:00,61.1
2025-06-12 13:14:00,95.4
2025-06-12 00:30:00,91.8
2025-06-12 15:36:00,50.06682414078186
2025-06-12 02:49:00,50.06682414078186
2025-06-12 02:15:00,12.3
2025-06-12 05:33:00,62.3
2025-06-12 08:36:00,13.4
2025-06-12 19:30:00,22.7
2025-06-12 08:10:00,79.4
2025-06-12 19:32:00,36.6
2025-06-12 22:28:00,66.8
2025-06-12 12:37:00,25.1
2025-06-12 05:14:00,3.4
2025-06-12 14:45:00,50.06682414078186
2025-06-12 11:33:00,87.2
2025-06-12 15:31:00,76.2
2025-06-12 18:02:00,80.2
2025-06-12 04:15:00,35.9
2025-06-12 20:12:00,50.06682414078186
2025-06-12 00:00:00,15.8
2025-06-12 20:37:00,12.0
2025-06-12 04:34:00,94.6
2025-06-12 07:08:00,70.5
2025-06-12 05:51:00,33.0
2025-06-12 08:04:00,80.7
2025-06-12 11:31:00,10.2
2025-06-12 05:53:00,84.7
2025-06-12 07:25:00,40.0
2025-06-12 21:43:00,89.6
2025-06-12 16:00:00,51.9
2025-06-12 01:27:00,64.0
2025-06-12 22:31:00,16.2
2025-06-12 13:15:00,25.7
2025-06-12 14:25:00,82.4
2025-06-12 22:41:00,50.06682414078186
2025-06-12 03:08:00,40.0
2025-06-12 11:34:00,22.4
2025-06-12 06:35:00,62.9
2025-06-12 00:47:00,50.6
2025-06-12 19:58:00,92.1
2025-06-12 14:28:00,68.6
2025-06-12 13:42:00,52.8
2025-06-12 07:15:00,7.5
2025-06-12 19:24:00,82.0
2025-06-12 04:14:00,7.3
2025-06-12 20:08:00,19.9
2025-06-12 19:14:00,48.1
2025-06-12 22:41:00,28.5
2025-06-12 18:52:00,15.6
2025-06-12 02:14:00,95.6
2025-06-12 15:55:00,92.8
2025-06-12 16:39:00,50.06682414078186
2025-06-12 00:01:00,50.06682414078186
2025-06-12 01:06:00,52.7
2025-06-12 03:54:00,38.2
2025-06-12 16:28:00,50.06682414078186
2025-06-12 17:02:00,90.1
2025-06-12 01:51:00,75.5
2025-06-12 13:17:00,39.3
2025-06-12 10:47:00,50.06682414078186
2025-06-12 00:36:00,50.06682414078186
2025-06-12 12:22:00,69.8
2025-06-12 02:58:00,70.2
2025-06-12 01:31:00,19.9
2025-06-12 00:04:00,52.2
2025-06-12 21:07:00,27.8
2025-06-12 09:43:00,79.1
2025-06-12 03:10:00,50.06682414078186
2025-06-12 22:26:00,71.5
2025-06-12 14:09:00,4.0
2025-06-12 20:12:00,93.6
2025-06-12 20:35:00,41.4
2025-06-12 20:26:00,50.06682414078186
2025-06-12 06:45:00,7.2
2025-06-12 05:36:00,18.6
2025-06-12 20:54:00,64.1
2025-06-12 18:55:00,50.2
2025-06-12 00:39:00,15.0
2025-06-12 04:09:00,89.9
2025-06-12 13:56:00,69.5
2025-06-12 12:22:00,44.0
2025-06-12 13:58:00,95.0
2025-06-12 05:42:00,1.2
2025-06-12 13:53:00,46.3
2025-06-12 16:16:00,50.06682414078186
2025-06-12 15:16:00,97.5
2025-06-12 09:38:00,70.5
2025-06-12 10:13:00,10.7
2025-06-12 15:04:00,22.3
2025-06-12 14:17:00,97.4
2025-06-12 08:09:00,70.9
2025-06-12 09:32:00,50.06682414078186
2025-06-12 13:26:00,98.9
2025-06-12 12:50:00,9.8
2025-06-12 04:10:00,22.4
2025-06-12 06:26:00,26.7
2025-06-12 13:32:00,77.9
2025-06-12 00:38:00,1.9
2025-06-12 06:35:00,2.2
2025-06-12 06:18:00,50.06682414078186
2025-06-12 11:30:00,14.1
2025-06-12 19:35:00,47.7
2025-06-12 08:27:00,87.0
2025-06-12 23:30:00,12.9
2025-06-12 07:13:00,7.0
2025-06-12 07:32:00,82.3
2025-06-12 19:17:00,12.1
2025-06-12 03:58:00,64.3
2025-06-12 06:41:00,50.06682414078186
2025-06-12 10:19:00,74.1
2025-06-12 19:47:00,43.5
2025-06-12 11:36:00,47.9
2025-06-12 14:47:00,92.5
2025-06-12 12:22:00,22.6
2025-06-12 11:56:00,80.3
2025-06-12 10:36:00,67.8
2025-06-12 06:33:00,99.1
2025-06-12 16:25:00,10.9
2025-06-12 09:57:00,40.2
2025-06-12 08:20:00,99.3
2025-06-12 01:05:00,19.1
2025-06-12 19:14:00,26.5
2025-06-12 06:15:00,24.9
2025-06-12 16:57:00,31.4
2025-06-12 20:39:00,57.7
2025-06-12 14:44:00,84.5
2025-06-12 07:34:00,50.06682414078186
2025-06-12 02:33:00,76.8
2025-06-12 06:47:00,80.4
2025-06-12 23:49:00,57.5
2025-06-12 22:57:00,50.06682414078186
2025-06-12 22:46:00,39.8
2025-06-12 07:01:00,35.1
2025-06-12 00:24:00,17.8
2025-06-12 12:29:00,63.7
2025-06-12 03:03:00,46.6
2025-06-12 06:29:00,47.9
2025-06-12 10:16:00,22.9
2025-06-12 11:53:00,30.7
2025-06-12 17:03:00,29.8
2025-06-12 06:25:00,88.6
2025-06-12 16:10:00,21.2
2025-06-12 22:55:00,2.5
2025-06-12 07:14:00,43.3
2025-06-12 18:04:00,50.06682414078186
2025-06-12 13:32:00,28.4
2025-06-12 00:31:00,50.06682414078186
2025-06-12 06:32:00,96.3
2025-06-12 00:49:00,50.3
2025-06-12 15:59:00,50.06682414078186
2025-06-12 10:13:00,49.7
2025-06-12 22:06:00,10.5
2025-06-12 13:50:00,30.9
2025-06-12 07:14:00,85.4
2025-06-12 22:57:00,19.0
2025-06-12 04:44:00,6.4
2025-06-12 05:31:00,87.1
2025-06-12 08:58:00,9.9
2025-06-12 03:36:00,70.9
2025-06-12 00:39:00,16.5
2025-06-12 10:42:00,19.6
2025-06-12 09:38:00,50.06682414078186
2025-06-12 17:39:00,96.0
2025-06-12 02:56:00,89.2
2025-06-12 02:10:00,92.6
2025-06-12 17:58:00,14.1
2025-06-12 19:12:00,35.1
2025-06-12 05:53:00,43.0
2025-06-12 03:38:00,60.8
2025-06-12 08:07:00,52.7
2025-06-12 10:13:00,3.6
2025-06-12 13:31:00,78.4
2025-06-12 01:12:00,50.06682414078186
2025-06-12 05:46:00,50.06682414078186
2025-06-12 19:41:00,88.2
2025-06-12 02:40:00,64.7
2025-06-12 01:36:00,30.1
2025-06-12 12:00:00,80.3
2025-06-12 15:44:00,38.8
2025-06-12 03:42:00,28.7
2025-06-12 16:32:00,54.9
2025-06-12 01:46:00,79.1
2025-06-12 18:22:00,5.3
2025-06-12 08:27:00,78.6
2025-06-12 13:30:00,50.06682414078186
2025-06-12 00:35:00,9.2
2025-06-12 00:08:00,64.2
2025-06-12 11:36:00,11.5
2025-06-12 18:14:00,87.3
2025-06-12 01:24:00,39.0
2025-06-12 21:56:00,21.4
2025-06-12 16:59:00,5.0
2025-06-12 20:15:00,6.0
2025-06-12 03:45:00,86.8
2025-06-12 05:32:00,82.9
2025-06-12 11:14:00,27.1
2025-06-12 07:18:00,72.1
2025-06-12 18:46:00,41.7
2025-06-12 23:03:00,47.5
2025-06-12 22:31:00,29.7
2025-06-12 22:18:00,11.9
2025-06-12 12:18:00,50.0
2025-06-12 13:24:00,48.6
2025-06-12 10:39:00,32.4
2025-06-12 06:17:00,71.4
2025-06-12 18:12:00,60.5
2025-06-12 05:10:00,41.8
2025-06-12 00:16:00,4.4
2025-06-12 21:11:00,79.9
2025-06-12 06:08:00,38.7
2025-06-12 00:23:00,93.2
2025-06-12 22:37:00,5.3
2025-06-12 13:29:00,98.2
2025-06-12 15:09:00,92.0
2025-06-12 07:56:00,93.2
2025-06-12 17:45:00,52.9
2025-06-12 10:34:00,65.7
2025-06-12 13:50:00,54.8
2025-06-12 08:45:00,68.9
2025-06-12 20:44:00,14.3
2025-06-12 18:55:00,96.3
2025-06-12 16:54:00,50.06682414078186
2025-06-12 22:47:00,31.8
2025-06-12 09:46:00,50.06682414078186
2025-06-12 04:38:00,84.9
2025-06-12 11:06:00,71.0
2025-06-12 12:32:00,50.06682414078186
2025-06-12 04:44:00,48.2
2025-06-12 16:42:00,78.7
2025-06-12 02:37:00,8.1
2025-06-12 03:21:00,50.06682414078186
2025-06-12 22:46:00,72.3
2025-06-12 01:13:00,58.0
2025-06-12 03:18:00,41.1
2025-06-12 03:29:00,50.06682414078186
2025-06-12 16:45:00,30.3
2025-06-12 05:14:00,50.06682414078186
2025-06-12 00:55:00,29.8
2025-06-12 02:17:00,47.9
2025-06-12 15:30:00,41.1
2025-06-12 15:22:00,50.06682414078186
2025-06-12 13:26:00,56.0
2025-06-12 03:26:00,98.4
2025-06-12 23:29:00,64.6
2025-06-12 19:59:00,50.06682414078186
2025-06-12 09:20:00,77.4
2025-06-12 11:41:00,50.06682414078186
2025-06-12 21:57:00,71.5
2025-06-12 17:17:00,71.9
2025-06-12 11:36:00,17.8
2025-06-12 09:32:00,54.2
2025-06-12 03:50:00,64.5
2025-06-12 10:44:00,34.6
2025-06-12 07:06:00,28.9
2025-06-12 06:20:00,59.4
2025-06-12 15:22:00,50.06682414078186
2025-06-12 14:37:00,50.06682414078186
2025-06-12 08:13:00,21.4
2025-06-12 23:27:00,52.3
2025-06-12 04:47:00,55.9
2025-06-12 00:59:00,92.5
2025-06-12 22:54:00,13.8
2025-06-12 12:35:00,98.9
2025-06-12 21:05:00,50.06682414078186
2025-06-12 10:44:00,8.0
2025-06-12 03:02:00,11.7
2025-06-12 18:27:00,40.1
2025-06-12 18:33:00,56.6
2025-06-12 14:18:00,50.06682414078186
2025-06-12 08:47:00,42.7
2025-06-12 06:51:00,17.1
2025-06-12 15:40:00,81.0
2025-06-12 12:48:00,40.2
2025-06-12 00:46:00,21.1
2025-06-12 04:41:00,90.1
2025-06-12 05:53:00,69.6
2025-06-12 04:48:00,78.9
2025-06-12 03:04:00,60.0
2025-06-12 20:01:00,54.6
2025-06-12 22:05:00,43.9
2025-06-12 05:04:00,4.4
2025-06-12 02:02:00,42.9
2025-06-12 11:35:00,51.6
2025-06-12 08:21:00,32.3
2025-06-12 04:13:00,81.7
2025-06-12 23:41:00,14.0
2025-06-12 18:56:00,72.1
2025-06-12 08:11:00,13.5
2025-06-12 15:54:00,64.7
2025-06-12 14:14:00,52.8
2025-06-12 07:34:00,92.4
2025-06-12 18:40:00,90.8
2025-06-12 21:40:00,76.2
2025-06-12 07:40:00,27.3
2025-06-12 09:25:00,99.6
2025-06-12 00:43:00,95.1
2025-06-12 19:52:00,50.06682414078186
2025-06-12 23:42:00,26.8
2025-06-12 20:20:00,20.0
2025-06-12 09:58:00,4.2
2025-06-12 10:43:00,63.8
2025-06-12 07:06:00,22.2
2025-06-12 03:52:00,55.9
2025-06-12 11:02:00,53.7
2025-06-12 15:55:00,40.7
2025-06-12 00:41:00,40.7
2025-06-12 01:17:00,49.6
2025-06-12 06:43:00,30.2
2025-06-12 09:26:00,1.7
2025-06-12 16:19:00,50.06682414078186
2025-06-12 18:54:00,17.8
2025-06-12 06:31:00,92.7
2025-06-12 21:54:00,85.2
2025-06-12 04:04:00,54.2
2025-06-12 04:09:00,35.0
2025-06-12 07:50:00,23.4
2025-06-12 14:53:00,16.9
2025-06-12 20:30:00,69.2
2025-06-12 03:20:00,49.378098152289034
2025-06-12 15:04:00,39.7
2025-06-12 18:04:00,94.1
2025-06-12 20:58:00,39.6
2025-06-12 12:59:00,45.6
2025-06-12 06:58:00,49.378098152289034
2025-06-12 02:53:00,37.0
2025-06-12 04:42:00,49.378098152289034
2025-06-12 14:16:00,35.5
2025-06-12 10:29:00,49.378098152289034
2025-06-12 01:10:00,41.1
2025-06-12 20:37:00,31.6
2025-06-12 06:11:00,4.2
2025-06-12 21:32:00,39.7
2025-06-12 03:28:00,49.378098152289034
2025-06-12 15:14:00,49.378098152289034
2025-06-12 19:29:00,88.0
2025-06-12 02:59:00,4.3
2025-06-12 15:09:00,49.378098152289034
2025-06-12 20:12:00,81.5
2025-06-12 08:58:00,74.0
2025-06-12 23:24:00,36.6
2025-06-12 23:16:00,49.378098152289034
2025-06-12 20:06:00,46.4
2025-06-12 19:22:00,7.9
2025-06-12 17:20:00,83.8
2025-06-12 05:24:00,38.0
2025-06-12 08:16:00,82.7
2025-06-12 15:18:00,7.0
2025-06-12 09:23:00,21.9
2025-06-12 03:01:00,17.2
2025-06-12 19:00:00,49.378098152289034
2025-06-12 06:27:00,98.9
2025-06-12 02:53:00,95.7
2025-06-12 17:30:00,49.378098152289034
2025-06-12 05:08:00,76.9
2025-06-12 18:13:00,75.0
2025-06-12 04:11:00,49.378098152289034
2025-06-12 11:29:00,18.1
2025-06-12 15:47:00,49.378098152289034
2025-06-12 22:21:00,49.378098152289034
2025-06-12 21:19:00,13.5
2025-06-12 18:54:00,49.378098152289034
2025-06-12 06:19:00,49.378098152289034
2025-06-12 20:29:00,41.3
2025-06-12 03:29:00,53.3
2025-06-12 17:45:00,15.7
2025-06-12 15:22:00,47.6
2025-06-12 03:40:00,23.7
2025-06-12 05:52:00,91.0
2025-06-12 23:52:00,49.378098152289034
2025-06-12 22:16:00,48.7
2025-06-12 08:44:00,74.6
2025-06-12 08:09:00,42.4
2025-06-12 13:03:00,49.378098152289034
2025-06-12 18:23:00,83.3
2025-06-12 22:22:00,49.378098152289034
2025-06-12 20:55:00,49.378098152289034
2025-06-12 18:05:00,18.0
2025-06-12 03:39:00,3.7
2025-06-12 04:15:00,95.9
2025-06-12 08:54:00,43.2
2025-06-12 09:48:00,64.9
2025-06-12 11:35:00,52.2
2025-06-12 07:35:00,79.2
2025-06-12 03:32:00,2.7
2025-06-12 09:18:00,49.378098152289034
2025-06-12 18:40:00,49.378098152289034
2025-06-12 17:03:00,49.378098152289034
2025-06-12 07:36:00,7.4
2025-06-12 04:03:00,81.7
2025-06-12 22:47:00,49.378098152289034
2025-06-12 21:15:00,49.378098152289034
2025-06-12 09:28:00,67.3
2025-06-12 21:24:00,95.8
2025-06-12 00:08:00,62.2
2025-06-12 12:41:00,56.5
2025-06-12 18:59:00,43.8
2025-06-12 01:46:00,62.6
2025-06-12 08:11:00,53.4
2025-06-12 11:26:00,55.8
2025-06-12 10:33:00,33.6
2025-06-12 14:06:00,62.3
2025-06-12 15:31:00,1.1
2025-06-12 14:40:00,45.3
2025-06-12 07:31:00,75.4
2025-06-12 00:20:00,97.3
2025-06-12 03:46:00,85.3
2025-06-12 21:58:00,49.378098152289034
2025-06-12 23:34:00,84.5
2025-06-12 05:15:00,49.378098152289034
2025-06-12 13:53:00,49.378098152289034
2025-06-12 08:51:00,57.7
2025-06-12 04:18:00,49.378098152289034
2025-06-12 16:56:00,49.378098152289034
2025-06-12 21:06:00,68.3
2025-06-12 11:02:00,83.3
2025-06-12 17:59:00,36.4
2025-06-12 23:04:00,8.9
2025-06-12 06:04:00,65.7
2025-06-12 13:49:00,49.378098152289034
2025-06-12 21:09:00,21.1
2025-06-12 21:26:00,62.3
2025-06-12 06:01:00,49.378098152289034
2025-06-12 08:04:00,52.0
2025-06-12 08:36:00,83.4
2025-06-12 05:22:00,22.1
2025-06-12 07:40:00,49.378098152289034
2025-06-12 14:17:00,99.9
2025-06-12 09:59:00,61.9
2025-06-12 03:13:00,38.2
2025-06-12 09:31:00,9.3
2025-06-12 00:24:00,82.5
2025-06-12 04:02:00,75.8
2025-06-12 13:56:00,81.9
2025-06-12 14:13:00,30.7
2025-06-12 19:19:00,17.1
2025-06-12 16:28:00,51.4
2025-06-12 08:34:00,78.3
2025-06-12 05:22:00,37.4
2025-06-12 22:05:00,26.7
2025-06-12 20:08:00,59.8
2025-06-12 14:27:00,75.4
2025-06-12 09:51:00,43.6
2025-06-12 14:52:00,71.3
2025-06-12 20:03:00,49.378098152289034
2025-06-12 23:30:00,71.1
2025-06-12 13:14:00,54.8
2025-06-12 23:04:00,20.8
2025-06-12 00:22:00,23.9
2025-06-12 20:53:00,41.2
2025-06-12 10:43:00,49.378098152289034
2025-06-12 03:39:00,80.2
2025-06-12 22:46:00,18.5
2025-06-12 15:56:00,49.378098152289034
2025-06-12 05:09:00,56.6
2025-06-12 11:36:00,22.3
2025-06-12 23:36:00,37.5
2025-06-12 18:33:00,65.2
2025-06-12 18:35:00,49.378098152289034
2025-06-12 18:04:00,44.0
2025-06-12 22:52:00,90.3
2025-06-12 16:58:00,79.3
2025-06-12 23:27:00,5.1
2025-06-12 14:26:00,68.3
2025-06-12 14:43:00,71.9
2025-06-12 02:49:00,60.0
2025-06-12 00:48:00,83.5
2025-06-12 23:22:00,48.0
2025-06-12 06:21:00,93.8
2025-06-12 10:57:00,45.0
2025-06-12 00:57:00,93.3
2025-06-12 16:21:00,29.0
2025-06-12 11:05:00,41.5
2025-06-12 10:22:00,38.4
2025-06-12 03:30:00,76.6
2025-06-12 15:25:00,74.8
2025-06-12 16:55:00,63.8
2025-06-12 11:24:00,45.2
2025-06-12 07:59:00,49.378098152289034
2025-06-12 07:40:00,43.8
2025-06-12 15:16:00,55.1
2025-06-12 17:56:00,38.2
2025-06-12 14:45:00,82.5
2025-06-12 16:49:00,49.378098152289034
2025-06-12 08:33:00,58.4
2025-06-12 05:34:00,37.9
2025-06-12 04:50:00,53.2
2025-06-12 15:37:00,49.378098152289034
2025-06-12 09:08:00,94.7
2025-06-12 12:06:00,22.3
2025-06-12 05:58:00,23.5
2025-06-12 09:11:00,16.2
2025-06-12 11:34:00,28.6
2025-06-12 04:47:00,43.4
2025-06-12 06:39:00,15.1
2025-06-12 01:14:00,21.9
2025-06-12 03:21:00,33.4
2025-06-12 03:05:00,16.3
2025-06-12 02:18:00,49.8
2025-06-12 10:31:00,79.5
2025-06-12 14:44:00,59.9
2025-06-12 21:35:00,49.378098152289034
2025-06-12 21:29:00,87.3
2025-06-12 18:33:00,59.6
2025-06-12 21:21:00,46.8
2025-06-12 19:37:00,22.6
2025-06-12 20:34:00,0.8
2025-06-12 07:47:00,37.3
2025-06-12 02:56:00,18.6
2025-06-12 05:43:00,60.7
2025-06-12 13:13:00,49.378098152289034
2025-06-12 16:59:00,89.9
2025-06-12 01:30:00,49.378098152289034
2025-06-12 14:49:00,6.3
2025-06-12 15:07:00,19.0
2025-06-12 12:59:00,33.4
2025-06-12 11:22:00,49.378098152289034
2025-06-12 02:29:00,49.378098152289034
2025-06-12 02:00:00,26.6
2025-06-12 19:10:00,0.0
2025-06-12 21:03:00,49.378098152289034
2025-06-12 03:20:00,60.0
2025-06-12 23:21:00,3.2
2025-06-12 07:55:00,39.3
2025-06-12 07:11:00,22.8
2025-06-12 05:48:00,49.378098152289034
2025-06-12 11:41:00,73.7
2025-06-12 12:27:00,19.5
2025-06-12 01:48:00,29.3
2025-06-12 12:35:00,85.5
2025-06-12 10:03:00,57.7
2025-06-12 04:19:00,48.2
2025-06-12 21:23:00,64.1
2025-06-12 07:43:00,32.9
2025-06-12 09:48:00,63.5
2025-06-12 04:47:00,79.6
2025-06-12 00:19:00,29.3
2025-06-12 13:34:00,76.6
2025-06-12 11:11:00,23.9
2025-06-12 06:05:00,63.4
2025-06-12 18:30:00,31.4
2025-06-12 17:23:00,93.2
2025-06-12 03:02:00,54.8
2025-06-12 22:42:00,1.3
2025-06-12 21:07:00,30.8
2025-06-12 01:15:00,40.2
2025-06-12 23:05:00,55.5
2025-06-12 22:32:00,94.6
2025-06-12 17:50:00,23.7
2025-06-12 16:09:00,29.7
2025-06-12 21:08:00,58.3
2025-06-12 02:24:00,55.0
2025-06-12 08:00:00,6.1
2025-06-12 22:05:00,35.8
2025-06-12 02:49:00,55.9
2025-06-12 22:08:00,2.4
2025-06-12 23:46:00,12.3
2025-06-12 12:57:00,22.4
2025-06-12 03:11:00,13.9
2025-06-12 16:38:00,49.378098152289034
2025-06-12 00:11:00,88.2
2025-06-12 00:00:00,58.2
2025-06-12 15:30:00,18.2
2025-06-12 02:05:00,66.9
2025-06-12 23:07:00,94.2
2025-06-12 19:11:00,51.0
2025-06-12 01:11:00,2.4
2025-06-12 11:07:00,83.1
2025-06-12 18:27:00,55.2
2025-06-12 00:40:00,46.5
2025-06-12 00:10:00,29.5
2025-06-12 11:47:00,4.8
2025-06-12 01:17:00,49.378098152289034
2025-06-12 04:13:00,68.7
2025-06-12 03:08:00,71.7
2025-06-12 12:17:00,95.7
2025-06-12 21:19:00,63.0
2025-06-12 16:05:00,34.8
2025-06-12 02:34:00,63.7
2025-06-12 18:27:00,78.5
2025-06-12 00:02:00,96.2
2025-06-12 01:59:00,49.378098152289034
2025-06-12 06:28:00,7.0
2025-06-12 15:29:00,73.8
2025-06-12 14:28:00,75.0
2025-06-12 11:16:00,93.6
2025-06-12 16:42:00,31.0
2025-06-12 02:31:00,83.3
2025-06-12 07:18:00,68.0
2025-06-12 09:30:00,10.5
2025-06-12 06:08:00,49.378098152289034
2025-06-12 20:28:00,91.7
2025-06-12 05:17:00,21.6
2025-06-12 03:59:00,32.7
2025-06-12 22:10:00,24.0
2025-06-12 15:37:00,49.378098152289034
2025-06-12 14:15:00,16.4
2025-06-12 23:58:00,28.6
2025-06-12 14:24:00,1.9
2025-06-12 01:09:00,11.9
2025-06-12 16:58:00,82.8
2025-06-12 11:15:00,49.378098152289034
2025-06-12 08:50:00,24.1
2025-06-12 13:51:00,75.9
2025-06-12 09:12:00,88.1
2025-06-12 21:28:00,35.8
2025-06-12 19:30:00,86.2
2025-06-12 09:09:00,40.9
2025-06-12 01:56:00,87.4
2025-06-12 13:25:00,11.2
2025-06-12 19:59:00,49.378098152289034
2025-06-12 20:42:00,45.5
2025-06-12 11:21:00,13.1
2025-06-12 08:10:00,49.378098152289034
2025-06-12 09:19:00,49.378098152289034
2025-06-12 19:44:00,71.3
2025-06-12 17:01:00,49.378098152289034
2025-06-12 09:03:00,51.7
2025-06-12 04:28:00,9.6
2025-06-12 21:22:00,99.5
2025-06-12 14:14:00,96.8
2025-06-12 09:23:00,66.4
2025-06-12 17:24:00,60.2
2025-06-12 07:33:00,23.0
2025-06-12 03:57:00,98.3
2025-06-12 12:53:00,49.378098152289034
2025-06-12 00:38:00,99.3
2025-06-12 16:14:00,49.378098152289034
2025-06-12 18:34:00,75.7
2025-06-12 04:02:00,62.7
2025-06-12 02:16:00,17.6
2025-06-12 11:43:00,31.0
2025-06-12 20:30:00,57.6
2025-06-12 22:48:00,1.8
2025-06-12 19:23:00,47.1
2025-06-12 15:57:00,49.378098152289034
2025-06-12 16:06:00,16.4
2025-06-12 02:03:00,69.0
2025-06-12 06:25:00,88.7
2025-06-12 11:07:00,18.7
2025-06-12 14:16:00,78.4
2025-06-12 07:42:00,84.7
2025-06-12 05:23:00,11.3
2025-06-12 07:20:00,15.2
2025-06-12 10:27:00,9.8
2025-06-12 15:38:00,95.9
2025-06-12 11:56:00,98.8
2025-06-12 08:00:00,49.86672560113154
2025-06-12 08:51:00,37.7
2025-06-12 01:31:00,11.9
2025-06-12 16:07:00,9.5
2025-06-12 17:33:00,95.0
2025-06-12 23:37:00,25.5
2025-06-12 17:46:00,6.6
2025-06-12 22:54:00,69.0
2025-06-12 19:03:00,35.5
2025-06-12 23:39:00,97.0
2025-06-12 19:03:00,3.6
2025-06-12 00:31:00,49.86672560113154
2025-06-12 00:30:00,57.9
2025-06-12 05:21:00,37.0
2025-06-12 06:25:00,99.7
2025-06-12 23:59:00,83.1
2025-06-12 11:39:00,49.86672560113154
2025-06-12 07:56:00,17.2
2025-06-12 20:19:00,61.5
2025-06-12 16:58:00,11.5
2025-06-12 14:52:00,69.8
2025-06-12 01:23:00,49.86672560113154
2025-06-12 09:51:00,35.6
2025-06-12 13:31:00,49.86672560113154
2025-06-12 17:13:00,79.3
2025-06-12 08:07:00,90.2
2025-06-12 04:21:00,26.4
2025-06-12 07:18:00,22.6
2025-06-12 16:35:00,95.3
2025-06-12 01:46:00,97.3
2025-06-12 12:51:00,49.86672560113154
2025-06-12 23:12:00,49.86672560113154
2025-06-12 07:11:00,2.8
2025-06-12 08:59:00,53.6
2025-06-12 19:07:00,26.9
2025-06-12 07:22:00,35.7
2025-06-12 02:15:00,60.1
2025-06-12 04:52:00,17.3
2025-06-12 14:16:00,49.86672560113154
2025-06-12 08:57:00,71.5
2025-06-12 06:27:00,15.4
2025-06-12 18:23:00,82.0
2025-06-12 05:05:00,7.0
2025-06-12 22:44:00,31.4
2025-06-12 17:05:00,61.5
2025-06-12 23:26:00,90.5
2025-06-12 13:01:00,88.8
2025-06-12 12:07:00,77.9
2025-06-12 09:23:00,49.86672560113154
2025-06-12 22:35:00,95.9
2025-06-12 18:36:00,49.86672560113154
2025-06-12 16:44:00,67.3
2025-06-12 14:16:00,97.1
2025-06-12 18:17:00,49.86672560113154
2025-06-12 14:35:00,3.5
2025-06-12 04:45:00,45.8
2025-06-12 01:58:00,56.5
2025-06-12 06:48:00,49.86672560113154
2025-06-12 20:59:00,15.5
2025-06-12 03:28:00,84.7
2025-06-12 20:02:00,49.86672560113154
2025-06-12 12:32:00,53.5
2025-06-12 11:28:00,49.86672560113154
2025-06-12 00:26:00,62.3
2025-06-12 01:26:00,9.8
2025-06-12 19:41:00,21.2
2025-06-12 22:00:00,82.2
2025-06-12 20:23:00,49.86672560113154
2025-06-12 21:46:00,49.86672560113154
2025-06-12 05:12:00,49.86672560113154
2025-06-12 04:44:00,63.0
2025-06-12 05:36:00,41.6
2025-06-12 11:03:00,33.2
2025-06-12 17:29:00,97.7
2025-06-12 07:00:00,49.86672560113154
2025-06-12 12:52:00,47.5
2025-06-12 20:16:00,41.8
2025-06-12 05:12:00,49.86672560113154
2025-06-12 06:10:00,54.7
2025-06-12 02:13:00,49.86672560113154
2025-06-12 17:31:00,13.1
2025-06-12 21:37:00,10.9
2025-06-12 16:32:00,46.1
2025-06-12 06:16:00,68.8
2025-06-12 04:50:00,34.6
2025-06-12 22:13:00,86.4
2025-06-12 02:36:00,70.3
2025-06-12 08:00:00,30.4
2025-06-12 13:41:00,8.7
2025-06-12 19:54:00,63.5
2025-06-12 08:06:00,57.9
2025-06-12 04:35:00,15.7
2025-06-12 15:06:00,49.86672560113154
2025-06-12 17:07:00,13.3
2025-06-12 17:20:00,49.86672560113154
2025-06-12 09:49:00,2.7
2025-06-12 05:08:00,58.3
2025-06-12 18:26:00,11.8
2025-06-12 19:11:00,49.86672560113154
2025-06-12 08:46:00,97.1
2025-06-12 23:11:00,49.86672560113154
2025-06-12 16:16:00,38.5
2025-06-12 18:09:00,50.6
2025-06-12 09:41:00,37.3
2025-06-12 16:32:00,54.7
2025-06-12 10:28:00,49.86672560113154
2025-06-12 21:19:00,9.3
2025-06-12 15:42:00,2.9
2025-06-12 04:18:00,4.4
2025-06-12 23:41:00,17.2
2025-06-12 00:32:00,36.8
2025-06-12 11:14:00,6.7
2025-06-12 16:01:00,57.0
2025-06-12 08:43:00,10.5
2025-06-12 01:04:00,0.9
2025-06-12 13:09:00,12.4
2025-06-12 00:51:00,14.9
2025-06-12 03:01:00,61.2
2025-06-12 13:26:00,52.0
2025-06-12 19:04:00,15.3
2025-06-12 18:46:00,45.0
2025-06-12 05:13:00,51.4
2025-06-12 23:58:00,50.8
2025-06-12 17:57:00,77.4
2025-06-12 07:30:00,49.86672560113154
2025-06-12 20:18:00,49.86672560113154
2025-06-12 16:09:00,14.2
2025-06-12 13:15:00,81.5
2025-06-12 11:06:00,77.6
2025-06-12 22:25:00,88.5
2025-06-12 11:13:00,47.7
2025-06-12 18:11:00,18.0
2025-06-12 23:22:00,88.3
2025-06-12 00:18:00,98.4
2025-06-12 12:44:00,83.8
2025-06-12 10:13:00,20.3
2025-06-12 17:06:00,25.0
2025-06-12 21:29:00,40.4
2025-06-12 04:05:00,3.9
2025-06-12 21:15:00,81.5
2025-06-12 07:21:00,61.3
2025-06-12 19:51:00,49.86672560113154
2025-06-12 11:42:00,98.6
2025-06-12 02:38:00,57.8
2025-06-12 18:45:00,18.7
2025-06-12 03:56:00,49.4
2025-06-12 23:25:00,99.4
2025-06-12 03:44:00,28.4
2025-06-12 02:52:00,7.1
2025-06-12 05:38:00,82.4
2025-06-12 08:35:00,31.8
2025-06-12 01:14:00,49.86672560113154
2025-06-12 20:10:00,94.0
2025-06-12 04:17:00,19.5
2025-06-12 11:51:00,85.1
2025-06-12 07:27:00,11.6
2025-06-12 13:53:00,24.4
2025-06-12 17:00:00,11.2
2025-06-12 18:12:00,16.8
2025-06-12 01:57:00,75.0
2025-06-12 15:15:00,42.0
2025-06-12 04:19:00,65.1
2025-06-12 10:41:00,70.2
2025-06-12 02:38:00,34.6
2025-06-12 18:50:00,11.6
2025-06-12 11:09:00,72.9
2025-06-12 21:56:00,57.3
2025-06-12 15:33:00,91.5
2025-06-12 01:54:00,97.5
2025-06-12 13:56:00,31.3
2025-06-12 05:00:00,43.4
2025-06-12 08:32:00,89.6
2025-06-12 08:01:00,65.5
2025-06-12 00:22:00,49.86672560113154
2025-06-12 02:36:00,75.9
2025-06-12 23:53:00,97.9
2025-06-12 20:38:00,18.7
2025-06-12 16:25:00,99.0
2025-06-12 01:00:00,49.86672560113154
2025-06-12 17:20:00,80.7
2025-06-12 14:20:00,47.1
2025-06-12 16:55:00,59.4
2025-06-12 01:28:00,92.3
2025-06-12 11:34:00,63.5
2025-06-12 19:54:00,49.86672560113154
2025-06-12 07:26:00,92.9
2025-06-12 18:49:00,49.86672560113154
2025-06-12 12:53:00,53.9
2025-06-12 15:58:00,77.5
2025-06-12 05:06:00,56.3
2025-06-12 14:19:00,25.4
2025-06-12 16:49:00,30.7
2025-06-12 03:56:00,44.6
2025-06-12 20:23:00,61.7
2025-06-12 08:44:00,85.5
2025-06-12 22:43:00,67.9
2025-06-12 02:39:00,92.7
2025-06-12 15:11:00,61.8
2025-06-12 18:43:00,44.4
2025-06-12 12:36:00,63.7
2025-06-12 01:59:00,72.5
2025-06-12 01:39:00,25.7
2025-06-12 07:06:00,71.8
2025-06-12 12:42:00,60.3
2025-06-12 07:56:00,52.4
2025-06-12 10:07:00,40.8
2025-06-12 00:55:00,49.86672560113154
2025-06-12 13:35:00,73.0
2025-06-12 04:47:00,82.1
2025-06-12 11:39:00,16.7
2025-06-12 05:25:00,89.0
2025-06-12 07:16:00,22.6
2025-06-12 20:47:00,37.8
2025-06-12 21:38:00,46.9
2025-06-12 08:34:00,36.0
2025-06-12 10:10:00,77.3
2025-06-12 18:44:00,52.7
2025-06-12 05:04:00,14.4
2025-06-12 04:30:00,33.9
2025-06-12 01:44:00,49.86672560113154
2025-06-12 09:35:00,19.5
2025-06-12 12:43:00,11.3
2025-06-12 22:31:00,49.86672560113154
2025-06-12 22:14:00,8.8
2025-06-12 14:41:00,49.86672560113154
2025-06-12 00:18:00,65.1
2025-06-12 10:23:00,44.6
2025-06-12 20:35:00,50.9
2025-06-12 13:27:00,64.7
2025-06-12 07:31:00,77.8
2025-06-12 05:51:00,40.2
2025-06-12 05:04:00,36.6
2025-06-12 06:39:00,49.86672560113154
2025-06-12 05:02:00,98.3
2025-06-12 22:00:00,88.3
2025-06-12 14:53:00,7.8
2025-06-12 01:22:00,47.3
2025-06-12 09:33:00,20.2
2025-06-12 18:22:00,14.5
2025-06-12 09:13:00,59.3
2025-06-12 04:30:00,7.1
2025-06-12 05:40:00,81.5
2025-06-12 17:26:00,63.6
2025-06-12 03:26:00,0.3
2025-06-12 19:06:00,53.5
2025-06-12 04:36:00,31.7
2025-06-12 03:29:00,49.86672560113154
2025-06-12 19:02:00,49.86672560113154
2025-06-12 01:37:00,1.5
2025-06-12 01:27:00,76.6
2025-06-12 23:32:00,43.0
2025-06-12 04:45:00,7.7
2025-06-12 06:14:00,18.1
2025-06-12 08:35:00,16.7
2025-06-12 17:23:00,49.86672560113154
2025-06-12 01:07:00,95.1
2025-06-12 20:24:00,49.86672560113154
2025-06-12 08:36:00,57.1
2025-06-12 12:50:00,49.86672560113154
2025-06-12 14:04:00,9.1
2025-06-12 16:24:00,49.86672560113154
2025-06-12 22:54:00,49.86672560113154
2025-06-12 20:00:00,43.2
2025-06-12 03:06:00,87.6
2025-06-12 11:00:00,15.6
2025-06-12 20:18:00,51.4
2025-06-12 18:59:00,13.5
2025-06-12 05:49:00,91.1
2025-06-12 20:37:00,49.86672560113154
2025-06-12 20:05:00,32.6
2025-06-12 19:49:00,18.1
2025-06-12 10:15:00,92.4
2025-06-12 14:54:00,13.4
2025-06-12 04:09:00,6.6
2025-06-12 09:08:00,15.0
2025-06-12 13:28:00,76.6
2025-06-12 14:13:00,29.5
2025-06-12 23:45:00,91.1
2025-06-12 05:53:00,52.1
2025-06-12 01:25:00,9.2
2025-06-12 06:04:00,41.6
2025-06-12 06:21:00,81.0
2025-06-12 17:24:00,62.4
2025-06-12 10:29:00,49.2
2025-06-12 06:29:00,76.6
2025-06-12 23:58:00,50.9
2025-06-12 16:04:00,37.1
2025-06-12 16:02:00,92.0
2025-06-12 08:17:00,73.9
2025-06-12 01:05:00,64.8
2025-06-12 10:01:00,64.4
2025-06-12 06:01:00,49.86672560113154
2025-06-12 00:34:00,11.1
2025-06-12 11:16:00,49.86672560113154
2025-06-12 05:27:00,69.7
2025-06-12 18:31:00,11.2
2025-06-12 07:54:00,37.4
2025-06-12 00:59:00,40.5
2025-06-12 05:00:00,76.4
2025-06-12 01:39:00,97.0
2025-06-12 09:14:00,25.8
2025-06-12 21:04:00,49.86672560113154
2025-06-12 15:21:00,57.2
2025-06-12 13:02:00,11.6
2025-06-12 18:44:00,66.5
2025-06-12 11:34:00,92.8
2025-06-12 11:55:00,70.1
2025-06-12 18:29:00,18.1
2025-06-12 04:31:00,9.2
2025-06-12 03:47:00,28.5
2025-06-12 07:44:00,49.86672560113154
2025-06-12 23:55:00,42.6
2025-06-12 07:57:00,49.86672560113154
2025-06-12 00:07:00,31.2
2025-06-12 16:35:00,96.8
2025-06-12 23:08:00,11.8
2025-06-12 10:33:00,71.4
2025-06-12 18:03:00,21.2
2025-06-12 21:30:00,56.1
2025-06-12 05:34:00,49.86672560113154
2025-06-12 11:28:00,68.8
2025-06-12 12:37:00,49.86672560113154
2025-06-12 03:48:00,2.0
2025-06-12 23:51:00,42.9
2025-06-12 11:13:00,57.6
2025-06-12 17:48:00,2.7
2025-06-12 08:15:00,66.1
2025-06-12 16:58:00,66.6
2025-06-12 06:52:00,60.6
2025-06-12 14:41:00,63.2
2025-06-12 19:37:00,21.0
2025-06-12 08:07:00,49.86672560113154
2025-06-12 16:26:00,31.3
2025-06-12 00:37:00,41.3
2025-06-12 19:31:00,65.1
2025-06-12 12:48:00,50.613932505273034
2025-06-12 07:08:00,0.8
2025-06-12 10:33:00,92.6
2025-06-12 18:20:00,97.6
2025-06-12 03:01:00,41.4
2025-06-12 19:01:00,66.2
2025-06-12 04:56:00,93.5
2025-06-12 11:53:00,85.9
2025-06-12 13:54:00,32.2
2025-06-12 01:54:00,75.3
2025-06-12 05:52:00,57.2
2025-06-12 06:56:00,88.1
2025-06-12 22:06:00,5.1
2025-06-12 06:38:00,82.3
2025-06-12 13:28:00,5.5
2025-06-12 20:35:00,89.3
2025-06-12 13:51:00,50.613932505273034
2025-06-12 11:21:00,68.4
2025-06-12 22:16:00,50.613932505273034
2025-06-12 01:12:00,16.2
2025-06-12 17:04:00,41.4
2025-06-12 01:13:00,3.4
2025-06-12 21:15:00,50.613932505273034
2025-06-12 14:23:00,47.7
2025-06-12 13:50:00,4.6
2025-06-12 06:57:00,1.3
2025-06-12 17:12:00,68.7
2025-06-12 06:12:00,50.613932505273034
2025-06-12 11:13:00,89.9
2025-06-12 16:45:00,96.9
2025-06-12 21:44:00,69.5
2025-06-12 18:00:00,96.7
2025-06-12 12:36:00,50.613932505273034
2025-06-12 19:27:00,39.2
2025-06-12 02:04:00,0.4
2025-06-12 05:41:00,39.0
2025-06-12 13:22:00,13.2
2025-06-12 08:44:00,44.2
2025-06-12 03:28:00,18.5
2025-06-12 00:34:00,27.2
2025-06-12 15:52:00,61.5
2025-06-12 15:05:00,59.4
2025-06-12 02:55:00,17.6
2025-06-12 03:38:00,14.7
2025-06-12 09:26:00,49.1
2025-06-12 11:14:00,36.7
2025-06-12 05:56:00,62.3
2025-06-12 17:05:00,54.6
2025-06-12 13:00:00,19.7
2025-06-12 17:50:00,91.7
2025-06-12 10:55:00,18.8
2025-06-12 09:21:00,87.1
2025-06-12 23:26:00,39.0
2025-06-12 13:35:00,43.8
2025-06-12 11:45:00,0.4
2025-06-12 04:45:00,50.613932505273034
2025-06-12 13:42:00,50.613932505273034
2025-06-12 01:57:00,99.6
2025-06-12 21:09:00,59.7
2025-06-12 14:27:00,32.2
2025-06-12 14:49:00,50.613932505273034
2025-06-12 14:04:00,94.6
2025-06-12 07:10:00,52.1
2025-06-12 00:32:00,77.0
2025-06-12 07:16:00,70.5
2025-06-12 02:43:00,2.8
2025-06-12 13:56:00,47.0
2025-06-12 15:54:00,75.4
2025-06-12 23:53:00,76.7
2025-06-12 11:52:00,47.3
2025-06-12 07:20:00,94.2
2025-06-12 14:19:00,14.8
2025-06-12 09:09:00,7.2
2025-06-12 09:41:00,6.0
2025-06-12 15:23:00,68.7
2025-06-12 14:29:00,7.4
2025-06-12 13:32:00,4.1
2025-06-12 12:32:00,27.2
2025-06-12 15:59:00,82.8
2025-06-12 06:34:00,68.3
2025-06-12 17:02:00,39.6
2025-06-12 18:22:00,10.6
2025-06-12 11:42:00,56.4
2025-06-12 01:02:00,59.7
2025-06-12 15:51:00,50.613932505273034
2025-06-12 06:24:00,5.6
2025-06-12 06:01:00,42.1
2025-06-12 21:01:00,17.8
2025-06-12 02:10:00,60.8
2025-06-12 14:38:00,50.613932505273034
2025-06-12 03:33:00,88.0
2025-06-12 17:20:00,67.5
2025-06-12 22:02:00,28.9
2025-06-12 18:23:00,95.7
2025-06-12 06:49:00,32.0
2025-06-12 06:11:00,50.613932505273034
2025-06-12 03:21:00,13.6
2025-06-12 00:58:00,26.8
2025-06-12 14:42:00,24.5
2025-06-12 12:18:00,31.8
2025-06-12 18:33:00,13.9
2025-06-12 11:15:00,35.8
2025-06-12 16:39:00,64.2
2025-06-12 03:34:00,44.5
2025-06-12 14:20:00,9.4
2025-06-12 05:39:00,46.4
2025-06-12 05:54:00,93.7
2025-06-12 08:16:00,44.6
2025-06-12 08:30:00,85.4
2025-06-12 00:12:00,50.613932505273034
2025-06-12 10:13:00,89.9
2025-06-12 07:31:00,52.8
2025-06-12 04:34:00,15.0
2025-06-12 09:37:00,38.6
2025-06-12 18:07:00,45.7
2025-06-12 20:57:00,81.9
2025-06-12 09:17:00,39.9
2025-06-12 02:10:00,13.0
2025-06-12 08:10:00,2.6
2025-06-12 21:18:00,72.6
2025-06-12 18:42:00,64.1
2025-06-12 01:00:00,78.3
2025-06-12 03:48:00,33.6
2025-06-12 13:02:00,36.9
2025-06-12 12:00:00,51.7
2025-06-12 00:58:00,60.0
2025-06-12 11:31:00,18.5
2025-06-12 23:15:00,42.6
2025-06-12 18:28:00,25.8
2025-06-12 20:19:00,50.613932505273034
2025-06-12 13:07:00,94.4
2025-06-12 04:41:00,97.3
2025-06-12 09:18:00,91.0
2025-06-12 13:02:00,64.2
2025-06-12 19:33:00,50.613932505273034
2025-06-12 05:19:00,31.0
2025-06-12 00:01:00,2.0
2025-06-12 05:47:00,42.2
2025-06-12 14:41:00,10.8
2025-06-12 19:16:00,50.613932505273034
2025-06-12 23:42:00,35.5
2025-06-12 06:10:00,28.1
2025-06-12 15:32:00,50.613932505273034
2025-06-12 14:27:00,63.2
2025-06-12 03:07:00,20.7
2025-06-12 22:32:00,34.5
2025-06-12 08:03:00,50.613932505273034
2025-06-12 10:35:00,25.8
2025-06-12 20:57:00,37.1
2025-06-12 18:25:00,50.613932505273034
2025-06-12 15:34:00,50.613932505273034
2025-06-12 05:18:00,50.613932505273034
2025-06-12 22:06:00,36.6
2025-06-12 20:37:00,85.0
2025-06-12 12:11:00,50.613932505273034
2025-06-12 18:43:00,50.613932505273034
2025-06-12 19:36:00,50.613932505273034
2025-06-12 02:01:00,18.8
2025-06-12 13:44:00,50.613932505273034
2025-06-12 22:35:00,42.0
2025-06-12 12:08:00,54.9
2025-06-12 22:10:00,57.3
2025-06-12 12:54:00,54.7
2025-06-12 05:25:00,80.7
2025-06-12 15:08:00,75.3
2025-06-12 15:49:00,53.9
2025-06-12 09:07:00,99.8
2025-06-12 19:54:00,47.4
2025-06-12 04:16:00,39.6
2025-06-12 01:42:00,74.0
2025-06-12 00:58:00,94.5
2025-06-12 06:28:00,89.8
2025-06-12 22:15:00,5.3
2025-06-12 05:56:00,37.6
2025-06-12 13:33:00,83.8
2025-06-12 22:24:00,50.9
2025-06-12 23:41:00,41.7
2025-06-12 11:06:00,28.0
2025-06-12 04:39:00,50.613932505273034
2025-06-12 18:25:00,20.0
2025-06-12 22:12:00,52.7
2025-06-12 06:42:00,23.9
2025-06-12 18:00:00,48.0
2025-06-12 01:15:00,96.6
2025-06-12 19:18:00,24.7
2025-06-12 00:05:00,87.8
2025-06-12 16:05:00,32.3
2025-06-12 23:22:00,50.5
2025-06-12 03:33:00,100.0
2025-06-12 02:40:00,81.1
2025-06-12 23:30:00,50.613932505273034
2025-06-12 19:30:00,37.2
2025-06-12 00:41:00,52.3
2025-06-12 01:22:00,4.1
2025-06-12 20:48:00,50.613932505273034
2025-06-12 06:58:00,44.1
2025-06-12 08:51:00,5.4
2025-06-12 10:20:00,50.613932505273034
2025-06-12 10:13:00,31.8
2025-06-12 04:01:00,72.4
2025-06-12 05:22:00,4.7
2025-06-12 06:45:00,41.7
2025-06-12 14:57:00,28.7
2025-06-12 08:16:00,99.0
2025-06-12 20:46:00,3.1
2025-06-12 22:31:00,50.613932505273034
2025-06-12 01:57:00,12.3
2025-06-12 04:04:00,85.3
2025-06-12 04:21:00,98.9
2025-06-12 12:01:00,50.613932505273034
2025-06-12 20:54:00,68.8
2025-06-12 16:38:00,16.6
2025-06-12 12:55:00,50.613932505273034
2025-06-12 16:17:00,42.7
2025-06-12 13:17:00,50.613932505273034
2025-06-12 06:57:00,82.4
2025-06-12 17:56:00,72.9
2025-06-12 11:16:00,93.4
2025-06-12 18:28:00,77.8
2025-06-12 12:54:00,69.6
2025-06-12 23:48:00,64.6
2025-06-12 22:10:00,50.613932505273034
2025-06-12 19:50:00,87.4
2025-06-12 19:30:00,26.2
2025-06-12 14:30:00,63.2
2025-06-12 14:50:00,20.4
2025-06-12 03:31:00,56.3
2025-06-12 18:07:00,50.613932505273034
2025-06-12 02:16:00,50.613932505273034
2025-06-12 19:44:00,68.7
2025-06-12 21:15:00,93.9
2025-06-12 19:53:00,60.7
2025-06-12 22:34:00,89.2
2025-06-12 11:29:00,50.613932505273034
2025-06-12 03:54:00,1.3
2025-06-12 17:08:00,19.9
2025-06-12 00:06:00,44.6
2025-06-12 09:37:00,6.5
2025-06-12 09:31:00,83.1
2025-06-12 23:02:00,85.8
2025-06-12 22:01:00,89.4
2025-06-12 17:03:00,82.5
2025-06-12 00:57:00,23.1
2025-06-12 01:48:00,99.7
2025-06-12 08:06:00,10.6
2025-06-12 04:04:00,25.0
2025-06-12 07:46:00,13.3
2025-06-12 00:47:00,19.7
2025-06-12 02:29:00,58.7
2025-06-12 08:20:00,50.613932505273034
2025-06-12 01:16:00,50.613932505273034
2025-06-12 21:02:00,93.5
2025-06-12 22:07:00,50.613932505273034
2025-06-12 18:04:00,99.1
2025-06-12 05:22:00,35.7
2025-06-12 23:06:00,64.3
2025-06-12 02:32:00,24.6
2025-06-12 14:37:00,41.2
2025-06-12 09:53:00,78.6
2025-06-12 04:48:00,68.3
2025-06-12 04:07:00,36.7
2025-06-12 16:41:00,70.1
2025-06-12 19:24:00,34.0
2025-06-12 20:05:00,80.9
2025-06-12 12:39:00,47.8
2025-06-12 01:14:00,95.0
2025-06-12 05:38:00,37.4
2025-06-12 20:01:00,50.613932505273034
2025-06-12 03:54:00,58.4
2025-06-12 01:14:00,78.2
2025-06-12 04:39:00,19.5
2025-06-12 20:54:00,0.5
2025-06-12 11:54:00,25.0
2025-06-12 14:20:00,9.7
2025-06-12 21:34:00,59.7
2025-06-12 16:58:00,9.8
2025-06-12 11:13:00,50.613932505273034
2025-06-12 09:03:00,98.9
2025-06-12 12:48:00,16.8
2025-06-12 05:52:00,53.1
2025-06-12 07:30:00,50.613932505273034
2025-06-12 21:02:00,50.613932505273034
2025-06-12 12:42:00,58.7
2025-06-12 16:54:00,66.9
2025-06-12 08:18:00,88.1
2025-06-12 03:05:00,11.9
2025-06-12 05:54:00,76.1
2025-06-12 12:36:00,6.3
2025-06-12 00:38:00,19.2
2025-06-12 05:24:00,94.3
2025-06-12 21:51:00,8.0
2025-06-12 23:13:00,59.0
2025-06-12 00:30:00,50.613932505273034
2025-06-12 22:00:00,34.2
2025-06-12 01:48:00,57.8
2025-06-12 02:54:00,59.3
2025-06-12 22:31:00,50.613932505273034
2025-06-12 21:04:00,4.1
2025-06-12 10:47:00,83.0
2025-06-12 21:52:00,63.2
2025-06-12 09:12:00,52.0
2025-06-12 03:45:00,44.6
2025-06-12 04:14:00,79.6
2025-06-12 18:29:00,12.0
2025-06-12 09:40:00,89.9
2025-06-12 07:09:00,28.2
2025-06-12 20:47:00,61.2
2025-06-12 02:22:00,45.8
2025-06-12 03:04:00,87.1
2025-06-12 15:02:00,53.6
2025-06-12 10:32:00,29.5
2025-06-12 01:32:00,73.1
2025-06-12 12:50:00,50.613932505273034
2025-06-12 15:17:00,23.2
2025-06-12 11:40:00,50.613932505273034
2025-06-12 15:56:00,71.6
2025-06-12 05:04:00,9.7
2025-06-12 07:34:00,50.3
2025-06-12 21:12:00,28.8
2025-06-12 22:47:00,50.613932505273034
2025-06-12 12:42:00,55.7
2025-06-12 20:10:00,18.1
2025-06-12 17:41:00,37.3
2025-06-12 06:43:00,87.4
2025-06-12 08:51:00,19.0
2025-06-12 03:51:00,36.7
2025-06-12 09:26:00,50.613932505273034
2025-06-12 09:06:00,98.4
2025-06-12 16:06:00,34.4
2025-06-12 08:07:00,33.9
2025-06-12 22:03:00,30.5
2025-06-12 17:18:00,24.6
2025-06-12 20:44:00,37.0
2025-06-12 05:24:00,54.8
2025-06-12 07:56:00,56.7
2025-06-12 00:30:00,89.4
2025-06-12 03:43:00,39.0
2025-06-12 10:57:00,50.613932505273034
2025-06-12 13:52:00,35.1
2025-06-12 18:47:00,79.1
2025-06-12 04:25:00,90.9
2025-06-12 23:20:00,77.1
2025-06-12 01:17:00,56.9
2025-06-12 22:56:00,81.4
2025-06-12 08:39:00,88.5
2025-06-12 15:24:00,12.3
2025-06-12 18:31:00,41.3
2025-06-12 11:26:00,0.9
2025-06-12 05:07:00,5.1
2025-06-12 08:41:00,18.0
2025-06-12 10:25:00,96.3
2025-06-12 16:40:00,39.7
2025-06-12 07:10:00,35.8
2025-06-12 21:59:00,52.6
2025-06-12 16:09:00,50.17195767195767
2025-06-12 01:36:00,18.6
2025-06-12 16:31:00,13.0
2025-06-12 14:24:00,18.5
2025-06-12 15:01:00,49.0
2025-06-12 10:18:00,14.9
2025-06-12 12:15:00,45.6
2025-06-12 19:25:00,41.4
2025-06-12 04:39:00,33.3
2025-06-12 16:12:00,50.17195767195767
2025-06-12 12:05:00,2.6
2025-06-12 14:54:00,67.5
2025-06-12 16:30:00,83.6
2025-06-12 05:00:00,30.2
2025-06-12 06:15:00,23.3
2025-06-12 01:54:00,71.2
2025-06-12 05:13:00,11.2
2025-06-12 16:25:00,50.17195767195767
2025-06-12 05:42:00,76.5
2025-06-12 04:45:00,57.4
2025-06-12 17:49:00,50.4
2025-06-12 07:29:00,0.1
2025-06-12 05:44:00,6.2
2025-06-12 10:45:00,76.3
2025-06-12 09:03:00,4.3
2025-06-12 07:48:00,50.17195767195767
2025-06-12 07:51:00,86.9
2025-06-12 12:14:00,50.17195767195767
2025-06-12 13:44:00,50.17195767195767
2025-06-12 19:57:00,42.5
2025-06-12 07:19:00,50.17195767195767
2025-06-12 06:20:00,44.9
2025-06-12 14:15:00,36.2
2025-06-12 13:00:00,54.9
2025-06-12 11:54:00,59.1
2025-06-12 08:30:00,50.17195767195767
2025-06-12 00:40:00,62.7
2025-06-12 13:04:00,47.8
2025-06-12 15:33:00,50.17195767195767
2025-06-12 15:17:00,55.1
2025-06-12 13:36:00,34.4
2025-06-12 03:48:00,68.6
2025-06-12 15:53:00,62.0
2025-06-12 07:38:00,93.1
2025-06-12 01:30:00,3.3
2025-06-12 11:10:00,67.9
2025-06-12 02:49:00,50.17195767195767
2025-06-12 16:00:00,65.0
2025-06-12 06:56:00,25.7
2025-06-12 19:33:00,24.7
2025-06-12 00:26:00,49.7
2025-06-12 16:54:00,67.0
2025-06-12 18:11:00,59.1
2025-06-12 21:20:00,67.2
2025-06-12 01:31:00,31.2
2025-06-12 08:55:00,58.4
2025-06-12 14:31:00,4.2
2025-06-12 03:30:00,50.17195767195767
2025-06-12 21:51:00,50.17195767195767
2025-06-12 10:06:00,46.9
2025-06-12 01:09:00,90.9
2025-06-12 06:44:00,42.8
2025-06-12 06:35:00,63.5
2025-06-12 03:20:00,28.1
2025-06-12 06:30:00,50.17195767195767
2025-06-12 19:56:00,6.5
2025-06-12 12:12:00,81.9
2025-06-12 16:01:00,50.17195767195767
2025-06-12 04:55:00,25.7
2025-06-12 13:10:00,97.5
2025-06-12 04:50:00,29.7
2025-06-12 06:18:00,30.3
2025-06-12 19:47:00,50.17195767195767
2025-06-12 03:47:00,50.17195767195767
2025-06-12 21:42:00,40.8
2025-06-12 15:14:00,53.6
2025-06-12 01:11:00,89.1
2025-06-12 07:30:00,82.6
2025-06-12 05:26:00,28.5
2025-06-12 00:10:00,50.17195767195767
2025-06-12 22:18:00,62.9
2025-06-12 03:39:00,18.4
2025-06-12 10:56:00,19.7
2025-06-12 22:39:00,50.17195767195767
2025-06-12 15:16:00,13.7
2025-06-12 07:07:00,50.17195767195767
2025-06-12 05:17:00,96.3
2025-06-12 22:30:00,50.17195767195767
2025-06-12 20:27:00,61.1
2025-06-12 23:18:00,37.3
2025-06-12 08:11:00,62.6
2025-06-12 02:35:00,50.17195767195767
2025-06-12 17:16:00,68.8
2025-06-12 13:57:00,50.7
2025-06-12 13:01:00,63.0
2025-06-12 18:48:00,56.6
2025-06-12 13:37:00,76.4
2025-06-12 21:33:00,67.9
2025-06-12 01:16:00,77.6
2025-06-12 07:48:00,51.3
2025-06-12 08:07:00,32.5
2025-06-12 23:33:00,50.17195767195767
2025-06-12 13:55:00,31.6
2025-06-12 14:21:00,57.0
2025-06-12 07:35:00,72.0
2025-06-12 07:50:00,82.1
2025-06-12 08:35:00,97.7
2025-06-12 08:26:00,50.17195767195767
2025-06-12 19:01:00,46.6
2025-06-12 14:20:00,20.6
2025-06-12 02:21:00,47.8
2025-06-12 10:36:00,21.5
2025-06-12 08:35:00,0.9
2025-06-12 00:56:00,7.2
2025-06-12 10:32:00,81.4
2025-06-12 05:45:00,50.17195767195767
2025-06-12 03:32:00,90.3
2025-06-12 21:10:00,38.4
2025-06-12 10:24:00,50.17195767195767
2025-06-12 06:55:00,50.17195767195767
2025-06-12 13:39:00,34.2
2025-06-12 19:47:00,76.5
2025-06-12 04:14:00,50.17195767195767
2025-06-12 00:39:00,22.3
2025-06-12 20:49:00,90.8
2025-06-12 12:42:00,5.9
2025-06-12 11:49:00,73.6
2025-06-12 15:01:00,40.6
2025-06-12 04:26:00,50.17195767195767
2025-06-12 23:51:00,25.3
2025-06-12 09:31:00,30.3
2025-06-12 04:31:00,90.9
2025-06-12 07:37:00,12.4
2025-06-12 02:01:00,50.17195767195767
2025-06-12 13:07:00,86.2
2025-06-12 14:58:00,19.6
2025-06-12 01:34:00,86.1
2025-06-12 11:46:00,84.8
2025-06-12 11:24:00,50.17195767195767
2025-06-12 04:45:00,63.2
2025-06-12 04:29:00,16.0
2025-06-12 03:46:00,55.9
2025-06-12 07:04:00,76.9
2025-06-12 11:02:00,25.7
2025-06-12 10:03:00,50.17195767195767
2025-06-12 13:49:00,50.17195767195767
2025-06-12 08:39:00,57.2
2025-06-12 06:16:00,48.7
2025-06-12 17:18:00,8.9
2025-06-12 11:11:00,77.7
2025-06-12 16:08:00,8.0
2025-06-12 03:55:00,50.17195767195767
2025-06-12 02:07:00,17.9
2025-06-12 20:00:00,86.9
2025-06-12 04:19:00,76.3
2025-06-12 01:50:00,46.1
2025-06-12 03:27:00,82.5
2025-06-12 02:57:00,45.5
2025-06-12 03:08:00,69.8
2025-06-12 04:40:00,35.7
2025-06-12 19:14:00,60.5
2025-06-12 11:15:00,50.17195767195767
2025-06-12 09:36:00,50.17195767195767
2025-06-12 03:25:00,6.3
2025-06-12 16:52:00,50.17195767195767
2025-06-12 16:36:00,10.7
2025-06-12 04:01:00,74.3
2025-06-12 04:47:00,32.2
2025-06-12 14:52:00,50.17195767195767
2025-06-12 08:47:00,76.1
2025-06-12 00:29:00,43.6
2025-06-12 12:06:00,89.1
2025-06-12 16:28:00,40.4
2025-06-12 04:04:00,21.6
2025-06-12 15:58:00,62.1
2025-06-12 02:14:00,50.17195767195767
2025-06-12 23:00:00,91.2
2025-06-12 18:28:00,24.9
2025-06-12 07:38:00,38.0
2025-06-12 21:15:00,48.6
2025-06-12 07:19:00,50.17195767195767
2025-06-12 12:14:00,50.17195767195767
2025-06-12 01:50:00,35.3
2025-06-12 05:29:00,49.7
2025-06-12 17:50:00,77.7
2025-06-12 10:18:00,22.9
2025-06-12 07:41:00,29.2
2025-06-12 12:49:00,92.9
2025-06-12 11:42:00,56.8
2025-06-12 16:06:00,9.6
2025-06-12 14:23:00,50.17195767195767
2025-06-12 21:50:00,12.3
2025-06-12 06:52:00,87.1
2025-06-12 11:34:00,25.9
2025-06-12 10:04:00,54.0
2025-06-12 07:25:00,21.5
2025-06-12 03:49:00,57.0
2025-06-12 06:18:00,55.0
2025-06-12 02:15:00,50.17195767195767
2025-06-12 23:59:00,46.0
2025-06-12 18:51:00,80.3
2025-06-12 19:53:00,31.4
2025-06-12 06:47:00,62.5
2025-06-12 18:04:00,42.0
2025-06-12 04:04:00,35.2
2025-06-12 10:58:00,81.9
2025-06-12 13:46:00,3.1
2025-06-12 23:34:00,62.7
2025-06-12 03:32:00,44.3
2025-06-12 21:43:00,50.17195767195767
2025-06-12 16:21:00,90.6
2025-06-12 01:32:00,67.4
2025-06-12 19:37:00,34.3
2025-06-12 18:41:00,83.4
2025-06-12 16:04:00,48.4
2025-06-12 18:28:00,98.1
2025-06-12 02:58:00,67.9
2025-06-12 07:13:00,15.9
2025-06-12 10:56:00,46.8
2025-06-12 21:11:00,11.5
2025-06-12 09:09:00,52.4
2025-06-12 03:21:00,56.3
2025-06-12 07:41:00,81.7
2025-06-12 17:30:00,15.3
2025-06-12 09:29:00,19.3
2025-06-12 04:32:00,50.17195767195767
2025-06-12 11:18:00,73.5
2025-06-12 15:26:00,86.2
2025-06-12 12:55:00,44.7
2025-06-12 05:14:00,42.0
2025-06-12 10:01:00,68.2
2025-06-12 14:56:00,32.6
2025-06-12 06:53:00,31.4
2025-06-12 17:21:00,69.8
2025-06-12 06:12:00,12.1
2025-06-12 21:52:00,60.3
2025-06-12 12:32:00,77.0
2025-06-12 03:02:00,50.17195767195767
2025-06-12 18:50:00,18.3
2025-06-12 19:41:00,68.8
2025-06-12 09:39:00,71.1
2025-06-12 00:10:00,50.17195767195767
2025-06-12 04:27:00,30.5
2025-06-12 09:40:00,56.1
2025-06-12 18:13:00,13.1
2025-06-12 18:01:00,77.2
2025-06-12 07:17:00,40.0
2025-06-12 20:52:00,32.5
2025-06-12 22:46:00,76.1
2025-06-12 08:34:00,50.17195767195767
2025-06-12 18:33:00,59.1
2025-06-12 20:02:00,10.8
2025-06-12 03:53:00,83.1
2025-06-12 01:20:00,23.5
2025-06-12 21:59:00,14.4
2025-06-12 14:59:00,30.0
2025-06-12 07:58:00,62.6
2025-06-12 03:28:00,66.4
2025-06-12 08:44:00,58.7
2025-06-12 15:13:00,22.6
2025-06-12 06:01:00,3.5
2025-06-12 22:01:00,70.1
2025-06-12 10:21:00,16.3
2025-06-12 01:30:00,58.6
2025-06-12 16:55:00,56.2
2025-06-12 23:36:00,69.6
2025-06-12 21:08:00,50.17195767195767
2025-06-12 21:55:00,51.4
2025-06-12 17:00:00,91.1
2025-06-12 05:56:00,50.3
2025-06-12 12:34:00,25.2
2025-06-12 01:06:00,90.9
2025-06-12 22:46:00,89.2
2025-06-12 22:36:00,99.4
2025-06-12 02:58:00,9.3
2025-06-12 10:10:00,90.3
2025-06-12 20:36:00,1.7
2025-06-12 20:08:00,9.3
2025-06-12 09:36:00,15.5
2025-06-12 03:59:00,48.5
2025-06-12 10:44:00,56.8
2025-06-12 09:25:00,6.5
2025-06-12 21:36:00,68.8
2025-06-12 23:32:00,49.2
2025-06-12 13:09:00,74.5
2025-06-12 09:06:00,30.6
2025-06-12 19:34:00,28.1
2025-06-12 18:12:00,50.17195767195767
2025-06-12 05:07:00,89.3
2025-06-12 23:40:00,61.4
2025-06-12 21:02:00,68.4
2025-06-12 21:11:00,44.3
2025-06-12 21:03:00,71.1
2025-06-12 22:00:00,47.4
2025-06-12 06:22:00,31.8
2025-06-12 09:37:00,19.7
2025-06-12 10:57:00,50.17195767195767
2025-06-12 14:06:00,21.5
2025-06-12 10:55:00,84.6
2025-06-12 03:15:00,18.0
2025-06-12 09:14:00,91.7
2025-06-12 07:34:00,50.8
2025-06-12 21:39:00,26.6
2025-06-12 03:34:00,81.5
2025-06-12 12:08:00,32.3
2025-06-12 00:38:00,88.9
2025-06-12 07:44:00,18.7
2025-06-12 12:41:00,46.4
2025-06-12 06:14:00,96.8
2025-06-12 22:42:00,95.4
2025-06-12 23:13:00,56.7
2025-06-12 04:01:00,0.9
2025-06-12 04:29:00,50.17195767195767
2025-06-12 20:33:00,54.7
2025-06-12 20:11:00,12.8
2025-06-12 03:11:00,45.2
2025-06-12 21:33:00,97.7
2025-06-12 02:19:00,87.6
2025-06-12 02:39:00,33.8
2025-06-12 03:52:00,84.4
2025-06-12 14:45:00,65.0
2025-06-12 14:03:00,41.7
2025-06-12 15:35:00,72.0
2025-06-12 11:40:00,60.2
2025-06-12 05:51:00,20.7
2025-06-12 19:30:00,90.0
2025-06-12 16:53:00,14.1
2025-06-12 20:43:00,49.69252501471454
2025-06-12 13:25:00,37.8
2025-06-12 11:30:00,49.69252501471454
2025-06-12 10:18:00,31.4
2025-06-12 22:10:00,81.6
2025-06-12 10:31:00,28.2
2025-06-12 23:09:00,30.2
2025-06-12 14:07:00,60.4
2025-06-12 15:22:00,70.6
2025-06-12 18:36:00,17.8
2025-06-12 18:43:00,26.7
2025-06-12 16:34:00,85.5
2025-06-12 14:22:00,95.2
2025-06-12 23:25:00,68.4
2025-06-12 06:27:00,24.6
2025-06-12 21:01:00,49.69252501471454
2025-06-12 00:08:00,14.5
2025-06-12 10:29:00,2.5
2025-06-12 09:58:00,25.4
2025-06-12 17:07:00,49.69252501471454
2025-06-12 03:01:00,34.7
2025-06-12 02:27:00,61.3
2025-06-12 19:53:00,93.1
2025-06-12 15:26:00,90.6
2025-06-12 23:27:00,44.2
2025-06-12 06:28:00,49.69252501471454
2025-06-12 12:32:00,49.69252501471454
2025-06-12 09:31:00,71.2
2025-06-12 04:19:00,97.9
2025-06-12 07:27:00,68.3
2025-06-12 07:31:00,4.2
2025-06-12 12:18:00,49.69252501471454
2025-06-12 08:40:00,17.2
2025-06-12 18:31:00,94.4
2025-06-12 01:26:00,89.1
2025-06-12 18:30:00,33.4
2025-06-12 17:04:00,49.69252501471454
2025-06-12 19:27:00,89.1
2025-06-12 13:59:00,73.9
2025-06-12 13:18:00,90.0
2025-06-12 22:12:00,84.1
2025-06-12 23:16:00,75.3
2025-06-12 03:23:00,56.1
2025-06-12 21:39:00,65.3
2025-06-12 05:25:00,37.8
2025-06-12 05:44:00,56.0
2025-06-12 22:29:00,63.3
2025-06-12 22:25:00,57.9
2025-06-12 04:43:00,83.2
2025-06-12 02:00:00,47.7
2025-06-12 16:08:00,97.2
2025-06-12 14:51:00,49.69252501471454
2025-06-12 19:44:00,9.6
2025-06-12 08:04:00,20.1
2025-06-12 02:17:00,49.69252501471454
2025-06-12 04:03:00,79.7
2025-06-12 22:20:00,26.4
2025-06-12 21:12:00,48.6
2025-06-12 18:18:00,7.4
2025-06-12 09:42:00,49.69252501471454
2025-06-12 22:56:00,42.9
2025-06-12 15:52:00,18.9
2025-06-12 09:33:00,73.1
2025-06-12 16:31:00,90.8
2025-06-12 10:37:00,73.7
2025-06-12 23:20:00,37.9
2025-06-12 00:10:00,5.7
2025-06-12 06:12:00,49.69252501471454
2025-06-12 21:42:00,71.0
2025-06-12 20:30:00,32.6
2025-06-12 08:31:00,2.7
2025-06-12 10:00:00,49.69252501471454
2025-06-12 13:29:00,4.2
2025-06-12 17:47:00,21.8
2025-06-12 20:47:00,49.69252501471454
2025-06-12 14:52:00,25.9
2025-06-12 12:23:00,42.5
2025-06-12 23:59:00,33.7
2025-06-12 21:24:00,49.69252501471454
2025-06-12 14:11:00,17.2
2025-06-12 04:07:00,49.69252501471454
2025-06-12 17:02:00,37.4
2025-06-12 15:51:00,17.6
2025-06-12 05:09:00,82.6
2025-06-12 14:18:00,33.2
2025-06-12 11:38:00,88.1
2025-06-12 02:49:00,35.6
2025-06-12 01:06:00,41.4
2025-06-12 01:17:00,50.3
2025-06-12 01:14:00,29.2
2025-06-12 04:26:00,49.69252501471454
2025-06-12 23:24:00,37.3
2025-06-12 02:53:00,49.69252501471454
2025-06-12 08:32:00,1.5
2025-06-12 03:46:00,49.69252501471454
2025-06-12 20:54:00,67.5
2025-06-12 07:06:00,1.1
2025-06-12 04:40:00,96.2
2025-06-12 16:11:00,49.69252501471454
2025-06-12 17:59:00,78.5
2025-06-12 00:14:00,3.4
2025-06-12 04:53:00,51.5
2025-06-12 08:14:00,81.2
2025-06-12 10:10:00,94.6
2025-06-12 17:00:00,94.6
2025-06-12 22:36:00,41.8
2025-06-12 17:50:00,70.3
2025-06-12 02:46:00,38.0
2025-06-12 22:05:00,38.0
2025-06-12 02:13:00,39.6
2025-06-12 10:33:00,58.5
2025-06-12 14:04:00,48.9
2025-06-12 06:27:00,49.69252501471454
2025-06-12 21:58:00,19.0
2025-06-12 22:10:00,51.5
2025-06-12 23:29:00,87.5
2025-06-12 21:49:00,35.2
2025-06-12 12:31:00,60.5
2025-06-12 02:26:00,80.5
2025-06-12 13:39:00,49.69252501471454
2025-06-12 04:49:00,8.5
2025-06-12 10:01:00,49.69252501471454
2025-06-12 00:57:00,95.6
2025-06-12 18:05:00,39.8
2025-06-12 13:02:00,74.5
2025-06-12 01:09:00,10.5
2025-06-12 19:39:00,19.7
2025-06-12 00:25:00,49.69252501471454
2025-06-12 01:19:00,67.7
2025-06-12 13:00:00,34.3
2025-06-12 00:10:00,97.6
2025-06-12 21:51:00,98.3
2025-06-12 07:07:00,60.5
2025-06-12 16:40:00,12.4
2025-06-12 15:42:00,63.2
2025-06-12 03:55:00,88.9
2025-06-12 08:17:00,98.2
2025-06-12 09:44:00,31.6
2025-06-12 18:11:00,92.1
2025-06-12 09:53:00,63.0
2025-06-12 16:00:00,81.5
2025-06-12 05:58:00,56.2
2025-06-12 18:01:00,51.4
2025-06-12 12:40:00,63.1
2025-06-12 22:35:00,7.6
2025-06-12 10:41:00,38.6
2025-06-12 15:01:00,4.6
2025-06-12 23:06:00,7.4
2025-06-12 01:18:00,54.0
2025-06-12 09:20:00,68.8
2025-06-12 07:22:00,13.4
2025-06-12 10:06:00,67.6
2025-06-12 22:31:00,7.5
2025-06-12 02:22:00,61.7
2025-06-12 02:48:00,29.5
2025-06-12 20:47:00,50.7
2025-06-12 12:10:00,10.9
2025-06-12 01:15:00,49.69252501471454
2025-06-12 11:16:00,95.7
2025-06-12 16:27:00,6.7
2025-06-12 15:09:00,63.2
2025-06-12 20:09:00,14.6
2025-06-12 17:10:00,96.5
2025-06-12 02:56:00,38.7
2025-06-12 13:10:00,42.6
2025-06-12 11:53:00,21.4
2025-06-12 23:11:00,83.5
2025-06-12 19:45:00,49.69252501471454
2025-06-12 07:30:00,43.6
2025-06-12 22:34:00,67.6
2025-06-12 04:01:00,31.4
2025-06-12 12:24:00,53.7
2025-06-12 04:03:00,85.9
2025-06-12 01:08:00,90.0
2025-06-12 13:34:00,67.6
2025-06-12 04:35:00,69.1
2025-06-12 19:48:00,94.4
2025-06-12 08:39:00,99.0
2025-06-12 15:35:00,52.5
2025-06-12 16:12:00,29.7
2025-06-12 01:31:00,38.4
2025-06-12 06:27:00,13.0
2025-06-12 12:37:00,20.1
2025-06-12 18:01:00,84.8
2025-06-12 09:56:00,75.5
2025-06-12 01:46:00,73.6
2025-06-12 19:14:00,50.3
2025-06-12 12:59:00,68.8
2025-06-12 16:27:00,33.7
2025-06-12 15:29:00,41.3
2025-06-12 05:38:00,37.9
2025-06-12 09:57:00,43.5
2025-06-12 17:06:00,19.3
2025-06-12 00:26:00,3.9
2025-06-12 19:27:00,78.1
2025-06-12 13:28:00,6.1
2025-06-12 12:42:00,50.9
2025-06-12 04:31:00,44.7
2025-06-12 18:44:00,22.1
2025-06-12 07:30:00,7.0
2025-06-12 10:36:00,49.69252501471454
2025-06-12 21:47:00,77.8
2025-06-12 11:19:00,70.5
2025-06-12 23:04:00,49.69252501471454
2025-06-12 22:25:00,26.4
2025-06-12 08:40:00,12.6
2025-06-12 19:19:00,49.69252501471454
2025-06-12 18:17:00,58.6
2025-06-12 06:23:00,36.5
2025-06-12 10:01:00,92.6
2025-06-12 16:16:00,67.6
2025-06-12 04:56:00,85.8
2025-06-12 12:09:00,90.8
2025-06-12 04:57:00,16.0
2025-06-12 08:40:00,65.7
2025-06-12 15:32:00,49.69252501471454
2025-06-12 19:44:00,6.8
2025-06-12 00:16:00,5.1
2025-06-12 18:37:00,94.1
2025-06-12 04:03:00,1.4
2025-06-12 13:46:00,49.69252501471454
2025-06-12 23:33:00,59.3
2025-06-12 16:27:00,49.69252501471454
2025-06-12 12:24:00,49.69252501471454
2025-06-12 16:36:00,63.3
2025-06-12 21:26:00,7.0
2025-06-12 11:17:00,39.3
2025-06-12 22:30:00,42.7
2025-06-12 04:37:00,17.4
2025-06-12 08:46:00,76.6
2025-06-12 05:29:00,79.1
2025-06-12 08:42:00,83.6
2025-06-12 11:21:00,14.9
2025-06-12 23:08:00,71.8
2025-06-12 13:47:00,28.9
2025-06-12 17:03:00,49.69252501471454
2025-06-12 08:02:00,42.0
2025-06-12 04:53:00,87.4
2025-06-12 18:14:00,36.4
2025-06-12 05:21:00,64.2
2025-06-12 22:47:00,14.3
2025-06-12 16:52:00,55.8
2025-06-12 13:40:00,86.1
2025-06-12 16:41:00,52.0
2025-06-12 17:39:00,84.7
2025-06-12 11:50:00,22.9
2025-06-12 22:40:00,89.4
2025-06-12 22:59:00,49.69252501471454
2025-06-12 02:16:00,72.4
2025-06-12 01:32:00,94.8
2025-06-12 19:49:00,1.9
2025-06-12 05:39:00,92.5
2025-06-12 06:04:00,49.69252501471454
2025-06-12 11:56:00,49.69252501471454
2025-06-12 13:10:00,59.5
2025-06-12 16:32:00,56.1
2025-06-12 17:07:00,73.6
2025-06-12 01:48:00,63.3
2025-06-12 06:07:00,48.8
2025-06-12 02:31:00,66.4
2025-06-12 12:49:00,44.4
2025-06-12 11:40:00,93.0
2025-06-12 18:32:00,65.7
2025-06-12 23:09:00,11.3
2025-06-12 09:53:00,63.1
2025-06-12 10:25:00,48.5
2025-06-12 00:20:00,64.3
2025-06-12 03:29:00,51.6
2025-06-12 20:14:00,49.69252501471454
2025-06-12 11:40:00,89.1
2025-06-12 16:44:00,77.0
2025-06-12 10:35:00,49.69252501471454
2025-06-12 07:20:00,49.69252501471454
2025-06-12 04:59:00,82.3
2025-06-12 19:28:00,49.69252501471454
2025-06-12 20:43:00,50.7
2025-06-12 18:38:00,77.5
2025-06-12 14:34:00,51.7
2025-06-12 09:49:00,31.6
2025-06-12 06:23:00,70.3
2025-06-12 23:57:00,10.9
2025-06-12 00:28:00,49.69252501471454
2025-06-12 12:48:00,63.7
2025-06-12 06:14:00,49.69252501471454
2025-06-12 00:03:00,54.5
2025-06-12 10:11:00,84.2
2025-06-12 01:38:00,9.5
2025-06-12 17:18:00,81.8
2025-06-12 21:27:00,87.3
2025-06-12 15:21:00,47.8
2025-06-12 10:52:00,77.3
2025-06-12 13:44:00,68.6
2025-06-12 08:38:00,60.5
2025-06-12 02:16:00,95.2
2025-06-12 00:06:00,55.1
2025-06-12 06:03:00,90.8
2025-06-12 23:00:00,69.6
2025-06-12 22:09:00,20.7
2025-06-12 19:51:00,82.3
2025-06-12 01:41:00,23.9
2025-06-12 18:06:00,22.6
2025-06-12 12:56:00,30.7
2025-06-12 09:04:00,50.2
2025-06-12 05:05:00,40.9
2025-06-12 16:20:00,58.4
2025-06-12 13:57:00,30.3
2025-06-12 00:10:00,80.7
2025-06-12 20:16:00,49.69252501471454
2025-06-12 19:05:00,3.5
2025-06-12 04:23:00,3.7
2025-06-12 21:42:00,49.69252501471454
2025-06-12 00:36:00,49.69252501471454
2025-06-12 23:20:00,25.8
2025-06-12 17:28:00,92.4
2025-06-12 03:33:00,49.69252501471454
2025-06-12 03:17:00,21.9
2025-06-12 05:12:00,90.6
2025-06-12 03:18:00,28.0
2025-06-12 14:43:00,73.8
2025-06-12 10:41:00,82.1
2025-06-12 12:56:00,77.1
2025-06-12 06:32:00,1.1
2025-06-12 23:28:00,66.6
2025-06-12 18:03:00,0.7
2025-06-12 18:03:00,96.7
2025-06-12 03:00:00,69.0
2025-06-12 03:21:00,36.0
2025-06-12 02:22:00,2.4
2025-06-12 06:26:00,22.0
2025-06-12 04:57:00,28.5
2025-06-12 09:22:00,3.1
2025-06-12 07:40:00,84.1
2025-06-12 03:01:00,65.2
2025-06-12 21:32:00,18.2
2025-06-12 13:17:00,49.88181818181819
2025-06-12 11:25:00,34.1
2025-06-12 08:47:00,49.88181818181819
2025-06-12 19:25:00,37.7
2025-06-12 04:00:00,58.6
2025-06-12 05:24:00,49.88181818181819
2025-06-12 06:24:00,36.0
2025-06-12 01:02:00,91.7
2025-06-12 00:37:00,45.9
2025-06-12 16:56:00,50.9
2025-06-12 12:59:00,49.88181818181819
2025-06-12 02:06:00,95.3
2025-06-12 05:29:00,49.88181818181819
2025-06-12 05:35:00,99.1
2025-06-12 19:57:00,4.4
2025-06-12 17:15:00,57.3
2025-06-12 18:10:00,93.4
2025-06-12 21:02:00,81.0
2025-06-12 16:09:00,92.0
2025-06-12 17:56:00,49.88181818181819
2025-06-12 19:44:00,47.1
2025-06-12 11:30:00,69.5
2025-06-12 00:13:00,1.5
2025-06-12 04:44:00,4.9
2025-06-12 11:59:00,91.1
2025-06-12 06:44:00,84.3
2025-06-12 08:18:00,49.88181818181819
2025-06-12 20:21:00,71.0
2025-06-12 00:29:00,60.8
2025-06-12 07:14:00,9.7
2025-06-12 18:48:00,98.8
2025-06-12 13:05:00,19.1
2025-06-12 17:53:00,76.9
2025-06-12 04:04:00,45.8
2025-06-12 23:04:00,59.2
2025-06-12 17:43:00,49.88181818181819
2025-06-12 01:28:00,63.0
2025-06-12 01:41:00,28.4
2025-06-12 15:35:00,77.2
2025-06-12 01:30:00,14.9
2025-06-12 15:52:00,49.88181818181819
2025-06-12 08:23:00,49.88181818181819
2025-06-12 13:41:00,89.3
2025-06-12 09:13:00,64.7
2025-06-12 11:23:00,89.9
2025-06-12 21:10:00,36.4
2025-06-12 04:42:00,49.88181818181819
2025-06-12 19:16:00,49.9
2025-06-12 00:41:00,37.4
2025-06-12 06:13:00,44.8
2025-06-12 00:26:00,31.9
2025-06-12 23:38:00,33.9
2025-06-12 01:21:00,49.88181818181819
2025-06-12 17:30:00,32.0
2025-06-12 12:37:00,97.7
2025-06-12 12:29:00,36.4
2025-06-12 12:34:00,49.88181818181819
2025-06-12 08:23:00,59.4
2025-06-12 11:27:00,63.9
2025-06-12 18:15:00,6.5
2025-06-12 23:53:00,40.2
2025-06-12 17:56:00,69.2
2025-06-12 18:07:00,68.8
2025-06-12 20:59:00,33.0
2025-06-12 06:24:00,18.2
2025-06-12 15:07:00,24.7
2025-06-12 21:19:00,46.7
2025-06-12 14:05:00,97.0
2025-06-12 21:00:00,30.2
2025-06-12 04:06:00,85.0
2025-06-12 13:21:00,49.88181818181819
2025-06-12 15:05:00,98.4
2025-06-12 12:36:00,95.3
2025-06-12 14:48:00,23.8
2025-06-12 20:55:00,31.7
2025-06-12 04:56:00,48.9
2025-06-12 20:54:00,67.1
2025-06-12 18:41:00,77.2
2025-06-12 06:51:00,2.2
2025-06-12 22:27:00,41.0
2025-06-12 17:53:00,31.8
2025-06-12 08:52:00,16.3
2025-06-12 07:26:00,49.88181818181819
2025-06-12 08:25:00,63.8
2025-06-12 09:03:00,53.7
2025-06-12 21:34:00,13.1
2025-06-12 03:36:00,49.88181818181819
2025-06-12 01:04:00,49.88181818181819
2025-06-12 21:01:00,32.8
2025-06-12 18:57:00,8.6
2025-06-12 20:50:00,49.88181818181819
2025-06-12 23:58:00,2.6
2025-06-12 09:12:00,62.7
2025-06-12 03:26:00,33.1
2025-06-12 05:48:00,49.88181818181819
2025-06-12 15:31:00,38.9
2025-06-12 19:14:00,50.0
2025-06-12 21:06:00,49.88181818181819
2025-06-12 17:04:00,24.6
2025-06-12 02:01:00,16.3
2025-06-12 05:41:00,2.3
2025-06-12 07:05:00,63.5
2025-06-12 23:29:00,21.7
2025-06-12 08:48:00,82.7
2025-06-12 18:05:00,19.0
2025-06-12 02:48:00,30.0
2025-06-12 00:08:00,42.4
2025-06-12 02:50:00,56.0
2025-06-12 22:03:00,61.8
2025-06-12 20:18:00,97.0
2025-06-12 23:53:00,38.2
2025-06-12 05:10:00,97.4
2025-06-12 06:48:00,79.8
2025-06-12 02:49:00,49.88181818181819
2025-06-12 19:25:00,70.8
2025-06-12 13:30:00,57.9
2025-06-12 08:21:00,13.0
2025-06-12 12:41:00,80.9
2025-06-12 16:39:00,68.9
2025-06-12 04:21:00,49.88181818181819
2025-06-12 23:08:00,55.7
2025-06-12 15:14:00,17.4
2025-06-12 17:21:00,48.1
2025-06-12 16:07:00,4.1
2025-06-12 14:05:00,37.3
2025-06-12 22:44:00,26.3
2025-06-12 22:03:00,49.88181818181819
2025-06-12 21:53:00,36.4
2025-06-12 05:04:00,72.6
2025-06-12 04:25:00,97.4
2025-06-12 10:59:00,12.7
2025-06-12 17:24:00,96.9
2025-06-12 22:42:00,15.1
2025-06-12 13:59:00,99.1
2025-06-12 07:13:00,42.0
2025-06-12 15:26:00,36.7
2025-06-12 02:25:00,95.7
2025-06-12 09:05:00,86.9
2025-06-12 12:12:00,44.7
2025-06-12 11:40:00,64.4
2025-06-12 09:01:00,50.1
2025-06-12 08:39:00,71.9
2025-06-12 04:07:00,83.4
2025-06-12 03:13:00,33.7
2025-06-12 14:31:00,49.88181818181819
2025-06-12 03:58:00,9.1
2025-06-12 21:55:00,14.6
2025-06-12 08:35:00,71.0
2025-06-12 09:12:00,49.88181818181819
2025-06-12 17:15:00,12.8
2025-06-12 06:03:00,49.88181818181819
2025-06-12 16:04:00,33.1
2025-06-12 00:20:00,85.9
2025-06-12 14:50:00,88.0
2025-06-12 23:21:00,0.6
2025-06-12 12:42:00,63.6
2025-06-12 00:36:00,31.7
2025-06-12 02:51:00,15.0
2025-06-12 01:22:00,72.5
2025-06-12 18:00:00,56.0
2025-06-12 06:19:00,34.6
2025-06-12 01:31:00,64.1
2025-06-12 16:17:00,97.1
2025-06-12 21:27:00,57.0
2025-06-12 11:52:00,6.2
2025-06-12 20:58:00,54.1
2025-06-12 12:04:00,43.6
2025-06-12 17:23:00,31.5
2025-06-12 09:17:00,14.1
2025-06-12 17:42:00,99.8
2025-06-12 02:41:00,49.88181818181819
2025-06-12 11:31:00,49.88181818181819
2025-06-12 19:37:00,49.88181818181819
2025-06-12 20:31:00,16.5
2025-06-12 11:56:00,56.8
2025-06-12 07:41:00,45.6
2025-06-12 21:54:00,4.9
2025-06-12 19:39:00,98.1
2025-06-12 03:02:00,22.2
2025-06-12 04:07:00,25.6
2025-06-12 06:53:00,32.4
2025-06-12 11:56:00,24.5
2025-06-12 00:34:00,77.6
2025-06-12 00:36:00,99.7
2025-06-12 19:25:00,46.6
2025-06-12 10:20:00,49.88181818181819
2025-06-12 23:11:00,25.1
2025-06-12 05:15:00,13.9
2025-06-12 20:51:00,68.0
2025-06-12 02:34:00,30.3
2025-06-12 03:19:00,49.88181818181819
2025-06-12 19:31:00,83.5
2025-06-12 14:01:00,88.6
2025-06-12 23:31:00,34.4
2025-06-12 11:37:00,4.0
2025-06-12 20:14:00,52.7
2025-06-12 15:27:00,7.4
2025-06-12 23:05:00,32.7
2025-06-12 14:28:00,24.4
2025-06-12 13:14:00,90.5
2025-06-12 01:54:00,50.7
2025-06-12 19:54:00,16.4
2025-06-12 23:35:00,85.1
2025-06-12 14:48:00,49.88181818181819
2025-06-12 14:14:00,13.1
2025-06-12 05:05:00,60.4
2025-06-12 20:51:00,92.4
2025-06-12 01:20:00,24.7
2025-06-12 08:15:00,49.88181818181819
2025-06-12 02:32:00,79.5
2025-06-12 03:44:00,61.0
2025-06-12 10:56:00,49.88181818181819
2025-06-12 11:07:00,16.7
2025-06-12 03:01:00,58.9
2025-06-12 06:06:00,42.8
2025-06-12 06:25:00,49.88181818181819
2025-06-12 09:54:00,58.8
2025-06-12 09:29:00,35.3
2025-06-12 04:16:00,63.1
2025-06-12 13:19:00,93.0
2025-06-12 02:16:00,77.6
2025-06-12 10:11:00,10.6
2025-06-12 09:23:00,92.1
2025-06-12 15:21:00,27.8
2025-06-12 10:51:00,66.3
2025-06-12 21:52:00,20.2
2025-06-12 12:42:00,98.3
2025-06-12 07:40:00,80.4
2025-06-12 10:19:00,71.2
2025-06-12 04:34:00,73.3
2025-06-12 14:27:00,96.1
2025-06-12 01:01:00,97.3
2025-06-12 18:13:00,49.88181818181819
2025-06-12 14:14:00,41.9
2025-06-12 08:05:00,49.88181818181819
2025-06-12 04:40:00,50.8
2025-06-12 02:27:00,58.9
2025-06-12 00:34:00,22.8
2025-06-12 09:59:00,61.8
2025-06-12 14:03:00,47.2
2025-06-12 19:48:00,95.4
2025-06-12 00:49:00,12.8
2025-06-12 23:39:00,28.0
2025-06-12 19:52:00,87.3
2025-06-12 03:29:00,63.3
2025-06-12 15:09:00,73.2
2025-06-12 19:45:00,97.1
2025-06-12 23:37:00,49.88181818181819
2025-06-12 16:21:00,68.6
2025-06-12 17:56:00,82.3
2025-06-12 13:51:00,91.1
2025-06-12 04:35:00,17.0
2025-06-12 11:22:00,6.8
2025-06-12 22:31:00,77.2
2025-06-12 15:35:00,72.6
2025-06-12 12:14:00,49.88181818181819
2025-06-12 21:09:00,63.5
2025-06-12 19:58:00,85.4
2025-06-12 10:13:00,49.88181818181819
2025-06-12 22:02:00,39.5
2025-06-12 10:52:00,39.6
2025-06-12 00:10:00,89.5
2025-06-12 06:31:00,13.6
2025-06-12 19:20:00,96.5
2025-06-12 21:31:00,65.2
2025-06-12 22:24:00,80.3
2025-06-12 22:20:00,98.4
2025-06-12 12:26:00,94.8
2025-06-12 22:27:00,36.0
2025-06-12 21:04:00,77.1
2025-06-12 19:58:00,49.88181818181819
2025-06-12 09:02:00,99.0
2025-06-12 12:26:00,33.8
2025-06-12 16:13:00,11.7
2025-06-12 06:17:00,49.88181818181819
2025-06-12 03:54:00,49.88181818181819
2025-06-12 07:35:00,19.1
2025-06-12 04:11:00,42.2
2025-06-12 04:21:00,28.2
2025-06-12 01:01:00,75.0
2025-06-12 18:31:00,69.6
2025-06-12 17:22:00,82.2
2025-06-12 19:35:00,49.88181818181819
2025-06-12 08:01:00,36.7
2025-06-12 20:15:00,17.7
2025-06-12 04:24:00,13.3
2025-06-12 12:19:00,49.88181818181819
2025-06-12 23:19:00,49.88181818181819
2025-06-12 14:01:00,22.7
2025-06-12 20:41:00,2.8
2025-06-12 06:07:00,12.3
2025-06-12 13:32:00,62.6
2025-06-12 02:35:00,68.1
2025-06-12 01:30:00,33.6
2025-06-12 07:05:00,49.88181818181819
2025-06-12 03:04:00,94.4
2025-06-12 16:49:00,49.88181818181819
2025-06-12 09:12:00,98.3
2025-06-12 11:07:00,55.6
2025-06-12 11:21:00,11.6
2025-06-12 15:51:00,4.3
2025-06-12 08:26:00,72.6
2025-06-12 23:22:00,94.5
2025-06-12 04:31:00,49.88181818181819
2025-06-12 09:33:00,49.88181818181819
2025-06-12 11:12:00,49.88181818181819
2025-06-12 07:47:00,29.8
2025-06-12 20:54:00,49.88181818181819
2025-06-12 18:01:00,2.3
2025-06-12 06:36:00,7.2
2025-06-12 00:44:00,3.7
2025-06-12 07:25:00,27.3
2025-06-12 16:46:00,69.0
2025-06-12 03:10:00,45.9
2025-06-12 10:35:00,30.4
2025-06-12 20:32:00,62.9
2025-06-12 12:18:00,40.1
2025-06-12 11:39:00,47.3
2025-06-12 11:13:00,0.9
2025-06-12 15:01:00,69.8
2025-06-12 07:40:00,6.1
2025-06-12 21:49:00,24.9
2025-06-12 05:38:00,49.88181818181819
2025-06-12 16:10:00,57.1
2025-06-12 20:09:00,13.3
2025-06-12 00:25:00,61.4
2025-06-12 06:21:00,26.0
2025-06-12 23:52:00,5.6
2025-06-12 05:36:00,4.4
2025-06-12 09:20:00,28.6
2025-06-12 19:40:00,69.8
2025-06-12 03:51:00,3.9
2025-06-12 14:52:00,39.1
2025-06-12 23:52:00,78.0
2025-06-12 07:15:00,43.5
2025-06-12 07:52:00,44.0
2025-06-12 18:57:00,36.2
2025-06-12 08:42:00,78.9
2025-06-12 21:32:00,13.2
2025-06-12 20:47:00,38.7
2025-06-12 02:01:00,55.1
2025-06-12 04:57:00,21.6
2025-06-12 18:06:00,49.88181818181819
2025-06-12 21:33:00,49.88181818181819
2025-06-12 05:40:00,67.4
2025-06-12 23:11:00,68.3
2025-06-12 16:01:00,84.3
2025-06-12 21:01:00,62.9
2025-06-12 20:14:00,38.0
2025-06-12 08:30:00,15.1
2025-06-12 12:57:00,2.1
2025-06-12 12:35:00,77.1
2025-06-12 04:58:00,4.5
2025-06-12 06:37:00,12.7
2025-06-12 10:41:00,75.5
2025-06-12 20:38:00,27.2
2025-06-12 00:50:00,24.8
2025-06-12 03:01:00,50.019744401453856
2025-06-12 10:28:00,84.5
2025-06-12 12:32:00,2.2
2025-06-12 07:51:00,47.1
2025-06-12 11:57:00,48.2
2025-06-12 08:08:00,86.7
2025-06-12 13:54:00,50.019744401453856
2025-06-12 05:47:00,65.7
2025-06-12 18:00:00,23.4
2025-06-12 21:01:00,50.0
2025-06-12 12:22:00,64.8
2025-06-12 15:01:00,31.5
2025-06-12 09:59:00,89.5
2025-06-12 01:21:00,44.3
2025-06-12 18:18:00,76.2
2025-06-12 17:52:00,63.5
2025-06-12 08:03:00,64.4
2025-06-12 11:42:00,90.5
2025-06-12 17:34:00,89.3
2025-06-12 21:17:00,55.9
2025-06-12 21:12:00,79.7
2025-06-12 08:14:00,4.2
2025-06-12 07:53:00,85.0
2025-06-12 04:43:00,65.9
2025-06-12 20:24:00,7.0
2025-06-12 15:03:00,80.6
2025-06-12 05:29:00,41.8
2025-06-12 14:35:00,82.5
2025-06-12 16:16:00,20.8
2025-06-12 21:53:00,63.2
2025-06-12 15:37:00,59.7
2025-06-12 13:29:00,52.9
2025-06-12 10:24:00,23.5
2025-06-12 21:10:00,55.0
2025-06-12 20:06:00,66.9
2025-06-12 15:11:00,60.1
2025-06-12 16:25:00,90.2
2025-06-12 23:44:00,44.6
2025-06-12 18:29:00,11.1
2025-06-12 20:04:00,50.019744401453856
2025-06-12 22:55:00,90.7
2025-06-12 06:16:00,55.0
2025-06-12 19:50:00,14.2
2025-06-12 20:08:00,6.1
2025-06-12 00:07:00,50.019744401453856
2025-06-12 13:00:00,43.7
2025-06-12 01:04:00,57.2
2025-06-12 07:25:00,88.9
2025-06-12 12:01:00,90.9
2025-06-12 02:03:00,41.6
2025-06-12 13:22:00,27.0
2025-06-12 16:54:00,61.9
2025-06-12 11:59:00,28.3
2025-06-12 16:22:00,26.9
2025-06-12 20:16:00,96.4
2025-06-12 10:12:00,6.5
2025-06-12 23:53:00,51.5
2025-06-12 05:15:00,50.019744401453856
2025-06-12 03:42:00,9.5
2025-06-12 03:13:00,27.4
2025-06-12 08:34:00,59.7
2025-06-12 01:01:00,67.2
2025-06-12 18:43:00,49.8
2025-06-12 00:29:00,2.9
2025-06-12 02:36:00,84.1
2025-06-12 04:25:00,15.8
2025-06-12 09:46:00,24.0
2025-06-12 00:10:00,50.019744401453856
2025-06-12 13:38:00,63.3
2025-06-12 04:15:00,68.1
2025-06-12 13:52:00,36.3
2025-06-12 04:18:00,77.6
2025-06-12 02:18:00,27.4
2025-06-12 00:26:00,73.6
2025-06-12 21:52:00,50.019744401453856
2025-06-12 20:57:00,24.9
2025-06-12 20:21:00,62.7
2025-06-12 06:58:00,65.3
2025-06-12 07:30:00,78.7
2025-06-12 03:27:00,37.9
2025-06-12 11:11:00,24.7
2025-06-12 23:51:00,55.2
2025-06-12 19:07:00,10.9
2025-06-12 10:05:00,77.6
2025-06-12 12:24:00,10.3
2025-06-12 10:50:00,50.019744401453856
2025-06-12 08:16:00,1.7
2025-06-12 21:59:00,70.7
2025-06-12 09:33:00,57.9
2025-06-12 03:49:00,50.019744401453856
2025-06-12 05:53:00,34.7
2025-06-12 15:12:00,53.9
2025-06-12 23:26:00,68.5
2025-06-12 00:38:00,52.6
2025-06-12 00:30:00,77.7
2025-06-12 03:45:00,10.1
2025-06-12 18:14:00,10.6
2025-06-12 19:05:00,9.8
2025-06-12 03:10:00,48.8
2025-06-12 21:32:00,57.1
2025-06-12 02:09:00,82.0
2025-06-12 00:34:00,99.1
2025-06-12 18:04:00,98.3
2025-06-12 16:48:00,92.4
2025-06-12 20:24:00,19.7
2025-06-12 02:38:00,50.019744401453856
2025-06-12 01:00:00,38.4
2025-06-12 03:50:00,93.9
2025-06-12 09:01:00,8.4
2025-06-12 07:26:00,72.1
2025-06-12 12:58:00,50.019744401453856
2025-06-12 00:37:00,95.3
2025-06-12 17:09:00,80.2
2025-06-12 22:59:00,62.0
2025-06-12 23:09:00,34.4
2025-06-12 20:38:00,53.2
2025-06-12 10:45:00,99.9
2025-06-12 20:56:00,81.5
2025-06-12 06:03:00,85.9
2025-06-12 02:36:00,11.1
2025-06-12 10:24:00,50.019744401453856
2025-06-12 11:56:00,31.9
2025-06-12 10:34:00,34.3
2025-06-12 04:03:00,37.5
2025-06-12 14:41:00,54.0
2025-06-12 20:13:00,50.019744401453856
2025-06-12 17:13:00,52.9
2025-06-12 15:19:00,50.019744401453856
2025-06-12 03:53:00,42.6
2025-06-12 05:46:00,50.019744401453856
2025-06-12 07:07:00,43.1
2025-06-12 06:49:00,29.5
2025-06-12 13:50:00,89.4
2025-06-12 22:16:00,16.0
2025-06-12 16:44:00,39.5
2025-06-12 22:08:00,50.019744401453856
2025-06-12 08:20:00,50.019744401453856
2025-06-12 05:16:00,53.2
2025-06-12 08:13:00,31.9
2025-06-12 01:43:00,82.1
2025-06-12 09:36:00,50.019744401453856
2025-06-12 06:00:00,55.1
2025-06-12 09:42:00,43.8
2025-06-12 09:46:00,75.3
2025-06-12 04:05:00,64.7
2025-06-12 06:26:00,97.9
2025-06-12 11:00:00,34.7
2025-06-12 03:41:00,69.4
2025-06-12 22:29:00,50.9
2025-06-12 12:34:00,54.9
2025-06-12 02:04:00,2.1
2025-06-12 17:09:00,38.9
2025-06-12 11:30:00,56.7
2025-06-12 03:50:00,9.7
2025-06-12 02:28:00,42.2
2025-06-12 21:41:00,68.8
2025-06-12 22:18:00,15.9
2025-06-12 23:52:00,42.6
2025-06-12 04:12:00,68.4
2025-06-12 12:17:00,61.3
2025-06-12 07:05:00,42.9
2025-06-12 09:07:00,98.2
2025-06-12 12:44:00,68.2
2025-06-12 15:28:00,50.019744401453856
2025-06-12 04:29:00,50.019744401453856
2025-06-12 11:41:00,0.2
2025-06-12 21:31:00,50.019744401453856
2025-06-12 18:22:00,10.1
2025-06-12 00:39:00,87.5
2025-06-12 02:44:00,50.019744401453856
2025-06-12 01:59:00,9.3
2025-06-12 08:37:00,5.2
2025-06-12 20:10:00,51.2
2025-06-12 23:38:00,39.5
2025-06-12 01:04:00,28.4
2025-06-12 07:55:00,68.6
2025-06-12 07:06:00,50.019744401453856
2025-06-12 18:09:00,22.3
2025-06-12 18:52:00,2.1
2025-06-12 21:43:00,49.2
2025-06-12 12:26:00,50.019744401453856
2025-06-12 23:14:00,85.5
2025-06-12 16:58:00,79.0
2025-06-12 01:31:00,94.8
2025-06-12 22:13:00,52.0
2025-06-12 11:57:00,84.0
2025-06-12 02:30:00,17.5
2025-06-12 05:18:00,4.0
2025-06-12 10:12:00,50.019744401453856
2025-06-12 14:49:00,50.019744401453856
2025-06-12 17:21:00,29.8
2025-06-12 21:52:00,90.8
2025-06-12 01:59:00,68.3
2025-06-12 01:18:00,48.3
2025-06-12 22:34:00,50.019744401453856
2025-06-12 09:41:00,52.9
2025-06-12 10:08:00,37.2
2025-06-12 04:38:00,40.5
2025-06-12 01:17:00,38.4
2025-06-12 01:40:00,78.6
2025-06-12 16:36:00,22.2
2025-06-12 03:54:00,47.0
2025-06-12 16:28:00,79.6
2025-06-12 07:34:00,56.7
2025-06-12 17:27:00,85.8
2025-06-12 23:15:00,9.7
2025-06-12 14:45:00,66.4
2025-06-12 02:53:00,21.9
2025-06-12 15:32:00,66.3
2025-06-12 04:55:00,2.5
2025-06-12 20:06:00,60.5
2025-06-12 11:20:00,18.7
2025-06-12 08:33:00,71.7
2025-06-12 03:43:00,3.2
2025-06-12 07:01:00,88.9
2025-06-12 22:41:00,26.0
2025-06-12 01:40:00,31.0
2025-06-12 22:43:00,79.2
2025-06-12 20:59:00,50.019744401453856
2025-06-12 22:14:00,84.1
2025-06-12 19:14:00,64.3
2025-06-12 09:46:00,43.9
2025-06-12 15:22:00,50.019744401453856
2025-06-12 15:44:00,52.5
2025-06-12 19:09:00,44.4
2025-06-12 16:20:00,50.019744401453856
2025-06-12 16:04:00,50.019744401453856
2025-06-12 16:05:00,27.6
2025-06-12 18:00:00,35.7
2025-06-12 06:50:00,50.019744401453856
2025-06-12 23:20:00,49.9
2025-06-12 22:30:00,50.7
2025-06-12 11:00:00,50.019744401453856
2025-06-12 03:28:00,50.019744401453856
2025-06-12 21:46:00,56.1
2025-06-12 11:33:00,68.9
2025-06-12 06:58:00,59.8
2025-06-12 20:09:00,62.3
2025-06-12 16:10:00,76.2
2025-06-12 12:06:00,39.1
2025-06-12 12:48:00,41.0
2025-06-12 12:11:00,28.7
2025-06-12 05:04:00,92.0
2025-06-12 02:46:00,57.4
2025-06-12 13:52:00,59.7
2025-06-12 08:53:00,89.9
2025-06-12 10:51:00,7.6
2025-06-12 20:23:00,26.2
2025-06-12 17:59:00,65.7
2025-06-12 12:57:00,93.1
2025-06-12 06:22:00,22.7
2025-06-12 15:05:00,20.3
2025-06-12 16:33:00,50.019744401453856
2025-06-12 01:05:00,18.2
2025-06-12 21:25:00,97.0
2025-06-12 08:49:00,75.0
2025-06-12 02:29:00,82.4
2025-06-12 16:43:00,67.5
2025-06-12 19:13:00,82.4
2025-06-12 04:53:00,39.7
2025-06-12 16:45:00,99.0
2025-06-12 04:23:00,97.9
2025-06-12 13:58:00,43.8
2025-06-12 19:54:00,30.7
2025-06-12 11:29:00,85.8
2025-06-12 22:21:00,57.6
2025-06-12 12:10:00,62.3
2025-06-12 19:24:00,76.3
2025-06-12 15:59:00,23.5
2025-06-12 04:41:00,97.7
2025-06-12 08:14:00,95.8
2025-06-12 05:51:00,20.1
2025-06-12 20:56:00,22.1
2025-06-12 05:05:00,62.6
2025-06-12 23:22:00,47.6
2025-06-12 02:26:00,17.0
2025-06-12 07:00:00,57.6
2025-06-12 02:31:00,75.7
2025-06-12 06:13:00,48.3
2025-06-12 18:00:00,50.019744401453856
2025-06-12 00:41:00,65.7
2025-06-12 02:26:00,50.019744401453856
2025-06-12 08:49:00,26.6
2025-06-12 17:36:00,62.6
2025-06-12 00:24:00,91.3
2025-06-12 11:46:00,50.019744401453856
2025-06-12 12:21:00,68.5
2025-06-12 10:46:00,23.6
2025-06-12 12:37:00,0.2
2025-06-12 16:07:00,56.1
2025-06-12 13:13:00,20.4
2025-06-12 02:39:00,73.9
2025-06-12 07:55:00,2.4
2025-06-12 10:40:00,50.019744401453856
2025-06-12 08:37:00,56.5
2025-06-12 15:24:00,50.019744401453856
2025-06-12 01:20:00,26.3
2025-06-12 15:47:00,84.3
2025-06-12 22:56:00,50.019744401453856
2025-06-12 17:31:00,91.7
2025-06-12 22:01:00,36.8
2025-06-12 11:20:00,6.8
2025-06-12 05:28:00,50.2
2025-06-12 16:10:00,50.019744401453856
2025-06-12 17:11:00,4.7
2025-06-12 12:46:00,7.8
2025-06-12 19:53:00,76.3
2025-06-12 04:53:00,52.8
2025-06-12 04:22:00,7.3
2025-06-12 13:29:00,53.0
2025-06-12 21:36:00,18.0
2025-06-12 04:49:00,27.4
2025-06-12 02:54:00,30.9
2025-06-12 12:17:00,87.6
2025-06-12 14:59:00,37.9
2025-06-12 22:59:00,24.3
2025-06-12 08:07:00,14.6
2025-06-12 05:13:00,6.0
2025-06-12 20:19:00,96.9
2025-06-12 20:30:00,85.8
2025-06-12 13:13:00,50.019744401453856
2025-06-12 09:44:00,75.5
2025-06-12 23:43:00,43.0
2025-06-12 09:08:00,43.0
2025-06-12 09:32:00,8.5
2025-06-12 14:05:00,2.6
2025-06-12 20:11:00,71.0
2025-06-12 18:02:00,69.7
2025-06-12 21:02:00,50.019744401453856
2025-06-12 22:55:00,50.019744401453856
2025-06-12 01:47:00,80.0
2025-06-12 16:18:00,26.0
2025-06-12 12:43:00,48.2
2025-06-12 18:33:00,42.2
2025-06-12 10:21:00,72.0
2025-06-12 08:17:00,63.0
2025-06-12 16:31:00,68.1
2025-06-12 06:16:00,58.0
2025-06-12 16:12:00,49.0
2025-06-12 22:00:00,50.0
2025-06-12 12:35:00,70.1
2025-06-12 21:00:00,86.2
2025-06-12 14:02:00,49.94205948042788
2025-06-12 12:03:00,19.7
2025-06-12 18:39:00,19.2
2025-06-12 18:57:00,73.5
2025-06-12 04:44:00,11.1
2025-06-12 16:48:00,12.0
2025-06-12 19:43:00,22.0
2025-06-12 01:17:00,92.4
2025-06-12 18:23:00,24.3
2025-06-12 04:07:00,13.4
2025-06-12 02:53:00,14.3
2025-06-12 00:24:00,1.2
2025-06-12 18:04:00,16.2
2025-06-12 12:27:00,30.9
2025-06-12 01:00:00,36.6
2025-06-12 08:56:00,94.3
2025-06-12 01:48:00,69.5
2025-06-12 15:32:00,36.7
2025-06-12 11:36:00,8.5
2025-06-12 14:22:00,70.2
2025-06-12 10:31:00,0.8
2025-06-12 16:31:00,14.3
2025-06-12 16:51:00,49.94205948042788
2025-06-12 17:26:00,39.3
2025-06-12 18:09:00,52.1
2025-06-12 07:21:00,35.3
2025-06-12 16:35:00,88.2
2025-06-12 00:08:00,75.6
2025-06-12 20:07:00,49.94205948042788
2025-06-12 03:16:00,70.3
2025-06-12 03:42:00,40.3
2025-06-12 14:35:00,49.94205948042788
2025-06-12 03:57:00,49.94205948042788
2025-06-12 19:43:00,51.4
2025-06-12 08:00:00,22.5
2025-06-12 12:56:00,49.94205948042788
2025-06-12 17:54:00,34.0
2025-06-12 10:43:00,49.94205948042788
2025-06-12 07:01:00,43.8
2025-06-12 16:45:00,62.6
2025-06-12 07:14:00,88.3
2025-06-12 09:57:00,82.1
2025-06-12 11:10:00,37.8
2025-06-12 23:26:00,60.1
2025-06-12 13:17:00,66.6
2025-06-12 12:32:00,38.5
2025-06-12 23:43:00,79.6
2025-06-12 06:04:00,14.3
2025-06-12 15:02:00,68.6
2025-06-12 20:21:00,59.7
2025-06-12 00:02:00,13.0
2025-06-12 10:06:00,49.94205948042788
2025-06-12 14:48:00,23.7
2025-06-12 20:06:00,16.6
2025-06-12 02:19:00,58.3
2025-06-12 09:04:00,4.3
2025-06-12 13:54:00,56.8
2025-06-12 18:50:00,85.8
2025-06-12 09:22:00,36.4
2025-06-12 09:23:00,49.94205948042788
2025-06-12 15:13:00,56.8
2025-06-12 08:40:00,53.5
2025-06-12 12:40:00,87.5
2025-06-12 05:38:00,29.8
2025-06-12 14:17:00,95.8
2025-06-12 21:27:00,46.2
2025-06-12 08:59:00,9.3
2025-06-12 13:42:00,72.8
2025-06-12 23:19:00,32.1
2025-06-12 20:22:00,27.1
2025-06-12 20:09:00,49.94205948042788
2025-06-12 17:16:00,24.1
2025-06-12 12:16:00,93.4
2025-06-12 19:15:00,39.2
2025-06-12 00:19:00,82.4
2025-06-12 04:03:00,8.5
2025-06-12 23:38:00,15.2
2025-06-12 19:21:00,67.7
2025-06-12 09:59:00,12.0
2025-06-12 09:52:00,93.2
2025-06-12 18:59:00,19.1
2025-06-12 08:46:00,42.4
2025-06-12 09:42:00,49.94205948042788
2025-06-12 09:16:00,49.94205948042788
2025-06-12 09:14:00,99.8
2025-06-12 01:16:00,39.6
2025-06-12 16:37:00,13.0
2025-06-12 01:58:00,81.8
2025-06-12 06:56:00,49.94205948042788
2025-06-12 23:39:00,37.9
2025-06-12 12:33:00,67.7
2025-06-12 04:24:00,87.3
2025-06-12 21:09:00,19.9
2025-06-12 06:56:00,38.2
2025-06-12 08:30:00,67.7
2025-06-12 23:04:00,48.2
2025-06-12 12:14:00,35.9
2025-06-12 12:08:00,14.0
2025-06-12 00:39:00,7.4
2025-06-12 08:11:00,47.8
2025-06-12 20:15:00,5.9
2025-06-12 10:27:00,37.7
2025-06-12 16:37:00,44.2
2025-06-12 00:58:00,66.4
2025-06-12 13:56:00,49.94205948042788
2025-06-12 23:27:00,16.9
2025-06-12 23:11:00,93.5
2025-06-12 08:50:00,92.0
2025-06-12 00:30:00,40.3
2025-06-12 02:21:00,49.94205948042788
2025-06-12 10:20:00,23.8
2025-06-12 08:40:00,69.7
2025-06-12 12:55:00,49.3
2025-06-12 08:13:00,92.1
2025-06-12 08:53:00,49.94205948042788
2025-06-12 05:04:00,12.1
2025-06-12 21:30:00,0.3
2025-06-12 07:57:00,61.1
2025-06-12 18:35:00,26.0
2025-06-12 08:23:00,60.9
2025-06-12 20:59:00,88.6
2025-06-12 04:15:00,7.6
2025-06-12 14:42:00,31.6
2025-06-12 03:46:00,49.94205948042788
2025-06-12 00:20:00,49.94205948042788
2025-06-12 11:03:00,66.0
2025-06-12 07:04:00,97.9
2025-06-12 23:56:00,0.4
2025-06-12 06:02:00,47.9
2025-06-12 20:56:00,86.1
2025-06-12 07:50:00,49.94205948042788
2025-06-12 15:11:00,36.4
2025-06-12 19:41:00,49.94205948042788
2025-06-12 09:53:00,64.7
2025-06-12 19:03:00,1.7
2025-06-12 17:28:00,38.0
2025-06-12 12:03:00,1.6
2025-06-12 02:22:00,38.0
2025-06-12 18:39:00,20.5
2025-06-12 18:29:00,85.1
2025-06-12 21:44:00,56.1
2025-06-12 07:14:00,92.5
2025-06-12 14:43:00,97.8
2025-06-12 02:25:00,49.94205948042788
2025-06-12 03:30:00,97.5
2025-06-12 00:17:00,19.3
2025-06-12 10:48:00,42.3
2025-06-12 08:44:00,56.8
2025-06-12 23:22:00,25.0
2025-06-12 13:30:00,24.7
2025-06-12 00:06:00,19.0
2025-06-12 13:07:00,32.0
2025-06-12 03:32:00,89.5
2025-06-12 19:40:00,82.0
2025-06-12 10:02:00,11.7
2025-06-12 10:30:00,34.3
2025-06-12 09:37:00,52.5
2025-06-12 10:23:00,3.4
2025-06-12 03:25:00,49.94205948042788
2025-06-12 05:57:00,31.9
2025-06-12 19:56:00,74.7
2025-06-12 17:16:00,8.9
2025-06-12 00:33:00,88.5
2025-06-12 18:23:00,48.8
2025-06-12 03:57:00,57.4
2025-06-12 01:44:00,95.1
2025-06-12 04:58:00,20.4
2025-06-12 10:24:00,7.9
2025-06-12 06:26:00,76.2
2025-06-12 18:43:00,48.5
2025-06-12 08:40:00,4.2
2025-06-12 04:26:00,13.1
2025-06-12 15:06:00,28.6
2025-06-12 21:36:00,69.4
2025-06-12 21:28:00,23.8
2025-06-12 22:27:00,49.0
2025-06-12 23:45:00,94.9
2025-06-12 11:10:00,22.0
2025-06-12 13:59:00,30.2
2025-06-12 05:15:00,82.8
2025-06-12 14:55:00,54.1
2025-06-12 02:24:00,20.8
2025-06-12 10:46:00,10.3
2025-06-12 06:38:00,79.6
2025-06-12 03:09:00,5.9
2025-06-12 09:06:00,49.94205948042788
2025-06-12 15:51:00,13.0
2025-06-12 00:43:00,49.94205948042788
2025-06-12 20:49:00,49.94205948042788
2025-06-12 03:44:00,43.3
2025-06-12 22:53:00,52.2
2025-06-12 13:59:00,43.7
2025-06-12 06:28:00,28.6
2025-06-12 06:18:00,49.94205948042788
2025-06-12 08:32:00,18.0
2025-06-12 11:52:00,10.8
2025-06-12 02:45:00,49.94205948042788
2025-06-12 09:34:00,27.7
2025-06-12 10:10:00,49.94205948042788
2025-06-12 17:44:00,3.5
2025-06-12 22:50:00,65.8
2025-06-12 06:48:00,2.6
2025-06-12 15:49:00,52.8
2025-06-12 12:49:00,12.5
2025-06-12 11:34:00,1.9
2025-06-12 14:07:00,86.2
2025-06-12 16:39:00,69.7
2025-06-12 11:01:00,13.2
2025-06-12 06:07:00,29.7
2025-06-12 07:40:00,6.7
2025-06-12 10:11:00,89.2
2025-06-12 19:33:00,49.94205948042788
2025-06-12 01:13:00,79.5
2025-06-12 08:01:00,30.6
2025-06-12 23:33:00,56.4
2025-06-12 22:30:00,14.1
2025-06-12 05:29:00,58.2
2025-06-12 12:04:00,49.94205948042788
2025-06-12 11:06:00,49.94205948042788
2025-06-12 20:28:00,49.94205948042788
2025-06-12 16:50:00,74.3
2025-06-12 13:12:00,49.94205948042788
2025-06-12 22:03:00,59.5
2025-06-12 06:08:00,19.0
2025-06-12 01:23:00,78.6
2025-06-12 21:32:00,3.9
2025-06-12 05:23:00,60.1
2025-06-12 15:59:00,25.0
2025-06-12 05:10:00,13.6
2025-06-12 08:56:00,49.2
2025-06-12 10:31:00,41.9
2025-06-12 15:32:00,85.9
2025-06-12 15:49:00,59.5
2025-06-12 05:26:00,3.0
2025-06-12 08:23:00,92.0
2025-06-12 06:23:00,36.1
2025-06-12 02:10:00,90.6
2025-06-12 19:34:00,12.5
2025-06-12 17:59:00,71.1
2025-06-12 23:27:00,29.3
2025-06-12 14:07:00,7.1
2025-06-12 23:20:00,82.0
2025-06-12 03:56:00,42.3
2025-06-12 09:53:00,49.94205948042788
2025-06-12 09:07:00,39.8
2025-06-12 03:09:00,26.7
2025-06-12 06:41:00,48.0
2025-06-12 20:18:00,49.94205948042788
2025-06-12 12:23:00,34.2
2025-06-12 09:51:00,55.6
2025-06-12 18:11:00,8.8
2025-06-12 18:51:00,8.9
2025-06-12 00:30:00,71.0
2025-06-12 09:34:00,83.1
2025-06-12 15:00:00,57.7
2025-06-12 20:56:00,49.94205948042788
2025-06-12 12:22:00,25.1
2025-06-12 06:33:00,29.1
2025-06-12 04:03:00,18.1
2025-06-12 16:35:00,86.8
2025-06-12 22:37:00,28.9
2025-06-12 23:53:00,21.9
2025-06-12 03:35:00,88.8
2025-06-12 05:30:00,13.0
2025-06-12 23:04:00,34.9
2025-06-12 13:21:00,71.7
2025-06-12 17:16:00,68.0
2025-06-12 15:01:00,12.8
2025-06-12 22:58:00,17.8
2025-06-12 09:50:00,84.6
2025-06-12 16:15:00,8.8
2025-06-12 09:46:00,56.3
2025-06-12 07:49:00,8.2
2025-06-12 03:06:00,19.7
2025-06-12 09:07:00,62.2
2025-06-12 03:06:00,84.4
2025-06-12 13:13:00,49.7
2025-06-12 11:00:00,66.3
2025-06-12 18:38:00,49.94205948042788
2025-06-12 17:52:00,75.4
2025-06-12 08:09:00,1.0
2025-06-12 23:27:00,49.94205948042788
2025-06-12 18:18:00,62.4
2025-06-12 14:01:00,47.8
2025-06-12 05:50:00,80.5
2025-06-12 00:38:00,9.8
2025-06-12 21:56:00,49.94205948042788
2025-06-12 23:46:00,21.1
2025-06-12 11:38:00,98.4
2025-06-12 11:38:00,49.94205948042788
2025-06-12 01:13:00,78.2
2025-06-12 00:12:00,47.7
2025-06-12 18:16:00,40.9
2025-06-12 09:16:00,99.4
2025-06-12 03:59:00,56.5
2025-06-12 01:53:00,49.94205948042788
2025-06-12 13:54:00,57.5
2025-06-12 10:43:00,95.6
2025-06-12 19:21:00,19.9
2025-06-12 02:39:00,48.8
2025-06-12 08:48:00,29.8
2025-06-12 01:30:00,10.0
2025-06-12 14:28:00,97.7
2025-06-12 00:54:00,57.8
2025-06-12 18:26:00,90.3
2025-06-12 15:27:00,58.3
2025-06-12 18:01:00,49.94205948042788
2025-06-12 19:46:00,58.2
2025-06-12 14:11:00,64.7
2025-06-12 20:54:00,71.4
2025-06-12 15:09:00,49.94205948042788
2025-06-12 08:48:00,13.5
2025-06-12 17:06:00,58.1
2025-06-12 14:46:00,59.4
2025-06-12 10:45:00,47.4
2025-06-12 14:34:00,50.9
2025-06-12 18:24:00,52.4
2025-06-12 00:08:00,13.0
2025-06-12 09:44:00,49.94205948042788
2025-06-12 10:26:00,49.94205948042788
2025-06-12 07:11:00,49.94205948042788
2025-06-12 16:58:00,49.94205948042788
2025-06-12 19:00:00,21.4
2025-06-12 07:30:00,24.0
2025-06-12 09:27:00,73.3
2025-06-12 04:42:00,30.5
2025-06-12 23:15:00,36.8
2025-06-12 15:48:00,53.7
2025-06-12 10:29:00,17.1
2025-06-12 01:57:00,53.8
2025-06-12 10:48:00,76.0
2025-06-12 00:29:00,49.94205948042788
2025-06-12 07:47:00,33.1
2025-06-12 04:38:00,78.4
2025-06-12 01:27:00,49.94205948042788
2025-06-12 16:45:00,71.6
2025-06-12 07:25:00,97.9
2025-06-12 01:32:00,49.94205948042788
2025-06-12 09:00:00,49.94205948042788
2025-06-12 11:18:00,65.1
2025-06-12 13:51:00,5.8
2025-06-12 14:45:00,34.0
2025-06-12 14:59:00,84.3
2025-06-12 15:31:00,38.0
2025-06-12 12:09:00,51.4
2025-06-12 14:21:00,4.1
2025-06-12 09:39:00,87.6
2025-06-12 18:46:00,14.3
2025-06-12 06:21:00,99.7
2025-06-12 22:55:00,73.4
2025-06-12 06:20:00,0.1
2025-06-12 18:34:00,50.024092836946274
2025-06-12 22:30:00,95.5
2025-06-12 15:52:00,32.7
2025-06-12 22:12:00,22.6
2025-06-12 15:46:00,9.4
2025-06-12 13:36:00,24.0
2025-06-12 17:10:00,81.8
2025-06-12 10:54:00,23.0
2025-06-12 02:30:00,3.8
2025-06-12 06:38:00,49.5
2025-06-12 18:25:00,33.0
2025-06-12 13:26:00,17.5
2025-06-12 01:07:00,50.024092836946274
2025-06-12 17:36:00,34.8
2025-06-12 00:14:00,49.1
2025-06-12 06:20:00,64.1
2025-06-12 13:12:00,19.5
2025-06-12 23:35:00,46.6
2025-06-12 20:55:00,13.7
2025-06-12 12:31:00,76.2
2025-06-12 07:13:00,7.0
2025-06-12 17:06:00,99.0
2025-06-12 10:46:00,60.9
2025-06-12 04:45:00,54.8
2025-06-12 12:36:00,96.5
2025-06-12 20:47:00,17.6
2025-06-12 15:56:00,86.7
2025-06-12 04:31:00,55.7
2025-06-12 08:42:00,14.2
2025-06-12 17:23:00,76.5
2025-06-12 12:36:00,42.4
2025-06-12 12:07:00,46.7
2025-06-12 20:53:00,88.3
2025-06-12 03:03:00,34.6
2025-06-12 22:08:00,10.8
2025-06-12 19:05:00,50.024092836946274
2025-06-12 13:20:00,90.1
2025-06-12 16:27:00,42.5
2025-06-12 12:58:00,50.024092836946274
2025-06-12 07:37:00,76.0
2025-06-12 08:31:00,0.2
2025-06-12 06:22:00,92.5
2025-06-12 05:28:00,75.2
2025-06-12 03:39:00,0.1
2025-06-12 18:07:00,37.4
2025-06-12 17:05:00,14.2
2025-06-12 04:17:00,48.7
2025-06-12 10:12:00,50.024092836946274
2025-06-12 19:15:00,5.2
2025-06-12 08:10:00,9.8
2025-06-12 11:41:00,3.0
2025-06-12 21:31:00,25.2
2025-06-12 03:31:00,50.024092836946274
2025-06-12 05:04:00,80.0
2025-06-12 21:06:00,9.5
2025-06-12 00:09:00,27.8
2025-06-12 15:15:00,62.7
2025-06-12 16:41:00,91.9
2025-06-12 14:13:00,50.024092836946274
2025-06-12 19:12:00,50.024092836946274
2025-06-12 20:06:00,31.9
2025-06-12 09:35:00,54.4
2025-06-12 10:18:00,27.5
2025-06-12 05:15:00,20.5
2025-06-12 01:59:00,64.2
2025-06-12 00:44:00,37.1
2025-06-12 08:55:00,88.7
2025-06-12 21:27:00,73.7
2025-06-12 06:57:00,66.2
2025-06-12 20:35:00,93.7
2025-06-12 11:39:00,81.1
2025-06-12 02:02:00,71.3
2025-06-12 10:50:00,75.4
2025-06-12 02:11:00,78.3
2025-06-12 01:57:00,8.8
2025-06-12 22:22:00,78.3
2025-06-12 19:02:00,31.7
2025-06-12 10:39:00,11.5
2025-06-12 00:47:00,53.9
2025-06-12 02:13:00,61.0
2025-06-12 14:45:00,2.8
2025-06-12 22:56:00,43.3
2025-06-12 21:48:00,88.7
2025-06-12 09:11:00,79.0
2025-06-12 02:43:00,82.2
2025-06-12 16:12:00,19.2
2025-06-12 02:32:00,79.1
2025-06-12 04:48:00,99.5
2025-06-12 18:00:00,24.4
2025-06-12 02:04:00,88.7
2025-06-12 10:12:00,45.7
2025-06-12 00:42:00,65.9
2025-06-12 14:38:00,18.3
2025-06-12 12:50:00,4.5
2025-06-12 21:29:00,2.6
2025-06-12 20:42:00,10.1
2025-06-12 17:48:00,20.2
2025-06-12 08:04:00,50.024092836946274
2025-06-12 01:06:00,50.024092836946274
2025-06-12 02:20:00,12.4
2025-06-12 09:57:00,50.024092836946274
2025-06-12 23:11:00,87.0
2025-06-12 15:01:00,50.024092836946274
2025-06-12 09:45:00,37.0
2025-06-12 06:39:00,68.3
2025-06-12 13:58:00,30.1
2025-06-12 06:38:00,49.7
2025-06-12 11:12:00,36.7
2025-06-12 17:21:00,34.9
2025-06-12 07:03:00,39.6
2025-06-12 06:35:00,50.024092836946274
2025-06-12 07:06:00,91.2
2025-06-12 02:08:00,1.5
2025-06-12 04:24:00,62.4
2025-06-12 21:13:00,59.8
2025-06-12 10:23:00,1.3
2025-06-12 10:36:00,99.7
2025-06-12 07:15:00,74.3
2025-06-12 17:59:00,50.024092836946274
2025-06-12 12:17:00,38.8
2025-06-12 12:27:00,85.0
2025-06-12 06:07:00,87.1
2025-06-12 12:18:00,95.3
2025-06-12 19:11:00,65.6
2025-06-12 13:31:00,14.1
2025-06-12 10:10:00,50.024092836946274
2025-06-12 20:42:00,50.024092836946274
2025-06-12 12:41:00,93.7
2025-06-12 09:22:00,50.024092836946274
2025-06-12 22:57:00,76.8
2025-06-12 10:29:00,38.9
2025-06-12 07:29:00,4.7
2025-06-12 10:56:00,87.7
2025-06-12 03:28:00,65.7
2025-06-12 07:08:00,95.6
2025-06-12 23:53:00,62.3
2025-06-12 14:56:00,50.024092836946274
2025-06-12 03:34:00,78.1
2025-06-12 01:58:00,50.024092836946274
2025-06-12 08:55:00,70.0
2025-06-12 17:43:00,49.3
2025-06-12 03:12:00,67.4
2025-06-12 15:40:00,16.3
2025-06-12 08:39:00,49.2
2025-06-12 14:30:00,30.5
2025-06-12 01:29:00,46.1
2025-06-12 02:29:00,46.9
2025-06-12 12:43:00,6.5
2025-06-12 02:52:00,94.9
2025-06-12 16:12:00,95.4
2025-06-12 22:40:00,82.8
2025-06-12 11:34:00,0.6
2025-06-12 01:24:00,50.024092836946274
2025-06-12 08:21:00,70.9
2025-06-12 07:57:00,5.8
2025-06-12 20:11:00,92.7
2025-06-12 01:20:00,50.024092836946274
2025-06-12 06:44:00,57.1
2025-06-12 21:05:00,82.5
2025-06-12 04:22:00,6.8
2025-06-12 08:27:00,44.2
2025-06-12 18:11:00,72.7
2025-06-12 03:45:00,53.8
2025-06-12 17:50:00,13.1
2025-06-12 14:02:00,4.0
2025-06-12 21:33:00,52.2
2025-06-12 10:54:00,44.7
2025-06-12 22:04:00,68.4
2025-06-12 16:22:00,50.024092836946274
2025-06-12 21:12:00,50.024092836946274
2025-06-12 19:41:00,31.0
2025-06-12 05:59:00,39.6
2025-06-12 02:01:00,27.4
2025-06-12 14:34:00,34.5
2025-06-12 14:30:00,25.6
2025-06-12 11:54:00,50.024092836946274
2025-06-12 07:19:00,4.2
2025-06-12 11:14:00,50.0
2025-06-12 21:36:00,58.2
2025-06-12 18:21:00,50.024092836946274
2025-06-12 19:15:00,53.2
2025-06-12 01:20:00,87.9
2025-06-12 11:26:00,51.6
2025-06-12 09:33:00,91.3
2025-06-12 09:11:00,26.3
2025-06-12 16:44:00,1.6
2025-06-12 12:22:00,9.1
2025-06-12 10:40:00,55.9
2025-06-12 16:21:00,74.3
2025-06-12 23:51:00,82.2
2025-06-12 17:33:00,66.6
2025-06-12 11:37:00,50.024092836946274
2025-06-12 08:33:00,6.9
2025-06-12 20:41:00,81.1
2025-06-12 10:20:00,19.5
2025-06-12 16:24:00,33.5
2025-06-12 15:51:00,50.024092836946274
2025-06-12 13:26:00,1.4
2025-06-12 09:46:00,89.6
2025-06-12 22:00:00,41.3
2025-06-12 20:08:00,38.4
2025-06-12 14:29:00,94.9
2025-06-12 13:00:00,43.8
2025-06-12 09:31:00,62.2
2025-06-12 13:04:00,19.8
2025-06-12 06:03:00,62.9
2025-06-12 23:28:00,54.9
2025-06-12 14:20:00,27.0
2025-06-12 08:10:00,78.9
2025-06-12 07:07:00,50.024092836946274
2025-06-12 04:08:00,50.0
2025-06-12 05:32:00,57.7
2025-06-12 17:33:00,33.1
2025-06-12 00:09:00,13.9
2025-06-12 05:52:00,60.1
2025-06-12 12:01:00,53.9
2025-06-12 17:13:00,50.024092836946274
2025-06-12 20:22:00,50.024092836946274
2025-06-12 05:02:00,50.024092836946274
2025-06-12 03:10:00,16.5
2025-06-12 17:53:00,20.7
2025-06-12 04:17:00,85.2
2025-06-12 04:07:00,47.5
2025-06-12 00:18:00,50.024092836946274
2025-06-12 21:41:00,34.1
2025-06-12 07:11:00,23.0
2025-06-12 23:31:00,19.5
2025-06-12 11:55:00,50.024092836946274
2025-06-12 10:53:00,2.2
2025-06-12 07:42:00,93.5
2025-06-12 04:10:00,80.3
2025-06-12 14:07:00,97.9
2025-06-12 10:20:00,81.2
2025-06-12 10:11:00,8.8
2025-06-12 22:48:00,58.5
2025-06-12 06:38:00,90.7
2025-06-12 17:16:00,27.1
2025-06-12 08:31:00,50.024092836946274
2025-06-12 15:33:00,51.7
2025-06-12 03:46:00,50.024092836946274
2025-06-12 09:27:00,50.024092836946274
2025-06-12 21:18:00,96.6
2025-06-12 16:42:00,50.024092836946274
2025-06-12 00:45:00,14.2
2025-06-12 07:11:00,90.9
2025-06-12 14:08:00,33.9
2025-06-12 13:54:00,77.5
2025-06-12 05:23:00,96.1
2025-06-12 16:28:00,50.024092836946274
2025-06-12 14:16:00,45.0
2025-06-12 05:49:00,50.024092836946274
2025-06-12 10:55:00,77.3
2025-06-12 09:33:00,0.2
2025-06-12 01:51:00,5.5
2025-06-12 07:24:00,98.2
2025-06-12 03:43:00,39.9
2025-06-12 11:59:00,11.5
2025-06-12 23:49:00,50.024092836946274
2025-06-12 22:42:00,90.0
2025-06-12 23:33:00,31.2
2025-06-12 03:41:00,94.6
2025-06-12 23:53:00,93.1
2025-06-12 09:16:00,29.5
2025-06-12 09:21:00,92.8
2025-06-12 23:49:00,85.1
2025-06-12 12:07:00,14.6
2025-06-12 07:18:00,45.4
2025-06-12 09:23:00,70.8
2025-06-12 16:34:00,50.024092836946274
2025-06-12 21:31:00,36.7
2025-06-12 02:59:00,55.2
2025-06-12 14:02:00,50.024092836946274
2025-06-12 10:49:00,84.4
2025-06-12 15:53:00,74.6
2025-06-12 18:44:00,93.4
2025-06-12 20:03:00,80.0
2025-06-12 00:26:00,68.0
2025-06-12 14:02:00,67.3
2025-06-12 20:55:00,75.9
2025-06-12 12:49:00,50.024092836946274
2025-06-12 09:27:00,98.5
2025-06-12 12:44:00,85.4
2025-06-12 09:51:00,45.2
2025-06-12 18:41:00,50.024092836946274
2025-06-12 10:11:00,99.8
2025-06-12 09:24:00,85.3
2025-06-12 04:56:00,62.5
2025-06-12 21:58:00,64.0
2025-06-12 03:27:00,12.5
2025-06-12 18:01:00,71.7
2025-06-12 20:52:00,41.6
2025-06-12 00:04:00,4.7
2025-06-12 03:37:00,7.8
2025-06-12 22:08:00,26.2
2025-06-12 12:58:00,37.4
2025-06-12 07:04:00,71.3
2025-06-12 06:59:00,60.2
2025-06-12 17:28:00,50.6
2025-06-12 03:36:00,11.5
2025-06-12 10:11:00,96.2
2025-06-12 08:20:00,8.5
2025-06-12 19:49:00,66.3
2025-06-12 03:19:00,72.9
2025-06-12 16:58:00,8.9
2025-06-12 14:09:00,14.3
2025-06-12 05:22:00,19.6
2025-06-12 15:56:00,51.8
2025-06-12 14:26:00,26.1
2025-06-12 10:19:00,22.9
2025-06-12 03:36:00,48.0
2025-06-12 12:20:00,3.9
2025-06-12 18:40:00,74.9
2025-06-12 15:43:00,39.4
2025-06-12 00:49:00,89.6
2025-06-12 12:32:00,95.6
2025-06-12 13:44:00,43.8
2025-06-12 18:04:00,50.024092836946274
2025-06-12 13:53:00,11.4
2025-06-12 01:41:00,15.2
2025-06-12 17:36:00,50.024092836946274
2025-06-12 08:03:00,15.7
2025-06-12 09:01:00,50.024092836946274
2025-06-12 23:55:00,65.7
2025-06-12 04:14:00,21.0
2025-06-12 03:14:00,95.8
2025-06-12 11:33:00,81.1
2025-06-12 13:10:00,68.9
2025-06-12 02:25:00,33.0
2025-06-12 22:48:00,63.1
2025-06-12 07:05:00,72.0
2025-06-12 05:34:00,36.9
2025-06-12 06:01:00,42.3
2025-06-12 13:57:00,9.1
2025-06-12 19:16:00,20.6
2025-06-12 06:19:00,92.9
2025-06-12 04:18:00,49.2
2025-06-12 13:28:00,95.5
2025-06-12 20:25:00,55.5
2025-06-12 05:07:00,35.0
2025-06-12 02:31:00,77.1
2025-06-12 14:12:00,8.3
2025-06-12 15:19:00,52.0
2025-06-12 04:18:00,42.3
2025-06-12 06:07:00,77.6
2025-06-12 11:50:00,49.54963144963145
2025-06-12 22:35:00,91.8
2025-06-12 10:05:00,80.1
2025-06-12 12:42:00,49.54963144963145
2025-06-12 21:59:00,31.2
2025-06-12 23:26:00,23.8
2025-06-12 13:15:00,81.8
2025-06-12 21:57:00,65.3
2025-06-12 21:15:00,79.8
2025-06-12 07:31:00,49.54963144963145
2025-06-12 10:59:00,79.4
2025-06-12 06:21:00,30.4
2025-06-12 00:15:00,16.2
2025-06-12 01:32:00,76.0
2025-06-12 23:34:00,46.0
2025-06-12 02:58:00,85.8
2025-06-12 07:00:00,13.4
2025-06-12 10:30:00,26.3
2025-06-12 01:55:00,78.2
2025-06-12 12:30:00,21.5
2025-06-12 05:47:00,49.54963144963145
2025-06-12 05:33:00,51.5
2025-06-12 02:56:00,45.2
2025-06-12 20:47:00,93.9
2025-06-12 22:19:00,96.5
2025-06-12 04:28:00,30.3
2025-06-12 07:32:00,81.5
2025-06-12 06:42:00,17.1
2025-06-12 23:33:00,49.54963144963145
2025-06-12 17:11:00,5.5
2025-06-12 10:45:00,41.5
2025-06-12 09:48:00,61.2
2025-06-12 19:23:00,25.5
2025-06-12 10:11:00,26.5
2025-06-12 11:14:00,69.7
2025-06-12 03:49:00,71.3
2025-06-12 11:27:00,32.8
2025-06-12 14:09:00,7.8
2025-06-12 03:13:00,41.9
2025-06-12 13:13:00,65.7
2025-06-12 17:50:00,9.5
2025-06-12 23:38:00,49.54963144963145
2025-06-12 11:07:00,61.7
2025-06-12 21:34:00,19.6
2025-06-12 01:38:00,24.7
2025-06-12 16:06:00,49.54963144963145
2025-06-12 14:25:00,17.4
2025-06-12 12:15:00,84.5
2025-06-12 21:05:00,17.3
2025-06-12 20:40:00,69.9
2025-06-12 09:41:00,66.0
2025-06-12 16:02:00,44.7
2025-06-12 08:04:00,7.9
2025-06-12 16:25:00,49.54963144963145
2025-06-12 11:59:00,84.9
2025-06-12 15:46:00,49.54963144963145
2025-06-12 01:04:00,60.4
2025-06-12 05:05:00,3.0
2025-06-12 07:24:00,43.3
2025-06-12 16:54:00,13.7
2025-06-12 12:53:00,60.7
2025-06-12 15:02:00,34.5
2025-06-12 01:23:00,27.7
2025-06-12 01:49:00,91.9
2025-06-12 05:18:00,59.6
2025-06-12 16:44:00,20.6
2025-06-12 13:46:00,49.54963144963145
2025-06-12 06:50:00,40.1
2025-06-12 10:23:00,18.3
2025-06-12 05:11:00,11.9
2025-06-12 23:26:00,39.8
2025-06-12 13:54:00,19.4
2025-06-12 07:49:00,22.2
2025-06-12 09:43:00,19.9
2025-06-12 00:15:00,81.2
2025-06-12 10:58:00,37.2
2025-06-12 12:10:00,18.3
2025-06-12 09:06:00,16.6
2025-06-12 23:55:00,84.9
2025-06-12 15:09:00,49.4
2025-06-12 11:44:00,54.0
2025-06-12 11:44:00,79.0
2025-06-12 12:34:00,35.0
2025-06-12 03:25:00,34.6
2025-06-12 14:35:00,98.6
2025-06-12 06:42:00,63.1
2025-06-12 11:01:00,83.8
2025-06-12 15:13:00,49.54963144963145
2025-06-12 16:22:00,1.4
2025-06-12 23:13:00,71.2
2025-06-12 11:08:00,53.7
2025-06-12 16:08:00,49.54963144963145
2025-06-12 03:15:00,47.3
2025-06-12 05:52:00,49.54963144963145
2025-06-12 19:18:00,22.9
2025-06-12 10:27:00,49.5
2025-06-12 11:01:00,49.3
2025-06-12 15:31:00,98.0
2025-06-12 22:03:00,26.8
2025-06-12 05:17:00,40.6
2025-06-12 10:30:00,56.1
2025-06-12 03:39:00,50.6
2025-06-12 11:02:00,74.1
2025-06-12 12:09:00,32.2
2025-06-12 00:27:00,60.5
2025-06-12 20:36:00,73.8
2025-06-12 14:33:00,96.9
2025-06-12 04:25:00,27.1
2025-06-12 19:03:00,49.54963144963145
2025-06-12 22:54:00,50.1
2025-06-12 12:58:00,49.0
2025-06-12 14:22:00,29.5
2025-06-12 02:12:00,49.54963144963145
2025-06-12 02:32:00,60.5
2025-06-12 05:00:00,16.2
2025-06-12 23:40:00,19.1
2025-06-12 05:46:00,95.4
2025-06-12 02:09:00,56.4
2025-06-12 23:35:00,66.7
2025-06-12 20:12:00,44.1
2025-06-12 06:14:00,1.3
2025-06-12 09:01:00,52.1
2025-06-12 09:16:00,50.6
2025-06-12 02:05:00,49.54963144963145
2025-06-12 06:51:00,64.0
2025-06-12 14:57:00,49.54963144963145
2025-06-12 14:30:00,72.1
2025-06-12 18:49:00,73.4
2025-06-12 05:09:00,7.6
2025-06-12 02:35:00,49.54963144963145
2025-06-12 08:46:00,95.5
2025-06-12 01:35:00,87.9
2025-06-12 16:28:00,77.9
2025-06-12 04:08:00,49.54963144963145
2025-06-12 05:40:00,15.1
2025-06-12 15:20:00,79.0
2025-06-12 07:38:00,6.6
2025-06-12 06:15:00,36.5
2025-06-12 04:11:00,67.7
2025-06-12 20:55:00,94.5
2025-06-12 15:43:00,39.9
2025-06-12 23:07:00,49.54963144963145
2025-06-12 02:21:00,82.2
2025-06-12 18:59:00,83.8
2025-06-12 13:53:00,1.7
2025-06-12 20:42:00,49.3
2025-06-12 02:37:00,93.7
2025-06-12 10:58:00,95.2
2025-06-12 13:02:00,85.6
2025-06-12 16:22:00,36.6
2025-06-12 15:23:00,39.2
2025-06-12 18:15:00,93.2
2025-06-12 01:15:00,71.5
2025-06-12 01:57:00,42.5
2025-06-12 23:44:00,49.54963144963145
2025-06-12 13:08:00,41.3
2025-06-12 00:09:00,77.6
2025-06-12 11:39:00,94.7
2025-06-12 14:32:00,49.54963144963145
2025-06-12 14:16:00,49.54963144963145
2025-06-12 17:24:00,0.0
2025-06-12 14:28:00,83.2
2025-06-12 12:38:00,49.54963144963145
2025-06-12 11:20:00,91.6
2025-06-12 18:07:00,72.8
2025-06-12 19:39:00,39.7
2025-06-12 16:34:00,70.5
2025-06-12 11:31:00,97.9
2025-06-12 11:28:00,47.1
2025-06-12 23:40:00,4.4
2025-06-12 04:09:00,70.0
2025-06-12 11:30:00,7.6
2025-06-12 22:51:00,43.8
2025-06-12 19:43:00,50.7
2025-06-12 10:14:00,59.6
2025-06-12 15:26:00,64.6
2025-06-12 01:53:00,49.54963144963145
2025-06-12 02:11:00,68.2
2025-06-12 00:18:00,2.5
2025-06-12 06:41:00,33.5
2025-06-12 06:48:00,0.5
2025-06-12 09:16:00,95.5
2025-06-12 10:04:00,65.0
2025-06-12 22:06:00,28.1
2025-06-12 14:30:00,49.54963144963145
2025-06-12 18:25:00,49.54963144963145
2025-06-12 21:09:00,16.5
2025-06-12 04:22:00,0.5
2025-06-12 13:15:00,68.5
2025-06-12 07:35:00,12.1
2025-06-12 00:11:00,47.0
2025-06-12 02:04:00,3.3
2025-06-12 09:21:00,77.3
2025-06-12 06:24:00,82.1
2025-06-12 20:41:00,32.8
2025-06-12 07:27:00,20.0
2025-06-12 14:01:00,26.6
2025-06-12 23:00:00,29.2
2025-06-12 15:33:00,5.7
2025-06-12 08:10:00,36.3
2025-06-12 22:11:00,12.9
2025-06-12 07:09:00,24.2
2025-06-12 10:04:00,31.1
2025-06-12 00:53:00,49.54963144963145
2025-06-12 13:43:00,16.7
2025-06-12 23:49:00,78.8
2025-06-12 09:32:00,76.6
2025-06-12 18:29:00,49.54963144963145
2025-06-12 11:48:00,49.54963144963145
2025-06-12 11:22:00,37.0
2025-06-12 02:45:00,90.7
2025-06-12 00:50:00,27.3
2025-06-12 05:36:00,18.2
2025-06-12 05:10:00,99.0
2025-06-12 06:39:00,33.8
2025-06-12 22:23:00,19.4
2025-06-12 00:29:00,68.8
2025-06-12 21:42:00,95.8
2025-06-12 11:00:00,44.2
2025-06-12 17:16:00,8.6
2025-06-12 13:04:00,34.6
2025-06-12 00:13:00,54.2
2025-06-12 18:18:00,75.7
2025-06-12 08:37:00,37.3
2025-06-12 01:48:00,45.9
2025-06-12 23:56:00,93.4
2025-06-12 14:48:00,71.8
2025-06-12 02:52:00,2.5
2025-06-12 06:29:00,49.54963144963145
2025-06-12 08:08:00,49.54963144963145
2025-06-12 06:32:00,99.0
2025-06-12 12:59:00,49.54963144963145
2025-06-12 16:21:00,37.8
2025-06-12 05:13:00,23.7
2025-06-12 13:52:00,49.54963144963145
2025-06-12 10:36:00,49.54963144963145
2025-06-12 14:00:00,43.9
2025-06-12 16:14:00,74.5
2025-06-12 19:39:00,49.54963144963145
2025-06-12 17:41:00,97.1
2025-06-12 16:48:00,32.5
2025-06-12 19:31:00,27.6
2025-06-12 02:02:00,24.5
2025-06-12 23:17:00,46.8
2025-06-12 03:14:00,43.1
2025-06-12 15:20:00,45.8
2025-06-12 10:43:00,52.1
2025-06-12 06:25:00,68.5
2025-06-12 11:50:00,90.5
2025-06-12 09:58:00,64.1
2025-06-12 14:09:00,65.7
2025-06-12 17:10:00,35.5
2025-06-12 20:23:00,80.2
2025-06-12 19:34:00,49.54963144963145
2025-06-12 05:17:00,81.6
2025-06-12 10:34:00,92.8
2025-06-12 00:16:00,92.0
2025-06-12 19:47:00,33.5
2025-06-12 11:16:00,87.9
2025-06-12 21:01:00,49.54963144963145
2025-06-12 22:11:00,49.54963144963145
2025-06-12 05:35:00,31.0
2025-06-12 01:23:00,11.9
2025-06-12 20:28:00,19.5
2025-06-12 21:08:00,12.3
2025-06-12 15:27:00,1.0
2025-06-12 09:31:00,51.1
2025-06-12 23:37:00,84.0
2025-06-12 14:37:00,30.7
2025-06-12 03:14:00,82.4
2025-06-12 11:12:00,92.2
2025-06-12 11:55:00,12.2
2025-06-12 06:59:00,73.9
2025-06-12 11:58:00,30.4
2025-06-12 05:13:00,30.2
2025-06-12 00:02:00,13.0
2025-06-12 03:35:00,70.4
2025-06-12 12:46:00,42.3
2025-06-12 13:22:00,12.0
2025-06-12 04:59:00,5.6
2025-06-12 18:28:00,55.4
2025-06-12 14:31:00,49.54963144963145
2025-06-12 08:14:00,10.1
2025-06-12 22:07:00,96.4
2025-06-12 08:19:00,57.0
2025-06-12 00:43:00,65.4
2025-06-12 23:50:00,70.2
2025-06-12 22:22:00,51.2
2025-06-12 01:39:00,49.54963144963145
2025-06-12 01:26:00,20.6
2025-06-12 08:30:00,89.5
2025-06-12 11:35:00,55.2
2025-06-12 21:48:00,46.9
2025-06-12 10:23:00,3.0
2025-06-12 01:39:00,82.1
2025-06-12 15:46:00,90.8
2025-06-12 10:38:00,69.7
2025-06-12 19:50:00,73.1
2025-06-12 16:35:00,29.8
2025-06-12 07:03:00,48.1
2025-06-12 04:27:00,52.0
2025-06-12 11:39:00,42.0
2025-06-12 12:49:00,24.0
2025-06-12 15:06:00,39.2
2025-06-12 04:52:00,27.1
2025-06-12 11:25:00,19.0
2025-06-12 10:00:00,83.5
2025-06-12 07:48:00,100.0
2025-06-12 06:43:00,49.54963144963145
2025-06-12 00:39:00,18.5
2025-06-12 13:22:00,29.7
2025-06-12 18:07:00,39.7
2025-06-12 23:31:00,49.7
2025-06-12 01:28:00,39.1
2025-06-12 01:15:00,10.3
2025-06-12 10:23:00,63.9
2025-06-12 15:19:00,49.54963144963145
2025-06-12 03:02:00,49.54963144963145
2025-06-12 05:08:00,6.8
2025-06-12 13:34:00,51.3
2025-06-12 03:58:00,49.54963144963145
2025-06-12 21:53:00,24.0
2025-06-12 10:29:00,51.9
2025-06-12 13:14:00,72.0
2025-06-12 04:24:00,12.9
2025-06-12 01:27:00,49.54963144963145
2025-06-12 17:08:00,49.54963144963145
2025-06-12 12:00:00,39.7
2025-06-12 11:22:00,3.4
2025-06-12 02:13:00,97.1
2025-06-12 00:41:00,49.54963144963145
2025-06-12 21:10:00,44.0
2025-06-12 12:42:00,90.0
2025-06-12 01:40:00,86.6
2025-06-12 04:32:00,54.3
2025-06-12 21:43:00,60.2
2025-06-12 14:37:00,91.0
2025-06-12 05:01:00,77.3
2025-06-12 22:05:00,59.8
2025-06-12 19:39:00,35.9
2025-06-12 23:58:00,79.2
2025-06-12 21:19:00,80.7
2025-06-12 07:17:00,50.9
2025-06-12 19:58:00,30.4
2025-06-12 04:45:00,88.0
2025-06-12 01:14:00,18.2
2025-06-12 20:42:00,10.9
2025-06-12 16:07:00,98.7
2025-06-12 16:30:00,49.54963144963145
2025-06-12 23:58:00,14.9
2025-06-12 04:06:00,51.4
2025-06-12 05:37:00,77.4
2025-06-12 05:11:00,17.5
2025-06-12 21:35:00,85.2
2025-06-12 21:33:00,92.5
2025-06-12 20:11:00,24.0
2025-06-12 05:54:00,72.9
2025-06-12 11:46:00,91.7
2025-06-12 05:06:00,29.4
2025-06-12 07:48:00,61.9
2025-06-12 19:42:00,49.560128956623686
2025-06-12 21:04:00,46.8
2025-06-12 02:15:00,36.5
2025-06-12 01:07:00,49.560128956623686
2025-06-12 07:55:00,92.3
2025-06-12 15:48:00,68.9
2025-06-12 12:22:00,22.8
2025-06-12 14:53:00,49.560128956623686
2025-06-12 21:40:00,75.3
2025-06-12 03:53:00,12.1
2025-06-12 13:05:00,49.560128956623686
2025-06-12 13:53:00,4.3
2025-06-12 21:34:00,33.6
2025-06-12 01:25:00,8.9
2025-06-12 23:32:00,20.5
2025-06-12 17:41:00,66.7
2025-06-12 20:19:00,51.3
2025-06-12 12:17:00,35.4
2025-06-12 22:11:00,21.7
2025-06-12 15:45:00,49.560128956623686
2025-06-12 04:41:00,36.8
2025-06-12 19:50:00,49.560128956623686
2025-06-12 15:53:00,49.560128956623686
2025-06-12 17:26:00,26.2
2025-06-12 16:35:00,22.5
2025-06-12 07:45:00,44.0
2025-06-12 17:04:00,23.3
2025-06-12 04:05:00,49.560128956623686
2025-06-12 22:58:00,64.9
2025-06-12 05:24:00,43.1
2025-06-12 04:58:00,17.9
2025-06-12 12:41:00,53.6
2025-06-12 21:32:00,58.4
2025-06-12 22:08:00,49.560128956623686
2025-06-12 02:39:00,16.3
2025-06-12 05:08:00,49.560128956623686
2025-06-12 16:23:00,47.7
2025-06-12 16:42:00,44.4
2025-06-12 21:38:00,9.9
2025-06-12 11:33:00,20.8
2025-06-12 11:19:00,72.9
2025-06-12 16:45:00,39.2
2025-06-12 11:05:00,12.9
2025-06-12 11:12:00,95.0
2025-06-12 07:59:00,4.7
2025-06-12 15:57:00,70.6
2025-06-12 22:00:00,13.4
2025-06-12 02:50:00,56.0
2025-06-12 18:12:00,35.3
2025-06-12 15:00:00,40.3
2025-06-12 11:20:00,0.7
2025-06-12 15:17:00,9.3
2025-06-12 15:53:00,96.1
2025-06-12 21:29:00,8.6
2025-06-12 02:00:00,8.3
2025-06-12 22:41:00,51.1
2025-06-12 12:48:00,84.9
2025-06-12 14:44:00,38.1
2025-06-12 16:44:00,26.0
2025-06-12 05:17:00,62.6
2025-06-12 02:54:00,49.560128956623686
2025-06-12 11:26:00,13.9
2025-06-12 01:09:00,6.4
2025-06-12 22:20:00,49.560128956623686
2025-06-12 01:22:00,12.2
2025-06-12 08:47:00,8.4
2025-06-12 01:32:00,10.2
2025-06-12 12:25:00,49.560128956623686
2025-06-12 04:45:00,49.560128956623686
2025-06-12 09:03:00,49.560128956623686
2025-06-12 04:05:00,36.8
2025-06-12 00:57:00,94.5
2025-06-12 17:28:00,49.560128956623686
2025-06-12 18:35:00,70.4
2025-06-12 10:54:00,63.6
2025-06-12 07:33:00,41.9
2025-06-12 17:04:00,15.6
2025-06-12 01:58:00,2.7
2025-06-12 19:55:00,2.1
2025-06-12 10:21:00,97.5
2025-06-12 14:05:00,43.1
2025-06-12 18:57:00,35.7
2025-06-12 00:38:00,68.2
2025-06-12 05:20:00,53.4
2025-06-12 14:00:00,52.4
2025-06-12 05:49:00,20.8
2025-06-12 11:36:00,76.4
2025-06-12 07:11:00,17.7
2025-06-12 08:15:00,16.0
2025-06-12 21:15:00,88.0
2025-06-12 14:08:00,35.2
2025-06-12 02:33:00,49.560128956623686
2025-06-12 15:43:00,9.0
2025-06-12 22:45:00,82.0
2025-06-12 14:43:00,25.0
2025-06-12 06:04:00,76.4
2025-06-12 17:50:00,44.1
2025-06-12 15:07:00,7.2
2025-06-12 19:09:00,23.8
2025-06-12 13:03:00,97.3
2025-06-12 02:03:00,18.0
2025-06-12 12:56:00,33.1
2025-06-12 12:52:00,62.3
2025-06-12 09:35:00,80.3
2025-06-12 07:17:00,49.560128956623686
2025-06-12 23:41:00,75.0
2025-06-12 15:06:00,42.6
2025-06-12 12:13:00,23.1
2025-06-12 20:40:00,41.2
2025-06-12 01:30:00,11.7
2025-06-12 07:11:00,47.2
2025-06-12 15:34:00,87.9
2025-06-12 23:33:00,34.3
2025-06-12 22:45:00,85.6
2025-06-12 23:32:00,49.560128956623686
2025-06-12 05:36:00,77.6
2025-06-12 07:24:00,99.0
2025-06-12 17:32:00,3.8
2025-06-12 14:58:00,49.560128956623686
2025-06-12 16:06:00,29.3
2025-06-12 02:09:00,62.4
2025-06-12 07:25:00,40.4
2025-06-12 04:14:00,26.2
2025-06-12 13:01:00,39.6
2025-06-12 11:13:00,49.560128956623686
2025-06-12 12:32:00,35.2
2025-06-12 04:12:00,34.7
2025-06-12 14:41:00,49.560128956623686
2025-06-12 21:25:00,4.9
2025-06-12 20:49:00,53.6
2025-06-12 21:50:00,61.7
2025-06-12 22:42:00,94.5
2025-06-12 00:40:00,50.8
2025-06-12 17:41:00,49.560128956623686
2025-06-12 00:51:00,49.560128956623686
2025-06-12 23:41:00,40.9
2025-06-12 18:29:00,42.7
2025-06-12 01:50:00,1.8
2025-06-12 07:30:00,47.3
2025-06-12 21:02:00,29.7
2025-06-12 02:18:00,65.6
2025-06-12 09:44:00,49.560128956623686
2025-06-12 09:52:00,43.4
2025-06-12 06:57:00,14.6
2025-06-12 19:54:00,61.2
2025-06-12 06:06:00,49.560128956623686
2025-06-12 22:24:00,1.4
2025-06-12 11:02:00,54.0
2025-06-12 19:53:00,85.9
2025-06-12 15:27:00,64.7
2025-06-12 05:59:00,54.6
2025-06-12 21:34:00,49.560128956623686
2025-06-12 15:03:00,86.7
2025-06-12 21:46:00,84.8
2025-06-12 04:59:00,86.3
2025-06-12 07:04:00,78.1
2025-06-12 14:22:00,44.0
2025-06-12 14:45:00,2.4
2025-06-12 02:13:00,87.0
2025-06-12 12:18:00,20.1
2025-06-12 03:31:00,33.1
2025-06-12 05:40:00,67.1
2025-06-12 21:25:00,4.2
2025-06-12 22:24:00,79.0
2025-06-12 03:59:00,17.5
2025-06-12 12:58:00,77.6
2025-06-12 19:09:00,4.4
2025-06-12 23:40:00,94.3
2025-06-12 06:20:00,37.4
2025-06-12 20:16:00,9.6
2025-06-12 03:29:00,7.9
2025-06-12 15:50:00,36.3
2025-06-12 16:48:00,59.1
2025-06-12 21:18:00,8.0
2025-06-12 08:05:00,66.2
2025-06-12 03:54:00,3.2
2025-06-12 12:44:00,49.560128956623686
2025-06-12 08:09:00,49.560128956623686
2025-06-12 20:42:00,86.9
2025-06-12 03:28:00,34.0
2025-06-12 08:42:00,60.4
2025-06-12 05:49:00,67.7
2025-06-12 22:30:00,79.4
2025-06-12 13:49:00,65.9
2025-06-12 23:50:00,40.0
2025-06-12 00:28:00,53.8
2025-06-12 14:34:00,65.4
2025-06-12 11:43:00,22.4
2025-06-12 12:24:00,49.560128956623686
2025-06-12 17:33:00,96.7
2025-06-12 20:32:00,60.0
2025-06-12 13:43:00,31.7
2025-06-12 05:16:00,49.560128956623686
2025-06-12 00:24:00,49.560128956623686
2025-06-12 06:38:00,49.0
2025-06-12 08:09:00,91.7
2025-06-12 05:58:00,22.9
2025-06-12 17:49:00,24.0
2025-06-12 19:42:00,26.3
2025-06-12 21:47:00,32.2
2025-06-12 07:25:00,72.8
2025-06-12 12:53:00,30.5
2025-06-12 14:04:00,49.560128956623686
2025-06-12 00:31:00,46.5
2025-06-12 20:51:00,67.4
2025-06-12 00:41:00,81.8
2025-06-12 17:58:00,97.1
2025-06-12 14:42:00,9.7
2025-06-12 10:42:00,73.8
2025-06-12 16:07:00,32.6
2025-06-12 22:14:00,40.6
2025-06-12 19:44:00,14.8
2025-06-12 13:02:00,80.2
2025-06-12 01:19:00,11.2
2025-06-12 07:12:00,44.6
2025-06-12 00:00:00,3.0
2025-06-12 19:28:00,92.2
2025-06-12 02:01:00,9.5
2025-06-12 09:46:00,17.3
2025-06-12 00:20:00,49.560128956623686
2025-06-12 08:30:00,39.2
2025-06-12 09:15:00,66.8
2025-06-12 09:21:00,21.7
2025-06-12 21:24:00,49.560128956623686
2025-06-12 21:49:00,84.0
2025-06-12 17:24:00,34.4
2025-06-12 09:38:00,46.5
2025-06-12 21:30:00,24.0
2025-06-12 19:57:00,42.7
2025-06-12 20:51:00,49.560128956623686
2025-06-12 03:54:00,2.5
2025-06-12 10:50:00,49.560128956623686
2025-06-12 14:51:00,85.5
2025-06-12 13:08:00,31.9
2025-06-12 08:13:00,99.5
2025-06-12 15:52:00,85.5
2025-06-12 17:08:00,77.9
2025-06-12 09:13:00,22.7
2025-06-12 20:17:00,0.1
2025-06-12 13:17:00,80.7
2025-06-12 13:10:00,35.3
2025-06-12 23:30:00,9.0
2025-06-12 14:21:00,6.1
2025-06-12 06:41:00,4.3
2025-06-12 14:56:00,28.6
2025-06-12 01:03:00,96.9
2025-06-12 21:15:00,25.6
2025-06-12 21:29:00,49.560128956623686
2025-06-12 10:51:00,25.3
2025-06-12 16:25:00,69.4
2025-06-12 15:10:00,95.1
2025-06-12 22:10:00,49.2
2025-06-12 13:44:00,87.9
2025-06-12 10:26:00,58.1
2025-06-12 11:24:00,24.2
2025-06-12 11:55:00,93.3
2025-06-12 10:13:00,1.7
2025-06-12 00:36:00,2.9
2025-06-12 20:28:00,92.2
2025-06-12 17:41:00,19.9
2025-06-12 17:09:00,49.560128956623686
2025-06-12 08:26:00,24.1
2025-06-12 23:54:00,19.3
2025-06-12 23:11:00,22.1
2025-06-12 13:27:00,49.560128956623686
2025-06-12 15:01:00,50.2
2025-06-12 09:10:00,82.0
2025-06-12 03:21:00,44.0
2025-06-12 14:34:00,45.0
2025-06-12 05:43:00,18.3
2025-06-12 20:53:00,25.0
2025-06-12 01:43:00,64.1
2025-06-12 19:31:00,12.6
2025-06-12 21:38:00,49.560128956623686
2025-06-12 18:01:00,66.6
2025-06-12 00:53:00,53.3
2025-06-12 23:36:00,98.5
2025-06-12 13:41:00,40.2
2025-06-12 00:12:00,91.3
2025-06-12 15:29:00,76.7
2025-06-12 16:58:00,63.7
2025-06-12 08:22:00,49.560128956623686
2025-06-12 04:18:00,60.1
2025-06-12 09:05:00,49.9
2025-06-12 22:25:00,83.0
2025-06-12 20:39:00,35.7
2025-06-12 11:58:00,49.560128956623686
2025-06-12 23:43:00,46.2
2025-06-12 05:00:00,12.2
2025-06-12 22:35:00,23.0
2025-06-12 18:13:00,90.0
2025-06-12 04:22:00,31.9
2025-06-12 04:34:00,4.2
2025-06-12 05:46:00,58.9
2025-06-12 18:34:00,91.3
2025-06-12 03:20:00,59.3
2025-06-12 01:47:00,44.0
2025-06-12 03:42:00,56.9
2025-06-12 01:46:00,49.560128956623686
2025-06-12 21:31:00,36.9
2025-06-12 01:28:00,49.560128956623686
2025-06-12 04:37:00,20.8
2025-06-12 00:34:00,64.8
2025-06-12 16:55:00,88.8
2025-06-12 17:24:00,64.7
2025-06-12 13:46:00,4.8
2025-06-12 22:31:00,94.0
2025-06-12 07:14:00,29.2
2025-06-12 07:43:00,4.5
2025-06-12 02:26:00,14.8
2025-06-12 06:03:00,67.6
2025-06-12 11:07:00,75.3
2025-06-12 22:13:00,19.7
2025-06-12 08:17:00,83.3
2025-06-12 00:23:00,72.7
2025-06-12 02:53:00,41.7
2025-06-12 07:28:00,80.3
2025-06-12 06:28:00,7.4
2025-06-12 16:50:00,3.8
2025-06-12 02:58:00,50.10277843742579
2025-06-12 06:03:00,20.7
2025-06-12 13:07:00,8.4
2025-06-12 14:23:00,90.4
2025-06-12 23:50:00,51.4
2025-06-12 08:19:00,80.3
2025-06-12 09:34:00,30.5
2025-06-12 19:34:00,83.5
2025-06-12 23:00:00,50.10277843742579
2025-06-12 06:55:00,81.2
2025-06-12 06:31:00,74.7
2025-06-12 19:30:00,39.0
2025-06-12 15:44:00,48.7
2025-06-12 18:44:00,72.0
2025-06-12 04:51:00,41.8
2025-06-12 11:06:00,42.1
2025-06-12 00:37:00,14.1
2025-06-12 00:30:00,96.8
2025-06-12 04:42:00,79.8
2025-06-12 00:52:00,23.0
2025-06-12 16:30:00,24.0
2025-06-12 10:49:00,93.1
2025-06-12 08:49:00,55.1
2025-06-12 02:50:00,20.2
2025-06-12 18:32:00,50.10277843742579
2025-06-12 23:59:00,98.7
2025-06-12 11:02:00,68.2
2025-06-12 09:12:00,80.9
2025-06-12 05:40:00,63.6
2025-06-12 17:43:00,50.10277843742579
2025-06-12 10:35:00,7.9
2025-06-12 02:14:00,29.5
2025-06-12 10:20:00,22.7
2025-06-12 21:42:00,48.4
2025-06-12 00:47:00,71.3
2025-06-12 09:00:00,73.2
2025-06-12 14:08:00,34.5
2025-06-12 06:12:00,96.6
2025-06-12 22:18:00,94.8
2025-06-12 06:52:00,4.0
2025-06-12 06:43:00,50.10277843742579
2025-06-12 15:57:00,97.4
2025-06-12 19:35:00,83.8
2025-06-12 04:46:00,50.10277843742579
2025-06-12 23:34:00,86.4
2025-06-12 23:33:00,49.3
2025-06-12 11:18:00,59.2
2025-06-12 03:44:00,10.8
2025-06-12 03:53:00,5.2
2025-06-12 14:22:00,24.1
2025-06-12 17:22:00,79.0
2025-06-12 08:54:00,29.6
2025-06-12 15:04:00,18.7
2025-06-12 17:28:00,83.4
2025-06-12 10:11:00,2.2
2025-06-12 11:39:00,50.10277843742579
2025-06-12 18:09:00,33.4
2025-06-12 07:19:00,39.9
2025-06-12 04:06:00,33.1
2025-06-12 15:14:00,43.1
2025-06-12 01:30:00,16.1
2025-06-12 18:37:00,40.1
2025-06-12 16:11:00,50.10277843742579
2025-06-12 22:55:00,98.5
2025-06-12 05:03:00,84.5
2025-06-12 12:23:00,87.0
2025-06-12 20:07:00,16.1
2025-06-12 15:00:00,82.8
2025-06-12 04:54:00,50.10277843742579
2025-06-12 14:14:00,99.6
2025-06-12 04:46:00,26.4
2025-06-12 06:12:00,32.6
2025-06-12 03:22:00,46.1
2025-06-12 23:05:00,90.0
2025-06-12 19:08:00,56.7
2025-06-12 17:54:00,50.10277843742579
2025-06-12 22:16:00,50.10277843742579
2025-06-12 04:18:00,50.10277843742579
2025-06-12 15:27:00,50.10277843742579
2025-06-12 10:07:00,20.1
2025-06-12 06:03:00,66.3
2025-06-12 16:05:00,32.0
2025-06-12 18:39:00,8.6
2025-06-12 07:03:00,23.2
2025-06-12 03:49:00,15.4
2025-06-12 16:38:00,81.3
2025-06-12 12:49:00,36.2
2025-06-12 13:37:00,66.0
2025-06-12 14:51:00,18.6
2025-06-12 05:09:00,50.10277843742579
2025-06-12 04:36:00,50.10277843742579
2025-06-12 14:57:00,35.4
2025-06-12 19:38:00,50.10277843742579
2025-06-12 16:52:00,96.2
2025-06-12 08:52:00,80.8
2025-06-12 01:57:00,15.7
2025-06-12 12:06:00,78.5
2025-06-12 10:45:00,61.1
2025-06-12 09:18:00,36.9
2025-06-12 20:07:00,50.10277843742579
2025-06-12 02:47:00,65.1
2025-06-12 02:04:00,15.9
2025-06-12 01:24:00,34.7
2025-06-12 10:41:00,95.4
2025-06-12 04:41:00,7.6
2025-06-12 13:17:00,27.2
2025-06-12 03:55:00,50.10277843742579
2025-06-12 14:29:00,53.2
2025-06-12 05:16:00,42.5
2025-06-12 21:16:00,75.7
2025-06-12 09:49:00,83.4
2025-06-12 05:58:00,69.6
2025-06-12 10:22:00,42.8
2025-06-12 05:04:00,10.6
2025-06-12 14:59:00,86.2
2025-06-12 09:33:00,51.5
2025-06-12 22:59:00,39.7
2025-06-12 01:08:00,0.8
2025-06-12 07:48:00,4.5
2025-06-12 00:18:00,26.7
2025-06-12 22:31:00,31.3
2025-06-12 17:02:00,74.9
2025-06-12 07:06:00,45.5
2025-06-12 23:34:00,50.10277843742579
2025-06-12 00:16:00,50.10277843742579
2025-06-12 22:12:00,50.10277843742579
2025-06-12 18:55:00,50.10277843742579
2025-06-12 07:25:00,43.4
2025-06-12 14:07:00,84.5
2025-06-12 18:44:00,90.2
2025-06-12 02:09:00,97.9
2025-06-12 03:26:00,4.0
2025-06-12 10:37:00,86.7
2025-06-12 11:47:00,89.0
2025-06-12 21:50:00,95.5
2025-06-12 20:46:00,89.4
2025-06-12 11:12:00,4.8
2025-06-12 13:25:00,88.6
2025-06-12 14:21:00,50.10277843742579
2025-06-12 18:17:00,68.2
2025-06-12 02:36:00,50.10277843742579
2025-06-12 17:23:00,7.0
2025-06-12 16:09:00,71.0
2025-06-12 16:27:00,28.1
2025-06-12 12:07:00,15.9
2025-06-12 20:21:00,43.0
2025-06-12 19:58:00,64.5
2025-06-12 04:10:00,15.1
2025-06-12 01:09:00,45.2
2025-06-12 14:56:00,50.10277843742579
2025-06-12 18:46:00,50.10277843742579
2025-06-12 03:27:00,99.5
2025-06-12 05:48:00,12.9
2025-06-12 09:41:00,65.9
2025-06-12 11:12:00,3.5
2025-06-12 22:14:00,50.10277843742579
2025-06-12 07:31:00,49.5
2025-06-12 06:49:00,58.4
2025-06-12 04:36:00,55.2
2025-06-12 07:37:00,97.7
2025-06-12 06:59:00,70.7
2025-06-12 16:53:00,50.10277843742579
2025-06-12 04:59:00,13.9
2025-06-12 13:36:00,86.0
2025-06-12 21:27:00,50.10277843742579
2025-06-12 15:08:00,27.3
2025-06-12 05:54:00,50.10277843742579
2025-06-12 15:04:00,59.0
2025-06-12 05:58:00,27.8
2025-06-12 09:00:00,24.8
2025-06-12 08:07:00,26.4
2025-06-12 09:10:00,35.4
2025-06-12 00:01:00,50.10277843742579
2025-06-12 19:35:00,24.7
2025-06-12 21:20:00,10.6
2025-06-12 00:30:00,50.9
2025-06-12 20:56:00,43.3
2025-06-12 13:58:00,18.9
2025-06-12 16:01:00,50.10277843742579
2025-06-12 12:01:00,88.2
2025-06-12 09:15:00,75.7
2025-06-12 03:35:00,50.10277843742579
2025-06-12 03:33:00,97.5
2025-06-12 10:43:00,10.9
2025-06-12 13:33:00,49.7
2025-06-12 23:01:00,16.7
2025-06-12 12:15:00,13.4
2025-06-12 04:35:00,30.0
2025-06-12 07:11:00,35.4
2025-06-12 21:10:00,10.5
2025-06-12 19:00:00,60.4
2025-06-12 22:18:00,50.10277843742579
2025-06-12 14:26:00,50.10277843742579
2025-06-12 14:42:00,50.10277843742579
2025-06-12 12:37:00,48.3
2025-06-12 15:30:00,19.3
2025-06-12 12:36:00,26.7
2025-06-12 20:22:00,48.6
2025-06-12 00:28:00,7.2
2025-06-12 01:12:00,25.8
2025-06-12 12:22:00,43.2
2025-06-12 05:21:00,42.3
2025-06-12 09:09:00,50.10277843742579
2025-06-12 01:16:00,43.3
2025-06-12 22:50:00,19.4
2025-06-12 17:35:00,14.0
2025-06-12 16:44:00,6.6
2025-06-12 19:40:00,24.4
2025-06-12 06:11:00,68.7
2025-06-12 21:34:00,55.9
2025-06-12 22:45:00,50.10277843742579
2025-06-12 21:37:00,4.4
2025-06-12 23:25:00,85.6
2025-06-12 19:18:00,46.1
2025-06-12 15:56:00,15.9
2025-06-12 10:38:00,50.10277843742579
2025-06-12 07:48:00,85.9
2025-06-12 05:32:00,7.3
2025-06-12 07:54:00,39.8
2025-06-12 06:30:00,50.10277843742579
2025-06-12 06:31:00,53.6
2025-06-12 19:32:00,54.9
2025-06-12 11:53:00,36.8
2025-06-12 11:45:00,57.1
2025-06-12 15:53:00,2.6
2025-06-12 14:01:00,84.9
2025-06-12 19:49:00,85.3
2025-06-12 14:39:00,63.3
2025-06-12 14:39:00,39.2
2025-06-12 01:54:00,39.0
2025-06-12 10:48:00,65.3
2025-06-12 17:30:00,30.3
2025-06-12 13:03:00,50.10277843742579
2025-06-12 23:32:00,88.3
2025-06-12 06:48:00,11.1
2025-06-12 19:04:00,40.1
2025-06-12 23:07:00,46.2
2025-06-12 06:20:00,89.6
2025-06-12 13:39:00,93.2
2025-06-12 08:17:00,56.0
2025-06-12 23:49:00,98.0
2025-06-12 19:20:00,17.1
2025-06-12 21:50:00,65.2
2025-06-12 22:53:00,4.2
2025-06-12 01:51:00,50.10277843742579
2025-06-12 15:02:00,41.5
2025-06-12 22:57:00,40.0
2025-06-12 23:55:00,31.4
2025-06-12 20:01:00,53.2
2025-06-12 09:00:00,51.4
2025-06-12 17:01:00,7.2
2025-06-12 12:24:00,22.2
2025-06-12 12:01:00,7.4
2025-06-12 03:37:00,46.9
2025-06-12 20:48:00,53.0
2025-06-12 21:53:00,66.6
2025-06-12 00:23:00,82.3
2025-06-12 03:44:00,18.7
2025-06-12 17:31:00,84.3
2025-06-12 01:19:00,32.0
2025-06-12 03:39:00,50.10277843742579
2025-06-12 11:40:00,50.10277843742579
2025-06-12 14:14:00,58.7
2025-06-12 09:30:00,1.4
2025-06-12 15:35:00,15.2
2025-06-12 17:48:00,9.0
2025-06-12 08:54:00,16.4
2025-06-12 03:14:00,28.5
2025-06-12 10:36:00,50.10277843742579
2025-06-12 16:29:00,19.9
2025-06-12 13:30:00,13.9
2025-06-12 13:18:00,95.9
2025-06-12 11:46:00,24.5
2025-06-12 11:00:00,73.6
2025-06-12 03:03:00,87.5
2025-06-12 03:30:00,65.3
2025-06-12 00:11:00,24.3
2025-06-12 17:15:00,89.1
2025-06-12 13:16:00,12.4
2025-06-12 01:40:00,5.2
2025-06-12 17:10:00,50.10277843742579
2025-06-12 11:07:00,90.4
2025-06-12 05:27:00,50.10277843742579
2025-06-12 19:26:00,0.4
2025-06-12 13:31:00,50.10277843742579
2025-06-12 01:41:00,50.2
2025-06-12 20:40:00,75.6
2025-06-12 16:20:00,37.3
2025-06-12 00:47:00,95.0
2025-06-12 19:57:00,21.3
2025-06-12 21:37:00,65.2
2025-06-12 13:25:00,86.4
2025-06-12 05:35:00,50.10277843742579
2025-06-12 11:23:00,4.0
2025-06-12 21:22:00,59.5
2025-06-12 03:36:00,47.6
2025-06-12 07:22:00,14.7
2025-06-12 00:27:00,97.4
2025-06-12 19:30:00,96.2
2025-06-12 02:18:00,99.3
2025-06-12 00:22:00,30.8
2025-06-12 01:20:00,44.1
2025-06-12 23:08:00,61.3
2025-06-12 04:57:00,4.1
2025-06-12 18:15:00,15.9
2025-06-12 10:16:00,28.2
2025-06-12 22:20:00,37.3
2025-06-12 21:30:00,28.4
2025-06-12 11:56:00,32.1
2025-06-12 06:48:00,50.10277843742579
2025-06-12 15:31:00,64.6
2025-06-12 21:42:00,33.3
2025-06-12 01:16:00,96.3
2025-06-12 13:35:00,59.0
2025-06-12 00:26:00,29.7
2025-06-12 09:17:00,50.10277843742579
2025-06-12 00:51:00,96.8
2025-06-12 21:12:00,20.3
2025-06-12 03:25:00,57.0
2025-06-12 20:48:00,72.5
2025-06-12 00:00:00,18.7
2025-06-12 11:58:00,66.6
2025-06-12 03:07:00,17.4
2025-06-12 05:15:00,25.8
2025-06-12 22:21:00,75.1
2025-06-12 01:31:00,72.6
2025-06-12 13:52:00,62.7
2025-06-12 07:19:00,58.9
2025-06-12 09:08:00,19.8
2025-06-12 00:30:00,6.6
2025-06-12 18:42:00,35.1
2025-06-12 16:24:00,84.0
2025-06-12 08:39:00,18.1
2025-06-12 18:53:00,39.6
2025-06-12 21:00:00,39.6
2025-06-12 10:07:00,54.0
2025-06-12 07:10:00,19.1
2025-06-12 22:25:00,74.6
2025-06-12 13:59:00,53.6
2025-06-12 04:01:00,77.8
2025-06-12 09:10:00,49.2
2025-06-12 13:44:00,49.85036359371334
2025-06-12 14:32:00,13.6
2025-06-12 18:24:00,54.0
2025-06-12 06:30:00,30.8
2025-06-12 00:39:00,11.7
2025-06-12 13:19:00,14.4
2025-06-12 13:30:00,49.85036359371334
2025-06-12 00:42:00,37.5
2025-06-12 06:44:00,24.6
2025-06-12 02:27:00,83.2
2025-06-12 10:07:00,93.3
2025-06-12 12:00:00,96.9
2025-06-12 23:14:00,68.1
2025-06-12 18:53:00,28.8
2025-06-12 18:17:00,69.5
2025-06-12 06:36:00,49.85036359371334
2025-06-12 03:59:00,37.9
2025-06-12 05:00:00,75.8
2025-06-12 03:20:00,84.5
2025-06-12 23:23:00,21.0
2025-06-12 03:58:00,94.0
2025-06-12 03:57:00,41.9
2025-06-12 03:21:00,35.2
2025-06-12 16:10:00,49.85036359371334
2025-06-12 07:48:00,85.1
2025-06-12 17:57:00,57.2
2025-06-12 20:44:00,40.3
2025-06-12 06:58:00,49.85036359371334
2025-06-12 21:56:00,49.85036359371334
2025-06-12 12:52:00,12.7
2025-06-12 00:57:00,4.2
2025-06-12 12:55:00,49.85036359371334
2025-06-12 16:09:00,49.1
2025-06-12 07:32:00,60.8
2025-06-12 08:40:00,96.3
2025-06-12 23:20:00,80.7
2025-06-12 19:46:00,57.7
2025-06-12 03:59:00,39.0
2025-06-12 02:46:00,61.3
2025-06-12 22:19:00,37.5
2025-06-12 00:01:00,77.7
2025-06-12 06:31:00,39.4
2025-06-12 02:44:00,28.3
2025-06-12 03:47:00,96.8
2025-06-12 06:53:00,0.2
2025-06-12 21:18:00,14.6
2025-06-12 22:32:00,77.1
2025-06-12 09:35:00,98.9
2025-06-12 10:29:00,62.6
2025-06-12 18:55:00,22.0
2025-06-12 20:21:00,78.3
2025-06-12 05:35:00,70.6
2025-06-12 01:08:00,49.85036359371334
2025-06-12 07:44:00,49.85036359371334
2025-06-12 20:23:00,68.1
2025-06-12 10:21:00,67.2
2025-06-12 11:10:00,49.85036359371334
2025-06-12 19:33:00,63.9
2025-06-12 20:45:00,38.2
2025-06-12 09:54:00,10.2
2025-06-12 02:35:00,95.9
2025-06-12 03:21:00,3.6
2025-06-12 01:57:00,33.2
2025-06-12 16:18:00,49.85036359371334
2025-06-12 08:29:00,3.8
2025-06-12 07:06:00,36.2
2025-06-12 01:23:00,12.7
2025-06-12 18:43:00,84.3
2025-06-12 23:03:00,49.85036359371334
2025-06-12 21:54:00,2.0
2025-06-12 06:52:00,46.6
2025-06-12 17:20:00,49.85036359371334
2025-06-12 13:20:00,2.6
2025-06-12 04:45:00,49.85036359371334
2025-06-12 20:53:00,49.85036359371334
2025-06-12 10:49:00,18.2
2025-06-12 04:13:00,6.9
2025-06-12 22:03:00,93.5
2025-06-12 05:31:00,59.7
2025-06-12 22:38:00,51.5
2025-06-12 04:51:00,57.4
2025-06-12 16:03:00,49.85036359371334
2025-06-12 23:57:00,94.4
2025-06-12 03:14:00,50.0
2025-06-12 06:19:00,22.2
2025-06-12 15:14:00,84.8
2025-06-12 14:19:00,49.85036359371334
2025-06-12 22:25:00,91.0
2025-06-12 18:42:00,40.9
2025-06-12 09:26:00,21.1
2025-06-12 12:11:00,49.85036359371334
2025-06-12 01:19:00,33.0
2025-06-12 17:57:00,11.5
2025-06-12 16:27:00,29.9
2025-06-12 10:37:00,55.6
2025-06-12 00:03:00,79.1
2025-06-12 13:08:00,13.7
2025-06-12 22:15:00,49.85036359371334
2025-06-12 17:43:00,42.4
2025-06-12 08:36:00,49.85036359371334
2025-06-12 23:12:00,49.85036359371334
2025-06-12 20:15:00,49.85036359371334
2025-06-12 08:12:00,78.7
2025-06-12 13:24:00,90.8
2025-06-12 07:05:00,66.7
2025-06-12 06:52:00,40.0
2025-06-12 19:40:00,49.85036359371334
2025-06-12 03:40:00,74.4
2025-06-12 21:57:00,42.0
2025-06-12 15:57:00,38.3
2025-06-12 06:56:00,90.8
2025-06-12 00:14:00,46.5
2025-06-12 12:21:00,48.6
2025-06-12 11:25:00,56.5
2025-06-12 19:14:00,59.4
2025-06-12 15:54:00,6.4
2025-06-12 21:07:00,14.2
2025-06-12 04:49:00,84.2
2025-06-12 09:01:00,97.4
2025-06-12 20:38:00,79.9
2025-06-12 17:37:00,86.8
2025-06-12 07:35:00,22.5
2025-06-12 13:40:00,14.7
2025-06-12 17:08:00,41.5
2025-06-12 21:10:00,55.4
2025-06-12 01:13:00,88.4
2025-06-12 14:08:00,43.6
2025-06-12 15:07:00,52.1
2025-06-12 23:15:00,49.85036359371334
2025-06-12 09:08:00,5.3
2025-06-12 15:49:00,13.1
2025-06-12 06:14:00,14.6
2025-06-12 17:53:00,36.8
2025-06-12 02:20:00,49.85036359371334
2025-06-12 21:15:00,53.1
2025-06-12 02:50:00,14.0
2025-06-12 04:55:00,68.8
2025-06-12 07:53:00,87.0
2025-06-12 07:10:00,32.7
2025-06-12 06:26:00,21.5
2025-06-12 10:28:00,49.85036359371334
2025-06-12 19:12:00,99.7
2025-06-12 15:23:00,24.5
2025-06-12 14:44:00,29.0
2025-06-12 10:41:00,71.7
2025-06-12 13:50:00,74.9
2025-06-12 02:47:00,89.0
2025-06-12 01:21:00,10.1
2025-06-12 21:23:00,14.1
2025-06-12 07:37:00,22.5
2025-06-12 07:53:00,66.1
2025-06-12 13:45:00,86.5
2025-06-12 04:48:00,54.4
2025-06-12 08:09:00,16.2
2025-06-12 19:15:00,68.4
2025-06-12 00:42:00,3.9
2025-06-12 18:34:00,26.9
2025-06-12 02:18:00,29.0
2025-06-12 07:17:00,91.7
2025-06-12 12:20:00,39.9
2025-06-12 11:52:00,35.9
2025-06-12 18:01:00,6.8
2025-06-12 17:12:00,24.3
2025-06-12 01:17:00,99.2
2025-06-12 00:07:00,59.7
2025-06-12 19:40:00,49.85036359371334
2025-06-12 13:30:00,13.5
2025-06-12 19:25:00,42.3
2025-06-12 00:54:00,61.5
2025-06-12 08:14:00,29.2
2025-06-12 20:23:00,41.8
2025-06-12 23:43:00,49.85036359371334
2025-06-12 00:34:00,1.2
2025-06-12 14:16:00,68.8
2025-06-12 10:14:00,21.8
2025-06-12 04:04:00,94.4
2025-06-12 02:21:00,9.5
2025-06-12 06:17:00,26.6
2025-06-12 16:33:00,49.85036359371334
2025-06-12 14:29:00,37.2
2025-06-12 10:37:00,31.3
2025-06-12 20:36:00,52.6
2025-06-12 09:37:00,25.1
2025-06-12 10:21:00,17.5
2025-06-12 09:55:00,42.8
2025-06-12 17:14:00,12.1
2025-06-12 14:15:00,2.9
2025-06-12 14:17:00,49.85036359371334
2025-06-12 09:37:00,49.5
2025-06-12 23:28:00,24.3
2025-06-12 23:38:00,29.2
2025-06-12 04:52:00,10.8
2025-06-12 13:41:00,91.2
2025-06-12 20:28:00,13.6
2025-06-12 10:42:00,33.4
2025-06-12 08:04:00,65.5
2025-06-12 20:05:00,83.4
2025-06-12 15:23:00,37.2
2025-06-12 16:26:00,52.6
2025-06-12 19:23:00,49.85036359371334
2025-06-12 08:39:00,19.4
2025-06-12 09:00:00,13.6
2025-06-12 00:40:00,86.8
2025-06-12 16:15:00,18.2
2025-06-12 18:03:00,67.2
2025-06-12 01:10:00,79.1
2025-06-12 21:50:00,47.3
2025-06-12 07:16:00,9.2
2025-06-12 09:33:00,8.2
2025-06-12 12:40:00,1.8
2025-06-12 23:08:00,88.1
2025-06-12 06:19:00,87.0
2025-06-12 14:02:00,85.1
2025-06-12 08:15:00,60.8
2025-06-12 14:35:00,49.8
2025-06-12 18:20:00,49.85036359371334
2025-06-12 01:05:00,49.85036359371334
2025-06-12 16:25:00,53.0
2025-06-12 18:02:00,18.9
2025-06-12 12:47:00,10.2
2025-06-12 12:25:00,49.85036359371334
2025-06-12 14:09:00,51.5
2025-06-12 20:27:00,49.85036359371334
2025-06-12 08:57:00,64.6
2025-06-12 09:09:00,57.0
2025-06-12 06:09:00,83.9
2025-06-12 14:02:00,2.7
2025-06-12 12:36:00,71.1
2025-06-12 10:20:00,13.6
2025-06-12 22:42:00,96.8
2025-06-12 05:41:00,49.85036359371334
2025-06-12 04:04:00,80.9
2025-06-12 04:57:00,79.0
2025-06-12 21:32:00,49.85036359371334
2025-06-12 08:36:00,49.6
2025-06-12 22:18:00,76.2
2025-06-12 05:48:00,73.1
2025-06-12 08:09:00,49.85036359371334
2025-06-12 05:58:00,66.2
2025-06-12 01:23:00,28.9
2025-06-12 16:22:00,36.4
2025-06-12 15:59:00,79.1
2025-06-12 00:43:00,97.5
2025-06-12 21:39:00,33.5
2025-06-12 18:42:00,49.85036359371334
2025-06-12 13:48:00,93.4
2025-06-12 20:09:00,79.6
2025-06-12 03:55:00,75.4
2025-06-12 02:53:00,60.9
2025-06-12 23:25:00,51.2
2025-06-12 17:31:00,45.4
2025-06-12 00:33:00,35.0
2025-06-12 02:23:00,64.0
2025-06-12 00:21:00,56.4
2025-06-12 15:44:00,39.5
2025-06-12 04:12:00,28.1
2025-06-12 22:44:00,16.8
2025-06-12 07:45:00,17.9
2025-06-12 22:14:00,46.4
2025-06-12 18:58:00,33.0
2025-06-12 22:08:00,8.4
2025-06-12 15:45:00,94.0
2025-06-12 08:42:00,49.85036359371334
2025-06-12 21:01:00,97.4
2025-06-12 23:06:00,98.9
2025-06-12 20:09:00,64.2
2025-06-12 15:27:00,14.7
2025-06-12 08:19:00,41.0
2025-06-12 17:32:00,30.8
2025-06-12 10:26:00,57.4
2025-06-12 15:32:00,45.6
2025-06-12 11:26:00,68.5
2025-06-12 14:35:00,88.3
2025-06-12 04:19:00,49.85036359371334
2025-06-12 01:02:00,49.85036359371334
2025-06-12 12:44:00,94.2
2025-06-12 23:49:00,15.5
2025-06-12 19:15:00,25.8
2025-06-12 04:45:00,75.8
2025-06-12 02:56:00,49.85036359371334
2025-06-12 20:50:00,26.3
2025-06-12 09:53:00,3.2
2025-06-12 00:54:00,63.2
2025-06-12 19:28:00,9.6
2025-06-12 15:26:00,58.4
2025-06-12 00:30:00,39.5
2025-06-12 19:23:00,76.6
2025-06-12 10:13:00,25.9
2025-06-12 00:31:00,44.8
2025-06-12 15:37:00,51.2
2025-06-12 13:10:00,16.4
2025-06-12 07:05:00,0.5
2025-06-12 14:12:00,62.3
2025-06-12 03:18:00,18.6
2025-06-12 10:23:00,6.5
2025-06-12 03:51:00,49.85036359371334
2025-06-12 21:14:00,92.4
2025-06-12 12:20:00,70.2
2025-06-12 09:14:00,55.6
2025-06-12 06:14:00,34.4
2025-06-12 03:07:00,86.8
2025-06-12 08:23:00,72.8
2025-06-12 15:17:00,35.5
2025-06-12 05:33:00,31.6
2025-06-12 16:06:00,1.9
2025-06-12 23:59:00,78.7
2025-06-12 10:16:00,63.6
2025-06-12 00:25:00,28.5
2025-06-12 15:31:00,0.9
2025-06-12 08:12:00,65.3
2025-06-12 05:10:00,11.3
2025-06-12 03:12:00,26.1
2025-06-12 06:58:00,45.7
2025-06-12 06:03:00,68.6
2025-06-12 01:31:00,21.1
2025-06-12 20:50:00,42.2
2025-06-12 15:17:00,65.0
2025-06-12 13:18:00,49.85036359371334
2025-06-12 08:52:00,23.5
2025-06-12 12:34:00,40.8
2025-06-12 12:04:00,22.3
2025-06-12 03:57:00,74.2
2025-06-12 09:10:00,36.8
2025-06-12 10:28:00,56.5
2025-06-12 06:23:00,49.85036359371334
2025-06-12 13:35:00,63.7
2025-06-12 19:15:00,54.5
2025-06-12 08:36:00,39.5
2025-06-12 15:34:00,67.1
2025-06-12 04:03:00,77.7
2025-06-12 20:50:00,8.4
2025-06-12 07:40:00,19.1
2025-06-12 21:30:00,63.0
2025-06-12 03:36:00,40.9
2025-06-12 02:25:00,86.4
2025-06-12 07:34:00,1.3
2025-06-12 04:16:00,65.0
2025-06-12 01:02:00,21.6
2025-06-12 19:37:00,7.1
2025-06-12 11:08:00,39.3
2025-06-12 21:35:00,26.3
2025-06-12 23:21:00,29.0
2025-06-12 17:41:00,83.0
2025-06-12 01:25:00,49.85036359371334
2025-06-12 20:33:00,24.9
2025-06-12 04:43:00,5.5
2025-06-12 08:54:00,61.4
2025-06-12 19:45:00,99.1
2025-06-12 18:43:00,38.8
2025-06-12 13:22:00,14.1
2025-06-12 15:37:00,51.3
2025-06-12 04:07:00,19.6
2025-06-12 05:48:00,41.1
2025-06-12 01:36:00,25.2
2025-06-12 12:05:00,40.7
2025-06-12 02:21:00,16.3
2025-06-12 22:26:00,93.0
2025-06-12 17:30:00,100.0
2025-06-12 18:29:00,40.1
2025-06-12 02:15:00,68.8
2025-06-12 09:52:00,2.6
2025-06-12 23:16:00,8.2
2025-06-12 07:54:00,11.4
2025-06-12 13:24:00,37.4
2025-06-12 09:24:00,21.4
2025-06-12 08:42:00,51.3
2025-06-12 20:24:00,50.02337935876432
2025-06-12 02:25:00,93.4
2025-06-12 17:25:00,50.02337935876432
2025-06-12 15:36:00,71.3
2025-06-12 12:39:00,60.8
2025-06-12 11:25:00,54.0
2025-06-12 16:46:00,98.7
2025-06-12 02:25:00,18.7
2025-06-12 07:07:00,61.5
2025-06-12 02:09:00,12.5
2025-06-12 13:30:00,39.3
2025-06-12 03:07:00,16.8
2025-06-12 18:42:00,71.3
2025-06-12 19:57:00,50.02337935876432
2025-06-12 08:31:00,50.02337935876432
2025-06-12 12:35:00,7.9
2025-06-12 23:53:00,33.1
2025-06-12 08:34:00,50.02337935876432
2025-06-12 11:47:00,84.6
2025-06-12 12:52:00,33.0
2025-06-12 23:35:00,99.0
2025-06-12 18:49:00,4.6
2025-06-12 06:45:00,50.02337935876432
2025-06-12 08:04:00,58.6
2025-06-12 08:21:00,14.1
2025-06-12 07:26:00,6.1
2025-06-12 04:57:00,50.02337935876432
2025-06-12 18:10:00,52.3
2025-06-12 20:44:00,87.2
2025-06-12 10:39:00,27.2
2025-06-12 02:44:00,58.7
2025-06-12 01:33:00,17.8
2025-06-12 14:27:00,13.7
2025-06-12 16:27:00,94.5
2025-06-12 14:34:00,50.02337935876432
2025-06-12 01:48:00,50.02337935876432
2025-06-12 13:02:00,75.4
2025-06-12 23:08:00,50.02337935876432
2025-06-12 22:24:00,50.02337935876432
2025-06-12 15:53:00,50.02337935876432
2025-06-12 07:00:00,55.2
2025-06-12 09:49:00,14.3
2025-06-12 16:50:00,39.7
2025-06-12 14:35:00,73.9
2025-06-12 05:33:00,25.7
2025-06-12 13:42:00,82.3
2025-06-12 18:41:00,93.9
2025-06-12 05:20:00,62.3
2025-06-12 19:09:00,3.6
2025-06-12 18:05:00,9.5
2025-06-12 23:10:00,34.4
2025-06-12 10:53:00,50.02337935876432
2025-06-12 00:51:00,68.6
2025-06-12 22:25:00,29.0
2025-06-12 09:32:00,36.3
2025-06-12 20:59:00,50.02337935876432
2025-06-12 06:19:00,91.1
2025-06-12 01:17:00,50.02337935876432
2025-06-12 23:48:00,31.5
2025-06-12 12:21:00,47.1
2025-06-12 00:13:00,81.7
2025-06-12 04:40:00,82.1
2025-06-12 18:49:00,69.6
2025-06-12 03:13:00,54.2
2025-06-12 03:55:00,69.2
2025-06-12 09:23:00,92.6
2025-06-12 22:29:00,97.4
2025-06-12 07:48:00,40.8
2025-06-12 17:43:00,94.5
2025-06-12 18:06:00,76.4
2025-06-12 03:29:00,33.2
2025-06-12 02:15:00,17.7
2025-06-12 08:53:00,50.02337935876432
2025-06-12 14:02:00,78.5
2025-06-12 09:29:00,38.2
2025-06-12 06:43:00,50.02337935876432
2025-06-12 14:38:00,50.02337935876432
2025-06-12 09:08:00,61.1
2025-06-12 00:32:00,43.0
2025-06-12 02:57:00,46.8
2025-06-12 09:24:00,13.5
2025-06-12 21:10:00,10.3
2025-06-12 01:49:00,15.9
2025-06-12 07:04:00,46.8
2025-06-12 17:25:00,50.0
2025-06-12 01:28:00,77.0
2025-06-12 20:08:00,50.02337935876432
2025-06-12 08:26:00,81.0
2025-06-12 11:00:00,39.5
2025-06-12 15:27:00,80.7
2025-06-12 10:58:00,25.2
2025-06-12 06:25:00,12.3
2025-06-12 21:00:00,88.8
2025-06-12 09:55:00,44.5
2025-06-12 23:07:00,18.0
2025-06-12 23:51:00,1.5
2025-06-12 07:07:00,50.02337935876432
2025-06-12 05:58:00,13.4
2025-06-12 01:03:00,10.9
2025-06-12 02:54:00,50.02337935876432
2025-06-12 18:16:00,50.02337935876432
2025-06-12 09:11:00,73.3
2025-06-12 11:56:00,16.5
2025-06-12 04:26:00,56.1
2025-06-12 04:22:00,29.3
2025-06-12 00:36:00,50.02337935876432
2025-06-12 02:24:00,84.5
2025-06-12 21:56:00,34.6
2025-06-12 20:36:00,7.5
2025-06-12 14:40:00,96.7
2025-06-12 20:06:00,92.6
2025-06-12 21:30:00,50.02337935876432
2025-06-12 17:16:00,92.7
2025-06-12 10:18:00,91.1
2025-06-12 14:55:00,58.4
2025-06-12 20:06:00,76.0
2025-06-12 23:58:00,19.5
2025-06-12 15:19:00,77.6
2025-06-12 03:05:00,37.2
2025-06-12 10:01:00,72.2
2025-06-12 05:20:00,63.9
2025-06-12 11:13:00,21.4
2025-06-12 03:52:00,22.2
2025-06-12 08:32:00,54.0
2025-06-12 18:38:00,6.6
2025-06-12 21:51:00,97.9
2025-06-12 16:55:00,50.02337935876432
2025-06-12 04:30:00,50.02337935876432
2025-06-12 00:48:00,12.3
2025-06-12 06:53:00,23.7
2025-06-12 16:19:00,94.5
2025-06-12 03:05:00,26.4
2025-06-12 11:48:00,64.1
2025-06-12 19:53:00,86.8
2025-06-12 17:17:00,70.0
2025-06-12 21:46:00,84.5
2025-06-12 12:48:00,50.6
2025-06-12 06:20:00,4.7
2025-06-12 11:38:00,73.3
2025-06-12 14:07:00,28.7
2025-06-12 22:03:00,82.6
2025-06-12 14:06:00,49.6
2025-06-12 10:44:00,63.3
2025-06-12 14:59:00,80.3
2025-06-12 18:32:00,79.2
2025-06-12 08:01:00,8.6
2025-06-12 10:32:00,6.8
2025-06-12 01:54:00,50.02337935876432
2025-06-12 14:43:00,73.3
2025-06-12 06:14:00,89.4
2025-06-12 06:09:00,48.6
2025-06-12 16:44:00,26.7
2025-06-12 13:03:00,28.1
2025-06-12 06:07:00,18.4
2025-06-12 05:12:00,12.8
2025-06-12 02:07:00,93.8
2025-06-12 15:44:00,97.1
2025-06-12 19:36:00,76.8
2025-06-12 19:23:00,10.7
2025-06-12 16:54:00,16.8
2025-06-12 10:20:00,50.02337935876432
2025-06-12 18:22:00,50.02337935876432
2025-06-12 23:52:00,65.9
2025-06-12 06:50:00,62.7
2025-06-12 17:06:00,36.1
2025-06-12 11:38:00,69.7
2025-06-12 02:35:00,1.8
2025-06-12 11:40:00,93.5
2025-06-12 22:11:00,55.4
2025-06-12 04:15:00,56.5
2025-06-12 20:38:00,22.2
2025-06-12 11:24:00,66.3
2025-06-12 17:43:00,4.5
2025-06-12 17:26:00,13.1
2025-06-12 04:19:00,70.9
2025-06-12 02:41:00,42.7
2025-06-12 16:19:00,10.0
2025-06-12 20:56:00,92.9
2025-06-12 15:58:00,4.1
2025-06-12 21:30:00,56.9
2025-06-12 02:37:00,70.8
2025-06-12 12:03:00,47.2
2025-06-12 12:43:00,85.6
2025-06-12 04:28:00,21.1
2025-06-12 18:58:00,50.02337935876432
2025-06-12 01:03:00,84.3
2025-06-12 18:40:00,1.5
2025-06-12 18:17:00,6.0
2025-06-12 18:16:00,20.0
2025-06-12 18:31:00,10.9
2025-06-12 21:22:00,51.6
2025-06-12 06:42:00,28.3
2025-06-12 19:40:00,41.5
2025-06-12 05:31:00,50.02337935876432
2025-06-12 16:48:00,50.02337935876432
2025-06-12 03:37:00,77.6
2025-06-12 02:38:00,53.3
2025-06-12 17:51:00,19.1
2025-06-12 04:47:00,49.6
2025-06-12 10:27:00,50.02337935876432
2025-06-12 17:28:00,55.6
2025-06-12 18:56:00,83.9
2025-06-12 19:53:00,50.02337935876432
2025-06-12 03:31:00,50.02337935876432
2025-06-12 22:50:00,50.02337935876432
2025-06-12 12:49:00,35.1
2025-06-12 09:29:00,39.8
2025-06-12 05:18:00,50.02337935876432
2025-06-12 16:40:00,96.5
2025-06-12 20:44:00,78.1
2025-06-12 01:27:00,45.3
2025-06-12 00:32:00,89.8
2025-06-12 19:43:00,37.8
2025-06-12 08:28:00,22.6
2025-06-12 02:21:00,9.3
2025-06-12 03:58:00,22.4
2025-06-12 04:20:00,88.2
2025-06-12 21:44:00,94.8
2025-06-12 19:56:00,50.02337935876432
2025-06-12 19:36:00,2.1
2025-06-12 19:17:00,98.4
2025-06-12 05:22:00,50.02337935876432
2025-06-12 01:55:00,50.02337935876432
2025-06-12 02:12:00,50.02337935876432
2025-06-12 10:20:00,57.1
2025-06-12 02:11:00,50.02337935876432
2025-06-12 12:10:00,50.6
2025-06-12 17:11:00,68.5
2025-06-12 11:47:00,88.0
2025-06-12 05:51:00,6.0
2025-06-12 20:00:00,41.4
2025-06-12 13:36:00,64.9
2025-06-12 14:40:00,90.5
2025-06-12 04:14:00,99.4
2025-06-12 06:24:00,5.1
2025-06-12 08:26:00,3.8
2025-06-12 23:01:00,50.02337935876432
2025-06-12 09:20:00,50.02337935876432
2025-06-12 18:51:00,31.1
2025-06-12 02:57:00,60.3
2025-06-12 19:26:00,50.02337935876432
2025-06-12 14:42:00,8.1
2025-06-12 22:44:00,78.7
2025-06-12 15:41:00,98.4
2025-06-12 05:39:00,72.5
2025-06-12 15:50:00,73.1
2025-06-12 06:15:00,50.02337935876432
2025-06-12 14:03:00,99.3
2025-06-12 20:53:00,18.1
2025-06-12 16:33:00,79.0
2025-06-12 18:32:00,83.5
2025-06-12 02:12:00,95.1
2025-06-12 03:14:00,35.1
2025-06-12 05:25:00,50.02337935876432
2025-06-12 22:44:00,81.4
2025-06-12 08:33:00,50.02337935876432
2025-06-12 21:23:00,75.3
2025-06-12 08:58:00,50.02337935876432
2025-06-12 16:17:00,28.6
2025-06-12 00:54:00,59.3
2025-06-12 20:11:00,21.3
2025-06-12 21:36:00,78.6
2025-06-12 07:05:00,7.0
2025-06-12 11:56:00,72.2
2025-06-12 07:29:00,50.02337935876432
2025-06-12 19:36:00,97.4
2025-06-12 17:32:00,27.2
2025-06-12 10:58:00,31.0
2025-06-12 12:07:00,62.9
2025-06-12 12:47:00,83.4
2025-06-12 15:58:00,22.0
2025-06-12 09:58:00,50.02337935876432
2025-06-12 11:11:00,20.8
2025-06-12 22:46:00,14.5
2025-06-12 03:43:00,45.5
2025-06-12 18:27:00,83.8
2025-06-12 14:36:00,50.02337935876432
2025-06-12 00:41:00,50.02337935876432
2025-06-12 14:09:00,42.0
2025-06-12 10:18:00,94.4
2025-06-12 20:13:00,76.9
2025-06-12 11:19:00,75.6
2025-06-12 06:51:00,91.9
2025-06-12 21:28:00,93.8
2025-06-12 07:46:00,52.4
2025-06-12 22:46:00,45.8
2025-06-12 10:41:00,8.3
2025-06-12 12:15:00,43.7
2025-06-12 06:35:00,7.7
2025-06-12 23:17:00,79.5
2025-06-12 15:15:00,11.7
2025-06-12 09:45:00,4.3
2025-06-12 00:43:00,90.9
2025-06-12 02:32:00,37.5
2025-06-12 08:17:00,41.1
2025-06-12 10:09:00,93.7
2025-06-12 09:10:00,68.1
2025-06-12 22:51:00,53.8
2025-06-12 10:59:00,74.8
2025-06-12 12:01:00,52.0
2025-06-12 07:03:00,60.3
2025-06-12 20:55:00,22.2
2025-06-12 17:22:00,10.2
2025-06-12 17:46:00,9.9
2025-06-12 12:17:00,79.8
2025-06-12 14:59:00,44.4
2025-06-12 15:44:00,73.1
2025-06-12 18:23:00,47.4
2025-06-12 04:23:00,70.7
2025-06-12 02:48:00,4.3
2025-06-12 09:29:00,26.0
2025-06-12 19:13:00,5.2
2025-06-12 23:27:00,50.19809456598448
2025-06-12 13:08:00,98.9
2025-06-12 12:02:00,50.19809456598448
2025-06-12 19:11:00,23.6
2025-06-12 07:18:00,25.6
2025-06-12 16:23:00,39.4
2025-06-12 12:49:00,50.19809456598448
2025-06-12 11:31:00,29.9
2025-06-12 07:48:00,78.3
2025-06-12 05:45:00,72.0
2025-06-12 13:45:00,95.0
2025-06-12 00:45:00,2.9
2025-06-12 12:40:00,64.6
2025-06-12 05:33:00,33.5
2025-06-12 05:23:00,19.4
2025-06-12 14:24:00,51.1
2025-06-12 05:35:00,45.6
2025-06-12 06:08:00,42.0
2025-06-12 16:40:00,98.6
2025-06-12 16:15:00,15.5
2025-06-12 07:48:00,50.19809456598448
2025-06-12 14:50:00,76.2
2025-06-12 01:59:00,99.0
2025-06-12 02:58:00,99.9
2025-06-12 18:00:00,81.0
2025-06-12 19:54:00,24.9
2025-06-12 13:55:00,98.7
2025-06-12 15:19:00,50.19809456598448
2025-06-12 03:54:00,25.7
2025-06-12 11:22:00,67.6
2025-06-12 16:39:00,74.3
2025-06-12 03:49:00,46.3
2025-06-12 01:06:00,4.7
2025-06-12 06:29:00,16.9
2025-06-12 19:51:00,38.4
2025-06-12 22:16:00,24.0
2025-06-12 04:19:00,73.8
2025-06-12 17:58:00,34.6
2025-06-12 18:45:00,82.0
2025-06-12 03:33:00,8.3
2025-06-12 11:26:00,34.9
2025-06-12 18:18:00,66.4
2025-06-12 11:43:00,50.19809456598448
2025-06-12 22:17:00,58.7
2025-06-12 18:45:00,50.19809456598448
2025-06-12 03:50:00,50.19809456598448
2025-06-12 13:04:00,68.9
2025-06-12 18:45:00,93.0
2025-06-12 16:12:00,62.4
2025-06-12 02:41:00,37.2
2025-06-12 23:45:00,50.19809456598448
2025-06-12 19:14:00,8.5
2025-06-12 12:10:00,59.6
2025-06-12 01:12:00,69.0
2025-06-12 16:53:00,78.4
2025-06-12 11:45:00,19.0
2025-06-12 22:10:00,50.19809456598448
2025-06-12 21:24:00,71.2
2025-06-12 23:57:00,17.7
2025-06-12 02:14:00,69.8
2025-06-12 13:37:00,92.3
2025-06-12 18:05:00,62.9
2025-06-12 22:31:00,52.6
2025-06-12 00:42:00,50.19809456598448
2025-06-12 14:47:00,96.2
2025-06-12 14:50:00,19.6
2025-06-12 19:02:00,55.3
2025-06-12 09:29:00,23.7
2025-06-12 01:03:00,15.7
2025-06-12 09:52:00,57.2
2025-06-12 14:46:00,53.3
2025-06-12 05:08:00,84.0
2025-06-12 05:09:00,7.2
2025-06-12 10:52:00,55.3
2025-06-12 05:28:00,7.2
2025-06-12 22:33:00,17.1
2025-06-12 18:40:00,27.4
2025-06-12 04:24:00,7.1
2025-06-12 08:57:00,12.4
2025-06-12 01:12:00,29.0
2025-06-12 16:46:00,49.4
2025-06-12 07:25:00,71.6
2025-06-12 22:33:00,51.7
2025-06-12 06:11:00,12.4
2025-06-12 20:01:00,50.19809456598448
2025-06-12 07:19:00,66.4
2025-06-12 17:44:00,50.19809456598448
2025-06-12 22:11:00,25.6
2025-06-12 18:36:00,32.3
2025-06-12 14:56:00,51.0
2025-06-12 14:03:00,81.1
2025-06-12 12:47:00,46.2
2025-06-12 06:51:00,62.9
2025-06-12 06:17:00,28.6
2025-06-12 23:59:00,50.19809456598448
2025-06-12 16:12:00,90.5
2025-06-12 17:45:00,36.5
2025-06-12 16:22:00,8.6
2025-06-12 13:19:00,22.5
2025-06-12 18:42:00,74.5
2025-06-12 13:05:00,54.8
2025-06-12 02:41:00,50.19809456598448
2025-06-12 22:15:00,96.1
2025-06-12 22:48:00,9.4
2025-06-12 17:14:00,50.19809456598448
2025-06-12 17:24:00,70.2
2025-06-12 12:05:00,83.6
2025-06-12 20:26:00,16.7
2025-06-12 00:14:00,18.0
2025-06-12 23:33:00,50.19809456598448
2025-06-12 01:33:00,8.7
2025-06-12 13:00:00,81.1
2025-06-12 13:34:00,27.6
2025-06-12 13:46:00,50.19809456598448
2025-06-12 07:48:00,52.6
2025-06-12 06:14:00,76.8
2025-06-12 17:12:00,50.19809456598448
2025-06-12 23:19:00,5.2
2025-06-12 15:48:00,80.3
2025-06-12 12:04:00,60.9
2025-06-12 18:02:00,20.4
2025-06-12 03:25:00,65.5
2025-06-12 00:26:00,50.19809456598448
2025-06-12 13:52:00,33.0
2025-06-12 21:55:00,47.3
2025-06-12 14:08:00,74.9
2025-06-12 20:03:00,50.19809456598448
2025-06-12 19:11:00,49.0
2025-06-12 08:36:00,47.5
2025-06-12 23:02:00,99.2
2025-06-12 12:49:00,96.4
2025-06-12 07:39:00,53.4
2025-06-12 19:54:00,59.0
2025-06-12 01:55:00,85.0
2025-06-12 06:08:00,80.2
2025-06-12 14:34:00,60.2
2025-06-12 09:17:00,94.9
2025-06-12 11:38:00,5.4
2025-06-12 13:48:00,50.19809456598448
2025-06-12 08:07:00,40.4
2025-06-12 13:28:00,38.9
2025-06-12 19:16:00,33.5
2025-06-12 17:32:00,8.5
2025-06-12 13:04:00,50.19809456598448
2025-06-12 06:38:00,65.2
2025-06-12 14:24:00,17.5
2025-06-12 17:52:00,96.0
2025-06-12 06:23:00,48.9
2025-06-12 00:03:00,98.5
2025-06-12 08:12:00,32.2
2025-06-12 17:07:00,50.19809456598448
2025-06-12 21:32:00,31.1
2025-06-12 15:10:00,43.9
2025-06-12 01:57:00,50.19809456598448
2025-06-12 04:35:00,18.3
2025-06-12 21:47:00,45.2
2025-06-12 22:08:00,27.5
2025-06-12 16:58:00,50.19809456598448
2025-06-12 19:29:00,91.1
2025-06-12 09:46:00,12.2
2025-06-12 02:01:00,77.7
2025-06-12 07:07:00,85.6
2025-06-12 00:27:00,49.7
2025-06-12 14:00:00,7.4
2025-06-12 15:45:00,43.2
2025-06-12 10:54:00,58.8
2025-06-12 06:58:00,13.4
2025-06-12 23:39:00,72.7
2025-06-12 11:49:00,58.4
2025-06-12 16:03:00,69.8
2025-06-12 23:22:00,35.1
2025-06-12 21:16:00,77.8
2025-06-12 09:41:00,29.0
2025-06-12 01:51:00,50.19809456598448
2025-06-12 01:23:00,8.9
2025-06-12 20:53:00,98.6
2025-06-12 06:29:00,93.3
2025-06-12 20:29:00,32.7
2025-06-12 05:16:00,43.8
2025-06-12 09:32:00,44.3
2025-06-12 04:16:00,50.19809456598448
2025-06-12 16:43:00,60.6
2025-06-12 21:55:00,28.8
2025-06-12 18:08:00,28.1
2025-06-12 12:47:00,62.6
2025-06-12 00:41:00,36.7
2025-06-12 22:36:00,50.19809456598448
2025-06-12 11:05:00,82.4
2025-06-12 18:56:00,61.0
2025-06-12 00:31:00,89.9
2025-06-12 09:56:00,22.8
2025-06-12 21:24:00,47.4
2025-06-12 10:12:00,50.19809456598448
2025-06-12 06:32:00,9.7
2025-06-12 01:23:00,34.6
2025-06-12 21:13:00,50.19809456598448
2025-06-12 07:59:00,78.0
2025-06-12 06:45:00,74.8
2025-06-12 00:49:00,35.2
2025-06-12 11:06:00,79.8
2025-06-12 12:44:00,67.7
2025-06-12 01:21:00,71.3
2025-06-12 05:58:00,97.1
2025-06-12 11:19:00,64.8
2025-06-12 16:10:00,93.6
2025-06-12 01:32:00,97.3
2025-06-12 21:22:00,2.2
2025-06-12 08:50:00,50.19809456598448
2025-06-12 14:06:00,58.5
2025-06-12 19:41:00,33.7
2025-06-12 19:16:00,92.2
2025-06-12 15:08:00,50.19809456598448
2025-06-12 10:27:00,24.8
2025-06-12 06:56:00,47.0
2025-06-12 17:12:00,7.4
2025-06-12 05:49:00,89.2
2025-06-12 18:15:00,91.0
2025-06-12 03:48:00,69.3
2025-06-12 20:48:00,30.3
2025-06-12 18:15:00,24.5
2025-06-12 14:56:00,99.3
2025-06-12 05:51:00,29.1
2025-06-12 03:37:00,50.19809456598448
2025-06-12 03:22:00,25.9
2025-06-12 16:10:00,33.5
2025-06-12 06:54:00,97.6
2025-06-12 14:04:00,6.9
2025-06-12 19:05:00,37.9
2025-06-12 12:57:00,67.6
2025-06-12 21:59:00,46.1
2025-06-12 23:14:00,32.5
2025-06-12 11:35:00,20.7
2025-06-12 16:31:00,97.0
2025-06-12 21:17:00,53.4
2025-06-12 16:01:00,47.0
2025-06-12 07:48:00,12.4
2025-06-12 02:02:00,93.1
2025-06-12 00:12:00,36.9
2025-06-12 18:26:00,46.6
2025-06-12 21:54:00,51.4
2025-06-12 18:49:00,37.9
2025-06-12 06:39:00,61.4
2025-06-12 19:08:00,63.0
2025-06-12 18:33:00,99.2
2025-06-12 19:55:00,50.19809456598448
2025-06-12 13:36:00,50.19809456598448
2025-06-12 07:36:00,97.8
2025-06-12 20:21:00,51.9
2025-06-12 16:51:00,39.7
2025-06-12 10:25:00,50.19809456598448
2025-06-12 20:43:00,61.1
2025-06-12 22:47:00,50.19809456598448
2025-06-12 11:48:00,56.4
2025-06-12 02:48:00,82.2
2025-06-12 09:27:00,36.0
2025-06-12 01:37:00,62.0
2025-06-12 04:35:00,50.19809456598448
2025-06-12 20:47:00,39.2
2025-06-12 13:56:00,50.19809456598448
2025-06-12 02:16:00,0.6
2025-06-12 07:17:00,5.0
2025-06-12 04:44:00,45.1
2025-06-12 19:23:00,6.3
2025-06-12 09:54:00,79.1
2025-06-12 13:08:00,80.4
2025-06-12 09:26:00,18.7
2025-06-12 02:50:00,36.6
2025-06-12 05:31:00,76.5
2025-06-12 14:58:00,66.6
2025-06-12 04:15:00,50.19809456598448
2025-06-12 05:56:00,57.5
2025-06-12 03:01:00,8.2
2025-06-12 18:34:00,10.2
2025-06-12 09:37:00,3.7
2025-06-12 02:14:00,6.5
2025-06-12 10:41:00,50.19809456598448
2025-06-12 14:14:00,50.19809456598448
2025-06-12 07:03:00,53.5
2025-06-12 09:36:00,33.7
2025-06-12 03:57:00,81.8
2025-06-12 02:12:00,18.9
2025-06-12 12:17:00,50.19809456598448
2025-06-12 18:22:00,45.6
2025-06-12 02:49:00,16.1
2025-06-12 20:47:00,50.19809456598448
2025-06-12 05:04:00,24.1
2025-06-12 08:56:00,78.4
2025-06-12 14:59:00,19.2
2025-06-12 00:39:00,50.19809456598448
2025-06-12 08:27:00,12.6
2025-06-12 04:48:00,50.19809456598448
2025-06-12 03:08:00,19.3
2025-06-12 14:43:00,39.3
2025-06-12 03:04:00,71.1
2025-06-12 18:20:00,73.9
2025-06-12 10:34:00,32.4
2025-06-12 16:38:00,3.9
2025-06-12 16:23:00,95.9
2025-06-12 12:40:00,25.3
2025-06-12 07:40:00,36.1
2025-06-12 13:17:00,50.19809456598448
2025-06-12 12:23:00,47.6
2025-06-12 21:04:00,50.19809456598448
2025-06-12 17:03:00,33.5
2025-06-12 19:33:00,47.3
2025-06-12 10:10:00,59.9
2025-06-12 21:11:00,57.7
2025-06-12 01:54:00,10.5
2025-06-12 16:11:00,84.9
2025-06-12 14:41:00,45.9
2025-06-12 20:48:00,80.5
2025-06-12 10:24:00,83.0
2025-06-12 22:13:00,5.4
2025-06-12 08:21:00,52.5
2025-06-12 05:59:00,80.5
2025-06-12 06:31:00,74.1
2025-06-12 16:14:00,56.0
2025-06-12 04:38:00,66.7
2025-06-12 16:18:00,80.9
2025-06-12 07:58:00,88.7
2025-06-12 01:47:00,49.54486036141751
2025-06-12 14:20:00,89.8
2025-06-12 18:34:00,53.7
2025-06-12 08:35:00,55.5
2025-06-12 12:23:00,96.3
2025-06-12 01:46:00,30.3
2025-06-12 20:29:00,51.2
2025-06-12 12:18:00,26.8
2025-06-12 12:38:00,66.1
2025-06-12 07:21:00,31.5
2025-06-12 16:31:00,90.4
2025-06-12 02:19:00,90.2
2025-06-12 05:49:00,91.5
2025-06-12 23:21:00,4.2
2025-06-12 10:13:00,23.1
2025-06-12 15:19:00,74.2
2025-06-12 23:25:00,32.3
2025-06-12 02:01:00,86.9
2025-06-12 13:40:00,59.8
2025-06-12 05:55:00,98.7
2025-06-12 10:00:00,93.1
2025-06-12 14:42:00,96.0
2025-06-12 11:45:00,17.1
2025-06-12 06:30:00,50.8
2025-06-12 03:27:00,49.54486036141751
2025-06-12 16:29:00,85.8
2025-06-12 20:48:00,33.2
2025-06-12 11:23:00,89.1
2025-06-12 23:37:00,49.54486036141751
2025-06-12 02:09:00,51.3
2025-06-12 00:45:00,47.6
2025-06-12 15:32:00,61.0
2025-06-12 03:28:00,65.9
2025-06-12 00:59:00,11.0
2025-06-12 09:08:00,87.3
2025-06-12 05:51:00,90.6
2025-06-12 00:49:00,83.2
2025-06-12 14:40:00,77.1
2025-06-12 20:38:00,49.54486036141751
2025-06-12 02:16:00,20.3
2025-06-12 04:30:00,8.9
2025-06-12 07:47:00,81.0
2025-06-12 14:47:00,71.5
2025-06-12 06:49:00,23.2
2025-06-12 02:41:00,72.8
2025-06-12 01:41:00,89.2
2025-06-12 08:05:00,65.7
2025-06-12 23:52:00,61.3
2025-06-12 14:07:00,43.7
2025-06-12 18:05:00,0.2
2025-06-12 08:52:00,49.54486036141751
2025-06-12 16:52:00,23.0
2025-06-12 13:46:00,35.4
2025-06-12 19:35:00,9.1
2025-06-12 05:22:00,57.4
2025-06-12 05:34:00,19.9
2025-06-12 21:05:00,23.1
2025-06-12 05:18:00,24.9
2025-06-12 21:08:00,62.7
2025-06-12 21:22:00,84.2
2025-06-12 12:15:00,66.4
2025-06-12 18:26:00,60.0
2025-06-12 06:27:00,49.54486036141751
2025-06-12 11:01:00,78.5
2025-06-12 09:43:00,24.8
2025-06-12 18:20:00,78.5
2025-06-12 15:41:00,25.2
2025-06-12 20:25:00,71.1
2025-06-12 23:01:00,27.1
2025-06-12 17:13:00,29.4
2025-06-12 10:08:00,49.54486036141751
2025-06-12 11:07:00,49.54486036141751
2025-06-12 09:40:00,47.6
2025-06-12 09:21:00,49.54486036141751
2025-06-12 05:22:00,69.0
2025-06-12 13:20:00,98.1
2025-06-12 15:37:00,41.4
2025-06-12 17:46:00,3.6
2025-06-12 20:25:00,61.2
2025-06-12 23:41:00,51.8
2025-06-12 18:28:00,84.4
2025-06-12 12:36:00,68.2
2025-06-12 23:07:00,19.8
2025-06-12 10:05:00,40.0
2025-06-12 09:20:00,60.7
2025-06-12 18:00:00,49.1
2025-06-12 04:33:00,96.3
2025-06-12 15:58:00,30.1
2025-06-12 15:12:00,17.6
2025-06-12 23:13:00,21.1
2025-06-12 07:27:00,95.4
2025-06-12 22:27:00,64.1
2025-06-12 07:48:00,91.8
2025-06-12 15:44:00,45.2
2025-06-12 10:44:00,47.2
2025-06-12 09:31:00,49.54486036141751
2025-06-12 12:07:00,4.2
2025-06-12 21:40:00,10.0
2025-06-12 17:18:00,48.0
2025-06-12 23:40:00,59.9
2025-06-12 18:58:00,49.54486036141751
2025-06-12 16:28:00,46.4
2025-06-12 02:03:00,52.6
2025-06-12 02:01:00,17.4
2025-06-12 15:47:00,56.0
2025-06-12 13:33:00,14.0
2025-06-12 09:14:00,58.8
2025-06-12 05:37:00,2.0
2025-06-12 09:50:00,49.54486036141751
2025-06-12 13:07:00,75.2
2025-06-12 03:11:00,49.54486036141751
2025-06-12 08:05:00,85.3
2025-06-12 13:32:00,84.0
2025-06-12 07:11:00,20.5
2025-06-12 16:12:00,29.1
2025-06-12 08:51:00,43.2
2025-06-12 21:04:00,69.9
2025-06-12 21:47:00,42.7
2025-06-12 13:28:00,21.8
2025-06-12 13:59:00,49.6
2025-06-12 01:23:00,64.7
2025-06-12 17:27:00,28.7
2025-06-12 00:24:00,22.3
2025-06-12 01:50:00,39.7
2025-06-12 12:51:00,85.5
2025-06-12 06:44:00,64.0
2025-06-12 00:39:00,49.54486036141751
2025-06-12 20:02:00,49.54486036141751
2025-06-12 11:50:00,49.54486036141751
2025-06-12 05:11:00,17.9
2025-06-12 04:01:00,36.3
2025-06-12 12:50:00,71.1
2025-06-12 02:00:00,3.6
2025-06-12 21:27:00,60.0
2025-06-12 12:45:00,49.54486036141751
2025-06-12 18:41:00,88.0
2025-06-12 17:50:00,39.0
2025-06-12 20:54:00,88.4
2025-06-12 00:32:00,63.7
2025-06-12 06:02:00,80.4
2025-06-12 06:10:00,99.4
2025-06-12 10:30:00,58.0
2025-06-12 00:24:00,56.8
2025-06-12 02:50:00,0.4
2025-06-12 09:01:00,52.7
2025-06-12 12:07:00,8.0
2025-06-12 15:14:00,86.6
2025-06-12 06:13:00,42.1
2025-06-12 15:04:00,7.9
2025-06-12 21:26:00,31.9
2025-06-12 16:03:00,34.7
2025-06-12 11:27:00,13.8
2025-06-12 07:34:00,65.4
2025-06-12 04:16:00,83.9
2025-06-12 18:09:00,12.7
2025-06-12 01:42:00,50.5
2025-06-12 16:53:00,17.2
2025-06-12 17:42:00,92.4
2025-06-12 03:31:00,23.1
2025-06-12 11:11:00,19.4
2025-06-12 14:41:00,96.4
2025-06-12 21:32:00,21.1
2025-06-12 13:08:00,49.54486036141751
2025-06-12 19:05:00,49.54486036141751
2025-06-12 06:47:00,88.5
2025-06-12 07:58:00,38.2
2025-06-12 06:00:00,15.2
2025-06-12 19:53:00,31.2
2025-06-12 00:48:00,80.5
2025-06-12 03:24:00,37.2
2025-06-12 09:37:00,29.7
2025-06-12 22:33:00,29.5
2025-06-12 09:00:00,1.0
2025-06-12 15:43:00,25.2
2025-06-12 07:51:00,49.54486036141751
2025-06-12 00:09:00,13.1
2025-06-12 18:45:00,90.9
2025-06-12 12:14:00,48.8
2025-06-12 21:14:00,49.54486036141751
2025-06-12 21:43:00,59.3
2025-06-12 16:48:00,99.5
2025-06-12 17:35:00,49.54486036141751
2025-06-12 20:55:00,49.54486036141751
2025-06-12 14:46:00,88.8
2025-06-12 07:58:00,85.2
2025-06-12 21:28:00,18.7
2025-06-12 19:18:00,47.2
2025-06-12 23:21:00,99.1
2025-06-12 02:36:00,35.7
2025-06-12 07:59:00,5.8
2025-06-12 02:49:00,75.1
2025-06-12 07:54:00,72.0
2025-06-12 04:14:00,57.8
2025-06-12 23:24:00,36.5
2025-06-12 00:55:00,98.9
2025-06-12 19:14:00,60.9
2025-06-12 07:14:00,8.4
2025-06-12 02:58:00,4.1
2025-06-12 13:05:00,46.4
2025-06-12 07:00:00,28.3
2025-06-12 21:29:00,94.9
2025-06-12 07:40:00,48.5
2025-06-12 21:27:00,49.54486036141751
2025-06-12 07:47:00,79.2
2025-06-12 01:54:00,6.5
2025-06-12 06:04:00,29.0
2025-06-12 10:26:00,90.3
2025-06-12 08:35:00,93.4
2025-06-12 17:50:00,31.4
2025-06-12 07:03:00,68.9
2025-06-12 01:24:00,84.0
2025-06-12 23:59:00,13.9
2025-06-12 00:56:00,58.2
2025-06-12 00:14:00,80.0
2025-06-12 16:06:00,41.3
2025-06-12 08:04:00,13.2
2025-06-12 19:50:00,22.9
2025-06-12 08:33:00,0.3
2025-06-12 17:38:00,85.4
2025-06-12 12:45:00,91.8
2025-06-12 09:37:00,54.9
2025-06-12 22:14:00,32.0
2025-06-12 21:17:00,93.0
2025-06-12 12:00:00,60.7
2025-06-12 13:10:00,53.1
2025-06-12 16:49:00,39.3
2025-06-12 21:35:00,10.2
2025-06-12 04:35:00,14.0
2025-06-12 20:17:00,56.7
2025-06-12 22:06:00,69.8
2025-06-12 02:40:00,97.1
2025-06-12 07:06:00,6.1
2025-06-12 17:09:00,20.3
2025-06-12 14:22:00,80.2
2025-06-12 10:51:00,80.7
2025-06-12 06:07:00,53.7
2025-06-12 09:22:00,49.54486036141751
2025-06-12 05:13:00,49.54486036141751
2025-06-12 17:00:00,62.5
2025-06-12 08:25:00,59.3
2025-06-12 22:16:00,80.0
2025-06-12 00:58:00,28.4
2025-06-12 23:19:00,49.54486036141751
2025-06-12 04:08:00,49.54486036141751
2025-06-12 07:22:00,33.2
2025-06-12 00:44:00,49.54486036141751
2025-06-12 14:54:00,94.6
2025-06-12 10:22:00,69.6
2025-06-12 16:38:00,12.2
2025-06-12 08:21:00,36.3
2025-06-12 05:40:00,49.54486036141751
2025-06-12 05:00:00,72.4
2025-06-12 00:15:00,19.2
2025-06-12 21:58:00,98.5
2025-06-12 02:07:00,89.2
2025-06-12 09:51:00,49.54486036141751
2025-06-12 12:41:00,63.3
2025-06-12 09:46:00,16.2
2025-06-12 23:07:00,74.3
2025-06-12 13:07:00,53.0
2025-06-12 10:57:00,20.5
2025-06-12 00:31:00,49.54486036141751
2025-06-12 17:18:00,3.5
2025-06-12 16:11:00,44.3
2025-06-12 07:17:00,3.1
2025-06-12 00:24:00,21.4
2025-06-12 20:32:00,47.1
2025-06-12 18:53:00,66.1
2025-06-12 19:05:00,17.3
2025-06-12 20:57:00,43.2
2025-06-12 13:25:00,83.7
2025-06-12 07:23:00,50.1
2025-06-12 13:30:00,62.1
2025-06-12 04:20:00,90.2
2025-06-12 06:28:00,52.4
2025-06-12 18:20:00,1.5
2025-06-12 06:24:00,76.9
2025-06-12 17:04:00,49.54486036141751
2025-06-12 18:38:00,71.7
2025-06-12 13:04:00,67.7
2025-06-12 15:00:00,55.1
2025-06-12 18:04:00,85.4
2025-06-12 07:52:00,47.4
2025-06-12 01:08:00,49.54486036141751
2025-06-12 23:12:00,49.54486036141751
2025-06-12 02:46:00,49.54486036141751
2025-06-12 01:53:00,49.54486036141751
2025-06-12 01:38:00,88.4
2025-06-12 08:00:00,32.1
2025-06-12 00:56:00,81.7
2025-06-12 10:38:00,52.9
2025-06-12 07:09:00,74.0
2025-06-12 22:07:00,41.5
2025-06-12 23:14:00,96.4
2025-06-12 05:05:00,18.0
2025-06-12 13:31:00,32.8
2025-06-12 15:54:00,8.1
2025-06-12 08:22:00,58.1
2025-06-12 03:03:00,45.7
2025-06-12 19:29:00,74.3
2025-06-12 00:22:00,17.6
2025-06-12 20:39:00,21.3
2025-06-12 06:13:00,10.5
2025-06-12 12:47:00,55.0
2025-06-12 21:27:00,93.5
2025-06-12 08:27:00,50.136426804852206
2025-06-12 23:09:00,4.7
2025-06-12 11:52:00,1.2
2025-06-12 09:04:00,50.136426804852206
2025-06-12 17:37:00,40.3
2025-06-12 13:52:00,92.2
2025-06-12 17:35:00,76.0
2025-06-12 11:51:00,49.1
2025-06-12 13:21:00,54.0
2025-06-12 23:01:00,46.9
2025-06-12 06:23:00,17.7
2025-06-12 02:29:00,73.7
2025-06-12 05:18:00,85.0
2025-06-12 15:36:00,19.5
2025-06-12 12:49:00,43.4
2025-06-12 00:53:00,50.136426804852206
2025-06-12 01:39:00,74.8
2025-06-12 07:48:00,42.1
2025-06-12 02:26:00,21.4
2025-06-12 04:17:00,50.136426804852206
2025-06-12 01:46:00,62.2
2025-06-12 19:21:00,16.9
2025-06-12 21:41:00,50.136426804852206
2025-06-12 12:13:00,0.0
2025-06-12 16:36:00,64.4
2025-06-12 08:06:00,22.1
2025-06-12 21:47:00,64.7
2025-06-12 23:48:00,87.1
2025-06-12 07:06:00,50.136426804852206
2025-06-12 00:38:00,28.6
2025-06-12 15:25:00,52.2
2025-06-12 21:19:00,16.6
2025-06-12 11:56:00,9.9
2025-06-12 15:28:00,50.8
2025-06-12 04:25:00,70.0
2025-06-12 07:57:00,60.0
2025-06-12 00:19:00,28.1
2025-06-12 18:14:00,95.8
2025-06-12 15:32:00,46.0
2025-06-12 02:33:00,19.9
2025-06-12 18:25:00,74.6
2025-06-12 05:05:00,14.1
2025-06-12 15:49:00,81.4
2025-06-12 16:28:00,11.5
2025-06-12 11:10:00,94.2
2025-06-12 00:02:00,42.8
2025-06-12 02:12:00,90.3
2025-06-12 18:07:00,18.3
2025-06-12 10:58:00,71.3
2025-06-12 21:27:00,3.5
2025-06-12 23:02:00,50.136426804852206
2025-06-12 03:34:00,50.136426804852206
2025-06-12 01:52:00,90.6
2025-06-12 11:50:00,50.136426804852206
2025-06-12 17:31:00,50.136426804852206
2025-06-12 16:22:00,46.9
2025-06-12 20:10:00,13.0
2025-06-12 23:03:00,50.136426804852206
2025-06-12 00:59:00,17.7
2025-06-12 23:38:00,28.5
2025-06-12 06:32:00,92.1
2025-06-12 17:53:00,92.2
2025-06-12 21:27:00,69.9
2025-06-12 06:00:00,60.3
2025-06-12 10:59:00,50.136426804852206
2025-06-12 16:39:00,77.4
2025-06-12 23:22:00,89.5
2025-06-12 11:06:00,50.136426804852206
2025-06-12 02:21:00,22.6
2025-06-12 07:42:00,9.1
2025-06-12 17:38:00,70.5
2025-06-12 19:01:00,50.136426804852206
2025-06-12 07:50:00,90.6
2025-06-12 19:25:00,74.7
2025-06-12 22:07:00,50.136426804852206
2025-06-12 03:33:00,90.1
2025-06-12 11:37:00,82.9
2025-06-12 11:39:00,17.1
2025-06-12 21:17:00,91.4
2025-06-12 00:36:00,42.2
2025-06-12 08:53:00,64.4
2025-06-12 22:32:00,50.136426804852206
2025-06-12 22:50:00,72.7
2025-06-12 10:21:00,48.3
2025-06-12 04:43:00,39.6
2025-06-12 15:31:00,20.0
2025-06-12 17:46:00,6.0
2025-06-12 09:53:00,50.136426804852206
2025-06-12 16:20:00,57.4
2025-06-12 03:24:00,8.6
2025-06-12 22:48:00,50.136426804852206
2025-06-12 01:04:00,42.7
2025-06-12 18:55:00,34.4
2025-06-12 12:33:00,50.136426804852206
2025-06-12 18:51:00,40.5
2025-06-12 14:33:00,81.0
2025-06-12 10:45:00,50.136426804852206
2025-06-12 09:08:00,91.3
2025-06-12 22:59:00,90.5
2025-06-12 08:33:00,35.7
2025-06-12 12:57:00,48.8
2025-06-12 16:33:00,66.7
2025-06-12 16:59:00,96.5
2025-06-12 00:35:00,72.5
2025-06-12 19:06:00,59.6
2025-06-12 15:34:00,35.1
2025-06-12 10:02:00,10.2
2025-06-12 00:04:00,27.1
2025-06-12 20:32:00,87.7
2025-06-12 08:28:00,77.1
2025-06-12 15:09:00,92.6
2025-06-12 11:05:00,90.3
2025-06-12 13:31:00,97.3
2025-06-12 03:16:00,78.1
2025-06-12 07:29:00,50.136426804852206
2025-06-12 06:59:00,96.0
2025-06-12 21:33:00,7.7
2025-06-12 06:47:00,15.5
2025-06-12 02:41:00,72.9
2025-06-12 23:41:00,76.5
2025-06-12 03:14:00,11.0
2025-06-12 13:51:00,88.2
2025-06-12 04:38:00,4.5
2025-06-12 15:16:00,70.7
2025-06-12 18:03:00,50.136426804852206
2025-06-12 20:02:00,71.7
2025-06-12 03:13:00,49.9
2025-06-12 05:27:00,4.4
2025-06-12 14:12:00,68.2
2025-06-12 22:48:00,12.0
2025-06-12 00:29:00,50.136426804852206
2025-06-12 11:20:00,50.136426804852206
2025-06-12 22:21:00,24.9
2025-06-12 01:40:00,50.136426804852206
2025-06-12 21:58:00,82.2
2025-06-12 01:01:00,65.2
2025-06-12 19:33:00,42.1
2025-06-12 16:42:00,59.3
2025-06-12 04:02:00,50.136426804852206
2025-06-12 00:05:00,70.5
2025-06-12 04:11:00,4.9
2025-06-12 00:48:00,43.4
2025-06-12 06:47:00,20.0
2025-06-12 21:27:00,94.7
2025-06-12 18:11:00,50.136426804852206
2025-06-12 18:00:00,61.0
2025-06-12 15:39:00,4.6
2025-06-12 01:30:00,62.5
2025-06-12 15:34:00,57.5
2025-06-12 06:25:00,50.136426804852206
2025-06-12 20:04:00,24.4
2025-06-12 06:19:00,84.3
2025-06-12 09:13:00,11.1
2025-06-12 04:32:00,57.8
2025-06-12 07:26:00,43.8
2025-06-12 06:40:00,69.9
2025-06-12 00:36:00,43.1
2025-06-12 23:17:00,63.0
2025-06-12 18:54:00,49.9
2025-06-12 11:58:00,41.8
2025-06-12 10:03:00,76.4
2025-06-12 12:45:00,45.6
2025-06-12 21:38:00,35.2
2025-06-12 00:17:00,54.3
2025-06-12 11:06:00,23.7
2025-06-12 05:08:00,83.6
2025-06-12 14:33:00,55.0
2025-06-12 19:02:00,64.1
2025-06-12 20:17:00,78.4
2025-06-12 04:11:00,23.6
2025-06-12 10:35:00,27.0
2025-06-12 10:09:00,50.136426804852206
2025-06-12 16:17:00,85.2
2025-06-12 04:41:00,50.136426804852206
2025-06-12 17:13:00,4.0
2025-06-12 21:54:00,96.8
2025-06-12 14:03:00,44.5
2025-06-12 21:45:00,21.3
2025-06-12 10:36:00,30.6
2025-06-12 09:51:00,74.1
2025-06-12 22:16:00,80.4
2025-06-12 15:35:00,42.2
2025-06-12 15:09:00,2.6
2025-06-12 03:30:00,88.8
2025-06-12 16:39:00,34.5
2025-06-12 07:00:00,42.2
2025-06-12 08:57:00,85.4
2025-06-12 07:14:00,50.136426804852206
2025-06-12 02:08:00,49.1
2025-06-12 19:34:00,44.0
2025-06-12 17:42:00,50.136426804852206
2025-06-12 08:51:00,42.1
2025-06-12 18:33:00,93.6
2025-06-12 21:39:00,79.9
2025-06-12 17:59:00,75.2
2025-06-12 01:07:00,94.9
2025-06-12 00:09:00,50.136426804852206
2025-06-12 16:49:00,59.0
2025-06-12 17:21:00,7.8
2025-06-12 03:19:00,50.136426804852206
2025-06-12 20:05:00,55.6
2025-06-12 23:14:00,50.136426804852206
2025-06-12 13:08:00,62.5
2025-06-12 04:17:00,2.3
2025-06-12 17:25:00,72.1
2025-06-12 01:48:00,50.136426804852206
2025-06-12 05:16:00,27.5
2025-06-12 03:44:00,50.136426804852206
2025-06-12 05:42:00,50.136426804852206
2025-06-12 21:49:00,36.1
2025-06-12 13:07:00,17.5
2025-06-12 09:21:00,15.4
2025-06-12 07:00:00,4.9
2025-06-12 23:21:00,52.5
2025-06-12 08:57:00,32.0
2025-06-12 05:32:00,59.0
2025-06-12 15:25:00,5.0
2025-06-12 16:22:00,3.5
2025-06-12 17:38:00,98.7
2025-06-12 05:54:00,1.8
2025-06-12 17:55:00,30.8
2025-06-12 01:42:00,49.9
2025-06-12 18:24:00,43.1
2025-06-12 23:43:00,50.136426804852206
2025-06-12 05:12:00,67.3
2025-06-12 12:40:00,25.7
2025-06-12 19:57:00,90.4
2025-06-12 04:16:00,50.136426804852206
2025-06-12 12:11:00,23.4
2025-06-12 01:45:00,50.9
2025-06-12 07:51:00,14.3
2025-06-12 17:15:00,50.136426804852206
2025-06-12 10:03:00,31.6
2025-06-12 05:36:00,88.2
2025-06-12 13:33:00,50.136426804852206
2025-06-12 00:02:00,13.0
2025-06-12 12:06:00,48.0
2025-06-12 10:54:00,50.136426804852206
2025-06-12 17:32:00,26.6
2025-06-12 19:12:00,58.6
2025-06-12 07:53:00,23.0
2025-06-12 15:43:00,12.1
2025-06-12 19:43:00,97.6
2025-06-12 02:51:00,31.2
2025-06-12 20:38:00,39.9
2025-06-12 08:17:00,50.136426804852206
2025-06-12 22:29:00,40.8
2025-06-12 00:19:00,50.136426804852206
2025-06-12 11:30:00,45.2
2025-06-12 12:56:00,50.136426804852206
2025-06-12 23:27:00,87.2
2025-06-12 13:12:00,85.7
2025-06-12 13:34:00,52.8
2025-06-12 16:17:00,87.8
2025-06-12 19:27:00,50.136426804852206
2025-06-12 11:36:00,54.9
2025-06-12 07:46:00,71.7
2025-06-12 14:43:00,8.2
2025-06-12 14:24:00,47.1
2025-06-12 23:12:00,37.3
2025-06-12 08:36:00,43.5
2025-06-12 19:50:00,33.1
2025-06-12 18:10:00,29.7
2025-06-12 12:23:00,90.7
2025-06-12 02:59:00,2.8
2025-06-12 04:40:00,50.136426804852206
2025-06-12 10:03:00,52.3
2025-06-12 06:31:00,12.3
2025-06-12 09:36:00,76.4
2025-06-12 21:04:00,50.136426804852206
2025-06-12 23:51:00,62.9
2025-06-12 23:40:00,50.136426804852206
2025-06-12 09:38:00,4.9
2025-06-12 11:55:00,61.2
2025-06-12 17:01:00,89.8
2025-06-12 23:47:00,71.3
2025-06-12 23:28:00,75.7
2025-06-12 23:11:00,78.0
2025-06-12 16:59:00,50.136426804852206
2025-06-12 01:21:00,55.0
2025-06-12 22:10:00,70.4
2025-06-12 03:51:00,40.4
2025-06-12 03:17:00,61.4
2025-06-12 02:01:00,31.5
2025-06-12 09:37:00,44.2
2025-06-12 12:30:00,63.8
2025-06-12 02:03:00,58.9
2025-06-12 19:04:00,50.136426804852206
2025-06-12 14:33:00,5.7
2025-06-12 23:13:00,15.6
2025-06-12 10:33:00,4.8
2025-06-12 17:20:00,88.6
2025-06-12 09:58:00,50.136426804852206
2025-06-12 19:53:00,31.6
2025-06-12 09:17:00,37.5
2025-06-12 01:28:00,25.5
2025-06-12 23:23:00,18.9
2025-06-12 17:00:00,33.7
2025-06-12 19:33:00,93.1
2025-06-12 22:02:00,13.1
2025-06-12 06:14:00,40.6
2025-06-12 13:53:00,35.2
2025-06-12 23:36:00,28.2
2025-06-12 14:18:00,36.7
2025-06-12 23:23:00,50.136426804852206
2025-06-12 07:36:00,50.136426804852206
2025-06-12 05:09:00,18.5
2025-06-12 04:16:00,29.9
2025-06-12 19:12:00,81.3
2025-06-12 15:32:00,4.9
2025-06-12 01:45:00,36.8
2025-06-12 18:08:00,10.4
2025-06-12 14:34:00,69.0
2025-06-12 18:52:00,50.136426804852206
2025-06-12 21:56:00,11.4
2025-06-12 17:55:00,72.7
2025-06-12 20:43:00,1.1
2025-06-12 14:15:00,99.9
2025-06-12 14:20:00,50.136426804852206
2025-06-12 02:30:00,84.1
2025-06-12 16:46:00,94.8
2025-06-12 11:11:00,67.8
2025-06-12 23:20:00,80.0
2025-06-12 05:10:00,86.8
2025-06-12 11:15:00,50.136426804852206
2025-06-12 23:26:00,35.4
2025-06-12 02:54:00,61.3
2025-06-12 12:32:00,90.1
2025-06-12 04:08:00,64.8
2025-06-12 03:55:00,21.7
2025-06-12 21:18:00,37.7
2025-06-12 15:57:00,10.1
2025-06-12 03:43:00,7.9
2025-06-12 10:15:00,50.037891637220255
2025-06-12 11:37:00,30.0
2025-06-12 13:32:00,40.6
2025-06-12 03:23:00,65.5
2025-06-12 19:12:00,37.6
2025-06-12 11:27:00,60.9
2025-06-12 06:43:00,43.5
2025-06-12 19:44:00,56.8
2025-06-12 23:51:00,55.2
2025-06-12 04:05:00,15.5
2025-06-12 14:10:00,26.7
2025-06-12 19:31:00,4.2
2025-06-12 17:01:00,23.0
2025-06-12 02:28:00,50.037891637220255
2025-06-12 14:20:00,96.7
2025-06-12 07:38:00,20.7
2025-06-12 11:34:00,6.9
2025-06-12 11:22:00,50.0
2025-06-12 15:06:00,68.7
2025-06-12 17:56:00,50.037891637220255
2025-06-12 05:38:00,4.9
2025-06-12 02:23:00,39.1
2025-06-12 18:16:00,10.2
2025-06-12 10:02:00,50.037891637220255
2025-06-12 02:39:00,10.9
2025-06-12 21:51:00,47.9
2025-06-12 17:38:00,50.037891637220255
2025-06-12 23:11:00,63.7
2025-06-12 16:36:00,32.9
2025-06-12 11:11:00,50.037891637220255
2025-06-12 11:31:00,83.6
2025-06-12 08:07:00,72.1
2025-06-12 20:58:00,79.4
2025-06-12 11:56:00,43.4
2025-06-12 22:09:00,57.7
2025-06-12 19:20:00,11.0
2025-06-12 17:13:00,76.7
2025-06-12 01:39:00,11.8
2025-06-12 12:09:00,7.3
2025-06-12 13:20:00,66.9
2025-06-12 15:17:00,76.0
2025-06-12 16:48:00,90.1
2025-06-12 00:48:00,23.6
2025-06-12 05:16:00,40.3
2025-06-12 00:56:00,43.1
2025-06-12 19:25:00,95.8
2025-06-12 14:19:00,2.1
2025-06-12 19:25:00,38.6
2025-06-12 07:28:00,58.2
2025-06-12 10:25:00,50.037891637220255
2025-06-12 16:07:00,0.6
2025-06-12 22:54:00,11.4
2025-06-12 10:22:00,10.2
2025-06-12 23:24:00,50.037891637220255
2025-06-12 14:38:00,99.1
2025-06-12 04:21:00,35.0
2025-06-12 14:00:00,50.037891637220255
2025-06-12 22:07:00,65.3
2025-06-12 13:17:00,77.2
2025-06-12 12:45:00,43.8
2025-06-12 14:40:00,50.037891637220255
2025-06-12 04:36:00,87.3
2025-06-12 04:03:00,17.7
2025-06-12 22:14:00,50.037891637220255
2025-06-12 03:18:00,2.2
2025-06-12 10:42:00,7.1
2025-06-12 05:38:00,33.0
2025-06-12 21:01:00,34.5
2025-06-12 06:49:00,94.9
2025-06-12 06:55:00,50.6
2025-06-12 12:38:00,50.037891637220255
2025-06-12 11:39:00,68.6
2025-06-12 11:20:00,11.1
2025-06-12 20:59:00,53.0
2025-06-12 23:42:00,50.037891637220255
2025-06-12 13:49:00,68.1
2025-06-12 20:33:00,20.4
2025-06-12 10:36:00,50.037891637220255
2025-06-12 01:31:00,84.8
2025-06-12 17:22:00,2.5
2025-06-12 19:59:00,50.037891637220255
2025-06-12 00:10:00,76.5
2025-06-12 10:13:00,10.8
2025-06-12 20:38:00,47.8
2025-06-12 12:35:00,13.5
2025-06-12 04:36:00,12.3
2025-06-12 01:20:00,44.3
2025-06-12 13:07:00,58.6
2025-06-12 20:48:00,57.4
2025-06-12 03:04:00,15.3
2025-06-12 06:45:00,19.8
2025-06-12 15:20:00,50.037891637220255
2025-06-12 05:16:00,28.5
2025-06-12 19:07:00,97.6
2025-06-12 20:35:00,20.5
2025-06-12 16:09:00,85.1
2025-06-12 12:51:00,10.5
2025-06-12 07:29:00,40.3
2025-06-12 00:23:00,50.037891637220255
2025-06-12 13:27:00,48.4
2025-06-12 16:27:00,66.9
2025-06-12 23:03:00,50.037891637220255
2025-06-12 07:13:00,50.037891637220255
2025-06-12 00:13:00,82.3
2025-06-12 17:12:00,27.7
2025-06-12 19:37:00,67.6
2025-06-12 13:19:00,48.3
2025-06-12 12:18:00,29.1
2025-06-12 05:09:00,50.037891637220255
2025-06-12 03:13:00,22.3
2025-06-12 00:30:00,50.037891637220255
2025-06-12 23:25:00,65.0
2025-06-12 20:51:00,50.037891637220255
2025-06-12 03:12:00,50.037891637220255
2025-06-12 09:16:00,83.1
2025-06-12 00:38:00,41.6
2025-06-12 02:08:00,50.037891637220255
2025-06-12 14:36:00,50.037891637220255
2025-06-12 23:27:00,18.5
2025-06-12 12:26:00,77.0
2025-06-12 01:48:00,74.9
2025-06-12 04:22:00,42.6
2025-06-12 16:57:00,27.8
2025-06-12 11:15:00,92.1
2025-06-12 23:56:00,50.037891637220255
2025-06-12 05:16:00,50.037891637220255
2025-06-12 14:22:00,82.7
2025-06-12 22:33:00,50.037891637220255
2025-06-12 21:01:00,75.8
2025-06-12 20:01:00,43.3
2025-06-12 17:21:00,36.8
2025-06-12 23:24:00,68.1
2025-06-12 14:13:00,35.3
2025-06-12 11:33:00,35.2
2025-06-12 15:51:00,71.0
2025-06-12 20:46:00,7.6
2025-06-12 05:59:00,50.037891637220255
2025-06-12 06:16:00,68.7
2025-06-12 11:10:00,52.4
2025-06-12 23:49:00,12.9
2025-06-12 09:15:00,39.0
2025-06-12 16:44:00,16.8
2025-06-12 07:26:00,76.1
2025-06-12 10:22:00,84.0
2025-06-12 02:09:00,34.7
2025-06-12 04:13:00,7.5
2025-06-12 17:34:00,80.1
2025-06-12 09:38:00,46.1
2025-06-12 10:39:00,35.9
2025-06-12 15:14:00,16.2
2025-06-12 03:31:00,21.4
2025-06-12 13:45:00,65.5
2025-06-12 09:31:00,5.5
2025-06-12 15:31:00,19.3
2025-06-12 01:55:00,68.4
2025-06-12 16:40:00,46.5
2025-06-12 03:34:00,81.5
2025-06-12 01:43:00,50.037891637220255
2025-06-12 03:45:00,50.037891637220255
2025-06-12 02:50:00,70.2
2025-06-12 15:27:00,75.1
2025-06-12 13:57:00,53.9
2025-06-12 22:26:00,42.6
2025-06-12 11:01:00,18.7
2025-06-12 10:40:00,80.6
2025-06-12 01:42:00,56.9
2025-06-12 19:38:00,99.1
2025-06-12 01:48:00,50.037891637220255
2025-06-12 07:14:00,72.7
2025-06-12 23:56:00,80.2
2025-06-12 03:56:00,91.5
2025-06-12 06:21:00,81.2
2025-06-12 14:04:00,95.1
2025-06-12 03:34:00,38.8
2025-06-12 05:41:00,93.3
2025-06-12 21:39:00,48.9
2025-06-12 18:46:00,42.8
2025-06-12 14:20:00,55.2
2025-06-12 14:57:00,50.037891637220255
2025-06-12 18:10:00,14.1
2025-06-12 18:39:00,42.4
2025-06-12 04:34:00,90.0
2025-06-12 13:08:00,14.4
2025-06-12 01:26:00,51.0
2025-06-12 05:46:00,26.0
2025-06-12 23:41:00,50.037891637220255
2025-06-12 13:01:00,93.6
2025-06-12 14:13:00,85.5
2025-06-12 04:45:00,82.5
2025-06-12 16:47:00,50.037891637220255
2025-06-12 12:02:00,73.0
2025-06-12 07:38:00,36.7
2025-06-12 22:28:00,76.4
2025-06-12 05:37:00,50.037891637220255
2025-06-12 09:37:00,28.9
2025-06-12 06:22:00,47.8
2025-06-12 09:30:00,93.2
2025-06-12 03:48:00,1.7
2025-06-12 11:46:00,84.7
2025-06-12 12:43:00,28.6
2025-06-12 12:20:00,33.5
2025-06-12 21:44:00,20.3
2025-06-12 22:36:00,9.2
2025-06-12 08:14:00,15.8
2025-06-12 15:38:00,81.4
2025-06-12 03:04:00,92.3
2025-06-12 01:53:00,0.8
2025-06-12 15:43:00,81.5
2025-06-12 06:46:00,38.5
2025-06-12 00:26:00,12.9
2025-06-12 15:57:00,81.1
2025-06-12 11:56:00,50.037891637220255
2025-06-12 10:50:00,43.8
2025-06-12 03:25:00,68.4
2025-06-12 21:52:00,69.5
2025-06-12 11:07:00,50.037891637220255
2025-06-12 09:45:00,56.9
2025-06-12 09:36:00,95.0
2025-06-12 19:20:00,11.7
2025-06-12 09:52:00,26.4
2025-06-12 01:58:00,61.7
2025-06-12 06:08:00,68.3
2025-06-12 07:59:00,50.0
2025-06-12 10:06:00,98.1
2025-06-12 15:22:00,17.3
2025-06-12 04:59:00,56.7
2025-06-12 06:22:00,55.0
2025-06-12 18:49:00,60.8
2025-06-12 23:20:00,6.1
2025-06-12 04:58:00,84.6
2025-06-12 00:20:00,10.6
2025-06-12 15:10:00,50.037891637220255
2025-06-12 06:22:00,30.0
2025-06-12 16:30:00,64.9
2025-06-12 19:21:00,12.4
2025-06-12 05:49:00,4.8
2025-06-12 14:08:00,76.0
2025-06-12 11:56:00,50.037891637220255
2025-06-12 16:48:00,21.8
2025-06-12 16:43:00,65.7
2025-06-12 07:51:00,50.037891637220255
2025-06-12 08:39:00,50.037891637220255
2025-06-12 22:39:00,15.8
2025-06-12 04:35:00,70.9
2025-06-12 15:04:00,85.7
2025-06-12 02:30:00,59.8
2025-06-12 03:39:00,52.8
2025-06-12 15:59:00,37.9
2025-06-12 08:54:00,84.2
2025-06-12 02:26:00,26.1
2025-06-12 19:22:00,39.9
2025-06-12 02:42:00,69.4
2025-06-12 02:17:00,50.037891637220255
2025-06-12 00:48:00,24.7
2025-06-12 04:16:00,56.5
2025-06-12 17:59:00,35.5
2025-06-12 02:09:00,27.2
2025-06-12 10:16:00,12.8
2025-06-12 03:57:00,50.037891637220255
2025-06-12 16:47:00,15.5
2025-06-12 13:06:00,85.8
2025-06-12 17:10:00,93.3
2025-06-12 15:15:00,82.7
2025-06-12 22:17:00,0.6
2025-06-12 18:53:00,19.7
2025-06-12 15:09:00,73.8
2025-06-12 03:41:00,26.0
2025-06-12 21:21:00,87.4
2025-06-12 08:50:00,50.037891637220255
2025-06-12 00:30:00,62.5
2025-06-12 13:09:00,90.1
2025-06-12 14:28:00,3.8
2025-06-12 16:37:00,78.7
2025-06-12 21:19:00,15.1
2025-06-12 15:47:00,47.3
2025-06-12 03:44:00,60.3
2025-06-12 08:43:00,93.3
2025-06-12 16:53:00,68.4
2025-06-12 03:01:00,61.8
2025-06-12 19:53:00,44.1
2025-06-12 05:47:00,46.1
2025-06-12 10:44:00,50.037891637220255
2025-06-12 08:00:00,1.7
2025-06-12 07:12:00,50.037891637220255
2025-06-12 19:27:00,17.5
2025-06-12 20:08:00,50.037891637220255
2025-06-12 22:00:00,72.6
2025-06-12 00:45:00,78.2
2025-06-12 21:33:00,81.2
2025-06-12 00:28:00,14.4
2025-06-12 16:00:00,17.1
2025-06-12 16:50:00,50.037891637220255
2025-06-12 09:24:00,50.037891637220255
2025-06-12 18:50:00,37.6
2025-06-12 16:16:00,30.7
2025-06-12 06:33:00,41.0
2025-06-12 23:40:00,42.0
2025-06-12 13:37:00,42.9
2025-06-12 18:45:00,30.9
2025-06-12 20:41:00,75.0
2025-06-12 18:34:00,78.4
2025-06-12 10:39:00,50.037891637220255
2025-06-12 06:41:00,41.7
2025-06-12 06:52:00,42.9
2025-06-12 22:21:00,20.1
2025-06-12 07:18:00,12.1
2025-06-12 13:30:00,84.3
2025-06-12 07:32:00,54.4
2025-06-12 13:58:00,1.8
2025-06-12 05:01:00,8.7
2025-06-12 07:21:00,96.2
2025-06-12 06:15:00,62.3
2025-06-12 04:56:00,15.7
2025-06-12 10:22:00,75.1
2025-06-12 19:13:00,89.8
2025-06-12 01:45:00,40.9
2025-06-12 05:45:00,88.4
2025-06-12 23:22:00,28.2
2025-06-12 17:48:00,72.6
2025-06-12 14:11:00,1.3
2025-06-12 13:09:00,99.5
2025-06-12 09:13:00,99.3
2025-06-12 15:09:00,3.7
2025-06-12 10:57:00,23.3
2025-06-12 05:30:00,41.4
2025-06-12 00:59:00,63.7
2025-06-12 17:33:00,50.037891637220255
2025-06-12 16:09:00,73.8
2025-06-12 08:17:00,49.0
2025-06-12 04:43:00,25.6
2025-06-12 06:32:00,39.5
2025-06-12 17:46:00,62.6
2025-06-12 21:35:00,96.0
2025-06-12 06:58:00,21.3
2025-06-12 10:47:00,79.6
2025-06-12 10:07:00,48.7
2025-06-12 07:10:00,50.037891637220255
2025-06-12 11:41:00,50.037891637220255
2025-06-12 21:12:00,21.0
2025-06-12 21:49:00,5.1
2025-06-12 02:07:00,50.037891637220255
2025-06-12 13:14:00,3.8
2025-06-12 04:49:00,2.7
2025-06-12 19:20:00,99.8
2025-06-12 15:22:00,2.5
2025-06-12 06:53:00,32.2
2025-06-12 15:57:00,43.0
2025-06-12 03:01:00,43.7
2025-06-12 01:32:00,22.1
2025-06-12 02:29:00,21.4
2025-06-12 17:48:00,43.2
2025-06-12 20:21:00,50.60542317173377
2025-06-12 11:54:00,93.9
2025-06-12 08:13:00,98.6
2025-06-12 06:23:00,60.1
2025-06-12 10:33:00,79.7
2025-06-12 19:48:00,50.60542317173377
2025-06-12 03:27:00,1.0
2025-06-12 21:50:00,50.60542317173377
2025-06-12 03:14:00,89.5
2025-06-12 10:19:00,86.2
2025-06-12 12:49:00,42.8
2025-06-12 21:13:00,32.9
2025-06-12 09:21:00,2.9
2025-06-12 11:18:00,50.60542317173377
2025-06-12 10:42:00,82.5
2025-06-12 11:32:00,20.9
2025-06-12 10:49:00,4.9
2025-06-12 00:04:00,74.9
2025-06-12 02:51:00,21.1
2025-06-12 06:04:00,62.1
2025-06-12 16:23:00,11.2
2025-06-12 20:33:00,64.6
2025-06-12 19:09:00,3.2
2025-06-12 11:03:00,67.0
2025-06-12 22:54:00,78.4
2025-06-12 12:03:00,50.60542317173377
2025-06-12 17:27:00,50.60542317173377
2025-06-12 00:46:00,96.1
2025-06-12 10:46:00,19.3
2025-06-12 10:05:00,50.60542317173377
2025-06-12 17:26:00,18.2
2025-06-12 10:42:00,56.5
2025-06-12 10:09:00,80.7
2025-06-12 11:19:00,63.1
2025-06-12 23:54:00,67.3
2025-06-12 19:45:00,45.9
2025-06-12 05:46:00,50.60542317173377
2025-06-12 02:09:00,65.1
2025-06-12 23:09:00,35.1
2025-06-12 00:39:00,96.7
2025-06-12 19:37:00,50.60542317173377
2025-06-12 07:57:00,67.5
2025-06-12 21:13:00,11.0
2025-06-12 07:55:00,82.3
2025-06-12 11:25:00,50.60542317173377
2025-06-12 14:41:00,3.7
2025-06-12 09:13:00,59.9
2025-06-12 12:28:00,86.4
2025-06-12 10:38:00,40.3
2025-06-12 08:58:00,27.7
2025-06-12 13:29:00,99.9
2025-06-12 19:38:00,3.0
2025-06-12 16:02:00,48.5
2025-06-12 06:48:00,50.60542317173377
2025-06-12 23:21:00,12.2
2025-06-12 20:12:00,26.5
2025-06-12 06:45:00,96.3
2025-06-12 14:07:00,50.60542317173377
2025-06-12 08:31:00,54.9
2025-06-12 15:51:00,50.60542317173377
2025-06-12 23:38:00,84.8
2025-06-12 13:06:00,51.4
2025-06-12 20:42:00,71.9
2025-06-12 05:26:00,50.60542317173377
2025-06-12 21:01:00,37.9
2025-06-12 16:12:00,35.2
2025-06-12 05:52:00,14.4
2025-06-12 20:35:00,76.4
2025-06-12 19:07:00,27.4
2025-06-12 10:51:00,45.2
2025-06-12 15:41:00,32.0
2025-06-12 12:34:00,48.2
2025-06-12 11:02:00,59.1
2025-06-12 18:43:00,50.60542317173377
2025-06-12 18:53:00,99.0
2025-06-12 16:55:00,27.6
2025-06-12 22:27:00,17.8
2025-06-12 14:16:00,76.3
2025-06-12 06:38:00,50.60542317173377
2025-06-12 05:09:00,53.1
2025-06-12 13:08:00,46.3
2025-06-12 21:41:00,30.4
2025-06-12 23:27:00,79.3
2025-06-12 19:03:00,85.9
2025-06-12 21:49:00,39.1
2025-06-12 07:45:00,76.2
2025-06-12 09:48:00,64.8
2025-06-12 22:28:00,97.4
2025-06-12 07:35:00,50.60542317173377
2025-06-12 19:36:00,56.8
2025-06-12 08:38:00,57.8
2025-06-12 18:06:00,74.6
2025-06-12 10:48:00,2.8
2025-06-12 11:51:00,10.5
2025-06-12 06:00:00,50.60542317173377
2025-06-12 18:34:00,28.6
2025-06-12 18:43:00,74.5
2025-06-12 07:03:00,57.6
2025-06-12 10:00:00,88.7
2025-06-12 21:51:00,16.5
2025-06-12 00:18:00,51.3
2025-06-12 14:51:00,38.4
2025-06-12 11:08:00,53.7
2025-06-12 00:35:00,84.9
2025-06-12 17:20:00,9.7
2025-06-12 04:53:00,58.7
2025-06-12 13:16:00,9.1
2025-06-12 02:26:00,15.4
2025-06-12 09:23:00,30.9
2025-06-12 21:48:00,62.6
2025-06-12 11:57:00,79.4
2025-06-12 21:55:00,17.9
2025-06-12 14:43:00,50.60542317173377
2025-06-12 09:04:00,73.9
2025-06-12 22:05:00,28.6
2025-06-12 02:00:00,71.3
2025-06-12 18:09:00,25.0
2025-06-12 18:46:00,50.60542317173377
2025-06-12 18:35:00,63.5
2025-06-12 13:03:00,84.6
2025-06-12 22:09:00,75.4
2025-06-12 21:30:00,3.3
2025-06-12 19:36:00,16.3
2025-06-12 07:32:00,50.60542317173377
2025-06-12 02:30:00,6.7
2025-06-12 09:21:00,9.4
2025-06-12 17:51:00,64.9
2025-06-12 21:45:00,65.5
2025-06-12 10:34:00,95.9
2025-06-12 01:45:00,80.4
2025-06-12 09:49:00,8.2
2025-06-12 17:23:00,84.1
2025-06-12 11:41:00,62.5
2025-06-12 21:18:00,1.0
2025-06-12 04:28:00,11.9
2025-06-12 23:26:00,50.60542317173377
2025-06-12 11:05:00,29.4
2025-06-12 04:38:00,74.8
2025-06-12 12:29:00,74.1
2025-06-12 09:54:00,50.60542317173377
2025-06-12 02:23:00,60.7
2025-06-12 13:32:00,50.60542317173377
2025-06-12 22:03:00,34.2
2025-06-12 23:17:00,41.5
2025-06-12 17:36:00,76.8
2025-06-12 07:09:00,0.5
2025-06-12 18:03:00,35.3
2025-06-12 08:14:00,22.0
2025-06-12 08:52:00,25.5
2025-06-12 01:40:00,24.3
2025-06-12 10:51:00,50.60542317173377
2025-06-12 08:57:00,94.3
2025-06-12 10:38:00,50.60542317173377
2025-06-12 19:59:00,29.0
2025-06-12 00:58:00,93.3
2025-06-12 09:59:00,79.2
2025-06-12 21:35:00,83.8
2025-06-12 18:26:00,86.3
2025-06-12 17:52:00,39.6
2025-06-12 23:03:00,52.2
2025-06-12 09:08:00,17.4
2025-06-12 01:06:00,16.0
2025-06-12 18:02:00,47.5
2025-06-12 05:29:00,86.6
2025-06-12 14:27:00,54.7
2025-06-12 20:40:00,83.4
2025-06-12 08:42:00,32.3
2025-06-12 12:24:00,15.6
2025-06-12 09:04:00,7.3
2025-06-12 21:22:00,53.3
2025-06-12 04:26:00,71.3
2025-06-12 17:20:00,15.7
2025-06-12 09:08:00,50.4
2025-06-12 18:50:00,48.5
2025-06-12 20:13:00,32.1
2025-06-12 02:23:00,51.1
2025-06-12 10:18:00,50.60542317173377
2025-06-12 17:48:00,48.2
2025-06-12 11:23:00,97.8
2025-06-12 04:24:00,64.0
2025-06-12 11:14:00,50.3
2025-06-12 21:57:00,27.2
2025-06-12 01:10:00,50.60542317173377
2025-06-12 12:50:00,57.2
2025-06-12 07:08:00,59.3
2025-06-12 10:07:00,50.60542317173377
2025-06-12 03:01:00,35.7
2025-06-12 15:03:00,64.1
2025-06-12 23:18:00,14.8
2025-06-12 12:25:00,60.1
2025-06-12 21:16:00,44.8
2025-06-12 22:47:00,99.6
2025-06-12 05:05:00,27.4
2025-06-12 20:22:00,19.7
2025-06-12 18:00:00,36.5
2025-06-12 01:20:00,20.9
2025-06-12 22:50:00,84.1
2025-06-12 05:41:00,79.6
2025-06-12 20:44:00,32.7
2025-06-12 18:46:00,66.1
2025-06-12 14:23:00,97.1
2025-06-12 10:27:00,68.4
2025-06-12 01:39:00,50.60542317173377
2025-06-12 00:26:00,61.5
2025-06-12 01:01:00,2.0
2025-06-12 05:19:00,86.0
2025-06-12 08:16:00,14.0
2025-06-12 22:01:00,95.3
2025-06-12 01:05:00,41.5
2025-06-12 15:19:00,91.0
2025-06-12 12:46:00,98.4
2025-06-12 17:13:00,1.4
2025-06-12 17:57:00,95.7
2025-06-12 16:44:00,7.2
2025-06-12 10:06:00,50.60542317173377
2025-06-12 16:29:00,19.2
2025-06-12 08:10:00,56.9
2025-06-12 07:12:00,58.6
2025-06-12 00:12:00,51.9
2025-06-12 19:17:00,94.8
2025-06-12 17:04:00,66.2
2025-06-12 04:50:00,94.9
2025-06-12 01:45:00,50.60542317173377
2025-06-12 12:42:00,54.8
2025-06-12 14:31:00,56.5
2025-06-12 14:08:00,19.6
2025-06-12 07:03:00,7.2
2025-06-12 19:46:00,75.8
2025-06-12 09:18:00,32.4
2025-06-12 03:30:00,44.3
2025-06-12 01:16:00,5.8
2025-06-12 06:38:00,39.1
2025-06-12 03:28:00,96.5
2025-06-12 10:34:00,50.60542317173377
2025-06-12 07:10:00,52.6
2025-06-12 14:11:00,77.5
2025-06-12 16:30:00,15.3
2025-06-12 05:05:00,90.2
2025-06-12 07:56:00,50.60542317173377
2025-06-12 05:19:00,56.7
2025-06-12 14:14:00,34.4
2025-06-12 07:36:00,31.8
2025-06-12 11:40:00,46.9
2025-06-12 09:10:00,70.6
2025-06-12 23:22:00,59.8
2025-06-12 04:13:00,9.5
2025-06-12 11:28:00,47.2
2025-06-12 04:33:00,50.60542317173377
2025-06-12 05:30:00,34.4
2025-06-12 04:23:00,35.0
2025-06-12 19:55:00,45.9
2025-06-12 07:21:00,21.5
2025-06-12 13:16:00,10.6
2025-06-12 04:29:00,99.7
2025-06-12 18:39:00,93.9
2025-06-12 05:10:00,97.2
2025-06-12 01:56:00,80.7
2025-06-12 09:34:00,29.9
2025-06-12 17:35:00,0.9
2025-06-12 20:21:00,50.60542317173377
2025-06-12 22:46:00,40.8
2025-06-12 06:48:00,80.5
2025-06-12 08:16:00,50.60542317173377
2025-06-12 05:45:00,35.5
2025-06-12 09:20:00,46.7
2025-06-12 03:16:00,27.4
2025-06-12 02:43:00,59.6
2025-06-12 00:49:00,50.60542317173377
2025-06-12 04:58:00,49.1
2025-06-12 19:29:00,47.0
2025-06-12 17:06:00,95.8
2025-06-12 11:52:00,23.1
2025-06-12 02:46:00,90.1
2025-06-12 13:20:00,98.4
2025-06-12 21:45:00,84.7
2025-06-12 09:20:00,37.1
2025-06-12 07:26:00,82.5
2025-06-12 13:41:00,7.6
2025-06-12 09:24:00,75.1
2025-06-12 20:48:00,35.1
2025-06-12 15:01:00,39.0
2025-06-12 21:46:00,52.3
2025-06-12 17:08:00,26.9
2025-06-12 12:24:00,21.2
2025-06-12 07:52:00,58.2
2025-06-12 10:08:00,9.6
2025-06-12 14:11:00,98.4
2025-06-12 11:22:00,50.60542317173377
2025-06-12 15:05:00,2.4
2025-06-12 02:52:00,15.8
2025-06-12 06:40:00,50.60542317173377
2025-06-12 06:10:00,59.3
2025-06-12 04:21:00,70.9
2025-06-12 23:36:00,50.60542317173377
2025-06-12 20:45:00,50.60542317173377
2025-06-12 12:19:00,50.60542317173377
2025-06-12 23:30:00,61.6
2025-06-12 04:15:00,25.5
2025-06-12 16:51:00,51.7
2025-06-12 23:12:00,52.7
2025-06-12 20:33:00,93.3
2025-06-12 12:23:00,21.2
2025-06-12 13:48:00,16.0
2025-06-12 15:50:00,50.60542317173377
2025-06-12 00:45:00,77.9
2025-06-12 10:15:00,51.5
2025-06-12 02:28:00,15.5
2025-06-12 23:42:00,96.0
2025-06-12 10:04:00,50.60542317173377
2025-06-12 02:27:00,90.4
2025-06-12 22:30:00,41.0
2025-06-12 22:33:00,62.1
2025-06-12 15:25:00,81.0
2025-06-12 06:41:00,72.1
2025-06-12 13:37:00,88.8
2025-06-12 09:54:00,82.1
2025-06-12 18:00:00,11.3
2025-06-12 07:25:00,78.1
2025-06-12 11:03:00,72.1
2025-06-12 05:31:00,20.7
2025-06-12 03:50:00,50.60542317173377
2025-06-12 16:18:00,20.9
2025-06-12 03:39:00,53.8
2025-06-12 11:31:00,90.7
2025-06-12 12:32:00,98.0
2025-06-12 07:47:00,3.1
2025-06-12 22:11:00,49.2
2025-06-12 18:18:00,93.0
2025-06-12 04:19:00,85.5
2025-06-12 21:28:00,65.6
2025-06-12 19:40:00,40.8
2025-06-12 18:27:00,50.60542317173377
2025-06-12 22:48:00,50.60542317173377
2025-06-12 08:30:00,50.60542317173377
2025-06-12 10:17:00,44.9
2025-06-12 07:27:00,65.2
2025-06-12 13:48:00,90.8
2025-06-12 13:23:00,47.7
2025-06-12 16:39:00,90.4
2025-06-12 13:28:00,87.3
2025-06-12 21:00:00,4.1
2025-06-12 06:27:00,50.60542317173377
2025-06-12 01:32:00,23.7
2025-06-12 14:36:00,0.8
2025-06-12 11:23:00,4.9
2025-06-12 06:11:00,25.2
2025-06-12 18:02:00,16.1
2025-06-12 08:17:00,50.4
2025-06-12 09:18:00,50.60542317173377
2025-06-12 09:14:00,53.1
2025-06-12 22:12:00,79.9
2025-06-12 21:53:00,72.6
2025-06-12 04:12:00,14.6
2025-06-12 00:56:00,78.8
2025-06-12 05:04:00,91.3
2025-06-12 05:53:00,98.0
2025-06-12 23:16:00,12.2
2025-06-12 03:00:00,93.6
2025-06-12 23:42:00,17.4
2025-06-12 10:19:00,76.0
2025-06-12 14:28:00,58.7
2025-06-12 13:31:00,3.5
2025-06-12 01:47:00,52.4
2025-06-12 11:45:00,5.7
2025-06-12 20:18:00,76.8
2025-06-12 17:41:00,54.2
2025-06-12 14:25:00,31.9
2025-06-12 18:50:00,75.6
2025-06-12 13:29:00,99.2
2025-06-12 19:24:00,74.5
2025-06-12 13:36:00,29.7
2025-06-12 23:07:00,34.1
2025-06-12 01:55:00,28.5
2025-06-12 15:52:00,6.9
2025-06-12 00:29:00,14.3
2025-06-12 09:47:00,99.5
2025-06-12 17:40:00,53.3
2025-06-12 22:42:00,49.935598591549294
2025-06-12 19:07:00,49.935598591549294
2025-06-12 11:13:00,59.3
2025-06-12 23:13:00,49.935598591549294
2025-06-12 16:13:00,15.1
2025-06-12 06:21:00,49.935598591549294
2025-06-12 10:49:00,13.5
2025-06-12 02:35:00,6.2
2025-06-12 03:42:00,49.935598591549294
2025-06-12 15:10:00,30.2
2025-06-12 10:25:00,86.9
2025-06-12 23:28:00,66.1
2025-06-12 12:29:00,60.6
2025-06-12 04:44:00,76.1
2025-06-12 03:35:00,49.935598591549294
2025-06-12 01:11:00,0.7
2025-06-12 09:27:00,64.7
2025-06-12 19:51:00,59.0
2025-06-12 12:06:00,6.2
2025-06-12 11:27:00,10.1
2025-06-12 04:26:00,1.9
2025-06-12 14:42:00,3.5
2025-06-12 20:26:00,75.0
2025-06-12 20:26:00,6.3
2025-06-12 14:56:00,94.4
2025-06-12 17:13:00,5.5
2025-06-12 16:52:00,49.935598591549294
2025-06-12 22:01:00,98.2
2025-06-12 08:02:00,1.3
2025-06-12 23:58:00,61.8
2025-06-12 03:22:00,35.4
2025-06-12 04:37:00,49.935598591549294
2025-06-12 06:49:00,14.6
2025-06-12 02:23:00,42.6
2025-06-12 14:58:00,87.4
2025-06-12 06:00:00,74.3
2025-06-12 22:46:00,9.1
2025-06-12 12:33:00,96.3
2025-06-12 21:04:00,69.5
2025-06-12 18:12:00,98.0
2025-06-12 15:23:00,21.2
2025-06-12 04:00:00,65.4
2025-06-12 06:38:00,51.2
2025-06-12 19:04:00,44.1
2025-06-12 19:11:00,69.0
2025-06-12 00:03:00,25.7
2025-06-12 15:22:00,63.8
2025-06-12 09:59:00,47.2
2025-06-12 20:21:00,85.5
2025-06-12 07:57:00,67.5
2025-06-12 12:01:00,20.4
2025-06-12 10:08:00,10.3
2025-06-12 02:41:00,7.1
2025-06-12 09:15:00,64.7
2025-06-12 07:38:00,15.9
2025-06-12 07:04:00,92.3
2025-06-12 20:38:00,49.935598591549294
2025-06-12 06:57:00,49.935598591549294
2025-06-12 16:38:00,86.1
2025-06-12 00:06:00,4.1
2025-06-12 20:01:00,3.4
2025-06-12 06:11:00,30.9
2025-06-12 15:02:00,6.1
2025-06-12 03:21:00,66.0
2025-06-12 11:23:00,63.9
2025-06-12 17:27:00,24.6
2025-06-12 22:13:00,79.1
2025-06-12 18:03:00,45.2
2025-06-12 15:39:00,66.0
2025-06-12 01:38:00,17.0
2025-06-12 20:25:00,41.0
2025-06-12 10:03:00,86.4
2025-06-12 13:01:00,35.7
2025-06-12 01:00:00,52.6
2025-06-12 09:26:00,59.0
2025-06-12 04:16:00,74.5
2025-06-12 07:53:00,78.0
2025-06-12 23:20:00,72.1
2025-06-12 21:23:00,49.935598591549294
2025-06-12 05:45:00,49.935598591549294
2025-06-12 09:26:00,62.4
2025-06-12 12:00:00,29.8
2025-06-12 15:00:00,49.935598591549294
2025-06-12 17:28:00,66.7
2025-06-12 03:01:00,76.9
2025-06-12 10:21:00,45.3
2025-06-12 07:43:00,49.935598591549294
2025-06-12 00:32:00,69.1
2025-06-12 11:33:00,11.0
2025-06-12 04:32:00,23.7
2025-06-12 08:13:00,68.1
2025-06-12 00:25:00,100.0
2025-06-12 18:30:00,56.3
2025-06-12 03:45:00,20.4
2025-06-12 08:08:00,39.2
2025-06-12 06:25:00,0.6
2025-06-12 09:51:00,27.6
2025-06-12 13:05:00,18.0
2025-06-12 02:15:00,86.0
2025-06-12 09:30:00,34.8
2025-06-12 09:43:00,50.4
2025-06-12 17:39:00,8.3
2025-06-12 15:12:00,42.1
2025-06-12 21:15:00,49.935598591549294
2025-06-12 20:04:00,49.935598591549294
2025-06-12 05:51:00,73.1
2025-06-12 18:03:00,22.7
2025-06-12 11:11:00,76.1
2025-06-12 13:04:00,75.4
2025-06-12 06:57:00,5.1
2025-06-12 22:56:00,91.8
2025-06-12 20:10:00,94.3
2025-06-12 17:55:00,18.9
2025-06-12 23:31:00,61.1
2025-06-12 08:22:00,57.0
2025-06-12 16:26:00,5.1
2025-06-12 05:28:00,43.7
2025-06-12 00:57:00,49.935598591549294
2025-06-12 09:45:00,14.6
2025-06-12 22:01:00,45.8
2025-06-12 04:29:00,49.935598591549294
2025-06-12 10:46:00,6.3
2025-06-12 23:27:00,38.3
2025-06-12 23:10:00,32.5
2025-06-12 01:56:00,49.935598591549294
2025-06-12 17:33:00,40.3
2025-06-12 09:37:00,30.5
2025-06-12 13:09:00,90.3
2025-06-12 07:55:00,7.0
2025-06-12 05:20:00,68.2
2025-06-12 04:25:00,27.9
2025-06-12 02:29:00,14.9
2025-06-12 14:34:00,2.0
2025-06-12 09:12:00,94.4
2025-06-12 09:13:00,28.2
2025-06-12 19:32:00,83.9
2025-06-12 03:02:00,49.935598591549294
2025-06-12 14:40:00,89.6
2025-06-12 12:10:00,4.8
2025-06-12 10:50:00,95.4
2025-06-12 00:45:00,39.4
2025-06-12 20:10:00,52.7
2025-06-12 04:20:00,44.7
2025-06-12 18:10:00,52.3
2025-06-12 05:59:00,88.5
2025-06-12 23:00:00,41.3
2025-06-12 13:59:00,30.9
2025-06-12 18:47:00,57.8
2025-06-12 15:38:00,71.9
2025-06-12 00:42:00,8.7
2025-06-12 11:13:00,63.3
2025-06-12 13:41:00,45.1
2025-06-12 18:16:00,55.5
2025-06-12 21:34:00,65.8
2025-06-12 15:51:00,79.2
2025-06-12 11:57:00,40.1
2025-06-12 08:41:00,99.3
2025-06-12 19:45:00,45.3
2025-06-12 03:30:00,55.5
2025-06-12 21:53:00,68.2
2025-06-12 11:01:00,28.8
2025-06-12 13:15:00,89.4
2025-06-12 11:35:00,49.6
2025-06-12 04:13:00,54.9
2025-06-12 07:55:00,69.5
2025-06-12 03:33:00,89.0
2025-06-12 16:13:00,49.935598591549294
2025-06-12 14:48:00,81.4
2025-06-12 23:26:00,10.9
2025-06-12 00:37:00,49.935598591549294
2025-06-12 09:13:00,62.4
2025-06-12 21:48:00,26.3
2025-06-12 11:28:00,49.935598591549294
2025-06-12 22:52:00,23.8
2025-06-12 19:51:00,9.6
2025-06-12 06:57:00,49.935598591549294
2025-06-12 00:38:00,99.7
2025-06-12 09:54:00,83.7
2025-06-12 04:34:00,58.1
2025-06-12 13:30:00,35.3
2025-06-12 19:09:00,32.7
2025-06-12 23:35:00,63.6
2025-06-12 04:03:00,49.935598591549294
2025-06-12 15:36:00,24.9
2025-06-12 01:41:00,33.6
2025-06-12 17:55:00,85.0
2025-06-12 04:50:00,41.1
2025-06-12 01:03:00,66.8
2025-06-12 12:23:00,16.8
2025-06-12 01:04:00,85.2
2025-06-12 21:53:00,82.5
2025-06-12 14:18:00,19.9
2025-06-12 09:34:00,49.935598591549294
2025-06-12 23:09:00,88.9
2025-06-12 03:39:00,26.9
2025-06-12 19:30:00,50.0
2025-06-12 06:09:00,31.4
2025-06-12 13:20:00,32.2
2025-06-12 07:27:00,82.7
2025-06-12 06:39:00,51.9
2025-06-12 17:06:00,49.935598591549294
2025-06-12 19:37:00,49.935598591549294
2025-06-12 16:35:00,88.9
2025-06-12 22:25:00,75.3
2025-06-12 08:49:00,24.5
2025-06-12 01:27:00,82.6
2025-06-12 12:00:00,63.8
2025-06-12 15:09:00,93.0
2025-06-12 22:13:00,53.4
2025-06-12 23:07:00,1.9
2025-06-12 20:12:00,34.4
2025-06-12 10:18:00,99.0
2025-06-12 18:51:00,52.9
2025-06-12 23:17:00,5.1
2025-06-12 21:57:00,60.2
2025-06-12 07:00:00,49.935598591549294
2025-06-12 10:23:00,81.0
2025-06-12 20:31:00,67.3
2025-06-12 09:43:00,91.1
2025-06-12 14:39:00,66.1
2025-06-12 02:44:00,49.8
2025-06-12 13:54:00,10.1
2025-06-12 11:00:00,49.935598591549294
2025-06-12 12:52:00,21.3
2025-06-12 00:43:00,75.0
2025-06-12 11:00:00,96.6
2025-06-12 12:31:00,49.935598591549294
2025-06-12 09:46:00,49.935598591549294
2025-06-12 06:12:00,42.5
2025-06-12 00:06:00,71.8
2025-06-12 00:03:00,40.9
2025-06-12 23:58:00,21.0
2025-06-12 15:04:00,46.1
2025-06-12 23:36:00,19.3
2025-06-12 14:19:00,49.935598591549294
2025-06-12 05:42:00,85.1
2025-06-12 17:32:00,46.7
2025-06-12 21:48:00,49.935598591549294
2025-06-12 21:37:00,47.3
2025-06-12 09:48:00,65.8
2025-06-12 08:21:00,63.8
2025-06-12 10:06:00,49.935598591549294
2025-06-12 02:07:00,39.5
2025-06-12 09:38:00,99.7
2025-06-12 15:56:00,49.935598591549294
2025-06-12 18:50:00,64.8
2025-06-12 03:44:00,56.7
2025-06-12 01:42:00,64.7
2025-06-12 20:52:00,30.2
2025-06-12 21:13:00,2.5
2025-06-12 07:14:00,99.8
2025-06-12 05:50:00,30.2
2025-06-12 09:45:00,25.2
2025-06-12 09:19:00,85.4
2025-06-12 18:23:00,20.8
2025-06-12 22:42:00,12.3
2025-06-12 09:15:00,73.0
2025-06-12 20:01:00,20.3
2025-06-12 07:22:00,94.5
2025-06-12 10:49:00,49.3
2025-06-12 02:14:00,19.5
2025-06-12 11:04:00,25.1
2025-06-12 13:55:00,4.0
2025-06-12 14:39:00,97.0
2025-06-12 11:33:00,78.7
2025-06-12 14:06:00,49.935598591549294
2025-06-12 06:50:00,49.935598591549294
2025-06-12 08:56:00,45.0
2025-06-12 04:43:00,68.2
2025-06-12 00:04:00,95.6
2025-06-12 11:59:00,76.9
2025-06-12 03:33:00,0.6
2025-06-12 05:43:00,38.1
2025-06-12 07:24:00,49.935598591549294
2025-06-12 14:35:00,49.935598591549294
2025-06-12 06:52:00,59.1
2025-06-12 10:17:00,82.4
2025-06-12 01:52:00,19.6
2025-06-12 00:51:00,49.935598591549294
2025-06-12 17:49:00,95.9
2025-06-12 14:15:00,92.6
2025-06-12 09:49:00,9.2
2025-06-12 23:24:00,13.1
2025-06-12 19:11:00,17.3
2025-06-12 06:06:00,86.4
2025-06-12 23:46:00,49.935598591549294
2025-06-12 19:40:00,13.6
2025-06-12 01:17:00,11.5
2025-06-12 10:21:00,98.5
2025-06-12 16:12:00,91.6
2025-06-12 11:58:00,51.1
2025-06-12 07:23:00,6.0
2025-06-12 12:33:00,49.935598591549294
2025-06-12 02:54:00,90.3
2025-06-12 16:26:00,30.9
2025-06-12 06:00:00,56.2
2025-06-12 07:47:00,78.2
2025-06-12 16:58:00,34.5
2025-06-12 01:00:00,34.2
2025-06-12 06:10:00,88.9
2025-06-12 10:28:00,76.3
2025-06-12 03:55:00,37.4
2025-06-12 04:14:00,24.9
2025-06-12 00:37:00,90.8
2025-06-12 22:54:00,49.935598591549294
2025-06-12 20:24:00,95.1
2025-06-12 21:27:00,38.8
2025-06-12 04:58:00,51.7
2025-06-12 20:13:00,18.5
2025-06-12 11:16:00,57.8
2025-06-12 21:53:00,25.2
2025-06-12 15:49:00,60.1
2025-06-12 21:49:00,22.6
2025-06-12 17:15:00,49.935598591549294
2025-06-12 14:22:00,65.6
2025-06-12 13:13:00,25.4
2025-06-12 15:17:00,49.935598591549294
2025-06-12 16:33:00,94.7
2025-06-12 13:02:00,87.2
2025-06-12 04:54:00,26.1
2025-06-12 04:00:00,7.4
2025-06-12 21:08:00,17.8
2025-06-12 20:33:00,43.9
2025-06-12 00:47:00,69.6
2025-06-12 02:48:00,69.7
2025-06-12 10:49:00,17.6
2025-06-12 01:21:00,53.7
2025-06-12 13:08:00,51.7
2025-06-12 23:25:00,90.5
2025-06-12 05:38:00,62.8
2025-06-12 17:47:00,38.0
2025-06-12 19:16:00,9.5
2025-06-12 08:40:00,81.1
2025-06-12 21:19:00,24.9
2025-06-12 06:33:00,54.3
2025-06-12 18:46:00,78.9
2025-06-12 22:17:00,96.4
2025-06-12 20:36:00,75.6
2025-06-12 00:49:00,69.1
2025-06-12 04:46:00,42.5
2025-06-12 04:01:00,38.2
2025-06-12 01:58:00,5.0
2025-06-12 19:17:00,57.4
2025-06-12 11:40:00,49.935598591549294
2025-06-12 14:57:00,6.7
2025-06-12 16:19:00,5.7
2025-06-12 21:41:00,61.9
2025-06-12 20:14:00,93.3
2025-06-12 22:46:00,21.5
2025-06-12 17:54:00,34.7
2025-06-12 07:42:00,66.1
2025-06-12 15:54:00,28.2
2025-06-12 09:13:00,65.5
2025-06-12 02:11:00,51.0
2025-06-12 15:52:00,32.0
2025-06-12 08:57:00,85.9
2025-06-12 09:20:00,67.7
2025-06-12 03:04:00,12.2
2025-06-12 10:21:00,49.740225962104276
2025-06-12 17:29:00,3.2
2025-06-12 22:22:00,70.6
2025-06-12 00:20:00,49.740225962104276
2025-06-12 00:57:00,4.4
2025-06-12 13:05:00,19.1
2025-06-12 17:50:00,96.0
2025-06-12 19:46:00,88.6
2025-06-12 13:03:00,73.9
2025-06-12 19:51:00,49.740225962104276
2025-06-12 03:13:00,47.7
2025-06-12 11:01:00,72.1
2025-06-12 15:16:00,49.740225962104276
2025-06-12 22:04:00,76.6
2025-06-12 10:12:00,86.8
2025-06-12 10:01:00,96.2
2025-06-12 12:14:00,26.7
2025-06-12 09:20:00,30.2
2025-06-12 08:51:00,49.740225962104276
2025-06-12 09:35:00,40.8
2025-06-12 00:46:00,84.7
2025-06-12 15:12:00,32.1
2025-06-12 06:17:00,13.4
2025-06-12 11:40:00,49.740225962104276
2025-06-12 03:25:00,85.9
2025-06-12 14:09:00,33.7
2025-06-12 18:27:00,32.2
2025-06-12 20:53:00,49.740225962104276
2025-06-12 16:05:00,49.740225962104276
2025-06-12 05:13:00,40.1
2025-06-12 22:44:00,59.4
2025-06-12 00:29:00,70.2
2025-06-12 06:19:00,94.6
2025-06-12 07:34:00,77.1
2025-06-12 00:07:00,96.0
2025-06-12 04:58:00,19.5
2025-06-12 03:34:00,63.4
2025-06-12 19:15:00,70.8
2025-06-12 21:58:00,49.740225962104276
2025-06-12 13:57:00,66.8
2025-06-12 08:10:00,49.740225962104276
2025-06-12 21:46:00,97.7
2025-06-12 21:51:00,51.1
2025-06-12 18:08:00,55.2
2025-06-12 05:03:00,12.3
2025-06-12 20:10:00,64.2
2025-06-12 04:17:00,62.0
2025-06-12 07:04:00,1.8
2025-06-12 00:43:00,94.1
2025-06-12 04:31:00,32.5
2025-06-12 18:08:00,19.7
2025-06-12 16:22:00,60.7
2025-06-12 19:20:00,11.9
2025-06-12 19:36:00,85.4
2025-06-12 13:11:00,21.3
2025-06-12 07:36:00,3.8
2025-06-12 09:08:00,49.740225962104276
2025-06-12 22:04:00,33.9
2025-06-12 00:42:00,62.0
2025-06-12 07:23:00,9.2
2025-06-12 01:40:00,66.5
2025-06-12 20:35:00,89.6
2025-06-12 03:39:00,41.2
2025-06-12 20:19:00,2.7
2025-06-12 09:17:00,49.740225962104276
2025-06-12 09:43:00,49.740225962104276
2025-06-12 15:47:00,89.0
2025-06-12 14:13:00,50.9
2025-06-12 06:22:00,49.740225962104276
2025-06-12 18:18:00,95.4
2025-06-12 01:41:00,12.6
2025-06-12 21:04:00,98.8
2025-06-12 09:43:00,17.1
2025-06-12 04:44:00,47.3
2025-06-12 12:06:00,49.740225962104276
2025-06-12 08:42:00,34.5
2025-06-12 03:07:00,33.7
2025-06-12 15:55:00,9.7
2025-06-12 12:58:00,49.740225962104276
2025-06-12 22:46:00,49.740225962104276
2025-06-12 15:45:00,27.0
2025-06-12 06:11:00,7.0
2025-06-12 17:04:00,61.3
2025-06-12 09:27:00,40.1
2025-06-12 13:36:00,81.2
2025-06-12 00:52:00,73.1
2025-06-12 11:35:00,87.6
2025-06-12 04:07:00,24.7
2025-06-12 11:39:00,77.5
2025-06-12 15:06:00,83.6
2025-06-12 01:32:00,44.3
2025-06-12 13:20:00,74.7
2025-06-12 17:41:00,35.9
2025-06-12 20:24:00,33.1
2025-06-12 12:13:00,75.6
2025-06-12 09:30:00,9.9
2025-06-12 16:19:00,49.740225962104276
2025-06-12 12:44:00,49.740225962104276
2025-06-12 15:07:00,2.5
2025-06-12 19:56:00,30.7
2025-06-12 09:21:00,10.1
2025-06-12 01:43:00,54.0
2025-06-12 00:33:00,9.9
2025-06-12 20:18:00,49.740225962104276
2025-06-12 21:27:00,16.8
2025-06-12 14:43:00,49.740225962104276
2025-06-12 11:25:00,3.7
2025-06-12 11:13:00,79.6
2025-06-12 05:55:00,79.7
2025-06-12 09:01:00,97.9
2025-06-12 11:15:00,90.7
2025-06-12 13:43:00,37.9
2025-06-12 13:27:00,49.740225962104276
2025-06-12 17:02:00,48.9
2025-06-12 19:39:00,21.8
2025-06-12 06:38:00,40.4
2025-06-12 02:23:00,49.740225962104276
2025-06-12 22:48:00,97.5
2025-06-12 00:32:00,51.5
2025-06-12 07:56:00,55.8
2025-06-12 15:59:00,87.6
2025-06-12 22:30:00,33.4
2025-06-12 04:44:00,18.7
2025-06-12 08:40:00,61.2
2025-06-12 10:25:00,45.5
2025-06-12 05:55:00,94.0
2025-06-12 14:00:00,65.6
2025-06-12 03:31:00,78.7
2025-06-12 11:42:00,2.0
2025-06-12 01:38:00,84.5
2025-06-12 16:27:00,37.2
2025-06-12 13:10:00,89.4
2025-06-12 02:59:00,92.3
2025-06-12 19:16:00,43.4
2025-06-12 05:05:00,59.2
2025-06-12 10:43:00,49.740225962104276
2025-06-12 23:58:00,7.7
2025-06-12 09:55:00,76.0
2025-06-12 13:56:00,25.6
2025-06-12 22:10:00,93.7
2025-06-12 04:49:00,93.9
2025-06-12 02:35:00,49.740225962104276
2025-06-12 07:04:00,38.4
2025-06-12 11:12:00,100.0
2025-06-12 11:12:00,82.3
2025-06-12 23:39:00,15.3
2025-06-12 21:19:00,49.740225962104276
2025-06-12 21:54:00,52.8
2025-06-12 18:42:00,15.4
2025-06-12 14:04:00,49.740225962104276
2025-06-12 07:08:00,70.9
2025-06-12 20:07:00,98.7
2025-06-12 18:03:00,49.740225962104276
2025-06-12 23:15:00,41.5
2025-06-12 03:39:00,59.6
2025-06-12 03:41:00,14.5
2025-06-12 16:55:00,41.4
2025-06-12 06:06:00,96.6
2025-06-12 12:32:00,33.8
2025-06-12 19:18:00,49.740225962104276
2025-06-12 10:07:00,85.5
2025-06-12 08:57:00,20.6
2025-06-12 20:07:00,10.3
2025-06-12 20:43:00,15.6
2025-06-12 06:14:00,21.7
2025-06-12 00:14:00,9.7
2025-06-12 17:44:00,32.7
2025-06-12 02:19:00,98.2
2025-06-12 00:01:00,49.740225962104276
2025-06-12 03:56:00,64.8
2025-06-12 23:18:00,34.7
2025-06-12 04:41:00,5.2
2025-06-12 15:06:00,63.4
2025-06-12 15:50:00,84.5
2025-06-12 22:19:00,59.3
2025-06-12 16:35:00,26.8
2025-06-12 03:42:00,5.0
2025-06-12 04:01:00,34.4
2025-06-12 05:43:00,22.8
2025-06-12 15:41:00,13.2
2025-06-12 18:53:00,7.7
2025-06-12 08:14:00,82.0
2025-06-12 14:07:00,79.8
2025-06-12 06:05:00,17.8
2025-06-12 18:03:00,99.8
2025-06-12 15:24:00,26.5
2025-06-12 04:18:00,80.5
2025-06-12 23:51:00,9.5
2025-06-12 14:42:00,49.740225962104276
2025-06-12 15:19:00,49.740225962104276
2025-06-12 03:21:00,25.7
2025-06-12 03:56:00,49.740225962104276
2025-06-12 03:11:00,29.8
2025-06-12 20:37:00,11.0
2025-06-12 06:47:00,42.8
2025-06-12 05:41:00,73.4
2025-06-12 18:35:00,51.7
2025-06-12 21:18:00,3.5
2025-06-12 07:15:00,85.4
2025-06-12 22:49:00,88.2
2025-06-12 08:18:00,49.740225962104276
2025-06-12 07:15:00,47.8
2025-06-12 08:54:00,5.7
2025-06-12 11:08:00,49.740225962104276
2025-06-12 15:07:00,49.740225962104276
2025-06-12 06:21:00,49.740225962104276
2025-06-12 04:37:00,16.3
2025-06-12 09:08:00,70.5
2025-06-12 17:37:00,5.1
2025-06-12 04:20:00,58.3
2025-06-12 10:46:00,36.3
2025-06-12 08:41:00,7.7
2025-06-12 09:04:00,49.740225962104276
2025-06-12 19:41:00,40.9
2025-06-12 07:04:00,25.6
2025-06-12 00:20:00,60.4
2025-06-12 01:48:00,38.9
2025-06-12 00:38:00,49.740225962104276
2025-06-12 23:38:00,65.0
2025-06-12 23:37:00,6.6
2025-06-12 15:18:00,89.8
2025-06-12 07:07:00,95.8
2025-06-12 03:46:00,37.3
2025-06-12 04:44:00,49.740225962104276
2025-06-12 03:25:00,91.5
2025-06-12 06:18:00,49.740225962104276
2025-06-12 18:07:00,38.4
2025-06-12 13:55:00,49.740225962104276
2025-06-12 20:08:00,96.8
2025-06-12 13:36:00,30.8
2025-06-12 09:41:00,64.2
2025-06-12 01:43:00,10.3
2025-06-12 08:26:00,49.740225962104276
2025-06-12 03:40:00,36.5
2025-06-12 08:11:00,76.5
2025-06-12 05:41:00,50.8
2025-06-12 12:51:00,84.6
2025-06-12 23:19:00,62.8
2025-06-12 11:06:00,67.2
2025-06-12 01:28:00,71.4
2025-06-12 03:31:00,84.2
2025-06-12 09:28:00,7.0
2025-06-12 18:19:00,5.5
2025-06-12 14:06:00,26.7
2025-06-12 09:01:00,47.7
2025-06-12 10:59:00,33.9
2025-06-12 13:27:00,49.4
2025-06-12 19:00:00,87.2
2025-06-12 06:59:00,8.4
2025-06-12 07:21:00,93.8
2025-06-12 18:09:00,63.9
2025-06-12 21:45:00,52.2
2025-06-12 22:46:00,5.2
2025-06-12 03:19:00,65.6
2025-06-12 07:46:00,34.0
2025-06-12 09:42:00,22.2
2025-06-12 04:05:00,14.2
2025-06-12 04:12:00,84.1
2025-06-12 14:12:00,49.740225962104276
2025-06-12 04:20:00,79.9
2025-06-12 12:08:00,49.740225962104276
2025-06-12 11:15:00,74.1
2025-06-12 08:13:00,8.1
2025-06-12 02:09:00,78.1
2025-06-12 04:01:00,3.4
2025-06-12 05:40:00,87.5
2025-06-12 19:16:00,65.9
2025-06-12 11:13:00,30.9
2025-06-12 04:06:00,14.5
2025-06-12 12:27:00,91.0
2025-06-12 14:31:00,53.1
2025-06-12 22:01:00,49.740225962104276
2025-06-12 17:42:00,87.0
2025-06-12 04:56:00,16.6
2025-06-12 12:32:00,56.5
2025-06-12 16:21:00,23.9
2025-06-12 23:53:00,23.7
2025-06-12 02:00:00,14.2
2025-06-12 07:09:00,87.5
2025-06-12 08:47:00,73.1
2025-06-12 05:12:00,50.3
2025-06-12 21:55:00,0.1
2025-06-12 08:58:00,49.740225962104276
2025-06-12 17:36:00,10.9
2025-06-12 23:29:00,49.740225962104276
2025-06-12 19:27:00,16.3
2025-06-12 23:55:00,73.7
2025-06-12 12:24:00,18.0
2025-06-12 09:39:00,76.0
2025-06-12 06:14:00,75.7
2025-06-12 17:02:00,48.9
2025-06-12 19:49:00,25.0
2025-06-12 09:35:00,73.4
2025-06-12 00:12:00,28.9
2025-06-12 15:03:00,1.8
2025-06-12 19:12:00,27.8
2025-06-12 00:47:00,89.5
2025-06-12 14:11:00,86.3
2025-06-12 02:10:00,52.6
2025-06-12 21:47:00,75.2
2025-06-12 03:50:00,14.2
2025-06-12 03:08:00,4.7
2025-06-12 10:42:00,50.9
2025-06-12 19:20:00,65.0
2025-06-12 20:41:00,38.1
2025-06-12 13:51:00,19.6
2025-06-12 06:50:00,62.3
2025-06-12 07:41:00,76.2
2025-06-12 00:11:00,11.6
2025-06-12 04:48:00,29.2
2025-06-12 03:54:00,21.6
2025-06-12 20:55:00,94.1
2025-06-12 20:35:00,58.2
2025-06-12 20:53:00,84.5
2025-06-12 13:47:00,39.2
2025-06-12 15:38:00,67.4
2025-06-12 07:02:00,45.3
2025-06-12 07:57:00,49.740225962104276
2025-06-12 08:42:00,74.1
2025-06-12 03:40:00,39.8
2025-06-12 16:49:00,49.740225962104276
2025-06-12 23:24:00,20.7
2025-06-12 03:52:00,77.7
2025-06-12 04:14:00,59.7
2025-06-12 15:22:00,50.18838223164841
2025-06-12 13:59:00,71.6
2025-06-12 15:08:00,37.8
2025-06-12 12:32:00,1.9
2025-06-12 15:02:00,2.5
2025-06-12 20:43:00,51.0
2025-06-12 23:19:00,93.2
2025-06-12 06:54:00,50.18838223164841
2025-06-12 20:10:00,75.5
2025-06-12 12:18:00,98.5
2025-06-12 09:23:00,39.4
2025-06-12 03:59:00,50.18838223164841
2025-06-12 20:16:00,50.18838223164841
2025-06-12 06:00:00,89.1
2025-06-12 00:35:00,79.2
2025-06-12 17:36:00,51.3
2025-06-12 21:51:00,32.4
2025-06-12 03:33:00,65.7
2025-06-12 12:01:00,21.0
2025-06-12 04:07:00,66.3
2025-06-12 18:13:00,80.4
2025-06-12 06:12:00,26.9
2025-06-12 03:52:00,70.8
2025-06-12 20:04:00,10.1
2025-06-12 18:23:00,58.9
2025-06-12 23:34:00,3.5
2025-06-12 09:16:00,70.7
2025-06-12 07:07:00,83.7
2025-06-12 11:16:00,30.8
2025-06-12 15:00:00,27.0
2025-06-12 09:53:00,50.18838223164841
2025-06-12 17:57:00,70.4
2025-06-12 13:00:00,99.9
2025-06-12 08:20:00,93.9
2025-06-12 19:11:00,14.5
2025-06-12 17:30:00,82.9
2025-06-12 23:59:00,72.1
2025-06-12 03:20:00,50.6
2025-06-12 03:33:00,0.5
2025-06-12 16:29:00,69.6
2025-06-12 08:22:00,50.18838223164841
2025-06-12 01:33:00,50.18838223164841
2025-06-12 15:57:00,48.6
2025-06-12 20:28:00,50.18838223164841
2025-06-12 22:38:00,79.7
2025-06-12 15:29:00,57.9
2025-06-12 13:59:00,50.0
2025-06-12 16:28:00,50.18838223164841
2025-06-12 13:27:00,81.3
2025-06-12 21:16:00,50.18838223164841
2025-06-12 13:37:00,83.8
2025-06-12 05:09:00,69.8
2025-06-12 13:45:00,50.18838223164841
2025-06-12 16:30:00,45.3
2025-06-12 20:15:00,63.7
2025-06-12 17:02:00,50.18838223164841
2025-06-12 03:50:00,72.4
2025-06-12 04:01:00,35.5
2025-06-12 18:27:00,13.2
2025-06-12 11:14:00,2.1
2025-06-12 08:07:00,69.3
2025-06-12 16:51:00,14.3
2025-06-12 11:04:00,58.8
2025-06-12 12:51:00,61.0
2025-06-12 11:27:00,11.0
2025-06-12 03:09:00,39.3
2025-06-12 20:55:00,50.18838223164841
2025-06-12 11:03:00,31.7
2025-06-12 21:16:00,20.9
2025-06-12 21:38:00,66.7
2025-06-12 18:27:00,62.2
2025-06-12 02:34:00,91.9
2025-06-12 02:19:00,19.7
2025-06-12 21:48:00,8.2
2025-06-12 12:07:00,50.18838223164841
2025-06-12 14:34:00,15.0
2025-06-12 21:44:00,5.8
2025-06-12 11:48:00,87.6
2025-06-12 10:24:00,42.7
2025-06-12 22:57:00,92.7
2025-06-12 10:07:00,23.4
2025-06-12 03:23:00,50.18838223164841
2025-06-12 16:52:00,22.3
2025-06-12 06:54:00,74.0
2025-06-12 17:19:00,50.18838223164841
2025-06-12 16:41:00,56.3
2025-06-12 15:58:00,87.6
2025-06-12 12:52:00,83.6
2025-06-12 03:28:00,93.3
2025-06-12 15:38:00,97.8
2025-06-12 17:24:00,50.4
2025-06-12 20:09:00,61.7
2025-06-12 09:17:00,59.6
2025-06-12 18:58:00,20.6
2025-06-12 01:06:00,32.7
2025-06-12 21:09:00,91.4
2025-06-12 19:51:00,18.9
2025-06-12 22:52:00,71.0
2025-06-12 08:19:00,76.2
2025-06-12 15:55:00,25.5
2025-06-12 11:10:00,94.2
2025-06-12 02:42:00,42.8
2025-06-12 17:30:00,76.7
2025-06-12 06:05:00,75.5
2025-06-12 07:06:00,99.9
2025-06-12 12:58:00,50.18838223164841
2025-06-12 02:17:00,83.7
2025-06-12 17:03:00,76.3
2025-06-12 17:27:00,1.8
2025-06-12 08:31:00,18.2
2025-06-12 08:28:00,2.1
2025-06-12 06:53:00,50.18838223164841
2025-06-12 20:11:00,21.7
2025-06-12 08:39:00,98.3
2025-06-12 13:51:00,18.5
2025-06-12 15:58:00,44.7
2025-06-12 02:14:00,89.4
2025-06-12 09:46:00,40.2
2025-06-12 12:09:00,39.1
2025-06-12 04:38:00,2.5
2025-06-12 04:13:00,5.2
2025-06-12 01:16:00,29.7
2025-06-12 10:42:00,7.8
2025-06-12 21:32:00,74.6
2025-06-12 00:01:00,65.4
2025-06-12 15:14:00,72.0
2025-06-12 22:42:00,52.5
2025-06-12 10:24:00,0.9
2025-06-12 02:22:00,81.9
2025-06-12 16:23:00,58.7
2025-06-12 16:15:00,50.18838223164841
2025-06-12 15:21:00,50.18838223164841
2025-06-12 15:10:00,50.18838223164841
2025-06-12 09:45:00,50.18838223164841
2025-06-12 12:48:00,21.0
2025-06-12 19:31:00,25.5
2025-06-12 19:33:00,58.9
2025-06-12 18:25:00,32.8
2025-06-12 23:54:00,75.8
2025-06-12 14:12:00,7.8
2025-06-12 17:31:00,50.18838223164841
2025-06-12 19:35:00,77.0
2025-06-12 00:36:00,22.6
2025-06-12 05:50:00,45.6
2025-06-12 18:51:00,3.0
2025-06-12 07:55:00,40.7
2025-06-12 17:11:00,8.9
2025-06-12 04:45:00,88.7
2025-06-12 02:28:00,73.2
2025-06-12 14:01:00,15.8
2025-06-12 22:44:00,93.3
2025-06-12 05:56:00,92.9
2025-06-12 01:02:00,59.3
2025-06-12 17:40:00,78.6
2025-06-12 17:20:00,2.4
2025-06-12 20:41:00,47.4
2025-06-12 00:42:00,50.18838223164841
2025-06-12 08:37:00,24.7
2025-06-12 15:08:00,26.2
2025-06-12 06:44:00,33.8
2025-06-12 11:59:00,56.0
2025-06-12 17:52:00,44.1
2025-06-12 17:28:00,88.8
2025-06-12 13:20:00,5.3
2025-06-12 07:39:00,24.1
2025-06-12 11:27:00,22.2
2025-06-12 08:45:00,31.2
2025-06-12 13:31:00,44.6
2025-06-12 15:58:00,3.7
2025-06-12 19:37:00,73.8
2025-06-12 08:53:00,33.4
2025-06-12 02:45:00,82.6
2025-06-12 21:43:00,24.7
2025-06-12 01:27:00,70.9
2025-06-12 03:36:00,55.8
2025-06-12 06:13:00,50.18838223164841
2025-06-12 18:51:00,81.2
2025-06-12 05:04:00,72.9
2025-06-12 07:21:00,11.6
2025-06-12 02:43:00,10.6
2025-06-12 12:44:00,98.0
2025-06-12 06:31:00,69.1
2025-06-12 08:41:00,94.2
2025-06-12 18:04:00,36.4
2025-06-12 11:48:00,40.1
2025-06-12 03:28:00,92.6
2025-06-12 00:14:00,47.6
2025-06-12 18:51:00,50.18838223164841
2025-06-12 20:40:00,12.6
2025-06-12 18:23:00,63.2
2025-06-12 14:41:00,47.8
2025-06-12 21:59:00,50.18838223164841
2025-06-12 19:25:00,2.0
2025-06-12 03:32:00,87.6
2025-06-12 01:47:00,31.6
2025-06-12 03:41:00,83.9
2025-06-12 13:08:00,22.9
2025-06-12 01:02:00,50.18838223164841
2025-06-12 19:21:00,60.8
2025-06-12 02:04:00,68.2
2025-06-12 07:33:00,16.5
2025-06-12 05:23:00,51.3
2025-06-12 04:04:00,75.3
2025-06-12 12:25:00,10.2
2025-06-12 20:24:00,50.18838223164841
2025-06-12 12:39:00,5.9
2025-06-12 15:38:00,92.2
2025-06-12 17:20:00,19.2
2025-06-12 22:18:00,50.18838223164841
2025-06-12 06:32:00,50.18838223164841
2025-06-12 12:00:00,21.7
2025-06-12 10:22:00,67.7
2025-06-12 11:57:00,89.4
2025-06-12 03:24:00,2.1
2025-06-12 06:53:00,50.18838223164841
2025-06-12 08:31:00,2.4
2025-06-12 13:21:00,23.7
2025-06-12 23:11:00,53.0
2025-06-12 20:41:00,62.1
2025-06-12 19:33:00,58.7
2025-06-12 08:55:00,76.3
2025-06-12 14:04:00,12.3
2025-06-12 08:25:00,7.3
2025-06-12 10:34:00,50.18838223164841
2025-06-12 11:44:00,32.4
2025-06-12 21:00:00,60.9
2025-06-12 07:07:00,50.18838223164841
2025-06-12 12:44:00,96.8
2025-06-12 22:08:00,73.3
2025-06-12 08:37:00,82.4
2025-06-12 21:59:00,19.4
2025-06-12 01:40:00,50.18838223164841
2025-06-12 15:18:00,83.5
2025-06-12 02:55:00,50.18838223164841
2025-06-12 14:52:00,50.18838223164841
2025-06-12 02:53:00,50.18838223164841
2025-06-12 07:50:00,41.8
2025-06-12 20:31:00,71.7
2025-06-12 01:22:00,50.18838223164841
2025-06-12 18:09:00,79.7
2025-06-12 00:08:00,35.0
2025-06-12 05:28:00,50.18838223164841
2025-06-12 16:28:00,15.7
2025-06-12 10:03:00,50.18838223164841
2025-06-12 19:38:00,58.8
2025-06-12 14:56:00,80.8
2025-06-12 15:03:00,11.4
2025-06-12 13:37:00,50.18838223164841
2025-06-12 18:01:00,50.18838223164841
2025-06-12 01:27:00,11.1
2025-06-12 12:27:00,50.18838223164841
2025-06-12 05:28:00,77.0
2025-06-12 12:10:00,35.7
2025-06-12 09:20:00,50.18838223164841
2025-06-12 04:10:00,93.1
2025-06-12 22:14:00,11.1
2025-06-12 22:21:00,43.1
2025-06-12 01:23:00,34.7
2025-06-12 08:36:00,77.8
2025-06-12 10:57:00,51.9
2025-06-12 17:02:00,79.9
2025-06-12 05:46:00,50.18838223164841
2025-06-12 00:32:00,79.8
2025-06-12 04:40:00,27.1
2025-06-12 17:06:00,69.3
2025-06-12 07:49:00,50.18838223164841
2025-06-12 20:54:00,65.1
2025-06-12 13:27:00,91.8
2025-06-12 20:46:00,85.8
2025-06-12 20:44:00,50.18838223164841
2025-06-12 20:02:00,6.4
2025-06-12 16:59:00,47.2
2025-06-12 05:41:00,76.4
2025-06-12 20:12:00,90.0
2025-06-12 17:04:00,75.8
2025-06-12 09:13:00,43.9
2025-06-12 16:06:00,73.6
2025-06-12 12:13:00,27.8
2025-06-12 13:47:00,27.1
2025-06-12 22:53:00,53.2
2025-06-12 10:56:00,28.1
2025-06-12 12:43:00,66.9
2025-06-12 21:08:00,78.0
2025-06-12 04:00:00,50.18838223164841
2025-06-12 16:07:00,50.18838223164841
2025-06-12 04:23:00,62.0
2025-06-12 15:59:00,54.8
2025-06-12 07:05:00,77.2
2025-06-12 07:05:00,92.2
2025-06-12 13:11:00,18.8
2025-06-12 03:13:00,41.8
2025-06-12 06:31:00,28.2
2025-06-12 14:21:00,92.3
2025-06-12 13:32:00,8.2
2025-06-12 21:23:00,88.0
2025-06-12 22:18:00,83.3
2025-06-12 08:43:00,50.18838223164841
2025-06-12 13:06:00,76.3
2025-06-12 08:26:00,50.18838223164841
2025-06-12 11:07:00,29.4
2025-06-12 23:06:00,85.4
2025-06-12 00:33:00,66.8
2025-06-12 07:02:00,50.18838223164841
2025-06-12 18:28:00,37.1
2025-06-12 00:40:00,8.7
2025-06-12 13:05:00,45.7
2025-06-12 08:17:00,97.0
2025-06-12 23:41:00,53.9
2025-06-12 03:45:00,65.9
2025-06-12 15:34:00,31.6
2025-06-12 10:39:00,79.6
2025-06-12 18:30:00,23.7
2025-06-12 12:45:00,99.2
2025-06-12 00:49:00,14.6
2025-06-12 01:26:00,63.5
2025-06-12 20:13:00,41.5
2025-06-12 08:32:00,91.5
2025-06-12 19:11:00,5.5
2025-06-12 23:13:00,99.8
2025-06-12 05:39:00,50.18838223164841
2025-06-12 11:04:00,22.6
2025-06-12 16:18:00,85.7
2025-06-12 12:31:00,19.7
2025-06-12 01:02:00,26.7
2025-06-12 04:12:00,89.7
2025-06-12 09:48:00,34.3
2025-06-12 15:41:00,63.0
2025-06-12 12:45:00,93.6
2025-06-12 09:24:00,34.2
2025-06-12 21:51:00,31.4
2025-06-12 06:36:00,19.9
2025-06-12 17:00:00,49.927249175694776
2025-06-12 19:05:00,92.3
2025-06-12 22:27:00,49.927249175694776
2025-06-12 18:35:00,13.2
2025-06-12 13:08:00,72.3
2025-06-12 20:29:00,96.4
2025-06-12 12:31:00,90.6
2025-06-12 11:09:00,93.6
2025-06-12 22:58:00,54.2
2025-06-12 12:23:00,51.4
2025-06-12 23:52:00,20.7
2025-06-12 11:04:00,68.2
2025-06-12 20:17:00,52.0
2025-06-12 09:04:00,55.3
2025-06-12 15:36:00,51.4
2025-06-12 06:58:00,89.1
2025-06-12 16:01:00,93.7
2025-06-12 16:19:00,23.9
2025-06-12 02:42:00,68.4
2025-06-12 18:30:00,76.9
2025-06-12 08:37:00,51.7
2025-06-12 21:54:00,80.3
2025-06-12 11:01:00,49.927249175694776
2025-06-12 06:06:00,96.8
2025-06-12 23:25:00,28.1
2025-06-12 18:09:00,93.3
2025-06-12 12:19:00,82.3
2025-06-12 02:51:00,8.0
2025-06-12 04:47:00,49.927249175694776
2025-06-12 06:50:00,54.3
2025-06-12 03:32:00,22.1
2025-06-12 07:46:00,23.0
2025-06-12 01:36:00,16.5
2025-06-12 15:53:00,26.7
2025-06-12 13:49:00,49.927249175694776
2025-06-12 23:43:00,35.6
2025-06-12 19:44:00,64.5
2025-06-12 23:33:00,86.5
2025-06-12 22:21:00,49.927249175694776
2025-06-12 02:09:00,49.927249175694776
2025-06-12 12:05:00,64.0
2025-06-12 18:49:00,99.8
2025-06-12 17:05:00,40.8
2025-06-12 18:16:00,95.4
2025-06-12 12:47:00,49.927249175694776
2025-06-12 16:47:00,49.4
2025-06-12 20:48:00,44.4
2025-06-12 20:21:00,13.7
2025-06-12 18:43:00,80.2
2025-06-12 19:27:00,78.7
2025-06-12 02:17:00,71.3
2025-06-12 14:29:00,8.3
2025-06-12 17:57:00,92.7
2025-06-12 03:15:00,7.8
2025-06-12 22:48:00,49.927249175694776
2025-06-12 19:51:00,8.2
2025-06-12 09:58:00,34.9
2025-06-12 01:18:00,44.5
2025-06-12 18:06:00,7.7
2025-06-12 14:35:00,49.927249175694776
2025-06-12 09:20:00,12.6
2025-06-12 06:07:00,92.0
2025-06-12 10:12:00,93.5
2025-06-12 23:03:00,81.9
2025-06-12 16:12:00,23.2
2025-06-12 00:14:00,90.9
2025-06-12 18:41:00,49.927249175694776
2025-06-12 03:04:00,79.6
2025-06-12 15:43:00,35.9
2025-06-12 06:09:00,22.7
2025-06-12 11:06:00,47.1
2025-06-12 00:04:00,31.7
2025-06-12 01:42:00,41.3
2025-06-12 20:06:00,39.7
2025-06-12 04:12:00,49.927249175694776
2025-06-12 04:21:00,94.6
2025-06-12 15:32:00,6.7
2025-06-12 05:58:00,40.1
2025-06-12 16:16:00,20.6
2025-06-12 15:40:00,94.0
2025-06-12 04:18:00,41.2
2025-06-12 07:06:00,90.3
2025-06-12 17:37:00,77.5
2025-06-12 01:49:00,66.5
2025-06-12 12:11:00,59.4
2025-06-12 21:17:00,50.4
2025-06-12 11:53:00,66.4
2025-06-12 02:38:00,81.7
2025-06-12 00:26:00,80.8
2025-06-12 02:30:00,49.927249175694776
2025-06-12 03:08:00,49.927249175694776
2025-06-12 07:47:00,43.2
2025-06-12 22:16:00,18.9
2025-06-12 15:27:00,48.8
2025-06-12 07:20:00,97.3
2025-06-12 01:03:00,2.7
2025-06-12 03:17:00,98.5
2025-06-12 21:09:00,27.2
2025-06-12 18:30:00,60.5
2025-06-12 16:06:00,3.6
2025-06-12 07:08:00,35.0
2025-06-12 08:38:00,67.4
2025-06-12 07:12:00,82.1
2025-06-12 17:42:00,41.9
2025-06-12 14:06:00,49.927249175694776
2025-06-12 03:54:00,34.6
2025-06-12 07:06:00,69.3
2025-06-12 16:17:00,82.4
2025-06-12 04:29:00,47.6
2025-06-12 07:47:00,20.2
2025-06-12 17:51:00,0.3
2025-06-12 16:07:00,49.927249175694776
2025-06-12 17:19:00,72.2
2025-06-12 17:00:00,31.7
2025-06-12 06:26:00,40.7
2025-06-12 20:33:00,8.0
2025-06-12 17:19:00,4.9
2025-06-12 03:47:00,32.7
2025-06-12 16:47:00,4.5
2025-06-12 14:54:00,61.0
2025-06-12 16:40:00,49.927249175694776
2025-06-12 11:07:00,78.5
2025-06-12 23:40:00,29.0
2025-06-12 21:49:00,77.5
2025-06-12 01:44:00,38.6
2025-06-12 11:00:00,95.5
2025-06-12 16:02:00,11.0
2025-06-12 09:48:00,49.927249175694776
2025-06-12 13:55:00,43.6
2025-06-12 11:55:00,89.7
2025-06-12 12:52:00,49.927249175694776
2025-06-12 14:06:00,76.2
2025-06-12 22:41:00,93.3
2025-06-12 10:10:00,46.0
2025-06-12 08:25:00,49.927249175694776
2025-06-12 22:35:00,45.0
2025-06-12 10:34:00,85.7
2025-06-12 02:41:00,78.4
2025-06-12 02:57:00,92.0
2025-06-12 13:08:00,49.927249175694776
2025-06-12 20:04:00,82.7
2025-06-12 11:45:00,55.9
2025-06-12 06:02:00,61.5
2025-06-12 22:01:00,49.927249175694776
2025-06-12 23:40:00,41.0
2025-06-12 20:13:00,60.0
2025-06-12 22:15:00,64.6
2025-06-12 00:09:00,17.6
2025-06-12 16:19:00,7.3
2025-06-12 01:42:00,67.6
2025-06-12 20:39:00,39.5
2025-06-12 02:29:00,53.6
2025-06-12 00:01:00,49.927249175694776
2025-06-12 15:14:00,88.0
2025-06-12 15:00:00,36.2
2025-06-12 20:11:00,98.3
2025-06-12 08:14:00,9.6
2025-06-12 08:20:00,54.6
2025-06-12 12:19:00,49.927249175694776
2025-06-12 18:47:00,37.4
2025-06-12 09:03:00,96.0
2025-06-12 02:13:00,49.927249175694776
2025-06-12 03:29:00,8.0
2025-06-12 07:31:00,36.3
2025-06-12 02:33:00,49.927249175694776
2025-06-12 07:14:00,33.9
2025-06-12 02:24:00,73.2
2025-06-12 10:08:00,62.7
2025-06-12 15:02:00,97.6
2025-06-12 13:58:00,74.0
2025-06-12 16:27:00,73.7
2025-06-12 03:02:00,1.5
2025-06-12 10:21:00,25.4
2025-06-12 22:44:00,43.5
2025-06-12 22:38:00,25.3
2025-06-12 00:37:00,78.4
2025-06-12 17:23:00,45.6
2025-06-12 13:45:00,2.2
2025-06-12 07:32:00,58.0
2025-06-12 03:15:00,0.7
2025-06-12 20:07:00,28.2
2025-06-12 01:13:00,16.8
2025-06-12 11:45:00,49.927249175694776
2025-06-12 12:34:00,89.3
2025-06-12 03:45:00,49.927249175694776
2025-06-12 15:13:00,49.927249175694776
2025-06-12 20:40:00,6.4
2025-06-12 02:50:00,32.2
2025-06-12 04:55:00,53.9
2025-06-12 06:44:00,16.9
2025-06-12 14:53:00,58.3
2025-06-12 15:44:00,49.927249175694776
2025-06-12 10:12:00,38.3
2025-06-12 06:15:00,6.6
2025-06-12 01:34:00,40.8
2025-06-12 23:22:00,49.927249175694776
2025-06-12 18:30:00,49.927249175694776
2025-06-12 07:12:00,70.3
2025-06-12 17:10:00,25.7
2025-06-12 00:37:00,10.0
2025-06-12 12:42:00,75.8
2025-06-12 11:34:00,97.0
2025-06-12 06:22:00,46.5
2025-06-12 09:33:00,45.9
2025-06-12 09:34:00,48.5
2025-06-12 08:30:00,44.2
2025-06-12 09:30:00,10.0
2025-06-12 05:48:00,37.4
2025-06-12 00:09:00,9.2
2025-06-12 14:47:00,42.6
2025-06-12 22:10:00,19.7
2025-06-12 17:18:00,84.9
2025-06-12 09:40:00,23.8
2025-06-12 00:32:00,15.1
2025-06-12 23:20:00,66.3
2025-06-12 12:43:00,11.8
2025-06-12 17:19:00,30.0
2025-06-12 11:47:00,33.1
2025-06-12 19:34:00,22.4
2025-06-12 02:17:00,72.3
2025-06-12 21:52:00,49.927249175694776
2025-06-12 10:33:00,18.7
2025-06-12 15:32:00,22.6
2025-06-12 05:34:00,25.6
2025-06-12 11:59:00,3.0
2025-06-12 15:24:00,88.3
2025-06-12 10:07:00,49.8
2025-06-12 06:43:00,12.1
2025-06-12 00:49:00,19.2
2025-06-12 02:00:00,37.0
2025-06-12 09:55:00,20.8
2025-06-12 20:47:00,67.1
2025-06-12 02:55:00,98.5
2025-06-12 10:01:00,73.5
2025-06-12 03:23:00,8.3
2025-06-12 20:13:00,33.6
2025-06-12 01:54:00,60.7
2025-06-12 17:40:00,32.9
2025-06-12 20:26:00,4.7
2025-06-12 05:17:00,24.6
2025-06-12 06:53:00,94.8
2025-06-12 11:57:00,94.8
2025-06-12 15:38:00,7.9
2025-06-12 08:52:00,81.7
2025-06-12 06:55:00,49.927249175694776
2025-06-12 16:59:00,41.1
2025-06-12 16:44:00,17.9
2025-06-12 00:00:00,0.1
2025-06-12 06:41:00,86.0
2025-06-12 02:26:00,66.2
2025-06-12 09:40:00,49.927249175694776
2025-06-12 00:01:00,87.7
2025-06-12 05:33:00,73.1
2025-06-12 10:04:00,33.6
2025-06-12 02:29:00,47.4
2025-06-12 23:19:00,47.0
2025-06-12 08:18:00,52.3
2025-06-12 11:35:00,97.1
2025-06-12 22:50:00,4.0
2025-06-12 14:24:00,2.7
2025-06-12 13:40:00,70.5
2025-06-12 23:11:00,31.8
2025-06-12 07:47:00,91.0
2025-06-12 05:57:00,63.6
2025-06-12 15:48:00,26.5
2025-06-12 10:59:00,60.3
2025-06-12 00:33:00,55.8
2025-06-12 16:37:00,32.7
2025-06-12 20:50:00,65.0
2025-06-12 22:15:00,89.2
2025-06-12 15:18:00,49.7
2025-06-12 14:20:00,6.7
2025-06-12 05:18:00,69.0
2025-06-12 17:04:00,19.7
2025-06-12 02:42:00,49.927249175694776
2025-06-12 09:48:00,41.5
2025-06-12 16:40:00,4.2
2025-06-12 04:38:00,44.8
2025-06-12 19:55:00,87.6
2025-06-12 03:46:00,30.0
2025-06-12 13:52:00,94.0
2025-06-12 04:30:00,55.3
2025-06-12 00:18:00,73.1
2025-06-12 05:37:00,31.4
2025-06-12 10:44:00,1.3
2025-06-12 09:53:00,49.927249175694776
2025-06-12 03:48:00,49.927249175694776
2025-06-12 04:04:00,15.4
2025-06-12 12:48:00,3.1
2025-06-12 10:15:00,65.7
2025-06-12 16:11:00,16.3
2025-06-12 13:58:00,2.5
2025-06-12 03:36:00,49.927249175694776
2025-06-12 12:01:00,20.7
2025-06-12 15:50:00,5.7
2025-06-12 17:03:00,22.8
2025-06-12 08:15:00,93.3
2025-06-12 20:23:00,17.2
2025-06-12 19:34:00,40.9
2025-06-12 04:29:00,70.3
2025-06-12 07:51:00,2.8
2025-06-12 22:24:00,12.8
2025-06-12 12:45:00,24.0
2025-06-12 20:23:00,19.7
2025-06-12 18:21:00,9.0
2025-06-12 01:50:00,33.6
2025-06-12 21:10:00,39.9
2025-06-12 17:23:00,77.1
2025-06-12 22:22:00,49.927249175694776
2025-06-12 08:32:00,54.9
2025-06-12 17:12:00,87.3
2025-06-12 14:14:00,30.9
2025-06-12 09:14:00,33.8
2025-06-12 21:45:00,14.8
2025-06-12 08:18:00,52.5
2025-06-12 10:53:00,64.4
2025-06-12 12:01:00,49.72265128325876
2025-06-12 21:06:00,49.72265128325876
2025-06-12 22:32:00,84.0
2025-06-12 15:10:00,0.3
2025-06-12 14:41:00,63.2
2025-06-12 20:34:00,94.3
2025-06-12 10:18:00,62.4
2025-06-12 14:27:00,87.7
2025-06-12 10:52:00,25.6
2025-06-12 20:47:00,9.9
2025-06-12 19:24:00,71.4
2025-06-12 17:37:00,39.5
2025-06-12 17:32:00,49.72265128325876
2025-06-12 17:33:00,98.7
2025-06-12 07:47:00,60.3
2025-06-12 01:32:00,6.8
2025-06-12 18:21:00,2.3
2025-06-12 09:39:00,46.7
2025-06-12 05:06:00,80.3
2025-06-12 12:32:00,49.72265128325876
2025-06-12 09:52:00,13.7
2025-06-12 02:44:00,84.1
2025-06-12 00:21:00,64.1
2025-06-12 00:16:00,49.72265128325876
2025-06-12 06:28:00,49.2
2025-06-12 18:17:00,67.6
2025-06-12 08:16:00,38.4
2025-06-12 00:28:00,57.5
2025-06-12 16:49:00,44.6
2025-06-12 18:46:00,94.2
2025-06-12 22:36:00,49.72265128325876
2025-06-12 12:33:00,76.4
2025-06-12 20:55:00,51.6
2025-06-12 23:18:00,90.6
2025-06-12 15:23:00,74.5
2025-06-12 06:41:00,3.5
2025-06-12 18:39:00,72.3
2025-06-12 22:33:00,49.72265128325876
2025-06-12 14:13:00,0.1
2025-06-12 15:37:00,49.72265128325876
2025-06-12 06:05:00,89.5
2025-06-12 01:22:00,58.7
2025-06-12 02:09:00,85.1
2025-06-12 07:55:00,74.8
2025-06-12 07:45:00,92.4
2025-06-12 03:06:00,0.9
2025-06-12 16:31:00,97.3
2025-06-12 13:08:00,86.3
2025-06-12 10:48:00,80.7
2025-06-12 18:38:00,13.3
2025-06-12 00:27:00,49.72265128325876
2025-06-12 20:36:00,39.7
2025-06-12 17:02:00,45.6
2025-06-12 15:47:00,21.4
2025-06-12 23:50:00,69.5
2025-06-12 11:51:00,6.0
2025-06-12 11:04:00,30.0
2025-06-12 02:13:00,69.0
2025-06-12 05:14:00,40.2
2025-06-12 09:39:00,88.0
2025-06-12 05:04:00,73.6
2025-06-12 17:32:00,8.2
2025-06-12 10:34:00,90.8
2025-06-12 22:12:00,39.9
2025-06-12 15:57:00,49.72265128325876
2025-06-12 14:55:00,82.5
2025-06-12 16:22:00,20.7
2025-06-12 22:48:00,29.8
2025-06-12 05:04:00,79.0
2025-06-12 21:31:00,49.72265128325876
2025-06-12 04:04:00,31.6
2025-06-12 01:44:00,0.6
2025-06-12 09:19:00,10.0
2025-06-12 07:53:00,0.3
2025-06-12 09:02:00,62.5
2025-06-12 22:52:00,17.0
2025-06-12 05:34:00,50.2
2025-06-12 03:23:00,4.7
2025-06-12 11:02:00,77.3
2025-06-12 20:56:00,49.72265128325876
2025-06-12 04:23:00,49.72265128325876
2025-06-12 18:39:00,26.0
2025-06-12 04:10:00,11.4
2025-06-12 04:11:00,85.6
2025-06-12 09:43:00,62.8
2025-06-12 08:44:00,49.72265128325876
2025-06-12 01:51:00,49.72265128325876
2025-06-12 00:45:00,16.7
2025-06-12 01:35:00,15.7
2025-06-12 03:37:00,90.7
2025-06-12 18:58:00,30.7
2025-06-12 11:55:00,28.9
2025-06-12 02:04:00,49.72265128325876
2025-06-12 07:47:00,80.4
2025-06-12 12:17:00,79.1
2025-06-12 20:16:00,14.7
2025-06-12 10:38:00,45.4
2025-06-12 00:10:00,70.7
2025-06-12 14:49:00,86.5
2025-06-12 05:19:00,65.9
2025-06-12 17:00:00,49.0
2025-06-12 19:09:00,71.0
2025-06-12 15:57:00,49.72265128325876
2025-06-12 13:39:00,62.8
2025-06-12 22:05:00,31.7
2025-06-12 17:30:00,49.72265128325876
2025-06-12 02:22:00,74.5
2025-06-12 01:05:00,85.1
2025-06-12 05:14:00,49.72265128325876
2025-06-12 15:03:00,73.8
2025-06-12 12:58:00,49.72265128325876
2025-06-12 21:02:00,60.0
2025-06-12 07:53:00,49.72265128325876
2025-06-12 14:25:00,0.6
2025-06-12 13:00:00,63.3
2025-06-12 17:17:00,67.9
2025-06-12 01:03:00,42.4
2025-06-12 04:13:00,49.72265128325876
2025-06-12 21:32:00,50.0
2025-06-12 00:27:00,99.8
2025-06-12 06:24:00,43.0
2025-06-12 08:53:00,27.5
2025-06-12 10:33:00,52.5
2025-06-12 12:38:00,35.2
2025-06-12 02:51:00,22.7
2025-06-12 03:31:00,62.7
2025-06-12 17:58:00,46.9
2025-06-12 15:59:00,29.5
2025-06-12 09:15:00,94.6
2025-06-12 06:31:00,76.3
2025-06-12 11:29:00,71.5
2025-06-12 20:25:00,49.72265128325876
2025-06-12 19:49:00,1.6
2025-06-12 00:06:00,0.1
2025-06-12 15:19:00,93.4
2025-06-12 18:10:00,30.9
2025-06-12 14:42:00,57.1
2025-06-12 17:52:00,69.7
2025-06-12 11:43:00,37.1
2025-06-12 13:40:00,16.8
2025-06-12 08:57:00,49.72265128325876
2025-06-12 19:38:00,32.1
2025-06-12 21:43:00,41.3
2025-06-12 13:31:00,53.3
2025-06-12 05:16:00,68.1
2025-06-12 00:30:00,59.7
2025-06-12 03:18:00,48.2
2025-06-12 13:09:00,76.6
2025-06-12 11:14:00,71.6
2025-06-12 05:15:00,0.9
2025-06-12 23:57:00,38.8
2025-06-12 09:25:00,24.0
2025-06-12 03:08:00,36.6
2025-06-12 00:23:00,63.1
2025-06-12 19:53:00,81.2
2025-06-12 04:02:00,76.3
2025-06-12 17:52:00,4.6
2025-06-12 02:31:00,47.1
2025-06-12 06:04:00,73.2
2025-06-12 00:27:00,75.7
2025-06-12 00:38:00,95.4
2025-06-12 10:59:00,85.7
2025-06-12 10:22:00,77.9
2025-06-12 00:55:00,62.9
2025-06-12 12:17:00,7.9
2025-06-12 06:51:00,99.3
2025-06-12 14:05:00,39.0
2025-06-12 23:20:00,0.7
2025-06-12 05:36:00,5.1
2025-06-12 02:30:00,12.9
2025-06-12 02:13:00,67.1
2025-06-12 21:53:00,12.1
2025-06-12 23:27:00,85.1
2025-06-12 08:49:00,30.8
2025-06-12 09:41:00,99.5
2025-06-12 16:04:00,22.0
2025-06-12 14:52:00,14.3
2025-06-12 11:18:00,49.1
2025-06-12 05:00:00,61.8
2025-06-12 05:52:00,92.3
2025-06-12 05:44:00,84.6
2025-06-12 10:19:00,89.1
2025-06-12 10:56:00,1.1
2025-06-12 03:11:00,58.6
2025-06-12 01:54:00,48.0
2025-06-12 13:09:00,46.6
2025-06-12 13:52:00,73.4
2025-06-12 20:03:00,1.1
2025-06-12 16:16:00,49.72265128325876
2025-06-12 10:43:00,10.2
2025-06-12 11:00:00,60.9
2025-06-12 17:33:00,46.3
2025-06-12 00:32:00,95.9
2025-06-12 14:51:00,56.6
2025-06-12 19:15:00,62.4
2025-06-12 22:11:00,8.1
2025-06-12 17:43:00,66.4
2025-06-12 20:43:00,0.8
2025-06-12 05:27:00,37.1
2025-06-12 18:36:00,25.3
2025-06-12 04:32:00,0.4
2025-06-12 19:06:00,70.5
2025-06-12 17:10:00,43.3
2025-06-12 14:02:00,54.1
2025-06-12 20:14:00,77.0
2025-06-12 13:39:00,29.3
2025-06-12 11:16:00,49.72265128325876
2025-06-12 13:08:00,44.1
2025-06-12 15:12:00,47.8
2025-06-12 11:27:00,34.8
2025-06-12 01:41:00,47.7
2025-06-12 23:12:00,20.6
2025-06-12 13:10:00,30.3
2025-06-12 15:40:00,13.2
2025-06-12 13:53:00,85.2
2025-06-12 13:25:00,49.72265128325876
2025-06-12 22:57:00,90.3
2025-06-12 19:35:00,18.7
2025-06-12 01:44:00,83.7
2025-06-12 01:38:00,25.8
2025-06-12 04:20:00,88.0
2025-06-12 13:53:00,99.5
2025-06-12 03:30:00,69.6
2025-06-12 06:45:00,61.6
2025-06-12 13:59:00,89.2
2025-06-12 05:50:00,16.9
2025-06-12 08:17:00,27.6
2025-06-12 20:47:00,36.1
2025-06-12 11:51:00,87.5
2025-06-12 12:30:00,58.0
2025-06-12 12:07:00,6.3
2025-06-12 17:24:00,49.72265128325876
2025-06-12 22:12:00,59.9
2025-06-12 23:57:00,9.2
2025-06-12 08:13:00,49.72265128325876
2025-06-12 18:31:00,27.7
2025-06-12 12:08:00,36.6
2025-06-12 07:05:00,65.3
2025-06-12 16:32:00,68.8
2025-06-12 06:18:00,91.0
2025-06-12 12:27:00,62.4
2025-06-12 00:18:00,63.2
2025-06-12 22:18:00,32.1
2025-06-12 19:35:00,80.3
2025-06-12 20:24:00,66.4
2025-06-12 17:55:00,83.1
2025-06-12 19:00:00,3.2
2025-06-12 21:13:00,89.2
2025-06-12 01:04:00,31.6
2025-06-12 05:22:00,21.0
2025-06-12 10:33:00,56.8
2025-06-12 06:46:00,53.8
2025-06-12 19:11:00,72.3
2025-06-12 12:26:00,9.5
2025-06-12 04:19:00,96.7
2025-06-12 20:06:00,63.0
2025-06-12 06:40:00,49.72265128325876
2025-06-12 05:00:00,70.3
2025-06-12 04:56:00,33.7
2025-06-12 20:50:00,58.0
2025-06-12 16:07:00,15.0
2025-06-12 23:55:00,56.0
2025-06-12 02:43:00,50.9
2025-06-12 12:10:00,49.72265128325876
2025-06-12 21:29:00,25.4
2025-06-12 23:10:00,14.5
2025-06-12 12:04:00,81.0
2025-06-12 10:07:00,25.5
2025-06-12 08:26:00,49.72265128325876
2025-06-12 19:26:00,67.1
2025-06-12 18:35:00,49.72265128325876
2025-06-12 07:32:00,48.5
2025-06-12 18:34:00,10.3
2025-06-12 23:48:00,49.72265128325876
2025-06-12 07:19:00,90.4
2025-06-12 09:03:00,70.9
2025-06-12 23:28:00,95.4
2025-06-12 15:47:00,76.7
2025-06-12 05:02:00,2.2
2025-06-12 00:34:00,7.5
2025-06-12 23:29:00,57.7
2025-06-12 19:42:00,50.6
2025-06-12 12:38:00,67.0
2025-06-12 08:51:00,53.1
2025-06-12 12:39:00,10.3
2025-06-12 03:45:00,65.6
2025-06-12 00:45:00,30.3
2025-06-12 01:23:00,72.5
2025-06-12 04:42:00,47.1
2025-06-12 00:42:00,51.3
2025-06-12 09:17:00,4.3
2025-06-12 16:18:00,49.72265128325876
2025-06-12 05:34:00,98.9
2025-06-12 11:21:00,49.72265128325876
2025-06-12 03:57:00,96.7
2025-06-12 09:06:00,76.9
2025-06-12 18:50:00,91.9
2025-06-12 01:55:00,80.5
2025-06-12 03:06:00,84.1
2025-06-12 19:14:00,68.6
2025-06-12 11:25:00,49.2
2025-06-12 03:53:00,24.5
2025-06-12 03:52:00,49.72265128325876
2025-06-12 20:55:00,4.4
2025-06-12 09:42:00,88.3
2025-06-12 14:25:00,49.72265128325876
2025-06-12 10:45:00,38.0
2025-06-12 13:00:00,61.1
2025-06-12 06:50:00,37.9
2025-06-12 10:09:00,78.8
2025-06-12 20:50:00,67.0
2025-06-12 16:29:00,47.8
2025-06-12 23:00:00,49.72265128325876
2025-06-12 15:25:00,49.72265128325876
2025-06-12 09:26:00,96.2
2025-06-12 22:30:00,65.7
2025-06-12 03:26:00,49.72265128325876
2025-06-12 06:46:00,70.2
2025-06-12 03:09:00,14.4
2025-06-12 19:00:00,85.6
2025-06-12 12:18:00,49.72265128325876
2025-06-12 16:16:00,7.4
2025-06-12 00:02:00,70.8
2025-06-12 09:49:00,51.3
2025-06-12 13:54:00,90.7
2025-06-12 18:40:00,26.7
2025-06-12 14:25:00,61.4
2025-06-12 02:37:00,7.5
2025-06-12 07:12:00,75.3
2025-06-12 16:08:00,21.6
2025-06-12 20:02:00,49.72265128325876
2025-06-12 23:02:00,33.2
2025-06-12 00:42:00,83.2
2025-06-12 16:58:00,62.0
2025-06-12 20:09:00,98.8
2025-06-12 15:30:00,27.2
2025-06-12 06:09:00,49.72265128325876
2025-06-12 09:20:00,59.0
2025-06-12 18:13:00,17.8
2025-06-12 18:22:00,22.6
2025-06-12 03:43:00,55.5
2025-06-12 03:23:00,96.3
2025-06-12 01:02:00,37.1
2025-06-12 15:05:00,50.25777465777466
2025-06-12 04:40:00,50.25777465777466
2025-06-12 08:07:00,39.7
2025-06-12 00:40:00,4.0
2025-06-12 23:17:00,57.3
2025-06-12 04:07:00,67.2
2025-06-12 12:47:00,80.5
2025-06-12 04:46:00,50.25777465777466
2025-06-12 14:12:00,50.25777465777466
2025-06-12 08:31:00,58.6
2025-06-12 04:12:00,27.8
2025-06-12 05:03:00,10.4
2025-06-12 10:39:00,33.6
2025-06-12 18:13:00,50.25777465777466
2025-06-12 03:13:00,83.6
2025-06-12 19:45:00,45.3
2025-06-12 20:07:00,97.1
2025-06-12 17:42:00,97.8
2025-06-12 17:35:00,77.1
2025-06-12 10:56:00,40.4
2025-06-12 05:37:00,16.5
2025-06-12 14:06:00,3.4
2025-06-12 10:17:00,44.9
2025-06-12 15:04:00,89.3
2025-06-12 23:26:00,51.5
2025-06-12 13:35:00,45.6
2025-06-12 18:51:00,10.3
2025-06-12 19:33:00,53.7
2025-06-12 17:41:00,64.0
2025-06-12 06:35:00,50.25777465777466
2025-06-12 09:38:00,77.3
2025-06-12 13:05:00,37.4
2025-06-12 05:42:00,75.7
2025-06-12 06:09:00,56.1
2025-06-12 14:52:00,90.3
2025-06-12 18:57:00,48.4
2025-06-12 13:21:00,82.8
2025-06-12 23:54:00,73.0
2025-06-12 22:31:00,92.9
2025-06-12 12:44:00,50.25777465777466
2025-06-12 12:33:00,44.8
2025-06-12 20:11:00,13.9
2025-06-12 17:09:00,36.6
2025-06-12 06:12:00,33.9
2025-06-12 08:42:00,50.25777465777466
2025-06-12 05:50:00,64.3
2025-06-12 08:01:00,93.1
2025-06-12 22:26:00,46.7
2025-06-12 02:37:00,54.9
2025-06-12 01:24:00,10.4
2025-06-12 08:15:00,41.6
2025-06-12 18:32:00,50.25777465777466
2025-06-12 17:30:00,29.7
2025-06-12 00:48:00,98.9
2025-06-12 14:40:00,60.6
2025-06-12 07:19:00,66.5
2025-06-12 21:39:00,89.4
2025-06-12 21:20:00,20.4
2025-06-12 09:15:00,50.25777465777466
2025-06-12 08:10:00,50.25777465777466
2025-06-12 22:04:00,18.7
2025-06-12 20:43:00,50.25777465777466
2025-06-12 12:03:00,16.9
2025-06-12 02:37:00,79.0
2025-06-12 23:03:00,50.25777465777466
2025-06-12 01:31:00,0.7
2025-06-12 15:01:00,30.3
2025-06-12 16:36:00,38.3
2025-06-12 11:14:00,39.7
2025-06-12 13:01:00,44.7
2025-06-12 08:33:00,35.6
2025-06-12 05:52:00,38.0
2025-06-12 00:19:00,50.25777465777466
2025-06-12 02:47:00,77.2
2025-06-12 18:43:00,39.1
2025-06-12 23:48:00,9.1
2025-06-12 12:52:00,44.3
2025-06-12 11:01:00,39.6
2025-06-12 07:11:00,80.6
2025-06-12 18:16:00,50.25777465777466
2025-06-12 18:52:00,50.25777465777466
2025-06-12 01:18:00,9.6
2025-06-12 10:55:00,31.2
2025-06-12 04:04:00,9.8
2025-06-12 13:18:00,50.25777465777466
2025-06-12 06:36:00,15.6
2025-06-12 15:52:00,3.4
2025-06-12 21:19:00,11.5
2025-06-12 20:48:00,45.1
2025-06-12 12:41:00,71.9
2025-06-12 21:42:00,49.3
2025-06-12 05:37:00,71.2
2025-06-12 15:26:00,93.1
2025-06-12 07:45:00,18.5
2025-06-12 15:09:00,19.9
2025-06-12 18:44:00,19.8
2025-06-12 12:21:00,1.4
2025-06-12 00:15:00,89.0
2025-06-12 12:52:00,81.3
2025-06-12 12:56:00,50.7
2025-06-12 22:48:00,68.6
2025-06-12 06:50:00,12.2
2025-06-12 11:45:00,51.8
2025-06-12 12:14:00,44.5
2025-06-12 22:32:00,38.5
2025-06-12 15:35:00,29.5
2025-06-12 08:40:00,1.8
2025-06-12 18:17:00,50.25777465777466
2025-06-12 10:39:00,88.3
2025-06-12 02:31:00,2.1
2025-06-12 18:49:00,19.3
2025-06-12 08:08:00,73.5
2025-06-12 16:39:00,79.3
2025-06-12 09:27:00,62.0
2025-06-12 19:56:00,17.3
2025-06-12 08:13:00,50.25777465777466
2025-06-12 10:33:00,41.8
2025-06-12 17:26:00,23.6
2025-06-12 08:37:00,37.4
2025-06-12 06:21:00,79.6
2025-06-12 09:47:00,97.3
2025-06-12 19:57:00,50.25777465777466
2025-06-12 01:11:00,26.2
2025-06-12 07:45:00,20.6
2025-06-12 22:03:00,95.1
2025-06-12 04:16:00,98.6
2025-06-12 06:25:00,3.4
2025-06-12 18:53:00,91.1
2025-06-12 21:35:00,28.3
2025-06-12 04:10:00,15.3
2025-06-12 21:53:00,75.7
2025-06-12 15:15:00,1.1
2025-06-12 11:13:00,59.5
2025-06-12 04:14:00,3.2
2025-06-12 10:56:00,50.25777465777466
2025-06-12 06:06:00,3.5
2025-06-12 11:06:00,52.8
2025-06-12 06:41:00,69.2
2025-06-12 21:10:00,58.3
2025-06-12 03:24:00,70.7
2025-06-12 16:41:00,0.7
2025-06-12 18:37:00,4.4
2025-06-12 07:24:00,20.1
2025-06-12 18:36:00,29.0
2025-06-12 17:37:00,0.1
2025-06-12 15:14:00,86.8
2025-06-12 12:19:00,10.8
2025-06-12 18:15:00,50.25777465777466
2025-06-12 04:20:00,97.2
2025-06-12 01:47:00,14.8
2025-06-12 15:37:00,84.5
2025-06-12 12:30:00,44.4
2025-06-12 06:37:00,37.2
2025-06-12 17:11:00,29.5
2025-06-12 02:50:00,48.1
2025-06-12 07:14:00,60.7
2025-06-12 16:58:00,50.25777465777466
2025-06-12 11:17:00,53.2
2025-06-12 03:37:00,50.25777465777466
2025-06-12 23:08:00,35.9
2025-06-12 04:48:00,41.5
2025-06-12 09:37:00,72.4
2025-06-12 10:42:00,15.3
2025-06-12 15:13:00,60.7
2025-06-12 06:42:00,28.5
2025-06-12 02:48:00,74.3
2025-06-12 04:27:00,18.1
2025-06-12 06:57:00,41.4
2025-06-12 04:28:00,9.2
2025-06-12 10:52:00,42.7
2025-06-12 01:17:00,47.5
2025-06-12 07:02:00,23.4
2025-06-12 22:53:00,16.3
2025-06-12 06:02:00,42.3
2025-06-12 18:09:00,46.7
2025-06-12 21:00:00,92.8
2025-06-12 08:44:00,74.0
2025-06-12 09:27:00,50.25777465777466
2025-06-12 16:53:00,86.7
2025-06-12 19:44:00,68.5
2025-06-12 05:24:00,86.2
2025-06-12 04:33:00,73.5
2025-06-12 19:48:00,50.3
2025-06-12 16:48:00,82.1
2025-06-12 16:23:00,30.2
2025-06-12 00:56:00,50.25777465777466
2025-06-12 06:18:00,38.4
2025-06-12 07:04:00,43.5
2025-06-12 22:31:00,62.8
2025-06-12 08:14:00,1.0
2025-06-12 01:28:00,77.8
2025-06-12 14:00:00,82.4
2025-06-12 02:08:00,80.3
2025-06-12 08:36:00,25.6
2025-06-12 01:20:00,0.5
2025-06-12 06:55:00,51.4
2025-06-12 12:35:00,27.6
2025-06-12 10:56:00,50.25777465777466
2025-06-12 05:23:00,48.5
2025-06-12 23:17:00,51.1
2025-06-12 12:48:00,66.1
2025-06-12 04:40:00,46.2
2025-06-12 01:09:00,50.25777465777466
2025-06-12 09:06:00,84.7
2025-06-12 17:44:00,50.25777465777466
2025-06-12 14:16:00,73.6
2025-06-12 08:47:00,48.4
2025-06-12 00:29:00,52.4
2025-06-12 20:36:00,10.8
2025-06-12 06:00:00,43.8
2025-06-12 06:40:00,50.25777465777466
2025-06-12 15:00:00,29.7
2025-06-12 18:54:00,10.9
2025-06-12 04:44:00,33.7
2025-06-12 05:04:00,99.0
2025-06-12 07:24:00,31.9
2025-06-12 08:32:00,33.0
2025-06-12 06:32:00,50.25777465777466
2025-06-12 19:02:00,50.25777465777466
2025-06-12 20:25:00,35.8
2025-06-12 15:08:00,24.1
2025-06-12 11:34:00,50.25777465777466
2025-06-12 04:11:00,50.25777465777466
2025-06-12 02:03:00,27.6
2025-06-12 14:49:00,23.5
2025-06-12 19:31:00,35.1
2025-06-12 20:40:00,4.8
2025-06-12 09:21:00,71.0
2025-06-12 20:16:00,99.2
2025-06-12 19:27:00,50.25777465777466
2025-06-12 00:35:00,83.0
2025-06-12 05:30:00,58.7
2025-06-12 19:56:00,6.6
2025-06-12 21:07:00,50.25777465777466
2025-06-12 10:30:00,62.5
2025-06-12 15:55:00,58.4
2025-06-12 23:19:00,53.1
2025-06-12 17:31:00,50.25777465777466
2025-06-12 19:28:00,2.8
2025-06-12 10:40:00,21.1
2025-06-12 20:09:00,50.25777465777466
2025-06-12 02:59:00,45.8
2025-06-12 19:36:00,72.1
2025-06-12 16:02:00,50.25777465777466
2025-06-12 09:28:00,34.9
2025-06-12 19:06:00,72.4
2025-06-12 23:05:00,39.3
2025-06-12 13:40:00,3.2
2025-06-12 18:50:00,75.6
2025-06-12 21:52:00,77.7
2025-06-12 07:11:00,35.9
2025-06-12 12:25:00,50.25777465777466
2025-06-12 00:48:00,33.4
2025-06-12 23:00:00,6.6
2025-06-12 06:33:00,83.7
2025-06-12 05:56:00,21.0
2025-06-12 18:11:00,43.3
2025-06-12 06:38:00,50.25777465777466
2025-06-12 15:46:00,11.3
2025-06-12 22:22:00,50.25777465777466
2025-06-12 09:45:00,6.2
2025-06-12 13:32:00,32.0
2025-06-12 04:36:00,62.2
2025-06-12 23:16:00,70.4
2025-06-12 06:08:00,50.25777465777466
2025-06-12 06:29:00,81.7
2025-06-12 17:57:00,93.1
2025-06-12 05:17:00,34.6
2025-06-12 22:19:00,50.25777465777466
2025-06-12 08:20:00,50.25777465777466
2025-06-12 19:32:00,62.3
2025-06-12 09:29:00,49.7
2025-06-12 23:23:00,2.1
2025-06-12 14:08:00,22.7
2025-06-12 11:42:00,92.9
2025-06-12 23:01:00,24.6
2025-06-12 00:43:00,49.4
2025-06-12 01:56:00,79.8
2025-06-12 00:19:00,74.8
2025-06-12 04:11:00,99.4
2025-06-12 09:07:00,98.0
2025-06-12 09:11:00,62.2
2025-06-12 18:03:00,16.1
2025-06-12 21:26:00,70.2
2025-06-12 19:32:00,70.4
2025-06-12 20:46:00,28.3
2025-06-12 02:25:00,69.8
2025-06-12 07:54:00,25.3
2025-06-12 19:13:00,34.8
2025-06-12 02:27:00,2.3
2025-06-12 01:18:00,44.5
2025-06-12 07:59:00,96.2
2025-06-12 03:41:00,72.6
2025-06-12 17:36:00,74.5
2025-06-12 04:35:00,23.9
2025-06-12 14:46:00,40.9
2025-06-12 10:56:00,80.6
2025-06-12 08:11:00,28.2
2025-06-12 15:06:00,69.4
2025-06-12 05:25:00,50.25777465777466
2025-06-12 21:05:00,29.3
2025-06-12 17:22:00,50.25777465777466
2025-06-12 05:55:00,67.4
2025-06-12 05:25:00,50.25777465777466
2025-06-12 12:08:00,71.9
2025-06-12 20:19:00,15.0
2025-06-12 23:28:00,76.3
2025-06-12 08:29:00,83.8
2025-06-12 01:19:00,58.0
2025-06-12 03:10:00,28.2
2025-06-12 01:21:00,50.25777465777466
2025-06-12 03:28:00,20.3
2025-06-12 10:35:00,36.3
2025-06-12 13:45:00,80.2
2025-06-12 10:11:00,65.5
2025-06-12 01:43:00,84.5
2025-06-12 10:38:00,9.0
2025-06-12 21:19:00,64.2
2025-06-12 04:03:00,8.2
2025-06-12 16:54:00,86.3
2025-06-12 01:36:00,34.7
2025-06-12 15:22:00,50.5
2025-06-12 03:59:00,59.3
2025-06-12 02:37:00,45.4
2025-06-12 11:26:00,77.6
2025-06-12 16:55:00,55.7
2025-06-12 04:23:00,78.1
2025-06-12 04:27:00,50.25777465777466
2025-06-12 11:13:00,50.25777465777466
2025-06-12 16:04:00,68.1
2025-06-12 21:56:00,7.1
2025-06-12 03:21:00,72.5
2025-06-12 05:45:00,50.25777465777466
2025-06-12 19:15:00,52.1
2025-06-12 03:34:00,50.25777465777466
2025-06-12 22:25:00,5.9
2025-06-12 04:33:00,57.3
2025-06-12 01:57:00,35.9
2025-06-12 12:55:00,31.3
2025-06-12 15:03:00,74.5
2025-06-12 12:45:00,50.25777465777466
2025-06-12 07:20:00,69.7
2025-06-12 16:33:00,49.9464552238806
2025-06-12 11:17:00,73.9
2025-06-12 01:59:00,49.5
2025-06-12 23:17:00,34.4
2025-06-12 12:16:00,50.9
2025-06-12 13:14:00,75.1
2025-06-12 08:00:00,49.9464552238806
2025-06-12 02:24:00,25.0
2025-06-12 09:38:00,87.7
2025-06-12 07:22:00,30.6
2025-06-12 14:11:00,49.9464552238806
2025-06-12 01:31:00,54.7
2025-06-12 06:45:00,49.9464552238806
2025-06-12 17:12:00,14.9
2025-06-12 12:04:00,27.6
2025-06-12 16:35:00,14.2
2025-06-12 15:44:00,63.5
2025-06-12 15:18:00,57.6
2025-06-12 10:07:00,96.3
2025-06-12 23:10:00,49.9464552238806
2025-06-12 03:13:00,18.4
2025-06-12 06:20:00,63.9
2025-06-12 07:58:00,55.6
2025-06-12 12:21:00,28.5
2025-06-12 21:51:00,49.9464552238806
2025-06-12 07:04:00,20.2
2025-06-12 22:28:00,49.9464552238806
2025-06-12 06:13:00,66.3
2025-06-12 00:44:00,49.9464552238806
2025-06-12 17:43:00,5.6
2025-06-12 13:53:00,78.1
2025-06-12 19:14:00,92.1
2025-06-12 06:31:00,49.9464552238806
2025-06-12 15:15:00,10.7
2025-06-12 07:34:00,25.6
2025-06-12 17:23:00,60.6
2025-06-12 02:38:00,11.1
2025-06-12 07:50:00,9.0
2025-06-12 09:25:00,37.8
2025-06-12 00:35:00,63.2
2025-06-12 00:03:00,47.6
2025-06-12 13:38:00,11.2
2025-06-12 23:28:00,79.7
2025-06-12 09:06:00,38.3
2025-06-12 08:37:00,33.7
2025-06-12 01:56:00,25.9
2025-06-12 16:55:00,49.9464552238806
2025-06-12 04:12:00,82.7
2025-06-12 09:07:00,62.1
2025-06-12 10:48:00,8.9
2025-06-12 13:34:00,62.1
2025-06-12 16:52:00,29.3
2025-06-12 06:54:00,62.0
2025-06-12 05:37:00,45.3
2025-06-12 13:45:00,24.3
2025-06-12 16:55:00,49.9464552238806
2025-06-12 17:25:00,11.1
2025-06-12 07:55:00,38.3
2025-06-12 22:58:00,49.2
2025-06-12 08:53:00,7.0
2025-06-12 15:40:00,72.5
2025-06-12 16:01:00,81.5
2025-06-12 00:37:00,56.2
2025-06-12 04:58:00,53.1
2025-06-12 04:26:00,57.1
2025-06-12 10:53:00,23.4
2025-06-12 19:22:00,49.9464552238806
2025-06-12 10:55:00,23.8
2025-06-12 09:09:00,100.0
2025-06-12 09:35:00,73.0
2025-06-12 22:44:00,11.7
2025-06-12 10:52:00,24.2
2025-06-12 01:44:00,82.0
2025-06-12 23:07:00,68.4
2025-06-12 11:24:00,92.4
2025-06-12 19:37:00,49.9464552238806
2025-06-12 20:41:00,33.2
2025-06-12 22:34:00,26.5
2025-06-12 09:52:00,58.2
2025-06-12 10:02:00,10.6
2025-06-12 04:54:00,73.5
2025-06-12 10:01:00,73.3
2025-06-12 16:32:00,91.1
2025-06-12 23:45:00,19.0
2025-06-12 00:48:00,49.9464552238806
2025-06-12 15:10:00,1.9
2025-06-12 22:48:00,49.9464552238806
2025-06-12 11:32:00,49.9464552238806
2025-06-12 15:17:00,19.9
2025-06-12 16:40:00,80.6
2025-06-12 16:27:00,27.6
2025-06-12 04:54:00,49.9464552238806
2025-06-12 10:10:00,3.6
2025-06-12 19:59:00,17.4
2025-06-12 04:34:00,89.6
2025-06-12 08:49:00,40.8
2025-06-12 15:28:00,48.8
2025-06-12 15:07:00,36.8
2025-06-12 03:00:00,36.1
2025-06-12 02:23:00,20.0
2025-06-12 12:30:00,5.1
2025-06-12 22:00:00,64.4
2025-06-12 05:11:00,19.2
2025-06-12 12:46:00,84.6
2025-06-12 12:01:00,61.2
2025-06-12 23:39:00,38.5
2025-06-12 23:37:00,49.9464552238806
2025-06-12 18:46:00,49.9464552238806
2025-06-12 17:47:00,49.9464552238806
2025-06-12 01:39:00,30.4
2025-06-12 06:51:00,49.9464552238806
2025-06-12 06:09:00,12.6
2025-06-12 05:27:00,92.5
2025-06-12 16:38:00,95.6
2025-06-12 07:54:00,61.9
2025-06-12 10:27:00,2.2
2025-06-12 18:34:00,70.3
2025-06-12 13:17:00,6.6
2025-06-12 06:03:00,17.2
2025-06-12 07:41:00,64.2
2025-06-12 07:42:00,44.5
2025-06-12 00:08:00,85.2
2025-06-12 08:29:00,100.0
2025-06-12 10:07:00,49.9464552238806
2025-06-12 23:54:00,66.3
2025-06-12 19:14:00,49.9464552238806
2025-06-12 06:01:00,37.1
2025-06-12 09:54:00,51.6
2025-06-12 06:58:00,91.7
2025-06-12 00:18:00,49.9464552238806
2025-06-12 16:38:00,76.5
2025-06-12 17:22:00,93.6
2025-06-12 13:11:00,17.4
2025-06-12 09:30:00,49.9464552238806
2025-06-12 04:56:00,82.1
2025-06-12 14:20:00,46.2
2025-06-12 12:26:00,49.9464552238806
2025-06-12 07:02:00,37.3
2025-06-12 18:41:00,49.9464552238806
2025-06-12 16:15:00,49.9464552238806
2025-06-12 01:45:00,49.9464552238806
2025-06-12 17:58:00,17.0
2025-06-12 06:33:00,73.3
2025-06-12 13:57:00,33.0
2025-06-12 01:50:00,60.7
2025-06-12 03:30:00,65.7
2025-06-12 02:48:00,49.9464552238806
2025-06-12 03:25:00,22.4
2025-06-12 14:17:00,32.0
2025-06-12 03:25:00,85.6
2025-06-12 01:09:00,74.8
2025-06-12 05:21:00,64.9
2025-06-12 14:37:00,49.9464552238806
2025-06-12 18:54:00,49.9464552238806
2025-06-12 03:30:00,3.7
2025-06-12 18:51:00,74.4
2025-06-12 13:35:00,47.8
2025-06-12 06:29:00,26.3
2025-06-12 19:42:00,90.5
2025-06-12 07:11:00,44.0
2025-06-12 02:09:00,71.0
2025-06-12 06:20:00,56.9
2025-06-12 10:55:00,96.5
2025-06-12 07:22:00,6.2
2025-06-12 00:14:00,12.2
2025-06-12 02:46:00,55.1
2025-06-12 15:53:00,96.3
2025-06-12 17:49:00,8.2
2025-06-12 18:40:00,49.9464552238806
2025-06-12 21:00:00,12.5
2025-06-12 16:20:00,43.6
2025-06-12 13:27:00,27.1
2025-06-12 14:49:00,85.3
2025-06-12 01:07:00,46.2
2025-06-12 23:08:00,68.8
2025-06-12 20:18:00,74.9
2025-06-12 14:42:00,49.9464552238806
2025-06-12 06:33:00,38.2
2025-06-12 09:39:00,75.2
2025-06-12 19:49:00,49.9464552238806
2025-06-12 09:23:00,42.8
2025-06-12 15:10:00,49.9464552238806
2025-06-12 06:21:00,84.3
2025-06-12 08:35:00,46.7
2025-06-12 16:14:00,91.9
2025-06-12 00:14:00,60.6
2025-06-12 01:01:00,15.6
2025-06-12 16:57:00,49.9464552238806
2025-06-12 02:23:00,74.4
2025-06-12 13:22:00,41.6
2025-06-12 06:47:00,54.1
2025-06-12 20:20:00,18.6
2025-06-12 17:11:00,37.2
2025-06-12 01:24:00,1.8
2025-06-12 08:27:00,89.5
2025-06-12 14:52:00,49.9464552238806
2025-06-12 05:43:00,49.9464552238806
2025-06-12 23:51:00,99.6
2025-06-12 16:15:00,45.9
2025-06-12 12:35:00,49.9464552238806
2025-06-12 06:53:00,68.6
2025-06-12 01:53:00,89.2
2025-06-12 06:10:00,52.7
2025-06-12 15:54:00,84.9
2025-06-12 00:56:00,50.7
2025-06-12 11:39:00,23.1
2025-06-12 00:34:00,49.9464552238806
2025-06-12 01:06:00,40.7
2025-06-12 21:33:00,24.0
2025-06-12 22:50:00,36.7
2025-06-12 21:46:00,12.3
2025-06-12 06:45:00,71.5
2025-06-12 04:53:00,98.6
2025-06-12 22:44:00,49.9464552238806
2025-06-12 10:46:00,94.3
2025-06-12 13:18:00,83.2
2025-06-12 17:18:00,55.2
2025-06-12 23:17:00,76.3
2025-06-12 09:49:00,49.9464552238806
2025-06-12 03:21:00,92.8
2025-06-12 21:03:00,55.4
2025-06-12 19:17:00,76.7
2025-06-12 11:13:00,33.4
2025-06-12 07:37:00,96.3
2025-06-12 17:26:00,49.9464552238806
2025-06-12 23:02:00,12.0
2025-06-12 05:33:00,65.4
2025-06-12 12:36:00,74.8
2025-06-12 22:20:00,21.2
2025-06-12 03:38:00,43.3
2025-06-12 10:21:00,0.2
2025-06-12 22:46:00,49.9464552238806
2025-06-12 06:33:00,14.1
2025-06-12 16:44:00,37.8
2025-06-12 15:54:00,59.0
2025-06-12 14:16:00,50.9
2025-06-12 20:09:00,82.1
2025-06-12 13:35:00,34.1
2025-06-12 20:19:00,49.9464552238806
2025-06-12 14:48:00,68.2
2025-06-12 09:34:00,39.6
2025-06-12 05:15:00,34.9
2025-06-12 13:01:00,64.8
2025-06-12 22:21:00,51.3
2025-06-12 17:57:00,0.9
2025-06-12 09:52:00,67.2
2025-06-12 10:52:00,71.9
2025-06-12 16:51:00,54.8
2025-06-12 21:47:00,56.0
2025-06-12 06:19:00,49.9464552238806
2025-06-12 09:44:00,76.8
2025-06-12 19:11:00,16.4
2025-06-12 10:39:00,11.3
2025-06-12 05:24:00,45.5
2025-06-12 06:01:00,49.9464552238806
2025-06-12 13:43:00,22.2
2025-06-12 03:04:00,89.0
2025-06-12 22:41:00,4.4
2025-06-12 08:46:00,19.2
2025-06-12 05:20:00,2.6
2025-06-12 18:29:00,49.9464552238806
2025-06-12 12:38:00,19.7
2025-06-12 07:17:00,49.9464552238806
2025-06-12 15:12:00,2.1
2025-06-12 07:26:00,72.4
2025-06-12 09:31:00,11.9
2025-06-12 06:23:00,91.3
2025-06-12 15:16:00,70.5
2025-06-12 15:22:00,8.3
2025-06-12 08:41:00,18.1
2025-06-12 00:00:00,94.5
2025-06-12 02:37:00,49.1
2025-06-12 06:17:00,96.1
2025-06-12 03:24:00,13.1
2025-06-12 05:55:00,47.2
2025-06-12 17:29:00,94.8
2025-06-12 13:50:00,6.6
2025-06-12 07:23:00,68.3
2025-06-12 09:42:00,49.9464552238806
2025-06-12 14:26:00,17.7
2025-06-12 09:34:00,7.1
2025-06-12 18:56:00,49.9464552238806
2025-06-12 04:32:00,49.9464552238806
2025-06-12 12:38:00,68.0
2025-06-12 11:05:00,88.1
2025-06-12 19:30:00,2.0
2025-06-12 20:39:00,49.9464552238806
2025-06-12 17:03:00,36.3
2025-06-12 23:02:00,99.3
2025-06-12 15:09:00,34.5
2025-06-12 19:29:00,46.2
2025-06-12 19:14:00,45.2
2025-06-12 16:46:00,35.6
2025-06-12 02:21:00,49.9464552238806
2025-06-12 20:41:00,49.9464552238806
2025-06-12 09:06:00,77.6
2025-06-12 07:17:00,20.9
2025-06-12 22:32:00,49.9464552238806
2025-06-12 05:02:00,11.2
2025-06-12 06:32:00,45.8
2025-06-12 16:31:00,78.2
2025-06-12 14:41:00,45.6
2025-06-12 19:53:00,49.9464552238806
2025-06-12 17:47:00,48.2
2025-06-12 03:22:00,30.5
2025-06-12 06:40:00,19.3
2025-06-12 05:51:00,89.5
2025-06-12 18:25:00,49.9464552238806
2025-06-12 13:36:00,22.1
2025-06-12 01:47:00,67.1
2025-06-12 15:31:00,5.3
2025-06-12 10:44:00,25.7
2025-06-12 03:03:00,30.7
2025-06-12 07:09:00,52.7
2025-06-12 02:51:00,27.4
2025-06-12 17:40:00,8.3
2025-06-12 01:50:00,67.6
2025-06-12 03:43:00,39.3
2025-06-12 02:42:00,68.9
2025-06-12 15:47:00,99.1
2025-06-12 03:38:00,97.0
2025-06-12 21:38:00,57.6
2025-06-12 17:17:00,85.6
2025-06-12 18:44:00,55.3
2025-06-12 00:48:00,66.8
2025-06-12 15:41:00,49.9464552238806
2025-06-12 17:48:00,11.4
2025-06-12 21:46:00,94.7
2025-06-12 15:21:00,49.9464552238806
2025-06-12 17:04:00,78.2
2025-06-12 07:39:00,99.0
2025-06-12 17:17:00,15.6
2025-06-12 02:59:00,1.5
2025-06-12 15:30:00,49.9464552238806
2025-06-12 14:21:00,15.7
2025-06-12 23:11:00,57.4
2025-06-12 16:42:00,98.2
2025-06-12 22:05:00,49.742524640779
2025-06-12 21:26:00,96.1
2025-06-12 11:03:00,64.5
2025-06-12 16:48:00,66.8
2025-06-12 16:47:00,11.5
2025-06-12 03:35:00,49.742524640779
2025-06-12 23:37:00,12.5
2025-06-12 16:50:00,32.2
2025-06-12 11:27:00,21.7
2025-06-12 23:49:00,78.2
2025-06-12 02:53:00,40.1
2025-06-12 01:43:00,61.7
2025-06-12 07:47:00,70.7
2025-06-12 10:10:00,83.4
2025-06-12 03:26:00,10.0
2025-06-12 00:48:00,28.0
2025-06-12 02:12:00,24.4
2025-06-12 13:15:00,21.3
2025-06-12 09:07:00,49.742524640779
2025-06-12 01:09:00,49.742524640779
2025-06-12 13:28:00,68.2
2025-06-12 07:14:00,49.742524640779
2025-06-12 22:57:00,19.2
2025-06-12 14:32:00,70.4
2025-06-12 17:03:00,2.4
2025-06-12 13:44:00,26.9
2025-06-12 20:09:00,66.0
2025-06-12 09:27:00,42.6
2025-06-12 01:43:00,79.1
2025-06-12 00:09:00,13.3
2025-06-12 08:10:00,81.9
2025-06-12 18:05:00,58.2
2025-06-12 18:38:00,14.3
2025-06-12 06:47:00,30.9
2025-06-12 13:57:00,86.2
2025-06-12 06:34:00,99.0
2025-06-12 21:58:00,84.8
2025-06-12 20:06:00,46.5
2025-06-12 00:04:00,35.3
2025-06-12 21:06:00,50.9
2025-06-12 12:55:00,49.2
2025-06-12 10:32:00,42.8
2025-06-12 13:47:00,65.5
2025-06-12 07:29:00,32.3
2025-06-12 18:51:00,50.7
2025-06-12 19:35:00,4.6
2025-06-12 10:11:00,54.0
2025-06-12 07:35:00,49.742524640779
2025-06-12 12:05:00,30.9
2025-06-12 13:21:00,49.742524640779
2025-06-12 05:08:00,12.2
2025-06-12 08:12:00,43.9
2025-06-12 02:00:00,12.2
2025-06-12 17:46:00,49.742524640779
2025-06-12 15:04:00,53.9
2025-06-12 10:21:00,92.8
2025-06-12 21:45:00,56.9
2025-06-12 16:39:00,0.7
2025-06-12 08:42:00,11.1
2025-06-12 11:27:00,11.8
2025-06-12 00:44:00,22.5
2025-06-12 06:51:00,96.2
2025-06-12 16:43:00,33.3
2025-06-12 13:44:00,82.1
2025-06-12 21:57:00,28.9
2025-06-12 08:19:00,49.742524640779
2025-06-12 04:23:00,99.9
2025-06-12 15:17:00,49.742524640779
2025-06-12 02:31:00,1.1
2025-06-12 20:16:00,8.2
2025-06-12 22:15:00,49.742524640779
2025-06-12 22:32:00,46.2
2025-06-12 13:01:00,53.4
2025-06-12 19:59:00,38.9
2025-06-12 09:35:00,74.5
2025-06-12 13:27:00,85.1
2025-06-12 10:29:00,42.4
2025-06-12 23:06:00,46.7
2025-06-12 23:08:00,15.4
2025-06-12 04:51:00,46.6
2025-06-12 22:35:00,49.742524640779
2025-06-12 16:05:00,6.8
2025-06-12 21:01:00,24.4
2025-06-12 01:30:00,50.1
2025-06-12 18:19:00,9.6
2025-06-12 13:01:00,22.3
2025-06-12 03:41:00,67.7
2025-06-12 02:18:00,92.9
2025-06-12 05:32:00,24.0
2025-06-12 10:47:00,70.7
2025-06-12 13:57:00,23.3
2025-06-12 13:57:00,78.0
2025-06-12 10:41:00,28.0
2025-06-12 21:51:00,7.6
2025-06-12 09:09:00,31.9
2025-06-12 13:07:00,49.742524640779
2025-06-12 10:39:00,48.4
2025-06-12 10:53:00,39.0
2025-06-12 18:38:00,73.8
2025-06-12 00:37:00,17.8
2025-06-12 07:27:00,49.742524640779
2025-06-12 17:24:00,61.6
2025-06-12 17:06:00,35.1
2025-06-12 07:11:00,92.2
2025-06-12 19:59:00,1.6
2025-06-12 10:07:00,96.0
2025-06-12 19:44:00,78.4
2025-06-12 04:05:00,90.3
2025-06-12 13:17:00,88.6
2025-06-12 14:55:00,69.9
2025-06-12 17:57:00,17.7
2025-06-12 21:58:00,57.1
2025-06-12 13:47:00,59.3
2025-06-12 23:53:00,42.6
2025-06-12 17:13:00,60.2
2025-06-12 21:38:00,16.8
2025-06-12 09:09:00,31.9
2025-06-12 03:05:00,26.6
2025-06-12 09:46:00,25.0
2025-06-12 13:23:00,40.1
2025-06-12 19:04:00,67.9
2025-06-12 12:53:00,2.8
2025-06-12 17:59:00,71.1
2025-06-12 22:33:00,20.8
2025-06-12 21:03:00,45.7
2025-06-12 02:08:00,49.742524640779
2025-06-12 11:59:00,10.5
2025-06-12 03:22:00,82.6
2025-06-12 19:52:00,38.1
2025-06-12 22:09:00,48.4
2025-06-12 14:03:00,87.8
2025-06-12 21:12:00,88.6
2025-06-12 17:06:00,42.8
2025-06-12 04:23:00,27.0
2025-06-12 11:36:00,2.4
2025-06-12 20:48:00,49.742524640779
2025-06-12 10:00:00,69.4
2025-06-12 16:21:00,66.7
2025-06-12 07:18:00,25.8
2025-06-12 16:37:00,53.0
2025-06-12 09:40:00,32.3
2025-06-12 19:46:00,49.742524640779
2025-06-12 13:18:00,54.2
2025-06-12 06:06:00,39.6
2025-06-12 15:21:00,80.4
2025-06-12 22:54:00,12.7
2025-06-12 05:27:00,7.8
2025-06-12 01:43:00,93.4
2025-06-12 17:25:00,32.4
2025-06-12 03:24:00,46.1
2025-06-12 09:41:00,49.742524640779
2025-06-12 08:55:00,7.1
2025-06-12 15:33:00,5.5
2025-06-12 21:08:00,71.5
2025-06-12 06:07:00,6.4
2025-06-12 02:09:00,34.1
2025-06-12 12:11:00,55.6
2025-06-12 11:54:00,57.7
2025-06-12 17:35:00,48.0
2025-06-12 05:09:00,49.742524640779
2025-06-12 01:46:00,39.8
2025-06-12 18:22:00,95.2
2025-06-12 02:25:00,87.4
2025-06-12 01:30:00,49.742524640779
2025-06-12 03:47:00,68.1
2025-06-12 15:11:00,86.9
2025-06-12 08:39:00,50.8
2025-06-12 19:05:00,38.5
2025-06-12 14:48:00,85.0
2025-06-12 04:18:00,54.2
2025-06-12 04:35:00,20.0
2025-06-12 04:29:00,73.5
2025-06-12 11:42:00,19.0
2025-06-12 06:09:00,0.2
2025-06-12 07:37:00,27.2
2025-06-12 16:10:00,13.0
2025-06-12 09:27:00,57.6
2025-06-12 13:08:00,76.0
2025-06-12 19:20:00,79.2
2025-06-12 08:54:00,82.1
2025-06-12 09:42:00,71.3
2025-06-12 20:29:00,12.3
2025-06-12 18:03:00,85.0
2025-06-12 08:18:00,14.8
2025-06-12 20:22:00,49.5
2025-06-12 05:53:00,31.3
2025-06-12 05:33:00,87.3
2025-06-12 23:33:00,53.0
2025-06-12 07:14:00,82.9
2025-06-12 01:10:00,35.9
2025-06-12 14:21:00,78.9
2025-06-12 13:44:00,17.0
2025-06-12 04:23:00,69.9
2025-06-12 07:14:00,49.742524640779
2025-06-12 19:34:00,39.5
2025-06-12 03:44:00,21.3
2025-06-12 14:36:00,81.3
2025-06-12 12:35:00,57.0
2025-06-12 07:57:00,0.7
2025-06-12 13:46:00,49.742524640779
2025-06-12 13:39:00,52.1
2025-06-12 21:10:00,20.8
2025-06-12 10:23:00,61.7
2025-06-12 06:05:00,22.9
2025-06-12 18:01:00,49.742524640779
2025-06-12 13:04:00,29.1
2025-06-12 11:27:00,20.7
2025-06-12 01:52:00,91.7
2025-06-12 21:43:00,35.6
2025-06-12 07:06:00,46.1
2025-06-12 10:03:00,49.742524640779
2025-06-12 09:44:00,70.5
2025-06-12 06:13:00,98.3
2025-06-12 11:40:00,13.3
2025-06-12 03:21:00,4.1
2025-06-12 20:27:00,69.0
2025-06-12 23:38:00,70.6
2025-06-12 05:56:00,49.742524640779
2025-06-12 17:00:00,99.3
2025-06-12 23:36:00,93.1
2025-06-12 07:08:00,95.6
2025-06-12 22:23:00,49.742524640779
2025-06-12 23:47:00,49.742524640779
2025-06-12 09:38:00,31.0
2025-06-12 06:05:00,13.6
2025-06-12 19:19:00,49.742524640779
2025-06-12 03:53:00,45.5
2025-06-12 05:02:00,61.4
2025-06-12 10:07:00,92.5
2025-06-12 22:18:00,32.1
2025-06-12 11:51:00,36.0
2025-06-12 08:27:00,44.4
2025-06-12 22:21:00,89.5
2025-06-12 03:33:00,89.5
2025-06-12 11:49:00,1.7
2025-06-12 20:51:00,75.3
2025-06-12 05:28:00,3.1
2025-06-12 16:34:00,25.2
2025-06-12 02:46:00,52.8
2025-06-12 23:01:00,49.742524640779
2025-06-12 05:04:00,42.0
2025-06-12 01:34:00,62.3
2025-06-12 14:39:00,69.2
2025-06-12 04:54:00,36.3
2025-06-12 13:38:00,47.4
2025-06-12 01:02:00,49.742524640779
2025-06-12 18:46:00,23.4
2025-06-12 16:35:00,59.1
2025-06-12 21:52:00,40.1
2025-06-12 00:04:00,89.5
2025-06-12 22:37:00,49.742524640779
2025-06-12 19:36:00,1.1
2025-06-12 15:53:00,96.6
2025-06-12 08:46:00,56.4
2025-06-12 09:41:00,47.6
2025-06-12 07:47:00,12.4
2025-06-12 06:45:00,68.2
2025-06-12 00:41:00,53.9
2025-06-12 13:33:00,49.742524640779
2025-06-12 03:53:00,10.9
2025-06-12 04:42:00,49.742524640779
2025-06-12 03:58:00,3.3
2025-06-12 13:18:00,87.2
2025-06-12 19:40:00,1.0
2025-06-12 17:55:00,17.3
2025-06-12 23:25:00,49.742524640779
2025-06-12 08:11:00,57.3
2025-06-12 21:20:00,49.742524640779
2025-06-12 08:19:00,11.7
2025-06-12 17:22:00,92.3
2025-06-12 22:14:00,5.0
2025-06-12 18:00:00,71.6
2025-06-12 15:29:00,29.4
2025-06-12 22:46:00,62.5
2025-06-12 15:35:00,8.8
2025-06-12 06:32:00,56.0
2025-06-12 14:12:00,90.0
2025-06-12 02:44:00,52.8
2025-06-12 16:36:00,37.9
2025-06-12 03:37:00,6.6
2025-06-12 09:47:00,48.0
2025-06-12 12:06:00,85.5
2025-06-12 08:41:00,30.3
2025-06-12 06:09:00,28.0
2025-06-12 19:31:00,26.4
2025-06-12 18:12:00,49.742524640779
2025-06-12 05:43:00,49.742524640779
2025-06-12 11:27:00,20.2
2025-06-12 17:49:00,49.0
2025-06-12 13:50:00,49.742524640779
2025-06-12 16:06:00,46.9
2025-06-12 21:04:00,67.9
2025-06-12 13:16:00,20.0
2025-06-12 17:27:00,53.0
2025-06-12 00:12:00,98.2
2025-06-12 09:40:00,49.742524640779
2025-06-12 13:22:00,71.7
2025-06-12 20:49:00,38.7
2025-06-12 15:31:00,70.0
2025-06-12 08:46:00,49.742524640779
2025-06-12 01:26:00,22.7
2025-06-12 17:27:00,2.7
2025-06-12 03:53:00,63.5
2025-06-12 06:40:00,61.1
2025-06-12 07:43:00,83.8
2025-06-12 08:56:00,41.0
2025-06-12 12:57:00,65.4
2025-06-12 20:08:00,76.2
2025-06-12 07:23:00,49.742524640779
2025-06-12 08:23:00,72.4
2025-06-12 03:14:00,24.5
2025-06-12 11:54:00,11.4
2025-06-12 08:27:00,78.4
2025-06-12 16:21:00,49.742524640779
2025-06-12 04:43:00,49.742524640779
2025-06-12 16:13:00,62.1
2025-06-12 01:22:00,88.6
2025-06-12 01:59:00,49.742524640779
2025-06-12 23:13:00,15.6
2025-06-12 20:31:00,11.9
2025-06-12 15:23:00,10.4
2025-06-12 04:54:00,28.7
2025-06-12 02:58:00,7.6
2025-06-12 13:55:00,40.2
2025-06-12 11:34:00,49.742524640779
2025-06-12 05:57:00,68.9
2025-06-12 22:24:00,93.2
2025-06-12 02:39:00,60.7
2025-06-12 03:59:00,6.5
2025-06-12 12:12:00,74.4
2025-06-12 09:00:00,50.1
2025-06-12 19:00:00,49.742524640779
2025-06-12 18:17:00,7.2
2025-06-12 16:52:00,6.7
2025-06-12 10:29:00,60.2
2025-06-12 00:19:00,96.6
2025-06-12 17:52:00,64.7
2025-06-12 01:28:00,97.8
2025-06-12 17:42:00,0.0
2025-06-12 19:57:00,13.2
2025-06-12 18:48:00,95.7
2025-06-12 18:20:00,50.09606761356967
2025-06-12 09:31:00,5.9
2025-06-12 11:35:00,50.09606761356967
2025-06-12 06:50:00,44.9
2025-06-12 15:28:00,77.9
2025-06-12 03:12:00,50.09606761356967
2025-06-12 09:00:00,47.7
2025-06-12 05:31:00,42.1
2025-06-12 20:11:00,21.5
2025-06-12 03:21:00,75.7
2025-06-12 06:02:00,1.8
2025-06-12 11:11:00,70.0
2025-06-12 08:41:00,70.6
2025-06-12 23:17:00,45.2
2025-06-12 21:38:00,19.9
2025-06-12 13:09:00,50.09606761356967
2025-06-12 12:36:00,50.09606761356967
2025-06-12 16:09:00,84.1
2025-06-12 12:29:00,17.0
2025-06-12 13:32:00,53.3
2025-06-12 08:08:00,59.5
2025-06-12 10:24:00,32.5
2025-06-12 01:20:00,42.6
2025-06-12 02:43:00,57.6
2025-06-12 15:38:00,42.5
2025-06-12 15:36:00,59.7
2025-06-12 10:04:00,38.0
2025-06-12 17:38:00,35.5
2025-06-12 16:39:00,70.6
2025-06-12 08:55:00,69.7
2025-06-12 15:41:00,70.6
2025-06-12 02:59:00,50.09606761356967
2025-06-12 23:22:00,3.7
2025-06-12 16:02:00,66.5
2025-06-12 09:15:00,49.9
2025-06-12 07:35:00,94.8
2025-06-12 03:51:00,60.8
2025-06-12 07:47:00,9.7
2025-06-12 21:14:00,50.09606761356967
2025-06-12 07:06:00,33.6
2025-06-12 23:41:00,80.7
2025-06-12 15:10:00,11.6
2025-06-12 11:49:00,86.0
2025-06-12 11:50:00,10.3
2025-06-12 16:06:00,29.6
2025-06-12 04:24:00,50.09606761356967
2025-06-12 00:23:00,34.5
2025-06-12 21:44:00,70.6
2025-06-12 20:52:00,64.7
2025-06-12 09:18:00,56.0
2025-06-12 07:04:00,7.5
2025-06-12 08:43:00,32.6
2025-06-12 22:52:00,38.0
2025-06-12 23:31:00,13.6
2025-06-12 14:46:00,31.7
2025-06-12 02:18:00,34.2
2025-06-12 12:05:00,17.9
2025-06-12 10:45:00,48.6
2025-06-12 11:35:00,81.9
2025-06-12 00:31:00,50.09606761356967
2025-06-12 11:18:00,94.2
2025-06-12 21:42:00,38.4
2025-06-12 15:52:00,73.4
2025-06-12 18:18:00,74.9
2025-06-12 05:34:00,53.3
2025-06-12 00:16:00,34.7
2025-06-12 16:41:00,6.1
2025-06-12 06:48:00,83.0
2025-06-12 16:02:00,3.0
2025-06-12 03:51:00,99.7
2025-06-12 19:37:00,57.5
2025-06-12 01:34:00,29.2
2025-06-12 14:22:00,3.5
2025-06-12 08:49:00,21.9
2025-06-12 23:42:00,68.0
2025-06-12 17:17:00,18.7
2025-06-12 18:50:00,48.5
2025-06-12 05:23:00,94.3
2025-06-12 22:12:00,55.4
2025-06-12 20:16:00,50.09606761356967
2025-06-12 06:07:00,24.6
2025-06-12 13:00:00,29.0
2025-06-12 05:42:00,50.09606761356967
2025-06-12 09:49:00,99.0
2025-06-12 10:47:00,96.4
2025-06-12 05:18:00,47.6
2025-06-12 09:52:00,2.8
2025-06-12 03:15:00,91.5
2025-06-12 09:52:00,60.5
2025-06-12 21:53:00,17.2
2025-06-12 10:48:00,19.2
2025-06-12 07:02:00,50.09606761356967
2025-06-12 05:48:00,37.6
2025-06-12 03:33:00,79.9
2025-06-12 14:55:00,13.1
2025-06-12 19:27:00,92.8
2025-06-12 10:57:00,80.2
2025-06-12 02:06:00,72.1
2025-06-12 23:55:00,97.2
2025-06-12 09:31:00,54.4
2025-06-12 23:46:00,51.6
2025-06-12 17:59:00,50.09606761356967
2025-06-12 23:33:00,26.3
2025-06-12 00:46:00,50.09606761356967
2025-06-12 07:09:00,47.7
2025-06-12 07:06:00,79.0
2025-06-12 16:46:00,60.6
2025-06-12 03:12:00,89.4
2025-06-12 17:13:00,41.6
2025-06-12 20:43:00,19.0
2025-06-12 01:56:00,56.8
2025-06-12 21:04:00,26.1
2025-06-12 01:47:00,81.7
2025-06-12 18:18:00,45.0
2025-06-12 07:53:00,24.3
2025-06-12 00:18:00,69.4
2025-06-12 00:24:00,85.0
2025-06-12 04:11:00,53.4
2025-06-12 15:18:00,32.9
2025-06-12 17:23:00,6.8
2025-06-12 18:23:00,59.7
2025-06-12 17:34:00,88.7
2025-06-12 17:31:00,70.9
2025-06-12 12:08:00,46.3
2025-06-12 15:34:00,68.7
2025-06-12 09:06:00,50.09606761356967
2025-06-12 03:22:00,3.1
2025-06-12 10:42:00,50.09606761356967
2025-06-12 04:03:00,57.4
2025-06-12 00:11:00,37.8
2025-06-12 05:17:00,50.09606761356967
2025-06-12 22:49:00,43.7
2025-06-12 19:35:00,5.0
2025-06-12 21:41:00,9.2
2025-06-12 02:46:00,38.9
2025-06-12 01:51:00,61.8
2025-06-12 13:03:00,23.7
2025-06-12 00:04:00,50.09606761356967
2025-06-12 14:18:00,26.6
2025-06-12 19:33:00,47.3
2025-06-12 04:27:00,50.09606761356967
2025-06-12 13:31:00,5.6
2025-06-12 09:10:00,63.6
2025-06-12 15:15:00,69.5
2025-06-12 19:17:00,50.09606761356967
2025-06-12 02:39:00,31.8
2025-06-12 14:43:00,6.0
2025-06-12 12:48:00,50.09606761356967
2025-06-12 19:40:00,79.5
2025-06-12 20:34:00,21.3
2025-06-12 12:24:00,70.7
2025-06-12 18:59:00,50.09606761356967
2025-06-12 10:46:00,71.8
2025-06-12 16:05:00,33.1
2025-06-12 17:00:00,14.8
2025-06-12 13:44:00,51.3
2025-06-12 19:51:00,54.5
2025-06-12 02:02:00,17.0
2025-06-12 19:11:00,27.3
2025-06-12 09:32:00,91.0
2025-06-12 12:48:00,43.0
2025-06-12 01:19:00,77.8
2025-06-12 21:16:00,57.9
2025-06-12 19:14:00,63.6
2025-06-12 02:47:00,12.6
2025-06-12 00:33:00,24.5
2025-06-12 19:28:00,26.2
2025-06-12 06:49:00,50.09606761356967
2025-06-12 01:06:00,83.3
2025-06-12 10:30:00,44.9
2025-06-12 14:29:00,50.09606761356967
2025-06-12 22:50:00,69.2
2025-06-12 04:27:00,39.0
2025-06-12 11:39:00,8.8
2025-06-12 04:43:00,35.2
2025-06-12 17:53:00,77.9
2025-06-12 19:31:00,59.4
2025-06-12 12:24:00,97.7
2025-06-12 02:18:00,87.1
2025-06-12 12:20:00,85.8
2025-06-12 07:48:00,30.0
2025-06-12 18:33:00,50.09606761356967
2025-06-12 09:21:00,96.6
2025-06-12 11:34:00,57.2
2025-06-12 23:11:00,29.4
2025-06-12 08:26:00,2.0
2025-06-12 04:48:00,18.8
2025-06-12 14:24:00,12.8
2025-06-12 17:06:00,80.8
2025-06-12 20:09:00,34.7
2025-06-12 21:35:00,31.1
2025-06-12 13:49:00,83.3
2025-06-12 20:55:00,24.7
2025-06-12 22:39:00,63.4
2025-06-12 21:43:00,59.8
2025-06-12 08:34:00,13.1
2025-06-12 01:14:00,50.2
2025-06-12 06:30:00,82.9
2025-06-12 13:20:00,50.09606761356967
2025-06-12 21:55:00,17.4
2025-06-12 19:38:00,47.5
2025-06-12 15:15:00,69.8
2025-06-12 02:59:00,2.1
2025-06-12 03:23:00,50.09606761356967
2025-06-12 02:55:00,3.3
2025-06-12 10:31:00,84.8
2025-06-12 07:02:00,89.2
2025-06-12 19:31:00,68.8
2025-06-12 05:08:00,29.9
2025-06-12 14:41:00,3.5
2025-06-12 11:58:00,38.9
2025-06-12 06:34:00,56.1
2025-06-12 02:29:00,46.9
2025-06-12 09:53:00,37.5
2025-06-12 03:42:00,2.1
2025-06-12 02:58:00,59.4
2025-06-12 09:20:00,50.09606761356967
2025-06-12 10:58:00,50.09606761356967
2025-06-12 02:11:00,51.4
2025-06-12 05:52:00,29.3
2025-06-12 19:31:00,4.5
2025-06-12 18:53:00,75.1
2025-06-12 04:25:00,98.8
2025-06-12 06:38:00,92.6
2025-06-12 07:58:00,50.09606761356967
2025-06-12 08:43:00,41.5
2025-06-12 09:15:00,50.09606761356967
2025-06-12 12:04:00,38.3
2025-06-12 12:07:00,50.09606761356967
2025-06-12 00:09:00,15.9
2025-06-12 04:39:00,43.2
2025-06-12 04:36:00,25.4
2025-06-12 02:54:00,71.8
2025-06-12 00:48:00,69.5
2025-06-12 11:57:00,72.7
2025-06-12 22:23:00,76.9
2025-06-12 17:22:00,26.4
2025-06-12 05:19:00,15.3
2025-06-12 00:45:00,5.6
2025-06-12 05:35:00,45.3
2025-06-12 23:47:00,1.5
2025-06-12 00:38:00,51.9
2025-06-12 17:47:00,33.7
2025-06-12 18:49:00,1.7
2025-06-12 14:30:00,14.5
2025-06-12 18:03:00,83.9
2025-06-12 10:29:00,2.4
2025-06-12 16:55:00,25.6
2025-06-12 07:48:00,60.7
2025-06-12 16:49:00,50.09606761356967
2025-06-12 05:02:00,35.8
2025-06-12 22:08:00,50.09606761356967
2025-06-12 19:54:00,14.2
2025-06-12 05:28:00,75.9
2025-06-12 18:24:00,30.4
2025-06-12 20:06:00,24.3
2025-06-12 02:56:00,72.1
2025-06-12 19:34:00,62.5
2025-06-12 08:21:00,8.0
2025-06-12 19:02:00,40.9
2025-06-12 23:43:00,79.9
2025-06-12 00:09:00,95.2
2025-06-12 07:47:00,50.09606761356967
2025-06-12 06:21:00,50.09606761356967
2025-06-12 08:26:00,16.7
2025-06-12 12:10:00,70.4
2025-06-12 10:42:00,26.4
2025-06-12 02:43:00,56.8
2025-06-12 23:15:00,25.3
2025-06-12 19:49:00,82.1
2025-06-12 03:55:00,3.4
2025-06-12 07:51:00,4.1
2025-06-12 00:41:00,50.09606761356967
2025-06-12 22:31:00,10.5
2025-06-12 19:33:00,12.1
2025-06-12 14:07:00,50.09606761356967
2025-06-12 06:45:00,98.5
2025-06-12 23:02:00,85.3
2025-06-12 10:17:00,60.4
2025-06-12 00:34:00,51.4
2025-06-12 10:46:00,60.3
2025-06-12 18:36:00,83.9
2025-06-12 02:36:00,38.8
2025-06-12 06:43:00,70.5
2025-06-12 21:09:00,97.4
2025-06-12 19:47:00,16.7
2025-06-12 06:31:00,2.2
2025-06-12 17:16:00,62.9
2025-06-12 15:34:00,43.9
2025-06-12 21:56:00,60.2
2025-06-12 01:07:00,50.09606761356967
2025-06-12 09:16:00,57.8
2025-06-12 17:21:00,50.09606761356967
2025-06-12 20:42:00,80.2
2025-06-12 13:18:00,93.2
2025-06-12 07:39:00,50.09606761356967
2025-06-12 17:12:00,50.09606761356967
2025-06-12 05:33:00,78.6
2025-06-12 12:42:00,10.8
2025-06-12 14:06:00,50.09606761356967
2025-06-12 18:31:00,74.4
2025-06-12 10:04:00,50.09606761356967
2025-06-12 10:29:00,32.1
2025-06-12 15:08:00,25.5
2025-06-12 11:52:00,98.7
2025-06-12 18:11:00,50.09606761356967
2025-06-12 02:51:00,89.6
2025-06-12 15:17:00,92.7
2025-06-12 23:22:00,50.09606761356967
2025-06-12 12:17:00,4.0
2025-06-12 16:53:00,50.09606761356967
2025-06-12 17:19:00,33.0
2025-06-12 16:48:00,78.2
2025-06-12 16:30:00,37.3
2025-06-12 01:01:00,92.6
2025-06-12 06:18:00,35.7
2025-06-12 18:48:00,33.3
2025-06-12 11:48:00,32.1
2025-06-12 22:32:00,17.7
2025-06-12 20:05:00,39.6
2025-06-12 00:04:00,94.1
2025-06-12 16:26:00,6.3
2025-06-12 17:40:00,22.0
2025-06-12 09:42:00,10.1
2025-06-12 20:55:00,30.5
2025-06-12 08:05:00,50.09606761356967
2025-06-12 15:04:00,11.1
2025-06-12 15:27:00,74.9
2025-06-12 07:48:00,46.6
2025-06-12 08:39:00,49.952608030142464
2025-06-12 03:18:00,52.6
2025-06-12 01:15:00,83.6
2025-06-12 08:07:00,7.2
2025-06-12 09:25:00,22.0
2025-06-12 15:34:00,11.1
2025-06-12 13:16:00,91.6
2025-06-12 11:07:00,69.7
2025-06-12 19:58:00,24.3
2025-06-12 15:07:00,24.5
2025-06-12 15:29:00,60.7
2025-06-12 06:33:00,49.952608030142464
2025-06-12 15:50:00,49.952608030142464
2025-06-12 02:47:00,20.4
2025-06-12 12:32:00,98.3
2025-06-12 22:53:00,86.9
2025-06-12 09:15:00,42.9
2025-06-12 06:42:00,60.5
2025-06-12 02:01:00,76.6
2025-06-12 00:44:00,56.1
2025-06-12 09:11:00,20.9
2025-06-12 20:20:00,17.4
2025-06-12 13:21:00,49.952608030142464
2025-06-12 02:23:00,47.8
2025-06-12 07:25:00,49.952608030142464
2025-06-12 19:05:00,11.9
2025-06-12 16:25:00,66.8
2025-06-12 17:12:00,9.3
2025-06-12 03:11:00,42.1
2025-06-12 23:05:00,49.952608030142464
2025-06-12 13:04:00,65.9
2025-06-12 14:41:00,35.0
2025-06-12 15:06:00,95.5
2025-06-12 00:03:00,72.7
2025-06-12 20:02:00,60.8
2025-06-12 20:04:00,54.7
2025-06-12 14:22:00,49.952608030142464
2025-06-12 05:44:00,10.0
2025-06-12 09:46:00,27.4
2025-06-12 09:52:00,67.6
2025-06-12 05:58:00,86.9
2025-06-12 18:42:00,49.952608030142464
2025-06-12 12:39:00,19.2
2025-06-12 12:20:00,51.9
2025-06-12 03:23:00,39.9
2025-06-12 22:03:00,99.1
2025-06-12 05:14:00,49.952608030142464
2025-06-12 20:46:00,16.7
2025-06-12 07:31:00,49.952608030142464
2025-06-12 18:20:00,22.7
2025-06-12 05:17:00,52.2
2025-06-12 12:22:00,49.952608030142464
2025-06-12 11:21:00,49.952608030142464
2025-06-12 18:13:00,62.9
2025-06-12 17:50:00,14.5
2025-06-12 12:49:00,60.3
2025-06-12 17:12:00,42.5
2025-06-12 19:32:00,61.5
2025-06-12 05:43:00,56.2
2025-06-12 23:28:00,92.7
2025-06-12 23:44:00,75.2
2025-06-12 19:33:00,49.952608030142464
2025-06-12 10:19:00,8.8
2025-06-12 10:56:00,59.8
2025-06-12 07:20:00,94.6
2025-06-12 04:46:00,66.2
2025-06-12 01:22:00,87.2
2025-06-12 09:30:00,5.8
2025-06-12 10:38:00,47.1
2025-06-12 06:31:00,15.1
2025-06-12 19:44:00,22.7
2025-06-12 07:02:00,15.9
2025-06-12 22:19:00,34.8
2025-06-12 08:05:00,69.0
2025-06-12 03:42:00,36.5
2025-06-12 12:45:00,51.3
2025-06-12 07:23:00,91.4
2025-06-12 18:20:00,40.3
2025-06-12 22:37:00,33.9
2025-06-12 11:31:00,30.0
2025-06-12 06:59:00,10.1
2025-06-12 16:33:00,27.3
2025-06-12 01:40:00,12.7
2025-06-12 18:34:00,81.8
2025-06-12 04:36:00,60.3
2025-06-12 19:00:00,46.0
2025-06-12 13:57:00,59.3
2025-06-12 02:26:00,30.0
2025-06-12 08:56:00,85.3
2025-06-12 10:57:00,65.9
2025-06-12 03:53:00,62.2
2025-06-12 18:55:00,49.952608030142464
2025-06-12 00:04:00,55.3
2025-06-12 16:46:00,24.7
2025-06-12 07:01:00,79.3
2025-06-12 18:15:00,62.2
2025-06-12 08:24:00,17.5
2025-06-12 00:38:00,29.3
2025-06-12 14:01:00,63.3
2025-06-12 10:40:00,26.6
2025-06-12 05:41:00,81.6
2025-06-12 08:13:00,55.9
2025-06-12 06:57:00,95.9
2025-06-12 02:07:00,16.9
2025-06-12 21:24:00,78.1
2025-06-12 13:37:00,32.5
2025-06-12 19:36:00,9.6
2025-06-12 22:20:00,13.8
2025-06-12 09:25:00,49.952608030142464
2025-06-12 15:24:00,49.952608030142464
2025-06-12 09:10:00,87.9
2025-06-12 04:27:00,39.5
2025-06-12 18:36:00,94.1
2025-06-12 14:21:00,62.8
2025-06-12 05:53:00,92.5
2025-06-12 22:47:00,8.5
2025-06-12 14:12:00,77.3
2025-06-12 10:41:00,49.952608030142464
2025-06-12 21:13:00,48.5
2025-06-12 22:46:00,55.5
2025-06-12 20:02:00,96.0
2025-06-12 19:31:00,76.2
2025-06-12 15:21:00,22.1
2025-06-12 04:26:00,86.0
2025-06-12 09:20:00,54.5
2025-06-12 23:13:00,19.3
2025-06-12 20:47:00,30.5
2025-06-12 09:43:00,24.2
2025-06-12 19:04:00,19.2
2025-06-12 02:36:00,67.2
2025-06-12 08:00:00,85.1
2025-06-12 01:13:00,83.0
2025-06-12 08:51:00,47.0
2025-06-12 10:29:00,26.0
2025-06-12 14:46:00,49.952608030142464
2025-06-12 04:03:00,76.6
2025-06-12 14:21:00,68.3
2025-06-12 17:00:00,49.952608030142464
2025-06-12 22:27:00,54.7
2025-06-12 02:47:00,68.6
2025-06-12 03:57:00,31.0
2025-06-12 15:15:00,23.2
2025-06-12 11:34:00,54.5
2025-06-12 02:03:00,20.2
2025-06-12 00:24:00,86.2
2025-06-12 07:00:00,13.0
2025-06-12 08:42:00,49.952608030142464
2025-06-12 02:16:00,9.6
2025-06-12 05:39:00,13.8
2025-06-12 22:42:00,41.6
2025-06-12 18:22:00,88.3
2025-06-12 14:25:00,55.2
2025-06-12 01:18:00,10.6
2025-06-12 10:40:00,95.8
2025-06-12 04:57:00,92.2
2025-06-12 08:25:00,24.7
2025-06-12 22:59:00,84.6
2025-06-12 05:47:00,7.3
2025-06-12 03:43:00,71.9
2025-06-12 01:02:00,32.1
2025-06-12 23:29:00,32.8
2025-06-12 19:55:00,79.2
2025-06-12 06:18:00,36.4
2025-06-12 17:27:00,96.9
2025-06-12 18:49:00,23.5
2025-06-12 01:36:00,66.1
2025-06-12 15:00:00,15.7
2025-06-12 22:14:00,65.3
2025-06-12 17:54:00,51.9
2025-06-12 18:03:00,68.3
2025-06-12 13:54:00,84.6
2025-06-12 17:35:00,57.9
2025-06-12 17:56:00,15.1
2025-06-12 11:21:00,12.6
2025-06-12 09:19:00,89.9
2025-06-12 18:08:00,0.9
2025-06-12 18:23:00,3.6
2025-06-12 06:03:00,27.9
2025-06-12 04:50:00,92.1
2025-06-12 19:46:00,1.5
2025-06-12 01:31:00,9.7
2025-06-12 14:17:00,49.952608030142464
2025-06-12 22:40:00,38.0
2025-06-12 04:59:00,69.6
2025-06-12 10:33:00,50.7
2025-06-12 02:45:00,79.3
2025-06-12 04:09:00,93.0
2025-06-12 18:28:00,85.0
2025-06-12 04:30:00,91.7
2025-06-12 20:56:00,82.8
2025-06-12 04:40:00,59.7
2025-06-12 10:41:00,54.6
2025-06-12 22:45:00,49.952608030142464
2025-06-12 18:46:00,35.0
2025-06-12 18:37:00,58.3
2025-06-12 15:36:00,49.952608030142464
2025-06-12 21:54:00,27.3
2025-06-12 04:46:00,16.5
2025-06-12 15:14:00,95.1
2025-06-12 09:57:00,83.7
2025-06-12 03:00:00,49.952608030142464
2025-06-12 00:29:00,49.952608030142464
2025-06-12 04:51:00,17.1
2025-06-12 11:44:00,69.0
2025-06-12 11:18:00,58.4
2025-06-12 03:25:00,42.2
2025-06-12 07:41:00,94.8
2025-06-12 22:28:00,66.8
2025-06-12 02:11:00,49.952608030142464
2025-06-12 21:05:00,0.6
2025-06-12 20:36:00,88.9
2025-06-12 17:39:00,87.2
2025-06-12 23:29:00,30.7
2025-06-12 18:36:00,49.952608030142464
2025-06-12 02:54:00,70.2
2025-06-12 16:29:00,49.952608030142464
2025-06-12 03:25:00,20.1
2025-06-12 00:58:00,49.952608030142464
2025-06-12 02:08:00,85.1
2025-06-12 19:03:00,48.6
2025-06-12 11:58:00,49.952608030142464
2025-06-12 02:24:00,77.3
2025-06-12 08:00:00,49.7
2025-06-12 18:59:00,34.5
2025-06-12 15:15:00,29.8
2025-06-12 15:03:00,88.3
2025-06-12 22:57:00,76.2
2025-06-12 00:05:00,49.952608030142464
2025-06-12 15:44:00,35.7
2025-06-12 19:55:00,64.1
2025-06-12 11:20:00,25.2
2025-06-12 18:53:00,27.9
2025-06-12 19:47:00,34.1
2025-06-12 12:51:00,27.8
2025-06-12 02:04:00,49.952608030142464
2025-06-12 08:52:00,99.3
2025-06-12 15:06:00,45.4
2025-06-12 18:27:00,5.0
2025-06-12 22:16:00,49.952608030142464
2025-06-12 20:52:00,49.952608030142464
2025-06-12 01:09:00,87.0
2025-06-12 16:54:00,50.8
2025-06-12 18:39:00,21.5
2025-06-12 02:16:00,48.0
2025-06-12 22:33:00,42.4
2025-06-12 04:14:00,27.9
2025-06-12 00:29:00,71.3
2025-06-12 17:01:00,49.952608030142464
2025-06-12 10:05:00,38.2
2025-06-12 19:43:00,49.952608030142464
2025-06-12 02:12:00,4.7
2025-06-12 02:41:00,49.952608030142464
2025-06-12 21:38:00,49.952608030142464
2025-06-12 11:47:00,49.952608030142464
2025-06-12 21:57:00,22.1
2025-06-12 21:09:00,15.5
2025-06-12 08:17:00,6.9
2025-06-12 13:51:00,34.8
2025-06-12 10:32:00,84.7
2025-06-12 05:47:00,50.1
2025-06-12 16:53:00,95.5
2025-06-12 12:51:00,49.952608030142464
2025-06-12 02:37:00,79.5
2025-06-12 01:30:00,70.2
2025-06-12 15:02:00,0.7
2025-06-12 07:28:00,5.4
2025-06-12 20:35:00,9.6
2025-06-12 10:56:00,36.7
2025-06-12 02:47:00,49.952608030142464
2025-06-12 05:26:00,10.3
2025-06-12 05:31:00,12.0
2025-06-12 21:54:00,57.6
2025-06-12 16:07:00,77.6
2025-06-12 04:14:00,83.7
2025-06-12 04:48:00,10.5
2025-06-12 09:05:00,76.1
2025-06-12 16:24:00,49.952608030142464
2025-06-12 20:47:00,11.7
2025-06-12 18:56:00,27.2
2025-06-12 10:39:00,85.9
2025-06-12 15:35:00,24.9
2025-06-12 21:25:00,85.1
2025-06-12 17:56:00,87.1
2025-06-12 00:16:00,5.9
2025-06-12 12:30:00,45.7
2025-06-12 20:19:00,88.0
2025-06-12 12:13:00,49.952608030142464
2025-06-12 17:51:00,84.3
2025-06-12 18:07:00,21.5
2025-06-12 08:07:00,84.2
2025-06-12 18:48:00,14.2
2025-06-12 20:33:00,3.7
2025-06-12 06:56:00,79.6
2025-06-12 08:22:00,18.7
2025-06-12 02:48:00,20.6
2025-06-12 01:13:00,63.1
2025-06-12 03:32:00,28.4
2025-06-12 16:25:00,17.2
2025-06-12 21:18:00,49.952608030142464
2025-06-12 08:14:00,12.2
2025-06-12 03:07:00,47.7
2025-06-12 14:08:00,77.6
2025-06-12 03:52:00,28.1
2025-06-12 03:10:00,61.4
2025-06-12 00:07:00,82.0
2025-06-12 15:39:00,32.9
2025-06-12 09:37:00,97.9
2025-06-12 18:13:00,29.2
2025-06-12 06:41:00,50.21640523646657
2025-06-12 21:30:00,27.3
2025-06-12 16:21:00,50.21640523646657
2025-06-12 17:38:00,50.21640523646657
2025-06-12 17:00:00,40.3
2025-06-12 02:53:00,93.0
2025-06-12 14:21:00,82.4
2025-06-12 05:45:00,29.4
2025-06-12 18:41:00,59.0
2025-06-12 02:41:00,8.2
2025-06-12 19:55:00,64.1
2025-06-12 00:51:00,93.0
2025-06-12 06:36:00,90.5
2025-06-12 21:20:00,26.0
2025-06-12 15:23:00,76.1
2025-06-12 16:55:00,78.8
2025-06-12 21:42:00,69.5
2025-06-12 15:24:00,18.9
2025-06-12 00:19:00,38.3
2025-06-12 15:47:00,7.8
2025-06-12 13:26:00,55.6
2025-06-12 22:17:00,66.5
2025-06-12 04:26:00,18.8
2025-06-12 00:22:00,91.0
2025-06-12 18:10:00,93.6
2025-06-12 22:14:00,50.21640523646657
2025-06-12 15:50:00,50.21640523646657
2025-06-12 21:34:00,92.1
2025-06-12 21:37:00,97.7
2025-06-12 01:38:00,1.4
2025-06-12 01:51:00,36.8
2025-06-12 18:21:00,16.4
2025-06-12 04:32:00,50.21640523646657
2025-06-12 21:55:00,82.9
2025-06-12 04:27:00,76.5
2025-06-12 00:58:00,34.2
2025-06-12 20:08:00,94.4
2025-06-12 20:11:00,50.21640523646657
2025-06-12 10:52:00,80.4
2025-06-12 09:55:00,50.21640523646657
2025-06-12 03:00:00,97.9
2025-06-12 15:23:00,54.1
2025-06-12 13:29:00,86.4
2025-06-12 00:38:00,76.4
2025-06-12 10:04:00,50.21640523646657
2025-06-12 23:37:00,99.2
2025-06-12 18:39:00,68.1
2025-06-12 20:52:00,4.6
2025-06-12 02:12:00,36.9
2025-06-12 14:03:00,50.21640523646657
2025-06-12 11:03:00,77.8
2025-06-12 08:17:00,11.2
2025-06-12 19:42:00,91.1
2025-06-12 14:37:00,9.6
2025-06-12 13:35:00,50.21640523646657
2025-06-12 06:20:00,26.5
2025-06-12 04:27:00,44.2
2025-06-12 23:09:00,44.6
2025-06-12 05:23:00,34.4
2025-06-12 21:42:00,50.21640523646657
2025-06-12 03:08:00,36.1
2025-06-12 11:11:00,50.21640523646657
2025-06-12 23:30:00,40.3
2025-06-12 07:41:00,19.0
2025-06-12 15:38:00,52.7
2025-06-12 00:31:00,66.7
2025-06-12 14:33:00,83.1
2025-06-12 03:07:00,16.8
2025-06-12 12:40:00,41.1
2025-06-12 12:20:00,50.21640523646657
2025-06-12 22:13:00,17.1
2025-06-12 21:20:00,82.0
2025-06-12 08:07:00,55.2
2025-06-12 14:25:00,9.4
2025-06-12 03:19:00,50.21640523646657
2025-06-12 01:02:00,50.21640523646657
2025-06-12 01:10:00,26.8
2025-06-12 11:36:00,50.21640523646657
2025-06-12 23:16:00,70.2
2025-06-12 23:32:00,60.0
2025-06-12 00:03:00,64.0
2025-06-12 00:27:00,31.5
2025-06-12 06:08:00,75.9
2025-06-12 22:53:00,71.5
2025-06-12 09:42:00,92.7
2025-06-12 10:29:00,35.2
2025-06-12 00:27:00,50.21640523646657
2025-06-12 08:24:00,40.8
2025-06-12 22:18:00,46.6
2025-06-12 05:12:00,81.1
2025-06-12 03:14:00,75.1
2025-06-12 23:17:00,50.21640523646657
2025-06-12 21:41:00,50.21640523646657
2025-06-12 11:58:00,50.21640523646657
2025-06-12 19:00:00,54.8
2025-06-12 11:12:00,30.2
2025-06-12 13:36:00,18.8
2025-06-12 18:12:00,13.4
2025-06-12 03:39:00,50.21640523646657
2025-06-12 12:21:00,51.6
2025-06-12 06:59:00,11.9
2025-06-12 06:21:00,30.9
2025-06-12 03:18:00,97.4
2025-06-12 17:18:00,81.8
2025-06-12 19:16:00,70.3
2025-06-12 21:24:00,98.3
2025-06-12 22:51:00,24.6
2025-06-12 10:55:00,30.8
2025-06-12 19:03:00,57.0
2025-06-12 02:03:00,40.0
2025-06-12 17:38:00,42.4
2025-06-12 16:41:00,30.6
2025-06-12 01:20:00,21.5
2025-06-12 18:21:00,50.21640523646657
2025-06-12 05:14:00,90.3
2025-06-12 13:12:00,23.5
2025-06-12 19:39:00,72.9
2025-06-12 06:28:00,50.21640523646657
2025-06-12 15:54:00,44.3
2025-06-12 16:17:00,60.4
2025-06-12 00:22:00,50.2
2025-06-12 19:23:00,0.1
2025-06-12 19:25:00,28.9
2025-06-12 16:43:00,50.21640523646657
2025-06-12 11:49:00,36.1
2025-06-12 09:50:00,50.21640523646657
2025-06-12 00:33:00,68.0
2025-06-12 05:09:00,50.21640523646657
2025-06-12 16:48:00,36.0
2025-06-12 00:38:00,10.3
2025-06-12 18:52:00,97.5
2025-06-12 08:28:00,76.1
2025-06-12 08:09:00,14.6
2025-06-12 11:13:00,10.1
2025-06-12 13:51:00,11.9
2025-06-12 16:53:00,91.6
2025-06-12 01:59:00,56.1
2025-06-12 03:09:00,67.4
2025-06-12 07:36:00,50.21640523646657
2025-06-12 15:39:00,3.6
2025-06-12 14:12:00,47.6
2025-06-12 11:33:00,12.8
2025-06-12 07:01:00,50.21640523646657
2025-06-12 17:01:00,84.1
2025-06-12 00:05:00,50.21640523646657
2025-06-12 20:21:00,81.4
2025-06-12 08:46:00,94.7
2025-06-12 10:36:00,50.21640523646657
2025-06-12 04:52:00,50.21640523646657
2025-06-12 14:48:00,71.5
2025-06-12 19:55:00,83.7
2025-06-12 02:17:00,89.6
2025-06-12 16:37:00,51.8
2025-06-12 12:54:00,63.7
2025-06-12 12:04:00,50.21640523646657
2025-06-12 06:46:00,82.2
2025-06-12 21:24:00,70.1
2025-06-12 13:33:00,59.0
2025-06-12 21:48:00,33.4
2025-06-12 16:27:00,76.2
2025-06-12 03:41:00,27.6
2025-06-12 05:09:00,50.21640523646657
2025-06-12 17:09:00,88.9
2025-06-12 21:18:00,37.4
2025-06-12 16:22:00,61.0
2025-06-12 06:56:00,40.9
2025-06-12 00:30:00,2.6
2025-06-12 14:36:00,82.3
2025-06-12 23:36:00,79.7
2025-06-12 21:16:00,26.5
2025-06-12 08:58:00,50.21640523646657
2025-06-12 22:41:00,58.8
2025-06-12 07:07:00,60.3
2025-06-12 19:11:00,65.2
2025-06-12 06:13:00,50.21640523646657
2025-06-12 03:13:00,24.0
2025-06-12 16:26:00,67.6
2025-06-12 03:18:00,84.2
2025-06-12 17:46:00,9.4
2025-06-12 04:17:00,22.8
2025-06-12 01:21:00,45.0
2025-06-12 11:07:00,2.1
2025-06-12 01:45:00,42.1
2025-06-12 07:48:00,7.3
2025-06-12 01:32:00,50.21640523646657
2025-06-12 20:31:00,17.7
2025-06-12 05:32:00,13.6
2025-06-12 22:53:00,80.1
2025-06-12 15:44:00,50.6
2025-06-12 23:27:00,62.6
2025-06-12 09:03:00,97.6
2025-06-12 21:44:00,75.4
2025-06-12 05:44:00,83.1
2025-06-12 22:51:00,73.5
2025-06-12 02:02:00,96.9
2025-06-12 01:20:00,66.4
2025-06-12 08:24:00,61.7
2025-06-12 22:26:00,6.0
2025-06-12 17:58:00,5.8
2025-06-12 03:55:00,24.5
2025-06-12 10:47:00,50.21640523646657
2025-06-12 17:45:00,50.21640523646657
2025-06-12 19:50:00,50.21640523646657
2025-06-12 04:11:00,87.0
2025-06-12 19:35:00,64.1
2025-06-12 09:14:00,38.3
2025-06-12 06:57:00,46.0
2025-06-12 12:24:00,3.6
2025-06-12 18:10:00,92.6
2025-06-12 05:58:00,24.2
2025-06-12 02:00:00,34.7
2025-06-12 21:52:00,48.9
2025-06-12 15:22:00,72.1
2025-06-12 19:45:00,16.0
2025-06-12 16:22:00,2.1
2025-06-12 07:57:00,64.3
2025-06-12 06:41:00,67.4
2025-06-12 08:05:00,78.1
2025-06-12 09:01:00,50.21640523646657
2025-06-12 12:46:00,54.4
2025-06-12 15:30:00,11.4
2025-06-12 12:40:00,50.21640523646657
2025-06-12 18:08:00,85.2
2025-06-12 01:37:00,46.6
2025-06-12 22:53:00,50.21640523646657
2025-06-12 18:21:00,14.1
2025-06-12 03:35:00,60.1
2025-06-12 09:02:00,18.6
2025-06-12 01:35:00,70.8
2025-06-12 02:52:00,5.4
2025-06-12 23:19:00,31.5
2025-06-12 20:59:00,58.1
2025-06-12 19:36:00,42.8
2025-06-12 01:07:00,46.9
2025-06-12 17:24:00,3.7
2025-06-12 10:31:00,9.8
2025-06-12 05:02:00,98.3
2025-06-12 21:49:00,12.0
2025-06-12 15:29:00,81.3
2025-06-12 09:02:00,67.2
2025-06-12 16:17:00,36.6
2025-06-12 03:24:00,97.6
2025-06-12 07:16:00,22.4
2025-06-12 14:34:00,31.6
2025-06-12 19:01:00,50.21640523646657
2025-06-12 21:21:00,76.2
2025-06-12 06:46:00,36.6
2025-06-12 15:10:00,4.5
2025-06-12 15:59:00,63.9
2025-06-12 13:19:00,41.1
2025-06-12 13:41:00,40.1
2025-06-12 07:09:00,50.21640523646657
2025-06-12 03:56:00,90.4
2025-06-12 02:45:00,99.2
2025-06-12 07:46:00,50.21640523646657
2025-06-12 08:29:00,50.21640523646657
2025-06-12 23:08:00,78.6
2025-06-12 16:09:00,85.4
2025-06-12 11:16:00,32.4
2025-06-12 04:48:00,50.21640523646657
2025-06-12 23:32:00,34.1
2025-06-12 09:48:00,28.0
2025-06-12 03:21:00,55.7
2025-06-12 04:25:00,50.21640523646657
2025-06-12 07:03:00,93.4
2025-06-12 21:22:00,86.8
2025-06-12 09:13:00,96.3
2025-06-12 16:56:00,30.3
2025-06-12 21:59:00,19.1
2025-06-12 22:09:00,50.21640523646657
2025-06-12 22:23:00,77.9
2025-06-12 12:06:00,50.21640523646657
2025-06-12 07:28:00,25.0
2025-06-12 13:52:00,80.2
2025-06-12 00:52:00,32.2
2025-06-12 22:42:00,54.1
2025-06-12 17:20:00,3.4
2025-06-12 17:56:00,51.7
2025-06-12 08:12:00,50.21640523646657
2025-06-12 21:15:00,91.0
2025-06-12 09:52:00,19.6
2025-06-12 23:41:00,50.9
2025-06-12 05:10:00,87.8
2025-06-12 00:44:00,50.21640523646657
2025-06-12 19:50:00,51.2
2025-06-12 12:48:00,60.1
2025-06-12 11:56:00,34.5
2025-06-12 12:01:00,70.1
2025-06-12 20:51:00,54.3
2025-06-12 08:59:00,61.1
2025-06-12 20:46:00,71.7
2025-06-12 14:13:00,46.5
2025-06-12 14:25:00,61.0
2025-06-12 17:22:00,92.7
2025-06-12 09:33:00,81.4
2025-06-12 17:53:00,76.0
2025-06-12 17:39:00,92.6
2025-06-12 20:24:00,40.5
2025-06-12 19:59:00,79.2
2025-06-12 23:42:00,45.0
2025-06-12 18:16:00,17.0
2025-06-12 01:52:00,42.6
2025-06-12 10:23:00,42.7
2025-06-12 06:23:00,21.0
2025-06-12 06:12:00,56.1
2025-06-12 19:51:00,50.21640523646657
2025-06-12 22:44:00,50.21640523646657
2025-06-12 04:33:00,46.2
2025-06-12 18:47:00,91.5
2025-06-12 23:52:00,34.9
2025-06-12 00:35:00,90.2
2025-06-12 16:24:00,28.1
2025-06-12 02:56:00,22.1
2025-06-12 01:47:00,13.3
2025-06-12 16:37:00,90.4
2025-06-12 13:33:00,50.21640523646657
2025-06-12 01:26:00,92.2
2025-06-12 10:01:00,66.6
2025-06-12 18:56:00,4.9
2025-06-12 18:38:00,62.5
2025-06-12 09:55:00,63.3
2025-06-12 01:20:00,2.0
2025-06-12 10:11:00,39.0
2025-06-12 13:39:00,50.21640523646657
2025-06-12 00:40:00,14.7
2025-06-12 15:27:00,56.6
2025-06-12 09:48:00,10.6
2025-06-12 22:00:00,66.8
2025-06-12 09:36:00,92.5
2025-06-12 02:40:00,22.3
2025-06-12 00:35:00,50.21640523646657
2025-06-12 06:49:00,61.0
2025-06-12 11:17:00,59.7
2025-06-12 23:18:00,32.0
2025-06-12 18:42:00,3.4
2025-06-12 09:45:00,63.7
2025-06-12 21:31:00,8.0
2025-06-12 02:22:00,90.9
2025-06-12 15:16:00,49.70408187272085
2025-06-12 21:16:00,98.2
2025-06-12 14:06:00,93.2
2025-06-12 08:28:00,77.3
2025-06-12 04:54:00,31.3
2025-06-12 02:49:00,19.7
2025-06-12 02:08:00,49.70408187272085
2025-06-12 00:32:00,22.6
2025-06-12 04:47:00,80.3
2025-06-12 13:18:00,44.9
2025-06-12 15:06:00,79.1
2025-06-12 04:15:00,66.0
2025-06-12 23:13:00,72.8
2025-06-12 05:30:00,94.4
2025-06-12 13:56:00,80.3
2025-06-12 17:18:00,57.9
2025-06-12 10:58:00,56.4
2025-06-12 21:31:00,23.9
2025-06-12 06:52:00,49.70408187272085
2025-06-12 16:32:00,49.9
2025-06-12 22:23:00,97.5
2025-06-12 19:41:00,55.6
2025-06-12 21:41:00,49.70408187272085
2025-06-12 10:55:00,3.9
2025-06-12 14:40:00,46.0
2025-06-12 18:35:00,8.8
2025-06-12 14:10:00,77.6
2025-06-12 20:28:00,58.3
2025-06-12 11:02:00,72.7
2025-06-12 03:31:00,64.3
2025-06-12 07:37:00,49.70408187272085
2025-06-12 23:02:00,10.4
2025-06-12 08:04:00,75.1
2025-06-12 10:51:00,70.3
2025-06-12 21:18:00,9.5
2025-06-12 15:48:00,60.5
2025-06-12 10:26:00,49.70408187272085
2025-06-12 19:24:00,97.1
2025-06-12 20:58:00,49.70408187272085
2025-06-12 21:56:00,43.9
2025-06-12 20:21:00,32.1
2025-06-12 03:42:00,31.1
2025-06-12 15:10:00,29.0
2025-06-12 21:22:00,32.2
2025-06-12 03:06:00,49.70408187272085
2025-06-12 04:00:00,4.4
2025-06-12 08:37:00,20.5
2025-06-12 12:57:00,51.7
2025-06-12 19:53:00,24.5
2025-06-12 03:50:00,56.0
2025-06-12 04:56:00,9.8
2025-06-12 20:28:00,15.0
2025-06-12 05:53:00,76.7
2025-06-12 19:29:00,49.3
2025-06-12 16:24:00,82.9
2025-06-12 09:39:00,92.2
2025-06-12 10:41:00,49.70408187272085
2025-06-12 07:37:00,58.2
2025-06-12 05:19:00,46.1
2025-06-12 19:59:00,78.5
2025-06-12 14:12:00,49.70408187272085
2025-06-12 14:16:00,78.4
2025-06-12 02:40:00,49.70408187272085
2025-06-12 00:46:00,56.2
2025-06-12 22:31:00,96.1
2025-06-12 05:08:00,19.7
2025-06-12 04:01:00,14.7
2025-06-12 15:30:00,36.8
2025-06-12 02:38:00,55.1
2025-06-12 20:17:00,96.1
2025-06-12 02:59:00,86.0
2025-06-12 09:46:00,94.7
2025-06-12 14:22:00,46.8
2025-06-12 01:07:00,50.0
2025-06-12 00:37:00,49.70408187272085
2025-06-12 12:53:00,10.3
2025-06-12 23:46:00,47.9
2025-06-12 13:05:00,0.6
2025-06-12 18:19:00,35.1
2025-06-12 04:57:00,22.2
2025-06-12 04:31:00,42.4
2025-06-12 20:25:00,73.7
2025-06-12 23:05:00,89.1
2025-06-12 07:12:00,71.3
2025-06-12 03:20:00,43.0
2025-06-12 22:31:00,44.3
2025-06-12 18:00:00,91.4
2025-06-12 22:17:00,58.8
2025-06-12 14:43:00,49.70408187272085
2025-06-12 23:40:00,26.7
2025-06-12 05:54:00,8.3
2025-06-12 03:24:00,64.3
2025-06-12 17:29:00,49.70408187272085
2025-06-12 12:54:00,64.8
2025-06-12 13:22:00,49.70408187272085
2025-06-12 21:49:00,64.6
2025-06-12 06:05:00,65.6
2025-06-12 03:29:00,49.70408187272085
2025-06-12 23:21:00,49.70408187272085
2025-06-12 05:05:00,81.4
2025-06-12 23:25:00,27.7
2025-06-12 13:52:00,35.1
2025-06-12 06:40:00,61.2
2025-06-12 21:51:00,56.7
2025-06-12 17:22:00,47.0
2025-06-12 13:36:00,31.3
2025-06-12 21:29:00,28.8
2025-06-12 20:36:00,48.0
2025-06-12 12:16:00,3.0
2025-06-12 21:08:00,78.2
2025-06-12 12:50:00,81.0
2025-06-12 14:27:00,97.6
2025-06-12 04:40:00,77.5
2025-06-12 13:33:00,54.3
2025-06-12 20:07:00,17.5
2025-06-12 03:31:00,82.0
2025-06-12 18:42:00,46.0
2025-06-12 16:37:00,72.9
2025-06-12 18:32:00,88.4
2025-06-12 20:13:00,49.70408187272085
2025-06-12 00:56:00,0.5
2025-06-12 07:39:00,35.1
2025-06-12 03:16:00,56.8
2025-06-12 12:10:00,90.3
2025-06-12 22:56:00,49.70408187272085
2025-06-12 03:47:00,49.70408187272085
2025-06-12 20:01:00,23.8
2025-06-12 19:13:00,87.9
2025-06-12 06:41:00,49.70408187272085
2025-06-12 03:26:00,67.9
2025-06-12 22:48:00,50.6
2025-06-12 15:32:00,61.3
2025-06-12 21:16:00,65.8
2025-06-12 08:15:00,74.5
2025-06-12 21:54:00,19.6
2025-06-12 04:14:00,91.0
2025-06-12 21:58:00,49.70408187272085
2025-06-12 23:35:00,49.70408187272085
2025-06-12 20:16:00,12.5
2025-06-12 03:59:00,19.3
2025-06-12 08:26:00,49.70408187272085
2025-06-12 03:12:00,47.3
2025-06-12 14:11:00,61.5
2025-06-12 13:04:00,5.3
2025-06-12 22:33:00,50.6
2025-06-12 01:05:00,82.6
2025-06-12 09:04:00,66.8
2025-06-12 12:52:00,49.70408187272085
2025-06-12 18:16:00,47.9
2025-06-12 03:44:00,63.8
2025-06-12 13:35:00,34.9
2025-06-12 15:23:00,86.2
2025-06-12 15:27:00,41.1
2025-06-12 02:03:00,0.8
2025-06-12 07:09:00,56.8
2025-06-12 10:09:00,31.1
2025-06-12 10:18:00,50.3
2025-06-12 06:21:00,96.0
2025-06-12 15:06:00,79.8
2025-06-12 19:23:00,43.7
2025-06-12 12:57:00,97.7
2025-06-12 06:40:00,49.70408187272085
2025-06-12 15:29:00,49.70408187272085
2025-06-12 00:45:00,49.70408187272085
2025-06-12 04:48:00,24.9
2025-06-12 07:44:00,9.7
2025-06-12 05:52:00,31.8
2025-06-12 23:14:00,2.6
2025-06-12 04:24:00,49.70408187272085
2025-06-12 05:18:00,54.7
2025-06-12 05:07:00,76.4
2025-06-12 03:37:00,49.6
2025-06-12 13:47:00,63.6
2025-06-12 18:36:00,67.8
2025-06-12 06:29:00,56.0
2025-06-12 04:06:00,91.1
2025-06-12 03:49:00,61.9
2025-06-12 17:36:00,18.7
2025-06-12 00:59:00,77.3
2025-06-12 11:20:00,58.7
2025-06-12 07:11:00,29.1
2025-06-12 06:04:00,56.9
2025-06-12 22:18:00,13.5
2025-06-12 22:26:00,24.6
2025-06-12 01:58:00,49.70408187272085
2025-06-12 03:51:00,34.0
2025-06-12 22:44:00,2.6
2025-06-12 23:52:00,20.7
2025-06-12 05:09:00,1.9
2025-06-12 12:44:00,82.4
2025-06-12 01:53:00,10.7
2025-06-12 04:23:00,49.70408187272085
2025-06-12 05:33:00,61.2
2025-06-12 13:14:00,3.2
2025-06-12 22:50:00,49.70408187272085
2025-06-12 06:23:00,90.1
2025-06-12 07:21:00,4.5
2025-06-12 11:15:00,49.70408187272085
2025-06-12 20:48:00,19.9
2025-06-12 19:43:00,49.70408187272085
2025-06-12 07:50:00,25.2
2025-06-12 17:39:00,27.3
2025-06-12 10:51:00,97.9
2025-06-12 06:22:00,16.6
2025-06-12 17:21:00,39.7
2025-06-12 06:31:00,34.8
2025-06-12 08:57:00,87.2
2025-06-12 20:20:00,49.70408187272085
2025-06-12 07:09:00,54.9
2025-06-12 14:58:00,37.2
2025-06-12 16:14:00,34.2
2025-06-12 09:07:00,6.8
2025-06-12 06:59:00,88.6
2025-06-12 01:45:00,49.70408187272085
2025-06-12 17:25:00,33.1
2025-06-12 06:12:00,49.70408187272085
2025-06-12 12:40:00,70.5
2025-06-12 03:24:00,40.3
2025-06-12 17:17:00,85.6
2025-06-12 18:51:00,13.3
2025-06-12 08:29:00,49.70408187272085
2025-06-12 08:16:00,26.0
2025-06-12 18:38:00,8.8
2025-06-12 12:34:00,42.8
2025-06-12 11:57:00,73.4
2025-06-12 10:21:00,60.0
2025-06-12 01:20:00,28.4
2025-06-12 00:03:00,89.4
2025-06-12 03:35:00,76.9
2025-06-12 18:15:00,58.6
2025-06-12 20:59:00,59.1
2025-06-12 17:52:00,22.7
2025-06-12 18:47:00,7.3
2025-06-12 02:54:00,33.2
2025-06-12 13:22:00,34.8
2025-06-12 17:04:00,28.8
2025-06-12 17:43:00,49.70408187272085
2025-06-12 23:36:00,64.3
2025-06-12 05:14:00,14.8
2025-06-12 00:12:00,35.8
2025-06-12 00:14:00,49.70408187272085
2025-06-12 01:50:00,18.1
2025-06-12 03:25:00,19.0
2025-06-12 15:55:00,6.2
2025-06-12 11:51:00,10.1
2025-06-12 13:17:00,47.4
2025-06-12 04:35:00,53.5
2025-06-12 19:24:00,27.7
2025-06-12 01:48:00,83.2
2025-06-12 11:44:00,16.9
2025-06-12 03:37:00,15.9
2025-06-12 22:38:00,2.4
2025-06-12 21:16:00,35.1
2025-06-12 12:00:00,27.3
2025-06-12 06:03:00,75.6
2025-06-12 19:15:00,49.70408187272085
2025-06-12 01:10:00,49.70408187272085
2025-06-12 16:01:00,13.1
2025-06-12 10:06:00,22.5
2025-06-12 23:13:00,6.7
2025-06-12 13:29:00,40.6
2025-06-12 04:28:00,3.8
2025-06-12 17:45:00,51.3
2025-06-12 14:57:00,26.1
2025-06-12 21:26:00,7.9
2025-06-12 07:41:00,49.70408187272085
2025-06-12 16:38:00,79.6
2025-06-12 03:23:00,49.70408187272085
2025-06-12 15:30:00,37.3
2025-06-12 15:34:00,4.9
2025-06-12 02:13:00,73.2
2025-06-12 20:25:00,12.2
2025-06-12 18:25:00,0.2
2025-06-12 18:58:00,15.7
2025-06-12 07:09:00,86.5
2025-06-12 09:55:00,85.3
2025-06-12 00:30:00,33.3
2025-06-12 04:43:00,55.9
2025-06-12 16:26:00,68.9
2025-06-12 12:36:00,87.1
2025-06-12 16:55:00,92.2
2025-06-12 22:08:00,92.3
2025-06-12 08:08:00,15.3
2025-06-12 06:01:00,94.4
2025-06-12 12:36:00,23.9
2025-06-12 08:19:00,55.7
2025-06-12 18:43:00,69.1
2025-06-12 08:56:00,84.0
2025-06-12 08:48:00,91.0
2025-06-12 08:56:00,78.3
2025-06-12 04:37:00,1.6
2025-06-12 04:30:00,55.7
2025-06-12 12:54:00,83.6
2025-06-12 01:17:00,49.70408187272085
2025-06-12 06:57:00,88.9
2025-06-12 16:36:00,8.8
2025-06-12 00:40:00,56.4
2025-06-12 16:35:00,13.9
2025-06-12 22:21:00,23.8
2025-06-12 22:35:00,14.9
2025-06-12 04:51:00,39.6
2025-06-12 14:04:00,49.3
2025-06-12 16:16:00,49.70408187272085
2025-06-12 04:24:00,34.9
2025-06-12 16:54:00,59.6
2025-06-12 17:31:00,4.2
2025-06-12 02:50:00,9.9
2025-06-12 13:39:00,49.70408187272085
2025-06-12 14:14:00,4.8
2025-06-12 08:32:00,59.4
2025-06-12 13:56:00,49.70408187272085
2025-06-12 03:14:00,58.1
2025-06-12 08:57:00,95.6
2025-06-12 17:35:00,50.4
2025-06-12 22:42:00,15.6
2025-06-12 18:37:00,6.2
2025-06-12 20:34:00,59.0
2025-06-12 22:40:00,38.4
2025-06-12 14:18:00,58.7
2025-06-12 08:41:00,85.8
2025-06-12 00:35:00,85.6
2025-06-12 09:40:00,15.3
2025-06-12 23:08:00,14.1
2025-06-12 07:05:00,32.2
2025-06-12 15:41:00,98.8
2025-06-12 22:03:00,62.3
2025-06-12 02:46:00,50.1110094970102
2025-06-12 16:43:00,50.1110094970102
2025-06-12 13:37:00,64.2
2025-06-12 19:28:00,50.1110094970102
2025-06-12 15:35:00,77.9
2025-06-12 08:56:00,83.3
2025-06-12 02:19:00,67.8
2025-06-12 01:07:00,17.3
2025-06-12 13:45:00,73.5
2025-06-12 09:56:00,85.6
2025-06-12 19:25:00,82.4
2025-06-12 04:16:00,24.0
2025-06-12 09:21:00,68.8
2025-06-12 19:13:00,9.4
2025-06-12 06:48:00,47.8
2025-06-12 09:04:00,50.1110094970102
2025-06-12 23:47:00,99.5
2025-06-12 09:07:00,52.3
2025-06-12 17:24:00,94.4
2025-06-12 14:16:00,81.0
2025-06-12 23:47:00,17.9
2025-06-12 02:12:00,19.3
2025-06-12 19:54:00,3.5
2025-06-12 21:21:00,32.3
2025-06-12 07:37:00,50.1110094970102
2025-06-12 16:17:00,16.4
2025-06-12 11:11:00,68.0
2025-06-12 13:36:00,58.4
2025-06-12 22:42:00,92.1
2025-06-12 02:16:00,1.6
2025-06-12 09:53:00,80.8
2025-06-12 09:29:00,27.4
2025-06-12 21:54:00,99.2
2025-06-12 08:02:00,93.1
2025-06-12 01:53:00,94.2
2025-06-12 04:57:00,50.1110094970102
2025-06-12 14:47:00,50.1110094970102
2025-06-12 03:47:00,25.6
2025-06-12 10:31:00,87.9
2025-06-12 08:23:00,50.1110094970102
2025-06-12 21:32:00,47.1
2025-06-12 06:53:00,35.8
2025-06-12 08:58:00,40.1
2025-06-12 03:44:00,50.1110094970102
2025-06-12 23:22:00,41.0
2025-06-12 00:38:00,21.1
2025-06-12 20:53:00,99.1
2025-06-12 05:31:00,50.1110094970102
2025-06-12 04:04:00,34.8
2025-06-12 12:30:00,61.3
2025-06-12 08:53:00,35.0
2025-06-12 12:54:00,78.8
2025-06-12 12:06:00,18.2
2025-06-12 10:09:00,94.1
2025-06-12 16:31:00,12.2
2025-06-12 18:42:00,50.1110094970102
2025-06-12 01:47:00,50.1110094970102
2025-06-12 03:49:00,58.0
2025-06-12 19:31:00,59.0
2025-06-12 15:03:00,52.4
2025-06-12 20:19:00,86.4
2025-06-12 18:16:00,15.5
2025-06-12 12:29:00,4.5
2025-06-12 13:06:00,35.3
2025-06-12 23:02:00,50.1110094970102
2025-06-12 19:48:00,81.9
2025-06-12 14:39:00,92.1
2025-06-12 00:37:00,41.0
2025-06-12 00:40:00,41.6
2025-06-12 16:30:00,33.7
2025-06-12 06:06:00,50.1110094970102
2025-06-12 16:07:00,37.1
2025-06-12 19:54:00,97.9
2025-06-12 15:55:00,21.8
2025-06-12 01:40:00,60.2
2025-06-12 18:41:00,74.0
2025-06-12 14:30:00,30.1
2025-06-12 12:43:00,50.1110094970102
2025-06-12 09:57:00,24.0
2025-06-12 11:00:00,26.0
2025-06-12 11:12:00,50.1110094970102
2025-06-12 02:37:00,78.5
2025-06-12 08:51:00,23.8
2025-06-12 14:35:00,93.8
2025-06-12 12:24:00,75.4
2025-06-12 06:34:00,62.4
2025-06-12 14:09:00,79.6
2025-06-12 10:31:00,27.0
2025-06-12 23:13:00,50.1110094970102
2025-06-12 12:49:00,61.8
2025-06-12 07:05:00,81.2
2025-06-12 13:04:00,85.7
2025-06-12 23:59:00,31.5
2025-06-12 00:11:00,95.6
2025-06-12 12:24:00,70.7
2025-06-12 01:39:00,17.6
2025-06-12 01:10:00,14.7
2025-06-12 10:59:00,50.1110094970102
2025-06-12 09:08:00,74.0
2025-06-12 10:00:00,10.8
2025-06-12 10:14:00,17.9
2025-06-12 04:32:00,27.9
2025-06-12 09:02:00,81.6
2025-06-12 14:32:00,69.2
2025-06-12 08:59:00,60.8
2025-06-12 11:51:00,52.7
2025-06-12 09:41:00,76.2
2025-06-12 00:03:00,21.9
2025-06-12 05:02:00,11.0
2025-06-12 19:12:00,93.4
2025-06-12 14:04:00,50.1110094970102
2025-06-12 15:59:00,21.8
2025-06-12 09:24:00,84.0
2025-06-12 11:33:00,84.7
2025-06-12 03:46:00,62.5
2025-06-12 11:42:00,99.8
2025-06-12 00:13:00,13.4
2025-06-12 17:47:00,14.9
2025-06-12 11:52:00,29.7
2025-06-12 12:57:00,78.3
2025-06-12 15:18:00,94.4
2025-06-12 23:26:00,6.2
2025-06-12 07:08:00,90.3
2025-06-12 14:10:00,93.0
2025-06-12 13:55:00,31.4
2025-06-12 16:43:00,26.2
2025-06-12 17:46:00,15.6
2025-06-12 11:39:00,50.1110094970102
2025-06-12 02:20:00,3.3
2025-06-12 02:31:00,81.9
2025-06-12 21:11:00,36.5
2025-06-12 07:43:00,69.8
2025-06-12 12:05:00,44.1
2025-06-12 15:21:00,15.8
2025-06-12 23:09:00,7.3
2025-06-12 12:19:00,77.2
2025-06-12 21:56:00,59.1
2025-06-12 09:41:00,24.7
2025-06-12 08:23:00,2.2
2025-06-12 14:06:00,88.3
2025-06-12 02:39:00,0.4
2025-06-12 08:07:00,77.3
2025-06-12 23:13:00,50.1110094970102
2025-06-12 01:31:00,50.1110094970102
2025-06-12 00:56:00,35.7
2025-06-12 09:17:00,50.1110094970102
2025-06-12 08:20:00,70.5
2025-06-12 18:28:00,40.9
2025-06-12 11:48:00,21.3
2025-06-12 23:37:00,35.1
2025-06-12 10:09:00,4.8
2025-06-12 18:41:00,46.0
2025-06-12 20:36:00,1.8
2025-06-12 14:52:00,50.1110094970102
2025-06-12 14:39:00,16.3
2025-06-12 20:46:00,61.0
2025-06-12 08:51:00,81.0
2025-06-12 09:03:00,68.8
2025-06-12 12:01:00,54.3
2025-06-12 01:43:00,38.1
2025-06-12 06:30:00,58.9
2025-06-12 03:46:00,35.4
2025-06-12 00:29:00,50.1110094970102
2025-06-12 09:28:00,83.0
2025-06-12 07:42:00,50.1110094970102
2025-06-12 23:11:00,41.1
2025-06-12 23:39:00,77.4
2025-06-12 12:58:00,76.5
2025-06-12 01:28:00,63.3
2025-06-12 23:29:00,50.1110094970102
2025-06-12 23:15:00,74.0
2025-06-12 11:53:00,31.4
2025-06-12 02:01:00,10.2
2025-06-12 04:13:00,69.4
2025-06-12 01:27:00,73.9
2025-06-12 03:29:00,50.4
2025-06-12 21:04:00,25.0
2025-06-12 22:20:00,14.8
2025-06-12 08:41:00,66.5
2025-06-12 05:51:00,94.7
2025-06-12 05:28:00,40.7
2025-06-12 12:03:00,47.4
2025-06-12 12:08:00,21.9
2025-06-12 18:18:00,93.8
2025-06-12 21:54:00,21.9
2025-06-12 21:46:00,74.8
2025-06-12 13:54:00,22.4
2025-06-12 15:56:00,25.8
2025-06-12 00:29:00,54.1
2025-06-12 06:43:00,50.1110094970102
2025-06-12 10:19:00,40.9
2025-06-12 21:26:00,38.4
2025-06-12 00:11:00,5.3
2025-06-12 15:49:00,50.1110094970102
2025-06-12 03:42:00,70.7
2025-06-12 11:13:00,21.1
2025-06-12 16:45:00,39.4
2025-06-12 14:38:00,70.1
2025-06-12 15:34:00,62.8
2025-06-12 10:21:00,49.3
2025-06-12 07:24:00,48.1
2025-06-12 23:40:00,62.2
2025-06-12 08:18:00,67.8
2025-06-12 08:43:00,4.5
2025-06-12 03:05:00,45.3
2025-06-12 00:44:00,7.6
2025-06-12 03:37:00,42.2
2025-06-12 22:26:00,97.4
2025-06-12 10:18:00,66.8
2025-06-12 22:13:00,27.9
2025-06-12 23:28:00,28.0
2025-06-12 04:56:00,19.1
2025-06-12 16:21:00,14.5
2025-06-12 23:36:00,50.1110094970102
2025-06-12 16:06:00,40.5
2025-06-12 06:48:00,74.7
2025-06-12 08:19:00,24.5
2025-06-12 02:21:00,0.4
2025-06-12 10:10:00,94.4
2025-06-12 23:53:00,29.2
2025-06-12 18:20:00,61.5
2025-06-12 12:48:00,79.4
2025-06-12 15:12:00,50.1110094970102
2025-06-12 21:42:00,15.8
2025-06-12 03:32:00,97.4
2025-06-12 00:23:00,72.6
2025-06-12 13:12:00,4.7
2025-06-12 23:59:00,45.7
2025-06-12 06:12:00,11.5
2025-06-12 03:31:00,86.8
2025-06-12 11:15:00,94.7
2025-06-12 09:23:00,81.0
2025-06-12 10:38:00,69.1
2025-06-12 11:46:00,50.1110094970102
2025-06-12 05:51:00,92.4
2025-06-12 12:43:00,2.9
2025-06-12 10:13:00,73.9
2025-06-12 05:50:00,17.4
2025-06-12 14:57:00,50.1110094970102
2025-06-12 14:36:00,16.7
2025-06-12 17:58:00,46.3
2025-06-12 09:11:00,50.1110094970102
2025-06-12 12:20:00,17.7
2025-06-12 09:22:00,26.2
2025-06-12 14:50:00,42.8
2025-06-12 10:19:00,68.9
2025-06-12 04:54:00,38.5
2025-06-12 14:58:00,37.0
2025-06-12 16:47:00,69.4
2025-06-12 17:02:00,50.1110094970102
2025-06-12 20:00:00,47.9
2025-06-12 13:38:00,50.1110094970102
2025-06-12 14:28:00,71.0
2025-06-12 02:47:00,40.6
2025-06-12 16:34:00,6.7
2025-06-12 19:07:00,50.1110094970102
2025-06-12 23:03:00,12.0
2025-06-12 08:08:00,18.6
2025-06-12 11:59:00,86.4
2025-06-12 16:20:00,81.3
2025-06-12 17:34:00,50.1110094970102
2025-06-12 10:08:00,48.0
2025-06-12 00:21:00,97.4
2025-06-12 06:25:00,13.2
2025-06-12 19:24:00,71.0
2025-06-12 13:44:00,28.2
2025-06-12 04:48:00,64.7
2025-06-12 11:39:00,90.5
2025-06-12 22:47:00,49.0
2025-06-12 16:32:00,50.1110094970102
2025-06-12 02:18:00,32.5
2025-06-12 16:22:00,40.8
2025-06-12 02:18:00,28.2
2025-06-12 18:47:00,19.2
2025-06-12 12:25:00,50.1110094970102
2025-06-12 03:56:00,2.5
2025-06-12 06:39:00,50.1110094970102
2025-06-12 21:12:00,89.1
2025-06-12 23:08:00,80.3
2025-06-12 14:59:00,46.9
2025-06-12 04:12:00,50.1110094970102
2025-06-12 09:37:00,51.2
2025-06-12 20:49:00,40.7
2025-06-12 05:10:00,47.5
2025-06-12 21:51:00,50.1110094970102
2025-06-12 22:58:00,20.8
2025-06-12 23:00:00,50.0
2025-06-12 01:41:00,51.8
2025-06-12 17:26:00,99.8
2025-06-12 15:17:00,1.1
2025-06-12 23:22:00,50.1110094970102
2025-06-12 09:39:00,41.8
2025-06-12 10:50:00,36.2
2025-06-12 16:44:00,87.4
2025-06-12 18:01:00,82.9
2025-06-12 05:33:00,34.5
2025-06-12 02:53:00,99.5
2025-06-12 17:40:00,7.6
2025-06-12 16:58:00,61.5
2025-06-12 06:40:00,50.1110094970102
2025-06-12 05:59:00,12.2
2025-06-12 00:53:00,88.9
2025-06-12 02:33:00,64.0
2025-06-12 01:19:00,0.9
2025-06-12 20:21:00,97.0
2025-06-12 15:40:00,55.7
2025-06-12 11:50:00,50.1110094970102
2025-06-12 02:59:00,86.5
2025-06-12 17:58:00,84.8
2025-06-12 05:10:00,1.0
2025-06-12 11:58:00,65.1
2025-06-12 12:41:00,50.1110094970102
2025-06-12 20:51:00,19.6
2025-06-12 11:33:00,20.1
2025-06-12 01:49:00,36.8
2025-06-12 16:10:00,7.8
2025-06-12 20:55:00,37.4
2025-06-12 01:52:00,4.5
2025-06-12 18:41:00,7.4
2025-06-12 18:31:00,50.1110094970102
2025-06-12 15:45:00,50.1110094970102
2025-06-12 01:37:00,50.1110094970102
2025-06-12 19:54:00,82.7
2025-06-12 19:41:00,10.2
2025-06-12 06:07:00,47.1
2025-06-12 01:02:00,69.4
2025-06-12 09:17:00,50.1110094970102
2025-06-12 01:46:00,16.4
2025-06-12 00:27:00,18.4
2025-06-12 04:11:00,9.7
2025-06-12 18:01:00,61.1
2025-06-12 05:18:00,31.3
2025-06-12 02:31:00,64.7
2025-06-12 05:26:00,94.9
2025-06-12 22:34:00,50.1110094970102
2025-06-12 07:19:00,50.1110094970102
2025-06-12 17:23:00,20.6
2025-06-12 17:10:00,11.9
2025-06-12 15:40:00,63.2
2025-06-12 13:55:00,50.1110094970102
2025-06-12 17:10:00,37.4
2025-06-12 08:43:00,6.5
2025-06-12 16:45:00,4.8
2025-06-12 04:00:00,9.4
2025-06-12 16:44:00,12.5
2025-06-12 00:56:00,32.0
2025-06-12 12:35:00,64.1
2025-06-12 20:15:00,87.9
2025-06-12 16:48:00,38.2
2025-06-12 20:16:00,27.5
2025-06-12 21:46:00,50.26990393626991
2025-06-12 16:14:00,28.0
2025-06-12 14:38:00,50.26990393626991
2025-06-12 23:20:00,83.9
2025-06-12 10:55:00,50.26990393626991
2025-06-12 16:42:00,59.8
2025-06-12 17:20:00,40.5
2025-06-12 10:11:00,6.6
2025-06-12 21:07:00,0.1
2025-06-12 08:32:00,29.0
2025-06-12 22:31:00,76.5
2025-06-12 14:44:00,51.3
2025-06-12 05:01:00,50.26990393626991
2025-06-12 03:38:00,50.26990393626991
2025-06-12 17:44:00,50.26990393626991
2025-06-12 05:23:00,65.1
2025-06-12 01:04:00,72.9
2025-06-12 11:54:00,29.2
2025-06-12 05:59:00,71.5
2025-06-12 22:59:00,10.8
2025-06-12 02:00:00,60.8
2025-06-12 14:06:00,11.1
2025-06-12 00:54:00,50.26990393626991
2025-06-12 20:54:00,16.6
2025-06-12 09:32:00,35.5
2025-06-12 13:03:00,30.5
2025-06-12 22:34:00,22.3
2025-06-12 00:38:00,24.8
2025-06-12 06:27:00,9.5
2025-06-12 20:16:00,4.9
2025-06-12 02:54:00,50.26990393626991
2025-06-12 03:22:00,24.2
2025-06-12 01:47:00,69.0
2025-06-12 06:12:00,25.1
2025-06-12 05:45:00,50.26990393626991
2025-06-12 14:42:00,95.5
2025-06-12 22:11:00,46.3
2025-06-12 16:38:00,10.6
2025-06-12 20:24:00,66.0
2025-06-12 13:35:00,1.7
2025-06-12 16:14:00,48.0
2025-06-12 11:41:00,30.1
2025-06-12 09:51:00,19.9
2025-06-12 17:05:00,6.4
2025-06-12 01:55:00,32.4
2025-06-12 00:55:00,49.6
2025-06-12 08:35:00,1.4
2025-06-12 12:12:00,68.0
2025-06-12 00:36:00,79.9
2025-06-12 05:23:00,33.9
2025-06-12 20:43:00,23.5
2025-06-12 10:30:00,29.9
2025-06-12 06:54:00,21.0
2025-06-12 02:33:00,80.0
2025-06-12 20:31:00,21.0
2025-06-12 09:55:00,83.0
2025-06-12 12:10:00,73.8
2025-06-12 04:49:00,50.26990393626991
2025-06-12 20:02:00,25.7
2025-06-12 22:04:00,50.26990393626991
2025-06-12 12:38:00,18.0
2025-06-12 12:53:00,98.0
2025-06-12 07:12:00,96.1
2025-06-12 17:47:00,7.9
2025-06-12 23:04:00,49.0
2025-06-12 07:00:00,57.5
2025-06-12 01:36:00,68.2
2025-06-12 09:43:00,50.26990393626991
2025-06-12 08:45:00,50.26990393626991
2025-06-12 11:11:00,72.2
2025-06-12 06:44:00,22.4
2025-06-12 12:28:00,92.9
2025-06-12 00:08:00,20.0
2025-06-12 20:11:00,16.6
2025-06-12 14:06:00,22.6
2025-06-12 17:45:00,88.5
2025-06-12 11:21:00,52.1
2025-06-12 09:18:00,8.0
2025-06-12 16:55:00,63.9
2025-06-12 04:41:00,2.8
2025-06-12 03:07:00,50.26990393626991
2025-06-12 18:10:00,7.4
2025-06-12 09:04:00,21.1
2025-06-12 19:56:00,70.5
2025-06-12 16:55:00,20.5
2025-06-12 06:46:00,85.2
2025-06-12 10:34:00,50.26990393626991
2025-06-12 03:26:00,63.0
2025-06-12 15:24:00,62.0
2025-06-12 05:59:00,38.3
2025-06-12 21:16:00,96.9
2025-06-12 17:41:00,96.7
2025-06-12 21:45:00,73.8
2025-06-12 22:25:00,33.4
2025-06-12 14:29:00,82.9
2025-06-12 21:11:00,8.5
2025-06-12 10:48:00,57.1
2025-06-12 12:15:00,95.4
2025-06-12 21:27:00,50.26990393626991
2025-06-12 15:02:00,5.8
2025-06-12 04:19:00,18.8
2025-06-12 08:41:00,98.6
2025-06-12 11:53:00,27.6
2025-06-12 11:50:00,94.7
2025-06-12 08:09:00,82.6
2025-06-12 00:53:00,21.7
2025-06-12 18:22:00,78.2
2025-06-12 21:13:00,50.26990393626991
2025-06-12 00:30:00,50.26990393626991
2025-06-12 06:53:00,65.3
2025-06-12 00:32:00,65.5
2025-06-12 13:09:00,69.8
2025-06-12 10:03:00,62.0
2025-06-12 05:32:00,41.5
2025-06-12 15:28:00,50.6
2025-06-12 14:37:00,13.2
2025-06-12 06:22:00,61.8
2025-06-12 08:10:00,49.3
2025-06-12 14:49:00,49.0
2025-06-12 05:28:00,50.26990393626991
2025-06-12 14:21:00,23.4
2025-06-12 11:17:00,65.2
2025-06-12 04:15:00,8.4
2025-06-12 10:57:00,6.0
2025-06-12 12:22:00,18.7
2025-06-12 19:36:00,87.1
2025-06-12 08:53:00,38.7
2025-06-12 10:25:00,35.6
2025-06-12 05:08:00,89.0
2025-06-12 16:58:00,16.8
2025-06-12 00:39:00,8.9
2025-06-12 02:35:00,94.7
2025-06-12 11:25:00,36.9
2025-06-12 16:45:00,19.5
2025-06-12 09:03:00,50.26990393626991
2025-06-12 14:25:00,60.2
2025-06-12 11:56:00,38.8
2025-06-12 14:10:00,14.8
2025-06-12 16:09:00,21.2
2025-06-12 11:38:00,22.7
2025-06-12 01:18:00,35.9
2025-06-12 01:04:00,87.8
2025-06-12 01:10:00,16.0
2025-06-12 01:44:00,52.5
2025-06-12 23:58:00,76.5
2025-06-12 02:03:00,44.2
2025-06-12 22:52:00,86.3
2025-06-12 02:21:00,32.3
2025-06-12 08:13:00,93.0
2025-06-12 12:49:00,50.26990393626991
2025-06-12 11:12:00,53.5
2025-06-12 22:56:00,11.7
2025-06-12 16:49:00,54.2
2025-06-12 17:33:00,50.26990393626991
2025-06-12 00:04:00,18.9
2025-06-12 10:15:00,20.2
2025-06-12 03:44:00,52.0
2025-06-12 01:52:00,5.1
2025-06-12 18:11:00,46.8
2025-06-12 13:17:00,14.4
2025-06-12 20:40:00,15.8
2025-06-12 14:41:00,66.5
2025-06-12 06:10:00,80.1
2025-06-12 02:44:00,20.3
2025-06-12 05:16:00,50.26990393626991
2025-06-12 20:35:00,90.6
2025-06-12 13:00:00,49.2
2025-06-12 10:58:00,10.8
2025-06-12 10:52:00,88.6
2025-06-12 13:14:00,98.4
2025-06-12 14:00:00,18.1
2025-06-12 18:32:00,24.4
2025-06-12 20:49:00,3.7
2025-06-12 18:49:00,62.9
2025-06-12 01:45:00,67.8
2025-06-12 01:30:00,17.4
2025-06-12 03:50:00,30.0
2025-06-12 16:05:00,28.2
2025-06-12 08:31:00,60.1
2025-06-12 10:16:00,50.26990393626991
2025-06-12 19:53:00,81.2
2025-06-12 16:58:00,90.0
2025-06-12 16:58:00,60.4
2025-06-12 16:00:00,38.6
2025-06-12 20:40:00,20.6
2025-06-12 16:27:00,71.3
2025-06-12 05:30:00,50.26990393626991
2025-06-12 16:55:00,97.7
2025-06-12 22:04:00,50.9
2025-06-12 05:38:00,99.0
2025-06-12 02:05:00,56.6
2025-06-12 08:07:00,26.2
2025-06-12 10:18:00,99.2
2025-06-12 00:38:00,39.8
2025-06-12 02:44:00,49.7
2025-06-12 04:09:00,67.8
2025-06-12 05:54:00,50.26990393626991
2025-06-12 13:11:00,18.2
2025-06-12 17:30:00,18.6
2025-06-12 02:42:00,59.7
2025-06-12 02:49:00,68.4
2025-06-12 00:03:00,50.26990393626991
2025-06-12 13:54:00,89.3
2025-06-12 10:36:00,78.2
2025-06-12 02:44:00,98.0
2025-06-12 07:08:00,50.26990393626991
2025-06-12 20:58:00,52.0
2025-06-12 06:42:00,20.8
2025-06-12 15:54:00,33.9
2025-06-12 05:54:00,43.4
2025-06-12 15:19:00,4.0
2025-06-12 15:22:00,84.1
2025-06-12 08:16:00,4.0
2025-06-12 01:38:00,10.6
2025-06-12 08:12:00,81.7
2025-06-12 02:09:00,85.4
2025-06-12 04:35:00,57.2
2025-06-12 05:00:00,50.26990393626991
2025-06-12 22:12:00,99.1
2025-06-12 22:16:00,50.7
2025-06-12 20:23:00,40.2
2025-06-12 01:07:00,89.0
2025-06-12 22:11:00,22.0
2025-06-12 00:04:00,91.3
2025-06-12 05:09:00,42.9
2025-06-12 11:01:00,81.9
2025-06-12 16:48:00,85.7
2025-06-12 09:42:00,42.0
2025-06-12 01:42:00,90.0
2025-06-12 10:55:00,32.6
2025-06-12 01:26:00,61.9
2025-06-12 11:52:00,82.0
2025-06-12 18:22:00,89.9
2025-06-12 15:23:00,79.2
2025-06-12 03:37:00,26.6
2025-06-12 01:24:00,15.9
2025-06-12 13:41:00,76.2
2025-06-12 08:56:00,54.0
2025-06-12 12:55:00,25.8
2025-06-12 08:57:00,50.26990393626991
2025-06-12 05:12:00,92.2
2025-06-12 11:01:00,28.6
2025-06-12 05:53:00,60.1
2025-06-12 05:03:00,78.5
2025-06-12 16:20:00,52.5
2025-06-12 05:42:00,24.5
2025-06-12 01:27:00,37.7
2025-06-12 00:44:00,30.6
2025-06-12 00:59:00,39.8
2025-06-12 06:41:00,14.9
2025-06-12 12:35:00,53.1
2025-06-12 18:02:00,69.1
2025-06-12 15:27:00,26.1
2025-06-12 06:15:00,50.26990393626991
2025-06-12 18:15:00,26.4
2025-06-12 05:31:00,50.26990393626991
2025-06-12 08:24:00,50.26990393626991
2025-06-12 19:20:00,50.26990393626991
2025-06-12 07:31:00,27.2
2025-06-12 15:31:00,0.3
2025-06-12 02:15:00,55.2
2025-06-12 13:48:00,49.2
2025-06-12 12:10:00,16.9
2025-06-12 17:52:00,50.26990393626991
2025-06-12 03:09:00,24.0
2025-06-12 14:18:00,77.4
2025-06-12 06:20:00,11.8
2025-06-12 04:41:00,50.26990393626991
2025-06-12 14:51:00,7.8
2025-06-12 19:24:00,7.7
2025-06-12 19:55:00,32.8
2025-06-12 05:44:00,92.5
2025-06-12 20:50:00,82.6
2025-06-12 12:54:00,32.7
2025-06-12 22:46:00,95.7
2025-06-12 00:49:00,66.8
2025-06-12 01:00:00,86.1
2025-06-12 08:34:00,49.3
2025-06-12 06:08:00,28.4
2025-06-12 05:46:00,79.4
2025-06-12 12:31:00,50.26990393626991
2025-06-12 22:56:00,73.3
2025-06-12 22:03:00,11.7
2025-06-12 00:42:00,87.9
2025-06-12 09:42:00,37.4
2025-06-12 03:01:00,50.26990393626991
2025-06-12 17:14:00,62.3
2025-06-12 19:15:00,50.26990393626991
2025-06-12 14:15:00,63.7
2025-06-12 10:39:00,55.0
2025-06-12 11:42:00,67.6
2025-06-12 20:35:00,74.2
2025-06-12 23:18:00,66.7
2025-06-12 17:32:00,19.6
2025-06-12 12:59:00,10.3
2025-06-12 17:06:00,27.6
2025-06-12 07:25:00,50.26990393626991
2025-06-12 19:14:00,78.4
2025-06-12 13:09:00,74.5
2025-06-12 02:18:00,67.7
2025-06-12 21:17:00,86.3
2025-06-12 18:36:00,8.5
2025-06-12 12:05:00,36.6
2025-06-12 00:45:00,65.0
2025-06-12 20:51:00,77.0
2025-06-12 04:40:00,50.26990393626991
2025-06-12 20:47:00,31.0
2025-06-12 08:12:00,93.0
2025-06-12 22:37:00,19.2
2025-06-12 20:07:00,50.9
2025-06-12 06:35:00,49.3
2025-06-12 10:29:00,90.6
2025-06-12 05:40:00,10.3
2025-06-12 12:20:00,50.26990393626991
2025-06-12 00:26:00,2.5
2025-06-12 14:59:00,18.1
2025-06-12 08:24:00,82.3
2025-06-12 16:05:00,97.3
2025-06-12 18:52:00,85.8
2025-06-12 22:39:00,50.26990393626991
2025-06-12 15:33:00,95.3
2025-06-12 03:17:00,61.2
2025-06-12 22:40:00,50.26990393626991
2025-06-12 06:09:00,88.8
2025-06-12 13:32:00,50.26990393626991
2025-06-12 02:32:00,4.7
2025-06-12 20:11:00,56.0
2025-06-12 00:43:00,77.7
2025-06-12 00:16:00,95.3
2025-06-12 07:44:00,76.1
2025-06-12 21:48:00,49.485271956675305
2025-06-12 05:32:00,49.485271956675305
2025-06-12 13:34:00,83.5
2025-06-12 21:24:00,67.7
2025-06-12 23:50:00,30.6
2025-06-12 09:14:00,93.6
2025-06-12 08:02:00,36.6
2025-06-12 18:22:00,49.485271956675305
2025-06-12 22:45:00,5.1
2025-06-12 05:18:00,36.9
2025-06-12 20:29:00,9.4
2025-06-12 18:56:00,30.1
2025-06-12 12:56:00,51.8
2025-06-12 12:52:00,30.6
2025-06-12 16:59:00,18.2
2025-06-12 02:14:00,62.2
2025-06-12 15:40:00,88.1
2025-06-12 20:30:00,23.1
2025-06-12 17:36:00,90.3
2025-06-12 05:56:00,69.1
2025-06-12 11:13:00,10.5
2025-06-12 01:58:00,55.8
2025-06-12 19:29:00,18.6
2025-06-12 22:47:00,25.4
2025-06-12 07:46:00,73.1
2025-06-12 14:07:00,1.5
2025-06-12 12:11:00,49.485271956675305
2025-06-12 18:08:00,21.7
2025-06-12 21:39:00,27.6
2025-06-12 00:06:00,80.5
2025-06-12 00:26:00,49.485271956675305
2025-06-12 19:17:00,34.3
2025-06-12 04:09:00,66.2
2025-06-12 08:10:00,90.5
2025-06-12 08:19:00,56.1
2025-06-12 08:08:00,49.485271956675305
2025-06-12 17:48:00,73.0
2025-06-12 03:26:00,49.485271956675305
2025-06-12 09:40:00,28.7
2025-06-12 11:57:00,20.7
2025-06-12 10:51:00,45.9
2025-06-12 09:05:00,16.7
2025-06-12 16:37:00,80.1
2025-06-12 04:46:00,49.485271956675305
2025-06-12 03:48:00,43.8
2025-06-12 07:34:00,93.0
2025-06-12 01:53:00,49.485271956675305
2025-06-12 15:26:00,13.3
2025-06-12 01:12:00,47.5
2025-06-12 15:36:00,49.485271956675305
2025-06-12 08:34:00,99.4
2025-06-12 18:08:00,85.1
2025-06-12 17:14:00,26.4
2025-06-12 01:32:00,15.9
2025-06-12 00:08:00,72.4
2025-06-12 14:56:00,31.7
2025-06-12 03:24:00,90.9
2025-06-12 03:33:00,49.485271956675305
2025-06-12 21:28:00,63.3
2025-06-12 15:15:00,3.2
2025-06-12 16:23:00,17.5
2025-06-12 08:09:00,49.485271956675305
2025-06-12 20:58:00,73.3
2025-06-12 08:00:00,49.485271956675305
2025-06-12 22:15:00,79.3
2025-06-12 09:12:00,41.5
2025-06-12 18:44:00,49.485271956675305
2025-06-12 05:27:00,32.3
2025-06-12 13:01:00,49.9
2025-06-12 13:19:00,49.485271956675305
2025-06-12 01:04:00,68.7
2025-06-12 08:53:00,81.1
2025-06-12 19:06:00,50.7
2025-06-12 01:23:00,10.6
2025-06-12 12:10:00,70.7
2025-06-12 16:54:00,8.6
2025-06-12 16:21:00,20.3
2025-06-12 16:16:00,88.4
2025-06-12 21:12:00,87.1
2025-06-12 06:56:00,93.2
2025-06-12 21:26:00,97.8
2025-06-12 00:45:00,69.6
2025-06-12 11:52:00,69.2
2025-06-12 17:03:00,46.6
2025-06-12 06:21:00,39.4
2025-06-12 18:21:00,25.0
2025-06-12 05:36:00,49.485271956675305
2025-06-12 09:39:00,5.9
2025-06-12 16:08:00,63.5
2025-06-12 00:32:00,65.7
2025-06-12 17:58:00,49.485271956675305
2025-06-12 21:03:00,89.5
2025-06-12 00:08:00,72.7
2025-06-12 16:54:00,18.3
2025-06-12 04:15:00,12.2
2025-06-12 09:50:00,45.6
2025-06-12 10:13:00,9.4
2025-06-12 19:10:00,76.5
2025-06-12 20:30:00,39.1
2025-06-12 16:33:00,28.5
2025-06-12 23:13:00,28.1
2025-06-12 05:18:00,73.8
2025-06-12 09:40:00,55.3
2025-06-12 20:24:00,49.485271956675305
2025-06-12 01:56:00,39.1
2025-06-12 20:45:00,49.485271956675305
2025-06-12 02:02:00,17.0
2025-06-12 12:04:00,11.8
2025-06-12 02:49:00,54.2
2025-06-12 02:53:00,49.485271956675305
2025-06-12 00:23:00,64.5
2025-06-12 21:39:00,38.1
2025-06-12 07:30:00,49.485271956675305
2025-06-12 10:17:00,82.5
2025-06-12 03:33:00,49.485271956675305
2025-06-12 10:12:00,77.5
2025-06-12 08:55:00,5.5
2025-06-12 02:57:00,84.2
2025-06-12 15:55:00,49.485271956675305
2025-06-12 13:08:00,48.8
2025-06-12 07:28:00,18.3
2025-06-12 13:54:00,59.5
2025-06-12 11:18:00,49.485271956675305
2025-06-12 12:54:00,49.485271956675305
2025-06-12 07:08:00,60.0
2025-06-12 10:53:00,15.7
2025-06-12 16:47:00,17.8
2025-06-12 14:42:00,49.485271956675305
2025-06-12 03:26:00,95.7
2025-06-12 20:46:00,5.8
2025-06-12 01:29:00,54.4
2025-06-12 08:55:00,78.7
2025-06-12 03:11:00,85.1
2025-06-12 17:49:00,7.0
2025-06-12 18:58:00,50.2
2025-06-12 18:23:00,40.1
2025-06-12 05:48:00,19.9
2025-06-12 05:47:00,49.485271956675305
2025-06-12 01:29:00,45.2
2025-06-12 04:19:00,25.8
2025-06-12 22:01:00,71.4
2025-06-12 12:19:00,98.3
2025-06-12 20:29:00,49.485271956675305
2025-06-12 14:57:00,37.4
2025-06-12 07:34:00,87.2
2025-06-12 01:38:00,9.0
2025-06-12 16:41:00,78.5
2025-06-12 19:41:00,75.3
2025-06-12 06:17:00,59.8
2025-06-12 01:41:00,49.485271956675305
2025-06-12 00:12:00,74.1
2025-06-12 06:35:00,18.5
2025-06-12 09:52:00,48.6
2025-06-12 08:08:00,45.3
2025-06-12 17:48:00,88.1
2025-06-12 10:39:00,52.2
2025-06-12 23:33:00,52.6
2025-06-12 00:22:00,20.7
2025-06-12 01:23:00,46.6
2025-06-12 18:22:00,69.1
2025-06-12 03:52:00,36.8
2025-06-12 10:37:00,6.6
2025-06-12 06:59:00,49.485271956675305
2025-06-12 23:01:00,69.4
2025-06-12 12:52:00,18.9
2025-06-12 00:50:00,9.4
2025-06-12 09:51:00,11.9
2025-06-12 16:40:00,88.4
2025-06-12 06:48:00,72.8
2025-06-12 16:45:00,88.2
2025-06-12 13:29:00,37.6
2025-06-12 09:00:00,74.5
2025-06-12 07:08:00,21.0
2025-06-12 13:30:00,72.0
2025-06-12 17:53:00,42.2
2025-06-12 10:05:00,67.8
2025-06-12 19:16:00,2.9
2025-06-12 09:50:00,39.7
2025-06-12 07:39:00,24.3
2025-06-12 08:59:00,49.485271956675305
2025-06-12 08:45:00,78.0
2025-06-12 06:11:00,96.7
2025-06-12 01:15:00,89.5
2025-06-12 01:50:00,3.3
2025-06-12 17:00:00,27.6
2025-06-12 08:53:00,55.9
2025-06-12 18:33:00,49.485271956675305
2025-06-12 20:41:00,99.1
2025-06-12 22:01:00,1.0
2025-06-12 09:17:00,78.4
2025-06-12 13:35:00,49.485271956675305
2025-06-12 23:16:00,39.5
2025-06-12 06:33:00,49.485271956675305
2025-06-12 23:01:00,49.485271956675305
2025-06-12 22:05:00,93.8
2025-06-12 09:30:00,76.7
2025-06-12 05:39:00,42.1
2025-06-12 09:26:00,37.4
2025-06-12 06:00:00,81.7
2025-06-12 04:14:00,49.485271956675305
2025-06-12 17:13:00,74.7
2025-06-12 12:40:00,22.1
2025-06-12 14:22:00,99.0
2025-06-12 13:10:00,78.2
2025-06-12 18:16:00,55.3
2025-06-12 08:17:00,49.485271956675305
2025-06-12 19:53:00,49.485271956675305
2025-06-12 18:21:00,95.4
2025-06-12 09:09:00,56.8
2025-06-12 15:13:00,77.9
2025-06-12 06:40:00,43.2
2025-06-12 14:07:00,8.1
2025-06-12 10:53:00,99.1
2025-06-12 20:14:00,98.5
2025-06-12 06:55:00,32.5
2025-06-12 06:47:00,70.6
2025-06-12 16:44:00,75.9
2025-06-12 11:48:00,49.4
2025-06-12 03:53:00,49.485271956675305
2025-06-12 11:48:00,28.0
2025-06-12 12:24:00,21.3
2025-06-12 08:09:00,67.7
2025-06-12 21:14:00,96.2
2025-06-12 05:37:00,17.7
2025-06-12 17:54:00,67.3
2025-06-12 03:28:00,42.6
2025-06-12 04:55:00,46.9
2025-06-12 13:01:00,24.4
2025-06-12 09:53:00,75.6
2025-06-12 21:19:00,26.8
2025-06-12 13:56:00,67.8
2025-06-12 13:01:00,24.9
2025-06-12 17:10:00,52.0
2025-06-12 19:13:00,49.485271956675305
2025-06-12 13:55:00,92.4
2025-06-12 01:47:00,0.7
2025-06-12 20:00:00,23.6
2025-06-12 23:02:00,42.7
2025-06-12 15:41:00,70.8
2025-06-12 10:39:00,44.8
2025-06-12 15:37:00,54.4
2025-06-12 09:53:00,32.4
2025-06-12 20:54:00,97.3
2025-06-12 21:19:00,13.3
2025-06-12 12:30:00,10.7
2025-06-12 19:39:00,31.0
2025-06-12 13:51:00,91.3
2025-06-12 04:58:00,17.9
2025-06-12 21:25:00,46.8
2025-06-12 13:31:00,42.6
2025-06-12 05:32:00,93.7
2025-06-12 06:12:00,39.7
2025-06-12 20:06:00,78.1
2025-06-12 13:27:00,7.5
2025-06-12 12:29:00,95.8
2025-06-12 22:45:00,5.2
2025-06-12 00:13:00,98.1
2025-06-12 10:34:00,49.485271956675305
2025-06-12 01:44:00,60.7
2025-06-12 18:11:00,42.0
2025-06-12 04:17:00,79.6
2025-06-12 15:25:00,58.2
2025-06-12 12:29:00,55.0
2025-06-12 13:46:00,90.4
2025-06-12 09:14:00,49.7
2025-06-12 13:10:00,38.3
2025-06-12 10:13:00,61.8
2025-06-12 19:53:00,48.1
2025-06-12 15:18:00,48.2
2025-06-12 07:38:00,45.7
2025-06-12 16:32:00,76.6
2025-06-12 07:21:00,60.3
2025-06-12 11:01:00,18.5
2025-06-12 03:51:00,79.6
2025-06-12 08:49:00,49.485271956675305
2025-06-12 20:26:00,26.2
2025-06-12 07:59:00,44.9
2025-06-12 22:38:00,18.5
2025-06-12 00:39:00,94.9
2025-06-12 15:45:00,54.4
2025-06-12 08:25:00,93.2
2025-06-12 14:11:00,49.485271956675305
2025-06-12 04:58:00,49.485271956675305
2025-06-12 16:24:00,72.1
2025-06-12 07:09:00,25.3
2025-06-12 17:56:00,34.2
2025-06-12 21:06:00,64.4
2025-06-12 17:21:00,9.2
2025-06-12 19:00:00,36.5
2025-06-12 06:05:00,20.6
2025-06-12 15:43:00,38.4
2025-06-12 11:00:00,49.485271956675305
2025-06-12 19:21:00,93.3
2025-06-12 10:29:00,65.7
2025-06-12 18:48:00,41.5
2025-06-12 07:52:00,43.7
2025-06-12 17:49:00,52.4
2025-06-12 15:33:00,79.2
2025-06-12 05:37:00,40.9
2025-06-12 02:47:00,49.485271956675305
2025-06-12 09:27:00,41.9
2025-06-12 17:22:00,50.0997191011236
2025-06-12 21:32:00,50.0997191011236
2025-06-12 12:09:00,63.8
2025-06-12 12:04:00,25.5
2025-06-12 11:07:00,24.7
2025-06-12 19:42:00,27.5
2025-06-12 00:08:00,89.7
2025-06-12 17:10:00,90.7
2025-06-12 09:47:00,60.0
2025-06-12 00:09:00,80.8
2025-06-12 06:55:00,50.4
2025-06-12 07:55:00,34.7
2025-06-12 21:31:00,7.5
2025-06-12 02:25:00,94.5
2025-06-12 02:07:00,5.2
2025-06-12 17:39:00,44.9
2025-06-12 11:27:00,50.0997191011236
2025-06-12 23:38:00,89.1
2025-06-12 09:05:00,55.8
2025-06-12 03:56:00,50.0997191011236
2025-06-12 10:32:00,22.2
2025-06-12 06:58:00,3.9
2025-06-12 12:46:00,18.8
2025-06-12 11:47:00,50.0997191011236
2025-06-12 10:28:00,7.2
2025-06-12 13:36:00,32.9
2025-06-12 13:05:00,10.2
2025-06-12 02:49:00,42.4
2025-06-12 06:15:00,50.0997191011236
2025-06-12 12:04:00,71.5
2025-06-12 16:26:00,26.2
2025-06-12 07:29:00,55.7
2025-06-12 10:48:00,74.3
2025-06-12 20:39:00,30.8
2025-06-12 06:04:00,57.7
2025-06-12 02:02:00,55.9
2025-06-12 12:57:00,80.8
2025-06-12 16:31:00,50.0997191011236
2025-06-12 14:00:00,50.0997191011236
2025-06-12 19:36:00,80.3
2025-06-12 22:14:00,19.6
2025-06-12 01:13:00,3.4
2025-06-12 09:16:00,88.1
2025-06-12 17:18:00,40.5
2025-06-12 03:11:00,50.0997191011236
2025-06-12 10:34:00,46.3
2025-06-12 17:21:00,50.0997191011236
2025-06-12 16:01:00,35.4
2025-06-12 14:35:00,96.9
2025-06-12 15:57:00,81.9
2025-06-12 00:03:00,79.4
2025-06-12 16:41:00,55.6
2025-06-12 21:06:00,13.6
2025-06-12 10:26:00,34.9
2025-06-12 19:58:00,50.0997191011236
2025-06-12 23:11:00,87.2
2025-06-12 18:19:00,47.8
2025-06-12 09:52:00,50.0997191011236
2025-06-12 20:01:00,12.5
2025-06-12 02:43:00,50.0997191011236
2025-06-12 22:26:00,67.2
2025-06-12 21:17:00,83.6
2025-06-12 13:14:00,50.0997191011236
2025-06-12 21:06:00,97.7
2025-06-12 18:04:00,13.1
2025-06-12 15:36:00,96.4
2025-06-12 08:29:00,29.6
2025-06-12 15:02:00,9.8
2025-06-12 12:19:00,70.7
2025-06-12 17:55:00,44.9
2025-06-12 11:59:00,93.2
2025-06-12 15:29:00,47.0
2025-06-12 22:09:00,50.0997191011236
2025-06-12 01:18:00,50.9
2025-06-12 20:41:00,78.6
2025-06-12 19:10:00,96.7
2025-06-12 04:59:00,87.2
2025-06-12 01:11:00,5.6
2025-06-12 14:31:00,37.6
2025-06-12 09:19:00,49.0
2025-06-12 13:07:00,88.0
2025-06-12 12:22:00,8.8
2025-06-12 17:50:00,80.0
2025-06-12 04:51:00,50.0997191011236
2025-06-12 14:07:00,50.0997191011236
2025-06-12 10:05:00,42.5
2025-06-12 13:11:00,28.1
2025-06-12 21:23:00,93.0
2025-06-12 19:48:00,22.5
2025-06-12 15:30:00,49.3
2025-06-12 04:29:00,50.0997191011236
2025-06-12 20:23:00,50.0997191011236
2025-06-12 21:57:00,50.0997191011236
2025-06-12 18:41:00,5.0
2025-06-12 08:44:00,63.7
2025-06-12 14:23:00,89.7
2025-06-12 11:04:00,97.6
2025-06-12 08:15:00,1.7
2025-06-12 23:03:00,36.2
2025-06-12 19:52:00,50.0997191011236
2025-06-12 10:45:00,77.2
2025-06-12 15:59:00,42.7
2025-06-12 20:14:00,99.3
2025-06-12 11:17:00,50.0997191011236
2025-06-12 05:22:00,43.3
2025-06-12 00:02:00,42.4
2025-06-12 08:44:00,40.8
2025-06-12 05:11:00,93.5
2025-06-12 16:59:00,22.2
2025-06-12 18:57:00,15.6
2025-06-12 11:28:00,56.9
2025-06-12 08:20:00,73.7
2025-06-12 08:52:00,27.4
2025-06-12 17:58:00,50.0997191011236
2025-06-12 20:06:00,15.4
2025-06-12 19:54:00,9.8
2025-06-12 02:16:00,50.0997191011236
2025-06-12 08:24:00,8.9
2025-06-12 23:30:00,81.8
2025-06-12 22:42:00,78.3
2025-06-12 15:20:00,50.0997191011236
2025-06-12 12:10:00,59.7
2025-06-12 01:03:00,9.1
2025-06-12 16:46:00,2.3
2025-06-12 17:50:00,50.0997191011236
2025-06-12 11:42:00,50.0997191011236
2025-06-12 21:38:00,27.7
2025-06-12 15:06:00,0.6
2025-06-12 22:46:00,27.3
2025-06-12 20:52:00,58.2
2025-06-12 05:29:00,74.1
2025-06-12 04:28:00,50.0997191011236
2025-06-12 17:45:00,38.1
2025-06-12 02:01:00,22.4
2025-06-12 15:12:00,13.8
2025-06-12 11:22:00,3.9
2025-06-12 14:21:00,5.2
2025-06-12 04:32:00,75.3
2025-06-12 21:54:00,50.0997191011236
2025-06-12 04:13:00,27.7
2025-06-12 01:03:00,98.4
2025-06-12 19:52:00,0.7
2025-06-12 01:03:00,72.8
2025-06-12 01:11:00,74.5
2025-06-12 06:58:00,41.2
2025-06-12 03:43:00,61.4
2025-06-12 20:37:00,81.4
2025-06-12 19:25:00,16.0
2025-06-12 15:55:00,85.7
2025-06-12 01:37:00,50.1
2025-06-12 16:52:00,58.1
2025-06-12 13:06:00,50.0997191011236
2025-06-12 03:26:00,99.9
2025-06-12 19:14:00,42.4
2025-06-12 22:25:00,50.0997191011236
2025-06-12 05:02:00,18.7
2025-06-12 09:02:00,17.6
2025-06-12 09:46:00,50.0997191011236
2025-06-12 05:49:00,14.7
2025-06-12 10:50:00,6.4
2025-06-12 19:31:00,21.7
2025-06-12 12:26:00,33.6
2025-06-12 13:37:00,36.1
2025-06-12 23:47:00,56.3
2025-06-12 15:44:00,49.3
2025-06-12 17:59:00,41.2
2025-06-12 16:32:00,26.2
2025-06-12 21:46:00,50.0997191011236
2025-06-12 14:15:00,7.0
2025-06-12 09:41:00,20.2
2025-06-12 15:53:00,6.4
2025-06-12 18:46:00,81.9
2025-06-12 20:10:00,50.0997191011236
2025-06-12 13:01:00,50.0997191011236
2025-06-12 18:13:00,74.9
2025-06-12 01:13:00,33.3
2025-06-12 18:53:00,59.6
2025-06-12 11:13:00,26.2
2025-06-12 11:03:00,38.1
2025-06-12 12:17:00,88.5
2025-06-12 10:05:00,46.7
2025-06-12 13:15:00,54.3
2025-06-12 00:24:00,26.6
2025-06-12 23:20:00,32.1
2025-06-12 13:31:00,94.6
2025-06-12 09:47:00,38.5
2025-06-12 07:17:00,65.8
2025-06-12 07:08:00,0.3
2025-06-12 06:56:00,53.9
2025-06-12 04:48:00,50.0997191011236
2025-06-12 13:32:00,44.0
2025-06-12 22:03:00,97.9
2025-06-12 12:01:00,51.9
2025-06-12 20:36:00,80.6
2025-06-12 11:21:00,94.5
2025-06-12 17:00:00,50.0997191011236
2025-06-12 13:14:00,5.3
2025-06-12 09:45:00,89.4
2025-06-12 01:19:00,50.0997191011236
2025-06-12 15:31:00,50.0997191011236
2025-06-12 12:24:00,52.1
2025-06-12 17:49:00,50.0997191011236
2025-06-12 01:46:00,62.0
2025-06-12 22:37:00,82.6
2025-06-12 17:35:00,50.0997191011236
2025-06-12 00:03:00,9.4
2025-06-12 19:06:00,47.2
2025-06-12 11:59:00,54.4
2025-06-12 01:45:00,95.3
2025-06-12 20:40:00,50.0997191011236
2025-06-12 14:44:00,99.1
2025-06-12 02:36:00,29.8
2025-06-12 17:04:00,78.5
2025-06-12 19:35:00,62.1
2025-06-12 20:35:00,26.4
2025-06-12 23:16:00,63.2
2025-06-12 03:20:00,21.1
2025-06-12 03:39:00,3.9
2025-06-12 12:09:00,9.0
2025-06-12 16:41:00,71.1
2025-06-12 07:55:00,50.0997191011236
2025-06-12 14:36:00,50.0997191011236
2025-06-12 22:37:00,46.8
2025-06-12 00:58:00,69.5
2025-06-12 18:10:00,51.3
2025-06-12 12:07:00,72.7
2025-06-12 04:25:00,46.4
2025-06-12 01:18:00,7.9
2025-06-12 04:46:00,53.1
2025-06-12 02:25:00,73.2
2025-06-12 10:04:00,64.1
2025-06-12 00:32:00,77.8
2025-06-12 02:07:00,32.1
2025-06-12 14:34:00,34.1
2025-06-12 18:55:00,87.1
2025-06-12 23:25:00,50.0997191011236
2025-06-12 13:33:00,79.5
2025-06-12 16:21:00,77.5
2025-06-12 02:59:00,29.0
2025-06-12 22:34:00,97.1
2025-06-12 18:59:00,40.2
2025-06-12 06:19:00,93.0
2025-06-12 15:27:00,93.6
2025-06-12 00:24:00,37.5
2025-06-12 20:56:00,18.1
2025-06-12 11:24:00,5.0
2025-06-12 13:15:00,26.4
2025-06-12 18:45:00,27.0
2025-06-12 10:32:00,32.9
2025-06-12 19:31:00,76.4
2025-06-12 05:15:00,50.0997191011236
2025-06-12 09:20:00,65.0
2025-06-12 18:03:00,79.6
2025-06-12 14:30:00,8.3
2025-06-12 22:04:00,11.6
2025-06-12 12:49:00,84.3
2025-06-12 09:42:00,97.2
2025-06-12 20:38:00,76.3
2025-06-12 18:24:00,20.7
2025-06-12 03:26:00,1.6
2025-06-12 09:57:00,22.1
2025-06-12 01:07:00,38.3
2025-06-12 16:13:00,13.0
2025-06-12 03:03:00,50.0997191011236
2025-06-12 00:15:00,58.7
2025-06-12 02:26:00,69.2
2025-06-12 02:50:00,92.3
2025-06-12 04:55:00,45.6
2025-06-12 10:14:00,11.5
2025-06-12 15:52:00,47.0
2025-06-12 07:46:00,50.0997191011236
2025-06-12 14:46:00,15.0
2025-06-12 04:07:00,19.2
2025-06-12 21:32:00,76.4
2025-06-12 17:34:00,50.0997191011236
2025-06-12 05:57:00,50.0997191011236
2025-06-12 04:19:00,56.3
2025-06-12 04:53:00,60.2
2025-06-12 12:55:00,93.0
2025-06-12 06:00:00,51.1
2025-06-12 11:42:00,10.5
2025-06-12 11:58:00,50.0997191011236
2025-06-12 19:12:00,77.9
2025-06-12 14:45:00,48.8
2025-06-12 21:21:00,9.8
2025-06-12 06:28:00,8.1
2025-06-12 07:54:00,52.1
2025-06-12 13:08:00,59.4
2025-06-12 20:43:00,50.0997191011236
2025-06-12 20:54:00,50.0997191011236
2025-06-12 18:31:00,42.4
2025-06-12 07:22:00,63.7
2025-06-12 01:02:00,76.4
2025-06-12 13:56:00,45.4
2025-06-12 08:04:00,64.6
2025-06-12 12:13:00,50.0997191011236
2025-06-12 19:08:00,25.7
2025-06-12 16:26:00,19.5
2025-06-12 06:23:00,50.7
2025-06-12 22:01:00,50.0997191011236
2025-06-12 08:19:00,95.2
2025-06-12 11:32:00,80.1
2025-06-12 08:25:00,37.0
2025-06-12 10:21:00,83.0
2025-06-12 03:53:00,29.4
2025-06-12 20:01:00,71.1
2025-06-12 02:13:00,97.6
2025-06-12 08:17:00,50.0997191011236
2025-06-12 14:10:00,20.3
2025-06-12 06:40:00,95.1
2025-06-12 10:15:00,47.2
2025-06-12 03:08:00,79.7
2025-06-12 09:07:00,69.7
2025-06-12 22:44:00,94.9
2025-06-12 02:15:00,50.0997191011236
2025-06-12 02:10:00,50.0997191011236
2025-06-12 03:40:00,50.0997191011236
2025-06-12 03:49:00,72.9
2025-06-12 06:38:00,51.9
2025-06-12 22:33:00,45.5
2025-06-12 08:56:00,74.6
2025-06-12 11:59:00,72.4
2025-06-12 18:03:00,86.6
2025-06-12 06:03:00,45.7
2025-06-12 15:09:00,6.8
2025-06-12 19:47:00,15.9
2025-06-12 05:37:00,0.4
2025-06-12 02:14:00,90.5
2025-06-12 03:06:00,62.7
2025-06-12 16:09:00,86.8
2025-06-12 02:11:00,33.4
2025-06-12 06:15:00,31.7
2025-06-12 15:44:00,95.9
2025-06-12 10:13:00,65.6
2025-06-12 06:57:00,67.5
2025-06-12 19:14:00,36.0
2025-06-12 23:54:00,12.9
2025-06-12 08:26:00,11.9
2025-06-12 11:22:00,96.0
2025-06-12 12:10:00,49.889081537019685
2025-06-12 03:13:00,57.5
2025-06-12 08:19:00,85.1
2025-06-12 17:19:00,52.4
2025-06-12 19:39:00,88.0
2025-06-12 20:29:00,11.7
2025-06-12 22:33:00,67.4
2025-06-12 13:28:00,49.889081537019685
2025-06-12 05:38:00,38.4
2025-06-12 12:27:00,31.6
2025-06-12 20:32:00,81.9
2025-06-12 07:13:00,63.1
2025-06-12 13:39:00,32.6
2025-06-12 23:05:00,76.3
2025-06-12 03:16:00,49.6
2025-06-12 01:45:00,4.8
2025-06-12 23:57:00,49.889081537019685
2025-06-12 04:51:00,99.6
2025-06-12 02:38:00,48.7
2025-06-12 20:17:00,67.3
2025-06-12 02:34:00,64.8
2025-06-12 23:53:00,60.1
2025-06-12 22:03:00,98.9
2025-06-12 17:08:00,75.2
2025-06-12 02:14:00,79.0
2025-06-12 05:42:00,37.5
2025-06-12 15:14:00,47.2
2025-06-12 06:07:00,49.889081537019685
2025-06-12 10:11:00,35.8
2025-06-12 07:21:00,1.6
2025-06-12 10:31:00,5.8
2025-06-12 17:19:00,49.889081537019685
2025-06-12 00:12:00,20.4
2025-06-12 11:32:00,55.4
2025-06-12 16:32:00,27.0
2025-06-12 14:40:00,21.3
2025-06-12 21:56:00,79.1
2025-06-12 04:13:00,81.7
2025-06-12 01:01:00,5.7
2025-06-12 15:39:00,49.889081537019685
2025-06-12 01:07:00,99.2
2025-06-12 21:11:00,20.6
2025-06-12 02:15:00,4.3
2025-06-12 19:54:00,16.5
2025-06-12 19:16:00,15.3
2025-06-12 00:01:00,49.889081537019685
2025-06-12 04:18:00,49.889081537019685
2025-06-12 12:56:00,45.3
2025-06-12 12:38:00,85.4
2025-06-12 15:13:00,57.9
2025-06-12 08:52:00,11.1
2025-06-12 12:16:00,49.889081537019685
2025-06-12 06:24:00,6.1
2025-06-12 05:45:00,49.889081537019685
2025-06-12 19:30:00,62.1
2025-06-12 05:19:00,79.1
2025-06-12 19:29:00,68.8
2025-06-12 07:09:00,92.1
2025-06-12 01:20:00,15.7
2025-06-12 17:57:00,51.5
2025-06-12 22:16:00,33.2
2025-06-12 08:24:00,5.7
2025-06-12 12:21:00,91.2
2025-06-12 17:54:00,28.6
2025-06-12 23:41:00,98.2
2025-06-12 03:49:00,26.9
2025-06-12 16:30:00,14.0
2025-06-12 03:40:00,2.1
2025-06-12 14:47:00,19.1
2025-06-12 06:15:00,71.1
2025-06-12 21:39:00,31.0
2025-06-12 06:20:00,32.7
2025-06-12 10:09:00,49.889081537019685
2025-06-12 16:47:00,83.1
2025-06-12 00:11:00,16.7
2025-06-12 08:09:00,48.5
2025-06-12 12:34:00,34.2
2025-06-12 15:12:00,32.0
2025-06-12 07:39:00,3.3
2025-06-12 16:27:00,44.0
2025-06-12 20:55:00,92.2
2025-06-12 10:50:00,65.2
2025-06-12 23:58:00,25.7
2025-06-12 09:23:00,49.889081537019685
2025-06-12 17:27:00,22.2
2025-06-12 01:07:00,54.3
2025-06-12 14:18:00,49.889081537019685
2025-06-12 09:53:00,2.2
2025-06-12 15:47:00,21.1
2025-06-12 08:35:00,67.8
2025-06-12 18:04:00,38.5
2025-06-12 18:09:00,98.3
2025-06-12 03:15:00,9.2
2025-06-12 14:06:00,49.889081537019685
2025-06-12 09:32:00,73.3
2025-06-12 11:16:00,49.889081537019685
2025-06-12 18:38:00,92.9
2025-06-12 15:39:00,12.7
2025-06-12 19:50:00,38.3
2025-06-12 07:57:00,1.6
2025-06-12 02:00:00,70.9
2025-06-12 13:57:00,97.0
2025-06-12 19:13:00,76.2
2025-06-12 22:02:00,49.889081537019685
2025-06-12 00:56:00,54.6
2025-06-12 04:36:00,54.6
2025-06-12 07:52:00,15.6
2025-06-12 20:56:00,50.0
2025-06-12 21:47:00,58.3
2025-06-12 06:08:00,12.9
2025-06-12 17:48:00,98.5
2025-06-12 16:59:00,4.3
2025-06-12 04:25:00,41.7
2025-06-12 19:48:00,11.4
2025-06-12 02:16:00,49.889081537019685
2025-06-12 06:06:00,97.0
2025-06-12 17:16:00,48.5
2025-06-12 16:55:00,66.7
2025-06-12 06:08:00,48.6
2025-06-12 06:25:00,49.889081537019685
2025-06-12 06:11:00,73.0
2025-06-12 17:49:00,49.889081537019685
2025-06-12 13:09:00,39.1
2025-06-12 09:17:00,97.6
2025-06-12 10:33:00,8.5
2025-06-12 00:57:00,83.0
2025-06-12 17:46:00,35.7
2025-06-12 21:17:00,93.0
2025-06-12 14:39:00,9.5
2025-06-12 13:50:00,54.5
2025-06-12 22:37:00,76.2
2025-06-12 18:40:00,10.5
2025-06-12 18:15:00,34.8
2025-06-12 12:30:00,90.0
2025-06-12 20:17:00,37.6
2025-06-12 20:47:00,13.1
2025-06-12 08:56:00,19.2
2025-06-12 16:41:00,77.1
2025-06-12 02:11:00,19.9
2025-06-12 01:26:00,94.4
2025-06-12 09:22:00,88.8
2025-06-12 03:09:00,49.889081537019685
2025-06-12 17:04:00,49.889081537019685
2025-06-12 08:32:00,13.9
2025-06-12 16:35:00,66.2
2025-06-12 07:37:00,71.2
2025-06-12 10:14:00,38.3
2025-06-12 20:43:00,8.1
2025-06-12 17:53:00,83.9
2025-06-12 11:23:00,49.889081537019685
2025-06-12 07:55:00,49.889081537019685
2025-06-12 11:47:00,77.3
2025-06-12 07:01:00,8.5
2025-06-12 12:37:00,15.6
2025-06-12 13:28:00,46.7
2025-06-12 14:37:00,41.5
2025-06-12 10:19:00,54.0
2025-06-12 12:42:00,66.3
2025-06-12 16:49:00,35.8
2025-06-12 03:22:00,73.2
2025-06-12 06:38:00,49.889081537019685
2025-06-12 16:05:00,54.9
2025-06-12 13:19:00,18.4
2025-06-12 20:02:00,39.5
2025-06-12 03:16:00,41.5
2025-06-12 03:51:00,7.0
2025-06-12 06:24:00,49.889081537019685
2025-06-12 11:54:00,49.889081537019685
2025-06-12 17:28:00,59.1
2025-06-12 17:09:00,76.7
2025-06-12 15:36:00,78.6
2025-06-12 12:08:00,49.889081537019685
2025-06-12 01:47:00,81.9
2025-06-12 23:54:00,38.7
2025-06-12 03:23:00,1.8
2025-06-12 12:59:00,26.8
2025-06-12 10:32:00,77.4
2025-06-12 18:21:00,6.2
2025-06-12 00:28:00,15.7
2025-06-12 11:05:00,74.5
2025-06-12 06:30:00,3.6
2025-06-12 00:22:00,21.8
2025-06-12 07:59:00,43.0
2025-06-12 00:58:00,58.1
2025-06-12 07:27:00,4.3
2025-06-12 08:43:00,49.889081537019685
2025-06-12 06:27:00,14.6
2025-06-12 15:17:00,49.889081537019685
2025-06-12 00:38:00,62.7
2025-06-12 14:53:00,47.4
2025-06-12 07:42:00,50.1
2025-06-12 15:09:00,49.889081537019685
2025-06-12 00:17:00,70.5
2025-06-12 19:46:00,44.9
2025-06-12 05:31:00,92.2
2025-06-12 19:53:00,16.0
2025-06-12 07:04:00,95.3
2025-06-12 19:38:00,52.1
2025-06-12 19:21:00,98.6
2025-06-12 14:28:00,33.2
2025-06-12 15:55:00,99.3
2025-06-12 00:11:00,49.889081537019685
2025-06-12 22:45:00,28.5
2025-06-12 00:03:00,49.889081537019685
2025-06-12 23:08:00,69.8
2025-06-12 03:03:00,92.5
2025-06-12 00:59:00,21.5
2025-06-12 16:35:00,45.0
2025-06-12 06:37:00,33.4
2025-06-12 07:00:00,48.6
2025-06-12 01:44:00,32.1
2025-06-12 13:37:00,82.3
2025-06-12 04:04:00,49.889081537019685
2025-06-12 04:29:00,49.889081537019685
2025-06-12 05:35:00,58.9
2025-06-12 08:06:00,49.889081537019685
2025-06-12 13:01:00,31.7
2025-06-12 02:27:00,47.5
2025-06-12 06:53:00,79.2
2025-06-12 23:13:00,62.0
2025-06-12 21:11:00,78.2
2025-06-12 01:52:00,72.6
2025-06-12 01:58:00,76.7
2025-06-12 08:49:00,90.5
2025-06-12 07:04:00,91.3
2025-06-12 01:37:00,79.9
2025-06-12 08:31:00,86.9
2025-06-12 15:07:00,69.7
2025-06-12 13:32:00,59.5
2025-06-12 15:45:00,52.5
2025-06-12 08:56:00,85.8
2025-06-12 05:10:00,49.889081537019685
2025-06-12 02:00:00,34.8
2025-06-12 05:09:00,71.8
2025-06-12 12:09:00,57.4
2025-06-12 16:00:00,96.1
2025-06-12 06:36:00,98.3
2025-06-12 07:21:00,82.7
2025-06-12 15:58:00,49.889081537019685
2025-06-12 03:12:00,45.9
2025-06-12 03:39:00,49.889081537019685
2025-06-12 08:20:00,90.4
2025-06-12 08:08:00,70.1
2025-06-12 05:23:00,30.1
2025-06-12 05:08:00,5.5
2025-06-12 19:42:00,95.9
2025-06-12 00:17:00,5.2
2025-06-12 16:26:00,19.2
2025-06-12 07:10:00,41.9
2025-06-12 07:13:00,87.2
2025-06-12 10:24:00,60.2
2025-06-12 13:29:00,31.0
2025-06-12 01:31:00,87.5
2025-06-12 01:50:00,41.6
2025-06-12 08:27:00,12.2
2025-06-12 20:04:00,92.2
2025-06-12 08:09:00,49.889081537019685
2025-06-12 11:28:00,80.4
2025-06-12 01:24:00,9.6
2025-06-12 02:19:00,16.7
2025-06-12 13:04:00,96.3
2025-06-12 20:52:00,79.6
2025-06-12 23:58:00,99.8
2025-06-12 08:19:00,25.3
2025-06-12 00:25:00,1.0
2025-06-12 13:46:00,45.8
2025-06-12 02:38:00,39.1
2025-06-12 00:42:00,50.1
2025-06-12 23:15:00,60.3
2025-06-12 15:14:00,31.0
2025-06-12 01:48:00,63.4
2025-06-12 10:22:00,35.6
2025-06-12 20:32:00,49.889081537019685
2025-06-12 13:19:00,70.2
2025-06-12 20:09:00,79.5
2025-06-12 03:30:00,24.4
2025-06-12 11:02:00,81.6
2025-06-12 04:32:00,15.5
2025-06-12 19:58:00,69.3
2025-06-12 15:08:00,11.7
2025-06-12 07:37:00,68.1
2025-06-12 23:18:00,30.5
2025-06-12 00:09:00,70.2
2025-06-12 08:38:00,12.9
2025-06-12 11:37:00,5.3
2025-06-12 00:21:00,25.8
2025-06-12 21:03:00,82.5
2025-06-12 06:57:00,49.889081537019685
2025-06-12 15:40:00,85.8
2025-06-12 04:31:00,12.1
2025-06-12 14:26:00,92.4
2025-06-12 07:28:00,49.889081537019685
2025-06-12 17:45:00,3.7
2025-06-12 19:27:00,55.3
2025-06-12 14:39:00,25.8
2025-06-12 13:46:00,49.889081537019685
2025-06-12 00:58:00,72.9
2025-06-12 05:01:00,49.889081537019685
2025-06-12 12:35:00,80.1
2025-06-12 19:43:00,28.1
2025-06-12 06:26:00,92.1
2025-06-12 12:00:00,72.1
2025-06-12 06:45:00,49.889081537019685
2025-06-12 09:48:00,83.1
2025-06-12 02:38:00,90.3
2025-06-12 07:40:00,78.4
2025-06-12 15:50:00,61.6
2025-06-12 13:52:00,87.7
2025-06-12 11:08:00,71.9
2025-06-12 04:55:00,96.6
2025-06-12 13:45:00,52.9
2025-06-12 15:56:00,88.0
2025-06-12 18:00:00,49.889081537019685
2025-06-12 17:38:00,81.5
2025-06-12 18:41:00,60.7
2025-06-12 21:41:00,23.0
2025-06-12 22:05:00,49.889081537019685
2025-06-12 16:40:00,28.1
2025-06-12 08:21:00,49.889081537019685
2025-06-12 02:29:00,93.9
2025-06-12 20:09:00,12.1
2025-06-12 09:17:00,47.6
2025-06-12 17:02:00,26.9
2025-06-12 23:06:00,63.9
2025-06-12 01:31:00,12.3
2025-06-12 03:05:00,24.7
2025-06-12 13:36:00,77.6
2025-06-12 18:38:00,76.8
2025-06-12 12:46:00,28.7
2025-06-12 03:43:00,87.6
2025-06-12 01:31:00,75.0
2025-06-12 09:58:00,91.0
2025-06-12 09:58:00,11.0
2025-06-12 08:01:00,73.2
2025-06-12 03:31:00,65.6
2025-06-12 21:37:00,92.4
2025-06-12 17:46:00,48.7
2025-06-12 11:22:00,45.9
2025-06-12 01:35:00,37.5
2025-06-12 09:59:00,12.8
2025-06-12 13:53:00,19.9
2025-06-12 15:18:00,60.0
2025-06-12 08:29:00,88.6
2025-06-12 21:56:00,78.8
2025-06-12 01:44:00,4.3
2025-06-12 22:34:00,19.3
2025-06-12 06:39:00,56.9
2025-06-12 11:59:00,22.2
2025-06-12 02:35:00,50.12778039031272
2025-06-12 23:21:00,12.6
2025-06-12 06:39:00,21.4
2025-06-12 05:08:00,78.9
2025-06-12 20:32:00,23.4
2025-06-12 05:31:00,17.2
2025-06-12 02:50:00,95.7
2025-06-12 19:48:00,33.4
2025-06-12 23:11:00,63.8
2025-06-12 03:59:00,23.7
2025-06-12 07:49:00,89.9
2025-06-12 03:09:00,86.6
2025-06-12 10:40:00,14.2
2025-06-12 17:57:00,50.12778039031272
2025-06-12 13:35:00,57.7
2025-06-12 13:20:00,69.0
2025-06-12 01:03:00,91.7
2025-06-12 01:42:00,61.4
2025-06-12 10:42:00,15.8
2025-06-12 12:25:00,95.0
2025-06-12 23:27:00,2.1
2025-06-12 08:18:00,2.4
2025-06-12 15:21:00,40.6
2025-06-12 11:12:00,50.12778039031272
2025-06-12 17:09:00,42.9
2025-06-12 13:00:00,29.0
2025-06-12 22:50:00,34.8
2025-06-12 12:34:00,90.6
2025-06-12 16:02:00,0.6
2025-06-12 13:37:00,34.9
2025-06-12 18:41:00,58.7
2025-06-12 00:13:00,18.3
2025-06-12 04:04:00,81.3
2025-06-12 13:51:00,50.12778039031272
2025-06-12 23:47:00,50.12778039031272
2025-06-12 14:24:00,91.8
2025-06-12 17:59:00,12.5
2025-06-12 01:01:00,16.9
2025-06-12 03:19:00,21.7
2025-06-12 11:27:00,59.3
2025-06-12 05:59:00,79.2
2025-06-12 07:04:00,97.9
2025-06-12 01:19:00,44.8
2025-06-12 12:58:00,67.7
2025-06-12 20:56:00,50.12778039031272
2025-06-12 07:49:00,78.6
2025-06-12 05:12:00,94.8
2025-06-12 19:28:00,3.2
2025-06-12 12:38:00,70.8
2025-06-12 10:33:00,77.0
2025-06-12 20:59:00,69.7
2025-06-12 13:11:00,19.9
2025-06-12 13:29:00,62.8
2025-06-12 04:44:00,39.4
2025-06-12 16:12:00,50.12778039031272
2025-06-12 22:15:00,50.12778039031272
2025-06-12 21:44:00,59.5
2025-06-12 10:53:00,70.4
2025-06-12 05:48:00,26.9
2025-06-12 15:03:00,40.6
2025-06-12 05:09:00,68.2
2025-06-12 22:43:00,49.8
2025-06-12 22:13:00,64.7
2025-06-12 17:07:00,83.8
2025-06-12 09:39:00,13.6
2025-06-12 04:55:00,55.8
2025-06-12 00:24:00,28.5
2025-06-12 12:40:00,38.2
2025-06-12 15:48:00,45.1
2025-06-12 02:47:00,80.3
2025-06-12 21:32:00,62.5
2025-06-12 12:34:00,77.9
2025-06-12 03:10:00,29.9
2025-06-12 08:52:00,50.12778039031272
2025-06-12 21:21:00,40.3
2025-06-12 14:51:00,91.9
2025-06-12 20:59:00,50.12778039031272
2025-06-12 04:55:00,21.1
2025-06-12 18:23:00,72.8
2025-06-12 21:06:00,19.7
2025-06-12 01:17:00,1.3
2025-06-12 13:20:00,27.1
2025-06-12 23:36:00,50.12778039031272
2025-06-12 01:35:00,7.0
2025-06-12 09:20:00,50.12778039031272
2025-06-12 10:47:00,50.12778039031272
2025-06-12 18:48:00,50.12778039031272
2025-06-12 19:03:00,19.4
2025-06-12 00:36:00,20.2
2025-06-12 16:06:00,50.12778039031272
2025-06-12 01:52:00,77.8
2025-06-12 10:21:00,26.5
2025-06-12 16:02:00,80.3
2025-06-12 21:18:00,86.2
2025-06-12 23:19:00,6.9
2025-06-12 19:50:00,48.7
2025-06-12 19:42:00,16.8
2025-06-12 13:28:00,52.8
2025-06-12 06:12:00,17.0
2025-06-12 00:37:00,50.12778039031272
2025-06-12 10:56:00,81.5
2025-06-12 17:16:00,22.8
2025-06-12 16:57:00,47.3
2025-06-12 09:17:00,40.7
2025-06-12 14:05:00,55.3
2025-06-12 14:33:00,99.8
2025-06-12 23:48:00,92.1
2025-06-12 21:20:00,22.0
2025-06-12 11:08:00,53.7
2025-06-12 20:12:00,78.1
2025-06-12 04:17:00,62.8
2025-06-12 06:02:00,20.1
2025-06-12 08:16:00,65.8
2025-06-12 06:17:00,61.7
2025-06-12 02:20:00,20.0
2025-06-12 12:46:00,66.4
2025-06-12 18:04:00,53.8
2025-06-12 23:58:00,62.8
2025-06-12 10:44:00,58.6
2025-06-12 00:42:00,50.12778039031272
2025-06-12 10:59:00,7.8
2025-06-12 15:25:00,10.5
2025-06-12 09:21:00,51.1
2025-06-12 12:33:00,64.3
2025-06-12 16:23:00,57.7
2025-06-12 23:50:00,88.1
2025-06-12 10:49:00,93.7
2025-06-12 10:51:00,3.3
2025-06-12 06:14:00,36.7
2025-06-12 11:58:00,35.2
2025-06-12 06:56:00,65.1
2025-06-12 22:42:00,64.7
2025-06-12 01:16:00,1.2
2025-06-12 10:09:00,78.4
2025-06-12 03:11:00,89.0
2025-06-12 14:23:00,58.5
2025-06-12 21:13:00,45.5
2025-06-12 05:15:00,23.2
2025-06-12 08:48:00,26.3
2025-06-12 13:37:00,54.2
2025-06-12 21:35:00,72.7
2025-06-12 13:37:00,1.0
2025-06-12 18:43:00,50.12778039031272
2025-06-12 16:40:00,21.4
2025-06-12 20:17:00,92.0
2025-06-12 08:52:00,42.6
2025-06-12 03:29:00,40.7
2025-06-12 20:59:00,1.9
2025-06-12 15:24:00,33.8
2025-06-12 08:16:00,27.5
2025-06-12 15:22:00,35.4
2025-06-12 16:47:00,33.1
2025-06-12 17:37:00,74.0
2025-06-12 03:31:00,16.6
2025-06-12 11:07:00,90.8
2025-06-12 04:47:00,61.1
2025-06-12 08:03:00,45.2
2025-06-12 01:52:00,32.3
2025-06-12 09:18:00,26.6
2025-06-12 20:13:00,33.0
2025-06-12 22:12:00,56.5
2025-06-12 14:25:00,45.6
2025-06-12 13:10:00,69.6
2025-06-12 14:34:00,14.3
2025-06-12 21:46:00,44.3
2025-06-12 06:51:00,50.12778039031272
2025-06-12 07:32:00,37.0
2025-06-12 06:53:00,34.3
2025-06-12 01:05:00,98.6
2025-06-12 11:49:00,90.9
2025-06-12 20:06:00,12.7
2025-06-12 16:26:00,58.7
2025-06-12 01:44:00,31.7
2025-06-12 00:19:00,50.12778039031272
2025-06-12 10:12:00,54.4
2025-06-12 17:57:00,77.3
2025-06-12 21:56:00,24.3
2025-06-12 04:24:00,50.12778039031272
2025-06-12 10:06:00,31.1
2025-06-12 21:01:00,37.8
2025-06-12 16:03:00,50.4
2025-06-12 01:01:00,82.2
2025-06-12 17:01:00,68.4
2025-06-12 04:17:00,11.8
2025-06-12 15:00:00,95.1
2025-06-12 16:12:00,35.4
2025-06-12 07:38:00,50.12778039031272
2025-06-12 01:38:00,84.7
2025-06-12 14:18:00,50.12778039031272
2025-06-12 00:44:00,56.7
2025-06-12 20:50:00,27.3
2025-06-12 16:11:00,28.9
2025-06-12 21:19:00,54.7
2025-06-12 05:25:00,50.12778039031272
2025-06-12 22:55:00,21.9
2025-06-12 22:23:00,95.8
2025-06-12 13:20:00,19.3
2025-06-12 14:28:00,38.0
2025-06-12 19:11:00,75.0
2025-06-12 03:38:00,50.12778039031272
2025-06-12 04:46:00,44.4
2025-06-12 12:48:00,62.7
2025-06-12 04:57:00,0.4
2025-06-12 11:13:00,48.6
2025-06-12 16:35:00,69.3
2025-06-12 17:37:00,22.8
2025-06-12 16:25:00,76.0
2025-06-12 02:59:00,87.1
2025-06-12 04:39:00,95.7
2025-06-12 16:02:00,68.4
2025-06-12 01:19:00,13.6
2025-06-12 05:37:00,50.12778039031272
2025-06-12 08:16:00,9.1
2025-06-12 23:31:00,50.12778039031272
2025-06-12 06:45:00,80.7
2025-06-12 00:45:00,50.12778039031272
2025-06-12 02:10:00,73.0
2025-06-12 06:50:00,27.1
2025-06-12 19:44:00,50.12778039031272
2025-06-12 00:42:00,33.9
2025-06-12 04:17:00,53.5
2025-06-12 02:03:00,39.8
2025-06-12 08:50:00,50.12778039031272
2025-06-12 02:12:00,54.8
2025-06-12 17:26:00,99.4
2025-06-12 02:59:00,23.2
2025-06-12 16:47:00,83.4
2025-06-12 22:06:00,73.7
2025-06-12 08:18:00,98.8
2025-06-12 02:55:00,50.12778039031272
2025-06-12 22:28:00,50.12778039031272
2025-06-12 03:56:00,1.7
2025-06-12 04:41:00,3.4
2025-06-12 17:04:00,28.7
2025-06-12 04:53:00,50.12778039031272
2025-06-12 10:21:00,27.6
2025-06-12 12:47:00,89.9
2025-06-12 08:33:00,40.3
2025-06-12 09:16:00,65.9
2025-06-12 22:08:00,50.7
2025-06-12 06:37:00,57.5
2025-06-12 12:12:00,11.0
2025-06-12 10:41:00,26.0
2025-06-12 09:15:00,50.12778039031272
2025-06-12 06:30:00,50.12778039031272
2025-06-12 11:00:00,75.5
2025-06-12 07:54:00,9.0
2025-06-12 11:15:00,13.6
2025-06-12 18:25:00,50.12778039031272
2025-06-12 13:54:00,51.1
2025-06-12 01:01:00,14.2
2025-06-12 13:46:00,66.5
2025-06-12 19:57:00,94.9
2025-06-12 00:24:00,48.7
2025-06-12 14:41:00,19.3
2025-06-12 08:06:00,23.0
2025-06-12 08:41:00,58.6
2025-06-12 20:23:00,32.4
2025-06-12 10:37:00,28.9
2025-06-12 21:40:00,88.8
2025-06-12 10:35:00,50.12778039031272
2025-06-12 08:06:00,23.6
2025-06-12 08:53:00,35.4
2025-06-12 04:25:00,53.8
2025-06-12 23:35:00,92.7
2025-06-12 06:43:00,50.12778039031272
2025-06-12 00:03:00,67.5
2025-06-12 23:32:00,97.9
2025-06-12 21:26:00,2.4
2025-06-12 03:04:00,50.12778039031272
2025-06-12 07:51:00,15.8
2025-06-12 07:42:00,17.9
2025-06-12 23:13:00,50.12778039031272
2025-06-12 03:15:00,76.4
2025-06-12 11:06:00,30.7
2025-06-12 23:35:00,6.3
2025-06-12 04:12:00,59.9
2025-06-12 16:50:00,79.0
2025-06-12 23:12:00,50.12778039031272
2025-06-12 18:04:00,56.3
2025-06-12 19:32:00,71.2
2025-06-12 18:21:00,47.0
2025-06-12 04:26:00,10.9
2025-06-12 01:09:00,80.8
2025-06-12 23:38:00,69.7
2025-06-12 14:51:00,79.4
2025-06-12 18:43:00,95.7
2025-06-12 06:19:00,72.7
2025-06-12 14:56:00,60.2
2025-06-12 16:47:00,46.4
2025-06-12 11:02:00,30.8
2025-06-12 09:18:00,62.9
2025-06-12 23:02:00,31.6
2025-06-12 19:23:00,38.8
2025-06-12 14:14:00,50.12778039031272
2025-06-12 17:35:00,50.12778039031272
2025-06-12 06:25:00,2.7
2025-06-12 23:09:00,50.12778039031272
2025-06-12 19:57:00,50.12778039031272
2025-06-12 17:44:00,78.3
2025-06-12 17:36:00,50.12778039031272
2025-06-12 07:25:00,73.1
2025-06-12 14:23:00,14.7
2025-06-12 22:16:00,20.3
2025-06-12 14:12:00,62.9
2025-06-12 21:17:00,42.8
2025-06-12 03:31:00,84.6
2025-06-12 16:30:00,51.5
2025-06-12 15:13:00,50.12778039031272
2025-06-12 01:13:00,17.8
2025-06-12 14:32:00,50.12778039031272
2025-06-12 01:04:00,75.9
2025-06-12 11:27:00,32.4
2025-06-12 07:52:00,87.6
2025-06-12 19:37:00,89.9
2025-06-12 18:39:00,12.6
2025-06-12 23:43:00,52.5
2025-06-12 20:57:00,50.12778039031272
2025-06-12 19:38:00,95.9
2025-06-12 00:47:00,95.3
2025-06-12 17:03:00,4.5
2025-06-12 13:07:00,61.4
2025-06-12 09:34:00,40.8
2025-06-12 10:49:00,23.9
2025-06-12 20:08:00,88.6
2025-06-12 01:07:00,98.6
2025-06-12 22:34:00,95.4
2025-06-12 00:24:00,79.3
2025-06-12 14:45:00,49.8
2025-06-12 06:54:00,20.1
2025-06-12 04:58:00,50.1655304792927
2025-06-12 06:39:00,76.1
2025-06-12 20:22:00,59.4
2025-06-12 14:40:00,50.1655304792927
2025-06-12 15:07:00,89.7
2025-06-12 15:40:00,97.7
2025-06-12 21:25:00,38.1
2025-06-12 22:31:00,28.4
2025-06-12 00:47:00,84.8
2025-06-12 02:55:00,48.2
2025-06-12 15:01:00,50.1655304792927
2025-06-12 18:56:00,42.7
2025-06-12 03:08:00,63.3
2025-06-12 03:36:00,70.7
2025-06-12 07:55:00,59.4
2025-06-12 14:53:00,61.0
2025-06-12 23:00:00,53.8
2025-06-12 23:01:00,62.5
2025-06-12 11:57:00,10.3
2025-06-12 18:36:00,47.6
2025-06-12 03:44:00,74.4
2025-06-12 17:17:00,54.0
2025-06-12 01:55:00,25.8
2025-06-12 21:08:00,41.6
2025-06-12 17:35:00,45.5
2025-06-12 20:48:00,74.9
2025-06-12 14:15:00,45.4
2025-06-12 23:16:00,51.6
2025-06-12 23:39:00,26.0
2025-06-12 20:57:00,35.2
2025-06-12 20:56:00,10.4
2025-06-12 02:35:00,20.5
2025-06-12 04:03:00,50.1655304792927
2025-06-12 15:40:00,89.8
2025-06-12 21:32:00,36.5
2025-06-12 11:20:00,12.8
2025-06-12 05:04:00,50.1655304792927
2025-06-12 21:33:00,48.7
2025-06-12 17:37:00,56.9
2025-06-12 05:11:00,6.1
2025-06-12 22:50:00,50.1655304792927
2025-06-12 08:57:00,40.0
2025-06-12 03:27:00,20.7
2025-06-12 19:15:00,79.0
2025-06-12 02:43:00,75.1
2025-06-12 10:35:00,99.8
2025-06-12 03:54:00,29.9
2025-06-12 18:54:00,41.0
2025-06-12 17:05:00,50.1655304792927
2025-06-12 10:26:00,14.7
2025-06-12 00:01:00,12.2
2025-06-12 09:41:00,7.3
2025-06-12 07:50:00,17.4
2025-06-12 02:18:00,94.1
2025-06-12 13:38:00,27.3
2025-06-12 23:34:00,65.8
2025-06-12 06:12:00,30.8
2025-06-12 09:49:00,50.1655304792927
2025-06-12 04:53:00,62.7
2025-06-12 02:36:00,17.0
2025-06-12 13:14:00,91.9
2025-06-12 04:35:00,56.5
2025-06-12 05:08:00,78.8
2025-06-12 12:54:00,48.5
2025-06-12 18:29:00,95.2
2025-06-12 14:13:00,91.4
2025-06-12 22:47:00,37.3
2025-06-12 23:17:00,15.0
2025-06-12 21:34:00,50.1655304792927
2025-06-12 17:33:00,74.4
2025-06-12 10:26:00,87.0
2025-06-12 08:29:00,19.7
2025-06-12 03:41:00,46.5
2025-06-12 04:03:00,84.5
2025-06-12 21:46:00,55.6
2025-06-12 17:47:00,72.5
2025-06-12 20:58:00,7.0
2025-06-12 19:10:00,47.1
2025-06-12 22:05:00,63.5
2025-06-12 22:06:00,26.4
2025-06-12 00:52:00,16.5
2025-06-12 01:48:00,50.1655304792927
2025-06-12 00:18:00,2.3
2025-06-12 00:36:00,61.2
2025-06-12 12:48:00,98.8
2025-06-12 03:31:00,89.5
2025-06-12 23:33:00,85.6
2025-06-12 03:48:00,4.3
2025-06-12 18:39:00,60.0
2025-06-12 14:55:00,74.2
2025-06-12 04:47:00,10.5
2025-06-12 11:38:00,24.9
2025-06-12 04:43:00,94.5
2025-06-12 20:29:00,50.1655304792927
2025-06-12 21:51:00,54.7
2025-06-12 17:37:00,31.9
2025-06-12 13:09:00,70.8
2025-06-12 16:36:00,44.7
2025-06-12 23:35:00,41.5
2025-06-12 05:21:00,27.7
2025-06-12 01:29:00,75.9
2025-06-12 14:08:00,2.2
2025-06-12 21:44:00,32.1
2025-06-12 07:13:00,81.0
2025-06-12 05:54:00,89.5
2025-06-12 03:33:00,82.4
2025-06-12 18:59:00,78.1
2025-06-12 03:43:00,68.0
2025-06-12 03:32:00,66.9
2025-06-12 20:32:00,22.6
2025-06-12 00:25:00,40.8
2025-06-12 10:00:00,14.5
2025-06-12 19:55:00,36.4
2025-06-12 14:53:00,36.2
2025-06-12 04:55:00,61.8
2025-06-12 17:21:00,48.7
2025-06-12 14:52:00,23.0
2025-06-12 11:54:00,1.2
2025-06-12 19:31:00,32.9
2025-06-12 08:56:00,42.8
2025-06-12 23:30:00,36.1
2025-06-12 16:22:00,32.7
2025-06-12 00:29:00,96.5
2025-06-12 05:50:00,57.2
2025-06-12 21:05:00,98.7
2025-06-12 15:49:00,5.9
2025-06-12 05:18:00,57.1
2025-06-12 01:55:00,11.8
2025-06-12 21:32:00,45.8
2025-06-12 16:31:00,29.8
2025-06-12 06:54:00,17.3
2025-06-12 03:49:00,44.0
2025-06-12 00:18:00,73.9
2025-06-12 12:38:00,24.7
2025-06-12 13:59:00,34.0
2025-06-12 19:09:00,8.0
2025-06-12 03:33:00,31.3
2025-06-12 01:25:00,87.5
2025-06-12 01:56:00,30.9
2025-06-12 15:54:00,43.0
2025-06-12 18:29:00,18.4
2025-06-12 00:00:00,58.9
2025-06-12 21:01:00,91.3
2025-06-12 14:13:00,74.8
2025-06-12 00:52:00,51.1
2025-06-12 22:46:00,26.3
2025-06-12 03:12:00,63.2
2025-06-12 10:32:00,63.1
2025-06-12 07:37:00,13.9
2025-06-12 19:36:00,93.6
2025-06-12 02:33:00,63.8
2025-06-12 06:24:00,0.5
2025-06-12 11:07:00,55.1
2025-06-12 04:31:00,72.5
2025-06-12 19:27:00,95.7
2025-06-12 22:25:00,96.1
2025-06-12 01:21:00,26.8
2025-06-12 15:43:00,94.5
2025-06-12 13:41:00,43.7
2025-06-12 14:28:00,49.1
2025-06-12 18:56:00,45.4
2025-06-12 03:34:00,97.0
2025-06-12 12:55:00,71.1
2025-06-12 23:17:00,65.8
2025-06-12 15:37:00,49.5
2025-06-12 04:14:00,88.6
2025-06-12 06:40:00,2.7
2025-06-12 00:40:00,77.4
2025-06-12 10:16:00,61.6
2025-06-12 09:06:00,77.9
2025-06-12 23:09:00,50.1655304792927
2025-06-12 01:43:00,68.1
2025-06-12 23:34:00,71.1
2025-06-12 15:47:00,99.1
2025-06-12 04:47:00,52.0
2025-06-12 06:33:00,53.9
2025-06-12 19:27:00,73.1
2025-06-12 09:56:00,20.5
2025-06-12 11:35:00,64.1
2025-06-12 19:56:00,50.1655304792927
2025-06-12 14:35:00,35.7
2025-06-12 19:11:00,6.2
2025-06-12 08:53:00,50.1655304792927
2025-06-12 19:50:00,9.2
2025-06-12 02:45:00,9.0
2025-06-12 05:52:00,1.1
2025-06-12 06:29:00,68.3
2025-06-12 01:41:00,63.1
2025-06-12 04:04:00,86.8
2025-06-12 01:16:00,88.8
2025-06-12 13:46:00,8.9
2025-06-12 15:21:00,77.6
2025-06-12 07:24:00,25.3
2025-06-12 10:54:00,50.1655304792927
2025-06-12 05:41:00,54.8
2025-06-12 06:14:00,95.6
2025-06-12 23:56:00,54.2
2025-06-12 03:10:00,50.2
2025-06-12 17:56:00,63.1
2025-06-12 17:36:00,27.5
2025-06-12 18:52:00,50.1655304792927
2025-06-12 03:14:00,50.1655304792927
2025-06-12 15:59:00,50.1655304792927
2025-06-12 02:40:00,64.4
2025-06-12 21:12:00,17.3
2025-06-12 05:21:00,69.0
2025-06-12 16:40:00,58.9
2025-06-12 23:43:00,51.8
2025-06-12 07:05:00,60.8
2025-06-12 00:16:00,40.4
2025-06-12 19:05:00,94.5
2025-06-12 01:26:00,3.2
2025-06-12 00:55:00,9.3
2025-06-12 14:42:00,7.4
2025-06-12 20:40:00,23.6
2025-06-12 08:20:00,2.2
2025-06-12 00:05:00,53.8
2025-06-12 08:25:00,90.6
2025-06-12 11:20:00,31.1
2025-06-12 17:28:00,92.0
2025-06-12 03:35:00,74.5
2025-06-12 02:57:00,54.4
2025-06-12 04:56:00,64.7
2025-06-12 05:06:00,50.1655304792927
2025-06-12 19:43:00,50.1655304792927
2025-06-12 01:33:00,12.3
2025-06-12 20:16:00,72.1
2025-06-12 06:18:00,53.4
2025-06-12 01:27:00,50.1655304792927
2025-06-12 03:08:00,90.2
2025-06-12 14:07:00,26.4
2025-06-12 08:34:00,54.0
2025-06-12 20:48:00,80.2
2025-06-12 14:53:00,90.2
2025-06-12 19:22:00,15.8
2025-06-12 12:59:00,50.1655304792927
2025-06-12 03:57:00,29.9
2025-06-12 15:23:00,40.9
2025-06-12 15:08:00,14.6
2025-06-12 01:12:00,56.4
2025-06-12 17:23:00,38.3
2025-06-12 05:50:00,62.1
2025-06-12 00:25:00,78.2
2025-06-12 08:15:00,54.6
2025-06-12 02:51:00,27.0
2025-06-12 17:45:00,38.3
2025-06-12 18:52:00,79.4
2025-06-12 18:44:00,43.6
2025-06-12 04:10:00,37.3
2025-06-12 19:59:00,61.5
2025-06-12 13:52:00,73.7
2025-06-12 02:28:00,49.4
2025-06-12 19:51:00,36.8
2025-06-12 00:43:00,25.3
2025-06-12 07:22:00,87.8
2025-06-12 20:03:00,53.5
2025-06-12 12:40:00,14.6
2025-06-12 11:38:00,38.0
2025-06-12 10:06:00,50.1655304792927
2025-06-12 20:49:00,54.8
2025-06-12 18:02:00,3.6
2025-06-12 15:06:00,50.1655304792927
2025-06-12 16:01:00,35.6
2025-06-12 22:54:00,22.4
2025-06-12 14:18:00,71.6
2025-06-12 16:11:00,50.1655304792927
2025-06-12 20:25:00,86.0
2025-06-12 01:32:00,11.5
2025-06-12 03:38:00,10.2
2025-06-12 21:09:00,94.4
2025-06-12 05:43:00,88.3
2025-06-12 01:50:00,94.0
2025-06-12 18:49:00,50.1655304792927
2025-06-12 03:42:00,73.0
2025-06-12 03:25:00,46.0
2025-06-12 00:41:00,13.4
2025-06-12 00:30:00,19.4
2025-06-12 02:30:00,79.4
2025-06-12 17:30:00,89.9
2025-06-12 10:30:00,21.5
2025-06-12 03:24:00,59.7
2025-06-12 23:47:00,50.1655304792927
2025-06-12 19:56:00,38.1
2025-06-12 18:41:00,94.7
2025-06-12 22:19:00,50.1655304792927
2025-06-12 10:49:00,51.1
2025-06-12 03:55:00,50.1655304792927
2025-06-12 23:40:00,56.4
2025-06-12 20:48:00,30.4
2025-06-12 04:49:00,50.1655304792927
2025-06-12 03:39:00,50.1655304792927
2025-06-12 15:37:00,50.1655304792927
2025-06-12 13:14:00,40.1
2025-06-12 06:28:00,83.6
2025-06-12 20:04:00,75.2
2025-06-12 19:14:00,42.9
2025-06-12 13:52:00,34.8
2025-06-12 12:23:00,54.2
2025-06-12 19:21:00,35.9
2025-06-12 02:06:00,88.3
2025-06-12 06:56:00,25.3
2025-06-12 15:28:00,78.8
2025-06-12 23:14:00,64.7
2025-06-12 04:14:00,50.1655304792927
2025-06-12 06:04:00,69.9
2025-06-12 01:59:00,43.8
2025-06-12 00:03:00,19.5
2025-06-12 23:18:00,82.9
2025-06-12 23:07:00,94.2
2025-06-12 13:14:00,6.6
2025-06-12 23:31:00,75.9
2025-06-12 21:39:00,40.1
2025-06-12 07:37:00,1.9
2025-06-12 14:12:00,68.3
2025-06-12 07:43:00,37.5
2025-06-12 02:04:00,50.2
2025-06-12 21:01:00,92.3
2025-06-12 16:49:00,15.1
2025-06-12 22:58:00,67.9
2025-06-12 13:46:00,55.5
2025-06-12 03:25:00,50.1655304792927
2025-06-12 11:53:00,97.2
2025-06-12 03:29:00,32.9
2025-06-12 15:33:00,67.5
2025-06-12 13:42:00,44.6
2025-06-12 17:01:00,50.1655304792927
2025-06-12 12:42:00,50.0
2025-06-12 02:49:00,84.2
2025-06-12 11:53:00,39.8
2025-06-12 19:01:00,55.2
2025-06-12 09:34:00,13.9
2025-06-12 21:57:00,13.0
2025-06-12 04:19:00,85.3
2025-06-12 02:57:00,68.2
2025-06-12 17:31:00,50.16485882352941
2025-06-12 18:36:00,50.16485882352941
2025-06-12 20:34:00,90.4
2025-06-12 01:38:00,57.6
2025-06-12 05:58:00,59.2
2025-06-12 17:59:00,50.16485882352941
2025-06-12 11:47:00,50.16485882352941
2025-06-12 17:08:00,50.16485882352941
2025-06-12 22:39:00,98.1
2025-06-12 15:03:00,6.4
2025-06-12 10:36:00,54.5
2025-06-12 14:41:00,67.3
2025-06-12 00:19:00,99.8
2025-06-12 23:50:00,82.5
2025-06-12 16:58:00,50.16485882352941
2025-06-12 17:30:00,50.16485882352941
2025-06-12 17:33:00,50.16485882352941
2025-06-12 19:51:00,19.6
2025-06-12 10:39:00,38.0
2025-06-12 18:55:00,3.3
2025-06-12 04:10:00,53.3
2025-06-12 03:03:00,28.9
2025-06-12 03:42:00,50.16485882352941
2025-06-12 05:35:00,78.0
2025-06-12 01:40:00,43.4
2025-06-12 19:15:00,74.8
2025-06-12 00:51:00,44.6
2025-06-12 00:49:00,15.7
2025-06-12 09:06:00,63.0
2025-06-12 07:57:00,67.0
2025-06-12 19:07:00,48.0
2025-06-12 00:42:00,99.1
2025-06-12 06:53:00,13.1
2025-06-12 00:52:00,7.9
2025-06-12 04:09:00,59.1
2025-06-12 11:07:00,25.1
2025-06-12 13:18:00,32.7
2025-06-12 10:27:00,3.0
2025-06-12 13:02:00,65.2
2025-06-12 00:09:00,45.9
2025-06-12 02:10:00,74.5
2025-06-12 20:46:00,45.9
2025-06-12 09:07:00,90.2
2025-06-12 21:26:00,35.2
2025-06-12 06:20:00,39.6
2025-06-12 08:43:00,67.5
2025-06-12 14:14:00,70.9
2025-06-12 00:10:00,13.0
2025-06-12 16:11:00,81.9
2025-06-12 03:11:00,48.6
2025-06-12 03:34:00,68.0
2025-06-12 08:21:00,5.9
2025-06-12 21:06:00,79.7
2025-06-12 12:58:00,50.9
2025-06-12 00:10:00,27.0
2025-06-12 12:36:00,50.16485882352941
2025-06-12 07:49:00,41.3
2025-06-12 03:04:00,59.8
2025-06-12 00:58:00,98.5
2025-06-12 16:34:00,63.3
2025-06-12 02:03:00,0.3
2025-06-12 14:09:00,16.7
2025-06-12 03:45:00,19.7
2025-06-12 22:51:00,22.6
2025-06-12 06:10:00,72.0
2025-06-12 15:31:00,29.2
2025-06-12 06:04:00,77.6
2025-06-12 05:28:00,95.1
2025-06-12 09:37:00,26.7
2025-06-12 22:36:00,50.16485882352941
2025-06-12 01:57:00,18.4
2025-06-12 06:20:00,98.9
2025-06-12 22:41:00,50.16485882352941
2025-06-12 01:32:00,85.4
2025-06-12 05:00:00,50.16485882352941
2025-06-12 11:32:00,98.1
2025-06-12 16:15:00,67.7
2025-06-12 01:28:00,86.6
2025-06-12 01:37:00,52.5
2025-06-12 07:40:00,50.1
2025-06-12 04:11:00,2.8
2025-06-12 18:45:00,46.5
2025-06-12 23:21:00,87.8
2025-06-12 20:26:00,24.9
2025-06-12 22:53:00,17.7
2025-06-12 03:23:00,67.4
2025-06-12 10:08:00,54.7
2025-06-12 06:26:00,50.16485882352941
2025-06-12 12:12:00,16.9
2025-06-12 16:11:00,50.16485882352941
2025-06-12 21:45:00,5.3
2025-06-12 03:28:00,84.0
2025-06-12 19:56:00,39.2
2025-06-12 12:26:00,85.8
2025-06-12 07:41:00,38.7
2025-06-12 01:03:00,62.5
2025-06-12 03:37:00,39.7
2025-06-12 20:24:00,50.16485882352941
2025-06-12 04:18:00,70.4
2025-06-12 02:06:00,35.1
2025-06-12 16:40:00,50.16485882352941
2025-06-12 00:25:00,34.4
2025-06-12 07:46:00,17.4
2025-06-12 02:57:00,50.16485882352941
2025-06-12 00:25:00,31.9
2025-06-12 19:09:00,30.8
2025-06-12 09:42:00,65.7
2025-06-12 05:41:00,64.8
2025-06-12 21:48:00,92.8
2025-06-12 23:15:00,17.2
2025-06-12 04:37:00,33.6
2025-06-12 11:02:00,40.7
2025-06-12 07:31:00,90.9
2025-06-12 15:35:00,46.2
2025-06-12 01:00:00,72.6
2025-06-12 23:01:00,65.6
2025-06-12 00:38:00,92.5
2025-06-12 11:17:00,56.7
2025-06-12 06:30:00,53.4
2025-06-12 06:05:00,5.5
2025-06-12 00:15:00,50.16485882352941
2025-06-12 05:57:00,50.16485882352941
2025-06-12 21:34:00,98.1
2025-06-12 17:37:00,66.2
2025-06-12 23:59:00,6.9
2025-06-12 08:38:00,53.2
2025-06-12 07:00:00,44.7
2025-06-12 04:28:00,24.4
2025-06-12 06:08:00,66.9
2025-06-12 12:33:00,87.3
2025-06-12 20:13:00,22.9
2025-06-12 23:38:00,50.16485882352941
2025-06-12 14:47:00,98.1
2025-06-12 20:14:00,96.8
2025-06-12 00:54:00,78.0
2025-06-12 15:34:00,76.8
2025-06-12 00:18:00,20.1
2025-06-12 01:15:00,18.6
2025-06-12 00:16:00,23.4
2025-06-12 19:28:00,3.9
2025-06-12 06:02:00,68.0
2025-06-12 06:27:00,50.16485882352941
2025-06-12 16:49:00,50.16485882352941
2025-06-12 06:25:00,63.3
2025-06-12 18:11:00,50.16485882352941
2025-06-12 02:49:00,29.6
2025-06-12 00:25:00,28.6
2025-06-12 02:46:00,9.5
2025-06-12 16:06:00,40.8
2025-06-12 01:22:00,74.8
2025-06-12 09:39:00,97.7
2025-06-12 18:31:00,50.16485882352941
2025-06-12 08:17:00,50.16485882352941
2025-06-12 00:36:00,49.9
2025-06-12 10:18:00,69.9
2025-06-12 17:32:00,29.0
2025-06-12 06:46:00,21.0
2025-06-12 06:43:00,50.16485882352941
2025-06-12 01:10:00,20.0
2025-06-12 01:40:00,98.0
2025-06-12 06:12:00,14.2
2025-06-12 05:56:00,50.16485882352941
2025-06-12 09:07:00,67.0
2025-06-12 21:42:00,78.6
2025-06-12 01:15:00,15.3
2025-06-12 15:29:00,28.0
2025-06-12 15:50:00,59.3
2025-06-12 08:29:00,50.6
2025-06-12 23:40:00,43.6
2025-06-12 21:46:00,61.4
2025-06-12 20:57:00,69.4
2025-06-12 14:26:00,8.6
2025-06-12 21:49:00,9.9
2025-06-12 20:02:00,68.5
2025-06-12 17:46:00,72.9
2025-06-12 00:23:00,58.5
2025-06-12 03:17:00,50.16485882352941
2025-06-12 10:53:00,40.0
2025-06-12 08:38:00,54.7
2025-06-12 05:36:00,35.9
2025-06-12 09:15:00,95.6
2025-06-12 23:18:00,49.5
2025-06-12 02:34:00,50.8
2025-06-12 07:01:00,22.4
2025-06-12 02:32:00,30.3
2025-06-12 12:50:00,9.5
2025-06-12 08:27:00,99.5
2025-06-12 23:01:00,8.6
2025-06-12 04:13:00,33.3
2025-06-12 16:19:00,88.5
2025-06-12 18:26:00,70.9
2025-06-12 11:48:00,50.16485882352941
2025-06-12 22:43:00,77.8
2025-06-12 03:54:00,45.7
2025-06-12 08:23:00,66.5
2025-06-12 16:57:00,31.4
2025-06-12 19:09:00,60.4
2025-06-12 10:27:00,95.0
2025-06-12 21:35:00,46.0
2025-06-12 00:01:00,84.9
2025-06-12 03:28:00,94.3
2025-06-12 12:59:00,50.16485882352941
2025-06-12 00:12:00,35.7
2025-06-12 19:30:00,45.8
2025-06-12 15:30:00,52.6
2025-06-12 08:35:00,66.0
2025-06-12 08:50:00,50.16485882352941
2025-06-12 07:23:00,87.7
2025-06-12 19:55:00,14.5
2025-06-12 16:07:00,50.16485882352941
2025-06-12 23:36:00,66.9
2025-06-12 16:28:00,88.8
2025-06-12 04:44:00,67.3
2025-06-12 08:10:00,50.16485882352941
2025-06-12 19:55:00,65.2
2025-06-12 11:46:00,70.1
2025-06-12 07:03:00,39.3
2025-06-12 07:14:00,50.16485882352941
2025-06-12 06:34:00,46.8
2025-06-12 23:47:00,91.9
2025-06-12 10:46:00,65.3
2025-06-12 18:53:00,27.1
2025-06-12 00:31:00,7.0
2025-06-12 22:29:00,32.6
2025-06-12 23:24:00,46.0
2025-06-12 22:07:00,15.7
2025-06-12 10:10:00,50.16485882352941
2025-06-12 18:23:00,38.9
2025-06-12 13:56:00,88.8
2025-06-12 03:15:00,19.3
2025-06-12 07:41:00,67.4
2025-06-12 17:35:00,8.6
2025-06-12 09:29:00,34.0
2025-06-12 10:43:00,49.8
2025-06-12 07:02:00,50.16485882352941
2025-06-12 12:51:00,88.0
2025-06-12 19:59:00,22.8
2025-06-12 05:51:00,82.1
2025-06-12 19:11:00,99.9
2025-06-12 18:04:00,76.1
2025-06-12 21:04:00,80.8
2025-06-12 22:24:00,15.1
2025-06-12 17:51:00,44.5
2025-06-12 11:48:00,73.4
2025-06-12 23:03:00,15.2
2025-06-12 01:24:00,71.9
2025-06-12 06:15:00,18.9
2025-06-12 09:01:00,24.1
2025-06-12 07:22:00,29.9
2025-06-12 10:57:00,94.1
2025-06-12 07:48:00,89.1
2025-06-12 16:42:00,71.8
2025-06-12 20:10:00,79.3
2025-06-12 03:37:00,50.16485882352941
2025-06-12 11:28:00,77.3
2025-06-12 07:22:00,50.16485882352941
2025-06-12 07:28:00,45.9
2025-06-12 03:34:00,9.0
2025-06-12 00:35:00,49.8
2025-06-12 12:26:00,20.4
2025-06-12 23:07:00,50.16485882352941
2025-06-12 23:29:00,50.16485882352941
2025-06-12 04:30:00,78.7
2025-06-12 17:52:00,50.16485882352941
2025-06-12 06:03:00,47.3
2025-06-12 06:21:00,95.3
2025-06-12 21:35:00,81.3
2025-06-12 12:50:00,50.16485882352941
2025-06-12 22:45:00,32.0
2025-06-12 09:41:00,50.16485882352941
2025-06-12 04:27:00,79.6
2025-06-12 13:38:00,0.6
2025-06-12 11:42:00,14.7
2025-06-12 20:16:00,24.0
2025-06-12 23:49:00,14.6
2025-06-12 14:00:00,50.16485882352941
2025-06-12 19:31:00,63.3
2025-06-12 05:59:00,67.6
2025-06-12 00:54:00,50.16485882352941
2025-06-12 02:35:00,48.9
2025-06-12 20:20:00,69.3
2025-06-12 00:17:00,16.9
2025-06-12 00:33:00,23.5
2025-06-12 22:04:00,50.16485882352941
2025-06-12 17:20:00,50.16485882352941
2025-06-12 13:44:00,16.2
2025-06-12 02:05:00,18.4
2025-06-12 21:55:00,2.9
2025-06-12 01:17:00,47.9
2025-06-12 20:33:00,82.0
2025-06-12 21:27:00,32.3
2025-06-12 08:39:00,50.16485882352941
2025-06-12 07:58:00,37.7
2025-06-12 00:51:00,77.7
2025-06-12 21:07:00,37.9
2025-06-12 20:53:00,35.5
2025-06-12 17:04:00,84.9
2025-06-12 08:44:00,41.5
2025-06-12 15:40:00,27.5
2025-06-12 16:02:00,31.1
2025-06-12 23:44:00,50.16485882352941
2025-06-12 18:26:00,73.7
2025-06-12 09:46:00,50.16485882352941
2025-06-12 05:57:00,50.16485882352941
2025-06-12 11:56:00,50.16485882352941
2025-06-12 18:15:00,31.0
2025-06-12 16:12:00,50.16485882352941
2025-06-12 04:45:00,64.9
2025-06-12 11:56:00,3.2
2025-06-12 09:00:00,14.9
2025-06-12 11:55:00,69.1
2025-06-12 11:40:00,56.0
2025-06-12 22:20:00,8.3
2025-06-12 21:03:00,16.0
2025-06-12 10:02:00,50.16485882352941
2025-06-12 02:08:00,97.6
2025-06-12 05:30:00,90.7
2025-06-12 08:49:00,4.4
2025-06-12 10:30:00,89.6
2025-06-12 00:13:00,32.5
2025-06-12 22:05:00,13.6
2025-06-12 01:05:00,64.2
2025-06-12 18:27:00,50.16485882352941
2025-06-12 10:17:00,12.1
2025-06-12 13:33:00,50.16485882352941
2025-06-12 13:07:00,50.16485882352941
2025-06-12 10:36:00,58.8
2025-06-12 22:49:00,30.5
2025-06-12 12:59:00,99.0
2025-06-12 04:43:00,78.5
2025-06-12 02:49:00,92.2
2025-06-12 22:31:00,83.1
2025-06-12 19:25:00,78.6
2025-06-12 03:10:00,13.2
2025-06-12 19:51:00,39.7
2025-06-12 06:16:00,50.16485882352941
2025-06-12 06:50:00,50.16485882352941
2025-06-12 07:34:00,77.5
2025-06-12 21:14:00,46.7
2025-06-12 08:34:00,9.5
2025-06-12 21:11:00,1.4
2025-06-12 09:59:00,55.5
2025-06-12 07:05:00,50.9
2025-06-12 20:19:00,49.7
2025-06-12 22:58:00,31.7
2025-06-12 14:36:00,49.40323484760014
2025-06-12 14:54:00,68.6
2025-06-12 09:39:00,25.7
2025-06-12 01:28:00,49.40323484760014
2025-06-12 17:56:00,49.40323484760014
2025-06-12 14:45:00,49.40323484760014
2025-06-12 16:35:00,9.0
2025-06-12 19:05:00,42.8
2025-06-12 19:22:00,52.6
2025-06-12 21:58:00,69.1
2025-06-12 06:43:00,91.4
2025-06-12 08:00:00,62.7
2025-06-12 08:32:00,45.0
2025-06-12 16:49:00,79.9
2025-06-12 04:38:00,33.0
2025-06-12 15:15:00,38.6
2025-06-12 22:58:00,49.40323484760014
2025-06-12 00:01:00,49.40323484760014
2025-06-12 21:08:00,53.4
2025-06-12 08:55:00,84.9
2025-06-12 17:54:00,68.6
2025-06-12 16:54:00,49.40323484760014
2025-06-12 03:36:00,70.3
2025-06-12 17:44:00,29.0
2025-06-12 22:23:00,49.40323484760014
2025-06-12 18:42:00,30.1
2025-06-12 23:25:00,85.4
2025-06-12 23:27:00,59.5
2025-06-12 05:24:00,49.40323484760014
2025-06-12 06:14:00,42.1
2025-06-12 04:56:00,76.0
2025-06-12 06:46:00,14.3
2025-06-12 22:38:00,68.8
2025-06-12 14:28:00,31.8
2025-06-12 09:28:00,33.8
2025-06-12 21:10:00,13.7
2025-06-12 02:39:00,11.0
2025-06-12 17:53:00,6.1
2025-06-12 09:03:00,52.5
2025-06-12 20:13:00,49.40323484760014
2025-06-12 21:06:00,49.40323484760014
2025-06-12 09:13:00,11.1
2025-06-12 05:59:00,50.6
2025-06-12 19:58:00,71.5
2025-06-12 17:50:00,11.8
2025-06-12 11:42:00,48.9
2025-06-12 12:56:00,77.9
2025-06-12 06:01:00,96.6
2025-06-12 04:37:00,40.7
2025-06-12 19:46:00,13.3
2025-06-12 11:10:00,16.6
2025-06-12 13:13:00,96.2
2025-06-12 17:10:00,49.40323484760014
2025-06-12 23:05:00,99.5
2025-06-12 03:28:00,91.3
2025-06-12 06:31:00,64.1
2025-06-12 01:41:00,48.2
2025-06-12 08:46:00,97.5
2025-06-12 14:18:00,22.7
2025-06-12 02:59:00,36.6
2025-06-12 13:50:00,95.5
2025-06-12 16:38:00,28.8
2025-06-12 04:26:00,15.9
2025-06-12 19:00:00,50.3
2025-06-12 00:05:00,70.3
2025-06-12 00:12:00,73.2
2025-06-12 14:55:00,49.40323484760014
2025-06-12 07:56:00,49.40323484760014
2025-06-12 01:44:00,97.8
2025-06-12 06:54:00,13.6
2025-06-12 21:25:00,45.3
2025-06-12 00:16:00,38.6
2025-06-12 13:04:00,56.1
2025-06-12 15:52:00,66.9
2025-06-12 08:08:00,61.3
2025-06-12 03:26:00,95.0
2025-06-12 20:15:00,53.4
2025-06-12 15:24:00,54.6
2025-06-12 03:50:00,88.2
2025-06-12 10:48:00,93.3
2025-06-12 11:14:00,98.1
2025-06-12 08:59:00,50.7
2025-06-12 09:32:00,44.5
2025-06-12 09:07:00,96.6
2025-06-12 21:24:00,39.4
2025-06-12 14:51:00,49.40323484760014
2025-06-12 04:58:00,34.1
2025-06-12 18:08:00,49.40323484760014
2025-06-12 09:53:00,51.2
2025-06-12 23:17:00,76.0
2025-06-12 19:40:00,85.9
2025-06-12 22:15:00,0.7
2025-06-12 08:33:00,81.3
2025-06-12 22:02:00,31.8
2025-06-12 07:32:00,54.7
2025-06-12 10:46:00,49.40323484760014
2025-06-12 20:04:00,72.6
2025-06-12 19:02:00,49.40323484760014
2025-06-12 03:28:00,49.40323484760014
2025-06-12 09:51:00,73.3
2025-06-12 16:03:00,35.7
2025-06-12 22:27:00,58.3
2025-06-12 08:00:00,33.8
2025-06-12 17:51:00,34.8
2025-06-12 01:09:00,79.5
2025-06-12 09:51:00,59.5
2025-06-12 01:56:00,81.0
2025-06-12 05:47:00,92.6
2025-06-12 01:10:00,55.3
2025-06-12 04:25:00,48.8
2025-06-12 22:03:00,62.9
2025-06-12 06:14:00,82.6
2025-06-12 09:18:00,83.4
2025-06-12 23:20:00,49.40323484760014
2025-06-12 11:39:00,70.0
2025-06-12 03:15:00,83.9
2025-06-12 01:04:00,49.40323484760014
2025-06-12 05:17:00,79.6
2025-06-12 00:05:00,13.2
2025-06-12 12:29:00,17.7
2025-06-12 15:35:00,9.7
2025-06-12 06:04:00,8.6
2025-06-12 10:14:00,13.2
2025-06-12 23:58:00,13.3
2025-06-12 01:46:00,64.4
2025-06-12 01:06:00,7.4
2025-06-12 12:37:00,49.1
2025-06-12 17:12:00,44.5
2025-06-12 14:34:00,75.2
2025-06-12 02:34:00,49.0
2025-06-12 09:18:00,12.7
2025-06-12 03:53:00,11.2
2025-06-12 01:33:00,54.4
2025-06-12 20:15:00,65.8
2025-06-12 22:50:00,59.4
2025-06-12 14:09:00,59.7
2025-06-12 08:15:00,61.3
2025-06-12 13:19:00,92.5
2025-06-12 17:23:00,59.5
2025-06-12 22:14:00,19.5
2025-06-12 17:32:00,43.0
2025-06-12 22:28:00,95.8
2025-06-12 14:06:00,49.40323484760014
2025-06-12 19:23:00,49.40323484760014
2025-06-12 08:17:00,42.4
2025-06-12 05:10:00,27.3
2025-06-12 05:50:00,31.3
2025-06-12 06:05:00,17.3
2025-06-12 00:29:00,68.1
2025-06-12 23:45:00,90.9
2025-06-12 19:05:00,3.3
2025-06-12 06:39:00,49.40323484760014
2025-06-12 10:32:00,59.9
2025-06-12 01:22:00,15.5
2025-06-12 08:50:00,6.3
2025-06-12 13:50:00,28.0
2025-06-12 14:11:00,49.40323484760014
2025-06-12 09:16:00,17.9
2025-06-12 12:01:00,33.5
2025-06-12 08:46:00,43.2
2025-06-12 19:21:00,33.7
2025-06-12 20:39:00,23.1
2025-06-12 03:37:00,23.6
2025-06-12 19:31:00,78.2
2025-06-12 17:47:00,49.40323484760014
2025-06-12 03:45:00,12.6
2025-06-12 22:10:00,16.0
2025-06-12 10:36:00,15.5
2025-06-12 09:23:00,6.3
2025-06-12 22:21:00,49.40323484760014
2025-06-12 15:39:00,20.2
2025-06-12 20:41:00,66.3
2025-06-12 04:35:00,70.5
2025-06-12 03:09:00,94.3
2025-06-12 03:26:00,91.2
2025-06-12 21:42:00,22.5
2025-06-12 21:33:00,52.7
2025-06-12 13:56:00,50.3
2025-06-12 08:55:00,4.5
2025-06-12 23:07:00,49.40323484760014
2025-06-12 00:54:00,11.2
2025-06-12 01:22:00,62.8
2025-06-12 04:52:00,87.5
2025-06-12 06:22:00,68.8
2025-06-12 15:19:00,55.4
2025-06-12 13:28:00,76.8
2025-06-12 04:17:00,47.9
2025-06-12 03:29:00,49.40323484760014
2025-06-12 09:45:00,48.6
2025-06-12 11:57:00,54.9
2025-06-12 21:46:00,14.3
2025-06-12 12:14:00,70.2
2025-06-12 10:00:00,47.7
2025-06-12 15:04:00,69.8
2025-06-12 13:18:00,38.1
2025-06-12 11:43:00,64.4
2025-06-12 09:08:00,42.3
2025-06-12 13:44:00,82.1
2025-06-12 06:50:00,86.1
2025-06-12 06:18:00,31.2
2025-06-12 21:19:00,31.6
2025-06-12 21:56:00,31.1
2025-06-12 02:32:00,39.8
2025-06-12 23:52:00,41.5
2025-06-12 14:16:00,18.1
2025-06-12 14:11:00,80.6
2025-06-12 01:24:00,69.1
2025-06-12 11:45:00,49.40323484760014
2025-06-12 01:05:00,76.2
2025-06-12 21:05:00,30.9
2025-06-12 04:16:00,53.3
2025-06-12 22:39:00,49.40323484760014
2025-06-12 11:12:00,64.2
2025-06-12 20:22:00,49.40323484760014
2025-06-12 19:41:00,1.3
2025-06-12 21:13:00,49.40323484760014
2025-06-12 12:02:00,49.40323484760014
2025-06-12 11:17:00,49.40323484760014
2025-06-12 10:28:00,14.1
2025-06-12 09:05:00,84.6
2025-06-12 14:24:00,16.0
2025-06-12 16:12:00,86.2
2025-06-12 20:14:00,6.0
2025-06-12 08:49:00,49.40323484760014
2025-06-12 06:56:00,35.8
2025-06-12 04:59:00,58.1
2025-06-12 20:23:00,49.40323484760014
2025-06-12 18:09:00,93.5
2025-06-12 15:30:00,3.9
2025-06-12 08:13:00,92.9
2025-06-12 09:44:00,94.0
2025-06-12 02:39:00,22.5
2025-06-12 21:18:00,77.2
2025-06-12 19:36:00,88.5
2025-06-12 17:38:00,73.8
2025-06-12 20:17:00,53.3
2025-06-12 05:11:00,47.1
2025-06-12 09:29:00,84.4
2025-06-12 12:05:00,49.40323484760014
2025-06-12 23:40:00,93.2
2025-06-12 09:32:00,19.0
2025-06-12 13:10:00,5.3
2025-06-12 22:14:00,41.1
2025-06-12 23:03:00,91.7
2025-06-12 13:15:00,7.4
2025-06-12 05:57:00,35.4
2025-06-12 06:25:00,77.5
2025-06-12 14:17:00,5.2
2025-06-12 00:50:00,69.6
2025-06-12 15:45:00,62.8
2025-06-12 23:42:00,70.5
2025-06-12 16:08:00,77.5
2025-06-12 11:18:00,24.9
2025-06-12 04:13:00,66.7
2025-06-12 01:47:00,49.8
2025-06-12 19:23:00,63.0
2025-06-12 23:22:00,49.40323484760014
2025-06-12 20:42:00,64.3
2025-06-12 16:08:00,8.3
2025-06-12 05:01:00,97.3
2025-06-12 10:25:00,51.7
2025-06-12 21:47:00,35.0
2025-06-12 03:28:00,48.6
2025-06-12 01:31:00,54.6
2025-06-12 15:16:00,21.1
2025-06-12 13:35:00,14.3
2025-06-12 13:51:00,33.7
2025-06-12 21:06:00,74.3
2025-06-12 00:40:00,86.7
2025-06-12 04:40:00,49.40323484760014
2025-06-12 03:42:00,27.7
2025-06-12 00:30:00,74.8
2025-06-12 18:41:00,83.4
2025-06-12 18:49:00,49.40323484760014
2025-06-12 15:13:00,65.8
2025-06-12 01:35:00,13.7
2025-06-12 07:48:00,49.40323484760014
2025-06-12 17:17:00,54.6
2025-06-12 11:35:00,66.1
2025-06-12 16:25:00,2.6
2025-06-12 22:34:00,86.4
2025-06-12 16:27:00,41.7
2025-06-12 14:55:00,1.3
2025-06-12 14:45:00,50.7
2025-06-12 19:55:00,29.5
2025-06-12 05:19:00,49.40323484760014
2025-06-12 13:47:00,50.4
2025-06-12 03:22:00,7.2
2025-06-12 07:06:00,57.4
2025-06-12 00:18:00,41.8
2025-06-12 17:26:00,58.0
2025-06-12 16:09:00,2.0
2025-06-12 12:27:00,18.8
2025-06-12 06:38:00,49.40323484760014
2025-06-12 07:42:00,21.4
2025-06-12 21:32:00,8.1
2025-06-12 05:42:00,50.6
2025-06-12 08:01:00,52.4
2025-06-12 11:58:00,20.1
2025-06-12 07:43:00,70.1
2025-06-12 16:24:00,48.0
2025-06-12 00:07:00,89.6
2025-06-12 04:17:00,80.6
2025-06-12 04:34:00,75.6
2025-06-12 00:44:00,38.6
2025-06-12 04:15:00,49.40323484760014
2025-06-12 02:09:00,24.7
2025-06-12 01:56:00,13.4
2025-06-12 17:53:00,22.6
2025-06-12 06:18:00,75.1
2025-06-12 12:18:00,51.7
2025-06-12 07:07:00,88.4
2025-06-12 11:55:00,63.8
2025-06-12 23:37:00,9.3
2025-06-12 16:24:00,95.9
2025-06-12 00:30:00,29.0
2025-06-12 23:54:00,39.8
2025-06-12 09:48:00,12.6
2025-06-12 12:18:00,26.3
2025-06-12 05:36:00,91.5
2025-06-12 17:20:00,50.400661703887515
2025-06-12 09:05:00,76.8
2025-06-12 19:03:00,50.400661703887515
2025-06-12 03:13:00,91.9
2025-06-12 08:50:00,56.0
2025-06-12 06:42:00,76.4
2025-06-12 08:22:00,56.1
2025-06-12 03:27:00,73.0
2025-06-12 04:52:00,27.4
2025-06-12 15:56:00,4.1
2025-06-12 05:52:00,75.6
2025-06-12 18:20:00,39.5
2025-06-12 02:20:00,8.4
2025-06-12 11:33:00,27.3
2025-06-12 23:02:00,99.2
2025-06-12 02:36:00,76.8
2025-06-12 23:45:00,93.4
2025-06-12 03:44:00,23.5
2025-06-12 16:34:00,8.0
2025-06-12 21:12:00,79.4
2025-06-12 11:07:00,0.5
2025-06-12 17:50:00,10.8
2025-06-12 23:45:00,52.3
2025-06-12 14:28:00,24.5
2025-06-12 00:41:00,50.400661703887515
2025-06-12 01:21:00,97.1
2025-06-12 09:23:00,23.1
2025-06-12 08:54:00,96.5
2025-06-12 06:38:00,50.400661703887515
2025-06-12 20:18:00,59.4
2025-06-12 20:08:00,3.6
2025-06-12 02:58:00,76.4
2025-06-12 05:22:00,12.0
2025-06-12 07:47:00,50.400661703887515
2025-06-12 22:57:00,71.6
2025-06-12 15:54:00,63.2
2025-06-12 10:10:00,27.2
2025-06-12 18:59:00,95.9
2025-06-12 21:17:00,22.5
2025-06-12 01:36:00,95.2
2025-06-12 19:27:00,39.4
2025-06-12 22:40:00,50.400661703887515
2025-06-12 03:13:00,40.5
2025-06-12 14:56:00,50.400661703887515
2025-06-12 11:10:00,97.9
2025-06-12 09:25:00,74.9
2025-06-12 21:19:00,16.8
2025-06-12 09:13:00,76.3
2025-06-12 22:25:00,91.4
2025-06-12 11:45:00,59.6
2025-06-12 05:19:00,92.2
2025-06-12 22:48:00,20.6
2025-06-12 03:58:00,26.2
2025-06-12 09:12:00,37.0
2025-06-12 06:23:00,88.0
2025-06-12 06:18:00,17.5
2025-06-12 01:20:00,61.6
2025-06-12 22:03:00,75.5
2025-06-12 13:15:00,47.1
2025-06-12 05:00:00,50.400661703887515
2025-06-12 03:22:00,53.9
2025-06-12 16:25:00,14.0
2025-06-12 13:11:00,75.9
2025-06-12 06:37:00,33.1
2025-06-12 13:03:00,50.400661703887515
2025-06-12 07:58:00,88.4
2025-06-12 09:06:00,50.400661703887515
2025-06-12 10:46:00,50.1
2025-06-12 12:17:00,50.400661703887515
2025-06-12 13:46:00,39.7
2025-06-12 14:55:00,66.4
2025-06-12 07:51:00,13.4
2025-06-12 11:25:00,28.9
2025-06-12 13:28:00,17.5
2025-06-12 22:07:00,50.400661703887515
2025-06-12 05:21:00,99.5
2025-06-12 04:39:00,52.2
2025-06-12 08:25:00,20.2
2025-06-12 11:43:00,50.400661703887515
2025-06-12 17:13:00,50.400661703887515
2025-06-12 10:37:00,48.0
2025-06-12 03:25:00,50.8
2025-06-12 13:23:00,70.9
2025-06-12 18:41:00,86.6
2025-06-12 17:01:00,37.4
2025-06-12 22:47:00,80.5
2025-06-12 05:54:00,65.3
2025-06-12 23:31:00,58.3
2025-06-12 11:58:00,18.2
2025-06-12 01:37:00,55.9
2025-06-12 07:46:00,46.0
2025-06-12 08:54:00,50.400661703887515
2025-06-12 20:41:00,97.9
2025-06-12 20:09:00,21.1
2025-06-12 12:21:00,21.9
2025-06-12 10:47:00,50.400661703887515
2025-06-12 05:31:00,36.7
2025-06-12 18:36:00,67.6
2025-06-12 04:51:00,91.7
2025-06-12 03:15:00,25.2
2025-06-12 13:29:00,44.2
2025-06-12 08:13:00,33.0
2025-06-12 12:01:00,33.0
2025-06-12 20:01:00,50.400661703887515
2025-06-12 15:48:00,43.2
2025-06-12 22:49:00,19.4
2025-06-12 23:00:00,81.4
2025-06-12 14:12:00,20.5
2025-06-12 03:37:00,16.6
2025-06-12 19:03:00,77.2
2025-06-12 23:02:00,50.400661703887515
2025-06-12 22:00:00,10.7
2025-06-12 02:12:00,54.0
2025-06-12 13:28:00,63.7
2025-06-12 07:21:00,24.6
2025-06-12 14:53:00,76.0
2025-06-12 06:23:00,12.1
2025-06-12 11:53:00,74.9
2025-06-12 01:12:00,86.5
2025-06-12 17:12:00,97.5
2025-06-12 10:46:00,49.2
2025-06-12 01:09:00,30.6
2025-06-12 04:14:00,50.400661703887515
2025-06-12 07:18:00,20.1
2025-06-12 15:48:00,67.4
2025-06-12 21:39:00,43.7
2025-06-12 13:23:00,86.0
2025-06-12 06:29:00,59.8
2025-06-12 05:59:00,6.1
2025-06-12 09:27:00,10.0
2025-06-12 14:51:00,11.7
2025-06-12 13:08:00,50.400661703887515
2025-06-12 07:59:00,84.0
2025-06-12 11:09:00,67.5
2025-06-12 02:18:00,83.6
2025-06-12 22:38:00,41.6
2025-06-12 22:56:00,27.7
2025-06-12 15:17:00,61.9
2025-06-12 01:11:00,99.1
2025-06-12 15:31:00,50.400661703887515
2025-06-12 21:27:00,50.400661703887515
2025-06-12 22:25:00,50.400661703887515
2025-06-12 21:13:00,42.0
2025-06-12 22:00:00,41.5
2025-06-12 03:39:00,34.9
2025-06-12 13:08:00,59.9
2025-06-12 10:52:00,55.0
2025-06-12 22:10:00,52.3
2025-06-12 03:10:00,50.400661703887515
2025-06-12 04:45:00,16.1
2025-06-12 09:40:00,14.7
2025-06-12 18:47:00,18.7
2025-06-12 21:11:00,11.0
2025-06-12 10:17:00,13.6
2025-06-12 13:25:00,26.3
2025-06-12 09:01:00,47.3
2025-06-12 21:19:00,53.6
2025-06-12 15:30:00,22.3
2025-06-12 07:43:00,47.9
2025-06-12 03:24:00,0.6
2025-06-12 11:06:00,65.3
2025-06-12 00:58:00,50.400661703887515
2025-06-12 05:49:00,27.9
2025-06-12 19:12:00,37.1
2025-06-12 05:41:00,52.2
2025-06-12 06:12:00,40.1
2025-06-12 21:38:00,64.3
2025-06-12 18:22:00,96.4
2025-06-12 10:22:00,68.3
2025-06-12 21:42:00,3.0
2025-06-12 04:54:00,31.7
2025-06-12 04:58:00,56.7
2025-06-12 05:16:00,59.2
2025-06-12 08:26:00,10.6
2025-06-12 13:33:00,74.7
2025-06-12 19:05:00,50.400661703887515
2025-06-12 11:58:00,34.7
2025-06-12 18:56:00,74.4
2025-06-12 10:52:00,67.7
2025-06-12 10:46:00,8.4
2025-06-12 12:06:00,85.8
2025-06-12 14:54:00,15.2
2025-06-12 14:00:00,34.0
2025-06-12 14:45:00,34.7
2025-06-12 07:14:00,15.5
2025-06-12 10:22:00,50.400661703887515
2025-06-12 00:13:00,17.0
2025-06-12 04:24:00,51.0
2025-06-12 00:14:00,82.5
2025-06-12 16:34:00,78.8
2025-06-12 23:25:00,40.7
2025-06-12 15:48:00,80.9
2025-06-12 11:06:00,22.6
2025-06-12 16:18:00,18.8
2025-06-12 09:29:00,88.8
2025-06-12 08:18:00,50.400661703887515
2025-06-12 00:01:00,54.0
2025-06-12 20:15:00,77.4
2025-06-12 23:54:00,15.3
2025-06-12 08:12:00,19.7
2025-06-12 06:28:00,83.1
2025-06-12 21:20:00,56.8
2025-06-12 18:06:00,31.1
2025-06-12 14:31:00,82.7
2025-06-12 02:50:00,27.6
2025-06-12 07:13:00,30.2
2025-06-12 17:13:00,18.5
2025-06-12 04:24:00,50.400661703887515
2025-06-12 09:56:00,91.7
2025-06-12 04:26:00,68.3
2025-06-12 10:54:00,51.9
2025-06-12 13:40:00,7.3
2025-06-12 17:02:00,66.1
2025-06-12 00:58:00,90.0
2025-06-12 15:19:00,50.400661703887515
2025-06-12 11:13:00,70.2
2025-06-12 04:47:00,93.1
2025-06-12 02:19:00,55.5
2025-06-12 01:41:00,50.400661703887515
2025-06-12 03:42:00,46.0
2025-06-12 00:19:00,53.9
2025-06-12 18:04:00,50.400661703887515
2025-06-12 16:29:00,61.7
2025-06-12 00:48:00,50.400661703887515
2025-06-12 13:21:00,90.9
2025-06-12 21:46:00,94.6
2025-06-12 19:52:00,50.400661703887515
2025-06-12 15:20:00,17.5
2025-06-12 15:13:00,48.4
2025-06-12 20:00:00,12.2
2025-06-12 16:03:00,50.400661703887515
2025-06-12 11:52:00,9.6
2025-06-12 16:22:00,20.1
2025-06-12 07:03:00,93.6
2025-06-12 14:37:00,68.9
2025-06-12 00:49:00,1.4
2025-06-12 21:21:00,36.8
2025-06-12 13:19:00,27.6
2025-06-12 06:38:00,51.0
2025-06-12 03:33:00,99.0
2025-06-12 08:27:00,55.9
2025-06-12 23:53:00,12.4
2025-06-12 20:48:00,70.3
2025-06-12 18:05:00,78.0
2025-06-12 03:41:00,41.2
2025-06-12 12:50:00,46.6
2025-06-12 07:51:00,75.8
2025-06-12 08:07:00,32.7
2025-06-12 20:14:00,50.400661703887515
2025-06-12 00:04:00,50.400661703887515
2025-06-12 02:01:00,50.400661703887515
2025-06-12 20:00:00,30.7
2025-06-12 02:23:00,19.7
2025-06-12 19:10:00,74.6
2025-06-12 09:44:00,50.400661703887515
2025-06-12 03:09:00,46.8
2025-06-12 03:02:00,36.2
2025-06-12 19:15:00,81.1
2025-06-12 16:55:00,63.0
2025-06-12 22:28:00,23.0
2025-06-12 12:58:00,50.400661703887515
2025-06-12 01:01:00,50.400661703887515
2025-06-12 18:02:00,82.9
2025-06-12 16:08:00,50.400661703887515
2025-06-12 09:53:00,2.1
2025-06-12 13:07:00,50.400661703887515
2025-06-12 10:41:00,68.7
2025-06-12 12:21:00,29.8
2025-06-12 23:53:00,40.3
2025-06-12 04:56:00,45.8
2025-06-12 15:38:00,50.400661703887515
2025-06-12 12:46:00,46.2
2025-06-12 06:32:00,82.7
2025-06-12 08:57:00,0.0
2025-06-12 12:01:00,51.6
2025-06-12 18:50:00,56.9
2025-06-12 22:17:00,4.5
2025-06-12 06:06:00,89.5
2025-06-12 03:08:00,94.5
2025-06-12 00:24:00,64.5
2025-06-12 05:15:00,85.3
2025-06-12 04:42:00,33.1
2025-06-12 07:39:00,77.2
2025-06-12 10:04:00,71.5
2025-06-12 15:28:00,29.3
2025-06-12 18:33:00,21.9
2025-06-12 01:20:00,81.0
2025-06-12 01:42:00,10.1
2025-06-12 16:57:00,59.9
2025-06-12 05:58:00,40.9
2025-06-12 06:31:00,50.400661703887515
2025-06-12 18:28:00,9.2
2025-06-12 19:14:00,20.0
2025-06-12 19:25:00,39.3
2025-06-12 10:12:00,2.6
2025-06-12 01:37:00,92.1
2025-06-12 07:15:00,10.7
2025-06-12 16:46:00,82.9
2025-06-12 07:38:00,15.5
2025-06-12 04:50:00,52.2
2025-06-12 09:39:00,15.9
2025-06-12 11:00:00,52.4
2025-06-12 21:10:00,14.1
2025-06-12 13:44:00,50.400661703887515
2025-06-12 20:18:00,89.8
2025-06-12 21:40:00,73.9
2025-06-12 07:59:00,24.0
2025-06-12 02:04:00,50.400661703887515
2025-06-12 11:18:00,63.0
2025-06-12 18:22:00,99.2
2025-06-12 17:34:00,3.3
2025-06-12 18:30:00,37.7
2025-06-12 09:06:00,63.3
2025-06-12 01:07:00,73.4
2025-06-12 11:43:00,23.3
2025-06-12 15:13:00,73.9
2025-06-12 01:30:00,3.1
2025-06-12 22:45:00,33.5
2025-06-12 08:53:00,19.6
2025-06-12 02:27:00,50.400661703887515
2025-06-12 06:57:00,97.7
2025-06-12 22:26:00,56.2
2025-06-12 18:02:00,32.2
2025-06-12 07:39:00,29.4
2025-06-12 04:31:00,84.9
2025-06-12 06:08:00,24.2
2025-06-12 09:04:00,62.9
2025-06-12 22:27:00,11.3
2025-06-12 10:56:00,50.400661703887515
2025-06-12 08:22:00,64.4
2025-06-12 11:55:00,93.4
2025-06-12 12:59:00,41.5
2025-06-12 03:32:00,49.84418741885991
2025-06-12 06:54:00,1.0
2025-06-12 15:39:00,19.0
2025-06-12 04:16:00,48.9
2025-06-12 15:19:00,1.4
2025-06-12 06:33:00,82.2
2025-06-12 20:45:00,49.84418741885991
2025-06-12 01:48:00,94.1
2025-06-12 17:55:00,14.5
2025-06-12 02:31:00,46.1
2025-06-12 08:05:00,13.5
2025-06-12 00:33:00,27.4
2025-06-12 10:57:00,84.1
2025-06-12 20:59:00,49.84418741885991
2025-06-12 14:46:00,82.9
2025-06-12 03:47:00,7.4
2025-06-12 03:08:00,49.84418741885991
2025-06-12 22:50:00,49.84418741885991
2025-06-12 06:14:00,6.9
2025-06-12 22:44:00,83.4
2025-06-12 06:59:00,91.0
2025-06-12 15:10:00,2.4
2025-06-12 21:39:00,30.6
2025-06-12 19:08:00,90.7
2025-06-12 07:55:00,32.3
2025-06-12 22:48:00,54.6
2025-06-12 19:39:00,74.8
2025-06-12 01:13:00,49.84418741885991
2025-06-12 20:14:00,49.84418741885991
2025-06-12 03:10:00,62.3
2025-06-12 17:36:00,49.84418741885991
2025-06-12 23:21:00,76.9
2025-06-12 19:44:00,37.9
2025-06-12 03:51:00,80.0
2025-06-12 17:44:00,2.4
2025-06-12 07:11:00,32.9
2025-06-12 08:02:00,66.9
2025-06-12 08:58:00,95.1
2025-06-12 05:56:00,22.9
2025-06-12 20:56:00,73.8
2025-06-12 06:58:00,98.8
2025-06-12 06:11:00,50.0
2025-06-12 16:04:00,68.6
2025-06-12 13:59:00,92.1
2025-06-12 00:50:00,64.8
2025-06-12 09:54:00,74.0
2025-06-12 21:31:00,23.3
2025-06-12 13:15:00,1.6
2025-06-12 20:31:00,43.9
2025-06-12 10:46:00,65.4
2025-06-12 08:36:00,28.0
2025-06-12 14:24:00,23.0
2025-06-12 14:31:00,86.0
2025-06-12 22:11:00,26.0
2025-06-12 16:41:00,49.84418741885991
2025-06-12 01:08:00,34.5
2025-06-12 17:38:00,55.7
2025-06-12 11:46:00,72.5
2025-06-12 13:49:00,39.9
2025-06-12 06:25:00,62.0
2025-06-12 23:46:00,23.3
2025-06-12 09:46:00,86.5
2025-06-12 05:24:00,9.5
2025-06-12 20:59:00,83.9
2025-06-12 10:46:00,74.0
2025-06-12 22:16:00,66.6
2025-06-12 17:53:00,0.5
2025-06-12 19:59:00,57.6
2025-06-12 11:33:00,4.4
2025-06-12 08:26:00,27.9
2025-06-12 11:42:00,32.9
2025-06-12 07:17:00,14.2
2025-06-12 19:04:00,53.6
2025-06-12 13:02:00,41.2
2025-06-12 05:52:00,71.6
2025-06-12 03:02:00,81.8
2025-06-12 20:18:00,92.8
2025-06-12 06:58:00,26.3
2025-06-12 04:29:00,93.1
2025-06-12 14:14:00,49.84418741885991
2025-06-12 01:32:00,49.84418741885991
2025-06-12 19:02:00,49.84418741885991
2025-06-12 23:24:00,9.9
2025-06-12 19:27:00,46.0
2025-06-12 20:53:00,50.2
2025-06-12 15:37:00,49.84418741885991
2025-06-12 09:42:00,96.0
2025-06-12 23:34:00,37.3
2025-06-12 02:01:00,88.6
2025-06-12 22:00:00,46.0
2025-06-12 05:40:00,49.84418741885991
2025-06-12 11:46:00,73.2
2025-06-12 00:10:00,9.0
2025-06-12 06:08:00,49.84418741885991
2025-06-12 18:32:00,92.7
2025-06-12 09:08:00,91.8
2025-06-12 07:46:00,11.4
2025-06-12 08:07:00,57.5
2025-06-12 11:08:00,64.9
2025-06-12 05:08:00,47.0
2025-06-12 04:32:00,49.84418741885991
2025-06-12 07:28:00,94.4
2025-06-12 09:59:00,64.3
2025-06-12 12:27:00,54.0
2025-06-12 16:40:00,49.84418741885991
2025-06-12 02:52:00,32.3
2025-06-12 12:34:00,19.1
2025-06-12 07:27:00,56.9
2025-06-12 11:21:00,47.0
2025-06-12 14:39:00,49.84418741885991
2025-06-12 06:17:00,26.3
2025-06-12 00:46:00,4.4
2025-06-12 06:36:00,98.7
2025-06-12 21:57:00,44.3
2025-06-12 16:29:00,3.2
2025-06-12 00:33:00,84.6
2025-06-12 20:52:00,14.1
2025-06-12 14:11:00,88.2
2025-06-12 07:34:00,68.7
2025-06-12 05:21:00,73.6
2025-06-12 13:55:00,49.84418741885991
2025-06-12 09:18:00,5.8
2025-06-12 01:04:00,30.4
2025-06-12 01:11:00,82.3
2025-06-12 15:18:00,49.84418741885991
2025-06-12 02:54:00,43.5
2025-06-12 11:06:00,9.9
2025-06-12 03:22:00,0.0
2025-06-12 09:18:00,25.9
2025-06-12 14:25:00,95.4
2025-06-12 03:27:00,93.8
2025-06-12 03:39:00,49.84418741885991
2025-06-12 00:11:00,43.6
2025-06-12 20:44:00,68.2
2025-06-12 12:36:00,28.6
2025-06-12 09:17:00,16.5
2025-06-12 06:31:00,13.1
2025-06-12 11:19:00,40.1
2025-06-12 16:02:00,78.8
2025-06-12 09:38:00,11.0
2025-06-12 13:17:00,40.0
2025-06-12 02:26:00,28.9
2025-06-12 01:41:00,92.8
2025-06-12 13:22:00,94.4
2025-06-12 10:12:00,40.8
2025-06-12 09:57:00,78.8
2025-06-12 02:57:00,56.2
2025-06-12 17:44:00,92.6
2025-06-12 11:56:00,0.3
2025-06-12 22:10:00,76.5
2025-06-12 13:30:00,49.2
2025-06-12 06:16:00,31.9
2025-06-12 17:58:00,26.3
2025-06-12 16:36:00,66.6
2025-06-12 19:01:00,64.2
2025-06-12 14:59:00,49.84418741885991
2025-06-12 03:33:00,95.4
2025-06-12 21:29:00,95.4
2025-06-12 06:29:00,82.0
2025-06-12 06:45:00,47.9
2025-06-12 11:27:00,52.6
2025-06-12 19:39:00,49.84418741885991
2025-06-12 23:34:00,65.5
2025-06-12 07:00:00,49.84418741885991
2025-06-12 23:57:00,24.4
2025-06-12 12:05:00,49.84418741885991
2025-06-12 11:57:00,85.7
2025-06-12 21:23:00,19.5
2025-06-12 07:06:00,33.5
2025-06-12 19:32:00,68.1
2025-06-12 01:57:00,47.3
2025-06-12 08:07:00,52.7
2025-06-12 13:01:00,63.9
2025-06-12 01:10:00,7.6
2025-06-12 00:32:00,94.8
2025-06-12 17:40:00,99.8
2025-06-12 13:46:00,57.5
2025-06-12 03:11:00,76.7
2025-06-12 03:51:00,61.8
2025-06-12 11:41:00,60.4
2025-06-12 15:09:00,88.1
2025-06-12 07:41:00,10.5
2025-06-12 08:49:00,34.0
2025-06-12 05:40:00,35.0
2025-06-12 15:44:00,96.2
2025-06-12 06:25:00,49.84418741885991
2025-06-12 06:14:00,39.3
2025-06-12 17:17:00,44.4
2025-06-12 19:06:00,20.2
2025-06-12 05:38:00,67.4
2025-06-12 17:52:00,49.84418741885991
2025-06-12 10:33:00,76.8
2025-06-12 16:35:00,71.7
2025-06-12 01:45:00,51.9
2025-06-12 23:26:00,20.3
2025-06-12 17:17:00,85.4
2025-06-12 16:03:00,17.8
2025-06-12 10:44:00,33.9
2025-06-12 14:14:00,33.5
2025-06-12 18:57:00,49.84418741885991
2025-06-12 01:31:00,67.6
2025-06-12 18:38:00,55.4
2025-06-12 22:33:00,49.84418741885991
2025-06-12 02:50:00,54.3
2025-06-12 16:33:00,49.84418741885991
2025-06-12 13:55:00,31.3
2025-06-12 05:52:00,49.84418741885991
2025-06-12 16:32:00,0.6
2025-06-12 23:20:00,10.7
2025-06-12 19:21:00,7.6
2025-06-12 08:41:00,8.0
2025-06-12 19:06:00,49.84418741885991
2025-06-12 13:36:00,66.3
2025-06-12 22:12:00,65.9
2025-06-12 18:15:00,81.5
2025-06-12 08:36:00,33.1
2025-06-12 15:15:00,49.84418741885991
2025-06-12 11:02:00,77.8
2025-06-12 23:00:00,52.7
2025-06-12 08:38:00,92.9
2025-06-12 20:07:00,58.5
2025-06-12 03:23:00,22.4
2025-06-12 15:24:00,75.4
2025-06-12 14:31:00,98.0
2025-06-12 05:57:00,60.1
2025-06-12 13:37:00,51.1
2025-06-12 19:13:00,25.4
2025-06-12 18:29:00,13.2
2025-06-12 13:24:00,90.8
2025-06-12 02:13:00,49.84418741885991
2025-06-12 15:57:00,99.8
2025-06-12 16:00:00,49.84418741885991
2025-06-12 22:51:00,72.4
2025-06-12 21:22:00,52.2
2025-06-12 07:15:00,63.7
2025-06-12 14:49:00,37.7
2025-06-12 12:22:00,67.9
2025-06-12 22:54:00,13.1
2025-06-12 10:29:00,2.1
2025-06-12 00:45:00,49.84418741885991
2025-06-12 11:55:00,12.3
2025-06-12 23:47:00,49.84418741885991
2025-06-12 18:06:00,73.9
2025-06-12 14:03:00,75.9
2025-06-12 10:58:00,25.6
2025-06-12 06:27:00,46.3
2025-06-12 02:54:00,3.7
2025-06-12 23:35:00,62.1
2025-06-12 06:31:00,47.2
2025-06-12 12:18:00,35.9
2025-06-12 15:49:00,53.4
2025-06-12 21:10:00,60.7
2025-06-12 19:47:00,49.84418741885991
2025-06-12 21:22:00,45.7
2025-06-12 06:26:00,49.84418741885991
2025-06-12 22:34:00,77.2
2025-06-12 05:54:00,66.4
2025-06-12 01:21:00,96.9
2025-06-12 22:26:00,75.4
2025-06-12 20:33:00,30.9
2025-06-12 17:25:00,68.4
2025-06-12 22:45:00,35.6
2025-06-12 02:43:00,38.7
2025-06-12 09:34:00,63.2
2025-06-12 13:12:00,95.1
2025-06-12 20:11:00,29.1
2025-06-12 01:57:00,28.7
2025-06-12 16:16:00,13.8
2025-06-12 06:34:00,37.1
2025-06-12 22:07:00,13.2
2025-06-12 05:32:00,2.0
2025-06-12 12:29:00,32.3
2025-06-12 05:27:00,96.3
2025-06-12 00:34:00,49.84418741885991
2025-06-12 06:41:00,35.1
2025-06-12 19:43:00,20.5
2025-06-12 08:19:00,42.3
2025-06-12 23:08:00,7.3
2025-06-12 04:23:00,29.6
2025-06-12 02:33:00,26.4
2025-06-12 16:34:00,49.84418741885991
2025-06-12 17:50:00,74.6
2025-06-12 21:13:00,52.6
2025-06-12 05:43:00,86.7
2025-06-12 17:31:00,7.8
2025-06-12 09:31:00,10.7
2025-06-12 06:27:00,26.8
2025-06-12 14:14:00,24.4
2025-06-12 00:56:00,55.0
2025-06-12 00:08:00,3.9
2025-06-12 19:00:00,22.9
2025-06-12 18:18:00,49.84418741885991
2025-06-12 16:22:00,35.7
2025-06-12 18:23:00,44.4
2025-06-12 18:27:00,55.2
2025-06-12 16:04:00,96.3
2025-06-12 03:26:00,28.1
2025-06-12 02:53:00,52.9
2025-06-12 09:05:00,54.6
2025-06-12 22:56:00,77.2
2025-06-12 14:04:00,34.0
2025-06-12 14:56:00,96.6
2025-06-12 01:06:00,14.2
2025-06-12 16:16:00,11.3
2025-06-12 10:46:00,65.0
2025-06-12 01:37:00,32.3
2025-06-12 05:07:00,98.1
2025-06-12 02:39:00,38.9
2025-06-12 06:20:00,57.9
2025-06-12 10:50:00,49.84418741885991
2025-06-12 12:31:00,59.9
2025-06-12 01:32:00,43.5
2025-06-12 14:33:00,14.0
2025-06-12 01:14:00,29.3
2025-06-12 18:20:00,94.7
2025-06-12 07:43:00,94.0
2025-06-12 06:28:00,53.7
2025-06-12 05:54:00,89.9
2025-06-12 15:51:00,32.7
2025-06-12 09:51:00,14.0
2025-06-12 07:58:00,64.1
2025-06-12 04:16:00,58.4
2025-06-12 18:59:00,0.6
2025-06-12 18:18:00,58.4
2025-06-12 14:50:00,67.8
2025-06-12 20:01:00,58.5
2025-06-12 06:13:00,3.0
2025-06-12 12:59:00,46.2
2025-06-12 08:01:00,75.6
2025-06-12 21:10:00,18.7
2025-06-12 11:48:00,5.0
2025-06-12 04:37:00,40.1
2025-06-12 13:25:00,59.7
2025-06-12 04:10:00,6.5
2025-06-12 19:06:00,28.0
2025-06-12 04:31:00,61.4
2025-06-12 02:17:00,50.31892714921527
2025-06-12 08:56:00,89.8
2025-06-12 15:39:00,10.0
2025-06-12 04:51:00,54.5
2025-06-12 07:24:00,0.8
2025-06-12 04:19:00,23.2
2025-06-12 01:04:00,65.7
2025-06-12 10:22:00,50.31892714921527
2025-06-12 09:41:00,50.31892714921527
2025-06-12 22:14:00,84.6
2025-06-12 14:31:00,61.6
2025-06-12 22:24:00,4.7
2025-06-12 03:56:00,89.3
2025-06-12 18:14:00,50.31892714921527
2025-06-12 08:30:00,50.31892714921527
2025-06-12 18:00:00,46.8
2025-06-12 13:01:00,94.1
2025-06-12 07:32:00,37.4
2025-06-12 02:46:00,83.4
2025-06-12 06:37:00,64.0
2025-06-12 22:59:00,5.3
2025-06-12 11:49:00,62.1
2025-06-12 17:19:00,50.2
2025-06-12 15:39:00,37.0
2025-06-12 03:56:00,35.2
2025-06-12 10:27:00,32.0
2025-06-12 10:59:00,11.0
2025-06-12 18:32:00,10.0
2025-06-12 06:36:00,66.1
2025-06-12 01:21:00,64.9
2025-06-12 04:43:00,66.1
2025-06-12 16:32:00,62.5
2025-06-12 11:32:00,26.9
2025-06-12 15:36:00,78.6
2025-06-12 05:12:00,19.1
2025-06-12 18:18:00,50.0
2025-06-12 13:31:00,50.31892714921527
2025-06-12 01:30:00,94.9
2025-06-12 08:59:00,26.4
2025-06-12 17:42:00,57.4
2025-06-12 21:13:00,37.8
2025-06-12 08:05:00,60.7
2025-06-12 13:21:00,74.3
2025-06-12 19:03:00,6.7
2025-06-12 03:22:00,83.6
2025-06-12 19:15:00,50.31892714921527
2025-06-12 20:44:00,43.1
2025-06-12 17:28:00,93.3
2025-06-12 11:17:00,44.3
2025-06-12 03:10:00,24.5
2025-06-12 03:11:00,41.2
2025-06-12 01:35:00,50.31892714921527
2025-06-12 14:03:00,88.1
2025-06-12 01:06:00,73.0
2025-06-12 09:29:00,70.9
2025-06-12 00:47:00,17.5
2025-06-12 01:12:00,16.8
2025-06-12 05:16:00,90.7
2025-06-12 02:28:00,35.7
2025-06-12 04:36:00,33.6
2025-06-12 00:41:00,61.0
2025-06-12 21:39:00,61.2
2025-06-12 10:55:00,67.8
2025-06-12 20:22:00,59.2
2025-06-12 00:57:00,21.0
2025-06-12 14:18:00,67.2
2025-06-12 21:11:00,78.6
2025-06-12 23:41:00,51.5
2025-06-12 18:15:00,56.9
2025-06-12 12:45:00,63.1
2025-06-12 14:27:00,46.6
2025-06-12 15:19:00,25.5
2025-06-12 14:03:00,0.5
2025-06-12 08:39:00,73.7
2025-06-12 11:13:00,71.0
2025-06-12 09:45:00,50.31892714921527
2025-06-12 00:26:00,3.1
2025-06-12 03:18:00,4.1
2025-06-12 11:30:00,56.0
2025-06-12 13:29:00,94.7
2025-06-12 05:05:00,61.9
2025-06-12 01:46:00,83.0
2025-06-12 04:42:00,14.1
2025-06-12 08:41:00,50.31892714921527
2025-06-12 21:20:00,32.5
2025-06-12 04:20:00,6.6
2025-06-12 03:21:00,70.6
2025-06-12 18:16:00,91.9
2025-06-12 18:46:00,58.3
2025-06-12 10:09:00,50.31892714921527
2025-06-12 19:43:00,60.1
2025-06-12 14:41:00,85.8
2025-06-12 02:29:00,62.3
2025-06-12 02:07:00,89.1
2025-06-12 11:00:00,74.0
2025-06-12 01:29:00,64.0
2025-06-12 15:28:00,93.9
2025-06-12 02:55:00,5.1
2025-06-12 15:48:00,28.4
2025-06-12 09:39:00,49.9
2025-06-12 22:35:00,15.7
2025-06-12 06:51:00,23.1
2025-06-12 10:12:00,50.31892714921527
2025-06-12 01:47:00,58.2
2025-06-12 01:06:00,20.7
2025-06-12 08:16:00,80.9
2025-06-12 03:23:00,61.9
2025-06-12 08:31:00,38.0
2025-06-12 09:26:00,98.2
2025-06-12 16:15:00,71.4
2025-06-12 12:30:00,95.6
2025-06-12 15:54:00,80.8
2025-06-12 00:24:00,24.3
2025-06-12 20:10:00,84.2
2025-06-12 20:45:00,42.9
2025-06-12 05:33:00,12.9
2025-06-12 00:02:00,50.31892714921527
2025-06-12 10:01:00,96.5
2025-06-12 20:00:00,26.3
2025-06-12 01:07:00,50.31892714921527
2025-06-12 16:05:00,24.7
2025-06-12 05:07:00,55.4
2025-06-12 12:41:00,67.1
2025-06-12 12:20:00,44.7
2025-06-12 19:14:00,4.1
2025-06-12 22:39:00,27.2
2025-06-12 02:23:00,8.7
2025-06-12 10:16:00,49.5
2025-06-12 17:02:00,86.4
2025-06-12 05:37:00,8.6
2025-06-12 03:17:00,15.8
2025-06-12 20:42:00,65.8
2025-06-12 14:40:00,50.31892714921527
2025-06-12 01:05:00,74.3
2025-06-12 00:34:00,99.8
2025-06-12 20:10:00,99.7
2025-06-12 17:02:00,28.3
2025-06-12 13:20:00,92.1
2025-06-12 06:14:00,63.8
2025-06-12 15:26:00,50.31892714921527
2025-06-12 03:16:00,6.4
2025-06-12 11:34:00,50.31892714921527
2025-06-12 03:35:00,39.7
2025-06-12 16:12:00,74.7
2025-06-12 05:51:00,5.4
2025-06-12 19:04:00,36.0
2025-06-12 10:47:00,50.4
2025-06-12 19:27:00,10.3
2025-06-12 11:44:00,50.31892714921527
2025-06-12 17:59:00,50.31892714921527
2025-06-12 08:18:00,51.9
2025-06-12 02:06:00,69.7
2025-06-12 14:29:00,55.4
2025-06-12 03:33:00,74.9
2025-06-12 07:07:00,92.6
2025-06-12 15:05:00,49.8
2025-06-12 18:49:00,80.4
2025-06-12 03:50:00,83.2
2025-06-12 21:03:00,34.8
2025-06-12 09:09:00,37.4
2025-06-12 01:21:00,59.9
2025-06-12 13:29:00,44.2
2025-06-12 08:47:00,8.6
2025-06-12 17:34:00,68.1
2025-06-12 01:22:00,75.9
2025-06-12 18:16:00,44.9
2025-06-12 20:18:00,50.31892714921527
2025-06-12 17:42:00,57.9
2025-06-12 19:29:00,0.9
2025-06-12 04:17:00,87.3
2025-06-12 07:29:00,54.4
2025-06-12 06:39:00,37.0
2025-06-12 04:51:00,56.6
2025-06-12 23:20:00,92.2
2025-06-12 05:40:00,41.4
2025-06-12 04:12:00,49.3
2025-06-12 19:37:00,64.0
2025-06-12 20:42:00,92.0
2025-06-12 10:23:00,91.8
2025-06-12 03:37:00,46.8
2025-06-12 04:56:00,76.6
2025-06-12 09:35:00,50.31892714921527
2025-06-12 17:45:00,72.3
2025-06-12 13:20:00,42.3
2025-06-12 04:43:00,50.31892714921527
2025-06-12 05:43:00,53.7
2025-06-12 14:40:00,32.1
2025-06-12 01:03:00,90.8
2025-06-12 00:55:00,57.8
2025-06-12 11:28:00,74.3
2025-06-12 09:38:00,21.5
2025-06-12 21:42:00,99.7
2025-06-12 13:53:00,59.3
2025-06-12 03:34:00,32.4
2025-06-12 12:16:00,26.1
2025-06-12 11:04:00,50.31892714921527
2025-06-12 06:28:00,53.3
2025-06-12 14:19:00,45.6
2025-06-12 18:23:00,4.9
2025-06-12 04:05:00,68.8
2025-06-12 20:56:00,50.9
2025-06-12 16:37:00,23.0
2025-06-12 17:21:00,7.1
2025-06-12 15:59:00,28.2
2025-06-12 13:37:00,59.5
2025-06-12 00:13:00,86.5
2025-06-12 14:45:00,69.9
2025-06-12 19:57:00,50.31892714921527
2025-06-12 18:27:00,59.4
2025-06-12 08:17:00,68.5
2025-06-12 10:44:00,50.31892714921527
2025-06-12 08:51:00,50.31892714921527
2025-06-12 08:32:00,93.9
2025-06-12 15:35:00,93.8
2025-06-12 06:54:00,50.31892714921527
2025-06-12 06:11:00,56.8
2025-06-12 13:35:00,29.9
2025-06-12 01:07:00,37.3
2025-06-12 21:41:00,97.8
2025-06-12 03:32:00,50.31892714921527
2025-06-12 03:55:00,7.2
2025-06-12 08:27:00,40.0
2025-06-12 18:30:00,8.9
2025-06-12 23:17:00,77.0
2025-06-12 02:22:00,63.8
2025-06-12 21:18:00,24.6
2025-06-12 08:56:00,58.5
2025-06-12 15:19:00,50.31892714921527
2025-06-12 07:06:00,50.31892714921527
2025-06-12 13:17:00,54.1
2025-06-12 13:22:00,85.3
2025-06-12 10:30:00,86.6
2025-06-12 07:55:00,50.31892714921527
2025-06-12 20:53:00,50.31892714921527
2025-06-12 04:22:00,13.3
2025-06-12 00:22:00,71.6
2025-06-12 15:31:00,92.3
2025-06-12 02:22:00,24.3
2025-06-12 17:00:00,67.3
2025-06-12 18:35:00,30.4
2025-06-12 06:10:00,50.31892714921527
2025-06-12 03:08:00,1.9
2025-06-12 04:41:00,70.7
2025-06-12 06:55:00,71.7
2025-06-12 01:59:00,50.31892714921527
2025-06-12 15:38:00,45.2
2025-06-12 10:35:00,50.31892714921527
2025-06-12 14:05:00,41.8
2025-06-12 19:39:00,61.7
2025-06-12 16:54:00,46.7
2025-06-12 11:34:00,67.6
2025-06-12 13:21:00,58.4
2025-06-12 13:00:00,45.5
2025-06-12 21:33:00,91.5
2025-06-12 15:17:00,50.31892714921527
2025-06-12 16:16:00,95.6
2025-06-12 08:27:00,45.2
2025-06-12 18:58:00,62.3
2025-06-12 12:33:00,87.3
2025-06-12 00:46:00,97.3
2025-06-12 06:32:00,61.8
2025-06-12 02:22:00,35.5
2025-06-12 20:38:00,12.6
2025-06-12 01:14:00,36.4
2025-06-12 11:00:00,56.0
2025-06-12 10:04:00,43.2
2025-06-12 08:44:00,4.0
2025-06-12 22:59:00,75.6
2025-06-12 23:13:00,17.4
2025-06-12 11:54:00,31.6
2025-06-12 14:45:00,50.2
2025-06-12 07:10:00,12.6
2025-06-12 19:36:00,63.6
2025-06-12 20:18:00,4.9
2025-06-12 02:53:00,50.31892714921527
2025-06-12 20:11:00,50.31892714921527
2025-06-12 03:14:00,98.3
2025-06-12 08:58:00,12.3
2025-06-12 15:51:00,14.6
2025-06-12 15:19:00,57.5
2025-06-12 05:31:00,40.5
2025-06-12 10:00:00,15.6
2025-06-12 01:53:00,60.9
2025-06-12 07:29:00,30.1
2025-06-12 10:15:00,91.7
2025-06-12 06:37:00,60.6
2025-06-12 00:39:00,98.3
2025-06-12 05:47:00,97.8
2025-06-12 16:13:00,77.0
2025-06-12 04:34:00,29.0
2025-06-12 18:50:00,50.31892714921527
2025-06-12 11:22:00,88.6
2025-06-12 05:16:00,17.5
2025-06-12 04:40:00,24.7
2025-06-12 11:34:00,14.1
2025-06-12 15:32:00,1.8
2025-06-12 16:25:00,41.3
2025-06-12 17:47:00,10.2
2025-06-12 19:29:00,50.31892714921527
2025-06-12 00:52:00,52.2
2025-06-12 14:12:00,30.9
2025-06-12 00:06:00,33.6
2025-06-12 03:48:00,95.7
2025-06-12 11:36:00,64.2
2025-06-12 14:09:00,43.7
2025-06-12 16:54:00,86.2
2025-06-12 22:52:00,68.4
2025-06-12 03:16:00,50.31892714921527
2025-06-12 06:06:00,50.31892714921527
2025-06-12 22:12:00,11.3
2025-06-12 00:25:00,50.31892714921527
2025-06-12 21:57:00,33.0
2025-06-12 14:20:00,41.9
2025-06-12 18:40:00,25.7
2025-06-12 21:54:00,62.9
2025-06-12 14:19:00,87.9
2025-06-12 23:50:00,36.5
2025-06-12 07:36:00,27.5
2025-06-12 17:09:00,9.6
2025-06-12 15:55:00,19.0
2025-06-12 06:30:00,54.9
2025-06-12 02:11:00,55.4
2025-06-12 11:31:00,68.1
2025-06-12 22:08:00,52.4
2025-06-12 23:14:00,98.1
2025-06-12 01:37:00,60.6
2025-06-12 19:49:00,46.6
2025-06-12 03:20:00,45.1
2025-06-12 07:53:00,83.9
2025-06-12 11:22:00,14.4
2025-06-12 22:00:00,51.6
2025-06-12 23:40:00,50.31892714921527
2025-06-12 14:51:00,53.4
2025-06-12 23:15:00,54.2
2025-06-12 13:03:00,50.31892714921527
2025-06-12 11:53:00,91.3
2025-06-12 12:49:00,68.9
2025-06-12 23:20:00,15.0
2025-06-12 19:13:00,7.5
2025-06-12 18:35:00,17.0
2025-06-12 17:30:00,78.4
2025-06-12 22:53:00,50.31892714921527
2025-06-12 16:01:00,76.6
2025-06-12 19:23:00,19.1
2025-06-12 09:39:00,95.3
2025-06-12 16:11:00,6.5
2025-06-12 01:51:00,67.3
2025-06-12 22:50:00,64.2
2025-06-12 03:46:00,69.0
2025-06-12 03:51:00,50.31892714921527
2025-06-12 01:12:00,27.2
2025-06-12 10:21:00,26.8
2025-06-12 01:59:00,50.31892714921527
2025-06-12 01:30:00,24.8
2025-06-12 11:18:00,36.5
2025-06-12 15:08:00,1.1
2025-06-12 23:05:00,50.9
2025-06-12 11:38:00,25.6
2025-06-12 19:16:00,96.0
2025-06-12 19:58:00,99.4
2025-06-12 01:00:00,42.7
2025-06-12 06:33:00,57.1
2025-06-12 14:43:00,97.9
2025-06-12 22:10:00,20.7
2025-06-12 14:38:00,43.7
2025-06-12 09:36:00,88.3
2025-06-12 23:30:00,96.6
2025-06-12 20:07:00,31.1
2025-06-12 20:02:00,8.3
2025-06-12 22:17:00,6.1
2025-06-12 06:43:00,88.8
2025-06-12 17:34:00,30.3
2025-06-12 11:04:00,49.91221338324755
2025-06-12 09:03:00,70.6
2025-06-12 07:51:00,9.1
2025-06-12 07:28:00,23.8
2025-06-12 10:03:00,77.0
2025-06-12 00:04:00,5.4
2025-06-12 14:25:00,42.8
2025-06-12 19:09:00,8.4
2025-06-12 16:40:00,30.0
2025-06-12 16:19:00,34.8
2025-06-12 01:15:00,0.3
2025-06-12 15:42:00,88.4
2025-06-12 02:46:00,5.9
2025-06-12 14:23:00,75.2
2025-06-12 03:40:00,55.7
2025-06-12 22:49:00,57.5
2025-06-12 14:37:00,49.91221338324755
2025-06-12 10:02:00,59.9
2025-06-12 18:33:00,53.7
2025-06-12 08:05:00,47.0
2025-06-12 05:19:00,17.0
2025-06-12 09:06:00,49.91221338324755
2025-06-12 12:44:00,21.3
2025-06-12 01:07:00,33.8
2025-06-12 05:46:00,49.91221338324755
2025-06-12 22:03:00,18.4
2025-06-12 22:01:00,89.7
2025-06-12 14:44:00,47.6
2025-06-12 05:25:00,96.6
2025-06-12 15:43:00,51.1
2025-06-12 06:58:00,63.5
2025-06-12 03:25:00,14.3
2025-06-12 10:26:00,97.7
2025-06-12 07:12:00,39.8
2025-06-12 19:06:00,98.2
2025-06-12 21:04:00,28.6
2025-06-12 18:28:00,4.3
2025-06-12 15:03:00,51.5
2025-06-12 20:47:00,65.4
2025-06-12 17:06:00,31.4
2025-06-12 18:58:00,49.91221338324755
2025-06-12 01:21:00,46.7
2025-06-12 19:12:00,29.9
2025-06-12 06:18:00,90.5
2025-06-12 23:47:00,13.7
2025-06-12 23:20:00,9.4
2025-06-12 01:03:00,49.0
2025-06-12 13:03:00,5.7
2025-06-12 17:07:00,89.0
2025-06-12 04:58:00,97.1
2025-06-12 07:59:00,89.9
2025-06-12 09:00:00,9.9
2025-06-12 20:10:00,49.1
2025-06-12 11:01:00,22.5
2025-06-12 00:42:00,12.0
2025-06-12 22:24:00,18.3
2025-06-12 00:22:00,22.0
2025-06-12 17:44:00,9.8
2025-06-12 09:06:00,59.0
2025-06-12 23:11:00,83.0
2025-06-12 19:03:00,15.6
2025-06-12 05:06:00,15.2
2025-06-12 21:38:00,49.91221338324755
2025-06-12 07:12:00,96.5
2025-06-12 17:37:00,41.5
2025-06-12 04:56:00,3.6
2025-06-12 03:10:00,14.6
2025-06-12 23:35:00,49.91221338324755
2025-06-12 11:34:00,42.5
2025-06-12 06:02:00,49.91221338324755
2025-06-12 07:35:00,87.0
2025-06-12 04:12:00,90.2
2025-06-12 02:32:00,0.2
2025-06-12 14:38:00,83.1
2025-06-12 04:37:00,86.7
2025-06-12 15:05:00,9.3
2025-06-12 10:33:00,6.1
2025-06-12 01:38:00,39.4
2025-06-12 01:55:00,49.91221338324755
2025-06-12 01:01:00,13.4
2025-06-12 10:12:00,49.91221338324755
2025-06-12 08:14:00,99.5
2025-06-12 21:45:00,42.2
2025-06-12 09:42:00,49.91221338324755
2025-06-12 12:48:00,61.5
2025-06-12 12:03:00,62.3
2025-06-12 06:05:00,35.0
2025-06-12 23:13:00,20.5
2025-06-12 15:47:00,16.0
2025-06-12 08:19:00,32.4
2025-06-12 18:07:00,33.3
2025-06-12 15:28:00,49.91221338324755
2025-06-12 03:20:00,11.5
2025-06-12 16:44:00,6.3
2025-06-12 16:48:00,34.8
2025-06-12 17:17:00,89.7
2025-06-12 01:11:00,42.4
2025-06-12 00:58:00,28.2
2025-06-12 12:15:00,6.8
2025-06-12 07:21:00,89.6
2025-06-12 21:06:00,35.9
2025-06-12 04:50:00,49.91221338324755
2025-06-12 05:14:00,23.9
2025-06-12 21:57:00,49.91221338324755
2025-06-12 06:10:00,26.5
2025-06-12 05:27:00,91.6
2025-06-12 18:24:00,61.3
2025-06-12 15:57:00,98.2
2025-06-12 23:04:00,98.3
2025-06-12 10:03:00,60.3
2025-06-12 15:00:00,64.7
2025-06-12 17:59:00,46.3
2025-06-12 00:18:00,62.0
2025-06-12 00:52:00,49.91221338324755
2025-06-12 15:50:00,41.5
2025-06-12 18:09:00,41.6
2025-06-12 07:00:00,80.6
2025-06-12 07:11:00,80.1
2025-06-12 08:15:00,58.3
2025-06-12 10:12:00,93.7
2025-06-12 14:33:00,49.91221338324755
2025-06-12 17:45:00,75.1
2025-06-12 18:04:00,93.9
2025-06-12 08:47:00,74.6
2025-06-12 14:06:00,57.6
2025-06-12 22:19:00,86.7
2025-06-12 17:23:00,41.5
2025-06-12 08:08:00,18.1
2025-06-12 21:32:00,39.8
2025-06-12 11:46:00,92.5
2025-06-12 07:46:00,94.2
2025-06-12 12:12:00,99.7
2025-06-12 10:03:00,36.3
2025-06-12 18:11:00,24.0
2025-06-12 08:58:00,49.91221338324755
2025-06-12 13:15:00,27.0
2025-06-12 19:41:00,78.9
2025-06-12 08:04:00,49.91221338324755
2025-06-12 01:25:00,49.91221338324755
2025-06-12 11:10:00,22.2
2025-06-12 02:08:00,35.9
2025-06-12 07:36:00,23.4
2025-06-12 09:14:00,31.3
2025-06-12 00:25:00,71.6
2025-06-12 16:55:00,47.3
2025-06-12 21:58:00,22.0
2025-06-12 20:12:00,49.91221338324755
2025-06-12 12:26:00,58.5
2025-06-12 17:47:00,78.1
2025-06-12 04:18:00,68.8
2025-06-12 09:55:00,46.2
2025-06-12 22:01:00,49.91221338324755
2025-06-12 02:47:00,20.1
2025-06-12 01:31:00,86.7
2025-06-12 10:57:00,63.0
2025-06-12 04:25:00,64.7
2025-06-12 22:40:00,67.9
2025-06-12 10:07:00,49.91221338324755
2025-06-12 13:44:00,79.9
2025-06-12 18:54:00,49.91221338324755
2025-06-12 08:41:00,49.91221338324755
2025-06-12 21:46:00,0.7
2025-06-12 15:36:00,54.9
2025-06-12 16:07:00,49.91221338324755
2025-06-12 10:43:00,53.5
2025-06-12 12:33:00,5.0
2025-06-12 11:21:00,38.8
2025-06-12 01:07:00,13.7
2025-06-12 15:23:00,16.2
2025-06-12 17:41:00,88.1
2025-06-12 20:11:00,69.5
2025-06-12 23:37:00,28.4
2025-06-12 11:21:00,84.5
2025-06-12 03:15:00,49.91221338324755
2025-06-12 03:20:00,55.5
2025-06-12 15:17:00,24.8
2025-06-12 13:43:00,41.8
2025-06-12 10:33:00,38.9
2025-06-12 15:51:00,16.9
2025-06-12 23:59:00,10.8
2025-06-12 05:52:00,72.8
2025-06-12 09:47:00,44.8
2025-06-12 16:11:00,83.1
2025-06-12 13:21:00,59.1
2025-06-12 11:37:00,25.1
2025-06-12 02:43:00,49.91221338324755
2025-06-12 16:23:00,17.3
2025-06-12 21:08:00,76.6
2025-06-12 15:48:00,94.7
2025-06-12 03:29:00,95.9
2025-06-12 17:05:00,96.7
2025-06-12 11:36:00,82.6
2025-06-12 10:21:00,49.91221338324755
2025-06-12 09:29:00,80.4
2025-06-12 04:16:00,26.1
2025-06-12 05:38:00,83.9
2025-06-12 17:15:00,43.0
2025-06-12 15:13:00,41.6
2025-06-12 07:57:00,88.5
2025-06-12 21:49:00,66.0
2025-06-12 18:51:00,49.91221338324755
2025-06-12 23:01:00,94.0
2025-06-12 14:33:00,85.1
2025-06-12 15:59:00,52.1
2025-06-12 01:54:00,92.2
2025-06-12 19:28:00,55.4
2025-06-12 21:01:00,26.0
2025-06-12 14:07:00,88.6
2025-06-12 22:41:00,52.7
2025-06-12 06:22:00,31.1
2025-06-12 02:36:00,49.91221338324755
2025-06-12 04:22:00,81.4
2025-06-12 14:30:00,91.1
2025-06-12 19:01:00,97.6
2025-06-12 09:59:00,27.6
2025-06-12 18:24:00,92.6
2025-06-12 13:30:00,67.3
2025-06-12 15:27:00,49.91221338324755
2025-06-12 22:10:00,8.7
2025-06-12 19:51:00,67.5
2025-06-12 10:02:00,25.0
2025-06-12 01:56:00,12.0
2025-06-12 20:40:00,49.91221338324755
2025-06-12 23:58:00,49.91221338324755
2025-06-12 15:07:00,53.3
2025-06-12 22:57:00,32.2
2025-06-12 19:55:00,25.7
2025-06-12 13:09:00,49.91221338324755
2025-06-12 00:17:00,68.6
2025-06-12 16:42:00,87.6
2025-06-12 02:08:00,26.5
2025-06-12 19:59:00,48.6
2025-06-12 04:22:00,49.91221338324755
2025-06-12 07:18:00,48.5
2025-06-12 13:15:00,63.7
2025-06-12 07:30:00,49.91221338324755
2025-06-12 00:27:00,79.0
2025-06-12 09:23:00,76.1
2025-06-12 14:47:00,83.2
2025-06-12 19:36:00,49.91221338324755
2025-06-12 14:29:00,69.3
2025-06-12 19:14:00,37.5
2025-06-12 19:07:00,47.6
2025-06-12 14:24:00,10.4
2025-06-12 21:46:00,18.2
2025-06-12 11:38:00,15.6
2025-06-12 21:43:00,7.6
2025-06-12 12:05:00,5.1
2025-06-12 22:01:00,71.2
2025-06-12 02:53:00,13.2
2025-06-12 04:40:00,39.4
2025-06-12 03:32:00,26.7
2025-06-12 09:46:00,49.91221338324755
2025-06-12 23:19:00,53.4
2025-06-12 23:03:00,81.2
2025-06-12 05:19:00,0.8
2025-06-12 13:15:00,86.8
2025-06-12 11:14:00,49.91221338324755
2025-06-12 13:20:00,0.6
2025-06-12 16:19:00,49.91221338324755
2025-06-12 22:31:00,35.6
2025-06-12 12:43:00,45.9
2025-06-12 06:16:00,49.91221338324755
2025-06-12 07:03:00,95.9
2025-06-12 15:07:00,58.3
2025-06-12 08:28:00,39.4
2025-06-12 16:01:00,90.6
2025-06-12 04:53:00,26.0
2025-06-12 22:18:00,40.5
2025-06-12 18:18:00,52.7
2025-06-12 07:52:00,12.6
2025-06-12 20:12:00,6.7
2025-06-12 22:21:00,73.5
2025-06-12 21:11:00,97.0
2025-06-12 14:58:00,35.8
2025-06-12 02:02:00,47.3
2025-06-12 16:48:00,76.0
2025-06-12 08:33:00,15.2
2025-06-12 08:29:00,33.0
2025-06-12 07:43:00,45.6
2025-06-12 06:58:00,49.91221338324755
2025-06-12 21:52:00,57.7
2025-06-12 14:51:00,17.9
2025-06-12 07:44:00,59.9
2025-06-12 21:02:00,3.0
2025-06-12 23:16:00,68.1
2025-06-12 10:22:00,68.2
2025-06-12 06:24:00,80.2
2025-06-12 00:27:00,89.9
2025-06-12 21:30:00,12.1
2025-06-12 18:55:00,39.5
2025-06-12 00:18:00,11.0
2025-06-12 19:41:00,59.9
2025-06-12 09:38:00,41.5
2025-06-12 12:05:00,1.7
2025-06-12 08:01:00,34.1
2025-06-12 02:31:00,49.91221338324755
2025-06-12 19:03:00,13.8
2025-06-12 03:02:00,4.4
2025-06-12 21:43:00,66.7
2025-06-12 06:22:00,28.4
2025-06-12 11:07:00,44.9
2025-06-12 10:42:00,3.6
2025-06-12 07:28:00,12.3
2025-06-12 01:33:00,0.4
2025-06-12 19:02:00,85.4
2025-06-12 16:45:00,8.2
2025-06-12 06:41:00,45.2
2025-06-12 03:20:00,80.8
2025-06-12 02:27:00,77.3
2025-06-12 07:25:00,49.91221338324755
2025-06-12 23:46:00,37.9
2025-06-12 10:13:00,49.91221338324755
2025-06-12 12:15:00,49.91221338324755
2025-06-12 11:04:00,49.91221338324755
2025-06-12 17:41:00,65.4
2025-06-12 14:32:00,26.3
2025-06-12 16:06:00,52.5
2025-06-12 13:16:00,96.1
2025-06-12 16:22:00,95.3
2025-06-12 16:32:00,75.3
2025-06-12 22:01:00,76.9
2025-06-12 21:47:00,50.557353635505194
2025-06-12 10:30:00,14.0
2025-06-12 22:29:00,77.2
2025-06-12 03:37:00,52.2
2025-06-12 22:03:00,47.4
2025-06-12 06:22:00,1.9
2025-06-12 12:19:00,93.7
2025-06-12 11:25:00,52.0
2025-06-12 11:37:00,29.1
2025-06-12 08:17:00,70.3
2025-06-12 11:08:00,90.6
2025-06-12 00:54:00,80.8
2025-06-12 06:36:00,4.1
2025-06-12 20:36:00,96.2
2025-06-12 10:52:00,10.7
2025-06-12 07:44:00,28.7
2025-06-12 13:38:00,45.2
2025-06-12 01:07:00,18.6
2025-06-12 15:00:00,70.1
2025-06-12 10:58:00,64.2
2025-06-12 19:54:00,5.5
2025-06-12 23:52:00,34.9
2025-06-12 02:35:00,58.5
2025-06-12 16:41:00,54.2
2025-06-12 19:36:00,38.6
2025-06-12 03:22:00,46.8
2025-06-12 18:13:00,32.7
2025-06-12 00:18:00,17.9
2025-06-12 22:52:00,33.7
2025-06-12 16:20:00,88.8
2025-06-12 12:05:00,43.9
2025-06-12 05:42:00,68.7
2025-06-12 00:58:00,94.4
2025-06-12 17:16:00,74.2
2025-06-12 10:40:00,58.0
2025-06-12 18:56:00,76.2
2025-06-12 01:10:00,79.3
2025-06-12 02:36:00,47.9
2025-06-12 02:49:00,50.557353635505194
2025-06-12 10:56:00,84.1
2025-06-12 15:06:00,50.557353635505194
2025-06-12 04:31:00,9.6
2025-06-12 02:57:00,50.557353635505194
2025-06-12 01:19:00,58.6
2025-06-12 06:43:00,5.8
2025-06-12 03:07:00,40.0
2025-06-12 04:08:00,4.6
2025-06-12 18:31:00,25.0
2025-06-12 15:38:00,50.557353635505194
2025-06-12 02:27:00,2.1
2025-06-12 07:33:00,34.1
2025-06-12 03:29:00,18.9
2025-06-12 23:29:00,52.7
2025-06-12 15:25:00,1.4
2025-06-12 04:30:00,50.557353635505194
2025-06-12 12:33:00,42.8
2025-06-12 10:25:00,57.5
2025-06-12 02:58:00,83.1
2025-06-12 19:05:00,50.557353635505194
2025-06-12 01:57:00,47.7
2025-06-12 15:02:00,42.7
2025-06-12 01:00:00,15.4
2025-06-12 04:42:00,68.9
2025-06-12 18:27:00,1.2
2025-06-12 10:27:00,50.557353635505194
2025-06-12 00:56:00,84.6
2025-06-12 17:08:00,38.4
2025-06-12 16:20:00,64.5
2025-06-12 21:31:00,24.4
2025-06-12 00:05:00,82.2
2025-06-12 06:40:00,75.8
2025-06-12 06:25:00,5.1
2025-06-12 14:15:00,96.5
2025-06-12 13:50:00,85.9
2025-06-12 23:54:00,23.2
2025-06-12 13:52:00,34.0
2025-06-12 09:22:00,19.3
2025-06-12 05:54:00,6.5
2025-06-12 00:53:00,60.5
2025-06-12 13:10:00,5.7
2025-06-12 23:01:00,50.557353635505194
2025-06-12 21:15:00,13.4
2025-06-12 05:09:00,50.557353635505194
2025-06-12 16:26:00,32.0
2025-06-12 07:44:00,79.5
2025-06-12 05:56:00,50.557353635505194
2025-06-12 01:58:00,26.9
2025-06-12 00:15:00,41.8
2025-06-12 20:01:00,6.1
2025-06-12 03:57:00,9.0
2025-06-12 03:16:00,63.5
2025-06-12 10:17:00,72.3
2025-06-12 17:46:00,90.3
2025-06-12 18:28:00,2.3
2025-06-12 11:38:00,50.557353635505194
2025-06-12 02:59:00,22.6
2025-06-12 10:02:00,50.557353635505194
2025-06-12 02:45:00,80.5
2025-06-12 22:40:00,93.2
2025-06-12 10:34:00,73.2
2025-06-12 12:05:00,34.9
2025-06-12 17:02:00,22.3
2025-06-12 04:37:00,35.7
2025-06-12 02:05:00,67.2
2025-06-12 16:14:00,15.4
2025-06-12 13:42:00,50.557353635505194
2025-06-12 07:57:00,2.3
2025-06-12 12:18:00,56.7
2025-06-12 21:12:00,19.1
2025-06-12 04:29:00,4.7
2025-06-12 22:55:00,23.9
2025-06-12 15:51:00,56.5
2025-06-12 11:41:00,30.9
2025-06-12 13:10:00,8.2
2025-06-12 12:24:00,5.9
2025-06-12 12:08:00,54.5
2025-06-12 15:20:00,81.1
2025-06-12 20:43:00,64.1
2025-06-12 08:21:00,50.557353635505194
2025-06-12 01:02:00,84.6
2025-06-12 02:40:00,7.4
2025-06-12 06:06:00,87.2
2025-06-12 01:19:00,55.6
2025-06-12 00:30:00,10.5
2025-06-12 03:45:00,88.7
2025-06-12 02:33:00,66.0
2025-06-12 09:24:00,50.557353635505194
2025-06-12 07:40:00,22.5
2025-06-12 07:59:00,50.557353635505194
2025-06-12 18:35:00,60.1
2025-06-12 09:01:00,50.557353635505194
2025-06-12 19:40:00,44.5
2025-06-12 19:39:00,94.6
2025-06-12 20:52:00,92.3
2025-06-12 13:38:00,28.4
2025-06-12 04:56:00,5.1
2025-06-12 03:00:00,47.5
2025-06-12 13:54:00,28.3
2025-06-12 08:59:00,99.6
2025-06-12 14:42:00,99.8
2025-06-12 00:34:00,1.1
2025-06-12 10:35:00,79.5
2025-06-12 10:17:00,50.557353635505194
2025-06-12 15:15:00,45.2
2025-06-12 09:53:00,50.557353635505194
2025-06-12 09:46:00,50.557353635505194
2025-06-12 06:27:00,57.0
2025-06-12 06:23:00,25.8
2025-06-12 10:47:00,61.0
2025-06-12 04:32:00,50.557353635505194
2025-06-12 06:21:00,6.9
2025-06-12 04:23:00,92.1
2025-06-12 08:55:00,24.9
2025-06-12 11:10:00,32.7
2025-06-12 00:26:00,86.3
2025-06-12 10:22:00,50.4
2025-06-12 21:03:00,99.1
2025-06-12 03:46:00,50.557353635505194
2025-06-12 13:11:00,26.4
2025-06-12 12:14:00,10.4
2025-06-12 04:29:00,59.4
2025-06-12 03:10:00,60.3
2025-06-12 04:44:00,18.8
2025-06-12 21:37:00,3.7
2025-06-12 15:21:00,1.9
2025-06-12 06:39:00,22.7
2025-06-12 08:25:00,58.0
2025-06-12 02:46:00,50.557353635505194
2025-06-12 19:49:00,50.557353635505194
2025-06-12 20:38:00,33.9
2025-06-12 03:54:00,94.3
2025-06-12 22:54:00,50.557353635505194
2025-06-12 23:03:00,97.2
2025-06-12 02:54:00,41.1
2025-06-12 17:39:00,83.3
2025-06-12 11:00:00,12.8
2025-06-12 18:11:00,29.0
2025-06-12 14:59:00,11.5
2025-06-12 14:14:00,77.4
2025-06-12 09:27:00,47.9
2025-06-12 23:30:00,50.557353635505194
2025-06-12 06:09:00,23.5
2025-06-12 12:08:00,6.7
2025-06-12 23:44:00,50.557353635505194
2025-06-12 07:49:00,22.9
2025-06-12 04:07:00,28.9
2025-06-12 20:28:00,36.4
2025-06-12 05:53:00,98.6
2025-06-12 01:21:00,50.557353635505194
2025-06-12 12:48:00,82.3
2025-06-12 20:59:00,50.557353635505194
2025-06-12 20:05:00,81.5
2025-06-12 07:12:00,41.4
2025-06-12 16:40:00,85.6
2025-06-12 14:57:00,32.8
2025-06-12 00:55:00,49.0
2025-06-12 21:12:00,19.3
2025-06-12 17:46:00,3.9
2025-06-12 07:11:00,50.557353635505194
2025-06-12 02:45:00,50.557353635505194
2025-06-12 05:57:00,1.2
2025-06-12 06:32:00,54.9
2025-06-12 01:54:00,18.9
2025-06-12 19:16:00,94.4
2025-06-12 15:41:00,41.4
2025-06-12 15:52:00,34.9
2025-06-12 09:50:00,44.7
2025-06-12 12:21:00,50.557353635505194
2025-06-12 09:54:00,62.6
2025-06-12 02:11:00,85.9
2025-06-12 08:30:00,94.0
2025-06-12 14:34:00,50.557353635505194
2025-06-12 06:10:00,42.2
2025-06-12 05:00:00,50.557353635505194
2025-06-12 18:04:00,50.557353635505194
2025-06-12 22:58:00,80.2
2025-06-12 13:12:00,50.557353635505194
2025-06-12 00:00:00,37.4
2025-06-12 09:38:00,41.3
2025-06-12 13:50:00,23.6
2025-06-12 20:14:00,82.9
2025-06-12 18:42:00,69.9
2025-06-12 18:51:00,33.6
2025-06-12 22:53:00,50.557353635505194
2025-06-12 16:13:00,50.557353635505194
2025-06-12 02:04:00,50.557353635505194
2025-06-12 07:52:00,92.6
2025-06-12 18:45:00,30.7
2025-06-12 22:14:00,46.6
2025-06-12 12:23:00,75.0
2025-06-12 18:35:00,73.5
2025-06-12 07:10:00,8.6
2025-06-12 14:07:00,51.0
2025-06-12 11:04:00,98.9
2025-06-12 17:00:00,38.1
2025-06-12 12:15:00,77.3
2025-06-12 09:06:00,50.557353635505194
2025-06-12 21:51:00,74.0
2025-06-12 09:33:00,78.6
2025-06-12 05:11:00,70.5
2025-06-12 13:00:00,66.7
2025-06-12 19:49:00,27.5
2025-06-12 18:51:00,11.7
2025-06-12 02:41:00,95.2
2025-06-12 21:44:00,95.3
2025-06-12 16:55:00,57.0
2025-06-12 05:14:00,80.0
2025-06-12 06:32:00,88.4
2025-06-12 09:19:00,78.0
2025-06-12 02:54:00,99.1
2025-06-12 13:10:00,95.8
2025-06-12 06:38:00,62.7
2025-06-12 18:07:00,35.3
2025-06-12 07:02:00,37.1
2025-06-12 15:04:00,52.9
2025-06-12 00:41:00,70.8
2025-06-12 02:44:00,61.7
2025-06-12 10:03:00,70.4
2025-06-12 00:13:00,75.1
2025-06-12 13:18:00,88.1
2025-06-12 20:48:00,70.9
2025-06-12 17:03:00,79.9
2025-06-12 07:32:00,77.5
2025-06-12 11:04:00,57.1
2025-06-12 18:42:00,74.7
2025-06-12 11:40:00,12.9
2025-06-12 22:14:00,20.3
2025-06-12 20:41:00,93.9
2025-06-12 01:40:00,39.2
2025-06-12 15:42:00,87.2
2025-06-12 08:23:00,17.6
2025-06-12 10:52:00,31.4
2025-06-12 16:34:00,67.3
2025-06-12 10:49:00,8.6
2025-06-12 22:59:00,96.5
2025-06-12 22:38:00,50.557353635505194
2025-06-12 11:19:00,13.6
2025-06-12 03:41:00,50.557353635505194
2025-06-12 09:32:00,12.9
2025-06-12 12:10:00,41.0
2025-06-12 15:37:00,54.9
2025-06-12 12:26:00,64.5
2025-06-12 16:54:00,19.6
2025-06-12 13:18:00,23.5
2025-06-12 07:40:00,50.557353635505194
2025-06-12 04:08:00,50.557353635505194
2025-06-12 01:16:00,56.0
2025-06-12 19:00:00,91.2
2025-06-12 18:26:00,93.8
2025-06-12 14:51:00,86.0
2025-06-12 19:29:00,23.9
2025-06-12 19:29:00,54.3
2025-06-12 00:27:00,50.557353635505194
2025-06-12 01:43:00,52.3
2025-06-12 17:13:00,93.2
2025-06-12 13:55:00,30.4
2025-06-12 09:39:00,60.8
2025-06-12 06:56:00,21.9
2025-06-12 01:19:00,54.3
2025-06-12 15:43:00,53.8
2025-06-12 06:50:00,98.2
2025-06-12 20:56:00,76.7
2025-06-12 05:35:00,47.2
2025-06-12 10:46:00,13.2
2025-06-12 14:13:00,25.1
2025-06-12 12:12:00,50.557353635505194
2025-06-12 22:27:00,28.8
2025-06-12 00:07:00,90.1
2025-06-12 22:19:00,28.6
2025-06-12 12:33:00,85.7
2025-06-12 23:04:00,90.0
2025-06-12 21:36:00,1.5
2025-06-12 19:31:00,61.0
2025-06-12 15:40:00,80.6
2025-06-12 20:40:00,42.8
2025-06-12 12:14:00,38.0
2025-06-12 05:20:00,7.1
2025-06-12 16:18:00,42.9
2025-06-12 03:36:00,38.1
2025-06-12 12:48:00,73.0
2025-06-12 21:47:00,49.87196987526477
2025-06-12 07:32:00,67.4
2025-06-12 14:58:00,46.1
2025-06-12 11:01:00,97.8
2025-06-12 06:42:00,49.87196987526477
2025-06-12 21:02:00,64.1
2025-06-12 04:19:00,15.8
2025-06-12 17:20:00,84.1
2025-06-12 04:18:00,49.87196987526477
2025-06-12 22:00:00,62.4
2025-06-12 02:55:00,70.9
2025-06-12 00:25:00,49.87196987526477
2025-06-12 10:12:00,12.9
2025-06-12 06:24:00,77.0
2025-06-12 10:25:00,49.3
2025-06-12 00:36:00,49.87196987526477
2025-06-12 10:55:00,29.6
2025-06-12 16:41:00,48.3
2025-06-12 08:47:00,15.5
2025-06-12 15:07:00,39.7
2025-06-12 03:11:00,49.87196987526477
2025-06-12 07:33:00,16.5
2025-06-12 05:49:00,22.3
2025-06-12 21:32:00,55.6
2025-06-12 01:19:00,45.4
2025-06-12 21:42:00,49.87196987526477
2025-06-12 04:05:00,69.8
2025-06-12 03:35:00,34.3
2025-06-12 13:46:00,1.7
2025-06-12 02:01:00,96.1
2025-06-12 00:46:00,7.9
2025-06-12 18:09:00,61.1
2025-06-12 15:35:00,61.0
2025-06-12 11:00:00,73.5
2025-06-12 23:28:00,1.4
2025-06-12 16:13:00,12.5
2025-06-12 15:57:00,96.7
2025-06-12 11:01:00,85.4
2025-06-12 17:50:00,79.9
2025-06-12 20:47:00,5.8
2025-06-12 20:17:00,84.3
2025-06-12 16:24:00,49.87196987526477
2025-06-12 14:31:00,82.7
2025-06-12 02:17:00,18.8
2025-06-12 18:39:00,77.5
2025-06-12 07:43:00,8.9
2025-06-12 12:57:00,23.1
2025-06-12 09:38:00,81.6
2025-06-12 08:05:00,99.3
2025-06-12 14:15:00,18.8
2025-06-12 08:00:00,49.87196987526477
2025-06-12 15:38:00,49.87196987526477
2025-06-12 13:47:00,75.0
2025-06-12 22:31:00,49.87196987526477
2025-06-12 14:56:00,72.6
2025-06-12 18:03:00,76.9
2025-06-12 21:33:00,97.4
2025-06-12 17:49:00,37.4
2025-06-12 10:39:00,65.8
2025-06-12 22:14:00,2.6
2025-06-12 02:46:00,49.87196987526477
2025-06-12 00:09:00,10.9
2025-06-12 08:03:00,49.87196987526477
2025-06-12 19:06:00,97.8
2025-06-12 14:42:00,1.3
2025-06-12 09:46:00,46.3
2025-06-12 16:38:00,67.2
2025-06-12 15:24:00,15.0
2025-06-12 07:45:00,36.2
2025-06-12 17:10:00,30.6
2025-06-12 11:59:00,62.0
2025-06-12 04:41:00,22.9
2025-06-12 07:36:00,49.87196987526477
2025-06-12 15:08:00,51.0
2025-06-12 20:09:00,61.8
2025-06-12 03:43:00,29.5
2025-06-12 23:23:00,56.4
2025-06-12 08:24:00,74.9
2025-06-12 16:23:00,58.8
2025-06-12 23:21:00,49.87196987526477
2025-06-12 11:52:00,81.6
2025-06-12 07:28:00,21.9
2025-06-12 20:23:00,66.9
2025-06-12 21:26:00,91.0
2025-06-12 19:11:00,4.5
2025-06-12 01:42:00,49.87196987526477
2025-06-12 08:34:00,49.87196987526477
2025-06-12 20:38:00,81.9
2025-06-12 09:37:00,70.9
2025-06-12 02:48:00,54.5
2025-06-12 22:36:00,49.87196987526477
2025-06-12 12:26:00,40.7
2025-06-12 19:32:00,49.87196987526477
2025-06-12 05:47:00,72.7
2025-06-12 10:45:00,49.87196987526477
2025-06-12 22:26:00,59.0
2025-06-12 15:25:00,27.9
2025-06-12 01:55:00,29.7
2025-06-12 02:35:00,14.6
2025-06-12 14:10:00,1.8
2025-06-12 10:27:00,49.87196987526477
2025-06-12 16:38:00,49.87196987526477
2025-06-12 13:55:00,51.2
2025-06-12 16:22:00,13.7
2025-06-12 22:38:00,49.87196987526477
2025-06-12 14:35:00,44.0
2025-06-12 17:45:00,79.4
2025-06-12 20:24:00,81.2
2025-06-12 01:06:00,90.6
2025-06-12 19:45:00,49.87196987526477
2025-06-12 02:17:00,49.87196987526477
2025-06-12 08:56:00,54.1
2025-06-12 13:00:00,95.0
2025-06-12 11:52:00,50.0
2025-06-12 03:37:00,66.7
2025-06-12 13:46:00,83.8
2025-06-12 00:09:00,4.4
2025-06-12 03:23:00,35.6
2025-06-12 20:00:00,9.5
2025-06-12 09:26:00,51.0
2025-06-12 04:42:00,49.87196987526477
2025-06-12 09:18:00,35.3
2025-06-12 07:27:00,49.87196987526477
2025-06-12 22:53:00,36.6
2025-06-12 20:47:00,87.9
2025-06-12 02:39:00,49.87196987526477
2025-06-12 10:07:00,77.4
2025-06-12 19:48:00,16.2
2025-06-12 00:27:00,75.7
2025-06-12 03:47:00,49.87196987526477
2025-06-12 04:26:00,2.3
2025-06-12 03:20:00,77.0
2025-06-12 06:12:00,17.6
2025-06-12 13:37:00,66.2
2025-06-12 02:44:00,5.5
2025-06-12 02:46:00,49.87196987526477
2025-06-12 19:30:00,93.7
2025-06-12 16:10:00,49.87196987526477
2025-06-12 16:51:00,37.5
2025-06-12 10:48:00,45.7
2025-06-12 17:27:00,49.87196987526477
2025-06-12 01:26:00,22.7
2025-06-12 12:00:00,66.7
2025-06-12 12:21:00,14.5
2025-06-12 12:30:00,66.6
2025-06-12 04:17:00,45.5
2025-06-12 02:55:00,49.87196987526477
2025-06-12 09:32:00,39.0
2025-06-12 10:56:00,45.5
2025-06-12 16:37:00,10.0
2025-06-12 04:11:00,59.3
2025-06-12 01:54:00,99.9
2025-06-12 04:57:00,30.3
2025-06-12 19:22:00,78.4
2025-06-12 16:55:00,89.2
2025-06-12 03:10:00,37.9
2025-06-12 11:37:00,93.4
2025-06-12 04:08:00,84.7
2025-06-12 03:41:00,85.1
2025-06-12 06:38:00,30.2
2025-06-12 09:21:00,16.5
2025-06-12 04:38:00,49.87196987526477
2025-06-12 21:13:00,26.9
2025-06-12 18:22:00,94.9
2025-06-12 06:08:00,64.1
2025-06-12 13:56:00,49.87196987526477
2025-06-12 00:01:00,49.87196987526477
2025-06-12 10:43:00,41.7
2025-06-12 15:32:00,26.9
2025-06-12 04:54:00,49.87196987526477
2025-06-12 23:10:00,87.8
2025-06-12 09:34:00,87.5
2025-06-12 20:37:00,95.2
2025-06-12 06:04:00,49.87196987526477
2025-06-12 16:04:00,87.3
2025-06-12 07:24:00,45.7
2025-06-12 03:25:00,91.8
2025-06-12 01:21:00,49.87196987526477
2025-06-12 19:20:00,49.87196987526477
2025-06-12 16:59:00,45.7
2025-06-12 10:47:00,56.7
2025-06-12 01:37:00,49.87196987526477
2025-06-12 03:20:00,76.7
2025-06-12 17:38:00,49.87196987526477
2025-06-12 06:15:00,33.0
2025-06-12 14:22:00,0.6
2025-06-12 19:55:00,78.6
2025-06-12 22:10:00,60.5
2025-06-12 01:09:00,0.8
2025-06-12 19:42:00,14.5
2025-06-12 20:31:00,25.3
2025-06-12 23:04:00,79.7
2025-06-12 10:43:00,63.2
2025-06-12 09:41:00,83.7
2025-06-12 20:46:00,75.0
2025-06-12 22:17:00,62.2
2025-06-12 08:53:00,33.1
2025-06-12 20:22:00,40.5
2025-06-12 16:00:00,75.3
2025-06-12 12:49:00,49.87196987526477
2025-06-12 03:01:00,49.87196987526477
2025-06-12 12:39:00,44.0
2025-06-12 06:33:00,95.5
2025-06-12 16:56:00,26.5
2025-06-12 04:28:00,49.87196987526477
2025-06-12 01:28:00,8.1
2025-06-12 04:11:00,74.5
2025-06-12 19:04:00,49.87196987526477
2025-06-12 08:04:00,37.2
2025-06-12 05:32:00,47.7
2025-06-12 03:41:00,70.1
2025-06-12 00:10:00,69.6
2025-06-12 18:52:00,49.87196987526477
2025-06-12 17:02:00,17.6
2025-06-12 16:01:00,49.87196987526477
2025-06-12 14:43:00,79.3
2025-06-12 00:33:00,57.7
2025-06-12 12:45:00,11.8
2025-06-12 14:04:00,75.7
2025-06-12 20:53:00,34.3
2025-06-12 12:59:00,97.6
2025-06-12 18:41:00,10.3
2025-06-12 03:23:00,49.87196987526477
2025-06-12 09:38:00,74.6
2025-06-12 20:00:00,65.8
2025-06-12 07:36:00,18.2
2025-06-12 13:49:00,16.1
2025-06-12 22:43:00,13.9
2025-06-12 15:15:00,49.87196987526477
2025-06-12 02:28:00,99.4
2025-06-12 21:18:00,97.3
2025-06-12 19:11:00,100.0
2025-06-12 10:02:00,49.87196987526477
2025-06-12 09:23:00,42.7
2025-06-12 06:15:00,84.3
2025-06-12 11:33:00,41.0
2025-06-12 19:10:00,90.2
2025-06-12 20:21:00,94.2
2025-06-12 18:57:00,33.5
2025-06-12 07:10:00,63.5
2025-06-12 12:42:00,12.8
2025-06-12 04:40:00,49.87196987526477
2025-06-12 11:23:00,42.6
2025-06-12 13:07:00,17.9
2025-06-12 01:55:00,94.2
2025-06-12 12:20:00,85.1
2025-06-12 19:58:00,50.6
2025-06-12 14:42:00,92.7
2025-06-12 10:23:00,57.2
2025-06-12 20:36:00,83.8
2025-06-12 09:15:00,93.1
2025-06-12 10:39:00,18.9
2025-06-12 10:46:00,70.5
2025-06-12 10:59:00,37.7
2025-06-12 06:36:00,17.1
2025-06-12 23:09:00,0.8
2025-06-12 15:38:00,38.4
2025-06-12 22:09:00,70.8
2025-06-12 04:49:00,16.2
2025-06-12 20:28:00,33.0
2025-06-12 20:19:00,30.2
2025-06-12 14:12:00,68.3
2025-06-12 16:43:00,72.0
2025-06-12 11:21:00,77.8
2025-06-12 10:40:00,65.0
2025-06-12 04:43:00,48.7
2025-06-12 08:35:00,29.5
2025-06-12 19:20:00,29.8
2025-06-12 18:14:00,40.1
2025-06-12 01:39:00,68.8
2025-06-12 08:57:00,56.5
2025-06-12 22:03:00,49.87196987526477
2025-06-12 19:21:00,69.3
2025-06-12 14:06:00,63.4
2025-06-12 00:45:00,49.87196987526477
2025-06-12 02:29:00,10.1
2025-06-12 15:41:00,97.7
2025-06-12 15:14:00,26.4
2025-06-12 13:24:00,87.7
2025-06-12 06:55:00,30.0
2025-06-12 14:00:00,5.8
2025-06-12 16:42:00,70.4
2025-06-12 15:28:00,73.8
2025-06-12 01:26:00,60.5
2025-06-12 00:21:00,49.87196987526477
2025-06-12 08:53:00,94.7
2025-06-12 17:41:00,49.87196987526477
2025-06-12 13:55:00,68.5
2025-06-12 12:07:00,23.8
2025-06-12 05:25:00,37.4
2025-06-12 01:15:00,14.0
2025-06-12 05:42:00,2.1
2025-06-12 00:05:00,82.7
2025-06-12 17:19:00,42.0
2025-06-12 21:25:00,51.4
2025-06-12 20:49:00,98.7
2025-06-12 10:14:00,89.0
2025-06-12 02:28:00,62.0
2025-06-12 14:39:00,12.2
2025-06-12 21:37:00,53.5
2025-06-12 13:36:00,23.4
2025-06-12 21:40:00,8.0
2025-06-12 17:49:00,49.87196987526477
2025-06-12 18:39:00,87.6
2025-06-12 06:14:00,49.87196987526477
2025-06-12 11:30:00,49.87196987526477
2025-06-12 15:47:00,36.8
2025-06-12 10:37:00,38.0
2025-06-12 11:41:00,64.8
2025-06-12 11:04:00,70.1
2025-06-12 03:19:00,49.93628109892701
2025-06-12 09:22:00,98.7
2025-06-12 09:00:00,49.93628109892701
2025-06-12 23:34:00,30.0
2025-06-12 13:11:00,2.7
2025-06-12 13:46:00,49.93628109892701
2025-06-12 08:40:00,3.5
2025-06-12 14:13:00,93.1
2025-06-12 18:28:00,17.6
2025-06-12 11:39:00,18.9
2025-06-12 00:51:00,49.93628109892701
2025-06-12 14:40:00,13.3
2025-06-12 03:32:00,49.93628109892701
2025-06-12 16:59:00,49.93628109892701
2025-06-12 18:21:00,0.8
2025-06-12 23:12:00,19.7
2025-06-12 17:35:00,93.8
2025-06-12 00:53:00,49.93628109892701
2025-06-12 16:46:00,77.7
2025-06-12 10:32:00,13.0
2025-06-12 05:53:00,74.1
2025-06-12 14:03:00,33.5
2025-06-12 09:57:00,73.5
2025-06-12 22:52:00,49.93628109892701
2025-06-12 18:10:00,92.0
2025-06-12 07:06:00,61.1
2025-06-12 22:22:00,17.5
2025-06-12 08:33:00,5.3
2025-06-12 14:42:00,41.1
2025-06-12 07:12:00,96.2
2025-06-12 12:44:00,56.8
2025-06-12 14:29:00,1.6
2025-06-12 06:31:00,30.3
2025-06-12 17:00:00,0.2
2025-06-12 08:48:00,49.93628109892701
2025-06-12 23:31:00,76.9
2025-06-12 15:53:00,89.7
2025-06-12 16:27:00,30.6
2025-06-12 01:53:00,58.3
2025-06-12 08:57:00,27.2
2025-06-12 12:03:00,49.93628109892701
2025-06-12 23:26:00,39.1
2025-06-12 17:57:00,25.4
2025-06-12 05:23:00,63.5
2025-06-12 03:50:00,40.9
2025-06-12 03:02:00,61.6
2025-06-12 18:14:00,48.9
2025-06-12 00:26:00,92.2
2025-06-12 13:11:00,81.1
2025-06-12 14:37:00,91.7
2025-06-12 15:08:00,49.0
2025-06-12 17:45:00,49.93628109892701
2025-06-12 16:18:00,65.0
2025-06-12 16:28:00,29.9
2025-06-12 05:50:00,49.93628109892701
2025-06-12 07:18:00,49.93628109892701
2025-06-12 16:32:00,19.4
2025-06-12 03:37:00,66.7
2025-06-12 01:12:00,24.9
2025-06-12 03:14:00,49.93628109892701
2025-06-12 07:23:00,10.1
2025-06-12 06:33:00,13.1
2025-06-12 21:33:00,68.5
2025-06-12 04:55:00,39.0
2025-06-12 17:01:00,76.7
2025-06-12 10:43:00,49.93628109892701
2025-06-12 04:29:00,80.4
2025-06-12 19:19:00,79.8
2025-06-12 12:06:00,49.93628109892701
2025-06-12 06:36:00,5.8
2025-06-12 12:37:00,55.1
2025-06-12 10:20:00,59.0
2025-06-12 06:24:00,38.1
2025-06-12 00:46:00,68.0
2025-06-12 02:57:00,49.93628109892701
2025-06-12 08:15:00,4.8
2025-06-12 05:24:00,49.93628109892701
2025-06-12 08:03:00,52.7
2025-06-12 03:06:00,66.4
2025-06-12 10:08:00,82.7
2025-06-12 17:38:00,25.1
2025-06-12 01:29:00,82.6
2025-06-12 22:52:00,74.3
2025-06-12 22:29:00,49.93628109892701
2025-06-12 22:54:00,96.0
2025-06-12 14:09:00,11.0
2025-06-12 16:22:00,65.2
2025-06-12 16:20:00,49.93628109892701
2025-06-12 15:41:00,1.6
2025-06-12 16:10:00,19.0
2025-06-12 07:19:00,75.9
2025-06-12 11:54:00,59.8
2025-06-12 14:54:00,26.1
2025-06-12 03:38:00,64.0
2025-06-12 14:52:00,54.3
2025-06-12 04:26:00,49.93628109892701
2025-06-12 13:35:00,49.93628109892701
2025-06-12 03:40:00,30.5
2025-06-12 06:59:00,55.8
2025-06-12 13:49:00,68.0
2025-06-12 18:06:00,53.6
2025-06-12 06:03:00,89.4
2025-06-12 08:57:00,29.4
2025-06-12 10:11:00,34.9
2025-06-12 20:28:00,41.6
2025-06-12 08:13:00,9.3
2025-06-12 22:38:00,90.1
2025-06-12 20:56:00,7.8
2025-06-12 22:53:00,5.7
2025-06-12 07:37:00,68.4
2025-06-12 19:10:00,84.8
2025-06-12 08:21:00,47.6
2025-06-12 05:49:00,49.93628109892701
2025-06-12 03:48:00,49.93628109892701
2025-06-12 16:24:00,28.7
2025-06-12 12:40:00,8.8
2025-06-12 13:47:00,91.2
2025-06-12 04:57:00,51.5
2025-06-12 05:24:00,52.1
2025-06-12 23:16:00,69.4
2025-06-12 01:52:00,28.0
2025-06-12 20:44:00,65.9
2025-06-12 02:25:00,69.9
2025-06-12 16:58:00,98.8
2025-06-12 12:34:00,49.93628109892701
2025-06-12 21:26:00,8.4
2025-06-12 06:33:00,12.9
2025-06-12 22:44:00,38.6
2025-06-12 09:20:00,49.93628109892701
2025-06-12 23:35:00,51.5
2025-06-12 13:20:00,97.1
2025-06-12 09:30:00,70.9
2025-06-12 09:35:00,49.93628109892701
2025-06-12 15:54:00,88.0
2025-06-12 00:08:00,40.6
2025-06-12 02:49:00,48.4
2025-06-12 02:17:00,28.1
2025-06-12 16:05:00,1.8
2025-06-12 18:18:00,49.93628109892701
2025-06-12 02:09:00,25.8
2025-06-12 19:31:00,49.93628109892701
2025-06-12 17:01:00,49.93628109892701
2025-06-12 19:52:00,49.93628109892701
2025-06-12 20:56:00,3.4
2025-06-12 12:19:00,49.93628109892701
2025-06-12 18:09:00,0.9
2025-06-12 16:50:00,75.8
2025-06-12 14:43:00,49.93628109892701
2025-06-12 16:54:00,5.6
2025-06-12 12:17:00,49.93628109892701
2025-06-12 11:37:00,24.0
2025-06-12 00:59:00,10.4
2025-06-12 08:21:00,35.3
2025-06-12 12:50:00,14.5
2025-06-12 00:37:00,42.9
2025-06-12 21:49:00,24.1
2025-06-12 06:10:00,84.7
2025-06-12 08:44:00,81.9
2025-06-12 05:03:00,49.93628109892701
2025-06-12 23:59:00,35.5
2025-06-12 08:54:00,35.6
2025-06-12 22:26:00,50.9
2025-06-12 20:23:00,75.1
2025-06-12 01:56:00,84.0
2025-06-12 20:12:00,84.5
2025-06-12 05:44:00,77.1
2025-06-12 19:43:00,13.6
2025-06-12 13:10:00,89.9
2025-06-12 11:15:00,54.1
2025-06-12 10:06:00,5.2
2025-06-12 14:59:00,34.7
2025-06-12 01:31:00,82.4
2025-06-12 01:17:00,49.93628109892701
2025-06-12 09:31:00,59.9
2025-06-12 19:48:00,95.1
2025-06-12 23:07:00,44.9
2025-06-12 14:21:00,76.0
2025-06-12 10:03:00,90.1
2025-06-12 18:32:00,49.93628109892701
2025-06-12 05:21:00,56.4
2025-06-12 09:18:00,49.93628109892701
2025-06-12 02:18:00,82.7
2025-06-12 16:18:00,12.2
2025-06-12 07:47:00,49.93628109892701
2025-06-12 04:57:00,49.93628109892701
2025-06-12 03:40:00,25.7
2025-06-12 18:01:00,33.6
2025-06-12 07:22:00,3.5
2025-06-12 19:55:00,59.6
2025-06-12 22:14:00,49.93628109892701
2025-06-12 20:36:00,16.5
2025-06-12 19:10:00,6.0
2025-06-12 16:46:00,31.9
2025-06-12 00:01:00,47.2
2025-06-12 17:33:00,50.2
2025-06-12 20:31:00,62.9
2025-06-12 18:50:00,54.1
2025-06-12 00:48:00,3.3
2025-06-12 09:18:00,98.6
2025-06-12 03:37:00,92.3
2025-06-12 05:07:00,1.8
2025-06-12 11:49:00,92.0
2025-06-12 15:16:00,49.93628109892701
2025-06-12 07:27:00,53.5
2025-06-12 16:53:00,74.0
2025-06-12 14:10:00,30.8
2025-06-12 22:13:00,9.3
2025-06-12 14:47:00,92.0
2025-06-12 03:27:00,32.3
2025-06-12 04:33:00,45.1
2025-06-12 02:10:00,49.2
2025-06-12 09:56:00,21.7
2025-06-12 11:09:00,74.1
2025-06-12 21:35:00,49.93628109892701
2025-06-12 11:25:00,12.8
2025-06-12 01:18:00,37.7
2025-06-12 00:35:00,43.2
2025-06-12 16:21:00,47.2
2025-06-12 05:53:00,42.1
2025-06-12 00:08:00,5.6
2025-06-12 19:28:00,49.93628109892701
2025-06-12 01:10:00,0.5
2025-06-12 13:26:00,78.2
2025-06-12 17:14:00,84.9
2025-06-12 16:17:00,45.5
2025-06-12 05:38:00,27.4
2025-06-12 09:56:00,12.4
2025-06-12 02:34:00,82.6
2025-06-12 12:59:00,23.9
2025-06-12 14:58:00,37.2
2025-06-12 11:00:00,40.2
2025-06-12 04:07:00,46.1
2025-06-12 01:17:00,93.8
2025-06-12 12:32:00,4.9
2025-06-12 03:08:00,2.3
2025-06-12 15:59:00,8.6
2025-06-12 20:28:00,49.93628109892701
2025-06-12 01:28:00,84.4
2025-06-12 16:13:00,49.93628109892701
2025-06-12 01:08:00,49.93628109892701
2025-06-12 07:17:00,49.93628109892701
2025-06-12 15:52:00,5.6
2025-06-12 03:36:00,18.2
2025-06-12 19:47:00,60.7
2025-06-12 02:07:00,66.3
2025-06-12 23:08:00,40.6
2025-06-12 21:02:00,49.93628109892701
2025-06-12 13:15:00,75.3
2025-06-12 22:54:00,25.1
2025-06-12 13:22:00,70.4
2025-06-12 16:45:00,6.8
2025-06-12 18:39:00,41.5
2025-06-12 13:52:00,60.8
2025-06-12 01:40:00,15.4
2025-06-12 01:58:00,49.93628109892701
2025-06-12 23:07:00,57.1
2025-06-12 16:58:00,94.1
2025-06-12 15:26:00,14.6
2025-06-12 03:17:00,81.2
2025-06-12 23:05:00,10.1
2025-06-12 17:35:00,71.5
2025-06-12 01:11:00,27.0
2025-06-12 15:06:00,42.4
2025-06-12 09:09:00,51.2
2025-06-12 05:03:00,57.0
2025-06-12 21:16:00,44.1
2025-06-12 13:30:00,97.8
2025-06-12 14:51:00,58.7
2025-06-12 03:19:00,11.8
2025-06-12 10:54:00,37.4
2025-06-12 16:44:00,49.93628109892701
2025-06-12 04:21:00,74.9
2025-06-12 07:43:00,98.0
2025-06-12 09:04:00,68.9
2025-06-12 12:50:00,38.3
2025-06-12 20:48:00,49.7
2025-06-12 23:33:00,81.4
2025-06-12 05:05:00,18.3
2025-06-12 08:19:00,42.1
2025-06-12 09:58:00,59.1
2025-06-12 08:20:00,6.2
2025-06-12 13:51:00,53.0
2025-06-12 01:25:00,30.7
2025-06-12 13:42:00,48.8
2025-06-12 18:28:00,36.4
2025-06-12 22:12:00,7.9
2025-06-12 10:11:00,1.7
2025-06-12 13:29:00,95.4
2025-06-12 21:20:00,15.1
2025-06-12 07:44:00,66.7
2025-06-12 09:41:00,31.2
2025-06-12 23:54:00,11.8
2025-06-12 21:32:00,32.3
2025-06-12 02:42:00,49.93628109892701
2025-06-12 08:44:00,79.3
2025-06-12 06:18:00,17.0
2025-06-12 08:09:00,92.5
2025-06-12 00:42:00,49.93628109892701
2025-06-12 03:29:00,79.8
2025-06-12 05:35:00,49.93628109892701
2025-06-12 23:38:00,91.8
2025-06-12 23:26:00,3.7
2025-06-12 09:52:00,45.3
2025-06-12 07:07:00,15.9
2025-06-12 01:23:00,55.6
2025-06-12 23:33:00,49.93628109892701
2025-06-12 09:00:00,6.7
2025-06-12 02:52:00,22.8
2025-06-12 22:05:00,55.0
2025-06-12 02:20:00,89.1
2025-06-12 01:41:00,28.3
2025-06-12 04:14:00,49.93628109892701
2025-06-12 12:22:00,84.9
2025-06-12 08:43:00,72.3
2025-06-12 20:02:00,78.1
2025-06-12 09:09:00,45.0
2025-06-12 18:12:00,49.93628109892701
2025-06-12 05:42:00,62.7
2025-06-12 11:06:00,59.1
2025-06-12 21:35:00,38.2
2025-06-12 00:41:00,82.4
2025-06-12 22:54:00,13.2
2025-06-12 15:21:00,30.4
2025-06-12 18:33:00,28.2
2025-06-12 06:08:00,5.7
2025-06-12 05:48:00,88.0
2025-06-12 16:54:00,49.93628109892701
2025-06-12 06:16:00,49.797736698660984
2025-06-12 20:48:00,8.4
2025-06-12 10:46:00,49.797736698660984
2025-06-12 01:04:00,59.8
2025-06-12 17:19:00,47.2
2025-06-12 23:53:00,25.0
2025-06-12 07:38:00,49.797736698660984
2025-06-12 02:32:00,49.797736698660984
2025-06-12 03:40:00,16.6
2025-06-12 15:38:00,5.0
2025-06-12 00:44:00,92.8
2025-06-12 18:03:00,98.1
2025-06-12 14:34:00,49.797736698660984
2025-06-12 04:05:00,70.6
2025-06-12 10:16:00,64.9
2025-06-12 06:38:00,94.9
2025-06-12 21:03:00,60.5
2025-06-12 11:10:00,33.1
2025-06-12 10:09:00,64.6
2025-06-12 11:52:00,10.1
2025-06-12 21:51:00,49.4
2025-06-12 15:37:00,19.1
2025-06-12 17:51:00,54.7
2025-06-12 10:11:00,79.7
2025-06-12 22:11:00,1.3
2025-06-12 10:15:00,46.5
2025-06-12 09:17:00,66.6
2025-06-12 00:06:00,92.3
2025-06-12 09:24:00,8.0
2025-06-12 03:34:00,43.4
2025-06-12 20:47:00,46.8
2025-06-12 06:20:00,91.7
2025-06-12 19:11:00,65.9
2025-06-12 02:05:00,80.8
2025-06-12 10:07:00,59.4
2025-06-12 02:10:00,93.9
2025-06-12 09:25:00,70.5
2025-06-12 09:52:00,63.2
2025-06-12 22:49:00,63.6
2025-06-12 10:53:00,68.3
2025-06-12 06:34:00,87.6
2025-06-12 08:41:00,39.6
2025-06-12 05:19:00,15.6
2025-06-12 10:39:00,49.797736698660984
2025-06-12 23:48:00,33.7
2025-06-12 08:23:00,35.8
2025-06-12 02:02:00,66.8
2025-06-12 07:57:00,55.8
2025-06-12 16:03:00,39.1
2025-06-12 09:33:00,92.7
2025-06-12 06:01:00,0.4
2025-06-12 08:46:00,95.2
2025-06-12 16:09:00,22.0
2025-06-12 05:48:00,38.1
2025-06-12 12:16:00,37.5
2025-06-12 04:28:00,49.797736698660984
2025-06-12 23:49:00,68.3
2025-06-12 00:54:00,49.797736698660984
2025-06-12 16:45:00,6.0
2025-06-12 23:27:00,24.3
2025-06-12 00:25:00,62.7
2025-06-12 00:43:00,73.5
2025-06-12 10:21:00,92.3
2025-06-12 07:24:00,4.6
2025-06-12 00:09:00,60.0
2025-06-12 20:42:00,66.1
2025-06-12 16:58:00,78.9
2025-06-12 13:50:00,5.2
2025-06-12 04:03:00,70.8
2025-06-12 14:50:00,51.9
2025-06-12 18:14:00,72.0
2025-06-12 09:17:00,12.9
2025-06-12 16:29:00,20.1
2025-06-12 06:25:00,31.7
2025-06-12 02:57:00,56.3
2025-06-12 22:21:00,49.797736698660984
2025-06-12 19:52:00,20.3
2025-06-12 03:27:00,37.4
2025-06-12 11:24:00,82.8
2025-06-12 12:16:00,85.1
2025-06-12 14:22:00,43.0
2025-06-12 11:35:00,93.9
2025-06-12 08:19:00,98.8
2025-06-12 15:41:00,49.797736698660984
2025-06-12 14:55:00,2.1
2025-06-12 11:13:00,54.1
2025-06-12 11:51:00,71.1
2025-06-12 21:38:00,9.5
2025-06-12 11:59:00,7.8
2025-06-12 12:11:00,36.8
2025-06-12 10:27:00,99.2
2025-06-12 08:29:00,15.3
2025-06-12 07:40:00,87.2
2025-06-12 07:51:00,49.797736698660984
2025-06-12 12:51:00,25.4
2025-06-12 04:47:00,68.6
2025-06-12 20:15:00,56.6
2025-06-12 03:07:00,53.2
2025-06-12 17:55:00,18.5
2025-06-12 21:27:00,32.8
2025-06-12 18:08:00,49.797736698660984
2025-06-12 03:53:00,49.797736698660984
2025-06-12 21:23:00,71.8
2025-06-12 10:18:00,61.8
2025-06-12 08:17:00,56.2
2025-06-12 07:42:00,49.797736698660984
2025-06-12 09:51:00,0.1
2025-06-12 10:28:00,47.7
2025-06-12 02:13:00,99.8
2025-06-12 04:04:00,85.0
2025-06-12 01:52:00,65.7
2025-06-12 12:48:00,31.4
2025-06-12 11:13:00,82.5
2025-06-12 00:08:00,49.797736698660984
2025-06-12 12:24:00,66.1
2025-06-12 21:19:00,82.2
2025-06-12 21:58:00,7.1
2025-06-12 21:11:00,22.0
2025-06-12 18:21:00,83.5
2025-06-12 13:42:00,49.797736698660984
2025-06-12 01:10:00,97.8
2025-06-12 04:11:00,73.5
2025-06-12 16:49:00,64.4
2025-06-12 20:25:00,47.1
2025-06-12 09:31:00,94.7
2025-06-12 01:19:00,27.2
2025-06-12 08:45:00,86.1
2025-06-12 23:33:00,96.7
2025-06-12 00:20:00,34.9
2025-06-12 07:14:00,42.9
2025-06-12 12:57:00,14.9
2025-06-12 18:35:00,52.6
2025-06-12 02:37:00,17.5
2025-06-12 16:54:00,5.9
2025-06-12 03:44:00,21.6
2025-06-12 04:45:00,12.6
2025-06-12 15:54:00,41.0
2025-06-12 10:11:00,66.7
2025-06-12 17:26:00,59.5
2025-06-12 06:31:00,77.7
2025-06-12 20:43:00,50.9
2025-06-12 09:17:00,16.8
2025-06-12 13:05:00,6.6
2025-06-12 02:45:00,76.3
2025-06-12 09:32:00,41.2
2025-06-12 06:04:00,49.797736698660984
2025-06-12 21:49:00,61.0
2025-06-12 02:13:00,49.797736698660984
2025-06-12 01:12:00,62.7
2025-06-12 15:27:00,32.8
2025-06-12 01:01:00,86.2
2025-06-12 14:58:00,61.7
2025-06-12 04:11:00,28.2
2025-06-12 00:19:00,71.2
2025-06-12 14:37:00,76.1
2025-06-12 11:15:00,49.797736698660984
2025-06-12 04:32:00,78.1
2025-06-12 19:50:00,49.797736698660984
2025-06-12 06:45:00,2.2
2025-06-12 14:57:00,20.4
2025-06-12 00:15:00,50.8
2025-06-12 13:03:00,2.9
2025-06-12 07:48:00,86.6
2025-06-12 20:00:00,49.1
2025-06-12 01:18:00,14.2
2025-06-12 14:09:00,36.0
2025-06-12 10:58:00,71.9
2025-06-12 19:03:00,72.1
2025-06-12 19:30:00,35.8
2025-06-12 22:53:00,49.797736698660984
2025-06-12 23:48:00,23.5
2025-06-12 07:59:00,42.1
2025-06-12 13:11:00,30.9
2025-06-12 07:48:00,67.0
2025-06-12 17:13:00,49.797736698660984
2025-06-12 07:31:00,88.3
2025-06-12 01:59:00,94.7
2025-06-12 19:31:00,49.797736698660984
2025-06-12 06:15:00,49.797736698660984
2025-06-12 11:47:00,71.6
2025-06-12 14:03:00,2.9
2025-06-12 21:34:00,34.5
2025-06-12 00:49:00,58.2
2025-06-12 20:41:00,37.1
2025-06-12 11:24:00,31.6
2025-06-12 02:25:00,23.6
2025-06-12 07:50:00,18.7
2025-06-12 14:37:00,58.0
2025-06-12 23:59:00,49.797736698660984
2025-06-12 04:03:00,74.8
2025-06-12 20:41:00,3.5
2025-06-12 19:05:00,49.797736698660984
2025-06-12 07:43:00,49.797736698660984
2025-06-12 01:41:00,49.797736698660984
2025-06-12 02:45:00,9.6
2025-06-12 03:46:00,86.3
2025-06-12 10:30:00,49.797736698660984
2025-06-12 12:01:00,35.1
2025-06-12 21:47:00,52.5
2025-06-12 00:03:00,99.0
2025-06-12 00:30:00,80.2
2025-06-12 23:58:00,37.0
2025-06-12 14:50:00,21.3
2025-06-12 06:20:00,49.797736698660984
2025-06-12 08:28:00,35.8
2025-06-12 18:07:00,49.797736698660984
2025-06-12 07:53:00,49.797736698660984
2025-06-12 03:44:00,64.7
2025-06-12 11:08:00,31.6
2025-06-12 11:26:00,81.4
2025-06-12 03:04:00,60.8
2025-06-12 22:35:00,65.9
2025-06-12 17:25:00,25.3
2025-06-12 18:48:00,1.6
2025-06-12 06:43:00,49.797736698660984
2025-06-12 00:34:00,49.797736698660984
2025-06-12 00:35:00,96.0
2025-06-12 13:30:00,1.2
2025-06-12 00:26:00,87.3
2025-06-12 00:27:00,23.1
2025-06-12 10:00:00,72.8
2025-06-12 03:40:00,49.797736698660984
2025-06-12 23:13:00,49.797736698660984
2025-06-12 12:28:00,76.0
2025-06-12 08:01:00,37.1
2025-06-12 04:24:00,77.7
2025-06-12 03:30:00,93.2
2025-06-12 21:25:00,49.797736698660984
2025-06-12 09:25:00,7.5
2025-06-12 22:32:00,47.4
2025-06-12 17:47:00,80.2
2025-06-12 19:42:00,59.0
2025-06-12 20:57:00,15.3
2025-06-12 07:48:00,49.797736698660984
2025-06-12 06:45:00,96.1
2025-06-12 23:47:00,49.797736698660984
2025-06-12 12:11:00,54.3
2025-06-12 21:31:00,49.797736698660984
2025-06-12 01:37:00,74.9
2025-06-12 14:46:00,31.1
2025-06-12 07:07:00,35.7
2025-06-12 10:39:00,17.7
2025-06-12 03:28:00,29.7
2025-06-12 17:02:00,29.2
2025-06-12 19:42:00,96.2
2025-06-12 06:58:00,76.8
2025-06-12 14:02:00,51.3
2025-06-12 08:10:00,97.2
2025-06-12 07:14:00,16.5
2025-06-12 08:11:00,58.1
2025-06-12 02:53:00,58.5
2025-06-12 20:29:00,49.797736698660984
2025-06-12 06:36:00,44.2
2025-06-12 22:20:00,10.8
2025-06-12 10:00:00,68.8
2025-06-12 18:26:00,95.1
2025-06-12 05:55:00,49.797736698660984
2025-06-12 21:16:00,31.0
2025-06-12 06:21:00,36.0
2025-06-12 21:52:00,72.8
2025-06-12 19:18:00,14.4
2025-06-12 09:56:00,47.9
2025-06-12 03:07:00,41.6
2025-06-12 04:35:00,61.9
2025-06-12 17:12:00,49.797736698660984
2025-06-12 04:21:00,56.2
2025-06-12 00:02:00,28.0
2025-06-12 12:27:00,93.3
2025-06-12 12:34:00,76.5
2025-06-12 17:55:00,70.0
2025-06-12 13:45:00,45.1
2025-06-12 14:13:00,14.7
2025-06-12 23:05:00,52.5
2025-06-12 16:32:00,32.6
2025-06-12 08:31:00,57.5
2025-06-12 03:18:00,49.797736698660984
2025-06-12 20:19:00,64.3
2025-06-12 21:39:00,1.4
2025-06-12 03:52:00,60.2
2025-06-12 05:37:00,60.5
2025-06-12 06:15:00,49.797736698660984
2025-06-12 16:25:00,42.4
2025-06-12 18:03:00,25.5
2025-06-12 18:11:00,30.1
2025-06-12 22:06:00,31.7
2025-06-12 22:23:00,59.9
2025-06-12 02:47:00,49.797736698660984
2025-06-12 13:58:00,49.797736698660984
2025-06-12 19:23:00,75.9
2025-06-12 03:47:00,17.4
2025-06-12 12:58:00,49.797736698660984
2025-06-12 10:08:00,9.6
2025-06-12 12:33:00,30.5
2025-06-12 21:23:00,76.8
2025-06-12 16:16:00,9.4
2025-06-12 07:01:00,28.4
2025-06-12 03:51:00,6.7
2025-06-12 00:24:00,24.7
2025-06-12 23:18:00,19.4
2025-06-12 17:23:00,49.797736698660984
2025-06-12 10:45:00,57.9
2025-06-12 12:35:00,55.7
2025-06-12 06:23:00,39.6
2025-06-12 09:07:00,42.9
2025-06-12 15:17:00,49.797736698660984
2025-06-12 20:41:00,3.2
2025-06-12 21:34:00,48.0
2025-06-12 01:35:00,91.5
2025-06-12 09:19:00,37.8
2025-06-12 18:55:00,66.3
2025-06-12 00:56:00,79.8
2025-06-12 18:53:00,17.8
2025-06-12 18:39:00,70.6
2025-06-12 20:24:00,94.8
2025-06-12 09:29:00,91.7
2025-06-12 14:10:00,68.3
2025-06-12 20:07:00,49.797736698660984
2025-06-12 21:50:00,92.5
2025-06-12 19:59:00,1.0
2025-06-12 19:45:00,3.1
2025-06-12 17:40:00,49.797736698660984
2025-06-12 10:38:00,61.0
2025-06-12 06:34:00,27.3
2025-06-12 08:13:00,12.6
2025-06-12 06:24:00,74.1
2025-06-12 18:05:00,30.7
2025-06-12 00:28:00,21.1
2025-06-12 17:16:00,41.2
2025-06-12 18:57:00,67.0
2025-06-12 22:40:00,5.8
2025-06-12 13:29:00,27.2
2025-06-12 06:40:00,54.0
2025-06-12 23:58:00,22.1
2025-06-12 09:58:00,90.1
2025-06-12 19:44:00,4.5
2025-06-12 03:22:00,35.5
2025-06-12 03:14:00,17.3
2025-06-12 18:03:00,50.18136565940501
2025-06-12 20:58:00,61.2
2025-06-12 14:47:00,19.4
2025-06-12 14:48:00,50.18136565940501
2025-06-12 11:40:00,53.4
2025-06-12 07:02:00,12.8
2025-06-12 15:09:00,50.18136565940501
2025-06-12 08:47:00,28.3
2025-06-12 05:17:00,18.0
2025-06-12 10:47:00,19.7
2025-06-12 05:38:00,47.1
2025-06-12 14:10:00,33.7
2025-06-12 19:48:00,89.8
2025-06-12 03:57:00,50.18136565940501
2025-06-12 06:47:00,13.0
2025-06-12 06:30:00,23.2
2025-06-12 10:27:00,70.0
2025-06-12 14:02:00,50.18136565940501
2025-06-12 12:04:00,48.3
2025-06-12 17:29:00,49.9
2025-06-12 13:23:00,6.7
2025-06-12 23:33:00,60.4
2025-06-12 00:15:00,50.18136565940501
2025-06-12 12:15:00,96.5
2025-06-12 00:02:00,50.18136565940501
2025-06-12 20:44:00,50.18136565940501
2025-06-12 14:16:00,67.5
2025-06-12 21:25:00,60.0
2025-06-12 23:31:00,35.1
2025-06-12 04:26:00,9.3
2025-06-12 08:09:00,50.18136565940501
2025-06-12 05:21:00,58.8
2025-06-12 14:46:00,14.9
2025-06-12 09:06:00,50.18136565940501
2025-06-12 22:42:00,98.1
2025-06-12 01:29:00,85.4
2025-06-12 16:38:00,99.4
2025-06-12 06:42:00,50.18136565940501
2025-06-12 11:29:00,50.18136565940501
2025-06-12 02:35:00,9.9
2025-06-12 23:53:00,85.9
2025-06-12 09:30:00,14.7
2025-06-12 03:53:00,86.7
2025-06-12 10:00:00,93.9
2025-06-12 15:19:00,4.1
2025-06-12 05:45:00,8.4
2025-06-12 02:09:00,55.3
2025-06-12 20:34:00,9.8
2025-06-12 03:28:00,55.6
2025-06-12 10:47:00,34.0
2025-06-12 06:53:00,44.4
2025-06-12 08:34:00,50.18136565940501
2025-06-12 10:42:00,75.3
2025-06-12 11:16:00,50.18136565940501
2025-06-12 14:03:00,21.8
2025-06-12 20:54:00,50.18136565940501
2025-06-12 14:22:00,30.4
2025-06-12 18:02:00,50.18136565940501
2025-06-12 23:43:00,13.2
2025-06-12 13:46:00,84.7
2025-06-12 16:39:00,89.9
2025-06-12 12:20:00,39.0
2025-06-12 18:57:00,98.6
2025-06-12 20:53:00,36.1
2025-06-12 05:29:00,28.0
2025-06-12 21:20:00,76.0
2025-06-12 12:37:00,42.0
2025-06-12 21:02:00,77.6
2025-06-12 17:12:00,38.9
2025-06-12 07:01:00,84.0
2025-06-12 11:29:00,50.18136565940501
2025-06-12 09:22:00,31.2
2025-06-12 17:22:00,43.7
2025-06-12 04:49:00,73.6
2025-06-12 01:19:00,95.7
2025-06-12 01:33:00,93.0
2025-06-12 09:43:00,69.3
2025-06-12 02:45:00,0.3
2025-06-12 10:56:00,56.8
2025-06-12 20:35:00,50.18136565940501
2025-06-12 21:57:00,13.8
2025-06-12 09:31:00,30.4
2025-06-12 12:13:00,55.7
2025-06-12 03:36:00,50.2
2025-06-12 16:56:00,50.18136565940501
2025-06-12 08:06:00,27.0
2025-06-12 08:50:00,43.2
2025-06-12 12:10:00,5.7
2025-06-12 14:37:00,43.0
2025-06-12 11:08:00,74.4
2025-06-12 03:39:00,52.7
2025-06-12 01:07:00,33.5
2025-06-12 09:20:00,50.18136565940501
2025-06-12 23:56:00,42.9
2025-06-12 02:27:00,99.1
2025-06-12 11:56:00,32.3
2025-06-12 17:04:00,50.18136565940501
2025-06-12 04:21:00,82.0
2025-06-12 14:51:00,86.6
2025-06-12 00:21:00,16.6
2025-06-12 03:27:00,69.4
2025-06-12 06:38:00,53.4
2025-06-12 01:43:00,51.7
2025-06-12 20:16:00,50.18136565940501
2025-06-12 10:17:00,41.2
2025-06-12 00:15:00,62.0
2025-06-12 01:33:00,8.3
2025-06-12 12:16:00,17.1
2025-06-12 04:40:00,50.18136565940501
2025-06-12 18:53:00,80.2
2025-06-12 19:12:00,48.2
2025-06-12 02:23:00,33.2
2025-06-12 04:03:00,59.0
2025-06-12 03:35:00,41.0
2025-06-12 19:48:00,50.18136565940501
2025-06-12 05:03:00,58.7
2025-06-12 02:58:00,46.0
2025-06-12 09:16:00,59.5
2025-06-12 10:07:00,51.8
2025-06-12 05:41:00,43.4
2025-06-12 15:19:00,93.4
2025-06-12 20:09:00,95.3
2025-06-12 02:05:00,3.0
2025-06-12 02:27:00,34.2
2025-06-12 20:51:00,19.4
2025-06-12 05:58:00,50.18136565940501
2025-06-12 16:16:00,50.18136565940501
2025-06-12 05:59:00,77.8
2025-06-12 09:06:00,21.9
2025-06-12 14:11:00,19.8
2025-06-12 16:02:00,89.8
2025-06-12 10:55:00,50.18136565940501
2025-06-12 21:47:00,41.2
2025-06-12 03:43:00,42.0
2025-06-12 11:33:00,50.18136565940501
2025-06-12 16:14:00,50.18136565940501
2025-06-12 06:12:00,15.9
2025-06-12 19:31:00,50.18136565940501
2025-06-12 10:47:00,49.3
2025-06-12 15:51:00,1.4
2025-06-12 15:54:00,18.3
2025-06-12 04:00:00,53.3
2025-06-12 06:09:00,71.6
2025-06-12 21:28:00,10.6
2025-06-12 02:46:00,18.7
2025-06-12 06:44:00,51.7
2025-06-12 17:07:00,51.9
2025-06-12 06:42:00,11.8
2025-06-12 08:16:00,30.5
2025-06-12 06:13:00,42.5
2025-06-12 12:37:00,40.7
2025-06-12 09:53:00,50.18136565940501
2025-06-12 06:51:00,20.5
2025-06-12 11:45:00,50.18136565940501
2025-06-12 21:23:00,52.3
2025-06-12 21:35:00,50.18136565940501
2025-06-12 19:15:00,11.6
2025-06-12 00:49:00,6.8
2025-06-12 21:09:00,9.6
2025-06-12 18:25:00,94.1
2025-06-12 00:40:00,97.6
2025-06-12 18:19:00,41.4
2025-06-12 09:34:00,50.18136565940501
2025-06-12 13:33:00,46.2
2025-06-12 11:07:00,42.3
2025-06-12 09:01:00,2.4
2025-06-12 20:41:00,67.2
2025-06-12 23:25:00,50.18136565940501
2025-06-12 08:58:00,28.3
2025-06-12 08:41:00,92.1
2025-06-12 23:46:00,28.9
2025-06-12 21:44:00,81.7
2025-06-12 16:01:00,20.0
2025-06-12 05:21:00,50.9
2025-06-12 06:21:00,37.9
2025-06-12 18:55:00,50.18136565940501
2025-06-12 06:07:00,64.9
2025-06-12 15:06:00,78.9
2025-06-12 07:59:00,59.8
2025-06-12 09:33:00,54.3
2025-06-12 00:48:00,50.4
2025-06-12 03:35:00,76.9
2025-06-12 07:05:00,32.3
2025-06-12 19:08:00,50.18136565940501
2025-06-12 00:18:00,22.0
2025-06-12 20:08:00,76.6
2025-06-12 19:03:00,89.7
2025-06-12 17:02:00,40.8
2025-06-12 11:18:00,84.5
2025-06-12 15:15:00,98.7
2025-06-12 09:27:00,23.7
2025-06-12 13:42:00,6.2
2025-06-12 13:15:00,48.6
2025-06-12 18:38:00,15.5
2025-06-12 13:42:00,62.6
2025-06-12 19:17:00,50.18136565940501
2025-06-12 11:32:00,95.1
2025-06-12 10:10:00,50.18136565940501
2025-06-12 09:38:00,94.8
2025-06-12 08:52:00,50.18136565940501
2025-06-12 13:41:00,6.5
2025-06-12 09:37:00,26.4
2025-06-12 17:21:00,14.6
2025-06-12 09:44:00,17.8
2025-06-12 16:48:00,35.5
2025-06-12 21:56:00,4.4
2025-06-12 18:35:00,27.7
2025-06-12 18:47:00,75.4
2025-06-12 07:52:00,50.18136565940501
2025-06-12 12:57:00,18.8
2025-06-12 19:46:00,69.5
2025-06-12 11:13:00,11.0
2025-06-12 05:06:00,63.4
2025-06-12 17:27:00,51.9
2025-06-12 19:36:00,12.0
2025-06-12 10:57:00,47.7
2025-06-12 15:26:00,10.1
2025-06-12 15:30:00,23.8
2025-06-12 06:04:00,75.9
2025-06-12 20:30:00,43.4
2025-06-12 18:39:00,22.1
2025-06-12 17:02:00,76.8
2025-06-12 06:01:00,36.9
2025-06-12 16:14:00,12.7
2025-06-12 04:18:00,76.0
2025-06-12 10:26:00,57.3
2025-06-12 03:15:00,60.2
2025-06-12 12:04:00,38.2
2025-06-12 12:19:00,57.1
2025-06-12 16:54:00,14.6
2025-06-12 18:06:00,5.8
2025-06-12 05:33:00,58.9
2025-06-12 21:51:00,83.4
2025-06-12 09:39:00,83.7
2025-06-12 09:37:00,22.5
2025-06-12 06:27:00,57.7
2025-06-12 22:00:00,61.5
2025-06-12 09:51:00,74.7
2025-06-12 12:07:00,4.1
2025-06-12 13:47:00,65.1
2025-06-12 03:37:00,50.18136565940501
2025-06-12 12:56:00,39.5
2025-06-12 17:25:00,63.3
2025-06-12 16:01:00,70.1
2025-06-12 06:27:00,68.0
2025-06-12 22:47:00,65.3
2025-06-12 10:06:00,46.4
2025-06-12 09:31:00,4.1
2025-06-12 14:14:00,70.6
2025-06-12 06:11:00,94.3
2025-06-12 07:30:00,4.4
2025-06-12 14:20:00,61.3
2025-06-12 10:28:00,99.9
2025-06-12 07:23:00,19.8
2025-06-12 23:33:00,94.0
2025-06-12 04:44:00,12.2
2025-06-12 13:54:00,44.9
2025-06-12 06:07:00,84.7
2025-06-12 08:36:00,41.1
2025-06-12 11:32:00,5.0
2025-06-12 20:45:00,30.5
2025-06-12 07:24:00,65.3
2025-06-12 19:18:00,66.4
2025-06-12 14:58:00,26.6
2025-06-12 10:54:00,52.4
2025-06-12 18:19:00,68.5
2025-06-12 21:20:00,12.3
2025-06-12 04:44:00,24.2
2025-06-12 07:21:00,26.8
2025-06-12 02:52:00,54.0
2025-06-12 17:00:00,97.1
2025-06-12 21:14:00,61.0
2025-06-12 21:38:00,75.8
2025-06-12 00:04:00,85.9
2025-06-12 12:54:00,35.5
2025-06-12 18:00:00,16.5
2025-06-12 09:05:00,88.1
2025-06-12 14:49:00,46.6
2025-06-12 03:35:00,54.8
2025-06-12 06:11:00,50.18136565940501
2025-06-12 16:29:00,57.4
2025-06-12 18:01:00,51.2
2025-06-12 06:32:00,21.6
2025-06-12 19:58:00,2.3
2025-06-12 12:05:00,45.6
2025-06-12 01:28:00,94.9
2025-06-12 07:22:00,22.3
2025-06-12 20:20:00,21.1
2025-06-12 17:08:00,81.8
2025-06-12 01:28:00,46.1
2025-06-12 17:01:00,95.8
2025-06-12 05:06:00,12.3
2025-06-12 01:56:00,41.8
2025-06-12 07:02:00,71.2
2025-06-12 23:12:00,11.5
2025-06-12 17:52:00,50.18136565940501
2025-06-12 12:20:00,28.5
2025-06-12 07:26:00,65.3
2025-06-12 11:03:00,96.5
2025-06-12 21:58:00,33.4
2025-06-12 22:45:00,59.4
2025-06-12 11:40:00,53.1
2025-06-12 04:19:00,99.1
2025-06-12 06:56:00,68.4
2025-06-12 17:05:00,94.3
2025-06-12 23:46:00,37.1
2025-06-12 05:51:00,49.7
2025-06-12 04:02:00,20.9
2025-06-12 09:37:00,25.7
2025-06-12 09:33:00,50.18136565940501
2025-06-12 06:19:00,50.18136565940501
2025-06-12 09:57:00,77.7
2025-06-12 05:54:00,72.5
2025-06-12 05:35:00,87.8
2025-06-12 08:16:00,89.1
2025-06-12 10:01:00,84.6
2025-06-12 15:08:00,7.7
2025-06-12 15:02:00,50.18136565940501
2025-06-12 18:32:00,34.0
2025-06-12 19:02:00,44.9
2025-06-12 23:53:00,95.4
2025-06-12 11:24:00,99.1
2025-06-12 04:48:00,49.5
2025-06-12 07:50:00,68.9
2025-06-12 10:44:00,20.6
2025-06-12 14:47:00,75.0
2025-06-12 15:08:00,45.5
2025-06-12 06:12:00,26.6
2025-06-12 23:19:00,99.7
2025-06-12 20:30:00,50.18136565940501
2025-06-12 17:29:00,35.6
2025-06-12 13:47:00,14.7
2025-06-12 01:30:00,93.2
2025-06-12 14:11:00,85.3
2025-06-12 07:02:00,24.7
2025-06-12 18:02:00,49.66792053602915
2025-06-12 17:41:00,39.9
2025-06-12 07:57:00,24.0
2025-06-12 03:56:00,50.5
2025-06-12 18:42:00,3.1
2025-06-12 09:10:00,38.1
2025-06-12 03:58:00,49.66792053602915
2025-06-12 09:52:00,68.7
2025-06-12 04:14:00,41.0
2025-06-12 10:54:00,76.1
2025-06-12 13:23:00,17.3
2025-06-12 14:14:00,15.0
2025-06-12 14:21:00,49.66792053602915
2025-06-12 17:32:00,61.4
2025-06-12 19:12:00,19.1
2025-06-12 23:30:00,44.1
2025-06-12 17:21:00,49.66792053602915
2025-06-12 22:31:00,51.4
2025-06-12 09:09:00,68.6
2025-06-12 17:16:00,16.4
2025-06-12 11:45:00,85.8
2025-06-12 04:45:00,75.9
2025-06-12 18:55:00,15.6
2025-06-12 01:16:00,49.66792053602915
2025-06-12 08:05:00,9.1
2025-06-12 15:24:00,62.8
2025-06-12 06:44:00,55.5
2025-06-12 13:25:00,50.3
2025-06-12 12:42:00,49.66792053602915
2025-06-12 09:00:00,8.6
2025-06-12 15:13:00,49.66792053602915
2025-06-12 00:39:00,44.2
2025-06-12 21:51:00,55.3
2025-06-12 05:04:00,42.4
2025-06-12 15:47:00,49.66792053602915
2025-06-12 20:15:00,44.3
2025-06-12 07:01:00,48.7
2025-06-12 19:40:00,28.4
2025-06-12 19:52:00,36.4
2025-06-12 08:20:00,11.4
2025-06-12 20:09:00,33.8
2025-06-12 12:24:00,32.2
2025-06-12 21:15:00,25.1
2025-06-12 11:19:00,40.1
2025-06-12 16:22:00,63.9
2025-06-12 23:50:00,41.8
2025-06-12 01:13:00,9.9
2025-06-12 20:25:00,25.3
2025-06-12 09:31:00,8.9
2025-06-12 16:39:00,61.2
2025-06-12 16:24:00,49.66792053602915
2025-06-12 06:54:00,58.6
2025-06-12 22:44:00,43.6
2025-06-12 04:00:00,49.66792053602915
2025-06-12 08:24:00,59.3
2025-06-12 05:14:00,26.7
2025-06-12 11:31:00,77.2
2025-06-12 05:07:00,56.3
2025-06-12 08:58:00,34.0
2025-06-12 01:41:00,35.4
2025-06-12 10:13:00,60.6
2025-06-12 16:08:00,49.66792053602915
2025-06-12 00:13:00,60.0
2025-06-12 16:21:00,68.0
2025-06-12 05:06:00,3.7
2025-06-12 11:53:00,53.9
2025-06-12 14:10:00,49.66792053602915
2025-06-12 19:10:00,25.2
2025-06-12 00:10:00,32.6
2025-06-12 21:08:00,71.6
2025-06-12 18:57:00,27.0
2025-06-12 03:54:00,34.3
2025-06-12 07:46:00,14.9
2025-06-12 04:52:00,49.66792053602915
2025-06-12 06:47:00,85.4
2025-06-12 18:14:00,3.9
2025-06-12 19:33:00,64.4
2025-06-12 14:16:00,33.1
2025-06-12 09:20:00,32.7
2025-06-12 08:43:00,67.5
2025-06-12 06:38:00,65.2
2025-06-12 19:10:00,50.9
2025-06-12 08:30:00,82.3
2025-06-12 04:08:00,49.66792053602915
2025-06-12 02:17:00,95.9
2025-06-12 17:50:00,49.66792053602915
2025-06-12 02:52:00,32.9
2025-06-12 22:14:00,36.5
2025-06-12 17:52:00,72.1
2025-06-12 08:33:00,11.4
2025-06-12 09:14:00,96.6
2025-06-12 14:34:00,22.3
2025-06-12 13:00:00,91.2
2025-06-12 22:20:00,90.3
2025-06-12 07:29:00,87.3
2025-06-12 18:34:00,49.66792053602915
2025-06-12 07:17:00,49.66792053602915
2025-06-12 23:29:00,8.8
2025-06-12 16:56:00,49.66792053602915
2025-06-12 23:52:00,87.0
2025-06-12 08:38:00,23.4
2025-06-12 04:16:00,9.5
2025-06-12 21:07:00,49.66792053602915
2025-06-12 18:37:00,12.7
2025-06-12 07:54:00,55.0
2025-06-12 01:27:00,49.5
2025-06-12 18:58:00,83.8
2025-06-12 01:12:00,32.6
2025-06-12 08:47:00,14.2
2025-06-12 11:10:00,52.9
2025-06-12 06:09:00,44.0
2025-06-12 11:06:00,49.66792053602915
2025-06-12 12:54:00,31.4
2025-06-12 02:33:00,49.66792053602915
2025-06-12 13:59:00,37.0
2025-06-12 18:33:00,27.5
2025-06-12 17:31:00,49.66792053602915
2025-06-12 16:10:00,49.66792053602915
2025-06-12 13:13:00,78.9
2025-06-12 21:20:00,68.6
2025-06-12 20:39:00,67.5
2025-06-12 14:46:00,22.6
2025-06-12 16:42:00,66.4
2025-06-12 03:35:00,98.0
2025-06-12 13:43:00,70.6
2025-06-12 10:22:00,73.5
2025-06-12 11:59:00,64.5
2025-06-12 16:58:00,81.0
2025-06-12 09:11:00,83.3
2025-06-12 13:57:00,30.0
2025-06-12 08:59:00,49.66792053602915
2025-06-12 20:57:00,17.4
2025-06-12 23:51:00,25.2
2025-06-12 22:29:00,71.8
2025-06-12 02:03:00,30.1
2025-06-12 13:12:00,14.5
2025-06-12 00:46:00,49.66792053602915
2025-06-12 17:09:00,91.9
2025-06-12 18:09:00,49.66792053602915
2025-06-12 00:54:00,61.3
2025-06-12 09:28:00,49.66792053602915
2025-06-12 09:03:00,42.2
2025-06-12 19:15:00,18.0
2025-06-12 14:17:00,45.8
2025-06-12 11:56:00,83.1
2025-06-12 10:43:00,61.2
2025-06-12 20:18:00,39.8
2025-06-12 18:08:00,49.66792053602915
2025-06-12 03:39:00,44.4
2025-06-12 10:09:00,18.4
2025-06-12 15:38:00,97.6
2025-06-12 13:30:00,10.5
2025-06-12 08:57:00,49.66792053602915
2025-06-12 13:11:00,42.6
2025-06-12 23:41:00,2.3
2025-06-12 15:33:00,23.0
2025-06-12 18:31:00,54.7
2025-06-12 11:01:00,0.5
2025-06-12 06:46:00,3.3
2025-06-12 14:13:00,38.2
2025-06-12 07:15:00,88.0
2025-06-12 22:26:00,49.66792053602915
2025-06-12 23:56:00,35.8
2025-06-12 04:19:00,50.9
2025-06-12 02:42:00,32.1
2025-06-12 00:05:00,58.7
2025-06-12 23:16:00,87.3
2025-06-12 08:47:00,54.8
2025-06-12 21:59:00,76.7
2025-06-12 03:15:00,15.8
2025-06-12 12:34:00,56.2
2025-06-12 04:47:00,49.66792053602915
2025-06-12 18:32:00,25.4
2025-06-12 22:49:00,88.6
2025-06-12 04:43:00,51.8
2025-06-12 08:46:00,49.66792053602915
2025-06-12 00:56:00,7.9
2025-06-12 10:19:00,62.5
2025-06-12 20:28:00,39.3
2025-06-12 16:38:00,42.3
2025-06-12 06:04:00,17.5
2025-06-12 21:54:00,9.0
2025-06-12 00:37:00,32.4
2025-06-12 08:06:00,49.66792053602915
2025-06-12 02:46:00,2.5
2025-06-12 17:20:00,65.7
2025-06-12 11:06:00,25.5
2025-06-12 11:26:00,45.7
2025-06-12 13:18:00,17.7
2025-06-12 01:30:00,49.66792053602915
2025-06-12 19:10:00,12.7
2025-06-12 14:26:00,49.66792053602915
2025-06-12 12:43:00,58.3
2025-06-12 07:20:00,18.9
2025-06-12 12:21:00,3.9
2025-06-12 02:11:00,44.5
2025-06-12 06:49:00,8.1
2025-06-12 13:07:00,29.0
2025-06-12 02:16:00,16.4
2025-06-12 08:04:00,39.3
2025-06-12 01:16:00,68.6
2025-06-12 20:42:00,57.3
2025-06-12 14:20:00,41.3
2025-06-12 01:56:00,68.0
2025-06-12 13:59:00,96.9
2025-06-12 10:32:00,82.9
2025-06-12 13:50:00,51.7
2025-06-12 18:28:00,88.5
2025-06-12 18:01:00,49.66792053602915
2025-06-12 20:13:00,8.3
2025-06-12 03:00:00,9.1
2025-06-12 19:41:00,9.7
2025-06-12 06:10:00,49.66792053602915
2025-06-12 08:53:00,68.1
2025-06-12 08:13:00,24.6
2025-06-12 18:50:00,90.1
2025-06-12 05:10:00,23.8
2025-06-12 13:09:00,8.3
2025-06-12 22:49:00,52.0
2025-06-12 21:04:00,6.9
2025-06-12 08:30:00,60.4
2025-06-12 23:47:00,86.9
2025-06-12 04:58:00,32.3
2025-06-12 21:38:00,49.66792053602915
2025-06-12 04:23:00,49.66792053602915
2025-06-12 19:20:00,64.1
2025-06-12 11:56:00,75.8
2025-06-12 11:56:00,20.6
2025-06-12 20:30:00,6.5
2025-06-12 15:00:00,2.1
2025-06-12 21:18:00,9.2
2025-06-12 21:25:00,49.66792053602915
2025-06-12 17:19:00,57.8
2025-06-12 14:58:00,49.66792053602915
2025-06-12 10:12:00,55.0
2025-06-12 01:14:00,80.5
2025-06-12 15:44:00,30.2
2025-06-12 00:45:00,93.4
2025-06-12 14:51:00,73.4
2025-06-12 03:29:00,49.66792053602915
2025-06-12 11:26:00,82.1
2025-06-12 11:06:00,47.3
2025-06-12 13:35:00,11.5
2025-06-12 05:28:00,17.1
2025-06-12 06:33:00,72.8
2025-06-12 21:25:00,49.66792053602915
2025-06-12 22:38:00,10.6
2025-06-12 09:18:00,49.66792053602915
2025-06-12 09:22:00,83.2
2025-06-12 00:23:00,67.9
2025-06-12 14:46:00,49.66792053602915
2025-06-12 21:49:00,52.3
2025-06-12 05:26:00,80.5
2025-06-12 21:47:00,60.7
2025-06-12 21:11:00,49.66792053602915
2025-06-12 19:37:00,69.6
2025-06-12 10:07:00,9.0
2025-06-12 06:43:00,23.0
2025-06-12 06:57:00,39.2
2025-06-12 08:27:00,31.5
2025-06-12 07:55:00,95.0
2025-06-12 03:23:00,12.9
2025-06-12 00:32:00,64.0
2025-06-12 15:54:00,19.4
2025-06-12 07:36:00,17.9
2025-06-12 03:59:00,78.9
2025-06-12 21:10:00,79.8
2025-06-12 10:06:00,7.5
2025-06-12 06:21:00,2.2
2025-06-12 21:29:00,74.1
2025-06-12 07:45:00,49.66792053602915
2025-06-12 00:15:00,49.66792053602915
2025-06-12 00:06:00,37.2
2025-06-12 02:13:00,16.8
2025-06-12 08:51:00,49.66792053602915
2025-06-12 11:39:00,62.9
2025-06-12 05:28:00,70.4
2025-06-12 22:16:00,69.1
2025-06-12 22:08:00,95.9
2025-06-12 20:35:00,46.1
2025-06-12 14:15:00,49.66792053602915
2025-06-12 18:02:00,31.9
2025-06-12 15:08:00,80.1
2025-06-12 10:43:00,3.6
2025-06-12 05:35:00,58.6
2025-06-12 20:54:00,60.8
2025-06-12 05:05:00,47.7
2025-06-12 03:08:00,10.7
2025-06-12 19:42:00,82.2
2025-06-12 10:29:00,41.0
2025-06-12 18:31:00,19.7
2025-06-12 00:59:00,31.4
2025-06-12 18:52:00,4.7
2025-06-12 16:08:00,17.1
2025-06-12 17:55:00,9.2
2025-06-12 13:18:00,5.3
2025-06-12 15:27:00,65.8
2025-06-12 18:28:00,49.66792053602915
2025-06-12 17:04:00,66.8
2025-06-12 18:46:00,16.6
2025-06-12 07:30:00,42.2
2025-06-12 20:15:00,27.5
2025-06-12 04:11:00,7.2
2025-06-12 04:03:00,49.66792053602915
2025-06-12 07:51:00,56.7
2025-06-12 19:55:00,25.2
2025-06-12 08:36:00,29.8
2025-06-12 18:33:00,49.66792053602915
2025-06-12 23:06:00,77.6
2025-06-12 03:39:00,34.8
2025-06-12 05:30:00,36.7
2025-06-12 16:21:00,72.2
2025-06-12 04:45:00,77.7
2025-06-12 19:08:00,68.4
2025-06-12 19:02:00,20.6
2025-06-12 07:06:00,15.6
2025-06-12 04:16:00,53.3
2025-06-12 02:38:00,13.5
2025-06-12 01:16:00,49.66792053602915
2025-06-12 22:17:00,49.66792053602915
2025-06-12 08:10:00,80.3
2025-06-12 21:26:00,58.6
2025-06-12 07:53:00,68.8
2025-06-12 04:33:00,38.6
2025-06-12 01:41:00,30.4
2025-06-12 03:40:00,45.3
2025-06-12 01:46:00,93.3
2025-06-12 16:47:00,93.6
2025-06-12 17:34:00,91.6
2025-06-12 10:34:00,49.66792053602915
2025-06-12 08:52:00,45.1
2025-06-12 12:05:00,49.66792053602915
2025-06-12 21:38:00,29.2
2025-06-12 01:09:00,77.0
2025-06-12 01:34:00,70.3
2025-06-12 06:35:00,55.0
2025-06-12 05:50:00,3.8
2025-06-12 21:06:00,39.6
2025-06-12 22:18:00,19.0
2025-06-12 01:17:00,88.6
2025-06-12 20:29:00,49.66792053602915
2025-06-12 08:41:00,9.8
2025-06-12 10:25:00,97.7
2025-06-12 15:18:00,59.8
2025-06-12 03:20:00,49.1
2025-06-12 15:14:00,43.0
2025-06-12 08:14:00,6.8
2025-06-12 07:35:00,49.66792053602915
2025-06-12 16:14:00,80.3
2025-06-12 10:03:00,55.0
2025-06-12 11:22:00,49.66792053602915
2025-06-12 07:39:00,54.6
2025-06-12 19:48:00,49.66792053602915
2025-06-12 19:19:00,3.9
2025-06-12 12:25:00,49.66792053602915
2025-06-12 14:52:00,16.5
2025-06-12 23:58:00,66.8
2025-06-12 02:29:00,21.4
2025-06-12 08:04:00,49.66792053602915
2025-06-12 16:27:00,12.1
2025-06-12 06:38:00,17.4
2025-06-12 04:50:00,37.0
2025-06-12 03:50:00,56.5
2025-06-12 18:30:00,26.0
2025-06-12 18:41:00,58.2
2025-06-12 06:35:00,93.4
2025-06-12 10:34:00,33.8
2025-06-12 09:00:00,50.4
2025-06-12 00:01:00,19.2
2025-06-12 22:23:00,93.8
2025-06-12 16:10:00,25.3
2025-06-12 07:36:00,49.82591552591553
2025-06-12 22:57:00,35.7
2025-06-12 23:02:00,75.6
2025-06-12 12:11:00,62.2
2025-06-12 22:42:00,87.8
2025-06-12 00:11:00,89.9
2025-06-12 16:36:00,70.9
2025-06-12 09:19:00,40.5
2025-06-12 09:38:00,49.82591552591553
2025-06-12 11:24:00,10.1
2025-06-12 21:25:00,3.1
2025-06-12 18:42:00,84.1
2025-06-12 04:25:00,91.9
2025-06-12 22:48:00,40.5
2025-06-12 17:57:00,96.1
2025-06-12 15:17:00,76.1
2025-06-12 00:37:00,72.3
2025-06-12 09:01:00,51.0
2025-06-12 17:02:00,30.9
2025-06-12 21:05:00,2.2
2025-06-12 14:43:00,49.82591552591553
2025-06-12 13:39:00,19.2
2025-06-12 09:51:00,100.0
2025-06-12 10:29:00,49.82591552591553
2025-06-12 17:59:00,49.82591552591553
2025-06-12 03:15:00,46.3
2025-06-12 04:50:00,90.4
2025-06-12 18:29:00,93.6
2025-06-12 08:52:00,36.5
2025-06-12 06:47:00,10.5
2025-06-12 21:23:00,48.6
2025-06-12 09:31:00,49.82591552591553
2025-06-12 05:30:00,50.3
2025-06-12 12:22:00,4.0
2025-06-12 02:21:00,17.4
2025-06-12 05:01:00,3.9
2025-06-12 02:12:00,49.82591552591553
2025-06-12 14:22:00,49.82591552591553
2025-06-12 16:19:00,87.0
2025-06-12 14:31:00,44.3
2025-06-12 08:41:00,91.3
2025-06-12 07:03:00,49.82591552591553
2025-06-12 09:15:00,27.2
2025-06-12 06:17:00,49.82591552591553
2025-06-12 22:03:00,25.7
2025-06-12 23:05:00,49.82591552591553
2025-06-12 15:11:00,50.5
2025-06-12 17:46:00,46.4
2025-06-12 15:04:00,93.2
2025-06-12 13:44:00,69.5
2025-06-12 23:09:00,40.2
2025-06-12 13:11:00,98.9
2025-06-12 03:10:00,56.9
2025-06-12 13:27:00,92.9
2025-06-12 16:03:00,55.5
2025-06-12 15:00:00,61.5
2025-06-12 22:03:00,24.5
2025-06-12 14:22:00,91.8
2025-06-12 16:29:00,70.2
2025-06-12 07:32:00,72.4
2025-06-12 05:58:00,64.1
2025-06-12 17:52:00,49.82591552591553
2025-06-12 00:29:00,49.82591552591553
2025-06-12 14:27:00,94.9
2025-06-12 05:24:00,21.1
2025-06-12 02:49:00,46.6
2025-06-12 01:18:00,64.4
2025-06-12 07:38:00,83.2
2025-06-12 00:47:00,82.1
2025-06-12 02:08:00,53.8
2025-06-12 20:11:00,94.6
2025-06-12 04:57:00,24.1
2025-06-12 10:38:00,11.8
2025-06-12 05:17:00,63.6
2025-06-12 08:09:00,40.9
2025-06-12 11:43:00,49.82591552591553
2025-06-12 15:11:00,48.8
2025-06-12 04:23:00,42.9
2025-06-12 23:48:00,59.3
2025-06-12 07:45:00,49.82591552591553
2025-06-12 09:45:00,49.82591552591553
2025-06-12 20:54:00,45.6
2025-06-12 03:33:00,22.4
2025-06-12 10:20:00,38.0
2025-06-12 16:17:00,38.5
2025-06-12 12:06:00,73.9
2025-06-12 13:20:00,49.82591552591553
2025-06-12 00:36:00,49.82591552591553
2025-06-12 14:43:00,5.9
2025-06-12 09:33:00,58.1
2025-06-12 09:56:00,34.4
2025-06-12 15:27:00,86.9
2025-06-12 01:00:00,91.3
2025-06-12 05:41:00,59.9
2025-06-12 12:30:00,50.0
2025-06-12 04:26:00,85.5
2025-06-12 08:20:00,62.2
2025-06-12 01:44:00,70.1
2025-06-12 04:46:00,82.3
2025-06-12 18:48:00,49.82591552591553
2025-06-12 01:29:00,21.0
2025-06-12 12:05:00,19.5
2025-06-12 18:20:00,88.1
2025-06-12 10:44:00,90.9
2025-06-12 02:40:00,55.4
2025-06-12 22:32:00,89.7
2025-06-12 13:19:00,47.8
2025-06-12 17:06:00,32.8
2025-06-12 20:36:00,71.4
2025-06-12 14:18:00,49.82591552591553
2025-06-12 00:01:00,49.82591552591553
2025-06-12 18:04:00,42.7
2025-06-12 22:03:00,56.7
2025-06-12 23:01:00,75.5
2025-06-12 00:33:00,15.0
2025-06-12 19:33:00,79.3
2025-06-12 15:16:00,4.1
2025-06-12 22:19:00,16.7
2025-06-12 08:52:00,68.7
2025-06-12 14:04:00,68.3
2025-06-12 19:46:00,7.1
2025-06-12 18:11:00,49.82591552591553
2025-06-12 06:51:00,77.6
2025-06-12 00:04:00,91.7
2025-06-12 15:53:00,49.82591552591553
2025-06-12 19:23:00,40.3
2025-06-12 23:52:00,71.9
2025-06-12 05:14:00,12.7
2025-06-12 21:37:00,79.4
2025-06-12 17:26:00,2.4
2025-06-12 04:04:00,11.7
2025-06-12 13:33:00,67.6
2025-06-12 07:47:00,80.0
2025-06-12 07:04:00,30.0
2025-06-12 03:57:00,25.6
2025-06-12 22:46:00,21.9
2025-06-12 16:19:00,85.6
2025-06-12 08:40:00,19.1
2025-06-12 23:26:00,16.1
2025-06-12 03:30:00,49.82591552591553
2025-06-12 12:16:00,48.6
2025-06-12 08:51:00,27.2
2025-06-12 15:03:00,16.1
2025-06-12 15:52:00,88.0
2025-06-12 07:37:00,49.82591552591553
2025-06-12 11:23:00,25.4
2025-06-12 23:25:00,7.8
2025-06-12 06:38:00,60.0
2025-06-12 21:02:00,12.7
2025-06-12 20:12:00,73.0
2025-06-12 22:42:00,92.9
2025-06-12 05:52:00,5.0
2025-06-12 08:58:00,49.82591552591553
2025-06-12 10:38:00,26.6
2025-06-12 02:17:00,28.2
2025-06-12 13:49:00,70.1
2025-06-12 22:11:00,39.0
2025-06-12 02:21:00,45.9
2025-06-12 12:35:00,83.9
2025-06-12 11:00:00,49.82591552591553
2025-06-12 01:21:00,97.3
2025-06-12 02:41:00,91.6
2025-06-12 13:47:00,81.7
2025-06-12 11:16:00,87.3
2025-06-12 16:24:00,49.82591552591553
2025-06-12 12:42:00,31.2
2025-06-12 17:11:00,19.3
2025-06-12 22:38:00,32.7
2025-06-12 16:50:00,98.2
2025-06-12 04:48:00,49.82591552591553
2025-06-12 18:46:00,58.1
2025-06-12 03:05:00,50.7
2025-06-12 05:55:00,13.4
2025-06-12 08:10:00,40.6
2025-06-12 15:00:00,34.5
2025-06-12 01:06:00,93.1
2025-06-12 02:46:00,48.9
2025-06-12 05:39:00,74.1
2025-06-12 09:09:00,49.82591552591553
2025-06-12 03:37:00,95.6
2025-06-12 12:45:00,95.0
2025-06-12 00:43:00,25.5
2025-06-12 12:07:00,1.6
2025-06-12 10:56:00,17.2
2025-06-12 09:42:00,16.3
2025-06-12 12:09:00,49.82591552591553
2025-06-12 07:54:00,96.5
2025-06-12 20:42:00,99.2
2025-06-12 03:53:00,84.3
2025-06-12 02:56:00,49.82591552591553
2025-06-12 05:29:00,97.9
2025-06-12 11:09:00,98.7
2025-06-12 06:22:00,52.2
2025-06-12 23:49:00,25.0
2025-06-12 13:12:00,59.0
2025-06-12 23:55:00,77.7
2025-06-12 13:18:00,49.82591552591553
2025-06-12 21:08:00,26.9
2025-06-12 06:31:00,79.5
2025-06-12 23:02:00,49.82591552591553
2025-06-12 23:55:00,11.0
2025-06-12 05:00:00,15.0
2025-06-12 21:42:00,49.5
2025-06-12 10:39:00,90.9
2025-06-12 19:38:00,48.1
2025-06-12 14:05:00,0.4
2025-06-12 20:28:00,66.0
2025-06-12 07:49:00,46.9
2025-06-12 03:00:00,30.5
2025-06-12 05:28:00,79.6
2025-06-12 05:34:00,88.8
2025-06-12 18:32:00,18.9
2025-06-12 09:13:00,77.3
2025-06-12 03:57:00,7.4
2025-06-12 12:27:00,27.4
2025-06-12 08:56:00,50.6
2025-06-12 00:47:00,49.82591552591553
2025-06-12 15:11:00,92.0
2025-06-12 16:58:00,21.5
2025-06-12 23:34:00,37.3
2025-06-12 22:05:00,85.8
2025-06-12 04:16:00,31.3
2025-06-12 04:09:00,2.3
2025-06-12 19:51:00,23.0
2025-06-12 09:40:00,49.82591552591553
2025-06-12 13:21:00,93.9
2025-06-12 22:13:00,66.9
2025-06-12 15:41:00,1.9
2025-06-12 18:34:00,62.1
2025-06-12 22:43:00,6.0
2025-06-12 01:03:00,92.4
2025-06-12 16:29:00,43.2
2025-06-12 10:51:00,17.0
2025-06-12 03:30:00,49.82591552591553
2025-06-12 05:57:00,77.8
2025-06-12 18:04:00,62.3
2025-06-12 23:30:00,30.0
2025-06-12 11:42:00,25.9
2025-06-12 20:44:00,92.5
2025-06-12 00:25:00,49.82591552591553
2025-06-12 14:12:00,37.1
2025-06-12 08:40:00,98.6
2025-06-12 21:54:00,0.4
2025-06-12 21:40:00,78.5
2025-06-12 20:00:00,55.9
2025-06-12 16:19:00,42.0
2025-06-12 19:41:00,56.6
2025-06-12 03:30:00,35.1
2025-06-12 04:03:00,99.3
2025-06-12 16:16:00,49.82591552591553
2025-06-12 15:00:00,49.82591552591553
2025-06-12 16:42:00,90.9
2025-06-12 00:50:00,23.9
2025-06-12 04:33:00,93.9
2025-06-12 10:16:00,74.1
2025-06-12 02:07:00,47.9
2025-06-12 18:27:00,49.82591552591553
2025-06-12 21:28:00,32.6
2025-06-12 18:50:00,76.9
2025-06-12 23:42:00,50.7
2025-06-12 03:39:00,10.6
2025-06-12 19:03:00,55.2
2025-06-12 21:25:00,81.3
2025-06-12 11:47:00,48.7
2025-06-12 17:27:00,49.82591552591553
2025-06-12 12:59:00,18.3
2025-06-12 18:49:00,73.9
2025-06-12 14:15:00,8.7
2025-06-12 00:28:00,31.8
2025-06-12 14:33:00,23.6
2025-06-12 18:09:00,67.7
2025-06-12 20:39:00,75.2
2025-06-12 09:01:00,12.5
2025-06-12 17:23:00,74.8
2025-06-12 08:38:00,49.82591552591553
2025-06-12 12:18:00,83.3
2025-06-12 12:31:00,53.3
2025-06-12 21:47:00,79.7
2025-06-12 15:12:00,49.82591552591553
2025-06-12 18:21:00,5.9
2025-06-12 17:54:00,99.3
2025-06-12 07:12:00,94.0
2025-06-12 07:30:00,69.0
2025-06-12 18:28:00,37.7
2025-06-12 04:39:00,61.8
2025-06-12 08:27:00,81.0
2025-06-12 01:04:00,62.0
2025-06-12 12:53:00,7.3
2025-06-12 16:00:00,20.8
2025-06-12 20:47:00,77.7
2025-06-12 21:42:00,50.7
2025-06-12 06:06:00,49.82591552591553
2025-06-12 18:55:00,60.2
2025-06-12 14:19:00,34.2
2025-06-12 22:17:00,13.1
2025-06-12 23:44:00,77.2
2025-06-12 07:34:00,83.8
2025-06-12 13:21:00,10.3
2025-06-12 17:08:00,12.5
2025-06-12 15:34:00,73.3
2025-06-12 08:21:00,49.82591552591553
2025-06-12 21:07:00,44.3
2025-06-12 15:34:00,43.5
2025-06-12 02:58:00,49.82591552591553
2025-06-12 17:46:00,44.4
2025-06-12 20:24:00,47.0
2025-06-12 03:01:00,87.9
2025-06-12 07:41:00,75.2
2025-06-12 15:20:00,97.6
2025-06-12 10:44:00,49.82591552591553
2025-06-12 15:36:00,57.4
2025-06-12 02:02:00,16.0
2025-06-12 09:21:00,11.4
2025-06-12 21:53:00,60.5
2025-06-12 23:50:00,49.82591552591553
2025-06-12 09:12:00,56.7
2025-06-12 06:03:00,55.7
2025-06-12 18:41:00,65.0
2025-06-12 20:07:00,12.0
2025-06-12 13:54:00,4.6
2025-06-12 10:58:00,43.7
2025-06-12 06:44:00,70.6
2025-06-12 13:22:00,75.4
2025-06-12 10:16:00,53.9
2025-06-12 13:59:00,49.2
2025-06-12 07:51:00,62.0
2025-06-12 08:02:00,90.3
2025-06-12 19:36:00,49.82264106490752
2025-06-12 08:26:00,10.4
2025-06-12 09:47:00,63.8
2025-06-12 17:00:00,82.1
2025-06-12 01:19:00,3.3
2025-06-12 10:26:00,18.8
2025-06-12 13:52:00,89.5
2025-06-12 01:12:00,49.82264106490752
2025-06-12 04:39:00,60.2
2025-06-12 08:50:00,46.0
2025-06-12 11:09:00,5.7
2025-06-12 05:42:00,35.2
2025-06-12 06:40:00,18.3
2025-06-12 01:42:00,54.4
2025-06-12 13:41:00,49.82264106490752
2025-06-12 20:00:00,49.82264106490752
2025-06-12 03:30:00,37.8
2025-06-12 23:13:00,78.8
2025-06-12 18:39:00,49.82264106490752
2025-06-12 13:52:00,34.2
2025-06-12 19:52:00,7.5
2025-06-12 01:37:00,92.3
2025-06-12 16:43:00,36.1
2025-06-12 14:43:00,90.4
2025-06-12 15:31:00,2.1
2025-06-12 04:00:00,49.2
2025-06-12 21:12:00,79.9
2025-06-12 10:53:00,55.7
2025-06-12 08:07:00,85.1
2025-06-12 09:24:00,21.7
2025-06-12 05:36:00,49.1
2025-06-12 17:25:00,20.3
2025-06-12 13:27:00,48.8
2025-06-12 16:35:00,81.7
2025-06-12 01:13:00,49.82264106490752
2025-06-12 17:48:00,12.8
2025-06-12 00:09:00,79.8
2025-06-12 09:09:00,70.5
2025-06-12 13:21:00,78.7
2025-06-12 17:44:00,81.9
2025-06-12 12:51:00,18.1
2025-06-12 18:36:00,46.5
2025-06-12 21:03:00,69.4
2025-06-12 00:40:00,58.1
2025-06-12 06:21:00,49.82264106490752
2025-06-12 14:15:00,11.7
2025-06-12 01:16:00,96.9
2025-06-12 05:02:00,49.82264106490752
2025-06-12 18:57:00,60.4
2025-06-12 15:22:00,2.0
2025-06-12 19:05:00,5.7
2025-06-12 07:04:00,49.82264106490752
2025-06-12 05:03:00,49.82264106490752
2025-06-12 13:43:00,93.2
2025-06-12 13:40:00,67.6
2025-06-12 22:34:00,14.4
2025-06-12 19:20:00,91.9
2025-06-12 11:37:00,13.0
2025-06-12 00:25:00,49.82264106490752
2025-06-12 07:25:00,58.6
2025-06-12 09:18:00,45.6
2025-06-12 08:00:00,49.82264106490752
2025-06-12 11:39:00,80.4
2025-06-12 10:06:00,49.82264106490752
2025-06-12 03:36:00,44.7
2025-06-12 18:58:00,87.9
2025-06-12 22:12:00,49.82264106490752
2025-06-12 19:51:00,16.5
2025-06-12 06:52:00,95.8
2025-06-12 14:29:00,73.7
2025-06-12 15:27:00,20.4
2025-06-12 15:30:00,53.6
2025-06-12 03:09:00,10.3
2025-06-12 08:26:00,0.8
2025-06-12 12:46:00,68.5
2025-06-12 04:59:00,84.7
2025-06-12 13:51:00,74.7
2025-06-12 20:29:00,36.6
2025-06-12 12:40:00,78.4
2025-06-12 10:37:00,57.9
2025-06-12 02:04:00,4.1
2025-06-12 07:21:00,39.5
2025-06-12 17:16:00,38.4
2025-06-12 01:39:00,17.6
2025-06-12 00:06:00,24.7
2025-06-12 21:02:00,49.82264106490752
2025-06-12 15:43:00,10.0
2025-06-12 15:59:00,60.8
2025-06-12 11:32:00,49.82264106490752
2025-06-12 11:43:00,8.4
2025-06-12 16:14:00,76.8
2025-06-12 10:05:00,41.6
2025-06-12 11:34:00,13.1
2025-06-12 03:02:00,68.2
2025-06-12 16:35:00,54.4
2025-06-12 16:24:00,80.1
2025-06-12 18:37:00,47.7
2025-06-12 03:37:00,21.7
2025-06-12 01:50:00,50.0
2025-06-12 02:24:00,62.7
2025-06-12 21:28:00,2.6
2025-06-12 02:37:00,38.8
2025-06-12 11:26:00,27.2
2025-06-12 14:29:00,27.6
2025-06-12 00:45:00,59.5
2025-06-12 23:03:00,82.4
2025-06-12 02:48:00,10.9
2025-06-12 19:09:00,49.82264106490752
2025-06-12 03:50:00,8.6
2025-06-12 01:14:00,68.6
2025-06-12 05:45:00,2.9
2025-06-12 22:33:00,65.2
2025-06-12 22:34:00,28.2
2025-06-12 20:55:00,9.9
2025-06-12 22:19:00,93.3
2025-06-12 22:37:00,49.82264106490752
2025-06-12 06:21:00,80.3
2025-06-12 06:35:00,83.6
2025-06-12 09:53:00,15.0
2025-06-12 13:37:00,5.0
2025-06-12 20:26:00,9.6
2025-06-12 02:35:00,49.82264106490752
2025-06-12 02:38:00,60.4
2025-06-12 02:34:00,29.5
2025-06-12 19:10:00,67.4
2025-06-12 07:59:00,88.5
2025-06-12 17:38:00,87.6
2025-06-12 09:13:00,35.9
2025-06-12 04:17:00,49.82264106490752
2025-06-12 12:07:00,87.3
2025-06-12 04:29:00,59.7
2025-06-12 21:57:00,2.3
2025-06-12 07:01:00,52.7
2025-06-12 17:34:00,15.5
2025-06-12 18:33:00,80.6
2025-06-12 18:23:00,76.3
2025-06-12 22:52:00,20.4
2025-06-12 19:57:00,12.5
2025-06-12 14:59:00,21.6
2025-06-12 22:27:00,6.4
2025-06-12 03:26:00,30.7
2025-06-12 10:00:00,9.0
2025-06-12 17:23:00,27.5
2025-06-12 06:39:00,49.82264106490752
2025-06-12 21:42:00,49.82264106490752
2025-06-12 15:02:00,58.2
2025-06-12 00:26:00,49.82264106490752
2025-06-12 19:32:00,48.7
2025-06-12 07:14:00,49.82264106490752
2025-06-12 11:03:00,2.4
2025-06-12 22:27:00,49.82264106490752
2025-06-12 13:43:00,48.0
2025-06-12 04:58:00,33.3
2025-06-12 23:40:00,1.3
2025-06-12 10:08:00,57.2
2025-06-12 04:00:00,92.2
2025-06-12 14:08:00,34.9
2025-06-12 00:49:00,42.6
2025-06-12 13:45:00,49.82264106490752
2025-06-12 13:59:00,54.0
2025-06-12 14:13:00,49.82264106490752
2025-06-12 00:34:00,88.9
2025-06-12 20:49:00,49.82264106490752
2025-06-12 00:44:00,3.8
2025-06-12 04:15:00,47.3
2025-06-12 19:58:00,4.6
2025-06-12 09:19:00,14.1
2025-06-12 14:06:00,49.82264106490752
2025-06-12 21:10:00,49.82264106490752
2025-06-12 15:11:00,56.2
2025-06-12 17:33:00,96.9
2025-06-12 23:40:00,21.6
2025-06-12 19:53:00,49.82264106490752
2025-06-12 14:34:00,48.5
2025-06-12 21:38:00,48.8
2025-06-12 18:33:00,70.4
2025-06-12 14:05:00,1.2
2025-06-12 01:39:00,49.82264106490752
2025-06-12 10:21:00,49.82264106490752
2025-06-12 23:53:00,8.7
2025-06-12 00:15:00,45.2
2025-06-12 09:06:00,49.82264106490752
2025-06-12 08:20:00,49.82264106490752
2025-06-12 05:54:00,49.82264106490752
2025-06-12 15:31:00,85.7
2025-06-12 15:29:00,11.1
2025-06-12 11:09:00,36.9
2025-06-12 16:15:00,49.82264106490752
2025-06-12 06:04:00,64.7
2025-06-12 22:36:00,68.6
2025-06-12 01:31:00,5.4
2025-06-12 11:44:00,37.7
2025-06-12 10:09:00,94.0
2025-06-12 07:06:00,66.5
2025-06-12 12:37:00,32.4
2025-06-12 17:19:00,3.2
2025-06-12 14:55:00,90.2
2025-06-12 15:39:00,7.9
2025-06-12 19:26:00,49.82264106490752
2025-06-12 07:39:00,49.82264106490752
2025-06-12 06:06:00,5.6
2025-06-12 03:14:00,82.6
2025-06-12 06:32:00,63.2
2025-06-12 17:13:00,23.1
2025-06-12 04:23:00,15.7
2025-06-12 06:33:00,73.7
2025-06-12 23:36:00,49.82264106490752
2025-06-12 02:23:00,8.6
2025-06-12 13:00:00,96.8
2025-06-12 03:16:00,5.5
2025-06-12 05:32:00,56.0
2025-06-12 21:39:00,87.8
2025-06-12 16:30:00,41.0
2025-06-12 10:46:00,55.4
2025-06-12 14:56:00,74.0
2025-06-12 15:55:00,38.4
2025-06-12 17:54:00,49.82264106490752
2025-06-12 14:57:00,52.3
2025-06-12 14:12:00,62.7
2025-06-12 10:18:00,85.8
2025-06-12 09:28:00,91.7
2025-06-12 12:52:00,34.8
2025-06-12 07:11:00,19.5
2025-06-12 17:14:00,9.3
2025-06-12 08:54:00,13.4
2025-06-12 09:59:00,71.8
2025-06-12 03:02:00,94.5
2025-06-12 14:01:00,19.3
2025-06-12 18:46:00,3.1
2025-06-12 07:13:00,49.82264106490752
2025-06-12 02:48:00,79.3
2025-06-12 22:11:00,48.8
2025-06-12 01:16:00,16.4
2025-06-12 12:36:00,3.0
2025-06-12 18:28:00,14.0
2025-06-12 09:14:00,49.82264106490752
2025-06-12 00:52:00,37.4
2025-06-12 21:31:00,96.7
2025-06-12 18:30:00,32.6
2025-06-12 17:01:00,49.82264106490752
2025-06-12 15:32:00,11.4
2025-06-12 07:54:00,28.3
2025-06-12 16:57:00,3.0
2025-06-12 17:51:00,49.82264106490752
2025-06-12 01:55:00,58.3
2025-06-12 06:45:00,81.9
2025-06-12 23:08:00,69.5
2025-06-12 09:19:00,41.4
2025-06-12 08:29:00,15.4
2025-06-12 02:10:00,49.2
2025-06-12 17:10:00,67.3
2025-06-12 06:47:00,61.1
2025-06-12 03:51:00,75.5
2025-06-12 20:01:00,49.82264106490752
2025-06-12 01:13:00,1.7
2025-06-12 16:31:00,49.82264106490752
2025-06-12 20:05:00,88.7
2025-06-12 03:29:00,35.2
2025-06-12 15:25:00,4.6
2025-06-12 19:20:00,52.9
2025-06-12 05:04:00,98.4
2025-06-12 08:02:00,35.1
2025-06-12 13:07:00,86.6
2025-06-12 09:01:00,64.9
2025-06-12 10:43:00,83.5
2025-06-12 10:10:00,9.1
2025-06-12 11:20:00,85.5
2025-06-12 17:24:00,21.5
2025-06-12 00:50:00,66.2
2025-06-12 14:04:00,43.0
2025-06-12 15:45:00,49.82264106490752
2025-06-12 00:19:00,43.6
2025-06-12 19:38:00,46.0
2025-06-12 07:02:00,30.2
2025-06-12 14:05:00,41.1
2025-06-12 23:35:00,49.1
2025-06-12 08:22:00,46.9
2025-06-12 16:33:00,1.8
2025-06-12 02:01:00,3.3
2025-06-12 06:30:00,6.4
2025-06-12 00:16:00,2.8
2025-06-12 13:21:00,49.82264106490752
2025-06-12 19:02:00,19.9
2025-06-12 08:12:00,21.9
2025-06-12 16:18:00,10.0
2025-06-12 21:12:00,53.4
2025-06-12 20:31:00,82.5
2025-06-12 19:42:00,40.1
2025-06-12 04:18:00,49.82264106490752
2025-06-12 19:00:00,86.3
2025-06-12 08:28:00,29.5
2025-06-12 18:36:00,5.2
2025-06-12 14:59:00,55.9
2025-06-12 19:18:00,1.1
2025-06-12 10:07:00,44.6
2025-06-12 05:42:00,80.5
2025-06-12 08:24:00,20.0
2025-06-12 20:19:00,75.0
2025-06-12 22:18:00,52.6
2025-06-12 20:00:00,86.4
2025-06-12 15:14:00,85.5
2025-06-12 20:48:00,50.2
2025-06-12 17:40:00,25.8
2025-06-12 15:49:00,37.8
2025-06-12 21:15:00,49.82264106490752
2025-06-12 07:42:00,8.1
2025-06-12 21:50:00,20.8
2025-06-12 11:50:00,45.5
2025-06-12 01:02:00,49.82264106490752
2025-06-12 19:23:00,24.9
2025-06-12 15:11:00,49.82264106490752
2025-06-12 15:30:00,36.4
2025-06-12 20:36:00,22.8
2025-06-12 04:50:00,46.9
2025-06-12 18:43:00,1.8
2025-06-12 19:36:00,19.7
2025-06-12 16:38:00,41.2
2025-06-12 13:17:00,26.4
2025-06-12 00:54:00,73.1
2025-06-12 15:38:00,80.8
2025-06-12 18:56:00,86.4
2025-06-12 16:09:00,91.8
2025-06-12 11:46:00,49.82264106490752
2025-06-12 22:41:00,49.82264106490752
2025-06-12 06:07:00,53.9
2025-06-12 08:08:00,11.1
2025-06-12 14:41:00,14.6
2025-06-12 05:28:00,90.1
2025-06-12 11:28:00,57.7
2025-06-12 10:02:00,57.8
2025-06-12 17:29:00,63.6
2025-06-12 11:58:00,30.8
2025-06-12 06:15:00,21.5
2025-06-12 11:23:00,2.9
2025-06-12 01:36:00,86.9
2025-06-12 00:35:00,18.1
2025-06-12 00:52:00,63.3
2025-06-12 19:21:00,73.4
2025-06-12 12:34:00,95.7
2025-06-12 15:33:00,38.5
2025-06-12 21:00:00,66.0
2025-06-12 11:03:00,78.9
2025-06-12 17:56:00,92.3
2025-06-12 03:18:00,18.2
2025-06-12 15:16:00,9.6
2025-06-12 04:07:00,60.9
2025-06-12 13:07:00,33.4
2025-06-12 14:25:00,94.4
2025-06-12 02:01:00,0.6
2025-06-12 12:20:00,49.73505924170616
2025-06-12 23:05:00,91.6
2025-06-12 05:28:00,98.5
2025-06-12 05:58:00,34.4
2025-06-12 18:34:00,52.0
2025-06-12 16:39:00,76.3
2025-06-12 03:39:00,62.8
2025-06-12 13:23:00,36.3
2025-06-12 19:01:00,30.9
2025-06-12 22:44:00,68.7
2025-06-12 11:04:00,16.4
2025-06-12 09:24:00,19.4
2025-06-12 14:12:00,49.73505924170616
2025-06-12 01:04:00,48.3
2025-06-12 14:31:00,50.9
2025-06-12 20:49:00,49.73505924170616
2025-06-12 06:52:00,20.6
2025-06-12 04:08:00,60.7
2025-06-12 14:34:00,45.9
2025-06-12 00:10:00,24.3
2025-06-12 06:42:00,49.73505924170616
2025-06-12 00:25:00,15.3
2025-06-12 19:44:00,76.8
2025-06-12 17:55:00,26.9
2025-06-12 22:39:00,96.9
2025-06-12 10:45:00,64.5
2025-06-12 22:10:00,2.6
2025-06-12 21:46:00,72.7
2025-06-12 11:36:00,1.8
2025-06-12 10:14:00,6.1
2025-06-12 20:42:00,49.73505924170616
2025-06-12 21:54:00,82.6
2025-06-12 17:26:00,92.9
2025-06-12 15:07:00,78.4
2025-06-12 10:11:00,81.4
2025-06-12 06:47:00,71.5
2025-06-12 16:37:00,92.4
2025-06-12 07:54:00,15.3
2025-06-12 06:12:00,49.6
2025-06-12 07:36:00,49.73505924170616
2025-06-12 16:56:00,57.3
2025-06-12 01:39:00,68.1
2025-06-12 20:09:00,62.6
2025-06-12 21:23:00,52.0
2025-06-12 19:14:00,91.2
2025-06-12 15:54:00,70.5
2025-06-12 08:14:00,49.73505924170616
2025-06-12 11:48:00,22.4
2025-06-12 19:45:00,7.8
2025-06-12 15:11:00,3.2
2025-06-12 09:50:00,49.73505924170616
2025-06-12 04:14:00,31.3
2025-06-12 00:35:00,30.5
2025-06-12 19:58:00,85.5
2025-06-12 02:22:00,17.7
2025-06-12 22:20:00,7.3
2025-06-12 12:49:00,52.0
2025-06-12 05:25:00,29.4
2025-06-12 07:48:00,83.5
2025-06-12 12:18:00,49.73505924170616
2025-06-12 15:25:00,83.0
2025-06-12 19:06:00,59.5
2025-06-12 22:39:00,84.9
2025-06-12 07:13:00,49.73505924170616
2025-06-12 01:28:00,86.0
2025-06-12 16:55:00,86.0
2025-06-12 05:56:00,70.1
2025-06-12 18:12:00,36.2
2025-06-12 09:35:00,51.0
2025-06-12 00:14:00,34.2
2025-06-12 13:01:00,13.4
2025-06-12 07:17:00,71.3
2025-06-12 13:20:00,36.1
2025-06-12 19:04:00,58.1
2025-06-12 10:53:00,9.2
2025-06-12 04:00:00,87.3
2025-06-12 19:53:00,48.7
2025-06-12 14:26:00,58.8
2025-06-12 02:14:00,97.1
2025-06-12 07:39:00,74.2
2025-06-12 00:03:00,15.8
2025-06-12 12:05:00,17.2
2025-06-12 09:22:00,49.73505924170616
2025-06-12 06:49:00,28.2
2025-06-12 02:49:00,70.2
2025-06-12 22:44:00,12.4
2025-06-12 16:42:00,75.8
2025-06-12 21:25:00,34.8
2025-06-12 07:44:00,28.7
2025-06-12 05:39:00,74.3
2025-06-12 17:22:00,91.9
2025-06-12 10:26:00,2.7
2025-06-12 08:49:00,57.0
2025-06-12 00:58:00,2.1
2025-06-12 10:07:00,45.1
2025-06-12 19:18:00,36.2
2025-06-12 07:08:00,29.4
2025-06-12 08:52:00,0.9
2025-06-12 12:48:00,4.3
2025-06-12 09:39:00,35.5
2025-06-12 14:36:00,26.0
2025-06-12 02:37:00,79.9
2025-06-12 22:49:00,59.1
2025-06-12 01:04:00,38.4
2025-06-12 15:15:00,26.5
2025-06-12 02:17:00,15.8
2025-06-12 04:22:00,11.2
2025-06-12 21:36:00,67.9
2025-06-12 03:21:00,32.6
2025-06-12 13:32:00,61.4
2025-06-12 21:36:00,82.4
2025-06-12 18:57:00,17.7
2025-06-12 01:57:00,34.7
2025-06-12 08:00:00,35.6
2025-06-12 16:01:00,49.73505924170616
2025-06-12 22:19:00,16.0
2025-06-12 20:09:00,49.73505924170616
2025-06-12 08:08:00,1.0
2025-06-12 05:37:00,20.3
2025-06-12 18:05:00,33.7
2025-06-12 04:45:00,36.9
2025-06-12 12:54:00,21.2
2025-06-12 05:37:00,5.9
2025-06-12 04:38:00,28.8
2025-06-12 16:55:00,24.8
2025-06-12 15:59:00,50.1
2025-06-12 05:40:00,48.4
2025-06-12 05:34:00,61.7
2025-06-12 06:17:00,20.8
2025-06-12 15:56:00,42.6
2025-06-12 05:33:00,31.6
2025-06-12 03:04:00,44.1
2025-06-12 08:07:00,51.2
2025-06-12 15:29:00,10.2
2025-06-12 18:04:00,6.4
2025-06-12 20:50:00,49.73505924170616
2025-06-12 01:14:00,49.73505924170616
2025-06-12 15:14:00,12.3
2025-06-12 05:46:00,49.73505924170616
2025-06-12 03:13:00,81.1
2025-06-12 05:34:00,49.73505924170616
2025-06-12 08:11:00,91.2
2025-06-12 13:26:00,49.73505924170616
2025-06-12 05:45:00,51.8
2025-06-12 02:34:00,82.4
2025-06-12 13:14:00,14.5
2025-06-12 12:34:00,77.0
2025-06-12 05:16:00,25.3
2025-06-12 13:36:00,44.5
2025-06-12 08:11:00,30.5
2025-06-12 18:20:00,62.8
2025-06-12 12:26:00,16.8
2025-06-12 06:22:00,3.3
2025-06-12 12:31:00,49.4
2025-06-12 08:55:00,91.4
2025-06-12 10:54:00,92.8
2025-06-12 17:54:00,49.73505924170616
2025-06-12 21:08:00,90.4
2025-06-12 23:10:00,52.8
2025-06-12 14:00:00,67.2
2025-06-12 09:59:00,86.1
2025-06-12 12:51:00,44.4
2025-06-12 17:48:00,42.9
2025-06-12 21:20:00,0.3
2025-06-12 06:47:00,38.1
2025-06-12 11:38:00,25.2
2025-06-12 10:38:00,25.9
2025-06-12 20:02:00,36.3
2025-06-12 11:48:00,49.73505924170616
2025-06-12 11:33:00,43.4
2025-06-12 00:33:00,2.8
2025-06-12 19:19:00,23.1
2025-06-12 17:17:00,40.2
2025-06-12 23:30:00,18.5
2025-06-12 06:21:00,88.1
2025-06-12 17:47:00,49.73505924170616
2025-06-12 05:19:00,93.8
2025-06-12 12:15:00,72.8
2025-06-12 09:03:00,46.6
2025-06-12 21:00:00,49.73505924170616
2025-06-12 22:34:00,42.9
2025-06-12 17:33:00,10.3
2025-06-12 16:33:00,49.73505924170616
2025-06-12 11:24:00,32.9
2025-06-12 21:24:00,10.8
2025-06-12 14:58:00,85.1
2025-06-12 12:00:00,12.1
2025-06-12 13:48:00,62.7
2025-06-12 18:02:00,30.3
2025-06-12 01:01:00,47.2
2025-06-12 16:04:00,0.2
2025-06-12 06:32:00,70.6
2025-06-12 15:58:00,31.2
2025-06-12 20:48:00,9.5
2025-06-12 00:28:00,47.0
2025-06-12 07:23:00,49.73505924170616
2025-06-12 11:44:00,5.2
2025-06-12 07:45:00,54.4
2025-06-12 03:40:00,25.2
2025-06-12 15:40:00,53.6
2025-06-12 20:17:00,44.2
2025-06-12 22:46:00,42.5
2025-06-12 07:34:00,82.5
2025-06-12 11:05:00,49.73505924170616
2025-06-12 07:44:00,4.9
2025-06-12 01:08:00,49.73505924170616
2025-06-12 06:50:00,49.0
2025-06-12 16:14:00,49.73505924170616
2025-06-12 21:14:00,22.3
2025-06-12 14:22:00,84.3
2025-06-12 12:19:00,5.6
2025-06-12 21:40:00,74.6
2025-06-12 23:37:00,35.8
2025-06-12 06:52:00,97.0
2025-06-12 13:53:00,1.3
2025-06-12 06:44:00,48.1
2025-06-12 04:25:00,49.73505924170616
2025-06-12 04:57:00,54.3
2025-06-12 08:55:00,15.9
2025-06-12 17:10:00,49.73505924170616
2025-06-12 18:28:00,0.9
2025-06-12 10:30:00,16.4
2025-06-12 02:12:00,38.5
2025-06-12 19:49:00,41.2
2025-06-12 23:54:00,49.73505924170616
2025-06-12 14:33:00,45.6
2025-06-12 11:03:00,92.1
2025-06-12 21:34:00,16.0
2025-06-12 05:05:00,4.3
2025-06-12 17:02:00,27.9
2025-06-12 11:55:00,92.1
2025-06-12 13:22:00,97.9
2025-06-12 14:39:00,55.9
2025-06-12 00:26:00,83.0
2025-06-12 02:08:00,53.8
2025-06-12 14:00:00,88.0
2025-06-12 17:02:00,74.8
2025-06-12 12:44:00,99.7
2025-06-12 10:17:00,82.4
2025-06-12 04:25:00,24.5
2025-06-12 10:07:00,44.6
2025-06-12 09:41:00,5.0
2025-06-12 22:54:00,49.73505924170616
2025-06-12 04:32:00,88.8
2025-06-12 17:05:00,88.6
2025-06-12 01:32:00,6.9
2025-06-12 00:27:00,41.8
2025-06-12 03:36:00,74.6
2025-06-12 02:59:00,20.0
2025-06-12 22:00:00,17.5
2025-06-12 22:26:00,90.2
2025-06-12 12:26:00,90.0
2025-06-12 08:01:00,49.73505924170616
2025-06-12 06:57:00,93.2
2025-06-12 20:36:00,35.7
2025-06-12 11:25:00,49.73505924170616
2025-06-12 17:52:00,49.73505924170616
2025-06-12 21:49:00,77.9
2025-06-12 19:06:00,4.7
2025-06-12 00:18:00,87.5
2025-06-12 19:14:00,67.5
2025-06-12 00:53:00,83.0
2025-06-12 16:59:00,91.8
2025-06-12 14:18:00,3.4
2025-06-12 14:08:00,36.7
2025-06-12 12:16:00,38.0
2025-06-12 08:00:00,82.9
2025-06-12 05:16:00,30.8
2025-06-12 23:46:00,29.9
2025-06-12 10:54:00,29.3
2025-06-12 21:27:00,67.5
2025-06-12 00:40:00,41.9
2025-06-12 09:36:00,49.73505924170616
2025-06-12 20:58:00,49.73505924170616
2025-06-12 13:35:00,31.9
2025-06-12 16:51:00,69.3
2025-06-12 10:55:00,48.7
2025-06-12 21:31:00,22.4
2025-06-12 02:50:00,80.6
2025-06-12 08:40:00,67.5
2025-06-12 13:25:00,85.6
2025-06-12 08:05:00,70.6
2025-06-12 05:42:00,92.8
2025-06-12 19:19:00,66.6
2025-06-12 14:42:00,18.4
2025-06-12 23:15:00,28.3
2025-06-12 00:37:00,54.1
2025-06-12 16:16:00,2.3
2025-06-12 01:09:00,60.1
2025-06-12 00:41:00,50.04950773558369
2025-06-12 00:03:00,43.2
2025-06-12 19:56:00,31.0
2025-06-12 11:14:00,25.4
2025-06-12 02:51:00,92.8
2025-06-12 09:02:00,30.9
2025-06-12 10:58:00,84.2
2025-06-12 17:23:00,81.0
2025-06-12 19:03:00,13.2
2025-06-12 22:36:00,39.7
2025-06-12 08:21:00,40.0
2025-06-12 07:19:00,36.9
2025-06-12 06:46:00,49.6
2025-06-12 13:59:00,93.4
2025-06-12 22:36:00,78.5
2025-06-12 11:01:00,18.1
2025-06-12 05:10:00,33.7
2025-06-12 12:22:00,21.5
2025-06-12 23:42:00,26.2
2025-06-12 06:00:00,27.5
2025-06-12 19:32:00,50.04950773558369
2025-06-12 04:46:00,51.2
2025-06-12 13:59:00,50.04950773558369
2025-06-12 03:11:00,58.4
2025-06-12 08:40:00,78.6
2025-06-12 16:25:00,50.04950773558369
2025-06-12 13:29:00,94.6
2025-06-12 13:47:00,50.04950773558369
2025-06-12 14:52:00,25.7
2025-06-12 16:33:00,73.7
2025-06-12 06:21:00,21.1
2025-06-12 14:05:00,50.04950773558369
2025-06-12 21:46:00,60.6
2025-06-12 06:56:00,96.1
2025-06-12 14:09:00,38.2
2025-06-12 18:16:00,50.04950773558369
2025-06-12 01:55:00,35.9
2025-06-12 15:54:00,39.2
2025-06-12 18:41:00,80.2
2025-06-12 02:19:00,87.9
2025-06-12 11:37:00,86.4
2025-06-12 18:06:00,89.4
2025-06-12 20:17:00,90.3
2025-06-12 01:29:00,26.1
2025-06-12 12:43:00,93.3
2025-06-12 01:36:00,37.8
2025-06-12 09:22:00,76.2
2025-06-12 13:05:00,30.6
2025-06-12 08:18:00,77.8
2025-06-12 01:00:00,27.9
2025-06-12 20:47:00,52.7
2025-06-12 22:40:00,6.2
2025-06-12 02:27:00,1.6
2025-06-12 18:04:00,58.7
2025-06-12 13:02:00,92.4
2025-06-12 17:54:00,44.1
2025-06-12 19:30:00,50.04950773558369
2025-06-12 01:03:00,71.1
2025-06-12 05:34:00,71.0
2025-06-12 17:46:00,13.0
2025-06-12 08:00:00,9.5
2025-06-12 09:38:00,86.4
2025-06-12 18:53:00,53.5
2025-06-12 20:05:00,30.2
2025-06-12 07:14:00,36.8
2025-06-12 14:00:00,99.1
2025-06-12 20:55:00,84.4
2025-06-12 04:52:00,36.7
2025-06-12 02:50:00,61.7
2025-06-12 09:02:00,28.6
2025-06-12 05:34:00,21.1
2025-06-12 15:41:00,50.04950773558369
2025-06-12 14:07:00,50.04950773558369
2025-06-12 15:16:00,46.1
2025-06-12 01:03:00,79.7
2025-06-12 01:41:00,50.04950773558369
2025-06-12 06:44:00,21.9
2025-06-12 17:05:00,7.0
2025-06-12 05:41:00,4.1
2025-06-12 17:47:00,75.8
2025-06-12 22:27:00,88.6
2025-06-12 02:06:00,47.9
2025-06-12 01:51:00,88.8
2025-06-12 23:54:00,51.6
2025-06-12 23:03:00,98.8
2025-06-12 03:41:00,10.1
2025-06-12 20:34:00,97.7
2025-06-12 20:40:00,73.5
2025-06-12 06:04:00,78.5
2025-06-12 02:58:00,50.04950773558369
2025-06-12 01:27:00,63.8
2025-06-12 14:38:00,72.5
2025-06-12 15:32:00,53.3
2025-06-12 00:42:00,60.5
2025-06-12 08:56:00,28.5
2025-06-12 09:26:00,94.7
2025-06-12 16:28:00,52.9
2025-06-12 12:52:00,50.04950773558369
2025-06-12 10:53:00,50.04950773558369
2025-06-12 07:32:00,6.1
2025-06-12 17:55:00,19.2
2025-06-12 09:12:00,59.0
2025-06-12 02:01:00,16.7
2025-06-12 01:16:00,50.04950773558369
2025-06-12 23:16:00,30.3
2025-06-12 17:22:00,42.8
2025-06-12 04:45:00,68.1
2025-06-12 23:17:00,51.2
2025-06-12 20:52:00,50.04950773558369
2025-06-12 07:48:00,81.7
2025-06-12 19:51:00,50.04950773558369
2025-06-12 16:34:00,88.5
2025-06-12 02:35:00,97.0
2025-06-12 03:32:00,37.9
2025-06-12 02:28:00,50.04950773558369
2025-06-12 06:48:00,97.3
2025-06-12 19:26:00,69.9
2025-06-12 14:38:00,68.9
2025-06-12 11:26:00,53.0
2025-06-12 12:31:00,19.1
2025-06-12 09:30:00,80.0
2025-06-12 15:32:00,27.3
2025-06-12 20:58:00,21.8
2025-06-12 19:46:00,41.6
2025-06-12 07:44:00,77.1
2025-06-12 12:07:00,50.04950773558369
2025-06-12 16:31:00,53.8
2025-06-12 13:28:00,32.0
2025-06-12 04:39:00,22.5
2025-06-12 16:42:00,12.0
2025-06-12 15:28:00,50.04950773558369
2025-06-12 06:19:00,73.2
2025-06-12 20:05:00,50.04950773558369
2025-06-12 14:40:00,25.7
2025-06-12 08:53:00,50.04950773558369
2025-06-12 03:41:00,23.7
2025-06-12 10:47:00,72.0
2025-06-12 06:34:00,5.1
2025-06-12 18:35:00,80.4
2025-06-12 03:28:00,50.04950773558369
2025-06-12 16:26:00,95.2
2025-06-12 10:43:00,50.04950773558369
2025-06-12 02:31:00,15.1
2025-06-12 23:39:00,98.1
2025-06-12 03:45:00,55.1
2025-06-12 23:51:00,23.6
2025-06-12 09:36:00,28.8
2025-06-12 05:55:00,50.04950773558369
2025-06-12 14:07:00,69.1
2025-06-12 06:18:00,35.5
2025-06-12 11:15:00,1.8
2025-06-12 02:05:00,68.9
2025-06-12 17:53:00,6.6
2025-06-12 03:32:00,12.4
2025-06-12 22:51:00,16.4
2025-06-12 22:51:00,76.0
2025-06-12 00:07:00,42.8
2025-06-12 05:05:00,53.7
2025-06-12 06:58:00,2.0
2025-06-12 15:11:00,73.3
2025-06-12 14:40:00,41.5
2025-06-12 09:27:00,50.04950773558369
2025-06-12 18:09:00,64.2
2025-06-12 15:40:00,40.2
2025-06-12 16:26:00,50.04950773558369
2025-06-12 04:20:00,99.5
2025-06-12 05:00:00,4.0
2025-06-12 09:26:00,32.3
2025-06-12 02:28:00,95.2
2025-06-12 17:22:00,95.3
2025-06-12 10:22:00,97.0
2025-06-12 05:12:00,10.9
2025-06-12 12:08:00,29.4
2025-06-12 00:51:00,77.5
2025-06-12 07:27:00,50.04950773558369
2025-06-12 12:19:00,84.8
2025-06-12 03:42:00,50.04950773558369
2025-06-12 23:41:00,84.6
2025-06-12 04:30:00,63.0
2025-06-12 09:45:00,48.7
2025-06-12 23:13:00,78.4
2025-06-12 08:23:00,71.5
2025-06-12 16:09:00,50.04950773558369
2025-06-12 13:23:00,50.04950773558369
2025-06-12 15:13:00,81.2
2025-06-12 04:00:00,57.9
2025-06-12 14:09:00,45.4
2025-06-12 01:37:00,22.4
2025-06-12 11:45:00,91.5
2025-06-12 19:01:00,2.3
2025-06-12 23:36:00,50.04950773558369
2025-06-12 09:52:00,13.3
2025-06-12 13:00:00,77.4
2025-06-12 01:46:00,50.04950773558369
2025-06-12 18:25:00,12.2
2025-06-12 14:11:00,52.4
2025-06-12 15:41:00,84.8
2025-06-12 19:56:00,22.8
2025-06-12 02:09:00,64.9
2025-06-12 23:49:00,50.04950773558369
2025-06-12 06:47:00,70.8
2025-06-12 20:23:00,50.04950773558369
2025-06-12 19:04:00,69.2
2025-06-12 11:33:00,57.6
2025-06-12 08:47:00,0.4
2025-06-12 14:50:00,5.8
2025-06-12 18:02:00,95.0
2025-06-12 13:42:00,81.0
2025-06-12 19:54:00,43.5
2025-06-12 22:14:00,68.0
2025-06-12 18:06:00,46.6
2025-06-12 06:23:00,26.4
2025-06-12 13:46:00,67.6
2025-06-12 10:11:00,31.1
2025-06-12 06:37:00,50.04950773558369
2025-06-12 10:41:00,48.9
2025-06-12 15:20:00,50.04950773558369
2025-06-12 18:02:00,84.7
2025-06-12 05:29:00,50.04950773558369
2025-06-12 19:33:00,50.04950773558369
2025-06-12 22:23:00,12.3
2025-06-12 16:41:00,7.4
2025-06-12 19:30:00,50.04950773558369
2025-06-12 06:35:00,53.7
2025-06-12 20:19:00,50.04950773558369
2025-06-12 10:28:00,50.04950773558369
2025-06-12 04:41:00,78.1
2025-06-12 17:31:00,72.7
2025-06-12 20:10:00,61.3
2025-06-12 17:59:00,9.0
2025-06-12 05:36:00,90.0
2025-06-12 23:36:00,50.04950773558369
2025-06-12 15:05:00,95.2
2025-06-12 17:01:00,38.9
2025-06-12 14:37:00,61.6
2025-06-12 09:42:00,16.8
2025-06-12 19:20:00,50.04950773558369
2025-06-12 08:24:00,40.7
2025-06-12 02:19:00,44.9
2025-06-12 23:04:00,64.1
2025-06-12 15:45:00,95.3
2025-06-12 16:24:00,93.9
2025-06-12 20:43:00,60.6
2025-06-12 09:15:00,95.9
2025-06-12 03:58:00,40.2
2025-06-12 20:58:00,48.4
2025-06-12 06:32:00,48.9
2025-06-12 04:50:00,50.04950773558369
2025-06-12 05:16:00,71.6
2025-06-12 18:30:00,79.7
2025-06-12 03:15:00,7.9
2025-06-12 11:24:00,91.5
2025-06-12 19:42:00,50.04950773558369
2025-06-12 08:47:00,10.2
2025-06-12 18:08:00,60.0
2025-06-12 14:36:00,10.2
2025-06-12 21:01:00,36.7
2025-06-12 01:17:00,50.04950773558369
2025-06-12 08:00:00,34.1
2025-06-12 17:15:00,21.5
2025-06-12 15:49:00,87.1
2025-06-12 17:41:00,2.7
2025-06-12 21:38:00,50.04950773558369
2025-06-12 00:19:00,56.5
2025-06-12 07:09:00,89.5
2025-06-12 10:45:00,24.7
2025-06-12 02:59:00,7.6
2025-06-12 06:48:00,60.3
2025-06-12 01:36:00,35.5
2025-06-12 07:56:00,79.0
2025-06-12 07:34:00,50.04950773558369
2025-06-12 01:48:00,24.7
2025-06-12 10:25:00,51.3
2025-06-12 08:29:00,74.8
2025-06-12 13:35:00,53.2
2025-06-12 01:20:00,50.04950773558369
2025-06-12 16:40:00,82.3
2025-06-12 02:47:00,76.1
2025-06-12 21:43:00,45.2
2025-06-12 05:05:00,93.2
2025-06-12 07:08:00,12.8
2025-06-12 08:12:00,1.0
2025-06-12 07:01:00,13.0
2025-06-12 08:26:00,91.4
2025-06-12 21:01:00,99.4
2025-06-12 08:07:00,50.04950773558369
2025-06-12 12:11:00,87.6
2025-06-12 20:16:00,50.04950773558369
2025-06-12 14:16:00,74.2
2025-06-12 15:38:00,74.1
2025-06-12 12:03:00,94.2
2025-06-12 18:36:00,56.1
2025-06-12 08:29:00,46.1
2025-06-12 19:57:00,65.8
2025-06-12 05:50:00,19.6
2025-06-12 00:13:00,61.0
2025-06-12 07:35:00,25.1
2025-06-12 10:43:00,51.0
2025-06-12 04:36:00,6.4
2025-06-12 03:37:00,70.9
2025-06-12 05:48:00,46.8
2025-06-12 08:48:00,9.3
2025-06-12 00:15:00,3.1
2025-06-12 11:47:00,98.2
2025-06-12 16:41:00,35.4
2025-06-12 23:56:00,33.6
2025-06-12 15:19:00,85.1
2025-06-12 08:57:00,50.04950773558369
2025-06-12 10:59:00,51.5
2025-06-12 09:39:00,11.1
2025-06-12 14:05:00,50.04950773558369
2025-06-12 22:39:00,75.1
2025-06-12 12:03:00,50.04950773558369
2025-06-12 12:49:00,50.04950773558369
2025-06-12 15:58:00,68.0
2025-06-12 22:56:00,97.5
2025-06-12 23:32:00,49.9
2025-06-12 12:32:00,19.5
2025-06-12 13:57:00,50.04950773558369
2025-06-12 18:26:00,26.1
2025-06-12 14:00:00,83.8
2025-06-12 13:31:00,61.1
2025-06-12 11:56:00,83.0
2025-06-12 16:27:00,50.04950773558369
2025-06-12 01:02:00,42.5
2025-06-12 09:08:00,50.04950773558369
2025-06-12 22:43:00,52.1
2025-06-12 23:43:00,64.1
2025-06-12 16:08:00,62.1
2025-06-12 15:21:00,85.5
2025-06-12 01:39:00,50.04950773558369
2025-06-12 05:02:00,37.1
2025-06-12 21:11:00,0.5
2025-06-12 04:36:00,31.0
2025-06-12 03:10:00,62.2
2025-06-12 01:12:00,49.64720650636492
2025-06-12 12:13:00,71.5
2025-06-12 09:28:00,85.2
2025-06-12 17:32:00,94.5
2025-06-12 22:11:00,6.0
2025-06-12 05:25:00,11.0
2025-06-12 02:18:00,21.5
2025-06-12 07:23:00,16.6
2025-06-12 02:06:00,67.0
2025-06-12 10:16:00,9.4
2025-06-12 12:01:00,57.6
2025-06-12 23:22:00,76.5
2025-06-12 00:46:00,49.64720650636492
2025-06-12 10:02:00,52.6
2025-06-12 13:15:00,26.0
2025-06-12 07:13:00,99.1
2025-06-12 14:37:00,76.3
2025-06-12 13:16:00,49.64720650636492
2025-06-12 02:25:00,8.3
2025-06-12 16:04:00,68.6
2025-06-12 14:44:00,63.0
2025-06-12 20:48:00,95.8
2025-06-12 08:57:00,43.8
2025-06-12 02:08:00,59.0
2025-06-12 08:03:00,25.6
2025-06-12 12:30:00,24.9
2025-06-12 17:36:00,49.64720650636492
2025-06-12 07:12:00,91.2
2025-06-12 03:24:00,12.9
2025-06-12 23:19:00,15.5
2025-06-12 18:51:00,38.2
2025-06-12 02:04:00,92.1
2025-06-12 19:09:00,0.4
2025-06-12 20:52:00,93.3
2025-06-12 05:57:00,43.7
2025-06-12 10:10:00,34.4
2025-06-12 22:59:00,49.64720650636492
2025-06-12 21:23:00,12.3
2025-06-12 04:23:00,7.0
2025-06-12 05:51:00,67.6
2025-06-12 22:43:00,14.4
2025-06-12 16:05:00,20.0
2025-06-12 16:11:00,49.64720650636492
2025-06-12 19:46:00,49.64720650636492
2025-06-12 05:26:00,41.6
2025-06-12 00:05:00,49.64720650636492
2025-06-12 15:32:00,49.64720650636492
2025-06-12 15:57:00,49.64720650636492
2025-06-12 06:45:00,82.6
2025-06-12 00:07:00,49.64720650636492
2025-06-12 21:34:00,12.5
2025-06-12 08:59:00,39.0
2025-06-12 05:27:00,32.4
2025-06-12 07:05:00,16.5
2025-06-12 14:54:00,35.9
2025-06-12 09:47:00,75.0
2025-06-12 10:06:00,84.7
2025-06-12 22:44:00,8.9
2025-06-12 07:16:00,39.2
2025-06-12 14:24:00,0.5
2025-06-12 16:53:00,93.4
2025-06-12 05:57:00,49.64720650636492
2025-06-12 09:28:00,50.5
2025-06-12 17:23:00,81.2
2025-06-12 20:29:00,49.64720650636492
2025-06-12 00:53:00,57.3
2025-06-12 19:16:00,29.5
2025-06-12 06:40:00,49.64720650636492
2025-06-12 11:59:00,45.6
2025-06-12 03:51:00,27.2
2025-06-12 12:30:00,13.3
2025-06-12 17:02:00,23.0
2025-06-12 17:13:00,10.2
2025-06-12 00:36:00,63.1
2025-06-12 01:07:00,45.4
2025-06-12 04:16:00,49.64720650636492
2025-06-12 18:55:00,63.6
2025-06-12 19:36:00,23.7
2025-06-12 00:25:00,50.7
2025-06-12 06:15:00,49.64720650636492
2025-06-12 04:04:00,86.2
2025-06-12 21:42:00,90.1
2025-06-12 03:49:00,49.64720650636492
2025-06-12 03:23:00,38.0
2025-06-12 13:28:00,32.1
2025-06-12 12:07:00,49.64720650636492
2025-06-12 22:33:00,40.2
2025-06-12 06:28:00,29.9
2025-06-12 13:35:00,72.1
2025-06-12 21:19:00,13.6
2025-06-12 21:44:00,72.8
2025-06-12 16:02:00,65.4
2025-06-12 23:49:00,38.3
2025-06-12 22:07:00,54.0
2025-06-12 05:57:00,97.0
2025-06-12 03:50:00,88.2
2025-06-12 16:15:00,41.8
2025-06-12 03:19:00,49.64720650636492
2025-06-12 19:34:00,23.0
2025-06-12 15:08:00,49.64720650636492
2025-06-12 09:03:00,87.4
2025-06-12 20:08:00,89.6
2025-06-12 06:13:00,6.2
2025-06-12 10:12:00,27.6
2025-06-12 13:42:00,49.64720650636492
2025-06-12 16:59:00,32.3
2025-06-12 08:37:00,69.6
2025-06-12 22:22:00,49.64720650636492
2025-06-12 07:55:00,65.2
2025-06-12 04:21:00,35.5
2025-06-12 21:59:00,86.7
2025-06-12 21:57:00,87.6
2025-06-12 23:04:00,49.64720650636492
2025-06-12 15:57:00,5.4
2025-06-12 06:20:00,84.8
2025-06-12 13:20:00,71.4
2025-06-12 17:40:00,21.6
2025-06-12 00:57:00,49.64720650636492
2025-06-12 15:38:00,45.8
2025-06-12 19:34:00,15.8
2025-06-12 04:43:00,52.6
2025-06-12 21:22:00,49.64720650636492
2025-06-12 22:17:00,88.0
2025-06-12 06:42:00,63.6
2025-06-12 19:19:00,31.2
2025-06-12 01:57:00,33.6
2025-06-12 14:21:00,27.7
2025-06-12 00:53:00,97.2
2025-06-12 13:33:00,49.64720650636492
2025-06-12 12:53:00,56.4
2025-06-12 17:52:00,49.9
2025-06-12 02:38:00,95.5
2025-06-12 13:37:00,83.5
2025-06-12 07:23:00,13.0
2025-06-12 22:20:00,77.3
2025-06-12 02:35:00,39.4
2025-06-12 14:31:00,51.4
2025-06-12 01:20:00,27.3
2025-06-12 10:51:00,51.6
2025-06-12 12:59:00,29.7
2025-06-12 09:30:00,14.5
2025-06-12 06:17:00,12.7
2025-06-12 08:59:00,27.2
2025-06-12 03:27:00,49.64720650636492
2025-06-12 07:09:00,27.8
2025-06-12 10:02:00,25.6
2025-06-12 18:26:00,49.64720650636492
2025-06-12 18:09:00,68.2
2025-06-12 02:51:00,71.7
2025-06-12 05:10:00,19.9
2025-06-12 23:13:00,57.0
2025-06-12 18:41:00,6.9
2025-06-12 10:04:00,35.7
2025-06-12 13:48:00,72.9
2025-06-12 01:58:00,97.7
2025-06-12 14:56:00,83.5
2025-06-12 06:30:00,49.64720650636492
2025-06-12 20:40:00,80.0
2025-06-12 11:25:00,33.5
2025-06-12 21:47:00,36.6
2025-06-12 00:47:00,49.64720650636492
2025-06-12 16:05:00,11.7
2025-06-12 01:46:00,91.6
2025-06-12 14:42:00,78.5
2025-06-12 01:16:00,11.9
2025-06-12 15:14:00,64.7
2025-06-12 07:59:00,49.64720650636492
2025-06-12 20:50:00,2.8
2025-06-12 19:18:00,30.6
2025-06-12 13:26:00,38.6
2025-06-12 12:00:00,46.7
2025-06-12 08:10:00,1.2
2025-06-12 08:08:00,49.64720650636492
2025-06-12 00:18:00,47.4
2025-06-12 10:00:00,32.2
2025-06-12 21:41:00,91.8
2025-06-12 18:47:00,71.8
2025-06-12 12:39:00,49.64720650636492
2025-06-12 21:27:00,87.9
2025-06-12 03:59:00,36.4
2025-06-12 22:52:00,64.4
2025-06-12 12:20:00,82.2
2025-06-12 09:58:00,97.9
2025-06-12 10:49:00,94.8
2025-06-12 02:38:00,49.64720650636492
2025-06-12 18:23:00,45.2
2025-06-12 16:55:00,24.9
2025-06-12 07:47:00,49.64720650636492
2025-06-12 02:17:00,49.64720650636492
2025-06-12 15:12:00,38.0
2025-06-12 06:51:00,89.2
2025-06-12 00:19:00,36.5
2025-06-12 14:07:00,2.6
2025-06-12 04:36:00,49.64720650636492
2025-06-12 08:17:00,69.9
2025-06-12 18:51:00,38.8
2025-06-12 15:32:00,40.1
2025-06-12 12:37:00,49.7
2025-06-12 14:31:00,48.1
2025-06-12 05:25:00,49.64720650636492
2025-06-12 22:53:00,87.0
2025-06-12 13:09:00,91.9
2025-06-12 10:05:00,69.9
2025-06-12 18:00:00,49.64720650636492
2025-06-12 03:31:00,69.4
2025-06-12 08:13:00,52.8
2025-06-12 09:03:00,37.7
2025-06-12 17:01:00,59.0
2025-06-12 10:57:00,13.9
2025-06-12 12:45:00,48.8
2025-06-12 13:52:00,7.3
2025-06-12 04:26:00,3.5
2025-06-12 15:02:00,44.1
2025-06-12 03:54:00,49.64720650636492
2025-06-12 20:12:00,49.64720650636492
2025-06-12 07:36:00,62.9
2025-06-12 22:20:00,49.64720650636492
2025-06-12 06:21:00,90.1
2025-06-12 05:16:00,60.1
2025-06-12 20:53:00,51.3
2025-06-12 02:26:00,5.4
2025-06-12 00:50:00,49.64720650636492
2025-06-12 17:14:00,18.3
2025-06-12 10:52:00,6.8
2025-06-12 11:11:00,17.1
2025-06-12 14:03:00,65.9
2025-06-12 16:10:00,49.64720650636492
2025-06-12 12:40:00,0.0
2025-06-12 04:43:00,65.2
2025-06-12 06:07:00,14.5
2025-06-12 06:05:00,49.64720650636492
2025-06-12 20:41:00,34.3
2025-06-12 00:03:00,11.0
2025-06-12 22:19:00,66.4
2025-06-12 17:18:00,49.64720650636492
2025-06-12 06:44:00,86.6
2025-06-12 11:09:00,46.4
2025-06-12 10:07:00,93.2
2025-06-12 14:41:00,39.0
2025-06-12 06:20:00,82.1
2025-06-12 07:42:00,84.3
2025-06-12 02:30:00,36.0
2025-06-12 13:15:00,86.1
2025-06-12 15:03:00,12.1
2025-06-12 15:45:00,96.4
2025-06-12 19:58:00,94.3
2025-06-12 09:10:00,6.2
2025-06-12 00:30:00,49.64720650636492
2025-06-12 15:16:00,35.5
2025-06-12 09:18:00,43.1
2025-06-12 02:56:00,52.2
2025-06-12 21:30:00,97.7
2025-06-12 01:05:00,33.5
2025-06-12 18:33:00,26.9
2025-06-12 00:20:00,14.9
2025-06-12 02:54:00,49.6
2025-06-12 14:17:00,94.3
2025-06-12 08:08:00,39.8
2025-06-12 20:10:00,49.64720650636492
2025-06-12 09:44:00,72.0
2025-06-12 04:10:00,60.6
2025-06-12 19:20:00,81.6
2025-06-12 07:41:00,47.5
2025-06-12 11:32:00,84.7
2025-06-12 05:16:00,14.5
2025-06-12 05:43:00,41.3
2025-06-12 06:43:00,51.8
2025-06-12 01:19:00,24.2
2025-06-12 15:39:00,65.2
2025-06-12 01:19:00,35.5
2025-06-12 19:07:00,72.6
2025-06-12 13:16:00,33.5
2025-06-12 23:55:00,92.3
2025-06-12 05:52:00,28.2
2025-06-12 07:48:00,3.1
2025-06-12 04:59:00,21.2
2025-06-12 12:37:00,0.9
2025-06-12 15:37:00,80.2
2025-06-12 01:21:00,88.0
2025-06-12 20:46:00,55.5
2025-06-12 01:47:00,74.6
2025-06-12 02:36:00,24.0
2025-06-12 14:14:00,66.0
2025-06-12 11:00:00,3.8
2025-06-12 08:39:00,69.2
2025-06-12 13:59:00,26.7
2025-06-12 07:30:00,90.3
2025-06-12 10:10:00,23.6
2025-06-12 14:28:00,97.8
2025-06-12 05:07:00,45.5
2025-06-12 01:21:00,36.2
2025-06-12 15:59:00,61.8
2025-06-12 01:25:00,82.5
2025-06-12 15:44:00,49.64720650636492
2025-06-12 21:50:00,0.6
2025-06-12 09:20:00,11.5
2025-06-12 20:58:00,3.7
2025-06-12 09:54:00,45.2
2025-06-12 21:08:00,99.1
2025-06-12 14:10:00,82.8
2025-06-12 14:26:00,21.6
2025-06-12 18:42:00,35.4
2025-06-12 08:37:00,64.4
2025-06-12 14:45:00,4.8
2025-06-12 10:40:00,35.3
2025-06-12 08:45:00,44.6
2025-06-12 16:20:00,68.5
2025-06-12 18:14:00,37.7
2025-06-12 01:11:00,65.1
2025-06-12 04:11:00,91.7
2025-06-12 03:20:00,38.8
2025-06-12 14:33:00,9.6
2025-06-12 20:32:00,35.6
2025-06-12 21:22:00,76.4
2025-06-12 08:52:00,36.6
2025-06-12 02:13:00,54.5
2025-06-12 09:48:00,46.7
2025-06-12 01:54:00,33.1
2025-06-12 20:43:00,6.5
2025-06-12 14:23:00,2.3
2025-06-12 06:23:00,43.6
2025-06-12 02:58:00,47.2
2025-06-12 16:54:00,16.8
2025-06-12 02:14:00,1.6
2025-06-12 22:23:00,71.1
2025-06-12 14:55:00,76.5
2025-06-12 07:08:00,13.9
2025-06-12 21:13:00,56.1
2025-06-12 00:54:00,20.4
2025-06-12 07:44:00,49.44888862615275
2025-06-12 15:40:00,88.6
2025-06-12 06:52:00,55.1
2025-06-12 23:38:00,49.44888862615275
2025-06-12 21:43:00,49.44888862615275
2025-06-12 10:43:00,44.0
2025-06-12 04:10:00,48.4
2025-06-12 12:50:00,1.8
2025-06-12 22:47:00,49.8
2025-06-12 00:57:00,85.5
2025-06-12 04:43:00,7.9
2025-06-12 05:10:00,49.44888862615275
2025-06-12 19:48:00,62.4
2025-06-12 04:36:00,33.7
2025-06-12 21:45:00,90.2
2025-06-12 22:45:00,40.6
2025-06-12 11:39:00,29.2
2025-06-12 20:21:00,23.3
2025-06-12 03:43:00,43.1
2025-06-12 22:22:00,16.0
2025-06-12 19:14:00,41.2
2025-06-12 20:14:00,89.5
2025-06-12 23:50:00,77.4
2025-06-12 20:42:00,47.1
2025-06-12 01:57:00,47.2
2025-06-12 14:38:00,9.6
2025-06-12 18:07:00,71.7
2025-06-12 09:32:00,18.7
2025-06-12 05:01:00,93.2
2025-06-12 10:44:00,86.4
2025-06-12 13:59:00,81.9
2025-06-12 00:51:00,60.8
2025-06-12 12:45:00,49.44888862615275
2025-06-12 01:36:00,74.9
2025-06-12 19:52:00,81.2
2025-06-12 22:20:00,66.1
2025-06-12 07:02:00,35.8
2025-06-12 18:21:00,67.6
2025-06-12 01:21:00,21.4
2025-06-12 20:53:00,39.6
2025-06-12 21:15:00,68.8
2025-06-12 17:29:00,73.9
2025-06-12 16:30:00,38.6
2025-06-12 15:55:00,98.6
2025-06-12 14:10:00,27.8
2025-06-12 12:51:00,83.6
2025-06-12 22:37:00,49.44888862615275
2025-06-12 17:37:00,58.6
2025-06-12 14:52:00,24.8
2025-06-12 09:19:00,21.8
2025-06-12 18:47:00,49.44888862615275
2025-06-12 12:31:00,49.44888862615275
2025-06-12 01:01:00,19.8
2025-06-12 17:12:00,49.44888862615275
2025-06-12 10:54:00,7.6
2025-06-12 01:24:00,63.7
2025-06-12 17:06:00,49.1
2025-06-12 09:58:00,58.7
2025-06-12 19:59:00,76.9
2025-06-12 10:32:00,21.4
2025-06-12 09:03:00,39.1
2025-06-12 05:26:00,55.4
2025-06-12 19:02:00,49.44888862615275
2025-06-12 02:18:00,42.1
2025-06-12 11:48:00,1.2
2025-06-12 12:10:00,49.44888862615275
2025-06-12 03:05:00,46.7
2025-06-12 04:39:00,28.2
2025-06-12 17:27:00,80.6
2025-06-12 18:10:00,49.44888862615275
2025-06-12 07:17:00,87.6
2025-06-12 17:31:00,80.1
2025-06-12 23:35:00,97.6
2025-06-12 08:39:00,75.5
2025-06-12 16:35:00,66.6
2025-06-12 09:12:00,1.6
2025-06-12 06:46:00,49.44888862615275
2025-06-12 17:26:00,3.1
2025-06-12 06:19:00,49.44888862615275
2025-06-12 05:37:00,99.4
2025-06-12 02:42:00,74.6
2025-06-12 04:09:00,8.9
2025-06-12 06:10:00,41.0
2025-06-12 20:31:00,26.0
2025-06-12 03:27:00,2.0
2025-06-12 15:31:00,75.4
2025-06-12 01:42:00,62.9
2025-06-12 08:52:00,12.5
2025-06-12 08:04:00,49.44888862615275
2025-06-12 15:18:00,37.0
2025-06-12 17:10:00,79.3
2025-06-12 20:23:00,69.2
2025-06-12 18:10:00,41.1
2025-06-12 18:43:00,30.1
2025-06-12 18:44:00,76.6
2025-06-12 13:27:00,67.3
2025-06-12 06:40:00,61.5
2025-06-12 14:25:00,88.0
2025-06-12 14:36:00,26.9
2025-06-12 03:02:00,25.4
2025-06-12 20:47:00,35.8
2025-06-12 10:52:00,75.1
2025-06-12 00:21:00,57.0
2025-06-12 20:09:00,53.1
2025-06-12 12:06:00,92.9
2025-06-12 03:27:00,49.44888862615275
2025-06-12 10:10:00,6.0
2025-06-12 06:33:00,49.6
2025-06-12 17:30:00,64.0
2025-06-12 03:14:00,43.2
2025-06-12 09:48:00,35.2
2025-06-12 20:34:00,95.5
2025-06-12 17:40:00,49.44888862615275
2025-06-12 21:14:00,49.44888862615275
2025-06-12 04:01:00,20.6
2025-06-12 08:33:00,78.8
2025-06-12 13:06:00,54.8
2025-06-12 18:44:00,20.8
2025-06-12 20:45:00,40.7
2025-06-12 21:17:00,49.44888862615275
2025-06-12 21:37:00,35.8
2025-06-12 01:47:00,3.6
2025-06-12 16:06:00,57.4
2025-06-12 17:17:00,91.1
2025-06-12 08:29:00,14.7
2025-06-12 18:45:00,56.4
2025-06-12 23:25:00,96.2
2025-06-12 13:53:00,77.2
2025-06-12 20:03:00,71.0
2025-06-12 05:41:00,7.4
2025-06-12 13:25:00,61.6
2025-06-12 04:35:00,54.0
2025-06-12 19:18:00,57.0
2025-06-12 07:02:00,96.1
2025-06-12 17:02:00,17.2
2025-06-12 09:40:00,11.5
2025-06-12 18:55:00,17.8
2025-06-12 13:45:00,26.7
2025-06-12 09:33:00,38.9
2025-06-12 14:30:00,49.44888862615275
2025-06-12 20:21:00,86.5
2025-06-12 16:20:00,48.7
2025-06-12 17:43:00,87.0
2025-06-12 10:03:00,6.7
2025-06-12 10:04:00,58.6
2025-06-12 04:54:00,75.5
2025-06-12 14:14:00,57.8
2025-06-12 22:47:00,49.44888862615275
2025-06-12 11:13:00,81.8
2025-06-12 03:42:00,5.3
2025-06-12 17:18:00,37.1
2025-06-12 09:58:00,49.44888862615275
2025-06-12 14:38:00,36.6
2025-06-12 22:27:00,49.44888862615275
2025-06-12 02:47:00,38.1
2025-06-12 00:08:00,64.5
2025-06-12 11:45:00,49.44888862615275
2025-06-12 14:15:00,49.7
2025-06-12 03:56:00,32.9
2025-06-12 13:02:00,22.9
2025-06-12 07:47:00,36.0
2025-06-12 15:15:00,51.2
2025-06-12 02:43:00,42.5
2025-06-12 19:47:00,53.6
2025-06-12 21:37:00,49.44888862615275
2025-06-12 21:55:00,39.0
2025-06-12 00:47:00,56.3
2025-06-12 14:58:00,14.8
2025-06-12 00:51:00,49.44888862615275
2025-06-12 05:33:00,54.2
2025-06-12 14:58:00,81.6
2025-06-12 12:54:00,99.3
2025-06-12 05:00:00,2.6
2025-06-12 21:54:00,43.0
2025-06-12 16:23:00,6.4
2025-06-12 00:58:00,49.44888862615275
2025-06-12 07:04:00,71.3
2025-06-12 16:22:00,30.7
2025-06-12 10:45:00,97.8
2025-06-12 13:09:00,17.6
2025-06-12 17:19:00,56.8
2025-06-12 22:02:00,23.6
2025-06-12 05:48:00,62.3
2025-06-12 02:26:00,25.5
2025-06-12 18:01:00,75.8
2025-06-12 17:07:00,24.2
2025-06-12 15:16:00,78.4
2025-06-12 17:27:00,52.6
2025-06-12 12:54:00,49.44888862615275
2025-06-12 21:28:00,57.6
2025-06-12 14:57:00,25.0
2025-06-12 12:40:00,49.44888862615275
2025-06-12 12:42:00,87.3
2025-06-12 18:57:00,49.44888862615275
2025-06-12 10:05:00,49.44888862615275
2025-06-12 10:47:00,49.44888862615275
2025-06-12 19:40:00,4.9
2025-06-12 10:36:00,49.44888862615275
2025-06-12 14:33:00,81.1
2025-06-12 07:45:00,89.3
2025-06-12 04:48:00,61.0
2025-06-12 04:55:00,17.1
2025-06-12 06:08:00,32.2
2025-06-12 16:22:00,49.44888862615275
2025-06-12 16:46:00,28.4
2025-06-12 09:05:00,0.0
2025-06-12 15:52:00,13.3
2025-06-12 13:07:00,49.44888862615275
2025-06-12 07:18:00,66.9
2025-06-12 12:49:00,49.44888862615275
2025-06-12 13:53:00,87.3
2025-06-12 10:44:00,38.5
2025-06-12 10:24:00,40.3
2025-06-12 13:18:00,49.44888862615275
2025-06-12 20:26:00,77.9
2025-06-12 12:22:00,97.2
2025-06-12 22:03:00,56.5
2025-06-12 06:05:00,72.4
2025-06-12 18:30:00,28.6
2025-06-12 10:36:00,83.5
2025-06-12 21:55:00,49.44888862615275
2025-06-12 22:52:00,86.6
2025-06-12 20:18:00,48.9
2025-06-12 15:49:00,93.6
2025-06-12 23:55:00,14.8
2025-06-12 00:32:00,13.8
2025-06-12 20:15:00,59.4
2025-06-12 10:21:00,49.44888862615275
2025-06-12 18:10:00,44.8
2025-06-12 10:21:00,20.3
2025-06-12 07:27:00,49.44888862615275
2025-06-12 03:46:00,94.4
2025-06-12 15:13:00,40.8
2025-06-12 15:20:00,32.3
2025-06-12 18:56:00,27.8
2025-06-12 19:53:00,77.8
2025-06-12 07:09:00,93.8
2025-06-12 14:09:00,2.1
2025-06-12 12:24:00,21.3
2025-06-12 11:50:00,55.8
2025-06-12 22:12:00,7.2
2025-06-12 02:05:00,71.4
2025-06-12 13:27:00,69.0
2025-06-12 03:39:00,11.9
2025-06-12 21:20:00,85.8
2025-06-12 04:10:00,80.8
2025-06-12 05:25:00,69.2
2025-06-12 02:24:00,50.6
2025-06-12 06:51:00,77.1
2025-06-12 03:53:00,42.9
2025-06-12 08:31:00,25.0
2025-06-12 12:03:00,49.44888862615275
2025-06-12 20:04:00,34.4
2025-06-12 15:15:00,8.3
2025-06-12 06:42:00,91.2
2025-06-12 14:42:00,8.0
2025-06-12 10:25:00,1.9
2025-06-12 20:52:00,0.7
2025-06-12 12:24:00,45.3
2025-06-12 15:45:00,53.3
2025-06-12 20:36:00,58.7
2025-06-12 08:04:00,72.5
2025-06-12 22:21:00,52.2
2025-06-12 05:26:00,51.9
2025-06-12 04:57:00,49.44888862615275
2025-06-12 06:46:00,14.0
2025-06-12 23:06:00,24.6
2025-06-12 21:49:00,35.9
2025-06-12 14:49:00,69.7
2025-06-12 23:53:00,67.8
2025-06-12 06:49:00,57.3
2025-06-12 14:34:00,77.3
2025-06-12 09:49:00,49.44888862615275
2025-06-12 11:35:00,43.0
2025-06-12 09:00:00,49.44888862615275
2025-06-12 13:35:00,78.3
2025-06-12 13:12:00,55.7
2025-06-12 20:39:00,44.3
2025-06-12 19:48:00,88.4
2025-06-12 14:02:00,10.2
2025-06-12 12:45:00,29.5
2025-06-12 19:01:00,4.7
2025-06-12 18:37:00,80.9
2025-06-12 06:53:00,99.4
2025-06-12 23:37:00,37.2
2025-06-12 01:45:00,44.7
2025-06-12 13:56:00,14.7
2025-06-12 07:33:00,50.4
2025-06-12 23:55:00,84.4
2025-06-12 12:41:00,85.4
2025-06-12 13:20:00,5.5
2025-06-12 22:06:00,87.7
2025-06-12 11:42:00,49.44888862615275
2025-06-12 01:50:00,53.1
2025-06-12 17:57:00,49.44888862615275
2025-06-12 01:06:00,49.44888862615275
2025-06-12 07:38:00,38.4
2025-06-12 21:04:00,39.8
2025-06-12 10:36:00,34.1
2025-06-12 09:18:00,55.1
2025-06-12 22:21:00,5.8
2025-06-12 11:53:00,51.3
2025-06-12 14:29:00,26.0
2025-06-12 06:12:00,98.2
2025-06-12 20:38:00,14.1
2025-06-12 10:44:00,49.4
2025-06-12 03:28:00,49.44888862615275
2025-06-12 07:56:00,98.0
2025-06-12 00:11:00,86.1
2025-06-12 11:20:00,83.4
2025-06-12 17:33:00,49.44888862615275
2025-06-12 03:02:00,49.44888862615275
2025-06-12 12:06:00,49.44888862615275
2025-06-12 19:37:00,61.3
2025-06-12 03:17:00,26.8
2025-06-12 00:49:00,60.1
2025-06-12 14:00:00,3.2
2025-06-12 21:01:00,64.9
2025-06-12 14:37:00,77.3
2025-06-12 00:53:00,49.44888862615275
2025-06-12 19:55:00,22.9
2025-06-12 05:10:00,51.7
2025-06-12 12:10:00,49.44888862615275
2025-06-12 19:32:00,33.2
2025-06-12 12:10:00,9.0
2025-06-12 16:42:00,49.44888862615275
2025-06-12 12:50:00,74.9
2025-06-12 16:36:00,84.1
2025-06-12 22:55:00,95.4
2025-06-12 17:52:00,72.5
2025-06-12 10:06:00,70.6
2025-06-12 07:38:00,96.9
2025-06-12 03:25:00,58.7
2025-06-12 15:23:00,59.1
2025-06-12 22:26:00,34.5
2025-06-12 12:00:00,92.6
2025-06-12 15:26:00,91.5
2025-06-12 02:09:00,85.1
2025-06-12 01:06:00,57.1
2025-06-12 02:27:00,55.4
2025-06-12 22:45:00,76.1
2025-06-12 04:33:00,11.2
2025-06-12 14:42:00,87.7
2025-06-12 03:13:00,47.9
2025-06-12 08:49:00,8.0
2025-06-12 02:51:00,23.5
2025-06-12 05:17:00,84.4
2025-06-12 07:35:00,66.3
2025-06-12 11:04:00,92.9
2025-06-12 18:58:00,45.5
2025-06-12 09:51:00,98.6
2025-06-12 08:12:00,98.8
2025-06-12 14:42:00,19.2
2025-06-12 06:03:00,49.953150620754265
2025-06-12 00:04:00,16.0
2025-06-12 00:22:00,96.9
2025-06-12 21:40:00,49.953150620754265
2025-06-12 03:36:00,1.2
2025-06-12 11:39:00,64.0
2025-06-12 09:39:00,85.2
2025-06-12 05:41:00,62.4
2025-06-12 15:12:00,49.953150620754265
2025-06-12 22:51:00,31.8
2025-06-12 12:37:00,22.2
2025-06-12 02:06:00,47.4
2025-06-12 09:11:00,7.5
2025-06-12 19:24:00,35.7
2025-06-12 13:24:00,70.2
2025-06-12 19:36:00,77.4
2025-06-12 10:37:00,46.7
2025-06-12 05:54:00,49.953150620754265
2025-06-12 17:03:00,63.2
2025-06-12 22:14:00,39.9
2025-06-12 07:59:00,18.7
2025-06-12 10:24:00,23.6
2025-06-12 14:09:00,48.4
2025-06-12 03:38:00,63.8
2025-06-12 17:39:00,83.4
2025-06-12 01:19:00,49.953150620754265
2025-06-12 16:56:00,38.0
2025-06-12 18:23:00,24.6
2025-06-12 03:09:00,49.953150620754265
2025-06-12 07:32:00,57.5
2025-06-12 23:41:00,52.2
2025-06-12 14:03:00,32.5
2025-06-12 21:18:00,28.8
2025-06-12 12:13:00,74.6
2025-06-12 00:13:00,90.1
2025-06-12 03:38:00,49.953150620754265
2025-06-12 13:03:00,45.7
2025-06-12 03:09:00,49.953150620754265
2025-06-12 23:04:00,40.7
2025-06-12 23:14:00,71.4
2025-06-12 01:51:00,49.953150620754265
2025-06-12 07:06:00,49.953150620754265
2025-06-12 15:18:00,71.8
2025-06-12 20:00:00,94.7
2025-06-12 07:49:00,24.3
2025-06-12 05:50:00,1.9
2025-06-12 16:53:00,83.9
2025-06-12 20:50:00,36.0
2025-06-12 23:32:00,1.4
2025-06-12 06:47:00,87.2
2025-06-12 16:00:00,68.6
2025-06-12 00:33:00,73.7
2025-06-12 18:12:00,99.0
2025-06-12 01:17:00,98.2
2025-06-12 21:00:00,67.6
2025-06-12 08:32:00,30.6
2025-06-12 15:59:00,97.8
2025-06-12 20:25:00,26.8
2025-06-12 19:25:00,49.953150620754265
2025-06-12 18:32:00,1.5
2025-06-12 01:06:00,27.4
2025-06-12 16:37:00,99.5
2025-06-12 17:44:00,21.2
2025-06-12 22:30:00,61.1
2025-06-12 04:02:00,98.9
2025-06-12 23:41:00,49.953150620754265
2025-06-12 11:34:00,60.1
2025-06-12 12:58:00,53.0
2025-06-12 04:50:00,73.9
2025-06-12 18:40:00,74.7
2025-06-12 15:15:00,3.5
2025-06-12 05:19:00,18.5
2025-06-12 05:45:00,21.8
2025-06-12 18:10:00,77.3
2025-06-12 09:17:00,52.9
2025-06-12 15:37:00,6.8
2025-06-12 10:58:00,94.1
2025-06-12 23:31:00,76.8
2025-06-12 12:43:00,99.9
2025-06-12 13:56:00,13.9
2025-06-12 09:12:00,4.7
2025-06-12 12:32:00,93.0
2025-06-12 19:49:00,49.953150620754265
2025-06-12 22:41:00,14.5
2025-06-12 08:16:00,51.1
2025-06-12 00:41:00,82.8
2025-06-12 13:38:00,21.6
2025-06-12 08:19:00,91.5
2025-06-12 20:10:00,100.0
2025-06-12 05:03:00,16.1
2025-06-12 23:03:00,16.7
2025-06-12 03:48:00,68.9
2025-06-12 20:01:00,9.3
2025-06-12 19:06:00,82.0
2025-06-12 06:21:00,49.953150620754265
2025-06-12 17:43:00,91.8
2025-06-12 07:23:00,55.3
2025-06-12 12:07:00,94.0
2025-06-12 10:09:00,3.2
2025-06-12 10:08:00,49.953150620754265
2025-06-12 05:24:00,49.953150620754265
2025-06-12 03:24:00,58.6
2025-06-12 11:36:00,68.0
2025-06-12 06:23:00,78.5
2025-06-12 22:20:00,61.6
2025-06-12 07:19:00,49.953150620754265
2025-06-12 07:00:00,6.1
2025-06-12 16:44:00,15.9
2025-06-12 13:24:00,37.3
2025-06-12 07:58:00,24.1
2025-06-12 16:21:00,8.3
2025-06-12 10:38:00,49.953150620754265
2025-06-12 15:50:00,60.9
2025-06-12 13:45:00,20.0
2025-06-12 01:37:00,94.0
2025-06-12 00:36:00,71.1
2025-06-12 17:02:00,31.1
2025-06-12 02:00:00,92.8
2025-06-12 19:16:00,69.8
2025-06-12 01:21:00,12.8
2025-06-12 13:26:00,5.8
2025-06-12 22:13:00,7.1
2025-06-12 12:09:00,33.1
2025-06-12 09:34:00,49.953150620754265
2025-06-12 03:18:00,46.7
2025-06-12 19:40:00,62.2
2025-06-12 00:35:00,46.7
2025-06-12 06:30:00,85.4
2025-06-12 21:54:00,35.8
2025-06-12 09:36:00,49.953150620754265
2025-06-12 13:47:00,64.1
2025-06-12 21:59:00,6.0
2025-06-12 23:35:00,49.953150620754265
2025-06-12 08:28:00,24.8
2025-06-12 02:00:00,94.4
2025-06-12 01:22:00,47.9
2025-06-12 07:43:00,56.1
2025-06-12 01:16:00,12.0
2025-06-12 16:07:00,49.0
2025-06-12 19:27:00,8.6
2025-06-12 07:29:00,56.2
2025-06-12 19:15:00,49.953150620754265
2025-06-12 01:10:00,22.9
2025-06-12 06:52:00,7.8
2025-06-12 08:55:00,10.8
2025-06-12 14:14:00,21.9
2025-06-12 06:29:00,50.2
2025-06-12 04:49:00,77.6
2025-06-12 08:38:00,49.953150620754265
2025-06-12 13:41:00,82.7
2025-06-12 07:31:00,77.0
2025-06-12 01:48:00,45.8
2025-06-12 04:21:00,51.9
2025-06-12 07:30:00,19.5
2025-06-12 00:57:00,49.953150620754265
2025-06-12 10:01:00,93.3
2025-06-12 23:04:00,20.8
2025-06-12 19:55:00,56.1
2025-06-12 18:37:00,41.9
2025-06-12 23:09:00,57.1
2025-06-12 10:25:00,37.5
2025-06-12 08:02:00,53.4
2025-06-12 03:30:00,20.0
2025-06-12 19:32:00,54.4
2025-06-12 13:35:00,74.9
2025-06-12 03:18:00,24.5
2025-06-12 22:19:00,21.4
2025-06-12 15:00:00,7.7
2025-06-12 07:10:00,57.7
2025-06-12 14:31:00,53.1
2025-06-12 16:59:00,14.9
2025-06-12 12:57:00,49.953150620754265
2025-06-12 21:52:00,34.1
2025-06-12 18:12:00,49.953150620754265
2025-06-12 06:27:00,10.2
2025-06-12 10:48:00,49.953150620754265
2025-06-12 18:24:00,52.6
2025-06-12 06:36:00,33.9
2025-06-12 06:05:00,49.953150620754265
2025-06-12 21:14:00,15.0
2025-06-12 04:06:00,42.0
2025-06-12 09:27:00,56.3
2025-06-12 19:23:00,46.0
2025-06-12 01:26:00,76.0
2025-06-12 18:32:00,63.4
2025-06-12 04:12:00,68.2
2025-06-12 02:08:00,42.9
2025-06-12 12:55:00,21.2
2025-06-12 21:31:00,75.7
2025-06-12 15:38:00,49.953150620754265
2025-06-12 19:58:00,86.5
2025-06-12 14:02:00,92.6
2025-06-12 18:29:00,90.4
2025-06-12 00:28:00,77.0
2025-06-12 14:40:00,39.2
2025-06-12 13:21:00,0.6
2025-06-12 13:39:00,36.1
2025-06-12 22:23:00,79.8
2025-06-12 16:35:00,8.7
2025-06-12 20:28:00,49.953150620754265
2025-06-12 10:23:00,33.5
2025-06-12 01:27:00,49.953150620754265
2025-06-12 12:37:00,49.953150620754265
2025-06-12 05:35:00,82.8
2025-06-12 03:51:00,41.9
2025-06-12 22:14:00,70.6
2025-06-12 21:17:00,49.953150620754265
2025-06-12 06:58:00,75.0
2025-06-12 09:48:00,53.9
2025-06-12 21:25:00,49.953150620754265
2025-06-12 03:48:00,7.4
2025-06-12 00:35:00,78.9
2025-06-12 06:09:00,86.5
2025-06-12 21:17:00,68.3
2025-06-12 00:57:00,49.9
2025-06-12 20:23:00,56.1
2025-06-12 12:19:00,76.2
2025-06-12 11:53:00,59.8
2025-06-12 14:21:00,19.8
2025-06-12 17:22:00,93.2
2025-06-12 22:58:00,92.5
2025-06-12 00:39:00,50.1
2025-06-12 13:14:00,8.9
2025-06-12 01:11:00,66.1
2025-06-12 22:30:00,95.8
2025-06-12 07:32:00,87.6
2025-06-12 02:44:00,25.7
2025-06-12 14:36:00,77.6
2025-06-12 15:23:00,49.953150620754265
2025-06-12 22:43:00,49.953150620754265
2025-06-12 20:52:00,89.9
2025-06-12 04:47:00,49.953150620754265
2025-06-12 02:10:00,80.1
2025-06-12 05:42:00,49.953150620754265
2025-06-12 11:32:00,2.2
2025-06-12 07:26:00,8.2
2025-06-12 02:03:00,49.953150620754265
2025-06-12 05:15:00,26.4
2025-06-12 10:42:00,10.3
2025-06-12 14:09:00,49.953150620754265
2025-06-12 04:08:00,73.0
2025-06-12 03:09:00,44.8
2025-06-12 09:15:00,54.8
2025-06-12 15:13:00,52.6
2025-06-12 09:22:00,97.6
2025-06-12 05:08:00,76.9
2025-06-12 05:43:00,34.3
2025-06-12 18:18:00,55.8
2025-06-12 22:09:00,63.3
2025-06-12 16:40:00,49.953150620754265
2025-06-12 14:49:00,49.953150620754265
2025-06-12 19:19:00,15.4
2025-06-12 19:28:00,91.1
2025-06-12 03:52:00,6.9
2025-06-12 10:56:00,13.8
2025-06-12 05:30:00,28.1
2025-06-12 06:05:00,14.5
2025-06-12 09:52:00,13.3
2025-06-12 01:04:00,49.953150620754265
2025-06-12 06:57:00,2.5
2025-06-12 02:17:00,49.953150620754265
2025-06-12 01:21:00,49.953150620754265
2025-06-12 07:16:00,64.4
2025-06-12 14:24:00,79.8
2025-06-12 04:29:00,93.3
2025-06-12 07:22:00,40.3
2025-06-12 11:13:00,79.8
2025-06-12 17:45:00,77.7
2025-06-12 13:55:00,61.7
2025-06-12 04:30:00,52.1
2025-06-12 04:15:00,49.953150620754265
2025-06-12 04:38:00,69.0
2025-06-12 23:28:00,74.8
2025-06-12 05:47:00,46.2
2025-06-12 21:14:00,73.4
2025-06-12 02:42:00,27.6
2025-06-12 17:26:00,93.9
2025-06-12 07:56:00,14.5
2025-06-12 14:25:00,9.2
2025-06-12 06:53:00,27.1
2025-06-12 01:18:00,9.7
2025-06-12 07:13:00,49.953150620754265
2025-06-12 05:37:00,16.9
2025-06-12 21:49:00,16.5
2025-06-12 19:34:00,83.0
2025-06-12 06:42:00,49.953150620754265
2025-06-12 14:28:00,19.5
2025-06-12 02:34:00,21.5
2025-06-12 09:15:00,35.9
2025-06-12 07:20:00,1.1
2025-06-12 03:11:00,74.8
2025-06-12 08:47:00,1.7
2025-06-12 16:57:00,59.3
2025-06-12 00:18:00,20.1
2025-06-12 23:15:00,49.58899212042808
2025-06-12 17:14:00,6.3
2025-06-12 00:09:00,49.58899212042808
2025-06-12 17:55:00,45.9
2025-06-12 21:38:00,73.6
2025-06-12 09:18:00,34.0
2025-06-12 05:12:00,40.6
2025-06-12 13:03:00,3.4
2025-06-12 03:36:00,5.0
2025-06-12 00:20:00,39.7
2025-06-12 06:29:00,49.58899212042808
2025-06-12 12:00:00,26.4
2025-06-12 02:58:00,74.1
2025-06-12 06:45:00,10.0
2025-06-12 20:26:00,29.6
2025-06-12 04:43:00,87.2
2025-06-12 03:27:00,49.9
2025-06-12 09:48:00,63.1
2025-06-12 19:00:00,49.58899212042808
2025-06-12 01:33:00,29.5
2025-06-12 18:25:00,49.58899212042808
2025-06-12 08:02:00,25.1
2025-06-12 02:54:00,65.6
2025-06-12 11:38:00,6.3
2025-06-12 02:40:00,81.1
2025-06-12 04:30:00,67.9
2025-06-12 10:24:00,49.58899212042808
2025-06-12 13:55:00,24.8
2025-06-12 08:47:00,49.58899212042808
2025-06-12 01:37:00,43.6
2025-06-12 09:08:00,7.0
2025-06-12 23:50:00,98.5
2025-06-12 19:56:00,98.4
2025-06-12 01:47:00,76.6
2025-06-12 13:12:00,39.6
2025-06-12 18:08:00,45.6
2025-06-12 11:06:00,38.5
2025-06-12 14:38:00,49.58899212042808
2025-06-12 22:50:00,9.3
2025-06-12 08:30:00,65.5
2025-06-12 01:53:00,49.58899212042808
2025-06-12 00:55:00,57.1
2025-06-12 23:33:00,71.5
2025-06-12 11:24:00,73.9
2025-06-12 15:09:00,85.2
2025-06-12 17:30:00,21.9
2025-06-12 01:23:00,35.9
2025-06-12 20:01:00,72.9
2025-06-12 07:33:00,15.5
2025-06-12 05:09:00,49.58899212042808
2025-06-12 06:52:00,11.4
2025-06-12 08:16:00,59.4
2025-06-12 16:35:00,49.58899212042808
2025-06-12 09:14:00,50.9
2025-06-12 23:09:00,47.7
2025-06-12 10:49:00,74.3
2025-06-12 09:33:00,31.8
2025-06-12 07:54:00,80.8
2025-06-12 08:39:00,34.1
2025-06-12 02:03:00,72.7
2025-06-12 18:33:00,70.1
2025-06-12 10:20:00,91.6
2025-06-12 10:27:00,86.6
2025-06-12 06:56:00,68.2
2025-06-12 11:33:00,40.8
2025-06-12 07:12:00,45.9
2025-06-12 05:28:00,52.8
2025-06-12 12:47:00,45.3
2025-06-12 01:39:00,96.5
2025-06-12 10:59:00,79.6
2025-06-12 20:45:00,19.2
2025-06-12 03:50:00,49.58899212042808
2025-06-12 14:37:00,44.3
2025-06-12 10:49:00,66.6
2025-06-12 11:07:00,49.58899212042808
2025-06-12 01:55:00,99.3
2025-06-12 10:02:00,85.0
2025-06-12 07:19:00,81.1
2025-06-12 00:57:00,83.6
2025-06-12 10:46:00,53.9
2025-06-12 09:30:00,49.8
2025-06-12 15:32:00,83.5
2025-06-12 01:50:00,32.4
2025-06-12 11:35:00,20.6
2025-06-12 07:29:00,44.1
2025-06-12 22:47:00,97.8
2025-06-12 23:19:00,24.4
2025-06-12 09:02:00,42.5
2025-06-12 19:47:00,49.58899212042808
2025-06-12 17:11:00,49.58899212042808
2025-06-12 01:38:00,8.7
2025-06-12 02:09:00,3.9
2025-06-12 06:08:00,61.2
2025-06-12 08:53:00,49.58899212042808
2025-06-12 18:19:00,99.6
2025-06-12 16:55:00,25.2
2025-06-12 23:45:00,24.8
2025-06-12 17:33:00,20.4
2025-06-12 21:51:00,66.4
2025-06-12 23:38:00,49.58899212042808
2025-06-12 14:05:00,68.2
2025-06-12 20:05:00,49.58899212042808
2025-06-12 16:30:00,84.5
2025-06-12 16:03:00,32.6
2025-06-12 04:50:00,12.4
2025-06-12 04:30:00,49.58899212042808
2025-06-12 08:09:00,26.4
2025-06-12 22:07:00,49.58899212042808
2025-06-12 02:58:00,49.58899212042808
2025-06-12 04:42:00,30.2
2025-06-12 08:00:00,36.5
2025-06-12 09:22:00,99.7
2025-06-12 17:37:00,28.7
2025-06-12 21:58:00,68.8
2025-06-12 20:37:00,35.6
2025-06-12 21:07:00,66.9
2025-06-12 09:39:00,74.8
2025-06-12 18:32:00,86.5
2025-06-12 19:56:00,66.6
2025-06-12 16:03:00,59.6
2025-06-12 13:18:00,29.1
2025-06-12 06:42:00,89.9
2025-06-12 17:04:00,76.8
2025-06-12 01:15:00,16.2
2025-06-12 07:59:00,59.5
2025-06-12 08:20:00,21.5
2025-06-12 04:49:00,74.5
2025-06-12 09:44:00,34.4
2025-06-12 00:25:00,76.6
2025-06-12 01:24:00,49.58899212042808
2025-06-12 00:59:00,49.58899212042808
2025-06-12 18:05:00,1.1
2025-06-12 21:19:00,49.58899212042808
2025-06-12 18:26:00,73.1
2025-06-12 07:24:00,62.0
2025-06-12 14:15:00,18.4
2025-06-12 14:49:00,0.1
2025-06-12 04:06:00,71.7
2025-06-12 11:55:00,49.0
2025-06-12 16:17:00,84.5
2025-06-12 16:41:00,57.5
2025-06-12 06:19:00,43.6
2025-06-12 18:47:00,97.1
2025-06-12 14:43:00,28.9
2025-06-12 13:48:00,11.8
2025-06-12 16:13:00,78.6
2025-06-12 23:12:00,49.58899212042808
2025-06-12 23:55:00,48.9
2025-06-12 17:42:00,17.5
2025-06-12 19:38:00,75.4
2025-06-12 05:13:00,58.5
2025-06-12 19:03:00,95.1
2025-06-12 16:40:00,55.3
2025-06-12 21:42:00,46.2
2025-06-12 23:35:00,40.1
2025-06-12 19:43:00,35.2
2025-06-12 09:40:00,16.6
2025-06-12 17:47:00,51.6
2025-06-12 19:00:00,41.8
2025-06-12 14:29:00,96.0
2025-06-12 22:36:00,49.58899212042808
2025-06-12 14:33:00,12.8
2025-06-12 10:04:00,79.5
2025-06-12 07:50:00,80.0
2025-06-12 12:07:00,93.2
2025-06-12 04:58:00,49.58899212042808
2025-06-12 22:03:00,28.6
2025-06-12 03:16:00,19.6
2025-06-12 23:08:00,83.8
2025-06-12 15:08:00,89.9
2025-06-12 16:20:00,57.5
2025-06-12 02:07:00,86.4
2025-06-12 20:39:00,71.8
2025-06-12 02:06:00,6.9
2025-06-12 13:21:00,62.8
2025-06-12 20:12:00,92.2
2025-06-12 17:05:00,37.2
2025-06-12 07:04:00,51.6
2025-06-12 18:20:00,13.0
2025-06-12 17:06:00,71.8
2025-06-12 02:57:00,58.7
2025-06-12 01:15:00,49.58899212042808
2025-06-12 18:13:00,49.58899212042808
2025-06-12 08:55:00,97.3
2025-06-12 07:49:00,88.5
2025-06-12 12:33:00,75.6
2025-06-12 23:00:00,49.58899212042808
2025-06-12 17:51:00,37.0
2025-06-12 22:14:00,63.9
2025-06-12 21:35:00,11.1
2025-06-12 05:03:00,33.9
2025-06-12 17:15:00,22.1
2025-06-12 21:28:00,49.58899212042808
2025-06-12 14:22:00,68.8
2025-06-12 10:00:00,47.7
2025-06-12 13:37:00,93.9
2025-06-12 01:20:00,20.2
2025-06-12 22:41:00,92.4
2025-06-12 08:40:00,3.4
2025-06-12 08:30:00,71.3
2025-06-12 05:53:00,27.6
2025-06-12 16:37:00,64.8
2025-06-12 11:49:00,96.7
2025-06-12 10:52:00,100.0
2025-06-12 03:37:00,49.58899212042808
2025-06-12 05:12:00,82.7
2025-06-12 23:27:00,49.58899212042808
2025-06-12 03:07:00,35.2
2025-06-12 21:23:00,1.9
2025-06-12 16:51:00,7.0
2025-06-12 18:39:00,81.2
2025-06-12 23:51:00,9.3
2025-06-12 00:17:00,82.2
2025-06-12 14:40:00,19.0
2025-06-12 17:42:00,35.5
2025-06-12 02:36:00,93.4
2025-06-12 07:42:00,49.58899212042808
2025-06-12 07:20:00,6.8
2025-06-12 19:08:00,22.9
2025-06-12 16:43:00,84.2
2025-06-12 17:08:00,3.2
2025-06-12 16:42:00,45.4
2025-06-12 07:41:00,23.6
2025-06-12 18:48:00,72.3
2025-06-12 06:39:00,52.8
2025-06-12 01:58:00,78.8
2025-06-12 18:53:00,30.3
2025-06-12 17:42:00,2.7
2025-06-12 07:37:00,95.2
2025-06-12 17:50:00,49.58899212042808
2025-06-12 15:51:00,25.8
2025-06-12 04:32:00,41.7
2025-06-12 03:19:00,48.1
2025-06-12 23:53:00,56.1
2025-06-12 07:56:00,98.8
2025-06-12 06:02:00,25.8
2025-06-12 21:26:00,55.5
2025-06-12 15:07:00,49.58899212042808
2025-06-12 02:41:00,53.1
2025-06-12 10:27:00,49.58899212042808
2025-06-12 12:34:00,49.58899212042808
2025-06-12 00:28:00,40.6
2025-06-12 13:01:00,16.9
2025-06-12 07:54:00,92.2
2025-06-12 12:05:00,49.58899212042808
2025-06-12 01:51:00,97.5
2025-06-12 04:51:00,35.8
2025-06-12 15:19:00,70.6
2025-06-12 01:30:00,49.58899212042808
2025-06-12 05:10:00,60.8
2025-06-12 19:10:00,12.0
2025-06-12 00:29:00,95.7
2025-06-12 05:57:00,46.5
2025-06-12 22:14:00,58.4
2025-06-12 23:11:00,7.3
2025-06-12 21:37:00,61.8
2025-06-12 23:04:00,15.9
2025-06-12 21:26:00,11.0
2025-06-12 01:39:00,95.1
2025-06-12 17:02:00,41.9
2025-06-12 19:54:00,67.6
2025-06-12 00:31:00,89.9
2025-06-12 23:50:00,17.0
2025-06-12 19:11:00,49.58899212042808
2025-06-12 04:04:00,97.8
2025-06-12 18:04:00,83.1
2025-06-12 09:39:00,16.9
2025-06-12 03:05:00,49.58899212042808
2025-06-12 03:22:00,70.7
2025-06-12 05:53:00,45.5
2025-06-12 03:46:00,32.5
2025-06-12 16:17:00,49.58899212042808
2025-06-12 04:33:00,96.3
2025-06-12 01:21:00,23.1
2025-06-12 16:13:00,49.58899212042808
2025-06-12 11:15:00,43.0
2025-06-12 01:28:00,23.5
2025-06-12 16:35:00,49.58899212042808
2025-06-12 21:36:00,49.58899212042808
2025-06-12 20:50:00,65.8
2025-06-12 02:21:00,73.2
2025-06-12 02:25:00,85.9
2025-06-12 02:42:00,73.9
2025-06-12 19:53:00,97.3
2025-06-12 20:05:00,55.7
2025-06-12 19:10:00,2.5
2025-06-12 20:26:00,82.7
2025-06-12 02:08:00,4.0
2025-06-12 23:25:00,49.2
2025-06-12 21:53:00,20.2
2025-06-12 02:23:00,21.7
2025-06-12 22:05:00,65.5
2025-06-12 20:27:00,16.3
2025-06-12 08:35:00,26.7
2025-06-12 13:00:00,89.8
2025-06-12 06:41:00,11.1
2025-06-12 11:31:00,33.7
2025-06-12 10:41:00,92.7
2025-06-12 22:51:00,49.1
2025-06-12 00:10:00,86.9
2025-06-12 13:22:00,66.0
2025-06-12 03:38:00,49.58899212042808
2025-06-12 20:42:00,49.58899212042808
2025-06-12 00:14:00,26.7
2025-06-12 04:16:00,79.3
2025-06-12 19:20:00,67.8
2025-06-12 22:07:00,49.58899212042808
2025-06-12 13:31:00,79.9
2025-06-12 21:15:00,74.1
2025-06-12 19:39:00,38.7
2025-06-12 10:47:00,49.58899212042808
2025-06-12 01:11:00,60.7
2025-06-12 05:56:00,81.7
2025-06-12 02:57:00,78.6
2025-06-12 04:26:00,69.3
2025-06-12 11:26:00,32.2
2025-06-12 06:27:00,47.8
2025-06-12 22:42:00,25.1
2025-06-12 12:46:00,26.2
2025-06-12 22:24:00,23.3
2025-06-12 21:01:00,47.7
2025-06-12 13:39:00,15.8
2025-06-12 09:44:00,99.6
2025-06-12 20:33:00,14.5
2025-06-12 18:05:00,49.58899212042808
2025-06-12 06:49:00,59.2
2025-06-12 00:41:00,7.1
2025-06-12 23:34:00,92.0
2025-06-12 00:39:00,58.1
2025-06-12 21:52:00,89.0
2025-06-12 00:12:00,67.3
2025-06-12 20:26:00,18.4
2025-06-12 17:40:00,66.2
2025-06-12 21:40:00,37.9
2025-06-12 19:02:00,93.4
2025-06-12 08:28:00,90.6
2025-06-12 01:07:00,42.4
2025-06-12 01:20:00,13.7
2025-06-12 08:06:00,86.4
2025-06-12 08:00:00,49.58899212042808
2025-06-12 08:44:00,56.0
2025-06-12 11:07:00,27.1
2025-06-12 11:42:00,70.3
2025-06-12 06:06:00,83.3
2025-06-12 00:34:00,54.6
2025-06-12 04:51:00,66.2
2025-06-12 06:05:00,87.9
2025-06-12 02:16:00,20.6
2025-06-12 03:29:00,91.8
2025-06-12 17:08:00,32.4
2025-06-12 05:58:00,49.58899212042808
2025-06-12 19:36:00,24.2
2025-06-12 23:56:00,56.7
2025-06-12 10:21:00,24.5
2025-06-12 07:08:00,0.2
2025-06-12 19:50:00,61.0
2025-06-12 03:02:00,21.2
2025-06-12 07:05:00,58.2
2025-06-12 07:05:00,50.2977004785806
2025-06-12 20:58:00,88.1
2025-06-12 05:05:00,12.3
2025-06-12 09:49:00,50.2977004785806
2025-06-12 15:19:00,60.3
2025-06-12 14:30:00,71.4
2025-06-12 00:44:00,37.2
2025-06-12 21:24:00,37.9
2025-06-12 01:49:00,24.3
2025-06-12 23:46:00,60.7
2025-06-12 12:56:00,81.2
2025-06-12 21:52:00,65.8
2025-06-12 18:40:00,41.7
2025-06-12 05:08:00,37.0
2025-06-12 08:39:00,89.5
2025-06-12 02:27:00,97.8
2025-06-12 08:45:00,50.2977004785806
2025-06-12 10:38:00,20.6
2025-06-12 00:29:00,60.8
2025-06-12 10:57:00,17.7
2025-06-12 10:14:00,55.6
2025-06-12 23:44:00,80.5
2025-06-12 14:59:00,64.8
2025-06-12 22:53:00,45.3
2025-06-12 14:22:00,34.5
2025-06-12 19:23:00,60.2
2025-06-12 15:24:00,17.9
2025-06-12 05:00:00,22.8
2025-06-12 21:08:00,33.8
2025-06-12 11:15:00,75.4
2025-06-12 22:48:00,50.2977004785806
2025-06-12 09:56:00,50.2977004785806
2025-06-12 00:18:00,94.5
2025-06-12 22:17:00,68.7
2025-06-12 06:22:00,17.0
2025-06-12 21:55:00,61.4
2025-06-12 12:36:00,56.8
2025-06-12 18:51:00,50.2977004785806
2025-06-12 21:54:00,50.2977004785806
2025-06-12 23:49:00,28.2
2025-06-12 18:06:00,64.0
2025-06-12 22:46:00,55.5
2025-06-12 16:14:00,50.2977004785806
2025-06-12 05:20:00,77.9
2025-06-12 12:48:00,62.6
2025-06-12 03:07:00,10.8
2025-06-12 09:10:00,57.0
2025-06-12 13:07:00,72.6
2025-06-12 02:04:00,31.9
2025-06-12 09:44:00,66.7
2025-06-12 09:42:00,80.1
2025-06-12 16:13:00,50.2977004785806
2025-06-12 22:48:00,43.4
2025-06-12 19:49:00,35.2
2025-06-12 21:06:00,30.3
2025-06-12 08:43:00,20.4
2025-06-12 05:10:00,41.0
2025-06-12 05:09:00,46.6
2025-06-12 14:51:00,1.5
2025-06-12 14:09:00,32.1
2025-06-12 09:56:00,50.2977004785806
2025-06-12 18:00:00,92.7
2025-06-12 21:54:00,44.1
2025-06-12 20:05:00,18.7
2025-06-12 20:09:00,26.0
2025-06-12 08:13:00,49.8
2025-06-12 12:34:00,92.7
2025-06-12 23:10:00,50.2977004785806
2025-06-12 02:43:00,32.6
2025-06-12 01:19:00,74.6
2025-06-12 06:55:00,51.9
2025-06-12 08:35:00,99.8
2025-06-12 01:46:00,80.6
2025-06-12 03:37:00,65.8
2025-06-12 06:18:00,35.0
2025-06-12 19:31:00,2.6
2025-06-12 10:15:00,88.6
2025-06-12 12:17:00,50.3
2025-06-12 19:41:00,71.4
2025-06-12 13:09:00,11.7
2025-06-12 02:44:00,20.4
2025-06-12 21:16:00,98.7
2025-06-12 17:04:00,10.7
2025-06-12 07:14:00,71.1
2025-06-12 09:40:00,50.2977004785806
2025-06-12 14:10:00,64.3
2025-06-12 16:14:00,87.4
2025-06-12 17:53:00,50.2977004785806
2025-06-12 19:30:00,39.9
2025-06-12 20:02:00,92.7
2025-06-12 03:09:00,21.3
2025-06-12 01:05:00,94.6
2025-06-12 02:48:00,66.6
2025-06-12 18:32:00,38.6
2025-06-12 13:12:00,50.9
2025-06-12 06:59:00,1.1
2025-06-12 16:41:00,19.1
2025-06-12 14:17:00,65.3
2025-06-12 09:07:00,50.2977004785806
2025-06-12 10:46:00,38.0
2025-06-12 00:55:00,85.1
2025-06-12 20:44:00,1.8
2025-06-12 09:33:00,18.5
2025-06-12 09:54:00,61.9
2025-06-12 00:00:00,50.2977004785806
2025-06-12 12:35:00,77.8
2025-06-12 04:58:00,97.0
2025-06-12 12:06:00,69.1
2025-06-12 12:54:00,50.2977004785806
2025-06-12 03:46:00,60.9
2025-06-12 11:57:00,99.1
2025-06-12 10:20:00,35.1
2025-06-12 18:14:00,2.1
2025-06-12 03:16:00,11.8
2025-06-12 03:28:00,66.5
2025-06-12 07:26:00,2.7
2025-06-12 02:58:00,73.0
2025-06-12 13:12:00,48.9
2025-06-12 10:57:00,42.8
2025-06-12 08:12:00,29.4
2025-06-12 16:34:00,82.3
2025-06-12 11:01:00,50.2977004785806
2025-06-12 18:49:00,93.3
2025-06-12 03:36:00,29.8
2025-06-12 03:13:00,62.7
2025-06-12 06:20:00,50.2977004785806
2025-06-12 02:22:00,13.6
2025-06-12 06:23:00,64.7
2025-06-12 14:41:00,93.8
2025-06-12 01:29:00,10.5
2025-06-12 21:09:00,11.9
2025-06-12 11:05:00,73.9
2025-06-12 19:06:00,27.2
2025-06-12 23:03:00,9.9
2025-06-12 17:00:00,43.2
2025-06-12 04:30:00,0.4
2025-06-12 22:12:00,40.1
2025-06-12 00:42:00,28.9
2025-06-12 07:42:00,37.2
2025-06-12 01:29:00,81.3
2025-06-12 18:57:00,47.5
2025-06-12 00:51:00,50.2977004785806
2025-06-12 06:57:00,16.9
2025-06-12 12:52:00,51.7
2025-06-12 00:20:00,73.5
2025-06-12 06:53:00,89.0
2025-06-12 06:40:00,62.7
2025-06-12 23:14:00,98.2
2025-06-12 15:12:00,82.6
2025-06-12 17:01:00,25.6
2025-06-12 21:58:00,10.2
2025-06-12 12:02:00,98.5
2025-06-12 16:31:00,34.5
2025-06-12 02:36:00,70.3
2025-06-12 05:08:00,50.2977004785806
2025-06-12 19:48:00,70.9
2025-06-12 04:41:00,32.0
2025-06-12 03:03:00,90.8
2025-06-12 17:33:00,14.5
2025-06-12 16:39:00,98.2
2025-06-12 02:05:00,19.6
2025-06-12 01:22:00,68.6
2025-06-12 13:05:00,11.4
2025-06-12 09:09:00,36.6
2025-06-12 19:22:00,11.8
2025-06-12 20:34:00,61.4
2025-06-12 11:18:00,61.8
2025-06-12 16:47:00,35.2
2025-06-12 10:07:00,90.4
2025-06-12 13:42:00,99.7
2025-06-12 16:04:00,3.8
2025-06-12 06:10:00,95.0
2025-06-12 01:19:00,82.3
2025-06-12 15:11:00,96.1
2025-06-12 21:10:00,50.2977004785806
2025-06-12 15:02:00,65.0
2025-06-12 09:22:00,9.7
2025-06-12 23:39:00,50.2977004785806
2025-06-12 03:32:00,50.2977004785806
2025-06-12 23:57:00,91.6
2025-06-12 10:06:00,79.8
2025-06-12 04:50:00,65.9
2025-06-12 00:49:00,58.6
2025-06-12 22:02:00,98.2
2025-06-12 15:47:00,92.5
2025-06-12 00:19:00,13.2
2025-06-12 09:00:00,68.7
2025-06-12 01:54:00,54.2
2025-06-12 09:32:00,50.2977004785806
2025-06-12 22:07:00,50.2977004785806
2025-06-12 23:28:00,7.4
2025-06-12 22:41:00,78.2
2025-06-12 11:57:00,31.1
2025-06-12 14:52:00,84.0
2025-06-12 03:04:00,37.7
2025-06-12 18:21:00,93.6
2025-06-12 13:44:00,16.3
2025-06-12 21:15:00,5.0
2025-06-12 14:11:00,21.0
2025-06-12 23:22:00,30.1
2025-06-12 17:24:00,4.9
2025-06-12 08:16:00,72.6
2025-06-12 04:22:00,50.2977004785806
2025-06-12 21:50:00,59.0
2025-06-12 12:28:00,61.4
2025-06-12 06:45:00,50.2977004785806
2025-06-12 15:21:00,58.8
2025-06-12 11:47:00,50.2977004785806
2025-06-12 17:22:00,82.4
2025-06-12 20:09:00,63.3
2025-06-12 17:36:00,57.6
2025-06-12 03:14:00,48.4
2025-06-12 20:15:00,23.8
2025-06-12 00:40:00,47.2
2025-06-12 01:12:00,95.2
2025-06-12 15:22:00,65.8
2025-06-12 16:54:00,94.8
2025-06-12 00:13:00,14.4
2025-06-12 23:44:00,50.2977004785806
2025-06-12 10:51:00,11.1
2025-06-12 22:20:00,96.1
2025-06-12 05:19:00,36.6
2025-06-12 13:27:00,30.3
2025-06-12 13:21:00,50.2977004785806
2025-06-12 03:43:00,50.2977004785806
2025-06-12 10:15:00,41.1
2025-06-12 06:11:00,91.2
2025-06-12 19:19:00,6.0
2025-06-12 16:23:00,26.6
2025-06-12 10:46:00,85.1
2025-06-12 08:10:00,40.1
2025-06-12 00:04:00,28.5
2025-06-12 07:04:00,45.3
2025-06-12 01:47:00,73.1
2025-06-12 08:05:00,50.2977004785806
2025-06-12 08:06:00,50.2977004785806
2025-06-12 07:20:00,97.8
2025-06-12 16:46:00,14.8
2025-06-12 15:48:00,73.8
2025-06-12 02:32:00,75.4
2025-06-12 22:17:00,7.2
2025-06-12 01:25:00,8.1
2025-06-12 06:33:00,0.6
2025-06-12 06:08:00,69.5
2025-06-12 07:51:00,2.7
2025-06-12 21:08:00,75.5
2025-06-12 23:24:00,98.4
2025-06-12 16:01:00,50.2977004785806
2025-06-12 04:21:00,82.1
2025-06-12 20:43:00,76.2
2025-06-12 12:41:00,6.3
2025-06-12 09:38:00,12.9
2025-06-12 00:59:00,12.5
2025-06-12 17:15:00,50.2977004785806
2025-06-12 00:35:00,73.4
2025-06-12 12:26:00,52.8
2025-06-12 21:37:00,50.2977004785806
2025-06-12 06:35:00,50.2977004785806
2025-06-12 19:58:00,40.1
2025-06-12 12:26:00,58.4
2025-06-12 11:20:00,22.1
2025-06-12 21:19:00,58.6
2025-06-12 09:03:00,94.8
2025-06-12 17:15:00,76.9
2025-06-12 01:59:00,30.6
2025-06-12 13:16:00,50.2977004785806
2025-06-12 18:48:00,28.9
2025-06-12 17:21:00,83.5
2025-06-12 00:33:00,97.6
2025-06-12 06:19:00,32.9
2025-06-12 23:55:00,15.2
2025-06-12 15:15:00,75.8
2025-06-12 12:05:00,60.7
2025-06-12 02:38:00,14.5
2025-06-12 21:39:00,50.2977004785806
2025-06-12 12:16:00,8.7
2025-06-12 21:04:00,69.4
2025-06-12 13:15:00,79.3
2025-06-12 22:28:00,43.3
2025-06-12 23:24:00,70.0
2025-06-12 04:12:00,39.0
2025-06-12 16:37:00,92.4
2025-06-12 20:56:00,98.2
2025-06-12 23:32:00,50.2977004785806
2025-06-12 20:37:00,94.3
2025-06-12 23:32:00,59.6
2025-06-12 02:35:00,2.2
2025-06-12 07:15:00,80.1
2025-06-12 03:38:00,75.4
2025-06-12 00:57:00,51.2
2025-06-12 19:57:00,14.5
2025-06-12 11:03:00,55.7
2025-06-12 18:44:00,81.5
2025-06-12 00:53:00,25.9
2025-06-12 13:06:00,74.6
2025-06-12 19:19:00,50.2977004785806
2025-06-12 11:30:00,5.0
2025-06-12 07:31:00,17.7
2025-06-12 00:28:00,3.1
2025-06-12 20:40:00,76.5
2025-06-12 21:26:00,50.2977004785806
2025-06-12 06:57:00,98.3
2025-06-12 11:25:00,28.7
2025-06-12 07:19:00,50.2977004785806
2025-06-12 14:16:00,43.3
2025-06-12 21:46:00,8.8
2025-06-12 05:08:00,46.9
2025-06-12 02:07:00,28.1
2025-06-12 02:19:00,16.4
2025-06-12 07:00:00,50.2977004785806
2025-06-12 07:04:00,51.1
2025-06-12 17:08:00,24.2
2025-06-12 17:40:00,8.9
2025-06-12 22:30:00,13.1
2025-06-12 08:24:00,60.1
2025-06-12 08:46:00,22.0
2025-06-12 13:08:00,50.2977004785806
2025-06-12 18:24:00,48.0
2025-06-12 07:23:00,50.2977004785806
2025-06-12 02:26:00,18.3
2025-06-12 13:23:00,32.8
2025-06-12 09:03:00,98.7
2025-06-12 06:20:00,44.8
2025-06-12 09:30:00,46.7
2025-06-12 10:22:00,92.7
2025-06-12 03:57:00,50.2977004785806
2025-06-12 01:04:00,49.82536769031651
2025-06-12 08:03:00,86.6
2025-06-12 21:08:00,9.3
2025-06-12 10:01:00,89.9
2025-06-12 20:53:00,2.3
2025-06-12 18:15:00,51.9
2025-06-12 05:11:00,54.0
2025-06-12 18:18:00,50.1
2025-06-12 12:01:00,59.9
2025-06-12 14:50:00,60.9
2025-06-12 08:19:00,70.1
2025-06-12 09:58:00,49.82536769031651
2025-06-12 01:46:00,58.9
2025-06-12 02:01:00,87.5
2025-06-12 01:59:00,33.7
2025-06-12 01:09:00,98.8
2025-06-12 23:35:00,49.82536769031651
2025-06-12 21:53:00,43.0
2025-06-12 02:39:00,34.7
2025-06-12 13:13:00,77.7
2025-06-12 18:52:00,47.0
2025-06-12 16:39:00,49.82536769031651
2025-06-12 18:51:00,78.7
2025-06-12 12:11:00,40.4
2025-06-12 09:55:00,62.2
2025-06-12 13:19:00,44.2
2025-06-12 07:51:00,86.9
2025-06-12 19:32:00,41.1
2025-06-12 10:59:00,49.82536769031651
2025-06-12 08:21:00,62.2
2025-06-12 05:01:00,92.3
2025-06-12 03:50:00,0.8
2025-06-12 07:53:00,66.3
2025-06-12 11:08:00,87.4
2025-06-12 07:02:00,18.9
2025-06-12 03:25:00,49.82536769031651
2025-06-12 23:22:00,74.3
2025-06-12 19:00:00,13.8
2025-06-12 06:07:00,40.1
2025-06-12 12:40:00,72.8
2025-06-12 18:50:00,47.2
2025-06-12 04:30:00,8.2
2025-06-12 06:03:00,83.3
2025-06-12 02:19:00,49.82536769031651
2025-06-12 10:13:00,12.8
2025-06-12 18:34:00,55.9
2025-06-12 15:01:00,49.82536769031651
2025-06-12 02:05:00,34.6
2025-06-12 18:20:00,52.2
2025-06-12 21:39:00,64.6
2025-06-12 20:39:00,25.3
2025-06-12 21:12:00,44.3
2025-06-12 08:53:00,98.9
2025-06-12 18:43:00,81.4
2025-06-12 15:21:00,44.3
2025-06-12 05:39:00,93.5
2025-06-12 18:20:00,22.6
2025-06-12 14:13:00,7.3
2025-06-12 15:17:00,88.7
2025-06-12 07:18:00,14.8
2025-06-12 10:59:00,84.5
2025-06-12 08:03:00,77.3
2025-06-12 20:27:00,26.1
2025-06-12 12:02:00,5.1
2025-06-12 08:34:00,88.8
2025-06-12 01:37:00,49.82536769031651
2025-06-12 21:42:00,49.82536769031651
2025-06-12 10:09:00,1.8
2025-06-12 23:02:00,77.6
2025-06-12 00:38:00,7.4
2025-06-12 23:04:00,15.8
2025-06-12 08:20:00,70.7
2025-06-12 09:53:00,58.7
2025-06-12 20:27:00,72.9
2025-06-12 12:39:00,89.3
2025-06-12 14:07:00,82.9
2025-06-12 13:08:00,17.0
2025-06-12 09:03:00,62.1
2025-06-12 14:25:00,82.8
2025-06-12 07:30:00,54.8
2025-06-12 05:19:00,47.2
2025-06-12 22:34:00,11.6
2025-06-12 01:12:00,49.82536769031651
2025-06-12 03:17:00,81.2
2025-06-12 23:56:00,40.2
2025-06-12 08:51:00,34.2
2025-06-12 19:22:00,55.0
2025-06-12 00:10:00,3.5
2025-06-12 17:42:00,19.8
2025-06-12 09:48:00,78.8
2025-06-12 05:36:00,37.3
2025-06-12 02:05:00,72.1
2025-06-12 05:46:00,52.1
2025-06-12 22:57:00,96.0
2025-06-12 15:56:00,90.6
2025-06-12 02:13:00,21.1
2025-06-12 01:18:00,83.8
2025-06-12 21:54:00,64.3
2025-06-12 09:15:00,72.5
2025-06-12 05:47:00,86.2
2025-06-12 16:24:00,12.0
2025-06-12 20:16:00,49.82536769031651
2025-06-12 23:16:00,21.4
2025-06-12 14:01:00,38.5
2025-06-12 08:35:00,7.3
2025-06-12 01:10:00,91.6
2025-06-12 12:29:00,2.5
2025-06-12 23:22:00,98.8
2025-06-12 00:44:00,8.4
2025-06-12 04:28:00,68.4
2025-06-12 01:50:00,53.0
2025-06-12 07:22:00,49.82536769031651
2025-06-12 19:31:00,36.8
2025-06-12 18:59:00,49.82536769031651
2025-06-12 16:31:00,49.82536769031651
2025-06-12 16:32:00,30.5
2025-06-12 08:18:00,89.1
2025-06-12 11:19:00,47.8
2025-06-12 23:28:00,76.6
2025-06-12 05:57:00,1.5
2025-06-12 20:08:00,49.82536769031651
2025-06-12 21:55:00,4.0
2025-06-12 00:01:00,35.4
2025-06-12 00:24:00,65.9
2025-06-12 13:49:00,49.82536769031651
2025-06-12 08:44:00,16.5
2025-06-12 20:44:00,49.82536769031651
2025-06-12 10:23:00,77.0
2025-06-12 09:16:00,67.1
2025-06-12 00:18:00,51.9
2025-06-12 15:16:00,22.9
2025-06-12 18:57:00,13.4
2025-06-12 22:55:00,38.1
2025-06-12 09:13:00,97.3
2025-06-12 07:41:00,92.9
2025-06-12 01:35:00,61.6
2025-06-12 16:55:00,49.82536769031651
2025-06-12 16:04:00,42.2
2025-06-12 14:48:00,4.5
2025-06-12 08:40:00,65.0
2025-06-12 23:04:00,59.6
2025-06-12 22:16:00,67.6
2025-06-12 01:49:00,49.82536769031651
2025-06-12 09:46:00,2.8
2025-06-12 06:44:00,96.8
2025-06-12 03:41:00,30.4
2025-06-12 22:41:00,76.6
2025-06-12 13:46:00,92.4
2025-06-12 03:43:00,21.6
2025-06-12 22:26:00,65.4
2025-06-12 18:59:00,66.5
2025-06-12 23:26:00,6.8
2025-06-12 17:16:00,49.82536769031651
2025-06-12 12:42:00,15.6
2025-06-12 19:29:00,68.9
2025-06-12 06:55:00,49.82536769031651
2025-06-12 15:21:00,85.6
2025-06-12 19:25:00,68.4
2025-06-12 02:36:00,0.8
2025-06-12 05:31:00,11.5
2025-06-12 02:34:00,70.7
2025-06-12 11:26:00,60.9
2025-06-12 19:13:00,49.82536769031651
2025-06-12 04:20:00,49.82536769031651
2025-06-12 18:48:00,8.7
2025-06-12 20:07:00,59.1
2025-06-12 06:26:00,44.5
2025-06-12 07:22:00,75.9
2025-06-12 16:23:00,92.8
2025-06-12 17:43:00,49.82536769031651
2025-06-12 17:17:00,31.0
2025-06-12 19:10:00,49.82536769031651
2025-06-12 23:53:00,49.82536769031651
2025-06-12 07:43:00,90.3
2025-06-12 14:57:00,98.9
2025-06-12 07:34:00,75.8
2025-06-12 08:50:00,37.6
2025-06-12 08:05:00,23.6
2025-06-12 20:12:00,75.9
2025-06-12 20:09:00,49.82536769031651
2025-06-12 15:08:00,82.6
2025-06-12 16:12:00,32.9
2025-06-12 15:12:00,37.3
2025-06-12 05:19:00,49.82536769031651
2025-06-12 16:32:00,52.9
2025-06-12 20:10:00,61.5
2025-06-12 19:35:00,27.4
2025-06-12 13:16:00,12.1
2025-06-12 04:00:00,40.7
2025-06-12 18:33:00,6.3
2025-06-12 06:19:00,89.3
2025-06-12 15:56:00,27.4
2025-06-12 15:01:00,98.3
2025-06-12 07:36:00,93.7
2025-06-12 11:48:00,49.82536769031651
2025-06-12 17:31:00,99.9
2025-06-12 22:49:00,49.82536769031651
2025-06-12 11:19:00,49.82536769031651
2025-06-12 05:11:00,11.3
2025-06-12 08:48:00,4.3
2025-06-12 03:57:00,75.0
2025-06-12 00:16:00,21.7
2025-06-12 09:04:00,49.82536769031651
2025-06-12 01:15:00,72.5
2025-06-12 09:55:00,79.5
2025-06-12 08:27:00,96.1
2025-06-12 06:40:00,73.1
2025-06-12 14:19:00,20.4
2025-06-12 05:51:00,82.0
2025-06-12 03:21:00,44.2
2025-06-12 13:46:00,5.0
2025-06-12 20:20:00,48.7
2025-06-12 15:56:00,49.82536769031651
2025-06-12 06:12:00,55.4
2025-06-12 06:51:00,82.6
2025-06-12 18:38:00,18.6
2025-06-12 14:15:00,49.82536769031651
2025-06-12 21:38:00,23.6
2025-06-12 16:18:00,56.3
2025-06-12 13:41:00,95.7
2025-06-12 07:21:00,7.2
2025-06-12 22:09:00,79.5
2025-06-12 08:35:00,44.3
2025-06-12 11:23:00,74.0
2025-06-12 08:33:00,52.3
2025-06-12 08:21:00,74.0
2025-06-12 03:21:00,42.4
2025-06-12 05:47:00,86.6
2025-06-12 19:38:00,54.5
2025-06-12 02:54:00,4.0
2025-06-12 19:21:00,74.5
2025-06-12 02:08:00,46.5
2025-06-12 10:35:00,14.2
2025-06-12 12:00:00,96.4
2025-06-12 03:18:00,29.5
2025-06-12 04:38:00,40.9
2025-06-12 15:51:00,93.3
2025-06-12 10:23:00,18.0
2025-06-12 00:09:00,96.1
2025-06-12 17:32:00,65.6
2025-06-12 18:46:00,74.3
2025-06-12 00:03:00,35.7
2025-06-12 16:33:00,49.0
2025-06-12 21:12:00,49.82536769031651
2025-06-12 05:14:00,77.2
2025-06-12 14:23:00,84.2
2025-06-12 11:49:00,73.3
2025-06-12 11:45:00,3.5
2025-06-12 16:12:00,50.9
2025-06-12 17:05:00,89.3
2025-06-12 16:32:00,8.5
2025-06-12 01:26:00,50.9
2025-06-12 16:28:00,7.7
2025-06-12 13:47:00,45.7
2025-06-12 12:35:00,19.2
2025-06-12 08:41:00,19.6
2025-06-12 22:32:00,49.82536769031651
2025-06-12 22:57:00,54.9
2025-06-12 15:59:00,49.82536769031651
2025-06-12 11:07:00,5.8
2025-06-12 07:55:00,39.3
2025-06-12 17:56:00,37.7
2025-06-12 00:55:00,75.8
2025-06-12 13:16:00,32.2
2025-06-12 18:52:00,49.82536769031651
2025-06-12 10:29:00,71.9
2025-06-12 12:44:00,49.3
2025-06-12 22:06:00,95.4
2025-06-12 12:08:00,27.3
2025-06-12 03:38:00,58.4
2025-06-12 18:08:00,24.0
2025-06-12 11:28:00,18.4
2025-06-12 17:20:00,61.3
2025-06-12 09:28:00,49.82536769031651
2025-06-12 21:53:00,25.1
2025-06-12 11:58:00,76.0
2025-06-12 15:54:00,45.4
2025-06-12 03:19:00,49.82536769031651
2025-06-12 15:21:00,49.82536769031651
2025-06-12 11:22:00,85.0
2025-06-12 09:25:00,32.5
2025-06-12 08:54:00,62.0
2025-06-12 10:23:00,27.7
2025-06-12 03:26:00,59.5
2025-06-12 00:44:00,65.8
2025-06-12 10:25:00,76.4
2025-06-12 08:28:00,93.9
2025-06-12 14:43:00,32.4
2025-06-12 01:19:00,48.7
2025-06-12 19:47:00,34.2
2025-06-12 17:06:00,82.8
2025-06-12 04:02:00,49.82536769031651
2025-06-12 07:56:00,6.3
2025-06-12 11:54:00,32.6
2025-06-12 22:19:00,26.7
2025-06-12 08:36:00,27.2
2025-06-12 12:47:00,38.2
2025-06-12 13:22:00,81.9
2025-06-12 21:17:00,93.8
2025-06-12 16:08:00,92.7
2025-06-12 12:45:00,97.3
2025-06-12 10:45:00,75.8
2025-06-12 06:40:00,49.82536769031651
2025-06-12 10:07:00,75.5
2025-06-12 14:31:00,25.0
2025-06-12 14:32:00,73.7
2025-06-12 07:15:00,90.3
2025-06-12 15:08:00,1.2
2025-06-12 20:41:00,84.1
2025-06-12 13:16:00,69.4
2025-06-12 05:55:00,36.1
2025-06-12 05:58:00,6.3
2025-06-12 10:14:00,98.1
2025-06-12 09:04:00,63.7
2025-06-12 17:21:00,34.3
2025-06-12 05:11:00,95.6
2025-06-12 12:24:00,8.0
2025-06-12 06:15:00,86.5
2025-06-12 17:23:00,67.8
2025-06-12 23:31:00,20.8
2025-06-12 02:30:00,25.9
2025-06-12 04:35:00,71.6
2025-06-12 04:51:00,59.9
2025-06-12 18:21:00,67.1
2025-06-12 11:01:00,77.0
2025-06-12 14:12:00,59.5
2025-06-12 23:34:00,49.82536769031651
2025-06-12 00:13:00,49.82536769031651
2025-06-12 23:38:00,94.0
2025-06-12 10:42:00,43.1
2025-06-12 23:50:00,50.7
2025-06-12 04:21:00,17.5
2025-06-12 15:21:00,16.5
2025-06-12 18:41:00,98.2
2025-06-12 16:45:00,45.5
2025-06-12 03:10:00,49.82536769031651
2025-06-12 21:08:00,49.82536769031651
2025-06-12 12:05:00,17.2
2025-06-12 00:46:00,35.4
2025-06-12 09:24:00,7.7
2025-06-12 23:29:00,50.10362276498773
2025-06-12 18:34:00,72.7
2025-06-12 06:39:00,60.8
2025-06-12 05:37:00,88.7
2025-06-12 13:07:00,69.3
2025-06-12 21:45:00,70.4
2025-06-12 13:32:00,81.6
2025-06-12 02:58:00,89.3
2025-06-12 01:44:00,96.6
2025-06-12 20:50:00,50.10362276498773
2025-06-12 02:30:00,7.1
2025-06-12 13:05:00,22.4
2025-06-12 14:45:00,72.6
2025-06-12 21:46:00,14.7
2025-06-12 22:33:00,81.2
2025-06-12 11:31:00,50.6
2025-06-12 00:15:00,55.6
2025-06-12 11:48:00,92.2
2025-06-12 17:35:00,50.10362276498773
2025-06-12 09:33:00,50.10362276498773
2025-06-12 07:12:00,43.1
2025-06-12 07:58:00,87.0
2025-06-12 14:51:00,82.8
2025-06-12 05:52:00,58.9
2025-06-12 06:32:00,77.1
2025-06-12 00:59:00,72.5
2025-06-12 18:17:00,4.9
2025-06-12 21:20:00,99.4
2025-06-12 19:43:00,15.8
2025-06-12 03:20:00,81.0
2025-06-12 20:35:00,23.1
2025-06-12 17:17:00,31.7
2025-06-12 09:29:00,13.8
2025-06-12 17:16:00,10.4
2025-06-12 21:47:00,50.10362276498773
2025-06-12 08:45:00,50.10362276498773
2025-06-12 10:04:00,15.0
2025-06-12 16:18:00,85.8
2025-06-12 09:45:00,92.4
2025-06-12 04:07:00,46.1
2025-06-12 07:29:00,54.2
2025-06-12 12:45:00,51.7
2025-06-12 08:10:00,50.10362276498773
2025-06-12 17:02:00,78.3
2025-06-12 12:46:00,84.4
2025-06-12 18:56:00,58.6
2025-06-12 22:31:00,27.1
2025-06-12 10:48:00,6.5
2025-06-12 05:35:00,26.1
2025-06-12 14:02:00,94.6
2025-06-12 12:35:00,50.10362276498773
2025-06-12 01:24:00,29.1
2025-06-12 04:52:00,50.10362276498773
2025-06-12 19:16:00,48.9
2025-06-12 04:48:00,9.0
2025-06-12 08:45:00,49.0
2025-06-12 15:56:00,93.7
2025-06-12 04:35:00,50.10362276498773
2025-06-12 11:55:00,0.7
2025-06-12 20:06:00,44.2
2025-06-12 04:01:00,50.10362276498773
2025-06-12 05:58:00,77.2
2025-06-12 04:01:00,24.4
2025-06-12 22:05:00,4.3
2025-06-12 11:04:00,50.10362276498773
2025-06-12 08:17:00,4.4
2025-06-12 14:37:00,50.10362276498773
2025-06-12 11:02:00,69.9
2025-06-12 08:09:00,23.9
2025-06-12 06:48:00,50.10362276498773
2025-06-12 23:29:00,43.1
2025-06-12 05:13:00,68.0
2025-06-12 07:01:00,42.7
2025-06-12 08:23:00,50.10362276498773
2025-06-12 13:42:00,43.7
2025-06-12 23:23:00,6.4
2025-06-12 19:03:00,50.10362276498773
2025-06-12 18:30:00,51.9
2025-06-12 06:02:00,24.1
2025-06-12 02:42:00,43.7
2025-06-12 06:45:00,39.1
2025-06-12 18:10:00,9.7
2025-06-12 01:13:00,81.7
2025-06-12 02:15:00,51.8
2025-06-12 06:32:00,94.7
2025-06-12 14:46:00,94.2
2025-06-12 09:58:00,33.6
2025-06-12 09:00:00,51.4
2025-06-12 20:18:00,4.3
2025-06-12 17:34:00,21.0
2025-06-12 14:12:00,57.5
2025-06-12 14:11:00,29.9
2025-06-12 07:40:00,51.1
2025-06-12 05:45:00,46.6
2025-06-12 12:06:00,37.1
2025-06-12 00:29:00,65.1
2025-06-12 09:27:00,85.9
2025-06-12 22:09:00,97.2
2025-06-12 14:07:00,50.10362276498773
2025-06-12 23:04:00,1.6
2025-06-12 08:43:00,77.9
2025-06-12 04:26:00,25.2
2025-06-12 19:08:00,50.10362276498773
2025-06-12 11:25:00,9.2
2025-06-12 12:22:00,36.8
2025-06-12 19:02:00,10.2
2025-06-12 10:22:00,5.4
2025-06-12 14:44:00,3.7
2025-06-12 00:33:00,70.2
2025-06-12 15:06:00,30.9
2025-06-12 06:15:00,32.8
2025-06-12 08:27:00,74.4
2025-06-12 07:24:00,85.0
2025-06-12 14:13:00,50.10362276498773
2025-06-12 21:58:00,66.2
2025-06-12 03:28:00,70.8
2025-06-12 21:35:00,71.4
2025-06-12 12:16:00,2.3
2025-06-12 18:52:00,10.8
2025-06-12 20:19:00,89.3
2025-06-12 14:58:00,88.5
2025-06-12 06:29:00,35.4
2025-06-12 09:24:00,33.3
2025-06-12 01:53:00,95.9
2025-06-12 21:41:00,32.5
2025-06-12 02:41:00,50.10362276498773
2025-06-12 02:54:00,26.2
2025-06-12 23:34:00,52.6
2025-06-12 16:16:00,88.6
2025-06-12 05:34:00,2.4
2025-06-12 21:57:00,81.2
2025-06-12 03:42:00,50.10362276498773
2025-06-12 11:44:00,42.0
2025-06-12 13:07:00,73.3
2025-06-12 21:26:00,17.0
2025-06-12 07:14:00,50.10362276498773
2025-06-12 16:35:00,50.10362276498773
2025-06-12 15:35:00,57.9
2025-06-12 22:01:00,13.9
2025-06-12 09:59:00,4.5
2025-06-12 11:01:00,75.7
2025-06-12 02:59:00,88.9
2025-06-12 09:22:00,50.10362276498773
2025-06-12 07:23:00,50.10362276498773
2025-06-12 15:45:00,96.7
2025-06-12 10:20:00,83.3
2025-06-12 05:50:00,7.5
2025-06-12 16:11:00,98.8
2025-06-12 01:52:00,72.8
2025-06-12 07:56:00,38.9
2025-06-12 15:24:00,49.1
2025-06-12 07:54:00,50.10362276498773
2025-06-12 21:30:00,50.10362276498773
2025-06-12 07:37:00,36.7
2025-06-12 10:53:00,45.9
2025-06-12 15:23:00,16.7
2025-06-12 14:34:00,56.6
2025-06-12 09:31:00,38.1
2025-06-12 04:02:00,50.3
2025-06-12 00:31:00,50.10362276498773
2025-06-12 22:39:00,17.2
2025-06-12 00:52:00,57.3
2025-06-12 11:57:00,6.8
2025-06-12 19:20:00,74.3
2025-06-12 07:37:00,96.1
2025-06-12 10:52:00,50.10362276498773
2025-06-12 18:16:00,50.10362276498773
2025-06-12 19:07:00,50.10362276498773
2025-06-12 23:53:00,34.9
2025-06-12 03:38:00,31.2
2025-06-12 17:40:00,81.7
2025-06-12 17:54:00,43.4
2025-06-12 22:30:00,5.3
2025-06-12 19:28:00,62.3
2025-06-12 14:02:00,50.10362276498773
2025-06-12 08:05:00,96.1
2025-06-12 11:29:00,16.4
2025-06-12 10:44:00,78.0
2025-06-12 04:13:00,50.10362276498773
2025-06-12 21:45:00,53.1
2025-06-12 19:52:00,16.5
2025-06-12 17:46:00,49.0
2025-06-12 19:21:00,9.9
2025-06-12 20:15:00,49.7
2025-06-12 19:05:00,43.9
2025-06-12 19:15:00,51.9
2025-06-12 06:51:00,50.10362276498773
2025-06-12 04:38:00,50.10362276498773
2025-06-12 02:26:00,2.9
2025-06-12 01:35:00,44.6
2025-06-12 03:09:00,3.1
2025-06-12 21:47:00,89.2
2025-06-12 17:25:00,49.2
2025-06-12 22:10:00,15.9
2025-06-12 17:36:00,81.8
2025-06-12 07:06:00,83.3
2025-06-12 00:27:00,32.3
2025-06-12 14:30:00,63.1
2025-06-12 08:26:00,63.0
2025-06-12 09:17:00,50.10362276498773
2025-06-12 02:26:00,16.6
2025-06-12 18:30:00,50.10362276498773
2025-06-12 05:51:00,50.10362276498773
2025-06-12 20:21:00,50.10362276498773
2025-06-12 08:58:00,19.8
2025-06-12 20:58:00,50.10362276498773
2025-06-12 06:04:00,50.10362276498773
2025-06-12 18:51:00,50.10362276498773
2025-06-12 10:56:00,50.10362276498773
2025-06-12 11:07:00,50.10362276498773
2025-06-12 22:52:00,50.10362276498773
2025-06-12 12:59:00,62.4
2025-06-12 16:14:00,48.6
2025-06-12 21:47:00,2.8
2025-06-12 20:39:00,11.8
2025-06-12 03:18:00,75.3
2025-06-12 22:35:00,50.10362276498773
2025-06-12 14:07:00,71.7
2025-06-12 17:37:00,53.0
2025-06-12 20:44:00,59.7
2025-06-12 02:26:00,86.1
2025-06-12 03:17:00,6.9
2025-06-12 08:00:00,20.0
2025-06-12 21:03:00,38.8
2025-06-12 05:50:00,5.5
2025-06-12 00:48:00,87.4
2025-06-12 04:35:00,10.9
2025-06-12 07:42:00,78.8
2025-06-12 12:27:00,84.5
2025-06-12 15:14:00,50.10362276498773
2025-06-12 06:49:00,43.3
2025-06-12 13:10:00,50.10362276498773
2025-06-12 14:39:00,45.7
2025-06-12 05:26:00,29.9
2025-06-12 02:52:00,78.2
2025-06-12 21:29:00,88.3
2025-06-12 07:33:00,50.10362276498773
2025-06-12 04:03:00,50.10362276498773
2025-06-12 19:18:00,6.1
2025-06-12 02:02:00,58.4
2025-06-12 19:21:00,49.5
2025-06-12 03:57:00,43.4
2025-06-12 10:35:00,47.9
2025-06-12 18:26:00,25.0
2025-06-12 01:18:00,54.9
2025-06-12 19:58:00,98.2
2025-06-12 07:52:00,37.4
2025-06-12 08:56:00,26.6
2025-06-12 11:06:00,37.0
2025-06-12 21:45:00,50.10362276498773
2025-06-12 07:31:00,50.0
2025-06-12 07:05:00,6.7
2025-06-12 20:07:00,45.7
2025-06-12 20:27:00,75.5
2025-06-12 08:02:00,31.2
2025-06-12 00:06:00,54.2
2025-06-12 15:34:00,50.10362276498773
2025-06-12 05:02:00,0.2
2025-06-12 20:19:00,19.6
2025-06-12 12:43:00,69.6
2025-06-12 00:17:00,53.9
2025-06-12 07:56:00,62.3
2025-06-12 23:54:00,37.5
2025-06-12 16:47:00,38.4
2025-06-12 16:43:00,5.8
2025-06-12 19:37:00,97.6
2025-06-12 22:47:00,17.8
2025-06-12 15:37:00,79.4
2025-06-12 06:07:00,98.4
2025-06-12 12:19:00,21.8
2025-06-12 16:51:00,43.8
2025-06-12 01:40:00,50.10362276498773
2025-06-12 01:33:00,83.7
2025-06-12 02:44:00,50.10362276498773
2025-06-12 14:07:00,63.1
2025-06-12 03:44:00,13.6
2025-06-12 13:43:00,71.0
2025-06-12 10:41:00,40.3
2025-06-12 06:08:00,22.3
2025-06-12 02:32:00,71.0
2025-06-12 00:20:00,76.6
2025-06-12 19:54:00,50.10362276498773
2025-06-12 18:40:00,50.10362276498773
2025-06-12 04:40:00,56.4
2025-06-12 20:42:00,59.9
2025-06-12 05:07:00,37.6
2025-06-12 10:52:00,63.4
2025-06-12 12:57:00,50.10362276498773
2025-06-12 04:51:00,50.10362276498773
2025-06-12 17:58:00,3.7
2025-06-12 07:45:00,44.0
2025-06-12 02:23:00,58.1
2025-06-12 20:33:00,92.4
2025-06-12 00:00:00,61.6
2025-06-12 08:28:00,73.2
2025-06-12 00:06:00,84.6
2025-06-12 00:35:00,44.3
2025-06-12 13:15:00,10.9
2025-06-12 08:42:00,63.0
2025-06-12 06:30:00,24.1
2025-06-12 18:56:00,71.5
2025-06-12 19:18:00,34.6
2025-06-12 16:20:00,83.4
2025-06-12 12:08:00,32.7
2025-06-12 08:11:00,35.3
2025-06-12 07:00:00,72.6
2025-06-12 01:54:00,23.2
2025-06-12 09:28:00,50.10362276498773
2025-06-12 21:30:00,37.1
2025-06-12 08:43:00,40.0
2025-06-12 15:11:00,42.3
2025-06-12 08:18:00,72.3
2025-06-12 14:25:00,27.3
2025-06-12 23:57:00,44.0
2025-06-12 20:40:00,97.4
2025-06-12 22:51:00,50.10362276498773
2025-06-12 13:31:00,6.6
2025-06-12 20:22:00,69.3
2025-06-12 04:02:00,12.0
2025-06-12 18:08:00,84.7
2025-06-12 10:15:00,51.1
2025-06-12 17:35:00,46.9
2025-06-12 19:34:00,86.0
2025-06-12 16:26:00,51.4
2025-06-12 19:18:00,37.2
2025-06-12 15:02:00,27.2
2025-06-12 21:49:00,63.0
2025-06-12 17:53:00,73.1
2025-06-12 11:32:00,35.1
2025-06-12 18:24:00,99.2
2025-06-12 11:18:00,62.2
2025-06-12 23:22:00,20.1
2025-06-12 09:59:00,85.5
2025-06-12 13:11:00,56.7
2025-06-12 19:06:00,34.8
2025-06-12 05:47:00,79.3
2025-06-12 12:03:00,50.10362276498773
2025-06-12 07:57:00,77.8
2025-06-12 15:21:00,60.9
2025-06-12 15:44:00,98.8
2025-06-12 12:18:00,97.0
2025-06-12 19:51:00,13.3
2025-06-12 17:10:00,13.0
2025-06-12 20:13:00,50.10362276498773
2025-06-12 20:58:00,81.3
2025-06-12 01:40:00,43.4
2025-06-12 05:45:00,52.8
2025-06-12 18:29:00,5.9
2025-06-12 05:04:00,43.8
2025-06-12 21:53:00,82.1
2025-06-12 18:14:00,34.6
2025-06-12 13:08:00,78.8
2025-06-12 13:30:00,2.1
2025-06-12 04:11:00,56.6
2025-06-12 06:38:00,93.4
2025-06-12 23:20:00,83.0
2025-06-12 06:22:00,53.3
2025-06-12 03:33:00,40.5
2025-06-12 02:31:00,50.12327810650887
2025-06-12 22:41:00,63.5
2025-06-12 09:16:00,74.3
2025-06-12 02:38:00,4.2
2025-06-12 08:38:00,17.2
2025-06-12 07:23:00,88.7
2025-06-12 10:31:00,75.1
2025-06-12 10:12:00,50.12327810650887
2025-06-12 12:55:00,83.4
2025-06-12 21:52:00,22.0
2025-06-12 03:22:00,50.12327810650887
2025-06-12 17:11:00,50.12327810650887
2025-06-12 19:56:00,50.3
2025-06-12 17:52:00,16.1
2025-06-12 23:05:00,40.7
2025-06-12 18:55:00,15.5
2025-06-12 00:30:00,2.1
2025-06-12 05:47:00,8.5
2025-06-12 08:37:00,13.1
2025-06-12 23:05:00,3.7
2025-06-12 16:31:00,72.8
2025-06-12 21:59:00,49.3
2025-06-12 13:27:00,50.12327810650887
2025-06-12 03:30:00,14.2
2025-06-12 17:02:00,88.0
2025-06-12 17:47:00,50.12327810650887
2025-06-12 05:17:00,34.3
2025-06-12 05:28:00,69.6
2025-06-12 03:47:00,9.1
2025-06-12 02:18:00,32.8
2025-06-12 14:43:00,50.12327810650887
2025-06-12 23:00:00,17.0
2025-06-12 09:10:00,92.7
2025-06-12 03:32:00,12.8
2025-06-12 07:55:00,52.9
2025-06-12 12:20:00,1.7
2025-06-12 20:37:00,39.1
2025-06-12 05:24:00,27.9
2025-06-12 03:53:00,50.12327810650887
2025-06-12 20:08:00,10.6
2025-06-12 12:31:00,71.9
2025-06-12 18:57:00,9.3
2025-06-12 21:50:00,34.5
2025-06-12 08:14:00,14.6
2025-06-12 08:05:00,67.4
2025-06-12 04:52:00,50.12327810650887
2025-06-12 04:41:00,45.5
2025-06-12 17:08:00,21.4
2025-06-12 11:31:00,90.3
2025-06-12 02:24:00,50.12327810650887
2025-06-12 01:38:00,69.7
2025-06-12 01:12:00,71.4
2025-06-12 18:18:00,5.3
2025-06-12 16:32:00,66.4
2025-06-12 12:39:00,64.2
2025-06-12 23:52:00,37.7
2025-06-12 13:32:00,2.9
2025-06-12 08:57:00,9.2
2025-06-12 23:25:00,56.7
2025-06-12 11:47:00,50.12327810650887
2025-06-12 04:39:00,67.4
2025-06-12 02:43:00,35.2
2025-06-12 17:29:00,36.9
2025-06-12 21:14:00,91.1
2025-06-12 17:32:00,55.3
2025-06-12 23:46:00,16.7
2025-06-12 21:58:00,2.3
2025-06-12 15:18:00,41.1
2025-06-12 08:00:00,48.2
2025-06-12 22:42:00,8.3
2025-06-12 05:22:00,97.5
2025-06-12 14:08:00,50.8
2025-06-12 01:41:00,51.7
2025-06-12 01:48:00,3.5
2025-06-12 06:41:00,50.12327810650887
2025-06-12 15:47:00,77.0
2025-06-12 16:57:00,98.4
2025-06-12 13:25:00,86.3
2025-06-12 10:55:00,84.2
2025-06-12 14:53:00,61.8
2025-06-12 16:26:00,76.6
2025-06-12 06:08:00,38.0
2025-06-12 17:21:00,91.4
2025-06-12 19:24:00,82.5
2025-06-12 02:46:00,24.1
2025-06-12 03:22:00,13.1
2025-06-12 06:13:00,83.9
2025-06-12 18:14:00,1.6
2025-06-12 04:43:00,35.8
2025-06-12 00:13:00,0.1
2025-06-12 11:36:00,93.5
2025-06-12 11:10:00,52.8
2025-06-12 15:30:00,92.0
2025-06-12 18:21:00,55.2
2025-06-12 05:13:00,54.7
2025-06-12 09:52:00,7.2
2025-06-12 18:34:00,99.1
2025-06-12 10:22:00,89.0
2025-06-12 15:36:00,1.4
2025-06-12 11:55:00,52.8
2025-06-12 11:50:00,64.0
2025-06-12 08:07:00,89.1
2025-06-12 03:35:00,70.7
2025-06-12 04:37:00,90.6
2025-06-12 14:13:00,89.7
2025-06-12 16:14:00,65.4
2025-06-12 03:59:00,50.12327810650887
2025-06-12 09:47:00,10.7
2025-06-12 19:15:00,34.9
2025-06-12 14:25:00,3.0
2025-06-12 02:11:00,49.2
2025-06-12 14:26:00,81.6
2025-06-12 02:37:00,58.5
2025-06-12 10:53:00,16.8
2025-06-12 06:10:00,50.12327810650887
2025-06-12 02:28:00,32.4
2025-06-12 02:29:00,30.1
2025-06-12 08:56:00,0.4
2025-06-12 14:45:00,88.5
2025-06-12 20:03:00,39.6
2025-06-12 10:42:00,93.4
2025-06-12 21:30:00,98.5
2025-06-12 13:45:00,53.9
2025-06-12 21:33:00,69.1
2025-06-12 01:07:00,66.8
2025-06-12 09:34:00,95.9
2025-06-12 22:08:00,7.5
2025-06-12 07:29:00,71.8
2025-06-12 03:41:00,90.0
2025-06-12 11:44:00,11.8
2025-06-12 01:31:00,50.12327810650887
2025-06-12 15:58:00,85.5
2025-06-12 14:38:00,59.9
2025-06-12 16:13:00,24.6
2025-06-12 10:18:00,50.12327810650887
2025-06-12 00:25:00,68.6
2025-06-12 15:52:00,68.0
2025-06-12 04:00:00,38.4
2025-06-12 05:28:00,38.8
2025-06-12 04:16:00,69.8
2025-06-12 10:46:00,81.6
2025-06-12 15:09:00,50.12327810650887
2025-06-12 03:30:00,16.8
2025-06-12 14:15:00,13.1
2025-06-12 08:52:00,34.6
2025-06-12 07:46:00,50.12327810650887
2025-06-12 05:38:00,72.8
2025-06-12 00:37:00,76.0
2025-06-12 17:39:00,85.7
2025-06-12 14:24:00,50.12327810650887
2025-06-12 08:14:00,14.8
2025-06-12 10:23:00,95.0
2025-06-12 01:28:00,0.3
2025-06-12 05:22:00,77.2
2025-06-12 00:12:00,88.3
2025-06-12 09:31:00,3.6
2025-06-12 06:30:00,16.9
2025-06-12 23:58:00,4.5
2025-06-12 12:39:00,50.12327810650887
2025-06-12 05:33:00,25.9
2025-06-12 15:25:00,77.5
2025-06-12 00:51:00,1.5
2025-06-12 12:56:00,76.2
2025-06-12 17:48:00,70.0
2025-06-12 12:48:00,50.12327810650887
2025-06-12 21:42:00,75.2
2025-06-12 16:04:00,9.8
2025-06-12 14:20:00,35.0
2025-06-12 13:06:00,21.8
2025-06-12 22:49:00,71.8
2025-06-12 10:23:00,32.5
2025-06-12 03:28:00,50.3
2025-06-12 05:42:00,50.12327810650887
2025-06-12 23:53:00,48.4
2025-06-12 10:18:00,50.12327810650887
2025-06-12 01:20:00,84.7
2025-06-12 10:16:00,67.4
2025-06-12 04:38:00,71.8
2025-06-12 17:14:00,42.8
2025-06-12 03:46:00,49.3
2025-06-12 13:38:00,36.0
2025-06-12 02:02:00,31.8
2025-06-12 21:15:00,90.3
2025-06-12 14:01:00,98.3
2025-06-12 05:50:00,96.7
2025-06-12 10:49:00,60.1
2025-06-12 22:12:00,30.8
2025-06-12 09:08:00,22.8
2025-06-12 10:01:00,48.0
2025-06-12 23:49:00,29.7
2025-06-12 11:18:00,92.8
2025-06-12 04:23:00,20.4
2025-06-12 22:45:00,50.12327810650887
2025-06-12 00:31:00,28.8
2025-06-12 21:44:00,30.6
2025-06-12 21:57:00,0.5
2025-06-12 00:35:00,43.2
2025-06-12 12:13:00,74.4
2025-06-12 21:37:00,88.7
2025-06-12 22:26:00,3.7
2025-06-12 22:22:00,48.1
2025-06-12 06:04:00,53.1
2025-06-12 21:51:00,43.5
2025-06-12 03:18:00,9.2
2025-06-12 20:24:00,50.12327810650887
2025-06-12 15:34:00,57.7
2025-06-12 20:00:00,69.9
2025-06-12 11:45:00,98.1
2025-06-12 10:30:00,73.2
2025-06-12 03:09:00,88.9
2025-06-12 01:17:00,50.12327810650887
2025-06-12 18:46:00,37.2
2025-06-12 01:08:00,33.1
2025-06-12 01:56:00,2.8
2025-06-12 01:07:00,52.1
2025-06-12 19:17:00,28.3
2025-06-12 10:20:00,95.1
2025-06-12 05:20:00,30.2
2025-06-12 14:17:00,50.12327810650887
2025-06-12 18:14:00,96.1
2025-06-12 14:52:00,50.12327810650887
2025-06-12 07:22:00,89.9
2025-06-12 22:39:00,39.7
2025-06-12 02:49:00,98.4
2025-06-12 10:25:00,8.1
2025-06-12 11:17:00,5.3
2025-06-12 10:54:00,63.8
2025-06-12 22:17:00,91.1
2025-06-12 07:01:00,80.8
2025-06-12 15:27:00,8.4
2025-06-12 22:43:00,11.0
2025-06-12 00:36:00,67.5
2025-06-12 14:42:00,68.6
2025-06-12 04:29:00,32.2
2025-06-12 23:03:00,91.8
2025-06-12 01:50:00,95.2
2025-06-12 09:50:00,54.0
2025-06-12 06:56:00,66.5
2025-06-12 02:54:00,50.12327810650887
2025-06-12 16:30:00,36.8
2025-06-12 05:42:00,90.3
2025-06-12 01:52:00,77.6
2025-06-12 17:55:00,70.9
2025-06-12 12:16:00,93.5
2025-06-12 22:01:00,77.7
2025-06-12 09:35:00,35.1
2025-06-12 19:12:00,57.1
2025-06-12 10:56:00,11.4
2025-06-12 02:44:00,41.8
2025-06-12 23:34:00,59.9
2025-06-12 23:14:00,34.5
2025-06-12 10:03:00,53.4
2025-06-12 04:29:00,19.7
2025-06-12 03:51:00,50.12327810650887
2025-06-12 13:35:00,16.3
2025-06-12 21:05:00,68.2
2025-06-12 20:30:00,29.3
2025-06-12 18:19:00,94.7
2025-06-12 23:08:00,80.9
2025-06-12 09:00:00,68.0
2025-06-12 01:50:00,50.12327810650887
2025-06-12 17:54:00,72.2
2025-06-12 02:54:00,15.7
2025-06-12 13:33:00,10.1
2025-06-12 09:23:00,39.1
2025-06-12 03:03:00,6.6
2025-06-12 17:21:00,52.9
2025-06-12 09:59:00,10.9
2025-06-12 14:17:00,85.9
2025-06-12 11:56:00,86.8
2025-06-12 10:51:00,4.0
2025-06-12 07:30:00,45.5
2025-06-12 16:41:00,50.12327810650887
2025-06-12 03:30:00,43.1
2025-06-12 12:13:00,50.12327810650887
2025-06-12 23:35:00,50.12327810650887
2025-06-12 12:36:00,46.1
2025-06-12 09:46:00,95.1
2025-06-12 00:01:00,63.7
2025-06-12 14:24:00,48.1
2025-06-12 07:18:00,54.9
2025-06-12 15:28:00,0.3
2025-06-12 21:55:00,91.9
2025-06-12 17:06:00,50.12327810650887
2025-06-12 02:37:00,71.7
2025-06-12 10:54:00,7.9
2025-06-12 20:34:00,50.12327810650887
2025-06-12 09:53:00,29.9
2025-06-12 10:00:00,90.4
2025-06-12 01:20:00,44.3
2025-06-12 07:00:00,77.9
2025-06-12 22:51:00,66.0
2025-06-12 22:16:00,75.6
2025-06-12 23:33:00,20.5
2025-06-12 21:16:00,10.2
2025-06-12 15:39:00,50.12327810650887
2025-06-12 22:25:00,0.3
2025-06-12 20:17:00,66.1
2025-06-12 09:12:00,18.0
2025-06-12 15:40:00,77.4
2025-06-12 19:34:00,77.9
2025-06-12 14:48:00,49.63956792297757
2025-06-12 02:38:00,14.1
2025-06-12 14:09:00,66.0
2025-06-12 18:30:00,71.3
2025-06-12 23:29:00,32.2
2025-06-12 00:30:00,34.7
2025-06-12 05:00:00,12.8
2025-06-12 22:37:00,97.1
2025-06-12 02:54:00,20.1
2025-06-12 14:39:00,45.8
2025-06-12 22:48:00,73.1
2025-06-12 14:55:00,89.2
2025-06-12 08:28:00,81.3
2025-06-12 23:11:00,90.3
2025-06-12 07:51:00,10.3
2025-06-12 23:50:00,61.3
2025-06-12 18:19:00,22.0
2025-06-12 22:33:00,41.9
2025-06-12 02:45:00,31.2
2025-06-12 17:50:00,24.2
2025-06-12 10:55:00,9.0
2025-06-12 20:55:00,49.63956792297757
2025-06-12 08:13:00,98.4
2025-06-12 04:33:00,97.1
2025-06-12 05:29:00,2.7
2025-06-12 14:42:00,17.3
2025-06-12 18:43:00,10.2
2025-06-12 13:52:00,66.7
2025-06-12 04:35:00,12.4
2025-06-12 21:28:00,49.0
2025-06-12 03:08:00,95.1
2025-06-12 20:35:00,16.4
2025-06-12 07:42:00,19.5
2025-06-12 21:52:00,29.6
2025-06-12 15:26:00,89.1
2025-06-12 03:33:00,83.5
2025-06-12 20:56:00,13.0
2025-06-12 23:45:00,43.3
2025-06-12 05:41:00,50.5
2025-06-12 16:48:00,8.7
2025-06-12 07:16:00,5.6
2025-06-12 14:39:00,96.2
2025-06-12 14:48:00,31.4
2025-06-12 16:55:00,45.8
2025-06-12 17:52:00,46.8
2025-06-12 10:57:00,49.63956792297757
2025-06-12 10:38:00,76.6
2025-06-12 13:52:00,94.4
2025-06-12 17:34:00,63.9
2025-06-12 05:05:00,41.3
2025-06-12 01:42:00,73.8
2025-06-12 00:27:00,84.8
2025-06-12 08:16:00,58.9
2025-06-12 09:11:00,2.1
2025-06-12 02:39:00,19.8
2025-06-12 13:27:00,49.63956792297757
2025-06-12 02:56:00,37.0
2025-06-12 16:14:00,0.7
2025-06-12 00:45:00,20.9
2025-06-12 17:19:00,88.9
2025-06-12 15:19:00,52.3
2025-06-12 05:39:00,55.9
2025-06-12 08:33:00,3.0
2025-06-12 09:00:00,3.1
2025-06-12 19:38:00,16.8
2025-06-12 05:30:00,83.9
2025-06-12 03:43:00,80.3
2025-06-12 07:41:00,47.5
2025-06-12 15:13:00,42.4
2025-06-12 07:25:00,97.6
2025-06-12 00:25:00,12.8
2025-06-12 03:47:00,62.8
2025-06-12 14:51:00,4.5
2025-06-12 13:53:00,27.1
2025-06-12 07:16:00,89.5
2025-06-12 14:27:00,49.9
2025-06-12 04:58:00,40.2
2025-06-12 20:31:00,47.1
2025-06-12 22:55:00,77.6
2025-06-12 00:21:00,46.6
2025-06-12 13:29:00,80.4
2025-06-12 05:46:00,49.63956792297757
2025-06-12 00:26:00,49.63956792297757
2025-06-12 11:02:00,9.6
2025-06-12 01:42:00,49.63956792297757
2025-06-12 07:15:00,77.0
2025-06-12 21:00:00,70.2
2025-06-12 08:56:00,13.0
2025-06-12 22:24:00,14.3
2025-06-12 13:43:00,82.0
2025-06-12 17:20:00,38.0
2025-06-12 06:12:00,54.0
2025-06-12 23:09:00,34.0
2025-06-12 17:09:00,50.1
2025-06-12 22:42:00,49.63956792297757
2025-06-12 10:31:00,76.7
2025-06-12 13:37:00,24.9
2025-06-12 21:24:00,40.6
2025-06-12 20:55:00,22.3
2025-06-12 02:13:00,44.3
2025-06-12 18:20:00,3.8
2025-06-12 23:15:00,27.6
2025-06-12 01:46:00,22.8
2025-06-12 13:01:00,49.63956792297757
2025-06-12 12:10:00,72.4
2025-06-12 12:43:00,97.4
2025-06-12 14:23:00,24.5
2025-06-12 03:22:00,93.3
2025-06-12 14:56:00,58.0
2025-06-12 16:15:00,98.0
2025-06-12 13:45:00,38.7
2025-06-12 10:54:00,28.1
2025-06-12 01:52:00,98.0
2025-06-12 16:55:00,0.8
2025-06-12 14:11:00,99.7
2025-06-12 03:21:00,37.0
2025-06-12 15:21:00,75.2
2025-06-12 13:01:00,71.6
2025-06-12 09:29:00,38.8
2025-06-12 06:29:00,94.6
2025-06-12 00:04:00,23.1
2025-06-12 21:31:00,18.9
2025-06-12 19:52:00,9.6
2025-06-12 15:08:00,56.0
2025-06-12 02:43:00,8.3
2025-06-12 11:35:00,22.0
2025-06-12 22:05:00,26.0
2025-06-12 13:09:00,49.63956792297757
2025-06-12 04:06:00,62.5
2025-06-12 11:31:00,49.63956792297757
2025-06-12 02:56:00,22.8
2025-06-12 09:02:00,95.4
2025-06-12 15:13:00,71.7
2025-06-12 16:53:00,49.63956792297757
2025-06-12 05:00:00,36.5
2025-06-12 00:43:00,49.63956792297757
2025-06-12 14:42:00,65.4
2025-06-12 14:56:00,8.9
2025-06-12 01:50:00,49.63956792297757
2025-06-12 05:54:00,22.2
2025-06-12 13:45:00,14.3
2025-06-12 16:42:00,80.2
2025-06-12 16:33:00,22.3
2025-06-12 17:23:00,19.5
2025-06-12 10:44:00,62.0
2025-06-12 01:26:00,2.0
2025-06-12 02:27:00,69.1
2025-06-12 12:02:00,49.63956792297757
2025-06-12 18:59:00,43.5
2025-06-12 21:27:00,32.8
2025-06-12 13:38:00,19.9
2025-06-12 18:51:00,53.2
2025-06-12 05:51:00,19.3
2025-06-12 01:08:00,25.3
2025-06-12 21:02:00,97.9
2025-06-12 02:24:00,45.0
2025-06-12 08:28:00,49.63956792297757
2025-06-12 11:26:00,0.5
2025-06-12 18:08:00,69.0
2025-06-12 22:48:00,89.2
2025-06-12 13:52:00,74.1
2025-06-12 17:15:00,49.63956792297757
2025-06-12 06:58:00,5.4
2025-06-12 10:22:00,68.0
2025-06-12 14:44:00,79.3
2025-06-12 20:36:00,43.4
2025-06-12 22:36:00,49.63956792297757
2025-06-12 12:38:00,21.2
2025-06-12 16:27:00,12.8
2025-06-12 07:36:00,55.5
2025-06-12 23:59:00,49.63956792297757
2025-06-12 11:39:00,28.2
2025-06-12 11:13:00,66.7
2025-06-12 15:40:00,90.6
2025-06-12 06:16:00,81.5
2025-06-12 14:58:00,19.5
2025-06-12 20:51:00,71.3
2025-06-12 08:34:00,29.5
2025-06-12 05:50:00,21.0
2025-06-12 10:59:00,54.6
2025-06-12 18:05:00,13.7
2025-06-12 07:36:00,45.5
2025-06-12 13:00:00,83.5
2025-06-12 20:17:00,6.1
2025-06-12 19:45:00,61.4
2025-06-12 07:56:00,41.7
2025-06-12 04:45:00,19.3
2025-06-12 16:12:00,92.4
2025-06-12 23:01:00,49.63956792297757
2025-06-12 12:09:00,60.3
2025-06-12 10:24:00,96.8
2025-06-12 19:37:00,92.7
2025-06-12 19:00:00,93.5
2025-06-12 15:06:00,17.0
2025-06-12 11:47:00,82.3
2025-06-12 12:24:00,41.9
2025-06-12 10:04:00,0.0
2025-06-12 23:55:00,49.63956792297757
2025-06-12 05:18:00,57.3
2025-06-12 09:15:00,58.6
2025-06-12 04:04:00,5.5
2025-06-12 13:25:00,58.8
2025-06-12 20:36:00,23.5
2025-06-12 01:03:00,49.63956792297757
2025-06-12 09:15:00,8.9
2025-06-12 11:23:00,49.63956792297757
2025-06-12 06:53:00,91.7
2025-06-12 02:37:00,38.2
2025-06-12 05:55:00,85.2
2025-06-12 23:00:00,0.5
2025-06-12 00:33:00,86.6
2025-06-12 04:12:00,16.8
2025-06-12 15:00:00,7.9
2025-06-12 15:52:00,95.8
2025-06-12 09:24:00,97.0
2025-06-12 21:36:00,76.1
2025-06-12 03:52:00,24.6
2025-06-12 01:01:00,81.5
2025-06-12 15:45:00,79.9
2025-06-12 06:18:00,49.63956792297757
2025-06-12 13:51:00,80.3
2025-06-12 06:22:00,77.1
2025-06-12 21:39:00,49.63956792297757
2025-06-12 08:17:00,48.0
2025-06-12 07:02:00,1.2
2025-06-12 06:13:00,58.2
2025-06-12 23:29:00,41.6
2025-06-12 16:30:00,4.6
2025-06-12 04:54:00,34.3
2025-06-12 04:48:00,38.2
2025-06-12 04:31:00,98.6
2025-06-12 15:12:00,49.63956792297757
2025-06-12 17:45:00,73.9
2025-06-12 15:52:00,42.6
2025-06-12 08:14:00,15.6
2025-06-12 22:09:00,49.63956792297757
2025-06-12 15:36:00,97.2
2025-06-12 22:23:00,55.2
2025-06-12 09:37:00,28.7
2025-06-12 19:30:00,49.63956792297757
2025-06-12 18:07:00,91.4
2025-06-12 18:58:00,49.63956792297757
2025-06-12 04:00:00,4.7
2025-06-12 22:23:00,49.63956792297757
2025-06-12 02:33:00,16.2
2025-06-12 10:32:00,70.1
2025-06-12 11:14:00,19.5
2025-06-12 23:28:00,87.8
2025-06-12 08:44:00,57.6
2025-06-12 03:56:00,1.6
2025-06-12 09:48:00,69.5
2025-06-12 01:52:00,51.5
2025-06-12 20:28:00,54.6
2025-06-12 01:04:00,82.9
2025-06-12 20:16:00,30.8
2025-06-12 14:53:00,37.4
2025-06-12 16:07:00,78.6
2025-06-12 01:30:00,77.0
2025-06-12 06:41:00,30.7
2025-06-12 18:55:00,18.2
2025-06-12 18:41:00,8.1
2025-06-12 21:28:00,44.1
2025-06-12 02:39:00,49.63956792297757
2025-06-12 05:34:00,65.6
2025-06-12 07:02:00,99.5
2025-06-12 11:11:00,49.63956792297757
2025-06-12 20:44:00,3.7
2025-06-12 01:51:00,49.63956792297757
2025-06-12 06:29:00,49.63956792297757
2025-06-12 05:16:00,69.0
2025-06-12 13:26:00,3.1
2025-06-12 08:43:00,49.63956792297757
2025-06-12 21:05:00,49.63956792297757
2025-06-12 21:47:00,88.0
2025-06-12 19:23:00,5.6
2025-06-12 07:08:00,84.1
2025-06-12 00:12:00,63.7
2025-06-12 07:07:00,93.5
2025-06-12 09:01:00,15.4
2025-06-12 06:18:00,30.0
2025-06-12 18:17:00,23.6
2025-06-12 03:42:00,56.3
2025-06-12 03:28:00,79.3
2025-06-12 01:59:00,59.0
2025-06-12 03:42:00,38.7
2025-06-12 05:07:00,60.9
2025-06-12 15:51:00,15.4
2025-06-12 15:49:00,48.2
2025-06-12 13:59:00,31.4
2025-06-12 08:56:00,28.7
2025-06-12 13:55:00,52.2
2025-06-12 18:33:00,56.8
2025-06-12 03:40:00,49.63956792297757
2025-06-12 12:14:00,3.0
2025-06-12 22:24:00,40.1
2025-06-12 10:25:00,39.9
2025-06-12 00:23:00,19.8
2025-06-12 23:17:00,10.7
2025-06-12 09:19:00,73.4
2025-06-12 11:49:00,37.6
2025-06-12 12:59:00,49.63956792297757
2025-06-12 23:38:00,57.8
2025-06-12 21:08:00,28.9
2025-06-12 02:59:00,41.3
2025-06-12 03:45:00,64.6
2025-06-12 13:40:00,64.7
2025-06-12 14:37:00,49.8
2025-06-12 12:51:00,88.4
2025-06-12 05:06:00,50.29152382078261
2025-06-12 02:47:00,51.4
2025-06-12 01:20:00,72.9
2025-06-12 16:46:00,82.7
2025-06-12 01:35:00,64.0
2025-06-12 19:38:00,87.2
2025-06-12 15:48:00,20.2
2025-06-12 07:19:00,10.7
2025-06-12 04:11:00,48.2
2025-06-12 19:32:00,66.4
2025-06-12 02:06:00,39.6
2025-06-12 00:33:00,79.9
2025-06-12 02:02:00,55.0
2025-06-12 00:52:00,48.3
2025-06-12 18:01:00,94.8
2025-06-12 18:20:00,77.7
2025-06-12 18:21:00,85.6
2025-06-12 14:34:00,91.0
2025-06-12 11:50:00,5.7
2025-06-12 18:39:00,82.6
2025-06-12 16:56:00,40.7
2025-06-12 03:37:00,10.4
2025-06-12 02:51:00,50.29152382078261
2025-06-12 22:32:00,20.9
2025-06-12 14:19:00,89.8
2025-06-12 11:20:00,80.3
2025-06-12 21:11:00,87.0
2025-06-12 01:51:00,6.7
2025-06-12 20:13:00,8.0
2025-06-12 17:49:00,98.1
2025-06-12 05:40:00,39.4
2025-06-12 13:16:00,73.4
2025-06-12 02:35:00,29.0
2025-06-12 01:49:00,65.9
2025-06-12 14:17:00,50.29152382078261
2025-06-12 00:12:00,59.6
2025-06-12 22:13:00,30.1
2025-06-12 14:48:00,64.7
2025-06-12 18:16:00,34.5
2025-06-12 03:51:00,32.9
2025-06-12 22:52:00,43.6
2025-06-12 18:20:00,50.29152382078261
2025-06-12 19:24:00,46.9
2025-06-12 13:45:00,50.29152382078261
2025-06-12 17:43:00,91.9
2025-06-12 19:12:00,50.29152382078261
2025-06-12 06:11:00,35.1
2025-06-12 15:39:00,67.6
2025-06-12 09:47:00,3.9
2025-06-12 00:19:00,26.0
2025-06-12 13:53:00,65.3
2025-06-12 12:37:00,2.9
2025-06-12 04:21:00,90.0
2025-06-12 15:41:00,99.9
2025-06-12 10:32:00,24.0
2025-06-12 16:07:00,42.3
2025-06-12 23:58:00,15.5
2025-06-12 09:35:00,71.6
2025-06-12 13:46:00,59.7
2025-06-12 21:16:00,64.3
2025-06-12 16:53:00,69.2
2025-06-12 09:55:00,37.8
2025-06-12 20:33:00,22.8
2025-06-12 07:11:00,91.6
2025-06-12 01:43:00,62.1
2025-06-12 10:33:00,96.3
2025-06-12 10:26:00,0.7
2025-06-12 17:12:00,98.9
2025-06-12 15:00:00,91.2
2025-06-12 19:38:00,4.2
2025-06-12 15:11:00,79.6
2025-06-12 12:07:00,62.6
2025-06-12 20:24:00,86.9
2025-06-12 00:05:00,70.1
2025-06-12 22:07:00,50.29152382078261
2025-06-12 18:27:00,45.1
2025-06-12 09:26:00,50.29152382078261
2025-06-12 11:25:00,26.8
2025-06-12 01:33:00,83.2
2025-06-12 14:30:00,50.29152382078261
2025-06-12 07:27:00,61.6
2025-06-12 14:09:00,50.29152382078261
2025-06-12 06:38:00,50.29152382078261
2025-06-12 04:53:00,15.8
2025-06-12 05:09:00,70.7
2025-06-12 22:15:00,50.29152382078261
2025-06-12 10:20:00,9.0
2025-06-12 17:54:00,7.0
2025-06-12 03:42:00,43.6
2025-06-12 06:38:00,34.6
2025-06-12 09:45:00,9.8
2025-06-12 15:40:00,66.6
2025-06-12 02:52:00,50.29152382078261
2025-06-12 07:15:00,71.8
2025-06-12 07:50:00,50.29152382078261
2025-06-12 00:06:00,67.8
2025-06-12 02:23:00,31.5
2025-06-12 19:22:00,72.0
2025-06-12 16:27:00,30.0
2025-06-12 19:06:00,51.6
2025-06-12 15:30:00,98.3
2025-06-12 05:07:00,50.29152382078261
2025-06-12 03:41:00,21.7
2025-06-12 09:59:00,30.4
2025-06-12 04:39:00,50.29152382078261
2025-06-12 12:14:00,84.8
2025-06-12 06:11:00,9.0
2025-06-12 11:26:00,50.29152382078261
2025-06-12 13:08:00,74.7
2025-06-12 07:06:00,52.4
2025-06-12 06:00:00,41.8
2025-06-12 04:10:00,60.6
2025-06-12 03:28:00,30.9
2025-06-12 02:30:00,47.4
2025-06-12 18:09:00,23.2
2025-06-12 13:09:00,61.1
2025-06-12 07:57:00,42.7
2025-06-12 22:16:00,93.4
2025-06-12 00:40:00,14.4
2025-06-12 12:48:00,19.4
2025-06-12 20:02:00,93.7
2025-06-12 17:33:00,78.2
2025-06-12 04:05:00,44.3
2025-06-12 18:09:00,77.3
2025-06-12 12:25:00,64.6
2025-06-12 00:43:00,50.29152382078261
2025-06-12 21:13:00,27.4
2025-06-12 10:07:00,46.3
2025-06-12 21:07:00,45.4
2025-06-12 14:04:00,91.0
2025-06-12 18:17:00,50.29152382078261
2025-06-12 20:48:00,4.8
2025-06-12 18:19:00,37.9
2025-06-12 00:25:00,59.7
2025-06-12 19:22:00,50.29152382078261
2025-06-12 11:20:00,79.8
2025-06-12 08:55:00,50.0
2025-06-12 21:32:00,67.5
2025-06-12 09:17:00,50.29152382078261
2025-06-12 05:22:00,62.5
2025-06-12 09:37:00,19.6
2025-06-12 13:01:00,63.1
2025-06-12 21:10:00,10.2
2025-06-12 02:42:00,6.2
2025-06-12 07:18:00,50.29152382078261
2025-06-12 01:36:00,50.29152382078261
2025-06-12 02:11:00,47.3
2025-06-12 22:10:00,50.29152382078261
2025-06-12 19:37:00,52.0
2025-06-12 14:08:00,29.3
2025-06-12 01:47:00,10.3
2025-06-12 23:29:00,1.9
2025-06-12 23:58:00,23.4
2025-06-12 09:58:00,44.5
2025-06-12 09:09:00,50.29152382078261
2025-06-12 03:46:00,66.6
2025-06-12 23:04:00,65.9
2025-06-12 20:25:00,63.4
2025-06-12 17:31:00,20.8
2025-06-12 03:41:00,50.29152382078261
2025-06-12 17:03:00,47.2
2025-06-12 04:22:00,30.4
2025-06-12 10:39:00,34.8
2025-06-12 17:57:00,13.8
2025-06-12 01:27:00,50.29152382078261
2025-06-12 18:52:00,50.29152382078261
2025-06-12 02:07:00,25.9
2025-06-12 06:30:00,88.4
2025-06-12 01:38:00,99.3
2025-06-12 11:51:00,74.6
2025-06-12 21:36:00,32.3
2025-06-12 21:24:00,23.8
2025-06-12 02:59:00,65.2
2025-06-12 12:39:00,56.5
2025-06-12 10:22:00,3.0
2025-06-12 12:08:00,27.8
2025-06-12 12:07:00,34.6
2025-06-12 21:27:00,69.6
2025-06-12 11:47:00,50.29152382078261
2025-06-12 00:20:00,50.29152382078261
2025-06-12 12:32:00,38.9
2025-06-12 20:58:00,62.1
2025-06-12 00:56:00,89.8
2025-06-12 03:24:00,50.29152382078261
2025-06-12 02:54:00,62.2
2025-06-12 19:48:00,46.4
2025-06-12 04:34:00,50.29152382078261
2025-06-12 13:17:00,50.29152382078261
2025-06-12 02:04:00,65.7
2025-06-12 14:24:00,62.2
2025-06-12 23:09:00,2.7
2025-06-12 23:26:00,33.0
2025-06-12 19:33:00,67.2
2025-06-12 08:43:00,50.29152382078261
2025-06-12 13:14:00,21.7
2025-06-12 09:15:00,11.0
2025-06-12 12:22:00,52.4
2025-06-12 14:11:00,50.29152382078261
2025-06-12 13:30:00,49.8
2025-06-12 19:57:00,50.29152382078261
2025-06-12 22:42:00,1.5
2025-06-12 03:30:00,36.6
2025-06-12 10:31:00,32.9
2025-06-12 07:10:00,64.8
2025-06-12 13:59:00,48.9
2025-06-12 12:28:00,62.0
2025-06-12 22:26:00,50.29152382078261
2025-06-12 22:55:00,62.3
2025-06-12 05:50:00,25.3
2025-06-12 20:45:00,20.9
2025-06-12 09:20:00,29.9
2025-06-12 11:55:00,88.6
2025-06-12 04:33:00,46.7
2025-06-12 04:33:00,50.29152382078261
2025-06-12 09:57:00,35.1
2025-06-12 23:35:00,21.7
2025-06-12 10:06:00,74.0
2025-06-12 04:47:00,17.8
2025-06-12 10:05:00,76.4
2025-06-12 07:33:00,97.7
2025-06-12 08:14:00,50.29152382078261
2025-06-12 09:09:00,9.0
2025-06-12 05:27:00,32.1
2025-06-12 22:59:00,50.29152382078261
2025-06-12 12:23:00,2.7
2025-06-12 09:56:00,51.1
2025-06-12 03:20:00,28.3
2025-06-12 03:26:00,11.1
2025-06-12 05:04:00,50.29152382078261
2025-06-12 07:40:00,30.0
2025-06-12 22:33:00,24.9
2025-06-12 04:14:00,50.29152382078261
2025-06-12 00:12:00,36.1
2025-06-12 15:53:00,8.3
2025-06-12 03:01:00,53.3
2025-06-12 00:55:00,49.1
2025-06-12 03:44:00,65.0
2025-06-12 05:21:00,43.1
2025-06-12 10:14:00,44.6
2025-06-12 01:10:00,66.2
2025-06-12 23:01:00,29.3
2025-06-12 04:56:00,50.29152382078261
2025-06-12 02:30:00,50.29152382078261
2025-06-12 16:37:00,17.4
2025-06-12 03:10:00,8.7
2025-06-12 14:10:00,22.9
2025-06-12 23:59:00,74.8
2025-06-12 19:34:00,97.8
2025-06-12 12:50:00,77.7
2025-06-12 00:09:00,50.29152382078261
2025-06-12 22:33:00,23.1
2025-06-12 06:52:00,17.8
2025-06-12 09:52:00,7.7
2025-06-12 10:20:00,18.4
2025-06-12 05:57:00,90.4
2025-06-12 19:23:00,50.29152382078261
2025-06-12 17:22:00,22.3
2025-06-12 22:54:00,81.0
2025-06-12 01:56:00,78.5
2025-06-12 11:00:00,8.5
2025-06-12 17:05:00,17.1
2025-06-12 18:12:00,25.3
2025-06-12 11:49:00,80.4
2025-06-12 01:59:00,67.9
2025-06-12 18:33:00,50.29152382078261
2025-06-12 22:58:00,61.9
2025-06-12 00:09:00,50.29152382078261
2025-06-12 00:54:00,49.0
2025-06-12 17:37:00,33.7
2025-06-12 04:11:00,73.3
2025-06-12 21:59:00,45.4
2025-06-12 17:54:00,13.8
2025-06-12 23:47:00,45.9
2025-06-12 15:49:00,52.5
2025-06-12 07:20:00,50.29152382078261
2025-06-12 08:16:00,50.29152382078261
2025-06-12 18:04:00,99.4
2025-06-12 10:33:00,50.29152382078261
2025-06-12 14:55:00,50.29152382078261
2025-06-12 02:37:00,85.8
2025-06-12 18:30:00,35.0
2025-06-12 03:09:00,20.1
2025-06-12 15:34:00,10.2
2025-06-12 00:55:00,33.0
2025-06-12 02:03:00,72.3
2025-06-12 10:13:00,93.8
2025-06-12 00:02:00,50.29152382078261
2025-06-12 05:08:00,95.8
2025-06-12 11:13:00,63.1
2025-06-12 23:32:00,81.1
2025-06-12 12:41:00,48.0
2025-06-12 17:44:00,92.5
2025-06-12 06:12:00,15.9
2025-06-12 01:21:00,19.2
2025-06-12 15:56:00,52.1
2025-06-12 18:59:00,40.1
2025-06-12 07:16:00,62.5
2025-06-12 20:11:00,53.0
2025-06-12 01:34:00,99.9
2025-06-12 03:13:00,62.0
2025-06-12 12:16:00,60.3
2025-06-12 17:36:00,25.4
2025-06-12 09:10:00,90.2
2025-06-12 05:49:00,63.9
2025-06-12 07:11:00,67.2
2025-06-12 02:02:00,78.3
2025-06-12 07:54:00,1.9
2025-06-12 08:03:00,6.1
2025-06-12 20:00:00,50.29152382078261
2025-06-12 02:11:00,50.29152382078261
2025-06-12 23:32:00,32.2
2025-06-12 19:15:00,97.7
2025-06-12 07:14:00,73.5
2025-06-12 05:10:00,58.9
2025-06-12 14:07:00,19.0
2025-06-12 15:14:00,50.29152382078261
2025-06-12 18:55:00,81.3
2025-06-12 19:51:00,12.2
2025-06-12 06:04:00,50.15830883217688
2025-06-12 18:43:00,92.7
2025-06-12 14:58:00,2.2
2025-06-12 19:42:00,80.5
2025-06-12 12:01:00,45.4
2025-06-12 07:25:00,15.7
2025-06-12 02:08:00,51.5
2025-06-12 17:31:00,3.7
2025-06-12 07:43:00,27.7
2025-06-12 22:12:00,13.3
2025-06-12 06:26:00,97.1
2025-06-12 04:18:00,77.3
2025-06-12 12:13:00,36.1
2025-06-12 21:20:00,38.6
2025-06-12 04:30:00,50.15830883217688
2025-06-12 05:10:00,1.3
2025-06-12 12:22:00,14.3
2025-06-12 01:56:00,41.1
2025-06-12 08:52:00,16.9
2025-06-12 02:58:00,50.15830883217688
2025-06-12 05:36:00,39.3
2025-06-12 00:40:00,42.6
2025-06-12 02:13:00,78.1
2025-06-12 19:02:00,50.15830883217688
2025-06-12 23:22:00,50.15830883217688
2025-06-12 03:16:00,88.0
2025-06-12 14:13:00,13.0
2025-06-12 00:51:00,9.5
2025-06-12 09:50:00,77.8
2025-06-12 21:43:00,93.4
2025-06-12 08:48:00,50.15830883217688
2025-06-12 09:59:00,18.6
2025-06-12 05:32:00,41.0
2025-06-12 14:16:00,97.0
2025-06-12 05:45:00,50.15830883217688
2025-06-12 01:08:00,82.5
2025-06-12 11:18:00,92.6
2025-06-12 18:33:00,97.5
2025-06-12 09:54:00,50.15830883217688
2025-06-12 05:21:00,20.2
2025-06-12 14:33:00,81.9
2025-06-12 18:44:00,99.1
2025-06-12 07:07:00,89.1
2025-06-12 09:57:00,58.8
2025-06-12 23:27:00,50.15830883217688
2025-06-12 12:32:00,32.2
2025-06-12 03:36:00,61.3
2025-06-12 13:12:00,45.5
2025-06-12 06:25:00,50.15830883217688
2025-06-12 20:50:00,38.4
2025-06-12 20:45:00,50.15830883217688
2025-06-12 22:10:00,49.9
2025-06-12 22:16:00,30.9
2025-06-12 09:40:00,86.0
2025-06-12 02:31:00,64.6
2025-06-12 08:00:00,50.15830883217688
2025-06-12 19:12:00,46.1
2025-06-12 18:27:00,50.15830883217688
2025-06-12 08:03:00,80.5
2025-06-12 18:23:00,51.3
2025-06-12 18:15:00,75.9
2025-06-12 05:09:00,3.3
2025-06-12 17:39:00,38.9
2025-06-12 12:24:00,21.4
2025-06-12 03:51:00,50.15830883217688
2025-06-12 00:38:00,50.15830883217688
2025-06-12 07:13:00,14.9
2025-06-12 10:12:00,66.1
2025-06-12 03:16:00,50.15830883217688
2025-06-12 15:33:00,50.3
2025-06-12 07:22:00,47.0
2025-06-12 01:04:00,78.0
2025-06-12 02:07:00,20.1
2025-06-12 06:21:00,45.8
2025-06-12 04:07:00,3.9
2025-06-12 14:53:00,16.8
2025-06-12 23:39:00,74.7
2025-06-12 08:26:00,63.8
2025-06-12 02:42:00,59.2
2025-06-12 06:53:00,54.9
2025-06-12 16:42:00,72.1
2025-06-12 12:17:00,50.15830883217688
2025-06-12 19:01:00,37.4
2025-06-12 06:40:00,62.4
2025-06-12 07:42:00,12.0
2025-06-12 18:07:00,0.6
2025-06-12 16:51:00,90.6
2025-06-12 04:23:00,45.8
2025-06-12 04:04:00,99.9
2025-06-12 07:25:00,91.8
2025-06-12 22:59:00,97.5
2025-06-12 05:18:00,28.4
2025-06-12 17:12:00,61.7
2025-06-12 18:47:00,89.4
2025-06-12 18:51:00,93.9
2025-06-12 19:18:00,99.0
2025-06-12 05:48:00,71.1
2025-06-12 12:24:00,26.1
2025-06-12 06:16:00,50.15830883217688
2025-06-12 05:22:00,50.15830883217688
2025-06-12 05:54:00,37.3
2025-06-12 18:10:00,8.6
2025-06-12 12:33:00,6.2
2025-06-12 21:25:00,19.9
2025-06-12 10:57:00,50.15830883217688
2025-06-12 02:07:00,88.2
2025-06-12 22:20:00,44.5
2025-06-12 12:50:00,33.6
2025-06-12 00:11:00,47.2
2025-06-12 04:45:00,74.4
2025-06-12 13:55:00,4.5
2025-06-12 06:28:00,66.8
2025-06-12 03:10:00,10.3
2025-06-12 23:28:00,75.7
2025-06-12 04:58:00,59.4
2025-06-12 03:41:00,79.7
2025-06-12 21:08:00,58.0
2025-06-12 20:42:00,28.6
2025-06-12 21:04:00,50.15830883217688
2025-06-12 13:35:00,34.0
2025-06-12 04:10:00,55.2
2025-06-12 13:16:00,8.4
2025-06-12 12:24:00,33.1
2025-06-12 07:20:00,43.1
2025-06-12 18:06:00,66.5
2025-06-12 07:14:00,65.5
2025-06-12 13:47:00,28.7
2025-06-12 03:01:00,51.8
2025-06-12 21:50:00,7.9
2025-06-12 07:28:00,97.7
2025-06-12 07:00:00,15.9
2025-06-12 23:51:00,1.3
2025-06-12 06:45:00,8.0
2025-06-12 11:31:00,61.8
2025-06-12 06:28:00,0.7
2025-06-12 01:10:00,5.6
2025-06-12 05:42:00,6.1
2025-06-12 16:39:00,48.3
2025-06-12 21:58:00,30.6
2025-06-12 17:36:00,95.8
2025-06-12 09:30:00,36.7
2025-06-12 20:49:00,55.7
2025-06-12 09:32:00,50.15830883217688
2025-06-12 00:28:00,50.15830883217688
2025-06-12 10:29:00,24.6
2025-06-12 16:46:00,67.8
2025-06-12 07:16:00,50.15830883217688
2025-06-12 03:05:00,42.7
2025-06-12 16:08:00,90.8
2025-06-12 02:22:00,24.2
2025-06-12 00:13:00,56.2
2025-06-12 07:56:00,38.5
2025-06-12 22:50:00,85.0
2025-06-12 23:36:00,92.8
2025-06-12 01:35:00,32.3
2025-06-12 14:33:00,37.8
2025-06-12 18:47:00,1.9
2025-06-12 04:04:00,50.15830883217688
2025-06-12 09:29:00,84.9
2025-06-12 16:20:00,15.5
2025-06-12 11:39:00,46.7
2025-06-12 23:05:00,81.7
2025-06-12 10:48:00,50.15830883217688
2025-06-12 07:17:00,29.5
2025-06-12 23:36:00,32.1
2025-06-12 00:21:00,62.4
2025-06-12 17:18:00,79.7
2025-06-12 17:33:00,90.8
2025-06-12 10:14:00,3.2
2025-06-12 17:00:00,8.8
2025-06-12 07:46:00,74.6
2025-06-12 05:15:00,33.4
2025-06-12 15:08:00,60.7
2025-06-12 00:18:00,95.0
2025-06-12 13:11:00,49.3
2025-06-12 19:23:00,50.15830883217688
2025-06-12 17:28:00,44.9
2025-06-12 16:15:00,25.8
2025-06-12 06:55:00,96.6
2025-06-12 00:29:00,59.5
2025-06-12 21:32:00,50.15830883217688
2025-06-12 22:39:00,77.9
2025-06-12 01:32:00,83.5
2025-06-12 09:32:00,58.8
2025-06-12 15:16:00,97.0
2025-06-12 04:06:00,14.3
2025-06-12 20:56:00,86.7
2025-06-12 14:00:00,84.5
2025-06-12 08:39:00,58.1
2025-06-12 23:49:00,29.2
2025-06-12 07:24:00,92.2
2025-06-12 20:48:00,54.5
2025-06-12 17:05:00,98.8
2025-06-12 19:17:00,12.3
2025-06-12 20:18:00,50.15830883217688
2025-06-12 17:19:00,50.15830883217688
2025-06-12 18:36:00,22.0
2025-06-12 08:49:00,43.4
2025-06-12 18:45:00,48.1
2025-06-12 00:50:00,79.5
2025-06-12 10:23:00,41.1
2025-06-12 14:19:00,71.0
2025-06-12 07:20:00,26.6
2025-06-12 03:10:00,14.2
2025-06-12 01:18:00,55.1
2025-06-12 17:35:00,50.15830883217688
2025-06-12 19:56:00,57.2
2025-06-12 22:52:00,92.8
2025-06-12 06:42:00,84.5
2025-06-12 20:28:00,84.2
2025-06-12 08:03:00,50.15830883217688
2025-06-12 04:28:00,25.8
2025-06-12 12:24:00,57.9
2025-06-12 05:07:00,50.15830883217688
2025-06-12 20:28:00,19.0
2025-06-12 16:02:00,43.5
2025-06-12 10:32:00,74.3
2025-06-12 12:56:00,9.7
2025-06-12 11:11:00,2.9
2025-06-12 08:15:00,70.0
2025-06-12 06:13:00,50.15830883217688
2025-06-12 09:51:00,78.8
2025-06-12 19:55:00,59.5
2025-06-12 01:46:00,90.1
2025-06-12 01:44:00,46.2
2025-06-12 11:57:00,39.2
2025-06-12 23:29:00,6.6
2025-06-12 20:43:00,39.8
2025-06-12 03:06:00,50.15830883217688
2025-06-12 14:19:00,64.1
2025-06-12 12:59:00,8.4
2025-06-12 03:20:00,69.2
2025-06-12 01:04:00,4.9
2025-06-12 12:16:00,50.15830883217688
2025-06-12 05:28:00,86.4
2025-06-12 07:59:00,90.7
2025-06-12 22:28:00,64.9
2025-06-12 21:52:00,66.7
2025-06-12 21:08:00,12.5
2025-06-12 03:38:00,54.0
2025-06-12 21:10:00,1.3
2025-06-12 00:33:00,43.6
2025-06-12 19:31:00,59.0
2025-06-12 03:46:00,50.15830883217688
2025-06-12 22:47:00,48.5
2025-06-12 17:14:00,83.4
2025-06-12 08:18:00,61.7
2025-06-12 20:35:00,6.5
2025-06-12 06:18:00,80.5
2025-06-12 09:18:00,86.3
2025-06-12 09:05:00,37.2
2025-06-12 21:28:00,39.2
2025-06-12 13:57:00,40.0
2025-06-12 21:18:00,75.4
2025-06-12 19:02:00,50.15830883217688
2025-06-12 14:50:00,98.8
2025-06-12 17:03:00,56.9
2025-06-12 19:33:00,72.5
2025-06-12 01:06:00,37.6
2025-06-12 12:22:00,50.15830883217688
2025-06-12 04:56:00,50.15830883217688
2025-06-12 11:16:00,50.15830883217688
2025-06-12 22:05:00,30.0
2025-06-12 11:33:00,69.3
2025-06-12 03:34:00,32.8
2025-06-12 14:19:00,97.0
2025-06-12 17:14:00,57.8
2025-06-12 16:17:00,16.6
2025-06-12 13:31:00,50.15830883217688
2025-06-12 23:27:00,84.3
2025-06-12 05:44:00,12.8
2025-06-12 08:58:00,28.3
2025-06-12 16:39:00,65.6
2025-06-12 17:52:00,66.4
2025-06-12 10:57:00,62.7
2025-06-12 19:35:00,27.1
2025-06-12 04:14:00,97.5
2025-06-12 03:23:00,85.2
2025-06-12 19:03:00,4.7
2025-06-12 06:12:00,50.15830883217688
2025-06-12 07:09:00,81.9
2025-06-12 06:09:00,86.8
2025-06-12 01:30:00,17.4
2025-06-12 15:08:00,41.1
2025-06-12 15:42:00,50.15830883217688
2025-06-12 12:03:00,59.8
2025-06-12 11:43:00,50.15830883217688
2025-06-12 05:27:00,25.2
2025-06-12 10:03:00,70.5
2025-06-12 13:37:00,85.5
2025-06-12 08:55:00,97.2
2025-06-12 10:09:00,22.4
2025-06-12 20:35:00,50.15830883217688
2025-06-12 19:45:00,8.3
2025-06-12 11:07:00,50.15830883217688
2025-06-12 15:15:00,82.9
2025-06-12 17:36:00,50.15830883217688
2025-06-12 06:44:00,61.0
2025-06-12 15:32:00,75.3
2025-06-12 19:38:00,69.4
2025-06-12 03:17:00,42.9
2025-06-12 00:44:00,45.2
2025-06-12 13:54:00,50.15830883217688
2025-06-12 01:07:00,92.1
2025-06-12 09:04:00,83.2
2025-06-12 03:12:00,89.1
2025-06-12 06:05:00,40.7
2025-06-12 09:05:00,33.8
2025-06-12 19:19:00,68.8
2025-06-12 05:57:00,92.9
2025-06-12 06:46:00,50.15830883217688
2025-06-12 08:10:00,94.9
2025-06-12 08:36:00,81.2
2025-06-12 21:41:00,42.3
2025-06-12 23:53:00,46.9
2025-06-12 09:27:00,16.9
2025-06-12 19:13:00,52.2
2025-06-12 05:59:00,85.0
2025-06-12 07:21:00,29.6
2025-06-12 09:11:00,15.9
2025-06-12 20:36:00,12.8
2025-06-12 06:19:00,76.9
2025-06-12 00:42:00,63.4
2025-06-12 03:22:00,98.4
2025-06-12 14:02:00,32.1
2025-06-12 10:06:00,3.4
2025-06-12 04:28:00,96.6
2025-06-12 18:39:00,51.2
2025-06-12 13:06:00,36.5
2025-06-12 07:09:00,92.1
2025-06-12 21:22:00,61.6
2025-06-12 02:30:00,31.5
2025-06-12 10:44:00,68.5
2025-06-12 02:12:00,4.6
2025-06-12 13:43:00,50.5
2025-06-12 03:18:00,50.8
2025-06-12 08:57:00,75.9
2025-06-12 07:11:00,19.9
2025-06-12 22:45:00,20.9
2025-06-12 14:51:00,83.4
2025-06-12 13:17:00,50.05645730416373
2025-06-12 18:18:00,47.7
2025-06-12 10:43:00,52.3
2025-06-12 01:47:00,36.0
2025-06-12 10:14:00,62.1
2025-06-12 09:55:00,50.05645730416373
2025-06-12 07:00:00,40.3
2025-06-12 14:13:00,1.5
2025-06-12 11:30:00,25.3
2025-06-12 08:54:00,80.8
2025-06-12 17:34:00,80.2
2025-06-12 22:40:00,64.2
2025-06-12 06:13:00,88.4
2025-06-12 03:56:00,41.7
2025-06-12 02:16:00,17.3
2025-06-12 04:16:00,47.6
2025-06-12 21:14:00,7.9
2025-06-12 07:05:00,50.05645730416373
2025-06-12 01:50:00,41.1
2025-06-12 23:32:00,9.2
2025-06-12 11:52:00,28.0
2025-06-12 23:50:00,47.1
2025-06-12 22:40:00,48.2
2025-06-12 15:22:00,3.9
2025-06-12 16:00:00,87.0
2025-06-12 00:44:00,73.7
2025-06-12 16:10:00,72.3
2025-06-12 14:14:00,5.2
2025-06-12 19:45:00,55.2
2025-06-12 02:54:00,50.05645730416373
2025-06-12 22:42:00,81.9
2025-06-12 12:02:00,50.05645730416373
2025-06-12 18:55:00,50.05645730416373
2025-06-12 18:44:00,50.9
2025-06-12 02:50:00,25.6
2025-06-12 10:27:00,50.05645730416373
2025-06-12 10:45:00,58.5
2025-06-12 15:17:00,36.6
2025-06-12 08:28:00,17.8
2025-06-12 11:45:00,45.4
2025-06-12 03:12:00,42.9
2025-06-12 23:58:00,50.05645730416373
2025-06-12 22:56:00,64.3
2025-06-12 22:08:00,31.8
2025-06-12 20:29:00,50.05645730416373
2025-06-12 06:22:00,85.3
2025-06-12 00:47:00,37.4
2025-06-12 00:35:00,79.9
2025-06-12 14:30:00,47.9
2025-06-12 21:49:00,69.3
2025-06-12 20:49:00,50.05645730416373
2025-06-12 14:47:00,68.6
2025-06-12 23:07:00,17.7
2025-06-12 06:52:00,59.1
2025-06-12 19:24:00,75.8
2025-06-12 02:09:00,68.1
2025-06-12 12:27:00,58.4
2025-06-12 20:22:00,50.05645730416373
2025-06-12 06:17:00,50.05645730416373
2025-06-12 20:32:00,56.9
2025-06-12 17:01:00,85.7
2025-06-12 04:06:00,19.9
2025-06-12 12:23:00,41.1
2025-06-12 06:39:00,57.0
2025-06-12 03:51:00,44.6
2025-06-12 13:08:00,73.1
2025-06-12 04:37:00,90.5
2025-06-12 04:25:00,30.6
2025-06-12 11:03:00,26.9
2025-06-12 03:21:00,76.1
2025-06-12 22:24:00,69.7
2025-06-12 03:09:00,83.9
2025-06-12 22:20:00,30.9
2025-06-12 12:04:00,22.5
2025-06-12 22:15:00,28.7
2025-06-12 23:30:00,80.1
2025-06-12 22:01:00,93.3
2025-06-12 21:06:00,50.05645730416373
2025-06-12 01:33:00,17.5
2025-06-12 04:48:00,47.1
2025-06-12 19:34:00,99.7
2025-06-12 18:17:00,39.3
2025-06-12 11:25:00,24.8
2025-06-12 14:42:00,97.3
2025-06-12 03:11:00,39.1
2025-06-12 01:33:00,50.05645730416373
2025-06-12 16:29:00,50.05645730416373
2025-06-12 06:33:00,50.05645730416373
2025-06-12 06:13:00,11.8
2025-06-12 22:09:00,50.05645730416373
2025-06-12 18:16:00,94.8
2025-06-12 03:16:00,60.1
2025-06-12 16:36:00,31.6
2025-06-12 18:32:00,95.5
2025-06-12 17:30:00,60.3
2025-06-12 22:29:00,64.7
2025-06-12 09:17:00,25.1
2025-06-12 11:59:00,50.05645730416373
2025-06-12 16:00:00,69.1
2025-06-12 10:26:00,26.4
2025-06-12 16:40:00,76.3
2025-06-12 09:07:00,80.2
2025-06-12 12:06:00,19.2
2025-06-12 18:47:00,22.2
2025-06-12 11:11:00,43.6
2025-06-12 21:49:00,68.7
2025-06-12 04:07:00,73.9
2025-06-12 17:40:00,95.8
2025-06-12 08:37:00,93.6
2025-06-12 01:11:00,43.6
2025-06-12 21:34:00,60.1
2025-06-12 16:20:00,23.2
2025-06-12 12:52:00,5.3
2025-06-12 17:38:00,12.7
2025-06-12 14:44:00,49.5
2025-06-12 13:14:00,50.05645730416373
2025-06-12 08:16:00,86.4
2025-06-12 13:28:00,20.4
2025-06-12 05:41:00,13.8
2025-06-12 08:17:00,51.2
2025-06-12 03:20:00,72.6
2025-06-12 14:57:00,50.05645730416373
2025-06-12 05:37:00,37.0
2025-06-12 15:53:00,64.5
2025-06-12 11:01:00,2.8
2025-06-12 07:10:00,47.0
2025-06-12 11:43:00,93.3
2025-06-12 08:16:00,85.6
2025-06-12 20:31:00,91.6
2025-06-12 09:56:00,13.4
2025-06-12 05:58:00,95.3
2025-06-12 14:20:00,50.05645730416373
2025-06-12 01:38:00,6.6
2025-06-12 05:17:00,56.3
2025-06-12 02:44:00,92.7
2025-06-12 08:43:00,49.2
2025-06-12 19:17:00,55.5
2025-06-12 23:23:00,97.4
2025-06-12 13:35:00,11.6
2025-06-12 23:13:00,87.8
2025-06-12 16:39:00,15.8
2025-06-12 02:34:00,61.3
2025-06-12 07:25:00,51.6
2025-06-12 12:49:00,21.9
2025-06-12 09:55:00,70.9
2025-06-12 08:21:00,29.2
2025-06-12 18:58:00,11.3
2025-06-12 07:38:00,47.9
2025-06-12 15:39:00,9.5
2025-06-12 07:45:00,7.9
2025-06-12 03:01:00,16.4
2025-06-12 18:00:00,59.3
2025-06-12 14:03:00,16.5
2025-06-12 12:39:00,28.2
2025-06-12 01:13:00,50.05645730416373
2025-06-12 04:33:00,50.05645730416373
2025-06-12 04:13:00,89.7
2025-06-12 06:29:00,32.8
2025-06-12 14:23:00,20.3
2025-06-12 02:31:00,50.05645730416373
2025-06-12 07:04:00,68.8
2025-06-12 21:49:00,31.0
2025-06-12 06:35:00,33.6
2025-06-12 16:19:00,85.4
2025-06-12 08:28:00,50.05645730416373
2025-06-12 08:30:00,50.05645730416373
2025-06-12 10:00:00,77.8
2025-06-12 04:40:00,50.05645730416373
2025-06-12 21:05:00,15.9
2025-06-12 15:59:00,92.1
2025-06-12 01:42:00,87.2
2025-06-12 01:56:00,60.1
2025-06-12 20:13:00,31.1
2025-06-12 13:21:00,63.3
2025-06-12 21:33:00,5.1
2025-06-12 00:07:00,38.8
2025-06-12 19:42:00,50.05645730416373
2025-06-12 01:21:00,31.6
2025-06-12 08:42:00,28.7
2025-06-12 18:43:00,35.9
2025-06-12 09:48:00,49.7
2025-06-12 19:00:00,43.5
2025-06-12 15:18:00,50.05645730416373
2025-06-12 07:54:00,50.05645730416373
2025-06-12 19:23:00,35.4
2025-06-12 11:26:00,12.4
2025-06-12 03:14:00,21.6
2025-06-12 05:16:00,71.8
2025-06-12 21:47:00,74.7
2025-06-12 14:08:00,50.05645730416373
2025-06-12 19:45:00,50.05645730416373
2025-06-12 22:50:00,38.4
2025-06-12 22:07:00,80.3
2025-06-12 18:41:00,1.9
2025-06-12 15:51:00,50.05645730416373
2025-06-12 15:52:00,69.5
2025-06-12 19:26:00,50.05645730416373
2025-06-12 08:22:00,68.0
2025-06-12 16:41:00,50.05645730416373
2025-06-12 00:52:00,2.8
2025-06-12 00:22:00,50.05645730416373
2025-06-12 09:16:00,83.5
2025-06-12 04:11:00,97.0
2025-06-12 09:35:00,27.4
2025-06-12 01:15:00,35.3
2025-06-12 09:37:00,71.5
2025-06-12 00:10:00,76.5
2025-06-12 06:58:00,90.1
2025-06-12 11:41:00,58.3
2025-06-12 20:53:00,0.7
2025-06-12 05:19:00,18.9
2025-06-12 16:54:00,50.05645730416373
2025-06-12 11:37:00,27.3
2025-06-12 14:28:00,50.05645730416373
2025-06-12 21:19:00,67.6
2025-06-12 19:21:00,46.6
2025-06-12 06:28:00,37.3
2025-06-12 01:48:00,67.8
2025-06-12 03:50:00,50.05645730416373
2025-06-12 21:04:00,98.1
2025-06-12 18:56:00,73.2
2025-06-12 21:43:00,58.7
2025-06-12 18:21:00,32.7
2025-06-12 13:15:00,61.5
2025-06-12 23:41:00,21.4
2025-06-12 05:51:00,16.5
2025-06-12 06:20:00,87.4
2025-06-12 13:05:00,56.6
2025-06-12 00:23:00,27.6
2025-06-12 18:39:00,56.5
2025-06-12 18:28:00,91.5
2025-06-12 02:57:00,50.05645730416373
2025-06-12 07:16:00,86.9
2025-06-12 00:14:00,4.7
2025-06-12 21:22:00,48.2
2025-06-12 04:08:00,18.3
2025-06-12 02:12:00,97.4
2025-06-12 18:11:00,8.6
2025-06-12 10:38:00,1.2
2025-06-12 03:54:00,12.2
2025-06-12 00:01:00,89.9
2025-06-12 03:01:00,88.2
2025-06-12 16:08:00,50.05645730416373
2025-06-12 10:11:00,39.3
2025-06-12 22:21:00,64.9
2025-06-12 23:57:00,7.1
2025-06-12 17:27:00,15.5
2025-06-12 16:52:00,75.6
2025-06-12 05:04:00,77.5
2025-06-12 01:23:00,63.1
2025-06-12 03:15:00,0.9
2025-06-12 03:52:00,50.05645730416373
2025-06-12 15:45:00,9.9
2025-06-12 23:29:00,50.05645730416373
2025-06-12 02:10:00,92.8
2025-06-12 23:53:00,58.2
2025-06-12 02:33:00,38.7
2025-06-12 03:57:00,50.05645730416373
2025-06-12 01:03:00,28.1
2025-06-12 20:25:00,72.1
2025-06-12 18:55:00,50.05645730416373
2025-06-12 00:02:00,61.0
2025-06-12 19:15:00,24.9
2025-06-12 15:25:00,43.3
2025-06-12 07:07:00,73.3
2025-06-12 06:54:00,62.9
2025-06-12 16:18:00,60.1
2025-06-12 02:00:00,9.8
2025-06-12 21:43:00,55.1
2025-06-12 23:02:00,50.05645730416373
2025-06-12 12:09:00,77.7
2025-06-12 19:58:00,28.4
2025-06-12 06:37:00,64.6
2025-06-12 15:44:00,40.8
2025-06-12 13:53:00,14.8
2025-06-12 11:07:00,28.6
2025-06-12 09:25:00,64.2
2025-06-12 08:57:00,33.8
2025-06-12 15:35:00,31.3
2025-06-12 09:38:00,56.2
2025-06-12 00:36:00,3.7
2025-06-12 21:23:00,50.05645730416373
2025-06-12 23:42:00,67.8
2025-06-12 15:19:00,26.2
2025-06-12 17:34:00,50.05645730416373
2025-06-12 03:04:00,37.7
2025-06-12 23:11:00,28.0
2025-06-12 20:58:00,66.4
2025-06-12 01:17:00,70.7
2025-06-12 06:19:00,59.1
2025-06-12 11:19:00,3.8
2025-06-12 08:16:00,50.2
2025-06-12 05:57:00,7.9
2025-06-12 11:18:00,67.6
2025-06-12 18:03:00,34.8
2025-06-12 06:08:00,23.2
2025-06-12 11:02:00,50.05645730416373
2025-06-12 15:03:00,50.05645730416373
2025-06-12 17:08:00,50.05645730416373
2025-06-12 05:49:00,36.4
2025-06-12 02:58:00,64.5
2025-06-12 12:45:00,8.0
2025-06-12 11:05:00,21.4
2025-06-12 01:11:00,95.3
2025-06-12 03:36:00,98.7
2025-06-12 03:09:00,66.3
2025-06-12 12:02:00,71.3
2025-06-12 21:25:00,55.2
2025-06-12 20:38:00,96.6
2025-06-12 14:18:00,24.1
2025-06-12 02:36:00,50.05645730416373
2025-06-12 19:36:00,68.1
2025-06-12 00:38:00,27.5
2025-06-12 22:28:00,99.1
2025-06-12 15:58:00,11.3
2025-06-12 15:50:00,85.0
2025-06-12 12:35:00,14.6
2025-06-12 06:39:00,43.6
2025-06-12 13:09:00,87.8
2025-06-12 02:36:00,47.5
2025-06-12 08:13:00,15.2
2025-06-12 01:51:00,43.3
2025-06-12 18:39:00,66.8
2025-06-12 22:07:00,47.2
2025-06-12 10:47:00,20.5
2025-06-12 16:04:00,10.8
2025-06-12 23:39:00,69.0
2025-06-12 05:39:00,40.8
2025-06-12 05:08:00,29.4
2025-06-12 18:00:00,97.6
2025-06-12 08:27:00,38.3
2025-06-12 21:44:00,1.1
2025-06-12 10:24:00,20.3
2025-06-12 23:41:00,50.05645730416373
2025-06-12 14:18:00,50.05645730416373
2025-06-12 17:41:00,71.1
2025-06-12 15:52:00,50.05645730416373
2025-06-12 14:03:00,22.2
2025-06-12 14:58:00,49.90502819548872
2025-06-12 12:45:00,95.3
2025-06-12 01:00:00,84.1
2025-06-12 12:12:00,42.1
2025-06-12 12:34:00,49.90502819548872
2025-06-12 20:12:00,5.9
2025-06-12 08:58:00,98.1
2025-06-12 07:12:00,44.1
2025-06-12 13:03:00,5.7
2025-06-12 15:14:00,83.2
2025-06-12 08:58:00,78.6
2025-06-12 15:48:00,26.8
2025-06-12 04:23:00,19.6
2025-06-12 18:24:00,72.0
2025-06-12 22:15:00,61.1
2025-06-12 01:28:00,28.3
2025-06-12 01:44:00,52.4
2025-06-12 07:32:00,49.90502819548872
2025-06-12 19:17:00,54.5
2025-06-12 10:51:00,49.0
2025-06-12 01:03:00,94.7
2025-06-12 22:46:00,5.8
2025-06-12 09:21:00,57.3
2025-06-12 22:39:00,49.90502819548872
2025-06-12 20:49:00,49.90502819548872
2025-06-12 14:40:00,68.5
2025-06-12 13:42:00,59.4
2025-06-12 02:08:00,62.5
2025-06-12 20:22:00,90.5
2025-06-12 03:35:00,49.90502819548872
2025-06-12 22:11:00,42.9
2025-06-12 03:50:00,11.8
2025-06-12 01:34:00,49.90502819548872
2025-06-12 16:35:00,27.7
2025-06-12 10:12:00,1.3
2025-06-12 01:05:00,14.2
2025-06-12 11:20:00,24.9
2025-06-12 08:32:00,53.2
2025-06-12 19:23:00,50.0
2025-06-12 09:29:00,42.7
2025-06-12 15:42:00,5.4
2025-06-12 09:34:00,76.8
2025-06-12 22:42:00,61.5
2025-06-12 14:06:00,11.8
2025-06-12 23:34:00,9.1
2025-06-12 10:14:00,49.90502819548872
2025-06-12 20:55:00,46.5
2025-06-12 10:42:00,4.5
2025-06-12 13:53:00,61.0
2025-06-12 23:11:00,84.9
2025-06-12 12:33:00,73.8
2025-06-12 09:47:00,33.7
2025-06-12 09:12:00,57.8
2025-06-12 06:18:00,49.90502819548872
2025-06-12 06:19:00,3.5
2025-06-12 17:23:00,49.90502819548872
2025-06-12 16:01:00,1.6
2025-06-12 07:03:00,27.1
2025-06-12 16:02:00,49.90502819548872
2025-06-12 16:40:00,85.6
2025-06-12 00:02:00,80.8
2025-06-12 07:08:00,58.9
2025-06-12 00:44:00,75.4
2025-06-12 05:55:00,47.0
2025-06-12 16:36:00,44.6
2025-06-12 04:49:00,8.4
2025-06-12 16:57:00,60.3
2025-06-12 14:24:00,23.3
2025-06-12 01:46:00,79.6
2025-06-12 09:08:00,63.1
2025-06-12 08:12:00,78.5
2025-06-12 12:20:00,46.3
2025-06-12 09:55:00,49.90502819548872
2025-06-12 21:01:00,52.9
2025-06-12 00:57:00,39.7
2025-06-12 19:50:00,70.0
2025-06-12 03:20:00,3.4
2025-06-12 15:07:00,49.90502819548872
2025-06-12 16:56:00,60.5
2025-06-12 04:25:00,49.90502819548872
2025-06-12 02:06:00,64.5
2025-06-12 03:38:00,49.90502819548872
2025-06-12 14:07:00,49.90502819548872
2025-06-12 19:48:00,5.0
2025-06-12 20:25:00,86.4
2025-06-12 13:03:00,49.90502819548872
2025-06-12 04:50:00,34.5
2025-06-12 15:54:00,3.5
2025-06-12 19:42:00,89.7
2025-06-12 23:16:00,49.90502819548872
2025-06-12 14:37:00,3.3
2025-06-12 23:47:00,92.9
2025-06-12 05:43:00,19.6
2025-06-12 02:38:00,4.6
2025-06-12 20:26:00,68.1
2025-06-12 21:22:00,76.8
2025-06-12 08:27:00,80.0
2025-06-12 19:15:00,23.4
2025-06-12 11:53:00,51.7
2025-06-12 07:25:00,72.5
2025-06-12 17:34:00,39.0
2025-06-12 19:26:00,28.9
2025-06-12 22:42:00,66.7
2025-06-12 03:22:00,80.8
2025-06-12 17:56:00,51.3
2025-06-12 11:03:00,49.90502819548872
2025-06-12 07:13:00,15.1
2025-06-12 01:33:00,89.1
2025-06-12 19:45:00,23.0
2025-06-12 20:51:00,17.6
2025-06-12 22:24:00,53.9
2025-06-12 14:18:00,89.2
2025-06-12 22:15:00,89.7
2025-06-12 19:22:00,94.1
2025-06-12 06:26:00,49.90502819548872
2025-06-12 19:08:00,67.7
2025-06-12 18:41:00,94.7
2025-06-12 22:36:00,11.6
2025-06-12 05:40:00,29.1
2025-06-12 10:21:00,66.4
2025-06-12 12:45:00,36.8
2025-06-12 11:59:00,59.1
2025-06-12 09:23:00,76.8
2025-06-12 19:24:00,92.2
2025-06-12 22:38:00,49.90502819548872
2025-06-12 15:09:00,29.7
2025-06-12 18:23:00,41.9
2025-06-12 18:59:00,49.90502819548872
2025-06-12 02:40:00,24.7
2025-06-12 19:31:00,9.3
2025-06-12 03:15:00,94.4
2025-06-12 12:02:00,70.4
2025-06-12 06:06:00,19.9
2025-06-12 06:36:00,86.0
2025-06-12 18:05:00,8.0
2025-06-12 10:05:00,49.90502819548872
2025-06-12 19:09:00,59.6
2025-06-12 16:05:00,97.6
2025-06-12 20:53:00,98.9
2025-06-12 09:39:00,49.90502819548872
2025-06-12 18:41:00,33.3
2025-06-12 00:35:00,86.2
2025-06-12 05:13:00,54.4
2025-06-12 03:27:00,73.6
2025-06-12 17:07:00,84.0
2025-06-12 21:57:00,96.1
2025-06-12 10:55:00,89.4
2025-06-12 08:56:00,99.1
2025-06-12 18:46:00,47.0
2025-06-12 05:10:00,42.3
2025-06-12 06:01:00,14.4
2025-06-12 02:43:00,21.8
2025-06-12 22:13:00,29.3
2025-06-12 19:59:00,49.90502819548872
2025-06-12 22:43:00,92.5
2025-06-12 17:26:00,49.90502819548872
2025-06-12 19:13:00,32.2
2025-06-12 07:25:00,29.6
2025-06-12 06:01:00,18.7
2025-06-12 17:05:00,85.0
2025-06-12 10:20:00,4.0
2025-06-12 15:27:00,14.3
2025-06-12 08:43:00,36.1
2025-06-12 06:42:00,13.9
2025-06-12 09:44:00,31.6
2025-06-12 05:35:00,50.1
2025-06-12 00:57:00,49.90502819548872
2025-06-12 21:04:00,11.3
2025-06-12 15:33:00,49.90502819548872
2025-06-12 09:46:00,49.90502819548872
2025-06-12 06:38:00,68.9
2025-06-12 02:10:00,29.8
2025-06-12 01:14:00,33.0
2025-06-12 03:02:00,24.5
2025-06-12 05:17:00,49.90502819548872
2025-06-12 05:23:00,49.90502819548872
2025-06-12 00:52:00,87.9
2025-06-12 08:17:00,83.2
2025-06-12 07:03:00,57.6
2025-06-12 17:38:00,88.8
2025-06-12 00:22:00,90.2
2025-06-12 19:38:00,3.8
2025-06-12 06:12:00,88.0
2025-06-12 21:02:00,49.90502819548872
2025-06-12 23:18:00,61.2
2025-06-12 12:53:00,76.6
2025-06-12 20:38:00,63.0
2025-06-12 20:08:00,33.5
2025-06-12 13:20:00,0.2
2025-06-12 19:26:00,49.90502819548872
2025-06-12 11:21:00,6.7
2025-06-12 11:48:00,16.2
2025-06-12 03:54:00,53.7
2025-06-12 01:18:00,13.2
2025-06-12 06:09:00,30.3
2025-06-12 15:55:00,19.5
2025-06-12 02:00:00,58.7
2025-06-12 00:02:00,76.6
2025-06-12 16:54:00,60.3
2025-06-12 05:47:00,37.7
2025-06-12 01:11:00,80.8
2025-06-12 12:59:00,52.2
2025-06-12 10:23:00,32.6
2025-06-12 21:45:00,8.5
2025-06-12 10:11:00,49.90502819548872
2025-06-12 19:53:00,62.2
2025-06-12 05:01:00,41.8
2025-06-12 17:03:00,52.2
2025-06-12 19:30:00,29.7
2025-06-12 20:14:00,84.5
2025-06-12 20:50:00,48.0
2025-06-12 18:20:00,49.6
2025-06-12 21:56:00,39.3
2025-06-12 11:45:00,54.0
2025-06-12 13:05:00,15.3
2025-06-12 00:54:00,41.9
2025-06-12 20:01:00,96.3
2025-06-12 13:55:00,41.0
2025-06-12 23:57:00,70.0
2025-06-12 05:07:00,30.4
2025-06-12 22:50:00,88.9
2025-06-12 15:03:00,76.1
2025-06-12 20:16:00,70.5
2025-06-12 09:29:00,49.90502819548872
2025-06-12 02:19:00,1.1
2025-06-12 08:04:00,35.3
2025-06-12 10:10:00,76.7
2025-06-12 11:30:00,76.4
2025-06-12 18:01:00,35.7
2025-06-12 15:18:00,25.3
2025-06-12 02:53:00,32.0
2025-06-12 06:02:00,55.0
2025-06-12 08:30:00,12.0
2025-06-12 15:17:00,8.4
2025-06-12 13:39:00,90.4
2025-06-12 16:28:00,83.9
2025-06-12 22:06:00,43.5
2025-06-12 14:37:00,49.90502819548872
2025-06-12 22:00:00,49.90502819548872
2025-06-12 18:18:00,28.0
2025-06-12 07:07:00,49.90502819548872
2025-06-12 05:08:00,14.6
2025-06-12 23:26:00,11.5
2025-06-12 13:06:00,49.90502819548872
2025-06-12 16:02:00,19.3
2025-06-12 03:29:00,29.2
2025-06-12 20:34:00,14.8
2025-06-12 22:44:00,75.1
2025-06-12 02:09:00,7.9
2025-06-12 01:15:00,49.90502819548872
2025-06-12 05:21:00,75.3
2025-06-12 17:54:00,45.7
2025-06-12 19:22:00,65.7
2025-06-12 22:36:00,49.90502819548872
2025-06-12 20:39:00,81.0
2025-06-12 06:31:00,49.90502819548872
2025-06-12 18:46:00,5.1
2025-06-12 02:17:00,64.6
2025-06-12 17:14:00,32.9
2025-06-12 21:36:00,49.90502819548872
2025-06-12 12:52:00,57.0
2025-06-12 02:24:00,9.7
2025-06-12 21:49:00,49.90502819548872
2025-06-12 02:32:00,44.1
2025-06-12 00:27:00,47.6
2025-06-12 10:53:00,68.1
2025-06-12 19:57:00,40.3
2025-06-12 11:02:00,68.4
2025-06-12 23:58:00,87.2
2025-06-12 16:40:00,89.6
2025-06-12 01:24:00,97.7
2025-06-12 22:54:00,56.3
2025-06-12 13:57:00,0.2
2025-06-12 15:34:00,19.2
2025-06-12 11:58:00,82.2
2025-06-12 09:24:00,57.9
2025-06-12 21:36:00,49.90502819548872
2025-06-12 20:18:00,5.3
2025-06-12 10:43:00,35.4
2025-06-12 16:12:00,69.0
2025-06-12 21:25:00,44.3
2025-06-12 19:10:00,63.8
2025-06-12 22:58:00,34.0
2025-06-12 21:01:00,73.6
2025-06-12 23:10:00,78.5
2025-06-12 16:32:00,71.4
2025-06-12 13:56:00,16.0
2025-06-12 13:42:00,16.1
2025-06-12 20:06:00,19.3
2025-06-12 23:28:00,14.6
2025-06-12 08:12:00,91.3
2025-06-12 11:17:00,49.90502819548872
2025-06-12 23:45:00,59.9
2025-06-12 03:00:00,51.9
2025-06-12 11:55:00,49.90502819548872
2025-06-12 08:33:00,7.2
2025-06-12 16:57:00,67.4
2025-06-12 09:02:00,49.90502819548872
2025-06-12 09:26:00,3.9
2025-06-12 01:27:00,86.2
2025-06-12 00:43:00,35.6
2025-06-12 19:11:00,91.5
2025-06-12 12:45:00,84.5
2025-06-12 03:44:00,52.7
2025-06-12 14:43:00,76.5
2025-06-12 01:04:00,49.90502819548872
2025-06-12 20:14:00,65.6
2025-06-12 14:43:00,80.8
2025-06-12 21:44:00,50.475078938135894
2025-06-12 02:21:00,40.3
2025-06-12 19:06:00,99.2
2025-06-12 16:14:00,85.5
2025-06-12 15:40:00,62.3
2025-06-12 22:29:00,66.5
2025-06-12 15:26:00,6.3
2025-06-12 12:54:00,76.2
2025-06-12 11:24:00,66.9
2025-06-12 19:12:00,85.2
2025-06-12 03:03:00,38.7
2025-06-12 16:23:00,32.4
2025-06-12 06:12:00,13.2
2025-06-12 06:57:00,73.6
2025-06-12 15:06:00,94.2
2025-06-12 17:38:00,50.475078938135894
2025-06-12 16:16:00,32.4
2025-06-12 01:52:00,73.6
2025-06-12 06:02:00,20.2
2025-06-12 02:10:00,50.475078938135894
2025-06-12 12:52:00,67.8
2025-06-12 18:41:00,64.1
2025-06-12 05:46:00,50.475078938135894
2025-06-12 01:08:00,65.7
2025-06-12 04:32:00,94.7
2025-06-12 01:04:00,84.4
2025-06-12 00:30:00,96.6
2025-06-12 15:26:00,92.5
2025-06-12 18:27:00,50.475078938135894
2025-06-12 08:06:00,91.1
2025-06-12 13:13:00,1.1
2025-06-12 11:55:00,76.1
2025-06-12 20:01:00,50.475078938135894
2025-06-12 16:03:00,50.475078938135894
2025-06-12 18:51:00,0.7
2025-06-12 15:58:00,32.9
2025-06-12 21:56:00,55.9
2025-06-12 00:03:00,98.7
2025-06-12 06:06:00,98.0
2025-06-12 00:28:00,90.3
2025-06-12 19:31:00,50.2
2025-06-12 12:46:00,89.9
2025-06-12 19:04:00,50.475078938135894
2025-06-12 04:12:00,50.475078938135894
2025-06-12 06:42:00,61.2
2025-06-12 04:04:00,50.2
2025-06-12 16:52:00,16.3
2025-06-12 19:07:00,71.2
2025-06-12 07:44:00,18.1
2025-06-12 18:24:00,31.2
2025-06-12 09:22:00,87.5
2025-06-12 10:50:00,65.0
2025-06-12 22:41:00,39.3
2025-06-12 01:29:00,9.2
2025-06-12 22:09:00,50.475078938135894
2025-06-12 10:12:00,50.475078938135894
2025-06-12 13:04:00,89.0
2025-06-12 15:23:00,19.9
2025-06-12 22:33:00,98.7
2025-06-12 14:49:00,50.475078938135894
2025-06-12 07:19:00,45.7
2025-06-12 04:59:00,60.1
2025-06-12 13:06:00,69.1
2025-06-12 07:52:00,91.7
2025-06-12 22:16:00,22.0
2025-06-12 18:59:00,53.6
2025-06-12 18:55:00,23.7
2025-06-12 06:17:00,44.2
2025-06-12 05:39:00,12.7
2025-06-12 18:10:00,50.475078938135894
2025-06-12 19:28:00,99.5
2025-06-12 14:00:00,84.5
2025-06-12 00:43:00,67.4
2025-06-12 02:35:00,69.5
2025-06-12 20:18:00,19.9
2025-06-12 23:39:00,99.7
2025-06-12 05:38:00,43.4
2025-06-12 00:30:00,92.3
2025-06-12 17:06:00,81.7
2025-06-12 13:55:00,89.7
2025-06-12 12:32:00,48.1
2025-06-12 20:07:00,50.475078938135894
2025-06-12 06:56:00,7.9
2025-06-12 20:36:00,29.0
2025-06-12 02:44:00,63.2
2025-06-12 11:07:00,50.475078938135894
2025-06-12 12:51:00,53.0
2025-06-12 14:03:00,75.0
2025-06-12 22:38:00,54.2
2025-06-12 10:57:00,19.1
2025-06-12 12:36:00,61.6
2025-06-12 00:42:00,50.475078938135894
2025-06-12 20:51:00,58.1
2025-06-12 04:50:00,5.2
2025-06-12 14:16:00,50.475078938135894
2025-06-12 00:34:00,35.8
2025-06-12 02:42:00,27.4
2025-06-12 05:40:00,84.3
2025-06-12 07:30:00,54.6
2025-06-12 23:45:00,95.1
2025-06-12 04:23:00,45.2
2025-06-12 01:43:00,25.7
2025-06-12 01:15:00,50.475078938135894
2025-06-12 10:51:00,39.5
2025-06-12 15:57:00,74.8
2025-06-12 23:30:00,16.5
2025-06-12 14:18:00,30.5
2025-06-12 06:10:00,64.6
2025-06-12 17:10:00,6.2
2025-06-12 05:39:00,43.3
2025-06-12 16:10:00,37.6
2025-06-12 01:53:00,8.7
2025-06-12 23:43:00,50.475078938135894
2025-06-12 20:30:00,8.8
2025-06-12 06:31:00,38.0
2025-06-12 19:41:00,50.475078938135894
2025-06-12 16:46:00,65.6
2025-06-12 20:37:00,15.1
2025-06-12 14:39:00,38.0
2025-06-12 23:24:00,42.8
2025-06-12 07:34:00,20.3
2025-06-12 02:56:00,45.3
2025-06-12 15:19:00,83.6
2025-06-12 06:55:00,50.475078938135894
2025-06-12 21:12:00,74.9
2025-06-12 21:17:00,12.5
2025-06-12 09:14:00,91.1
2025-06-12 03:24:00,32.9
2025-06-12 05:06:00,53.8
2025-06-12 17:43:00,69.9
2025-06-12 05:47:00,10.6
2025-06-12 14:58:00,36.0
2025-06-12 12:59:00,18.9
2025-06-12 08:02:00,49.4
2025-06-12 13:15:00,50.475078938135894
2025-06-12 09:56:00,50.475078938135894
2025-06-12 22:41:00,29.2
2025-06-12 09:13:00,36.8
2025-06-12 09:13:00,15.6
2025-06-12 04:20:00,50.475078938135894
2025-06-12 09:36:00,3.1
2025-06-12 08:58:00,61.2
2025-06-12 13:56:00,48.1
2025-06-12 22:02:00,24.5
2025-06-12 20:00:00,97.3
2025-06-12 17:08:00,18.0
2025-06-12 02:40:00,72.1
2025-06-12 01:01:00,59.3
2025-06-12 13:47:00,58.5
2025-06-12 00:02:00,50.475078938135894
2025-06-12 01:07:00,75.3
2025-06-12 15:49:00,13.9
2025-06-12 21:37:00,33.0
2025-06-12 20:40:00,98.6
2025-06-12 13:23:00,34.2
2025-06-12 09:36:00,39.7
2025-06-12 09:48:00,12.3
2025-06-12 17:55:00,63.1
2025-06-12 10:55:00,26.4
2025-06-12 07:08:00,79.3
2025-06-12 03:27:00,72.0
2025-06-12 16:13:00,50.475078938135894
2025-06-12 12:50:00,20.8
2025-06-12 21:21:00,50.475078938135894
2025-06-12 09:27:00,42.3
2025-06-12 22:29:00,38.8
2025-06-12 01:00:00,93.1
2025-06-12 05:13:00,40.5
2025-06-12 19:02:00,60.8
2025-06-12 11:58:00,50.475078938135894
2025-06-12 05:32:00,75.4
2025-06-12 10:30:00,47.4
2025-06-12 08:54:00,20.1
2025-06-12 15:13:00,76.9
2025-06-12 23:05:00,10.7
2025-06-12 17:08:00,33.4
2025-06-12 06:45:00,17.1
2025-06-12 19:26:00,21.4
2025-06-12 09:06:00,50.475078938135894
2025-06-12 07:27:00,50.475078938135894
2025-06-12 01:36:00,50.475078938135894
2025-06-12 21:58:00,58.8
2025-06-12 03:20:00,93.5
2025-06-12 17:31:00,97.1
2025-06-12 03:29:00,68.7
2025-06-12 01:09:00,67.5
2025-06-12 09:34:00,93.2
2025-06-12 13:47:00,50.475078938135894
2025-06-12 11:34:00,80.3
2025-06-12 04:15:00,7.5
2025-06-12 19:00:00,79.8
2025-06-12 10:40:00,50.475078938135894
2025-06-12 16:19:00,0.5
2025-06-12 01:28:00,9.4
2025-06-12 06:41:00,21.6
2025-06-12 09:08:00,31.9
2025-06-12 17:01:00,0.9
2025-06-12 07:31:00,55.6
2025-06-12 21:01:00,15.5
2025-06-12 10:21:00,88.8
2025-06-12 05:59:00,29.6
2025-06-12 03:41:00,14.1
2025-06-12 18:52:00,76.1
2025-06-12 13:57:00,19.0
2025-06-12 15:22:00,95.8
2025-06-12 17:29:00,82.3
2025-06-12 09:30:00,35.0
2025-06-12 02:36:00,47.1
2025-06-12 18:59:00,68.9
2025-06-12 04:46:00,99.4
2025-06-12 02:48:00,10.0
2025-06-12 04:41:00,50.475078938135894
2025-06-12 22:08:00,61.3
2025-06-12 12:15:00,63.0
2025-06-12 20:52:00,70.7
2025-06-12 23:08:00,96.0
2025-06-12 12:28:00,50.475078938135894
2025-06-12 02:26:00,86.4
2025-06-12 23:51:00,57.7
2025-06-12 13:26:00,85.2
2025-06-12 17:49:00,59.8
2025-06-12 20:09:00,49.8
2025-06-12 20:09:00,73.2
2025-06-12 03:01:00,30.4
2025-06-12 04:55:00,50.475078938135894
2025-06-12 11:54:00,84.3
2025-06-12 09:47:00,7.4
2025-06-12 08:17:00,59.8
2025-06-12 17:03:00,38.1
2025-06-12 01:46:00,50.475078938135894
2025-06-12 16:46:00,54.9
2025-06-12 15:09:00,50.475078938135894
2025-06-12 05:25:00,11.8
2025-06-12 16:40:00,46.5
2025-06-12 00:47:00,13.6
2025-06-12 17:40:00,13.1
2025-06-12 07:12:00,79.0
2025-06-12 19:47:00,76.2
2025-06-12 09:31:00,11.4
2025-06-12 10:38:00,14.5
2025-06-12 15:12:00,99.2
2025-06-12 13:34:00,0.8
2025-06-12 16:44:00,11.9
2025-06-12 18:16:00,37.2
2025-06-12 19:15:00,33.0
2025-06-12 09:29:00,93.6
2025-06-12 02:14:00,30.8
2025-06-12 08:59:00,37.2
2025-06-12 19:51:00,48.0
2025-06-12 16:05:00,26.0
2025-06-12 00:44:00,4.3
2025-06-12 03:06:00,43.9
2025-06-12 10:56:00,47.8
2025-06-12 22:17:00,57.5
2025-06-12 03:32:00,59.2
2025-06-12 04:03:00,2.4
2025-06-12 01:17:00,58.1
2025-06-12 16:38:00,55.0
2025-06-12 11:38:00,12.0
2025-06-12 23:30:00,89.5
2025-06-12 15:53:00,50.475078938135894
2025-06-12 02:32:00,50.3
2025-06-12 03:29:00,43.1
2025-06-12 08:39:00,20.2
2025-06-12 17:00:00,50.475078938135894
2025-06-12 10:30:00,47.5
2025-06-12 00:05:00,17.6
2025-06-12 10:54:00,50.475078938135894
2025-06-12 04:55:00,31.3
2025-06-12 08:13:00,68.5
2025-06-12 22:32:00,28.4
2025-06-12 13:43:00,49.5
2025-06-12 18:52:00,81.3
2025-06-12 01:30:00,16.0
2025-06-12 12:33:00,64.8
2025-06-12 14:44:00,93.7
2025-06-12 21:48:00,26.9
2025-06-12 07:23:00,41.9
2025-06-12 18:22:00,59.9
2025-06-12 09:28:00,96.0
2025-06-12 14:17:00,76.1
2025-06-12 04:29:00,63.1
2025-06-12 12:14:00,46.4
2025-06-12 13:30:00,45.6
2025-06-12 03:38:00,1.0
2025-06-12 12:36:00,76.8
2025-06-12 06:48:00,88.7
2025-06-12 11:14:00,13.4
2025-06-12 19:17:00,89.5
2025-06-12 13:41:00,53.4
2025-06-12 05:25:00,50.475078938135894
2025-06-12 01:43:00,54.8
2025-06-12 16:29:00,65.2
2025-06-12 03:10:00,59.5
2025-06-12 22:56:00,17.0
2025-06-12 15:34:00,53.7
2025-06-12 22:09:00,63.2
2025-06-12 14:08:00,14.4
2025-06-12 10:36:00,50.475078938135894
2025-06-12 12:30:00,50.475078938135894
2025-06-12 02:11:00,50.475078938135894
2025-06-12 01:15:00,27.1
2025-06-12 01:58:00,77.6
2025-06-12 03:11:00,31.1
2025-06-12 17:08:00,53.3
2025-06-12 07:15:00,64.3
2025-06-12 09:11:00,85.3
2025-06-12 01:15:00,25.6
2025-06-12 21:51:00,82.5
2025-06-12 14:55:00,24.3
2025-06-12 01:09:00,16.8
2025-06-12 21:28:00,75.2
2025-06-12 19:37:00,93.2
2025-06-12 09:20:00,82.1
2025-06-12 00:14:00,50.475078938135894
2025-06-12 15:27:00,80.6
2025-06-12 14:45:00,38.7
2025-06-12 03:33:00,50.1
2025-06-12 13:19:00,65.8
2025-06-12 22:07:00,18.1
2025-06-12 00:00:00,38.5
2025-06-12 01:45:00,21.8
2025-06-12 02:50:00,4.3
2025-06-12 06:19:00,87.1
2025-06-12 02:50:00,12.1
2025-06-12 20:49:00,2.7
2025-06-12 15:47:00,53.8
2025-06-12 22:59:00,50.492298592215775
2025-06-12 04:42:00,65.4
2025-06-12 16:20:00,92.5
2025-06-12 13:49:00,50.492298592215775
2025-06-12 02:49:00,95.3
2025-06-12 16:55:00,15.6
2025-06-12 12:14:00,58.9
2025-06-12 12:46:00,50.492298592215775
2025-06-12 12:40:00,14.5
2025-06-12 15:28:00,46.3
2025-06-12 11:32:00,96.7
2025-06-12 18:19:00,50.492298592215775
2025-06-12 17:59:00,29.7
2025-06-12 22:48:00,73.7
2025-06-12 03:24:00,35.5
2025-06-12 18:53:00,62.6
2025-06-12 12:48:00,63.6
2025-06-12 02:19:00,2.8
2025-06-12 20:27:00,33.7
2025-06-12 04:37:00,59.9
2025-06-12 14:01:00,30.9
2025-06-12 18:53:00,36.5
2025-06-12 15:10:00,7.3
2025-06-12 19:17:00,54.2
2025-06-12 18:07:00,66.3
2025-06-12 07:26:00,78.3
2025-06-12 19:49:00,30.8
2025-06-12 14:14:00,88.2
2025-06-12 12:03:00,60.7
2025-06-12 06:38:00,98.1
2025-06-12 14:23:00,50.492298592215775
2025-06-12 00:28:00,87.6
2025-06-12 14:31:00,19.5
2025-06-12 23:41:00,84.1
2025-06-12 05:50:00,50.492298592215775
2025-06-12 11:16:00,88.3
2025-06-12 09:15:00,45.1
2025-06-12 05:45:00,20.6
2025-06-12 17:16:00,19.1
2025-06-12 01:48:00,69.4
2025-06-12 17:44:00,59.9
2025-06-12 11:21:00,95.3
2025-06-12 00:52:00,51.1
2025-06-12 15:25:00,81.4
2025-06-12 10:24:00,3.9
2025-06-12 22:14:00,37.8
2025-06-12 14:42:00,14.2
2025-06-12 23:49:00,62.9
2025-06-12 02:38:00,82.7
2025-06-12 14:28:00,26.0
2025-06-12 21:05:00,5.9
2025-06-12 03:08:00,50.492298592215775
2025-06-12 17:55:00,36.2
2025-06-12 21:06:00,46.1
2025-06-12 04:26:00,69.9
2025-06-12 08:24:00,50.492298592215775
2025-06-12 23:30:00,72.1
2025-06-12 15:24:00,89.5
2025-06-12 18:56:00,99.8
2025-06-12 16:16:00,95.4
2025-06-12 15:57:00,14.7
2025-06-12 01:31:00,75.4
2025-06-12 12:55:00,10.5
2025-06-12 17:22:00,89.6
2025-06-12 23:07:00,35.6
2025-06-12 15:00:00,17.9
2025-06-12 06:05:00,50.492298592215775
2025-06-12 21:16:00,14.6
2025-06-12 15:08:00,9.7
2025-06-12 09:18:00,25.1
2025-06-12 13:11:00,65.9
2025-06-12 20:39:00,49.6
2025-06-12 15:25:00,20.7
2025-06-12 14:31:00,54.5
2025-06-12 15:26:00,55.6
2025-06-12 02:24:00,70.3
2025-06-12 20:15:00,52.2
2025-06-12 16:13:00,54.1
2025-06-12 08:56:00,39.8
2025-06-12 07:29:00,49.2
2025-06-12 08:50:00,5.1
2025-06-12 13:41:00,36.6
2025-06-12 17:30:00,64.3
2025-06-12 20:15:00,73.9
2025-06-12 10:29:00,57.0
2025-06-12 18:22:00,80.6
2025-06-12 10:18:00,50.492298592215775
2025-06-12 17:06:00,13.5
2025-06-12 14:31:00,27.4
2025-06-12 10:31:00,59.0
2025-06-12 04:12:00,50.492298592215775
2025-06-12 15:46:00,62.7
2025-06-12 20:19:00,24.3
2025-06-12 20:09:00,50.492298592215775
2025-06-12 11:15:00,6.3
2025-06-12 02:00:00,50.492298592215775
2025-06-12 05:51:00,93.7
2025-06-12 10:30:00,38.1
2025-06-12 09:51:00,86.5
2025-06-12 22:25:00,70.1
2025-06-12 15:16:00,32.3
2025-06-12 20:38:00,4.5
2025-06-12 19:31:00,13.8
2025-06-12 20:13:00,50.492298592215775
2025-06-12 06:04:00,73.4
2025-06-12 23:06:00,69.4
2025-06-12 21:51:00,17.2
2025-06-12 22:36:00,79.4
2025-06-12 00:16:00,62.3
2025-06-12 18:15:00,93.8
2025-06-12 01:38:00,99.0
2025-06-12 08:36:00,4.0
2025-06-12 01:46:00,50.492298592215775
2025-06-12 10:20:00,98.5
2025-06-12 19:09:00,76.2
2025-06-12 05:53:00,13.9
2025-06-12 16:42:00,88.3
2025-06-12 03:39:00,83.3
2025-06-12 04:04:00,52.9
2025-06-12 20:59:00,35.9
2025-06-12 15:53:00,31.4
2025-06-12 15:34:00,81.0
2025-06-12 22:57:00,30.2
2025-06-12 09:42:00,6.7
2025-06-12 13:44:00,36.7
2025-06-12 11:44:00,29.9
2025-06-12 07:32:00,71.8
2025-06-12 01:27:00,27.3
2025-06-12 18:45:00,17.9
2025-06-12 16:53:00,87.3
2025-06-12 08:31:00,49.3
2025-06-12 14:51:00,72.1
2025-06-12 15:31:00,37.2
2025-06-12 23:07:00,98.8
2025-06-12 22:30:00,98.5
2025-06-12 14:36:00,82.3
2025-06-12 23:37:00,65.7
2025-06-12 20:45:00,50.492298592215775
2025-06-12 10:58:00,96.0
2025-06-12 15:10:00,84.9
2025-06-12 23:56:00,34.2
2025-06-12 15:18:00,82.6
2025-06-12 10:16:00,79.5
2025-06-12 08:37:00,8.8
2025-06-12 06:52:00,54.5
2025-06-12 08:02:00,79.7
2025-06-12 14:09:00,55.8
2025-06-12 06:59:00,95.8
2025-06-12 01:05:00,87.8
2025-06-12 17:19:00,33.7
2025-06-12 06:41:00,58.4
2025-06-12 06:59:00,38.5
2025-06-12 23:02:00,40.2
2025-06-12 06:12:00,95.4
2025-06-12 22:00:00,62.8
2025-06-12 17:34:00,50.492298592215775
2025-06-12 10:23:00,92.6
2025-06-12 00:36:00,15.5
2025-06-12 16:37:00,50.492298592215775
2025-06-12 06:08:00,50.492298592215775
2025-06-12 03:45:00,22.5
2025-06-12 21:49:00,95.1
2025-06-12 22:20:00,50.492298592215775
2025-06-12 11:34:00,97.4
2025-06-12 16:37:00,50.492298592215775
2025-06-12 14:08:00,50.492298592215775
2025-06-12 09:23:00,47.6
2025-06-12 13:36:00,9.6
2025-06-12 12:44:00,83.8
2025-06-12 08:21:00,80.2
2025-06-12 19:07:00,47.5
2025-06-12 03:21:00,50.492298592215775
2025-06-12 02:51:00,11.7
2025-06-12 08:58:00,50.492298592215775
2025-06-12 07:49:00,50.492298592215775
2025-06-12 18:40:00,61.0
2025-06-12 12:17:00,43.8
2025-06-12 20:47:00,91.9
2025-06-12 15:59:00,59.7
2025-06-12 13:52:00,67.1
2025-06-12 17:13:00,26.7
2025-06-12 07:46:00,73.6
2025-06-12 06:05:00,81.9
2025-06-12 18:22:00,91.1
2025-06-12 04:15:00,50.492298592215775
2025-06-12 09:54:00,79.3
2025-06-12 03:45:00,42.1
2025-06-12 17:33:00,77.7
2025-06-12 11:05:00,97.0
2025-06-12 15:47:00,34.3
2025-06-12 07:50:00,50.492298592215775
2025-06-12 04:34:00,47.8
2025-06-12 08:03:00,48.3
2025-06-12 08:22:00,27.4
2025-06-12 02:30:00,12.2
2025-06-12 05:26:00,59.3
2025-06-12 12:13:00,92.1
2025-06-12 09:25:00,68.2
2025-06-12 08:34:00,41.4
2025-06-12 23:17:00,50.492298592215775
2025-06-12 21:20:00,46.0
2025-06-12 19:14:00,50.492298592215775
2025-06-12 01:32:00,74.0
2025-06-12 01:11:00,34.5
2025-06-12 21:14:00,20.5
2025-06-12 07:41:00,64.8
2025-06-12 20:20:00,42.4
2025-06-12 11:57:00,99.8
2025-06-12 07:16:00,27.6
2025-06-12 12:30:00,4.5
2025-06-12 22:13:00,76.5
2025-06-12 08:52:00,61.6
2025-06-12 04:45:00,72.9
2025-06-12 23:14:00,87.0
2025-06-12 18:02:00,31.2
2025-06-12 10:05:00,91.8
2025-06-12 10:04:00,50.492298592215775
2025-06-12 05:19:00,56.2
2025-06-12 04:36:00,81.1
2025-06-12 19:07:00,42.2
2025-06-12 13:32:00,57.5
2025-06-12 12:21:00,95.8
2025-06-12 10:03:00,39.8
2025-06-12 15:05:00,21.7
2025-06-12 02:44:00,50.492298592215775
2025-06-12 05:45:00,50.492298592215775
2025-06-12 05:12:00,8.0
2025-06-12 19:40:00,84.9
2025-06-12 03:47:00,2.1
2025-06-12 02:12:00,14.7
2025-06-12 01:37:00,82.2
2025-06-12 19:04:00,50.492298592215775
2025-06-12 20:36:00,48.7
2025-06-12 22:39:00,13.9
2025-06-12 07:26:00,16.8
2025-06-12 23:49:00,8.8
2025-06-12 11:48:00,37.7
2025-06-12 21:10:00,29.9
2025-06-12 15:20:00,50.492298592215775
2025-06-12 15:56:00,51.5
2025-06-12 06:58:00,7.8
2025-06-12 16:53:00,9.1
2025-06-12 08:27:00,82.5
2025-06-12 21:19:00,10.4
2025-06-12 07:28:00,11.1
2025-06-12 19:57:00,27.3
2025-06-12 00:35:00,11.6
2025-06-12 20:30:00,50.492298592215775
2025-06-12 02:32:00,78.6
2025-06-12 06:39:00,86.5
2025-06-12 11:24:00,95.4
2025-06-12 13:28:00,0.2
2025-06-12 00:57:00,73.8
2025-06-12 19:34:00,50.492298592215775
2025-06-12 15:04:00,50.492298592215775
2025-06-12 12:45:00,13.3
2025-06-12 16:01:00,50.492298592215775
2025-06-12 11:01:00,47.7
2025-06-12 11:47:00,79.8
2025-06-12 07:49:00,18.9
2025-06-12 01:39:00,45.2
2025-06-12 00:14:00,76.6
2025-06-12 12:16:00,46.5
2025-06-12 00:13:00,50.492298592215775
2025-06-12 21:45:00,34.7
2025-06-12 16:02:00,51.6
2025-06-12 22:06:00,64.1
2025-06-12 12:35:00,7.5
2025-06-12 11:19:00,30.9
2025-06-12 02:41:00,57.6
2025-06-12 07:08:00,36.4
2025-06-12 14:39:00,74.1
2025-06-12 03:12:00,88.5
2025-06-12 06:44:00,95.2
2025-06-12 07:16:00,52.9
2025-06-12 11:18:00,50.492298592215775
2025-06-12 14:14:00,8.0
2025-06-12 10:08:00,18.0
2025-06-12 19:11:00,69.1
2025-06-12 19:06:00,42.6
2025-06-12 20:28:00,4.8
2025-06-12 22:37:00,50.492298592215775
2025-06-12 01:01:00,27.9
2025-06-12 03:21:00,4.4
2025-06-12 12:07:00,5.1
2025-06-12 18:19:00,19.1
2025-06-12 23:41:00,95.6
2025-06-12 19:09:00,91.2
2025-06-12 02:31:00,53.7
2025-06-12 14:00:00,86.2
2025-06-12 12:33:00,69.2
2025-06-12 12:03:00,50.492298592215775
2025-06-12 03:17:00,50.492298592215775
2025-06-12 00:58:00,69.7
2025-06-12 16:19:00,50.492298592215775
2025-06-12 07:19:00,44.2
2025-06-12 02:05:00,67.3
2025-06-12 09:39:00,68.9
2025-06-12 22:38:00,64.3
2025-06-12 16:08:00,71.8
2025-06-12 05:53:00,2.5
2025-06-12 16:27:00,12.7
2025-06-12 03:38:00,88.8
2025-06-12 04:04:00,68.8
2025-06-12 15:16:00,48.7
2025-06-12 21:56:00,50.492298592215775
2025-06-12 20:26:00,0.9
2025-06-12 08:35:00,58.4
2025-06-12 11:01:00,32.4
2025-06-12 03:52:00,26.8
2025-06-12 17:38:00,50.492298592215775
2025-06-12 19:19:00,27.3
2025-06-12 07:28:00,50.492298592215775
2025-06-12 16:08:00,25.9
2025-06-12 06:32:00,50.492298592215775
2025-06-12 20:09:00,86.1
2025-06-12 06:12:00,84.8
2025-06-12 21:55:00,50.492298592215775
2025-06-12 03:04:00,76.7
2025-06-12 09:52:00,4.7
2025-06-12 14:09:00,60.1
2025-06-12 01:06:00,46.0
2025-06-12 18:56:00,53.5
2025-06-12 21:41:00,83.4
2025-06-12 10:25:00,42.3
2025-06-12 07:31:00,88.5
2025-06-12 21:37:00,20.5
2025-06-12 02:00:00,74.1
2025-06-12 01:02:00,77.4
2025-06-12 03:37:00,8.6
2025-06-12 01:38:00,86.1
2025-06-12 17:15:00,95.0
2025-06-12 23:26:00,50.492298592215775
2025-06-12 14:12:00,50.492298592215775
2025-06-12 16:56:00,88.5
2025-06-12 18:07:00,15.4
2025-06-12 12:39:00,61.5
2025-06-12 14:11:00,69.6
2025-06-12 11:17:00,91.1
2025-06-12 01:31:00,83.4
2025-06-12 06:51:00,91.8
2025-06-12 17:37:00,99.8
2025-06-12 10:18:00,97.9
2025-06-12 14:19:00,17.0
2025-06-12 01:16:00,52.2
2025-06-12 19:59:00,22.9
2025-06-12 13:40:00,89.4
2025-06-12 04:56:00,50.492298592215775
2025-06-12 03:40:00,87.5
2025-06-12 08:03:00,28.4
2025-06-12 05:47:00,65.8
2025-06-12 15:37:00,50.492298592215775
2025-06-12 02:47:00,27.9
2025-06-12 10:32:00,50.8
2025-06-12 11:29:00,27.6
2025-06-12 02:06:00,3.7
2025-06-12 17:04:00,80.8
2025-06-12 01:35:00,50.492298592215775
2025-06-12 14:29:00,64.2
2025-06-12 14:58:00,74.3
2025-06-12 19:55:00,50.190676567656766
2025-06-12 09:24:00,73.7
2025-06-12 20:19:00,50.190676567656766
2025-06-12 02:35:00,50.190676567656766
2025-06-12 06:38:00,11.2
2025-06-12 13:05:00,18.5
2025-06-12 06:41:00,95.7
2025-06-12 05:04:00,98.7
2025-06-12 17:06:00,9.3
2025-06-12 13:44:00,14.4
2025-06-12 00:02:00,81.0
2025-06-12 18:42:00,39.7
2025-06-12 02:55:00,20.2
2025-06-12 17:18:00,19.1
2025-06-12 13:42:00,68.4
2025-06-12 12:05:00,2.0
2025-06-12 23:55:00,50.190676567656766
2025-06-12 15:15:00,32.2
2025-06-12 18:02:00,49.3
2025-06-12 03:51:00,50.190676567656766
2025-06-12 09:17:00,50.190676567656766
2025-06-12 22:24:00,15.5
2025-06-12 04:38:00,51.7
2025-06-12 09:31:00,22.5
2025-06-12 16:17:00,17.3
2025-06-12 13:01:00,68.5
2025-06-12 07:21:00,60.8
2025-06-12 19:41:00,27.9
2025-06-12 02:42:00,20.4
2025-06-12 00:37:00,36.2
2025-06-12 23:09:00,61.4
2025-06-12 09:00:00,92.0
2025-06-12 00:11:00,16.9
2025-06-12 11:11:00,25.7
2025-06-12 22:27:00,5.3
2025-06-12 15:31:00,41.6
2025-06-12 16:53:00,74.8
2025-06-12 14:52:00,2.1
2025-06-12 09:04:00,50.190676567656766
2025-06-12 14:04:00,88.5
2025-06-12 11:24:00,36.7
2025-06-12 21:50:00,39.7
2025-06-12 04:57:00,50.190676567656766
2025-06-12 18:10:00,58.1
2025-06-12 07:24:00,99.2
2025-06-12 04:35:00,21.8
2025-06-12 04:04:00,15.0
2025-06-12 03:18:00,56.9
2025-06-12 19:58:00,19.2
2025-06-12 10:54:00,50.190676567656766
2025-06-12 04:36:00,50.190676567656766
2025-06-12 14:08:00,50.190676567656766
2025-06-12 18:03:00,88.7
2025-06-12 01:49:00,14.7
2025-06-12 03:52:00,22.3
2025-06-12 00:40:00,17.2
2025-06-12 13:40:00,50.190676567656766
2025-06-12 18:18:00,73.6
2025-06-12 15:53:00,47.6
2025-06-12 15:11:00,66.8
2025-06-12 17:19:00,72.0
2025-06-12 05:07:00,9.4
2025-06-12 18:21:00,89.6
2025-06-12 15:54:00,30.5
2025-06-12 01:26:00,50.190676567656766
2025-06-12 01:51:00,43.0
2025-06-12 20:30:00,51.3
2025-06-12 07:49:00,74.2
2025-06-12 05:45:00,9.7
2025-06-12 21:35:00,50.190676567656766
2025-06-12 10:34:00,50.190676567656766
2025-06-12 19:08:00,54.4
2025-06-12 01:08:00,75.3
2025-06-12 00:02:00,18.6
2025-06-12 11:55:00,50.190676567656766
2025-06-12 08:32:00,0.1
2025-06-12 08:24:00,25.9
2025-06-12 00:43:00,1.5
2025-06-12 23:55:00,87.0
2025-06-12 21:07:00,22.1
2025-06-12 13:18:00,1.6
2025-06-12 05:19:00,50.190676567656766
2025-06-12 03:04:00,83.6
2025-06-12 23:03:00,50.190676567656766
2025-06-12 14:48:00,50.190676567656766
2025-06-12 00:32:00,29.0
2025-06-12 22:57:00,82.9
2025-06-12 16:59:00,44.6
2025-06-12 07:12:00,52.9
2025-06-12 12:57:00,50.8
2025-06-12 04:17:00,46.1
2025-06-12 09:10:00,13.0
2025-06-12 14:45:00,62.8
2025-06-12 18:40:00,82.6
2025-06-12 15:36:00,98.7
2025-06-12 15:41:00,19.2
2025-06-12 03:50:00,24.1
2025-06-12 18:09:00,50.190676567656766
2025-06-12 22:30:00,50.190676567656766
2025-06-12 04:34:00,50.190676567656766
2025-06-12 21:29:00,44.9
2025-06-12 14:39:00,75.1
2025-06-12 11:22:00,5.8
2025-06-12 00:50:00,95.3
2025-06-12 06:50:00,52.7
2025-06-12 15:33:00,50.190676567656766
2025-06-12 03:34:00,50.190676567656766
2025-06-12 20:50:00,83.0
2025-06-12 09:50:00,97.2
2025-06-12 14:22:00,95.0
2025-06-12 12:53:00,50.190676567656766
2025-06-12 12:25:00,13.3
2025-06-12 20:39:00,18.1
2025-06-12 22:36:00,25.5
2025-06-12 22:52:00,35.9
2025-06-12 05:38:00,88.0
2025-06-12 01:52:00,83.9
2025-06-12 07:18:00,40.0
2025-06-12 10:03:00,56.6
2025-06-12 06:57:00,50.190676567656766
2025-06-12 08:57:00,24.8
2025-06-12 09:44:00,89.7
2025-06-12 00:01:00,50.190676567656766
2025-06-12 05:58:00,32.4
2025-06-12 08:59:00,35.9
2025-06-12 00:35:00,76.4
2025-06-12 06:37:00,50.190676567656766
2025-06-12 17:27:00,50.190676567656766
2025-06-12 20:58:00,50.190676567656766
2025-06-12 02:44:00,34.9
2025-06-12 14:55:00,92.7
2025-06-12 07:24:00,54.4
2025-06-12 20:35:00,50.190676567656766
2025-06-12 09:26:00,94.3
2025-06-12 23:36:00,22.4
2025-06-12 15:12:00,66.7
2025-06-12 19:54:00,68.7
2025-06-12 12:10:00,20.1
2025-06-12 23:44:00,59.0
2025-06-12 13:34:00,29.7
2025-06-12 19:18:00,35.5
2025-06-12 19:43:00,42.2
2025-06-12 06:49:00,50.190676567656766
2025-06-12 07:47:00,61.6
2025-06-12 07:02:00,21.0
2025-06-12 23:03:00,5.2
2025-06-12 03:50:00,37.6
2025-06-12 01:34:00,42.4
2025-06-12 21:24:00,89.2
2025-06-12 09:29:00,21.6
2025-06-12 18:25:00,62.9
2025-06-12 10:19:00,32.4
2025-06-12 17:58:00,31.3
2025-06-12 13:15:00,50.190676567656766
2025-06-12 22:16:00,50.190676567656766
2025-06-12 10:39:00,50.190676567656766
2025-06-12 20:35:00,26.6
2025-06-12 13:19:00,94.2
2025-06-12 20:10:00,51.8
2025-06-12 05:28:00,14.2
2025-06-12 20:04:00,90.7
2025-06-12 03:54:00,95.1
2025-06-12 04:04:00,71.0
2025-06-12 17:03:00,63.6
2025-06-12 04:23:00,9.9
2025-06-12 19:17:00,19.8
2025-06-12 11:15:00,60.6
2025-06-12 05:55:00,36.6
2025-06-12 03:19:00,66.6
2025-06-12 17:42:00,94.2
2025-06-12 10:21:00,50.190676567656766
2025-06-12 07:16:00,9.7
2025-06-12 14:23:00,51.6
2025-06-12 07:38:00,50.190676567656766
2025-06-12 03:27:00,43.1
2025-06-12 08:31:00,61.8
2025-06-12 01:35:00,54.3
2025-06-12 03:48:00,50.190676567656766
2025-06-12 02:56:00,95.7
2025-06-12 08:45:00,50.190676567656766
2025-06-12 02:29:00,8.5
2025-06-12 19:19:00,19.9
2025-06-12 05:03:00,13.8
2025-06-12 19:05:00,50.190676567656766
2025-06-12 23:46:00,50.190676567656766
2025-06-12 21:57:00,45.6
2025-06-12 04:16:00,17.8
2025-06-12 03:21:00,48.8
2025-06-12 17:23:00,48.8
2025-06-12 06:29:00,5.0
2025-06-12 05:51:00,50.190676567656766
2025-06-12 03:05:00,92.8
2025-06-12 03:11:00,45.8
2025-06-12 16:00:00,50.190676567656766
2025-06-12 16:03:00,25.6
2025-06-12 01:19:00,83.1
2025-06-12 15:10:00,39.9
2025-06-12 22:24:00,49.9
2025-06-12 11:54:00,87.0
2025-06-12 17:57:00,8.1
2025-06-12 07:34:00,13.0
2025-06-12 07:37:00,2.1
2025-06-12 03:07:00,50.190676567656766
2025-06-12 00:37:00,86.0
2025-06-12 10:32:00,57.0
2025-06-12 06:54:00,80.7
2025-06-12 02:59:00,15.1
2025-06-12 21:36:00,11.4
2025-06-12 08:23:00,18.8
2025-06-12 18:10:00,50.190676567656766
2025-06-12 17:39:00,50.7
2025-06-12 11:20:00,50.190676567656766
2025-06-12 20:13:00,88.1
2025-06-12 10:24:00,9.8
2025-06-12 17:24:00,88.3
2025-06-12 02:39:00,69.7
2025-06-12 09:33:00,29.2
2025-06-12 04:16:00,96.9
2025-06-12 10:51:00,82.3
2025-06-12 16:55:00,80.7
2025-06-12 22:27:00,78.1
2025-06-12 07:06:00,74.0
2025-06-12 17:30:00,100.0
2025-06-12 12:49:00,46.8
2025-06-12 17:23:00,12.3
2025-06-12 13:03:00,67.6
2025-06-12 08:34:00,50.190676567656766
2025-06-12 00:07:00,89.2
2025-06-12 11:47:00,10.3
2025-06-12 13:41:00,40.3
2025-06-12 13:04:00,43.5
2025-06-12 08:19:00,19.5
2025-06-12 23:48:00,50.190676567656766
2025-06-12 07:49:00,50.190676567656766
2025-06-12 12:29:00,98.2
2025-06-12 11:33:00,64.5
2025-06-12 14:45:00,58.9
2025-06-12 13:17:00,20.8
2025-06-12 11:25:00,50.190676567656766
2025-06-12 21:20:00,24.0
2025-06-12 12:59:00,50.190676567656766
2025-06-12 14:39:00,97.4
2025-06-12 20:53:00,43.0
2025-06-12 21:49:00,45.9
2025-06-12 23:09:00,4.3
2025-06-12 15:50:00,50.190676567656766
2025-06-12 10:18:00,80.6
2025-06-12 09:06:00,95.1
2025-06-12 00:42:00,24.1
2025-06-12 19:08:00,50.190676567656766
2025-06-12 04:08:00,30.7
2025-06-12 05:02:00,33.9
2025-06-12 03:18:00,57.2
2025-06-12 06:39:00,4.9
2025-06-12 07:16:00,86.7
2025-06-12 07:15:00,46.7
2025-06-12 18:55:00,19.7
2025-06-12 21:30:00,69.0
2025-06-12 10:45:00,31.2
2025-06-12 13:40:00,91.6
2025-06-12 09:27:00,50.190676567656766
2025-06-12 06:55:00,57.3
2025-06-12 05:02:00,14.2
2025-06-12 09:51:00,62.2
2025-06-12 00:53:00,13.0
2025-06-12 20:27:00,98.3
2025-06-12 17:05:00,5.0
2025-06-12 12:33:00,58.0
2025-06-12 13:51:00,80.2
2025-06-12 14:24:00,2.8
2025-06-12 01:48:00,14.2
2025-06-12 19:39:00,32.4
2025-06-12 03:35:00,97.0
2025-06-12 08:22:00,50.190676567656766
2025-06-12 06:35:00,51.0
2025-06-12 15:12:00,20.0
2025-06-12 11:51:00,57.4
2025-06-12 19:21:00,29.4
2025-06-12 14:40:00,3.8
2025-06-12 17:53:00,18.1
2025-06-12 17:29:00,50.190676567656766
2025-06-12 22:27:00,48.7
2025-06-12 04:11:00,4.6
2025-06-12 19:41:00,88.7
2025-06-12 00:06:00,25.8
2025-06-12 05:13:00,14.6
2025-06-12 03:12:00,96.5
2025-06-12 03:48:00,45.3
2025-06-12 13:49:00,34.4
2025-06-12 06:25:00,59.3
2025-06-12 12:53:00,47.1
2025-06-12 23:42:00,42.5
2025-06-12 12:56:00,25.1
2025-06-12 21:28:00,50.8
2025-06-12 22:00:00,50.7
2025-06-12 08:57:00,15.3
2025-06-12 22:00:00,97.5
2025-06-12 10:18:00,50.190676567656766
2025-06-12 02:11:00,7.3
2025-06-12 19:28:00,50.190676567656766
2025-06-12 02:59:00,61.0
2025-06-12 11:43:00,54.3
2025-06-12 21:23:00,81.2
2025-06-12 23:04:00,29.8
2025-06-12 03:47:00,13.3
2025-06-12 00:10:00,10.7
2025-06-12 09:41:00,15.8
2025-06-12 16:59:00,5.8
2025-06-12 17:37:00,60.5
2025-06-12 11:46:00,95.9
2025-06-12 10:46:00,28.4
2025-06-12 00:56:00,50.190676567656766
2025-06-12 08:28:00,60.6
2025-06-12 09:35:00,33.6
2025-06-12 21:07:00,16.5
2025-06-12 14:50:00,86.8
2025-06-12 19:17:00,75.9
2025-06-12 05:53:00,12.4
2025-06-12 02:34:00,96.2
2025-06-12 12:45:00,4.4
2025-06-12 17:21:00,53.2
2025-06-12 02:31:00,60.6
2025-06-12 17:09:00,34.0
2025-06-12 07:11:00,7.4
2025-06-12 03:16:00,54.0
2025-06-12 07:11:00,50.190676567656766
2025-06-12 15:29:00,50.190676567656766
2025-06-12 18:29:00,40.9
2025-06-12 16:33:00,52.3
2025-06-12 05:06:00,22.1
2025-06-12 01:58:00,97.9
2025-06-12 15:33:00,65.3
2025-06-12 17:35:00,78.8
2025-06-12 11:31:00,6.6
2025-06-12 22:54:00,27.2
2025-06-12 06:14:00,66.0
2025-06-12 03:22:00,36.0
2025-06-12 15:15:00,74.5
2025-06-12 04:41:00,91.0
2025-06-12 07:33:00,49.0
2025-06-12 21:18:00,65.7
2025-06-12 10:34:00,18.3
2025-06-12 16:50:00,50.190676567656766
2025-06-12 20:54:00,99.9
2025-06-12 21:36:00,15.7
2025-06-12 02:42:00,23.7
2025-06-12 13:17:00,19.0
2025-06-12 18:07:00,49.69925181201777
2025-06-12 01:02:00,13.4
2025-06-12 01:29:00,58.5
2025-06-12 11:59:00,99.1
2025-06-12 17:44:00,17.3
2025-06-12 20:25:00,49.69925181201777
2025-06-12 09:33:00,42.7
2025-06-12 22:28:00,28.6
2025-06-12 19:53:00,49.69925181201777
2025-06-12 17:03:00,0.2
2025-06-12 08:49:00,1.9
2025-06-12 19:25:00,63.5
2025-06-12 10:56:00,96.5
2025-06-12 16:19:00,49.69925181201777
2025-06-12 20:04:00,76.2
2025-06-12 22:53:00,49.69925181201777
2025-06-12 20:31:00,69.7
2025-06-12 01:09:00,6.0
2025-06-12 15:12:00,47.5
2025-06-12 05:00:00,49.69925181201777
2025-06-12 07:26:00,29.5
2025-06-12 02:13:00,0.8
2025-06-12 16:35:00,44.7
2025-06-12 23:17:00,31.7
2025-06-12 02:51:00,61.3
2025-06-12 20:27:00,21.9
2025-06-12 12:18:00,49.3
2025-06-12 14:27:00,48.8
2025-06-12 09:54:00,66.3
2025-06-12 11:03:00,50.4
2025-06-12 09:06:00,94.6
2025-06-12 02:36:00,20.1
2025-06-12 20:22:00,36.8
2025-06-12 17:28:00,49.69925181201777
2025-06-12 21:37:00,23.2
2025-06-12 20:00:00,76.5
2025-06-12 23:53:00,18.1
2025-06-12 08:53:00,100.0
2025-06-12 16:47:00,71.1
2025-06-12 14:50:00,87.0
2025-06-12 15:28:00,69.4
2025-06-12 19:32:00,36.3
2025-06-12 13:07:00,86.8
2025-06-12 15:16:00,20.1
2025-06-12 07:27:00,35.3
2025-06-12 06:10:00,49.69925181201777
2025-06-12 21:18:00,18.6
2025-06-12 23:50:00,65.9
2025-06-12 08:44:00,84.8
2025-06-12 16:05:00,89.6
2025-06-12 15:58:00,25.0
2025-06-12 01:17:00,17.8
2025-06-12 22:43:00,51.2
2025-06-12 07:17:00,49.69925181201777
2025-06-12 20:08:00,41.0
2025-06-12 11:50:00,49.9
2025-06-12 21:38:00,4.7
2025-06-12 04:18:00,79.4
2025-06-12 13:33:00,92.6
2025-06-12 08:22:00,29.4
2025-06-12 14:40:00,8.6
2025-06-12 04:04:00,70.5
2025-06-12 01:41:00,85.2
2025-06-12 19:04:00,4.1
2025-06-12 23:03:00,49.69925181201777
2025-06-12 14:25:00,23.8
2025-06-12 01:12:00,15.0
2025-06-12 05:56:00,45.3
2025-06-12 20:42:00,48.9
2025-06-12 22:18:00,30.2
2025-06-12 14:26:00,34.1
2025-06-12 22:22:00,29.0
2025-06-12 17:46:00,78.2
2025-06-12 12:56:00,80.6
2025-06-12 01:00:00,8.8
2025-06-12 23:41:00,98.9
2025-06-12 06:12:00,49.69925181201777
2025-06-12 02:53:00,41.6
2025-06-12 13:53:00,53.2
2025-06-12 11:49:00,10.0
2025-06-12 22:22:00,21.2
2025-06-12 02:46:00,24.3
2025-06-12 21:44:00,28.1
2025-06-12 19:05:00,40.0
2025-06-12 06:30:00,60.6
2025-06-12 03:08:00,26.1
2025-06-12 17:13:00,1.1
2025-06-12 16:58:00,43.4
2025-06-12 03:12:00,29.6
2025-06-12 03:56:00,81.8
2025-06-12 20:08:00,49.69925181201777
2025-06-12 21:25:00,90.2
2025-06-12 06:29:00,49.69925181201777
2025-06-12 10:35:00,63.0
2025-06-12 10:25:00,30.2
2025-06-12 04:53:00,60.0
2025-06-12 22:43:00,90.8
2025-06-12 18:13:00,86.4
2025-06-12 13:37:00,79.2
2025-06-12 03:36:00,49.69925181201777
2025-06-12 09:09:00,26.1
2025-06-12 03:07:00,64.0
2025-06-12 10:33:00,47.0
2025-06-12 19:58:00,39.7
2025-06-12 12:44:00,49.69925181201777
2025-06-12 16:26:00,68.5
2025-06-12 01:39:00,81.5
2025-06-12 22:32:00,42.8
2025-06-12 15:22:00,26.9
2025-06-12 02:15:00,49.69925181201777
2025-06-12 23:34:00,29.5
2025-06-12 04:14:00,26.5
2025-06-12 07:39:00,58.1
2025-06-12 05:22:00,49.69925181201777
2025-06-12 22:30:00,60.1
2025-06-12 17:28:00,63.9
2025-06-12 20:08:00,98.6
2025-06-12 20:35:00,86.2
2025-06-12 01:04:00,69.4
2025-06-12 04:48:00,59.6
2025-06-12 20:55:00,98.2
2025-06-12 11:41:00,49.69925181201777
2025-06-12 04:34:00,17.0
2025-06-12 18:58:00,25.6
2025-06-12 17:58:00,91.0
2025-06-12 03:04:00,79.8
2025-06-12 22:49:00,10.9
2025-06-12 08:26:00,45.2
2025-06-12 02:47:00,64.4
2025-06-12 10:25:00,49.69925181201777
2025-06-12 04:01:00,61.5
2025-06-12 04:36:00,43.4
2025-06-12 14:18:00,49.69925181201777
2025-06-12 07:41:00,13.1
2025-06-12 01:23:00,98.6
2025-06-12 14:47:00,68.5
2025-06-12 13:03:00,25.2
2025-06-12 16:43:00,12.2
2025-06-12 06:12:00,72.2
2025-06-12 18:48:00,71.6
2025-06-12 06:54:00,60.6
2025-06-12 22:30:00,67.5
2025-06-12 16:58:00,73.8
2025-06-12 19:15:00,13.9
2025-06-12 19:33:00,49.69925181201777
2025-06-12 19:36:00,0.7
2025-06-12 01:02:00,23.0
2025-06-12 11:07:00,85.0
2025-06-12 19:23:00,49.69925181201777
2025-06-12 11:11:00,68.8
2025-06-12 17:48:00,95.6
2025-06-12 04:22:00,61.0
2025-06-12 09:12:00,24.1
2025-06-12 11:34:00,79.7
2025-06-12 15:46:00,27.7
2025-06-12 08:15:00,49.69925181201777
2025-06-12 17:40:00,41.7
2025-06-12 22:20:00,37.6
2025-06-12 11:54:00,94.2
2025-06-12 17:18:00,24.7
2025-06-12 16:22:00,49.69925181201777
2025-06-12 22:50:00,65.3
2025-06-12 01:40:00,95.9
2025-06-12 04:46:00,49.69925181201777
2025-06-12 14:04:00,49.69925181201777
2025-06-12 20:45:00,45.0
2025-06-12 10:38:00,22.2
2025-06-12 04:16:00,49.69925181201777
2025-06-12 06:07:00,10.9
2025-06-12 07:20:00,71.9
2025-06-12 23:49:00,87.7
2025-06-12 15:58:00,74.1
2025-06-12 13:12:00,99.1
2025-06-12 15:20:00,45.9
2025-06-12 01:30:00,54.2
2025-06-12 01:01:00,50.6
2025-06-12 05:41:00,50.8
2025-06-12 22:20:00,49.69925181201777
2025-06-12 04:58:00,51.8
2025-06-12 22:08:00,53.8
2025-06-12 05:49:00,53.6
2025-06-12 01:51:00,49.69925181201777
2025-06-12 12:33:00,11.9
2025-06-12 22:26:00,36.4
2025-06-12 22:43:00,8.2
2025-06-12 11:27:00,83.9
2025-06-12 12:02:00,19.2
2025-06-12 07:21:00,70.3
2025-06-12 21:05:00,94.9
2025-06-12 19:02:00,95.7
2025-06-12 11:36:00,49.69925181201777
2025-06-12 11:46:00,26.9
2025-06-12 02:30:00,90.0
2025-06-12 11:30:00,61.2
2025-06-12 04:09:00,9.6
2025-06-12 16:20:00,38.5
2025-06-12 00:03:00,61.7
2025-06-12 10:02:00,93.1
2025-06-12 21:17:00,94.9
2025-06-12 18:35:00,49.69925181201777
2025-06-12 04:29:00,55.5
2025-06-12 17:56:00,49.69925181201777
2025-06-12 20:03:00,96.3
2025-06-12 08:11:00,38.6
2025-06-12 17:42:00,47.7
2025-06-12 08:32:00,49.69925181201777
2025-06-12 07:20:00,53.8
2025-06-12 15:04:00,60.4
2025-06-12 09:18:00,49.69925181201777
2025-06-12 02:22:00,28.7
2025-06-12 23:23:00,33.9
2025-06-12 11:11:00,83.6
2025-06-12 13:54:00,73.6
2025-06-12 03:02:00,87.7
2025-06-12 17:43:00,99.0
2025-06-12 03:36:00,52.7
2025-06-12 17:26:00,56.4
2025-06-12 06:14:00,9.9
2025-06-12 16:39:00,69.5
2025-06-12 18:53:00,78.5
2025-06-12 19:55:00,82.9
2025-06-12 17:56:00,56.9
2025-06-12 16:29:00,45.1
2025-06-12 09:20:00,58.0
2025-06-12 01:30:00,39.3
2025-06-12 03:09:00,52.5
2025-06-12 06:27:00,76.8
2025-06-12 14:08:00,14.6
2025-06-12 01:33:00,18.1
2025-06-12 19:36:00,49.69925181201777
2025-06-12 08:03:00,0.4
2025-06-12 06:35:00,74.1
2025-06-12 03:50:00,79.3
2025-06-12 02:11:00,96.5
2025-06-12 04:59:00,87.6
2025-06-12 14:22:00,46.5
2025-06-12 06:56:00,99.4
2025-06-12 05:09:00,49.69925181201777
2025-06-12 23:41:00,71.4
2025-06-12 16:19:00,49.69925181201777
2025-06-12 01:57:00,2.8
2025-06-12 15:38:00,49.69925181201777
2025-06-12 15:55:00,49.69925181201777
2025-06-12 14:58:00,57.3
2025-06-12 05:23:00,67.7
2025-06-12 22:17:00,6.6
2025-06-12 04:20:00,69.4
2025-06-12 16:37:00,35.2
2025-06-12 07:43:00,63.8
2025-06-12 15:00:00,5.5
2025-06-12 14:35:00,67.1
2025-06-12 12:56:00,37.5
2025-06-12 17:48:00,16.9
2025-06-12 07:13:00,69.7
2025-06-12 00:08:00,83.9
2025-06-12 01:47:00,4.3
2025-06-12 22:41:00,22.2
2025-06-12 16:38:00,50.2
2025-06-12 23:01:00,19.4
2025-06-12 22:06:00,88.1
2025-06-12 03:36:00,70.6
2025-06-12 17:18:00,48.0
2025-06-12 23:49:00,54.8
2025-06-12 15:54:00,35.4
2025-06-12 01:39:00,53.5
2025-06-12 01:04:00,82.0
2025-06-12 15:30:00,36.5
2025-06-12 06:11:00,18.6
2025-06-12 22:39:00,58.2
2025-06-12 11:42:00,23.5
2025-06-12 05:59:00,3.2
2025-06-12 10:34:00,75.5
2025-06-12 01:16:00,49.69925181201777
2025-06-12 04:01:00,17.5
2025-06-12 08:11:00,76.1
2025-06-12 07:31:00,49.69925181201777
2025-06-12 17:05:00,27.8
2025-06-12 02:15:00,25.0
2025-06-12 23:53:00,49.69925181201777
2025-06-12 06:32:00,93.6
2025-06-12 18:55:00,6.4
2025-06-12 11:05:00,42.0
2025-06-12 15:08:00,49.69925181201777
2025-06-12 11:56:00,44.1
2025-06-12 09:24:00,69.6
2025-06-12 22:39:00,96.4
2025-06-12 08:17:00,28.3
2025-06-12 08:41:00,49.69925181201777
2025-06-12 17:49:00,61.2
2025-06-12 10:48:00,83.6
2025-06-12 04:25:00,34.4
2025-06-12 10:34:00,49.69925181201777
2025-06-12 17:39:00,24.1
2025-06-12 00:47:00,79.0
2025-06-12 03:52:00,18.3
2025-06-12 12:55:00,49.69925181201777
2025-06-12 13:40:00,83.0
2025-06-12 18:16:00,84.2
2025-06-12 19:38:00,72.4
2025-06-12 13:16:00,85.6
2025-06-12 05:01:00,2.7
2025-06-12 10:16:00,9.8
2025-06-12 11:39:00,1.7
2025-06-12 10:45:00,63.2
2025-06-12 14:46:00,74.5
2025-06-12 07:56:00,9.6
2025-06-12 14:41:00,85.5
2025-06-12 20:35:00,93.5
2025-06-12 23:57:00,97.7
2025-06-12 15:56:00,9.7
2025-06-12 03:54:00,22.1
2025-06-12 02:30:00,49.69925181201777
2025-06-12 08:28:00,18.7
2025-06-12 20:14:00,1.7
2025-06-12 02:06:00,8.5
2025-06-12 05:10:00,39.8
2025-06-12 08:19:00,79.3
2025-06-12 12:33:00,92.1
2025-06-12 17:41:00,18.2
2025-06-12 02:19:00,86.6
2025-06-12 17:19:00,49.69925181201777
2025-06-12 20:14:00,61.6
2025-06-12 16:08:00,82.5
2025-06-12 09:37:00,91.4
2025-06-12 15:02:00,54.1
2025-06-12 19:27:00,49.69925181201777
2025-06-12 18:47:00,97.5
2025-06-12 01:16:00,10.7
2025-06-12 15:00:00,29.0
2025-06-12 14:02:00,27.7
2025-06-12 01:29:00,49.69925181201777
2025-06-12 13:10:00,11.8
2025-06-12 12:27:00,30.6
2025-06-12 22:40:00,29.7
2025-06-12 08:11:00,20.8
2025-06-12 11:20:00,61.8
2025-06-12 08:53:00,74.9
2025-06-12 15:22:00,92.7
2025-06-12 14:58:00,20.4
2025-06-12 10:47:00,46.5
2025-06-12 18:37:00,50.9
2025-06-12 12:31:00,49.69925181201777
2025-06-12 16:22:00,71.3
2025-06-12 12:53:00,49.69925181201777
2025-06-12 00:17:00,4.1
2025-06-12 19:52:00,33.4
2025-06-12 15:45:00,81.9
2025-06-12 13:15:00,48.5
2025-06-12 16:04:00,87.9
2025-06-12 20:44:00,65.2
2025-06-12 23:35:00,8.1
2025-06-12 05:05:00,67.1
2025-06-12 00:36:00,98.8
2025-06-12 02:31:00,39.6
2025-06-12 19:14:00,50.15234640140434
2025-06-12 05:52:00,83.9
2025-06-12 18:40:00,11.3
2025-06-12 09:54:00,21.8
2025-06-12 14:14:00,94.8
2025-06-12 05:54:00,4.5
2025-06-12 18:17:00,50.15234640140434
2025-06-12 11:11:00,8.0
2025-06-12 13:54:00,36.6
2025-06-12 14:27:00,67.6
2025-06-12 06:49:00,50.15234640140434
2025-06-12 14:35:00,88.8
2025-06-12 18:56:00,57.9
2025-06-12 23:18:00,82.4
2025-06-12 23:50:00,42.8
2025-06-12 18:18:00,5.6
2025-06-12 06:48:00,50.15234640140434
2025-06-12 21:48:00,50.15234640140434
2025-06-12 15:33:00,67.3
2025-06-12 10:10:00,61.4
2025-06-12 22:32:00,71.9
2025-06-12 11:37:00,14.7
2025-06-12 11:24:00,65.7
2025-06-12 20:05:00,9.6
2025-06-12 05:29:00,16.9
2025-06-12 02:20:00,12.8
2025-06-12 15:33:00,59.6
2025-06-12 18:32:00,10.4
2025-06-12 23:22:00,49.3
2025-06-12 11:16:00,50.15234640140434
2025-06-12 13:37:00,58.7
2025-06-12 12:27:00,59.0
2025-06-12 05:46:00,33.5
2025-06-12 12:49:00,50.15234640140434
2025-06-12 16:04:00,22.2
2025-06-12 09:40:00,50.15234640140434
2025-06-12 17:25:00,67.9
2025-06-12 18:49:00,72.3
2025-06-12 15:24:00,16.4
2025-06-12 23:36:00,35.9
2025-06-12 22:53:00,4.5
2025-06-12 15:13:00,39.8
2025-06-12 13:26:00,83.4
2025-06-12 16:57:00,90.5
2025-06-12 21:13:00,78.4
2025-06-12 16:29:00,35.5
2025-06-12 19:36:00,97.3
2025-06-12 14:09:00,50.15234640140434
2025-06-12 12:08:00,50.7
2025-06-12 13:58:00,71.8
2025-06-12 08:09:00,47.4
2025-06-12 23:01:00,89.5
2025-06-12 21:53:00,93.1
2025-06-12 07:09:00,61.0
2025-06-12 23:15:00,50.15234640140434
2025-06-12 02:59:00,50.15234640140434
2025-06-12 04:36:00,43.4
2025-06-12 01:57:00,68.6
2025-06-12 15:31:00,50.15234640140434
2025-06-12 18:58:00,42.8
2025-06-12 19:53:00,94.6
2025-06-12 15:02:00,51.7
2025-06-12 05:47:00,98.8
2025-06-12 15:19:00,50.5
2025-06-12 03:08:00,0.0
2025-06-12 13:21:00,50.15234640140434
2025-06-12 11:36:00,18.8
2025-06-12 10:38:00,87.9
2025-06-12 12:49:00,50.15234640140434
2025-06-12 17:06:00,68.6
2025-06-12 10:05:00,87.4
2025-06-12 01:18:00,63.9
2025-06-12 22:38:00,75.3
2025-06-12 13:32:00,50.15234640140434
2025-06-12 15:47:00,50.15234640140434
2025-06-12 12:31:00,4.8
2025-06-12 14:15:00,87.5
2025-06-12 10:52:00,15.2
2025-06-12 21:21:00,25.1
2025-06-12 21:22:00,50.15234640140434
2025-06-12 22:30:00,7.2
2025-06-12 02:19:00,50.15234640140434
2025-06-12 23:40:00,89.0
2025-06-12 10:36:00,50.15234640140434
2025-06-12 05:37:00,91.1
2025-06-12 17:59:00,47.4
2025-06-12 11:01:00,3.7
2025-06-12 11:03:00,97.0
2025-06-12 19:01:00,5.1
2025-06-12 05:44:00,50.15234640140434
2025-06-12 10:15:00,90.6
2025-06-12 00:40:00,21.2
2025-06-12 19:57:00,11.3
2025-06-12 07:06:00,87.0
2025-06-12 10:49:00,99.0
2025-06-12 22:21:00,89.9
2025-06-12 00:17:00,6.5
2025-06-12 10:17:00,95.0
2025-06-12 04:50:00,58.5
2025-06-12 13:47:00,43.2
2025-06-12 11:51:00,57.0
2025-06-12 22:35:00,84.9
2025-06-12 10:15:00,90.0
2025-06-12 01:42:00,34.6
2025-06-12 20:46:00,3.8
2025-06-12 23:05:00,13.6
2025-06-12 02:52:00,46.5
2025-06-12 02:17:00,16.5
2025-06-12 22:06:00,67.0
2025-06-12 06:51:00,89.1
2025-06-12 08:16:00,32.9
2025-06-12 11:48:00,34.7
2025-06-12 10:39:00,15.3
2025-06-12 22:20:00,68.5
2025-06-12 02:16:00,23.0
2025-06-12 11:33:00,98.5
2025-06-12 19:07:00,72.8
2025-06-12 17:58:00,50.15234640140434
2025-06-12 08:23:00,62.4
2025-06-12 16:30:00,28.6
2025-06-12 10:18:00,14.7
2025-06-12 20:58:00,7.6
2025-06-12 03:06:00,50.15234640140434
2025-06-12 12:04:00,54.4
2025-06-12 19:13:00,50.15234640140434
2025-06-12 05:21:00,50.15234640140434
2025-06-12 02:56:00,50.15234640140434
2025-06-12 16:52:00,88.5
2025-06-12 11:58:00,11.8
2025-06-12 04:33:00,66.5
2025-06-12 08:55:00,50.15234640140434
2025-06-12 10:23:00,6.5
2025-06-12 20:03:00,44.4
2025-06-12 09:53:00,0.8
2025-06-12 02:34:00,69.3
2025-06-12 19:13:00,22.5
2025-06-12 00:47:00,50.4
2025-06-12 11:02:00,19.2
2025-06-12 11:04:00,46.2
2025-06-12 10:57:00,47.9
2025-06-12 02:16:00,50.15234640140434
2025-06-12 05:43:00,39.9
2025-06-12 07:12:00,50.15234640140434
2025-06-12 08:46:00,27.4
2025-06-12 02:17:00,89.1
2025-06-12 11:46:00,72.4
2025-06-12 04:02:00,68.6
2025-06-12 05:18:00,48.5
2025-06-12 15:30:00,57.7
2025-06-12 17:44:00,55.7
2025-06-12 17:11:00,2.4
2025-06-12 15:29:00,43.2
2025-06-12 19:59:00,40.9
2025-06-12 02:40:00,13.4
2025-06-12 05:03:00,76.5
2025-06-12 21:11:00,50.15234640140434
2025-06-12 22:17:00,4.6
2025-06-12 20:36:00,37.9
2025-06-12 05:36:00,40.6
2025-06-12 04:48:00,50.15234640140434
2025-06-12 16:07:00,70.8
2025-06-12 11:25:00,54.3
2025-06-12 19:39:00,11.8
2025-06-12 19:14:00,93.2
2025-06-12 15:00:00,37.8
2025-06-12 13:08:00,19.4
2025-06-12 19:02:00,56.3
2025-06-12 07:46:00,43.8
2025-06-12 07:38:00,76.8
2025-06-12 12:27:00,28.9
2025-06-12 19:35:00,18.2
2025-06-12 23:55:00,50.15234640140434
2025-06-12 15:42:00,98.0
2025-06-12 09:49:00,33.3
2025-06-12 23:22:00,63.4
2025-06-12 05:02:00,67.1
2025-06-12 14:38:00,50.15234640140434
2025-06-12 15:57:00,32.3
2025-06-12 17:38:00,59.7
2025-06-12 10:03:00,50.15234640140434
2025-06-12 01:06:00,26.6
2025-06-12 19:03:00,60.0
2025-06-12 11:44:00,19.9
2025-06-12 20:34:00,14.8
2025-06-12 23:20:00,52.4
2025-06-12 10:49:00,50.15234640140434
2025-06-12 17:06:00,89.6
2025-06-12 07:12:00,78.3
2025-06-12 02:10:00,15.3
2025-06-12 09:39:00,49.2
2025-06-12 03:15:00,21.3
2025-06-12 06:07:00,60.8
2025-06-12 08:43:00,62.1
2025-06-12 00:40:00,66.4
2025-06-12 14:09:00,84.5
2025-06-12 12:10:00,50.15234640140434
2025-06-12 07:52:00,32.3
2025-06-12 00:11:00,44.5
2025-06-12 11:06:00,25.7
2025-06-12 08:32:00,50.15234640140434
2025-06-12 08:26:00,50.15234640140434
2025-06-12 07:04:00,45.4
2025-06-12 23:20:00,50.15234640140434
2025-06-12 12:18:00,50.15234640140434
2025-06-12 04:11:00,77.9
2025-06-12 14:44:00,59.5
2025-06-12 13:00:00,45.3
2025-06-12 21:54:00,50.15234640140434
2025-06-12 20:39:00,13.7
2025-06-12 08:53:00,61.1
2025-06-12 03:45:00,96.6
2025-06-12 14:36:00,50.15234640140434
2025-06-12 10:51:00,95.4
2025-06-12 14:37:00,50.15234640140434
2025-06-12 08:26:00,52.3
2025-06-12 20:58:00,54.9
2025-06-12 15:34:00,50.15234640140434
2025-06-12 12:12:00,80.7
2025-06-12 12:05:00,14.5
2025-06-12 19:23:00,50.15234640140434
2025-06-12 23:14:00,94.6
2025-06-12 20:52:00,17.7
2025-06-12 13:24:00,85.7
2025-06-12 02:06:00,57.8
2025-06-12 12:20:00,35.7
2025-06-12 01:01:00,51.0
2025-06-12 16:01:00,85.9
2025-06-12 09:53:00,32.9
2025-06-12 22:31:00,4.1
2025-06-12 16:44:00,50.15234640140434
2025-06-12 06:43:00,50.15234640140434
2025-06-12 19:29:00,34.9
2025-06-12 03:08:00,92.4
2025-06-12 12:56:00,61.4
2025-06-12 19:28:00,73.5
2025-06-12 11:13:00,54.8
2025-06-12 09:36:00,70.6
2025-06-12 02:28:00,88.3
2025-06-12 18:40:00,73.5
2025-06-12 07:42:00,99.5
2025-06-12 04:09:00,6.3
2025-06-12 23:58:00,67.5
2025-06-12 23:07:00,40.1
2025-06-12 13:45:00,10.2
2025-06-12 04:45:00,34.2
2025-06-12 13:44:00,99.2
2025-06-12 10:13:00,63.8
2025-06-12 22:46:00,68.1
2025-06-12 18:50:00,50.15234640140434
2025-06-12 09:06:00,33.2
2025-06-12 01:47:00,86.8
2025-06-12 21:25:00,26.2
2025-06-12 06:32:00,86.4
2025-06-12 12:47:00,50.15234640140434
2025-06-12 01:55:00,71.3
2025-06-12 12:24:00,11.1
2025-06-12 11:21:00,40.6
2025-06-12 19:50:00,47.5
2025-06-12 16:43:00,65.7
2025-06-12 12:18:00,19.2
2025-06-12 15:14:00,50.15234640140434
2025-06-12 00:42:00,67.3
2025-06-12 20:27:00,59.0
2025-06-12 12:03:00,50.8
2025-06-12 23:31:00,66.0
2025-06-12 10:55:00,65.2
2025-06-12 20:27:00,13.0
2025-06-12 18:30:00,19.9
2025-06-12 23:16:00,61.0
2025-06-12 18:12:00,9.2
2025-06-12 04:44:00,61.5
2025-06-12 11:05:00,39.2
2025-06-12 05:25:00,9.6
2025-06-12 06:37:00,16.6
2025-06-12 13:23:00,89.3
2025-06-12 21:44:00,82.8
2025-06-12 03:12:00,37.6
2025-06-12 18:58:00,97.1
2025-06-12 12:59:00,73.9
2025-06-12 06:07:00,18.6
2025-06-12 14:20:00,50.15234640140434
2025-06-12 10:57:00,28.2
2025-06-12 03:18:00,83.4
2025-06-12 02:16:00,39.7
2025-06-12 19:48:00,27.3
2025-06-12 18:06:00,69.2
2025-06-12 00:50:00,82.2
2025-06-12 22:15:00,17.0
2025-06-12 18:45:00,6.9
2025-06-12 01:15:00,5.3
2025-06-12 21:32:00,50.15234640140434
2025-06-12 03:17:00,94.9
2025-06-12 23:24:00,41.2
2025-06-12 01:34:00,43.8
2025-06-12 12:57:00,53.2
2025-06-12 10:43:00,50.15234640140434
2025-06-12 21:25:00,43.1
2025-06-12 03:54:00,53.2
2025-06-12 20:36:00,13.6
2025-06-12 19:37:00,50.15234640140434
2025-06-12 04:46:00,22.2
2025-06-12 14:22:00,50.15234640140434
2025-06-12 13:44:00,21.6
2025-06-12 17:03:00,50.15234640140434
2025-06-12 15:57:00,50.15234640140434
2025-06-12 07:20:00,72.6
2025-06-12 02:11:00,59.5
2025-06-12 21:59:00,62.0
2025-06-12 08:24:00,88.3
2025-06-12 08:45:00,70.5
2025-06-12 22:41:00,69.4
2025-06-12 01:33:00,23.2
2025-06-12 08:13:00,14.1
2025-06-12 12:02:00,50.15234640140434
2025-06-12 19:39:00,54.0
2025-06-12 06:20:00,43.0
2025-06-12 22:48:00,36.8
2025-06-12 17:00:00,67.7
2025-06-12 06:51:00,18.3
2025-06-12 17:36:00,81.0
2025-06-12 06:53:00,41.8
2025-06-12 03:14:00,76.9
2025-06-12 22:21:00,61.5
2025-06-12 06:53:00,50.15234640140434
2025-06-12 20:06:00,89.5
2025-06-12 11:30:00,76.4
2025-06-12 11:03:00,61.9
2025-06-12 07:42:00,56.6
2025-06-12 02:38:00,88.4
2025-06-12 12:29:00,28.1
2025-06-12 11:00:00,24.4
2025-06-12 17:27:00,74.5
2025-06-12 00:41:00,57.1
2025-06-12 10:04:00,22.7
2025-06-12 01:49:00,14.2
2025-06-12 11:30:00,50.15234640140434
2025-06-12 00:03:00,75.5
2025-06-12 10:33:00,49.8
2025-06-12 07:23:00,20.7
2025-06-12 02:06:00,70.4
2025-06-12 09:36:00,43.7
2025-06-12 15:21:00,75.4
2025-06-12 07:11:00,69.2
2025-06-12 20:29:00,50.15747328871669
2025-06-12 11:37:00,15.4
2025-06-12 12:08:00,90.0
2025-06-12 00:04:00,91.5
2025-06-12 05:31:00,10.5
2025-06-12 00:28:00,82.5
2025-06-12 00:53:00,32.5
2025-06-12 22:32:00,68.4
2025-06-12 23:41:00,35.7
2025-06-12 10:27:00,95.4
2025-06-12 10:14:00,85.3
2025-06-12 17:25:00,31.5
2025-06-12 16:44:00,42.4
2025-06-12 14:11:00,50.15747328871669
2025-06-12 15:30:00,93.1
2025-06-12 10:25:00,8.5
2025-06-12 09:18:00,46.8
2025-06-12 02:10:00,30.6
2025-06-12 09:18:00,53.3
2025-06-12 16:39:00,11.5
2025-06-12 21:27:00,97.9
2025-06-12 03:01:00,40.6
2025-06-12 16:29:00,56.7
2025-06-12 16:36:00,88.8
2025-06-12 05:00:00,16.4
2025-06-12 03:51:00,27.6
2025-06-12 21:19:00,74.9
2025-06-12 12:48:00,37.7
2025-06-12 08:16:00,48.9
2025-06-12 17:31:00,45.4
2025-06-12 13:44:00,3.8
2025-06-12 01:27:00,69.3
2025-06-12 12:32:00,77.7
2025-06-12 23:57:00,6.9
2025-06-12 18:44:00,26.4
2025-06-12 16:13:00,34.8
2025-06-12 17:51:00,15.2
2025-06-12 08:08:00,98.8
2025-06-12 02:10:00,10.2
2025-06-12 09:51:00,48.6
2025-06-12 01:52:00,43.3
2025-06-12 21:25:00,47.9
2025-06-12 18:55:00,73.8
2025-06-12 19:48:00,29.4
2025-06-12 12:19:00,62.8
2025-06-12 17:04:00,15.8
2025-06-12 19:39:00,73.9
2025-06-12 19:52:00,50.15747328871669
2025-06-12 20:43:00,70.5
2025-06-12 18:46:00,85.5
2025-06-12 22:54:00,75.8
2025-06-12 20:56:00,74.7
2025-06-12 13:37:00,57.9
2025-06-12 07:42:00,62.7
2025-06-12 02:53:00,79.5
2025-06-12 01:39:00,6.5
2025-06-12 11:01:00,50.15747328871669
2025-06-12 23:27:00,34.9
2025-06-12 01:47:00,10.6
2025-06-12 11:53:00,32.0
2025-06-12 22:06:00,83.5
2025-06-12 06:45:00,70.0
2025-06-12 14:27:00,45.0
2025-06-12 22:48:00,47.8
2025-06-12 14:57:00,32.5
2025-06-12 15:45:00,5.3
2025-06-12 13:07:00,50.15747328871669
2025-06-12 16:50:00,50.15747328871669
2025-06-12 05:33:00,53.6
2025-06-12 20:49:00,50.15747328871669
2025-06-12 08:54:00,63.7
2025-06-12 04:03:00,50.15747328871669
2025-06-12 12:52:00,96.4
2025-06-12 20:46:00,54.8
2025-06-12 10:03:00,16.0
2025-06-12 17:49:00,33.1
2025-06-12 21:52:00,8.0
2025-06-12 20:14:00,79.7
2025-06-12 07:36:00,96.5
2025-06-12 01:50:00,70.3
2025-06-12 16:20:00,95.6
2025-06-12 03:10:00,63.5
2025-06-12 07:34:00,67.8
2025-06-12 18:48:00,2.6
2025-06-12 10:14:00,36.9
2025-06-12 01:48:00,16.5
2025-06-12 12:28:00,50.15747328871669
2025-06-12 11:55:00,35.4
2025-06-12 16:15:00,10.1
2025-06-12 08:58:00,77.0
2025-06-12 16:18:00,43.0
2025-06-12 01:55:00,54.7
2025-06-12 21:59:00,1.9
2025-06-12 19:09:00,78.6
2025-06-12 09:02:00,73.3
2025-06-12 22:10:00,90.5
2025-06-12 15:29:00,54.9
2025-06-12 04:33:00,50.15747328871669
2025-06-12 11:59:00,81.6
2025-06-12 03:02:00,97.6
2025-06-12 12:34:00,65.8
2025-06-12 17:28:00,4.6
2025-06-12 12:15:00,73.8
2025-06-12 06:45:00,81.9
2025-06-12 03:11:00,50.15747328871669
2025-06-12 10:12:00,32.9
2025-06-12 04:54:00,18.2
2025-06-12 21:34:00,68.5
2025-06-12 18:42:00,23.5
2025-06-12 21:02:00,50.15747328871669
2025-06-12 10:39:00,74.5
2025-06-12 08:39:00,81.0
2025-06-12 09:41:00,26.3
2025-06-12 04:34:00,30.0
2025-06-12 10:32:00,59.3
2025-06-12 19:05:00,47.4
2025-06-12 19:44:00,55.5
2025-06-12 13:29:00,40.3
2025-06-12 20:25:00,3.1
2025-06-12 18:45:00,28.5
2025-06-12 07:24:00,50.15747328871669
2025-06-12 02:28:00,18.2
2025-06-12 02:06:00,79.2
2025-06-12 15:33:00,96.6
2025-06-12 08:41:00,58.0
2025-06-12 03:31:00,74.2
2025-06-12 18:05:00,14.9
2025-06-12 13:54:00,59.1
2025-06-12 04:57:00,25.4
2025-06-12 07:15:00,50.15747328871669
2025-06-12 20:58:00,52.0
2025-06-12 05:05:00,46.4
2025-06-12 09:45:00,22.9
2025-06-12 02:12:00,50.15747328871669
2025-06-12 14:03:00,21.7
2025-06-12 08:30:00,35.3
2025-06-12 03:19:00,51.6
2025-06-12 09:13:00,48.8
2025-06-12 12:02:00,99.7
2025-06-12 11:17:00,33.2
2025-06-12 13:53:00,50.15747328871669
2025-06-12 22:27:00,98.9
2025-06-12 10:43:00,26.4
2025-06-12 14:53:00,54.0
2025-06-12 06:51:00,60.2
2025-06-12 09:09:00,78.2
2025-06-12 12:47:00,1.5
2025-06-12 01:35:00,5.2
2025-06-12 07:30:00,50.15747328871669
2025-06-12 02:37:00,46.6
2025-06-12 15:28:00,50.15747328871669
2025-06-12 15:20:00,59.8
2025-06-12 10:05:00,50.2
2025-06-12 08:33:00,77.6
2025-06-12 11:08:00,15.8
2025-06-12 21:11:00,84.5
2025-06-12 03:52:00,65.9
2025-06-12 09:49:00,67.9
2025-06-12 17:45:00,48.8
2025-06-12 05:38:00,24.3
2025-06-12 05:14:00,23.4
2025-06-12 14:10:00,50.15747328871669
2025-06-12 19:38:00,10.2
2025-06-12 04:27:00,37.5
2025-06-12 17:03:00,20.2
2025-06-12 12:18:00,40.0
2025-06-12 23:52:00,79.3
2025-06-12 06:45:00,76.5
2025-06-12 16:13:00,75.6
2025-06-12 15:44:00,50.15747328871669
2025-06-12 20:22:00,20.3
2025-06-12 05:55:00,41.0
2025-06-12 21:28:00,50.15747328871669
2025-06-12 07:06:00,95.1
2025-06-12 11:11:00,93.4
2025-06-12 23:34:00,30.2
2025-06-12 03:07:00,58.8
2025-06-12 17:49:00,40.2
2025-06-12 05:27:00,44.3
2025-06-12 05:51:00,69.3
2025-06-12 06:51:00,57.9
2025-06-12 05:14:00,50.15747328871669
2025-06-12 18:18:00,45.3
2025-06-12 02:45:00,93.8
2025-06-12 14:46:00,37.2
2025-06-12 20:58:00,49.0
2025-06-12 03:13:00,41.7
2025-06-12 21:50:00,66.2
2025-06-12 22:32:00,40.9
2025-06-12 13:43:00,92.1
2025-06-12 21:05:00,49.0
2025-06-12 12:49:00,60.0
2025-06-12 06:33:00,85.5
2025-06-12 23:23:00,50.15747328871669
2025-06-12 00:21:00,93.3
2025-06-12 17:21:00,34.3
2025-06-12 16:23:00,50.15747328871669
2025-06-12 14:23:00,6.3
2025-06-12 14:45:00,11.8
2025-06-12 00:03:00,49.4
2025-06-12 23:40:00,14.8
2025-06-12 18:41:00,92.7
2025-06-12 14:27:00,42.9
2025-06-12 21:20:00,73.7
2025-06-12 03:56:00,2.0
2025-06-12 11:18:00,15.6
2025-06-12 06:43:00,50.15747328871669
2025-06-12 16:21:00,58.7
2025-06-12 08:52:00,86.6
2025-06-12 22:43:00,70.6
2025-06-12 01:49:00,67.2
2025-06-12 11:23:00,50.15747328871669
2025-06-12 12:37:00,75.1
2025-06-12 01:36:00,93.6
2025-06-12 09:23:00,50.15747328871669
2025-06-12 14:21:00,71.8
2025-06-12 05:07:00,19.3
2025-06-12 15:07:00,50.15747328871669
2025-06-12 01:00:00,78.4
2025-06-12 19:54:00,6.9
2025-06-12 03:07:00,80.8
2025-06-12 17:34:00,50.15747328871669
2025-06-12 13:34:00,92.6
2025-06-12 05:33:00,60.2
2025-06-12 11:55:00,19.7
2025-06-12 07:26:00,50.15747328871669
2025-06-12 23:59:00,50.15747328871669
2025-06-12 21:08:00,6.6
2025-06-12 16:54:00,87.7
2025-06-12 12:51:00,50.15747328871669
2025-06-12 12:09:00,70.7
2025-06-12 05:30:00,23.1
2025-06-12 16:02:00,83.1
2025-06-12 12:39:00,50.15747328871669
2025-06-12 04:52:00,1.6
2025-06-12 19:04:00,50.15747328871669
2025-06-12 09:22:00,50.15747328871669
2025-06-12 04:19:00,59.9
2025-06-12 00:45:00,13.1
2025-06-12 16:12:00,67.0
2025-06-12 04:14:00,47.5
2025-06-12 04:46:00,8.7
2025-06-12 04:13:00,26.5
2025-06-12 06:57:00,61.2
2025-06-12 21:43:00,17.0
2025-06-12 07:18:00,50.15747328871669
2025-06-12 10:34:00,93.5
2025-06-12 00:13:00,62.7
2025-06-12 04:33:00,80.1
2025-06-12 19:35:00,3.6
2025-06-12 21:18:00,87.8
2025-06-12 01:17:00,69.4
2025-06-12 15:51:00,7.9
2025-06-12 11:33:00,67.1
2025-06-12 22:46:00,72.4
2025-06-12 19:18:00,81.7
2025-06-12 00:14:00,37.8
2025-06-12 18:31:00,76.3
2025-06-12 15:13:00,6.9
2025-06-12 14:21:00,57.5
2025-06-12 02:12:00,73.8
2025-06-12 18:11:00,6.5
2025-06-12 18:04:00,62.6
2025-06-12 05:45:00,68.5
2025-06-12 03:42:00,30.3
2025-06-12 04:58:00,50.15747328871669
2025-06-12 16:22:00,66.4
2025-06-12 13:38:00,67.8
2025-06-12 12:27:00,45.4
2025-06-12 16:35:00,91.8
2025-06-12 18:33:00,8.0
2025-06-12 09:27:00,50.15747328871669
2025-06-12 07:36:00,63.8
2025-06-12 18:54:00,31.9
2025-06-12 22:29:00,35.8
2025-06-12 06:56:00,41.0
2025-06-12 11:05:00,86.0
2025-06-12 05:39:00,78.4
2025-06-12 10:15:00,94.5
2025-06-12 17:39:00,5.6
2025-06-12 02:56:00,40.4
2025-06-12 09:59:00,9.3
2025-06-12 07:49:00,50.15747328871669
2025-06-12 00:36:00,70.8
2025-06-12 06:26:00,17.3
2025-06-12 15:35:00,2.5
2025-06-12 12:48:00,81.8
2025-06-12 20:15:00,98.9
2025-06-12 21:09:00,63.6
2025-06-12 22:10:00,97.2
2025-06-12 08:18:00,52.1
2025-06-12 05:22:00,50.15747328871669
2025-06-12 01:05:00,82.1
2025-06-12 07:20:00,50.15747328871669
2025-06-12 13:47:00,50.3
2025-06-12 01:41:00,50.15747328871669
2025-06-12 22:52:00,39.0
2025-06-12 01:25:00,6.2
2025-06-12 14:10:00,73.9
2025-06-12 09:05:00,47.6
2025-06-12 13:30:00,79.3
2025-06-12 00:39:00,77.3
2025-06-12 21:11:00,81.8
2025-06-12 17:48:00,24.0
2025-06-12 02:17:00,24.8
2025-06-12 02:03:00,15.4
2025-06-12 20:33:00,82.9
2025-06-12 19:37:00,54.6
2025-06-12 00:17:00,56.0
2025-06-12 12:12:00,76.9
2025-06-12 04:09:00,79.6
2025-06-12 21:02:00,50.15747328871669
2025-06-12 04:09:00,7.1
2025-06-12 07:22:00,70.4
2025-06-12 14:59:00,63.0
2025-06-12 06:09:00,33.4
2025-06-12 01:34:00,0.9
2025-06-12 09:14:00,50.15747328871669
2025-06-12 18:34:00,60.5
2025-06-12 22:00:00,41.8
2025-06-12 14:54:00,26.7
2025-06-12 08:24:00,16.5
2025-06-12 12:49:00,92.3
2025-06-12 01:36:00,20.3
2025-06-12 09:08:00,37.6
2025-06-12 05:48:00,70.5
2025-06-12 10:06:00,89.2
2025-06-12 23:23:00,86.2
2025-06-12 21:08:00,50.15747328871669
2025-06-12 12:10:00,99.9
2025-06-12 21:44:00,33.4
2025-06-12 05:17:00,50.15747328871669
2025-06-12 22:44:00,11.9
2025-06-12 09:00:00,61.6
2025-06-12 17:24:00,64.9
2025-06-12 16:50:00,34.3
2025-06-12 07:07:00,75.1
2025-06-12 13:44:00,89.5
2025-06-12 15:37:00,79.2
2025-06-12 04:23:00,40.2
2025-06-12 01:31:00,68.5
2025-06-12 23:28:00,13.7
2025-06-12 05:10:00,50.15747328871669
2025-06-12 21:50:00,50.15747328871669
2025-06-12 16:28:00,40.5
2025-06-12 22:06:00,50.15747328871669
2025-06-12 11:18:00,50.15747328871669
2025-06-12 13:51:00,99.2
2025-06-12 18:06:00,11.1
2025-06-12 03:36:00,50.15747328871669
2025-06-12 10:24:00,68.2
2025-06-12 10:37:00,69.9
2025-06-12 17:50:00,48.4
2025-06-12 13:33:00,50.15747328871669
2025-06-12 14:17:00,20.4
2025-06-12 18:05:00,24.7
2025-06-12 22:23:00,27.0
2025-06-12 04:00:00,95.1
2025-06-12 15:22:00,61.8
2025-06-12 04:31:00,2.5
2025-06-12 23:36:00,50.07997412982127
2025-06-12 10:21:00,75.8
2025-06-12 14:22:00,81.7
2025-06-12 03:13:00,18.8
2025-06-12 00:40:00,63.2
2025-06-12 18:41:00,16.8
2025-06-12 00:12:00,26.5
2025-06-12 01:19:00,49.5
2025-06-12 07:38:00,50.07997412982127
2025-06-12 03:38:00,94.4
2025-06-12 21:36:00,50.07997412982127
2025-06-12 14:05:00,36.1
2025-06-12 06:37:00,50.07997412982127
2025-06-12 18:35:00,50.07997412982127
2025-06-12 18:18:00,3.9
2025-06-12 20:31:00,68.4
2025-06-12 18:19:00,36.8
2025-06-12 23:53:00,61.6
2025-06-12 09:28:00,6.4
2025-06-12 14:00:00,94.0
2025-06-12 00:44:00,37.4
2025-06-12 05:52:00,50.07997412982127
2025-06-12 10:41:00,17.8
2025-06-12 00:18:00,77.8
2025-06-12 12:41:00,5.6
2025-06-12 01:13:00,74.4
2025-06-12 19:58:00,57.5
2025-06-12 23:51:00,90.2
2025-06-12 05:37:00,36.3
2025-06-12 17:16:00,50.07997412982127
2025-06-12 04:40:00,15.2
2025-06-12 15:33:00,54.6
2025-06-12 08:33:00,50.07997412982127
2025-06-12 22:55:00,57.8
2025-06-12 09:58:00,99.4
2025-06-12 16:34:00,50.07997412982127
2025-06-12 09:14:00,17.4
2025-06-12 02:47:00,50.07997412982127
2025-06-12 12:20:00,50.07997412982127
2025-06-12 09:56:00,50.07997412982127
2025-06-12 06:30:00,32.2
2025-06-12 07:01:00,86.7
2025-06-12 03:27:00,71.4
2025-06-12 10:56:00,31.2
2025-06-12 23:02:00,50.07997412982127
2025-06-12 01:59:00,68.0
2025-06-12 19:13:00,50.07997412982127
2025-06-12 14:29:00,30.5
2025-06-12 18:45:00,16.4
2025-06-12 12:03:00,82.0
2025-06-12 10:07:00,59.5
2025-06-12 11:58:00,56.7
2025-06-12 01:15:00,21.0
2025-06-12 16:43:00,15.4
2025-06-12 11:03:00,50.07997412982127
2025-06-12 18:41:00,81.0
2025-06-12 20:21:00,21.0
2025-06-12 06:47:00,80.4
2025-06-12 20:37:00,29.8
2025-06-12 23:11:00,60.8
2025-06-12 06:50:00,94.4
2025-06-12 21:12:00,57.5
2025-06-12 02:14:00,75.3
2025-06-12 08:40:00,97.4
2025-06-12 20:08:00,66.6
2025-06-12 22:04:00,58.1
2025-06-12 09:47:00,93.1
2025-06-12 20:55:00,50.07997412982127
2025-06-12 01:22:00,10.3
2025-06-12 16:53:00,45.8
2025-06-12 19:35:00,2.6
2025-06-12 23:12:00,50.07997412982127
2025-06-12 18:42:00,87.3
2025-06-12 10:20:00,50.07997412982127
2025-06-12 01:32:00,58.2
2025-06-12 14:22:00,40.6
2025-06-12 22:34:00,44.5
2025-06-12 18:15:00,29.7
2025-06-12 02:54:00,26.1
2025-06-12 04:30:00,66.7
2025-06-12 09:59:00,50.07997412982127
2025-06-12 00:47:00,33.8
2025-06-12 04:18:00,50.07997412982127
2025-06-12 01:18:00,46.0
2025-06-12 21:21:00,50.07997412982127
2025-06-12 10:02:00,82.5
2025-06-12 18:17:00,50.07997412982127
2025-06-12 21:17:00,50.07997412982127
2025-06-12 18:16:00,12.6
2025-06-12 09:06:00,50.07997412982127
2025-06-12 13:55:00,56.3
2025-06-12 20:52:00,50.07997412982127
2025-06-12 20:26:00,16.3
2025-06-12 18:28:00,92.1
2025-06-12 18:22:00,90.5
2025-06-12 15:44:00,21.9
2025-06-12 07:10:00,30.1
2025-06-12 17:05:00,70.2
2025-06-12 14:44:00,1.1
2025-06-12 02:47:00,4.3
2025-06-12 04:27:00,62.3
2025-06-12 17:48:00,8.6
2025-06-12 09:35:00,54.5
2025-06-12 11:59:00,27.4
2025-06-12 05:05:00,81.0
2025-06-12 19:02:00,50.07997412982127
2025-06-12 16:14:00,34.9
2025-06-12 02:16:00,50.07997412982127
2025-06-12 02:22:00,50.07997412982127
2025-06-12 11:00:00,82.8
2025-06-12 21:13:00,58.3
2025-06-12 05:37:00,91.6
2025-06-12 18:45:00,53.2
2025-06-12 15:19:00,65.8
2025-06-12 15:05:00,41.1
2025-06-12 09:59:00,60.0
2025-06-12 09:04:00,50.07997412982127
2025-06-12 19:54:00,30.1
2025-06-12 05:26:00,5.1
2025-06-12 21:55:00,64.6
2025-06-12 08:08:00,5.3
2025-06-12 18:47:00,2.1
2025-06-12 00:22:00,4.5
2025-06-12 08:38:00,57.5
2025-06-12 03:38:00,34.5
2025-06-12 00:44:00,12.6
2025-06-12 23:06:00,97.8
2025-06-12 18:22:00,50.3
2025-06-12 02:44:00,67.3
2025-06-12 01:20:00,50.07997412982127
2025-06-12 15:43:00,40.8
2025-06-12 23:04:00,4.4
2025-06-12 10:37:00,50.07997412982127
2025-06-12 06:06:00,94.1
2025-06-12 21:58:00,96.9
2025-06-12 06:01:00,33.8
2025-06-12 15:24:00,99.6
2025-06-12 20:55:00,68.5
2025-06-12 00:08:00,74.6
2025-06-12 07:49:00,78.0
2025-06-12 21:14:00,50.07997412982127
2025-06-12 11:18:00,28.9
2025-06-12 08:23:00,55.2
2025-06-12 02:16:00,33.2
2025-06-12 11:57:00,81.5
2025-06-12 09:13:00,39.5
2025-06-12 15:38:00,45.5
2025-06-12 15:51:00,50.07997412982127
2025-06-12 12:57:00,50.07997412982127
2025-06-12 04:32:00,13.8
2025-06-12 12:37:00,42.7
2025-06-12 23:43:00,85.9
2025-06-12 13:52:00,80.0
2025-06-12 07:14:00,13.8
2025-06-12 01:55:00,62.9
2025-06-12 14:00:00,83.3
2025-06-12 21:46:00,80.3
2025-06-12 23:54:00,95.8
2025-06-12 09:42:00,30.7
2025-06-12 09:38:00,89.8
2025-06-12 07:01:00,52.7
2025-06-12 09:37:00,85.5
2025-06-12 23:21:00,50.07997412982127
2025-06-12 14:19:00,8.3
2025-06-12 01:53:00,76.9
2025-06-12 20:20:00,85.5
2025-06-12 21:13:00,37.1
2025-06-12 06:25:00,93.4
2025-06-12 21:18:00,17.4
2025-06-12 03:08:00,50.07997412982127
2025-06-12 03:48:00,46.5
2025-06-12 13:12:00,2.5
2025-06-12 15:03:00,11.4
2025-06-12 06:24:00,43.3
2025-06-12 15:30:00,80.2
2025-06-12 16:06:00,38.5
2025-06-12 18:36:00,50.07997412982127
2025-06-12 07:14:00,5.7
2025-06-12 11:58:00,52.6
2025-06-12 10:29:00,61.7
2025-06-12 12:36:00,11.0
2025-06-12 15:38:00,93.5
2025-06-12 03:53:00,61.4
2025-06-12 20:41:00,51.0
2025-06-12 11:41:00,41.8
2025-06-12 00:19:00,24.1
2025-06-12 01:48:00,38.3
2025-06-12 20:25:00,42.8
2025-06-12 02:29:00,22.6
2025-06-12 07:57:00,50.07997412982127
2025-06-12 19:26:00,94.4
2025-06-12 00:23:00,77.2
2025-06-12 10:24:00,13.6
2025-06-12 10:37:00,72.9
2025-06-12 10:43:00,32.9
2025-06-12 19:13:00,5.4
2025-06-12 18:39:00,88.0
2025-06-12 03:12:00,29.8
2025-06-12 16:51:00,90.9
2025-06-12 03:18:00,50.07997412982127
2025-06-12 22:29:00,67.0
2025-06-12 00:15:00,17.5
2025-06-12 03:05:00,22.2
2025-06-12 14:43:00,97.6
2025-06-12 15:56:00,55.4
2025-06-12 22:07:00,81.3
2025-06-12 08:21:00,54.1
2025-06-12 23:47:00,61.6
2025-06-12 18:22:00,89.1
2025-06-12 16:03:00,93.5
2025-06-12 21:44:00,1.5
2025-06-12 08:36:00,50.07997412982127
2025-06-12 17:28:00,65.2
2025-06-12 09:25:00,50.07997412982127
2025-06-12 10:08:00,57.6
2025-06-12 08:38:00,73.9
2025-06-12 03:45:00,50.07997412982127
2025-06-12 09:01:00,50.07997412982127
2025-06-12 15:16:00,27.3
2025-06-12 01:19:00,50.07997412982127
2025-06-12 23:18:00,50.07997412982127
2025-06-12 22:15:00,51.9
2025-06-12 04:50:00,17.6
2025-06-12 18:38:00,92.6
2025-06-12 15:08:00,97.2
2025-06-12 04:00:00,26.6
2025-06-12 08:30:00,43.1
2025-06-12 07:13:00,94.0
2025-06-12 08:05:00,45.8
2025-06-12 19:58:00,14.5
2025-06-12 18:34:00,27.5
2025-06-12 09:13:00,56.9
2025-06-12 15:07:00,29.8
2025-06-12 20:37:00,12.4
2025-06-12 16:08:00,15.0
2025-06-12 21:30:00,30.2
2025-06-12 03:51:00,64.7
2025-06-12 10:09:00,47.2
2025-06-12 15:16:00,50.07997412982127
2025-06-12 17:14:00,30.6
2025-06-12 03:21:00,32.8
2025-06-12 08:54:00,66.3
2025-06-12 03:21:00,17.7
2025-06-12 23:09:00,11.6
2025-06-12 03:47:00,88.0
2025-06-12 10:33:00,37.4
2025-06-12 06:07:00,13.7
2025-06-12 18:16:00,91.6
2025-06-12 12:08:00,20.6
2025-06-12 12:32:00,25.6
2025-06-12 23:05:00,64.7
2025-06-12 04:13:00,6.1
2025-06-12 06:48:00,18.0
2025-06-12 12:38:00,97.4
2025-06-12 02:10:00,50.07997412982127
2025-06-12 23:48:00,75.6
2025-06-12 01:37:00,2.4
2025-06-12 20:39:00,65.4
2025-06-12 17:51:00,11.4
2025-06-12 02:10:00,33.3
2025-06-12 15:54:00,80.6
2025-06-12 07:11:00,25.0
2025-06-12 14:18:00,50.07997412982127
2025-06-12 09:47:00,27.0
2025-06-12 16:08:00,16.3
2025-06-12 19:59:00,94.7
2025-06-12 20:04:00,4.5
2025-06-12 00:59:00,44.4
2025-06-12 14:44:00,50.07997412982127
2025-06-12 12:28:00,26.0
2025-06-12 15:40:00,87.5
2025-06-12 21:49:00,88.7
2025-06-12 08:42:00,13.3
2025-06-12 01:38:00,97.7
2025-06-12 18:42:00,78.0
2025-06-12 12:27:00,18.3
2025-06-12 21:44:00,79.4
2025-06-12 22:42:00,68.5
2025-06-12 10:38:00,75.7
2025-06-12 00:13:00,70.7
2025-06-12 03:24:00,20.1
2025-06-12 06:12:00,70.2
2025-06-12 00:08:00,13.4
2025-06-12 12:34:00,99.5
2025-06-12 16:08:00,50.07997412982127
2025-06-12 00:49:00,6.9
2025-06-12 22:59:00,42.3
2025-06-12 03:17:00,87.9
2025-06-12 22:11:00,22.3
2025-06-12 07:56:00,50.07997412982127
2025-06-12 06:41:00,50.07997412982127
2025-06-12 21:49:00,47.6
2025-06-12 13:55:00,34.0
2025-06-12 05:11:00,65.2
2025-06-12 06:49:00,54.5
2025-06-12 08:55:00,50.07997412982127
2025-06-12 09:03:00,11.1
2025-06-12 05:55:00,84.4
2025-06-12 23:26:00,59.8
2025-06-12 13:33:00,26.5
2025-06-12 18:24:00,35.3
2025-06-12 14:46:00,20.7
2025-06-12 01:45:00,40.6
2025-06-12 10:12:00,66.0
2025-06-12 17:16:00,50.07997412982127
2025-06-12 15:00:00,59.1
2025-06-12 22:38:00,50.07997412982127
2025-06-12 17:54:00,50.07997412982127
2025-06-12 07:22:00,50.07997412982127
2025-06-12 00:23:00,10.8
2025-06-12 07:20:00,50.07997412982127
2025-06-12 05:54:00,14.1
2025-06-12 05:55:00,50.07997412982127
2025-06-12 10:59:00,88.2
2025-06-12 00:28:00,91.5
2025-06-12 07:54:00,73.0
2025-06-12 12:05:00,55.9
2025-06-12 00:23:00,51.1
2025-06-12 12:36:00,57.8
2025-06-12 02:48:00,99.4
2025-06-12 23:18:00,64.7
2025-06-12 21:55:00,95.4
2025-06-12 16:45:00,2.7
2025-06-12 14:18:00,55.4
2025-06-12 21:18:00,54.4
2025-06-12 11:46:00,56.8
2025-06-12 15:14:00,48.8
2025-06-12 13:39:00,50.07997412982127
2025-06-12 18:05:00,31.6
2025-06-12 19:32:00,2.2
2025-06-12 18:56:00,16.9
2025-06-12 18:42:00,45.3
2025-06-12 23:46:00,43.3
2025-06-12 13:17:00,54.2
2025-06-12 13:31:00,58.9
2025-06-12 03:08:00,17.9
2025-06-12 14:42:00,83.2
2025-06-12 13:16:00,76.2
2025-06-12 22:29:00,42.9
2025-06-12 08:08:00,27.8
2025-06-12 03:41:00,90.2
2025-06-12 19:19:00,24.4
2025-06-12 19:29:00,48.4
2025-06-12 09:25:00,49.822039706925075
2025-06-12 02:16:00,16.3
2025-06-12 21:46:00,3.6
2025-06-12 13:16:00,72.6
2025-06-12 10:06:00,8.6
2025-06-12 14:34:00,9.8
2025-06-12 23:49:00,49.822039706925075
2025-06-12 10:59:00,54.5
2025-06-12 08:48:00,7.6
2025-06-12 04:33:00,49.822039706925075
2025-06-12 13:37:00,43.2
2025-06-12 04:35:00,81.6
2025-06-12 11:28:00,26.1
2025-06-12 14:31:00,7.9
2025-06-12 04:08:00,84.8
2025-06-12 23:14:00,87.7
2025-06-12 03:37:00,19.6
2025-06-12 16:25:00,5.6
2025-06-12 01:47:00,67.0
2025-06-12 11:53:00,28.9
2025-06-12 11:46:00,98.8
2025-06-12 17:31:00,49.822039706925075
2025-06-12 05:26:00,33.0
2025-06-12 19:32:00,44.3
2025-06-12 20:26:00,79.4
2025-06-12 00:40:00,13.3
2025-06-12 11:48:00,45.1
2025-06-12 11:33:00,11.8
2025-06-12 08:31:00,32.9
2025-06-12 01:55:00,13.0
2025-06-12 19:50:00,91.4
2025-06-12 14:00:00,26.9
2025-06-12 09:53:00,46.0
2025-06-12 18:56:00,18.5
2025-06-12 22:57:00,46.7
2025-06-12 13:22:00,7.3
2025-06-12 07:55:00,45.9
2025-06-12 09:54:00,49.822039706925075
2025-06-12 02:20:00,43.1
2025-06-12 06:25:00,67.6
2025-06-12 12:40:00,49.822039706925075
2025-06-12 11:02:00,74.7
2025-06-12 21:43:00,94.5
2025-06-12 23:24:00,78.9
2025-06-12 17:57:00,92.8
2025-06-12 09:27:00,49.822039706925075
2025-06-12 21:46:00,19.9
2025-06-12 06:23:00,81.1
2025-06-12 05:28:00,89.8
2025-06-12 07:40:00,16.9
2025-06-12 18:13:00,74.9
2025-06-12 09:35:00,49.822039706925075
2025-06-12 23:08:00,81.1
2025-06-12 16:23:00,84.0
2025-06-12 13:26:00,17.6
2025-06-12 15:12:00,65.5
2025-06-12 03:29:00,70.3
2025-06-12 14:26:00,49.822039706925075
2025-06-12 18:15:00,85.3
2025-06-12 09:04:00,49.822039706925075
2025-06-12 12:34:00,88.2
2025-06-12 22:43:00,19.1
2025-06-12 06:43:00,95.3
2025-06-12 06:30:00,94.8
2025-06-12 07:12:00,49.822039706925075
2025-06-12 04:36:00,72.1
2025-06-12 07:44:00,63.0
2025-06-12 19:17:00,27.3
2025-06-12 16:09:00,77.1
2025-06-12 09:37:00,51.6
2025-06-12 01:22:00,31.1
2025-06-12 11:46:00,49.822039706925075
2025-06-12 03:47:00,6.6
2025-06-12 11:41:00,69.1
2025-06-12 09:32:00,64.2
2025-06-12 12:03:00,78.1
2025-06-12 02:31:00,50.8
2025-06-12 03:52:00,31.6
2025-06-12 02:01:00,88.2
2025-06-12 21:48:00,70.0
2025-06-12 21:17:00,44.9
2025-06-12 23:31:00,22.8
2025-06-12 00:01:00,24.0
2025-06-12 20:35:00,49.822039706925075
2025-06-12 10:34:00,52.9
2025-06-12 20:22:00,19.0
2025-06-12 18:48:00,52.1
2025-06-12 07:46:00,82.1
2025-06-12 19:37:00,90.4
2025-06-12 15:48:00,23.8
2025-06-12 03:15:00,49.6
2025-06-12 10:49:00,49.822039706925075
2025-06-12 23:13:00,9.7
2025-06-12 22:47:00,76.9
2025-06-12 01:34:00,5.5
2025-06-12 19:57:00,21.9
2025-06-12 00:27:00,9.4
2025-06-12 21:04:00,58.3
2025-06-12 00:29:00,49.822039706925075
2025-06-12 20:16:00,60.0
2025-06-12 09:23:00,27.3
2025-06-12 09:53:00,29.2
2025-06-12 12:57:00,40.4
2025-06-12 09:52:00,45.0
2025-06-12 18:11:00,19.1
2025-06-12 07:23:00,4.2
2025-06-12 06:20:00,90.5
2025-06-12 03:49:00,92.8
2025-06-12 15:37:00,62.6
2025-06-12 14:56:00,72.8
2025-06-12 01:12:00,49.822039706925075
2025-06-12 04:32:00,79.5
2025-06-12 01:55:00,26.4
2025-06-12 17:44:00,48.9
2025-06-12 19:04:00,6.9
2025-06-12 12:15:00,90.8
2025-06-12 05:29:00,86.7
2025-06-12 21:35:00,49.822039706925075
2025-06-12 01:38:00,48.5
2025-06-12 06:14:00,21.1
2025-06-12 18:50:00,60.8
2025-06-12 04:46:00,52.9
2025-06-12 03:36:00,34.3
2025-06-12 06:05:00,73.7
2025-06-12 21:52:00,2.4
2025-06-12 17:37:00,49.822039706925075
2025-06-12 13:19:00,37.3
2025-06-12 06:24:00,59.7
2025-06-12 00:20:00,12.1
2025-06-12 13:49:00,49.822039706925075
2025-06-12 12:11:00,92.0
2025-06-12 14:54:00,49.822039706925075
2025-06-12 05:53:00,5.5
2025-06-12 21:57:00,49.822039706925075
2025-06-12 22:39:00,89.0
2025-06-12 13:16:00,69.2
2025-06-12 09:07:00,42.9
2025-06-12 09:43:00,80.5
2025-06-12 09:54:00,4.5
2025-06-12 23:38:00,59.5
2025-06-12 07:04:00,49.822039706925075
2025-06-12 16:45:00,87.2
2025-06-12 19:43:00,67.9
2025-06-12 10:27:00,6.2
2025-06-12 11:05:00,24.7
2025-06-12 15:05:00,49.822039706925075
2025-06-12 01:50:00,49.4
2025-06-12 12:13:00,68.1
2025-06-12 09:03:00,43.1
2025-06-12 00:04:00,6.0
2025-06-12 11:42:00,17.4
2025-06-12 00:57:00,85.3
2025-06-12 02:20:00,15.5
2025-06-12 12:40:00,51.5
2025-06-12 09:26:00,55.8
2025-06-12 12:55:00,16.3
2025-06-12 22:40:00,81.7
2025-06-12 04:48:00,56.0
2025-06-12 14:43:00,49.822039706925075
2025-06-12 15:28:00,4.1
2025-06-12 17:07:00,90.7
2025-06-12 11:49:00,16.3
2025-06-12 05:29:00,6.4
2025-06-12 19:00:00,50.9
2025-06-12 17:18:00,88.5
2025-06-12 02:36:00,28.1
2025-06-12 09:39:00,57.1
2025-06-12 01:40:00,18.5
2025-06-12 16:19:00,1.7
2025-06-12 12:02:00,60.8
2025-06-12 01:13:00,94.4
2025-06-12 10:40:00,75.4
2025-06-12 04:24:00,26.5
2025-06-12 14:43:00,70.4
2025-06-12 04:37:00,49.822039706925075
2025-06-12 18:25:00,28.7
2025-06-12 20:46:00,54.7
2025-06-12 14:27:00,26.8
2025-06-12 13:11:00,51.6
2025-06-12 11:36:00,79.0
2025-06-12 07:18:00,71.6
2025-06-12 09:24:00,45.4
2025-06-12 14:35:00,30.7
2025-06-12 17:31:00,25.4
2025-06-12 04:15:00,49.4
2025-06-12 21:56:00,1.3
2025-06-12 12:10:00,95.3
2025-06-12 02:58:00,26.0
2025-06-12 22:16:00,53.7
2025-06-12 21:45:00,49.822039706925075
2025-06-12 07:49:00,35.6
2025-06-12 07:56:00,49.822039706925075
2025-06-12 12:23:00,79.3
2025-06-12 23:03:00,11.0
2025-06-12 09:11:00,44.0
2025-06-12 14:02:00,84.0
2025-06-12 16:23:00,24.1
2025-06-12 09:47:00,14.6
2025-06-12 01:41:00,49.822039706925075
2025-06-12 00:25:00,71.9
2025-06-12 04:13:00,49.822039706925075
2025-06-12 01:11:00,91.2
2025-06-12 10:51:00,63.5
2025-06-12 07:39:00,69.8
2025-06-12 08:13:00,70.4
2025-06-12 18:27:00,55.4
2025-06-12 22:58:00,98.7
2025-06-12 13:14:00,80.2
2025-06-12 23:02:00,49.822039706925075
2025-06-12 23:34:00,60.9
2025-06-12 23:54:00,89.8
2025-06-12 07:16:00,18.8
2025-06-12 05:00:00,49.822039706925075
2025-06-12 22:08:00,98.1
2025-06-12 23:54:00,55.0
2025-06-12 15:21:00,97.3
2025-06-12 18:27:00,92.1
2025-06-12 19:13:00,65.3
2025-06-12 14:02:00,69.3
2025-06-12 22:47:00,49.822039706925075
2025-06-12 04:34:00,53.1
2025-06-12 20:12:00,74.3
2025-06-12 13:11:00,87.1
2025-06-12 20:10:00,76.4
2025-06-12 17:59:00,71.0
2025-06-12 05:26:00,96.8
2025-06-12 08:30:00,49.822039706925075
2025-06-12 01:11:00,1.2
2025-06-12 22:47:00,69.3
2025-06-12 16:20:00,49.822039706925075
2025-06-12 21:58:00,49.822039706925075
2025-06-12 22:16:00,85.2
2025-06-12 06:13:00,11.9
2025-06-12 17:52:00,31.5
2025-06-12 09:29:00,21.9
2025-06-12 15:11:00,36.0
2025-06-12 04:13:00,13.9
2025-06-12 17:10:00,67.7
2025-06-12 11:23:00,72.3
2025-06-12 02:24:00,90.4
2025-06-12 14:43:00,8.7
2025-06-12 19:07:00,14.6
2025-06-12 11:23:00,86.4
2025-06-12 07:17:00,33.7
2025-06-12 06:30:00,91.6
2025-06-12 14:07:00,49.822039706925075
2025-06-12 13:47:00,36.3
2025-06-12 12:02:00,28.3
2025-06-12 03:44:00,96.8
2025-06-12 01:20:00,56.2
2025-06-12 16:37:00,82.9
2025-06-12 01:18:00,58.2
2025-06-12 17:14:00,63.3
2025-06-12 10:06:00,41.7
2025-06-12 04:01:00,34.9
2025-06-12 10:05:00,25.0
2025-06-12 11:44:00,88.1
2025-06-12 06:59:00,72.0
2025-06-12 23:51:00,31.2
2025-06-12 18:46:00,67.8
2025-06-12 10:06:00,66.7
2025-06-12 16:36:00,53.9
2025-06-12 13:33:00,62.8
2025-06-12 04:12:00,49.822039706925075
2025-06-12 23:02:00,70.9
2025-06-12 12:17:00,48.4
2025-06-12 22:59:00,67.2
2025-06-12 06:06:00,33.9
2025-06-12 14:22:00,49.822039706925075
2025-06-12 11:03:00,42.7
2025-06-12 01:30:00,32.2
2025-06-12 14:20:00,38.8
2025-06-12 16:35:00,71.7
2025-06-12 15:07:00,25.7
2025-06-12 21:00:00,87.3
2025-06-12 01:57:00,49.822039706925075
2025-06-12 21:03:00,52.1
2025-06-12 05:50:00,73.5
2025-06-12 21:17:00,49.822039706925075
2025-06-12 04:43:00,78.8
2025-06-12 16:51:00,63.0
2025-06-12 22:55:00,49.822039706925075
2025-06-12 22:03:00,49.4
2025-06-12 15:43:00,49.822039706925075
2025-06-12 06:05:00,49.822039706925075
2025-06-12 21:30:00,13.5
2025-06-12 04:39:00,41.2
2025-06-12 08:49:00,91.5
2025-06-12 20:12:00,8.8
2025-06-12 04:24:00,26.9
2025-06-12 00:25:00,86.0
2025-06-12 23:00:00,22.0
2025-06-12 21:11:00,23.8
2025-06-12 18:47:00,68.3
2025-06-12 16:34:00,81.9
2025-06-12 08:48:00,36.0
2025-06-12 02:17:00,49.822039706925075
2025-06-12 01:33:00,77.4
2025-06-12 14:28:00,84.7
2025-06-12 05:31:00,74.1
2025-06-12 18:35:00,61.2
2025-06-12 21:24:00,97.6
2025-06-12 00:45:00,27.9
2025-06-12 20:01:00,91.3
2025-06-12 06:10:00,6.3
2025-06-12 10:53:00,9.4
2025-06-12 12:30:00,30.9
2025-06-12 04:44:00,61.5
2025-06-12 11:30:00,20.3
2025-06-12 22:07:00,73.8
2025-06-12 12:34:00,50.313785814936594
2025-06-12 02:56:00,95.5
2025-06-12 10:49:00,0.3
2025-06-12 21:31:00,77.5
2025-06-12 14:32:00,50.313785814936594
2025-06-12 12:36:00,50.313785814936594
2025-06-12 06:43:00,6.1
2025-06-12 15:17:00,50.313785814936594
2025-06-12 08:56:00,65.3
2025-06-12 11:00:00,11.0
2025-06-12 13:22:00,50.313785814936594
2025-06-12 07:16:00,23.4
2025-06-12 04:53:00,46.9
2025-06-12 13:56:00,37.6
2025-06-12 06:19:00,54.0
2025-06-12 10:35:00,50.4
2025-06-12 08:22:00,94.2
2025-06-12 02:05:00,23.1
2025-06-12 23:32:00,43.2
2025-06-12 18:05:00,33.5
2025-06-12 09:52:00,50.313785814936594
2025-06-12 13:18:00,22.7
2025-06-12 23:37:00,24.7
2025-06-12 04:46:00,3.4
2025-06-12 03:22:00,54.0
2025-06-12 19:39:00,50.313785814936594
2025-06-12 18:31:00,63.2
2025-06-12 02:32:00,32.9
2025-06-12 23:02:00,86.1
2025-06-12 08:01:00,64.8
2025-06-12 02:53:00,50.313785814936594
2025-06-12 23:45:00,67.6
2025-06-12 13:23:00,47.2
2025-06-12 09:18:00,94.6
2025-06-12 18:50:00,24.5
2025-06-12 03:58:00,3.5
2025-06-12 02:45:00,51.3
2025-06-12 15:43:00,72.6
2025-06-12 06:28:00,18.5
2025-06-12 01:05:00,64.4
2025-06-12 02:48:00,98.7
2025-06-12 07:16:00,14.3
2025-06-12 08:32:00,58.2
2025-06-12 01:46:00,50.313785814936594
2025-06-12 06:58:00,68.1
2025-06-12 09:09:00,40.3
2025-06-12 13:01:00,90.3
2025-06-12 11:51:00,50.313785814936594
2025-06-12 10:24:00,86.8
2025-06-12 13:59:00,63.7
2025-06-12 03:02:00,69.7
2025-06-12 02:42:00,3.1
2025-06-12 03:31:00,53.1
2025-06-12 09:48:00,47.2
2025-06-12 07:11:00,88.9
2025-06-12 07:56:00,50.313785814936594
2025-06-12 08:25:00,13.4
2025-06-12 01:50:00,40.4
2025-06-12 08:33:00,90.3
2025-06-12 10:53:00,39.2
2025-06-12 11:44:00,28.3
2025-06-12 17:09:00,63.0
2025-06-12 13:22:00,4.9
2025-06-12 17:33:00,28.5
2025-06-12 14:10:00,23.7
2025-06-12 13:58:00,21.9
2025-06-12 08:05:00,40.1
2025-06-12 11:39:00,85.2
2025-06-12 06:42:00,84.3
2025-06-12 18:54:00,69.4
2025-06-12 22:23:00,50.313785814936594
2025-06-12 11:43:00,37.7
2025-06-12 21:30:00,52.5
2025-06-12 03:33:00,8.7
2025-06-12 00:37:00,50.313785814936594
2025-06-12 23:58:00,43.4
2025-06-12 22:43:00,42.1
2025-06-12 04:02:00,48.7
2025-06-12 12:04:00,14.2
2025-06-12 16:25:00,2.5
2025-06-12 16:34:00,47.3
2025-06-12 02:08:00,0.8
2025-06-12 02:00:00,50.313785814936594
2025-06-12 19:30:00,20.4
2025-06-12 05:59:00,81.5
2025-06-12 20:20:00,75.1
2025-06-12 05:01:00,88.7
2025-06-12 16:02:00,30.0
2025-06-12 22:52:00,49.7
2025-06-12 00:29:00,37.0
2025-06-12 23:33:00,65.1
2025-06-12 18:42:00,18.4
2025-06-12 22:59:00,66.4
2025-06-12 21:44:00,58.8
2025-06-12 08:27:00,60.3
2025-06-12 04:30:00,71.6
2025-06-12 11:20:00,12.8
2025-06-12 22:49:00,57.8
2025-06-12 00:39:00,67.5
2025-06-12 19:36:00,31.0
2025-06-12 20:21:00,46.4
2025-06-12 07:58:00,69.3
2025-06-12 06:06:00,69.1
2025-06-12 04:50:00,29.4
2025-06-12 22:32:00,30.6
2025-06-12 05:51:00,91.9
2025-06-12 16:59:00,80.0
2025-06-12 01:15:00,40.8
2025-06-12 18:08:00,56.3
2025-06-12 12:40:00,11.7
2025-06-12 17:58:00,58.0
2025-06-12 08:57:00,59.2
2025-06-12 08:12:00,34.5
2025-06-12 03:18:00,18.4
2025-06-12 18:36:00,88.1
2025-06-12 16:25:00,99.3
2025-06-12 12:17:00,82.9
2025-06-12 16:48:00,50.313785814936594
2025-06-12 05:21:00,50.313785814936594
2025-06-12 00:46:00,50.313785814936594
2025-06-12 01:11:00,50.313785814936594
2025-06-12 08:52:00,10.3
2025-06-12 08:05:00,53.5
2025-06-12 17:11:00,15.4
2025-06-12 04:49:00,50.313785814936594
2025-06-12 08:01:00,50.313785814936594
2025-06-12 09:54:00,88.0
2025-06-12 17:35:00,94.9
2025-06-12 14:27:00,50.313785814936594
2025-06-12 18:20:00,88.9
2025-06-12 18:41:00,42.5
2025-06-12 18:14:00,94.6
2025-06-12 11:05:00,32.9
2025-06-12 03:18:00,67.8
2025-06-12 03:25:00,4.5
2025-06-12 09:10:00,50.313785814936594
2025-06-12 21:08:00,5.4
2025-06-12 07:15:00,23.5
2025-06-12 12:09:00,42.7
2025-06-12 00:26:00,54.5
2025-06-12 22:45:00,13.7
2025-06-12 22:46:00,9.5
2025-06-12 21:56:00,16.1
2025-06-12 19:22:00,81.2
2025-06-12 05:35:00,56.2
2025-06-12 07:38:00,84.8
2025-06-12 23:48:00,55.0
2025-06-12 04:18:00,22.4
2025-06-12 08:38:00,50.313785814936594
2025-06-12 08:43:00,59.3
2025-06-12 12:02:00,60.4
2025-06-12 09:10:00,89.1
2025-06-12 19:34:00,96.9
2025-06-12 01:49:00,55.4
2025-06-12 03:32:00,11.4
2025-06-12 21:34:00,89.3
2025-06-12 14:51:00,50.313785814936594
2025-06-12 11:20:00,84.9
2025-06-12 10:38:00,63.1
2025-06-12 07:21:00,60.9
2025-06-12 17:56:00,57.5
2025-06-12 10:14:00,32.7
2025-06-12 12:19:00,50.313785814936594
2025-06-12 12:34:00,50.313785814936594
2025-06-12 02:14:00,8.6
2025-06-12 01:38:00,30.7
2025-06-12 22:04:00,11.5
2025-06-12 12:58:00,64.7
2025-06-12 20:25:00,63.3
2025-06-12 04:04:00,50.313785814936594
2025-06-12 19:12:00,50.313785814936594
2025-06-12 03:33:00,43.2
2025-06-12 08:45:00,21.2
2025-06-12 05:11:00,87.8
2025-06-12 09:23:00,85.9
2025-06-12 11:37:00,49.9
2025-06-12 15:23:00,19.9
2025-06-12 10:48:00,90.0
2025-06-12 11:32:00,0.5
2025-06-12 19:19:00,8.2
2025-06-12 06:58:00,64.5
2025-06-12 06:08:00,39.4
2025-06-12 04:25:00,25.6
2025-06-12 06:22:00,19.9
2025-06-12 17:00:00,17.0
2025-06-12 12:03:00,48.7
2025-06-12 08:02:00,76.3
2025-06-12 12:02:00,79.6
2025-06-12 20:12:00,50.313785814936594
2025-06-12 01:20:00,99.3
2025-06-12 15:09:00,99.8
2025-06-12 09:07:00,0.2
2025-06-12 19:39:00,2.5
2025-06-12 20:35:00,81.9
2025-06-12 13:08:00,50.313785814936594
2025-06-12 04:35:00,34.3
2025-06-12 21:20:00,50.313785814936594
2025-06-12 10:45:00,84.6
2025-06-12 21:44:00,38.8
2025-06-12 10:51:00,64.1
2025-06-12 16:57:00,93.1
2025-06-12 21:46:00,13.0
2025-06-12 10:15:00,88.8
2025-06-12 19:40:00,66.1
2025-06-12 04:08:00,63.8
2025-06-12 04:58:00,76.0
2025-06-12 14:31:00,51.3
2025-06-12 21:49:00,36.6
2025-06-12 05:37:00,72.7
2025-06-12 14:56:00,78.7
2025-06-12 18:52:00,59.9
2025-06-12 21:01:00,83.8
2025-06-12 17:17:00,8.8
2025-06-12 01:31:00,48.5
2025-06-12 20:05:00,82.1
2025-06-12 17:30:00,30.1
2025-06-12 04:24:00,68.2
2025-06-12 16:20:00,61.2
2025-06-12 05:14:00,90.6
2025-06-12 00:17:00,11.0
2025-06-12 06:18:00,2.4
2025-06-12 12:49:00,73.5
2025-06-12 12:46:00,24.7
2025-06-12 10:08:00,8.4
2025-06-12 02:24:00,50.313785814936594
2025-06-12 02:16:00,50.313785814936594
2025-06-12 10:51:00,69.5
2025-06-12 17:15:00,39.9
2025-06-12 04:28:00,85.9
2025-06-12 17:14:00,77.5
2025-06-12 11:45:00,3.0
2025-06-12 16:22:00,35.6
2025-06-12 19:39:00,36.0
2025-06-12 07:49:00,50.313785814936594
2025-06-12 12:55:00,88.1
2025-06-12 21:46:00,83.7
2025-06-12 19:12:00,55.6
2025-06-12 13:17:00,89.0
2025-06-12 13:59:00,32.0
2025-06-12 04:09:00,33.7
2025-06-12 05:21:00,95.9
2025-06-12 19:02:00,66.3
2025-06-12 02:59:00,7.0
2025-06-12 11:53:00,22.3
2025-06-12 05:48:00,16.0
2025-06-12 05:59:00,50.313785814936594
2025-06-12 02:05:00,50.5
2025-06-12 11:22:00,75.9
2025-06-12 20:48:00,50.313785814936594
2025-06-12 12:57:00,99.3
2025-06-12 21:34:00,25.8
2025-06-12 16:56:00,59.7
2025-06-12 23:29:00,4.1
2025-06-12 21:34:00,68.8
2025-06-12 19:28:00,0.3
2025-06-12 05:43:00,86.4
2025-06-12 13:20:00,50.313785814936594
2025-06-12 10:25:00,32.3
2025-06-12 04:46:00,41.8
2025-06-12 20:23:00,97.8
2025-06-12 20:57:00,93.8
2025-06-12 05:36:00,79.8
2025-06-12 18:20:00,50.313785814936594
2025-06-12 04:12:00,22.3
2025-06-12 09:21:00,81.6
2025-06-12 17:29:00,41.1
2025-06-12 01:02:00,60.7
2025-06-12 23:56:00,74.9
2025-06-12 01:13:00,93.7
2025-06-12 16:57:00,51.2
2025-06-12 05:27:00,36.3
2025-06-12 11:52:00,68.5
2025-06-12 14:12:00,50.313785814936594
2025-06-12 00:09:00,32.1
2025-06-12 03:48:00,61.5
2025-06-12 09:23:00,65.7
2025-06-12 01:39:00,93.1
2025-06-12 13:30:00,43.6
2025-06-12 15:14:00,90.4
2025-06-12 09:38:00,26.6
2025-06-12 08:58:00,50.313785814936594
2025-06-12 06:22:00,70.7
2025-06-12 01:02:00,71.5
2025-06-12 21:54:00,50.6
2025-06-12 19:48:00,70.9
2025-06-12 05:03:00,25.2
2025-06-12 04:23:00,23.0
2025-06-12 19:04:00,50.313785814936594
2025-06-12 05:28:00,64.6
2025-06-12 10:30:00,58.2
2025-06-12 18:04:00,85.8
2025-06-12 08:33:00,39.3
2025-06-12 22:54:00,19.6
2025-06-12 01:53:00,49.947505013566115
2025-06-12 03:18:00,51.2
2025-06-12 08:14:00,40.7
2025-06-12 03:15:00,25.1
2025-06-12 16:54:00,49.947505013566115
2025-06-12 06:34:00,17.4
2025-06-12 10:29:00,41.9
2025-06-12 06:43:00,76.1
2025-06-12 13:01:00,69.8
2025-06-12 22:26:00,9.2
2025-06-12 05:30:00,85.0
2025-06-12 22:07:00,7.7
2025-06-12 09:05:00,31.2
2025-06-12 20:24:00,34.6
2025-06-12 15:03:00,55.6
2025-06-12 10:32:00,54.8
2025-06-12 18:16:00,0.1
2025-06-12 08:24:00,20.3
2025-06-12 20:09:00,76.2
2025-06-12 01:24:00,5.2
2025-06-12 13:16:00,22.9
2025-06-12 01:13:00,29.4
2025-06-12 02:38:00,45.4
2025-06-12 14:57:00,1.7
2025-06-12 10:12:00,49.947505013566115
2025-06-12 13:29:00,49.947505013566115
2025-06-12 05:03:00,75.2
2025-06-12 02:01:00,40.6
2025-06-12 22:17:00,49.0
2025-06-12 20:12:00,24.7
2025-06-12 06:11:00,9.1
2025-06-12 19:50:00,31.5
2025-06-12 17:12:00,49.6
2025-06-12 06:05:00,53.1
2025-06-12 16:55:00,20.1
2025-06-12 02:35:00,49.947505013566115
2025-06-12 23:14:00,74.2
2025-06-12 03:45:00,12.9
2025-06-12 02:00:00,27.9
2025-06-12 06:55:00,26.3
2025-06-12 01:10:00,49.947505013566115
2025-06-12 23:54:00,39.8
2025-06-12 06:46:00,49.947505013566115
2025-06-12 02:01:00,72.3
2025-06-12 09:23:00,76.2
2025-06-12 01:51:00,29.7
2025-06-12 23:34:00,36.6
2025-06-12 02:47:00,27.1
2025-06-12 05:47:00,28.1
2025-06-12 07:52:00,36.0
2025-06-12 00:11:00,49.947505013566115
2025-06-12 14:08:00,49.947505013566115
2025-06-12 08:15:00,76.7
2025-06-12 20:06:00,49.947505013566115
2025-06-12 00:16:00,49.947505013566115
2025-06-12 05:37:00,93.0
2025-06-12 09:41:00,70.2
2025-06-12 05:29:00,93.1
2025-06-12 02:18:00,54.0
2025-06-12 07:35:00,49.947505013566115
2025-06-12 10:06:00,97.7
2025-06-12 06:40:00,85.9
2025-06-12 15:02:00,86.1
2025-06-12 22:56:00,79.9
2025-06-12 02:48:00,85.0
2025-06-12 07:02:00,5.5
2025-06-12 14:09:00,21.0
2025-06-12 09:19:00,33.8
2025-06-12 07:03:00,49.947505013566115
2025-06-12 10:41:00,32.6
2025-06-12 19:09:00,22.0
2025-06-12 18:37:00,42.4
2025-06-12 00:43:00,36.9
2025-06-12 16:33:00,22.6
2025-06-12 20:01:00,49.947505013566115
2025-06-12 03:26:00,69.8
2025-06-12 15:20:00,27.4
2025-06-12 05:27:00,60.3
2025-06-12 18:35:00,69.0
2025-06-12 14:05:00,67.7
2025-06-12 18:46:00,49.947505013566115
2025-06-12 17:11:00,55.3
2025-06-12 03:35:00,49.947505013566115
2025-06-12 05:43:00,6.8
2025-06-12 10:06:00,45.5
2025-06-12 05:01:00,49.947505013566115
2025-06-12 19:17:00,98.5
2025-06-12 16:46:00,29.2
2025-06-12 05:38:00,4.3
2025-06-12 07:50:00,63.7
2025-06-12 21:06:00,89.7
2025-06-12 06:52:00,77.2
2025-06-12 08:59:00,49.947505013566115
2025-06-12 21:06:00,33.4
2025-06-12 06:57:00,49.947505013566115
2025-06-12 06:58:00,92.8
2025-06-12 23:31:00,13.3
2025-06-12 01:08:00,49.947505013566115
2025-06-12 00:17:00,55.7
2025-06-12 10:53:00,1.9
2025-06-12 09:09:00,12.7
2025-06-12 04:46:00,49.947505013566115
2025-06-12 05:12:00,61.2
2025-06-12 16:30:00,45.3
2025-06-12 09:33:00,49.947505013566115
2025-06-12 08:12:00,34.4
2025-06-12 22:25:00,49.947505013566115
2025-06-12 06:17:00,16.7
2025-06-12 23:08:00,61.7
2025-06-12 04:19:00,17.3
2025-06-12 01:15:00,30.4
2025-06-12 07:11:00,37.8
2025-06-12 06:04:00,16.6
2025-06-12 01:05:00,17.9
2025-06-12 01:39:00,36.5
2025-06-12 21:34:00,85.5
2025-06-12 03:28:00,68.3
2025-06-12 21:52:00,49.947505013566115
2025-06-12 12:47:00,89.0
2025-06-12 07:13:00,1.3
2025-06-12 19:45:00,78.4
2025-06-12 03:37:00,31.2
2025-06-12 01:30:00,49.947505013566115
2025-06-12 17:51:00,39.1
2025-06-12 19:06:00,50.7
2025-06-12 12:06:00,19.5
2025-06-12 01:40:00,49.947505013566115
2025-06-12 21:09:00,63.9
2025-06-12 12:20:00,20.5
2025-06-12 14:11:00,71.4
2025-06-12 10:43:00,49.947505013566115
2025-06-12 13:02:00,68.6
2025-06-12 17:22:00,1.0
2025-06-12 15:56:00,77.6
2025-06-12 10:40:00,91.7
2025-06-12 19:15:00,80.6
2025-06-12 02:58:00,27.2
2025-06-12 07:25:00,8.9
2025-06-12 19:51:00,39.3
2025-06-12 12:59:00,11.0
2025-06-12 03:31:00,50.1
2025-06-12 15:43:00,63.1
2025-06-12 19:03:00,5.1
2025-06-12 23:06:00,71.0
2025-06-12 08:07:00,81.3
2025-06-12 20:51:00,89.8
2025-06-12 11:20:00,76.5
2025-06-12 02:17:00,6.5
2025-06-12 01:56:00,80.7
2025-06-12 16:34:00,93.9
2025-06-12 09:44:00,49.947505013566115
2025-06-12 09:53:00,49.947505013566115
2025-06-12 08:19:00,12.1
2025-06-12 16:27:00,67.5
2025-06-12 20:42:00,21.5
2025-06-12 12:36:00,78.4
2025-06-12 23:42:00,56.0
2025-06-12 00:03:00,49.947505013566115
2025-06-12 00:35:00,8.5
2025-06-12 05:29:00,12.7
2025-06-12 12:53:00,73.7
2025-06-12 12:56:00,9.1
2025-06-12 21:31:00,5.6
2025-06-12 05:48:00,3.8
2025-06-12 04:19:00,32.9
2025-06-12 19:23:00,51.2
2025-06-12 18:46:00,49.947505013566115
2025-06-12 07:03:00,1.5
2025-06-12 23:32:00,64.7
2025-06-12 00:19:00,28.2
2025-06-12 17:51:00,68.5
2025-06-12 05:22:00,3.9
2025-06-12 21:31:00,49.947505013566115
2025-06-12 10:16:00,49.947505013566115
2025-06-12 20:29:00,53.0
2025-06-12 23:36:00,43.3
2025-06-12 10:39:00,25.1
2025-06-12 20:56:00,1.0
2025-06-12 22:27:00,22.6
2025-06-12 17:22:00,6.0
2025-06-12 02:00:00,49.947505013566115
2025-06-12 09:48:00,79.3
2025-06-12 00:27:00,86.0
2025-06-12 22:08:00,5.6
2025-06-12 18:03:00,86.9
2025-06-12 17:30:00,7.6
2025-06-12 22:53:00,49.5
2025-06-12 14:39:00,49.947505013566115
2025-06-12 14:03:00,49.947505013566115
2025-06-12 23:09:00,29.9
2025-06-12 20:26:00,73.5
2025-06-12 15:38:00,49.947505013566115
2025-06-12 15:41:00,70.8
2025-06-12 05:28:00,83.0
2025-06-12 15:38:00,79.5
2025-06-12 19:47:00,49.947505013566115
2025-06-12 12:04:00,51.7
2025-06-12 08:03:00,30.5
2025-06-12 21:14:00,49.947505013566115
2025-06-12 11:26:00,41.3
2025-06-12 19:45:00,50.4
2025-06-12 14:43:00,49.947505013566115
2025-06-12 00:45:00,52.9
2025-06-12 08:56:00,2.7
2025-06-12 22:30:00,78.4
2025-06-12 12:06:00,84.5
2025-06-12 21:16:00,32.4
2025-06-12 01:02:00,81.1
2025-06-12 13:09:00,67.7
2025-06-12 05:46:00,97.8
2025-06-12 22:09:00,84.3
2025-06-12 03:21:00,84.9
2025-06-12 05:34:00,64.6
2025-06-12 18:50:00,42.3
2025-06-12 17:07:00,53.1
2025-06-12 00:28:00,49.947505013566115
2025-06-12 16:53:00,92.0
2025-06-12 06:09:00,84.3
2025-06-12 15:04:00,30.1
2025-06-12 14:21:00,24.9
2025-06-12 20:06:00,67.5
2025-06-12 19:36:00,8.2
2025-06-12 00:04:00,45.4
2025-06-12 14:50:00,42.6
2025-06-12 03:19:00,3.0
2025-06-12 14:59:00,5.3
2025-06-12 10:51:00,39.0
2025-06-12 06:04:00,80.7
2025-06-12 10:03:00,2.0
2025-06-12 14:02:00,49.947505013566115
2025-06-12 18:44:00,55.5
2025-06-12 22:15:00,89.0
2025-06-12 04:50:00,86.2
2025-06-12 13:40:00,15.3
2025-06-12 14:37:00,49.947505013566115
2025-06-12 17:12:00,72.0
2025-06-12 02:04:00,61.7
2025-06-12 02:40:00,19.4
2025-06-12 13:05:00,90.3
2025-06-12 09:49:00,60.1
2025-06-12 11:49:00,18.9
2025-06-12 01:44:00,16.3
2025-06-12 15:32:00,73.0
2025-06-12 12:54:00,63.9
2025-06-12 02:05:00,10.9
2025-06-12 06:01:00,54.3
2025-06-12 15:46:00,76.4
2025-06-12 10:35:00,3.6
2025-06-12 04:33:00,49.947505013566115
2025-06-12 00:46:00,96.2
2025-06-12 18:24:00,49.947505013566115
2025-06-12 14:39:00,61.7
2025-06-12 14:05:00,63.0
2025-06-12 00:10:00,4.3
2025-06-12 18:04:00,82.5
2025-06-12 06:52:00,85.8
2025-06-12 21:15:00,15.7
2025-06-12 10:05:00,11.1
2025-06-12 12:05:00,76.4
2025-06-12 20:04:00,39.4
2025-06-12 10:44:00,49.947505013566115
2025-06-12 13:31:00,56.1
2025-06-12 16:50:00,98.3
2025-06-12 04:48:00,41.7
2025-06-12 02:19:00,3.6
2025-06-12 11:56:00,37.4
2025-06-12 15:08:00,74.0
2025-06-12 07:58:00,89.2
2025-06-12 12:28:00,81.2
2025-06-12 12:17:00,90.0
2025-06-12 04:14:00,32.2
2025-06-12 09:09:00,65.1
2025-06-12 00:02:00,84.8
2025-06-12 02:33:00,95.1
2025-06-12 20:32:00,57.1
2025-06-12 02:22:00,95.0
2025-06-12 00:19:00,49.947505013566115
2025-06-12 03:41:00,25.8
2025-06-12 00:12:00,36.3
2025-06-12 12:24:00,63.9
2025-06-12 20:18:00,49.947505013566115
2025-06-12 09:38:00,44.5
2025-06-12 05:22:00,95.8
2025-06-12 11:52:00,49.947505013566115
2025-06-12 23:35:00,43.0
2025-06-12 17:48:00,41.1
2025-06-12 16:44:00,96.7
2025-06-12 00:54:00,57.9
2025-06-12 19:07:00,49.947505013566115
2025-06-12 04:09:00,41.8
2025-06-12 22:18:00,49.947505013566115
2025-06-12 16:45:00,38.3
2025-06-12 02:19:00,72.3
2025-06-12 04:33:00,95.3
2025-06-12 07:58:00,93.5
2025-06-12 03:16:00,49.947505013566115
2025-06-12 19:37:00,48.0
2025-06-12 00:38:00,49.947505013566115
2025-06-12 14:33:00,13.7
2025-06-12 22:43:00,56.8
2025-06-12 21:05:00,96.9
2025-06-12 09:59:00,85.2
2025-06-12 14:52:00,49.947505013566115
2025-06-12 23:25:00,43.2
2025-06-12 18:57:00,77.9
2025-06-12 14:49:00,93.1
2025-06-12 11:01:00,42.3
2025-06-12 05:39:00,17.8
2025-06-12 16:26:00,59.0
2025-06-12 05:12:00,85.8
2025-06-12 23:23:00,8.2
2025-06-12 11:02:00,20.7
2025-06-12 19:01:00,5.1
2025-06-12 12:25:00,10.1
2025-06-12 18:27:00,7.4
2025-06-12 12:45:00,49.947505013566115
2025-06-12 06:43:00,30.4
2025-06-12 16:27:00,18.8
2025-06-12 17:00:00,49.947505013566115
2025-06-12 01:01:00,35.3
2025-06-12 21:23:00,70.7
2025-06-12 06:33:00,56.8
2025-06-12 10:22:00,19.1
2025-06-12 09:59:00,55.5
2025-06-12 21:07:00,20.8
2025-06-12 08:51:00,57.9
2025-06-12 21:55:00,76.3
2025-06-12 13:45:00,36.4
2025-06-12 15:09:00,96.8
2025-06-12 21:57:00,95.0
2025-06-12 08:43:00,32.4
2025-06-12 07:50:00,27.7
2025-06-12 04:55:00,91.6
2025-06-12 13:38:00,3.0
2025-06-12 09:53:00,49.0
2025-06-12 07:58:00,99.5
2025-06-12 00:05:00,50.31471380077256
2025-06-12 09:51:00,75.5
2025-06-12 15:19:00,49.4
2025-06-12 01:51:00,81.3
2025-06-12 03:21:00,22.5
2025-06-12 18:19:00,49.9
2025-06-12 10:03:00,58.9
2025-06-12 21:48:00,61.5
2025-06-12 22:41:00,7.7
2025-06-12 12:25:00,8.4
2025-06-12 17:47:00,50.31471380077256
2025-06-12 10:45:00,48.0
2025-06-12 01:00:00,65.6
2025-06-12 15:21:00,89.0
2025-06-12 02:34:00,36.8
2025-06-12 00:04:00,48.2
2025-06-12 23:07:00,40.3
2025-06-12 06:32:00,16.0
2025-06-12 14:32:00,50.31471380077256
2025-06-12 19:39:00,15.6
2025-06-12 13:19:00,50.31471380077256
2025-06-12 19:02:00,92.7
2025-06-12 06:54:00,7.1
2025-06-12 01:00:00,93.0
2025-06-12 10:01:00,23.8
2025-06-12 13:44:00,87.3
2025-06-12 14:38:00,4.8
2025-06-12 00:54:00,78.2
2025-06-12 22:29:00,98.0
2025-06-12 15:23:00,50.31471380077256
2025-06-12 18:06:00,2.2
2025-06-12 12:56:00,99.4
2025-06-12 06:13:00,50.31471380077256
2025-06-12 07:58:00,50.31471380077256
2025-06-12 13:17:00,72.9
2025-06-12 18:54:00,54.9
2025-06-12 15:27:00,68.2
2025-06-12 00:26:00,21.2
2025-06-12 00:41:00,3.9
2025-06-12 22:54:00,92.1
2025-06-12 12:15:00,51.2
2025-06-12 07:55:00,37.2
2025-06-12 21:08:00,50.31471380077256
2025-06-12 06:29:00,98.2
2025-06-12 20:47:00,92.8
2025-06-12 02:00:00,70.2
2025-06-12 07:29:00,53.7
2025-06-12 00:50:00,66.4
2025-06-12 07:08:00,40.9
2025-06-12 00:26:00,67.1
2025-06-12 06:33:00,4.0
2025-06-12 07:02:00,90.4
2025-06-12 06:12:00,19.4
2025-06-12 22:27:00,93.3
2025-06-12 03:52:00,50.31471380077256
2025-06-12 18:37:00,6.7
2025-06-12 14:07:00,23.4
2025-06-12 06:37:00,46.4
2025-06-12 11:15:00,11.2
2025-06-12 11:10:00,14.3
2025-06-12 15:25:00,55.9
2025-06-12 12:33:00,75.5
2025-06-12 15:42:00,75.6
2025-06-12 18:15:00,37.7
2025-06-12 01:59:00,50.31471380077256
2025-06-12 05:26:00,29.0
2025-06-12 10:55:00,50.31471380077256
2025-06-12 14:37:00,10.0
2025-06-12 04:25:00,95.0
2025-06-12 13:17:00,87.8
2025-06-12 09:27:00,23.1
2025-06-12 07:27:00,50.31471380077256
2025-06-12 21:12:00,50.31471380077256
2025-06-12 22:41:00,50.31471380077256
2025-06-12 18:48:00,5.1
2025-06-12 23:05:00,28.2
2025-06-12 14:35:00,37.8
2025-06-12 01:39:00,70.9
2025-06-12 07:59:00,41.0
2025-06-12 23:59:00,16.0
2025-06-12 00:58:00,80.9
2025-06-12 07:04:00,54.9
2025-06-12 21:23:00,26.9
2025-06-12 13:59:00,50.31471380077256
2025-06-12 11:55:00,46.3
2025-06-12 15:37:00,31.9
2025-06-12 07:11:00,44.8
2025-06-12 08:29:00,76.8
2025-06-12 14:35:00,50.31471380077256
2025-06-12 19:07:00,89.5
2025-06-12 17:52:00,50.31471380077256
2025-06-12 03:18:00,3.7
2025-06-12 05:33:00,15.4
2025-06-12 03:11:00,57.6
2025-06-12 09:08:00,68.0
2025-06-12 18:30:00,14.5
2025-06-12 22:36:00,72.6
2025-06-12 12:34:00,60.7
2025-06-12 22:48:00,85.2
2025-06-12 16:47:00,28.1
2025-06-12 18:14:00,48.1
2025-06-12 09:21:00,73.8
2025-06-12 01:44:00,26.2
2025-06-12 21:15:00,63.1
2025-06-12 11:24:00,50.31471380077256
2025-06-12 19:32:00,45.0
2025-06-12 05:36:00,50.31471380077256
2025-06-12 11:49:00,1.3
2025-06-12 10:20:00,50.31471380077256
2025-06-12 22:57:00,83.0
2025-06-12 06:00:00,45.2
2025-06-12 17:59:00,41.8
2025-06-12 13:01:00,39.8
2025-06-12 05:40:00,28.4
2025-06-12 15:10:00,84.8
2025-06-12 02:43:00,84.9
2025-06-12 12:39:00,93.0
2025-06-12 04:48:00,43.0
2025-06-12 01:45:00,8.4
2025-06-12 03:56:00,83.7
2025-06-12 16:57:00,12.9
2025-06-12 23:08:00,86.7
2025-06-12 10:26:00,26.8
2025-06-12 07:03:00,50.31471380077256
2025-06-12 22:35:00,3.7
2025-06-12 22:41:00,96.3
2025-06-12 19:14:00,71.8
2025-06-12 05:04:00,70.4
2025-06-12 18:43:00,73.7
2025-06-12 19:11:00,0.7
2025-06-12 14:00:00,26.1
2025-06-12 10:19:00,42.2
2025-06-12 05:04:00,29.6
2025-06-12 06:59:00,60.4
2025-06-12 23:54:00,45.7
2025-06-12 14:24:00,59.0
2025-06-12 11:37:00,59.2
2025-06-12 00:44:00,80.8
2025-06-12 22:39:00,6.2
2025-06-12 13:50:00,34.6
2025-06-12 06:18:00,82.8
2025-06-12 21:51:00,50.31471380077256
2025-06-12 23:36:00,5.1
2025-06-12 02:17:00,63.0
2025-06-12 08:25:00,50.31471380077256
2025-06-12 20:23:00,88.1
2025-06-12 14:23:00,35.7
2025-06-12 16:33:00,67.0
2025-06-12 04:16:00,6.5
2025-06-12 06:55:00,94.3
2025-06-12 10:37:00,50.31471380077256
2025-06-12 23:13:00,28.7
2025-06-12 18:38:00,87.3
2025-06-12 23:08:00,1.2
2025-06-12 14:01:00,55.2
2025-06-12 16:24:00,19.4
2025-06-12 09:49:00,44.4
2025-06-12 22:39:00,0.6
2025-06-12 01:08:00,81.5
2025-06-12 18:16:00,9.1
2025-06-12 16:29:00,44.7
2025-06-12 09:23:00,97.6
2025-06-12 18:35:00,50.31471380077256
2025-06-12 22:21:00,83.6
2025-06-12 18:32:00,27.1
2025-06-12 02:52:00,8.0
2025-06-12 12:06:00,37.9
2025-06-12 20:04:00,65.2
2025-06-12 15:29:00,83.4
2025-06-12 08:07:00,73.3
2025-06-12 07:23:00,50.8
2025-06-12 00:29:00,35.5
2025-06-12 12:46:00,37.4
2025-06-12 18:52:00,19.0
2025-06-12 00:28:00,50.31471380077256
2025-06-12 03:37:00,68.4
2025-06-12 12:44:00,58.6
2025-06-12 12:47:00,32.7
2025-06-12 09:58:00,3.4
2025-06-12 07:22:00,42.7
2025-06-12 21:18:00,13.7
2025-06-12 10:33:00,50.31471380077256
2025-06-12 17:09:00,1.0
2025-06-12 03:48:00,68.1
2025-06-12 02:06:00,50.31471380077256
2025-06-12 04:03:00,7.4
2025-06-12 06:14:00,22.9
2025-06-12 15:48:00,63.9
2025-06-12 07:34:00,92.9
2025-06-12 06:30:00,48.7
2025-06-12 11:27:00,64.0
2025-06-12 16:43:00,20.6
2025-06-12 07:08:00,59.6
2025-06-12 23:29:00,66.7
2025-06-12 01:57:00,76.5
2025-06-12 21:51:00,50.31471380077256
2025-06-12 20:58:00,65.8
2025-06-12 09:15:00,59.3
2025-06-12 06:13:00,23.1
2025-06-12 19:23:00,40.4
2025-06-12 08:54:00,50.31471380077256
2025-06-12 18:17:00,11.0
2025-06-12 03:58:00,95.6
2025-06-12 05:36:00,51.6
2025-06-12 04:17:00,99.5
2025-06-12 13:52:00,69.5
2025-06-12 20:18:00,62.2
2025-06-12 00:04:00,59.8
2025-06-12 08:41:00,69.1
2025-06-12 08:02:00,37.7
2025-06-12 06:41:00,13.9
2025-06-12 14:52:00,53.8
2025-06-12 23:14:00,55.2
2025-06-12 09:16:00,37.2
2025-06-12 03:16:00,74.3
2025-06-12 21:50:00,30.9
2025-06-12 18:48:00,22.0
2025-06-12 13:37:00,84.5
2025-06-12 23:48:00,53.4
2025-06-12 09:51:00,50.31471380077256
2025-06-12 04:10:00,98.2
2025-06-12 18:04:00,50.31471380077256
2025-06-12 20:29:00,66.3
2025-06-12 03:54:00,6.6
2025-06-12 20:29:00,96.1
2025-06-12 11:48:00,38.9
2025-06-12 01:39:00,93.9
2025-06-12 18:51:00,36.3
2025-06-12 20:46:00,89.8
2025-06-12 01:38:00,30.8
2025-06-12 18:41:00,42.2
2025-06-12 18:37:00,20.4
2025-06-12 09:34:00,16.7
2025-06-12 06:14:00,50.31471380077256
2025-06-12 06:58:00,51.0
2025-06-12 12:52:00,95.4
2025-06-12 06:46:00,52.3
2025-06-12 10:50:00,14.9
2025-06-12 17:18:00,50.31471380077256
2025-06-12 23:47:00,10.7
2025-06-12 17:25:00,50.4
2025-06-12 11:51:00,24.3
2025-06-12 11:19:00,24.5
2025-06-12 10:57:00,50.31471380077256
2025-06-12 19:25:00,50.31471380077256
2025-06-12 13:08:00,30.8
2025-06-12 17:39:00,50.31471380077256
2025-06-12 23:38:00,19.4
2025-06-12 00:41:00,78.8
2025-06-12 02:56:00,11.4
2025-06-12 16:19:00,79.8
2025-06-12 01:43:00,1.3
2025-06-12 03:03:00,78.8
2025-06-12 12:10:00,44.0
2025-06-12 10:13:00,1.8
2025-06-12 02:24:00,50.31471380077256
2025-06-12 07:37:00,64.0
2025-06-12 06:26:00,68.8
2025-06-12 00:32:00,90.8
2025-06-12 19:53:00,26.7
2025-06-12 18:34:00,86.1
2025-06-12 10:46:00,19.7
2025-06-12 16:08:00,71.7
2025-06-12 15:45:00,18.4
2025-06-12 12:25:00,79.5
2025-06-12 05:58:00,67.1
2025-06-12 02:43:00,72.4
2025-06-12 00:39:00,40.7
2025-06-12 19:28:00,22.3
2025-06-12 23:47:00,29.6
2025-06-12 21:43:00,86.4
2025-06-12 08:29:00,65.5
2025-06-12 03:12:00,50.31471380077256
2025-06-12 13:33:00,56.4
2025-06-12 13:30:00,9.5
2025-06-12 02:57:00,17.9
2025-06-12 05:15:00,61.5
2025-06-12 22:21:00,74.5
2025-06-12 03:21:00,95.2
2025-06-12 12:25:00,43.5
2025-06-12 17:22:00,3.9
2025-06-12 21:57:00,73.8
2025-06-12 14:01:00,10.3
2025-06-12 07:57:00,97.9
2025-06-12 18:55:00,93.0
2025-06-12 16:44:00,84.6
2025-06-12 01:43:00,50.31471380077256
2025-06-12 10:43:00,39.2
2025-06-12 01:16:00,78.1
2025-06-12 19:23:00,38.0
2025-06-12 00:12:00,26.3
2025-06-12 16:59:00,50.31471380077256
2025-06-12 23:00:00,50.31471380077256
2025-06-12 14:43:00,88.9
2025-06-12 17:53:00,20.1
2025-06-12 10:54:00,50.4
2025-06-12 23:51:00,84.3
2025-06-12 15:47:00,43.3
2025-06-12 18:08:00,23.8
2025-06-12 13:59:00,50.31471380077256
2025-06-12 00:07:00,20.8
2025-06-12 06:14:00,85.3
2025-06-12 09:33:00,43.0
2025-06-12 00:52:00,72.7
2025-06-12 12:02:00,43.2
2025-06-12 17:18:00,3.2
2025-06-12 01:29:00,55.4
2025-06-12 21:39:00,41.2
2025-06-12 07:06:00,26.9
2025-06-12 07:52:00,7.5
2025-06-12 07:00:00,48.5
2025-06-12 16:08:00,46.9
2025-06-12 18:23:00,45.3
2025-06-12 05:33:00,47.2
2025-06-12 13:15:00,50.31471380077256
2025-06-12 18:42:00,16.7
2025-06-12 16:22:00,28.7
2025-06-12 06:54:00,78.1
2025-06-12 20:22:00,32.2
2025-06-12 01:10:00,23.5
2025-06-12 11:19:00,89.1
2025-06-12 20:50:00,21.9
2025-06-12 13:14:00,9.2
2025-06-12 13:00:00,51.9
2025-06-12 00:12:00,37.8
2025-06-12 09:01:00,33.5
2025-06-12 20:01:00,40.5
2025-06-12 18:43:00,11.4
2025-06-12 01:30:00,5.1
2025-06-12 04:52:00,73.0
2025-06-12 19:36:00,49.873700916999766
2025-06-12 13:26:00,49.873700916999766
2025-06-12 16:55:00,34.9
2025-06-12 05:42:00,53.3
2025-06-12 01:34:00,83.7
2025-06-12 17:11:00,24.1
2025-06-12 22:04:00,65.4
2025-06-12 14:06:00,26.5
2025-06-12 03:51:00,68.6
2025-06-12 22:25:00,1.3
2025-06-12 20:49:00,52.0
2025-06-12 14:24:00,63.9
2025-06-12 00:52:00,15.4
2025-06-12 08:08:00,76.5
2025-06-12 13:00:00,49.873700916999766
2025-06-12 01:43:00,9.2
2025-06-12 19:38:00,34.8
2025-06-12 15:18:00,15.7
2025-06-12 19:57:00,49.873700916999766
2025-06-12 08:09:00,66.1
2025-06-12 10:17:00,28.0
2025-06-12 13:54:00,49.873700916999766
2025-06-12 07:45:00,49.873700916999766
2025-06-12 11:14:00,81.0
2025-06-12 14:38:00,15.8
2025-06-12 13:44:00,53.6
2025-06-12 15:28:00,49.873700916999766
2025-06-12 08:35:00,81.1
2025-06-12 07:38:00,82.4
2025-06-12 08:36:00,49.873700916999766
2025-06-12 21:08:00,92.8
2025-06-12 15:55:00,24.4
2025-06-12 09:05:00,65.6
2025-06-12 02:11:00,5.3
2025-06-12 18:17:00,46.1
2025-06-12 11:48:00,97.6
2025-06-12 00:10:00,66.9
2025-06-12 19:49:00,68.7
2025-06-12 04:44:00,49.873700916999766
2025-06-12 06:46:00,49.873700916999766
2025-06-12 06:11:00,84.1
2025-06-12 01:29:00,35.1
2025-06-12 14:51:00,9.7
2025-06-12 03:32:00,36.2
2025-06-12 21:30:00,39.4
2025-06-12 20:02:00,95.7
2025-06-12 09:11:00,50.5
2025-06-12 01:23:00,52.5
2025-06-12 08:10:00,22.3
2025-06-12 11:43:00,41.4
2025-06-12 14:00:00,80.4
2025-06-12 12:32:00,73.8
2025-06-12 11:24:00,93.4
2025-06-12 11:00:00,2.9
2025-06-12 11:00:00,63.3
2025-06-12 23:15:00,65.2
2025-06-12 00:57:00,68.0
2025-06-12 15:46:00,87.4
2025-06-12 10:20:00,55.6
2025-06-12 08:58:00,49.873700916999766
2025-06-12 22:58:00,52.3
2025-06-12 21:58:00,50.5
2025-06-12 16:42:00,2.0
2025-06-12 09:39:00,64.1
2025-06-12 15:37:00,26.2
2025-06-12 14:38:00,49.873700916999766
2025-06-12 17:12:00,18.4
2025-06-12 06:02:00,89.5
2025-06-12 13:24:00,19.4
2025-06-12 19:03:00,32.5
2025-06-12 05:26:00,88.3
2025-06-12 01:26:00,54.7
2025-06-12 02:56:00,23.4
2025-06-12 10:09:00,3.0
2025-06-12 13:42:00,47.8
2025-06-12 17:08:00,80.4
2025-06-12 00:48:00,45.1
2025-06-12 12:53:00,88.9
2025-06-12 20:33:00,49.7
2025-06-12 17:59:00,46.9
2025-06-12 01:53:00,69.6
2025-06-12 09:41:00,68.6
2025-06-12 10:51:00,63.4
2025-06-12 04:58:00,49.873700916999766
2025-06-12 14:12:00,51.5
2025-06-12 13:17:00,88.2
2025-06-12 20:55:00,38.1
2025-06-12 17:41:00,42.7
2025-06-12 10:30:00,64.8
2025-06-12 00:22:00,37.7
2025-06-12 04:01:00,4.1
2025-06-12 08:37:00,82.0
2025-06-12 02:13:00,64.5
2025-06-12 13:29:00,69.3
2025-06-12 09:08:00,57.7
2025-06-12 12:34:00,19.5
2025-06-12 16:40:00,7.4
2025-06-12 11:35:00,59.8
2025-06-12 06:13:00,98.4
2025-06-12 12:41:00,40.4
2025-06-12 13:43:00,80.4
2025-06-12 18:06:00,32.6
2025-06-12 09:23:00,84.6
2025-06-12 20:13:00,87.3
2025-06-12 12:50:00,76.8
2025-06-12 05:33:00,49.873700916999766
2025-06-12 01:53:00,90.9
2025-06-12 19:43:00,33.9
2025-06-12 12:02:00,8.1
2025-06-12 09:03:00,82.5
2025-06-12 22:49:00,79.5
2025-06-12 18:55:00,52.4
2025-06-12 18:52:00,49.873700916999766
2025-06-12 16:53:00,14.7
2025-06-12 23:06:00,69.8
2025-06-12 23:28:00,41.8
2025-06-12 05:01:00,17.5
2025-06-12 14:13:00,55.0
2025-06-12 19:54:00,6.0
2025-06-12 04:42:00,0.1
2025-06-12 06:27:00,11.9
2025-06-12 03:43:00,49.873700916999766
2025-06-12 02:08:00,71.2
2025-06-12 13:59:00,48.4
2025-06-12 04:31:00,57.5
2025-06-12 11:04:00,49.873700916999766
2025-06-12 20:45:00,81.5
2025-06-12 19:41:00,84.2
2025-06-12 10:55:00,49.873700916999766
2025-06-12 10:39:00,49.873700916999766
2025-06-12 11:37:00,70.0
2025-06-12 03:32:00,2.1
2025-06-12 07:03:00,49.873700916999766
2025-06-12 02:38:00,52.8
2025-06-12 11:27:00,5.3
2025-06-12 15:06:00,49.873700916999766
2025-06-12 09:56:00,54.7
2025-06-12 02:25:00,49.873700916999766
2025-06-12 10:13:00,10.0
2025-06-12 22:31:00,29.5
2025-06-12 08:00:00,61.8
2025-06-12 22:56:00,16.0
2025-06-12 05:10:00,1.2
2025-06-12 19:08:00,0.7
2025-06-12 16:24:00,49.873700916999766
2025-06-12 17:27:00,58.0
2025-06-12 11:11:00,17.2
2025-06-12 21:47:00,49.873700916999766
2025-06-12 13:44:00,11.0
2025-06-12 13:12:00,80.3
2025-06-12 08:18:00,47.8
2025-06-12 01:25:00,3.2
2025-06-12 18:12:00,29.9
2025-06-12 11:38:00,26.3
2025-06-12 14:34:00,44.8
2025-06-12 20:21:00,76.7
2025-06-12 18:18:00,3.4
2025-06-12 01:02:00,73.9
2025-06-12 01:35:00,52.0
2025-06-12 02:53:00,6.5
2025-06-12 18:48:00,23.2
2025-06-12 14:57:00,86.5
2025-06-12 20:46:00,91.0
2025-06-12 09:47:00,39.9
2025-06-12 02:50:00,49.873700916999766
2025-06-12 14:37:00,49.873700916999766
2025-06-12 00:44:00,26.0
2025-06-12 01:00:00,68.7
2025-06-12 20:46:00,34.1
2025-06-12 15:04:00,93.0
2025-06-12 01:07:00,20.0
2025-06-12 17:33:00,78.9
2025-06-12 22:33:00,12.1
2025-06-12 04:37:00,49.873700916999766
2025-06-12 17:00:00,34.8
2025-06-12 08:41:00,8.0
2025-06-12 23:10:00,2.5
2025-06-12 12:59:00,96.9
2025-06-12 05:04:00,56.2
2025-06-12 15:49:00,66.6
2025-06-12 08:14:00,4.0
2025-06-12 01:47:00,56.4
2025-06-12 05:01:00,49.873700916999766
2025-06-12 02:20:00,75.3
2025-06-12 10:31:00,50.3
2025-06-12 11:42:00,69.9
2025-06-12 18:26:00,74.7
2025-06-12 13:11:00,99.8
2025-06-12 15:06:00,49.873700916999766
2025-06-12 18:33:00,75.4
2025-06-12 23:26:00,3.8
2025-06-12 16:19:00,71.5
2025-06-12 11:09:00,6.4
2025-06-12 14:34:00,61.9
2025-06-12 07:11:00,78.8
2025-06-12 11:04:00,68.1
2025-06-12 19:12:00,82.5
2025-06-12 16:51:00,16.3
2025-06-12 23:34:00,1.2
2025-06-12 16:29:00,76.5
2025-06-12 18:17:00,28.9
2025-06-12 18:47:00,42.0
2025-06-12 08:09:00,86.7
2025-06-12 19:52:00,22.6
2025-06-12 00:37:00,86.5
2025-06-12 11:26:00,19.6
2025-06-12 13:17:00,49.873700916999766
2025-06-12 16:43:00,63.4
2025-06-12 07:49:00,53.8
2025-06-12 21:03:00,28.8
2025-06-12 08:47:00,50.3
2025-06-12 02:53:00,28.2
2025-06-12 14:20:00,45.1
2025-06-12 10:13:00,35.6
2025-06-12 20:29:00,58.4
2025-06-12 18:09:00,85.2
2025-06-12 13:52:00,4.1
2025-06-12 22:02:00,49.1
2025-06-12 17:59:00,22.3
2025-06-12 00:45:00,29.9
2025-06-12 21:25:00,93.9
2025-06-12 06:11:00,83.4
2025-06-12 02:33:00,19.1
2025-06-12 18:56:00,87.5
2025-06-12 04:03:00,6.9
2025-06-12 08:27:00,83.7
2025-06-12 01:33:00,45.3
2025-06-12 17:43:00,17.1
2025-06-12 15:03:00,67.5
2025-06-12 11:31:00,34.0
2025-06-12 18:46:00,45.7
2025-06-12 00:31:00,80.9
2025-06-12 16:05:00,74.6
2025-06-12 20:19:00,49.873700916999766
2025-06-12 11:29:00,49.873700916999766
2025-06-12 13:08:00,64.9
2025-06-12 01:19:00,49.873700916999766
2025-06-12 11:24:00,34.7
2025-06-12 03:36:00,12.2
2025-06-12 23:19:00,95.5
2025-06-12 05:04:00,68.5
2025-06-12 07:48:00,38.6
2025-06-12 18:23:00,25.7
2025-06-12 22:17:00,16.6
2025-06-12 06:02:00,49.873700916999766
2025-06-12 06:08:00,91.2
2025-06-12 17:42:00,1.8
2025-06-12 14:46:00,80.2
2025-06-12 13:39:00,11.9
2025-06-12 21:11:00,66.9
2025-06-12 00:29:00,46.2
2025-06-12 11:05:00,36.3
2025-06-12 03:19:00,70.4
2025-06-12 12:15:00,71.4
2025-06-12 19:46:00,35.3
2025-06-12 03:25:00,28.2
2025-06-12 07:39:00,49.5
2025-06-12 05:43:00,45.7
2025-06-12 01:42:00,21.8
2025-06-12 02:02:00,49.873700916999766
2025-06-12 06:35:00,83.0
2025-06-12 05:09:00,17.5
2025-06-12 22:24:00,34.7
2025-06-12 05:19:00,11.0
2025-06-12 09:26:00,94.6
2025-06-12 13:06:00,91.6
2025-06-12 16:40:00,82.6
2025-06-12 23:07:00,88.7
2025-06-12 03:08:00,15.9
2025-06-12 10:50:00,88.0
2025-06-12 21:11:00,55.0
2025-06-12 00:15:00,21.2
2025-06-12 03:59:00,22.6
2025-06-12 03:41:00,4.6
2025-06-12 03:36:00,51.4
2025-06-12 12:34:00,43.5
2025-06-12 11:33:00,31.2
2025-06-12 09:43:00,90.0
2025-06-12 00:24:00,69.8
2025-06-12 07:15:00,74.2
2025-06-12 17:31:00,42.1
2025-06-12 08:44:00,20.4
2025-06-12 02:10:00,12.0
2025-06-12 00:23:00,53.1
2025-06-12 09:38:00,49.873700916999766
2025-06-12 13:17:00,38.9
2025-06-12 05:45:00,23.2
2025-06-12 14:35:00,17.9
2025-06-12 16:13:00,35.3
2025-06-12 05:14:00,60.1
2025-06-12 11:17:00,97.9
2025-06-12 20:43:00,60.4
2025-06-12 01:58:00,62.5
2025-06-12 06:18:00,49.873700916999766
2025-06-12 01:15:00,82.1
2025-06-12 10:59:00,63.8
2025-06-12 23:07:00,45.7
2025-06-12 10:12:00,88.8
2025-06-12 20:48:00,56.1
2025-06-12 21:57:00,12.2
2025-06-12 17:51:00,95.6
2025-06-12 17:20:00,10.4
2025-06-12 03:49:00,65.8
2025-06-12 14:32:00,99.9
2025-06-12 22:36:00,36.5
2025-06-12 02:05:00,53.8
2025-06-12 14:26:00,37.8
2025-06-12 06:49:00,46.4
2025-06-12 00:41:00,14.5
2025-06-12 05:23:00,33.5
2025-06-12 13:37:00,94.0
2025-06-12 14:58:00,78.3
2025-06-12 13:04:00,66.8
2025-06-12 07:50:00,3.1
2025-06-12 11:04:00,82.2
2025-06-12 05:52:00,98.8
2025-06-12 15:04:00,19.2
2025-06-12 14:43:00,67.3
2025-06-12 01:41:00,21.0
2025-06-12 22:12:00,14.9
2025-06-12 21:01:00,11.0
2025-06-12 17:07:00,82.8
2025-06-12 12:35:00,84.0
2025-06-12 10:59:00,35.1
2025-06-12 20:12:00,49.660353652861794
2025-06-12 01:47:00,40.2
2025-06-12 15:12:00,47.1
2025-06-12 09:04:00,0.9
2025-06-12 18:18:00,58.1
2025-06-12 20:40:00,12.6
2025-06-12 11:06:00,87.0
2025-06-12 08:38:00,49.660353652861794
2025-06-12 06:46:00,1.0
2025-06-12 17:57:00,96.9
2025-06-12 07:25:00,63.5
2025-06-12 06:16:00,2.1
2025-06-12 04:06:00,76.0
2025-06-12 03:30:00,0.9
2025-06-12 19:35:00,49.660353652861794
2025-06-12 23:28:00,93.6
2025-06-12 04:32:00,49.660353652861794
2025-06-12 04:50:00,87.6
2025-06-12 17:17:00,73.0
2025-06-12 18:05:00,3.1
2025-06-12 11:37:00,50.2
2025-06-12 09:31:00,49.0
2025-06-12 12:37:00,76.6
2025-06-12 18:16:00,3.9
2025-06-12 11:22:00,82.6
2025-06-12 16:28:00,98.3
2025-06-12 13:02:00,54.6
2025-06-12 20:57:00,52.4
2025-06-12 14:36:00,22.2
2025-06-12 08:48:00,0.8
2025-06-12 06:06:00,59.4
2025-06-12 22:01:00,0.6
2025-06-12 22:48:00,49.660353652861794
2025-06-12 18:17:00,0.4
2025-06-12 12:37:00,70.6
2025-06-12 23:45:00,38.5
2025-06-12 05:43:00,49.660353652861794
2025-06-12 21:42:00,49.6
2025-06-12 22:14:00,49.660353652861794
2025-06-12 22:08:00,85.7
2025-06-12 14:20:00,70.7
2025-06-12 04:03:00,95.8
2025-06-12 03:31:00,88.8
2025-06-12 23:41:00,49.660353652861794
2025-06-12 12:38:00,29.8
2025-06-12 08:45:00,59.3
2025-06-12 19:24:00,61.1
2025-06-12 08:04:00,49.660353652861794
2025-06-12 07:02:00,43.2
2025-06-12 12:55:00,71.1
2025-06-12 10:52:00,59.7
2025-06-12 16:19:00,57.2
2025-06-12 00:21:00,49.660353652861794
2025-06-12 04:22:00,68.5
2025-06-12 10:31:00,75.0
2025-06-12 17:02:00,52.4
2025-06-12 22:36:00,96.5
2025-06-12 20:11:00,49.660353652861794
2025-06-12 08:51:00,1.8
2025-06-12 01:29:00,49.660353652861794
2025-06-12 13:02:00,49.660353652861794
2025-06-12 03:16:00,67.7
2025-06-12 08:25:00,53.0
2025-06-12 19:06:00,29.8
2025-06-12 17:02:00,13.4
2025-06-12 00:46:00,13.2
2025-06-12 03:30:00,58.4
2025-06-12 14:16:00,72.7
2025-06-12 18:44:00,48.2
2025-06-12 03:45:00,67.4
2025-06-12 08:59:00,92.8
2025-06-12 09:06:00,20.6
2025-06-12 21:44:00,24.2
2025-06-12 14:37:00,72.5
2025-06-12 12:05:00,40.2
2025-06-12 17:20:00,24.8
2025-06-12 06:54:00,62.2
2025-06-12 06:07:00,85.6
2025-06-12 06:11:00,1.9
2025-06-12 01:09:00,16.3
2025-06-12 06:49:00,89.9
2025-06-12 19:41:00,0.5
2025-06-12 03:02:00,52.0
2025-06-12 00:01:00,18.5
2025-06-12 16:33:00,81.1
2025-06-12 04:17:00,53.4
2025-06-12 21:14:00,49.660353652861794
2025-06-12 14:57:00,2.3
2025-06-12 05:17:00,78.7
2025-06-12 22:10:00,89.2
2025-06-12 10:04:00,66.8
2025-06-12 10:08:00,84.4
2025-06-12 20:45:00,48.5
2025-06-12 01:32:00,68.4
2025-06-12 06:43:00,14.3
2025-06-12 06:39:00,54.5
2025-06-12 16:34:00,63.6
2025-06-12 09:22:00,42.5
2025-06-12 16:29:00,6.5
2025-06-12 14:07:00,61.3
2025-06-12 23:24:00,49.660353652861794
2025-06-12 22:19:00,46.1
2025-06-12 12:41:00,70.2
2025-06-12 17:46:00,49.660353652861794
2025-06-12 08:19:00,14.5
2025-06-12 17:27:00,52.7
2025-06-12 04:27:00,49.660353652861794
2025-06-12 06:33:00,3.4
2025-06-12 15:38:00,68.6
2025-06-12 08:45:00,70.5
2025-06-12 12:22:00,27.4
2025-06-12 15:50:00,32.5
2025-06-12 13:36:00,23.1
2025-06-12 17:42:00,49.660353652861794
2025-06-12 07:08:00,91.1
2025-06-12 14:38:00,87.0
2025-06-12 11:05:00,57.5
2025-06-12 11:09:00,50.4
2025-06-12 12:03:00,44.1
2025-06-12 18:48:00,13.9
2025-06-12 13:27:00,49.6
2025-06-12 06:02:00,27.4
2025-06-12 06:44:00,66.3
2025-06-12 20:14:00,81.7
2025-06-12 20:52:00,34.7
2025-06-12 03:46:00,49.660353652861794
2025-06-12 19:34:00,52.0
2025-06-12 04:45:00,36.4
2025-06-12 07:04:00,13.8
2025-06-12 21:39:00,58.5
2025-06-12 20:52:00,60.7
2025-06-12 02:06:00,33.4
2025-06-12 23:18:00,61.7
2025-06-12 10:39:00,20.1
2025-06-12 19:11:00,3.2
2025-06-12 05:08:00,37.0
2025-06-12 01:49:00,17.4
2025-06-12 04:43:00,78.5
2025-06-12 21:04:00,71.0
2025-06-12 06:07:00,49.660353652861794
2025-06-12 06:10:00,41.4
2025-06-12 19:27:00,48.1
2025-06-12 23:25:00,80.7
2025-06-12 23:23:00,11.0
2025-06-12 00:04:00,18.2
2025-06-12 18:51:00,49.660353652861794
2025-06-12 07:19:00,16.3
2025-06-12 14:23:00,72.3
2025-06-12 15:40:00,19.3
2025-06-12 23:03:00,78.4
2025-06-12 06:14:00,79.2
2025-06-12 21:32:00,0.8
2025-06-12 11:42:00,64.9
2025-06-12 11:03:00,14.7
2025-06-12 05:08:00,49.660353652861794
2025-06-12 19:58:00,94.7
2025-06-12 14:39:00,49.660353652861794
2025-06-12 15:08:00,98.0
2025-06-12 06:13:00,52.7
2025-06-12 19:21:00,32.1
2025-06-12 00:59:00,49.660353652861794
2025-06-12 04:32:00,8.4
2025-06-12 18:50:00,49.660353652861794
2025-06-12 14:35:00,18.3
2025-06-12 08:15:00,56.1
2025-06-12 22:51:00,67.1
2025-06-12 14:30:00,28.6
2025-06-12 14:43:00,49.0
2025-06-12 09:18:00,91.7
2025-06-12 14:50:00,26.2
2025-06-12 14:08:00,61.3
2025-06-12 15:31:00,49.660353652861794
2025-06-12 10:43:00,78.7
2025-06-12 22:32:00,11.9
2025-06-12 13:59:00,64.9
2025-06-12 08:44:00,22.9
2025-06-12 05:16:00,49.660353652861794
2025-06-12 20:35:00,49.6
2025-06-12 13:14:00,49.660353652861794
2025-06-12 10:47:00,61.8
2025-06-12 19:49:00,15.4
2025-06-12 16:23:00,50.8
2025-06-12 18:37:00,37.2
2025-06-12 23:36:00,17.0
2025-06-12 13:17:00,49.660353652861794
2025-06-12 15:53:00,58.6
2025-06-12 01:46:00,49.660353652861794
2025-06-12 11:22:00,85.1
2025-06-12 07:55:00,24.9
2025-06-12 05:27:00,46.7
2025-06-12 09:46:00,82.1
2025-06-12 00:59:00,38.0
2025-06-12 21:35:00,55.6
2025-06-12 23:16:00,70.4
2025-06-12 16:54:00,92.3
2025-06-12 20:50:00,19.5
2025-06-12 11:35:00,95.4
2025-06-12 00:52:00,82.4
2025-06-12 02:45:00,29.8
2025-06-12 08:21:00,32.1
2025-06-12 10:30:00,28.2
2025-06-12 22:15:00,6.9
2025-06-12 21:24:00,41.5
2025-06-12 00:08:00,56.8
2025-06-12 06:58:00,26.6
2025-06-12 16:49:00,53.8
2025-06-12 17:25:00,86.6
2025-06-12 02:24:00,56.6
2025-06-12 02:56:00,36.9
2025-06-12 01:27:00,57.0
2025-06-12 15:41:00,49.660353652861794
2025-06-12 10:45:00,49.660353652861794
2025-06-12 06:34:00,61.8
2025-06-12 12:20:00,48.1
2025-06-12 07:49:00,96.1
2025-06-12 01:39:00,46.7
2025-06-12 11:27:00,99.3
2025-06-12 08:31:00,11.7
2025-06-12 07:16:00,38.1
2025-06-12 20:26:00,62.2
2025-06-12 19:48:00,49.660353652861794
2025-06-12 21:32:00,44.3
2025-06-12 16:42:00,55.0
2025-06-12 07:10:00,87.0
2025-06-12 02:39:00,8.9
2025-06-12 23:24:00,75.4
2025-06-12 11:40:00,58.6
2025-06-12 16:28:00,82.9
2025-06-12 15:28:00,24.5
2025-06-12 21:23:00,7.0
2025-06-12 00:14:00,20.4
2025-06-12 21:14:00,57.0
2025-06-12 16:48:00,73.9
2025-06-12 08:08:00,11.7
2025-06-12 07:59:00,86.8
2025-06-12 08:16:00,34.6
2025-06-12 01:25:00,2.0
2025-06-12 03:52:00,33.5
2025-06-12 23:19:00,49.9
2025-06-12 11:51:00,46.4
2025-06-12 18:48:00,7.5
2025-06-12 23:00:00,13.2
2025-06-12 08:35:00,49.660353652861794
2025-06-12 00:20:00,9.8
2025-06-12 20:00:00,58.4
2025-06-12 07:09:00,27.8
2025-06-12 15:47:00,73.4
2025-06-12 01:47:00,66.9
2025-06-12 22:41:00,77.4
2025-06-12 02:57:00,59.3
2025-06-12 10:36:00,7.7
2025-06-12 00:56:00,58.8
2025-06-12 21:43:00,49.660353652861794
2025-06-12 06:32:00,25.7
2025-06-12 16:34:00,98.3
2025-06-12 23:44:00,27.0
2025-06-12 03:49:00,17.2
2025-06-12 05:25:00,44.4
2025-06-12 09:55:00,67.5
2025-06-12 19:48:00,90.0
2025-06-12 10:03:00,55.3
2025-06-12 20:18:00,26.9
2025-06-12 08:03:00,7.4
2025-06-12 01:27:00,54.3
2025-06-12 12:44:00,95.6
2025-06-12 01:33:00,57.7
2025-06-12 22:51:00,53.2
2025-06-12 23:11:00,94.9
2025-06-12 02:22:00,89.8
2025-06-12 02:05:00,45.2
2025-06-12 13:27:00,65.1
2025-06-12 22:01:00,88.1
2025-06-12 18:37:00,32.6
2025-06-12 12:59:00,43.4
2025-06-12 23:03:00,78.3
2025-06-12 15:24:00,44.3
2025-06-12 10:07:00,30.2
2025-06-12 23:17:00,90.8
2025-06-12 07:53:00,81.9
2025-06-12 08:01:00,96.7
2025-06-12 18:17:00,7.7
2025-06-12 22:14:00,49.1
2025-06-12 22:32:00,60.7
2025-06-12 08:29:00,84.6
2025-06-12 13:19:00,81.2
2025-06-12 00:18:00,72.2
2025-06-12 09:37:00,78.7
2025-06-12 04:51:00,43.5
2025-06-12 10:31:00,49.660353652861794
2025-06-12 14:07:00,88.9
2025-06-12 09:56:00,34.1
2025-06-12 09:01:00,77.5
2025-06-12 06:29:00,49.660353652861794
2025-06-12 19:31:00,59.1
2025-06-12 11:14:00,34.0
2025-06-12 14:47:00,34.4
2025-06-12 20:38:00,33.3
2025-06-12 15:24:00,92.4
2025-06-12 09:53:00,61.8
2025-06-12 17:51:00,49.660353652861794
2025-06-12 07:20:00,57.9
2025-06-12 23:55:00,62.5
2025-06-12 04:44:00,88.2
2025-06-12 05:06:00,20.3
2025-06-12 23:27:00,34.3
2025-06-12 08:39:00,50.5
2025-06-12 04:16:00,76.5
2025-06-12 15:59:00,49.660353652861794
2025-06-12 15:33:00,33.8
2025-06-12 01:50:00,30.1
2025-06-12 23:00:00,18.3
2025-06-12 16:46:00,30.7
2025-06-12 20:20:00,22.0
2025-06-12 16:16:00,49.9804001872221
2025-06-12 20:04:00,64.6
2025-06-12 16:13:00,49.9804001872221
2025-06-12 18:00:00,67.9
2025-06-12 02:12:00,30.2
2025-06-12 20:06:00,49.9804001872221
2025-06-12 12:30:00,3.7
2025-06-12 13:07:00,49.9804001872221
2025-06-12 20:27:00,70.2
2025-06-12 08:44:00,17.2
2025-06-12 10:41:00,38.0
2025-06-12 02:58:00,49.9804001872221
2025-06-12 15:30:00,37.2
2025-06-12 14:07:00,10.2
2025-06-12 04:47:00,40.7
2025-06-12 14:07:00,91.2
2025-06-12 01:30:00,19.6
2025-06-12 23:35:00,49.9804001872221
2025-06-12 12:26:00,87.1
2025-06-12 19:04:00,61.7
2025-06-12 14:29:00,23.8
2025-06-12 09:48:00,19.5
2025-06-12 09:58:00,49.9804001872221
2025-06-12 01:33:00,31.8
2025-06-12 03:59:00,49.7
2025-06-12 15:31:00,35.3
2025-06-12 04:19:00,92.6
2025-06-12 21:10:00,49.9804001872221
2025-06-12 18:05:00,64.9
2025-06-12 02:22:00,49.9804001872221
2025-06-12 00:11:00,59.7
2025-06-12 17:01:00,86.8
2025-06-12 15:07:00,88.5
2025-06-12 01:19:00,88.5
2025-06-12 16:47:00,49.9804001872221
2025-06-12 05:36:00,67.0
2025-06-12 00:23:00,58.3
2025-06-12 09:45:00,24.2
2025-06-12 10:55:00,70.6
2025-06-12 13:21:00,49.9804001872221
2025-06-12 10:29:00,0.6
2025-06-12 09:38:00,62.7
2025-06-12 02:44:00,63.5
2025-06-12 17:31:00,28.3
2025-06-12 15:09:00,41.8
2025-06-12 08:41:00,49.9804001872221
2025-06-12 15:12:00,76.7
2025-06-12 07:08:00,43.1
2025-06-12 19:52:00,71.0
2025-06-12 09:15:00,61.4
2025-06-12 11:55:00,38.8
2025-06-12 07:48:00,49.9804001872221
2025-06-12 12:11:00,62.3
2025-06-12 08:41:00,81.6
2025-06-12 12:17:00,63.3
2025-06-12 02:09:00,65.1
2025-06-12 06:44:00,91.6
2025-06-12 08:09:00,1.5
2025-06-12 11:09:00,84.3
2025-06-12 09:51:00,78.3
2025-06-12 12:11:00,51.8
2025-06-12 23:36:00,94.9
2025-06-12 05:33:00,28.0
2025-06-12 02:51:00,90.6
2025-06-12 13:24:00,43.7
2025-06-12 11:02:00,49.9804001872221
2025-06-12 16:16:00,38.4
2025-06-12 00:58:00,8.3
2025-06-12 19:13:00,82.4
2025-06-12 17:29:00,82.9
2025-06-12 03:10:00,69.1
2025-06-12 02:52:00,51.1
2025-06-12 09:45:00,49.9804001872221
2025-06-12 08:04:00,39.0
2025-06-12 11:05:00,15.1
2025-06-12 21:25:00,37.1
2025-06-12 01:07:00,64.1
2025-06-12 18:59:00,43.5
2025-06-12 12:55:00,40.4
2025-06-12 08:33:00,40.4
2025-06-12 21:55:00,65.2
2025-06-12 12:10:00,18.0
2025-06-12 17:27:00,96.4
2025-06-12 10:36:00,91.2
2025-06-12 19:48:00,45.4
2025-06-12 08:24:00,5.2
2025-06-12 15:48:00,59.3
2025-06-12 23:40:00,91.6
2025-06-12 20:14:00,51.8
2025-06-12 02:38:00,17.9
2025-06-12 06:58:00,21.7
2025-06-12 03:47:00,13.1
2025-06-12 16:18:00,49.9804001872221
2025-06-12 03:51:00,60.8
2025-06-12 16:31:00,45.4
2025-06-12 07:03:00,69.6
2025-06-12 00:06:00,46.4
2025-06-12 00:51:00,63.9
2025-06-12 20:08:00,77.6
2025-06-12 12:15:00,75.3
2025-06-12 15:48:00,34.9
2025-06-12 15:33:00,33.9
2025-06-12 07:52:00,49.9804001872221
2025-06-12 03:46:00,52.5
2025-06-12 04:22:00,49.9804001872221
2025-06-12 01:00:00,11.1
2025-06-12 22:49:00,49.9804001872221
2025-06-12 04:20:00,29.1
2025-06-12 09:15:00,37.7
2025-06-12 09:13:00,9.8
2025-06-12 14:31:00,88.0
2025-06-12 19:06:00,50.8
2025-06-12 18:27:00,40.7
2025-06-12 22:48:00,75.6
2025-06-12 00:20:00,54.3
2025-06-12 19:50:00,88.2
2025-06-12 19:37:00,18.7
2025-06-12 07:06:00,65.1
2025-06-12 14:30:00,71.6
2025-06-12 06:06:00,88.6
2025-06-12 06:55:00,34.4
2025-06-12 02:18:00,21.4
2025-06-12 01:02:00,9.3
2025-06-12 05:00:00,84.6
2025-06-12 08:16:00,49.9804001872221
2025-06-12 18:29:00,12.7
2025-06-12 03:55:00,52.9
2025-06-12 10:30:00,41.4
2025-06-12 13:38:00,49.1
2025-06-12 23:49:00,27.8
2025-06-12 08:07:00,86.0
2025-06-12 16:13:00,49.9804001872221
2025-06-12 05:46:00,46.9
2025-06-12 00:30:00,6.4
2025-06-12 06:06:00,49.9804001872221
2025-06-12 18:56:00,76.6
2025-06-12 08:33:00,17.1
2025-06-12 00:28:00,76.7
2025-06-12 13:18:00,49.9804001872221
2025-06-12 05:30:00,45.3
2025-06-12 03:20:00,68.0
2025-06-12 15:54:00,55.9
2025-06-12 06:55:00,49.9804001872221
2025-06-12 21:31:00,49.9804001872221
2025-06-12 11:20:00,64.2
2025-06-12 00:36:00,77.3
2025-06-12 07:38:00,49.9804001872221
2025-06-12 19:45:00,24.5
2025-06-12 03:16:00,55.7
2025-06-12 18:46:00,72.3
2025-06-12 15:34:00,89.3
2025-06-12 14:20:00,49.9804001872221
2025-06-12 21:13:00,24.2
2025-06-12 22:01:00,87.9
2025-06-12 23:06:00,98.5
2025-06-12 12:00:00,14.4
2025-06-12 00:50:00,63.0
2025-06-12 05:07:00,82.8
2025-06-12 02:02:00,82.9
2025-06-12 23:34:00,61.3
2025-06-12 08:56:00,7.7
2025-06-12 08:54:00,78.3
2025-06-12 21:13:00,3.8
2025-06-12 03:57:00,78.6
2025-06-12 13:22:00,86.1
2025-06-12 07:42:00,9.2
2025-06-12 22:30:00,31.0
2025-06-12 04:48:00,79.5
2025-06-12 14:12:00,68.9
2025-06-12 23:40:00,44.7
2025-06-12 11:22:00,93.9
2025-06-12 16:49:00,49.9804001872221
2025-06-12 16:12:00,49.9804001872221
2025-06-12 04:36:00,95.3
2025-06-12 07:49:00,63.3
2025-06-12 10:14:00,0.9
2025-06-12 22:52:00,44.8
2025-06-12 01:05:00,65.9
2025-06-12 19:38:00,65.5
2025-06-12 02:26:00,90.9
2025-06-12 18:58:00,24.5
2025-06-12 06:24:00,46.7
2025-06-12 10:09:00,2.6
2025-06-12 15:49:00,45.7
2025-06-12 18:06:00,12.3
2025-06-12 06:45:00,49.9804001872221
2025-06-12 18:40:00,49.9804001872221
2025-06-12 16:33:00,73.0
2025-06-12 09:27:00,15.5
2025-06-12 02:00:00,1.3
2025-06-12 00:35:00,46.9
2025-06-12 14:43:00,71.1
2025-06-12 08:43:00,13.7
2025-06-12 03:48:00,39.6
2025-06-12 15:26:00,29.9
2025-06-12 08:36:00,22.5
2025-06-12 17:46:00,55.9
2025-06-12 14:40:00,4.7
2025-06-12 06:20:00,87.2
2025-06-12 10:14:00,18.1
2025-06-12 15:17:00,71.2
2025-06-12 15:49:00,92.8
2025-06-12 05:50:00,70.0
2025-06-12 22:30:00,36.6
2025-06-12 07:04:00,16.3
2025-06-12 06:49:00,2.8
2025-06-12 07:20:00,26.7
2025-06-12 15:45:00,65.9
2025-06-12 04:06:00,80.6
2025-06-12 14:33:00,35.2
2025-06-12 13:34:00,89.3
2025-06-12 06:35:00,15.7
2025-06-12 08:29:00,10.4
2025-06-12 11:07:00,85.3
2025-06-12 10:30:00,9.2
2025-06-12 09:26:00,78.8
2025-06-12 22:54:00,81.8
2025-06-12 14:06:00,49.9804001872221
2025-06-12 11:37:00,28.4
2025-06-12 09:48:00,49.9804001872221
2025-06-12 16:48:00,86.8
2025-06-12 02:01:00,6.3
2025-06-12 21:41:00,35.8
2025-06-12 09:18:00,97.2
2025-06-12 19:52:00,19.1
2025-06-12 20:02:00,42.1
2025-06-12 23:43:00,11.9
2025-06-12 03:49:00,94.9
2025-06-12 09:15:00,8.8
2025-06-12 04:45:00,61.3
2025-06-12 23:01:00,64.5
2025-06-12 01:56:00,17.8
2025-06-12 08:07:00,34.3
2025-06-12 09:26:00,49.9804001872221
2025-06-12 03:07:00,56.2
2025-06-12 09:39:00,60.5
2025-06-12 02:47:00,83.1
2025-06-12 23:58:00,51.3
2025-06-12 00:53:00,85.4
2025-06-12 02:37:00,38.5
2025-06-12 17:04:00,12.9
2025-06-12 01:45:00,63.4
2025-06-12 11:51:00,96.9
2025-06-12 16:36:00,33.9
2025-06-12 03:00:00,0.3
2025-06-12 06:53:00,49.9804001872221
2025-06-12 04:35:00,67.1
2025-06-12 03:35:00,47.2
2025-06-12 19:59:00,18.7
2025-06-12 14:50:00,69.6
2025-06-12 19:14:00,65.4
2025-06-12 07:17:00,84.1
2025-06-12 05:59:00,57.8
2025-06-12 18:45:00,49.9804001872221
2025-06-12 21:22:00,50.5
2025-06-12 01:52:00,60.5
2025-06-12 15:48:00,39.3
2025-06-12 23:52:00,49.9804001872221
2025-06-12 02:36:00,82.0
2025-06-12 05:42:00,86.5
2025-06-12 08:24:00,8.0
2025-06-12 13:09:00,21.9
2025-06-12 14:33:00,51.2
2025-06-12 05:47:00,62.3
2025-06-12 04:57:00,49.9804001872221
2025-06-12 15:46:00,34.8
2025-06-12 04:22:00,7.1
2025-06-12 08:41:00,57.0
2025-06-12 10:19:00,49.9804001872221
2025-06-12 19:58:00,11.1
2025-06-12 23:37:00,26.7
2025-06-12 01:21:00,87.7
2025-06-12 20:25:00,18.1
2025-06-12 00:44:00,72.5
2025-06-12 00:00:00,41.2
2025-06-12 11:35:00,91.7
2025-06-12 05:02:00,72.1
2025-06-12 12:57:00,68.2
2025-06-12 15:20:00,32.1
2025-06-12 12:26:00,57.8
2025-06-12 12:12:00,51.1
2025-06-12 11:46:00,32.9
2025-06-12 23:25:00,98.7
2025-06-12 18:09:00,62.4
2025-06-12 11:44:00,47.9
2025-06-12 23:01:00,22.7
2025-06-12 19:55:00,82.8
2025-06-12 12:56:00,29.9
2025-06-12 09:55:00,31.8
2025-06-12 16:52:00,38.6
2025-06-12 00:50:00,48.9
2025-06-12 16:26:00,41.8
2025-06-12 17:23:00,30.6
2025-06-12 13:07:00,53.9
2025-06-12 00:50:00,49.9804001872221
2025-06-12 04:30:00,74.6
2025-06-12 11:37:00,19.2
2025-06-12 14:39:00,43.4
2025-06-12 12:55:00,26.0
2025-06-12 12:43:00,66.4
2025-06-12 19:10:00,76.9
2025-06-12 08:29:00,60.7
2025-06-12 01:54:00,77.4
2025-06-12 17:30:00,49.9804001872221
2025-06-12 03:47:00,17.2
2025-06-12 12:59:00,54.4
2025-06-12 14:33:00,30.3
2025-06-12 14:43:00,29.4
2025-06-12 10:48:00,87.6
2025-06-12 11:32:00,10.6
2025-06-12 15:11:00,49.9804001872221
2025-06-12 20:26:00,3.3
2025-06-12 15:33:00,55.7
2025-06-12 15:27:00,70.0
2025-06-12 11:18:00,49.9804001872221
2025-06-12 17:47:00,11.4
2025-06-12 19:40:00,63.0
2025-06-12 00:14:00,76.3
2025-06-12 08:57:00,5.3
2025-06-12 17:58:00,5.8
2025-06-12 16:25:00,42.2
2025-06-12 03:33:00,49.9804001872221
2025-06-12 15:44:00,92.1
2025-06-12 23:12:00,47.1
2025-06-12 05:17:00,49.9804001872221
2025-06-12 09:19:00,93.5
2025-06-12 12:37:00,30.9
2025-06-12 21:41:00,49.9804001872221
2025-06-12 03:06:00,86.5
2025-06-12 03:29:00,6.7
2025-06-12 18:40:00,21.6
2025-06-12 17:43:00,35.4
2025-06-12 13:26:00,20.2
2025-06-12 01:36:00,49.9804001872221
2025-06-12 19:04:00,71.1
2025-06-12 22:40:00,40.9
2025-06-12 08:38:00,39.3
2025-06-12 08:02:00,8.6
2025-06-12 05:25:00,31.2
2025-06-12 04:38:00,49.9804001872221
2025-06-12 16:33:00,51.1
2025-06-12 22:38:00,13.5
2025-06-12 21:36:00,59.7
2025-06-12 02:21:00,99.4
2025-06-12 02:40:00,52.2
2025-06-12 07:30:00,61.5
2025-06-12 07:29:00,82.5
2025-06-12 04:05:00,73.5
2025-06-12 23:53:00,48.7
2025-06-12 06:13:00,91.1
2025-06-12 16:52:00,62.8
2025-06-12 17:30:00,83.4
2025-06-12 10:37:00,12.1
2025-06-12 10:57:00,71.1
2025-06-12 02:40:00,68.9
2025-06-12 13:32:00,32.3
2025-06-12 00:38:00,37.9
2025-06-12 11:36:00,5.9
2025-06-12 04:28:00,13.0
2025-06-12 10:57:00,19.5
2025-06-12 13:48:00,86.1
2025-06-12 17:52:00,83.0
2025-06-12 06:56:00,49.6
2025-06-12 06:39:00,52.6
2025-06-12 14:14:00,49.659483264826775
2025-06-12 22:04:00,49.659483264826775
2025-06-12 10:04:00,41.4
2025-06-12 18:24:00,49.659483264826775
2025-06-12 10:28:00,45.3
2025-06-12 03:07:00,97.0
2025-06-12 04:09:00,62.5
2025-06-12 20:19:00,49.659483264826775
2025-06-12 05:35:00,52.4
2025-06-12 11:13:00,51.0
2025-06-12 01:12:00,53.5
2025-06-12 08:26:00,12.1
2025-06-12 11:32:00,72.8
2025-06-12 19:21:00,49.659483264826775
2025-06-12 22:35:00,49.659483264826775
2025-06-12 00:20:00,49.659483264826775
2025-06-12 00:34:00,49.659483264826775
2025-06-12 08:55:00,75.8
2025-06-12 02:39:00,0.0
2025-06-12 10:47:00,88.3
2025-06-12 11:55:00,91.2
2025-06-12 20:18:00,77.6
2025-06-12 16:35:00,49.659483264826775
2025-06-12 12:51:00,49.659483264826775
2025-06-12 21:33:00,64.2
2025-06-12 16:50:00,75.0
2025-06-12 03:40:00,80.0
2025-06-12 01:31:00,5.1
2025-06-12 15:45:00,97.2
2025-06-12 15:56:00,65.8
2025-06-12 12:16:00,69.4
2025-06-12 02:23:00,60.8
2025-06-12 01:17:00,96.2
2025-06-12 03:45:00,76.8
2025-06-12 16:27:00,79.2
2025-06-12 07:30:00,77.0
2025-06-12 09:34:00,46.8
2025-06-12 20:09:00,7.1
2025-06-12 05:45:00,2.4
2025-06-12 03:00:00,49.659483264826775
2025-06-12 08:10:00,82.3
2025-06-12 06:16:00,51.6
2025-06-12 06:55:00,82.6
2025-06-12 23:19:00,62.2
2025-06-12 00:24:00,83.4
2025-06-12 08:28:00,92.4
2025-06-12 07:05:00,49.659483264826775
2025-06-12 03:06:00,2.2
2025-06-12 09:02:00,49.659483264826775
2025-06-12 16:45:00,67.0
2025-06-12 20:38:00,49.659483264826775
2025-06-12 08:28:00,54.6
2025-06-12 01:10:00,84.9
2025-06-12 19:10:00,76.0
2025-06-12 06:39:00,31.5
2025-06-12 17:53:00,55.6
2025-06-12 17:16:00,39.9
2025-06-12 06:56:00,55.2
2025-06-12 19:58:00,36.5
2025-06-12 02:59:00,13.7
2025-06-12 13:46:00,10.0
2025-06-12 20:15:00,62.6
2025-06-12 12:45:00,34.2
2025-06-12 23:33:00,49.659483264826775
2025-06-12 02:51:00,32.0
2025-06-12 14:41:00,97.2
2025-06-12 07:28:00,18.3
2025-06-12 17:13:00,63.8
2025-06-12 06:06:00,96.7
2025-06-12 07:25:00,16.3
2025-06-12 14:39:00,31.0
2025-06-12 09:33:00,35.7
2025-06-12 10:18:00,49.659483264826775
2025-06-12 03:14:00,32.3
2025-06-12 23:18:00,49.659483264826775
2025-06-12 13:23:00,26.1
2025-06-12 20:35:00,2.7
2025-06-12 00:56:00,49.659483264826775
2025-06-12 14:44:00,8.5
2025-06-12 07:53:00,98.4
2025-06-12 09:59:00,82.7
2025-06-12 03:26:00,90.9
2025-06-12 03:01:00,80.0
2025-06-12 07:18:00,49.659483264826775
2025-06-12 22:08:00,85.4
2025-06-12 18:10:00,71.4
2025-06-12 12:51:00,74.7
2025-06-12 01:08:00,46.3
2025-06-12 07:32:00,88.0
2025-06-12 18:18:00,49.659483264826775
2025-06-12 09:17:00,49.659483264826775
2025-06-12 14:06:00,86.8
2025-06-12 13:43:00,61.3
2025-06-12 15:05:00,8.0
2025-06-12 10:11:00,74.3
2025-06-12 21:10:00,65.9
2025-06-12 14:59:00,57.8
2025-06-12 09:40:00,50.0
2025-06-12 03:09:00,70.2
2025-06-12 13:35:00,25.6
2025-06-12 02:54:00,52.4
2025-06-12 11:39:00,46.4
2025-06-12 06:53:00,69.8
2025-06-12 13:37:00,23.5
2025-06-12 15:41:00,82.6
2025-06-12 14:35:00,51.5
2025-06-12 17:05:00,36.1
2025-06-12 12:15:00,19.5
2025-06-12 06:28:00,64.0
2025-06-12 07:08:00,94.1
2025-06-12 21:37:00,49.7
2025-06-12 10:33:00,49.659483264826775
2025-06-12 08:23:00,6.4
2025-06-12 12:30:00,2.3
2025-06-12 06:08:00,58.1
2025-06-12 11:31:00,49.659483264826775
2025-06-12 07:07:00,0.2
2025-06-12 12:52:00,79.5
2025-06-12 06:09:00,49.659483264826775
2025-06-12 21:21:00,30.9
2025-06-12 20:56:00,84.6
2025-06-12 12:53:00,62.3
2025-06-12 22:12:00,95.9
2025-06-12 20:17:00,43.2
2025-06-12 09:54:00,73.5
2025-06-12 10:38:00,4.4
2025-06-12 19:17:00,8.0
2025-06-12 16:26:00,49.659483264826775
2025-06-12 13:02:00,49.659483264826775
2025-06-12 17:08:00,31.7
2025-06-12 06:02:00,90.1
2025-06-12 20:55:00,49.659483264826775
2025-06-12 18:50:00,41.6
2025-06-12 01:57:00,42.9
2025-06-12 17:53:00,12.8
2025-06-12 16:11:00,67.1
2025-06-12 21:50:00,54.3
2025-06-12 18:26:00,30.8
2025-06-12 15:54:00,34.3
2025-06-12 17:23:00,37.8
2025-06-12 03:04:00,32.2
2025-06-12 13:06:00,25.3
2025-06-12 20:18:00,90.2
2025-06-12 03:18:00,64.2
2025-06-12 08:03:00,13.1
2025-06-12 19:30:00,49.659483264826775
2025-06-12 01:49:00,71.9
2025-06-12 08:25:00,95.4
2025-06-12 06:19:00,8.0
2025-06-12 17:01:00,49.659483264826775
2025-06-12 10:40:00,19.1
2025-06-12 13:48:00,1.5
2025-06-12 15:06:00,97.6
2025-06-12 08:52:00,99.6
2025-06-12 12:03:00,60.1
2025-06-12 18:57:00,15.4
2025-06-12 17:52:00,0.4
2025-06-12 16:05:00,83.2
2025-06-12 16:24:00,41.3
2025-06-12 16:04:00,49.659483264826775
2025-06-12 00:58:00,84.3
2025-06-12 13:31:00,60.4
2025-06-12 04:52:00,36.6
2025-06-12 18:00:00,51.1
2025-06-12 06:25:00,85.9
2025-06-12 17:52:00,49.659483264826775
2025-06-12 06:02:00,45.5
2025-06-12 05:55:00,14.7
2025-06-12 07:11:00,28.1
2025-06-12 16:43:00,35.3
2025-06-12 11:54:00,95.0
2025-06-12 14:27:00,94.2
2025-06-12 18:13:00,73.0
2025-06-12 10:10:00,38.8
2025-06-12 21:36:00,58.2
2025-06-12 13:07:00,39.2
2025-06-12 02:31:00,56.8
2025-06-12 19:45:00,42.6
2025-06-12 04:27:00,88.2
2025-06-12 16:10:00,55.5
2025-06-12 05:48:00,62.7
2025-06-12 14:39:00,49.659483264826775
2025-06-12 07:05:00,20.6
2025-06-12 21:31:00,49.659483264826775
2025-06-12 02:02:00,51.7
2025-06-12 19:55:00,49.6
2025-06-12 09:49:00,71.6
2025-06-12 03:37:00,47.3
2025-06-12 22:56:00,49.659483264826775
2025-06-12 15:29:00,24.9
2025-06-12 07:46:00,10.6
2025-06-12 18:15:00,18.1
2025-06-12 04:12:00,7.8
2025-06-12 21:12:00,53.6
2025-06-12 07:12:00,96.9
2025-06-12 05:32:00,57.1
2025-06-12 19:35:00,0.9
2025-06-12 05:50:00,49.659483264826775
2025-06-12 09:51:00,9.8
2025-06-12 10:19:00,64.7
2025-06-12 19:50:00,44.2
2025-06-12 16:54:00,54.4
2025-06-12 16:06:00,72.3
2025-06-12 14:49:00,45.2
2025-06-12 02:30:00,81.6
2025-06-12 12:11:00,84.1
2025-06-12 22:07:00,30.3
2025-06-12 08:32:00,72.3
2025-06-12 07:40:00,27.7
2025-06-12 21:04:00,28.0
2025-06-12 05:22:00,81.8
2025-06-12 18:56:00,49.659483264826775
2025-06-12 11:17:00,66.8
2025-06-12 23:41:00,41.2
2025-06-12 22:36:00,49.659483264826775
2025-06-12 17:10:00,49.659483264826775
2025-06-12 01:43:00,44.7
2025-06-12 02:26:00,16.8
2025-06-12 04:36:00,92.8
2025-06-12 14:18:00,1.8
2025-06-12 18:04:00,6.7
2025-06-12 02:24:00,47.5
2025-06-12 22:57:00,58.5
2025-06-12 07:27:00,49.659483264826775
2025-06-12 03:12:00,49.659483264826775
2025-06-12 20:53:00,62.5
2025-06-12 11:41:00,49.659483264826775
2025-06-12 08:28:00,44.9
2025-06-12 16:16:00,49.659483264826775
2025-06-12 07:51:00,33.0
2025-06-12 06:39:00,68.3
2025-06-12 00:24:00,4.5
2025-06-12 01:07:00,32.4
2025-06-12 14:11:00,69.1
2025-06-12 14:46:00,26.1
2025-06-12 18:11:00,44.7
2025-06-12 22:10:00,49.659483264826775
2025-06-12 19:28:00,25.0
2025-06-12 17:09:00,46.8
2025-06-12 03:22:00,55.8
2025-06-12 15:50:00,96.6
2025-06-12 02:58:00,73.8
2025-06-12 16:43:00,49.659483264826775
2025-06-12 08:27:00,96.7
2025-06-12 06:54:00,99.5
2025-06-12 03:52:00,96.1
2025-06-12 22:06:00,67.4
2025-06-12 16:02:00,49.659483264826775
2025-06-12 13:54:00,26.9
2025-06-12 05:27:00,42.8
2025-06-12 00:15:00,40.1
2025-06-12 15:37:00,38.9
2025-06-12 13:31:00,49.659483264826775
2025-06-12 15:07:00,46.1
2025-06-12 05:12:00,82.6
2025-06-12 15:08:00,21.0
2025-06-12 21:30:00,97.3
2025-06-12 11:25:00,76.5
2025-06-12 21:16:00,94.8
2025-06-12 14:40:00,22.4
2025-06-12 17:03:00,70.5
2025-06-12 02:32:00,85.0
2025-06-12 01:56:00,70.7
2025-06-12 04:23:00,25.4
2025-06-12 17:26:00,45.4
2025-06-12 02:38:00,88.8
2025-06-12 07:14:00,26.1
2025-06-12 06:59:00,49.659483264826775
2025-06-12 18:10:00,76.1
2025-06-12 14:25:00,48.2
2025-06-12 19:39:00,72.9
2025-06-12 04:23:00,88.8
2025-06-12 03:16:00,4.8
2025-06-12 14:12:00,62.0
2025-06-12 19:53:00,49.659483264826775
2025-06-12 09:41:00,80.0
2025-06-12 23:40:00,56.1
2025-06-12 14:02:00,54.2
2025-06-12 06:19:00,28.7
2025-06-12 13:02:00,85.3
2025-06-12 15:10:00,6.5
2025-06-12 01:16:00,4.1
2025-06-12 23:36:00,28.5
2025-06-12 21:56:00,39.0
2025-06-12 01:08:00,49.659483264826775
2025-06-12 18:06:00,9.4
2025-06-12 16:51:00,45.1
2025-06-12 05:42:00,31.7
2025-06-12 09:51:00,97.3
2025-06-12 16:15:00,69.8
2025-06-12 02:58:00,25.7
2025-06-12 03:32:00,20.8
2025-06-12 04:39:00,22.6
2025-06-12 05:33:00,40.5
2025-06-12 21:08:00,99.8
2025-06-12 15:46:00,55.9
2025-06-12 02:28:00,49.659483264826775
2025-06-12 05:34:00,73.5
2025-06-12 04:24:00,15.3
2025-06-12 10:20:00,21.4
2025-06-12 12:01:00,33.1
2025-06-12 02:40:00,49.659483264826775
2025-06-12 04:05:00,68.8
2025-06-12 06:36:00,94.1
2025-06-12 04:45:00,45.4
2025-06-12 02:54:00,19.0
2025-06-12 14:48:00,49.732274758880266
2025-06-12 08:48:00,32.3
2025-06-12 20:46:00,89.2
2025-06-12 01:49:00,17.6
2025-06-12 21:46:00,17.8
2025-06-12 06:52:00,81.2
2025-06-12 22:00:00,64.5
2025-06-12 21:32:00,87.5
2025-06-12 05:23:00,49.732274758880266
2025-06-12 12:36:00,19.8
2025-06-12 10:28:00,0.2
2025-06-12 15:18:00,40.5
2025-06-12 18:15:00,17.9
2025-06-12 19:20:00,49.2
2025-06-12 17:13:00,70.8
2025-06-12 04:16:00,14.2
2025-06-12 14:02:00,16.4
2025-06-12 20:50:00,49.732274758880266
2025-06-12 01:04:00,70.5
2025-06-12 13:05:00,62.5
2025-06-12 23:21:00,58.8
2025-06-12 11:26:00,38.1
2025-06-12 16:03:00,91.7
2025-06-12 01:39:00,12.1
2025-06-12 05:11:00,80.2
2025-06-12 07:58:00,42.8
2025-06-12 21:01:00,83.9
2025-06-12 06:22:00,16.6
2025-06-12 19:43:00,10.1
2025-06-12 07:37:00,8.9
2025-06-12 08:36:00,41.5
2025-06-12 16:41:00,49.732274758880266
2025-06-12 13:38:00,49.732274758880266
2025-06-12 18:06:00,49.732274758880266
2025-06-12 11:35:00,72.9
2025-06-12 18:56:00,63.2
2025-06-12 18:17:00,49.732274758880266
2025-06-12 01:03:00,81.7
2025-06-12 09:45:00,49.732274758880266
2025-06-12 01:46:00,42.7
2025-06-12 13:08:00,60.6
2025-06-12 11:12:00,88.5
2025-06-12 01:25:00,49.732274758880266
2025-06-12 12:46:00,55.1
2025-06-12 17:14:00,20.3
2025-06-12 02:30:00,58.4
2025-06-12 23:49:00,12.7
2025-06-12 04:26:00,23.4
2025-06-12 05:58:00,98.8
2025-06-12 21:35:00,73.5
2025-06-12 19:56:00,15.4
2025-06-12 10:14:00,49.732274758880266
2025-06-12 06:28:00,89.6
2025-06-12 13:50:00,49.732274758880266
2025-06-12 14:32:00,46.6
2025-06-12 06:02:00,60.9
2025-06-12 07:14:00,52.8
2025-06-12 07:38:00,95.4
2025-06-12 03:43:00,51.8
2025-06-12 21:18:00,1.1
2025-06-12 16:59:00,94.5
2025-06-12 21:36:00,49.2
2025-06-12 17:40:00,8.8
2025-06-12 14:01:00,14.6
2025-06-12 17:17:00,68.1
2025-06-12 23:03:00,49.732274758880266
2025-06-12 04:20:00,19.8
2025-06-12 05:15:00,92.9
2025-06-12 23:26:00,51.2
2025-06-12 17:24:00,89.8
2025-06-12 13:44:00,49.732274758880266
2025-06-12 16:50:00,99.5
2025-06-12 11:08:00,49.732274758880266
2025-06-12 10:36:00,18.6
2025-06-12 18:31:00,67.7
2025-06-12 10:48:00,49.732274758880266
2025-06-12 08:09:00,62.3
2025-06-12 14:43:00,18.2
2025-06-12 08:05:00,15.6
2025-06-12 04:33:00,51.8
2025-06-12 23:08:00,49.732274758880266
2025-06-12 09:59:00,38.9
2025-06-12 18:28:00,41.7
2025-06-12 05:54:00,44.7
2025-06-12 02:15:00,82.6
2025-06-12 21:58:00,59.9
2025-06-12 18:52:00,75.5
2025-06-12 07:01:00,16.2
2025-06-12 11:39:00,7.9
2025-06-12 19:41:00,85.0
2025-06-12 23:53:00,74.9
2025-06-12 11:53:00,90.4
2025-06-12 13:43:00,49.732274758880266
2025-06-12 15:47:00,6.3
2025-06-12 00:31:00,42.1
2025-06-12 17:40:00,49.732274758880266
2025-06-12 09:40:00,56.4
2025-06-12 21:53:00,70.1
2025-06-12 06:58:00,72.7
2025-06-12 23:10:00,88.8
2025-06-12 01:12:00,46.7
2025-06-12 07:28:00,62.9
2025-06-12 03:40:00,80.0
2025-06-12 18:02:00,49.732274758880266
2025-06-12 13:42:00,52.0
2025-06-12 00:18:00,68.4
2025-06-12 06:58:00,84.9
2025-06-12 18:34:00,32.5
2025-06-12 05:26:00,80.2
2025-06-12 10:28:00,43.8
2025-06-12 11:16:00,48.4
2025-06-12 21:26:00,80.0
2025-06-12 02:08:00,66.3
2025-06-12 00:52:00,48.0
2025-06-12 15:50:00,19.9
2025-06-12 08:34:00,61.7
2025-06-12 17:44:00,82.9
2025-06-12 10:26:00,8.2
2025-06-12 11:18:00,64.1
2025-06-12 09:21:00,66.7
2025-06-12 08:02:00,43.4
2025-06-12 00:25:00,25.2
2025-06-12 02:02:00,49.732274758880266
2025-06-12 16:22:00,17.0
2025-06-12 06:44:00,7.7
2025-06-12 19:09:00,76.6
2025-06-12 13:19:00,49.732274758880266
2025-06-12 10:49:00,48.5
2025-06-12 20:14:00,30.5
2025-06-12 03:00:00,43.1
2025-06-12 05:24:00,63.5
2025-06-12 18:41:00,76.4
2025-06-12 07:20:00,50.8
2025-06-12 04:07:00,31.1
2025-06-12 02:07:00,63.4
2025-06-12 08:21:00,37.4
2025-06-12 13:29:00,76.8
2025-06-12 14:46:00,66.6
2025-06-12 22:18:00,48.2
2025-06-12 18:05:00,96.6
2025-06-12 03:32:00,49.732274758880266
2025-06-12 11:32:00,46.0
2025-06-12 18:25:00,60.2
2025-06-12 20:10:00,55.9
2025-06-12 04:36:00,6.6
2025-06-12 19:09:00,24.8
2025-06-12 02:54:00,49.732274758880266
2025-06-12 16:21:00,11.9
2025-06-12 19:29:00,42.8
2025-06-12 08:05:00,42.0
2025-06-12 10:17:00,48.0
2025-06-12 12:48:00,71.6
2025-06-12 03:33:00,11.5
2025-06-12 20:53:00,49.732274758880266
2025-06-12 18:26:00,7.5
2025-06-12 23:00:00,93.5
2025-06-12 11:57:00,7.1
2025-06-12 20:48:00,37.1
2025-06-12 15:42:00,54.5
2025-06-12 03:34:00,21.0
2025-06-12 19:04:00,54.5
2025-06-12 15:14:00,31.4
2025-06-12 14:30:00,94.2
2025-06-12 17:35:00,93.5
2025-06-12 00:25:00,49.732274758880266
2025-06-12 22:18:00,75.1
2025-06-12 01:08:00,15.2
2025-06-12 15:42:00,63.0
2025-06-12 04:25:00,49.732274758880266
2025-06-12 10:21:00,30.3
2025-06-12 02:55:00,49.732274758880266
2025-06-12 04:29:00,86.2
2025-06-12 03:58:00,12.6
2025-06-12 00:27:00,89.4
2025-06-12 16:49:00,90.0
2025-06-12 07:08:00,42.8
2025-06-12 05:46:00,49.732274758880266
2025-06-12 18:20:00,59.3
2025-06-12 01:16:00,49.732274758880266
2025-06-12 16:22:00,47.9
2025-06-12 13:21:00,25.5
2025-06-12 02:16:00,80.6
2025-06-12 16:14:00,44.3
2025-06-12 06:28:00,7.8
2025-06-12 15:03:00,42.7
2025-06-12 15:26:00,63.1
2025-06-12 11:39:00,30.0
2025-06-12 20:17:00,49.732274758880266
2025-06-12 08:52:00,76.5
2025-06-12 12:12:00,76.1
2025-06-12 12:48:00,65.9
2025-06-12 07:54:00,39.8
2025-06-12 10:59:00,63.6
2025-06-12 20:24:00,97.9
2025-06-12 22:19:00,37.9
2025-06-12 18:32:00,57.6
2025-06-12 12:56:00,33.8
2025-06-12 17:07:00,49.732274758880266
2025-06-12 21:22:00,3.3
2025-06-12 03:54:00,76.1
2025-06-12 17:42:00,58.6
2025-06-12 18:54:00,30.1
2025-06-12 01:20:00,39.2
2025-06-12 22:21:00,10.4
2025-06-12 10:49:00,70.5
2025-06-12 21:24:00,15.1
2025-06-12 06:32:00,79.1
2025-06-12 23:58:00,77.5
2025-06-12 00:36:00,49.732274758880266
2025-06-12 06:45:00,43.7
2025-06-12 14:20:00,0.3
2025-06-12 15:32:00,40.1
2025-06-12 11:58:00,49.732274758880266
2025-06-12 10:24:00,49.732274758880266
2025-06-12 13:15:00,76.8
2025-06-12 04:23:00,10.5
2025-06-12 23:29:00,60.8
2025-06-12 22:23:00,7.5
2025-06-12 12:53:00,34.9
2025-06-12 21:00:00,81.9
2025-06-12 19:07:00,12.5
2025-06-12 22:14:00,15.8
2025-06-12 20:27:00,51.2
2025-06-12 16:49:00,42.9
2025-06-12 10:29:00,45.2
2025-06-12 15:58:00,52.6
2025-06-12 17:56:00,49.732274758880266
2025-06-12 21:18:00,24.2
2025-06-12 04:49:00,58.9
2025-06-12 06:54:00,94.1
2025-06-12 21:27:00,79.8
2025-06-12 09:28:00,31.2
2025-06-12 20:14:00,68.2
2025-06-12 08:19:00,57.5
2025-06-12 06:30:00,49.732274758880266
2025-06-12 18:46:00,49.732274758880266
2025-06-12 06:05:00,49.732274758880266
2025-06-12 10:31:00,49.732274758880266
2025-06-12 18:19:00,52.0
2025-06-12 23:19:00,47.5
2025-06-12 10:45:00,49.732274758880266
2025-06-12 12:31:00,49.732274758880266
2025-06-12 13:06:00,4.6
2025-06-12 08:54:00,76.1
2025-06-12 10:02:00,33.2
2025-06-12 08:38:00,49.4
2025-06-12 08:45:00,97.3
2025-06-12 07:37:00,70.9
2025-06-12 16:35:00,15.6
2025-06-12 22:14:00,5.9
2025-06-12 00:36:00,96.3
2025-06-12 00:21:00,90.3
2025-06-12 12:11:00,36.8
2025-06-12 06:35:00,30.3
2025-06-12 21:37:00,83.7
2025-06-12 21:52:00,32.5
2025-06-12 05:14:00,71.1
2025-06-12 04:35:00,67.1
2025-06-12 09:51:00,87.9
2025-06-12 18:48:00,5.4
2025-06-12 11:17:00,74.2
2025-06-12 16:28:00,89.4
2025-06-12 21:45:00,31.5
2025-06-12 23:58:00,37.5
2025-06-12 17:31:00,97.5
2025-06-12 15:46:00,64.7
2025-06-12 09:51:00,70.5
2025-06-12 15:08:00,43.0
2025-06-12 12:36:00,28.4
2025-06-12 21:26:00,23.0
2025-06-12 15:28:00,42.7
2025-06-12 16:40:00,49.732274758880266
2025-06-12 10:44:00,22.6
2025-06-12 21:10:00,12.2
2025-06-12 06:58:00,52.3
2025-06-12 05:24:00,32.0
2025-06-12 08:18:00,49.6
2025-06-12 07:22:00,29.2
2025-06-12 16:09:00,78.6
2025-06-12 08:45:00,10.6
2025-06-12 21:13:00,69.1
2025-06-12 13:16:00,42.7
2025-06-12 16:07:00,1.4
2025-06-12 22:13:00,99.2
2025-06-12 19:36:00,34.0
2025-06-12 02:39:00,56.3
2025-06-12 22:00:00,57.4
2025-06-12 02:52:00,56.1
2025-06-12 17:07:00,42.0
2025-06-12 00:37:00,73.4
2025-06-12 03:33:00,13.5
2025-06-12 19:40:00,49.732274758880266
2025-06-12 15:35:00,85.5
2025-06-12 15:29:00,49.732274758880266
2025-06-12 11:40:00,49.732274758880266
2025-06-12 02:23:00,2.9
2025-06-12 04:05:00,97.7
2025-06-12 21:34:00,49.732274758880266
2025-06-12 17:57:00,49.732274758880266
2025-06-12 15:10:00,34.7
2025-06-12 08:29:00,58.2
2025-06-12 06:28:00,49.732274758880266
2025-06-12 17:23:00,71.7
2025-06-12 03:15:00,98.6
2025-06-12 11:45:00,16.1
2025-06-12 13:32:00,82.6
2025-06-12 18:20:00,11.4
2025-06-12 22:07:00,43.0
2025-06-12 02:06:00,8.9
2025-06-12 15:31:00,88.5
2025-06-12 03:04:00,81.7
2025-06-12 23:03:00,21.6
2025-06-12 14:01:00,53.6
2025-06-12 08:26:00,68.8
2025-06-12 08:12:00,58.8
2025-06-12 02:45:00,55.5
2025-06-12 19:45:00,28.0
2025-06-12 02:53:00,49.732274758880266
2025-06-12 02:35:00,12.6
2025-06-12 19:22:00,2.9
2025-06-12 20:03:00,6.6
2025-06-12 19:31:00,49.38053801169591
2025-06-12 08:09:00,72.3
2025-06-12 07:43:00,49.38053801169591
2025-06-12 11:24:00,4.0
2025-06-12 12:11:00,49.38053801169591
2025-06-12 13:07:00,32.7
2025-06-12 01:01:00,88.7
2025-06-12 22:13:00,10.3
2025-06-12 11:22:00,73.3
2025-06-12 19:52:00,24.8
2025-06-12 15:58:00,81.5
2025-06-12 16:44:00,70.8
2025-06-12 21:48:00,99.5
2025-06-12 11:58:00,19.6
2025-06-12 15:44:00,17.3
2025-06-12 01:09:00,87.9
2025-06-12 10:42:00,70.9
2025-06-12 02:11:00,5.4
2025-06-12 09:34:00,82.0
2025-06-12 02:52:00,1.3
2025-06-12 09:28:00,52.3
2025-06-12 15:01:00,82.6
2025-06-12 21:52:00,64.7
2025-06-12 09:45:00,64.0
2025-06-12 15:06:00,49.38053801169591
2025-06-12 23:32:00,17.5
2025-06-12 02:31:00,58.7
2025-06-12 23:43:00,96.8
2025-06-12 02:06:00,14.2
2025-06-12 19:21:00,45.4
2025-06-12 20:23:00,33.7
2025-06-12 17:21:00,49.38053801169591
2025-06-12 05:55:00,32.7
2025-06-12 01:09:00,86.7
2025-06-12 20:25:00,33.2
2025-06-12 12:43:00,14.4
2025-06-12 05:29:00,17.4
2025-06-12 18:21:00,36.2
2025-06-12 16:17:00,24.5
2025-06-12 17:37:00,41.8
2025-06-12 19:25:00,84.4
2025-06-12 22:18:00,54.8
2025-06-12 21:11:00,42.4
2025-06-12 05:48:00,67.2
2025-06-12 10:27:00,15.3
2025-06-12 04:27:00,84.6
2025-06-12 07:19:00,96.1
2025-06-12 02:57:00,73.3
2025-06-12 23:36:00,36.9
2025-06-12 17:57:00,15.8
2025-06-12 05:59:00,71.0
2025-06-12 20:55:00,95.4
2025-06-12 08:12:00,85.4
2025-06-12 19:33:00,50.9
2025-06-12 04:28:00,55.7
2025-06-12 14:48:00,97.4
2025-06-12 13:23:00,50.2
2025-06-12 11:11:00,63.5
2025-06-12 23:37:00,56.1
2025-06-12 01:32:00,8.8
2025-06-12 03:05:00,69.9
2025-06-12 03:56:00,14.0
2025-06-12 23:38:00,49.38053801169591
2025-06-12 12:34:00,9.4
2025-06-12 16:30:00,86.8
2025-06-12 16:57:00,49.38053801169591
2025-06-12 15:15:00,76.4
2025-06-12 12:22:00,14.5
2025-06-12 18:57:00,45.8
2025-06-12 23:36:00,19.4
2025-06-12 12:40:00,49.38053801169591
2025-06-12 20:42:00,29.8
2025-06-12 11:22:00,84.0
2025-06-12 19:03:00,44.2
2025-06-12 13:12:00,14.2
2025-06-12 18:09:00,49.5
2025-06-12 08:00:00,33.3
2025-06-12 05:54:00,78.1
2025-06-12 19:17:00,36.6
2025-06-12 08:44:00,29.1
2025-06-12 06:06:00,6.9
2025-06-12 03:48:00,92.9
2025-06-12 20:45:00,83.9
2025-06-12 21:47:00,71.2
2025-06-12 10:50:00,49.38053801169591
2025-06-12 23:07:00,22.5
2025-06-12 20:16:00,75.9
2025-06-12 21:54:00,49.38053801169591
2025-06-12 16:44:00,41.6
2025-06-12 11:57:00,75.0
2025-06-12 02:40:00,49.38053801169591
2025-06-12 19:08:00,20.3
2025-06-12 02:54:00,9.7
2025-06-12 06:00:00,89.1
2025-06-12 14:41:00,25.4
2025-06-12 21:15:00,45.0
2025-06-12 19:37:00,15.4
2025-06-12 17:28:00,49.38053801169591
2025-06-12 15:11:00,46.3
2025-06-12 13:35:00,8.6
2025-06-12 17:17:00,82.4
2025-06-12 18:53:00,4.4
2025-06-12 10:46:00,44.2
2025-06-12 20:50:00,49.38053801169591
2025-06-12 22:12:00,74.2
2025-06-12 17:35:00,47.1
2025-06-12 07:01:00,49.38053801169591
2025-06-12 07:11:00,63.2
2025-06-12 17:31:00,52.8
2025-06-12 06:51:00,49.38053801169591
2025-06-12 21:46:00,49.38053801169591
2025-06-12 20:44:00,49.38053801169591
2025-06-12 01:28:00,49.38053801169591
2025-06-12 18:16:00,33.3
2025-06-12 00:15:00,49.38053801169591
2025-06-12 13:12:00,68.1
2025-06-12 13:39:00,86.1
2025-06-12 17:46:00,52.3
2025-06-12 16:43:00,98.0
2025-06-12 12:54:00,49.38053801169591
2025-06-12 05:58:00,79.2
2025-06-12 09:52:00,49.38053801169591
2025-06-12 12:32:00,25.8
2025-06-12 14:08:00,49.2
2025-06-12 04:00:00,49.38053801169591
2025-06-12 14:21:00,49.38053801169591
2025-06-12 11:45:00,49.38053801169591
2025-06-12 08:51:00,75.0
2025-06-12 08:06:00,73.7
2025-06-12 22:27:00,80.7
2025-06-12 00:29:00,67.4
2025-06-12 19:36:00,88.7
2025-06-12 16:45:00,42.5
2025-06-12 14:17:00,59.6
2025-06-12 22:55:00,69.3
2025-06-12 14:51:00,50.0
2025-06-12 16:17:00,54.7
2025-06-12 11:46:00,49.38053801169591
2025-06-12 01:10:00,49.1
2025-06-12 08:54:00,17.5
2025-06-12 07:06:00,97.2
2025-06-12 06:33:00,3.0
2025-06-12 16:24:00,52.2
2025-06-12 14:25:00,87.9
2025-06-12 14:24:00,76.2
2025-06-12 10:27:00,68.6
2025-06-12 23:29:00,57.7
2025-06-12 16:31:00,82.3
2025-06-12 08:45:00,49.38053801169591
2025-06-12 22:39:00,74.3
2025-06-12 05:04:00,4.6
2025-06-12 15:57:00,13.3
2025-06-12 14:26:00,30.7
2025-06-12 14:23:00,17.3
2025-06-12 23:41:00,29.3
2025-06-12 14:19:00,49.38053801169591
2025-06-12 23:12:00,84.4
2025-06-12 05:08:00,87.9
2025-06-12 16:26:00,21.0
2025-06-12 08:29:00,23.9
2025-06-12 05:23:00,29.0
2025-06-12 02:36:00,49.38053801169591
2025-06-12 17:32:00,26.2
2025-06-12 14:11:00,92.0
2025-06-12 09:55:00,96.5
2025-06-12 11:00:00,37.5
2025-06-12 10:32:00,60.7
2025-06-12 16:51:00,96.6
2025-06-12 08:22:00,2.2
2025-06-12 10:18:00,37.7
2025-06-12 13:30:00,14.5
2025-06-12 11:00:00,79.6
2025-06-12 13:02:00,32.2
2025-06-12 21:32:00,77.8
2025-06-12 01:31:00,47.5
2025-06-12 07:49:00,18.2
2025-06-12 10:09:00,94.2
2025-06-12 15:28:00,53.5
2025-06-12 05:15:00,93.9
2025-06-12 02:02:00,7.2
2025-06-12 16:34:00,37.7
2025-06-12 18:06:00,42.9
2025-06-12 12:23:00,53.4
2025-06-12 06:40:00,61.9
2025-06-12 01:05:00,46.7
2025-06-12 22:35:00,40.7
2025-06-12 12:27:00,59.5
2025-06-12 08:28:00,13.1
2025-06-12 21:54:00,28.2
2025-06-12 20:57:00,59.5
2025-06-12 10:08:00,46.6
2025-06-12 18:22:00,84.5
2025-06-12 13:52:00,48.8
2025-06-12 00:16:00,39.5
2025-06-12 05:18:00,4.5
2025-06-12 20:21:00,16.6
2025-06-12 19:15:00,49.38053801169591
2025-06-12 09:49:00,32.2
2025-06-12 07:31:00,90.5
2025-06-12 15:34:00,27.7
2025-06-12 17:52:00,77.0
2025-06-12 19:24:00,1.7
2025-06-12 19:47:00,58.1
2025-06-12 15:21:00,47.2
2025-06-12 04:39:00,60.9
2025-06-12 21:15:00,68.7
2025-06-12 03:06:00,23.8
2025-06-12 23:54:00,0.6
2025-06-12 20:28:00,24.1
2025-06-12 19:17:00,49.38053801169591
2025-06-12 00:28:00,40.3
2025-06-12 21:14:00,67.6
2025-06-12 05:56:00,49.38053801169591
2025-06-12 09:57:00,27.1
2025-06-12 03:48:00,4.4
2025-06-12 22:01:00,90.9
2025-06-12 18:27:00,0.4
2025-06-12 14:07:00,18.3
2025-06-12 19:58:00,49.38053801169591
2025-06-12 08:02:00,69.4
2025-06-12 03:57:00,77.7
2025-06-12 22:36:00,86.3
2025-06-12 20:09:00,25.0
2025-06-12 12:21:00,62.9
2025-06-12 06:03:00,8.0
2025-06-12 20:47:00,27.2
2025-06-12 07:42:00,88.4
2025-06-12 04:26:00,11.9
2025-06-12 09:46:00,90.5
2025-06-12 11:19:00,94.0
2025-06-12 05:06:00,21.3
2025-06-12 01:54:00,64.4
2025-06-12 18:11:00,83.8
2025-06-12 03:51:00,68.3
2025-06-12 21:12:00,76.8
2025-06-12 07:03:00,22.4
2025-06-12 10:49:00,1.4
2025-06-12 00:06:00,4.3
2025-06-12 02:49:00,39.6
2025-06-12 23:27:00,0.9
2025-06-12 14:41:00,75.3
2025-06-12 12:01:00,27.9
2025-06-12 03:56:00,55.5
2025-06-12 02:31:00,40.3
2025-06-12 10:36:00,42.4
2025-06-12 02:52:00,56.9
2025-06-12 11:16:00,49.38053801169591
2025-06-12 19:11:00,79.9
2025-06-12 16:33:00,49.38053801169591
2025-06-12 18:17:00,56.7
2025-06-12 16:29:00,49.38053801169591
2025-06-12 01:27:00,42.0
2025-06-12 17:08:00,23.7
2025-06-12 09:59:00,78.1
2025-06-12 13:11:00,67.3
2025-06-12 14:27:00,50.7
2025-06-12 04:42:00,9.3
2025-06-12 18:01:00,52.6
2025-06-12 08:52:00,43.6
2025-06-12 07:42:00,47.9
2025-06-12 03:00:00,37.5
2025-06-12 11:17:00,29.3
2025-06-12 15:12:00,30.4
2025-06-12 10:30:00,62.5
2025-06-12 02:49:00,55.5
2025-06-12 20:29:00,87.9
2025-06-12 05:30:00,87.8
2025-06-12 18:00:00,94.5
2025-06-12 15:12:00,28.7
2025-06-12 01:18:00,59.3
2025-06-12 08:16:00,22.1
2025-06-12 02:52:00,0.2
2025-06-12 09:53:00,49.38053801169591
2025-06-12 23:48:00,98.7
2025-06-12 03:57:00,73.8
2025-06-12 19:20:00,49.38053801169591
2025-06-12 01:43:00,44.7
2025-06-12 03:24:00,66.0
2025-06-12 07:05:00,22.7
2025-06-12 02:43:00,17.5
2025-06-12 12:44:00,49.38053801169591
2025-06-12 22:20:00,71.5
2025-06-12 07:32:00,50.4
2025-06-12 20:45:00,49.38053801169591
2025-06-12 19:24:00,85.0
2025-06-12 04:31:00,80.3
2025-06-12 08:20:00,88.9
2025-06-12 07:12:00,51.0
2025-06-12 04:20:00,39.6
2025-06-12 17:45:00,49.38053801169591
2025-06-12 05:35:00,11.3
2025-06-12 00:51:00,86.0
2025-06-12 21:06:00,33.0
2025-06-12 05:12:00,63.0
2025-06-12 07:17:00,7.2
2025-06-12 15:47:00,6.8
2025-06-12 11:59:00,39.7
2025-06-12 05:31:00,1.7
2025-06-12 11:13:00,55.8
2025-06-12 16:42:00,49.38053801169591
2025-06-12 19:01:00,22.3
2025-06-12 03:41:00,32.0
2025-06-12 14:01:00,85.0
2025-06-12 14:52:00,39.4
2025-06-12 14:13:00,49.38053801169591
2025-06-12 01:49:00,49.38053801169591
2025-06-12 12:02:00,81.6
2025-06-12 16:52:00,79.6
2025-06-12 04:06:00,98.0
2025-06-12 19:59:00,7.6
2025-06-12 22:59:00,49.38053801169591
2025-06-12 03:40:00,49.38053801169591
2025-06-12 09:09:00,17.0
2025-06-12 05:52:00,31.4
2025-06-12 00:11:00,99.0
2025-06-12 20:55:00,39.2
2025-06-12 00:25:00,92.0
2025-06-12 19:15:00,4.3
2025-06-12 14:54:00,85.4
2025-06-12 18:45:00,52.2
2025-06-12 12:33:00,41.1
2025-06-12 17:55:00,26.4
2025-06-12 15:50:00,2.0
2025-06-12 01:56:00,63.5
2025-06-12 18:44:00,19.3
2025-06-12 23:24:00,28.3
2025-06-12 19:09:00,44.4
2025-06-12 17:57:00,88.1
2025-06-12 16:12:00,49.38053801169591
2025-06-12 15:16:00,46.6
2025-06-12 05:11:00,44.4
2025-06-12 01:03:00,0.9
2025-06-12 23:30:00,44.6
2025-06-12 05:50:00,0.7
2025-06-12 20:57:00,66.1
2025-06-12 13:06:00,17.6
2025-06-12 18:07:00,83.8
2025-06-12 10:51:00,80.2
2025-06-12 13:52:00,31.7
2025-06-12 07:00:00,78.2
2025-06-12 07:58:00,24.6
2025-06-12 12:31:00,73.4
2025-06-12 08:36:00,25.3
2025-06-12 08:06:00,70.0
2025-06-12 22:35:00,49.38053801169591
2025-06-12 08:33:00,70.7
2025-06-12 06:51:00,52.2
2025-06-12 23:39:00,50.4
2025-06-12 12:21:00,63.8
2025-06-12 01:37:00,7.3
2025-06-12 00:26:00,84.9
2025-06-12 09:52:00,78.5
2025-06-12 17:47:00,61.1
2025-06-12 07:31:00,20.0
2025-06-12 11:45:00,57.0
2025-06-12 07:42:00,95.9
2025-06-12 20:53:00,57.5
2025-06-12 22:03:00,26.6
2025-06-12 05:48:00,0.8
2025-06-12 05:46:00,65.3
2025-06-12 11:03:00,92.4
2025-06-12 05:04:00,49.594186729301235
2025-06-12 07:59:00,26.3
2025-06-12 19:51:00,49.594186729301235
2025-06-12 00:54:00,99.5
2025-06-12 17:48:00,56.9
2025-06-12 21:11:00,38.5
2025-06-12 09:42:00,59.9
2025-06-12 16:14:00,14.1
2025-06-12 02:21:00,14.9
2025-06-12 19:41:00,77.3
2025-06-12 08:08:00,66.0
2025-06-12 13:29:00,49.594186729301235
2025-06-12 03:44:00,40.5
2025-06-12 02:40:00,79.6
2025-06-12 01:41:00,25.0
2025-06-12 11:59:00,43.8
2025-06-12 03:26:00,61.6
2025-06-12 06:37:00,48.5
2025-06-12 22:10:00,44.7
2025-06-12 07:50:00,39.3
2025-06-12 23:24:00,24.5
2025-06-12 23:04:00,32.1
2025-06-12 16:16:00,17.3
2025-06-12 04:13:00,56.7
2025-06-12 08:00:00,49.594186729301235
2025-06-12 11:17:00,86.9
2025-06-12 13:05:00,49.594186729301235
2025-06-12 19:05:00,14.4
2025-06-12 13:21:00,60.9
2025-06-12 14:51:00,15.4
2025-06-12 17:35:00,64.6
2025-06-12 13:24:00,85.7
2025-06-12 10:44:00,61.6
2025-06-12 22:11:00,76.2
2025-06-12 21:15:00,12.9
2025-06-12 10:52:00,69.3
2025-06-12 04:59:00,49.594186729301235
2025-06-12 10:35:00,52.4
2025-06-12 07:45:00,72.2
2025-06-12 19:04:00,54.4
2025-06-12 04:59:00,5.8
2025-06-12 07:01:00,54.7
2025-06-12 23:36:00,70.8
2025-06-12 17:38:00,49.594186729301235
2025-06-12 10:26:00,49.594186729301235
2025-06-12 05:32:00,49.594186729301235
2025-06-12 09:27:00,93.0
2025-06-12 10:39:00,66.9
2025-06-12 16:55:00,28.3
2025-06-12 17:27:00,63.4
2025-06-12 14:46:00,0.9
2025-06-12 14:43:00,60.4
2025-06-12 15:15:00,13.2
2025-06-12 20:00:00,66.4
2025-06-12 10:50:00,71.5
2025-06-12 10:47:00,87.6
2025-06-12 02:13:00,44.5
2025-06-12 01:28:00,64.9
2025-06-12 23:31:00,1.7
2025-06-12 16:01:00,26.7
2025-06-12 03:13:00,28.4
2025-06-12 01:52:00,49.594186729301235
2025-06-12 02:56:00,1.6
2025-06-12 13:51:00,86.3
2025-06-12 23:33:00,9.4
2025-06-12 19:41:00,87.5
2025-06-12 16:58:00,14.2
2025-06-12 15:54:00,92.4
2025-06-12 11:38:00,11.7
2025-06-12 09:58:00,49.594186729301235
2025-06-12 21:28:00,32.4
2025-06-12 22:05:00,49.594186729301235
2025-06-12 03:42:00,49.594186729301235
2025-06-12 17:46:00,43.5
2025-06-12 12:07:00,67.8
2025-06-12 14:08:00,49.594186729301235
2025-06-12 08:52:00,50.9
2025-06-12 06:59:00,0.8
2025-06-12 21:27:00,5.2
2025-06-12 09:45:00,49.594186729301235
2025-06-12 08:03:00,49.594186729301235
2025-06-12 17:33:00,49.594186729301235
2025-06-12 02:11:00,64.3
2025-06-12 23:09:00,96.1
2025-06-12 02:18:00,0.5
2025-06-12 16:24:00,62.2
2025-06-12 00:10:00,41.4
2025-06-12 06:54:00,1.5
2025-06-12 05:22:00,49.594186729301235
2025-06-12 23:52:00,90.8
2025-06-12 00:16:00,72.5
2025-06-12 02:58:00,81.1
2025-06-12 05:19:00,56.4
2025-06-12 11:54:00,50.5
2025-06-12 08:18:00,80.6
2025-06-12 22:29:00,74.3
2025-06-12 01:57:00,83.1
2025-06-12 09:05:00,49.594186729301235
2025-06-12 09:49:00,48.7
2025-06-12 10:59:00,49.4
2025-06-12 00:11:00,23.2
2025-06-12 13:30:00,32.1
2025-06-12 12:01:00,99.6
2025-06-12 22:54:00,78.3
2025-06-12 02:37:00,2.7
2025-06-12 06:02:00,7.0
2025-06-12 22:38:00,27.8
2025-06-12 03:14:00,82.4
2025-06-12 22:37:00,49.594186729301235
2025-06-12 10:14:00,21.3
2025-06-12 14:39:00,91.9
2025-06-12 09:43:00,36.8
2025-06-12 07:36:00,26.7
2025-06-12 16:39:00,60.6
2025-06-12 04:30:00,55.9
2025-06-12 10:22:00,10.7
2025-06-12 05:22:00,81.0
2025-06-12 15:29:00,50.3
2025-06-12 21:17:00,79.0
2025-06-12 07:23:00,20.0
2025-06-12 02:52:00,71.6
2025-06-12 11:02:00,49.594186729301235
2025-06-12 18:24:00,86.3
2025-06-12 00:21:00,39.1
2025-06-12 19:46:00,54.8
2025-06-12 07:09:00,18.4
2025-06-12 04:45:00,95.4
2025-06-12 10:55:00,42.3
2025-06-12 03:27:00,17.6
2025-06-12 06:01:00,12.8
2025-06-12 13:02:00,49.594186729301235
2025-06-12 21:34:00,5.3
2025-06-12 13:18:00,88.5
2025-06-12 00:08:00,72.2
2025-06-12 14:30:00,49.594186729301235
2025-06-12 02:02:00,18.3
2025-06-12 00:33:00,43.6
2025-06-12 00:23:00,1.4
2025-06-12 12:14:00,54.3
2025-06-12 11:55:00,65.9
2025-06-12 19:56:00,18.0
2025-06-12 13:28:00,49.594186729301235
2025-06-12 00:43:00,63.9
2025-06-12 15:06:00,35.9
2025-06-12 03:57:00,38.2
2025-06-12 02:43:00,7.7
2025-06-12 08:54:00,77.0
2025-06-12 10:51:00,49.594186729301235
2025-06-12 11:38:00,38.8
2025-06-12 21:23:00,90.4
2025-06-12 02:03:00,55.0
2025-06-12 02:02:00,3.9
2025-06-12 04:58:00,49.594186729301235
2025-06-12 17:00:00,8.2
2025-06-12 20:26:00,70.9
2025-06-12 19:49:00,57.5
2025-06-12 14:50:00,8.6
2025-06-12 22:29:00,53.8
2025-06-12 14:56:00,24.7
2025-06-12 18:35:00,24.3
2025-06-12 01:04:00,66.4
2025-06-12 00:08:00,69.2
2025-06-12 02:08:00,62.9
2025-06-12 19:51:00,56.7
2025-06-12 21:42:00,93.1
2025-06-12 10:45:00,87.6
2025-06-12 05:55:00,23.6
2025-06-12 13:03:00,68.8
2025-06-12 16:08:00,66.3
2025-06-12 04:04:00,63.8
2025-06-12 00:37:00,66.7
2025-06-12 09:45:00,49.594186729301235
2025-06-12 02:29:00,88.5
2025-06-12 08:47:00,49.594186729301235
2025-06-12 14:25:00,40.4
2025-06-12 20:06:00,76.4
2025-06-12 04:52:00,52.5
2025-06-12 17:30:00,82.1
2025-06-12 23:24:00,87.0
2025-06-12 16:56:00,31.6
2025-06-12 20:29:00,33.5
2025-06-12 00:51:00,90.9
2025-06-12 06:53:00,51.1
2025-06-12 06:48:00,64.4
2025-06-12 15:01:00,25.8
2025-06-12 08:32:00,20.2
2025-06-12 13:14:00,37.8
2025-06-12 19:34:00,4.4
2025-06-12 20:57:00,12.6
2025-06-12 04:39:00,49.594186729301235
2025-06-12 23:12:00,6.1
2025-06-12 01:54:00,98.1
2025-06-12 23:14:00,6.6
2025-06-12 17:18:00,49.594186729301235
2025-06-12 19:07:00,34.4
2025-06-12 20:32:00,76.6
2025-06-12 07:10:00,81.5
2025-06-12 09:35:00,63.2
2025-06-12 00:16:00,75.6
2025-06-12 01:49:00,31.2
2025-06-12 21:26:00,49.594186729301235
2025-06-12 11:36:00,15.2
2025-06-12 11:31:00,91.9
2025-06-12 20:36:00,1.4
2025-06-12 14:49:00,66.3
2025-06-12 16:48:00,78.8
2025-06-12 18:08:00,87.7
2025-06-12 02:17:00,49.594186729301235
2025-06-12 14:46:00,15.1
2025-06-12 06:17:00,54.3
2025-06-12 15:30:00,87.8
2025-06-12 01:20:00,79.4
2025-06-12 21:44:00,55.6
2025-06-12 02:15:00,99.9
2025-06-12 02:30:00,28.9
2025-06-12 11:40:00,53.7
2025-06-12 22:40:00,26.7
2025-06-12 14:31:00,58.0
2025-06-12 04:10:00,86.6
2025-06-12 14:42:00,49.594186729301235
2025-06-12 02:39:00,46.5
2025-06-12 22:03:00,49.594186729301235
2025-06-12 16:07:00,35.7
2025-06-12 16:22:00,83.3
2025-06-12 19:46:00,9.7
2025-06-12 20:38:00,49.594186729301235
2025-06-12 11:58:00,49.594186729301235
2025-06-12 17:15:00,44.1
2025-06-12 16:30:00,0.2
2025-06-12 11:00:00,55.4
2025-06-12 20:07:00,50.3
2025-06-12 17:23:00,22.8
2025-06-12 07:09:00,43.2
2025-06-12 22:50:00,17.6
2025-06-12 06:10:00,87.4
2025-06-12 18:08:00,87.3
2025-06-12 12:50:00,43.0
2025-06-12 12:20:00,92.1
2025-06-12 14:35:00,40.4
2025-06-12 17:46:00,53.6
2025-06-12 16:55:00,18.3
2025-06-12 17:05:00,96.6
2025-06-12 05:15:00,27.5
2025-06-12 11:05:00,16.8
2025-06-12 21:05:00,24.0
2025-06-12 12:18:00,20.5
2025-06-12 06:19:00,33.9
2025-06-12 18:43:00,94.6
2025-06-12 14:21:00,8.7
2025-06-12 08:09:00,27.7
2025-06-12 07:48:00,96.6
2025-06-12 21:38:00,49.594186729301235
2025-06-12 20:36:00,49.594186729301235
2025-06-12 10:18:00,44.1
2025-06-12 00:42:00,91.3
2025-06-12 05:02:00,77.5
2025-06-12 12:51:00,99.1
2025-06-12 13:52:00,49.594186729301235
2025-06-12 18:56:00,8.0
2025-06-12 12:00:00,0.4
2025-06-12 00:46:00,69.2
2025-06-12 00:03:00,49.3
2025-06-12 00:31:00,17.2
2025-06-12 09:30:00,74.5
2025-06-12 14:31:00,32.5
2025-06-12 02:26:00,20.7
2025-06-12 20:42:00,98.4
2025-06-12 15:06:00,64.1
2025-06-12 12:43:00,49.594186729301235
2025-06-12 19:48:00,21.4
2025-06-12 01:31:00,46.3
2025-06-12 03:38:00,94.3
2025-06-12 04:10:00,49.594186729301235
2025-06-12 14:51:00,7.9
2025-06-12 01:19:00,83.3
2025-06-12 02:08:00,56.5
2025-06-12 17:52:00,98.1
2025-06-12 00:41:00,14.6
2025-06-12 02:13:00,7.9
2025-06-12 02:31:00,49.594186729301235
2025-06-12 08:46:00,41.8
2025-06-12 19:35:00,83.3
2025-06-12 17:41:00,2.4
2025-06-12 05:40:00,67.3
2025-06-12 13:12:00,49.594186729301235
2025-06-12 10:49:00,49.594186729301235
2025-06-12 22:31:00,12.9
2025-06-12 15:22:00,56.9
2025-06-12 03:13:00,49.594186729301235
2025-06-12 13:33:00,49.594186729301235
2025-06-12 13:32:00,34.9
2025-06-12 01:20:00,34.7
2025-06-12 12:21:00,23.0
2025-06-12 22:13:00,87.2
2025-06-12 22:48:00,50.03812089971884
2025-06-12 09:51:00,50.03812089971884
2025-06-12 01:38:00,96.1
2025-06-12 15:59:00,50.03812089971884
2025-06-12 23:56:00,50.03812089971884
2025-06-12 00:16:00,28.8
2025-06-12 15:02:00,60.7
2025-06-12 05:01:00,84.0
2025-06-12 18:31:00,24.9
2025-06-12 10:30:00,50.03812089971884
2025-06-12 07:07:00,91.0
2025-06-12 00:00:00,12.2
2025-06-12 10:49:00,89.1
2025-06-12 10:01:00,5.4
2025-06-12 22:58:00,94.8
2025-06-12 23:14:00,16.1
2025-06-12 13:42:00,50.03812089971884
2025-06-12 12:56:00,60.6
2025-06-12 13:21:00,96.1
2025-06-12 22:54:00,80.6
2025-06-12 14:30:00,50.03812089971884
2025-06-12 16:14:00,80.5
2025-06-12 22:32:00,44.6
2025-06-12 04:38:00,50.03812089971884
2025-06-12 15:32:00,27.8
2025-06-12 10:17:00,62.9
2025-06-12 06:57:00,47.8
2025-06-12 04:33:00,89.3
2025-06-12 04:45:00,41.6
2025-06-12 01:53:00,74.4
2025-06-12 00:49:00,23.3
2025-06-12 16:12:00,69.4
2025-06-12 11:50:00,80.4
2025-06-12 21:59:00,78.7
2025-06-12 19:53:00,5.6
2025-06-12 10:44:00,50.03812089971884
2025-06-12 04:07:00,49.3
2025-06-12 06:35:00,50.03812089971884
2025-06-12 12:49:00,50.03812089971884
2025-06-12 07:12:00,58.8
2025-06-12 08:06:00,18.9
2025-06-12 01:53:00,44.5
2025-06-12 06:49:00,50.03812089971884
2025-06-12 19:18:00,50.03812089971884
2025-06-12 05:16:00,61.3
2025-06-12 12:14:00,36.6
2025-06-12 05:02:00,74.0
2025-06-12 13:03:00,68.9
2025-06-12 08:04:00,12.5
2025-06-12 02:32:00,13.3
2025-06-12 00:42:00,37.2
2025-06-12 09:32:00,40.0
2025-06-12 09:45:00,56.2
2025-06-12 05:03:00,50.03812089971884
2025-06-12 02:42:00,82.4
2025-06-12 18:21:00,29.2
2025-06-12 18:55:00,38.5
2025-06-12 00:17:00,11.3
2025-06-12 17:45:00,19.8
2025-06-12 13:35:00,16.7
2025-06-12 16:30:00,33.9
2025-06-12 05:30:00,99.3
2025-06-12 22:15:00,57.3
2025-06-12 19:10:00,41.5
2025-06-12 22:08:00,30.3
2025-06-12 22:57:00,98.5
2025-06-12 07:36:00,41.9
2025-06-12 11:45:00,44.7
2025-06-12 12:31:00,75.3
2025-06-12 21:48:00,75.8
2025-06-12 03:24:00,74.9
2025-06-12 04:58:00,87.2
2025-06-12 12:24:00,50.03812089971884
2025-06-12 13:43:00,95.5
2025-06-12 00:28:00,47.2
2025-06-12 06:40:00,78.3
2025-06-12 08:45:00,50.03812089971884
2025-06-12 09:19:00,89.6
2025-06-12 00:32:00,64.3
2025-06-12 16:14:00,33.3
2025-06-12 04:31:00,97.7
2025-06-12 11:18:00,69.0
2025-06-12 02:00:00,35.0
2025-06-12 18:01:00,9.9
2025-06-12 18:52:00,50.03812089971884
2025-06-12 04:22:00,18.2
2025-06-12 04:21:00,42.2
2025-06-12 05:42:00,50.03812089971884
2025-06-12 12:39:00,2.2
2025-06-12 20:41:00,82.8
2025-06-12 07:32:00,97.9
2025-06-12 22:49:00,83.4
2025-06-12 17:17:00,50.03812089971884
2025-06-12 11:26:00,50.2
2025-06-12 13:43:00,50.03812089971884
2025-06-12 03:42:00,45.9
2025-06-12 21:26:00,50.03812089971884
2025-06-12 17:29:00,50.03812089971884
2025-06-12 11:01:00,11.4
2025-06-12 21:28:00,44.0
2025-06-12 20:02:00,44.3
2025-06-12 03:14:00,50.03812089971884
2025-06-12 03:23:00,88.8
2025-06-12 23:19:00,95.6
2025-06-12 04:35:00,50.03812089971884
2025-06-12 11:51:00,50.03812089971884
2025-06-12 23:49:00,95.2
2025-06-12 10:39:00,52.4
2025-06-12 23:19:00,17.6
2025-06-12 04:08:00,50.03812089971884
2025-06-12 08:06:00,34.3
2025-06-12 19:32:00,91.3
2025-06-12 08:03:00,50.03812089971884
2025-06-12 06:04:00,50.03812089971884
2025-06-12 09:34:00,77.1
2025-06-12 19:12:00,50.03812089971884
2025-06-12 16:45:00,64.6
2025-06-12 07:30:00,96.4
2025-06-12 08:46:00,60.4
2025-06-12 16:16:00,50.03812089971884
2025-06-12 23:18:00,6.3
2025-06-12 18:47:00,16.2
2025-06-12 06:21:00,92.6
2025-06-12 11:17:00,59.1
2025-06-12 22:49:00,80.2
2025-06-12 06:42:00,50.03812089971884
2025-06-12 04:01:00,25.6
2025-06-12 04:20:00,77.8
2025-06-12 17:17:00,67.7
2025-06-12 02:19:00,32.8
2025-06-12 20:40:00,7.8
2025-06-12 01:32:00,80.8
2025-06-12 18:34:00,68.2
2025-06-12 03:03:00,50.03812089971884
2025-06-12 03:28:00,50.03812089971884
2025-06-12 19:14:00,29.5
2025-06-12 20:10:00,1.7
2025-06-12 11:35:00,50.03812089971884
2025-06-12 07:39:00,42.9
2025-06-12 17:59:00,52.1
2025-06-12 15:28:00,67.0
2025-06-12 21:42:00,71.3
2025-06-12 08:46:00,86.9
2025-06-12 18:47:00,37.9
2025-06-12 01:31:00,67.1
2025-06-12 07:04:00,99.5
2025-06-12 22:04:00,78.0
2025-06-12 00:03:00,24.9
2025-06-12 20:40:00,97.2
2025-06-12 10:48:00,55.1
2025-06-12 20:47:00,92.6
2025-06-12 08:24:00,18.4
2025-06-12 19:45:00,55.0
2025-06-12 07:38:00,13.4
2025-06-12 08:56:00,31.7
2025-06-12 10:59:00,22.5
2025-06-12 02:14:00,52.9
2025-06-12 14:59:00,63.2
2025-06-12 18:04:00,50.03812089971884
2025-06-12 20:29:00,12.7
2025-06-12 06:26:00,38.3
2025-06-12 02:38:00,16.8
2025-06-12 03:31:00,83.5
2025-06-12 10:12:00,73.0
2025-06-12 05:15:00,3.1
2025-06-12 10:48:00,37.9
2025-06-12 02:37:00,50.03812089971884
2025-06-12 20:27:00,56.1
2025-06-12 14:39:00,22.2
2025-06-12 20:26:00,19.1
2025-06-12 19:43:00,17.6
2025-06-12 22:16:00,73.4
2025-06-12 02:47:00,32.1
2025-06-12 13:34:00,22.6
2025-06-12 06:35:00,75.7
2025-06-12 21:54:00,52.6
2025-06-12 01:29:00,83.9
2025-06-12 14:20:00,80.6
2025-06-12 13:41:00,3.5
2025-06-12 02:18:00,73.4
2025-06-12 09:43:00,5.5
2025-06-12 21:53:00,87.5
2025-06-12 02:58:00,96.2
2025-06-12 01:20:00,81.3
2025-06-12 08:11:00,52.4
2025-06-12 17:36:00,50.03812089971884
2025-06-12 06:07:00,16.1
2025-06-12 02:15:00,73.9
2025-06-12 14:27:00,3.4
2025-06-12 23:46:00,31.5
2025-06-12 18:45:00,10.0
2025-06-12 09:24:00,30.5
2025-06-12 17:16:00,62.3
2025-06-12 19:28:00,27.3
2025-06-12 14:08:00,50.03812089971884
2025-06-12 21:44:00,68.4
2025-06-12 05:08:00,71.5
2025-06-12 15:50:00,2.0
2025-06-12 18:01:00,83.4
2025-06-12 12:02:00,59.5
2025-06-12 11:30:00,81.1
2025-06-12 02:15:00,90.2
2025-06-12 17:37:00,32.7
2025-06-12 06:55:00,0.4
2025-06-12 20:34:00,94.6
2025-06-12 03:59:00,89.7
2025-06-12 13:48:00,50.03812089971884
2025-06-12 03:55:00,99.0
2025-06-12 07:19:00,42.8
2025-06-12 05:50:00,46.3
2025-06-12 11:42:00,84.6
2025-06-12 15:39:00,86.1
2025-06-12 07:47:00,56.6
2025-06-12 06:52:00,79.9
2025-06-12 02:29:00,3.8
2025-06-12 19:33:00,73.7
2025-06-12 21:02:00,59.2
2025-06-12 09:43:00,57.8
2025-06-12 07:21:00,13.3
2025-06-12 12:58:00,95.4
2025-06-12 15:25:00,28.7
2025-06-12 15:57:00,32.7
2025-06-12 03:33:00,19.3
2025-06-12 01:03:00,18.4
2025-06-12 23:52:00,50.03812089971884
2025-06-12 01:04:00,42.2
2025-06-12 07:57:00,20.7
2025-06-12 18:11:00,29.2
2025-06-12 12:53:00,94.2
2025-06-12 06:21:00,50.03812089971884
2025-06-12 10:59:00,47.4
2025-06-12 02:12:00,92.3
2025-06-12 09:52:00,50.03812089971884
2025-06-12 13:19:00,79.0
2025-06-12 11:28:00,50.03812089971884
2025-06-12 12:09:00,79.7
2025-06-12 18:26:00,58.8
2025-06-12 03:12:00,50.03812089971884
2025-06-12 06:01:00,99.1
2025-06-12 17:28:00,59.8
2025-06-12 06:25:00,26.2
2025-06-12 14:42:00,59.5
2025-06-12 18:14:00,50.03812089971884
2025-06-12 16:42:00,73.3
2025-06-12 00:21:00,5.3
2025-06-12 14:46:00,38.0
2025-06-12 16:23:00,89.1
2025-06-12 22:02:00,89.9
2025-06-12 17:33:00,49.0
2025-06-12 19:28:00,89.9
2025-06-12 14:56:00,3.7
2025-06-12 22:18:00,70.8
2025-06-12 18:13:00,63.2
2025-06-12 22:13:00,82.4
2025-06-12 01:12:00,90.9
2025-06-12 08:08:00,55.5
2025-06-12 17:12:00,72.3
2025-06-12 18:16:00,53.9
2025-06-12 12:28:00,5.7
2025-06-12 12:46:00,34.7
2025-06-12 14:36:00,70.9
2025-06-12 08:30:00,28.0
2025-06-12 06:39:00,50.03812089971884
2025-06-12 11:53:00,97.8
2025-06-12 13:00:00,98.7
2025-06-12 14:20:00,99.4
2025-06-12 21:07:00,60.5
2025-06-12 15:11:00,78.7
2025-06-12 15:24:00,23.5
2025-06-12 04:06:00,62.6
2025-06-12 02:11:00,82.6
2025-06-12 11:16:00,29.2
2025-06-12 16:29:00,18.8
2025-06-12 11:13:00,16.6
2025-06-12 11:45:00,51.2
2025-06-12 18:01:00,86.8
2025-06-12 14:14:00,74.3
2025-06-12 07:31:00,33.7
2025-06-12 11:13:00,19.2
2025-06-12 10:25:00,43.9
2025-06-12 12:15:00,28.4
2025-06-12 14:52:00,74.1
2025-06-12 12:41:00,21.5
2025-06-12 14:58:00,7.9
2025-06-12 11:31:00,88.9
2025-06-12 18:42:00,30.2
2025-06-12 08:43:00,30.9
2025-06-12 04:11:00,20.1
2025-06-12 04:45:00,28.5
2025-06-12 00:57:00,77.4
2025-06-12 12:07:00,18.7
2025-06-12 21:48:00,78.7
2025-06-12 02:05:00,60.1
2025-06-12 21:36:00,26.4
2025-06-12 05:26:00,46.2
2025-06-12 08:13:00,58.4
2025-06-12 08:26:00,1.7
2025-06-12 13:07:00,41.3
2025-06-12 18:24:00,74.1
2025-06-12 18:13:00,45.3
2025-06-12 18:39:00,53.8
2025-06-12 20:28:00,0.7
2025-06-12 15:32:00,27.8
2025-06-12 01:23:00,50.03812089971884
2025-06-12 12:00:00,50.03812089971884
2025-06-12 02:08:00,88.9
2025-06-12 19:23:00,65.9
2025-06-12 07:05:00,31.4
2025-06-12 23:07:00,6.3
2025-06-12 15:14:00,50.03812089971884
2025-06-12 10:14:00,92.1
2025-06-12 08:33:00,40.2
2025-06-12 00:20:00,50.03812089971884
2025-06-12 08:03:00,18.8
2025-06-12 19:22:00,28.1
2025-06-12 06:55:00,78.2
2025-06-12 01:43:00,62.1
2025-06-12 11:15:00,53.3
2025-06-12 05:27:00,50.03812089971884
2025-06-12 09:09:00,23.1
2025-06-12 03:30:00,0.4
2025-06-12 14:34:00,40.4
2025-06-12 19:13:00,78.1
2025-06-12 23:02:00,40.6
2025-06-12 00:40:00,68.6
2025-06-12 20:55:00,64.7
2025-06-12 07:41:00,46.9
2025-06-12 06:54:00,15.5
2025-06-12 03:08:00,50.03812089971884
2025-06-12 11:15:00,65.7
2025-06-12 11:55:00,87.9
2025-06-12 17:33:00,4.6
2025-06-12 05:35:00,49.697634180790956
2025-06-12 13:40:00,84.1
2025-06-12 14:09:00,49.697634180790956
2025-06-12 06:32:00,59.4
2025-06-12 21:26:00,78.5
2025-06-12 08:56:00,8.8
2025-06-12 15:24:00,30.9
2025-06-12 19:47:00,49.697634180790956
2025-06-12 08:31:00,54.7
2025-06-12 10:55:00,93.1
2025-06-12 13:53:00,58.8
2025-06-12 16:16:00,89.3
2025-06-12 00:37:00,76.7
2025-06-12 06:35:00,33.3
2025-06-12 08:42:00,7.0
2025-06-12 20:52:00,49.697634180790956
2025-06-12 21:25:00,75.2
2025-06-12 11:36:00,15.8
2025-06-12 16:27:00,49.6
2025-06-12 09:06:00,78.0
2025-06-12 11:17:00,55.4
2025-06-12 21:10:00,63.9
2025-06-12 09:24:00,25.9
2025-06-12 06:48:00,60.8
2025-06-12 09:14:00,79.3
2025-06-12 23:09:00,6.8
2025-06-12 23:04:00,92.1
2025-06-12 20:37:00,61.5
2025-06-12 22:19:00,48.1
2025-06-12 17:13:00,36.3
2025-06-12 22:08:00,81.4
2025-06-12 04:40:00,96.4
2025-06-12 13:49:00,48.7
2025-06-12 22:25:00,83.0
2025-06-12 08:13:00,25.7
2025-06-12 04:09:00,82.4
2025-06-12 18:37:00,10.3
2025-06-12 15:54:00,79.5
2025-06-12 01:39:00,49.697634180790956
2025-06-12 22:31:00,12.3
2025-06-12 19:03:00,36.2
2025-06-12 17:39:00,95.9
2025-06-12 18:22:00,40.8
2025-06-12 20:44:00,74.9
2025-06-12 10:30:00,98.4
2025-06-12 21:55:00,67.9
2025-06-12 20:50:00,22.6
2025-06-12 01:26:00,40.3
2025-06-12 01:34:00,5.2
2025-06-12 07:58:00,49.697634180790956
2025-06-12 03:33:00,95.9
2025-06-12 03:52:00,11.8
2025-06-12 06:32:00,96.6
2025-06-12 04:04:00,48.9
2025-06-12 11:52:00,42.5
2025-06-12 01:38:00,88.9
2025-06-12 06:08:00,40.9
2025-06-12 01:27:00,68.0
2025-06-12 02:10:00,20.2
2025-06-12 19:19:00,49.697634180790956
2025-06-12 19:37:00,76.7
2025-06-12 08:19:00,3.6
2025-06-12 08:12:00,96.7
2025-06-12 23:37:00,5.9
2025-06-12 17:06:00,35.8
2025-06-12 06:51:00,49.697634180790956
2025-06-12 10:47:00,98.2
2025-06-12 14:56:00,34.9
2025-06-12 16:47:00,60.1
2025-06-12 18:10:00,29.0
2025-06-12 02:03:00,58.1
2025-06-12 21:06:00,73.2
2025-06-12 08:20:00,87.2
2025-06-12 20:50:00,91.8
2025-06-12 05:12:00,53.9
2025-06-12 09:29:00,6.0
2025-06-12 11:32:00,85.4
2025-06-12 08:39:00,51.0
2025-06-12 15:52:00,42.2
2025-06-12 00:33:00,11.8
2025-06-12 21:08:00,60.6
2025-06-12 09:48:00,36.7
2025-06-12 12:32:00,0.1
2025-06-12 23:17:00,89.1
2025-06-12 01:24:00,74.5
2025-06-12 04:16:00,28.1
2025-06-12 06:30:00,54.9
2025-06-12 03:37:00,53.4
2025-06-12 17:12:00,64.8
2025-06-12 06:50:00,49.697634180790956
2025-06-12 09:07:00,49.697634180790956
2025-06-12 06:20:00,95.8
2025-06-12 21:16:00,21.6
2025-06-12 19:39:00,94.7
2025-06-12 14:05:00,75.7
2025-06-12 05:07:00,18.6
2025-06-12 08:44:00,3.3
2025-06-12 09:15:00,29.8
2025-06-12 03:22:00,55.0
2025-06-12 08:54:00,49.697634180790956
2025-06-12 00:02:00,49.697634180790956
2025-06-12 16:01:00,3.5
2025-06-12 22:21:00,63.0
2025-06-12 14:59:00,34.1
2025-06-12 18:00:00,26.4
2025-06-12 13:29:00,3.7
2025-06-12 11:51:00,75.2
2025-06-12 15:45:00,15.3
2025-06-12 19:36:00,5.2
2025-06-12 07:10:00,46.7
2025-06-12 01:55:00,11.8
2025-06-12 09:19:00,12.6
2025-06-12 01:13:00,49.697634180790956
2025-06-12 14:28:00,3.2
2025-06-12 01:06:00,29.4
2025-06-12 21:37:00,15.4
2025-06-12 14:43:00,29.1
2025-06-12 01:02:00,49.697634180790956
2025-06-12 19:03:00,4.8
2025-06-12 09:20:00,35.8
2025-06-12 01:30:00,18.7
2025-06-12 09:55:00,83.2
2025-06-12 01:03:00,84.8
2025-06-12 13:41:00,41.6
2025-06-12 14:02:00,38.4
2025-06-12 01:50:00,84.5
2025-06-12 13:31:00,0.6
2025-06-12 03:02:00,49.697634180790956
2025-06-12 21:58:00,58.3
2025-06-12 09:23:00,49.697634180790956
2025-06-12 08:35:00,53.5
2025-06-12 14:12:00,88.0
2025-06-12 05:15:00,40.2
2025-06-12 07:58:00,22.1
2025-06-12 13:35:00,94.8
2025-06-12 09:11:00,99.0
2025-06-12 17:47:00,69.6
2025-06-12 19:00:00,1.0
2025-06-12 05:23:00,74.9
2025-06-12 05:15:00,58.3
2025-06-12 06:42:00,18.9
2025-06-12 04:45:00,60.6
2025-06-12 15:57:00,38.2
2025-06-12 16:32:00,18.3
2025-06-12 04:37:00,88.0
2025-06-12 12:43:00,41.2
2025-06-12 07:35:00,17.7
2025-06-12 12:26:00,49.697634180790956
2025-06-12 19:42:00,73.3
2025-06-12 08:03:00,97.4
2025-06-12 22:42:00,97.6
2025-06-12 21:17:00,63.9
2025-06-12 18:44:00,49.697634180790956
2025-06-12 09:39:00,45.4
2025-06-12 19:40:00,71.9
2025-06-12 11:51:00,72.0
2025-06-12 18:26:00,41.8
2025-06-12 14:37:00,88.6
2025-06-12 23:10:00,5.0
2025-06-12 02:29:00,43.5
2025-06-12 22:36:00,50.6
2025-06-12 18:35:00,0.7
2025-06-12 19:56:00,12.7
2025-06-12 22:56:00,67.5
2025-06-12 13:40:00,76.7
2025-06-12 06:14:00,61.9
2025-06-12 12:34:00,57.5
2025-06-12 06:17:00,7.3
2025-06-12 22:42:00,16.8
2025-06-12 08:55:00,13.6
2025-06-12 02:47:00,49.697634180790956
2025-06-12 09:17:00,10.2
2025-06-12 06:08:00,61.6
2025-06-12 11:55:00,15.1
2025-06-12 03:17:00,62.9
2025-06-12 13:10:00,43.4
2025-06-12 11:37:00,62.0
2025-06-12 05:46:00,49.4
2025-06-12 08:17:00,44.4
2025-06-12 18:19:00,5.8
2025-06-12 02:23:00,84.5
2025-06-12 09:50:00,8.4
2025-06-12 03:56:00,78.5
2025-06-12 18:49:00,49.697634180790956
2025-06-12 14:24:00,71.3
2025-06-12 19:59:00,73.9
2025-06-12 08:32:00,30.0
2025-06-12 10:37:00,72.4
2025-06-12 17:20:00,97.5
2025-06-12 12:46:00,49.697634180790956
2025-06-12 21:55:00,18.7
2025-06-12 23:11:00,49.697634180790956
2025-06-12 00:58:00,93.7
2025-06-12 18:11:00,49.697634180790956
2025-06-12 16:41:00,89.5
2025-06-12 12:15:00,82.1
2025-06-12 20:56:00,52.2
2025-06-12 10:43:00,43.2
2025-06-12 20:40:00,15.8
2025-06-12 08:49:00,42.6
2025-06-12 04:30:00,93.5
2025-06-12 20:21:00,7.6
2025-06-12 20:27:00,28.8
2025-06-12 12:41:00,21.2
2025-06-12 06:17:00,49.697634180790956
2025-06-12 17:08:00,24.8
2025-06-12 06:28:00,49.697634180790956
2025-06-12 12:53:00,35.8
2025-06-12 16:10:00,49.697634180790956
2025-06-12 23:08:00,49.697634180790956
2025-06-12 18:02:00,3.7
2025-06-12 13:31:00,62.1
2025-06-12 10:47:00,99.2
2025-06-12 16:31:00,6.9
2025-06-12 16:58:00,55.5
2025-06-12 18:45:00,49.697634180790956
2025-06-12 23:36:00,57.1
2025-06-12 06:15:00,13.1
2025-06-12 14:27:00,94.5
2025-06-12 03:01:00,72.8
2025-06-12 13:21:00,28.7
2025-06-12 12:24:00,64.1
2025-06-12 09:58:00,25.8
2025-06-12 02:05:00,1.4
2025-06-12 07:15:00,1.8
2025-06-12 20:20:00,2.6
2025-06-12 13:50:00,46.9
2025-06-12 17:02:00,49.697634180790956
2025-06-12 08:55:00,68.6
2025-06-12 00:34:00,49.697634180790956
2025-06-12 21:18:00,51.8
2025-06-12 13:47:00,33.7
2025-06-12 09:53:00,49.697634180790956
2025-06-12 10:56:00,75.6
2025-06-12 10:13:00,62.2
2025-06-12 08:50:00,46.1
2025-06-12 04:47:00,75.1
2025-06-12 10:28:00,24.5
2025-06-12 05:50:00,3.5
2025-06-12 15:47:00,49.697634180790956
2025-06-12 11:29:00,49.697634180790956
2025-06-12 11:50:00,70.5
2025-06-12 17:38:00,57.7
2025-06-12 22:59:00,64.9
2025-06-12 22:04:00,14.9
2025-06-12 18:32:00,23.4
2025-06-12 18:17:00,8.3
2025-06-12 18:43:00,41.5
2025-06-12 23:48:00,45.2
2025-06-12 01:26:00,85.2
2025-06-12 23:23:00,55.1
2025-06-12 00:33:00,39.3
2025-06-12 21:14:00,19.3
2025-06-12 14:14:00,4.6
2025-06-12 04:53:00,73.6
2025-06-12 15:27:00,84.9
2025-06-12 11:08:00,99.3
2025-06-12 23:43:00,80.8
2025-06-12 07:10:00,49.697634180790956
2025-06-12 15:10:00,28.6
2025-06-12 18:14:00,75.0
2025-06-12 14:51:00,49.697634180790956
2025-06-12 19:16:00,15.6
2025-06-12 20:50:00,52.8
2025-06-12 15:23:00,83.2
2025-06-12 12:59:00,76.6
2025-06-12 07:19:00,48.4
2025-06-12 21:03:00,49.697634180790956
2025-06-12 19:55:00,29.1
2025-06-12 20:57:00,19.4
2025-06-12 22:14:00,74.1
2025-06-12 16:37:00,12.7
2025-06-12 17:17:00,89.8
2025-06-12 05:05:00,13.6
2025-06-12 09:09:00,36.8
2025-06-12 07:21:00,49.697634180790956
2025-06-12 15:15:00,49.697634180790956
2025-06-12 22:48:00,56.6
2025-06-12 09:31:00,52.2
2025-06-12 15:03:00,11.6
2025-06-12 13:22:00,45.7
2025-06-12 14:52:00,48.6
2025-06-12 17:38:00,49.697634180790956
2025-06-12 11:34:00,5.6
2025-06-12 03:19:00,47.0
2025-06-12 00:42:00,52.2
2025-06-12 20:00:00,49.697634180790956
2025-06-12 10:15:00,84.0
2025-06-12 17:48:00,60.0
2025-06-12 23:30:00,37.9
2025-06-12 08:43:00,13.4
2025-06-12 12:25:00,76.8
2025-06-12 13:46:00,81.3
2025-06-12 17:17:00,54.5
2025-06-12 20:21:00,49.697634180790956
2025-06-12 10:35:00,88.4
2025-06-12 07:33:00,96.8
2025-06-12 11:06:00,88.2
2025-06-12 09:10:00,49.697634180790956
2025-06-12 23:25:00,81.5
2025-06-12 14:04:00,9.1
2025-06-12 17:54:00,65.7
2025-06-12 13:04:00,80.2
2025-06-12 18:09:00,15.3
2025-06-12 14:05:00,17.6
2025-06-12 03:18:00,66.0
2025-06-12 14:55:00,36.6
2025-06-12 10:07:00,49.697634180790956
2025-06-12 06:34:00,74.5
2025-06-12 17:04:00,79.9
2025-06-12 09:02:00,64.9
2025-06-12 17:43:00,49.697634180790956
2025-06-12 23:09:00,95.4
2025-06-12 09:37:00,49.81454693687398
2025-06-12 01:06:00,84.7
2025-06-12 18:30:00,11.8
2025-06-12 05:25:00,30.0
2025-06-12 03:26:00,75.8
2025-06-12 12:10:00,84.4
2025-06-12 14:17:00,11.6
2025-06-12 23:27:00,89.6
2025-06-12 09:01:00,29.8
2025-06-12 18:55:00,47.4
2025-06-12 10:41:00,21.0
2025-06-12 15:27:00,37.8
2025-06-12 05:27:00,16.4
2025-06-12 02:04:00,96.2
2025-06-12 08:19:00,30.9
2025-06-12 19:27:00,95.5
2025-06-12 05:35:00,77.1
2025-06-12 20:09:00,68.5
2025-06-12 12:08:00,32.2
2025-06-12 06:55:00,49.81454693687398
2025-06-12 21:48:00,66.1
2025-06-12 03:33:00,53.8
2025-06-12 11:48:00,49.81454693687398
2025-06-12 03:19:00,70.7
2025-06-12 16:26:00,18.3
2025-06-12 06:45:00,71.9
2025-06-12 00:07:00,18.8
2025-06-12 18:09:00,2.3
2025-06-12 03:06:00,63.0
2025-06-12 21:11:00,80.0
2025-06-12 02:51:00,99.7
2025-06-12 02:33:00,10.9
2025-06-12 01:29:00,86.4
2025-06-12 08:20:00,49.81454693687398
2025-06-12 16:08:00,19.0
2025-06-12 07:56:00,92.5
2025-06-12 02:11:00,21.8
2025-06-12 08:47:00,36.4
2025-06-12 00:41:00,15.7
2025-06-12 02:26:00,7.9
2025-06-12 18:44:00,10.4
2025-06-12 16:37:00,73.2
2025-06-12 11:27:00,12.8
2025-06-12 18:45:00,19.2
2025-06-12 10:10:00,40.7
2025-06-12 21:51:00,76.8
2025-06-12 17:25:00,60.5
2025-06-12 00:57:00,17.0
2025-06-12 19:54:00,15.6
2025-06-12 06:57:00,6.2
2025-06-12 16:28:00,15.2
2025-06-12 16:00:00,47.3
2025-06-12 15:10:00,58.1
2025-06-12 16:51:00,7.0
2025-06-12 10:46:00,72.4
2025-06-12 12:06:00,95.5
2025-06-12 10:10:00,82.7
2025-06-12 18:54:00,35.3
2025-06-12 12:20:00,10.4
2025-06-12 10:00:00,49.81454693687398
2025-06-12 11:27:00,23.5
2025-06-12 03:39:00,4.2
2025-06-12 01:01:00,49.81454693687398
2025-06-12 03:34:00,25.0
2025-06-12 13:28:00,42.5
2025-06-12 23:49:00,5.1
2025-06-12 08:26:00,66.4
2025-06-12 19:05:00,79.3
2025-06-12 20:00:00,0.9
2025-06-12 04:23:00,96.0
2025-06-12 17:25:00,49.81454693687398
2025-06-12 23:27:00,3.9
2025-06-12 07:59:00,25.3
2025-06-12 05:53:00,62.1
2025-06-12 22:18:00,13.4
2025-06-12 19:08:00,85.1
2025-06-12 00:23:00,49.6
2025-06-12 13:35:00,52.4
2025-06-12 08:45:00,1.6
2025-06-12 03:00:00,31.0
2025-06-12 18:48:00,27.3
2025-06-12 11:52:00,11.6
2025-06-12 08:08:00,33.0
2025-06-12 16:23:00,49.81454693687398
2025-06-12 09:23:00,49.81454693687398
2025-06-12 03:21:00,98.9
2025-06-12 08:21:00,12.4
2025-06-12 08:31:00,94.0
2025-06-12 19:37:00,1.1
2025-06-12 02:21:00,80.2
2025-06-12 06:09:00,62.0
2025-06-12 19:24:00,37.7
2025-06-12 08:07:00,18.9
2025-06-12 18:40:00,12.0
2025-06-12 22:02:00,38.9
2025-06-12 16:56:00,42.7
2025-06-12 04:31:00,89.4
2025-06-12 04:22:00,16.6
2025-06-12 17:56:00,16.2
2025-06-12 22:34:00,71.4
2025-06-12 16:31:00,36.5
2025-06-12 19:29:00,49.81454693687398
2025-06-12 13:43:00,77.2
2025-06-12 19:57:00,81.5
2025-06-12 18:10:00,17.1
2025-06-12 00:19:00,72.0
2025-06-12 23:49:00,14.4
2025-06-12 22:16:00,86.2
2025-06-12 17:24:00,79.7
2025-06-12 15:57:00,77.8
2025-06-12 06:11:00,53.4
2025-06-12 08:52:00,21.8
2025-06-12 15:37:00,29.8
2025-06-12 14:24:00,5.7
2025-06-12 02:15:00,86.4
2025-06-12 05:58:00,9.0
2025-06-12 14:52:00,49.81454693687398
2025-06-12 04:12:00,17.4
2025-06-12 13:38:00,33.4
2025-06-12 01:28:00,63.4
2025-06-12 20:57:00,25.3
2025-06-12 17:03:00,49.81454693687398
2025-06-12 21:55:00,49.81454693687398
2025-06-12 14:19:00,49.81454693687398
2025-06-12 22:13:00,49.81454693687398
2025-06-12 05:06:00,86.3
2025-06-12 02:53:00,10.6
2025-06-12 00:54:00,36.7
2025-06-12 19:27:00,33.3
2025-06-12 02:20:00,52.0
2025-06-12 04:55:00,15.0
2025-06-12 21:09:00,24.0
2025-06-12 13:09:00,23.7
2025-06-12 15:36:00,40.8
2025-06-12 00:47:00,74.1
2025-06-12 15:44:00,77.0
2025-06-12 03:36:00,14.5
2025-06-12 09:36:00,7.1
2025-06-12 21:40:00,24.0
2025-06-12 18:39:00,49.81454693687398
2025-06-12 04:18:00,39.0
2025-06-12 19:42:00,48.0
2025-06-12 17:24:00,6.0
2025-06-12 20:36:00,44.1
2025-06-12 08:15:00,49.81454693687398
2025-06-12 07:34:00,16.5
2025-06-12 04:24:00,49.81454693687398
2025-06-12 00:22:00,90.0
2025-06-12 00:50:00,30.7
2025-06-12 16:34:00,69.4
2025-06-12 07:29:00,0.7
2025-06-12 13:27:00,64.2
2025-06-12 04:27:00,33.4
2025-06-12 06:44:00,49.81454693687398
2025-06-12 17:14:00,6.3
2025-06-12 21:36:00,16.7
2025-06-12 21:22:00,49.81454693687398
2025-06-12 02:39:00,74.5
2025-06-12 12:13:00,74.5
2025-06-12 04:37:00,49.81454693687398
2025-06-12 11:32:00,95.4
2025-06-12 21:12:00,21.6
2025-06-12 04:15:00,99.5
2025-06-12 12:48:00,30.6
2025-06-12 00:14:00,69.8
2025-06-12 04:07:00,26.5
2025-06-12 10:34:00,83.9
2025-06-12 11:35:00,34.1
2025-06-12 19:22:00,94.2
2025-06-12 05:18:00,19.5
2025-06-12 05:37:00,23.5
2025-06-12 22:39:00,37.9
2025-06-12 16:27:00,18.9
2025-06-12 13:40:00,49.81454693687398
2025-06-12 16:27:00,52.9
2025-06-12 04:24:00,66.2
2025-06-12 01:09:00,36.6
2025-06-12 03:29:00,32.6
2025-06-12 16:11:00,26.1
2025-06-12 22:40:00,3.7
2025-06-12 16:20:00,49.81454693687398
2025-06-12 22:35:00,71.2
2025-06-12 01:15:00,54.7
2025-06-12 17:15:00,96.9
2025-06-12 07:16:00,5.8
2025-06-12 06:37:00,81.0
2025-06-12 23:47:00,45.9
2025-06-12 10:31:00,37.4
2025-06-12 09:30:00,9.0
2025-06-12 15:16:00,87.7
2025-06-12 01:25:00,29.3
2025-06-12 02:14:00,49.81454693687398
2025-06-12 15:10:00,24.7
2025-06-12 12:07:00,18.0
2025-06-12 16:36:00,49.81454693687398
2025-06-12 23:57:00,60.2
2025-06-12 17:49:00,33.0
2025-06-12 08:50:00,49.81454693687398
2025-06-12 06:09:00,35.0
2025-06-12 07:48:00,22.9
2025-06-12 02:34:00,81.1
2025-06-12 13:54:00,55.5
2025-06-12 17:26:00,95.1
2025-06-12 03:21:00,49.81454693687398
2025-06-12 14:07:00,49.81454693687398
2025-06-12 09:51:00,60.3
2025-06-12 21:21:00,26.3
2025-06-12 17:49:00,61.5
2025-06-12 18:07:00,10.1
2025-06-12 23:38:00,1.0
2025-06-12 06:59:00,49.81454693687398
2025-06-12 06:53:00,55.8
2025-06-12 17:01:00,62.3
2025-06-12 18:40:00,26.6
2025-06-12 04:58:00,24.4
2025-06-12 19:51:00,4.8
2025-06-12 23:48:00,7.5
2025-06-12 17:56:00,46.8
2025-06-12 07:46:00,7.3
2025-06-12 19:25:00,17.9
2025-06-12 04:15:00,77.2
2025-06-12 01:31:00,6.0
2025-06-12 13:21:00,35.4
2025-06-12 15:02:00,36.0
2025-06-12 00:34:00,70.7
2025-06-12 15:20:00,15.9
2025-06-12 05:45:00,12.1
2025-06-12 10:38:00,51.7
2025-06-12 03:00:00,79.5
2025-06-12 01:49:00,49.81454693687398
2025-06-12 15:44:00,15.7
2025-06-12 04:27:00,34.3
2025-06-12 08:50:00,49.9
2025-06-12 11:27:00,43.4
2025-06-12 06:51:00,49.81454693687398
2025-06-12 21:32:00,30.7
2025-06-12 13:51:00,58.6
2025-06-12 23:35:00,68.2
2025-06-12 18:41:00,73.9
2025-06-12 13:49:00,28.1
2025-06-12 04:05:00,9.3
2025-06-12 03:21:00,49.81454693687398
2025-06-12 03:00:00,61.9
2025-06-12 21:53:00,60.0
2025-06-12 21:44:00,26.1
2025-06-12 15:45:00,76.5
2025-06-12 18:34:00,14.6
2025-06-12 20:24:00,87.9
2025-06-12 00:45:00,94.2
2025-06-12 13:54:00,0.0
2025-06-12 21:18:00,49.81454693687398
2025-06-12 22:20:00,40.6
2025-06-12 21:03:00,81.7
2025-06-12 07:10:00,49.1
2025-06-12 22:56:00,49.3
2025-06-12 09:30:00,83.0
2025-06-12 01:25:00,55.0
2025-06-12 09:17:00,52.7
2025-06-12 06:15:00,19.5
2025-06-12 22:51:00,55.1
2025-06-12 21:46:00,49.81454693687398
2025-06-12 06:11:00,26.0
2025-06-12 08:58:00,5.7
2025-06-12 05:02:00,93.4
2025-06-12 00:01:00,69.7
2025-06-12 13:18:00,65.4
2025-06-12 04:47:00,14.8
2025-06-12 06:07:00,76.7
2025-06-12 09:04:00,48.8
2025-06-12 11:14:00,25.8
2025-06-12 01:07:00,53.7
2025-06-12 16:16:00,21.4
2025-06-12 02:48:00,72.4
2025-06-12 10:22:00,90.0
2025-06-12 02:37:00,53.0
2025-06-12 06:00:00,49.81454693687398
2025-06-12 10:06:00,12.0
2025-06-12 08:33:00,13.1
2025-06-12 06:43:00,85.4
2025-06-12 15:51:00,86.4
2025-06-12 00:02:00,7.5
2025-06-12 21:25:00,88.5
2025-06-12 15:49:00,58.8
2025-06-12 15:38:00,49.81454693687398
2025-06-12 09:48:00,70.1
2025-06-12 16:51:00,93.5
2025-06-12 07:29:00,32.5
2025-06-12 00:51:00,60.5
2025-06-12 16:15:00,49.81454693687398
2025-06-12 17:26:00,49.81454693687398
2025-06-12 01:08:00,44.5
2025-06-12 13:45:00,54.1
2025-06-12 15:32:00,49.81454693687398
2025-06-12 15:01:00,82.7
2025-06-12 01:42:00,49.81454693687398
2025-06-12 23:28:00,37.2
2025-06-12 14:00:00,51.5
2025-06-12 13:18:00,71.2
2025-06-12 22:28:00,18.5
2025-06-12 06:40:00,35.4
2025-06-12 13:18:00,18.9
2025-06-12 07:54:00,95.5
2025-06-12 23:15:00,49.81454693687398
2025-06-12 19:29:00,50.5
2025-06-12 09:44:00,49.81454693687398
2025-06-12 02:50:00,30.4
2025-06-12 06:08:00,40.9
2025-06-12 03:12:00,88.9
2025-06-12 02:05:00,89.5
2025-06-12 04:38:00,1.9
2025-06-12 07:44:00,12.8
2025-06-12 04:09:00,5.2
2025-06-12 07:40:00,64.3
2025-06-12 23:41:00,49.81454693687398
2025-06-12 14:56:00,74.3
2025-06-12 21:44:00,5.3
2025-06-12 01:23:00,72.7
2025-06-12 03:56:00,86.4
2025-06-12 00:29:00,5.8
2025-06-12 12:29:00,28.8
2025-06-12 13:28:00,21.9
2025-06-12 12:40:00,56.3
2025-06-12 15:43:00,20.8
2025-06-12 17:29:00,67.6
2025-06-12 23:50:00,63.9
2025-06-12 16:22:00,0.4
2025-06-12 04:11:00,67.3
2025-06-12 14:08:00,50.17466168922071
2025-06-12 11:34:00,3.8
2025-06-12 06:34:00,13.9
2025-06-12 15:42:00,11.0
2025-06-12 07:51:00,51.6
2025-06-12 23:00:00,53.2
2025-06-12 22:30:00,50.3
2025-06-12 21:32:00,38.0
2025-06-12 19:11:00,48.6
2025-06-12 01:39:00,30.6
2025-06-12 15:36:00,18.5
2025-06-12 06:25:00,20.5
2025-06-12 01:21:00,52.3
2025-06-12 01:45:00,91.7
2025-06-12 02:15:00,99.4
2025-06-12 00:14:00,74.1
2025-06-12 01:48:00,44.4
2025-06-12 18:30:00,2.0
2025-06-12 00:12:00,23.1
2025-06-12 02:25:00,50.17466168922071
2025-06-12 07:37:00,6.0
2025-06-12 11:05:00,48.0
2025-06-12 22:54:00,50.17466168922071
2025-06-12 03:50:00,42.3
2025-06-12 21:50:00,91.1
2025-06-12 17:58:00,53.0
2025-06-12 09:30:00,2.6
2025-06-12 21:22:00,44.4
2025-06-12 16:19:00,3.0
2025-06-12 21:51:00,5.4
2025-06-12 19:38:00,24.5
2025-06-12 21:58:00,50.17466168922071
2025-06-12 16:11:00,68.3
2025-06-12 10:51:00,31.4
2025-06-12 13:05:00,47.3
2025-06-12 01:11:00,88.5
2025-06-12 13:50:00,3.5
2025-06-12 02:50:00,58.9
2025-06-12 22:44:00,66.9
2025-06-12 00:19:00,67.5
2025-06-12 00:10:00,97.4
2025-06-12 14:17:00,66.3
2025-06-12 02:41:00,57.0
2025-06-12 00:09:00,16.0
2025-06-12 01:49:00,53.7
2025-06-12 05:01:00,50.17466168922071
2025-06-12 05:46:00,70.3
2025-06-12 20:24:00,51.5
2025-06-12 03:36:00,95.2
2025-06-12 19:29:00,94.8
2025-06-12 21:00:00,95.8
2025-06-12 16:41:00,60.7
2025-06-12 15:27:00,47.5
2025-06-12 19:28:00,14.7
2025-06-12 20:31:00,55.9
2025-06-12 06:28:00,30.5
2025-06-12 07:54:00,25.6
2025-06-12 10:45:00,0.9
2025-06-12 12:12:00,64.9
2025-06-12 14:26:00,50.17466168922071
2025-06-12 05:58:00,66.1
2025-06-12 10:42:00,22.2
2025-06-12 11:58:00,44.7
2025-06-12 22:34:00,40.7
2025-06-12 21:32:00,31.4
2025-06-12 00:05:00,29.4
2025-06-12 16:30:00,80.5
2025-06-12 11:09:00,56.4
2025-06-12 14:14:00,12.2
2025-06-12 12:34:00,73.2
2025-06-12 20:48:00,93.6
2025-06-12 02:23:00,92.0
2025-06-12 00:57:00,11.2
2025-06-12 14:34:00,71.8
2025-06-12 05:04:00,71.3
2025-06-12 08:48:00,42.9
2025-06-12 18:36:00,49.6
2025-06-12 19:29:00,1.5
2025-06-12 21:14:00,10.6
2025-06-12 08:24:00,31.9
2025-06-12 15:16:00,58.8
2025-06-12 06:31:00,92.4
2025-06-12 10:12:00,36.1
2025-06-12 04:05:00,89.6
2025-06-12 04:47:00,91.4
2025-06-12 16:23:00,30.8
2025-06-12 10:55:00,71.7
2025-06-12 22:09:00,24.5
2025-06-12 20:43:00,81.2
2025-06-12 19:57:00,5.1
2025-06-12 11:14:00,74.1
2025-06-12 07:32:00,94.8
2025-06-12 15:08:00,83.7
2025-06-12 04:07:00,50.17466168922071
2025-06-12 02:42:00,26.5
2025-06-12 06:07:00,50.17466168922071
2025-06-12 17:01:00,11.0
2025-06-12 02:01:00,89.0
2025-06-12 02:09:00,81.7
2025-06-12 02:50:00,39.5
2025-06-12 20:10:00,61.5
2025-06-12 07:47:00,50.17466168922071
2025-06-12 09:30:00,14.3
2025-06-12 23:52:00,27.3
2025-06-12 15:54:00,20.5
2025-06-12 23:12:00,19.4
2025-06-12 23:20:00,44.8
2025-06-12 16:44:00,38.6
2025-06-12 20:55:00,54.7
2025-06-12 03:40:00,63.1
2025-06-12 23:25:00,55.7
2025-06-12 04:36:00,37.4
2025-06-12 05:37:00,2.1
2025-06-12 19:04:00,52.5
2025-06-12 04:06:00,50.1
2025-06-12 21:47:00,18.3
2025-06-12 13:31:00,71.6
2025-06-12 00:30:00,19.4
2025-06-12 23:21:00,46.6
2025-06-12 19:25:00,50.17466168922071
2025-06-12 22:47:00,24.7
2025-06-12 22:21:00,93.4
2025-06-12 13:48:00,66.2
2025-06-12 14:15:00,61.8
2025-06-12 05:10:00,37.3
2025-06-12 21:36:00,3.2
2025-06-12 14:16:00,92.5
2025-06-12 22:09:00,5.4
2025-06-12 17:57:00,71.3
2025-06-12 15:38:00,57.4
2025-06-12 10:24:00,12.3
2025-06-12 07:37:00,83.2
2025-06-12 06:36:00,19.3
2025-06-12 15:17:00,22.2
2025-06-12 22:57:00,8.6
2025-06-12 14:38:00,26.2
2025-06-12 14:28:00,52.6
2025-06-12 22:50:00,21.0
2025-06-12 21:33:00,67.9
2025-06-12 16:14:00,11.9
2025-06-12 09:14:00,67.5
2025-06-12 18:01:00,15.2
2025-06-12 12:26:00,74.9
2025-06-12 07:48:00,2.7
2025-06-12 21:01:00,6.9
2025-06-12 05:48:00,60.1
2025-06-12 07:59:00,38.3
2025-06-12 19:59:00,9.4
2025-06-12 12:57:00,47.5
2025-06-12 06:42:00,50.17466168922071
2025-06-12 08:25:00,41.8
2025-06-12 19:30:00,74.1
2025-06-12 15:04:00,42.6
2025-06-12 23:29:00,41.2
2025-06-12 02:57:00,39.7
2025-06-12 20:23:00,50.17466168922071
2025-06-12 13:08:00,84.2
2025-06-12 10:49:00,60.5
2025-06-12 15:00:00,50.17466168922071
2025-06-12 05:51:00,50.17466168922071
2025-06-12 16:07:00,50.17466168922071
2025-06-12 21:15:00,67.7
2025-06-12 18:14:00,99.8
2025-06-12 20:35:00,70.1
2025-06-12 06:20:00,84.2
2025-06-12 16:57:00,29.4
2025-06-12 17:55:00,10.1
2025-06-12 17:08:00,68.6
2025-06-12 11:13:00,50.17466168922071
2025-06-12 02:22:00,40.6
2025-06-12 06:23:00,3.6
2025-06-12 04:52:00,17.5
2025-06-12 20:49:00,22.4
2025-06-12 10:47:00,50.17466168922071
2025-06-12 16:45:00,86.8
2025-06-12 20:47:00,90.2
2025-06-12 10:56:00,77.6
2025-06-12 10:26:00,70.6
2025-06-12 08:31:00,93.1
2025-06-12 22:16:00,63.4
2025-06-12 19:22:00,81.6
2025-06-12 14:43:00,50.17466168922071
2025-06-12 09:01:00,78.5
2025-06-12 01:55:00,23.4
2025-06-12 02:34:00,73.8
2025-06-12 14:07:00,24.3
2025-06-12 15:29:00,27.6
2025-06-12 01:27:00,95.6
2025-06-12 01:35:00,45.0
2025-06-12 08:53:00,81.2
2025-06-12 13:17:00,74.3
2025-06-12 04:44:00,14.7
2025-06-12 03:23:00,63.6
2025-06-12 04:12:00,91.4
2025-06-12 19:26:00,98.7
2025-06-12 10:13:00,50.17466168922071
2025-06-12 13:05:00,70.1
2025-06-12 06:27:00,83.2
2025-06-12 04:46:00,52.8
2025-06-12 00:23:00,5.9
2025-06-12 09:52:00,23.7
2025-06-12 15:23:00,92.6
2025-06-12 07:04:00,20.4
2025-06-12 10:04:00,54.3
2025-06-12 15:59:00,91.4
2025-06-12 19:43:00,71.6
2025-06-12 22:02:00,50.17466168922071
2025-06-12 20:37:00,30.6
2025-06-12 22:23:00,4.8
2025-06-12 03:01:00,79.1
2025-06-12 00:11:00,37.0
2025-06-12 00:24:00,10.8
2025-06-12 05:54:00,36.2
2025-06-12 17:26:00,50.17466168922071
2025-06-12 19:44:00,50.17466168922071
2025-06-12 13:27:00,14.1
2025-06-12 16:06:00,42.2
2025-06-12 11:52:00,3.8
2025-06-12 10:10:00,71.9
2025-06-12 17:08:00,50.17466168922071
2025-06-12 09:56:00,50.6
2025-06-12 00:56:00,2.4
2025-06-12 03:48:00,62.8
2025-06-12 15:26:00,49.9
2025-06-12 19:18:00,22.0
2025-06-12 04:01:00,50.17466168922071
2025-06-12 21:21:00,75.1
2025-06-12 00:55:00,71.1
2025-06-12 18:05:00,35.1
2025-06-12 11:59:00,65.5
2025-06-12 17:41:00,50.17466168922071
2025-06-12 00:27:00,50.17466168922071
2025-06-12 12:29:00,25.8
2025-06-12 00:43:00,5.0
2025-06-12 17:29:00,30.9
2025-06-12 09:40:00,23.8
2025-06-12 23:34:00,74.9
2025-06-12 13:45:00,18.2
2025-06-12 08:37:00,82.4
2025-06-12 02:56:00,18.4
2025-06-12 16:18:00,76.3
2025-06-12 17:54:00,58.5
2025-06-12 13:02:00,85.0
2025-06-12 20:29:00,50.17466168922071
2025-06-12 14:29:00,86.3
2025-06-12 09:07:00,28.5
2025-06-12 04:40:00,46.7
2025-06-12 03:41:00,55.0
2025-06-12 05:37:00,38.8
2025-06-12 16:09:00,16.5
2025-06-12 21:01:00,51.0
2025-06-12 21:29:00,21.1
2025-06-12 04:10:00,25.5
2025-06-12 03:02:00,50.17466168922071
2025-06-12 10:51:00,50.17466168922071
2025-06-12 18:36:00,46.7
2025-06-12 18:57:00,50.17466168922071
2025-06-12 21:03:00,36.9
2025-06-12 15:43:00,30.5
2025-06-12 19:11:00,50.17466168922071
2025-06-12 12:14:00,9.0
2025-06-12 07:37:00,50.17466168922071
2025-06-12 02:46:00,23.9
2025-06-12 19:33:00,52.1
2025-06-12 15:17:00,47.3
2025-06-12 20:14:00,75.3
2025-06-12 22:41:00,93.7
2025-06-12 16:20:00,28.2
2025-06-12 07:05:00,50.17466168922071
2025-06-12 12:22:00,41.7
2025-06-12 18:20:00,84.5
2025-06-12 15:56:00,84.7
2025-06-12 09:37:00,4.8
2025-06-12 10:39:00,73.2
2025-06-12 18:27:00,18.1
2025-06-12 09:17:00,68.6
2025-06-12 00:40:00,4.8
2025-06-12 12:25:00,50.17466168922071
2025-06-12 04:25:00,83.7
2025-06-12 22:51:00,3.1
2025-06-12 02:17:00,40.2
2025-06-12 09:43:00,54.9
2025-06-12 02:15:00,43.3
2025-06-12 20:53:00,50.17466168922071
2025-06-12 00:24:00,15.3
2025-06-12 13:11:00,23.8
2025-06-12 02:34:00,77.4
2025-06-12 23:18:00,44.3
2025-06-12 11:19:00,50.17466168922071
2025-06-12 11:30:00,50.17466168922071
2025-06-12 15:25:00,77.7
2025-06-12 19:59:00,50.17466168922071
2025-06-12 00:24:00,18.4
2025-06-12 18:18:00,27.8
2025-06-12 10:33:00,34.2
2025-06-12 12:07:00,81.9
2025-06-12 23:12:00,54.5
2025-06-12 18:49:00,97.1
2025-06-12 21:33:00,12.3
2025-06-12 06:49:00,56.6
2025-06-12 09:00:00,78.3
2025-06-12 16:26:00,31.5
2025-06-12 09:46:00,51.4
2025-06-12 08:01:00,58.0
2025-06-12 01:52:00,92.3
2025-06-12 09:30:00,16.0
2025-06-12 11:43:00,14.3
2025-06-12 13:49:00,34.6
2025-06-12 18:39:00,1.9
2025-06-12 01:00:00,11.8
2025-06-12 02:04:00,97.1
2025-06-12 16:35:00,15.4
2025-06-12 14:51:00,52.6
2025-06-12 06:29:00,50.17466168922071
2025-06-12 14:16:00,79.6
2025-06-12 05:53:00,34.9
2025-06-12 02:25:00,54.9
2025-06-12 15:59:00,55.2
2025-06-12 16:11:00,78.7
2025-06-12 22:13:00,50.17466168922071
2025-06-12 18:48:00,50.17466168922071
2025-06-12 11:23:00,90.9
2025-06-12 10:16:00,21.7
2025-06-12 09:07:00,20.7
2025-06-12 10:34:00,78.1
2025-06-12 10:03:00,39.8
2025-06-12 12:04:00,9.1
2025-06-12 04:51:00,21.9
2025-06-12 01:12:00,96.7
2025-06-12 10:32:00,64.4
2025-06-12 03:11:00,60.4
2025-06-12 02:01:00,52.9
2025-06-12 16:54:00,92.5
2025-06-12 04:42:00,50.17466168922071
2025-06-12 03:15:00,41.1
2025-06-12 18:57:00,1.0
2025-06-12 03:44:00,80.7
2025-06-12 13:00:00,50.17466168922071
2025-06-12 12:00:00,33.4
2025-06-12 13:15:00,93.3
2025-06-12 15:48:00,87.3
2025-06-12 16:28:00,33.2
2025-06-12 21:17:00,49.28634215500945
2025-06-12 08:03:00,16.3
2025-06-12 23:13:00,99.4
2025-06-12 01:23:00,18.8
2025-06-12 10:18:00,63.2
2025-06-12 18:02:00,49.28634215500945
2025-06-12 15:56:00,97.5
2025-06-12 00:24:00,6.2
2025-06-12 04:18:00,62.6
2025-06-12 03:31:00,20.4
2025-06-12 18:30:00,58.0
2025-06-12 00:36:00,39.3
2025-06-12 21:09:00,3.3
2025-06-12 22:14:00,7.4
2025-06-12 13:03:00,13.2
2025-06-12 07:54:00,59.8
2025-06-12 17:41:00,49.28634215500945
2025-06-12 10:39:00,55.0
2025-06-12 06:30:00,24.2
2025-06-12 01:50:00,67.2
2025-06-12 07:55:00,49.28634215500945
2025-06-12 13:16:00,93.3
2025-06-12 18:25:00,49.28634215500945
2025-06-12 03:51:00,26.0
2025-06-12 12:18:00,54.2
2025-06-12 03:08:00,40.2
2025-06-12 21:34:00,63.8
2025-06-12 22:35:00,95.2
2025-06-12 08:15:00,70.7
2025-06-12 08:11:00,93.9
2025-06-12 14:42:00,45.8
2025-06-12 10:20:00,8.8
2025-06-12 12:20:00,10.5
2025-06-12 20:00:00,87.4
2025-06-12 08:24:00,49.28634215500945
2025-06-12 00:53:00,26.7
2025-06-12 13:46:00,49.28634215500945
2025-06-12 19:10:00,31.0
2025-06-12 10:42:00,49.28634215500945
2025-06-12 07:32:00,23.6
2025-06-12 19:45:00,34.0
2025-06-12 16:43:00,97.7
2025-06-12 03:36:00,16.8
2025-06-12 02:56:00,14.5
2025-06-12 08:15:00,49.28634215500945
2025-06-12 06:30:00,49.28634215500945
2025-06-12 03:45:00,49.28634215500945
2025-06-12 01:45:00,33.5
2025-06-12 06:58:00,62.3
2025-06-12 22:25:00,61.9
2025-06-12 03:08:00,49.28634215500945
2025-06-12 14:00:00,25.3
2025-06-12 00:02:00,72.1
2025-06-12 19:35:00,11.4
2025-06-12 16:49:00,13.1
2025-06-12 04:01:00,49.28634215500945
2025-06-12 14:58:00,22.3
2025-06-12 21:32:00,49.28634215500945
2025-06-12 20:50:00,34.0
2025-06-12 02:29:00,2.5
2025-06-12 22:08:00,30.4
2025-06-12 19:31:00,45.2
2025-06-12 10:50:00,49.28634215500945
2025-06-12 02:10:00,56.0
2025-06-12 01:24:00,71.1
2025-06-12 11:05:00,19.8
2025-06-12 12:36:00,47.2
2025-06-12 09:45:00,39.4
2025-06-12 15:30:00,49.28634215500945
2025-06-12 12:14:00,4.7
2025-06-12 13:52:00,32.8
2025-06-12 09:27:00,49.28634215500945
2025-06-12 02:40:00,39.5
2025-06-12 17:56:00,52.7
2025-06-12 19:31:00,41.2
2025-06-12 00:02:00,49.28634215500945
2025-06-12 12:33:00,49.28634215500945
2025-06-12 18:48:00,49.9
2025-06-12 06:16:00,29.9
2025-06-12 23:17:00,72.2
2025-06-12 06:39:00,47.5
2025-06-12 06:40:00,45.6
2025-06-12 22:59:00,87.0
2025-06-12 00:20:00,89.7
2025-06-12 10:41:00,47.7
2025-06-12 10:14:00,86.3
2025-06-12 16:07:00,49.28634215500945
2025-06-12 23:58:00,72.0
2025-06-12 18:51:00,68.5
2025-06-12 19:49:00,77.9
2025-06-12 08:18:00,95.1
2025-06-12 23:10:00,94.7
2025-06-12 19:38:00,48.8
2025-06-12 14:49:00,61.1
2025-06-12 15:03:00,24.0
2025-06-12 20:56:00,53.1
2025-06-12 09:37:00,49.28634215500945
2025-06-12 16:40:00,2.8
2025-06-12 09:15:00,58.4
2025-06-12 10:47:00,92.2
2025-06-12 08:11:00,10.9
2025-06-12 11:26:00,67.2
2025-06-12 19:43:00,98.4
2025-06-12 17:17:00,42.6
2025-06-12 12:20:00,72.0
2025-06-12 08:00:00,77.9
2025-06-12 22:46:00,78.9
2025-06-12 23:59:00,16.0
2025-06-12 15:03:00,1.0
2025-06-12 01:39:00,49.28634215500945
2025-06-12 17:29:00,27.2
2025-06-12 04:27:00,13.7
2025-06-12 05:24:00,66.7
2025-06-12 02:40:00,42.4
2025-06-12 04:02:00,49.28634215500945
2025-06-12 19:00:00,52.9
2025-06-12 15:06:00,49.28634215500945
2025-06-12 05:58:00,49.28634215500945
2025-06-12 09:45:00,17.5
2025-06-12 10:45:00,49.28634215500945
2025-06-12 11:19:00,49.28634215500945
2025-06-12 19:17:00,24.3
2025-06-12 12:04:00,88.5
2025-06-12 08:39:00,50.6
2025-06-12 00:48:00,1.6
2025-06-12 03:38:00,80.4
2025-06-12 23:48:00,42.7
2025-06-12 16:18:00,40.3
2025-06-12 01:23:00,95.4
2025-06-12 07:14:00,30.2
2025-06-12 13:31:00,49.28634215500945
2025-06-12 18:59:00,52.1
2025-06-12 04:19:00,97.6
2025-06-12 00:55:00,92.0
2025-06-12 09:02:00,49.28634215500945
2025-06-12 23:03:00,38.6
2025-06-12 17:37:00,89.9
2025-06-12 13:17:00,41.9
2025-06-12 15:04:00,51.9
2025-06-12 15:45:00,41.7
2025-06-12 07:36:00,15.9
2025-06-12 18:44:00,6.4
2025-06-12 16:00:00,9.4
2025-06-12 17:20:00,33.8
2025-06-12 16:28:00,82.9
2025-06-12 09:50:00,35.0
2025-06-12 22:55:00,84.8
2025-06-12 15:02:00,49.28634215500945
2025-06-12 18:36:00,43.4
2025-06-12 18:53:00,12.1
2025-06-12 21:42:00,79.1
2025-06-12 19:11:00,9.9
2025-06-12 13:34:00,67.5
2025-06-12 05:25:00,60.0
2025-06-12 02:23:00,20.0
2025-06-12 13:04:00,72.2
2025-06-12 18:36:00,63.4
2025-06-12 07:53:00,49.28634215500945
2025-06-12 03:56:00,9.5
2025-06-12 03:47:00,24.3
2025-06-12 20:10:00,99.4
2025-06-12 08:53:00,50.1
2025-06-12 22:31:00,62.9
2025-06-12 18:17:00,96.2
2025-06-12 13:47:00,86.4
2025-06-12 02:43:00,49.28634215500945
2025-06-12 17:36:00,49.28634215500945
2025-06-12 12:07:00,35.1
2025-06-12 10:30:00,39.3
2025-06-12 22:12:00,16.8
2025-06-12 17:27:00,64.1
2025-06-12 23:14:00,81.2
2025-06-12 15:14:00,9.5
2025-06-12 23:11:00,49.28634215500945
2025-06-12 05:16:00,49.28634215500945
2025-06-12 03:58:00,49.28634215500945
2025-06-12 07:19:00,23.4
2025-06-12 21:19:00,38.9
2025-06-12 02:57:00,82.6
2025-06-12 14:01:00,20.0
2025-06-12 01:00:00,66.0
2025-06-12 17:47:00,49.28634215500945
2025-06-12 00:11:00,94.6
2025-06-12 21:16:00,12.6
2025-06-12 13:41:00,65.4
2025-06-12 22:18:00,57.6
2025-06-12 14:10:00,99.6
2025-06-12 07:27:00,31.1
2025-06-12 01:29:00,49.28634215500945
2025-06-12 02:31:00,49.28634215500945
2025-06-12 19:25:00,49.28634215500945
2025-06-12 15:32:00,49.28634215500945
2025-06-12 02:11:00,27.5
2025-06-12 07:19:00,5.2
2025-06-12 11:12:00,43.0
2025-06-12 06:11:00,34.4
2025-06-12 18:20:00,69.5
2025-06-12 04:31:00,60.6
2025-06-12 04:01:00,8.5
2025-06-12 06:43:00,49.28634215500945
2025-06-12 19:35:00,96.4
2025-06-12 10:56:00,92.6
2025-06-12 11:58:00,59.1
2025-06-12 23:10:00,99.1
2025-06-12 23:29:00,15.3
2025-06-12 23:49:00,39.7
2025-06-12 15:39:00,16.8
2025-06-12 02:46:00,88.7
2025-06-12 17:18:00,49.28634215500945
2025-06-12 17:34:00,70.9
2025-06-12 19:32:00,6.6
2025-06-12 14:02:00,0.3
2025-06-12 09:15:00,31.3
2025-06-12 17:55:00,49.28634215500945
2025-06-12 05:40:00,7.8
2025-06-12 00:05:00,44.6
2025-06-12 08:51:00,31.2
2025-06-12 22:10:00,86.0
2025-06-12 21:27:00,18.4
2025-06-12 00:58:00,18.1
2025-06-12 13:56:00,53.9
2025-06-12 01:48:00,88.4
2025-06-12 06:32:00,74.8
2025-06-12 06:42:00,43.7
2025-06-12 01:19:00,72.4
2025-06-12 14:37:00,49.28634215500945
2025-06-12 05:44:00,34.2
2025-06-12 17:29:00,78.9
2025-06-12 22:25:00,43.5
2025-06-12 03:15:00,28.7
2025-06-12 02:20:00,49.28634215500945
2025-06-12 09:11:00,25.1
2025-06-12 20:17:00,72.4
2025-06-12 01:15:00,29.8
2025-06-12 14:28:00,49.28634215500945
2025-06-12 15:09:00,9.5
2025-06-12 04:06:00,65.6
2025-06-12 10:33:00,75.8
2025-06-12 15:42:00,68.3
2025-06-12 12:50:00,6.9
2025-06-12 06:01:00,49.28634215500945
2025-06-12 22:37:00,78.7
2025-06-12 05:39:00,37.2
2025-06-12 01:37:00,93.3
2025-06-12 03:04:00,44.8
2025-06-12 14:11:00,49.28634215500945
2025-06-12 01:31:00,71.5
2025-06-12 02:02:00,58.1
2025-06-12 20:04:00,49.28634215500945
2025-06-12 18:59:00,83.1
2025-06-12 03:39:00,44.6
2025-06-12 00:14:00,48.5
2025-06-12 14:46:00,75.8
2025-06-12 21:46:00,44.3
2025-06-12 09:34:00,42.1
2025-06-12 08:39:00,18.5
2025-06-12 05:37:00,49.28634215500945
2025-06-12 13:09:00,30.2
2025-06-12 04:53:00,97.0
2025-06-12 09:14:00,24.1
2025-06-12 11:13:00,95.6
2025-06-12 04:38:00,60.1
2025-06-12 06:21:00,4.4
2025-06-12 16:48:00,2.4
2025-06-12 09:33:00,72.5
2025-06-12 04:39:00,26.4
2025-06-12 20:06:00,49.28634215500945
2025-06-12 15:42:00,82.2
2025-06-12 03:54:00,49.28634215500945
2025-06-12 15:08:00,4.2
2025-06-12 20:57:00,3.8
2025-06-12 17:16:00,36.9
2025-06-12 05:33:00,78.0
2025-06-12 00:18:00,21.4
2025-06-12 16:22:00,75.0
2025-06-12 16:17:00,37.1
2025-06-12 03:42:00,58.6
2025-06-12 21:09:00,71.3
2025-06-12 07:31:00,80.8
2025-06-12 17:05:00,49.28634215500945
2025-06-12 16:53:00,6.9
2025-06-12 06:13:00,92.3
2025-06-12 22:59:00,13.4
2025-06-12 09:11:00,53.1
2025-06-12 03:59:00,49.28634215500945
2025-06-12 21:30:00,56.0
2025-06-12 11:41:00,40.8
2025-06-12 15:16:00,15.2
2025-06-12 12:00:00,50.6
2025-06-12 23:14:00,43.0
2025-06-12 08:25:00,39.4
2025-06-12 22:50:00,91.8
2025-06-12 06:52:00,20.6
2025-06-12 12:39:00,64.3
2025-06-12 21:07:00,34.4
2025-06-12 06:44:00,42.3
2025-06-12 08:35:00,17.0
2025-06-12 06:49:00,81.5
2025-06-12 23:57:00,46.8
2025-06-12 19:46:00,49.28634215500945
2025-06-12 04:04:00,49.28634215500945
2025-06-12 13:37:00,49.28634215500945
2025-06-12 20:26:00,18.4
2025-06-12 05:07:00,51.3
2025-06-12 11:49:00,25.4
2025-06-12 19:42:00,79.3
2025-06-12 16:46:00,47.9
2025-06-12 23:04:00,13.7
2025-06-12 11:10:00,49.28634215500945
2025-06-12 17:44:00,33.7
2025-06-12 17:53:00,90.6
2025-06-12 06:57:00,49.28634215500945
2025-06-12 12:54:00,51.5
2025-06-12 14:54:00,28.4
2025-06-12 11:35:00,93.8
2025-06-12 13:31:00,65.4
2025-06-12 20:17:00,49.28634215500945
2025-06-12 00:21:00,70.2
2025-06-12 14:39:00,49.28634215500945
2025-06-12 14:58:00,26.7
2025-06-12 02:09:00,19.0
2025-06-12 23:35:00,29.8
2025-06-12 17:18:00,49.28634215500945
2025-06-12 00:40:00,51.7
2025-06-12 08:30:00,49.28634215500945
2025-06-12 10:56:00,1.8
2025-06-12 18:02:00,98.1
2025-06-12 06:49:00,57.1
2025-06-12 04:44:00,49.28634215500945
2025-06-12 22:57:00,99.3
2025-06-12 02:53:00,73.4
2025-06-12 23:25:00,20.5
2025-06-12 13:43:00,49.28634215500945
2025-06-12 01:17:00,61.3
2025-06-12 15:55:00,5.7
2025-06-12 17:44:00,45.7
2025-06-12 08:46:00,49.28634215500945
2025-06-12 08:52:00,38.5
2025-06-12 15:15:00,97.5
2025-06-12 09:11:00,35.4
2025-06-12 19:01:00,85.2
2025-06-12 15:37:00,72.4
2025-06-12 11:08:00,49.28634215500945
2025-06-12 21:04:00,59.8
2025-06-12 20:33:00,13.5
2025-06-12 06:40:00,45.4
2025-06-12 19:11:00,41.2
2025-06-12 07:23:00,37.4
2025-06-12 00:30:00,32.7
2025-06-12 10:06:00,51.8
2025-06-12 16:10:00,28.0
2025-06-12 10:22:00,42.3
2025-06-12 08:21:00,41.8
2025-06-12 07:56:00,50.0812925170068
2025-06-12 17:21:00,1.6
2025-06-12 16:36:00,26.8
2025-06-12 21:16:00,81.7
2025-06-12 10:39:00,27.3
2025-06-12 19:55:00,91.7
2025-06-12 00:02:00,69.0
2025-06-12 21:14:00,71.0
2025-06-12 04:16:00,64.0
2025-06-12 12:31:00,99.5
2025-06-12 06:51:00,16.5
2025-06-12 02:57:00,58.1
2025-06-12 08:22:00,12.1
2025-06-12 03:21:00,52.3
2025-06-12 16:47:00,5.0
2025-06-12 02:37:00,64.5
2025-06-12 15:50:00,94.5
2025-06-12 11:55:00,70.1
2025-06-12 03:30:00,96.1
2025-06-12 09:16:00,34.0
2025-06-12 23:47:00,50.0812925170068
2025-06-12 13:42:00,94.7
2025-06-12 04:21:00,26.8
2025-06-12 03:43:00,3.6
2025-06-12 09:04:00,77.5
2025-06-12 20:47:00,55.8
2025-06-12 01:33:00,67.9
2025-06-12 01:51:00,94.2
2025-06-12 06:43:00,4.1
2025-06-12 08:53:00,68.1
2025-06-12 08:16:00,7.6
2025-06-12 20:43:00,3.4
2025-06-12 15:25:00,98.0
2025-06-12 05:30:00,50.0812925170068
2025-06-12 22:57:00,77.6
2025-06-12 17:14:00,21.7
2025-06-12 17:09:00,49.3
2025-06-12 21:29:00,60.4
2025-06-12 19:01:00,39.9
2025-06-12 22:04:00,8.9
2025-06-12 21:59:00,77.8
2025-06-12 17:02:00,50.0812925170068
2025-06-12 19:14:00,75.3
2025-06-12 17:55:00,50.0812925170068
2025-06-12 13:25:00,3.3
2025-06-12 08:29:00,28.0
2025-06-12 09:17:00,81.7
2025-06-12 13:02:00,69.9
2025-06-12 00:57:00,61.8
2025-06-12 13:45:00,84.0
2025-06-12 00:12:00,93.3
2025-06-12 22:08:00,99.2
2025-06-12 05:21:00,72.0
2025-06-12 02:25:00,52.1
2025-06-12 17:04:00,11.1
2025-06-12 01:34:00,46.8
2025-06-12 12:03:00,67.4
2025-06-12 02:50:00,50.0812925170068
2025-06-12 10:27:00,77.4
2025-06-12 18:42:00,77.0
2025-06-12 06:18:00,66.3
2025-06-12 23:25:00,38.7
2025-06-12 20:43:00,36.6
2025-06-12 16:56:00,4.9
2025-06-12 22:49:00,5.6
2025-06-12 02:45:00,50.0812925170068
2025-06-12 00:26:00,50.0812925170068
2025-06-12 10:22:00,39.2
2025-06-12 06:18:00,41.9
2025-06-12 09:43:00,5.5
2025-06-12 20:31:00,37.4
2025-06-12 19:55:00,96.9
2025-06-12 20:21:00,12.7
2025-06-12 02:28:00,72.2
2025-06-12 16:33:00,89.4
2025-06-12 03:10:00,67.3
2025-06-12 22:59:00,5.4
2025-06-12 23:07:00,71.5
2025-06-12 19:04:00,77.6
2025-06-12 20:59:00,35.2
2025-06-12 23:25:00,25.3
2025-06-12 01:50:00,50.0812925170068
2025-06-12 03:10:00,75.7
2025-06-12 20:04:00,13.8
2025-06-12 12:20:00,23.4
2025-06-12 03:23:00,38.3
2025-06-12 04:26:00,64.1
2025-06-12 19:36:00,58.1
2025-06-12 17:54:00,35.7
2025-06-12 04:13:00,69.5
2025-06-12 10:47:00,50.0812925170068
2025-06-12 22:01:00,96.3
2025-06-12 03:43:00,50.0812925170068
2025-06-12 06:56:00,62.1
2025-06-12 22:20:00,28.6
2025-06-12 17:27:00,0.5
2025-06-12 04:05:00,56.7
2025-06-12 11:47:00,84.2
2025-06-12 11:50:00,50.0812925170068
2025-06-12 04:06:00,61.6
2025-06-12 11:51:00,57.3
2025-06-12 07:59:00,72.1
2025-06-12 04:19:00,33.6
2025-06-12 12:59:00,39.5
2025-06-12 22:23:00,88.2
2025-06-12 17:10:00,46.8
2025-06-12 07:29:00,6.2
2025-06-12 08:08:00,93.0
2025-06-12 18:16:00,69.0
2025-06-12 02:10:00,71.5
2025-06-12 22:53:00,50.0812925170068
2025-06-12 08:16:00,89.1
2025-06-12 05:53:00,82.3
2025-06-12 21:12:00,33.8
2025-06-12 11:53:00,91.5
2025-06-12 19:40:00,97.6
2025-06-12 08:20:00,40.0
2025-06-12 21:56:00,59.8
2025-06-12 12:01:00,92.0
2025-06-12 21:07:00,35.5
2025-06-12 23:27:00,44.9
2025-06-12 11:58:00,16.3
2025-06-12 08:28:00,81.7
2025-06-12 20:20:00,80.5
2025-06-12 22:52:00,93.2
2025-06-12 19:32:00,20.7
2025-06-12 03:04:00,32.4
2025-06-12 15:02:00,91.5
2025-06-12 09:14:00,26.6
2025-06-12 05:39:00,45.9
2025-06-12 04:09:00,69.4
2025-06-12 14:22:00,76.9
2025-06-12 08:40:00,61.9
2025-06-12 18:03:00,5.7
2025-06-12 15:50:00,50.0812925170068
2025-06-12 21:23:00,58.6
2025-06-12 10:36:00,26.6
2025-06-12 09:58:00,12.4
2025-06-12 16:01:00,81.3
2025-06-12 15:21:00,20.8
2025-06-12 22:13:00,22.7
2025-06-12 11:06:00,60.7
2025-06-12 23:33:00,50.0812925170068
2025-06-12 09:29:00,7.6
2025-06-12 01:20:00,12.4
2025-06-12 04:17:00,53.2
2025-06-12 20:31:00,2.1
2025-06-12 14:17:00,8.0
2025-06-12 07:09:00,30.8
2025-06-12 13:35:00,36.8
2025-06-12 13:22:00,81.7
2025-06-12 15:55:00,28.8
2025-06-12 10:23:00,8.2
2025-06-12 21:03:00,76.8
2025-06-12 22:37:00,28.9
2025-06-12 01:00:00,8.8
2025-06-12 07:35:00,23.5
2025-06-12 01:52:00,82.8
2025-06-12 03:32:00,81.9
2025-06-12 05:45:00,32.7
2025-06-12 23:58:00,22.1
2025-06-12 11:45:00,6.2
2025-06-12 21:20:00,82.0
2025-06-12 16:10:00,55.8
2025-06-12 19:09:00,75.2
2025-06-12 20:19:00,44.2
2025-06-12 12:31:00,44.7
2025-06-12 02:13:00,55.9
2025-06-12 04:58:00,64.8
2025-06-12 13:58:00,60.6
2025-06-12 14:31:00,53.5
2025-06-12 16:26:00,46.6
2025-06-12 04:21:00,85.0
2025-06-12 10:00:00,41.2
2025-06-12 03:02:00,65.5
2025-06-12 13:02:00,96.1
2025-06-12 01:46:00,50.0812925170068
2025-06-12 12:50:00,62.2
2025-06-12 05:13:00,17.9
2025-06-12 06:59:00,53.8
2025-06-12 08:39:00,11.5
2025-06-12 14:04:00,66.1
2025-06-12 21:28:00,50.0812925170068
2025-06-12 17:09:00,33.0
2025-06-12 09:12:00,57.7
2025-06-12 16:46:00,28.5
2025-06-12 20:18:00,30.8
2025-06-12 18:42:00,58.6
2025-06-12 09:51:00,36.4
2025-06-12 03:25:00,82.3
2025-06-12 01:00:00,42.9
2025-06-12 07:47:00,77.4
2025-06-12 11:34:00,67.7
2025-06-12 23:35:00,43.2
2025-06-12 03:29:00,2.3
2025-06-12 14:55:00,15.2
2025-06-12 11:58:00,62.3
2025-06-12 07:01:00,97.1
2025-06-12 03:55:00,45.7
2025-06-12 00:52:00,50.0812925170068
2025-06-12 08:14:00,91.0
2025-06-12 15:59:00,50.0812925170068
2025-06-12 10:45:00,26.7
2025-06-12 04:41:00,30.8
2025-06-12 19:11:00,8.9
2025-06-12 15:42:00,4.4
2025-06-12 16:11:00,4.3
2025-06-12 05:04:00,71.0
2025-06-12 00:44:00,50.0812925170068
2025-06-12 01:09:00,50.0812925170068
2025-06-12 14:00:00,14.9
2025-06-12 08:44:00,0.4
2025-06-12 07:47:00,92.2
2025-06-12 03:25:00,50.0812925170068
2025-06-12 19:31:00,6.2
2025-06-12 23:37:00,53.4
2025-06-12 08:19:00,50.0812925170068
2025-06-12 14:29:00,5.7
2025-06-12 01:28:00,73.6
2025-06-12 12:16:00,24.7
2025-06-12 13:53:00,16.5
2025-06-12 15:36:00,63.7
2025-06-12 17:12:00,47.1
2025-06-12 03:43:00,17.5
2025-06-12 00:59:00,81.8
2025-06-12 16:06:00,62.7
2025-06-12 12:56:00,29.9
2025-06-12 09:43:00,38.1
2025-06-12 21:30:00,51.0
2025-06-12 19:18:00,50.0812925170068
2025-06-12 02:11:00,31.5
2025-06-12 07:27:00,43.8
2025-06-12 03:30:00,70.1
2025-06-12 14:13:00,19.2
2025-06-12 20:09:00,91.5
2025-06-12 14:13:00,53.6
2025-06-12 23:35:00,50.0812925170068
2025-06-12 19:48:00,17.6
2025-06-12 22:12:00,67.4
2025-06-12 19:36:00,47.5
2025-06-12 08:01:00,33.6
2025-06-12 05:08:00,20.8
2025-06-12 00:09:00,34.2
2025-06-12 03:44:00,32.0
2025-06-12 08:11:00,51.8
2025-06-12 13:55:00,14.7
2025-06-12 03:24:00,28.1
2025-06-12 04:01:00,3.6
2025-06-12 15:28:00,39.3
2025-06-12 01:48:00,93.8
2025-06-12 00:57:00,50.0812925170068
2025-06-12 08:54:00,64.8
2025-06-12 20:42:00,50.0812925170068
2025-06-12 08:06:00,2.5
2025-06-12 13:24:00,41.3
2025-06-12 23:05:00,50.0812925170068
2025-06-12 22:02:00,49.0
2025-06-12 21:20:00,2.1
2025-06-12 22:46:00,3.6
2025-06-12 06:26:00,1.1
2025-06-12 11:51:00,26.2
2025-06-12 18:18:00,50.6
2025-06-12 10:29:00,34.0
2025-06-12 23:11:00,68.2
2025-06-12 18:18:00,49.9
2025-06-12 22:53:00,50.0812925170068
2025-06-12 04:01:00,80.9
2025-06-12 14:09:00,73.4
2025-06-12 12:34:00,49.7
2025-06-12 02:13:00,10.8
2025-06-12 08:29:00,87.0
2025-06-12 20:31:00,50.2
2025-06-12 23:04:00,85.7
2025-06-12 08:09:00,44.5
2025-06-12 04:11:00,50.0812925170068
2025-06-12 16:07:00,91.7
2025-06-12 12:09:00,50.0812925170068
2025-06-12 18:31:00,9.2
2025-06-12 01:00:00,50.0812925170068
2025-06-12 03:01:00,50.0812925170068
2025-06-12 02:05:00,77.6
2025-06-12 07:25:00,50.0812925170068
2025-06-12 02:14:00,61.8
2025-06-12 10:48:00,21.9
2025-06-12 03:26:00,0.7
2025-06-12 22:02:00,55.0
2025-06-12 16:54:00,50.0812925170068
2025-06-12 18:51:00,50.0812925170068
2025-06-12 11:13:00,87.2
2025-06-12 14:56:00,24.1
2025-06-12 02:37:00,71.4
2025-06-12 04:33:00,17.8
2025-06-12 02:34:00,23.6
2025-06-12 09:55:00,20.5
2025-06-12 09:21:00,6.2
2025-06-12 11:31:00,69.6
2025-06-12 17:08:00,54.4
2025-06-12 07:14:00,50.0812925170068
2025-06-12 03:22:00,60.8
2025-06-12 15:29:00,50.0812925170068
2025-06-12 12:52:00,98.4
2025-06-12 15:46:00,70.1
2025-06-12 05:15:00,82.2
2025-06-12 04:44:00,50.0812925170068
2025-06-12 05:24:00,67.1
2025-06-12 04:00:00,86.2
2025-06-12 06:40:00,84.8
2025-06-12 10:43:00,97.1
2025-06-12 14:32:00,50.0812925170068
2025-06-12 04:25:00,88.3
2025-06-12 08:18:00,48.8
2025-06-12 10:00:00,34.1
2025-06-12 11:22:00,75.8
2025-06-12 23:47:00,71.0
2025-06-12 03:34:00,36.9
2025-06-12 03:55:00,37.7
2025-06-12 05:16:00,45.3
2025-06-12 11:26:00,41.4
2025-06-12 15:40:00,36.6
2025-06-12 22:06:00,1.3
2025-06-12 23:27:00,50.0812925170068
2025-06-12 09:47:00,51.1
2025-06-12 22:12:00,94.4
2025-06-12 16:48:00,49.0
2025-06-12 23:01:00,74.8
2025-06-12 23:31:00,50.0812925170068
2025-06-12 00:53:00,75.8
2025-06-12 13:22:00,45.6
2025-06-12 18:39:00,50.0812925170068
2025-06-12 04:44:00,77.2
2025-06-12 11:38:00,82.3
2025-06-12 15:35:00,39.6
2025-06-12 10:03:00,50.0812925170068
2025-06-12 13:47:00,65.8
2025-06-12 13:58:00,46.9
2025-06-12 22:44:00,96.1
2025-06-12 10:13:00,8.3
2025-06-12 22:22:00,84.3
2025-06-12 01:36:00,33.4
2025-06-12 04:06:00,23.9
2025-06-12 10:13:00,27.7
2025-06-12 22:22:00,5.5
2025-06-12 17:59:00,98.7
2025-06-12 00:00:00,80.2
2025-06-12 20:20:00,49.63695830886671
2025-06-12 03:34:00,59.3
2025-06-12 00:42:00,85.0
2025-06-12 23:39:00,66.8
2025-06-12 12:06:00,99.2
2025-06-12 08:38:00,71.8
2025-06-12 03:32:00,71.7
2025-06-12 18:06:00,68.9
2025-06-12 18:19:00,79.7
2025-06-12 02:12:00,49.63695830886671
2025-06-12 08:47:00,58.8
2025-06-12 18:11:00,12.1
2025-06-12 23:32:00,16.6
2025-06-12 16:29:00,57.0
2025-06-12 21:03:00,6.0
2025-06-12 10:28:00,49.63695830886671
2025-06-12 07:00:00,61.4
2025-06-12 19:16:00,38.4
2025-06-12 19:36:00,87.8
2025-06-12 14:37:00,92.1
2025-06-12 11:17:00,28.7
2025-06-12 20:01:00,49.63695830886671
2025-06-12 09:16:00,36.2
2025-06-12 19:54:00,17.0
2025-06-12 11:49:00,18.3
2025-06-12 12:52:00,1.5
2025-06-12 10:39:00,49.63695830886671
2025-06-12 05:59:00,40.3
2025-06-12 22:59:00,75.3
2025-06-12 09:17:00,75.7
2025-06-12 01:51:00,20.8
2025-06-12 19:38:00,94.2
2025-06-12 11:33:00,26.7
2025-06-12 23:55:00,30.8
2025-06-12 15:52:00,48.9
2025-06-12 05:56:00,23.0
2025-06-12 16:22:00,13.3
2025-06-12 01:47:00,58.6
2025-06-12 12:54:00,32.4
2025-06-12 14:12:00,55.5
2025-06-12 06:31:00,38.8
2025-06-12 13:32:00,69.6
2025-06-12 16:21:00,68.3
2025-06-12 08:10:00,83.2
2025-06-12 21:05:00,82.2
2025-06-12 11:36:00,39.5
2025-06-12 10:04:00,60.1
2025-06-12 01:26:00,32.7
2025-06-12 22:49:00,57.3
2025-06-12 14:40:00,86.2
2025-06-12 05:32:00,37.4
2025-06-12 13:49:00,40.2
2025-06-12 16:28:00,39.0
2025-06-12 05:37:00,46.1
2025-06-12 03:14:00,76.4
2025-06-12 13:22:00,44.9
2025-06-12 03:35:00,30.6
2025-06-12 01:19:00,30.5
2025-06-12 22:35:00,38.8
2025-06-12 12:54:00,32.8
2025-06-12 23:29:00,57.6
2025-06-12 13:50:00,18.6
2025-06-12 08:42:00,82.5
2025-06-12 07:50:00,72.7
2025-06-12 09:51:00,32.6
2025-06-12 02:05:00,84.4
2025-06-12 18:38:00,30.4
2025-06-12 00:11:00,72.1
2025-06-12 22:09:00,81.4
2025-06-12 11:46:00,68.5
2025-06-12 07:29:00,72.0
2025-06-12 05:38:00,19.7
2025-06-12 10:23:00,35.9
2025-06-12 11:20:00,36.1
2025-06-12 17:46:00,73.8
2025-06-12 17:38:00,50.3
2025-06-12 06:34:00,69.7
2025-06-12 08:22:00,86.0
2025-06-12 12:24:00,55.2
2025-06-12 07:39:00,0.9
2025-06-12 01:52:00,57.0
2025-06-12 00:14:00,1.5
2025-06-12 04:46:00,49.63695830886671
2025-06-12 22:11:00,49.63695830886671
2025-06-12 04:45:00,83.6
2025-06-12 19:46:00,49.63695830886671
2025-06-12 21:32:00,15.6
2025-06-12 05:24:00,47.4
2025-06-12 02:25:00,25.9
2025-06-12 10:14:00,33.7
2025-06-12 21:35:00,13.7
2025-06-12 07:43:00,67.5
2025-06-12 17:06:00,68.0
2025-06-12 10:07:00,80.2
2025-06-12 03:28:00,49.63695830886671
2025-06-12 08:49:00,21.3
2025-06-12 16:29:00,72.2
2025-06-12 08:02:00,54.2
2025-06-12 07:42:00,15.5
2025-06-12 20:53:00,48.1
2025-06-12 13:17:00,13.4
2025-06-12 08:38:00,34.6
2025-06-12 23:54:00,94.2
2025-06-12 03:49:00,66.8
2025-06-12 19:34:00,33.8
2025-06-12 01:40:00,8.0
2025-06-12 07:36:00,98.6
2025-06-12 23:14:00,49.63695830886671
2025-06-12 13:18:00,62.2
2025-06-12 20:33:00,85.0
2025-06-12 10:59:00,49.63695830886671
2025-06-12 06:06:00,89.3
2025-06-12 06:47:00,12.6
2025-06-12 05:44:00,36.2
2025-06-12 10:23:00,29.4
2025-06-12 03:44:00,49.2
2025-06-12 07:09:00,59.6
2025-06-12 06:01:00,1.4
2025-06-12 13:27:00,22.6
2025-06-12 20:28:00,50.7
2025-06-12 13:49:00,84.1
2025-06-12 01:17:00,67.7
2025-06-12 18:51:00,91.2
2025-06-12 13:47:00,49.63695830886671
2025-06-12 16:14:00,94.6
2025-06-12 17:53:00,50.1
2025-06-12 17:07:00,5.9
2025-06-12 09:14:00,28.1
2025-06-12 10:24:00,29.9
2025-06-12 08:46:00,72.3
2025-06-12 09:06:00,20.2
2025-06-12 22:12:00,82.4
2025-06-12 23:43:00,24.1
2025-06-12 09:41:00,34.0
2025-06-12 10:52:00,23.7
2025-06-12 00:05:00,10.7
2025-06-12 04:24:00,49.63695830886671
2025-06-12 00:27:00,88.5
2025-06-12 00:21:00,98.1
2025-06-12 10:45:00,2.2
2025-06-12 20:53:00,3.3
2025-06-12 02:27:00,49.63695830886671
2025-06-12 17:56:00,78.2
2025-06-12 13:48:00,86.0
2025-06-12 00:47:00,45.2
2025-06-12 06:54:00,59.7
2025-06-12 11:08:00,83.0
2025-06-12 06:35:00,73.9
2025-06-12 17:38:00,50.7
2025-06-12 20:24:00,3.6
2025-06-12 03:56:00,25.9
2025-06-12 02:00:00,86.6
2025-06-12 12:37:00,49.63695830886671
2025-06-12 08:32:00,27.9
2025-06-12 08:15:00,49.63695830886671
2025-06-12 18:50:00,7.1
2025-06-12 18:12:00,87.0
2025-06-12 08:41:00,38.1
2025-06-12 08:55:00,12.7
2025-06-12 07:52:00,1.9
2025-06-12 21:03:00,26.0
2025-06-12 05:04:00,5.5
2025-06-12 09:39:00,61.9
2025-06-12 17:09:00,79.6
2025-06-12 16:14:00,37.9
2025-06-12 01:44:00,49.63695830886671
2025-06-12 04:45:00,60.3
2025-06-12 18:12:00,39.1
2025-06-12 16:54:00,96.3
2025-06-12 01:56:00,49.63695830886671
2025-06-12 18:09:00,33.7
2025-06-12 10:19:00,73.8
2025-06-12 00:14:00,67.4
2025-06-12 05:07:00,64.8
2025-06-12 23:32:00,90.5
2025-06-12 15:55:00,56.1
2025-06-12 13:19:00,4.4
2025-06-12 07:44:00,84.0
2025-06-12 18:55:00,26.0
2025-06-12 11:49:00,85.8
2025-06-12 20:07:00,21.8
2025-06-12 02:26:00,49.63695830886671
2025-06-12 16:34:00,75.7
2025-06-12 11:00:00,91.7
2025-06-12 00:49:00,49.63695830886671
2025-06-12 18:15:00,49.63695830886671
2025-06-12 19:05:00,87.6
2025-06-12 10:26:00,49.63695830886671
2025-06-12 11:37:00,7.2
2025-06-12 19:54:00,49.63695830886671
2025-06-12 01:34:00,99.1
2025-06-12 06:18:00,92.7
2025-06-12 12:15:00,8.0
2025-06-12 05:51:00,52.4
2025-06-12 09:17:00,93.7
2025-06-12 05:47:00,21.3
2025-06-12 05:24:00,51.4
2025-06-12 06:32:00,26.3
2025-06-12 12:31:00,88.4
2025-06-12 10:07:00,45.9
2025-06-12 07:29:00,50.0
2025-06-12 11:05:00,56.6
2025-06-12 23:41:00,88.6
2025-06-12 05:04:00,51.3
2025-06-12 16:15:00,49.63695830886671
2025-06-12 08:23:00,13.4
2025-06-12 05:33:00,37.4
2025-06-12 18:13:00,93.2
2025-06-12 08:44:00,65.1
2025-06-12 07:51:00,97.9
2025-06-12 00:58:00,6.8
2025-06-12 07:16:00,28.4
2025-06-12 04:43:00,49.63695830886671
2025-06-12 20:23:00,16.4
2025-06-12 12:23:00,55.8
2025-06-12 09:00:00,48.1
2025-06-12 21:46:00,91.9
2025-06-12 11:48:00,92.6
2025-06-12 18:21:00,28.9
2025-06-12 14:36:00,96.0
2025-06-12 14:22:00,68.9
2025-06-12 13:29:00,12.5
2025-06-12 17:11:00,49.63695830886671
2025-06-12 18:30:00,4.7
2025-06-12 01:27:00,81.7
2025-06-12 17:51:00,46.1
2025-06-12 21:30:00,60.1
2025-06-12 16:19:00,44.7
2025-06-12 02:07:00,43.6
2025-06-12 23:47:00,78.5
2025-06-12 10:13:00,38.0
2025-06-12 02:47:00,80.6
2025-06-12 19:19:00,35.2
2025-06-12 21:04:00,0.2
2025-06-12 03:13:00,41.4
2025-06-12 15:14:00,53.6
2025-06-12 20:07:00,65.1
2025-06-12 11:42:00,78.7
2025-06-12 02:06:00,22.9
2025-06-12 18:51:00,97.8
2025-06-12 12:04:00,60.6
2025-06-12 08:13:00,49.1
2025-06-12 02:37:00,44.7
2025-06-12 16:24:00,39.5
2025-06-12 07:36:00,67.3
2025-06-12 21:23:00,95.3
2025-06-12 00:15:00,58.2
2025-06-12 17:57:00,33.5
2025-06-12 16:31:00,10.5
2025-06-12 06:10:00,94.9
2025-06-12 10:06:00,49.63695830886671
2025-06-12 16:27:00,43.5
2025-06-12 06:47:00,49.63695830886671
2025-06-12 15:38:00,47.3
2025-06-12 23:30:00,4.7
2025-06-12 11:39:00,49.63695830886671
2025-06-12 15:52:00,74.9
2025-06-12 04:54:00,31.0
2025-06-12 00:59:00,54.1
2025-06-12 23:15:00,65.2
2025-06-12 10:57:00,88.0
2025-06-12 23:57:00,49.63695830886671
2025-06-12 14:13:00,49.63695830886671
2025-06-12 12:56:00,60.5
2025-06-12 02:41:00,49.63695830886671
2025-06-12 05:28:00,49.63695830886671
2025-06-12 13:05:00,17.6
2025-06-12 23:07:00,58.0
2025-06-12 12:51:00,47.5
2025-06-12 21:58:00,80.1
2025-06-12 01:58:00,32.4
2025-06-12 14:13:00,62.8
2025-06-12 22:21:00,45.1
2025-06-12 02:20:00,69.2
2025-06-12 02:19:00,21.3
2025-06-12 17:56:00,30.9
2025-06-12 23:55:00,59.6
2025-06-12 07:49:00,91.4
2025-06-12 00:18:00,68.1
2025-06-12 14:07:00,72.7
2025-06-12 16:21:00,49.63695830886671
2025-06-12 20:46:00,10.9
2025-06-12 07:46:00,27.2
2025-06-12 10:33:00,49.63695830886671
2025-06-12 22:08:00,4.1
2025-06-12 18:53:00,86.1
2025-06-12 07:17:00,20.7
2025-06-12 19:28:00,10.5
2025-06-12 19:21:00,68.8
2025-06-12 19:45:00,80.9
2025-06-12 16:51:00,70.0
2025-06-12 10:44:00,49.63695830886671
2025-06-12 08:43:00,52.5
2025-06-12 23:40:00,20.4
2025-06-12 01:25:00,87.4
2025-06-12 19:08:00,49.63695830886671
2025-06-12 12:12:00,19.1
2025-06-12 17:54:00,14.5
2025-06-12 11:59:00,90.3
2025-06-12 12:53:00,49.63695830886671
2025-06-12 20:28:00,5.5
2025-06-12 13:02:00,6.4
2025-06-12 00:10:00,49.63695830886671
2025-06-12 03:26:00,23.7
2025-06-12 07:25:00,49.63695830886671
2025-06-12 10:36:00,66.0
2025-06-12 10:20:00,41.6
2025-06-12 10:20:00,51.6
2025-06-12 07:23:00,12.2
2025-06-12 18:35:00,63.5
2025-06-12 22:01:00,75.3
2025-06-12 10:09:00,9.5
2025-06-12 15:41:00,87.9
2025-06-12 09:23:00,94.4
2025-06-12 17:02:00,79.7
2025-06-12 10:01:00,49.63695830886671
2025-06-12 12:40:00,80.2
2025-06-12 11:03:00,80.6
2025-06-12 00:21:00,49.63695830886671
2025-06-12 19:20:00,75.6
2025-06-12 04:55:00,75.2
2025-06-12 02:35:00,29.6
2025-06-12 16:39:00,88.1
2025-06-12 06:10:00,75.1
2025-06-12 09:02:00,40.5
2025-06-12 18:53:00,41.2
2025-06-12 14:42:00,47.3
2025-06-12 22:24:00,81.7
2025-06-12 21:42:00,49.63695830886671
2025-06-12 03:32:00,9.6
2025-06-12 11:39:00,83.7
2025-06-12 08:00:00,56.7
2025-06-12 13:54:00,61.9
2025-06-12 07:27:00,94.4
2025-06-12 08:39:00,47.7
2025-06-12 18:42:00,99.0
2025-06-12 04:58:00,49.63695830886671
2025-06-12 11:18:00,4.9
2025-06-12 10:32:00,22.2
2025-06-12 10:18:00,83.8
2025-06-12 09:39:00,56.9
2025-06-12 18:45:00,84.2
2025-06-12 22:05:00,16.8
2025-06-12 14:13:00,83.2
2025-06-12 06:58:00,49.63695830886671
2025-06-12 11:16:00,60.1
2025-06-12 02:25:00,11.7
2025-06-12 07:48:00,61.9
2025-06-12 13:46:00,30.6
2025-06-12 09:02:00,2.5
2025-06-12 09:58:00,1.1
2025-06-12 17:34:00,38.9
2025-06-12 20:31:00,49.63695830886671
2025-06-12 09:22:00,89.7
2025-06-12 05:52:00,96.4
2025-06-12 18:29:00,47.4
2025-06-12 05:38:00,50.5
2025-06-12 23:34:00,78.6
2025-06-12 13:37:00,30.9
2025-06-12 01:40:00,45.2
2025-06-12 18:50:00,96.0
2025-06-12 15:59:00,67.0
2025-06-12 04:05:00,96.9
2025-06-12 21:51:00,58.2
2025-06-12 20:03:00,72.9
2025-06-12 01:23:00,58.2
2025-06-12 12:48:00,50.41405513666353
2025-06-12 17:38:00,12.5
2025-06-12 19:45:00,53.5
2025-06-12 10:55:00,38.2
2025-06-12 17:52:00,1.5
2025-06-12 06:29:00,47.1
2025-06-12 02:06:00,16.1
2025-06-12 21:26:00,15.4
2025-06-12 00:50:00,88.4
2025-06-12 08:39:00,95.1
2025-06-12 06:22:00,99.4
2025-06-12 06:05:00,50.41405513666353
2025-06-12 01:37:00,40.5
2025-06-12 03:30:00,76.5
2025-06-12 20:29:00,4.6
2025-06-12 01:34:00,15.7
2025-06-12 19:24:00,92.7
2025-06-12 08:12:00,97.5
2025-06-12 01:16:00,99.5
2025-06-12 09:50:00,11.5
2025-06-12 06:23:00,89.4
2025-06-12 13:16:00,47.4
2025-06-12 04:07:00,58.2
2025-06-12 20:29:00,50.41405513666353
2025-06-12 05:41:00,56.5
2025-06-12 21:54:00,42.8
2025-06-12 08:47:00,94.6
2025-06-12 21:47:00,95.6
2025-06-12 03:05:00,28.7
2025-06-12 21:27:00,39.6
2025-06-12 20:30:00,51.1
2025-06-12 10:06:00,9.4
2025-06-12 11:25:00,50.41405513666353
2025-06-12 16:26:00,93.5
2025-06-12 13:24:00,60.6
2025-06-12 20:42:00,51.7
2025-06-12 04:10:00,71.7
2025-06-12 16:16:00,81.0
2025-06-12 14:49:00,19.7
2025-06-12 21:39:00,84.2
2025-06-12 13:32:00,64.6
2025-06-12 15:55:00,66.9
2025-06-12 22:45:00,50.41405513666353
2025-06-12 17:07:00,50.41405513666353
2025-06-12 21:18:00,83.9
2025-06-12 13:01:00,44.3
2025-06-12 09:02:00,33.7
2025-06-12 08:50:00,50.41405513666353
2025-06-12 01:40:00,43.1
2025-06-12 17:15:00,63.7
2025-06-12 19:26:00,50.41405513666353
2025-06-12 11:19:00,85.7
2025-06-12 07:20:00,33.1
2025-06-12 11:51:00,50.41405513666353
2025-06-12 10:49:00,98.3
2025-06-12 23:09:00,8.0
2025-06-12 06:05:00,94.2
2025-06-12 05:45:00,50.41405513666353
2025-06-12 08:31:00,100.0
2025-06-12 20:41:00,51.2
2025-06-12 00:07:00,0.7
2025-06-12 15:13:00,99.2
2025-06-12 19:22:00,97.8
2025-06-12 18:24:00,27.6
2025-06-12 21:07:00,40.6
2025-06-12 08:04:00,16.1
2025-06-12 01:30:00,15.9
2025-06-12 22:59:00,44.0
2025-06-12 21:15:00,64.9
2025-06-12 04:05:00,58.4
2025-06-12 14:39:00,12.9
2025-06-12 19:47:00,51.4
2025-06-12 12:00:00,18.5
2025-06-12 02:49:00,27.7
2025-06-12 23:12:00,94.2
2025-06-12 14:47:00,83.1
2025-06-12 20:51:00,75.4
2025-06-12 01:56:00,13.9
2025-06-12 09:45:00,81.7
2025-06-12 01:40:00,53.5
2025-06-12 13:10:00,50.41405513666353
2025-06-12 13:17:00,45.7
2025-06-12 16:44:00,68.9
2025-06-12 17:58:00,31.7
2025-06-12 06:43:00,92.9
2025-06-12 07:39:00,60.3
2025-06-12 10:59:00,79.4
2025-06-12 08:11:00,30.1
2025-06-12 17:09:00,79.7
2025-06-12 22:29:00,62.9
2025-06-12 12:45:00,32.8
2025-06-12 15:46:00,50.41405513666353
2025-06-12 05:33:00,89.8
2025-06-12 15:17:00,71.9
2025-06-12 01:15:00,99.8
2025-06-12 06:49:00,4.8
2025-06-12 07:46:00,93.3
2025-06-12 18:10:00,88.6
2025-06-12 23:19:00,13.3
2025-06-12 17:01:00,23.8
2025-06-12 03:06:00,47.1
2025-06-12 06:42:00,48.9
2025-06-12 16:04:00,57.8
2025-06-12 17:56:00,4.2
2025-06-12 22:31:00,32.8
2025-06-12 17:34:00,84.0
2025-06-12 17:28:00,50.41405513666353
2025-06-12 05:00:00,49.5
2025-06-12 18:09:00,21.0
2025-06-12 09:00:00,80.3
2025-06-12 01:16:00,79.6
2025-06-12 08:15:00,15.8
2025-06-12 16:28:00,63.6
2025-06-12 03:59:00,50.41405513666353
2025-06-12 20:07:00,32.3
2025-06-12 04:46:00,7.9
2025-06-12 12:38:00,30.1
2025-06-12 20:12:00,70.6
2025-06-12 10:45:00,27.5
2025-06-12 08:47:00,90.9
2025-06-12 19:53:00,56.6
2025-06-12 12:21:00,70.9
2025-06-12 14:13:00,50.41405513666353
2025-06-12 07:57:00,5.6
2025-06-12 22:52:00,82.6
2025-06-12 14:08:00,56.0
2025-06-12 05:02:00,39.2
2025-06-12 13:02:00,7.3
2025-06-12 04:59:00,94.7
2025-06-12 18:48:00,1.6
2025-06-12 08:07:00,50.41405513666353
2025-06-12 09:20:00,68.0
2025-06-12 01:54:00,16.4
2025-06-12 10:39:00,6.8
2025-06-12 06:53:00,2.3
2025-06-12 11:59:00,52.0
2025-06-12 00:34:00,45.6
2025-06-12 00:20:00,22.1
2025-06-12 21:19:00,98.7
2025-06-12 16:15:00,96.7
2025-06-12 01:27:00,50.41405513666353
2025-06-12 17:26:00,12.1
2025-06-12 14:58:00,22.2
2025-06-12 08:57:00,83.7
2025-06-12 08:52:00,67.8
2025-06-12 01:02:00,68.0
2025-06-12 18:13:00,41.3
2025-06-12 08:47:00,29.0
2025-06-12 14:11:00,39.8
2025-06-12 00:19:00,44.8
2025-06-12 20:18:00,91.1
2025-06-12 08:34:00,40.4
2025-06-12 04:43:00,50.41405513666353
2025-06-12 04:40:00,5.2
2025-06-12 04:26:00,32.3
2025-06-12 22:48:00,50.41405513666353
2025-06-12 21:11:00,57.1
2025-06-12 12:17:00,42.8
2025-06-12 22:20:00,19.1
2025-06-12 22:23:00,30.2
2025-06-12 06:40:00,33.4
2025-06-12 12:57:00,39.6
2025-06-12 11:06:00,78.9
2025-06-12 01:49:00,20.1
2025-06-12 05:34:00,81.1
2025-06-12 17:01:00,64.4
2025-06-12 15:13:00,83.1
2025-06-12 16:22:00,34.4
2025-06-12 04:56:00,18.9
2025-06-12 23:20:00,34.5
2025-06-12 19:22:00,50.41405513666353
2025-06-12 23:16:00,58.0
2025-06-12 06:51:00,3.2
2025-06-12 08:57:00,65.2
2025-06-12 16:00:00,20.9
2025-06-12 10:23:00,3.2
2025-06-12 17:00:00,86.5
2025-06-12 20:11:00,90.5
2025-06-12 23:48:00,2.4
2025-06-12 01:51:00,17.6
2025-06-12 11:55:00,14.7
2025-06-12 23:39:00,3.2
2025-06-12 21:03:00,41.5
2025-06-12 18:47:00,12.8
2025-06-12 11:07:00,51.2
2025-06-12 21:10:00,2.0
2025-06-12 03:46:00,23.2
2025-06-12 11:32:00,68.2
2025-06-12 02:34:00,35.8
2025-06-12 07:49:00,47.9
2025-06-12 13:19:00,64.2
2025-06-12 11:07:00,44.8
2025-06-12 01:03:00,49.4
2025-06-12 13:54:00,94.9
2025-06-12 06:54:00,61.1
2025-06-12 17:03:00,81.7
2025-06-12 12:58:00,4.2
2025-06-12 20:17:00,62.8
2025-06-12 07:38:00,31.6
2025-06-12 06:44:00,24.8
2025-06-12 09:54:00,81.2
2025-06-12 11:24:00,14.9
2025-06-12 10:43:00,25.5
2025-06-12 10:39:00,58.5
2025-06-12 17:35:00,50.41405513666353
2025-06-12 07:11:00,50.41405513666353
2025-06-12 17:21:00,27.4
2025-06-12 01:44:00,47.8
2025-06-12 09:39:00,63.2
2025-06-12 20:08:00,14.9
2025-06-12 16:38:00,13.3
2025-06-12 08:54:00,88.6
2025-06-12 21:19:00,11.5
2025-06-12 15:35:00,47.7
2025-06-12 16:25:00,8.6
2025-06-12 02:05:00,74.9
2025-06-12 05:42:00,35.2
2025-06-12 22:45:00,51.1
2025-06-12 06:54:00,50.41405513666353
2025-06-12 06:59:00,50.41405513666353
2025-06-12 13:08:00,46.2
2025-06-12 23:14:00,43.7
2025-06-12 01:53:00,24.6
2025-06-12 22:09:00,64.0
2025-06-12 06:57:00,86.5
2025-06-12 04:53:00,50.41405513666353
2025-06-12 07:16:00,70.8
2025-06-12 21:56:00,69.7
2025-06-12 06:58:00,27.1
2025-06-12 20:33:00,61.5
2025-06-12 18:54:00,77.5
2025-06-12 13:20:00,23.5
2025-06-12 20:23:00,44.5
2025-06-12 03:44:00,50.41405513666353
2025-06-12 04:22:00,76.8
2025-06-12 23:12:00,6.7
2025-06-12 23:43:00,5.6
2025-06-12 19:34:00,85.3
2025-06-12 18:38:00,46.4
2025-06-12 12:00:00,90.0
2025-06-12 12:50:00,66.7
2025-06-12 02:51:00,66.2
2025-06-12 05:48:00,7.6
2025-06-12 20:29:00,99.4
2025-06-12 20:46:00,20.1
2025-06-12 22:06:00,17.7
2025-06-12 03:36:00,84.0
2025-06-12 14:31:00,86.5
2025-06-12 02:21:00,50.41405513666353
2025-06-12 22:29:00,90.8
2025-06-12 15:08:00,70.5
2025-06-12 05:26:00,74.1
2025-06-12 15:27:00,90.6
2025-06-12 23:09:00,97.0
2025-06-12 00:25:00,0.4
2025-06-12 11:25:00,68.4
2025-06-12 00:05:00,33.5
2025-06-12 07:13:00,37.8
2025-06-12 22:21:00,84.3
2025-06-12 00:38:00,17.6
2025-06-12 02:43:00,29.8
2025-06-12 20:26:00,50.41405513666353
2025-06-12 04:05:00,50.41405513666353
2025-06-12 17:45:00,31.5
2025-06-12 21:05:00,67.5
2025-06-12 00:15:00,92.2
2025-06-12 12:58:00,59.2
2025-06-12 15:22:00,88.5
2025-06-12 06:16:00,49.2
2025-06-12 15:47:00,15.1
2025-06-12 11:25:00,22.5
2025-06-12 04:57:00,48.8
2025-06-12 13:46:00,53.9
2025-06-12 05:44:00,50.41405513666353
2025-06-12 07:18:00,50.41405513666353
2025-06-12 02:56:00,50.41405513666353
2025-06-12 14:47:00,56.2
2025-06-12 14:22:00,68.5
2025-06-12 04:01:00,50.41405513666353
2025-06-12 22:37:00,26.7
2025-06-12 15:09:00,38.7
2025-06-12 20:37:00,59.4
2025-06-12 11:42:00,87.1
2025-06-12 14:51:00,50.41405513666353
2025-06-12 23:35:00,25.5
2025-06-12 12:10:00,41.5
2025-06-12 07:02:00,12.6
2025-06-12 02:59:00,59.2
2025-06-12 15:02:00,72.5
2025-06-12 00:21:00,0.0
2025-06-12 13:06:00,77.1
2025-06-12 23:06:00,45.4
2025-06-12 07:13:00,70.3
2025-06-12 15:18:00,27.5
2025-06-12 00:33:00,30.5
2025-06-12 19:09:00,89.7
2025-06-12 13:37:00,54.0
2025-06-12 06:01:00,73.5
2025-06-12 01:40:00,88.0
2025-06-12 07:37:00,12.1
2025-06-12 01:23:00,77.9
2025-06-12 20:30:00,53.5
2025-06-12 22:50:00,3.3
2025-06-12 13:09:00,19.6
2025-06-12 02:17:00,94.8
2025-06-12 23:57:00,34.3
2025-06-12 06:40:00,35.0
2025-06-12 06:37:00,48.3
2025-06-12 22:42:00,74.7
2025-06-12 00:07:00,9.4
2025-06-12 17:37:00,79.8
2025-06-12 09:59:00,11.9
2025-06-12 12:23:00,96.2
2025-06-12 02:09:00,49.776157380139004
2025-06-12 00:24:00,8.4
2025-06-12 15:24:00,42.3
2025-06-12 01:11:00,6.2
2025-06-12 08:46:00,71.6
2025-06-12 07:13:00,43.7
2025-06-12 18:24:00,81.0
2025-06-12 14:10:00,47.0
2025-06-12 21:08:00,39.9
2025-06-12 07:03:00,14.3
2025-06-12 09:53:00,7.7
2025-06-12 21:58:00,67.5
2025-06-12 10:08:00,18.4
2025-06-12 09:01:00,46.7
2025-06-12 16:26:00,57.2
2025-06-12 09:31:00,27.5
2025-06-12 23:42:00,69.0
2025-06-12 03:30:00,43.6
2025-06-12 23:59:00,30.3
2025-06-12 13:16:00,25.4
2025-06-12 07:29:00,68.3
2025-06-12 22:14:00,49.776157380139004
2025-06-12 14:03:00,20.5
2025-06-12 02:01:00,56.2
2025-06-12 15:58:00,49.776157380139004
2025-06-12 13:21:00,26.8
2025-06-12 02:27:00,12.2
2025-06-12 19:32:00,13.6
2025-06-12 08:57:00,49.776157380139004
2025-06-12 02:27:00,34.9
2025-06-12 06:55:00,91.5
2025-06-12 03:04:00,2.0
2025-06-12 05:27:00,53.6
2025-06-12 14:15:00,49.776157380139004
2025-06-12 10:14:00,24.5
2025-06-12 14:01:00,89.8
2025-06-12 17:23:00,49.776157380139004
2025-06-12 09:31:00,93.4
2025-06-12 04:49:00,23.1
2025-06-12 21:09:00,70.8
2025-06-12 21:05:00,62.0
2025-06-12 14:34:00,44.4
2025-06-12 15:41:00,16.3
2025-06-12 13:52:00,78.6
2025-06-12 19:04:00,32.8
2025-06-12 15:01:00,41.9
2025-06-12 07:05:00,28.5
2025-06-12 00:46:00,49.776157380139004
2025-06-12 04:56:00,49.0
2025-06-12 12:16:00,45.0
2025-06-12 12:37:00,49.776157380139004
2025-06-12 13:28:00,44.2
2025-06-12 14:28:00,90.1
2025-06-12 04:37:00,66.8
2025-06-12 23:26:00,40.1
2025-06-12 10:03:00,49.776157380139004
2025-06-12 09:56:00,92.9
2025-06-12 13:31:00,9.0
2025-06-12 04:32:00,70.1
2025-06-12 23:18:00,43.2
2025-06-12 05:18:00,71.4
2025-06-12 07:50:00,95.4
2025-06-12 07:54:00,74.3
2025-06-12 00:17:00,28.7
2025-06-12 01:51:00,65.8
2025-06-12 17:55:00,56.7
2025-06-12 13:42:00,7.2
2025-06-12 13:04:00,59.7
2025-06-12 04:22:00,57.1
2025-06-12 07:50:00,22.7
2025-06-12 23:26:00,64.1
2025-06-12 12:18:00,45.2
2025-06-12 16:19:00,44.8
2025-06-12 18:37:00,29.5
2025-06-12 14:54:00,35.1
2025-06-12 20:31:00,87.7
2025-06-12 22:40:00,51.3
2025-06-12 10:43:00,99.5
2025-06-12 14:17:00,2.5
2025-06-12 12:33:00,90.9
2025-06-12 07:38:00,64.8
2025-06-12 23:43:00,25.6
2025-06-12 13:49:00,60.9
2025-06-12 15:35:00,49.776157380139004
2025-06-12 06:08:00,81.9
2025-06-12 01:35:00,49.776157380139004
2025-06-12 01:14:00,17.8
2025-06-12 08:45:00,47.4
2025-06-12 21:48:00,57.2
2025-06-12 07:28:00,88.3
2025-06-12 09:32:00,49.776157380139004
2025-06-12 18:30:00,49.776157380139004
2025-06-12 19:46:00,83.5
2025-06-12 21:35:00,34.0
2025-06-12 02:48:00,45.5
2025-06-12 09:27:00,34.9
2025-06-12 18:54:00,65.4
2025-06-12 08:00:00,70.3
2025-06-12 18:36:00,43.9
2025-06-12 20:23:00,19.8
2025-06-12 05:46:00,58.8
2025-06-12 04:41:00,34.3
2025-06-12 01:49:00,49.776157380139004
2025-06-12 23:18:00,74.1
2025-06-12 02:07:00,23.1
2025-06-12 03:48:00,97.5
2025-06-12 23:26:00,20.9
2025-06-12 11:21:00,22.0
2025-06-12 07:18:00,49.776157380139004
2025-06-12 12:28:00,62.7
2025-06-12 03:10:00,2.9
2025-06-12 23:19:00,72.6
2025-06-12 12:28:00,94.7
2025-06-12 18:04:00,63.0
2025-06-12 22:30:00,39.9
2025-06-12 09:53:00,63.8
2025-06-12 09:29:00,6.7
2025-06-12 06:15:00,0.5
2025-06-12 15:02:00,53.6
2025-06-12 03:20:00,79.8
2025-06-12 04:45:00,77.9
2025-06-12 17:31:00,50.8
2025-06-12 18:31:00,90.4
2025-06-12 17:50:00,16.9
2025-06-12 03:17:00,44.7
2025-06-12 12:13:00,54.7
2025-06-12 19:16:00,95.5
2025-06-12 11:35:00,38.1
2025-06-12 22:40:00,60.1
2025-06-12 00:03:00,26.4
2025-06-12 06:35:00,87.0
2025-06-12 00:04:00,89.7
2025-06-12 17:05:00,32.9
2025-06-12 02:31:00,49.776157380139004
2025-06-12 01:17:00,21.2
2025-06-12 16:24:00,11.9
2025-06-12 18:54:00,70.2
2025-06-12 21:48:00,51.7
2025-06-12 04:19:00,16.4
2025-06-12 08:40:00,50.2
2025-06-12 13:08:00,70.6
2025-06-12 04:45:00,22.5
2025-06-12 01:33:00,40.5
2025-06-12 18:03:00,96.1
2025-06-12 21:21:00,14.0
2025-06-12 15:45:00,66.7
2025-06-12 17:04:00,59.7
2025-06-12 16:39:00,44.5
2025-06-12 07:39:00,49.776157380139004
2025-06-12 04:30:00,85.1
2025-06-12 04:52:00,48.8
2025-06-12 07:38:00,11.3
2025-06-12 21:18:00,29.3
2025-06-12 09:49:00,11.5
2025-06-12 07:03:00,23.8
2025-06-12 17:46:00,58.0
2025-06-12 08:31:00,91.2
2025-06-12 13:19:00,91.0
2025-06-12 21:02:00,96.4
2025-06-12 15:28:00,4.4
2025-06-12 20:08:00,61.8
2025-06-12 17:11:00,91.8
2025-06-12 10:53:00,30.5
2025-06-12 15:32:00,49.776157380139004
2025-06-12 23:20:00,24.3
2025-06-12 20:34:00,28.7
2025-06-12 01:45:00,4.1
2025-06-12 13:00:00,49.776157380139004
2025-06-12 22:32:00,15.0
2025-06-12 12:19:00,49.776157380139004
2025-06-12 04:59:00,0.7
2025-06-12 18:19:00,24.0
2025-06-12 05:00:00,28.1
2025-06-12 00:57:00,49.776157380139004
2025-06-12 07:14:00,49.776157380139004
2025-06-12 19:48:00,5.3
2025-06-12 00:25:00,49.776157380139004
2025-06-12 00:28:00,73.1
2025-06-12 16:13:00,49.776157380139004
2025-06-12 20:49:00,15.2
2025-06-12 22:21:00,48.0
2025-06-12 14:36:00,79.4
2025-06-12 14:54:00,37.2
2025-06-12 17:32:00,8.9
2025-06-12 15:50:00,44.1
2025-06-12 11:37:00,52.0
2025-06-12 10:52:00,42.7
2025-06-12 10:19:00,46.3
2025-06-12 00:32:00,57.4
2025-06-12 19:44:00,88.3
2025-06-12 19:12:00,95.1
2025-06-12 01:37:00,71.0
2025-06-12 20:08:00,49.776157380139004
2025-06-12 20:20:00,90.9
2025-06-12 22:41:00,49.776157380139004
2025-06-12 21:54:00,50.0
2025-06-12 09:32:00,100.0
2025-06-12 00:42:00,30.9
2025-06-12 13:00:00,39.1
2025-06-12 23:35:00,49.776157380139004
2025-06-12 19:12:00,7.0
2025-06-12 05:57:00,93.1
2025-06-12 20:24:00,83.6
2025-06-12 02:08:00,40.0
2025-06-12 01:27:00,98.0
2025-06-12 22:22:00,63.2
2025-06-12 19:44:00,49.776157380139004
2025-06-12 22:48:00,49.776157380139004
2025-06-12 13:00:00,49.3
2025-06-12 16:51:00,26.7
2025-06-12 19:04:00,49.776157380139004
2025-06-12 13:17:00,1.1
2025-06-12 02:28:00,96.7
2025-06-12 14:08:00,66.5
2025-06-12 20:34:00,16.8
2025-06-12 12:01:00,35.8
2025-06-12 08:39:00,85.8
2025-06-12 03:32:00,43.9
2025-06-12 00:22:00,64.2
2025-06-12 18:44:00,49.3
2025-06-12 11:10:00,51.8
2025-06-12 12:56:00,96.9
2025-06-12 06:33:00,85.8
2025-06-12 13:07:00,10.6
2025-06-12 11:47:00,90.3
2025-06-12 08:48:00,74.5
2025-06-12 13:58:00,52.7
2025-06-12 22:30:00,21.1
2025-06-12 15:02:00,12.7
2025-06-12 07:54:00,49.776157380139004
2025-06-12 04:07:00,28.2
2025-06-12 06:36:00,98.7
2025-06-12 23:20:00,36.2
2025-06-12 22:41:00,22.5
2025-06-12 18:22:00,85.0
2025-06-12 22:03:00,49.776157380139004
2025-06-12 16:20:00,82.4
2025-06-12 12:08:00,23.7
2025-06-12 01:49:00,83.2
2025-06-12 15:39:00,49.776157380139004
2025-06-12 05:31:00,49.3
2025-06-12 13:40:00,19.7
2025-06-12 22:37:00,95.4
2025-06-12 08:01:00,5.2
2025-06-12 20:00:00,19.9
2025-06-12 20:02:00,63.8
2025-06-12 14:20:00,62.3
2025-06-12 02:09:00,49.776157380139004
2025-06-12 23:14:00,71.3
2025-06-12 04:38:00,43.0
2025-06-12 18:34:00,35.3
2025-06-12 21:51:00,19.5
2025-06-12 18:33:00,25.6
2025-06-12 00:46:00,62.4
2025-06-12 20:16:00,49.776157380139004
2025-06-12 19:53:00,71.5
2025-06-12 10:16:00,36.0
2025-06-12 14:32:00,49.776157380139004
2025-06-12 00:00:00,68.3
2025-06-12 20:09:00,11.4
2025-06-12 17:02:00,85.9
2025-06-12 18:11:00,49.776157380139004
2025-06-12 05:11:00,56.1
2025-06-12 06:58:00,64.7
2025-06-12 21:17:00,67.2
2025-06-12 21:15:00,49.776157380139004
2025-06-12 15:23:00,49.1
2025-06-12 12:34:00,45.6
2025-06-12 04:06:00,66.8
2025-06-12 12:49:00,65.9
2025-06-12 04:54:00,3.3
2025-06-12 22:27:00,26.9
2025-06-12 06:03:00,58.2
2025-06-12 22:37:00,24.8
2025-06-12 13:44:00,4.3
2025-06-12 19:23:00,11.1
2025-06-12 05:44:00,49.776157380139004
2025-06-12 21:56:00,34.9
2025-06-12 14:13:00,49.776157380139004
2025-06-12 10:35:00,3.4
2025-06-12 06:54:00,49.776157380139004
2025-06-12 18:50:00,65.8
2025-06-12 16:56:00,24.3
2025-06-12 04:29:00,77.6
2025-06-12 19:22:00,82.6
2025-06-12 21:13:00,3.9
2025-06-12 06:16:00,59.7
2025-06-12 06:16:00,89.1
2025-06-12 18:38:00,49.776157380139004
2025-06-12 21:13:00,49.776157380139004
2025-06-12 12:09:00,33.4
2025-06-12 13:39:00,72.2
2025-06-12 05:00:00,24.4
2025-06-12 22:58:00,1.3
2025-06-12 19:27:00,8.8
2025-06-12 22:50:00,84.6
2025-06-12 02:24:00,61.3
2025-06-12 14:28:00,56.4
2025-06-12 16:51:00,0.5
2025-06-12 13:11:00,59.5
2025-06-12 01:59:00,60.4
2025-06-12 06:17:00,31.1
2025-06-12 04:54:00,21.1
2025-06-12 00:00:00,88.8
2025-06-12 14:36:00,21.0
2025-06-12 10:36:00,10.0
2025-06-12 03:48:00,59.3
2025-06-12 19:51:00,98.8
2025-06-12 11:27:00,49.776157380139004
2025-06-12 14:04:00,84.5
2025-06-12 12:05:00,49.776157380139004
2025-06-12 14:29:00,62.6
2025-06-12 16:52:00,22.4
2025-06-12 16:06:00,74.1
2025-06-12 21:17:00,90.7
2025-06-12 02:50:00,65.4
2025-06-12 23:09:00,92.5
2025-06-12 12:42:00,33.8
2025-06-12 22:32:00,37.6
2025-06-12 01:29:00,46.9
2025-06-12 18:16:00,95.0
2025-06-12 07:13:00,35.6
2025-06-12 11:14:00,85.0
2025-06-12 15:09:00,49.81767540251498
2025-06-12 21:47:00,32.2
2025-06-12 18:36:00,12.9
2025-06-12 06:57:00,49.81767540251498
2025-06-12 13:26:00,18.0
2025-06-12 09:26:00,26.7
2025-06-12 22:24:00,84.6
2025-06-12 22:11:00,59.4
2025-06-12 23:13:00,35.1
2025-06-12 11:01:00,25.0
2025-06-12 09:32:00,6.9
2025-06-12 06:36:00,49.81767540251498
2025-06-12 23:05:00,71.4
2025-06-12 19:18:00,98.1
2025-06-12 16:37:00,17.1
2025-06-12 05:15:00,66.6
2025-06-12 17:51:00,49.81767540251498
2025-06-12 03:19:00,49.81767540251498
2025-06-12 18:07:00,33.9
2025-06-12 03:58:00,56.9
2025-06-12 16:19:00,49.81767540251498
2025-06-12 04:24:00,74.8
2025-06-12 07:18:00,93.8
2025-06-12 04:13:00,38.3
2025-06-12 07:24:00,72.4
2025-06-12 20:54:00,69.4
2025-06-12 23:57:00,64.6
2025-06-12 22:44:00,83.6
2025-06-12 02:56:00,66.7
2025-06-12 10:59:00,31.8
2025-06-12 04:28:00,71.6
2025-06-12 12:40:00,55.2
2025-06-12 06:40:00,24.5
2025-06-12 23:53:00,29.2
2025-06-12 20:52:00,33.1
2025-06-12 06:37:00,49.81767540251498
2025-06-12 18:34:00,29.3
2025-06-12 01:45:00,40.5
2025-06-12 11:33:00,31.4
2025-06-12 00:31:00,87.1
2025-06-12 06:19:00,41.8
2025-06-12 17:02:00,0.4
2025-06-12 15:09:00,74.5
2025-06-12 05:43:00,0.3
2025-06-12 01:16:00,49.81767540251498
2025-06-12 12:30:00,47.9
2025-06-12 04:01:00,35.4
2025-06-12 23:34:00,11.3
2025-06-12 21:48:00,38.5
2025-06-12 13:37:00,60.0
2025-06-12 07:33:00,50.4
2025-06-12 02:22:00,20.3
2025-06-12 08:38:00,95.0
2025-06-12 02:33:00,49.81767540251498
2025-06-12 14:05:00,27.1
2025-06-12 19:53:00,82.6
2025-06-12 07:51:00,24.2
2025-06-12 19:38:00,48.5
2025-06-12 19:43:00,44.9
2025-06-12 11:57:00,40.0
2025-06-12 03:53:00,74.3
2025-06-12 01:59:00,49.81767540251498
2025-06-12 08:47:00,49.81767540251498
2025-06-12 02:59:00,35.5
2025-06-12 09:59:00,92.4
2025-06-12 10:26:00,15.8
2025-06-12 23:02:00,70.6
2025-06-12 07:35:00,35.9
2025-06-12 11:57:00,49.8
2025-06-12 03:14:00,30.4
2025-06-12 20:04:00,59.2
2025-06-12 08:34:00,69.0
2025-06-12 08:07:00,49.81767540251498
2025-06-12 14:08:00,13.7
2025-06-12 06:38:00,12.3
2025-06-12 07:11:00,88.7
2025-06-12 00:35:00,63.8
2025-06-12 22:07:00,33.9
2025-06-12 12:29:00,72.2
2025-06-12 23:51:00,60.1
2025-06-12 15:00:00,49.81767540251498
2025-06-12 16:03:00,77.7
2025-06-12 16:07:00,30.1
2025-06-12 07:30:00,37.7
2025-06-12 14:03:00,98.8
2025-06-12 21:23:00,49.81767540251498
2025-06-12 16:40:00,97.1
2025-06-12 11:36:00,29.3
2025-06-12 09:20:00,65.9
2025-06-12 19:21:00,99.3
2025-06-12 07:15:00,3.8
2025-06-12 11:43:00,25.0
2025-06-12 23:30:00,66.8
2025-06-12 01:35:00,42.8
2025-06-12 07:45:00,55.2
2025-06-12 01:30:00,68.1
2025-06-12 06:53:00,31.0
2025-06-12 20:45:00,62.4
2025-06-12 01:56:00,69.0
2025-06-12 06:05:00,28.4
2025-06-12 13:48:00,27.4
2025-06-12 07:27:00,48.4
2025-06-12 20:16:00,82.9
2025-06-12 18:19:00,26.8
2025-06-12 10:05:00,43.6
2025-06-12 07:57:00,78.1
2025-06-12 05:59:00,3.8
2025-06-12 23:01:00,90.4
2025-06-12 00:54:00,99.2
2025-06-12 07:11:00,29.1
2025-06-12 17:57:00,60.7
2025-06-12 00:11:00,49.5
2025-06-12 01:20:00,37.0
2025-06-12 00:35:00,65.4
2025-06-12 20:59:00,54.7
2025-06-12 09:09:00,49.81767540251498
2025-06-12 02:10:00,7.9
2025-06-12 05:28:00,81.9
2025-06-12 17:57:00,1.9
2025-06-12 12:22:00,19.2
2025-06-12 22:57:00,67.7
2025-06-12 12:19:00,28.8
2025-06-12 09:59:00,14.8
2025-06-12 16:17:00,23.1
2025-06-12 03:39:00,19.0
2025-06-12 08:29:00,56.6
2025-06-12 19:15:00,94.9
2025-06-12 13:16:00,83.0
2025-06-12 20:53:00,96.6
2025-06-12 14:09:00,80.5
2025-06-12 16:34:00,49.81767540251498
2025-06-12 12:45:00,88.0
2025-06-12 04:25:00,39.7
2025-06-12 09:19:00,32.5
2025-06-12 14:29:00,52.8
2025-06-12 05:19:00,8.5
2025-06-12 16:14:00,52.2
2025-06-12 01:28:00,40.7
2025-06-12 08:57:00,84.7
2025-06-12 07:45:00,90.6
2025-06-12 08:25:00,39.8
2025-06-12 21:32:00,39.3
2025-06-12 10:03:00,7.9
2025-06-12 07:47:00,5.4
2025-06-12 17:44:00,95.8
2025-06-12 17:51:00,33.9
2025-06-12 18:02:00,49.81767540251498
2025-06-12 14:28:00,69.3
2025-06-12 17:23:00,49.81767540251498
2025-06-12 07:52:00,32.4
2025-06-12 11:00:00,72.1
2025-06-12 23:21:00,52.7
2025-06-12 02:59:00,49.81767540251498
2025-06-12 04:35:00,46.2
2025-06-12 17:19:00,79.4
2025-06-12 07:55:00,49.81767540251498
2025-06-12 02:36:00,49.81767540251498
2025-06-12 04:11:00,12.9
2025-06-12 01:11:00,83.6
2025-06-12 00:07:00,51.8
2025-06-12 08:33:00,49.81767540251498
2025-06-12 16:11:00,1.5
2025-06-12 01:26:00,40.2
2025-06-12 21:20:00,45.6
2025-06-12 13:54:00,14.0
2025-06-12 11:39:00,69.6
2025-06-12 16:20:00,49.81767540251498
2025-06-12 14:58:00,82.4
2025-06-12 10:15:00,67.1
2025-06-12 05:59:00,18.5
2025-06-12 13:41:00,81.0
2025-06-12 01:15:00,49.81767540251498
2025-06-12 11:40:00,92.1
2025-06-12 09:03:00,88.1
2025-06-12 03:09:00,18.5
2025-06-12 03:15:00,20.1
2025-06-12 12:26:00,29.5
2025-06-12 04:52:00,49.81767540251498
2025-06-12 19:32:00,61.0
2025-06-12 19:02:00,54.3
2025-06-12 09:29:00,72.6
2025-06-12 02:43:00,72.5
2025-06-12 00:19:00,84.5
2025-06-12 20:57:00,50.7
2025-06-12 00:10:00,25.9
2025-06-12 20:15:00,90.8
2025-06-12 13:34:00,13.7
2025-06-12 04:34:00,7.4
2025-06-12 18:36:00,72.9
2025-06-12 20:11:00,49.81767540251498
2025-06-12 13:21:00,49.81767540251498
2025-06-12 23:00:00,47.1
2025-06-12 05:12:00,82.0
2025-06-12 12:49:00,26.1
2025-06-12 11:40:00,2.5
2025-06-12 16:38:00,49.81767540251498
2025-06-12 16:27:00,49.81767540251498
2025-06-12 21:40:00,26.9
2025-06-12 05:25:00,53.2
2025-06-12 01:44:00,95.3
2025-06-12 15:09:00,7.3
2025-06-12 22:58:00,96.4
2025-06-12 13:54:00,0.5
2025-06-12 08:05:00,15.6
2025-06-12 22:59:00,49.81767540251498
2025-06-12 22:49:00,67.9
2025-06-12 21:02:00,49.81767540251498
2025-06-12 00:19:00,7.5
2025-06-12 11:58:00,86.8
2025-06-12 06:23:00,58.9
2025-06-12 11:26:00,49.81767540251498
2025-06-12 09:11:00,62.5
2025-06-12 21:37:00,81.4
2025-06-12 16:55:00,49.81767540251498
2025-06-12 02:03:00,93.7
2025-06-12 13:51:00,47.8
2025-06-12 01:33:00,86.0
2025-06-12 18:06:00,0.6
2025-06-12 19:23:00,49.81767540251498
2025-06-12 18:35:00,13.1
2025-06-12 08:44:00,23.1
2025-06-12 05:50:00,49.81767540251498
2025-06-12 14:06:00,95.1
2025-06-12 05:42:00,98.3
2025-06-12 00:18:00,60.7
2025-06-12 21:16:00,7.2
2025-06-12 19:24:00,61.6
2025-06-12 01:20:00,46.6
2025-06-12 08:00:00,70.3
2025-06-12 01:25:00,58.1
2025-06-12 12:19:00,81.1
2025-06-12 02:27:00,49.81767540251498
2025-06-12 05:33:00,24.8
2025-06-12 10:55:00,45.4
2025-06-12 18:55:00,63.7
2025-06-12 23:55:00,49.81767540251498
2025-06-12 16:38:00,71.6
2025-06-12 12:58:00,49.81767540251498
2025-06-12 06:22:00,49.81767540251498
2025-06-12 09:21:00,94.4
2025-06-12 17:15:00,48.1
2025-06-12 16:29:00,0.6
2025-06-12 13:35:00,87.0
2025-06-12 20:34:00,92.1
2025-06-12 04:24:00,84.4
2025-06-12 14:36:00,40.7
2025-06-12 00:21:00,24.2
2025-06-12 17:03:00,21.6
2025-06-12 01:54:00,91.9
2025-06-12 16:59:00,34.7
2025-06-12 18:50:00,7.6
2025-06-12 09:13:00,10.8
2025-06-12 23:48:00,35.9
2025-06-12 16:17:00,23.1
2025-06-12 16:04:00,54.8
2025-06-12 20:08:00,89.1
2025-06-12 19:47:00,66.8
2025-06-12 18:00:00,0.4
2025-06-12 10:14:00,23.3
2025-06-12 04:51:00,86.6
2025-06-12 17:49:00,16.7
2025-06-12 05:24:00,93.4
2025-06-12 16:42:00,9.7
2025-06-12 12:01:00,80.0
2025-06-12 12:58:00,55.7
2025-06-12 12:15:00,91.9
2025-06-12 14:24:00,49.81767540251498
2025-06-12 11:12:00,37.3
2025-06-12 23:40:00,61.1
2025-06-12 09:05:00,97.0
2025-06-12 15:48:00,62.2
2025-06-12 17:10:00,49.81767540251498
2025-06-12 01:52:00,51.0
2025-06-12 06:35:00,49.81767540251498
2025-06-12 22:10:00,88.7
2025-06-12 17:46:00,39.0
2025-06-12 23:22:00,79.3
2025-06-12 14:19:00,98.6
2025-06-12 10:10:00,80.5
2025-06-12 11:40:00,29.0
2025-06-12 23:16:00,49.81767540251498
2025-06-12 18:53:00,49.81767540251498
2025-06-12 03:11:00,94.2
2025-06-12 02:08:00,76.4
2025-06-12 10:52:00,49.81767540251498
2025-06-12 13:45:00,56.1
2025-06-12 19:00:00,49.81767540251498
2025-06-12 06:00:00,55.3
2025-06-12 08:48:00,66.0
2025-06-12 11:13:00,49.81767540251498
2025-06-12 23:57:00,23.2
2025-06-12 09:24:00,32.6
2025-06-12 23:27:00,49.81767540251498
2025-06-12 06:37:00,32.6
2025-06-12 00:55:00,36.8
2025-06-12 12:35:00,72.6
2025-06-12 11:15:00,49.81767540251498
2025-06-12 10:49:00,49.9
2025-06-12 21:14:00,67.2
2025-06-12 03:22:00,13.4
2025-06-12 19:23:00,26.6
2025-06-12 19:24:00,52.9
2025-06-12 17:53:00,49.81767540251498
2025-06-12 22:05:00,89.1
2025-06-12 08:30:00,96.2
2025-06-12 13:07:00,83.5
2025-06-12 07:33:00,11.8
2025-06-12 08:24:00,13.9
2025-06-12 03:16:00,0.0
2025-06-12 09:34:00,39.1
2025-06-12 06:21:00,71.6
2025-06-12 10:15:00,97.4
2025-06-12 17:47:00,69.1
2025-06-12 15:05:00,66.2
2025-06-12 13:07:00,49.81767540251498
2025-06-12 20:50:00,47.9
2025-06-12 17:13:00,49.81767540251498
2025-06-12 15:43:00,37.4
2025-06-12 02:27:00,49.81767540251498
2025-06-12 21:54:00,49.81767540251498
2025-06-12 18:10:00,64.2
2025-06-12 04:18:00,16.8
2025-06-12 14:42:00,12.8
2025-06-12 04:03:00,50.0
2025-06-12 23:45:00,77.5
2025-06-12 01:58:00,49.81767540251498
2025-06-12 14:44:00,59.0
2025-06-12 08:50:00,9.0
2025-06-12 06:54:00,74.9
2025-06-12 18:23:00,96.8
2025-06-12 10:41:00,67.6
2025-06-12 13:10:00,64.9
2025-06-12 10:44:00,24.0
2025-06-12 07:32:00,65.7
2025-06-12 21:58:00,49.81767540251498
2025-06-12 17:22:00,10.9
2025-06-12 13:20:00,86.8
2025-06-12 14:09:00,54.9
2025-06-12 08:04:00,14.1
2025-06-12 00:08:00,68.7
2025-06-12 03:52:00,49.791111632270166
2025-06-12 19:00:00,66.4
2025-06-12 17:02:00,94.5
2025-06-12 11:04:00,49.791111632270166
2025-06-12 11:44:00,19.2
2025-06-12 05:43:00,5.3
2025-06-12 01:16:00,16.2
2025-06-12 00:39:00,66.1
2025-06-12 10:17:00,32.6
2025-06-12 18:01:00,72.4
2025-06-12 17:29:00,75.5
2025-06-12 03:48:00,60.8
2025-06-12 20:25:00,49.791111632270166
2025-06-12 12:11:00,73.2
2025-06-12 22:03:00,71.1
2025-06-12 00:32:00,26.3
2025-06-12 20:32:00,53.5
2025-06-12 05:39:00,11.0
2025-06-12 01:02:00,96.9
2025-06-12 21:10:00,44.1
2025-06-12 02:02:00,13.5
2025-06-12 15:38:00,11.1
2025-06-12 23:00:00,88.7
2025-06-12 03:53:00,49.791111632270166
2025-06-12 03:29:00,52.7
2025-06-12 11:59:00,56.7
2025-06-12 23:12:00,6.6
2025-06-12 19:55:00,79.4
2025-06-12 11:33:00,31.0
2025-06-12 09:57:00,46.2
2025-06-12 07:01:00,93.4
2025-06-12 18:18:00,7.0
2025-06-12 12:11:00,3.2
2025-06-12 03:04:00,80.4
2025-06-12 14:11:00,49.791111632270166
2025-06-12 21:14:00,72.2
2025-06-12 21:50:00,62.0
2025-06-12 04:00:00,25.7
2025-06-12 18:36:00,94.9
2025-06-12 20:52:00,1.3
2025-06-12 17:10:00,94.6
2025-06-12 19:47:00,41.5
2025-06-12 19:42:00,49.791111632270166
2025-06-12 14:45:00,78.4
2025-06-12 21:14:00,85.3
2025-06-12 12:35:00,60.3
2025-06-12 17:47:00,46.8
2025-06-12 21:33:00,62.1
2025-06-12 08:40:00,42.6
2025-06-12 20:16:00,97.5
2025-06-12 04:38:00,90.2
2025-06-12 03:20:00,49.791111632270166
2025-06-12 09:42:00,99.8
2025-06-12 12:40:00,53.9
2025-06-12 13:15:00,40.8
2025-06-12 13:47:00,23.9
2025-06-12 16:55:00,49.791111632270166
2025-06-12 18:40:00,27.4
2025-06-12 21:25:00,49.791111632270166
2025-06-12 06:04:00,49.791111632270166
2025-06-12 23:16:00,60.0
2025-06-12 02:58:00,52.6
2025-06-12 11:33:00,2.2
2025-06-12 12:39:00,25.6
2025-06-12 12:44:00,49.791111632270166
2025-06-12 04:09:00,43.1
2025-06-12 14:56:00,94.6
2025-06-12 03:42:00,64.8
2025-06-12 13:59:00,49.791111632270166
2025-06-12 05:22:00,33.5
2025-06-12 03:36:00,49.791111632270166
2025-06-12 10:07:00,7.0
2025-06-12 02:10:00,12.3
2025-06-12 19:36:00,20.7
2025-06-12 13:14:00,35.2
2025-06-12 19:33:00,43.3
2025-06-12 03:19:00,73.5
2025-06-12 20:12:00,40.9
2025-06-12 10:28:00,43.1
2025-06-12 02:04:00,82.3
2025-06-12 12:44:00,54.8
2025-06-12 04:41:00,59.2
2025-06-12 22:57:00,51.9
2025-06-12 13:05:00,47.6
2025-06-12 19:38:00,22.2
2025-06-12 12:09:00,44.5
2025-06-12 16:53:00,35.8
2025-06-12 12:39:00,73.7
2025-06-12 19:57:00,59.1
2025-06-12 11:18:00,68.2
2025-06-12 15:56:00,87.9
2025-06-12 22:53:00,49.791111632270166
2025-06-12 22:36:00,2.6
2025-06-12 00:07:00,78.5
2025-06-12 02:59:00,12.5
2025-06-12 10:20:00,15.2
2025-06-12 00:04:00,10.9
2025-06-12 09:09:00,89.3
2025-06-12 01:40:00,49.791111632270166
2025-06-12 03:09:00,9.3
2025-06-12 22:54:00,4.9
2025-06-12 01:49:00,40.0
2025-06-12 02:13:00,15.7
2025-06-12 08:03:00,49.791111632270166
2025-06-12 05:50:00,14.5
2025-06-12 14:30:00,2.0
2025-06-12 06:43:00,46.3
2025-06-12 06:59:00,3.6
2025-06-12 19:02:00,3.7
2025-06-12 07:10:00,73.2
2025-06-12 01:45:00,8.7
2025-06-12 08:06:00,60.3
2025-06-12 05:01:00,22.9
2025-06-12 06:43:00,69.3
2025-06-12 15:07:00,13.9
2025-06-12 19:40:00,62.0
2025-06-12 23:00:00,33.5
2025-06-12 03:00:00,67.5
2025-06-12 23:01:00,69.4
2025-06-12 06:52:00,2.6
2025-06-12 11:10:00,94.2
2025-06-12 20:09:00,83.9
2025-06-12 11:26:00,61.2
2025-06-12 14:01:00,20.7
2025-06-12 07:34:00,42.5
2025-06-12 17:59:00,59.6
2025-06-12 06:56:00,54.9
2025-06-12 05:41:00,34.9
2025-06-12 21:47:00,95.1
2025-06-12 12:35:00,58.9
2025-06-12 21:08:00,49.791111632270166
2025-06-12 07:34:00,27.4
2025-06-12 16:05:00,67.3
2025-06-12 06:38:00,74.0
2025-06-12 16:21:00,30.4
2025-06-12 21:11:00,16.8
2025-06-12 18:18:00,89.6
2025-06-12 20:39:00,57.8
2025-06-12 07:59:00,65.4
2025-06-12 16:50:00,60.8
2025-06-12 06:18:00,18.7
2025-06-12 13:57:00,16.4
2025-06-12 06:41:00,49.791111632270166
2025-06-12 19:19:00,41.1
2025-06-12 09:24:00,7.2
2025-06-12 05:54:00,19.2
2025-06-12 12:16:00,49.791111632270166
2025-06-12 05:34:00,10.5
2025-06-12 12:59:00,82.6
2025-06-12 07:34:00,33.8
2025-06-12 16:39:00,40.0
2025-06-12 03:08:00,83.1
2025-06-12 10:17:00,28.9
2025-06-12 23:38:00,51.9
2025-06-12 17:30:00,21.2
2025-06-12 01:47:00,75.5
2025-06-12 02:55:00,59.2
2025-06-12 05:18:00,58.0
2025-06-12 08:51:00,54.1
2025-06-12 11:55:00,50.0
2025-06-12 02:52:00,49.791111632270166
2025-06-12 00:38:00,64.8
2025-06-12 04:25:00,77.8
2025-06-12 13:57:00,54.5
2025-06-12 15:06:00,6.0
2025-06-12 08:27:00,49.791111632270166
2025-06-12 04:49:00,61.2
2025-06-12 12:13:00,45.7
2025-06-12 20:17:00,12.7
2025-06-12 23:02:00,67.0
2025-06-12 02:01:00,49.791111632270166
2025-06-12 19:40:00,78.9
2025-06-12 23:14:00,73.9
2025-06-12 19:43:00,63.4
2025-06-12 23:44:00,30.1
2025-06-12 10:23:00,30.5
2025-06-12 02:51:00,33.7
2025-06-12 16:25:00,99.8
2025-06-12 14:57:00,54.2
2025-06-12 19:54:00,28.3
2025-06-12 06:32:00,21.6
2025-06-12 22:08:00,95.5
2025-06-12 00:32:00,24.8
2025-06-12 07:36:00,49.791111632270166
2025-06-12 06:33:00,29.6
2025-06-12 15:17:00,49.791111632270166
2025-06-12 10:35:00,39.4
2025-06-12 00:10:00,14.8
2025-06-12 20:08:00,96.7
2025-06-12 02:28:00,24.0
2025-06-12 00:00:00,99.6
2025-06-12 08:03:00,47.5
2025-06-12 07:37:00,76.9
2025-06-12 06:21:00,46.7
2025-06-12 11:05:00,70.1
2025-06-12 04:47:00,97.8
2025-06-12 06:03:00,79.9
2025-06-12 00:20:00,42.9
2025-06-12 06:21:00,87.0
2025-06-12 11:35:00,31.1
2025-06-12 07:05:00,36.3
2025-06-12 02:51:00,80.6
2025-06-12 06:53:00,49.791111632270166
2025-06-12 18:03:00,84.5
2025-06-12 14:23:00,38.1
2025-06-12 02:54:00,68.0
2025-06-12 06:00:00,72.1
2025-06-12 07:37:00,67.5
2025-06-12 19:23:00,97.0
2025-06-12 16:46:00,49.791111632270166
2025-06-12 17:43:00,49.791111632270166
2025-06-12 04:09:00,47.3
2025-06-12 18:05:00,21.8
2025-06-12 05:40:00,90.5
2025-06-12 13:33:00,49.791111632270166
2025-06-12 13:14:00,38.9
2025-06-12 18:52:00,6.2
2025-06-12 16:09:00,14.2
2025-06-12 03:31:00,19.6
2025-06-12 09:06:00,86.6
2025-06-12 10:37:00,77.7
2025-06-12 22:24:00,39.8
2025-06-12 06:11:00,2.8
2025-06-12 08:17:00,49.791111632270166
2025-06-12 21:32:00,80.5
2025-06-12 01:31:00,46.0
2025-06-12 15:20:00,49.791111632270166
2025-06-12 01:58:00,80.2
2025-06-12 12:43:00,17.6
2025-06-12 19:22:00,98.7
2025-06-12 07:06:00,49.791111632270166
2025-06-12 02:20:00,29.1
2025-06-12 06:41:00,49.791111632270166
2025-06-12 19:41:00,66.7
2025-06-12 05:39:00,90.1
2025-06-12 21:14:00,37.4
2025-06-12 02:08:00,49.791111632270166
2025-06-12 04:34:00,74.3
2025-06-12 02:30:00,49.791111632270166
2025-06-12 04:31:00,95.1
2025-06-12 19:37:00,96.2
2025-06-12 10:15:00,9.7
2025-06-12 18:56:00,66.8
2025-06-12 14:16:00,68.7
2025-06-12 05:56:00,39.5
2025-06-12 17:30:00,37.8
2025-06-12 18:17:00,51.1
2025-06-12 16:31:00,6.5
2025-06-12 13:31:00,49.791111632270166
2025-06-12 23:41:00,82.8
2025-06-12 11:08:00,49.791111632270166
2025-06-12 12:52:00,95.4
2025-06-12 19:53:00,49.791111632270166
2025-06-12 22:22:00,99.8
2025-06-12 16:11:00,69.6
2025-06-12 02:30:00,59.3
2025-06-12 06:56:00,52.9
2025-06-12 22:53:00,2.0
2025-06-12 20:26:00,6.1
2025-06-12 08:38:00,46.3
2025-06-12 06:32:00,22.1
2025-06-12 17:56:00,5.3
2025-06-12 09:43:00,20.7
2025-06-12 22:40:00,49.791111632270166
2025-06-12 10:34:00,44.4
2025-06-12 03:36:00,99.5
2025-06-12 02:21:00,47.8
2025-06-12 19:49:00,76.4
2025-06-12 09:04:00,14.1
2025-06-12 12:21:00,89.8
2025-06-12 21:02:00,53.0
2025-06-12 10:04:00,28.0
2025-06-12 04:25:00,28.0
2025-06-12 09:40:00,2.5
2025-06-12 12:56:00,49.791111632270166
2025-06-12 23:10:00,61.8
2025-06-12 20:43:00,7.9
2025-06-12 10:59:00,1.7
2025-06-12 15:06:00,9.4
2025-06-12 12:46:00,16.1
2025-06-12 08:56:00,33.5
2025-06-12 09:46:00,72.9
2025-06-12 09:05:00,4.5
2025-06-12 15:00:00,63.5
2025-06-12 20:17:00,26.9
2025-06-12 23:23:00,91.3
2025-06-12 07:22:00,70.6
2025-06-12 01:33:00,5.6
2025-06-12 15:31:00,55.3
2025-06-12 16:42:00,97.9
2025-06-12 19:15:00,65.5
2025-06-12 06:01:00,4.8
2025-06-12 23:35:00,59.7
2025-06-12 16:25:00,0.8
2025-06-12 12:08:00,36.0
2025-06-12 16:36:00,98.5
2025-06-12 21:21:00,73.0
2025-06-12 08:13:00,6.6
2025-06-12 07:43:00,77.0
2025-06-12 09:55:00,17.6
2025-06-12 13:10:00,52.4
2025-06-12 15:00:00,20.4
2025-06-12 08:25:00,55.2
2025-06-12 18:30:00,38.6
2025-06-12 03:23:00,94.1
2025-06-12 19:55:00,20.5
2025-06-12 04:55:00,49.6
2025-06-12 07:53:00,88.5
2025-06-12 02:34:00,2.5
2025-06-12 13:01:00,14.4
2025-06-12 16:10:00,29.1
2025-06-12 14:24:00,50.406503298774744
2025-06-12 00:26:00,9.9
2025-06-12 04:16:00,6.6
2025-06-12 23:43:00,5.8
2025-06-12 03:41:00,50.406503298774744
2025-06-12 15:06:00,79.8
2025-06-12 14:46:00,64.5
2025-06-12 10:46:00,56.3
2025-06-12 00:29:00,64.9
2025-06-12 11:11:00,50.406503298774744
2025-06-12 02:19:00,50.406503298774744
2025-06-12 04:35:00,41.3
2025-06-12 00:52:00,50.406503298774744
2025-06-12 01:34:00,50.406503298774744
2025-06-12 04:40:00,78.6
2025-06-12 14:08:00,12.0
2025-06-12 12:35:00,18.0
2025-06-12 19:37:00,50.406503298774744
2025-06-12 19:29:00,68.8
2025-06-12 08:54:00,15.7
2025-06-12 14:31:00,38.8
2025-06-12 00:28:00,9.4
2025-06-12 11:38:00,1.4
2025-06-12 19:58:00,58.7
2025-06-12 07:37:00,41.8
2025-06-12 00:15:00,43.6
2025-06-12 18:59:00,78.5
2025-06-12 02:51:00,49.8
2025-06-12 11:59:00,78.8
2025-06-12 21:50:00,35.5
2025-06-12 07:56:00,50.406503298774744
2025-06-12 16:18:00,3.7
2025-06-12 17:00:00,18.3
2025-06-12 13:49:00,50.406503298774744
2025-06-12 03:46:00,89.8
2025-06-12 03:33:00,44.2
2025-06-12 17:39:00,50.406503298774744
2025-06-12 20:54:00,50.406503298774744
2025-06-12 13:16:00,90.7
2025-06-12 13:33:00,18.6
2025-06-12 06:13:00,18.3
2025-06-12 09:29:00,50.406503298774744
2025-06-12 12:24:00,34.7
2025-06-12 12:00:00,1.1
2025-06-12 07:11:00,50.406503298774744
2025-06-12 20:23:00,38.5
2025-06-12 06:53:00,92.9
2025-06-12 03:43:00,57.1
2025-06-12 09:23:00,30.6
2025-06-12 21:35:00,95.8
2025-06-12 00:59:00,25.9
2025-06-12 01:08:00,50.406503298774744
2025-06-12 06:30:00,50.406503298774744
2025-06-12 02:14:00,60.5
2025-06-12 19:52:00,33.0
2025-06-12 01:52:00,60.5
2025-06-12 03:48:00,50.406503298774744
2025-06-12 21:36:00,50.406503298774744
2025-06-12 15:29:00,50.406503298774744
2025-06-12 15:47:00,95.2
2025-06-12 14:35:00,84.7
2025-06-12 11:01:00,90.6
2025-06-12 03:11:00,65.3
2025-06-12 19:45:00,0.3
2025-06-12 04:36:00,73.9
2025-06-12 02:40:00,50.406503298774744
2025-06-12 23:10:00,69.9
2025-06-12 02:37:00,70.4
2025-06-12 12:36:00,40.7
2025-06-12 18:07:00,11.8
2025-06-12 03:40:00,78.0
2025-06-12 11:11:00,36.4
2025-06-12 11:08:00,2.8
2025-06-12 01:02:00,50.406503298774744
2025-06-12 16:00:00,65.5
2025-06-12 15:50:00,30.2
2025-06-12 07:48:00,50.406503298774744
2025-06-12 22:36:00,19.7
2025-06-12 01:33:00,63.7
2025-06-12 08:59:00,91.8
2025-06-12 21:52:00,50.406503298774744
2025-06-12 11:21:00,82.5
2025-06-12 20:03:00,57.5
2025-06-12 11:22:00,50.406503298774744
2025-06-12 06:30:00,61.9
2025-06-12 08:18:00,65.0
2025-06-12 15:14:00,14.0
2025-06-12 19:17:00,21.9
2025-06-12 17:06:00,50.406503298774744
2025-06-12 23:57:00,86.0
2025-06-12 02:06:00,65.7
2025-06-12 12:39:00,53.4
2025-06-12 05:13:00,68.2
2025-06-12 09:16:00,77.1
2025-06-12 02:06:00,91.1
2025-06-12 21:01:00,48.1
2025-06-12 16:38:00,86.5
2025-06-12 08:52:00,13.8
2025-06-12 15:38:00,51.1
2025-06-12 06:20:00,4.0
2025-06-12 14:26:00,50.406503298774744
2025-06-12 01:15:00,37.7
2025-06-12 04:16:00,56.1
2025-06-12 18:16:00,80.9
2025-06-12 03:15:00,4.0
2025-06-12 04:53:00,35.3
2025-06-12 02:36:00,73.9
2025-06-12 16:23:00,48.5
2025-06-12 14:44:00,15.7
2025-06-12 13:11:00,50.406503298774744
2025-06-12 04:48:00,74.7
2025-06-12 00:35:00,11.4
2025-06-12 07:55:00,64.2
2025-06-12 00:15:00,85.0
2025-06-12 08:36:00,58.9
2025-06-12 21:47:00,75.3
2025-06-12 01:46:00,84.2
2025-06-12 09:18:00,76.1
2025-06-12 06:14:00,81.1
2025-06-12 04:14:00,50.406503298774744
2025-06-12 02:47:00,50.406503298774744
2025-06-12 16:14:00,92.7
2025-06-12 21:47:00,87.4
2025-06-12 14:31:00,52.7
2025-06-12 03:38:00,18.5
2025-06-12 14:18:00,8.7
2025-06-12 12:49:00,15.6
2025-06-12 17:46:00,83.0
2025-06-12 13:24:00,45.7
2025-06-12 21:43:00,83.8
2025-06-12 17:35:00,50.406503298774744
2025-06-12 02:33:00,50.406503298774744
2025-06-12 16:05:00,50.406503298774744
2025-06-12 19:19:00,2.5
2025-06-12 13:45:00,13.1
2025-06-12 22:15:00,37.6
2025-06-12 21:07:00,89.2
2025-06-12 23:15:00,8.2
2025-06-12 22:40:00,99.2
2025-06-12 20:03:00,20.8
2025-06-12 04:32:00,73.1
2025-06-12 14:34:00,50.406503298774744
2025-06-12 08:03:00,13.4
2025-06-12 01:06:00,10.7
2025-06-12 03:57:00,27.5
2025-06-12 02:36:00,0.3
2025-06-12 20:00:00,5.0
2025-06-12 11:41:00,90.6
2025-06-12 14:58:00,23.3
2025-06-12 02:59:00,13.6
2025-06-12 16:10:00,42.8
2025-06-12 05:41:00,74.9
2025-06-12 13:34:00,45.4
2025-06-12 23:32:00,3.3
2025-06-12 01:00:00,31.1
2025-06-12 02:07:00,32.9
2025-06-12 16:33:00,21.9
2025-06-12 16:06:00,37.8
2025-06-12 20:24:00,16.7
2025-06-12 04:29:00,14.5
2025-06-12 12:44:00,50.406503298774744
2025-06-12 14:19:00,91.1
2025-06-12 17:30:00,76.7
2025-06-12 14:42:00,15.2
2025-06-12 08:00:00,21.7
2025-06-12 09:23:00,50.406503298774744
2025-06-12 14:20:00,17.6
2025-06-12 20:00:00,50.406503298774744
2025-06-12 15:31:00,0.1
2025-06-12 19:55:00,88.7
2025-06-12 11:28:00,50.406503298774744
2025-06-12 05:50:00,7.3
2025-06-12 08:23:00,64.9
2025-06-12 21:44:00,50.406503298774744
2025-06-12 14:11:00,80.4
2025-06-12 09:06:00,31.1
2025-06-12 06:12:00,80.0
2025-06-12 00:38:00,27.0
2025-06-12 15:46:00,50.406503298774744
2025-06-12 07:57:00,12.3
2025-06-12 02:39:00,53.5
2025-06-12 06:15:00,58.9
2025-06-12 19:04:00,46.3
2025-06-12 23:44:00,61.2
2025-06-12 00:49:00,22.6
2025-06-12 13:14:00,23.4
2025-06-12 01:37:00,30.3
2025-06-12 22:27:00,14.6
2025-06-12 17:57:00,23.7
2025-06-12 18:34:00,48.1
2025-06-12 04:51:00,31.6
2025-06-12 18:49:00,50.406503298774744
2025-06-12 03:05:00,28.8
2025-06-12 23:47:00,50.406503298774744
2025-06-12 09:14:00,50.406503298774744
2025-06-12 14:41:00,92.7
2025-06-12 16:21:00,52.3
2025-06-12 07:16:00,78.2
2025-06-12 19:20:00,78.3
2025-06-12 04:00:00,95.4
2025-06-12 06:12:00,70.3
2025-06-12 14:50:00,79.5
2025-06-12 18:40:00,2.5
2025-06-12 18:15:00,79.0
2025-06-12 02:48:00,45.1
2025-06-12 13:28:00,4.5
2025-06-12 11:32:00,20.6
2025-06-12 21:17:00,35.7
2025-06-12 22:23:00,45.4
2025-06-12 09:10:00,33.8
2025-06-12 13:26:00,99.2
2025-06-12 05:15:00,39.6
2025-06-12 23:34:00,21.0
2025-06-12 23:22:00,50.406503298774744
2025-06-12 08:18:00,42.2
2025-06-12 07:28:00,50.406503298774744
2025-06-12 11:13:00,76.6
2025-06-12 21:35:00,5.0
2025-06-12 22:17:00,57.3
2025-06-12 07:44:00,50.406503298774744
2025-06-12 20:55:00,67.9
2025-06-12 10:57:00,69.6
2025-06-12 22:16:00,83.6
2025-06-12 03:06:00,30.0
2025-06-12 11:32:00,90.2
2025-06-12 15:40:00,50.406503298774744
2025-06-12 21:03:00,49.1
2025-06-12 20:20:00,42.1
2025-06-12 09:22:00,50.0
2025-06-12 17:46:00,1.2
2025-06-12 14:21:00,6.1
2025-06-12 11:54:00,69.3
2025-06-12 18:25:00,51.0
2025-06-12 21:46:00,1.3
2025-06-12 00:34:00,47.8
2025-06-12 08:39:00,78.5
2025-06-12 19:57:00,42.9
2025-06-12 06:39:00,60.8
2025-06-12 20:51:00,28.3
2025-06-12 01:33:00,34.5
2025-06-12 16:21:00,77.1
2025-06-12 19:15:00,77.6
2025-06-12 09:53:00,65.7
2025-06-12 08:03:00,66.4
2025-06-12 14:04:00,74.4
2025-06-12 01:14:00,19.7
2025-06-12 22:55:00,81.2
2025-06-12 00:13:00,21.4
2025-06-12 02:20:00,15.2
2025-06-12 00:24:00,99.7
2025-06-12 08:35:00,8.2
2025-06-12 18:14:00,81.8
2025-06-12 04:41:00,49.0
2025-06-12 23:53:00,76.7
2025-06-12 12:52:00,50.406503298774744
2025-06-12 21:46:00,4.0
2025-06-12 19:44:00,48.3
2025-06-12 14:07:00,99.7
2025-06-12 04:05:00,93.2
2025-06-12 04:38:00,50.406503298774744
2025-06-12 10:48:00,97.8
2025-06-12 10:31:00,50.406503298774744
2025-06-12 13:31:00,50.406503298774744
2025-06-12 05:03:00,21.8
2025-06-12 12:56:00,46.2
2025-06-12 11:48:00,77.5
2025-06-12 05:41:00,87.4
2025-06-12 06:08:00,50.406503298774744
2025-06-12 12:20:00,62.4
2025-06-12 22:48:00,22.0
2025-06-12 12:44:00,81.9
2025-06-12 17:42:00,13.4
2025-06-12 07:54:00,35.9
2025-06-12 18:25:00,50.406503298774744
2025-06-12 04:04:00,23.1
2025-06-12 02:49:00,73.7
2025-06-12 00:36:00,71.1
2025-06-12 03:31:00,10.1
2025-06-12 15:46:00,50.406503298774744
2025-06-12 21:50:00,30.8
2025-06-12 20:51:00,11.5
2025-06-12 04:37:00,28.5
2025-06-12 12:49:00,11.7
2025-06-12 11:26:00,35.3
2025-06-12 13:04:00,95.6
2025-06-12 12:47:00,46.3
2025-06-12 18:00:00,77.9
2025-06-12 05:18:00,79.3
2025-06-12 06:55:00,70.3
2025-06-12 18:07:00,34.3
2025-06-12 21:36:00,73.2
2025-06-12 07:12:00,92.7
2025-06-12 22:55:00,56.7
2025-06-12 18:33:00,85.0
2025-06-12 08:12:00,21.0
2025-06-12 22:09:00,77.8
2025-06-12 05:55:00,24.8
2025-06-12 12:26:00,85.0
2025-06-12 22:00:00,89.7
2025-06-12 18:11:00,33.3
2025-06-12 08:48:00,42.0
2025-06-12 07:08:00,61.8
2025-06-12 03:19:00,10.3
2025-06-12 17:32:00,98.8
2025-06-12 06:25:00,24.9
2025-06-12 19:46:00,73.9
2025-06-12 06:37:00,12.0
2025-06-12 05:05:00,14.4
2025-06-12 11:48:00,67.2
2025-06-12 00:24:00,75.4
2025-06-12 04:13:00,19.6
2025-06-12 18:40:00,24.3
2025-06-12 20:05:00,11.7
2025-06-12 04:05:00,92.4
2025-06-12 14:06:00,41.9
2025-06-12 19:37:00,6.2
2025-06-12 04:45:00,61.3
2025-06-12 22:35:00,13.1
2025-06-12 10:04:00,75.4
2025-06-12 13:40:00,50.406503298774744
2025-06-12 17:10:00,33.8
2025-06-12 14:38:00,70.5
2025-06-12 19:07:00,50.406503298774744
2025-06-12 10:32:00,29.6
2025-06-12 03:23:00,31.5
2025-06-12 13:24:00,47.2
2025-06-12 09:25:00,50.406503298774744
2025-06-12 20:02:00,50.406503298774744
2025-06-12 04:25:00,16.6
2025-06-12 01:20:00,55.5
2025-06-12 01:54:00,70.5
2025-06-12 03:26:00,16.2
2025-06-12 02:29:00,80.8
2025-06-12 19:07:00,40.8
2025-06-12 06:06:00,36.7
2025-06-12 18:10:00,2.2
2025-06-12 00:54:00,56.0
2025-06-12 13:49:00,50.406503298774744
2025-06-12 04:18:00,50.406503298774744
2025-06-12 13:44:00,72.7
2025-06-12 19:28:00,56.1
2025-06-12 20:58:00,7.3
2025-06-12 06:40:00,20.3
2025-06-12 05:36:00,36.3
2025-06-12 10:55:00,79.9
2025-06-12 16:20:00,30.9
2025-06-12 09:19:00,94.5
2025-06-12 19:35:00,92.9
2025-06-12 23:58:00,49.4
2025-06-12 07:18:00,68.0
2025-06-12 22:31:00,59.9
2025-06-12 14:05:00,60.9
2025-06-12 13:12:00,5.4
2025-06-12 19:50:00,6.0
2025-06-12 21:52:00,67.5
2025-06-12 17:25:00,34.6
2025-06-12 09:14:00,25.7
2025-06-12 07:42:00,79.0
2025-06-12 10:16:00,73.4
2025-06-12 15:41:00,50.3160582227961
2025-06-12 03:59:00,8.5
2025-06-12 07:29:00,43.5
2025-06-12 13:20:00,50.3160582227961
2025-06-12 14:53:00,7.4
2025-06-12 00:13:00,29.6
2025-06-12 04:18:00,66.6
2025-06-12 06:24:00,66.4
2025-06-12 12:53:00,50.3160582227961
2025-06-12 00:39:00,50.3160582227961
2025-06-12 23:27:00,88.6
2025-06-12 09:14:00,50.3160582227961
2025-06-12 01:42:00,58.7
2025-06-12 00:25:00,69.6
2025-06-12 23:46:00,20.0
2025-06-12 20:35:00,93.4
2025-06-12 17:41:00,50.3160582227961
2025-06-12 12:51:00,26.9
2025-06-12 15:28:00,84.9
2025-06-12 08:56:00,50.3160582227961
2025-06-12 23:59:00,50.3160582227961
2025-06-12 12:06:00,73.1
2025-06-12 10:38:00,99.9
2025-06-12 10:27:00,22.6
2025-06-12 00:06:00,3.6
2025-06-12 05:57:00,25.9
2025-06-12 10:22:00,73.0
2025-06-12 09:07:00,74.9
2025-06-12 01:04:00,21.8
2025-06-12 19:39:00,96.3
2025-06-12 13:20:00,5.1
2025-06-12 08:03:00,89.9
2025-06-12 04:37:00,64.2
2025-06-12 20:16:00,15.3
2025-06-12 22:12:00,80.8
2025-06-12 18:50:00,86.8
2025-06-12 14:16:00,50.3160582227961
2025-06-12 06:33:00,28.7
2025-06-12 05:19:00,78.4
2025-06-12 13:24:00,50.3160582227961
2025-06-12 14:13:00,50.3160582227961
2025-06-12 21:00:00,51.4
2025-06-12 12:16:00,38.9
2025-06-12 16:54:00,55.7
2025-06-12 19:57:00,2.1
2025-06-12 06:52:00,50.3160582227961
2025-06-12 13:56:00,50.3160582227961
2025-06-12 19:02:00,3.0
2025-06-12 07:31:00,84.4
2025-06-12 12:22:00,4.9
2025-06-12 15:12:00,70.0
2025-06-12 00:14:00,15.2
2025-06-12 02:35:00,89.8
2025-06-12 20:44:00,33.9
2025-06-12 07:16:00,0.2
2025-06-12 21:05:00,48.2
2025-06-12 12:37:00,55.4
2025-06-12 08:32:00,50.3160582227961
2025-06-12 19:34:00,89.6
2025-06-12 14:22:00,87.6
2025-06-12 19:20:00,24.3
2025-06-12 01:49:00,34.8
2025-06-12 02:57:00,60.4
2025-06-12 07:02:00,97.0
2025-06-12 19:56:00,55.3
2025-06-12 21:19:00,99.4
2025-06-12 12:27:00,22.8
2025-06-12 18:57:00,50.3160582227961
2025-06-12 04:04:00,50.3160582227961
2025-06-12 15:13:00,71.8
2025-06-12 08:54:00,1.7
2025-06-12 00:43:00,2.3
2025-06-12 09:57:00,26.2
2025-06-12 06:54:00,16.9
2025-06-12 22:15:00,13.3
2025-06-12 00:55:00,0.2
2025-06-12 19:22:00,70.9
2025-06-12 06:20:00,47.2
2025-06-12 14:16:00,5.9
2025-06-12 07:52:00,66.9
2025-06-12 22:28:00,85.8
2025-06-12 16:13:00,92.1
2025-06-12 12:09:00,58.9
2025-06-12 21:24:00,99.9
2025-06-12 22:05:00,61.7
2025-06-12 07:55:00,25.1
2025-06-12 07:05:00,40.2
2025-06-12 15:36:00,75.9
2025-06-12 19:47:00,43.4
2025-06-12 00:32:00,96.8
2025-06-12 05:24:00,54.6
2025-06-12 04:43:00,42.5
2025-06-12 21:02:00,0.8
2025-06-12 20:53:00,65.0
2025-06-12 14:13:00,83.8
2025-06-12 01:11:00,65.2
2025-06-12 21:05:00,50.3160582227961
2025-06-12 11:40:00,21.6
2025-06-12 19:06:00,4.1
2025-06-12 10:28:00,46.1
2025-06-12 03:30:00,54.4
2025-06-12 17:55:00,27.9
2025-06-12 02:06:00,50.3160582227961
2025-06-12 19:29:00,50.3160582227961
2025-06-12 22:41:00,45.1
2025-06-12 10:15:00,31.2
2025-06-12 06:49:00,56.7
2025-06-12 01:23:00,70.7
2025-06-12 07:49:00,46.0
2025-06-12 01:58:00,48.0
2025-06-12 01:28:00,80.1
2025-06-12 14:35:00,50.3160582227961
2025-06-12 08:23:00,8.7
2025-06-12 13:11:00,19.6
2025-06-12 18:24:00,2.4
2025-06-12 02:26:00,44.1
2025-06-12 19:38:00,80.3
2025-06-12 15:30:00,50.3160582227961
2025-06-12 22:59:00,78.2
2025-06-12 03:57:00,31.2
2025-06-12 11:08:00,44.4
2025-06-12 21:57:00,20.5
2025-06-12 16:08:00,50.3160582227961
2025-06-12 15:54:00,77.6
2025-06-12 18:44:00,55.4
2025-06-12 20:56:00,85.6
2025-06-12 20:29:00,50.3160582227961
2025-06-12 14:44:00,19.7
2025-06-12 15:38:00,46.1
2025-06-12 20:15:00,88.0
2025-06-12 23:30:00,95.9
2025-06-12 00:28:00,50.3160582227961
2025-06-12 11:09:00,70.1
2025-06-12 04:45:00,98.5
2025-06-12 05:30:00,19.9
2025-06-12 20:07:00,95.0
2025-06-12 10:01:00,50.3160582227961
2025-06-12 16:55:00,50.3160582227961
2025-06-12 05:25:00,90.6
2025-06-12 17:11:00,7.8
2025-06-12 06:44:00,34.2
2025-06-12 23:48:00,1.2
2025-06-12 04:15:00,50.3160582227961
2025-06-12 06:14:00,58.2
2025-06-12 14:43:00,46.9
2025-06-12 11:43:00,50.3160582227961
2025-06-12 21:26:00,96.4
2025-06-12 02:19:00,68.6
2025-06-12 08:02:00,89.0
2025-06-12 09:32:00,51.9
2025-06-12 05:21:00,18.5
2025-06-12 00:13:00,80.6
2025-06-12 09:44:00,30.1
2025-06-12 20:39:00,98.6
2025-06-12 05:03:00,89.6
2025-06-12 22:14:00,16.2
2025-06-12 22:05:00,40.9
2025-06-12 20:21:00,2.2
2025-06-12 22:12:00,68.4
2025-06-12 19:05:00,96.1
2025-06-12 16:25:00,71.0
2025-06-12 02:42:00,92.1
2025-06-12 22:52:00,64.4
2025-06-12 03:53:00,7.1
2025-06-12 20:58:00,3.5
2025-06-12 21:48:00,32.4
2025-06-12 12:34:00,33.7
2025-06-12 19:25:00,3.9
2025-06-12 04:38:00,50.3160582227961
2025-06-12 17:09:00,7.9
2025-06-12 19:36:00,33.8
2025-06-12 13:48:00,26.4
2025-06-12 10:46:00,3.8
2025-06-12 13:58:00,45.7
2025-06-12 11:35:00,50.3160582227961
2025-06-12 05:50:00,41.6
2025-06-12 23:48:00,75.1
2025-06-12 06:07:00,50.3160582227961
2025-06-12 10:02:00,77.4
2025-06-12 10:47:00,50.3160582227961
2025-06-12 01:01:00,98.2
2025-06-12 12:30:00,20.0
2025-06-12 04:42:00,20.0
2025-06-12 21:23:00,50.3160582227961
2025-06-12 23:32:00,6.8
2025-06-12 09:35:00,98.2
2025-06-12 10:51:00,53.5
2025-06-12 23:15:00,11.1
2025-06-12 01:06:00,88.1
2025-06-12 10:07:00,16.6
2025-06-12 01:59:00,88.5
2025-06-12 18:34:00,89.8
2025-06-12 14:51:00,94.6
2025-06-12 15:55:00,66.5
2025-06-12 03:47:00,25.4
2025-06-12 16:16:00,63.1
2025-06-12 09:56:00,63.8
2025-06-12 14:37:00,32.3
2025-06-12 18:13:00,50.3160582227961
2025-06-12 17:15:00,88.2
2025-06-12 20:15:00,10.2
2025-06-12 03:31:00,39.9
2025-06-12 15:03:00,85.9
2025-06-12 20:27:00,93.6
2025-06-12 02:45:00,81.0
2025-06-12 20:13:00,18.5
2025-06-12 10:32:00,45.8
2025-06-12 12:24:00,47.1
2025-06-12 18:57:00,5.9
2025-06-12 04:11:00,55.7
2025-06-12 06:45:00,39.7
2025-06-12 20:05:00,88.6
2025-06-12 21:06:00,50.3160582227961
2025-06-12 23:56:00,11.8
2025-06-12 08:31:00,46.2
2025-06-12 13:29:00,25.1
2025-06-12 19:07:00,93.0
2025-06-12 10:22:00,50.3160582227961
2025-06-12 23:50:00,47.1
2025-06-12 08:13:00,71.6
2025-06-12 00:26:00,65.1
2025-06-12 06:13:00,96.8
2025-06-12 10:13:00,78.2
2025-06-12 01:27:00,27.9
2025-06-12 23:12:00,95.7
2025-06-12 02:28:00,3.0
2025-06-12 18:06:00,61.5
2025-06-12 14:46:00,8.7
2025-06-12 09:13:00,30.7
2025-06-12 05:25:00,4.4
2025-06-12 05:40:00,74.8
2025-06-12 04:54:00,27.7
2025-06-12 15:13:00,55.5
2025-06-12 20:48:00,37.1
2025-06-12 17:47:00,50.3
2025-06-12 12:08:00,73.4
2025-06-12 05:32:00,50.3160582227961
2025-06-12 11:21:00,62.7
2025-06-12 14:29:00,47.8
2025-06-12 00:12:00,78.8
2025-06-12 16:06:00,47.4
2025-06-12 08:22:00,39.7
2025-06-12 13:18:00,96.7
2025-06-12 03:09:00,52.4
2025-06-12 05:00:00,83.6
2025-06-12 17:44:00,70.1
2025-06-12 20:12:00,35.9
2025-06-12 04:00:00,28.0
2025-06-12 06:38:00,35.2
2025-06-12 07:15:00,5.6
2025-06-12 14:18:00,45.4
2025-06-12 08:28:00,83.2
2025-06-12 08:28:00,57.9
2025-06-12 12:17:00,13.9
2025-06-12 05:20:00,50.3160582227961
2025-06-12 04:35:00,35.9
2025-06-12 23:40:00,52.6
2025-06-12 08:52:00,38.8
2025-06-12 23:16:00,80.9
2025-06-12 14:10:00,27.4
2025-06-12 08:17:00,1.0
2025-06-12 09:37:00,56.9
2025-06-12 03:45:00,93.7
2025-06-12 05:30:00,50.3160582227961
2025-06-12 11:20:00,50.4
2025-06-12 12:29:00,18.0
2025-06-12 20:31:00,63.6
2025-06-12 05:39:00,91.6
2025-06-12 11:52:00,86.2
2025-06-12 20:11:00,50.3160582227961
2025-06-12 12:01:00,30.8
2025-06-12 01:21:00,82.3
2025-06-12 06:43:00,7.6
2025-06-12 03:46:00,86.8
2025-06-12 14:24:00,76.9
2025-06-12 03:11:00,49.3
2025-06-12 09:23:00,36.6
2025-06-12 02:48:00,78.9
2025-06-12 23:12:00,67.4
2025-06-12 21:55:00,77.3
2025-06-12 14:58:00,26.4
2025-06-12 21:04:00,14.0
2025-06-12 21:12:00,32.7
2025-06-12 21:08:00,47.1
2025-06-12 12:23:00,87.6
2025-06-12 14:07:00,67.4
2025-06-12 08:22:00,78.1
2025-06-12 05:48:00,51.6
2025-06-12 08:30:00,37.5
2025-06-12 20:25:00,86.7
2025-06-12 08:56:00,78.2
2025-06-12 23:55:00,86.7
2025-06-12 17:25:00,56.1
2025-06-12 14:08:00,33.4
2025-06-12 23:51:00,55.9
2025-06-12 04:55:00,56.3
2025-06-12 09:31:00,50.3160582227961
2025-06-12 03:08:00,64.5
2025-06-12 21:08:00,84.4
2025-06-12 02:55:00,50.3160582227961
2025-06-12 14:29:00,57.9
2025-06-12 15:56:00,88.5
2025-06-12 19:06:00,51.6
2025-06-12 04:53:00,89.1
2025-06-12 05:57:00,50.3160582227961
2025-06-12 10:13:00,83.9
2025-06-12 19:22:00,50.3160582227961
2025-06-12 10:03:00,40.1
2025-06-12 00:50:00,30.8
2025-06-12 18:11:00,36.4
2025-06-12 06:59:00,42.5
2025-06-12 15:50:00,27.1
2025-06-12 22:17:00,1.0
2025-06-12 12:52:00,74.5
2025-06-12 08:44:00,24.8
2025-06-12 06:44:00,13.8
2025-06-12 09:10:00,99.6
2025-06-12 22:44:00,83.7
2025-06-12 20:56:00,77.9
2025-06-12 14:03:00,72.5
2025-06-12 06:16:00,89.5
2025-06-12 16:27:00,35.7
2025-06-12 08:04:00,21.1
2025-06-12 13:24:00,78.2
2025-06-12 17:41:00,53.7
2025-06-12 17:13:00,78.2
2025-06-12 11:37:00,42.7
2025-06-12 09:53:00,92.3
2025-06-12 18:22:00,20.3
2025-06-12 05:45:00,16.9
2025-06-12 03:49:00,24.1
2025-06-12 18:26:00,35.0
2025-06-12 16:40:00,86.6
2025-06-12 04:00:00,19.1
2025-06-12 21:47:00,75.7
2025-06-12 06:00:00,33.4
2025-06-12 13:41:00,37.7
2025-06-12 18:57:00,23.1
2025-06-12 10:59:00,60.8
2025-06-12 09:11:00,82.2
2025-06-12 16:37:00,53.3
2025-06-12 10:44:00,50.04954009433962
2025-06-12 20:33:00,4.3
2025-06-12 14:43:00,87.4
2025-06-12 16:58:00,5.8
2025-06-12 22:16:00,97.1
2025-06-12 16:48:00,27.4
2025-06-12 16:26:00,21.3
2025-06-12 19:28:00,94.4
2025-06-12 22:59:00,27.4
2025-06-12 14:48:00,50.04954009433962
2025-06-12 03:55:00,11.9
2025-06-12 05:50:00,96.8
2025-06-12 05:15:00,75.6
2025-06-12 07:15:00,82.4
2025-06-12 03:34:00,36.3
2025-06-12 23:07:00,76.4
2025-06-12 22:57:00,30.2
2025-06-12 08:41:00,72.7
2025-06-12 09:52:00,76.6
2025-06-12 09:47:00,50.04954009433962
2025-06-12 02:03:00,94.3
2025-06-12 01:07:00,24.7
2025-06-12 23:05:00,94.6
2025-06-12 23:49:00,75.5
2025-06-12 07:43:00,4.4
2025-06-12 13:28:00,96.8
2025-06-12 01:57:00,50.04954009433962
2025-06-12 08:41:00,8.4
2025-06-12 04:20:00,74.1
2025-06-12 10:01:00,69.7
2025-06-12 14:40:00,14.5
2025-06-12 13:50:00,5.1
2025-06-12 02:09:00,31.9
2025-06-12 15:41:00,15.4
2025-06-12 07:17:00,79.9
2025-06-12 18:11:00,33.9
2025-06-12 18:03:00,49.9
2025-06-12 06:13:00,60.5
2025-06-12 21:53:00,98.9
2025-06-12 18:04:00,42.1
2025-06-12 17:46:00,24.2
2025-06-12 15:55:00,50.04954009433962
2025-06-12 11:16:00,10.6
2025-06-12 02:22:00,61.5
2025-06-12 01:43:00,19.2
2025-06-12 15:38:00,50.04954009433962
2025-06-12 22:27:00,10.3
2025-06-12 17:48:00,66.7
2025-06-12 15:58:00,20.5
2025-06-12 08:07:00,58.6
2025-06-12 09:27:00,14.6
2025-06-12 07:18:00,47.1
2025-06-12 22:35:00,34.0
2025-06-12 14:51:00,79.6
2025-06-12 12:54:00,2.5
2025-06-12 05:50:00,50.04954009433962
2025-06-12 05:30:00,15.8
2025-06-12 15:00:00,68.9
2025-06-12 08:24:00,50.04954009433962
2025-06-12 05:06:00,33.7
2025-06-12 02:42:00,67.1
2025-06-12 03:41:00,50.04954009433962
2025-06-12 03:52:00,38.9
2025-06-12 04:28:00,50.04954009433962
2025-06-12 16:45:00,89.1
2025-06-12 12:21:00,4.9
2025-06-12 05:59:00,97.3
2025-06-12 23:31:00,50.04954009433962
2025-06-12 20:52:00,78.0
2025-06-12 03:47:00,78.2
2025-06-12 04:13:00,90.9
2025-06-12 03:56:00,31.2
2025-06-12 13:43:00,40.6
2025-06-12 12:04:00,45.8
2025-06-12 23:55:00,91.2
2025-06-12 20:04:00,45.1
2025-06-12 07:34:00,92.5
2025-06-12 06:01:00,88.5
2025-06-12 12:03:00,50.04954009433962
2025-06-12 12:21:00,54.8
2025-06-12 21:13:00,16.7
2025-06-12 01:55:00,22.6
2025-06-12 14:19:00,49.0
2025-06-12 05:55:00,54.0
2025-06-12 14:24:00,77.3
2025-06-12 14:31:00,80.7
2025-06-12 16:44:00,55.1
2025-06-12 14:48:00,49.3
2025-06-12 04:10:00,50.04954009433962
2025-06-12 03:56:00,52.4
2025-06-12 19:58:00,53.7
2025-06-12 10:09:00,61.7
2025-06-12 14:08:00,35.6
2025-06-12 22:08:00,55.7
2025-06-12 08:45:00,0.4
2025-06-12 00:46:00,50.6
2025-06-12 22:27:00,42.3
2025-06-12 14:05:00,19.1
2025-06-12 07:31:00,96.9
2025-06-12 23:16:00,82.4
2025-06-12 22:12:00,66.5
2025-06-12 11:03:00,8.0
2025-06-12 05:03:00,98.1
2025-06-12 13:11:00,90.1
2025-06-12 23:20:00,58.1
2025-06-12 00:37:00,9.7
2025-06-12 06:11:00,1.9
2025-06-12 07:14:00,53.5
2025-06-12 01:34:00,94.6
2025-06-12 02:46:00,18.7
2025-06-12 02:36:00,50.04954009433962
2025-06-12 01:46:00,98.5
2025-06-12 10:25:00,50.04954009433962
2025-06-12 04:37:00,36.0
2025-06-12 00:43:00,42.3
2025-06-12 02:14:00,12.5
2025-06-12 00:02:00,29.4
2025-06-12 08:09:00,50.04954009433962
2025-06-12 17:52:00,78.9
2025-06-12 07:56:00,94.3
2025-06-12 00:24:00,86.3
2025-06-12 05:28:00,50.04954009433962
2025-06-12 03:33:00,32.5
2025-06-12 06:04:00,50.04954009433962
2025-06-12 01:20:00,50.04954009433962
2025-06-12 19:55:00,91.7
2025-06-12 13:34:00,38.9
2025-06-12 20:20:00,31.9
2025-06-12 05:17:00,58.6
2025-06-12 07:43:00,50.1
2025-06-12 05:23:00,35.6
2025-06-12 09:30:00,86.7
2025-06-12 16:06:00,1.8
2025-06-12 19:49:00,96.6
2025-06-12 10:23:00,32.5
2025-06-12 11:26:00,77.2
2025-06-12 08:36:00,80.8
2025-06-12 00:31:00,34.6
2025-06-12 23:12:00,47.3
2025-06-12 21:12:00,21.7
2025-06-12 12:53:00,31.7
2025-06-12 08:29:00,24.5
2025-06-12 17:09:00,2.2
2025-06-12 19:21:00,87.5
2025-06-12 01:32:00,19.5
2025-06-12 10:47:00,52.5
2025-06-12 02:38:00,72.3
2025-06-12 23:30:00,9.4
2025-06-12 03:08:00,40.9
2025-06-12 11:06:00,89.6
2025-06-12 16:39:00,34.1
2025-06-12 09:06:00,67.4
2025-06-12 21:50:00,98.2
2025-06-12 03:45:00,60.7
2025-06-12 18:20:00,75.4
2025-06-12 00:41:00,42.8
2025-06-12 07:03:00,56.5
2025-06-12 18:17:00,54.1
2025-06-12 15:40:00,44.0
2025-06-12 07:31:00,84.0
2025-06-12 06:45:00,46.7
2025-06-12 17:59:00,96.2
2025-06-12 01:25:00,97.2
2025-06-12 08:00:00,17.9
2025-06-12 22:51:00,50.04954009433962
2025-06-12 09:40:00,9.7
2025-06-12 21:10:00,97.1
2025-06-12 20:41:00,60.7
2025-06-12 15:11:00,6.4
2025-06-12 22:30:00,58.8
2025-06-12 13:09:00,82.5
2025-06-12 21:44:00,59.0
2025-06-12 04:52:00,70.9
2025-06-12 00:41:00,99.7
2025-06-12 00:48:00,25.1
2025-06-12 07:14:00,46.4
2025-06-12 13:29:00,65.3
2025-06-12 09:16:00,82.7
2025-06-12 12:16:00,21.9
2025-06-12 20:36:00,50.04954009433962
2025-06-12 06:39:00,69.4
2025-06-12 07:48:00,6.6
2025-06-12 15:36:00,91.8
2025-06-12 07:31:00,50.04954009433962
2025-06-12 20:24:00,97.5
2025-06-12 20:18:00,56.4
2025-06-12 04:56:00,80.2
2025-06-12 07:10:00,50.04954009433962
2025-06-12 23:19:00,25.1
2025-06-12 09:58:00,68.1
2025-06-12 07:33:00,36.1
2025-06-12 02:40:00,0.1
2025-06-12 21:42:00,50.04954009433962
2025-06-12 03:48:00,48.5
2025-06-12 10:45:00,32.0
2025-06-12 16:01:00,76.3
2025-06-12 10:15:00,26.1
2025-06-12 11:42:00,98.9
2025-06-12 04:39:00,44.8
2025-06-12 14:03:00,35.9
2025-06-12 03:56:00,50.04954009433962
2025-06-12 11:34:00,15.6
2025-06-12 15:49:00,20.7
2025-06-12 11:34:00,73.2
2025-06-12 23:22:00,50.04954009433962
2025-06-12 19:54:00,50.04954009433962
2025-06-12 08:02:00,64.4
2025-06-12 08:04:00,34.9
2025-06-12 05:20:00,86.0
2025-06-12 17:09:00,50.04954009433962
2025-06-12 09:07:00,19.5
2025-06-12 06:17:00,33.9
2025-06-12 00:15:00,57.7
2025-06-12 21:13:00,8.4
2025-06-12 12:20:00,85.6
2025-06-12 00:14:00,50.04954009433962
2025-06-12 21:19:00,58.4
2025-06-12 17:45:00,50.04954009433962
2025-06-12 21:48:00,31.0
2025-06-12 06:55:00,59.8
2025-06-12 05:28:00,54.9
2025-06-12 06:51:00,57.6
2025-06-12 12:49:00,9.8
2025-06-12 22:57:00,91.0
2025-06-12 07:02:00,65.7
2025-06-12 21:06:00,50.04954009433962
2025-06-12 07:26:00,7.1
2025-06-12 14:37:00,42.6
2025-06-12 09:02:00,84.9
2025-06-12 18:45:00,41.3
2025-06-12 11:54:00,36.1
2025-06-12 10:20:00,77.8
2025-06-12 07:59:00,20.1
2025-06-12 14:42:00,76.4
2025-06-12 07:06:00,34.4
2025-06-12 02:53:00,30.8
2025-06-12 15:07:00,97.5
2025-06-12 04:00:00,82.2
2025-06-12 03:25:00,41.4
2025-06-12 17:48:00,62.5
2025-06-12 09:29:00,83.0
2025-06-12 14:36:00,59.0
2025-06-12 20:09:00,46.4
2025-06-12 22:47:00,18.5
2025-06-12 10:13:00,85.3
2025-06-12 00:53:00,74.8
2025-06-12 18:59:00,42.8
2025-06-12 23:44:00,50.04954009433962
2025-06-12 14:27:00,34.9
2025-06-12 15:24:00,61.7
2025-06-12 15:47:00,50.04954009433962
2025-06-12 16:15:00,61.9
2025-06-12 07:27:00,50.04954009433962
2025-06-12 06:18:00,5.2
2025-06-12 19:41:00,2.4
2025-06-12 07:20:00,30.6
2025-06-12 16:48:00,95.2
2025-06-12 09:28:00,26.9
2025-06-12 05:47:00,50.04954009433962
2025-06-12 13:41:00,2.2
2025-06-12 21:47:00,11.8
2025-06-12 14:23:00,21.3
2025-06-12 06:05:00,32.6
2025-06-12 19:57:00,51.6
2025-06-12 21:51:00,50.04954009433962
2025-06-12 09:05:00,11.0
2025-06-12 08:50:00,50.04954009433962
2025-06-12 02:12:00,39.7
2025-06-12 19:55:00,57.0
2025-06-12 20:58:00,27.4
2025-06-12 19:39:00,26.6
2025-06-12 15:14:00,50.04954009433962
2025-06-12 21:51:00,32.2
2025-06-12 10:02:00,31.8
2025-06-12 05:20:00,7.9
2025-06-12 20:16:00,77.4
2025-06-12 06:39:00,31.1
2025-06-12 02:03:00,18.4
2025-06-12 21:29:00,47.8
2025-06-12 21:37:00,2.1
2025-06-12 03:34:00,28.2
2025-06-12 19:51:00,8.2
2025-06-12 18:29:00,50.04954009433962
2025-06-12 14:30:00,67.7
2025-06-12 03:09:00,20.1
2025-06-12 20:34:00,16.2
2025-06-12 13:42:00,50.04954009433962
2025-06-12 04:22:00,60.6
2025-06-12 03:37:00,54.5
2025-06-12 20:43:00,0.6
2025-06-12 23:42:00,77.6
2025-06-12 19:29:00,50.04954009433962
2025-06-12 00:00:00,26.5
2025-06-12 17:40:00,31.6
2025-06-12 13:35:00,88.8
2025-06-12 20:33:00,17.7
2025-06-12 08:42:00,55.6
2025-06-12 15:36:00,65.8
2025-06-12 16:17:00,73.7
2025-06-12 02:28:00,35.8
2025-06-12 15:53:00,25.5
2025-06-12 00:52:00,23.6
2025-06-12 21:28:00,50.04954009433962
2025-06-12 00:21:00,48.8
2025-06-12 18:15:00,77.7
2025-06-12 08:59:00,78.4
2025-06-12 20:11:00,92.2
2025-06-12 22:15:00,26.9
2025-06-12 01:26:00,85.2
2025-06-12 02:43:00,61.3
2025-06-12 19:58:00,32.9
2025-06-12 19:52:00,6.6
2025-06-12 20:14:00,1.5
2025-06-12 18:40:00,76.0
2025-06-12 01:44:00,7.7
2025-06-12 09:13:00,50.04954009433962
2025-06-12 02:08:00,27.8
2025-06-12 09:48:00,27.2
2025-06-12 20:41:00,4.9
2025-06-12 19:43:00,50.04954009433962
2025-06-12 14:17:00,36.2
2025-06-12 20:20:00,50.04954009433962
2025-06-12 09:02:00,73.9
2025-06-12 04:17:00,4.4
2025-06-12 16:03:00,77.4
2025-06-12 01:18:00,50.06682414078186
2025-06-12 10:44:00,93.5
2025-06-12 10:01:00,20.7
2025-06-12 03:10:00,90.9
2025-06-12 06:40:00,46.4
2025-06-12 21:08:00,68.0
2025-06-12 03:50:00,9.8
2025-06-12 11:39:00,41.7
2025-06-12 02:01:00,50.06682414078186
2025-06-12 07:32:00,72.5
2025-06-12 21:02:00,82.0
2025-06-12 21:29:00,29.5
2025-06-12 07:59:00,61.1
2025-06-12 13:14:00,95.4
2025-06-12 00:30:00,91.8
2025-06-12 15:36:00,50.06682414078186
2025-06-12 02:49:00,50.06682414078186
2025-06-12 02:15:00,12.3
2025-06-12 05:33:00,62.3
2025-06-12 08:36:00,13.4
2025-06-12 19:30:00,22.7
2025-06-12 08:10:00,79.4
2025-06-12 19:32:00,36.6
2025-06-12 22:28:00,66.8
2025-06-12 12:37:00,25.1
2025-06-12 05:14:00,3.4
2025-06-12 14:45:00,50.06682414078186
2025-06-12 11:33:00,87.2
2025-06-12 15:31:00,76.2
2025-06-12 18:02:00,80.2
2025-06-12 04:15:00,35.9
2025-06-12 20:12:00,50.06682414078186
2025-06-12 00:00:00,15.8
2025-06-12 20:37:00,12.0
2025-06-12 04:34:00,94.6
2025-06-12 07:08:00,70.5
2025-06-12 05:51:00,33.0
2025-06-12 08:04:00,80.7
2025-06-12 11:31:00,10.2
2025-06-12 05:53:00,84.7
2025-06-12 07:25:00,40.0
2025-06-12 21:43:00,89.6
2025-06-12 16:00:00,51.9
2025-06-12 01:27:00,64.0
2025-06-12 22:31:00,16.2
2025-06-12 13:15:00,25.7
2025-06-12 14:25:00,82.4
2025-06-12 22:41:00,50.06682414078186
2025-06-12 03:08:00,40.0
2025-06-12 11:34:00,22.4
2025-06-12 06:35:00,62.9
2025-06-12 00:47:00,50.6
2025-06-12 19:58:00,92.1
2025-06-12 14:28:00,68.6
2025-06-12 13:42:00,52.8
2025-06-12 07:15:00,7.5
2025-06-12 19:24:00,82.0
2025-06-12 04:14:00,7.3
2025-06-12 20:08:00,19.9
2025-06-12 19:14:00,48.1
2025-06-12 22:41:00,28.5
2025-06-12 18:52:00,15.6
2025-06-12 02:14:00,95.6
2025-06-12 15:55:00,92.8
2025-06-12 16:39:00,50.06682414078186
2025-06-12 00:01:00,50.06682414078186
2025-06-12 01:06:00,52.7
2025-06-12 03:54:00,38.2
2025-06-12 16:28:00,50.06682414078186
2025-06-12 17:02:00,90.1
2025-06-12 01:51:00,75.5
2025-06-12 13:17:00,39.3
2025-06-12 10:47:00,50.06682414078186
2025-06-12 00:36:00,50.06682414078186
2025-06-12 12:22:00,69.8
2025-06-12 02:58:00,70.2
2025-06-12 01:31:00,19.9
2025-06-12 00:04:00,52.2
2025-06-12 21:07:00,27.8
2025-06-12 09:43:00,79.1
2025-06-12 03:10:00,50.06682414078186
2025-06-12 22:26:00,71.5
2025-06-12 14:09:00,4.0
2025-06-12 20:12:00,93.6
2025-06-12 20:35:00,41.4
2025-06-12 20:26:00,50.06682414078186
2025-06-12 06:45:00,7.2
2025-06-12 05:36:00,18.6
2025-06-12 20:54:00,64.1
2025-06-12 18:55:00,50.2
2025-06-12 00:39:00,15.0
2025-06-12 04:09:00,89.9
2025-06-12 13:56:00,69.5
2025-06-12 12:22:00,44.0
2025-06-12 13:58:00,95.0
2025-06-12 05:42:00,1.2
2025-06-12 13:53:00,46.3
2025-06-12 16:16:00,50.06682414078186
2025-06-12 15:16:00,97.5
2025-06-12 09:38:00,70.5
2025-06-12 10:13:00,10.7
2025-06-12 15:04:00,22.3
2025-06-12 14:17:00,97.4
2025-06-12 08:09:00,70.9
2025-06-12 09:32:00,50.06682414078186
2025-06-12 13:26:00,98.9
2025-06-12 12:50:00,9.8
2025-06-12 04:10:00,22.4
2025-06-12 06:26:00,26.7
2025-06-12 13:32:00,77.9
2025-06-12 00:38:00,1.9
2025-06-12 06:35:00,2.2
2025-06-12 06:18:00,50.06682414078186
2025-06-12 11:30:00,14.1
2025-06-12 19:35:00,47.7
2025-06-12 08:27:00,87.0
2025-06-12 23:30:00,12.9
2025-06-12 07:13:00,7.0
2025-06-12 07:32:00,82.3
2025-06-12 19:17:00,12.1
2025-06-12 03:58:00,64.3
2025-06-12 06:41:00,50.06682414078186
2025-06-12 10:19:00,74.1
2025-06-12 19:47:00,43.5
2025-06-12 11:36:00,47.9
2025-06-12 14:47:00,92.5
2025-06-12 12:22:00,22.6
2025-06-12 11:56:00,80.3
2025-06-12 10:36:00,67.8
2025-06-12 06:33:00,99.1
2025-06-12 16:25:00,10.9
2025-06-12 09:57:00,40.2
2025-06-12 08:20:00,99.3
2025-06-12 01:05:00,19.1
2025-06-12 19:14:00,26.5
2025-06-12 06:15:00,24.9
2025-06-12 16:57:00,31.4
2025-06-12 20:39:00,57.7
2025-06-12 14:44:00,84.5
2025-06-12 07:34:00,50.06682414078186
2025-06-12 02:33:00,76.8
2025-06-12 06:47:00,80.4
2025-06-12 23:49:00,57.5
2025-06-12 22:57:00,50.06682414078186
2025-06-12 22:46:00,39.8
2025-06-12 07:01:00,35.1
2025-06-12 00:24:00,17.8
2025-06-12 12:29:00,63.7
2025-06-12 03:03:00,46.6
2025-06-12 06:29:00,47.9
2025-06-12 10:16:00,22.9
2025-06-12 11:53:00,30.7
2025-06-12 17:03:00,29.8
2025-06-12 06:25:00,88.6
2025-06-12 16:10:00,21.2
2025-06-12 22:55:00,2.5
2025-06-12 07:14:00,43.3
2025-06-12 18:04:00,50.06682414078186
2025-06-12 13:32:00,28.4
2025-06-12 00:31:00,50.06682414078186
2025-06-12 06:32:00,96.3
2025-06-12 00:49:00,50.3
2025-06-12 15:59:00,50.06682414078186
2025-06-12 10:13:00,49.7
2025-06-12 22:06:00,10.5
2025-06-12 13:50:00,30.9
2025-06-12 07:14:00,85.4
2025-06-12 22:57:00,19.0
2025-06-12 04:44:00,6.4
2025-06-12 05:31:00,87.1
2025-06-12 08:58:00,9.9
2025-06-12 03:36:00,70.9
2025-06-12 00:39:00,16.5
2025-06-12 10:42:00,19.6
2025-06-12 09:38:00,50.06682414078186
2025-06-12 17:39:00,96.0
2025-06-12 02:56:00,89.2
2025-06-12 02:10:00,92.6
2025-06-12 17:58:00,14.1
2025-06-12 19:12:00,35.1
2025-06-12 05:53:00,43.0
2025-06-12 03:38:00,60.8
2025-06-12 08:07:00,52.7
2025-06-12 10:13:00,3.6
2025-06-12 13:31:00,78.4
2025-06-12 01:12:00,50.06682414078186
2025-06-12 05:46:00,50.06682414078186
2025-06-12 19:41:00,88.2
2025-06-12 02:40:00,64.7
2025-06-12 01:36:00,30.1
2025-06-12 12:00:00,80.3
2025-06-12 15:44:00,38.8
2025-06-12 03:42:00,28.7
2025-06-12 16:32:00,54.9
2025-06-12 01:46:00,79.1
2025-06-12 18:22:00,5.3
2025-06-12 08:27:00,78.6
2025-06-12 13:30:00,50.06682414078186
2025-06-12 00:35:00,9.2
2025-06-12 00:08:00,64.2
2025-06-12 11:36:00,11.5
2025-06-12 18:14:00,87.3
2025-06-12 01:24:00,39.0
2025-06-12 21:56:00,21.4
2025-06-12 16:59:00,5.0
2025-06-12 20:15:00,6.0
2025-06-12 03:45:00,86.8
2025-06-12 05:32:00,82.9
2025-06-12 11:14:00,27.1
2025-06-12 07:18:00,72.1
2025-06-12 18:46:00,41.7
2025-06-12 23:03:00,47.5
2025-06-12 22:31:00,29.7
2025-06-12 22:18:00,11.9
2025-06-12 12:18:00,50.0
2025-06-12 13:24:00,48.6
2025-06-12 10:39:00,32.4
2025-06-12 06:17:00,71.4
2025-06-12 18:12:00,60.5
2025-06-12 05:10:00,41.8
2025-06-12 00:16:00,4.4
2025-06-12 21:11:00,79.9
2025-06-12 06:08:00,38.7
2025-06-12 00:23:00,93.2
2025-06-12 22:37:00,5.3
2025-06-12 13:29:00,98.2
2025-06-12 15:09:00,92.0
2025-06-12 07:56:00,93.2
2025-06-12 17:45:00,52.9
2025-06-12 10:34:00,65.7
2025-06-12 13:50:00,54.8
2025-06-12 08:45:00,68.9
2025-06-12 20:44:00,14.3
2025-06-12 18:55:00,96.3
2025-06-12 16:54:00,50.06682414078186
2025-06-12 22:47:00,31.8
2025-06-12 09:46:00,50.06682414078186
2025-06-12 04:38:00,84.9
2025-06-12 11:06:00,71.0
2025-06-12 12:32:00,50.06682414078186
2025-06-12 04:44:00,48.2
2025-06-12 16:42:00,78.7
2025-06-12 02:37:00,8.1
2025-06-12 03:21:00,50.06682414078186
2025-06-12 22:46:00,72.3
2025-06-12 01:13:00,58.0
2025-06-12 03:18:00,41.1
2025-06-12 03:29:00,50.06682414078186
2025-06-12 16:45:00,30.3
2025-06-12 05:14:00,50.06682414078186
2025-06-12 00:55:00,29.8
2025-06-12 02:17:00,47.9
2025-06-12 15:30:00,41.1
2025-06-12 15:22:00,50.06682414078186
2025-06-12 13:26:00,56.0
2025-06-12 03:26:00,98.4
2025-06-12 23:29:00,64.6
2025-06-12 19:59:00,50.06682414078186
2025-06-12 09:20:00,77.4
2025-06-12 11:41:00,50.06682414078186
2025-06-12 21:57:00,71.5
2025-06-12 17:17:00,71.9
2025-06-12 11:36:00,17.8
2025-06-12 09:32:00,54.2
2025-06-12 03:50:00,64.5
2025-06-12 10:44:00,34.6
2025-06-12 07:06:00,28.9
2025-06-12 06:20:00,59.4
2025-06-12 15:22:00,50.06682414078186
2025-06-12 14:37:00,50.06682414078186
2025-06-12 08:13:00,21.4
2025-06-12 23:27:00,52.3
2025-06-12 04:47:00,55.9
2025-06-12 00:59:00,92.5
2025-06-12 22:54:00,13.8
2025-06-12 12:35:00,98.9
2025-06-12 21:05:00,50.06682414078186
2025-06-12 10:44:00,8.0
2025-06-12 03:02:00,11.7
2025-06-12 18:27:00,40.1
2025-06-12 18:33:00,56.6
2025-06-12 14:18:00,50.06682414078186
2025-06-12 08:47:00,42.7
2025-06-12 06:51:00,17.1
2025-06-12 15:40:00,81.0
2025-06-12 12:48:00,40.2
2025-06-12 00:46:00,21.1
2025-06-12 04:41:00,90.1
2025-06-12 05:53:00,69.6
2025-06-12 04:48:00,78.9
2025-06-12 03:04:00,60.0
2025-06-12 20:01:00,54.6
2025-06-12 22:05:00,43.9
2025-06-12 05:04:00,4.4
2025-06-12 02:02:00,42.9
2025-06-12 11:35:00,51.6
2025-06-12 08:21:00,32.3
2025-06-12 04:13:00,81.7
2025-06-12 23:41:00,14.0
2025-06-12 18:56:00,72.1
2025-06-12 08:11:00,13.5
2025-06-12 15:54:00,64.7
2025-06-12 14:14:00,52.8
2025-06-12 07:34:00,92.4
2025-06-12 18:40:00,90.8
2025-06-12 21:40:00,76.2
2025-06-12 07:40:00,27.3
2025-06-12 09:25:00,99.6
2025-06-12 00:43:00,95.1
2025-06-12 19:52:00,50.06682414078186
2025-06-12 23:42:00,26.8
2025-06-12 20:20:00,20.0
2025-06-12 09:58:00,4.2
2025-06-12 10:43:00,63.8
2025-06-12 07:06:00,22.2
2025-06-12 03:52:00,55.9
2025-06-12 11:02:00,53.7
2025-06-12 15:55:00,40.7
2025-06-12 00:41:00,40.7
2025-06-12 01:17:00,49.6
2025-06-12 06:43:00,30.2
2025-06-12 09:26:00,1.7
2025-06-12 16:19:00,50.06682414078186
2025-06-12 18:54:00,17.8
2025-06-12 06:31:00,92.7
2025-06-12 21:54:00,85.2
2025-06-12 04:04:00,54.2
2025-06-12 04:09:00,35.0
2025-06-12 07:50:00,23.4
2025-06-12 14:53:00,16.9
2025-06-12 20:30:00,69.2
2025-06-12 03:20:00,49.378098152289034
2025-06-12 15:04:00,39.7
2025-06-12 18:04:00,94.1
2025-06-12 20:58:00,39.6
2025-06-12 12:59:00,45.6
2025-06-12 06:58:00,49.378098152289034
2025-06-12 02:53:00,37.0
2025-06-12 04:42:00,49.378098152289034
2025-06-12 14:16:00,35.5
2025-06-12 10:29:00,49.378098152289034
2025-06-12 01:10:00,41.1
2025-06-12 20:37:00,31.6
2025-06-12 06:11:00,4.2
2025-06-12 21:32:00,39.7
2025-06-12 03:28:00,49.378098152289034
2025-06-12 15:14:00,49.378098152289034
2025-06-12 19:29:00,88.0
2025-06-12 02:59:00,4.3
2025-06-12 15:09:00,49.378098152289034
2025-06-12 20:12:00,81.5
2025-06-12 08:58:00,74.0
2025-06-12 23:24:00,36.6
2025-06-12 23:16:00,49.378098152289034
2025-06-12 20:06:00,46.4
2025-06-12 19:22:00,7.9
2025-06-12 17:20:00,83.8
2025-06-12 05:24:00,38.0
2025-06-12 08:16:00,82.7
2025-06-12 15:18:00,7.0
2025-06-12 09:23:00,21.9
2025-06-12 03:01:00,17.2
2025-06-12 19:00:00,49.378098152289034
2025-06-12 06:27:00,98.9
2025-06-12 02:53:00,95.7
2025-06-12 17:30:00,49.378098152289034
2025-06-12 05:08:00,76.9
2025-06-12 18:13:00,75.0
2025-06-12 04:11:00,49.378098152289034
2025-06-12 11:29:00,18.1
2025-06-12 15:47:00,49.378098152289034
2025-06-12 22:21:00,49.378098152289034
2025-06-12 21:19:00,13.5
2025-06-12 18:54:00,49.378098152289034
2025-06-12 06:19:00,49.378098152289034
2025-06-12 20:29:00,41.3
2025-06-12 03:29:00,53.3
2025-06-12 17:45:00,15.7
2025-06-12 15:22:00,47.6
2025-06-12 03:40:00,23.7
2025-06-12 05:52:00,91.0
2025-06-12 23:52:00,49.378098152289034
2025-06-12 22:16:00,48.7
2025-06-12 08:44:00,74.6
2025-06-12 08:09:00,42.4
2025-06-12 13:03:00,49.378098152289034
2025-06-12 18:23:00,83.3
2025-06-12 22:22:00,49.378098152289034
2025-06-12 20:55:00,49.378098152289034
2025-06-12 18:05:00,18.0
2025-06-12 03:39:00,3.7
2025-06-12 04:15:00,95.9
2025-06-12 08:54:00,43.2
2025-06-12 09:48:00,64.9
2025-06-12 11:35:00,52.2
2025-06-12 07:35:00,79.2
2025-06-12 03:32:00,2.7
2025-06-12 09:18:00,49.378098152289034
2025-06-12 18:40:00,49.378098152289034
2025-06-12 17:03:00,49.378098152289034
2025-06-12 07:36:00,7.4
2025-06-12 04:03:00,81.7
2025-06-12 22:47:00,49.378098152289034
2025-06-12 21:15:00,49.378098152289034
2025-06-12 09:28:00,67.3
2025-06-12 21:24:00,95.8
2025-06-12 00:08:00,62.2
2025-06-12 12:41:00,56.5
2025-06-12 18:59:00,43.8
2025-06-12 01:46:00,62.6
2025-06-12 08:11:00,53.4
2025-06-12 11:26:00,55.8
2025-06-12 10:33:00,33.6
2025-06-12 14:06:00,62.3
2025-06-12 15:31:00,1.1
2025-06-12 14:40:00,45.3
2025-06-12 07:31:00,75.4
2025-06-12 00:20:00,97.3
2025-06-12 03:46:00,85.3
2025-06-12 21:58:00,49.378098152289034
2025-06-12 23:34:00,84.5
2025-06-12 05:15:00,49.378098152289034
2025-06-12 13:53:00,49.378098152289034
2025-06-12 08:51:00,57.7
2025-06-12 04:18:00,49.378098152289034
2025-06-12 16:56:00,49.378098152289034
2025-06-12 21:06:00,68.3
2025-06-12 11:02:00,83.3
2025-06-12 17:59:00,36.4
2025-06-12 23:04:00,8.9
2025-06-12 06:04:00,65.7
2025-06-12 13:49:00,49.378098152289034
2025-06-12 21:09:00,21.1
2025-06-12 21:26:00,62.3
2025-06-12 06:01:00,49.378098152289034
2025-06-12 08:04:00,52.0
2025-06-12 08:36:00,83.4
2025-06-12 05:22:00,22.1
2025-06-12 07:40:00,49.378098152289034
2025-06-12 14:17:00,99.9
2025-06-12 09:59:00,61.9
2025-06-12 03:13:00,38.2
2025-06-12 09:31:00,9.3
2025-06-12 00:24:00,82.5
2025-06-12 04:02:00,75.8
2025-06-12 13:56:00,81.9
2025-06-12 14:13:00,30.7
2025-06-12 19:19:00,17.1
2025-06-12 16:28:00,51.4
2025-06-12 08:34:00,78.3
2025-06-12 05:22:00,37.4
2025-06-12 22:05:00,26.7
2025-06-12 20:08:00,59.8
2025-06-12 14:27:00,75.4
2025-06-12 09:51:00,43.6
2025-06-12 14:52:00,71.3
2025-06-12 20:03:00,49.378098152289034
2025-06-12 23:30:00,71.1
2025-06-12 13:14:00,54.8
2025-06-12 23:04:00,20.8
2025-06-12 00:22:00,23.9
2025-06-12 20:53:00,41.2
2025-06-12 10:43:00,49.378098152289034
2025-06-12 03:39:00,80.2
2025-06-12 22:46:00,18.5
2025-06-12 15:56:00,49.378098152289034
2025-06-12 05:09:00,56.6
2025-06-12 11:36:00,22.3
2025-06-12 23:36:00,37.5
2025-06-12 18:33:00,65.2
2025-06-12 18:35:00,49.378098152289034
2025-06-12 18:04:00,44.0
2025-06-12 22:52:00,90.3
2025-06-12 16:58:00,79.3
2025-06-12 23:27:00,5.1
2025-06-12 14:26:00,68.3
2025-06-12 14:43:00,71.9
2025-06-12 02:49:00,60.0
2025-06-12 00:48:00,83.5
2025-06-12 23:22:00,48.0
2025-06-12 06:21:00,93.8
2025-06-12 10:57:00,45.0
2025-06-12 00:57:00,93.3
2025-06-12 16:21:00,29.0
2025-06-12 11:05:00,41.5
2025-06-12 10:22:00,38.4
2025-06-12 03:30:00,76.6
2025-06-12 15:25:00,74.8
2025-06-12 16:55:00,63.8
2025-06-12 11:24:00,45.2
2025-06-12 07:59:00,49.378098152289034
2025-06-12 07:40:00,43.8
2025-06-12 15:16:00,55.1
2025-06-12 17:56:00,38.2
2025-06-12 14:45:00,82.5
2025-06-12 16:49:00,49.378098152289034
2025-06-12 08:33:00,58.4
2025-06-12 05:34:00,37.9
2025-06-12 04:50:00,53.2
2025-06-12 15:37:00,49.378098152289034
2025-06-12 09:08:00,94.7
2025-06-12 12:06:00,22.3
2025-06-12 05:58:00,23.5
2025-06-12 09:11:00,16.2
2025-06-12 11:34:00,28.6
2025-06-12 04:47:00,43.4
2025-06-12 06:39:00,15.1
2025-06-12 01:14:00,21.9
2025-06-12 03:21:00,33.4
2025-06-12 03:05:00,16.3
2025-06-12 02:18:00,49.8
2025-06-12 10:31:00,79.5
2025-06-12 14:44:00,59.9
2025-06-12 21:35:00,49.378098152289034
2025-06-12 21:29:00,87.3
2025-06-12 18:33:00,59.6
2025-06-12 21:21:00,46.8
2025-06-12 19:37:00,22.6
2025-06-12 20:34:00,0.8
2025-06-12 07:47:00,37.3
2025-06-12 02:56:00,18.6
2025-06-12 05:43:00,60.7
2025-06-12 13:13:00,49.378098152289034
2025-06-12 16:59:00,89.9
2025-06-12 01:30:00,49.378098152289034
2025-06-12 14:49:00,6.3
2025-06-12 15:07:00,19.0
2025-06-12 12:59:00,33.4
2025-06-12 11:22:00,49.378098152289034
2025-06-12 02:29:00,49.378098152289034
2025-06-12 02:00:00,26.6
2025-06-12 19:10:00,0.0
2025-06-12 21:03:00,49.378098152289034
2025-06-12 03:20:00,60.0
2025-06-12 23:21:00,3.2
2025-06-12 07:55:00,39.3
2025-06-12 07:11:00,22.8
2025-06-12 05:48:00,49.378098152289034
2025-06-12 11:41:00,73.7
2025-06-12 12:27:00,19.5
2025-06-12 01:48:00,29.3
2025-06-12 12:35:00,85.5
2025-06-12 10:03:00,57.7
2025-06-12 04:19:00,48.2
2025-06-12 21:23:00,64.1
2025-06-12 07:43:00,32.9
2025-06-12 09:48:00,63.5
2025-06-12 04:47:00,79.6
2025-06-12 00:19:00,29.3
2025-06-12 13:34:00,76.6
2025-06-12 11:11:00,23.9
2025-06-12 06:05:00,63.4
2025-06-12 18:30:00,31.4
2025-06-12 17:23:00,93.2
2025-06-12 03:02:00,54.8
2025-06-12 22:42:00,1.3
2025-06-12 21:07:00,30.8
2025-06-12 01:15:00,40.2
2025-06-12 23:05:00,55.5
2025-06-12 22:32:00,94.6
2025-06-12 17:50:00,23.7
2025-06-12 16:09:00,29.7
2025-06-12 21:08:00,58.3
2025-06-12 02:24:00,55.0
2025-06-12 08:00:00,6.1
2025-06-12 22:05:00,35.8
2025-06-12 02:49:00,55.9
2025-06-12 22:08:00,2.4
2025-06-12 23:46:00,12.3
2025-06-12 12:57:00,22.4
2025-06-12 03:11:00,13.9
2025-06-12 16:38:00,49.378098152289034
2025-06-12 00:11:00,88.2
2025-06-12 00:00:00,58.2
2025-06-12 15:30:00,18.2
2025-06-12 02:05:00,66.9
2025-06-12 23:07:00,94.2
2025-06-12 19:11:00,51.0
2025-06-12 01:11:00,2.4
2025-06-12 11:07:00,83.1
2025-06-12 18:27:00,55.2
2025-06-12 00:40:00,46.5
2025-06-12 00:10:00,29.5
2025-06-12 11:47:00,4.8
2025-06-12 01:17:00,49.378098152289034
2025-06-12 04:13:00,68.7
2025-06-12 03:08:00,71.7
2025-06-12 12:17:00,95.7
2025-06-12 21:19:00,63.0
2025-06-12 16:05:00,34.8
2025-06-12 02:34:00,63.7
2025-06-12 18:27:00,78.5
2025-06-12 00:02:00,96.2
2025-06-12 01:59:00,49.378098152289034
2025-06-12 06:28:00,7.0
2025-06-12 15:29:00,73.8
2025-06-12 14:28:00,75.0
2025-06-12 11:16:00,93.6
2025-06-12 16:42:00,31.0
2025-06-12 02:31:00,83.3
2025-06-12 07:18:00,68.0
2025-06-12 09:30:00,10.5
2025-06-12 06:08:00,49.378098152289034
2025-06-12 20:28:00,91.7
2025-06-12 05:17:00,21.6
2025-06-12 03:59:00,32.7
2025-06-12 22:10:00,24.0
2025-06-12 15:37:00,49.378098152289034
2025-06-12 14:15:00,16.4
2025-06-12 23:58:00,28.6
2025-06-12 14:24:00,1.9
2025-06-12 01:09:00,11.9
2025-06-12 16:58:00,82.8
2025-06-12 11:15:00,49.378098152289034
2025-06-12 08:50:00,24.1
2025-06-12 13:51:00,75.9
2025-06-12 09:12:00,88.1
2025-06-12 21:28:00,35.8
2025-06-12 19:30:00,86.2
2025-06-12 09:09:00,40.9
2025-06-12 01:56:00,87.4
2025-06-12 13:25:00,11.2
2025-06-12 19:59:00,49.378098152289034
2025-06-12 20:42:00,45.5
2025-06-12 11:21:00,13.1
2025-06-12 08:10:00,49.378098152289034
2025-06-12 09:19:00,49.378098152289034
2025-06-12 19:44:00,71.3
2025-06-12 17:01:00,49.378098152289034
2025-06-12 09:03:00,51.7
2025-06-12 04:28:00,9.6
2025-06-12 21:22:00,99.5
2025-06-12 14:14:00,96.8
2025-06-12 09:23:00,66.4
2025-06-12 17:24:00,60.2
2025-06-12 07:33:00,23.0
2025-06-12 03:57:00,98.3
2025-06-12 12:53:00,49.378098152289034
2025-06-12 00:38:00,99.3
2025-06-12 16:14:00,49.378098152289034
2025-06-12 18:34:00,75.7
2025-06-12 04:02:00,62.7
2025-06-12 02:16:00,17.6
2025-06-12 11:43:00,31.0
2025-06-12 20:30:00,57.6
2025-06-12 22:48:00,1.8
2025-06-12 19:23:00,47.1
2025-06-12 15:57:00,49.378098152289034
2025-06-12 16:06:00,16.4
2025-06-12 02:03:00,69.0
2025-06-12 06:25:00,88.7
2025-06-12 11:07:00,18.7
2025-06-12 14:16:00,78.4
2025-06-12 07:42:00,84.7
2025-06-12 05:23:00,11.3
2025-06-12 07:20:00,15.2
2025-06-12 10:27:00,9.8
2025-06-12 15:38:00,95.9
2025-06-12 11:56:00,98.8
2025-06-12 08:00:00,49.86672560113154
2025-06-12 08:51:00,37.7
2025-06-12 01:31:00,11.9
2025-06-12 16:07:00,9.5
2025-06-12 17:33:00,95.0
2025-06-12 23:37:00,25.5
2025-06-12 17:46:00,6.6
2025-06-12 22:54:00,69.0
2025-06-12 19:03:00,35.5
2025-06-12 23:39:00,97.0
2025-06-12 19:03:00,3.6
2025-06-12 00:31:00,49.86672560113154
2025-06-12 00:30:00,57.9
2025-06-12 05:21:00,37.0
2025-06-12 06:25:00,99.7
2025-06-12 23:59:00,83.1
2025-06-12 11:39:00,49.86672560113154
2025-06-12 07:56:00,17.2
2025-06-12 20:19:00,61.5
2025-06-12 16:58:00,11.5
2025-06-12 14:52:00,69.8
2025-06-12 01:23:00,49.86672560113154
2025-06-12 09:51:00,35.6
2025-06-12 13:31:00,49.86672560113154
2025-06-12 17:13:00,79.3
2025-06-12 08:07:00,90.2
2025-06-12 04:21:00,26.4
2025-06-12 07:18:00,22.6
2025-06-12 16:35:00,95.3
2025-06-12 01:46:00,97.3
2025-06-12 12:51:00,49.86672560113154
2025-06-12 23:12:00,49.86672560113154
2025-06-12 07:11:00,2.8
2025-06-12 08:59:00,53.6
2025-06-12 19:07:00,26.9
2025-06-12 07:22:00,35.7
2025-06-12 02:15:00,60.1
2025-06-12 04:52:00,17.3
2025-06-12 14:16:00,49.86672560113154
2025-06-12 08:57:00,71.5
2025-06-12 06:27:00,15.4
2025-06-12 18:23:00,82.0
2025-06-12 05:05:00,7.0
2025-06-12 22:44:00,31.4
2025-06-12 17:05:00,61.5
2025-06-12 23:26:00,90.5
2025-06-12 13:01:00,88.8
2025-06-12 12:07:00,77.9
2025-06-12 09:23:00,49.86672560113154
2025-06-12 22:35:00,95.9
2025-06-12 18:36:00,49.86672560113154
2025-06-12 16:44:00,67.3
2025-06-12 14:16:00,97.1
2025-06-12 18:17:00,49.86672560113154
2025-06-12 14:35:00,3.5
2025-06-12 04:45:00,45.8
2025-06-12 01:58:00,56.5
2025-06-12 06:48:00,49.86672560113154
2025-06-12 20:59:00,15.5
2025-06-12 03:28:00,84.7
2025-06-12 20:02:00,49.86672560113154
2025-06-12 12:32:00,53.5
2025-06-12 11:28:00,49.86672560113154
2025-06-12 00:26:00,62.3
2025-06-12 01:26:00,9.8
2025-06-12 19:41:00,21.2
2025-06-12 22:00:00,82.2
2025-06-12 20:23:00,49.86672560113154
2025-06-12 21:46:00,49.86672560113154
2025-06-12 05:12:00,49.86672560113154
2025-06-12 04:44:00,63.0
2025-06-12 05:36:00,41.6
2025-06-12 11:03:00,33.2
2025-06-12 17:29:00,97.7
2025-06-12 07:00:00,49.86672560113154
2025-06-12 12:52:00,47.5
2025-06-12 20:16:00,41.8
2025-06-12 05:12:00,49.86672560113154
2025-06-12 06:10:00,54.7
2025-06-12 02:13:00,49.86672560113154
2025-06-12 17:31:00,13.1
2025-06-12 21:37:00,10.9
2025-06-12 16:32:00,46.1
2025-06-12 06:16:00,68.8
2025-06-12 04:50:00,34.6
2025-06-12 22:13:00,86.4
2025-06-12 02:36:00,70.3
2025-06-12 08:00:00,30.4
2025-06-12 13:41:00,8.7
2025-06-12 19:54:00,63.5
2025-06-12 08:06:00,57.9
2025-06-12 04:35:00,15.7
2025-06-12 15:06:00,49.86672560113154
2025-06-12 17:07:00,13.3
2025-06-12 17:20:00,49.86672560113154
2025-06-12 09:49:00,2.7
2025-06-12 05:08:00,58.3
2025-06-12 18:26:00,11.8
2025-06-12 19:11:00,49.86672560113154
2025-06-12 08:46:00,97.1
2025-06-12 23:11:00,49.86672560113154
2025-06-12 16:16:00,38.5
2025-06-12 18:09:00,50.6
2025-06-12 09:41:00,37.3
2025-06-12 16:32:00,54.7
2025-06-12 10:28:00,49.86672560113154
2025-06-12 21:19:00,9.3
2025-06-12 15:42:00,2.9
2025-06-12 04:18:00,4.4
2025-06-12 23:41:00,17.2
2025-06-12 00:32:00,36.8
2025-06-12 11:14:00,6.7
2025-06-12 16:01:00,57.0
2025-06-12 08:43:00,10.5
2025-06-12 01:04:00,0.9
2025-06-12 13:09:00,12.4
2025-06-12 00:51:00,14.9
2025-06-12 03:01:00,61.2
2025-06-12 13:26:00,52.0
2025-06-12 19:04:00,15.3
2025-06-12 18:46:00,45.0
2025-06-12 05:13:00,51.4
2025-06-12 23:58:00,50.8
2025-06-12 17:57:00,77.4
2025-06-12 07:30:00,49.86672560113154
2025-06-12 20:18:00,49.86672560113154
2025-06-12 16:09:00,14.2
2025-06-12 13:15:00,81.5
2025-06-12 11:06:00,77.6
2025-06-12 22:25:00,88.5
2025-06-12 11:13:00,47.7
2025-06-12 18:11:00,18.0
2025-06-12 23:22:00,88.3
2025-06-12 00:18:00,98.4
2025-06-12 12:44:00,83.8
2025-06-12 10:13:00,20.3
2025-06-12 17:06:00,25.0
2025-06-12 21:29:00,40.4
2025-06-12 04:05:00,3.9
2025-06-12 21:15:00,81.5
2025-06-12 07:21:00,61.3
2025-06-12 19:51:00,49.86672560113154
2025-06-12 11:42:00,98.6
2025-06-12 02:38:00,57.8
2025-06-12 18:45:00,18.7
2025-06-12 03:56:00,49.4
2025-06-12 23:25:00,99.4
2025-06-12 03:44:00,28.4
2025-06-12 02:52:00,7.1
2025-06-12 05:38:00,82.4
2025-06-12 08:35:00,31.8
2025-06-12 01:14:00,49.86672560113154
2025-06-12 20:10:00,94.0
2025-06-12 04:17:00,19.5
2025-06-12 11:51:00,85.1
2025-06-12 07:27:00,11.6
2025-06-12 13:53:00,24.4
2025-06-12 17:00:00,11.2
2025-06-12 18:12:00,16.8
2025-06-12 01:57:00,75.0
2025-06-12 15:15:00,42.0
2025-06-12 04:19:00,65.1
2025-06-12 10:41:00,70.2
2025-06-12 02:38:00,34.6
2025-06-12 18:50:00,11.6
2025-06-12 11:09:00,72.9
2025-06-12 21:56:00,57.3
2025-06-12 15:33:00,91.5
2025-06-12 01:54:00,97.5
2025-06-12 13:56:00,31.3
2025-06-12 05:00:00,43.4
2025-06-12 08:32:00,89.6
2025-06-12 08:01:00,65.5
2025-06-12 00:22:00,49.86672560113154
2025-06-12 02:36:00,75.9
2025-06-12 23:53:00,97.9
2025-06-12 20:38:00,18.7
2025-06-12 16:25:00,99.0
2025-06-12 01:00:00,49.86672560113154
2025-06-12 17:20:00,80.7
2025-06-12 14:20:00,47.1
2025-06-12 16:55:00,59.4
2025-06-12 01:28:00,92.3
2025-06-12 11:34:00,63.5
2025-06-12 19:54:00,49.86672560113154
2025-06-12 07:26:00,92.9
2025-06-12 18:49:00,49.86672560113154
2025-06-12 12:53:00,53.9
2025-06-12 15:58:00,77.5
2025-06-12 05:06:00,56.3
2025-06-12 14:19:00,25.4
2025-06-12 16:49:00,30.7
2025-06-12 03:56:00,44.6
2025-06-12 20:23:00,61.7
2025-06-12 08:44:00,85.5
2025-06-12 22:43:00,67.9
2025-06-12 02:39:00,92.7
2025-06-12 15:11:00,61.8
2025-06-12 18:43:00,44.4
2025-06-12 12:36:00,63.7
2025-06-12 01:59:00,72.5
2025-06-12 01:39:00,25.7
2025-06-12 07:06:00,71.8
2025-06-12 12:42:00,60.3
2025-06-12 07:56:00,52.4
2025-06-12 10:07:00,40.8
2025-06-12 00:55:00,49.86672560113154
2025-06-12 13:35:00,73.0
2025-06-12 04:47:00,82.1
2025-06-12 11:39:00,16.7
2025-06-12 05:25:00,89.0
2025-06-12 07:16:00,22.6
2025-06-12 20:47:00,37.8
2025-06-12 21:38:00,46.9
2025-06-12 08:34:00,36.0
2025-06-12 10:10:00,77.3
2025-06-12 18:44:00,52.7
2025-06-12 05:04:00,14.4
2025-06-12 04:30:00,33.9
2025-06-12 01:44:00,49.86672560113154
2025-06-12 09:35:00,19.5
2025-06-12 12:43:00,11.3
2025-06-12 22:31:00,49.86672560113154
2025-06-12 22:14:00,8.8
2025-06-12 14:41:00,49.86672560113154
2025-06-12 00:18:00,65.1
2025-06-12 10:23:00,44.6
2025-06-12 20:35:00,50.9
2025-06-12 13:27:00,64.7
2025-06-12 07:31:00,77.8
2025-06-12 05:51:00,40.2
2025-06-12 05:04:00,36.6
2025-06-12 06:39:00,49.86672560113154
2025-06-12 05:02:00,98.3
2025-06-12 22:00:00,88.3
2025-06-12 14:53:00,7.8
2025-06-12 01:22:00,47.3
2025-06-12 09:33:00,20.2
2025-06-12 18:22:00,14.5
2025-06-12 09:13:00,59.3
2025-06-12 04:30:00,7.1
2025-06-12 05:40:00,81.5
2025-06-12 17:26:00,63.6
2025-06-12 03:26:00,0.3
2025-06-12 19:06:00,53.5
2025-06-12 04:36:00,31.7
2025-06-12 03:29:00,49.86672560113154
2025-06-12 19:02:00,49.86672560113154
2025-06-12 01:37:00,1.5
2025-06-12 01:27:00,76.6
2025-06-12 23:32:00,43.0
2025-06-12 04:45:00,7.7
2025-06-12 06:14:00,18.1
2025-06-12 08:35:00,16.7
2025-06-12 17:23:00,49.86672560113154
2025-06-12 01:07:00,95.1
2025-06-12 20:24:00,49.86672560113154
2025-06-12 08:36:00,57.1
2025-06-12 12:50:00,49.86672560113154
2025-06-12 14:04:00,9.1
2025-06-12 16:24:00,49.86672560113154
2025-06-12 22:54:00,49.86672560113154
2025-06-12 20:00:00,43.2
2025-06-12 03:06:00,87.6
2025-06-12 11:00:00,15.6
2025-06-12 20:18:00,51.4
2025-06-12 18:59:00,13.5
2025-06-12 05:49:00,91.1
2025-06-12 20:37:00,49.86672560113154
2025-06-12 20:05:00,32.6
2025-06-12 19:49:00,18.1
2025-06-12 10:15:00,92.4
2025-06-12 14:54:00,13.4
2025-06-12 04:09:00,6.6
2025-06-12 09:08:00,15.0
2025-06-12 13:28:00,76.6
2025-06-12 14:13:00,29.5
2025-06-12 23:45:00,91.1
2025-06-12 05:53:00,52.1
2025-06-12 01:25:00,9.2
2025-06-12 06:04:00,41.6
2025-06-12 06:21:00,81.0
2025-06-12 17:24:00,62.4
2025-06-12 10:29:00,49.2
2025-06-12 06:29:00,76.6
2025-06-12 23:58:00,50.9
2025-06-12 16:04:00,37.1
2025-06-12 16:02:00,92.0
2025-06-12 08:17:00,73.9
2025-06-12 01:05:00,64.8
2025-06-12 10:01:00,64.4
2025-06-12 06:01:00,49.86672560113154
2025-06-12 00:34:00,11.1
2025-06-12 11:16:00,49.86672560113154
2025-06-12 05:27:00,69.7
2025-06-12 18:31:00,11.2
2025-06-12 07:54:00,37.4
2025-06-12 00:59:00,40.5
2025-06-12 05:00:00,76.4
2025-06-12 01:39:00,97.0
2025-06-12 09:14:00,25.8
2025-06-12 21:04:00,49.86672560113154
2025-06-12 15:21:00,57.2
2025-06-12 13:02:00,11.6
2025-06-12 18:44:00,66.5
2025-06-12 11:34:00,92.8
2025-06-12 11:55:00,70.1
2025-06-12 18:29:00,18.1
2025-06-12 04:31:00,9.2
2025-06-12 03:47:00,28.5
2025-06-12 07:44:00,49.86672560113154
2025-06-12 23:55:00,42.6
2025-06-12 07:57:00,49.86672560113154
2025-06-12 00:07:00,31.2
2025-06-12 16:35:00,96.8
2025-06-12 23:08:00,11.8
2025-06-12 10:33:00,71.4
2025-06-12 18:03:00,21.2
2025-06-12 21:30:00,56.1
2025-06-12 05:34:00,49.86672560113154
2025-06-12 11:28:00,68.8
2025-06-12 12:37:00,49.86672560113154
2025-06-12 03:48:00,2.0
2025-06-12 23:51:00,42.9
2025-06-12 11:13:00,57.6
2025-06-12 17:48:00,2.7
2025-06-12 08:15:00,66.1
2025-06-12 16:58:00,66.6
2025-06-12 06:52:00,60.6
2025-06-12 14:41:00,63.2
2025-06-12 19:37:00,21.0
2025-06-12 08:07:00,49.86672560113154
2025-06-12 16:26:00,31.3
2025-06-12 00:37:00,41.3
2025-06-12 19:31:00,65.1
2025-06-12 12:48:00,50.613932505273034
2025-06-12 07:08:00,0.8
2025-06-12 10:33:00,92.6
2025-06-12 18:20:00,97.6
2025-06-12 03:01:00,41.4
2025-06-12 19:01:00,66.2
2025-06-12 04:56:00,93.5
2025-06-12 11:53:00,85.9
2025-06-12 13:54:00,32.2
2025-06-12 01:54:00,75.3
2025-06-12 05:52:00,57.2
2025-06-12 06:56:00,88.1
2025-06-12 22:06:00,5.1
2025-06-12 06:38:00,82.3
2025-06-12 13:28:00,5.5
2025-06-12 20:35:00,89.3
2025-06-12 13:51:00,50.613932505273034
2025-06-12 11:21:00,68.4
2025-06-12 22:16:00,50.613932505273034
2025-06-12 01:12:00,16.2
2025-06-12 17:04:00,41.4
2025-06-12 01:13:00,3.4
2025-06-12 21:15:00,50.613932505273034
2025-06-12 14:23:00,47.7
2025-06-12 13:50:00,4.6
2025-06-12 06:57:00,1.3
2025-06-12 17:12:00,68.7
2025-06-12 06:12:00,50.613932505273034
2025-06-12 11:13:00,89.9
2025-06-12 16:45:00,96.9
2025-06-12 21:44:00,69.5
2025-06-12 18:00:00,96.7
2025-06-12 12:36:00,50.613932505273034
2025-06-12 19:27:00,39.2
2025-06-12 02:04:00,0.4
2025-06-12 05:41:00,39.0
2025-06-12 13:22:00,13.2
2025-06-12 08:44:00,44.2
2025-06-12 03:28:00,18.5
2025-06-12 00:34:00,27.2
2025-06-12 15:52:00,61.5
2025-06-12 15:05:00,59.4
2025-06-12 02:55:00,17.6
2025-06-12 03:38:00,14.7
2025-06-12 09:26:00,49.1
2025-06-12 11:14:00,36.7
2025-06-12 05:56:00,62.3
2025-06-12 17:05:00,54.6
2025-06-12 13:00:00,19.7
2025-06-12 17:50:00,91.7
2025-06-12 10:55:00,18.8
2025-06-12 09:21:00,87.1
2025-06-12 23:26:00,39.0
2025-06-12 13:35:00,43.8
2025-06-12 11:45:00,0.4
2025-06-12 04:45:00,50.613932505273034
2025-06-12 13:42:00,50.613932505273034
2025-06-12 01:57:00,99.6
2025-06-12 21:09:00,59.7
2025-06-12 14:27:00,32.2
2025-06-12 14:49:00,50.613932505273034
2025-06-12 14:04:00,94.6
2025-06-12 07:10:00,52.1
2025-06-12 00:32:00,77.0
2025-06-12 07:16:00,70.5
2025-06-12 02:43:00,2.8
2025-06-12 13:56:00,47.0
2025-06-12 15:54:00,75.4
2025-06-12 23:53:00,76.7
2025-06-12 11:52:00,47.3
2025-06-12 07:20:00,94.2
2025-06-12 14:19:00,14.8
2025-06-12 09:09:00,7.2
2025-06-12 09:41:00,6.0
2025-06-12 15:23:00,68.7
2025-06-12 14:29:00,7.4
2025-06-12 13:32:00,4.1
2025-06-12 12:32:00,27.2
2025-06-12 15:59:00,82.8
2025-06-12 06:34:00,68.3
2025-06-12 17:02:00,39.6
2025-06-12 18:22:00,10.6
2025-06-12 11:42:00,56.4
2025-06-12 01:02:00,59.7
2025-06-12 15:51:00,50.613932505273034
2025-06-12 06:24:00,5.6
2025-06-12 06:01:00,42.1
2025-06-12 21:01:00,17.8
2025-06-12 02:10:00,60.8
2025-06-12 14:38:00,50.613932505273034
2025-06-12 03:33:00,88.0
2025-06-12 17:20:00,67.5
2025-06-12 22:02:00,28.9
2025-06-12 18:23:00,95.7
2025-06-12 06:49:00,32.0
2025-06-12 06:11:00,50.613932505273034
2025-06-12 03:21:00,13.6
2025-06-12 00:58:00,26.8
2025-06-12 14:42:00,24.5
2025-06-12 12:18:00,31.8
2025-06-12 18:33:00,13.9
2025-06-12 11:15:00,35.8
2025-06-12 16:39:00,64.2
2025-06-12 03:34:00,44.5
2025-06-12 14:20:00,9.4
2025-06-12 05:39:00,46.4
2025-06-12 05:54:00,93.7
2025-06-12 08:16:00,44.6
2025-06-12 08:30:00,85.4
2025-06-12 00:12:00,50.613932505273034
2025-06-12 10:13:00,89.9
2025-06-12 07:31:00,52.8
2025-06-12 04:34:00,15.0
2025-06-12 09:37:00,38.6
2025-06-12 18:07:00,45.7
2025-06-12 20:57:00,81.9
2025-06-12 09:17:00,39.9
2025-06-12 02:10:00,13.0
2025-06-12 08:10:00,2.6
2025-06-12 21:18:00,72.6
2025-06-12 18:42:00,64.1
2025-06-12 01:00:00,78.3
2025-06-12 03:48:00,33.6
2025-06-12 13:02:00,36.9
2025-06-12 12:00:00,51.7
2025-06-12 00:58:00,60.0
2025-06-12 11:31:00,18.5
2025-06-12 23:15:00,42.6
2025-06-12 18:28:00,25.8
2025-06-12 20:19:00,50.613932505273034
2025-06-12 13:07:00,94.4
2025-06-12 04:41:00,97.3
2025-06-12 09:18:00,91.0
2025-06-12 13:02:00,64.2
2025-06-12 19:33:00,50.613932505273034
2025-06-12 05:19:00,31.0
2025-06-12 00:01:00,2.0
2025-06-12 05:47:00,42.2
2025-06-12 14:41:00,10.8
2025-06-12 19:16:00,50.613932505273034
2025-06-12 23:42:00,35.5
2025-06-12 06:10:00,28.1
2025-06-12 15:32:00,50.613932505273034
2025-06-12 14:27:00,63.2
2025-06-12 03:07:00,20.7
2025-06-12 22:32:00,34.5
2025-06-12 08:03:00,50.613932505273034
2025-06-12 10:35:00,25.8
2025-06-12 20:57:00,37.1
2025-06-12 18:25:00,50.613932505273034
2025-06-12 15:34:00,50.613932505273034
2025-06-12 05:18:00,50.613932505273034
2025-06-12 22:06:00,36.6
2025-06-12 20:37:00,85.0
2025-06-12 12:11:00,50.613932505273034
2025-06-12 18:43:00,50.613932505273034
2025-06-12 19:36:00,50.613932505273034
2025-06-12 02:01:00,18.8
2025-06-12 13:44:00,50.613932505273034
2025-06-12 22:35:00,42.0
2025-06-12 12:08:00,54.9
2025-06-12 22:10:00,57.3
2025-06-12 12:54:00,54.7
2025-06-12 05:25:00,80.7
2025-06-12 15:08:00,75.3
2025-06-12 15:49:00,53.9
2025-06-12 09:07:00,99.8
2025-06-12 19:54:00,47.4
2025-06-12 04:16:00,39.6
2025-06-12 01:42:00,74.0
2025-06-12 00:58:00,94.5
2025-06-12 06:28:00,89.8
2025-06-12 22:15:00,5.3
2025-06-12 05:56:00,37.6
2025-06-12 13:33:00,83.8
2025-06-12 22:24:00,50.9
2025-06-12 23:41:00,41.7
2025-06-12 11:06:00,28.0
2025-06-12 04:39:00,50.613932505273034
2025-06-12 18:25:00,20.0
2025-06-12 22:12:00,52.7
2025-06-12 06:42:00,23.9
2025-06-12 18:00:00,48.0
2025-06-12 01:15:00,96.6
2025-06-12 19:18:00,24.7
2025-06-12 00:05:00,87.8
2025-06-12 16:05:00,32.3
2025-06-12 23:22:00,50.5
2025-06-12 03:33:00,100.0
2025-06-12 02:40:00,81.1
2025-06-12 23:30:00,50.613932505273034
2025-06-12 19:30:00,37.2
2025-06-12 00:41:00,52.3
2025-06-12 01:22:00,4.1
2025-06-12 20:48:00,50.613932505273034
2025-06-12 06:58:00,44.1
2025-06-12 08:51:00,5.4
2025-06-12 10:20:00,50.613932505273034
2025-06-12 10:13:00,31.8
2025-06-12 04:01:00,72.4
2025-06-12 05:22:00,4.7
2025-06-12 06:45:00,41.7
2025-06-12 14:57:00,28.7
2025-06-12 08:16:00,99.0
2025-06-12 20:46:00,3.1
2025-06-12 22:31:00,50.613932505273034
2025-06-12 01:57:00,12.3
2025-06-12 04:04:00,85.3
2025-06-12 04:21:00,98.9
2025-06-12 12:01:00,50.613932505273034
2025-06-12 20:54:00,68.8
2025-06-12 16:38:00,16.6
2025-06-12 12:55:00,50.613932505273034
2025-06-12 16:17:00,42.7
2025-06-12 13:17:00,50.613932505273034
2025-06-12 06:57:00,82.4
2025-06-12 17:56:00,72.9
2025-06-12 11:16:00,93.4
2025-06-12 18:28:00,77.8
2025-06-12 12:54:00,69.6
2025-06-12 23:48:00,64.6
2025-06-12 22:10:00,50.613932505273034
2025-06-12 19:50:00,87.4
2025-06-12 19:30:00,26.2
2025-06-12 14:30:00,63.2
2025-06-12 14:50:00,20.4
2025-06-12 03:31:00,56.3
2025-06-12 18:07:00,50.613932505273034
2025-06-12 02:16:00,50.613932505273034
2025-06-12 19:44:00,68.7
2025-06-12 21:15:00,93.9
2025-06-12 19:53:00,60.7
2025-06-12 22:34:00,89.2
2025-06-12 11:29:00,50.613932505273034
2025-06-12 03:54:00,1.3
2025-06-12 17:08:00,19.9
2025-06-12 00:06:00,44.6
2025-06-12 09:37:00,6.5
2025-06-12 09:31:00,83.1
2025-06-12 23:02:00,85.8
2025-06-12 22:01:00,89.4
2025-06-12 17:03:00,82.5
2025-06-12 00:57:00,23.1
2025-06-12 01:48:00,99.7
2025-06-12 08:06:00,10.6
2025-06-12 04:04:00,25.0
2025-06-12 07:46:00,13.3
2025-06-12 00:47:00,19.7
2025-06-12 02:29:00,58.7
2025-06-12 08:20:00,50.613932505273034
2025-06-12 01:16:00,50.613932505273034
2025-06-12 21:02:00,93.5
2025-06-12 22:07:00,50.613932505273034
2025-06-12 18:04:00,99.1
2025-06-12 05:22:00,35.7
2025-06-12 23:06:00,64.3
2025-06-12 02:32:00,24.6
2025-06-12 14:37:00,41.2
2025-06-12 09:53:00,78.6
2025-06-12 04:48:00,68.3
2025-06-12 04:07:00,36.7
2025-06-12 16:41:00,70.1
2025-06-12 19:24:00,34.0
2025-06-12 20:05:00,80.9
2025-06-12 12:39:00,47.8
2025-06-12 01:14:00,95.0
2025-06-12 05:38:00,37.4
2025-06-12 20:01:00,50.613932505273034
2025-06-12 03:54:00,58.4
2025-06-12 01:14:00,78.2
2025-06-12 04:39:00,19.5
2025-06-12 20:54:00,0.5
2025-06-12 11:54:00,25.0
2025-06-12 14:20:00,9.7
2025-06-12 21:34:00,59.7
2025-06-12 16:58:00,9.8
2025-06-12 11:13:00,50.613932505273034
2025-06-12 09:03:00,98.9
2025-06-12 12:48:00,16.8
2025-06-12 05:52:00,53.1
2025-06-12 07:30:00,50.613932505273034
2025-06-12 21:02:00,50.613932505273034
2025-06-12 12:42:00,58.7
2025-06-12 16:54:00,66.9
2025-06-12 08:18:00,88.1
2025-06-12 03:05:00,11.9
2025-06-12 05:54:00,76.1
2025-06-12 12:36:00,6.3
2025-06-12 00:38:00,19.2
2025-06-12 05:24:00,94.3
2025-06-12 21:51:00,8.0
2025-06-12 23:13:00,59.0
2025-06-12 00:30:00,50.613932505273034
2025-06-12 22:00:00,34.2
2025-06-12 01:48:00,57.8
2025-06-12 02:54:00,59.3
2025-06-12 22:31:00,50.613932505273034
2025-06-12 21:04:00,4.1
2025-06-12 10:47:00,83.0
2025-06-12 21:52:00,63.2
2025-06-12 09:12:00,52.0
2025-06-12 03:45:00,44.6
2025-06-12 04:14:00,79.6
2025-06-12 18:29:00,12.0
2025-06-12 09:40:00,89.9
2025-06-12 07:09:00,28.2
2025-06-12 20:47:00,61.2
2025-06-12 02:22:00,45.8
2025-06-12 03:04:00,87.1
2025-06-12 15:02:00,53.6
2025-06-12 10:32:00,29.5
2025-06-12 01:32:00,73.1
2025-06-12 12:50:00,50.613932505273034
2025-06-12 15:17:00,23.2
2025-06-12 11:40:00,50.613932505273034
2025-06-12 15:56:00,71.6
2025-06-12 05:04:00,9.7
2025-06-12 07:34:00,50.3
2025-06-12 21:12:00,28.8
2025-06-12 22:47:00,50.613932505273034
2025-06-12 12:42:00,55.7
2025-06-12 20:10:00,18.1
2025-06-12 17:41:00,37.3
2025-06-12 06:43:00,87.4
2025-06-12 08:51:00,19.0
2025-06-12 03:51:00,36.7
2025-06-12 09:26:00,50.613932505273034
2025-06-12 09:06:00,98.4
2025-06-12 16:06:00,34.4
2025-06-12 08:07:00,33.9
2025-06-12 22:03:00,30.5
2025-06-12 17:18:00,24.6
2025-06-12 20:44:00,37.0
2025-06-12 05:24:00,54.8
2025-06-12 07:56:00,56.7
2025-06-12 00:30:00,89.4
2025-06-12 03:43:00,39.0
2025-06-12 10:57:00,50.613932505273034
2025-06-12 13:52:00,35.1
2025-06-12 18:47:00,79.1
2025-06-12 04:25:00,90.9
2025-06-12 23:20:00,77.1
2025-06-12 01:17:00,56.9
2025-06-12 22:56:00,81.4
2025-06-12 08:39:00,88.5
2025-06-12 15:24:00,12.3
2025-06-12 18:31:00,41.3
2025-06-12 11:26:00,0.9
2025-06-12 05:07:00,5.1
2025-06-12 08:41:00,18.0
2025-06-12 10:25:00,96.3
2025-06-12 16:40:00,39.7
2025-06-12 07:10:00,35.8
2025-06-12 21:59:00,52.6
2025-06-12 16:09:00,50.17195767195767
2025-06-12 01:36:00,18.6
2025-06-12 16:31:00,13.0
2025-06-12 14:24:00,18.5
2025-06-12 15:01:00,49.0
2025-06-12 10:18:00,14.9
2025-06-12 12:15:00,45.6
2025-06-12 19:25:00,41.4
2025-06-12 04:39:00,33.3
2025-06-12 16:12:00,50.17195767195767
2025-06-12 12:05:00,2.6
2025-06-12 14:54:00,67.5
2025-06-12 16:30:00,83.6
2025-06-12 05:00:00,30.2
2025-06-12 06:15:00,23.3
2025-06-12 01:54:00,71.2
2025-06-12 05:13:00,11.2
2025-06-12 16:25:00,50.17195767195767
2025-06-12 05:42:00,76.5
2025-06-12 04:45:00,57.4
2025-06-12 17:49:00,50.4
2025-06-12 07:29:00,0.1
2025-06-12 05:44:00,6.2
2025-06-12 10:45:00,76.3
2025-06-12 09:03:00,4.3
2025-06-12 07:48:00,50.17195767195767
2025-06-12 07:51:00,86.9
2025-06-12 12:14:00,50.17195767195767
2025-06-12 13:44:00,50.17195767195767
2025-06-12 19:57:00,42.5
2025-06-12 07:19:00,50.17195767195767
2025-06-12 06:20:00,44.9
2025-06-12 14:15:00,36.2
2025-06-12 13:00:00,54.9
2025-06-12 11:54:00,59.1
2025-06-12 08:30:00,50.17195767195767
2025-06-12 00:40:00,62.7
2025-06-12 13:04:00,47.8
2025-06-12 15:33:00,50.17195767195767
2025-06-12 15:17:00,55.1
2025-06-12 13:36:00,34.4
2025-06-12 03:48:00,68.6
2025-06-12 15:53:00,62.0
2025-06-12 07:38:00,93.1
2025-06-12 01:30:00,3.3
2025-06-12 11:10:00,67.9
2025-06-12 02:49:00,50.17195767195767
2025-06-12 16:00:00,65.0
2025-06-12 06:56:00,25.7
2025-06-12 19:33:00,24.7
2025-06-12 00:26:00,49.7
2025-06-12 16:54:00,67.0
2025-06-12 18:11:00,59.1
2025-06-12 21:20:00,67.2
2025-06-12 01:31:00,31.2
2025-06-12 08:55:00,58.4
2025-06-12 14:31:00,4.2
2025-06-12 03:30:00,50.17195767195767
2025-06-12 21:51:00,50.17195767195767
2025-06-12 10:06:00,46.9
2025-06-12 01:09:00,90.9
2025-06-12 06:44:00,42.8
2025-06-12 06:35:00,63.5
2025-06-12 03:20:00,28.1
2025-06-12 06:30:00,50.17195767195767
2025-06-12 19:56:00,6.5
2025-06-12 12:12:00,81.9
2025-06-12 16:01:00,50.17195767195767
2025-06-12 04:55:00,25.7
2025-06-12 13:10:00,97.5
2025-06-12 04:50:00,29.7
2025-06-12 06:18:00,30.3
2025-06-12 19:47:00,50.17195767195767
2025-06-12 03:47:00,50.17195767195767
2025-06-12 21:42:00,40.8
2025-06-12 15:14:00,53.6
2025-06-12 01:11:00,89.1
2025-06-12 07:30:00,82.6
2025-06-12 05:26:00,28.5
2025-06-12 00:10:00,50.17195767195767
2025-06-12 22:18:00,62.9
2025-06-12 03:39:00,18.4
2025-06-12 10:56:00,19.7
2025-06-12 22:39:00,50.17195767195767
2025-06-12 15:16:00,13.7
2025-06-12 07:07:00,50.17195767195767
2025-06-12 05:17:00,96.3
2025-06-12 22:30:00,50.17195767195767
2025-06-12 20:27:00,61.1
2025-06-12 23:18:00,37.3
2025-06-12 08:11:00,62.6
2025-06-12 02:35:00,50.17195767195767
2025-06-12 17:16:00,68.8
2025-06-12 13:57:00,50.7
2025-06-12 13:01:00,63.0
2025-06-12 18:48:00,56.6
2025-06-12 13:37:00,76.4
2025-06-12 21:33:00,67.9
2025-06-12 01:16:00,77.6
2025-06-12 07:48:00,51.3
2025-06-12 08:07:00,32.5
2025-06-12 23:33:00,50.17195767195767
2025-06-12 13:55:00,31.6
2025-06-12 14:21:00,57.0
2025-06-12 07:35:00,72.0
2025-06-12 07:50:00,82.1
2025-06-12 08:35:00,97.7
2025-06-12 08:26:00,50.17195767195767
2025-06-12 19:01:00,46.6
2025-06-12 14:20:00,20.6
2025-06-12 02:21:00,47.8
2025-06-12 10:36:00,21.5
2025-06-12 08:35:00,0.9
2025-06-12 00:56:00,7.2
2025-06-12 10:32:00,81.4
2025-06-12 05:45:00,50.17195767195767
2025-06-12 03:32:00,90.3
2025-06-12 21:10:00,38.4
2025-06-12 10:24:00,50.17195767195767
2025-06-12 06:55:00,50.17195767195767
2025-06-12 13:39:00,34.2
2025-06-12 19:47:00,76.5
2025-06-12 04:14:00,50.17195767195767
2025-06-12 00:39:00,22.3
2025-06-12 20:49:00,90.8
2025-06-12 12:42:00,5.9
2025-06-12 11:49:00,73.6
2025-06-12 15:01:00,40.6
2025-06-12 04:26:00,50.17195767195767
2025-06-12 23:51:00,25.3
2025-06-12 09:31:00,30.3
2025-06-12 04:31:00,90.9
2025-06-12 07:37:00,12.4
2025-06-12 02:01:00,50.17195767195767
2025-06-12 13:07:00,86.2
2025-06-12 14:58:00,19.6
2025-06-12 01:34:00,86.1
2025-06-12 11:46:00,84.8
2025-06-12 11:24:00,50.17195767195767
2025-06-12 04:45:00,63.2
2025-06-12 04:29:00,16.0
2025-06-12 03:46:00,55.9
2025-06-12 07:04:00,76.9
2025-06-12 11:02:00,25.7
2025-06-12 10:03:00,50.17195767195767
2025-06-12 13:49:00,50.17195767195767
2025-06-12 08:39:00,57.2
2025-06-12 06:16:00,48.7
2025-06-12 17:18:00,8.9
2025-06-12 11:11:00,77.7
2025-06-12 16:08:00,8.0
2025-06-12 03:55:00,50.17195767195767
2025-06-12 02:07:00,17.9
2025-06-12 20:00:00,86.9
2025-06-12 04:19:00,76.3
2025-06-12 01:50:00,46.1
2025-06-12 03:27:00,82.5
2025-06-12 02:57:00,45.5
2025-06-12 03:08:00,69.8
2025-06-12 04:40:00,35.7
2025-06-12 19:14:00,60.5
2025-06-12 11:15:00,50.17195767195767
2025-06-12 09:36:00,50.17195767195767
2025-06-12 03:25:00,6.3
2025-06-12 16:52:00,50.17195767195767
2025-06-12 16:36:00,10.7
2025-06-12 04:01:00,74.3
2025-06-12 04:47:00,32.2
2025-06-12 14:52:00,50.17195767195767
2025-06-12 08:47:00,76.1
2025-06-12 00:29:00,43.6
2025-06-12 12:06:00,89.1
2025-06-12 16:28:00,40.4
2025-06-12 04:04:00,21.6
2025-06-12 15:58:00,62.1
2025-06-12 02:14:00,50.17195767195767
2025-06-12 23:00:00,91.2
2025-06-12 18:28:00,24.9
2025-06-12 07:38:00,38.0
2025-06-12 21:15:00,48.6
2025-06-12 07:19:00,50.17195767195767
2025-06-12 12:14:00,50.17195767195767
2025-06-12 01:50:00,35.3
2025-06-12 05:29:00,49.7
2025-06-12 17:50:00,77.7
2025-06-12 10:18:00,22.9
2025-06-12 07:41:00,29.2
2025-06-12 12:49:00,92.9
2025-06-12 11:42:00,56.8
2025-06-12 16:06:00,9.6
2025-06-12 14:23:00,50.17195767195767
2025-06-12 21:50:00,12.3
2025-06-12 06:52:00,87.1
2025-06-12 11:34:00,25.9
2025-06-12 10:04:00,54.0
2025-06-12 07:25:00,21.5
2025-06-12 03:49:00,57.0
2025-06-12 06:18:00,55.0
2025-06-12 02:15:00,50.17195767195767
2025-06-12 23:59:00,46.0
2025-06-12 18:51:00,80.3
2025-06-12 19:53:00,31.4
2025-06-12 06:47:00,62.5
2025-06-12 18:04:00,42.0
2025-06-12 04:04:00,35.2
2025-06-12 10:58:00,81.9
2025-06-12 13:46:00,3.1
2025-06-12 23:34:00,62.7
2025-06-12 03:32:00,44.3
2025-06-12 21:43:00,50.17195767195767
2025-06-12 16:21:00,90.6
2025-06-12 01:32:00,67.4
2025-06-12 19:37:00,34.3
2025-06-12 18:41:00,83.4
2025-06-12 16:04:00,48.4
2025-06-12 18:28:00,98.1
2025-06-12 02:58:00,67.9
2025-06-12 07:13:00,15.9
2025-06-12 10:56:00,46.8
2025-06-12 21:11:00,11.5
2025-06-12 09:09:00,52.4
2025-06-12 03:21:00,56.3
2025-06-12 07:41:00,81.7
2025-06-12 17:30:00,15.3
2025-06-12 09:29:00,19.3
2025-06-12 04:32:00,50.17195767195767
2025-06-12 11:18:00,73.5
2025-06-12 15:26:00,86.2
2025-06-12 12:55:00,44.7
2025-06-12 05:14:00,42.0
2025-06-12 10:01:00,68.2
2025-06-12 14:56:00,32.6
2025-06-12 06:53:00,31.4
2025-06-12 17:21:00,69.8
2025-06-12 06:12:00,12.1
2025-06-12 21:52:00,60.3
2025-06-12 12:32:00,77.0
2025-06-12 03:02:00,50.17195767195767
2025-06-12 18:50:00,18.3
2025-06-12 19:41:00,68.8
2025-06-12 09:39:00,71.1
2025-06-12 00:10:00,50.17195767195767
2025-06-12 04:27:00,30.5
2025-06-12 09:40:00,56.1
2025-06-12 18:13:00,13.1
2025-06-12 18:01:00,77.2
2025-06-12 07:17:00,40.0
2025-06-12 20:52:00,32.5
2025-06-12 22:46:00,76.1
2025-06-12 08:34:00,50.17195767195767
2025-06-12 18:33:00,59.1
2025-06-12 20:02:00,10.8
2025-06-12 03:53:00,83.1
2025-06-12 01:20:00,23.5
2025-06-12 21:59:00,14.4
2025-06-12 14:59:00,30.0
2025-06-12 07:58:00,62.6
2025-06-12 03:28:00,66.4
2025-06-12 08:44:00,58.7
2025-06-12 15:13:00,22.6
2025-06-12 06:01:00,3.5
2025-06-12 22:01:00,70.1
2025-06-12 10:21:00,16.3
2025-06-12 01:30:00,58.6
2025-06-12 16:55:00,56.2
2025-06-12 23:36:00,69.6
2025-06-12 21:08:00,50.17195767195767
2025-06-12 21:55:00,51.4
2025-06-12 17:00:00,91.1
2025-06-12 05:56:00,50.3
2025-06-12 12:34:00,25.2
2025-06-12 01:06:00,90.9
2025-06-12 22:46:00,89.2
2025-06-12 22:36:00,99.4
2025-06-12 02:58:00,9.3
2025-06-12 10:10:00,90.3
2025-06-12 20:36:00,1.7
2025-06-12 20:08:00,9.3
2025-06-12 09:36:00,15.5
2025-06-12 03:59:00,48.5
2025-06-12 10:44:00,56.8
2025-06-12 09:25:00,6.5
2025-06-12 21:36:00,68.8
2025-06-12 23:32:00,49.2
2025-06-12 13:09:00,74.5
2025-06-12 09:06:00,30.6
2025-06-12 19:34:00,28.1
2025-06-12 18:12:00,50.17195767195767
2025-06-12 05:07:00,89.3
2025-06-12 23:40:00,61.4
2025-06-12 21:02:00,68.4
2025-06-12 21:11:00,44.3
2025-06-12 21:03:00,71.1
2025-06-12 22:00:00,47.4
2025-06-12 06:22:00,31.8
2025-06-12 09:37:00,19.7
2025-06-12 10:57:00,50.17195767195767
2025-06-12 14:06:00,21.5
2025-06-12 10:55:00,84.6
2025-06-12 03:15:00,18.0
2025-06-12 09:14:00,91.7
2025-06-12 07:34:00,50.8
2025-06-12 21:39:00,26.6
2025-06-12 03:34:00,81.5
2025-06-12 12:08:00,32.3
2025-06-12 00:38:00,88.9
2025-06-12 07:44:00,18.7
2025-06-12 12:41:00,46.4
2025-06-12 06:14:00,96.8
2025-06-12 22:42:00,95.4
2025-06-12 23:13:00,56.7
2025-06-12 04:01:00,0.9
2025-06-12 04:29:00,50.17195767195767
2025-06-12 20:33:00,54.7
2025-06-12 20:11:00,12.8
2025-06-12 03:11:00,45.2
2025-06-12 21:33:00,97.7
2025-06-12 02:19:00,87.6
2025-06-12 02:39:00,33.8
2025-06-12 03:52:00,84.4
2025-06-12 14:45:00,65.0
2025-06-12 14:03:00,41.7
2025-06-12 15:35:00,72.0
2025-06-12 11:40:00,60.2
2025-06-12 05:51:00,20.7
2025-06-12 19:30:00,90.0
2025-06-12 16:53:00,14.1
2025-06-12 20:43:00,49.69252501471454
2025-06-12 13:25:00,37.8
2025-06-12 11:30:00,49.69252501471454
2025-06-12 10:18:00,31.4
2025-06-12 22:10:00,81.6
2025-06-12 10:31:00,28.2
2025-06-12 23:09:00,30.2
2025-06-12 14:07:00,60.4
2025-06-12 15:22:00,70.6
2025-06-12 18:36:00,17.8
2025-06-12 18:43:00,26.7
2025-06-12 16:34:00,85.5
2025-06-12 14:22:00,95.2
2025-06-12 23:25:00,68.4
2025-06-12 06:27:00,24.6
2025-06-12 21:01:00,49.69252501471454
2025-06-12 00:08:00,14.5
2025-06-12 10:29:00,2.5
2025-06-12 09:58:00,25.4
2025-06-12 17:07:00,49.69252501471454
2025-06-12 03:01:00,34.7
2025-06-12 02:27:00,61.3
2025-06-12 19:53:00,93.1
2025-06-12 15:26:00,90.6
2025-06-12 23:27:00,44.2
2025-06-12 06:28:00,49.69252501471454
2025-06-12 12:32:00,49.69252501471454
2025-06-12 09:31:00,71.2
2025-06-12 04:19:00,97.9
2025-06-12 07:27:00,68.3
2025-06-12 07:31:00,4.2
2025-06-12 12:18:00,49.69252501471454
2025-06-12 08:40:00,17.2
2025-06-12 18:31:00,94.4
2025-06-12 01:26:00,89.1
2025-06-12 18:30:00,33.4
2025-06-12 17:04:00,49.69252501471454
2025-06-12 19:27:00,89.1
2025-06-12 13:59:00,73.9
2025-06-12 13:18:00,90.0
2025-06-12 22:12:00,84.1
2025-06-12 23:16:00,75.3
2025-06-12 03:23:00,56.1
2025-06-12 21:39:00,65.3
2025-06-12 05:25:00,37.8
2025-06-12 05:44:00,56.0
2025-06-12 22:29:00,63.3
2025-06-12 22:25:00,57.9
2025-06-12 04:43:00,83.2
2025-06-12 02:00:00,47.7
2025-06-12 16:08:00,97.2
2025-06-12 14:51:00,49.69252501471454
2025-06-12 19:44:00,9.6
2025-06-12 08:04:00,20.1
2025-06-12 02:17:00,49.69252501471454
2025-06-12 04:03:00,79.7
2025-06-12 22:20:00,26.4
2025-06-12 21:12:00,48.6
2025-06-12 18:18:00,7.4
2025-06-12 09:42:00,49.69252501471454
2025-06-12 22:56:00,42.9
2025-06-12 15:52:00,18.9
2025-06-12 09:33:00,73.1
2025-06-12 16:31:00,90.8
2025-06-12 10:37:00,73.7
2025-06-12 23:20:00,37.9
2025-06-12 00:10:00,5.7
2025-06-12 06:12:00,49.69252501471454
2025-06-12 21:42:00,71.0
2025-06-12 20:30:00,32.6
2025-06-12 08:31:00,2.7
2025-06-12 10:00:00,49.69252501471454
2025-06-12 13:29:00,4.2
2025-06-12 17:47:00,21.8
2025-06-12 20:47:00,49.69252501471454
2025-06-12 14:52:00,25.9
2025-06-12 12:23:00,42.5
2025-06-12 23:59:00,33.7
2025-06-12 21:24:00,49.69252501471454
2025-06-12 14:11:00,17.2
2025-06-12 04:07:00,49.69252501471454
2025-06-12 17:02:00,37.4
2025-06-12 15:51:00,17.6
2025-06-12 05:09:00,82.6
2025-06-12 14:18:00,33.2
2025-06-12 11:38:00,88.1
2025-06-12 02:49:00,35.6
2025-06-12 01:06:00,41.4
2025-06-12 01:17:00,50.3
2025-06-12 01:14:00,29.2
2025-06-12 04:26:00,49.69252501471454
2025-06-12 23:24:00,37.3
2025-06-12 02:53:00,49.69252501471454
2025-06-12 08:32:00,1.5
2025-06-12 03:46:00,49.69252501471454
2025-06-12 20:54:00,67.5
2025-06-12 07:06:00,1.1
2025-06-12 04:40:00,96.2
2025-06-12 16:11:00,49.69252501471454
2025-06-12 17:59:00,78.5
2025-06-12 00:14:00,3.4
2025-06-12 04:53:00,51.5
2025-06-12 08:14:00,81.2
2025-06-12 10:10:00,94.6
2025-06-12 17:00:00,94.6
2025-06-12 22:36:00,41.8
2025-06-12 17:50:00,70.3
2025-06-12 02:46:00,38.0
2025-06-12 22:05:00,38.0
2025-06-12 02:13:00,39.6
2025-06-12 10:33:00,58.5
2025-06-12 14:04:00,48.9
2025-06-12 06:27:00,49.69252501471454
2025-06-12 21:58:00,19.0
2025-06-12 22:10:00,51.5
2025-06-12 23:29:00,87.5
2025-06-12 21:49:00,35.2
2025-06-12 12:31:00,60.5
2025-06-12 02:26:00,80.5
2025-06-12 13:39:00,49.69252501471454
2025-06-12 04:49:00,8.5
2025-06-12 10:01:00,49.69252501471454
2025-06-12 00:57:00,95.6
2025-06-12 18:05:00,39.8
2025-06-12 13:02:00,74.5
2025-06-12 01:09:00,10.5
2025-06-12 19:39:00,19.7
2025-06-12 00:25:00,49.69252501471454
2025-06-12 01:19:00,67.7
2025-06-12 13:00:00,34.3
2025-06-12 00:10:00,97.6
2025-06-12 21:51:00,98.3
2025-06-12 07:07:00,60.5
2025-06-12 16:40:00,12.4
2025-06-12 15:42:00,63.2
2025-06-12 03:55:00,88.9
2025-06-12 08:17:00,98.2
2025-06-12 09:44:00,31.6
2025-06-12 18:11:00,92.1
2025-06-12 09:53:00,63.0
2025-06-12 16:00:00,81.5
2025-06-12 05:58:00,56.2
2025-06-12 18:01:00,51.4
2025-06-12 12:40:00,63.1
2025-06-12 22:35:00,7.6
2025-06-12 10:41:00,38.6
2025-06-12 15:01:00,4.6
2025-06-12 23:06:00,7.4
2025-06-12 01:18:00,54.0
2025-06-12 09:20:00,68.8
2025-06-12 07:22:00,13.4
2025-06-12 10:06:00,67.6
2025-06-12 22:31:00,7.5
2025-06-12 02:22:00,61.7
2025-06-12 02:48:00,29.5
2025-06-12 20:47:00,50.7
2025-06-12 12:10:00,10.9
2025-06-12 01:15:00,49.69252501471454
2025-06-12 11:16:00,95.7
2025-06-12 16:27:00,6.7
2025-06-12 15:09:00,63.2
2025-06-12 20:09:00,14.6
2025-06-12 17:10:00,96.5
2025-06-12 02:56:00,38.7
2025-06-12 13:10:00,42.6
2025-06-12 11:53:00,21.4
2025-06-12 23:11:00,83.5
2025-06-12 19:45:00,49.69252501471454
2025-06-12 07:30:00,43.6
2025-06-12 22:34:00,67.6
2025-06-12 04:01:00,31.4
2025-06-12 12:24:00,53.7
2025-06-12 04:03:00,85.9
2025-06-12 01:08:00,90.0
2025-06-12 13:34:00,67.6
2025-06-12 04:35:00,69.1
2025-06-12 19:48:00,94.4
2025-06-12 08:39:00,99.0
2025-06-12 15:35:00,52.5
2025-06-12 16:12:00,29.7
2025-06-12 01:31:00,38.4
2025-06-12 06:27:00,13.0
2025-06-12 12:37:00,20.1
2025-06-12 18:01:00,84.8
2025-06-12 09:56:00,75.5
2025-06-12 01:46:00,73.6
2025-06-12 19:14:00,50.3
2025-06-12 12:59:00,68.8
2025-06-12 16:27:00,33.7
2025-06-12 15:29:00,41.3
2025-06-12 05:38:00,37.9
2025-06-12 09:57:00,43.5
2025-06-12 17:06:00,19.3
2025-06-12 00:26:00,3.9
2025-06-12 19:27:00,78.1
2025-06-12 13:28:00,6.1
2025-06-12 12:42:00,50.9
2025-06-12 04:31:00,44.7
2025-06-12 18:44:00,22.1
2025-06-12 07:30:00,7.0
2025-06-12 10:36:00,49.69252501471454
2025-06-12 21:47:00,77.8
2025-06-12 11:19:00,70.5
2025-06-12 23:04:00,49.69252501471454
2025-06-12 22:25:00,26.4
2025-06-12 08:40:00,12.6
2025-06-12 19:19:00,49.69252501471454
2025-06-12 18:17:00,58.6
2025-06-12 06:23:00,36.5
2025-06-12 10:01:00,92.6
2025-06-12 16:16:00,67.6
2025-06-12 04:56:00,85.8
2025-06-12 12:09:00,90.8
2025-06-12 04:57:00,16.0
2025-06-12 08:40:00,65.7
2025-06-12 15:32:00,49.69252501471454
2025-06-12 19:44:00,6.8
2025-06-12 00:16:00,5.1
2025-06-12 18:37:00,94.1
2025-06-12 04:03:00,1.4
2025-06-12 13:46:00,49.69252501471454
2025-06-12 23:33:00,59.3
2025-06-12 16:27:00,49.69252501471454
2025-06-12 12:24:00,49.69252501471454
2025-06-12 16:36:00,63.3
2025-06-12 21:26:00,7.0
2025-06-12 11:17:00,39.3
2025-06-12 22:30:00,42.7
2025-06-12 04:37:00,17.4
2025-06-12 08:46:00,76.6
2025-06-12 05:29:00,79.1
2025-06-12 08:42:00,83.6
2025-06-12 11:21:00,14.9
2025-06-12 23:08:00,71.8
2025-06-12 13:47:00,28.9
2025-06-12 17:03:00,49.69252501471454
2025-06-12 08:02:00,42.0
2025-06-12 04:53:00,87.4
2025-06-12 18:14:00,36.4
2025-06-12 05:21:00,64.2
2025-06-12 22:47:00,14.3
2025-06-12 16:52:00,55.8
2025-06-12 13:40:00,86.1
2025-06-12 16:41:00,52.0
2025-06-12 17:39:00,84.7
2025-06-12 11:50:00,22.9
2025-06-12 22:40:00,89.4
2025-06-12 22:59:00,49.69252501471454
2025-06-12 02:16:00,72.4
2025-06-12 01:32:00,94.8
2025-06-12 19:49:00,1.9
2025-06-12 05:39:00,92.5
2025-06-12 06:04:00,49.69252501471454
2025-06-12 11:56:00,49.69252501471454
2025-06-12 13:10:00,59.5
2025-06-12 16:32:00,56.1
2025-06-12 17:07:00,73.6
2025-06-12 01:48:00,63.3
2025-06-12 06:07:00,48.8
2025-06-12 02:31:00,66.4
2025-06-12 12:49:00,44.4
2025-06-12 11:40:00,93.0
2025-06-12 18:32:00,65.7
2025-06-12 23:09:00,11.3
2025-06-12 09:53:00,63.1
2025-06-12 10:25:00,48.5
2025-06-12 00:20:00,64.3
2025-06-12 03:29:00,51.6
2025-06-12 20:14:00,49.69252501471454
2025-06-12 11:40:00,89.1
2025-06-12 16:44:00,77.0
2025-06-12 10:35:00,49.69252501471454
2025-06-12 07:20:00,49.69252501471454
2025-06-12 04:59:00,82.3
2025-06-12 19:28:00,49.69252501471454
2025-06-12 20:43:00,50.7
2025-06-12 18:38:00,77.5
2025-06-12 14:34:00,51.7
2025-06-12 09:49:00,31.6
2025-06-12 06:23:00,70.3
2025-06-12 23:57:00,10.9
2025-06-12 00:28:00,49.69252501471454
2025-06-12 12:48:00,63.7
2025-06-12 06:14:00,49.69252501471454
2025-06-12 00:03:00,54.5
2025-06-12 10:11:00,84.2
2025-06-12 01:38:00,9.5
2025-06-12 17:18:00,81.8
2025-06-12 21:27:00,87.3
2025-06-12 15:21:00,47.8
2025-06-12 10:52:00,77.3
2025-06-12 13:44:00,68.6
2025-06-12 08:38:00,60.5
2025-06-12 02:16:00,95.2
2025-06-12 00:06:00,55.1
2025-06-12 06:03:00,90.8
2025-06-12 23:00:00,69.6
2025-06-12 22:09:00,20.7
2025-06-12 19:51:00,82.3
2025-06-12 01:41:00,23.9
2025-06-12 18:06:00,22.6
2025-06-12 12:56:00,30.7
2025-06-12 09:04:00,50.2
2025-06-12 05:05:00,40.9
2025-06-12 16:20:00,58.4
2025-06-12 13:57:00,30.3
2025-06-12 00:10:00,80.7
2025-06-12 20:16:00,49.69252501471454
2025-06-12 19:05:00,3.5
2025-06-12 04:23:00,3.7
2025-06-12 21:42:00,49.69252501471454
2025-06-12 00:36:00,49.69252501471454
2025-06-12 23:20:00,25.8
2025-06-12 17:28:00,92.4
2025-06-12 03:33:00,49.69252501471454
2025-06-12 03:17:00,21.9
2025-06-12 05:12:00,90.6
2025-06-12 03:18:00,28.0
2025-06-12 14:43:00,73.8
2025-06-12 10:41:00,82.1
2025-06-12 12:56:00,77.1
2025-06-12 06:32:00,1.1
2025-06-12 23:28:00,66.6
2025-06-12 18:03:00,0.7
2025-06-12 18:03:00,96.7
2025-06-12 03:00:00,69.0
2025-06-12 03:21:00,36.0
2025-06-12 02:22:00,2.4
2025-06-12 06:26:00,22.0
2025-06-12 04:57:00,28.5
2025-06-12 09:22:00,3.1
2025-06-12 07:40:00,84.1
2025-06-12 03:01:00,65.2
2025-06-12 21:32:00,18.2
2025-06-12 13:17:00,49.88181818181819
2025-06-12 11:25:00,34.1
2025-06-12 08:47:00,49.88181818181819
2025-06-12 19:25:00,37.7
2025-06-12 04:00:00,58.6
2025-06-12 05:24:00,49.88181818181819
2025-06-12 06:24:00,36.0
2025-06-12 01:02:00,91.7
2025-06-12 00:37:00,45.9
2025-06-12 16:56:00,50.9
2025-06-12 12:59:00,49.88181818181819
2025-06-12 02:06:00,95.3
2025-06-12 05:29:00,49.88181818181819
2025-06-12 05:35:00,99.1
2025-06-12 19:57:00,4.4
2025-06-12 17:15:00,57.3
2025-06-12 18:10:00,93.4
2025-06-12 21:02:00,81.0
2025-06-12 16:09:00,92.0
2025-06-12 17:56:00,49.88181818181819
2025-06-12 19:44:00,47.1
2025-06-12 11:30:00,69.5
2025-06-12 00:13:00,1.5
2025-06-12 04:44:00,4.9
2025-06-12 11:59:00,91.1
2025-06-12 06:44:00,84.3
2025-06-12 08:18:00,49.88181818181819
2025-06-12 20:21:00,71.0
2025-06-12 00:29:00,60.8
2025-06-12 07:14:00,9.7
2025-06-12 18:48:00,98.8
2025-06-12 13:05:00,19.1
2025-06-12 17:53:00,76.9
2025-06-12 04:04:00,45.8
2025-06-12 23:04:00,59.2
2025-06-12 17:43:00,49.88181818181819
2025-06-12 01:28:00,63.0
2025-06-12 01:41:00,28.4
2025-06-12 15:35:00,77.2
2025-06-12 01:30:00,14.9
2025-06-12 15:52:00,49.88181818181819
2025-06-12 08:23:00,49.88181818181819
2025-06-12 13:41:00,89.3
2025-06-12 09:13:00,64.7
2025-06-12 11:23:00,89.9
2025-06-12 21:10:00,36.4
2025-06-12 04:42:00,49.88181818181819
2025-06-12 19:16:00,49.9
2025-06-12 00:41:00,37.4
2025-06-12 06:13:00,44.8
2025-06-12 00:26:00,31.9
2025-06-12 23:38:00,33.9
2025-06-12 01:21:00,49.88181818181819
2025-06-12 17:30:00,32.0
2025-06-12 12:37:00,97.7
2025-06-12 12:29:00,36.4
2025-06-12 12:34:00,49.88181818181819
2025-06-12 08:23:00,59.4
2025-06-12 11:27:00,63.9
2025-06-12 18:15:00,6.5
2025-06-12 23:53:00,40.2
2025-06-12 17:56:00,69.2
2025-06-12 18:07:00,68.8
2025-06-12 20:59:00,33.0
2025-06-12 06:24:00,18.2
2025-06-12 15:07:00,24.7
2025-06-12 21:19:00,46.7
2025-06-12 14:05:00,97.0
2025-06-12 21:00:00,30.2
2025-06-12 04:06:00,85.0
2025-06-12 13:21:00,49.88181818181819
2025-06-12 15:05:00,98.4
2025-06-12 12:36:00,95.3
2025-06-12 14:48:00,23.8
2025-06-12 20:55:00,31.7
2025-06-12 04:56:00,48.9
2025-06-12 20:54:00,67.1
2025-06-12 18:41:00,77.2
2025-06-12 06:51:00,2.2
2025-06-12 22:27:00,41.0
2025-06-12 17:53:00,31.8
2025-06-12 08:52:00,16.3
2025-06-12 07:26:00,49.88181818181819
2025-06-12 08:25:00,63.8
2025-06-12 09:03:00,53.7
2025-06-12 21:34:00,13.1
2025-06-12 03:36:00,49.88181818181819
2025-06-12 01:04:00,49.88181818181819
2025-06-12 21:01:00,32.8
2025-06-12 18:57:00,8.6
2025-06-12 20:50:00,49.88181818181819
2025-06-12 23:58:00,2.6
2025-06-12 09:12:00,62.7
2025-06-12 03:26:00,33.1
2025-06-12 05:48:00,49.88181818181819
2025-06-12 15:31:00,38.9
2025-06-12 19:14:00,50.0
2025-06-12 21:06:00,49.88181818181819
2025-06-12 17:04:00,24.6
2025-06-12 02:01:00,16.3
2025-06-12 05:41:00,2.3
2025-06-12 07:05:00,63.5
2025-06-12 23:29:00,21.7
2025-06-12 08:48:00,82.7
2025-06-12 18:05:00,19.0
2025-06-12 02:48:00,30.0
2025-06-12 00:08:00,42.4
2025-06-12 02:50:00,56.0
2025-06-12 22:03:00,61.8
2025-06-12 20:18:00,97.0
2025-06-12 23:53:00,38.2
2025-06-12 05:10:00,97.4
2025-06-12 06:48:00,79.8
2025-06-12 02:49:00,49.88181818181819
2025-06-12 19:25:00,70.8
2025-06-12 13:30:00,57.9
2025-06-12 08:21:00,13.0
2025-06-12 12:41:00,80.9
2025-06-12 16:39:00,68.9
2025-06-12 04:21:00,49.88181818181819
2025-06-12 23:08:00,55.7
2025-06-12 15:14:00,17.4
2025-06-12 17:21:00,48.1
2025-06-12 16:07:00,4.1
2025-06-12 14:05:00,37.3
2025-06-12 22:44:00,26.3
2025-06-12 22:03:00,49.88181818181819
2025-06-12 21:53:00,36.4
2025-06-12 05:04:00,72.6
2025-06-12 04:25:00,97.4
2025-06-12 10:59:00,12.7
2025-06-12 17:24:00,96.9
2025-06-12 22:42:00,15.1
2025-06-12 13:59:00,99.1
2025-06-12 07:13:00,42.0
2025-06-12 15:26:00,36.7
2025-06-12 02:25:00,95.7
2025-06-12 09:05:00,86.9
2025-06-12 12:12:00,44.7
2025-06-12 11:40:00,64.4
2025-06-12 09:01:00,50.1
2025-06-12 08:39:00,71.9
2025-06-12 04:07:00,83.4
2025-06-12 03:13:00,33.7
2025-06-12 14:31:00,49.88181818181819
2025-06-12 03:58:00,9.1
2025-06-12 21:55:00,14.6
2025-06-12 08:35:00,71.0
2025-06-12 09:12:00,49.88181818181819
2025-06-12 17:15:00,12.8
2025-06-12 06:03:00,49.88181818181819
2025-06-12 16:04:00,33.1
2025-06-12 00:20:00,85.9
2025-06-12 14:50:00,88.0
2025-06-12 23:21:00,0.6
2025-06-12 12:42:00,63.6
2025-06-12 00:36:00,31.7
2025-06-12 02:51:00,15.0
2025-06-12 01:22:00,72.5
2025-06-12 18:00:00,56.0
2025-06-12 06:19:00,34.6
2025-06-12 01:31:00,64.1
2025-06-12 16:17:00,97.1
2025-06-12 21:27:00,57.0
2025-06-12 11:52:00,6.2
2025-06-12 20:58:00,54.1
2025-06-12 12:04:00,43.6
2025-06-12 17:23:00,31.5
2025-06-12 09:17:00,14.1
2025-06-12 17:42:00,99.8
2025-06-12 02:41:00,49.88181818181819
2025-06-12 11:31:00,49.88181818181819
2025-06-12 19:37:00,49.88181818181819
2025-06-12 20:31:00,16.5
2025-06-12 11:56:00,56.8
2025-06-12 07:41:00,45.6
2025-06-12 21:54:00,4.9
2025-06-12 19:39:00,98.1
2025-06-12 03:02:00,22.2
2025-06-12 04:07:00,25.6
2025-06-12 06:53:00,32.4
2025-06-12 11:56:00,24.5
2025-06-12 00:34:00,77.6
2025-06-12 00:36:00,99.7
2025-06-12 19:25:00,46.6
2025-06-12 10:20:00,49.88181818181819
2025-06-12 23:11:00,25.1
2025-06-12 05:15:00,13.9
2025-06-12 20:51:00,68.0
2025-06-12 02:34:00,30.3
2025-06-12 03:19:00,49.88181818181819
2025-06-12 19:31:00,83.5
2025-06-12 14:01:00,88.6
2025-06-12 23:31:00,34.4
2025-06-12 11:37:00,4.0
2025-06-12 20:14:00,52.7
2025-06-12 15:27:00,7.4
2025-06-12 23:05:00,32.7
2025-06-12 14:28:00,24.4
2025-06-12 13:14:00,90.5
2025-06-12 01:54:00,50.7
2025-06-12 19:54:00,16.4
2025-06-12 23:35:00,85.1
2025-06-12 14:48:00,49.88181818181819
2025-06-12 14:14:00,13.1
2025-06-12 05:05:00,60.4
2025-06-12 20:51:00,92.4
2025-06-12 01:20:00,24.7
2025-06-12 08:15:00,49.88181818181819
2025-06-12 02:32:00,79.5
2025-06-12 03:44:00,61.0
2025-06-12 10:56:00,49.88181818181819
2025-06-12 11:07:00,16.7
2025-06-12 03:01:00,58.9
2025-06-12 06:06:00,42.8
2025-06-12 06:25:00,49.88181818181819
2025-06-12 09:54:00,58.8
2025-06-12 09:29:00,35.3
2025-06-12 04:16:00,63.1
2025-06-12 13:19:00,93.0
2025-06-12 02:16:00,77.6
2025-06-12 10:11:00,10.6
2025-06-12 09:23:00,92.1
2025-06-12 15:21:00,27.8
2025-06-12 10:51:00,66.3
2025-06-12 21:52:00,20.2
2025-06-12 12:42:00,98.3
2025-06-12 07:40:00,80.4
2025-06-12 10:19:00,71.2
2025-06-12 04:34:00,73.3
2025-06-12 14:27:00,96.1
2025-06-12 01:01:00,97.3
2025-06-12 18:13:00,49.88181818181819
2025-06-12 14:14:00,41.9
2025-06-12 08:05:00,49.88181818181819
2025-06-12 04:40:00,50.8
2025-06-12 02:27:00,58.9
2025-06-12 00:34:00,22.8
2025-06-12 09:59:00,61.8
2025-06-12 14:03:00,47.2
2025-06-12 19:48:00,95.4
2025-06-12 00:49:00,12.8
2025-06-12 23:39:00,28.0
2025-06-12 19:52:00,87.3
2025-06-12 03:29:00,63.3
2025-06-12 15:09:00,73.2
2025-06-12 19:45:00,97.1
2025-06-12 23:37:00,49.88181818181819
2025-06-12 16:21:00,68.6
2025-06-12 17:56:00,82.3
2025-06-12 13:51:00,91.1
2025-06-12 04:35:00,17.0
2025-06-12 11:22:00,6.8
2025-06-12 22:31:00,77.2
2025-06-12 15:35:00,72.6
2025-06-12 12:14:00,49.88181818181819
2025-06-12 21:09:00,63.5
2025-06-12 19:58:00,85.4
2025-06-12 10:13:00,49.88181818181819
2025-06-12 22:02:00,39.5
2025-06-12 10:52:00,39.6
2025-06-12 00:10:00,89.5
2025-06-12 06:31:00,13.6
2025-06-12 19:20:00,96.5
2025-06-12 21:31:00,65.2
2025-06-12 22:24:00,80.3
2025-06-12 22:20:00,98.4
2025-06-12 12:26:00,94.8
2025-06-12 22:27:00,36.0
2025-06-12 21:04:00,77.1
2025-06-12 19:58:00,49.88181818181819
2025-06-12 09:02:00,99.0
2025-06-12 12:26:00,33.8
2025-06-12 16:13:00,11.7
2025-06-12 06:17:00,49.88181818181819
2025-06-12 03:54:00,49.88181818181819
2025-06-12 07:35:00,19.1
2025-06-12 04:11:00,42.2
2025-06-12 04:21:00,28.2
2025-06-12 01:01:00,75.0
2025-06-12 18:31:00,69.6
2025-06-12 17:22:00,82.2
2025-06-12 19:35:00,49.88181818181819
2025-06-12 08:01:00,36.7
2025-06-12 20:15:00,17.7
2025-06-12 04:24:00,13.3
2025-06-12 12:19:00,49.88181818181819
2025-06-12 23:19:00,49.88181818181819
2025-06-12 14:01:00,22.7
2025-06-12 20:41:00,2.8
2025-06-12 06:07:00,12.3
2025-06-12 13:32:00,62.6
2025-06-12 02:35:00,68.1
2025-06-12 01:30:00,33.6
2025-06-12 07:05:00,49.88181818181819
2025-06-12 03:04:00,94.4
2025-06-12 16:49:00,49.88181818181819
2025-06-12 09:12:00,98.3
2025-06-12 11:07:00,55.6
2025-06-12 11:21:00,11.6
2025-06-12 15:51:00,4.3
2025-06-12 08:26:00,72.6
2025-06-12 23:22:00,94.5
2025-06-12 04:31:00,49.88181818181819
2025-06-12 09:33:00,49.88181818181819
2025-06-12 11:12:00,49.88181818181819
2025-06-12 07:47:00,29.8
2025-06-12 20:54:00,49.88181818181819
2025-06-12 18:01:00,2.3
2025-06-12 06:36:00,7.2
2025-06-12 00:44:00,3.7
2025-06-12 07:25:00,27.3
2025-06-12 16:46:00,69.0
2025-06-12 03:10:00,45.9
2025-06-12 10:35:00,30.4
2025-06-12 20:32:00,62.9
2025-06-12 12:18:00,40.1
2025-06-12 11:39:00,47.3
2025-06-12 11:13:00,0.9
2025-06-12 15:01:00,69.8
2025-06-12 07:40:00,6.1
2025-06-12 21:49:00,24.9
2025-06-12 05:38:00,49.88181818181819
2025-06-12 16:10:00,57.1
2025-06-12 20:09:00,13.3
2025-06-12 00:25:00,61.4
2025-06-12 06:21:00,26.0
2025-06-12 23:52:00,5.6
2025-06-12 05:36:00,4.4
2025-06-12 09:20:00,28.6
2025-06-12 19:40:00,69.8
2025-06-12 03:51:00,3.9
2025-06-12 14:52:00,39.1
2025-06-12 23:52:00,78.0
2025-06-12 07:15:00,43.5
2025-06-12 07:52:00,44.0
2025-06-12 18:57:00,36.2
2025-06-12 08:42:00,78.9
2025-06-12 21:32:00,13.2
2025-06-12 20:47:00,38.7
2025-06-12 02:01:00,55.1
2025-06-12 04:57:00,21.6
2025-06-12 18:06:00,49.88181818181819
2025-06-12 21:33:00,49.88181818181819
2025-06-12 05:40:00,67.4
2025-06-12 23:11:00,68.3
2025-06-12 16:01:00,84.3
2025-06-12 21:01:00,62.9
2025-06-12 20:14:00,38.0
2025-06-12 08:30:00,15.1
2025-06-12 12:57:00,2.1
2025-06-12 12:35:00,77.1
2025-06-12 04:58:00,4.5
2025-06-12 06:37:00,12.7
2025-06-12 10:41:00,75.5
2025-06-12 20:38:00,27.2
2025-06-12 00:50:00,24.8
2025-06-12 03:01:00,50.019744401453856
2025-06-12 10:28:00,84.5
2025-06-12 12:32:00,2.2
2025-06-12 07:51:00,47.1
2025-06-12 11:57:00,48.2
2025-06-12 08:08:00,86.7
2025-06-12 13:54:00,50.019744401453856
2025-06-12 05:47:00,65.7
2025-06-12 18:00:00,23.4
2025-06-12 21:01:00,50.0
2025-06-12 12:22:00,64.8
2025-06-12 15:01:00,31.5
2025-06-12 09:59:00,89.5
2025-06-12 01:21:00,44.3
2025-06-12 18:18:00,76.2
2025-06-12 17:52:00,63.5
2025-06-12 08:03:00,64.4
2025-06-12 11:42:00,90.5
2025-06-12 17:34:00,89.3
2025-06-12 21:17:00,55.9
2025-06-12 21:12:00,79.7
2025-06-12 08:14:00,4.2
2025-06-12 07:53:00,85.0
2025-06-12 04:43:00,65.9
2025-06-12 20:24:00,7.0
2025-06-12 15:03:00,80.6
2025-06-12 05:29:00,41.8
2025-06-12 14:35:00,82.5
2025-06-12 16:16:00,20.8
2025-06-12 21:53:00,63.2
2025-06-12 15:37:00,59.7
2025-06-12 13:29:00,52.9
2025-06-12 10:24:00,23.5
2025-06-12 21:10:00,55.0
2025-06-12 20:06:00,66.9
2025-06-12 15:11:00,60.1
2025-06-12 16:25:00,90.2
2025-06-12 23:44:00,44.6
2025-06-12 18:29:00,11.1
2025-06-12 20:04:00,50.019744401453856
2025-06-12 22:55:00,90.7
2025-06-12 06:16:00,55.0
2025-06-12 19:50:00,14.2
2025-06-12 20:08:00,6.1
2025-06-12 00:07:00,50.019744401453856
2025-06-12 13:00:00,43.7
2025-06-12 01:04:00,57.2
2025-06-12 07:25:00,88.9
2025-06-12 12:01:00,90.9
2025-06-12 02:03:00,41.6
2025-06-12 13:22:00,27.0
2025-06-12 16:54:00,61.9
2025-06-12 11:59:00,28.3
2025-06-12 16:22:00,26.9
2025-06-12 20:16:00,96.4
2025-06-12 10:12:00,6.5
2025-06-12 23:53:00,51.5
2025-06-12 05:15:00,50.019744401453856
2025-06-12 03:42:00,9.5
2025-06-12 03:13:00,27.4
2025-06-12 08:34:00,59.7
2025-06-12 01:01:00,67.2
2025-06-12 18:43:00,49.8
2025-06-12 00:29:00,2.9
2025-06-12 02:36:00,84.1
2025-06-12 04:25:00,15.8
2025-06-12 09:46:00,24.0
2025-06-12 00:10:00,50.019744401453856
2025-06-12 13:38:00,63.3
2025-06-12 04:15:00,68.1
2025-06-12 13:52:00,36.3
2025-06-12 04:18:00,77.6
2025-06-12 02:18:00,27.4
2025-06-12 00:26:00,73.6
2025-06-12 21:52:00,50.019744401453856
2025-06-12 20:57:00,24.9
2025-06-12 20:21:00,62.7
2025-06-12 06:58:00,65.3
2025-06-12 07:30:00,78.7
2025-06-12 03:27:00,37.9
2025-06-12 11:11:00,24.7
2025-06-12 23:51:00,55.2
2025-06-12 19:07:00,10.9
2025-06-12 10:05:00,77.6
2025-06-12 12:24:00,10.3
2025-06-12 10:50:00,50.019744401453856
2025-06-12 08:16:00,1.7
2025-06-12 21:59:00,70.7
2025-06-12 09:33:00,57.9
2025-06-12 03:49:00,50.019744401453856
2025-06-12 05:53:00,34.7
2025-06-12 15:12:00,53.9
2025-06-12 23:26:00,68.5
2025-06-12 00:38:00,52.6
2025-06-12 00:30:00,77.7
2025-06-12 03:45:00,10.1
2025-06-12 18:14:00,10.6
2025-06-12 19:05:00,9.8
2025-06-12 03:10:00,48.8
2025-06-12 21:32:00,57.1
2025-06-12 02:09:00,82.0
2025-06-12 00:34:00,99.1
2025-06-12 18:04:00,98.3
2025-06-12 16:48:00,92.4
2025-06-12 20:24:00,19.7
2025-06-12 02:38:00,50.019744401453856
2025-06-12 01:00:00,38.4
2025-06-12 03:50:00,93.9
2025-06-12 09:01:00,8.4
2025-06-12 07:26:00,72.1
2025-06-12 12:58:00,50.019744401453856
2025-06-12 00:37:00,95.3
2025-06-12 17:09:00,80.2
2025-06-12 22:59:00,62.0
2025-06-12 23:09:00,34.4
2025-06-12 20:38:00,53.2
2025-06-12 10:45:00,99.9
2025-06-12 20:56:00,81.5
2025-06-12 06:03:00,85.9
2025-06-12 02:36:00,11.1
2025-06-12 10:24:00,50.019744401453856
2025-06-12 11:56:00,31.9
2025-06-12 10:34:00,34.3
2025-06-12 04:03:00,37.5
2025-06-12 14:41:00,54.0
2025-06-12 20:13:00,50.019744401453856
2025-06-12 17:13:00,52.9
2025-06-12 15:19:00,50.019744401453856
2025-06-12 03:53:00,42.6
2025-06-12 05:46:00,50.019744401453856
2025-06-12 07:07:00,43.1
2025-06-12 06:49:00,29.5
2025-06-12 13:50:00,89.4
2025-06-12 22:16:00,16.0
2025-06-12 16:44:00,39.5
2025-06-12 22:08:00,50.019744401453856
2025-06-12 08:20:00,50.019744401453856
2025-06-12 05:16:00,53.2
2025-06-12 08:13:00,31.9
2025-06-12 01:43:00,82.1
2025-06-12 09:36:00,50.019744401453856
2025-06-12 06:00:00,55.1
2025-06-12 09:42:00,43.8
2025-06-12 09:46:00,75.3
2025-06-12 04:05:00,64.7
2025-06-12 06:26:00,97.9
2025-06-12 11:00:00,34.7
2025-06-12 03:41:00,69.4
2025-06-12 22:29:00,50.9
2025-06-12 12:34:00,54.9
2025-06-12 02:04:00,2.1
2025-06-12 17:09:00,38.9
2025-06-12 11:30:00,56.7
2025-06-12 03:50:00,9.7
2025-06-12 02:28:00,42.2
2025-06-12 21:41:00,68.8
2025-06-12 22:18:00,15.9
2025-06-12 23:52:00,42.6
2025-06-12 04:12:00,68.4
2025-06-12 12:17:00,61.3
2025-06-12 07:05:00,42.9
2025-06-12 09:07:00,98.2
2025-06-12 12:44:00,68.2
2025-06-12 15:28:00,50.019744401453856
2025-06-12 04:29:00,50.019744401453856
2025-06-12 11:41:00,0.2
2025-06-12 21:31:00,50.019744401453856
2025-06-12 18:22:00,10.1
2025-06-12 00:39:00,87.5
2025-06-12 02:44:00,50.019744401453856
2025-06-12 01:59:00,9.3
2025-06-12 08:37:00,5.2
2025-06-12 20:10:00,51.2
2025-06-12 23:38:00,39.5
2025-06-12 01:04:00,28.4
2025-06-12 07:55:00,68.6
2025-06-12 07:06:00,50.019744401453856
2025-06-12 18:09:00,22.3
2025-06-12 18:52:00,2.1
2025-06-12 21:43:00,49.2
2025-06-12 12:26:00,50.019744401453856
2025-06-12 23:14:00,85.5
2025-06-12 16:58:00,79.0
2025-06-12 01:31:00,94.8
2025-06-12 22:13:00,52.0
2025-06-12 11:57:00,84.0
2025-06-12 02:30:00,17.5
2025-06-12 05:18:00,4.0
2025-06-12 10:12:00,50.019744401453856
2025-06-12 14:49:00,50.019744401453856
2025-06-12 17:21:00,29.8
2025-06-12 21:52:00,90.8
2025-06-12 01:59:00,68.3
2025-06-12 01:18:00,48.3
2025-06-12 22:34:00,50.019744401453856
2025-06-12 09:41:00,52.9
2025-06-12 10:08:00,37.2
2025-06-12 04:38:00,40.5
2025-06-12 01:17:00,38.4
2025-06-12 01:40:00,78.6
2025-06-12 16:36:00,22.2
2025-06-12 03:54:00,47.0
2025-06-12 16:28:00,79.6
2025-06-12 07:34:00,56.7
2025-06-12 17:27:00,85.8
2025-06-12 23:15:00,9.7
2025-06-12 14:45:00,66.4
2025-06-12 02:53:00,21.9
2025-06-12 15:32:00,66.3
2025-06-12 04:55:00,2.5
2025-06-12 20:06:00,60.5
2025-06-12 11:20:00,18.7
2025-06-12 08:33:00,71.7
2025-06-12 03:43:00,3.2
2025-06-12 07:01:00,88.9
2025-06-12 22:41:00,26.0
2025-06-12 01:40:00,31.0
2025-06-12 22:43:00,79.2
2025-06-12 20:59:00,50.019744401453856
2025-06-12 22:14:00,84.1
2025-06-12 19:14:00,64.3
2025-06-12 09:46:00,43.9
2025-06-12 15:22:00,50.019744401453856
2025-06-12 15:44:00,52.5
2025-06-12 19:09:00,44.4
2025-06-12 16:20:00,50.019744401453856
2025-06-12 16:04:00,50.019744401453856
2025-06-12 16:05:00,27.6
2025-06-12 18:00:00,35.7
2025-06-12 06:50:00,50.019744401453856
2025-06-12 23:20:00,49.9
2025-06-12 22:30:00,50.7
2025-06-12 11:00:00,50.019744401453856
2025-06-12 03:28:00,50.019744401453856
2025-06-12 21:46:00,56.1
2025-06-12 11:33:00,68.9
2025-06-12 06:58:00,59.8
2025-06-12 20:09:00,62.3
2025-06-12 16:10:00,76.2
2025-06-12 12:06:00,39.1
2025-06-12 12:48:00,41.0
2025-06-12 12:11:00,28.7
2025-06-12 05:04:00,92.0
2025-06-12 02:46:00,57.4
2025-06-12 13:52:00,59.7
2025-06-12 08:53:00,89.9
2025-06-12 10:51:00,7.6
2025-06-12 20:23:00,26.2
2025-06-12 17:59:00,65.7
2025-06-12 12:57:00,93.1
2025-06-12 06:22:00,22.7
2025-06-12 15:05:00,20.3
2025-06-12 16:33:00,50.019744401453856
2025-06-12 01:05:00,18.2
2025-06-12 21:25:00,97.0
2025-06-12 08:49:00,75.0
2025-06-12 02:29:00,82.4
2025-06-12 16:43:00,67.5
2025-06-12 19:13:00,82.4
2025-06-12 04:53:00,39.7
2025-06-12 16:45:00,99.0
2025-06-12 04:23:00,97.9
2025-06-12 13:58:00,43.8
2025-06-12 19:54:00,30.7
2025-06-12 11:29:00,85.8
2025-06-12 22:21:00,57.6
2025-06-12 12:10:00,62.3
2025-06-12 19:24:00,76.3
2025-06-12 15:59:00,23.5
2025-06-12 04:41:00,97.7
2025-06-12 08:14:00,95.8
2025-06-12 05:51:00,20.1
2025-06-12 20:56:00,22.1
2025-06-12 05:05:00,62.6
2025-06-12 23:22:00,47.6
2025-06-12 02:26:00,17.0
2025-06-12 07:00:00,57.6
2025-06-12 02:31:00,75.7
2025-06-12 06:13:00,48.3
2025-06-12 18:00:00,50.019744401453856
2025-06-12 00:41:00,65.7
2025-06-12 02:26:00,50.019744401453856
2025-06-12 08:49:00,26.6
2025-06-12 17:36:00,62.6
2025-06-12 00:24:00,91.3
2025-06-12 11:46:00,50.019744401453856
2025-06-12 12:21:00,68.5
2025-06-12 10:46:00,23.6
2025-06-12 12:37:00,0.2
2025-06-12 16:07:00,56.1
2025-06-12 13:13:00,20.4
2025-06-12 02:39:00,73.9
2025-06-12 07:55:00,2.4
2025-06-12 10:40:00,50.019744401453856
2025-06-12 08:37:00,56.5
2025-06-12 15:24:00,50.019744401453856
2025-06-12 01:20:00,26.3
2025-06-12 15:47:00,84.3
2025-06-12 22:56:00,50.019744401453856
2025-06-12 17:31:00,91.7
2025-06-12 22:01:00,36.8
2025-06-12 11:20:00,6.8
2025-06-12 05:28:00,50.2
2025-06-12 16:10:00,50.019744401453856
2025-06-12 17:11:00,4.7
2025-06-12 12:46:00,7.8
2025-06-12 19:53:00,76.3
2025-06-12 04:53:00,52.8
2025-06-12 04:22:00,7.3
2025-06-12 13:29:00,53.0
2025-06-12 21:36:00,18.0
2025-06-12 04:49:00,27.4
2025-06-12 02:54:00,30.9
2025-06-12 12:17:00,87.6
2025-06-12 14:59:00,37.9
2025-06-12 22:59:00,24.3
2025-06-12 08:07:00,14.6
2025-06-12 05:13:00,6.0
2025-06-12 20:19:00,96.9
2025-06-12 20:30:00,85.8
2025-06-12 13:13:00,50.019744401453856
2025-06-12 09:44:00,75.5
2025-06-12 23:43:00,43.0
2025-06-12 09:08:00,43.0
2025-06-12 09:32:00,8.5
2025-06-12 14:05:00,2.6
2025-06-12 20:11:00,71.0
2025-06-12 18:02:00,69.7
2025-06-12 21:02:00,50.019744401453856
2025-06-12 22:55:00,50.019744401453856
2025-06-12 01:47:00,80.0
2025-06-12 16:18:00,26.0
2025-06-12 12:43:00,48.2
2025-06-12 18:33:00,42.2
2025-06-12 10:21:00,72.0
2025-06-12 08:17:00,63.0
2025-06-12 16:31:00,68.1
2025-06-12 06:16:00,58.0
2025-06-12 16:12:00,49.0
2025-06-12 22:00:00,50.0
2025-06-12 12:35:00,70.1
2025-06-12 21:00:00,86.2
2025-06-12 14:02:00,49.94205948042788
2025-06-12 12:03:00,19.7
2025-06-12 18:39:00,19.2
2025-06-12 18:57:00,73.5
2025-06-12 04:44:00,11.1
2025-06-12 16:48:00,12.0
2025-06-12 19:43:00,22.0
2025-06-12 01:17:00,92.4
2025-06-12 18:23:00,24.3
2025-06-12 04:07:00,13.4
2025-06-12 02:53:00,14.3
2025-06-12 00:24:00,1.2
2025-06-12 18:04:00,16.2
2025-06-12 12:27:00,30.9
2025-06-12 01:00:00,36.6
2025-06-12 08:56:00,94.3
2025-06-12 01:48:00,69.5
2025-06-12 15:32:00,36.7
2025-06-12 11:36:00,8.5
2025-06-12 14:22:00,70.2
2025-06-12 10:31:00,0.8
2025-06-12 16:31:00,14.3
2025-06-12 16:51:00,49.94205948042788
2025-06-12 17:26:00,39.3
2025-06-12 18:09:00,52.1
2025-06-12 07:21:00,35.3
2025-06-12 16:35:00,88.2
2025-06-12 00:08:00,75.6
2025-06-12 20:07:00,49.94205948042788
2025-06-12 03:16:00,70.3
2025-06-12 03:42:00,40.3
2025-06-12 14:35:00,49.94205948042788
2025-06-12 03:57:00,49.94205948042788
2025-06-12 19:43:00,51.4
2025-06-12 08:00:00,22.5
2025-06-12 12:56:00,49.94205948042788
2025-06-12 17:54:00,34.0
2025-06-12 10:43:00,49.94205948042788
2025-06-12 07:01:00,43.8
2025-06-12 16:45:00,62.6
2025-06-12 07:14:00,88.3
2025-06-12 09:57:00,82.1
2025-06-12 11:10:00,37.8
2025-06-12 23:26:00,60.1
2025-06-12 13:17:00,66.6
2025-06-12 12:32:00,38.5
2025-06-12 23:43:00,79.6
2025-06-12 06:04:00,14.3
2025-06-12 15:02:00,68.6
2025-06-12 20:21:00,59.7
2025-06-12 00:02:00,13.0
2025-06-12 10:06:00,49.94205948042788
2025-06-12 14:48:00,23.7
2025-06-12 20:06:00,16.6
2025-06-12 02:19:00,58.3
2025-06-12 09:04:00,4.3
2025-06-12 13:54:00,56.8
2025-06-12 18:50:00,85.8
2025-06-12 09:22:00,36.4
2025-06-12 09:23:00,49.94205948042788
2025-06-12 15:13:00,56.8
2025-06-12 08:40:00,53.5
2025-06-12 12:40:00,87.5
2025-06-12 05:38:00,29.8
2025-06-12 14:17:00,95.8
2025-06-12 21:27:00,46.2
2025-06-12 08:59:00,9.3
2025-06-12 13:42:00,72.8
2025-06-12 23:19:00,32.1
2025-06-12 20:22:00,27.1
2025-06-12 20:09:00,49.94205948042788
2025-06-12 17:16:00,24.1
2025-06-12 12:16:00,93.4
2025-06-12 19:15:00,39.2
2025-06-12 00:19:00,82.4
2025-06-12 04:03:00,8.5
2025-06-12 23:38:00,15.2
2025-06-12 19:21:00,67.7
2025-06-12 09:59:00,12.0
2025-06-12 09:52:00,93.2
2025-06-12 18:59:00,19.1
2025-06-12 08:46:00,42.4
2025-06-12 09:42:00,49.94205948042788
2025-06-12 09:16:00,49.94205948042788
2025-06-12 09:14:00,99.8
2025-06-12 01:16:00,39.6
2025-06-12 16:37:00,13.0
2025-06-12 01:58:00,81.8
2025-06-12 06:56:00,49.94205948042788
2025-06-12 23:39:00,37.9
2025-06-12 12:33:00,67.7
2025-06-12 04:24:00,87.3
2025-06-12 21:09:00,19.9
2025-06-12 06:56:00,38.2
2025-06-12 08:30:00,67.7
2025-06-12 23:04:00,48.2
2025-06-12 12:14:00,35.9
2025-06-12 12:08:00,14.0
2025-06-12 00:39:00,7.4
2025-06-12 08:11:00,47.8
2025-06-12 20:15:00,5.9
2025-06-12 10:27:00,37.7
2025-06-12 16:37:00,44.2
2025-06-12 00:58:00,66.4
2025-06-12 13:56:00,49.94205948042788
2025-06-12 23:27:00,16.9
2025-06-12 23:11:00,93.5
2025-06-12 08:50:00,92.0
2025-06-12 00:30:00,40.3
2025-06-12 02:21:00,49.94205948042788
2025-06-12 10:20:00,23.8
2025-06-12 08:40:00,69.7
2025-06-12 12:55:00,49.3
2025-06-12 08:13:00,92.1
2025-06-12 08:53:00,49.94205948042788
2025-06-12 05:04:00,12.1
2025-06-12 21:30:00,0.3
2025-06-12 07:57:00,61.1
2025-06-12 18:35:00,26.0
2025-06-12 08:23:00,60.9
2025-06-12 20:59:00,88.6
2025-06-12 04:15:00,7.6
2025-06-12 14:42:00,31.6
2025-06-12 03:46:00,49.94205948042788
2025-06-12 00:20:00,49.94205948042788
2025-06-12 11:03:00,66.0
2025-06-12 07:04:00,97.9
2025-06-12 23:56:00,0.4
2025-06-12 06:02:00,47.9
2025-06-12 20:56:00,86.1
2025-06-12 07:50:00,49.94205948042788
2025-06-12 15:11:00,36.4
2025-06-12 19:41:00,49.94205948042788
2025-06-12 09:53:00,64.7
2025-06-12 19:03:00,1.7
2025-06-12 17:28:00,38.0
2025-06-12 12:03:00,1.6
2025-06-12 02:22:00,38.0
2025-06-12 18:39:00,20.5
2025-06-12 18:29:00,85.1
2025-06-12 21:44:00,56.1
2025-06-12 07:14:00,92.5
2025-06-12 14:43:00,97.8
2025-06-12 02:25:00,49.94205948042788
2025-06-12 03:30:00,97.5
2025-06-12 00:17:00,19.3
2025-06-12 10:48:00,42.3
2025-06-12 08:44:00,56.8
2025-06-12 23:22:00,25.0
2025-06-12 13:30:00,24.7
2025-06-12 00:06:00,19.0
2025-06-12 13:07:00,32.0
2025-06-12 03:32:00,89.5
2025-06-12 19:40:00,82.0
2025-06-12 10:02:00,11.7
2025-06-12 10:30:00,34.3
2025-06-12 09:37:00,52.5
2025-06-12 10:23:00,3.4
2025-06-12 03:25:00,49.94205948042788
2025-06-12 05:57:00,31.9
2025-06-12 19:56:00,74.7
2025-06-12 17:16:00,8.9
2025-06-12 00:33:00,88.5
2025-06-12 18:23:00,48.8
2025-06-12 03:57:00,57.4
2025-06-12 01:44:00,95.1
2025-06-12 04:58:00,20.4
2025-06-12 10:24:00,7.9
2025-06-12 06:26:00,76.2
2025-06-12 18:43:00,48.5
2025-06-12 08:40:00,4.2
2025-06-12 04:26:00,13.1
2025-06-12 15:06:00,28.6
2025-06-12 21:36:00,69.4
2025-06-12 21:28:00,23.8
2025-06-12 22:27:00,49.0
2025-06-12 23:45:00,94.9
2025-06-12 11:10:00,22.0
2025-06-12 13:59:00,30.2
2025-06-12 05:15:00,82.8
2025-06-12 14:55:00,54.1
2025-06-12 02:24:00,20.8
2025-06-12 10:46:00,10.3
2025-06-12 06:38:00,79.6
2025-06-12 03:09:00,5.9
2025-06-12 09:06:00,49.94205948042788
2025-06-12 15:51:00,13.0
2025-06-12 00:43:00,49.94205948042788
2025-06-12 20:49:00,49.94205948042788
2025-06-12 03:44:00,43.3
2025-06-12 22:53:00,52.2
2025-06-12 13:59:00,43.7
2025-06-12 06:28:00,28.6
2025-06-12 06:18:00,49.94205948042788
2025-06-12 08:32:00,18.0
2025-06-12 11:52:00,10.8
2025-06-12 02:45:00,49.94205948042788
2025-06-12 09:34:00,27.7
2025-06-12 10:10:00,49.94205948042788
2025-06-12 17:44:00,3.5
2025-06-12 22:50:00,65.8
2025-06-12 06:48:00,2.6
2025-06-12 15:49:00,52.8
2025-06-12 12:49:00,12.5
2025-06-12 11:34:00,1.9
2025-06-12 14:07:00,86.2
2025-06-12 16:39:00,69.7
2025-06-12 11:01:00,13.2
2025-06-12 06:07:00,29.7
2025-06-12 07:40:00,6.7
2025-06-12 10:11:00,89.2
2025-06-12 19:33:00,49.94205948042788
2025-06-12 01:13:00,79.5
2025-06-12 08:01:00,30.6
2025-06-12 23:33:00,56.4
2025-06-12 22:30:00,14.1
2025-06-12 05:29:00,58.2
2025-06-12 12:04:00,49.94205948042788
2025-06-12 11:06:00,49.94205948042788
2025-06-12 20:28:00,49.94205948042788
2025-06-12 16:50:00,74.3
2025-06-12 13:12:00,49.94205948042788
2025-06-12 22:03:00,59.5
2025-06-12 06:08:00,19.0
2025-06-12 01:23:00,78.6
2025-06-12 21:32:00,3.9
2025-06-12 05:23:00,60.1
2025-06-12 15:59:00,25.0
2025-06-12 05:10:00,13.6
2025-06-12 08:56:00,49.2
2025-06-12 10:31:00,41.9
2025-06-12 15:32:00,85.9
2025-06-12 15:49:00,59.5
2025-06-12 05:26:00,3.0
2025-06-12 08:23:00,92.0
2025-06-12 06:23:00,36.1
2025-06-12 02:10:00,90.6
2025-06-12 19:34:00,12.5
2025-06-12 17:59:00,71.1
2025-06-12 23:27:00,29.3
2025-06-12 14:07:00,7.1
2025-06-12 23:20:00,82.0
2025-06-12 03:56:00,42.3
2025-06-12 09:53:00,49.94205948042788
2025-06-12 09:07:00,39.8
2025-06-12 03:09:00,26.7
2025-06-12 06:41:00,48.0
2025-06-12 20:18:00,49.94205948042788
2025-06-12 12:23:00,34.2
2025-06-12 09:51:00,55.6
2025-06-12 18:11:00,8.8
2025-06-12 18:51:00,8.9
2025-06-12 00:30:00,71.0
2025-06-12 09:34:00,83.1
2025-06-12 15:00:00,57.7
2025-06-12 20:56:00,49.94205948042788
2025-06-12 12:22:00,25.1
2025-06-12 06:33:00,29.1
2025-06-12 04:03:00,18.1
2025-06-12 16:35:00,86.8
2025-06-12 22:37:00,28.9
2025-06-12 23:53:00,21.9
2025-06-12 03:35:00,88.8
2025-06-12 05:30:00,13.0
2025-06-12 23:04:00,34.9
2025-06-12 13:21:00,71.7
2025-06-12 17:16:00,68.0
2025-06-12 15:01:00,12.8
2025-06-12 22:58:00,17.8
2025-06-12 09:50:00,84.6
2025-06-12 16:15:00,8.8
2025-06-12 09:46:00,56.3
2025-06-12 07:49:00,8.2
2025-06-12 03:06:00,19.7
2025-06-12 09:07:00,62.2
2025-06-12 03:06:00,84.4
2025-06-12 13:13:00,49.7
2025-06-12 11:00:00,66.3
2025-06-12 18:38:00,49.94205948042788
2025-06-12 17:52:00,75.4
2025-06-12 08:09:00,1.0
2025-06-12 23:27:00,49.94205948042788
2025-06-12 18:18:00,62.4
2025-06-12 14:01:00,47.8
2025-06-12 05:50:00,80.5
2025-06-12 00:38:00,9.8
2025-06-12 21:56:00,49.94205948042788
2025-06-12 23:46:00,21.1
2025-06-12 11:38:00,98.4
2025-06-12 11:38:00,49.94205948042788
2025-06-12 01:13:00,78.2
2025-06-12 00:12:00,47.7
2025-06-12 18:16:00,40.9
2025-06-12 09:16:00,99.4
2025-06-12 03:59:00,56.5
2025-06-12 01:53:00,49.94205948042788
2025-06-12 13:54:00,57.5
2025-06-12 10:43:00,95.6
2025-06-12 19:21:00,19.9
2025-06-12 02:39:00,48.8
2025-06-12 08:48:00,29.8
2025-06-12 01:30:00,10.0
2025-06-12 14:28:00,97.7
2025-06-12 00:54:00,57.8
2025-06-12 18:26:00,90.3
2025-06-12 15:27:00,58.3
2025-06-12 18:01:00,49.94205948042788
2025-06-12 19:46:00,58.2
2025-06-12 14:11:00,64.7
2025-06-12 20:54:00,71.4
2025-06-12 15:09:00,49.94205948042788
2025-06-12 08:48:00,13.5
2025-06-12 17:06:00,58.1
2025-06-12 14:46:00,59.4
2025-06-12 10:45:00,47.4
2025-06-12 14:34:00,50.9
2025-06-12 18:24:00,52.4
2025-06-12 00:08:00,13.0
2025-06-12 09:44:00,49.94205948042788
2025-06-12 10:26:00,49.94205948042788
2025-06-12 07:11:00,49.94205948042788
2025-06-12 16:58:00,49.94205948042788
2025-06-12 19:00:00,21.4
2025-06-12 07:30:00,24.0
2025-06-12 09:27:00,73.3
2025-06-12 04:42:00,30.5
2025-06-12 23:15:00,36.8
2025-06-12 15:48:00,53.7
2025-06-12 10:29:00,17.1
2025-06-12 01:57:00,53.8
2025-06-12 10:48:00,76.0
2025-06-12 00:29:00,49.94205948042788
2025-06-12 07:47:00,33.1
2025-06-12 04:38:00,78.4
2025-06-12 01:27:00,49.94205948042788
2025-06-12 16:45:00,71.6
2025-06-12 07:25:00,97.9
2025-06-12 01:32:00,49.94205948042788
2025-06-12 09:00:00,49.94205948042788
2025-06-12 11:18:00,65.1
2025-06-12 13:51:00,5.8
2025-06-12 14:45:00,34.0
2025-06-12 14:59:00,84.3
2025-06-12 15:31:00,38.0
2025-06-12 12:09:00,51.4
2025-06-12 14:21:00,4.1
2025-06-12 09:39:00,87.6
2025-06-12 18:46:00,14.3
2025-06-12 06:21:00,99.7
2025-06-12 22:55:00,73.4
2025-06-12 06:20:00,0.1
2025-06-12 18:34:00,50.024092836946274
2025-06-12 22:30:00,95.5
2025-06-12 15:52:00,32.7
2025-06-12 22:12:00,22.6
2025-06-12 15:46:00,9.4
2025-06-12 13:36:00,24.0
2025-06-12 17:10:00,81.8
2025-06-12 10:54:00,23.0
2025-06-12 02:30:00,3.8
2025-06-12 06:38:00,49.5
2025-06-12 18:25:00,33.0
2025-06-12 13:26:00,17.5
2025-06-12 01:07:00,50.024092836946274
2025-06-12 17:36:00,34.8
2025-06-12 00:14:00,49.1
2025-06-12 06:20:00,64.1
2025-06-12 13:12:00,19.5
2025-06-12 23:35:00,46.6
2025-06-12 20:55:00,13.7
2025-06-12 12:31:00,76.2
2025-06-12 07:13:00,7.0
2025-06-12 17:06:00,99.0
2025-06-12 10:46:00,60.9
2025-06-12 04:45:00,54.8
2025-06-12 12:36:00,96.5
2025-06-12 20:47:00,17.6
2025-06-12 15:56:00,86.7
2025-06-12 04:31:00,55.7
2025-06-12 08:42:00,14.2
2025-06-12 17:23:00,76.5
2025-06-12 12:36:00,42.4
2025-06-12 12:07:00,46.7
2025-06-12 20:53:00,88.3
2025-06-12 03:03:00,34.6
2025-06-12 22:08:00,10.8
2025-06-12 19:05:00,50.024092836946274
2025-06-12 13:20:00,90.1
2025-06-12 16:27:00,42.5
2025-06-12 12:58:00,50.024092836946274
2025-06-12 07:37:00,76.0
2025-06-12 08:31:00,0.2
2025-06-12 06:22:00,92.5
2025-06-12 05:28:00,75.2
2025-06-12 03:39:00,0.1
2025-06-12 18:07:00,37.4
2025-06-12 17:05:00,14.2
2025-06-12 04:17:00,48.7
2025-06-12 10:12:00,50.024092836946274
2025-06-12 19:15:00,5.2
2025-06-12 08:10:00,9.8
2025-06-12 11:41:00,3.0
2025-06-12 21:31:00,25.2
2025-06-12 03:31:00,50.024092836946274
2025-06-12 05:04:00,80.0
2025-06-12 21:06:00,9.5
2025-06-12 00:09:00,27.8
2025-06-12 15:15:00,62.7
2025-06-12 16:41:00,91.9
2025-06-12 14:13:00,50.024092836946274
2025-06-12 19:12:00,50.024092836946274
2025-06-12 20:06:00,31.9
2025-06-12 09:35:00,54.4
2025-06-12 10:18:00,27.5
2025-06-12 05:15:00,20.5
2025-06-12 01:59:00,64.2
2025-06-12 00:44:00,37.1
2025-06-12 08:55:00,88.7
2025-06-12 21:27:00,73.7
2025-06-12 06:57:00,66.2
2025-06-12 20:35:00,93.7
2025-06-12 11:39:00,81.1
2025-06-12 02:02:00,71.3
2025-06-12 10:50:00,75.4
2025-06-12 02:11:00,78.3
2025-06-12 01:57:00,8.8
2025-06-12 22:22:00,78.3
2025-06-12 19:02:00,31.7
2025-06-12 10:39:00,11.5
2025-06-12 00:47:00,53.9
2025-06-12 02:13:00,61.0
2025-06-12 14:45:00,2.8
2025-06-12 22:56:00,43.3
2025-06-12 21:48:00,88.7
2025-06-12 09:11:00,79.0
2025-06-12 02:43:00,82.2
2025-06-12 16:12:00,19.2
2025-06-12 02:32:00,79.1
2025-06-12 04:48:00,99.5
2025-06-12 18:00:00,24.4
2025-06-12 02:04:00,88.7
2025-06-12 10:12:00,45.7
2025-06-12 00:42:00,65.9
2025-06-12 14:38:00,18.3
2025-06-12 12:50:00,4.5
2025-06-12 21:29:00,2.6
2025-06-12 20:42:00,10.1
2025-06-12 17:48:00,20.2
2025-06-12 08:04:00,50.024092836946274
2025-06-12 01:06:00,50.024092836946274
2025-06-12 02:20:00,12.4
2025-06-12 09:57:00,50.024092836946274
2025-06-12 23:11:00,87.0
2025-06-12 15:01:00,50.024092836946274
2025-06-12 09:45:00,37.0
2025-06-12 06:39:00,68.3
2025-06-12 13:58:00,30.1
2025-06-12 06:38:00,49.7
2025-06-12 11:12:00,36.7
2025-06-12 17:21:00,34.9
2025-06-12 07:03:00,39.6
2025-06-12 06:35:00,50.024092836946274
2025-06-12 07:06:00,91.2
2025-06-12 02:08:00,1.5
2025-06-12 04:24:00,62.4
2025-06-12 21:13:00,59.8
2025-06-12 10:23:00,1.3
2025-06-12 10:36:00,99.7
2025-06-12 07:15:00,74.3
2025-06-12 17:59:00,50.024092836946274
2025-06-12 12:17:00,38.8
2025-06-12 12:27:00,85.0
2025-06-12 06:07:00,87.1
2025-06-12 12:18:00,95.3
2025-06-12 19:11:00,65.6
2025-06-12 13:31:00,14.1
2025-06-12 10:10:00,50.024092836946274
2025-06-12 20:42:00,50.024092836946274
2025-06-12 12:41:00,93.7
2025-06-12 09:22:00,50.024092836946274
2025-06-12 22:57:00,76.8
2025-06-12 10:29:00,38.9
2025-06-12 07:29:00,4.7
2025-06-12 10:56:00,87.7
2025-06-12 03:28:00,65.7
2025-06-12 07:08:00,95.6
2025-06-12 23:53:00,62.3
2025-06-12 14:56:00,50.024092836946274
2025-06-12 03:34:00,78.1
2025-06-12 01:58:00,50.024092836946274
2025-06-12 08:55:00,70.0
2025-06-12 17:43:00,49.3
2025-06-12 03:12:00,67.4
2025-06-12 15:40:00,16.3
2025-06-12 08:39:00,49.2
2025-06-12 14:30:00,30.5
2025-06-12 01:29:00,46.1
2025-06-12 02:29:00,46.9
2025-06-12 12:43:00,6.5
2025-06-12 02:52:00,94.9
2025-06-12 16:12:00,95.4
2025-06-12 22:40:00,82.8
2025-06-12 11:34:00,0.6
2025-06-12 01:24:00,50.024092836946274
2025-06-12 08:21:00,70.9
2025-06-12 07:57:00,5.8
2025-06-12 20:11:00,92.7
2025-06-12 01:20:00,50.024092836946274
2025-06-12 06:44:00,57.1
2025-06-12 21:05:00,82.5
2025-06-12 04:22:00,6.8
2025-06-12 08:27:00,44.2
2025-06-12 18:11:00,72.7
2025-06-12 03:45:00,53.8
2025-06-12 17:50:00,13.1
2025-06-12 14:02:00,4.0
2025-06-12 21:33:00,52.2
2025-06-12 10:54:00,44.7
2025-06-12 22:04:00,68.4
2025-06-12 16:22:00,50.024092836946274
2025-06-12 21:12:00,50.024092836946274
2025-06-12 19:41:00,31.0
2025-06-12 05:59:00,39.6
2025-06-12 02:01:00,27.4
2025-06-12 14:34:00,34.5
2025-06-12 14:30:00,25.6
2025-06-12 11:54:00,50.024092836946274
2025-06-12 07:19:00,4.2
2025-06-12 11:14:00,50.0
2025-06-12 21:36:00,58.2
2025-06-12 18:21:00,50.024092836946274
2025-06-12 19:15:00,53.2
2025-06-12 01:20:00,87.9
2025-06-12 11:26:00,51.6
2025-06-12 09:33:00,91.3
2025-06-12 09:11:00,26.3
2025-06-12 16:44:00,1.6
2025-06-12 12:22:00,9.1
2025-06-12 10:40:00,55.9
2025-06-12 16:21:00,74.3
2025-06-12 23:51:00,82.2
2025-06-12 17:33:00,66.6
2025-06-12 11:37:00,50.024092836946274
2025-06-12 08:33:00,6.9
2025-06-12 20:41:00,81.1
2025-06-12 10:20:00,19.5
2025-06-12 16:24:00,33.5
2025-06-12 15:51:00,50.024092836946274
2025-06-12 13:26:00,1.4
2025-06-12 09:46:00,89.6
2025-06-12 22:00:00,41.3
2025-06-12 20:08:00,38.4
2025-06-12 14:29:00,94.9
2025-06-12 13:00:00,43.8
2025-06-12 09:31:00,62.2
2025-06-12 13:04:00,19.8
2025-06-12 06:03:00,62.9
2025-06-12 23:28:00,54.9
2025-06-12 14:20:00,27.0
2025-06-12 08:10:00,78.9
2025-06-12 07:07:00,50.024092836946274
2025-06-12 04:08:00,50.0
2025-06-12 05:32:00,57.7
2025-06-12 17:33:00,33.1
2025-06-12 00:09:00,13.9
2025-06-12 05:52:00,60.1
2025-06-12 12:01:00,53.9
2025-06-12 17:13:00,50.024092836946274
2025-06-12 20:22:00,50.024092836946274
2025-06-12 05:02:00,50.024092836946274
2025-06-12 03:10:00,16.5
2025-06-12 17:53:00,20.7
2025-06-12 04:17:00,85.2
2025-06-12 04:07:00,47.5
2025-06-12 00:18:00,50.024092836946274
2025-06-12 21:41:00,34.1
2025-06-12 07:11:00,23.0
2025-06-12 23:31:00,19.5
2025-06-12 11:55:00,50.024092836946274
2025-06-12 10:53:00,2.2
2025-06-12 07:42:00,93.5
2025-06-12 04:10:00,80.3
2025-06-12 14:07:00,97.9
2025-06-12 10:20:00,81.2
2025-06-12 10:11:00,8.8
2025-06-12 22:48:00,58.5
2025-06-12 06:38:00,90.7
2025-06-12 17:16:00,27.1
2025-06-12 08:31:00,50.024092836946274
2025-06-12 15:33:00,51.7
2025-06-12 03:46:00,50.024092836946274
2025-06-12 09:27:00,50.024092836946274
2025-06-12 21:18:00,96.6
2025-06-12 16:42:00,50.024092836946274
2025-06-12 00:45:00,14.2
2025-06-12 07:11:00,90.9
2025-06-12 14:08:00,33.9
2025-06-12 13:54:00,77.5
2025-06-12 05:23:00,96.1
2025-06-12 16:28:00,50.024092836946274
2025-06-12 14:16:00,45.0
2025-06-12 05:49:00,50.024092836946274
2025-06-12 10:55:00,77.3
2025-06-12 09:33:00,0.2
2025-06-12 01:51:00,5.5
2025-06-12 07:24:00,98.2
2025-06-12 03:43:00,39.9
2025-06-12 11:59:00,11.5
2025-06-12 23:49:00,50.024092836946274
2025-06-12 22:42:00,90.0
2025-06-12 23:33:00,31.2
2025-06-12 03:41:00,94.6
2025-06-12 23:53:00,93.1
2025-06-12 09:16:00,29.5
2025-06-12 09:21:00,92.8
2025-06-12 23:49:00,85.1
2025-06-12 12:07:00,14.6
2025-06-12 07:18:00,45.4
2025-06-12 09:23:00,70.8
2025-06-12 16:34:00,50.024092836946274
2025-06-12 21:31:00,36.7
2025-06-12 02:59:00,55.2
2025-06-12 14:02:00,50.024092836946274
2025-06-12 10:49:00,84.4
2025-06-12 15:53:00,74.6
2025-06-12 18:44:00,93.4
2025-06-12 20:03:00,80.0
2025-06-12 00:26:00,68.0
2025-06-12 14:02:00,67.3
2025-06-12 20:55:00,75.9
2025-06-12 12:49:00,50.024092836946274
2025-06-12 09:27:00,98.5
2025-06-12 12:44:00,85.4
2025-06-12 09:51:00,45.2
2025-06-12 18:41:00,50.024092836946274
2025-06-12 10:11:00,99.8
2025-06-12 09:24:00,85.3
2025-06-12 04:56:00,62.5
2025-06-12 21:58:00,64.0
2025-06-12 03:27:00,12.5
2025-06-12 18:01:00,71.7
2025-06-12 20:52:00,41.6
2025-06-12 00:04:00,4.7
2025-06-12 03:37:00,7.8
2025-06-12 22:08:00,26.2
2025-06-12 12:58:00,37.4
2025-06-12 07:04:00,71.3
2025-06-12 06:59:00,60.2
2025-06-12 17:28:00,50.6
2025-06-12 03:36:00,11.5
2025-06-12 10:11:00,96.2
2025-06-12 08:20:00,8.5
2025-06-12 19:49:00,66.3
2025-06-12 03:19:00,72.9
2025-06-12 16:58:00,8.9
2025-06-12 14:09:00,14.3
2025-06-12 05:22:00,19.6
2025-06-12 15:56:00,51.8
2025-06-12 14:26:00,26.1
2025-06-12 10:19:00,22.9
2025-06-12 03:36:00,48.0
2025-06-12 12:20:00,3.9
2025-06-12 18:40:00,74.9
2025-06-12 15:43:00,39.4
2025-06-12 00:49:00,89.6
2025-06-12 12:32:00,95.6
2025-06-12 13:44:00,43.8
2025-06-12 18:04:00,50.024092836946274
2025-06-12 13:53:00,11.4
2025-06-12 01:41:00,15.2
2025-06-12 17:36:00,50.024092836946274
2025-06-12 08:03:00,15.7
2025-06-12 09:01:00,50.024092836946274
2025-06-12 23:55:00,65.7
2025-06-12 04:14:00,21.0
2025-06-12 03:14:00,95.8
2025-06-12 11:33:00,81.1
2025-06-12 13:10:00,68.9
2025-06-12 02:25:00,33.0
2025-06-12 22:48:00,63.1
2025-06-12 07:05:00,72.0
2025-06-12 05:34:00,36.9
2025-06-12 06:01:00,42.3
2025-06-12 13:57:00,9.1
2025-06-12 19:16:00,20.6
2025-06-12 06:19:00,92.9
2025-06-12 04:18:00,49.2
2025-06-12 13:28:00,95.5
2025-06-12 20:25:00,55.5
2025-06-12 05:07:00,35.0
2025-06-12 02:31:00,77.1
2025-06-12 14:12:00,8.3
2025-06-12 15:19:00,52.0
2025-06-12 04:18:00,42.3
2025-06-12 06:07:00,77.6
2025-06-12 11:50:00,49.54963144963145
2025-06-12 22:35:00,91.8
2025-06-12 10:05:00,80.1
2025-06-12 12:42:00,49.54963144963145
2025-06-12 21:59:00,31.2
2025-06-12 23:26:00,23.8
2025-06-12 13:15:00,81.8
2025-06-12 21:57:00,65.3
2025-06-12 21:15:00,79.8
2025-06-12 07:31:00,49.54963144963145
2025-06-12 10:59:00,79.4
2025-06-12 06:21:00,30.4
2025-06-12 00:15:00,16.2
2025-06-12 01:32:00,76.0
2025-06-12 23:34:00,46.0
2025-06-12 02:58:00,85.8
2025-06-12 07:00:00,13.4
2025-06-12 10:30:00,26.3
2025-06-12 01:55:00,78.2
2025-06-12 12:30:00,21.5
2025-06-12 05:47:00,49.54963144963145
2025-06-12 05:33:00,51.5
2025-06-12 02:56:00,45.2
2025-06-12 20:47:00,93.9
2025-06-12 22:19:00,96.5
2025-06-12 04:28:00,30.3
2025-06-12 07:32:00,81.5
2025-06-12 06:42:00,17.1
2025-06-12 23:33:00,49.54963144963145
2025-06-12 17:11:00,5.5
2025-06-12 10:45:00,41.5
2025-06-12 09:48:00,61.2
2025-06-12 19:23:00,25.5
2025-06-12 10:11:00,26.5
2025-06-12 11:14:00,69.7
2025-06-12 03:49:00,71.3
2025-06-12 11:27:00,32.8
2025-06-12 14:09:00,7.8
2025-06-12 03:13:00,41.9
2025-06-12 13:13:00,65.7
2025-06-12 17:50:00,9.5
2025-06-12 23:38:00,49.54963144963145
2025-06-12 11:07:00,61.7
2025-06-12 21:34:00,19.6
2025-06-12 01:38:00,24.7
2025-06-12 16:06:00,49.54963144963145
2025-06-12 14:25:00,17.4
2025-06-12 12:15:00,84.5
2025-06-12 21:05:00,17.3
2025-06-12 20:40:00,69.9
2025-06-12 09:41:00,66.0
2025-06-12 16:02:00,44.7
2025-06-12 08:04:00,7.9
2025-06-12 16:25:00,49.54963144963145
2025-06-12 11:59:00,84.9
2025-06-12 15:46:00,49.54963144963145
2025-06-12 01:04:00,60.4
2025-06-12 05:05:00,3.0
2025-06-12 07:24:00,43.3
2025-06-12 16:54:00,13.7
2025-06-12 12:53:00,60.7
2025-06-12 15:02:00,34.5
2025-06-12 01:23:00,27.7
2025-06-12 01:49:00,91.9
2025-06-12 05:18:00,59.6
2025-06-12 16:44:00,20.6
2025-06-12 13:46:00,49.54963144963145
2025-06-12 06:50:00,40.1
2025-06-12 10:23:00,18.3
2025-06-12 05:11:00,11.9
2025-06-12 23:26:00,39.8
2025-06-12 13:54:00,19.4
2025-06-12 07:49:00,22.2
2025-06-12 09:43:00,19.9
2025-06-12 00:15:00,81.2
2025-06-12 10:58:00,37.2
2025-06-12 12:10:00,18.3
2025-06-12 09:06:00,16.6
2025-06-12 23:55:00,84.9
2025-06-12 15:09:00,49.4
2025-06-12 11:44:00,54.0
2025-06-12 11:44:00,79.0
2025-06-12 12:34:00,35.0
2025-06-12 03:25:00,34.6
2025-06-12 14:35:00,98.6
2025-06-12 06:42:00,63.1
2025-06-12 11:01:00,83.8
2025-06-12 15:13:00,49.54963144963145
2025-06-12 16:22:00,1.4
2025-06-12 23:13:00,71.2
2025-06-12 11:08:00,53.7
2025-06-12 16:08:00,49.54963144963145
2025-06-12 03:15:00,47.3
2025-06-12 05:52:00,49.54963144963145
2025-06-12 19:18:00,22.9
2025-06-12 10:27:00,49.5
2025-06-12 11:01:00,49.3
2025-06-12 15:31:00,98.0
2025-06-12 22:03:00,26.8
2025-06-12 05:17:00,40.6
2025-06-12 10:30:00,56.1
2025-06-12 03:39:00,50.6
2025-06-12 11:02:00,74.1
2025-06-12 12:09:00,32.2
2025-06-12 00:27:00,60.5
2025-06-12 20:36:00,73.8
2025-06-12 14:33:00,96.9
2025-06-12 04:25:00,27.1
2025-06-12 19:03:00,49.54963144963145
2025-06-12 22:54:00,50.1
2025-06-12 12:58:00,49.0
2025-06-12 14:22:00,29.5
2025-06-12 02:12:00,49.54963144963145
2025-06-12 02:32:00,60.5
2025-06-12 05:00:00,16.2
2025-06-12 23:40:00,19.1
2025-06-12 05:46:00,95.4
2025-06-12 02:09:00,56.4
2025-06-12 23:35:00,66.7
2025-06-12 20:12:00,44.1
2025-06-12 06:14:00,1.3
2025-06-12 09:01:00,52.1
2025-06-12 09:16:00,50.6
2025-06-12 02:05:00,49.54963144963145
2025-06-12 06:51:00,64.0
2025-06-12 14:57:00,49.54963144963145
2025-06-12 14:30:00,72.1
2025-06-12 18:49:00,73.4
2025-06-12 05:09:00,7.6
2025-06-12 02:35:00,49.54963144963145
2025-06-12 08:46:00,95.5
2025-06-12 01:35:00,87.9
2025-06-12 16:28:00,77.9
2025-06-12 04:08:00,49.54963144963145
2025-06-12 05:40:00,15.1
2025-06-12 15:20:00,79.0
2025-06-12 07:38:00,6.6
2025-06-12 06:15:00,36.5
2025-06-12 04:11:00,67.7
2025-06-12 20:55:00,94.5
2025-06-12 15:43:00,39.9
2025-06-12 23:07:00,49.54963144963145
2025-06-12 02:21:00,82.2
2025-06-12 18:59:00,83.8
2025-06-12 13:53:00,1.7
2025-06-12 20:42:00,49.3
2025-06-12 02:37:00,93.7
2025-06-12 10:58:00,95.2
2025-06-12 13:02:00,85.6
2025-06-12 16:22:00,36.6
2025-06-12 15:23:00,39.2
2025-06-12 18:15:00,93.2
2025-06-12 01:15:00,71.5
2025-06-12 01:57:00,42.5
2025-06-12 23:44:00,49.54963144963145
2025-06-12 13:08:00,41.3
2025-06-12 00:09:00,77.6
2025-06-12 11:39:00,94.7
2025-06-12 14:32:00,49.54963144963145
2025-06-12 14:16:00,49.54963144963145
2025-06-12 17:24:00,0.0
2025-06-12 14:28:00,83.2
2025-06-12 12:38:00,49.54963144963145
2025-06-12 11:20:00,91.6
2025-06-12 18:07:00,72.8
2025-06-12 19:39:00,39.7
2025-06-12 16:34:00,70.5
2025-06-12 11:31:00,97.9
2025-06-12 11:28:00,47.1
2025-06-12 23:40:00,4.4
2025-06-12 04:09:00,70.0
2025-06-12 11:30:00,7.6
2025-06-12 22:51:00,43.8
2025-06-12 19:43:00,50.7
2025-06-12 10:14:00,59.6
2025-06-12 15:26:00,64.6
2025-06-12 01:53:00,49.54963144963145
2025-06-12 02:11:00,68.2
2025-06-12 00:18:00,2.5
2025-06-12 06:41:00,33.5
2025-06-12 06:48:00,0.5
2025-06-12 09:16:00,95.5
2025-06-12 10:04:00,65.0
2025-06-12 22:06:00,28.1
2025-06-12 14:30:00,49.54963144963145
2025-06-12 18:25:00,49.54963144963145
2025-06-12 21:09:00,16.5
2025-06-12 04:22:00,0.5
2025-06-12 13:15:00,68.5
2025-06-12 07:35:00,12.1
2025-06-12 00:11:00,47.0
2025-06-12 02:04:00,3.3
2025-06-12 09:21:00,77.3
2025-06-12 06:24:00,82.1
2025-06-12 20:41:00,32.8
2025-06-12 07:27:00,20.0
2025-06-12 14:01:00,26.6
2025-06-12 23:00:00,29.2
2025-06-12 15:33:00,5.7
2025-06-12 08:10:00,36.3
2025-06-12 22:11:00,12.9
2025-06-12 07:09:00,24.2
2025-06-12 10:04:00,31.1
2025-06-12 00:53:00,49.54963144963145
2025-06-12 13:43:00,16.7
2025-06-12 23:49:00,78.8
2025-06-12 09:32:00,76.6
2025-06-12 18:29:00,49.54963144963145
2025-06-12 11:48:00,49.54963144963145
2025-06-12 11:22:00,37.0
2025-06-12 02:45:00,90.7
2025-06-12 00:50:00,27.3
2025-06-12 05:36:00,18.2
2025-06-12 05:10:00,99.0
2025-06-12 06:39:00,33.8
2025-06-12 22:23:00,19.4
2025-06-12 00:29:00,68.8
2025-06-12 21:42:00,95.8
2025-06-12 11:00:00,44.2
2025-06-12 17:16:00,8.6
2025-06-12 13:04:00,34.6
2025-06-12 00:13:00,54.2
2025-06-12 18:18:00,75.7
2025-06-12 08:37:00,37.3
2025-06-12 01:48:00,45.9
2025-06-12 23:56:00,93.4
2025-06-12 14:48:00,71.8
2025-06-12 02:52:00,2.5
2025-06-12 06:29:00,49.54963144963145
2025-06-12 08:08:00,49.54963144963145
2025-06-12 06:32:00,99.0
2025-06-12 12:59:00,49.54963144963145
2025-06-12 16:21:00,37.8
2025-06-12 05:13:00,23.7
2025-06-12 13:52:00,49.54963144963145
2025-06-12 10:36:00,49.54963144963145
2025-06-12 14:00:00,43.9
2025-06-12 16:14:00,74.5
2025-06-12 19:39:00,49.54963144963145
2025-06-12 17:41:00,97.1
2025-06-12 16:48:00,32.5
2025-06-12 19:31:00,27.6
2025-06-12 02:02:00,24.5
2025-06-12 23:17:00,46.8
2025-06-12 03:14:00,43.1
2025-06-12 15:20:00,45.8
2025-06-12 10:43:00,52.1
2025-06-12 06:25:00,68.5
2025-06-12 11:50:00,90.5
2025-06-12 09:58:00,64.1
2025-06-12 14:09:00,65.7
2025-06-12 17:10:00,35.5
2025-06-12 20:23:00,80.2
2025-06-12 19:34:00,49.54963144963145
2025-06-12 05:17:00,81.6
2025-06-12 10:34:00,92.8
2025-06-12 00:16:00,92.0
2025-06-12 19:47:00,33.5
2025-06-12 11:16:00,87.9
2025-06-12 21:01:00,49.54963144963145
2025-06-12 22:11:00,49.54963144963145
2025-06-12 05:35:00,31.0
2025-06-12 01:23:00,11.9
2025-06-12 20:28:00,19.5
2025-06-12 21:08:00,12.3
2025-06-12 15:27:00,1.0
2025-06-12 09:31:00,51.1
2025-06-12 23:37:00,84.0
2025-06-12 14:37:00,30.7
2025-06-12 03:14:00,82.4
2025-06-12 11:12:00,92.2
2025-06-12 11:55:00,12.2
2025-06-12 06:59:00,73.9
2025-06-12 11:58:00,30.4
2025-06-12 05:13:00,30.2
2025-06-12 00:02:00,13.0
2025-06-12 03:35:00,70.4
2025-06-12 12:46:00,42.3
2025-06-12 13:22:00,12.0
2025-06-12 04:59:00,5.6
2025-06-12 18:28:00,55.4
2025-06-12 14:31:00,49.54963144963145
2025-06-12 08:14:00,10.1
2025-06-12 22:07:00,96.4
2025-06-12 08:19:00,57.0
2025-06-12 00:43:00,65.4
2025-06-12 23:50:00,70.2
2025-06-12 22:22:00,51.2
2025-06-12 01:39:00,49.54963144963145
2025-06-12 01:26:00,20.6
2025-06-12 08:30:00,89.5
2025-06-12 11:35:00,55.2
2025-06-12 21:48:00,46.9
2025-06-12 10:23:00,3.0
2025-06-12 01:39:00,82.1
2025-06-12 15:46:00,90.8
2025-06-12 10:38:00,69.7
2025-06-12 19:50:00,73.1
2025-06-12 16:35:00,29.8
2025-06-12 07:03:00,48.1
2025-06-12 04:27:00,52.0
2025-06-12 11:39:00,42.0
2025-06-12 12:49:00,24.0
2025-06-12 15:06:00,39.2
2025-06-12 04:52:00,27.1
2025-06-12 11:25:00,19.0
2025-06-12 10:00:00,83.5
2025-06-12 07:48:00,100.0
2025-06-12 06:43:00,49.54963144963145
2025-06-12 00:39:00,18.5
2025-06-12 13:22:00,29.7
2025-06-12 18:07:00,39.7
2025-06-12 23:31:00,49.7
2025-06-12 01:28:00,39.1
2025-06-12 01:15:00,10.3
2025-06-12 10:23:00,63.9
2025-06-12 15:19:00,49.54963144963145
2025-06-12 03:02:00,49.54963144963145
2025-06-12 05:08:00,6.8
2025-06-12 13:34:00,51.3
2025-06-12 03:58:00,49.54963144963145
2025-06-12 21:53:00,24.0
2025-06-12 10:29:00,51.9
2025-06-12 13:14:00,72.0
2025-06-12 04:24:00,12.9
2025-06-12 01:27:00,49.54963144963145
2025-06-12 17:08:00,49.54963144963145
2025-06-12 12:00:00,39.7
2025-06-12 11:22:00,3.4
2025-06-12 02:13:00,97.1
2025-06-12 00:41:00,49.54963144963145
2025-06-12 21:10:00,44.0
2025-06-12 12:42:00,90.0
2025-06-12 01:40:00,86.6
2025-06-12 04:32:00,54.3
2025-06-12 21:43:00,60.2
2025-06-12 14:37:00,91.0
2025-06-12 05:01:00,77.3
2025-06-12 22:05:00,59.8
2025-06-12 19:39:00,35.9
2025-06-12 23:58:00,79.2
2025-06-12 21:19:00,80.7
2025-06-12 07:17:00,50.9
2025-06-12 19:58:00,30.4
2025-06-12 04:45:00,88.0
2025-06-12 01:14:00,18.2
2025-06-12 20:42:00,10.9
2025-06-12 16:07:00,98.7
2025-06-12 16:30:00,49.54963144963145
2025-06-12 23:58:00,14.9
2025-06-12 04:06:00,51.4
2025-06-12 05:37:00,77.4
2025-06-12 05:11:00,17.5
2025-06-12 21:35:00,85.2
2025-06-12 21:33:00,92.5
2025-06-12 20:11:00,24.0
2025-06-12 05:54:00,72.9
2025-06-12 11:46:00,91.7
2025-06-12 05:06:00,29.4
2025-06-12 07:48:00,61.9
2025-06-12 19:42:00,49.560128956623686
2025-06-12 21:04:00,46.8
2025-06-12 02:15:00,36.5
2025-06-12 01:07:00,49.560128956623686
2025-06-12 07:55:00,92.3
2025-06-12 15:48:00,68.9
2025-06-12 12:22:00,22.8
2025-06-12 14:53:00,49.560128956623686
2025-06-12 21:40:00,75.3
2025-06-12 03:53:00,12.1
2025-06-12 13:05:00,49.560128956623686
2025-06-12 13:53:00,4.3
2025-06-12 21:34:00,33.6
2025-06-12 01:25:00,8.9
2025-06-12 23:32:00,20.5
2025-06-12 17:41:00,66.7
2025-06-12 20:19:00,51.3
2025-06-12 12:17:00,35.4
2025-06-12 22:11:00,21.7
2025-06-12 15:45:00,49.560128956623686
2025-06-12 04:41:00,36.8
2025-06-12 19:50:00,49.560128956623686
2025-06-12 15:53:00,49.560128956623686
2025-06-12 17:26:00,26.2
2025-06-12 16:35:00,22.5
2025-06-12 07:45:00,44.0
2025-06-12 17:04:00,23.3
2025-06-12 04:05:00,49.560128956623686
2025-06-12 22:58:00,64.9
2025-06-12 05:24:00,43.1
2025-06-12 04:58:00,17.9
2025-06-12 12:41:00,53.6
2025-06-12 21:32:00,58.4
2025-06-12 22:08:00,49.560128956623686
2025-06-12 02:39:00,16.3
2025-06-12 05:08:00,49.560128956623686
2025-06-12 16:23:00,47.7
2025-06-12 16:42:00,44.4
2025-06-12 21:38:00,9.9
2025-06-12 11:33:00,20.8
2025-06-12 11:19:00,72.9
2025-06-12 16:45:00,39.2
2025-06-12 11:05:00,12.9
2025-06-12 11:12:00,95.0
2025-06-12 07:59:00,4.7
2025-06-12 15:57:00,70.6
2025-06-12 22:00:00,13.4
2025-06-12 02:50:00,56.0
2025-06-12 18:12:00,35.3
2025-06-12 15:00:00,40.3
2025-06-12 11:20:00,0.7
2025-06-12 15:17:00,9.3
2025-06-12 15:53:00,96.1
2025-06-12 21:29:00,8.6
2025-06-12 02:00:00,8.3
2025-06-12 22:41:00,51.1
2025-06-12 12:48:00,84.9
2025-06-12 14:44:00,38.1
2025-06-12 16:44:00,26.0
2025-06-12 05:17:00,62.6
2025-06-12 02:54:00,49.560128956623686
2025-06-12 11:26:00,13.9
2025-06-12 01:09:00,6.4
2025-06-12 22:20:00,49.560128956623686
2025-06-12 01:22:00,12.2
2025-06-12 08:47:00,8.4
2025-06-12 01:32:00,10.2
2025-06-12 12:25:00,49.560128956623686
2025-06-12 04:45:00,49.560128956623686
2025-06-12 09:03:00,49.560128956623686
2025-06-12 04:05:00,36.8
2025-06-12 00:57:00,94.5
2025-06-12 17:28:00,49.560128956623686
2025-06-12 18:35:00,70.4
2025-06-12 10:54:00,63.6
2025-06-12 07:33:00,41.9
2025-06-12 17:04:00,15.6
2025-06-12 01:58:00,2.7
2025-06-12 19:55:00,2.1
2025-06-12 10:21:00,97.5
2025-06-12 14:05:00,43.1
2025-06-12 18:57:00,35.7
2025-06-12 00:38:00,68.2
2025-06-12 05:20:00,53.4
2025-06-12 14:00:00,52.4
2025-06-12 05:49:00,20.8
2025-06-12 11:36:00,76.4
2025-06-12 07:11:00,17.7
2025-06-12 08:15:00,16.0
2025-06-12 21:15:00,88.0
2025-06-12 14:08:00,35.2
2025-06-12 02:33:00,49.560128956623686
2025-06-12 15:43:00,9.0
2025-06-12 22:45:00,82.0
2025-06-12 14:43:00,25.0
2025-06-12 06:04:00,76.4
2025-06-12 17:50:00,44.1
2025-06-12 15:07:00,7.2
2025-06-12 19:09:00,23.8
2025-06-12 13:03:00,97.3
2025-06-12 02:03:00,18.0
2025-06-12 12:56:00,33.1
2025-06-12 12:52:00,62.3
2025-06-12 09:35:00,80.3
2025-06-12 07:17:00,49.560128956623686
2025-06-12 23:41:00,75.0
2025-06-12 15:06:00,42.6
2025-06-12 12:13:00,23.1
2025-06-12 20:40:00,41.2
2025-06-12 01:30:00,11.7
2025-06-12 07:11:00,47.2
2025-06-12 15:34:00,87.9
2025-06-12 23:33:00,34.3
2025-06-12 22:45:00,85.6
2025-06-12 23:32:00,49.560128956623686
2025-06-12 05:36:00,77.6
2025-06-12 07:24:00,99.0
2025-06-12 17:32:00,3.8
2025-06-12 14:58:00,49.560128956623686
2025-06-12 16:06:00,29.3
2025-06-12 02:09:00,62.4
2025-06-12 07:25:00,40.4
2025-06-12 04:14:00,26.2
2025-06-12 13:01:00,39.6
2025-06-12 11:13:00,49.560128956623686
2025-06-12 12:32:00,35.2
2025-06-12 04:12:00,34.7
2025-06-12 14:41:00,49.560128956623686
2025-06-12 21:25:00,4.9
2025-06-12 20:49:00,53.6
2025-06-12 21:50:00,61.7
2025-06-12 22:42:00,94.5
2025-06-12 00:40:00,50.8
2025-06-12 17:41:00,49.560128956623686
2025-06-12 00:51:00,49.560128956623686
2025-06-12 23:41:00,40.9
2025-06-12 18:29:00,42.7
2025-06-12 01:50:00,1.8
2025-06-12 07:30:00,47.3
2025-06-12 21:02:00,29.7
2025-06-12 02:18:00,65.6
2025-06-12 09:44:00,49.560128956623686
2025-06-12 09:52:00,43.4
2025-06-12 06:57:00,14.6
2025-06-12 19:54:00,61.2
2025-06-12 06:06:00,49.560128956623686
2025-06-12 22:24:00,1.4
2025-06-12 11:02:00,54.0
2025-06-12 19:53:00,85.9
2025-06-12 15:27:00,64.7
2025-06-12 05:59:00,54.6
2025-06-12 21:34:00,49.560128956623686
2025-06-12 15:03:00,86.7
2025-06-12 21:46:00,84.8
2025-06-12 04:59:00,86.3
2025-06-12 07:04:00,78.1
2025-06-12 14:22:00,44.0
2025-06-12 14:45:00,2.4
2025-06-12 02:13:00,87.0
2025-06-12 12:18:00,20.1
2025-06-12 03:31:00,33.1
2025-06-12 05:40:00,67.1
2025-06-12 21:25:00,4.2
2025-06-12 22:24:00,79.0
2025-06-12 03:59:00,17.5
2025-06-12 12:58:00,77.6
2025-06-12 19:09:00,4.4
2025-06-12 23:40:00,94.3
2025-06-12 06:20:00,37.4
2025-06-12 20:16:00,9.6
2025-06-12 03:29:00,7.9
2025-06-12 15:50:00,36.3
2025-06-12 16:48:00,59.1
2025-06-12 21:18:00,8.0
2025-06-12 08:05:00,66.2
2025-06-12 03:54:00,3.2
2025-06-12 12:44:00,49.560128956623686
2025-06-12 08:09:00,49.560128956623686
2025-06-12 20:42:00,86.9
2025-06-12 03:28:00,34.0
2025-06-12 08:42:00,60.4
2025-06-12 05:49:00,67.7
2025-06-12 22:30:00,79.4
2025-06-12 13:49:00,65.9
2025-06-12 23:50:00,40.0
2025-06-12 00:28:00,53.8
2025-06-12 14:34:00,65.4
2025-06-12 11:43:00,22.4
2025-06-12 12:24:00,49.560128956623686
2025-06-12 17:33:00,96.7
2025-06-12 20:32:00,60.0
2025-06-12 13:43:00,31.7
2025-06-12 05:16:00,49.560128956623686
2025-06-12 00:24:00,49.560128956623686
2025-06-12 06:38:00,49.0
2025-06-12 08:09:00,91.7
2025-06-12 05:58:00,22.9
2025-06-12 17:49:00,24.0
2025-06-12 19:42:00,26.3
2025-06-12 21:47:00,32.2
2025-06-12 07:25:00,72.8
2025-06-12 12:53:00,30.5
2025-06-12 14:04:00,49.560128956623686
2025-06-12 00:31:00,46.5
2025-06-12 20:51:00,67.4
2025-06-12 00:41:00,81.8
2025-06-12 17:58:00,97.1
2025-06-12 14:42:00,9.7
2025-06-12 10:42:00,73.8
2025-06-12 16:07:00,32.6
2025-06-12 22:14:00,40.6
2025-06-12 19:44:00,14.8
2025-06-12 13:02:00,80.2
2025-06-12 01:19:00,11.2
2025-06-12 07:12:00,44.6
2025-06-12 00:00:00,3.0
2025-06-12 19:28:00,92.2
2025-06-12 02:01:00,9.5
2025-06-12 09:46:00,17.3
2025-06-12 00:20:00,49.560128956623686
2025-06-12 08:30:00,39.2
2025-06-12 09:15:00,66.8
2025-06-12 09:21:00,21.7
2025-06-12 21:24:00,49.560128956623686
2025-06-12 21:49:00,84.0
2025-06-12 17:24:00,34.4
2025-06-12 09:38:00,46.5
2025-06-12 21:30:00,24.0
2025-06-12 19:57:00,42.7
2025-06-12 20:51:00,49.560128956623686
2025-06-12 03:54:00,2.5
2025-06-12 10:50:00,49.560128956623686
2025-06-12 14:51:00,85.5
2025-06-12 13:08:00,31.9
2025-06-12 08:13:00,99.5
2025-06-12 15:52:00,85.5
2025-06-12 17:08:00,77.9
2025-06-12 09:13:00,22.7
2025-06-12 20:17:00,0.1
2025-06-12 13:17:00,80.7
2025-06-12 13:10:00,35.3
2025-06-12 23:30:00,9.0
2025-06-12 14:21:00,6.1
2025-06-12 06:41:00,4.3
2025-06-12 14:56:00,28.6
2025-06-12 01:03:00,96.9
2025-06-12 21:15:00,25.6
2025-06-12 21:29:00,49.560128956623686
2025-06-12 10:51:00,25.3
2025-06-12 16:25:00,69.4
2025-06-12 15:10:00,95.1
2025-06-12 22:10:00,49.2
2025-06-12 13:44:00,87.9
2025-06-12 10:26:00,58.1
2025-06-12 11:24:00,24.2
2025-06-12 11:55:00,93.3
2025-06-12 10:13:00,1.7
2025-06-12 00:36:00,2.9
2025-06-12 20:28:00,92.2
2025-06-12 17:41:00,19.9
2025-06-12 17:09:00,49.560128956623686
2025-06-12 08:26:00,24.1
2025-06-12 23:54:00,19.3
2025-06-12 23:11:00,22.1
2025-06-12 13:27:00,49.560128956623686
2025-06-12 15:01:00,50.2
2025-06-12 09:10:00,82.0
2025-06-12 03:21:00,44.0
2025-06-12 14:34:00,45.0
2025-06-12 05:43:00,18.3
2025-06-12 20:53:00,25.0
2025-06-12 01:43:00,64.1
2025-06-12 19:31:00,12.6
2025-06-12 21:38:00,49.560128956623686
2025-06-12 18:01:00,66.6
2025-06-12 00:53:00,53.3
2025-06-12 23:36:00,98.5
2025-06-12 13:41:00,40.2
2025-06-12 00:12:00,91.3
2025-06-12 15:29:00,76.7
2025-06-12 16:58:00,63.7
2025-06-12 08:22:00,49.560128956623686
2025-06-12 04:18:00,60.1
2025-06-12 09:05:00,49.9
2025-06-12 22:25:00,83.0
2025-06-12 20:39:00,35.7
2025-06-12 11:58:00,49.560128956623686
2025-06-12 23:43:00,46.2
2025-06-12 05:00:00,12.2
2025-06-12 22:35:00,23.0
2025-06-12 18:13:00,90.0
2025-06-12 04:22:00,31.9
2025-06-12 04:34:00,4.2
2025-06-12 05:46:00,58.9
2025-06-12 18:34:00,91.3
2025-06-12 03:20:00,59.3
2025-06-12 01:47:00,44.0
2025-06-12 03:42:00,56.9
2025-06-12 01:46:00,49.560128956623686
2025-06-12 21:31:00,36.9
2025-06-12 01:28:00,49.560128956623686
2025-06-12 04:37:00,20.8
2025-06-12 00:34:00,64.8
2025-06-12 16:55:00,88.8
2025-06-12 17:24:00,64.7
2025-06-12 13:46:00,4.8
2025-06-12 22:31:00,94.0
2025-06-12 07:14:00,29.2
2025-06-12 07:43:00,4.5
2025-06-12 02:26:00,14.8
2025-06-12 06:03:00,67.6
2025-06-12 11:07:00,75.3
2025-06-12 22:13:00,19.7
2025-06-12 08:17:00,83.3
2025-06-12 00:23:00,72.7
2025-06-12 02:53:00,41.7
2025-06-12 07:28:00,80.3
2025-06-12 06:28:00,7.4
2025-06-12 16:50:00,3.8
2025-06-12 02:58:00,50.10277843742579
2025-06-12 06:03:00,20.7
2025-06-12 13:07:00,8.4
2025-06-12 14:23:00,90.4
2025-06-12 23:50:00,51.4
2025-06-12 08:19:00,80.3
2025-06-12 09:34:00,30.5
2025-06-12 19:34:00,83.5
2025-06-12 23:00:00,50.10277843742579
2025-06-12 06:55:00,81.2
2025-06-12 06:31:00,74.7
2025-06-12 19:30:00,39.0
2025-06-12 15:44:00,48.7
2025-06-12 18:44:00,72.0
2025-06-12 04:51:00,41.8
2025-06-12 11:06:00,42.1
2025-06-12 00:37:00,14.1
2025-06-12 00:30:00,96.8
2025-06-12 04:42:00,79.8
2025-06-12 00:52:00,23.0
2025-06-12 16:30:00,24.0
2025-06-12 10:49:00,93.1
2025-06-12 08:49:00,55.1
2025-06-12 02:50:00,20.2
2025-06-12 18:32:00,50.10277843742579
2025-06-12 23:59:00,98.7
2025-06-12 11:02:00,68.2
2025-06-12 09:12:00,80.9
2025-06-12 05:40:00,63.6
2025-06-12 17:43:00,50.10277843742579
2025-06-12 10:35:00,7.9
2025-06-12 02:14:00,29.5
2025-06-12 10:20:00,22.7
2025-06-12 21:42:00,48.4
2025-06-12 00:47:00,71.3
2025-06-12 09:00:00,73.2
2025-06-12 14:08:00,34.5
2025-06-12 06:12:00,96.6
2025-06-12 22:18:00,94.8
2025-06-12 06:52:00,4.0
2025-06-12 06:43:00,50.10277843742579
2025-06-12 15:57:00,97.4
2025-06-12 19:35:00,83.8
2025-06-12 04:46:00,50.10277843742579
2025-06-12 23:34:00,86.4
2025-06-12 23:33:00,49.3
2025-06-12 11:18:00,59.2
2025-06-12 03:44:00,10.8
2025-06-12 03:53:00,5.2
2025-06-12 14:22:00,24.1
2025-06-12 17:22:00,79.0
2025-06-12 08:54:00,29.6
2025-06-12 15:04:00,18.7
2025-06-12 17:28:00,83.4
2025-06-12 10:11:00,2.2
2025-06-12 11:39:00,50.10277843742579
2025-06-12 18:09:00,33.4
2025-06-12 07:19:00,39.9
2025-06-12 04:06:00,33.1
2025-06-12 15:14:00,43.1
2025-06-12 01:30:00,16.1
2025-06-12 18:37:00,40.1
2025-06-12 16:11:00,50.10277843742579
2025-06-12 22:55:00,98.5
2025-06-12 05:03:00,84.5
2025-06-12 12:23:00,87.0
2025-06-12 20:07:00,16.1
2025-06-12 15:00:00,82.8
2025-06-12 04:54:00,50.10277843742579
2025-06-12 14:14:00,99.6
2025-06-12 04:46:00,26.4
2025-06-12 06:12:00,32.6
2025-06-12 03:22:00,46.1
2025-06-12 23:05:00,90.0
2025-06-12 19:08:00,56.7
2025-06-12 17:54:00,50.10277843742579
2025-06-12 22:16:00,50.10277843742579
2025-06-12 04:18:00,50.10277843742579
2025-06-12 15:27:00,50.10277843742579
2025-06-12 10:07:00,20.1
2025-06-12 06:03:00,66.3
2025-06-12 16:05:00,32.0
2025-06-12 18:39:00,8.6
2025-06-12 07:03:00,23.2
2025-06-12 03:49:00,15.4
2025-06-12 16:38:00,81.3
2025-06-12 12:49:00,36.2
2025-06-12 13:37:00,66.0
2025-06-12 14:51:00,18.6
2025-06-12 05:09:00,50.10277843742579
2025-06-12 04:36:00,50.10277843742579
2025-06-12 14:57:00,35.4
2025-06-12 19:38:00,50.10277843742579
2025-06-12 16:52:00,96.2
2025-06-12 08:52:00,80.8
2025-06-12 01:57:00,15.7
2025-06-12 12:06:00,78.5
2025-06-12 10:45:00,61.1
2025-06-12 09:18:00,36.9
2025-06-12 20:07:00,50.10277843742579
2025-06-12 02:47:00,65.1
2025-06-12 02:04:00,15.9
2025-06-12 01:24:00,34.7
2025-06-12 10:41:00,95.4
2025-06-12 04:41:00,7.6
2025-06-12 13:17:00,27.2
2025-06-12 03:55:00,50.10277843742579
2025-06-12 14:29:00,53.2
2025-06-12 05:16:00,42.5
2025-06-12 21:16:00,75.7
2025-06-12 09:49:00,83.4
2025-06-12 05:58:00,69.6
2025-06-12 10:22:00,42.8
2025-06-12 05:04:00,10.6
2025-06-12 14:59:00,86.2
2025-06-12 09:33:00,51.5
2025-06-12 22:59:00,39.7
2025-06-12 01:08:00,0.8
2025-06-12 07:48:00,4.5
2025-06-12 00:18:00,26.7
2025-06-12 22:31:00,31.3
2025-06-12 17:02:00,74.9
2025-06-12 07:06:00,45.5
2025-06-12 23:34:00,50.10277843742579
2025-06-12 00:16:00,50.10277843742579
2025-06-12 22:12:00,50.10277843742579
2025-06-12 18:55:00,50.10277843742579
2025-06-12 07:25:00,43.4
2025-06-12 14:07:00,84.5
2025-06-12 18:44:00,90.2
2025-06-12 02:09:00,97.9
2025-06-12 03:26:00,4.0
2025-06-12 10:37:00,86.7
2025-06-12 11:47:00,89.0
2025-06-12 21:50:00,95.5
2025-06-12 20:46:00,89.4
2025-06-12 11:12:00,4.8
2025-06-12 13:25:00,88.6
2025-06-12 14:21:00,50.10277843742579
2025-06-12 18:17:00,68.2
2025-06-12 02:36:00,50.10277843742579
2025-06-12 17:23:00,7.0
2025-06-12 16:09:00,71.0
2025-06-12 16:27:00,28.1
2025-06-12 12:07:00,15.9
2025-06-12 20:21:00,43.0
2025-06-12 19:58:00,64.5
2025-06-12 04:10:00,15.1
2025-06-12 01:09:00,45.2
2025-06-12 14:56:00,50.10277843742579
2025-06-12 18:46:00,50.10277843742579
2025-06-12 03:27:00,99.5
2025-06-12 05:48:00,12.9
2025-06-12 09:41:00,65.9
2025-06-12 11:12:00,3.5
2025-06-12 22:14:00,50.10277843742579
2025-06-12 07:31:00,49.5
2025-06-12 06:49:00,58.4
2025-06-12 04:36:00,55.2
2025-06-12 07:37:00,97.7
2025-06-12 06:59:00,70.7
2025-06-12 16:53:00,50.10277843742579
2025-06-12 04:59:00,13.9
2025-06-12 13:36:00,86.0
2025-06-12 21:27:00,50.10277843742579
2025-06-12 15:08:00,27.3
2025-06-12 05:54:00,50.10277843742579
2025-06-12 15:04:00,59.0
2025-06-12 05:58:00,27.8
2025-06-12 09:00:00,24.8
2025-06-12 08:07:00,26.4
2025-06-12 09:10:00,35.4
2025-06-12 00:01:00,50.10277843742579
2025-06-12 19:35:00,24.7
2025-06-12 21:20:00,10.6
2025-06-12 00:30:00,50.9
2025-06-12 20:56:00,43.3
2025-06-12 13:58:00,18.9
2025-06-12 16:01:00,50.10277843742579
2025-06-12 12:01:00,88.2
2025-06-12 09:15:00,75.7
2025-06-12 03:35:00,50.10277843742579
2025-06-12 03:33:00,97.5
2025-06-12 10:43:00,10.9
2025-06-12 13:33:00,49.7
2025-06-12 23:01:00,16.7
2025-06-12 12:15:00,13.4
2025-06-12 04:35:00,30.0
2025-06-12 07:11:00,35.4
2025-06-12 21:10:00,10.5
2025-06-12 19:00:00,60.4
2025-06-12 22:18:00,50.10277843742579
2025-06-12 14:26:00,50.10277843742579
2025-06-12 14:42:00,50.10277843742579
2025-06-12 12:37:00,48.3
2025-06-12 15:30:00,19.3
2025-06-12 12:36:00,26.7
2025-06-12 20:22:00,48.6
2025-06-12 00:28:00,7.2
2025-06-12 01:12:00,25.8
2025-06-12 12:22:00,43.2
2025-06-12 05:21:00,42.3
2025-06-12 09:09:00,50.10277843742579
2025-06-12 01:16:00,43.3
2025-06-12 22:50:00,19.4
2025-06-12 17:35:00,14.0
2025-06-12 16:44:00,6.6
2025-06-12 19:40:00,24.4
2025-06-12 06:11:00,68.7
2025-06-12 21:34:00,55.9
2025-06-12 22:45:00,50.10277843742579
2025-06-12 21:37:00,4.4
2025-06-12 23:25:00,85.6
2025-06-12 19:18:00,46.1
2025-06-12 15:56:00,15.9
2025-06-12 10:38:00,50.10277843742579
2025-06-12 07:48:00,85.9
2025-06-12 05:32:00,7.3
2025-06-12 07:54:00,39.8
2025-06-12 06:30:00,50.10277843742579
2025-06-12 06:31:00,53.6
2025-06-12 19:32:00,54.9
2025-06-12 11:53:00,36.8
2025-06-12 11:45:00,57.1
2025-06-12 15:53:00,2.6
2025-06-12 14:01:00,84.9
2025-06-12 19:49:00,85.3
2025-06-12 14:39:00,63.3
2025-06-12 14:39:00,39.2
2025-06-12 01:54:00,39.0
2025-06-12 10:48:00,65.3
2025-06-12 17:30:00,30.3
2025-06-12 13:03:00,50.10277843742579
2025-06-12 23:32:00,88.3
2025-06-12 06:48:00,11.1
2025-06-12 19:04:00,40.1
2025-06-12 23:07:00,46.2
2025-06-12 06:20:00,89.6
2025-06-12 13:39:00,93.2
2025-06-12 08:17:00,56.0
2025-06-12 23:49:00,98.0
2025-06-12 19:20:00,17.1
2025-06-12 21:50:00,65.2
2025-06-12 22:53:00,4.2
2025-06-12 01:51:00,50.10277843742579
2025-06-12 15:02:00,41.5
2025-06-12 22:57:00,40.0
2025-06-12 23:55:00,31.4
2025-06-12 20:01:00,53.2
2025-06-12 09:00:00,51.4
2025-06-12 17:01:00,7.2
2025-06-12 12:24:00,22.2
2025-06-12 12:01:00,7.4
2025-06-12 03:37:00,46.9
2025-06-12 20:48:00,53.0
2025-06-12 21:53:00,66.6
2025-06-12 00:23:00,82.3
2025-06-12 03:44:00,18.7
2025-06-12 17:31:00,84.3
2025-06-12 01:19:00,32.0
2025-06-12 03:39:00,50.10277843742579
2025-06-12 11:40:00,50.10277843742579
2025-06-12 14:14:00,58.7
2025-06-12 09:30:00,1.4
2025-06-12 15:35:00,15.2
2025-06-12 17:48:00,9.0
2025-06-12 08:54:00,16.4
2025-06-12 03:14:00,28.5
2025-06-12 10:36:00,50.10277843742579
2025-06-12 16:29:00,19.9
2025-06-12 13:30:00,13.9
2025-06-12 13:18:00,95.9
2025-06-12 11:46:00,24.5
2025-06-12 11:00:00,73.6
2025-06-12 03:03:00,87.5
2025-06-12 03:30:00,65.3
2025-06-12 00:11:00,24.3
2025-06-12 17:15:00,89.1
2025-06-12 13:16:00,12.4
2025-06-12 01:40:00,5.2
2025-06-12 17:10:00,50.10277843742579
2025-06-12 11:07:00,90.4
2025-06-12 05:27:00,50.10277843742579
2025-06-12 19:26:00,0.4
2025-06-12 13:31:00,50.10277843742579
2025-06-12 01:41:00,50.2
2025-06-12 20:40:00,75.6
2025-06-12 16:20:00,37.3
2025-06-12 00:47:00,95.0
2025-06-12 19:57:00,21.3
2025-06-12 21:37:00,65.2
2025-06-12 13:25:00,86.4
2025-06-12 05:35:00,50.10277843742579
2025-06-12 11:23:00,4.0
2025-06-12 21:22:00,59.5
2025-06-12 03:36:00,47.6
2025-06-12 07:22:00,14.7
2025-06-12 00:27:00,97.4
2025-06-12 19:30:00,96.2
2025-06-12 02:18:00,99.3
2025-06-12 00:22:00,30.8
2025-06-12 01:20:00,44.1
2025-06-12 23:08:00,61.3
2025-06-12 04:57:00,4.1
2025-06-12 18:15:00,15.9
2025-06-12 10:16:00,28.2
2025-06-12 22:20:00,37.3
2025-06-12 21:30:00,28.4
2025-06-12 11:56:00,32.1
2025-06-12 06:48:00,50.10277843742579
2025-06-12 15:31:00,64.6
2025-06-12 21:42:00,33.3
2025-06-12 01:16:00,96.3
2025-06-12 13:35:00,59.0
2025-06-12 00:26:00,29.7
2025-06-12 09:17:00,50.10277843742579
2025-06-12 00:51:00,96.8
2025-06-12 21:12:00,20.3
2025-06-12 03:25:00,57.0
2025-06-12 20:48:00,72.5
2025-06-12 00:00:00,18.7
2025-06-12 11:58:00,66.6
2025-06-12 03:07:00,17.4
2025-06-12 05:15:00,25.8
2025-06-12 22:21:00,75.1
2025-06-12 01:31:00,72.6
2025-06-12 13:52:00,62.7
2025-06-12 07:19:00,58.9
2025-06-12 09:08:00,19.8
2025-06-12 00:30:00,6.6
2025-06-12 18:42:00,35.1
2025-06-12 16:24:00,84.0
2025-06-12 08:39:00,18.1
2025-06-12 18:53:00,39.6
2025-06-12 21:00:00,39.6
2025-06-12 10:07:00,54.0
2025-06-12 07:10:00,19.1
2025-06-12 22:25:00,74.6
2025-06-12 13:59:00,53.6
2025-06-12 04:01:00,77.8
2025-06-12 09:10:00,49.2
2025-06-12 13:44:00,49.85036359371334
2025-06-12 14:32:00,13.6
2025-06-12 18:24:00,54.0
2025-06-12 06:30:00,30.8
2025-06-12 00:39:00,11.7
2025-06-12 13:19:00,14.4
2025-06-12 13:30:00,49.85036359371334
2025-06-12 00:42:00,37.5
2025-06-12 06:44:00,24.6
2025-06-12 02:27:00,83.2
2025-06-12 10:07:00,93.3
2025-06-12 12:00:00,96.9
2025-06-12 23:14:00,68.1
2025-06-12 18:53:00,28.8
2025-06-12 18:17:00,69.5
2025-06-12 06:36:00,49.85036359371334
2025-06-12 03:59:00,37.9
2025-06-12 05:00:00,75.8
2025-06-12 03:20:00,84.5
2025-06-12 23:23:00,21.0
2025-06-12 03:58:00,94.0
2025-06-12 03:57:00,41.9
2025-06-12 03:21:00,35.2
2025-06-12 16:10:00,49.85036359371334
2025-06-12 07:48:00,85.1
2025-06-12 17:57:00,57.2
2025-06-12 20:44:00,40.3
2025-06-12 06:58:00,49.85036359371334
2025-06-12 21:56:00,49.85036359371334
2025-06-12 12:52:00,12.7
2025-06-12 00:57:00,4.2
2025-06-12 12:55:00,49.85036359371334
2025-06-12 16:09:00,49.1
2025-06-12 07:32:00,60.8
2025-06-12 08:40:00,96.3
2025-06-12 23:20:00,80.7
2025-06-12 19:46:00,57.7
2025-06-12 03:59:00,39.0
2025-06-12 02:46:00,61.3
2025-06-12 22:19:00,37.5
2025-06-12 00:01:00,77.7
2025-06-12 06:31:00,39.4
2025-06-12 02:44:00,28.3
2025-06-12 03:47:00,96.8
2025-06-12 06:53:00,0.2
2025-06-12 21:18:00,14.6
2025-06-12 22:32:00,77.1
2025-06-12 09:35:00,98.9
2025-06-12 10:29:00,62.6
2025-06-12 18:55:00,22.0
2025-06-12 20:21:00,78.3
2025-06-12 05:35:00,70.6
2025-06-12 01:08:00,49.85036359371334
2025-06-12 07:44:00,49.85036359371334
2025-06-12 20:23:00,68.1
2025-06-12 10:21:00,67.2
2025-06-12 11:10:00,49.85036359371334
2025-06-12 19:33:00,63.9
2025-06-12 20:45:00,38.2
2025-06-12 09:54:00,10.2
2025-06-12 02:35:00,95.9
2025-06-12 03:21:00,3.6
2025-06-12 01:57:00,33.2
2025-06-12 16:18:00,49.85036359371334
2025-06-12 08:29:00,3.8
2025-06-12 07:06:00,36.2
2025-06-12 01:23:00,12.7
2025-06-12 18:43:00,84.3
2025-06-12 23:03:00,49.85036359371334
2025-06-12 21:54:00,2.0
2025-06-12 06:52:00,46.6
2025-06-12 17:20:00,49.85036359371334
2025-06-12 13:20:00,2.6
2025-06-12 04:45:00,49.85036359371334
2025-06-12 20:53:00,49.85036359371334
2025-06-12 10:49:00,18.2
2025-06-12 04:13:00,6.9
2025-06-12 22:03:00,93.5
2025-06-12 05:31:00,59.7
2025-06-12 22:38:00,51.5
2025-06-12 04:51:00,57.4
2025-06-12 16:03:00,49.85036359371334
2025-06-12 23:57:00,94.4
2025-06-12 03:14:00,50.0
2025-06-12 06:19:00,22.2
2025-06-12 15:14:00,84.8
2025-06-12 14:19:00,49.85036359371334
2025-06-12 22:25:00,91.0
2025-06-12 18:42:00,40.9
2025-06-12 09:26:00,21.1
2025-06-12 12:11:00,49.85036359371334
2025-06-12 01:19:00,33.0
2025-06-12 17:57:00,11.5
2025-06-12 16:27:00,29.9
2025-06-12 10:37:00,55.6
2025-06-12 00:03:00,79.1
2025-06-12 13:08:00,13.7
2025-06-12 22:15:00,49.85036359371334
2025-06-12 17:43:00,42.4
2025-06-12 08:36:00,49.85036359371334
2025-06-12 23:12:00,49.85036359371334
2025-06-12 20:15:00,49.85036359371334
2025-06-12 08:12:00,78.7
2025-06-12 13:24:00,90.8
2025-06-12 07:05:00,66.7
2025-06-12 06:52:00,40.0
2025-06-12 19:40:00,49.85036359371334
2025-06-12 03:40:00,74.4
2025-06-12 21:57:00,42.0
2025-06-12 15:57:00,38.3
2025-06-12 06:56:00,90.8
2025-06-12 00:14:00,46.5
2025-06-12 12:21:00,48.6
2025-06-12 11:25:00,56.5
2025-06-12 19:14:00,59.4
2025-06-12 15:54:00,6.4
2025-06-12 21:07:00,14.2
2025-06-12 04:49:00,84.2
2025-06-12 09:01:00,97.4
2025-06-12 20:38:00,79.9
2025-06-12 17:37:00,86.8
2025-06-12 07:35:00,22.5
2025-06-12 13:40:00,14.7
2025-06-12 17:08:00,41.5
2025-06-12 21:10:00,55.4
2025-06-12 01:13:00,88.4
2025-06-12 14:08:00,43.6
2025-06-12 15:07:00,52.1
2025-06-12 23:15:00,49.85036359371334
2025-06-12 09:08:00,5.3
2025-06-12 15:49:00,13.1
2025-06-12 06:14:00,14.6
2025-06-12 17:53:00,36.8
2025-06-12 02:20:00,49.85036359371334
2025-06-12 21:15:00,53.1
2025-06-12 02:50:00,14.0
2025-06-12 04:55:00,68.8
2025-06-12 07:53:00,87.0
2025-06-12 07:10:00,32.7
2025-06-12 06:26:00,21.5
2025-06-12 10:28:00,49.85036359371334
2025-06-12 19:12:00,99.7
2025-06-12 15:23:00,24.5
2025-06-12 14:44:00,29.0
2025-06-12 10:41:00,71.7
2025-06-12 13:50:00,74.9
2025-06-12 02:47:00,89.0
2025-06-12 01:21:00,10.1
2025-06-12 21:23:00,14.1
2025-06-12 07:37:00,22.5
2025-06-12 07:53:00,66.1
2025-06-12 13:45:00,86.5
2025-06-12 04:48:00,54.4
2025-06-12 08:09:00,16.2
2025-06-12 19:15:00,68.4
2025-06-12 00:42:00,3.9
2025-06-12 18:34:00,26.9
2025-06-12 02:18:00,29.0
2025-06-12 07:17:00,91.7
2025-06-12 12:20:00,39.9
2025-06-12 11:52:00,35.9
2025-06-12 18:01:00,6.8
2025-06-12 17:12:00,24.3
2025-06-12 01:17:00,99.2
2025-06-12 00:07:00,59.7
2025-06-12 19:40:00,49.85036359371334
2025-06-12 13:30:00,13.5
2025-06-12 19:25:00,42.3
2025-06-12 00:54:00,61.5
2025-06-12 08:14:00,29.2
2025-06-12 20:23:00,41.8
2025-06-12 23:43:00,49.85036359371334
2025-06-12 00:34:00,1.2
2025-06-12 14:16:00,68.8
2025-06-12 10:14:00,21.8
2025-06-12 04:04:00,94.4
2025-06-12 02:21:00,9.5
2025-06-12 06:17:00,26.6
2025-06-12 16:33:00,49.85036359371334
2025-06-12 14:29:00,37.2
2025-06-12 10:37:00,31.3
2025-06-12 20:36:00,52.6
2025-06-12 09:37:00,25.1
2025-06-12 10:21:00,17.5
2025-06-12 09:55:00,42.8
2025-06-12 17:14:00,12.1
2025-06-12 14:15:00,2.9
2025-06-12 14:17:00,49.85036359371334
2025-06-12 09:37:00,49.5
2025-06-12 23:28:00,24.3
2025-06-12 23:38:00,29.2
2025-06-12 04:52:00,10.8
2025-06-12 13:41:00,91.2
2025-06-12 20:28:00,13.6
2025-06-12 10:42:00,33.4
2025-06-12 08:04:00,65.5
2025-06-12 20:05:00,83.4
2025-06-12 15:23:00,37.2
2025-06-12 16:26:00,52.6
2025-06-12 19:23:00,49.85036359371334
2025-06-12 08:39:00,19.4
2025-06-12 09:00:00,13.6
2025-06-12 00:40:00,86.8
2025-06-12 16:15:00,18.2
2025-06-12 18:03:00,67.2
2025-06-12 01:10:00,79.1
2025-06-12 21:50:00,47.3
2025-06-12 07:16:00,9.2
2025-06-12 09:33:00,8.2
2025-06-12 12:40:00,1.8
2025-06-12 23:08:00,88.1
2025-06-12 06:19:00,87.0
2025-06-12 14:02:00,85.1
2025-06-12 08:15:00,60.8
2025-06-12 14:35:00,49.8
2025-06-12 18:20:00,49.85036359371334
2025-06-12 01:05:00,49.85036359371334
2025-06-12 16:25:00,53.0
2025-06-12 18:02:00,18.9
2025-06-12 12:47:00,10.2
2025-06-12 12:25:00,49.85036359371334
2025-06-12 14:09:00,51.5
2025-06-12 20:27:00,49.85036359371334
2025-06-12 08:57:00,64.6
2025-06-12 09:09:00,57.0
2025-06-12 06:09:00,83.9
2025-06-12 14:02:00,2.7
2025-06-12 12:36:00,71.1
2025-06-12 10:20:00,13.6
2025-06-12 22:42:00,96.8
2025-06-12 05:41:00,49.85036359371334
2025-06-12 04:04:00,80.9
2025-06-12 04:57:00,79.0
2025-06-12 21:32:00,49.85036359371334
2025-06-12 08:36:00,49.6
2025-06-12 22:18:00,76.2
2025-06-12 05:48:00,73.1
2025-06-12 08:09:00,49.85036359371334
2025-06-12 05:58:00,66.2
2025-06-12 01:23:00,28.9
2025-06-12 16:22:00,36.4
2025-06-12 15:59:00,79.1
2025-06-12 00:43:00,97.5
2025-06-12 21:39:00,33.5
2025-06-12 18:42:00,49.85036359371334
2025-06-12 13:48:00,93.4
2025-06-12 20:09:00,79.6
2025-06-12 03:55:00,75.4
2025-06-12 02:53:00,60.9
2025-06-12 23:25:00,51.2
2025-06-12 17:31:00,45.4
2025-06-12 00:33:00,35.0
2025-06-12 02:23:00,64.0
2025-06-12 00:21:00,56.4
2025-06-12 15:44:00,39.5
2025-06-12 04:12:00,28.1
2025-06-12 22:44:00,16.8
2025-06-12 07:45:00,17.9
2025-06-12 22:14:00,46.4
2025-06-12 18:58:00,33.0
2025-06-12 22:08:00,8.4
2025-06-12 15:45:00,94.0
2025-06-12 08:42:00,49.85036359371334
2025-06-12 21:01:00,97.4
2025-06-12 23:06:00,98.9
2025-06-12 20:09:00,64.2
2025-06-12 15:27:00,14.7
2025-06-12 08:19:00,41.0
2025-06-12 17:32:00,30.8
2025-06-12 10:26:00,57.4
2025-06-12 15:32:00,45.6
2025-06-12 11:26:00,68.5
2025-06-12 14:35:00,88.3
2025-06-12 04:19:00,49.85036359371334
2025-06-12 01:02:00,49.85036359371334
2025-06-12 12:44:00,94.2
2025-06-12 23:49:00,15.5
2025-06-12 19:15:00,25.8
2025-06-12 04:45:00,75.8
2025-06-12 02:56:00,49.85036359371334
2025-06-12 20:50:00,26.3
2025-06-12 09:53:00,3.2
2025-06-12 00:54:00,63.2
2025-06-12 19:28:00,9.6
2025-06-12 15:26:00,58.4
2025-06-12 00:30:00,39.5
2025-06-12 19:23:00,76.6
2025-06-12 10:13:00,25.9
2025-06-12 00:31:00,44.8
2025-06-12 15:37:00,51.2
2025-06-12 13:10:00,16.4
2025-06-12 07:05:00,0.5
2025-06-12 14:12:00,62.3
2025-06-12 03:18:00,18.6
2025-06-12 10:23:00,6.5
2025-06-12 03:51:00,49.85036359371334
2025-06-12 21:14:00,92.4
2025-06-12 12:20:00,70.2
2025-06-12 09:14:00,55.6
2025-06-12 06:14:00,34.4
2025-06-12 03:07:00,86.8
2025-06-12 08:23:00,72.8
2025-06-12 15:17:00,35.5
2025-06-12 05:33:00,31.6
2025-06-12 16:06:00,1.9
2025-06-12 23:59:00,78.7
2025-06-12 10:16:00,63.6
2025-06-12 00:25:00,28.5
2025-06-12 15:31:00,0.9
2025-06-12 08:12:00,65.3
2025-06-12 05:10:00,11.3
2025-06-12 03:12:00,26.1
2025-06-12 06:58:00,45.7
2025-06-12 06:03:00,68.6
2025-06-12 01:31:00,21.1
2025-06-12 20:50:00,42.2
2025-06-12 15:17:00,65.0
2025-06-12 13:18:00,49.85036359371334
2025-06-12 08:52:00,23.5
2025-06-12 12:34:00,40.8
2025-06-12 12:04:00,22.3
2025-06-12 03:57:00,74.2
2025-06-12 09:10:00,36.8
2025-06-12 10:28:00,56.5
2025-06-12 06:23:00,49.85036359371334
2025-06-12 13:35:00,63.7
2025-06-12 19:15:00,54.5
2025-06-12 08:36:00,39.5
2025-06-12 15:34:00,67.1
2025-06-12 04:03:00,77.7
2025-06-12 20:50:00,8.4
2025-06-12 07:40:00,19.1
2025-06-12 21:30:00,63.0
2025-06-12 03:36:00,40.9
2025-06-12 02:25:00,86.4
2025-06-12 07:34:00,1.3
2025-06-12 04:16:00,65.0
2025-06-12 01:02:00,21.6
2025-06-12 19:37:00,7.1
2025-06-12 11:08:00,39.3
2025-06-12 21:35:00,26.3
2025-06-12 23:21:00,29.0
2025-06-12 17:41:00,83.0
2025-06-12 01:25:00,49.85036359371334
2025-06-12 20:33:00,24.9
2025-06-12 04:43:00,5.5
2025-06-12 08:54:00,61.4
2025-06-12 19:45:00,99.1
2025-06-12 18:43:00,38.8
2025-06-12 13:22:00,14.1
2025-06-12 15:37:00,51.3
2025-06-12 04:07:00,19.6
2025-06-12 05:48:00,41.1
2025-06-12 01:36:00,25.2
2025-06-12 12:05:00,40.7
2025-06-12 02:21:00,16.3
2025-06-12 22:26:00,93.0
2025-06-12 17:30:00,100.0
2025-06-12 18:29:00,40.1
2025-06-12 02:15:00,68.8
2025-06-12 09:52:00,2.6
2025-06-12 23:16:00,8.2
2025-06-12 07:54:00,11.4
2025-06-12 13:24:00,37.4
2025-06-12 09:24:00,21.4
2025-06-12 08:42:00,51.3
2025-06-12 20:24:00,50.02337935876432
2025-06-12 02:25:00,93.4
2025-06-12 17:25:00,50.02337935876432
2025-06-12 15:36:00,71.3
2025-06-12 12:39:00,60.8
2025-06-12 11:25:00,54.0
2025-06-12 16:46:00,98.7
2025-06-12 02:25:00,18.7
2025-06-12 07:07:00,61.5
2025-06-12 02:09:00,12.5
2025-06-12 13:30:00,39.3
2025-06-12 03:07:00,16.8
2025-06-12 18:42:00,71.3
2025-06-12 19:57:00,50.02337935876432
2025-06-12 08:31:00,50.02337935876432
2025-06-12 12:35:00,7.9
2025-06-12 23:53:00,33.1
2025-06-12 08:34:00,50.02337935876432
2025-06-12 11:47:00,84.6
2025-06-12 12:52:00,33.0
2025-06-12 23:35:00,99.0
2025-06-12 18:49:00,4.6
2025-06-12 06:45:00,50.02337935876432
2025-06-12 08:04:00,58.6
2025-06-12 08:21:00,14.1
2025-06-12 07:26:00,6.1
2025-06-12 04:57:00,50.02337935876432
2025-06-12 18:10:00,52.3
2025-06-12 20:44:00,87.2
2025-06-12 10:39:00,27.2
2025-06-12 02:44:00,58.7
2025-06-12 01:33:00,17.8
2025-06-12 14:27:00,13.7
2025-06-12 16:27:00,94.5
2025-06-12 14:34:00,50.02337935876432
2025-06-12 01:48:00,50.02337935876432
2025-06-12 13:02:00,75.4
2025-06-12 23:08:00,50.02337935876432
2025-06-12 22:24:00,50.02337935876432
2025-06-12 15:53:00,50.02337935876432
2025-06-12 07:00:00,55.2
2025-06-12 09:49:00,14.3
2025-06-12 16:50:00,39.7
2025-06-12 14:35:00,73.9
2025-06-12 05:33:00,25.7
2025-06-12 13:42:00,82.3
2025-06-12 18:41:00,93.9
2025-06-12 05:20:00,62.3
2025-06-12 19:09:00,3.6
2025-06-12 18:05:00,9.5
2025-06-12 23:10:00,34.4
2025-06-12 10:53:00,50.02337935876432
2025-06-12 00:51:00,68.6
2025-06-12 22:25:00,29.0
2025-06-12 09:32:00,36.3
2025-06-12 20:59:00,50.02337935876432
2025-06-12 06:19:00,91.1
2025-06-12 01:17:00,50.02337935876432
2025-06-12 23:48:00,31.5
2025-06-12 12:21:00,47.1
2025-06-12 00:13:00,81.7
2025-06-12 04:40:00,82.1
2025-06-12 18:49:00,69.6
2025-06-12 03:13:00,54.2
2025-06-12 03:55:00,69.2
2025-06-12 09:23:00,92.6
2025-06-12 22:29:00,97.4
2025-06-12 07:48:00,40.8
2025-06-12 17:43:00,94.5
2025-06-12 18:06:00,76.4
2025-06-12 03:29:00,33.2
2025-06-12 02:15:00,17.7
2025-06-12 08:53:00,50.02337935876432
2025-06-12 14:02:00,78.5
2025-06-12 09:29:00,38.2
2025-06-12 06:43:00,50.02337935876432
2025-06-12 14:38:00,50.02337935876432
2025-06-12 09:08:00,61.1
2025-06-12 00:32:00,43.0
2025-06-12 02:57:00,46.8
2025-06-12 09:24:00,13.5
2025-06-12 21:10:00,10.3
2025-06-12 01:49:00,15.9
2025-06-12 07:04:00,46.8
2025-06-12 17:25:00,50.0
2025-06-12 01:28:00,77.0
2025-06-12 20:08:00,50.02337935876432
2025-06-12 08:26:00,81.0
2025-06-12 11:00:00,39.5
2025-06-12 15:27:00,80.7
2025-06-12 10:58:00,25.2
2025-06-12 06:25:00,12.3
2025-06-12 21:00:00,88.8
2025-06-12 09:55:00,44.5
2025-06-12 23:07:00,18.0
2025-06-12 23:51:00,1.5
2025-06-12 07:07:00,50.02337935876432
2025-06-12 05:58:00,13.4
2025-06-12 01:03:00,10.9
2025-06-12 02:54:00,50.02337935876432
2025-06-12 18:16:00,50.02337935876432
2025-06-12 09:11:00,73.3
2025-06-12 11:56:00,16.5
2025-06-12 04:26:00,56.1
2025-06-12 04:22:00,29.3
2025-06-12 00:36:00,50.02337935876432
2025-06-12 02:24:00,84.5
2025-06-12 21:56:00,34.6
2025-06-12 20:36:00,7.5
2025-06-12 14:40:00,96.7
2025-06-12 20:06:00,92.6
2025-06-12 21:30:00,50.02337935876432
2025-06-12 17:16:00,92.7
2025-06-12 10:18:00,91.1
2025-06-12 14:55:00,58.4
2025-06-12 20:06:00,76.0
2025-06-12 23:58:00,19.5
2025-06-12 15:19:00,77.6
2025-06-12 03:05:00,37.2
2025-06-12 10:01:00,72.2
2025-06-12 05:20:00,63.9
2025-06-12 11:13:00,21.4
2025-06-12 03:52:00,22.2
2025-06-12 08:32:00,54.0
2025-06-12 18:38:00,6.6
2025-06-12 21:51:00,97.9
2025-06-12 16:55:00,50.02337935876432
2025-06-12 04:30:00,50.02337935876432
2025-06-12 00:48:00,12.3
2025-06-12 06:53:00,23.7
2025-06-12 16:19:00,94.5
2025-06-12 03:05:00,26.4
2025-06-12 11:48:00,64.1
2025-06-12 19:53:00,86.8
2025-06-12 17:17:00,70.0
2025-06-12 21:46:00,84.5
2025-06-12 12:48:00,50.6
2025-06-12 06:20:00,4.7
2025-06-12 11:38:00,73.3
2025-06-12 14:07:00,28.7
2025-06-12 22:03:00,82.6
2025-06-12 14:06:00,49.6
2025-06-12 10:44:00,63.3
2025-06-12 14:59:00,80.3
2025-06-12 18:32:00,79.2
2025-06-12 08:01:00,8.6
2025-06-12 10:32:00,6.8
2025-06-12 01:54:00,50.02337935876432
2025-06-12 14:43:00,73.3
2025-06-12 06:14:00,89.4
2025-06-12 06:09:00,48.6
2025-06-12 16:44:00,26.7
2025-06-12 13:03:00,28.1
2025-06-12 06:07:00,18.4
2025-06-12 05:12:00,12.8
2025-06-12 02:07:00,93.8
2025-06-12 15:44:00,97.1
2025-06-12 19:36:00,76.8
2025-06-12 19:23:00,10.7
2025-06-12 16:54:00,16.8
2025-06-12 10:20:00,50.02337935876432
2025-06-12 18:22:00,50.02337935876432
2025-06-12 23:52:00,65.9
2025-06-12 06:50:00,62.7
2025-06-12 17:06:00,36.1
2025-06-12 11:38:00,69.7
2025-06-12 02:35:00,1.8
2025-06-12 11:40:00,93.5
2025-06-12 22:11:00,55.4
2025-06-12 04:15:00,56.5
2025-06-12 20:38:00,22.2
2025-06-12 11:24:00,66.3
2025-06-12 17:43:00,4.5
2025-06-12 17:26:00,13.1
2025-06-12 04:19:00,70.9
2025-06-12 02:41:00,42.7
2025-06-12 16:19:00,10.0
2025-06-12 20:56:00,92.9
2025-06-12 15:58:00,4.1
2025-06-12 21:30:00,56.9
2025-06-12 02:37:00,70.8
2025-06-12 12:03:00,47.2
2025-06-12 12:43:00,85.6
2025-06-12 04:28:00,21.1
2025-06-12 18:58:00,50.02337935876432
2025-06-12 01:03:00,84.3
2025-06-12 18:40:00,1.5
2025-06-12 18:17:00,6.0
2025-06-12 18:16:00,20.0
2025-06-12 18:31:00,10.9
2025-06-12 21:22:00,51.6
2025-06-12 06:42:00,28.3
2025-06-12 19:40:00,41.5
2025-06-12 05:31:00,50.02337935876432
2025-06-12 16:48:00,50.02337935876432
2025-06-12 03:37:00,77.6
2025-06-12 02:38:00,53.3
2025-06-12 17:51:00,19.1
2025-06-12 04:47:00,49.6
2025-06-12 10:27:00,50.02337935876432
2025-06-12 17:28:00,55.6
2025-06-12 18:56:00,83.9
2025-06-12 19:53:00,50.02337935876432
2025-06-12 03:31:00,50.02337935876432
2025-06-12 22:50:00,50.02337935876432
2025-06-12 12:49:00,35.1
2025-06-12 09:29:00,39.8
2025-06-12 05:18:00,50.02337935876432
2025-06-12 16:40:00,96.5
2025-06-12 20:44:00,78.1
2025-06-12 01:27:00,45.3
2025-06-12 00:32:00,89.8
2025-06-12 19:43:00,37.8
2025-06-12 08:28:00,22.6
2025-06-12 02:21:00,9.3
2025-06-12 03:58:00,22.4
2025-06-12 04:20:00,88.2
2025-06-12 21:44:00,94.8
2025-06-12 19:56:00,50.02337935876432
2025-06-12 19:36:00,2.1
2025-06-12 19:17:00,98.4
2025-06-12 05:22:00,50.02337935876432
2025-06-12 01:55:00,50.02337935876432
2025-06-12 02:12:00,50.02337935876432
2025-06-12 10:20:00,57.1
2025-06-12 02:11:00,50.02337935876432
2025-06-12 12:10:00,50.6
2025-06-12 17:11:00,68.5
2025-06-12 11:47:00,88.0
2025-06-12 05:51:00,6.0
2025-06-12 20:00:00,41.4
2025-06-12 13:36:00,64.9
2025-06-12 14:40:00,90.5
2025-06-12 04:14:00,99.4
2025-06-12 06:24:00,5.1
2025-06-12 08:26:00,3.8
2025-06-12 23:01:00,50.02337935876432
2025-06-12 09:20:00,50.02337935876432
2025-06-12 18:51:00,31.1
2025-06-12 02:57:00,60.3
2025-06-12 19:26:00,50.02337935876432
2025-06-12 14:42:00,8.1
2025-06-12 22:44:00,78.7
2025-06-12 15:41:00,98.4
2025-06-12 05:39:00,72.5
2025-06-12 15:50:00,73.1
2025-06-12 06:15:00,50.02337935876432
2025-06-12 14:03:00,99.3
2025-06-12 20:53:00,18.1
2025-06-12 16:33:00,79.0
2025-06-12 18:32:00,83.5
2025-06-12 02:12:00,95.1
2025-06-12 03:14:00,35.1
2025-06-12 05:25:00,50.02337935876432
2025-06-12 22:44:00,81.4
2025-06-12 08:33:00,50.02337935876432
2025-06-12 21:23:00,75.3
2025-06-12 08:58:00,50.02337935876432
2025-06-12 16:17:00,28.6
2025-06-12 00:54:00,59.3
2025-06-12 20:11:00,21.3
2025-06-12 21:36:00,78.6
2025-06-12 07:05:00,7.0
2025-06-12 11:56:00,72.2
2025-06-12 07:29:00,50.02337935876432
2025-06-12 19:36:00,97.4
2025-06-12 17:32:00,27.2
2025-06-12 10:58:00,31.0
2025-06-12 12:07:00,62.9
2025-06-12 12:47:00,83.4
2025-06-12 15:58:00,22.0
2025-06-12 09:58:00,50.02337935876432
2025-06-12 11:11:00,20.8
2025-06-12 22:46:00,14.5
2025-06-12 03:43:00,45.5
2025-06-12 18:27:00,83.8
2025-06-12 14:36:00,50.02337935876432
2025-06-12 00:41:00,50.02337935876432
2025-06-12 14:09:00,42.0
2025-06-12 10:18:00,94.4
2025-06-12 20:13:00,76.9
2025-06-12 11:19:00,75.6
2025-06-12 06:51:00,91.9
2025-06-12 21:28:00,93.8
2025-06-12 07:46:00,52.4
2025-06-12 22:46:00,45.8
2025-06-12 10:41:00,8.3
2025-06-12 12:15:00,43.7
2025-06-12 06:35:00,7.7
2025-06-12 23:17:00,79.5
2025-06-12 15:15:00,11.7
2025-06-12 09:45:00,4.3
2025-06-12 00:43:00,90.9
2025-06-12 02:32:00,37.5
2025-06-12 08:17:00,41.1
2025-06-12 10:09:00,93.7
2025-06-12 09:10:00,68.1
2025-06-12 22:51:00,53.8
2025-06-12 10:59:00,74.8
2025-06-12 12:01:00,52.0
2025-06-12 07:03:00,60.3
2025-06-12 20:55:00,22.2
2025-06-12 17:22:00,10.2
2025-06-12 17:46:00,9.9
2025-06-12 12:17:00,79.8
2025-06-12 14:59:00,44.4
2025-06-12 15:44:00,73.1
2025-06-12 18:23:00,47.4
2025-06-12 04:23:00,70.7
2025-06-12 02:48:00,4.3
2025-06-12 09:29:00,26.0
2025-06-12 19:13:00,5.2
2025-06-12 23:27:00,50.19809456598448
2025-06-12 13:08:00,98.9
2025-06-12 12:02:00,50.19809456598448
2025-06-12 19:11:00,23.6
2025-06-12 07:18:00,25.6
2025-06-12 16:23:00,39.4
2025-06-12 12:49:00,50.19809456598448
2025-06-12 11:31:00,29.9
2025-06-12 07:48:00,78.3
2025-06-12 05:45:00,72.0
2025-06-12 13:45:00,95.0
2025-06-12 00:45:00,2.9
2025-06-12 12:40:00,64.6
2025-06-12 05:33:00,33.5
2025-06-12 05:23:00,19.4
2025-06-12 14:24:00,51.1
2025-06-12 05:35:00,45.6
2025-06-12 06:08:00,42.0
2025-06-12 16:40:00,98.6
2025-06-12 16:15:00,15.5
2025-06-12 07:48:00,50.19809456598448
2025-06-12 14:50:00,76.2
2025-06-12 01:59:00,99.0
2025-06-12 02:58:00,99.9
2025-06-12 18:00:00,81.0
2025-06-12 19:54:00,24.9
2025-06-12 13:55:00,98.7
2025-06-12 15:19:00,50.19809456598448
2025-06-12 03:54:00,25.7
2025-06-12 11:22:00,67.6
2025-06-12 16:39:00,74.3
2025-06-12 03:49:00,46.3
2025-06-12 01:06:00,4.7
2025-06-12 06:29:00,16.9
2025-06-12 19:51:00,38.4
2025-06-12 22:16:00,24.0
2025-06-12 04:19:00,73.8
2025-06-12 17:58:00,34.6
2025-06-12 18:45:00,82.0
2025-06-12 03:33:00,8.3
2025-06-12 11:26:00,34.9
2025-06-12 18:18:00,66.4
2025-06-12 11:43:00,50.19809456598448
2025-06-12 22:17:00,58.7
2025-06-12 18:45:00,50.19809456598448
2025-06-12 03:50:00,50.19809456598448
2025-06-12 13:04:00,68.9
2025-06-12 18:45:00,93.0
2025-06-12 16:12:00,62.4
2025-06-12 02:41:00,37.2
2025-06-12 23:45:00,50.19809456598448
2025-06-12 19:14:00,8.5
2025-06-12 12:10:00,59.6
2025-06-12 01:12:00,69.0
2025-06-12 16:53:00,78.4
2025-06-12 11:45:00,19.0
2025-06-12 22:10:00,50.19809456598448
2025-06-12 21:24:00,71.2
2025-06-12 23:57:00,17.7
2025-06-12 02:14:00,69.8
2025-06-12 13:37:00,92.3
2025-06-12 18:05:00,62.9
2025-06-12 22:31:00,52.6
2025-06-12 00:42:00,50.19809456598448
2025-06-12 14:47:00,96.2
2025-06-12 14:50:00,19.6
2025-06-12 19:02:00,55.3
2025-06-12 09:29:00,23.7
2025-06-12 01:03:00,15.7
2025-06-12 09:52:00,57.2
2025-06-12 14:46:00,53.3
2025-06-12 05:08:00,84.0
2025-06-12 05:09:00,7.2
2025-06-12 10:52:00,55.3
2025-06-12 05:28:00,7.2
2025-06-12 22:33:00,17.1
2025-06-12 18:40:00,27.4
2025-06-12 04:24:00,7.1
2025-06-12 08:57:00,12.4
2025-06-12 01:12:00,29.0
2025-06-12 16:46:00,49.4
2025-06-12 07:25:00,71.6
2025-06-12 22:33:00,51.7
2025-06-12 06:11:00,12.4
2025-06-12 20:01:00,50.19809456598448
2025-06-12 07:19:00,66.4
2025-06-12 17:44:00,50.19809456598448
2025-06-12 22:11:00,25.6
2025-06-12 18:36:00,32.3
2025-06-12 14:56:00,51.0
2025-06-12 14:03:00,81.1
2025-06-12 12:47:00,46.2
2025-06-12 06:51:00,62.9
2025-06-12 06:17:00,28.6
2025-06-12 23:59:00,50.19809456598448
2025-06-12 16:12:00,90.5
2025-06-12 17:45:00,36.5
2025-06-12 16:22:00,8.6
2025-06-12 13:19:00,22.5
2025-06-12 18:42:00,74.5
2025-06-12 13:05:00,54.8
2025-06-12 02:41:00,50.19809456598448
2025-06-12 22:15:00,96.1
2025-06-12 22:48:00,9.4
2025-06-12 17:14:00,50.19809456598448
2025-06-12 17:24:00,70.2
2025-06-12 12:05:00,83.6
2025-06-12 20:26:00,16.7
2025-06-12 00:14:00,18.0
2025-06-12 23:33:00,50.19809456598448
2025-06-12 01:33:00,8.7
2025-06-12 13:00:00,81.1
2025-06-12 13:34:00,27.6
2025-06-12 13:46:00,50.19809456598448
2025-06-12 07:48:00,52.6
2025-06-12 06:14:00,76.8
2025-06-12 17:12:00,50.19809456598448
2025-06-12 23:19:00,5.2
2025-06-12 15:48:00,80.3
2025-06-12 12:04:00,60.9
2025-06-12 18:02:00,20.4
2025-06-12 03:25:00,65.5
2025-06-12 00:26:00,50.19809456598448
2025-06-12 13:52:00,33.0
2025-06-12 21:55:00,47.3
2025-06-12 14:08:00,74.9
2025-06-12 20:03:00,50.19809456598448
2025-06-12 19:11:00,49.0
2025-06-12 08:36:00,47.5
2025-06-12 23:02:00,99.2
2025-06-12 12:49:00,96.4
2025-06-12 07:39:00,53.4
2025-06-12 19:54:00,59.0
2025-06-12 01:55:00,85.0
2025-06-12 06:08:00,80.2
2025-06-12 14:34:00,60.2
2025-06-12 09:17:00,94.9
2025-06-12 11:38:00,5.4
2025-06-12 13:48:00,50.19809456598448
2025-06-12 08:07:00,40.4
2025-06-12 13:28:00,38.9
2025-06-12 19:16:00,33.5
2025-06-12 17:32:00,8.5
2025-06-12 13:04:00,50.19809456598448
2025-06-12 06:38:00,65.2
2025-06-12 14:24:00,17.5
2025-06-12 17:52:00,96.0
2025-06-12 06:23:00,48.9
2025-06-12 00:03:00,98.5
2025-06-12 08:12:00,32.2
2025-06-12 17:07:00,50.19809456598448
2025-06-12 21:32:00,31.1
2025-06-12 15:10:00,43.9
2025-06-12 01:57:00,50.19809456598448
2025-06-12 04:35:00,18.3
2025-06-12 21:47:00,45.2
2025-06-12 22:08:00,27.5
2025-06-12 16:58:00,50.19809456598448
2025-06-12 19:29:00,91.1
2025-06-12 09:46:00,12.2
2025-06-12 02:01:00,77.7
2025-06-12 07:07:00,85.6
2025-06-12 00:27:00,49.7
2025-06-12 14:00:00,7.4
2025-06-12 15:45:00,43.2
2025-06-12 10:54:00,58.8
2025-06-12 06:58:00,13.4
2025-06-12 23:39:00,72.7
2025-06-12 11:49:00,58.4
2025-06-12 16:03:00,69.8
2025-06-12 23:22:00,35.1
2025-06-12 21:16:00,77.8
2025-06-12 09:41:00,29.0
2025-06-12 01:51:00,50.19809456598448
2025-06-12 01:23:00,8.9
2025-06-12 20:53:00,98.6
2025-06-12 06:29:00,93.3
2025-06-12 20:29:00,32.7
2025-06-12 05:16:00,43.8
2025-06-12 09:32:00,44.3
2025-06-12 04:16:00,50.19809456598448
2025-06-12 16:43:00,60.6
2025-06-12 21:55:00,28.8
2025-06-12 18:08:00,28.1
2025-06-12 12:47:00,62.6
2025-06-12 00:41:00,36.7
2025-06-12 22:36:00,50.19809456598448
2025-06-12 11:05:00,82.4
2025-06-12 18:56:00,61.0
2025-06-12 00:31:00,89.9
2025-06-12 09:56:00,22.8
2025-06-12 21:24:00,47.4
2025-06-12 10:12:00,50.19809456598448
2025-06-12 06:32:00,9.7
2025-06-12 01:23:00,34.6
2025-06-12 21:13:00,50.19809456598448
2025-06-12 07:59:00,78.0
2025-06-12 06:45:00,74.8
2025-06-12 00:49:00,35.2
2025-06-12 11:06:00,79.8
2025-06-12 12:44:00,67.7
2025-06-12 01:21:00,71.3
2025-06-12 05:58:00,97.1
2025-06-12 11:19:00,64.8
2025-06-12 16:10:00,93.6
2025-06-12 01:32:00,97.3
2025-06-12 21:22:00,2.2
2025-06-12 08:50:00,50.19809456598448
2025-06-12 14:06:00,58.5
2025-06-12 19:41:00,33.7
2025-06-12 19:16:00,92.2
2025-06-12 15:08:00,50.19809456598448
2025-06-12 10:27:00,24.8
2025-06-12 06:56:00,47.0
2025-06-12 17:12:00,7.4
2025-06-12 05:49:00,89.2
2025-06-12 18:15:00,91.0
2025-06-12 03:48:00,69.3
2025-06-12 20:48:00,30.3
2025-06-12 18:15:00,24.5
2025-06-12 14:56:00,99.3
2025-06-12 05:51:00,29.1
2025-06-12 03:37:00,50.19809456598448
2025-06-12 03:22:00,25.9
2025-06-12 16:10:00,33.5
2025-06-12 06:54:00,97.6
2025-06-12 14:04:00,6.9
2025-06-12 19:05:00,37.9
2025-06-12 12:57:00,67.6
2025-06-12 21:59:00,46.1
2025-06-12 23:14:00,32.5
2025-06-12 11:35:00,20.7
2025-06-12 16:31:00,97.0
2025-06-12 21:17:00,53.4
2025-06-12 16:01:00,47.0
2025-06-12 07:48:00,12.4
2025-06-12 02:02:00,93.1
2025-06-12 00:12:00,36.9
2025-06-12 18:26:00,46.6
2025-06-12 21:54:00,51.4
2025-06-12 18:49:00,37.9
2025-06-12 06:39:00,61.4
2025-06-12 19:08:00,63.0
2025-06-12 18:33:00,99.2
2025-06-12 19:55:00,50.19809456598448
2025-06-12 13:36:00,50.19809456598448
2025-06-12 07:36:00,97.8
2025-06-12 20:21:00,51.9
2025-06-12 16:51:00,39.7
2025-06-12 10:25:00,50.19809456598448
2025-06-12 20:43:00,61.1
2025-06-12 22:47:00,50.19809456598448
2025-06-12 11:48:00,56.4
2025-06-12 02:48:00,82.2
2025-06-12 09:27:00,36.0
2025-06-12 01:37:00,62.0
2025-06-12 04:35:00,50.19809456598448
2025-06-12 20:47:00,39.2
2025-06-12 13:56:00,50.19809456598448
2025-06-12 02:16:00,0.6
2025-06-12 07:17:00,5.0
2025-06-12 04:44:00,45.1
2025-06-12 19:23:00,6.3
2025-06-12 09:54:00,79.1
2025-06-12 13:08:00,80.4
2025-06-12 09:26:00,18.7
2025-06-12 02:50:00,36.6
2025-06-12 05:31:00,76.5
2025-06-12 14:58:00,66.6
2025-06-12 04:15:00,50.19809456598448
2025-06-12 05:56:00,57.5
2025-06-12 03:01:00,8.2
2025-06-12 18:34:00,10.2
2025-06-12 09:37:00,3.7
2025-06-12 02:14:00,6.5
2025-06-12 10:41:00,50.19809456598448
2025-06-12 14:14:00,50.19809456598448
2025-06-12 07:03:00,53.5
2025-06-12 09:36:00,33.7
2025-06-12 03:57:00,81.8
2025-06-12 02:12:00,18.9
2025-06-12 12:17:00,50.19809456598448
2025-06-12 18:22:00,45.6
2025-06-12 02:49:00,16.1
2025-06-12 20:47:00,50.19809456598448
2025-06-12 05:04:00,24.1
2025-06-12 08:56:00,78.4
2025-06-12 14:59:00,19.2
2025-06-12 00:39:00,50.19809456598448
2025-06-12 08:27:00,12.6
2025-06-12 04:48:00,50.19809456598448
2025-06-12 03:08:00,19.3
2025-06-12 14:43:00,39.3
2025-06-12 03:04:00,71.1
2025-06-12 18:20:00,73.9
2025-06-12 10:34:00,32.4
2025-06-12 16:38:00,3.9
2025-06-12 16:23:00,95.9
2025-06-12 12:40:00,25.3
2025-06-12 07:40:00,36.1
2025-06-12 13:17:00,50.19809456598448
2025-06-12 12:23:00,47.6
2025-06-12 21:04:00,50.19809456598448
2025-06-12 17:03:00,33.5
2025-06-12 19:33:00,47.3
2025-06-12 10:10:00,59.9
2025-06-12 21:11:00,57.7
2025-06-12 01:54:00,10.5
2025-06-12 16:11:00,84.9
2025-06-12 14:41:00,45.9
2025-06-12 20:48:00,80.5
2025-06-12 10:24:00,83.0
2025-06-12 22:13:00,5.4
2025-06-12 08:21:00,52.5
2025-06-12 05:59:00,80.5
2025-06-12 06:31:00,74.1
2025-06-12 16:14:00,56.0
2025-06-12 04:38:00,66.7
2025-06-12 16:18:00,80.9
2025-06-12 07:58:00,88.7
2025-06-12 01:47:00,49.54486036141751
2025-06-12 14:20:00,89.8
2025-06-12 18:34:00,53.7
2025-06-12 08:35:00,55.5
2025-06-12 12:23:00,96.3
2025-06-12 01:46:00,30.3
2025-06-12 20:29:00,51.2
2025-06-12 12:18:00,26.8
2025-06-12 12:38:00,66.1
2025-06-12 07:21:00,31.5
2025-06-12 16:31:00,90.4
2025-06-12 02:19:00,90.2
2025-06-12 05:49:00,91.5
2025-06-12 23:21:00,4.2
2025-06-12 10:13:00,23.1
2025-06-12 15:19:00,74.2
2025-06-12 23:25:00,32.3
2025-06-12 02:01:00,86.9
2025-06-12 13:40:00,59.8
2025-06-12 05:55:00,98.7
2025-06-12 10:00:00,93.1
2025-06-12 14:42:00,96.0
2025-06-12 11:45:00,17.1
2025-06-12 06:30:00,50.8
2025-06-12 03:27:00,49.54486036141751
2025-06-12 16:29:00,85.8
2025-06-12 20:48:00,33.2
2025-06-12 11:23:00,89.1
2025-06-12 23:37:00,49.54486036141751
2025-06-12 02:09:00,51.3
2025-06-12 00:45:00,47.6
2025-06-12 15:32:00,61.0
2025-06-12 03:28:00,65.9
2025-06-12 00:59:00,11.0
2025-06-12 09:08:00,87.3
2025-06-12 05:51:00,90.6
2025-06-12 00:49:00,83.2
2025-06-12 14:40:00,77.1
2025-06-12 20:38:00,49.54486036141751
2025-06-12 02:16:00,20.3
2025-06-12 04:30:00,8.9
2025-06-12 07:47:00,81.0
2025-06-12 14:47:00,71.5
2025-06-12 06:49:00,23.2
2025-06-12 02:41:00,72.8
2025-06-12 01:41:00,89.2
2025-06-12 08:05:00,65.7
2025-06-12 23:52:00,61.3
2025-06-12 14:07:00,43.7
2025-06-12 18:05:00,0.2
2025-06-12 08:52:00,49.54486036141751
2025-06-12 16:52:00,23.0
2025-06-12 13:46:00,35.4
2025-06-12 19:35:00,9.1
2025-06-12 05:22:00,57.4
2025-06-12 05:34:00,19.9
2025-06-12 21:05:00,23.1
2025-06-12 05:18:00,24.9
2025-06-12 21:08:00,62.7
2025-06-12 21:22:00,84.2
2025-06-12 12:15:00,66.4
2025-06-12 18:26:00,60.0
2025-06-12 06:27:00,49.54486036141751
2025-06-12 11:01:00,78.5
2025-06-12 09:43:00,24.8
2025-06-12 18:20:00,78.5
2025-06-12 15:41:00,25.2
2025-06-12 20:25:00,71.1
2025-06-12 23:01:00,27.1
2025-06-12 17:13:00,29.4
2025-06-12 10:08:00,49.54486036141751
2025-06-12 11:07:00,49.54486036141751
2025-06-12 09:40:00,47.6
2025-06-12 09:21:00,49.54486036141751
2025-06-12 05:22:00,69.0
2025-06-12 13:20:00,98.1
2025-06-12 15:37:00,41.4
2025-06-12 17:46:00,3.6
2025-06-12 20:25:00,61.2
2025-06-12 23:41:00,51.8
2025-06-12 18:28:00,84.4
2025-06-12 12:36:00,68.2
2025-06-12 23:07:00,19.8
2025-06-12 10:05:00,40.0
2025-06-12 09:20:00,60.7
2025-06-12 18:00:00,49.1
2025-06-12 04:33:00,96.3
2025-06-12 15:58:00,30.1
2025-06-12 15:12:00,17.6
2025-06-12 23:13:00,21.1
2025-06-12 07:27:00,95.4
2025-06-12 22:27:00,64.1
2025-06-12 07:48:00,91.8
2025-06-12 15:44:00,45.2
2025-06-12 10:44:00,47.2
2025-06-12 09:31:00,49.54486036141751
2025-06-12 12:07:00,4.2
2025-06-12 21:40:00,10.0
2025-06-12 17:18:00,48.0
2025-06-12 23:40:00,59.9
2025-06-12 18:58:00,49.54486036141751
2025-06-12 16:28:00,46.4
2025-06-12 02:03:00,52.6
2025-06-12 02:01:00,17.4
2025-06-12 15:47:00,56.0
2025-06-12 13:33:00,14.0
2025-06-12 09:14:00,58.8
2025-06-12 05:37:00,2.0
2025-06-12 09:50:00,49.54486036141751
2025-06-12 13:07:00,75.2
2025-06-12 03:11:00,49.54486036141751
2025-06-12 08:05:00,85.3
2025-06-12 13:32:00,84.0
2025-06-12 07:11:00,20.5
2025-06-12 16:12:00,29.1
2025-06-12 08:51:00,43.2
2025-06-12 21:04:00,69.9
2025-06-12 21:47:00,42.7
2025-06-12 13:28:00,21.8
2025-06-12 13:59:00,49.6
2025-06-12 01:23:00,64.7
2025-06-12 17:27:00,28.7
2025-06-12 00:24:00,22.3
2025-06-12 01:50:00,39.7
2025-06-12 12:51:00,85.5
2025-06-12 06:44:00,64.0
2025-06-12 00:39:00,49.54486036141751
2025-06-12 20:02:00,49.54486036141751
2025-06-12 11:50:00,49.54486036141751
2025-06-12 05:11:00,17.9
2025-06-12 04:01:00,36.3
2025-06-12 12:50:00,71.1
2025-06-12 02:00:00,3.6
2025-06-12 21:27:00,60.0
2025-06-12 12:45:00,49.54486036141751
2025-06-12 18:41:00,88.0
2025-06-12 17:50:00,39.0
2025-06-12 20:54:00,88.4
2025-06-12 00:32:00,63.7
2025-06-12 06:02:00,80.4
2025-06-12 06:10:00,99.4
2025-06-12 10:30:00,58.0
2025-06-12 00:24:00,56.8
2025-06-12 02:50:00,0.4
2025-06-12 09:01:00,52.7
2025-06-12 12:07:00,8.0
2025-06-12 15:14:00,86.6
2025-06-12 06:13:00,42.1
2025-06-12 15:04:00,7.9
2025-06-12 21:26:00,31.9
2025-06-12 16:03:00,34.7
2025-06-12 11:27:00,13.8
2025-06-12 07:34:00,65.4
2025-06-12 04:16:00,83.9
2025-06-12 18:09:00,12.7
2025-06-12 01:42:00,50.5
2025-06-12 16:53:00,17.2
2025-06-12 17:42:00,92.4
2025-06-12 03:31:00,23.1
2025-06-12 11:11:00,19.4
2025-06-12 14:41:00,96.4
2025-06-12 21:32:00,21.1
2025-06-12 13:08:00,49.54486036141751
2025-06-12 19:05:00,49.54486036141751
2025-06-12 06:47:00,88.5
2025-06-12 07:58:00,38.2
2025-06-12 06:00:00,15.2
2025-06-12 19:53:00,31.2
2025-06-12 00:48:00,80.5
2025-06-12 03:24:00,37.2
2025-06-12 09:37:00,29.7
2025-06-12 22:33:00,29.5
2025-06-12 09:00:00,1.0
2025-06-12 15:43:00,25.2
2025-06-12 07:51:00,49.54486036141751
2025-06-12 00:09:00,13.1
2025-06-12 18:45:00,90.9
2025-06-12 12:14:00,48.8
2025-06-12 21:14:00,49.54486036141751
2025-06-12 21:43:00,59.3
2025-06-12 16:48:00,99.5
2025-06-12 17:35:00,49.54486036141751
2025-06-12 20:55:00,49.54486036141751
2025-06-12 14:46:00,88.8
2025-06-12 07:58:00,85.2
2025-06-12 21:28:00,18.7
2025-06-12 19:18:00,47.2
2025-06-12 23:21:00,99.1
2025-06-12 02:36:00,35.7
2025-06-12 07:59:00,5.8
2025-06-12 02:49:00,75.1
2025-06-12 07:54:00,72.0
2025-06-12 04:14:00,57.8
2025-06-12 23:24:00,36.5
2025-06-12 00:55:00,98.9
2025-06-12 19:14:00,60.9
2025-06-12 07:14:00,8.4
2025-06-12 02:58:00,4.1
2025-06-12 13:05:00,46.4
2025-06-12 07:00:00,28.3
2025-06-12 21:29:00,94.9
2025-06-12 07:40:00,48.5
2025-06-12 21:27:00,49.54486036141751
2025-06-12 07:47:00,79.2
2025-06-12 01:54:00,6.5
2025-06-12 06:04:00,29.0
2025-06-12 10:26:00,90.3
2025-06-12 08:35:00,93.4
2025-06-12 17:50:00,31.4
2025-06-12 07:03:00,68.9
2025-06-12 01:24:00,84.0
2025-06-12 23:59:00,13.9
2025-06-12 00:56:00,58.2
2025-06-12 00:14:00,80.0
2025-06-12 16:06:00,41.3
2025-06-12 08:04:00,13.2
2025-06-12 19:50:00,22.9
2025-06-12 08:33:00,0.3
2025-06-12 17:38:00,85.4
2025-06-12 12:45:00,91.8
2025-06-12 09:37:00,54.9
2025-06-12 22:14:00,32.0
2025-06-12 21:17:00,93.0
2025-06-12 12:00:00,60.7
2025-06-12 13:10:00,53.1
2025-06-12 16:49:00,39.3
2025-06-12 21:35:00,10.2
2025-06-12 04:35:00,14.0
2025-06-12 20:17:00,56.7
2025-06-12 22:06:00,69.8
2025-06-12 02:40:00,97.1
2025-06-12 07:06:00,6.1
2025-06-12 17:09:00,20.3
2025-06-12 14:22:00,80.2
2025-06-12 10:51:00,80.7
2025-06-12 06:07:00,53.7
2025-06-12 09:22:00,49.54486036141751
2025-06-12 05:13:00,49.54486036141751
2025-06-12 17:00:00,62.5
2025-06-12 08:25:00,59.3
2025-06-12 22:16:00,80.0
2025-06-12 00:58:00,28.4
2025-06-12 23:19:00,49.54486036141751
2025-06-12 04:08:00,49.54486036141751
2025-06-12 07:22:00,33.2
2025-06-12 00:44:00,49.54486036141751
2025-06-12 14:54:00,94.6
2025-06-12 10:22:00,69.6
2025-06-12 16:38:00,12.2
2025-06-12 08:21:00,36.3
2025-06-12 05:40:00,49.54486036141751
2025-06-12 05:00:00,72.4
2025-06-12 00:15:00,19.2
2025-06-12 21:58:00,98.5
2025-06-12 02:07:00,89.2
2025-06-12 09:51:00,49.54486036141751
2025-06-12 12:41:00,63.3
2025-06-12 09:46:00,16.2
2025-06-12 23:07:00,74.3
2025-06-12 13:07:00,53.0
2025-06-12 10:57:00,20.5
2025-06-12 00:31:00,49.54486036141751
2025-06-12 17:18:00,3.5
2025-06-12 16:11:00,44.3
2025-06-12 07:17:00,3.1
2025-06-12 00:24:00,21.4
2025-06-12 20:32:00,47.1
2025-06-12 18:53:00,66.1
2025-06-12 19:05:00,17.3
2025-06-12 20:57:00,43.2
2025-06-12 13:25:00,83.7
2025-06-12 07:23:00,50.1
2025-06-12 13:30:00,62.1
2025-06-12 04:20:00,90.2
2025-06-12 06:28:00,52.4
2025-06-12 18:20:00,1.5
2025-06-12 06:24:00,76.9
2025-06-12 17:04:00,49.54486036141751
2025-06-12 18:38:00,71.7
2025-06-12 13:04:00,67.7
2025-06-12 15:00:00,55.1
2025-06-12 18:04:00,85.4
2025-06-12 07:52:00,47.4
2025-06-12 01:08:00,49.54486036141751
2025-06-12 23:12:00,49.54486036141751
2025-06-12 02:46:00,49.54486036141751
2025-06-12 01:53:00,49.54486036141751
2025-06-12 01:38:00,88.4
2025-06-12 08:00:00,32.1
2025-06-12 00:56:00,81.7
2025-06-12 10:38:00,52.9
2025-06-12 07:09:00,74.0
2025-06-12 22:07:00,41.5
2025-06-12 23:14:00,96.4
2025-06-12 05:05:00,18.0
2025-06-12 13:31:00,32.8
2025-06-12 15:54:00,8.1
2025-06-12 08:22:00,58.1
2025-06-12 03:03:00,45.7
2025-06-12 19:29:00,74.3
2025-06-12 00:22:00,17.6
2025-06-12 20:39:00,21.3
2025-06-12 06:13:00,10.5
2025-06-12 12:47:00,55.0
2025-06-12 21:27:00,93.5
2025-06-12 08:27:00,50.136426804852206
2025-06-12 23:09:00,4.7
2025-06-12 11:52:00,1.2
2025-06-12 09:04:00,50.136426804852206
2025-06-12 17:37:00,40.3
2025-06-12 13:52:00,92.2
2025-06-12 17:35:00,76.0
2025-06-12 11:51:00,49.1
2025-06-12 13:21:00,54.0
2025-06-12 23:01:00,46.9
2025-06-12 06:23:00,17.7
2025-06-12 02:29:00,73.7
2025-06-12 05:18:00,85.0
2025-06-12 15:36:00,19.5
2025-06-12 12:49:00,43.4
2025-06-12 00:53:00,50.136426804852206
2025-06-12 01:39:00,74.8
2025-06-12 07:48:00,42.1
2025-06-12 02:26:00,21.4
2025-06-12 04:17:00,50.136426804852206
2025-06-12 01:46:00,62.2
2025-06-12 19:21:00,16.9
2025-06-12 21:41:00,50.136426804852206
2025-06-12 12:13:00,0.0
2025-06-12 16:36:00,64.4
2025-06-12 08:06:00,22.1
2025-06-12 21:47:00,64.7
2025-06-12 23:48:00,87.1
2025-06-12 07:06:00,50.136426804852206
2025-06-12 00:38:00,28.6
2025-06-12 15:25:00,52.2
2025-06-12 21:19:00,16.6
2025-06-12 11:56:00,9.9
2025-06-12 15:28:00,50.8
2025-06-12 04:25:00,70.0
2025-06-12 07:57:00,60.0
2025-06-12 00:19:00,28.1
2025-06-12 18:14:00,95.8
2025-06-12 15:32:00,46.0
2025-06-12 02:33:00,19.9
2025-06-12 18:25:00,74.6
2025-06-12 05:05:00,14.1
2025-06-12 15:49:00,81.4
2025-06-12 16:28:00,11.5
2025-06-12 11:10:00,94.2
2025-06-12 00:02:00,42.8
2025-06-12 02:12:00,90.3
2025-06-12 18:07:00,18.3
2025-06-12 10:58:00,71.3
2025-06-12 21:27:00,3.5
2025-06-12 23:02:00,50.136426804852206
2025-06-12 03:34:00,50.136426804852206
2025-06-12 01:52:00,90.6
2025-06-12 11:50:00,50.136426804852206
2025-06-12 17:31:00,50.136426804852206
2025-06-12 16:22:00,46.9
2025-06-12 20:10:00,13.0
2025-06-12 23:03:00,50.136426804852206
2025-06-12 00:59:00,17.7
2025-06-12 23:38:00,28.5
2025-06-12 06:32:00,92.1
2025-06-12 17:53:00,92.2
2025-06-12 21:27:00,69.9
2025-06-12 06:00:00,60.3
2025-06-12 10:59:00,50.136426804852206
2025-06-12 16:39:00,77.4
2025-06-12 23:22:00,89.5
2025-06-12 11:06:00,50.136426804852206
2025-06-12 02:21:00,22.6
2025-06-12 07:42:00,9.1
2025-06-12 17:38:00,70.5
2025-06-12 19:01:00,50.136426804852206
2025-06-12 07:50:00,90.6
2025-06-12 19:25:00,74.7
2025-06-12 22:07:00,50.136426804852206
2025-06-12 03:33:00,90.1
2025-06-12 11:37:00,82.9
2025-06-12 11:39:00,17.1
2025-06-12 21:17:00,91.4
2025-06-12 00:36:00,42.2
2025-06-12 08:53:00,64.4
2025-06-12 22:32:00,50.136426804852206
2025-06-12 22:50:00,72.7
2025-06-12 10:21:00,48.3
2025-06-12 04:43:00,39.6
2025-06-12 15:31:00,20.0
2025-06-12 17:46:00,6.0
2025-06-12 09:53:00,50.136426804852206
2025-06-12 16:20:00,57.4
2025-06-12 03:24:00,8.6
2025-06-12 22:48:00,50.136426804852206
2025-06-12 01:04:00,42.7
2025-06-12 18:55:00,34.4
2025-06-12 12:33:00,50.136426804852206
2025-06-12 18:51:00,40.5
2025-06-12 14:33:00,81.0
2025-06-12 10:45:00,50.136426804852206
2025-06-12 09:08:00,91.3
2025-06-12 22:59:00,90.5
2025-06-12 08:33:00,35.7
2025-06-12 12:57:00,48.8
2025-06-12 16:33:00,66.7
2025-06-12 16:59:00,96.5
2025-06-12 00:35:00,72.5
2025-06-12 19:06:00,59.6
2025-06-12 15:34:00,35.1
2025-06-12 10:02:00,10.2
2025-06-12 00:04:00,27.1
2025-06-12 20:32:00,87.7
2025-06-12 08:28:00,77.1
2025-06-12 15:09:00,92.6
2025-06-12 11:05:00,90.3
2025-06-12 13:31:00,97.3
2025-06-12 03:16:00,78.1
2025-06-12 07:29:00,50.136426804852206
2025-06-12 06:59:00,96.0
2025-06-12 21:33:00,7.7
2025-06-12 06:47:00,15.5
2025-06-12 02:41:00,72.9
2025-06-12 23:41:00,76.5
2025-06-12 03:14:00,11.0
2025-06-12 13:51:00,88.2
2025-06-12 04:38:00,4.5
2025-06-12 15:16:00,70.7
2025-06-12 18:03:00,50.136426804852206
2025-06-12 20:02:00,71.7
2025-06-12 03:13:00,49.9
2025-06-12 05:27:00,4.4
2025-06-12 14:12:00,68.2
2025-06-12 22:48:00,12.0
2025-06-12 00:29:00,50.136426804852206
2025-06-12 11:20:00,50.136426804852206
2025-06-12 22:21:00,24.9
2025-06-12 01:40:00,50.136426804852206
2025-06-12 21:58:00,82.2
2025-06-12 01:01:00,65.2
2025-06-12 19:33:00,42.1
2025-06-12 16:42:00,59.3
2025-06-12 04:02:00,50.136426804852206
2025-06-12 00:05:00,70.5
2025-06-12 04:11:00,4.9
2025-06-12 00:48:00,43.4
2025-06-12 06:47:00,20.0
2025-06-12 21:27:00,94.7
2025-06-12 18:11:00,50.136426804852206
2025-06-12 18:00:00,61.0
2025-06-12 15:39:00,4.6
2025-06-12 01:30:00,62.5
2025-06-12 15:34:00,57.5
2025-06-12 06:25:00,50.136426804852206
2025-06-12 20:04:00,24.4
2025-06-12 06:19:00,84.3
2025-06-12 09:13:00,11.1
2025-06-12 04:32:00,57.8
2025-06-12 07:26:00,43.8
2025-06-12 06:40:00,69.9
2025-06-12 00:36:00,43.1
2025-06-12 23:17:00,63.0
2025-06-12 18:54:00,49.9
2025-06-12 11:58:00,41.8
2025-06-12 10:03:00,76.4
2025-06-12 12:45:00,45.6
2025-06-12 21:38:00,35.2
2025-06-12 00:17:00,54.3
2025-06-12 11:06:00,23.7
2025-06-12 05:08:00,83.6
2025-06-12 14:33:00,55.0
2025-06-12 19:02:00,64.1
2025-06-12 20:17:00,78.4
2025-06-12 04:11:00,23.6
2025-06-12 10:35:00,27.0
2025-06-12 10:09:00,50.136426804852206
2025-06-12 16:17:00,85.2
2025-06-12 04:41:00,50.136426804852206
2025-06-12 17:13:00,4.0
2025-06-12 21:54:00,96.8
2025-06-12 14:03:00,44.5
2025-06-12 21:45:00,21.3
2025-06-12 10:36:00,30.6
2025-06-12 09:51:00,74.1
2025-06-12 22:16:00,80.4
2025-06-12 15:35:00,42.2
2025-06-12 15:09:00,2.6
2025-06-12 03:30:00,88.8
2025-06-12 16:39:00,34.5
2025-06-12 07:00:00,42.2
2025-06-12 08:57:00,85.4
2025-06-12 07:14:00,50.136426804852206
2025-06-12 02:08:00,49.1
2025-06-12 19:34:00,44.0
2025-06-12 17:42:00,50.136426804852206
2025-06-12 08:51:00,42.1
2025-06-12 18:33:00,93.6
2025-06-12 21:39:00,79.9
2025-06-12 17:59:00,75.2
2025-06-12 01:07:00,94.9
2025-06-12 00:09:00,50.136426804852206
2025-06-12 16:49:00,59.0
2025-06-12 17:21:00,7.8
2025-06-12 03:19:00,50.136426804852206
2025-06-12 20:05:00,55.6
2025-06-12 23:14:00,50.136426804852206
2025-06-12 13:08:00,62.5
2025-06-12 04:17:00,2.3
2025-06-12 17:25:00,72.1
2025-06-12 01:48:00,50.136426804852206
2025-06-12 05:16:00,27.5
2025-06-12 03:44:00,50.136426804852206
2025-06-12 05:42:00,50.136426804852206
2025-06-12 21:49:00,36.1
2025-06-12 13:07:00,17.5
2025-06-12 09:21:00,15.4
2025-06-12 07:00:00,4.9
2025-06-12 23:21:00,52.5
2025-06-12 08:57:00,32.0
2025-06-12 05:32:00,59.0
2025-06-12 15:25:00,5.0
2025-06-12 16:22:00,3.5
2025-06-12 17:38:00,98.7
2025-06-12 05:54:00,1.8
2025-06-12 17:55:00,30.8
2025-06-12 01:42:00,49.9
2025-06-12 18:24:00,43.1
2025-06-12 23:43:00,50.136426804852206
2025-06-12 05:12:00,67.3
2025-06-12 12:40:00,25.7
2025-06-12 19:57:00,90.4
2025-06-12 04:16:00,50.136426804852206
2025-06-12 12:11:00,23.4
2025-06-12 01:45:00,50.9
2025-06-12 07:51:00,14.3
2025-06-12 17:15:00,50.136426804852206
2025-06-12 10:03:00,31.6
2025-06-12 05:36:00,88.2
2025-06-12 13:33:00,50.136426804852206
2025-06-12 00:02:00,13.0
2025-06-12 12:06:00,48.0
2025-06-12 10:54:00,50.136426804852206
2025-06-12 17:32:00,26.6
2025-06-12 19:12:00,58.6
2025-06-12 07:53:00,23.0
2025-06-12 15:43:00,12.1
2025-06-12 19:43:00,97.6
2025-06-12 02:51:00,31.2
2025-06-12 20:38:00,39.9
2025-06-12 08:17:00,50.136426804852206
2025-06-12 22:29:00,40.8
2025-06-12 00:19:00,50.136426804852206
2025-06-12 11:30:00,45.2
2025-06-12 12:56:00,50.136426804852206
2025-06-12 23:27:00,87.2
2025-06-12 13:12:00,85.7
2025-06-12 13:34:00,52.8
2025-06-12 16:17:00,87.8
2025-06-12 19:27:00,50.136426804852206
2025-06-12 11:36:00,54.9
2025-06-12 07:46:00,71.7
2025-06-12 14:43:00,8.2
2025-06-12 14:24:00,47.1
2025-06-12 23:12:00,37.3
2025-06-12 08:36:00,43.5
2025-06-12 19:50:00,33.1
2025-06-12 18:10:00,29.7
2025-06-12 12:23:00,90.7
2025-06-12 02:59:00,2.8
2025-06-12 04:40:00,50.136426804852206
2025-06-12 10:03:00,52.3
2025-06-12 06:31:00,12.3
2025-06-12 09:36:00,76.4
2025-06-12 21:04:00,50.136426804852206
2025-06-12 23:51:00,62.9
2025-06-12 23:40:00,50.136426804852206
2025-06-12 09:38:00,4.9
2025-06-12 11:55:00,61.2
2025-06-12 17:01:00,89.8
2025-06-12 23:47:00,71.3
2025-06-12 23:28:00,75.7
2025-06-12 23:11:00,78.0
2025-06-12 16:59:00,50.136426804852206
2025-06-12 01:21:00,55.0
2025-06-12 22:10:00,70.4
2025-06-12 03:51:00,40.4
2025-06-12 03:17:00,61.4
2025-06-12 02:01:00,31.5
2025-06-12 09:37:00,44.2
2025-06-12 12:30:00,63.8
2025-06-12 02:03:00,58.9
2025-06-12 19:04:00,50.136426804852206
2025-06-12 14:33:00,5.7
2025-06-12 23:13:00,15.6
2025-06-12 10:33:00,4.8
2025-06-12 17:20:00,88.6
2025-06-12 09:58:00,50.136426804852206
2025-06-12 19:53:00,31.6
2025-06-12 09:17:00,37.5
2025-06-12 01:28:00,25.5
2025-06-12 23:23:00,18.9
2025-06-12 17:00:00,33.7
2025-06-12 19:33:00,93.1
2025-06-12 22:02:00,13.1
2025-06-12 06:14:00,40.6
2025-06-12 13:53:00,35.2
2025-06-12 23:36:00,28.2
2025-06-12 14:18:00,36.7
2025-06-12 23:23:00,50.136426804852206
2025-06-12 07:36:00,50.136426804852206
2025-06-12 05:09:00,18.5
2025-06-12 04:16:00,29.9
2025-06-12 19:12:00,81.3
2025-06-12 15:32:00,4.9
2025-06-12 01:45:00,36.8
2025-06-12 18:08:00,10.4
2025-06-12 14:34:00,69.0
2025-06-12 18:52:00,50.136426804852206
2025-06-12 21:56:00,11.4
2025-06-12 17:55:00,72.7
2025-06-12 20:43:00,1.1
2025-06-12 14:15:00,99.9
2025-06-12 14:20:00,50.136426804852206
2025-06-12 02:30:00,84.1
2025-06-12 16:46:00,94.8
2025-06-12 11:11:00,67.8
2025-06-12 23:20:00,80.0
2025-06-12 05:10:00,86.8
2025-06-12 11:15:00,50.136426804852206
2025-06-12 23:26:00,35.4
2025-06-12 02:54:00,61.3
2025-06-12 12:32:00,90.1
2025-06-12 04:08:00,64.8
2025-06-12 03:55:00,21.7
2025-06-12 21:18:00,37.7
2025-06-12 15:57:00,10.1
2025-06-12 03:43:00,7.9
2025-06-12 10:15:00,50.037891637220255
2025-06-12 11:37:00,30.0
2025-06-12 13:32:00,40.6
2025-06-12 03:23:00,65.5
2025-06-12 19:12:00,37.6
2025-06-12 11:27:00,60.9
2025-06-12 06:43:00,43.5
2025-06-12 19:44:00,56.8
2025-06-12 23:51:00,55.2
2025-06-12 04:05:00,15.5
2025-06-12 14:10:00,26.7
2025-06-12 19:31:00,4.2
2025-06-12 17:01:00,23.0
2025-06-12 02:28:00,50.037891637220255
2025-06-12 14:20:00,96.7
2025-06-12 07:38:00,20.7
2025-06-12 11:34:00,6.9
2025-06-12 11:22:00,50.0
2025-06-12 15:06:00,68.7
2025-06-12 17:56:00,50.037891637220255
2025-06-12 05:38:00,4.9
2025-06-12 02:23:00,39.1
2025-06-12 18:16:00,10.2
2025-06-12 10:02:00,50.037891637220255
2025-06-12 02:39:00,10.9
2025-06-12 21:51:00,47.9
2025-06-12 17:38:00,50.037891637220255
2025-06-12 23:11:00,63.7
2025-06-12 16:36:00,32.9
2025-06-12 11:11:00,50.037891637220255
2025-06-12 11:31:00,83.6
2025-06-12 08:07:00,72.1
2025-06-12 20:58:00,79.4
2025-06-12 11:56:00,43.4
2025-06-12 22:09:00,57.7
2025-06-12 19:20:00,11.0
2025-06-12 17:13:00,76.7
2025-06-12 01:39:00,11.8
2025-06-12 12:09:00,7.3
2025-06-12 13:20:00,66.9
2025-06-12 15:17:00,76.0
2025-06-12 16:48:00,90.1
2025-06-12 00:48:00,23.6
2025-06-12 05:16:00,40.3
2025-06-12 00:56:00,43.1
2025-06-12 19:25:00,95.8
2025-06-12 14:19:00,2.1
2025-06-12 19:25:00,38.6
2025-06-12 07:28:00,58.2
2025-06-12 10:25:00,50.037891637220255
2025-06-12 16:07:00,0.6
2025-06-12 22:54:00,11.4
2025-06-12 10:22:00,10.2
2025-06-12 23:24:00,50.037891637220255
2025-06-12 14:38:00,99.1
2025-06-12 04:21:00,35.0
2025-06-12 14:00:00,50.037891637220255
2025-06-12 22:07:00,65.3
2025-06-12 13:17:00,77.2
2025-06-12 12:45:00,43.8
2025-06-12 14:40:00,50.037891637220255
2025-06-12 04:36:00,87.3
2025-06-12 04:03:00,17.7
2025-06-12 22:14:00,50.037891637220255
2025-06-12 03:18:00,2.2
2025-06-12 10:42:00,7.1
2025-06-12 05:38:00,33.0
2025-06-12 21:01:00,34.5
2025-06-12 06:49:00,94.9
2025-06-12 06:55:00,50.6
2025-06-12 12:38:00,50.037891637220255
2025-06-12 11:39:00,68.6
2025-06-12 11:20:00,11.1
2025-06-12 20:59:00,53.0
2025-06-12 23:42:00,50.037891637220255
2025-06-12 13:49:00,68.1
2025-06-12 20:33:00,20.4
2025-06-12 10:36:00,50.037891637220255
2025-06-12 01:31:00,84.8
2025-06-12 17:22:00,2.5
2025-06-12 19:59:00,50.037891637220255
2025-06-12 00:10:00,76.5
2025-06-12 10:13:00,10.8
2025-06-12 20:38:00,47.8
2025-06-12 12:35:00,13.5
2025-06-12 04:36:00,12.3
2025-06-12 01:20:00,44.3
2025-06-12 13:07:00,58.6
2025-06-12 20:48:00,57.4
2025-06-12 03:04:00,15.3
2025-06-12 06:45:00,19.8
2025-06-12 15:20:00,50.037891637220255
2025-06-12 05:16:00,28.5
2025-06-12 19:07:00,97.6
2025-06-12 20:35:00,20.5
2025-06-12 16:09:00,85.1
2025-06-12 12:51:00,10.5
2025-06-12 07:29:00,40.3
2025-06-12 00:23:00,50.037891637220255
2025-06-12 13:27:00,48.4
2025-06-12 16:27:00,66.9
2025-06-12 23:03:00,50.037891637220255
2025-06-12 07:13:00,50.037891637220255
2025-06-12 00:13:00,82.3
2025-06-12 17:12:00,27.7
2025-06-12 19:37:00,67.6
2025-06-12 13:19:00,48.3
2025-06-12 12:18:00,29.1
2025-06-12 05:09:00,50.037891637220255
2025-06-12 03:13:00,22.3
2025-06-12 00:30:00,50.037891637220255
2025-06-12 23:25:00,65.0
2025-06-12 20:51:00,50.037891637220255
2025-06-12 03:12:00,50.037891637220255
2025-06-12 09:16:00,83.1
2025-06-12 00:38:00,41.6
2025-06-12 02:08:00,50.037891637220255
2025-06-12 14:36:00,50.037891637220255
2025-06-12 23:27:00,18.5
2025-06-12 12:26:00,77.0
2025-06-12 01:48:00,74.9
2025-06-12 04:22:00,42.6
2025-06-12 16:57:00,27.8
2025-06-12 11:15:00,92.1
2025-06-12 23:56:00,50.037891637220255
2025-06-12 05:16:00,50.037891637220255
2025-06-12 14:22:00,82.7
2025-06-12 22:33:00,50.037891637220255
2025-06-12 21:01:00,75.8
2025-06-12 20:01:00,43.3
2025-06-12 17:21:00,36.8
2025-06-12 23:24:00,68.1
2025-06-12 14:13:00,35.3
2025-06-12 11:33:00,35.2
2025-06-12 15:51:00,71.0
2025-06-12 20:46:00,7.6
2025-06-12 05:59:00,50.037891637220255
2025-06-12 06:16:00,68.7
2025-06-12 11:10:00,52.4
2025-06-12 23:49:00,12.9
2025-06-12 09:15:00,39.0
2025-06-12 16:44:00,16.8
2025-06-12 07:26:00,76.1
2025-06-12 10:22:00,84.0
2025-06-12 02:09:00,34.7
2025-06-12 04:13:00,7.5
2025-06-12 17:34:00,80.1
2025-06-12 09:38:00,46.1
2025-06-12 10:39:00,35.9
2025-06-12 15:14:00,16.2
2025-06-12 03:31:00,21.4
2025-06-12 13:45:00,65.5
2025-06-12 09:31:00,5.5
2025-06-12 15:31:00,19.3
2025-06-12 01:55:00,68.4
2025-06-12 16:40:00,46.5
2025-06-12 03:34:00,81.5
2025-06-12 01:43:00,50.037891637220255
2025-06-12 03:45:00,50.037891637220255
2025-06-12 02:50:00,70.2
2025-06-12 15:27:00,75.1
2025-06-12 13:57:00,53.9
2025-06-12 22:26:00,42.6
2025-06-12 11:01:00,18.7
2025-06-12 10:40:00,80.6
2025-06-12 01:42:00,56.9
2025-06-12 19:38:00,99.1
2025-06-12 01:48:00,50.037891637220255
2025-06-12 07:14:00,72.7
2025-06-12 23:56:00,80.2
2025-06-12 03:56:00,91.5
2025-06-12 06:21:00,81.2
2025-06-12 14:04:00,95.1
2025-06-12 03:34:00,38.8
2025-06-12 05:41:00,93.3
2025-06-12 21:39:00,48.9
2025-06-12 18:46:00,42.8
2025-06-12 14:20:00,55.2
2025-06-12 14:57:00,50.037891637220255
2025-06-12 18:10:00,14.1
2025-06-12 18:39:00,42.4
2025-06-12 04:34:00,90.0
2025-06-12 13:08:00,14.4
2025-06-12 01:26:00,51.0
2025-06-12 05:46:00,26.0
2025-06-12 23:41:00,50.037891637220255
2025-06-12 13:01:00,93.6
2025-06-12 14:13:00,85.5
2025-06-12 04:45:00,82.5
2025-06-12 16:47:00,50.037891637220255
2025-06-12 12:02:00,73.0
2025-06-12 07:38:00,36.7
2025-06-12 22:28:00,76.4
2025-06-12 05:37:00,50.037891637220255
2025-06-12 09:37:00,28.9
2025-06-12 06:22:00,47.8
2025-06-12 09:30:00,93.2
2025-06-12 03:48:00,1.7
2025-06-12 11:46:00,84.7
2025-06-12 12:43:00,28.6
2025-06-12 12:20:00,33.5
2025-06-12 21:44:00,20.3
2025-06-12 22:36:00,9.2
2025-06-12 08:14:00,15.8
2025-06-12 15:38:00,81.4
2025-06-12 03:04:00,92.3
2025-06-12 01:53:00,0.8
2025-06-12 15:43:00,81.5
2025-06-12 06:46:00,38.5
2025-06-12 00:26:00,12.9
2025-06-12 15:57:00,81.1
2025-06-12 11:56:00,50.037891637220255
2025-06-12 10:50:00,43.8
2025-06-12 03:25:00,68.4
2025-06-12 21:52:00,69.5
2025-06-12 11:07:00,50.037891637220255
2025-06-12 09:45:00,56.9
2025-06-12 09:36:00,95.0
2025-06-12 19:20:00,11.7
2025-06-12 09:52:00,26.4
2025-06-12 01:58:00,61.7
2025-06-12 06:08:00,68.3
2025-06-12 07:59:00,50.0
2025-06-12 10:06:00,98.1
2025-06-12 15:22:00,17.3
2025-06-12 04:59:00,56.7
2025-06-12 06:22:00,55.0
2025-06-12 18:49:00,60.8
2025-06-12 23:20:00,6.1
2025-06-12 04:58:00,84.6
2025-06-12 00:20:00,10.6
2025-06-12 15:10:00,50.037891637220255
2025-06-12 06:22:00,30.0
2025-06-12 16:30:00,64.9
2025-06-12 19:21:00,12.4
2025-06-12 05:49:00,4.8
2025-06-12 14:08:00,76.0
2025-06-12 11:56:00,50.037891637220255
2025-06-12 16:48:00,21.8
2025-06-12 16:43:00,65.7
2025-06-12 07:51:00,50.037891637220255
2025-06-12 08:39:00,50.037891637220255
2025-06-12 22:39:00,15.8
2025-06-12 04:35:00,70.9
2025-06-12 15:04:00,85.7
2025-06-12 02:30:00,59.8
2025-06-12 03:39:00,52.8
2025-06-12 15:59:00,37.9
2025-06-12 08:54:00,84.2
2025-06-12 02:26:00,26.1
2025-06-12 19:22:00,39.9
2025-06-12 02:42:00,69.4
2025-06-12 02:17:00,50.037891637220255
2025-06-12 00:48:00,24.7
2025-06-12 04:16:00,56.5
2025-06-12 17:59:00,35.5
2025-06-12 02:09:00,27.2
2025-06-12 10:16:00,12.8
2025-06-12 03:57:00,50.037891637220255
2025-06-12 16:47:00,15.5
2025-06-12 13:06:00,85.8
2025-06-12 17:10:00,93.3
2025-06-12 15:15:00,82.7
2025-06-12 22:17:00,0.6
2025-06-12 18:53:00,19.7
2025-06-12 15:09:00,73.8
2025-06-12 03:41:00,26.0
2025-06-12 21:21:00,87.4
2025-06-12 08:50:00,50.037891637220255
2025-06-12 00:30:00,62.5
2025-06-12 13:09:00,90.1
2025-06-12 14:28:00,3.8
2025-06-12 16:37:00,78.7
2025-06-12 21:19:00,15.1
2025-06-12 15:47:00,47.3
2025-06-12 03:44:00,60.3
2025-06-12 08:43:00,93.3
2025-06-12 16:53:00,68.4
2025-06-12 03:01:00,61.8
2025-06-12 19:53:00,44.1
2025-06-12 05:47:00,46.1
2025-06-12 10:44:00,50.037891637220255
2025-06-12 08:00:00,1.7
2025-06-12 07:12:00,50.037891637220255
2025-06-12 19:27:00,17.5
2025-06-12 20:08:00,50.037891637220255
2025-06-12 22:00:00,72.6
2025-06-12 00:45:00,78.2
2025-06-12 21:33:00,81.2
2025-06-12 00:28:00,14.4
2025-06-12 16:00:00,17.1
2025-06-12 16:50:00,50.037891637220255
2025-06-12 09:24:00,50.037891637220255
2025-06-12 18:50:00,37.6
2025-06-12 16:16:00,30.7
2025-06-12 06:33:00,41.0
2025-06-12 23:40:00,42.0
2025-06-12 13:37:00,42.9
2025-06-12 18:45:00,30.9
2025-06-12 20:41:00,75.0
2025-06-12 18:34:00,78.4
2025-06-12 10:39:00,50.037891637220255
2025-06-12 06:41:00,41.7
2025-06-12 06:52:00,42.9
2025-06-12 22:21:00,20.1
2025-06-12 07:18:00,12.1
2025-06-12 13:30:00,84.3
2025-06-12 07:32:00,54.4
2025-06-12 13:58:00,1.8
2025-06-12 05:01:00,8.7
2025-06-12 07:21:00,96.2
2025-06-12 06:15:00,62.3
2025-06-12 04:56:00,15.7
2025-06-12 10:22:00,75.1
2025-06-12 19:13:00,89.8
2025-06-12 01:45:00,40.9
2025-06-12 05:45:00,88.4
2025-06-12 23:22:00,28.2
2025-06-12 17:48:00,72.6
2025-06-12 14:11:00,1.3
2025-06-12 13:09:00,99.5
2025-06-12 09:13:00,99.3
2025-06-12 15:09:00,3.7
2025-06-12 10:57:00,23.3
2025-06-12 05:30:00,41.4
2025-06-12 00:59:00,63.7
2025-06-12 17:33:00,50.037891637220255
2025-06-12 16:09:00,73.8
2025-06-12 08:17:00,49.0
2025-06-12 04:43:00,25.6
2025-06-12 06:32:00,39.5
2025-06-12 17:46:00,62.6
2025-06-12 21:35:00,96.0
2025-06-12 06:58:00,21.3
2025-06-12 10:47:00,79.6
2025-06-12 10:07:00,48.7
2025-06-12 07:10:00,50.037891637220255
2025-06-12 11:41:00,50.037891637220255
2025-06-12 21:12:00,21.0
2025-06-12 21:49:00,5.1
2025-06-12 02:07:00,50.037891637220255
2025-06-12 13:14:00,3.8
2025-06-12 04:49:00,2.7
2025-06-12 19:20:00,99.8
2025-06-12 15:22:00,2.5
2025-06-12 06:53:00,32.2
2025-06-12 15:57:00,43.0
2025-06-12 03:01:00,43.7
2025-06-12 01:32:00,22.1
2025-06-12 02:29:00,21.4
2025-06-12 17:48:00,43.2
2025-06-12 20:21:00,50.60542317173377
2025-06-12 11:54:00,93.9
2025-06-12 08:13:00,98.6
2025-06-12 06:23:00,60.1
2025-06-12 10:33:00,79.7
2025-06-12 19:48:00,50.60542317173377
2025-06-12 03:27:00,1.0
2025-06-12 21:50:00,50.60542317173377
2025-06-12 03:14:00,89.5
2025-06-12 10:19:00,86.2
2025-06-12 12:49:00,42.8
2025-06-12 21:13:00,32.9
2025-06-12 09:21:00,2.9
2025-06-12 11:18:00,50.60542317173377
2025-06-12 10:42:00,82.5
2025-06-12 11:32:00,20.9
2025-06-12 10:49:00,4.9
2025-06-12 00:04:00,74.9
2025-06-12 02:51:00,21.1
2025-06-12 06:04:00,62.1
2025-06-12 16:23:00,11.2
2025-06-12 20:33:00,64.6
2025-06-12 19:09:00,3.2
2025-06-12 11:03:00,67.0
2025-06-12 22:54:00,78.4
2025-06-12 12:03:00,50.60542317173377
2025-06-12 17:27:00,50.60542317173377
2025-06-12 00:46:00,96.1
2025-06-12 10:46:00,19.3
2025-06-12 10:05:00,50.60542317173377
2025-06-12 17:26:00,18.2
2025-06-12 10:42:00,56.5
2025-06-12 10:09:00,80.7
2025-06-12 11:19:00,63.1
2025-06-12 23:54:00,67.3
2025-06-12 19:45:00,45.9
2025-06-12 05:46:00,50.60542317173377
2025-06-12 02:09:00,65.1
2025-06-12 23:09:00,35.1
2025-06-12 00:39:00,96.7
2025-06-12 19:37:00,50.60542317173377
2025-06-12 07:57:00,67.5
2025-06-12 21:13:00,11.0
2025-06-12 07:55:00,82.3
2025-06-12 11:25:00,50.60542317173377
2025-06-12 14:41:00,3.7
2025-06-12 09:13:00,59.9
2025-06-12 12:28:00,86.4
2025-06-12 10:38:00,40.3
2025-06-12 08:58:00,27.7
2025-06-12 13:29:00,99.9
2025-06-12 19:38:00,3.0
2025-06-12 16:02:00,48.5
2025-06-12 06:48:00,50.60542317173377
2025-06-12 23:21:00,12.2
2025-06-12 20:12:00,26.5
2025-06-12 06:45:00,96.3
2025-06-12 14:07:00,50.60542317173377
2025-06-12 08:31:00,54.9
2025-06-12 15:51:00,50.60542317173377
2025-06-12 23:38:00,84.8
2025-06-12 13:06:00,51.4
2025-06-12 20:42:00,71.9
2025-06-12 05:26:00,50.60542317173377
2025-06-12 21:01:00,37.9
2025-06-12 16:12:00,35.2
2025-06-12 05:52:00,14.4
2025-06-12 20:35:00,76.4
2025-06-12 19:07:00,27.4
2025-06-12 10:51:00,45.2
2025-06-12 15:41:00,32.0
2025-06-12 12:34:00,48.2
2025-06-12 11:02:00,59.1
2025-06-12 18:43:00,50.60542317173377
2025-06-12 18:53:00,99.0
2025-06-12 16:55:00,27.6
2025-06-12 22:27:00,17.8
2025-06-12 14:16:00,76.3
2025-06-12 06:38:00,50.60542317173377
2025-06-12 05:09:00,53.1
2025-06-12 13:08:00,46.3
2025-06-12 21:41:00,30.4
2025-06-12 23:27:00,79.3
2025-06-12 19:03:00,85.9
2025-06-12 21:49:00,39.1
2025-06-12 07:45:00,76.2
2025-06-12 09:48:00,64.8
2025-06-12 22:28:00,97.4
2025-06-12 07:35:00,50.60542317173377
2025-06-12 19:36:00,56.8
2025-06-12 08:38:00,57.8
2025-06-12 18:06:00,74.6
2025-06-12 10:48:00,2.8
2025-06-12 11:51:00,10.5
2025-06-12 06:00:00,50.60542317173377
2025-06-12 18:34:00,28.6
2025-06-12 18:43:00,74.5
2025-06-12 07:03:00,57.6
2025-06-12 10:00:00,88.7
2025-06-12 21:51:00,16.5
2025-06-12 00:18:00,51.3
2025-06-12 14:51:00,38.4
2025-06-12 11:08:00,53.7
2025-06-12 00:35:00,84.9
2025-06-12 17:20:00,9.7
2025-06-12 04:53:00,58.7
2025-06-12 13:16:00,9.1
2025-06-12 02:26:00,15.4
2025-06-12 09:23:00,30.9
2025-06-12 21:48:00,62.6
2025-06-12 11:57:00,79.4
2025-06-12 21:55:00,17.9
2025-06-12 14:43:00,50.60542317173377
2025-06-12 09:04:00,73.9
2025-06-12 22:05:00,28.6
2025-06-12 02:00:00,71.3
2025-06-12 18:09:00,25.0
2025-06-12 18:46:00,50.60542317173377
2025-06-12 18:35:00,63.5
2025-06-12 13:03:00,84.6
2025-06-12 22:09:00,75.4
2025-06-12 21:30:00,3.3
2025-06-12 19:36:00,16.3
2025-06-12 07:32:00,50.60542317173377
2025-06-12 02:30:00,6.7
2025-06-12 09:21:00,9.4
2025-06-12 17:51:00,64.9
2025-06-12 21:45:00,65.5
2025-06-12 10:34:00,95.9
2025-06-12 01:45:00,80.4
2025-06-12 09:49:00,8.2
2025-06-12 17:23:00,84.1
2025-06-12 11:41:00,62.5
2025-06-12 21:18:00,1.0
2025-06-12 04:28:00,11.9
2025-06-12 23:26:00,50.60542317173377
2025-06-12 11:05:00,29.4
2025-06-12 04:38:00,74.8
2025-06-12 12:29:00,74.1
2025-06-12 09:54:00,50.60542317173377
2025-06-12 02:23:00,60.7
2025-06-12 13:32:00,50.60542317173377
2025-06-12 22:03:00,34.2
2025-06-12 23:17:00,41.5
2025-06-12 17:36:00,76.8
2025-06-12 07:09:00,0.5
2025-06-12 18:03:00,35.3
2025-06-12 08:14:00,22.0
2025-06-12 08:52:00,25.5
2025-06-12 01:40:00,24.3
2025-06-12 10:51:00,50.60542317173377
2025-06-12 08:57:00,94.3
2025-06-12 10:38:00,50.60542317173377
2025-06-12 19:59:00,29.0
2025-06-12 00:58:00,93.3
2025-06-12 09:59:00,79.2
2025-06-12 21:35:00,83.8
2025-06-12 18:26:00,86.3
2025-06-12 17:52:00,39.6
2025-06-12 23:03:00,52.2
2025-06-12 09:08:00,17.4
2025-06-12 01:06:00,16.0
2025-06-12 18:02:00,47.5
2025-06-12 05:29:00,86.6
2025-06-12 14:27:00,54.7
2025-06-12 20:40:00,83.4
2025-06-12 08:42:00,32.3
2025-06-12 12:24:00,15.6
2025-06-12 09:04:00,7.3
2025-06-12 21:22:00,53.3
2025-06-12 04:26:00,71.3
2025-06-12 17:20:00,15.7
2025-06-12 09:08:00,50.4
2025-06-12 18:50:00,48.5
2025-06-12 20:13:00,32.1
2025-06-12 02:23:00,51.1
2025-06-12 10:18:00,50.60542317173377
2025-06-12 17:48:00,48.2
2025-06-12 11:23:00,97.8
2025-06-12 04:24:00,64.0
2025-06-12 11:14:00,50.3
2025-06-12 21:57:00,27.2
2025-06-12 01:10:00,50.60542317173377
2025-06-12 12:50:00,57.2
2025-06-12 07:08:00,59.3
2025-06-12 10:07:00,50.60542317173377
2025-06-12 03:01:00,35.7
2025-06-12 15:03:00,64.1
2025-06-12 23:18:00,14.8
2025-06-12 12:25:00,60.1
2025-06-12 21:16:00,44.8
2025-06-12 22:47:00,99.6
2025-06-12 05:05:00,27.4
2025-06-12 20:22:00,19.7
2025-06-12 18:00:00,36.5
2025-06-12 01:20:00,20.9
2025-06-12 22:50:00,84.1
2025-06-12 05:41:00,79.6
2025-06-12 20:44:00,32.7
2025-06-12 18:46:00,66.1
2025-06-12 14:23:00,97.1
2025-06-12 10:27:00,68.4
2025-06-12 01:39:00,50.60542317173377
2025-06-12 00:26:00,61.5
2025-06-12 01:01:00,2.0
2025-06-12 05:19:00,86.0
2025-06-12 08:16:00,14.0
2025-06-12 22:01:00,95.3
2025-06-12 01:05:00,41.5
2025-06-12 15:19:00,91.0
2025-06-12 12:46:00,98.4
2025-06-12 17:13:00,1.4
2025-06-12 17:57:00,95.7
2025-06-12 16:44:00,7.2
2025-06-12 10:06:00,50.60542317173377
2025-06-12 16:29:00,19.2
2025-06-12 08:10:00,56.9
2025-06-12 07:12:00,58.6
2025-06-12 00:12:00,51.9
2025-06-12 19:17:00,94.8
2025-06-12 17:04:00,66.2
2025-06-12 04:50:00,94.9
2025-06-12 01:45:00,50.60542317173377
2025-06-12 12:42:00,54.8
2025-06-12 14:31:00,56.5
2025-06-12 14:08:00,19.6
2025-06-12 07:03:00,7.2
2025-06-12 19:46:00,75.8
2025-06-12 09:18:00,32.4
2025-06-12 03:30:00,44.3
2025-06-12 01:16:00,5.8
2025-06-12 06:38:00,39.1
2025-06-12 03:28:00,96.5
2025-06-12 10:34:00,50.60542317173377
2025-06-12 07:10:00,52.6
2025-06-12 14:11:00,77.5
2025-06-12 16:30:00,15.3
2025-06-12 05:05:00,90.2
2025-06-12 07:56:00,50.60542317173377
2025-06-12 05:19:00,56.7
2025-06-12 14:14:00,34.4
2025-06-12 07:36:00,31.8
2025-06-12 11:40:00,46.9
2025-06-12 09:10:00,70.6
2025-06-12 23:22:00,59.8
2025-06-12 04:13:00,9.5
2025-06-12 11:28:00,47.2
2025-06-12 04:33:00,50.60542317173377
2025-06-12 05:30:00,34.4
2025-06-12 04:23:00,35.0
2025-06-12 19:55:00,45.9
2025-06-12 07:21:00,21.5
2025-06-12 13:16:00,10.6
2025-06-12 04:29:00,99.7
2025-06-12 18:39:00,93.9
2025-06-12 05:10:00,97.2
2025-06-12 01:56:00,80.7
2025-06-12 09:34:00,29.9
2025-06-12 17:35:00,0.9
2025-06-12 20:21:00,50.60542317173377
2025-06-12 22:46:00,40.8
2025-06-12 06:48:00,80.5
2025-06-12 08:16:00,50.60542317173377
2025-06-12 05:45:00,35.5
2025-06-12 09:20:00,46.7
2025-06-12 03:16:00,27.4
2025-06-12 02:43:00,59.6
2025-06-12 00:49:00,50.60542317173377
2025-06-12 04:58:00,49.1
2025-06-12 19:29:00,47.0
2025-06-12 17:06:00,95.8
2025-06-12 11:52:00,23.1
2025-06-12 02:46:00,90.1
2025-06-12 13:20:00,98.4
2025-06-12 21:45:00,84.7
2025-06-12 09:20:00,37.1
2025-06-12 07:26:00,82.5
2025-06-12 13:41:00,7.6
2025-06-12 09:24:00,75.1
2025-06-12 20:48:00,35.1
2025-06-12 15:01:00,39.0
2025-06-12 21:46:00,52.3
2025-06-12 17:08:00,26.9
2025-06-12 12:24:00,21.2
2025-06-12 07:52:00,58.2
2025-06-12 10:08:00,9.6
2025-06-12 14:11:00,98.4
2025-06-12 11:22:00,50.60542317173377
2025-06-12 15:05:00,2.4
2025-06-12 02:52:00,15.8
2025-06-12 06:40:00,50.60542317173377
2025-06-12 06:10:00,59.3
2025-06-12 04:21:00,70.9
2025-06-12 23:36:00,50.60542317173377
2025-06-12 20:45:00,50.60542317173377
2025-06-12 12:19:00,50.60542317173377
2025-06-12 23:30:00,61.6
2025-06-12 04:15:00,25.5
2025-06-12 16:51:00,51.7
2025-06-12 23:12:00,52.7
2025-06-12 20:33:00,93.3
2025-06-12 12:23:00,21.2
2025-06-12 13:48:00,16.0
2025-06-12 15:50:00,50.60542317173377
2025-06-12 00:45:00,77.9
2025-06-12 10:15:00,51.5
2025-06-12 02:28:00,15.5
2025-06-12 23:42:00,96.0
2025-06-12 10:04:00,50.60542317173377
2025-06-12 02:27:00,90.4
2025-06-12 22:30:00,41.0
2025-06-12 22:33:00,62.1
2025-06-12 15:25:00,81.0
2025-06-12 06:41:00,72.1
2025-06-12 13:37:00,88.8
2025-06-12 09:54:00,82.1
2025-06-12 18:00:00,11.3
2025-06-12 07:25:00,78.1
2025-06-12 11:03:00,72.1
2025-06-12 05:31:00,20.7
2025-06-12 03:50:00,50.60542317173377
2025-06-12 16:18:00,20.9
2025-06-12 03:39:00,53.8
2025-06-12 11:31:00,90.7
2025-06-12 12:32:00,98.0
2025-06-12 07:47:00,3.1
2025-06-12 22:11:00,49.2
2025-06-12 18:18:00,93.0
2025-06-12 04:19:00,85.5
2025-06-12 21:28:00,65.6
2025-06-12 19:40:00,40.8
2025-06-12 18:27:00,50.60542317173377
2025-06-12 22:48:00,50.60542317173377
2025-06-12 08:30:00,50.60542317173377
2025-06-12 10:17:00,44.9
2025-06-12 07:27:00,65.2
2025-06-12 13:48:00,90.8
2025-06-12 13:23:00,47.7
2025-06-12 16:39:00,90.4
2025-06-12 13:28:00,87.3
2025-06-12 21:00:00,4.1
2025-06-12 06:27:00,50.60542317173377
2025-06-12 01:32:00,23.7
2025-06-12 14:36:00,0.8
2025-06-12 11:23:00,4.9
2025-06-12 06:11:00,25.2
2025-06-12 18:02:00,16.1
2025-06-12 08:17:00,50.4
2025-06-12 09:18:00,50.60542317173377
2025-06-12 09:14:00,53.1
2025-06-12 22:12:00,79.9
2025-06-12 21:53:00,72.6
2025-06-12 04:12:00,14.6
2025-06-12 00:56:00,78.8
2025-06-12 05:04:00,91.3
2025-06-12 05:53:00,98.0
2025-06-12 23:16:00,12.2
2025-06-12 03:00:00,93.6
2025-06-12 23:42:00,17.4
2025-06-12 10:19:00,76.0
2025-06-12 14:28:00,58.7
2025-06-12 13:31:00,3.5
2025-06-12 01:47:00,52.4
2025-06-12 11:45:00,5.7
2025-06-12 20:18:00,76.8
2025-06-12 17:41:00,54.2
2025-06-12 14:25:00,31.9
2025-06-12 18:50:00,75.6
2025-06-12 13:29:00,99.2
2025-06-12 19:24:00,74.5
2025-06-12 13:36:00,29.7
2025-06-12 23:07:00,34.1
2025-06-12 01:55:00,28.5
2025-06-12 15:52:00,6.9
2025-06-12 00:29:00,14.3
2025-06-12 09:47:00,99.5
2025-06-12 17:40:00,53.3
2025-06-12 22:42:00,49.935598591549294
2025-06-12 19:07:00,49.935598591549294
2025-06-12 11:13:00,59.3
2025-06-12 23:13:00,49.935598591549294
2025-06-12 16:13:00,15.1
2025-06-12 06:21:00,49.935598591549294
2025-06-12 10:49:00,13.5
2025-06-12 02:35:00,6.2
2025-06-12 03:42:00,49.935598591549294
2025-06-12 15:10:00,30.2
2025-06-12 10:25:00,86.9
2025-06-12 23:28:00,66.1
2025-06-12 12:29:00,60.6
2025-06-12 04:44:00,76.1
2025-06-12 03:35:00,49.935598591549294
2025-06-12 01:11:00,0.7
2025-06-12 09:27:00,64.7
2025-06-12 19:51:00,59.0
2025-06-12 12:06:00,6.2
2025-06-12 11:27:00,10.1
2025-06-12 04:26:00,1.9
2025-06-12 14:42:00,3.5
2025-06-12 20:26:00,75.0
2025-06-12 20:26:00,6.3
2025-06-12 14:56:00,94.4
2025-06-12 17:13:00,5.5
2025-06-12 16:52:00,49.935598591549294
2025-06-12 22:01:00,98.2
2025-06-12 08:02:00,1.3
2025-06-12 23:58:00,61.8
2025-06-12 03:22:00,35.4
2025-06-12 04:37:00,49.935598591549294
2025-06-12 06:49:00,14.6
2025-06-12 02:23:00,42.6
2025-06-12 14:58:00,87.4
2025-06-12 06:00:00,74.3
2025-06-12 22:46:00,9.1
2025-06-12 12:33:00,96.3
2025-06-12 21:04:00,69.5
2025-06-12 18:12:00,98.0
2025-06-12 15:23:00,21.2
2025-06-12 04:00:00,65.4
2025-06-12 06:38:00,51.2
2025-06-12 19:04:00,44.1
2025-06-12 19:11:00,69.0
2025-06-12 00:03:00,25.7
2025-06-12 15:22:00,63.8
2025-06-12 09:59:00,47.2
2025-06-12 20:21:00,85.5
2025-06-12 07:57:00,67.5
2025-06-12 12:01:00,20.4
2025-06-12 10:08:00,10.3
2025-06-12 02:41:00,7.1
2025-06-12 09:15:00,64.7
2025-06-12 07:38:00,15.9
2025-06-12 07:04:00,92.3
2025-06-12 20:38:00,49.935598591549294
2025-06-12 06:57:00,49.935598591549294
2025-06-12 16:38:00,86.1
2025-06-12 00:06:00,4.1
2025-06-12 20:01:00,3.4
2025-06-12 06:11:00,30.9
2025-06-12 15:02:00,6.1
2025-06-12 03:21:00,66.0
2025-06-12 11:23:00,63.9
2025-06-12 17:27:00,24.6
2025-06-12 22:13:00,79.1
2025-06-12 18:03:00,45.2
2025-06-12 15:39:00,66.0
2025-06-12 01:38:00,17.0
2025-06-12 20:25:00,41.0
2025-06-12 10:03:00,86.4
2025-06-12 13:01:00,35.7
2025-06-12 01:00:00,52.6
2025-06-12 09:26:00,59.0
2025-06-12 04:16:00,74.5
2025-06-12 07:53:00,78.0
2025-06-12 23:20:00,72.1
2025-06-12 21:23:00,49.935598591549294
2025-06-12 05:45:00,49.935598591549294
2025-06-12 09:26:00,62.4
2025-06-12 12:00:00,29.8
2025-06-12 15:00:00,49.935598591549294
2025-06-12 17:28:00,66.7
2025-06-12 03:01:00,76.9
2025-06-12 10:21:00,45.3
2025-06-12 07:43:00,49.935598591549294
2025-06-12 00:32:00,69.1
2025-06-12 11:33:00,11.0
2025-06-12 04:32:00,23.7
2025-06-12 08:13:00,68.1
2025-06-12 00:25:00,100.0
2025-06-12 18:30:00,56.3
2025-06-12 03:45:00,20.4
2025-06-12 08:08:00,39.2
2025-06-12 06:25:00,0.6
2025-06-12 09:51:00,27.6
2025-06-12 13:05:00,18.0
2025-06-12 02:15:00,86.0
2025-06-12 09:30:00,34.8
2025-06-12 09:43:00,50.4
2025-06-12 17:39:00,8.3
2025-06-12 15:12:00,42.1
2025-06-12 21:15:00,49.935598591549294
2025-06-12 20:04:00,49.935598591549294
2025-06-12 05:51:00,73.1
2025-06-12 18:03:00,22.7
2025-06-12 11:11:00,76.1
2025-06-12 13:04:00,75.4
2025-06-12 06:57:00,5.1
2025-06-12 22:56:00,91.8
2025-06-12 20:10:00,94.3
2025-06-12 17:55:00,18.9
2025-06-12 23:31:00,61.1
2025-06-12 08:22:00,57.0
2025-06-12 16:26:00,5.1
2025-06-12 05:28:00,43.7
2025-06-12 00:57:00,49.935598591549294
2025-06-12 09:45:00,14.6
2025-06-12 22:01:00,45.8
2025-06-12 04:29:00,49.935598591549294
2025-06-12 10:46:00,6.3
2025-06-12 23:27:00,38.3
2025-06-12 23:10:00,32.5
2025-06-12 01:56:00,49.935598591549294
2025-06-12 17:33:00,40.3
2025-06-12 09:37:00,30.5
2025-06-12 13:09:00,90.3
2025-06-12 07:55:00,7.0
2025-06-12 05:20:00,68.2
2025-06-12 04:25:00,27.9
2025-06-12 02:29:00,14.9
2025-06-12 14:34:00,2.0
2025-06-12 09:12:00,94.4
2025-06-12 09:13:00,28.2
2025-06-12 19:32:00,83.9
2025-06-12 03:02:00,49.935598591549294
2025-06-12 14:40:00,89.6
2025-06-12 12:10:00,4.8
2025-06-12 10:50:00,95.4
2025-06-12 00:45:00,39.4
2025-06-12 20:10:00,52.7
2025-06-12 04:20:00,44.7
2025-06-12 18:10:00,52.3
2025-06-12 05:59:00,88.5
2025-06-12 23:00:00,41.3
2025-06-12 13:59:00,30.9
2025-06-12 18:47:00,57.8
2025-06-12 15:38:00,71.9
2025-06-12 00:42:00,8.7
2025-06-12 11:13:00,63.3
2025-06-12 13:41:00,45.1
2025-06-12 18:16:00,55.5
2025-06-12 21:34:00,65.8
2025-06-12 15:51:00,79.2
2025-06-12 11:57:00,40.1
2025-06-12 08:41:00,99.3
2025-06-12 19:45:00,45.3
2025-06-12 03:30:00,55.5
2025-06-12 21:53:00,68.2
2025-06-12 11:01:00,28.8
2025-06-12 13:15:00,89.4
2025-06-12 11:35:00,49.6
2025-06-12 04:13:00,54.9
2025-06-12 07:55:00,69.5
2025-06-12 03:33:00,89.0
2025-06-12 16:13:00,49.935598591549294
2025-06-12 14:48:00,81.4
2025-06-12 23:26:00,10.9
2025-06-12 00:37:00,49.935598591549294
2025-06-12 09:13:00,62.4
2025-06-12 21:48:00,26.3
2025-06-12 11:28:00,49.935598591549294
2025-06-12 22:52:00,23.8
2025-06-12 19:51:00,9.6
2025-06-12 06:57:00,49.935598591549294
2025-06-12 00:38:00,99.7
2025-06-12 09:54:00,83.7
2025-06-12 04:34:00,58.1
2025-06-12 13:30:00,35.3
2025-06-12 19:09:00,32.7
2025-06-12 23:35:00,63.6
2025-06-12 04:03:00,49.935598591549294
2025-06-12 15:36:00,24.9
2025-06-12 01:41:00,33.6
2025-06-12 17:55:00,85.0
2025-06-12 04:50:00,41.1
2025-06-12 01:03:00,66.8
2025-06-12 12:23:00,16.8
2025-06-12 01:04:00,85.2
2025-06-12 21:53:00,82.5
2025-06-12 14:18:00,19.9
2025-06-12 09:34:00,49.935598591549294
2025-06-12 23:09:00,88.9
2025-06-12 03:39:00,26.9
2025-06-12 19:30:00,50.0
2025-06-12 06:09:00,31.4
2025-06-12 13:20:00,32.2
2025-06-12 07:27:00,82.7
2025-06-12 06:39:00,51.9
2025-06-12 17:06:00,49.935598591549294
2025-06-12 19:37:00,49.935598591549294
2025-06-12 16:35:00,88.9
2025-06-12 22:25:00,75.3
2025-06-12 08:49:00,24.5
2025-06-12 01:27:00,82.6
2025-06-12 12:00:00,63.8
2025-06-12 15:09:00,93.0
2025-06-12 22:13:00,53.4
2025-06-12 23:07:00,1.9
2025-06-12 20:12:00,34.4
2025-06-12 10:18:00,99.0
2025-06-12 18:51:00,52.9
2025-06-12 23:17:00,5.1
2025-06-12 21:57:00,60.2
2025-06-12 07:00:00,49.935598591549294
2025-06-12 10:23:00,81.0
2025-06-12 20:31:00,67.3
2025-06-12 09:43:00,91.1
2025-06-12 14:39:00,66.1
2025-06-12 02:44:00,49.8
2025-06-12 13:54:00,10.1
2025-06-12 11:00:00,49.935598591549294
2025-06-12 12:52:00,21.3
2025-06-12 00:43:00,75.0
2025-06-12 11:00:00,96.6
2025-06-12 12:31:00,49.935598591549294
2025-06-12 09:46:00,49.935598591549294
2025-06-12 06:12:00,42.5
2025-06-12 00:06:00,71.8
2025-06-12 00:03:00,40.9
2025-06-12 23:58:00,21.0
2025-06-12 15:04:00,46.1
2025-06-12 23:36:00,19.3
2025-06-12 14:19:00,49.935598591549294
2025-06-12 05:42:00,85.1
2025-06-12 17:32:00,46.7
2025-06-12 21:48:00,49.935598591549294
2025-06-12 21:37:00,47.3
2025-06-12 09:48:00,65.8
2025-06-12 08:21:00,63.8
2025-06-12 10:06:00,49.935598591549294
2025-06-12 02:07:00,39.5
2025-06-12 09:38:00,99.7
2025-06-12 15:56:00,49.935598591549294
2025-06-12 18:50:00,64.8
2025-06-12 03:44:00,56.7
2025-06-12 01:42:00,64.7
2025-06-12 20:52:00,30.2
2025-06-12 21:13:00,2.5
2025-06-12 07:14:00,99.8
2025-06-12 05:50:00,30.2
2025-06-12 09:45:00,25.2
2025-06-12 09:19:00,85.4
2025-06-12 18:23:00,20.8
2025-06-12 22:42:00,12.3
2025-06-12 09:15:00,73.0
2025-06-12 20:01:00,20.3
2025-06-12 07:22:00,94.5
2025-06-12 10:49:00,49.3
2025-06-12 02:14:00,19.5
2025-06-12 11:04:00,25.1
2025-06-12 13:55:00,4.0
2025-06-12 14:39:00,97.0
2025-06-12 11:33:00,78.7
2025-06-12 14:06:00,49.935598591549294
2025-06-12 06:50:00,49.935598591549294
2025-06-12 08:56:00,45.0
2025-06-12 04:43:00,68.2
2025-06-12 00:04:00,95.6
2025-06-12 11:59:00,76.9
2025-06-12 03:33:00,0.6
2025-06-12 05:43:00,38.1
2025-06-12 07:24:00,49.935598591549294
2025-06-12 14:35:00,49.935598591549294
2025-06-12 06:52:00,59.1
2025-06-12 10:17:00,82.4
2025-06-12 01:52:00,19.6
2025-06-12 00:51:00,49.935598591549294
2025-06-12 17:49:00,95.9
2025-06-12 14:15:00,92.6
2025-06-12 09:49:00,9.2
2025-06-12 23:24:00,13.1
2025-06-12 19:11:00,17.3
2025-06-12 06:06:00,86.4
2025-06-12 23:46:00,49.935598591549294
2025-06-12 19:40:00,13.6
2025-06-12 01:17:00,11.5
2025-06-12 10:21:00,98.5
2025-06-12 16:12:00,91.6
2025-06-12 11:58:00,51.1
2025-06-12 07:23:00,6.0
2025-06-12 12:33:00,49.935598591549294
2025-06-12 02:54:00,90.3
2025-06-12 16:26:00,30.9
2025-06-12 06:00:00,56.2
2025-06-12 07:47:00,78.2
2025-06-12 16:58:00,34.5
2025-06-12 01:00:00,34.2
2025-06-12 06:10:00,88.9
2025-06-12 10:28:00,76.3
2025-06-12 03:55:00,37.4
2025-06-12 04:14:00,24.9
2025-06-12 00:37:00,90.8
2025-06-12 22:54:00,49.935598591549294
2025-06-12 20:24:00,95.1
2025-06-12 21:27:00,38.8
2025-06-12 04:58:00,51.7
2025-06-12 20:13:00,18.5
2025-06-12 11:16:00,57.8
2025-06-12 21:53:00,25.2
2025-06-12 15:49:00,60.1
2025-06-12 21:49:00,22.6
2025-06-12 17:15:00,49.935598591549294
2025-06-12 14:22:00,65.6
2025-06-12 13:13:00,25.4
2025-06-12 15:17:00,49.935598591549294
2025-06-12 16:33:00,94.7
2025-06-12 13:02:00,87.2
2025-06-12 04:54:00,26.1
2025-06-12 04:00:00,7.4
2025-06-12 21:08:00,17.8
2025-06-12 20:33:00,43.9
2025-06-12 00:47:00,69.6
2025-06-12 02:48:00,69.7
2025-06-12 10:49:00,17.6
2025-06-12 01:21:00,53.7
2025-06-12 13:08:00,51.7
2025-06-12 23:25:00,90.5
2025-06-12 05:38:00,62.8
2025-06-12 17:47:00,38.0
2025-06-12 19:16:00,9.5
2025-06-12 08:40:00,81.1
2025-06-12 21:19:00,24.9
2025-06-12 06:33:00,54.3
2025-06-12 18:46:00,78.9
2025-06-12 22:17:00,96.4
2025-06-12 20:36:00,75.6
2025-06-12 00:49:00,69.1
2025-06-12 04:46:00,42.5
2025-06-12 04:01:00,38.2
2025-06-12 01:58:00,5.0
2025-06-12 19:17:00,57.4
2025-06-12 11:40:00,49.935598591549294
2025-06-12 14:57:00,6.7
2025-06-12 16:19:00,5.7
2025-06-12 21:41:00,61.9
2025-06-12 20:14:00,93.3
2025-06-12 22:46:00,21.5
2025-06-12 17:54:00,34.7
2025-06-12 07:42:00,66.1
2025-06-12 15:54:00,28.2
2025-06-12 09:13:00,65.5
2025-06-12 02:11:00,51.0
2025-06-12 15:52:00,32.0
2025-06-12 08:57:00,85.9
2025-06-12 09:20:00,67.7
2025-06-12 03:04:00,12.2
2025-06-12 10:21:00,49.740225962104276
2025-06-12 17:29:00,3.2
2025-06-12 22:22:00,70.6
2025-06-12 00:20:00,49.740225962104276
2025-06-12 00:57:00,4.4
2025-06-12 13:05:00,19.1
2025-06-12 17:50:00,96.0
2025-06-12 19:46:00,88.6
2025-06-12 13:03:00,73.9
2025-06-12 19:51:00,49.740225962104276
2025-06-12 03:13:00,47.7
2025-06-12 11:01:00,72.1
2025-06-12 15:16:00,49.740225962104276
2025-06-12 22:04:00,76.6
2025-06-12 10:12:00,86.8
2025-06-12 10:01:00,96.2
2025-06-12 12:14:00,26.7
2025-06-12 09:20:00,30.2
2025-06-12 08:51:00,49.740225962104276
2025-06-12 09:35:00,40.8
2025-06-12 00:46:00,84.7
2025-06-12 15:12:00,32.1
2025-06-12 06:17:00,13.4
2025-06-12 11:40:00,49.740225962104276
2025-06-12 03:25:00,85.9
2025-06-12 14:09:00,33.7
2025-06-12 18:27:00,32.2
2025-06-12 20:53:00,49.740225962104276
2025-06-12 16:05:00,49.740225962104276
2025-06-12 05:13:00,40.1
2025-06-12 22:44:00,59.4
2025-06-12 00:29:00,70.2
2025-06-12 06:19:00,94.6
2025-06-12 07:34:00,77.1
2025-06-12 00:07:00,96.0
2025-06-12 04:58:00,19.5
2025-06-12 03:34:00,63.4
2025-06-12 19:15:00,70.8
2025-06-12 21:58:00,49.740225962104276
2025-06-12 13:57:00,66.8
2025-06-12 08:10:00,49.740225962104276
2025-06-12 21:46:00,97.7
2025-06-12 21:51:00,51.1
2025-06-12 18:08:00,55.2
2025-06-12 05:03:00,12.3
2025-06-12 20:10:00,64.2
2025-06-12 04:17:00,62.0
2025-06-12 07:04:00,1.8
2025-06-12 00:43:00,94.1
2025-06-12 04:31:00,32.5
2025-06-12 18:08:00,19.7
2025-06-12 16:22:00,60.7
2025-06-12 19:20:00,11.9
2025-06-12 19:36:00,85.4
2025-06-12 13:11:00,21.3
2025-06-12 07:36:00,3.8
2025-06-12 09:08:00,49.740225962104276
2025-06-12 22:04:00,33.9
2025-06-12 00:42:00,62.0
2025-06-12 07:23:00,9.2
2025-06-12 01:40:00,66.5
2025-06-12 20:35:00,89.6
2025-06-12 03:39:00,41.2
2025-06-12 20:19:00,2.7
2025-06-12 09:17:00,49.740225962104276
2025-06-12 09:43:00,49.740225962104276
2025-06-12 15:47:00,89.0
2025-06-12 14:13:00,50.9
2025-06-12 06:22:00,49.740225962104276
2025-06-12 18:18:00,95.4
2025-06-12 01:41:00,12.6
2025-06-12 21:04:00,98.8
2025-06-12 09:43:00,17.1
2025-06-12 04:44:00,47.3
2025-06-12 12:06:00,49.740225962104276
2025-06-12 08:42:00,34.5
2025-06-12 03:07:00,33.7
2025-06-12 15:55:00,9.7
2025-06-12 12:58:00,49.740225962104276
2025-06-12 22:46:00,49.740225962104276
2025-06-12 15:45:00,27.0
2025-06-12 06:11:00,7.0
2025-06-12 17:04:00,61.3
2025-06-12 09:27:00,40.1
2025-06-12 13:36:00,81.2
2025-06-12 00:52:00,73.1
2025-06-12 11:35:00,87.6
2025-06-12 04:07:00,24.7
2025-06-12 11:39:00,77.5
2025-06-12 15:06:00,83.6
2025-06-12 01:32:00,44.3
2025-06-12 13:20:00,74.7
2025-06-12 17:41:00,35.9
2025-06-12 20:24:00,33.1
2025-06-12 12:13:00,75.6
2025-06-12 09:30:00,9.9
2025-06-12 16:19:00,49.740225962104276
2025-06-12 12:44:00,49.740225962104276
2025-06-12 15:07:00,2.5
2025-06-12 19:56:00,30.7
2025-06-12 09:21:00,10.1
2025-06-12 01:43:00,54.0
2025-06-12 00:33:00,9.9
2025-06-12 20:18:00,49.740225962104276
2025-06-12 21:27:00,16.8
2025-06-12 14:43:00,49.740225962104276
2025-06-12 11:25:00,3.7
2025-06-12 11:13:00,79.6
2025-06-12 05:55:00,79.7
2025-06-12 09:01:00,97.9
2025-06-12 11:15:00,90.7
2025-06-12 13:43:00,37.9
2025-06-12 13:27:00,49.740225962104276
2025-06-12 17:02:00,48.9
2025-06-12 19:39:00,21.8
2025-06-12 06:38:00,40.4
2025-06-12 02:23:00,49.740225962104276
2025-06-12 22:48:00,97.5
2025-06-12 00:32:00,51.5
2025-06-12 07:56:00,55.8
2025-06-12 15:59:00,87.6
2025-06-12 22:30:00,33.4
2025-06-12 04:44:00,18.7
2025-06-12 08:40:00,61.2
2025-06-12 10:25:00,45.5
2025-06-12 05:55:00,94.0
2025-06-12 14:00:00,65.6
2025-06-12 03:31:00,78.7
2025-06-12 11:42:00,2.0
2025-06-12 01:38:00,84.5
2025-06-12 16:27:00,37.2
2025-06-12 13:10:00,89.4
2025-06-12 02:59:00,92.3
2025-06-12 19:16:00,43.4
2025-06-12 05:05:00,59.2
2025-06-12 10:43:00,49.740225962104276
2025-06-12 23:58:00,7.7
2025-06-12 09:55:00,76.0
2025-06-12 13:56:00,25.6
2025-06-12 22:10:00,93.7
2025-06-12 04:49:00,93.9
2025-06-12 02:35:00,49.740225962104276
2025-06-12 07:04:00,38.4
2025-06-12 11:12:00,100.0
2025-06-12 11:12:00,82.3
2025-06-12 23:39:00,15.3
2025-06-12 21:19:00,49.740225962104276
2025-06-12 21:54:00,52.8
2025-06-12 18:42:00,15.4
2025-06-12 14:04:00,49.740225962104276
2025-06-12 07:08:00,70.9
2025-06-12 20:07:00,98.7
2025-06-12 18:03:00,49.740225962104276
2025-06-12 23:15:00,41.5
2025-06-12 03:39:00,59.6
2025-06-12 03:41:00,14.5
2025-06-12 16:55:00,41.4
2025-06-12 06:06:00,96.6
2025-06-12 12:32:00,33.8
2025-06-12 19:18:00,49.740225962104276
2025-06-12 10:07:00,85.5
2025-06-12 08:57:00,20.6
2025-06-12 20:07:00,10.3
2025-06-12 20:43:00,15.6
2025-06-12 06:14:00,21.7
2025-06-12 00:14:00,9.7
2025-06-12 17:44:00,32.7
2025-06-12 02:19:00,98.2
2025-06-12 00:01:00,49.740225962104276
2025-06-12 03:56:00,64.8
2025-06-12 23:18:00,34.7
2025-06-12 04:41:00,5.2
2025-06-12 15:06:00,63.4
2025-06-12 15:50:00,84.5
2025-06-12 22:19:00,59.3
2025-06-12 16:35:00,26.8
2025-06-12 03:42:00,5.0
2025-06-12 04:01:00,34.4
2025-06-12 05:43:00,22.8
2025-06-12 15:41:00,13.2
2025-06-12 18:53:00,7.7
2025-06-12 08:14:00,82.0
2025-06-12 14:07:00,79.8
2025-06-12 06:05:00,17.8
2025-06-12 18:03:00,99.8
2025-06-12 15:24:00,26.5
2025-06-12 04:18:00,80.5
2025-06-12 23:51:00,9.5
2025-06-12 14:42:00,49.740225962104276
2025-06-12 15:19:00,49.740225962104276
2025-06-12 03:21:00,25.7
2025-06-12 03:56:00,49.740225962104276
2025-06-12 03:11:00,29.8
2025-06-12 20:37:00,11.0
2025-06-12 06:47:00,42.8
2025-06-12 05:41:00,73.4
2025-06-12 18:35:00,51.7
2025-06-12 21:18:00,3.5
2025-06-12 07:15:00,85.4
2025-06-12 22:49:00,88.2
2025-06-12 08:18:00,49.740225962104276
2025-06-12 07:15:00,47.8
2025-06-12 08:54:00,5.7
2025-06-12 11:08:00,49.740225962104276
2025-06-12 15:07:00,49.740225962104276
2025-06-12 06:21:00,49.740225962104276
2025-06-12 04:37:00,16.3
2025-06-12 09:08:00,70.5
2025-06-12 17:37:00,5.1
2025-06-12 04:20:00,58.3
2025-06-12 10:46:00,36.3
2025-06-12 08:41:00,7.7
2025-06-12 09:04:00,49.740225962104276
2025-06-12 19:41:00,40.9
2025-06-12 07:04:00,25.6
2025-06-12 00:20:00,60.4
2025-06-12 01:48:00,38.9
2025-06-12 00:38:00,49.740225962104276
2025-06-12 23:38:00,65.0
2025-06-12 23:37:00,6.6
2025-06-12 15:18:00,89.8
2025-06-12 07:07:00,95.8
2025-06-12 03:46:00,37.3
2025-06-12 04:44:00,49.740225962104276
2025-06-12 03:25:00,91.5
2025-06-12 06:18:00,49.740225962104276
2025-06-12 18:07:00,38.4
2025-06-12 13:55:00,49.740225962104276
2025-06-12 20:08:00,96.8
2025-06-12 13:36:00,30.8
2025-06-12 09:41:00,64.2
2025-06-12 01:43:00,10.3
2025-06-12 08:26:00,49.740225962104276
2025-06-12 03:40:00,36.5
2025-06-12 08:11:00,76.5
2025-06-12 05:41:00,50.8
2025-06-12 12:51:00,84.6
2025-06-12 23:19:00,62.8
2025-06-12 11:06:00,67.2
2025-06-12 01:28:00,71.4
2025-06-12 03:31:00,84.2
2025-06-12 09:28:00,7.0
2025-06-12 18:19:00,5.5
2025-06-12 14:06:00,26.7
2025-06-12 09:01:00,47.7
2025-06-12 10:59:00,33.9
2025-06-12 13:27:00,49.4
2025-06-12 19:00:00,87.2
2025-06-12 06:59:00,8.4
2025-06-12 07:21:00,93.8
2025-06-12 18:09:00,63.9
2025-06-12 21:45:00,52.2
2025-06-12 22:46:00,5.2
2025-06-12 03:19:00,65.6
2025-06-12 07:46:00,34.0
2025-06-12 09:42:00,22.2
2025-06-12 04:05:00,14.2
2025-06-12 04:12:00,84.1
2025-06-12 14:12:00,49.740225962104276
2025-06-12 04:20:00,79.9
2025-06-12 12:08:00,49.740225962104276
2025-06-12 11:15:00,74.1
2025-06-12 08:13:00,8.1
2025-06-12 02:09:00,78.1
2025-06-12 04:01:00,3.4
2025-06-12 05:40:00,87.5
2025-06-12 19:16:00,65.9
2025-06-12 11:13:00,30.9
2025-06-12 04:06:00,14.5
2025-06-12 12:27:00,91.0
2025-06-12 14:31:00,53.1
2025-06-12 22:01:00,49.740225962104276
2025-06-12 17:42:00,87.0
2025-06-12 04:56:00,16.6
2025-06-12 12:32:00,56.5
2025-06-12 16:21:00,23.9
2025-06-12 23:53:00,23.7
2025-06-12 02:00:00,14.2
2025-06-12 07:09:00,87.5
2025-06-12 08:47:00,73.1
2025-06-12 05:12:00,50.3
2025-06-12 21:55:00,0.1
2025-06-12 08:58:00,49.740225962104276
2025-06-12 17:36:00,10.9
2025-06-12 23:29:00,49.740225962104276
2025-06-12 19:27:00,16.3
2025-06-12 23:55:00,73.7
2025-06-12 12:24:00,18.0
2025-06-12 09:39:00,76.0
2025-06-12 06:14:00,75.7
2025-06-12 17:02:00,48.9
2025-06-12 19:49:00,25.0
2025-06-12 09:35:00,73.4
2025-06-12 00:12:00,28.9
2025-06-12 15:03:00,1.8
2025-06-12 19:12:00,27.8
2025-06-12 00:47:00,89.5
2025-06-12 14:11:00,86.3
2025-06-12 02:10:00,52.6
2025-06-12 21:47:00,75.2
2025-06-12 03:50:00,14.2
2025-06-12 03:08:00,4.7
2025-06-12 10:42:00,50.9
2025-06-12 19:20:00,65.0
2025-06-12 20:41:00,38.1
2025-06-12 13:51:00,19.6
2025-06-12 06:50:00,62.3
2025-06-12 07:41:00,76.2
2025-06-12 00:11:00,11.6
2025-06-12 04:48:00,29.2
2025-06-12 03:54:00,21.6
2025-06-12 20:55:00,94.1
2025-06-12 20:35:00,58.2
2025-06-12 20:53:00,84.5
2025-06-12 13:47:00,39.2
2025-06-12 15:38:00,67.4
2025-06-12 07:02:00,45.3
2025-06-12 07:57:00,49.740225962104276
2025-06-12 08:42:00,74.1
2025-06-12 03:40:00,39.8
2025-06-12 16:49:00,49.740225962104276
2025-06-12 23:24:00,20.7
2025-06-12 03:52:00,77.7
2025-06-12 04:14:00,59.7
2025-06-12 15:22:00,50.18838223164841
2025-06-12 13:59:00,71.6
2025-06-12 15:08:00,37.8
2025-06-12 12:32:00,1.9
2025-06-12 15:02:00,2.5
2025-06-12 20:43:00,51.0
2025-06-12 23:19:00,93.2
2025-06-12 06:54:00,50.18838223164841
2025-06-12 20:10:00,75.5
2025-06-12 12:18:00,98.5
2025-06-12 09:23:00,39.4
2025-06-12 03:59:00,50.18838223164841
2025-06-12 20:16:00,50.18838223164841
2025-06-12 06:00:00,89.1
2025-06-12 00:35:00,79.2
2025-06-12 17:36:00,51.3
2025-06-12 21:51:00,32.4
2025-06-12 03:33:00,65.7
2025-06-12 12:01:00,21.0
2025-06-12 04:07:00,66.3
2025-06-12 18:13:00,80.4
2025-06-12 06:12:00,26.9
2025-06-12 03:52:00,70.8
2025-06-12 20:04:00,10.1
2025-06-12 18:23:00,58.9
2025-06-12 23:34:00,3.5
2025-06-12 09:16:00,70.7
2025-06-12 07:07:00,83.7
2025-06-12 11:16:00,30.8
2025-06-12 15:00:00,27.0
2025-06-12 09:53:00,50.18838223164841
2025-06-12 17:57:00,70.4
2025-06-12 13:00:00,99.9
2025-06-12 08:20:00,93.9
2025-06-12 19:11:00,14.5
2025-06-12 17:30:00,82.9
2025-06-12 23:59:00,72.1
2025-06-12 03:20:00,50.6
2025-06-12 03:33:00,0.5
2025-06-12 16:29:00,69.6
2025-06-12 08:22:00,50.18838223164841
2025-06-12 01:33:00,50.18838223164841
2025-06-12 15:57:00,48.6
2025-06-12 20:28:00,50.18838223164841
2025-06-12 22:38:00,79.7
2025-06-12 15:29:00,57.9
2025-06-12 13:59:00,50.0
2025-06-12 16:28:00,50.18838223164841
2025-06-12 13:27:00,81.3
2025-06-12 21:16:00,50.18838223164841
2025-06-12 13:37:00,83.8
2025-06-12 05:09:00,69.8
2025-06-12 13:45:00,50.18838223164841
2025-06-12 16:30:00,45.3
2025-06-12 20:15:00,63.7
2025-06-12 17:02:00,50.18838223164841
2025-06-12 03:50:00,72.4
2025-06-12 04:01:00,35.5
2025-06-12 18:27:00,13.2
2025-06-12 11:14:00,2.1
2025-06-12 08:07:00,69.3
2025-06-12 16:51:00,14.3
2025-06-12 11:04:00,58.8
2025-06-12 12:51:00,61.0
2025-06-12 11:27:00,11.0
2025-06-12 03:09:00,39.3
2025-06-12 20:55:00,50.18838223164841
2025-06-12 11:03:00,31.7
2025-06-12 21:16:00,20.9
2025-06-12 21:38:00,66.7
2025-06-12 18:27:00,62.2
2025-06-12 02:34:00,91.9
2025-06-12 02:19:00,19.7
2025-06-12 21:48:00,8.2
2025-06-12 12:07:00,50.18838223164841
2025-06-12 14:34:00,15.0
2025-06-12 21:44:00,5.8
2025-06-12 11:48:00,87.6
2025-06-12 10:24:00,42.7
2025-06-12 22:57:00,92.7
2025-06-12 10:07:00,23.4
2025-06-12 03:23:00,50.18838223164841
2025-06-12 16:52:00,22.3
2025-06-12 06:54:00,74.0
2025-06-12 17:19:00,50.18838223164841
2025-06-12 16:41:00,56.3
2025-06-12 15:58:00,87.6
2025-06-12 12:52:00,83.6
2025-06-12 03:28:00,93.3
2025-06-12 15:38:00,97.8
2025-06-12 17:24:00,50.4
2025-06-12 20:09:00,61.7
2025-06-12 09:17:00,59.6
2025-06-12 18:58:00,20.6
2025-06-12 01:06:00,32.7
2025-06-12 21:09:00,91.4
2025-06-12 19:51:00,18.9
2025-06-12 22:52:00,71.0
2025-06-12 08:19:00,76.2
2025-06-12 15:55:00,25.5
2025-06-12 11:10:00,94.2
2025-06-12 02:42:00,42.8
2025-06-12 17:30:00,76.7
2025-06-12 06:05:00,75.5
2025-06-12 07:06:00,99.9
2025-06-12 12:58:00,50.18838223164841
2025-06-12 02:17:00,83.7
2025-06-12 17:03:00,76.3
2025-06-12 17:27:00,1.8
2025-06-12 08:31:00,18.2
2025-06-12 08:28:00,2.1
2025-06-12 06:53:00,50.18838223164841
2025-06-12 20:11:00,21.7
2025-06-12 08:39:00,98.3
2025-06-12 13:51:00,18.5
2025-06-12 15:58:00,44.7
2025-06-12 02:14:00,89.4
2025-06-12 09:46:00,40.2
2025-06-12 12:09:00,39.1
2025-06-12 04:38:00,2.5
2025-06-12 04:13:00,5.2
2025-06-12 01:16:00,29.7
2025-06-12 10:42:00,7.8
2025-06-12 21:32:00,74.6
2025-06-12 00:01:00,65.4
2025-06-12 15:14:00,72.0
2025-06-12 22:42:00,52.5
2025-06-12 10:24:00,0.9
2025-06-12 02:22:00,81.9
2025-06-12 16:23:00,58.7
2025-06-12 16:15:00,50.18838223164841
2025-06-12 15:21:00,50.18838223164841
2025-06-12 15:10:00,50.18838223164841
2025-06-12 09:45:00,50.18838223164841
2025-06-12 12:48:00,21.0
2025-06-12 19:31:00,25.5
2025-06-12 19:33:00,58.9
2025-06-12 18:25:00,32.8
2025-06-12 23:54:00,75.8
2025-06-12 14:12:00,7.8
2025-06-12 17:31:00,50.18838223164841
2025-06-12 19:35:00,77.0
2025-06-12 00:36:00,22.6
2025-06-12 05:50:00,45.6
2025-06-12 18:51:00,3.0
2025-06-12 07:55:00,40.7
2025-06-12 17:11:00,8.9
2025-06-12 04:45:00,88.7
2025-06-12 02:28:00,73.2
2025-06-12 14:01:00,15.8
2025-06-12 22:44:00,93.3
2025-06-12 05:56:00,92.9
2025-06-12 01:02:00,59.3
2025-06-12 17:40:00,78.6
2025-06-12 17:20:00,2.4
2025-06-12 20:41:00,47.4
2025-06-12 00:42:00,50.18838223164841
2025-06-12 08:37:00,24.7
2025-06-12 15:08:00,26.2
2025-06-12 06:44:00,33.8
2025-06-12 11:59:00,56.0
2025-06-12 17:52:00,44.1
2025-06-12 17:28:00,88.8
2025-06-12 13:20:00,5.3
2025-06-12 07:39:00,24.1
2025-06-12 11:27:00,22.2
2025-06-12 08:45:00,31.2
2025-06-12 13:31:00,44.6
2025-06-12 15:58:00,3.7
2025-06-12 19:37:00,73.8
2025-06-12 08:53:00,33.4
2025-06-12 02:45:00,82.6
2025-06-12 21:43:00,24.7
2025-06-12 01:27:00,70.9
2025-06-12 03:36:00,55.8
2025-06-12 06:13:00,50.18838223164841
2025-06-12 18:51:00,81.2
2025-06-12 05:04:00,72.9
2025-06-12 07:21:00,11.6
2025-06-12 02:43:00,10.6
2025-06-12 12:44:00,98.0
2025-06-12 06:31:00,69.1
2025-06-12 08:41:00,94.2
2025-06-12 18:04:00,36.4
2025-06-12 11:48:00,40.1
2025-06-12 03:28:00,92.6
2025-06-12 00:14:00,47.6
2025-06-12 18:51:00,50.18838223164841
2025-06-12 20:40:00,12.6
2025-06-12 18:23:00,63.2
2025-06-12 14:41:00,47.8
2025-06-12 21:59:00,50.18838223164841
2025-06-12 19:25:00,2.0
2025-06-12 03:32:00,87.6
2025-06-12 01:47:00,31.6
2025-06-12 03:41:00,83.9
2025-06-12 13:08:00,22.9
2025-06-12 01:02:00,50.18838223164841
2025-06-12 19:21:00,60.8
2025-06-12 02:04:00,68.2
2025-06-12 07:33:00,16.5
2025-06-12 05:23:00,51.3
2025-06-12 04:04:00,75.3
2025-06-12 12:25:00,10.2
2025-06-12 20:24:00,50.18838223164841
2025-06-12 12:39:00,5.9
2025-06-12 15:38:00,92.2
2025-06-12 17:20:00,19.2
2025-06-12 22:18:00,50.18838223164841
2025-06-12 06:32:00,50.18838223164841
2025-06-12 12:00:00,21.7
2025-06-12 10:22:00,67.7
2025-06-12 11:57:00,89.4
2025-06-12 03:24:00,2.1
2025-06-12 06:53:00,50.18838223164841
2025-06-12 08:31:00,2.4
2025-06-12 13:21:00,23.7
2025-06-12 23:11:00,53.0
2025-06-12 20:41:00,62.1
2025-06-12 19:33:00,58.7
2025-06-12 08:55:00,76.3
2025-06-12 14:04:00,12.3
2025-06-12 08:25:00,7.3
2025-06-12 10:34:00,50.18838223164841
2025-06-12 11:44:00,32.4
2025-06-12 21:00:00,60.9
2025-06-12 07:07:00,50.18838223164841
2025-06-12 12:44:00,96.8
2025-06-12 22:08:00,73.3
2025-06-12 08:37:00,82.4
2025-06-12 21:59:00,19.4
2025-06-12 01:40:00,50.18838223164841
2025-06-12 15:18:00,83.5
2025-06-12 02:55:00,50.18838223164841
2025-06-12 14:52:00,50.18838223164841
2025-06-12 02:53:00,50.18838223164841
2025-06-12 07:50:00,41.8
2025-06-12 20:31:00,71.7
2025-06-12 01:22:00,50.18838223164841
2025-06-12 18:09:00,79.7
2025-06-12 00:08:00,35.0
2025-06-12 05:28:00,50.18838223164841
2025-06-12 16:28:00,15.7
2025-06-12 10:03:00,50.18838223164841
2025-06-12 19:38:00,58.8
2025-06-12 14:56:00,80.8
2025-06-12 15:03:00,11.4
2025-06-12 13:37:00,50.18838223164841
2025-06-12 18:01:00,50.18838223164841
2025-06-12 01:27:00,11.1
2025-06-12 12:27:00,50.18838223164841
2025-06-12 05:28:00,77.0
2025-06-12 12:10:00,35.7
2025-06-12 09:20:00,50.18838223164841
2025-06-12 04:10:00,93.1
2025-06-12 22:14:00,11.1
2025-06-12 22:21:00,43.1
2025-06-12 01:23:00,34.7
2025-06-12 08:36:00,77.8
2025-06-12 10:57:00,51.9
2025-06-12 17:02:00,79.9
2025-06-12 05:46:00,50.18838223164841
2025-06-12 00:32:00,79.8
2025-06-12 04:40:00,27.1
2025-06-12 17:06:00,69.3
2025-06-12 07:49:00,50.18838223164841
2025-06-12 20:54:00,65.1
2025-06-12 13:27:00,91.8
2025-06-12 20:46:00,85.8
2025-06-12 20:44:00,50.18838223164841
2025-06-12 20:02:00,6.4
2025-06-12 16:59:00,47.2
2025-06-12 05:41:00,76.4
2025-06-12 20:12:00,90.0
2025-06-12 17:04:00,75.8
2025-06-12 09:13:00,43.9
2025-06-12 16:06:00,73.6
2025-06-12 12:13:00,27.8
2025-06-12 13:47:00,27.1
2025-06-12 22:53:00,53.2
2025-06-12 10:56:00,28.1
2025-06-12 12:43:00,66.9
2025-06-12 21:08:00,78.0
2025-06-12 04:00:00,50.18838223164841
2025-06-12 16:07:00,50.18838223164841
2025-06-12 04:23:00,62.0
2025-06-12 15:59:00,54.8
2025-06-12 07:05:00,77.2
2025-06-12 07:05:00,92.2
2025-06-12 13:11:00,18.8
2025-06-12 03:13:00,41.8
2025-06-12 06:31:00,28.2
2025-06-12 14:21:00,92.3
2025-06-12 13:32:00,8.2
2025-06-12 21:23:00,88.0
2025-06-12 22:18:00,83.3
2025-06-12 08:43:00,50.18838223164841
2025-06-12 13:06:00,76.3
2025-06-12 08:26:00,50.18838223164841
2025-06-12 11:07:00,29.4
2025-06-12 23:06:00,85.4
2025-06-12 00:33:00,66.8
2025-06-12 07:02:00,50.18838223164841
2025-06-12 18:28:00,37.1
2025-06-12 00:40:00,8.7
2025-06-12 13:05:00,45.7
2025-06-12 08:17:00,97.0
2025-06-12 23:41:00,53.9
2025-06-12 03:45:00,65.9
2025-06-12 15:34:00,31.6
2025-06-12 10:39:00,79.6
2025-06-12 18:30:00,23.7
2025-06-12 12:45:00,99.2
2025-06-12 00:49:00,14.6
2025-06-12 01:26:00,63.5
2025-06-12 20:13:00,41.5
2025-06-12 08:32:00,91.5
2025-06-12 19:11:00,5.5
2025-06-12 23:13:00,99.8
2025-06-12 05:39:00,50.18838223164841
2025-06-12 11:04:00,22.6
2025-06-12 16:18:00,85.7
2025-06-12 12:31:00,19.7
2025-06-12 01:02:00,26.7
2025-06-12 04:12:00,89.7
2025-06-12 09:48:00,34.3
2025-06-12 15:41:00,63.0
2025-06-12 12:45:00,93.6
2025-06-12 09:24:00,34.2
2025-06-12 21:51:00,31.4
2025-06-12 06:36:00,19.9
2025-06-12 17:00:00,49.927249175694776
2025-06-12 19:05:00,92.3
2025-06-12 22:27:00,49.927249175694776
2025-06-12 18:35:00,13.2
2025-06-12 13:08:00,72.3
2025-06-12 20:29:00,96.4
2025-06-12 12:31:00,90.6
2025-06-12 11:09:00,93.6
2025-06-12 22:58:00,54.2
2025-06-12 12:23:00,51.4
2025-06-12 23:52:00,20.7
2025-06-12 11:04:00,68.2
2025-06-12 20:17:00,52.0
2025-06-12 09:04:00,55.3
2025-06-12 15:36:00,51.4
2025-06-12 06:58:00,89.1
2025-06-12 16:01:00,93.7
2025-06-12 16:19:00,23.9
2025-06-12 02:42:00,68.4
2025-06-12 18:30:00,76.9
2025-06-12 08:37:00,51.7
2025-06-12 21:54:00,80.3
2025-06-12 11:01:00,49.927249175694776
2025-06-12 06:06:00,96.8
2025-06-12 23:25:00,28.1
2025-06-12 18:09:00,93.3
2025-06-12 12:19:00,82.3
2025-06-12 02:51:00,8.0
2025-06-12 04:47:00,49.927249175694776
2025-06-12 06:50:00,54.3
2025-06-12 03:32:00,22.1
2025-06-12 07:46:00,23.0
2025-06-12 01:36:00,16.5
2025-06-12 15:53:00,26.7
2025-06-12 13:49:00,49.927249175694776
2025-06-12 23:43:00,35.6
2025-06-12 19:44:00,64.5
2025-06-12 23:33:00,86.5
2025-06-12 22:21:00,49.927249175694776
2025-06-12 02:09:00,49.927249175694776
2025-06-12 12:05:00,64.0
2025-06-12 18:49:00,99.8
2025-06-12 17:05:00,40.8
2025-06-12 18:16:00,95.4
2025-06-12 12:47:00,49.927249175694776
2025-06-12 16:47:00,49.4
2025-06-12 20:48:00,44.4
2025-06-12 20:21:00,13.7
2025-06-12 18:43:00,80.2
2025-06-12 19:27:00,78.7
2025-06-12 02:17:00,71.3
2025-06-12 14:29:00,8.3
2025-06-12 17:57:00,92.7
2025-06-12 03:15:00,7.8
2025-06-12 22:48:00,49.927249175694776
2025-06-12 19:51:00,8.2
2025-06-12 09:58:00,34.9
2025-06-12 01:18:00,44.5
2025-06-12 18:06:00,7.7
2025-06-12 14:35:00,49.927249175694776
2025-06-12 09:20:00,12.6
2025-06-12 06:07:00,92.0
2025-06-12 10:12:00,93.5
2025-06-12 23:03:00,81.9
2025-06-12 16:12:00,23.2
2025-06-12 00:14:00,90.9
2025-06-12 18:41:00,49.927249175694776
2025-06-12 03:04:00,79.6
2025-06-12 15:43:00,35.9
2025-06-12 06:09:00,22.7
2025-06-12 11:06:00,47.1
2025-06-12 00:04:00,31.7
2025-06-12 01:42:00,41.3
2025-06-12 20:06:00,39.7
2025-06-12 04:12:00,49.927249175694776
2025-06-12 04:21:00,94.6
2025-06-12 15:32:00,6.7
2025-06-12 05:58:00,40.1
2025-06-12 16:16:00,20.6
2025-06-12 15:40:00,94.0
2025-06-12 04:18:00,41.2
2025-06-12 07:06:00,90.3
2025-06-12 17:37:00,77.5
2025-06-12 01:49:00,66.5
2025-06-12 12:11:00,59.4
2025-06-12 21:17:00,50.4
2025-06-12 11:53:00,66.4
2025-06-12 02:38:00,81.7
2025-06-12 00:26:00,80.8
2025-06-12 02:30:00,49.927249175694776
2025-06-12 03:08:00,49.927249175694776
2025-06-12 07:47:00,43.2
2025-06-12 22:16:00,18.9
2025-06-12 15:27:00,48.8
2025-06-12 07:20:00,97.3
2025-06-12 01:03:00,2.7
2025-06-12 03:17:00,98.5
2025-06-12 21:09:00,27.2
2025-06-12 18:30:00,60.5
2025-06-12 16:06:00,3.6
2025-06-12 07:08:00,35.0
2025-06-12 08:38:00,67.4
2025-06-12 07:12:00,82.1
2025-06-12 17:42:00,41.9
2025-06-12 14:06:00,49.927249175694776
2025-06-12 03:54:00,34.6
2025-06-12 07:06:00,69.3
2025-06-12 16:17:00,82.4
2025-06-12 04:29:00,47.6
2025-06-12 07:47:00,20.2
2025-06-12 17:51:00,0.3
2025-06-12 16:07:00,49.927249175694776
2025-06-12 17:19:00,72.2
2025-06-12 17:00:00,31.7
2025-06-12 06:26:00,40.7
2025-06-12 20:33:00,8.0
2025-06-12 17:19:00,4.9
2025-06-12 03:47:00,32.7
2025-06-12 16:47:00,4.5
2025-06-12 14:54:00,61.0
2025-06-12 16:40:00,49.927249175694776
2025-06-12 11:07:00,78.5
2025-06-12 23:40:00,29.0
2025-06-12 21:49:00,77.5
2025-06-12 01:44:00,38.6
2025-06-12 11:00:00,95.5
2025-06-12 16:02:00,11.0
2025-06-12 09:48:00,49.927249175694776
2025-06-12 13:55:00,43.6
2025-06-12 11:55:00,89.7
2025-06-12 12:52:00,49.927249175694776
2025-06-12 14:06:00,76.2
2025-06-12 22:41:00,93.3
2025-06-12 10:10:00,46.0
2025-06-12 08:25:00,49.927249175694776
2025-06-12 22:35:00,45.0
2025-06-12 10:34:00,85.7
2025-06-12 02:41:00,78.4
2025-06-12 02:57:00,92.0
2025-06-12 13:08:00,49.927249175694776
2025-06-12 20:04:00,82.7
2025-06-12 11:45:00,55.9
2025-06-12 06:02:00,61.5
2025-06-12 22:01:00,49.927249175694776
2025-06-12 23:40:00,41.0
2025-06-12 20:13:00,60.0
2025-06-12 22:15:00,64.6
2025-06-12 00:09:00,17.6
2025-06-12 16:19:00,7.3
2025-06-12 01:42:00,67.6
2025-06-12 20:39:00,39.5
2025-06-12 02:29:00,53.6
2025-06-12 00:01:00,49.927249175694776
2025-06-12 15:14:00,88.0
2025-06-12 15:00:00,36.2
2025-06-12 20:11:00,98.3
2025-06-12 08:14:00,9.6
2025-06-12 08:20:00,54.6
2025-06-12 12:19:00,49.927249175694776
2025-06-12 18:47:00,37.4
2025-06-12 09:03:00,96.0
2025-06-12 02:13:00,49.927249175694776
2025-06-12 03:29:00,8.0
2025-06-12 07:31:00,36.3
2025-06-12 02:33:00,49.927249175694776
2025-06-12 07:14:00,33.9
2025-06-12 02:24:00,73.2
2025-06-12 10:08:00,62.7
2025-06-12 15:02:00,97.6
2025-06-12 13:58:00,74.0
2025-06-12 16:27:00,73.7
2025-06-12 03:02:00,1.5
2025-06-12 10:21:00,25.4
2025-06-12 22:44:00,43.5
2025-06-12 22:38:00,25.3
2025-06-12 00:37:00,78.4
2025-06-12 17:23:00,45.6
2025-06-12 13:45:00,2.2
2025-06-12 07:32:00,58.0
2025-06-12 03:15:00,0.7
2025-06-12 20:07:00,28.2
2025-06-12 01:13:00,16.8
2025-06-12 11:45:00,49.927249175694776
2025-06-12 12:34:00,89.3
2025-06-12 03:45:00,49.927249175694776
2025-06-12 15:13:00,49.927249175694776
2025-06-12 20:40:00,6.4
2025-06-12 02:50:00,32.2
2025-06-12 04:55:00,53.9
2025-06-12 06:44:00,16.9
2025-06-12 14:53:00,58.3
2025-06-12 15:44:00,49.927249175694776
2025-06-12 10:12:00,38.3
2025-06-12 06:15:00,6.6
2025-06-12 01:34:00,40.8
2025-06-12 23:22:00,49.927249175694776
2025-06-12 18:30:00,49.927249175694776
2025-06-12 07:12:00,70.3
2025-06-12 17:10:00,25.7
2025-06-12 00:37:00,10.0
2025-06-12 12:42:00,75.8
2025-06-12 11:34:00,97.0
2025-06-12 06:22:00,46.5
2025-06-12 09:33:00,45.9
2025-06-12 09:34:00,48.5
2025-06-12 08:30:00,44.2
2025-06-12 09:30:00,10.0
2025-06-12 05:48:00,37.4
2025-06-12 00:09:00,9.2
2025-06-12 14:47:00,42.6
2025-06-12 22:10:00,19.7
2025-06-12 17:18:00,84.9
2025-06-12 09:40:00,23.8
2025-06-12 00:32:00,15.1
2025-06-12 23:20:00,66.3
2025-06-12 12:43:00,11.8
2025-06-12 17:19:00,30.0
2025-06-12 11:47:00,33.1
2025-06-12 19:34:00,22.4
2025-06-12 02:17:00,72.3
2025-06-12 21:52:00,49.927249175694776
2025-06-12 10:33:00,18.7
2025-06-12 15:32:00,22.6
2025-06-12 05:34:00,25.6
2025-06-12 11:59:00,3.0
2025-06-12 15:24:00,88.3
2025-06-12 10:07:00,49.8
2025-06-12 06:43:00,12.1
2025-06-12 00:49:00,19.2
2025-06-12 02:00:00,37.0
2025-06-12 09:55:00,20.8
2025-06-12 20:47:00,67.1
2025-06-12 02:55:00,98.5
2025-06-12 10:01:00,73.5
2025-06-12 03:23:00,8.3
2025-06-12 20:13:00,33.6
2025-06-12 01:54:00,60.7
2025-06-12 17:40:00,32.9
2025-06-12 20:26:00,4.7
2025-06-12 05:17:00,24.6
2025-06-12 06:53:00,94.8
2025-06-12 11:57:00,94.8
2025-06-12 15:38:00,7.9
2025-06-12 08:52:00,81.7
2025-06-12 06:55:00,49.927249175694776
2025-06-12 16:59:00,41.1
2025-06-12 16:44:00,17.9
2025-06-12 00:00:00,0.1
2025-06-12 06:41:00,86.0
2025-06-12 02:26:00,66.2
2025-06-12 09:40:00,49.927249175694776
2025-06-12 00:01:00,87.7
2025-06-12 05:33:00,73.1
2025-06-12 10:04:00,33.6
2025-06-12 02:29:00,47.4
2025-06-12 23:19:00,47.0
2025-06-12 08:18:00,52.3
2025-06-12 11:35:00,97.1
2025-06-12 22:50:00,4.0
2025-06-12 14:24:00,2.7
2025-06-12 13:40:00,70.5
2025-06-12 23:11:00,31.8
2025-06-12 07:47:00,91.0
2025-06-12 05:57:00,63.6
2025-06-12 15:48:00,26.5
2025-06-12 10:59:00,60.3
2025-06-12 00:33:00,55.8
2025-06-12 16:37:00,32.7
2025-06-12 20:50:00,65.0
2025-06-12 22:15:00,89.2
2025-06-12 15:18:00,49.7
2025-06-12 14:20:00,6.7
2025-06-12 05:18:00,69.0
2025-06-12 17:04:00,19.7
2025-06-12 02:42:00,49.927249175694776
2025-06-12 09:48:00,41.5
2025-06-12 16:40:00,4.2
2025-06-12 04:38:00,44.8
2025-06-12 19:55:00,87.6
2025-06-12 03:46:00,30.0
2025-06-12 13:52:00,94.0
2025-06-12 04:30:00,55.3
2025-06-12 00:18:00,73.1
2025-06-12 05:37:00,31.4
2025-06-12 10:44:00,1.3
2025-06-12 09:53:00,49.927249175694776
2025-06-12 03:48:00,49.927249175694776
2025-06-12 04:04:00,15.4
2025-06-12 12:48:00,3.1
2025-06-12 10:15:00,65.7
2025-06-12 16:11:00,16.3
2025-06-12 13:58:00,2.5
2025-06-12 03:36:00,49.927249175694776
2025-06-12 12:01:00,20.7
2025-06-12 15:50:00,5.7
2025-06-12 17:03:00,22.8
2025-06-12 08:15:00,93.3
2025-06-12 20:23:00,17.2
2025-06-12 19:34:00,40.9
2025-06-12 04:29:00,70.3
2025-06-12 07:51:00,2.8
2025-06-12 22:24:00,12.8
2025-06-12 12:45:00,24.0
2025-06-12 20:23:00,19.7
2025-06-12 18:21:00,9.0
2025-06-12 01:50:00,33.6
2025-06-12 21:10:00,39.9
2025-06-12 17:23:00,77.1
2025-06-12 22:22:00,49.927249175694776
2025-06-12 08:32:00,54.9
2025-06-12 17:12:00,87.3
2025-06-12 14:14:00,30.9
2025-06-12 09:14:00,33.8
2025-06-12 21:45:00,14.8
2025-06-12 08:18:00,52.5
2025-06-12 10:53:00,64.4
2025-06-12 12:01:00,49.72265128325876
2025-06-12 21:06:00,49.72265128325876
2025-06-12 22:32:00,84.0
2025-06-12 15:10:00,0.3
2025-06-12 14:41:00,63.2
2025-06-12 20:34:00,94.3
2025-06-12 10:18:00,62.4
2025-06-12 14:27:00,87.7
2025-06-12 10:52:00,25.6
2025-06-12 20:47:00,9.9
2025-06-12 19:24:00,71.4
2025-06-12 17:37:00,39.5
2025-06-12 17:32:00,49.72265128325876
2025-06-12 17:33:00,98.7
2025-06-12 07:47:00,60.3
2025-06-12 01:32:00,6.8
2025-06-12 18:21:00,2.3
2025-06-12 09:39:00,46.7
2025-06-12 05:06:00,80.3
2025-06-12 12:32:00,49.72265128325876
2025-06-12 09:52:00,13.7
2025-06-12 02:44:00,84.1
2025-06-12 00:21:00,64.1
2025-06-12 00:16:00,49.72265128325876
2025-06-12 06:28:00,49.2
2025-06-12 18:17:00,67.6
2025-06-12 08:16:00,38.4
2025-06-12 00:28:00,57.5
2025-06-12 16:49:00,44.6
2025-06-12 18:46:00,94.2
2025-06-12 22:36:00,49.72265128325876
2025-06-12 12:33:00,76.4
2025-06-12 20:55:00,51.6
2025-06-12 23:18:00,90.6
2025-06-12 15:23:00,74.5
2025-06-12 06:41:00,3.5
2025-06-12 18:39:00,72.3
2025-06-12 22:33:00,49.72265128325876
2025-06-12 14:13:00,0.1
2025-06-12 15:37:00,49.72265128325876
2025-06-12 06:05:00,89.5
2025-06-12 01:22:00,58.7
2025-06-12 02:09:00,85.1
2025-06-12 07:55:00,74.8
2025-06-12 07:45:00,92.4
2025-06-12 03:06:00,0.9
2025-06-12 16:31:00,97.3
2025-06-12 13:08:00,86.3
2025-06-12 10:48:00,80.7
2025-06-12 18:38:00,13.3
2025-06-12 00:27:00,49.72265128325876
2025-06-12 20:36:00,39.7
2025-06-12 17:02:00,45.6
2025-06-12 15:47:00,21.4
2025-06-12 23:50:00,69.5
2025-06-12 11:51:00,6.0
2025-06-12 11:04:00,30.0
2025-06-12 02:13:00,69.0
2025-06-12 05:14:00,40.2
2025-06-12 09:39:00,88.0
2025-06-12 05:04:00,73.6
2025-06-12 17:32:00,8.2
2025-06-12 10:34:00,90.8
2025-06-12 22:12:00,39.9
2025-06-12 15:57:00,49.72265128325876
2025-06-12 14:55:00,82.5
2025-06-12 16:22:00,20.7
2025-06-12 22:48:00,29.8
2025-06-12 05:04:00,79.0
2025-06-12 21:31:00,49.72265128325876
2025-06-12 04:04:00,31.6
2025-06-12 01:44:00,0.6
2025-06-12 09:19:00,10.0
2025-06-12 07:53:00,0.3
2025-06-12 09:02:00,62.5
2025-06-12 22:52:00,17.0
2025-06-12 05:34:00,50.2
2025-06-12 03:23:00,4.7
2025-06-12 11:02:00,77.3
2025-06-12 20:56:00,49.72265128325876
2025-06-12 04:23:00,49.72265128325876
2025-06-12 18:39:00,26.0
2025-06-12 04:10:00,11.4
2025-06-12 04:11:00,85.6
2025-06-12 09:43:00,62.8
2025-06-12 08:44:00,49.72265128325876
2025-06-12 01:51:00,49.72265128325876
2025-06-12 00:45:00,16.7
2025-06-12 01:35:00,15.7
2025-06-12 03:37:00,90.7
2025-06-12 18:58:00,30.7
2025-06-12 11:55:00,28.9
2025-06-12 02:04:00,49.72265128325876
2025-06-12 07:47:00,80.4
2025-06-12 12:17:00,79.1
2025-06-12 20:16:00,14.7
2025-06-12 10:38:00,45.4
2025-06-12 00:10:00,70.7
2025-06-12 14:49:00,86.5
2025-06-12 05:19:00,65.9
2025-06-12 17:00:00,49.0
2025-06-12 19:09:00,71.0
2025-06-12 15:57:00,49.72265128325876
2025-06-12 13:39:00,62.8
2025-06-12 22:05:00,31.7
2025-06-12 17:30:00,49.72265128325876
2025-06-12 02:22:00,74.5
2025-06-12 01:05:00,85.1
2025-06-12 05:14:00,49.72265128325876
2025-06-12 15:03:00,73.8
2025-06-12 12:58:00,49.72265128325876
2025-06-12 21:02:00,60.0
2025-06-12 07:53:00,49.72265128325876
2025-06-12 14:25:00,0.6
2025-06-12 13:00:00,63.3
2025-06-12 17:17:00,67.9
2025-06-12 01:03:00,42.4
2025-06-12 04:13:00,49.72265128325876
2025-06-12 21:32:00,50.0
2025-06-12 00:27:00,99.8
2025-06-12 06:24:00,43.0
2025-06-12 08:53:00,27.5
2025-06-12 10:33:00,52.5
2025-06-12 12:38:00,35.2
2025-06-12 02:51:00,22.7
2025-06-12 03:31:00,62.7
2025-06-12 17:58:00,46.9
2025-06-12 15:59:00,29.5
2025-06-12 09:15:00,94.6
2025-06-12 06:31:00,76.3
2025-06-12 11:29:00,71.5
2025-06-12 20:25:00,49.72265128325876
2025-06-12 19:49:00,1.6
2025-06-12 00:06:00,0.1
2025-06-12 15:19:00,93.4
2025-06-12 18:10:00,30.9
2025-06-12 14:42:00,57.1
2025-06-12 17:52:00,69.7
2025-06-12 11:43:00,37.1
2025-06-12 13:40:00,16.8
2025-06-12 08:57:00,49.72265128325876
2025-06-12 19:38:00,32.1
2025-06-12 21:43:00,41.3
2025-06-12 13:31:00,53.3
2025-06-12 05:16:00,68.1
2025-06-12 00:30:00,59.7
2025-06-12 03:18:00,48.2
2025-06-12 13:09:00,76.6
2025-06-12 11:14:00,71.6
2025-06-12 05:15:00,0.9
2025-06-12 23:57:00,38.8
2025-06-12 09:25:00,24.0
2025-06-12 03:08:00,36.6
2025-06-12 00:23:00,63.1
2025-06-12 19:53:00,81.2
2025-06-12 04:02:00,76.3
2025-06-12 17:52:00,4.6
2025-06-12 02:31:00,47.1
2025-06-12 06:04:00,73.2
2025-06-12 00:27:00,75.7
2025-06-12 00:38:00,95.4
2025-06-12 10:59:00,85.7
2025-06-12 10:22:00,77.9
2025-06-12 00:55:00,62.9
2025-06-12 12:17:00,7.9
2025-06-12 06:51:00,99.3
2025-06-12 14:05:00,39.0
2025-06-12 23:20:00,0.7
2025-06-12 05:36:00,5.1
2025-06-12 02:30:00,12.9
2025-06-12 02:13:00,67.1
2025-06-12 21:53:00,12.1
2025-06-12 23:27:00,85.1
2025-06-12 08:49:00,30.8
2025-06-12 09:41:00,99.5
2025-06-12 16:04:00,22.0
2025-06-12 14:52:00,14.3
2025-06-12 11:18:00,49.1
2025-06-12 05:00:00,61.8
2025-06-12 05:52:00,92.3
2025-06-12 05:44:00,84.6
2025-06-12 10:19:00,89.1
2025-06-12 10:56:00,1.1
2025-06-12 03:11:00,58.6
2025-06-12 01:54:00,48.0
2025-06-12 13:09:00,46.6
2025-06-12 13:52:00,73.4
2025-06-12 20:03:00,1.1
2025-06-12 16:16:00,49.72265128325876
2025-06-12 10:43:00,10.2
2025-06-12 11:00:00,60.9
2025-06-12 17:33:00,46.3
2025-06-12 00:32:00,95.9
2025-06-12 14:51:00,56.6
2025-06-12 19:15:00,62.4
2025-06-12 22:11:00,8.1
2025-06-12 17:43:00,66.4
2025-06-12 20:43:00,0.8
2025-06-12 05:27:00,37.1
2025-06-12 18:36:00,25.3
2025-06-12 04:32:00,0.4
2025-06-12 19:06:00,70.5
2025-06-12 17:10:00,43.3
2025-06-12 14:02:00,54.1
2025-06-12 20:14:00,77.0
2025-06-12 13:39:00,29.3
2025-06-12 11:16:00,49.72265128325876
2025-06-12 13:08:00,44.1
2025-06-12 15:12:00,47.8
2025-06-12 11:27:00,34.8
2025-06-12 01:41:00,47.7
2025-06-12 23:12:00,20.6
2025-06-12 13:10:00,30.3
2025-06-12 15:40:00,13.2
2025-06-12 13:53:00,85.2
2025-06-12 13:25:00,49.72265128325876
2025-06-12 22:57:00,90.3
2025-06-12 19:35:00,18.7
2025-06-12 01:44:00,83.7
2025-06-12 01:38:00,25.8
2025-06-12 04:20:00,88.0
2025-06-12 13:53:00,99.5
2025-06-12 03:30:00,69.6
2025-06-12 06:45:00,61.6
2025-06-12 13:59:00,89.2
2025-06-12 05:50:00,16.9
2025-06-12 08:17:00,27.6
2025-06-12 20:47:00,36.1
2025-06-12 11:51:00,87.5
2025-06-12 12:30:00,58.0
2025-06-12 12:07:00,6.3
2025-06-12 17:24:00,49.72265128325876
2025-06-12 22:12:00,59.9
2025-06-12 23:57:00,9.2
2025-06-12 08:13:00,49.72265128325876
2025-06-12 18:31:00,27.7
2025-06-12 12:08:00,36.6
2025-06-12 07:05:00,65.3
2025-06-12 16:32:00,68.8
2025-06-12 06:18:00,91.0
2025-06-12 12:27:00,62.4
2025-06-12 00:18:00,63.2
2025-06-12 22:18:00,32.1
2025-06-12 19:35:00,80.3
2025-06-12 20:24:00,66.4
2025-06-12 17:55:00,83.1
2025-06-12 19:00:00,3.2
2025-06-12 21:13:00,89.2
2025-06-12 01:04:00,31.6
2025-06-12 05:22:00,21.0
2025-06-12 10:33:00,56.8
2025-06-12 06:46:00,53.8
2025-06-12 19:11:00,72.3
2025-06-12 12:26:00,9.5
2025-06-12 04:19:00,96.7
2025-06-12 20:06:00,63.0
2025-06-12 06:40:00,49.72265128325876
2025-06-12 05:00:00,70.3
2025-06-12 04:56:00,33.7
2025-06-12 20:50:00,58.0
2025-06-12 16:07:00,15.0
2025-06-12 23:55:00,56.0
2025-06-12 02:43:00,50.9
2025-06-12 12:10:00,49.72265128325876
2025-06-12 21:29:00,25.4
2025-06-12 23:10:00,14.5
2025-06-12 12:04:00,81.0
2025-06-12 10:07:00,25.5
2025-06-12 08:26:00,49.72265128325876
2025-06-12 19:26:00,67.1
2025-06-12 18:35:00,49.72265128325876
2025-06-12 07:32:00,48.5
2025-06-12 18:34:00,10.3
2025-06-12 23:48:00,49.72265128325876
2025-06-12 07:19:00,90.4
2025-06-12 09:03:00,70.9
2025-06-12 23:28:00,95.4
2025-06-12 15:47:00,76.7
2025-06-12 05:02:00,2.2
2025-06-12 00:34:00,7.5
2025-06-12 23:29:00,57.7
2025-06-12 19:42:00,50.6
2025-06-12 12:38:00,67.0
2025-06-12 08:51:00,53.1
2025-06-12 12:39:00,10.3
2025-06-12 03:45:00,65.6
2025-06-12 00:45:00,30.3
2025-06-12 01:23:00,72.5
2025-06-12 04:42:00,47.1
2025-06-12 00:42:00,51.3
2025-06-12 09:17:00,4.3
2025-06-12 16:18:00,49.72265128325876
2025-06-12 05:34:00,98.9
2025-06-12 11:21:00,49.72265128325876
2025-06-12 03:57:00,96.7
2025-06-12 09:06:00,76.9
2025-06-12 18:50:00,91.9
2025-06-12 01:55:00,80.5
2025-06-12 03:06:00,84.1
2025-06-12 19:14:00,68.6
2025-06-12 11:25:00,49.2
2025-06-12 03:53:00,24.5
2025-06-12 03:52:00,49.72265128325876
2025-06-12 20:55:00,4.4
2025-06-12 09:42:00,88.3
2025-06-12 14:25:00,49.72265128325876
2025-06-12 10:45:00,38.0
2025-06-12 13:00:00,61.1
2025-06-12 06:50:00,37.9
2025-06-12 10:09:00,78.8
2025-06-12 20:50:00,67.0
2025-06-12 16:29:00,47.8
2025-06-12 23:00:00,49.72265128325876
2025-06-12 15:25:00,49.72265128325876
2025-06-12 09:26:00,96.2
2025-06-12 22:30:00,65.7
2025-06-12 03:26:00,49.72265128325876
2025-06-12 06:46:00,70.2
2025-06-12 03:09:00,14.4
2025-06-12 19:00:00,85.6
2025-06-12 12:18:00,49.72265128325876
2025-06-12 16:16:00,7.4
2025-06-12 00:02:00,70.8
2025-06-12 09:49:00,51.3
2025-06-12 13:54:00,90.7
2025-06-12 18:40:00,26.7
2025-06-12 14:25:00,61.4
2025-06-12 02:37:00,7.5
2025-06-12 07:12:00,75.3
2025-06-12 16:08:00,21.6
2025-06-12 20:02:00,49.72265128325876
2025-06-12 23:02:00,33.2
2025-06-12 00:42:00,83.2
2025-06-12 16:58:00,62.0
2025-06-12 20:09:00,98.8
2025-06-12 15:30:00,27.2
2025-06-12 06:09:00,49.72265128325876
2025-06-12 09:20:00,59.0
2025-06-12 18:13:00,17.8
2025-06-12 18:22:00,22.6
2025-06-12 03:43:00,55.5
2025-06-12 03:23:00,96.3
2025-06-12 01:02:00,37.1
2025-06-12 15:05:00,50.25777465777466
2025-06-12 04:40:00,50.25777465777466
2025-06-12 08:07:00,39.7
2025-06-12 00:40:00,4.0
2025-06-12 23:17:00,57.3
2025-06-12 04:07:00,67.2
2025-06-12 12:47:00,80.5
2025-06-12 04:46:00,50.25777465777466
2025-06-12 14:12:00,50.25777465777466
2025-06-12 08:31:00,58.6
2025-06-12 04:12:00,27.8
2025-06-12 05:03:00,10.4
2025-06-12 10:39:00,33.6
2025-06-12 18:13:00,50.25777465777466
2025-06-12 03:13:00,83.6
2025-06-12 19:45:00,45.3
2025-06-12 20:07:00,97.1
2025-06-12 17:42:00,97.8
2025-06-12 17:35:00,77.1
2025-06-12 10:56:00,40.4
2025-06-12 05:37:00,16.5
2025-06-12 14:06:00,3.4
2025-06-12 10:17:00,44.9
2025-06-12 15:04:00,89.3
2025-06-12 23:26:00,51.5
2025-06-12 13:35:00,45.6
2025-06-12 18:51:00,10.3
2025-06-12 19:33:00,53.7
2025-06-12 17:41:00,64.0
2025-06-12 06:35:00,50.25777465777466
2025-06-12 09:38:00,77.3
2025-06-12 13:05:00,37.4
2025-06-12 05:42:00,75.7
2025-06-12 06:09:00,56.1
2025-06-12 14:52:00,90.3
2025-06-12 18:57:00,48.4
2025-06-12 13:21:00,82.8
2025-06-12 23:54:00,73.0
2025-06-12 22:31:00,92.9
2025-06-12 12:44:00,50.25777465777466
2025-06-12 12:33:00,44.8
2025-06-12 20:11:00,13.9
2025-06-12 17:09:00,36.6
2025-06-12 06:12:00,33.9
2025-06-12 08:42:00,50.25777465777466
2025-06-12 05:50:00,64.3
2025-06-12 08:01:00,93.1
2025-06-12 22:26:00,46.7
2025-06-12 02:37:00,54.9
2025-06-12 01:24:00,10.4
2025-06-12 08:15:00,41.6
2025-06-12 18:32:00,50.25777465777466
2025-06-12 17:30:00,29.7
2025-06-12 00:48:00,98.9
2025-06-12 14:40:00,60.6
2025-06-12 07:19:00,66.5
2025-06-12 21:39:00,89.4
2025-06-12 21:20:00,20.4
2025-06-12 09:15:00,50.25777465777466
2025-06-12 08:10:00,50.25777465777466
2025-06-12 22:04:00,18.7
2025-06-12 20:43:00,50.25777465777466
2025-06-12 12:03:00,16.9
2025-06-12 02:37:00,79.0
2025-06-12 23:03:00,50.25777465777466
2025-06-12 01:31:00,0.7
2025-06-12 15:01:00,30.3
2025-06-12 16:36:00,38.3
2025-06-12 11:14:00,39.7
2025-06-12 13:01:00,44.7
2025-06-12 08:33:00,35.6
2025-06-12 05:52:00,38.0
2025-06-12 00:19:00,50.25777465777466
2025-06-12 02:47:00,77.2
2025-06-12 18:43:00,39.1
2025-06-12 23:48:00,9.1
2025-06-12 12:52:00,44.3
2025-06-12 11:01:00,39.6
2025-06-12 07:11:00,80.6
2025-06-12 18:16:00,50.25777465777466
2025-06-12 18:52:00,50.25777465777466
2025-06-12 01:18:00,9.6
2025-06-12 10:55:00,31.2
2025-06-12 04:04:00,9.8
2025-06-12 13:18:00,50.25777465777466
2025-06-12 06:36:00,15.6
2025-06-12 15:52:00,3.4
2025-06-12 21:19:00,11.5
2025-06-12 20:48:00,45.1
2025-06-12 12:41:00,71.9
2025-06-12 21:42:00,49.3
2025-06-12 05:37:00,71.2
2025-06-12 15:26:00,93.1
2025-06-12 07:45:00,18.5
2025-06-12 15:09:00,19.9
2025-06-12 18:44:00,19.8
2025-06-12 12:21:00,1.4
2025-06-12 00:15:00,89.0
2025-06-12 12:52:00,81.3
2025-06-12 12:56:00,50.7
2025-06-12 22:48:00,68.6
2025-06-12 06:50:00,12.2
2025-06-12 11:45:00,51.8
2025-06-12 12:14:00,44.5
2025-06-12 22:32:00,38.5
2025-06-12 15:35:00,29.5
2025-06-12 08:40:00,1.8
2025-06-12 18:17:00,50.25777465777466
2025-06-12 10:39:00,88.3
2025-06-12 02:31:00,2.1
2025-06-12 18:49:00,19.3
2025-06-12 08:08:00,73.5
2025-06-12 16:39:00,79.3
2025-06-12 09:27:00,62.0
2025-06-12 19:56:00,17.3
2025-06-12 08:13:00,50.25777465777466
2025-06-12 10:33:00,41.8
2025-06-12 17:26:00,23.6
2025-06-12 08:37:00,37.4
2025-06-12 06:21:00,79.6
2025-06-12 09:47:00,97.3
2025-06-12 19:57:00,50.25777465777466
2025-06-12 01:11:00,26.2
2025-06-12 07:45:00,20.6
2025-06-12 22:03:00,95.1
2025-06-12 04:16:00,98.6
2025-06-12 06:25:00,3.4
2025-06-12 18:53:00,91.1
2025-06-12 21:35:00,28.3
2025-06-12 04:10:00,15.3
2025-06-12 21:53:00,75.7
2025-06-12 15:15:00,1.1
2025-06-12 11:13:00,59.5
2025-06-12 04:14:00,3.2
2025-06-12 10:56:00,50.25777465777466
2025-06-12 06:06:00,3.5
2025-06-12 11:06:00,52.8
2025-06-12 06:41:00,69.2
2025-06-12 21:10:00,58.3
2025-06-12 03:24:00,70.7
2025-06-12 16:41:00,0.7
2025-06-12 18:37:00,4.4
2025-06-12 07:24:00,20.1
2025-06-12 18:36:00,29.0
2025-06-12 17:37:00,0.1
2025-06-12 15:14:00,86.8
2025-06-12 12:19:00,10.8
2025-06-12 18:15:00,50.25777465777466
2025-06-12 04:20:00,97.2
2025-06-12 01:47:00,14.8
2025-06-12 15:37:00,84.5
2025-06-12 12:30:00,44.4
2025-06-12 06:37:00,37.2
2025-06-12 17:11:00,29.5
2025-06-12 02:50:00,48.1
2025-06-12 07:14:00,60.7
2025-06-12 16:58:00,50.25777465777466
2025-06-12 11:17:00,53.2
2025-06-12 03:37:00,50.25777465777466
2025-06-12 23:08:00,35.9
2025-06-12 04:48:00,41.5
2025-06-12 09:37:00,72.4
2025-06-12 10:42:00,15.3
2025-06-12 15:13:00,60.7
2025-06-12 06:42:00,28.5
2025-06-12 02:48:00,74.3
2025-06-12 04:27:00,18.1
2025-06-12 06:57:00,41.4
2025-06-12 04:28:00,9.2
2025-06-12 10:52:00,42.7
2025-06-12 01:17:00,47.5
2025-06-12 07:02:00,23.4
2025-06-12 22:53:00,16.3
2025-06-12 06:02:00,42.3
2025-06-12 18:09:00,46.7
2025-06-12 21:00:00,92.8
2025-06-12 08:44:00,74.0
2025-06-12 09:27:00,50.25777465777466
2025-06-12 16:53:00,86.7
2025-06-12 19:44:00,68.5
2025-06-12 05:24:00,86.2
2025-06-12 04:33:00,73.5
2025-06-12 19:48:00,50.3
2025-06-12 16:48:00,82.1
2025-06-12 16:23:00,30.2
2025-06-12 00:56:00,50.25777465777466
2025-06-12 06:18:00,38.4
2025-06-12 07:04:00,43.5
2025-06-12 22:31:00,62.8
2025-06-12 08:14:00,1.0
2025-06-12 01:28:00,77.8
2025-06-12 14:00:00,82.4
2025-06-12 02:08:00,80.3
2025-06-12 08:36:00,25.6
2025-06-12 01:20:00,0.5
2025-06-12 06:55:00,51.4
2025-06-12 12:35:00,27.6
2025-06-12 10:56:00,50.25777465777466
2025-06-12 05:23:00,48.5
2025-06-12 23:17:00,51.1
2025-06-12 12:48:00,66.1
2025-06-12 04:40:00,46.2
2025-06-12 01:09:00,50.25777465777466
2025-06-12 09:06:00,84.7
2025-06-12 17:44:00,50.25777465777466
2025-06-12 14:16:00,73.6
2025-06-12 08:47:00,48.4
2025-06-12 00:29:00,52.4
2025-06-12 20:36:00,10.8
2025-06-12 06:00:00,43.8
2025-06-12 06:40:00,50.25777465777466
2025-06-12 15:00:00,29.7
2025-06-12 18:54:00,10.9
2025-06-12 04:44:00,33.7
2025-06-12 05:04:00,99.0
2025-06-12 07:24:00,31.9
2025-06-12 08:32:00,33.0
2025-06-12 06:32:00,50.25777465777466
2025-06-12 19:02:00,50.25777465777466
2025-06-12 20:25:00,35.8
2025-06-12 15:08:00,24.1
2025-06-12 11:34:00,50.25777465777466
2025-06-12 04:11:00,50.25777465777466
2025-06-12 02:03:00,27.6
2025-06-12 14:49:00,23.5
2025-06-12 19:31:00,35.1
2025-06-12 20:40:00,4.8
2025-06-12 09:21:00,71.0
2025-06-12 20:16:00,99.2
2025-06-12 19:27:00,50.25777465777466
2025-06-12 00:35:00,83.0
2025-06-12 05:30:00,58.7
2025-06-12 19:56:00,6.6
2025-06-12 21:07:00,50.25777465777466
2025-06-12 10:30:00,62.5
2025-06-12 15:55:00,58.4
2025-06-12 23:19:00,53.1
2025-06-12 17:31:00,50.25777465777466
2025-06-12 19:28:00,2.8
2025-06-12 10:40:00,21.1
2025-06-12 20:09:00,50.25777465777466
2025-06-12 02:59:00,45.8
2025-06-12 19:36:00,72.1
2025-06-12 16:02:00,50.25777465777466
2025-06-12 09:28:00,34.9
2025-06-12 19:06:00,72.4
2025-06-12 23:05:00,39.3
2025-06-12 13:40:00,3.2
2025-06-12 18:50:00,75.6
2025-06-12 21:52:00,77.7
2025-06-12 07:11:00,35.9
2025-06-12 12:25:00,50.25777465777466
2025-06-12 00:48:00,33.4
2025-06-12 23:00:00,6.6
2025-06-12 06:33:00,83.7
2025-06-12 05:56:00,21.0
2025-06-12 18:11:00,43.3
2025-06-12 06:38:00,50.25777465777466
2025-06-12 15:46:00,11.3
2025-06-12 22:22:00,50.25777465777466
2025-06-12 09:45:00,6.2
2025-06-12 13:32:00,32.0
2025-06-12 04:36:00,62.2
2025-06-12 23:16:00,70.4
2025-06-12 06:08:00,50.25777465777466
2025-06-12 06:29:00,81.7
2025-06-12 17:57:00,93.1
2025-06-12 05:17:00,34.6
2025-06-12 22:19:00,50.25777465777466
2025-06-12 08:20:00,50.25777465777466
2025-06-12 19:32:00,62.3
2025-06-12 09:29:00,49.7
2025-06-12 23:23:00,2.1
2025-06-12 14:08:00,22.7
2025-06-12 11:42:00,92.9
2025-06-12 23:01:00,24.6
2025-06-12 00:43:00,49.4
2025-06-12 01:56:00,79.8
2025-06-12 00:19:00,74.8
2025-06-12 04:11:00,99.4
2025-06-12 09:07:00,98.0
2025-06-12 09:11:00,62.2
2025-06-12 18:03:00,16.1
2025-06-12 21:26:00,70.2
2025-06-12 19:32:00,70.4
2025-06-12 20:46:00,28.3
2025-06-12 02:25:00,69.8
2025-06-12 07:54:00,25.3
2025-06-12 19:13:00,34.8
2025-06-12 02:27:00,2.3
2025-06-12 01:18:00,44.5
2025-06-12 07:59:00,96.2
2025-06-12 03:41:00,72.6
2025-06-12 17:36:00,74.5
2025-06-12 04:35:00,23.9
2025-06-12 14:46:00,40.9
2025-06-12 10:56:00,80.6
2025-06-12 08:11:00,28.2
2025-06-12 15:06:00,69.4
2025-06-12 05:25:00,50.25777465777466
2025-06-12 21:05:00,29.3
2025-06-12 17:22:00,50.25777465777466
2025-06-12 05:55:00,67.4
2025-06-12 05:25:00,50.25777465777466
2025-06-12 12:08:00,71.9
2025-06-12 20:19:00,15.0
2025-06-12 23:28:00,76.3
2025-06-12 08:29:00,83.8
2025-06-12 01:19:00,58.0
2025-06-12 03:10:00,28.2
2025-06-12 01:21:00,50.25777465777466
2025-06-12 03:28:00,20.3
2025-06-12 10:35:00,36.3
2025-06-12 13:45:00,80.2
2025-06-12 10:11:00,65.5
2025-06-12 01:43:00,84.5
2025-06-12 10:38:00,9.0
2025-06-12 21:19:00,64.2
2025-06-12 04:03:00,8.2
2025-06-12 16:54:00,86.3
2025-06-12 01:36:00,34.7
2025-06-12 15:22:00,50.5
2025-06-12 03:59:00,59.3
2025-06-12 02:37:00,45.4
2025-06-12 11:26:00,77.6
2025-06-12 16:55:00,55.7
2025-06-12 04:23:00,78.1
2025-06-12 04:27:00,50.25777465777466
2025-06-12 11:13:00,50.25777465777466
2025-06-12 16:04:00,68.1
2025-06-12 21:56:00,7.1
2025-06-12 03:21:00,72.5
2025-06-12 05:45:00,50.25777465777466
2025-06-12 19:15:00,52.1
2025-06-12 03:34:00,50.25777465777466
2025-06-12 22:25:00,5.9
2025-06-12 04:33:00,57.3
2025-06-12 01:57:00,35.9
2025-06-12 12:55:00,31.3
2025-06-12 15:03:00,74.5
2025-06-12 12:45:00,50.25777465777466
2025-06-12 07:20:00,69.7
2025-06-12 16:33:00,49.9464552238806
2025-06-12 11:17:00,73.9
2025-06-12 01:59:00,49.5
2025-06-12 23:17:00,34.4
2025-06-12 12:16:00,50.9
2025-06-12 13:14:00,75.1
2025-06-12 08:00:00,49.9464552238806
2025-06-12 02:24:00,25.0
2025-06-12 09:38:00,87.7
2025-06-12 07:22:00,30.6
2025-06-12 14:11:00,49.9464552238806
2025-06-12 01:31:00,54.7
2025-06-12 06:45:00,49.9464552238806
2025-06-12 17:12:00,14.9
2025-06-12 12:04:00,27.6
2025-06-12 16:35:00,14.2
2025-06-12 15:44:00,63.5
2025-06-12 15:18:00,57.6
2025-06-12 10:07:00,96.3
2025-06-12 23:10:00,49.9464552238806
2025-06-12 03:13:00,18.4
2025-06-12 06:20:00,63.9
2025-06-12 07:58:00,55.6
2025-06-12 12:21:00,28.5
2025-06-12 21:51:00,49.9464552238806
2025-06-12 07:04:00,20.2
2025-06-12 22:28:00,49.9464552238806
2025-06-12 06:13:00,66.3
2025-06-12 00:44:00,49.9464552238806
2025-06-12 17:43:00,5.6
2025-06-12 13:53:00,78.1
2025-06-12 19:14:00,92.1
2025-06-12 06:31:00,49.9464552238806
2025-06-12 15:15:00,10.7
2025-06-12 07:34:00,25.6
2025-06-12 17:23:00,60.6
2025-06-12 02:38:00,11.1
2025-06-12 07:50:00,9.0
2025-06-12 09:25:00,37.8
2025-06-12 00:35:00,63.2
2025-06-12 00:03:00,47.6
2025-06-12 13:38:00,11.2
2025-06-12 23:28:00,79.7
2025-06-12 09:06:00,38.3
2025-06-12 08:37:00,33.7
2025-06-12 01:56:00,25.9
2025-06-12 16:55:00,49.9464552238806
2025-06-12 04:12:00,82.7
2025-06-12 09:07:00,62.1
2025-06-12 10:48:00,8.9
2025-06-12 13:34:00,62.1
2025-06-12 16:52:00,29.3
2025-06-12 06:54:00,62.0
2025-06-12 05:37:00,45.3
2025-06-12 13:45:00,24.3
2025-06-12 16:55:00,49.9464552238806
2025-06-12 17:25:00,11.1
2025-06-12 07:55:00,38.3
2025-06-12 22:58:00,49.2
2025-06-12 08:53:00,7.0
2025-06-12 15:40:00,72.5
2025-06-12 16:01:00,81.5
2025-06-12 00:37:00,56.2
2025-06-12 04:58:00,53.1
2025-06-12 04:26:00,57.1
2025-06-12 10:53:00,23.4
2025-06-12 19:22:00,49.9464552238806
2025-06-12 10:55:00,23.8
2025-06-12 09:09:00,100.0
2025-06-12 09:35:00,73.0
2025-06-12 22:44:00,11.7
2025-06-12 10:52:00,24.2
2025-06-12 01:44:00,82.0
2025-06-12 23:07:00,68.4
2025-06-12 11:24:00,92.4
2025-06-12 19:37:00,49.9464552238806
2025-06-12 20:41:00,33.2
2025-06-12 22:34:00,26.5
2025-06-12 09:52:00,58.2
2025-06-12 10:02:00,10.6
2025-06-12 04:54:00,73.5
2025-06-12 10:01:00,73.3
2025-06-12 16:32:00,91.1
2025-06-12 23:45:00,19.0
2025-06-12 00:48:00,49.9464552238806
2025-06-12 15:10:00,1.9
2025-06-12 22:48:00,49.9464552238806
2025-06-12 11:32:00,49.9464552238806
2025-06-12 15:17:00,19.9
2025-06-12 16:40:00,80.6
2025-06-12 16:27:00,27.6
2025-06-12 04:54:00,49.9464552238806
2025-06-12 10:10:00,3.6
2025-06-12 19:59:00,17.4
2025-06-12 04:34:00,89.6
2025-06-12 08:49:00,40.8
2025-06-12 15:28:00,48.8
2025-06-12 15:07:00,36.8
2025-06-12 03:00:00,36.1
2025-06-12 02:23:00,20.0
2025-06-12 12:30:00,5.1
2025-06-12 22:00:00,64.4
2025-06-12 05:11:00,19.2
2025-06-12 12:46:00,84.6
2025-06-12 12:01:00,61.2
2025-06-12 23:39:00,38.5
2025-06-12 23:37:00,49.9464552238806
2025-06-12 18:46:00,49.9464552238806
2025-06-12 17:47:00,49.9464552238806
2025-06-12 01:39:00,30.4
2025-06-12 06:51:00,49.9464552238806
2025-06-12 06:09:00,12.6
2025-06-12 05:27:00,92.5
2025-06-12 16:38:00,95.6
2025-06-12 07:54:00,61.9
2025-06-12 10:27:00,2.2
2025-06-12 18:34:00,70.3
2025-06-12 13:17:00,6.6
2025-06-12 06:03:00,17.2
2025-06-12 07:41:00,64.2
2025-06-12 07:42:00,44.5
2025-06-12 00:08:00,85.2
2025-06-12 08:29:00,100.0
2025-06-12 10:07:00,49.9464552238806
2025-06-12 23:54:00,66.3
2025-06-12 19:14:00,49.9464552238806
2025-06-12 06:01:00,37.1
2025-06-12 09:54:00,51.6
2025-06-12 06:58:00,91.7
2025-06-12 00:18:00,49.9464552238806
2025-06-12 16:38:00,76.5
2025-06-12 17:22:00,93.6
2025-06-12 13:11:00,17.4
2025-06-12 09:30:00,49.9464552238806
2025-06-12 04:56:00,82.1
2025-06-12 14:20:00,46.2
2025-06-12 12:26:00,49.9464552238806
2025-06-12 07:02:00,37.3
2025-06-12 18:41:00,49.9464552238806
2025-06-12 16:15:00,49.9464552238806
2025-06-12 01:45:00,49.9464552238806
2025-06-12 17:58:00,17.0
2025-06-12 06:33:00,73.3
2025-06-12 13:57:00,33.0
2025-06-12 01:50:00,60.7
2025-06-12 03:30:00,65.7
2025-06-12 02:48:00,49.9464552238806
2025-06-12 03:25:00,22.4
2025-06-12 14:17:00,32.0
2025-06-12 03:25:00,85.6
2025-06-12 01:09:00,74.8
2025-06-12 05:21:00,64.9
2025-06-12 14:37:00,49.9464552238806
2025-06-12 18:54:00,49.9464552238806
2025-06-12 03:30:00,3.7
2025-06-12 18:51:00,74.4
2025-06-12 13:35:00,47.8
2025-06-12 06:29:00,26.3
2025-06-12 19:42:00,90.5
2025-06-12 07:11:00,44.0
2025-06-12 02:09:00,71.0
2025-06-12 06:20:00,56.9
2025-06-12 10:55:00,96.5
2025-06-12 07:22:00,6.2
2025-06-12 00:14:00,12.2
2025-06-12 02:46:00,55.1
2025-06-12 15:53:00,96.3
2025-06-12 17:49:00,8.2
2025-06-12 18:40:00,49.9464552238806
2025-06-12 21:00:00,12.5
2025-06-12 16:20:00,43.6
2025-06-12 13:27:00,27.1
2025-06-12 14:49:00,85.3
2025-06-12 01:07:00,46.2
2025-06-12 23:08:00,68.8
2025-06-12 20:18:00,74.9
2025-06-12 14:42:00,49.9464552238806
2025-06-12 06:33:00,38.2
2025-06-12 09:39:00,75.2
2025-06-12 19:49:00,49.9464552238806
2025-06-12 09:23:00,42.8
2025-06-12 15:10:00,49.9464552238806
2025-06-12 06:21:00,84.3
2025-06-12 08:35:00,46.7
2025-06-12 16:14:00,91.9
2025-06-12 00:14:00,60.6
2025-06-12 01:01:00,15.6
2025-06-12 16:57:00,49.9464552238806
2025-06-12 02:23:00,74.4
2025-06-12 13:22:00,41.6
2025-06-12 06:47:00,54.1
2025-06-12 20:20:00,18.6
2025-06-12 17:11:00,37.2
2025-06-12 01:24:00,1.8
2025-06-12 08:27:00,89.5
2025-06-12 14:52:00,49.9464552238806
2025-06-12 05:43:00,49.9464552238806
2025-06-12 23:51:00,99.6
2025-06-12 16:15:00,45.9
2025-06-12 12:35:00,49.9464552238806
2025-06-12 06:53:00,68.6
2025-06-12 01:53:00,89.2
2025-06-12 06:10:00,52.7
2025-06-12 15:54:00,84.9
2025-06-12 00:56:00,50.7
2025-06-12 11:39:00,23.1
2025-06-12 00:34:00,49.9464552238806
2025-06-12 01:06:00,40.7
2025-06-12 21:33:00,24.0
2025-06-12 22:50:00,36.7
2025-06-12 21:46:00,12.3
2025-06-12 06:45:00,71.5
2025-06-12 04:53:00,98.6
2025-06-12 22:44:00,49.9464552238806
2025-06-12 10:46:00,94.3
2025-06-12 13:18:00,83.2
2025-06-12 17:18:00,55.2
2025-06-12 23:17:00,76.3
2025-06-12 09:49:00,49.9464552238806
2025-06-12 03:21:00,92.8
2025-06-12 21:03:00,55.4
2025-06-12 19:17:00,76.7
2025-06-12 11:13:00,33.4
2025-06-12 07:37:00,96.3
2025-06-12 17:26:00,49.9464552238806
2025-06-12 23:02:00,12.0
2025-06-12 05:33:00,65.4
2025-06-12 12:36:00,74.8
2025-06-12 22:20:00,21.2
2025-06-12 03:38:00,43.3
2025-06-12 10:21:00,0.2
2025-06-12 22:46:00,49.9464552238806
2025-06-12 06:33:00,14.1
2025-06-12 16:44:00,37.8
2025-06-12 15:54:00,59.0
2025-06-12 14:16:00,50.9
2025-06-12 20:09:00,82.1
2025-06-12 13:35:00,34.1
2025-06-12 20:19:00,49.9464552238806
2025-06-12 14:48:00,68.2
2025-06-12 09:34:00,39.6
2025-06-12 05:15:00,34.9
2025-06-12 13:01:00,64.8
2025-06-12 22:21:00,51.3
2025-06-12 17:57:00,0.9
2025-06-12 09:52:00,67.2
2025-06-12 10:52:00,71.9
2025-06-12 16:51:00,54.8
2025-06-12 21:47:00,56.0
2025-06-12 06:19:00,49.9464552238806
2025-06-12 09:44:00,76.8
2025-06-12 19:11:00,16.4
2025-06-12 10:39:00,11.3
2025-06-12 05:24:00,45.5
2025-06-12 06:01:00,49.9464552238806
2025-06-12 13:43:00,22.2
2025-06-12 03:04:00,89.0
2025-06-12 22:41:00,4.4
2025-06-12 08:46:00,19.2
2025-06-12 05:20:00,2.6
2025-06-12 18:29:00,49.9464552238806
2025-06-12 12:38:00,19.7
2025-06-12 07:17:00,49.9464552238806
2025-06-12 15:12:00,2.1
2025-06-12 07:26:00,72.4
2025-06-12 09:31:00,11.9
2025-06-12 06:23:00,91.3
2025-06-12 15:16:00,70.5
2025-06-12 15:22:00,8.3
2025-06-12 08:41:00,18.1
2025-06-12 00:00:00,94.5
2025-06-12 02:37:00,49.1
2025-06-12 06:17:00,96.1
2025-06-12 03:24:00,13.1
2025-06-12 05:55:00,47.2
2025-06-12 17:29:00,94.8
2025-06-12 13:50:00,6.6
2025-06-12 07:23:00,68.3
2025-06-12 09:42:00,49.9464552238806
2025-06-12 14:26:00,17.7
2025-06-12 09:34:00,7.1
2025-06-12 18:56:00,49.9464552238806
2025-06-12 04:32:00,49.9464552238806
2025-06-12 12:38:00,68.0
2025-06-12 11:05:00,88.1
2025-06-12 19:30:00,2.0
2025-06-12 20:39:00,49.9464552238806
2025-06-12 17:03:00,36.3
2025-06-12 23:02:00,99.3
2025-06-12 15:09:00,34.5
2025-06-12 19:29:00,46.2
2025-06-12 19:14:00,45.2
2025-06-12 16:46:00,35.6
2025-06-12 02:21:00,49.9464552238806
2025-06-12 20:41:00,49.9464552238806
2025-06-12 09:06:00,77.6
2025-06-12 07:17:00,20.9
2025-06-12 22:32:00,49.9464552238806
2025-06-12 05:02:00,11.2
2025-06-12 06:32:00,45.8
2025-06-12 16:31:00,78.2
2025-06-12 14:41:00,45.6
2025-06-12 19:53:00,49.9464552238806
2025-06-12 17:47:00,48.2
2025-06-12 03:22:00,30.5
2025-06-12 06:40:00,19.3
2025-06-12 05:51:00,89.5
2025-06-12 18:25:00,49.9464552238806
2025-06-12 13:36:00,22.1
2025-06-12 01:47:00,67.1
2025-06-12 15:31:00,5.3
2025-06-12 10:44:00,25.7
2025-06-12 03:03:00,30.7
2025-06-12 07:09:00,52.7
2025-06-12 02:51:00,27.4
2025-06-12 17:40:00,8.3
2025-06-12 01:50:00,67.6
2025-06-12 03:43:00,39.3
2025-06-12 02:42:00,68.9
2025-06-12 15:47:00,99.1
2025-06-12 03:38:00,97.0
2025-06-12 21:38:00,57.6
2025-06-12 17:17:00,85.6
2025-06-12 18:44:00,55.3
2025-06-12 00:48:00,66.8
2025-06-12 15:41:00,49.9464552238806
2025-06-12 17:48:00,11.4
2025-06-12 21:46:00,94.7
2025-06-12 15:21:00,49.9464552238806
2025-06-12 17:04:00,78.2
2025-06-12 07:39:00,99.0
2025-06-12 17:17:00,15.6
2025-06-12 02:59:00,1.5
2025-06-12 15:30:00,49.9464552238806
2025-06-12 14:21:00,15.7
2025-06-12 23:11:00,57.4
2025-06-12 16:42:00,98.2
2025-06-12 22:05:00,49.742524640779
2025-06-12 21:26:00,96.1
2025-06-12 11:03:00,64.5
2025-06-12 16:48:00,66.8
2025-06-12 16:47:00,11.5
2025-06-12 03:35:00,49.742524640779
2025-06-12 23:37:00,12.5
2025-06-12 16:50:00,32.2
2025-06-12 11:27:00,21.7
2025-06-12 23:49:00,78.2
2025-06-12 02:53:00,40.1
2025-06-12 01:43:00,61.7
2025-06-12 07:47:00,70.7
2025-06-12 10:10:00,83.4
2025-06-12 03:26:00,10.0
2025-06-12 00:48:00,28.0
2025-06-12 02:12:00,24.4
2025-06-12 13:15:00,21.3
2025-06-12 09:07:00,49.742524640779
2025-06-12 01:09:00,49.742524640779
2025-06-12 13:28:00,68.2
2025-06-12 07:14:00,49.742524640779
2025-06-12 22:57:00,19.2
2025-06-12 14:32:00,70.4
2025-06-12 17:03:00,2.4
2025-06-12 13:44:00,26.9
2025-06-12 20:09:00,66.0
2025-06-12 09:27:00,42.6
2025-06-12 01:43:00,79.1
2025-06-12 00:09:00,13.3
2025-06-12 08:10:00,81.9
2025-06-12 18:05:00,58.2
2025-06-12 18:38:00,14.3
2025-06-12 06:47:00,30.9
2025-06-12 13:57:00,86.2
2025-06-12 06:34:00,99.0
2025-06-12 21:58:00,84.8
2025-06-12 20:06:00,46.5
2025-06-12 00:04:00,35.3
2025-06-12 21:06:00,50.9
2025-06-12 12:55:00,49.2
2025-06-12 10:32:00,42.8
2025-06-12 13:47:00,65.5
2025-06-12 07:29:00,32.3
2025-06-12 18:51:00,50.7
2025-06-12 19:35:00,4.6
2025-06-12 10:11:00,54.0
2025-06-12 07:35:00,49.742524640779
2025-06-12 12:05:00,30.9
2025-06-12 13:21:00,49.742524640779
2025-06-12 05:08:00,12.2
2025-06-12 08:12:00,43.9
2025-06-12 02:00:00,12.2
2025-06-12 17:46:00,49.742524640779
2025-06-12 15:04:00,53.9
2025-06-12 10:21:00,92.8
2025-06-12 21:45:00,56.9
2025-06-12 16:39:00,0.7
2025-06-12 08:42:00,11.1
2025-06-12 11:27:00,11.8
2025-06-12 00:44:00,22.5
2025-06-12 06:51:00,96.2
2025-06-12 16:43:00,33.3
2025-06-12 13:44:00,82.1
2025-06-12 21:57:00,28.9
2025-06-12 08:19:00,49.742524640779
2025-06-12 04:23:00,99.9
2025-06-12 15:17:00,49.742524640779
2025-06-12 02:31:00,1.1
2025-06-12 20:16:00,8.2
2025-06-12 22:15:00,49.742524640779
2025-06-12 22:32:00,46.2
2025-06-12 13:01:00,53.4
2025-06-12 19:59:00,38.9
2025-06-12 09:35:00,74.5
2025-06-12 13:27:00,85.1
2025-06-12 10:29:00,42.4
2025-06-12 23:06:00,46.7
2025-06-12 23:08:00,15.4
2025-06-12 04:51:00,46.6
2025-06-12 22:35:00,49.742524640779
2025-06-12 16:05:00,6.8
2025-06-12 21:01:00,24.4
2025-06-12 01:30:00,50.1
2025-06-12 18:19:00,9.6
2025-06-12 13:01:00,22.3
2025-06-12 03:41:00,67.7
2025-06-12 02:18:00,92.9
2025-06-12 05:32:00,24.0
2025-06-12 10:47:00,70.7
2025-06-12 13:57:00,23.3
2025-06-12 13:57:00,78.0
2025-06-12 10:41:00,28.0
2025-06-12 21:51:00,7.6
2025-06-12 09:09:00,31.9
2025-06-12 13:07:00,49.742524640779
2025-06-12 10:39:00,48.4
2025-06-12 10:53:00,39.0
2025-06-12 18:38:00,73.8
2025-06-12 00:37:00,17.8
2025-06-12 07:27:00,49.742524640779
2025-06-12 17:24:00,61.6
2025-06-12 17:06:00,35.1
2025-06-12 07:11:00,92.2
2025-06-12 19:59:00,1.6
2025-06-12 10:07:00,96.0
2025-06-12 19:44:00,78.4
2025-06-12 04:05:00,90.3
2025-06-12 13:17:00,88.6
2025-06-12 14:55:00,69.9
2025-06-12 17:57:00,17.7
2025-06-12 21:58:00,57.1
2025-06-12 13:47:00,59.3
2025-06-12 23:53:00,42.6
2025-06-12 17:13:00,60.2
2025-06-12 21:38:00,16.8
2025-06-12 09:09:00,31.9
2025-06-12 03:05:00,26.6
2025-06-12 09:46:00,25.0
2025-06-12 13:23:00,40.1
2025-06-12 19:04:00,67.9
2025-06-12 12:53:00,2.8
2025-06-12 17:59:00,71.1
2025-06-12 22:33:00,20.8
2025-06-12 21:03:00,45.7
2025-06-12 02:08:00,49.742524640779
2025-06-12 11:59:00,10.5
2025-06-12 03:22:00,82.6
2025-06-12 19:52:00,38.1
2025-06-12 22:09:00,48.4
2025-06-12 14:03:00,87.8
2025-06-12 21:12:00,88.6
2025-06-12 17:06:00,42.8
2025-06-12 04:23:00,27.0
2025-06-12 11:36:00,2.4
2025-06-12 20:48:00,49.742524640779
2025-06-12 10:00:00,69.4
2025-06-12 16:21:00,66.7
2025-06-12 07:18:00,25.8
2025-06-12 16:37:00,53.0
2025-06-12 09:40:00,32.3
2025-06-12 19:46:00,49.742524640779
2025-06-12 13:18:00,54.2
2025-06-12 06:06:00,39.6
2025-06-12 15:21:00,80.4
2025-06-12 22:54:00,12.7
2025-06-12 05:27:00,7.8
2025-06-12 01:43:00,93.4
2025-06-12 17:25:00,32.4
2025-06-12 03:24:00,46.1
2025-06-12 09:41:00,49.742524640779
2025-06-12 08:55:00,7.1
2025-06-12 15:33:00,5.5
2025-06-12 21:08:00,71.5
2025-06-12 06:07:00,6.4
2025-06-12 02:09:00,34.1
2025-06-12 12:11:00,55.6
2025-06-12 11:54:00,57.7
2025-06-12 17:35:00,48.0
2025-06-12 05:09:00,49.742524640779
2025-06-12 01:46:00,39.8
2025-06-12 18:22:00,95.2
2025-06-12 02:25:00,87.4
2025-06-12 01:30:00,49.742524640779
2025-06-12 03:47:00,68.1
2025-06-12 15:11:00,86.9
2025-06-12 08:39:00,50.8
2025-06-12 19:05:00,38.5
2025-06-12 14:48:00,85.0
2025-06-12 04:18:00,54.2
2025-06-12 04:35:00,20.0
2025-06-12 04:29:00,73.5
2025-06-12 11:42:00,19.0
2025-06-12 06:09:00,0.2
2025-06-12 07:37:00,27.2
2025-06-12 16:10:00,13.0
2025-06-12 09:27:00,57.6
2025-06-12 13:08:00,76.0
2025-06-12 19:20:00,79.2
2025-06-12 08:54:00,82.1
2025-06-12 09:42:00,71.3
2025-06-12 20:29:00,12.3
2025-06-12 18:03:00,85.0
2025-06-12 08:18:00,14.8
2025-06-12 20:22:00,49.5
2025-06-12 05:53:00,31.3
2025-06-12 05:33:00,87.3
2025-06-12 23:33:00,53.0
2025-06-12 07:14:00,82.9
2025-06-12 01:10:00,35.9
2025-06-12 14:21:00,78.9
2025-06-12 13:44:00,17.0
2025-06-12 04:23:00,69.9
2025-06-12 07:14:00,49.742524640779
2025-06-12 19:34:00,39.5
2025-06-12 03:44:00,21.3
2025-06-12 14:36:00,81.3
2025-06-12 12:35:00,57.0
2025-06-12 07:57:00,0.7
2025-06-12 13:46:00,49.742524640779
2025-06-12 13:39:00,52.1
2025-06-12 21:10:00,20.8
2025-06-12 10:23:00,61.7
2025-06-12 06:05:00,22.9
2025-06-12 18:01:00,49.742524640779
2025-06-12 13:04:00,29.1
2025-06-12 11:27:00,20.7
2025-06-12 01:52:00,91.7
2025-06-12 21:43:00,35.6
2025-06-12 07:06:00,46.1
2025-06-12 10:03:00,49.742524640779
2025-06-12 09:44:00,70.5
2025-06-12 06:13:00,98.3
2025-06-12 11:40:00,13.3
2025-06-12 03:21:00,4.1
2025-06-12 20:27:00,69.0
2025-06-12 23:38:00,70.6
2025-06-12 05:56:00,49.742524640779
2025-06-12 17:00:00,99.3
2025-06-12 23:36:00,93.1
2025-06-12 07:08:00,95.6
2025-06-12 22:23:00,49.742524640779
2025-06-12 23:47:00,49.742524640779
2025-06-12 09:38:00,31.0
2025-06-12 06:05:00,13.6
2025-06-12 19:19:00,49.742524640779
2025-06-12 03:53:00,45.5
2025-06-12 05:02:00,61.4
2025-06-12 10:07:00,92.5
2025-06-12 22:18:00,32.1
2025-06-12 11:51:00,36.0
2025-06-12 08:27:00,44.4
2025-06-12 22:21:00,89.5
2025-06-12 03:33:00,89.5
2025-06-12 11:49:00,1.7
2025-06-12 20:51:00,75.3
2025-06-12 05:28:00,3.1
2025-06-12 16:34:00,25.2
2025-06-12 02:46:00,52.8
2025-06-12 23:01:00,49.742524640779
2025-06-12 05:04:00,42.0
2025-06-12 01:34:00,62.3
2025-06-12 14:39:00,69.2
2025-06-12 04:54:00,36.3
2025-06-12 13:38:00,47.4
2025-06-12 01:02:00,49.742524640779
2025-06-12 18:46:00,23.4
2025-06-12 16:35:00,59.1
2025-06-12 21:52:00,40.1
2025-06-12 00:04:00,89.5
2025-06-12 22:37:00,49.742524640779
2025-06-12 19:36:00,1.1
2025-06-12 15:53:00,96.6
2025-06-12 08:46:00,56.4
2025-06-12 09:41:00,47.6
2025-06-12 07:47:00,12.4
2025-06-12 06:45:00,68.2
2025-06-12 00:41:00,53.9
2025-06-12 13:33:00,49.742524640779
2025-06-12 03:53:00,10.9
2025-06-12 04:42:00,49.742524640779
2025-06-12 03:58:00,3.3
2025-06-12 13:18:00,87.2
2025-06-12 19:40:00,1.0
2025-06-12 17:55:00,17.3
2025-06-12 23:25:00,49.742524640779
2025-06-12 08:11:00,57.3
2025-06-12 21:20:00,49.742524640779
2025-06-12 08:19:00,11.7
2025-06-12 17:22:00,92.3
2025-06-12 22:14:00,5.0
2025-06-12 18:00:00,71.6
2025-06-12 15:29:00,29.4
2025-06-12 22:46:00,62.5
2025-06-12 15:35:00,8.8
2025-06-12 06:32:00,56.0
2025-06-12 14:12:00,90.0
2025-06-12 02:44:00,52.8
2025-06-12 16:36:00,37.9
2025-06-12 03:37:00,6.6
2025-06-12 09:47:00,48.0
2025-06-12 12:06:00,85.5
2025-06-12 08:41:00,30.3
2025-06-12 06:09:00,28.0
2025-06-12 19:31:00,26.4
2025-06-12 18:12:00,49.742524640779
2025-06-12 05:43:00,49.742524640779
2025-06-12 11:27:00,20.2
2025-06-12 17:49:00,49.0
2025-06-12 13:50:00,49.742524640779
2025-06-12 16:06:00,46.9
2025-06-12 21:04:00,67.9
2025-06-12 13:16:00,20.0
2025-06-12 17:27:00,53.0
2025-06-12 00:12:00,98.2
2025-06-12 09:40:00,49.742524640779
2025-06-12 13:22:00,71.7
2025-06-12 20:49:00,38.7
2025-06-12 15:31:00,70.0
2025-06-12 08:46:00,49.742524640779
2025-06-12 01:26:00,22.7
2025-06-12 17:27:00,2.7
2025-06-12 03:53:00,63.5
2025-06-12 06:40:00,61.1
2025-06-12 07:43:00,83.8
2025-06-12 08:56:00,41.0
2025-06-12 12:57:00,65.4
2025-06-12 20:08:00,76.2
2025-06-12 07:23:00,49.742524640779
2025-06-12 08:23:00,72.4
2025-06-12 03:14:00,24.5
2025-06-12 11:54:00,11.4
2025-06-12 08:27:00,78.4
2025-06-12 16:21:00,49.742524640779
2025-06-12 04:43:00,49.742524640779
2025-06-12 16:13:00,62.1
2025-06-12 01:22:00,88.6
2025-06-12 01:59:00,49.742524640779
2025-06-12 23:13:00,15.6
2025-06-12 20:31:00,11.9
2025-06-12 15:23:00,10.4
2025-06-12 04:54:00,28.7
2025-06-12 02:58:00,7.6
2025-06-12 13:55:00,40.2
2025-06-12 11:34:00,49.742524640779
2025-06-12 05:57:00,68.9
2025-06-12 22:24:00,93.2
2025-06-12 02:39:00,60.7
2025-06-12 03:59:00,6.5
2025-06-12 12:12:00,74.4
2025-06-12 09:00:00,50.1
2025-06-12 19:00:00,49.742524640779
2025-06-12 18:17:00,7.2
2025-06-12 16:52:00,6.7
2025-06-12 10:29:00,60.2
2025-06-12 00:19:00,96.6
2025-06-12 17:52:00,64.7
2025-06-12 01:28:00,97.8
2025-06-12 17:42:00,0.0
2025-06-12 19:57:00,13.2
2025-06-12 18:48:00,95.7
2025-06-12 18:20:00,50.09606761356967
2025-06-12 09:31:00,5.9
2025-06-12 11:35:00,50.09606761356967
2025-06-12 06:50:00,44.9
2025-06-12 15:28:00,77.9
2025-06-12 03:12:00,50.09606761356967
2025-06-12 09:00:00,47.7
2025-06-12 05:31:00,42.1
2025-06-12 20:11:00,21.5
2025-06-12 03:21:00,75.7
2025-06-12 06:02:00,1.8
2025-06-12 11:11:00,70.0
2025-06-12 08:41:00,70.6
2025-06-12 23:17:00,45.2
2025-06-12 21:38:00,19.9
2025-06-12 13:09:00,50.09606761356967
2025-06-12 12:36:00,50.09606761356967
2025-06-12 16:09:00,84.1
2025-06-12 12:29:00,17.0
2025-06-12 13:32:00,53.3
2025-06-12 08:08:00,59.5
2025-06-12 10:24:00,32.5
2025-06-12 01:20:00,42.6
2025-06-12 02:43:00,57.6
2025-06-12 15:38:00,42.5
2025-06-12 15:36:00,59.7
2025-06-12 10:04:00,38.0
2025-06-12 17:38:00,35.5
2025-06-12 16:39:00,70.6
2025-06-12 08:55:00,69.7
2025-06-12 15:41:00,70.6
2025-06-12 02:59:00,50.09606761356967
2025-06-12 23:22:00,3.7
2025-06-12 16:02:00,66.5
2025-06-12 09:15:00,49.9
2025-06-12 07:35:00,94.8
2025-06-12 03:51:00,60.8
2025-06-12 07:47:00,9.7
2025-06-12 21:14:00,50.09606761356967
2025-06-12 07:06:00,33.6
2025-06-12 23:41:00,80.7
2025-06-12 15:10:00,11.6
2025-06-12 11:49:00,86.0
2025-06-12 11:50:00,10.3
2025-06-12 16:06:00,29.6
2025-06-12 04:24:00,50.09606761356967
2025-06-12 00:23:00,34.5
2025-06-12 21:44:00,70.6
2025-06-12 20:52:00,64.7
2025-06-12 09:18:00,56.0
2025-06-12 07:04:00,7.5
2025-06-12 08:43:00,32.6
2025-06-12 22:52:00,38.0
2025-06-12 23:31:00,13.6
2025-06-12 14:46:00,31.7
2025-06-12 02:18:00,34.2
2025-06-12 12:05:00,17.9
2025-06-12 10:45:00,48.6
2025-06-12 11:35:00,81.9
2025-06-12 00:31:00,50.09606761356967
2025-06-12 11:18:00,94.2
2025-06-12 21:42:00,38.4
2025-06-12 15:52:00,73.4
2025-06-12 18:18:00,74.9
2025-06-12 05:34:00,53.3
2025-06-12 00:16:00,34.7
2025-06-12 16:41:00,6.1
2025-06-12 06:48:00,83.0
2025-06-12 16:02:00,3.0
2025-06-12 03:51:00,99.7
2025-06-12 19:37:00,57.5
2025-06-12 01:34:00,29.2
2025-06-12 14:22:00,3.5
2025-06-12 08:49:00,21.9
2025-06-12 23:42:00,68.0
2025-06-12 17:17:00,18.7
2025-06-12 18:50:00,48.5
2025-06-12 05:23:00,94.3
2025-06-12 22:12:00,55.4
2025-06-12 20:16:00,50.09606761356967
2025-06-12 06:07:00,24.6
2025-06-12 13:00:00,29.0
2025-06-12 05:42:00,50.09606761356967
2025-06-12 09:49:00,99.0
2025-06-12 10:47:00,96.4
2025-06-12 05:18:00,47.6
2025-06-12 09:52:00,2.8
2025-06-12 03:15:00,91.5
2025-06-12 09:52:00,60.5
2025-06-12 21:53:00,17.2
2025-06-12 10:48:00,19.2
2025-06-12 07:02:00,50.09606761356967
2025-06-12 05:48:00,37.6
2025-06-12 03:33:00,79.9
2025-06-12 14:55:00,13.1
2025-06-12 19:27:00,92.8
2025-06-12 10:57:00,80.2
2025-06-12 02:06:00,72.1
2025-06-12 23:55:00,97.2
2025-06-12 09:31:00,54.4
2025-06-12 23:46:00,51.6
2025-06-12 17:59:00,50.09606761356967
2025-06-12 23:33:00,26.3
2025-06-12 00:46:00,50.09606761356967
2025-06-12 07:09:00,47.7
2025-06-12 07:06:00,79.0
2025-06-12 16:46:00,60.6
2025-06-12 03:12:00,89.4
2025-06-12 17:13:00,41.6
2025-06-12 20:43:00,19.0
2025-06-12 01:56:00,56.8
2025-06-12 21:04:00,26.1
2025-06-12 01:47:00,81.7
2025-06-12 18:18:00,45.0
2025-06-12 07:53:00,24.3
2025-06-12 00:18:00,69.4
2025-06-12 00:24:00,85.0
2025-06-12 04:11:00,53.4
2025-06-12 15:18:00,32.9
2025-06-12 17:23:00,6.8
2025-06-12 18:23:00,59.7
2025-06-12 17:34:00,88.7
2025-06-12 17:31:00,70.9
2025-06-12 12:08:00,46.3
2025-06-12 15:34:00,68.7
2025-06-12 09:06:00,50.09606761356967
2025-06-12 03:22:00,3.1
2025-06-12 10:42:00,50.09606761356967
2025-06-12 04:03:00,57.4
2025-06-12 00:11:00,37.8
2025-06-12 05:17:00,50.09606761356967
2025-06-12 22:49:00,43.7
2025-06-12 19:35:00,5.0
2025-06-12 21:41:00,9.2
2025-06-12 02:46:00,38.9
2025-06-12 01:51:00,61.8
2025-06-12 13:03:00,23.7
2025-06-12 00:04:00,50.09606761356967
2025-06-12 14:18:00,26.6
2025-06-12 19:33:00,47.3
2025-06-12 04:27:00,50.09606761356967
2025-06-12 13:31:00,5.6
2025-06-12 09:10:00,63.6
2025-06-12 15:15:00,69.5
2025-06-12 19:17:00,50.09606761356967
2025-06-12 02:39:00,31.8
2025-06-12 14:43:00,6.0
2025-06-12 12:48:00,50.09606761356967
2025-06-12 19:40:00,79.5
2025-06-12 20:34:00,21.3
2025-06-12 12:24:00,70.7
2025-06-12 18:59:00,50.09606761356967
2025-06-12 10:46:00,71.8
2025-06-12 16:05:00,33.1
2025-06-12 17:00:00,14.8
2025-06-12 13:44:00,51.3
2025-06-12 19:51:00,54.5
2025-06-12 02:02:00,17.0
2025-06-12 19:11:00,27.3
2025-06-12 09:32:00,91.0
2025-06-12 12:48:00,43.0
2025-06-12 01:19:00,77.8
2025-06-12 21:16:00,57.9
2025-06-12 19:14:00,63.6
2025-06-12 02:47:00,12.6
2025-06-12 00:33:00,24.5
2025-06-12 19:28:00,26.2
2025-06-12 06:49:00,50.09606761356967
2025-06-12 01:06:00,83.3
2025-06-12 10:30:00,44.9
2025-06-12 14:29:00,50.09606761356967
2025-06-12 22:50:00,69.2
2025-06-12 04:27:00,39.0
2025-06-12 11:39:00,8.8
2025-06-12 04:43:00,35.2
2025-06-12 17:53:00,77.9
2025-06-12 19:31:00,59.4
2025-06-12 12:24:00,97.7
2025-06-12 02:18:00,87.1
2025-06-12 12:20:00,85.8
2025-06-12 07:48:00,30.0
2025-06-12 18:33:00,50.09606761356967
2025-06-12 09:21:00,96.6
2025-06-12 11:34:00,57.2
2025-06-12 23:11:00,29.4
2025-06-12 08:26:00,2.0
2025-06-12 04:48:00,18.8
2025-06-12 14:24:00,12.8
2025-06-12 17:06:00,80.8
2025-06-12 20:09:00,34.7
2025-06-12 21:35:00,31.1
2025-06-12 13:49:00,83.3
2025-06-12 20:55:00,24.7
2025-06-12 22:39:00,63.4
2025-06-12 21:43:00,59.8
2025-06-12 08:34:00,13.1
2025-06-12 01:14:00,50.2
2025-06-12 06:30:00,82.9
2025-06-12 13:20:00,50.09606761356967
2025-06-12 21:55:00,17.4
2025-06-12 19:38:00,47.5
2025-06-12 15:15:00,69.8
2025-06-12 02:59:00,2.1
2025-06-12 03:23:00,50.09606761356967
2025-06-12 02:55:00,3.3
2025-06-12 10:31:00,84.8
2025-06-12 07:02:00,89.2
2025-06-12 19:31:00,68.8
2025-06-12 05:08:00,29.9
2025-06-12 14:41:00,3.5
2025-06-12 11:58:00,38.9
2025-06-12 06:34:00,56.1
2025-06-12 02:29:00,46.9
2025-06-12 09:53:00,37.5
2025-06-12 03:42:00,2.1
2025-06-12 02:58:00,59.4
2025-06-12 09:20:00,50.09606761356967
2025-06-12 10:58:00,50.09606761356967
2025-06-12 02:11:00,51.4
2025-06-12 05:52:00,29.3
2025-06-12 19:31:00,4.5
2025-06-12 18:53:00,75.1
2025-06-12 04:25:00,98.8
2025-06-12 06:38:00,92.6
2025-06-12 07:58:00,50.09606761356967
2025-06-12 08:43:00,41.5
2025-06-12 09:15:00,50.09606761356967
2025-06-12 12:04:00,38.3
2025-06-12 12:07:00,50.09606761356967
2025-06-12 00:09:00,15.9
2025-06-12 04:39:00,43.2
2025-06-12 04:36:00,25.4
2025-06-12 02:54:00,71.8
2025-06-12 00:48:00,69.5
2025-06-12 11:57:00,72.7
2025-06-12 22:23:00,76.9
2025-06-12 17:22:00,26.4
2025-06-12 05:19:00,15.3
2025-06-12 00:45:00,5.6
2025-06-12 05:35:00,45.3
2025-06-12 23:47:00,1.5
2025-06-12 00:38:00,51.9
2025-06-12 17:47:00,33.7
2025-06-12 18:49:00,1.7
2025-06-12 14:30:00,14.5
2025-06-12 18:03:00,83.9
2025-06-12 10:29:00,2.4
2025-06-12 16:55:00,25.6
2025-06-12 07:48:00,60.7
2025-06-12 16:49:00,50.09606761356967
2025-06-12 05:02:00,35.8
2025-06-12 22:08:00,50.09606761356967
2025-06-12 19:54:00,14.2
2025-06-12 05:28:00,75.9
2025-06-12 18:24:00,30.4
2025-06-12 20:06:00,24.3
2025-06-12 02:56:00,72.1
2025-06-12 19:34:00,62.5
2025-06-12 08:21:00,8.0
2025-06-12 19:02:00,40.9
2025-06-12 23:43:00,79.9
2025-06-12 00:09:00,95.2
2025-06-12 07:47:00,50.09606761356967
2025-06-12 06:21:00,50.09606761356967
2025-06-12 08:26:00,16.7
2025-06-12 12:10:00,70.4
2025-06-12 10:42:00,26.4
2025-06-12 02:43:00,56.8
2025-06-12 23:15:00,25.3
2025-06-12 19:49:00,82.1
2025-06-12 03:55:00,3.4
2025-06-12 07:51:00,4.1
2025-06-12 00:41:00,50.09606761356967
2025-06-12 22:31:00,10.5
2025-06-12 19:33:00,12.1
2025-06-12 14:07:00,50.09606761356967
2025-06-12 06:45:00,98.5
2025-06-12 23:02:00,85.3
2025-06-12 10:17:00,60.4
2025-06-12 00:34:00,51.4
2025-06-12 10:46:00,60.3
2025-06-12 18:36:00,83.9
2025-06-12 02:36:00,38.8
2025-06-12 06:43:00,70.5
2025-06-12 21:09:00,97.4
2025-06-12 19:47:00,16.7
2025-06-12 06:31:00,2.2
2025-06-12 17:16:00,62.9
2025-06-12 15:34:00,43.9
2025-06-12 21:56:00,60.2
2025-06-12 01:07:00,50.09606761356967
2025-06-12 09:16:00,57.8
2025-06-12 17:21:00,50.09606761356967
2025-06-12 20:42:00,80.2
2025-06-12 13:18:00,93.2
2025-06-12 07:39:00,50.09606761356967
2025-06-12 17:12:00,50.09606761356967
2025-06-12 05:33:00,78.6
2025-06-12 12:42:00,10.8
2025-06-12 14:06:00,50.09606761356967
2025-06-12 18:31:00,74.4
2025-06-12 10:04:00,50.09606761356967
2025-06-12 10:29:00,32.1
2025-06-12 15:08:00,25.5
2025-06-12 11:52:00,98.7
2025-06-12 18:11:00,50.09606761356967
2025-06-12 02:51:00,89.6
2025-06-12 15:17:00,92.7
2025-06-12 23:22:00,50.09606761356967
2025-06-12 12:17:00,4.0
2025-06-12 16:53:00,50.09606761356967
2025-06-12 17:19:00,33.0
2025-06-12 16:48:00,78.2
2025-06-12 16:30:00,37.3
2025-06-12 01:01:00,92.6
2025-06-12 06:18:00,35.7
2025-06-12 18:48:00,33.3
2025-06-12 11:48:00,32.1
2025-06-12 22:32:00,17.7
2025-06-12 20:05:00,39.6
2025-06-12 00:04:00,94.1
2025-06-12 16:26:00,6.3
2025-06-12 17:40:00,22.0
2025-06-12 09:42:00,10.1
2025-06-12 20:55:00,30.5
2025-06-12 08:05:00,50.09606761356967
2025-06-12 15:04:00,11.1
2025-06-12 15:27:00,74.9
2025-06-12 07:48:00,46.6
2025-06-12 08:39:00,49.952608030142464
2025-06-12 03:18:00,52.6
2025-06-12 01:15:00,83.6
2025-06-12 08:07:00,7.2
2025-06-12 09:25:00,22.0
2025-06-12 15:34:00,11.1
2025-06-12 13:16:00,91.6
2025-06-12 11:07:00,69.7
2025-06-12 19:58:00,24.3
2025-06-12 15:07:00,24.5
2025-06-12 15:29:00,60.7
2025-06-12 06:33:00,49.952608030142464
2025-06-12 15:50:00,49.952608030142464
2025-06-12 02:47:00,20.4
2025-06-12 12:32:00,98.3
2025-06-12 22:53:00,86.9
2025-06-12 09:15:00,42.9
2025-06-12 06:42:00,60.5
2025-06-12 02:01:00,76.6
2025-06-12 00:44:00,56.1
2025-06-12 09:11:00,20.9
2025-06-12 20:20:00,17.4
2025-06-12 13:21:00,49.952608030142464
2025-06-12 02:23:00,47.8
2025-06-12 07:25:00,49.952608030142464
2025-06-12 19:05:00,11.9
2025-06-12 16:25:00,66.8
2025-06-12 17:12:00,9.3
2025-06-12 03:11:00,42.1
2025-06-12 23:05:00,49.952608030142464
2025-06-12 13:04:00,65.9
2025-06-12 14:41:00,35.0
2025-06-12 15:06:00,95.5
2025-06-12 00:03:00,72.7
2025-06-12 20:02:00,60.8
2025-06-12 20:04:00,54.7
2025-06-12 14:22:00,49.952608030142464
2025-06-12 05:44:00,10.0
2025-06-12 09:46:00,27.4
2025-06-12 09:52:00,67.6
2025-06-12 05:58:00,86.9
2025-06-12 18:42:00,49.952608030142464
2025-06-12 12:39:00,19.2
2025-06-12 12:20:00,51.9
2025-06-12 03:23:00,39.9
2025-06-12 22:03:00,99.1
2025-06-12 05:14:00,49.952608030142464
2025-06-12 20:46:00,16.7
2025-06-12 07:31:00,49.952608030142464
2025-06-12 18:20:00,22.7
2025-06-12 05:17:00,52.2
2025-06-12 12:22:00,49.952608030142464
2025-06-12 11:21:00,49.952608030142464
2025-06-12 18:13:00,62.9
2025-06-12 17:50:00,14.5
2025-06-12 12:49:00,60.3
2025-06-12 17:12:00,42.5
2025-06-12 19:32:00,61.5
2025-06-12 05:43:00,56.2
2025-06-12 23:28:00,92.7
2025-06-12 23:44:00,75.2
2025-06-12 19:33:00,49.952608030142464
2025-06-12 10:19:00,8.8
2025-06-12 10:56:00,59.8
2025-06-12 07:20:00,94.6
2025-06-12 04:46:00,66.2
2025-06-12 01:22:00,87.2
2025-06-12 09:30:00,5.8
2025-06-12 10:38:00,47.1
2025-06-12 06:31:00,15.1
2025-06-12 19:44:00,22.7
2025-06-12 07:02:00,15.9
2025-06-12 22:19:00,34.8
2025-06-12 08:05:00,69.0
2025-06-12 03:42:00,36.5
2025-06-12 12:45:00,51.3
2025-06-12 07:23:00,91.4
2025-06-12 18:20:00,40.3
2025-06-12 22:37:00,33.9
2025-06-12 11:31:00,30.0
2025-06-12 06:59:00,10.1
2025-06-12 16:33:00,27.3
2025-06-12 01:40:00,12.7
2025-06-12 18:34:00,81.8
2025-06-12 04:36:00,60.3
2025-06-12 19:00:00,46.0
2025-06-12 13:57:00,59.3
2025-06-12 02:26:00,30.0
2025-06-12 08:56:00,85.3
2025-06-12 10:57:00,65.9
2025-06-12 03:53:00,62.2
2025-06-12 18:55:00,49.952608030142464
2025-06-12 00:04:00,55.3
2025-06-12 16:46:00,24.7
2025-06-12 07:01:00,79.3
2025-06-12 18:15:00,62.2
2025-06-12 08:24:00,17.5
2025-06-12 00:38:00,29.3
2025-06-12 14:01:00,63.3
2025-06-12 10:40:00,26.6
2025-06-12 05:41:00,81.6
2025-06-12 08:13:00,55.9
2025-06-12 06:57:00,95.9
2025-06-12 02:07:00,16.9
2025-06-12 21:24:00,78.1
2025-06-12 13:37:00,32.5
2025-06-12 19:36:00,9.6
2025-06-12 22:20:00,13.8
2025-06-12 09:25:00,49.952608030142464
2025-06-12 15:24:00,49.952608030142464
2025-06-12 09:10:00,87.9
2025-06-12 04:27:00,39.5
2025-06-12 18:36:00,94.1
2025-06-12 14:21:00,62.8
2025-06-12 05:53:00,92.5
2025-06-12 22:47:00,8.5
2025-06-12 14:12:00,77.3
2025-06-12 10:41:00,49.952608030142464
2025-06-12 21:13:00,48.5
2025-06-12 22:46:00,55.5
2025-06-12 20:02:00,96.0
2025-06-12 19:31:00,76.2
2025-06-12 15:21:00,22.1
2025-06-12 04:26:00,86.0
2025-06-12 09:20:00,54.5
2025-06-12 23:13:00,19.3
2025-06-12 20:47:00,30.5
2025-06-12 09:43:00,24.2
2025-06-12 19:04:00,19.2
2025-06-12 02:36:00,67.2
2025-06-12 08:00:00,85.1
2025-06-12 01:13:00,83.0
2025-06-12 08:51:00,47.0
2025-06-12 10:29:00,26.0
2025-06-12 14:46:00,49.952608030142464
2025-06-12 04:03:00,76.6
2025-06-12 14:21:00,68.3
2025-06-12 17:00:00,49.952608030142464
2025-06-12 22:27:00,54.7
2025-06-12 02:47:00,68.6
2025-06-12 03:57:00,31.0
2025-06-12 15:15:00,23.2
2025-06-12 11:34:00,54.5
2025-06-12 02:03:00,20.2
2025-06-12 00:24:00,86.2
2025-06-12 07:00:00,13.0
2025-06-12 08:42:00,49.952608030142464
2025-06-12 02:16:00,9.6
2025-06-12 05:39:00,13.8
2025-06-12 22:42:00,41.6
2025-06-12 18:22:00,88.3
2025-06-12 14:25:00,55.2
2025-06-12 01:18:00,10.6
2025-06-12 10:40:00,95.8
2025-06-12 04:57:00,92.2
2025-06-12 08:25:00,24.7
2025-06-12 22:59:00,84.6
2025-06-12 05:47:00,7.3
2025-06-12 03:43:00,71.9
2025-06-12 01:02:00,32.1
2025-06-12 23:29:00,32.8
2025-06-12 19:55:00,79.2
2025-06-12 06:18:00,36.4
2025-06-12 17:27:00,96.9
2025-06-12 18:49:00,23.5
2025-06-12 01:36:00,66.1
2025-06-12 15:00:00,15.7
2025-06-12 22:14:00,65.3
2025-06-12 17:54:00,51.9
2025-06-12 18:03:00,68.3
2025-06-12 13:54:00,84.6
2025-06-12 17:35:00,57.9
2025-06-12 17:56:00,15.1
2025-06-12 11:21:00,12.6
2025-06-12 09:19:00,89.9
2025-06-12 18:08:00,0.9
2025-06-12 18:23:00,3.6
2025-06-12 06:03:00,27.9
2025-06-12 04:50:00,92.1
2025-06-12 19:46:00,1.5
2025-06-12 01:31:00,9.7
2025-06-12 14:17:00,49.952608030142464
2025-06-12 22:40:00,38.0
2025-06-12 04:59:00,69.6
2025-06-12 10:33:00,50.7
2025-06-12 02:45:00,79.3
2025-06-12 04:09:00,93.0
2025-06-12 18:28:00,85.0
2025-06-12 04:30:00,91.7
2025-06-12 20:56:00,82.8
2025-06-12 04:40:00,59.7
2025-06-12 10:41:00,54.6
2025-06-12 22:45:00,49.952608030142464
2025-06-12 18:46:00,35.0
2025-06-12 18:37:00,58.3
2025-06-12 15:36:00,49.952608030142464
2025-06-12 21:54:00,27.3
2025-06-12 04:46:00,16.5
2025-06-12 15:14:00,95.1
2025-06-12 09:57:00,83.7
2025-06-12 03:00:00,49.952608030142464
2025-06-12 00:29:00,49.952608030142464
2025-06-12 04:51:00,17.1
2025-06-12 11:44:00,69.0
2025-06-12 11:18:00,58.4
2025-06-12 03:25:00,42.2
2025-06-12 07:41:00,94.8
2025-06-12 22:28:00,66.8
2025-06-12 02:11:00,49.952608030142464
2025-06-12 21:05:00,0.6
2025-06-12 20:36:00,88.9
2025-06-12 17:39:00,87.2
2025-06-12 23:29:00,30.7
2025-06-12 18:36:00,49.952608030142464
2025-06-12 02:54:00,70.2
2025-06-12 16:29:00,49.952608030142464
2025-06-12 03:25:00,20.1
2025-06-12 00:58:00,49.952608030142464
2025-06-12 02:08:00,85.1
2025-06-12 19:03:00,48.6
2025-06-12 11:58:00,49.952608030142464
2025-06-12 02:24:00,77.3
2025-06-12 08:00:00,49.7
2025-06-12 18:59:00,34.5
2025-06-12 15:15:00,29.8
2025-06-12 15:03:00,88.3
2025-06-12 22:57:00,76.2
2025-06-12 00:05:00,49.952608030142464
2025-06-12 15:44:00,35.7
2025-06-12 19:55:00,64.1
2025-06-12 11:20:00,25.2
2025-06-12 18:53:00,27.9
2025-06-12 19:47:00,34.1
2025-06-12 12:51:00,27.8
2025-06-12 02:04:00,49.952608030142464
2025-06-12 08:52:00,99.3
2025-06-12 15:06:00,45.4
2025-06-12 18:27:00,5.0
2025-06-12 22:16:00,49.952608030142464
2025-06-12 20:52:00,49.952608030142464
2025-06-12 01:09:00,87.0
2025-06-12 16:54:00,50.8
2025-06-12 18:39:00,21.5
2025-06-12 02:16:00,48.0
2025-06-12 22:33:00,42.4
2025-06-12 04:14:00,27.9
2025-06-12 00:29:00,71.3
2025-06-12 17:01:00,49.952608030142464
2025-06-12 10:05:00,38.2
2025-06-12 19:43:00,49.952608030142464
2025-06-12 02:12:00,4.7
2025-06-12 02:41:00,49.952608030142464
2025-06-12 21:38:00,49.952608030142464
2025-06-12 11:47:00,49.952608030142464
2025-06-12 21:57:00,22.1
2025-06-12 21:09:00,15.5
2025-06-12 08:17:00,6.9
2025-06-12 13:51:00,34.8
2025-06-12 10:32:00,84.7
2025-06-12 05:47:00,50.1
2025-06-12 16:53:00,95.5
2025-06-12 12:51:00,49.952608030142464
2025-06-12 02:37:00,79.5
2025-06-12 01:30:00,70.2
2025-06-12 15:02:00,0.7
2025-06-12 07:28:00,5.4
2025-06-12 20:35:00,9.6
2025-06-12 10:56:00,36.7
2025-06-12 02:47:00,49.952608030142464
2025-06-12 05:26:00,10.3
2025-06-12 05:31:00,12.0
2025-06-12 21:54:00,57.6
2025-06-12 16:07:00,77.6
2025-06-12 04:14:00,83.7
2025-06-12 04:48:00,10.5
2025-06-12 09:05:00,76.1
2025-06-12 16:24:00,49.952608030142464
2025-06-12 20:47:00,11.7
2025-06-12 18:56:00,27.2
2025-06-12 10:39:00,85.9
2025-06-12 15:35:00,24.9
2025-06-12 21:25:00,85.1
2025-06-12 17:56:00,87.1
2025-06-12 00:16:00,5.9
2025-06-12 12:30:00,45.7
2025-06-12 20:19:00,88.0
2025-06-12 12:13:00,49.952608030142464
2025-06-12 17:51:00,84.3
2025-06-12 18:07:00,21.5
2025-06-12 08:07:00,84.2
2025-06-12 18:48:00,14.2
2025-06-12 20:33:00,3.7
2025-06-12 06:56:00,79.6
2025-06-12 08:22:00,18.7
2025-06-12 02:48:00,20.6
2025-06-12 01:13:00,63.1
2025-06-12 03:32:00,28.4
2025-06-12 16:25:00,17.2
2025-06-12 21:18:00,49.952608030142464
2025-06-12 08:14:00,12.2
2025-06-12 03:07:00,47.7
2025-06-12 14:08:00,77.6
2025-06-12 03:52:00,28.1
2025-06-12 03:10:00,61.4
2025-06-12 00:07:00,82.0
2025-06-12 15:39:00,32.9
2025-06-12 09:37:00,97.9
2025-06-12 18:13:00,29.2
2025-06-12 06:41:00,50.21640523646657
2025-06-12 21:30:00,27.3
2025-06-12 16:21:00,50.21640523646657
2025-06-12 17:38:00,50.21640523646657
2025-06-12 17:00:00,40.3
2025-06-12 02:53:00,93.0
2025-06-12 14:21:00,82.4
2025-06-12 05:45:00,29.4
2025-06-12 18:41:00,59.0
2025-06-12 02:41:00,8.2
2025-06-12 19:55:00,64.1
2025-06-12 00:51:00,93.0
2025-06-12 06:36:00,90.5
2025-06-12 21:20:00,26.0
2025-06-12 15:23:00,76.1
2025-06-12 16:55:00,78.8
2025-06-12 21:42:00,69.5
2025-06-12 15:24:00,18.9
2025-06-12 00:19:00,38.3
2025-06-12 15:47:00,7.8
2025-06-12 13:26:00,55.6
2025-06-12 22:17:00,66.5
2025-06-12 04:26:00,18.8
2025-06-12 00:22:00,91.0
2025-06-12 18:10:00,93.6
2025-06-12 22:14:00,50.21640523646657
2025-06-12 15:50:00,50.21640523646657
2025-06-12 21:34:00,92.1
2025-06-12 21:37:00,97.7
2025-06-12 01:38:00,1.4
2025-06-12 01:51:00,36.8
2025-06-12 18:21:00,16.4
2025-06-12 04:32:00,50.21640523646657
2025-06-12 21:55:00,82.9
2025-06-12 04:27:00,76.5
2025-06-12 00:58:00,34.2
2025-06-12 20:08:00,94.4
2025-06-12 20:11:00,50.21640523646657
2025-06-12 10:52:00,80.4
2025-06-12 09:55:00,50.21640523646657
2025-06-12 03:00:00,97.9
2025-06-12 15:23:00,54.1
2025-06-12 13:29:00,86.4
2025-06-12 00:38:00,76.4
2025-06-12 10:04:00,50.21640523646657
2025-06-12 23:37:00,99.2
2025-06-12 18:39:00,68.1
2025-06-12 20:52:00,4.6
2025-06-12 02:12:00,36.9
2025-06-12 14:03:00,50.21640523646657
2025-06-12 11:03:00,77.8
2025-06-12 08:17:00,11.2
2025-06-12 19:42:00,91.1
2025-06-12 14:37:00,9.6
2025-06-12 13:35:00,50.21640523646657
2025-06-12 06:20:00,26.5
2025-06-12 04:27:00,44.2
2025-06-12 23:09:00,44.6
2025-06-12 05:23:00,34.4
2025-06-12 21:42:00,50.21640523646657
2025-06-12 03:08:00,36.1
2025-06-12 11:11:00,50.21640523646657
2025-06-12 23:30:00,40.3
2025-06-12 07:41:00,19.0
2025-06-12 15:38:00,52.7
2025-06-12 00:31:00,66.7
2025-06-12 14:33:00,83.1
2025-06-12 03:07:00,16.8
2025-06-12 12:40:00,41.1
2025-06-12 12:20:00,50.21640523646657
2025-06-12 22:13:00,17.1
2025-06-12 21:20:00,82.0
2025-06-12 08:07:00,55.2
2025-06-12 14:25:00,9.4
2025-06-12 03:19:00,50.21640523646657
2025-06-12 01:02:00,50.21640523646657
2025-06-12 01:10:00,26.8
2025-06-12 11:36:00,50.21640523646657
2025-06-12 23:16:00,70.2
2025-06-12 23:32:00,60.0
2025-06-12 00:03:00,64.0
2025-06-12 00:27:00,31.5
2025-06-12 06:08:00,75.9
2025-06-12 22:53:00,71.5
2025-06-12 09:42:00,92.7
2025-06-12 10:29:00,35.2
2025-06-12 00:27:00,50.21640523646657
2025-06-12 08:24:00,40.8
2025-06-12 22:18:00,46.6
2025-06-12 05:12:00,81.1
2025-06-12 03:14:00,75.1
2025-06-12 23:17:00,50.21640523646657
2025-06-12 21:41:00,50.21640523646657
2025-06-12 11:58:00,50.21640523646657
2025-06-12 19:00:00,54.8
2025-06-12 11:12:00,30.2
2025-06-12 13:36:00,18.8
2025-06-12 18:12:00,13.4
2025-06-12 03:39:00,50.21640523646657
2025-06-12 12:21:00,51.6
2025-06-12 06:59:00,11.9
2025-06-12 06:21:00,30.9
2025-06-12 03:18:00,97.4
2025-06-12 17:18:00,81.8
2025-06-12 19:16:00,70.3
2025-06-12 21:24:00,98.3
2025-06-12 22:51:00,24.6
2025-06-12 10:55:00,30.8
2025-06-12 19:03:00,57.0
2025-06-12 02:03:00,40.0
2025-06-12 17:38:00,42.4
2025-06-12 16:41:00,30.6
2025-06-12 01:20:00,21.5
2025-06-12 18:21:00,50.21640523646657
2025-06-12 05:14:00,90.3
2025-06-12 13:12:00,23.5
2025-06-12 19:39:00,72.9
2025-06-12 06:28:00,50.21640523646657
2025-06-12 15:54:00,44.3
2025-06-12 16:17:00,60.4
2025-06-12 00:22:00,50.2
2025-06-12 19:23:00,0.1
2025-06-12 19:25:00,28.9
2025-06-12 16:43:00,50.21640523646657
2025-06-12 11:49:00,36.1
2025-06-12 09:50:00,50.21640523646657
2025-06-12 00:33:00,68.0
2025-06-12 05:09:00,50.21640523646657
2025-06-12 16:48:00,36.0
2025-06-12 00:38:00,10.3
2025-06-12 18:52:00,97.5
2025-06-12 08:28:00,76.1
2025-06-12 08:09:00,14.6
2025-06-12 11:13:00,10.1
2025-06-12 13:51:00,11.9
2025-06-12 16:53:00,91.6
2025-06-12 01:59:00,56.1
2025-06-12 03:09:00,67.4
2025-06-12 07:36:00,50.21640523646657
2025-06-12 15:39:00,3.6
2025-06-12 14:12:00,47.6
2025-06-12 11:33:00,12.8
2025-06-12 07:01:00,50.21640523646657
2025-06-12 17:01:00,84.1
2025-06-12 00:05:00,50.21640523646657
2025-06-12 20:21:00,81.4
2025-06-12 08:46:00,94.7
2025-06-12 10:36:00,50.21640523646657
2025-06-12 04:52:00,50.21640523646657
2025-06-12 14:48:00,71.5
2025-06-12 19:55:00,83.7
2025-06-12 02:17:00,89.6
2025-06-12 16:37:00,51.8
2025-06-12 12:54:00,63.7
2025-06-12 12:04:00,50.21640523646657
2025-06-12 06:46:00,82.2
2025-06-12 21:24:00,70.1
2025-06-12 13:33:00,59.0
2025-06-12 21:48:00,33.4
2025-06-12 16:27:00,76.2
2025-06-12 03:41:00,27.6
2025-06-12 05:09:00,50.21640523646657
2025-06-12 17:09:00,88.9
2025-06-12 21:18:00,37.4
2025-06-12 16:22:00,61.0
2025-06-12 06:56:00,40.9
2025-06-12 00:30:00,2.6
2025-06-12 14:36:00,82.3
2025-06-12 23:36:00,79.7
2025-06-12 21:16:00,26.5
2025-06-12 08:58:00,50.21640523646657
2025-06-12 22:41:00,58.8
2025-06-12 07:07:00,60.3
2025-06-12 19:11:00,65.2
2025-06-12 06:13:00,50.21640523646657
2025-06-12 03:13:00,24.0
2025-06-12 16:26:00,67.6
2025-06-12 03:18:00,84.2
2025-06-12 17:46:00,9.4
2025-06-12 04:17:00,22.8
2025-06-12 01:21:00,45.0
2025-06-12 11:07:00,2.1
2025-06-12 01:45:00,42.1
2025-06-12 07:48:00,7.3
2025-06-12 01:32:00,50.21640523646657
2025-06-12 20:31:00,17.7
2025-06-12 05:32:00,13.6
2025-06-12 22:53:00,80.1
2025-06-12 15:44:00,50.6
2025-06-12 23:27:00,62.6
2025-06-12 09:03:00,97.6
2025-06-12 21:44:00,75.4
2025-06-12 05:44:00,83.1
2025-06-12 22:51:00,73.5
2025-06-12 02:02:00,96.9
2025-06-12 01:20:00,66.4
2025-06-12 08:24:00,61.7
2025-06-12 22:26:00,6.0
2025-06-12 17:58:00,5.8
2025-06-12 03:55:00,24.5
2025-06-12 10:47:00,50.21640523646657
2025-06-12 17:45:00,50.21640523646657
2025-06-12 19:50:00,50.21640523646657
2025-06-12 04:11:00,87.0
2025-06-12 19:35:00,64.1
2025-06-12 09:14:00,38.3
2025-06-12 06:57:00,46.0
2025-06-12 12:24:00,3.6
2025-06-12 18:10:00,92.6
2025-06-12 05:58:00,24.2
2025-06-12 02:00:00,34.7
2025-06-12 21:52:00,48.9
2025-06-12 15:22:00,72.1
2025-06-12 19:45:00,16.0
2025-06-12 16:22:00,2.1
2025-06-12 07:57:00,64.3
2025-06-12 06:41:00,67.4
2025-06-12 08:05:00,78.1
2025-06-12 09:01:00,50.21640523646657
2025-06-12 12:46:00,54.4
2025-06-12 15:30:00,11.4
2025-06-12 12:40:00,50.21640523646657
2025-06-12 18:08:00,85.2
2025-06-12 01:37:00,46.6
2025-06-12 22:53:00,50.21640523646657
2025-06-12 18:21:00,14.1
2025-06-12 03:35:00,60.1
2025-06-12 09:02:00,18.6
2025-06-12 01:35:00,70.8
2025-06-12 02:52:00,5.4
2025-06-12 23:19:00,31.5
2025-06-12 20:59:00,58.1
2025-06-12 19:36:00,42.8
2025-06-12 01:07:00,46.9
2025-06-12 17:24:00,3.7
2025-06-12 10:31:00,9.8
2025-06-12 05:02:00,98.3
2025-06-12 21:49:00,12.0
2025-06-12 15:29:00,81.3
2025-06-12 09:02:00,67.2
2025-06-12 16:17:00,36.6
2025-06-12 03:24:00,97.6
2025-06-12 07:16:00,22.4
2025-06-12 14:34:00,31.6
2025-06-12 19:01:00,50.21640523646657
2025-06-12 21:21:00,76.2
2025-06-12 06:46:00,36.6
2025-06-12 15:10:00,4.5
2025-06-12 15:59:00,63.9
2025-06-12 13:19:00,41.1
2025-06-12 13:41:00,40.1
2025-06-12 07:09:00,50.21640523646657
2025-06-12 03:56:00,90.4
2025-06-12 02:45:00,99.2
2025-06-12 07:46:00,50.21640523646657
2025-06-12 08:29:00,50.21640523646657
2025-06-12 23:08:00,78.6
2025-06-12 16:09:00,85.4
2025-06-12 11:16:00,32.4
2025-06-12 04:48:00,50.21640523646657
2025-06-12 23:32:00,34.1
2025-06-12 09:48:00,28.0
2025-06-12 03:21:00,55.7
2025-06-12 04:25:00,50.21640523646657
2025-06-12 07:03:00,93.4
2025-06-12 21:22:00,86.8
2025-06-12 09:13:00,96.3
2025-06-12 16:56:00,30.3
2025-06-12 21:59:00,19.1
2025-06-12 22:09:00,50.21640523646657
2025-06-12 22:23:00,77.9
2025-06-12 12:06:00,50.21640523646657
2025-06-12 07:28:00,25.0
2025-06-12 13:52:00,80.2
2025-06-12 00:52:00,32.2
2025-06-12 22:42:00,54.1
2025-06-12 17:20:00,3.4
2025-06-12 17:56:00,51.7
2025-06-12 08:12:00,50.21640523646657
2025-06-12 21:15:00,91.0
2025-06-12 09:52:00,19.6
2025-06-12 23:41:00,50.9
2025-06-12 05:10:00,87.8
2025-06-12 00:44:00,50.21640523646657
2025-06-12 19:50:00,51.2
2025-06-12 12:48:00,60.1
2025-06-12 11:56:00,34.5
2025-06-12 12:01:00,70.1
2025-06-12 20:51:00,54.3
2025-06-12 08:59:00,61.1
2025-06-12 20:46:00,71.7
2025-06-12 14:13:00,46.5
2025-06-12 14:25:00,61.0
2025-06-12 17:22:00,92.7
2025-06-12 09:33:00,81.4
2025-06-12 17:53:00,76.0
2025-06-12 17:39:00,92.6
2025-06-12 20:24:00,40.5
2025-06-12 19:59:00,79.2
2025-06-12 23:42:00,45.0
2025-06-12 18:16:00,17.0
2025-06-12 01:52:00,42.6
2025-06-12 10:23:00,42.7
2025-06-12 06:23:00,21.0
2025-06-12 06:12:00,56.1
2025-06-12 19:51:00,50.21640523646657
2025-06-12 22:44:00,50.21640523646657
2025-06-12 04:33:00,46.2
2025-06-12 18:47:00,91.5
2025-06-12 23:52:00,34.9
2025-06-12 00:35:00,90.2
2025-06-12 16:24:00,28.1
2025-06-12 02:56:00,22.1
2025-06-12 01:47:00,13.3
2025-06-12 16:37:00,90.4
2025-06-12 13:33:00,50.21640523646657
2025-06-12 01:26:00,92.2
2025-06-12 10:01:00,66.6
2025-06-12 18:56:00,4.9
2025-06-12 18:38:00,62.5
2025-06-12 09:55:00,63.3
2025-06-12 01:20:00,2.0
2025-06-12 10:11:00,39.0
2025-06-12 13:39:00,50.21640523646657
2025-06-12 00:40:00,14.7
2025-06-12 15:27:00,56.6
2025-06-12 09:48:00,10.6
2025-06-12 22:00:00,66.8
2025-06-12 09:36:00,92.5
2025-06-12 02:40:00,22.3
2025-06-12 00:35:00,50.21640523646657
2025-06-12 06:49:00,61.0
2025-06-12 11:17:00,59.7
2025-06-12 23:18:00,32.0
2025-06-12 18:42:00,3.4
2025-06-12 09:45:00,63.7
2025-06-12 21:31:00,8.0
2025-06-12 02:22:00,90.9
2025-06-12 15:16:00,49.70408187272085
2025-06-12 21:16:00,98.2
2025-06-12 14:06:00,93.2
2025-06-12 08:28:00,77.3
2025-06-12 04:54:00,31.3
2025-06-12 02:49:00,19.7
2025-06-12 02:08:00,49.70408187272085
2025-06-12 00:32:00,22.6
2025-06-12 04:47:00,80.3
2025-06-12 13:18:00,44.9
2025-06-12 15:06:00,79.1
2025-06-12 04:15:00,66.0
2025-06-12 23:13:00,72.8
2025-06-12 05:30:00,94.4
2025-06-12 13:56:00,80.3
2025-06-12 17:18:00,57.9
2025-06-12 10:58:00,56.4
2025-06-12 21:31:00,23.9
2025-06-12 06:52:00,49.70408187272085
2025-06-12 16:32:00,49.9
2025-06-12 22:23:00,97.5
2025-06-12 19:41:00,55.6
2025-06-12 21:41:00,49.70408187272085
2025-06-12 10:55:00,3.9
2025-06-12 14:40:00,46.0
2025-06-12 18:35:00,8.8
2025-06-12 14:10:00,77.6
2025-06-12 20:28:00,58.3
2025-06-12 11:02:00,72.7
2025-06-12 03:31:00,64.3
2025-06-12 07:37:00,49.70408187272085
2025-06-12 23:02:00,10.4
2025-06-12 08:04:00,75.1
2025-06-12 10:51:00,70.3
2025-06-12 21:18:00,9.5
2025-06-12 15:48:00,60.5
2025-06-12 10:26:00,49.70408187272085
2025-06-12 19:24:00,97.1
2025-06-12 20:58:00,49.70408187272085
2025-06-12 21:56:00,43.9
2025-06-12 20:21:00,32.1
2025-06-12 03:42:00,31.1
2025-06-12 15:10:00,29.0
2025-06-12 21:22:00,32.2
2025-06-12 03:06:00,49.70408187272085
2025-06-12 04:00:00,4.4
2025-06-12 08:37:00,20.5
2025-06-12 12:57:00,51.7
2025-06-12 19:53:00,24.5
2025-06-12 03:50:00,56.0
2025-06-12 04:56:00,9.8
2025-06-12 20:28:00,15.0
2025-06-12 05:53:00,76.7
2025-06-12 19:29:00,49.3
2025-06-12 16:24:00,82.9
2025-06-12 09:39:00,92.2
2025-06-12 10:41:00,49.70408187272085
2025-06-12 07:37:00,58.2
2025-06-12 05:19:00,46.1
2025-06-12 19:59:00,78.5
2025-06-12 14:12:00,49.70408187272085
2025-06-12 14:16:00,78.4
2025-06-12 02:40:00,49.70408187272085
2025-06-12 00:46:00,56.2
2025-06-12 22:31:00,96.1
2025-06-12 05:08:00,19.7
2025-06-12 04:01:00,14.7
2025-06-12 15:30:00,36.8
2025-06-12 02:38:00,55.1
2025-06-12 20:17:00,96.1
2025-06-12 02:59:00,86.0
2025-06-12 09:46:00,94.7
2025-06-12 14:22:00,46.8
2025-06-12 01:07:00,50.0
2025-06-12 00:37:00,49.70408187272085
2025-06-12 12:53:00,10.3
2025-06-12 23:46:00,47.9
2025-06-12 13:05:00,0.6
2025-06-12 18:19:00,35.1
2025-06-12 04:57:00,22.2
2025-06-12 04:31:00,42.4
2025-06-12 20:25:00,73.7
2025-06-12 23:05:00,89.1
2025-06-12 07:12:00,71.3
2025-06-12 03:20:00,43.0
2025-06-12 22:31:00,44.3
2025-06-12 18:00:00,91.4
2025-06-12 22:17:00,58.8
2025-06-12 14:43:00,49.70408187272085
2025-06-12 23:40:00,26.7
2025-06-12 05:54:00,8.3
2025-06-12 03:24:00,64.3
2025-06-12 17:29:00,49.70408187272085
2025-06-12 12:54:00,64.8
2025-06-12 13:22:00,49.70408187272085
2025-06-12 21:49:00,64.6
2025-06-12 06:05:00,65.6
2025-06-12 03:29:00,49.70408187272085
2025-06-12 23:21:00,49.70408187272085
2025-06-12 05:05:00,81.4
2025-06-12 23:25:00,27.7
2025-06-12 13:52:00,35.1
2025-06-12 06:40:00,61.2
2025-06-12 21:51:00,56.7
2025-06-12 17:22:00,47.0
2025-06-12 13:36:00,31.3
2025-06-12 21:29:00,28.8
2025-06-12 20:36:00,48.0
2025-06-12 12:16:00,3.0
2025-06-12 21:08:00,78.2
2025-06-12 12:50:00,81.0
2025-06-12 14:27:00,97.6
2025-06-12 04:40:00,77.5
2025-06-12 13:33:00,54.3
2025-06-12 20:07:00,17.5
2025-06-12 03:31:00,82.0
2025-06-12 18:42:00,46.0
2025-06-12 16:37:00,72.9
2025-06-12 18:32:00,88.4
2025-06-12 20:13:00,49.70408187272085
2025-06-12 00:56:00,0.5
2025-06-12 07:39:00,35.1
2025-06-12 03:16:00,56.8
2025-06-12 12:10:00,90.3
2025-06-12 22:56:00,49.70408187272085
2025-06-12 03:47:00,49.70408187272085
2025-06-12 20:01:00,23.8
2025-06-12 19:13:00,87.9
2025-06-12 06:41:00,49.70408187272085
2025-06-12 03:26:00,67.9
2025-06-12 22:48:00,50.6
2025-06-12 15:32:00,61.3
2025-06-12 21:16:00,65.8
2025-06-12 08:15:00,74.5
2025-06-12 21:54:00,19.6
2025-06-12 04:14:00,91.0
2025-06-12 21:58:00,49.70408187272085
2025-06-12 23:35:00,49.70408187272085
2025-06-12 20:16:00,12.5
2025-06-12 03:59:00,19.3
2025-06-12 08:26:00,49.70408187272085
2025-06-12 03:12:00,47.3
2025-06-12 14:11:00,61.5
2025-06-12 13:04:00,5.3
2025-06-12 22:33:00,50.6
2025-06-12 01:05:00,82.6
2025-06-12 09:04:00,66.8
2025-06-12 12:52:00,49.70408187272085
2025-06-12 18:16:00,47.9
2025-06-12 03:44:00,63.8
2025-06-12 13:35:00,34.9
2025-06-12 15:23:00,86.2
2025-06-12 15:27:00,41.1
2025-06-12 02:03:00,0.8
2025-06-12 07:09:00,56.8
2025-06-12 10:09:00,31.1
2025-06-12 10:18:00,50.3
2025-06-12 06:21:00,96.0
2025-06-12 15:06:00,79.8
2025-06-12 19:23:00,43.7
2025-06-12 12:57:00,97.7
2025-06-12 06:40:00,49.70408187272085
2025-06-12 15:29:00,49.70408187272085
2025-06-12 00:45:00,49.70408187272085
2025-06-12 04:48:00,24.9
2025-06-12 07:44:00,9.7
2025-06-12 05:52:00,31.8
2025-06-12 23:14:00,2.6
2025-06-12 04:24:00,49.70408187272085
2025-06-12 05:18:00,54.7
2025-06-12 05:07:00,76.4
2025-06-12 03:37:00,49.6
2025-06-12 13:47:00,63.6
2025-06-12 18:36:00,67.8
2025-06-12 06:29:00,56.0
2025-06-12 04:06:00,91.1
2025-06-12 03:49:00,61.9
2025-06-12 17:36:00,18.7
2025-06-12 00:59:00,77.3
2025-06-12 11:20:00,58.7
2025-06-12 07:11:00,29.1
2025-06-12 06:04:00,56.9
2025-06-12 22:18:00,13.5
2025-06-12 22:26:00,24.6
2025-06-12 01:58:00,49.70408187272085
2025-06-12 03:51:00,34.0
2025-06-12 22:44:00,2.6
2025-06-12 23:52:00,20.7
2025-06-12 05:09:00,1.9
2025-06-12 12:44:00,82.4
2025-06-12 01:53:00,10.7
2025-06-12 04:23:00,49.70408187272085
2025-06-12 05:33:00,61.2
2025-06-12 13:14:00,3.2
2025-06-12 22:50:00,49.70408187272085
2025-06-12 06:23:00,90.1
2025-06-12 07:21:00,4.5
2025-06-12 11:15:00,49.70408187272085
2025-06-12 20:48:00,19.9
2025-06-12 19:43:00,49.70408187272085
2025-06-12 07:50:00,25.2
2025-06-12 17:39:00,27.3
2025-06-12 10:51:00,97.9
2025-06-12 06:22:00,16.6
2025-06-12 17:21:00,39.7
2025-06-12 06:31:00,34.8
2025-06-12 08:57:00,87.2
2025-06-12 20:20:00,49.70408187272085
2025-06-12 07:09:00,54.9
2025-06-12 14:58:00,37.2
2025-06-12 16:14:00,34.2
2025-06-12 09:07:00,6.8
2025-06-12 06:59:00,88.6
2025-06-12 01:45:00,49.70408187272085
2025-06-12 17:25:00,33.1
2025-06-12 06:12:00,49.70408187272085
2025-06-12 12:40:00,70.5
2025-06-12 03:24:00,40.3
2025-06-12 17:17:00,85.6
2025-06-12 18:51:00,13.3
2025-06-12 08:29:00,49.70408187272085
2025-06-12 08:16:00,26.0
2025-06-12 18:38:00,8.8
2025-06-12 12:34:00,42.8
2025-06-12 11:57:00,73.4
2025-06-12 10:21:00,60.0
2025-06-12 01:20:00,28.4
2025-06-12 00:03:00,89.4
2025-06-12 03:35:00,76.9
2025-06-12 18:15:00,58.6
2025-06-12 20:59:00,59.1
2025-06-12 17:52:00,22.7
2025-06-12 18:47:00,7.3
2025-06-12 02:54:00,33.2
2025-06-12 13:22:00,34.8
2025-06-12 17:04:00,28.8
2025-06-12 17:43:00,49.70408187272085
2025-06-12 23:36:00,64.3
2025-06-12 05:14:00,14.8
2025-06-12 00:12:00,35.8
2025-06-12 00:14:00,49.70408187272085
2025-06-12 01:50:00,18.1
2025-06-12 03:25:00,19.0
2025-06-12 15:55:00,6.2
2025-06-12 11:51:00,10.1
2025-06-12 13:17:00,47.4
2025-06-12 04:35:00,53.5
2025-06-12 19:24:00,27.7
2025-06-12 01:48:00,83.2
2025-06-12 11:44:00,16.9
2025-06-12 03:37:00,15.9
2025-06-12 22:38:00,2.4
2025-06-12 21:16:00,35.1
2025-06-12 12:00:00,27.3
2025-06-12 06:03:00,75.6
2025-06-12 19:15:00,49.70408187272085
2025-06-12 01:10:00,49.70408187272085
2025-06-12 16:01:00,13.1
2025-06-12 10:06:00,22.5
2025-06-12 23:13:00,6.7
2025-06-12 13:29:00,40.6
2025-06-12 04:28:00,3.8
2025-06-12 17:45:00,51.3
2025-06-12 14:57:00,26.1
2025-06-12 21:26:00,7.9
2025-06-12 07:41:00,49.70408187272085
2025-06-12 16:38:00,79.6
2025-06-12 03:23:00,49.70408187272085
2025-06-12 15:30:00,37.3
2025-06-12 15:34:00,4.9
2025-06-12 02:13:00,73.2
2025-06-12 20:25:00,12.2
2025-06-12 18:25:00,0.2
2025-06-12 18:58:00,15.7
2025-06-12 07:09:00,86.5
2025-06-12 09:55:00,85.3
2025-06-12 00:30:00,33.3
2025-06-12 04:43:00,55.9
2025-06-12 16:26:00,68.9
2025-06-12 12:36:00,87.1
2025-06-12 16:55:00,92.2
2025-06-12 22:08:00,92.3
2025-06-12 08:08:00,15.3
2025-06-12 06:01:00,94.4
2025-06-12 12:36:00,23.9
2025-06-12 08:19:00,55.7
2025-06-12 18:43:00,69.1
2025-06-12 08:56:00,84.0
2025-06-12 08:48:00,91.0
2025-06-12 08:56:00,78.3
2025-06-12 04:37:00,1.6
2025-06-12 04:30:00,55.7
2025-06-12 12:54:00,83.6
2025-06-12 01:17:00,49.70408187272085
2025-06-12 06:57:00,88.9
2025-06-12 16:36:00,8.8
2025-06-12 00:40:00,56.4
2025-06-12 16:35:00,13.9
2025-06-12 22:21:00,23.8
2025-06-12 22:35:00,14.9
2025-06-12 04:51:00,39.6
2025-06-12 14:04:00,49.3
2025-06-12 16:16:00,49.70408187272085
2025-06-12 04:24:00,34.9
2025-06-12 16:54:00,59.6
2025-06-12 17:31:00,4.2
2025-06-12 02:50:00,9.9
2025-06-12 13:39:00,49.70408187272085
2025-06-12 14:14:00,4.8
2025-06-12 08:32:00,59.4
2025-06-12 13:56:00,49.70408187272085
2025-06-12 03:14:00,58.1
2025-06-12 08:57:00,95.6
2025-06-12 17:35:00,50.4
2025-06-12 22:42:00,15.6
2025-06-12 18:37:00,6.2
2025-06-12 20:34:00,59.0
2025-06-12 22:40:00,38.4
2025-06-12 14:18:00,58.7
2025-06-12 08:41:00,85.8
2025-06-12 00:35:00,85.6
2025-06-12 09:40:00,15.3
2025-06-12 23:08:00,14.1
2025-06-12 07:05:00,32.2
2025-06-12 15:41:00,98.8
2025-06-12 22:03:00,62.3
2025-06-12 02:46:00,50.1110094970102
2025-06-12 16:43:00,50.1110094970102
2025-06-12 13:37:00,64.2
2025-06-12 19:28:00,50.1110094970102
2025-06-12 15:35:00,77.9
2025-06-12 08:56:00,83.3
2025-06-12 02:19:00,67.8
2025-06-12 01:07:00,17.3
2025-06-12 13:45:00,73.5
2025-06-12 09:56:00,85.6
2025-06-12 19:25:00,82.4
2025-06-12 04:16:00,24.0
2025-06-12 09:21:00,68.8
2025-06-12 19:13:00,9.4
2025-06-12 06:48:00,47.8
2025-06-12 09:04:00,50.1110094970102
2025-06-12 23:47:00,99.5
2025-06-12 09:07:00,52.3
2025-06-12 17:24:00,94.4
2025-06-12 14:16:00,81.0
2025-06-12 23:47:00,17.9
2025-06-12 02:12:00,19.3
2025-06-12 19:54:00,3.5
2025-06-12 21:21:00,32.3
2025-06-12 07:37:00,50.1110094970102
2025-06-12 16:17:00,16.4
2025-06-12 11:11:00,68.0
2025-06-12 13:36:00,58.4
2025-06-12 22:42:00,92.1
2025-06-12 02:16:00,1.6
2025-06-12 09:53:00,80.8
2025-06-12 09:29:00,27.4
2025-06-12 21:54:00,99.2
2025-06-12 08:02:00,93.1
2025-06-12 01:53:00,94.2
2025-06-12 04:57:00,50.1110094970102
2025-06-12 14:47:00,50.1110094970102
2025-06-12 03:47:00,25.6
2025-06-12 10:31:00,87.9
2025-06-12 08:23:00,50.1110094970102
2025-06-12 21:32:00,47.1
2025-06-12 06:53:00,35.8
2025-06-12 08:58:00,40.1
2025-06-12 03:44:00,50.1110094970102
2025-06-12 23:22:00,41.0
2025-06-12 00:38:00,21.1
2025-06-12 20:53:00,99.1
2025-06-12 05:31:00,50.1110094970102
2025-06-12 04:04:00,34.8
2025-06-12 12:30:00,61.3
2025-06-12 08:53:00,35.0
2025-06-12 12:54:00,78.8
2025-06-12 12:06:00,18.2
2025-06-12 10:09:00,94.1
2025-06-12 16:31:00,12.2
2025-06-12 18:42:00,50.1110094970102
2025-06-12 01:47:00,50.1110094970102
2025-06-12 03:49:00,58.0
2025-06-12 19:31:00,59.0
2025-06-12 15:03:00,52.4
2025-06-12 20:19:00,86.4
2025-06-12 18:16:00,15.5
2025-06-12 12:29:00,4.5
2025-06-12 13:06:00,35.3
2025-06-12 23:02:00,50.1110094970102
2025-06-12 19:48:00,81.9
2025-06-12 14:39:00,92.1
2025-06-12 00:37:00,41.0
2025-06-12 00:40:00,41.6
2025-06-12 16:30:00,33.7
2025-06-12 06:06:00,50.1110094970102
2025-06-12 16:07:00,37.1
2025-06-12 19:54:00,97.9
2025-06-12 15:55:00,21.8
2025-06-12 01:40:00,60.2
2025-06-12 18:41:00,74.0
2025-06-12 14:30:00,30.1
2025-06-12 12:43:00,50.1110094970102
2025-06-12 09:57:00,24.0
2025-06-12 11:00:00,26.0
2025-06-12 11:12:00,50.1110094970102
2025-06-12 02:37:00,78.5
2025-06-12 08:51:00,23.8
2025-06-12 14:35:00,93.8
2025-06-12 12:24:00,75.4
2025-06-12 06:34:00,62.4
2025-06-12 14:09:00,79.6
2025-06-12 10:31:00,27.0
2025-06-12 23:13:00,50.1110094970102
2025-06-12 12:49:00,61.8
2025-06-12 07:05:00,81.2
2025-06-12 13:04:00,85.7
2025-06-12 23:59:00,31.5
2025-06-12 00:11:00,95.6
2025-06-12 12:24:00,70.7
2025-06-12 01:39:00,17.6
2025-06-12 01:10:00,14.7
2025-06-12 10:59:00,50.1110094970102
2025-06-12 09:08:00,74.0
2025-06-12 10:00:00,10.8
2025-06-12 10:14:00,17.9
2025-06-12 04:32:00,27.9
2025-06-12 09:02:00,81.6
2025-06-12 14:32:00,69.2
2025-06-12 08:59:00,60.8
2025-06-12 11:51:00,52.7
2025-06-12 09:41:00,76.2
2025-06-12 00:03:00,21.9
2025-06-12 05:02:00,11.0
2025-06-12 19:12:00,93.4
2025-06-12 14:04:00,50.1110094970102
2025-06-12 15:59:00,21.8
2025-06-12 09:24:00,84.0
2025-06-12 11:33:00,84.7
2025-06-12 03:46:00,62.5
2025-06-12 11:42:00,99.8
2025-06-12 00:13:00,13.4
2025-06-12 17:47:00,14.9
2025-06-12 11:52:00,29.7
2025-06-12 12:57:00,78.3
2025-06-12 15:18:00,94.4
2025-06-12 23:26:00,6.2
2025-06-12 07:08:00,90.3
2025-06-12 14:10:00,93.0
2025-06-12 13:55:00,31.4
2025-06-12 16:43:00,26.2
2025-06-12 17:46:00,15.6
2025-06-12 11:39:00,50.1110094970102
2025-06-12 02:20:00,3.3
2025-06-12 02:31:00,81.9
2025-06-12 21:11:00,36.5
2025-06-12 07:43:00,69.8
2025-06-12 12:05:00,44.1
2025-06-12 15:21:00,15.8
2025-06-12 23:09:00,7.3
2025-06-12 12:19:00,77.2
2025-06-12 21:56:00,59.1
2025-06-12 09:41:00,24.7
2025-06-12 08:23:00,2.2
2025-06-12 14:06:00,88.3
2025-06-12 02:39:00,0.4
2025-06-12 08:07:00,77.3
2025-06-12 23:13:00,50.1110094970102
2025-06-12 01:31:00,50.1110094970102
2025-06-12 00:56:00,35.7
2025-06-12 09:17:00,50.1110094970102
2025-06-12 08:20:00,70.5
2025-06-12 18:28:00,40.9
2025-06-12 11:48:00,21.3
2025-06-12 23:37:00,35.1
2025-06-12 10:09:00,4.8
2025-06-12 18:41:00,46.0
2025-06-12 20:36:00,1.8
2025-06-12 14:52:00,50.1110094970102
2025-06-12 14:39:00,16.3
2025-06-12 20:46:00,61.0
2025-06-12 08:51:00,81.0
2025-06-12 09:03:00,68.8
2025-06-12 12:01:00,54.3
2025-06-12 01:43:00,38.1
2025-06-12 06:30:00,58.9
2025-06-12 03:46:00,35.4
2025-06-12 00:29:00,50.1110094970102
2025-06-12 09:28:00,83.0
2025-06-12 07:42:00,50.1110094970102
2025-06-12 23:11:00,41.1
2025-06-12 23:39:00,77.4
2025-06-12 12:58:00,76.5
2025-06-12 01:28:00,63.3
2025-06-12 23:29:00,50.1110094970102
2025-06-12 23:15:00,74.0
2025-06-12 11:53:00,31.4
2025-06-12 02:01:00,10.2
2025-06-12 04:13:00,69.4
2025-06-12 01:27:00,73.9
2025-06-12 03:29:00,50.4
2025-06-12 21:04:00,25.0
2025-06-12 22:20:00,14.8
2025-06-12 08:41:00,66.5
2025-06-12 05:51:00,94.7
2025-06-12 05:28:00,40.7
2025-06-12 12:03:00,47.4
2025-06-12 12:08:00,21.9
2025-06-12 18:18:00,93.8
2025-06-12 21:54:00,21.9
2025-06-12 21:46:00,74.8
2025-06-12 13:54:00,22.4
2025-06-12 15:56:00,25.8
2025-06-12 00:29:00,54.1
2025-06-12 06:43:00,50.1110094970102
2025-06-12 10:19:00,40.9
2025-06-12 21:26:00,38.4
2025-06-12 00:11:00,5.3
2025-06-12 15:49:00,50.1110094970102
2025-06-12 03:42:00,70.7
2025-06-12 11:13:00,21.1
2025-06-12 16:45:00,39.4
2025-06-12 14:38:00,70.1
2025-06-12 15:34:00,62.8
2025-06-12 10:21:00,49.3
2025-06-12 07:24:00,48.1
2025-06-12 23:40:00,62.2
2025-06-12 08:18:00,67.8
2025-06-12 08:43:00,4.5
2025-06-12 03:05:00,45.3
2025-06-12 00:44:00,7.6
2025-06-12 03:37:00,42.2
2025-06-12 22:26:00,97.4
2025-06-12 10:18:00,66.8
2025-06-12 22:13:00,27.9
2025-06-12 23:28:00,28.0
2025-06-12 04:56:00,19.1
2025-06-12 16:21:00,14.5
2025-06-12 23:36:00,50.1110094970102
2025-06-12 16:06:00,40.5
2025-06-12 06:48:00,74.7
2025-06-12 08:19:00,24.5
2025-06-12 02:21:00,0.4
2025-06-12 10:10:00,94.4
2025-06-12 23:53:00,29.2
2025-06-12 18:20:00,61.5
2025-06-12 12:48:00,79.4
2025-06-12 15:12:00,50.1110094970102
2025-06-12 21:42:00,15.8
2025-06-12 03:32:00,97.4
2025-06-12 00:23:00,72.6
2025-06-12 13:12:00,4.7
2025-06-12 23:59:00,45.7
2025-06-12 06:12:00,11.5
2025-06-12 03:31:00,86.8
2025-06-12 11:15:00,94.7
2025-06-12 09:23:00,81.0
2025-06-12 10:38:00,69.1
2025-06-12 11:46:00,50.1110094970102
2025-06-12 05:51:00,92.4
2025-06-12 12:43:00,2.9
2025-06-12 10:13:00,73.9
2025-06-12 05:50:00,17.4
2025-06-12 14:57:00,50.1110094970102
2025-06-12 14:36:00,16.7
2025-06-12 17:58:00,46.3
2025-06-12 09:11:00,50.1110094970102
2025-06-12 12:20:00,17.7
2025-06-12 09:22:00,26.2
2025-06-12 14:50:00,42.8
2025-06-12 10:19:00,68.9
2025-06-12 04:54:00,38.5
2025-06-12 14:58:00,37.0
2025-06-12 16:47:00,69.4
2025-06-12 17:02:00,50.1110094970102
2025-06-12 20:00:00,47.9
2025-06-12 13:38:00,50.1110094970102
2025-06-12 14:28:00,71.0
2025-06-12 02:47:00,40.6
2025-06-12 16:34:00,6.7
2025-06-12 19:07:00,50.1110094970102
2025-06-12 23:03:00,12.0
2025-06-12 08:08:00,18.6
2025-06-12 11:59:00,86.4
2025-06-12 16:20:00,81.3
2025-06-12 17:34:00,50.1110094970102
2025-06-12 10:08:00,48.0
2025-06-12 00:21:00,97.4
2025-06-12 06:25:00,13.2
2025-06-12 19:24:00,71.0
2025-06-12 13:44:00,28.2
2025-06-12 04:48:00,64.7
2025-06-12 11:39:00,90.5
2025-06-12 22:47:00,49.0
2025-06-12 16:32:00,50.1110094970102
2025-06-12 02:18:00,32.5
2025-06-12 16:22:00,40.8
2025-06-12 02:18:00,28.2
2025-06-12 18:47:00,19.2
2025-06-12 12:25:00,50.1110094970102
2025-06-12 03:56:00,2.5
2025-06-12 06:39:00,50.1110094970102
2025-06-12 21:12:00,89.1
2025-06-12 23:08:00,80.3
2025-06-12 14:59:00,46.9
2025-06-12 04:12:00,50.1110094970102
2025-06-12 09:37:00,51.2
2025-06-12 20:49:00,40.7
2025-06-12 05:10:00,47.5
2025-06-12 21:51:00,50.1110094970102
2025-06-12 22:58:00,20.8
2025-06-12 23:00:00,50.0
2025-06-12 01:41:00,51.8
2025-06-12 17:26:00,99.8
2025-06-12 15:17:00,1.1
2025-06-12 23:22:00,50.1110094970102
2025-06-12 09:39:00,41.8
2025-06-12 10:50:00,36.2
2025-06-12 16:44:00,87.4
2025-06-12 18:01:00,82.9
2025-06-12 05:33:00,34.5
2025-06-12 02:53:00,99.5
2025-06-12 17:40:00,7.6
2025-06-12 16:58:00,61.5
2025-06-12 06:40:00,50.1110094970102
2025-06-12 05:59:00,12.2
2025-06-12 00:53:00,88.9
2025-06-12 02:33:00,64.0
2025-06-12 01:19:00,0.9
2025-06-12 20:21:00,97.0
2025-06-12 15:40:00,55.7
2025-06-12 11:50:00,50.1110094970102
2025-06-12 02:59:00,86.5
2025-06-12 17:58:00,84.8
2025-06-12 05:10:00,1.0
2025-06-12 11:58:00,65.1
2025-06-12 12:41:00,50.1110094970102
2025-06-12 20:51:00,19.6
2025-06-12 11:33:00,20.1
2025-06-12 01:49:00,36.8
2025-06-12 16:10:00,7.8
2025-06-12 20:55:00,37.4
2025-06-12 01:52:00,4.5
2025-06-12 18:41:00,7.4
2025-06-12 18:31:00,50.1110094970102
2025-06-12 15:45:00,50.1110094970102
2025-06-12 01:37:00,50.1110094970102
2025-06-12 19:54:00,82.7
2025-06-12 19:41:00,10.2
2025-06-12 06:07:00,47.1
2025-06-12 01:02:00,69.4
2025-06-12 09:17:00,50.1110094970102
2025-06-12 01:46:00,16.4
2025-06-12 00:27:00,18.4
2025-06-12 04:11:00,9.7
2025-06-12 18:01:00,61.1
2025-06-12 05:18:00,31.3
2025-06-12 02:31:00,64.7
2025-06-12 05:26:00,94.9
2025-06-12 22:34:00,50.1110094970102
2025-06-12 07:19:00,50.1110094970102
2025-06-12 17:23:00,20.6
2025-06-12 17:10:00,11.9
2025-06-12 15:40:00,63.2
2025-06-12 13:55:00,50.1110094970102
2025-06-12 17:10:00,37.4
2025-06-12 08:43:00,6.5
2025-06-12 16:45:00,4.8
2025-06-12 04:00:00,9.4
2025-06-12 16:44:00,12.5
2025-06-12 00:56:00,32.0
2025-06-12 12:35:00,64.1
2025-06-12 20:15:00,87.9
2025-06-12 16:48:00,38.2
2025-06-12 20:16:00,27.5
2025-06-12 21:46:00,50.26990393626991
2025-06-12 16:14:00,28.0
2025-06-12 14:38:00,50.26990393626991
2025-06-12 23:20:00,83.9
2025-06-12 10:55:00,50.26990393626991
2025-06-12 16:42:00,59.8
2025-06-12 17:20:00,40.5
2025-06-12 10:11:00,6.6
2025-06-12 21:07:00,0.1
2025-06-12 08:32:00,29.0
2025-06-12 22:31:00,76.5
2025-06-12 14:44:00,51.3
2025-06-12 05:01:00,50.26990393626991
2025-06-12 03:38:00,50.26990393626991
2025-06-12 17:44:00,50.26990393626991
2025-06-12 05:23:00,65.1
2025-06-12 01:04:00,72.9
2025-06-12 11:54:00,29.2
2025-06-12 05:59:00,71.5
2025-06-12 22:59:00,10.8
2025-06-12 02:00:00,60.8
2025-06-12 14:06:00,11.1
2025-06-12 00:54:00,50.26990393626991
2025-06-12 20:54:00,16.6
2025-06-12 09:32:00,35.5
2025-06-12 13:03:00,30.5
2025-06-12 22:34:00,22.3
2025-06-12 00:38:00,24.8
2025-06-12 06:27:00,9.5
2025-06-12 20:16:00,4.9
2025-06-12 02:54:00,50.26990393626991
2025-06-12 03:22:00,24.2
2025-06-12 01:47:00,69.0
2025-06-12 06:12:00,25.1
2025-06-12 05:45:00,50.26990393626991
2025-06-12 14:42:00,95.5
2025-06-12 22:11:00,46.3
2025-06-12 16:38:00,10.6
2025-06-12 20:24:00,66.0
2025-06-12 13:35:00,1.7
2025-06-12 16:14:00,48.0
2025-06-12 11:41:00,30.1
2025-06-12 09:51:00,19.9
2025-06-12 17:05:00,6.4
2025-06-12 01:55:00,32.4
2025-06-12 00:55:00,49.6
2025-06-12 08:35:00,1.4
2025-06-12 12:12:00,68.0
2025-06-12 00:36:00,79.9
2025-06-12 05:23:00,33.9
2025-06-12 20:43:00,23.5
2025-06-12 10:30:00,29.9
2025-06-12 06:54:00,21.0
2025-06-12 02:33:00,80.0
2025-06-12 20:31:00,21.0
2025-06-12 09:55:00,83.0
2025-06-12 12:10:00,73.8
2025-06-12 04:49:00,50.26990393626991
2025-06-12 20:02:00,25.7
2025-06-12 22:04:00,50.26990393626991
2025-06-12 12:38:00,18.0
2025-06-12 12:53:00,98.0
2025-06-12 07:12:00,96.1
2025-06-12 17:47:00,7.9
2025-06-12 23:04:00,49.0
2025-06-12 07:00:00,57.5
2025-06-12 01:36:00,68.2
2025-06-12 09:43:00,50.26990393626991
2025-06-12 08:45:00,50.26990393626991
2025-06-12 11:11:00,72.2
2025-06-12 06:44:00,22.4
2025-06-12 12:28:00,92.9
2025-06-12 00:08:00,20.0
2025-06-12 20:11:00,16.6
2025-06-12 14:06:00,22.6
2025-06-12 17:45:00,88.5
2025-06-12 11:21:00,52.1
2025-06-12 09:18:00,8.0
2025-06-12 16:55:00,63.9
2025-06-12 04:41:00,2.8
2025-06-12 03:07:00,50.26990393626991
2025-06-12 18:10:00,7.4
2025-06-12 09:04:00,21.1
2025-06-12 19:56:00,70.5
2025-06-12 16:55:00,20.5
2025-06-12 06:46:00,85.2
2025-06-12 10:34:00,50.26990393626991
2025-06-12 03:26:00,63.0
2025-06-12 15:24:00,62.0
2025-06-12 05:59:00,38.3
2025-06-12 21:16:00,96.9
2025-06-12 17:41:00,96.7
2025-06-12 21:45:00,73.8
2025-06-12 22:25:00,33.4
2025-06-12 14:29:00,82.9
2025-06-12 21:11:00,8.5
2025-06-12 10:48:00,57.1
2025-06-12 12:15:00,95.4
2025-06-12 21:27:00,50.26990393626991
2025-06-12 15:02:00,5.8
2025-06-12 04:19:00,18.8
2025-06-12 08:41:00,98.6
2025-06-12 11:53:00,27.6
2025-06-12 11:50:00,94.7
2025-06-12 08:09:00,82.6
2025-06-12 00:53:00,21.7
2025-06-12 18:22:00,78.2
2025-06-12 21:13:00,50.26990393626991
2025-06-12 00:30:00,50.26990393626991
2025-06-12 06:53:00,65.3
2025-06-12 00:32:00,65.5
2025-06-12 13:09:00,69.8
2025-06-12 10:03:00,62.0
2025-06-12 05:32:00,41.5
2025-06-12 15:28:00,50.6
2025-06-12 14:37:00,13.2
2025-06-12 06:22:00,61.8
2025-06-12 08:10:00,49.3
2025-06-12 14:49:00,49.0
2025-06-12 05:28:00,50.26990393626991
2025-06-12 14:21:00,23.4
2025-06-12 11:17:00,65.2
2025-06-12 04:15:00,8.4
2025-06-12 10:57:00,6.0
2025-06-12 12:22:00,18.7
2025-06-12 19:36:00,87.1
2025-06-12 08:53:00,38.7
2025-06-12 10:25:00,35.6
2025-06-12 05:08:00,89.0
2025-06-12 16:58:00,16.8
2025-06-12 00:39:00,8.9
2025-06-12 02:35:00,94.7
2025-06-12 11:25:00,36.9
2025-06-12 16:45:00,19.5
2025-06-12 09:03:00,50.26990393626991
2025-06-12 14:25:00,60.2
2025-06-12 11:56:00,38.8
2025-06-12 14:10:00,14.8
2025-06-12 16:09:00,21.2
2025-06-12 11:38:00,22.7
2025-06-12 01:18:00,35.9
2025-06-12 01:04:00,87.8
2025-06-12 01:10:00,16.0
2025-06-12 01:44:00,52.5
2025-06-12 23:58:00,76.5
2025-06-12 02:03:00,44.2
2025-06-12 22:52:00,86.3
2025-06-12 02:21:00,32.3
2025-06-12 08:13:00,93.0
2025-06-12 12:49:00,50.26990393626991
2025-06-12 11:12:00,53.5
2025-06-12 22:56:00,11.7
2025-06-12 16:49:00,54.2
2025-06-12 17:33:00,50.26990393626991
2025-06-12 00:04:00,18.9
2025-06-12 10:15:00,20.2
2025-06-12 03:44:00,52.0
2025-06-12 01:52:00,5.1
2025-06-12 18:11:00,46.8
2025-06-12 13:17:00,14.4
2025-06-12 20:40:00,15.8
2025-06-12 14:41:00,66.5
2025-06-12 06:10:00,80.1
2025-06-12 02:44:00,20.3
2025-06-12 05:16:00,50.26990393626991
2025-06-12 20:35:00,90.6
2025-06-12 13:00:00,49.2
2025-06-12 10:58:00,10.8
2025-06-12 10:52:00,88.6
2025-06-12 13:14:00,98.4
2025-06-12 14:00:00,18.1
2025-06-12 18:32:00,24.4
2025-06-12 20:49:00,3.7
2025-06-12 18:49:00,62.9
2025-06-12 01:45:00,67.8
2025-06-12 01:30:00,17.4
2025-06-12 03:50:00,30.0
2025-06-12 16:05:00,28.2
2025-06-12 08:31:00,60.1
2025-06-12 10:16:00,50.26990393626991
2025-06-12 19:53:00,81.2
2025-06-12 16:58:00,90.0
2025-06-12 16:58:00,60.4
2025-06-12 16:00:00,38.6
2025-06-12 20:40:00,20.6
2025-06-12 16:27:00,71.3
2025-06-12 05:30:00,50.26990393626991
2025-06-12 16:55:00,97.7
2025-06-12 22:04:00,50.9
2025-06-12 05:38:00,99.0
2025-06-12 02:05:00,56.6
2025-06-12 08:07:00,26.2
2025-06-12 10:18:00,99.2
2025-06-12 00:38:00,39.8
2025-06-12 02:44:00,49.7
2025-06-12 04:09:00,67.8
2025-06-12 05:54:00,50.26990393626991
2025-06-12 13:11:00,18.2
2025-06-12 17:30:00,18.6
2025-06-12 02:42:00,59.7
2025-06-12 02:49:00,68.4
2025-06-12 00:03:00,50.26990393626991
2025-06-12 13:54:00,89.3
2025-06-12 10:36:00,78.2
2025-06-12 02:44:00,98.0
2025-06-12 07:08:00,50.26990393626991
2025-06-12 20:58:00,52.0
2025-06-12 06:42:00,20.8
2025-06-12 15:54:00,33.9
2025-06-12 05:54:00,43.4
2025-06-12 15:19:00,4.0
2025-06-12 15:22:00,84.1
2025-06-12 08:16:00,4.0
2025-06-12 01:38:00,10.6
2025-06-12 08:12:00,81.7
2025-06-12 02:09:00,85.4
2025-06-12 04:35:00,57.2
2025-06-12 05:00:00,50.26990393626991
2025-06-12 22:12:00,99.1
2025-06-12 22:16:00,50.7
2025-06-12 20:23:00,40.2
2025-06-12 01:07:00,89.0
2025-06-12 22:11:00,22.0
2025-06-12 00:04:00,91.3
2025-06-12 05:09:00,42.9
2025-06-12 11:01:00,81.9
2025-06-12 16:48:00,85.7
2025-06-12 09:42:00,42.0
2025-06-12 01:42:00,90.0
2025-06-12 10:55:00,32.6
2025-06-12 01:26:00,61.9
2025-06-12 11:52:00,82.0
2025-06-12 18:22:00,89.9
2025-06-12 15:23:00,79.2
2025-06-12 03:37:00,26.6
2025-06-12 01:24:00,15.9
2025-06-12 13:41:00,76.2
2025-06-12 08:56:00,54.0
2025-06-12 12:55:00,25.8
2025-06-12 08:57:00,50.26990393626991
2025-06-12 05:12:00,92.2
2025-06-12 11:01:00,28.6
2025-06-12 05:53:00,60.1
2025-06-12 05:03:00,78.5
2025-06-12 16:20:00,52.5
2025-06-12 05:42:00,24.5
2025-06-12 01:27:00,37.7
2025-06-12 00:44:00,30.6
2025-06-12 00:59:00,39.8
2025-06-12 06:41:00,14.9
2025-06-12 12:35:00,53.1
2025-06-12 18:02:00,69.1
2025-06-12 15:27:00,26.1
2025-06-12 06:15:00,50.26990393626991
2025-06-12 18:15:00,26.4
2025-06-12 05:31:00,50.26990393626991
2025-06-12 08:24:00,50.26990393626991
2025-06-12 19:20:00,50.26990393626991
2025-06-12 07:31:00,27.2
2025-06-12 15:31:00,0.3
2025-06-12 02:15:00,55.2
2025-06-12 13:48:00,49.2
2025-06-12 12:10:00,16.9
2025-06-12 17:52:00,50.26990393626991
2025-06-12 03:09:00,24.0
2025-06-12 14:18:00,77.4
2025-06-12 06:20:00,11.8
2025-06-12 04:41:00,50.26990393626991
2025-06-12 14:51:00,7.8
2025-06-12 19:24:00,7.7
2025-06-12 19:55:00,32.8
2025-06-12 05:44:00,92.5
2025-06-12 20:50:00,82.6
2025-06-12 12:54:00,32.7
2025-06-12 22:46:00,95.7
2025-06-12 00:49:00,66.8
2025-06-12 01:00:00,86.1
2025-06-12 08:34:00,49.3
2025-06-12 06:08:00,28.4
2025-06-12 05:46:00,79.4
2025-06-12 12:31:00,50.26990393626991
2025-06-12 22:56:00,73.3
2025-06-12 22:03:00,11.7
2025-06-12 00:42:00,87.9
2025-06-12 09:42:00,37.4
2025-06-12 03:01:00,50.26990393626991
2025-06-12 17:14:00,62.3
2025-06-12 19:15:00,50.26990393626991
2025-06-12 14:15:00,63.7
2025-06-12 10:39:00,55.0
2025-06-12 11:42:00,67.6
2025-06-12 20:35:00,74.2
2025-06-12 23:18:00,66.7
2025-06-12 17:32:00,19.6
2025-06-12 12:59:00,10.3
2025-06-12 17:06:00,27.6
2025-06-12 07:25:00,50.26990393626991
2025-06-12 19:14:00,78.4
2025-06-12 13:09:00,74.5
2025-06-12 02:18:00,67.7
2025-06-12 21:17:00,86.3
2025-06-12 18:36:00,8.5
2025-06-12 12:05:00,36.6
2025-06-12 00:45:00,65.0
2025-06-12 20:51:00,77.0
2025-06-12 04:40:00,50.26990393626991
2025-06-12 20:47:00,31.0
2025-06-12 08:12:00,93.0
2025-06-12 22:37:00,19.2
2025-06-12 20:07:00,50.9
2025-06-12 06:35:00,49.3
2025-06-12 10:29:00,90.6
2025-06-12 05:40:00,10.3
2025-06-12 12:20:00,50.26990393626991
2025-06-12 00:26:00,2.5
2025-06-12 14:59:00,18.1
2025-06-12 08:24:00,82.3
2025-06-12 16:05:00,97.3
2025-06-12 18:52:00,85.8
2025-06-12 22:39:00,50.26990393626991
2025-06-12 15:33:00,95.3
2025-06-12 03:17:00,61.2
2025-06-12 22:40:00,50.26990393626991
2025-06-12 06:09:00,88.8
2025-06-12 13:32:00,50.26990393626991
2025-06-12 02:32:00,4.7
2025-06-12 20:11:00,56.0
2025-06-12 00:43:00,77.7
2025-06-12 00:16:00,95.3
2025-06-12 07:44:00,76.1
2025-06-12 21:48:00,49.485271956675305
2025-06-12 05:32:00,49.485271956675305
2025-06-12 13:34:00,83.5
2025-06-12 21:24:00,67.7
2025-06-12 23:50:00,30.6
2025-06-12 09:14:00,93.6
2025-06-12 08:02:00,36.6
2025-06-12 18:22:00,49.485271956675305
2025-06-12 22:45:00,5.1
2025-06-12 05:18:00,36.9
2025-06-12 20:29:00,9.4
2025-06-12 18:56:00,30.1
2025-06-12 12:56:00,51.8
2025-06-12 12:52:00,30.6
2025-06-12 16:59:00,18.2
2025-06-12 02:14:00,62.2
2025-06-12 15:40:00,88.1
2025-06-12 20:30:00,23.1
2025-06-12 17:36:00,90.3
2025-06-12 05:56:00,69.1
2025-06-12 11:13:00,10.5
2025-06-12 01:58:00,55.8
2025-06-12 19:29:00,18.6
2025-06-12 22:47:00,25.4
2025-06-12 07:46:00,73.1
2025-06-12 14:07:00,1.5
2025-06-12 12:11:00,49.485271956675305
2025-06-12 18:08:00,21.7
2025-06-12 21:39:00,27.6
2025-06-12 00:06:00,80.5
2025-06-12 00:26:00,49.485271956675305
2025-06-12 19:17:00,34.3
2025-06-12 04:09:00,66.2
2025-06-12 08:10:00,90.5
2025-06-12 08:19:00,56.1
2025-06-12 08:08:00,49.485271956675305
2025-06-12 17:48:00,73.0
2025-06-12 03:26:00,49.485271956675305
2025-06-12 09:40:00,28.7
2025-06-12 11:57:00,20.7
2025-06-12 10:51:00,45.9
2025-06-12 09:05:00,16.7
2025-06-12 16:37:00,80.1
2025-06-12 04:46:00,49.485271956675305
2025-06-12 03:48:00,43.8
2025-06-12 07:34:00,93.0
2025-06-12 01:53:00,49.485271956675305
2025-06-12 15:26:00,13.3
2025-06-12 01:12:00,47.5
2025-06-12 15:36:00,49.485271956675305
2025-06-12 08:34:00,99.4
2025-06-12 18:08:00,85.1
2025-06-12 17:14:00,26.4
2025-06-12 01:32:00,15.9
2025-06-12 00:08:00,72.4
2025-06-12 14:56:00,31.7
2025-06-12 03:24:00,90.9
2025-06-12 03:33:00,49.485271956675305
2025-06-12 21:28:00,63.3
2025-06-12 15:15:00,3.2
2025-06-12 16:23:00,17.5
2025-06-12 08:09:00,49.485271956675305
2025-06-12 20:58:00,73.3
2025-06-12 08:00:00,49.485271956675305
2025-06-12 22:15:00,79.3
2025-06-12 09:12:00,41.5
2025-06-12 18:44:00,49.485271956675305
2025-06-12 05:27:00,32.3
2025-06-12 13:01:00,49.9
2025-06-12 13:19:00,49.485271956675305
2025-06-12 01:04:00,68.7
2025-06-12 08:53:00,81.1
2025-06-12 19:06:00,50.7
2025-06-12 01:23:00,10.6
2025-06-12 12:10:00,70.7
2025-06-12 16:54:00,8.6
2025-06-12 16:21:00,20.3
2025-06-12 16:16:00,88.4
2025-06-12 21:12:00,87.1
2025-06-12 06:56:00,93.2
2025-06-12 21:26:00,97.8
2025-06-12 00:45:00,69.6
2025-06-12 11:52:00,69.2
2025-06-12 17:03:00,46.6
2025-06-12 06:21:00,39.4
2025-06-12 18:21:00,25.0
2025-06-12 05:36:00,49.485271956675305
2025-06-12 09:39:00,5.9
2025-06-12 16:08:00,63.5
2025-06-12 00:32:00,65.7
2025-06-12 17:58:00,49.485271956675305
2025-06-12 21:03:00,89.5
2025-06-12 00:08:00,72.7
2025-06-12 16:54:00,18.3
2025-06-12 04:15:00,12.2
2025-06-12 09:50:00,45.6
2025-06-12 10:13:00,9.4
2025-06-12 19:10:00,76.5
2025-06-12 20:30:00,39.1
2025-06-12 16:33:00,28.5
2025-06-12 23:13:00,28.1
2025-06-12 05:18:00,73.8
2025-06-12 09:40:00,55.3
2025-06-12 20:24:00,49.485271956675305
2025-06-12 01:56:00,39.1
2025-06-12 20:45:00,49.485271956675305
2025-06-12 02:02:00,17.0
2025-06-12 12:04:00,11.8
2025-06-12 02:49:00,54.2
2025-06-12 02:53:00,49.485271956675305
2025-06-12 00:23:00,64.5
2025-06-12 21:39:00,38.1
2025-06-12 07:30:00,49.485271956675305
2025-06-12 10:17:00,82.5
2025-06-12 03:33:00,49.485271956675305
2025-06-12 10:12:00,77.5
2025-06-12 08:55:00,5.5
2025-06-12 02:57:00,84.2
2025-06-12 15:55:00,49.485271956675305
2025-06-12 13:08:00,48.8
2025-06-12 07:28:00,18.3
2025-06-12 13:54:00,59.5
2025-06-12 11:18:00,49.485271956675305
2025-06-12 12:54:00,49.485271956675305
2025-06-12 07:08:00,60.0
2025-06-12 10:53:00,15.7
2025-06-12 16:47:00,17.8
2025-06-12 14:42:00,49.485271956675305
2025-06-12 03:26:00,95.7
2025-06-12 20:46:00,5.8
2025-06-12 01:29:00,54.4
2025-06-12 08:55:00,78.7
2025-06-12 03:11:00,85.1
2025-06-12 17:49:00,7.0
2025-06-12 18:58:00,50.2
2025-06-12 18:23:00,40.1
2025-06-12 05:48:00,19.9
2025-06-12 05:47:00,49.485271956675305
2025-06-12 01:29:00,45.2
2025-06-12 04:19:00,25.8
2025-06-12 22:01:00,71.4
2025-06-12 12:19:00,98.3
2025-06-12 20:29:00,49.485271956675305
2025-06-12 14:57:00,37.4
2025-06-12 07:34:00,87.2
2025-06-12 01:38:00,9.0
2025-06-12 16:41:00,78.5
2025-06-12 19:41:00,75.3
2025-06-12 06:17:00,59.8
2025-06-12 01:41:00,49.485271956675305
2025-06-12 00:12:00,74.1
2025-06-12 06:35:00,18.5
2025-06-12 09:52:00,48.6
2025-06-12 08:08:00,45.3
2025-06-12 17:48:00,88.1
2025-06-12 10:39:00,52.2
2025-06-12 23:33:00,52.6
2025-06-12 00:22:00,20.7
2025-06-12 01:23:00,46.6
2025-06-12 18:22:00,69.1
2025-06-12 03:52:00,36.8
2025-06-12 10:37:00,6.6
2025-06-12 06:59:00,49.485271956675305
2025-06-12 23:01:00,69.4
2025-06-12 12:52:00,18.9
2025-06-12 00:50:00,9.4
2025-06-12 09:51:00,11.9
2025-06-12 16:40:00,88.4
2025-06-12 06:48:00,72.8
2025-06-12 16:45:00,88.2
2025-06-12 13:29:00,37.6
2025-06-12 09:00:00,74.5
2025-06-12 07:08:00,21.0
2025-06-12 13:30:00,72.0
2025-06-12 17:53:00,42.2
2025-06-12 10:05:00,67.8
2025-06-12 19:16:00,2.9
2025-06-12 09:50:00,39.7
2025-06-12 07:39:00,24.3
2025-06-12 08:59:00,49.485271956675305
2025-06-12 08:45:00,78.0
2025-06-12 06:11:00,96.7
2025-06-12 01:15:00,89.5
2025-06-12 01:50:00,3.3
2025-06-12 17:00:00,27.6
2025-06-12 08:53:00,55.9
2025-06-12 18:33:00,49.485271956675305
2025-06-12 20:41:00,99.1
2025-06-12 22:01:00,1.0
2025-06-12 09:17:00,78.4
2025-06-12 13:35:00,49.485271956675305
2025-06-12 23:16:00,39.5
2025-06-12 06:33:00,49.485271956675305
2025-06-12 23:01:00,49.485271956675305
2025-06-12 22:05:00,93.8
2025-06-12 09:30:00,76.7
2025-06-12 05:39:00,42.1
2025-06-12 09:26:00,37.4
2025-06-12 06:00:00,81.7
2025-06-12 04:14:00,49.485271956675305
2025-06-12 17:13:00,74.7
2025-06-12 12:40:00,22.1
2025-06-12 14:22:00,99.0
2025-06-12 13:10:00,78.2
2025-06-12 18:16:00,55.3
2025-06-12 08:17:00,49.485271956675305
2025-06-12 19:53:00,49.485271956675305
2025-06-12 18:21:00,95.4
2025-06-12 09:09:00,56.8
2025-06-12 15:13:00,77.9
2025-06-12 06:40:00,43.2
2025-06-12 14:07:00,8.1
2025-06-12 10:53:00,99.1
2025-06-12 20:14:00,98.5
2025-06-12 06:55:00,32.5
2025-06-12 06:47:00,70.6
2025-06-12 16:44:00,75.9
2025-06-12 11:48:00,49.4
2025-06-12 03:53:00,49.485271956675305
2025-06-12 11:48:00,28.0
2025-06-12 12:24:00,21.3
2025-06-12 08:09:00,67.7
2025-06-12 21:14:00,96.2
2025-06-12 05:37:00,17.7
2025-06-12 17:54:00,67.3
2025-06-12 03:28:00,42.6
2025-06-12 04:55:00,46.9
2025-06-12 13:01:00,24.4
2025-06-12 09:53:00,75.6
2025-06-12 21:19:00,26.8
2025-06-12 13:56:00,67.8
2025-06-12 13:01:00,24.9
2025-06-12 17:10:00,52.0
2025-06-12 19:13:00,49.485271956675305
2025-06-12 13:55:00,92.4
2025-06-12 01:47:00,0.7
2025-06-12 20:00:00,23.6
2025-06-12 23:02:00,42.7
2025-06-12 15:41:00,70.8
2025-06-12 10:39:00,44.8
2025-06-12 15:37:00,54.4
2025-06-12 09:53:00,32.4
2025-06-12 20:54:00,97.3
2025-06-12 21:19:00,13.3
2025-06-12 12:30:00,10.7
2025-06-12 19:39:00,31.0
2025-06-12 13:51:00,91.3
2025-06-12 04:58:00,17.9
2025-06-12 21:25:00,46.8
2025-06-12 13:31:00,42.6
2025-06-12 05:32:00,93.7
2025-06-12 06:12:00,39.7
2025-06-12 20:06:00,78.1
2025-06-12 13:27:00,7.5
2025-06-12 12:29:00,95.8
2025-06-12 22:45:00,5.2
2025-06-12 00:13:00,98.1
2025-06-12 10:34:00,49.485271956675305
2025-06-12 01:44:00,60.7
2025-06-12 18:11:00,42.0
2025-06-12 04:17:00,79.6
2025-06-12 15:25:00,58.2
2025-06-12 12:29:00,55.0
2025-06-12 13:46:00,90.4
2025-06-12 09:14:00,49.7
2025-06-12 13:10:00,38.3
2025-06-12 10:13:00,61.8
2025-06-12 19:53:00,48.1
2025-06-12 15:18:00,48.2
2025-06-12 07:38:00,45.7
2025-06-12 16:32:00,76.6
2025-06-12 07:21:00,60.3
2025-06-12 11:01:00,18.5
2025-06-12 03:51:00,79.6
2025-06-12 08:49:00,49.485271956675305
2025-06-12 20:26:00,26.2
2025-06-12 07:59:00,44.9
2025-06-12 22:38:00,18.5
2025-06-12 00:39:00,94.9
2025-06-12 15:45:00,54.4
2025-06-12 08:25:00,93.2
2025-06-12 14:11:00,49.485271956675305
2025-06-12 04:58:00,49.485271956675305
2025-06-12 16:24:00,72.1
2025-06-12 07:09:00,25.3
2025-06-12 17:56:00,34.2
2025-06-12 21:06:00,64.4
2025-06-12 17:21:00,9.2
2025-06-12 19:00:00,36.5
2025-06-12 06:05:00,20.6
2025-06-12 15:43:00,38.4
2025-06-12 11:00:00,49.485271956675305
2025-06-12 19:21:00,93.3
2025-06-12 10:29:00,65.7
2025-06-12 18:48:00,41.5
2025-06-12 07:52:00,43.7
2025-06-12 17:49:00,52.4
2025-06-12 15:33:00,79.2
2025-06-12 05:37:00,40.9
2025-06-12 02:47:00,49.485271956675305
2025-06-12 09:27:00,41.9
2025-06-12 17:22:00,50.0997191011236
2025-06-12 21:32:00,50.0997191011236
2025-06-12 12:09:00,63.8
2025-06-12 12:04:00,25.5
2025-06-12 11:07:00,24.7
2025-06-12 19:42:00,27.5
2025-06-12 00:08:00,89.7
2025-06-12 17:10:00,90.7
2025-06-12 09:47:00,60.0
2025-06-12 00:09:00,80.8
2025-06-12 06:55:00,50.4
2025-06-12 07:55:00,34.7
2025-06-12 21:31:00,7.5
2025-06-12 02:25:00,94.5
2025-06-12 02:07:00,5.2
2025-06-12 17:39:00,44.9
2025-06-12 11:27:00,50.0997191011236
2025-06-12 23:38:00,89.1
2025-06-12 09:05:00,55.8
2025-06-12 03:56:00,50.0997191011236
2025-06-12 10:32:00,22.2
2025-06-12 06:58:00,3.9
2025-06-12 12:46:00,18.8
2025-06-12 11:47:00,50.0997191011236
2025-06-12 10:28:00,7.2
2025-06-12 13:36:00,32.9
2025-06-12 13:05:00,10.2
2025-06-12 02:49:00,42.4
2025-06-12 06:15:00,50.0997191011236
2025-06-12 12:04:00,71.5
2025-06-12 16:26:00,26.2
2025-06-12 07:29:00,55.7
2025-06-12 10:48:00,74.3
2025-06-12 20:39:00,30.8
2025-06-12 06:04:00,57.7
2025-06-12 02:02:00,55.9
2025-06-12 12:57:00,80.8
2025-06-12 16:31:00,50.0997191011236
2025-06-12 14:00:00,50.0997191011236
2025-06-12 19:36:00,80.3
2025-06-12 22:14:00,19.6
2025-06-12 01:13:00,3.4
2025-06-12 09:16:00,88.1
2025-06-12 17:18:00,40.5
2025-06-12 03:11:00,50.0997191011236
2025-06-12 10:34:00,46.3
2025-06-12 17:21:00,50.0997191011236
2025-06-12 16:01:00,35.4
2025-06-12 14:35:00,96.9
2025-06-12 15:57:00,81.9
2025-06-12 00:03:00,79.4
2025-06-12 16:41:00,55.6
2025-06-12 21:06:00,13.6
2025-06-12 10:26:00,34.9
2025-06-12 19:58:00,50.0997191011236
2025-06-12 23:11:00,87.2
2025-06-12 18:19:00,47.8
2025-06-12 09:52:00,50.0997191011236
2025-06-12 20:01:00,12.5
2025-06-12 02:43:00,50.0997191011236
2025-06-12 22:26:00,67.2
2025-06-12 21:17:00,83.6
2025-06-12 13:14:00,50.0997191011236
2025-06-12 21:06:00,97.7
2025-06-12 18:04:00,13.1
2025-06-12 15:36:00,96.4
2025-06-12 08:29:00,29.6
2025-06-12 15:02:00,9.8
2025-06-12 12:19:00,70.7
2025-06-12 17:55:00,44.9
2025-06-12 11:59:00,93.2
2025-06-12 15:29:00,47.0
2025-06-12 22:09:00,50.0997191011236
2025-06-12 01:18:00,50.9
2025-06-12 20:41:00,78.6
2025-06-12 19:10:00,96.7
2025-06-12 04:59:00,87.2
2025-06-12 01:11:00,5.6
2025-06-12 14:31:00,37.6
2025-06-12 09:19:00,49.0
2025-06-12 13:07:00,88.0
2025-06-12 12:22:00,8.8
2025-06-12 17:50:00,80.0
2025-06-12 04:51:00,50.0997191011236
2025-06-12 14:07:00,50.0997191011236
2025-06-12 10:05:00,42.5
2025-06-12 13:11:00,28.1
2025-06-12 21:23:00,93.0
2025-06-12 19:48:00,22.5
2025-06-12 15:30:00,49.3
2025-06-12 04:29:00,50.0997191011236
2025-06-12 20:23:00,50.0997191011236
2025-06-12 21:57:00,50.0997191011236
2025-06-12 18:41:00,5.0
2025-06-12 08:44:00,63.7
2025-06-12 14:23:00,89.7
2025-06-12 11:04:00,97.6
2025-06-12 08:15:00,1.7
2025-06-12 23:03:00,36.2
2025-06-12 19:52:00,50.0997191011236
2025-06-12 10:45:00,77.2
2025-06-12 15:59:00,42.7
2025-06-12 20:14:00,99.3
2025-06-12 11:17:00,50.0997191011236
2025-06-12 05:22:00,43.3
2025-06-12 00:02:00,42.4
2025-06-12 08:44:00,40.8
2025-06-12 05:11:00,93.5
2025-06-12 16:59:00,22.2
2025-06-12 18:57:00,15.6
2025-06-12 11:28:00,56.9
2025-06-12 08:20:00,73.7
2025-06-12 08:52:00,27.4
2025-06-12 17:58:00,50.0997191011236
2025-06-12 20:06:00,15.4
2025-06-12 19:54:00,9.8
2025-06-12 02:16:00,50.0997191011236
2025-06-12 08:24:00,8.9
2025-06-12 23:30:00,81.8
2025-06-12 22:42:00,78.3
2025-06-12 15:20:00,50.0997191011236
2025-06-12 12:10:00,59.7
2025-06-12 01:03:00,9.1
2025-06-12 16:46:00,2.3
2025-06-12 17:50:00,50.0997191011236
2025-06-12 11:42:00,50.0997191011236
2025-06-12 21:38:00,27.7
2025-06-12 15:06:00,0.6
2025-06-12 22:46:00,27.3
2025-06-12 20:52:00,58.2
2025-06-12 05:29:00,74.1
2025-06-12 04:28:00,50.0997191011236
2025-06-12 17:45:00,38.1
2025-06-12 02:01:00,22.4
2025-06-12 15:12:00,13.8
2025-06-12 11:22:00,3.9
2025-06-12 14:21:00,5.2
2025-06-12 04:32:00,75.3
2025-06-12 21:54:00,50.0997191011236
2025-06-12 04:13:00,27.7
2025-06-12 01:03:00,98.4
2025-06-12 19:52:00,0.7
2025-06-12 01:03:00,72.8
2025-06-12 01:11:00,74.5
2025-06-12 06:58:00,41.2
2025-06-12 03:43:00,61.4
2025-06-12 20:37:00,81.4
2025-06-12 19:25:00,16.0
2025-06-12 15:55:00,85.7
2025-06-12 01:37:00,50.1
2025-06-12 16:52:00,58.1
2025-06-12 13:06:00,50.0997191011236
2025-06-12 03:26:00,99.9
2025-06-12 19:14:00,42.4
2025-06-12 22:25:00,50.0997191011236
2025-06-12 05:02:00,18.7
2025-06-12 09:02:00,17.6
2025-06-12 09:46:00,50.0997191011236
2025-06-12 05:49:00,14.7
2025-06-12 10:50:00,6.4
2025-06-12 19:31:00,21.7
2025-06-12 12:26:00,33.6
2025-06-12 13:37:00,36.1
2025-06-12 23:47:00,56.3
2025-06-12 15:44:00,49.3
2025-06-12 17:59:00,41.2
2025-06-12 16:32:00,26.2
2025-06-12 21:46:00,50.0997191011236
2025-06-12 14:15:00,7.0
2025-06-12 09:41:00,20.2
2025-06-12 15:53:00,6.4
2025-06-12 18:46:00,81.9
2025-06-12 20:10:00,50.0997191011236
2025-06-12 13:01:00,50.0997191011236
2025-06-12 18:13:00,74.9
2025-06-12 01:13:00,33.3
2025-06-12 18:53:00,59.6
2025-06-12 11:13:00,26.2
2025-06-12 11:03:00,38.1
2025-06-12 12:17:00,88.5
2025-06-12 10:05:00,46.7
2025-06-12 13:15:00,54.3
2025-06-12 00:24:00,26.6
2025-06-12 23:20:00,32.1
2025-06-12 13:31:00,94.6
2025-06-12 09:47:00,38.5
2025-06-12 07:17:00,65.8
2025-06-12 07:08:00,0.3
2025-06-12 06:56:00,53.9
2025-06-12 04:48:00,50.0997191011236
2025-06-12 13:32:00,44.0
2025-06-12 22:03:00,97.9
2025-06-12 12:01:00,51.9
2025-06-12 20:36:00,80.6
2025-06-12 11:21:00,94.5
2025-06-12 17:00:00,50.0997191011236
2025-06-12 13:14:00,5.3
2025-06-12 09:45:00,89.4
2025-06-12 01:19:00,50.0997191011236
2025-06-12 15:31:00,50.0997191011236
2025-06-12 12:24:00,52.1
2025-06-12 17:49:00,50.0997191011236
2025-06-12 01:46:00,62.0
2025-06-12 22:37:00,82.6
2025-06-12 17:35:00,50.0997191011236
2025-06-12 00:03:00,9.4
2025-06-12 19:06:00,47.2
2025-06-12 11:59:00,54.4
2025-06-12 01:45:00,95.3
2025-06-12 20:40:00,50.0997191011236
2025-06-12 14:44:00,99.1
2025-06-12 02:36:00,29.8
2025-06-12 17:04:00,78.5
2025-06-12 19:35:00,62.1
2025-06-12 20:35:00,26.4
2025-06-12 23:16:00,63.2
2025-06-12 03:20:00,21.1
2025-06-12 03:39:00,3.9
2025-06-12 12:09:00,9.0
2025-06-12 16:41:00,71.1
2025-06-12 07:55:00,50.0997191011236
2025-06-12 14:36:00,50.0997191011236
2025-06-12 22:37:00,46.8
2025-06-12 00:58:00,69.5
2025-06-12 18:10:00,51.3
2025-06-12 12:07:00,72.7
2025-06-12 04:25:00,46.4
2025-06-12 01:18:00,7.9
2025-06-12 04:46:00,53.1
2025-06-12 02:25:00,73.2
2025-06-12 10:04:00,64.1
2025-06-12 00:32:00,77.8
2025-06-12 02:07:00,32.1
2025-06-12 14:34:00,34.1
2025-06-12 18:55:00,87.1
2025-06-12 23:25:00,50.0997191011236
2025-06-12 13:33:00,79.5
2025-06-12 16:21:00,77.5
2025-06-12 02:59:00,29.0
2025-06-12 22:34:00,97.1
2025-06-12 18:59:00,40.2
2025-06-12 06:19:00,93.0
2025-06-12 15:27:00,93.6
2025-06-12 00:24:00,37.5
2025-06-12 20:56:00,18.1
2025-06-12 11:24:00,5.0
2025-06-12 13:15:00,26.4
2025-06-12 18:45:00,27.0
2025-06-12 10:32:00,32.9
2025-06-12 19:31:00,76.4
2025-06-12 05:15:00,50.0997191011236
2025-06-12 09:20:00,65.0
2025-06-12 18:03:00,79.6
2025-06-12 14:30:00,8.3
2025-06-12 22:04:00,11.6
2025-06-12 12:49:00,84.3
2025-06-12 09:42:00,97.2
2025-06-12 20:38:00,76.3
2025-06-12 18:24:00,20.7
2025-06-12 03:26:00,1.6
2025-06-12 09:57:00,22.1
2025-06-12 01:07:00,38.3
2025-06-12 16:13:00,13.0
2025-06-12 03:03:00,50.0997191011236
2025-06-12 00:15:00,58.7
2025-06-12 02:26:00,69.2
2025-06-12 02:50:00,92.3
2025-06-12 04:55:00,45.6
2025-06-12 10:14:00,11.5
2025-06-12 15:52:00,47.0
2025-06-12 07:46:00,50.0997191011236
2025-06-12 14:46:00,15.0
2025-06-12 04:07:00,19.2
2025-06-12 21:32:00,76.4
2025-06-12 17:34:00,50.0997191011236
2025-06-12 05:57:00,50.0997191011236
2025-06-12 04:19:00,56.3
2025-06-12 04:53:00,60.2
2025-06-12 12:55:00,93.0
2025-06-12 06:00:00,51.1
2025-06-12 11:42:00,10.5
2025-06-12 11:58:00,50.0997191011236
2025-06-12 19:12:00,77.9
2025-06-12 14:45:00,48.8
2025-06-12 21:21:00,9.8
2025-06-12 06:28:00,8.1
2025-06-12 07:54:00,52.1
2025-06-12 13:08:00,59.4
2025-06-12 20:43:00,50.0997191011236
2025-06-12 20:54:00,50.0997191011236
2025-06-12 18:31:00,42.4
2025-06-12 07:22:00,63.7
2025-06-12 01:02:00,76.4
2025-06-12 13:56:00,45.4
2025-06-12 08:04:00,64.6
2025-06-12 12:13:00,50.0997191011236
2025-06-12 19:08:00,25.7
2025-06-12 16:26:00,19.5
2025-06-12 06:23:00,50.7
2025-06-12 22:01:00,50.0997191011236
2025-06-12 08:19:00,95.2
2025-06-12 11:32:00,80.1
2025-06-12 08:25:00,37.0
2025-06-12 10:21:00,83.0
2025-06-12 03:53:00,29.4
2025-06-12 20:01:00,71.1
2025-06-12 02:13:00,97.6
2025-06-12 08:17:00,50.0997191011236
2025-06-12 14:10:00,20.3
2025-06-12 06:40:00,95.1
2025-06-12 10:15:00,47.2
2025-06-12 03:08:00,79.7
2025-06-12 09:07:00,69.7
2025-06-12 22:44:00,94.9
2025-06-12 02:15:00,50.0997191011236
2025-06-12 02:10:00,50.0997191011236
2025-06-12 03:40:00,50.0997191011236
2025-06-12 03:49:00,72.9
2025-06-12 06:38:00,51.9
2025-06-12 22:33:00,45.5
2025-06-12 08:56:00,74.6
2025-06-12 11:59:00,72.4
2025-06-12 18:03:00,86.6
2025-06-12 06:03:00,45.7
2025-06-12 15:09:00,6.8
2025-06-12 19:47:00,15.9
2025-06-12 05:37:00,0.4
2025-06-12 02:14:00,90.5
2025-06-12 03:06:00,62.7
2025-06-12 16:09:00,86.8
2025-06-12 02:11:00,33.4
2025-06-12 06:15:00,31.7
2025-06-12 15:44:00,95.9
2025-06-12 10:13:00,65.6
2025-06-12 06:57:00,67.5
2025-06-12 19:14:00,36.0
2025-06-12 23:54:00,12.9
2025-06-12 08:26:00,11.9
2025-06-12 11:22:00,96.0
2025-06-12 12:10:00,49.889081537019685
2025-06-12 03:13:00,57.5
2025-06-12 08:19:00,85.1
2025-06-12 17:19:00,52.4
2025-06-12 19:39:00,88.0
2025-06-12 20:29:00,11.7
2025-06-12 22:33:00,67.4
2025-06-12 13:28:00,49.889081537019685
2025-06-12 05:38:00,38.4
2025-06-12 12:27:00,31.6
2025-06-12 20:32:00,81.9
2025-06-12 07:13:00,63.1
2025-06-12 13:39:00,32.6
2025-06-12 23:05:00,76.3
2025-06-12 03:16:00,49.6
2025-06-12 01:45:00,4.8
2025-06-12 23:57:00,49.889081537019685
2025-06-12 04:51:00,99.6
2025-06-12 02:38:00,48.7
2025-06-12 20:17:00,67.3
2025-06-12 02:34:00,64.8
2025-06-12 23:53:00,60.1
2025-06-12 22:03:00,98.9
2025-06-12 17:08:00,75.2
2025-06-12 02:14:00,79.0
2025-06-12 05:42:00,37.5
2025-06-12 15:14:00,47.2
2025-06-12 06:07:00,49.889081537019685
2025-06-12 10:11:00,35.8
2025-06-12 07:21:00,1.6
2025-06-12 10:31:00,5.8
2025-06-12 17:19:00,49.889081537019685
2025-06-12 00:12:00,20.4
2025-06-12 11:32:00,55.4
2025-06-12 16:32:00,27.0
2025-06-12 14:40:00,21.3
2025-06-12 21:56:00,79.1
2025-06-12 04:13:00,81.7
2025-06-12 01:01:00,5.7
2025-06-12 15:39:00,49.889081537019685
2025-06-12 01:07:00,99.2
2025-06-12 21:11:00,20.6
2025-06-12 02:15:00,4.3
2025-06-12 19:54:00,16.5
2025-06-12 19:16:00,15.3
2025-06-12 00:01:00,49.889081537019685
2025-06-12 04:18:00,49.889081537019685
2025-06-12 12:56:00,45.3
2025-06-12 12:38:00,85.4
2025-06-12 15:13:00,57.9
2025-06-12 08:52:00,11.1
2025-06-12 12:16:00,49.889081537019685
2025-06-12 06:24:00,6.1
2025-06-12 05:45:00,49.889081537019685
2025-06-12 19:30:00,62.1
2025-06-12 05:19:00,79.1
2025-06-12 19:29:00,68.8
2025-06-12 07:09:00,92.1
2025-06-12 01:20:00,15.7
2025-06-12 17:57:00,51.5
2025-06-12 22:16:00,33.2
2025-06-12 08:24:00,5.7
2025-06-12 12:21:00,91.2
2025-06-12 17:54:00,28.6
2025-06-12 23:41:00,98.2
2025-06-12 03:49:00,26.9
2025-06-12 16:30:00,14.0
2025-06-12 03:40:00,2.1
2025-06-12 14:47:00,19.1
2025-06-12 06:15:00,71.1
2025-06-12 21:39:00,31.0
2025-06-12 06:20:00,32.7
2025-06-12 10:09:00,49.889081537019685
2025-06-12 16:47:00,83.1
2025-06-12 00:11:00,16.7
2025-06-12 08:09:00,48.5
2025-06-12 12:34:00,34.2
2025-06-12 15:12:00,32.0
2025-06-12 07:39:00,3.3
2025-06-12 16:27:00,44.0
2025-06-12 20:55:00,92.2
2025-06-12 10:50:00,65.2
2025-06-12 23:58:00,25.7
2025-06-12 09:23:00,49.889081537019685
2025-06-12 17:27:00,22.2
2025-06-12 01:07:00,54.3
2025-06-12 14:18:00,49.889081537019685
2025-06-12 09:53:00,2.2
2025-06-12 15:47:00,21.1
2025-06-12 08:35:00,67.8
2025-06-12 18:04:00,38.5
2025-06-12 18:09:00,98.3
2025-06-12 03:15:00,9.2
2025-06-12 14:06:00,49.889081537019685
2025-06-12 09:32:00,73.3
2025-06-12 11:16:00,49.889081537019685
2025-06-12 18:38:00,92.9
2025-06-12 15:39:00,12.7
2025-06-12 19:50:00,38.3
2025-06-12 07:57:00,1.6
2025-06-12 02:00:00,70.9
2025-06-12 13:57:00,97.0
2025-06-12 19:13:00,76.2
2025-06-12 22:02:00,49.889081537019685
2025-06-12 00:56:00,54.6
2025-06-12 04:36:00,54.6
2025-06-12 07:52:00,15.6
2025-06-12 20:56:00,50.0
2025-06-12 21:47:00,58.3
2025-06-12 06:08:00,12.9
2025-06-12 17:48:00,98.5
2025-06-12 16:59:00,4.3
2025-06-12 04:25:00,41.7
2025-06-12 19:48:00,11.4
2025-06-12 02:16:00,49.889081537019685
2025-06-12 06:06:00,97.0
2025-06-12 17:16:00,48.5
2025-06-12 16:55:00,66.7
2025-06-12 06:08:00,48.6
2025-06-12 06:25:00,49.889081537019685
2025-06-12 06:11:00,73.0
2025-06-12 17:49:00,49.889081537019685
2025-06-12 13:09:00,39.1
2025-06-12 09:17:00,97.6
2025-06-12 10:33:00,8.5
2025-06-12 00:57:00,83.0
2025-06-12 17:46:00,35.7
2025-06-12 21:17:00,93.0
2025-06-12 14:39:00,9.5
2025-06-12 13:50:00,54.5
2025-06-12 22:37:00,76.2
2025-06-12 18:40:00,10.5
2025-06-12 18:15:00,34.8
2025-06-12 12:30:00,90.0
2025-06-12 20:17:00,37.6
2025-06-12 20:47:00,13.1
2025-06-12 08:56:00,19.2
2025-06-12 16:41:00,77.1
2025-06-12 02:11:00,19.9
2025-06-12 01:26:00,94.4
2025-06-12 09:22:00,88.8
2025-06-12 03:09:00,49.889081537019685
2025-06-12 17:04:00,49.889081537019685
2025-06-12 08:32:00,13.9
2025-06-12 16:35:00,66.2
2025-06-12 07:37:00,71.2
2025-06-12 10:14:00,38.3
2025-06-12 20:43:00,8.1
2025-06-12 17:53:00,83.9
2025-06-12 11:23:00,49.889081537019685
2025-06-12 07:55:00,49.889081537019685
2025-06-12 11:47:00,77.3
2025-06-12 07:01:00,8.5
2025-06-12 12:37:00,15.6
2025-06-12 13:28:00,46.7
2025-06-12 14:37:00,41.5
2025-06-12 10:19:00,54.0
2025-06-12 12:42:00,66.3
2025-06-12 16:49:00,35.8
2025-06-12 03:22:00,73.2
2025-06-12 06:38:00,49.889081537019685
2025-06-12 16:05:00,54.9
2025-06-12 13:19:00,18.4
2025-06-12 20:02:00,39.5
2025-06-12 03:16:00,41.5
2025-06-12 03:51:00,7.0
2025-06-12 06:24:00,49.889081537019685
2025-06-12 11:54:00,49.889081537019685
2025-06-12 17:28:00,59.1
2025-06-12 17:09:00,76.7
2025-06-12 15:36:00,78.6
2025-06-12 12:08:00,49.889081537019685
2025-06-12 01:47:00,81.9
2025-06-12 23:54:00,38.7
2025-06-12 03:23:00,1.8
2025-06-12 12:59:00,26.8
2025-06-12 10:32:00,77.4
2025-06-12 18:21:00,6.2
2025-06-12 00:28:00,15.7
2025-06-12 11:05:00,74.5
2025-06-12 06:30:00,3.6
2025-06-12 00:22:00,21.8
2025-06-12 07:59:00,43.0
2025-06-12 00:58:00,58.1
2025-06-12 07:27:00,4.3
2025-06-12 08:43:00,49.889081537019685
2025-06-12 06:27:00,14.6
2025-06-12 15:17:00,49.889081537019685
2025-06-12 00:38:00,62.7
2025-06-12 14:53:00,47.4
2025-06-12 07:42:00,50.1
2025-06-12 15:09:00,49.889081537019685
2025-06-12 00:17:00,70.5
2025-06-12 19:46:00,44.9
2025-06-12 05:31:00,92.2
2025-06-12 19:53:00,16.0
2025-06-12 07:04:00,95.3
2025-06-12 19:38:00,52.1
2025-06-12 19:21:00,98.6
2025-06-12 14:28:00,33.2
2025-06-12 15:55:00,99.3
2025-06-12 00:11:00,49.889081537019685
2025-06-12 22:45:00,28.5
2025-06-12 00:03:00,49.889081537019685
2025-06-12 23:08:00,69.8
2025-06-12 03:03:00,92.5
2025-06-12 00:59:00,21.5
2025-06-12 16:35:00,45.0
2025-06-12 06:37:00,33.4
2025-06-12 07:00:00,48.6
2025-06-12 01:44:00,32.1
2025-06-12 13:37:00,82.3
2025-06-12 04:04:00,49.889081537019685
2025-06-12 04:29:00,49.889081537019685
2025-06-12 05:35:00,58.9
2025-06-12 08:06:00,49.889081537019685
2025-06-12 13:01:00,31.7
2025-06-12 02:27:00,47.5
2025-06-12 06:53:00,79.2
2025-06-12 23:13:00,62.0
2025-06-12 21:11:00,78.2
2025-06-12 01:52:00,72.6
2025-06-12 01:58:00,76.7
2025-06-12 08:49:00,90.5
2025-06-12 07:04:00,91.3
2025-06-12 01:37:00,79.9
2025-06-12 08:31:00,86.9
2025-06-12 15:07:00,69.7
2025-06-12 13:32:00,59.5
2025-06-12 15:45:00,52.5
2025-06-12 08:56:00,85.8
2025-06-12 05:10:00,49.889081537019685
2025-06-12 02:00:00,34.8
2025-06-12 05:09:00,71.8
2025-06-12 12:09:00,57.4
2025-06-12 16:00:00,96.1
2025-06-12 06:36:00,98.3
2025-06-12 07:21:00,82.7
2025-06-12 15:58:00,49.889081537019685
2025-06-12 03:12:00,45.9
2025-06-12 03:39:00,49.889081537019685
2025-06-12 08:20:00,90.4
2025-06-12 08:08:00,70.1
2025-06-12 05:23:00,30.1
2025-06-12 05:08:00,5.5
2025-06-12 19:42:00,95.9
2025-06-12 00:17:00,5.2
2025-06-12 16:26:00,19.2
2025-06-12 07:10:00,41.9
2025-06-12 07:13:00,87.2
2025-06-12 10:24:00,60.2
2025-06-12 13:29:00,31.0
2025-06-12 01:31:00,87.5
2025-06-12 01:50:00,41.6
2025-06-12 08:27:00,12.2
2025-06-12 20:04:00,92.2
2025-06-12 08:09:00,49.889081537019685
2025-06-12 11:28:00,80.4
2025-06-12 01:24:00,9.6
2025-06-12 02:19:00,16.7
2025-06-12 13:04:00,96.3
2025-06-12 20:52:00,79.6
2025-06-12 23:58:00,99.8
2025-06-12 08:19:00,25.3
2025-06-12 00:25:00,1.0
2025-06-12 13:46:00,45.8
2025-06-12 02:38:00,39.1
2025-06-12 00:42:00,50.1
2025-06-12 23:15:00,60.3
2025-06-12 15:14:00,31.0
2025-06-12 01:48:00,63.4
2025-06-12 10:22:00,35.6
2025-06-12 20:32:00,49.889081537019685
2025-06-12 13:19:00,70.2
2025-06-12 20:09:00,79.5
2025-06-12 03:30:00,24.4
2025-06-12 11:02:00,81.6
2025-06-12 04:32:00,15.5
2025-06-12 19:58:00,69.3
2025-06-12 15:08:00,11.7
2025-06-12 07:37:00,68.1
2025-06-12 23:18:00,30.5
2025-06-12 00:09:00,70.2
2025-06-12 08:38:00,12.9
2025-06-12 11:37:00,5.3
2025-06-12 00:21:00,25.8
2025-06-12 21:03:00,82.5
2025-06-12 06:57:00,49.889081537019685
2025-06-12 15:40:00,85.8
2025-06-12 04:31:00,12.1
2025-06-12 14:26:00,92.4
2025-06-12 07:28:00,49.889081537019685
2025-06-12 17:45:00,3.7
2025-06-12 19:27:00,55.3
2025-06-12 14:39:00,25.8
2025-06-12 13:46:00,49.889081537019685
2025-06-12 00:58:00,72.9
2025-06-12 05:01:00,49.889081537019685
2025-06-12 12:35:00,80.1
2025-06-12 19:43:00,28.1
2025-06-12 06:26:00,92.1
2025-06-12 12:00:00,72.1
2025-06-12 06:45:00,49.889081537019685
2025-06-12 09:48:00,83.1
2025-06-12 02:38:00,90.3
2025-06-12 07:40:00,78.4
2025-06-12 15:50:00,61.6
2025-06-12 13:52:00,87.7
2025-06-12 11:08:00,71.9
2025-06-12 04:55:00,96.6
2025-06-12 13:45:00,52.9
2025-06-12 15:56:00,88.0
2025-06-12 18:00:00,49.889081537019685
2025-06-12 17:38:00,81.5
2025-06-12 18:41:00,60.7
2025-06-12 21:41:00,23.0
2025-06-12 22:05:00,49.889081537019685
2025-06-12 16:40:00,28.1
2025-06-12 08:21:00,49.889081537019685
2025-06-12 02:29:00,93.9
2025-06-12 20:09:00,12.1
2025-06-12 09:17:00,47.6
2025-06-12 17:02:00,26.9
2025-06-12 23:06:00,63.9
2025-06-12 01:31:00,12.3
2025-06-12 03:05:00,24.7
2025-06-12 13:36:00,77.6
2025-06-12 18:38:00,76.8
2025-06-12 12:46:00,28.7
2025-06-12 03:43:00,87.6
2025-06-12 01:31:00,75.0
2025-06-12 09:58:00,91.0
2025-06-12 09:58:00,11.0
2025-06-12 08:01:00,73.2
2025-06-12 03:31:00,65.6
2025-06-12 21:37:00,92.4
2025-06-12 17:46:00,48.7
2025-06-12 11:22:00,45.9
2025-06-12 01:35:00,37.5
2025-06-12 09:59:00,12.8
2025-06-12 13:53:00,19.9
2025-06-12 15:18:00,60.0
2025-06-12 08:29:00,88.6
2025-06-12 21:56:00,78.8
2025-06-12 01:44:00,4.3
2025-06-12 22:34:00,19.3
2025-06-12 06:39:00,56.9
2025-06-12 11:59:00,22.2
2025-06-12 02:35:00,50.12778039031272
2025-06-12 23:21:00,12.6
2025-06-12 06:39:00,21.4
2025-06-12 05:08:00,78.9
2025-06-12 20:32:00,23.4
2025-06-12 05:31:00,17.2
2025-06-12 02:50:00,95.7
2025-06-12 19:48:00,33.4
2025-06-12 23:11:00,63.8
2025-06-12 03:59:00,23.7
2025-06-12 07:49:00,89.9
2025-06-12 03:09:00,86.6
2025-06-12 10:40:00,14.2
2025-06-12 17:57:00,50.12778039031272
2025-06-12 13:35:00,57.7
2025-06-12 13:20:00,69.0
2025-06-12 01:03:00,91.7
2025-06-12 01:42:00,61.4
2025-06-12 10:42:00,15.8
2025-06-12 12:25:00,95.0
2025-06-12 23:27:00,2.1
2025-06-12 08:18:00,2.4
2025-06-12 15:21:00,40.6
2025-06-12 11:12:00,50.12778039031272
2025-06-12 17:09:00,42.9
2025-06-12 13:00:00,29.0
2025-06-12 22:50:00,34.8
2025-06-12 12:34:00,90.6
2025-06-12 16:02:00,0.6
2025-06-12 13:37:00,34.9
2025-06-12 18:41:00,58.7
2025-06-12 00:13:00,18.3
2025-06-12 04:04:00,81.3
2025-06-12 13:51:00,50.12778039031272
2025-06-12 23:47:00,50.12778039031272
2025-06-12 14:24:00,91.8
2025-06-12 17:59:00,12.5
2025-06-12 01:01:00,16.9
2025-06-12 03:19:00,21.7
2025-06-12 11:27:00,59.3
2025-06-12 05:59:00,79.2
2025-06-12 07:04:00,97.9
2025-06-12 01:19:00,44.8
2025-06-12 12:58:00,67.7
2025-06-12 20:56:00,50.12778039031272
2025-06-12 07:49:00,78.6
2025-06-12 05:12:00,94.8
2025-06-12 19:28:00,3.2
2025-06-12 12:38:00,70.8
2025-06-12 10:33:00,77.0
2025-06-12 20:59:00,69.7
2025-06-12 13:11:00,19.9
2025-06-12 13:29:00,62.8
2025-06-12 04:44:00,39.4
2025-06-12 16:12:00,50.12778039031272
2025-06-12 22:15:00,50.12778039031272
2025-06-12 21:44:00,59.5
2025-06-12 10:53:00,70.4
2025-06-12 05:48:00,26.9
2025-06-12 15:03:00,40.6
2025-06-12 05:09:00,68.2
2025-06-12 22:43:00,49.8
2025-06-12 22:13:00,64.7
2025-06-12 17:07:00,83.8
2025-06-12 09:39:00,13.6
2025-06-12 04:55:00,55.8
2025-06-12 00:24:00,28.5
2025-06-12 12:40:00,38.2
2025-06-12 15:48:00,45.1
2025-06-12 02:47:00,80.3
2025-06-12 21:32:00,62.5
2025-06-12 12:34:00,77.9
2025-06-12 03:10:00,29.9
2025-06-12 08:52:00,50.12778039031272
2025-06-12 21:21:00,40.3
2025-06-12 14:51:00,91.9
2025-06-12 20:59:00,50.12778039031272
2025-06-12 04:55:00,21.1
2025-06-12 18:23:00,72.8
2025-06-12 21:06:00,19.7
2025-06-12 01:17:00,1.3
2025-06-12 13:20:00,27.1
2025-06-12 23:36:00,50.12778039031272
2025-06-12 01:35:00,7.0
2025-06-12 09:20:00,50.12778039031272
2025-06-12 10:47:00,50.12778039031272
2025-06-12 18:48:00,50.12778039031272
2025-06-12 19:03:00,19.4
2025-06-12 00:36:00,20.2
2025-06-12 16:06:00,50.12778039031272
2025-06-12 01:52:00,77.8
2025-06-12 10:21:00,26.5
2025-06-12 16:02:00,80.3
2025-06-12 21:18:00,86.2
2025-06-12 23:19:00,6.9
2025-06-12 19:50:00,48.7
2025-06-12 19:42:00,16.8
2025-06-12 13:28:00,52.8
2025-06-12 06:12:00,17.0
2025-06-12 00:37:00,50.12778039031272
2025-06-12 10:56:00,81.5
2025-06-12 17:16:00,22.8
2025-06-12 16:57:00,47.3
2025-06-12 09:17:00,40.7
2025-06-12 14:05:00,55.3
2025-06-12 14:33:00,99.8
2025-06-12 23:48:00,92.1
2025-06-12 21:20:00,22.0
2025-06-12 11:08:00,53.7
2025-06-12 20:12:00,78.1
2025-06-12 04:17:00,62.8
2025-06-12 06:02:00,20.1
2025-06-12 08:16:00,65.8
2025-06-12 06:17:00,61.7
2025-06-12 02:20:00,20.0
2025-06-12 12:46:00,66.4
2025-06-12 18:04:00,53.8
2025-06-12 23:58:00,62.8
2025-06-12 10:44:00,58.6
2025-06-12 00:42:00,50.12778039031272
2025-06-12 10:59:00,7.8
2025-06-12 15:25:00,10.5
2025-06-12 09:21:00,51.1
2025-06-12 12:33:00,64.3
2025-06-12 16:23:00,57.7
2025-06-12 23:50:00,88.1
2025-06-12 10:49:00,93.7
2025-06-12 10:51:00,3.3
2025-06-12 06:14:00,36.7
2025-06-12 11:58:00,35.2
2025-06-12 06:56:00,65.1
2025-06-12 22:42:00,64.7
2025-06-12 01:16:00,1.2
2025-06-12 10:09:00,78.4
2025-06-12 03:11:00,89.0
2025-06-12 14:23:00,58.5
2025-06-12 21:13:00,45.5
2025-06-12 05:15:00,23.2
2025-06-12 08:48:00,26.3
2025-06-12 13:37:00,54.2
2025-06-12 21:35:00,72.7
2025-06-12 13:37:00,1.0
2025-06-12 18:43:00,50.12778039031272
2025-06-12 16:40:00,21.4
2025-06-12 20:17:00,92.0
2025-06-12 08:52:00,42.6
2025-06-12 03:29:00,40.7
2025-06-12 20:59:00,1.9
2025-06-12 15:24:00,33.8
2025-06-12 08:16:00,27.5
2025-06-12 15:22:00,35.4
2025-06-12 16:47:00,33.1
2025-06-12 17:37:00,74.0
2025-06-12 03:31:00,16.6
2025-06-12 11:07:00,90.8
2025-06-12 04:47:00,61.1
2025-06-12 08:03:00,45.2
2025-06-12 01:52:00,32.3
2025-06-12 09:18:00,26.6
2025-06-12 20:13:00,33.0
2025-06-12 22:12:00,56.5
2025-06-12 14:25:00,45.6
2025-06-12 13:10:00,69.6
2025-06-12 14:34:00,14.3
2025-06-12 21:46:00,44.3
2025-06-12 06:51:00,50.12778039031272
2025-06-12 07:32:00,37.0
2025-06-12 06:53:00,34.3
2025-06-12 01:05:00,98.6
2025-06-12 11:49:00,90.9
2025-06-12 20:06:00,12.7
2025-06-12 16:26:00,58.7
2025-06-12 01:44:00,31.7
2025-06-12 00:19:00,50.12778039031272
2025-06-12 10:12:00,54.4
2025-06-12 17:57:00,77.3
2025-06-12 21:56:00,24.3
2025-06-12 04:24:00,50.12778039031272
2025-06-12 10:06:00,31.1
2025-06-12 21:01:00,37.8
2025-06-12 16:03:00,50.4
2025-06-12 01:01:00,82.2
2025-06-12 17:01:00,68.4
2025-06-12 04:17:00,11.8
2025-06-12 15:00:00,95.1
2025-06-12 16:12:00,35.4
2025-06-12 07:38:00,50.12778039031272
2025-06-12 01:38:00,84.7
2025-06-12 14:18:00,50.12778039031272
2025-06-12 00:44:00,56.7
2025-06-12 20:50:00,27.3
2025-06-12 16:11:00,28.9
2025-06-12 21:19:00,54.7
2025-06-12 05:25:00,50.12778039031272
2025-06-12 22:55:00,21.9
2025-06-12 22:23:00,95.8
2025-06-12 13:20:00,19.3
2025-06-12 14:28:00,38.0
2025-06-12 19:11:00,75.0
2025-06-12 03:38:00,50.12778039031272
2025-06-12 04:46:00,44.4
2025-06-12 12:48:00,62.7
2025-06-12 04:57:00,0.4
2025-06-12 11:13:00,48.6
2025-06-12 16:35:00,69.3
2025-06-12 17:37:00,22.8
2025-06-12 16:25:00,76.0
2025-06-12 02:59:00,87.1
2025-06-12 04:39:00,95.7
2025-06-12 16:02:00,68.4
2025-06-12 01:19:00,13.6
2025-06-12 05:37:00,50.12778039031272
2025-06-12 08:16:00,9.1
2025-06-12 23:31:00,50.12778039031272
2025-06-12 06:45:00,80.7
2025-06-12 00:45:00,50.12778039031272
2025-06-12 02:10:00,73.0
2025-06-12 06:50:00,27.1
2025-06-12 19:44:00,50.12778039031272
2025-06-12 00:42:00,33.9
2025-06-12 04:17:00,53.5
2025-06-12 02:03:00,39.8
2025-06-12 08:50:00,50.12778039031272
2025-06-12 02:12:00,54.8
2025-06-12 17:26:00,99.4
2025-06-12 02:59:00,23.2
2025-06-12 16:47:00,83.4
2025-06-12 22:06:00,73.7
2025-06-12 08:18:00,98.8
2025-06-12 02:55:00,50.12778039031272
2025-06-12 22:28:00,50.12778039031272
2025-06-12 03:56:00,1.7
2025-06-12 04:41:00,3.4
2025-06-12 17:04:00,28.7
2025-06-12 04:53:00,50.12778039031272
2025-06-12 10:21:00,27.6
2025-06-12 12:47:00,89.9
2025-06-12 08:33:00,40.3
2025-06-12 09:16:00,65.9
2025-06-12 22:08:00,50.7
2025-06-12 06:37:00,57.5
2025-06-12 12:12:00,11.0
2025-06-12 10:41:00,26.0
2025-06-12 09:15:00,50.12778039031272
2025-06-12 06:30:00,50.12778039031272
2025-06-12 11:00:00,75.5
2025-06-12 07:54:00,9.0
2025-06-12 11:15:00,13.6
2025-06-12 18:25:00,50.12778039031272
2025-06-12 13:54:00,51.1
2025-06-12 01:01:00,14.2
2025-06-12 13:46:00,66.5
2025-06-12 19:57:00,94.9
2025-06-12 00:24:00,48.7
2025-06-12 14:41:00,19.3
2025-06-12 08:06:00,23.0
2025-06-12 08:41:00,58.6
2025-06-12 20:23:00,32.4
2025-06-12 10:37:00,28.9
2025-06-12 21:40:00,88.8
2025-06-12 10:35:00,50.12778039031272
2025-06-12 08:06:00,23.6
2025-06-12 08:53:00,35.4
2025-06-12 04:25:00,53.8
2025-06-12 23:35:00,92.7
2025-06-12 06:43:00,50.12778039031272
2025-06-12 00:03:00,67.5
2025-06-12 23:32:00,97.9
2025-06-12 21:26:00,2.4
2025-06-12 03:04:00,50.12778039031272
2025-06-12 07:51:00,15.8
2025-06-12 07:42:00,17.9
2025-06-12 23:13:00,50.12778039031272
2025-06-12 03:15:00,76.4
2025-06-12 11:06:00,30.7
2025-06-12 23:35:00,6.3
2025-06-12 04:12:00,59.9
2025-06-12 16:50:00,79.0
2025-06-12 23:12:00,50.12778039031272
2025-06-12 18:04:00,56.3
2025-06-12 19:32:00,71.2
2025-06-12 18:21:00,47.0
2025-06-12 04:26:00,10.9
2025-06-12 01:09:00,80.8
2025-06-12 23:38:00,69.7
2025-06-12 14:51:00,79.4
2025-06-12 18:43:00,95.7
2025-06-12 06:19:00,72.7
2025-06-12 14:56:00,60.2
2025-06-12 16:47:00,46.4
2025-06-12 11:02:00,30.8
2025-06-12 09:18:00,62.9
2025-06-12 23:02:00,31.6
2025-06-12 19:23:00,38.8
2025-06-12 14:14:00,50.12778039031272
2025-06-12 17:35:00,50.12778039031272
2025-06-12 06:25:00,2.7
2025-06-12 23:09:00,50.12778039031272
2025-06-12 19:57:00,50.12778039031272
2025-06-12 17:44:00,78.3
2025-06-12 17:36:00,50.12778039031272
2025-06-12 07:25:00,73.1
2025-06-12 14:23:00,14.7
2025-06-12 22:16:00,20.3
2025-06-12 14:12:00,62.9
2025-06-12 21:17:00,42.8
2025-06-12 03:31:00,84.6
2025-06-12 16:30:00,51.5
2025-06-12 15:13:00,50.12778039031272
2025-06-12 01:13:00,17.8
2025-06-12 14:32:00,50.12778039031272
2025-06-12 01:04:00,75.9
2025-06-12 11:27:00,32.4
2025-06-12 07:52:00,87.6
2025-06-12 19:37:00,89.9
2025-06-12 18:39:00,12.6
2025-06-12 23:43:00,52.5
2025-06-12 20:57:00,50.12778039031272
2025-06-12 19:38:00,95.9
2025-06-12 00:47:00,95.3
2025-06-12 17:03:00,4.5
2025-06-12 13:07:00,61.4
2025-06-12 09:34:00,40.8
2025-06-12 10:49:00,23.9
2025-06-12 20:08:00,88.6
2025-06-12 01:07:00,98.6
2025-06-12 22:34:00,95.4
2025-06-12 00:24:00,79.3
2025-06-12 14:45:00,49.8
2025-06-12 06:54:00,20.1
2025-06-12 04:58:00,50.1655304792927
2025-06-12 06:39:00,76.1
2025-06-12 20:22:00,59.4
2025-06-12 14:40:00,50.1655304792927
2025-06-12 15:07:00,89.7
2025-06-12 15:40:00,97.7
2025-06-12 21:25:00,38.1
2025-06-12 22:31:00,28.4
2025-06-12 00:47:00,84.8
2025-06-12 02:55:00,48.2
2025-06-12 15:01:00,50.1655304792927
2025-06-12 18:56:00,42.7
2025-06-12 03:08:00,63.3
2025-06-12 03:36:00,70.7
2025-06-12 07:55:00,59.4
2025-06-12 14:53:00,61.0
2025-06-12 23:00:00,53.8
2025-06-12 23:01:00,62.5
2025-06-12 11:57:00,10.3
2025-06-12 18:36:00,47.6
2025-06-12 03:44:00,74.4
2025-06-12 17:17:00,54.0
2025-06-12 01:55:00,25.8
2025-06-12 21:08:00,41.6
2025-06-12 17:35:00,45.5
2025-06-12 20:48:00,74.9
2025-06-12 14:15:00,45.4
2025-06-12 23:16:00,51.6
2025-06-12 23:39:00,26.0
2025-06-12 20:57:00,35.2
2025-06-12 20:56:00,10.4
2025-06-12 02:35:00,20.5
2025-06-12 04:03:00,50.1655304792927
2025-06-12 15:40:00,89.8
2025-06-12 21:32:00,36.5
2025-06-12 11:20:00,12.8
2025-06-12 05:04:00,50.1655304792927
2025-06-12 21:33:00,48.7
2025-06-12 17:37:00,56.9
2025-06-12 05:11:00,6.1
2025-06-12 22:50:00,50.1655304792927
2025-06-12 08:57:00,40.0
2025-06-12 03:27:00,20.7
2025-06-12 19:15:00,79.0
2025-06-12 02:43:00,75.1
2025-06-12 10:35:00,99.8
2025-06-12 03:54:00,29.9
2025-06-12 18:54:00,41.0
2025-06-12 17:05:00,50.1655304792927
2025-06-12 10:26:00,14.7
2025-06-12 00:01:00,12.2
2025-06-12 09:41:00,7.3
2025-06-12 07:50:00,17.4
2025-06-12 02:18:00,94.1
2025-06-12 13:38:00,27.3
2025-06-12 23:34:00,65.8
2025-06-12 06:12:00,30.8
2025-06-12 09:49:00,50.1655304792927
2025-06-12 04:53:00,62.7
2025-06-12 02:36:00,17.0
2025-06-12 13:14:00,91.9
2025-06-12 04:35:00,56.5
2025-06-12 05:08:00,78.8
2025-06-12 12:54:00,48.5
2025-06-12 18:29:00,95.2
2025-06-12 14:13:00,91.4
2025-06-12 22:47:00,37.3
2025-06-12 23:17:00,15.0
2025-06-12 21:34:00,50.1655304792927
2025-06-12 17:33:00,74.4
2025-06-12 10:26:00,87.0
2025-06-12 08:29:00,19.7
2025-06-12 03:41:00,46.5
2025-06-12 04:03:00,84.5
2025-06-12 21:46:00,55.6
2025-06-12 17:47:00,72.5
2025-06-12 20:58:00,7.0
2025-06-12 19:10:00,47.1
2025-06-12 22:05:00,63.5
2025-06-12 22:06:00,26.4
2025-06-12 00:52:00,16.5
2025-06-12 01:48:00,50.1655304792927
2025-06-12 00:18:00,2.3
2025-06-12 00:36:00,61.2
2025-06-12 12:48:00,98.8
2025-06-12 03:31:00,89.5
2025-06-12 23:33:00,85.6
2025-06-12 03:48:00,4.3
2025-06-12 18:39:00,60.0
2025-06-12 14:55:00,74.2
2025-06-12 04:47:00,10.5
2025-06-12 11:38:00,24.9
2025-06-12 04:43:00,94.5
2025-06-12 20:29:00,50.1655304792927
2025-06-12 21:51:00,54.7
2025-06-12 17:37:00,31.9
2025-06-12 13:09:00,70.8
2025-06-12 16:36:00,44.7
2025-06-12 23:35:00,41.5
2025-06-12 05:21:00,27.7
2025-06-12 01:29:00,75.9
2025-06-12 14:08:00,2.2
2025-06-12 21:44:00,32.1
2025-06-12 07:13:00,81.0
2025-06-12 05:54:00,89.5
2025-06-12 03:33:00,82.4
2025-06-12 18:59:00,78.1
2025-06-12 03:43:00,68.0
2025-06-12 03:32:00,66.9
2025-06-12 20:32:00,22.6
2025-06-12 00:25:00,40.8
2025-06-12 10:00:00,14.5
2025-06-12 19:55:00,36.4
2025-06-12 14:53:00,36.2
2025-06-12 04:55:00,61.8
2025-06-12 17:21:00,48.7
2025-06-12 14:52:00,23.0
2025-06-12 11:54:00,1.2
2025-06-12 19:31:00,32.9
2025-06-12 08:56:00,42.8
2025-06-12 23:30:00,36.1
2025-06-12 16:22:00,32.7
2025-06-12 00:29:00,96.5
2025-06-12 05:50:00,57.2
2025-06-12 21:05:00,98.7
2025-06-12 15:49:00,5.9
2025-06-12 05:18:00,57.1
2025-06-12 01:55:00,11.8
2025-06-12 21:32:00,45.8
2025-06-12 16:31:00,29.8
2025-06-12 06:54:00,17.3
2025-06-12 03:49:00,44.0
2025-06-12 00:18:00,73.9
2025-06-12 12:38:00,24.7
2025-06-12 13:59:00,34.0
2025-06-12 19:09:00,8.0
2025-06-12 03:33:00,31.3
2025-06-12 01:25:00,87.5
2025-06-12 01:56:00,30.9
2025-06-12 15:54:00,43.0
2025-06-12 18:29:00,18.4
2025-06-12 00:00:00,58.9
2025-06-12 21:01:00,91.3
2025-06-12 14:13:00,74.8
2025-06-12 00:52:00,51.1
2025-06-12 22:46:00,26.3
2025-06-12 03:12:00,63.2
2025-06-12 10:32:00,63.1
2025-06-12 07:37:00,13.9
2025-06-12 19:36:00,93.6
2025-06-12 02:33:00,63.8
2025-06-12 06:24:00,0.5
2025-06-12 11:07:00,55.1
2025-06-12 04:31:00,72.5
2025-06-12 19:27:00,95.7
2025-06-12 22:25:00,96.1
2025-06-12 01:21:00,26.8
2025-06-12 15:43:00,94.5
2025-06-12 13:41:00,43.7
2025-06-12 14:28:00,49.1
2025-06-12 18:56:00,45.4
2025-06-12 03:34:00,97.0
2025-06-12 12:55:00,71.1
2025-06-12 23:17:00,65.8
2025-06-12 15:37:00,49.5
2025-06-12 04:14:00,88.6
2025-06-12 06:40:00,2.7
2025-06-12 00:40:00,77.4
2025-06-12 10:16:00,61.6
2025-06-12 09:06:00,77.9
2025-06-12 23:09:00,50.1655304792927
2025-06-12 01:43:00,68.1
2025-06-12 23:34:00,71.1
2025-06-12 15:47:00,99.1
2025-06-12 04:47:00,52.0
2025-06-12 06:33:00,53.9
2025-06-12 19:27:00,73.1
2025-06-12 09:56:00,20.5
2025-06-12 11:35:00,64.1
2025-06-12 19:56:00,50.1655304792927
2025-06-12 14:35:00,35.7
2025-06-12 19:11:00,6.2
2025-06-12 08:53:00,50.1655304792927
2025-06-12 19:50:00,9.2
2025-06-12 02:45:00,9.0
2025-06-12 05:52:00,1.1
2025-06-12 06:29:00,68.3
2025-06-12 01:41:00,63.1
2025-06-12 04:04:00,86.8
2025-06-12 01:16:00,88.8
2025-06-12 13:46:00,8.9
2025-06-12 15:21:00,77.6
2025-06-12 07:24:00,25.3
2025-06-12 10:54:00,50.1655304792927
2025-06-12 05:41:00,54.8
2025-06-12 06:14:00,95.6
2025-06-12 23:56:00,54.2
2025-06-12 03:10:00,50.2
2025-06-12 17:56:00,63.1
2025-06-12 17:36:00,27.5
2025-06-12 18:52:00,50.1655304792927
2025-06-12 03:14:00,50.1655304792927
2025-06-12 15:59:00,50.1655304792927
2025-06-12 02:40:00,64.4
2025-06-12 21:12:00,17.3
2025-06-12 05:21:00,69.0
2025-06-12 16:40:00,58.9
2025-06-12 23:43:00,51.8
2025-06-12 07:05:00,60.8
2025-06-12 00:16:00,40.4
2025-06-12 19:05:00,94.5
2025-06-12 01:26:00,3.2
2025-06-12 00:55:00,9.3
2025-06-12 14:42:00,7.4
2025-06-12 20:40:00,23.6
2025-06-12 08:20:00,2.2
2025-06-12 00:05:00,53.8
2025-06-12 08:25:00,90.6
2025-06-12 11:20:00,31.1
2025-06-12 17:28:00,92.0
2025-06-12 03:35:00,74.5
2025-06-12 02:57:00,54.4
2025-06-12 04:56:00,64.7
2025-06-12 05:06:00,50.1655304792927
2025-06-12 19:43:00,50.1655304792927
2025-06-12 01:33:00,12.3
2025-06-12 20:16:00,72.1
2025-06-12 06:18:00,53.4
2025-06-12 01:27:00,50.1655304792927
2025-06-12 03:08:00,90.2
2025-06-12 14:07:00,26.4
2025-06-12 08:34:00,54.0
2025-06-12 20:48:00,80.2
2025-06-12 14:53:00,90.2
2025-06-12 19:22:00,15.8
2025-06-12 12:59:00,50.1655304792927
2025-06-12 03:57:00,29.9
2025-06-12 15:23:00,40.9
2025-06-12 15:08:00,14.6
2025-06-12 01:12:00,56.4
2025-06-12 17:23:00,38.3
2025-06-12 05:50:00,62.1
2025-06-12 00:25:00,78.2
2025-06-12 08:15:00,54.6
2025-06-12 02:51:00,27.0
2025-06-12 17:45:00,38.3
2025-06-12 18:52:00,79.4
2025-06-12 18:44:00,43.6
2025-06-12 04:10:00,37.3
2025-06-12 19:59:00,61.5
2025-06-12 13:52:00,73.7
2025-06-12 02:28:00,49.4
2025-06-12 19:51:00,36.8
2025-06-12 00:43:00,25.3
2025-06-12 07:22:00,87.8
2025-06-12 20:03:00,53.5
2025-06-12 12:40:00,14.6
2025-06-12 11:38:00,38.0
2025-06-12 10:06:00,50.1655304792927
2025-06-12 20:49:00,54.8
2025-06-12 18:02:00,3.6
2025-06-12 15:06:00,50.1655304792927
2025-06-12 16:01:00,35.6
2025-06-12 22:54:00,22.4
2025-06-12 14:18:00,71.6
2025-06-12 16:11:00,50.1655304792927
2025-06-12 20:25:00,86.0
2025-06-12 01:32:00,11.5
2025-06-12 03:38:00,10.2
2025-06-12 21:09:00,94.4
2025-06-12 05:43:00,88.3
2025-06-12 01:50:00,94.0
2025-06-12 18:49:00,50.1655304792927
2025-06-12 03:42:00,73.0
2025-06-12 03:25:00,46.0
2025-06-12 00:41:00,13.4
2025-06-12 00:30:00,19.4
2025-06-12 02:30:00,79.4
2025-06-12 17:30:00,89.9
2025-06-12 10:30:00,21.5
2025-06-12 03:24:00,59.7
2025-06-12 23:47:00,50.1655304792927
2025-06-12 19:56:00,38.1
2025-06-12 18:41:00,94.7
2025-06-12 22:19:00,50.1655304792927
2025-06-12 10:49:00,51.1
2025-06-12 03:55:00,50.1655304792927
2025-06-12 23:40:00,56.4
2025-06-12 20:48:00,30.4
2025-06-12 04:49:00,50.1655304792927
2025-06-12 03:39:00,50.1655304792927
2025-06-12 15:37:00,50.1655304792927
2025-06-12 13:14:00,40.1
2025-06-12 06:28:00,83.6
2025-06-12 20:04:00,75.2
2025-06-12 19:14:00,42.9
2025-06-12 13:52:00,34.8
2025-06-12 12:23:00,54.2
2025-06-12 19:21:00,35.9
2025-06-12 02:06:00,88.3
2025-06-12 06:56:00,25.3
2025-06-12 15:28:00,78.8
2025-06-12 23:14:00,64.7
2025-06-12 04:14:00,50.1655304792927
2025-06-12 06:04:00,69.9
2025-06-12 01:59:00,43.8
2025-06-12 00:03:00,19.5
2025-06-12 23:18:00,82.9
2025-06-12 23:07:00,94.2
2025-06-12 13:14:00,6.6
2025-06-12 23:31:00,75.9
2025-06-12 21:39:00,40.1
2025-06-12 07:37:00,1.9
2025-06-12 14:12:00,68.3
2025-06-12 07:43:00,37.5
2025-06-12 02:04:00,50.2
2025-06-12 21:01:00,92.3
2025-06-12 16:49:00,15.1
2025-06-12 22:58:00,67.9
2025-06-12 13:46:00,55.5
2025-06-12 03:25:00,50.1655304792927
2025-06-12 11:53:00,97.2
2025-06-12 03:29:00,32.9
2025-06-12 15:33:00,67.5
2025-06-12 13:42:00,44.6
2025-06-12 17:01:00,50.1655304792927
2025-06-12 12:42:00,50.0
2025-06-12 02:49:00,84.2
2025-06-12 11:53:00,39.8
2025-06-12 19:01:00,55.2
2025-06-12 09:34:00,13.9
2025-06-12 21:57:00,13.0
2025-06-12 04:19:00,85.3
2025-06-12 02:57:00,68.2
2025-06-12 17:31:00,50.16485882352941
2025-06-12 18:36:00,50.16485882352941
2025-06-12 20:34:00,90.4
2025-06-12 01:38:00,57.6
2025-06-12 05:58:00,59.2
2025-06-12 17:59:00,50.16485882352941
2025-06-12 11:47:00,50.16485882352941
2025-06-12 17:08:00,50.16485882352941
2025-06-12 22:39:00,98.1
2025-06-12 15:03:00,6.4
2025-06-12 10:36:00,54.5
2025-06-12 14:41:00,67.3
2025-06-12 00:19:00,99.8
2025-06-12 23:50:00,82.5
2025-06-12 16:58:00,50.16485882352941
2025-06-12 17:30:00,50.16485882352941
2025-06-12 17:33:00,50.16485882352941
2025-06-12 19:51:00,19.6
2025-06-12 10:39:00,38.0
2025-06-12 18:55:00,3.3
2025-06-12 04:10:00,53.3
2025-06-12 03:03:00,28.9
2025-06-12 03:42:00,50.16485882352941
2025-06-12 05:35:00,78.0
2025-06-12 01:40:00,43.4
2025-06-12 19:15:00,74.8
2025-06-12 00:51:00,44.6
2025-06-12 00:49:00,15.7
2025-06-12 09:06:00,63.0
2025-06-12 07:57:00,67.0
2025-06-12 19:07:00,48.0
2025-06-12 00:42:00,99.1
2025-06-12 06:53:00,13.1
2025-06-12 00:52:00,7.9
2025-06-12 04:09:00,59.1
2025-06-12 11:07:00,25.1
2025-06-12 13:18:00,32.7
2025-06-12 10:27:00,3.0
2025-06-12 13:02:00,65.2
2025-06-12 00:09:00,45.9
2025-06-12 02:10:00,74.5
2025-06-12 20:46:00,45.9
2025-06-12 09:07:00,90.2
2025-06-12 21:26:00,35.2
2025-06-12 06:20:00,39.6
2025-06-12 08:43:00,67.5
2025-06-12 14:14:00,70.9
2025-06-12 00:10:00,13.0
2025-06-12 16:11:00,81.9
2025-06-12 03:11:00,48.6
2025-06-12 03:34:00,68.0
2025-06-12 08:21:00,5.9
2025-06-12 21:06:00,79.7
2025-06-12 12:58:00,50.9
2025-06-12 00:10:00,27.0
2025-06-12 12:36:00,50.16485882352941
2025-06-12 07:49:00,41.3
2025-06-12 03:04:00,59.8
2025-06-12 00:58:00,98.5
2025-06-12 16:34:00,63.3
2025-06-12 02:03:00,0.3
2025-06-12 14:09:00,16.7
2025-06-12 03:45:00,19.7
2025-06-12 22:51:00,22.6
2025-06-12 06:10:00,72.0
2025-06-12 15:31:00,29.2
2025-06-12 06:04:00,77.6
2025-06-12 05:28:00,95.1
2025-06-12 09:37:00,26.7
2025-06-12 22:36:00,50.16485882352941
2025-06-12 01:57:00,18.4
2025-06-12 06:20:00,98.9
2025-06-12 22:41:00,50.16485882352941
2025-06-12 01:32:00,85.4
2025-06-12 05:00:00,50.16485882352941
2025-06-12 11:32:00,98.1
2025-06-12 16:15:00,67.7
2025-06-12 01:28:00,86.6
2025-06-12 01:37:00,52.5
2025-06-12 07:40:00,50.1
2025-06-12 04:11:00,2.8
2025-06-12 18:45:00,46.5
2025-06-12 23:21:00,87.8
2025-06-12 20:26:00,24.9
2025-06-12 22:53:00,17.7
2025-06-12 03:23:00,67.4
2025-06-12 10:08:00,54.7
2025-06-12 06:26:00,50.16485882352941
2025-06-12 12:12:00,16.9
2025-06-12 16:11:00,50.16485882352941
2025-06-12 21:45:00,5.3
2025-06-12 03:28:00,84.0
2025-06-12 19:56:00,39.2
2025-06-12 12:26:00,85.8
2025-06-12 07:41:00,38.7
2025-06-12 01:03:00,62.5
2025-06-12 03:37:00,39.7
2025-06-12 20:24:00,50.16485882352941
2025-06-12 04:18:00,70.4
2025-06-12 02:06:00,35.1
2025-06-12 16:40:00,50.16485882352941
2025-06-12 00:25:00,34.4
2025-06-12 07:46:00,17.4
2025-06-12 02:57:00,50.16485882352941
2025-06-12 00:25:00,31.9
2025-06-12 19:09:00,30.8
2025-06-12 09:42:00,65.7
2025-06-12 05:41:00,64.8
2025-06-12 21:48:00,92.8
2025-06-12 23:15:00,17.2
2025-06-12 04:37:00,33.6
2025-06-12 11:02:00,40.7
2025-06-12 07:31:00,90.9
2025-06-12 15:35:00,46.2
2025-06-12 01:00:00,72.6
2025-06-12 23:01:00,65.6
2025-06-12 00:38:00,92.5
2025-06-12 11:17:00,56.7
2025-06-12 06:30:00,53.4
2025-06-12 06:05:00,5.5
2025-06-12 00:15:00,50.16485882352941
2025-06-12 05:57:00,50.16485882352941
2025-06-12 21:34:00,98.1
2025-06-12 17:37:00,66.2
2025-06-12 23:59:00,6.9
2025-06-12 08:38:00,53.2
2025-06-12 07:00:00,44.7
2025-06-12 04:28:00,24.4
2025-06-12 06:08:00,66.9
2025-06-12 12:33:00,87.3
2025-06-12 20:13:00,22.9
2025-06-12 23:38:00,50.16485882352941
2025-06-12 14:47:00,98.1
2025-06-12 20:14:00,96.8
2025-06-12 00:54:00,78.0
2025-06-12 15:34:00,76.8
2025-06-12 00:18:00,20.1
2025-06-12 01:15:00,18.6
2025-06-12 00:16:00,23.4
2025-06-12 19:28:00,3.9
2025-06-12 06:02:00,68.0
2025-06-12 06:27:00,50.16485882352941
2025-06-12 16:49:00,50.16485882352941
2025-06-12 06:25:00,63.3
2025-06-12 18:11:00,50.16485882352941
2025-06-12 02:49:00,29.6
2025-06-12 00:25:00,28.6
2025-06-12 02:46:00,9.5
2025-06-12 16:06:00,40.8
2025-06-12 01:22:00,74.8
2025-06-12 09:39:00,97.7
2025-06-12 18:31:00,50.16485882352941
2025-06-12 08:17:00,50.16485882352941
2025-06-12 00:36:00,49.9
2025-06-12 10:18:00,69.9
2025-06-12 17:32:00,29.0
2025-06-12 06:46:00,21.0
2025-06-12 06:43:00,50.16485882352941
2025-06-12 01:10:00,20.0
2025-06-12 01:40:00,98.0
2025-06-12 06:12:00,14.2
2025-06-12 05:56:00,50.16485882352941
2025-06-12 09:07:00,67.0
2025-06-12 21:42:00,78.6
2025-06-12 01:15:00,15.3
2025-06-12 15:29:00,28.0
2025-06-12 15:50:00,59.3
2025-06-12 08:29:00,50.6
2025-06-12 23:40:00,43.6
2025-06-12 21:46:00,61.4
2025-06-12 20:57:00,69.4
2025-06-12 14:26:00,8.6
2025-06-12 21:49:00,9.9
2025-06-12 20:02:00,68.5
2025-06-12 17:46:00,72.9
2025-06-12 00:23:00,58.5
2025-06-12 03:17:00,50.16485882352941
2025-06-12 10:53:00,40.0
2025-06-12 08:38:00,54.7
2025-06-12 05:36:00,35.9
2025-06-12 09:15:00,95.6
2025-06-12 23:18:00,49.5
2025-06-12 02:34:00,50.8
2025-06-12 07:01:00,22.4
2025-06-12 02:32:00,30.3
2025-06-12 12:50:00,9.5
2025-06-12 08:27:00,99.5
2025-06-12 23:01:00,8.6
2025-06-12 04:13:00,33.3
2025-06-12 16:19:00,88.5
2025-06-12 18:26:00,70.9
2025-06-12 11:48:00,50.16485882352941
2025-06-12 22:43:00,77.8
2025-06-12 03:54:00,45.7
2025-06-12 08:23:00,66.5
2025-06-12 16:57:00,31.4
2025-06-12 19:09:00,60.4
2025-06-12 10:27:00,95.0
2025-06-12 21:35:00,46.0
2025-06-12 00:01:00,84.9
2025-06-12 03:28:00,94.3
2025-06-12 12:59:00,50.16485882352941
2025-06-12 00:12:00,35.7
2025-06-12 19:30:00,45.8
2025-06-12 15:30:00,52.6
2025-06-12 08:35:00,66.0
2025-06-12 08:50:00,50.16485882352941
2025-06-12 07:23:00,87.7
2025-06-12 19:55:00,14.5
2025-06-12 16:07:00,50.16485882352941
2025-06-12 23:36:00,66.9
2025-06-12 16:28:00,88.8
2025-06-12 04:44:00,67.3
2025-06-12 08:10:00,50.16485882352941
2025-06-12 19:55:00,65.2
2025-06-12 11:46:00,70.1
2025-06-12 07:03:00,39.3
2025-06-12 07:14:00,50.16485882352941
2025-06-12 06:34:00,46.8
2025-06-12 23:47:00,91.9
2025-06-12 10:46:00,65.3
2025-06-12 18:53:00,27.1
2025-06-12 00:31:00,7.0
2025-06-12 22:29:00,32.6
2025-06-12 23:24:00,46.0
2025-06-12 22:07:00,15.7
2025-06-12 10:10:00,50.16485882352941
2025-06-12 18:23:00,38.9
2025-06-12 13:56:00,88.8
2025-06-12 03:15:00,19.3
2025-06-12 07:41:00,67.4
2025-06-12 17:35:00,8.6
2025-06-12 09:29:00,34.0
2025-06-12 10:43:00,49.8
2025-06-12 07:02:00,50.16485882352941
2025-06-12 12:51:00,88.0
2025-06-12 19:59:00,22.8
2025-06-12 05:51:00,82.1
2025-06-12 19:11:00,99.9
2025-06-12 18:04:00,76.1
2025-06-12 21:04:00,80.8
2025-06-12 22:24:00,15.1
2025-06-12 17:51:00,44.5
2025-06-12 11:48:00,73.4
2025-06-12 23:03:00,15.2
2025-06-12 01:24:00,71.9
2025-06-12 06:15:00,18.9
2025-06-12 09:01:00,24.1
2025-06-12 07:22:00,29.9
2025-06-12 10:57:00,94.1
2025-06-12 07:48:00,89.1
2025-06-12 16:42:00,71.8
2025-06-12 20:10:00,79.3
2025-06-12 03:37:00,50.16485882352941
2025-06-12 11:28:00,77.3
2025-06-12 07:22:00,50.16485882352941
2025-06-12 07:28:00,45.9
2025-06-12 03:34:00,9.0
2025-06-12 00:35:00,49.8
2025-06-12 12:26:00,20.4
2025-06-12 23:07:00,50.16485882352941
2025-06-12 23:29:00,50.16485882352941
2025-06-12 04:30:00,78.7
2025-06-12 17:52:00,50.16485882352941
2025-06-12 06:03:00,47.3
2025-06-12 06:21:00,95.3
2025-06-12 21:35:00,81.3
2025-06-12 12:50:00,50.16485882352941
2025-06-12 22:45:00,32.0
2025-06-12 09:41:00,50.16485882352941
2025-06-12 04:27:00,79.6
2025-06-12 13:38:00,0.6
2025-06-12 11:42:00,14.7
2025-06-12 20:16:00,24.0
2025-06-12 23:49:00,14.6
2025-06-12 14:00:00,50.16485882352941
2025-06-12 19:31:00,63.3
2025-06-12 05:59:00,67.6
2025-06-12 00:54:00,50.16485882352941
2025-06-12 02:35:00,48.9
2025-06-12 20:20:00,69.3
2025-06-12 00:17:00,16.9
2025-06-12 00:33:00,23.5
2025-06-12 22:04:00,50.16485882352941
2025-06-12 17:20:00,50.16485882352941
2025-06-12 13:44:00,16.2
2025-06-12 02:05:00,18.4
2025-06-12 21:55:00,2.9
2025-06-12 01:17:00,47.9
2025-06-12 20:33:00,82.0
2025-06-12 21:27:00,32.3
2025-06-12 08:39:00,50.16485882352941
2025-06-12 07:58:00,37.7
2025-06-12 00:51:00,77.7
2025-06-12 21:07:00,37.9
2025-06-12 20:53:00,35.5
2025-06-12 17:04:00,84.9
2025-06-12 08:44:00,41.5
2025-06-12 15:40:00,27.5
2025-06-12 16:02:00,31.1
2025-06-12 23:44:00,50.16485882352941
2025-06-12 18:26:00,73.7
2025-06-12 09:46:00,50.16485882352941
2025-06-12 05:57:00,50.16485882352941
2025-06-12 11:56:00,50.16485882352941
2025-06-12 18:15:00,31.0
2025-06-12 16:12:00,50.16485882352941
2025-06-12 04:45:00,64.9
2025-06-12 11:56:00,3.2
2025-06-12 09:00:00,14.9
2025-06-12 11:55:00,69.1
2025-06-12 11:40:00,56.0
2025-06-12 22:20:00,8.3
2025-06-12 21:03:00,16.0
2025-06-12 10:02:00,50.16485882352941
2025-06-12 02:08:00,97.6
2025-06-12 05:30:00,90.7
2025-06-12 08:49:00,4.4
2025-06-12 10:30:00,89.6
2025-06-12 00:13:00,32.5
2025-06-12 22:05:00,13.6
2025-06-12 01:05:00,64.2
2025-06-12 18:27:00,50.16485882352941
2025-06-12 10:17:00,12.1
2025-06-12 13:33:00,50.16485882352941
2025-06-12 13:07:00,50.16485882352941
2025-06-12 10:36:00,58.8
2025-06-12 22:49:00,30.5
2025-06-12 12:59:00,99.0
2025-06-12 04:43:00,78.5
2025-06-12 02:49:00,92.2
2025-06-12 22:31:00,83.1
2025-06-12 19:25:00,78.6
2025-06-12 03:10:00,13.2
2025-06-12 19:51:00,39.7
2025-06-12 06:16:00,50.16485882352941
2025-06-12 06:50:00,50.16485882352941
2025-06-12 07:34:00,77.5
2025-06-12 21:14:00,46.7
2025-06-12 08:34:00,9.5
2025-06-12 21:11:00,1.4
2025-06-12 09:59:00,55.5
2025-06-12 07:05:00,50.9
2025-06-12 20:19:00,49.7
2025-06-12 22:58:00,31.7
2025-06-12 14:36:00,49.40323484760014
2025-06-12 14:54:00,68.6
2025-06-12 09:39:00,25.7
2025-06-12 01:28:00,49.40323484760014
2025-06-12 17:56:00,49.40323484760014
2025-06-12 14:45:00,49.40323484760014
2025-06-12 16:35:00,9.0
2025-06-12 19:05:00,42.8
2025-06-12 19:22:00,52.6
2025-06-12 21:58:00,69.1
2025-06-12 06:43:00,91.4
2025-06-12 08:00:00,62.7
2025-06-12 08:32:00,45.0
2025-06-12 16:49:00,79.9
2025-06-12 04:38:00,33.0
2025-06-12 15:15:00,38.6
2025-06-12 22:58:00,49.40323484760014
2025-06-12 00:01:00,49.40323484760014
2025-06-12 21:08:00,53.4
2025-06-12 08:55:00,84.9
2025-06-12 17:54:00,68.6
2025-06-12 16:54:00,49.40323484760014
2025-06-12 03:36:00,70.3
2025-06-12 17:44:00,29.0
2025-06-12 22:23:00,49.40323484760014
2025-06-12 18:42:00,30.1
2025-06-12 23:25:00,85.4
2025-06-12 23:27:00,59.5
2025-06-12 05:24:00,49.40323484760014
2025-06-12 06:14:00,42.1
2025-06-12 04:56:00,76.0
2025-06-12 06:46:00,14.3
2025-06-12 22:38:00,68.8
2025-06-12 14:28:00,31.8
2025-06-12 09:28:00,33.8
2025-06-12 21:10:00,13.7
2025-06-12 02:39:00,11.0
2025-06-12 17:53:00,6.1
2025-06-12 09:03:00,52.5
2025-06-12 20:13:00,49.40323484760014
2025-06-12 21:06:00,49.40323484760014
2025-06-12 09:13:00,11.1
2025-06-12 05:59:00,50.6
2025-06-12 19:58:00,71.5
2025-06-12 17:50:00,11.8
2025-06-12 11:42:00,48.9
2025-06-12 12:56:00,77.9
2025-06-12 06:01:00,96.6
2025-06-12 04:37:00,40.7
2025-06-12 19:46:00,13.3
2025-06-12 11:10:00,16.6
2025-06-12 13:13:00,96.2
2025-06-12 17:10:00,49.40323484760014
2025-06-12 23:05:00,99.5
2025-06-12 03:28:00,91.3
2025-06-12 06:31:00,64.1
2025-06-12 01:41:00,48.2
2025-06-12 08:46:00,97.5
2025-06-12 14:18:00,22.7
2025-06-12 02:59:00,36.6
2025-06-12 13:50:00,95.5
2025-06-12 16:38:00,28.8
2025-06-12 04:26:00,15.9
2025-06-12 19:00:00,50.3
2025-06-12 00:05:00,70.3
2025-06-12 00:12:00,73.2
2025-06-12 14:55:00,49.40323484760014
2025-06-12 07:56:00,49.40323484760014
2025-06-12 01:44:00,97.8
2025-06-12 06:54:00,13.6
2025-06-12 21:25:00,45.3
2025-06-12 00:16:00,38.6
2025-06-12 13:04:00,56.1
2025-06-12 15:52:00,66.9
2025-06-12 08:08:00,61.3
2025-06-12 03:26:00,95.0
2025-06-12 20:15:00,53.4
2025-06-12 15:24:00,54.6
2025-06-12 03:50:00,88.2
2025-06-12 10:48:00,93.3
2025-06-12 11:14:00,98.1
2025-06-12 08:59:00,50.7
2025-06-12 09:32:00,44.5
2025-06-12 09:07:00,96.6
2025-06-12 21:24:00,39.4
2025-06-12 14:51:00,49.40323484760014
2025-06-12 04:58:00,34.1
2025-06-12 18:08:00,49.40323484760014
2025-06-12 09:53:00,51.2
2025-06-12 23:17:00,76.0
2025-06-12 19:40:00,85.9
2025-06-12 22:15:00,0.7
2025-06-12 08:33:00,81.3
2025-06-12 22:02:00,31.8
2025-06-12 07:32:00,54.7
2025-06-12 10:46:00,49.40323484760014
2025-06-12 20:04:00,72.6
2025-06-12 19:02:00,49.40323484760014
2025-06-12 03:28:00,49.40323484760014
2025-06-12 09:51:00,73.3
2025-06-12 16:03:00,35.7
2025-06-12 22:27:00,58.3
2025-06-12 08:00:00,33.8
2025-06-12 17:51:00,34.8
2025-06-12 01:09:00,79.5
2025-06-12 09:51:00,59.5
2025-06-12 01:56:00,81.0
2025-06-12 05:47:00,92.6
2025-06-12 01:10:00,55.3
2025-06-12 04:25:00,48.8
2025-06-12 22:03:00,62.9
2025-06-12 06:14:00,82.6
2025-06-12 09:18:00,83.4
2025-06-12 23:20:00,49.40323484760014
2025-06-12 11:39:00,70.0
2025-06-12 03:15:00,83.9
2025-06-12 01:04:00,49.40323484760014
2025-06-12 05:17:00,79.6
2025-06-12 00:05:00,13.2
2025-06-12 12:29:00,17.7
2025-06-12 15:35:00,9.7
2025-06-12 06:04:00,8.6
2025-06-12 10:14:00,13.2
2025-06-12 23:58:00,13.3
2025-06-12 01:46:00,64.4
2025-06-12 01:06:00,7.4
2025-06-12 12:37:00,49.1
2025-06-12 17:12:00,44.5
2025-06-12 14:34:00,75.2
2025-06-12 02:34:00,49.0
2025-06-12 09:18:00,12.7
2025-06-12 03:53:00,11.2
2025-06-12 01:33:00,54.4
2025-06-12 20:15:00,65.8
2025-06-12 22:50:00,59.4
2025-06-12 14:09:00,59.7
2025-06-12 08:15:00,61.3
2025-06-12 13:19:00,92.5
2025-06-12 17:23:00,59.5
2025-06-12 22:14:00,19.5
2025-06-12 17:32:00,43.0
2025-06-12 22:28:00,95.8
2025-06-12 14:06:00,49.40323484760014
2025-06-12 19:23:00,49.40323484760014
2025-06-12 08:17:00,42.4
2025-06-12 05:10:00,27.3
2025-06-12 05:50:00,31.3
2025-06-12 06:05:00,17.3
2025-06-12 00:29:00,68.1
2025-06-12 23:45:00,90.9
2025-06-12 19:05:00,3.3
2025-06-12 06:39:00,49.40323484760014
2025-06-12 10:32:00,59.9
2025-06-12 01:22:00,15.5
2025-06-12 08:50:00,6.3
2025-06-12 13:50:00,28.0
2025-06-12 14:11:00,49.40323484760014
2025-06-12 09:16:00,17.9
2025-06-12 12:01:00,33.5
2025-06-12 08:46:00,43.2
2025-06-12 19:21:00,33.7
2025-06-12 20:39:00,23.1
2025-06-12 03:37:00,23.6
2025-06-12 19:31:00,78.2
2025-06-12 17:47:00,49.40323484760014
2025-06-12 03:45:00,12.6
2025-06-12 22:10:00,16.0
2025-06-12 10:36:00,15.5
2025-06-12 09:23:00,6.3
2025-06-12 22:21:00,49.40323484760014
2025-06-12 15:39:00,20.2
2025-06-12 20:41:00,66.3
2025-06-12 04:35:00,70.5
2025-06-12 03:09:00,94.3
2025-06-12 03:26:00,91.2
2025-06-12 21:42:00,22.5
2025-06-12 21:33:00,52.7
2025-06-12 13:56:00,50.3
2025-06-12 08:55:00,4.5
2025-06-12 23:07:00,49.40323484760014
2025-06-12 00:54:00,11.2
2025-06-12 01:22:00,62.8
2025-06-12 04:52:00,87.5
2025-06-12 06:22:00,68.8
2025-06-12 15:19:00,55.4
2025-06-12 13:28:00,76.8
2025-06-12 04:17:00,47.9
2025-06-12 03:29:00,49.40323484760014
2025-06-12 09:45:00,48.6
2025-06-12 11:57:00,54.9
2025-06-12 21:46:00,14.3
2025-06-12 12:14:00,70.2
2025-06-12 10:00:00,47.7
2025-06-12 15:04:00,69.8
2025-06-12 13:18:00,38.1
2025-06-12 11:43:00,64.4
2025-06-12 09:08:00,42.3
2025-06-12 13:44:00,82.1
2025-06-12 06:50:00,86.1
2025-06-12 06:18:00,31.2
2025-06-12 21:19:00,31.6
2025-06-12 21:56:00,31.1
2025-06-12 02:32:00,39.8
2025-06-12 23:52:00,41.5
2025-06-12 14:16:00,18.1
2025-06-12 14:11:00,80.6
2025-06-12 01:24:00,69.1
2025-06-12 11:45:00,49.40323484760014
2025-06-12 01:05:00,76.2
2025-06-12 21:05:00,30.9
2025-06-12 04:16:00,53.3
2025-06-12 22:39:00,49.40323484760014
2025-06-12 11:12:00,64.2
2025-06-12 20:22:00,49.40323484760014
2025-06-12 19:41:00,1.3
2025-06-12 21:13:00,49.40323484760014
2025-06-12 12:02:00,49.40323484760014
2025-06-12 11:17:00,49.40323484760014
2025-06-12 10:28:00,14.1
2025-06-12 09:05:00,84.6
2025-06-12 14:24:00,16.0
2025-06-12 16:12:00,86.2
2025-06-12 20:14:00,6.0
2025-06-12 08:49:00,49.40323484760014
2025-06-12 06:56:00,35.8
2025-06-12 04:59:00,58.1
2025-06-12 20:23:00,49.40323484760014
2025-06-12 18:09:00,93.5
2025-06-12 15:30:00,3.9
2025-06-12 08:13:00,92.9
2025-06-12 09:44:00,94.0
2025-06-12 02:39:00,22.5
2025-06-12 21:18:00,77.2
2025-06-12 19:36:00,88.5
2025-06-12 17:38:00,73.8
2025-06-12 20:17:00,53.3
2025-06-12 05:11:00,47.1
2025-06-12 09:29:00,84.4
2025-06-12 12:05:00,49.40323484760014
2025-06-12 23:40:00,93.2
2025-06-12 09:32:00,19.0
2025-06-12 13:10:00,5.3
2025-06-12 22:14:00,41.1
2025-06-12 23:03:00,91.7
2025-06-12 13:15:00,7.4
2025-06-12 05:57:00,35.4
2025-06-12 06:25:00,77.5
2025-06-12 14:17:00,5.2
2025-06-12 00:50:00,69.6
2025-06-12 15:45:00,62.8
2025-06-12 23:42:00,70.5
2025-06-12 16:08:00,77.5
2025-06-12 11:18:00,24.9
2025-06-12 04:13:00,66.7
2025-06-12 01:47:00,49.8
2025-06-12 19:23:00,63.0
2025-06-12 23:22:00,49.40323484760014
2025-06-12 20:42:00,64.3
2025-06-12 16:08:00,8.3
2025-06-12 05:01:00,97.3
2025-06-12 10:25:00,51.7
2025-06-12 21:47:00,35.0
2025-06-12 03:28:00,48.6
2025-06-12 01:31:00,54.6
2025-06-12 15:16:00,21.1
2025-06-12 13:35:00,14.3
2025-06-12 13:51:00,33.7
2025-06-12 21:06:00,74.3
2025-06-12 00:40:00,86.7
2025-06-12 04:40:00,49.40323484760014
2025-06-12 03:42:00,27.7
2025-06-12 00:30:00,74.8
2025-06-12 18:41:00,83.4
2025-06-12 18:49:00,49.40323484760014
2025-06-12 15:13:00,65.8
2025-06-12 01:35:00,13.7
2025-06-12 07:48:00,49.40323484760014
2025-06-12 17:17:00,54.6
2025-06-12 11:35:00,66.1
2025-06-12 16:25:00,2.6
2025-06-12 22:34:00,86.4
2025-06-12 16:27:00,41.7
2025-06-12 14:55:00,1.3
2025-06-12 14:45:00,50.7
2025-06-12 19:55:00,29.5
2025-06-12 05:19:00,49.40323484760014
2025-06-12 13:47:00,50.4
2025-06-12 03:22:00,7.2
2025-06-12 07:06:00,57.4
2025-06-12 00:18:00,41.8
2025-06-12 17:26:00,58.0
2025-06-12 16:09:00,2.0
2025-06-12 12:27:00,18.8
2025-06-12 06:38:00,49.40323484760014
2025-06-12 07:42:00,21.4
2025-06-12 21:32:00,8.1
2025-06-12 05:42:00,50.6
2025-06-12 08:01:00,52.4
2025-06-12 11:58:00,20.1
2025-06-12 07:43:00,70.1
2025-06-12 16:24:00,48.0
2025-06-12 00:07:00,89.6
2025-06-12 04:17:00,80.6
2025-06-12 04:34:00,75.6
2025-06-12 00:44:00,38.6
2025-06-12 04:15:00,49.40323484760014
2025-06-12 02:09:00,24.7
2025-06-12 01:56:00,13.4
2025-06-12 17:53:00,22.6
2025-06-12 06:18:00,75.1
2025-06-12 12:18:00,51.7
2025-06-12 07:07:00,88.4
2025-06-12 11:55:00,63.8
2025-06-12 23:37:00,9.3
2025-06-12 16:24:00,95.9
2025-06-12 00:30:00,29.0
2025-06-12 23:54:00,39.8
2025-06-12 09:48:00,12.6
2025-06-12 12:18:00,26.3
2025-06-12 05:36:00,91.5
2025-06-12 17:20:00,50.400661703887515
2025-06-12 09:05:00,76.8
2025-06-12 19:03:00,50.400661703887515
2025-06-12 03:13:00,91.9
2025-06-12 08:50:00,56.0
2025-06-12 06:42:00,76.4
2025-06-12 08:22:00,56.1
2025-06-12 03:27:00,73.0
2025-06-12 04:52:00,27.4
2025-06-12 15:56:00,4.1
2025-06-12 05:52:00,75.6
2025-06-12 18:20:00,39.5
2025-06-12 02:20:00,8.4
2025-06-12 11:33:00,27.3
2025-06-12 23:02:00,99.2
2025-06-12 02:36:00,76.8
2025-06-12 23:45:00,93.4
2025-06-12 03:44:00,23.5
2025-06-12 16:34:00,8.0
2025-06-12 21:12:00,79.4
2025-06-12 11:07:00,0.5
2025-06-12 17:50:00,10.8
2025-06-12 23:45:00,52.3
2025-06-12 14:28:00,24.5
2025-06-12 00:41:00,50.400661703887515
2025-06-12 01:21:00,97.1
2025-06-12 09:23:00,23.1
2025-06-12 08:54:00,96.5
2025-06-12 06:38:00,50.400661703887515
2025-06-12 20:18:00,59.4
2025-06-12 20:08:00,3.6
2025-06-12 02:58:00,76.4
2025-06-12 05:22:00,12.0
2025-06-12 07:47:00,50.400661703887515
2025-06-12 22:57:00,71.6
2025-06-12 15:54:00,63.2
2025-06-12 10:10:00,27.2
2025-06-12 18:59:00,95.9
2025-06-12 21:17:00,22.5
2025-06-12 01:36:00,95.2
2025-06-12 19:27:00,39.4
2025-06-12 22:40:00,50.400661703887515
2025-06-12 03:13:00,40.5
2025-06-12 14:56:00,50.400661703887515
2025-06-12 11:10:00,97.9
2025-06-12 09:25:00,74.9
2025-06-12 21:19:00,16.8
2025-06-12 09:13:00,76.3
2025-06-12 22:25:00,91.4
2025-06-12 11:45:00,59.6
2025-06-12 05:19:00,92.2
2025-06-12 22:48:00,20.6
2025-06-12 03:58:00,26.2
2025-06-12 09:12:00,37.0
2025-06-12 06:23:00,88.0
2025-06-12 06:18:00,17.5
2025-06-12 01:20:00,61.6
2025-06-12 22:03:00,75.5
2025-06-12 13:15:00,47.1
2025-06-12 05:00:00,50.400661703887515
2025-06-12 03:22:00,53.9
2025-06-12 16:25:00,14.0
2025-06-12 13:11:00,75.9
2025-06-12 06:37:00,33.1
2025-06-12 13:03:00,50.400661703887515
2025-06-12 07:58:00,88.4
2025-06-12 09:06:00,50.400661703887515
2025-06-12 10:46:00,50.1
2025-06-12 12:17:00,50.400661703887515
2025-06-12 13:46:00,39.7
2025-06-12 14:55:00,66.4
2025-06-12 07:51:00,13.4
2025-06-12 11:25:00,28.9
2025-06-12 13:28:00,17.5
2025-06-12 22:07:00,50.400661703887515
2025-06-12 05:21:00,99.5
2025-06-12 04:39:00,52.2
2025-06-12 08:25:00,20.2
2025-06-12 11:43:00,50.400661703887515
2025-06-12 17:13:00,50.400661703887515
2025-06-12 10:37:00,48.0
2025-06-12 03:25:00,50.8
2025-06-12 13:23:00,70.9
2025-06-12 18:41:00,86.6
2025-06-12 17:01:00,37.4
2025-06-12 22:47:00,80.5
2025-06-12 05:54:00,65.3
2025-06-12 23:31:00,58.3
2025-06-12 11:58:00,18.2
2025-06-12 01:37:00,55.9
2025-06-12 07:46:00,46.0
2025-06-12 08:54:00,50.400661703887515
2025-06-12 20:41:00,97.9
2025-06-12 20:09:00,21.1
2025-06-12 12:21:00,21.9
2025-06-12 10:47:00,50.400661703887515
2025-06-12 05:31:00,36.7
2025-06-12 18:36:00,67.6
2025-06-12 04:51:00,91.7
2025-06-12 03:15:00,25.2
2025-06-12 13:29:00,44.2
2025-06-12 08:13:00,33.0
2025-06-12 12:01:00,33.0
2025-06-12 20:01:00,50.400661703887515
2025-06-12 15:48:00,43.2
2025-06-12 22:49:00,19.4
2025-06-12 23:00:00,81.4
2025-06-12 14:12:00,20.5
2025-06-12 03:37:00,16.6
2025-06-12 19:03:00,77.2
2025-06-12 23:02:00,50.400661703887515
2025-06-12 22:00:00,10.7
2025-06-12 02:12:00,54.0
2025-06-12 13:28:00,63.7
2025-06-12 07:21:00,24.6
2025-06-12 14:53:00,76.0
2025-06-12 06:23:00,12.1
2025-06-12 11:53:00,74.9
2025-06-12 01:12:00,86.5
2025-06-12 17:12:00,97.5
2025-06-12 10:46:00,49.2
2025-06-12 01:09:00,30.6
2025-06-12 04:14:00,50.400661703887515
2025-06-12 07:18:00,20.1
2025-06-12 15:48:00,67.4
2025-06-12 21:39:00,43.7
2025-06-12 13:23:00,86.0
2025-06-12 06:29:00,59.8
2025-06-12 05:59:00,6.1
2025-06-12 09:27:00,10.0
2025-06-12 14:51:00,11.7
2025-06-12 13:08:00,50.400661703887515
2025-06-12 07:59:00,84.0
2025-06-12 11:09:00,67.5
2025-06-12 02:18:00,83.6
2025-06-12 22:38:00,41.6
2025-06-12 22:56:00,27.7
2025-06-12 15:17:00,61.9
2025-06-12 01:11:00,99.1
2025-06-12 15:31:00,50.400661703887515
2025-06-12 21:27:00,50.400661703887515
2025-06-12 22:25:00,50.400661703887515
2025-06-12 21:13:00,42.0
2025-06-12 22:00:00,41.5
2025-06-12 03:39:00,34.9
2025-06-12 13:08:00,59.9
2025-06-12 10:52:00,55.0
2025-06-12 22:10:00,52.3
2025-06-12 03:10:00,50.400661703887515
2025-06-12 04:45:00,16.1
2025-06-12 09:40:00,14.7
2025-06-12 18:47:00,18.7
2025-06-12 21:11:00,11.0
2025-06-12 10:17:00,13.6
2025-06-12 13:25:00,26.3
2025-06-12 09:01:00,47.3
2025-06-12 21:19:00,53.6
2025-06-12 15:30:00,22.3
2025-06-12 07:43:00,47.9
2025-06-12 03:24:00,0.6
2025-06-12 11:06:00,65.3
2025-06-12 00:58:00,50.400661703887515
2025-06-12 05:49:00,27.9
2025-06-12 19:12:00,37.1
2025-06-12 05:41:00,52.2
2025-06-12 06:12:00,40.1
2025-06-12 21:38:00,64.3
2025-06-12 18:22:00,96.4
2025-06-12 10:22:00,68.3
2025-06-12 21:42:00,3.0
2025-06-12 04:54:00,31.7
2025-06-12 04:58:00,56.7
2025-06-12 05:16:00,59.2
2025-06-12 08:26:00,10.6
2025-06-12 13:33:00,74.7
2025-06-12 19:05:00,50.400661703887515
2025-06-12 11:58:00,34.7
2025-06-12 18:56:00,74.4
2025-06-12 10:52:00,67.7
2025-06-12 10:46:00,8.4
2025-06-12 12:06:00,85.8
2025-06-12 14:54:00,15.2
2025-06-12 14:00:00,34.0
2025-06-12 14:45:00,34.7
2025-06-12 07:14:00,15.5
2025-06-12 10:22:00,50.400661703887515
2025-06-12 00:13:00,17.0
2025-06-12 04:24:00,51.0
2025-06-12 00:14:00,82.5
2025-06-12 16:34:00,78.8
2025-06-12 23:25:00,40.7
2025-06-12 15:48:00,80.9
2025-06-12 11:06:00,22.6
2025-06-12 16:18:00,18.8
2025-06-12 09:29:00,88.8
2025-06-12 08:18:00,50.400661703887515
2025-06-12 00:01:00,54.0
2025-06-12 20:15:00,77.4
2025-06-12 23:54:00,15.3
2025-06-12 08:12:00,19.7
2025-06-12 06:28:00,83.1
2025-06-12 21:20:00,56.8
2025-06-12 18:06:00,31.1
2025-06-12 14:31:00,82.7
2025-06-12 02:50:00,27.6
2025-06-12 07:13:00,30.2
2025-06-12 17:13:00,18.5
2025-06-12 04:24:00,50.400661703887515
2025-06-12 09:56:00,91.7
2025-06-12 04:26:00,68.3
2025-06-12 10:54:00,51.9
2025-06-12 13:40:00,7.3
2025-06-12 17:02:00,66.1
2025-06-12 00:58:00,90.0
2025-06-12 15:19:00,50.400661703887515
2025-06-12 11:13:00,70.2
2025-06-12 04:47:00,93.1
2025-06-12 02:19:00,55.5
2025-06-12 01:41:00,50.400661703887515
2025-06-12 03:42:00,46.0
2025-06-12 00:19:00,53.9
2025-06-12 18:04:00,50.400661703887515
2025-06-12 16:29:00,61.7
2025-06-12 00:48:00,50.400661703887515
2025-06-12 13:21:00,90.9
2025-06-12 21:46:00,94.6
2025-06-12 19:52:00,50.400661703887515
2025-06-12 15:20:00,17.5
2025-06-12 15:13:00,48.4
2025-06-12 20:00:00,12.2
2025-06-12 16:03:00,50.400661703887515
2025-06-12 11:52:00,9.6
2025-06-12 16:22:00,20.1
2025-06-12 07:03:00,93.6
2025-06-12 14:37:00,68.9
2025-06-12 00:49:00,1.4
2025-06-12 21:21:00,36.8
2025-06-12 13:19:00,27.6
2025-06-12 06:38:00,51.0
2025-06-12 03:33:00,99.0
2025-06-12 08:27:00,55.9
2025-06-12 23:53:00,12.4
2025-06-12 20:48:00,70.3
2025-06-12 18:05:00,78.0
2025-06-12 03:41:00,41.2
2025-06-12 12:50:00,46.6
2025-06-12 07:51:00,75.8
2025-06-12 08:07:00,32.7
2025-06-12 20:14:00,50.400661703887515
2025-06-12 00:04:00,50.400661703887515
2025-06-12 02:01:00,50.400661703887515
2025-06-12 20:00:00,30.7
2025-06-12 02:23:00,19.7
2025-06-12 19:10:00,74.6
2025-06-12 09:44:00,50.400661703887515
2025-06-12 03:09:00,46.8
2025-06-12 03:02:00,36.2
2025-06-12 19:15:00,81.1
2025-06-12 16:55:00,63.0
2025-06-12 22:28:00,23.0
2025-06-12 12:58:00,50.400661703887515
2025-06-12 01:01:00,50.400661703887515
2025-06-12 18:02:00,82.9
2025-06-12 16:08:00,50.400661703887515
2025-06-12 09:53:00,2.1
2025-06-12 13:07:00,50.400661703887515
2025-06-12 10:41:00,68.7
2025-06-12 12:21:00,29.8
2025-06-12 23:53:00,40.3
2025-06-12 04:56:00,45.8
2025-06-12 15:38:00,50.400661703887515
2025-06-12 12:46:00,46.2
2025-06-12 06:32:00,82.7
2025-06-12 08:57:00,0.0
2025-06-12 12:01:00,51.6
2025-06-12 18:50:00,56.9
2025-06-12 22:17:00,4.5
2025-06-12 06:06:00,89.5
2025-06-12 03:08:00,94.5
2025-06-12 00:24:00,64.5
2025-06-12 05:15:00,85.3
2025-06-12 04:42:00,33.1
2025-06-12 07:39:00,77.2
2025-06-12 10:04:00,71.5
2025-06-12 15:28:00,29.3
2025-06-12 18:33:00,21.9
2025-06-12 01:20:00,81.0
2025-06-12 01:42:00,10.1
2025-06-12 16:57:00,59.9
2025-06-12 05:58:00,40.9
2025-06-12 06:31:00,50.400661703887515
2025-06-12 18:28:00,9.2
2025-06-12 19:14:00,20.0
2025-06-12 19:25:00,39.3
2025-06-12 10:12:00,2.6
2025-06-12 01:37:00,92.1
2025-06-12 07:15:00,10.7
2025-06-12 16:46:00,82.9
2025-06-12 07:38:00,15.5
2025-06-12 04:50:00,52.2
2025-06-12 09:39:00,15.9
2025-06-12 11:00:00,52.4
2025-06-12 21:10:00,14.1
2025-06-12 13:44:00,50.400661703887515
2025-06-12 20:18:00,89.8
2025-06-12 21:40:00,73.9
2025-06-12 07:59:00,24.0
2025-06-12 02:04:00,50.400661703887515
2025-06-12 11:18:00,63.0
2025-06-12 18:22:00,99.2
2025-06-12 17:34:00,3.3
2025-06-12 18:30:00,37.7
2025-06-12 09:06:00,63.3
2025-06-12 01:07:00,73.4
2025-06-12 11:43:00,23.3
2025-06-12 15:13:00,73.9
2025-06-12 01:30:00,3.1
2025-06-12 22:45:00,33.5
2025-06-12 08:53:00,19.6
2025-06-12 02:27:00,50.400661703887515
2025-06-12 06:57:00,97.7
2025-06-12 22:26:00,56.2
2025-06-12 18:02:00,32.2
2025-06-12 07:39:00,29.4
2025-06-12 04:31:00,84.9
2025-06-12 06:08:00,24.2
2025-06-12 09:04:00,62.9
2025-06-12 22:27:00,11.3
2025-06-12 10:56:00,50.400661703887515
2025-06-12 08:22:00,64.4
2025-06-12 11:55:00,93.4
2025-06-12 12:59:00,41.5
2025-06-12 03:32:00,49.84418741885991
2025-06-12 06:54:00,1.0
2025-06-12 15:39:00,19.0
2025-06-12 04:16:00,48.9
2025-06-12 15:19:00,1.4
2025-06-12 06:33:00,82.2
2025-06-12 20:45:00,49.84418741885991
2025-06-12 01:48:00,94.1
2025-06-12 17:55:00,14.5
2025-06-12 02:31:00,46.1
2025-06-12 08:05:00,13.5
2025-06-12 00:33:00,27.4
2025-06-12 10:57:00,84.1
2025-06-12 20:59:00,49.84418741885991
2025-06-12 14:46:00,82.9
2025-06-12 03:47:00,7.4
2025-06-12 03:08:00,49.84418741885991
2025-06-12 22:50:00,49.84418741885991
2025-06-12 06:14:00,6.9
2025-06-12 22:44:00,83.4
2025-06-12 06:59:00,91.0
2025-06-12 15:10:00,2.4
2025-06-12 21:39:00,30.6
2025-06-12 19:08:00,90.7
2025-06-12 07:55:00,32.3
2025-06-12 22:48:00,54.6
2025-06-12 19:39:00,74.8
2025-06-12 01:13:00,49.84418741885991
2025-06-12 20:14:00,49.84418741885991
2025-06-12 03:10:00,62.3
2025-06-12 17:36:00,49.84418741885991
2025-06-12 23:21:00,76.9
2025-06-12 19:44:00,37.9
2025-06-12 03:51:00,80.0
2025-06-12 17:44:00,2.4
2025-06-12 07:11:00,32.9
2025-06-12 08:02:00,66.9
2025-06-12 08:58:00,95.1
2025-06-12 05:56:00,22.9
2025-06-12 20:56:00,73.8
2025-06-12 06:58:00,98.8
2025-06-12 06:11:00,50.0
2025-06-12 16:04:00,68.6
2025-06-12 13:59:00,92.1
2025-06-12 00:50:00,64.8
2025-06-12 09:54:00,74.0
2025-06-12 21:31:00,23.3
2025-06-12 13:15:00,1.6
2025-06-12 20:31:00,43.9
2025-06-12 10:46:00,65.4
2025-06-12 08:36:00,28.0
2025-06-12 14:24:00,23.0
2025-06-12 14:31:00,86.0
2025-06-12 22:11:00,26.0
2025-06-12 16:41:00,49.84418741885991
2025-06-12 01:08:00,34.5
2025-06-12 17:38:00,55.7
2025-06-12 11:46:00,72.5
2025-06-12 13:49:00,39.9
2025-06-12 06:25:00,62.0
2025-06-12 23:46:00,23.3
2025-06-12 09:46:00,86.5
2025-06-12 05:24:00,9.5
2025-06-12 20:59:00,83.9
2025-06-12 10:46:00,74.0
2025-06-12 22:16:00,66.6
2025-06-12 17:53:00,0.5
2025-06-12 19:59:00,57.6
2025-06-12 11:33:00,4.4
2025-06-12 08:26:00,27.9
2025-06-12 11:42:00,32.9
2025-06-12 07:17:00,14.2
2025-06-12 19:04:00,53.6
2025-06-12 13:02:00,41.2
2025-06-12 05:52:00,71.6
2025-06-12 03:02:00,81.8
2025-06-12 20:18:00,92.8
2025-06-12 06:58:00,26.3
2025-06-12 04:29:00,93.1
2025-06-12 14:14:00,49.84418741885991
2025-06-12 01:32:00,49.84418741885991
2025-06-12 19:02:00,49.84418741885991
2025-06-12 23:24:00,9.9
2025-06-12 19:27:00,46.0
2025-06-12 20:53:00,50.2
2025-06-12 15:37:00,49.84418741885991
2025-06-12 09:42:00,96.0
2025-06-12 23:34:00,37.3
2025-06-12 02:01:00,88.6
2025-06-12 22:00:00,46.0
2025-06-12 05:40:00,49.84418741885991
2025-06-12 11:46:00,73.2
2025-06-12 00:10:00,9.0
2025-06-12 06:08:00,49.84418741885991
2025-06-12 18:32:00,92.7
2025-06-12 09:08:00,91.8
2025-06-12 07:46:00,11.4
2025-06-12 08:07:00,57.5
2025-06-12 11:08:00,64.9
2025-06-12 05:08:00,47.0
2025-06-12 04:32:00,49.84418741885991
2025-06-12 07:28:00,94.4
2025-06-12 09:59:00,64.3
2025-06-12 12:27:00,54.0
2025-06-12 16:40:00,49.84418741885991
2025-06-12 02:52:00,32.3
2025-06-12 12:34:00,19.1
2025-06-12 07:27:00,56.9
2025-06-12 11:21:00,47.0
2025-06-12 14:39:00,49.84418741885991
2025-06-12 06:17:00,26.3
2025-06-12 00:46:00,4.4
2025-06-12 06:36:00,98.7
2025-06-12 21:57:00,44.3
2025-06-12 16:29:00,3.2
2025-06-12 00:33:00,84.6
2025-06-12 20:52:00,14.1
2025-06-12 14:11:00,88.2
2025-06-12 07:34:00,68.7
2025-06-12 05:21:00,73.6
2025-06-12 13:55:00,49.84418741885991
2025-06-12 09:18:00,5.8
2025-06-12 01:04:00,30.4
2025-06-12 01:11:00,82.3
2025-06-12 15:18:00,49.84418741885991
2025-06-12 02:54:00,43.5
2025-06-12 11:06:00,9.9
2025-06-12 03:22:00,0.0
2025-06-12 09:18:00,25.9
2025-06-12 14:25:00,95.4
2025-06-12 03:27:00,93.8
2025-06-12 03:39:00,49.84418741885991
2025-06-12 00:11:00,43.6
2025-06-12 20:44:00,68.2
2025-06-12 12:36:00,28.6
2025-06-12 09:17:00,16.5
2025-06-12 06:31:00,13.1
2025-06-12 11:19:00,40.1
2025-06-12 16:02:00,78.8
2025-06-12 09:38:00,11.0
2025-06-12 13:17:00,40.0
2025-06-12 02:26:00,28.9
2025-06-12 01:41:00,92.8
2025-06-12 13:22:00,94.4
2025-06-12 10:12:00,40.8
2025-06-12 09:57:00,78.8
2025-06-12 02:57:00,56.2
2025-06-12 17:44:00,92.6
2025-06-12 11:56:00,0.3
2025-06-12 22:10:00,76.5
2025-06-12 13:30:00,49.2
2025-06-12 06:16:00,31.9
2025-06-12 17:58:00,26.3
2025-06-12 16:36:00,66.6
2025-06-12 19:01:00,64.2
2025-06-12 14:59:00,49.84418741885991
2025-06-12 03:33:00,95.4
2025-06-12 21:29:00,95.4
2025-06-12 06:29:00,82.0
2025-06-12 06:45:00,47.9
2025-06-12 11:27:00,52.6
2025-06-12 19:39:00,49.84418741885991
2025-06-12 23:34:00,65.5
2025-06-12 07:00:00,49.84418741885991
2025-06-12 23:57:00,24.4
2025-06-12 12:05:00,49.84418741885991
2025-06-12 11:57:00,85.7
2025-06-12 21:23:00,19.5
2025-06-12 07:06:00,33.5
2025-06-12 19:32:00,68.1
2025-06-12 01:57:00,47.3
2025-06-12 08:07:00,52.7
2025-06-12 13:01:00,63.9
2025-06-12 01:10:00,7.6
2025-06-12 00:32:00,94.8
2025-06-12 17:40:00,99.8
2025-06-12 13:46:00,57.5
2025-06-12 03:11:00,76.7
2025-06-12 03:51:00,61.8
2025-06-12 11:41:00,60.4
2025-06-12 15:09:00,88.1
2025-06-12 07:41:00,10.5
2025-06-12 08:49:00,34.0
2025-06-12 05:40:00,35.0
2025-06-12 15:44:00,96.2
2025-06-12 06:25:00,49.84418741885991
2025-06-12 06:14:00,39.3
2025-06-12 17:17:00,44.4
2025-06-12 19:06:00,20.2
2025-06-12 05:38:00,67.4
2025-06-12 17:52:00,49.84418741885991
2025-06-12 10:33:00,76.8
2025-06-12 16:35:00,71.7
2025-06-12 01:45:00,51.9
2025-06-12 23:26:00,20.3
2025-06-12 17:17:00,85.4
2025-06-12 16:03:00,17.8
2025-06-12 10:44:00,33.9
2025-06-12 14:14:00,33.5
2025-06-12 18:57:00,49.84418741885991
2025-06-12 01:31:00,67.6
2025-06-12 18:38:00,55.4
2025-06-12 22:33:00,49.84418741885991
2025-06-12 02:50:00,54.3
2025-06-12 16:33:00,49.84418741885991
2025-06-12 13:55:00,31.3
2025-06-12 05:52:00,49.84418741885991
2025-06-12 16:32:00,0.6
2025-06-12 23:20:00,10.7
2025-06-12 19:21:00,7.6
2025-06-12 08:41:00,8.0
2025-06-12 19:06:00,49.84418741885991
2025-06-12 13:36:00,66.3
2025-06-12 22:12:00,65.9
2025-06-12 18:15:00,81.5
2025-06-12 08:36:00,33.1
2025-06-12 15:15:00,49.84418741885991
2025-06-12 11:02:00,77.8
2025-06-12 23:00:00,52.7
2025-06-12 08:38:00,92.9
2025-06-12 20:07:00,58.5
2025-06-12 03:23:00,22.4
2025-06-12 15:24:00,75.4
2025-06-12 14:31:00,98.0
2025-06-12 05:57:00,60.1
2025-06-12 13:37:00,51.1
2025-06-12 19:13:00,25.4
2025-06-12 18:29:00,13.2
2025-06-12 13:24:00,90.8
2025-06-12 02:13:00,49.84418741885991
2025-06-12 15:57:00,99.8
2025-06-12 16:00:00,49.84418741885991
2025-06-12 22:51:00,72.4
2025-06-12 21:22:00,52.2
2025-06-12 07:15:00,63.7
2025-06-12 14:49:00,37.7
2025-06-12 12:22:00,67.9
2025-06-12 22:54:00,13.1
2025-06-12 10:29:00,2.1
2025-06-12 00:45:00,49.84418741885991
2025-06-12 11:55:00,12.3
2025-06-12 23:47:00,49.84418741885991
2025-06-12 18:06:00,73.9
2025-06-12 14:03:00,75.9
2025-06-12 10:58:00,25.6
2025-06-12 06:27:00,46.3
2025-06-12 02:54:00,3.7
2025-06-12 23:35:00,62.1
2025-06-12 06:31:00,47.2
2025-06-12 12:18:00,35.9
2025-06-12 15:49:00,53.4
2025-06-12 21:10:00,60.7
2025-06-12 19:47:00,49.84418741885991
2025-06-12 21:22:00,45.7
2025-06-12 06:26:00,49.84418741885991
2025-06-12 22:34:00,77.2
2025-06-12 05:54:00,66.4
2025-06-12 01:21:00,96.9
2025-06-12 22:26:00,75.4
2025-06-12 20:33:00,30.9
2025-06-12 17:25:00,68.4
2025-06-12 22:45:00,35.6
2025-06-12 02:43:00,38.7
2025-06-12 09:34:00,63.2
2025-06-12 13:12:00,95.1
2025-06-12 20:11:00,29.1
2025-06-12 01:57:00,28.7
2025-06-12 16:16:00,13.8
2025-06-12 06:34:00,37.1
2025-06-12 22:07:00,13.2
2025-06-12 05:32:00,2.0
2025-06-12 12:29:00,32.3
2025-06-12 05:27:00,96.3
2025-06-12 00:34:00,49.84418741885991
2025-06-12 06:41:00,35.1
2025-06-12 19:43:00,20.5
2025-06-12 08:19:00,42.3
2025-06-12 23:08:00,7.3
2025-06-12 04:23:00,29.6
2025-06-12 02:33:00,26.4
2025-06-12 16:34:00,49.84418741885991
2025-06-12 17:50:00,74.6
2025-06-12 21:13:00,52.6
2025-06-12 05:43:00,86.7
2025-06-12 17:31:00,7.8
2025-06-12 09:31:00,10.7
2025-06-12 06:27:00,26.8
2025-06-12 14:14:00,24.4
2025-06-12 00:56:00,55.0
2025-06-12 00:08:00,3.9
2025-06-12 19:00:00,22.9
2025-06-12 18:18:00,49.84418741885991
2025-06-12 16:22:00,35.7
2025-06-12 18:23:00,44.4
2025-06-12 18:27:00,55.2
2025-06-12 16:04:00,96.3
2025-06-12 03:26:00,28.1
2025-06-12 02:53:00,52.9
2025-06-12 09:05:00,54.6
2025-06-12 22:56:00,77.2
2025-06-12 14:04:00,34.0
2025-06-12 14:56:00,96.6
2025-06-12 01:06:00,14.2
2025-06-12 16:16:00,11.3
2025-06-12 10:46:00,65.0
2025-06-12 01:37:00,32.3
2025-06-12 05:07:00,98.1
2025-06-12 02:39:00,38.9
2025-06-12 06:20:00,57.9
2025-06-12 10:50:00,49.84418741885991
2025-06-12 12:31:00,59.9
2025-06-12 01:32:00,43.5
2025-06-12 14:33:00,14.0
2025-06-12 01:14:00,29.3
2025-06-12 18:20:00,94.7
2025-06-12 07:43:00,94.0
2025-06-12 06:28:00,53.7
2025-06-12 05:54:00,89.9
2025-06-12 15:51:00,32.7
2025-06-12 09:51:00,14.0
2025-06-12 07:58:00,64.1
2025-06-12 04:16:00,58.4
2025-06-12 18:59:00,0.6
2025-06-12 18:18:00,58.4
2025-06-12 14:50:00,67.8
2025-06-12 20:01:00,58.5
2025-06-12 06:13:00,3.0
2025-06-12 12:59:00,46.2
2025-06-12 08:01:00,75.6
2025-06-12 21:10:00,18.7
2025-06-12 11:48:00,5.0
2025-06-12 04:37:00,40.1
2025-06-12 13:25:00,59.7
2025-06-12 04:10:00,6.5
2025-06-12 19:06:00,28.0
2025-06-12 04:31:00,61.4
2025-06-12 02:17:00,50.31892714921527
2025-06-12 08:56:00,89.8
2025-06-12 15:39:00,10.0
2025-06-12 04:51:00,54.5
2025-06-12 07:24:00,0.8
2025-06-12 04:19:00,23.2
2025-06-12 01:04:00,65.7
2025-06-12 10:22:00,50.31892714921527
2025-06-12 09:41:00,50.31892714921527
2025-06-12 22:14:00,84.6
2025-06-12 14:31:00,61.6
2025-06-12 22:24:00,4.7
2025-06-12 03:56:00,89.3
2025-06-12 18:14:00,50.31892714921527
2025-06-12 08:30:00,50.31892714921527
2025-06-12 18:00:00,46.8
2025-06-12 13:01:00,94.1
2025-06-12 07:32:00,37.4
2025-06-12 02:46:00,83.4
2025-06-12 06:37:00,64.0
2025-06-12 22:59:00,5.3
2025-06-12 11:49:00,62.1
2025-06-12 17:19:00,50.2
2025-06-12 15:39:00,37.0
2025-06-12 03:56:00,35.2
2025-06-12 10:27:00,32.0
2025-06-12 10:59:00,11.0
2025-06-12 18:32:00,10.0
2025-06-12 06:36:00,66.1
2025-06-12 01:21:00,64.9
2025-06-12 04:43:00,66.1
2025-06-12 16:32:00,62.5
2025-06-12 11:32:00,26.9
2025-06-12 15:36:00,78.6
2025-06-12 05:12:00,19.1
2025-06-12 18:18:00,50.0
2025-06-12 13:31:00,50.31892714921527
2025-06-12 01:30:00,94.9
2025-06-12 08:59:00,26.4
2025-06-12 17:42:00,57.4
2025-06-12 21:13:00,37.8
2025-06-12 08:05:00,60.7
2025-06-12 13:21:00,74.3
2025-06-12 19:03:00,6.7
2025-06-12 03:22:00,83.6
2025-06-12 19:15:00,50.31892714921527
2025-06-12 20:44:00,43.1
2025-06-12 17:28:00,93.3
2025-06-12 11:17:00,44.3
2025-06-12 03:10:00,24.5
2025-06-12 03:11:00,41.2
2025-06-12 01:35:00,50.31892714921527
2025-06-12 14:03:00,88.1
2025-06-12 01:06:00,73.0
2025-06-12 09:29:00,70.9
2025-06-12 00:47:00,17.5
2025-06-12 01:12:00,16.8
2025-06-12 05:16:00,90.7
2025-06-12 02:28:00,35.7
2025-06-12 04:36:00,33.6
2025-06-12 00:41:00,61.0
2025-06-12 21:39:00,61.2
2025-06-12 10:55:00,67.8
2025-06-12 20:22:00,59.2
2025-06-12 00:57:00,21.0
2025-06-12 14:18:00,67.2
2025-06-12 21:11:00,78.6
2025-06-12 23:41:00,51.5
2025-06-12 18:15:00,56.9
2025-06-12 12:45:00,63.1
2025-06-12 14:27:00,46.6
2025-06-12 15:19:00,25.5
2025-06-12 14:03:00,0.5
2025-06-12 08:39:00,73.7
2025-06-12 11:13:00,71.0
2025-06-12 09:45:00,50.31892714921527
2025-06-12 00:26:00,3.1
2025-06-12 03:18:00,4.1
2025-06-12 11:30:00,56.0
2025-06-12 13:29:00,94.7
2025-06-12 05:05:00,61.9
2025-06-12 01:46:00,83.0
2025-06-12 04:42:00,14.1
2025-06-12 08:41:00,50.31892714921527
2025-06-12 21:20:00,32.5
2025-06-12 04:20:00,6.6
2025-06-12 03:21:00,70.6
2025-06-12 18:16:00,91.9
2025-06-12 18:46:00,58.3
2025-06-12 10:09:00,50.31892714921527
2025-06-12 19:43:00,60.1
2025-06-12 14:41:00,85.8
2025-06-12 02:29:00,62.3
2025-06-12 02:07:00,89.1
2025-06-12 11:00:00,74.0
2025-06-12 01:29:00,64.0
2025-06-12 15:28:00,93.9
2025-06-12 02:55:00,5.1
2025-06-12 15:48:00,28.4
2025-06-12 09:39:00,49.9
2025-06-12 22:35:00,15.7
2025-06-12 06:51:00,23.1
2025-06-12 10:12:00,50.31892714921527
2025-06-12 01:47:00,58.2
2025-06-12 01:06:00,20.7
2025-06-12 08:16:00,80.9
2025-06-12 03:23:00,61.9
2025-06-12 08:31:00,38.0
2025-06-12 09:26:00,98.2
2025-06-12 16:15:00,71.4
2025-06-12 12:30:00,95.6
2025-06-12 15:54:00,80.8
2025-06-12 00:24:00,24.3
2025-06-12 20:10:00,84.2
2025-06-12 20:45:00,42.9
2025-06-12 05:33:00,12.9
2025-06-12 00:02:00,50.31892714921527
2025-06-12 10:01:00,96.5
2025-06-12 20:00:00,26.3
2025-06-12 01:07:00,50.31892714921527
2025-06-12 16:05:00,24.7
2025-06-12 05:07:00,55.4
2025-06-12 12:41:00,67.1
2025-06-12 12:20:00,44.7
2025-06-12 19:14:00,4.1
2025-06-12 22:39:00,27.2
2025-06-12 02:23:00,8.7
2025-06-12 10:16:00,49.5
2025-06-12 17:02:00,86.4
2025-06-12 05:37:00,8.6
2025-06-12 03:17:00,15.8
2025-06-12 20:42:00,65.8
2025-06-12 14:40:00,50.31892714921527
2025-06-12 01:05:00,74.3
2025-06-12 00:34:00,99.8
2025-06-12 20:10:00,99.7
2025-06-12 17:02:00,28.3
2025-06-12 13:20:00,92.1
2025-06-12 06:14:00,63.8
2025-06-12 15:26:00,50.31892714921527
2025-06-12 03:16:00,6.4
2025-06-12 11:34:00,50.31892714921527
2025-06-12 03:35:00,39.7
2025-06-12 16:12:00,74.7
2025-06-12 05:51:00,5.4
2025-06-12 19:04:00,36.0
2025-06-12 10:47:00,50.4
2025-06-12 19:27:00,10.3
2025-06-12 11:44:00,50.31892714921527
2025-06-12 17:59:00,50.31892714921527
2025-06-12 08:18:00,51.9
2025-06-12 02:06:00,69.7
2025-06-12 14:29:00,55.4
2025-06-12 03:33:00,74.9
2025-06-12 07:07:00,92.6
2025-06-12 15:05:00,49.8
2025-06-12 18:49:00,80.4
2025-06-12 03:50:00,83.2
2025-06-12 21:03:00,34.8
2025-06-12 09:09:00,37.4
2025-06-12 01:21:00,59.9
2025-06-12 13:29:00,44.2
2025-06-12 08:47:00,8.6
2025-06-12 17:34:00,68.1
2025-06-12 01:22:00,75.9
2025-06-12 18:16:00,44.9
2025-06-12 20:18:00,50.31892714921527
2025-06-12 17:42:00,57.9
2025-06-12 19:29:00,0.9
2025-06-12 04:17:00,87.3
2025-06-12 07:29:00,54.4
2025-06-12 06:39:00,37.0
2025-06-12 04:51:00,56.6
2025-06-12 23:20:00,92.2
2025-06-12 05:40:00,41.4
2025-06-12 04:12:00,49.3
2025-06-12 19:37:00,64.0
2025-06-12 20:42:00,92.0
2025-06-12 10:23:00,91.8
2025-06-12 03:37:00,46.8
2025-06-12 04:56:00,76.6
2025-06-12 09:35:00,50.31892714921527
2025-06-12 17:45:00,72.3
2025-06-12 13:20:00,42.3
2025-06-12 04:43:00,50.31892714921527
2025-06-12 05:43:00,53.7
2025-06-12 14:40:00,32.1
2025-06-12 01:03:00,90.8
2025-06-12 00:55:00,57.8
2025-06-12 11:28:00,74.3
2025-06-12 09:38:00,21.5
2025-06-12 21:42:00,99.7
2025-06-12 13:53:00,59.3
2025-06-12 03:34:00,32.4
2025-06-12 12:16:00,26.1
2025-06-12 11:04:00,50.31892714921527
2025-06-12 06:28:00,53.3
2025-06-12 14:19:00,45.6
2025-06-12 18:23:00,4.9
2025-06-12 04:05:00,68.8
2025-06-12 20:56:00,50.9
2025-06-12 16:37:00,23.0
2025-06-12 17:21:00,7.1
2025-06-12 15:59:00,28.2
2025-06-12 13:37:00,59.5
2025-06-12 00:13:00,86.5
2025-06-12 14:45:00,69.9
2025-06-12 19:57:00,50.31892714921527
2025-06-12 18:27:00,59.4
2025-06-12 08:17:00,68.5
2025-06-12 10:44:00,50.31892714921527
2025-06-12 08:51:00,50.31892714921527
2025-06-12 08:32:00,93.9
2025-06-12 15:35:00,93.8
2025-06-12 06:54:00,50.31892714921527
2025-06-12 06:11:00,56.8
2025-06-12 13:35:00,29.9
2025-06-12 01:07:00,37.3
2025-06-12 21:41:00,97.8
2025-06-12 03:32:00,50.31892714921527
2025-06-12 03:55:00,7.2
2025-06-12 08:27:00,40.0
2025-06-12 18:30:00,8.9
2025-06-12 23:17:00,77.0
2025-06-12 02:22:00,63.8
2025-06-12 21:18:00,24.6
2025-06-12 08:56:00,58.5
2025-06-12 15:19:00,50.31892714921527
2025-06-12 07:06:00,50.31892714921527
2025-06-12 13:17:00,54.1
2025-06-12 13:22:00,85.3
2025-06-12 10:30:00,86.6
2025-06-12 07:55:00,50.31892714921527
2025-06-12 20:53:00,50.31892714921527
2025-06-12 04:22:00,13.3
2025-06-12 00:22:00,71.6
2025-06-12 15:31:00,92.3
2025-06-12 02:22:00,24.3
2025-06-12 17:00:00,67.3
2025-06-12 18:35:00,30.4
2025-06-12 06:10:00,50.31892714921527
2025-06-12 03:08:00,1.9
2025-06-12 04:41:00,70.7
2025-06-12 06:55:00,71.7
2025-06-12 01:59:00,50.31892714921527
2025-06-12 15:38:00,45.2
2025-06-12 10:35:00,50.31892714921527
2025-06-12 14:05:00,41.8
2025-06-12 19:39:00,61.7
2025-06-12 16:54:00,46.7
2025-06-12 11:34:00,67.6
2025-06-12 13:21:00,58.4
2025-06-12 13:00:00,45.5
2025-06-12 21:33:00,91.5
2025-06-12 15:17:00,50.31892714921527
2025-06-12 16:16:00,95.6
2025-06-12 08:27:00,45.2
2025-06-12 18:58:00,62.3
2025-06-12 12:33:00,87.3
2025-06-12 00:46:00,97.3
2025-06-12 06:32:00,61.8
2025-06-12 02:22:00,35.5
2025-06-12 20:38:00,12.6
2025-06-12 01:14:00,36.4
2025-06-12 11:00:00,56.0
2025-06-12 10:04:00,43.2
2025-06-12 08:44:00,4.0
2025-06-12 22:59:00,75.6
2025-06-12 23:13:00,17.4
2025-06-12 11:54:00,31.6
2025-06-12 14:45:00,50.2
2025-06-12 07:10:00,12.6
2025-06-12 19:36:00,63.6
2025-06-12 20:18:00,4.9
2025-06-12 02:53:00,50.31892714921527
2025-06-12 20:11:00,50.31892714921527
2025-06-12 03:14:00,98.3
2025-06-12 08:58:00,12.3
2025-06-12 15:51:00,14.6
2025-06-12 15:19:00,57.5
2025-06-12 05:31:00,40.5
2025-06-12 10:00:00,15.6
2025-06-12 01:53:00,60.9
2025-06-12 07:29:00,30.1
2025-06-12 10:15:00,91.7
2025-06-12 06:37:00,60.6
2025-06-12 00:39:00,98.3
2025-06-12 05:47:00,97.8
2025-06-12 16:13:00,77.0
2025-06-12 04:34:00,29.0
2025-06-12 18:50:00,50.31892714921527
2025-06-12 11:22:00,88.6
2025-06-12 05:16:00,17.5
2025-06-12 04:40:00,24.7
2025-06-12 11:34:00,14.1
2025-06-12 15:32:00,1.8
2025-06-12 16:25:00,41.3
2025-06-12 17:47:00,10.2
2025-06-12 19:29:00,50.31892714921527
2025-06-12 00:52:00,52.2
2025-06-12 14:12:00,30.9
2025-06-12 00:06:00,33.6
2025-06-12 03:48:00,95.7
2025-06-12 11:36:00,64.2
2025-06-12 14:09:00,43.7
2025-06-12 16:54:00,86.2
2025-06-12 22:52:00,68.4
2025-06-12 03:16:00,50.31892714921527
2025-06-12 06:06:00,50.31892714921527
2025-06-12 22:12:00,11.3
2025-06-12 00:25:00,50.31892714921527
2025-06-12 21:57:00,33.0
2025-06-12 14:20:00,41.9
2025-06-12 18:40:00,25.7
2025-06-12 21:54:00,62.9
2025-06-12 14:19:00,87.9
2025-06-12 23:50:00,36.5
2025-06-12 07:36:00,27.5
2025-06-12 17:09:00,9.6
2025-06-12 15:55:00,19.0
2025-06-12 06:30:00,54.9
2025-06-12 02:11:00,55.4
2025-06-12 11:31:00,68.1
2025-06-12 22:08:00,52.4
2025-06-12 23:14:00,98.1
2025-06-12 01:37:00,60.6
2025-06-12 19:49:00,46.6
2025-06-12 03:20:00,45.1
2025-06-12 07:53:00,83.9
2025-06-12 11:22:00,14.4
2025-06-12 22:00:00,51.6
2025-06-12 23:40:00,50.31892714921527
2025-06-12 14:51:00,53.4
2025-06-12 23:15:00,54.2
2025-06-12 13:03:00,50.31892714921527
2025-06-12 11:53:00,91.3
2025-06-12 12:49:00,68.9
2025-06-12 23:20:00,15.0
2025-06-12 19:13:00,7.5
2025-06-12 18:35:00,17.0
2025-06-12 17:30:00,78.4
2025-06-12 22:53:00,50.31892714921527
2025-06-12 16:01:00,76.6
2025-06-12 19:23:00,19.1
2025-06-12 09:39:00,95.3
2025-06-12 16:11:00,6.5
2025-06-12 01:51:00,67.3
2025-06-12 22:50:00,64.2
2025-06-12 03:46:00,69.0
2025-06-12 03:51:00,50.31892714921527
2025-06-12 01:12:00,27.2
2025-06-12 10:21:00,26.8
2025-06-12 01:59:00,50.31892714921527
2025-06-12 01:30:00,24.8
2025-06-12 11:18:00,36.5
2025-06-12 15:08:00,1.1
2025-06-12 23:05:00,50.9
2025-06-12 11:38:00,25.6
2025-06-12 19:16:00,96.0
2025-06-12 19:58:00,99.4
2025-06-12 01:00:00,42.7
2025-06-12 06:33:00,57.1
2025-06-12 14:43:00,97.9
2025-06-12 22:10:00,20.7
2025-06-12 14:38:00,43.7
2025-06-12 09:36:00,88.3
2025-06-12 23:30:00,96.6
2025-06-12 20:07:00,31.1
2025-06-12 20:02:00,8.3
2025-06-12 22:17:00,6.1
2025-06-12 06:43:00,88.8
2025-06-12 17:34:00,30.3
2025-06-12 11:04:00,49.91221338324755
2025-06-12 09:03:00,70.6
2025-06-12 07:51:00,9.1
2025-06-12 07:28:00,23.8
2025-06-12 10:03:00,77.0
2025-06-12 00:04:00,5.4
2025-06-12 14:25:00,42.8
2025-06-12 19:09:00,8.4
2025-06-12 16:40:00,30.0
2025-06-12 16:19:00,34.8
2025-06-12 01:15:00,0.3
2025-06-12 15:42:00,88.4
2025-06-12 02:46:00,5.9
2025-06-12 14:23:00,75.2
2025-06-12 03:40:00,55.7
2025-06-12 22:49:00,57.5
2025-06-12 14:37:00,49.91221338324755
2025-06-12 10:02:00,59.9
2025-06-12 18:33:00,53.7
2025-06-12 08:05:00,47.0
2025-06-12 05:19:00,17.0
2025-06-12 09:06:00,49.91221338324755
2025-06-12 12:44:00,21.3
2025-06-12 01:07:00,33.8
2025-06-12 05:46:00,49.91221338324755
2025-06-12 22:03:00,18.4
2025-06-12 22:01:00,89.7
2025-06-12 14:44:00,47.6
2025-06-12 05:25:00,96.6
2025-06-12 15:43:00,51.1
2025-06-12 06:58:00,63.5
2025-06-12 03:25:00,14.3
2025-06-12 10:26:00,97.7
2025-06-12 07:12:00,39.8
2025-06-12 19:06:00,98.2
2025-06-12 21:04:00,28.6
2025-06-12 18:28:00,4.3
2025-06-12 15:03:00,51.5
2025-06-12 20:47:00,65.4
2025-06-12 17:06:00,31.4
2025-06-12 18:58:00,49.91221338324755
2025-06-12 01:21:00,46.7
2025-06-12 19:12:00,29.9
2025-06-12 06:18:00,90.5
2025-06-12 23:47:00,13.7
2025-06-12 23:20:00,9.4
2025-06-12 01:03:00,49.0
2025-06-12 13:03:00,5.7
2025-06-12 17:07:00,89.0
2025-06-12 04:58:00,97.1
2025-06-12 07:59:00,89.9
2025-06-12 09:00:00,9.9
2025-06-12 20:10:00,49.1
2025-06-12 11:01:00,22.5
2025-06-12 00:42:00,12.0
2025-06-12 22:24:00,18.3
2025-06-12 00:22:00,22.0
2025-06-12 17:44:00,9.8
2025-06-12 09:06:00,59.0
2025-06-12 23:11:00,83.0
2025-06-12 19:03:00,15.6
2025-06-12 05:06:00,15.2
2025-06-12 21:38:00,49.91221338324755
2025-06-12 07:12:00,96.5
2025-06-12 17:37:00,41.5
2025-06-12 04:56:00,3.6
2025-06-12 03:10:00,14.6
2025-06-12 23:35:00,49.91221338324755
2025-06-12 11:34:00,42.5
2025-06-12 06:02:00,49.91221338324755
2025-06-12 07:35:00,87.0
2025-06-12 04:12:00,90.2
2025-06-12 02:32:00,0.2
2025-06-12 14:38:00,83.1
2025-06-12 04:37:00,86.7
2025-06-12 15:05:00,9.3
2025-06-12 10:33:00,6.1
2025-06-12 01:38:00,39.4
2025-06-12 01:55:00,49.91221338324755
2025-06-12 01:01:00,13.4
2025-06-12 10:12:00,49.91221338324755
2025-06-12 08:14:00,99.5
2025-06-12 21:45:00,42.2
2025-06-12 09:42:00,49.91221338324755
2025-06-12 12:48:00,61.5
2025-06-12 12:03:00,62.3
2025-06-12 06:05:00,35.0
2025-06-12 23:13:00,20.5
2025-06-12 15:47:00,16.0
2025-06-12 08:19:00,32.4
2025-06-12 18:07:00,33.3
2025-06-12 15:28:00,49.91221338324755
2025-06-12 03:20:00,11.5
2025-06-12 16:44:00,6.3
2025-06-12 16:48:00,34.8
2025-06-12 17:17:00,89.7
2025-06-12 01:11:00,42.4
2025-06-12 00:58:00,28.2
2025-06-12 12:15:00,6.8
2025-06-12 07:21:00,89.6
2025-06-12 21:06:00,35.9
2025-06-12 04:50:00,49.91221338324755
2025-06-12 05:14:00,23.9
2025-06-12 21:57:00,49.91221338324755
2025-06-12 06:10:00,26.5
2025-06-12 05:27:00,91.6
2025-06-12 18:24:00,61.3
2025-06-12 15:57:00,98.2
2025-06-12 23:04:00,98.3
2025-06-12 10:03:00,60.3
2025-06-12 15:00:00,64.7
2025-06-12 17:59:00,46.3
2025-06-12 00:18:00,62.0
2025-06-12 00:52:00,49.91221338324755
2025-06-12 15:50:00,41.5
2025-06-12 18:09:00,41.6
2025-06-12 07:00:00,80.6
2025-06-12 07:11:00,80.1
2025-06-12 08:15:00,58.3
2025-06-12 10:12:00,93.7
2025-06-12 14:33:00,49.91221338324755
2025-06-12 17:45:00,75.1
2025-06-12 18:04:00,93.9
2025-06-12 08:47:00,74.6
2025-06-12 14:06:00,57.6
2025-06-12 22:19:00,86.7
2025-06-12 17:23:00,41.5
2025-06-12 08:08:00,18.1
2025-06-12 21:32:00,39.8
2025-06-12 11:46:00,92.5
2025-06-12 07:46:00,94.2
2025-06-12 12:12:00,99.7
2025-06-12 10:03:00,36.3
2025-06-12 18:11:00,24.0
2025-06-12 08:58:00,49.91221338324755
2025-06-12 13:15:00,27.0
2025-06-12 19:41:00,78.9
2025-06-12 08:04:00,49.91221338324755
2025-06-12 01:25:00,49.91221338324755
2025-06-12 11:10:00,22.2
2025-06-12 02:08:00,35.9
2025-06-12 07:36:00,23.4
2025-06-12 09:14:00,31.3
2025-06-12 00:25:00,71.6
2025-06-12 16:55:00,47.3
2025-06-12 21:58:00,22.0
2025-06-12 20:12:00,49.91221338324755
2025-06-12 12:26:00,58.5
2025-06-12 17:47:00,78.1
2025-06-12 04:18:00,68.8
2025-06-12 09:55:00,46.2
2025-06-12 22:01:00,49.91221338324755
2025-06-12 02:47:00,20.1
2025-06-12 01:31:00,86.7
2025-06-12 10:57:00,63.0
2025-06-12 04:25:00,64.7
2025-06-12 22:40:00,67.9
2025-06-12 10:07:00,49.91221338324755
2025-06-12 13:44:00,79.9
2025-06-12 18:54:00,49.91221338324755
2025-06-12 08:41:00,49.91221338324755
2025-06-12 21:46:00,0.7
2025-06-12 15:36:00,54.9
2025-06-12 16:07:00,49.91221338324755
2025-06-12 10:43:00,53.5
2025-06-12 12:33:00,5.0
2025-06-12 11:21:00,38.8
2025-06-12 01:07:00,13.7
2025-06-12 15:23:00,16.2
2025-06-12 17:41:00,88.1
2025-06-12 20:11:00,69.5
2025-06-12 23:37:00,28.4
2025-06-12 11:21:00,84.5
2025-06-12 03:15:00,49.91221338324755
2025-06-12 03:20:00,55.5
2025-06-12 15:17:00,24.8
2025-06-12 13:43:00,41.8
2025-06-12 10:33:00,38.9
2025-06-12 15:51:00,16.9
2025-06-12 23:59:00,10.8
2025-06-12 05:52:00,72.8
2025-06-12 09:47:00,44.8
2025-06-12 16:11:00,83.1
2025-06-12 13:21:00,59.1
2025-06-12 11:37:00,25.1
2025-06-12 02:43:00,49.91221338324755
2025-06-12 16:23:00,17.3
2025-06-12 21:08:00,76.6
2025-06-12 15:48:00,94.7
2025-06-12 03:29:00,95.9
2025-06-12 17:05:00,96.7
2025-06-12 11:36:00,82.6
2025-06-12 10:21:00,49.91221338324755
2025-06-12 09:29:00,80.4
2025-06-12 04:16:00,26.1
2025-06-12 05:38:00,83.9
2025-06-12 17:15:00,43.0
2025-06-12 15:13:00,41.6
2025-06-12 07:57:00,88.5
2025-06-12 21:49:00,66.0
2025-06-12 18:51:00,49.91221338324755
2025-06-12 23:01:00,94.0
2025-06-12 14:33:00,85.1
2025-06-12 15:59:00,52.1
2025-06-12 01:54:00,92.2
2025-06-12 19:28:00,55.4
2025-06-12 21:01:00,26.0
2025-06-12 14:07:00,88.6
2025-06-12 22:41:00,52.7
2025-06-12 06:22:00,31.1
2025-06-12 02:36:00,49.91221338324755
2025-06-12 04:22:00,81.4
2025-06-12 14:30:00,91.1
2025-06-12 19:01:00,97.6
2025-06-12 09:59:00,27.6
2025-06-12 18:24:00,92.6
2025-06-12 13:30:00,67.3
2025-06-12 15:27:00,49.91221338324755
2025-06-12 22:10:00,8.7
2025-06-12 19:51:00,67.5
2025-06-12 10:02:00,25.0
2025-06-12 01:56:00,12.0
2025-06-12 20:40:00,49.91221338324755
2025-06-12 23:58:00,49.91221338324755
2025-06-12 15:07:00,53.3
2025-06-12 22:57:00,32.2
2025-06-12 19:55:00,25.7
2025-06-12 13:09:00,49.91221338324755
2025-06-12 00:17:00,68.6
2025-06-12 16:42:00,87.6
2025-06-12 02:08:00,26.5
2025-06-12 19:59:00,48.6
2025-06-12 04:22:00,49.91221338324755
2025-06-12 07:18:00,48.5
2025-06-12 13:15:00,63.7
2025-06-12 07:30:00,49.91221338324755
2025-06-12 00:27:00,79.0
2025-06-12 09:23:00,76.1
2025-06-12 14:47:00,83.2
2025-06-12 19:36:00,49.91221338324755
2025-06-12 14:29:00,69.3
2025-06-12 19:14:00,37.5
2025-06-12 19:07:00,47.6
2025-06-12 14:24:00,10.4
2025-06-12 21:46:00,18.2
2025-06-12 11:38:00,15.6
2025-06-12 21:43:00,7.6
2025-06-12 12:05:00,5.1
2025-06-12 22:01:00,71.2
2025-06-12 02:53:00,13.2
2025-06-12 04:40:00,39.4
2025-06-12 03:32:00,26.7
2025-06-12 09:46:00,49.91221338324755
2025-06-12 23:19:00,53.4
2025-06-12 23:03:00,81.2
2025-06-12 05:19:00,0.8
2025-06-12 13:15:00,86.8
2025-06-12 11:14:00,49.91221338324755
2025-06-12 13:20:00,0.6
2025-06-12 16:19:00,49.91221338324755
2025-06-12 22:31:00,35.6
2025-06-12 12:43:00,45.9
2025-06-12 06:16:00,49.91221338324755
2025-06-12 07:03:00,95.9
2025-06-12 15:07:00,58.3
2025-06-12 08:28:00,39.4
2025-06-12 16:01:00,90.6
2025-06-12 04:53:00,26.0
2025-06-12 22:18:00,40.5
2025-06-12 18:18:00,52.7
2025-06-12 07:52:00,12.6
2025-06-12 20:12:00,6.7
2025-06-12 22:21:00,73.5
2025-06-12 21:11:00,97.0
2025-06-12 14:58:00,35.8
2025-06-12 02:02:00,47.3
2025-06-12 16:48:00,76.0
2025-06-12 08:33:00,15.2
2025-06-12 08:29:00,33.0
2025-06-12 07:43:00,45.6
2025-06-12 06:58:00,49.91221338324755
2025-06-12 21:52:00,57.7
2025-06-12 14:51:00,17.9
2025-06-12 07:44:00,59.9
2025-06-12 21:02:00,3.0
2025-06-12 23:16:00,68.1
2025-06-12 10:22:00,68.2
2025-06-12 06:24:00,80.2
2025-06-12 00:27:00,89.9
2025-06-12 21:30:00,12.1
2025-06-12 18:55:00,39.5
2025-06-12 00:18:00,11.0
2025-06-12 19:41:00,59.9
2025-06-12 09:38:00,41.5
2025-06-12 12:05:00,1.7
2025-06-12 08:01:00,34.1
2025-06-12 02:31:00,49.91221338324755
2025-06-12 19:03:00,13.8
2025-06-12 03:02:00,4.4
2025-06-12 21:43:00,66.7
2025-06-12 06:22:00,28.4
2025-06-12 11:07:00,44.9
2025-06-12 10:42:00,3.6
2025-06-12 07:28:00,12.3
2025-06-12 01:33:00,0.4
2025-06-12 19:02:00,85.4
2025-06-12 16:45:00,8.2
2025-06-12 06:41:00,45.2
2025-06-12 03:20:00,80.8
2025-06-12 02:27:00,77.3
2025-06-12 07:25:00,49.91221338324755
2025-06-12 23:46:00,37.9
2025-06-12 10:13:00,49.91221338324755
2025-06-12 12:15:00,49.91221338324755
2025-06-12 11:04:00,49.91221338324755
2025-06-12 17:41:00,65.4
2025-06-12 14:32:00,26.3
2025-06-12 16:06:00,52.5
2025-06-12 13:16:00,96.1
2025-06-12 16:22:00,95.3
2025-06-12 16:32:00,75.3
2025-06-12 22:01:00,76.9
2025-06-12 21:47:00,50.557353635505194
2025-06-12 10:30:00,14.0
2025-06-12 22:29:00,77.2
2025-06-12 03:37:00,52.2
2025-06-12 22:03:00,47.4
2025-06-12 06:22:00,1.9
2025-06-12 12:19:00,93.7
2025-06-12 11:25:00,52.0
2025-06-12 11:37:00,29.1
2025-06-12 08:17:00,70.3
2025-06-12 11:08:00,90.6
2025-06-12 00:54:00,80.8
2025-06-12 06:36:00,4.1
2025-06-12 20:36:00,96.2
2025-06-12 10:52:00,10.7
2025-06-12 07:44:00,28.7
2025-06-12 13:38:00,45.2
2025-06-12 01:07:00,18.6
2025-06-12 15:00:00,70.1
2025-06-12 10:58:00,64.2
2025-06-12 19:54:00,5.5
2025-06-12 23:52:00,34.9
2025-06-12 02:35:00,58.5
2025-06-12 16:41:00,54.2
2025-06-12 19:36:00,38.6
2025-06-12 03:22:00,46.8
2025-06-12 18:13:00,32.7
2025-06-12 00:18:00,17.9
2025-06-12 22:52:00,33.7
2025-06-12 16:20:00,88.8
2025-06-12 12:05:00,43.9
2025-06-12 05:42:00,68.7
2025-06-12 00:58:00,94.4
2025-06-12 17:16:00,74.2
2025-06-12 10:40:00,58.0
2025-06-12 18:56:00,76.2
2025-06-12 01:10:00,79.3
2025-06-12 02:36:00,47.9
2025-06-12 02:49:00,50.557353635505194
2025-06-12 10:56:00,84.1
2025-06-12 15:06:00,50.557353635505194
2025-06-12 04:31:00,9.6
2025-06-12 02:57:00,50.557353635505194
2025-06-12 01:19:00,58.6
2025-06-12 06:43:00,5.8
2025-06-12 03:07:00,40.0
2025-06-12 04:08:00,4.6
2025-06-12 18:31:00,25.0
2025-06-12 15:38:00,50.557353635505194
2025-06-12 02:27:00,2.1
2025-06-12 07:33:00,34.1
2025-06-12 03:29:00,18.9
2025-06-12 23:29:00,52.7
2025-06-12 15:25:00,1.4
2025-06-12 04:30:00,50.557353635505194
2025-06-12 12:33:00,42.8
2025-06-12 10:25:00,57.5
2025-06-12 02:58:00,83.1
2025-06-12 19:05:00,50.557353635505194
2025-06-12 01:57:00,47.7
2025-06-12 15:02:00,42.7
2025-06-12 01:00:00,15.4
2025-06-12 04:42:00,68.9
2025-06-12 18:27:00,1.2
2025-06-12 10:27:00,50.557353635505194
2025-06-12 00:56:00,84.6
2025-06-12 17:08:00,38.4
2025-06-12 16:20:00,64.5
2025-06-12 21:31:00,24.4
2025-06-12 00:05:00,82.2
2025-06-12 06:40:00,75.8
2025-06-12 06:25:00,5.1
2025-06-12 14:15:00,96.5
2025-06-12 13:50:00,85.9
2025-06-12 23:54:00,23.2
2025-06-12 13:52:00,34.0
2025-06-12 09:22:00,19.3
2025-06-12 05:54:00,6.5
2025-06-12 00:53:00,60.5
2025-06-12 13:10:00,5.7
2025-06-12 23:01:00,50.557353635505194
2025-06-12 21:15:00,13.4
2025-06-12 05:09:00,50.557353635505194
2025-06-12 16:26:00,32.0
2025-06-12 07:44:00,79.5
2025-06-12 05:56:00,50.557353635505194
2025-06-12 01:58:00,26.9
2025-06-12 00:15:00,41.8
2025-06-12 20:01:00,6.1
2025-06-12 03:57:00,9.0
2025-06-12 03:16:00,63.5
2025-06-12 10:17:00,72.3
2025-06-12 17:46:00,90.3
2025-06-12 18:28:00,2.3
2025-06-12 11:38:00,50.557353635505194
2025-06-12 02:59:00,22.6
2025-06-12 10:02:00,50.557353635505194
2025-06-12 02:45:00,80.5
2025-06-12 22:40:00,93.2
2025-06-12 10:34:00,73.2
2025-06-12 12:05:00,34.9
2025-06-12 17:02:00,22.3
2025-06-12 04:37:00,35.7
2025-06-12 02:05:00,67.2
2025-06-12 16:14:00,15.4
2025-06-12 13:42:00,50.557353635505194
2025-06-12 07:57:00,2.3
2025-06-12 12:18:00,56.7
2025-06-12 21:12:00,19.1
2025-06-12 04:29:00,4.7
2025-06-12 22:55:00,23.9
2025-06-12 15:51:00,56.5
2025-06-12 11:41:00,30.9
2025-06-12 13:10:00,8.2
2025-06-12 12:24:00,5.9
2025-06-12 12:08:00,54.5
2025-06-12 15:20:00,81.1
2025-06-12 20:43:00,64.1
2025-06-12 08:21:00,50.557353635505194
2025-06-12 01:02:00,84.6
2025-06-12 02:40:00,7.4
2025-06-12 06:06:00,87.2
2025-06-12 01:19:00,55.6
2025-06-12 00:30:00,10.5
2025-06-12 03:45:00,88.7
2025-06-12 02:33:00,66.0
2025-06-12 09:24:00,50.557353635505194
2025-06-12 07:40:00,22.5
2025-06-12 07:59:00,50.557353635505194
2025-06-12 18:35:00,60.1
2025-06-12 09:01:00,50.557353635505194
2025-06-12 19:40:00,44.5
2025-06-12 19:39:00,94.6
2025-06-12 20:52:00,92.3
2025-06-12 13:38:00,28.4
2025-06-12 04:56:00,5.1
2025-06-12 03:00:00,47.5
2025-06-12 13:54:00,28.3
2025-06-12 08:59:00,99.6
2025-06-12 14:42:00,99.8
2025-06-12 00:34:00,1.1
2025-06-12 10:35:00,79.5
2025-06-12 10:17:00,50.557353635505194
2025-06-12 15:15:00,45.2
2025-06-12 09:53:00,50.557353635505194
2025-06-12 09:46:00,50.557353635505194
2025-06-12 06:27:00,57.0
2025-06-12 06:23:00,25.8
2025-06-12 10:47:00,61.0
2025-06-12 04:32:00,50.557353635505194
2025-06-12 06:21:00,6.9
2025-06-12 04:23:00,92.1
2025-06-12 08:55:00,24.9
2025-06-12 11:10:00,32.7
2025-06-12 00:26:00,86.3
2025-06-12 10:22:00,50.4
2025-06-12 21:03:00,99.1
2025-06-12 03:46:00,50.557353635505194
2025-06-12 13:11:00,26.4
2025-06-12 12:14:00,10.4
2025-06-12 04:29:00,59.4
2025-06-12 03:10:00,60.3
2025-06-12 04:44:00,18.8
2025-06-12 21:37:00,3.7
2025-06-12 15:21:00,1.9
2025-06-12 06:39:00,22.7
2025-06-12 08:25:00,58.0
2025-06-12 02:46:00,50.557353635505194
2025-06-12 19:49:00,50.557353635505194
2025-06-12 20:38:00,33.9
2025-06-12 03:54:00,94.3
2025-06-12 22:54:00,50.557353635505194
2025-06-12 23:03:00,97.2
2025-06-12 02:54:00,41.1
2025-06-12 17:39:00,83.3
2025-06-12 11:00:00,12.8
2025-06-12 18:11:00,29.0
2025-06-12 14:59:00,11.5
2025-06-12 14:14:00,77.4
2025-06-12 09:27:00,47.9
2025-06-12 23:30:00,50.557353635505194
2025-06-12 06:09:00,23.5
2025-06-12 12:08:00,6.7
2025-06-12 23:44:00,50.557353635505194
2025-06-12 07:49:00,22.9
2025-06-12 04:07:00,28.9
2025-06-12 20:28:00,36.4
2025-06-12 05:53:00,98.6
2025-06-12 01:21:00,50.557353635505194
2025-06-12 12:48:00,82.3
2025-06-12 20:59:00,50.557353635505194
2025-06-12 20:05:00,81.5
2025-06-12 07:12:00,41.4
2025-06-12 16:40:00,85.6
2025-06-12 14:57:00,32.8
2025-06-12 00:55:00,49.0
2025-06-12 21:12:00,19.3
2025-06-12 17:46:00,3.9
2025-06-12 07:11:00,50.557353635505194
2025-06-12 02:45:00,50.557353635505194
2025-06-12 05:57:00,1.2
2025-06-12 06:32:00,54.9
2025-06-12 01:54:00,18.9
2025-06-12 19:16:00,94.4
2025-06-12 15:41:00,41.4
2025-06-12 15:52:00,34.9
2025-06-12 09:50:00,44.7
2025-06-12 12:21:00,50.557353635505194
2025-06-12 09:54:00,62.6
2025-06-12 02:11:00,85.9
2025-06-12 08:30:00,94.0
2025-06-12 14:34:00,50.557353635505194
2025-06-12 06:10:00,42.2
2025-06-12 05:00:00,50.557353635505194
2025-06-12 18:04:00,50.557353635505194
2025-06-12 22:58:00,80.2
2025-06-12 13:12:00,50.557353635505194
2025-06-12 00:00:00,37.4
2025-06-12 09:38:00,41.3
2025-06-12 13:50:00,23.6
2025-06-12 20:14:00,82.9
2025-06-12 18:42:00,69.9
2025-06-12 18:51:00,33.6
2025-06-12 22:53:00,50.557353635505194
2025-06-12 16:13:00,50.557353635505194
2025-06-12 02:04:00,50.557353635505194
2025-06-12 07:52:00,92.6
2025-06-12 18:45:00,30.7
2025-06-12 22:14:00,46.6
2025-06-12 12:23:00,75.0
2025-06-12 18:35:00,73.5
2025-06-12 07:10:00,8.6
2025-06-12 14:07:00,51.0
2025-06-12 11:04:00,98.9
2025-06-12 17:00:00,38.1
2025-06-12 12:15:00,77.3
2025-06-12 09:06:00,50.557353635505194
2025-06-12 21:51:00,74.0
2025-06-12 09:33:00,78.6
2025-06-12 05:11:00,70.5
2025-06-12 13:00:00,66.7
2025-06-12 19:49:00,27.5
2025-06-12 18:51:00,11.7
2025-06-12 02:41:00,95.2
2025-06-12 21:44:00,95.3
2025-06-12 16:55:00,57.0
2025-06-12 05:14:00,80.0
2025-06-12 06:32:00,88.4
2025-06-12 09:19:00,78.0
2025-06-12 02:54:00,99.1
2025-06-12 13:10:00,95.8
2025-06-12 06:38:00,62.7
2025-06-12 18:07:00,35.3
2025-06-12 07:02:00,37.1
2025-06-12 15:04:00,52.9
2025-06-12 00:41:00,70.8
2025-06-12 02:44:00,61.7
2025-06-12 10:03:00,70.4
2025-06-12 00:13:00,75.1
2025-06-12 13:18:00,88.1
2025-06-12 20:48:00,70.9
2025-06-12 17:03:00,79.9
2025-06-12 07:32:00,77.5
2025-06-12 11:04:00,57.1
2025-06-12 18:42:00,74.7
2025-06-12 11:40:00,12.9
2025-06-12 22:14:00,20.3
2025-06-12 20:41:00,93.9
2025-06-12 01:40:00,39.2
2025-06-12 15:42:00,87.2
2025-06-12 08:23:00,17.6
2025-06-12 10:52:00,31.4
2025-06-12 16:34:00,67.3
2025-06-12 10:49:00,8.6
2025-06-12 22:59:00,96.5
2025-06-12 22:38:00,50.557353635505194
2025-06-12 11:19:00,13.6
2025-06-12 03:41:00,50.557353635505194
2025-06-12 09:32:00,12.9
2025-06-12 12:10:00,41.0
2025-06-12 15:37:00,54.9
2025-06-12 12:26:00,64.5
2025-06-12 16:54:00,19.6
2025-06-12 13:18:00,23.5
2025-06-12 07:40:00,50.557353635505194
2025-06-12 04:08:00,50.557353635505194
2025-06-12 01:16:00,56.0
2025-06-12 19:00:00,91.2
2025-06-12 18:26:00,93.8
2025-06-12 14:51:00,86.0
2025-06-12 19:29:00,23.9
2025-06-12 19:29:00,54.3
2025-06-12 00:27:00,50.557353635505194
2025-06-12 01:43:00,52.3
2025-06-12 17:13:00,93.2
2025-06-12 13:55:00,30.4
2025-06-12 09:39:00,60.8
2025-06-12 06:56:00,21.9
2025-06-12 01:19:00,54.3
2025-06-12 15:43:00,53.8
2025-06-12 06:50:00,98.2
2025-06-12 20:56:00,76.7
2025-06-12 05:35:00,47.2
2025-06-12 10:46:00,13.2
2025-06-12 14:13:00,25.1
2025-06-12 12:12:00,50.557353635505194
2025-06-12 22:27:00,28.8
2025-06-12 00:07:00,90.1
2025-06-12 22:19:00,28.6
2025-06-12 12:33:00,85.7
2025-06-12 23:04:00,90.0
2025-06-12 21:36:00,1.5
2025-06-12 19:31:00,61.0
2025-06-12 15:40:00,80.6
2025-06-12 20:40:00,42.8
2025-06-12 12:14:00,38.0
2025-06-12 05:20:00,7.1
2025-06-12 16:18:00,42.9
2025-06-12 03:36:00,38.1
2025-06-12 12:48:00,73.0
2025-06-12 21:47:00,49.87196987526477
2025-06-12 07:32:00,67.4
2025-06-12 14:58:00,46.1
2025-06-12 11:01:00,97.8
2025-06-12 06:42:00,49.87196987526477
2025-06-12 21:02:00,64.1
2025-06-12 04:19:00,15.8
2025-06-12 17:20:00,84.1
2025-06-12 04:18:00,49.87196987526477
2025-06-12 22:00:00,62.4
2025-06-12 02:55:00,70.9
2025-06-12 00:25:00,49.87196987526477
2025-06-12 10:12:00,12.9
2025-06-12 06:24:00,77.0
2025-06-12 10:25:00,49.3
2025-06-12 00:36:00,49.87196987526477
2025-06-12 10:55:00,29.6
2025-06-12 16:41:00,48.3
2025-06-12 08:47:00,15.5
2025-06-12 15:07:00,39.7
2025-06-12 03:11:00,49.87196987526477
2025-06-12 07:33:00,16.5
2025-06-12 05:49:00,22.3
2025-06-12 21:32:00,55.6
2025-06-12 01:19:00,45.4
2025-06-12 21:42:00,49.87196987526477
2025-06-12 04:05:00,69.8
2025-06-12 03:35:00,34.3
2025-06-12 13:46:00,1.7
2025-06-12 02:01:00,96.1
2025-06-12 00:46:00,7.9
2025-06-12 18:09:00,61.1
2025-06-12 15:35:00,61.0
2025-06-12 11:00:00,73.5
2025-06-12 23:28:00,1.4
2025-06-12 16:13:00,12.5
2025-06-12 15:57:00,96.7
2025-06-12 11:01:00,85.4
2025-06-12 17:50:00,79.9
2025-06-12 20:47:00,5.8
2025-06-12 20:17:00,84.3
2025-06-12 16:24:00,49.87196987526477
2025-06-12 14:31:00,82.7
2025-06-12 02:17:00,18.8
2025-06-12 18:39:00,77.5
2025-06-12 07:43:00,8.9
2025-06-12 12:57:00,23.1
2025-06-12 09:38:00,81.6
2025-06-12 08:05:00,99.3
2025-06-12 14:15:00,18.8
2025-06-12 08:00:00,49.87196987526477
2025-06-12 15:38:00,49.87196987526477
2025-06-12 13:47:00,75.0
2025-06-12 22:31:00,49.87196987526477
2025-06-12 14:56:00,72.6
2025-06-12 18:03:00,76.9
2025-06-12 21:33:00,97.4
2025-06-12 17:49:00,37.4
2025-06-12 10:39:00,65.8
2025-06-12 22:14:00,2.6
2025-06-12 02:46:00,49.87196987526477
2025-06-12 00:09:00,10.9
2025-06-12 08:03:00,49.87196987526477
2025-06-12 19:06:00,97.8
2025-06-12 14:42:00,1.3
2025-06-12 09:46:00,46.3
2025-06-12 16:38:00,67.2
2025-06-12 15:24:00,15.0
2025-06-12 07:45:00,36.2
2025-06-12 17:10:00,30.6
2025-06-12 11:59:00,62.0
2025-06-12 04:41:00,22.9
2025-06-12 07:36:00,49.87196987526477
2025-06-12 15:08:00,51.0
2025-06-12 20:09:00,61.8
2025-06-12 03:43:00,29.5
2025-06-12 23:23:00,56.4
2025-06-12 08:24:00,74.9
2025-06-12 16:23:00,58.8
2025-06-12 23:21:00,49.87196987526477
2025-06-12 11:52:00,81.6
2025-06-12 07:28:00,21.9
2025-06-12 20:23:00,66.9
2025-06-12 21:26:00,91.0
2025-06-12 19:11:00,4.5
2025-06-12 01:42:00,49.87196987526477
2025-06-12 08:34:00,49.87196987526477
2025-06-12 20:38:00,81.9
2025-06-12 09:37:00,70.9
2025-06-12 02:48:00,54.5
2025-06-12 22:36:00,49.87196987526477
2025-06-12 12:26:00,40.7
2025-06-12 19:32:00,49.87196987526477
2025-06-12 05:47:00,72.7
2025-06-12 10:45:00,49.87196987526477
2025-06-12 22:26:00,59.0
2025-06-12 15:25:00,27.9
2025-06-12 01:55:00,29.7
2025-06-12 02:35:00,14.6
2025-06-12 14:10:00,1.8
2025-06-12 10:27:00,49.87196987526477
2025-06-12 16:38:00,49.87196987526477
2025-06-12 13:55:00,51.2
2025-06-12 16:22:00,13.7
2025-06-12 22:38:00,49.87196987526477
2025-06-12 14:35:00,44.0
2025-06-12 17:45:00,79.4
2025-06-12 20:24:00,81.2
2025-06-12 01:06:00,90.6
2025-06-12 19:45:00,49.87196987526477
2025-06-12 02:17:00,49.87196987526477
2025-06-12 08:56:00,54.1
2025-06-12 13:00:00,95.0
2025-06-12 11:52:00,50.0
2025-06-12 03:37:00,66.7
2025-06-12 13:46:00,83.8
2025-06-12 00:09:00,4.4
2025-06-12 03:23:00,35.6
2025-06-12 20:00:00,9.5
2025-06-12 09:26:00,51.0
2025-06-12 04:42:00,49.87196987526477
2025-06-12 09:18:00,35.3
2025-06-12 07:27:00,49.87196987526477
2025-06-12 22:53:00,36.6
2025-06-12 20:47:00,87.9
2025-06-12 02:39:00,49.87196987526477
2025-06-12 10:07:00,77.4
2025-06-12 19:48:00,16.2
2025-06-12 00:27:00,75.7
2025-06-12 03:47:00,49.87196987526477
2025-06-12 04:26:00,2.3
2025-06-12 03:20:00,77.0
2025-06-12 06:12:00,17.6
2025-06-12 13:37:00,66.2
2025-06-12 02:44:00,5.5
2025-06-12 02:46:00,49.87196987526477
2025-06-12 19:30:00,93.7
2025-06-12 16:10:00,49.87196987526477
2025-06-12 16:51:00,37.5
2025-06-12 10:48:00,45.7
2025-06-12 17:27:00,49.87196987526477
2025-06-12 01:26:00,22.7
2025-06-12 12:00:00,66.7
2025-06-12 12:21:00,14.5
2025-06-12 12:30:00,66.6
2025-06-12 04:17:00,45.5
2025-06-12 02:55:00,49.87196987526477
2025-06-12 09:32:00,39.0
2025-06-12 10:56:00,45.5
2025-06-12 16:37:00,10.0
2025-06-12 04:11:00,59.3
2025-06-12 01:54:00,99.9
2025-06-12 04:57:00,30.3
2025-06-12 19:22:00,78.4
2025-06-12 16:55:00,89.2
2025-06-12 03:10:00,37.9
2025-06-12 11:37:00,93.4
2025-06-12 04:08:00,84.7
2025-06-12 03:41:00,85.1
2025-06-12 06:38:00,30.2
2025-06-12 09:21:00,16.5
2025-06-12 04:38:00,49.87196987526477
2025-06-12 21:13:00,26.9
2025-06-12 18:22:00,94.9
2025-06-12 06:08:00,64.1
2025-06-12 13:56:00,49.87196987526477
2025-06-12 00:01:00,49.87196987526477
2025-06-12 10:43:00,41.7
2025-06-12 15:32:00,26.9
2025-06-12 04:54:00,49.87196987526477
2025-06-12 23:10:00,87.8
2025-06-12 09:34:00,87.5
2025-06-12 20:37:00,95.2
2025-06-12 06:04:00,49.87196987526477
2025-06-12 16:04:00,87.3
2025-06-12 07:24:00,45.7
2025-06-12 03:25:00,91.8
2025-06-12 01:21:00,49.87196987526477
2025-06-12 19:20:00,49.87196987526477
2025-06-12 16:59:00,45.7
2025-06-12 10:47:00,56.7
2025-06-12 01:37:00,49.87196987526477
2025-06-12 03:20:00,76.7
2025-06-12 17:38:00,49.87196987526477
2025-06-12 06:15:00,33.0
2025-06-12 14:22:00,0.6
2025-06-12 19:55:00,78.6
2025-06-12 22:10:00,60.5
2025-06-12 01:09:00,0.8
2025-06-12 19:42:00,14.5
2025-06-12 20:31:00,25.3
2025-06-12 23:04:00,79.7
2025-06-12 10:43:00,63.2
2025-06-12 09:41:00,83.7
2025-06-12 20:46:00,75.0
2025-06-12 22:17:00,62.2
2025-06-12 08:53:00,33.1
2025-06-12 20:22:00,40.5
2025-06-12 16:00:00,75.3
2025-06-12 12:49:00,49.87196987526477
2025-06-12 03:01:00,49.87196987526477
2025-06-12 12:39:00,44.0
2025-06-12 06:33:00,95.5
2025-06-12 16:56:00,26.5
2025-06-12 04:28:00,49.87196987526477
2025-06-12 01:28:00,8.1
2025-06-12 04:11:00,74.5
2025-06-12 19:04:00,49.87196987526477
2025-06-12 08:04:00,37.2
2025-06-12 05:32:00,47.7
2025-06-12 03:41:00,70.1
2025-06-12 00:10:00,69.6
2025-06-12 18:52:00,49.87196987526477
2025-06-12 17:02:00,17.6
2025-06-12 16:01:00,49.87196987526477
2025-06-12 14:43:00,79.3
2025-06-12 00:33:00,57.7
2025-06-12 12:45:00,11.8
2025-06-12 14:04:00,75.7
2025-06-12 20:53:00,34.3
2025-06-12 12:59:00,97.6
2025-06-12 18:41:00,10.3
2025-06-12 03:23:00,49.87196987526477
2025-06-12 09:38:00,74.6
2025-06-12 20:00:00,65.8
2025-06-12 07:36:00,18.2
2025-06-12 13:49:00,16.1
2025-06-12 22:43:00,13.9
2025-06-12 15:15:00,49.87196987526477
2025-06-12 02:28:00,99.4
2025-06-12 21:18:00,97.3
2025-06-12 19:11:00,100.0
2025-06-12 10:02:00,49.87196987526477
2025-06-12 09:23:00,42.7
2025-06-12 06:15:00,84.3
2025-06-12 11:33:00,41.0
2025-06-12 19:10:00,90.2
2025-06-12 20:21:00,94.2
2025-06-12 18:57:00,33.5
2025-06-12 07:10:00,63.5
2025-06-12 12:42:00,12.8
2025-06-12 04:40:00,49.87196987526477
2025-06-12 11:23:00,42.6
2025-06-12 13:07:00,17.9
2025-06-12 01:55:00,94.2
2025-06-12 12:20:00,85.1
2025-06-12 19:58:00,50.6
2025-06-12 14:42:00,92.7
2025-06-12 10:23:00,57.2
2025-06-12 20:36:00,83.8
2025-06-12 09:15:00,93.1
2025-06-12 10:39:00,18.9
2025-06-12 10:46:00,70.5
2025-06-12 10:59:00,37.7
2025-06-12 06:36:00,17.1
2025-06-12 23:09:00,0.8
2025-06-12 15:38:00,38.4
2025-06-12 22:09:00,70.8
2025-06-12 04:49:00,16.2
2025-06-12 20:28:00,33.0
2025-06-12 20:19:00,30.2
2025-06-12 14:12:00,68.3
2025-06-12 16:43:00,72.0
2025-06-12 11:21:00,77.8
2025-06-12 10:40:00,65.0
2025-06-12 04:43:00,48.7
2025-06-12 08:35:00,29.5
2025-06-12 19:20:00,29.8
2025-06-12 18:14:00,40.1
2025-06-12 01:39:00,68.8
2025-06-12 08:57:00,56.5
2025-06-12 22:03:00,49.87196987526477
2025-06-12 19:21:00,69.3
2025-06-12 14:06:00,63.4
2025-06-12 00:45:00,49.87196987526477
2025-06-12 02:29:00,10.1
2025-06-12 15:41:00,97.7
2025-06-12 15:14:00,26.4
2025-06-12 13:24:00,87.7
2025-06-12 06:55:00,30.0
2025-06-12 14:00:00,5.8
2025-06-12 16:42:00,70.4
2025-06-12 15:28:00,73.8
2025-06-12 01:26:00,60.5
2025-06-12 00:21:00,49.87196987526477
2025-06-12 08:53:00,94.7
2025-06-12 17:41:00,49.87196987526477
2025-06-12 13:55:00,68.5
2025-06-12 12:07:00,23.8
2025-06-12 05:25:00,37.4
2025-06-12 01:15:00,14.0
2025-06-12 05:42:00,2.1
2025-06-12 00:05:00,82.7
2025-06-12 17:19:00,42.0
2025-06-12 21:25:00,51.4
2025-06-12 20:49:00,98.7
2025-06-12 10:14:00,89.0
2025-06-12 02:28:00,62.0
2025-06-12 14:39:00,12.2
2025-06-12 21:37:00,53.5
2025-06-12 13:36:00,23.4
2025-06-12 21:40:00,8.0
2025-06-12 17:49:00,49.87196987526477
2025-06-12 18:39:00,87.6
2025-06-12 06:14:00,49.87196987526477
2025-06-12 11:30:00,49.87196987526477
2025-06-12 15:47:00,36.8
2025-06-12 10:37:00,38.0
2025-06-12 11:41:00,64.8
2025-06-12 11:04:00,70.1
2025-06-12 03:19:00,49.93628109892701
2025-06-12 09:22:00,98.7
2025-06-12 09:00:00,49.93628109892701
2025-06-12 23:34:00,30.0
2025-06-12 13:11:00,2.7
2025-06-12 13:46:00,49.93628109892701
2025-06-12 08:40:00,3.5
2025-06-12 14:13:00,93.1
2025-06-12 18:28:00,17.6
2025-06-12 11:39:00,18.9
2025-06-12 00:51:00,49.93628109892701
2025-06-12 14:40:00,13.3
2025-06-12 03:32:00,49.93628109892701
2025-06-12 16:59:00,49.93628109892701
2025-06-12 18:21:00,0.8
2025-06-12 23:12:00,19.7
2025-06-12 17:35:00,93.8
2025-06-12 00:53:00,49.93628109892701
2025-06-12 16:46:00,77.7
2025-06-12 10:32:00,13.0
2025-06-12 05:53:00,74.1
2025-06-12 14:03:00,33.5
2025-06-12 09:57:00,73.5
2025-06-12 22:52:00,49.93628109892701
2025-06-12 18:10:00,92.0
2025-06-12 07:06:00,61.1
2025-06-12 22:22:00,17.5
2025-06-12 08:33:00,5.3
2025-06-12 14:42:00,41.1
2025-06-12 07:12:00,96.2
2025-06-12 12:44:00,56.8
2025-06-12 14:29:00,1.6
2025-06-12 06:31:00,30.3
2025-06-12 17:00:00,0.2
2025-06-12 08:48:00,49.93628109892701
2025-06-12 23:31:00,76.9
2025-06-12 15:53:00,89.7
2025-06-12 16:27:00,30.6
2025-06-12 01:53:00,58.3
2025-06-12 08:57:00,27.2
2025-06-12 12:03:00,49.93628109892701
2025-06-12 23:26:00,39.1
2025-06-12 17:57:00,25.4
2025-06-12 05:23:00,63.5
2025-06-12 03:50:00,40.9
2025-06-12 03:02:00,61.6
2025-06-12 18:14:00,48.9
2025-06-12 00:26:00,92.2
2025-06-12 13:11:00,81.1
2025-06-12 14:37:00,91.7
2025-06-12 15:08:00,49.0
2025-06-12 17:45:00,49.93628109892701
2025-06-12 16:18:00,65.0
2025-06-12 16:28:00,29.9
2025-06-12 05:50:00,49.93628109892701
2025-06-12 07:18:00,49.93628109892701
2025-06-12 16:32:00,19.4
2025-06-12 03:37:00,66.7
2025-06-12 01:12:00,24.9
2025-06-12 03:14:00,49.93628109892701
2025-06-12 07:23:00,10.1
2025-06-12 06:33:00,13.1
2025-06-12 21:33:00,68.5
2025-06-12 04:55:00,39.0
2025-06-12 17:01:00,76.7
2025-06-12 10:43:00,49.93628109892701
2025-06-12 04:29:00,80.4
2025-06-12 19:19:00,79.8
2025-06-12 12:06:00,49.93628109892701
2025-06-12 06:36:00,5.8
2025-06-12 12:37:00,55.1
2025-06-12 10:20:00,59.0
2025-06-12 06:24:00,38.1
2025-06-12 00:46:00,68.0
2025-06-12 02:57:00,49.93628109892701
2025-06-12 08:15:00,4.8
2025-06-12 05:24:00,49.93628109892701
2025-06-12 08:03:00,52.7
2025-06-12 03:06:00,66.4
2025-06-12 10:08:00,82.7
2025-06-12 17:38:00,25.1
2025-06-12 01:29:00,82.6
2025-06-12 22:52:00,74.3
2025-06-12 22:29:00,49.93628109892701
2025-06-12 22:54:00,96.0
2025-06-12 14:09:00,11.0
2025-06-12 16:22:00,65.2
2025-06-12 16:20:00,49.93628109892701
2025-06-12 15:41:00,1.6
2025-06-12 16:10:00,19.0
2025-06-12 07:19:00,75.9
2025-06-12 11:54:00,59.8
2025-06-12 14:54:00,26.1
2025-06-12 03:38:00,64.0
2025-06-12 14:52:00,54.3
2025-06-12 04:26:00,49.93628109892701
2025-06-12 13:35:00,49.93628109892701
2025-06-12 03:40:00,30.5
2025-06-12 06:59:00,55.8
2025-06-12 13:49:00,68.0
2025-06-12 18:06:00,53.6
2025-06-12 06:03:00,89.4
2025-06-12 08:57:00,29.4
2025-06-12 10:11:00,34.9
2025-06-12 20:28:00,41.6
2025-06-12 08:13:00,9.3
2025-06-12 22:38:00,90.1
2025-06-12 20:56:00,7.8
2025-06-12 22:53:00,5.7
2025-06-12 07:37:00,68.4
2025-06-12 19:10:00,84.8
2025-06-12 08:21:00,47.6
2025-06-12 05:49:00,49.93628109892701
2025-06-12 03:48:00,49.93628109892701
2025-06-12 16:24:00,28.7
2025-06-12 12:40:00,8.8
2025-06-12 13:47:00,91.2
2025-06-12 04:57:00,51.5
2025-06-12 05:24:00,52.1
2025-06-12 23:16:00,69.4
2025-06-12 01:52:00,28.0
2025-06-12 20:44:00,65.9
2025-06-12 02:25:00,69.9
2025-06-12 16:58:00,98.8
2025-06-12 12:34:00,49.93628109892701
2025-06-12 21:26:00,8.4
2025-06-12 06:33:00,12.9
2025-06-12 22:44:00,38.6
2025-06-12 09:20:00,49.93628109892701
2025-06-12 23:35:00,51.5
2025-06-12 13:20:00,97.1
2025-06-12 09:30:00,70.9
2025-06-12 09:35:00,49.93628109892701
2025-06-12 15:54:00,88.0
2025-06-12 00:08:00,40.6
2025-06-12 02:49:00,48.4
2025-06-12 02:17:00,28.1
2025-06-12 16:05:00,1.8
2025-06-12 18:18:00,49.93628109892701
2025-06-12 02:09:00,25.8
2025-06-12 19:31:00,49.93628109892701
2025-06-12 17:01:00,49.93628109892701
2025-06-12 19:52:00,49.93628109892701
2025-06-12 20:56:00,3.4
2025-06-12 12:19:00,49.93628109892701
2025-06-12 18:09:00,0.9
2025-06-12 16:50:00,75.8
2025-06-12 14:43:00,49.93628109892701
2025-06-12 16:54:00,5.6
2025-06-12 12:17:00,49.93628109892701
2025-06-12 11:37:00,24.0
2025-06-12 00:59:00,10.4
2025-06-12 08:21:00,35.3
2025-06-12 12:50:00,14.5
2025-06-12 00:37:00,42.9
2025-06-12 21:49:00,24.1
2025-06-12 06:10:00,84.7
2025-06-12 08:44:00,81.9
2025-06-12 05:03:00,49.93628109892701
2025-06-12 23:59:00,35.5
2025-06-12 08:54:00,35.6
2025-06-12 22:26:00,50.9
2025-06-12 20:23:00,75.1
2025-06-12 01:56:00,84.0
2025-06-12 20:12:00,84.5
2025-06-12 05:44:00,77.1
2025-06-12 19:43:00,13.6
2025-06-12 13:10:00,89.9
2025-06-12 11:15:00,54.1
2025-06-12 10:06:00,5.2
2025-06-12 14:59:00,34.7
2025-06-12 01:31:00,82.4
2025-06-12 01:17:00,49.93628109892701
2025-06-12 09:31:00,59.9
2025-06-12 19:48:00,95.1
2025-06-12 23:07:00,44.9
2025-06-12 14:21:00,76.0
2025-06-12 10:03:00,90.1
2025-06-12 18:32:00,49.93628109892701
2025-06-12 05:21:00,56.4
2025-06-12 09:18:00,49.93628109892701
2025-06-12 02:18:00,82.7
2025-06-12 16:18:00,12.2
2025-06-12 07:47:00,49.93628109892701
2025-06-12 04:57:00,49.93628109892701
2025-06-12 03:40:00,25.7
2025-06-12 18:01:00,33.6
2025-06-12 07:22:00,3.5
2025-06-12 19:55:00,59.6
2025-06-12 22:14:00,49.93628109892701
2025-06-12 20:36:00,16.5
2025-06-12 19:10:00,6.0
2025-06-12 16:46:00,31.9
2025-06-12 00:01:00,47.2
2025-06-12 17:33:00,50.2
2025-06-12 20:31:00,62.9
2025-06-12 18:50:00,54.1
2025-06-12 00:48:00,3.3
2025-06-12 09:18:00,98.6
2025-06-12 03:37:00,92.3
2025-06-12 05:07:00,1.8
2025-06-12 11:49:00,92.0
2025-06-12 15:16:00,49.93628109892701
2025-06-12 07:27:00,53.5
2025-06-12 16:53:00,74.0
2025-06-12 14:10:00,30.8
2025-06-12 22:13:00,9.3
2025-06-12 14:47:00,92.0
2025-06-12 03:27:00,32.3
2025-06-12 04:33:00,45.1
2025-06-12 02:10:00,49.2
2025-06-12 09:56:00,21.7
2025-06-12 11:09:00,74.1
2025-06-12 21:35:00,49.93628109892701
2025-06-12 11:25:00,12.8
2025-06-12 01:18:00,37.7
2025-06-12 00:35:00,43.2
2025-06-12 16:21:00,47.2
2025-06-12 05:53:00,42.1
2025-06-12 00:08:00,5.6
2025-06-12 19:28:00,49.93628109892701
2025-06-12 01:10:00,0.5
2025-06-12 13:26:00,78.2
2025-06-12 17:14:00,84.9
2025-06-12 16:17:00,45.5
2025-06-12 05:38:00,27.4
2025-06-12 09:56:00,12.4
2025-06-12 02:34:00,82.6
2025-06-12 12:59:00,23.9
2025-06-12 14:58:00,37.2
2025-06-12 11:00:00,40.2
2025-06-12 04:07:00,46.1
2025-06-12 01:17:00,93.8
2025-06-12 12:32:00,4.9
2025-06-12 03:08:00,2.3
2025-06-12 15:59:00,8.6
2025-06-12 20:28:00,49.93628109892701
2025-06-12 01:28:00,84.4
2025-06-12 16:13:00,49.93628109892701
2025-06-12 01:08:00,49.93628109892701
2025-06-12 07:17:00,49.93628109892701
2025-06-12 15:52:00,5.6
2025-06-12 03:36:00,18.2
2025-06-12 19:47:00,60.7
2025-06-12 02:07:00,66.3
2025-06-12 23:08:00,40.6
2025-06-12 21:02:00,49.93628109892701
2025-06-12 13:15:00,75.3
2025-06-12 22:54:00,25.1
2025-06-12 13:22:00,70.4
2025-06-12 16:45:00,6.8
2025-06-12 18:39:00,41.5
2025-06-12 13:52:00,60.8
2025-06-12 01:40:00,15.4
2025-06-12 01:58:00,49.93628109892701
2025-06-12 23:07:00,57.1
2025-06-12 16:58:00,94.1
2025-06-12 15:26:00,14.6
2025-06-12 03:17:00,81.2
2025-06-12 23:05:00,10.1
2025-06-12 17:35:00,71.5
2025-06-12 01:11:00,27.0
2025-06-12 15:06:00,42.4
2025-06-12 09:09:00,51.2
2025-06-12 05:03:00,57.0
2025-06-12 21:16:00,44.1
2025-06-12 13:30:00,97.8
2025-06-12 14:51:00,58.7
2025-06-12 03:19:00,11.8
2025-06-12 10:54:00,37.4
2025-06-12 16:44:00,49.93628109892701
2025-06-12 04:21:00,74.9
2025-06-12 07:43:00,98.0
2025-06-12 09:04:00,68.9
2025-06-12 12:50:00,38.3
2025-06-12 20:48:00,49.7
2025-06-12 23:33:00,81.4
2025-06-12 05:05:00,18.3
2025-06-12 08:19:00,42.1
2025-06-12 09:58:00,59.1
2025-06-12 08:20:00,6.2
2025-06-12 13:51:00,53.0
2025-06-12 01:25:00,30.7
2025-06-12 13:42:00,48.8
2025-06-12 18:28:00,36.4
2025-06-12 22:12:00,7.9
2025-06-12 10:11:00,1.7
2025-06-12 13:29:00,95.4
2025-06-12 21:20:00,15.1
2025-06-12 07:44:00,66.7
2025-06-12 09:41:00,31.2
2025-06-12 23:54:00,11.8
2025-06-12 21:32:00,32.3
2025-06-12 02:42:00,49.93628109892701
2025-06-12 08:44:00,79.3
2025-06-12 06:18:00,17.0
2025-06-12 08:09:00,92.5
2025-06-12 00:42:00,49.93628109892701
2025-06-12 03:29:00,79.8
2025-06-12 05:35:00,49.93628109892701
2025-06-12 23:38:00,91.8
2025-06-12 23:26:00,3.7
2025-06-12 09:52:00,45.3
2025-06-12 07:07:00,15.9
2025-06-12 01:23:00,55.6
2025-06-12 23:33:00,49.93628109892701
2025-06-12 09:00:00,6.7
2025-06-12 02:52:00,22.8
2025-06-12 22:05:00,55.0
2025-06-12 02:20:00,89.1
2025-06-12 01:41:00,28.3
2025-06-12 04:14:00,49.93628109892701
2025-06-12 12:22:00,84.9
2025-06-12 08:43:00,72.3
2025-06-12 20:02:00,78.1
2025-06-12 09:09:00,45.0
2025-06-12 18:12:00,49.93628109892701
2025-06-12 05:42:00,62.7
2025-06-12 11:06:00,59.1
2025-06-12 21:35:00,38.2
2025-06-12 00:41:00,82.4
2025-06-12 22:54:00,13.2
2025-06-12 15:21:00,30.4
2025-06-12 18:33:00,28.2
2025-06-12 06:08:00,5.7
2025-06-12 05:48:00,88.0
2025-06-12 16:54:00,49.93628109892701
2025-06-12 06:16:00,49.797736698660984
2025-06-12 20:48:00,8.4
2025-06-12 10:46:00,49.797736698660984
2025-06-12 01:04:00,59.8
2025-06-12 17:19:00,47.2
2025-06-12 23:53:00,25.0
2025-06-12 07:38:00,49.797736698660984
2025-06-12 02:32:00,49.797736698660984
2025-06-12 03:40:00,16.6
2025-06-12 15:38:00,5.0
2025-06-12 00:44:00,92.8
2025-06-12 18:03:00,98.1
2025-06-12 14:34:00,49.797736698660984
2025-06-12 04:05:00,70.6
2025-06-12 10:16:00,64.9
2025-06-12 06:38:00,94.9
2025-06-12 21:03:00,60.5
2025-06-12 11:10:00,33.1
2025-06-12 10:09:00,64.6
2025-06-12 11:52:00,10.1
2025-06-12 21:51:00,49.4
2025-06-12 15:37:00,19.1
2025-06-12 17:51:00,54.7
2025-06-12 10:11:00,79.7
2025-06-12 22:11:00,1.3
2025-06-12 10:15:00,46.5
2025-06-12 09:17:00,66.6
2025-06-12 00:06:00,92.3
2025-06-12 09:24:00,8.0
2025-06-12 03:34:00,43.4
2025-06-12 20:47:00,46.8
2025-06-12 06:20:00,91.7
2025-06-12 19:11:00,65.9
2025-06-12 02:05:00,80.8
2025-06-12 10:07:00,59.4
2025-06-12 02:10:00,93.9
2025-06-12 09:25:00,70.5
2025-06-12 09:52:00,63.2
2025-06-12 22:49:00,63.6
2025-06-12 10:53:00,68.3
2025-06-12 06:34:00,87.6
2025-06-12 08:41:00,39.6
2025-06-12 05:19:00,15.6
2025-06-12 10:39:00,49.797736698660984
2025-06-12 23:48:00,33.7
2025-06-12 08:23:00,35.8
2025-06-12 02:02:00,66.8
2025-06-12 07:57:00,55.8
2025-06-12 16:03:00,39.1
2025-06-12 09:33:00,92.7
2025-06-12 06:01:00,0.4
2025-06-12 08:46:00,95.2
2025-06-12 16:09:00,22.0
2025-06-12 05:48:00,38.1
2025-06-12 12:16:00,37.5
2025-06-12 04:28:00,49.797736698660984
2025-06-12 23:49:00,68.3
2025-06-12 00:54:00,49.797736698660984
2025-06-12 16:45:00,6.0
2025-06-12 23:27:00,24.3
2025-06-12 00:25:00,62.7
2025-06-12 00:43:00,73.5
2025-06-12 10:21:00,92.3
2025-06-12 07:24:00,4.6
2025-06-12 00:09:00,60.0
2025-06-12 20:42:00,66.1
2025-06-12 16:58:00,78.9
2025-06-12 13:50:00,5.2
2025-06-12 04:03:00,70.8
2025-06-12 14:50:00,51.9
2025-06-12 18:14:00,72.0
2025-06-12 09:17:00,12.9
2025-06-12 16:29:00,20.1
2025-06-12 06:25:00,31.7
2025-06-12 02:57:00,56.3
2025-06-12 22:21:00,49.797736698660984
2025-06-12 19:52:00,20.3
2025-06-12 03:27:00,37.4
2025-06-12 11:24:00,82.8
2025-06-12 12:16:00,85.1
2025-06-12 14:22:00,43.0
2025-06-12 11:35:00,93.9
2025-06-12 08:19:00,98.8
2025-06-12 15:41:00,49.797736698660984
2025-06-12 14:55:00,2.1
2025-06-12 11:13:00,54.1
2025-06-12 11:51:00,71.1
2025-06-12 21:38:00,9.5
2025-06-12 11:59:00,7.8
2025-06-12 12:11:00,36.8
2025-06-12 10:27:00,99.2
2025-06-12 08:29:00,15.3
2025-06-12 07:40:00,87.2
2025-06-12 07:51:00,49.797736698660984
2025-06-12 12:51:00,25.4
2025-06-12 04:47:00,68.6
2025-06-12 20:15:00,56.6
2025-06-12 03:07:00,53.2
2025-06-12 17:55:00,18.5
2025-06-12 21:27:00,32.8
2025-06-12 18:08:00,49.797736698660984
2025-06-12 03:53:00,49.797736698660984
2025-06-12 21:23:00,71.8
2025-06-12 10:18:00,61.8
2025-06-12 08:17:00,56.2
2025-06-12 07:42:00,49.797736698660984
2025-06-12 09:51:00,0.1
2025-06-12 10:28:00,47.7
2025-06-12 02:13:00,99.8
2025-06-12 04:04:00,85.0
2025-06-12 01:52:00,65.7
2025-06-12 12:48:00,31.4
2025-06-12 11:13:00,82.5
2025-06-12 00:08:00,49.797736698660984
2025-06-12 12:24:00,66.1
2025-06-12 21:19:00,82.2
2025-06-12 21:58:00,7.1
2025-06-12 21:11:00,22.0
2025-06-12 18:21:00,83.5
2025-06-12 13:42:00,49.797736698660984
2025-06-12 01:10:00,97.8
2025-06-12 04:11:00,73.5
2025-06-12 16:49:00,64.4
2025-06-12 20:25:00,47.1
2025-06-12 09:31:00,94.7
2025-06-12 01:19:00,27.2
2025-06-12 08:45:00,86.1
2025-06-12 23:33:00,96.7
2025-06-12 00:20:00,34.9
2025-06-12 07:14:00,42.9
2025-06-12 12:57:00,14.9
2025-06-12 18:35:00,52.6
2025-06-12 02:37:00,17.5
2025-06-12 16:54:00,5.9
2025-06-12 03:44:00,21.6
2025-06-12 04:45:00,12.6
2025-06-12 15:54:00,41.0
2025-06-12 10:11:00,66.7
2025-06-12 17:26:00,59.5
2025-06-12 06:31:00,77.7
2025-06-12 20:43:00,50.9
2025-06-12 09:17:00,16.8
2025-06-12 13:05:00,6.6
2025-06-12 02:45:00,76.3
2025-06-12 09:32:00,41.2
2025-06-12 06:04:00,49.797736698660984
2025-06-12 21:49:00,61.0
2025-06-12 02:13:00,49.797736698660984
2025-06-12 01:12:00,62.7
2025-06-12 15:27:00,32.8
2025-06-12 01:01:00,86.2
2025-06-12 14:58:00,61.7
2025-06-12 04:11:00,28.2
2025-06-12 00:19:00,71.2
2025-06-12 14:37:00,76.1
2025-06-12 11:15:00,49.797736698660984
2025-06-12 04:32:00,78.1
2025-06-12 19:50:00,49.797736698660984
2025-06-12 06:45:00,2.2
2025-06-12 14:57:00,20.4
2025-06-12 00:15:00,50.8
2025-06-12 13:03:00,2.9
2025-06-12 07:48:00,86.6
2025-06-12 20:00:00,49.1
2025-06-12 01:18:00,14.2
2025-06-12 14:09:00,36.0
2025-06-12 10:58:00,71.9
2025-06-12 19:03:00,72.1
2025-06-12 19:30:00,35.8
2025-06-12 22:53:00,49.797736698660984
2025-06-12 23:48:00,23.5
2025-06-12 07:59:00,42.1
2025-06-12 13:11:00,30.9
2025-06-12 07:48:00,67.0
2025-06-12 17:13:00,49.797736698660984
2025-06-12 07:31:00,88.3
2025-06-12 01:59:00,94.7
2025-06-12 19:31:00,49.797736698660984
2025-06-12 06:15:00,49.797736698660984
2025-06-12 11:47:00,71.6
2025-06-12 14:03:00,2.9
2025-06-12 21:34:00,34.5
2025-06-12 00:49:00,58.2
2025-06-12 20:41:00,37.1
2025-06-12 11:24:00,31.6
2025-06-12 02:25:00,23.6
2025-06-12 07:50:00,18.7
2025-06-12 14:37:00,58.0
2025-06-12 23:59:00,49.797736698660984
2025-06-12 04:03:00,74.8
2025-06-12 20:41:00,3.5
2025-06-12 19:05:00,49.797736698660984
2025-06-12 07:43:00,49.797736698660984
2025-06-12 01:41:00,49.797736698660984
2025-06-12 02:45:00,9.6
2025-06-12 03:46:00,86.3
2025-06-12 10:30:00,49.797736698660984
2025-06-12 12:01:00,35.1
2025-06-12 21:47:00,52.5
2025-06-12 00:03:00,99.0
2025-06-12 00:30:00,80.2
2025-06-12 23:58:00,37.0
2025-06-12 14:50:00,21.3
2025-06-12 06:20:00,49.797736698660984
2025-06-12 08:28:00,35.8
2025-06-12 18:07:00,49.797736698660984
2025-06-12 07:53:00,49.797736698660984
2025-06-12 03:44:00,64.7
2025-06-12 11:08:00,31.6
2025-06-12 11:26:00,81.4
2025-06-12 03:04:00,60.8
2025-06-12 22:35:00,65.9
2025-06-12 17:25:00,25.3
2025-06-12 18:48:00,1.6
2025-06-12 06:43:00,49.797736698660984
2025-06-12 00:34:00,49.797736698660984
2025-06-12 00:35:00,96.0
2025-06-12 13:30:00,1.2
2025-06-12 00:26:00,87.3
2025-06-12 00:27:00,23.1
2025-06-12 10:00:00,72.8
2025-06-12 03:40:00,49.797736698660984
2025-06-12 23:13:00,49.797736698660984
2025-06-12 12:28:00,76.0
2025-06-12 08:01:00,37.1
2025-06-12 04:24:00,77.7
2025-06-12 03:30:00,93.2
2025-06-12 21:25:00,49.797736698660984
2025-06-12 09:25:00,7.5
2025-06-12 22:32:00,47.4
2025-06-12 17:47:00,80.2
2025-06-12 19:42:00,59.0
2025-06-12 20:57:00,15.3
2025-06-12 07:48:00,49.797736698660984
2025-06-12 06:45:00,96.1
2025-06-12 23:47:00,49.797736698660984
2025-06-12 12:11:00,54.3
2025-06-12 21:31:00,49.797736698660984
2025-06-12 01:37:00,74.9
2025-06-12 14:46:00,31.1
2025-06-12 07:07:00,35.7
2025-06-12 10:39:00,17.7
2025-06-12 03:28:00,29.7
2025-06-12 17:02:00,29.2
2025-06-12 19:42:00,96.2
2025-06-12 06:58:00,76.8
2025-06-12 14:02:00,51.3
2025-06-12 08:10:00,97.2
2025-06-12 07:14:00,16.5
2025-06-12 08:11:00,58.1
2025-06-12 02:53:00,58.5
2025-06-12 20:29:00,49.797736698660984
2025-06-12 06:36:00,44.2
2025-06-12 22:20:00,10.8
2025-06-12 10:00:00,68.8
2025-06-12 18:26:00,95.1
2025-06-12 05:55:00,49.797736698660984
2025-06-12 21:16:00,31.0
2025-06-12 06:21:00,36.0
2025-06-12 21:52:00,72.8
2025-06-12 19:18:00,14.4
2025-06-12 09:56:00,47.9
2025-06-12 03:07:00,41.6
2025-06-12 04:35:00,61.9
2025-06-12 17:12:00,49.797736698660984
2025-06-12 04:21:00,56.2
2025-06-12 00:02:00,28.0
2025-06-12 12:27:00,93.3
2025-06-12 12:34:00,76.5
2025-06-12 17:55:00,70.0
2025-06-12 13:45:00,45.1
2025-06-12 14:13:00,14.7
2025-06-12 23:05:00,52.5
2025-06-12 16:32:00,32.6
2025-06-12 08:31:00,57.5
2025-06-12 03:18:00,49.797736698660984
2025-06-12 20:19:00,64.3
2025-06-12 21:39:00,1.4
2025-06-12 03:52:00,60.2
2025-06-12 05:37:00,60.5
2025-06-12 06:15:00,49.797736698660984
2025-06-12 16:25:00,42.4
2025-06-12 18:03:00,25.5
2025-06-12 18:11:00,30.1
2025-06-12 22:06:00,31.7
2025-06-12 22:23:00,59.9
2025-06-12 02:47:00,49.797736698660984
2025-06-12 13:58:00,49.797736698660984
2025-06-12 19:23:00,75.9
2025-06-12 03:47:00,17.4
2025-06-12 12:58:00,49.797736698660984
2025-06-12 10:08:00,9.6
2025-06-12 12:33:00,30.5
2025-06-12 21:23:00,76.8
2025-06-12 16:16:00,9.4
2025-06-12 07:01:00,28.4
2025-06-12 03:51:00,6.7
2025-06-12 00:24:00,24.7
2025-06-12 23:18:00,19.4
2025-06-12 17:23:00,49.797736698660984
2025-06-12 10:45:00,57.9
2025-06-12 12:35:00,55.7
2025-06-12 06:23:00,39.6
2025-06-12 09:07:00,42.9
2025-06-12 15:17:00,49.797736698660984
2025-06-12 20:41:00,3.2
2025-06-12 21:34:00,48.0
2025-06-12 01:35:00,91.5
2025-06-12 09:19:00,37.8
2025-06-12 18:55:00,66.3
2025-06-12 00:56:00,79.8
2025-06-12 18:53:00,17.8
2025-06-12 18:39:00,70.6
2025-06-12 20:24:00,94.8
2025-06-12 09:29:00,91.7
2025-06-12 14:10:00,68.3
2025-06-12 20:07:00,49.797736698660984
2025-06-12 21:50:00,92.5
2025-06-12 19:59:00,1.0
2025-06-12 19:45:00,3.1
2025-06-12 17:40:00,49.797736698660984
2025-06-12 10:38:00,61.0
2025-06-12 06:34:00,27.3
2025-06-12 08:13:00,12.6
2025-06-12 06:24:00,74.1
2025-06-12 18:05:00,30.7
2025-06-12 00:28:00,21.1
2025-06-12 17:16:00,41.2
2025-06-12 18:57:00,67.0
2025-06-12 22:40:00,5.8
2025-06-12 13:29:00,27.2
2025-06-12 06:40:00,54.0
2025-06-12 23:58:00,22.1
2025-06-12 09:58:00,90.1
2025-06-12 19:44:00,4.5
2025-06-12 03:22:00,35.5
2025-06-12 03:14:00,17.3
2025-06-12 18:03:00,50.18136565940501
2025-06-12 20:58:00,61.2
2025-06-12 14:47:00,19.4
2025-06-12 14:48:00,50.18136565940501
2025-06-12 11:40:00,53.4
2025-06-12 07:02:00,12.8
2025-06-12 15:09:00,50.18136565940501
2025-06-12 08:47:00,28.3
2025-06-12 05:17:00,18.0
2025-06-12 10:47:00,19.7
2025-06-12 05:38:00,47.1
2025-06-12 14:10:00,33.7
2025-06-12 19:48:00,89.8
2025-06-12 03:57:00,50.18136565940501
2025-06-12 06:47:00,13.0
2025-06-12 06:30:00,23.2
2025-06-12 10:27:00,70.0
2025-06-12 14:02:00,50.18136565940501
2025-06-12 12:04:00,48.3
2025-06-12 17:29:00,49.9
2025-06-12 13:23:00,6.7
2025-06-12 23:33:00,60.4
2025-06-12 00:15:00,50.18136565940501
2025-06-12 12:15:00,96.5
2025-06-12 00:02:00,50.18136565940501
2025-06-12 20:44:00,50.18136565940501
2025-06-12 14:16:00,67.5
2025-06-12 21:25:00,60.0
2025-06-12 23:31:00,35.1
2025-06-12 04:26:00,9.3
2025-06-12 08:09:00,50.18136565940501
2025-06-12 05:21:00,58.8
2025-06-12 14:46:00,14.9
2025-06-12 09:06:00,50.18136565940501
2025-06-12 22:42:00,98.1
2025-06-12 01:29:00,85.4
2025-06-12 16:38:00,99.4
2025-06-12 06:42:00,50.18136565940501
2025-06-12 11:29:00,50.18136565940501
2025-06-12 02:35:00,9.9
2025-06-12 23:53:00,85.9
2025-06-12 09:30:00,14.7
2025-06-12 03:53:00,86.7
2025-06-12 10:00:00,93.9
2025-06-12 15:19:00,4.1
2025-06-12 05:45:00,8.4
2025-06-12 02:09:00,55.3
2025-06-12 20:34:00,9.8
2025-06-12 03:28:00,55.6
2025-06-12 10:47:00,34.0
2025-06-12 06:53:00,44.4
2025-06-12 08:34:00,50.18136565940501
2025-06-12 10:42:00,75.3
2025-06-12 11:16:00,50.18136565940501
2025-06-12 14:03:00,21.8
2025-06-12 20:54:00,50.18136565940501
2025-06-12 14:22:00,30.4
2025-06-12 18:02:00,50.18136565940501
2025-06-12 23:43:00,13.2
2025-06-12 13:46:00,84.7
2025-06-12 16:39:00,89.9
2025-06-12 12:20:00,39.0
2025-06-12 18:57:00,98.6
2025-06-12 20:53:00,36.1
2025-06-12 05:29:00,28.0
2025-06-12 21:20:00,76.0
2025-06-12 12:37:00,42.0
2025-06-12 21:02:00,77.6
2025-06-12 17:12:00,38.9
2025-06-12 07:01:00,84.0
2025-06-12 11:29:00,50.18136565940501
2025-06-12 09:22:00,31.2
2025-06-12 17:22:00,43.7
2025-06-12 04:49:00,73.6
2025-06-12 01:19:00,95.7
2025-06-12 01:33:00,93.0
2025-06-12 09:43:00,69.3
2025-06-12 02:45:00,0.3
2025-06-12 10:56:00,56.8
2025-06-12 20:35:00,50.18136565940501
2025-06-12 21:57:00,13.8
2025-06-12 09:31:00,30.4
2025-06-12 12:13:00,55.7
2025-06-12 03:36:00,50.2
2025-06-12 16:56:00,50.18136565940501
2025-06-12 08:06:00,27.0
2025-06-12 08:50:00,43.2
2025-06-12 12:10:00,5.7
2025-06-12 14:37:00,43.0
2025-06-12 11:08:00,74.4
2025-06-12 03:39:00,52.7
2025-06-12 01:07:00,33.5
2025-06-12 09:20:00,50.18136565940501
2025-06-12 23:56:00,42.9
2025-06-12 02:27:00,99.1
2025-06-12 11:56:00,32.3
2025-06-12 17:04:00,50.18136565940501
2025-06-12 04:21:00,82.0
2025-06-12 14:51:00,86.6
2025-06-12 00:21:00,16.6
2025-06-12 03:27:00,69.4
2025-06-12 06:38:00,53.4
2025-06-12 01:43:00,51.7
2025-06-12 20:16:00,50.18136565940501
2025-06-12 10:17:00,41.2
2025-06-12 00:15:00,62.0
2025-06-12 01:33:00,8.3
2025-06-12 12:16:00,17.1
2025-06-12 04:40:00,50.18136565940501
2025-06-12 18:53:00,80.2
2025-06-12 19:12:00,48.2
2025-06-12 02:23:00,33.2
2025-06-12 04:03:00,59.0
2025-06-12 03:35:00,41.0
2025-06-12 19:48:00,50.18136565940501
2025-06-12 05:03:00,58.7
2025-06-12 02:58:00,46.0
2025-06-12 09:16:00,59.5
2025-06-12 10:07:00,51.8
2025-06-12 05:41:00,43.4
2025-06-12 15:19:00,93.4
2025-06-12 20:09:00,95.3
2025-06-12 02:05:00,3.0
2025-06-12 02:27:00,34.2
2025-06-12 20:51:00,19.4
2025-06-12 05:58:00,50.18136565940501
2025-06-12 16:16:00,50.18136565940501
2025-06-12 05:59:00,77.8
2025-06-12 09:06:00,21.9
2025-06-12 14:11:00,19.8
2025-06-12 16:02:00,89.8
2025-06-12 10:55:00,50.18136565940501
2025-06-12 21:47:00,41.2
2025-06-12 03:43:00,42.0
2025-06-12 11:33:00,50.18136565940501
2025-06-12 16:14:00,50.18136565940501
2025-06-12 06:12:00,15.9
2025-06-12 19:31:00,50.18136565940501
2025-06-12 10:47:00,49.3
2025-06-12 15:51:00,1.4
2025-06-12 15:54:00,18.3
2025-06-12 04:00:00,53.3
2025-06-12 06:09:00,71.6
2025-06-12 21:28:00,10.6
2025-06-12 02:46:00,18.7
2025-06-12 06:44:00,51.7
2025-06-12 17:07:00,51.9
2025-06-12 06:42:00,11.8
2025-06-12 08:16:00,30.5
2025-06-12 06:13:00,42.5
2025-06-12 12:37:00,40.7
2025-06-12 09:53:00,50.18136565940501
2025-06-12 06:51:00,20.5
2025-06-12 11:45:00,50.18136565940501
2025-06-12 21:23:00,52.3
2025-06-12 21:35:00,50.18136565940501
2025-06-12 19:15:00,11.6
2025-06-12 00:49:00,6.8
2025-06-12 21:09:00,9.6
2025-06-12 18:25:00,94.1
2025-06-12 00:40:00,97.6
2025-06-12 18:19:00,41.4
2025-06-12 09:34:00,50.18136565940501
2025-06-12 13:33:00,46.2
2025-06-12 11:07:00,42.3
2025-06-12 09:01:00,2.4
2025-06-12 20:41:00,67.2
2025-06-12 23:25:00,50.18136565940501
2025-06-12 08:58:00,28.3
2025-06-12 08:41:00,92.1
2025-06-12 23:46:00,28.9
2025-06-12 21:44:00,81.7
2025-06-12 16:01:00,20.0
2025-06-12 05:21:00,50.9
2025-06-12 06:21:00,37.9
2025-06-12 18:55:00,50.18136565940501
2025-06-12 06:07:00,64.9
2025-06-12 15:06:00,78.9
2025-06-12 07:59:00,59.8
2025-06-12 09:33:00,54.3
2025-06-12 00:48:00,50.4
2025-06-12 03:35:00,76.9
2025-06-12 07:05:00,32.3
2025-06-12 19:08:00,50.18136565940501
2025-06-12 00:18:00,22.0
2025-06-12 20:08:00,76.6
2025-06-12 19:03:00,89.7
2025-06-12 17:02:00,40.8
2025-06-12 11:18:00,84.5
2025-06-12 15:15:00,98.7
2025-06-12 09:27:00,23.7
2025-06-12 13:42:00,6.2
2025-06-12 13:15:00,48.6
2025-06-12 18:38:00,15.5
2025-06-12 13:42:00,62.6
2025-06-12 19:17:00,50.18136565940501
2025-06-12 11:32:00,95.1
2025-06-12 10:10:00,50.18136565940501
2025-06-12 09:38:00,94.8
2025-06-12 08:52:00,50.18136565940501
2025-06-12 13:41:00,6.5
2025-06-12 09:37:00,26.4
2025-06-12 17:21:00,14.6
2025-06-12 09:44:00,17.8
2025-06-12 16:48:00,35.5
2025-06-12 21:56:00,4.4
2025-06-12 18:35:00,27.7
2025-06-12 18:47:00,75.4
2025-06-12 07:52:00,50.18136565940501
2025-06-12 12:57:00,18.8
2025-06-12 19:46:00,69.5
2025-06-12 11:13:00,11.0
2025-06-12 05:06:00,63.4
2025-06-12 17:27:00,51.9
2025-06-12 19:36:00,12.0
2025-06-12 10:57:00,47.7
2025-06-12 15:26:00,10.1
2025-06-12 15:30:00,23.8
2025-06-12 06:04:00,75.9
2025-06-12 20:30:00,43.4
2025-06-12 18:39:00,22.1
2025-06-12 17:02:00,76.8
2025-06-12 06:01:00,36.9
2025-06-12 16:14:00,12.7
2025-06-12 04:18:00,76.0
2025-06-12 10:26:00,57.3
2025-06-12 03:15:00,60.2
2025-06-12 12:04:00,38.2
2025-06-12 12:19:00,57.1
2025-06-12 16:54:00,14.6
2025-06-12 18:06:00,5.8
2025-06-12 05:33:00,58.9
2025-06-12 21:51:00,83.4
2025-06-12 09:39:00,83.7
2025-06-12 09:37:00,22.5
2025-06-12 06:27:00,57.7
2025-06-12 22:00:00,61.5
2025-06-12 09:51:00,74.7
2025-06-12 12:07:00,4.1
2025-06-12 13:47:00,65.1
2025-06-12 03:37:00,50.18136565940501
2025-06-12 12:56:00,39.5
2025-06-12 17:25:00,63.3
2025-06-12 16:01:00,70.1
2025-06-12 06:27:00,68.0
2025-06-12 22:47:00,65.3
2025-06-12 10:06:00,46.4
2025-06-12 09:31:00,4.1
2025-06-12 14:14:00,70.6
2025-06-12 06:11:00,94.3
2025-06-12 07:30:00,4.4
2025-06-12 14:20:00,61.3
2025-06-12 10:28:00,99.9
2025-06-12 07:23:00,19.8
2025-06-12 23:33:00,94.0
2025-06-12 04:44:00,12.2
2025-06-12 13:54:00,44.9
2025-06-12 06:07:00,84.7
2025-06-12 08:36:00,41.1
2025-06-12 11:32:00,5.0
2025-06-12 20:45:00,30.5
2025-06-12 07:24:00,65.3
2025-06-12 19:18:00,66.4
2025-06-12 14:58:00,26.6
2025-06-12 10:54:00,52.4
2025-06-12 18:19:00,68.5
2025-06-12 21:20:00,12.3
2025-06-12 04:44:00,24.2
2025-06-12 07:21:00,26.8
2025-06-12 02:52:00,54.0
2025-06-12 17:00:00,97.1
2025-06-12 21:14:00,61.0
2025-06-12 21:38:00,75.8
2025-06-12 00:04:00,85.9
2025-06-12 12:54:00,35.5
2025-06-12 18:00:00,16.5
2025-06-12 09:05:00,88.1
2025-06-12 14:49:00,46.6
2025-06-12 03:35:00,54.8
2025-06-12 06:11:00,50.18136565940501
2025-06-12 16:29:00,57.4
2025-06-12 18:01:00,51.2
2025-06-12 06:32:00,21.6
2025-06-12 19:58:00,2.3
2025-06-12 12:05:00,45.6
2025-06-12 01:28:00,94.9
2025-06-12 07:22:00,22.3
2025-06-12 20:20:00,21.1
2025-06-12 17:08:00,81.8
2025-06-12 01:28:00,46.1
2025-06-12 17:01:00,95.8
2025-06-12 05:06:00,12.3
2025-06-12 01:56:00,41.8
2025-06-12 07:02:00,71.2
2025-06-12 23:12:00,11.5
2025-06-12 17:52:00,50.18136565940501
2025-06-12 12:20:00,28.5
2025-06-12 07:26:00,65.3
2025-06-12 11:03:00,96.5
2025-06-12 21:58:00,33.4
2025-06-12 22:45:00,59.4
2025-06-12 11:40:00,53.1
2025-06-12 04:19:00,99.1
2025-06-12 06:56:00,68.4
2025-06-12 17:05:00,94.3
2025-06-12 23:46:00,37.1
2025-06-12 05:51:00,49.7
2025-06-12 04:02:00,20.9
2025-06-12 09:37:00,25.7
2025-06-12 09:33:00,50.18136565940501
2025-06-12 06:19:00,50.18136565940501
2025-06-12 09:57:00,77.7
2025-06-12 05:54:00,72.5
2025-06-12 05:35:00,87.8
2025-06-12 08:16:00,89.1
2025-06-12 10:01:00,84.6
2025-06-12 15:08:00,7.7
2025-06-12 15:02:00,50.18136565940501
2025-06-12 18:32:00,34.0
2025-06-12 19:02:00,44.9
2025-06-12 23:53:00,95.4
2025-06-12 11:24:00,99.1
2025-06-12 04:48:00,49.5
2025-06-12 07:50:00,68.9
2025-06-12 10:44:00,20.6
2025-06-12 14:47:00,75.0
2025-06-12 15:08:00,45.5
2025-06-12 06:12:00,26.6
2025-06-12 23:19:00,99.7
2025-06-12 20:30:00,50.18136565940501
2025-06-12 17:29:00,35.6
2025-06-12 13:47:00,14.7
2025-06-12 01:30:00,93.2
2025-06-12 14:11:00,85.3
2025-06-12 07:02:00,24.7
2025-06-12 18:02:00,49.66792053602915
2025-06-12 17:41:00,39.9
2025-06-12 07:57:00,24.0
2025-06-12 03:56:00,50.5
2025-06-12 18:42:00,3.1
2025-06-12 09:10:00,38.1
2025-06-12 03:58:00,49.66792053602915
2025-06-12 09:52:00,68.7
2025-06-12 04:14:00,41.0
2025-06-12 10:54:00,76.1
2025-06-12 13:23:00,17.3
2025-06-12 14:14:00,15.0
2025-06-12 14:21:00,49.66792053602915
2025-06-12 17:32:00,61.4
2025-06-12 19:12:00,19.1
2025-06-12 23:30:00,44.1
2025-06-12 17:21:00,49.66792053602915
2025-06-12 22:31:00,51.4
2025-06-12 09:09:00,68.6
2025-06-12 17:16:00,16.4
2025-06-12 11:45:00,85.8
2025-06-12 04:45:00,75.9
2025-06-12 18:55:00,15.6
2025-06-12 01:16:00,49.66792053602915
2025-06-12 08:05:00,9.1
2025-06-12 15:24:00,62.8
2025-06-12 06:44:00,55.5
2025-06-12 13:25:00,50.3
2025-06-12 12:42:00,49.66792053602915
2025-06-12 09:00:00,8.6
2025-06-12 15:13:00,49.66792053602915
2025-06-12 00:39:00,44.2
2025-06-12 21:51:00,55.3
2025-06-12 05:04:00,42.4
2025-06-12 15:47:00,49.66792053602915
2025-06-12 20:15:00,44.3
2025-06-12 07:01:00,48.7
2025-06-12 19:40:00,28.4
2025-06-12 19:52:00,36.4
2025-06-12 08:20:00,11.4
2025-06-12 20:09:00,33.8
2025-06-12 12:24:00,32.2
2025-06-12 21:15:00,25.1
2025-06-12 11:19:00,40.1
2025-06-12 16:22:00,63.9
2025-06-12 23:50:00,41.8
2025-06-12 01:13:00,9.9
2025-06-12 20:25:00,25.3
2025-06-12 09:31:00,8.9
2025-06-12 16:39:00,61.2
2025-06-12 16:24:00,49.66792053602915
2025-06-12 06:54:00,58.6
2025-06-12 22:44:00,43.6
2025-06-12 04:00:00,49.66792053602915
2025-06-12 08:24:00,59.3
2025-06-12 05:14:00,26.7
2025-06-12 11:31:00,77.2
2025-06-12 05:07:00,56.3
2025-06-12 08:58:00,34.0
2025-06-12 01:41:00,35.4
2025-06-12 10:13:00,60.6
2025-06-12 16:08:00,49.66792053602915
2025-06-12 00:13:00,60.0
2025-06-12 16:21:00,68.0
2025-06-12 05:06:00,3.7
2025-06-12 11:53:00,53.9
2025-06-12 14:10:00,49.66792053602915
2025-06-12 19:10:00,25.2
2025-06-12 00:10:00,32.6
2025-06-12 21:08:00,71.6
2025-06-12 18:57:00,27.0
2025-06-12 03:54:00,34.3
2025-06-12 07:46:00,14.9
2025-06-12 04:52:00,49.66792053602915
2025-06-12 06:47:00,85.4
2025-06-12 18:14:00,3.9
2025-06-12 19:33:00,64.4
2025-06-12 14:16:00,33.1
2025-06-12 09:20:00,32.7
2025-06-12 08:43:00,67.5
2025-06-12 06:38:00,65.2
2025-06-12 19:10:00,50.9
2025-06-12 08:30:00,82.3
2025-06-12 04:08:00,49.66792053602915
2025-06-12 02:17:00,95.9
2025-06-12 17:50:00,49.66792053602915
2025-06-12 02:52:00,32.9
2025-06-12 22:14:00,36.5
2025-06-12 17:52:00,72.1
2025-06-12 08:33:00,11.4
2025-06-12 09:14:00,96.6
2025-06-12 14:34:00,22.3
2025-06-12 13:00:00,91.2
2025-06-12 22:20:00,90.3
2025-06-12 07:29:00,87.3
2025-06-12 18:34:00,49.66792053602915
2025-06-12 07:17:00,49.66792053602915
2025-06-12 23:29:00,8.8
2025-06-12 16:56:00,49.66792053602915
2025-06-12 23:52:00,87.0
2025-06-12 08:38:00,23.4
2025-06-12 04:16:00,9.5
2025-06-12 21:07:00,49.66792053602915
2025-06-12 18:37:00,12.7
2025-06-12 07:54:00,55.0
2025-06-12 01:27:00,49.5
2025-06-12 18:58:00,83.8
2025-06-12 01:12:00,32.6
2025-06-12 08:47:00,14.2
2025-06-12 11:10:00,52.9
2025-06-12 06:09:00,44.0
2025-06-12 11:06:00,49.66792053602915
2025-06-12 12:54:00,31.4
2025-06-12 02:33:00,49.66792053602915
2025-06-12 13:59:00,37.0
2025-06-12 18:33:00,27.5
2025-06-12 17:31:00,49.66792053602915
2025-06-12 16:10:00,49.66792053602915
2025-06-12 13:13:00,78.9
2025-06-12 21:20:00,68.6
2025-06-12 20:39:00,67.5
2025-06-12 14:46:00,22.6
2025-06-12 16:42:00,66.4
2025-06-12 03:35:00,98.0
2025-06-12 13:43:00,70.6
2025-06-12 10:22:00,73.5
2025-06-12 11:59:00,64.5
2025-06-12 16:58:00,81.0
2025-06-12 09:11:00,83.3
2025-06-12 13:57:00,30.0
2025-06-12 08:59:00,49.66792053602915
2025-06-12 20:57:00,17.4
2025-06-12 23:51:00,25.2
2025-06-12 22:29:00,71.8
2025-06-12 02:03:00,30.1
2025-06-12 13:12:00,14.5
2025-06-12 00:46:00,49.66792053602915
2025-06-12 17:09:00,91.9
2025-06-12 18:09:00,49.66792053602915
2025-06-12 00:54:00,61.3
2025-06-12 09:28:00,49.66792053602915
2025-06-12 09:03:00,42.2
2025-06-12 19:15:00,18.0
2025-06-12 14:17:00,45.8
2025-06-12 11:56:00,83.1
2025-06-12 10:43:00,61.2
2025-06-12 20:18:00,39.8
2025-06-12 18:08:00,49.66792053602915
2025-06-12 03:39:00,44.4
2025-06-12 10:09:00,18.4
2025-06-12 15:38:00,97.6
2025-06-12 13:30:00,10.5
2025-06-12 08:57:00,49.66792053602915
2025-06-12 13:11:00,42.6
2025-06-12 23:41:00,2.3
2025-06-12 15:33:00,23.0
2025-06-12 18:31:00,54.7
2025-06-12 11:01:00,0.5
2025-06-12 06:46:00,3.3
2025-06-12 14:13:00,38.2
2025-06-12 07:15:00,88.0
2025-06-12 22:26:00,49.66792053602915
2025-06-12 23:56:00,35.8
2025-06-12 04:19:00,50.9
2025-06-12 02:42:00,32.1
2025-06-12 00:05:00,58.7
2025-06-12 23:16:00,87.3
2025-06-12 08:47:00,54.8
2025-06-12 21:59:00,76.7
2025-06-12 03:15:00,15.8
2025-06-12 12:34:00,56.2
2025-06-12 04:47:00,49.66792053602915
2025-06-12 18:32:00,25.4
2025-06-12 22:49:00,88.6
2025-06-12 04:43:00,51.8
2025-06-12 08:46:00,49.66792053602915
2025-06-12 00:56:00,7.9
2025-06-12 10:19:00,62.5
2025-06-12 20:28:00,39.3
2025-06-12 16:38:00,42.3
2025-06-12 06:04:00,17.5
2025-06-12 21:54:00,9.0
2025-06-12 00:37:00,32.4
2025-06-12 08:06:00,49.66792053602915
2025-06-12 02:46:00,2.5
2025-06-12 17:20:00,65.7
2025-06-12 11:06:00,25.5
2025-06-12 11:26:00,45.7
2025-06-12 13:18:00,17.7
2025-06-12 01:30:00,49.66792053602915
2025-06-12 19:10:00,12.7
2025-06-12 14:26:00,49.66792053602915
2025-06-12 12:43:00,58.3
2025-06-12 07:20:00,18.9
2025-06-12 12:21:00,3.9
2025-06-12 02:11:00,44.5
2025-06-12 06:49:00,8.1
2025-06-12 13:07:00,29.0
2025-06-12 02:16:00,16.4
2025-06-12 08:04:00,39.3
2025-06-12 01:16:00,68.6
2025-06-12 20:42:00,57.3
2025-06-12 14:20:00,41.3
2025-06-12 01:56:00,68.0
2025-06-12 13:59:00,96.9
2025-06-12 10:32:00,82.9
2025-06-12 13:50:00,51.7
2025-06-12 18:28:00,88.5
2025-06-12 18:01:00,49.66792053602915
2025-06-12 20:13:00,8.3
2025-06-12 03:00:00,9.1
2025-06-12 19:41:00,9.7
2025-06-12 06:10:00,49.66792053602915
2025-06-12 08:53:00,68.1
2025-06-12 08:13:00,24.6
2025-06-12 18:50:00,90.1
2025-06-12 05:10:00,23.8
2025-06-12 13:09:00,8.3
2025-06-12 22:49:00,52.0
2025-06-12 21:04:00,6.9
2025-06-12 08:30:00,60.4
2025-06-12 23:47:00,86.9
2025-06-12 04:58:00,32.3
2025-06-12 21:38:00,49.66792053602915
2025-06-12 04:23:00,49.66792053602915
2025-06-12 19:20:00,64.1
2025-06-12 11:56:00,75.8
2025-06-12 11:56:00,20.6
2025-06-12 20:30:00,6.5
2025-06-12 15:00:00,2.1
2025-06-12 21:18:00,9.2
2025-06-12 21:25:00,49.66792053602915
2025-06-12 17:19:00,57.8
2025-06-12 14:58:00,49.66792053602915
2025-06-12 10:12:00,55.0
2025-06-12 01:14:00,80.5
2025-06-12 15:44:00,30.2
2025-06-12 00:45:00,93.4
2025-06-12 14:51:00,73.4
2025-06-12 03:29:00,49.66792053602915
2025-06-12 11:26:00,82.1
2025-06-12 11:06:00,47.3
2025-06-12 13:35:00,11.5
2025-06-12 05:28:00,17.1
2025-06-12 06:33:00,72.8
2025-06-12 21:25:00,49.66792053602915
2025-06-12 22:38:00,10.6
2025-06-12 09:18:00,49.66792053602915
2025-06-12 09:22:00,83.2
2025-06-12 00:23:00,67.9
2025-06-12 14:46:00,49.66792053602915
2025-06-12 21:49:00,52.3
2025-06-12 05:26:00,80.5
2025-06-12 21:47:00,60.7
2025-06-12 21:11:00,49.66792053602915
2025-06-12 19:37:00,69.6
2025-06-12 10:07:00,9.0
2025-06-12 06:43:00,23.0
2025-06-12 06:57:00,39.2
2025-06-12 08:27:00,31.5
2025-06-12 07:55:00,95.0
2025-06-12 03:23:00,12.9
2025-06-12 00:32:00,64.0
2025-06-12 15:54:00,19.4
2025-06-12 07:36:00,17.9
2025-06-12 03:59:00,78.9
2025-06-12 21:10:00,79.8
2025-06-12 10:06:00,7.5
2025-06-12 06:21:00,2.2
2025-06-12 21:29:00,74.1
2025-06-12 07:45:00,49.66792053602915
2025-06-12 00:15:00,49.66792053602915
2025-06-12 00:06:00,37.2
2025-06-12 02:13:00,16.8
2025-06-12 08:51:00,49.66792053602915
2025-06-12 11:39:00,62.9
2025-06-12 05:28:00,70.4
2025-06-12 22:16:00,69.1
2025-06-12 22:08:00,95.9
2025-06-12 20:35:00,46.1
2025-06-12 14:15:00,49.66792053602915
2025-06-12 18:02:00,31.9
2025-06-12 15:08:00,80.1
2025-06-12 10:43:00,3.6
2025-06-12 05:35:00,58.6
2025-06-12 20:54:00,60.8
2025-06-12 05:05:00,47.7
2025-06-12 03:08:00,10.7
2025-06-12 19:42:00,82.2
2025-06-12 10:29:00,41.0
2025-06-12 18:31:00,19.7
2025-06-12 00:59:00,31.4
2025-06-12 18:52:00,4.7
2025-06-12 16:08:00,17.1
2025-06-12 17:55:00,9.2
2025-06-12 13:18:00,5.3
2025-06-12 15:27:00,65.8
2025-06-12 18:28:00,49.66792053602915
2025-06-12 17:04:00,66.8
2025-06-12 18:46:00,16.6
2025-06-12 07:30:00,42.2
2025-06-12 20:15:00,27.5
2025-06-12 04:11:00,7.2
2025-06-12 04:03:00,49.66792053602915
2025-06-12 07:51:00,56.7
2025-06-12 19:55:00,25.2
2025-06-12 08:36:00,29.8
2025-06-12 18:33:00,49.66792053602915
2025-06-12 23:06:00,77.6
2025-06-12 03:39:00,34.8
2025-06-12 05:30:00,36.7
2025-06-12 16:21:00,72.2
2025-06-12 04:45:00,77.7
2025-06-12 19:08:00,68.4
2025-06-12 19:02:00,20.6
2025-06-12 07:06:00,15.6
2025-06-12 04:16:00,53.3
2025-06-12 02:38:00,13.5
2025-06-12 01:16:00,49.66792053602915
2025-06-12 22:17:00,49.66792053602915
2025-06-12 08:10:00,80.3
2025-06-12 21:26:00,58.6
2025-06-12 07:53:00,68.8
2025-06-12 04:33:00,38.6
2025-06-12 01:41:00,30.4
2025-06-12 03:40:00,45.3
2025-06-12 01:46:00,93.3
2025-06-12 16:47:00,93.6
2025-06-12 17:34:00,91.6
2025-06-12 10:34:00,49.66792053602915
2025-06-12 08:52:00,45.1
2025-06-12 12:05:00,49.66792053602915
2025-06-12 21:38:00,29.2
2025-06-12 01:09:00,77.0
2025-06-12 01:34:00,70.3
2025-06-12 06:35:00,55.0
2025-06-12 05:50:00,3.8
2025-06-12 21:06:00,39.6
2025-06-12 22:18:00,19.0
2025-06-12 01:17:00,88.6
2025-06-12 20:29:00,49.66792053602915
2025-06-12 08:41:00,9.8
2025-06-12 10:25:00,97.7
2025-06-12 15:18:00,59.8
2025-06-12 03:20:00,49.1
2025-06-12 15:14:00,43.0
2025-06-12 08:14:00,6.8
2025-06-12 07:35:00,49.66792053602915
2025-06-12 16:14:00,80.3
2025-06-12 10:03:00,55.0
2025-06-12 11:22:00,49.66792053602915
2025-06-12 07:39:00,54.6
2025-06-12 19:48:00,49.66792053602915
2025-06-12 19:19:00,3.9
2025-06-12 12:25:00,49.66792053602915
2025-06-12 14:52:00,16.5
2025-06-12 23:58:00,66.8
2025-06-12 02:29:00,21.4
2025-06-12 08:04:00,49.66792053602915
2025-06-12 16:27:00,12.1
2025-06-12 06:38:00,17.4
2025-06-12 04:50:00,37.0
2025-06-12 03:50:00,56.5
2025-06-12 18:30:00,26.0
2025-06-12 18:41:00,58.2
2025-06-12 06:35:00,93.4
2025-06-12 10:34:00,33.8
2025-06-12 09:00:00,50.4
2025-06-12 00:01:00,19.2
2025-06-12 22:23:00,93.8
2025-06-12 16:10:00,25.3
2025-06-12 07:36:00,49.82591552591553
2025-06-12 22:57:00,35.7
2025-06-12 23:02:00,75.6
2025-06-12 12:11:00,62.2
2025-06-12 22:42:00,87.8
2025-06-12 00:11:00,89.9
2025-06-12 16:36:00,70.9
2025-06-12 09:19:00,40.5
2025-06-12 09:38:00,49.82591552591553
2025-06-12 11:24:00,10.1
2025-06-12 21:25:00,3.1
2025-06-12 18:42:00,84.1
2025-06-12 04:25:00,91.9
2025-06-12 22:48:00,40.5
2025-06-12 17:57:00,96.1
2025-06-12 15:17:00,76.1
2025-06-12 00:37:00,72.3
2025-06-12 09:01:00,51.0
2025-06-12 17:02:00,30.9
2025-06-12 21:05:00,2.2
2025-06-12 14:43:00,49.82591552591553
2025-06-12 13:39:00,19.2
2025-06-12 09:51:00,100.0
2025-06-12 10:29:00,49.82591552591553
2025-06-12 17:59:00,49.82591552591553
2025-06-12 03:15:00,46.3
2025-06-12 04:50:00,90.4
2025-06-12 18:29:00,93.6
2025-06-12 08:52:00,36.5
2025-06-12 06:47:00,10.5
2025-06-12 21:23:00,48.6
2025-06-12 09:31:00,49.82591552591553
2025-06-12 05:30:00,50.3
2025-06-12 12:22:00,4.0
2025-06-12 02:21:00,17.4
2025-06-12 05:01:00,3.9
2025-06-12 02:12:00,49.82591552591553
2025-06-12 14:22:00,49.82591552591553
2025-06-12 16:19:00,87.0
2025-06-12 14:31:00,44.3
2025-06-12 08:41:00,91.3
2025-06-12 07:03:00,49.82591552591553
2025-06-12 09:15:00,27.2
2025-06-12 06:17:00,49.82591552591553
2025-06-12 22:03:00,25.7
2025-06-12 23:05:00,49.82591552591553
2025-06-12 15:11:00,50.5
2025-06-12 17:46:00,46.4
2025-06-12 15:04:00,93.2
2025-06-12 13:44:00,69.5
2025-06-12 23:09:00,40.2
2025-06-12 13:11:00,98.9
2025-06-12 03:10:00,56.9
2025-06-12 13:27:00,92.9
2025-06-12 16:03:00,55.5
2025-06-12 15:00:00,61.5
2025-06-12 22:03:00,24.5
2025-06-12 14:22:00,91.8
2025-06-12 16:29:00,70.2
2025-06-12 07:32:00,72.4
2025-06-12 05:58:00,64.1
2025-06-12 17:52:00,49.82591552591553
2025-06-12 00:29:00,49.82591552591553
2025-06-12 14:27:00,94.9
2025-06-12 05:24:00,21.1
2025-06-12 02:49:00,46.6
2025-06-12 01:18:00,64.4
2025-06-12 07:38:00,83.2
2025-06-12 00:47:00,82.1
2025-06-12 02:08:00,53.8
2025-06-12 20:11:00,94.6
2025-06-12 04:57:00,24.1
2025-06-12 10:38:00,11.8
2025-06-12 05:17:00,63.6
2025-06-12 08:09:00,40.9
2025-06-12 11:43:00,49.82591552591553
2025-06-12 15:11:00,48.8
2025-06-12 04:23:00,42.9
2025-06-12 23:48:00,59.3
2025-06-12 07:45:00,49.82591552591553
2025-06-12 09:45:00,49.82591552591553
2025-06-12 20:54:00,45.6
2025-06-12 03:33:00,22.4
2025-06-12 10:20:00,38.0
2025-06-12 16:17:00,38.5
2025-06-12 12:06:00,73.9
2025-06-12 13:20:00,49.82591552591553
2025-06-12 00:36:00,49.82591552591553
2025-06-12 14:43:00,5.9
2025-06-12 09:33:00,58.1
2025-06-12 09:56:00,34.4
2025-06-12 15:27:00,86.9
2025-06-12 01:00:00,91.3
2025-06-12 05:41:00,59.9
2025-06-12 12:30:00,50.0
2025-06-12 04:26:00,85.5
2025-06-12 08:20:00,62.2
2025-06-12 01:44:00,70.1
2025-06-12 04:46:00,82.3
2025-06-12 18:48:00,49.82591552591553
2025-06-12 01:29:00,21.0
2025-06-12 12:05:00,19.5
2025-06-12 18:20:00,88.1
2025-06-12 10:44:00,90.9
2025-06-12 02:40:00,55.4
2025-06-12 22:32:00,89.7
2025-06-12 13:19:00,47.8
2025-06-12 17:06:00,32.8
2025-06-12 20:36:00,71.4
2025-06-12 14:18:00,49.82591552591553
2025-06-12 00:01:00,49.82591552591553
2025-06-12 18:04:00,42.7
2025-06-12 22:03:00,56.7
2025-06-12 23:01:00,75.5
2025-06-12 00:33:00,15.0
2025-06-12 19:33:00,79.3
2025-06-12 15:16:00,4.1
2025-06-12 22:19:00,16.7
2025-06-12 08:52:00,68.7
2025-06-12 14:04:00,68.3
2025-06-12 19:46:00,7.1
2025-06-12 18:11:00,49.82591552591553
2025-06-12 06:51:00,77.6
2025-06-12 00:04:00,91.7
2025-06-12 15:53:00,49.82591552591553
2025-06-12 19:23:00,40.3
2025-06-12 23:52:00,71.9
2025-06-12 05:14:00,12.7
2025-06-12 21:37:00,79.4
2025-06-12 17:26:00,2.4
2025-06-12 04:04:00,11.7
2025-06-12 13:33:00,67.6
2025-06-12 07:47:00,80.0
2025-06-12 07:04:00,30.0
2025-06-12 03:57:00,25.6
2025-06-12 22:46:00,21.9
2025-06-12 16:19:00,85.6
2025-06-12 08:40:00,19.1
2025-06-12 23:26:00,16.1
2025-06-12 03:30:00,49.82591552591553
2025-06-12 12:16:00,48.6
2025-06-12 08:51:00,27.2
2025-06-12 15:03:00,16.1
2025-06-12 15:52:00,88.0
2025-06-12 07:37:00,49.82591552591553
2025-06-12 11:23:00,25.4
2025-06-12 23:25:00,7.8
2025-06-12 06:38:00,60.0
2025-06-12 21:02:00,12.7
2025-06-12 20:12:00,73.0
2025-06-12 22:42:00,92.9
2025-06-12 05:52:00,5.0
2025-06-12 08:58:00,49.82591552591553
2025-06-12 10:38:00,26.6
2025-06-12 02:17:00,28.2
2025-06-12 13:49:00,70.1
2025-06-12 22:11:00,39.0
2025-06-12 02:21:00,45.9
2025-06-12 12:35:00,83.9
2025-06-12 11:00:00,49.82591552591553
2025-06-12 01:21:00,97.3
2025-06-12 02:41:00,91.6
2025-06-12 13:47:00,81.7
2025-06-12 11:16:00,87.3
2025-06-12 16:24:00,49.82591552591553
2025-06-12 12:42:00,31.2
2025-06-12 17:11:00,19.3
2025-06-12 22:38:00,32.7
2025-06-12 16:50:00,98.2
2025-06-12 04:48:00,49.82591552591553
2025-06-12 18:46:00,58.1
2025-06-12 03:05:00,50.7
2025-06-12 05:55:00,13.4
2025-06-12 08:10:00,40.6
2025-06-12 15:00:00,34.5
2025-06-12 01:06:00,93.1
2025-06-12 02:46:00,48.9
2025-06-12 05:39:00,74.1
2025-06-12 09:09:00,49.82591552591553
2025-06-12 03:37:00,95.6
2025-06-12 12:45:00,95.0
2025-06-12 00:43:00,25.5
2025-06-12 12:07:00,1.6
2025-06-12 10:56:00,17.2
2025-06-12 09:42:00,16.3
2025-06-12 12:09:00,49.82591552591553
2025-06-12 07:54:00,96.5
2025-06-12 20:42:00,99.2
2025-06-12 03:53:00,84.3
2025-06-12 02:56:00,49.82591552591553
2025-06-12 05:29:00,97.9
2025-06-12 11:09:00,98.7
2025-06-12 06:22:00,52.2
2025-06-12 23:49:00,25.0
2025-06-12 13:12:00,59.0
2025-06-12 23:55:00,77.7
2025-06-12 13:18:00,49.82591552591553
2025-06-12 21:08:00,26.9
2025-06-12 06:31:00,79.5
2025-06-12 23:02:00,49.82591552591553
2025-06-12 23:55:00,11.0
2025-06-12 05:00:00,15.0
2025-06-12 21:42:00,49.5
2025-06-12 10:39:00,90.9
2025-06-12 19:38:00,48.1
2025-06-12 14:05:00,0.4
2025-06-12 20:28:00,66.0
2025-06-12 07:49:00,46.9
2025-06-12 03:00:00,30.5
2025-06-12 05:28:00,79.6
2025-06-12 05:34:00,88.8
2025-06-12 18:32:00,18.9
2025-06-12 09:13:00,77.3
2025-06-12 03:57:00,7.4
2025-06-12 12:27:00,27.4
2025-06-12 08:56:00,50.6
2025-06-12 00:47:00,49.82591552591553
2025-06-12 15:11:00,92.0
2025-06-12 16:58:00,21.5
2025-06-12 23:34:00,37.3
2025-06-12 22:05:00,85.8
2025-06-12 04:16:00,31.3
2025-06-12 04:09:00,2.3
2025-06-12 19:51:00,23.0
2025-06-12 09:40:00,49.82591552591553
2025-06-12 13:21:00,93.9
2025-06-12 22:13:00,66.9
2025-06-12 15:41:00,1.9
2025-06-12 18:34:00,62.1
2025-06-12 22:43:00,6.0
2025-06-12 01:03:00,92.4
2025-06-12 16:29:00,43.2
2025-06-12 10:51:00,17.0
2025-06-12 03:30:00,49.82591552591553
2025-06-12 05:57:00,77.8
2025-06-12 18:04:00,62.3
2025-06-12 23:30:00,30.0
2025-06-12 11:42:00,25.9
2025-06-12 20:44:00,92.5
2025-06-12 00:25:00,49.82591552591553
2025-06-12 14:12:00,37.1
2025-06-12 08:40:00,98.6
2025-06-12 21:54:00,0.4
2025-06-12 21:40:00,78.5
2025-06-12 20:00:00,55.9
2025-06-12 16:19:00,42.0
2025-06-12 19:41:00,56.6
2025-06-12 03:30:00,35.1
2025-06-12 04:03:00,99.3
2025-06-12 16:16:00,49.82591552591553
2025-06-12 15:00:00,49.82591552591553
2025-06-12 16:42:00,90.9
2025-06-12 00:50:00,23.9
2025-06-12 04:33:00,93.9
2025-06-12 10:16:00,74.1
2025-06-12 02:07:00,47.9
2025-06-12 18:27:00,49.82591552591553
2025-06-12 21:28:00,32.6
2025-06-12 18:50:00,76.9
2025-06-12 23:42:00,50.7
2025-06-12 03:39:00,10.6
2025-06-12 19:03:00,55.2
2025-06-12 21:25:00,81.3
2025-06-12 11:47:00,48.7
2025-06-12 17:27:00,49.82591552591553
2025-06-12 12:59:00,18.3
2025-06-12 18:49:00,73.9
2025-06-12 14:15:00,8.7
2025-06-12 00:28:00,31.8
2025-06-12 14:33:00,23.6
2025-06-12 18:09:00,67.7
2025-06-12 20:39:00,75.2
2025-06-12 09:01:00,12.5
2025-06-12 17:23:00,74.8
2025-06-12 08:38:00,49.82591552591553
2025-06-12 12:18:00,83.3
2025-06-12 12:31:00,53.3
2025-06-12 21:47:00,79.7
2025-06-12 15:12:00,49.82591552591553
2025-06-12 18:21:00,5.9
2025-06-12 17:54:00,99.3
2025-06-12 07:12:00,94.0
2025-06-12 07:30:00,69.0
2025-06-12 18:28:00,37.7
2025-06-12 04:39:00,61.8
2025-06-12 08:27:00,81.0
2025-06-12 01:04:00,62.0
2025-06-12 12:53:00,7.3
2025-06-12 16:00:00,20.8
2025-06-12 20:47:00,77.7
2025-06-12 21:42:00,50.7
2025-06-12 06:06:00,49.82591552591553
2025-06-12 18:55:00,60.2
2025-06-12 14:19:00,34.2
2025-06-12 22:17:00,13.1
2025-06-12 23:44:00,77.2
2025-06-12 07:34:00,83.8
2025-06-12 13:21:00,10.3
2025-06-12 17:08:00,12.5
2025-06-12 15:34:00,73.3
2025-06-12 08:21:00,49.82591552591553
2025-06-12 21:07:00,44.3
2025-06-12 15:34:00,43.5
2025-06-12 02:58:00,49.82591552591553
2025-06-12 17:46:00,44.4
2025-06-12 20:24:00,47.0
2025-06-12 03:01:00,87.9
2025-06-12 07:41:00,75.2
2025-06-12 15:20:00,97.6
2025-06-12 10:44:00,49.82591552591553
2025-06-12 15:36:00,57.4
2025-06-12 02:02:00,16.0
2025-06-12 09:21:00,11.4
2025-06-12 21:53:00,60.5
2025-06-12 23:50:00,49.82591552591553
2025-06-12 09:12:00,56.7
2025-06-12 06:03:00,55.7
2025-06-12 18:41:00,65.0
2025-06-12 20:07:00,12.0
2025-06-12 13:54:00,4.6
2025-06-12 10:58:00,43.7
2025-06-12 06:44:00,70.6
2025-06-12 13:22:00,75.4
2025-06-12 10:16:00,53.9
2025-06-12 13:59:00,49.2
2025-06-12 07:51:00,62.0
2025-06-12 08:02:00,90.3
2025-06-12 19:36:00,49.82264106490752
2025-06-12 08:26:00,10.4
2025-06-12 09:47:00,63.8
2025-06-12 17:00:00,82.1
2025-06-12 01:19:00,3.3
2025-06-12 10:26:00,18.8
2025-06-12 13:52:00,89.5
2025-06-12 01:12:00,49.82264106490752
2025-06-12 04:39:00,60.2
2025-06-12 08:50:00,46.0
2025-06-12 11:09:00,5.7
2025-06-12 05:42:00,35.2
2025-06-12 06:40:00,18.3
2025-06-12 01:42:00,54.4
2025-06-12 13:41:00,49.82264106490752
2025-06-12 20:00:00,49.82264106490752
2025-06-12 03:30:00,37.8
2025-06-12 23:13:00,78.8
2025-06-12 18:39:00,49.82264106490752
2025-06-12 13:52:00,34.2
2025-06-12 19:52:00,7.5
2025-06-12 01:37:00,92.3
2025-06-12 16:43:00,36.1
2025-06-12 14:43:00,90.4
2025-06-12 15:31:00,2.1
2025-06-12 04:00:00,49.2
2025-06-12 21:12:00,79.9
2025-06-12 10:53:00,55.7
2025-06-12 08:07:00,85.1
2025-06-12 09:24:00,21.7
2025-06-12 05:36:00,49.1
2025-06-12 17:25:00,20.3
2025-06-12 13:27:00,48.8
2025-06-12 16:35:00,81.7
2025-06-12 01:13:00,49.82264106490752
2025-06-12 17:48:00,12.8
2025-06-12 00:09:00,79.8
2025-06-12 09:09:00,70.5
2025-06-12 13:21:00,78.7
2025-06-12 17:44:00,81.9
2025-06-12 12:51:00,18.1
2025-06-12 18:36:00,46.5
2025-06-12 21:03:00,69.4
2025-06-12 00:40:00,58.1
2025-06-12 06:21:00,49.82264106490752
2025-06-12 14:15:00,11.7
2025-06-12 01:16:00,96.9
2025-06-12 05:02:00,49.82264106490752
2025-06-12 18:57:00,60.4
2025-06-12 15:22:00,2.0
2025-06-12 19:05:00,5.7
2025-06-12 07:04:00,49.82264106490752
2025-06-12 05:03:00,49.82264106490752
2025-06-12 13:43:00,93.2
2025-06-12 13:40:00,67.6
2025-06-12 22:34:00,14.4
2025-06-12 19:20:00,91.9
2025-06-12 11:37:00,13.0
2025-06-12 00:25:00,49.82264106490752
2025-06-12 07:25:00,58.6
2025-06-12 09:18:00,45.6
2025-06-12 08:00:00,49.82264106490752
2025-06-12 11:39:00,80.4
2025-06-12 10:06:00,49.82264106490752
2025-06-12 03:36:00,44.7
2025-06-12 18:58:00,87.9
2025-06-12 22:12:00,49.82264106490752
2025-06-12 19:51:00,16.5
2025-06-12 06:52:00,95.8
2025-06-12 14:29:00,73.7
2025-06-12 15:27:00,20.4
2025-06-12 15:30:00,53.6
2025-06-12 03:09:00,10.3
2025-06-12 08:26:00,0.8
2025-06-12 12:46:00,68.5
2025-06-12 04:59:00,84.7
2025-06-12 13:51:00,74.7
2025-06-12 20:29:00,36.6
2025-06-12 12:40:00,78.4
2025-06-12 10:37:00,57.9
2025-06-12 02:04:00,4.1
2025-06-12 07:21:00,39.5
2025-06-12 17:16:00,38.4
2025-06-12 01:39:00,17.6
2025-06-12 00:06:00,24.7
2025-06-12 21:02:00,49.82264106490752
2025-06-12 15:43:00,10.0
2025-06-12 15:59:00,60.8
2025-06-12 11:32:00,49.82264106490752
2025-06-12 11:43:00,8.4
2025-06-12 16:14:00,76.8
2025-06-12 10:05:00,41.6
2025-06-12 11:34:00,13.1
2025-06-12 03:02:00,68.2
2025-06-12 16:35:00,54.4
2025-06-12 16:24:00,80.1
2025-06-12 18:37:00,47.7
2025-06-12 03:37:00,21.7
2025-06-12 01:50:00,50.0
2025-06-12 02:24:00,62.7
2025-06-12 21:28:00,2.6
2025-06-12 02:37:00,38.8
2025-06-12 11:26:00,27.2
2025-06-12 14:29:00,27.6
2025-06-12 00:45:00,59.5
2025-06-12 23:03:00,82.4
2025-06-12 02:48:00,10.9
2025-06-12 19:09:00,49.82264106490752
2025-06-12 03:50:00,8.6
2025-06-12 01:14:00,68.6
2025-06-12 05:45:00,2.9
2025-06-12 22:33:00,65.2
2025-06-12 22:34:00,28.2
2025-06-12 20:55:00,9.9
2025-06-12 22:19:00,93.3
2025-06-12 22:37:00,49.82264106490752
2025-06-12 06:21:00,80.3
2025-06-12 06:35:00,83.6
2025-06-12 09:53:00,15.0
2025-06-12 13:37:00,5.0
2025-06-12 20:26:00,9.6
2025-06-12 02:35:00,49.82264106490752
2025-06-12 02:38:00,60.4
2025-06-12 02:34:00,29.5
2025-06-12 19:10:00,67.4
2025-06-12 07:59:00,88.5
2025-06-12 17:38:00,87.6
2025-06-12 09:13:00,35.9
2025-06-12 04:17:00,49.82264106490752
2025-06-12 12:07:00,87.3
2025-06-12 04:29:00,59.7
2025-06-12 21:57:00,2.3
2025-06-12 07:01:00,52.7
2025-06-12 17:34:00,15.5
2025-06-12 18:33:00,80.6
2025-06-12 18:23:00,76.3
2025-06-12 22:52:00,20.4
2025-06-12 19:57:00,12.5
2025-06-12 14:59:00,21.6
2025-06-12 22:27:00,6.4
2025-06-12 03:26:00,30.7
2025-06-12 10:00:00,9.0
2025-06-12 17:23:00,27.5
2025-06-12 06:39:00,49.82264106490752
2025-06-12 21:42:00,49.82264106490752
2025-06-12 15:02:00,58.2
2025-06-12 00:26:00,49.82264106490752
2025-06-12 19:32:00,48.7
2025-06-12 07:14:00,49.82264106490752
2025-06-12 11:03:00,2.4
2025-06-12 22:27:00,49.82264106490752
2025-06-12 13:43:00,48.0
2025-06-12 04:58:00,33.3
2025-06-12 23:40:00,1.3
2025-06-12 10:08:00,57.2
2025-06-12 04:00:00,92.2
2025-06-12 14:08:00,34.9
2025-06-12 00:49:00,42.6
2025-06-12 13:45:00,49.82264106490752
2025-06-12 13:59:00,54.0
2025-06-12 14:13:00,49.82264106490752
2025-06-12 00:34:00,88.9
2025-06-12 20:49:00,49.82264106490752
2025-06-12 00:44:00,3.8
2025-06-12 04:15:00,47.3
2025-06-12 19:58:00,4.6
2025-06-12 09:19:00,14.1
2025-06-12 14:06:00,49.82264106490752
2025-06-12 21:10:00,49.82264106490752
2025-06-12 15:11:00,56.2
2025-06-12 17:33:00,96.9
2025-06-12 23:40:00,21.6
2025-06-12 19:53:00,49.82264106490752
2025-06-12 14:34:00,48.5
2025-06-12 21:38:00,48.8
2025-06-12 18:33:00,70.4
2025-06-12 14:05:00,1.2
2025-06-12 01:39:00,49.82264106490752
2025-06-12 10:21:00,49.82264106490752
2025-06-12 23:53:00,8.7
2025-06-12 00:15:00,45.2
2025-06-12 09:06:00,49.82264106490752
2025-06-12 08:20:00,49.82264106490752
2025-06-12 05:54:00,49.82264106490752
2025-06-12 15:31:00,85.7
2025-06-12 15:29:00,11.1
2025-06-12 11:09:00,36.9
2025-06-12 16:15:00,49.82264106490752
2025-06-12 06:04:00,64.7
2025-06-12 22:36:00,68.6
2025-06-12 01:31:00,5.4
2025-06-12 11:44:00,37.7
2025-06-12 10:09:00,94.0
2025-06-12 07:06:00,66.5
2025-06-12 12:37:00,32.4
2025-06-12 17:19:00,3.2
2025-06-12 14:55:00,90.2
2025-06-12 15:39:00,7.9
2025-06-12 19:26:00,49.82264106490752
2025-06-12 07:39:00,49.82264106490752
2025-06-12 06:06:00,5.6
2025-06-12 03:14:00,82.6
2025-06-12 06:32:00,63.2
2025-06-12 17:13:00,23.1
2025-06-12 04:23:00,15.7
2025-06-12 06:33:00,73.7
2025-06-12 23:36:00,49.82264106490752
2025-06-12 02:23:00,8.6
2025-06-12 13:00:00,96.8
2025-06-12 03:16:00,5.5
2025-06-12 05:32:00,56.0
2025-06-12 21:39:00,87.8
2025-06-12 16:30:00,41.0
2025-06-12 10:46:00,55.4
2025-06-12 14:56:00,74.0
2025-06-12 15:55:00,38.4
2025-06-12 17:54:00,49.82264106490752
2025-06-12 14:57:00,52.3
2025-06-12 14:12:00,62.7
2025-06-12 10:18:00,85.8
2025-06-12 09:28:00,91.7
2025-06-12 12:52:00,34.8
2025-06-12 07:11:00,19.5
2025-06-12 17:14:00,9.3
2025-06-12 08:54:00,13.4
2025-06-12 09:59:00,71.8
2025-06-12 03:02:00,94.5
2025-06-12 14:01:00,19.3
2025-06-12 18:46:00,3.1
2025-06-12 07:13:00,49.82264106490752
2025-06-12 02:48:00,79.3
2025-06-12 22:11:00,48.8
2025-06-12 01:16:00,16.4
2025-06-12 12:36:00,3.0
2025-06-12 18:28:00,14.0
2025-06-12 09:14:00,49.82264106490752
2025-06-12 00:52:00,37.4
2025-06-12 21:31:00,96.7
2025-06-12 18:30:00,32.6
2025-06-12 17:01:00,49.82264106490752
2025-06-12 15:32:00,11.4
2025-06-12 07:54:00,28.3
2025-06-12 16:57:00,3.0
2025-06-12 17:51:00,49.82264106490752
2025-06-12 01:55:00,58.3
2025-06-12 06:45:00,81.9
2025-06-12 23:08:00,69.5
2025-06-12 09:19:00,41.4
2025-06-12 08:29:00,15.4
2025-06-12 02:10:00,49.2
2025-06-12 17:10:00,67.3
2025-06-12 06:47:00,61.1
2025-06-12 03:51:00,75.5
2025-06-12 20:01:00,49.82264106490752
2025-06-12 01:13:00,1.7
2025-06-12 16:31:00,49.82264106490752
2025-06-12 20:05:00,88.7
2025-06-12 03:29:00,35.2
2025-06-12 15:25:00,4.6
2025-06-12 19:20:00,52.9
2025-06-12 05:04:00,98.4
2025-06-12 08:02:00,35.1
2025-06-12 13:07:00,86.6
2025-06-12 09:01:00,64.9
2025-06-12 10:43:00,83.5
2025-06-12 10:10:00,9.1
2025-06-12 11:20:00,85.5
2025-06-12 17:24:00,21.5
2025-06-12 00:50:00,66.2
2025-06-12 14:04:00,43.0
2025-06-12 15:45:00,49.82264106490752
2025-06-12 00:19:00,43.6
2025-06-12 19:38:00,46.0
2025-06-12 07:02:00,30.2
2025-06-12 14:05:00,41.1
2025-06-12 23:35:00,49.1
2025-06-12 08:22:00,46.9
2025-06-12 16:33:00,1.8
2025-06-12 02:01:00,3.3
2025-06-12 06:30:00,6.4
2025-06-12 00:16:00,2.8
2025-06-12 13:21:00,49.82264106490752
2025-06-12 19:02:00,19.9
2025-06-12 08:12:00,21.9
2025-06-12 16:18:00,10.0
2025-06-12 21:12:00,53.4
2025-06-12 20:31:00,82.5
2025-06-12 19:42:00,40.1
2025-06-12 04:18:00,49.82264106490752
2025-06-12 19:00:00,86.3
2025-06-12 08:28:00,29.5
2025-06-12 18:36:00,5.2
2025-06-12 14:59:00,55.9
2025-06-12 19:18:00,1.1
2025-06-12 10:07:00,44.6
2025-06-12 05:42:00,80.5
2025-06-12 08:24:00,20.0
2025-06-12 20:19:00,75.0
2025-06-12 22:18:00,52.6
2025-06-12 20:00:00,86.4
2025-06-12 15:14:00,85.5
2025-06-12 20:48:00,50.2
2025-06-12 17:40:00,25.8
2025-06-12 15:49:00,37.8
2025-06-12 21:15:00,49.82264106490752
2025-06-12 07:42:00,8.1
2025-06-12 21:50:00,20.8
2025-06-12 11:50:00,45.5
2025-06-12 01:02:00,49.82264106490752
2025-06-12 19:23:00,24.9
2025-06-12 15:11:00,49.82264106490752
2025-06-12 15:30:00,36.4
2025-06-12 20:36:00,22.8
2025-06-12 04:50:00,46.9
2025-06-12 18:43:00,1.8
2025-06-12 19:36:00,19.7
2025-06-12 16:38:00,41.2
2025-06-12 13:17:00,26.4
2025-06-12 00:54:00,73.1
2025-06-12 15:38:00,80.8
2025-06-12 18:56:00,86.4
2025-06-12 16:09:00,91.8
2025-06-12 11:46:00,49.82264106490752
2025-06-12 22:41:00,49.82264106490752
2025-06-12 06:07:00,53.9
2025-06-12 08:08:00,11.1
2025-06-12 14:41:00,14.6
2025-06-12 05:28:00,90.1
2025-06-12 11:28:00,57.7
2025-06-12 10:02:00,57.8
2025-06-12 17:29:00,63.6
2025-06-12 11:58:00,30.8
2025-06-12 06:15:00,21.5
2025-06-12 11:23:00,2.9
2025-06-12 01:36:00,86.9
2025-06-12 00:35:00,18.1
2025-06-12 00:52:00,63.3
2025-06-12 19:21:00,73.4
2025-06-12 12:34:00,95.7
2025-06-12 15:33:00,38.5
2025-06-12 21:00:00,66.0
2025-06-12 11:03:00,78.9
2025-06-12 17:56:00,92.3
2025-06-12 03:18:00,18.2
2025-06-12 15:16:00,9.6
2025-06-12 04:07:00,60.9
2025-06-12 13:07:00,33.4
2025-06-12 14:25:00,94.4
2025-06-12 02:01:00,0.6
2025-06-12 12:20:00,49.73505924170616
2025-06-12 23:05:00,91.6
2025-06-12 05:28:00,98.5
2025-06-12 05:58:00,34.4
2025-06-12 18:34:00,52.0
2025-06-12 16:39:00,76.3
2025-06-12 03:39:00,62.8
2025-06-12 13:23:00,36.3
2025-06-12 19:01:00,30.9
2025-06-12 22:44:00,68.7
2025-06-12 11:04:00,16.4
2025-06-12 09:24:00,19.4
2025-06-12 14:12:00,49.73505924170616
2025-06-12 01:04:00,48.3
2025-06-12 14:31:00,50.9
2025-06-12 20:49:00,49.73505924170616
2025-06-12 06:52:00,20.6
2025-06-12 04:08:00,60.7
2025-06-12 14:34:00,45.9
2025-06-12 00:10:00,24.3
2025-06-12 06:42:00,49.73505924170616
2025-06-12 00:25:00,15.3
2025-06-12 19:44:00,76.8
2025-06-12 17:55:00,26.9
2025-06-12 22:39:00,96.9
2025-06-12 10:45:00,64.5
2025-06-12 22:10:00,2.6
2025-06-12 21:46:00,72.7
2025-06-12 11:36:00,1.8
2025-06-12 10:14:00,6.1
2025-06-12 20:42:00,49.73505924170616
2025-06-12 21:54:00,82.6
2025-06-12 17:26:00,92.9
2025-06-12 15:07:00,78.4
2025-06-12 10:11:00,81.4
2025-06-12 06:47:00,71.5
2025-06-12 16:37:00,92.4
2025-06-12 07:54:00,15.3
2025-06-12 06:12:00,49.6
2025-06-12 07:36:00,49.73505924170616
2025-06-12 16:56:00,57.3
2025-06-12 01:39:00,68.1
2025-06-12 20:09:00,62.6
2025-06-12 21:23:00,52.0
2025-06-12 19:14:00,91.2
2025-06-12 15:54:00,70.5
2025-06-12 08:14:00,49.73505924170616
2025-06-12 11:48:00,22.4
2025-06-12 19:45:00,7.8
2025-06-12 15:11:00,3.2
2025-06-12 09:50:00,49.73505924170616
2025-06-12 04:14:00,31.3
2025-06-12 00:35:00,30.5
2025-06-12 19:58:00,85.5
2025-06-12 02:22:00,17.7
2025-06-12 22:20:00,7.3
2025-06-12 12:49:00,52.0
2025-06-12 05:25:00,29.4
2025-06-12 07:48:00,83.5
2025-06-12 12:18:00,49.73505924170616
2025-06-12 15:25:00,83.0
2025-06-12 19:06:00,59.5
2025-06-12 22:39:00,84.9
2025-06-12 07:13:00,49.73505924170616
2025-06-12 01:28:00,86.0
2025-06-12 16:55:00,86.0
2025-06-12 05:56:00,70.1
2025-06-12 18:12:00,36.2
2025-06-12 09:35:00,51.0
2025-06-12 00:14:00,34.2
2025-06-12 13:01:00,13.4
2025-06-12 07:17:00,71.3
2025-06-12 13:20:00,36.1
2025-06-12 19:04:00,58.1
2025-06-12 10:53:00,9.2
2025-06-12 04:00:00,87.3
2025-06-12 19:53:00,48.7
2025-06-12 14:26:00,58.8
2025-06-12 02:14:00,97.1
2025-06-12 07:39:00,74.2
2025-06-12 00:03:00,15.8
2025-06-12 12:05:00,17.2
2025-06-12 09:22:00,49.73505924170616
2025-06-12 06:49:00,28.2
2025-06-12 02:49:00,70.2
2025-06-12 22:44:00,12.4
2025-06-12 16:42:00,75.8
2025-06-12 21:25:00,34.8
2025-06-12 07:44:00,28.7
2025-06-12 05:39:00,74.3
2025-06-12 17:22:00,91.9
2025-06-12 10:26:00,2.7
2025-06-12 08:49:00,57.0
2025-06-12 00:58:00,2.1
2025-06-12 10:07:00,45.1
2025-06-12 19:18:00,36.2
2025-06-12 07:08:00,29.4
2025-06-12 08:52:00,0.9
2025-06-12 12:48:00,4.3
2025-06-12 09:39:00,35.5
2025-06-12 14:36:00,26.0
2025-06-12 02:37:00,79.9
2025-06-12 22:49:00,59.1
2025-06-12 01:04:00,38.4
2025-06-12 15:15:00,26.5
2025-06-12 02:17:00,15.8
2025-06-12 04:22:00,11.2
2025-06-12 21:36:00,67.9
2025-06-12 03:21:00,32.6
2025-06-12 13:32:00,61.4
2025-06-12 21:36:00,82.4
2025-06-12 18:57:00,17.7
2025-06-12 01:57:00,34.7
2025-06-12 08:00:00,35.6
2025-06-12 16:01:00,49.73505924170616
2025-06-12 22:19:00,16.0
2025-06-12 20:09:00,49.73505924170616
2025-06-12 08:08:00,1.0
2025-06-12 05:37:00,20.3
2025-06-12 18:05:00,33.7
2025-06-12 04:45:00,36.9
2025-06-12 12:54:00,21.2
2025-06-12 05:37:00,5.9
2025-06-12 04:38:00,28.8
2025-06-12 16:55:00,24.8
2025-06-12 15:59:00,50.1
2025-06-12 05:40:00,48.4
2025-06-12 05:34:00,61.7
2025-06-12 06:17:00,20.8
2025-06-12 15:56:00,42.6
2025-06-12 05:33:00,31.6
2025-06-12 03:04:00,44.1
2025-06-12 08:07:00,51.2
2025-06-12 15:29:00,10.2
2025-06-12 18:04:00,6.4
2025-06-12 20:50:00,49.73505924170616
2025-06-12 01:14:00,49.73505924170616
2025-06-12 15:14:00,12.3
2025-06-12 05:46:00,49.73505924170616
2025-06-12 03:13:00,81.1
2025-06-12 05:34:00,49.73505924170616
2025-06-12 08:11:00,91.2
2025-06-12 13:26:00,49.73505924170616
2025-06-12 05:45:00,51.8
2025-06-12 02:34:00,82.4
2025-06-12 13:14:00,14.5
2025-06-12 12:34:00,77.0
2025-06-12 05:16:00,25.3
2025-06-12 13:36:00,44.5
2025-06-12 08:11:00,30.5
2025-06-12 18:20:00,62.8
2025-06-12 12:26:00,16.8
2025-06-12 06:22:00,3.3
2025-06-12 12:31:00,49.4
2025-06-12 08:55:00,91.4
2025-06-12 10:54:00,92.8
2025-06-12 17:54:00,49.73505924170616
2025-06-12 21:08:00,90.4
2025-06-12 23:10:00,52.8
2025-06-12 14:00:00,67.2
2025-06-12 09:59:00,86.1
2025-06-12 12:51:00,44.4
2025-06-12 17:48:00,42.9
2025-06-12 21:20:00,0.3
2025-06-12 06:47:00,38.1
2025-06-12 11:38:00,25.2
2025-06-12 10:38:00,25.9
2025-06-12 20:02:00,36.3
2025-06-12 11:48:00,49.73505924170616
2025-06-12 11:33:00,43.4
2025-06-12 00:33:00,2.8
2025-06-12 19:19:00,23.1
2025-06-12 17:17:00,40.2
2025-06-12 23:30:00,18.5
2025-06-12 06:21:00,88.1
2025-06-12 17:47:00,49.73505924170616
2025-06-12 05:19:00,93.8
2025-06-12 12:15:00,72.8
2025-06-12 09:03:00,46.6
2025-06-12 21:00:00,49.73505924170616
2025-06-12 22:34:00,42.9
2025-06-12 17:33:00,10.3
2025-06-12 16:33:00,49.73505924170616
2025-06-12 11:24:00,32.9
2025-06-12 21:24:00,10.8
2025-06-12 14:58:00,85.1
2025-06-12 12:00:00,12.1
2025-06-12 13:48:00,62.7
2025-06-12 18:02:00,30.3
2025-06-12 01:01:00,47.2
2025-06-12 16:04:00,0.2
2025-06-12 06:32:00,70.6
2025-06-12 15:58:00,31.2
2025-06-12 20:48:00,9.5
2025-06-12 00:28:00,47.0
2025-06-12 07:23:00,49.73505924170616
2025-06-12 11:44:00,5.2
2025-06-12 07:45:00,54.4
2025-06-12 03:40:00,25.2
2025-06-12 15:40:00,53.6
2025-06-12 20:17:00,44.2
2025-06-12 22:46:00,42.5
2025-06-12 07:34:00,82.5
2025-06-12 11:05:00,49.73505924170616
2025-06-12 07:44:00,4.9
2025-06-12 01:08:00,49.73505924170616
2025-06-12 06:50:00,49.0
2025-06-12 16:14:00,49.73505924170616
2025-06-12 21:14:00,22.3
2025-06-12 14:22:00,84.3
2025-06-12 12:19:00,5.6
2025-06-12 21:40:00,74.6
2025-06-12 23:37:00,35.8
2025-06-12 06:52:00,97.0
2025-06-12 13:53:00,1.3
2025-06-12 06:44:00,48.1
2025-06-12 04:25:00,49.73505924170616
2025-06-12 04:57:00,54.3
2025-06-12 08:55:00,15.9
2025-06-12 17:10:00,49.73505924170616
2025-06-12 18:28:00,0.9
2025-06-12 10:30:00,16.4
2025-06-12 02:12:00,38.5
2025-06-12 19:49:00,41.2
2025-06-12 23:54:00,49.73505924170616
2025-06-12 14:33:00,45.6
2025-06-12 11:03:00,92.1
2025-06-12 21:34:00,16.0
2025-06-12 05:05:00,4.3
2025-06-12 17:02:00,27.9
2025-06-12 11:55:00,92.1
2025-06-12 13:22:00,97.9
2025-06-12 14:39:00,55.9
2025-06-12 00:26:00,83.0
2025-06-12 02:08:00,53.8
2025-06-12 14:00:00,88.0
2025-06-12 17:02:00,74.8
2025-06-12 12:44:00,99.7
2025-06-12 10:17:00,82.4
2025-06-12 04:25:00,24.5
2025-06-12 10:07:00,44.6
2025-06-12 09:41:00,5.0
2025-06-12 22:54:00,49.73505924170616
2025-06-12 04:32:00,88.8
2025-06-12 17:05:00,88.6
2025-06-12 01:32:00,6.9
2025-06-12 00:27:00,41.8
2025-06-12 03:36:00,74.6
2025-06-12 02:59:00,20.0
2025-06-12 22:00:00,17.5
2025-06-12 22:26:00,90.2
2025-06-12 12:26:00,90.0
2025-06-12 08:01:00,49.73505924170616
2025-06-12 06:57:00,93.2
2025-06-12 20:36:00,35.7
2025-06-12 11:25:00,49.73505924170616
2025-06-12 17:52:00,49.73505924170616
2025-06-12 21:49:00,77.9
2025-06-12 19:06:00,4.7
2025-06-12 00:18:00,87.5
2025-06-12 19:14:00,67.5
2025-06-12 00:53:00,83.0
2025-06-12 16:59:00,91.8
2025-06-12 14:18:00,3.4
2025-06-12 14:08:00,36.7
2025-06-12 12:16:00,38.0
2025-06-12 08:00:00,82.9
2025-06-12 05:16:00,30.8
2025-06-12 23:46:00,29.9
2025-06-12 10:54:00,29.3
2025-06-12 21:27:00,67.5
2025-06-12 00:40:00,41.9
2025-06-12 09:36:00,49.73505924170616
2025-06-12 20:58:00,49.73505924170616
2025-06-12 13:35:00,31.9
2025-06-12 16:51:00,69.3
2025-06-12 10:55:00,48.7
2025-06-12 21:31:00,22.4
2025-06-12 02:50:00,80.6
2025-06-12 08:40:00,67.5
2025-06-12 13:25:00,85.6
2025-06-12 08:05:00,70.6
2025-06-12 05:42:00,92.8
2025-06-12 19:19:00,66.6
2025-06-12 14:42:00,18.4
2025-06-12 23:15:00,28.3
2025-06-12 00:37:00,54.1
2025-06-12 16:16:00,2.3
2025-06-12 01:09:00,60.1
2025-06-12 00:41:00,50.04950773558369
2025-06-12 00:03:00,43.2
2025-06-12 19:56:00,31.0
2025-06-12 11:14:00,25.4
2025-06-12 02:51:00,92.8
2025-06-12 09:02:00,30.9
2025-06-12 10:58:00,84.2
2025-06-12 17:23:00,81.0
2025-06-12 19:03:00,13.2
2025-06-12 22:36:00,39.7
2025-06-12 08:21:00,40.0
2025-06-12 07:19:00,36.9
2025-06-12 06:46:00,49.6
2025-06-12 13:59:00,93.4
2025-06-12 22:36:00,78.5
2025-06-12 11:01:00,18.1
2025-06-12 05:10:00,33.7
2025-06-12 12:22:00,21.5
2025-06-12 23:42:00,26.2
2025-06-12 06:00:00,27.5
2025-06-12 19:32:00,50.04950773558369
2025-06-12 04:46:00,51.2
2025-06-12 13:59:00,50.04950773558369
2025-06-12 03:11:00,58.4
2025-06-12 08:40:00,78.6
2025-06-12 16:25:00,50.04950773558369
2025-06-12 13:29:00,94.6
2025-06-12 13:47:00,50.04950773558369
2025-06-12 14:52:00,25.7
2025-06-12 16:33:00,73.7
2025-06-12 06:21:00,21.1
2025-06-12 14:05:00,50.04950773558369
2025-06-12 21:46:00,60.6
2025-06-12 06:56:00,96.1
2025-06-12 14:09:00,38.2
2025-06-12 18:16:00,50.04950773558369
2025-06-12 01:55:00,35.9
2025-06-12 15:54:00,39.2
2025-06-12 18:41:00,80.2
2025-06-12 02:19:00,87.9
2025-06-12 11:37:00,86.4
2025-06-12 18:06:00,89.4
2025-06-12 20:17:00,90.3
2025-06-12 01:29:00,26.1
2025-06-12 12:43:00,93.3
2025-06-12 01:36:00,37.8
2025-06-12 09:22:00,76.2
2025-06-12 13:05:00,30.6
2025-06-12 08:18:00,77.8
2025-06-12 01:00:00,27.9
2025-06-12 20:47:00,52.7
2025-06-12 22:40:00,6.2
2025-06-12 02:27:00,1.6
2025-06-12 18:04:00,58.7
2025-06-12 13:02:00,92.4
2025-06-12 17:54:00,44.1
2025-06-12 19:30:00,50.04950773558369
2025-06-12 01:03:00,71.1
2025-06-12 05:34:00,71.0
2025-06-12 17:46:00,13.0
2025-06-12 08:00:00,9.5
2025-06-12 09:38:00,86.4
2025-06-12 18:53:00,53.5
2025-06-12 20:05:00,30.2
2025-06-12 07:14:00,36.8
2025-06-12 14:00:00,99.1
2025-06-12 20:55:00,84.4
2025-06-12 04:52:00,36.7
2025-06-12 02:50:00,61.7
2025-06-12 09:02:00,28.6
2025-06-12 05:34:00,21.1
2025-06-12 15:41:00,50.04950773558369
2025-06-12 14:07:00,50.04950773558369
2025-06-12 15:16:00,46.1
2025-06-12 01:03:00,79.7
2025-06-12 01:41:00,50.04950773558369
2025-06-12 06:44:00,21.9
2025-06-12 17:05:00,7.0
2025-06-12 05:41:00,4.1
2025-06-12 17:47:00,75.8
2025-06-12 22:27:00,88.6
2025-06-12 02:06:00,47.9
2025-06-12 01:51:00,88.8
2025-06-12 23:54:00,51.6
2025-06-12 23:03:00,98.8
2025-06-12 03:41:00,10.1
2025-06-12 20:34:00,97.7
2025-06-12 20:40:00,73.5
2025-06-12 06:04:00,78.5
2025-06-12 02:58:00,50.04950773558369
2025-06-12 01:27:00,63.8
2025-06-12 14:38:00,72.5
2025-06-12 15:32:00,53.3
2025-06-12 00:42:00,60.5
2025-06-12 08:56:00,28.5
2025-06-12 09:26:00,94.7
2025-06-12 16:28:00,52.9
2025-06-12 12:52:00,50.04950773558369
2025-06-12 10:53:00,50.04950773558369
2025-06-12 07:32:00,6.1
2025-06-12 17:55:00,19.2
2025-06-12 09:12:00,59.0
2025-06-12 02:01:00,16.7
2025-06-12 01:16:00,50.04950773558369
2025-06-12 23:16:00,30.3
2025-06-12 17:22:00,42.8
2025-06-12 04:45:00,68.1
2025-06-12 23:17:00,51.2
2025-06-12 20:52:00,50.04950773558369
2025-06-12 07:48:00,81.7
2025-06-12 19:51:00,50.04950773558369
2025-06-12 16:34:00,88.5
2025-06-12 02:35:00,97.0
2025-06-12 03:32:00,37.9
2025-06-12 02:28:00,50.04950773558369
2025-06-12 06:48:00,97.3
2025-06-12 19:26:00,69.9
2025-06-12 14:38:00,68.9
2025-06-12 11:26:00,53.0
2025-06-12 12:31:00,19.1
2025-06-12 09:30:00,80.0
2025-06-12 15:32:00,27.3
2025-06-12 20:58:00,21.8
2025-06-12 19:46:00,41.6
2025-06-12 07:44:00,77.1
2025-06-12 12:07:00,50.04950773558369
2025-06-12 16:31:00,53.8
2025-06-12 13:28:00,32.0
2025-06-12 04:39:00,22.5
2025-06-12 16:42:00,12.0
2025-06-12 15:28:00,50.04950773558369
2025-06-12 06:19:00,73.2
2025-06-12 20:05:00,50.04950773558369
2025-06-12 14:40:00,25.7
2025-06-12 08:53:00,50.04950773558369
2025-06-12 03:41:00,23.7
2025-06-12 10:47:00,72.0
2025-06-12 06:34:00,5.1
2025-06-12 18:35:00,80.4
2025-06-12 03:28:00,50.04950773558369
2025-06-12 16:26:00,95.2
2025-06-12 10:43:00,50.04950773558369
2025-06-12 02:31:00,15.1
2025-06-12 23:39:00,98.1
2025-06-12 03:45:00,55.1
2025-06-12 23:51:00,23.6
2025-06-12 09:36:00,28.8
2025-06-12 05:55:00,50.04950773558369
2025-06-12 14:07:00,69.1
2025-06-12 06:18:00,35.5
2025-06-12 11:15:00,1.8
2025-06-12 02:05:00,68.9
2025-06-12 17:53:00,6.6
2025-06-12 03:32:00,12.4
2025-06-12 22:51:00,16.4
2025-06-12 22:51:00,76.0
2025-06-12 00:07:00,42.8
2025-06-12 05:05:00,53.7
2025-06-12 06:58:00,2.0
2025-06-12 15:11:00,73.3
2025-06-12 14:40:00,41.5
2025-06-12 09:27:00,50.04950773558369
2025-06-12 18:09:00,64.2
2025-06-12 15:40:00,40.2
2025-06-12 16:26:00,50.04950773558369
2025-06-12 04:20:00,99.5
2025-06-12 05:00:00,4.0
2025-06-12 09:26:00,32.3
2025-06-12 02:28:00,95.2
2025-06-12 17:22:00,95.3
2025-06-12 10:22:00,97.0
2025-06-12 05:12:00,10.9
2025-06-12 12:08:00,29.4
2025-06-12 00:51:00,77.5
2025-06-12 07:27:00,50.04950773558369
2025-06-12 12:19:00,84.8
2025-06-12 03:42:00,50.04950773558369
2025-06-12 23:41:00,84.6
2025-06-12 04:30:00,63.0
2025-06-12 09:45:00,48.7
2025-06-12 23:13:00,78.4
2025-06-12 08:23:00,71.5
2025-06-12 16:09:00,50.04950773558369
2025-06-12 13:23:00,50.04950773558369
2025-06-12 15:13:00,81.2
2025-06-12 04:00:00,57.9
2025-06-12 14:09:00,45.4
2025-06-12 01:37:00,22.4
2025-06-12 11:45:00,91.5
2025-06-12 19:01:00,2.3
2025-06-12 23:36:00,50.04950773558369
2025-06-12 09:52:00,13.3
2025-06-12 13:00:00,77.4
2025-06-12 01:46:00,50.04950773558369
2025-06-12 18:25:00,12.2
2025-06-12 14:11:00,52.4
2025-06-12 15:41:00,84.8
2025-06-12 19:56:00,22.8
2025-06-12 02:09:00,64.9
2025-06-12 23:49:00,50.04950773558369
2025-06-12 06:47:00,70.8
2025-06-12 20:23:00,50.04950773558369
2025-06-12 19:04:00,69.2
2025-06-12 11:33:00,57.6
2025-06-12 08:47:00,0.4
2025-06-12 14:50:00,5.8
2025-06-12 18:02:00,95.0
2025-06-12 13:42:00,81.0
2025-06-12 19:54:00,43.5
2025-06-12 22:14:00,68.0
2025-06-12 18:06:00,46.6
2025-06-12 06:23:00,26.4
2025-06-12 13:46:00,67.6
2025-06-12 10:11:00,31.1
2025-06-12 06:37:00,50.04950773558369
2025-06-12 10:41:00,48.9
2025-06-12 15:20:00,50.04950773558369
2025-06-12 18:02:00,84.7
2025-06-12 05:29:00,50.04950773558369
2025-06-12 19:33:00,50.04950773558369
2025-06-12 22:23:00,12.3
2025-06-12 16:41:00,7.4
2025-06-12 19:30:00,50.04950773558369
2025-06-12 06:35:00,53.7
2025-06-12 20:19:00,50.04950773558369
2025-06-12 10:28:00,50.04950773558369
2025-06-12 04:41:00,78.1
2025-06-12 17:31:00,72.7
2025-06-12 20:10:00,61.3
2025-06-12 17:59:00,9.0
2025-06-12 05:36:00,90.0
2025-06-12 23:36:00,50.04950773558369
2025-06-12 15:05:00,95.2
2025-06-12 17:01:00,38.9
2025-06-12 14:37:00,61.6
2025-06-12 09:42:00,16.8
2025-06-12 19:20:00,50.04950773558369
2025-06-12 08:24:00,40.7
2025-06-12 02:19:00,44.9
2025-06-12 23:04:00,64.1
2025-06-12 15:45:00,95.3
2025-06-12 16:24:00,93.9
2025-06-12 20:43:00,60.6
2025-06-12 09:15:00,95.9
2025-06-12 03:58:00,40.2
2025-06-12 20:58:00,48.4
2025-06-12 06:32:00,48.9
2025-06-12 04:50:00,50.04950773558369
2025-06-12 05:16:00,71.6
2025-06-12 18:30:00,79.7
2025-06-12 03:15:00,7.9
2025-06-12 11:24:00,91.5
2025-06-12 19:42:00,50.04950773558369
2025-06-12 08:47:00,10.2
2025-06-12 18:08:00,60.0
2025-06-12 14:36:00,10.2
2025-06-12 21:01:00,36.7
2025-06-12 01:17:00,50.04950773558369
2025-06-12 08:00:00,34.1
2025-06-12 17:15:00,21.5
2025-06-12 15:49:00,87.1
2025-06-12 17:41:00,2.7
2025-06-12 21:38:00,50.04950773558369
2025-06-12 00:19:00,56.5
2025-06-12 07:09:00,89.5
2025-06-12 10:45:00,24.7
2025-06-12 02:59:00,7.6
2025-06-12 06:48:00,60.3
2025-06-12 01:36:00,35.5
2025-06-12 07:56:00,79.0
2025-06-12 07:34:00,50.04950773558369
2025-06-12 01:48:00,24.7
2025-06-12 10:25:00,51.3
2025-06-12 08:29:00,74.8
2025-06-12 13:35:00,53.2
2025-06-12 01:20:00,50.04950773558369
2025-06-12 16:40:00,82.3
2025-06-12 02:47:00,76.1
2025-06-12 21:43:00,45.2
2025-06-12 05:05:00,93.2
2025-06-12 07:08:00,12.8
2025-06-12 08:12:00,1.0
2025-06-12 07:01:00,13.0
2025-06-12 08:26:00,91.4
2025-06-12 21:01:00,99.4
2025-06-12 08:07:00,50.04950773558369
2025-06-12 12:11:00,87.6
2025-06-12 20:16:00,50.04950773558369
2025-06-12 14:16:00,74.2
2025-06-12 15:38:00,74.1
2025-06-12 12:03:00,94.2
2025-06-12 18:36:00,56.1
2025-06-12 08:29:00,46.1
2025-06-12 19:57:00,65.8
2025-06-12 05:50:00,19.6
2025-06-12 00:13:00,61.0
2025-06-12 07:35:00,25.1
2025-06-12 10:43:00,51.0
2025-06-12 04:36:00,6.4
2025-06-12 03:37:00,70.9
2025-06-12 05:48:00,46.8
2025-06-12 08:48:00,9.3
2025-06-12 00:15:00,3.1
2025-06-12 11:47:00,98.2
2025-06-12 16:41:00,35.4
2025-06-12 23:56:00,33.6
2025-06-12 15:19:00,85.1
2025-06-12 08:57:00,50.04950773558369
2025-06-12 10:59:00,51.5
2025-06-12 09:39:00,11.1
2025-06-12 14:05:00,50.04950773558369
2025-06-12 22:39:00,75.1
2025-06-12 12:03:00,50.04950773558369
2025-06-12 12:49:00,50.04950773558369
2025-06-12 15:58:00,68.0
2025-06-12 22:56:00,97.5
2025-06-12 23:32:00,49.9
2025-06-12 12:32:00,19.5
2025-06-12 13:57:00,50.04950773558369
2025-06-12 18:26:00,26.1
2025-06-12 14:00:00,83.8
2025-06-12 13:31:00,61.1
2025-06-12 11:56:00,83.0
2025-06-12 16:27:00,50.04950773558369
2025-06-12 01:02:00,42.5
2025-06-12 09:08:00,50.04950773558369
2025-06-12 22:43:00,52.1
2025-06-12 23:43:00,64.1
2025-06-12 16:08:00,62.1
2025-06-12 15:21:00,85.5
2025-06-12 01:39:00,50.04950773558369
2025-06-12 05:02:00,37.1
2025-06-12 21:11:00,0.5
2025-06-12 04:36:00,31.0
2025-06-12 03:10:00,62.2
2025-06-12 01:12:00,49.64720650636492
2025-06-12 12:13:00,71.5
2025-06-12 09:28:00,85.2
2025-06-12 17:32:00,94.5
2025-06-12 22:11:00,6.0
2025-06-12 05:25:00,11.0
2025-06-12 02:18:00,21.5
2025-06-12 07:23:00,16.6
2025-06-12 02:06:00,67.0
2025-06-12 10:16:00,9.4
2025-06-12 12:01:00,57.6
2025-06-12 23:22:00,76.5
2025-06-12 00:46:00,49.64720650636492
2025-06-12 10:02:00,52.6
2025-06-12 13:15:00,26.0
2025-06-12 07:13:00,99.1
2025-06-12 14:37:00,76.3
2025-06-12 13:16:00,49.64720650636492
2025-06-12 02:25:00,8.3
2025-06-12 16:04:00,68.6
2025-06-12 14:44:00,63.0
2025-06-12 20:48:00,95.8
2025-06-12 08:57:00,43.8
2025-06-12 02:08:00,59.0
2025-06-12 08:03:00,25.6
2025-06-12 12:30:00,24.9
2025-06-12 17:36:00,49.64720650636492
2025-06-12 07:12:00,91.2
2025-06-12 03:24:00,12.9
2025-06-12 23:19:00,15.5
2025-06-12 18:51:00,38.2
2025-06-12 02:04:00,92.1
2025-06-12 19:09:00,0.4
2025-06-12 20:52:00,93.3
2025-06-12 05:57:00,43.7
2025-06-12 10:10:00,34.4
2025-06-12 22:59:00,49.64720650636492
2025-06-12 21:23:00,12.3
2025-06-12 04:23:00,7.0
2025-06-12 05:51:00,67.6
2025-06-12 22:43:00,14.4
2025-06-12 16:05:00,20.0
2025-06-12 16:11:00,49.64720650636492
2025-06-12 19:46:00,49.64720650636492
2025-06-12 05:26:00,41.6
2025-06-12 00:05:00,49.64720650636492
2025-06-12 15:32:00,49.64720650636492
2025-06-12 15:57:00,49.64720650636492
2025-06-12 06:45:00,82.6
2025-06-12 00:07:00,49.64720650636492
2025-06-12 21:34:00,12.5
2025-06-12 08:59:00,39.0
2025-06-12 05:27:00,32.4
2025-06-12 07:05:00,16.5
2025-06-12 14:54:00,35.9
2025-06-12 09:47:00,75.0
2025-06-12 10:06:00,84.7
2025-06-12 22:44:00,8.9
2025-06-12 07:16:00,39.2
2025-06-12 14:24:00,0.5
2025-06-12 16:53:00,93.4
2025-06-12 05:57:00,49.64720650636492
2025-06-12 09:28:00,50.5
2025-06-12 17:23:00,81.2
2025-06-12 20:29:00,49.64720650636492
2025-06-12 00:53:00,57.3
2025-06-12 19:16:00,29.5
2025-06-12 06:40:00,49.64720650636492
2025-06-12 11:59:00,45.6
2025-06-12 03:51:00,27.2
2025-06-12 12:30:00,13.3
2025-06-12 17:02:00,23.0
2025-06-12 17:13:00,10.2
2025-06-12 00:36:00,63.1
2025-06-12 01:07:00,45.4
2025-06-12 04:16:00,49.64720650636492
2025-06-12 18:55:00,63.6
2025-06-12 19:36:00,23.7
2025-06-12 00:25:00,50.7
2025-06-12 06:15:00,49.64720650636492
2025-06-12 04:04:00,86.2
2025-06-12 21:42:00,90.1
2025-06-12 03:49:00,49.64720650636492
2025-06-12 03:23:00,38.0
2025-06-12 13:28:00,32.1
2025-06-12 12:07:00,49.64720650636492
2025-06-12 22:33:00,40.2
2025-06-12 06:28:00,29.9
2025-06-12 13:35:00,72.1
2025-06-12 21:19:00,13.6
2025-06-12 21:44:00,72.8
2025-06-12 16:02:00,65.4
2025-06-12 23:49:00,38.3
2025-06-12 22:07:00,54.0
2025-06-12 05:57:00,97.0
2025-06-12 03:50:00,88.2
2025-06-12 16:15:00,41.8
2025-06-12 03:19:00,49.64720650636492
2025-06-12 19:34:00,23.0
2025-06-12 15:08:00,49.64720650636492
2025-06-12 09:03:00,87.4
2025-06-12 20:08:00,89.6
2025-06-12 06:13:00,6.2
2025-06-12 10:12:00,27.6
2025-06-12 13:42:00,49.64720650636492
2025-06-12 16:59:00,32.3
2025-06-12 08:37:00,69.6
2025-06-12 22:22:00,49.64720650636492
2025-06-12 07:55:00,65.2
2025-06-12 04:21:00,35.5
2025-06-12 21:59:00,86.7
2025-06-12 21:57:00,87.6
2025-06-12 23:04:00,49.64720650636492
2025-06-12 15:57:00,5.4
2025-06-12 06:20:00,84.8
2025-06-12 13:20:00,71.4
2025-06-12 17:40:00,21.6
2025-06-12 00:57:00,49.64720650636492
2025-06-12 15:38:00,45.8
2025-06-12 19:34:00,15.8
2025-06-12 04:43:00,52.6
2025-06-12 21:22:00,49.64720650636492
2025-06-12 22:17:00,88.0
2025-06-12 06:42:00,63.6
2025-06-12 19:19:00,31.2
2025-06-12 01:57:00,33.6
2025-06-12 14:21:00,27.7
2025-06-12 00:53:00,97.2
2025-06-12 13:33:00,49.64720650636492
2025-06-12 12:53:00,56.4
2025-06-12 17:52:00,49.9
2025-06-12 02:38:00,95.5
2025-06-12 13:37:00,83.5
2025-06-12 07:23:00,13.0
2025-06-12 22:20:00,77.3
2025-06-12 02:35:00,39.4
2025-06-12 14:31:00,51.4
2025-06-12 01:20:00,27.3
2025-06-12 10:51:00,51.6
2025-06-12 12:59:00,29.7
2025-06-12 09:30:00,14.5
2025-06-12 06:17:00,12.7
2025-06-12 08:59:00,27.2
2025-06-12 03:27:00,49.64720650636492
2025-06-12 07:09:00,27.8
2025-06-12 10:02:00,25.6
2025-06-12 18:26:00,49.64720650636492
2025-06-12 18:09:00,68.2
2025-06-12 02:51:00,71.7
2025-06-12 05:10:00,19.9
2025-06-12 23:13:00,57.0
2025-06-12 18:41:00,6.9
2025-06-12 10:04:00,35.7
2025-06-12 13:48:00,72.9
2025-06-12 01:58:00,97.7
2025-06-12 14:56:00,83.5
2025-06-12 06:30:00,49.64720650636492
2025-06-12 20:40:00,80.0
2025-06-12 11:25:00,33.5
2025-06-12 21:47:00,36.6
2025-06-12 00:47:00,49.64720650636492
2025-06-12 16:05:00,11.7
2025-06-12 01:46:00,91.6
2025-06-12 14:42:00,78.5
2025-06-12 01:16:00,11.9
2025-06-12 15:14:00,64.7
2025-06-12 07:59:00,49.64720650636492
2025-06-12 20:50:00,2.8
2025-06-12 19:18:00,30.6
2025-06-12 13:26:00,38.6
2025-06-12 12:00:00,46.7
2025-06-12 08:10:00,1.2
2025-06-12 08:08:00,49.64720650636492
2025-06-12 00:18:00,47.4
2025-06-12 10:00:00,32.2
2025-06-12 21:41:00,91.8
2025-06-12 18:47:00,71.8
2025-06-12 12:39:00,49.64720650636492
2025-06-12 21:27:00,87.9
2025-06-12 03:59:00,36.4
2025-06-12 22:52:00,64.4
2025-06-12 12:20:00,82.2
2025-06-12 09:58:00,97.9
2025-06-12 10:49:00,94.8
2025-06-12 02:38:00,49.64720650636492
2025-06-12 18:23:00,45.2
2025-06-12 16:55:00,24.9
2025-06-12 07:47:00,49.64720650636492
2025-06-12 02:17:00,49.64720650636492
2025-06-12 15:12:00,38.0
2025-06-12 06:51:00,89.2
2025-06-12 00:19:00,36.5
2025-06-12 14:07:00,2.6
2025-06-12 04:36:00,49.64720650636492
2025-06-12 08:17:00,69.9
2025-06-12 18:51:00,38.8
2025-06-12 15:32:00,40.1
2025-06-12 12:37:00,49.7
2025-06-12 14:31:00,48.1
2025-06-12 05:25:00,49.64720650636492
2025-06-12 22:53:00,87.0
2025-06-12 13:09:00,91.9
2025-06-12 10:05:00,69.9
2025-06-12 18:00:00,49.64720650636492
2025-06-12 03:31:00,69.4
2025-06-12 08:13:00,52.8
2025-06-12 09:03:00,37.7
2025-06-12 17:01:00,59.0
2025-06-12 10:57:00,13.9
2025-06-12 12:45:00,48.8
2025-06-12 13:52:00,7.3
2025-06-12 04:26:00,3.5
2025-06-12 15:02:00,44.1
2025-06-12 03:54:00,49.64720650636492
2025-06-12 20:12:00,49.64720650636492
2025-06-12 07:36:00,62.9
2025-06-12 22:20:00,49.64720650636492
2025-06-12 06:21:00,90.1
2025-06-12 05:16:00,60.1
2025-06-12 20:53:00,51.3
2025-06-12 02:26:00,5.4
2025-06-12 00:50:00,49.64720650636492
2025-06-12 17:14:00,18.3
2025-06-12 10:52:00,6.8
2025-06-12 11:11:00,17.1
2025-06-12 14:03:00,65.9
2025-06-12 16:10:00,49.64720650636492
2025-06-12 12:40:00,0.0
2025-06-12 04:43:00,65.2
2025-06-12 06:07:00,14.5
2025-06-12 06:05:00,49.64720650636492
2025-06-12 20:41:00,34.3
2025-06-12 00:03:00,11.0
2025-06-12 22:19:00,66.4
2025-06-12 17:18:00,49.64720650636492
2025-06-12 06:44:00,86.6
2025-06-12 11:09:00,46.4
2025-06-12 10:07:00,93.2
2025-06-12 14:41:00,39.0
2025-06-12 06:20:00,82.1
2025-06-12 07:42:00,84.3
2025-06-12 02:30:00,36.0
2025-06-12 13:15:00,86.1
2025-06-12 15:03:00,12.1
2025-06-12 15:45:00,96.4
2025-06-12 19:58:00,94.3
2025-06-12 09:10:00,6.2
2025-06-12 00:30:00,49.64720650636492
2025-06-12 15:16:00,35.5
2025-06-12 09:18:00,43.1
2025-06-12 02:56:00,52.2
2025-06-12 21:30:00,97.7
2025-06-12 01:05:00,33.5
2025-06-12 18:33:00,26.9
2025-06-12 00:20:00,14.9
2025-06-12 02:54:00,49.6
2025-06-12 14:17:00,94.3
2025-06-12 08:08:00,39.8
2025-06-12 20:10:00,49.64720650636492
2025-06-12 09:44:00,72.0
2025-06-12 04:10:00,60.6
2025-06-12 19:20:00,81.6
2025-06-12 07:41:00,47.5
2025-06-12 11:32:00,84.7
2025-06-12 05:16:00,14.5
2025-06-12 05:43:00,41.3
2025-06-12 06:43:00,51.8
2025-06-12 01:19:00,24.2
2025-06-12 15:39:00,65.2
2025-06-12 01:19:00,35.5
2025-06-12 19:07:00,72.6
2025-06-12 13:16:00,33.5
2025-06-12 23:55:00,92.3
2025-06-12 05:52:00,28.2
2025-06-12 07:48:00,3.1
2025-06-12 04:59:00,21.2
2025-06-12 12:37:00,0.9
2025-06-12 15:37:00,80.2
2025-06-12 01:21:00,88.0
2025-06-12 20:46:00,55.5
2025-06-12 01:47:00,74.6
2025-06-12 02:36:00,24.0
2025-06-12 14:14:00,66.0
2025-06-12 11:00:00,3.8
2025-06-12 08:39:00,69.2
2025-06-12 13:59:00,26.7
2025-06-12 07:30:00,90.3
2025-06-12 10:10:00,23.6
2025-06-12 14:28:00,97.8
2025-06-12 05:07:00,45.5
2025-06-12 01:21:00,36.2
2025-06-12 15:59:00,61.8
2025-06-12 01:25:00,82.5
2025-06-12 15:44:00,49.64720650636492
2025-06-12 21:50:00,0.6
2025-06-12 09:20:00,11.5
2025-06-12 20:58:00,3.7
2025-06-12 09:54:00,45.2
2025-06-12 21:08:00,99.1
2025-06-12 14:10:00,82.8
2025-06-12 14:26:00,21.6
2025-06-12 18:42:00,35.4
2025-06-12 08:37:00,64.4
2025-06-12 14:45:00,4.8
2025-06-12 10:40:00,35.3
2025-06-12 08:45:00,44.6
2025-06-12 16:20:00,68.5
2025-06-12 18:14:00,37.7
2025-06-12 01:11:00,65.1
2025-06-12 04:11:00,91.7
2025-06-12 03:20:00,38.8
2025-06-12 14:33:00,9.6
2025-06-12 20:32:00,35.6
2025-06-12 21:22:00,76.4
2025-06-12 08:52:00,36.6
2025-06-12 02:13:00,54.5
2025-06-12 09:48:00,46.7
2025-06-12 01:54:00,33.1
2025-06-12 20:43:00,6.5
2025-06-12 14:23:00,2.3
2025-06-12 06:23:00,43.6
2025-06-12 02:58:00,47.2
2025-06-12 16:54:00,16.8
2025-06-12 02:14:00,1.6
2025-06-12 22:23:00,71.1
2025-06-12 14:55:00,76.5
2025-06-12 07:08:00,13.9
2025-06-12 21:13:00,56.1
2025-06-12 00:54:00,20.4
2025-06-12 07:44:00,49.44888862615275
2025-06-12 15:40:00,88.6
2025-06-12 06:52:00,55.1
2025-06-12 23:38:00,49.44888862615275
2025-06-12 21:43:00,49.44888862615275
2025-06-12 10:43:00,44.0
2025-06-12 04:10:00,48.4
2025-06-12 12:50:00,1.8
2025-06-12 22:47:00,49.8
2025-06-12 00:57:00,85.5
2025-06-12 04:43:00,7.9
2025-06-12 05:10:00,49.44888862615275
2025-06-12 19:48:00,62.4
2025-06-12 04:36:00,33.7
2025-06-12 21:45:00,90.2
2025-06-12 22:45:00,40.6
2025-06-12 11:39:00,29.2
2025-06-12 20:21:00,23.3
2025-06-12 03:43:00,43.1
2025-06-12 22:22:00,16.0
2025-06-12 19:14:00,41.2
2025-06-12 20:14:00,89.5
2025-06-12 23:50:00,77.4
2025-06-12 20:42:00,47.1
2025-06-12 01:57:00,47.2
2025-06-12 14:38:00,9.6
2025-06-12 18:07:00,71.7
2025-06-12 09:32:00,18.7
2025-06-12 05:01:00,93.2
2025-06-12 10:44:00,86.4
2025-06-12 13:59:00,81.9
2025-06-12 00:51:00,60.8
2025-06-12 12:45:00,49.44888862615275
2025-06-12 01:36:00,74.9
2025-06-12 19:52:00,81.2
2025-06-12 22:20:00,66.1
2025-06-12 07:02:00,35.8
2025-06-12 18:21:00,67.6
2025-06-12 01:21:00,21.4
2025-06-12 20:53:00,39.6
2025-06-12 21:15:00,68.8
2025-06-12 17:29:00,73.9
2025-06-12 16:30:00,38.6
2025-06-12 15:55:00,98.6
2025-06-12 14:10:00,27.8
2025-06-12 12:51:00,83.6
2025-06-12 22:37:00,49.44888862615275
2025-06-12 17:37:00,58.6
2025-06-12 14:52:00,24.8
2025-06-12 09:19:00,21.8
2025-06-12 18:47:00,49.44888862615275
2025-06-12 12:31:00,49.44888862615275
2025-06-12 01:01:00,19.8
2025-06-12 17:12:00,49.44888862615275
2025-06-12 10:54:00,7.6
2025-06-12 01:24:00,63.7
2025-06-12 17:06:00,49.1
2025-06-12 09:58:00,58.7
2025-06-12 19:59:00,76.9
2025-06-12 10:32:00,21.4
2025-06-12 09:03:00,39.1
2025-06-12 05:26:00,55.4
2025-06-12 19:02:00,49.44888862615275
2025-06-12 02:18:00,42.1
2025-06-12 11:48:00,1.2
2025-06-12 12:10:00,49.44888862615275
2025-06-12 03:05:00,46.7
2025-06-12 04:39:00,28.2
2025-06-12 17:27:00,80.6
2025-06-12 18:10:00,49.44888862615275
2025-06-12 07:17:00,87.6
2025-06-12 17:31:00,80.1
2025-06-12 23:35:00,97.6
2025-06-12 08:39:00,75.5
2025-06-12 16:35:00,66.6
2025-06-12 09:12:00,1.6
2025-06-12 06:46:00,49.44888862615275
2025-06-12 17:26:00,3.1
2025-06-12 06:19:00,49.44888862615275
2025-06-12 05:37:00,99.4
2025-06-12 02:42:00,74.6
2025-06-12 04:09:00,8.9
2025-06-12 06:10:00,41.0
2025-06-12 20:31:00,26.0
2025-06-12 03:27:00,2.0
2025-06-12 15:31:00,75.4
2025-06-12 01:42:00,62.9
2025-06-12 08:52:00,12.5
2025-06-12 08:04:00,49.44888862615275
2025-06-12 15:18:00,37.0
2025-06-12 17:10:00,79.3
2025-06-12 20:23:00,69.2
2025-06-12 18:10:00,41.1
2025-06-12 18:43:00,30.1
2025-06-12 18:44:00,76.6
2025-06-12 13:27:00,67.3
2025-06-12 06:40:00,61.5
2025-06-12 14:25:00,88.0
2025-06-12 14:36:00,26.9
2025-06-12 03:02:00,25.4
2025-06-12 20:47:00,35.8
2025-06-12 10:52:00,75.1
2025-06-12 00:21:00,57.0
2025-06-12 20:09:00,53.1
2025-06-12 12:06:00,92.9
2025-06-12 03:27:00,49.44888862615275
2025-06-12 10:10:00,6.0
2025-06-12 06:33:00,49.6
2025-06-12 17:30:00,64.0
2025-06-12 03:14:00,43.2
2025-06-12 09:48:00,35.2
2025-06-12 20:34:00,95.5
2025-06-12 17:40:00,49.44888862615275
2025-06-12 21:14:00,49.44888862615275
2025-06-12 04:01:00,20.6
2025-06-12 08:33:00,78.8
2025-06-12 13:06:00,54.8
2025-06-12 18:44:00,20.8
2025-06-12 20:45:00,40.7
2025-06-12 21:17:00,49.44888862615275
2025-06-12 21:37:00,35.8
2025-06-12 01:47:00,3.6
2025-06-12 16:06:00,57.4
2025-06-12 17:17:00,91.1
2025-06-12 08:29:00,14.7
2025-06-12 18:45:00,56.4
2025-06-12 23:25:00,96.2
2025-06-12 13:53:00,77.2
2025-06-12 20:03:00,71.0
2025-06-12 05:41:00,7.4
2025-06-12 13:25:00,61.6
2025-06-12 04:35:00,54.0
2025-06-12 19:18:00,57.0
2025-06-12 07:02:00,96.1
2025-06-12 17:02:00,17.2
2025-06-12 09:40:00,11.5
2025-06-12 18:55:00,17.8
2025-06-12 13:45:00,26.7
2025-06-12 09:33:00,38.9
2025-06-12 14:30:00,49.44888862615275
2025-06-12 20:21:00,86.5
2025-06-12 16:20:00,48.7
2025-06-12 17:43:00,87.0
2025-06-12 10:03:00,6.7
2025-06-12 10:04:00,58.6
2025-06-12 04:54:00,75.5
2025-06-12 14:14:00,57.8
2025-06-12 22:47:00,49.44888862615275
2025-06-12 11:13:00,81.8
2025-06-12 03:42:00,5.3
2025-06-12 17:18:00,37.1
2025-06-12 09:58:00,49.44888862615275
2025-06-12 14:38:00,36.6
2025-06-12 22:27:00,49.44888862615275
2025-06-12 02:47:00,38.1
2025-06-12 00:08:00,64.5
2025-06-12 11:45:00,49.44888862615275
2025-06-12 14:15:00,49.7
2025-06-12 03:56:00,32.9
2025-06-12 13:02:00,22.9
2025-06-12 07:47:00,36.0
2025-06-12 15:15:00,51.2
2025-06-12 02:43:00,42.5
2025-06-12 19:47:00,53.6
2025-06-12 21:37:00,49.44888862615275
2025-06-12 21:55:00,39.0
2025-06-12 00:47:00,56.3
2025-06-12 14:58:00,14.8
2025-06-12 00:51:00,49.44888862615275
2025-06-12 05:33:00,54.2
2025-06-12 14:58:00,81.6
2025-06-12 12:54:00,99.3
2025-06-12 05:00:00,2.6
2025-06-12 21:54:00,43.0
2025-06-12 16:23:00,6.4
2025-06-12 00:58:00,49.44888862615275
2025-06-12 07:04:00,71.3
2025-06-12 16:22:00,30.7
2025-06-12 10:45:00,97.8
2025-06-12 13:09:00,17.6
2025-06-12 17:19:00,56.8
2025-06-12 22:02:00,23.6
2025-06-12 05:48:00,62.3
2025-06-12 02:26:00,25.5
2025-06-12 18:01:00,75.8
2025-06-12 17:07:00,24.2
2025-06-12 15:16:00,78.4
2025-06-12 17:27:00,52.6
2025-06-12 12:54:00,49.44888862615275
2025-06-12 21:28:00,57.6
2025-06-12 14:57:00,25.0
2025-06-12 12:40:00,49.44888862615275
2025-06-12 12:42:00,87.3
2025-06-12 18:57:00,49.44888862615275
2025-06-12 10:05:00,49.44888862615275
2025-06-12 10:47:00,49.44888862615275
2025-06-12 19:40:00,4.9
2025-06-12 10:36:00,49.44888862615275
2025-06-12 14:33:00,81.1
2025-06-12 07:45:00,89.3
2025-06-12 04:48:00,61.0
2025-06-12 04:55:00,17.1
2025-06-12 06:08:00,32.2
2025-06-12 16:22:00,49.44888862615275
2025-06-12 16:46:00,28.4
2025-06-12 09:05:00,0.0
2025-06-12 15:52:00,13.3
2025-06-12 13:07:00,49.44888862615275
2025-06-12 07:18:00,66.9
2025-06-12 12:49:00,49.44888862615275
2025-06-12 13:53:00,87.3
2025-06-12 10:44:00,38.5
2025-06-12 10:24:00,40.3
2025-06-12 13:18:00,49.44888862615275
2025-06-12 20:26:00,77.9
2025-06-12 12:22:00,97.2
2025-06-12 22:03:00,56.5
2025-06-12 06:05:00,72.4
2025-06-12 18:30:00,28.6
2025-06-12 10:36:00,83.5
2025-06-12 21:55:00,49.44888862615275
2025-06-12 22:52:00,86.6
2025-06-12 20:18:00,48.9
2025-06-12 15:49:00,93.6
2025-06-12 23:55:00,14.8
2025-06-12 00:32:00,13.8
2025-06-12 20:15:00,59.4
2025-06-12 10:21:00,49.44888862615275
2025-06-12 18:10:00,44.8
2025-06-12 10:21:00,20.3
2025-06-12 07:27:00,49.44888862615275
2025-06-12 03:46:00,94.4
2025-06-12 15:13:00,40.8
2025-06-12 15:20:00,32.3
2025-06-12 18:56:00,27.8
2025-06-12 19:53:00,77.8
2025-06-12 07:09:00,93.8
2025-06-12 14:09:00,2.1
2025-06-12 12:24:00,21.3
2025-06-12 11:50:00,55.8
2025-06-12 22:12:00,7.2
2025-06-12 02:05:00,71.4
2025-06-12 13:27:00,69.0
2025-06-12 03:39:00,11.9
2025-06-12 21:20:00,85.8
2025-06-12 04:10:00,80.8
2025-06-12 05:25:00,69.2
2025-06-12 02:24:00,50.6
2025-06-12 06:51:00,77.1
2025-06-12 03:53:00,42.9
2025-06-12 08:31:00,25.0
2025-06-12 12:03:00,49.44888862615275
2025-06-12 20:04:00,34.4
2025-06-12 15:15:00,8.3
2025-06-12 06:42:00,91.2
2025-06-12 14:42:00,8.0
2025-06-12 10:25:00,1.9
2025-06-12 20:52:00,0.7
2025-06-12 12:24:00,45.3
2025-06-12 15:45:00,53.3
2025-06-12 20:36:00,58.7
2025-06-12 08:04:00,72.5
2025-06-12 22:21:00,52.2
2025-06-12 05:26:00,51.9
2025-06-12 04:57:00,49.44888862615275
2025-06-12 06:46:00,14.0
2025-06-12 23:06:00,24.6
2025-06-12 21:49:00,35.9
2025-06-12 14:49:00,69.7
2025-06-12 23:53:00,67.8
2025-06-12 06:49:00,57.3
2025-06-12 14:34:00,77.3
2025-06-12 09:49:00,49.44888862615275
2025-06-12 11:35:00,43.0
2025-06-12 09:00:00,49.44888862615275
2025-06-12 13:35:00,78.3
2025-06-12 13:12:00,55.7
2025-06-12 20:39:00,44.3
2025-06-12 19:48:00,88.4
2025-06-12 14:02:00,10.2
2025-06-12 12:45:00,29.5
2025-06-12 19:01:00,4.7
2025-06-12 18:37:00,80.9
2025-06-12 06:53:00,99.4
2025-06-12 23:37:00,37.2
2025-06-12 01:45:00,44.7
2025-06-12 13:56:00,14.7
2025-06-12 07:33:00,50.4
2025-06-12 23:55:00,84.4
2025-06-12 12:41:00,85.4
2025-06-12 13:20:00,5.5
2025-06-12 22:06:00,87.7
2025-06-12 11:42:00,49.44888862615275
2025-06-12 01:50:00,53.1
2025-06-12 17:57:00,49.44888862615275
2025-06-12 01:06:00,49.44888862615275
2025-06-12 07:38:00,38.4
2025-06-12 21:04:00,39.8
2025-06-12 10:36:00,34.1
2025-06-12 09:18:00,55.1
2025-06-12 22:21:00,5.8
2025-06-12 11:53:00,51.3
2025-06-12 14:29:00,26.0
2025-06-12 06:12:00,98.2
2025-06-12 20:38:00,14.1
2025-06-12 10:44:00,49.4
2025-06-12 03:28:00,49.44888862615275
2025-06-12 07:56:00,98.0
2025-06-12 00:11:00,86.1
2025-06-12 11:20:00,83.4
2025-06-12 17:33:00,49.44888862615275
2025-06-12 03:02:00,49.44888862615275
2025-06-12 12:06:00,49.44888862615275
2025-06-12 19:37:00,61.3
2025-06-12 03:17:00,26.8
2025-06-12 00:49:00,60.1
2025-06-12 14:00:00,3.2
2025-06-12 21:01:00,64.9
2025-06-12 14:37:00,77.3
2025-06-12 00:53:00,49.44888862615275
2025-06-12 19:55:00,22.9
2025-06-12 05:10:00,51.7
2025-06-12 12:10:00,49.44888862615275
2025-06-12 19:32:00,33.2
2025-06-12 12:10:00,9.0
2025-06-12 16:42:00,49.44888862615275
2025-06-12 12:50:00,74.9
2025-06-12 16:36:00,84.1
2025-06-12 22:55:00,95.4
2025-06-12 17:52:00,72.5
2025-06-12 10:06:00,70.6
2025-06-12 07:38:00,96.9
2025-06-12 03:25:00,58.7
2025-06-12 15:23:00,59.1
2025-06-12 22:26:00,34.5
2025-06-12 12:00:00,92.6
2025-06-12 15:26:00,91.5
2025-06-12 02:09:00,85.1
2025-06-12 01:06:00,57.1
2025-06-12 02:27:00,55.4
2025-06-12 22:45:00,76.1
2025-06-12 04:33:00,11.2
2025-06-12 14:42:00,87.7
2025-06-12 03:13:00,47.9
2025-06-12 08:49:00,8.0
2025-06-12 02:51:00,23.5
2025-06-12 05:17:00,84.4
2025-06-12 07:35:00,66.3
2025-06-12 11:04:00,92.9
2025-06-12 18:58:00,45.5
2025-06-12 09:51:00,98.6
2025-06-12 08:12:00,98.8
2025-06-12 14:42:00,19.2
2025-06-12 06:03:00,49.953150620754265
2025-06-12 00:04:00,16.0
2025-06-12 00:22:00,96.9
2025-06-12 21:40:00,49.953150620754265
2025-06-12 03:36:00,1.2
2025-06-12 11:39:00,64.0
2025-06-12 09:39:00,85.2
2025-06-12 05:41:00,62.4
2025-06-12 15:12:00,49.953150620754265
2025-06-12 22:51:00,31.8
2025-06-12 12:37:00,22.2
2025-06-12 02:06:00,47.4
2025-06-12 09:11:00,7.5
2025-06-12 19:24:00,35.7
2025-06-12 13:24:00,70.2
2025-06-12 19:36:00,77.4
2025-06-12 10:37:00,46.7
2025-06-12 05:54:00,49.953150620754265
2025-06-12 17:03:00,63.2
2025-06-12 22:14:00,39.9
2025-06-12 07:59:00,18.7
2025-06-12 10:24:00,23.6
2025-06-12 14:09:00,48.4
2025-06-12 03:38:00,63.8
2025-06-12 17:39:00,83.4
2025-06-12 01:19:00,49.953150620754265
2025-06-12 16:56:00,38.0
2025-06-12 18:23:00,24.6
2025-06-12 03:09:00,49.953150620754265
2025-06-12 07:32:00,57.5
2025-06-12 23:41:00,52.2
2025-06-12 14:03:00,32.5
2025-06-12 21:18:00,28.8
2025-06-12 12:13:00,74.6
2025-06-12 00:13:00,90.1
2025-06-12 03:38:00,49.953150620754265
2025-06-12 13:03:00,45.7
2025-06-12 03:09:00,49.953150620754265
2025-06-12 23:04:00,40.7
2025-06-12 23:14:00,71.4
2025-06-12 01:51:00,49.953150620754265
2025-06-12 07:06:00,49.953150620754265
2025-06-12 15:18:00,71.8
2025-06-12 20:00:00,94.7
2025-06-12 07:49:00,24.3
2025-06-12 05:50:00,1.9
2025-06-12 16:53:00,83.9
2025-06-12 20:50:00,36.0
2025-06-12 23:32:00,1.4
2025-06-12 06:47:00,87.2
2025-06-12 16:00:00,68.6
2025-06-12 00:33:00,73.7
2025-06-12 18:12:00,99.0
2025-06-12 01:17:00,98.2
2025-06-12 21:00:00,67.6
2025-06-12 08:32:00,30.6
2025-06-12 15:59:00,97.8
2025-06-12 20:25:00,26.8
2025-06-12 19:25:00,49.953150620754265
2025-06-12 18:32:00,1.5
2025-06-12 01:06:00,27.4
2025-06-12 16:37:00,99.5
2025-06-12 17:44:00,21.2
2025-06-12 22:30:00,61.1
2025-06-12 04:02:00,98.9
2025-06-12 23:41:00,49.953150620754265
2025-06-12 11:34:00,60.1
2025-06-12 12:58:00,53.0
2025-06-12 04:50:00,73.9
2025-06-12 18:40:00,74.7
2025-06-12 15:15:00,3.5
2025-06-12 05:19:00,18.5
2025-06-12 05:45:00,21.8
2025-06-12 18:10:00,77.3
2025-06-12 09:17:00,52.9
2025-06-12 15:37:00,6.8
2025-06-12 10:58:00,94.1
2025-06-12 23:31:00,76.8
2025-06-12 12:43:00,99.9
2025-06-12 13:56:00,13.9
2025-06-12 09:12:00,4.7
2025-06-12 12:32:00,93.0
2025-06-12 19:49:00,49.953150620754265
2025-06-12 22:41:00,14.5
2025-06-12 08:16:00,51.1
2025-06-12 00:41:00,82.8
2025-06-12 13:38:00,21.6
2025-06-12 08:19:00,91.5
2025-06-12 20:10:00,100.0
2025-06-12 05:03:00,16.1
2025-06-12 23:03:00,16.7
2025-06-12 03:48:00,68.9
2025-06-12 20:01:00,9.3
2025-06-12 19:06:00,82.0
2025-06-12 06:21:00,49.953150620754265
2025-06-12 17:43:00,91.8
2025-06-12 07:23:00,55.3
2025-06-12 12:07:00,94.0
2025-06-12 10:09:00,3.2
2025-06-12 10:08:00,49.953150620754265
2025-06-12 05:24:00,49.953150620754265
2025-06-12 03:24:00,58.6
2025-06-12 11:36:00,68.0
2025-06-12 06:23:00,78.5
2025-06-12 22:20:00,61.6
2025-06-12 07:19:00,49.953150620754265
2025-06-12 07:00:00,6.1
2025-06-12 16:44:00,15.9
2025-06-12 13:24:00,37.3
2025-06-12 07:58:00,24.1
2025-06-12 16:21:00,8.3
2025-06-12 10:38:00,49.953150620754265
2025-06-12 15:50:00,60.9
2025-06-12 13:45:00,20.0
2025-06-12 01:37:00,94.0
2025-06-12 00:36:00,71.1
2025-06-12 17:02:00,31.1
2025-06-12 02:00:00,92.8
2025-06-12 19:16:00,69.8
2025-06-12 01:21:00,12.8
2025-06-12 13:26:00,5.8
2025-06-12 22:13:00,7.1
2025-06-12 12:09:00,33.1
2025-06-12 09:34:00,49.953150620754265
2025-06-12 03:18:00,46.7
2025-06-12 19:40:00,62.2
2025-06-12 00:35:00,46.7
2025-06-12 06:30:00,85.4
2025-06-12 21:54:00,35.8
2025-06-12 09:36:00,49.953150620754265
2025-06-12 13:47:00,64.1
2025-06-12 21:59:00,6.0
2025-06-12 23:35:00,49.953150620754265
2025-06-12 08:28:00,24.8
2025-06-12 02:00:00,94.4
2025-06-12 01:22:00,47.9
2025-06-12 07:43:00,56.1
2025-06-12 01:16:00,12.0
2025-06-12 16:07:00,49.0
2025-06-12 19:27:00,8.6
2025-06-12 07:29:00,56.2
2025-06-12 19:15:00,49.953150620754265
2025-06-12 01:10:00,22.9
2025-06-12 06:52:00,7.8
2025-06-12 08:55:00,10.8
2025-06-12 14:14:00,21.9
2025-06-12 06:29:00,50.2
2025-06-12 04:49:00,77.6
2025-06-12 08:38:00,49.953150620754265
2025-06-12 13:41:00,82.7
2025-06-12 07:31:00,77.0
2025-06-12 01:48:00,45.8
2025-06-12 04:21:00,51.9
2025-06-12 07:30:00,19.5
2025-06-12 00:57:00,49.953150620754265
2025-06-12 10:01:00,93.3
2025-06-12 23:04:00,20.8
2025-06-12 19:55:00,56.1
2025-06-12 18:37:00,41.9
2025-06-12 23:09:00,57.1
2025-06-12 10:25:00,37.5
2025-06-12 08:02:00,53.4
2025-06-12 03:30:00,20.0
2025-06-12 19:32:00,54.4
2025-06-12 13:35:00,74.9
2025-06-12 03:18:00,24.5
2025-06-12 22:19:00,21.4
2025-06-12 15:00:00,7.7
2025-06-12 07:10:00,57.7
2025-06-12 14:31:00,53.1
2025-06-12 16:59:00,14.9
2025-06-12 12:57:00,49.953150620754265
2025-06-12 21:52:00,34.1
2025-06-12 18:12:00,49.953150620754265
2025-06-12 06:27:00,10.2
2025-06-12 10:48:00,49.953150620754265
2025-06-12 18:24:00,52.6
2025-06-12 06:36:00,33.9
2025-06-12 06:05:00,49.953150620754265
2025-06-12 21:14:00,15.0
2025-06-12 04:06:00,42.0
2025-06-12 09:27:00,56.3
2025-06-12 19:23:00,46.0
2025-06-12 01:26:00,76.0
2025-06-12 18:32:00,63.4
2025-06-12 04:12:00,68.2
2025-06-12 02:08:00,42.9
2025-06-12 12:55:00,21.2
2025-06-12 21:31:00,75.7
2025-06-12 15:38:00,49.953150620754265
2025-06-12 19:58:00,86.5
2025-06-12 14:02:00,92.6
2025-06-12 18:29:00,90.4
2025-06-12 00:28:00,77.0
2025-06-12 14:40:00,39.2
2025-06-12 13:21:00,0.6
2025-06-12 13:39:00,36.1
2025-06-12 22:23:00,79.8
2025-06-12 16:35:00,8.7
2025-06-12 20:28:00,49.953150620754265
2025-06-12 10:23:00,33.5
2025-06-12 01:27:00,49.953150620754265
2025-06-12 12:37:00,49.953150620754265
2025-06-12 05:35:00,82.8
2025-06-12 03:51:00,41.9
2025-06-12 22:14:00,70.6
2025-06-12 21:17:00,49.953150620754265
2025-06-12 06:58:00,75.0
2025-06-12 09:48:00,53.9
2025-06-12 21:25:00,49.953150620754265
2025-06-12 03:48:00,7.4
2025-06-12 00:35:00,78.9
2025-06-12 06:09:00,86.5
2025-06-12 21:17:00,68.3
2025-06-12 00:57:00,49.9
2025-06-12 20:23:00,56.1
2025-06-12 12:19:00,76.2
2025-06-12 11:53:00,59.8
2025-06-12 14:21:00,19.8
2025-06-12 17:22:00,93.2
2025-06-12 22:58:00,92.5
2025-06-12 00:39:00,50.1
2025-06-12 13:14:00,8.9
2025-06-12 01:11:00,66.1
2025-06-12 22:30:00,95.8
2025-06-12 07:32:00,87.6
2025-06-12 02:44:00,25.7
2025-06-12 14:36:00,77.6
2025-06-12 15:23:00,49.953150620754265
2025-06-12 22:43:00,49.953150620754265
2025-06-12 20:52:00,89.9
2025-06-12 04:47:00,49.953150620754265
2025-06-12 02:10:00,80.1
2025-06-12 05:42:00,49.953150620754265
2025-06-12 11:32:00,2.2
2025-06-12 07:26:00,8.2
2025-06-12 02:03:00,49.953150620754265
2025-06-12 05:15:00,26.4
2025-06-12 10:42:00,10.3
2025-06-12 14:09:00,49.953150620754265
2025-06-12 04:08:00,73.0
2025-06-12 03:09:00,44.8
2025-06-12 09:15:00,54.8
2025-06-12 15:13:00,52.6
2025-06-12 09:22:00,97.6
2025-06-12 05:08:00,76.9
2025-06-12 05:43:00,34.3
2025-06-12 18:18:00,55.8
2025-06-12 22:09:00,63.3
2025-06-12 16:40:00,49.953150620754265
2025-06-12 14:49:00,49.953150620754265
2025-06-12 19:19:00,15.4
2025-06-12 19:28:00,91.1
2025-06-12 03:52:00,6.9
2025-06-12 10:56:00,13.8
2025-06-12 05:30:00,28.1
2025-06-12 06:05:00,14.5
2025-06-12 09:52:00,13.3
2025-06-12 01:04:00,49.953150620754265
2025-06-12 06:57:00,2.5
2025-06-12 02:17:00,49.953150620754265
2025-06-12 01:21:00,49.953150620754265
2025-06-12 07:16:00,64.4
2025-06-12 14:24:00,79.8
2025-06-12 04:29:00,93.3
2025-06-12 07:22:00,40.3
2025-06-12 11:13:00,79.8
2025-06-12 17:45:00,77.7
2025-06-12 13:55:00,61.7
2025-06-12 04:30:00,52.1
2025-06-12 04:15:00,49.953150620754265
2025-06-12 04:38:00,69.0
2025-06-12 23:28:00,74.8
2025-06-12 05:47:00,46.2
2025-06-12 21:14:00,73.4
2025-06-12 02:42:00,27.6
2025-06-12 17:26:00,93.9
2025-06-12 07:56:00,14.5
2025-06-12 14:25:00,9.2
2025-06-12 06:53:00,27.1
2025-06-12 01:18:00,9.7
2025-06-12 07:13:00,49.953150620754265
2025-06-12 05:37:00,16.9
2025-06-12 21:49:00,16.5
2025-06-12 19:34:00,83.0
2025-06-12 06:42:00,49.953150620754265
2025-06-12 14:28:00,19.5
2025-06-12 02:34:00,21.5
2025-06-12 09:15:00,35.9
2025-06-12 07:20:00,1.1
2025-06-12 03:11:00,74.8
2025-06-12 08:47:00,1.7
2025-06-12 16:57:00,59.3
2025-06-12 00:18:00,20.1
2025-06-12 23:15:00,49.58899212042808
2025-06-12 17:14:00,6.3
2025-06-12 00:09:00,49.58899212042808
2025-06-12 17:55:00,45.9
2025-06-12 21:38:00,73.6
2025-06-12 09:18:00,34.0
2025-06-12 05:12:00,40.6
2025-06-12 13:03:00,3.4
2025-06-12 03:36:00,5.0
2025-06-12 00:20:00,39.7
2025-06-12 06:29:00,49.58899212042808
2025-06-12 12:00:00,26.4
2025-06-12 02:58:00,74.1
2025-06-12 06:45:00,10.0
2025-06-12 20:26:00,29.6
2025-06-12 04:43:00,87.2
2025-06-12 03:27:00,49.9
2025-06-12 09:48:00,63.1
2025-06-12 19:00:00,49.58899212042808
2025-06-12 01:33:00,29.5
2025-06-12 18:25:00,49.58899212042808
2025-06-12 08:02:00,25.1
2025-06-12 02:54:00,65.6
2025-06-12 11:38:00,6.3
2025-06-12 02:40:00,81.1
2025-06-12 04:30:00,67.9
2025-06-12 10:24:00,49.58899212042808
2025-06-12 13:55:00,24.8
2025-06-12 08:47:00,49.58899212042808
2025-06-12 01:37:00,43.6
2025-06-12 09:08:00,7.0
2025-06-12 23:50:00,98.5
2025-06-12 19:56:00,98.4
2025-06-12 01:47:00,76.6
2025-06-12 13:12:00,39.6
2025-06-12 18:08:00,45.6
2025-06-12 11:06:00,38.5
2025-06-12 14:38:00,49.58899212042808
2025-06-12 22:50:00,9.3
2025-06-12 08:30:00,65.5
2025-06-12 01:53:00,49.58899212042808
2025-06-12 00:55:00,57.1
2025-06-12 23:33:00,71.5
2025-06-12 11:24:00,73.9
2025-06-12 15:09:00,85.2
2025-06-12 17:30:00,21.9
2025-06-12 01:23:00,35.9
2025-06-12 20:01:00,72.9
2025-06-12 07:33:00,15.5
2025-06-12 05:09:00,49.58899212042808
2025-06-12 06:52:00,11.4
2025-06-12 08:16:00,59.4
2025-06-12 16:35:00,49.58899212042808
2025-06-12 09:14:00,50.9
2025-06-12 23:09:00,47.7
2025-06-12 10:49:00,74.3
2025-06-12 09:33:00,31.8
2025-06-12 07:54:00,80.8
2025-06-12 08:39:00,34.1
2025-06-12 02:03:00,72.7
2025-06-12 18:33:00,70.1
2025-06-12 10:20:00,91.6
2025-06-12 10:27:00,86.6
2025-06-12 06:56:00,68.2
2025-06-12 11:33:00,40.8
2025-06-12 07:12:00,45.9
2025-06-12 05:28:00,52.8
2025-06-12 12:47:00,45.3
2025-06-12 01:39:00,96.5
2025-06-12 10:59:00,79.6
2025-06-12 20:45:00,19.2
2025-06-12 03:50:00,49.58899212042808
2025-06-12 14:37:00,44.3
2025-06-12 10:49:00,66.6
2025-06-12 11:07:00,49.58899212042808
2025-06-12 01:55:00,99.3
2025-06-12 10:02:00,85.0
2025-06-12 07:19:00,81.1
2025-06-12 00:57:00,83.6
2025-06-12 10:46:00,53.9
2025-06-12 09:30:00,49.8
2025-06-12 15:32:00,83.5
2025-06-12 01:50:00,32.4
2025-06-12 11:35:00,20.6
2025-06-12 07:29:00,44.1
2025-06-12 22:47:00,97.8
2025-06-12 23:19:00,24.4
2025-06-12 09:02:00,42.5
2025-06-12 19:47:00,49.58899212042808
2025-06-12 17:11:00,49.58899212042808
2025-06-12 01:38:00,8.7
2025-06-12 02:09:00,3.9
2025-06-12 06:08:00,61.2
2025-06-12 08:53:00,49.58899212042808
2025-06-12 18:19:00,99.6
2025-06-12 16:55:00,25.2
2025-06-12 23:45:00,24.8
2025-06-12 17:33:00,20.4
2025-06-12 21:51:00,66.4
2025-06-12 23:38:00,49.58899212042808
2025-06-12 14:05:00,68.2
2025-06-12 20:05:00,49.58899212042808
2025-06-12 16:30:00,84.5
2025-06-12 16:03:00,32.6
2025-06-12 04:50:00,12.4
2025-06-12 04:30:00,49.58899212042808
2025-06-12 08:09:00,26.4
2025-06-12 22:07:00,49.58899212042808
2025-06-12 02:58:00,49.58899212042808
2025-06-12 04:42:00,30.2
2025-06-12 08:00:00,36.5
2025-06-12 09:22:00,99.7
2025-06-12 17:37:00,28.7
2025-06-12 21:58:00,68.8
2025-06-12 20:37:00,35.6
2025-06-12 21:07:00,66.9
2025-06-12 09:39:00,74.8
2025-06-12 18:32:00,86.5
2025-06-12 19:56:00,66.6
2025-06-12 16:03:00,59.6
2025-06-12 13:18:00,29.1
2025-06-12 06:42:00,89.9
2025-06-12 17:04:00,76.8
2025-06-12 01:15:00,16.2
2025-06-12 07:59:00,59.5
2025-06-12 08:20:00,21.5
2025-06-12 04:49:00,74.5
2025-06-12 09:44:00,34.4
2025-06-12 00:25:00,76.6
2025-06-12 01:24:00,49.58899212042808
2025-06-12 00:59:00,49.58899212042808
2025-06-12 18:05:00,1.1
2025-06-12 21:19:00,49.58899212042808
2025-06-12 18:26:00,73.1
2025-06-12 07:24:00,62.0
2025-06-12 14:15:00,18.4
2025-06-12 14:49:00,0.1
2025-06-12 04:06:00,71.7
2025-06-12 11:55:00,49.0
2025-06-12 16:17:00,84.5
2025-06-12 16:41:00,57.5
2025-06-12 06:19:00,43.6
2025-06-12 18:47:00,97.1
2025-06-12 14:43:00,28.9
2025-06-12 13:48:00,11.8
2025-06-12 16:13:00,78.6
2025-06-12 23:12:00,49.58899212042808
2025-06-12 23:55:00,48.9
2025-06-12 17:42:00,17.5
2025-06-12 19:38:00,75.4
2025-06-12 05:13:00,58.5
2025-06-12 19:03:00,95.1
2025-06-12 16:40:00,55.3
2025-06-12 21:42:00,46.2
2025-06-12 23:35:00,40.1
2025-06-12 19:43:00,35.2
2025-06-12 09:40:00,16.6
2025-06-12 17:47:00,51.6
2025-06-12 19:00:00,41.8
2025-06-12 14:29:00,96.0
2025-06-12 22:36:00,49.58899212042808
2025-06-12 14:33:00,12.8
2025-06-12 10:04:00,79.5
2025-06-12 07:50:00,80.0
2025-06-12 12:07:00,93.2
2025-06-12 04:58:00,49.58899212042808
2025-06-12 22:03:00,28.6
2025-06-12 03:16:00,19.6
2025-06-12 23:08:00,83.8
2025-06-12 15:08:00,89.9
2025-06-12 16:20:00,57.5
2025-06-12 02:07:00,86.4
2025-06-12 20:39:00,71.8
2025-06-12 02:06:00,6.9
2025-06-12 13:21:00,62.8
2025-06-12 20:12:00,92.2
2025-06-12 17:05:00,37.2
2025-06-12 07:04:00,51.6
2025-06-12 18:20:00,13.0
2025-06-12 17:06:00,71.8
2025-06-12 02:57:00,58.7
2025-06-12 01:15:00,49.58899212042808
2025-06-12 18:13:00,49.58899212042808
2025-06-12 08:55:00,97.3
2025-06-12 07:49:00,88.5
2025-06-12 12:33:00,75.6
2025-06-12 23:00:00,49.58899212042808
2025-06-12 17:51:00,37.0
2025-06-12 22:14:00,63.9
2025-06-12 21:35:00,11.1
2025-06-12 05:03:00,33.9
2025-06-12 17:15:00,22.1
2025-06-12 21:28:00,49.58899212042808
2025-06-12 14:22:00,68.8
2025-06-12 10:00:00,47.7
2025-06-12 13:37:00,93.9
2025-06-12 01:20:00,20.2
2025-06-12 22:41:00,92.4
2025-06-12 08:40:00,3.4
2025-06-12 08:30:00,71.3
2025-06-12 05:53:00,27.6
2025-06-12 16:37:00,64.8
2025-06-12 11:49:00,96.7
2025-06-12 10:52:00,100.0
2025-06-12 03:37:00,49.58899212042808
2025-06-12 05:12:00,82.7
2025-06-12 23:27:00,49.58899212042808
2025-06-12 03:07:00,35.2
2025-06-12 21:23:00,1.9
2025-06-12 16:51:00,7.0
2025-06-12 18:39:00,81.2
2025-06-12 23:51:00,9.3
2025-06-12 00:17:00,82.2
2025-06-12 14:40:00,19.0
2025-06-12 17:42:00,35.5
2025-06-12 02:36:00,93.4
2025-06-12 07:42:00,49.58899212042808
2025-06-12 07:20:00,6.8
2025-06-12 19:08:00,22.9
2025-06-12 16:43:00,84.2
2025-06-12 17:08:00,3.2
2025-06-12 16:42:00,45.4
2025-06-12 07:41:00,23.6
2025-06-12 18:48:00,72.3
2025-06-12 06:39:00,52.8
2025-06-12 01:58:00,78.8
2025-06-12 18:53:00,30.3
2025-06-12 17:42:00,2.7
2025-06-12 07:37:00,95.2
2025-06-12 17:50:00,49.58899212042808
2025-06-12 15:51:00,25.8
2025-06-12 04:32:00,41.7
2025-06-12 03:19:00,48.1
2025-06-12 23:53:00,56.1
2025-06-12 07:56:00,98.8
2025-06-12 06:02:00,25.8
2025-06-12 21:26:00,55.5
2025-06-12 15:07:00,49.58899212042808
2025-06-12 02:41:00,53.1
2025-06-12 10:27:00,49.58899212042808
2025-06-12 12:34:00,49.58899212042808
2025-06-12 00:28:00,40.6
2025-06-12 13:01:00,16.9
2025-06-12 07:54:00,92.2
2025-06-12 12:05:00,49.58899212042808
2025-06-12 01:51:00,97.5
2025-06-12 04:51:00,35.8
2025-06-12 15:19:00,70.6
2025-06-12 01:30:00,49.58899212042808
2025-06-12 05:10:00,60.8
2025-06-12 19:10:00,12.0
2025-06-12 00:29:00,95.7
2025-06-12 05:57:00,46.5
2025-06-12 22:14:00,58.4
2025-06-12 23:11:00,7.3
2025-06-12 21:37:00,61.8
2025-06-12 23:04:00,15.9
2025-06-12 21:26:00,11.0
2025-06-12 01:39:00,95.1
2025-06-12 17:02:00,41.9
2025-06-12 19:54:00,67.6
2025-06-12 00:31:00,89.9
2025-06-12 23:50:00,17.0
2025-06-12 19:11:00,49.58899212042808
2025-06-12 04:04:00,97.8
2025-06-12 18:04:00,83.1
2025-06-12 09:39:00,16.9
2025-06-12 03:05:00,49.58899212042808
2025-06-12 03:22:00,70.7
2025-06-12 05:53:00,45.5
2025-06-12 03:46:00,32.5
2025-06-12 16:17:00,49.58899212042808
2025-06-12 04:33:00,96.3
2025-06-12 01:21:00,23.1
2025-06-12 16:13:00,49.58899212042808
2025-06-12 11:15:00,43.0
2025-06-12 01:28:00,23.5
2025-06-12 16:35:00,49.58899212042808
2025-06-12 21:36:00,49.58899212042808
2025-06-12 20:50:00,65.8
2025-06-12 02:21:00,73.2
2025-06-12 02:25:00,85.9
2025-06-12 02:42:00,73.9
2025-06-12 19:53:00,97.3
2025-06-12 20:05:00,55.7
2025-06-12 19:10:00,2.5
2025-06-12 20:26:00,82.7
2025-06-12 02:08:00,4.0
2025-06-12 23:25:00,49.2
2025-06-12 21:53:00,20.2
2025-06-12 02:23:00,21.7
2025-06-12 22:05:00,65.5
2025-06-12 20:27:00,16.3
2025-06-12 08:35:00,26.7
2025-06-12 13:00:00,89.8
2025-06-12 06:41:00,11.1
2025-06-12 11:31:00,33.7
2025-06-12 10:41:00,92.7
2025-06-12 22:51:00,49.1
2025-06-12 00:10:00,86.9
2025-06-12 13:22:00,66.0
2025-06-12 03:38:00,49.58899212042808
2025-06-12 20:42:00,49.58899212042808
2025-06-12 00:14:00,26.7
2025-06-12 04:16:00,79.3
2025-06-12 19:20:00,67.8
2025-06-12 22:07:00,49.58899212042808
2025-06-12 13:31:00,79.9
2025-06-12 21:15:00,74.1
2025-06-12 19:39:00,38.7
2025-06-12 10:47:00,49.58899212042808
2025-06-12 01:11:00,60.7
2025-06-12 05:56:00,81.7
2025-06-12 02:57:00,78.6
2025-06-12 04:26:00,69.3
2025-06-12 11:26:00,32.2
2025-06-12 06:27:00,47.8
2025-06-12 22:42:00,25.1
2025-06-12 12:46:00,26.2
2025-06-12 22:24:00,23.3
2025-06-12 21:01:00,47.7
2025-06-12 13:39:00,15.8
2025-06-12 09:44:00,99.6
2025-06-12 20:33:00,14.5
2025-06-12 18:05:00,49.58899212042808
2025-06-12 06:49:00,59.2
2025-06-12 00:41:00,7.1
2025-06-12 23:34:00,92.0
2025-06-12 00:39:00,58.1
2025-06-12 21:52:00,89.0
2025-06-12 00:12:00,67.3
2025-06-12 20:26:00,18.4
2025-06-12 17:40:00,66.2
2025-06-12 21:40:00,37.9
2025-06-12 19:02:00,93.4
2025-06-12 08:28:00,90.6
2025-06-12 01:07:00,42.4
2025-06-12 01:20:00,13.7
2025-06-12 08:06:00,86.4
2025-06-12 08:00:00,49.58899212042808
2025-06-12 08:44:00,56.0
2025-06-12 11:07:00,27.1
2025-06-12 11:42:00,70.3
2025-06-12 06:06:00,83.3
2025-06-12 00:34:00,54.6
2025-06-12 04:51:00,66.2
2025-06-12 06:05:00,87.9
2025-06-12 02:16:00,20.6
2025-06-12 03:29:00,91.8
2025-06-12 17:08:00,32.4
2025-06-12 05:58:00,49.58899212042808
2025-06-12 19:36:00,24.2
2025-06-12 23:56:00,56.7
2025-06-12 10:21:00,24.5
2025-06-12 07:08:00,0.2
2025-06-12 19:50:00,61.0
2025-06-12 03:02:00,21.2
2025-06-12 07:05:00,58.2
2025-06-12 07:05:00,50.2977004785806
2025-06-12 20:58:00,88.1
2025-06-12 05:05:00,12.3
2025-06-12 09:49:00,50.2977004785806
2025-06-12 15:19:00,60.3
2025-06-12 14:30:00,71.4
2025-06-12 00:44:00,37.2
2025-06-12 21:24:00,37.9
2025-06-12 01:49:00,24.3
2025-06-12 23:46:00,60.7
2025-06-12 12:56:00,81.2
2025-06-12 21:52:00,65.8
2025-06-12 18:40:00,41.7
2025-06-12 05:08:00,37.0
2025-06-12 08:39:00,89.5
2025-06-12 02:27:00,97.8
2025-06-12 08:45:00,50.2977004785806
2025-06-12 10:38:00,20.6
2025-06-12 00:29:00,60.8
2025-06-12 10:57:00,17.7
2025-06-12 10:14:00,55.6
2025-06-12 23:44:00,80.5
2025-06-12 14:59:00,64.8
2025-06-12 22:53:00,45.3
2025-06-12 14:22:00,34.5
2025-06-12 19:23:00,60.2
2025-06-12 15:24:00,17.9
2025-06-12 05:00:00,22.8
2025-06-12 21:08:00,33.8
2025-06-12 11:15:00,75.4
2025-06-12 22:48:00,50.2977004785806
2025-06-12 09:56:00,50.2977004785806
2025-06-12 00:18:00,94.5
2025-06-12 22:17:00,68.7
2025-06-12 06:22:00,17.0
2025-06-12 21:55:00,61.4
2025-06-12 12:36:00,56.8
2025-06-12 18:51:00,50.2977004785806
2025-06-12 21:54:00,50.2977004785806
2025-06-12 23:49:00,28.2
2025-06-12 18:06:00,64.0
2025-06-12 22:46:00,55.5
2025-06-12 16:14:00,50.2977004785806
2025-06-12 05:20:00,77.9
2025-06-12 12:48:00,62.6
2025-06-12 03:07:00,10.8
2025-06-12 09:10:00,57.0
2025-06-12 13:07:00,72.6
2025-06-12 02:04:00,31.9
2025-06-12 09:44:00,66.7
2025-06-12 09:42:00,80.1
2025-06-12 16:13:00,50.2977004785806
2025-06-12 22:48:00,43.4
2025-06-12 19:49:00,35.2
2025-06-12 21:06:00,30.3
2025-06-12 08:43:00,20.4
2025-06-12 05:10:00,41.0
2025-06-12 05:09:00,46.6
2025-06-12 14:51:00,1.5
2025-06-12 14:09:00,32.1
2025-06-12 09:56:00,50.2977004785806
2025-06-12 18:00:00,92.7
2025-06-12 21:54:00,44.1
2025-06-12 20:05:00,18.7
2025-06-12 20:09:00,26.0
2025-06-12 08:13:00,49.8
2025-06-12 12:34:00,92.7
2025-06-12 23:10:00,50.2977004785806
2025-06-12 02:43:00,32.6
2025-06-12 01:19:00,74.6
2025-06-12 06:55:00,51.9
2025-06-12 08:35:00,99.8
2025-06-12 01:46:00,80.6
2025-06-12 03:37:00,65.8
2025-06-12 06:18:00,35.0
2025-06-12 19:31:00,2.6
2025-06-12 10:15:00,88.6
2025-06-12 12:17:00,50.3
2025-06-12 19:41:00,71.4
2025-06-12 13:09:00,11.7
2025-06-12 02:44:00,20.4
2025-06-12 21:16:00,98.7
2025-06-12 17:04:00,10.7
2025-06-12 07:14:00,71.1
2025-06-12 09:40:00,50.2977004785806
2025-06-12 14:10:00,64.3
2025-06-12 16:14:00,87.4
2025-06-12 17:53:00,50.2977004785806
2025-06-12 19:30:00,39.9
2025-06-12 20:02:00,92.7
2025-06-12 03:09:00,21.3
2025-06-12 01:05:00,94.6
2025-06-12 02:48:00,66.6
2025-06-12 18:32:00,38.6
2025-06-12 13:12:00,50.9
2025-06-12 06:59:00,1.1
2025-06-12 16:41:00,19.1
2025-06-12 14:17:00,65.3
2025-06-12 09:07:00,50.2977004785806
2025-06-12 10:46:00,38.0
2025-06-12 00:55:00,85.1
2025-06-12 20:44:00,1.8
2025-06-12 09:33:00,18.5
2025-06-12 09:54:00,61.9
2025-06-12 00:00:00,50.2977004785806
2025-06-12 12:35:00,77.8
2025-06-12 04:58:00,97.0
2025-06-12 12:06:00,69.1
2025-06-12 12:54:00,50.2977004785806
2025-06-12 03:46:00,60.9
2025-06-12 11:57:00,99.1
2025-06-12 10:20:00,35.1
2025-06-12 18:14:00,2.1
2025-06-12 03:16:00,11.8
2025-06-12 03:28:00,66.5
2025-06-12 07:26:00,2.7
2025-06-12 02:58:00,73.0
2025-06-12 13:12:00,48.9
2025-06-12 10:57:00,42.8
2025-06-12 08:12:00,29.4
2025-06-12 16:34:00,82.3
2025-06-12 11:01:00,50.2977004785806
2025-06-12 18:49:00,93.3
2025-06-12 03:36:00,29.8
2025-06-12 03:13:00,62.7
2025-06-12 06:20:00,50.2977004785806
2025-06-12 02:22:00,13.6
2025-06-12 06:23:00,64.7
2025-06-12 14:41:00,93.8
2025-06-12 01:29:00,10.5
2025-06-12 21:09:00,11.9
2025-06-12 11:05:00,73.9
2025-06-12 19:06:00,27.2
2025-06-12 23:03:00,9.9
2025-06-12 17:00:00,43.2
2025-06-12 04:30:00,0.4
2025-06-12 22:12:00,40.1
2025-06-12 00:42:00,28.9
2025-06-12 07:42:00,37.2
2025-06-12 01:29:00,81.3
2025-06-12 18:57:00,47.5
2025-06-12 00:51:00,50.2977004785806
2025-06-12 06:57:00,16.9
2025-06-12 12:52:00,51.7
2025-06-12 00:20:00,73.5
2025-06-12 06:53:00,89.0
2025-06-12 06:40:00,62.7
2025-06-12 23:14:00,98.2
2025-06-12 15:12:00,82.6
2025-06-12 17:01:00,25.6
2025-06-12 21:58:00,10.2
2025-06-12 12:02:00,98.5
2025-06-12 16:31:00,34.5
2025-06-12 02:36:00,70.3
2025-06-12 05:08:00,50.2977004785806
2025-06-12 19:48:00,70.9
2025-06-12 04:41:00,32.0
2025-06-12 03:03:00,90.8
2025-06-12 17:33:00,14.5
2025-06-12 16:39:00,98.2
2025-06-12 02:05:00,19.6
2025-06-12 01:22:00,68.6
2025-06-12 13:05:00,11.4
2025-06-12 09:09:00,36.6
2025-06-12 19:22:00,11.8
2025-06-12 20:34:00,61.4
2025-06-12 11:18:00,61.8
2025-06-12 16:47:00,35.2
2025-06-12 10:07:00,90.4
2025-06-12 13:42:00,99.7
2025-06-12 16:04:00,3.8
2025-06-12 06:10:00,95.0
2025-06-12 01:19:00,82.3
2025-06-12 15:11:00,96.1
2025-06-12 21:10:00,50.2977004785806
2025-06-12 15:02:00,65.0
2025-06-12 09:22:00,9.7
2025-06-12 23:39:00,50.2977004785806
2025-06-12 03:32:00,50.2977004785806
2025-06-12 23:57:00,91.6
2025-06-12 10:06:00,79.8
2025-06-12 04:50:00,65.9
2025-06-12 00:49:00,58.6
2025-06-12 22:02:00,98.2
2025-06-12 15:47:00,92.5
2025-06-12 00:19:00,13.2
2025-06-12 09:00:00,68.7
2025-06-12 01:54:00,54.2
2025-06-12 09:32:00,50.2977004785806
2025-06-12 22:07:00,50.2977004785806
2025-06-12 23:28:00,7.4
2025-06-12 22:41:00,78.2
2025-06-12 11:57:00,31.1
2025-06-12 14:52:00,84.0
2025-06-12 03:04:00,37.7
2025-06-12 18:21:00,93.6
2025-06-12 13:44:00,16.3
2025-06-12 21:15:00,5.0
2025-06-12 14:11:00,21.0
2025-06-12 23:22:00,30.1
2025-06-12 17:24:00,4.9
2025-06-12 08:16:00,72.6
2025-06-12 04:22:00,50.2977004785806
2025-06-12 21:50:00,59.0
2025-06-12 12:28:00,61.4
2025-06-12 06:45:00,50.2977004785806
2025-06-12 15:21:00,58.8
2025-06-12 11:47:00,50.2977004785806
2025-06-12 17:22:00,82.4
2025-06-12 20:09:00,63.3
2025-06-12 17:36:00,57.6
2025-06-12 03:14:00,48.4
2025-06-12 20:15:00,23.8
2025-06-12 00:40:00,47.2
2025-06-12 01:12:00,95.2
2025-06-12 15:22:00,65.8
2025-06-12 16:54:00,94.8
2025-06-12 00:13:00,14.4
2025-06-12 23:44:00,50.2977004785806
2025-06-12 10:51:00,11.1
2025-06-12 22:20:00,96.1
2025-06-12 05:19:00,36.6
2025-06-12 13:27:00,30.3
2025-06-12 13:21:00,50.2977004785806
2025-06-12 03:43:00,50.2977004785806
2025-06-12 10:15:00,41.1
2025-06-12 06:11:00,91.2
2025-06-12 19:19:00,6.0
2025-06-12 16:23:00,26.6
2025-06-12 10:46:00,85.1
2025-06-12 08:10:00,40.1
2025-06-12 00:04:00,28.5
2025-06-12 07:04:00,45.3
2025-06-12 01:47:00,73.1
2025-06-12 08:05:00,50.2977004785806
2025-06-12 08:06:00,50.2977004785806
2025-06-12 07:20:00,97.8
2025-06-12 16:46:00,14.8
2025-06-12 15:48:00,73.8
2025-06-12 02:32:00,75.4
2025-06-12 22:17:00,7.2
2025-06-12 01:25:00,8.1
2025-06-12 06:33:00,0.6
2025-06-12 06:08:00,69.5
2025-06-12 07:51:00,2.7
2025-06-12 21:08:00,75.5
2025-06-12 23:24:00,98.4
2025-06-12 16:01:00,50.2977004785806
2025-06-12 04:21:00,82.1
2025-06-12 20:43:00,76.2
2025-06-12 12:41:00,6.3
2025-06-12 09:38:00,12.9
2025-06-12 00:59:00,12.5
2025-06-12 17:15:00,50.2977004785806
2025-06-12 00:35:00,73.4
2025-06-12 12:26:00,52.8
2025-06-12 21:37:00,50.2977004785806
2025-06-12 06:35:00,50.2977004785806
2025-06-12 19:58:00,40.1
2025-06-12 12:26:00,58.4
2025-06-12 11:20:00,22.1
2025-06-12 21:19:00,58.6
2025-06-12 09:03:00,94.8
2025-06-12 17:15:00,76.9
2025-06-12 01:59:00,30.6
2025-06-12 13:16:00,50.2977004785806
2025-06-12 18:48:00,28.9
2025-06-12 17:21:00,83.5
2025-06-12 00:33:00,97.6
2025-06-12 06:19:00,32.9
2025-06-12 23:55:00,15.2
2025-06-12 15:15:00,75.8
2025-06-12 12:05:00,60.7
2025-06-12 02:38:00,14.5
2025-06-12 21:39:00,50.2977004785806
2025-06-12 12:16:00,8.7
2025-06-12 21:04:00,69.4
2025-06-12 13:15:00,79.3
2025-06-12 22:28:00,43.3
2025-06-12 23:24:00,70.0
2025-06-12 04:12:00,39.0
2025-06-12 16:37:00,92.4
2025-06-12 20:56:00,98.2
2025-06-12 23:32:00,50.2977004785806
2025-06-12 20:37:00,94.3
2025-06-12 23:32:00,59.6
2025-06-12 02:35:00,2.2
2025-06-12 07:15:00,80.1
2025-06-12 03:38:00,75.4
2025-06-12 00:57:00,51.2
2025-06-12 19:57:00,14.5
2025-06-12 11:03:00,55.7
2025-06-12 18:44:00,81.5
2025-06-12 00:53:00,25.9
2025-06-12 13:06:00,74.6
2025-06-12 19:19:00,50.2977004785806
2025-06-12 11:30:00,5.0
2025-06-12 07:31:00,17.7
2025-06-12 00:28:00,3.1
2025-06-12 20:40:00,76.5
2025-06-12 21:26:00,50.2977004785806
2025-06-12 06:57:00,98.3
2025-06-12 11:25:00,28.7
2025-06-12 07:19:00,50.2977004785806
2025-06-12 14:16:00,43.3
2025-06-12 21:46:00,8.8
2025-06-12 05:08:00,46.9
2025-06-12 02:07:00,28.1
2025-06-12 02:19:00,16.4
2025-06-12 07:00:00,50.2977004785806
2025-06-12 07:04:00,51.1
2025-06-12 17:08:00,24.2
2025-06-12 17:40:00,8.9
2025-06-12 22:30:00,13.1
2025-06-12 08:24:00,60.1
2025-06-12 08:46:00,22.0
2025-06-12 13:08:00,50.2977004785806
2025-06-12 18:24:00,48.0
2025-06-12 07:23:00,50.2977004785806
2025-06-12 02:26:00,18.3
2025-06-12 13:23:00,32.8
2025-06-12 09:03:00,98.7
2025-06-12 06:20:00,44.8
2025-06-12 09:30:00,46.7
2025-06-12 10:22:00,92.7
2025-06-12 03:57:00,50.2977004785806
2025-06-12 01:04:00,49.82536769031651
2025-06-12 08:03:00,86.6
2025-06-12 21:08:00,9.3
2025-06-12 10:01:00,89.9
2025-06-12 20:53:00,2.3
2025-06-12 18:15:00,51.9
2025-06-12 05:11:00,54.0
2025-06-12 18:18:00,50.1
2025-06-12 12:01:00,59.9
2025-06-12 14:50:00,60.9
2025-06-12 08:19:00,70.1
2025-06-12 09:58:00,49.82536769031651
2025-06-12 01:46:00,58.9
2025-06-12 02:01:00,87.5
2025-06-12 01:59:00,33.7
2025-06-12 01:09:00,98.8
2025-06-12 23:35:00,49.82536769031651
2025-06-12 21:53:00,43.0
2025-06-12 02:39:00,34.7
2025-06-12 13:13:00,77.7
2025-06-12 18:52:00,47.0
2025-06-12 16:39:00,49.82536769031651
2025-06-12 18:51:00,78.7
2025-06-12 12:11:00,40.4
2025-06-12 09:55:00,62.2
2025-06-12 13:19:00,44.2
2025-06-12 07:51:00,86.9
2025-06-12 19:32:00,41.1
2025-06-12 10:59:00,49.82536769031651
2025-06-12 08:21:00,62.2
2025-06-12 05:01:00,92.3
2025-06-12 03:50:00,0.8
2025-06-12 07:53:00,66.3
2025-06-12 11:08:00,87.4
2025-06-12 07:02:00,18.9
2025-06-12 03:25:00,49.82536769031651
2025-06-12 23:22:00,74.3
2025-06-12 19:00:00,13.8
2025-06-12 06:07:00,40.1
2025-06-12 12:40:00,72.8
2025-06-12 18:50:00,47.2
2025-06-12 04:30:00,8.2
2025-06-12 06:03:00,83.3
2025-06-12 02:19:00,49.82536769031651
2025-06-12 10:13:00,12.8
2025-06-12 18:34:00,55.9
2025-06-12 15:01:00,49.82536769031651
2025-06-12 02:05:00,34.6
2025-06-12 18:20:00,52.2
2025-06-12 21:39:00,64.6
2025-06-12 20:39:00,25.3
2025-06-12 21:12:00,44.3
2025-06-12 08:53:00,98.9
2025-06-12 18:43:00,81.4
2025-06-12 15:21:00,44.3
2025-06-12 05:39:00,93.5
2025-06-12 18:20:00,22.6
2025-06-12 14:13:00,7.3
2025-06-12 15:17:00,88.7
2025-06-12 07:18:00,14.8
2025-06-12 10:59:00,84.5
2025-06-12 08:03:00,77.3
2025-06-12 20:27:00,26.1
2025-06-12 12:02:00,5.1
2025-06-12 08:34:00,88.8
2025-06-12 01:37:00,49.82536769031651
2025-06-12 21:42:00,49.82536769031651
2025-06-12 10:09:00,1.8
2025-06-12 23:02:00,77.6
2025-06-12 00:38:00,7.4
2025-06-12 23:04:00,15.8
2025-06-12 08:20:00,70.7
2025-06-12 09:53:00,58.7
2025-06-12 20:27:00,72.9
2025-06-12 12:39:00,89.3
2025-06-12 14:07:00,82.9
2025-06-12 13:08:00,17.0
2025-06-12 09:03:00,62.1
2025-06-12 14:25:00,82.8
2025-06-12 07:30:00,54.8
2025-06-12 05:19:00,47.2
2025-06-12 22:34:00,11.6
2025-06-12 01:12:00,49.82536769031651
2025-06-12 03:17:00,81.2
2025-06-12 23:56:00,40.2
2025-06-12 08:51:00,34.2
2025-06-12 19:22:00,55.0
2025-06-12 00:10:00,3.5
2025-06-12 17:42:00,19.8
2025-06-12 09:48:00,78.8
2025-06-12 05:36:00,37.3
2025-06-12 02:05:00,72.1
2025-06-12 05:46:00,52.1
2025-06-12 22:57:00,96.0
2025-06-12 15:56:00,90.6
2025-06-12 02:13:00,21.1
2025-06-12 01:18:00,83.8
2025-06-12 21:54:00,64.3
2025-06-12 09:15:00,72.5
2025-06-12 05:47:00,86.2
2025-06-12 16:24:00,12.0
2025-06-12 20:16:00,49.82536769031651
2025-06-12 23:16:00,21.4
2025-06-12 14:01:00,38.5
2025-06-12 08:35:00,7.3
2025-06-12 01:10:00,91.6
2025-06-12 12:29:00,2.5
2025-06-12 23:22:00,98.8
2025-06-12 00:44:00,8.4
2025-06-12 04:28:00,68.4
2025-06-12 01:50:00,53.0
2025-06-12 07:22:00,49.82536769031651
2025-06-12 19:31:00,36.8
2025-06-12 18:59:00,49.82536769031651
2025-06-12 16:31:00,49.82536769031651
2025-06-12 16:32:00,30.5
2025-06-12 08:18:00,89.1
2025-06-12 11:19:00,47.8
2025-06-12 23:28:00,76.6
2025-06-12 05:57:00,1.5
2025-06-12 20:08:00,49.82536769031651
2025-06-12 21:55:00,4.0
2025-06-12 00:01:00,35.4
2025-06-12 00:24:00,65.9
2025-06-12 13:49:00,49.82536769031651
2025-06-12 08:44:00,16.5
2025-06-12 20:44:00,49.82536769031651
2025-06-12 10:23:00,77.0
2025-06-12 09:16:00,67.1
2025-06-12 00:18:00,51.9
2025-06-12 15:16:00,22.9
2025-06-12 18:57:00,13.4
2025-06-12 22:55:00,38.1
2025-06-12 09:13:00,97.3
2025-06-12 07:41:00,92.9
2025-06-12 01:35:00,61.6
2025-06-12 16:55:00,49.82536769031651
2025-06-12 16:04:00,42.2
2025-06-12 14:48:00,4.5
2025-06-12 08:40:00,65.0
2025-06-12 23:04:00,59.6
2025-06-12 22:16:00,67.6
2025-06-12 01:49:00,49.82536769031651
2025-06-12 09:46:00,2.8
2025-06-12 06:44:00,96.8
2025-06-12 03:41:00,30.4
2025-06-12 22:41:00,76.6
2025-06-12 13:46:00,92.4
2025-06-12 03:43:00,21.6
2025-06-12 22:26:00,65.4
2025-06-12 18:59:00,66.5
2025-06-12 23:26:00,6.8
2025-06-12 17:16:00,49.82536769031651
2025-06-12 12:42:00,15.6
2025-06-12 19:29:00,68.9
2025-06-12 06:55:00,49.82536769031651
2025-06-12 15:21:00,85.6
2025-06-12 19:25:00,68.4
2025-06-12 02:36:00,0.8
2025-06-12 05:31:00,11.5
2025-06-12 02:34:00,70.7
2025-06-12 11:26:00,60.9
2025-06-12 19:13:00,49.82536769031651
2025-06-12 04:20:00,49.82536769031651
2025-06-12 18:48:00,8.7
2025-06-12 20:07:00,59.1
2025-06-12 06:26:00,44.5
2025-06-12 07:22:00,75.9
2025-06-12 16:23:00,92.8
2025-06-12 17:43:00,49.82536769031651
2025-06-12 17:17:00,31.0
2025-06-12 19:10:00,49.82536769031651
2025-06-12 23:53:00,49.82536769031651
2025-06-12 07:43:00,90.3
2025-06-12 14:57:00,98.9
2025-06-12 07:34:00,75.8
2025-06-12 08:50:00,37.6
2025-06-12 08:05:00,23.6
2025-06-12 20:12:00,75.9
2025-06-12 20:09:00,49.82536769031651
2025-06-12 15:08:00,82.6
2025-06-12 16:12:00,32.9
2025-06-12 15:12:00,37.3
2025-06-12 05:19:00,49.82536769031651
2025-06-12 16:32:00,52.9
2025-06-12 20:10:00,61.5
2025-06-12 19:35:00,27.4
2025-06-12 13:16:00,12.1
2025-06-12 04:00:00,40.7
2025-06-12 18:33:00,6.3
2025-06-12 06:19:00,89.3
2025-06-12 15:56:00,27.4
2025-06-12 15:01:00,98.3
2025-06-12 07:36:00,93.7
2025-06-12 11:48:00,49.82536769031651
2025-06-12 17:31:00,99.9
2025-06-12 22:49:00,49.82536769031651
2025-06-12 11:19:00,49.82536769031651
2025-06-12 05:11:00,11.3
2025-06-12 08:48:00,4.3
2025-06-12 03:57:00,75.0
2025-06-12 00:16:00,21.7
2025-06-12 09:04:00,49.82536769031651
2025-06-12 01:15:00,72.5
2025-06-12 09:55:00,79.5
2025-06-12 08:27:00,96.1
2025-06-12 06:40:00,73.1
2025-06-12 14:19:00,20.4
2025-06-12 05:51:00,82.0
2025-06-12 03:21:00,44.2
2025-06-12 13:46:00,5.0
2025-06-12 20:20:00,48.7
2025-06-12 15:56:00,49.82536769031651
2025-06-12 06:12:00,55.4
2025-06-12 06:51:00,82.6
2025-06-12 18:38:00,18.6
2025-06-12 14:15:00,49.82536769031651
2025-06-12 21:38:00,23.6
2025-06-12 16:18:00,56.3
2025-06-12 13:41:00,95.7
2025-06-12 07:21:00,7.2
2025-06-12 22:09:00,79.5
2025-06-12 08:35:00,44.3
2025-06-12 11:23:00,74.0
2025-06-12 08:33:00,52.3
2025-06-12 08:21:00,74.0
2025-06-12 03:21:00,42.4
2025-06-12 05:47:00,86.6
2025-06-12 19:38:00,54.5
2025-06-12 02:54:00,4.0
2025-06-12 19:21:00,74.5
2025-06-12 02:08:00,46.5
2025-06-12 10:35:00,14.2
2025-06-12 12:00:00,96.4
2025-06-12 03:18:00,29.5
2025-06-12 04:38:00,40.9
2025-06-12 15:51:00,93.3
2025-06-12 10:23:00,18.0
2025-06-12 00:09:00,96.1
2025-06-12 17:32:00,65.6
2025-06-12 18:46:00,74.3
2025-06-12 00:03:00,35.7
2025-06-12 16:33:00,49.0
2025-06-12 21:12:00,49.82536769031651
2025-06-12 05:14:00,77.2
2025-06-12 14:23:00,84.2
2025-06-12 11:49:00,73.3
2025-06-12 11:45:00,3.5
2025-06-12 16:12:00,50.9
2025-06-12 17:05:00,89.3
2025-06-12 16:32:00,8.5
2025-06-12 01:26:00,50.9
2025-06-12 16:28:00,7.7
2025-06-12 13:47:00,45.7
2025-06-12 12:35:00,19.2
2025-06-12 08:41:00,19.6
2025-06-12 22:32:00,49.82536769031651
2025-06-12 22:57:00,54.9
2025-06-12 15:59:00,49.82536769031651
2025-06-12 11:07:00,5.8
2025-06-12 07:55:00,39.3
2025-06-12 17:56:00,37.7
2025-06-12 00:55:00,75.8
2025-06-12 13:16:00,32.2
2025-06-12 18:52:00,49.82536769031651
2025-06-12 10:29:00,71.9
2025-06-12 12:44:00,49.3
2025-06-12 22:06:00,95.4
2025-06-12 12:08:00,27.3
2025-06-12 03:38:00,58.4
2025-06-12 18:08:00,24.0
2025-06-12 11:28:00,18.4
2025-06-12 17:20:00,61.3
2025-06-12 09:28:00,49.82536769031651
2025-06-12 21:53:00,25.1
2025-06-12 11:58:00,76.0
2025-06-12 15:54:00,45.4
2025-06-12 03:19:00,49.82536769031651
2025-06-12 15:21:00,49.82536769031651
2025-06-12 11:22:00,85.0
2025-06-12 09:25:00,32.5
2025-06-12 08:54:00,62.0
2025-06-12 10:23:00,27.7
2025-06-12 03:26:00,59.5
2025-06-12 00:44:00,65.8
2025-06-12 10:25:00,76.4
2025-06-12 08:28:00,93.9
2025-06-12 14:43:00,32.4
2025-06-12 01:19:00,48.7
2025-06-12 19:47:00,34.2
2025-06-12 17:06:00,82.8
2025-06-12 04:02:00,49.82536769031651
2025-06-12 07:56:00,6.3
2025-06-12 11:54:00,32.6
2025-06-12 22:19:00,26.7
2025-06-12 08:36:00,27.2
2025-06-12 12:47:00,38.2
2025-06-12 13:22:00,81.9
2025-06-12 21:17:00,93.8
2025-06-12 16:08:00,92.7
2025-06-12 12:45:00,97.3
2025-06-12 10:45:00,75.8
2025-06-12 06:40:00,49.82536769031651
2025-06-12 10:07:00,75.5
2025-06-12 14:31:00,25.0
2025-06-12 14:32:00,73.7
2025-06-12 07:15:00,90.3
2025-06-12 15:08:00,1.2
2025-06-12 20:41:00,84.1
2025-06-12 13:16:00,69.4
2025-06-12 05:55:00,36.1
2025-06-12 05:58:00,6.3
2025-06-12 10:14:00,98.1
2025-06-12 09:04:00,63.7
2025-06-12 17:21:00,34.3
2025-06-12 05:11:00,95.6
2025-06-12 12:24:00,8.0
2025-06-12 06:15:00,86.5
2025-06-12 17:23:00,67.8
2025-06-12 23:31:00,20.8
2025-06-12 02:30:00,25.9
2025-06-12 04:35:00,71.6
2025-06-12 04:51:00,59.9
2025-06-12 18:21:00,67.1
2025-06-12 11:01:00,77.0
2025-06-12 14:12:00,59.5
2025-06-12 23:34:00,49.82536769031651
2025-06-12 00:13:00,49.82536769031651
2025-06-12 23:38:00,94.0
2025-06-12 10:42:00,43.1
2025-06-12 23:50:00,50.7
2025-06-12 04:21:00,17.5
2025-06-12 15:21:00,16.5
2025-06-12 18:41:00,98.2
2025-06-12 16:45:00,45.5
2025-06-12 03:10:00,49.82536769031651
2025-06-12 21:08:00,49.82536769031651
2025-06-12 12:05:00,17.2
2025-06-12 00:46:00,35.4
2025-06-12 09:24:00,7.7
2025-06-12 23:29:00,50.10362276498773
2025-06-12 18:34:00,72.7
2025-06-12 06:39:00,60.8
2025-06-12 05:37:00,88.7
2025-06-12 13:07:00,69.3
2025-06-12 21:45:00,70.4
2025-06-12 13:32:00,81.6
2025-06-12 02:58:00,89.3
2025-06-12 01:44:00,96.6
2025-06-12 20:50:00,50.10362276498773
2025-06-12 02:30:00,7.1
2025-06-12 13:05:00,22.4
2025-06-12 14:45:00,72.6
2025-06-12 21:46:00,14.7
2025-06-12 22:33:00,81.2
2025-06-12 11:31:00,50.6
2025-06-12 00:15:00,55.6
2025-06-12 11:48:00,92.2
2025-06-12 17:35:00,50.10362276498773
2025-06-12 09:33:00,50.10362276498773
2025-06-12 07:12:00,43.1
2025-06-12 07:58:00,87.0
2025-06-12 14:51:00,82.8
2025-06-12 05:52:00,58.9
2025-06-12 06:32:00,77.1
2025-06-12 00:59:00,72.5
2025-06-12 18:17:00,4.9
2025-06-12 21:20:00,99.4
2025-06-12 19:43:00,15.8
2025-06-12 03:20:00,81.0
2025-06-12 20:35:00,23.1
2025-06-12 17:17:00,31.7
2025-06-12 09:29:00,13.8
2025-06-12 17:16:00,10.4
2025-06-12 21:47:00,50.10362276498773
2025-06-12 08:45:00,50.10362276498773
2025-06-12 10:04:00,15.0
2025-06-12 16:18:00,85.8
2025-06-12 09:45:00,92.4
2025-06-12 04:07:00,46.1
2025-06-12 07:29:00,54.2
2025-06-12 12:45:00,51.7
2025-06-12 08:10:00,50.10362276498773
2025-06-12 17:02:00,78.3
2025-06-12 12:46:00,84.4
2025-06-12 18:56:00,58.6
2025-06-12 22:31:00,27.1
2025-06-12 10:48:00,6.5
2025-06-12 05:35:00,26.1
2025-06-12 14:02:00,94.6
2025-06-12 12:35:00,50.10362276498773
2025-06-12 01:24:00,29.1
2025-06-12 04:52:00,50.10362276498773
2025-06-12 19:16:00,48.9
2025-06-12 04:48:00,9.0
2025-06-12 08:45:00,49.0
2025-06-12 15:56:00,93.7
2025-06-12 04:35:00,50.10362276498773
2025-06-12 11:55:00,0.7
2025-06-12 20:06:00,44.2
2025-06-12 04:01:00,50.10362276498773
2025-06-12 05:58:00,77.2
2025-06-12 04:01:00,24.4
2025-06-12 22:05:00,4.3
2025-06-12 11:04:00,50.10362276498773
2025-06-12 08:17:00,4.4
2025-06-12 14:37:00,50.10362276498773
2025-06-12 11:02:00,69.9
2025-06-12 08:09:00,23.9
2025-06-12 06:48:00,50.10362276498773
2025-06-12 23:29:00,43.1
2025-06-12 05:13:00,68.0
2025-06-12 07:01:00,42.7
2025-06-12 08:23:00,50.10362276498773
2025-06-12 13:42:00,43.7
2025-06-12 23:23:00,6.4
2025-06-12 19:03:00,50.10362276498773
2025-06-12 18:30:00,51.9
2025-06-12 06:02:00,24.1
2025-06-12 02:42:00,43.7
2025-06-12 06:45:00,39.1
2025-06-12 18:10:00,9.7
2025-06-12 01:13:00,81.7
2025-06-12 02:15:00,51.8
2025-06-12 06:32:00,94.7
2025-06-12 14:46:00,94.2
2025-06-12 09:58:00,33.6
2025-06-12 09:00:00,51.4
2025-06-12 20:18:00,4.3
2025-06-12 17:34:00,21.0
2025-06-12 14:12:00,57.5
2025-06-12 14:11:00,29.9
2025-06-12 07:40:00,51.1
2025-06-12 05:45:00,46.6
2025-06-12 12:06:00,37.1
2025-06-12 00:29:00,65.1
2025-06-12 09:27:00,85.9
2025-06-12 22:09:00,97.2
2025-06-12 14:07:00,50.10362276498773
2025-06-12 23:04:00,1.6
2025-06-12 08:43:00,77.9
2025-06-12 04:26:00,25.2
2025-06-12 19:08:00,50.10362276498773
2025-06-12 11:25:00,9.2
2025-06-12 12:22:00,36.8
2025-06-12 19:02:00,10.2
2025-06-12 10:22:00,5.4
2025-06-12 14:44:00,3.7
2025-06-12 00:33:00,70.2
2025-06-12 15:06:00,30.9
2025-06-12 06:15:00,32.8
2025-06-12 08:27:00,74.4
2025-06-12 07:24:00,85.0
2025-06-12 14:13:00,50.10362276498773
2025-06-12 21:58:00,66.2
2025-06-12 03:28:00,70.8
2025-06-12 21:35:00,71.4
2025-06-12 12:16:00,2.3
2025-06-12 18:52:00,10.8
2025-06-12 20:19:00,89.3
2025-06-12 14:58:00,88.5
2025-06-12 06:29:00,35.4
2025-06-12 09:24:00,33.3
2025-06-12 01:53:00,95.9
2025-06-12 21:41:00,32.5
2025-06-12 02:41:00,50.10362276498773
2025-06-12 02:54:00,26.2
2025-06-12 23:34:00,52.6
2025-06-12 16:16:00,88.6
2025-06-12 05:34:00,2.4
2025-06-12 21:57:00,81.2
2025-06-12 03:42:00,50.10362276498773
2025-06-12 11:44:00,42.0
2025-06-12 13:07:00,73.3
2025-06-12 21:26:00,17.0
2025-06-12 07:14:00,50.10362276498773
2025-06-12 16:35:00,50.10362276498773
2025-06-12 15:35:00,57.9
2025-06-12 22:01:00,13.9
2025-06-12 09:59:00,4.5
2025-06-12 11:01:00,75.7
2025-06-12 02:59:00,88.9
2025-06-12 09:22:00,50.10362276498773
2025-06-12 07:23:00,50.10362276498773
2025-06-12 15:45:00,96.7
2025-06-12 10:20:00,83.3
2025-06-12 05:50:00,7.5
2025-06-12 16:11:00,98.8
2025-06-12 01:52:00,72.8
2025-06-12 07:56:00,38.9
2025-06-12 15:24:00,49.1
2025-06-12 07:54:00,50.10362276498773
2025-06-12 21:30:00,50.10362276498773
2025-06-12 07:37:00,36.7
2025-06-12 10:53:00,45.9
2025-06-12 15:23:00,16.7
2025-06-12 14:34:00,56.6
2025-06-12 09:31:00,38.1
2025-06-12 04:02:00,50.3
2025-06-12 00:31:00,50.10362276498773
2025-06-12 22:39:00,17.2
2025-06-12 00:52:00,57.3
2025-06-12 11:57:00,6.8
2025-06-12 19:20:00,74.3
2025-06-12 07:37:00,96.1
2025-06-12 10:52:00,50.10362276498773
2025-06-12 18:16:00,50.10362276498773
2025-06-12 19:07:00,50.10362276498773
2025-06-12 23:53:00,34.9
2025-06-12 03:38:00,31.2
2025-06-12 17:40:00,81.7
2025-06-12 17:54:00,43.4
2025-06-12 22:30:00,5.3
2025-06-12 19:28:00,62.3
2025-06-12 14:02:00,50.10362276498773
2025-06-12 08:05:00,96.1
2025-06-12 11:29:00,16.4
2025-06-12 10:44:00,78.0
2025-06-12 04:13:00,50.10362276498773
2025-06-12 21:45:00,53.1
2025-06-12 19:52:00,16.5
2025-06-12 17:46:00,49.0
2025-06-12 19:21:00,9.9
2025-06-12 20:15:00,49.7
2025-06-12 19:05:00,43.9
2025-06-12 19:15:00,51.9
2025-06-12 06:51:00,50.10362276498773
2025-06-12 04:38:00,50.10362276498773
2025-06-12 02:26:00,2.9
2025-06-12 01:35:00,44.6
2025-06-12 03:09:00,3.1
2025-06-12 21:47:00,89.2
2025-06-12 17:25:00,49.2
2025-06-12 22:10:00,15.9
2025-06-12 17:36:00,81.8
2025-06-12 07:06:00,83.3
2025-06-12 00:27:00,32.3
2025-06-12 14:30:00,63.1
2025-06-12 08:26:00,63.0
2025-06-12 09:17:00,50.10362276498773
2025-06-12 02:26:00,16.6
2025-06-12 18:30:00,50.10362276498773
2025-06-12 05:51:00,50.10362276498773
2025-06-12 20:21:00,50.10362276498773
2025-06-12 08:58:00,19.8
2025-06-12 20:58:00,50.10362276498773
2025-06-12 06:04:00,50.10362276498773
2025-06-12 18:51:00,50.10362276498773
2025-06-12 10:56:00,50.10362276498773
2025-06-12 11:07:00,50.10362276498773
2025-06-12 22:52:00,50.10362276498773
2025-06-12 12:59:00,62.4
2025-06-12 16:14:00,48.6
2025-06-12 21:47:00,2.8
2025-06-12 20:39:00,11.8
2025-06-12 03:18:00,75.3
2025-06-12 22:35:00,50.10362276498773
2025-06-12 14:07:00,71.7
2025-06-12 17:37:00,53.0
2025-06-12 20:44:00,59.7
2025-06-12 02:26:00,86.1
2025-06-12 03:17:00,6.9
2025-06-12 08:00:00,20.0
2025-06-12 21:03:00,38.8
2025-06-12 05:50:00,5.5
2025-06-12 00:48:00,87.4
2025-06-12 04:35:00,10.9
2025-06-12 07:42:00,78.8
2025-06-12 12:27:00,84.5
2025-06-12 15:14:00,50.10362276498773
2025-06-12 06:49:00,43.3
2025-06-12 13:10:00,50.10362276498773
2025-06-12 14:39:00,45.7
2025-06-12 05:26:00,29.9
2025-06-12 02:52:00,78.2
2025-06-12 21:29:00,88.3
2025-06-12 07:33:00,50.10362276498773
2025-06-12 04:03:00,50.10362276498773
2025-06-12 19:18:00,6.1
2025-06-12 02:02:00,58.4
2025-06-12 19:21:00,49.5
2025-06-12 03:57:00,43.4
2025-06-12 10:35:00,47.9
2025-06-12 18:26:00,25.0
2025-06-12 01:18:00,54.9
2025-06-12 19:58:00,98.2
2025-06-12 07:52:00,37.4
2025-06-12 08:56:00,26.6
2025-06-12 11:06:00,37.0
2025-06-12 21:45:00,50.10362276498773
2025-06-12 07:31:00,50.0
2025-06-12 07:05:00,6.7
2025-06-12 20:07:00,45.7
2025-06-12 20:27:00,75.5
2025-06-12 08:02:00,31.2
2025-06-12 00:06:00,54.2
2025-06-12 15:34:00,50.10362276498773
2025-06-12 05:02:00,0.2
2025-06-12 20:19:00,19.6
2025-06-12 12:43:00,69.6
2025-06-12 00:17:00,53.9
2025-06-12 07:56:00,62.3
2025-06-12 23:54:00,37.5
2025-06-12 16:47:00,38.4
2025-06-12 16:43:00,5.8
2025-06-12 19:37:00,97.6
2025-06-12 22:47:00,17.8
2025-06-12 15:37:00,79.4
2025-06-12 06:07:00,98.4
2025-06-12 12:19:00,21.8
2025-06-12 16:51:00,43.8
2025-06-12 01:40:00,50.10362276498773
2025-06-12 01:33:00,83.7
2025-06-12 02:44:00,50.10362276498773
2025-06-12 14:07:00,63.1
2025-06-12 03:44:00,13.6
2025-06-12 13:43:00,71.0
2025-06-12 10:41:00,40.3
2025-06-12 06:08:00,22.3
2025-06-12 02:32:00,71.0
2025-06-12 00:20:00,76.6
2025-06-12 19:54:00,50.10362276498773
2025-06-12 18:40:00,50.10362276498773
2025-06-12 04:40:00,56.4
2025-06-12 20:42:00,59.9
2025-06-12 05:07:00,37.6
2025-06-12 10:52:00,63.4
2025-06-12 12:57:00,50.10362276498773
2025-06-12 04:51:00,50.10362276498773
2025-06-12 17:58:00,3.7
2025-06-12 07:45:00,44.0
2025-06-12 02:23:00,58.1
2025-06-12 20:33:00,92.4
2025-06-12 00:00:00,61.6
2025-06-12 08:28:00,73.2
2025-06-12 00:06:00,84.6
2025-06-12 00:35:00,44.3
2025-06-12 13:15:00,10.9
2025-06-12 08:42:00,63.0
2025-06-12 06:30:00,24.1
2025-06-12 18:56:00,71.5
2025-06-12 19:18:00,34.6
2025-06-12 16:20:00,83.4
2025-06-12 12:08:00,32.7
2025-06-12 08:11:00,35.3
2025-06-12 07:00:00,72.6
2025-06-12 01:54:00,23.2
2025-06-12 09:28:00,50.10362276498773
2025-06-12 21:30:00,37.1
2025-06-12 08:43:00,40.0
2025-06-12 15:11:00,42.3
2025-06-12 08:18:00,72.3
2025-06-12 14:25:00,27.3
2025-06-12 23:57:00,44.0
2025-06-12 20:40:00,97.4
2025-06-12 22:51:00,50.10362276498773
2025-06-12 13:31:00,6.6
2025-06-12 20:22:00,69.3
2025-06-12 04:02:00,12.0
2025-06-12 18:08:00,84.7
2025-06-12 10:15:00,51.1
2025-06-12 17:35:00,46.9
2025-06-12 19:34:00,86.0
2025-06-12 16:26:00,51.4
2025-06-12 19:18:00,37.2
2025-06-12 15:02:00,27.2
2025-06-12 21:49:00,63.0
2025-06-12 17:53:00,73.1
2025-06-12 11:32:00,35.1
2025-06-12 18:24:00,99.2
2025-06-12 11:18:00,62.2
2025-06-12 23:22:00,20.1
2025-06-12 09:59:00,85.5
2025-06-12 13:11:00,56.7
2025-06-12 19:06:00,34.8
2025-06-12 05:47:00,79.3
2025-06-12 12:03:00,50.10362276498773
2025-06-12 07:57:00,77.8
2025-06-12 15:21:00,60.9
2025-06-12 15:44:00,98.8
2025-06-12 12:18:00,97.0
2025-06-12 19:51:00,13.3
2025-06-12 17:10:00,13.0
2025-06-12 20:13:00,50.10362276498773
2025-06-12 20:58:00,81.3
2025-06-12 01:40:00,43.4
2025-06-12 05:45:00,52.8
2025-06-12 18:29:00,5.9
2025-06-12 05:04:00,43.8
2025-06-12 21:53:00,82.1
2025-06-12 18:14:00,34.6
2025-06-12 13:08:00,78.8
2025-06-12 13:30:00,2.1
2025-06-12 04:11:00,56.6
2025-06-12 06:38:00,93.4
2025-06-12 23:20:00,83.0
2025-06-12 06:22:00,53.3
2025-06-12 03:33:00,40.5
2025-06-12 02:31:00,50.12327810650887
2025-06-12 22:41:00,63.5
2025-06-12 09:16:00,74.3
2025-06-12 02:38:00,4.2
2025-06-12 08:38:00,17.2
2025-06-12 07:23:00,88.7
2025-06-12 10:31:00,75.1
2025-06-12 10:12:00,50.12327810650887
2025-06-12 12:55:00,83.4
2025-06-12 21:52:00,22.0
2025-06-12 03:22:00,50.12327810650887
2025-06-12 17:11:00,50.12327810650887
2025-06-12 19:56:00,50.3
2025-06-12 17:52:00,16.1
2025-06-12 23:05:00,40.7
2025-06-12 18:55:00,15.5
2025-06-12 00:30:00,2.1
2025-06-12 05:47:00,8.5
2025-06-12 08:37:00,13.1
2025-06-12 23:05:00,3.7
2025-06-12 16:31:00,72.8
2025-06-12 21:59:00,49.3
2025-06-12 13:27:00,50.12327810650887
2025-06-12 03:30:00,14.2
2025-06-12 17:02:00,88.0
2025-06-12 17:47:00,50.12327810650887
2025-06-12 05:17:00,34.3
2025-06-12 05:28:00,69.6
2025-06-12 03:47:00,9.1
2025-06-12 02:18:00,32.8
2025-06-12 14:43:00,50.12327810650887
2025-06-12 23:00:00,17.0
2025-06-12 09:10:00,92.7
2025-06-12 03:32:00,12.8
2025-06-12 07:55:00,52.9
2025-06-12 12:20:00,1.7
2025-06-12 20:37:00,39.1
2025-06-12 05:24:00,27.9
2025-06-12 03:53:00,50.12327810650887
2025-06-12 20:08:00,10.6
2025-06-12 12:31:00,71.9
2025-06-12 18:57:00,9.3
2025-06-12 21:50:00,34.5
2025-06-12 08:14:00,14.6
2025-06-12 08:05:00,67.4
2025-06-12 04:52:00,50.12327810650887
2025-06-12 04:41:00,45.5
2025-06-12 17:08:00,21.4
2025-06-12 11:31:00,90.3
2025-06-12 02:24:00,50.12327810650887
2025-06-12 01:38:00,69.7
2025-06-12 01:12:00,71.4
2025-06-12 18:18:00,5.3
2025-06-12 16:32:00,66.4
2025-06-12 12:39:00,64.2
2025-06-12 23:52:00,37.7
2025-06-12 13:32:00,2.9
2025-06-12 08:57:00,9.2
2025-06-12 23:25:00,56.7
2025-06-12 11:47:00,50.12327810650887
2025-06-12 04:39:00,67.4
2025-06-12 02:43:00,35.2
2025-06-12 17:29:00,36.9
2025-06-12 21:14:00,91.1
2025-06-12 17:32:00,55.3
2025-06-12 23:46:00,16.7
2025-06-12 21:58:00,2.3
2025-06-12 15:18:00,41.1
2025-06-12 08:00:00,48.2
2025-06-12 22:42:00,8.3
2025-06-12 05:22:00,97.5
2025-06-12 14:08:00,50.8
2025-06-12 01:41:00,51.7
2025-06-12 01:48:00,3.5
2025-06-12 06:41:00,50.12327810650887
2025-06-12 15:47:00,77.0
2025-06-12 16:57:00,98.4
2025-06-12 13:25:00,86.3
2025-06-12 10:55:00,84.2
2025-06-12 14:53:00,61.8
2025-06-12 16:26:00,76.6
2025-06-12 06:08:00,38.0
2025-06-12 17:21:00,91.4
2025-06-12 19:24:00,82.5
2025-06-12 02:46:00,24.1
2025-06-12 03:22:00,13.1
2025-06-12 06:13:00,83.9
2025-06-12 18:14:00,1.6
2025-06-12 04:43:00,35.8
2025-06-12 00:13:00,0.1
2025-06-12 11:36:00,93.5
2025-06-12 11:10:00,52.8
2025-06-12 15:30:00,92.0
2025-06-12 18:21:00,55.2
2025-06-12 05:13:00,54.7
2025-06-12 09:52:00,7.2
2025-06-12 18:34:00,99.1
2025-06-12 10:22:00,89.0
2025-06-12 15:36:00,1.4
2025-06-12 11:55:00,52.8
2025-06-12 11:50:00,64.0
2025-06-12 08:07:00,89.1
2025-06-12 03:35:00,70.7
2025-06-12 04:37:00,90.6
2025-06-12 14:13:00,89.7
2025-06-12 16:14:00,65.4
2025-06-12 03:59:00,50.12327810650887
2025-06-12 09:47:00,10.7
2025-06-12 19:15:00,34.9
2025-06-12 14:25:00,3.0
2025-06-12 02:11:00,49.2
2025-06-12 14:26:00,81.6
2025-06-12 02:37:00,58.5
2025-06-12 10:53:00,16.8
2025-06-12 06:10:00,50.12327810650887
2025-06-12 02:28:00,32.4
2025-06-12 02:29:00,30.1
2025-06-12 08:56:00,0.4
2025-06-12 14:45:00,88.5
2025-06-12 20:03:00,39.6
2025-06-12 10:42:00,93.4
2025-06-12 21:30:00,98.5
2025-06-12 13:45:00,53.9
2025-06-12 21:33:00,69.1
2025-06-12 01:07:00,66.8
2025-06-12 09:34:00,95.9
2025-06-12 22:08:00,7.5
2025-06-12 07:29:00,71.8
2025-06-12 03:41:00,90.0
2025-06-12 11:44:00,11.8
2025-06-12 01:31:00,50.12327810650887
2025-06-12 15:58:00,85.5
2025-06-12 14:38:00,59.9
2025-06-12 16:13:00,24.6
2025-06-12 10:18:00,50.12327810650887
2025-06-12 00:25:00,68.6
2025-06-12 15:52:00,68.0
2025-06-12 04:00:00,38.4
2025-06-12 05:28:00,38.8
2025-06-12 04:16:00,69.8
2025-06-12 10:46:00,81.6
2025-06-12 15:09:00,50.12327810650887
2025-06-12 03:30:00,16.8
2025-06-12 14:15:00,13.1
2025-06-12 08:52:00,34.6
2025-06-12 07:46:00,50.12327810650887
2025-06-12 05:38:00,72.8
2025-06-12 00:37:00,76.0
2025-06-12 17:39:00,85.7
2025-06-12 14:24:00,50.12327810650887
2025-06-12 08:14:00,14.8
2025-06-12 10:23:00,95.0
2025-06-12 01:28:00,0.3
2025-06-12 05:22:00,77.2
2025-06-12 00:12:00,88.3
2025-06-12 09:31:00,3.6
2025-06-12 06:30:00,16.9
2025-06-12 23:58:00,4.5
2025-06-12 12:39:00,50.12327810650887
2025-06-12 05:33:00,25.9
2025-06-12 15:25:00,77.5
2025-06-12 00:51:00,1.5
2025-06-12 12:56:00,76.2
2025-06-12 17:48:00,70.0
2025-06-12 12:48:00,50.12327810650887
2025-06-12 21:42:00,75.2
2025-06-12 16:04:00,9.8
2025-06-12 14:20:00,35.0
2025-06-12 13:06:00,21.8
2025-06-12 22:49:00,71.8
2025-06-12 10:23:00,32.5
2025-06-12 03:28:00,50.3
2025-06-12 05:42:00,50.12327810650887
2025-06-12 23:53:00,48.4
2025-06-12 10:18:00,50.12327810650887
2025-06-12 01:20:00,84.7
2025-06-12 10:16:00,67.4
2025-06-12 04:38:00,71.8
2025-06-12 17:14:00,42.8
2025-06-12 03:46:00,49.3
2025-06-12 13:38:00,36.0
2025-06-12 02:02:00,31.8
2025-06-12 21:15:00,90.3
2025-06-12 14:01:00,98.3
2025-06-12 05:50:00,96.7
2025-06-12 10:49:00,60.1
2025-06-12 22:12:00,30.8
2025-06-12 09:08:00,22.8
2025-06-12 10:01:00,48.0
2025-06-12 23:49:00,29.7
2025-06-12 11:18:00,92.8
2025-06-12 04:23:00,20.4
2025-06-12 22:45:00,50.12327810650887
2025-06-12 00:31:00,28.8
2025-06-12 21:44:00,30.6
2025-06-12 21:57:00,0.5
2025-06-12 00:35:00,43.2
2025-06-12 12:13:00,74.4
2025-06-12 21:37:00,88.7
2025-06-12 22:26:00,3.7
2025-06-12 22:22:00,48.1
2025-06-12 06:04:00,53.1
2025-06-12 21:51:00,43.5
2025-06-12 03:18:00,9.2
2025-06-12 20:24:00,50.12327810650887
2025-06-12 15:34:00,57.7
2025-06-12 20:00:00,69.9
2025-06-12 11:45:00,98.1
2025-06-12 10:30:00,73.2
2025-06-12 03:09:00,88.9
2025-06-12 01:17:00,50.12327810650887
2025-06-12 18:46:00,37.2
2025-06-12 01:08:00,33.1
2025-06-12 01:56:00,2.8
2025-06-12 01:07:00,52.1
2025-06-12 19:17:00,28.3
2025-06-12 10:20:00,95.1
2025-06-12 05:20:00,30.2
2025-06-12 14:17:00,50.12327810650887
2025-06-12 18:14:00,96.1
2025-06-12 14:52:00,50.12327810650887
2025-06-12 07:22:00,89.9
2025-06-12 22:39:00,39.7
2025-06-12 02:49:00,98.4
2025-06-12 10:25:00,8.1
2025-06-12 11:17:00,5.3
2025-06-12 10:54:00,63.8
2025-06-12 22:17:00,91.1
2025-06-12 07:01:00,80.8
2025-06-12 15:27:00,8.4
2025-06-12 22:43:00,11.0
2025-06-12 00:36:00,67.5
2025-06-12 14:42:00,68.6
2025-06-12 04:29:00,32.2
2025-06-12 23:03:00,91.8
2025-06-12 01:50:00,95.2
2025-06-12 09:50:00,54.0
2025-06-12 06:56:00,66.5
2025-06-12 02:54:00,50.12327810650887
2025-06-12 16:30:00,36.8
2025-06-12 05:42:00,90.3
2025-06-12 01:52:00,77.6
2025-06-12 17:55:00,70.9
2025-06-12 12:16:00,93.5
2025-06-12 22:01:00,77.7
2025-06-12 09:35:00,35.1
2025-06-12 19:12:00,57.1
2025-06-12 10:56:00,11.4
2025-06-12 02:44:00,41.8
2025-06-12 23:34:00,59.9
2025-06-12 23:14:00,34.5
2025-06-12 10:03:00,53.4
2025-06-12 04:29:00,19.7
2025-06-12 03:51:00,50.12327810650887
2025-06-12 13:35:00,16.3
2025-06-12 21:05:00,68.2
2025-06-12 20:30:00,29.3
2025-06-12 18:19:00,94.7
2025-06-12 23:08:00,80.9
2025-06-12 09:00:00,68.0
2025-06-12 01:50:00,50.12327810650887
2025-06-12 17:54:00,72.2
2025-06-12 02:54:00,15.7
2025-06-12 13:33:00,10.1
2025-06-12 09:23:00,39.1
2025-06-12 03:03:00,6.6
2025-06-12 17:21:00,52.9
2025-06-12 09:59:00,10.9
2025-06-12 14:17:00,85.9
2025-06-12 11:56:00,86.8
2025-06-12 10:51:00,4.0
2025-06-12 07:30:00,45.5
2025-06-12 16:41:00,50.12327810650887
2025-06-12 03:30:00,43.1
2025-06-12 12:13:00,50.12327810650887
2025-06-12 23:35:00,50.12327810650887
2025-06-12 12:36:00,46.1
2025-06-12 09:46:00,95.1
2025-06-12 00:01:00,63.7
2025-06-12 14:24:00,48.1
2025-06-12 07:18:00,54.9
2025-06-12 15:28:00,0.3
2025-06-12 21:55:00,91.9
2025-06-12 17:06:00,50.12327810650887
2025-06-12 02:37:00,71.7
2025-06-12 10:54:00,7.9
2025-06-12 20:34:00,50.12327810650887
2025-06-12 09:53:00,29.9
2025-06-12 10:00:00,90.4
2025-06-12 01:20:00,44.3
2025-06-12 07:00:00,77.9
2025-06-12 22:51:00,66.0
2025-06-12 22:16:00,75.6
2025-06-12 23:33:00,20.5
2025-06-12 21:16:00,10.2
2025-06-12 15:39:00,50.12327810650887
2025-06-12 22:25:00,0.3
2025-06-12 20:17:00,66.1
2025-06-12 09:12:00,18.0
2025-06-12 15:40:00,77.4
2025-06-12 19:34:00,77.9
2025-06-12 14:48:00,49.63956792297757
2025-06-12 02:38:00,14.1
2025-06-12 14:09:00,66.0
2025-06-12 18:30:00,71.3
2025-06-12 23:29:00,32.2
2025-06-12 00:30:00,34.7
2025-06-12 05:00:00,12.8
2025-06-12 22:37:00,97.1
2025-06-12 02:54:00,20.1
2025-06-12 14:39:00,45.8
2025-06-12 22:48:00,73.1
2025-06-12 14:55:00,89.2
2025-06-12 08:28:00,81.3
2025-06-12 23:11:00,90.3
2025-06-12 07:51:00,10.3
2025-06-12 23:50:00,61.3
2025-06-12 18:19:00,22.0
2025-06-12 22:33:00,41.9
2025-06-12 02:45:00,31.2
2025-06-12 17:50:00,24.2
2025-06-12 10:55:00,9.0
2025-06-12 20:55:00,49.63956792297757
2025-06-12 08:13:00,98.4
2025-06-12 04:33:00,97.1
2025-06-12 05:29:00,2.7
2025-06-12 14:42:00,17.3
2025-06-12 18:43:00,10.2
2025-06-12 13:52:00,66.7
2025-06-12 04:35:00,12.4
2025-06-12 21:28:00,49.0
2025-06-12 03:08:00,95.1
2025-06-12 20:35:00,16.4
2025-06-12 07:42:00,19.5
2025-06-12 21:52:00,29.6
2025-06-12 15:26:00,89.1
2025-06-12 03:33:00,83.5
2025-06-12 20:56:00,13.0
2025-06-12 23:45:00,43.3
2025-06-12 05:41:00,50.5
2025-06-12 16:48:00,8.7
2025-06-12 07:16:00,5.6
2025-06-12 14:39:00,96.2
2025-06-12 14:48:00,31.4
2025-06-12 16:55:00,45.8
2025-06-12 17:52:00,46.8
2025-06-12 10:57:00,49.63956792297757
2025-06-12 10:38:00,76.6
2025-06-12 13:52:00,94.4
2025-06-12 17:34:00,63.9
2025-06-12 05:05:00,41.3
2025-06-12 01:42:00,73.8
2025-06-12 00:27:00,84.8
2025-06-12 08:16:00,58.9
2025-06-12 09:11:00,2.1
2025-06-12 02:39:00,19.8
2025-06-12 13:27:00,49.63956792297757
2025-06-12 02:56:00,37.0
2025-06-12 16:14:00,0.7
2025-06-12 00:45:00,20.9
2025-06-12 17:19:00,88.9
2025-06-12 15:19:00,52.3
2025-06-12 05:39:00,55.9
2025-06-12 08:33:00,3.0
2025-06-12 09:00:00,3.1
2025-06-12 19:38:00,16.8
2025-06-12 05:30:00,83.9
2025-06-12 03:43:00,80.3
2025-06-12 07:41:00,47.5
2025-06-12 15:13:00,42.4
2025-06-12 07:25:00,97.6
2025-06-12 00:25:00,12.8
2025-06-12 03:47:00,62.8
2025-06-12 14:51:00,4.5
2025-06-12 13:53:00,27.1
2025-06-12 07:16:00,89.5
2025-06-12 14:27:00,49.9
2025-06-12 04:58:00,40.2
2025-06-12 20:31:00,47.1
2025-06-12 22:55:00,77.6
2025-06-12 00:21:00,46.6
2025-06-12 13:29:00,80.4
2025-06-12 05:46:00,49.63956792297757
2025-06-12 00:26:00,49.63956792297757
2025-06-12 11:02:00,9.6
2025-06-12 01:42:00,49.63956792297757
2025-06-12 07:15:00,77.0
2025-06-12 21:00:00,70.2
2025-06-12 08:56:00,13.0
2025-06-12 22:24:00,14.3
2025-06-12 13:43:00,82.0
2025-06-12 17:20:00,38.0
2025-06-12 06:12:00,54.0
2025-06-12 23:09:00,34.0
2025-06-12 17:09:00,50.1
2025-06-12 22:42:00,49.63956792297757
2025-06-12 10:31:00,76.7
2025-06-12 13:37:00,24.9
2025-06-12 21:24:00,40.6
2025-06-12 20:55:00,22.3
2025-06-12 02:13:00,44.3
2025-06-12 18:20:00,3.8
2025-06-12 23:15:00,27.6
2025-06-12 01:46:00,22.8
2025-06-12 13:01:00,49.63956792297757
2025-06-12 12:10:00,72.4
2025-06-12 12:43:00,97.4
2025-06-12 14:23:00,24.5
2025-06-12 03:22:00,93.3
2025-06-12 14:56:00,58.0
2025-06-12 16:15:00,98.0
2025-06-12 13:45:00,38.7
2025-06-12 10:54:00,28.1
2025-06-12 01:52:00,98.0
2025-06-12 16:55:00,0.8
2025-06-12 14:11:00,99.7
2025-06-12 03:21:00,37.0
2025-06-12 15:21:00,75.2
2025-06-12 13:01:00,71.6
2025-06-12 09:29:00,38.8
2025-06-12 06:29:00,94.6
2025-06-12 00:04:00,23.1
2025-06-12 21:31:00,18.9
2025-06-12 19:52:00,9.6
2025-06-12 15:08:00,56.0
2025-06-12 02:43:00,8.3
2025-06-12 11:35:00,22.0
2025-06-12 22:05:00,26.0
2025-06-12 13:09:00,49.63956792297757
2025-06-12 04:06:00,62.5
2025-06-12 11:31:00,49.63956792297757
2025-06-12 02:56:00,22.8
2025-06-12 09:02:00,95.4
2025-06-12 15:13:00,71.7
2025-06-12 16:53:00,49.63956792297757
2025-06-12 05:00:00,36.5
2025-06-12 00:43:00,49.63956792297757
2025-06-12 14:42:00,65.4
2025-06-12 14:56:00,8.9
2025-06-12 01:50:00,49.63956792297757
2025-06-12 05:54:00,22.2
2025-06-12 13:45:00,14.3
2025-06-12 16:42:00,80.2
2025-06-12 16:33:00,22.3
2025-06-12 17:23:00,19.5
2025-06-12 10:44:00,62.0
2025-06-12 01:26:00,2.0
2025-06-12 02:27:00,69.1
2025-06-12 12:02:00,49.63956792297757
2025-06-12 18:59:00,43.5
2025-06-12 21:27:00,32.8
2025-06-12 13:38:00,19.9
2025-06-12 18:51:00,53.2
2025-06-12 05:51:00,19.3
2025-06-12 01:08:00,25.3
2025-06-12 21:02:00,97.9
2025-06-12 02:24:00,45.0
2025-06-12 08:28:00,49.63956792297757
2025-06-12 11:26:00,0.5
2025-06-12 18:08:00,69.0
2025-06-12 22:48:00,89.2
2025-06-12 13:52:00,74.1
2025-06-12 17:15:00,49.63956792297757
2025-06-12 06:58:00,5.4
2025-06-12 10:22:00,68.0
2025-06-12 14:44:00,79.3
2025-06-12 20:36:00,43.4
2025-06-12 22:36:00,49.63956792297757
2025-06-12 12:38:00,21.2
2025-06-12 16:27:00,12.8
2025-06-12 07:36:00,55.5
2025-06-12 23:59:00,49.63956792297757
2025-06-12 11:39:00,28.2
2025-06-12 11:13:00,66.7
2025-06-12 15:40:00,90.6
2025-06-12 06:16:00,81.5
2025-06-12 14:58:00,19.5
2025-06-12 20:51:00,71.3
2025-06-12 08:34:00,29.5
2025-06-12 05:50:00,21.0
2025-06-12 10:59:00,54.6
2025-06-12 18:05:00,13.7
2025-06-12 07:36:00,45.5
2025-06-12 13:00:00,83.5
2025-06-12 20:17:00,6.1
2025-06-12 19:45:00,61.4
2025-06-12 07:56:00,41.7
2025-06-12 04:45:00,19.3
2025-06-12 16:12:00,92.4
2025-06-12 23:01:00,49.63956792297757
2025-06-12 12:09:00,60.3
2025-06-12 10:24:00,96.8
2025-06-12 19:37:00,92.7
2025-06-12 19:00:00,93.5
2025-06-12 15:06:00,17.0
2025-06-12 11:47:00,82.3
2025-06-12 12:24:00,41.9
2025-06-12 10:04:00,0.0
2025-06-12 23:55:00,49.63956792297757
2025-06-12 05:18:00,57.3
2025-06-12 09:15:00,58.6
2025-06-12 04:04:00,5.5
2025-06-12 13:25:00,58.8
2025-06-12 20:36:00,23.5
2025-06-12 01:03:00,49.63956792297757
2025-06-12 09:15:00,8.9
2025-06-12 11:23:00,49.63956792297757
2025-06-12 06:53:00,91.7
2025-06-12 02:37:00,38.2
2025-06-12 05:55:00,85.2
2025-06-12 23:00:00,0.5
2025-06-12 00:33:00,86.6
2025-06-12 04:12:00,16.8
2025-06-12 15:00:00,7.9
2025-06-12 15:52:00,95.8
2025-06-12 09:24:00,97.0
2025-06-12 21:36:00,76.1
2025-06-12 03:52:00,24.6
2025-06-12 01:01:00,81.5
2025-06-12 15:45:00,79.9
2025-06-12 06:18:00,49.63956792297757
2025-06-12 13:51:00,80.3
2025-06-12 06:22:00,77.1
2025-06-12 21:39:00,49.63956792297757
2025-06-12 08:17:00,48.0
2025-06-12 07:02:00,1.2
2025-06-12 06:13:00,58.2
2025-06-12 23:29:00,41.6
2025-06-12 16:30:00,4.6
2025-06-12 04:54:00,34.3
2025-06-12 04:48:00,38.2
2025-06-12 04:31:00,98.6
2025-06-12 15:12:00,49.63956792297757
2025-06-12 17:45:00,73.9
2025-06-12 15:52:00,42.6
2025-06-12 08:14:00,15.6
2025-06-12 22:09:00,49.63956792297757
2025-06-12 15:36:00,97.2
2025-06-12 22:23:00,55.2
2025-06-12 09:37:00,28.7
2025-06-12 19:30:00,49.63956792297757
2025-06-12 18:07:00,91.4
2025-06-12 18:58:00,49.63956792297757
2025-06-12 04:00:00,4.7
2025-06-12 22:23:00,49.63956792297757
2025-06-12 02:33:00,16.2
2025-06-12 10:32:00,70.1
2025-06-12 11:14:00,19.5
2025-06-12 23:28:00,87.8
2025-06-12 08:44:00,57.6
2025-06-12 03:56:00,1.6
2025-06-12 09:48:00,69.5
2025-06-12 01:52:00,51.5
2025-06-12 20:28:00,54.6
2025-06-12 01:04:00,82.9
2025-06-12 20:16:00,30.8
2025-06-12 14:53:00,37.4
2025-06-12 16:07:00,78.6
2025-06-12 01:30:00,77.0
2025-06-12 06:41:00,30.7
2025-06-12 18:55:00,18.2
2025-06-12 18:41:00,8.1
2025-06-12 21:28:00,44.1
2025-06-12 02:39:00,49.63956792297757
2025-06-12 05:34:00,65.6
2025-06-12 07:02:00,99.5
2025-06-12 11:11:00,49.63956792297757
2025-06-12 20:44:00,3.7
2025-06-12 01:51:00,49.63956792297757
2025-06-12 06:29:00,49.63956792297757
2025-06-12 05:16:00,69.0
2025-06-12 13:26:00,3.1
2025-06-12 08:43:00,49.63956792297757
2025-06-12 21:05:00,49.63956792297757
2025-06-12 21:47:00,88.0
2025-06-12 19:23:00,5.6
2025-06-12 07:08:00,84.1
2025-06-12 00:12:00,63.7
2025-06-12 07:07:00,93.5
2025-06-12 09:01:00,15.4
2025-06-12 06:18:00,30.0
2025-06-12 18:17:00,23.6
2025-06-12 03:42:00,56.3
2025-06-12 03:28:00,79.3
2025-06-12 01:59:00,59.0
2025-06-12 03:42:00,38.7
2025-06-12 05:07:00,60.9
2025-06-12 15:51:00,15.4
2025-06-12 15:49:00,48.2
2025-06-12 13:59:00,31.4
2025-06-12 08:56:00,28.7
2025-06-12 13:55:00,52.2
2025-06-12 18:33:00,56.8
2025-06-12 03:40:00,49.63956792297757
2025-06-12 12:14:00,3.0
2025-06-12 22:24:00,40.1
2025-06-12 10:25:00,39.9
2025-06-12 00:23:00,19.8
2025-06-12 23:17:00,10.7
2025-06-12 09:19:00,73.4
2025-06-12 11:49:00,37.6
2025-06-12 12:59:00,49.63956792297757
2025-06-12 23:38:00,57.8
2025-06-12 21:08:00,28.9
2025-06-12 02:59:00,41.3
2025-06-12 03:45:00,64.6
2025-06-12 13:40:00,64.7
2025-06-12 14:37:00,49.8
2025-06-12 12:51:00,88.4
2025-06-12 05:06:00,50.29152382078261
2025-06-12 02:47:00,51.4
2025-06-12 01:20:00,72.9
2025-06-12 16:46:00,82.7
2025-06-12 01:35:00,64.0
2025-06-12 19:38:00,87.2
2025-06-12 15:48:00,20.2
2025-06-12 07:19:00,10.7
2025-06-12 04:11:00,48.2
2025-06-12 19:32:00,66.4
2025-06-12 02:06:00,39.6
2025-06-12 00:33:00,79.9
2025-06-12 02:02:00,55.0
2025-06-12 00:52:00,48.3
2025-06-12 18:01:00,94.8
2025-06-12 18:20:00,77.7
2025-06-12 18:21:00,85.6
2025-06-12 14:34:00,91.0
2025-06-12 11:50:00,5.7
2025-06-12 18:39:00,82.6
2025-06-12 16:56:00,40.7
2025-06-12 03:37:00,10.4
2025-06-12 02:51:00,50.29152382078261
2025-06-12 22:32:00,20.9
2025-06-12 14:19:00,89.8
2025-06-12 11:20:00,80.3
2025-06-12 21:11:00,87.0
2025-06-12 01:51:00,6.7
2025-06-12 20:13:00,8.0
2025-06-12 17:49:00,98.1
2025-06-12 05:40:00,39.4
2025-06-12 13:16:00,73.4
2025-06-12 02:35:00,29.0
2025-06-12 01:49:00,65.9
2025-06-12 14:17:00,50.29152382078261
2025-06-12 00:12:00,59.6
2025-06-12 22:13:00,30.1
2025-06-12 14:48:00,64.7
2025-06-12 18:16:00,34.5
2025-06-12 03:51:00,32.9
2025-06-12 22:52:00,43.6
2025-06-12 18:20:00,50.29152382078261
2025-06-12 19:24:00,46.9
2025-06-12 13:45:00,50.29152382078261
2025-06-12 17:43:00,91.9
2025-06-12 19:12:00,50.29152382078261
2025-06-12 06:11:00,35.1
2025-06-12 15:39:00,67.6
2025-06-12 09:47:00,3.9
2025-06-12 00:19:00,26.0
2025-06-12 13:53:00,65.3
2025-06-12 12:37:00,2.9
2025-06-12 04:21:00,90.0
2025-06-12 15:41:00,99.9
2025-06-12 10:32:00,24.0
2025-06-12 16:07:00,42.3
2025-06-12 23:58:00,15.5
2025-06-12 09:35:00,71.6
2025-06-12 13:46:00,59.7
2025-06-12 21:16:00,64.3
2025-06-12 16:53:00,69.2
2025-06-12 09:55:00,37.8
2025-06-12 20:33:00,22.8
2025-06-12 07:11:00,91.6
2025-06-12 01:43:00,62.1
2025-06-12 10:33:00,96.3
2025-06-12 10:26:00,0.7
2025-06-12 17:12:00,98.9
2025-06-12 15:00:00,91.2
2025-06-12 19:38:00,4.2
2025-06-12 15:11:00,79.6
2025-06-12 12:07:00,62.6
2025-06-12 20:24:00,86.9
2025-06-12 00:05:00,70.1
2025-06-12 22:07:00,50.29152382078261
2025-06-12 18:27:00,45.1
2025-06-12 09:26:00,50.29152382078261
2025-06-12 11:25:00,26.8
2025-06-12 01:33:00,83.2
2025-06-12 14:30:00,50.29152382078261
2025-06-12 07:27:00,61.6
2025-06-12 14:09:00,50.29152382078261
2025-06-12 06:38:00,50.29152382078261
2025-06-12 04:53:00,15.8
2025-06-12 05:09:00,70.7
2025-06-12 22:15:00,50.29152382078261
2025-06-12 10:20:00,9.0
2025-06-12 17:54:00,7.0
2025-06-12 03:42:00,43.6
2025-06-12 06:38:00,34.6
2025-06-12 09:45:00,9.8
2025-06-12 15:40:00,66.6
2025-06-12 02:52:00,50.29152382078261
2025-06-12 07:15:00,71.8
2025-06-12 07:50:00,50.29152382078261
2025-06-12 00:06:00,67.8
2025-06-12 02:23:00,31.5
2025-06-12 19:22:00,72.0
2025-06-12 16:27:00,30.0
2025-06-12 19:06:00,51.6
2025-06-12 15:30:00,98.3
2025-06-12 05:07:00,50.29152382078261
2025-06-12 03:41:00,21.7
2025-06-12 09:59:00,30.4
2025-06-12 04:39:00,50.29152382078261
2025-06-12 12:14:00,84.8
2025-06-12 06:11:00,9.0
2025-06-12 11:26:00,50.29152382078261
2025-06-12 13:08:00,74.7
2025-06-12 07:06:00,52.4
2025-06-12 06:00:00,41.8
2025-06-12 04:10:00,60.6
2025-06-12 03:28:00,30.9
2025-06-12 02:30:00,47.4
2025-06-12 18:09:00,23.2
2025-06-12 13:09:00,61.1
2025-06-12 07:57:00,42.7
2025-06-12 22:16:00,93.4
2025-06-12 00:40:00,14.4
2025-06-12 12:48:00,19.4
2025-06-12 20:02:00,93.7
2025-06-12 17:33:00,78.2
2025-06-12 04:05:00,44.3
2025-06-12 18:09:00,77.3
2025-06-12 12:25:00,64.6
2025-06-12 00:43:00,50.29152382078261
2025-06-12 21:13:00,27.4
2025-06-12 10:07:00,46.3
2025-06-12 21:07:00,45.4
2025-06-12 14:04:00,91.0
2025-06-12 18:17:00,50.29152382078261
2025-06-12 20:48:00,4.8
2025-06-12 18:19:00,37.9
2025-06-12 00:25:00,59.7
2025-06-12 19:22:00,50.29152382078261
2025-06-12 11:20:00,79.8
2025-06-12 08:55:00,50.0
2025-06-12 21:32:00,67.5
2025-06-12 09:17:00,50.29152382078261
2025-06-12 05:22:00,62.5
2025-06-12 09:37:00,19.6
2025-06-12 13:01:00,63.1
2025-06-12 21:10:00,10.2
2025-06-12 02:42:00,6.2
2025-06-12 07:18:00,50.29152382078261
2025-06-12 01:36:00,50.29152382078261
2025-06-12 02:11:00,47.3
2025-06-12 22:10:00,50.29152382078261
2025-06-12 19:37:00,52.0
2025-06-12 14:08:00,29.3
2025-06-12 01:47:00,10.3
2025-06-12 23:29:00,1.9
2025-06-12 23:58:00,23.4
2025-06-12 09:58:00,44.5
2025-06-12 09:09:00,50.29152382078261
2025-06-12 03:46:00,66.6
2025-06-12 23:04:00,65.9
2025-06-12 20:25:00,63.4
2025-06-12 17:31:00,20.8
2025-06-12 03:41:00,50.29152382078261
2025-06-12 17:03:00,47.2
2025-06-12 04:22:00,30.4
2025-06-12 10:39:00,34.8
2025-06-12 17:57:00,13.8
2025-06-12 01:27:00,50.29152382078261
2025-06-12 18:52:00,50.29152382078261
2025-06-12 02:07:00,25.9
2025-06-12 06:30:00,88.4
2025-06-12 01:38:00,99.3
2025-06-12 11:51:00,74.6
2025-06-12 21:36:00,32.3
2025-06-12 21:24:00,23.8
2025-06-12 02:59:00,65.2
2025-06-12 12:39:00,56.5
2025-06-12 10:22:00,3.0
2025-06-12 12:08:00,27.8
2025-06-12 12:07:00,34.6
2025-06-12 21:27:00,69.6
2025-06-12 11:47:00,50.29152382078261
2025-06-12 00:20:00,50.29152382078261
2025-06-12 12:32:00,38.9
2025-06-12 20:58:00,62.1
2025-06-12 00:56:00,89.8
2025-06-12 03:24:00,50.29152382078261
2025-06-12 02:54:00,62.2
2025-06-12 19:48:00,46.4
2025-06-12 04:34:00,50.29152382078261
2025-06-12 13:17:00,50.29152382078261
2025-06-12 02:04:00,65.7
2025-06-12 14:24:00,62.2
2025-06-12 23:09:00,2.7
2025-06-12 23:26:00,33.0
2025-06-12 19:33:00,67.2
2025-06-12 08:43:00,50.29152382078261
2025-06-12 13:14:00,21.7
2025-06-12 09:15:00,11.0
2025-06-12 12:22:00,52.4
2025-06-12 14:11:00,50.29152382078261
2025-06-12 13:30:00,49.8
2025-06-12 19:57:00,50.29152382078261
2025-06-12 22:42:00,1.5
2025-06-12 03:30:00,36.6
2025-06-12 10:31:00,32.9
2025-06-12 07:10:00,64.8
2025-06-12 13:59:00,48.9
2025-06-12 12:28:00,62.0
2025-06-12 22:26:00,50.29152382078261
2025-06-12 22:55:00,62.3
2025-06-12 05:50:00,25.3
2025-06-12 20:45:00,20.9
2025-06-12 09:20:00,29.9
2025-06-12 11:55:00,88.6
2025-06-12 04:33:00,46.7
2025-06-12 04:33:00,50.29152382078261
2025-06-12 09:57:00,35.1
2025-06-12 23:35:00,21.7
2025-06-12 10:06:00,74.0
2025-06-12 04:47:00,17.8
2025-06-12 10:05:00,76.4
2025-06-12 07:33:00,97.7
2025-06-12 08:14:00,50.29152382078261
2025-06-12 09:09:00,9.0
2025-06-12 05:27:00,32.1
2025-06-12 22:59:00,50.29152382078261
2025-06-12 12:23:00,2.7
2025-06-12 09:56:00,51.1
2025-06-12 03:20:00,28.3
2025-06-12 03:26:00,11.1
2025-06-12 05:04:00,50.29152382078261
2025-06-12 07:40:00,30.0
2025-06-12 22:33:00,24.9
2025-06-12 04:14:00,50.29152382078261
2025-06-12 00:12:00,36.1
2025-06-12 15:53:00,8.3
2025-06-12 03:01:00,53.3
2025-06-12 00:55:00,49.1
2025-06-12 03:44:00,65.0
2025-06-12 05:21:00,43.1
2025-06-12 10:14:00,44.6
2025-06-12 01:10:00,66.2
2025-06-12 23:01:00,29.3
2025-06-12 04:56:00,50.29152382078261
2025-06-12 02:30:00,50.29152382078261
2025-06-12 16:37:00,17.4
2025-06-12 03:10:00,8.7
2025-06-12 14:10:00,22.9
2025-06-12 23:59:00,74.8
2025-06-12 19:34:00,97.8
2025-06-12 12:50:00,77.7
2025-06-12 00:09:00,50.29152382078261
2025-06-12 22:33:00,23.1
2025-06-12 06:52:00,17.8
2025-06-12 09:52:00,7.7
2025-06-12 10:20:00,18.4
2025-06-12 05:57:00,90.4
2025-06-12 19:23:00,50.29152382078261
2025-06-12 17:22:00,22.3
2025-06-12 22:54:00,81.0
2025-06-12 01:56:00,78.5
2025-06-12 11:00:00,8.5
2025-06-12 17:05:00,17.1
2025-06-12 18:12:00,25.3
2025-06-12 11:49:00,80.4
2025-06-12 01:59:00,67.9
2025-06-12 18:33:00,50.29152382078261
2025-06-12 22:58:00,61.9
2025-06-12 00:09:00,50.29152382078261
2025-06-12 00:54:00,49.0
2025-06-12 17:37:00,33.7
2025-06-12 04:11:00,73.3
2025-06-12 21:59:00,45.4
2025-06-12 17:54:00,13.8
2025-06-12 23:47:00,45.9
2025-06-12 15:49:00,52.5
2025-06-12 07:20:00,50.29152382078261
2025-06-12 08:16:00,50.29152382078261
2025-06-12 18:04:00,99.4
2025-06-12 10:33:00,50.29152382078261
2025-06-12 14:55:00,50.29152382078261
2025-06-12 02:37:00,85.8
2025-06-12 18:30:00,35.0
2025-06-12 03:09:00,20.1
2025-06-12 15:34:00,10.2
2025-06-12 00:55:00,33.0
2025-06-12 02:03:00,72.3
2025-06-12 10:13:00,93.8
2025-06-12 00:02:00,50.29152382078261
2025-06-12 05:08:00,95.8
2025-06-12 11:13:00,63.1
2025-06-12 23:32:00,81.1
2025-06-12 12:41:00,48.0
2025-06-12 17:44:00,92.5
2025-06-12 06:12:00,15.9
2025-06-12 01:21:00,19.2
2025-06-12 15:56:00,52.1
2025-06-12 18:59:00,40.1
2025-06-12 07:16:00,62.5
2025-06-12 20:11:00,53.0
2025-06-12 01:34:00,99.9
2025-06-12 03:13:00,62.0
2025-06-12 12:16:00,60.3
2025-06-12 17:36:00,25.4
2025-06-12 09:10:00,90.2
2025-06-12 05:49:00,63.9
2025-06-12 07:11:00,67.2
2025-06-12 02:02:00,78.3
2025-06-12 07:54:00,1.9
2025-06-12 08:03:00,6.1
2025-06-12 20:00:00,50.29152382078261
2025-06-12 02:11:00,50.29152382078261
2025-06-12 23:32:00,32.2
2025-06-12 19:15:00,97.7
2025-06-12 07:14:00,73.5
2025-06-12 05:10:00,58.9
2025-06-12 14:07:00,19.0
2025-06-12 15:14:00,50.29152382078261
2025-06-12 18:55:00,81.3
2025-06-12 19:51:00,12.2
2025-06-12 06:04:00,50.15830883217688
2025-06-12 18:43:00,92.7
2025-06-12 14:58:00,2.2
2025-06-12 19:42:00,80.5
2025-06-12 12:01:00,45.4
2025-06-12 07:25:00,15.7
2025-06-12 02:08:00,51.5
2025-06-12 17:31:00,3.7
2025-06-12 07:43:00,27.7
2025-06-12 22:12:00,13.3
2025-06-12 06:26:00,97.1
2025-06-12 04:18:00,77.3
2025-06-12 12:13:00,36.1
2025-06-12 21:20:00,38.6
2025-06-12 04:30:00,50.15830883217688
2025-06-12 05:10:00,1.3
2025-06-12 12:22:00,14.3
2025-06-12 01:56:00,41.1
2025-06-12 08:52:00,16.9
2025-06-12 02:58:00,50.15830883217688
2025-06-12 05:36:00,39.3
2025-06-12 00:40:00,42.6
2025-06-12 02:13:00,78.1
2025-06-12 19:02:00,50.15830883217688
2025-06-12 23:22:00,50.15830883217688
2025-06-12 03:16:00,88.0
2025-06-12 14:13:00,13.0
2025-06-12 00:51:00,9.5
2025-06-12 09:50:00,77.8
2025-06-12 21:43:00,93.4
2025-06-12 08:48:00,50.15830883217688
2025-06-12 09:59:00,18.6
2025-06-12 05:32:00,41.0
2025-06-12 14:16:00,97.0
2025-06-12 05:45:00,50.15830883217688
2025-06-12 01:08:00,82.5
2025-06-12 11:18:00,92.6
2025-06-12 18:33:00,97.5
2025-06-12 09:54:00,50.15830883217688
2025-06-12 05:21:00,20.2
2025-06-12 14:33:00,81.9
2025-06-12 18:44:00,99.1
2025-06-12 07:07:00,89.1
2025-06-12 09:57:00,58.8
2025-06-12 23:27:00,50.15830883217688
2025-06-12 12:32:00,32.2
2025-06-12 03:36:00,61.3
2025-06-12 13:12:00,45.5
2025-06-12 06:25:00,50.15830883217688
2025-06-12 20:50:00,38.4
2025-06-12 20:45:00,50.15830883217688
2025-06-12 22:10:00,49.9
2025-06-12 22:16:00,30.9
2025-06-12 09:40:00,86.0
2025-06-12 02:31:00,64.6
2025-06-12 08:00:00,50.15830883217688
2025-06-12 19:12:00,46.1
2025-06-12 18:27:00,50.15830883217688
2025-06-12 08:03:00,80.5
2025-06-12 18:23:00,51.3
2025-06-12 18:15:00,75.9
2025-06-12 05:09:00,3.3
2025-06-12 17:39:00,38.9
2025-06-12 12:24:00,21.4
2025-06-12 03:51:00,50.15830883217688
2025-06-12 00:38:00,50.15830883217688
2025-06-12 07:13:00,14.9
2025-06-12 10:12:00,66.1
2025-06-12 03:16:00,50.15830883217688
2025-06-12 15:33:00,50.3
2025-06-12 07:22:00,47.0
2025-06-12 01:04:00,78.0
2025-06-12 02:07:00,20.1
2025-06-12 06:21:00,45.8
2025-06-12 04:07:00,3.9
2025-06-12 14:53:00,16.8
2025-06-12 23:39:00,74.7
2025-06-12 08:26:00,63.8
2025-06-12 02:42:00,59.2
2025-06-12 06:53:00,54.9
2025-06-12 16:42:00,72.1
2025-06-12 12:17:00,50.15830883217688
2025-06-12 19:01:00,37.4
2025-06-12 06:40:00,62.4
2025-06-12 07:42:00,12.0
2025-06-12 18:07:00,0.6
2025-06-12 16:51:00,90.6
2025-06-12 04:23:00,45.8
2025-06-12 04:04:00,99.9
2025-06-12 07:25:00,91.8
2025-06-12 22:59:00,97.5
2025-06-12 05:18:00,28.4
2025-06-12 17:12:00,61.7
2025-06-12 18:47:00,89.4
2025-06-12 18:51:00,93.9
2025-06-12 19:18:00,99.0
2025-06-12 05:48:00,71.1
2025-06-12 12:24:00,26.1
2025-06-12 06:16:00,50.15830883217688
2025-06-12 05:22:00,50.15830883217688
2025-06-12 05:54:00,37.3
2025-06-12 18:10:00,8.6
2025-06-12 12:33:00,6.2
2025-06-12 21:25:00,19.9
2025-06-12 10:57:00,50.15830883217688
2025-06-12 02:07:00,88.2
2025-06-12 22:20:00,44.5
2025-06-12 12:50:00,33.6
2025-06-12 00:11:00,47.2
2025-06-12 04:45:00,74.4
2025-06-12 13:55:00,4.5
2025-06-12 06:28:00,66.8
2025-06-12 03:10:00,10.3
2025-06-12 23:28:00,75.7
2025-06-12 04:58:00,59.4
2025-06-12 03:41:00,79.7
2025-06-12 21:08:00,58.0
2025-06-12 20:42:00,28.6
2025-06-12 21:04:00,50.15830883217688
2025-06-12 13:35:00,34.0
2025-06-12 04:10:00,55.2
2025-06-12 13:16:00,8.4
2025-06-12 12:24:00,33.1
2025-06-12 07:20:00,43.1
2025-06-12 18:06:00,66.5
2025-06-12 07:14:00,65.5
2025-06-12 13:47:00,28.7
2025-06-12 03:01:00,51.8
2025-06-12 21:50:00,7.9
2025-06-12 07:28:00,97.7
2025-06-12 07:00:00,15.9
2025-06-12 23:51:00,1.3
2025-06-12 06:45:00,8.0
2025-06-12 11:31:00,61.8
2025-06-12 06:28:00,0.7
2025-06-12 01:10:00,5.6
2025-06-12 05:42:00,6.1
2025-06-12 16:39:00,48.3
2025-06-12 21:58:00,30.6
2025-06-12 17:36:00,95.8
2025-06-12 09:30:00,36.7
2025-06-12 20:49:00,55.7
2025-06-12 09:32:00,50.15830883217688
2025-06-12 00:28:00,50.15830883217688
2025-06-12 10:29:00,24.6
2025-06-12 16:46:00,67.8
2025-06-12 07:16:00,50.15830883217688
2025-06-12 03:05:00,42.7
2025-06-12 16:08:00,90.8
2025-06-12 02:22:00,24.2
2025-06-12 00:13:00,56.2
2025-06-12 07:56:00,38.5
2025-06-12 22:50:00,85.0
2025-06-12 23:36:00,92.8
2025-06-12 01:35:00,32.3
2025-06-12 14:33:00,37.8
2025-06-12 18:47:00,1.9
2025-06-12 04:04:00,50.15830883217688
2025-06-12 09:29:00,84.9
2025-06-12 16:20:00,15.5
2025-06-12 11:39:00,46.7
2025-06-12 23:05:00,81.7
2025-06-12 10:48:00,50.15830883217688
2025-06-12 07:17:00,29.5
2025-06-12 23:36:00,32.1
2025-06-12 00:21:00,62.4
2025-06-12 17:18:00,79.7
2025-06-12 17:33:00,90.8
2025-06-12 10:14:00,3.2
2025-06-12 17:00:00,8.8
2025-06-12 07:46:00,74.6
2025-06-12 05:15:00,33.4
2025-06-12 15:08:00,60.7
2025-06-12 00:18:00,95.0
2025-06-12 13:11:00,49.3
2025-06-12 19:23:00,50.15830883217688
2025-06-12 17:28:00,44.9
2025-06-12 16:15:00,25.8
2025-06-12 06:55:00,96.6
2025-06-12 00:29:00,59.5
2025-06-12 21:32:00,50.15830883217688
2025-06-12 22:39:00,77.9
2025-06-12 01:32:00,83.5
2025-06-12 09:32:00,58.8
2025-06-12 15:16:00,97.0
2025-06-12 04:06:00,14.3
2025-06-12 20:56:00,86.7
2025-06-12 14:00:00,84.5
2025-06-12 08:39:00,58.1
2025-06-12 23:49:00,29.2
2025-06-12 07:24:00,92.2
2025-06-12 20:48:00,54.5
2025-06-12 17:05:00,98.8
2025-06-12 19:17:00,12.3
2025-06-12 20:18:00,50.15830883217688
2025-06-12 17:19:00,50.15830883217688
2025-06-12 18:36:00,22.0
2025-06-12 08:49:00,43.4
2025-06-12 18:45:00,48.1
2025-06-12 00:50:00,79.5
2025-06-12 10:23:00,41.1
2025-06-12 14:19:00,71.0
2025-06-12 07:20:00,26.6
2025-06-12 03:10:00,14.2
2025-06-12 01:18:00,55.1
2025-06-12 17:35:00,50.15830883217688
2025-06-12 19:56:00,57.2
2025-06-12 22:52:00,92.8
2025-06-12 06:42:00,84.5
2025-06-12 20:28:00,84.2
2025-06-12 08:03:00,50.15830883217688
2025-06-12 04:28:00,25.8
2025-06-12 12:24:00,57.9
2025-06-12 05:07:00,50.15830883217688
2025-06-12 20:28:00,19.0
2025-06-12 16:02:00,43.5
2025-06-12 10:32:00,74.3
2025-06-12 12:56:00,9.7
2025-06-12 11:11:00,2.9
2025-06-12 08:15:00,70.0
2025-06-12 06:13:00,50.15830883217688
2025-06-12 09:51:00,78.8
2025-06-12 19:55:00,59.5
2025-06-12 01:46:00,90.1
2025-06-12 01:44:00,46.2
2025-06-12 11:57:00,39.2
2025-06-12 23:29:00,6.6
2025-06-12 20:43:00,39.8
2025-06-12 03:06:00,50.15830883217688
2025-06-12 14:19:00,64.1
2025-06-12 12:59:00,8.4
2025-06-12 03:20:00,69.2
2025-06-12 01:04:00,4.9
2025-06-12 12:16:00,50.15830883217688
2025-06-12 05:28:00,86.4
2025-06-12 07:59:00,90.7
2025-06-12 22:28:00,64.9
2025-06-12 21:52:00,66.7
2025-06-12 21:08:00,12.5
2025-06-12 03:38:00,54.0
2025-06-12 21:10:00,1.3
2025-06-12 00:33:00,43.6
2025-06-12 19:31:00,59.0
2025-06-12 03:46:00,50.15830883217688
2025-06-12 22:47:00,48.5
2025-06-12 17:14:00,83.4
2025-06-12 08:18:00,61.7
2025-06-12 20:35:00,6.5
2025-06-12 06:18:00,80.5
2025-06-12 09:18:00,86.3
2025-06-12 09:05:00,37.2
2025-06-12 21:28:00,39.2
2025-06-12 13:57:00,40.0
2025-06-12 21:18:00,75.4
2025-06-12 19:02:00,50.15830883217688
2025-06-12 14:50:00,98.8
2025-06-12 17:03:00,56.9
2025-06-12 19:33:00,72.5
2025-06-12 01:06:00,37.6
2025-06-12 12:22:00,50.15830883217688
2025-06-12 04:56:00,50.15830883217688
2025-06-12 11:16:00,50.15830883217688
2025-06-12 22:05:00,30.0
2025-06-12 11:33:00,69.3
2025-06-12 03:34:00,32.8
2025-06-12 14:19:00,97.0
2025-06-12 17:14:00,57.8
2025-06-12 16:17:00,16.6
2025-06-12 13:31:00,50.15830883217688
2025-06-12 23:27:00,84.3
2025-06-12 05:44:00,12.8
2025-06-12 08:58:00,28.3
2025-06-12 16:39:00,65.6
2025-06-12 17:52:00,66.4
2025-06-12 10:57:00,62.7
2025-06-12 19:35:00,27.1
2025-06-12 04:14:00,97.5
2025-06-12 03:23:00,85.2
2025-06-12 19:03:00,4.7
2025-06-12 06:12:00,50.15830883217688
2025-06-12 07:09:00,81.9
2025-06-12 06:09:00,86.8
2025-06-12 01:30:00,17.4
2025-06-12 15:08:00,41.1
2025-06-12 15:42:00,50.15830883217688
2025-06-12 12:03:00,59.8
2025-06-12 11:43:00,50.15830883217688
2025-06-12 05:27:00,25.2
2025-06-12 10:03:00,70.5
2025-06-12 13:37:00,85.5
2025-06-12 08:55:00,97.2
2025-06-12 10:09:00,22.4
2025-06-12 20:35:00,50.15830883217688
2025-06-12 19:45:00,8.3
2025-06-12 11:07:00,50.15830883217688
2025-06-12 15:15:00,82.9
2025-06-12 17:36:00,50.15830883217688
2025-06-12 06:44:00,61.0
2025-06-12 15:32:00,75.3
2025-06-12 19:38:00,69.4
2025-06-12 03:17:00,42.9
2025-06-12 00:44:00,45.2
2025-06-12 13:54:00,50.15830883217688
2025-06-12 01:07:00,92.1
2025-06-12 09:04:00,83.2
2025-06-12 03:12:00,89.1
2025-06-12 06:05:00,40.7
2025-06-12 09:05:00,33.8
2025-06-12 19:19:00,68.8
2025-06-12 05:57:00,92.9
2025-06-12 06:46:00,50.15830883217688
2025-06-12 08:10:00,94.9
2025-06-12 08:36:00,81.2
2025-06-12 21:41:00,42.3
2025-06-12 23:53:00,46.9
2025-06-12 09:27:00,16.9
2025-06-12 19:13:00,52.2
2025-06-12 05:59:00,85.0
2025-06-12 07:21:00,29.6
2025-06-12 09:11:00,15.9
2025-06-12 20:36:00,12.8
2025-06-12 06:19:00,76.9
2025-06-12 00:42:00,63.4
2025-06-12 03:22:00,98.4
2025-06-12 14:02:00,32.1
2025-06-12 10:06:00,3.4
2025-06-12 04:28:00,96.6
2025-06-12 18:39:00,51.2
2025-06-12 13:06:00,36.5
2025-06-12 07:09:00,92.1
2025-06-12 21:22:00,61.6
2025-06-12 02:30:00,31.5
2025-06-12 10:44:00,68.5
2025-06-12 02:12:00,4.6
2025-06-12 13:43:00,50.5
2025-06-12 03:18:00,50.8
2025-06-12 08:57:00,75.9
2025-06-12 07:11:00,19.9
2025-06-12 22:45:00,20.9
2025-06-12 14:51:00,83.4
2025-06-12 13:17:00,50.05645730416373
2025-06-12 18:18:00,47.7
2025-06-12 10:43:00,52.3
2025-06-12 01:47:00,36.0
2025-06-12 10:14:00,62.1
2025-06-12 09:55:00,50.05645730416373
2025-06-12 07:00:00,40.3
2025-06-12 14:13:00,1.5
2025-06-12 11:30:00,25.3
2025-06-12 08:54:00,80.8
2025-06-12 17:34:00,80.2
2025-06-12 22:40:00,64.2
2025-06-12 06:13:00,88.4
2025-06-12 03:56:00,41.7
2025-06-12 02:16:00,17.3
2025-06-12 04:16:00,47.6
2025-06-12 21:14:00,7.9
2025-06-12 07:05:00,50.05645730416373
2025-06-12 01:50:00,41.1
2025-06-12 23:32:00,9.2
2025-06-12 11:52:00,28.0
2025-06-12 23:50:00,47.1
2025-06-12 22:40:00,48.2
2025-06-12 15:22:00,3.9
2025-06-12 16:00:00,87.0
2025-06-12 00:44:00,73.7
2025-06-12 16:10:00,72.3
2025-06-12 14:14:00,5.2
2025-06-12 19:45:00,55.2
2025-06-12 02:54:00,50.05645730416373
2025-06-12 22:42:00,81.9
2025-06-12 12:02:00,50.05645730416373
2025-06-12 18:55:00,50.05645730416373
2025-06-12 18:44:00,50.9
2025-06-12 02:50:00,25.6
2025-06-12 10:27:00,50.05645730416373
2025-06-12 10:45:00,58.5
2025-06-12 15:17:00,36.6
2025-06-12 08:28:00,17.8
2025-06-12 11:45:00,45.4
2025-06-12 03:12:00,42.9
2025-06-12 23:58:00,50.05645730416373
2025-06-12 22:56:00,64.3
2025-06-12 22:08:00,31.8
2025-06-12 20:29:00,50.05645730416373
2025-06-12 06:22:00,85.3
2025-06-12 00:47:00,37.4
2025-06-12 00:35:00,79.9
2025-06-12 14:30:00,47.9
2025-06-12 21:49:00,69.3
2025-06-12 20:49:00,50.05645730416373
2025-06-12 14:47:00,68.6
2025-06-12 23:07:00,17.7
2025-06-12 06:52:00,59.1
2025-06-12 19:24:00,75.8
2025-06-12 02:09:00,68.1
2025-06-12 12:27:00,58.4
2025-06-12 20:22:00,50.05645730416373
2025-06-12 06:17:00,50.05645730416373
2025-06-12 20:32:00,56.9
2025-06-12 17:01:00,85.7
2025-06-12 04:06:00,19.9
2025-06-12 12:23:00,41.1
2025-06-12 06:39:00,57.0
2025-06-12 03:51:00,44.6
2025-06-12 13:08:00,73.1
2025-06-12 04:37:00,90.5
2025-06-12 04:25:00,30.6
2025-06-12 11:03:00,26.9
2025-06-12 03:21:00,76.1
2025-06-12 22:24:00,69.7
2025-06-12 03:09:00,83.9
2025-06-12 22:20:00,30.9
2025-06-12 12:04:00,22.5
2025-06-12 22:15:00,28.7
2025-06-12 23:30:00,80.1
2025-06-12 22:01:00,93.3
2025-06-12 21:06:00,50.05645730416373
2025-06-12 01:33:00,17.5
2025-06-12 04:48:00,47.1
2025-06-12 19:34:00,99.7
2025-06-12 18:17:00,39.3
2025-06-12 11:25:00,24.8
2025-06-12 14:42:00,97.3
2025-06-12 03:11:00,39.1
2025-06-12 01:33:00,50.05645730416373
2025-06-12 16:29:00,50.05645730416373
2025-06-12 06:33:00,50.05645730416373
2025-06-12 06:13:00,11.8
2025-06-12 22:09:00,50.05645730416373
2025-06-12 18:16:00,94.8
2025-06-12 03:16:00,60.1
2025-06-12 16:36:00,31.6
2025-06-12 18:32:00,95.5
2025-06-12 17:30:00,60.3
2025-06-12 22:29:00,64.7
2025-06-12 09:17:00,25.1
2025-06-12 11:59:00,50.05645730416373
2025-06-12 16:00:00,69.1
2025-06-12 10:26:00,26.4
2025-06-12 16:40:00,76.3
2025-06-12 09:07:00,80.2
2025-06-12 12:06:00,19.2
2025-06-12 18:47:00,22.2
2025-06-12 11:11:00,43.6
2025-06-12 21:49:00,68.7
2025-06-12 04:07:00,73.9
2025-06-12 17:40:00,95.8
2025-06-12 08:37:00,93.6
2025-06-12 01:11:00,43.6
2025-06-12 21:34:00,60.1
2025-06-12 16:20:00,23.2
2025-06-12 12:52:00,5.3
2025-06-12 17:38:00,12.7
2025-06-12 14:44:00,49.5
2025-06-12 13:14:00,50.05645730416373
2025-06-12 08:16:00,86.4
2025-06-12 13:28:00,20.4
2025-06-12 05:41:00,13.8
2025-06-12 08:17:00,51.2
2025-06-12 03:20:00,72.6
2025-06-12 14:57:00,50.05645730416373
2025-06-12 05:37:00,37.0
2025-06-12 15:53:00,64.5
2025-06-12 11:01:00,2.8
2025-06-12 07:10:00,47.0
2025-06-12 11:43:00,93.3
2025-06-12 08:16:00,85.6
2025-06-12 20:31:00,91.6
2025-06-12 09:56:00,13.4
2025-06-12 05:58:00,95.3
2025-06-12 14:20:00,50.05645730416373
2025-06-12 01:38:00,6.6
2025-06-12 05:17:00,56.3
2025-06-12 02:44:00,92.7
2025-06-12 08:43:00,49.2
2025-06-12 19:17:00,55.5
2025-06-12 23:23:00,97.4
2025-06-12 13:35:00,11.6
2025-06-12 23:13:00,87.8
2025-06-12 16:39:00,15.8
2025-06-12 02:34:00,61.3
2025-06-12 07:25:00,51.6
2025-06-12 12:49:00,21.9
2025-06-12 09:55:00,70.9
2025-06-12 08:21:00,29.2
2025-06-12 18:58:00,11.3
2025-06-12 07:38:00,47.9
2025-06-12 15:39:00,9.5
2025-06-12 07:45:00,7.9
2025-06-12 03:01:00,16.4
2025-06-12 18:00:00,59.3
2025-06-12 14:03:00,16.5
2025-06-12 12:39:00,28.2
2025-06-12 01:13:00,50.05645730416373
2025-06-12 04:33:00,50.05645730416373
2025-06-12 04:13:00,89.7
2025-06-12 06:29:00,32.8
2025-06-12 14:23:00,20.3
2025-06-12 02:31:00,50.05645730416373
2025-06-12 07:04:00,68.8
2025-06-12 21:49:00,31.0
2025-06-12 06:35:00,33.6
2025-06-12 16:19:00,85.4
2025-06-12 08:28:00,50.05645730416373
2025-06-12 08:30:00,50.05645730416373
2025-06-12 10:00:00,77.8
2025-06-12 04:40:00,50.05645730416373
2025-06-12 21:05:00,15.9
2025-06-12 15:59:00,92.1
2025-06-12 01:42:00,87.2
2025-06-12 01:56:00,60.1
2025-06-12 20:13:00,31.1
2025-06-12 13:21:00,63.3
2025-06-12 21:33:00,5.1
2025-06-12 00:07:00,38.8
2025-06-12 19:42:00,50.05645730416373
2025-06-12 01:21:00,31.6
2025-06-12 08:42:00,28.7
2025-06-12 18:43:00,35.9
2025-06-12 09:48:00,49.7
2025-06-12 19:00:00,43.5
2025-06-12 15:18:00,50.05645730416373
2025-06-12 07:54:00,50.05645730416373
2025-06-12 19:23:00,35.4
2025-06-12 11:26:00,12.4
2025-06-12 03:14:00,21.6
2025-06-12 05:16:00,71.8
2025-06-12 21:47:00,74.7
2025-06-12 14:08:00,50.05645730416373
2025-06-12 19:45:00,50.05645730416373
2025-06-12 22:50:00,38.4
2025-06-12 22:07:00,80.3
2025-06-12 18:41:00,1.9
2025-06-12 15:51:00,50.05645730416373
2025-06-12 15:52:00,69.5
2025-06-12 19:26:00,50.05645730416373
2025-06-12 08:22:00,68.0
2025-06-12 16:41:00,50.05645730416373
2025-06-12 00:52:00,2.8
2025-06-12 00:22:00,50.05645730416373
2025-06-12 09:16:00,83.5
2025-06-12 04:11:00,97.0
2025-06-12 09:35:00,27.4
2025-06-12 01:15:00,35.3
2025-06-12 09:37:00,71.5
2025-06-12 00:10:00,76.5
2025-06-12 06:58:00,90.1
2025-06-12 11:41:00,58.3
2025-06-12 20:53:00,0.7
2025-06-12 05:19:00,18.9
2025-06-12 16:54:00,50.05645730416373
2025-06-12 11:37:00,27.3
2025-06-12 14:28:00,50.05645730416373
2025-06-12 21:19:00,67.6
2025-06-12 19:21:00,46.6
2025-06-12 06:28:00,37.3
2025-06-12 01:48:00,67.8
2025-06-12 03:50:00,50.05645730416373
2025-06-12 21:04:00,98.1
2025-06-12 18:56:00,73.2
2025-06-12 21:43:00,58.7
2025-06-12 18:21:00,32.7
2025-06-12 13:15:00,61.5
2025-06-12 23:41:00,21.4
2025-06-12 05:51:00,16.5
2025-06-12 06:20:00,87.4
2025-06-12 13:05:00,56.6
2025-06-12 00:23:00,27.6
2025-06-12 18:39:00,56.5
2025-06-12 18:28:00,91.5
2025-06-12 02:57:00,50.05645730416373
2025-06-12 07:16:00,86.9
2025-06-12 00:14:00,4.7
2025-06-12 21:22:00,48.2
2025-06-12 04:08:00,18.3
2025-06-12 02:12:00,97.4
2025-06-12 18:11:00,8.6
2025-06-12 10:38:00,1.2
2025-06-12 03:54:00,12.2
2025-06-12 00:01:00,89.9
2025-06-12 03:01:00,88.2
2025-06-12 16:08:00,50.05645730416373
2025-06-12 10:11:00,39.3
2025-06-12 22:21:00,64.9
2025-06-12 23:57:00,7.1
2025-06-12 17:27:00,15.5
2025-06-12 16:52:00,75.6
2025-06-12 05:04:00,77.5
2025-06-12 01:23:00,63.1
2025-06-12 03:15:00,0.9
2025-06-12 03:52:00,50.05645730416373
2025-06-12 15:45:00,9.9
2025-06-12 23:29:00,50.05645730416373
2025-06-12 02:10:00,92.8
2025-06-12 23:53:00,58.2
2025-06-12 02:33:00,38.7
2025-06-12 03:57:00,50.05645730416373
2025-06-12 01:03:00,28.1
2025-06-12 20:25:00,72.1
2025-06-12 18:55:00,50.05645730416373
2025-06-12 00:02:00,61.0
2025-06-12 19:15:00,24.9
2025-06-12 15:25:00,43.3
2025-06-12 07:07:00,73.3
2025-06-12 06:54:00,62.9
2025-06-12 16:18:00,60.1
2025-06-12 02:00:00,9.8
2025-06-12 21:43:00,55.1
2025-06-12 23:02:00,50.05645730416373
2025-06-12 12:09:00,77.7
2025-06-12 19:58:00,28.4
2025-06-12 06:37:00,64.6
2025-06-12 15:44:00,40.8
2025-06-12 13:53:00,14.8
2025-06-12 11:07:00,28.6
2025-06-12 09:25:00,64.2
2025-06-12 08:57:00,33.8
2025-06-12 15:35:00,31.3
2025-06-12 09:38:00,56.2
2025-06-12 00:36:00,3.7
2025-06-12 21:23:00,50.05645730416373
2025-06-12 23:42:00,67.8
2025-06-12 15:19:00,26.2
2025-06-12 17:34:00,50.05645730416373
2025-06-12 03:04:00,37.7
2025-06-12 23:11:00,28.0
2025-06-12 20:58:00,66.4
2025-06-12 01:17:00,70.7
2025-06-12 06:19:00,59.1
2025-06-12 11:19:00,3.8
2025-06-12 08:16:00,50.2
2025-06-12 05:57:00,7.9
2025-06-12 11:18:00,67.6
2025-06-12 18:03:00,34.8
2025-06-12 06:08:00,23.2
2025-06-12 11:02:00,50.05645730416373
2025-06-12 15:03:00,50.05645730416373
2025-06-12 17:08:00,50.05645730416373
2025-06-12 05:49:00,36.4
2025-06-12 02:58:00,64.5
2025-06-12 12:45:00,8.0
2025-06-12 11:05:00,21.4
2025-06-12 01:11:00,95.3
2025-06-12 03:36:00,98.7
2025-06-12 03:09:00,66.3
2025-06-12 12:02:00,71.3
2025-06-12 21:25:00,55.2
2025-06-12 20:38:00,96.6
2025-06-12 14:18:00,24.1
2025-06-12 02:36:00,50.05645730416373
2025-06-12 19:36:00,68.1
2025-06-12 00:38:00,27.5
2025-06-12 22:28:00,99.1
2025-06-12 15:58:00,11.3
2025-06-12 15:50:00,85.0
2025-06-12 12:35:00,14.6
2025-06-12 06:39:00,43.6
2025-06-12 13:09:00,87.8
2025-06-12 02:36:00,47.5
2025-06-12 08:13:00,15.2
2025-06-12 01:51:00,43.3
2025-06-12 18:39:00,66.8
2025-06-12 22:07:00,47.2
2025-06-12 10:47:00,20.5
2025-06-12 16:04:00,10.8
2025-06-12 23:39:00,69.0
2025-06-12 05:39:00,40.8
2025-06-12 05:08:00,29.4
2025-06-12 18:00:00,97.6
2025-06-12 08:27:00,38.3
2025-06-12 21:44:00,1.1
2025-06-12 10:24:00,20.3
2025-06-12 23:41:00,50.05645730416373
2025-06-12 14:18:00,50.05645730416373
2025-06-12 17:41:00,71.1
2025-06-12 15:52:00,50.05645730416373
2025-06-12 14:03:00,22.2
2025-06-12 14:58:00,49.90502819548872
2025-06-12 12:45:00,95.3
2025-06-12 01:00:00,84.1
2025-06-12 12:12:00,42.1
2025-06-12 12:34:00,49.90502819548872
2025-06-12 20:12:00,5.9
2025-06-12 08:58:00,98.1
2025-06-12 07:12:00,44.1
2025-06-12 13:03:00,5.7
2025-06-12 15:14:00,83.2
2025-06-12 08:58:00,78.6
2025-06-12 15:48:00,26.8
2025-06-12 04:23:00,19.6
2025-06-12 18:24:00,72.0
2025-06-12 22:15:00,61.1
2025-06-12 01:28:00,28.3
2025-06-12 01:44:00,52.4
2025-06-12 07:32:00,49.90502819548872
2025-06-12 19:17:00,54.5
2025-06-12 10:51:00,49.0
2025-06-12 01:03:00,94.7
2025-06-12 22:46:00,5.8
2025-06-12 09:21:00,57.3
2025-06-12 22:39:00,49.90502819548872
2025-06-12 20:49:00,49.90502819548872
2025-06-12 14:40:00,68.5
2025-06-12 13:42:00,59.4
2025-06-12 02:08:00,62.5
2025-06-12 20:22:00,90.5
2025-06-12 03:35:00,49.90502819548872
2025-06-12 22:11:00,42.9
2025-06-12 03:50:00,11.8
2025-06-12 01:34:00,49.90502819548872
2025-06-12 16:35:00,27.7
2025-06-12 10:12:00,1.3
2025-06-12 01:05:00,14.2
2025-06-12 11:20:00,24.9
2025-06-12 08:32:00,53.2
2025-06-12 19:23:00,50.0
2025-06-12 09:29:00,42.7
2025-06-12 15:42:00,5.4
2025-06-12 09:34:00,76.8
2025-06-12 22:42:00,61.5
2025-06-12 14:06:00,11.8
2025-06-12 23:34:00,9.1
2025-06-12 10:14:00,49.90502819548872
2025-06-12 20:55:00,46.5
2025-06-12 10:42:00,4.5
2025-06-12 13:53:00,61.0
2025-06-12 23:11:00,84.9
2025-06-12 12:33:00,73.8
2025-06-12 09:47:00,33.7
2025-06-12 09:12:00,57.8
2025-06-12 06:18:00,49.90502819548872
2025-06-12 06:19:00,3.5
2025-06-12 17:23:00,49.90502819548872
2025-06-12 16:01:00,1.6
2025-06-12 07:03:00,27.1
2025-06-12 16:02:00,49.90502819548872
2025-06-12 16:40:00,85.6
2025-06-12 00:02:00,80.8
2025-06-12 07:08:00,58.9
2025-06-12 00:44:00,75.4
2025-06-12 05:55:00,47.0
2025-06-12 16:36:00,44.6
2025-06-12 04:49:00,8.4
2025-06-12 16:57:00,60.3
2025-06-12 14:24:00,23.3
2025-06-12 01:46:00,79.6
2025-06-12 09:08:00,63.1
2025-06-12 08:12:00,78.5
2025-06-12 12:20:00,46.3
2025-06-12 09:55:00,49.90502819548872
2025-06-12 21:01:00,52.9
2025-06-12 00:57:00,39.7
2025-06-12 19:50:00,70.0
2025-06-12 03:20:00,3.4
2025-06-12 15:07:00,49.90502819548872
2025-06-12 16:56:00,60.5
2025-06-12 04:25:00,49.90502819548872
2025-06-12 02:06:00,64.5
2025-06-12 03:38:00,49.90502819548872
2025-06-12 14:07:00,49.90502819548872
2025-06-12 19:48:00,5.0
2025-06-12 20:25:00,86.4
2025-06-12 13:03:00,49.90502819548872
2025-06-12 04:50:00,34.5
2025-06-12 15:54:00,3.5
2025-06-12 19:42:00,89.7
2025-06-12 23:16:00,49.90502819548872
2025-06-12 14:37:00,3.3
2025-06-12 23:47:00,92.9
2025-06-12 05:43:00,19.6
2025-06-12 02:38:00,4.6
2025-06-12 20:26:00,68.1
2025-06-12 21:22:00,76.8
2025-06-12 08:27:00,80.0
2025-06-12 19:15:00,23.4
2025-06-12 11:53:00,51.7
2025-06-12 07:25:00,72.5
2025-06-12 17:34:00,39.0
2025-06-12 19:26:00,28.9
2025-06-12 22:42:00,66.7
2025-06-12 03:22:00,80.8
2025-06-12 17:56:00,51.3
2025-06-12 11:03:00,49.90502819548872
2025-06-12 07:13:00,15.1
2025-06-12 01:33:00,89.1
2025-06-12 19:45:00,23.0
2025-06-12 20:51:00,17.6
2025-06-12 22:24:00,53.9
2025-06-12 14:18:00,89.2
2025-06-12 22:15:00,89.7
2025-06-12 19:22:00,94.1
2025-06-12 06:26:00,49.90502819548872
2025-06-12 19:08:00,67.7
2025-06-12 18:41:00,94.7
2025-06-12 22:36:00,11.6
2025-06-12 05:40:00,29.1
2025-06-12 10:21:00,66.4
2025-06-12 12:45:00,36.8
2025-06-12 11:59:00,59.1
2025-06-12 09:23:00,76.8
2025-06-12 19:24:00,92.2
2025-06-12 22:38:00,49.90502819548872
2025-06-12 15:09:00,29.7
2025-06-12 18:23:00,41.9
2025-06-12 18:59:00,49.90502819548872
2025-06-12 02:40:00,24.7
2025-06-12 19:31:00,9.3
2025-06-12 03:15:00,94.4
2025-06-12 12:02:00,70.4
2025-06-12 06:06:00,19.9
2025-06-12 06:36:00,86.0
2025-06-12 18:05:00,8.0
2025-06-12 10:05:00,49.90502819548872
2025-06-12 19:09:00,59.6
2025-06-12 16:05:00,97.6
2025-06-12 20:53:00,98.9
2025-06-12 09:39:00,49.90502819548872
2025-06-12 18:41:00,33.3
2025-06-12 00:35:00,86.2
2025-06-12 05:13:00,54.4
2025-06-12 03:27:00,73.6
2025-06-12 17:07:00,84.0
2025-06-12 21:57:00,96.1
2025-06-12 10:55:00,89.4
2025-06-12 08:56:00,99.1
2025-06-12 18:46:00,47.0
2025-06-12 05:10:00,42.3
2025-06-12 06:01:00,14.4
2025-06-12 02:43:00,21.8
2025-06-12 22:13:00,29.3
2025-06-12 19:59:00,49.90502819548872
2025-06-12 22:43:00,92.5
2025-06-12 17:26:00,49.90502819548872
2025-06-12 19:13:00,32.2
2025-06-12 07:25:00,29.6
2025-06-12 06:01:00,18.7
2025-06-12 17:05:00,85.0
2025-06-12 10:20:00,4.0
2025-06-12 15:27:00,14.3
2025-06-12 08:43:00,36.1
2025-06-12 06:42:00,13.9
2025-06-12 09:44:00,31.6
2025-06-12 05:35:00,50.1
2025-06-12 00:57:00,49.90502819548872
2025-06-12 21:04:00,11.3
2025-06-12 15:33:00,49.90502819548872
2025-06-12 09:46:00,49.90502819548872
2025-06-12 06:38:00,68.9
2025-06-12 02:10:00,29.8
2025-06-12 01:14:00,33.0
2025-06-12 03:02:00,24.5
2025-06-12 05:17:00,49.90502819548872
2025-06-12 05:23:00,49.90502819548872
2025-06-12 00:52:00,87.9
2025-06-12 08:17:00,83.2
2025-06-12 07:03:00,57.6
2025-06-12 17:38:00,88.8
2025-06-12 00:22:00,90.2
2025-06-12 19:38:00,3.8
2025-06-12 06:12:00,88.0
2025-06-12 21:02:00,49.90502819548872
2025-06-12 23:18:00,61.2
2025-06-12 12:53:00,76.6
2025-06-12 20:38:00,63.0
2025-06-12 20:08:00,33.5
2025-06-12 13:20:00,0.2
2025-06-12 19:26:00,49.90502819548872
2025-06-12 11:21:00,6.7
2025-06-12 11:48:00,16.2
2025-06-12 03:54:00,53.7
2025-06-12 01:18:00,13.2
2025-06-12 06:09:00,30.3
2025-06-12 15:55:00,19.5
2025-06-12 02:00:00,58.7
2025-06-12 00:02:00,76.6
2025-06-12 16:54:00,60.3
2025-06-12 05:47:00,37.7
2025-06-12 01:11:00,80.8
2025-06-12 12:59:00,52.2
2025-06-12 10:23:00,32.6
2025-06-12 21:45:00,8.5
2025-06-12 10:11:00,49.90502819548872
2025-06-12 19:53:00,62.2
2025-06-12 05:01:00,41.8
2025-06-12 17:03:00,52.2
2025-06-12 19:30:00,29.7
2025-06-12 20:14:00,84.5
2025-06-12 20:50:00,48.0
2025-06-12 18:20:00,49.6
2025-06-12 21:56:00,39.3
2025-06-12 11:45:00,54.0
2025-06-12 13:05:00,15.3
2025-06-12 00:54:00,41.9
2025-06-12 20:01:00,96.3
2025-06-12 13:55:00,41.0
2025-06-12 23:57:00,70.0
2025-06-12 05:07:00,30.4
2025-06-12 22:50:00,88.9
2025-06-12 15:03:00,76.1
2025-06-12 20:16:00,70.5
2025-06-12 09:29:00,49.90502819548872
2025-06-12 02:19:00,1.1
2025-06-12 08:04:00,35.3
2025-06-12 10:10:00,76.7
2025-06-12 11:30:00,76.4
2025-06-12 18:01:00,35.7
2025-06-12 15:18:00,25.3
2025-06-12 02:53:00,32.0
2025-06-12 06:02:00,55.0
2025-06-12 08:30:00,12.0
2025-06-12 15:17:00,8.4
2025-06-12 13:39:00,90.4
2025-06-12 16:28:00,83.9
2025-06-12 22:06:00,43.5
2025-06-12 14:37:00,49.90502819548872
2025-06-12 22:00:00,49.90502819548872
2025-06-12 18:18:00,28.0
2025-06-12 07:07:00,49.90502819548872
2025-06-12 05:08:00,14.6
2025-06-12 23:26:00,11.5
2025-06-12 13:06:00,49.90502819548872
2025-06-12 16:02:00,19.3
2025-06-12 03:29:00,29.2
2025-06-12 20:34:00,14.8
2025-06-12 22:44:00,75.1
2025-06-12 02:09:00,7.9
2025-06-12 01:15:00,49.90502819548872
2025-06-12 05:21:00,75.3
2025-06-12 17:54:00,45.7
2025-06-12 19:22:00,65.7
2025-06-12 22:36:00,49.90502819548872
2025-06-12 20:39:00,81.0
2025-06-12 06:31:00,49.90502819548872
2025-06-12 18:46:00,5.1
2025-06-12 02:17:00,64.6
2025-06-12 17:14:00,32.9
2025-06-12 21:36:00,49.90502819548872
2025-06-12 12:52:00,57.0
2025-06-12 02:24:00,9.7
2025-06-12 21:49:00,49.90502819548872
2025-06-12 02:32:00,44.1
2025-06-12 00:27:00,47.6
2025-06-12 10:53:00,68.1
2025-06-12 19:57:00,40.3
2025-06-12 11:02:00,68.4
2025-06-12 23:58:00,87.2
2025-06-12 16:40:00,89.6
2025-06-12 01:24:00,97.7
2025-06-12 22:54:00,56.3
2025-06-12 13:57:00,0.2
2025-06-12 15:34:00,19.2
2025-06-12 11:58:00,82.2
2025-06-12 09:24:00,57.9
2025-06-12 21:36:00,49.90502819548872
2025-06-12 20:18:00,5.3
2025-06-12 10:43:00,35.4
2025-06-12 16:12:00,69.0
2025-06-12 21:25:00,44.3
2025-06-12 19:10:00,63.8
2025-06-12 22:58:00,34.0
2025-06-12 21:01:00,73.6
2025-06-12 23:10:00,78.5
2025-06-12 16:32:00,71.4
2025-06-12 13:56:00,16.0
2025-06-12 13:42:00,16.1
2025-06-12 20:06:00,19.3
2025-06-12 23:28:00,14.6
2025-06-12 08:12:00,91.3
2025-06-12 11:17:00,49.90502819548872
2025-06-12 23:45:00,59.9
2025-06-12 03:00:00,51.9
2025-06-12 11:55:00,49.90502819548872
2025-06-12 08:33:00,7.2
2025-06-12 16:57:00,67.4
2025-06-12 09:02:00,49.90502819548872
2025-06-12 09:26:00,3.9
2025-06-12 01:27:00,86.2
2025-06-12 00:43:00,35.6
2025-06-12 19:11:00,91.5
2025-06-12 12:45:00,84.5
2025-06-12 03:44:00,52.7
2025-06-12 14:43:00,76.5
2025-06-12 01:04:00,49.90502819548872
2025-06-12 20:14:00,65.6
2025-06-12 14:43:00,80.8
2025-06-12 21:44:00,50.475078938135894
2025-06-12 02:21:00,40.3
2025-06-12 19:06:00,99.2
2025-06-12 16:14:00,85.5
2025-06-12 15:40:00,62.3
2025-06-12 22:29:00,66.5
2025-06-12 15:26:00,6.3
2025-06-12 12:54:00,76.2
2025-06-12 11:24:00,66.9
2025-06-12 19:12:00,85.2
2025-06-12 03:03:00,38.7
2025-06-12 16:23:00,32.4
2025-06-12 06:12:00,13.2
2025-06-12 06:57:00,73.6
2025-06-12 15:06:00,94.2
2025-06-12 17:38:00,50.475078938135894
2025-06-12 16:16:00,32.4
2025-06-12 01:52:00,73.6
2025-06-12 06:02:00,20.2
2025-06-12 02:10:00,50.475078938135894
2025-06-12 12:52:00,67.8
2025-06-12 18:41:00,64.1
2025-06-12 05:46:00,50.475078938135894
2025-06-12 01:08:00,65.7
2025-06-12 04:32:00,94.7
2025-06-12 01:04:00,84.4
2025-06-12 00:30:00,96.6
2025-06-12 15:26:00,92.5
2025-06-12 18:27:00,50.475078938135894
2025-06-12 08:06:00,91.1
2025-06-12 13:13:00,1.1
2025-06-12 11:55:00,76.1
2025-06-12 20:01:00,50.475078938135894
2025-06-12 16:03:00,50.475078938135894
2025-06-12 18:51:00,0.7
2025-06-12 15:58:00,32.9
2025-06-12 21:56:00,55.9
2025-06-12 00:03:00,98.7
2025-06-12 06:06:00,98.0
2025-06-12 00:28:00,90.3
2025-06-12 19:31:00,50.2
2025-06-12 12:46:00,89.9
2025-06-12 19:04:00,50.475078938135894
2025-06-12 04:12:00,50.475078938135894
2025-06-12 06:42:00,61.2
2025-06-12 04:04:00,50.2
2025-06-12 16:52:00,16.3
2025-06-12 19:07:00,71.2
2025-06-12 07:44:00,18.1
2025-06-12 18:24:00,31.2
2025-06-12 09:22:00,87.5
2025-06-12 10:50:00,65.0
2025-06-12 22:41:00,39.3
2025-06-12 01:29:00,9.2
2025-06-12 22:09:00,50.475078938135894
2025-06-12 10:12:00,50.475078938135894
2025-06-12 13:04:00,89.0
2025-06-12 15:23:00,19.9
2025-06-12 22:33:00,98.7
2025-06-12 14:49:00,50.475078938135894
2025-06-12 07:19:00,45.7
2025-06-12 04:59:00,60.1
2025-06-12 13:06:00,69.1
2025-06-12 07:52:00,91.7
2025-06-12 22:16:00,22.0
2025-06-12 18:59:00,53.6
2025-06-12 18:55:00,23.7
2025-06-12 06:17:00,44.2
2025-06-12 05:39:00,12.7
2025-06-12 18:10:00,50.475078938135894
2025-06-12 19:28:00,99.5
2025-06-12 14:00:00,84.5
2025-06-12 00:43:00,67.4
2025-06-12 02:35:00,69.5
2025-06-12 20:18:00,19.9
2025-06-12 23:39:00,99.7
2025-06-12 05:38:00,43.4
2025-06-12 00:30:00,92.3
2025-06-12 17:06:00,81.7
2025-06-12 13:55:00,89.7
2025-06-12 12:32:00,48.1
2025-06-12 20:07:00,50.475078938135894
2025-06-12 06:56:00,7.9
2025-06-12 20:36:00,29.0
2025-06-12 02:44:00,63.2
2025-06-12 11:07:00,50.475078938135894
2025-06-12 12:51:00,53.0
2025-06-12 14:03:00,75.0
2025-06-12 22:38:00,54.2
2025-06-12 10:57:00,19.1
2025-06-12 12:36:00,61.6
2025-06-12 00:42:00,50.475078938135894
2025-06-12 20:51:00,58.1
2025-06-12 04:50:00,5.2
2025-06-12 14:16:00,50.475078938135894
2025-06-12 00:34:00,35.8
2025-06-12 02:42:00,27.4
2025-06-12 05:40:00,84.3
2025-06-12 07:30:00,54.6
2025-06-12 23:45:00,95.1
2025-06-12 04:23:00,45.2
2025-06-12 01:43:00,25.7
2025-06-12 01:15:00,50.475078938135894
2025-06-12 10:51:00,39.5
2025-06-12 15:57:00,74.8
2025-06-12 23:30:00,16.5
2025-06-12 14:18:00,30.5
2025-06-12 06:10:00,64.6
2025-06-12 17:10:00,6.2
2025-06-12 05:39:00,43.3
2025-06-12 16:10:00,37.6
2025-06-12 01:53:00,8.7
2025-06-12 23:43:00,50.475078938135894
2025-06-12 20:30:00,8.8
2025-06-12 06:31:00,38.0
2025-06-12 19:41:00,50.475078938135894
2025-06-12 16:46:00,65.6
2025-06-12 20:37:00,15.1
2025-06-12 14:39:00,38.0
2025-06-12 23:24:00,42.8
2025-06-12 07:34:00,20.3
2025-06-12 02:56:00,45.3
2025-06-12 15:19:00,83.6
2025-06-12 06:55:00,50.475078938135894
2025-06-12 21:12:00,74.9
2025-06-12 21:17:00,12.5
2025-06-12 09:14:00,91.1
2025-06-12 03:24:00,32.9
2025-06-12 05:06:00,53.8
2025-06-12 17:43:00,69.9
2025-06-12 05:47:00,10.6
2025-06-12 14:58:00,36.0
2025-06-12 12:59:00,18.9
2025-06-12 08:02:00,49.4
2025-06-12 13:15:00,50.475078938135894
2025-06-12 09:56:00,50.475078938135894
2025-06-12 22:41:00,29.2
2025-06-12 09:13:00,36.8
2025-06-12 09:13:00,15.6
2025-06-12 04:20:00,50.475078938135894
2025-06-12 09:36:00,3.1
2025-06-12 08:58:00,61.2
2025-06-12 13:56:00,48.1
2025-06-12 22:02:00,24.5
2025-06-12 20:00:00,97.3
2025-06-12 17:08:00,18.0
2025-06-12 02:40:00,72.1
2025-06-12 01:01:00,59.3
2025-06-12 13:47:00,58.5
2025-06-12 00:02:00,50.475078938135894
2025-06-12 01:07:00,75.3
2025-06-12 15:49:00,13.9
2025-06-12 21:37:00,33.0
2025-06-12 20:40:00,98.6
2025-06-12 13:23:00,34.2
2025-06-12 09:36:00,39.7
2025-06-12 09:48:00,12.3
2025-06-12 17:55:00,63.1
2025-06-12 10:55:00,26.4
2025-06-12 07:08:00,79.3
2025-06-12 03:27:00,72.0
2025-06-12 16:13:00,50.475078938135894
2025-06-12 12:50:00,20.8
2025-06-12 21:21:00,50.475078938135894
2025-06-12 09:27:00,42.3
2025-06-12 22:29:00,38.8
2025-06-12 01:00:00,93.1
2025-06-12 05:13:00,40.5
2025-06-12 19:02:00,60.8
2025-06-12 11:58:00,50.475078938135894
2025-06-12 05:32:00,75.4
2025-06-12 10:30:00,47.4
2025-06-12 08:54:00,20.1
2025-06-12 15:13:00,76.9
2025-06-12 23:05:00,10.7
2025-06-12 17:08:00,33.4
2025-06-12 06:45:00,17.1
2025-06-12 19:26:00,21.4
2025-06-12 09:06:00,50.475078938135894
2025-06-12 07:27:00,50.475078938135894
2025-06-12 01:36:00,50.475078938135894
2025-06-12 21:58:00,58.8
2025-06-12 03:20:00,93.5
2025-06-12 17:31:00,97.1
2025-06-12 03:29:00,68.7
2025-06-12 01:09:00,67.5
2025-06-12 09:34:00,93.2
2025-06-12 13:47:00,50.475078938135894
2025-06-12 11:34:00,80.3
2025-06-12 04:15:00,7.5
2025-06-12 19:00:00,79.8
2025-06-12 10:40:00,50.475078938135894
2025-06-12 16:19:00,0.5
2025-06-12 01:28:00,9.4
2025-06-12 06:41:00,21.6
2025-06-12 09:08:00,31.9
2025-06-12 17:01:00,0.9
2025-06-12 07:31:00,55.6
2025-06-12 21:01:00,15.5
2025-06-12 10:21:00,88.8
2025-06-12 05:59:00,29.6
2025-06-12 03:41:00,14.1
2025-06-12 18:52:00,76.1
2025-06-12 13:57:00,19.0
2025-06-12 15:22:00,95.8
2025-06-12 17:29:00,82.3
2025-06-12 09:30:00,35.0
2025-06-12 02:36:00,47.1
2025-06-12 18:59:00,68.9
2025-06-12 04:46:00,99.4
2025-06-12 02:48:00,10.0
2025-06-12 04:41:00,50.475078938135894
2025-06-12 22:08:00,61.3
2025-06-12 12:15:00,63.0
2025-06-12 20:52:00,70.7
2025-06-12 23:08:00,96.0
2025-06-12 12:28:00,50.475078938135894
2025-06-12 02:26:00,86.4
2025-06-12 23:51:00,57.7
2025-06-12 13:26:00,85.2
2025-06-12 17:49:00,59.8
2025-06-12 20:09:00,49.8
2025-06-12 20:09:00,73.2
2025-06-12 03:01:00,30.4
2025-06-12 04:55:00,50.475078938135894
2025-06-12 11:54:00,84.3
2025-06-12 09:47:00,7.4
2025-06-12 08:17:00,59.8
2025-06-12 17:03:00,38.1
2025-06-12 01:46:00,50.475078938135894
2025-06-12 16:46:00,54.9
2025-06-12 15:09:00,50.475078938135894
2025-06-12 05:25:00,11.8
2025-06-12 16:40:00,46.5
2025-06-12 00:47:00,13.6
2025-06-12 17:40:00,13.1
2025-06-12 07:12:00,79.0
2025-06-12 19:47:00,76.2
2025-06-12 09:31:00,11.4
2025-06-12 10:38:00,14.5
2025-06-12 15:12:00,99.2
2025-06-12 13:34:00,0.8
2025-06-12 16:44:00,11.9
2025-06-12 18:16:00,37.2
2025-06-12 19:15:00,33.0
2025-06-12 09:29:00,93.6
2025-06-12 02:14:00,30.8
2025-06-12 08:59:00,37.2
2025-06-12 19:51:00,48.0
2025-06-12 16:05:00,26.0
2025-06-12 00:44:00,4.3
2025-06-12 03:06:00,43.9
2025-06-12 10:56:00,47.8
2025-06-12 22:17:00,57.5
2025-06-12 03:32:00,59.2
2025-06-12 04:03:00,2.4
2025-06-12 01:17:00,58.1
2025-06-12 16:38:00,55.0
2025-06-12 11:38:00,12.0
2025-06-12 23:30:00,89.5
2025-06-12 15:53:00,50.475078938135894
2025-06-12 02:32:00,50.3
2025-06-12 03:29:00,43.1
2025-06-12 08:39:00,20.2
2025-06-12 17:00:00,50.475078938135894
2025-06-12 10:30:00,47.5
2025-06-12 00:05:00,17.6
2025-06-12 10:54:00,50.475078938135894
2025-06-12 04:55:00,31.3
2025-06-12 08:13:00,68.5
2025-06-12 22:32:00,28.4
2025-06-12 13:43:00,49.5
2025-06-12 18:52:00,81.3
2025-06-12 01:30:00,16.0
2025-06-12 12:33:00,64.8
2025-06-12 14:44:00,93.7
2025-06-12 21:48:00,26.9
2025-06-12 07:23:00,41.9
2025-06-12 18:22:00,59.9
2025-06-12 09:28:00,96.0
2025-06-12 14:17:00,76.1
2025-06-12 04:29:00,63.1
2025-06-12 12:14:00,46.4
2025-06-12 13:30:00,45.6
2025-06-12 03:38:00,1.0
2025-06-12 12:36:00,76.8
2025-06-12 06:48:00,88.7
2025-06-12 11:14:00,13.4
2025-06-12 19:17:00,89.5
2025-06-12 13:41:00,53.4
2025-06-12 05:25:00,50.475078938135894
2025-06-12 01:43:00,54.8
2025-06-12 16:29:00,65.2
2025-06-12 03:10:00,59.5
2025-06-12 22:56:00,17.0
2025-06-12 15:34:00,53.7
2025-06-12 22:09:00,63.2
2025-06-12 14:08:00,14.4
2025-06-12 10:36:00,50.475078938135894
2025-06-12 12:30:00,50.475078938135894
2025-06-12 02:11:00,50.475078938135894
2025-06-12 01:15:00,27.1
2025-06-12 01:58:00,77.6
2025-06-12 03:11:00,31.1
2025-06-12 17:08:00,53.3
2025-06-12 07:15:00,64.3
2025-06-12 09:11:00,85.3
2025-06-12 01:15:00,25.6
2025-06-12 21:51:00,82.5
2025-06-12 14:55:00,24.3
2025-06-12 01:09:00,16.8
2025-06-12 21:28:00,75.2
2025-06-12 19:37:00,93.2
2025-06-12 09:20:00,82.1
2025-06-12 00:14:00,50.475078938135894
2025-06-12 15:27:00,80.6
2025-06-12 14:45:00,38.7
2025-06-12 03:33:00,50.1
2025-06-12 13:19:00,65.8
2025-06-12 22:07:00,18.1
2025-06-12 00:00:00,38.5
2025-06-12 01:45:00,21.8
2025-06-12 02:50:00,4.3
2025-06-12 06:19:00,87.1
2025-06-12 02:50:00,12.1
2025-06-12 20:49:00,2.7
2025-06-12 15:47:00,53.8
2025-06-12 22:59:00,50.492298592215775
2025-06-12 04:42:00,65.4
2025-06-12 16:20:00,92.5
2025-06-12 13:49:00,50.492298592215775
2025-06-12 02:49:00,95.3
2025-06-12 16:55:00,15.6
2025-06-12 12:14:00,58.9
2025-06-12 12:46:00,50.492298592215775
2025-06-12 12:40:00,14.5
2025-06-12 15:28:00,46.3
2025-06-12 11:32:00,96.7
2025-06-12 18:19:00,50.492298592215775
2025-06-12 17:59:00,29.7
2025-06-12 22:48:00,73.7
2025-06-12 03:24:00,35.5
2025-06-12 18:53:00,62.6
2025-06-12 12:48:00,63.6
2025-06-12 02:19:00,2.8
2025-06-12 20:27:00,33.7
2025-06-12 04:37:00,59.9
2025-06-12 14:01:00,30.9
2025-06-12 18:53:00,36.5
2025-06-12 15:10:00,7.3
2025-06-12 19:17:00,54.2
2025-06-12 18:07:00,66.3
2025-06-12 07:26:00,78.3
2025-06-12 19:49:00,30.8
2025-06-12 14:14:00,88.2
2025-06-12 12:03:00,60.7
2025-06-12 06:38:00,98.1
2025-06-12 14:23:00,50.492298592215775
2025-06-12 00:28:00,87.6
2025-06-12 14:31:00,19.5
2025-06-12 23:41:00,84.1
2025-06-12 05:50:00,50.492298592215775
2025-06-12 11:16:00,88.3
2025-06-12 09:15:00,45.1
2025-06-12 05:45:00,20.6
2025-06-12 17:16:00,19.1
2025-06-12 01:48:00,69.4
2025-06-12 17:44:00,59.9
2025-06-12 11:21:00,95.3
2025-06-12 00:52:00,51.1
2025-06-12 15:25:00,81.4
2025-06-12 10:24:00,3.9
2025-06-12 22:14:00,37.8
2025-06-12 14:42:00,14.2
2025-06-12 23:49:00,62.9
2025-06-12 02:38:00,82.7
2025-06-12 14:28:00,26.0
2025-06-12 21:05:00,5.9
2025-06-12 03:08:00,50.492298592215775
2025-06-12 17:55:00,36.2
2025-06-12 21:06:00,46.1
2025-06-12 04:26:00,69.9
2025-06-12 08:24:00,50.492298592215775
2025-06-12 23:30:00,72.1
2025-06-12 15:24:00,89.5
2025-06-12 18:56:00,99.8
2025-06-12 16:16:00,95.4
2025-06-12 15:57:00,14.7
2025-06-12 01:31:00,75.4
2025-06-12 12:55:00,10.5
2025-06-12 17:22:00,89.6
2025-06-12 23:07:00,35.6
2025-06-12 15:00:00,17.9
2025-06-12 06:05:00,50.492298592215775
2025-06-12 21:16:00,14.6
2025-06-12 15:08:00,9.7
2025-06-12 09:18:00,25.1
2025-06-12 13:11:00,65.9
2025-06-12 20:39:00,49.6
2025-06-12 15:25:00,20.7
2025-06-12 14:31:00,54.5
2025-06-12 15:26:00,55.6
2025-06-12 02:24:00,70.3
2025-06-12 20:15:00,52.2
2025-06-12 16:13:00,54.1
2025-06-12 08:56:00,39.8
2025-06-12 07:29:00,49.2
2025-06-12 08:50:00,5.1
2025-06-12 13:41:00,36.6
2025-06-12 17:30:00,64.3
2025-06-12 20:15:00,73.9
2025-06-12 10:29:00,57.0
2025-06-12 18:22:00,80.6
2025-06-12 10:18:00,50.492298592215775
2025-06-12 17:06:00,13.5
2025-06-12 14:31:00,27.4
2025-06-12 10:31:00,59.0
2025-06-12 04:12:00,50.492298592215775
2025-06-12 15:46:00,62.7
2025-06-12 20:19:00,24.3
2025-06-12 20:09:00,50.492298592215775
2025-06-12 11:15:00,6.3
2025-06-12 02:00:00,50.492298592215775
2025-06-12 05:51:00,93.7
2025-06-12 10:30:00,38.1
2025-06-12 09:51:00,86.5
2025-06-12 22:25:00,70.1
2025-06-12 15:16:00,32.3
2025-06-12 20:38:00,4.5
2025-06-12 19:31:00,13.8
2025-06-12 20:13:00,50.492298592215775
2025-06-12 06:04:00,73.4
2025-06-12 23:06:00,69.4
2025-06-12 21:51:00,17.2
2025-06-12 22:36:00,79.4
2025-06-12 00:16:00,62.3
2025-06-12 18:15:00,93.8
2025-06-12 01:38:00,99.0
2025-06-12 08:36:00,4.0
2025-06-12 01:46:00,50.492298592215775
2025-06-12 10:20:00,98.5
2025-06-12 19:09:00,76.2
2025-06-12 05:53:00,13.9
2025-06-12 16:42:00,88.3
2025-06-12 03:39:00,83.3
2025-06-12 04:04:00,52.9
2025-06-12 20:59:00,35.9
2025-06-12 15:53:00,31.4
2025-06-12 15:34:00,81.0
2025-06-12 22:57:00,30.2
2025-06-12 09:42:00,6.7
2025-06-12 13:44:00,36.7
2025-06-12 11:44:00,29.9
2025-06-12 07:32:00,71.8
2025-06-12 01:27:00,27.3
2025-06-12 18:45:00,17.9
2025-06-12 16:53:00,87.3
2025-06-12 08:31:00,49.3
2025-06-12 14:51:00,72.1
2025-06-12 15:31:00,37.2
2025-06-12 23:07:00,98.8
2025-06-12 22:30:00,98.5
2025-06-12 14:36:00,82.3
2025-06-12 23:37:00,65.7
2025-06-12 20:45:00,50.492298592215775
2025-06-12 10:58:00,96.0
2025-06-12 15:10:00,84.9
2025-06-12 23:56:00,34.2
2025-06-12 15:18:00,82.6
2025-06-12 10:16:00,79.5
2025-06-12 08:37:00,8.8
2025-06-12 06:52:00,54.5
2025-06-12 08:02:00,79.7
2025-06-12 14:09:00,55.8
2025-06-12 06:59:00,95.8
2025-06-12 01:05:00,87.8
2025-06-12 17:19:00,33.7
2025-06-12 06:41:00,58.4
2025-06-12 06:59:00,38.5
2025-06-12 23:02:00,40.2
2025-06-12 06:12:00,95.4
2025-06-12 22:00:00,62.8
2025-06-12 17:34:00,50.492298592215775
2025-06-12 10:23:00,92.6
2025-06-12 00:36:00,15.5
2025-06-12 16:37:00,50.492298592215775
2025-06-12 06:08:00,50.492298592215775
2025-06-12 03:45:00,22.5
2025-06-12 21:49:00,95.1
2025-06-12 22:20:00,50.492298592215775
2025-06-12 11:34:00,97.4
2025-06-12 16:37:00,50.492298592215775
2025-06-12 14:08:00,50.492298592215775
2025-06-12 09:23:00,47.6
2025-06-12 13:36:00,9.6
2025-06-12 12:44:00,83.8
2025-06-12 08:21:00,80.2
2025-06-12 19:07:00,47.5
2025-06-12 03:21:00,50.492298592215775
2025-06-12 02:51:00,11.7
2025-06-12 08:58:00,50.492298592215775
2025-06-12 07:49:00,50.492298592215775
2025-06-12 18:40:00,61.0
2025-06-12 12:17:00,43.8
2025-06-12 20:47:00,91.9
2025-06-12 15:59:00,59.7
2025-06-12 13:52:00,67.1
2025-06-12 17:13:00,26.7
2025-06-12 07:46:00,73.6
2025-06-12 06:05:00,81.9
2025-06-12 18:22:00,91.1
2025-06-12 04:15:00,50.492298592215775
2025-06-12 09:54:00,79.3
2025-06-12 03:45:00,42.1
2025-06-12 17:33:00,77.7
2025-06-12 11:05:00,97.0
2025-06-12 15:47:00,34.3
2025-06-12 07:50:00,50.492298592215775
2025-06-12 04:34:00,47.8
2025-06-12 08:03:00,48.3
2025-06-12 08:22:00,27.4
2025-06-12 02:30:00,12.2
2025-06-12 05:26:00,59.3
2025-06-12 12:13:00,92.1
2025-06-12 09:25:00,68.2
2025-06-12 08:34:00,41.4
2025-06-12 23:17:00,50.492298592215775
2025-06-12 21:20:00,46.0
2025-06-12 19:14:00,50.492298592215775
2025-06-12 01:32:00,74.0
2025-06-12 01:11:00,34.5
2025-06-12 21:14:00,20.5
2025-06-12 07:41:00,64.8
2025-06-12 20:20:00,42.4
2025-06-12 11:57:00,99.8
2025-06-12 07:16:00,27.6
2025-06-12 12:30:00,4.5
2025-06-12 22:13:00,76.5
2025-06-12 08:52:00,61.6
2025-06-12 04:45:00,72.9
2025-06-12 23:14:00,87.0
2025-06-12 18:02:00,31.2
2025-06-12 10:05:00,91.8
2025-06-12 10:04:00,50.492298592215775
2025-06-12 05:19:00,56.2
2025-06-12 04:36:00,81.1
2025-06-12 19:07:00,42.2
2025-06-12 13:32:00,57.5
2025-06-12 12:21:00,95.8
2025-06-12 10:03:00,39.8
2025-06-12 15:05:00,21.7
2025-06-12 02:44:00,50.492298592215775
2025-06-12 05:45:00,50.492298592215775
2025-06-12 05:12:00,8.0
2025-06-12 19:40:00,84.9
2025-06-12 03:47:00,2.1
2025-06-12 02:12:00,14.7
2025-06-12 01:37:00,82.2
2025-06-12 19:04:00,50.492298592215775
2025-06-12 20:36:00,48.7
2025-06-12 22:39:00,13.9
2025-06-12 07:26:00,16.8
2025-06-12 23:49:00,8.8
2025-06-12 11:48:00,37.7
2025-06-12 21:10:00,29.9
2025-06-12 15:20:00,50.492298592215775
2025-06-12 15:56:00,51.5
2025-06-12 06:58:00,7.8
2025-06-12 16:53:00,9.1
2025-06-12 08:27:00,82.5
2025-06-12 21:19:00,10.4
2025-06-12 07:28:00,11.1
2025-06-12 19:57:00,27.3
2025-06-12 00:35:00,11.6
2025-06-12 20:30:00,50.492298592215775
2025-06-12 02:32:00,78.6
2025-06-12 06:39:00,86.5
2025-06-12 11:24:00,95.4
2025-06-12 13:28:00,0.2
2025-06-12 00:57:00,73.8
2025-06-12 19:34:00,50.492298592215775
2025-06-12 15:04:00,50.492298592215775
2025-06-12 12:45:00,13.3
2025-06-12 16:01:00,50.492298592215775
2025-06-12 11:01:00,47.7
2025-06-12 11:47:00,79.8
2025-06-12 07:49:00,18.9
2025-06-12 01:39:00,45.2
2025-06-12 00:14:00,76.6
2025-06-12 12:16:00,46.5
2025-06-12 00:13:00,50.492298592215775
2025-06-12 21:45:00,34.7
2025-06-12 16:02:00,51.6
2025-06-12 22:06:00,64.1
2025-06-12 12:35:00,7.5
2025-06-12 11:19:00,30.9
2025-06-12 02:41:00,57.6
2025-06-12 07:08:00,36.4
2025-06-12 14:39:00,74.1
2025-06-12 03:12:00,88.5
2025-06-12 06:44:00,95.2
2025-06-12 07:16:00,52.9
2025-06-12 11:18:00,50.492298592215775
2025-06-12 14:14:00,8.0
2025-06-12 10:08:00,18.0
2025-06-12 19:11:00,69.1
2025-06-12 19:06:00,42.6
2025-06-12 20:28:00,4.8
2025-06-12 22:37:00,50.492298592215775
2025-06-12 01:01:00,27.9
2025-06-12 03:21:00,4.4
2025-06-12 12:07:00,5.1
2025-06-12 18:19:00,19.1
2025-06-12 23:41:00,95.6
2025-06-12 19:09:00,91.2
2025-06-12 02:31:00,53.7
2025-06-12 14:00:00,86.2
2025-06-12 12:33:00,69.2
2025-06-12 12:03:00,50.492298592215775
2025-06-12 03:17:00,50.492298592215775
2025-06-12 00:58:00,69.7
2025-06-12 16:19:00,50.492298592215775
2025-06-12 07:19:00,44.2
2025-06-12 02:05:00,67.3
2025-06-12 09:39:00,68.9
2025-06-12 22:38:00,64.3
2025-06-12 16:08:00,71.8
2025-06-12 05:53:00,2.5
2025-06-12 16:27:00,12.7
2025-06-12 03:38:00,88.8
2025-06-12 04:04:00,68.8
2025-06-12 15:16:00,48.7
2025-06-12 21:56:00,50.492298592215775
2025-06-12 20:26:00,0.9
2025-06-12 08:35:00,58.4
2025-06-12 11:01:00,32.4
2025-06-12 03:52:00,26.8
2025-06-12 17:38:00,50.492298592215775
2025-06-12 19:19:00,27.3
2025-06-12 07:28:00,50.492298592215775
2025-06-12 16:08:00,25.9
2025-06-12 06:32:00,50.492298592215775
2025-06-12 20:09:00,86.1
2025-06-12 06:12:00,84.8
2025-06-12 21:55:00,50.492298592215775
2025-06-12 03:04:00,76.7
2025-06-12 09:52:00,4.7
2025-06-12 14:09:00,60.1
2025-06-12 01:06:00,46.0
2025-06-12 18:56:00,53.5
2025-06-12 21:41:00,83.4
2025-06-12 10:25:00,42.3
2025-06-12 07:31:00,88.5
2025-06-12 21:37:00,20.5
2025-06-12 02:00:00,74.1
2025-06-12 01:02:00,77.4
2025-06-12 03:37:00,8.6
2025-06-12 01:38:00,86.1
2025-06-12 17:15:00,95.0
2025-06-12 23:26:00,50.492298592215775
2025-06-12 14:12:00,50.492298592215775
2025-06-12 16:56:00,88.5
2025-06-12 18:07:00,15.4
2025-06-12 12:39:00,61.5
2025-06-12 14:11:00,69.6
2025-06-12 11:17:00,91.1
2025-06-12 01:31:00,83.4
2025-06-12 06:51:00,91.8
2025-06-12 17:37:00,99.8
2025-06-12 10:18:00,97.9
2025-06-12 14:19:00,17.0
2025-06-12 01:16:00,52.2
2025-06-12 19:59:00,22.9
2025-06-12 13:40:00,89.4
2025-06-12 04:56:00,50.492298592215775
2025-06-12 03:40:00,87.5
2025-06-12 08:03:00,28.4
2025-06-12 05:47:00,65.8
2025-06-12 15:37:00,50.492298592215775
2025-06-12 02:47:00,27.9
2025-06-12 10:32:00,50.8
2025-06-12 11:29:00,27.6
2025-06-12 02:06:00,3.7
2025-06-12 17:04:00,80.8
2025-06-12 01:35:00,50.492298592215775
2025-06-12 14:29:00,64.2
2025-06-12 14:58:00,74.3
2025-06-12 19:55:00,50.190676567656766
2025-06-12 09:24:00,73.7
2025-06-12 20:19:00,50.190676567656766
2025-06-12 02:35:00,50.190676567656766
2025-06-12 06:38:00,11.2
2025-06-12 13:05:00,18.5
2025-06-12 06:41:00,95.7
2025-06-12 05:04:00,98.7
2025-06-12 17:06:00,9.3
2025-06-12 13:44:00,14.4
2025-06-12 00:02:00,81.0
2025-06-12 18:42:00,39.7
2025-06-12 02:55:00,20.2
2025-06-12 17:18:00,19.1
2025-06-12 13:42:00,68.4
2025-06-12 12:05:00,2.0
2025-06-12 23:55:00,50.190676567656766
2025-06-12 15:15:00,32.2
2025-06-12 18:02:00,49.3
2025-06-12 03:51:00,50.190676567656766
2025-06-12 09:17:00,50.190676567656766
2025-06-12 22:24:00,15.5
2025-06-12 04:38:00,51.7
2025-06-12 09:31:00,22.5
2025-06-12 16:17:00,17.3
2025-06-12 13:01:00,68.5
2025-06-12 07:21:00,60.8
2025-06-12 19:41:00,27.9
2025-06-12 02:42:00,20.4
2025-06-12 00:37:00,36.2
2025-06-12 23:09:00,61.4
2025-06-12 09:00:00,92.0
2025-06-12 00:11:00,16.9
2025-06-12 11:11:00,25.7
2025-06-12 22:27:00,5.3
2025-06-12 15:31:00,41.6
2025-06-12 16:53:00,74.8
2025-06-12 14:52:00,2.1
2025-06-12 09:04:00,50.190676567656766
2025-06-12 14:04:00,88.5
2025-06-12 11:24:00,36.7
2025-06-12 21:50:00,39.7
2025-06-12 04:57:00,50.190676567656766
2025-06-12 18:10:00,58.1
2025-06-12 07:24:00,99.2
2025-06-12 04:35:00,21.8
2025-06-12 04:04:00,15.0
2025-06-12 03:18:00,56.9
2025-06-12 19:58:00,19.2
2025-06-12 10:54:00,50.190676567656766
2025-06-12 04:36:00,50.190676567656766
2025-06-12 14:08:00,50.190676567656766
2025-06-12 18:03:00,88.7
2025-06-12 01:49:00,14.7
2025-06-12 03:52:00,22.3
2025-06-12 00:40:00,17.2
2025-06-12 13:40:00,50.190676567656766
2025-06-12 18:18:00,73.6
2025-06-12 15:53:00,47.6
2025-06-12 15:11:00,66.8
2025-06-12 17:19:00,72.0
2025-06-12 05:07:00,9.4
2025-06-12 18:21:00,89.6
2025-06-12 15:54:00,30.5
2025-06-12 01:26:00,50.190676567656766
2025-06-12 01:51:00,43.0
2025-06-12 20:30:00,51.3
2025-06-12 07:49:00,74.2
2025-06-12 05:45:00,9.7
2025-06-12 21:35:00,50.190676567656766
2025-06-12 10:34:00,50.190676567656766
2025-06-12 19:08:00,54.4
2025-06-12 01:08:00,75.3
2025-06-12 00:02:00,18.6
2025-06-12 11:55:00,50.190676567656766
2025-06-12 08:32:00,0.1
2025-06-12 08:24:00,25.9
2025-06-12 00:43:00,1.5
2025-06-12 23:55:00,87.0
2025-06-12 21:07:00,22.1
2025-06-12 13:18:00,1.6
2025-06-12 05:19:00,50.190676567656766
2025-06-12 03:04:00,83.6
2025-06-12 23:03:00,50.190676567656766
2025-06-12 14:48:00,50.190676567656766
2025-06-12 00:32:00,29.0
2025-06-12 22:57:00,82.9
2025-06-12 16:59:00,44.6
2025-06-12 07:12:00,52.9
2025-06-12 12:57:00,50.8
2025-06-12 04:17:00,46.1
2025-06-12 09:10:00,13.0
2025-06-12 14:45:00,62.8
2025-06-12 18:40:00,82.6
2025-06-12 15:36:00,98.7
2025-06-12 15:41:00,19.2
2025-06-12 03:50:00,24.1
2025-06-12 18:09:00,50.190676567656766
2025-06-12 22:30:00,50.190676567656766
2025-06-12 04:34:00,50.190676567656766
2025-06-12 21:29:00,44.9
2025-06-12 14:39:00,75.1
2025-06-12 11:22:00,5.8
2025-06-12 00:50:00,95.3
2025-06-12 06:50:00,52.7
2025-06-12 15:33:00,50.190676567656766
2025-06-12 03:34:00,50.190676567656766
2025-06-12 20:50:00,83.0
2025-06-12 09:50:00,97.2
2025-06-12 14:22:00,95.0
2025-06-12 12:53:00,50.190676567656766
2025-06-12 12:25:00,13.3
2025-06-12 20:39:00,18.1
2025-06-12 22:36:00,25.5
2025-06-12 22:52:00,35.9
2025-06-12 05:38:00,88.0
2025-06-12 01:52:00,83.9
2025-06-12 07:18:00,40.0
2025-06-12 10:03:00,56.6
2025-06-12 06:57:00,50.190676567656766
2025-06-12 08:57:00,24.8
2025-06-12 09:44:00,89.7
2025-06-12 00:01:00,50.190676567656766
2025-06-12 05:58:00,32.4
2025-06-12 08:59:00,35.9
2025-06-12 00:35:00,76.4
2025-06-12 06:37:00,50.190676567656766
2025-06-12 17:27:00,50.190676567656766
2025-06-12 20:58:00,50.190676567656766
2025-06-12 02:44:00,34.9
2025-06-12 14:55:00,92.7
2025-06-12 07:24:00,54.4
2025-06-12 20:35:00,50.190676567656766
2025-06-12 09:26:00,94.3
2025-06-12 23:36:00,22.4
2025-06-12 15:12:00,66.7
2025-06-12 19:54:00,68.7
2025-06-12 12:10:00,20.1
2025-06-12 23:44:00,59.0
2025-06-12 13:34:00,29.7
2025-06-12 19:18:00,35.5
2025-06-12 19:43:00,42.2
2025-06-12 06:49:00,50.190676567656766
2025-06-12 07:47:00,61.6
2025-06-12 07:02:00,21.0
2025-06-12 23:03:00,5.2
2025-06-12 03:50:00,37.6
2025-06-12 01:34:00,42.4
2025-06-12 21:24:00,89.2
2025-06-12 09:29:00,21.6
2025-06-12 18:25:00,62.9
2025-06-12 10:19:00,32.4
2025-06-12 17:58:00,31.3
2025-06-12 13:15:00,50.190676567656766
2025-06-12 22:16:00,50.190676567656766
2025-06-12 10:39:00,50.190676567656766
2025-06-12 20:35:00,26.6
2025-06-12 13:19:00,94.2
2025-06-12 20:10:00,51.8
2025-06-12 05:28:00,14.2
2025-06-12 20:04:00,90.7
2025-06-12 03:54:00,95.1
2025-06-12 04:04:00,71.0
2025-06-12 17:03:00,63.6
2025-06-12 04:23:00,9.9
2025-06-12 19:17:00,19.8
2025-06-12 11:15:00,60.6
2025-06-12 05:55:00,36.6
2025-06-12 03:19:00,66.6
2025-06-12 17:42:00,94.2
2025-06-12 10:21:00,50.190676567656766
2025-06-12 07:16:00,9.7
2025-06-12 14:23:00,51.6
2025-06-12 07:38:00,50.190676567656766
2025-06-12 03:27:00,43.1
2025-06-12 08:31:00,61.8
2025-06-12 01:35:00,54.3
2025-06-12 03:48:00,50.190676567656766
2025-06-12 02:56:00,95.7
2025-06-12 08:45:00,50.190676567656766
2025-06-12 02:29:00,8.5
2025-06-12 19:19:00,19.9
2025-06-12 05:03:00,13.8
2025-06-12 19:05:00,50.190676567656766
2025-06-12 23:46:00,50.190676567656766
2025-06-12 21:57:00,45.6
2025-06-12 04:16:00,17.8
2025-06-12 03:21:00,48.8
2025-06-12 17:23:00,48.8
2025-06-12 06:29:00,5.0
2025-06-12 05:51:00,50.190676567656766
2025-06-12 03:05:00,92.8
2025-06-12 03:11:00,45.8
2025-06-12 16:00:00,50.190676567656766
2025-06-12 16:03:00,25.6
2025-06-12 01:19:00,83.1
2025-06-12 15:10:00,39.9
2025-06-12 22:24:00,49.9
2025-06-12 11:54:00,87.0
2025-06-12 17:57:00,8.1
2025-06-12 07:34:00,13.0
2025-06-12 07:37:00,2.1
2025-06-12 03:07:00,50.190676567656766
2025-06-12 00:37:00,86.0
2025-06-12 10:32:00,57.0
2025-06-12 06:54:00,80.7
2025-06-12 02:59:00,15.1
2025-06-12 21:36:00,11.4
2025-06-12 08:23:00,18.8
2025-06-12 18:10:00,50.190676567656766
2025-06-12 17:39:00,50.7
2025-06-12 11:20:00,50.190676567656766
2025-06-12 20:13:00,88.1
2025-06-12 10:24:00,9.8
2025-06-12 17:24:00,88.3
2025-06-12 02:39:00,69.7
2025-06-12 09:33:00,29.2
2025-06-12 04:16:00,96.9
2025-06-12 10:51:00,82.3
2025-06-12 16:55:00,80.7
2025-06-12 22:27:00,78.1
2025-06-12 07:06:00,74.0
2025-06-12 17:30:00,100.0
2025-06-12 12:49:00,46.8
2025-06-12 17:23:00,12.3
2025-06-12 13:03:00,67.6
2025-06-12 08:34:00,50.190676567656766
2025-06-12 00:07:00,89.2
2025-06-12 11:47:00,10.3
2025-06-12 13:41:00,40.3
2025-06-12 13:04:00,43.5
2025-06-12 08:19:00,19.5
2025-06-12 23:48:00,50.190676567656766
2025-06-12 07:49:00,50.190676567656766
2025-06-12 12:29:00,98.2
2025-06-12 11:33:00,64.5
2025-06-12 14:45:00,58.9
2025-06-12 13:17:00,20.8
2025-06-12 11:25:00,50.190676567656766
2025-06-12 21:20:00,24.0
2025-06-12 12:59:00,50.190676567656766
2025-06-12 14:39:00,97.4
2025-06-12 20:53:00,43.0
2025-06-12 21:49:00,45.9
2025-06-12 23:09:00,4.3
2025-06-12 15:50:00,50.190676567656766
2025-06-12 10:18:00,80.6
2025-06-12 09:06:00,95.1
2025-06-12 00:42:00,24.1
2025-06-12 19:08:00,50.190676567656766
2025-06-12 04:08:00,30.7
2025-06-12 05:02:00,33.9
2025-06-12 03:18:00,57.2
2025-06-12 06:39:00,4.9
2025-06-12 07:16:00,86.7
2025-06-12 07:15:00,46.7
2025-06-12 18:55:00,19.7
2025-06-12 21:30:00,69.0
2025-06-12 10:45:00,31.2
2025-06-12 13:40:00,91.6
2025-06-12 09:27:00,50.190676567656766
2025-06-12 06:55:00,57.3
2025-06-12 05:02:00,14.2
2025-06-12 09:51:00,62.2
2025-06-12 00:53:00,13.0
2025-06-12 20:27:00,98.3
2025-06-12 17:05:00,5.0
2025-06-12 12:33:00,58.0
2025-06-12 13:51:00,80.2
2025-06-12 14:24:00,2.8
2025-06-12 01:48:00,14.2
2025-06-12 19:39:00,32.4
2025-06-12 03:35:00,97.0
2025-06-12 08:22:00,50.190676567656766
2025-06-12 06:35:00,51.0
2025-06-12 15:12:00,20.0
2025-06-12 11:51:00,57.4
2025-06-12 19:21:00,29.4
2025-06-12 14:40:00,3.8
2025-06-12 17:53:00,18.1
2025-06-12 17:29:00,50.190676567656766
2025-06-12 22:27:00,48.7
2025-06-12 04:11:00,4.6
2025-06-12 19:41:00,88.7
2025-06-12 00:06:00,25.8
2025-06-12 05:13:00,14.6
2025-06-12 03:12:00,96.5
2025-06-12 03:48:00,45.3
2025-06-12 13:49:00,34.4
2025-06-12 06:25:00,59.3
2025-06-12 12:53:00,47.1
2025-06-12 23:42:00,42.5
2025-06-12 12:56:00,25.1
2025-06-12 21:28:00,50.8
2025-06-12 22:00:00,50.7
2025-06-12 08:57:00,15.3
2025-06-12 22:00:00,97.5
2025-06-12 10:18:00,50.190676567656766
2025-06-12 02:11:00,7.3
2025-06-12 19:28:00,50.190676567656766
2025-06-12 02:59:00,61.0
2025-06-12 11:43:00,54.3
2025-06-12 21:23:00,81.2
2025-06-12 23:04:00,29.8
2025-06-12 03:47:00,13.3
2025-06-12 00:10:00,10.7
2025-06-12 09:41:00,15.8
2025-06-12 16:59:00,5.8
2025-06-12 17:37:00,60.5
2025-06-12 11:46:00,95.9
2025-06-12 10:46:00,28.4
2025-06-12 00:56:00,50.190676567656766
2025-06-12 08:28:00,60.6
2025-06-12 09:35:00,33.6
2025-06-12 21:07:00,16.5
2025-06-12 14:50:00,86.8
2025-06-12 19:17:00,75.9
2025-06-12 05:53:00,12.4
2025-06-12 02:34:00,96.2
2025-06-12 12:45:00,4.4
2025-06-12 17:21:00,53.2
2025-06-12 02:31:00,60.6
2025-06-12 17:09:00,34.0
2025-06-12 07:11:00,7.4
2025-06-12 03:16:00,54.0
2025-06-12 07:11:00,50.190676567656766
2025-06-12 15:29:00,50.190676567656766
2025-06-12 18:29:00,40.9
2025-06-12 16:33:00,52.3
2025-06-12 05:06:00,22.1
2025-06-12 01:58:00,97.9
2025-06-12 15:33:00,65.3
2025-06-12 17:35:00,78.8
2025-06-12 11:31:00,6.6
2025-06-12 22:54:00,27.2
2025-06-12 06:14:00,66.0
2025-06-12 03:22:00,36.0
2025-06-12 15:15:00,74.5
2025-06-12 04:41:00,91.0
2025-06-12 07:33:00,49.0
2025-06-12 21:18:00,65.7
2025-06-12 10:34:00,18.3
2025-06-12 16:50:00,50.190676567656766
2025-06-12 20:54:00,99.9
2025-06-12 21:36:00,15.7
2025-06-12 02:42:00,23.7
2025-06-12 13:17:00,19.0
2025-06-12 18:07:00,49.69925181201777
2025-06-12 01:02:00,13.4
2025-06-12 01:29:00,58.5
2025-06-12 11:59:00,99.1
2025-06-12 17:44:00,17.3
2025-06-12 20:25:00,49.69925181201777
2025-06-12 09:33:00,42.7
2025-06-12 22:28:00,28.6
2025-06-12 19:53:00,49.69925181201777
2025-06-12 17:03:00,0.2
2025-06-12 08:49:00,1.9
2025-06-12 19:25:00,63.5
2025-06-12 10:56:00,96.5
2025-06-12 16:19:00,49.69925181201777
2025-06-12 20:04:00,76.2
2025-06-12 22:53:00,49.69925181201777
2025-06-12 20:31:00,69.7
2025-06-12 01:09:00,6.0
2025-06-12 15:12:00,47.5
2025-06-12 05:00:00,49.69925181201777
2025-06-12 07:26:00,29.5
2025-06-12 02:13:00,0.8
2025-06-12 16:35:00,44.7
2025-06-12 23:17:00,31.7
2025-06-12 02:51:00,61.3
2025-06-12 20:27:00,21.9
2025-06-12 12:18:00,49.3
2025-06-12 14:27:00,48.8
2025-06-12 09:54:00,66.3
2025-06-12 11:03:00,50.4
2025-06-12 09:06:00,94.6
2025-06-12 02:36:00,20.1
2025-06-12 20:22:00,36.8
2025-06-12 17:28:00,49.69925181201777
2025-06-12 21:37:00,23.2
2025-06-12 20:00:00,76.5
2025-06-12 23:53:00,18.1
2025-06-12 08:53:00,100.0
2025-06-12 16:47:00,71.1
2025-06-12 14:50:00,87.0
2025-06-12 15:28:00,69.4
2025-06-12 19:32:00,36.3
2025-06-12 13:07:00,86.8
2025-06-12 15:16:00,20.1
2025-06-12 07:27:00,35.3
2025-06-12 06:10:00,49.69925181201777
2025-06-12 21:18:00,18.6
2025-06-12 23:50:00,65.9
2025-06-12 08:44:00,84.8
2025-06-12 16:05:00,89.6
2025-06-12 15:58:00,25.0
2025-06-12 01:17:00,17.8
2025-06-12 22:43:00,51.2
2025-06-12 07:17:00,49.69925181201777
2025-06-12 20:08:00,41.0
2025-06-12 11:50:00,49.9
2025-06-12 21:38:00,4.7
2025-06-12 04:18:00,79.4
2025-06-12 13:33:00,92.6
2025-06-12 08:22:00,29.4
2025-06-12 14:40:00,8.6
2025-06-12 04:04:00,70.5
2025-06-12 01:41:00,85.2
2025-06-12 19:04:00,4.1
2025-06-12 23:03:00,49.69925181201777
2025-06-12 14:25:00,23.8
2025-06-12 01:12:00,15.0
2025-06-12 05:56:00,45.3
2025-06-12 20:42:00,48.9
2025-06-12 22:18:00,30.2
2025-06-12 14:26:00,34.1
2025-06-12 22:22:00,29.0
2025-06-12 17:46:00,78.2
2025-06-12 12:56:00,80.6
2025-06-12 01:00:00,8.8
2025-06-12 23:41:00,98.9
2025-06-12 06:12:00,49.69925181201777
2025-06-12 02:53:00,41.6
2025-06-12 13:53:00,53.2
2025-06-12 11:49:00,10.0
2025-06-12 22:22:00,21.2
2025-06-12 02:46:00,24.3
2025-06-12 21:44:00,28.1
2025-06-12 19:05:00,40.0
2025-06-12 06:30:00,60.6
2025-06-12 03:08:00,26.1
2025-06-12 17:13:00,1.1
2025-06-12 16:58:00,43.4
2025-06-12 03:12:00,29.6
2025-06-12 03:56:00,81.8
2025-06-12 20:08:00,49.69925181201777
2025-06-12 21:25:00,90.2
2025-06-12 06:29:00,49.69925181201777
2025-06-12 10:35:00,63.0
2025-06-12 10:25:00,30.2
2025-06-12 04:53:00,60.0
2025-06-12 22:43:00,90.8
2025-06-12 18:13:00,86.4
2025-06-12 13:37:00,79.2
2025-06-12 03:36:00,49.69925181201777
2025-06-12 09:09:00,26.1
2025-06-12 03:07:00,64.0
2025-06-12 10:33:00,47.0
2025-06-12 19:58:00,39.7
2025-06-12 12:44:00,49.69925181201777
2025-06-12 16:26:00,68.5
2025-06-12 01:39:00,81.5
2025-06-12 22:32:00,42.8
2025-06-12 15:22:00,26.9
2025-06-12 02:15:00,49.69925181201777
2025-06-12 23:34:00,29.5
2025-06-12 04:14:00,26.5
2025-06-12 07:39:00,58.1
2025-06-12 05:22:00,49.69925181201777
2025-06-12 22:30:00,60.1
2025-06-12 17:28:00,63.9
2025-06-12 20:08:00,98.6
2025-06-12 20:35:00,86.2
2025-06-12 01:04:00,69.4
2025-06-12 04:48:00,59.6
2025-06-12 20:55:00,98.2
2025-06-12 11:41:00,49.69925181201777
2025-06-12 04:34:00,17.0
2025-06-12 18:58:00,25.6
2025-06-12 17:58:00,91.0
2025-06-12 03:04:00,79.8
2025-06-12 22:49:00,10.9
2025-06-12 08:26:00,45.2
2025-06-12 02:47:00,64.4
2025-06-12 10:25:00,49.69925181201777
2025-06-12 04:01:00,61.5
2025-06-12 04:36:00,43.4
2025-06-12 14:18:00,49.69925181201777
2025-06-12 07:41:00,13.1
2025-06-12 01:23:00,98.6
2025-06-12 14:47:00,68.5
2025-06-12 13:03:00,25.2
2025-06-12 16:43:00,12.2
2025-06-12 06:12:00,72.2
2025-06-12 18:48:00,71.6
2025-06-12 06:54:00,60.6
2025-06-12 22:30:00,67.5
2025-06-12 16:58:00,73.8
2025-06-12 19:15:00,13.9
2025-06-12 19:33:00,49.69925181201777
2025-06-12 19:36:00,0.7
2025-06-12 01:02:00,23.0
2025-06-12 11:07:00,85.0
2025-06-12 19:23:00,49.69925181201777
2025-06-12 11:11:00,68.8
2025-06-12 17:48:00,95.6
2025-06-12 04:22:00,61.0
2025-06-12 09:12:00,24.1
2025-06-12 11:34:00,79.7
2025-06-12 15:46:00,27.7
2025-06-12 08:15:00,49.69925181201777
2025-06-12 17:40:00,41.7
2025-06-12 22:20:00,37.6
2025-06-12 11:54:00,94.2
2025-06-12 17:18:00,24.7
2025-06-12 16:22:00,49.69925181201777
2025-06-12 22:50:00,65.3
2025-06-12 01:40:00,95.9
2025-06-12 04:46:00,49.69925181201777
2025-06-12 14:04:00,49.69925181201777
2025-06-12 20:45:00,45.0
2025-06-12 10:38:00,22.2
2025-06-12 04:16:00,49.69925181201777
2025-06-12 06:07:00,10.9
2025-06-12 07:20:00,71.9
2025-06-12 23:49:00,87.7
2025-06-12 15:58:00,74.1
2025-06-12 13:12:00,99.1
2025-06-12 15:20:00,45.9
2025-06-12 01:30:00,54.2
2025-06-12 01:01:00,50.6
2025-06-12 05:41:00,50.8
2025-06-12 22:20:00,49.69925181201777
2025-06-12 04:58:00,51.8
2025-06-12 22:08:00,53.8
2025-06-12 05:49:00,53.6
2025-06-12 01:51:00,49.69925181201777
2025-06-12 12:33:00,11.9
2025-06-12 22:26:00,36.4
2025-06-12 22:43:00,8.2
2025-06-12 11:27:00,83.9
2025-06-12 12:02:00,19.2
2025-06-12 07:21:00,70.3
2025-06-12 21:05:00,94.9
2025-06-12 19:02:00,95.7
2025-06-12 11:36:00,49.69925181201777
2025-06-12 11:46:00,26.9
2025-06-12 02:30:00,90.0
2025-06-12 11:30:00,61.2
2025-06-12 04:09:00,9.6
2025-06-12 16:20:00,38.5
2025-06-12 00:03:00,61.7
2025-06-12 10:02:00,93.1
2025-06-12 21:17:00,94.9
2025-06-12 18:35:00,49.69925181201777
2025-06-12 04:29:00,55.5
2025-06-12 17:56:00,49.69925181201777
2025-06-12 20:03:00,96.3
2025-06-12 08:11:00,38.6
2025-06-12 17:42:00,47.7
2025-06-12 08:32:00,49.69925181201777
2025-06-12 07:20:00,53.8
2025-06-12 15:04:00,60.4
2025-06-12 09:18:00,49.69925181201777
2025-06-12 02:22:00,28.7
2025-06-12 23:23:00,33.9
2025-06-12 11:11:00,83.6
2025-06-12 13:54:00,73.6
2025-06-12 03:02:00,87.7
2025-06-12 17:43:00,99.0
2025-06-12 03:36:00,52.7
2025-06-12 17:26:00,56.4
2025-06-12 06:14:00,9.9
2025-06-12 16:39:00,69.5
2025-06-12 18:53:00,78.5
2025-06-12 19:55:00,82.9
2025-06-12 17:56:00,56.9
2025-06-12 16:29:00,45.1
2025-06-12 09:20:00,58.0
2025-06-12 01:30:00,39.3
2025-06-12 03:09:00,52.5
2025-06-12 06:27:00,76.8
2025-06-12 14:08:00,14.6
2025-06-12 01:33:00,18.1
2025-06-12 19:36:00,49.69925181201777
2025-06-12 08:03:00,0.4
2025-06-12 06:35:00,74.1
2025-06-12 03:50:00,79.3
2025-06-12 02:11:00,96.5
2025-06-12 04:59:00,87.6
2025-06-12 14:22:00,46.5
2025-06-12 06:56:00,99.4
2025-06-12 05:09:00,49.69925181201777
2025-06-12 23:41:00,71.4
2025-06-12 16:19:00,49.69925181201777
2025-06-12 01:57:00,2.8
2025-06-12 15:38:00,49.69925181201777
2025-06-12 15:55:00,49.69925181201777
2025-06-12 14:58:00,57.3
2025-06-12 05:23:00,67.7
2025-06-12 22:17:00,6.6
2025-06-12 04:20:00,69.4
2025-06-12 16:37:00,35.2
2025-06-12 07:43:00,63.8
2025-06-12 15:00:00,5.5
2025-06-12 14:35:00,67.1
2025-06-12 12:56:00,37.5
2025-06-12 17:48:00,16.9
2025-06-12 07:13:00,69.7
2025-06-12 00:08:00,83.9
2025-06-12 01:47:00,4.3
2025-06-12 22:41:00,22.2
2025-06-12 16:38:00,50.2
2025-06-12 23:01:00,19.4
2025-06-12 22:06:00,88.1
2025-06-12 03:36:00,70.6
2025-06-12 17:18:00,48.0
2025-06-12 23:49:00,54.8
2025-06-12 15:54:00,35.4
2025-06-12 01:39:00,53.5
2025-06-12 01:04:00,82.0
2025-06-12 15:30:00,36.5
2025-06-12 06:11:00,18.6
2025-06-12 22:39:00,58.2
2025-06-12 11:42:00,23.5
2025-06-12 05:59:00,3.2
2025-06-12 10:34:00,75.5
2025-06-12 01:16:00,49.69925181201777
2025-06-12 04:01:00,17.5
2025-06-12 08:11:00,76.1
2025-06-12 07:31:00,49.69925181201777
2025-06-12 17:05:00,27.8
2025-06-12 02:15:00,25.0
2025-06-12 23:53:00,49.69925181201777
2025-06-12 06:32:00,93.6
2025-06-12 18:55:00,6.4
2025-06-12 11:05:00,42.0
2025-06-12 15:08:00,49.69925181201777
2025-06-12 11:56:00,44.1
2025-06-12 09:24:00,69.6
2025-06-12 22:39:00,96.4
2025-06-12 08:17:00,28.3
2025-06-12 08:41:00,49.69925181201777
2025-06-12 17:49:00,61.2
2025-06-12 10:48:00,83.6
2025-06-12 04:25:00,34.4
2025-06-12 10:34:00,49.69925181201777
2025-06-12 17:39:00,24.1
2025-06-12 00:47:00,79.0
2025-06-12 03:52:00,18.3
2025-06-12 12:55:00,49.69925181201777
2025-06-12 13:40:00,83.0
2025-06-12 18:16:00,84.2
2025-06-12 19:38:00,72.4
2025-06-12 13:16:00,85.6
2025-06-12 05:01:00,2.7
2025-06-12 10:16:00,9.8
2025-06-12 11:39:00,1.7
2025-06-12 10:45:00,63.2
2025-06-12 14:46:00,74.5
2025-06-12 07:56:00,9.6
2025-06-12 14:41:00,85.5
2025-06-12 20:35:00,93.5
2025-06-12 23:57:00,97.7
2025-06-12 15:56:00,9.7
2025-06-12 03:54:00,22.1
2025-06-12 02:30:00,49.69925181201777
2025-06-12 08:28:00,18.7
2025-06-12 20:14:00,1.7
2025-06-12 02:06:00,8.5
2025-06-12 05:10:00,39.8
2025-06-12 08:19:00,79.3
2025-06-12 12:33:00,92.1
2025-06-12 17:41:00,18.2
2025-06-12 02:19:00,86.6
2025-06-12 17:19:00,49.69925181201777
2025-06-12 20:14:00,61.6
2025-06-12 16:08:00,82.5
2025-06-12 09:37:00,91.4
2025-06-12 15:02:00,54.1
2025-06-12 19:27:00,49.69925181201777
2025-06-12 18:47:00,97.5
2025-06-12 01:16:00,10.7
2025-06-12 15:00:00,29.0
2025-06-12 14:02:00,27.7
2025-06-12 01:29:00,49.69925181201777
2025-06-12 13:10:00,11.8
2025-06-12 12:27:00,30.6
2025-06-12 22:40:00,29.7
2025-06-12 08:11:00,20.8
2025-06-12 11:20:00,61.8
2025-06-12 08:53:00,74.9
2025-06-12 15:22:00,92.7
2025-06-12 14:58:00,20.4
2025-06-12 10:47:00,46.5
2025-06-12 18:37:00,50.9
2025-06-12 12:31:00,49.69925181201777
2025-06-12 16:22:00,71.3
2025-06-12 12:53:00,49.69925181201777
2025-06-12 00:17:00,4.1
2025-06-12 19:52:00,33.4
2025-06-12 15:45:00,81.9
2025-06-12 13:15:00,48.5
2025-06-12 16:04:00,87.9
2025-06-12 20:44:00,65.2
2025-06-12 23:35:00,8.1
2025-06-12 05:05:00,67.1
2025-06-12 00:36:00,98.8
2025-06-12 02:31:00,39.6
2025-06-12 19:14:00,50.15234640140434
2025-06-12 05:52:00,83.9
2025-06-12 18:40:00,11.3
2025-06-12 09:54:00,21.8
2025-06-12 14:14:00,94.8
2025-06-12 05:54:00,4.5
2025-06-12 18:17:00,50.15234640140434
2025-06-12 11:11:00,8.0
2025-06-12 13:54:00,36.6
2025-06-12 14:27:00,67.6
2025-06-12 06:49:00,50.15234640140434
2025-06-12 14:35:00,88.8
2025-06-12 18:56:00,57.9
2025-06-12 23:18:00,82.4
2025-06-12 23:50:00,42.8
2025-06-12 18:18:00,5.6
2025-06-12 06:48:00,50.15234640140434
2025-06-12 21:48:00,50.15234640140434
2025-06-12 15:33:00,67.3
2025-06-12 10:10:00,61.4
2025-06-12 22:32:00,71.9
2025-06-12 11:37:00,14.7
2025-06-12 11:24:00,65.7
2025-06-12 20:05:00,9.6
2025-06-12 05:29:00,16.9
2025-06-12 02:20:00,12.8
2025-06-12 15:33:00,59.6
2025-06-12 18:32:00,10.4
2025-06-12 23:22:00,49.3
2025-06-12 11:16:00,50.15234640140434
2025-06-12 13:37:00,58.7
2025-06-12 12:27:00,59.0
2025-06-12 05:46:00,33.5
2025-06-12 12:49:00,50.15234640140434
2025-06-12 16:04:00,22.2
2025-06-12 09:40:00,50.15234640140434
2025-06-12 17:25:00,67.9
2025-06-12 18:49:00,72.3
2025-06-12 15:24:00,16.4
2025-06-12 23:36:00,35.9
2025-06-12 22:53:00,4.5
2025-06-12 15:13:00,39.8
2025-06-12 13:26:00,83.4
2025-06-12 16:57:00,90.5
2025-06-12 21:13:00,78.4
2025-06-12 16:29:00,35.5
2025-06-12 19:36:00,97.3
2025-06-12 14:09:00,50.15234640140434
2025-06-12 12:08:00,50.7
2025-06-12 13:58:00,71.8
2025-06-12 08:09:00,47.4
2025-06-12 23:01:00,89.5
2025-06-12 21:53:00,93.1
2025-06-12 07:09:00,61.0
2025-06-12 23:15:00,50.15234640140434
2025-06-12 02:59:00,50.15234640140434
2025-06-12 04:36:00,43.4
2025-06-12 01:57:00,68.6
2025-06-12 15:31:00,50.15234640140434
2025-06-12 18:58:00,42.8
2025-06-12 19:53:00,94.6
2025-06-12 15:02:00,51.7
2025-06-12 05:47:00,98.8
2025-06-12 15:19:00,50.5
2025-06-12 03:08:00,0.0
2025-06-12 13:21:00,50.15234640140434
2025-06-12 11:36:00,18.8
2025-06-12 10:38:00,87.9
2025-06-12 12:49:00,50.15234640140434
2025-06-12 17:06:00,68.6
2025-06-12 10:05:00,87.4
2025-06-12 01:18:00,63.9
2025-06-12 22:38:00,75.3
2025-06-12 13:32:00,50.15234640140434
2025-06-12 15:47:00,50.15234640140434
2025-06-12 12:31:00,4.8
2025-06-12 14:15:00,87.5
2025-06-12 10:52:00,15.2
2025-06-12 21:21:00,25.1
2025-06-12 21:22:00,50.15234640140434
2025-06-12 22:30:00,7.2
2025-06-12 02:19:00,50.15234640140434
2025-06-12 23:40:00,89.0
2025-06-12 10:36:00,50.15234640140434
2025-06-12 05:37:00,91.1
2025-06-12 17:59:00,47.4
2025-06-12 11:01:00,3.7
2025-06-12 11:03:00,97.0
2025-06-12 19:01:00,5.1
2025-06-12 05:44:00,50.15234640140434
2025-06-12 10:15:00,90.6
2025-06-12 00:40:00,21.2
2025-06-12 19:57:00,11.3
2025-06-12 07:06:00,87.0
2025-06-12 10:49:00,99.0
2025-06-12 22:21:00,89.9
2025-06-12 00:17:00,6.5
2025-06-12 10:17:00,95.0
2025-06-12 04:50:00,58.5
2025-06-12 13:47:00,43.2
2025-06-12 11:51:00,57.0
2025-06-12 22:35:00,84.9
2025-06-12 10:15:00,90.0
2025-06-12 01:42:00,34.6
2025-06-12 20:46:00,3.8
2025-06-12 23:05:00,13.6
2025-06-12 02:52:00,46.5
2025-06-12 02:17:00,16.5
2025-06-12 22:06:00,67.0
2025-06-12 06:51:00,89.1
2025-06-12 08:16:00,32.9
2025-06-12 11:48:00,34.7
2025-06-12 10:39:00,15.3
2025-06-12 22:20:00,68.5
2025-06-12 02:16:00,23.0
2025-06-12 11:33:00,98.5
2025-06-12 19:07:00,72.8
2025-06-12 17:58:00,50.15234640140434
2025-06-12 08:23:00,62.4
2025-06-12 16:30:00,28.6
2025-06-12 10:18:00,14.7
2025-06-12 20:58:00,7.6
2025-06-12 03:06:00,50.15234640140434
2025-06-12 12:04:00,54.4
2025-06-12 19:13:00,50.15234640140434
2025-06-12 05:21:00,50.15234640140434
2025-06-12 02:56:00,50.15234640140434
2025-06-12 16:52:00,88.5
2025-06-12 11:58:00,11.8
2025-06-12 04:33:00,66.5
2025-06-12 08:55:00,50.15234640140434
2025-06-12 10:23:00,6.5
2025-06-12 20:03:00,44.4
2025-06-12 09:53:00,0.8
2025-06-12 02:34:00,69.3
2025-06-12 19:13:00,22.5
2025-06-12 00:47:00,50.4
2025-06-12 11:02:00,19.2
2025-06-12 11:04:00,46.2
2025-06-12 10:57:00,47.9
2025-06-12 02:16:00,50.15234640140434
2025-06-12 05:43:00,39.9
2025-06-12 07:12:00,50.15234640140434
2025-06-12 08:46:00,27.4
2025-06-12 02:17:00,89.1
2025-06-12 11:46:00,72.4
2025-06-12 04:02:00,68.6
2025-06-12 05:18:00,48.5
2025-06-12 15:30:00,57.7
2025-06-12 17:44:00,55.7
2025-06-12 17:11:00,2.4
2025-06-12 15:29:00,43.2
2025-06-12 19:59:00,40.9
2025-06-12 02:40:00,13.4
2025-06-12 05:03:00,76.5
2025-06-12 21:11:00,50.15234640140434
2025-06-12 22:17:00,4.6
2025-06-12 20:36:00,37.9
2025-06-12 05:36:00,40.6
2025-06-12 04:48:00,50.15234640140434
2025-06-12 16:07:00,70.8
2025-06-12 11:25:00,54.3
2025-06-12 19:39:00,11.8
2025-06-12 19:14:00,93.2
2025-06-12 15:00:00,37.8
2025-06-12 13:08:00,19.4
2025-06-12 19:02:00,56.3
2025-06-12 07:46:00,43.8
2025-06-12 07:38:00,76.8
2025-06-12 12:27:00,28.9
2025-06-12 19:35:00,18.2
2025-06-12 23:55:00,50.15234640140434
2025-06-12 15:42:00,98.0
2025-06-12 09:49:00,33.3
2025-06-12 23:22:00,63.4
2025-06-12 05:02:00,67.1
2025-06-12 14:38:00,50.15234640140434
2025-06-12 15:57:00,32.3
2025-06-12 17:38:00,59.7
2025-06-12 10:03:00,50.15234640140434
2025-06-12 01:06:00,26.6
2025-06-12 19:03:00,60.0
2025-06-12 11:44:00,19.9
2025-06-12 20:34:00,14.8
2025-06-12 23:20:00,52.4
2025-06-12 10:49:00,50.15234640140434
2025-06-12 17:06:00,89.6
2025-06-12 07:12:00,78.3
2025-06-12 02:10:00,15.3
2025-06-12 09:39:00,49.2
2025-06-12 03:15:00,21.3
2025-06-12 06:07:00,60.8
2025-06-12 08:43:00,62.1
2025-06-12 00:40:00,66.4
2025-06-12 14:09:00,84.5
2025-06-12 12:10:00,50.15234640140434
2025-06-12 07:52:00,32.3
2025-06-12 00:11:00,44.5
2025-06-12 11:06:00,25.7
2025-06-12 08:32:00,50.15234640140434
2025-06-12 08:26:00,50.15234640140434
2025-06-12 07:04:00,45.4
2025-06-12 23:20:00,50.15234640140434
2025-06-12 12:18:00,50.15234640140434
2025-06-12 04:11:00,77.9
2025-06-12 14:44:00,59.5
2025-06-12 13:00:00,45.3
2025-06-12 21:54:00,50.15234640140434
2025-06-12 20:39:00,13.7
2025-06-12 08:53:00,61.1
2025-06-12 03:45:00,96.6
2025-06-12 14:36:00,50.15234640140434
2025-06-12 10:51:00,95.4
2025-06-12 14:37:00,50.15234640140434
2025-06-12 08:26:00,52.3
2025-06-12 20:58:00,54.9
2025-06-12 15:34:00,50.15234640140434
2025-06-12 12:12:00,80.7
2025-06-12 12:05:00,14.5
2025-06-12 19:23:00,50.15234640140434
2025-06-12 23:14:00,94.6
2025-06-12 20:52:00,17.7
2025-06-12 13:24:00,85.7
2025-06-12 02:06:00,57.8
2025-06-12 12:20:00,35.7
2025-06-12 01:01:00,51.0
2025-06-12 16:01:00,85.9
2025-06-12 09:53:00,32.9
2025-06-12 22:31:00,4.1
2025-06-12 16:44:00,50.15234640140434
2025-06-12 06:43:00,50.15234640140434
2025-06-12 19:29:00,34.9
2025-06-12 03:08:00,92.4
2025-06-12 12:56:00,61.4
2025-06-12 19:28:00,73.5
2025-06-12 11:13:00,54.8
2025-06-12 09:36:00,70.6
2025-06-12 02:28:00,88.3
2025-06-12 18:40:00,73.5
2025-06-12 07:42:00,99.5
2025-06-12 04:09:00,6.3
2025-06-12 23:58:00,67.5
2025-06-12 23:07:00,40.1
2025-06-12 13:45:00,10.2
2025-06-12 04:45:00,34.2
2025-06-12 13:44:00,99.2
2025-06-12 10:13:00,63.8
2025-06-12 22:46:00,68.1
2025-06-12 18:50:00,50.15234640140434
2025-06-12 09:06:00,33.2
2025-06-12 01:47:00,86.8
2025-06-12 21:25:00,26.2
2025-06-12 06:32:00,86.4
2025-06-12 12:47:00,50.15234640140434
2025-06-12 01:55:00,71.3
2025-06-12 12:24:00,11.1
2025-06-12 11:21:00,40.6
2025-06-12 19:50:00,47.5
2025-06-12 16:43:00,65.7
2025-06-12 12:18:00,19.2
2025-06-12 15:14:00,50.15234640140434
2025-06-12 00:42:00,67.3
2025-06-12 20:27:00,59.0
2025-06-12 12:03:00,50.8
2025-06-12 23:31:00,66.0
2025-06-12 10:55:00,65.2
2025-06-12 20:27:00,13.0
2025-06-12 18:30:00,19.9
2025-06-12 23:16:00,61.0
2025-06-12 18:12:00,9.2
2025-06-12 04:44:00,61.5
2025-06-12 11:05:00,39.2
2025-06-12 05:25:00,9.6
2025-06-12 06:37:00,16.6
2025-06-12 13:23:00,89.3
2025-06-12 21:44:00,82.8
2025-06-12 03:12:00,37.6
2025-06-12 18:58:00,97.1
2025-06-12 12:59:00,73.9
2025-06-12 06:07:00,18.6
2025-06-12 14:20:00,50.15234640140434
2025-06-12 10:57:00,28.2
2025-06-12 03:18:00,83.4
2025-06-12 02:16:00,39.7
2025-06-12 19:48:00,27.3
2025-06-12 18:06:00,69.2
2025-06-12 00:50:00,82.2
2025-06-12 22:15:00,17.0
2025-06-12 18:45:00,6.9
2025-06-12 01:15:00,5.3
2025-06-12 21:32:00,50.15234640140434
2025-06-12 03:17:00,94.9
2025-06-12 23:24:00,41.2
2025-06-12 01:34:00,43.8
2025-06-12 12:57:00,53.2
2025-06-12 10:43:00,50.15234640140434
2025-06-12 21:25:00,43.1
2025-06-12 03:54:00,53.2
2025-06-12 20:36:00,13.6
2025-06-12 19:37:00,50.15234640140434
2025-06-12 04:46:00,22.2
2025-06-12 14:22:00,50.15234640140434
2025-06-12 13:44:00,21.6
2025-06-12 17:03:00,50.15234640140434
2025-06-12 15:57:00,50.15234640140434
2025-06-12 07:20:00,72.6
2025-06-12 02:11:00,59.5
2025-06-12 21:59:00,62.0
2025-06-12 08:24:00,88.3
2025-06-12 08:45:00,70.5
2025-06-12 22:41:00,69.4
2025-06-12 01:33:00,23.2
2025-06-12 08:13:00,14.1
2025-06-12 12:02:00,50.15234640140434
2025-06-12 19:39:00,54.0
2025-06-12 06:20:00,43.0
2025-06-12 22:48:00,36.8
2025-06-12 17:00:00,67.7
2025-06-12 06:51:00,18.3
2025-06-12 17:36:00,81.0
2025-06-12 06:53:00,41.8
2025-06-12 03:14:00,76.9
2025-06-12 22:21:00,61.5
2025-06-12 06:53:00,50.15234640140434
2025-06-12 20:06:00,89.5
2025-06-12 11:30:00,76.4
2025-06-12 11:03:00,61.9
2025-06-12 07:42:00,56.6
2025-06-12 02:38:00,88.4
2025-06-12 12:29:00,28.1
2025-06-12 11:00:00,24.4
2025-06-12 17:27:00,74.5
2025-06-12 00:41:00,57.1
2025-06-12 10:04:00,22.7
2025-06-12 01:49:00,14.2
2025-06-12 11:30:00,50.15234640140434
2025-06-12 00:03:00,75.5
2025-06-12 10:33:00,49.8
2025-06-12 07:23:00,20.7
2025-06-12 02:06:00,70.4
2025-06-12 09:36:00,43.7
2025-06-12 15:21:00,75.4
2025-06-12 07:11:00,69.2
2025-06-12 20:29:00,50.15747328871669
2025-06-12 11:37:00,15.4
2025-06-12 12:08:00,90.0
2025-06-12 00:04:00,91.5
2025-06-12 05:31:00,10.5
2025-06-12 00:28:00,82.5
2025-06-12 00:53:00,32.5
2025-06-12 22:32:00,68.4
2025-06-12 23:41:00,35.7
2025-06-12 10:27:00,95.4
2025-06-12 10:14:00,85.3
2025-06-12 17:25:00,31.5
2025-06-12 16:44:00,42.4
2025-06-12 14:11:00,50.15747328871669
2025-06-12 15:30:00,93.1
2025-06-12 10:25:00,8.5
2025-06-12 09:18:00,46.8
2025-06-12 02:10:00,30.6
2025-06-12 09:18:00,53.3
2025-06-12 16:39:00,11.5
2025-06-12 21:27:00,97.9
2025-06-12 03:01:00,40.6
2025-06-12 16:29:00,56.7
2025-06-12 16:36:00,88.8
2025-06-12 05:00:00,16.4
2025-06-12 03:51:00,27.6
2025-06-12 21:19:00,74.9
2025-06-12 12:48:00,37.7
2025-06-12 08:16:00,48.9
2025-06-12 17:31:00,45.4
2025-06-12 13:44:00,3.8
2025-06-12 01:27:00,69.3
2025-06-12 12:32:00,77.7
2025-06-12 23:57:00,6.9
2025-06-12 18:44:00,26.4
2025-06-12 16:13:00,34.8
2025-06-12 17:51:00,15.2
2025-06-12 08:08:00,98.8
2025-06-12 02:10:00,10.2
2025-06-12 09:51:00,48.6
2025-06-12 01:52:00,43.3
2025-06-12 21:25:00,47.9
2025-06-12 18:55:00,73.8
2025-06-12 19:48:00,29.4
2025-06-12 12:19:00,62.8
2025-06-12 17:04:00,15.8
2025-06-12 19:39:00,73.9
2025-06-12 19:52:00,50.15747328871669
2025-06-12 20:43:00,70.5
2025-06-12 18:46:00,85.5
2025-06-12 22:54:00,75.8
2025-06-12 20:56:00,74.7
2025-06-12 13:37:00,57.9
2025-06-12 07:42:00,62.7
2025-06-12 02:53:00,79.5
2025-06-12 01:39:00,6.5
2025-06-12 11:01:00,50.15747328871669
2025-06-12 23:27:00,34.9
2025-06-12 01:47:00,10.6
2025-06-12 11:53:00,32.0
2025-06-12 22:06:00,83.5
2025-06-12 06:45:00,70.0
2025-06-12 14:27:00,45.0
2025-06-12 22:48:00,47.8
2025-06-12 14:57:00,32.5
2025-06-12 15:45:00,5.3
2025-06-12 13:07:00,50.15747328871669
2025-06-12 16:50:00,50.15747328871669
2025-06-12 05:33:00,53.6
2025-06-12 20:49:00,50.15747328871669
2025-06-12 08:54:00,63.7
2025-06-12 04:03:00,50.15747328871669
2025-06-12 12:52:00,96.4
2025-06-12 20:46:00,54.8
2025-06-12 10:03:00,16.0
2025-06-12 17:49:00,33.1
2025-06-12 21:52:00,8.0
2025-06-12 20:14:00,79.7
2025-06-12 07:36:00,96.5
2025-06-12 01:50:00,70.3
2025-06-12 16:20:00,95.6
2025-06-12 03:10:00,63.5
2025-06-12 07:34:00,67.8
2025-06-12 18:48:00,2.6
2025-06-12 10:14:00,36.9
2025-06-12 01:48:00,16.5
2025-06-12 12:28:00,50.15747328871669
2025-06-12 11:55:00,35.4
2025-06-12 16:15:00,10.1
2025-06-12 08:58:00,77.0
2025-06-12 16:18:00,43.0
2025-06-12 01:55:00,54.7
2025-06-12 21:59:00,1.9
2025-06-12 19:09:00,78.6
2025-06-12 09:02:00,73.3
2025-06-12 22:10:00,90.5
2025-06-12 15:29:00,54.9
2025-06-12 04:33:00,50.15747328871669
2025-06-12 11:59:00,81.6
2025-06-12 03:02:00,97.6
2025-06-12 12:34:00,65.8
2025-06-12 17:28:00,4.6
2025-06-12 12:15:00,73.8
2025-06-12 06:45:00,81.9
2025-06-12 03:11:00,50.15747328871669
2025-06-12 10:12:00,32.9
2025-06-12 04:54:00,18.2
2025-06-12 21:34:00,68.5
2025-06-12 18:42:00,23.5
2025-06-12 21:02:00,50.15747328871669
2025-06-12 10:39:00,74.5
2025-06-12 08:39:00,81.0
2025-06-12 09:41:00,26.3
2025-06-12 04:34:00,30.0
2025-06-12 10:32:00,59.3
2025-06-12 19:05:00,47.4
2025-06-12 19:44:00,55.5
2025-06-12 13:29:00,40.3
2025-06-12 20:25:00,3.1
2025-06-12 18:45:00,28.5
2025-06-12 07:24:00,50.15747328871669
2025-06-12 02:28:00,18.2
2025-06-12 02:06:00,79.2
2025-06-12 15:33:00,96.6
2025-06-12 08:41:00,58.0
2025-06-12 03:31:00,74.2
2025-06-12 18:05:00,14.9
2025-06-12 13:54:00,59.1
2025-06-12 04:57:00,25.4
2025-06-12 07:15:00,50.15747328871669
2025-06-12 20:58:00,52.0
2025-06-12 05:05:00,46.4
2025-06-12 09:45:00,22.9
2025-06-12 02:12:00,50.15747328871669
2025-06-12 14:03:00,21.7
2025-06-12 08:30:00,35.3
2025-06-12 03:19:00,51.6
2025-06-12 09:13:00,48.8
2025-06-12 12:02:00,99.7
2025-06-12 11:17:00,33.2
2025-06-12 13:53:00,50.15747328871669
2025-06-12 22:27:00,98.9
2025-06-12 10:43:00,26.4
2025-06-12 14:53:00,54.0
2025-06-12 06:51:00,60.2
2025-06-12 09:09:00,78.2
2025-06-12 12:47:00,1.5
2025-06-12 01:35:00,5.2
2025-06-12 07:30:00,50.15747328871669
2025-06-12 02:37:00,46.6
2025-06-12 15:28:00,50.15747328871669
2025-06-12 15:20:00,59.8
2025-06-12 10:05:00,50.2
2025-06-12 08:33:00,77.6
2025-06-12 11:08:00,15.8
2025-06-12 21:11:00,84.5
2025-06-12 03:52:00,65.9
2025-06-12 09:49:00,67.9
2025-06-12 17:45:00,48.8
2025-06-12 05:38:00,24.3
2025-06-12 05:14:00,23.4
2025-06-12 14:10:00,50.15747328871669
2025-06-12 19:38:00,10.2
2025-06-12 04:27:00,37.5
2025-06-12 17:03:00,20.2
2025-06-12 12:18:00,40.0
2025-06-12 23:52:00,79.3
2025-06-12 06:45:00,76.5
2025-06-12 16:13:00,75.6
2025-06-12 15:44:00,50.15747328871669
2025-06-12 20:22:00,20.3
2025-06-12 05:55:00,41.0
2025-06-12 21:28:00,50.15747328871669
2025-06-12 07:06:00,95.1
2025-06-12 11:11:00,93.4
2025-06-12 23:34:00,30.2
2025-06-12 03:07:00,58.8
2025-06-12 17:49:00,40.2
2025-06-12 05:27:00,44.3
2025-06-12 05:51:00,69.3
2025-06-12 06:51:00,57.9
2025-06-12 05:14:00,50.15747328871669
2025-06-12 18:18:00,45.3
2025-06-12 02:45:00,93.8
2025-06-12 14:46:00,37.2
2025-06-12 20:58:00,49.0
2025-06-12 03:13:00,41.7
2025-06-12 21:50:00,66.2
2025-06-12 22:32:00,40.9
2025-06-12 13:43:00,92.1
2025-06-12 21:05:00,49.0
2025-06-12 12:49:00,60.0
2025-06-12 06:33:00,85.5
2025-06-12 23:23:00,50.15747328871669
2025-06-12 00:21:00,93.3
2025-06-12 17:21:00,34.3
2025-06-12 16:23:00,50.15747328871669
2025-06-12 14:23:00,6.3
2025-06-12 14:45:00,11.8
2025-06-12 00:03:00,49.4
2025-06-12 23:40:00,14.8
2025-06-12 18:41:00,92.7
2025-06-12 14:27:00,42.9
2025-06-12 21:20:00,73.7
2025-06-12 03:56:00,2.0
2025-06-12 11:18:00,15.6
2025-06-12 06:43:00,50.15747328871669
2025-06-12 16:21:00,58.7
2025-06-12 08:52:00,86.6
2025-06-12 22:43:00,70.6
2025-06-12 01:49:00,67.2
2025-06-12 11:23:00,50.15747328871669
2025-06-12 12:37:00,75.1
2025-06-12 01:36:00,93.6
2025-06-12 09:23:00,50.15747328871669
2025-06-12 14:21:00,71.8
2025-06-12 05:07:00,19.3
2025-06-12 15:07:00,50.15747328871669
2025-06-12 01:00:00,78.4
2025-06-12 19:54:00,6.9
2025-06-12 03:07:00,80.8
2025-06-12 17:34:00,50.15747328871669
2025-06-12 13:34:00,92.6
2025-06-12 05:33:00,60.2
2025-06-12 11:55:00,19.7
2025-06-12 07:26:00,50.15747328871669
2025-06-12 23:59:00,50.15747328871669
2025-06-12 21:08:00,6.6
2025-06-12 16:54:00,87.7
2025-06-12 12:51:00,50.15747328871669
2025-06-12 12:09:00,70.7
2025-06-12 05:30:00,23.1
2025-06-12 16:02:00,83.1
2025-06-12 12:39:00,50.15747328871669
2025-06-12 04:52:00,1.6
2025-06-12 19:04:00,50.15747328871669
2025-06-12 09:22:00,50.15747328871669
2025-06-12 04:19:00,59.9
2025-06-12 00:45:00,13.1
2025-06-12 16:12:00,67.0
2025-06-12 04:14:00,47.5
2025-06-12 04:46:00,8.7
2025-06-12 04:13:00,26.5
2025-06-12 06:57:00,61.2
2025-06-12 21:43:00,17.0
2025-06-12 07:18:00,50.15747328871669
2025-06-12 10:34:00,93.5
2025-06-12 00:13:00,62.7
2025-06-12 04:33:00,80.1
2025-06-12 19:35:00,3.6
2025-06-12 21:18:00,87.8
2025-06-12 01:17:00,69.4
2025-06-12 15:51:00,7.9
2025-06-12 11:33:00,67.1
2025-06-12 22:46:00,72.4
2025-06-12 19:18:00,81.7
2025-06-12 00:14:00,37.8
2025-06-12 18:31:00,76.3
2025-06-12 15:13:00,6.9
2025-06-12 14:21:00,57.5
2025-06-12 02:12:00,73.8
2025-06-12 18:11:00,6.5
2025-06-12 18:04:00,62.6
2025-06-12 05:45:00,68.5
2025-06-12 03:42:00,30.3
2025-06-12 04:58:00,50.15747328871669
2025-06-12 16:22:00,66.4
2025-06-12 13:38:00,67.8
2025-06-12 12:27:00,45.4
2025-06-12 16:35:00,91.8
2025-06-12 18:33:00,8.0
2025-06-12 09:27:00,50.15747328871669
2025-06-12 07:36:00,63.8
2025-06-12 18:54:00,31.9
2025-06-12 22:29:00,35.8
2025-06-12 06:56:00,41.0
2025-06-12 11:05:00,86.0
2025-06-12 05:39:00,78.4
2025-06-12 10:15:00,94.5
2025-06-12 17:39:00,5.6
2025-06-12 02:56:00,40.4
2025-06-12 09:59:00,9.3
2025-06-12 07:49:00,50.15747328871669
2025-06-12 00:36:00,70.8
2025-06-12 06:26:00,17.3
2025-06-12 15:35:00,2.5
2025-06-12 12:48:00,81.8
2025-06-12 20:15:00,98.9
2025-06-12 21:09:00,63.6
2025-06-12 22:10:00,97.2
2025-06-12 08:18:00,52.1
2025-06-12 05:22:00,50.15747328871669
2025-06-12 01:05:00,82.1
2025-06-12 07:20:00,50.15747328871669
2025-06-12 13:47:00,50.3
2025-06-12 01:41:00,50.15747328871669
2025-06-12 22:52:00,39.0
2025-06-12 01:25:00,6.2
2025-06-12 14:10:00,73.9
2025-06-12 09:05:00,47.6
2025-06-12 13:30:00,79.3
2025-06-12 00:39:00,77.3
2025-06-12 21:11:00,81.8
2025-06-12 17:48:00,24.0
2025-06-12 02:17:00,24.8
2025-06-12 02:03:00,15.4
2025-06-12 20:33:00,82.9
2025-06-12 19:37:00,54.6
2025-06-12 00:17:00,56.0
2025-06-12 12:12:00,76.9
2025-06-12 04:09:00,79.6
2025-06-12 21:02:00,50.15747328871669
2025-06-12 04:09:00,7.1
2025-06-12 07:22:00,70.4
2025-06-12 14:59:00,63.0
2025-06-12 06:09:00,33.4
2025-06-12 01:34:00,0.9
2025-06-12 09:14:00,50.15747328871669
2025-06-12 18:34:00,60.5
2025-06-12 22:00:00,41.8
2025-06-12 14:54:00,26.7
2025-06-12 08:24:00,16.5
2025-06-12 12:49:00,92.3
2025-06-12 01:36:00,20.3
2025-06-12 09:08:00,37.6
2025-06-12 05:48:00,70.5
2025-06-12 10:06:00,89.2
2025-06-12 23:23:00,86.2
2025-06-12 21:08:00,50.15747328871669
2025-06-12 12:10:00,99.9
2025-06-12 21:44:00,33.4
2025-06-12 05:17:00,50.15747328871669
2025-06-12 22:44:00,11.9
2025-06-12 09:00:00,61.6
2025-06-12 17:24:00,64.9
2025-06-12 16:50:00,34.3
2025-06-12 07:07:00,75.1
2025-06-12 13:44:00,89.5
2025-06-12 15:37:00,79.2
2025-06-12 04:23:00,40.2
2025-06-12 01:31:00,68.5
2025-06-12 23:28:00,13.7
2025-06-12 05:10:00,50.15747328871669
2025-06-12 21:50:00,50.15747328871669
2025-06-12 16:28:00,40.5
2025-06-12 22:06:00,50.15747328871669
2025-06-12 11:18:00,50.15747328871669
2025-06-12 13:51:00,99.2
2025-06-12 18:06:00,11.1
2025-06-12 03:36:00,50.15747328871669
2025-06-12 10:24:00,68.2
2025-06-12 10:37:00,69.9
2025-06-12 17:50:00,48.4
2025-06-12 13:33:00,50.15747328871669
2025-06-12 14:17:00,20.4
2025-06-12 18:05:00,24.7
2025-06-12 22:23:00,27.0
2025-06-12 04:00:00,95.1
2025-06-12 15:22:00,61.8
2025-06-12 04:31:00,2.5
2025-06-12 23:36:00,50.07997412982127
2025-06-12 10:21:00,75.8
2025-06-12 14:22:00,81.7
2025-06-12 03:13:00,18.8
2025-06-12 00:40:00,63.2
2025-06-12 18:41:00,16.8
2025-06-12 00:12:00,26.5
2025-06-12 01:19:00,49.5
2025-06-12 07:38:00,50.07997412982127
2025-06-12 03:38:00,94.4
2025-06-12 21:36:00,50.07997412982127
2025-06-12 14:05:00,36.1
2025-06-12 06:37:00,50.07997412982127
2025-06-12 18:35:00,50.07997412982127
2025-06-12 18:18:00,3.9
2025-06-12 20:31:00,68.4
2025-06-12 18:19:00,36.8
2025-06-12 23:53:00,61.6
2025-06-12 09:28:00,6.4
2025-06-12 14:00:00,94.0
2025-06-12 00:44:00,37.4
2025-06-12 05:52:00,50.07997412982127
2025-06-12 10:41:00,17.8
2025-06-12 00:18:00,77.8
2025-06-12 12:41:00,5.6
2025-06-12 01:13:00,74.4
2025-06-12 19:58:00,57.5
2025-06-12 23:51:00,90.2
2025-06-12 05:37:00,36.3
2025-06-12 17:16:00,50.07997412982127
2025-06-12 04:40:00,15.2
2025-06-12 15:33:00,54.6
2025-06-12 08:33:00,50.07997412982127
2025-06-12 22:55:00,57.8
2025-06-12 09:58:00,99.4
2025-06-12 16:34:00,50.07997412982127
2025-06-12 09:14:00,17.4
2025-06-12 02:47:00,50.07997412982127
2025-06-12 12:20:00,50.07997412982127
2025-06-12 09:56:00,50.07997412982127
2025-06-12 06:30:00,32.2
2025-06-12 07:01:00,86.7
2025-06-12 03:27:00,71.4
2025-06-12 10:56:00,31.2
2025-06-12 23:02:00,50.07997412982127
2025-06-12 01:59:00,68.0
2025-06-12 19:13:00,50.07997412982127
2025-06-12 14:29:00,30.5
2025-06-12 18:45:00,16.4
2025-06-12 12:03:00,82.0
2025-06-12 10:07:00,59.5
2025-06-12 11:58:00,56.7
2025-06-12 01:15:00,21.0
2025-06-12 16:43:00,15.4
2025-06-12 11:03:00,50.07997412982127
2025-06-12 18:41:00,81.0
2025-06-12 20:21:00,21.0
2025-06-12 06:47:00,80.4
2025-06-12 20:37:00,29.8
2025-06-12 23:11:00,60.8
2025-06-12 06:50:00,94.4
2025-06-12 21:12:00,57.5
2025-06-12 02:14:00,75.3
2025-06-12 08:40:00,97.4
2025-06-12 20:08:00,66.6
2025-06-12 22:04:00,58.1
2025-06-12 09:47:00,93.1
2025-06-12 20:55:00,50.07997412982127
2025-06-12 01:22:00,10.3
2025-06-12 16:53:00,45.8
2025-06-12 19:35:00,2.6
2025-06-12 23:12:00,50.07997412982127
2025-06-12 18:42:00,87.3
2025-06-12 10:20:00,50.07997412982127
2025-06-12 01:32:00,58.2
2025-06-12 14:22:00,40.6
2025-06-12 22:34:00,44.5
2025-06-12 18:15:00,29.7
2025-06-12 02:54:00,26.1
2025-06-12 04:30:00,66.7
2025-06-12 09:59:00,50.07997412982127
2025-06-12 00:47:00,33.8
2025-06-12 04:18:00,50.07997412982127
2025-06-12 01:18:00,46.0
2025-06-12 21:21:00,50.07997412982127
2025-06-12 10:02:00,82.5
2025-06-12 18:17:00,50.07997412982127
2025-06-12 21:17:00,50.07997412982127
2025-06-12 18:16:00,12.6
2025-06-12 09:06:00,50.07997412982127
2025-06-12 13:55:00,56.3
2025-06-12 20:52:00,50.07997412982127
2025-06-12 20:26:00,16.3
2025-06-12 18:28:00,92.1
2025-06-12 18:22:00,90.5
2025-06-12 15:44:00,21.9
2025-06-12 07:10:00,30.1
2025-06-12 17:05:00,70.2
2025-06-12 14:44:00,1.1
2025-06-12 02:47:00,4.3
2025-06-12 04:27:00,62.3
2025-06-12 17:48:00,8.6
2025-06-12 09:35:00,54.5
2025-06-12 11:59:00,27.4
2025-06-12 05:05:00,81.0
2025-06-12 19:02:00,50.07997412982127
2025-06-12 16:14:00,34.9
2025-06-12 02:16:00,50.07997412982127
2025-06-12 02:22:00,50.07997412982127
2025-06-12 11:00:00,82.8
2025-06-12 21:13:00,58.3
2025-06-12 05:37:00,91.6
2025-06-12 18:45:00,53.2
2025-06-12 15:19:00,65.8
2025-06-12 15:05:00,41.1
2025-06-12 09:59:00,60.0
2025-06-12 09:04:00,50.07997412982127
2025-06-12 19:54:00,30.1
2025-06-12 05:26:00,5.1
2025-06-12 21:55:00,64.6
2025-06-12 08:08:00,5.3
2025-06-12 18:47:00,2.1
2025-06-12 00:22:00,4.5
2025-06-12 08:38:00,57.5
2025-06-12 03:38:00,34.5
2025-06-12 00:44:00,12.6
2025-06-12 23:06:00,97.8
2025-06-12 18:22:00,50.3
2025-06-12 02:44:00,67.3
2025-06-12 01:20:00,50.07997412982127
2025-06-12 15:43:00,40.8
2025-06-12 23:04:00,4.4
2025-06-12 10:37:00,50.07997412982127
2025-06-12 06:06:00,94.1
2025-06-12 21:58:00,96.9
2025-06-12 06:01:00,33.8
2025-06-12 15:24:00,99.6
2025-06-12 20:55:00,68.5
2025-06-12 00:08:00,74.6
2025-06-12 07:49:00,78.0
2025-06-12 21:14:00,50.07997412982127
2025-06-12 11:18:00,28.9
2025-06-12 08:23:00,55.2
2025-06-12 02:16:00,33.2
2025-06-12 11:57:00,81.5
2025-06-12 09:13:00,39.5
2025-06-12 15:38:00,45.5
2025-06-12 15:51:00,50.07997412982127
2025-06-12 12:57:00,50.07997412982127
2025-06-12 04:32:00,13.8
2025-06-12 12:37:00,42.7
2025-06-12 23:43:00,85.9
2025-06-12 13:52:00,80.0
2025-06-12 07:14:00,13.8
2025-06-12 01:55:00,62.9
2025-06-12 14:00:00,83.3
2025-06-12 21:46:00,80.3
2025-06-12 23:54:00,95.8
2025-06-12 09:42:00,30.7
2025-06-12 09:38:00,89.8
2025-06-12 07:01:00,52.7
2025-06-12 09:37:00,85.5
2025-06-12 23:21:00,50.07997412982127
2025-06-12 14:19:00,8.3
2025-06-12 01:53:00,76.9
2025-06-12 20:20:00,85.5
2025-06-12 21:13:00,37.1
2025-06-12 06:25:00,93.4
2025-06-12 21:18:00,17.4
2025-06-12 03:08:00,50.07997412982127
2025-06-12 03:48:00,46.5
2025-06-12 13:12:00,2.5
2025-06-12 15:03:00,11.4
2025-06-12 06:24:00,43.3
2025-06-12 15:30:00,80.2
2025-06-12 16:06:00,38.5
2025-06-12 18:36:00,50.07997412982127
2025-06-12 07:14:00,5.7
2025-06-12 11:58:00,52.6
2025-06-12 10:29:00,61.7
2025-06-12 12:36:00,11.0
2025-06-12 15:38:00,93.5
2025-06-12 03:53:00,61.4
2025-06-12 20:41:00,51.0
2025-06-12 11:41:00,41.8
2025-06-12 00:19:00,24.1
2025-06-12 01:48:00,38.3
2025-06-12 20:25:00,42.8
2025-06-12 02:29:00,22.6
2025-06-12 07:57:00,50.07997412982127
2025-06-12 19:26:00,94.4
2025-06-12 00:23:00,77.2
2025-06-12 10:24:00,13.6
2025-06-12 10:37:00,72.9
2025-06-12 10:43:00,32.9
2025-06-12 19:13:00,5.4
2025-06-12 18:39:00,88.0
2025-06-12 03:12:00,29.8
2025-06-12 16:51:00,90.9
2025-06-12 03:18:00,50.07997412982127
2025-06-12 22:29:00,67.0
2025-06-12 00:15:00,17.5
2025-06-12 03:05:00,22.2
2025-06-12 14:43:00,97.6
2025-06-12 15:56:00,55.4
2025-06-12 22:07:00,81.3
2025-06-12 08:21:00,54.1
2025-06-12 23:47:00,61.6
2025-06-12 18:22:00,89.1
2025-06-12 16:03:00,93.5
2025-06-12 21:44:00,1.5
2025-06-12 08:36:00,50.07997412982127
2025-06-12 17:28:00,65.2
2025-06-12 09:25:00,50.07997412982127
2025-06-12 10:08:00,57.6
2025-06-12 08:38:00,73.9
2025-06-12 03:45:00,50.07997412982127
2025-06-12 09:01:00,50.07997412982127
2025-06-12 15:16:00,27.3
2025-06-12 01:19:00,50.07997412982127
2025-06-12 23:18:00,50.07997412982127
2025-06-12 22:15:00,51.9
2025-06-12 04:50:00,17.6
2025-06-12 18:38:00,92.6
2025-06-12 15:08:00,97.2
2025-06-12 04:00:00,26.6
2025-06-12 08:30:00,43.1
2025-06-12 07:13:00,94.0
2025-06-12 08:05:00,45.8
2025-06-12 19:58:00,14.5
2025-06-12 18:34:00,27.5
2025-06-12 09:13:00,56.9
2025-06-12 15:07:00,29.8
2025-06-12 20:37:00,12.4
2025-06-12 16:08:00,15.0
2025-06-12 21:30:00,30.2
2025-06-12 03:51:00,64.7
2025-06-12 10:09:00,47.2
2025-06-12 15:16:00,50.07997412982127
2025-06-12 17:14:00,30.6
2025-06-12 03:21:00,32.8
2025-06-12 08:54:00,66.3
2025-06-12 03:21:00,17.7
2025-06-12 23:09:00,11.6
2025-06-12 03:47:00,88.0
2025-06-12 10:33:00,37.4
2025-06-12 06:07:00,13.7
2025-06-12 18:16:00,91.6
2025-06-12 12:08:00,20.6
2025-06-12 12:32:00,25.6
2025-06-12 23:05:00,64.7
2025-06-12 04:13:00,6.1
2025-06-12 06:48:00,18.0
2025-06-12 12:38:00,97.4
2025-06-12 02:10:00,50.07997412982127
2025-06-12 23:48:00,75.6
2025-06-12 01:37:00,2.4
2025-06-12 20:39:00,65.4
2025-06-12 17:51:00,11.4
2025-06-12 02:10:00,33.3
2025-06-12 15:54:00,80.6
2025-06-12 07:11:00,25.0
2025-06-12 14:18:00,50.07997412982127
2025-06-12 09:47:00,27.0
2025-06-12 16:08:00,16.3
2025-06-12 19:59:00,94.7
2025-06-12 20:04:00,4.5
2025-06-12 00:59:00,44.4
2025-06-12 14:44:00,50.07997412982127
2025-06-12 12:28:00,26.0
2025-06-12 15:40:00,87.5
2025-06-12 21:49:00,88.7
2025-06-12 08:42:00,13.3
2025-06-12 01:38:00,97.7
2025-06-12 18:42:00,78.0
2025-06-12 12:27:00,18.3
2025-06-12 21:44:00,79.4
2025-06-12 22:42:00,68.5
2025-06-12 10:38:00,75.7
2025-06-12 00:13:00,70.7
2025-06-12 03:24:00,20.1
2025-06-12 06:12:00,70.2
2025-06-12 00:08:00,13.4
2025-06-12 12:34:00,99.5
2025-06-12 16:08:00,50.07997412982127
2025-06-12 00:49:00,6.9
2025-06-12 22:59:00,42.3
2025-06-12 03:17:00,87.9
2025-06-12 22:11:00,22.3
2025-06-12 07:56:00,50.07997412982127
2025-06-12 06:41:00,50.07997412982127
2025-06-12 21:49:00,47.6
2025-06-12 13:55:00,34.0
2025-06-12 05:11:00,65.2
2025-06-12 06:49:00,54.5
2025-06-12 08:55:00,50.07997412982127
2025-06-12 09:03:00,11.1
2025-06-12 05:55:00,84.4
2025-06-12 23:26:00,59.8
2025-06-12 13:33:00,26.5
2025-06-12 18:24:00,35.3
2025-06-12 14:46:00,20.7
2025-06-12 01:45:00,40.6
2025-06-12 10:12:00,66.0
2025-06-12 17:16:00,50.07997412982127
2025-06-12 15:00:00,59.1
2025-06-12 22:38:00,50.07997412982127
2025-06-12 17:54:00,50.07997412982127
2025-06-12 07:22:00,50.07997412982127
2025-06-12 00:23:00,10.8
2025-06-12 07:20:00,50.07997412982127
2025-06-12 05:54:00,14.1
2025-06-12 05:55:00,50.07997412982127
2025-06-12 10:59:00,88.2
2025-06-12 00:28:00,91.5
2025-06-12 07:54:00,73.0
2025-06-12 12:05:00,55.9
2025-06-12 00:23:00,51.1
2025-06-12 12:36:00,57.8
2025-06-12 02:48:00,99.4
2025-06-12 23:18:00,64.7
2025-06-12 21:55:00,95.4
2025-06-12 16:45:00,2.7
2025-06-12 14:18:00,55.4
2025-06-12 21:18:00,54.4
2025-06-12 11:46:00,56.8
2025-06-12 15:14:00,48.8
2025-06-12 13:39:00,50.07997412982127
2025-06-12 18:05:00,31.6
2025-06-12 19:32:00,2.2
2025-06-12 18:56:00,16.9
2025-06-12 18:42:00,45.3
2025-06-12 23:46:00,43.3
2025-06-12 13:17:00,54.2
2025-06-12 13:31:00,58.9
2025-06-12 03:08:00,17.9
2025-06-12 14:42:00,83.2
2025-06-12 13:16:00,76.2
2025-06-12 22:29:00,42.9
2025-06-12 08:08:00,27.8
2025-06-12 03:41:00,90.2
2025-06-12 19:19:00,24.4
2025-06-12 19:29:00,48.4
2025-06-12 09:25:00,49.822039706925075
2025-06-12 02:16:00,16.3
2025-06-12 21:46:00,3.6
2025-06-12 13:16:00,72.6
2025-06-12 10:06:00,8.6
2025-06-12 14:34:00,9.8
2025-06-12 23:49:00,49.822039706925075
2025-06-12 10:59:00,54.5
2025-06-12 08:48:00,7.6
2025-06-12 04:33:00,49.822039706925075
2025-06-12 13:37:00,43.2
2025-06-12 04:35:00,81.6
2025-06-12 11:28:00,26.1
2025-06-12 14:31:00,7.9
2025-06-12 04:08:00,84.8
2025-06-12 23:14:00,87.7
2025-06-12 03:37:00,19.6
2025-06-12 16:25:00,5.6
2025-06-12 01:47:00,67.0
2025-06-12 11:53:00,28.9
2025-06-12 11:46:00,98.8
2025-06-12 17:31:00,49.822039706925075
2025-06-12 05:26:00,33.0
2025-06-12 19:32:00,44.3
2025-06-12 20:26:00,79.4
2025-06-12 00:40:00,13.3
2025-06-12 11:48:00,45.1
2025-06-12 11:33:00,11.8
2025-06-12 08:31:00,32.9
2025-06-12 01:55:00,13.0
2025-06-12 19:50:00,91.4
2025-06-12 14:00:00,26.9
2025-06-12 09:53:00,46.0
2025-06-12 18:56:00,18.5
2025-06-12 22:57:00,46.7
2025-06-12 13:22:00,7.3
2025-06-12 07:55:00,45.9
2025-06-12 09:54:00,49.822039706925075
2025-06-12 02:20:00,43.1
2025-06-12 06:25:00,67.6
2025-06-12 12:40:00,49.822039706925075
2025-06-12 11:02:00,74.7
2025-06-12 21:43:00,94.5
2025-06-12 23:24:00,78.9
2025-06-12 17:57:00,92.8
2025-06-12 09:27:00,49.822039706925075
2025-06-12 21:46:00,19.9
2025-06-12 06:23:00,81.1
2025-06-12 05:28:00,89.8
2025-06-12 07:40:00,16.9
2025-06-12 18:13:00,74.9
2025-06-12 09:35:00,49.822039706925075
2025-06-12 23:08:00,81.1
2025-06-12 16:23:00,84.0
2025-06-12 13:26:00,17.6
2025-06-12 15:12:00,65.5
2025-06-12 03:29:00,70.3
2025-06-12 14:26:00,49.822039706925075
2025-06-12 18:15:00,85.3
2025-06-12 09:04:00,49.822039706925075
2025-06-12 12:34:00,88.2
2025-06-12 22:43:00,19.1
2025-06-12 06:43:00,95.3
2025-06-12 06:30:00,94.8
2025-06-12 07:12:00,49.822039706925075
2025-06-12 04:36:00,72.1
2025-06-12 07:44:00,63.0
2025-06-12 19:17:00,27.3
2025-06-12 16:09:00,77.1
2025-06-12 09:37:00,51.6
2025-06-12 01:22:00,31.1
2025-06-12 11:46:00,49.822039706925075
2025-06-12 03:47:00,6.6
2025-06-12 11:41:00,69.1
2025-06-12 09:32:00,64.2
2025-06-12 12:03:00,78.1
2025-06-12 02:31:00,50.8
2025-06-12 03:52:00,31.6
2025-06-12 02:01:00,88.2
2025-06-12 21:48:00,70.0
2025-06-12 21:17:00,44.9
2025-06-12 23:31:00,22.8
2025-06-12 00:01:00,24.0
2025-06-12 20:35:00,49.822039706925075
2025-06-12 10:34:00,52.9
2025-06-12 20:22:00,19.0
2025-06-12 18:48:00,52.1
2025-06-12 07:46:00,82.1
2025-06-12 19:37:00,90.4
2025-06-12 15:48:00,23.8
2025-06-12 03:15:00,49.6
2025-06-12 10:49:00,49.822039706925075
2025-06-12 23:13:00,9.7
2025-06-12 22:47:00,76.9
2025-06-12 01:34:00,5.5
2025-06-12 19:57:00,21.9
2025-06-12 00:27:00,9.4
2025-06-12 21:04:00,58.3
2025-06-12 00:29:00,49.822039706925075
2025-06-12 20:16:00,60.0
2025-06-12 09:23:00,27.3
2025-06-12 09:53:00,29.2
2025-06-12 12:57:00,40.4
2025-06-12 09:52:00,45.0
2025-06-12 18:11:00,19.1
2025-06-12 07:23:00,4.2
2025-06-12 06:20:00,90.5
2025-06-12 03:49:00,92.8
2025-06-12 15:37:00,62.6
2025-06-12 14:56:00,72.8
2025-06-12 01:12:00,49.822039706925075
2025-06-12 04:32:00,79.5
2025-06-12 01:55:00,26.4
2025-06-12 17:44:00,48.9
2025-06-12 19:04:00,6.9
2025-06-12 12:15:00,90.8
2025-06-12 05:29:00,86.7
2025-06-12 21:35:00,49.822039706925075
2025-06-12 01:38:00,48.5
2025-06-12 06:14:00,21.1
2025-06-12 18:50:00,60.8
2025-06-12 04:46:00,52.9
2025-06-12 03:36:00,34.3
2025-06-12 06:05:00,73.7
2025-06-12 21:52:00,2.4
2025-06-12 17:37:00,49.822039706925075
2025-06-12 13:19:00,37.3
2025-06-12 06:24:00,59.7
2025-06-12 00:20:00,12.1
2025-06-12 13:49:00,49.822039706925075
2025-06-12 12:11:00,92.0
2025-06-12 14:54:00,49.822039706925075
2025-06-12 05:53:00,5.5
2025-06-12 21:57:00,49.822039706925075
2025-06-12 22:39:00,89.0
2025-06-12 13:16:00,69.2
2025-06-12 09:07:00,42.9
2025-06-12 09:43:00,80.5
2025-06-12 09:54:00,4.5
2025-06-12 23:38:00,59.5
2025-06-12 07:04:00,49.822039706925075
2025-06-12 16:45:00,87.2
2025-06-12 19:43:00,67.9
2025-06-12 10:27:00,6.2
2025-06-12 11:05:00,24.7
2025-06-12 15:05:00,49.822039706925075
2025-06-12 01:50:00,49.4
2025-06-12 12:13:00,68.1
2025-06-12 09:03:00,43.1
2025-06-12 00:04:00,6.0
2025-06-12 11:42:00,17.4
2025-06-12 00:57:00,85.3
2025-06-12 02:20:00,15.5
2025-06-12 12:40:00,51.5
2025-06-12 09:26:00,55.8
2025-06-12 12:55:00,16.3
2025-06-12 22:40:00,81.7
2025-06-12 04:48:00,56.0
2025-06-12 14:43:00,49.822039706925075
2025-06-12 15:28:00,4.1
2025-06-12 17:07:00,90.7
2025-06-12 11:49:00,16.3
2025-06-12 05:29:00,6.4
2025-06-12 19:00:00,50.9
2025-06-12 17:18:00,88.5
2025-06-12 02:36:00,28.1
2025-06-12 09:39:00,57.1
2025-06-12 01:40:00,18.5
2025-06-12 16:19:00,1.7
2025-06-12 12:02:00,60.8
2025-06-12 01:13:00,94.4
2025-06-12 10:40:00,75.4
2025-06-12 04:24:00,26.5
2025-06-12 14:43:00,70.4
2025-06-12 04:37:00,49.822039706925075
2025-06-12 18:25:00,28.7
2025-06-12 20:46:00,54.7
2025-06-12 14:27:00,26.8
2025-06-12 13:11:00,51.6
2025-06-12 11:36:00,79.0
2025-06-12 07:18:00,71.6
2025-06-12 09:24:00,45.4
2025-06-12 14:35:00,30.7
2025-06-12 17:31:00,25.4
2025-06-12 04:15:00,49.4
2025-06-12 21:56:00,1.3
2025-06-12 12:10:00,95.3
2025-06-12 02:58:00,26.0
2025-06-12 22:16:00,53.7
2025-06-12 21:45:00,49.822039706925075
2025-06-12 07:49:00,35.6
2025-06-12 07:56:00,49.822039706925075
2025-06-12 12:23:00,79.3
2025-06-12 23:03:00,11.0
2025-06-12 09:11:00,44.0
2025-06-12 14:02:00,84.0
2025-06-12 16:23:00,24.1
2025-06-12 09:47:00,14.6
2025-06-12 01:41:00,49.822039706925075
2025-06-12 00:25:00,71.9
2025-06-12 04:13:00,49.822039706925075
2025-06-12 01:11:00,91.2
2025-06-12 10:51:00,63.5
2025-06-12 07:39:00,69.8
2025-06-12 08:13:00,70.4
2025-06-12 18:27:00,55.4
2025-06-12 22:58:00,98.7
2025-06-12 13:14:00,80.2
2025-06-12 23:02:00,49.822039706925075
2025-06-12 23:34:00,60.9
2025-06-12 23:54:00,89.8
2025-06-12 07:16:00,18.8
2025-06-12 05:00:00,49.822039706925075
2025-06-12 22:08:00,98.1
2025-06-12 23:54:00,55.0
2025-06-12 15:21:00,97.3
2025-06-12 18:27:00,92.1
2025-06-12 19:13:00,65.3
2025-06-12 14:02:00,69.3
2025-06-12 22:47:00,49.822039706925075
2025-06-12 04:34:00,53.1
2025-06-12 20:12:00,74.3
2025-06-12 13:11:00,87.1
2025-06-12 20:10:00,76.4
2025-06-12 17:59:00,71.0
2025-06-12 05:26:00,96.8
2025-06-12 08:30:00,49.822039706925075
2025-06-12 01:11:00,1.2
2025-06-12 22:47:00,69.3
2025-06-12 16:20:00,49.822039706925075
2025-06-12 21:58:00,49.822039706925075
2025-06-12 22:16:00,85.2
2025-06-12 06:13:00,11.9
2025-06-12 17:52:00,31.5
2025-06-12 09:29:00,21.9
2025-06-12 15:11:00,36.0
2025-06-12 04:13:00,13.9
2025-06-12 17:10:00,67.7
2025-06-12 11:23:00,72.3
2025-06-12 02:24:00,90.4
2025-06-12 14:43:00,8.7
2025-06-12 19:07:00,14.6
2025-06-12 11:23:00,86.4
2025-06-12 07:17:00,33.7
2025-06-12 06:30:00,91.6
2025-06-12 14:07:00,49.822039706925075
2025-06-12 13:47:00,36.3
2025-06-12 12:02:00,28.3
2025-06-12 03:44:00,96.8
2025-06-12 01:20:00,56.2
2025-06-12 16:37:00,82.9
2025-06-12 01:18:00,58.2
2025-06-12 17:14:00,63.3
2025-06-12 10:06:00,41.7
2025-06-12 04:01:00,34.9
2025-06-12 10:05:00,25.0
2025-06-12 11:44:00,88.1
2025-06-12 06:59:00,72.0
2025-06-12 23:51:00,31.2
2025-06-12 18:46:00,67.8
2025-06-12 10:06:00,66.7
2025-06-12 16:36:00,53.9
2025-06-12 13:33:00,62.8
2025-06-12 04:12:00,49.822039706925075
2025-06-12 23:02:00,70.9
2025-06-12 12:17:00,48.4
2025-06-12 22:59:00,67.2
2025-06-12 06:06:00,33.9
2025-06-12 14:22:00,49.822039706925075
2025-06-12 11:03:00,42.7
2025-06-12 01:30:00,32.2
2025-06-12 14:20:00,38.8
2025-06-12 16:35:00,71.7
2025-06-12 15:07:00,25.7
2025-06-12 21:00:00,87.3
2025-06-12 01:57:00,49.822039706925075
2025-06-12 21:03:00,52.1
2025-06-12 05:50:00,73.5
2025-06-12 21:17:00,49.822039706925075
2025-06-12 04:43:00,78.8
2025-06-12 16:51:00,63.0
2025-06-12 22:55:00,49.822039706925075
2025-06-12 22:03:00,49.4
2025-06-12 15:43:00,49.822039706925075
2025-06-12 06:05:00,49.822039706925075
2025-06-12 21:30:00,13.5
2025-06-12 04:39:00,41.2
2025-06-12 08:49:00,91.5
2025-06-12 20:12:00,8.8
2025-06-12 04:24:00,26.9
2025-06-12 00:25:00,86.0
2025-06-12 23:00:00,22.0
2025-06-12 21:11:00,23.8
2025-06-12 18:47:00,68.3
2025-06-12 16:34:00,81.9
2025-06-12 08:48:00,36.0
2025-06-12 02:17:00,49.822039706925075
2025-06-12 01:33:00,77.4
2025-06-12 14:28:00,84.7
2025-06-12 05:31:00,74.1
2025-06-12 18:35:00,61.2
2025-06-12 21:24:00,97.6
2025-06-12 00:45:00,27.9
2025-06-12 20:01:00,91.3
2025-06-12 06:10:00,6.3
2025-06-12 10:53:00,9.4
2025-06-12 12:30:00,30.9
2025-06-12 04:44:00,61.5
2025-06-12 11:30:00,20.3
2025-06-12 22:07:00,73.8
2025-06-12 12:34:00,50.313785814936594
2025-06-12 02:56:00,95.5
2025-06-12 10:49:00,0.3
2025-06-12 21:31:00,77.5
2025-06-12 14:32:00,50.313785814936594
2025-06-12 12:36:00,50.313785814936594
2025-06-12 06:43:00,6.1
2025-06-12 15:17:00,50.313785814936594
2025-06-12 08:56:00,65.3
2025-06-12 11:00:00,11.0
2025-06-12 13:22:00,50.313785814936594
2025-06-12 07:16:00,23.4
2025-06-12 04:53:00,46.9
2025-06-12 13:56:00,37.6
2025-06-12 06:19:00,54.0
2025-06-12 10:35:00,50.4
2025-06-12 08:22:00,94.2
2025-06-12 02:05:00,23.1
2025-06-12 23:32:00,43.2
2025-06-12 18:05:00,33.5
2025-06-12 09:52:00,50.313785814936594
2025-06-12 13:18:00,22.7
2025-06-12 23:37:00,24.7
2025-06-12 04:46:00,3.4
2025-06-12 03:22:00,54.0
2025-06-12 19:39:00,50.313785814936594
2025-06-12 18:31:00,63.2
2025-06-12 02:32:00,32.9
2025-06-12 23:02:00,86.1
2025-06-12 08:01:00,64.8
2025-06-12 02:53:00,50.313785814936594
2025-06-12 23:45:00,67.6
2025-06-12 13:23:00,47.2
2025-06-12 09:18:00,94.6
2025-06-12 18:50:00,24.5
2025-06-12 03:58:00,3.5
2025-06-12 02:45:00,51.3
2025-06-12 15:43:00,72.6
2025-06-12 06:28:00,18.5
2025-06-12 01:05:00,64.4
2025-06-12 02:48:00,98.7
2025-06-12 07:16:00,14.3
2025-06-12 08:32:00,58.2
2025-06-12 01:46:00,50.313785814936594
2025-06-12 06:58:00,68.1
2025-06-12 09:09:00,40.3
2025-06-12 13:01:00,90.3
2025-06-12 11:51:00,50.313785814936594
2025-06-12 10:24:00,86.8
2025-06-12 13:59:00,63.7
2025-06-12 03:02:00,69.7
2025-06-12 02:42:00,3.1
2025-06-12 03:31:00,53.1
2025-06-12 09:48:00,47.2
2025-06-12 07:11:00,88.9
2025-06-12 07:56:00,50.313785814936594
2025-06-12 08:25:00,13.4
2025-06-12 01:50:00,40.4
2025-06-12 08:33:00,90.3
2025-06-12 10:53:00,39.2
2025-06-12 11:44:00,28.3
2025-06-12 17:09:00,63.0
2025-06-12 13:22:00,4.9
2025-06-12 17:33:00,28.5
2025-06-12 14:10:00,23.7
2025-06-12 13:58:00,21.9
2025-06-12 08:05:00,40.1
2025-06-12 11:39:00,85.2
2025-06-12 06:42:00,84.3
2025-06-12 18:54:00,69.4
2025-06-12 22:23:00,50.313785814936594
2025-06-12 11:43:00,37.7
2025-06-12 21:30:00,52.5
2025-06-12 03:33:00,8.7
2025-06-12 00:37:00,50.313785814936594
2025-06-12 23:58:00,43.4
2025-06-12 22:43:00,42.1
2025-06-12 04:02:00,48.7
2025-06-12 12:04:00,14.2
2025-06-12 16:25:00,2.5
2025-06-12 16:34:00,47.3
2025-06-12 02:08:00,0.8
2025-06-12 02:00:00,50.313785814936594
2025-06-12 19:30:00,20.4
2025-06-12 05:59:00,81.5
2025-06-12 20:20:00,75.1
2025-06-12 05:01:00,88.7
2025-06-12 16:02:00,30.0
2025-06-12 22:52:00,49.7
2025-06-12 00:29:00,37.0
2025-06-12 23:33:00,65.1
2025-06-12 18:42:00,18.4
2025-06-12 22:59:00,66.4
2025-06-12 21:44:00,58.8
2025-06-12 08:27:00,60.3
2025-06-12 04:30:00,71.6
2025-06-12 11:20:00,12.8
2025-06-12 22:49:00,57.8
2025-06-12 00:39:00,67.5
2025-06-12 19:36:00,31.0
2025-06-12 20:21:00,46.4
2025-06-12 07:58:00,69.3
2025-06-12 06:06:00,69.1
2025-06-12 04:50:00,29.4
2025-06-12 22:32:00,30.6
2025-06-12 05:51:00,91.9
2025-06-12 16:59:00,80.0
2025-06-12 01:15:00,40.8
2025-06-12 18:08:00,56.3
2025-06-12 12:40:00,11.7
2025-06-12 17:58:00,58.0
2025-06-12 08:57:00,59.2
2025-06-12 08:12:00,34.5
2025-06-12 03:18:00,18.4
2025-06-12 18:36:00,88.1
2025-06-12 16:25:00,99.3
2025-06-12 12:17:00,82.9
2025-06-12 16:48:00,50.313785814936594
2025-06-12 05:21:00,50.313785814936594
2025-06-12 00:46:00,50.313785814936594
2025-06-12 01:11:00,50.313785814936594
2025-06-12 08:52:00,10.3
2025-06-12 08:05:00,53.5
2025-06-12 17:11:00,15.4
2025-06-12 04:49:00,50.313785814936594
2025-06-12 08:01:00,50.313785814936594
2025-06-12 09:54:00,88.0
2025-06-12 17:35:00,94.9
2025-06-12 14:27:00,50.313785814936594
2025-06-12 18:20:00,88.9
2025-06-12 18:41:00,42.5
2025-06-12 18:14:00,94.6
2025-06-12 11:05:00,32.9
2025-06-12 03:18:00,67.8
2025-06-12 03:25:00,4.5
2025-06-12 09:10:00,50.313785814936594
2025-06-12 21:08:00,5.4
2025-06-12 07:15:00,23.5
2025-06-12 12:09:00,42.7
2025-06-12 00:26:00,54.5
2025-06-12 22:45:00,13.7
2025-06-12 22:46:00,9.5
2025-06-12 21:56:00,16.1
2025-06-12 19:22:00,81.2
2025-06-12 05:35:00,56.2
2025-06-12 07:38:00,84.8
2025-06-12 23:48:00,55.0
2025-06-12 04:18:00,22.4
2025-06-12 08:38:00,50.313785814936594
2025-06-12 08:43:00,59.3
2025-06-12 12:02:00,60.4
2025-06-12 09:10:00,89.1
2025-06-12 19:34:00,96.9
2025-06-12 01:49:00,55.4
2025-06-12 03:32:00,11.4
2025-06-12 21:34:00,89.3
2025-06-12 14:51:00,50.313785814936594
2025-06-12 11:20:00,84.9
2025-06-12 10:38:00,63.1
2025-06-12 07:21:00,60.9
2025-06-12 17:56:00,57.5
2025-06-12 10:14:00,32.7
2025-06-12 12:19:00,50.313785814936594
2025-06-12 12:34:00,50.313785814936594
2025-06-12 02:14:00,8.6
2025-06-12 01:38:00,30.7
2025-06-12 22:04:00,11.5
2025-06-12 12:58:00,64.7
2025-06-12 20:25:00,63.3
2025-06-12 04:04:00,50.313785814936594
2025-06-12 19:12:00,50.313785814936594
2025-06-12 03:33:00,43.2
2025-06-12 08:45:00,21.2
2025-06-12 05:11:00,87.8
2025-06-12 09:23:00,85.9
2025-06-12 11:37:00,49.9
2025-06-12 15:23:00,19.9
2025-06-12 10:48:00,90.0
2025-06-12 11:32:00,0.5
2025-06-12 19:19:00,8.2
2025-06-12 06:58:00,64.5
2025-06-12 06:08:00,39.4
2025-06-12 04:25:00,25.6
2025-06-12 06:22:00,19.9
2025-06-12 17:00:00,17.0
2025-06-12 12:03:00,48.7
2025-06-12 08:02:00,76.3
2025-06-12 12:02:00,79.6
2025-06-12 20:12:00,50.313785814936594
2025-06-12 01:20:00,99.3
2025-06-12 15:09:00,99.8
2025-06-12 09:07:00,0.2
2025-06-12 19:39:00,2.5
2025-06-12 20:35:00,81.9
2025-06-12 13:08:00,50.313785814936594
2025-06-12 04:35:00,34.3
2025-06-12 21:20:00,50.313785814936594
2025-06-12 10:45:00,84.6
2025-06-12 21:44:00,38.8
2025-06-12 10:51:00,64.1
2025-06-12 16:57:00,93.1
2025-06-12 21:46:00,13.0
2025-06-12 10:15:00,88.8
2025-06-12 19:40:00,66.1
2025-06-12 04:08:00,63.8
2025-06-12 04:58:00,76.0
2025-06-12 14:31:00,51.3
2025-06-12 21:49:00,36.6
2025-06-12 05:37:00,72.7
2025-06-12 14:56:00,78.7
2025-06-12 18:52:00,59.9
2025-06-12 21:01:00,83.8
2025-06-12 17:17:00,8.8
2025-06-12 01:31:00,48.5
2025-06-12 20:05:00,82.1
2025-06-12 17:30:00,30.1
2025-06-12 04:24:00,68.2
2025-06-12 16:20:00,61.2
2025-06-12 05:14:00,90.6
2025-06-12 00:17:00,11.0
2025-06-12 06:18:00,2.4
2025-06-12 12:49:00,73.5
2025-06-12 12:46:00,24.7
2025-06-12 10:08:00,8.4
2025-06-12 02:24:00,50.313785814936594
2025-06-12 02:16:00,50.313785814936594
2025-06-12 10:51:00,69.5
2025-06-12 17:15:00,39.9
2025-06-12 04:28:00,85.9
2025-06-12 17:14:00,77.5
2025-06-12 11:45:00,3.0
2025-06-12 16:22:00,35.6
2025-06-12 19:39:00,36.0
2025-06-12 07:49:00,50.313785814936594
2025-06-12 12:55:00,88.1
2025-06-12 21:46:00,83.7
2025-06-12 19:12:00,55.6
2025-06-12 13:17:00,89.0
2025-06-12 13:59:00,32.0
2025-06-12 04:09:00,33.7
2025-06-12 05:21:00,95.9
2025-06-12 19:02:00,66.3
2025-06-12 02:59:00,7.0
2025-06-12 11:53:00,22.3
2025-06-12 05:48:00,16.0
2025-06-12 05:59:00,50.313785814936594
2025-06-12 02:05:00,50.5
2025-06-12 11:22:00,75.9
2025-06-12 20:48:00,50.313785814936594
2025-06-12 12:57:00,99.3
2025-06-12 21:34:00,25.8
2025-06-12 16:56:00,59.7
2025-06-12 23:29:00,4.1
2025-06-12 21:34:00,68.8
2025-06-12 19:28:00,0.3
2025-06-12 05:43:00,86.4
2025-06-12 13:20:00,50.313785814936594
2025-06-12 10:25:00,32.3
2025-06-12 04:46:00,41.8
2025-06-12 20:23:00,97.8
2025-06-12 20:57:00,93.8
2025-06-12 05:36:00,79.8
2025-06-12 18:20:00,50.313785814936594
2025-06-12 04:12:00,22.3
2025-06-12 09:21:00,81.6
2025-06-12 17:29:00,41.1
2025-06-12 01:02:00,60.7
2025-06-12 23:56:00,74.9
2025-06-12 01:13:00,93.7
2025-06-12 16:57:00,51.2
2025-06-12 05:27:00,36.3
2025-06-12 11:52:00,68.5
2025-06-12 14:12:00,50.313785814936594
2025-06-12 00:09:00,32.1
2025-06-12 03:48:00,61.5
2025-06-12 09:23:00,65.7
2025-06-12 01:39:00,93.1
2025-06-12 13:30:00,43.6
2025-06-12 15:14:00,90.4
2025-06-12 09:38:00,26.6
2025-06-12 08:58:00,50.313785814936594
2025-06-12 06:22:00,70.7
2025-06-12 01:02:00,71.5
2025-06-12 21:54:00,50.6
2025-06-12 19:48:00,70.9
2025-06-12 05:03:00,25.2
2025-06-12 04:23:00,23.0
2025-06-12 19:04:00,50.313785814936594
2025-06-12 05:28:00,64.6
2025-06-12 10:30:00,58.2
2025-06-12 18:04:00,85.8
2025-06-12 08:33:00,39.3
2025-06-12 22:54:00,19.6
2025-06-12 01:53:00,49.947505013566115
2025-06-12 03:18:00,51.2
2025-06-12 08:14:00,40.7
2025-06-12 03:15:00,25.1
2025-06-12 16:54:00,49.947505013566115
2025-06-12 06:34:00,17.4
2025-06-12 10:29:00,41.9
2025-06-12 06:43:00,76.1
2025-06-12 13:01:00,69.8
2025-06-12 22:26:00,9.2
2025-06-12 05:30:00,85.0
2025-06-12 22:07:00,7.7
2025-06-12 09:05:00,31.2
2025-06-12 20:24:00,34.6
2025-06-12 15:03:00,55.6
2025-06-12 10:32:00,54.8
2025-06-12 18:16:00,0.1
2025-06-12 08:24:00,20.3
2025-06-12 20:09:00,76.2
2025-06-12 01:24:00,5.2
2025-06-12 13:16:00,22.9
2025-06-12 01:13:00,29.4
2025-06-12 02:38:00,45.4
2025-06-12 14:57:00,1.7
2025-06-12 10:12:00,49.947505013566115
2025-06-12 13:29:00,49.947505013566115
2025-06-12 05:03:00,75.2
2025-06-12 02:01:00,40.6
2025-06-12 22:17:00,49.0
2025-06-12 20:12:00,24.7
2025-06-12 06:11:00,9.1
2025-06-12 19:50:00,31.5
2025-06-12 17:12:00,49.6
2025-06-12 06:05:00,53.1
2025-06-12 16:55:00,20.1
2025-06-12 02:35:00,49.947505013566115
2025-06-12 23:14:00,74.2
2025-06-12 03:45:00,12.9
2025-06-12 02:00:00,27.9
2025-06-12 06:55:00,26.3
2025-06-12 01:10:00,49.947505013566115
2025-06-12 23:54:00,39.8
2025-06-12 06:46:00,49.947505013566115
2025-06-12 02:01:00,72.3
2025-06-12 09:23:00,76.2
2025-06-12 01:51:00,29.7
2025-06-12 23:34:00,36.6
2025-06-12 02:47:00,27.1
2025-06-12 05:47:00,28.1
2025-06-12 07:52:00,36.0
2025-06-12 00:11:00,49.947505013566115
2025-06-12 14:08:00,49.947505013566115
2025-06-12 08:15:00,76.7
2025-06-12 20:06:00,49.947505013566115
2025-06-12 00:16:00,49.947505013566115
2025-06-12 05:37:00,93.0
2025-06-12 09:41:00,70.2
2025-06-12 05:29:00,93.1
2025-06-12 02:18:00,54.0
2025-06-12 07:35:00,49.947505013566115
2025-06-12 10:06:00,97.7
2025-06-12 06:40:00,85.9
2025-06-12 15:02:00,86.1
2025-06-12 22:56:00,79.9
2025-06-12 02:48:00,85.0
2025-06-12 07:02:00,5.5
2025-06-12 14:09:00,21.0
2025-06-12 09:19:00,33.8
2025-06-12 07:03:00,49.947505013566115
2025-06-12 10:41:00,32.6
2025-06-12 19:09:00,22.0
2025-06-12 18:37:00,42.4
2025-06-12 00:43:00,36.9
2025-06-12 16:33:00,22.6
2025-06-12 20:01:00,49.947505013566115
2025-06-12 03:26:00,69.8
2025-06-12 15:20:00,27.4
2025-06-12 05:27:00,60.3
2025-06-12 18:35:00,69.0
2025-06-12 14:05:00,67.7
2025-06-12 18:46:00,49.947505013566115
2025-06-12 17:11:00,55.3
2025-06-12 03:35:00,49.947505013566115
2025-06-12 05:43:00,6.8
2025-06-12 10:06:00,45.5
2025-06-12 05:01:00,49.947505013566115
2025-06-12 19:17:00,98.5
2025-06-12 16:46:00,29.2
2025-06-12 05:38:00,4.3
2025-06-12 07:50:00,63.7
2025-06-12 21:06:00,89.7
2025-06-12 06:52:00,77.2
2025-06-12 08:59:00,49.947505013566115
2025-06-12 21:06:00,33.4
2025-06-12 06:57:00,49.947505013566115
2025-06-12 06:58:00,92.8
2025-06-12 23:31:00,13.3
2025-06-12 01:08:00,49.947505013566115
2025-06-12 00:17:00,55.7
2025-06-12 10:53:00,1.9
2025-06-12 09:09:00,12.7
2025-06-12 04:46:00,49.947505013566115
2025-06-12 05:12:00,61.2
2025-06-12 16:30:00,45.3
2025-06-12 09:33:00,49.947505013566115
2025-06-12 08:12:00,34.4
2025-06-12 22:25:00,49.947505013566115
2025-06-12 06:17:00,16.7
2025-06-12 23:08:00,61.7
2025-06-12 04:19:00,17.3
2025-06-12 01:15:00,30.4
2025-06-12 07:11:00,37.8
2025-06-12 06:04:00,16.6
2025-06-12 01:05:00,17.9
2025-06-12 01:39:00,36.5
2025-06-12 21:34:00,85.5
2025-06-12 03:28:00,68.3
2025-06-12 21:52:00,49.947505013566115
2025-06-12 12:47:00,89.0
2025-06-12 07:13:00,1.3
2025-06-12 19:45:00,78.4
2025-06-12 03:37:00,31.2
2025-06-12 01:30:00,49.947505013566115
2025-06-12 17:51:00,39.1
2025-06-12 19:06:00,50.7
2025-06-12 12:06:00,19.5
2025-06-12 01:40:00,49.947505013566115
2025-06-12 21:09:00,63.9
2025-06-12 12:20:00,20.5
2025-06-12 14:11:00,71.4
2025-06-12 10:43:00,49.947505013566115
2025-06-12 13:02:00,68.6
2025-06-12 17:22:00,1.0
2025-06-12 15:56:00,77.6
2025-06-12 10:40:00,91.7
2025-06-12 19:15:00,80.6
2025-06-12 02:58:00,27.2
2025-06-12 07:25:00,8.9
2025-06-12 19:51:00,39.3
2025-06-12 12:59:00,11.0
2025-06-12 03:31:00,50.1
2025-06-12 15:43:00,63.1
2025-06-12 19:03:00,5.1
2025-06-12 23:06:00,71.0
2025-06-12 08:07:00,81.3
2025-06-12 20:51:00,89.8
2025-06-12 11:20:00,76.5
2025-06-12 02:17:00,6.5
2025-06-12 01:56:00,80.7
2025-06-12 16:34:00,93.9
2025-06-12 09:44:00,49.947505013566115
2025-06-12 09:53:00,49.947505013566115
2025-06-12 08:19:00,12.1
2025-06-12 16:27:00,67.5
2025-06-12 20:42:00,21.5
2025-06-12 12:36:00,78.4
2025-06-12 23:42:00,56.0
2025-06-12 00:03:00,49.947505013566115
2025-06-12 00:35:00,8.5
2025-06-12 05:29:00,12.7
2025-06-12 12:53:00,73.7
2025-06-12 12:56:00,9.1
2025-06-12 21:31:00,5.6
2025-06-12 05:48:00,3.8
2025-06-12 04:19:00,32.9
2025-06-12 19:23:00,51.2
2025-06-12 18:46:00,49.947505013566115
2025-06-12 07:03:00,1.5
2025-06-12 23:32:00,64.7
2025-06-12 00:19:00,28.2
2025-06-12 17:51:00,68.5
2025-06-12 05:22:00,3.9
2025-06-12 21:31:00,49.947505013566115
2025-06-12 10:16:00,49.947505013566115
2025-06-12 20:29:00,53.0
2025-06-12 23:36:00,43.3
2025-06-12 10:39:00,25.1
2025-06-12 20:56:00,1.0
2025-06-12 22:27:00,22.6
2025-06-12 17:22:00,6.0
2025-06-12 02:00:00,49.947505013566115
2025-06-12 09:48:00,79.3
2025-06-12 00:27:00,86.0
2025-06-12 22:08:00,5.6
2025-06-12 18:03:00,86.9
2025-06-12 17:30:00,7.6
2025-06-12 22:53:00,49.5
2025-06-12 14:39:00,49.947505013566115
2025-06-12 14:03:00,49.947505013566115
2025-06-12 23:09:00,29.9
2025-06-12 20:26:00,73.5
2025-06-12 15:38:00,49.947505013566115
2025-06-12 15:41:00,70.8
2025-06-12 05:28:00,83.0
2025-06-12 15:38:00,79.5
2025-06-12 19:47:00,49.947505013566115
2025-06-12 12:04:00,51.7
2025-06-12 08:03:00,30.5
2025-06-12 21:14:00,49.947505013566115
2025-06-12 11:26:00,41.3
2025-06-12 19:45:00,50.4
2025-06-12 14:43:00,49.947505013566115
2025-06-12 00:45:00,52.9
2025-06-12 08:56:00,2.7
2025-06-12 22:30:00,78.4
2025-06-12 12:06:00,84.5
2025-06-12 21:16:00,32.4
2025-06-12 01:02:00,81.1
2025-06-12 13:09:00,67.7
2025-06-12 05:46:00,97.8
2025-06-12 22:09:00,84.3
2025-06-12 03:21:00,84.9
2025-06-12 05:34:00,64.6
2025-06-12 18:50:00,42.3
2025-06-12 17:07:00,53.1
2025-06-12 00:28:00,49.947505013566115
2025-06-12 16:53:00,92.0
2025-06-12 06:09:00,84.3
2025-06-12 15:04:00,30.1
2025-06-12 14:21:00,24.9
2025-06-12 20:06:00,67.5
2025-06-12 19:36:00,8.2
2025-06-12 00:04:00,45.4
2025-06-12 14:50:00,42.6
2025-06-12 03:19:00,3.0
2025-06-12 14:59:00,5.3
2025-06-12 10:51:00,39.0
2025-06-12 06:04:00,80.7
2025-06-12 10:03:00,2.0
2025-06-12 14:02:00,49.947505013566115
2025-06-12 18:44:00,55.5
2025-06-12 22:15:00,89.0
2025-06-12 04:50:00,86.2
2025-06-12 13:40:00,15.3
2025-06-12 14:37:00,49.947505013566115
2025-06-12 17:12:00,72.0
2025-06-12 02:04:00,61.7
2025-06-12 02:40:00,19.4
2025-06-12 13:05:00,90.3
2025-06-12 09:49:00,60.1
2025-06-12 11:49:00,18.9
2025-06-12 01:44:00,16.3
2025-06-12 15:32:00,73.0
2025-06-12 12:54:00,63.9
2025-06-12 02:05:00,10.9
2025-06-12 06:01:00,54.3
2025-06-12 15:46:00,76.4
2025-06-12 10:35:00,3.6
2025-06-12 04:33:00,49.947505013566115
2025-06-12 00:46:00,96.2
2025-06-12 18:24:00,49.947505013566115
2025-06-12 14:39:00,61.7
2025-06-12 14:05:00,63.0
2025-06-12 00:10:00,4.3
2025-06-12 18:04:00,82.5
2025-06-12 06:52:00,85.8
2025-06-12 21:15:00,15.7
2025-06-12 10:05:00,11.1
2025-06-12 12:05:00,76.4
2025-06-12 20:04:00,39.4
2025-06-12 10:44:00,49.947505013566115
2025-06-12 13:31:00,56.1
2025-06-12 16:50:00,98.3
2025-06-12 04:48:00,41.7
2025-06-12 02:19:00,3.6
2025-06-12 11:56:00,37.4
2025-06-12 15:08:00,74.0
2025-06-12 07:58:00,89.2
2025-06-12 12:28:00,81.2
2025-06-12 12:17:00,90.0
2025-06-12 04:14:00,32.2
2025-06-12 09:09:00,65.1
2025-06-12 00:02:00,84.8
2025-06-12 02:33:00,95.1
2025-06-12 20:32:00,57.1
2025-06-12 02:22:00,95.0
2025-06-12 00:19:00,49.947505013566115
2025-06-12 03:41:00,25.8
2025-06-12 00:12:00,36.3
2025-06-12 12:24:00,63.9
2025-06-12 20:18:00,49.947505013566115
2025-06-12 09:38:00,44.5
2025-06-12 05:22:00,95.8
2025-06-12 11:52:00,49.947505013566115
2025-06-12 23:35:00,43.0
2025-06-12 17:48:00,41.1
2025-06-12 16:44:00,96.7
2025-06-12 00:54:00,57.9
2025-06-12 19:07:00,49.947505013566115
2025-06-12 04:09:00,41.8
2025-06-12 22:18:00,49.947505013566115
2025-06-12 16:45:00,38.3
2025-06-12 02:19:00,72.3
2025-06-12 04:33:00,95.3
2025-06-12 07:58:00,93.5
2025-06-12 03:16:00,49.947505013566115
2025-06-12 19:37:00,48.0
2025-06-12 00:38:00,49.947505013566115
2025-06-12 14:33:00,13.7
2025-06-12 22:43:00,56.8
2025-06-12 21:05:00,96.9
2025-06-12 09:59:00,85.2
2025-06-12 14:52:00,49.947505013566115
2025-06-12 23:25:00,43.2
2025-06-12 18:57:00,77.9
2025-06-12 14:49:00,93.1
2025-06-12 11:01:00,42.3
2025-06-12 05:39:00,17.8
2025-06-12 16:26:00,59.0
2025-06-12 05:12:00,85.8
2025-06-12 23:23:00,8.2
2025-06-12 11:02:00,20.7
2025-06-12 19:01:00,5.1
2025-06-12 12:25:00,10.1
2025-06-12 18:27:00,7.4
2025-06-12 12:45:00,49.947505013566115
2025-06-12 06:43:00,30.4
2025-06-12 16:27:00,18.8
2025-06-12 17:00:00,49.947505013566115
2025-06-12 01:01:00,35.3
2025-06-12 21:23:00,70.7
2025-06-12 06:33:00,56.8
2025-06-12 10:22:00,19.1
2025-06-12 09:59:00,55.5
2025-06-12 21:07:00,20.8
2025-06-12 08:51:00,57.9
2025-06-12 21:55:00,76.3
2025-06-12 13:45:00,36.4
2025-06-12 15:09:00,96.8
2025-06-12 21:57:00,95.0
2025-06-12 08:43:00,32.4
2025-06-12 07:50:00,27.7
2025-06-12 04:55:00,91.6
2025-06-12 13:38:00,3.0
2025-06-12 09:53:00,49.0
2025-06-12 07:58:00,99.5
2025-06-12 00:05:00,50.31471380077256
2025-06-12 09:51:00,75.5
2025-06-12 15:19:00,49.4
2025-06-12 01:51:00,81.3
2025-06-12 03:21:00,22.5
2025-06-12 18:19:00,49.9
2025-06-12 10:03:00,58.9
2025-06-12 21:48:00,61.5
2025-06-12 22:41:00,7.7
2025-06-12 12:25:00,8.4
2025-06-12 17:47:00,50.31471380077256
2025-06-12 10:45:00,48.0
2025-06-12 01:00:00,65.6
2025-06-12 15:21:00,89.0
2025-06-12 02:34:00,36.8
2025-06-12 00:04:00,48.2
2025-06-12 23:07:00,40.3
2025-06-12 06:32:00,16.0
2025-06-12 14:32:00,50.31471380077256
2025-06-12 19:39:00,15.6
2025-06-12 13:19:00,50.31471380077256
2025-06-12 19:02:00,92.7
2025-06-12 06:54:00,7.1
2025-06-12 01:00:00,93.0
2025-06-12 10:01:00,23.8
2025-06-12 13:44:00,87.3
2025-06-12 14:38:00,4.8
2025-06-12 00:54:00,78.2
2025-06-12 22:29:00,98.0
2025-06-12 15:23:00,50.31471380077256
2025-06-12 18:06:00,2.2
2025-06-12 12:56:00,99.4
2025-06-12 06:13:00,50.31471380077256
2025-06-12 07:58:00,50.31471380077256
2025-06-12 13:17:00,72.9
2025-06-12 18:54:00,54.9
2025-06-12 15:27:00,68.2
2025-06-12 00:26:00,21.2
2025-06-12 00:41:00,3.9
2025-06-12 22:54:00,92.1
2025-06-12 12:15:00,51.2
2025-06-12 07:55:00,37.2
2025-06-12 21:08:00,50.31471380077256
2025-06-12 06:29:00,98.2
2025-06-12 20:47:00,92.8
2025-06-12 02:00:00,70.2
2025-06-12 07:29:00,53.7
2025-06-12 00:50:00,66.4
2025-06-12 07:08:00,40.9
2025-06-12 00:26:00,67.1
2025-06-12 06:33:00,4.0
2025-06-12 07:02:00,90.4
2025-06-12 06:12:00,19.4
2025-06-12 22:27:00,93.3
2025-06-12 03:52:00,50.31471380077256
2025-06-12 18:37:00,6.7
2025-06-12 14:07:00,23.4
2025-06-12 06:37:00,46.4
2025-06-12 11:15:00,11.2
2025-06-12 11:10:00,14.3
2025-06-12 15:25:00,55.9
2025-06-12 12:33:00,75.5
2025-06-12 15:42:00,75.6
2025-06-12 18:15:00,37.7
2025-06-12 01:59:00,50.31471380077256
2025-06-12 05:26:00,29.0
2025-06-12 10:55:00,50.31471380077256
2025-06-12 14:37:00,10.0
2025-06-12 04:25:00,95.0
2025-06-12 13:17:00,87.8
2025-06-12 09:27:00,23.1
2025-06-12 07:27:00,50.31471380077256
2025-06-12 21:12:00,50.31471380077256
2025-06-12 22:41:00,50.31471380077256
2025-06-12 18:48:00,5.1
2025-06-12 23:05:00,28.2
2025-06-12 14:35:00,37.8
2025-06-12 01:39:00,70.9
2025-06-12 07:59:00,41.0
2025-06-12 23:59:00,16.0
2025-06-12 00:58:00,80.9
2025-06-12 07:04:00,54.9
2025-06-12 21:23:00,26.9
2025-06-12 13:59:00,50.31471380077256
2025-06-12 11:55:00,46.3
2025-06-12 15:37:00,31.9
2025-06-12 07:11:00,44.8
2025-06-12 08:29:00,76.8
2025-06-12 14:35:00,50.31471380077256
2025-06-12 19:07:00,89.5
2025-06-12 17:52:00,50.31471380077256
2025-06-12 03:18:00,3.7
2025-06-12 05:33:00,15.4
2025-06-12 03:11:00,57.6
2025-06-12 09:08:00,68.0
2025-06-12 18:30:00,14.5
2025-06-12 22:36:00,72.6
2025-06-12 12:34:00,60.7
2025-06-12 22:48:00,85.2
2025-06-12 16:47:00,28.1
2025-06-12 18:14:00,48.1
2025-06-12 09:21:00,73.8
2025-06-12 01:44:00,26.2
2025-06-12 21:15:00,63.1
2025-06-12 11:24:00,50.31471380077256
2025-06-12 19:32:00,45.0
2025-06-12 05:36:00,50.31471380077256
2025-06-12 11:49:00,1.3
2025-06-12 10:20:00,50.31471380077256
2025-06-12 22:57:00,83.0
2025-06-12 06:00:00,45.2
2025-06-12 17:59:00,41.8
2025-06-12 13:01:00,39.8
2025-06-12 05:40:00,28.4
2025-06-12 15:10:00,84.8
2025-06-12 02:43:00,84.9
2025-06-12 12:39:00,93.0
2025-06-12 04:48:00,43.0
2025-06-12 01:45:00,8.4
2025-06-12 03:56:00,83.7
2025-06-12 16:57:00,12.9
2025-06-12 23:08:00,86.7
2025-06-12 10:26:00,26.8
2025-06-12 07:03:00,50.31471380077256
2025-06-12 22:35:00,3.7
2025-06-12 22:41:00,96.3
2025-06-12 19:14:00,71.8
2025-06-12 05:04:00,70.4
2025-06-12 18:43:00,73.7
2025-06-12 19:11:00,0.7
2025-06-12 14:00:00,26.1
2025-06-12 10:19:00,42.2
2025-06-12 05:04:00,29.6
2025-06-12 06:59:00,60.4
2025-06-12 23:54:00,45.7
2025-06-12 14:24:00,59.0
2025-06-12 11:37:00,59.2
2025-06-12 00:44:00,80.8
2025-06-12 22:39:00,6.2
2025-06-12 13:50:00,34.6
2025-06-12 06:18:00,82.8
2025-06-12 21:51:00,50.31471380077256
2025-06-12 23:36:00,5.1
2025-06-12 02:17:00,63.0
2025-06-12 08:25:00,50.31471380077256
2025-06-12 20:23:00,88.1
2025-06-12 14:23:00,35.7
2025-06-12 16:33:00,67.0
2025-06-12 04:16:00,6.5
2025-06-12 06:55:00,94.3
2025-06-12 10:37:00,50.31471380077256
2025-06-12 23:13:00,28.7
2025-06-12 18:38:00,87.3
2025-06-12 23:08:00,1.2
2025-06-12 14:01:00,55.2
2025-06-12 16:24:00,19.4
2025-06-12 09:49:00,44.4
2025-06-12 22:39:00,0.6
2025-06-12 01:08:00,81.5
2025-06-12 18:16:00,9.1
2025-06-12 16:29:00,44.7
2025-06-12 09:23:00,97.6
2025-06-12 18:35:00,50.31471380077256
2025-06-12 22:21:00,83.6
2025-06-12 18:32:00,27.1
2025-06-12 02:52:00,8.0
2025-06-12 12:06:00,37.9
2025-06-12 20:04:00,65.2
2025-06-12 15:29:00,83.4
2025-06-12 08:07:00,73.3
2025-06-12 07:23:00,50.8
2025-06-12 00:29:00,35.5
2025-06-12 12:46:00,37.4
2025-06-12 18:52:00,19.0
2025-06-12 00:28:00,50.31471380077256
2025-06-12 03:37:00,68.4
2025-06-12 12:44:00,58.6
2025-06-12 12:47:00,32.7
2025-06-12 09:58:00,3.4
2025-06-12 07:22:00,42.7
2025-06-12 21:18:00,13.7
2025-06-12 10:33:00,50.31471380077256
2025-06-12 17:09:00,1.0
2025-06-12 03:48:00,68.1
2025-06-12 02:06:00,50.31471380077256
2025-06-12 04:03:00,7.4
2025-06-12 06:14:00,22.9
2025-06-12 15:48:00,63.9
2025-06-12 07:34:00,92.9
2025-06-12 06:30:00,48.7
2025-06-12 11:27:00,64.0
2025-06-12 16:43:00,20.6
2025-06-12 07:08:00,59.6
2025-06-12 23:29:00,66.7
2025-06-12 01:57:00,76.5
2025-06-12 21:51:00,50.31471380077256
2025-06-12 20:58:00,65.8
2025-06-12 09:15:00,59.3
2025-06-12 06:13:00,23.1
2025-06-12 19:23:00,40.4
2025-06-12 08:54:00,50.31471380077256
2025-06-12 18:17:00,11.0
2025-06-12 03:58:00,95.6
2025-06-12 05:36:00,51.6
2025-06-12 04:17:00,99.5
2025-06-12 13:52:00,69.5
2025-06-12 20:18:00,62.2
2025-06-12 00:04:00,59.8
2025-06-12 08:41:00,69.1
2025-06-12 08:02:00,37.7
2025-06-12 06:41:00,13.9
2025-06-12 14:52:00,53.8
2025-06-12 23:14:00,55.2
2025-06-12 09:16:00,37.2
2025-06-12 03:16:00,74.3
2025-06-12 21:50:00,30.9
2025-06-12 18:48:00,22.0
2025-06-12 13:37:00,84.5
2025-06-12 23:48:00,53.4
2025-06-12 09:51:00,50.31471380077256
2025-06-12 04:10:00,98.2
2025-06-12 18:04:00,50.31471380077256
2025-06-12 20:29:00,66.3
2025-06-12 03:54:00,6.6
2025-06-12 20:29:00,96.1
2025-06-12 11:48:00,38.9
2025-06-12 01:39:00,93.9
2025-06-12 18:51:00,36.3
2025-06-12 20:46:00,89.8
2025-06-12 01:38:00,30.8
2025-06-12 18:41:00,42.2
2025-06-12 18:37:00,20.4
2025-06-12 09:34:00,16.7
2025-06-12 06:14:00,50.31471380077256
2025-06-12 06:58:00,51.0
2025-06-12 12:52:00,95.4
2025-06-12 06:46:00,52.3
2025-06-12 10:50:00,14.9
2025-06-12 17:18:00,50.31471380077256
2025-06-12 23:47:00,10.7
2025-06-12 17:25:00,50.4
2025-06-12 11:51:00,24.3
2025-06-12 11:19:00,24.5
2025-06-12 10:57:00,50.31471380077256
2025-06-12 19:25:00,50.31471380077256
2025-06-12 13:08:00,30.8
2025-06-12 17:39:00,50.31471380077256
2025-06-12 23:38:00,19.4
2025-06-12 00:41:00,78.8
2025-06-12 02:56:00,11.4
2025-06-12 16:19:00,79.8
2025-06-12 01:43:00,1.3
2025-06-12 03:03:00,78.8
2025-06-12 12:10:00,44.0
2025-06-12 10:13:00,1.8
2025-06-12 02:24:00,50.31471380077256
2025-06-12 07:37:00,64.0
2025-06-12 06:26:00,68.8
2025-06-12 00:32:00,90.8
2025-06-12 19:53:00,26.7
2025-06-12 18:34:00,86.1
2025-06-12 10:46:00,19.7
2025-06-12 16:08:00,71.7
2025-06-12 15:45:00,18.4
2025-06-12 12:25:00,79.5
2025-06-12 05:58:00,67.1
2025-06-12 02:43:00,72.4
2025-06-12 00:39:00,40.7
2025-06-12 19:28:00,22.3
2025-06-12 23:47:00,29.6
2025-06-12 21:43:00,86.4
2025-06-12 08:29:00,65.5
2025-06-12 03:12:00,50.31471380077256
2025-06-12 13:33:00,56.4
2025-06-12 13:30:00,9.5
2025-06-12 02:57:00,17.9
2025-06-12 05:15:00,61.5
2025-06-12 22:21:00,74.5
2025-06-12 03:21:00,95.2
2025-06-12 12:25:00,43.5
2025-06-12 17:22:00,3.9
2025-06-12 21:57:00,73.8
2025-06-12 14:01:00,10.3
2025-06-12 07:57:00,97.9
2025-06-12 18:55:00,93.0
2025-06-12 16:44:00,84.6
2025-06-12 01:43:00,50.31471380077256
2025-06-12 10:43:00,39.2
2025-06-12 01:16:00,78.1
2025-06-12 19:23:00,38.0
2025-06-12 00:12:00,26.3
2025-06-12 16:59:00,50.31471380077256
2025-06-12 23:00:00,50.31471380077256
2025-06-12 14:43:00,88.9
2025-06-12 17:53:00,20.1
2025-06-12 10:54:00,50.4
2025-06-12 23:51:00,84.3
2025-06-12 15:47:00,43.3
2025-06-12 18:08:00,23.8
2025-06-12 13:59:00,50.31471380077256
2025-06-12 00:07:00,20.8
2025-06-12 06:14:00,85.3
2025-06-12 09:33:00,43.0
2025-06-12 00:52:00,72.7
2025-06-12 12:02:00,43.2
2025-06-12 17:18:00,3.2
2025-06-12 01:29:00,55.4
2025-06-12 21:39:00,41.2
2025-06-12 07:06:00,26.9
2025-06-12 07:52:00,7.5
2025-06-12 07:00:00,48.5
2025-06-12 16:08:00,46.9
2025-06-12 18:23:00,45.3
2025-06-12 05:33:00,47.2
2025-06-12 13:15:00,50.31471380077256
2025-06-12 18:42:00,16.7
2025-06-12 16:22:00,28.7
2025-06-12 06:54:00,78.1
2025-06-12 20:22:00,32.2
2025-06-12 01:10:00,23.5
2025-06-12 11:19:00,89.1
2025-06-12 20:50:00,21.9
2025-06-12 13:14:00,9.2
2025-06-12 13:00:00,51.9
2025-06-12 00:12:00,37.8
2025-06-12 09:01:00,33.5
2025-06-12 20:01:00,40.5
2025-06-12 18:43:00,11.4
2025-06-12 01:30:00,5.1
2025-06-12 04:52:00,73.0
2025-06-12 19:36:00,49.873700916999766
2025-06-12 13:26:00,49.873700916999766
2025-06-12 16:55:00,34.9
2025-06-12 05:42:00,53.3
2025-06-12 01:34:00,83.7
2025-06-12 17:11:00,24.1
2025-06-12 22:04:00,65.4
2025-06-12 14:06:00,26.5
2025-06-12 03:51:00,68.6
2025-06-12 22:25:00,1.3
2025-06-12 20:49:00,52.0
2025-06-12 14:24:00,63.9
2025-06-12 00:52:00,15.4
2025-06-12 08:08:00,76.5
2025-06-12 13:00:00,49.873700916999766
2025-06-12 01:43:00,9.2
2025-06-12 19:38:00,34.8
2025-06-12 15:18:00,15.7
2025-06-12 19:57:00,49.873700916999766
2025-06-12 08:09:00,66.1
2025-06-12 10:17:00,28.0
2025-06-12 13:54:00,49.873700916999766
2025-06-12 07:45:00,49.873700916999766
2025-06-12 11:14:00,81.0
2025-06-12 14:38:00,15.8
2025-06-12 13:44:00,53.6
2025-06-12 15:28:00,49.873700916999766
2025-06-12 08:35:00,81.1
2025-06-12 07:38:00,82.4
2025-06-12 08:36:00,49.873700916999766
2025-06-12 21:08:00,92.8
2025-06-12 15:55:00,24.4
2025-06-12 09:05:00,65.6
2025-06-12 02:11:00,5.3
2025-06-12 18:17:00,46.1
2025-06-12 11:48:00,97.6
2025-06-12 00:10:00,66.9
2025-06-12 19:49:00,68.7
2025-06-12 04:44:00,49.873700916999766
2025-06-12 06:46:00,49.873700916999766
2025-06-12 06:11:00,84.1
2025-06-12 01:29:00,35.1
2025-06-12 14:51:00,9.7
2025-06-12 03:32:00,36.2
2025-06-12 21:30:00,39.4
2025-06-12 20:02:00,95.7
2025-06-12 09:11:00,50.5
2025-06-12 01:23:00,52.5
2025-06-12 08:10:00,22.3
2025-06-12 11:43:00,41.4
2025-06-12 14:00:00,80.4
2025-06-12 12:32:00,73.8
2025-06-12 11:24:00,93.4
2025-06-12 11:00:00,2.9
2025-06-12 11:00:00,63.3
2025-06-12 23:15:00,65.2
2025-06-12 00:57:00,68.0
2025-06-12 15:46:00,87.4
2025-06-12 10:20:00,55.6
2025-06-12 08:58:00,49.873700916999766
2025-06-12 22:58:00,52.3
2025-06-12 21:58:00,50.5
2025-06-12 16:42:00,2.0
2025-06-12 09:39:00,64.1
2025-06-12 15:37:00,26.2
2025-06-12 14:38:00,49.873700916999766
2025-06-12 17:12:00,18.4
2025-06-12 06:02:00,89.5
2025-06-12 13:24:00,19.4
2025-06-12 19:03:00,32.5
2025-06-12 05:26:00,88.3
2025-06-12 01:26:00,54.7
2025-06-12 02:56:00,23.4
2025-06-12 10:09:00,3.0
2025-06-12 13:42:00,47.8
2025-06-12 17:08:00,80.4
2025-06-12 00:48:00,45.1
2025-06-12 12:53:00,88.9
2025-06-12 20:33:00,49.7
2025-06-12 17:59:00,46.9
2025-06-12 01:53:00,69.6
2025-06-12 09:41:00,68.6
2025-06-12 10:51:00,63.4
2025-06-12 04:58:00,49.873700916999766
2025-06-12 14:12:00,51.5
2025-06-12 13:17:00,88.2
2025-06-12 20:55:00,38.1
2025-06-12 17:41:00,42.7
2025-06-12 10:30:00,64.8
2025-06-12 00:22:00,37.7
2025-06-12 04:01:00,4.1
2025-06-12 08:37:00,82.0
2025-06-12 02:13:00,64.5
2025-06-12 13:29:00,69.3
2025-06-12 09:08:00,57.7
2025-06-12 12:34:00,19.5
2025-06-12 16:40:00,7.4
2025-06-12 11:35:00,59.8
2025-06-12 06:13:00,98.4
2025-06-12 12:41:00,40.4
2025-06-12 13:43:00,80.4
2025-06-12 18:06:00,32.6
2025-06-12 09:23:00,84.6
2025-06-12 20:13:00,87.3
2025-06-12 12:50:00,76.8
2025-06-12 05:33:00,49.873700916999766
2025-06-12 01:53:00,90.9
2025-06-12 19:43:00,33.9
2025-06-12 12:02:00,8.1
2025-06-12 09:03:00,82.5
2025-06-12 22:49:00,79.5
2025-06-12 18:55:00,52.4
2025-06-12 18:52:00,49.873700916999766
2025-06-12 16:53:00,14.7
2025-06-12 23:06:00,69.8
2025-06-12 23:28:00,41.8
2025-06-12 05:01:00,17.5
2025-06-12 14:13:00,55.0
2025-06-12 19:54:00,6.0
2025-06-12 04:42:00,0.1
2025-06-12 06:27:00,11.9
2025-06-12 03:43:00,49.873700916999766
2025-06-12 02:08:00,71.2
2025-06-12 13:59:00,48.4
2025-06-12 04:31:00,57.5
2025-06-12 11:04:00,49.873700916999766
2025-06-12 20:45:00,81.5
2025-06-12 19:41:00,84.2
2025-06-12 10:55:00,49.873700916999766
2025-06-12 10:39:00,49.873700916999766
2025-06-12 11:37:00,70.0
2025-06-12 03:32:00,2.1
2025-06-12 07:03:00,49.873700916999766
2025-06-12 02:38:00,52.8
2025-06-12 11:27:00,5.3
2025-06-12 15:06:00,49.873700916999766
2025-06-12 09:56:00,54.7
2025-06-12 02:25:00,49.873700916999766
2025-06-12 10:13:00,10.0
2025-06-12 22:31:00,29.5
2025-06-12 08:00:00,61.8
2025-06-12 22:56:00,16.0
2025-06-12 05:10:00,1.2
2025-06-12 19:08:00,0.7
2025-06-12 16:24:00,49.873700916999766
2025-06-12 17:27:00,58.0
2025-06-12 11:11:00,17.2
2025-06-12 21:47:00,49.873700916999766
2025-06-12 13:44:00,11.0
2025-06-12 13:12:00,80.3
2025-06-12 08:18:00,47.8
2025-06-12 01:25:00,3.2
2025-06-12 18:12:00,29.9
2025-06-12 11:38:00,26.3
2025-06-12 14:34:00,44.8
2025-06-12 20:21:00,76.7
2025-06-12 18:18:00,3.4
2025-06-12 01:02:00,73.9
2025-06-12 01:35:00,52.0
2025-06-12 02:53:00,6.5
2025-06-12 18:48:00,23.2
2025-06-12 14:57:00,86.5
2025-06-12 20:46:00,91.0
2025-06-12 09:47:00,39.9
2025-06-12 02:50:00,49.873700916999766
2025-06-12 14:37:00,49.873700916999766
2025-06-12 00:44:00,26.0
2025-06-12 01:00:00,68.7
2025-06-12 20:46:00,34.1
2025-06-12 15:04:00,93.0
2025-06-12 01:07:00,20.0
2025-06-12 17:33:00,78.9
2025-06-12 22:33:00,12.1
2025-06-12 04:37:00,49.873700916999766
2025-06-12 17:00:00,34.8
2025-06-12 08:41:00,8.0
2025-06-12 23:10:00,2.5
2025-06-12 12:59:00,96.9
2025-06-12 05:04:00,56.2
2025-06-12 15:49:00,66.6
2025-06-12 08:14:00,4.0
2025-06-12 01:47:00,56.4
2025-06-12 05:01:00,49.873700916999766
2025-06-12 02:20:00,75.3
2025-06-12 10:31:00,50.3
2025-06-12 11:42:00,69.9
2025-06-12 18:26:00,74.7
2025-06-12 13:11:00,99.8
2025-06-12 15:06:00,49.873700916999766
2025-06-12 18:33:00,75.4
2025-06-12 23:26:00,3.8
2025-06-12 16:19:00,71.5
2025-06-12 11:09:00,6.4
2025-06-12 14:34:00,61.9
2025-06-12 07:11:00,78.8
2025-06-12 11:04:00,68.1
2025-06-12 19:12:00,82.5
2025-06-12 16:51:00,16.3
2025-06-12 23:34:00,1.2
2025-06-12 16:29:00,76.5
2025-06-12 18:17:00,28.9
2025-06-12 18:47:00,42.0
2025-06-12 08:09:00,86.7
2025-06-12 19:52:00,22.6
2025-06-12 00:37:00,86.5
2025-06-12 11:26:00,19.6
2025-06-12 13:17:00,49.873700916999766
2025-06-12 16:43:00,63.4
2025-06-12 07:49:00,53.8
2025-06-12 21:03:00,28.8
2025-06-12 08:47:00,50.3
2025-06-12 02:53:00,28.2
2025-06-12 14:20:00,45.1
2025-06-12 10:13:00,35.6
2025-06-12 20:29:00,58.4
2025-06-12 18:09:00,85.2
2025-06-12 13:52:00,4.1
2025-06-12 22:02:00,49.1
2025-06-12 17:59:00,22.3
2025-06-12 00:45:00,29.9
2025-06-12 21:25:00,93.9
2025-06-12 06:11:00,83.4
2025-06-12 02:33:00,19.1
2025-06-12 18:56:00,87.5
2025-06-12 04:03:00,6.9
2025-06-12 08:27:00,83.7
2025-06-12 01:33:00,45.3
2025-06-12 17:43:00,17.1
2025-06-12 15:03:00,67.5
2025-06-12 11:31:00,34.0
2025-06-12 18:46:00,45.7
2025-06-12 00:31:00,80.9
2025-06-12 16:05:00,74.6
2025-06-12 20:19:00,49.873700916999766
2025-06-12 11:29:00,49.873700916999766
2025-06-12 13:08:00,64.9
2025-06-12 01:19:00,49.873700916999766
2025-06-12 11:24:00,34.7
2025-06-12 03:36:00,12.2
2025-06-12 23:19:00,95.5
2025-06-12 05:04:00,68.5
2025-06-12 07:48:00,38.6
2025-06-12 18:23:00,25.7
2025-06-12 22:17:00,16.6
2025-06-12 06:02:00,49.873700916999766
2025-06-12 06:08:00,91.2
2025-06-12 17:42:00,1.8
2025-06-12 14:46:00,80.2
2025-06-12 13:39:00,11.9
2025-06-12 21:11:00,66.9
2025-06-12 00:29:00,46.2
2025-06-12 11:05:00,36.3
2025-06-12 03:19:00,70.4
2025-06-12 12:15:00,71.4
2025-06-12 19:46:00,35.3
2025-06-12 03:25:00,28.2
2025-06-12 07:39:00,49.5
2025-06-12 05:43:00,45.7
2025-06-12 01:42:00,21.8
2025-06-12 02:02:00,49.873700916999766
2025-06-12 06:35:00,83.0
2025-06-12 05:09:00,17.5
2025-06-12 22:24:00,34.7
2025-06-12 05:19:00,11.0
2025-06-12 09:26:00,94.6
2025-06-12 13:06:00,91.6
2025-06-12 16:40:00,82.6
2025-06-12 23:07:00,88.7
2025-06-12 03:08:00,15.9
2025-06-12 10:50:00,88.0
2025-06-12 21:11:00,55.0
2025-06-12 00:15:00,21.2
2025-06-12 03:59:00,22.6
2025-06-12 03:41:00,4.6
2025-06-12 03:36:00,51.4
2025-06-12 12:34:00,43.5
2025-06-12 11:33:00,31.2
2025-06-12 09:43:00,90.0
2025-06-12 00:24:00,69.8
2025-06-12 07:15:00,74.2
2025-06-12 17:31:00,42.1
2025-06-12 08:44:00,20.4
2025-06-12 02:10:00,12.0
2025-06-12 00:23:00,53.1
2025-06-12 09:38:00,49.873700916999766
2025-06-12 13:17:00,38.9
2025-06-12 05:45:00,23.2
2025-06-12 14:35:00,17.9
2025-06-12 16:13:00,35.3
2025-06-12 05:14:00,60.1
2025-06-12 11:17:00,97.9
2025-06-12 20:43:00,60.4
2025-06-12 01:58:00,62.5
2025-06-12 06:18:00,49.873700916999766
2025-06-12 01:15:00,82.1
2025-06-12 10:59:00,63.8
2025-06-12 23:07:00,45.7
2025-06-12 10:12:00,88.8
2025-06-12 20:48:00,56.1
2025-06-12 21:57:00,12.2
2025-06-12 17:51:00,95.6
2025-06-12 17:20:00,10.4
2025-06-12 03:49:00,65.8
2025-06-12 14:32:00,99.9
2025-06-12 22:36:00,36.5
2025-06-12 02:05:00,53.8
2025-06-12 14:26:00,37.8
2025-06-12 06:49:00,46.4
2025-06-12 00:41:00,14.5
2025-06-12 05:23:00,33.5
2025-06-12 13:37:00,94.0
2025-06-12 14:58:00,78.3
2025-06-12 13:04:00,66.8
2025-06-12 07:50:00,3.1
2025-06-12 11:04:00,82.2
2025-06-12 05:52:00,98.8
2025-06-12 15:04:00,19.2
2025-06-12 14:43:00,67.3
2025-06-12 01:41:00,21.0
2025-06-12 22:12:00,14.9
2025-06-12 21:01:00,11.0
2025-06-12 17:07:00,82.8
2025-06-12 12:35:00,84.0
2025-06-12 10:59:00,35.1
2025-06-12 20:12:00,49.660353652861794
2025-06-12 01:47:00,40.2
2025-06-12 15:12:00,47.1
2025-06-12 09:04:00,0.9
2025-06-12 18:18:00,58.1
2025-06-12 20:40:00,12.6
2025-06-12 11:06:00,87.0
2025-06-12 08:38:00,49.660353652861794
2025-06-12 06:46:00,1.0
2025-06-12 17:57:00,96.9
2025-06-12 07:25:00,63.5
2025-06-12 06:16:00,2.1
2025-06-12 04:06:00,76.0
2025-06-12 03:30:00,0.9
2025-06-12 19:35:00,49.660353652861794
2025-06-12 23:28:00,93.6
2025-06-12 04:32:00,49.660353652861794
2025-06-12 04:50:00,87.6
2025-06-12 17:17:00,73.0
2025-06-12 18:05:00,3.1
2025-06-12 11:37:00,50.2
2025-06-12 09:31:00,49.0
2025-06-12 12:37:00,76.6
2025-06-12 18:16:00,3.9
2025-06-12 11:22:00,82.6
2025-06-12 16:28:00,98.3
2025-06-12 13:02:00,54.6
2025-06-12 20:57:00,52.4
2025-06-12 14:36:00,22.2
2025-06-12 08:48:00,0.8
2025-06-12 06:06:00,59.4
2025-06-12 22:01:00,0.6
2025-06-12 22:48:00,49.660353652861794
2025-06-12 18:17:00,0.4
2025-06-12 12:37:00,70.6
2025-06-12 23:45:00,38.5
2025-06-12 05:43:00,49.660353652861794
2025-06-12 21:42:00,49.6
2025-06-12 22:14:00,49.660353652861794
2025-06-12 22:08:00,85.7
2025-06-12 14:20:00,70.7
2025-06-12 04:03:00,95.8
2025-06-12 03:31:00,88.8
2025-06-12 23:41:00,49.660353652861794
2025-06-12 12:38:00,29.8
2025-06-12 08:45:00,59.3
2025-06-12 19:24:00,61.1
2025-06-12 08:04:00,49.660353652861794
2025-06-12 07:02:00,43.2
2025-06-12 12:55:00,71.1
2025-06-12 10:52:00,59.7
2025-06-12 16:19:00,57.2
2025-06-12 00:21:00,49.660353652861794
2025-06-12 04:22:00,68.5
2025-06-12 10:31:00,75.0
2025-06-12 17:02:00,52.4
2025-06-12 22:36:00,96.5
2025-06-12 20:11:00,49.660353652861794
2025-06-12 08:51:00,1.8
2025-06-12 01:29:00,49.660353652861794
2025-06-12 13:02:00,49.660353652861794
2025-06-12 03:16:00,67.7
2025-06-12 08:25:00,53.0
2025-06-12 19:06:00,29.8
2025-06-12 17:02:00,13.4
2025-06-12 00:46:00,13.2
2025-06-12 03:30:00,58.4
2025-06-12 14:16:00,72.7
2025-06-12 18:44:00,48.2
2025-06-12 03:45:00,67.4
2025-06-12 08:59:00,92.8
2025-06-12 09:06:00,20.6
2025-06-12 21:44:00,24.2
2025-06-12 14:37:00,72.5
2025-06-12 12:05:00,40.2
2025-06-12 17:20:00,24.8
2025-06-12 06:54:00,62.2
2025-06-12 06:07:00,85.6
2025-06-12 06:11:00,1.9
2025-06-12 01:09:00,16.3
2025-06-12 06:49:00,89.9
2025-06-12 19:41:00,0.5
2025-06-12 03:02:00,52.0
2025-06-12 00:01:00,18.5
2025-06-12 16:33:00,81.1
2025-06-12 04:17:00,53.4
2025-06-12 21:14:00,49.660353652861794
2025-06-12 14:57:00,2.3
2025-06-12 05:17:00,78.7
2025-06-12 22:10:00,89.2
2025-06-12 10:04:00,66.8
2025-06-12 10:08:00,84.4
2025-06-12 20:45:00,48.5
2025-06-12 01:32:00,68.4
2025-06-12 06:43:00,14.3
2025-06-12 06:39:00,54.5
2025-06-12 16:34:00,63.6
2025-06-12 09:22:00,42.5
2025-06-12 16:29:00,6.5
2025-06-12 14:07:00,61.3
2025-06-12 23:24:00,49.660353652861794
2025-06-12 22:19:00,46.1
2025-06-12 12:41:00,70.2
2025-06-12 17:46:00,49.660353652861794
2025-06-12 08:19:00,14.5
2025-06-12 17:27:00,52.7
2025-06-12 04:27:00,49.660353652861794
2025-06-12 06:33:00,3.4
2025-06-12 15:38:00,68.6
2025-06-12 08:45:00,70.5
2025-06-12 12:22:00,27.4
2025-06-12 15:50:00,32.5
2025-06-12 13:36:00,23.1
2025-06-12 17:42:00,49.660353652861794
2025-06-12 07:08:00,91.1
2025-06-12 14:38:00,87.0
2025-06-12 11:05:00,57.5
2025-06-12 11:09:00,50.4
2025-06-12 12:03:00,44.1
2025-06-12 18:48:00,13.9
2025-06-12 13:27:00,49.6
2025-06-12 06:02:00,27.4
2025-06-12 06:44:00,66.3
2025-06-12 20:14:00,81.7
2025-06-12 20:52:00,34.7
2025-06-12 03:46:00,49.660353652861794
2025-06-12 19:34:00,52.0
2025-06-12 04:45:00,36.4
2025-06-12 07:04:00,13.8
2025-06-12 21:39:00,58.5
2025-06-12 20:52:00,60.7
2025-06-12 02:06:00,33.4
2025-06-12 23:18:00,61.7
2025-06-12 10:39:00,20.1
2025-06-12 19:11:00,3.2
2025-06-12 05:08:00,37.0
2025-06-12 01:49:00,17.4
2025-06-12 04:43:00,78.5
2025-06-12 21:04:00,71.0
2025-06-12 06:07:00,49.660353652861794
2025-06-12 06:10:00,41.4
2025-06-12 19:27:00,48.1
2025-06-12 23:25:00,80.7
2025-06-12 23:23:00,11.0
2025-06-12 00:04:00,18.2
2025-06-12 18:51:00,49.660353652861794
2025-06-12 07:19:00,16.3
2025-06-12 14:23:00,72.3
2025-06-12 15:40:00,19.3
2025-06-12 23:03:00,78.4
2025-06-12 06:14:00,79.2
2025-06-12 21:32:00,0.8
2025-06-12 11:42:00,64.9
2025-06-12 11:03:00,14.7
2025-06-12 05:08:00,49.660353652861794
2025-06-12 19:58:00,94.7
2025-06-12 14:39:00,49.660353652861794
2025-06-12 15:08:00,98.0
2025-06-12 06:13:00,52.7
2025-06-12 19:21:00,32.1
2025-06-12 00:59:00,49.660353652861794
2025-06-12 04:32:00,8.4
2025-06-12 18:50:00,49.660353652861794
2025-06-12 14:35:00,18.3
2025-06-12 08:15:00,56.1
2025-06-12 22:51:00,67.1
2025-06-12 14:30:00,28.6
2025-06-12 14:43:00,49.0
2025-06-12 09:18:00,91.7
2025-06-12 14:50:00,26.2
2025-06-12 14:08:00,61.3
2025-06-12 15:31:00,49.660353652861794
2025-06-12 10:43:00,78.7
2025-06-12 22:32:00,11.9
2025-06-12 13:59:00,64.9
2025-06-12 08:44:00,22.9
2025-06-12 05:16:00,49.660353652861794
2025-06-12 20:35:00,49.6
2025-06-12 13:14:00,49.660353652861794
2025-06-12 10:47:00,61.8
2025-06-12 19:49:00,15.4
2025-06-12 16:23:00,50.8
2025-06-12 18:37:00,37.2
2025-06-12 23:36:00,17.0
2025-06-12 13:17:00,49.660353652861794
2025-06-12 15:53:00,58.6
2025-06-12 01:46:00,49.660353652861794
2025-06-12 11:22:00,85.1
2025-06-12 07:55:00,24.9
2025-06-12 05:27:00,46.7
2025-06-12 09:46:00,82.1
2025-06-12 00:59:00,38.0
2025-06-12 21:35:00,55.6
2025-06-12 23:16:00,70.4
2025-06-12 16:54:00,92.3
2025-06-12 20:50:00,19.5
2025-06-12 11:35:00,95.4
2025-06-12 00:52:00,82.4
2025-06-12 02:45:00,29.8
2025-06-12 08:21:00,32.1
2025-06-12 10:30:00,28.2
2025-06-12 22:15:00,6.9
2025-06-12 21:24:00,41.5
2025-06-12 00:08:00,56.8
2025-06-12 06:58:00,26.6
2025-06-12 16:49:00,53.8
2025-06-12 17:25:00,86.6
2025-06-12 02:24:00,56.6
2025-06-12 02:56:00,36.9
2025-06-12 01:27:00,57.0
2025-06-12 15:41:00,49.660353652861794
2025-06-12 10:45:00,49.660353652861794
2025-06-12 06:34:00,61.8
2025-06-12 12:20:00,48.1
2025-06-12 07:49:00,96.1
2025-06-12 01:39:00,46.7
2025-06-12 11:27:00,99.3
2025-06-12 08:31:00,11.7
2025-06-12 07:16:00,38.1
2025-06-12 20:26:00,62.2
2025-06-12 19:48:00,49.660353652861794
2025-06-12 21:32:00,44.3
2025-06-12 16:42:00,55.0
2025-06-12 07:10:00,87.0
2025-06-12 02:39:00,8.9
2025-06-12 23:24:00,75.4
2025-06-12 11:40:00,58.6
2025-06-12 16:28:00,82.9
2025-06-12 15:28:00,24.5
2025-06-12 21:23:00,7.0
2025-06-12 00:14:00,20.4
2025-06-12 21:14:00,57.0
2025-06-12 16:48:00,73.9
2025-06-12 08:08:00,11.7
2025-06-12 07:59:00,86.8
2025-06-12 08:16:00,34.6
2025-06-12 01:25:00,2.0
2025-06-12 03:52:00,33.5
2025-06-12 23:19:00,49.9
2025-06-12 11:51:00,46.4
2025-06-12 18:48:00,7.5
2025-06-12 23:00:00,13.2
2025-06-12 08:35:00,49.660353652861794
2025-06-12 00:20:00,9.8
2025-06-12 20:00:00,58.4
2025-06-12 07:09:00,27.8
2025-06-12 15:47:00,73.4
2025-06-12 01:47:00,66.9
2025-06-12 22:41:00,77.4
2025-06-12 02:57:00,59.3
2025-06-12 10:36:00,7.7
2025-06-12 00:56:00,58.8
2025-06-12 21:43:00,49.660353652861794
2025-06-12 06:32:00,25.7
2025-06-12 16:34:00,98.3
2025-06-12 23:44:00,27.0
2025-06-12 03:49:00,17.2
2025-06-12 05:25:00,44.4
2025-06-12 09:55:00,67.5
2025-06-12 19:48:00,90.0
2025-06-12 10:03:00,55.3
2025-06-12 20:18:00,26.9
2025-06-12 08:03:00,7.4
2025-06-12 01:27:00,54.3
2025-06-12 12:44:00,95.6
2025-06-12 01:33:00,57.7
2025-06-12 22:51:00,53.2
2025-06-12 23:11:00,94.9
2025-06-12 02:22:00,89.8
2025-06-12 02:05:00,45.2
2025-06-12 13:27:00,65.1
2025-06-12 22:01:00,88.1
2025-06-12 18:37:00,32.6
2025-06-12 12:59:00,43.4
2025-06-12 23:03:00,78.3
2025-06-12 15:24:00,44.3
2025-06-12 10:07:00,30.2
2025-06-12 23:17:00,90.8
2025-06-12 07:53:00,81.9
2025-06-12 08:01:00,96.7
2025-06-12 18:17:00,7.7
2025-06-12 22:14:00,49.1
2025-06-12 22:32:00,60.7
2025-06-12 08:29:00,84.6
2025-06-12 13:19:00,81.2
2025-06-12 00:18:00,72.2
2025-06-12 09:37:00,78.7
2025-06-12 04:51:00,43.5
2025-06-12 10:31:00,49.660353652861794
2025-06-12 14:07:00,88.9
2025-06-12 09:56:00,34.1
2025-06-12 09:01:00,77.5
2025-06-12 06:29:00,49.660353652861794
2025-06-12 19:31:00,59.1
2025-06-12 11:14:00,34.0
2025-06-12 14:47:00,34.4
2025-06-12 20:38:00,33.3
2025-06-12 15:24:00,92.4
2025-06-12 09:53:00,61.8
2025-06-12 17:51:00,49.660353652861794
2025-06-12 07:20:00,57.9
2025-06-12 23:55:00,62.5
2025-06-12 04:44:00,88.2
2025-06-12 05:06:00,20.3
2025-06-12 23:27:00,34.3
2025-06-12 08:39:00,50.5
2025-06-12 04:16:00,76.5
2025-06-12 15:59:00,49.660353652861794
2025-06-12 15:33:00,33.8
2025-06-12 01:50:00,30.1
2025-06-12 23:00:00,18.3
2025-06-12 16:46:00,30.7
2025-06-12 20:20:00,22.0
2025-06-12 16:16:00,49.9804001872221
2025-06-12 20:04:00,64.6
2025-06-12 16:13:00,49.9804001872221
2025-06-12 18:00:00,67.9
2025-06-12 02:12:00,30.2
2025-06-12 20:06:00,49.9804001872221
2025-06-12 12:30:00,3.7
2025-06-12 13:07:00,49.9804001872221
2025-06-12 20:27:00,70.2
2025-06-12 08:44:00,17.2
2025-06-12 10:41:00,38.0
2025-06-12 02:58:00,49.9804001872221
2025-06-12 15:30:00,37.2
2025-06-12 14:07:00,10.2
2025-06-12 04:47:00,40.7
2025-06-12 14:07:00,91.2
2025-06-12 01:30:00,19.6
2025-06-12 23:35:00,49.9804001872221
2025-06-12 12:26:00,87.1
2025-06-12 19:04:00,61.7
2025-06-12 14:29:00,23.8
2025-06-12 09:48:00,19.5
2025-06-12 09:58:00,49.9804001872221
2025-06-12 01:33:00,31.8
2025-06-12 03:59:00,49.7
2025-06-12 15:31:00,35.3
2025-06-12 04:19:00,92.6
2025-06-12 21:10:00,49.9804001872221
2025-06-12 18:05:00,64.9
2025-06-12 02:22:00,49.9804001872221
2025-06-12 00:11:00,59.7
2025-06-12 17:01:00,86.8
2025-06-12 15:07:00,88.5
2025-06-12 01:19:00,88.5
2025-06-12 16:47:00,49.9804001872221
2025-06-12 05:36:00,67.0
2025-06-12 00:23:00,58.3
2025-06-12 09:45:00,24.2
2025-06-12 10:55:00,70.6
2025-06-12 13:21:00,49.9804001872221
2025-06-12 10:29:00,0.6
2025-06-12 09:38:00,62.7
2025-06-12 02:44:00,63.5
2025-06-12 17:31:00,28.3
2025-06-12 15:09:00,41.8
2025-06-12 08:41:00,49.9804001872221
2025-06-12 15:12:00,76.7
2025-06-12 07:08:00,43.1
2025-06-12 19:52:00,71.0
2025-06-12 09:15:00,61.4
2025-06-12 11:55:00,38.8
2025-06-12 07:48:00,49.9804001872221
2025-06-12 12:11:00,62.3
2025-06-12 08:41:00,81.6
2025-06-12 12:17:00,63.3
2025-06-12 02:09:00,65.1
2025-06-12 06:44:00,91.6
2025-06-12 08:09:00,1.5
2025-06-12 11:09:00,84.3
2025-06-12 09:51:00,78.3
2025-06-12 12:11:00,51.8
2025-06-12 23:36:00,94.9
2025-06-12 05:33:00,28.0
2025-06-12 02:51:00,90.6
2025-06-12 13:24:00,43.7
2025-06-12 11:02:00,49.9804001872221
2025-06-12 16:16:00,38.4
2025-06-12 00:58:00,8.3
2025-06-12 19:13:00,82.4
2025-06-12 17:29:00,82.9
2025-06-12 03:10:00,69.1
2025-06-12 02:52:00,51.1
2025-06-12 09:45:00,49.9804001872221
2025-06-12 08:04:00,39.0
2025-06-12 11:05:00,15.1
2025-06-12 21:25:00,37.1
2025-06-12 01:07:00,64.1
2025-06-12 18:59:00,43.5
2025-06-12 12:55:00,40.4
2025-06-12 08:33:00,40.4
2025-06-12 21:55:00,65.2
2025-06-12 12:10:00,18.0
2025-06-12 17:27:00,96.4
2025-06-12 10:36:00,91.2
2025-06-12 19:48:00,45.4
2025-06-12 08:24:00,5.2
2025-06-12 15:48:00,59.3
2025-06-12 23:40:00,91.6
2025-06-12 20:14:00,51.8
2025-06-12 02:38:00,17.9
2025-06-12 06:58:00,21.7
2025-06-12 03:47:00,13.1
2025-06-12 16:18:00,49.9804001872221
2025-06-12 03:51:00,60.8
2025-06-12 16:31:00,45.4
2025-06-12 07:03:00,69.6
2025-06-12 00:06:00,46.4
2025-06-12 00:51:00,63.9
2025-06-12 20:08:00,77.6
2025-06-12 12:15:00,75.3
2025-06-12 15:48:00,34.9
2025-06-12 15:33:00,33.9
2025-06-12 07:52:00,49.9804001872221
2025-06-12 03:46:00,52.5
2025-06-12 04:22:00,49.9804001872221
2025-06-12 01:00:00,11.1
2025-06-12 22:49:00,49.9804001872221
2025-06-12 04:20:00,29.1
2025-06-12 09:15:00,37.7
2025-06-12 09:13:00,9.8
2025-06-12 14:31:00,88.0
2025-06-12 19:06:00,50.8
2025-06-12 18:27:00,40.7
2025-06-12 22:48:00,75.6
2025-06-12 00:20:00,54.3
2025-06-12 19:50:00,88.2
2025-06-12 19:37:00,18.7
2025-06-12 07:06:00,65.1
2025-06-12 14:30:00,71.6
2025-06-12 06:06:00,88.6
2025-06-12 06:55:00,34.4
2025-06-12 02:18:00,21.4
2025-06-12 01:02:00,9.3
2025-06-12 05:00:00,84.6
2025-06-12 08:16:00,49.9804001872221
2025-06-12 18:29:00,12.7
2025-06-12 03:55:00,52.9
2025-06-12 10:30:00,41.4
2025-06-12 13:38:00,49.1
2025-06-12 23:49:00,27.8
2025-06-12 08:07:00,86.0
2025-06-12 16:13:00,49.9804001872221
2025-06-12 05:46:00,46.9
2025-06-12 00:30:00,6.4
2025-06-12 06:06:00,49.9804001872221
2025-06-12 18:56:00,76.6
2025-06-12 08:33:00,17.1
2025-06-12 00:28:00,76.7
2025-06-12 13:18:00,49.9804001872221
2025-06-12 05:30:00,45.3
2025-06-12 03:20:00,68.0
2025-06-12 15:54:00,55.9
2025-06-12 06:55:00,49.9804001872221
2025-06-12 21:31:00,49.9804001872221
2025-06-12 11:20:00,64.2
2025-06-12 00:36:00,77.3
2025-06-12 07:38:00,49.9804001872221
2025-06-12 19:45:00,24.5
2025-06-12 03:16:00,55.7
2025-06-12 18:46:00,72.3
2025-06-12 15:34:00,89.3
2025-06-12 14:20:00,49.9804001872221
2025-06-12 21:13:00,24.2
2025-06-12 22:01:00,87.9
2025-06-12 23:06:00,98.5
2025-06-12 12:00:00,14.4
2025-06-12 00:50:00,63.0
2025-06-12 05:07:00,82.8
2025-06-12 02:02:00,82.9
2025-06-12 23:34:00,61.3
2025-06-12 08:56:00,7.7
2025-06-12 08:54:00,78.3
2025-06-12 21:13:00,3.8
2025-06-12 03:57:00,78.6
2025-06-12 13:22:00,86.1
2025-06-12 07:42:00,9.2
2025-06-12 22:30:00,31.0
2025-06-12 04:48:00,79.5
2025-06-12 14:12:00,68.9
2025-06-12 23:40:00,44.7
2025-06-12 11:22:00,93.9
2025-06-12 16:49:00,49.9804001872221
2025-06-12 16:12:00,49.9804001872221
2025-06-12 04:36:00,95.3
2025-06-12 07:49:00,63.3
2025-06-12 10:14:00,0.9
2025-06-12 22:52:00,44.8
2025-06-12 01:05:00,65.9
2025-06-12 19:38:00,65.5
2025-06-12 02:26:00,90.9
2025-06-12 18:58:00,24.5
2025-06-12 06:24:00,46.7
2025-06-12 10:09:00,2.6
2025-06-12 15:49:00,45.7
2025-06-12 18:06:00,12.3
2025-06-12 06:45:00,49.9804001872221
2025-06-12 18:40:00,49.9804001872221
2025-06-12 16:33:00,73.0
2025-06-12 09:27:00,15.5
2025-06-12 02:00:00,1.3
2025-06-12 00:35:00,46.9
2025-06-12 14:43:00,71.1
2025-06-12 08:43:00,13.7
2025-06-12 03:48:00,39.6
2025-06-12 15:26:00,29.9
2025-06-12 08:36:00,22.5
2025-06-12 17:46:00,55.9
2025-06-12 14:40:00,4.7
2025-06-12 06:20:00,87.2
2025-06-12 10:14:00,18.1
2025-06-12 15:17:00,71.2
2025-06-12 15:49:00,92.8
2025-06-12 05:50:00,70.0
2025-06-12 22:30:00,36.6
2025-06-12 07:04:00,16.3
2025-06-12 06:49:00,2.8
2025-06-12 07:20:00,26.7
2025-06-12 15:45:00,65.9
2025-06-12 04:06:00,80.6
2025-06-12 14:33:00,35.2
2025-06-12 13:34:00,89.3
2025-06-12 06:35:00,15.7
2025-06-12 08:29:00,10.4
2025-06-12 11:07:00,85.3
2025-06-12 10:30:00,9.2
2025-06-12 09:26:00,78.8
2025-06-12 22:54:00,81.8
2025-06-12 14:06:00,49.9804001872221
2025-06-12 11:37:00,28.4
2025-06-12 09:48:00,49.9804001872221
2025-06-12 16:48:00,86.8
2025-06-12 02:01:00,6.3
2025-06-12 21:41:00,35.8
2025-06-12 09:18:00,97.2
2025-06-12 19:52:00,19.1
2025-06-12 20:02:00,42.1
2025-06-12 23:43:00,11.9
2025-06-12 03:49:00,94.9
2025-06-12 09:15:00,8.8
2025-06-12 04:45:00,61.3
2025-06-12 23:01:00,64.5
2025-06-12 01:56:00,17.8
2025-06-12 08:07:00,34.3
2025-06-12 09:26:00,49.9804001872221
2025-06-12 03:07:00,56.2
2025-06-12 09:39:00,60.5
2025-06-12 02:47:00,83.1
2025-06-12 23:58:00,51.3
2025-06-12 00:53:00,85.4
2025-06-12 02:37:00,38.5
2025-06-12 17:04:00,12.9
2025-06-12 01:45:00,63.4
2025-06-12 11:51:00,96.9
2025-06-12 16:36:00,33.9
2025-06-12 03:00:00,0.3
2025-06-12 06:53:00,49.9804001872221
2025-06-12 04:35:00,67.1
2025-06-12 03:35:00,47.2
2025-06-12 19:59:00,18.7
2025-06-12 14:50:00,69.6
2025-06-12 19:14:00,65.4
2025-06-12 07:17:00,84.1
2025-06-12 05:59:00,57.8
2025-06-12 18:45:00,49.9804001872221
2025-06-12 21:22:00,50.5
2025-06-12 01:52:00,60.5
2025-06-12 15:48:00,39.3
2025-06-12 23:52:00,49.9804001872221
2025-06-12 02:36:00,82.0
2025-06-12 05:42:00,86.5
2025-06-12 08:24:00,8.0
2025-06-12 13:09:00,21.9
2025-06-12 14:33:00,51.2
2025-06-12 05:47:00,62.3
2025-06-12 04:57:00,49.9804001872221
2025-06-12 15:46:00,34.8
2025-06-12 04:22:00,7.1
2025-06-12 08:41:00,57.0
2025-06-12 10:19:00,49.9804001872221
2025-06-12 19:58:00,11.1
2025-06-12 23:37:00,26.7
2025-06-12 01:21:00,87.7
2025-06-12 20:25:00,18.1
2025-06-12 00:44:00,72.5
2025-06-12 00:00:00,41.2
2025-06-12 11:35:00,91.7
2025-06-12 05:02:00,72.1
2025-06-12 12:57:00,68.2
2025-06-12 15:20:00,32.1
2025-06-12 12:26:00,57.8
2025-06-12 12:12:00,51.1
2025-06-12 11:46:00,32.9
2025-06-12 23:25:00,98.7
2025-06-12 18:09:00,62.4
2025-06-12 11:44:00,47.9
2025-06-12 23:01:00,22.7
2025-06-12 19:55:00,82.8
2025-06-12 12:56:00,29.9
2025-06-12 09:55:00,31.8
2025-06-12 16:52:00,38.6
2025-06-12 00:50:00,48.9
2025-06-12 16:26:00,41.8
2025-06-12 17:23:00,30.6
2025-06-12 13:07:00,53.9
2025-06-12 00:50:00,49.9804001872221
2025-06-12 04:30:00,74.6
2025-06-12 11:37:00,19.2
2025-06-12 14:39:00,43.4
2025-06-12 12:55:00,26.0
2025-06-12 12:43:00,66.4
2025-06-12 19:10:00,76.9
2025-06-12 08:29:00,60.7
2025-06-12 01:54:00,77.4
2025-06-12 17:30:00,49.9804001872221
2025-06-12 03:47:00,17.2
2025-06-12 12:59:00,54.4
2025-06-12 14:33:00,30.3
2025-06-12 14:43:00,29.4
2025-06-12 10:48:00,87.6
2025-06-12 11:32:00,10.6
2025-06-12 15:11:00,49.9804001872221
2025-06-12 20:26:00,3.3
2025-06-12 15:33:00,55.7
2025-06-12 15:27:00,70.0
2025-06-12 11:18:00,49.9804001872221
2025-06-12 17:47:00,11.4
2025-06-12 19:40:00,63.0
2025-06-12 00:14:00,76.3
2025-06-12 08:57:00,5.3
2025-06-12 17:58:00,5.8
2025-06-12 16:25:00,42.2
2025-06-12 03:33:00,49.9804001872221
2025-06-12 15:44:00,92.1
2025-06-12 23:12:00,47.1
2025-06-12 05:17:00,49.9804001872221
2025-06-12 09:19:00,93.5
2025-06-12 12:37:00,30.9
2025-06-12 21:41:00,49.9804001872221
2025-06-12 03:06:00,86.5
2025-06-12 03:29:00,6.7
2025-06-12 18:40:00,21.6
2025-06-12 17:43:00,35.4
2025-06-12 13:26:00,20.2
2025-06-12 01:36:00,49.9804001872221
2025-06-12 19:04:00,71.1
2025-06-12 22:40:00,40.9
2025-06-12 08:38:00,39.3
2025-06-12 08:02:00,8.6
2025-06-12 05:25:00,31.2
2025-06-12 04:38:00,49.9804001872221
2025-06-12 16:33:00,51.1
2025-06-12 22:38:00,13.5
2025-06-12 21:36:00,59.7
2025-06-12 02:21:00,99.4
2025-06-12 02:40:00,52.2
2025-06-12 07:30:00,61.5
2025-06-12 07:29:00,82.5
2025-06-12 04:05:00,73.5
2025-06-12 23:53:00,48.7
2025-06-12 06:13:00,91.1
2025-06-12 16:52:00,62.8
2025-06-12 17:30:00,83.4
2025-06-12 10:37:00,12.1
2025-06-12 10:57:00,71.1
2025-06-12 02:40:00,68.9
2025-06-12 13:32:00,32.3
2025-06-12 00:38:00,37.9
2025-06-12 11:36:00,5.9
2025-06-12 04:28:00,13.0
2025-06-12 10:57:00,19.5
2025-06-12 13:48:00,86.1
2025-06-12 17:52:00,83.0
2025-06-12 06:56:00,49.6
2025-06-12 06:39:00,52.6
2025-06-12 14:14:00,49.659483264826775
2025-06-12 22:04:00,49.659483264826775
2025-06-12 10:04:00,41.4
2025-06-12 18:24:00,49.659483264826775
2025-06-12 10:28:00,45.3
2025-06-12 03:07:00,97.0
2025-06-12 04:09:00,62.5
2025-06-12 20:19:00,49.659483264826775
2025-06-12 05:35:00,52.4
2025-06-12 11:13:00,51.0
2025-06-12 01:12:00,53.5
2025-06-12 08:26:00,12.1
2025-06-12 11:32:00,72.8
2025-06-12 19:21:00,49.659483264826775
2025-06-12 22:35:00,49.659483264826775
2025-06-12 00:20:00,49.659483264826775
2025-06-12 00:34:00,49.659483264826775
2025-06-12 08:55:00,75.8
2025-06-12 02:39:00,0.0
2025-06-12 10:47:00,88.3
2025-06-12 11:55:00,91.2
2025-06-12 20:18:00,77.6
2025-06-12 16:35:00,49.659483264826775
2025-06-12 12:51:00,49.659483264826775
2025-06-12 21:33:00,64.2
2025-06-12 16:50:00,75.0
2025-06-12 03:40:00,80.0
2025-06-12 01:31:00,5.1
2025-06-12 15:45:00,97.2
2025-06-12 15:56:00,65.8
2025-06-12 12:16:00,69.4
2025-06-12 02:23:00,60.8
2025-06-12 01:17:00,96.2
2025-06-12 03:45:00,76.8
2025-06-12 16:27:00,79.2
2025-06-12 07:30:00,77.0
2025-06-12 09:34:00,46.8
2025-06-12 20:09:00,7.1
2025-06-12 05:45:00,2.4
2025-06-12 03:00:00,49.659483264826775
2025-06-12 08:10:00,82.3
2025-06-12 06:16:00,51.6
2025-06-12 06:55:00,82.6
2025-06-12 23:19:00,62.2
2025-06-12 00:24:00,83.4
2025-06-12 08:28:00,92.4
2025-06-12 07:05:00,49.659483264826775
2025-06-12 03:06:00,2.2
2025-06-12 09:02:00,49.659483264826775
2025-06-12 16:45:00,67.0
2025-06-12 20:38:00,49.659483264826775
2025-06-12 08:28:00,54.6
2025-06-12 01:10:00,84.9
2025-06-12 19:10:00,76.0
2025-06-12 06:39:00,31.5
2025-06-12 17:53:00,55.6
2025-06-12 17:16:00,39.9
2025-06-12 06:56:00,55.2
2025-06-12 19:58:00,36.5
2025-06-12 02:59:00,13.7
2025-06-12 13:46:00,10.0
2025-06-12 20:15:00,62.6
2025-06-12 12:45:00,34.2
2025-06-12 23:33:00,49.659483264826775
2025-06-12 02:51:00,32.0
2025-06-12 14:41:00,97.2
2025-06-12 07:28:00,18.3
2025-06-12 17:13:00,63.8
2025-06-12 06:06:00,96.7
2025-06-12 07:25:00,16.3
2025-06-12 14:39:00,31.0
2025-06-12 09:33:00,35.7
2025-06-12 10:18:00,49.659483264826775
2025-06-12 03:14:00,32.3
2025-06-12 23:18:00,49.659483264826775
2025-06-12 13:23:00,26.1
2025-06-12 20:35:00,2.7
2025-06-12 00:56:00,49.659483264826775
2025-06-12 14:44:00,8.5
2025-06-12 07:53:00,98.4
2025-06-12 09:59:00,82.7
2025-06-12 03:26:00,90.9
2025-06-12 03:01:00,80.0
2025-06-12 07:18:00,49.659483264826775
2025-06-12 22:08:00,85.4
2025-06-12 18:10:00,71.4
2025-06-12 12:51:00,74.7
2025-06-12 01:08:00,46.3
2025-06-12 07:32:00,88.0
2025-06-12 18:18:00,49.659483264826775
2025-06-12 09:17:00,49.659483264826775
2025-06-12 14:06:00,86.8
2025-06-12 13:43:00,61.3
2025-06-12 15:05:00,8.0
2025-06-12 10:11:00,74.3
2025-06-12 21:10:00,65.9
2025-06-12 14:59:00,57.8
2025-06-12 09:40:00,50.0
2025-06-12 03:09:00,70.2
2025-06-12 13:35:00,25.6
2025-06-12 02:54:00,52.4
2025-06-12 11:39:00,46.4
2025-06-12 06:53:00,69.8
2025-06-12 13:37:00,23.5
2025-06-12 15:41:00,82.6
2025-06-12 14:35:00,51.5
2025-06-12 17:05:00,36.1
2025-06-12 12:15:00,19.5
2025-06-12 06:28:00,64.0
2025-06-12 07:08:00,94.1
2025-06-12 21:37:00,49.7
2025-06-12 10:33:00,49.659483264826775
2025-06-12 08:23:00,6.4
2025-06-12 12:30:00,2.3
2025-06-12 06:08:00,58.1
2025-06-12 11:31:00,49.659483264826775
2025-06-12 07:07:00,0.2
2025-06-12 12:52:00,79.5
2025-06-12 06:09:00,49.659483264826775
2025-06-12 21:21:00,30.9
2025-06-12 20:56:00,84.6
2025-06-12 12:53:00,62.3
2025-06-12 22:12:00,95.9
2025-06-12 20:17:00,43.2
2025-06-12 09:54:00,73.5
2025-06-12 10:38:00,4.4
2025-06-12 19:17:00,8.0
2025-06-12 16:26:00,49.659483264826775
2025-06-12 13:02:00,49.659483264826775
2025-06-12 17:08:00,31.7
2025-06-12 06:02:00,90.1
2025-06-12 20:55:00,49.659483264826775
2025-06-12 18:50:00,41.6
2025-06-12 01:57:00,42.9
2025-06-12 17:53:00,12.8
2025-06-12 16:11:00,67.1
2025-06-12 21:50:00,54.3
2025-06-12 18:26:00,30.8
2025-06-12 15:54:00,34.3
2025-06-12 17:23:00,37.8
2025-06-12 03:04:00,32.2
2025-06-12 13:06:00,25.3
2025-06-12 20:18:00,90.2
2025-06-12 03:18:00,64.2
2025-06-12 08:03:00,13.1
2025-06-12 19:30:00,49.659483264826775
2025-06-12 01:49:00,71.9
2025-06-12 08:25:00,95.4
2025-06-12 06:19:00,8.0
2025-06-12 17:01:00,49.659483264826775
2025-06-12 10:40:00,19.1
2025-06-12 13:48:00,1.5
2025-06-12 15:06:00,97.6
2025-06-12 08:52:00,99.6
2025-06-12 12:03:00,60.1
2025-06-12 18:57:00,15.4
2025-06-12 17:52:00,0.4
2025-06-12 16:05:00,83.2
2025-06-12 16:24:00,41.3
2025-06-12 16:04:00,49.659483264826775
2025-06-12 00:58:00,84.3
2025-06-12 13:31:00,60.4
2025-06-12 04:52:00,36.6
2025-06-12 18:00:00,51.1
2025-06-12 06:25:00,85.9
2025-06-12 17:52:00,49.659483264826775
2025-06-12 06:02:00,45.5
2025-06-12 05:55:00,14.7
2025-06-12 07:11:00,28.1
2025-06-12 16:43:00,35.3
2025-06-12 11:54:00,95.0
2025-06-12 14:27:00,94.2
2025-06-12 18:13:00,73.0
2025-06-12 10:10:00,38.8
2025-06-12 21:36:00,58.2
2025-06-12 13:07:00,39.2
2025-06-12 02:31:00,56.8
2025-06-12 19:45:00,42.6
2025-06-12 04:27:00,88.2
2025-06-12 16:10:00,55.5
2025-06-12 05:48:00,62.7
2025-06-12 14:39:00,49.659483264826775
2025-06-12 07:05:00,20.6
2025-06-12 21:31:00,49.659483264826775
2025-06-12 02:02:00,51.7
2025-06-12 19:55:00,49.6
2025-06-12 09:49:00,71.6
2025-06-12 03:37:00,47.3
2025-06-12 22:56:00,49.659483264826775
2025-06-12 15:29:00,24.9
2025-06-12 07:46:00,10.6
2025-06-12 18:15:00,18.1
2025-06-12 04:12:00,7.8
2025-06-12 21:12:00,53.6
2025-06-12 07:12:00,96.9
2025-06-12 05:32:00,57.1
2025-06-12 19:35:00,0.9
2025-06-12 05:50:00,49.659483264826775
2025-06-12 09:51:00,9.8
2025-06-12 10:19:00,64.7
2025-06-12 19:50:00,44.2
2025-06-12 16:54:00,54.4
2025-06-12 16:06:00,72.3
2025-06-12 14:49:00,45.2
2025-06-12 02:30:00,81.6
2025-06-12 12:11:00,84.1
2025-06-12 22:07:00,30.3
2025-06-12 08:32:00,72.3
2025-06-12 07:40:00,27.7
2025-06-12 21:04:00,28.0
2025-06-12 05:22:00,81.8
2025-06-12 18:56:00,49.659483264826775
2025-06-12 11:17:00,66.8
2025-06-12 23:41:00,41.2
2025-06-12 22:36:00,49.659483264826775
2025-06-12 17:10:00,49.659483264826775
2025-06-12 01:43:00,44.7
2025-06-12 02:26:00,16.8
2025-06-12 04:36:00,92.8
2025-06-12 14:18:00,1.8
2025-06-12 18:04:00,6.7
2025-06-12 02:24:00,47.5
2025-06-12 22:57:00,58.5
2025-06-12 07:27:00,49.659483264826775
2025-06-12 03:12:00,49.659483264826775
2025-06-12 20:53:00,62.5
2025-06-12 11:41:00,49.659483264826775
2025-06-12 08:28:00,44.9
2025-06-12 16:16:00,49.659483264826775
2025-06-12 07:51:00,33.0
2025-06-12 06:39:00,68.3
2025-06-12 00:24:00,4.5
2025-06-12 01:07:00,32.4
2025-06-12 14:11:00,69.1
2025-06-12 14:46:00,26.1
2025-06-12 18:11:00,44.7
2025-06-12 22:10:00,49.659483264826775
2025-06-12 19:28:00,25.0
2025-06-12 17:09:00,46.8
2025-06-12 03:22:00,55.8
2025-06-12 15:50:00,96.6
2025-06-12 02:58:00,73.8
2025-06-12 16:43:00,49.659483264826775
2025-06-12 08:27:00,96.7
2025-06-12 06:54:00,99.5
2025-06-12 03:52:00,96.1
2025-06-12 22:06:00,67.4
2025-06-12 16:02:00,49.659483264826775
2025-06-12 13:54:00,26.9
2025-06-12 05:27:00,42.8
2025-06-12 00:15:00,40.1
2025-06-12 15:37:00,38.9
2025-06-12 13:31:00,49.659483264826775
2025-06-12 15:07:00,46.1
2025-06-12 05:12:00,82.6
2025-06-12 15:08:00,21.0
2025-06-12 21:30:00,97.3
2025-06-12 11:25:00,76.5
2025-06-12 21:16:00,94.8
2025-06-12 14:40:00,22.4
2025-06-12 17:03:00,70.5
2025-06-12 02:32:00,85.0
2025-06-12 01:56:00,70.7
2025-06-12 04:23:00,25.4
2025-06-12 17:26:00,45.4
2025-06-12 02:38:00,88.8
2025-06-12 07:14:00,26.1
2025-06-12 06:59:00,49.659483264826775
2025-06-12 18:10:00,76.1
2025-06-12 14:25:00,48.2
2025-06-12 19:39:00,72.9
2025-06-12 04:23:00,88.8
2025-06-12 03:16:00,4.8
2025-06-12 14:12:00,62.0
2025-06-12 19:53:00,49.659483264826775
2025-06-12 09:41:00,80.0
2025-06-12 23:40:00,56.1
2025-06-12 14:02:00,54.2
2025-06-12 06:19:00,28.7
2025-06-12 13:02:00,85.3
2025-06-12 15:10:00,6.5
2025-06-12 01:16:00,4.1
2025-06-12 23:36:00,28.5
2025-06-12 21:56:00,39.0
2025-06-12 01:08:00,49.659483264826775
2025-06-12 18:06:00,9.4
2025-06-12 16:51:00,45.1
2025-06-12 05:42:00,31.7
2025-06-12 09:51:00,97.3
2025-06-12 16:15:00,69.8
2025-06-12 02:58:00,25.7
2025-06-12 03:32:00,20.8
2025-06-12 04:39:00,22.6
2025-06-12 05:33:00,40.5
2025-06-12 21:08:00,99.8
2025-06-12 15:46:00,55.9
2025-06-12 02:28:00,49.659483264826775
2025-06-12 05:34:00,73.5
2025-06-12 04:24:00,15.3
2025-06-12 10:20:00,21.4
2025-06-12 12:01:00,33.1
2025-06-12 02:40:00,49.659483264826775
2025-06-12 04:05:00,68.8
2025-06-12 06:36:00,94.1
2025-06-12 04:45:00,45.4
2025-06-12 02:54:00,19.0
2025-06-12 14:48:00,49.732274758880266
2025-06-12 08:48:00,32.3
2025-06-12 20:46:00,89.2
2025-06-12 01:49:00,17.6
2025-06-12 21:46:00,17.8
2025-06-12 06:52:00,81.2
2025-06-12 22:00:00,64.5
2025-06-12 21:32:00,87.5
2025-06-12 05:23:00,49.732274758880266
2025-06-12 12:36:00,19.8
2025-06-12 10:28:00,0.2
2025-06-12 15:18:00,40.5
2025-06-12 18:15:00,17.9
2025-06-12 19:20:00,49.2
2025-06-12 17:13:00,70.8
2025-06-12 04:16:00,14.2
2025-06-12 14:02:00,16.4
2025-06-12 20:50:00,49.732274758880266
2025-06-12 01:04:00,70.5
2025-06-12 13:05:00,62.5
2025-06-12 23:21:00,58.8
2025-06-12 11:26:00,38.1
2025-06-12 16:03:00,91.7
2025-06-12 01:39:00,12.1
2025-06-12 05:11:00,80.2
2025-06-12 07:58:00,42.8
2025-06-12 21:01:00,83.9
2025-06-12 06:22:00,16.6
2025-06-12 19:43:00,10.1
2025-06-12 07:37:00,8.9
2025-06-12 08:36:00,41.5
2025-06-12 16:41:00,49.732274758880266
2025-06-12 13:38:00,49.732274758880266
2025-06-12 18:06:00,49.732274758880266
2025-06-12 11:35:00,72.9
2025-06-12 18:56:00,63.2
2025-06-12 18:17:00,49.732274758880266
2025-06-12 01:03:00,81.7
2025-06-12 09:45:00,49.732274758880266
2025-06-12 01:46:00,42.7
2025-06-12 13:08:00,60.6
2025-06-12 11:12:00,88.5
2025-06-12 01:25:00,49.732274758880266
2025-06-12 12:46:00,55.1
2025-06-12 17:14:00,20.3
2025-06-12 02:30:00,58.4
2025-06-12 23:49:00,12.7
2025-06-12 04:26:00,23.4
2025-06-12 05:58:00,98.8
2025-06-12 21:35:00,73.5
2025-06-12 19:56:00,15.4
2025-06-12 10:14:00,49.732274758880266
2025-06-12 06:28:00,89.6
2025-06-12 13:50:00,49.732274758880266
2025-06-12 14:32:00,46.6
2025-06-12 06:02:00,60.9
2025-06-12 07:14:00,52.8
2025-06-12 07:38:00,95.4
2025-06-12 03:43:00,51.8
2025-06-12 21:18:00,1.1
2025-06-12 16:59:00,94.5
2025-06-12 21:36:00,49.2
2025-06-12 17:40:00,8.8
2025-06-12 14:01:00,14.6
2025-06-12 17:17:00,68.1
2025-06-12 23:03:00,49.732274758880266
2025-06-12 04:20:00,19.8
2025-06-12 05:15:00,92.9
2025-06-12 23:26:00,51.2
2025-06-12 17:24:00,89.8
2025-06-12 13:44:00,49.732274758880266
2025-06-12 16:50:00,99.5
2025-06-12 11:08:00,49.732274758880266
2025-06-12 10:36:00,18.6
2025-06-12 18:31:00,67.7
2025-06-12 10:48:00,49.732274758880266
2025-06-12 08:09:00,62.3
2025-06-12 14:43:00,18.2
2025-06-12 08:05:00,15.6
2025-06-12 04:33:00,51.8
2025-06-12 23:08:00,49.732274758880266
2025-06-12 09:59:00,38.9
2025-06-12 18:28:00,41.7
2025-06-12 05:54:00,44.7
2025-06-12 02:15:00,82.6
2025-06-12 21:58:00,59.9
2025-06-12 18:52:00,75.5
2025-06-12 07:01:00,16.2
2025-06-12 11:39:00,7.9
2025-06-12 19:41:00,85.0
2025-06-12 23:53:00,74.9
2025-06-12 11:53:00,90.4
2025-06-12 13:43:00,49.732274758880266
2025-06-12 15:47:00,6.3
2025-06-12 00:31:00,42.1
2025-06-12 17:40:00,49.732274758880266
2025-06-12 09:40:00,56.4
2025-06-12 21:53:00,70.1
2025-06-12 06:58:00,72.7
2025-06-12 23:10:00,88.8
2025-06-12 01:12:00,46.7
2025-06-12 07:28:00,62.9
2025-06-12 03:40:00,80.0
2025-06-12 18:02:00,49.732274758880266
2025-06-12 13:42:00,52.0
2025-06-12 00:18:00,68.4
2025-06-12 06:58:00,84.9
2025-06-12 18:34:00,32.5
2025-06-12 05:26:00,80.2
2025-06-12 10:28:00,43.8
2025-06-12 11:16:00,48.4
2025-06-12 21:26:00,80.0
2025-06-12 02:08:00,66.3
2025-06-12 00:52:00,48.0
2025-06-12 15:50:00,19.9
2025-06-12 08:34:00,61.7
2025-06-12 17:44:00,82.9
2025-06-12 10:26:00,8.2
2025-06-12 11:18:00,64.1
2025-06-12 09:21:00,66.7
2025-06-12 08:02:00,43.4
2025-06-12 00:25:00,25.2
2025-06-12 02:02:00,49.732274758880266
2025-06-12 16:22:00,17.0
2025-06-12 06:44:00,7.7
2025-06-12 19:09:00,76.6
2025-06-12 13:19:00,49.732274758880266
2025-06-12 10:49:00,48.5
2025-06-12 20:14:00,30.5
2025-06-12 03:00:00,43.1
2025-06-12 05:24:00,63.5
2025-06-12 18:41:00,76.4
2025-06-12 07:20:00,50.8
2025-06-12 04:07:00,31.1
2025-06-12 02:07:00,63.4
2025-06-12 08:21:00,37.4
2025-06-12 13:29:00,76.8
2025-06-12 14:46:00,66.6
2025-06-12 22:18:00,48.2
2025-06-12 18:05:00,96.6
2025-06-12 03:32:00,49.732274758880266
2025-06-12 11:32:00,46.0
2025-06-12 18:25:00,60.2
2025-06-12 20:10:00,55.9
2025-06-12 04:36:00,6.6
2025-06-12 19:09:00,24.8
2025-06-12 02:54:00,49.732274758880266
2025-06-12 16:21:00,11.9
2025-06-12 19:29:00,42.8
2025-06-12 08:05:00,42.0
2025-06-12 10:17:00,48.0
2025-06-12 12:48:00,71.6
2025-06-12 03:33:00,11.5
2025-06-12 20:53:00,49.732274758880266
2025-06-12 18:26:00,7.5
2025-06-12 23:00:00,93.5
2025-06-12 11:57:00,7.1
2025-06-12 20:48:00,37.1
2025-06-12 15:42:00,54.5
2025-06-12 03:34:00,21.0
2025-06-12 19:04:00,54.5
2025-06-12 15:14:00,31.4
2025-06-12 14:30:00,94.2
2025-06-12 17:35:00,93.5
2025-06-12 00:25:00,49.732274758880266
2025-06-12 22:18:00,75.1
2025-06-12 01:08:00,15.2
2025-06-12 15:42:00,63.0
2025-06-12 04:25:00,49.732274758880266
2025-06-12 10:21:00,30.3
2025-06-12 02:55:00,49.732274758880266
2025-06-12 04:29:00,86.2
2025-06-12 03:58:00,12.6
2025-06-12 00:27:00,89.4
2025-06-12 16:49:00,90.0
2025-06-12 07:08:00,42.8
2025-06-12 05:46:00,49.732274758880266
2025-06-12 18:20:00,59.3
2025-06-12 01:16:00,49.732274758880266
2025-06-12 16:22:00,47.9
2025-06-12 13:21:00,25.5
2025-06-12 02:16:00,80.6
2025-06-12 16:14:00,44.3
2025-06-12 06:28:00,7.8
2025-06-12 15:03:00,42.7
2025-06-12 15:26:00,63.1
2025-06-12 11:39:00,30.0
2025-06-12 20:17:00,49.732274758880266
2025-06-12 08:52:00,76.5
2025-06-12 12:12:00,76.1
2025-06-12 12:48:00,65.9
2025-06-12 07:54:00,39.8
2025-06-12 10:59:00,63.6
2025-06-12 20:24:00,97.9
2025-06-12 22:19:00,37.9
2025-06-12 18:32:00,57.6
2025-06-12 12:56:00,33.8
2025-06-12 17:07:00,49.732274758880266
2025-06-12 21:22:00,3.3
2025-06-12 03:54:00,76.1
2025-06-12 17:42:00,58.6
2025-06-12 18:54:00,30.1
2025-06-12 01:20:00,39.2
2025-06-12 22:21:00,10.4
2025-06-12 10:49:00,70.5
2025-06-12 21:24:00,15.1
2025-06-12 06:32:00,79.1
2025-06-12 23:58:00,77.5
2025-06-12 00:36:00,49.732274758880266
2025-06-12 06:45:00,43.7
2025-06-12 14:20:00,0.3
2025-06-12 15:32:00,40.1
2025-06-12 11:58:00,49.732274758880266
2025-06-12 10:24:00,49.732274758880266
2025-06-12 13:15:00,76.8
2025-06-12 04:23:00,10.5
2025-06-12 23:29:00,60.8
2025-06-12 22:23:00,7.5
2025-06-12 12:53:00,34.9
2025-06-12 21:00:00,81.9
2025-06-12 19:07:00,12.5
2025-06-12 22:14:00,15.8
2025-06-12 20:27:00,51.2
2025-06-12 16:49:00,42.9
2025-06-12 10:29:00,45.2
2025-06-12 15:58:00,52.6
2025-06-12 17:56:00,49.732274758880266
2025-06-12 21:18:00,24.2
2025-06-12 04:49:00,58.9
2025-06-12 06:54:00,94.1
2025-06-12 21:27:00,79.8
2025-06-12 09:28:00,31.2
2025-06-12 20:14:00,68.2
2025-06-12 08:19:00,57.5
2025-06-12 06:30:00,49.732274758880266
2025-06-12 18:46:00,49.732274758880266
2025-06-12 06:05:00,49.732274758880266
2025-06-12 10:31:00,49.732274758880266
2025-06-12 18:19:00,52.0
2025-06-12 23:19:00,47.5
2025-06-12 10:45:00,49.732274758880266
2025-06-12 12:31:00,49.732274758880266
2025-06-12 13:06:00,4.6
2025-06-12 08:54:00,76.1
2025-06-12 10:02:00,33.2
2025-06-12 08:38:00,49.4
2025-06-12 08:45:00,97.3
2025-06-12 07:37:00,70.9
2025-06-12 16:35:00,15.6
2025-06-12 22:14:00,5.9
2025-06-12 00:36:00,96.3
2025-06-12 00:21:00,90.3
2025-06-12 12:11:00,36.8
2025-06-12 06:35:00,30.3
2025-06-12 21:37:00,83.7
2025-06-12 21:52:00,32.5
2025-06-12 05:14:00,71.1
2025-06-12 04:35:00,67.1
2025-06-12 09:51:00,87.9
2025-06-12 18:48:00,5.4
2025-06-12 11:17:00,74.2
2025-06-12 16:28:00,89.4
2025-06-12 21:45:00,31.5
2025-06-12 23:58:00,37.5
2025-06-12 17:31:00,97.5
2025-06-12 15:46:00,64.7
2025-06-12 09:51:00,70.5
2025-06-12 15:08:00,43.0
2025-06-12 12:36:00,28.4
2025-06-12 21:26:00,23.0
2025-06-12 15:28:00,42.7
2025-06-12 16:40:00,49.732274758880266
2025-06-12 10:44:00,22.6
2025-06-12 21:10:00,12.2
2025-06-12 06:58:00,52.3
2025-06-12 05:24:00,32.0
2025-06-12 08:18:00,49.6
2025-06-12 07:22:00,29.2
2025-06-12 16:09:00,78.6
2025-06-12 08:45:00,10.6
2025-06-12 21:13:00,69.1
2025-06-12 13:16:00,42.7
2025-06-12 16:07:00,1.4
2025-06-12 22:13:00,99.2
2025-06-12 19:36:00,34.0
2025-06-12 02:39:00,56.3
2025-06-12 22:00:00,57.4
2025-06-12 02:52:00,56.1
2025-06-12 17:07:00,42.0
2025-06-12 00:37:00,73.4
2025-06-12 03:33:00,13.5
2025-06-12 19:40:00,49.732274758880266
2025-06-12 15:35:00,85.5
2025-06-12 15:29:00,49.732274758880266
2025-06-12 11:40:00,49.732274758880266
2025-06-12 02:23:00,2.9
2025-06-12 04:05:00,97.7
2025-06-12 21:34:00,49.732274758880266
2025-06-12 17:57:00,49.732274758880266
2025-06-12 15:10:00,34.7
2025-06-12 08:29:00,58.2
2025-06-12 06:28:00,49.732274758880266
2025-06-12 17:23:00,71.7
2025-06-12 03:15:00,98.6
2025-06-12 11:45:00,16.1
2025-06-12 13:32:00,82.6
2025-06-12 18:20:00,11.4
2025-06-12 22:07:00,43.0
2025-06-12 02:06:00,8.9
2025-06-12 15:31:00,88.5
2025-06-12 03:04:00,81.7
2025-06-12 23:03:00,21.6
2025-06-12 14:01:00,53.6
2025-06-12 08:26:00,68.8
2025-06-12 08:12:00,58.8
2025-06-12 02:45:00,55.5
2025-06-12 19:45:00,28.0
2025-06-12 02:53:00,49.732274758880266
2025-06-12 02:35:00,12.6
2025-06-12 19:22:00,2.9
2025-06-12 20:03:00,6.6
2025-06-12 19:31:00,49.38053801169591
2025-06-12 08:09:00,72.3
2025-06-12 07:43:00,49.38053801169591
2025-06-12 11:24:00,4.0
2025-06-12 12:11:00,49.38053801169591
2025-06-12 13:07:00,32.7
2025-06-12 01:01:00,88.7
2025-06-12 22:13:00,10.3
2025-06-12 11:22:00,73.3
2025-06-12 19:52:00,24.8
2025-06-12 15:58:00,81.5
2025-06-12 16:44:00,70.8
2025-06-12 21:48:00,99.5
2025-06-12 11:58:00,19.6
2025-06-12 15:44:00,17.3
2025-06-12 01:09:00,87.9
2025-06-12 10:42:00,70.9
2025-06-12 02:11:00,5.4
2025-06-12 09:34:00,82.0
2025-06-12 02:52:00,1.3
2025-06-12 09:28:00,52.3
2025-06-12 15:01:00,82.6
2025-06-12 21:52:00,64.7
2025-06-12 09:45:00,64.0
2025-06-12 15:06:00,49.38053801169591
2025-06-12 23:32:00,17.5
2025-06-12 02:31:00,58.7
2025-06-12 23:43:00,96.8
2025-06-12 02:06:00,14.2
2025-06-12 19:21:00,45.4
2025-06-12 20:23:00,33.7
2025-06-12 17:21:00,49.38053801169591
2025-06-12 05:55:00,32.7
2025-06-12 01:09:00,86.7
2025-06-12 20:25:00,33.2
2025-06-12 12:43:00,14.4
2025-06-12 05:29:00,17.4
2025-06-12 18:21:00,36.2
2025-06-12 16:17:00,24.5
2025-06-12 17:37:00,41.8
2025-06-12 19:25:00,84.4
2025-06-12 22:18:00,54.8
2025-06-12 21:11:00,42.4
2025-06-12 05:48:00,67.2
2025-06-12 10:27:00,15.3
2025-06-12 04:27:00,84.6
2025-06-12 07:19:00,96.1
2025-06-12 02:57:00,73.3
2025-06-12 23:36:00,36.9
2025-06-12 17:57:00,15.8
2025-06-12 05:59:00,71.0
2025-06-12 20:55:00,95.4
2025-06-12 08:12:00,85.4
2025-06-12 19:33:00,50.9
2025-06-12 04:28:00,55.7
2025-06-12 14:48:00,97.4
2025-06-12 13:23:00,50.2
2025-06-12 11:11:00,63.5
2025-06-12 23:37:00,56.1
2025-06-12 01:32:00,8.8
2025-06-12 03:05:00,69.9
2025-06-12 03:56:00,14.0
2025-06-12 23:38:00,49.38053801169591
2025-06-12 12:34:00,9.4
2025-06-12 16:30:00,86.8
2025-06-12 16:57:00,49.38053801169591
2025-06-12 15:15:00,76.4
2025-06-12 12:22:00,14.5
2025-06-12 18:57:00,45.8
2025-06-12 23:36:00,19.4
2025-06-12 12:40:00,49.38053801169591
2025-06-12 20:42:00,29.8
2025-06-12 11:22:00,84.0
2025-06-12 19:03:00,44.2
2025-06-12 13:12:00,14.2
2025-06-12 18:09:00,49.5
2025-06-12 08:00:00,33.3
2025-06-12 05:54:00,78.1
2025-06-12 19:17:00,36.6
2025-06-12 08:44:00,29.1
2025-06-12 06:06:00,6.9
2025-06-12 03:48:00,92.9
2025-06-12 20:45:00,83.9
2025-06-12 21:47:00,71.2
2025-06-12 10:50:00,49.38053801169591
2025-06-12 23:07:00,22.5
2025-06-12 20:16:00,75.9
2025-06-12 21:54:00,49.38053801169591
2025-06-12 16:44:00,41.6
2025-06-12 11:57:00,75.0
2025-06-12 02:40:00,49.38053801169591
2025-06-12 19:08:00,20.3
2025-06-12 02:54:00,9.7
2025-06-12 06:00:00,89.1
2025-06-12 14:41:00,25.4
2025-06-12 21:15:00,45.0
2025-06-12 19:37:00,15.4
2025-06-12 17:28:00,49.38053801169591
2025-06-12 15:11:00,46.3
2025-06-12 13:35:00,8.6
2025-06-12 17:17:00,82.4
2025-06-12 18:53:00,4.4
2025-06-12 10:46:00,44.2
2025-06-12 20:50:00,49.38053801169591
2025-06-12 22:12:00,74.2
2025-06-12 17:35:00,47.1
2025-06-12 07:01:00,49.38053801169591
2025-06-12 07:11:00,63.2
2025-06-12 17:31:00,52.8
2025-06-12 06:51:00,49.38053801169591
2025-06-12 21:46:00,49.38053801169591
2025-06-12 20:44:00,49.38053801169591
2025-06-12 01:28:00,49.38053801169591
2025-06-12 18:16:00,33.3
2025-06-12 00:15:00,49.38053801169591
2025-06-12 13:12:00,68.1
2025-06-12 13:39:00,86.1
2025-06-12 17:46:00,52.3
2025-06-12 16:43:00,98.0
2025-06-12 12:54:00,49.38053801169591
2025-06-12 05:58:00,79.2
2025-06-12 09:52:00,49.38053801169591
2025-06-12 12:32:00,25.8
2025-06-12 14:08:00,49.2
2025-06-12 04:00:00,49.38053801169591
2025-06-12 14:21:00,49.38053801169591
2025-06-12 11:45:00,49.38053801169591
2025-06-12 08:51:00,75.0
2025-06-12 08:06:00,73.7
2025-06-12 22:27:00,80.7
2025-06-12 00:29:00,67.4
2025-06-12 19:36:00,88.7
2025-06-12 16:45:00,42.5
2025-06-12 14:17:00,59.6
2025-06-12 22:55:00,69.3
2025-06-12 14:51:00,50.0
2025-06-12 16:17:00,54.7
2025-06-12 11:46:00,49.38053801169591
2025-06-12 01:10:00,49.1
2025-06-12 08:54:00,17.5
2025-06-12 07:06:00,97.2
2025-06-12 06:33:00,3.0
2025-06-12 16:24:00,52.2
2025-06-12 14:25:00,87.9
2025-06-12 14:24:00,76.2
2025-06-12 10:27:00,68.6
2025-06-12 23:29:00,57.7
2025-06-12 16:31:00,82.3
2025-06-12 08:45:00,49.38053801169591
2025-06-12 22:39:00,74.3
2025-06-12 05:04:00,4.6
2025-06-12 15:57:00,13.3
2025-06-12 14:26:00,30.7
2025-06-12 14:23:00,17.3
2025-06-12 23:41:00,29.3
2025-06-12 14:19:00,49.38053801169591
2025-06-12 23:12:00,84.4
2025-06-12 05:08:00,87.9
2025-06-12 16:26:00,21.0
2025-06-12 08:29:00,23.9
2025-06-12 05:23:00,29.0
2025-06-12 02:36:00,49.38053801169591
2025-06-12 17:32:00,26.2
2025-06-12 14:11:00,92.0
2025-06-12 09:55:00,96.5
2025-06-12 11:00:00,37.5
2025-06-12 10:32:00,60.7
2025-06-12 16:51:00,96.6
2025-06-12 08:22:00,2.2
2025-06-12 10:18:00,37.7
2025-06-12 13:30:00,14.5
2025-06-12 11:00:00,79.6
2025-06-12 13:02:00,32.2
2025-06-12 21:32:00,77.8
2025-06-12 01:31:00,47.5
2025-06-12 07:49:00,18.2
2025-06-12 10:09:00,94.2
2025-06-12 15:28:00,53.5
2025-06-12 05:15:00,93.9
2025-06-12 02:02:00,7.2
2025-06-12 16:34:00,37.7
2025-06-12 18:06:00,42.9
2025-06-12 12:23:00,53.4
2025-06-12 06:40:00,61.9
2025-06-12 01:05:00,46.7
2025-06-12 22:35:00,40.7
2025-06-12 12:27:00,59.5
2025-06-12 08:28:00,13.1
2025-06-12 21:54:00,28.2
2025-06-12 20:57:00,59.5
2025-06-12 10:08:00,46.6
2025-06-12 18:22:00,84.5
2025-06-12 13:52:00,48.8
2025-06-12 00:16:00,39.5
2025-06-12 05:18:00,4.5
2025-06-12 20:21:00,16.6
2025-06-12 19:15:00,49.38053801169591
2025-06-12 09:49:00,32.2
2025-06-12 07:31:00,90.5
2025-06-12 15:34:00,27.7
2025-06-12 17:52:00,77.0
2025-06-12 19:24:00,1.7
2025-06-12 19:47:00,58.1
2025-06-12 15:21:00,47.2
2025-06-12 04:39:00,60.9
2025-06-12 21:15:00,68.7
2025-06-12 03:06:00,23.8
2025-06-12 23:54:00,0.6
2025-06-12 20:28:00,24.1
2025-06-12 19:17:00,49.38053801169591
2025-06-12 00:28:00,40.3
2025-06-12 21:14:00,67.6
2025-06-12 05:56:00,49.38053801169591
2025-06-12 09:57:00,27.1
2025-06-12 03:48:00,4.4
2025-06-12 22:01:00,90.9
2025-06-12 18:27:00,0.4
2025-06-12 14:07:00,18.3
2025-06-12 19:58:00,49.38053801169591
2025-06-12 08:02:00,69.4
2025-06-12 03:57:00,77.7
2025-06-12 22:36:00,86.3
2025-06-12 20:09:00,25.0
2025-06-12 12:21:00,62.9
2025-06-12 06:03:00,8.0
2025-06-12 20:47:00,27.2
2025-06-12 07:42:00,88.4
2025-06-12 04:26:00,11.9
2025-06-12 09:46:00,90.5
2025-06-12 11:19:00,94.0
2025-06-12 05:06:00,21.3
2025-06-12 01:54:00,64.4
2025-06-12 18:11:00,83.8
2025-06-12 03:51:00,68.3
2025-06-12 21:12:00,76.8
2025-06-12 07:03:00,22.4
2025-06-12 10:49:00,1.4
2025-06-12 00:06:00,4.3
2025-06-12 02:49:00,39.6
2025-06-12 23:27:00,0.9
2025-06-12 14:41:00,75.3
2025-06-12 12:01:00,27.9
2025-06-12 03:56:00,55.5
2025-06-12 02:31:00,40.3
2025-06-12 10:36:00,42.4
2025-06-12 02:52:00,56.9
2025-06-12 11:16:00,49.38053801169591
2025-06-12 19:11:00,79.9
2025-06-12 16:33:00,49.38053801169591
2025-06-12 18:17:00,56.7
2025-06-12 16:29:00,49.38053801169591
2025-06-12 01:27:00,42.0
2025-06-12 17:08:00,23.7
2025-06-12 09:59:00,78.1
2025-06-12 13:11:00,67.3
2025-06-12 14:27:00,50.7
2025-06-12 04:42:00,9.3
2025-06-12 18:01:00,52.6
2025-06-12 08:52:00,43.6
2025-06-12 07:42:00,47.9
2025-06-12 03:00:00,37.5
2025-06-12 11:17:00,29.3
2025-06-12 15:12:00,30.4
2025-06-12 10:30:00,62.5
2025-06-12 02:49:00,55.5
2025-06-12 20:29:00,87.9
2025-06-12 05:30:00,87.8
2025-06-12 18:00:00,94.5
2025-06-12 15:12:00,28.7
2025-06-12 01:18:00,59.3
2025-06-12 08:16:00,22.1
2025-06-12 02:52:00,0.2
2025-06-12 09:53:00,49.38053801169591
2025-06-12 23:48:00,98.7
2025-06-12 03:57:00,73.8
2025-06-12 19:20:00,49.38053801169591
2025-06-12 01:43:00,44.7
2025-06-12 03:24:00,66.0
2025-06-12 07:05:00,22.7
2025-06-12 02:43:00,17.5
2025-06-12 12:44:00,49.38053801169591
2025-06-12 22:20:00,71.5
2025-06-12 07:32:00,50.4
2025-06-12 20:45:00,49.38053801169591
2025-06-12 19:24:00,85.0
2025-06-12 04:31:00,80.3
2025-06-12 08:20:00,88.9
2025-06-12 07:12:00,51.0
2025-06-12 04:20:00,39.6
2025-06-12 17:45:00,49.38053801169591
2025-06-12 05:35:00,11.3
2025-06-12 00:51:00,86.0
2025-06-12 21:06:00,33.0
2025-06-12 05:12:00,63.0
2025-06-12 07:17:00,7.2
2025-06-12 15:47:00,6.8
2025-06-12 11:59:00,39.7
2025-06-12 05:31:00,1.7
2025-06-12 11:13:00,55.8
2025-06-12 16:42:00,49.38053801169591
2025-06-12 19:01:00,22.3
2025-06-12 03:41:00,32.0
2025-06-12 14:01:00,85.0
2025-06-12 14:52:00,39.4
2025-06-12 14:13:00,49.38053801169591
2025-06-12 01:49:00,49.38053801169591
2025-06-12 12:02:00,81.6
2025-06-12 16:52:00,79.6
2025-06-12 04:06:00,98.0
2025-06-12 19:59:00,7.6
2025-06-12 22:59:00,49.38053801169591
2025-06-12 03:40:00,49.38053801169591
2025-06-12 09:09:00,17.0
2025-06-12 05:52:00,31.4
2025-06-12 00:11:00,99.0
2025-06-12 20:55:00,39.2
2025-06-12 00:25:00,92.0
2025-06-12 19:15:00,4.3
2025-06-12 14:54:00,85.4
2025-06-12 18:45:00,52.2
2025-06-12 12:33:00,41.1
2025-06-12 17:55:00,26.4
2025-06-12 15:50:00,2.0
2025-06-12 01:56:00,63.5
2025-06-12 18:44:00,19.3
2025-06-12 23:24:00,28.3
2025-06-12 19:09:00,44.4
2025-06-12 17:57:00,88.1
2025-06-12 16:12:00,49.38053801169591
2025-06-12 15:16:00,46.6
2025-06-12 05:11:00,44.4
2025-06-12 01:03:00,0.9
2025-06-12 23:30:00,44.6
2025-06-12 05:50:00,0.7
2025-06-12 20:57:00,66.1
2025-06-12 13:06:00,17.6
2025-06-12 18:07:00,83.8
2025-06-12 10:51:00,80.2
2025-06-12 13:52:00,31.7
2025-06-12 07:00:00,78.2
2025-06-12 07:58:00,24.6
2025-06-12 12:31:00,73.4
2025-06-12 08:36:00,25.3
2025-06-12 08:06:00,70.0
2025-06-12 22:35:00,49.38053801169591
2025-06-12 08:33:00,70.7
2025-06-12 06:51:00,52.2
2025-06-12 23:39:00,50.4
2025-06-12 12:21:00,63.8
2025-06-12 01:37:00,7.3
2025-06-12 00:26:00,84.9
2025-06-12 09:52:00,78.5
2025-06-12 17:47:00,61.1
2025-06-12 07:31:00,20.0
2025-06-12 11:45:00,57.0
2025-06-12 07:42:00,95.9
2025-06-12 20:53:00,57.5
2025-06-12 22:03:00,26.6
2025-06-12 05:48:00,0.8
2025-06-12 05:46:00,65.3
2025-06-12 11:03:00,92.4
2025-06-12 05:04:00,49.594186729301235
2025-06-12 07:59:00,26.3
2025-06-12 19:51:00,49.594186729301235
2025-06-12 00:54:00,99.5
2025-06-12 17:48:00,56.9
2025-06-12 21:11:00,38.5
2025-06-12 09:42:00,59.9
2025-06-12 16:14:00,14.1
2025-06-12 02:21:00,14.9
2025-06-12 19:41:00,77.3
2025-06-12 08:08:00,66.0
2025-06-12 13:29:00,49.594186729301235
2025-06-12 03:44:00,40.5
2025-06-12 02:40:00,79.6
2025-06-12 01:41:00,25.0
2025-06-12 11:59:00,43.8
2025-06-12 03:26:00,61.6
2025-06-12 06:37:00,48.5
2025-06-12 22:10:00,44.7
2025-06-12 07:50:00,39.3
2025-06-12 23:24:00,24.5
2025-06-12 23:04:00,32.1
2025-06-12 16:16:00,17.3
2025-06-12 04:13:00,56.7
2025-06-12 08:00:00,49.594186729301235
2025-06-12 11:17:00,86.9
2025-06-12 13:05:00,49.594186729301235
2025-06-12 19:05:00,14.4
2025-06-12 13:21:00,60.9
2025-06-12 14:51:00,15.4
2025-06-12 17:35:00,64.6
2025-06-12 13:24:00,85.7
2025-06-12 10:44:00,61.6
2025-06-12 22:11:00,76.2
2025-06-12 21:15:00,12.9
2025-06-12 10:52:00,69.3
2025-06-12 04:59:00,49.594186729301235
2025-06-12 10:35:00,52.4
2025-06-12 07:45:00,72.2
2025-06-12 19:04:00,54.4
2025-06-12 04:59:00,5.8
2025-06-12 07:01:00,54.7
2025-06-12 23:36:00,70.8
2025-06-12 17:38:00,49.594186729301235
2025-06-12 10:26:00,49.594186729301235
2025-06-12 05:32:00,49.594186729301235
2025-06-12 09:27:00,93.0
2025-06-12 10:39:00,66.9
2025-06-12 16:55:00,28.3
2025-06-12 17:27:00,63.4
2025-06-12 14:46:00,0.9
2025-06-12 14:43:00,60.4
2025-06-12 15:15:00,13.2
2025-06-12 20:00:00,66.4
2025-06-12 10:50:00,71.5
2025-06-12 10:47:00,87.6
2025-06-12 02:13:00,44.5
2025-06-12 01:28:00,64.9
2025-06-12 23:31:00,1.7
2025-06-12 16:01:00,26.7
2025-06-12 03:13:00,28.4
2025-06-12 01:52:00,49.594186729301235
2025-06-12 02:56:00,1.6
2025-06-12 13:51:00,86.3
2025-06-12 23:33:00,9.4
2025-06-12 19:41:00,87.5
2025-06-12 16:58:00,14.2
2025-06-12 15:54:00,92.4
2025-06-12 11:38:00,11.7
2025-06-12 09:58:00,49.594186729301235
2025-06-12 21:28:00,32.4
2025-06-12 22:05:00,49.594186729301235
2025-06-12 03:42:00,49.594186729301235
2025-06-12 17:46:00,43.5
2025-06-12 12:07:00,67.8
2025-06-12 14:08:00,49.594186729301235
2025-06-12 08:52:00,50.9
2025-06-12 06:59:00,0.8
2025-06-12 21:27:00,5.2
2025-06-12 09:45:00,49.594186729301235
2025-06-12 08:03:00,49.594186729301235
2025-06-12 17:33:00,49.594186729301235
2025-06-12 02:11:00,64.3
2025-06-12 23:09:00,96.1
2025-06-12 02:18:00,0.5
2025-06-12 16:24:00,62.2
2025-06-12 00:10:00,41.4
2025-06-12 06:54:00,1.5
2025-06-12 05:22:00,49.594186729301235
2025-06-12 23:52:00,90.8
2025-06-12 00:16:00,72.5
2025-06-12 02:58:00,81.1
2025-06-12 05:19:00,56.4
2025-06-12 11:54:00,50.5
2025-06-12 08:18:00,80.6
2025-06-12 22:29:00,74.3
2025-06-12 01:57:00,83.1
2025-06-12 09:05:00,49.594186729301235
2025-06-12 09:49:00,48.7
2025-06-12 10:59:00,49.4
2025-06-12 00:11:00,23.2
2025-06-12 13:30:00,32.1
2025-06-12 12:01:00,99.6
2025-06-12 22:54:00,78.3
2025-06-12 02:37:00,2.7
2025-06-12 06:02:00,7.0
2025-06-12 22:38:00,27.8
2025-06-12 03:14:00,82.4
2025-06-12 22:37:00,49.594186729301235
2025-06-12 10:14:00,21.3
2025-06-12 14:39:00,91.9
2025-06-12 09:43:00,36.8
2025-06-12 07:36:00,26.7
2025-06-12 16:39:00,60.6
2025-06-12 04:30:00,55.9
2025-06-12 10:22:00,10.7
2025-06-12 05:22:00,81.0
2025-06-12 15:29:00,50.3
2025-06-12 21:17:00,79.0
2025-06-12 07:23:00,20.0
2025-06-12 02:52:00,71.6
2025-06-12 11:02:00,49.594186729301235
2025-06-12 18:24:00,86.3
2025-06-12 00:21:00,39.1
2025-06-12 19:46:00,54.8
2025-06-12 07:09:00,18.4
2025-06-12 04:45:00,95.4
2025-06-12 10:55:00,42.3
2025-06-12 03:27:00,17.6
2025-06-12 06:01:00,12.8
2025-06-12 13:02:00,49.594186729301235
2025-06-12 21:34:00,5.3
2025-06-12 13:18:00,88.5
2025-06-12 00:08:00,72.2
2025-06-12 14:30:00,49.594186729301235
2025-06-12 02:02:00,18.3
2025-06-12 00:33:00,43.6
2025-06-12 00:23:00,1.4
2025-06-12 12:14:00,54.3
2025-06-12 11:55:00,65.9
2025-06-12 19:56:00,18.0
2025-06-12 13:28:00,49.594186729301235
2025-06-12 00:43:00,63.9
2025-06-12 15:06:00,35.9
2025-06-12 03:57:00,38.2
2025-06-12 02:43:00,7.7
2025-06-12 08:54:00,77.0
2025-06-12 10:51:00,49.594186729301235
2025-06-12 11:38:00,38.8
2025-06-12 21:23:00,90.4
2025-06-12 02:03:00,55.0
2025-06-12 02:02:00,3.9
2025-06-12 04:58:00,49.594186729301235
2025-06-12 17:00:00,8.2
2025-06-12 20:26:00,70.9
2025-06-12 19:49:00,57.5
2025-06-12 14:50:00,8.6
2025-06-12 22:29:00,53.8
2025-06-12 14:56:00,24.7
2025-06-12 18:35:00,24.3
2025-06-12 01:04:00,66.4
2025-06-12 00:08:00,69.2
2025-06-12 02:08:00,62.9
2025-06-12 19:51:00,56.7
2025-06-12 21:42:00,93.1
2025-06-12 10:45:00,87.6
2025-06-12 05:55:00,23.6
2025-06-12 13:03:00,68.8
2025-06-12 16:08:00,66.3
2025-06-12 04:04:00,63.8
2025-06-12 00:37:00,66.7
2025-06-12 09:45:00,49.594186729301235
2025-06-12 02:29:00,88.5
2025-06-12 08:47:00,49.594186729301235
2025-06-12 14:25:00,40.4
2025-06-12 20:06:00,76.4
2025-06-12 04:52:00,52.5
2025-06-12 17:30:00,82.1
2025-06-12 23:24:00,87.0
2025-06-12 16:56:00,31.6
2025-06-12 20:29:00,33.5
2025-06-12 00:51:00,90.9
2025-06-12 06:53:00,51.1
2025-06-12 06:48:00,64.4
2025-06-12 15:01:00,25.8
2025-06-12 08:32:00,20.2
2025-06-12 13:14:00,37.8
2025-06-12 19:34:00,4.4
2025-06-12 20:57:00,12.6
2025-06-12 04:39:00,49.594186729301235
2025-06-12 23:12:00,6.1
2025-06-12 01:54:00,98.1
2025-06-12 23:14:00,6.6
2025-06-12 17:18:00,49.594186729301235
2025-06-12 19:07:00,34.4
2025-06-12 20:32:00,76.6
2025-06-12 07:10:00,81.5
2025-06-12 09:35:00,63.2
2025-06-12 00:16:00,75.6
2025-06-12 01:49:00,31.2
2025-06-12 21:26:00,49.594186729301235
2025-06-12 11:36:00,15.2
2025-06-12 11:31:00,91.9
2025-06-12 20:36:00,1.4
2025-06-12 14:49:00,66.3
2025-06-12 16:48:00,78.8
2025-06-12 18:08:00,87.7
2025-06-12 02:17:00,49.594186729301235
2025-06-12 14:46:00,15.1
2025-06-12 06:17:00,54.3
2025-06-12 15:30:00,87.8
2025-06-12 01:20:00,79.4
2025-06-12 21:44:00,55.6
2025-06-12 02:15:00,99.9
2025-06-12 02:30:00,28.9
2025-06-12 11:40:00,53.7
2025-06-12 22:40:00,26.7
2025-06-12 14:31:00,58.0
2025-06-12 04:10:00,86.6
2025-06-12 14:42:00,49.594186729301235
2025-06-12 02:39:00,46.5
2025-06-12 22:03:00,49.594186729301235
2025-06-12 16:07:00,35.7
2025-06-12 16:22:00,83.3
2025-06-12 19:46:00,9.7
2025-06-12 20:38:00,49.594186729301235
2025-06-12 11:58:00,49.594186729301235
2025-06-12 17:15:00,44.1
2025-06-12 16:30:00,0.2
2025-06-12 11:00:00,55.4
2025-06-12 20:07:00,50.3
2025-06-12 17:23:00,22.8
2025-06-12 07:09:00,43.2
2025-06-12 22:50:00,17.6
2025-06-12 06:10:00,87.4
2025-06-12 18:08:00,87.3
2025-06-12 12:50:00,43.0
2025-06-12 12:20:00,92.1
2025-06-12 14:35:00,40.4
2025-06-12 17:46:00,53.6
2025-06-12 16:55:00,18.3
2025-06-12 17:05:00,96.6
2025-06-12 05:15:00,27.5
2025-06-12 11:05:00,16.8
2025-06-12 21:05:00,24.0
2025-06-12 12:18:00,20.5
2025-06-12 06:19:00,33.9
2025-06-12 18:43:00,94.6
2025-06-12 14:21:00,8.7
2025-06-12 08:09:00,27.7
2025-06-12 07:48:00,96.6
2025-06-12 21:38:00,49.594186729301235
2025-06-12 20:36:00,49.594186729301235
2025-06-12 10:18:00,44.1
2025-06-12 00:42:00,91.3
2025-06-12 05:02:00,77.5
2025-06-12 12:51:00,99.1
2025-06-12 13:52:00,49.594186729301235
2025-06-12 18:56:00,8.0
2025-06-12 12:00:00,0.4
2025-06-12 00:46:00,69.2
2025-06-12 00:03:00,49.3
2025-06-12 00:31:00,17.2
2025-06-12 09:30:00,74.5
2025-06-12 14:31:00,32.5
2025-06-12 02:26:00,20.7
2025-06-12 20:42:00,98.4
2025-06-12 15:06:00,64.1
2025-06-12 12:43:00,49.594186729301235
2025-06-12 19:48:00,21.4
2025-06-12 01:31:00,46.3
2025-06-12 03:38:00,94.3
2025-06-12 04:10:00,49.594186729301235
2025-06-12 14:51:00,7.9
2025-06-12 01:19:00,83.3
2025-06-12 02:08:00,56.5
2025-06-12 17:52:00,98.1
2025-06-12 00:41:00,14.6
2025-06-12 02:13:00,7.9
2025-06-12 02:31:00,49.594186729301235
2025-06-12 08:46:00,41.8
2025-06-12 19:35:00,83.3
2025-06-12 17:41:00,2.4
2025-06-12 05:40:00,67.3
2025-06-12 13:12:00,49.594186729301235
2025-06-12 10:49:00,49.594186729301235
2025-06-12 22:31:00,12.9
2025-06-12 15:22:00,56.9
2025-06-12 03:13:00,49.594186729301235
2025-06-12 13:33:00,49.594186729301235
2025-06-12 13:32:00,34.9
2025-06-12 01:20:00,34.7
2025-06-12 12:21:00,23.0
2025-06-12 22:13:00,87.2
2025-06-12 22:48:00,50.03812089971884
2025-06-12 09:51:00,50.03812089971884
2025-06-12 01:38:00,96.1
2025-06-12 15:59:00,50.03812089971884
2025-06-12 23:56:00,50.03812089971884
2025-06-12 00:16:00,28.8
2025-06-12 15:02:00,60.7
2025-06-12 05:01:00,84.0
2025-06-12 18:31:00,24.9
2025-06-12 10:30:00,50.03812089971884
2025-06-12 07:07:00,91.0
2025-06-12 00:00:00,12.2
2025-06-12 10:49:00,89.1
2025-06-12 10:01:00,5.4
2025-06-12 22:58:00,94.8
2025-06-12 23:14:00,16.1
2025-06-12 13:42:00,50.03812089971884
2025-06-12 12:56:00,60.6
2025-06-12 13:21:00,96.1
2025-06-12 22:54:00,80.6
2025-06-12 14:30:00,50.03812089971884
2025-06-12 16:14:00,80.5
2025-06-12 22:32:00,44.6
2025-06-12 04:38:00,50.03812089971884
2025-06-12 15:32:00,27.8
2025-06-12 10:17:00,62.9
2025-06-12 06:57:00,47.8
2025-06-12 04:33:00,89.3
2025-06-12 04:45:00,41.6
2025-06-12 01:53:00,74.4
2025-06-12 00:49:00,23.3
2025-06-12 16:12:00,69.4
2025-06-12 11:50:00,80.4
2025-06-12 21:59:00,78.7
2025-06-12 19:53:00,5.6
2025-06-12 10:44:00,50.03812089971884
2025-06-12 04:07:00,49.3
2025-06-12 06:35:00,50.03812089971884
2025-06-12 12:49:00,50.03812089971884
2025-06-12 07:12:00,58.8
2025-06-12 08:06:00,18.9
2025-06-12 01:53:00,44.5
2025-06-12 06:49:00,50.03812089971884
2025-06-12 19:18:00,50.03812089971884
2025-06-12 05:16:00,61.3
2025-06-12 12:14:00,36.6
2025-06-12 05:02:00,74.0
2025-06-12 13:03:00,68.9
2025-06-12 08:04:00,12.5
2025-06-12 02:32:00,13.3
2025-06-12 00:42:00,37.2
2025-06-12 09:32:00,40.0
2025-06-12 09:45:00,56.2
2025-06-12 05:03:00,50.03812089971884
2025-06-12 02:42:00,82.4
2025-06-12 18:21:00,29.2
2025-06-12 18:55:00,38.5
2025-06-12 00:17:00,11.3
2025-06-12 17:45:00,19.8
2025-06-12 13:35:00,16.7
2025-06-12 16:30:00,33.9
2025-06-12 05:30:00,99.3
2025-06-12 22:15:00,57.3
2025-06-12 19:10:00,41.5
2025-06-12 22:08:00,30.3
2025-06-12 22:57:00,98.5
2025-06-12 07:36:00,41.9
2025-06-12 11:45:00,44.7
2025-06-12 12:31:00,75.3
2025-06-12 21:48:00,75.8
2025-06-12 03:24:00,74.9
2025-06-12 04:58:00,87.2
2025-06-12 12:24:00,50.03812089971884
2025-06-12 13:43:00,95.5
2025-06-12 00:28:00,47.2
2025-06-12 06:40:00,78.3
2025-06-12 08:45:00,50.03812089971884
2025-06-12 09:19:00,89.6
2025-06-12 00:32:00,64.3
2025-06-12 16:14:00,33.3
2025-06-12 04:31:00,97.7
2025-06-12 11:18:00,69.0
2025-06-12 02:00:00,35.0
2025-06-12 18:01:00,9.9
2025-06-12 18:52:00,50.03812089971884
2025-06-12 04:22:00,18.2
2025-06-12 04:21:00,42.2
2025-06-12 05:42:00,50.03812089971884
2025-06-12 12:39:00,2.2
2025-06-12 20:41:00,82.8
2025-06-12 07:32:00,97.9
2025-06-12 22:49:00,83.4
2025-06-12 17:17:00,50.03812089971884
2025-06-12 11:26:00,50.2
2025-06-12 13:43:00,50.03812089971884
2025-06-12 03:42:00,45.9
2025-06-12 21:26:00,50.03812089971884
2025-06-12 17:29:00,50.03812089971884
2025-06-12 11:01:00,11.4
2025-06-12 21:28:00,44.0
2025-06-12 20:02:00,44.3
2025-06-12 03:14:00,50.03812089971884
2025-06-12 03:23:00,88.8
2025-06-12 23:19:00,95.6
2025-06-12 04:35:00,50.03812089971884
2025-06-12 11:51:00,50.03812089971884
2025-06-12 23:49:00,95.2
2025-06-12 10:39:00,52.4
2025-06-12 23:19:00,17.6
2025-06-12 04:08:00,50.03812089971884
2025-06-12 08:06:00,34.3
2025-06-12 19:32:00,91.3
2025-06-12 08:03:00,50.03812089971884
2025-06-12 06:04:00,50.03812089971884
2025-06-12 09:34:00,77.1
2025-06-12 19:12:00,50.03812089971884
2025-06-12 16:45:00,64.6
2025-06-12 07:30:00,96.4
2025-06-12 08:46:00,60.4
2025-06-12 16:16:00,50.03812089971884
2025-06-12 23:18:00,6.3
2025-06-12 18:47:00,16.2
2025-06-12 06:21:00,92.6
2025-06-12 11:17:00,59.1
2025-06-12 22:49:00,80.2
2025-06-12 06:42:00,50.03812089971884
2025-06-12 04:01:00,25.6
2025-06-12 04:20:00,77.8
2025-06-12 17:17:00,67.7
2025-06-12 02:19:00,32.8
2025-06-12 20:40:00,7.8
2025-06-12 01:32:00,80.8
2025-06-12 18:34:00,68.2
2025-06-12 03:03:00,50.03812089971884
2025-06-12 03:28:00,50.03812089971884
2025-06-12 19:14:00,29.5
2025-06-12 20:10:00,1.7
2025-06-12 11:35:00,50.03812089971884
2025-06-12 07:39:00,42.9
2025-06-12 17:59:00,52.1
2025-06-12 15:28:00,67.0
2025-06-12 21:42:00,71.3
2025-06-12 08:46:00,86.9
2025-06-12 18:47:00,37.9
2025-06-12 01:31:00,67.1
2025-06-12 07:04:00,99.5
2025-06-12 22:04:00,78.0
2025-06-12 00:03:00,24.9
2025-06-12 20:40:00,97.2
2025-06-12 10:48:00,55.1
2025-06-12 20:47:00,92.6
2025-06-12 08:24:00,18.4
2025-06-12 19:45:00,55.0
2025-06-12 07:38:00,13.4
2025-06-12 08:56:00,31.7
2025-06-12 10:59:00,22.5
2025-06-12 02:14:00,52.9
2025-06-12 14:59:00,63.2
2025-06-12 18:04:00,50.03812089971884
2025-06-12 20:29:00,12.7
2025-06-12 06:26:00,38.3
2025-06-12 02:38:00,16.8
2025-06-12 03:31:00,83.5
2025-06-12 10:12:00,73.0
2025-06-12 05:15:00,3.1
2025-06-12 10:48:00,37.9
2025-06-12 02:37:00,50.03812089971884
2025-06-12 20:27:00,56.1
2025-06-12 14:39:00,22.2
2025-06-12 20:26:00,19.1
2025-06-12 19:43:00,17.6
2025-06-12 22:16:00,73.4
2025-06-12 02:47:00,32.1
2025-06-12 13:34:00,22.6
2025-06-12 06:35:00,75.7
2025-06-12 21:54:00,52.6
2025-06-12 01:29:00,83.9
2025-06-12 14:20:00,80.6
2025-06-12 13:41:00,3.5
2025-06-12 02:18:00,73.4
2025-06-12 09:43:00,5.5
2025-06-12 21:53:00,87.5
2025-06-12 02:58:00,96.2
2025-06-12 01:20:00,81.3
2025-06-12 08:11:00,52.4
2025-06-12 17:36:00,50.03812089971884
2025-06-12 06:07:00,16.1
2025-06-12 02:15:00,73.9
2025-06-12 14:27:00,3.4
2025-06-12 23:46:00,31.5
2025-06-12 18:45:00,10.0
2025-06-12 09:24:00,30.5
2025-06-12 17:16:00,62.3
2025-06-12 19:28:00,27.3
2025-06-12 14:08:00,50.03812089971884
2025-06-12 21:44:00,68.4
2025-06-12 05:08:00,71.5
2025-06-12 15:50:00,2.0
2025-06-12 18:01:00,83.4
2025-06-12 12:02:00,59.5
2025-06-12 11:30:00,81.1
2025-06-12 02:15:00,90.2
2025-06-12 17:37:00,32.7
2025-06-12 06:55:00,0.4
2025-06-12 20:34:00,94.6
2025-06-12 03:59:00,89.7
2025-06-12 13:48:00,50.03812089971884
2025-06-12 03:55:00,99.0
2025-06-12 07:19:00,42.8
2025-06-12 05:50:00,46.3
2025-06-12 11:42:00,84.6
2025-06-12 15:39:00,86.1
2025-06-12 07:47:00,56.6
2025-06-12 06:52:00,79.9
2025-06-12 02:29:00,3.8
2025-06-12 19:33:00,73.7
2025-06-12 21:02:00,59.2
2025-06-12 09:43:00,57.8
2025-06-12 07:21:00,13.3
2025-06-12 12:58:00,95.4
2025-06-12 15:25:00,28.7
2025-06-12 15:57:00,32.7
2025-06-12 03:33:00,19.3
2025-06-12 01:03:00,18.4
2025-06-12 23:52:00,50.03812089971884
2025-06-12 01:04:00,42.2
2025-06-12 07:57:00,20.7
2025-06-12 18:11:00,29.2
2025-06-12 12:53:00,94.2
2025-06-12 06:21:00,50.03812089971884
2025-06-12 10:59:00,47.4
2025-06-12 02:12:00,92.3
2025-06-12 09:52:00,50.03812089971884
2025-06-12 13:19:00,79.0
2025-06-12 11:28:00,50.03812089971884
2025-06-12 12:09:00,79.7
2025-06-12 18:26:00,58.8
2025-06-12 03:12:00,50.03812089971884
2025-06-12 06:01:00,99.1
2025-06-12 17:28:00,59.8
2025-06-12 06:25:00,26.2
2025-06-12 14:42:00,59.5
2025-06-12 18:14:00,50.03812089971884
2025-06-12 16:42:00,73.3
2025-06-12 00:21:00,5.3
2025-06-12 14:46:00,38.0
2025-06-12 16:23:00,89.1
2025-06-12 22:02:00,89.9
2025-06-12 17:33:00,49.0
2025-06-12 19:28:00,89.9
2025-06-12 14:56:00,3.7
2025-06-12 22:18:00,70.8
2025-06-12 18:13:00,63.2
2025-06-12 22:13:00,82.4
2025-06-12 01:12:00,90.9
2025-06-12 08:08:00,55.5
2025-06-12 17:12:00,72.3
2025-06-12 18:16:00,53.9
2025-06-12 12:28:00,5.7
2025-06-12 12:46:00,34.7
2025-06-12 14:36:00,70.9
2025-06-12 08:30:00,28.0
2025-06-12 06:39:00,50.03812089971884
2025-06-12 11:53:00,97.8
2025-06-12 13:00:00,98.7
2025-06-12 14:20:00,99.4
2025-06-12 21:07:00,60.5
2025-06-12 15:11:00,78.7
2025-06-12 15:24:00,23.5
2025-06-12 04:06:00,62.6
2025-06-12 02:11:00,82.6
2025-06-12 11:16:00,29.2
2025-06-12 16:29:00,18.8
2025-06-12 11:13:00,16.6
2025-06-12 11:45:00,51.2
2025-06-12 18:01:00,86.8
2025-06-12 14:14:00,74.3
2025-06-12 07:31:00,33.7
2025-06-12 11:13:00,19.2
2025-06-12 10:25:00,43.9
2025-06-12 12:15:00,28.4
2025-06-12 14:52:00,74.1
2025-06-12 12:41:00,21.5
2025-06-12 14:58:00,7.9
2025-06-12 11:31:00,88.9
2025-06-12 18:42:00,30.2
2025-06-12 08:43:00,30.9
2025-06-12 04:11:00,20.1
2025-06-12 04:45:00,28.5
2025-06-12 00:57:00,77.4
2025-06-12 12:07:00,18.7
2025-06-12 21:48:00,78.7
2025-06-12 02:05:00,60.1
2025-06-12 21:36:00,26.4
2025-06-12 05:26:00,46.2
2025-06-12 08:13:00,58.4
2025-06-12 08:26:00,1.7
2025-06-12 13:07:00,41.3
2025-06-12 18:24:00,74.1
2025-06-12 18:13:00,45.3
2025-06-12 18:39:00,53.8
2025-06-12 20:28:00,0.7
2025-06-12 15:32:00,27.8
2025-06-12 01:23:00,50.03812089971884
2025-06-12 12:00:00,50.03812089971884
2025-06-12 02:08:00,88.9
2025-06-12 19:23:00,65.9
2025-06-12 07:05:00,31.4
2025-06-12 23:07:00,6.3
2025-06-12 15:14:00,50.03812089971884
2025-06-12 10:14:00,92.1
2025-06-12 08:33:00,40.2
2025-06-12 00:20:00,50.03812089971884
2025-06-12 08:03:00,18.8
2025-06-12 19:22:00,28.1
2025-06-12 06:55:00,78.2
2025-06-12 01:43:00,62.1
2025-06-12 11:15:00,53.3
2025-06-12 05:27:00,50.03812089971884
2025-06-12 09:09:00,23.1
2025-06-12 03:30:00,0.4
2025-06-12 14:34:00,40.4
2025-06-12 19:13:00,78.1
2025-06-12 23:02:00,40.6
2025-06-12 00:40:00,68.6
2025-06-12 20:55:00,64.7
2025-06-12 07:41:00,46.9
2025-06-12 06:54:00,15.5
2025-06-12 03:08:00,50.03812089971884
2025-06-12 11:15:00,65.7
2025-06-12 11:55:00,87.9
2025-06-12 17:33:00,4.6
2025-06-12 05:35:00,49.697634180790956
2025-06-12 13:40:00,84.1
2025-06-12 14:09:00,49.697634180790956
2025-06-12 06:32:00,59.4
2025-06-12 21:26:00,78.5
2025-06-12 08:56:00,8.8
2025-06-12 15:24:00,30.9
2025-06-12 19:47:00,49.697634180790956
2025-06-12 08:31:00,54.7
2025-06-12 10:55:00,93.1
2025-06-12 13:53:00,58.8
2025-06-12 16:16:00,89.3
2025-06-12 00:37:00,76.7
2025-06-12 06:35:00,33.3
2025-06-12 08:42:00,7.0
2025-06-12 20:52:00,49.697634180790956
2025-06-12 21:25:00,75.2
2025-06-12 11:36:00,15.8
2025-06-12 16:27:00,49.6
2025-06-12 09:06:00,78.0
2025-06-12 11:17:00,55.4
2025-06-12 21:10:00,63.9
2025-06-12 09:24:00,25.9
2025-06-12 06:48:00,60.8
2025-06-12 09:14:00,79.3
2025-06-12 23:09:00,6.8
2025-06-12 23:04:00,92.1
2025-06-12 20:37:00,61.5
2025-06-12 22:19:00,48.1
2025-06-12 17:13:00,36.3
2025-06-12 22:08:00,81.4
2025-06-12 04:40:00,96.4
2025-06-12 13:49:00,48.7
2025-06-12 22:25:00,83.0
2025-06-12 08:13:00,25.7
2025-06-12 04:09:00,82.4
2025-06-12 18:37:00,10.3
2025-06-12 15:54:00,79.5
2025-06-12 01:39:00,49.697634180790956
2025-06-12 22:31:00,12.3
2025-06-12 19:03:00,36.2
2025-06-12 17:39:00,95.9
2025-06-12 18:22:00,40.8
2025-06-12 20:44:00,74.9
2025-06-12 10:30:00,98.4
2025-06-12 21:55:00,67.9
2025-06-12 20:50:00,22.6
2025-06-12 01:26:00,40.3
2025-06-12 01:34:00,5.2
2025-06-12 07:58:00,49.697634180790956
2025-06-12 03:33:00,95.9
2025-06-12 03:52:00,11.8
2025-06-12 06:32:00,96.6
2025-06-12 04:04:00,48.9
2025-06-12 11:52:00,42.5
2025-06-12 01:38:00,88.9
2025-06-12 06:08:00,40.9
2025-06-12 01:27:00,68.0
2025-06-12 02:10:00,20.2
2025-06-12 19:19:00,49.697634180790956
2025-06-12 19:37:00,76.7
2025-06-12 08:19:00,3.6
2025-06-12 08:12:00,96.7
2025-06-12 23:37:00,5.9
2025-06-12 17:06:00,35.8
2025-06-12 06:51:00,49.697634180790956
2025-06-12 10:47:00,98.2
2025-06-12 14:56:00,34.9
2025-06-12 16:47:00,60.1
2025-06-12 18:10:00,29.0
2025-06-12 02:03:00,58.1
2025-06-12 21:06:00,73.2
2025-06-12 08:20:00,87.2
2025-06-12 20:50:00,91.8
2025-06-12 05:12:00,53.9
2025-06-12 09:29:00,6.0
2025-06-12 11:32:00,85.4
2025-06-12 08:39:00,51.0
2025-06-12 15:52:00,42.2
2025-06-12 00:33:00,11.8
2025-06-12 21:08:00,60.6
2025-06-12 09:48:00,36.7
2025-06-12 12:32:00,0.1
2025-06-12 23:17:00,89.1
2025-06-12 01:24:00,74.5
2025-06-12 04:16:00,28.1
2025-06-12 06:30:00,54.9
2025-06-12 03:37:00,53.4
2025-06-12 17:12:00,64.8
2025-06-12 06:50:00,49.697634180790956
2025-06-12 09:07:00,49.697634180790956
2025-06-12 06:20:00,95.8
2025-06-12 21:16:00,21.6
2025-06-12 19:39:00,94.7
2025-06-12 14:05:00,75.7
2025-06-12 05:07:00,18.6
2025-06-12 08:44:00,3.3
2025-06-12 09:15:00,29.8
2025-06-12 03:22:00,55.0
2025-06-12 08:54:00,49.697634180790956
2025-06-12 00:02:00,49.697634180790956
2025-06-12 16:01:00,3.5
2025-06-12 22:21:00,63.0
2025-06-12 14:59:00,34.1
2025-06-12 18:00:00,26.4
2025-06-12 13:29:00,3.7
2025-06-12 11:51:00,75.2
2025-06-12 15:45:00,15.3
2025-06-12 19:36:00,5.2
2025-06-12 07:10:00,46.7
2025-06-12 01:55:00,11.8
2025-06-12 09:19:00,12.6
2025-06-12 01:13:00,49.697634180790956
2025-06-12 14:28:00,3.2
2025-06-12 01:06:00,29.4
2025-06-12 21:37:00,15.4
2025-06-12 14:43:00,29.1
2025-06-12 01:02:00,49.697634180790956
2025-06-12 19:03:00,4.8
2025-06-12 09:20:00,35.8
2025-06-12 01:30:00,18.7
2025-06-12 09:55:00,83.2
2025-06-12 01:03:00,84.8
2025-06-12 13:41:00,41.6
2025-06-12 14:02:00,38.4
2025-06-12 01:50:00,84.5
2025-06-12 13:31:00,0.6
2025-06-12 03:02:00,49.697634180790956
2025-06-12 21:58:00,58.3
2025-06-12 09:23:00,49.697634180790956
2025-06-12 08:35:00,53.5
2025-06-12 14:12:00,88.0
2025-06-12 05:15:00,40.2
2025-06-12 07:58:00,22.1
2025-06-12 13:35:00,94.8
2025-06-12 09:11:00,99.0
2025-06-12 17:47:00,69.6
2025-06-12 19:00:00,1.0
2025-06-12 05:23:00,74.9
2025-06-12 05:15:00,58.3
2025-06-12 06:42:00,18.9
2025-06-12 04:45:00,60.6
2025-06-12 15:57:00,38.2
2025-06-12 16:32:00,18.3
2025-06-12 04:37:00,88.0
2025-06-12 12:43:00,41.2
2025-06-12 07:35:00,17.7
2025-06-12 12:26:00,49.697634180790956
2025-06-12 19:42:00,73.3
2025-06-12 08:03:00,97.4
2025-06-12 22:42:00,97.6
2025-06-12 21:17:00,63.9
2025-06-12 18:44:00,49.697634180790956
2025-06-12 09:39:00,45.4
2025-06-12 19:40:00,71.9
2025-06-12 11:51:00,72.0
2025-06-12 18:26:00,41.8
2025-06-12 14:37:00,88.6
2025-06-12 23:10:00,5.0
2025-06-12 02:29:00,43.5
2025-06-12 22:36:00,50.6
2025-06-12 18:35:00,0.7
2025-06-12 19:56:00,12.7
2025-06-12 22:56:00,67.5
2025-06-12 13:40:00,76.7
2025-06-12 06:14:00,61.9
2025-06-12 12:34:00,57.5
2025-06-12 06:17:00,7.3
2025-06-12 22:42:00,16.8
2025-06-12 08:55:00,13.6
2025-06-12 02:47:00,49.697634180790956
2025-06-12 09:17:00,10.2
2025-06-12 06:08:00,61.6
2025-06-12 11:55:00,15.1
2025-06-12 03:17:00,62.9
2025-06-12 13:10:00,43.4
2025-06-12 11:37:00,62.0
2025-06-12 05:46:00,49.4
2025-06-12 08:17:00,44.4
2025-06-12 18:19:00,5.8
2025-06-12 02:23:00,84.5
2025-06-12 09:50:00,8.4
2025-06-12 03:56:00,78.5
2025-06-12 18:49:00,49.697634180790956
2025-06-12 14:24:00,71.3
2025-06-12 19:59:00,73.9
2025-06-12 08:32:00,30.0
2025-06-12 10:37:00,72.4
2025-06-12 17:20:00,97.5
2025-06-12 12:46:00,49.697634180790956
2025-06-12 21:55:00,18.7
2025-06-12 23:11:00,49.697634180790956
2025-06-12 00:58:00,93.7
2025-06-12 18:11:00,49.697634180790956
2025-06-12 16:41:00,89.5
2025-06-12 12:15:00,82.1
2025-06-12 20:56:00,52.2
2025-06-12 10:43:00,43.2
2025-06-12 20:40:00,15.8
2025-06-12 08:49:00,42.6
2025-06-12 04:30:00,93.5
2025-06-12 20:21:00,7.6
2025-06-12 20:27:00,28.8
2025-06-12 12:41:00,21.2
2025-06-12 06:17:00,49.697634180790956
2025-06-12 17:08:00,24.8
2025-06-12 06:28:00,49.697634180790956
2025-06-12 12:53:00,35.8
2025-06-12 16:10:00,49.697634180790956
2025-06-12 23:08:00,49.697634180790956
2025-06-12 18:02:00,3.7
2025-06-12 13:31:00,62.1
2025-06-12 10:47:00,99.2
2025-06-12 16:31:00,6.9
2025-06-12 16:58:00,55.5
2025-06-12 18:45:00,49.697634180790956
2025-06-12 23:36:00,57.1
2025-06-12 06:15:00,13.1
2025-06-12 14:27:00,94.5
2025-06-12 03:01:00,72.8
2025-06-12 13:21:00,28.7
2025-06-12 12:24:00,64.1
2025-06-12 09:58:00,25.8
2025-06-12 02:05:00,1.4
2025-06-12 07:15:00,1.8
2025-06-12 20:20:00,2.6
2025-06-12 13:50:00,46.9
2025-06-12 17:02:00,49.697634180790956
2025-06-12 08:55:00,68.6
2025-06-12 00:34:00,49.697634180790956
2025-06-12 21:18:00,51.8
2025-06-12 13:47:00,33.7
2025-06-12 09:53:00,49.697634180790956
2025-06-12 10:56:00,75.6
2025-06-12 10:13:00,62.2
2025-06-12 08:50:00,46.1
2025-06-12 04:47:00,75.1
2025-06-12 10:28:00,24.5
2025-06-12 05:50:00,3.5
2025-06-12 15:47:00,49.697634180790956
2025-06-12 11:29:00,49.697634180790956
2025-06-12 11:50:00,70.5
2025-06-12 17:38:00,57.7
2025-06-12 22:59:00,64.9
2025-06-12 22:04:00,14.9
2025-06-12 18:32:00,23.4
2025-06-12 18:17:00,8.3
2025-06-12 18:43:00,41.5
2025-06-12 23:48:00,45.2
2025-06-12 01:26:00,85.2
2025-06-12 23:23:00,55.1
2025-06-12 00:33:00,39.3
2025-06-12 21:14:00,19.3
2025-06-12 14:14:00,4.6
2025-06-12 04:53:00,73.6
2025-06-12 15:27:00,84.9
2025-06-12 11:08:00,99.3
2025-06-12 23:43:00,80.8
2025-06-12 07:10:00,49.697634180790956
2025-06-12 15:10:00,28.6
2025-06-12 18:14:00,75.0
2025-06-12 14:51:00,49.697634180790956
2025-06-12 19:16:00,15.6
2025-06-12 20:50:00,52.8
2025-06-12 15:23:00,83.2
2025-06-12 12:59:00,76.6
2025-06-12 07:19:00,48.4
2025-06-12 21:03:00,49.697634180790956
2025-06-12 19:55:00,29.1
2025-06-12 20:57:00,19.4
2025-06-12 22:14:00,74.1
2025-06-12 16:37:00,12.7
2025-06-12 17:17:00,89.8
2025-06-12 05:05:00,13.6
2025-06-12 09:09:00,36.8
2025-06-12 07:21:00,49.697634180790956
2025-06-12 15:15:00,49.697634180790956
2025-06-12 22:48:00,56.6
2025-06-12 09:31:00,52.2
2025-06-12 15:03:00,11.6
2025-06-12 13:22:00,45.7
2025-06-12 14:52:00,48.6
2025-06-12 17:38:00,49.697634180790956
2025-06-12 11:34:00,5.6
2025-06-12 03:19:00,47.0
2025-06-12 00:42:00,52.2
2025-06-12 20:00:00,49.697634180790956
2025-06-12 10:15:00,84.0
2025-06-12 17:48:00,60.0
2025-06-12 23:30:00,37.9
2025-06-12 08:43:00,13.4
2025-06-12 12:25:00,76.8
2025-06-12 13:46:00,81.3
2025-06-12 17:17:00,54.5
2025-06-12 20:21:00,49.697634180790956
2025-06-12 10:35:00,88.4
2025-06-12 07:33:00,96.8
2025-06-12 11:06:00,88.2
2025-06-12 09:10:00,49.697634180790956
2025-06-12 23:25:00,81.5
2025-06-12 14:04:00,9.1
2025-06-12 17:54:00,65.7
2025-06-12 13:04:00,80.2
2025-06-12 18:09:00,15.3
2025-06-12 14:05:00,17.6
2025-06-12 03:18:00,66.0
2025-06-12 14:55:00,36.6
2025-06-12 10:07:00,49.697634180790956
2025-06-12 06:34:00,74.5
2025-06-12 17:04:00,79.9
2025-06-12 09:02:00,64.9
2025-06-12 17:43:00,49.697634180790956
2025-06-12 23:09:00,95.4
2025-06-12 09:37:00,49.81454693687398
2025-06-12 01:06:00,84.7
2025-06-12 18:30:00,11.8
2025-06-12 05:25:00,30.0
2025-06-12 03:26:00,75.8
2025-06-12 12:10:00,84.4
2025-06-12 14:17:00,11.6
2025-06-12 23:27:00,89.6
2025-06-12 09:01:00,29.8
2025-06-12 18:55:00,47.4
2025-06-12 10:41:00,21.0
2025-06-12 15:27:00,37.8
2025-06-12 05:27:00,16.4
2025-06-12 02:04:00,96.2
2025-06-12 08:19:00,30.9
2025-06-12 19:27:00,95.5
2025-06-12 05:35:00,77.1
2025-06-12 20:09:00,68.5
2025-06-12 12:08:00,32.2
2025-06-12 06:55:00,49.81454693687398
2025-06-12 21:48:00,66.1
2025-06-12 03:33:00,53.8
2025-06-12 11:48:00,49.81454693687398
2025-06-12 03:19:00,70.7
2025-06-12 16:26:00,18.3
2025-06-12 06:45:00,71.9
2025-06-12 00:07:00,18.8
2025-06-12 18:09:00,2.3
2025-06-12 03:06:00,63.0
2025-06-12 21:11:00,80.0
2025-06-12 02:51:00,99.7
2025-06-12 02:33:00,10.9
2025-06-12 01:29:00,86.4
2025-06-12 08:20:00,49.81454693687398
2025-06-12 16:08:00,19.0
2025-06-12 07:56:00,92.5
2025-06-12 02:11:00,21.8
2025-06-12 08:47:00,36.4
2025-06-12 00:41:00,15.7
2025-06-12 02:26:00,7.9
2025-06-12 18:44:00,10.4
2025-06-12 16:37:00,73.2
2025-06-12 11:27:00,12.8
2025-06-12 18:45:00,19.2
2025-06-12 10:10:00,40.7
2025-06-12 21:51:00,76.8
2025-06-12 17:25:00,60.5
2025-06-12 00:57:00,17.0
2025-06-12 19:54:00,15.6
2025-06-12 06:57:00,6.2
2025-06-12 16:28:00,15.2
2025-06-12 16:00:00,47.3
2025-06-12 15:10:00,58.1
2025-06-12 16:51:00,7.0
2025-06-12 10:46:00,72.4
2025-06-12 12:06:00,95.5
2025-06-12 10:10:00,82.7
2025-06-12 18:54:00,35.3
2025-06-12 12:20:00,10.4
2025-06-12 10:00:00,49.81454693687398
2025-06-12 11:27:00,23.5
2025-06-12 03:39:00,4.2
2025-06-12 01:01:00,49.81454693687398
2025-06-12 03:34:00,25.0
2025-06-12 13:28:00,42.5
2025-06-12 23:49:00,5.1
2025-06-12 08:26:00,66.4
2025-06-12 19:05:00,79.3
2025-06-12 20:00:00,0.9
2025-06-12 04:23:00,96.0
2025-06-12 17:25:00,49.81454693687398
2025-06-12 23:27:00,3.9
2025-06-12 07:59:00,25.3
2025-06-12 05:53:00,62.1
2025-06-12 22:18:00,13.4
2025-06-12 19:08:00,85.1
2025-06-12 00:23:00,49.6
2025-06-12 13:35:00,52.4
2025-06-12 08:45:00,1.6
2025-06-12 03:00:00,31.0
2025-06-12 18:48:00,27.3
2025-06-12 11:52:00,11.6
2025-06-12 08:08:00,33.0
2025-06-12 16:23:00,49.81454693687398
2025-06-12 09:23:00,49.81454693687398
2025-06-12 03:21:00,98.9
2025-06-12 08:21:00,12.4
2025-06-12 08:31:00,94.0
2025-06-12 19:37:00,1.1
2025-06-12 02:21:00,80.2
2025-06-12 06:09:00,62.0
2025-06-12 19:24:00,37.7
2025-06-12 08:07:00,18.9
2025-06-12 18:40:00,12.0
2025-06-12 22:02:00,38.9
2025-06-12 16:56:00,42.7
2025-06-12 04:31:00,89.4
2025-06-12 04:22:00,16.6
2025-06-12 17:56:00,16.2
2025-06-12 22:34:00,71.4
2025-06-12 16:31:00,36.5
2025-06-12 19:29:00,49.81454693687398
2025-06-12 13:43:00,77.2
2025-06-12 19:57:00,81.5
2025-06-12 18:10:00,17.1
2025-06-12 00:19:00,72.0
2025-06-12 23:49:00,14.4
2025-06-12 22:16:00,86.2
2025-06-12 17:24:00,79.7
2025-06-12 15:57:00,77.8
2025-06-12 06:11:00,53.4
2025-06-12 08:52:00,21.8
2025-06-12 15:37:00,29.8
2025-06-12 14:24:00,5.7
2025-06-12 02:15:00,86.4
2025-06-12 05:58:00,9.0
2025-06-12 14:52:00,49.81454693687398
2025-06-12 04:12:00,17.4
2025-06-12 13:38:00,33.4
2025-06-12 01:28:00,63.4
2025-06-12 20:57:00,25.3
2025-06-12 17:03:00,49.81454693687398
2025-06-12 21:55:00,49.81454693687398
2025-06-12 14:19:00,49.81454693687398
2025-06-12 22:13:00,49.81454693687398
2025-06-12 05:06:00,86.3
2025-06-12 02:53:00,10.6
2025-06-12 00:54:00,36.7
2025-06-12 19:27:00,33.3
2025-06-12 02:20:00,52.0
2025-06-12 04:55:00,15.0
2025-06-12 21:09:00,24.0
2025-06-12 13:09:00,23.7
2025-06-12 15:36:00,40.8
2025-06-12 00:47:00,74.1
2025-06-12 15:44:00,77.0
2025-06-12 03:36:00,14.5
2025-06-12 09:36:00,7.1
2025-06-12 21:40:00,24.0
2025-06-12 18:39:00,49.81454693687398
2025-06-12 04:18:00,39.0
2025-06-12 19:42:00,48.0
2025-06-12 17:24:00,6.0
2025-06-12 20:36:00,44.1
2025-06-12 08:15:00,49.81454693687398
2025-06-12 07:34:00,16.5
2025-06-12 04:24:00,49.81454693687398
2025-06-12 00:22:00,90.0
2025-06-12 00:50:00,30.7
2025-06-12 16:34:00,69.4
2025-06-12 07:29:00,0.7
2025-06-12 13:27:00,64.2
2025-06-12 04:27:00,33.4
2025-06-12 06:44:00,49.81454693687398
2025-06-12 17:14:00,6.3
2025-06-12 21:36:00,16.7
2025-06-12 21:22:00,49.81454693687398
2025-06-12 02:39:00,74.5
2025-06-12 12:13:00,74.5
2025-06-12 04:37:00,49.81454693687398
2025-06-12 11:32:00,95.4
2025-06-12 21:12:00,21.6
2025-06-12 04:15:00,99.5
2025-06-12 12:48:00,30.6
2025-06-12 00:14:00,69.8
2025-06-12 04:07:00,26.5
2025-06-12 10:34:00,83.9
2025-06-12 11:35:00,34.1
2025-06-12 19:22:00,94.2
2025-06-12 05:18:00,19.5
2025-06-12 05:37:00,23.5
2025-06-12 22:39:00,37.9
2025-06-12 16:27:00,18.9
2025-06-12 13:40:00,49.81454693687398
2025-06-12 16:27:00,52.9
2025-06-12 04:24:00,66.2
2025-06-12 01:09:00,36.6
2025-06-12 03:29:00,32.6
2025-06-12 16:11:00,26.1
2025-06-12 22:40:00,3.7
2025-06-12 16:20:00,49.81454693687398
2025-06-12 22:35:00,71.2
2025-06-12 01:15:00,54.7
2025-06-12 17:15:00,96.9
2025-06-12 07:16:00,5.8
2025-06-12 06:37:00,81.0
2025-06-12 23:47:00,45.9
2025-06-12 10:31:00,37.4
2025-06-12 09:30:00,9.0
2025-06-12 15:16:00,87.7
2025-06-12 01:25:00,29.3
2025-06-12 02:14:00,49.81454693687398
2025-06-12 15:10:00,24.7
2025-06-12 12:07:00,18.0
2025-06-12 16:36:00,49.81454693687398
2025-06-12 23:57:00,60.2
2025-06-12 17:49:00,33.0
2025-06-12 08:50:00,49.81454693687398
2025-06-12 06:09:00,35.0
2025-06-12 07:48:00,22.9
2025-06-12 02:34:00,81.1
2025-06-12 13:54:00,55.5
2025-06-12 17:26:00,95.1
2025-06-12 03:21:00,49.81454693687398
2025-06-12 14:07:00,49.81454693687398
2025-06-12 09:51:00,60.3
2025-06-12 21:21:00,26.3
2025-06-12 17:49:00,61.5
2025-06-12 18:07:00,10.1
2025-06-12 23:38:00,1.0
2025-06-12 06:59:00,49.81454693687398
2025-06-12 06:53:00,55.8
2025-06-12 17:01:00,62.3
2025-06-12 18:40:00,26.6
2025-06-12 04:58:00,24.4
2025-06-12 19:51:00,4.8
2025-06-12 23:48:00,7.5
2025-06-12 17:56:00,46.8
2025-06-12 07:46:00,7.3
2025-06-12 19:25:00,17.9
2025-06-12 04:15:00,77.2
2025-06-12 01:31:00,6.0
2025-06-12 13:21:00,35.4
2025-06-12 15:02:00,36.0
2025-06-12 00:34:00,70.7
2025-06-12 15:20:00,15.9
2025-06-12 05:45:00,12.1
2025-06-12 10:38:00,51.7
2025-06-12 03:00:00,79.5
2025-06-12 01:49:00,49.81454693687398
2025-06-12 15:44:00,15.7
2025-06-12 04:27:00,34.3
2025-06-12 08:50:00,49.9
2025-06-12 11:27:00,43.4
2025-06-12 06:51:00,49.81454693687398
2025-06-12 21:32:00,30.7
2025-06-12 13:51:00,58.6
2025-06-12 23:35:00,68.2
2025-06-12 18:41:00,73.9
2025-06-12 13:49:00,28.1
2025-06-12 04:05:00,9.3
2025-06-12 03:21:00,49.81454693687398
2025-06-12 03:00:00,61.9
2025-06-12 21:53:00,60.0
2025-06-12 21:44:00,26.1
2025-06-12 15:45:00,76.5
2025-06-12 18:34:00,14.6
2025-06-12 20:24:00,87.9
2025-06-12 00:45:00,94.2
2025-06-12 13:54:00,0.0
2025-06-12 21:18:00,49.81454693687398
2025-06-12 22:20:00,40.6
2025-06-12 21:03:00,81.7
2025-06-12 07:10:00,49.1
2025-06-12 22:56:00,49.3
2025-06-12 09:30:00,83.0
2025-06-12 01:25:00,55.0
2025-06-12 09:17:00,52.7
2025-06-12 06:15:00,19.5
2025-06-12 22:51:00,55.1
2025-06-12 21:46:00,49.81454693687398
2025-06-12 06:11:00,26.0
2025-06-12 08:58:00,5.7
2025-06-12 05:02:00,93.4
2025-06-12 00:01:00,69.7
2025-06-12 13:18:00,65.4
2025-06-12 04:47:00,14.8
2025-06-12 06:07:00,76.7
2025-06-12 09:04:00,48.8
2025-06-12 11:14:00,25.8
2025-06-12 01:07:00,53.7
2025-06-12 16:16:00,21.4
2025-06-12 02:48:00,72.4
2025-06-12 10:22:00,90.0
2025-06-12 02:37:00,53.0
2025-06-12 06:00:00,49.81454693687398
2025-06-12 10:06:00,12.0
2025-06-12 08:33:00,13.1
2025-06-12 06:43:00,85.4
2025-06-12 15:51:00,86.4
2025-06-12 00:02:00,7.5
2025-06-12 21:25:00,88.5
2025-06-12 15:49:00,58.8
2025-06-12 15:38:00,49.81454693687398
2025-06-12 09:48:00,70.1
2025-06-12 16:51:00,93.5
2025-06-12 07:29:00,32.5
2025-06-12 00:51:00,60.5
2025-06-12 16:15:00,49.81454693687398
2025-06-12 17:26:00,49.81454693687398
2025-06-12 01:08:00,44.5
2025-06-12 13:45:00,54.1
2025-06-12 15:32:00,49.81454693687398
2025-06-12 15:01:00,82.7
2025-06-12 01:42:00,49.81454693687398
2025-06-12 23:28:00,37.2
2025-06-12 14:00:00,51.5
2025-06-12 13:18:00,71.2
2025-06-12 22:28:00,18.5
2025-06-12 06:40:00,35.4
2025-06-12 13:18:00,18.9
2025-06-12 07:54:00,95.5
2025-06-12 23:15:00,49.81454693687398
2025-06-12 19:29:00,50.5
2025-06-12 09:44:00,49.81454693687398
2025-06-12 02:50:00,30.4
2025-06-12 06:08:00,40.9
2025-06-12 03:12:00,88.9
2025-06-12 02:05:00,89.5
2025-06-12 04:38:00,1.9
2025-06-12 07:44:00,12.8
2025-06-12 04:09:00,5.2
2025-06-12 07:40:00,64.3
2025-06-12 23:41:00,49.81454693687398
2025-06-12 14:56:00,74.3
2025-06-12 21:44:00,5.3
2025-06-12 01:23:00,72.7
2025-06-12 03:56:00,86.4
2025-06-12 00:29:00,5.8
2025-06-12 12:29:00,28.8
2025-06-12 13:28:00,21.9
2025-06-12 12:40:00,56.3
2025-06-12 15:43:00,20.8
2025-06-12 17:29:00,67.6
2025-06-12 23:50:00,63.9
2025-06-12 16:22:00,0.4
2025-06-12 04:11:00,67.3
2025-06-12 14:08:00,50.17466168922071
2025-06-12 11:34:00,3.8
2025-06-12 06:34:00,13.9
2025-06-12 15:42:00,11.0
2025-06-12 07:51:00,51.6
2025-06-12 23:00:00,53.2
2025-06-12 22:30:00,50.3
2025-06-12 21:32:00,38.0
2025-06-12 19:11:00,48.6
2025-06-12 01:39:00,30.6
2025-06-12 15:36:00,18.5
2025-06-12 06:25:00,20.5
2025-06-12 01:21:00,52.3
2025-06-12 01:45:00,91.7
2025-06-12 02:15:00,99.4
2025-06-12 00:14:00,74.1
2025-06-12 01:48:00,44.4
2025-06-12 18:30:00,2.0
2025-06-12 00:12:00,23.1
2025-06-12 02:25:00,50.17466168922071
2025-06-12 07:37:00,6.0
2025-06-12 11:05:00,48.0
2025-06-12 22:54:00,50.17466168922071
2025-06-12 03:50:00,42.3
2025-06-12 21:50:00,91.1
2025-06-12 17:58:00,53.0
2025-06-12 09:30:00,2.6
2025-06-12 21:22:00,44.4
2025-06-12 16:19:00,3.0
2025-06-12 21:51:00,5.4
2025-06-12 19:38:00,24.5
2025-06-12 21:58:00,50.17466168922071
2025-06-12 16:11:00,68.3
2025-06-12 10:51:00,31.4
2025-06-12 13:05:00,47.3
2025-06-12 01:11:00,88.5
2025-06-12 13:50:00,3.5
2025-06-12 02:50:00,58.9
2025-06-12 22:44:00,66.9
2025-06-12 00:19:00,67.5
2025-06-12 00:10:00,97.4
2025-06-12 14:17:00,66.3
2025-06-12 02:41:00,57.0
2025-06-12 00:09:00,16.0
2025-06-12 01:49:00,53.7
2025-06-12 05:01:00,50.17466168922071
2025-06-12 05:46:00,70.3
2025-06-12 20:24:00,51.5
2025-06-12 03:36:00,95.2
2025-06-12 19:29:00,94.8
2025-06-12 21:00:00,95.8
2025-06-12 16:41:00,60.7
2025-06-12 15:27:00,47.5
2025-06-12 19:28:00,14.7
2025-06-12 20:31:00,55.9
2025-06-12 06:28:00,30.5
2025-06-12 07:54:00,25.6
2025-06-12 10:45:00,0.9
2025-06-12 12:12:00,64.9
2025-06-12 14:26:00,50.17466168922071
2025-06-12 05:58:00,66.1
2025-06-12 10:42:00,22.2
2025-06-12 11:58:00,44.7
2025-06-12 22:34:00,40.7
2025-06-12 21:32:00,31.4
2025-06-12 00:05:00,29.4
2025-06-12 16:30:00,80.5
2025-06-12 11:09:00,56.4
2025-06-12 14:14:00,12.2
2025-06-12 12:34:00,73.2
2025-06-12 20:48:00,93.6
2025-06-12 02:23:00,92.0
2025-06-12 00:57:00,11.2
2025-06-12 14:34:00,71.8
2025-06-12 05:04:00,71.3
2025-06-12 08:48:00,42.9
2025-06-12 18:36:00,49.6
2025-06-12 19:29:00,1.5
2025-06-12 21:14:00,10.6
2025-06-12 08:24:00,31.9
2025-06-12 15:16:00,58.8
2025-06-12 06:31:00,92.4
2025-06-12 10:12:00,36.1
2025-06-12 04:05:00,89.6
2025-06-12 04:47:00,91.4
2025-06-12 16:23:00,30.8
2025-06-12 10:55:00,71.7
2025-06-12 22:09:00,24.5
2025-06-12 20:43:00,81.2
2025-06-12 19:57:00,5.1
2025-06-12 11:14:00,74.1
2025-06-12 07:32:00,94.8
2025-06-12 15:08:00,83.7
2025-06-12 04:07:00,50.17466168922071
2025-06-12 02:42:00,26.5
2025-06-12 06:07:00,50.17466168922071
2025-06-12 17:01:00,11.0
2025-06-12 02:01:00,89.0
2025-06-12 02:09:00,81.7
2025-06-12 02:50:00,39.5
2025-06-12 20:10:00,61.5
2025-06-12 07:47:00,50.17466168922071
2025-06-12 09:30:00,14.3
2025-06-12 23:52:00,27.3
2025-06-12 15:54:00,20.5
2025-06-12 23:12:00,19.4
2025-06-12 23:20:00,44.8
2025-06-12 16:44:00,38.6
2025-06-12 20:55:00,54.7
2025-06-12 03:40:00,63.1
2025-06-12 23:25:00,55.7
2025-06-12 04:36:00,37.4
2025-06-12 05:37:00,2.1
2025-06-12 19:04:00,52.5
2025-06-12 04:06:00,50.1
2025-06-12 21:47:00,18.3
2025-06-12 13:31:00,71.6
2025-06-12 00:30:00,19.4
2025-06-12 23:21:00,46.6
2025-06-12 19:25:00,50.17466168922071
2025-06-12 22:47:00,24.7
2025-06-12 22:21:00,93.4
2025-06-12 13:48:00,66.2
2025-06-12 14:15:00,61.8
2025-06-12 05:10:00,37.3
2025-06-12 21:36:00,3.2
2025-06-12 14:16:00,92.5
2025-06-12 22:09:00,5.4
2025-06-12 17:57:00,71.3
2025-06-12 15:38:00,57.4
2025-06-12 10:24:00,12.3
2025-06-12 07:37:00,83.2
2025-06-12 06:36:00,19.3
2025-06-12 15:17:00,22.2
2025-06-12 22:57:00,8.6
2025-06-12 14:38:00,26.2
2025-06-12 14:28:00,52.6
2025-06-12 22:50:00,21.0
2025-06-12 21:33:00,67.9
2025-06-12 16:14:00,11.9
2025-06-12 09:14:00,67.5
2025-06-12 18:01:00,15.2
2025-06-12 12:26:00,74.9
2025-06-12 07:48:00,2.7
2025-06-12 21:01:00,6.9
2025-06-12 05:48:00,60.1
2025-06-12 07:59:00,38.3
2025-06-12 19:59:00,9.4
2025-06-12 12:57:00,47.5
2025-06-12 06:42:00,50.17466168922071
2025-06-12 08:25:00,41.8
2025-06-12 19:30:00,74.1
2025-06-12 15:04:00,42.6
2025-06-12 23:29:00,41.2
2025-06-12 02:57:00,39.7
2025-06-12 20:23:00,50.17466168922071
2025-06-12 13:08:00,84.2
2025-06-12 10:49:00,60.5
2025-06-12 15:00:00,50.17466168922071
2025-06-12 05:51:00,50.17466168922071
2025-06-12 16:07:00,50.17466168922071
2025-06-12 21:15:00,67.7
2025-06-12 18:14:00,99.8
2025-06-12 20:35:00,70.1
2025-06-12 06:20:00,84.2
2025-06-12 16:57:00,29.4
2025-06-12 17:55:00,10.1
2025-06-12 17:08:00,68.6
2025-06-12 11:13:00,50.17466168922071
2025-06-12 02:22:00,40.6
2025-06-12 06:23:00,3.6
2025-06-12 04:52:00,17.5
2025-06-12 20:49:00,22.4
2025-06-12 10:47:00,50.17466168922071
2025-06-12 16:45:00,86.8
2025-06-12 20:47:00,90.2
2025-06-12 10:56:00,77.6
2025-06-12 10:26:00,70.6
2025-06-12 08:31:00,93.1
2025-06-12 22:16:00,63.4
2025-06-12 19:22:00,81.6
2025-06-12 14:43:00,50.17466168922071
2025-06-12 09:01:00,78.5
2025-06-12 01:55:00,23.4
2025-06-12 02:34:00,73.8
2025-06-12 14:07:00,24.3
2025-06-12 15:29:00,27.6
2025-06-12 01:27:00,95.6
2025-06-12 01:35:00,45.0
2025-06-12 08:53:00,81.2
2025-06-12 13:17:00,74.3
2025-06-12 04:44:00,14.7
2025-06-12 03:23:00,63.6
2025-06-12 04:12:00,91.4
2025-06-12 19:26:00,98.7
2025-06-12 10:13:00,50.17466168922071
2025-06-12 13:05:00,70.1
2025-06-12 06:27:00,83.2
2025-06-12 04:46:00,52.8
2025-06-12 00:23:00,5.9
2025-06-12 09:52:00,23.7
2025-06-12 15:23:00,92.6
2025-06-12 07:04:00,20.4
2025-06-12 10:04:00,54.3
2025-06-12 15:59:00,91.4
2025-06-12 19:43:00,71.6
2025-06-12 22:02:00,50.17466168922071
2025-06-12 20:37:00,30.6
2025-06-12 22:23:00,4.8
2025-06-12 03:01:00,79.1
2025-06-12 00:11:00,37.0
2025-06-12 00:24:00,10.8
2025-06-12 05:54:00,36.2
2025-06-12 17:26:00,50.17466168922071
2025-06-12 19:44:00,50.17466168922071
2025-06-12 13:27:00,14.1
2025-06-12 16:06:00,42.2
2025-06-12 11:52:00,3.8
2025-06-12 10:10:00,71.9
2025-06-12 17:08:00,50.17466168922071
2025-06-12 09:56:00,50.6
2025-06-12 00:56:00,2.4
2025-06-12 03:48:00,62.8
2025-06-12 15:26:00,49.9
2025-06-12 19:18:00,22.0
2025-06-12 04:01:00,50.17466168922071
2025-06-12 21:21:00,75.1
2025-06-12 00:55:00,71.1
2025-06-12 18:05:00,35.1
2025-06-12 11:59:00,65.5
2025-06-12 17:41:00,50.17466168922071
2025-06-12 00:27:00,50.17466168922071
2025-06-12 12:29:00,25.8
2025-06-12 00:43:00,5.0
2025-06-12 17:29:00,30.9
2025-06-12 09:40:00,23.8
2025-06-12 23:34:00,74.9
2025-06-12 13:45:00,18.2
2025-06-12 08:37:00,82.4
2025-06-12 02:56:00,18.4
2025-06-12 16:18:00,76.3
2025-06-12 17:54:00,58.5
2025-06-12 13:02:00,85.0
2025-06-12 20:29:00,50.17466168922071
2025-06-12 14:29:00,86.3
2025-06-12 09:07:00,28.5
2025-06-12 04:40:00,46.7
2025-06-12 03:41:00,55.0
2025-06-12 05:37:00,38.8
2025-06-12 16:09:00,16.5
2025-06-12 21:01:00,51.0
2025-06-12 21:29:00,21.1
2025-06-12 04:10:00,25.5
2025-06-12 03:02:00,50.17466168922071
2025-06-12 10:51:00,50.17466168922071
2025-06-12 18:36:00,46.7
2025-06-12 18:57:00,50.17466168922071
2025-06-12 21:03:00,36.9
2025-06-12 15:43:00,30.5
2025-06-12 19:11:00,50.17466168922071
2025-06-12 12:14:00,9.0
2025-06-12 07:37:00,50.17466168922071
2025-06-12 02:46:00,23.9
2025-06-12 19:33:00,52.1
2025-06-12 15:17:00,47.3
2025-06-12 20:14:00,75.3
2025-06-12 22:41:00,93.7
2025-06-12 16:20:00,28.2
2025-06-12 07:05:00,50.17466168922071
2025-06-12 12:22:00,41.7
2025-06-12 18:20:00,84.5
2025-06-12 15:56:00,84.7
2025-06-12 09:37:00,4.8
2025-06-12 10:39:00,73.2
2025-06-12 18:27:00,18.1
2025-06-12 09:17:00,68.6
2025-06-12 00:40:00,4.8
2025-06-12 12:25:00,50.17466168922071
2025-06-12 04:25:00,83.7
2025-06-12 22:51:00,3.1
2025-06-12 02:17:00,40.2
2025-06-12 09:43:00,54.9
2025-06-12 02:15:00,43.3
2025-06-12 20:53:00,50.17466168922071
2025-06-12 00:24:00,15.3
2025-06-12 13:11:00,23.8
2025-06-12 02:34:00,77.4
2025-06-12 23:18:00,44.3
2025-06-12 11:19:00,50.17466168922071
2025-06-12 11:30:00,50.17466168922071
2025-06-12 15:25:00,77.7
2025-06-12 19:59:00,50.17466168922071
2025-06-12 00:24:00,18.4
2025-06-12 18:18:00,27.8
2025-06-12 10:33:00,34.2
2025-06-12 12:07:00,81.9
2025-06-12 23:12:00,54.5
2025-06-12 18:49:00,97.1
2025-06-12 21:33:00,12.3
2025-06-12 06:49:00,56.6
2025-06-12 09:00:00,78.3
2025-06-12 16:26:00,31.5
2025-06-12 09:46:00,51.4
2025-06-12 08:01:00,58.0
2025-06-12 01:52:00,92.3
2025-06-12 09:30:00,16.0
2025-06-12 11:43:00,14.3
2025-06-12 13:49:00,34.6
2025-06-12 18:39:00,1.9
2025-06-12 01:00:00,11.8
2025-06-12 02:04:00,97.1
2025-06-12 16:35:00,15.4
2025-06-12 14:51:00,52.6
2025-06-12 06:29:00,50.17466168922071
2025-06-12 14:16:00,79.6
2025-06-12 05:53:00,34.9
2025-06-12 02:25:00,54.9
2025-06-12 15:59:00,55.2
2025-06-12 16:11:00,78.7
2025-06-12 22:13:00,50.17466168922071
2025-06-12 18:48:00,50.17466168922071
2025-06-12 11:23:00,90.9
2025-06-12 10:16:00,21.7
2025-06-12 09:07:00,20.7
2025-06-12 10:34:00,78.1
2025-06-12 10:03:00,39.8
2025-06-12 12:04:00,9.1
2025-06-12 04:51:00,21.9
2025-06-12 01:12:00,96.7
2025-06-12 10:32:00,64.4
2025-06-12 03:11:00,60.4
2025-06-12 02:01:00,52.9
2025-06-12 16:54:00,92.5
2025-06-12 04:42:00,50.17466168922071
2025-06-12 03:15:00,41.1
2025-06-12 18:57:00,1.0
2025-06-12 03:44:00,80.7
2025-06-12 13:00:00,50.17466168922071
2025-06-12 12:00:00,33.4
2025-06-12 13:15:00,93.3
2025-06-12 15:48:00,87.3
2025-06-12 16:28:00,33.2
2025-06-12 21:17:00,49.28634215500945
2025-06-12 08:03:00,16.3
2025-06-12 23:13:00,99.4
2025-06-12 01:23:00,18.8
2025-06-12 10:18:00,63.2
2025-06-12 18:02:00,49.28634215500945
2025-06-12 15:56:00,97.5
2025-06-12 00:24:00,6.2
2025-06-12 04:18:00,62.6
2025-06-12 03:31:00,20.4
2025-06-12 18:30:00,58.0
2025-06-12 00:36:00,39.3
2025-06-12 21:09:00,3.3
2025-06-12 22:14:00,7.4
2025-06-12 13:03:00,13.2
2025-06-12 07:54:00,59.8
2025-06-12 17:41:00,49.28634215500945
2025-06-12 10:39:00,55.0
2025-06-12 06:30:00,24.2
2025-06-12 01:50:00,67.2
2025-06-12 07:55:00,49.28634215500945
2025-06-12 13:16:00,93.3
2025-06-12 18:25:00,49.28634215500945
2025-06-12 03:51:00,26.0
2025-06-12 12:18:00,54.2
2025-06-12 03:08:00,40.2
2025-06-12 21:34:00,63.8
2025-06-12 22:35:00,95.2
2025-06-12 08:15:00,70.7
2025-06-12 08:11:00,93.9
2025-06-12 14:42:00,45.8
2025-06-12 10:20:00,8.8
2025-06-12 12:20:00,10.5
2025-06-12 20:00:00,87.4
2025-06-12 08:24:00,49.28634215500945
2025-06-12 00:53:00,26.7
2025-06-12 13:46:00,49.28634215500945
2025-06-12 19:10:00,31.0
2025-06-12 10:42:00,49.28634215500945
2025-06-12 07:32:00,23.6
2025-06-12 19:45:00,34.0
2025-06-12 16:43:00,97.7
2025-06-12 03:36:00,16.8
2025-06-12 02:56:00,14.5
2025-06-12 08:15:00,49.28634215500945
2025-06-12 06:30:00,49.28634215500945
2025-06-12 03:45:00,49.28634215500945
2025-06-12 01:45:00,33.5
2025-06-12 06:58:00,62.3
2025-06-12 22:25:00,61.9
2025-06-12 03:08:00,49.28634215500945
2025-06-12 14:00:00,25.3
2025-06-12 00:02:00,72.1
2025-06-12 19:35:00,11.4
2025-06-12 16:49:00,13.1
2025-06-12 04:01:00,49.28634215500945
2025-06-12 14:58:00,22.3
2025-06-12 21:32:00,49.28634215500945
2025-06-12 20:50:00,34.0
2025-06-12 02:29:00,2.5
2025-06-12 22:08:00,30.4
2025-06-12 19:31:00,45.2
2025-06-12 10:50:00,49.28634215500945
2025-06-12 02:10:00,56.0
2025-06-12 01:24:00,71.1
2025-06-12 11:05:00,19.8
2025-06-12 12:36:00,47.2
2025-06-12 09:45:00,39.4
2025-06-12 15:30:00,49.28634215500945
2025-06-12 12:14:00,4.7
2025-06-12 13:52:00,32.8
2025-06-12 09:27:00,49.28634215500945
2025-06-12 02:40:00,39.5
2025-06-12 17:56:00,52.7
2025-06-12 19:31:00,41.2
2025-06-12 00:02:00,49.28634215500945
2025-06-12 12:33:00,49.28634215500945
2025-06-12 18:48:00,49.9
2025-06-12 06:16:00,29.9
2025-06-12 23:17:00,72.2
2025-06-12 06:39:00,47.5
2025-06-12 06:40:00,45.6
2025-06-12 22:59:00,87.0
2025-06-12 00:20:00,89.7
2025-06-12 10:41:00,47.7
2025-06-12 10:14:00,86.3
2025-06-12 16:07:00,49.28634215500945
2025-06-12 23:58:00,72.0
2025-06-12 18:51:00,68.5
2025-06-12 19:49:00,77.9
2025-06-12 08:18:00,95.1
2025-06-12 23:10:00,94.7
2025-06-12 19:38:00,48.8
2025-06-12 14:49:00,61.1
2025-06-12 15:03:00,24.0
2025-06-12 20:56:00,53.1
2025-06-12 09:37:00,49.28634215500945
2025-06-12 16:40:00,2.8
2025-06-12 09:15:00,58.4
2025-06-12 10:47:00,92.2
2025-06-12 08:11:00,10.9
2025-06-12 11:26:00,67.2
2025-06-12 19:43:00,98.4
2025-06-12 17:17:00,42.6
2025-06-12 12:20:00,72.0
2025-06-12 08:00:00,77.9
2025-06-12 22:46:00,78.9
2025-06-12 23:59:00,16.0
2025-06-12 15:03:00,1.0
2025-06-12 01:39:00,49.28634215500945
2025-06-12 17:29:00,27.2
2025-06-12 04:27:00,13.7
2025-06-12 05:24:00,66.7
2025-06-12 02:40:00,42.4
2025-06-12 04:02:00,49.28634215500945
2025-06-12 19:00:00,52.9
2025-06-12 15:06:00,49.28634215500945
2025-06-12 05:58:00,49.28634215500945
2025-06-12 09:45:00,17.5
2025-06-12 10:45:00,49.28634215500945
2025-06-12 11:19:00,49.28634215500945
2025-06-12 19:17:00,24.3
2025-06-12 12:04:00,88.5
2025-06-12 08:39:00,50.6
2025-06-12 00:48:00,1.6
2025-06-12 03:38:00,80.4
2025-06-12 23:48:00,42.7
2025-06-12 16:18:00,40.3
2025-06-12 01:23:00,95.4
2025-06-12 07:14:00,30.2
2025-06-12 13:31:00,49.28634215500945
2025-06-12 18:59:00,52.1
2025-06-12 04:19:00,97.6
2025-06-12 00:55:00,92.0
2025-06-12 09:02:00,49.28634215500945
2025-06-12 23:03:00,38.6
2025-06-12 17:37:00,89.9
2025-06-12 13:17:00,41.9
2025-06-12 15:04:00,51.9
2025-06-12 15:45:00,41.7
2025-06-12 07:36:00,15.9
2025-06-12 18:44:00,6.4
2025-06-12 16:00:00,9.4
2025-06-12 17:20:00,33.8
2025-06-12 16:28:00,82.9
2025-06-12 09:50:00,35.0
2025-06-12 22:55:00,84.8
2025-06-12 15:02:00,49.28634215500945
2025-06-12 18:36:00,43.4
2025-06-12 18:53:00,12.1
2025-06-12 21:42:00,79.1
2025-06-12 19:11:00,9.9
2025-06-12 13:34:00,67.5
2025-06-12 05:25:00,60.0
2025-06-12 02:23:00,20.0
2025-06-12 13:04:00,72.2
2025-06-12 18:36:00,63.4
2025-06-12 07:53:00,49.28634215500945
2025-06-12 03:56:00,9.5
2025-06-12 03:47:00,24.3
2025-06-12 20:10:00,99.4
2025-06-12 08:53:00,50.1
2025-06-12 22:31:00,62.9
2025-06-12 18:17:00,96.2
2025-06-12 13:47:00,86.4
2025-06-12 02:43:00,49.28634215500945
2025-06-12 17:36:00,49.28634215500945
2025-06-12 12:07:00,35.1
2025-06-12 10:30:00,39.3
2025-06-12 22:12:00,16.8
2025-06-12 17:27:00,64.1
2025-06-12 23:14:00,81.2
2025-06-12 15:14:00,9.5
2025-06-12 23:11:00,49.28634215500945
2025-06-12 05:16:00,49.28634215500945
2025-06-12 03:58:00,49.28634215500945
2025-06-12 07:19:00,23.4
2025-06-12 21:19:00,38.9
2025-06-12 02:57:00,82.6
2025-06-12 14:01:00,20.0
2025-06-12 01:00:00,66.0
2025-06-12 17:47:00,49.28634215500945
2025-06-12 00:11:00,94.6
2025-06-12 21:16:00,12.6
2025-06-12 13:41:00,65.4
2025-06-12 22:18:00,57.6
2025-06-12 14:10:00,99.6
2025-06-12 07:27:00,31.1
2025-06-12 01:29:00,49.28634215500945
2025-06-12 02:31:00,49.28634215500945
2025-06-12 19:25:00,49.28634215500945
2025-06-12 15:32:00,49.28634215500945
2025-06-12 02:11:00,27.5
2025-06-12 07:19:00,5.2
2025-06-12 11:12:00,43.0
2025-06-12 06:11:00,34.4
2025-06-12 18:20:00,69.5
2025-06-12 04:31:00,60.6
2025-06-12 04:01:00,8.5
2025-06-12 06:43:00,49.28634215500945
2025-06-12 19:35:00,96.4
2025-06-12 10:56:00,92.6
2025-06-12 11:58:00,59.1
2025-06-12 23:10:00,99.1
2025-06-12 23:29:00,15.3
2025-06-12 23:49:00,39.7
2025-06-12 15:39:00,16.8
2025-06-12 02:46:00,88.7
2025-06-12 17:18:00,49.28634215500945
2025-06-12 17:34:00,70.9
2025-06-12 19:32:00,6.6
2025-06-12 14:02:00,0.3
2025-06-12 09:15:00,31.3
2025-06-12 17:55:00,49.28634215500945
2025-06-12 05:40:00,7.8
2025-06-12 00:05:00,44.6
2025-06-12 08:51:00,31.2
2025-06-12 22:10:00,86.0
2025-06-12 21:27:00,18.4
2025-06-12 00:58:00,18.1
2025-06-12 13:56:00,53.9
2025-06-12 01:48:00,88.4
2025-06-12 06:32:00,74.8
2025-06-12 06:42:00,43.7
2025-06-12 01:19:00,72.4
2025-06-12 14:37:00,49.28634215500945
2025-06-12 05:44:00,34.2
2025-06-12 17:29:00,78.9
2025-06-12 22:25:00,43.5
2025-06-12 03:15:00,28.7
2025-06-12 02:20:00,49.28634215500945
2025-06-12 09:11:00,25.1
2025-06-12 20:17:00,72.4
2025-06-12 01:15:00,29.8
2025-06-12 14:28:00,49.28634215500945
2025-06-12 15:09:00,9.5
2025-06-12 04:06:00,65.6
2025-06-12 10:33:00,75.8
2025-06-12 15:42:00,68.3
2025-06-12 12:50:00,6.9
2025-06-12 06:01:00,49.28634215500945
2025-06-12 22:37:00,78.7
2025-06-12 05:39:00,37.2
2025-06-12 01:37:00,93.3
2025-06-12 03:04:00,44.8
2025-06-12 14:11:00,49.28634215500945
2025-06-12 01:31:00,71.5
2025-06-12 02:02:00,58.1
2025-06-12 20:04:00,49.28634215500945
2025-06-12 18:59:00,83.1
2025-06-12 03:39:00,44.6
2025-06-12 00:14:00,48.5
2025-06-12 14:46:00,75.8
2025-06-12 21:46:00,44.3
2025-06-12 09:34:00,42.1
2025-06-12 08:39:00,18.5
2025-06-12 05:37:00,49.28634215500945
2025-06-12 13:09:00,30.2
2025-06-12 04:53:00,97.0
2025-06-12 09:14:00,24.1
2025-06-12 11:13:00,95.6
2025-06-12 04:38:00,60.1
2025-06-12 06:21:00,4.4
2025-06-12 16:48:00,2.4
2025-06-12 09:33:00,72.5
2025-06-12 04:39:00,26.4
2025-06-12 20:06:00,49.28634215500945
2025-06-12 15:42:00,82.2
2025-06-12 03:54:00,49.28634215500945
2025-06-12 15:08:00,4.2
2025-06-12 20:57:00,3.8
2025-06-12 17:16:00,36.9
2025-06-12 05:33:00,78.0
2025-06-12 00:18:00,21.4
2025-06-12 16:22:00,75.0
2025-06-12 16:17:00,37.1
2025-06-12 03:42:00,58.6
2025-06-12 21:09:00,71.3
2025-06-12 07:31:00,80.8
2025-06-12 17:05:00,49.28634215500945
2025-06-12 16:53:00,6.9
2025-06-12 06:13:00,92.3
2025-06-12 22:59:00,13.4
2025-06-12 09:11:00,53.1
2025-06-12 03:59:00,49.28634215500945
2025-06-12 21:30:00,56.0
2025-06-12 11:41:00,40.8
2025-06-12 15:16:00,15.2
2025-06-12 12:00:00,50.6
2025-06-12 23:14:00,43.0
2025-06-12 08:25:00,39.4
2025-06-12 22:50:00,91.8
2025-06-12 06:52:00,20.6
2025-06-12 12:39:00,64.3
2025-06-12 21:07:00,34.4
2025-06-12 06:44:00,42.3
2025-06-12 08:35:00,17.0
2025-06-12 06:49:00,81.5
2025-06-12 23:57:00,46.8
2025-06-12 19:46:00,49.28634215500945
2025-06-12 04:04:00,49.28634215500945
2025-06-12 13:37:00,49.28634215500945
2025-06-12 20:26:00,18.4
2025-06-12 05:07:00,51.3
2025-06-12 11:49:00,25.4
2025-06-12 19:42:00,79.3
2025-06-12 16:46:00,47.9
2025-06-12 23:04:00,13.7
2025-06-12 11:10:00,49.28634215500945
2025-06-12 17:44:00,33.7
2025-06-12 17:53:00,90.6
2025-06-12 06:57:00,49.28634215500945
2025-06-12 12:54:00,51.5
2025-06-12 14:54:00,28.4
2025-06-12 11:35:00,93.8
2025-06-12 13:31:00,65.4
2025-06-12 20:17:00,49.28634215500945
2025-06-12 00:21:00,70.2
2025-06-12 14:39:00,49.28634215500945
2025-06-12 14:58:00,26.7
2025-06-12 02:09:00,19.0
2025-06-12 23:35:00,29.8
2025-06-12 17:18:00,49.28634215500945
2025-06-12 00:40:00,51.7
2025-06-12 08:30:00,49.28634215500945
2025-06-12 10:56:00,1.8
2025-06-12 18:02:00,98.1
2025-06-12 06:49:00,57.1
2025-06-12 04:44:00,49.28634215500945
2025-06-12 22:57:00,99.3
2025-06-12 02:53:00,73.4
2025-06-12 23:25:00,20.5
2025-06-12 13:43:00,49.28634215500945
2025-06-12 01:17:00,61.3
2025-06-12 15:55:00,5.7
2025-06-12 17:44:00,45.7
2025-06-12 08:46:00,49.28634215500945
2025-06-12 08:52:00,38.5
2025-06-12 15:15:00,97.5
2025-06-12 09:11:00,35.4
2025-06-12 19:01:00,85.2
2025-06-12 15:37:00,72.4
2025-06-12 11:08:00,49.28634215500945
2025-06-12 21:04:00,59.8
2025-06-12 20:33:00,13.5
2025-06-12 06:40:00,45.4
2025-06-12 19:11:00,41.2
2025-06-12 07:23:00,37.4
2025-06-12 00:30:00,32.7
2025-06-12 10:06:00,51.8
2025-06-12 16:10:00,28.0
2025-06-12 10:22:00,42.3
2025-06-12 08:21:00,41.8
2025-06-12 07:56:00,50.0812925170068
2025-06-12 17:21:00,1.6
2025-06-12 16:36:00,26.8
2025-06-12 21:16:00,81.7
2025-06-12 10:39:00,27.3
2025-06-12 19:55:00,91.7
2025-06-12 00:02:00,69.0
2025-06-12 21:14:00,71.0
2025-06-12 04:16:00,64.0
2025-06-12 12:31:00,99.5
2025-06-12 06:51:00,16.5
2025-06-12 02:57:00,58.1
2025-06-12 08:22:00,12.1
2025-06-12 03:21:00,52.3
2025-06-12 16:47:00,5.0
2025-06-12 02:37:00,64.5
2025-06-12 15:50:00,94.5
2025-06-12 11:55:00,70.1
2025-06-12 03:30:00,96.1
2025-06-12 09:16:00,34.0
2025-06-12 23:47:00,50.0812925170068
2025-06-12 13:42:00,94.7
2025-06-12 04:21:00,26.8
2025-06-12 03:43:00,3.6
2025-06-12 09:04:00,77.5
2025-06-12 20:47:00,55.8
2025-06-12 01:33:00,67.9
2025-06-12 01:51:00,94.2
2025-06-12 06:43:00,4.1
2025-06-12 08:53:00,68.1
2025-06-12 08:16:00,7.6
2025-06-12 20:43:00,3.4
2025-06-12 15:25:00,98.0
2025-06-12 05:30:00,50.0812925170068
2025-06-12 22:57:00,77.6
2025-06-12 17:14:00,21.7
2025-06-12 17:09:00,49.3
2025-06-12 21:29:00,60.4
2025-06-12 19:01:00,39.9
2025-06-12 22:04:00,8.9
2025-06-12 21:59:00,77.8
2025-06-12 17:02:00,50.0812925170068
2025-06-12 19:14:00,75.3
2025-06-12 17:55:00,50.0812925170068
2025-06-12 13:25:00,3.3
2025-06-12 08:29:00,28.0
2025-06-12 09:17:00,81.7
2025-06-12 13:02:00,69.9
2025-06-12 00:57:00,61.8
2025-06-12 13:45:00,84.0
2025-06-12 00:12:00,93.3
2025-06-12 22:08:00,99.2
2025-06-12 05:21:00,72.0
2025-06-12 02:25:00,52.1
2025-06-12 17:04:00,11.1
2025-06-12 01:34:00,46.8
2025-06-12 12:03:00,67.4
2025-06-12 02:50:00,50.0812925170068
2025-06-12 10:27:00,77.4
2025-06-12 18:42:00,77.0
2025-06-12 06:18:00,66.3
2025-06-12 23:25:00,38.7
2025-06-12 20:43:00,36.6
2025-06-12 16:56:00,4.9
2025-06-12 22:49:00,5.6
2025-06-12 02:45:00,50.0812925170068
2025-06-12 00:26:00,50.0812925170068
2025-06-12 10:22:00,39.2
2025-06-12 06:18:00,41.9
2025-06-12 09:43:00,5.5
2025-06-12 20:31:00,37.4
2025-06-12 19:55:00,96.9
2025-06-12 20:21:00,12.7
2025-06-12 02:28:00,72.2
2025-06-12 16:33:00,89.4
2025-06-12 03:10:00,67.3
2025-06-12 22:59:00,5.4
2025-06-12 23:07:00,71.5
2025-06-12 19:04:00,77.6
2025-06-12 20:59:00,35.2
2025-06-12 23:25:00,25.3
2025-06-12 01:50:00,50.0812925170068
2025-06-12 03:10:00,75.7
2025-06-12 20:04:00,13.8
2025-06-12 12:20:00,23.4
2025-06-12 03:23:00,38.3
2025-06-12 04:26:00,64.1
2025-06-12 19:36:00,58.1
2025-06-12 17:54:00,35.7
2025-06-12 04:13:00,69.5
2025-06-12 10:47:00,50.0812925170068
2025-06-12 22:01:00,96.3
2025-06-12 03:43:00,50.0812925170068
2025-06-12 06:56:00,62.1
2025-06-12 22:20:00,28.6
2025-06-12 17:27:00,0.5
2025-06-12 04:05:00,56.7
2025-06-12 11:47:00,84.2
2025-06-12 11:50:00,50.0812925170068
2025-06-12 04:06:00,61.6
2025-06-12 11:51:00,57.3
2025-06-12 07:59:00,72.1
2025-06-12 04:19:00,33.6
2025-06-12 12:59:00,39.5
2025-06-12 22:23:00,88.2
2025-06-12 17:10:00,46.8
2025-06-12 07:29:00,6.2
2025-06-12 08:08:00,93.0
2025-06-12 18:16:00,69.0
2025-06-12 02:10:00,71.5
2025-06-12 22:53:00,50.0812925170068
2025-06-12 08:16:00,89.1
2025-06-12 05:53:00,82.3
2025-06-12 21:12:00,33.8
2025-06-12 11:53:00,91.5
2025-06-12 19:40:00,97.6
2025-06-12 08:20:00,40.0
2025-06-12 21:56:00,59.8
2025-06-12 12:01:00,92.0
2025-06-12 21:07:00,35.5
2025-06-12 23:27:00,44.9
2025-06-12 11:58:00,16.3
2025-06-12 08:28:00,81.7
2025-06-12 20:20:00,80.5
2025-06-12 22:52:00,93.2
2025-06-12 19:32:00,20.7
2025-06-12 03:04:00,32.4
2025-06-12 15:02:00,91.5
2025-06-12 09:14:00,26.6
2025-06-12 05:39:00,45.9
2025-06-12 04:09:00,69.4
2025-06-12 14:22:00,76.9
2025-06-12 08:40:00,61.9
2025-06-12 18:03:00,5.7
2025-06-12 15:50:00,50.0812925170068
2025-06-12 21:23:00,58.6
2025-06-12 10:36:00,26.6
2025-06-12 09:58:00,12.4
2025-06-12 16:01:00,81.3
2025-06-12 15:21:00,20.8
2025-06-12 22:13:00,22.7
2025-06-12 11:06:00,60.7
2025-06-12 23:33:00,50.0812925170068
2025-06-12 09:29:00,7.6
2025-06-12 01:20:00,12.4
2025-06-12 04:17:00,53.2
2025-06-12 20:31:00,2.1
2025-06-12 14:17:00,8.0
2025-06-12 07:09:00,30.8
2025-06-12 13:35:00,36.8
2025-06-12 13:22:00,81.7
2025-06-12 15:55:00,28.8
2025-06-12 10:23:00,8.2
2025-06-12 21:03:00,76.8
2025-06-12 22:37:00,28.9
2025-06-12 01:00:00,8.8
2025-06-12 07:35:00,23.5
2025-06-12 01:52:00,82.8
2025-06-12 03:32:00,81.9
2025-06-12 05:45:00,32.7
2025-06-12 23:58:00,22.1
2025-06-12 11:45:00,6.2
2025-06-12 21:20:00,82.0
2025-06-12 16:10:00,55.8
2025-06-12 19:09:00,75.2
2025-06-12 20:19:00,44.2
2025-06-12 12:31:00,44.7
2025-06-12 02:13:00,55.9
2025-06-12 04:58:00,64.8
2025-06-12 13:58:00,60.6
2025-06-12 14:31:00,53.5
2025-06-12 16:26:00,46.6
2025-06-12 04:21:00,85.0
2025-06-12 10:00:00,41.2
2025-06-12 03:02:00,65.5
2025-06-12 13:02:00,96.1
2025-06-12 01:46:00,50.0812925170068
2025-06-12 12:50:00,62.2
2025-06-12 05:13:00,17.9
2025-06-12 06:59:00,53.8
2025-06-12 08:39:00,11.5
2025-06-12 14:04:00,66.1
2025-06-12 21:28:00,50.0812925170068
2025-06-12 17:09:00,33.0
2025-06-12 09:12:00,57.7
2025-06-12 16:46:00,28.5
2025-06-12 20:18:00,30.8
2025-06-12 18:42:00,58.6
2025-06-12 09:51:00,36.4
2025-06-12 03:25:00,82.3
2025-06-12 01:00:00,42.9
2025-06-12 07:47:00,77.4
2025-06-12 11:34:00,67.7
2025-06-12 23:35:00,43.2
2025-06-12 03:29:00,2.3
2025-06-12 14:55:00,15.2
2025-06-12 11:58:00,62.3
2025-06-12 07:01:00,97.1
2025-06-12 03:55:00,45.7
2025-06-12 00:52:00,50.0812925170068
2025-06-12 08:14:00,91.0
2025-06-12 15:59:00,50.0812925170068
2025-06-12 10:45:00,26.7
2025-06-12 04:41:00,30.8
2025-06-12 19:11:00,8.9
2025-06-12 15:42:00,4.4
2025-06-12 16:11:00,4.3
2025-06-12 05:04:00,71.0
2025-06-12 00:44:00,50.0812925170068
2025-06-12 01:09:00,50.0812925170068
2025-06-12 14:00:00,14.9
2025-06-12 08:44:00,0.4
2025-06-12 07:47:00,92.2
2025-06-12 03:25:00,50.0812925170068
2025-06-12 19:31:00,6.2
2025-06-12 23:37:00,53.4
2025-06-12 08:19:00,50.0812925170068
2025-06-12 14:29:00,5.7
2025-06-12 01:28:00,73.6
2025-06-12 12:16:00,24.7
2025-06-12 13:53:00,16.5
2025-06-12 15:36:00,63.7
2025-06-12 17:12:00,47.1
2025-06-12 03:43:00,17.5
2025-06-12 00:59:00,81.8
2025-06-12 16:06:00,62.7
2025-06-12 12:56:00,29.9
2025-06-12 09:43:00,38.1
2025-06-12 21:30:00,51.0
2025-06-12 19:18:00,50.0812925170068
2025-06-12 02:11:00,31.5
2025-06-12 07:27:00,43.8
2025-06-12 03:30:00,70.1
2025-06-12 14:13:00,19.2
2025-06-12 20:09:00,91.5
2025-06-12 14:13:00,53.6
2025-06-12 23:35:00,50.0812925170068
2025-06-12 19:48:00,17.6
2025-06-12 22:12:00,67.4
2025-06-12 19:36:00,47.5
2025-06-12 08:01:00,33.6
2025-06-12 05:08:00,20.8
2025-06-12 00:09:00,34.2
2025-06-12 03:44:00,32.0
2025-06-12 08:11:00,51.8
2025-06-12 13:55:00,14.7
2025-06-12 03:24:00,28.1
2025-06-12 04:01:00,3.6
2025-06-12 15:28:00,39.3
2025-06-12 01:48:00,93.8
2025-06-12 00:57:00,50.0812925170068
2025-06-12 08:54:00,64.8
2025-06-12 20:42:00,50.0812925170068
2025-06-12 08:06:00,2.5
2025-06-12 13:24:00,41.3
2025-06-12 23:05:00,50.0812925170068
2025-06-12 22:02:00,49.0
2025-06-12 21:20:00,2.1
2025-06-12 22:46:00,3.6
2025-06-12 06:26:00,1.1
2025-06-12 11:51:00,26.2
2025-06-12 18:18:00,50.6
2025-06-12 10:29:00,34.0
2025-06-12 23:11:00,68.2
2025-06-12 18:18:00,49.9
2025-06-12 22:53:00,50.0812925170068
2025-06-12 04:01:00,80.9
2025-06-12 14:09:00,73.4
2025-06-12 12:34:00,49.7
2025-06-12 02:13:00,10.8
2025-06-12 08:29:00,87.0
2025-06-12 20:31:00,50.2
2025-06-12 23:04:00,85.7
2025-06-12 08:09:00,44.5
2025-06-12 04:11:00,50.0812925170068
2025-06-12 16:07:00,91.7
2025-06-12 12:09:00,50.0812925170068
2025-06-12 18:31:00,9.2
2025-06-12 01:00:00,50.0812925170068
2025-06-12 03:01:00,50.0812925170068
2025-06-12 02:05:00,77.6
2025-06-12 07:25:00,50.0812925170068
2025-06-12 02:14:00,61.8
2025-06-12 10:48:00,21.9
2025-06-12 03:26:00,0.7
2025-06-12 22:02:00,55.0
2025-06-12 16:54:00,50.0812925170068
2025-06-12 18:51:00,50.0812925170068
2025-06-12 11:13:00,87.2
2025-06-12 14:56:00,24.1
2025-06-12 02:37:00,71.4
2025-06-12 04:33:00,17.8
2025-06-12 02:34:00,23.6
2025-06-12 09:55:00,20.5
2025-06-12 09:21:00,6.2
2025-06-12 11:31:00,69.6
2025-06-12 17:08:00,54.4
2025-06-12 07:14:00,50.0812925170068
2025-06-12 03:22:00,60.8
2025-06-12 15:29:00,50.0812925170068
2025-06-12 12:52:00,98.4
2025-06-12 15:46:00,70.1
2025-06-12 05:15:00,82.2
2025-06-12 04:44:00,50.0812925170068
2025-06-12 05:24:00,67.1
2025-06-12 04:00:00,86.2
2025-06-12 06:40:00,84.8
2025-06-12 10:43:00,97.1
2025-06-12 14:32:00,50.0812925170068
2025-06-12 04:25:00,88.3
2025-06-12 08:18:00,48.8
2025-06-12 10:00:00,34.1
2025-06-12 11:22:00,75.8
2025-06-12 23:47:00,71.0
2025-06-12 03:34:00,36.9
2025-06-12 03:55:00,37.7
2025-06-12 05:16:00,45.3
2025-06-12 11:26:00,41.4
2025-06-12 15:40:00,36.6
2025-06-12 22:06:00,1.3
2025-06-12 23:27:00,50.0812925170068
2025-06-12 09:47:00,51.1
2025-06-12 22:12:00,94.4
2025-06-12 16:48:00,49.0
2025-06-12 23:01:00,74.8
2025-06-12 23:31:00,50.0812925170068
2025-06-12 00:53:00,75.8
2025-06-12 13:22:00,45.6
2025-06-12 18:39:00,50.0812925170068
2025-06-12 04:44:00,77.2
2025-06-12 11:38:00,82.3
2025-06-12 15:35:00,39.6
2025-06-12 10:03:00,50.0812925170068
2025-06-12 13:47:00,65.8
2025-06-12 13:58:00,46.9
2025-06-12 22:44:00,96.1
2025-06-12 10:13:00,8.3
2025-06-12 22:22:00,84.3
2025-06-12 01:36:00,33.4
2025-06-12 04:06:00,23.9
2025-06-12 10:13:00,27.7
2025-06-12 22:22:00,5.5
2025-06-12 17:59:00,98.7
2025-06-12 00:00:00,80.2
2025-06-12 20:20:00,49.63695830886671
2025-06-12 03:34:00,59.3
2025-06-12 00:42:00,85.0
2025-06-12 23:39:00,66.8
2025-06-12 12:06:00,99.2
2025-06-12 08:38:00,71.8
2025-06-12 03:32:00,71.7
2025-06-12 18:06:00,68.9
2025-06-12 18:19:00,79.7
2025-06-12 02:12:00,49.63695830886671
2025-06-12 08:47:00,58.8
2025-06-12 18:11:00,12.1
2025-06-12 23:32:00,16.6
2025-06-12 16:29:00,57.0
2025-06-12 21:03:00,6.0
2025-06-12 10:28:00,49.63695830886671
2025-06-12 07:00:00,61.4
2025-06-12 19:16:00,38.4
2025-06-12 19:36:00,87.8
2025-06-12 14:37:00,92.1
2025-06-12 11:17:00,28.7
2025-06-12 20:01:00,49.63695830886671
2025-06-12 09:16:00,36.2
2025-06-12 19:54:00,17.0
2025-06-12 11:49:00,18.3
2025-06-12 12:52:00,1.5
2025-06-12 10:39:00,49.63695830886671
2025-06-12 05:59:00,40.3
2025-06-12 22:59:00,75.3
2025-06-12 09:17:00,75.7
2025-06-12 01:51:00,20.8
2025-06-12 19:38:00,94.2
2025-06-12 11:33:00,26.7
2025-06-12 23:55:00,30.8
2025-06-12 15:52:00,48.9
2025-06-12 05:56:00,23.0
2025-06-12 16:22:00,13.3
2025-06-12 01:47:00,58.6
2025-06-12 12:54:00,32.4
2025-06-12 14:12:00,55.5
2025-06-12 06:31:00,38.8
2025-06-12 13:32:00,69.6
2025-06-12 16:21:00,68.3
2025-06-12 08:10:00,83.2
2025-06-12 21:05:00,82.2
2025-06-12 11:36:00,39.5
2025-06-12 10:04:00,60.1
2025-06-12 01:26:00,32.7
2025-06-12 22:49:00,57.3
2025-06-12 14:40:00,86.2
2025-06-12 05:32:00,37.4
2025-06-12 13:49:00,40.2
2025-06-12 16:28:00,39.0
2025-06-12 05:37:00,46.1
2025-06-12 03:14:00,76.4
2025-06-12 13:22:00,44.9
2025-06-12 03:35:00,30.6
2025-06-12 01:19:00,30.5
2025-06-12 22:35:00,38.8
2025-06-12 12:54:00,32.8
2025-06-12 23:29:00,57.6
2025-06-12 13:50:00,18.6
2025-06-12 08:42:00,82.5
2025-06-12 07:50:00,72.7
2025-06-12 09:51:00,32.6
2025-06-12 02:05:00,84.4
2025-06-12 18:38:00,30.4
2025-06-12 00:11:00,72.1
2025-06-12 22:09:00,81.4
2025-06-12 11:46:00,68.5
2025-06-12 07:29:00,72.0
2025-06-12 05:38:00,19.7
2025-06-12 10:23:00,35.9
2025-06-12 11:20:00,36.1
2025-06-12 17:46:00,73.8
2025-06-12 17:38:00,50.3
2025-06-12 06:34:00,69.7
2025-06-12 08:22:00,86.0
2025-06-12 12:24:00,55.2
2025-06-12 07:39:00,0.9
2025-06-12 01:52:00,57.0
2025-06-12 00:14:00,1.5
2025-06-12 04:46:00,49.63695830886671
2025-06-12 22:11:00,49.63695830886671
2025-06-12 04:45:00,83.6
2025-06-12 19:46:00,49.63695830886671
2025-06-12 21:32:00,15.6
2025-06-12 05:24:00,47.4
2025-06-12 02:25:00,25.9
2025-06-12 10:14:00,33.7
2025-06-12 21:35:00,13.7
2025-06-12 07:43:00,67.5
2025-06-12 17:06:00,68.0
2025-06-12 10:07:00,80.2
2025-06-12 03:28:00,49.63695830886671
2025-06-12 08:49:00,21.3
2025-06-12 16:29:00,72.2
2025-06-12 08:02:00,54.2
2025-06-12 07:42:00,15.5
2025-06-12 20:53:00,48.1
2025-06-12 13:17:00,13.4
2025-06-12 08:38:00,34.6
2025-06-12 23:54:00,94.2
2025-06-12 03:49:00,66.8
2025-06-12 19:34:00,33.8
2025-06-12 01:40:00,8.0
2025-06-12 07:36:00,98.6
2025-06-12 23:14:00,49.63695830886671
2025-06-12 13:18:00,62.2
2025-06-12 20:33:00,85.0
2025-06-12 10:59:00,49.63695830886671
2025-06-12 06:06:00,89.3
2025-06-12 06:47:00,12.6
2025-06-12 05:44:00,36.2
2025-06-12 10:23:00,29.4
2025-06-12 03:44:00,49.2
2025-06-12 07:09:00,59.6
2025-06-12 06:01:00,1.4
2025-06-12 13:27:00,22.6
2025-06-12 20:28:00,50.7
2025-06-12 13:49:00,84.1
2025-06-12 01:17:00,67.7
2025-06-12 18:51:00,91.2
2025-06-12 13:47:00,49.63695830886671
2025-06-12 16:14:00,94.6
2025-06-12 17:53:00,50.1
2025-06-12 17:07:00,5.9
2025-06-12 09:14:00,28.1
2025-06-12 10:24:00,29.9
2025-06-12 08:46:00,72.3
2025-06-12 09:06:00,20.2
2025-06-12 22:12:00,82.4
2025-06-12 23:43:00,24.1
2025-06-12 09:41:00,34.0
2025-06-12 10:52:00,23.7
2025-06-12 00:05:00,10.7
2025-06-12 04:24:00,49.63695830886671
2025-06-12 00:27:00,88.5
2025-06-12 00:21:00,98.1
2025-06-12 10:45:00,2.2
2025-06-12 20:53:00,3.3
2025-06-12 02:27:00,49.63695830886671
2025-06-12 17:56:00,78.2
2025-06-12 13:48:00,86.0
2025-06-12 00:47:00,45.2
2025-06-12 06:54:00,59.7
2025-06-12 11:08:00,83.0
2025-06-12 06:35:00,73.9
2025-06-12 17:38:00,50.7
2025-06-12 20:24:00,3.6
2025-06-12 03:56:00,25.9
2025-06-12 02:00:00,86.6
2025-06-12 12:37:00,49.63695830886671
2025-06-12 08:32:00,27.9
2025-06-12 08:15:00,49.63695830886671
2025-06-12 18:50:00,7.1
2025-06-12 18:12:00,87.0
2025-06-12 08:41:00,38.1
2025-06-12 08:55:00,12.7
2025-06-12 07:52:00,1.9
2025-06-12 21:03:00,26.0
2025-06-12 05:04:00,5.5
2025-06-12 09:39:00,61.9
2025-06-12 17:09:00,79.6
2025-06-12 16:14:00,37.9
2025-06-12 01:44:00,49.63695830886671
2025-06-12 04:45:00,60.3
2025-06-12 18:12:00,39.1
2025-06-12 16:54:00,96.3
2025-06-12 01:56:00,49.63695830886671
2025-06-12 18:09:00,33.7
2025-06-12 10:19:00,73.8
2025-06-12 00:14:00,67.4
2025-06-12 05:07:00,64.8
2025-06-12 23:32:00,90.5
2025-06-12 15:55:00,56.1
2025-06-12 13:19:00,4.4
2025-06-12 07:44:00,84.0
2025-06-12 18:55:00,26.0
2025-06-12 11:49:00,85.8
2025-06-12 20:07:00,21.8
2025-06-12 02:26:00,49.63695830886671
2025-06-12 16:34:00,75.7
2025-06-12 11:00:00,91.7
2025-06-12 00:49:00,49.63695830886671
2025-06-12 18:15:00,49.63695830886671
2025-06-12 19:05:00,87.6
2025-06-12 10:26:00,49.63695830886671
2025-06-12 11:37:00,7.2
2025-06-12 19:54:00,49.63695830886671
2025-06-12 01:34:00,99.1
2025-06-12 06:18:00,92.7
2025-06-12 12:15:00,8.0
2025-06-12 05:51:00,52.4
2025-06-12 09:17:00,93.7
2025-06-12 05:47:00,21.3
2025-06-12 05:24:00,51.4
2025-06-12 06:32:00,26.3
2025-06-12 12:31:00,88.4
2025-06-12 10:07:00,45.9
2025-06-12 07:29:00,50.0
2025-06-12 11:05:00,56.6
2025-06-12 23:41:00,88.6
2025-06-12 05:04:00,51.3
2025-06-12 16:15:00,49.63695830886671
2025-06-12 08:23:00,13.4
2025-06-12 05:33:00,37.4
2025-06-12 18:13:00,93.2
2025-06-12 08:44:00,65.1
2025-06-12 07:51:00,97.9
2025-06-12 00:58:00,6.8
2025-06-12 07:16:00,28.4
2025-06-12 04:43:00,49.63695830886671
2025-06-12 20:23:00,16.4
2025-06-12 12:23:00,55.8
2025-06-12 09:00:00,48.1
2025-06-12 21:46:00,91.9
2025-06-12 11:48:00,92.6
2025-06-12 18:21:00,28.9
2025-06-12 14:36:00,96.0
2025-06-12 14:22:00,68.9
2025-06-12 13:29:00,12.5
2025-06-12 17:11:00,49.63695830886671
2025-06-12 18:30:00,4.7
2025-06-12 01:27:00,81.7
2025-06-12 17:51:00,46.1
2025-06-12 21:30:00,60.1
2025-06-12 16:19:00,44.7
2025-06-12 02:07:00,43.6
2025-06-12 23:47:00,78.5
2025-06-12 10:13:00,38.0
2025-06-12 02:47:00,80.6
2025-06-12 19:19:00,35.2
2025-06-12 21:04:00,0.2
2025-06-12 03:13:00,41.4
2025-06-12 15:14:00,53.6
2025-06-12 20:07:00,65.1
2025-06-12 11:42:00,78.7
2025-06-12 02:06:00,22.9
2025-06-12 18:51:00,97.8
2025-06-12 12:04:00,60.6
2025-06-12 08:13:00,49.1
2025-06-12 02:37:00,44.7
2025-06-12 16:24:00,39.5
2025-06-12 07:36:00,67.3
2025-06-12 21:23:00,95.3
2025-06-12 00:15:00,58.2
2025-06-12 17:57:00,33.5
2025-06-12 16:31:00,10.5
2025-06-12 06:10:00,94.9
2025-06-12 10:06:00,49.63695830886671
2025-06-12 16:27:00,43.5
2025-06-12 06:47:00,49.63695830886671
2025-06-12 15:38:00,47.3
2025-06-12 23:30:00,4.7
2025-06-12 11:39:00,49.63695830886671
2025-06-12 15:52:00,74.9
2025-06-12 04:54:00,31.0
2025-06-12 00:59:00,54.1
2025-06-12 23:15:00,65.2
2025-06-12 10:57:00,88.0
2025-06-12 23:57:00,49.63695830886671
2025-06-12 14:13:00,49.63695830886671
2025-06-12 12:56:00,60.5
2025-06-12 02:41:00,49.63695830886671
2025-06-12 05:28:00,49.63695830886671
2025-06-12 13:05:00,17.6
2025-06-12 23:07:00,58.0
2025-06-12 12:51:00,47.5
2025-06-12 21:58:00,80.1
2025-06-12 01:58:00,32.4
2025-06-12 14:13:00,62.8
2025-06-12 22:21:00,45.1
2025-06-12 02:20:00,69.2
2025-06-12 02:19:00,21.3
2025-06-12 17:56:00,30.9
2025-06-12 23:55:00,59.6
2025-06-12 07:49:00,91.4
2025-06-12 00:18:00,68.1
2025-06-12 14:07:00,72.7
2025-06-12 16:21:00,49.63695830886671
2025-06-12 20:46:00,10.9
2025-06-12 07:46:00,27.2
2025-06-12 10:33:00,49.63695830886671
2025-06-12 22:08:00,4.1
2025-06-12 18:53:00,86.1
2025-06-12 07:17:00,20.7
2025-06-12 19:28:00,10.5
2025-06-12 19:21:00,68.8
2025-06-12 19:45:00,80.9
2025-06-12 16:51:00,70.0
2025-06-12 10:44:00,49.63695830886671
2025-06-12 08:43:00,52.5
2025-06-12 23:40:00,20.4
2025-06-12 01:25:00,87.4
2025-06-12 19:08:00,49.63695830886671
2025-06-12 12:12:00,19.1
2025-06-12 17:54:00,14.5
2025-06-12 11:59:00,90.3
2025-06-12 12:53:00,49.63695830886671
2025-06-12 20:28:00,5.5
2025-06-12 13:02:00,6.4
2025-06-12 00:10:00,49.63695830886671
2025-06-12 03:26:00,23.7
2025-06-12 07:25:00,49.63695830886671
2025-06-12 10:36:00,66.0
2025-06-12 10:20:00,41.6
2025-06-12 10:20:00,51.6
2025-06-12 07:23:00,12.2
2025-06-12 18:35:00,63.5
2025-06-12 22:01:00,75.3
2025-06-12 10:09:00,9.5
2025-06-12 15:41:00,87.9
2025-06-12 09:23:00,94.4
2025-06-12 17:02:00,79.7
2025-06-12 10:01:00,49.63695830886671
2025-06-12 12:40:00,80.2
2025-06-12 11:03:00,80.6
2025-06-12 00:21:00,49.63695830886671
2025-06-12 19:20:00,75.6
2025-06-12 04:55:00,75.2
2025-06-12 02:35:00,29.6
2025-06-12 16:39:00,88.1
2025-06-12 06:10:00,75.1
2025-06-12 09:02:00,40.5
2025-06-12 18:53:00,41.2
2025-06-12 14:42:00,47.3
2025-06-12 22:24:00,81.7
2025-06-12 21:42:00,49.63695830886671
2025-06-12 03:32:00,9.6
2025-06-12 11:39:00,83.7
2025-06-12 08:00:00,56.7
2025-06-12 13:54:00,61.9
2025-06-12 07:27:00,94.4
2025-06-12 08:39:00,47.7
2025-06-12 18:42:00,99.0
2025-06-12 04:58:00,49.63695830886671
2025-06-12 11:18:00,4.9
2025-06-12 10:32:00,22.2
2025-06-12 10:18:00,83.8
2025-06-12 09:39:00,56.9
2025-06-12 18:45:00,84.2
2025-06-12 22:05:00,16.8
2025-06-12 14:13:00,83.2
2025-06-12 06:58:00,49.63695830886671
2025-06-12 11:16:00,60.1
2025-06-12 02:25:00,11.7
2025-06-12 07:48:00,61.9
2025-06-12 13:46:00,30.6
2025-06-12 09:02:00,2.5
2025-06-12 09:58:00,1.1
2025-06-12 17:34:00,38.9
2025-06-12 20:31:00,49.63695830886671
2025-06-12 09:22:00,89.7
2025-06-12 05:52:00,96.4
2025-06-12 18:29:00,47.4
2025-06-12 05:38:00,50.5
2025-06-12 23:34:00,78.6
2025-06-12 13:37:00,30.9
2025-06-12 01:40:00,45.2
2025-06-12 18:50:00,96.0
2025-06-12 15:59:00,67.0
2025-06-12 04:05:00,96.9
2025-06-12 21:51:00,58.2
2025-06-12 20:03:00,72.9
2025-06-12 01:23:00,58.2
2025-06-12 12:48:00,50.41405513666353
2025-06-12 17:38:00,12.5
2025-06-12 19:45:00,53.5
2025-06-12 10:55:00,38.2
2025-06-12 17:52:00,1.5
2025-06-12 06:29:00,47.1
2025-06-12 02:06:00,16.1
2025-06-12 21:26:00,15.4
2025-06-12 00:50:00,88.4
2025-06-12 08:39:00,95.1
2025-06-12 06:22:00,99.4
2025-06-12 06:05:00,50.41405513666353
2025-06-12 01:37:00,40.5
2025-06-12 03:30:00,76.5
2025-06-12 20:29:00,4.6
2025-06-12 01:34:00,15.7
2025-06-12 19:24:00,92.7
2025-06-12 08:12:00,97.5
2025-06-12 01:16:00,99.5
2025-06-12 09:50:00,11.5
2025-06-12 06:23:00,89.4
2025-06-12 13:16:00,47.4
2025-06-12 04:07:00,58.2
2025-06-12 20:29:00,50.41405513666353
2025-06-12 05:41:00,56.5
2025-06-12 21:54:00,42.8
2025-06-12 08:47:00,94.6
2025-06-12 21:47:00,95.6
2025-06-12 03:05:00,28.7
2025-06-12 21:27:00,39.6
2025-06-12 20:30:00,51.1
2025-06-12 10:06:00,9.4
2025-06-12 11:25:00,50.41405513666353
2025-06-12 16:26:00,93.5
2025-06-12 13:24:00,60.6
2025-06-12 20:42:00,51.7
2025-06-12 04:10:00,71.7
2025-06-12 16:16:00,81.0
2025-06-12 14:49:00,19.7
2025-06-12 21:39:00,84.2
2025-06-12 13:32:00,64.6
2025-06-12 15:55:00,66.9
2025-06-12 22:45:00,50.41405513666353
2025-06-12 17:07:00,50.41405513666353
2025-06-12 21:18:00,83.9
2025-06-12 13:01:00,44.3
2025-06-12 09:02:00,33.7
2025-06-12 08:50:00,50.41405513666353
2025-06-12 01:40:00,43.1
2025-06-12 17:15:00,63.7
2025-06-12 19:26:00,50.41405513666353
2025-06-12 11:19:00,85.7
2025-06-12 07:20:00,33.1
2025-06-12 11:51:00,50.41405513666353
2025-06-12 10:49:00,98.3
2025-06-12 23:09:00,8.0
2025-06-12 06:05:00,94.2
2025-06-12 05:45:00,50.41405513666353
2025-06-12 08:31:00,100.0
2025-06-12 20:41:00,51.2
2025-06-12 00:07:00,0.7
2025-06-12 15:13:00,99.2
2025-06-12 19:22:00,97.8
2025-06-12 18:24:00,27.6
2025-06-12 21:07:00,40.6
2025-06-12 08:04:00,16.1
2025-06-12 01:30:00,15.9
2025-06-12 22:59:00,44.0
2025-06-12 21:15:00,64.9
2025-06-12 04:05:00,58.4
2025-06-12 14:39:00,12.9
2025-06-12 19:47:00,51.4
2025-06-12 12:00:00,18.5
2025-06-12 02:49:00,27.7
2025-06-12 23:12:00,94.2
2025-06-12 14:47:00,83.1
2025-06-12 20:51:00,75.4
2025-06-12 01:56:00,13.9
2025-06-12 09:45:00,81.7
2025-06-12 01:40:00,53.5
2025-06-12 13:10:00,50.41405513666353
2025-06-12 13:17:00,45.7
2025-06-12 16:44:00,68.9
2025-06-12 17:58:00,31.7
2025-06-12 06:43:00,92.9
2025-06-12 07:39:00,60.3
2025-06-12 10:59:00,79.4
2025-06-12 08:11:00,30.1
2025-06-12 17:09:00,79.7
2025-06-12 22:29:00,62.9
2025-06-12 12:45:00,32.8
2025-06-12 15:46:00,50.41405513666353
2025-06-12 05:33:00,89.8
2025-06-12 15:17:00,71.9
2025-06-12 01:15:00,99.8
2025-06-12 06:49:00,4.8
2025-06-12 07:46:00,93.3
2025-06-12 18:10:00,88.6
2025-06-12 23:19:00,13.3
2025-06-12 17:01:00,23.8
2025-06-12 03:06:00,47.1
2025-06-12 06:42:00,48.9
2025-06-12 16:04:00,57.8
2025-06-12 17:56:00,4.2
2025-06-12 22:31:00,32.8
2025-06-12 17:34:00,84.0
2025-06-12 17:28:00,50.41405513666353
2025-06-12 05:00:00,49.5
2025-06-12 18:09:00,21.0
2025-06-12 09:00:00,80.3
2025-06-12 01:16:00,79.6
2025-06-12 08:15:00,15.8
2025-06-12 16:28:00,63.6
2025-06-12 03:59:00,50.41405513666353
2025-06-12 20:07:00,32.3
2025-06-12 04:46:00,7.9
2025-06-12 12:38:00,30.1
2025-06-12 20:12:00,70.6
2025-06-12 10:45:00,27.5
2025-06-12 08:47:00,90.9
2025-06-12 19:53:00,56.6
2025-06-12 12:21:00,70.9
2025-06-12 14:13:00,50.41405513666353
2025-06-12 07:57:00,5.6
2025-06-12 22:52:00,82.6
2025-06-12 14:08:00,56.0
2025-06-12 05:02:00,39.2
2025-06-12 13:02:00,7.3
2025-06-12 04:59:00,94.7
2025-06-12 18:48:00,1.6
2025-06-12 08:07:00,50.41405513666353
2025-06-12 09:20:00,68.0
2025-06-12 01:54:00,16.4
2025-06-12 10:39:00,6.8
2025-06-12 06:53:00,2.3
2025-06-12 11:59:00,52.0
2025-06-12 00:34:00,45.6
2025-06-12 00:20:00,22.1
2025-06-12 21:19:00,98.7
2025-06-12 16:15:00,96.7
2025-06-12 01:27:00,50.41405513666353
2025-06-12 17:26:00,12.1
2025-06-12 14:58:00,22.2
2025-06-12 08:57:00,83.7
2025-06-12 08:52:00,67.8
2025-06-12 01:02:00,68.0
2025-06-12 18:13:00,41.3
2025-06-12 08:47:00,29.0
2025-06-12 14:11:00,39.8
2025-06-12 00:19:00,44.8
2025-06-12 20:18:00,91.1
2025-06-12 08:34:00,40.4
2025-06-12 04:43:00,50.41405513666353
2025-06-12 04:40:00,5.2
2025-06-12 04:26:00,32.3
2025-06-12 22:48:00,50.41405513666353
2025-06-12 21:11:00,57.1
2025-06-12 12:17:00,42.8
2025-06-12 22:20:00,19.1
2025-06-12 22:23:00,30.2
2025-06-12 06:40:00,33.4
2025-06-12 12:57:00,39.6
2025-06-12 11:06:00,78.9
2025-06-12 01:49:00,20.1
2025-06-12 05:34:00,81.1
2025-06-12 17:01:00,64.4
2025-06-12 15:13:00,83.1
2025-06-12 16:22:00,34.4
2025-06-12 04:56:00,18.9
2025-06-12 23:20:00,34.5
2025-06-12 19:22:00,50.41405513666353
2025-06-12 23:16:00,58.0
2025-06-12 06:51:00,3.2
2025-06-12 08:57:00,65.2
2025-06-12 16:00:00,20.9
2025-06-12 10:23:00,3.2
2025-06-12 17:00:00,86.5
2025-06-12 20:11:00,90.5
2025-06-12 23:48:00,2.4
2025-06-12 01:51:00,17.6
2025-06-12 11:55:00,14.7
2025-06-12 23:39:00,3.2
2025-06-12 21:03:00,41.5
2025-06-12 18:47:00,12.8
2025-06-12 11:07:00,51.2
2025-06-12 21:10:00,2.0
2025-06-12 03:46:00,23.2
2025-06-12 11:32:00,68.2
2025-06-12 02:34:00,35.8
2025-06-12 07:49:00,47.9
2025-06-12 13:19:00,64.2
2025-06-12 11:07:00,44.8
2025-06-12 01:03:00,49.4
2025-06-12 13:54:00,94.9
2025-06-12 06:54:00,61.1
2025-06-12 17:03:00,81.7
2025-06-12 12:58:00,4.2
2025-06-12 20:17:00,62.8
2025-06-12 07:38:00,31.6
2025-06-12 06:44:00,24.8
2025-06-12 09:54:00,81.2
2025-06-12 11:24:00,14.9
2025-06-12 10:43:00,25.5
2025-06-12 10:39:00,58.5
2025-06-12 17:35:00,50.41405513666353
2025-06-12 07:11:00,50.41405513666353
2025-06-12 17:21:00,27.4
2025-06-12 01:44:00,47.8
2025-06-12 09:39:00,63.2
2025-06-12 20:08:00,14.9
2025-06-12 16:38:00,13.3
2025-06-12 08:54:00,88.6
2025-06-12 21:19:00,11.5
2025-06-12 15:35:00,47.7
2025-06-12 16:25:00,8.6
2025-06-12 02:05:00,74.9
2025-06-12 05:42:00,35.2
2025-06-12 22:45:00,51.1
2025-06-12 06:54:00,50.41405513666353
2025-06-12 06:59:00,50.41405513666353
2025-06-12 13:08:00,46.2
2025-06-12 23:14:00,43.7
2025-06-12 01:53:00,24.6
2025-06-12 22:09:00,64.0
2025-06-12 06:57:00,86.5
2025-06-12 04:53:00,50.41405513666353
2025-06-12 07:16:00,70.8
2025-06-12 21:56:00,69.7
2025-06-12 06:58:00,27.1
2025-06-12 20:33:00,61.5
2025-06-12 18:54:00,77.5
2025-06-12 13:20:00,23.5
2025-06-12 20:23:00,44.5
2025-06-12 03:44:00,50.41405513666353
2025-06-12 04:22:00,76.8
2025-06-12 23:12:00,6.7
2025-06-12 23:43:00,5.6
2025-06-12 19:34:00,85.3
2025-06-12 18:38:00,46.4
2025-06-12 12:00:00,90.0
2025-06-12 12:50:00,66.7
2025-06-12 02:51:00,66.2
2025-06-12 05:48:00,7.6
2025-06-12 20:29:00,99.4
2025-06-12 20:46:00,20.1
2025-06-12 22:06:00,17.7
2025-06-12 03:36:00,84.0
2025-06-12 14:31:00,86.5
2025-06-12 02:21:00,50.41405513666353
2025-06-12 22:29:00,90.8
2025-06-12 15:08:00,70.5
2025-06-12 05:26:00,74.1
2025-06-12 15:27:00,90.6
2025-06-12 23:09:00,97.0
2025-06-12 00:25:00,0.4
2025-06-12 11:25:00,68.4
2025-06-12 00:05:00,33.5
2025-06-12 07:13:00,37.8
2025-06-12 22:21:00,84.3
2025-06-12 00:38:00,17.6
2025-06-12 02:43:00,29.8
2025-06-12 20:26:00,50.41405513666353
2025-06-12 04:05:00,50.41405513666353
2025-06-12 17:45:00,31.5
2025-06-12 21:05:00,67.5
2025-06-12 00:15:00,92.2
2025-06-12 12:58:00,59.2
2025-06-12 15:22:00,88.5
2025-06-12 06:16:00,49.2
2025-06-12 15:47:00,15.1
2025-06-12 11:25:00,22.5
2025-06-12 04:57:00,48.8
2025-06-12 13:46:00,53.9
2025-06-12 05:44:00,50.41405513666353
2025-06-12 07:18:00,50.41405513666353
2025-06-12 02:56:00,50.41405513666353
2025-06-12 14:47:00,56.2
2025-06-12 14:22:00,68.5
2025-06-12 04:01:00,50.41405513666353
2025-06-12 22:37:00,26.7
2025-06-12 15:09:00,38.7
2025-06-12 20:37:00,59.4
2025-06-12 11:42:00,87.1
2025-06-12 14:51:00,50.41405513666353
2025-06-12 23:35:00,25.5
2025-06-12 12:10:00,41.5
2025-06-12 07:02:00,12.6
2025-06-12 02:59:00,59.2
2025-06-12 15:02:00,72.5
2025-06-12 00:21:00,0.0
2025-06-12 13:06:00,77.1
2025-06-12 23:06:00,45.4
2025-06-12 07:13:00,70.3
2025-06-12 15:18:00,27.5
2025-06-12 00:33:00,30.5
2025-06-12 19:09:00,89.7
2025-06-12 13:37:00,54.0
2025-06-12 06:01:00,73.5
2025-06-12 01:40:00,88.0
2025-06-12 07:37:00,12.1
2025-06-12 01:23:00,77.9
2025-06-12 20:30:00,53.5
2025-06-12 22:50:00,3.3
2025-06-12 13:09:00,19.6
2025-06-12 02:17:00,94.8
2025-06-12 23:57:00,34.3
2025-06-12 06:40:00,35.0
2025-06-12 06:37:00,48.3
2025-06-12 22:42:00,74.7
2025-06-12 00:07:00,9.4
2025-06-12 17:37:00,79.8
2025-06-12 09:59:00,11.9
2025-06-12 12:23:00,96.2
2025-06-12 02:09:00,49.776157380139004
2025-06-12 00:24:00,8.4
2025-06-12 15:24:00,42.3
2025-06-12 01:11:00,6.2
2025-06-12 08:46:00,71.6
2025-06-12 07:13:00,43.7
2025-06-12 18:24:00,81.0
2025-06-12 14:10:00,47.0
2025-06-12 21:08:00,39.9
2025-06-12 07:03:00,14.3
2025-06-12 09:53:00,7.7
2025-06-12 21:58:00,67.5
2025-06-12 10:08:00,18.4
2025-06-12 09:01:00,46.7
2025-06-12 16:26:00,57.2
2025-06-12 09:31:00,27.5
2025-06-12 23:42:00,69.0
2025-06-12 03:30:00,43.6
2025-06-12 23:59:00,30.3
2025-06-12 13:16:00,25.4
2025-06-12 07:29:00,68.3
2025-06-12 22:14:00,49.776157380139004
2025-06-12 14:03:00,20.5
2025-06-12 02:01:00,56.2
2025-06-12 15:58:00,49.776157380139004
2025-06-12 13:21:00,26.8
2025-06-12 02:27:00,12.2
2025-06-12 19:32:00,13.6
2025-06-12 08:57:00,49.776157380139004
2025-06-12 02:27:00,34.9
2025-06-12 06:55:00,91.5
2025-06-12 03:04:00,2.0
2025-06-12 05:27:00,53.6
2025-06-12 14:15:00,49.776157380139004
2025-06-12 10:14:00,24.5
2025-06-12 14:01:00,89.8
2025-06-12 17:23:00,49.776157380139004
2025-06-12 09:31:00,93.4
2025-06-12 04:49:00,23.1
2025-06-12 21:09:00,70.8
2025-06-12 21:05:00,62.0
2025-06-12 14:34:00,44.4
2025-06-12 15:41:00,16.3
2025-06-12 13:52:00,78.6
2025-06-12 19:04:00,32.8
2025-06-12 15:01:00,41.9
2025-06-12 07:05:00,28.5
2025-06-12 00:46:00,49.776157380139004
2025-06-12 04:56:00,49.0
2025-06-12 12:16:00,45.0
2025-06-12 12:37:00,49.776157380139004
2025-06-12 13:28:00,44.2
2025-06-12 14:28:00,90.1
2025-06-12 04:37:00,66.8
2025-06-12 23:26:00,40.1
2025-06-12 10:03:00,49.776157380139004
2025-06-12 09:56:00,92.9
2025-06-12 13:31:00,9.0
2025-06-12 04:32:00,70.1
2025-06-12 23:18:00,43.2
2025-06-12 05:18:00,71.4
2025-06-12 07:50:00,95.4
2025-06-12 07:54:00,74.3
2025-06-12 00:17:00,28.7
2025-06-12 01:51:00,65.8
2025-06-12 17:55:00,56.7
2025-06-12 13:42:00,7.2
2025-06-12 13:04:00,59.7
2025-06-12 04:22:00,57.1
2025-06-12 07:50:00,22.7
2025-06-12 23:26:00,64.1
2025-06-12 12:18:00,45.2
2025-06-12 16:19:00,44.8
2025-06-12 18:37:00,29.5
2025-06-12 14:54:00,35.1
2025-06-12 20:31:00,87.7
2025-06-12 22:40:00,51.3
2025-06-12 10:43:00,99.5
2025-06-12 14:17:00,2.5
2025-06-12 12:33:00,90.9
2025-06-12 07:38:00,64.8
2025-06-12 23:43:00,25.6
2025-06-12 13:49:00,60.9
2025-06-12 15:35:00,49.776157380139004
2025-06-12 06:08:00,81.9
2025-06-12 01:35:00,49.776157380139004
2025-06-12 01:14:00,17.8
2025-06-12 08:45:00,47.4
2025-06-12 21:48:00,57.2
2025-06-12 07:28:00,88.3
2025-06-12 09:32:00,49.776157380139004
2025-06-12 18:30:00,49.776157380139004
2025-06-12 19:46:00,83.5
2025-06-12 21:35:00,34.0
2025-06-12 02:48:00,45.5
2025-06-12 09:27:00,34.9
2025-06-12 18:54:00,65.4
2025-06-12 08:00:00,70.3
2025-06-12 18:36:00,43.9
2025-06-12 20:23:00,19.8
2025-06-12 05:46:00,58.8
2025-06-12 04:41:00,34.3
2025-06-12 01:49:00,49.776157380139004
2025-06-12 23:18:00,74.1
2025-06-12 02:07:00,23.1
2025-06-12 03:48:00,97.5
2025-06-12 23:26:00,20.9
2025-06-12 11:21:00,22.0
2025-06-12 07:18:00,49.776157380139004
2025-06-12 12:28:00,62.7
2025-06-12 03:10:00,2.9
2025-06-12 23:19:00,72.6
2025-06-12 12:28:00,94.7
2025-06-12 18:04:00,63.0
2025-06-12 22:30:00,39.9
2025-06-12 09:53:00,63.8
2025-06-12 09:29:00,6.7
2025-06-12 06:15:00,0.5
2025-06-12 15:02:00,53.6
2025-06-12 03:20:00,79.8
2025-06-12 04:45:00,77.9
2025-06-12 17:31:00,50.8
2025-06-12 18:31:00,90.4
2025-06-12 17:50:00,16.9
2025-06-12 03:17:00,44.7
2025-06-12 12:13:00,54.7
2025-06-12 19:16:00,95.5
2025-06-12 11:35:00,38.1
2025-06-12 22:40:00,60.1
2025-06-12 00:03:00,26.4
2025-06-12 06:35:00,87.0
2025-06-12 00:04:00,89.7
2025-06-12 17:05:00,32.9
2025-06-12 02:31:00,49.776157380139004
2025-06-12 01:17:00,21.2
2025-06-12 16:24:00,11.9
2025-06-12 18:54:00,70.2
2025-06-12 21:48:00,51.7
2025-06-12 04:19:00,16.4
2025-06-12 08:40:00,50.2
2025-06-12 13:08:00,70.6
2025-06-12 04:45:00,22.5
2025-06-12 01:33:00,40.5
2025-06-12 18:03:00,96.1
2025-06-12 21:21:00,14.0
2025-06-12 15:45:00,66.7
2025-06-12 17:04:00,59.7
2025-06-12 16:39:00,44.5
2025-06-12 07:39:00,49.776157380139004
2025-06-12 04:30:00,85.1
2025-06-12 04:52:00,48.8
2025-06-12 07:38:00,11.3
2025-06-12 21:18:00,29.3
2025-06-12 09:49:00,11.5
2025-06-12 07:03:00,23.8
2025-06-12 17:46:00,58.0
2025-06-12 08:31:00,91.2
2025-06-12 13:19:00,91.0
2025-06-12 21:02:00,96.4
2025-06-12 15:28:00,4.4
2025-06-12 20:08:00,61.8
2025-06-12 17:11:00,91.8
2025-06-12 10:53:00,30.5
2025-06-12 15:32:00,49.776157380139004
2025-06-12 23:20:00,24.3
2025-06-12 20:34:00,28.7
2025-06-12 01:45:00,4.1
2025-06-12 13:00:00,49.776157380139004
2025-06-12 22:32:00,15.0
2025-06-12 12:19:00,49.776157380139004
2025-06-12 04:59:00,0.7
2025-06-12 18:19:00,24.0
2025-06-12 05:00:00,28.1
2025-06-12 00:57:00,49.776157380139004
2025-06-12 07:14:00,49.776157380139004
2025-06-12 19:48:00,5.3
2025-06-12 00:25:00,49.776157380139004
2025-06-12 00:28:00,73.1
2025-06-12 16:13:00,49.776157380139004
2025-06-12 20:49:00,15.2
2025-06-12 22:21:00,48.0
2025-06-12 14:36:00,79.4
2025-06-12 14:54:00,37.2
2025-06-12 17:32:00,8.9
2025-06-12 15:50:00,44.1
2025-06-12 11:37:00,52.0
2025-06-12 10:52:00,42.7
2025-06-12 10:19:00,46.3
2025-06-12 00:32:00,57.4
2025-06-12 19:44:00,88.3
2025-06-12 19:12:00,95.1
2025-06-12 01:37:00,71.0
2025-06-12 20:08:00,49.776157380139004
2025-06-12 20:20:00,90.9
2025-06-12 22:41:00,49.776157380139004
2025-06-12 21:54:00,50.0
2025-06-12 09:32:00,100.0
2025-06-12 00:42:00,30.9
2025-06-12 13:00:00,39.1
2025-06-12 23:35:00,49.776157380139004
2025-06-12 19:12:00,7.0
2025-06-12 05:57:00,93.1
2025-06-12 20:24:00,83.6
2025-06-12 02:08:00,40.0
2025-06-12 01:27:00,98.0
2025-06-12 22:22:00,63.2
2025-06-12 19:44:00,49.776157380139004
2025-06-12 22:48:00,49.776157380139004
2025-06-12 13:00:00,49.3
2025-06-12 16:51:00,26.7
2025-06-12 19:04:00,49.776157380139004
2025-06-12 13:17:00,1.1
2025-06-12 02:28:00,96.7
2025-06-12 14:08:00,66.5
2025-06-12 20:34:00,16.8
2025-06-12 12:01:00,35.8
2025-06-12 08:39:00,85.8
2025-06-12 03:32:00,43.9
2025-06-12 00:22:00,64.2
2025-06-12 18:44:00,49.3
2025-06-12 11:10:00,51.8
2025-06-12 12:56:00,96.9
2025-06-12 06:33:00,85.8
2025-06-12 13:07:00,10.6
2025-06-12 11:47:00,90.3
2025-06-12 08:48:00,74.5
2025-06-12 13:58:00,52.7
2025-06-12 22:30:00,21.1
2025-06-12 15:02:00,12.7
2025-06-12 07:54:00,49.776157380139004
2025-06-12 04:07:00,28.2
2025-06-12 06:36:00,98.7
2025-06-12 23:20:00,36.2
2025-06-12 22:41:00,22.5
2025-06-12 18:22:00,85.0
2025-06-12 22:03:00,49.776157380139004
2025-06-12 16:20:00,82.4
2025-06-12 12:08:00,23.7
2025-06-12 01:49:00,83.2
2025-06-12 15:39:00,49.776157380139004
2025-06-12 05:31:00,49.3
2025-06-12 13:40:00,19.7
2025-06-12 22:37:00,95.4
2025-06-12 08:01:00,5.2
2025-06-12 20:00:00,19.9
2025-06-12 20:02:00,63.8
2025-06-12 14:20:00,62.3
2025-06-12 02:09:00,49.776157380139004
2025-06-12 23:14:00,71.3
2025-06-12 04:38:00,43.0
2025-06-12 18:34:00,35.3
2025-06-12 21:51:00,19.5
2025-06-12 18:33:00,25.6
2025-06-12 00:46:00,62.4
2025-06-12 20:16:00,49.776157380139004
2025-06-12 19:53:00,71.5
2025-06-12 10:16:00,36.0
2025-06-12 14:32:00,49.776157380139004
2025-06-12 00:00:00,68.3
2025-06-12 20:09:00,11.4
2025-06-12 17:02:00,85.9
2025-06-12 18:11:00,49.776157380139004
2025-06-12 05:11:00,56.1
2025-06-12 06:58:00,64.7
2025-06-12 21:17:00,67.2
2025-06-12 21:15:00,49.776157380139004
2025-06-12 15:23:00,49.1
2025-06-12 12:34:00,45.6
2025-06-12 04:06:00,66.8
2025-06-12 12:49:00,65.9
2025-06-12 04:54:00,3.3
2025-06-12 22:27:00,26.9
2025-06-12 06:03:00,58.2
2025-06-12 22:37:00,24.8
2025-06-12 13:44:00,4.3
2025-06-12 19:23:00,11.1
2025-06-12 05:44:00,49.776157380139004
2025-06-12 21:56:00,34.9
2025-06-12 14:13:00,49.776157380139004
2025-06-12 10:35:00,3.4
2025-06-12 06:54:00,49.776157380139004
2025-06-12 18:50:00,65.8
2025-06-12 16:56:00,24.3
2025-06-12 04:29:00,77.6
2025-06-12 19:22:00,82.6
2025-06-12 21:13:00,3.9
2025-06-12 06:16:00,59.7
2025-06-12 06:16:00,89.1
2025-06-12 18:38:00,49.776157380139004
2025-06-12 21:13:00,49.776157380139004
2025-06-12 12:09:00,33.4
2025-06-12 13:39:00,72.2
2025-06-12 05:00:00,24.4
2025-06-12 22:58:00,1.3
2025-06-12 19:27:00,8.8
2025-06-12 22:50:00,84.6
2025-06-12 02:24:00,61.3
2025-06-12 14:28:00,56.4
2025-06-12 16:51:00,0.5
2025-06-12 13:11:00,59.5
2025-06-12 01:59:00,60.4
2025-06-12 06:17:00,31.1
2025-06-12 04:54:00,21.1
2025-06-12 00:00:00,88.8
2025-06-12 14:36:00,21.0
2025-06-12 10:36:00,10.0
2025-06-12 03:48:00,59.3
2025-06-12 19:51:00,98.8
2025-06-12 11:27:00,49.776157380139004
2025-06-12 14:04:00,84.5
2025-06-12 12:05:00,49.776157380139004
2025-06-12 14:29:00,62.6
2025-06-12 16:52:00,22.4
2025-06-12 16:06:00,74.1
2025-06-12 21:17:00,90.7
2025-06-12 02:50:00,65.4
2025-06-12 23:09:00,92.5
2025-06-12 12:42:00,33.8
2025-06-12 22:32:00,37.6
2025-06-12 01:29:00,46.9
2025-06-12 18:16:00,95.0
2025-06-12 07:13:00,35.6
2025-06-12 11:14:00,85.0
2025-06-12 15:09:00,49.81767540251498
2025-06-12 21:47:00,32.2
2025-06-12 18:36:00,12.9
2025-06-12 06:57:00,49.81767540251498
2025-06-12 13:26:00,18.0
2025-06-12 09:26:00,26.7
2025-06-12 22:24:00,84.6
2025-06-12 22:11:00,59.4
2025-06-12 23:13:00,35.1
2025-06-12 11:01:00,25.0
2025-06-12 09:32:00,6.9
2025-06-12 06:36:00,49.81767540251498
2025-06-12 23:05:00,71.4
2025-06-12 19:18:00,98.1
2025-06-12 16:37:00,17.1
2025-06-12 05:15:00,66.6
2025-06-12 17:51:00,49.81767540251498
2025-06-12 03:19:00,49.81767540251498
2025-06-12 18:07:00,33.9
2025-06-12 03:58:00,56.9
2025-06-12 16:19:00,49.81767540251498
2025-06-12 04:24:00,74.8
2025-06-12 07:18:00,93.8
2025-06-12 04:13:00,38.3
2025-06-12 07:24:00,72.4
2025-06-12 20:54:00,69.4
2025-06-12 23:57:00,64.6
2025-06-12 22:44:00,83.6
2025-06-12 02:56:00,66.7
2025-06-12 10:59:00,31.8
2025-06-12 04:28:00,71.6
2025-06-12 12:40:00,55.2
2025-06-12 06:40:00,24.5
2025-06-12 23:53:00,29.2
2025-06-12 20:52:00,33.1
2025-06-12 06:37:00,49.81767540251498
2025-06-12 18:34:00,29.3
2025-06-12 01:45:00,40.5
2025-06-12 11:33:00,31.4
2025-06-12 00:31:00,87.1
2025-06-12 06:19:00,41.8
2025-06-12 17:02:00,0.4
2025-06-12 15:09:00,74.5
2025-06-12 05:43:00,0.3
2025-06-12 01:16:00,49.81767540251498
2025-06-12 12:30:00,47.9
2025-06-12 04:01:00,35.4
2025-06-12 23:34:00,11.3
2025-06-12 21:48:00,38.5
2025-06-12 13:37:00,60.0
2025-06-12 07:33:00,50.4
2025-06-12 02:22:00,20.3
2025-06-12 08:38:00,95.0
2025-06-12 02:33:00,49.81767540251498
2025-06-12 14:05:00,27.1
2025-06-12 19:53:00,82.6
2025-06-12 07:51:00,24.2
2025-06-12 19:38:00,48.5
2025-06-12 19:43:00,44.9
2025-06-12 11:57:00,40.0
2025-06-12 03:53:00,74.3
2025-06-12 01:59:00,49.81767540251498
2025-06-12 08:47:00,49.81767540251498
2025-06-12 02:59:00,35.5
2025-06-12 09:59:00,92.4
2025-06-12 10:26:00,15.8
2025-06-12 23:02:00,70.6
2025-06-12 07:35:00,35.9
2025-06-12 11:57:00,49.8
2025-06-12 03:14:00,30.4
2025-06-12 20:04:00,59.2
2025-06-12 08:34:00,69.0
2025-06-12 08:07:00,49.81767540251498
2025-06-12 14:08:00,13.7
2025-06-12 06:38:00,12.3
2025-06-12 07:11:00,88.7
2025-06-12 00:35:00,63.8
2025-06-12 22:07:00,33.9
2025-06-12 12:29:00,72.2
2025-06-12 23:51:00,60.1
2025-06-12 15:00:00,49.81767540251498
2025-06-12 16:03:00,77.7
2025-06-12 16:07:00,30.1
2025-06-12 07:30:00,37.7
2025-06-12 14:03:00,98.8
2025-06-12 21:23:00,49.81767540251498
2025-06-12 16:40:00,97.1
2025-06-12 11:36:00,29.3
2025-06-12 09:20:00,65.9
2025-06-12 19:21:00,99.3
2025-06-12 07:15:00,3.8
2025-06-12 11:43:00,25.0
2025-06-12 23:30:00,66.8
2025-06-12 01:35:00,42.8
2025-06-12 07:45:00,55.2
2025-06-12 01:30:00,68.1
2025-06-12 06:53:00,31.0
2025-06-12 20:45:00,62.4
2025-06-12 01:56:00,69.0
2025-06-12 06:05:00,28.4
2025-06-12 13:48:00,27.4
2025-06-12 07:27:00,48.4
2025-06-12 20:16:00,82.9
2025-06-12 18:19:00,26.8
2025-06-12 10:05:00,43.6
2025-06-12 07:57:00,78.1
2025-06-12 05:59:00,3.8
2025-06-12 23:01:00,90.4
2025-06-12 00:54:00,99.2
2025-06-12 07:11:00,29.1
2025-06-12 17:57:00,60.7
2025-06-12 00:11:00,49.5
2025-06-12 01:20:00,37.0
2025-06-12 00:35:00,65.4
2025-06-12 20:59:00,54.7
2025-06-12 09:09:00,49.81767540251498
2025-06-12 02:10:00,7.9
2025-06-12 05:28:00,81.9
2025-06-12 17:57:00,1.9
2025-06-12 12:22:00,19.2
2025-06-12 22:57:00,67.7
2025-06-12 12:19:00,28.8
2025-06-12 09:59:00,14.8
2025-06-12 16:17:00,23.1
2025-06-12 03:39:00,19.0
2025-06-12 08:29:00,56.6
2025-06-12 19:15:00,94.9
2025-06-12 13:16:00,83.0
2025-06-12 20:53:00,96.6
2025-06-12 14:09:00,80.5
2025-06-12 16:34:00,49.81767540251498
2025-06-12 12:45:00,88.0
2025-06-12 04:25:00,39.7
2025-06-12 09:19:00,32.5
2025-06-12 14:29:00,52.8
2025-06-12 05:19:00,8.5
2025-06-12 16:14:00,52.2
2025-06-12 01:28:00,40.7
2025-06-12 08:57:00,84.7
2025-06-12 07:45:00,90.6
2025-06-12 08:25:00,39.8
2025-06-12 21:32:00,39.3
2025-06-12 10:03:00,7.9
2025-06-12 07:47:00,5.4
2025-06-12 17:44:00,95.8
2025-06-12 17:51:00,33.9
2025-06-12 18:02:00,49.81767540251498
2025-06-12 14:28:00,69.3
2025-06-12 17:23:00,49.81767540251498
2025-06-12 07:52:00,32.4
2025-06-12 11:00:00,72.1
2025-06-12 23:21:00,52.7
2025-06-12 02:59:00,49.81767540251498
2025-06-12 04:35:00,46.2
2025-06-12 17:19:00,79.4
2025-06-12 07:55:00,49.81767540251498
2025-06-12 02:36:00,49.81767540251498
2025-06-12 04:11:00,12.9
2025-06-12 01:11:00,83.6
2025-06-12 00:07:00,51.8
2025-06-12 08:33:00,49.81767540251498
2025-06-12 16:11:00,1.5
2025-06-12 01:26:00,40.2
2025-06-12 21:20:00,45.6
2025-06-12 13:54:00,14.0
2025-06-12 11:39:00,69.6
2025-06-12 16:20:00,49.81767540251498
2025-06-12 14:58:00,82.4
2025-06-12 10:15:00,67.1
2025-06-12 05:59:00,18.5
2025-06-12 13:41:00,81.0
2025-06-12 01:15:00,49.81767540251498
2025-06-12 11:40:00,92.1
2025-06-12 09:03:00,88.1
2025-06-12 03:09:00,18.5
2025-06-12 03:15:00,20.1
2025-06-12 12:26:00,29.5
2025-06-12 04:52:00,49.81767540251498
2025-06-12 19:32:00,61.0
2025-06-12 19:02:00,54.3
2025-06-12 09:29:00,72.6
2025-06-12 02:43:00,72.5
2025-06-12 00:19:00,84.5
2025-06-12 20:57:00,50.7
2025-06-12 00:10:00,25.9
2025-06-12 20:15:00,90.8
2025-06-12 13:34:00,13.7
2025-06-12 04:34:00,7.4
2025-06-12 18:36:00,72.9
2025-06-12 20:11:00,49.81767540251498
2025-06-12 13:21:00,49.81767540251498
2025-06-12 23:00:00,47.1
2025-06-12 05:12:00,82.0
2025-06-12 12:49:00,26.1
2025-06-12 11:40:00,2.5
2025-06-12 16:38:00,49.81767540251498
2025-06-12 16:27:00,49.81767540251498
2025-06-12 21:40:00,26.9
2025-06-12 05:25:00,53.2
2025-06-12 01:44:00,95.3
2025-06-12 15:09:00,7.3
2025-06-12 22:58:00,96.4
2025-06-12 13:54:00,0.5
2025-06-12 08:05:00,15.6
2025-06-12 22:59:00,49.81767540251498
2025-06-12 22:49:00,67.9
2025-06-12 21:02:00,49.81767540251498
2025-06-12 00:19:00,7.5
2025-06-12 11:58:00,86.8
2025-06-12 06:23:00,58.9
2025-06-12 11:26:00,49.81767540251498
2025-06-12 09:11:00,62.5
2025-06-12 21:37:00,81.4
2025-06-12 16:55:00,49.81767540251498
2025-06-12 02:03:00,93.7
2025-06-12 13:51:00,47.8
2025-06-12 01:33:00,86.0
2025-06-12 18:06:00,0.6
2025-06-12 19:23:00,49.81767540251498
2025-06-12 18:35:00,13.1
2025-06-12 08:44:00,23.1
2025-06-12 05:50:00,49.81767540251498
2025-06-12 14:06:00,95.1
2025-06-12 05:42:00,98.3
2025-06-12 00:18:00,60.7
2025-06-12 21:16:00,7.2
2025-06-12 19:24:00,61.6
2025-06-12 01:20:00,46.6
2025-06-12 08:00:00,70.3
2025-06-12 01:25:00,58.1
2025-06-12 12:19:00,81.1
2025-06-12 02:27:00,49.81767540251498
2025-06-12 05:33:00,24.8
2025-06-12 10:55:00,45.4
2025-06-12 18:55:00,63.7
2025-06-12 23:55:00,49.81767540251498
2025-06-12 16:38:00,71.6
2025-06-12 12:58:00,49.81767540251498
2025-06-12 06:22:00,49.81767540251498
2025-06-12 09:21:00,94.4
2025-06-12 17:15:00,48.1
2025-06-12 16:29:00,0.6
2025-06-12 13:35:00,87.0
2025-06-12 20:34:00,92.1
2025-06-12 04:24:00,84.4
2025-06-12 14:36:00,40.7
2025-06-12 00:21:00,24.2
2025-06-12 17:03:00,21.6
2025-06-12 01:54:00,91.9
2025-06-12 16:59:00,34.7
2025-06-12 18:50:00,7.6
2025-06-12 09:13:00,10.8
2025-06-12 23:48:00,35.9
2025-06-12 16:17:00,23.1
2025-06-12 16:04:00,54.8
2025-06-12 20:08:00,89.1
2025-06-12 19:47:00,66.8
2025-06-12 18:00:00,0.4
2025-06-12 10:14:00,23.3
2025-06-12 04:51:00,86.6
2025-06-12 17:49:00,16.7
2025-06-12 05:24:00,93.4
2025-06-12 16:42:00,9.7
2025-06-12 12:01:00,80.0
2025-06-12 12:58:00,55.7
2025-06-12 12:15:00,91.9
2025-06-12 14:24:00,49.81767540251498
2025-06-12 11:12:00,37.3
2025-06-12 23:40:00,61.1
2025-06-12 09:05:00,97.0
2025-06-12 15:48:00,62.2
2025-06-12 17:10:00,49.81767540251498
2025-06-12 01:52:00,51.0
2025-06-12 06:35:00,49.81767540251498
2025-06-12 22:10:00,88.7
2025-06-12 17:46:00,39.0
2025-06-12 23:22:00,79.3
2025-06-12 14:19:00,98.6
2025-06-12 10:10:00,80.5
2025-06-12 11:40:00,29.0
2025-06-12 23:16:00,49.81767540251498
2025-06-12 18:53:00,49.81767540251498
2025-06-12 03:11:00,94.2
2025-06-12 02:08:00,76.4
2025-06-12 10:52:00,49.81767540251498
2025-06-12 13:45:00,56.1
2025-06-12 19:00:00,49.81767540251498
2025-06-12 06:00:00,55.3
2025-06-12 08:48:00,66.0
2025-06-12 11:13:00,49.81767540251498
2025-06-12 23:57:00,23.2
2025-06-12 09:24:00,32.6
2025-06-12 23:27:00,49.81767540251498
2025-06-12 06:37:00,32.6
2025-06-12 00:55:00,36.8
2025-06-12 12:35:00,72.6
2025-06-12 11:15:00,49.81767540251498
2025-06-12 10:49:00,49.9
2025-06-12 21:14:00,67.2
2025-06-12 03:22:00,13.4
2025-06-12 19:23:00,26.6
2025-06-12 19:24:00,52.9
2025-06-12 17:53:00,49.81767540251498
2025-06-12 22:05:00,89.1
2025-06-12 08:30:00,96.2
2025-06-12 13:07:00,83.5
2025-06-12 07:33:00,11.8
2025-06-12 08:24:00,13.9
2025-06-12 03:16:00,0.0
2025-06-12 09:34:00,39.1
2025-06-12 06:21:00,71.6
2025-06-12 10:15:00,97.4
2025-06-12 17:47:00,69.1
2025-06-12 15:05:00,66.2
2025-06-12 13:07:00,49.81767540251498
2025-06-12 20:50:00,47.9
2025-06-12 17:13:00,49.81767540251498
2025-06-12 15:43:00,37.4
2025-06-12 02:27:00,49.81767540251498
2025-06-12 21:54:00,49.81767540251498
2025-06-12 18:10:00,64.2
2025-06-12 04:18:00,16.8
2025-06-12 14:42:00,12.8
2025-06-12 04:03:00,50.0
2025-06-12 23:45:00,77.5
2025-06-12 01:58:00,49.81767540251498
2025-06-12 14:44:00,59.0
2025-06-12 08:50:00,9.0
2025-06-12 06:54:00,74.9
2025-06-12 18:23:00,96.8
2025-06-12 10:41:00,67.6
2025-06-12 13:10:00,64.9
2025-06-12 10:44:00,24.0
2025-06-12 07:32:00,65.7
2025-06-12 21:58:00,49.81767540251498
2025-06-12 17:22:00,10.9
2025-06-12 13:20:00,86.8
2025-06-12 14:09:00,54.9
2025-06-12 08:04:00,14.1
2025-06-12 00:08:00,68.7
2025-06-12 03:52:00,49.791111632270166
2025-06-12 19:00:00,66.4
2025-06-12 17:02:00,94.5
2025-06-12 11:04:00,49.791111632270166
2025-06-12 11:44:00,19.2
2025-06-12 05:43:00,5.3
2025-06-12 01:16:00,16.2
2025-06-12 00:39:00,66.1
2025-06-12 10:17:00,32.6
2025-06-12 18:01:00,72.4
2025-06-12 17:29:00,75.5
2025-06-12 03:48:00,60.8
2025-06-12 20:25:00,49.791111632270166
2025-06-12 12:11:00,73.2
2025-06-12 22:03:00,71.1
2025-06-12 00:32:00,26.3
2025-06-12 20:32:00,53.5
2025-06-12 05:39:00,11.0
2025-06-12 01:02:00,96.9
2025-06-12 21:10:00,44.1
2025-06-12 02:02:00,13.5
2025-06-12 15:38:00,11.1
2025-06-12 23:00:00,88.7
2025-06-12 03:53:00,49.791111632270166
2025-06-12 03:29:00,52.7
2025-06-12 11:59:00,56.7
2025-06-12 23:12:00,6.6
2025-06-12 19:55:00,79.4
2025-06-12 11:33:00,31.0
2025-06-12 09:57:00,46.2
2025-06-12 07:01:00,93.4
2025-06-12 18:18:00,7.0
2025-06-12 12:11:00,3.2
2025-06-12 03:04:00,80.4
2025-06-12 14:11:00,49.791111632270166
2025-06-12 21:14:00,72.2
2025-06-12 21:50:00,62.0
2025-06-12 04:00:00,25.7
2025-06-12 18:36:00,94.9
2025-06-12 20:52:00,1.3
2025-06-12 17:10:00,94.6
2025-06-12 19:47:00,41.5
2025-06-12 19:42:00,49.791111632270166
2025-06-12 14:45:00,78.4
2025-06-12 21:14:00,85.3
2025-06-12 12:35:00,60.3
2025-06-12 17:47:00,46.8
2025-06-12 21:33:00,62.1
2025-06-12 08:40:00,42.6
2025-06-12 20:16:00,97.5
2025-06-12 04:38:00,90.2
2025-06-12 03:20:00,49.791111632270166
2025-06-12 09:42:00,99.8
2025-06-12 12:40:00,53.9
2025-06-12 13:15:00,40.8
2025-06-12 13:47:00,23.9
2025-06-12 16:55:00,49.791111632270166
2025-06-12 18:40:00,27.4
2025-06-12 21:25:00,49.791111632270166
2025-06-12 06:04:00,49.791111632270166
2025-06-12 23:16:00,60.0
2025-06-12 02:58:00,52.6
2025-06-12 11:33:00,2.2
2025-06-12 12:39:00,25.6
2025-06-12 12:44:00,49.791111632270166
2025-06-12 04:09:00,43.1
2025-06-12 14:56:00,94.6
2025-06-12 03:42:00,64.8
2025-06-12 13:59:00,49.791111632270166
2025-06-12 05:22:00,33.5
2025-06-12 03:36:00,49.791111632270166
2025-06-12 10:07:00,7.0
2025-06-12 02:10:00,12.3
2025-06-12 19:36:00,20.7
2025-06-12 13:14:00,35.2
2025-06-12 19:33:00,43.3
2025-06-12 03:19:00,73.5
2025-06-12 20:12:00,40.9
2025-06-12 10:28:00,43.1
2025-06-12 02:04:00,82.3
2025-06-12 12:44:00,54.8
2025-06-12 04:41:00,59.2
2025-06-12 22:57:00,51.9
2025-06-12 13:05:00,47.6
2025-06-12 19:38:00,22.2
2025-06-12 12:09:00,44.5
2025-06-12 16:53:00,35.8
2025-06-12 12:39:00,73.7
2025-06-12 19:57:00,59.1
2025-06-12 11:18:00,68.2
2025-06-12 15:56:00,87.9
2025-06-12 22:53:00,49.791111632270166
2025-06-12 22:36:00,2.6
2025-06-12 00:07:00,78.5
2025-06-12 02:59:00,12.5
2025-06-12 10:20:00,15.2
2025-06-12 00:04:00,10.9
2025-06-12 09:09:00,89.3
2025-06-12 01:40:00,49.791111632270166
2025-06-12 03:09:00,9.3
2025-06-12 22:54:00,4.9
2025-06-12 01:49:00,40.0
2025-06-12 02:13:00,15.7
2025-06-12 08:03:00,49.791111632270166
2025-06-12 05:50:00,14.5
2025-06-12 14:30:00,2.0
2025-06-12 06:43:00,46.3
2025-06-12 06:59:00,3.6
2025-06-12 19:02:00,3.7
2025-06-12 07:10:00,73.2
2025-06-12 01:45:00,8.7
2025-06-12 08:06:00,60.3
2025-06-12 05:01:00,22.9
2025-06-12 06:43:00,69.3
2025-06-12 15:07:00,13.9
2025-06-12 19:40:00,62.0
2025-06-12 23:00:00,33.5
2025-06-12 03:00:00,67.5
2025-06-12 23:01:00,69.4
2025-06-12 06:52:00,2.6
2025-06-12 11:10:00,94.2
2025-06-12 20:09:00,83.9
2025-06-12 11:26:00,61.2
2025-06-12 14:01:00,20.7
2025-06-12 07:34:00,42.5
2025-06-12 17:59:00,59.6
2025-06-12 06:56:00,54.9
2025-06-12 05:41:00,34.9
2025-06-12 21:47:00,95.1
2025-06-12 12:35:00,58.9
2025-06-12 21:08:00,49.791111632270166
2025-06-12 07:34:00,27.4
2025-06-12 16:05:00,67.3
2025-06-12 06:38:00,74.0
2025-06-12 16:21:00,30.4
2025-06-12 21:11:00,16.8
2025-06-12 18:18:00,89.6
2025-06-12 20:39:00,57.8
2025-06-12 07:59:00,65.4
2025-06-12 16:50:00,60.8
2025-06-12 06:18:00,18.7
2025-06-12 13:57:00,16.4
2025-06-12 06:41:00,49.791111632270166
2025-06-12 19:19:00,41.1
2025-06-12 09:24:00,7.2
2025-06-12 05:54:00,19.2
2025-06-12 12:16:00,49.791111632270166
2025-06-12 05:34:00,10.5
2025-06-12 12:59:00,82.6
2025-06-12 07:34:00,33.8
2025-06-12 16:39:00,40.0
2025-06-12 03:08:00,83.1
2025-06-12 10:17:00,28.9
2025-06-12 23:38:00,51.9
2025-06-12 17:30:00,21.2
2025-06-12 01:47:00,75.5
2025-06-12 02:55:00,59.2
2025-06-12 05:18:00,58.0
2025-06-12 08:51:00,54.1
2025-06-12 11:55:00,50.0
2025-06-12 02:52:00,49.791111632270166
2025-06-12 00:38:00,64.8
2025-06-12 04:25:00,77.8
2025-06-12 13:57:00,54.5
2025-06-12 15:06:00,6.0
2025-06-12 08:27:00,49.791111632270166
2025-06-12 04:49:00,61.2
2025-06-12 12:13:00,45.7
2025-06-12 20:17:00,12.7
2025-06-12 23:02:00,67.0
2025-06-12 02:01:00,49.791111632270166
2025-06-12 19:40:00,78.9
2025-06-12 23:14:00,73.9
2025-06-12 19:43:00,63.4
2025-06-12 23:44:00,30.1
2025-06-12 10:23:00,30.5
2025-06-12 02:51:00,33.7
2025-06-12 16:25:00,99.8
2025-06-12 14:57:00,54.2
2025-06-12 19:54:00,28.3
2025-06-12 06:32:00,21.6
2025-06-12 22:08:00,95.5
2025-06-12 00:32:00,24.8
2025-06-12 07:36:00,49.791111632270166
2025-06-12 06:33:00,29.6
2025-06-12 15:17:00,49.791111632270166
2025-06-12 10:35:00,39.4
2025-06-12 00:10:00,14.8
2025-06-12 20:08:00,96.7
2025-06-12 02:28:00,24.0
2025-06-12 00:00:00,99.6
2025-06-12 08:03:00,47.5
2025-06-12 07:37:00,76.9
2025-06-12 06:21:00,46.7
2025-06-12 11:05:00,70.1
2025-06-12 04:47:00,97.8
2025-06-12 06:03:00,79.9
2025-06-12 00:20:00,42.9
2025-06-12 06:21:00,87.0
2025-06-12 11:35:00,31.1
2025-06-12 07:05:00,36.3
2025-06-12 02:51:00,80.6
2025-06-12 06:53:00,49.791111632270166
2025-06-12 18:03:00,84.5
2025-06-12 14:23:00,38.1
2025-06-12 02:54:00,68.0
2025-06-12 06:00:00,72.1
2025-06-12 07:37:00,67.5
2025-06-12 19:23:00,97.0
2025-06-12 16:46:00,49.791111632270166
2025-06-12 17:43:00,49.791111632270166
2025-06-12 04:09:00,47.3
2025-06-12 18:05:00,21.8
2025-06-12 05:40:00,90.5
2025-06-12 13:33:00,49.791111632270166
2025-06-12 13:14:00,38.9
2025-06-12 18:52:00,6.2
2025-06-12 16:09:00,14.2
2025-06-12 03:31:00,19.6
2025-06-12 09:06:00,86.6
2025-06-12 10:37:00,77.7
2025-06-12 22:24:00,39.8
2025-06-12 06:11:00,2.8
2025-06-12 08:17:00,49.791111632270166
2025-06-12 21:32:00,80.5
2025-06-12 01:31:00,46.0
2025-06-12 15:20:00,49.791111632270166
2025-06-12 01:58:00,80.2
2025-06-12 12:43:00,17.6
2025-06-12 19:22:00,98.7
2025-06-12 07:06:00,49.791111632270166
2025-06-12 02:20:00,29.1
2025-06-12 06:41:00,49.791111632270166
2025-06-12 19:41:00,66.7
2025-06-12 05:39:00,90.1
2025-06-12 21:14:00,37.4
2025-06-12 02:08:00,49.791111632270166
2025-06-12 04:34:00,74.3
2025-06-12 02:30:00,49.791111632270166
2025-06-12 04:31:00,95.1
2025-06-12 19:37:00,96.2
2025-06-12 10:15:00,9.7
2025-06-12 18:56:00,66.8
2025-06-12 14:16:00,68.7
2025-06-12 05:56:00,39.5
2025-06-12 17:30:00,37.8
2025-06-12 18:17:00,51.1
2025-06-12 16:31:00,6.5
2025-06-12 13:31:00,49.791111632270166
2025-06-12 23:41:00,82.8
2025-06-12 11:08:00,49.791111632270166
2025-06-12 12:52:00,95.4
2025-06-12 19:53:00,49.791111632270166
2025-06-12 22:22:00,99.8
2025-06-12 16:11:00,69.6
2025-06-12 02:30:00,59.3
2025-06-12 06:56:00,52.9
2025-06-12 22:53:00,2.0
2025-06-12 20:26:00,6.1
2025-06-12 08:38:00,46.3
2025-06-12 06:32:00,22.1
2025-06-12 17:56:00,5.3
2025-06-12 09:43:00,20.7
2025-06-12 22:40:00,49.791111632270166
2025-06-12 10:34:00,44.4
2025-06-12 03:36:00,99.5
2025-06-12 02:21:00,47.8
2025-06-12 19:49:00,76.4
2025-06-12 09:04:00,14.1
2025-06-12 12:21:00,89.8
2025-06-12 21:02:00,53.0
2025-06-12 10:04:00,28.0
2025-06-12 04:25:00,28.0
2025-06-12 09:40:00,2.5
2025-06-12 12:56:00,49.791111632270166
2025-06-12 23:10:00,61.8
2025-06-12 20:43:00,7.9
2025-06-12 10:59:00,1.7
2025-06-12 15:06:00,9.4
2025-06-12 12:46:00,16.1
2025-06-12 08:56:00,33.5
2025-06-12 09:46:00,72.9
2025-06-12 09:05:00,4.5
2025-06-12 15:00:00,63.5
2025-06-12 20:17:00,26.9
2025-06-12 23:23:00,91.3
2025-06-12 07:22:00,70.6
2025-06-12 01:33:00,5.6
2025-06-12 15:31:00,55.3
2025-06-12 16:42:00,97.9
2025-06-12 19:15:00,65.5
2025-06-12 06:01:00,4.8
2025-06-12 23:35:00,59.7
2025-06-12 16:25:00,0.8
2025-06-12 12:08:00,36.0
2025-06-12 16:36:00,98.5
2025-06-12 21:21:00,73.0
2025-06-12 08:13:00,6.6
2025-06-12 07:43:00,77.0
2025-06-12 09:55:00,17.6
2025-06-12 13:10:00,52.4
2025-06-12 15:00:00,20.4
2025-06-12 08:25:00,55.2
2025-06-12 18:30:00,38.6
2025-06-12 03:23:00,94.1
2025-06-12 19:55:00,20.5
2025-06-12 04:55:00,49.6
2025-06-12 07:53:00,88.5
2025-06-12 02:34:00,2.5
2025-06-12 13:01:00,14.4
2025-06-12 16:10:00,29.1
2025-06-12 14:24:00,50.406503298774744
2025-06-12 00:26:00,9.9
2025-06-12 04:16:00,6.6
2025-06-12 23:43:00,5.8
2025-06-12 03:41:00,50.406503298774744
2025-06-12 15:06:00,79.8
2025-06-12 14:46:00,64.5
2025-06-12 10:46:00,56.3
2025-06-12 00:29:00,64.9
2025-06-12 11:11:00,50.406503298774744
2025-06-12 02:19:00,50.406503298774744
2025-06-12 04:35:00,41.3
2025-06-12 00:52:00,50.406503298774744
2025-06-12 01:34:00,50.406503298774744
2025-06-12 04:40:00,78.6
2025-06-12 14:08:00,12.0
2025-06-12 12:35:00,18.0
2025-06-12 19:37:00,50.406503298774744
2025-06-12 19:29:00,68.8
2025-06-12 08:54:00,15.7
2025-06-12 14:31:00,38.8
2025-06-12 00:28:00,9.4
2025-06-12 11:38:00,1.4
2025-06-12 19:58:00,58.7
2025-06-12 07:37:00,41.8
2025-06-12 00:15:00,43.6
2025-06-12 18:59:00,78.5
2025-06-12 02:51:00,49.8
2025-06-12 11:59:00,78.8
2025-06-12 21:50:00,35.5
2025-06-12 07:56:00,50.406503298774744
2025-06-12 16:18:00,3.7
2025-06-12 17:00:00,18.3
2025-06-12 13:49:00,50.406503298774744
2025-06-12 03:46:00,89.8
2025-06-12 03:33:00,44.2
2025-06-12 17:39:00,50.406503298774744
2025-06-12 20:54:00,50.406503298774744
2025-06-12 13:16:00,90.7
2025-06-12 13:33:00,18.6
2025-06-12 06:13:00,18.3
2025-06-12 09:29:00,50.406503298774744
2025-06-12 12:24:00,34.7
2025-06-12 12:00:00,1.1
2025-06-12 07:11:00,50.406503298774744
2025-06-12 20:23:00,38.5
2025-06-12 06:53:00,92.9
2025-06-12 03:43:00,57.1
2025-06-12 09:23:00,30.6
2025-06-12 21:35:00,95.8
2025-06-12 00:59:00,25.9
2025-06-12 01:08:00,50.406503298774744
2025-06-12 06:30:00,50.406503298774744
2025-06-12 02:14:00,60.5
2025-06-12 19:52:00,33.0
2025-06-12 01:52:00,60.5
2025-06-12 03:48:00,50.406503298774744
2025-06-12 21:36:00,50.406503298774744
2025-06-12 15:29:00,50.406503298774744
2025-06-12 15:47:00,95.2
2025-06-12 14:35:00,84.7
2025-06-12 11:01:00,90.6
2025-06-12 03:11:00,65.3
2025-06-12 19:45:00,0.3
2025-06-12 04:36:00,73.9
2025-06-12 02:40:00,50.406503298774744
2025-06-12 23:10:00,69.9
2025-06-12 02:37:00,70.4
2025-06-12 12:36:00,40.7
2025-06-12 18:07:00,11.8
2025-06-12 03:40:00,78.0
2025-06-12 11:11:00,36.4
2025-06-12 11:08:00,2.8
2025-06-12 01:02:00,50.406503298774744
2025-06-12 16:00:00,65.5
2025-06-12 15:50:00,30.2
2025-06-12 07:48:00,50.406503298774744
2025-06-12 22:36:00,19.7
2025-06-12 01:33:00,63.7
2025-06-12 08:59:00,91.8
2025-06-12 21:52:00,50.406503298774744
2025-06-12 11:21:00,82.5
2025-06-12 20:03:00,57.5
2025-06-12 11:22:00,50.406503298774744
2025-06-12 06:30:00,61.9
2025-06-12 08:18:00,65.0
2025-06-12 15:14:00,14.0
2025-06-12 19:17:00,21.9
2025-06-12 17:06:00,50.406503298774744
2025-06-12 23:57:00,86.0
2025-06-12 02:06:00,65.7
2025-06-12 12:39:00,53.4
2025-06-12 05:13:00,68.2
2025-06-12 09:16:00,77.1
2025-06-12 02:06:00,91.1
2025-06-12 21:01:00,48.1
2025-06-12 16:38:00,86.5
2025-06-12 08:52:00,13.8
2025-06-12 15:38:00,51.1
2025-06-12 06:20:00,4.0
2025-06-12 14:26:00,50.406503298774744
2025-06-12 01:15:00,37.7
2025-06-12 04:16:00,56.1
2025-06-12 18:16:00,80.9
2025-06-12 03:15:00,4.0
2025-06-12 04:53:00,35.3
2025-06-12 02:36:00,73.9
2025-06-12 16:23:00,48.5
2025-06-12 14:44:00,15.7
2025-06-12 13:11:00,50.406503298774744
2025-06-12 04:48:00,74.7
2025-06-12 00:35:00,11.4
2025-06-12 07:55:00,64.2
2025-06-12 00:15:00,85.0
2025-06-12 08:36:00,58.9
2025-06-12 21:47:00,75.3
2025-06-12 01:46:00,84.2
2025-06-12 09:18:00,76.1
2025-06-12 06:14:00,81.1
2025-06-12 04:14:00,50.406503298774744
2025-06-12 02:47:00,50.406503298774744
2025-06-12 16:14:00,92.7
2025-06-12 21:47:00,87.4
2025-06-12 14:31:00,52.7
2025-06-12 03:38:00,18.5
2025-06-12 14:18:00,8.7
2025-06-12 12:49:00,15.6
2025-06-12 17:46:00,83.0
2025-06-12 13:24:00,45.7
2025-06-12 21:43:00,83.8
2025-06-12 17:35:00,50.406503298774744
2025-06-12 02:33:00,50.406503298774744
2025-06-12 16:05:00,50.406503298774744
2025-06-12 19:19:00,2.5
2025-06-12 13:45:00,13.1
2025-06-12 22:15:00,37.6
2025-06-12 21:07:00,89.2
2025-06-12 23:15:00,8.2
2025-06-12 22:40:00,99.2
2025-06-12 20:03:00,20.8
2025-06-12 04:32:00,73.1
2025-06-12 14:34:00,50.406503298774744
2025-06-12 08:03:00,13.4
2025-06-12 01:06:00,10.7
2025-06-12 03:57:00,27.5
2025-06-12 02:36:00,0.3
2025-06-12 20:00:00,5.0
2025-06-12 11:41:00,90.6
2025-06-12 14:58:00,23.3
2025-06-12 02:59:00,13.6
2025-06-12 16:10:00,42.8
2025-06-12 05:41:00,74.9
2025-06-12 13:34:00,45.4
2025-06-12 23:32:00,3.3
2025-06-12 01:00:00,31.1
2025-06-12 02:07:00,32.9
2025-06-12 16:33:00,21.9
2025-06-12 16:06:00,37.8
2025-06-12 20:24:00,16.7
2025-06-12 04:29:00,14.5
2025-06-12 12:44:00,50.406503298774744
2025-06-12 14:19:00,91.1
2025-06-12 17:30:00,76.7
2025-06-12 14:42:00,15.2
2025-06-12 08:00:00,21.7
2025-06-12 09:23:00,50.406503298774744
2025-06-12 14:20:00,17.6
2025-06-12 20:00:00,50.406503298774744
2025-06-12 15:31:00,0.1
2025-06-12 19:55:00,88.7
2025-06-12 11:28:00,50.406503298774744
2025-06-12 05:50:00,7.3
2025-06-12 08:23:00,64.9
2025-06-12 21:44:00,50.406503298774744
2025-06-12 14:11:00,80.4
2025-06-12 09:06:00,31.1
2025-06-12 06:12:00,80.0
2025-06-12 00:38:00,27.0
2025-06-12 15:46:00,50.406503298774744
2025-06-12 07:57:00,12.3
2025-06-12 02:39:00,53.5
2025-06-12 06:15:00,58.9
2025-06-12 19:04:00,46.3
2025-06-12 23:44:00,61.2
2025-06-12 00:49:00,22.6
2025-06-12 13:14:00,23.4
2025-06-12 01:37:00,30.3
2025-06-12 22:27:00,14.6
2025-06-12 17:57:00,23.7
2025-06-12 18:34:00,48.1
2025-06-12 04:51:00,31.6
2025-06-12 18:49:00,50.406503298774744
2025-06-12 03:05:00,28.8
2025-06-12 23:47:00,50.406503298774744
2025-06-12 09:14:00,50.406503298774744
2025-06-12 14:41:00,92.7
2025-06-12 16:21:00,52.3
2025-06-12 07:16:00,78.2
2025-06-12 19:20:00,78.3
2025-06-12 04:00:00,95.4
2025-06-12 06:12:00,70.3
2025-06-12 14:50:00,79.5
2025-06-12 18:40:00,2.5
2025-06-12 18:15:00,79.0
2025-06-12 02:48:00,45.1
2025-06-12 13:28:00,4.5
2025-06-12 11:32:00,20.6
2025-06-12 21:17:00,35.7
2025-06-12 22:23:00,45.4
2025-06-12 09:10:00,33.8
2025-06-12 13:26:00,99.2
2025-06-12 05:15:00,39.6
2025-06-12 23:34:00,21.0
2025-06-12 23:22:00,50.406503298774744
2025-06-12 08:18:00,42.2
2025-06-12 07:28:00,50.406503298774744
2025-06-12 11:13:00,76.6
2025-06-12 21:35:00,5.0
2025-06-12 22:17:00,57.3
2025-06-12 07:44:00,50.406503298774744
2025-06-12 20:55:00,67.9
2025-06-12 10:57:00,69.6
2025-06-12 22:16:00,83.6
2025-06-12 03:06:00,30.0
2025-06-12 11:32:00,90.2
2025-06-12 15:40:00,50.406503298774744
2025-06-12 21:03:00,49.1
2025-06-12 20:20:00,42.1
2025-06-12 09:22:00,50.0
2025-06-12 17:46:00,1.2
2025-06-12 14:21:00,6.1
2025-06-12 11:54:00,69.3
2025-06-12 18:25:00,51.0
2025-06-12 21:46:00,1.3
2025-06-12 00:34:00,47.8
2025-06-12 08:39:00,78.5
2025-06-12 19:57:00,42.9
2025-06-12 06:39:00,60.8
2025-06-12 20:51:00,28.3
2025-06-12 01:33:00,34.5
2025-06-12 16:21:00,77.1
2025-06-12 19:15:00,77.6
2025-06-12 09:53:00,65.7
2025-06-12 08:03:00,66.4
2025-06-12 14:04:00,74.4
2025-06-12 01:14:00,19.7
2025-06-12 22:55:00,81.2
2025-06-12 00:13:00,21.4
2025-06-12 02:20:00,15.2
2025-06-12 00:24:00,99.7
2025-06-12 08:35:00,8.2
2025-06-12 18:14:00,81.8
2025-06-12 04:41:00,49.0
2025-06-12 23:53:00,76.7
2025-06-12 12:52:00,50.406503298774744
2025-06-12 21:46:00,4.0
2025-06-12 19:44:00,48.3
2025-06-12 14:07:00,99.7
2025-06-12 04:05:00,93.2
2025-06-12 04:38:00,50.406503298774744
2025-06-12 10:48:00,97.8
2025-06-12 10:31:00,50.406503298774744
2025-06-12 13:31:00,50.406503298774744
2025-06-12 05:03:00,21.8
2025-06-12 12:56:00,46.2
2025-06-12 11:48:00,77.5
2025-06-12 05:41:00,87.4
2025-06-12 06:08:00,50.406503298774744
2025-06-12 12:20:00,62.4
2025-06-12 22:48:00,22.0
2025-06-12 12:44:00,81.9
2025-06-12 17:42:00,13.4
2025-06-12 07:54:00,35.9
2025-06-12 18:25:00,50.406503298774744
2025-06-12 04:04:00,23.1
2025-06-12 02:49:00,73.7
2025-06-12 00:36:00,71.1
2025-06-12 03:31:00,10.1
2025-06-12 15:46:00,50.406503298774744
2025-06-12 21:50:00,30.8
2025-06-12 20:51:00,11.5
2025-06-12 04:37:00,28.5
2025-06-12 12:49:00,11.7
2025-06-12 11:26:00,35.3
2025-06-12 13:04:00,95.6
2025-06-12 12:47:00,46.3
2025-06-12 18:00:00,77.9
2025-06-12 05:18:00,79.3
2025-06-12 06:55:00,70.3
2025-06-12 18:07:00,34.3
2025-06-12 21:36:00,73.2
2025-06-12 07:12:00,92.7
2025-06-12 22:55:00,56.7
2025-06-12 18:33:00,85.0
2025-06-12 08:12:00,21.0
2025-06-12 22:09:00,77.8
2025-06-12 05:55:00,24.8
2025-06-12 12:26:00,85.0
2025-06-12 22:00:00,89.7
2025-06-12 18:11:00,33.3
2025-06-12 08:48:00,42.0
2025-06-12 07:08:00,61.8
2025-06-12 03:19:00,10.3
2025-06-12 17:32:00,98.8
2025-06-12 06:25:00,24.9
2025-06-12 19:46:00,73.9
2025-06-12 06:37:00,12.0
2025-06-12 05:05:00,14.4
2025-06-12 11:48:00,67.2
2025-06-12 00:24:00,75.4
2025-06-12 04:13:00,19.6
2025-06-12 18:40:00,24.3
2025-06-12 20:05:00,11.7
2025-06-12 04:05:00,92.4
2025-06-12 14:06:00,41.9
2025-06-12 19:37:00,6.2
2025-06-12 04:45:00,61.3
2025-06-12 22:35:00,13.1
2025-06-12 10:04:00,75.4
2025-06-12 13:40:00,50.406503298774744
2025-06-12 17:10:00,33.8
2025-06-12 14:38:00,70.5
2025-06-12 19:07:00,50.406503298774744
2025-06-12 10:32:00,29.6
2025-06-12 03:23:00,31.5
2025-06-12 13:24:00,47.2
2025-06-12 09:25:00,50.406503298774744
2025-06-12 20:02:00,50.406503298774744
2025-06-12 04:25:00,16.6
2025-06-12 01:20:00,55.5
2025-06-12 01:54:00,70.5
2025-06-12 03:26:00,16.2
2025-06-12 02:29:00,80.8
2025-06-12 19:07:00,40.8
2025-06-12 06:06:00,36.7
2025-06-12 18:10:00,2.2
2025-06-12 00:54:00,56.0
2025-06-12 13:49:00,50.406503298774744
2025-06-12 04:18:00,50.406503298774744
2025-06-12 13:44:00,72.7
2025-06-12 19:28:00,56.1
2025-06-12 20:58:00,7.3
2025-06-12 06:40:00,20.3
2025-06-12 05:36:00,36.3
2025-06-12 10:55:00,79.9
2025-06-12 16:20:00,30.9
2025-06-12 09:19:00,94.5
2025-06-12 19:35:00,92.9
2025-06-12 23:58:00,49.4
2025-06-12 07:18:00,68.0
2025-06-12 22:31:00,59.9
2025-06-12 14:05:00,60.9
2025-06-12 13:12:00,5.4
2025-06-12 19:50:00,6.0
2025-06-12 21:52:00,67.5
2025-06-12 17:25:00,34.6
2025-06-12 09:14:00,25.7
2025-06-12 07:42:00,79.0
2025-06-12 10:16:00,73.4
2025-06-12 15:41:00,50.3160582227961
2025-06-12 03:59:00,8.5
2025-06-12 07:29:00,43.5
2025-06-12 13:20:00,50.3160582227961
2025-06-12 14:53:00,7.4
2025-06-12 00:13:00,29.6
2025-06-12 04:18:00,66.6
2025-06-12 06:24:00,66.4
2025-06-12 12:53:00,50.3160582227961
2025-06-12 00:39:00,50.3160582227961
2025-06-12 23:27:00,88.6
2025-06-12 09:14:00,50.3160582227961
2025-06-12 01:42:00,58.7
2025-06-12 00:25:00,69.6
2025-06-12 23:46:00,20.0
2025-06-12 20:35:00,93.4
2025-06-12 17:41:00,50.3160582227961
2025-06-12 12:51:00,26.9
2025-06-12 15:28:00,84.9
2025-06-12 08:56:00,50.3160582227961
2025-06-12 23:59:00,50.3160582227961
2025-06-12 12:06:00,73.1
2025-06-12 10:38:00,99.9
2025-06-12 10:27:00,22.6
2025-06-12 00:06:00,3.6
2025-06-12 05:57:00,25.9
2025-06-12 10:22:00,73.0
2025-06-12 09:07:00,74.9
2025-06-12 01:04:00,21.8
2025-06-12 19:39:00,96.3
2025-06-12 13:20:00,5.1
2025-06-12 08:03:00,89.9
2025-06-12 04:37:00,64.2
2025-06-12 20:16:00,15.3
2025-06-12 22:12:00,80.8
2025-06-12 18:50:00,86.8
2025-06-12 14:16:00,50.3160582227961
2025-06-12 06:33:00,28.7
2025-06-12 05:19:00,78.4
2025-06-12 13:24:00,50.3160582227961
2025-06-12 14:13:00,50.3160582227961
2025-06-12 21:00:00,51.4
2025-06-12 12:16:00,38.9
2025-06-12 16:54:00,55.7
2025-06-12 19:57:00,2.1
2025-06-12 06:52:00,50.3160582227961
2025-06-12 13:56:00,50.3160582227961
2025-06-12 19:02:00,3.0
2025-06-12 07:31:00,84.4
2025-06-12 12:22:00,4.9
2025-06-12 15:12:00,70.0
2025-06-12 00:14:00,15.2
2025-06-12 02:35:00,89.8
2025-06-12 20:44:00,33.9
2025-06-12 07:16:00,0.2
2025-06-12 21:05:00,48.2
2025-06-12 12:37:00,55.4
2025-06-12 08:32:00,50.3160582227961
2025-06-12 19:34:00,89.6
2025-06-12 14:22:00,87.6
2025-06-12 19:20:00,24.3
2025-06-12 01:49:00,34.8
2025-06-12 02:57:00,60.4
2025-06-12 07:02:00,97.0
2025-06-12 19:56:00,55.3
2025-06-12 21:19:00,99.4
2025-06-12 12:27:00,22.8
2025-06-12 18:57:00,50.3160582227961
2025-06-12 04:04:00,50.3160582227961
2025-06-12 15:13:00,71.8
2025-06-12 08:54:00,1.7
2025-06-12 00:43:00,2.3
2025-06-12 09:57:00,26.2
2025-06-12 06:54:00,16.9
2025-06-12 22:15:00,13.3
2025-06-12 00:55:00,0.2
2025-06-12 19:22:00,70.9
2025-06-12 06:20:00,47.2
2025-06-12 14:16:00,5.9
2025-06-12 07:52:00,66.9
2025-06-12 22:28:00,85.8
2025-06-12 16:13:00,92.1
2025-06-12 12:09:00,58.9
2025-06-12 21:24:00,99.9
2025-06-12 22:05:00,61.7
2025-06-12 07:55:00,25.1
2025-06-12 07:05:00,40.2
2025-06-12 15:36:00,75.9
2025-06-12 19:47:00,43.4
2025-06-12 00:32:00,96.8
2025-06-12 05:24:00,54.6
2025-06-12 04:43:00,42.5
2025-06-12 21:02:00,0.8
2025-06-12 20:53:00,65.0
2025-06-12 14:13:00,83.8
2025-06-12 01:11:00,65.2
2025-06-12 21:05:00,50.3160582227961
2025-06-12 11:40:00,21.6
2025-06-12 19:06:00,4.1
2025-06-12 10:28:00,46.1
2025-06-12 03:30:00,54.4
2025-06-12 17:55:00,27.9
2025-06-12 02:06:00,50.3160582227961
2025-06-12 19:29:00,50.3160582227961
2025-06-12 22:41:00,45.1
2025-06-12 10:15:00,31.2
2025-06-12 06:49:00,56.7
2025-06-12 01:23:00,70.7
2025-06-12 07:49:00,46.0
2025-06-12 01:58:00,48.0
2025-06-12 01:28:00,80.1
2025-06-12 14:35:00,50.3160582227961
2025-06-12 08:23:00,8.7
2025-06-12 13:11:00,19.6
2025-06-12 18:24:00,2.4
2025-06-12 02:26:00,44.1
2025-06-12 19:38:00,80.3
2025-06-12 15:30:00,50.3160582227961
2025-06-12 22:59:00,78.2
2025-06-12 03:57:00,31.2
2025-06-12 11:08:00,44.4
2025-06-12 21:57:00,20.5
2025-06-12 16:08:00,50.3160582227961
2025-06-12 15:54:00,77.6
2025-06-12 18:44:00,55.4
2025-06-12 20:56:00,85.6
2025-06-12 20:29:00,50.3160582227961
2025-06-12 14:44:00,19.7
2025-06-12 15:38:00,46.1
2025-06-12 20:15:00,88.0
2025-06-12 23:30:00,95.9
2025-06-12 00:28:00,50.3160582227961
2025-06-12 11:09:00,70.1
2025-06-12 04:45:00,98.5
2025-06-12 05:30:00,19.9
2025-06-12 20:07:00,95.0
2025-06-12 10:01:00,50.3160582227961
2025-06-12 16:55:00,50.3160582227961
2025-06-12 05:25:00,90.6
2025-06-12 17:11:00,7.8
2025-06-12 06:44:00,34.2
2025-06-12 23:48:00,1.2
2025-06-12 04:15:00,50.3160582227961
2025-06-12 06:14:00,58.2
2025-06-12 14:43:00,46.9
2025-06-12 11:43:00,50.3160582227961
2025-06-12 21:26:00,96.4
2025-06-12 02:19:00,68.6
2025-06-12 08:02:00,89.0
2025-06-12 09:32:00,51.9
2025-06-12 05:21:00,18.5
2025-06-12 00:13:00,80.6
2025-06-12 09:44:00,30.1
2025-06-12 20:39:00,98.6
2025-06-12 05:03:00,89.6
2025-06-12 22:14:00,16.2
2025-06-12 22:05:00,40.9
2025-06-12 20:21:00,2.2
2025-06-12 22:12:00,68.4
2025-06-12 19:05:00,96.1
2025-06-12 16:25:00,71.0
2025-06-12 02:42:00,92.1
2025-06-12 22:52:00,64.4
2025-06-12 03:53:00,7.1
2025-06-12 20:58:00,3.5
2025-06-12 21:48:00,32.4
2025-06-12 12:34:00,33.7
2025-06-12 19:25:00,3.9
2025-06-12 04:38:00,50.3160582227961
2025-06-12 17:09:00,7.9
2025-06-12 19:36:00,33.8
2025-06-12 13:48:00,26.4
2025-06-12 10:46:00,3.8
2025-06-12 13:58:00,45.7
2025-06-12 11:35:00,50.3160582227961
2025-06-12 05:50:00,41.6
2025-06-12 23:48:00,75.1
2025-06-12 06:07:00,50.3160582227961
2025-06-12 10:02:00,77.4
2025-06-12 10:47:00,50.3160582227961
2025-06-12 01:01:00,98.2
2025-06-12 12:30:00,20.0
2025-06-12 04:42:00,20.0
2025-06-12 21:23:00,50.3160582227961
2025-06-12 23:32:00,6.8
2025-06-12 09:35:00,98.2
2025-06-12 10:51:00,53.5
2025-06-12 23:15:00,11.1
2025-06-12 01:06:00,88.1
2025-06-12 10:07:00,16.6
2025-06-12 01:59:00,88.5
2025-06-12 18:34:00,89.8
2025-06-12 14:51:00,94.6
2025-06-12 15:55:00,66.5
2025-06-12 03:47:00,25.4
2025-06-12 16:16:00,63.1
2025-06-12 09:56:00,63.8
2025-06-12 14:37:00,32.3
2025-06-12 18:13:00,50.3160582227961
2025-06-12 17:15:00,88.2
2025-06-12 20:15:00,10.2
2025-06-12 03:31:00,39.9
2025-06-12 15:03:00,85.9
2025-06-12 20:27:00,93.6
2025-06-12 02:45:00,81.0
2025-06-12 20:13:00,18.5
2025-06-12 10:32:00,45.8
2025-06-12 12:24:00,47.1
2025-06-12 18:57:00,5.9
2025-06-12 04:11:00,55.7
2025-06-12 06:45:00,39.7
2025-06-12 20:05:00,88.6
2025-06-12 21:06:00,50.3160582227961
2025-06-12 23:56:00,11.8
2025-06-12 08:31:00,46.2
2025-06-12 13:29:00,25.1
2025-06-12 19:07:00,93.0
2025-06-12 10:22:00,50.3160582227961
2025-06-12 23:50:00,47.1
2025-06-12 08:13:00,71.6
2025-06-12 00:26:00,65.1
2025-06-12 06:13:00,96.8
2025-06-12 10:13:00,78.2
2025-06-12 01:27:00,27.9
2025-06-12 23:12:00,95.7
2025-06-12 02:28:00,3.0
2025-06-12 18:06:00,61.5
2025-06-12 14:46:00,8.7
2025-06-12 09:13:00,30.7
2025-06-12 05:25:00,4.4
2025-06-12 05:40:00,74.8
2025-06-12 04:54:00,27.7
2025-06-12 15:13:00,55.5
2025-06-12 20:48:00,37.1
2025-06-12 17:47:00,50.3
2025-06-12 12:08:00,73.4
2025-06-12 05:32:00,50.3160582227961
2025-06-12 11:21:00,62.7
2025-06-12 14:29:00,47.8
2025-06-12 00:12:00,78.8
2025-06-12 16:06:00,47.4
2025-06-12 08:22:00,39.7
2025-06-12 13:18:00,96.7
2025-06-12 03:09:00,52.4
2025-06-12 05:00:00,83.6
2025-06-12 17:44:00,70.1
2025-06-12 20:12:00,35.9
2025-06-12 04:00:00,28.0
2025-06-12 06:38:00,35.2
2025-06-12 07:15:00,5.6
2025-06-12 14:18:00,45.4
2025-06-12 08:28:00,83.2
2025-06-12 08:28:00,57.9
2025-06-12 12:17:00,13.9
2025-06-12 05:20:00,50.3160582227961
2025-06-12 04:35:00,35.9
2025-06-12 23:40:00,52.6
2025-06-12 08:52:00,38.8
2025-06-12 23:16:00,80.9
2025-06-12 14:10:00,27.4
2025-06-12 08:17:00,1.0
2025-06-12 09:37:00,56.9
2025-06-12 03:45:00,93.7
2025-06-12 05:30:00,50.3160582227961
2025-06-12 11:20:00,50.4
2025-06-12 12:29:00,18.0
2025-06-12 20:31:00,63.6
2025-06-12 05:39:00,91.6
2025-06-12 11:52:00,86.2
2025-06-12 20:11:00,50.3160582227961
2025-06-12 12:01:00,30.8
2025-06-12 01:21:00,82.3
2025-06-12 06:43:00,7.6
2025-06-12 03:46:00,86.8
2025-06-12 14:24:00,76.9
2025-06-12 03:11:00,49.3
2025-06-12 09:23:00,36.6
2025-06-12 02:48:00,78.9
2025-06-12 23:12:00,67.4
2025-06-12 21:55:00,77.3
2025-06-12 14:58:00,26.4
2025-06-12 21:04:00,14.0
2025-06-12 21:12:00,32.7
2025-06-12 21:08:00,47.1
2025-06-12 12:23:00,87.6
2025-06-12 14:07:00,67.4
2025-06-12 08:22:00,78.1
2025-06-12 05:48:00,51.6
2025-06-12 08:30:00,37.5
2025-06-12 20:25:00,86.7
2025-06-12 08:56:00,78.2
2025-06-12 23:55:00,86.7
2025-06-12 17:25:00,56.1
2025-06-12 14:08:00,33.4
2025-06-12 23:51:00,55.9
2025-06-12 04:55:00,56.3
2025-06-12 09:31:00,50.3160582227961
2025-06-12 03:08:00,64.5
2025-06-12 21:08:00,84.4
2025-06-12 02:55:00,50.3160582227961
2025-06-12 14:29:00,57.9
2025-06-12 15:56:00,88.5
2025-06-12 19:06:00,51.6
2025-06-12 04:53:00,89.1
2025-06-12 05:57:00,50.3160582227961
2025-06-12 10:13:00,83.9
2025-06-12 19:22:00,50.3160582227961
2025-06-12 10:03:00,40.1
2025-06-12 00:50:00,30.8
2025-06-12 18:11:00,36.4
2025-06-12 06:59:00,42.5
2025-06-12 15:50:00,27.1
2025-06-12 22:17:00,1.0
2025-06-12 12:52:00,74.5
2025-06-12 08:44:00,24.8
2025-06-12 06:44:00,13.8
2025-06-12 09:10:00,99.6
2025-06-12 22:44:00,83.7
2025-06-12 20:56:00,77.9
2025-06-12 14:03:00,72.5
2025-06-12 06:16:00,89.5
2025-06-12 16:27:00,35.7
2025-06-12 08:04:00,21.1
2025-06-12 13:24:00,78.2
2025-06-12 17:41:00,53.7
2025-06-12 17:13:00,78.2
2025-06-12 11:37:00,42.7
2025-06-12 09:53:00,92.3
2025-06-12 18:22:00,20.3
2025-06-12 05:45:00,16.9
2025-06-12 03:49:00,24.1
2025-06-12 18:26:00,35.0
2025-06-12 16:40:00,86.6
2025-06-12 04:00:00,19.1
2025-06-12 21:47:00,75.7
2025-06-12 06:00:00,33.4
2025-06-12 13:41:00,37.7
2025-06-12 18:57:00,23.1
2025-06-12 10:59:00,60.8
2025-06-12 09:11:00,82.2
2025-06-12 16:37:00,53.3
2025-06-12 10:44:00,50.04954009433962
2025-06-12 20:33:00,4.3
2025-06-12 14:43:00,87.4
2025-06-12 16:58:00,5.8
2025-06-12 22:16:00,97.1
2025-06-12 16:48:00,27.4
2025-06-12 16:26:00,21.3
2025-06-12 19:28:00,94.4
2025-06-12 22:59:00,27.4
2025-06-12 14:48:00,50.04954009433962
2025-06-12 03:55:00,11.9
2025-06-12 05:50:00,96.8
2025-06-12 05:15:00,75.6
2025-06-12 07:15:00,82.4
2025-06-12 03:34:00,36.3
2025-06-12 23:07:00,76.4
2025-06-12 22:57:00,30.2
2025-06-12 08:41:00,72.7
2025-06-12 09:52:00,76.6
2025-06-12 09:47:00,50.04954009433962
2025-06-12 02:03:00,94.3
2025-06-12 01:07:00,24.7
2025-06-12 23:05:00,94.6
2025-06-12 23:49:00,75.5
2025-06-12 07:43:00,4.4
2025-06-12 13:28:00,96.8
2025-06-12 01:57:00,50.04954009433962
2025-06-12 08:41:00,8.4
2025-06-12 04:20:00,74.1
2025-06-12 10:01:00,69.7
2025-06-12 14:40:00,14.5
2025-06-12 13:50:00,5.1
2025-06-12 02:09:00,31.9
2025-06-12 15:41:00,15.4
2025-06-12 07:17:00,79.9
2025-06-12 18:11:00,33.9
2025-06-12 18:03:00,49.9
2025-06-12 06:13:00,60.5
2025-06-12 21:53:00,98.9
2025-06-12 18:04:00,42.1
2025-06-12 17:46:00,24.2
2025-06-12 15:55:00,50.04954009433962
2025-06-12 11:16:00,10.6
2025-06-12 02:22:00,61.5
2025-06-12 01:43:00,19.2
2025-06-12 15:38:00,50.04954009433962
2025-06-12 22:27:00,10.3
2025-06-12 17:48:00,66.7
2025-06-12 15:58:00,20.5
2025-06-12 08:07:00,58.6
2025-06-12 09:27:00,14.6
2025-06-12 07:18:00,47.1
2025-06-12 22:35:00,34.0
2025-06-12 14:51:00,79.6
2025-06-12 12:54:00,2.5
2025-06-12 05:50:00,50.04954009433962
2025-06-12 05:30:00,15.8
2025-06-12 15:00:00,68.9
2025-06-12 08:24:00,50.04954009433962
2025-06-12 05:06:00,33.7
2025-06-12 02:42:00,67.1
2025-06-12 03:41:00,50.04954009433962
2025-06-12 03:52:00,38.9
2025-06-12 04:28:00,50.04954009433962
2025-06-12 16:45:00,89.1
2025-06-12 12:21:00,4.9
2025-06-12 05:59:00,97.3
2025-06-12 23:31:00,50.04954009433962
2025-06-12 20:52:00,78.0
2025-06-12 03:47:00,78.2
2025-06-12 04:13:00,90.9
2025-06-12 03:56:00,31.2
2025-06-12 13:43:00,40.6
2025-06-12 12:04:00,45.8
2025-06-12 23:55:00,91.2
2025-06-12 20:04:00,45.1
2025-06-12 07:34:00,92.5
2025-06-12 06:01:00,88.5
2025-06-12 12:03:00,50.04954009433962
2025-06-12 12:21:00,54.8
2025-06-12 21:13:00,16.7
2025-06-12 01:55:00,22.6
2025-06-12 14:19:00,49.0
2025-06-12 05:55:00,54.0
2025-06-12 14:24:00,77.3
2025-06-12 14:31:00,80.7
2025-06-12 16:44:00,55.1
2025-06-12 14:48:00,49.3
2025-06-12 04:10:00,50.04954009433962
2025-06-12 03:56:00,52.4
2025-06-12 19:58:00,53.7
2025-06-12 10:09:00,61.7
2025-06-12 14:08:00,35.6
2025-06-12 22:08:00,55.7
2025-06-12 08:45:00,0.4
2025-06-12 00:46:00,50.6
2025-06-12 22:27:00,42.3
2025-06-12 14:05:00,19.1
2025-06-12 07:31:00,96.9
2025-06-12 23:16:00,82.4
2025-06-12 22:12:00,66.5
2025-06-12 11:03:00,8.0
2025-06-12 05:03:00,98.1
2025-06-12 13:11:00,90.1
2025-06-12 23:20:00,58.1
2025-06-12 00:37:00,9.7
2025-06-12 06:11:00,1.9
2025-06-12 07:14:00,53.5
2025-06-12 01:34:00,94.6
2025-06-12 02:46:00,18.7
2025-06-12 02:36:00,50.04954009433962
2025-06-12 01:46:00,98.5
2025-06-12 10:25:00,50.04954009433962
2025-06-12 04:37:00,36.0
2025-06-12 00:43:00,42.3
2025-06-12 02:14:00,12.5
2025-06-12 00:02:00,29.4
2025-06-12 08:09:00,50.04954009433962
2025-06-12 17:52:00,78.9
2025-06-12 07:56:00,94.3
2025-06-12 00:24:00,86.3
2025-06-12 05:28:00,50.04954009433962
2025-06-12 03:33:00,32.5
2025-06-12 06:04:00,50.04954009433962
2025-06-12 01:20:00,50.04954009433962
2025-06-12 19:55:00,91.7
2025-06-12 13:34:00,38.9
2025-06-12 20:20:00,31.9
2025-06-12 05:17:00,58.6
2025-06-12 07:43:00,50.1
2025-06-12 05:23:00,35.6
2025-06-12 09:30:00,86.7
2025-06-12 16:06:00,1.8
2025-06-12 19:49:00,96.6
2025-06-12 10:23:00,32.5
2025-06-12 11:26:00,77.2
2025-06-12 08:36:00,80.8
2025-06-12 00:31:00,34.6
2025-06-12 23:12:00,47.3
2025-06-12 21:12:00,21.7
2025-06-12 12:53:00,31.7
2025-06-12 08:29:00,24.5
2025-06-12 17:09:00,2.2
2025-06-12 19:21:00,87.5
2025-06-12 01:32:00,19.5
2025-06-12 10:47:00,52.5
2025-06-12 02:38:00,72.3
2025-06-12 23:30:00,9.4
2025-06-12 03:08:00,40.9
2025-06-12 11:06:00,89.6
2025-06-12 16:39:00,34.1
2025-06-12 09:06:00,67.4
2025-06-12 21:50:00,98.2
2025-06-12 03:45:00,60.7
2025-06-12 18:20:00,75.4
2025-06-12 00:41:00,42.8
2025-06-12 07:03:00,56.5
2025-06-12 18:17:00,54.1
2025-06-12 15:40:00,44.0
2025-06-12 07:31:00,84.0
2025-06-12 06:45:00,46.7
2025-06-12 17:59:00,96.2
2025-06-12 01:25:00,97.2
2025-06-12 08:00:00,17.9
2025-06-12 22:51:00,50.04954009433962
2025-06-12 09:40:00,9.7
2025-06-12 21:10:00,97.1
2025-06-12 20:41:00,60.7
2025-06-12 15:11:00,6.4
2025-06-12 22:30:00,58.8
2025-06-12 13:09:00,82.5
2025-06-12 21:44:00,59.0
2025-06-12 04:52:00,70.9
2025-06-12 00:41:00,99.7
2025-06-12 00:48:00,25.1
2025-06-12 07:14:00,46.4
2025-06-12 13:29:00,65.3
2025-06-12 09:16:00,82.7
2025-06-12 12:16:00,21.9
2025-06-12 20:36:00,50.04954009433962
2025-06-12 06:39:00,69.4
2025-06-12 07:48:00,6.6
2025-06-12 15:36:00,91.8
2025-06-12 07:31:00,50.04954009433962
2025-06-12 20:24:00,97.5
2025-06-12 20:18:00,56.4
2025-06-12 04:56:00,80.2
2025-06-12 07:10:00,50.04954009433962
2025-06-12 23:19:00,25.1
2025-06-12 09:58:00,68.1
2025-06-12 07:33:00,36.1
2025-06-12 02:40:00,0.1
2025-06-12 21:42:00,50.04954009433962
2025-06-12 03:48:00,48.5
2025-06-12 10:45:00,32.0
2025-06-12 16:01:00,76.3
2025-06-12 10:15:00,26.1
2025-06-12 11:42:00,98.9
2025-06-12 04:39:00,44.8
2025-06-12 14:03:00,35.9
2025-06-12 03:56:00,50.04954009433962
2025-06-12 11:34:00,15.6
2025-06-12 15:49:00,20.7
2025-06-12 11:34:00,73.2
2025-06-12 23:22:00,50.04954009433962
2025-06-12 19:54:00,50.04954009433962
2025-06-12 08:02:00,64.4
2025-06-12 08:04:00,34.9
2025-06-12 05:20:00,86.0
2025-06-12 17:09:00,50.04954009433962
2025-06-12 09:07:00,19.5
2025-06-12 06:17:00,33.9
2025-06-12 00:15:00,57.7
2025-06-12 21:13:00,8.4
2025-06-12 12:20:00,85.6
2025-06-12 00:14:00,50.04954009433962
2025-06-12 21:19:00,58.4
2025-06-12 17:45:00,50.04954009433962
2025-06-12 21:48:00,31.0
2025-06-12 06:55:00,59.8
2025-06-12 05:28:00,54.9
2025-06-12 06:51:00,57.6
2025-06-12 12:49:00,9.8
2025-06-12 22:57:00,91.0
2025-06-12 07:02:00,65.7
2025-06-12 21:06:00,50.04954009433962
2025-06-12 07:26:00,7.1
2025-06-12 14:37:00,42.6
2025-06-12 09:02:00,84.9
2025-06-12 18:45:00,41.3
2025-06-12 11:54:00,36.1
2025-06-12 10:20:00,77.8
2025-06-12 07:59:00,20.1
2025-06-12 14:42:00,76.4
2025-06-12 07:06:00,34.4
2025-06-12 02:53:00,30.8
2025-06-12 15:07:00,97.5
2025-06-12 04:00:00,82.2
2025-06-12 03:25:00,41.4
2025-06-12 17:48:00,62.5
2025-06-12 09:29:00,83.0
2025-06-12 14:36:00,59.0
2025-06-12 20:09:00,46.4
2025-06-12 22:47:00,18.5
2025-06-12 10:13:00,85.3
2025-06-12 00:53:00,74.8
2025-06-12 18:59:00,42.8
2025-06-12 23:44:00,50.04954009433962
2025-06-12 14:27:00,34.9
2025-06-12 15:24:00,61.7
2025-06-12 15:47:00,50.04954009433962
2025-06-12 16:15:00,61.9
2025-06-12 07:27:00,50.04954009433962
2025-06-12 06:18:00,5.2
2025-06-12 19:41:00,2.4
2025-06-12 07:20:00,30.6
2025-06-12 16:48:00,95.2
2025-06-12 09:28:00,26.9
2025-06-12 05:47:00,50.04954009433962
2025-06-12 13:41:00,2.2
2025-06-12 21:47:00,11.8
2025-06-12 14:23:00,21.3
2025-06-12 06:05:00,32.6
2025-06-12 19:57:00,51.6
2025-06-12 21:51:00,50.04954009433962
2025-06-12 09:05:00,11.0
2025-06-12 08:50:00,50.04954009433962
2025-06-12 02:12:00,39.7
2025-06-12 19:55:00,57.0
2025-06-12 20:58:00,27.4
2025-06-12 19:39:00,26.6
2025-06-12 15:14:00,50.04954009433962
2025-06-12 21:51:00,32.2
2025-06-12 10:02:00,31.8
2025-06-12 05:20:00,7.9
2025-06-12 20:16:00,77.4
2025-06-12 06:39:00,31.1
2025-06-12 02:03:00,18.4
2025-06-12 21:29:00,47.8
2025-06-12 21:37:00,2.1
2025-06-12 03:34:00,28.2
2025-06-12 19:51:00,8.2
2025-06-12 18:29:00,50.04954009433962
2025-06-12 14:30:00,67.7
2025-06-12 03:09:00,20.1
2025-06-12 20:34:00,16.2
2025-06-12 13:42:00,50.04954009433962
2025-06-12 04:22:00,60.6
2025-06-12 03:37:00,54.5
2025-06-12 20:43:00,0.6
2025-06-12 23:42:00,77.6
2025-06-12 19:29:00,50.04954009433962
2025-06-12 00:00:00,26.5
2025-06-12 17:40:00,31.6
2025-06-12 13:35:00,88.8
2025-06-12 20:33:00,17.7
2025-06-12 08:42:00,55.6
2025-06-12 15:36:00,65.8
2025-06-12 16:17:00,73.7
2025-06-12 02:28:00,35.8
2025-06-12 15:53:00,25.5
2025-06-12 00:52:00,23.6
2025-06-12 21:28:00,50.04954009433962
2025-06-12 00:21:00,48.8
2025-06-12 18:15:00,77.7
2025-06-12 08:59:00,78.4
2025-06-12 20:11:00,92.2
2025-06-12 22:15:00,26.9
2025-06-12 01:26:00,85.2
2025-06-12 02:43:00,61.3
2025-06-12 19:58:00,32.9
2025-06-12 19:52:00,6.6
2025-06-12 20:14:00,1.5
2025-06-12 18:40:00,76.0
2025-06-12 01:44:00,7.7
2025-06-12 09:13:00,50.04954009433962
2025-06-12 02:08:00,27.8
2025-06-12 09:48:00,27.2
2025-06-12 20:41:00,4.9
2025-06-12 19:43:00,50.04954009433962
2025-06-12 14:17:00,36.2
2025-06-12 20:20:00,50.04954009433962
2025-06-12 09:02:00,73.9
2025-06-12 04:17:00,4.4
2025-06-12 16:03:00,77.4
2025-06-12 01:18:00,50.06682414078186
2025-06-12 10:44:00,93.5
2025-06-12 10:01:00,20.7
2025-06-12 03:10:00,90.9
2025-06-12 06:40:00,46.4
2025-06-12 21:08:00,68.0
2025-06-12 03:50:00,9.8
2025-06-12 11:39:00,41.7
2025-06-12 02:01:00,50.06682414078186
2025-06-12 07:32:00,72.5
2025-06-12 21:02:00,82.0
2025-06-12 21:29:00,29.5
2025-06-12 07:59:00,61.1
2025-06-12 13:14:00,95.4
2025-06-12 00:30:00,91.8
2025-06-12 15:36:00,50.06682414078186
2025-06-12 02:49:00,50.06682414078186
2025-06-12 02:15:00,12.3
2025-06-12 05:33:00,62.3
2025-06-12 08:36:00,13.4
2025-06-12 19:30:00,22.7
2025-06-12 08:10:00,79.4
2025-06-12 19:32:00,36.6
2025-06-12 22:28:00,66.8
2025-06-12 12:37:00,25.1
2025-06-12 05:14:00,3.4
2025-06-12 14:45:00,50.06682414078186
2025-06-12 11:33:00,87.2
2025-06-12 15:31:00,76.2
2025-06-12 18:02:00,80.2
2025-06-12 04:15:00,35.9
2025-06-12 20:12:00,50.06682414078186
2025-06-12 00:00:00,15.8
2025-06-12 20:37:00,12.0
2025-06-12 04:34:00,94.6
2025-06-12 07:08:00,70.5
2025-06-12 05:51:00,33.0
2025-06-12 08:04:00,80.7
2025-06-12 11:31:00,10.2
2025-06-12 05:53:00,84.7
2025-06-12 07:25:00,40.0
2025-06-12 21:43:00,89.6
2025-06-12 16:00:00,51.9
2025-06-12 01:27:00,64.0
2025-06-12 22:31:00,16.2
2025-06-12 13:15:00,25.7
2025-06-12 14:25:00,82.4
2025-06-12 22:41:00,50.06682414078186
2025-06-12 03:08:00,40.0
2025-06-12 11:34:00,22.4
2025-06-12 06:35:00,62.9
2025-06-12 00:47:00,50.6
2025-06-12 19:58:00,92.1
2025-06-12 14:28:00,68.6
2025-06-12 13:42:00,52.8
2025-06-12 07:15:00,7.5
2025-06-12 19:24:00,82.0
2025-06-12 04:14:00,7.3
2025-06-12 20:08:00,19.9
2025-06-12 19:14:00,48.1
2025-06-12 22:41:00,28.5
2025-06-12 18:52:00,15.6
2025-06-12 02:14:00,95.6
2025-06-12 15:55:00,92.8
2025-06-12 16:39:00,50.06682414078186
2025-06-12 00:01:00,50.06682414078186
2025-06-12 01:06:00,52.7
2025-06-12 03:54:00,38.2
2025-06-12 16:28:00,50.06682414078186
2025-06-12 17:02:00,90.1
2025-06-12 01:51:00,75.5
2025-06-12 13:17:00,39.3
2025-06-12 10:47:00,50.06682414078186
2025-06-12 00:36:00,50.06682414078186
2025-06-12 12:22:00,69.8
2025-06-12 02:58:00,70.2
2025-06-12 01:31:00,19.9
2025-06-12 00:04:00,52.2
2025-06-12 21:07:00,27.8
2025-06-12 09:43:00,79.1
2025-06-12 03:10:00,50.06682414078186
2025-06-12 22:26:00,71.5
2025-06-12 14:09:00,4.0
2025-06-12 20:12:00,93.6
2025-06-12 20:35:00,41.4
2025-06-12 20:26:00,50.06682414078186
2025-06-12 06:45:00,7.2
2025-06-12 05:36:00,18.6
2025-06-12 20:54:00,64.1
2025-06-12 18:55:00,50.2
2025-06-12 00:39:00,15.0
2025-06-12 04:09:00,89.9
2025-06-12 13:56:00,69.5
2025-06-12 12:22:00,44.0
2025-06-12 13:58:00,95.0
2025-06-12 05:42:00,1.2
2025-06-12 13:53:00,46.3
2025-06-12 16:16:00,50.06682414078186
2025-06-12 15:16:00,97.5
2025-06-12 09:38:00,70.5
2025-06-12 10:13:00,10.7
2025-06-12 15:04:00,22.3
2025-06-12 14:17:00,97.4
2025-06-12 08:09:00,70.9
2025-06-12 09:32:00,50.06682414078186
2025-06-12 13:26:00,98.9
2025-06-12 12:50:00,9.8
2025-06-12 04:10:00,22.4
2025-06-12 06:26:00,26.7
2025-06-12 13:32:00,77.9
2025-06-12 00:38:00,1.9
2025-06-12 06:35:00,2.2
2025-06-12 06:18:00,50.06682414078186
2025-06-12 11:30:00,14.1
2025-06-12 19:35:00,47.7
2025-06-12 08:27:00,87.0
2025-06-12 23:30:00,12.9
2025-06-12 07:13:00,7.0
2025-06-12 07:32:00,82.3
2025-06-12 19:17:00,12.1
2025-06-12 03:58:00,64.3
2025-06-12 06:41:00,50.06682414078186
2025-06-12 10:19:00,74.1
2025-06-12 19:47:00,43.5
2025-06-12 11:36:00,47.9
2025-06-12 14:47:00,92.5
2025-06-12 12:22:00,22.6
2025-06-12 11:56:00,80.3
2025-06-12 10:36:00,67.8
2025-06-12 06:33:00,99.1
2025-06-12 16:25:00,10.9
2025-06-12 09:57:00,40.2
2025-06-12 08:20:00,99.3
2025-06-12 01:05:00,19.1
2025-06-12 19:14:00,26.5
2025-06-12 06:15:00,24.9
2025-06-12 16:57:00,31.4
2025-06-12 20:39:00,57.7
2025-06-12 14:44:00,84.5
2025-06-12 07:34:00,50.06682414078186
2025-06-12 02:33:00,76.8
2025-06-12 06:47:00,80.4
2025-06-12 23:49:00,57.5
2025-06-12 22:57:00,50.06682414078186
2025-06-12 22:46:00,39.8
2025-06-12 07:01:00,35.1
2025-06-12 00:24:00,17.8
2025-06-12 12:29:00,63.7
2025-06-12 03:03:00,46.6
2025-06-12 06:29:00,47.9
2025-06-12 10:16:00,22.9
2025-06-12 11:53:00,30.7
2025-06-12 17:03:00,29.8
2025-06-12 06:25:00,88.6
2025-06-12 16:10:00,21.2
2025-06-12 22:55:00,2.5
2025-06-12 07:14:00,43.3
2025-06-12 18:04:00,50.06682414078186
2025-06-12 13:32:00,28.4
2025-06-12 00:31:00,50.06682414078186
2025-06-12 06:32:00,96.3
2025-06-12 00:49:00,50.3
2025-06-12 15:59:00,50.06682414078186
2025-06-12 10:13:00,49.7
2025-06-12 22:06:00,10.5
2025-06-12 13:50:00,30.9
2025-06-12 07:14:00,85.4
2025-06-12 22:57:00,19.0
2025-06-12 04:44:00,6.4
2025-06-12 05:31:00,87.1
2025-06-12 08:58:00,9.9
2025-06-12 03:36:00,70.9
2025-06-12 00:39:00,16.5
2025-06-12 10:42:00,19.6
2025-06-12 09:38:00,50.06682414078186
2025-06-12 17:39:00,96.0
2025-06-12 02:56:00,89.2
2025-06-12 02:10:00,92.6
2025-06-12 17:58:00,14.1
2025-06-12 19:12:00,35.1
2025-06-12 05:53:00,43.0
2025-06-12 03:38:00,60.8
2025-06-12 08:07:00,52.7
2025-06-12 10:13:00,3.6
2025-06-12 13:31:00,78.4
2025-06-12 01:12:00,50.06682414078186
2025-06-12 05:46:00,50.06682414078186
2025-06-12 19:41:00,88.2
2025-06-12 02:40:00,64.7
2025-06-12 01:36:00,30.1
2025-06-12 12:00:00,80.3
2025-06-12 15:44:00,38.8
2025-06-12 03:42:00,28.7
2025-06-12 16:32:00,54.9
2025-06-12 01:46:00,79.1
2025-06-12 18:22:00,5.3
2025-06-12 08:27:00,78.6
2025-06-12 13:30:00,50.06682414078186
2025-06-12 00:35:00,9.2
2025-06-12 00:08:00,64.2
2025-06-12 11:36:00,11.5
2025-06-12 18:14:00,87.3
2025-06-12 01:24:00,39.0
2025-06-12 21:56:00,21.4
2025-06-12 16:59:00,5.0
2025-06-12 20:15:00,6.0
2025-06-12 03:45:00,86.8
2025-06-12 05:32:00,82.9
2025-06-12 11:14:00,27.1
2025-06-12 07:18:00,72.1
2025-06-12 18:46:00,41.7
2025-06-12 23:03:00,47.5
2025-06-12 22:31:00,29.7
2025-06-12 22:18:00,11.9
2025-06-12 12:18:00,50.0
2025-06-12 13:24:00,48.6
2025-06-12 10:39:00,32.4
2025-06-12 06:17:00,71.4
2025-06-12 18:12:00,60.5
2025-06-12 05:10:00,41.8
2025-06-12 00:16:00,4.4
2025-06-12 21:11:00,79.9
2025-06-12 06:08:00,38.7
2025-06-12 00:23:00,93.2
2025-06-12 22:37:00,5.3
2025-06-12 13:29:00,98.2
2025-06-12 15:09:00,92.0
2025-06-12 07:56:00,93.2
2025-06-12 17:45:00,52.9
2025-06-12 10:34:00,65.7
2025-06-12 13:50:00,54.8
2025-06-12 08:45:00,68.9
2025-06-12 20:44:00,14.3
2025-06-12 18:55:00,96.3
2025-06-12 16:54:00,50.06682414078186
2025-06-12 22:47:00,31.8
2025-06-12 09:46:00,50.06682414078186
2025-06-12 04:38:00,84.9
2025-06-12 11:06:00,71.0
2025-06-12 12:32:00,50.06682414078186
2025-06-12 04:44:00,48.2
2025-06-12 16:42:00,78.7
2025-06-12 02:37:00,8.1
2025-06-12 03:21:00,50.06682414078186
2025-06-12 22:46:00,72.3
2025-06-12 01:13:00,58.0
2025-06-12 03:18:00,41.1
2025-06-12 03:29:00,50.06682414078186
2025-06-12 16:45:00,30.3
2025-06-12 05:14:00,50.06682414078186
2025-06-12 00:55:00,29.8
2025-06-12 02:17:00,47.9
2025-06-12 15:30:00,41.1
2025-06-12 15:22:00,50.06682414078186
2025-06-12 13:26:00,56.0
2025-06-12 03:26:00,98.4
2025-06-12 23:29:00,64.6
2025-06-12 19:59:00,50.06682414078186
2025-06-12 09:20:00,77.4
2025-06-12 11:41:00,50.06682414078186
2025-06-12 21:57:00,71.5
2025-06-12 17:17:00,71.9
2025-06-12 11:36:00,17.8
2025-06-12 09:32:00,54.2
2025-06-12 03:50:00,64.5
2025-06-12 10:44:00,34.6
2025-06-12 07:06:00,28.9
2025-06-12 06:20:00,59.4
2025-06-12 15:22:00,50.06682414078186
2025-06-12 14:37:00,50.06682414078186
2025-06-12 08:13:00,21.4
2025-06-12 23:27:00,52.3
2025-06-12 04:47:00,55.9
2025-06-12 00:59:00,92.5
2025-06-12 22:54:00,13.8
2025-06-12 12:35:00,98.9
2025-06-12 21:05:00,50.06682414078186
2025-06-12 10:44:00,8.0
2025-06-12 03:02:00,11.7
2025-06-12 18:27:00,40.1
2025-06-12 18:33:00,56.6
2025-06-12 14:18:00,50.06682414078186
2025-06-12 08:47:00,42.7
2025-06-12 06:51:00,17.1
2025-06-12 15:40:00,81.0
2025-06-12 12:48:00,40.2
2025-06-12 00:46:00,21.1
2025-06-12 04:41:00,90.1
2025-06-12 05:53:00,69.6
2025-06-12 04:48:00,78.9
2025-06-12 03:04:00,60.0
2025-06-12 20:01:00,54.6
2025-06-12 22:05:00,43.9
2025-06-12 05:04:00,4.4
2025-06-12 02:02:00,42.9
2025-06-12 11:35:00,51.6
2025-06-12 08:21:00,32.3
2025-06-12 04:13:00,81.7
2025-06-12 23:41:00,14.0
2025-06-12 18:56:00,72.1
2025-06-12 08:11:00,13.5
2025-06-12 15:54:00,64.7
2025-06-12 14:14:00,52.8
2025-06-12 07:34:00,92.4
2025-06-12 18:40:00,90.8
2025-06-12 21:40:00,76.2
2025-06-12 07:40:00,27.3
2025-06-12 09:25:00,99.6
2025-06-12 00:43:00,95.1
2025-06-12 19:52:00,50.06682414078186
2025-06-12 23:42:00,26.8
2025-06-12 20:20:00,20.0
2025-06-12 09:58:00,4.2
2025-06-12 10:43:00,63.8
2025-06-12 07:06:00,22.2
2025-06-12 03:52:00,55.9
2025-06-12 11:02:00,53.7
2025-06-12 15:55:00,40.7
2025-06-12 00:41:00,40.7
2025-06-12 01:17:00,49.6
2025-06-12 06:43:00,30.2
2025-06-12 09:26:00,1.7
2025-06-12 16:19:00,50.06682414078186
2025-06-12 18:54:00,17.8
2025-06-12 06:31:00,92.7
2025-06-12 21:54:00,85.2
2025-06-12 04:04:00,54.2
2025-06-12 04:09:00,35.0
2025-06-12 07:50:00,23.4
2025-06-12 14:53:00,16.9
2025-06-12 20:30:00,69.2
2025-06-12 03:20:00,49.378098152289034
2025-06-12 15:04:00,39.7
2025-06-12 18:04:00,94.1
2025-06-12 20:58:00,39.6
2025-06-12 12:59:00,45.6
2025-06-12 06:58:00,49.378098152289034
2025-06-12 02:53:00,37.0
2025-06-12 04:42:00,49.378098152289034
2025-06-12 14:16:00,35.5
2025-06-12 10:29:00,49.378098152289034
2025-06-12 01:10:00,41.1
2025-06-12 20:37:00,31.6
2025-06-12 06:11:00,4.2
2025-06-12 21:32:00,39.7
2025-06-12 03:28:00,49.378098152289034
2025-06-12 15:14:00,49.378098152289034
2025-06-12 19:29:00,88.0
2025-06-12 02:59:00,4.3
2025-06-12 15:09:00,49.378098152289034
2025-06-12 20:12:00,81.5
2025-06-12 08:58:00,74.0
2025-06-12 23:24:00,36.6
2025-06-12 23:16:00,49.378098152289034
2025-06-12 20:06:00,46.4
2025-06-12 19:22:00,7.9
2025-06-12 17:20:00,83.8
2025-06-12 05:24:00,38.0
2025-06-12 08:16:00,82.7
2025-06-12 15:18:00,7.0
2025-06-12 09:23:00,21.9
2025-06-12 03:01:00,17.2
2025-06-12 19:00:00,49.378098152289034
2025-06-12 06:27:00,98.9
2025-06-12 02:53:00,95.7
2025-06-12 17:30:00,49.378098152289034
2025-06-12 05:08:00,76.9
2025-06-12 18:13:00,75.0
2025-06-12 04:11:00,49.378098152289034
2025-06-12 11:29:00,18.1
2025-06-12 15:47:00,49.378098152289034
2025-06-12 22:21:00,49.378098152289034
2025-06-12 21:19:00,13.5
2025-06-12 18:54:00,49.378098152289034
2025-06-12 06:19:00,49.378098152289034
2025-06-12 20:29:00,41.3
2025-06-12 03:29:00,53.3
2025-06-12 17:45:00,15.7
2025-06-12 15:22:00,47.6
2025-06-12 03:40:00,23.7
2025-06-12 05:52:00,91.0
2025-06-12 23:52:00,49.378098152289034
2025-06-12 22:16:00,48.7
2025-06-12 08:44:00,74.6
2025-06-12 08:09:00,42.4
2025-06-12 13:03:00,49.378098152289034
2025-06-12 18:23:00,83.3
2025-06-12 22:22:00,49.378098152289034
2025-06-12 20:55:00,49.378098152289034
2025-06-12 18:05:00,18.0
2025-06-12 03:39:00,3.7
2025-06-12 04:15:00,95.9
2025-06-12 08:54:00,43.2
2025-06-12 09:48:00,64.9
2025-06-12 11:35:00,52.2
2025-06-12 07:35:00,79.2
2025-06-12 03:32:00,2.7
2025-06-12 09:18:00,49.378098152289034
2025-06-12 18:40:00,49.378098152289034
2025-06-12 17:03:00,49.378098152289034
2025-06-12 07:36:00,7.4
2025-06-12 04:03:00,81.7
2025-06-12 22:47:00,49.378098152289034
2025-06-12 21:15:00,49.378098152289034
2025-06-12 09:28:00,67.3
2025-06-12 21:24:00,95.8
2025-06-12 00:08:00,62.2
2025-06-12 12:41:00,56.5
2025-06-12 18:59:00,43.8
2025-06-12 01:46:00,62.6
2025-06-12 08:11:00,53.4
2025-06-12 11:26:00,55.8
2025-06-12 10:33:00,33.6
2025-06-12 14:06:00,62.3
2025-06-12 15:31:00,1.1
2025-06-12 14:40:00,45.3
2025-06-12 07:31:00,75.4
2025-06-12 00:20:00,97.3
2025-06-12 03:46:00,85.3
2025-06-12 21:58:00,49.378098152289034
2025-06-12 23:34:00,84.5
2025-06-12 05:15:00,49.378098152289034
2025-06-12 13:53:00,49.378098152289034
2025-06-12 08:51:00,57.7
2025-06-12 04:18:00,49.378098152289034
2025-06-12 16:56:00,49.378098152289034
2025-06-12 21:06:00,68.3
2025-06-12 11:02:00,83.3
2025-06-12 17:59:00,36.4
2025-06-12 23:04:00,8.9
2025-06-12 06:04:00,65.7
2025-06-12 13:49:00,49.378098152289034
2025-06-12 21:09:00,21.1
2025-06-12 21:26:00,62.3
2025-06-12 06:01:00,49.378098152289034
2025-06-12 08:04:00,52.0
2025-06-12 08:36:00,83.4
2025-06-12 05:22:00,22.1
2025-06-12 07:40:00,49.378098152289034
2025-06-12 14:17:00,99.9
2025-06-12 09:59:00,61.9
2025-06-12 03:13:00,38.2
2025-06-12 09:31:00,9.3
2025-06-12 00:24:00,82.5
2025-06-12 04:02:00,75.8
2025-06-12 13:56:00,81.9
2025-06-12 14:13:00,30.7
2025-06-12 19:19:00,17.1
2025-06-12 16:28:00,51.4
2025-06-12 08:34:00,78.3
2025-06-12 05:22:00,37.4
2025-06-12 22:05:00,26.7
2025-06-12 20:08:00,59.8
2025-06-12 14:27:00,75.4
2025-06-12 09:51:00,43.6
2025-06-12 14:52:00,71.3
2025-06-12 20:03:00,49.378098152289034
2025-06-12 23:30:00,71.1
2025-06-12 13:14:00,54.8
2025-06-12 23:04:00,20.8
2025-06-12 00:22:00,23.9
2025-06-12 20:53:00,41.2
2025-06-12 10:43:00,49.378098152289034
2025-06-12 03:39:00,80.2
2025-06-12 22:46:00,18.5
2025-06-12 15:56:00,49.378098152289034
2025-06-12 05:09:00,56.6
2025-06-12 11:36:00,22.3
2025-06-12 23:36:00,37.5
2025-06-12 18:33:00,65.2
2025-06-12 18:35:00,49.378098152289034
2025-06-12 18:04:00,44.0
2025-06-12 22:52:00,90.3
2025-06-12 16:58:00,79.3
2025-06-12 23:27:00,5.1
2025-06-12 14:26:00,68.3
2025-06-12 14:43:00,71.9
2025-06-12 02:49:00,60.0
2025-06-12 00:48:00,83.5
2025-06-12 23:22:00,48.0
2025-06-12 06:21:00,93.8
2025-06-12 10:57:00,45.0
2025-06-12 00:57:00,93.3
2025-06-12 16:21:00,29.0
2025-06-12 11:05:00,41.5
2025-06-12 10:22:00,38.4
2025-06-12 03:30:00,76.6
2025-06-12 15:25:00,74.8
2025-06-12 16:55:00,63.8
2025-06-12 11:24:00,45.2
2025-06-12 07:59:00,49.378098152289034
2025-06-12 07:40:00,43.8
2025-06-12 15:16:00,55.1
2025-06-12 17:56:00,38.2
2025-06-12 14:45:00,82.5
2025-06-12 16:49:00,49.378098152289034
2025-06-12 08:33:00,58.4
2025-06-12 05:34:00,37.9
2025-06-12 04:50:00,53.2
2025-06-12 15:37:00,49.378098152289034
2025-06-12 09:08:00,94.7
2025-06-12 12:06:00,22.3
2025-06-12 05:58:00,23.5
2025-06-12 09:11:00,16.2
2025-06-12 11:34:00,28.6
2025-06-12 04:47:00,43.4
2025-06-12 06:39:00,15.1
2025-06-12 01:14:00,21.9
2025-06-12 03:21:00,33.4
2025-06-12 03:05:00,16.3
2025-06-12 02:18:00,49.8
2025-06-12 10:31:00,79.5
2025-06-12 14:44:00,59.9
2025-06-12 21:35:00,49.378098152289034
2025-06-12 21:29:00,87.3
2025-06-12 18:33:00,59.6
2025-06-12 21:21:00,46.8
2025-06-12 19:37:00,22.6
2025-06-12 20:34:00,0.8
2025-06-12 07:47:00,37.3
2025-06-12 02:56:00,18.6
2025-06-12 05:43:00,60.7
2025-06-12 13:13:00,49.378098152289034
2025-06-12 16:59:00,89.9
2025-06-12 01:30:00,49.378098152289034
2025-06-12 14:49:00,6.3
2025-06-12 15:07:00,19.0
2025-06-12 12:59:00,33.4
2025-06-12 11:22:00,49.378098152289034
2025-06-12 02:29:00,49.378098152289034
2025-06-12 02:00:00,26.6
2025-06-12 19:10:00,0.0
2025-06-12 21:03:00,49.378098152289034
2025-06-12 03:20:00,60.0
2025-06-12 23:21:00,3.2
2025-06-12 07:55:00,39.3
2025-06-12 07:11:00,22.8
2025-06-12 05:48:00,49.378098152289034
2025-06-12 11:41:00,73.7
2025-06-12 12:27:00,19.5
2025-06-12 01:48:00,29.3
2025-06-12 12:35:00,85.5
2025-06-12 10:03:00,57.7
2025-06-12 04:19:00,48.2
2025-06-12 21:23:00,64.1
2025-06-12 07:43:00,32.9
2025-06-12 09:48:00,63.5
2025-06-12 04:47:00,79.6
2025-06-12 00:19:00,29.3
2025-06-12 13:34:00,76.6
2025-06-12 11:11:00,23.9
2025-06-12 06:05:00,63.4
2025-06-12 18:30:00,31.4
2025-06-12 17:23:00,93.2
2025-06-12 03:02:00,54.8
2025-06-12 22:42:00,1.3
2025-06-12 21:07:00,30.8
2025-06-12 01:15:00,40.2
2025-06-12 23:05:00,55.5
2025-06-12 22:32:00,94.6
2025-06-12 17:50:00,23.7
2025-06-12 16:09:00,29.7
2025-06-12 21:08:00,58.3
2025-06-12 02:24:00,55.0
2025-06-12 08:00:00,6.1
2025-06-12 22:05:00,35.8
2025-06-12 02:49:00,55.9
2025-06-12 22:08:00,2.4
2025-06-12 23:46:00,12.3
2025-06-12 12:57:00,22.4
2025-06-12 03:11:00,13.9
2025-06-12 16:38:00,49.378098152289034
2025-06-12 00:11:00,88.2
2025-06-12 00:00:00,58.2
2025-06-12 15:30:00,18.2
2025-06-12 02:05:00,66.9
2025-06-12 23:07:00,94.2
2025-06-12 19:11:00,51.0
2025-06-12 01:11:00,2.4
2025-06-12 11:07:00,83.1
2025-06-12 18:27:00,55.2
2025-06-12 00:40:00,46.5
2025-06-12 00:10:00,29.5
2025-06-12 11:47:00,4.8
2025-06-12 01:17:00,49.378098152289034
2025-06-12 04:13:00,68.7
2025-06-12 03:08:00,71.7
2025-06-12 12:17:00,95.7
2025-06-12 21:19:00,63.0
2025-06-12 16:05:00,34.8
2025-06-12 02:34:00,63.7
2025-06-12 18:27:00,78.5
2025-06-12 00:02:00,96.2
2025-06-12 01:59:00,49.378098152289034
2025-06-12 06:28:00,7.0
2025-06-12 15:29:00,73.8
2025-06-12 14:28:00,75.0
2025-06-12 11:16:00,93.6
2025-06-12 16:42:00,31.0
2025-06-12 02:31:00,83.3
2025-06-12 07:18:00,68.0
2025-06-12 09:30:00,10.5
2025-06-12 06:08:00,49.378098152289034
2025-06-12 20:28:00,91.7
2025-06-12 05:17:00,21.6
2025-06-12 03:59:00,32.7
2025-06-12 22:10:00,24.0
2025-06-12 15:37:00,49.378098152289034
2025-06-12 14:15:00,16.4
2025-06-12 23:58:00,28.6
2025-06-12 14:24:00,1.9
2025-06-12 01:09:00,11.9
2025-06-12 16:58:00,82.8
2025-06-12 11:15:00,49.378098152289034
2025-06-12 08:50:00,24.1
2025-06-12 13:51:00,75.9
2025-06-12 09:12:00,88.1
2025-06-12 21:28:00,35.8
2025-06-12 19:30:00,86.2
2025-06-12 09:09:00,40.9
2025-06-12 01:56:00,87.4
2025-06-12 13:25:00,11.2
2025-06-12 19:59:00,49.378098152289034
2025-06-12 20:42:00,45.5
2025-06-12 11:21:00,13.1
2025-06-12 08:10:00,49.378098152289034
2025-06-12 09:19:00,49.378098152289034
2025-06-12 19:44:00,71.3
2025-06-12 17:01:00,49.378098152289034
2025-06-12 09:03:00,51.7
2025-06-12 04:28:00,9.6
2025-06-12 21:22:00,99.5
2025-06-12 14:14:00,96.8
2025-06-12 09:23:00,66.4
2025-06-12 17:24:00,60.2
2025-06-12 07:33:00,23.0
2025-06-12 03:57:00,98.3
2025-06-12 12:53:00,49.378098152289034
2025-06-12 00:38:00,99.3
2025-06-12 16:14:00,49.378098152289034
2025-06-12 18:34:00,75.7
2025-06-12 04:02:00,62.7
2025-06-12 02:16:00,17.6
2025-06-12 11:43:00,31.0
2025-06-12 20:30:00,57.6
2025-06-12 22:48:00,1.8
2025-06-12 19:23:00,47.1
2025-06-12 15:57:00,49.378098152289034
2025-06-12 16:06:00,16.4
2025-06-12 02:03:00,69.0
2025-06-12 06:25:00,88.7
2025-06-12 11:07:00,18.7
2025-06-12 14:16:00,78.4
2025-06-12 07:42:00,84.7
2025-06-12 05:23:00,11.3
2025-06-12 07:20:00,15.2
2025-06-12 10:27:00,9.8
2025-06-12 15:38:00,95.9
2025-06-12 11:56:00,98.8
2025-06-12 08:00:00,49.86672560113154
2025-06-12 08:51:00,37.7
2025-06-12 01:31:00,11.9
2025-06-12 16:07:00,9.5
2025-06-12 17:33:00,95.0
2025-06-12 23:37:00,25.5
2025-06-12 17:46:00,6.6
2025-06-12 22:54:00,69.0
2025-06-12 19:03:00,35.5
2025-06-12 23:39:00,97.0
2025-06-12 19:03:00,3.6
2025-06-12 00:31:00,49.86672560113154
2025-06-12 00:30:00,57.9
2025-06-12 05:21:00,37.0
2025-06-12 06:25:00,99.7
2025-06-12 23:59:00,83.1
2025-06-12 11:39:00,49.86672560113154
2025-06-12 07:56:00,17.2
2025-06-12 20:19:00,61.5
2025-06-12 16:58:00,11.5
2025-06-12 14:52:00,69.8
2025-06-12 01:23:00,49.86672560113154
2025-06-12 09:51:00,35.6
2025-06-12 13:31:00,49.86672560113154
2025-06-12 17:13:00,79.3
2025-06-12 08:07:00,90.2
2025-06-12 04:21:00,26.4
2025-06-12 07:18:00,22.6
2025-06-12 16:35:00,95.3
2025-06-12 01:46:00,97.3
2025-06-12 12:51:00,49.86672560113154
2025-06-12 23:12:00,49.86672560113154
2025-06-12 07:11:00,2.8
2025-06-12 08:59:00,53.6
2025-06-12 19:07:00,26.9
2025-06-12 07:22:00,35.7
2025-06-12 02:15:00,60.1
2025-06-12 04:52:00,17.3
2025-06-12 14:16:00,49.86672560113154
2025-06-12 08:57:00,71.5
2025-06-12 06:27:00,15.4
2025-06-12 18:23:00,82.0
2025-06-12 05:05:00,7.0
2025-06-12 22:44:00,31.4
2025-06-12 17:05:00,61.5
2025-06-12 23:26:00,90.5
2025-06-12 13:01:00,88.8
2025-06-12 12:07:00,77.9
2025-06-12 09:23:00,49.86672560113154
2025-06-12 22:35:00,95.9
2025-06-12 18:36:00,49.86672560113154
2025-06-12 16:44:00,67.3
2025-06-12 14:16:00,97.1
2025-06-12 18:17:00,49.86672560113154
2025-06-12 14:35:00,3.5
2025-06-12 04:45:00,45.8
2025-06-12 01:58:00,56.5
2025-06-12 06:48:00,49.86672560113154
2025-06-12 20:59:00,15.5
2025-06-12 03:28:00,84.7
2025-06-12 20:02:00,49.86672560113154
2025-06-12 12:32:00,53.5
2025-06-12 11:28:00,49.86672560113154
2025-06-12 00:26:00,62.3
2025-06-12 01:26:00,9.8
2025-06-12 19:41:00,21.2
2025-06-12 22:00:00,82.2
2025-06-12 20:23:00,49.86672560113154
2025-06-12 21:46:00,49.86672560113154
2025-06-12 05:12:00,49.86672560113154
2025-06-12 04:44:00,63.0
2025-06-12 05:36:00,41.6
2025-06-12 11:03:00,33.2
2025-06-12 17:29:00,97.7
2025-06-12 07:00:00,49.86672560113154
2025-06-12 12:52:00,47.5
2025-06-12 20:16:00,41.8
2025-06-12 05:12:00,49.86672560113154
2025-06-12 06:10:00,54.7
2025-06-12 02:13:00,49.86672560113154
2025-06-12 17:31:00,13.1
2025-06-12 21:37:00,10.9
2025-06-12 16:32:00,46.1
2025-06-12 06:16:00,68.8
2025-06-12 04:50:00,34.6
2025-06-12 22:13:00,86.4
2025-06-12 02:36:00,70.3
2025-06-12 08:00:00,30.4
2025-06-12 13:41:00,8.7
2025-06-12 19:54:00,63.5
2025-06-12 08:06:00,57.9
2025-06-12 04:35:00,15.7
2025-06-12 15:06:00,49.86672560113154
2025-06-12 17:07:00,13.3
2025-06-12 17:20:00,49.86672560113154
2025-06-12 09:49:00,2.7
2025-06-12 05:08:00,58.3
2025-06-12 18:26:00,11.8
2025-06-12 19:11:00,49.86672560113154
2025-06-12 08:46:00,97.1
2025-06-12 23:11:00,49.86672560113154
2025-06-12 16:16:00,38.5
2025-06-12 18:09:00,50.6
2025-06-12 09:41:00,37.3
2025-06-12 16:32:00,54.7
2025-06-12 10:28:00,49.86672560113154
2025-06-12 21:19:00,9.3
2025-06-12 15:42:00,2.9
2025-06-12 04:18:00,4.4
2025-06-12 23:41:00,17.2
2025-06-12 00:32:00,36.8
2025-06-12 11:14:00,6.7
2025-06-12 16:01:00,57.0
2025-06-12 08:43:00,10.5
2025-06-12 01:04:00,0.9
2025-06-12 13:09:00,12.4
2025-06-12 00:51:00,14.9
2025-06-12 03:01:00,61.2
2025-06-12 13:26:00,52.0
2025-06-12 19:04:00,15.3
2025-06-12 18:46:00,45.0
2025-06-12 05:13:00,51.4
2025-06-12 23:58:00,50.8
2025-06-12 17:57:00,77.4
2025-06-12 07:30:00,49.86672560113154
2025-06-12 20:18:00,49.86672560113154
2025-06-12 16:09:00,14.2
2025-06-12 13:15:00,81.5
2025-06-12 11:06:00,77.6
2025-06-12 22:25:00,88.5
2025-06-12 11:13:00,47.7
2025-06-12 18:11:00,18.0
2025-06-12 23:22:00,88.3
2025-06-12 00:18:00,98.4
2025-06-12 12:44:00,83.8
2025-06-12 10:13:00,20.3
2025-06-12 17:06:00,25.0
2025-06-12 21:29:00,40.4
2025-06-12 04:05:00,3.9
2025-06-12 21:15:00,81.5
2025-06-12 07:21:00,61.3
2025-06-12 19:51:00,49.86672560113154
2025-06-12 11:42:00,98.6
2025-06-12 02:38:00,57.8
2025-06-12 18:45:00,18.7
2025-06-12 03:56:00,49.4
2025-06-12 23:25:00,99.4
2025-06-12 03:44:00,28.4
2025-06-12 02:52:00,7.1
2025-06-12 05:38:00,82.4
2025-06-12 08:35:00,31.8
2025-06-12 01:14:00,49.86672560113154
2025-06-12 20:10:00,94.0
2025-06-12 04:17:00,19.5
2025-06-12 11:51:00,85.1
2025-06-12 07:27:00,11.6
2025-06-12 13:53:00,24.4
2025-06-12 17:00:00,11.2
2025-06-12 18:12:00,16.8
2025-06-12 01:57:00,75.0
2025-06-12 15:15:00,42.0
2025-06-12 04:19:00,65.1
2025-06-12 10:41:00,70.2
2025-06-12 02:38:00,34.6
2025-06-12 18:50:00,11.6
2025-06-12 11:09:00,72.9
2025-06-12 21:56:00,57.3
2025-06-12 15:33:00,91.5
2025-06-12 01:54:00,97.5
2025-06-12 13:56:00,31.3
2025-06-12 05:00:00,43.4
2025-06-12 08:32:00,89.6
2025-06-12 08:01:00,65.5
2025-06-12 00:22:00,49.86672560113154
2025-06-12 02:36:00,75.9
2025-06-12 23:53:00,97.9
2025-06-12 20:38:00,18.7
2025-06-12 16:25:00,99.0
2025-06-12 01:00:00,49.86672560113154
2025-06-12 17:20:00,80.7
2025-06-12 14:20:00,47.1
2025-06-12 16:55:00,59.4
2025-06-12 01:28:00,92.3
2025-06-12 11:34:00,63.5
2025-06-12 19:54:00,49.86672560113154
2025-06-12 07:26:00,92.9
2025-06-12 18:49:00,49.86672560113154
2025-06-12 12:53:00,53.9
2025-06-12 15:58:00,77.5
2025-06-12 05:06:00,56.3
2025-06-12 14:19:00,25.4
2025-06-12 16:49:00,30.7
2025-06-12 03:56:00,44.6
2025-06-12 20:23:00,61.7
2025-06-12 08:44:00,85.5
2025-06-12 22:43:00,67.9
2025-06-12 02:39:00,92.7
2025-06-12 15:11:00,61.8
2025-06-12 18:43:00,44.4
2025-06-12 12:36:00,63.7
2025-06-12 01:59:00,72.5
2025-06-12 01:39:00,25.7
2025-06-12 07:06:00,71.8
2025-06-12 12:42:00,60.3
2025-06-12 07:56:00,52.4
2025-06-12 10:07:00,40.8
2025-06-12 00:55:00,49.86672560113154
2025-06-12 13:35:00,73.0
2025-06-12 04:47:00,82.1
2025-06-12 11:39:00,16.7
2025-06-12 05:25:00,89.0
2025-06-12 07:16:00,22.6
2025-06-12 20:47:00,37.8
2025-06-12 21:38:00,46.9
2025-06-12 08:34:00,36.0
2025-06-12 10:10:00,77.3
2025-06-12 18:44:00,52.7
2025-06-12 05:04:00,14.4
2025-06-12 04:30:00,33.9
2025-06-12 01:44:00,49.86672560113154
2025-06-12 09:35:00,19.5
2025-06-12 12:43:00,11.3
2025-06-12 22:31:00,49.86672560113154
2025-06-12 22:14:00,8.8
2025-06-12 14:41:00,49.86672560113154
2025-06-12 00:18:00,65.1
2025-06-12 10:23:00,44.6
2025-06-12 20:35:00,50.9
2025-06-12 13:27:00,64.7
2025-06-12 07:31:00,77.8
2025-06-12 05:51:00,40.2
2025-06-12 05:04:00,36.6
2025-06-12 06:39:00,49.86672560113154
2025-06-12 05:02:00,98.3
2025-06-12 22:00:00,88.3
2025-06-12 14:53:00,7.8
2025-06-12 01:22:00,47.3
2025-06-12 09:33:00,20.2
2025-06-12 18:22:00,14.5
2025-06-12 09:13:00,59.3
2025-06-12 04:30:00,7.1
2025-06-12 05:40:00,81.5
2025-06-12 17:26:00,63.6
2025-06-12 03:26:00,0.3
2025-06-12 19:06:00,53.5
2025-06-12 04:36:00,31.7
2025-06-12 03:29:00,49.86672560113154
2025-06-12 19:02:00,49.86672560113154
2025-06-12 01:37:00,1.5
2025-06-12 01:27:00,76.6
2025-06-12 23:32:00,43.0
2025-06-12 04:45:00,7.7
2025-06-12 06:14:00,18.1
2025-06-12 08:35:00,16.7
2025-06-12 17:23:00,49.86672560113154
2025-06-12 01:07:00,95.1
2025-06-12 20:24:00,49.86672560113154
2025-06-12 08:36:00,57.1
2025-06-12 12:50:00,49.86672560113154
2025-06-12 14:04:00,9.1
2025-06-12 16:24:00,49.86672560113154
2025-06-12 22:54:00,49.86672560113154
2025-06-12 20:00:00,43.2
2025-06-12 03:06:00,87.6
2025-06-12 11:00:00,15.6
2025-06-12 20:18:00,51.4
2025-06-12 18:59:00,13.5
2025-06-12 05:49:00,91.1
2025-06-12 20:37:00,49.86672560113154
2025-06-12 20:05:00,32.6
2025-06-12 19:49:00,18.1
2025-06-12 10:15:00,92.4
2025-06-12 14:54:00,13.4
2025-06-12 04:09:00,6.6
2025-06-12 09:08:00,15.0
2025-06-12 13:28:00,76.6
2025-06-12 14:13:00,29.5
2025-06-12 23:45:00,91.1
2025-06-12 05:53:00,52.1
2025-06-12 01:25:00,9.2
2025-06-12 06:04:00,41.6
2025-06-12 06:21:00,81.0
2025-06-12 17:24:00,62.4
2025-06-12 10:29:00,49.2
2025-06-12 06:29:00,76.6
2025-06-12 23:58:00,50.9
2025-06-12 16:04:00,37.1
2025-06-12 16:02:00,92.0
2025-06-12 08:17:00,73.9
2025-06-12 01:05:00,64.8
2025-06-12 10:01:00,64.4
2025-06-12 06:01:00,49.86672560113154
2025-06-12 00:34:00,11.1
2025-06-12 11:16:00,49.86672560113154
2025-06-12 05:27:00,69.7
2025-06-12 18:31:00,11.2
2025-06-12 07:54:00,37.4
2025-06-12 00:59:00,40.5
2025-06-12 05:00:00,76.4
2025-06-12 01:39:00,97.0
2025-06-12 09:14:00,25.8
2025-06-12 21:04:00,49.86672560113154
2025-06-12 15:21:00,57.2
2025-06-12 13:02:00,11.6
2025-06-12 18:44:00,66.5
2025-06-12 11:34:00,92.8
2025-06-12 11:55:00,70.1
2025-06-12 18:29:00,18.1
2025-06-12 04:31:00,9.2
2025-06-12 03:47:00,28.5
2025-06-12 07:44:00,49.86672560113154
2025-06-12 23:55:00,42.6
2025-06-12 07:57:00,49.86672560113154
2025-06-12 00:07:00,31.2
2025-06-12 16:35:00,96.8
2025-06-12 23:08:00,11.8
2025-06-12 10:33:00,71.4
2025-06-12 18:03:00,21.2
2025-06-12 21:30:00,56.1
2025-06-12 05:34:00,49.86672560113154
2025-06-12 11:28:00,68.8
2025-06-12 12:37:00,49.86672560113154
2025-06-12 03:48:00,2.0
2025-06-12 23:51:00,42.9
2025-06-12 11:13:00,57.6
2025-06-12 17:48:00,2.7
2025-06-12 08:15:00,66.1
2025-06-12 16:58:00,66.6
2025-06-12 06:52:00,60.6
2025-06-12 14:41:00,63.2
2025-06-12 19:37:00,21.0
2025-06-12 08:07:00,49.86672560113154
2025-06-12 16:26:00,31.3
2025-06-12 00:37:00,41.3
2025-06-12 19:31:00,65.1
2025-06-12 12:48:00,50.613932505273034
2025-06-12 07:08:00,0.8
2025-06-12 10:33:00,92.6
2025-06-12 18:20:00,97.6
2025-06-12 03:01:00,41.4
2025-06-12 19:01:00,66.2
2025-06-12 04:56:00,93.5
2025-06-12 11:53:00,85.9
2025-06-12 13:54:00,32.2
2025-06-12 01:54:00,75.3
2025-06-12 05:52:00,57.2
2025-06-12 06:56:00,88.1
2025-06-12 22:06:00,5.1
2025-06-12 06:38:00,82.3
2025-06-12 13:28:00,5.5
2025-06-12 20:35:00,89.3
2025-06-12 13:51:00,50.613932505273034
2025-06-12 11:21:00,68.4
2025-06-12 22:16:00,50.613932505273034
2025-06-12 01:12:00,16.2
2025-06-12 17:04:00,41.4
2025-06-12 01:13:00,3.4
2025-06-12 21:15:00,50.613932505273034
2025-06-12 14:23:00,47.7
2025-06-12 13:50:00,4.6
2025-06-12 06:57:00,1.3
2025-06-12 17:12:00,68.7
2025-06-12 06:12:00,50.613932505273034
2025-06-12 11:13:00,89.9
2025-06-12 16:45:00,96.9
2025-06-12 21:44:00,69.5
2025-06-12 18:00:00,96.7
2025-06-12 12:36:00,50.613932505273034
2025-06-12 19:27:00,39.2
2025-06-12 02:04:00,0.4
2025-06-12 05:41:00,39.0
2025-06-12 13:22:00,13.2
2025-06-12 08:44:00,44.2
2025-06-12 03:28:00,18.5
2025-06-12 00:34:00,27.2
2025-06-12 15:52:00,61.5
2025-06-12 15:05:00,59.4
2025-06-12 02:55:00,17.6
2025-06-12 03:38:00,14.7
2025-06-12 09:26:00,49.1
2025-06-12 11:14:00,36.7
2025-06-12 05:56:00,62.3
2025-06-12 17:05:00,54.6
2025-06-12 13:00:00,19.7
2025-06-12 17:50:00,91.7
2025-06-12 10:55:00,18.8
2025-06-12 09:21:00,87.1
2025-06-12 23:26:00,39.0
2025-06-12 13:35:00,43.8
2025-06-12 11:45:00,0.4
2025-06-12 04:45:00,50.613932505273034
2025-06-12 13:42:00,50.613932505273034
2025-06-12 01:57:00,99.6
2025-06-12 21:09:00,59.7
2025-06-12 14:27:00,32.2
2025-06-12 14:49:00,50.613932505273034
2025-06-12 14:04:00,94.6
2025-06-12 07:10:00,52.1
2025-06-12 00:32:00,77.0
2025-06-12 07:16:00,70.5
2025-06-12 02:43:00,2.8
2025-06-12 13:56:00,47.0
2025-06-12 15:54:00,75.4
2025-06-12 23:53:00,76.7
2025-06-12 11:52:00,47.3
2025-06-12 07:20:00,94.2
2025-06-12 14:19:00,14.8
2025-06-12 09:09:00,7.2
2025-06-12 09:41:00,6.0
2025-06-12 15:23:00,68.7
2025-06-12 14:29:00,7.4
2025-06-12 13:32:00,4.1
2025-06-12 12:32:00,27.2
2025-06-12 15:59:00,82.8
2025-06-12 06:34:00,68.3
2025-06-12 17:02:00,39.6
2025-06-12 18:22:00,10.6
2025-06-12 11:42:00,56.4
2025-06-12 01:02:00,59.7
2025-06-12 15:51:00,50.613932505273034
2025-06-12 06:24:00,5.6
2025-06-12 06:01:00,42.1
2025-06-12 21:01:00,17.8
2025-06-12 02:10:00,60.8
2025-06-12 14:38:00,50.613932505273034
2025-06-12 03:33:00,88.0
2025-06-12 17:20:00,67.5
2025-06-12 22:02:00,28.9
2025-06-12 18:23:00,95.7
2025-06-12 06:49:00,32.0
2025-06-12 06:11:00,50.613932505273034
2025-06-12 03:21:00,13.6
2025-06-12 00:58:00,26.8
2025-06-12 14:42:00,24.5
2025-06-12 12:18:00,31.8
2025-06-12 18:33:00,13.9
2025-06-12 11:15:00,35.8
2025-06-12 16:39:00,64.2
2025-06-12 03:34:00,44.5
2025-06-12 14:20:00,9.4
2025-06-12 05:39:00,46.4
2025-06-12 05:54:00,93.7
2025-06-12 08:16:00,44.6
2025-06-12 08:30:00,85.4
2025-06-12 00:12:00,50.613932505273034
2025-06-12 10:13:00,89.9
2025-06-12 07:31:00,52.8
2025-06-12 04:34:00,15.0
2025-06-12 09:37:00,38.6
2025-06-12 18:07:00,45.7
2025-06-12 20:57:00,81.9
2025-06-12 09:17:00,39.9
2025-06-12 02:10:00,13.0
2025-06-12 08:10:00,2.6
2025-06-12 21:18:00,72.6
2025-06-12 18:42:00,64.1
2025-06-12 01:00:00,78.3
2025-06-12 03:48:00,33.6
2025-06-12 13:02:00,36.9
2025-06-12 12:00:00,51.7
2025-06-12 00:58:00,60.0
2025-06-12 11:31:00,18.5
2025-06-12 23:15:00,42.6
2025-06-12 18:28:00,25.8
2025-06-12 20:19:00,50.613932505273034
2025-06-12 13:07:00,94.4
2025-06-12 04:41:00,97.3
2025-06-12 09:18:00,91.0
2025-06-12 13:02:00,64.2
2025-06-12 19:33:00,50.613932505273034
2025-06-12 05:19:00,31.0
2025-06-12 00:01:00,2.0
2025-06-12 05:47:00,42.2
2025-06-12 14:41:00,10.8
2025-06-12 19:16:00,50.613932505273034
2025-06-12 23:42:00,35.5
2025-06-12 06:10:00,28.1
2025-06-12 15:32:00,50.613932505273034
2025-06-12 14:27:00,63.2
2025-06-12 03:07:00,20.7
2025-06-12 22:32:00,34.5
2025-06-12 08:03:00,50.613932505273034
2025-06-12 10:35:00,25.8
2025-06-12 20:57:00,37.1
2025-06-12 18:25:00,50.613932505273034
2025-06-12 15:34:00,50.613932505273034
2025-06-12 05:18:00,50.613932505273034
2025-06-12 22:06:00,36.6
2025-06-12 20:37:00,85.0
2025-06-12 12:11:00,50.613932505273034
2025-06-12 18:43:00,50.613932505273034
2025-06-12 19:36:00,50.613932505273034
2025-06-12 02:01:00,18.8
2025-06-12 13:44:00,50.613932505273034
2025-06-12 22:35:00,42.0
2025-06-12 12:08:00,54.9
2025-06-12 22:10:00,57.3
2025-06-12 12:54:00,54.7
2025-06-12 05:25:00,80.7
2025-06-12 15:08:00,75.3
2025-06-12 15:49:00,53.9
2025-06-12 09:07:00,99.8
2025-06-12 19:54:00,47.4
2025-06-12 04:16:00,39.6
2025-06-12 01:42:00,74.0
2025-06-12 00:58:00,94.5
2025-06-12 06:28:00,89.8
2025-06-12 22:15:00,5.3
2025-06-12 05:56:00,37.6
2025-06-12 13:33:00,83.8
2025-06-12 22:24:00,50.9
2025-06-12 23:41:00,41.7
2025-06-12 11:06:00,28.0
2025-06-12 04:39:00,50.613932505273034
2025-06-12 18:25:00,20.0
2025-06-12 22:12:00,52.7
2025-06-12 06:42:00,23.9
2025-06-12 18:00:00,48.0
2025-06-12 01:15:00,96.6
2025-06-12 19:18:00,24.7
2025-06-12 00:05:00,87.8
2025-06-12 16:05:00,32.3
2025-06-12 23:22:00,50.5
2025-06-12 03:33:00,100.0
2025-06-12 02:40:00,81.1
2025-06-12 23:30:00,50.613932505273034
2025-06-12 19:30:00,37.2
2025-06-12 00:41:00,52.3
2025-06-12 01:22:00,4.1
2025-06-12 20:48:00,50.613932505273034
2025-06-12 06:58:00,44.1
2025-06-12 08:51:00,5.4
2025-06-12 10:20:00,50.613932505273034
2025-06-12 10:13:00,31.8
2025-06-12 04:01:00,72.4
2025-06-12 05:22:00,4.7
2025-06-12 06:45:00,41.7
2025-06-12 14:57:00,28.7
2025-06-12 08:16:00,99.0
2025-06-12 20:46:00,3.1
2025-06-12 22:31:00,50.613932505273034
2025-06-12 01:57:00,12.3
2025-06-12 04:04:00,85.3
2025-06-12 04:21:00,98.9
2025-06-12 12:01:00,50.613932505273034
2025-06-12 20:54:00,68.8
2025-06-12 16:38:00,16.6
2025-06-12 12:55:00,50.613932505273034
2025-06-12 16:17:00,42.7
2025-06-12 13:17:00,50.613932505273034
2025-06-12 06:57:00,82.4
2025-06-12 17:56:00,72.9
2025-06-12 11:16:00,93.4
2025-06-12 18:28:00,77.8
2025-06-12 12:54:00,69.6
2025-06-12 23:48:00,64.6
2025-06-12 22:10:00,50.613932505273034
2025-06-12 19:50:00,87.4
2025-06-12 19:30:00,26.2
2025-06-12 14:30:00,63.2
2025-06-12 14:50:00,20.4
2025-06-12 03:31:00,56.3
2025-06-12 18:07:00,50.613932505273034
2025-06-12 02:16:00,50.613932505273034
2025-06-12 19:44:00,68.7
2025-06-12 21:15:00,93.9
2025-06-12 19:53:00,60.7
2025-06-12 22:34:00,89.2
2025-06-12 11:29:00,50.613932505273034
2025-06-12 03:54:00,1.3
2025-06-12 17:08:00,19.9
2025-06-12 00:06:00,44.6
2025-06-12 09:37:00,6.5
2025-06-12 09:31:00,83.1
2025-06-12 23:02:00,85.8
2025-06-12 22:01:00,89.4
2025-06-12 17:03:00,82.5
2025-06-12 00:57:00,23.1
2025-06-12 01:48:00,99.7
2025-06-12 08:06:00,10.6
2025-06-12 04:04:00,25.0
2025-06-12 07:46:00,13.3
2025-06-12 00:47:00,19.7
2025-06-12 02:29:00,58.7
2025-06-12 08:20:00,50.613932505273034
2025-06-12 01:16:00,50.613932505273034
2025-06-12 21:02:00,93.5
2025-06-12 22:07:00,50.613932505273034
2025-06-12 18:04:00,99.1
2025-06-12 05:22:00,35.7
2025-06-12 23:06:00,64.3
2025-06-12 02:32:00,24.6
2025-06-12 14:37:00,41.2
2025-06-12 09:53:00,78.6
2025-06-12 04:48:00,68.3
2025-06-12 04:07:00,36.7
2025-06-12 16:41:00,70.1
2025-06-12 19:24:00,34.0
2025-06-12 20:05:00,80.9
2025-06-12 12:39:00,47.8
2025-06-12 01:14:00,95.0
2025-06-12 05:38:00,37.4
2025-06-12 20:01:00,50.613932505273034
2025-06-12 03:54:00,58.4
2025-06-12 01:14:00,78.2
2025-06-12 04:39:00,19.5
2025-06-12 20:54:00,0.5
2025-06-12 11:54:00,25.0
2025-06-12 14:20:00,9.7
2025-06-12 21:34:00,59.7
2025-06-12 16:58:00,9.8
2025-06-12 11:13:00,50.613932505273034
2025-06-12 09:03:00,98.9
2025-06-12 12:48:00,16.8
2025-06-12 05:52:00,53.1
2025-06-12 07:30:00,50.613932505273034
2025-06-12 21:02:00,50.613932505273034
2025-06-12 12:42:00,58.7
2025-06-12 16:54:00,66.9
2025-06-12 08:18:00,88.1
2025-06-12 03:05:00,11.9
2025-06-12 05:54:00,76.1
2025-06-12 12:36:00,6.3
2025-06-12 00:38:00,19.2
2025-06-12 05:24:00,94.3
2025-06-12 21:51:00,8.0
2025-06-12 23:13:00,59.0
2025-06-12 00:30:00,50.613932505273034
2025-06-12 22:00:00,34.2
2025-06-12 01:48:00,57.8
2025-06-12 02:54:00,59.3
2025-06-12 22:31:00,50.613932505273034
2025-06-12 21:04:00,4.1
2025-06-12 10:47:00,83.0
2025-06-12 21:52:00,63.2
2025-06-12 09:12:00,52.0
2025-06-12 03:45:00,44.6
2025-06-12 04:14:00,79.6
2025-06-12 18:29:00,12.0
2025-06-12 09:40:00,89.9
2025-06-12 07:09:00,28.2
2025-06-12 20:47:00,61.2
2025-06-12 02:22:00,45.8
2025-06-12 03:04:00,87.1
2025-06-12 15:02:00,53.6
2025-06-12 10:32:00,29.5
2025-06-12 01:32:00,73.1
2025-06-12 12:50:00,50.613932505273034
2025-06-12 15:17:00,23.2
2025-06-12 11:40:00,50.613932505273034
2025-06-12 15:56:00,71.6
2025-06-12 05:04:00,9.7
2025-06-12 07:34:00,50.3
2025-06-12 21:12:00,28.8
2025-06-12 22:47:00,50.613932505273034
2025-06-12 12:42:00,55.7
2025-06-12 20:10:00,18.1
2025-06-12 17:41:00,37.3
2025-06-12 06:43:00,87.4
2025-06-12 08:51:00,19.0
2025-06-12 03:51:00,36.7
2025-06-12 09:26:00,50.613932505273034
2025-06-12 09:06:00,98.4
2025-06-12 16:06:00,34.4
2025-06-12 08:07:00,33.9
2025-06-12 22:03:00,30.5
2025-06-12 17:18:00,24.6
2025-06-12 20:44:00,37.0
2025-06-12 05:24:00,54.8
2025-06-12 07:56:00,56.7
2025-06-12 00:30:00,89.4
2025-06-12 03:43:00,39.0
2025-06-12 10:57:00,50.613932505273034
2025-06-12 13:52:00,35.1
2025-06-12 18:47:00,79.1
2025-06-12 04:25:00,90.9
2025-06-12 23:20:00,77.1
2025-06-12 01:17:00,56.9
2025-06-12 22:56:00,81.4
2025-06-12 08:39:00,88.5
2025-06-12 15:24:00,12.3
2025-06-12 18:31:00,41.3
2025-06-12 11:26:00,0.9
2025-06-12 05:07:00,5.1
2025-06-12 08:41:00,18.0
2025-06-12 10:25:00,96.3
2025-06-12 16:40:00,39.7
2025-06-12 07:10:00,35.8
2025-06-12 21:59:00,52.6
2025-06-12 16:09:00,50.17195767195767
2025-06-12 01:36:00,18.6
2025-06-12 16:31:00,13.0
2025-06-12 14:24:00,18.5
2025-06-12 15:01:00,49.0
2025-06-12 10:18:00,14.9
2025-06-12 12:15:00,45.6
2025-06-12 19:25:00,41.4
2025-06-12 04:39:00,33.3
2025-06-12 16:12:00,50.17195767195767
2025-06-12 12:05:00,2.6
2025-06-12 14:54:00,67.5
2025-06-12 16:30:00,83.6
2025-06-12 05:00:00,30.2
2025-06-12 06:15:00,23.3
2025-06-12 01:54:00,71.2
2025-06-12 05:13:00,11.2
2025-06-12 16:25:00,50.17195767195767
2025-06-12 05:42:00,76.5
2025-06-12 04:45:00,57.4
2025-06-12 17:49:00,50.4
2025-06-12 07:29:00,0.1
2025-06-12 05:44:00,6.2
2025-06-12 10:45:00,76.3
2025-06-12 09:03:00,4.3
2025-06-12 07:48:00,50.17195767195767
2025-06-12 07:51:00,86.9
2025-06-12 12:14:00,50.17195767195767
2025-06-12 13:44:00,50.17195767195767
2025-06-12 19:57:00,42.5
2025-06-12 07:19:00,50.17195767195767
2025-06-12 06:20:00,44.9
2025-06-12 14:15:00,36.2
2025-06-12 13:00:00,54.9
2025-06-12 11:54:00,59.1
2025-06-12 08:30:00,50.17195767195767
2025-06-12 00:40:00,62.7
2025-06-12 13:04:00,47.8
2025-06-12 15:33:00,50.17195767195767
2025-06-12 15:17:00,55.1
2025-06-12 13:36:00,34.4
2025-06-12 03:48:00,68.6
2025-06-12 15:53:00,62.0
2025-06-12 07:38:00,93.1
2025-06-12 01:30:00,3.3
2025-06-12 11:10:00,67.9
2025-06-12 02:49:00,50.17195767195767
2025-06-12 16:00:00,65.0
2025-06-12 06:56:00,25.7
2025-06-12 19:33:00,24.7
2025-06-12 00:26:00,49.7
2025-06-12 16:54:00,67.0
2025-06-12 18:11:00,59.1
2025-06-12 21:20:00,67.2
2025-06-12 01:31:00,31.2
2025-06-12 08:55:00,58.4
2025-06-12 14:31:00,4.2
2025-06-12 03:30:00,50.17195767195767
2025-06-12 21:51:00,50.17195767195767
2025-06-12 10:06:00,46.9
2025-06-12 01:09:00,90.9
2025-06-12 06:44:00,42.8
2025-06-12 06:35:00,63.5
2025-06-12 03:20:00,28.1
2025-06-12 06:30:00,50.17195767195767
2025-06-12 19:56:00,6.5
2025-06-12 12:12:00,81.9
2025-06-12 16:01:00,50.17195767195767
2025-06-12 04:55:00,25.7
2025-06-12 13:10:00,97.5
2025-06-12 04:50:00,29.7
2025-06-12 06:18:00,30.3
2025-06-12 19:47:00,50.17195767195767
2025-06-12 03:47:00,50.17195767195767
2025-06-12 21:42:00,40.8
2025-06-12 15:14:00,53.6
2025-06-12 01:11:00,89.1
2025-06-12 07:30:00,82.6
2025-06-12 05:26:00,28.5
2025-06-12 00:10:00,50.17195767195767
2025-06-12 22:18:00,62.9
2025-06-12 03:39:00,18.4
2025-06-12 10:56:00,19.7
2025-06-12 22:39:00,50.17195767195767
2025-06-12 15:16:00,13.7
2025-06-12 07:07:00,50.17195767195767
2025-06-12 05:17:00,96.3
2025-06-12 22:30:00,50.17195767195767
2025-06-12 20:27:00,61.1
2025-06-12 23:18:00,37.3
2025-06-12 08:11:00,62.6
2025-06-12 02:35:00,50.17195767195767
2025-06-12 17:16:00,68.8
2025-06-12 13:57:00,50.7
2025-06-12 13:01:00,63.0
2025-06-12 18:48:00,56.6
2025-06-12 13:37:00,76.4
2025-06-12 21:33:00,67.9
2025-06-12 01:16:00,77.6
2025-06-12 07:48:00,51.3
2025-06-12 08:07:00,32.5
2025-06-12 23:33:00,50.17195767195767
2025-06-12 13:55:00,31.6
2025-06-12 14:21:00,57.0
2025-06-12 07:35:00,72.0
2025-06-12 07:50:00,82.1
2025-06-12 08:35:00,97.7
2025-06-12 08:26:00,50.17195767195767
2025-06-12 19:01:00,46.6
2025-06-12 14:20:00,20.6
2025-06-12 02:21:00,47.8
2025-06-12 10:36:00,21.5
2025-06-12 08:35:00,0.9
2025-06-12 00:56:00,7.2
2025-06-12 10:32:00,81.4
2025-06-12 05:45:00,50.17195767195767
2025-06-12 03:32:00,90.3
2025-06-12 21:10:00,38.4
2025-06-12 10:24:00,50.17195767195767
2025-06-12 06:55:00,50.17195767195767
2025-06-12 13:39:00,34.2
2025-06-12 19:47:00,76.5
2025-06-12 04:14:00,50.17195767195767
2025-06-12 00:39:00,22.3
2025-06-12 20:49:00,90.8
2025-06-12 12:42:00,5.9
2025-06-12 11:49:00,73.6
2025-06-12 15:01:00,40.6
2025-06-12 04:26:00,50.17195767195767
2025-06-12 23:51:00,25.3
2025-06-12 09:31:00,30.3
2025-06-12 04:31:00,90.9
2025-06-12 07:37:00,12.4
2025-06-12 02:01:00,50.17195767195767
2025-06-12 13:07:00,86.2
2025-06-12 14:58:00,19.6
2025-06-12 01:34:00,86.1
2025-06-12 11:46:00,84.8
2025-06-12 11:24:00,50.17195767195767
2025-06-12 04:45:00,63.2
2025-06-12 04:29:00,16.0
2025-06-12 03:46:00,55.9
2025-06-12 07:04:00,76.9
2025-06-12 11:02:00,25.7
2025-06-12 10:03:00,50.17195767195767
2025-06-12 13:49:00,50.17195767195767
2025-06-12 08:39:00,57.2
2025-06-12 06:16:00,48.7
2025-06-12 17:18:00,8.9
2025-06-12 11:11:00,77.7
2025-06-12 16:08:00,8.0
2025-06-12 03:55:00,50.17195767195767
2025-06-12 02:07:00,17.9
2025-06-12 20:00:00,86.9
2025-06-12 04:19:00,76.3
2025-06-12 01:50:00,46.1
2025-06-12 03:27:00,82.5
2025-06-12 02:57:00,45.5
2025-06-12 03:08:00,69.8
2025-06-12 04:40:00,35.7
2025-06-12 19:14:00,60.5
2025-06-12 11:15:00,50.17195767195767
2025-06-12 09:36:00,50.17195767195767
2025-06-12 03:25:00,6.3
2025-06-12 16:52:00,50.17195767195767
2025-06-12 16:36:00,10.7
2025-06-12 04:01:00,74.3
2025-06-12 04:47:00,32.2
2025-06-12 14:52:00,50.17195767195767
2025-06-12 08:47:00,76.1
2025-06-12 00:29:00,43.6
2025-06-12 12:06:00,89.1
2025-06-12 16:28:00,40.4
2025-06-12 04:04:00,21.6
2025-06-12 15:58:00,62.1
2025-06-12 02:14:00,50.17195767195767
2025-06-12 23:00:00,91.2
2025-06-12 18:28:00,24.9
2025-06-12 07:38:00,38.0
2025-06-12 21:15:00,48.6
2025-06-12 07:19:00,50.17195767195767
2025-06-12 12:14:00,50.17195767195767
2025-06-12 01:50:00,35.3
2025-06-12 05:29:00,49.7
2025-06-12 17:50:00,77.7
2025-06-12 10:18:00,22.9
2025-06-12 07:41:00,29.2
2025-06-12 12:49:00,92.9
2025-06-12 11:42:00,56.8
2025-06-12 16:06:00,9.6
2025-06-12 14:23:00,50.17195767195767
2025-06-12 21:50:00,12.3
2025-06-12 06:52:00,87.1
2025-06-12 11:34:00,25.9
2025-06-12 10:04:00,54.0
2025-06-12 07:25:00,21.5
2025-06-12 03:49:00,57.0
2025-06-12 06:18:00,55.0
2025-06-12 02:15:00,50.17195767195767
2025-06-12 23:59:00,46.0
2025-06-12 18:51:00,80.3
2025-06-12 19:53:00,31.4
2025-06-12 06:47:00,62.5
2025-06-12 18:04:00,42.0
2025-06-12 04:04:00,35.2
2025-06-12 10:58:00,81.9
2025-06-12 13:46:00,3.1
2025-06-12 23:34:00,62.7
2025-06-12 03:32:00,44.3
2025-06-12 21:43:00,50.17195767195767
2025-06-12 16:21:00,90.6
2025-06-12 01:32:00,67.4
2025-06-12 19:37:00,34.3
2025-06-12 18:41:00,83.4
2025-06-12 16:04:00,48.4
2025-06-12 18:28:00,98.1
2025-06-12 02:58:00,67.9
2025-06-12 07:13:00,15.9
2025-06-12 10:56:00,46.8
2025-06-12 21:11:00,11.5
2025-06-12 09:09:00,52.4
2025-06-12 03:21:00,56.3
2025-06-12 07:41:00,81.7
2025-06-12 17:30:00,15.3
2025-06-12 09:29:00,19.3
2025-06-12 04:32:00,50.17195767195767
2025-06-12 11:18:00,73.5
2025-06-12 15:26:00,86.2
2025-06-12 12:55:00,44.7
2025-06-12 05:14:00,42.0
2025-06-12 10:01:00,68.2
2025-06-12 14:56:00,32.6
2025-06-12 06:53:00,31.4
2025-06-12 17:21:00,69.8
2025-06-12 06:12:00,12.1
2025-06-12 21:52:00,60.3
2025-06-12 12:32:00,77.0
2025-06-12 03:02:00,50.17195767195767
2025-06-12 18:50:00,18.3
2025-06-12 19:41:00,68.8
2025-06-12 09:39:00,71.1
2025-06-12 00:10:00,50.17195767195767
2025-06-12 04:27:00,30.5
2025-06-12 09:40:00,56.1
2025-06-12 18:13:00,13.1
2025-06-12 18:01:00,77.2
2025-06-12 07:17:00,40.0
2025-06-12 20:52:00,32.5
2025-06-12 22:46:00,76.1
2025-06-12 08:34:00,50.17195767195767
2025-06-12 18:33:00,59.1
2025-06-12 20:02:00,10.8
2025-06-12 03:53:00,83.1
2025-06-12 01:20:00,23.5
2025-06-12 21:59:00,14.4
2025-06-12 14:59:00,30.0
2025-06-12 07:58:00,62.6
2025-06-12 03:28:00,66.4
2025-06-12 08:44:00,58.7
2025-06-12 15:13:00,22.6
2025-06-12 06:01:00,3.5
2025-06-12 22:01:00,70.1
2025-06-12 10:21:00,16.3
2025-06-12 01:30:00,58.6
2025-06-12 16:55:00,56.2
2025-06-12 23:36:00,69.6
2025-06-12 21:08:00,50.17195767195767
2025-06-12 21:55:00,51.4
2025-06-12 17:00:00,91.1
2025-06-12 05:56:00,50.3
2025-06-12 12:34:00,25.2
2025-06-12 01:06:00,90.9
2025-06-12 22:46:00,89.2
2025-06-12 22:36:00,99.4
2025-06-12 02:58:00,9.3
2025-06-12 10:10:00,90.3
2025-06-12 20:36:00,1.7
2025-06-12 20:08:00,9.3
2025-06-12 09:36:00,15.5
2025-06-12 03:59:00,48.5
2025-06-12 10:44:00,56.8
2025-06-12 09:25:00,6.5
2025-06-12 21:36:00,68.8
2025-06-12 23:32:00,49.2
2025-06-12 13:09:00,74.5
2025-06-12 09:06:00,30.6
2025-06-12 19:34:00,28.1
2025-06-12 18:12:00,50.17195767195767
2025-06-12 05:07:00,89.3
2025-06-12 23:40:00,61.4
2025-06-12 21:02:00,68.4
2025-06-12 21:11:00,44.3
2025-06-12 21:03:00,71.1
2025-06-12 22:00:00,47.4
2025-06-12 06:22:00,31.8
2025-06-12 09:37:00,19.7
2025-06-12 10:57:00,50.17195767195767
2025-06-12 14:06:00,21.5
2025-06-12 10:55:00,84.6
2025-06-12 03:15:00,18.0
2025-06-12 09:14:00,91.7
2025-06-12 07:34:00,50.8
2025-06-12 21:39:00,26.6
2025-06-12 03:34:00,81.5
2025-06-12 12:08:00,32.3
2025-06-12 00:38:00,88.9
2025-06-12 07:44:00,18.7
2025-06-12 12:41:00,46.4
2025-06-12 06:14:00,96.8
2025-06-12 22:42:00,95.4
2025-06-12 23:13:00,56.7
2025-06-12 04:01:00,0.9
2025-06-12 04:29:00,50.17195767195767
2025-06-12 20:33:00,54.7
2025-06-12 20:11:00,12.8
2025-06-12 03:11:00,45.2
2025-06-12 21:33:00,97.7
2025-06-12 02:19:00,87.6
2025-06-12 02:39:00,33.8
2025-06-12 03:52:00,84.4
2025-06-12 14:45:00,65.0
2025-06-12 14:03:00,41.7
2025-06-12 15:35:00,72.0
2025-06-12 11:40:00,60.2
2025-06-12 05:51:00,20.7
2025-06-12 19:30:00,90.0
2025-06-12 16:53:00,14.1
2025-06-12 20:43:00,49.69252501471454
2025-06-12 13:25:00,37.8
2025-06-12 11:30:00,49.69252501471454
2025-06-12 10:18:00,31.4
2025-06-12 22:10:00,81.6
2025-06-12 10:31:00,28.2
2025-06-12 23:09:00,30.2
2025-06-12 14:07:00,60.4
2025-06-12 15:22:00,70.6
2025-06-12 18:36:00,17.8
2025-06-12 18:43:00,26.7
2025-06-12 16:34:00,85.5
2025-06-12 14:22:00,95.2
2025-06-12 23:25:00,68.4
2025-06-12 06:27:00,24.6
2025-06-12 21:01:00,49.69252501471454
2025-06-12 00:08:00,14.5
2025-06-12 10:29:00,2.5
2025-06-12 09:58:00,25.4
2025-06-12 17:07:00,49.69252501471454
2025-06-12 03:01:00,34.7
2025-06-12 02:27:00,61.3
2025-06-12 19:53:00,93.1
2025-06-12 15:26:00,90.6
2025-06-12 23:27:00,44.2
2025-06-12 06:28:00,49.69252501471454
2025-06-12 12:32:00,49.69252501471454
2025-06-12 09:31:00,71.2
2025-06-12 04:19:00,97.9
2025-06-12 07:27:00,68.3
2025-06-12 07:31:00,4.2
2025-06-12 12:18:00,49.69252501471454
2025-06-12 08:40:00,17.2
2025-06-12 18:31:00,94.4
2025-06-12 01:26:00,89.1
2025-06-12 18:30:00,33.4
2025-06-12 17:04:00,49.69252501471454
2025-06-12 19:27:00,89.1
2025-06-12 13:59:00,73.9
2025-06-12 13:18:00,90.0
2025-06-12 22:12:00,84.1
2025-06-12 23:16:00,75.3
2025-06-12 03:23:00,56.1
2025-06-12 21:39:00,65.3
2025-06-12 05:25:00,37.8
2025-06-12 05:44:00,56.0
2025-06-12 22:29:00,63.3
2025-06-12 22:25:00,57.9
2025-06-12 04:43:00,83.2
2025-06-12 02:00:00,47.7
2025-06-12 16:08:00,97.2
2025-06-12 14:51:00,49.69252501471454
2025-06-12 19:44:00,9.6
2025-06-12 08:04:00,20.1
2025-06-12 02:17:00,49.69252501471454
2025-06-12 04:03:00,79.7
2025-06-12 22:20:00,26.4
2025-06-12 21:12:00,48.6
2025-06-12 18:18:00,7.4
2025-06-12 09:42:00,49.69252501471454
2025-06-12 22:56:00,42.9
2025-06-12 15:52:00,18.9
2025-06-12 09:33:00,73.1
2025-06-12 16:31:00,90.8
2025-06-12 10:37:00,73.7
2025-06-12 23:20:00,37.9
2025-06-12 00:10:00,5.7
2025-06-12 06:12:00,49.69252501471454
2025-06-12 21:42:00,71.0
2025-06-12 20:30:00,32.6
2025-06-12 08:31:00,2.7
2025-06-12 10:00:00,49.69252501471454
2025-06-12 13:29:00,4.2
2025-06-12 17:47:00,21.8
2025-06-12 20:47:00,49.69252501471454
2025-06-12 14:52:00,25.9
2025-06-12 12:23:00,42.5
2025-06-12 23:59:00,33.7
2025-06-12 21:24:00,49.69252501471454
2025-06-12 14:11:00,17.2
2025-06-12 04:07:00,49.69252501471454
2025-06-12 17:02:00,37.4
2025-06-12 15:51:00,17.6
2025-06-12 05:09:00,82.6
2025-06-12 14:18:00,33.2
2025-06-12 11:38:00,88.1
2025-06-12 02:49:00,35.6
2025-06-12 01:06:00,41.4
2025-06-12 01:17:00,50.3
2025-06-12 01:14:00,29.2
2025-06-12 04:26:00,49.69252501471454
2025-06-12 23:24:00,37.3
2025-06-12 02:53:00,49.69252501471454
2025-06-12 08:32:00,1.5
2025-06-12 03:46:00,49.69252501471454
2025-06-12 20:54:00,67.5
2025-06-12 07:06:00,1.1
2025-06-12 04:40:00,96.2
2025-06-12 16:11:00,49.69252501471454
2025-06-12 17:59:00,78.5
2025-06-12 00:14:00,3.4
2025-06-12 04:53:00,51.5
2025-06-12 08:14:00,81.2
2025-06-12 10:10:00,94.6
2025-06-12 17:00:00,94.6
2025-06-12 22:36:00,41.8
2025-06-12 17:50:00,70.3
2025-06-12 02:46:00,38.0
2025-06-12 22:05:00,38.0
2025-06-12 02:13:00,39.6
2025-06-12 10:33:00,58.5
2025-06-12 14:04:00,48.9
2025-06-12 06:27:00,49.69252501471454
2025-06-12 21:58:00,19.0
2025-06-12 22:10:00,51.5
2025-06-12 23:29:00,87.5
2025-06-12 21:49:00,35.2
2025-06-12 12:31:00,60.5
2025-06-12 02:26:00,80.5
2025-06-12 13:39:00,49.69252501471454
2025-06-12 04:49:00,8.5
2025-06-12 10:01:00,49.69252501471454
2025-06-12 00:57:00,95.6
2025-06-12 18:05:00,39.8
2025-06-12 13:02:00,74.5
2025-06-12 01:09:00,10.5
2025-06-12 19:39:00,19.7
2025-06-12 00:25:00,49.69252501471454
2025-06-12 01:19:00,67.7
2025-06-12 13:00:00,34.3
2025-06-12 00:10:00,97.6
2025-06-12 21:51:00,98.3
2025-06-12 07:07:00,60.5
2025-06-12 16:40:00,12.4
2025-06-12 15:42:00,63.2
2025-06-12 03:55:00,88.9
2025-06-12 08:17:00,98.2
2025-06-12 09:44:00,31.6
2025-06-12 18:11:00,92.1
2025-06-12 09:53:00,63.0
2025-06-12 16:00:00,81.5
2025-06-12 05:58:00,56.2
2025-06-12 18:01:00,51.4
2025-06-12 12:40:00,63.1
2025-06-12 22:35:00,7.6
2025-06-12 10:41:00,38.6
2025-06-12 15:01:00,4.6
2025-06-12 23:06:00,7.4
2025-06-12 01:18:00,54.0
2025-06-12 09:20:00,68.8
2025-06-12 07:22:00,13.4
2025-06-12 10:06:00,67.6
2025-06-12 22:31:00,7.5
2025-06-12 02:22:00,61.7
2025-06-12 02:48:00,29.5
2025-06-12 20:47:00,50.7
2025-06-12 12:10:00,10.9
2025-06-12 01:15:00,49.69252501471454
2025-06-12 11:16:00,95.7
2025-06-12 16:27:00,6.7
2025-06-12 15:09:00,63.2
2025-06-12 20:09:00,14.6
2025-06-12 17:10:00,96.5
2025-06-12 02:56:00,38.7
2025-06-12 13:10:00,42.6
2025-06-12 11:53:00,21.4
2025-06-12 23:11:00,83.5
2025-06-12 19:45:00,49.69252501471454
2025-06-12 07:30:00,43.6
2025-06-12 22:34:00,67.6
2025-06-12 04:01:00,31.4
2025-06-12 12:24:00,53.7
2025-06-12 04:03:00,85.9
2025-06-12 01:08:00,90.0
2025-06-12 13:34:00,67.6
2025-06-12 04:35:00,69.1
2025-06-12 19:48:00,94.4
2025-06-12 08:39:00,99.0
2025-06-12 15:35:00,52.5
2025-06-12 16:12:00,29.7
2025-06-12 01:31:00,38.4
2025-06-12 06:27:00,13.0
2025-06-12 12:37:00,20.1
2025-06-12 18:01:00,84.8
2025-06-12 09:56:00,75.5
2025-06-12 01:46:00,73.6
2025-06-12 19:14:00,50.3
2025-06-12 12:59:00,68.8
2025-06-12 16:27:00,33.7
2025-06-12 15:29:00,41.3
2025-06-12 05:38:00,37.9
2025-06-12 09:57:00,43.5
2025-06-12 17:06:00,19.3
2025-06-12 00:26:00,3.9
2025-06-12 19:27:00,78.1
2025-06-12 13:28:00,6.1
2025-06-12 12:42:00,50.9
2025-06-12 04:31:00,44.7
2025-06-12 18:44:00,22.1
2025-06-12 07:30:00,7.0
2025-06-12 10:36:00,49.69252501471454
2025-06-12 21:47:00,77.8
2025-06-12 11:19:00,70.5
2025-06-12 23:04:00,49.69252501471454
2025-06-12 22:25:00,26.4
2025-06-12 08:40:00,12.6
2025-06-12 19:19:00,49.69252501471454
2025-06-12 18:17:00,58.6
2025-06-12 06:23:00,36.5
2025-06-12 10:01:00,92.6
2025-06-12 16:16:00,67.6
2025-06-12 04:56:00,85.8
2025-06-12 12:09:00,90.8
2025-06-12 04:57:00,16.0
2025-06-12 08:40:00,65.7
2025-06-12 15:32:00,49.69252501471454
2025-06-12 19:44:00,6.8
2025-06-12 00:16:00,5.1
2025-06-12 18:37:00,94.1
2025-06-12 04:03:00,1.4
2025-06-12 13:46:00,49.69252501471454
2025-06-12 23:33:00,59.3
2025-06-12 16:27:00,49.69252501471454
2025-06-12 12:24:00,49.69252501471454
2025-06-12 16:36:00,63.3
2025-06-12 21:26:00,7.0
2025-06-12 11:17:00,39.3
2025-06-12 22:30:00,42.7
2025-06-12 04:37:00,17.4
2025-06-12 08:46:00,76.6
2025-06-12 05:29:00,79.1
2025-06-12 08:42:00,83.6
2025-06-12 11:21:00,14.9
2025-06-12 23:08:00,71.8
2025-06-12 13:47:00,28.9
2025-06-12 17:03:00,49.69252501471454
2025-06-12 08:02:00,42.0
2025-06-12 04:53:00,87.4
2025-06-12 18:14:00,36.4
2025-06-12 05:21:00,64.2
2025-06-12 22:47:00,14.3
2025-06-12 16:52:00,55.8
2025-06-12 13:40:00,86.1
2025-06-12 16:41:00,52.0
2025-06-12 17:39:00,84.7
2025-06-12 11:50:00,22.9
2025-06-12 22:40:00,89.4
2025-06-12 22:59:00,49.69252501471454
2025-06-12 02:16:00,72.4
2025-06-12 01:32:00,94.8
2025-06-12 19:49:00,1.9
2025-06-12 05:39:00,92.5
2025-06-12 06:04:00,49.69252501471454
2025-06-12 11:56:00,49.69252501471454
2025-06-12 13:10:00,59.5
2025-06-12 16:32:00,56.1
2025-06-12 17:07:00,73.6
2025-06-12 01:48:00,63.3
2025-06-12 06:07:00,48.8
2025-06-12 02:31:00,66.4
2025-06-12 12:49:00,44.4
2025-06-12 11:40:00,93.0
2025-06-12 18:32:00,65.7
2025-06-12 23:09:00,11.3
2025-06-12 09:53:00,63.1
2025-06-12 10:25:00,48.5
2025-06-12 00:20:00,64.3
2025-06-12 03:29:00,51.6
2025-06-12 20:14:00,49.69252501471454
2025-06-12 11:40:00,89.1
2025-06-12 16:44:00,77.0
2025-06-12 10:35:00,49.69252501471454
2025-06-12 07:20:00,49.69252501471454
2025-06-12 04:59:00,82.3
2025-06-12 19:28:00,49.69252501471454
2025-06-12 20:43:00,50.7
2025-06-12 18:38:00,77.5
2025-06-12 14:34:00,51.7
2025-06-12 09:49:00,31.6
2025-06-12 06:23:00,70.3
2025-06-12 23:57:00,10.9
2025-06-12 00:28:00,49.69252501471454
2025-06-12 12:48:00,63.7
2025-06-12 06:14:00,49.69252501471454
2025-06-12 00:03:00,54.5
2025-06-12 10:11:00,84.2
2025-06-12 01:38:00,9.5
2025-06-12 17:18:00,81.8
2025-06-12 21:27:00,87.3
2025-06-12 15:21:00,47.8
2025-06-12 10:52:00,77.3
2025-06-12 13:44:00,68.6
2025-06-12 08:38:00,60.5
2025-06-12 02:16:00,95.2
2025-06-12 00:06:00,55.1
2025-06-12 06:03:00,90.8
2025-06-12 23:00:00,69.6
2025-06-12 22:09:00,20.7
2025-06-12 19:51:00,82.3
2025-06-12 01:41:00,23.9
2025-06-12 18:06:00,22.6
2025-06-12 12:56:00,30.7
2025-06-12 09:04:00,50.2
2025-06-12 05:05:00,40.9
2025-06-12 16:20:00,58.4
2025-06-12 13:57:00,30.3
2025-06-12 00:10:00,80.7
2025-06-12 20:16:00,49.69252501471454
2025-06-12 19:05:00,3.5
2025-06-12 04:23:00,3.7
2025-06-12 21:42:00,49.69252501471454
2025-06-12 00:36:00,49.69252501471454
2025-06-12 23:20:00,25.8
2025-06-12 17:28:00,92.4
2025-06-12 03:33:00,49.69252501471454
2025-06-12 03:17:00,21.9
2025-06-12 05:12:00,90.6
2025-06-12 03:18:00,28.0
2025-06-12 14:43:00,73.8
2025-06-12 10:41:00,82.1
2025-06-12 12:56:00,77.1
2025-06-12 06:32:00,1.1
2025-06-12 23:28:00,66.6
2025-06-12 18:03:00,0.7
2025-06-12 18:03:00,96.7
2025-06-12 03:00:00,69.0
2025-06-12 03:21:00,36.0
2025-06-12 02:22:00,2.4
2025-06-12 06:26:00,22.0
2025-06-12 04:57:00,28.5
2025-06-12 09:22:00,3.1
2025-06-12 07:40:00,84.1
2025-06-12 03:01:00,65.2
2025-06-12 21:32:00,18.2
2025-06-12 13:17:00,49.88181818181819
2025-06-12 11:25:00,34.1
2025-06-12 08:47:00,49.88181818181819
2025-06-12 19:25:00,37.7
2025-06-12 04:00:00,58.6
2025-06-12 05:24:00,49.88181818181819
2025-06-12 06:24:00,36.0
2025-06-12 01:02:00,91.7
2025-06-12 00:37:00,45.9
2025-06-12 16:56:00,50.9
2025-06-12 12:59:00,49.88181818181819
2025-06-12 02:06:00,95.3
2025-06-12 05:29:00,49.88181818181819
2025-06-12 05:35:00,99.1
2025-06-12 19:57:00,4.4
2025-06-12 17:15:00,57.3
2025-06-12 18:10:00,93.4
2025-06-12 21:02:00,81.0
2025-06-12 16:09:00,92.0
2025-06-12 17:56:00,49.88181818181819
2025-06-12 19:44:00,47.1
2025-06-12 11:30:00,69.5
2025-06-12 00:13:00,1.5
2025-06-12 04:44:00,4.9
2025-06-12 11:59:00,91.1
2025-06-12 06:44:00,84.3
2025-06-12 08:18:00,49.88181818181819
2025-06-12 20:21:00,71.0
2025-06-12 00:29:00,60.8
2025-06-12 07:14:00,9.7
2025-06-12 18:48:00,98.8
2025-06-12 13:05:00,19.1
2025-06-12 17:53:00,76.9
2025-06-12 04:04:00,45.8
2025-06-12 23:04:00,59.2
2025-06-12 17:43:00,49.88181818181819
2025-06-12 01:28:00,63.0
2025-06-12 01:41:00,28.4
2025-06-12 15:35:00,77.2
2025-06-12 01:30:00,14.9
2025-06-12 15:52:00,49.88181818181819
2025-06-12 08:23:00,49.88181818181819
2025-06-12 13:41:00,89.3
2025-06-12 09:13:00,64.7
2025-06-12 11:23:00,89.9
2025-06-12 21:10:00,36.4
2025-06-12 04:42:00,49.88181818181819
2025-06-12 19:16:00,49.9
2025-06-12 00:41:00,37.4
2025-06-12 06:13:00,44.8
2025-06-12 00:26:00,31.9
2025-06-12 23:38:00,33.9
2025-06-12 01:21:00,49.88181818181819
2025-06-12 17:30:00,32.0
2025-06-12 12:37:00,97.7
2025-06-12 12:29:00,36.4
2025-06-12 12:34:00,49.88181818181819
2025-06-12 08:23:00,59.4
2025-06-12 11:27:00,63.9
2025-06-12 18:15:00,6.5
2025-06-12 23:53:00,40.2
2025-06-12 17:56:00,69.2
2025-06-12 18:07:00,68.8
2025-06-12 20:59:00,33.0
2025-06-12 06:24:00,18.2
2025-06-12 15:07:00,24.7
2025-06-12 21:19:00,46.7
2025-06-12 14:05:00,97.0
2025-06-12 21:00:00,30.2
2025-06-12 04:06:00,85.0
2025-06-12 13:21:00,49.88181818181819
2025-06-12 15:05:00,98.4
2025-06-12 12:36:00,95.3
2025-06-12 14:48:00,23.8
2025-06-12 20:55:00,31.7
2025-06-12 04:56:00,48.9
2025-06-12 20:54:00,67.1
2025-06-12 18:41:00,77.2
2025-06-12 06:51:00,2.2
2025-06-12 22:27:00,41.0
2025-06-12 17:53:00,31.8
2025-06-12 08:52:00,16.3
2025-06-12 07:26:00,49.88181818181819
2025-06-12 08:25:00,63.8
2025-06-12 09:03:00,53.7
2025-06-12 21:34:00,13.1
2025-06-12 03:36:00,49.88181818181819
2025-06-12 01:04:00,49.88181818181819
2025-06-12 21:01:00,32.8
2025-06-12 18:57:00,8.6
2025-06-12 20:50:00,49.88181818181819
2025-06-12 23:58:00,2.6
2025-06-12 09:12:00,62.7
2025-06-12 03:26:00,33.1
2025-06-12 05:48:00,49.88181818181819
2025-06-12 15:31:00,38.9
2025-06-12 19:14:00,50.0
2025-06-12 21:06:00,49.88181818181819
2025-06-12 17:04:00,24.6
2025-06-12 02:01:00,16.3
2025-06-12 05:41:00,2.3
2025-06-12 07:05:00,63.5
2025-06-12 23:29:00,21.7
2025-06-12 08:48:00,82.7
2025-06-12 18:05:00,19.0
2025-06-12 02:48:00,30.0
2025-06-12 00:08:00,42.4
2025-06-12 02:50:00,56.0
2025-06-12 22:03:00,61.8
2025-06-12 20:18:00,97.0
2025-06-12 23:53:00,38.2
2025-06-12 05:10:00,97.4
2025-06-12 06:48:00,79.8
2025-06-12 02:49:00,49.88181818181819
2025-06-12 19:25:00,70.8
2025-06-12 13:30:00,57.9
2025-06-12 08:21:00,13.0
2025-06-12 12:41:00,80.9
2025-06-12 16:39:00,68.9
2025-06-12 04:21:00,49.88181818181819
2025-06-12 23:08:00,55.7
2025-06-12 15:14:00,17.4
2025-06-12 17:21:00,48.1
2025-06-12 16:07:00,4.1
2025-06-12 14:05:00,37.3
2025-06-12 22:44:00,26.3
2025-06-12 22:03:00,49.88181818181819
2025-06-12 21:53:00,36.4
2025-06-12 05:04:00,72.6
2025-06-12 04:25:00,97.4
2025-06-12 10:59:00,12.7
2025-06-12 17:24:00,96.9
2025-06-12 22:42:00,15.1
2025-06-12 13:59:00,99.1
2025-06-12 07:13:00,42.0
2025-06-12 15:26:00,36.7
2025-06-12 02:25:00,95.7
2025-06-12 09:05:00,86.9
2025-06-12 12:12:00,44.7
2025-06-12 11:40:00,64.4
2025-06-12 09:01:00,50.1
2025-06-12 08:39:00,71.9
2025-06-12 04:07:00,83.4
2025-06-12 03:13:00,33.7
2025-06-12 14:31:00,49.88181818181819
2025-06-12 03:58:00,9.1
2025-06-12 21:55:00,14.6
2025-06-12 08:35:00,71.0
2025-06-12 09:12:00,49.88181818181819
2025-06-12 17:15:00,12.8
2025-06-12 06:03:00,49.88181818181819
2025-06-12 16:04:00,33.1
2025-06-12 00:20:00,85.9
2025-06-12 14:50:00,88.0
2025-06-12 23:21:00,0.6
2025-06-12 12:42:00,63.6
2025-06-12 00:36:00,31.7
2025-06-12 02:51:00,15.0
2025-06-12 01:22:00,72.5
2025-06-12 18:00:00,56.0
2025-06-12 06:19:00,34.6
2025-06-12 01:31:00,64.1
2025-06-12 16:17:00,97.1
2025-06-12 21:27:00,57.0
2025-06-12 11:52:00,6.2
2025-06-12 20:58:00,54.1
2025-06-12 12:04:00,43.6
2025-06-12 17:23:00,31.5
2025-06-12 09:17:00,14.1
2025-06-12 17:42:00,99.8
2025-06-12 02:41:00,49.88181818181819
2025-06-12 11:31:00,49.88181818181819
2025-06-12 19:37:00,49.88181818181819
2025-06-12 20:31:00,16.5
2025-06-12 11:56:00,56.8
2025-06-12 07:41:00,45.6
2025-06-12 21:54:00,4.9
2025-06-12 19:39:00,98.1
2025-06-12 03:02:00,22.2
2025-06-12 04:07:00,25.6
2025-06-12 06:53:00,32.4
2025-06-12 11:56:00,24.5
2025-06-12 00:34:00,77.6
2025-06-12 00:36:00,99.7
2025-06-12 19:25:00,46.6
2025-06-12 10:20:00,49.88181818181819
2025-06-12 23:11:00,25.1
2025-06-12 05:15:00,13.9
2025-06-12 20:51:00,68.0
2025-06-12 02:34:00,30.3
2025-06-12 03:19:00,49.88181818181819
2025-06-12 19:31:00,83.5
2025-06-12 14:01:00,88.6
2025-06-12 23:31:00,34.4
2025-06-12 11:37:00,4.0
2025-06-12 20:14:00,52.7
2025-06-12 15:27:00,7.4
2025-06-12 23:05:00,32.7
2025-06-12 14:28:00,24.4
2025-06-12 13:14:00,90.5
2025-06-12 01:54:00,50.7
2025-06-12 19:54:00,16.4
2025-06-12 23:35:00,85.1
2025-06-12 14:48:00,49.88181818181819
2025-06-12 14:14:00,13.1
2025-06-12 05:05:00,60.4
2025-06-12 20:51:00,92.4
2025-06-12 01:20:00,24.7
2025-06-12 08:15:00,49.88181818181819
2025-06-12 02:32:00,79.5
2025-06-12 03:44:00,61.0
2025-06-12 10:56:00,49.88181818181819
2025-06-12 11:07:00,16.7
2025-06-12 03:01:00,58.9
2025-06-12 06:06:00,42.8
2025-06-12 06:25:00,49.88181818181819
2025-06-12 09:54:00,58.8
2025-06-12 09:29:00,35.3
2025-06-12 04:16:00,63.1
2025-06-12 13:19:00,93.0
2025-06-12 02:16:00,77.6
2025-06-12 10:11:00,10.6
2025-06-12 09:23:00,92.1
2025-06-12 15:21:00,27.8
2025-06-12 10:51:00,66.3
2025-06-12 21:52:00,20.2
2025-06-12 12:42:00,98.3
2025-06-12 07:40:00,80.4
2025-06-12 10:19:00,71.2
2025-06-12 04:34:00,73.3
2025-06-12 14:27:00,96.1
2025-06-12 01:01:00,97.3
2025-06-12 18:13:00,49.88181818181819
2025-06-12 14:14:00,41.9
2025-06-12 08:05:00,49.88181818181819
2025-06-12 04:40:00,50.8
2025-06-12 02:27:00,58.9
2025-06-12 00:34:00,22.8
2025-06-12 09:59:00,61.8
2025-06-12 14:03:00,47.2
2025-06-12 19:48:00,95.4
2025-06-12 00:49:00,12.8
2025-06-12 23:39:00,28.0
2025-06-12 19:52:00,87.3
2025-06-12 03:29:00,63.3
2025-06-12 15:09:00,73.2
2025-06-12 19:45:00,97.1
2025-06-12 23:37:00,49.88181818181819
2025-06-12 16:21:00,68.6
2025-06-12 17:56:00,82.3
2025-06-12 13:51:00,91.1
2025-06-12 04:35:00,17.0
2025-06-12 11:22:00,6.8
2025-06-12 22:31:00,77.2
2025-06-12 15:35:00,72.6
2025-06-12 12:14:00,49.88181818181819
2025-06-12 21:09:00,63.5
2025-06-12 19:58:00,85.4
2025-06-12 10:13:00,49.88181818181819
2025-06-12 22:02:00,39.5
2025-06-12 10:52:00,39.6
2025-06-12 00:10:00,89.5
2025-06-12 06:31:00,13.6
2025-06-12 19:20:00,96.5
2025-06-12 21:31:00,65.2
2025-06-12 22:24:00,80.3
2025-06-12 22:20:00,98.4
2025-06-12 12:26:00,94.8
2025-06-12 22:27:00,36.0
2025-06-12 21:04:00,77.1
2025-06-12 19:58:00,49.88181818181819
2025-06-12 09:02:00,99.0
2025-06-12 12:26:00,33.8
2025-06-12 16:13:00,11.7
2025-06-12 06:17:00,49.88181818181819
2025-06-12 03:54:00,49.88181818181819
2025-06-12 07:35:00,19.1
2025-06-12 04:11:00,42.2
2025-06-12 04:21:00,28.2
2025-06-12 01:01:00,75.0
2025-06-12 18:31:00,69.6
2025-06-12 17:22:00,82.2
2025-06-12 19:35:00,49.88181818181819
2025-06-12 08:01:00,36.7
2025-06-12 20:15:00,17.7
2025-06-12 04:24:00,13.3
2025-06-12 12:19:00,49.88181818181819
2025-06-12 23:19:00,49.88181818181819
2025-06-12 14:01:00,22.7
2025-06-12 20:41:00,2.8
2025-06-12 06:07:00,12.3
2025-06-12 13:32:00,62.6
2025-06-12 02:35:00,68.1
2025-06-12 01:30:00,33.6
2025-06-12 07:05:00,49.88181818181819
2025-06-12 03:04:00,94.4
2025-06-12 16:49:00,49.88181818181819
2025-06-12 09:12:00,98.3
2025-06-12 11:07:00,55.6
2025-06-12 11:21:00,11.6
2025-06-12 15:51:00,4.3
2025-06-12 08:26:00,72.6
2025-06-12 23:22:00,94.5
2025-06-12 04:31:00,49.88181818181819
2025-06-12 09:33:00,49.88181818181819
2025-06-12 11:12:00,49.88181818181819
2025-06-12 07:47:00,29.8
2025-06-12 20:54:00,49.88181818181819
2025-06-12 18:01:00,2.3
2025-06-12 06:36:00,7.2
2025-06-12 00:44:00,3.7
2025-06-12 07:25:00,27.3
2025-06-12 16:46:00,69.0
2025-06-12 03:10:00,45.9
2025-06-12 10:35:00,30.4
2025-06-12 20:32:00,62.9
2025-06-12 12:18:00,40.1
2025-06-12 11:39:00,47.3
2025-06-12 11:13:00,0.9
2025-06-12 15:01:00,69.8
2025-06-12 07:40:00,6.1
2025-06-12 21:49:00,24.9
2025-06-12 05:38:00,49.88181818181819
2025-06-12 16:10:00,57.1
2025-06-12 20:09:00,13.3
2025-06-12 00:25:00,61.4
2025-06-12 06:21:00,26.0
2025-06-12 23:52:00,5.6
2025-06-12 05:36:00,4.4
2025-06-12 09:20:00,28.6
2025-06-12 19:40:00,69.8
2025-06-12 03:51:00,3.9
2025-06-12 14:52:00,39.1
2025-06-12 23:52:00,78.0
2025-06-12 07:15:00,43.5
2025-06-12 07:52:00,44.0
2025-06-12 18:57:00,36.2
2025-06-12 08:42:00,78.9
2025-06-12 21:32:00,13.2
2025-06-12 20:47:00,38.7
2025-06-12 02:01:00,55.1
2025-06-12 04:57:00,21.6
2025-06-12 18:06:00,49.88181818181819
2025-06-12 21:33:00,49.88181818181819
2025-06-12 05:40:00,67.4
2025-06-12 23:11:00,68.3
2025-06-12 16:01:00,84.3
2025-06-12 21:01:00,62.9
2025-06-12 20:14:00,38.0
2025-06-12 08:30:00,15.1
2025-06-12 12:57:00,2.1
2025-06-12 12:35:00,77.1
2025-06-12 04:58:00,4.5
2025-06-12 06:37:00,12.7
2025-06-12 10:41:00,75.5
2025-06-12 20:38:00,27.2
2025-06-12 00:50:00,24.8
2025-06-12 03:01:00,50.019744401453856
2025-06-12 10:28:00,84.5
2025-06-12 12:32:00,2.2
2025-06-12 07:51:00,47.1
2025-06-12 11:57:00,48.2
2025-06-12 08:08:00,86.7
2025-06-12 13:54:00,50.019744401453856
2025-06-12 05:47:00,65.7
2025-06-12 18:00:00,23.4
2025-06-12 21:01:00,50.0
2025-06-12 12:22:00,64.8
2025-06-12 15:01:00,31.5
2025-06-12 09:59:00,89.5
2025-06-12 01:21:00,44.3
2025-06-12 18:18:00,76.2
2025-06-12 17:52:00,63.5
2025-06-12 08:03:00,64.4
2025-06-12 11:42:00,90.5
2025-06-12 17:34:00,89.3
2025-06-12 21:17:00,55.9
2025-06-12 21:12:00,79.7
2025-06-12 08:14:00,4.2
2025-06-12 07:53:00,85.0
2025-06-12 04:43:00,65.9
2025-06-12 20:24:00,7.0
2025-06-12 15:03:00,80.6
2025-06-12 05:29:00,41.8
2025-06-12 14:35:00,82.5
2025-06-12 16:16:00,20.8
2025-06-12 21:53:00,63.2
2025-06-12 15:37:00,59.7
2025-06-12 13:29:00,52.9
2025-06-12 10:24:00,23.5
2025-06-12 21:10:00,55.0
2025-06-12 20:06:00,66.9
2025-06-12 15:11:00,60.1
2025-06-12 16:25:00,90.2
2025-06-12 23:44:00,44.6
2025-06-12 18:29:00,11.1
2025-06-12 20:04:00,50.019744401453856
2025-06-12 22:55:00,90.7
2025-06-12 06:16:00,55.0
2025-06-12 19:50:00,14.2
2025-06-12 20:08:00,6.1
2025-06-12 00:07:00,50.019744401453856
2025-06-12 13:00:00,43.7
2025-06-12 01:04:00,57.2
2025-06-12 07:25:00,88.9
2025-06-12 12:01:00,90.9
2025-06-12 02:03:00,41.6
2025-06-12 13:22:00,27.0
2025-06-12 16:54:00,61.9
2025-06-12 11:59:00,28.3
2025-06-12 16:22:00,26.9
2025-06-12 20:16:00,96.4
2025-06-12 10:12:00,6.5
2025-06-12 23:53:00,51.5
2025-06-12 05:15:00,50.019744401453856
2025-06-12 03:42:00,9.5
2025-06-12 03:13:00,27.4
2025-06-12 08:34:00,59.7
2025-06-12 01:01:00,67.2
2025-06-12 18:43:00,49.8
2025-06-12 00:29:00,2.9
2025-06-12 02:36:00,84.1
2025-06-12 04:25:00,15.8
2025-06-12 09:46:00,24.0
2025-06-12 00:10:00,50.019744401453856
2025-06-12 13:38:00,63.3
2025-06-12 04:15:00,68.1
2025-06-12 13:52:00,36.3
2025-06-12 04:18:00,77.6
2025-06-12 02:18:00,27.4
2025-06-12 00:26:00,73.6
2025-06-12 21:52:00,50.019744401453856
2025-06-12 20:57:00,24.9
2025-06-12 20:21:00,62.7
2025-06-12 06:58:00,65.3
2025-06-12 07:30:00,78.7
2025-06-12 03:27:00,37.9
2025-06-12 11:11:00,24.7
2025-06-12 23:51:00,55.2
2025-06-12 19:07:00,10.9
2025-06-12 10:05:00,77.6
2025-06-12 12:24:00,10.3
2025-06-12 10:50:00,50.019744401453856
2025-06-12 08:16:00,1.7
2025-06-12 21:59:00,70.7
2025-06-12 09:33:00,57.9
2025-06-12 03:49:00,50.019744401453856
2025-06-12 05:53:00,34.7
2025-06-12 15:12:00,53.9
2025-06-12 23:26:00,68.5
2025-06-12 00:38:00,52.6
2025-06-12 00:30:00,77.7
2025-06-12 03:45:00,10.1
2025-06-12 18:14:00,10.6
2025-06-12 19:05:00,9.8
2025-06-12 03:10:00,48.8
2025-06-12 21:32:00,57.1
2025-06-12 02:09:00,82.0
2025-06-12 00:34:00,99.1
2025-06-12 18:04:00,98.3
2025-06-12 16:48:00,92.4
2025-06-12 20:24:00,19.7
2025-06-12 02:38:00,50.019744401453856
2025-06-12 01:00:00,38.4
2025-06-12 03:50:00,93.9
2025-06-12 09:01:00,8.4
2025-06-12 07:26:00,72.1
2025-06-12 12:58:00,50.019744401453856
2025-06-12 00:37:00,95.3
2025-06-12 17:09:00,80.2
2025-06-12 22:59:00,62.0
2025-06-12 23:09:00,34.4
2025-06-12 20:38:00,53.2
2025-06-12 10:45:00,99.9
2025-06-12 20:56:00,81.5
2025-06-12 06:03:00,85.9
2025-06-12 02:36:00,11.1
2025-06-12 10:24:00,50.019744401453856
2025-06-12 11:56:00,31.9
2025-06-12 10:34:00,34.3
2025-06-12 04:03:00,37.5
2025-06-12 14:41:00,54.0
2025-06-12 20:13:00,50.019744401453856
2025-06-12 17:13:00,52.9
2025-06-12 15:19:00,50.019744401453856
2025-06-12 03:53:00,42.6
2025-06-12 05:46:00,50.019744401453856
2025-06-12 07:07:00,43.1
2025-06-12 06:49:00,29.5
2025-06-12 13:50:00,89.4
2025-06-12 22:16:00,16.0
2025-06-12 16:44:00,39.5
2025-06-12 22:08:00,50.019744401453856
2025-06-12 08:20:00,50.019744401453856
2025-06-12 05:16:00,53.2
2025-06-12 08:13:00,31.9
2025-06-12 01:43:00,82.1
2025-06-12 09:36:00,50.019744401453856
2025-06-12 06:00:00,55.1
2025-06-12 09:42:00,43.8
2025-06-12 09:46:00,75.3
2025-06-12 04:05:00,64.7
2025-06-12 06:26:00,97.9
2025-06-12 11:00:00,34.7
2025-06-12 03:41:00,69.4
2025-06-12 22:29:00,50.9
2025-06-12 12:34:00,54.9
2025-06-12 02:04:00,2.1
2025-06-12 17:09:00,38.9
2025-06-12 11:30:00,56.7
2025-06-12 03:50:00,9.7
2025-06-12 02:28:00,42.2
2025-06-12 21:41:00,68.8
2025-06-12 22:18:00,15.9
2025-06-12 23:52:00,42.6
2025-06-12 04:12:00,68.4
2025-06-12 12:17:00,61.3
2025-06-12 07:05:00,42.9
2025-06-12 09:07:00,98.2
2025-06-12 12:44:00,68.2
2025-06-12 15:28:00,50.019744401453856
2025-06-12 04:29:00,50.019744401453856
2025-06-12 11:41:00,0.2
2025-06-12 21:31:00,50.019744401453856
2025-06-12 18:22:00,10.1
2025-06-12 00:39:00,87.5
2025-06-12 02:44:00,50.019744401453856
2025-06-12 01:59:00,9.3
2025-06-12 08:37:00,5.2
2025-06-12 20:10:00,51.2
2025-06-12 23:38:00,39.5
2025-06-12 01:04:00,28.4
2025-06-12 07:55:00,68.6
2025-06-12 07:06:00,50.019744401453856
2025-06-12 18:09:00,22.3
2025-06-12 18:52:00,2.1
2025-06-12 21:43:00,49.2
2025-06-12 12:26:00,50.019744401453856
2025-06-12 23:14:00,85.5
2025-06-12 16:58:00,79.0
2025-06-12 01:31:00,94.8
2025-06-12 22:13:00,52.0
2025-06-12 11:57:00,84.0
2025-06-12 02:30:00,17.5
2025-06-12 05:18:00,4.0
2025-06-12 10:12:00,50.019744401453856
2025-06-12 14:49:00,50.019744401453856
2025-06-12 17:21:00,29.8
2025-06-12 21:52:00,90.8
2025-06-12 01:59:00,68.3
2025-06-12 01:18:00,48.3
2025-06-12 22:34:00,50.019744401453856
2025-06-12 09:41:00,52.9
2025-06-12 10:08:00,37.2
2025-06-12 04:38:00,40.5
2025-06-12 01:17:00,38.4
2025-06-12 01:40:00,78.6
2025-06-12 16:36:00,22.2
2025-06-12 03:54:00,47.0
2025-06-12 16:28:00,79.6
2025-06-12 07:34:00,56.7
2025-06-12 17:27:00,85.8
2025-06-12 23:15:00,9.7
2025-06-12 14:45:00,66.4
2025-06-12 02:53:00,21.9
2025-06-12 15:32:00,66.3
2025-06-12 04:55:00,2.5
2025-06-12 20:06:00,60.5
2025-06-12 11:20:00,18.7
2025-06-12 08:33:00,71.7
2025-06-12 03:43:00,3.2
2025-06-12 07:01:00,88.9
2025-06-12 22:41:00,26.0
2025-06-12 01:40:00,31.0
2025-06-12 22:43:00,79.2
2025-06-12 20:59:00,50.019744401453856
2025-06-12 22:14:00,84.1
2025-06-12 19:14:00,64.3
2025-06-12 09:46:00,43.9
2025-06-12 15:22:00,50.019744401453856
2025-06-12 15:44:00,52.5
2025-06-12 19:09:00,44.4
2025-06-12 16:20:00,50.019744401453856
2025-06-12 16:04:00,50.019744401453856
2025-06-12 16:05:00,27.6
2025-06-12 18:00:00,35.7
2025-06-12 06:50:00,50.019744401453856
2025-06-12 23:20:00,49.9
2025-06-12 22:30:00,50.7
2025-06-12 11:00:00,50.019744401453856
2025-06-12 03:28:00,50.019744401453856
2025-06-12 21:46:00,56.1
2025-06-12 11:33:00,68.9
2025-06-12 06:58:00,59.8
2025-06-12 20:09:00,62.3
2025-06-12 16:10:00,76.2
2025-06-12 12:06:00,39.1
2025-06-12 12:48:00,41.0
2025-06-12 12:11:00,28.7
2025-06-12 05:04:00,92.0
2025-06-12 02:46:00,57.4
2025-06-12 13:52:00,59.7
2025-06-12 08:53:00,89.9
2025-06-12 10:51:00,7.6
2025-06-12 20:23:00,26.2
2025-06-12 17:59:00,65.7
2025-06-12 12:57:00,93.1
2025-06-12 06:22:00,22.7
2025-06-12 15:05:00,20.3
2025-06-12 16:33:00,50.019744401453856
2025-06-12 01:05:00,18.2
2025-06-12 21:25:00,97.0
2025-06-12 08:49:00,75.0
2025-06-12 02:29:00,82.4
2025-06-12 16:43:00,67.5
2025-06-12 19:13:00,82.4
2025-06-12 04:53:00,39.7
2025-06-12 16:45:00,99.0
2025-06-12 04:23:00,97.9
2025-06-12 13:58:00,43.8
2025-06-12 19:54:00,30.7
2025-06-12 11:29:00,85.8
2025-06-12 22:21:00,57.6
2025-06-12 12:10:00,62.3
2025-06-12 19:24:00,76.3
2025-06-12 15:59:00,23.5
2025-06-12 04:41:00,97.7
2025-06-12 08:14:00,95.8
2025-06-12 05:51:00,20.1
2025-06-12 20:56:00,22.1
2025-06-12 05:05:00,62.6
2025-06-12 23:22:00,47.6
2025-06-12 02:26:00,17.0
2025-06-12 07:00:00,57.6
2025-06-12 02:31:00,75.7
2025-06-12 06:13:00,48.3
2025-06-12 18:00:00,50.019744401453856
2025-06-12 00:41:00,65.7
2025-06-12 02:26:00,50.019744401453856
2025-06-12 08:49:00,26.6
2025-06-12 17:36:00,62.6
2025-06-12 00:24:00,91.3
2025-06-12 11:46:00,50.019744401453856
2025-06-12 12:21:00,68.5
2025-06-12 10:46:00,23.6
2025-06-12 12:37:00,0.2
2025-06-12 16:07:00,56.1
2025-06-12 13:13:00,20.4
2025-06-12 02:39:00,73.9
2025-06-12 07:55:00,2.4
2025-06-12 10:40:00,50.019744401453856
2025-06-12 08:37:00,56.5
2025-06-12 15:24:00,50.019744401453856
2025-06-12 01:20:00,26.3
2025-06-12 15:47:00,84.3
2025-06-12 22:56:00,50.019744401453856
2025-06-12 17:31:00,91.7
2025-06-12 22:01:00,36.8
2025-06-12 11:20:00,6.8
2025-06-12 05:28:00,50.2
2025-06-12 16:10:00,50.019744401453856
2025-06-12 17:11:00,4.7
2025-06-12 12:46:00,7.8
2025-06-12 19:53:00,76.3
2025-06-12 04:53:00,52.8
2025-06-12 04:22:00,7.3
2025-06-12 13:29:00,53.0
2025-06-12 21:36:00,18.0
2025-06-12 04:49:00,27.4
2025-06-12 02:54:00,30.9
2025-06-12 12:17:00,87.6
2025-06-12 14:59:00,37.9
2025-06-12 22:59:00,24.3
2025-06-12 08:07:00,14.6
2025-06-12 05:13:00,6.0
2025-06-12 20:19:00,96.9
2025-06-12 20:30:00,85.8
2025-06-12 13:13:00,50.019744401453856
2025-06-12 09:44:00,75.5
2025-06-12 23:43:00,43.0
2025-06-12 09:08:00,43.0
2025-06-12 09:32:00,8.5
2025-06-12 14:05:00,2.6
2025-06-12 20:11:00,71.0
2025-06-12 18:02:00,69.7
2025-06-12 21:02:00,50.019744401453856
2025-06-12 22:55:00,50.019744401453856
2025-06-12 01:47:00,80.0
2025-06-12 16:18:00,26.0
2025-06-12 12:43:00,48.2
2025-06-12 18:33:00,42.2
2025-06-12 10:21:00,72.0
2025-06-12 08:17:00,63.0
2025-06-12 16:31:00,68.1
2025-06-12 06:16:00,58.0
2025-06-12 16:12:00,49.0
2025-06-12 22:00:00,50.0
2025-06-12 12:35:00,70.1
2025-06-12 21:00:00,86.2
2025-06-12 14:02:00,49.94205948042788
2025-06-12 12:03:00,19.7
2025-06-12 18:39:00,19.2
2025-06-12 18:57:00,73.5
2025-06-12 04:44:00,11.1
2025-06-12 16:48:00,12.0
2025-06-12 19:43:00,22.0
2025-06-12 01:17:00,92.4
2025-06-12 18:23:00,24.3
2025-06-12 04:07:00,13.4
2025-06-12 02:53:00,14.3
2025-06-12 00:24:00,1.2
2025-06-12 18:04:00,16.2
2025-06-12 12:27:00,30.9
2025-06-12 01:00:00,36.6
2025-06-12 08:56:00,94.3
2025-06-12 01:48:00,69.5
2025-06-12 15:32:00,36.7
2025-06-12 11:36:00,8.5
2025-06-12 14:22:00,70.2
2025-06-12 10:31:00,0.8
2025-06-12 16:31:00,14.3
2025-06-12 16:51:00,49.94205948042788
2025-06-12 17:26:00,39.3
2025-06-12 18:09:00,52.1
2025-06-12 07:21:00,35.3
2025-06-12 16:35:00,88.2
2025-06-12 00:08:00,75.6
2025-06-12 20:07:00,49.94205948042788
2025-06-12 03:16:00,70.3
2025-06-12 03:42:00,40.3
2025-06-12 14:35:00,49.94205948042788
2025-06-12 03:57:00,49.94205948042788
2025-06-12 19:43:00,51.4
2025-06-12 08:00:00,22.5
2025-06-12 12:56:00,49.94205948042788
2025-06-12 17:54:00,34.0
2025-06-12 10:43:00,49.94205948042788
2025-06-12 07:01:00,43.8
2025-06-12 16:45:00,62.6
2025-06-12 07:14:00,88.3
2025-06-12 09:57:00,82.1
2025-06-12 11:10:00,37.8
2025-06-12 23:26:00,60.1
2025-06-12 13:17:00,66.6
2025-06-12 12:32:00,38.5
2025-06-12 23:43:00,79.6
2025-06-12 06:04:00,14.3
2025-06-12 15:02:00,68.6
2025-06-12 20:21:00,59.7
2025-06-12 00:02:00,13.0
2025-06-12 10:06:00,49.94205948042788
2025-06-12 14:48:00,23.7
2025-06-12 20:06:00,16.6
2025-06-12 02:19:00,58.3
2025-06-12 09:04:00,4.3
2025-06-12 13:54:00,56.8
2025-06-12 18:50:00,85.8
2025-06-12 09:22:00,36.4
2025-06-12 09:23:00,49.94205948042788
2025-06-12 15:13:00,56.8
2025-06-12 08:40:00,53.5
2025-06-12 12:40:00,87.5
2025-06-12 05:38:00,29.8
2025-06-12 14:17:00,95.8
2025-06-12 21:27:00,46.2
2025-06-12 08:59:00,9.3
2025-06-12 13:42:00,72.8
2025-06-12 23:19:00,32.1
2025-06-12 20:22:00,27.1
2025-06-12 20:09:00,49.94205948042788
2025-06-12 17:16:00,24.1
2025-06-12 12:16:00,93.4
2025-06-12 19:15:00,39.2
2025-06-12 00:19:00,82.4
2025-06-12 04:03:00,8.5
2025-06-12 23:38:00,15.2
2025-06-12 19:21:00,67.7
2025-06-12 09:59:00,12.0
2025-06-12 09:52:00,93.2
2025-06-12 18:59:00,19.1
2025-06-12 08:46:00,42.4
2025-06-12 09:42:00,49.94205948042788
2025-06-12 09:16:00,49.94205948042788
2025-06-12 09:14:00,99.8
2025-06-12 01:16:00,39.6
2025-06-12 16:37:00,13.0
2025-06-12 01:58:00,81.8
2025-06-12 06:56:00,49.94205948042788
2025-06-12 23:39:00,37.9
2025-06-12 12:33:00,67.7
2025-06-12 04:24:00,87.3
2025-06-12 21:09:00,19.9
2025-06-12 06:56:00,38.2
2025-06-12 08:30:00,67.7
2025-06-12 23:04:00,48.2
2025-06-12 12:14:00,35.9
2025-06-12 12:08:00,14.0
2025-06-12 00:39:00,7.4
2025-06-12 08:11:00,47.8
2025-06-12 20:15:00,5.9
2025-06-12 10:27:00,37.7
2025-06-12 16:37:00,44.2
2025-06-12 00:58:00,66.4
2025-06-12 13:56:00,49.94205948042788
2025-06-12 23:27:00,16.9
2025-06-12 23:11:00,93.5
2025-06-12 08:50:00,92.0
2025-06-12 00:30:00,40.3
2025-06-12 02:21:00,49.94205948042788
2025-06-12 10:20:00,23.8
2025-06-12 08:40:00,69.7
2025-06-12 12:55:00,49.3
2025-06-12 08:13:00,92.1
2025-06-12 08:53:00,49.94205948042788
2025-06-12 05:04:00,12.1
2025-06-12 21:30:00,0.3
2025-06-12 07:57:00,61.1
2025-06-12 18:35:00,26.0
2025-06-12 08:23:00,60.9
2025-06-12 20:59:00,88.6
2025-06-12 04:15:00,7.6
2025-06-12 14:42:00,31.6
2025-06-12 03:46:00,49.94205948042788
2025-06-12 00:20:00,49.94205948042788
2025-06-12 11:03:00,66.0
2025-06-12 07:04:00,97.9
2025-06-12 23:56:00,0.4
2025-06-12 06:02:00,47.9
2025-06-12 20:56:00,86.1
2025-06-12 07:50:00,49.94205948042788
2025-06-12 15:11:00,36.4
2025-06-12 19:41:00,49.94205948042788
2025-06-12 09:53:00,64.7
2025-06-12 19:03:00,1.7
2025-06-12 17:28:00,38.0
2025-06-12 12:03:00,1.6
2025-06-12 02:22:00,38.0
2025-06-12 18:39:00,20.5
2025-06-12 18:29:00,85.1
2025-06-12 21:44:00,56.1
2025-06-12 07:14:00,92.5
2025-06-12 14:43:00,97.8
2025-06-12 02:25:00,49.94205948042788
2025-06-12 03:30:00,97.5
2025-06-12 00:17:00,19.3
2025-06-12 10:48:00,42.3
2025-06-12 08:44:00,56.8
2025-06-12 23:22:00,25.0
2025-06-12 13:30:00,24.7
2025-06-12 00:06:00,19.0
2025-06-12 13:07:00,32.0
2025-06-12 03:32:00,89.5
2025-06-12 19:40:00,82.0
2025-06-12 10:02:00,11.7
2025-06-12 10:30:00,34.3
2025-06-12 09:37:00,52.5
2025-06-12 10:23:00,3.4
2025-06-12 03:25:00,49.94205948042788
2025-06-12 05:57:00,31.9
2025-06-12 19:56:00,74.7
2025-06-12 17:16:00,8.9
2025-06-12 00:33:00,88.5
2025-06-12 18:23:00,48.8
2025-06-12 03:57:00,57.4
2025-06-12 01:44:00,95.1
2025-06-12 04:58:00,20.4
2025-06-12 10:24:00,7.9
2025-06-12 06:26:00,76.2
2025-06-12 18:43:00,48.5
2025-06-12 08:40:00,4.2
2025-06-12 04:26:00,13.1
2025-06-12 15:06:00,28.6
2025-06-12 21:36:00,69.4
2025-06-12 21:28:00,23.8
2025-06-12 22:27:00,49.0
2025-06-12 23:45:00,94.9
2025-06-12 11:10:00,22.0
2025-06-12 13:59:00,30.2
2025-06-12 05:15:00,82.8
2025-06-12 14:55:00,54.1
2025-06-12 02:24:00,20.8
2025-06-12 10:46:00,10.3
2025-06-12 06:38:00,79.6
2025-06-12 03:09:00,5.9
2025-06-12 09:06:00,49.94205948042788
2025-06-12 15:51:00,13.0
2025-06-12 00:43:00,49.94205948042788
2025-06-12 20:49:00,49.94205948042788
2025-06-12 03:44:00,43.3
2025-06-12 22:53:00,52.2
2025-06-12 13:59:00,43.7
2025-06-12 06:28:00,28.6
2025-06-12 06:18:00,49.94205948042788
2025-06-12 08:32:00,18.0
2025-06-12 11:52:00,10.8
2025-06-12 02:45:00,49.94205948042788
2025-06-12 09:34:00,27.7
2025-06-12 10:10:00,49.94205948042788
2025-06-12 17:44:00,3.5
2025-06-12 22:50:00,65.8
2025-06-12 06:48:00,2.6
2025-06-12 15:49:00,52.8
2025-06-12 12:49:00,12.5
2025-06-12 11:34:00,1.9
2025-06-12 14:07:00,86.2
2025-06-12 16:39:00,69.7
2025-06-12 11:01:00,13.2
2025-06-12 06:07:00,29.7
2025-06-12 07:40:00,6.7
2025-06-12 10:11:00,89.2
2025-06-12 19:33:00,49.94205948042788
2025-06-12 01:13:00,79.5
2025-06-12 08:01:00,30.6
2025-06-12 23:33:00,56.4
2025-06-12 22:30:00,14.1
2025-06-12 05:29:00,58.2
2025-06-12 12:04:00,49.94205948042788
2025-06-12 11:06:00,49.94205948042788
2025-06-12 20:28:00,49.94205948042788
2025-06-12 16:50:00,74.3
2025-06-12 13:12:00,49.94205948042788
2025-06-12 22:03:00,59.5
2025-06-12 06:08:00,19.0
2025-06-12 01:23:00,78.6
2025-06-12 21:32:00,3.9
2025-06-12 05:23:00,60.1
2025-06-12 15:59:00,25.0
2025-06-12 05:10:00,13.6
2025-06-12 08:56:00,49.2
2025-06-12 10:31:00,41.9
2025-06-12 15:32:00,85.9
2025-06-12 15:49:00,59.5
2025-06-12 05:26:00,3.0
2025-06-12 08:23:00,92.0
2025-06-12 06:23:00,36.1
2025-06-12 02:10:00,90.6
2025-06-12 19:34:00,12.5
2025-06-12 17:59:00,71.1
2025-06-12 23:27:00,29.3
2025-06-12 14:07:00,7.1
2025-06-12 23:20:00,82.0
2025-06-12 03:56:00,42.3
2025-06-12 09:53:00,49.94205948042788
2025-06-12 09:07:00,39.8
2025-06-12 03:09:00,26.7
2025-06-12 06:41:00,48.0
2025-06-12 20:18:00,49.94205948042788
2025-06-12 12:23:00,34.2
2025-06-12 09:51:00,55.6
2025-06-12 18:11:00,8.8
2025-06-12 18:51:00,8.9
2025-06-12 00:30:00,71.0
2025-06-12 09:34:00,83.1
2025-06-12 15:00:00,57.7
2025-06-12 20:56:00,49.94205948042788
2025-06-12 12:22:00,25.1
2025-06-12 06:33:00,29.1
2025-06-12 04:03:00,18.1
2025-06-12 16:35:00,86.8
2025-06-12 22:37:00,28.9
2025-06-12 23:53:00,21.9
2025-06-12 03:35:00,88.8
2025-06-12 05:30:00,13.0
2025-06-12 23:04:00,34.9
2025-06-12 13:21:00,71.7
2025-06-12 17:16:00,68.0
2025-06-12 15:01:00,12.8
2025-06-12 22:58:00,17.8
2025-06-12 09:50:00,84.6
2025-06-12 16:15:00,8.8
2025-06-12 09:46:00,56.3
2025-06-12 07:49:00,8.2
2025-06-12 03:06:00,19.7
2025-06-12 09:07:00,62.2
2025-06-12 03:06:00,84.4
2025-06-12 13:13:00,49.7
2025-06-12 11:00:00,66.3
2025-06-12 18:38:00,49.94205948042788
2025-06-12 17:52:00,75.4
2025-06-12 08:09:00,1.0
2025-06-12 23:27:00,49.94205948042788
2025-06-12 18:18:00,62.4
2025-06-12 14:01:00,47.8
2025-06-12 05:50:00,80.5
2025-06-12 00:38:00,9.8
2025-06-12 21:56:00,49.94205948042788
2025-06-12 23:46:00,21.1
2025-06-12 11:38:00,98.4
2025-06-12 11:38:00,49.94205948042788
2025-06-12 01:13:00,78.2
2025-06-12 00:12:00,47.7
2025-06-12 18:16:00,40.9
2025-06-12 09:16:00,99.4
2025-06-12 03:59:00,56.5
2025-06-12 01:53:00,49.94205948042788
2025-06-12 13:54:00,57.5
2025-06-12 10:43:00,95.6
2025-06-12 19:21:00,19.9
2025-06-12 02:39:00,48.8
2025-06-12 08:48:00,29.8
2025-06-12 01:30:00,10.0
2025-06-12 14:28:00,97.7
2025-06-12 00:54:00,57.8
2025-06-12 18:26:00,90.3
2025-06-12 15:27:00,58.3
2025-06-12 18:01:00,49.94205948042788
2025-06-12 19:46:00,58.2
2025-06-12 14:11:00,64.7
2025-06-12 20:54:00,71.4
2025-06-12 15:09:00,49.94205948042788
2025-06-12 08:48:00,13.5
2025-06-12 17:06:00,58.1
2025-06-12 14:46:00,59.4
2025-06-12 10:45:00,47.4
2025-06-12 14:34:00,50.9
2025-06-12 18:24:00,52.4
2025-06-12 00:08:00,13.0
2025-06-12 09:44:00,49.94205948042788
2025-06-12 10:26:00,49.94205948042788
2025-06-12 07:11:00,49.94205948042788
2025-06-12 16:58:00,49.94205948042788
2025-06-12 19:00:00,21.4
2025-06-12 07:30:00,24.0
2025-06-12 09:27:00,73.3
2025-06-12 04:42:00,30.5
2025-06-12 23:15:00,36.8
2025-06-12 15:48:00,53.7
2025-06-12 10:29:00,17.1
2025-06-12 01:57:00,53.8
2025-06-12 10:48:00,76.0
2025-06-12 00:29:00,49.94205948042788
2025-06-12 07:47:00,33.1
2025-06-12 04:38:00,78.4
2025-06-12 01:27:00,49.94205948042788
2025-06-12 16:45:00,71.6
2025-06-12 07:25:00,97.9
2025-06-12 01:32:00,49.94205948042788
2025-06-12 09:00:00,49.94205948042788
2025-06-12 11:18:00,65.1
2025-06-12 13:51:00,5.8
2025-06-12 14:45:00,34.0
2025-06-12 14:59:00,84.3
2025-06-12 15:31:00,38.0
2025-06-12 12:09:00,51.4
2025-06-12 14:21:00,4.1
2025-06-12 09:39:00,87.6
2025-06-12 18:46:00,14.3
2025-06-12 06:21:00,99.7
2025-06-12 22:55:00,73.4
2025-06-12 06:20:00,0.1
2025-06-12 18:34:00,50.024092836946274
2025-06-12 22:30:00,95.5
2025-06-12 15:52:00,32.7
2025-06-12 22:12:00,22.6
2025-06-12 15:46:00,9.4
2025-06-12 13:36:00,24.0
2025-06-12 17:10:00,81.8
2025-06-12 10:54:00,23.0
2025-06-12 02:30:00,3.8
2025-06-12 06:38:00,49.5
2025-06-12 18:25:00,33.0
2025-06-12 13:26:00,17.5
2025-06-12 01:07:00,50.024092836946274
2025-06-12 17:36:00,34.8
2025-06-12 00:14:00,49.1
2025-06-12 06:20:00,64.1
2025-06-12 13:12:00,19.5
2025-06-12 23:35:00,46.6
2025-06-12 20:55:00,13.7
2025-06-12 12:31:00,76.2
2025-06-12 07:13:00,7.0
2025-06-12 17:06:00,99.0
2025-06-12 10:46:00,60.9
2025-06-12 04:45:00,54.8
2025-06-12 12:36:00,96.5
2025-06-12 20:47:00,17.6
2025-06-12 15:56:00,86.7
2025-06-12 04:31:00,55.7
2025-06-12 08:42:00,14.2
2025-06-12 17:23:00,76.5
2025-06-12 12:36:00,42.4
2025-06-12 12:07:00,46.7
2025-06-12 20:53:00,88.3
2025-06-12 03:03:00,34.6
2025-06-12 22:08:00,10.8
2025-06-12 19:05:00,50.024092836946274
2025-06-12 13:20:00,90.1
2025-06-12 16:27:00,42.5
2025-06-12 12:58:00,50.024092836946274
2025-06-12 07:37:00,76.0
2025-06-12 08:31:00,0.2
2025-06-12 06:22:00,92.5
2025-06-12 05:28:00,75.2
2025-06-12 03:39:00,0.1
2025-06-12 18:07:00,37.4
2025-06-12 17:05:00,14.2
2025-06-12 04:17:00,48.7
2025-06-12 10:12:00,50.024092836946274
2025-06-12 19:15:00,5.2
2025-06-12 08:10:00,9.8
2025-06-12 11:41:00,3.0
2025-06-12 21:31:00,25.2
2025-06-12 03:31:00,50.024092836946274
2025-06-12 05:04:00,80.0
2025-06-12 21:06:00,9.5
2025-06-12 00:09:00,27.8
2025-06-12 15:15:00,62.7
2025-06-12 16:41:00,91.9
2025-06-12 14:13:00,50.024092836946274
2025-06-12 19:12:00,50.024092836946274
2025-06-12 20:06:00,31.9
2025-06-12 09:35:00,54.4
2025-06-12 10:18:00,27.5
2025-06-12 05:15:00,20.5
2025-06-12 01:59:00,64.2
2025-06-12 00:44:00,37.1
2025-06-12 08:55:00,88.7
2025-06-12 21:27:00,73.7
2025-06-12 06:57:00,66.2
2025-06-12 20:35:00,93.7
2025-06-12 11:39:00,81.1
2025-06-12 02:02:00,71.3
2025-06-12 10:50:00,75.4
2025-06-12 02:11:00,78.3
2025-06-12 01:57:00,8.8
2025-06-12 22:22:00,78.3
2025-06-12 19:02:00,31.7
2025-06-12 10:39:00,11.5
2025-06-12 00:47:00,53.9
2025-06-12 02:13:00,61.0
2025-06-12 14:45:00,2.8
2025-06-12 22:56:00,43.3
2025-06-12 21:48:00,88.7
2025-06-12 09:11:00,79.0
2025-06-12 02:43:00,82.2
2025-06-12 16:12:00,19.2
2025-06-12 02:32:00,79.1
2025-06-12 04:48:00,99.5
2025-06-12 18:00:00,24.4
2025-06-12 02:04:00,88.7
2025-06-12 10:12:00,45.7
2025-06-12 00:42:00,65.9
2025-06-12 14:38:00,18.3
2025-06-12 12:50:00,4.5
2025-06-12 21:29:00,2.6
2025-06-12 20:42:00,10.1
2025-06-12 17:48:00,20.2
2025-06-12 08:04:00,50.024092836946274
2025-06-12 01:06:00,50.024092836946274
2025-06-12 02:20:00,12.4
2025-06-12 09:57:00,50.024092836946274
2025-06-12 23:11:00,87.0
2025-06-12 15:01:00,50.024092836946274
2025-06-12 09:45:00,37.0
2025-06-12 06:39:00,68.3
2025-06-12 13:58:00,30.1
2025-06-12 06:38:00,49.7
2025-06-12 11:12:00,36.7
2025-06-12 17:21:00,34.9
2025-06-12 07:03:00,39.6
2025-06-12 06:35:00,50.024092836946274
2025-06-12 07:06:00,91.2
2025-06-12 02:08:00,1.5
2025-06-12 04:24:00,62.4
2025-06-12 21:13:00,59.8
2025-06-12 10:23:00,1.3
2025-06-12 10:36:00,99.7
2025-06-12 07:15:00,74.3
2025-06-12 17:59:00,50.024092836946274
2025-06-12 12:17:00,38.8
2025-06-12 12:27:00,85.0
2025-06-12 06:07:00,87.1
2025-06-12 12:18:00,95.3
2025-06-12 19:11:00,65.6
2025-06-12 13:31:00,14.1
2025-06-12 10:10:00,50.024092836946274
2025-06-12 20:42:00,50.024092836946274
2025-06-12 12:41:00,93.7
2025-06-12 09:22:00,50.024092836946274
2025-06-12 22:57:00,76.8
2025-06-12 10:29:00,38.9
2025-06-12 07:29:00,4.7
2025-06-12 10:56:00,87.7
2025-06-12 03:28:00,65.7
2025-06-12 07:08:00,95.6
2025-06-12 23:53:00,62.3
2025-06-12 14:56:00,50.024092836946274
2025-06-12 03:34:00,78.1
2025-06-12 01:58:00,50.024092836946274
2025-06-12 08:55:00,70.0
2025-06-12 17:43:00,49.3
2025-06-12 03:12:00,67.4
2025-06-12 15:40:00,16.3
2025-06-12 08:39:00,49.2
2025-06-12 14:30:00,30.5
2025-06-12 01:29:00,46.1
2025-06-12 02:29:00,46.9
2025-06-12 12:43:00,6.5
2025-06-12 02:52:00,94.9
2025-06-12 16:12:00,95.4
2025-06-12 22:40:00,82.8
2025-06-12 11:34:00,0.6
2025-06-12 01:24:00,50.024092836946274
2025-06-12 08:21:00,70.9
2025-06-12 07:57:00,5.8
2025-06-12 20:11:00,92.7
2025-06-12 01:20:00,50.024092836946274
2025-06-12 06:44:00,57.1
2025-06-12 21:05:00,82.5
2025-06-12 04:22:00,6.8
2025-06-12 08:27:00,44.2
2025-06-12 18:11:00,72.7
2025-06-12 03:45:00,53.8
2025-06-12 17:50:00,13.1
2025-06-12 14:02:00,4.0
2025-06-12 21:33:00,52.2
2025-06-12 10:54:00,44.7
2025-06-12 22:04:00,68.4
2025-06-12 16:22:00,50.024092836946274
2025-06-12 21:12:00,50.024092836946274
2025-06-12 19:41:00,31.0
2025-06-12 05:59:00,39.6
2025-06-12 02:01:00,27.4
2025-06-12 14:34:00,34.5
2025-06-12 14:30:00,25.6
2025-06-12 11:54:00,50.024092836946274
2025-06-12 07:19:00,4.2
2025-06-12 11:14:00,50.0
2025-06-12 21:36:00,58.2
2025-06-12 18:21:00,50.024092836946274
2025-06-12 19:15:00,53.2
2025-06-12 01:20:00,87.9
2025-06-12 11:26:00,51.6
2025-06-12 09:33:00,91.3
2025-06-12 09:11:00,26.3
2025-06-12 16:44:00,1.6
2025-06-12 12:22:00,9.1
2025-06-12 10:40:00,55.9
2025-06-12 16:21:00,74.3
2025-06-12 23:51:00,82.2
2025-06-12 17:33:00,66.6
2025-06-12 11:37:00,50.024092836946274
2025-06-12 08:33:00,6.9
2025-06-12 20:41:00,81.1
2025-06-12 10:20:00,19.5
2025-06-12 16:24:00,33.5
2025-06-12 15:51:00,50.024092836946274
2025-06-12 13:26:00,1.4
2025-06-12 09:46:00,89.6
2025-06-12 22:00:00,41.3
2025-06-12 20:08:00,38.4
2025-06-12 14:29:00,94.9
2025-06-12 13:00:00,43.8
2025-06-12 09:31:00,62.2
2025-06-12 13:04:00,19.8
2025-06-12 06:03:00,62.9
2025-06-12 23:28:00,54.9
2025-06-12 14:20:00,27.0
2025-06-12 08:10:00,78.9
2025-06-12 07:07:00,50.024092836946274
2025-06-12 04:08:00,50.0
2025-06-12 05:32:00,57.7
2025-06-12 17:33:00,33.1
2025-06-12 00:09:00,13.9
2025-06-12 05:52:00,60.1
2025-06-12 12:01:00,53.9
2025-06-12 17:13:00,50.024092836946274
2025-06-12 20:22:00,50.024092836946274
2025-06-12 05:02:00,50.024092836946274
2025-06-12 03:10:00,16.5
2025-06-12 17:53:00,20.7
2025-06-12 04:17:00,85.2
2025-06-12 04:07:00,47.5
2025-06-12 00:18:00,50.024092836946274
2025-06-12 21:41:00,34.1
2025-06-12 07:11:00,23.0
2025-06-12 23:31:00,19.5
2025-06-12 11:55:00,50.024092836946274
2025-06-12 10:53:00,2.2
2025-06-12 07:42:00,93.5
2025-06-12 04:10:00,80.3
2025-06-12 14:07:00,97.9
2025-06-12 10:20:00,81.2
2025-06-12 10:11:00,8.8
2025-06-12 22:48:00,58.5
2025-06-12 06:38:00,90.7
2025-06-12 17:16:00,27.1
2025-06-12 08:31:00,50.024092836946274
2025-06-12 15:33:00,51.7
2025-06-12 03:46:00,50.024092836946274
2025-06-12 09:27:00,50.024092836946274
2025-06-12 21:18:00,96.6
2025-06-12 16:42:00,50.024092836946274
2025-06-12 00:45:00,14.2
2025-06-12 07:11:00,90.9
2025-06-12 14:08:00,33.9
2025-06-12 13:54:00,77.5
2025-06-12 05:23:00,96.1
2025-06-12 16:28:00,50.024092836946274
2025-06-12 14:16:00,45.0
2025-06-12 05:49:00,50.024092836946274
2025-06-12 10:55:00,77.3
2025-06-12 09:33:00,0.2
2025-06-12 01:51:00,5.5
2025-06-12 07:24:00,98.2
2025-06-12 03:43:00,39.9
2025-06-12 11:59:00,11.5
2025-06-12 23:49:00,50.024092836946274
2025-06-12 22:42:00,90.0
2025-06-12 23:33:00,31.2
2025-06-12 03:41:00,94.6
2025-06-12 23:53:00,93.1
2025-06-12 09:16:00,29.5
2025-06-12 09:21:00,92.8
2025-06-12 23:49:00,85.1
2025-06-12 12:07:00,14.6
2025-06-12 07:18:00,45.4
2025-06-12 09:23:00,70.8
2025-06-12 16:34:00,50.024092836946274
2025-06-12 21:31:00,36.7
2025-06-12 02:59:00,55.2
2025-06-12 14:02:00,50.024092836946274
2025-06-12 10:49:00,84.4
2025-06-12 15:53:00,74.6
2025-06-12 18:44:00,93.4
2025-06-12 20:03:00,80.0
2025-06-12 00:26:00,68.0
2025-06-12 14:02:00,67.3
2025-06-12 20:55:00,75.9
2025-06-12 12:49:00,50.024092836946274
2025-06-12 09:27:00,98.5
2025-06-12 12:44:00,85.4
2025-06-12 09:51:00,45.2
2025-06-12 18:41:00,50.024092836946274
2025-06-12 10:11:00,99.8
2025-06-12 09:24:00,85.3
2025-06-12 04:56:00,62.5
2025-06-12 21:58:00,64.0
2025-06-12 03:27:00,12.5
2025-06-12 18:01:00,71.7
2025-06-12 20:52:00,41.6
2025-06-12 00:04:00,4.7
2025-06-12 03:37:00,7.8
2025-06-12 22:08:00,26.2
2025-06-12 12:58:00,37.4
2025-06-12 07:04:00,71.3
2025-06-12 06:59:00,60.2
2025-06-12 17:28:00,50.6
2025-06-12 03:36:00,11.5
2025-06-12 10:11:00,96.2
2025-06-12 08:20:00,8.5
2025-06-12 19:49:00,66.3
2025-06-12 03:19:00,72.9
2025-06-12 16:58:00,8.9
2025-06-12 14:09:00,14.3
2025-06-12 05:22:00,19.6
2025-06-12 15:56:00,51.8
2025-06-12 14:26:00,26.1
2025-06-12 10:19:00,22.9
2025-06-12 03:36:00,48.0
2025-06-12 12:20:00,3.9
2025-06-12 18:40:00,74.9
2025-06-12 15:43:00,39.4
2025-06-12 00:49:00,89.6
2025-06-12 12:32:00,95.6
2025-06-12 13:44:00,43.8
2025-06-12 18:04:00,50.024092836946274
2025-06-12 13:53:00,11.4
2025-06-12 01:41:00,15.2
2025-06-12 17:36:00,50.024092836946274
2025-06-12 08:03:00,15.7
2025-06-12 09:01:00,50.024092836946274
2025-06-12 23:55:00,65.7
2025-06-12 04:14:00,21.0
2025-06-12 03:14:00,95.8
2025-06-12 11:33:00,81.1
2025-06-12 13:10:00,68.9
2025-06-12 02:25:00,33.0
2025-06-12 22:48:00,63.1
2025-06-12 07:05:00,72.0
2025-06-12 05:34:00,36.9
2025-06-12 06:01:00,42.3
2025-06-12 13:57:00,9.1
2025-06-12 19:16:00,20.6
2025-06-12 06:19:00,92.9
2025-06-12 04:18:00,49.2
2025-06-12 13:28:00,95.5
2025-06-12 20:25:00,55.5
2025-06-12 05:07:00,35.0
2025-06-12 02:31:00,77.1
2025-06-12 14:12:00,8.3
2025-06-12 15:19:00,52.0
2025-06-12 04:18:00,42.3
2025-06-12 06:07:00,77.6
2025-06-12 11:50:00,49.54963144963145
2025-06-12 22:35:00,91.8
2025-06-12 10:05:00,80.1
2025-06-12 12:42:00,49.54963144963145
2025-06-12 21:59:00,31.2
2025-06-12 23:26:00,23.8
2025-06-12 13:15:00,81.8
2025-06-12 21:57:00,65.3
2025-06-12 21:15:00,79.8
2025-06-12 07:31:00,49.54963144963145
2025-06-12 10:59:00,79.4
2025-06-12 06:21:00,30.4
2025-06-12 00:15:00,16.2
2025-06-12 01:32:00,76.0
2025-06-12 23:34:00,46.0
2025-06-12 02:58:00,85.8
2025-06-12 07:00:00,13.4
2025-06-12 10:30:00,26.3
2025-06-12 01:55:00,78.2
2025-06-12 12:30:00,21.5
2025-06-12 05:47:00,49.54963144963145
2025-06-12 05:33:00,51.5
2025-06-12 02:56:00,45.2
2025-06-12 20:47:00,93.9
2025-06-12 22:19:00,96.5
2025-06-12 04:28:00,30.3
2025-06-12 07:32:00,81.5
2025-06-12 06:42:00,17.1
2025-06-12 23:33:00,49.54963144963145
2025-06-12 17:11:00,5.5
2025-06-12 10:45:00,41.5
2025-06-12 09:48:00,61.2
2025-06-12 19:23:00,25.5
2025-06-12 10:11:00,26.5
2025-06-12 11:14:00,69.7
2025-06-12 03:49:00,71.3
2025-06-12 11:27:00,32.8
2025-06-12 14:09:00,7.8
2025-06-12 03:13:00,41.9
2025-06-12 13:13:00,65.7
2025-06-12 17:50:00,9.5
2025-06-12 23:38:00,49.54963144963145
2025-06-12 11:07:00,61.7
2025-06-12 21:34:00,19.6
2025-06-12 01:38:00,24.7
2025-06-12 16:06:00,49.54963144963145
2025-06-12 14:25:00,17.4
2025-06-12 12:15:00,84.5
2025-06-12 21:05:00,17.3
2025-06-12 20:40:00,69.9
2025-06-12 09:41:00,66.0
2025-06-12 16:02:00,44.7
2025-06-12 08:04:00,7.9
2025-06-12 16:25:00,49.54963144963145
2025-06-12 11:59:00,84.9
2025-06-12 15:46:00,49.54963144963145
2025-06-12 01:04:00,60.4
2025-06-12 05:05:00,3.0
2025-06-12 07:24:00,43.3
2025-06-12 16:54:00,13.7
2025-06-12 12:53:00,60.7
2025-06-12 15:02:00,34.5
2025-06-12 01:23:00,27.7
2025-06-12 01:49:00,91.9
2025-06-12 05:18:00,59.6
2025-06-12 16:44:00,20.6
2025-06-12 13:46:00,49.54963144963145
2025-06-12 06:50:00,40.1
2025-06-12 10:23:00,18.3
2025-06-12 05:11:00,11.9
2025-06-12 23:26:00,39.8
2025-06-12 13:54:00,19.4
2025-06-12 07:49:00,22.2
2025-06-12 09:43:00,19.9
2025-06-12 00:15:00,81.2
2025-06-12 10:58:00,37.2
2025-06-12 12:10:00,18.3
2025-06-12 09:06:00,16.6
2025-06-12 23:55:00,84.9
2025-06-12 15:09:00,49.4
2025-06-12 11:44:00,54.0
2025-06-12 11:44:00,79.0
2025-06-12 12:34:00,35.0
2025-06-12 03:25:00,34.6
2025-06-12 14:35:00,98.6
2025-06-12 06:42:00,63.1
2025-06-12 11:01:00,83.8
2025-06-12 15:13:00,49.54963144963145
2025-06-12 16:22:00,1.4
2025-06-12 23:13:00,71.2
2025-06-12 11:08:00,53.7
2025-06-12 16:08:00,49.54963144963145
2025-06-12 03:15:00,47.3
2025-06-12 05:52:00,49.54963144963145
2025-06-12 19:18:00,22.9
2025-06-12 10:27:00,49.5
2025-06-12 11:01:00,49.3
2025-06-12 15:31:00,98.0
2025-06-12 22:03:00,26.8
2025-06-12 05:17:00,40.6
2025-06-12 10:30:00,56.1
2025-06-12 03:39:00,50.6
2025-06-12 11:02:00,74.1
2025-06-12 12:09:00,32.2
2025-06-12 00:27:00,60.5
2025-06-12 20:36:00,73.8
2025-06-12 14:33:00,96.9
2025-06-12 04:25:00,27.1
2025-06-12 19:03:00,49.54963144963145
2025-06-12 22:54:00,50.1
2025-06-12 12:58:00,49.0
2025-06-12 14:22:00,29.5
2025-06-12 02:12:00,49.54963144963145
2025-06-12 02:32:00,60.5
2025-06-12 05:00:00,16.2
2025-06-12 23:40:00,19.1
2025-06-12 05:46:00,95.4
2025-06-12 02:09:00,56.4
2025-06-12 23:35:00,66.7
2025-06-12 20:12:00,44.1
2025-06-12 06:14:00,1.3
2025-06-12 09:01:00,52.1
2025-06-12 09:16:00,50.6
2025-06-12 02:05:00,49.54963144963145
2025-06-12 06:51:00,64.0
2025-06-12 14:57:00,49.54963144963145
2025-06-12 14:30:00,72.1
2025-06-12 18:49:00,73.4
2025-06-12 05:09:00,7.6
2025-06-12 02:35:00,49.54963144963145
2025-06-12 08:46:00,95.5
2025-06-12 01:35:00,87.9
2025-06-12 16:28:00,77.9
2025-06-12 04:08:00,49.54963144963145
2025-06-12 05:40:00,15.1
2025-06-12 15:20:00,79.0
2025-06-12 07:38:00,6.6
2025-06-12 06:15:00,36.5
2025-06-12 04:11:00,67.7
2025-06-12 20:55:00,94.5
2025-06-12 15:43:00,39.9
2025-06-12 23:07:00,49.54963144963145
2025-06-12 02:21:00,82.2
2025-06-12 18:59:00,83.8
2025-06-12 13:53:00,1.7
2025-06-12 20:42:00,49.3
2025-06-12 02:37:00,93.7
2025-06-12 10:58:00,95.2
2025-06-12 13:02:00,85.6
2025-06-12 16:22:00,36.6
2025-06-12 15:23:00,39.2
2025-06-12 18:15:00,93.2
2025-06-12 01:15:00,71.5
2025-06-12 01:57:00,42.5
2025-06-12 23:44:00,49.54963144963145
2025-06-12 13:08:00,41.3
2025-06-12 00:09:00,77.6
2025-06-12 11:39:00,94.7
2025-06-12 14:32:00,49.54963144963145
2025-06-12 14:16:00,49.54963144963145
2025-06-12 17:24:00,0.0
2025-06-12 14:28:00,83.2
2025-06-12 12:38:00,49.54963144963145
2025-06-12 11:20:00,91.6
2025-06-12 18:07:00,72.8
2025-06-12 19:39:00,39.7
2025-06-12 16:34:00,70.5
2025-06-12 11:31:00,97.9
2025-06-12 11:28:00,47.1
2025-06-12 23:40:00,4.4
2025-06-12 04:09:00,70.0
2025-06-12 11:30:00,7.6
2025-06-12 22:51:00,43.8
2025-06-12 19:43:00,50.7
2025-06-12 10:14:00,59.6
2025-06-12 15:26:00,64.6
2025-06-12 01:53:00,49.54963144963145
2025-06-12 02:11:00,68.2
2025-06-12 00:18:00,2.5
2025-06-12 06:41:00,33.5
2025-06-12 06:48:00,0.5
2025-06-12 09:16:00,95.5
2025-06-12 10:04:00,65.0
2025-06-12 22:06:00,28.1
2025-06-12 14:30:00,49.54963144963145
2025-06-12 18:25:00,49.54963144963145
2025-06-12 21:09:00,16.5
2025-06-12 04:22:00,0.5
2025-06-12 13:15:00,68.5
2025-06-12 07:35:00,12.1
2025-06-12 00:11:00,47.0
2025-06-12 02:04:00,3.3
2025-06-12 09:21:00,77.3
2025-06-12 06:24:00,82.1
2025-06-12 20:41:00,32.8
2025-06-12 07:27:00,20.0
2025-06-12 14:01:00,26.6
2025-06-12 23:00:00,29.2
2025-06-12 15:33:00,5.7
2025-06-12 08:10:00,36.3
2025-06-12 22:11:00,12.9
2025-06-12 07:09:00,24.2
2025-06-12 10:04:00,31.1
2025-06-12 00:53:00,49.54963144963145
2025-06-12 13:43:00,16.7
2025-06-12 23:49:00,78.8
2025-06-12 09:32:00,76.6
2025-06-12 18:29:00,49.54963144963145
2025-06-12 11:48:00,49.54963144963145
2025-06-12 11:22:00,37.0
2025-06-12 02:45:00,90.7
2025-06-12 00:50:00,27.3
2025-06-12 05:36:00,18.2
2025-06-12 05:10:00,99.0
2025-06-12 06:39:00,33.8
2025-06-12 22:23:00,19.4
2025-06-12 00:29:00,68.8
2025-06-12 21:42:00,95.8
2025-06-12 11:00:00,44.2
2025-06-12 17:16:00,8.6
2025-06-12 13:04:00,34.6
2025-06-12 00:13:00,54.2
2025-06-12 18:18:00,75.7
2025-06-12 08:37:00,37.3
2025-06-12 01:48:00,45.9
2025-06-12 23:56:00,93.4
2025-06-12 14:48:00,71.8
2025-06-12 02:52:00,2.5
2025-06-12 06:29:00,49.54963144963145
2025-06-12 08:08:00,49.54963144963145
2025-06-12 06:32:00,99.0
2025-06-12 12:59:00,49.54963144963145
2025-06-12 16:21:00,37.8
2025-06-12 05:13:00,23.7
2025-06-12 13:52:00,49.54963144963145
2025-06-12 10:36:00,49.54963144963145
2025-06-12 14:00:00,43.9
2025-06-12 16:14:00,74.5
2025-06-12 19:39:00,49.54963144963145
2025-06-12 17:41:00,97.1
2025-06-12 16:48:00,32.5
2025-06-12 19:31:00,27.6
2025-06-12 02:02:00,24.5
2025-06-12 23:17:00,46.8
2025-06-12 03:14:00,43.1
2025-06-12 15:20:00,45.8
2025-06-12 10:43:00,52.1
2025-06-12 06:25:00,68.5
2025-06-12 11:50:00,90.5
2025-06-12 09:58:00,64.1
2025-06-12 14:09:00,65.7
2025-06-12 17:10:00,35.5
2025-06-12 20:23:00,80.2
2025-06-12 19:34:00,49.54963144963145
2025-06-12 05:17:00,81.6
2025-06-12 10:34:00,92.8
2025-06-12 00:16:00,92.0
2025-06-12 19:47:00,33.5
2025-06-12 11:16:00,87.9
2025-06-12 21:01:00,49.54963144963145
2025-06-12 22:11:00,49.54963144963145
2025-06-12 05:35:00,31.0
2025-06-12 01:23:00,11.9
2025-06-12 20:28:00,19.5
2025-06-12 21:08:00,12.3
2025-06-12 15:27:00,1.0
2025-06-12 09:31:00,51.1
2025-06-12 23:37:00,84.0
2025-06-12 14:37:00,30.7
2025-06-12 03:14:00,82.4
2025-06-12 11:12:00,92.2
2025-06-12 11:55:00,12.2
2025-06-12 06:59:00,73.9
2025-06-12 11:58:00,30.4
2025-06-12 05:13:00,30.2
2025-06-12 00:02:00,13.0
2025-06-12 03:35:00,70.4
2025-06-12 12:46:00,42.3
2025-06-12 13:22:00,12.0
2025-06-12 04:59:00,5.6
2025-06-12 18:28:00,55.4
2025-06-12 14:31:00,49.54963144963145
2025-06-12 08:14:00,10.1
2025-06-12 22:07:00,96.4
2025-06-12 08:19:00,57.0
2025-06-12 00:43:00,65.4
2025-06-12 23:50:00,70.2
2025-06-12 22:22:00,51.2
2025-06-12 01:39:00,49.54963144963145
2025-06-12 01:26:00,20.6
2025-06-12 08:30:00,89.5
2025-06-12 11:35:00,55.2
2025-06-12 21:48:00,46.9
2025-06-12 10:23:00,3.0
2025-06-12 01:39:00,82.1
2025-06-12 15:46:00,90.8
2025-06-12 10:38:00,69.7
2025-06-12 19:50:00,73.1
2025-06-12 16:35:00,29.8
2025-06-12 07:03:00,48.1
2025-06-12 04:27:00,52.0
2025-06-12 11:39:00,42.0
2025-06-12 12:49:00,24.0
2025-06-12 15:06:00,39.2
2025-06-12 04:52:00,27.1
2025-06-12 11:25:00,19.0
2025-06-12 10:00:00,83.5
2025-06-12 07:48:00,100.0
2025-06-12 06:43:00,49.54963144963145
2025-06-12 00:39:00,18.5
2025-06-12 13:22:00,29.7
2025-06-12 18:07:00,39.7
2025-06-12 23:31:00,49.7
2025-06-12 01:28:00,39.1
2025-06-12 01:15:00,10.3
2025-06-12 10:23:00,63.9
2025-06-12 15:19:00,49.54963144963145
2025-06-12 03:02:00,49.54963144963145
2025-06-12 05:08:00,6.8
2025-06-12 13:34:00,51.3
2025-06-12 03:58:00,49.54963144963145
2025-06-12 21:53:00,24.0
2025-06-12 10:29:00,51.9
2025-06-12 13:14:00,72.0
2025-06-12 04:24:00,12.9
2025-06-12 01:27:00,49.54963144963145
2025-06-12 17:08:00,49.54963144963145
2025-06-12 12:00:00,39.7
2025-06-12 11:22:00,3.4
2025-06-12 02:13:00,97.1
2025-06-12 00:41:00,49.54963144963145
2025-06-12 21:10:00,44.0
2025-06-12 12:42:00,90.0
2025-06-12 01:40:00,86.6
2025-06-12 04:32:00,54.3
2025-06-12 21:43:00,60.2
2025-06-12 14:37:00,91.0
2025-06-12 05:01:00,77.3
2025-06-12 22:05:00,59.8
2025-06-12 19:39:00,35.9
2025-06-12 23:58:00,79.2
2025-06-12 21:19:00,80.7
2025-06-12 07:17:00,50.9
2025-06-12 19:58:00,30.4
2025-06-12 04:45:00,88.0
2025-06-12 01:14:00,18.2
2025-06-12 20:42:00,10.9
2025-06-12 16:07:00,98.7
2025-06-12 16:30:00,49.54963144963145
2025-06-12 23:58:00,14.9
2025-06-12 04:06:00,51.4
2025-06-12 05:37:00,77.4
2025-06-12 05:11:00,17.5
2025-06-12 21:35:00,85.2
2025-06-12 21:33:00,92.5
2025-06-12 20:11:00,24.0
2025-06-12 05:54:00,72.9
2025-06-12 11:46:00,91.7
2025-06-12 05:06:00,29.4
2025-06-12 07:48:00,61.9
2025-06-12 19:42:00,49.560128956623686
2025-06-12 21:04:00,46.8
2025-06-12 02:15:00,36.5
2025-06-12 01:07:00,49.560128956623686
2025-06-12 07:55:00,92.3
2025-06-12 15:48:00,68.9
2025-06-12 12:22:00,22.8
2025-06-12 14:53:00,49.560128956623686
2025-06-12 21:40:00,75.3
2025-06-12 03:53:00,12.1
2025-06-12 13:05:00,49.560128956623686
2025-06-12 13:53:00,4.3
2025-06-12 21:34:00,33.6
2025-06-12 01:25:00,8.9
2025-06-12 23:32:00,20.5
2025-06-12 17:41:00,66.7
2025-06-12 20:19:00,51.3
2025-06-12 12:17:00,35.4
2025-06-12 22:11:00,21.7
2025-06-12 15:45:00,49.560128956623686
2025-06-12 04:41:00,36.8
2025-06-12 19:50:00,49.560128956623686
2025-06-12 15:53:00,49.560128956623686
2025-06-12 17:26:00,26.2
2025-06-12 16:35:00,22.5
2025-06-12 07:45:00,44.0
2025-06-12 17:04:00,23.3
2025-06-12 04:05:00,49.560128956623686
2025-06-12 22:58:00,64.9
2025-06-12 05:24:00,43.1
2025-06-12 04:58:00,17.9
2025-06-12 12:41:00,53.6
2025-06-12 21:32:00,58.4
2025-06-12 22:08:00,49.560128956623686
2025-06-12 02:39:00,16.3
2025-06-12 05:08:00,49.560128956623686
2025-06-12 16:23:00,47.7
2025-06-12 16:42:00,44.4
2025-06-12 21:38:00,9.9
2025-06-12 11:33:00,20.8
2025-06-12 11:19:00,72.9
2025-06-12 16:45:00,39.2
2025-06-12 11:05:00,12.9
2025-06-12 11:12:00,95.0
2025-06-12 07:59:00,4.7
2025-06-12 15:57:00,70.6
2025-06-12 22:00:00,13.4
2025-06-12 02:50:00,56.0
2025-06-12 18:12:00,35.3
2025-06-12 15:00:00,40.3
2025-06-12 11:20:00,0.7
2025-06-12 15:17:00,9.3
2025-06-12 15:53:00,96.1
2025-06-12 21:29:00,8.6
2025-06-12 02:00:00,8.3
2025-06-12 22:41:00,51.1
2025-06-12 12:48:00,84.9
2025-06-12 14:44:00,38.1
2025-06-12 16:44:00,26.0
2025-06-12 05:17:00,62.6
2025-06-12 02:54:00,49.560128956623686
2025-06-12 11:26:00,13.9
2025-06-12 01:09:00,6.4
2025-06-12 22:20:00,49.560128956623686
2025-06-12 01:22:00,12.2
2025-06-12 08:47:00,8.4
2025-06-12 01:32:00,10.2
2025-06-12 12:25:00,49.560128956623686
2025-06-12 04:45:00,49.560128956623686
2025-06-12 09:03:00,49.560128956623686
2025-06-12 04:05:00,36.8
2025-06-12 00:57:00,94.5
2025-06-12 17:28:00,49.560128956623686
2025-06-12 18:35:00,70.4
2025-06-12 10:54:00,63.6
2025-06-12 07:33:00,41.9
2025-06-12 17:04:00,15.6
2025-06-12 01:58:00,2.7
2025-06-12 19:55:00,2.1
2025-06-12 10:21:00,97.5
2025-06-12 14:05:00,43.1
2025-06-12 18:57:00,35.7
2025-06-12 00:38:00,68.2
2025-06-12 05:20:00,53.4
2025-06-12 14:00:00,52.4
2025-06-12 05:49:00,20.8
2025-06-12 11:36:00,76.4
2025-06-12 07:11:00,17.7
2025-06-12 08:15:00,16.0
2025-06-12 21:15:00,88.0
2025-06-12 14:08:00,35.2
2025-06-12 02:33:00,49.560128956623686
2025-06-12 15:43:00,9.0
2025-06-12 22:45:00,82.0
2025-06-12 14:43:00,25.0
2025-06-12 06:04:00,76.4
2025-06-12 17:50:00,44.1
2025-06-12 15:07:00,7.2
2025-06-12 19:09:00,23.8
2025-06-12 13:03:00,97.3
2025-06-12 02:03:00,18.0
2025-06-12 12:56:00,33.1
2025-06-12 12:52:00,62.3
2025-06-12 09:35:00,80.3
2025-06-12 07:17:00,49.560128956623686
2025-06-12 23:41:00,75.0
2025-06-12 15:06:00,42.6
2025-06-12 12:13:00,23.1
2025-06-12 20:40:00,41.2
2025-06-12 01:30:00,11.7
2025-06-12 07:11:00,47.2
2025-06-12 15:34:00,87.9
2025-06-12 23:33:00,34.3
2025-06-12 22:45:00,85.6
2025-06-12 23:32:00,49.560128956623686
2025-06-12 05:36:00,77.6
2025-06-12 07:24:00,99.0
2025-06-12 17:32:00,3.8
2025-06-12 14:58:00,49.560128956623686
2025-06-12 16:06:00,29.3
2025-06-12 02:09:00,62.4
2025-06-12 07:25:00,40.4
2025-06-12 04:14:00,26.2
2025-06-12 13:01:00,39.6
2025-06-12 11:13:00,49.560128956623686
2025-06-12 12:32:00,35.2
2025-06-12 04:12:00,34.7
2025-06-12 14:41:00,49.560128956623686
2025-06-12 21:25:00,4.9
2025-06-12 20:49:00,53.6
2025-06-12 21:50:00,61.7
2025-06-12 22:42:00,94.5
2025-06-12 00:40:00,50.8
2025-06-12 17:41:00,49.560128956623686
2025-06-12 00:51:00,49.560128956623686
2025-06-12 23:41:00,40.9
2025-06-12 18:29:00,42.7
2025-06-12 01:50:00,1.8
2025-06-12 07:30:00,47.3
2025-06-12 21:02:00,29.7
2025-06-12 02:18:00,65.6
2025-06-12 09:44:00,49.560128956623686
2025-06-12 09:52:00,43.4
2025-06-12 06:57:00,14.6
2025-06-12 19:54:00,61.2
2025-06-12 06:06:00,49.560128956623686
2025-06-12 22:24:00,1.4
2025-06-12 11:02:00,54.0
2025-06-12 19:53:00,85.9
2025-06-12 15:27:00,64.7
2025-06-12 05:59:00,54.6
2025-06-12 21:34:00,49.560128956623686
2025-06-12 15:03:00,86.7
2025-06-12 21:46:00,84.8
2025-06-12 04:59:00,86.3
2025-06-12 07:04:00,78.1
2025-06-12 14:22:00,44.0
2025-06-12 14:45:00,2.4
2025-06-12 02:13:00,87.0
2025-06-12 12:18:00,20.1
2025-06-12 03:31:00,33.1
2025-06-12 05:40:00,67.1
2025-06-12 21:25:00,4.2
2025-06-12 22:24:00,79.0
2025-06-12 03:59:00,17.5
2025-06-12 12:58:00,77.6
2025-06-12 19:09:00,4.4
2025-06-12 23:40:00,94.3
2025-06-12 06:20:00,37.4
2025-06-12 20:16:00,9.6
2025-06-12 03:29:00,7.9
2025-06-12 15:50:00,36.3
2025-06-12 16:48:00,59.1
2025-06-12 21:18:00,8.0
2025-06-12 08:05:00,66.2
2025-06-12 03:54:00,3.2
2025-06-12 12:44:00,49.560128956623686
2025-06-12 08:09:00,49.560128956623686
2025-06-12 20:42:00,86.9
2025-06-12 03:28:00,34.0
2025-06-12 08:42:00,60.4
2025-06-12 05:49:00,67.7
2025-06-12 22:30:00,79.4
2025-06-12 13:49:00,65.9
2025-06-12 23:50:00,40.0
2025-06-12 00:28:00,53.8
2025-06-12 14:34:00,65.4
2025-06-12 11:43:00,22.4
2025-06-12 12:24:00,49.560128956623686
2025-06-12 17:33:00,96.7
2025-06-12 20:32:00,60.0
2025-06-12 13:43:00,31.7
2025-06-12 05:16:00,49.560128956623686
2025-06-12 00:24:00,49.560128956623686
2025-06-12 06:38:00,49.0
2025-06-12 08:09:00,91.7
2025-06-12 05:58:00,22.9
2025-06-12 17:49:00,24.0
2025-06-12 19:42:00,26.3
2025-06-12 21:47:00,32.2
2025-06-12 07:25:00,72.8
2025-06-12 12:53:00,30.5
2025-06-12 14:04:00,49.560128956623686
2025-06-12 00:31:00,46.5
2025-06-12 20:51:00,67.4
2025-06-12 00:41:00,81.8
2025-06-12 17:58:00,97.1
2025-06-12 14:42:00,9.7
2025-06-12 10:42:00,73.8
2025-06-12 16:07:00,32.6
2025-06-12 22:14:00,40.6
2025-06-12 19:44:00,14.8
2025-06-12 13:02:00,80.2
2025-06-12 01:19:00,11.2
2025-06-12 07:12:00,44.6
2025-06-12 00:00:00,3.0
2025-06-12 19:28:00,92.2
2025-06-12 02:01:00,9.5
2025-06-12 09:46:00,17.3
2025-06-12 00:20:00,49.560128956623686
2025-06-12 08:30:00,39.2
2025-06-12 09:15:00,66.8
2025-06-12 09:21:00,21.7
2025-06-12 21:24:00,49.560128956623686
2025-06-12 21:49:00,84.0
2025-06-12 17:24:00,34.4
2025-06-12 09:38:00,46.5
2025-06-12 21:30:00,24.0
2025-06-12 19:57:00,42.7
2025-06-12 20:51:00,49.560128956623686
2025-06-12 03:54:00,2.5
2025-06-12 10:50:00,49.560128956623686
2025-06-12 14:51:00,85.5
2025-06-12 13:08:00,31.9
2025-06-12 08:13:00,99.5
2025-06-12 15:52:00,85.5
2025-06-12 17:08:00,77.9
2025-06-12 09:13:00,22.7
2025-06-12 20:17:00,0.1
2025-06-12 13:17:00,80.7
2025-06-12 13:10:00,35.3
2025-06-12 23:30:00,9.0
2025-06-12 14:21:00,6.1
2025-06-12 06:41:00,4.3
2025-06-12 14:56:00,28.6
2025-06-12 01:03:00,96.9
2025-06-12 21:15:00,25.6
2025-06-12 21:29:00,49.560128956623686
2025-06-12 10:51:00,25.3
2025-06-12 16:25:00,69.4
2025-06-12 15:10:00,95.1
2025-06-12 22:10:00,49.2
2025-06-12 13:44:00,87.9
2025-06-12 10:26:00,58.1
2025-06-12 11:24:00,24.2
2025-06-12 11:55:00,93.3
2025-06-12 10:13:00,1.7
2025-06-12 00:36:00,2.9
2025-06-12 20:28:00,92.2
2025-06-12 17:41:00,19.9
2025-06-12 17:09:00,49.560128956623686
2025-06-12 08:26:00,24.1
2025-06-12 23:54:00,19.3
2025-06-12 23:11:00,22.1
2025-06-12 13:27:00,49.560128956623686
2025-06-12 15:01:00,50.2
2025-06-12 09:10:00,82.0
2025-06-12 03:21:00,44.0
2025-06-12 14:34:00,45.0
2025-06-12 05:43:00,18.3
2025-06-12 20:53:00,25.0
2025-06-12 01:43:00,64.1
2025-06-12 19:31:00,12.6
2025-06-12 21:38:00,49.560128956623686
2025-06-12 18:01:00,66.6
2025-06-12 00:53:00,53.3
2025-06-12 23:36:00,98.5
2025-06-12 13:41:00,40.2
2025-06-12 00:12:00,91.3
2025-06-12 15:29:00,76.7
2025-06-12 16:58:00,63.7
2025-06-12 08:22:00,49.560128956623686
2025-06-12 04:18:00,60.1
2025-06-12 09:05:00,49.9
2025-06-12 22:25:00,83.0
2025-06-12 20:39:00,35.7
2025-06-12 11:58:00,49.560128956623686
2025-06-12 23:43:00,46.2
2025-06-12 05:00:00,12.2
2025-06-12 22:35:00,23.0
2025-06-12 18:13:00,90.0
2025-06-12 04:22:00,31.9
2025-06-12 04:34:00,4.2
2025-06-12 05:46:00,58.9
2025-06-12 18:34:00,91.3
2025-06-12 03:20:00,59.3
2025-06-12 01:47:00,44.0
2025-06-12 03:42:00,56.9
2025-06-12 01:46:00,49.560128956623686
2025-06-12 21:31:00,36.9
2025-06-12 01:28:00,49.560128956623686
2025-06-12 04:37:00,20.8
2025-06-12 00:34:00,64.8
2025-06-12 16:55:00,88.8
2025-06-12 17:24:00,64.7
2025-06-12 13:46:00,4.8
2025-06-12 22:31:00,94.0
2025-06-12 07:14:00,29.2
2025-06-12 07:43:00,4.5
2025-06-12 02:26:00,14.8
2025-06-12 06:03:00,67.6
2025-06-12 11:07:00,75.3
2025-06-12 22:13:00,19.7
2025-06-12 08:17:00,83.3
2025-06-12 00:23:00,72.7
2025-06-12 02:53:00,41.7
2025-06-12 07:28:00,80.3
2025-06-12 06:28:00,7.4
2025-06-12 16:50:00,3.8
2025-06-12 02:58:00,50.10277843742579
2025-06-12 06:03:00,20.7
2025-06-12 13:07:00,8.4
2025-06-12 14:23:00,90.4
2025-06-12 23:50:00,51.4
2025-06-12 08:19:00,80.3
2025-06-12 09:34:00,30.5
2025-06-12 19:34:00,83.5
2025-06-12 23:00:00,50.10277843742579
2025-06-12 06:55:00,81.2
2025-06-12 06:31:00,74.7
2025-06-12 19:30:00,39.0
2025-06-12 15:44:00,48.7
2025-06-12 18:44:00,72.0
2025-06-12 04:51:00,41.8
2025-06-12 11:06:00,42.1
2025-06-12 00:37:00,14.1
2025-06-12 00:30:00,96.8
2025-06-12 04:42:00,79.8
2025-06-12 00:52:00,23.0
2025-06-12 16:30:00,24.0
2025-06-12 10:49:00,93.1
2025-06-12 08:49:00,55.1
2025-06-12 02:50:00,20.2
2025-06-12 18:32:00,50.10277843742579
2025-06-12 23:59:00,98.7
2025-06-12 11:02:00,68.2
2025-06-12 09:12:00,80.9
2025-06-12 05:40:00,63.6
2025-06-12 17:43:00,50.10277843742579
2025-06-12 10:35:00,7.9
2025-06-12 02:14:00,29.5
2025-06-12 10:20:00,22.7
2025-06-12 21:42:00,48.4
2025-06-12 00:47:00,71.3
2025-06-12 09:00:00,73.2
2025-06-12 14:08:00,34.5
2025-06-12 06:12:00,96.6
2025-06-12 22:18:00,94.8
2025-06-12 06:52:00,4.0
2025-06-12 06:43:00,50.10277843742579
2025-06-12 15:57:00,97.4
2025-06-12 19:35:00,83.8
2025-06-12 04:46:00,50.10277843742579
2025-06-12 23:34:00,86.4
2025-06-12 23:33:00,49.3
2025-06-12 11:18:00,59.2
2025-06-12 03:44:00,10.8
2025-06-12 03:53:00,5.2
2025-06-12 14:22:00,24.1
2025-06-12 17:22:00,79.0
2025-06-12 08:54:00,29.6
2025-06-12 15:04:00,18.7
2025-06-12 17:28:00,83.4
2025-06-12 10:11:00,2.2
2025-06-12 11:39:00,50.10277843742579
2025-06-12 18:09:00,33.4
2025-06-12 07:19:00,39.9
2025-06-12 04:06:00,33.1
2025-06-12 15:14:00,43.1
2025-06-12 01:30:00,16.1
2025-06-12 18:37:00,40.1
2025-06-12 16:11:00,50.10277843742579
2025-06-12 22:55:00,98.5
2025-06-12 05:03:00,84.5
2025-06-12 12:23:00,87.0
2025-06-12 20:07:00,16.1
2025-06-12 15:00:00,82.8
2025-06-12 04:54:00,50.10277843742579
2025-06-12 14:14:00,99.6
2025-06-12 04:46:00,26.4
2025-06-12 06:12:00,32.6
2025-06-12 03:22:00,46.1
2025-06-12 23:05:00,90.0
2025-06-12 19:08:00,56.7
2025-06-12 17:54:00,50.10277843742579
2025-06-12 22:16:00,50.10277843742579
2025-06-12 04:18:00,50.10277843742579
2025-06-12 15:27:00,50.10277843742579
2025-06-12 10:07:00,20.1
2025-06-12 06:03:00,66.3
2025-06-12 16:05:00,32.0
2025-06-12 18:39:00,8.6
2025-06-12 07:03:00,23.2
2025-06-12 03:49:00,15.4
2025-06-12 16:38:00,81.3
2025-06-12 12:49:00,36.2
2025-06-12 13:37:00,66.0
2025-06-12 14:51:00,18.6
2025-06-12 05:09:00,50.10277843742579
2025-06-12 04:36:00,50.10277843742579
2025-06-12 14:57:00,35.4
2025-06-12 19:38:00,50.10277843742579
2025-06-12 16:52:00,96.2
2025-06-12 08:52:00,80.8
2025-06-12 01:57:00,15.7
2025-06-12 12:06:00,78.5
2025-06-12 10:45:00,61.1
2025-06-12 09:18:00,36.9
2025-06-12 20:07:00,50.10277843742579
2025-06-12 02:47:00,65.1
2025-06-12 02:04:00,15.9
2025-06-12 01:24:00,34.7
2025-06-12 10:41:00,95.4
2025-06-12 04:41:00,7.6
2025-06-12 13:17:00,27.2
2025-06-12 03:55:00,50.10277843742579
2025-06-12 14:29:00,53.2
2025-06-12 05:16:00,42.5
2025-06-12 21:16:00,75.7
2025-06-12 09:49:00,83.4
2025-06-12 05:58:00,69.6
2025-06-12 10:22:00,42.8
2025-06-12 05:04:00,10.6
2025-06-12 14:59:00,86.2
2025-06-12 09:33:00,51.5
2025-06-12 22:59:00,39.7
2025-06-12 01:08:00,0.8
2025-06-12 07:48:00,4.5
2025-06-12 00:18:00,26.7
2025-06-12 22:31:00,31.3
2025-06-12 17:02:00,74.9
2025-06-12 07:06:00,45.5
2025-06-12 23:34:00,50.10277843742579
2025-06-12 00:16:00,50.10277843742579
2025-06-12 22:12:00,50.10277843742579
2025-06-12 18:55:00,50.10277843742579
2025-06-12 07:25:00,43.4
2025-06-12 14:07:00,84.5
2025-06-12 18:44:00,90.2
2025-06-12 02:09:00,97.9
2025-06-12 03:26:00,4.0
2025-06-12 10:37:00,86.7
2025-06-12 11:47:00,89.0
2025-06-12 21:50:00,95.5
2025-06-12 20:46:00,89.4
2025-06-12 11:12:00,4.8
2025-06-12 13:25:00,88.6
2025-06-12 14:21:00,50.10277843742579
2025-06-12 18:17:00,68.2
2025-06-12 02:36:00,50.10277843742579
2025-06-12 17:23:00,7.0
2025-06-12 16:09:00,71.0
2025-06-12 16:27:00,28.1
2025-06-12 12:07:00,15.9
2025-06-12 20:21:00,43.0
2025-06-12 19:58:00,64.5
2025-06-12 04:10:00,15.1
2025-06-12 01:09:00,45.2
2025-06-12 14:56:00,50.10277843742579
2025-06-12 18:46:00,50.10277843742579
2025-06-12 03:27:00,99.5
2025-06-12 05:48:00,12.9
2025-06-12 09:41:00,65.9
2025-06-12 11:12:00,3.5
2025-06-12 22:14:00,50.10277843742579
2025-06-12 07:31:00,49.5
2025-06-12 06:49:00,58.4
2025-06-12 04:36:00,55.2
2025-06-12 07:37:00,97.7
2025-06-12 06:59:00,70.7
2025-06-12 16:53:00,50.10277843742579
2025-06-12 04:59:00,13.9
2025-06-12 13:36:00,86.0
2025-06-12 21:27:00,50.10277843742579
2025-06-12 15:08:00,27.3
2025-06-12 05:54:00,50.10277843742579
2025-06-12 15:04:00,59.0
2025-06-12 05:58:00,27.8
2025-06-12 09:00:00,24.8
2025-06-12 08:07:00,26.4
2025-06-12 09:10:00,35.4
2025-06-12 00:01:00,50.10277843742579
2025-06-12 19:35:00,24.7
2025-06-12 21:20:00,10.6
2025-06-12 00:30:00,50.9
2025-06-12 20:56:00,43.3
2025-06-12 13:58:00,18.9
2025-06-12 16:01:00,50.10277843742579
2025-06-12 12:01:00,88.2
2025-06-12 09:15:00,75.7
2025-06-12 03:35:00,50.10277843742579
2025-06-12 03:33:00,97.5
2025-06-12 10:43:00,10.9
2025-06-12 13:33:00,49.7
2025-06-12 23:01:00,16.7
2025-06-12 12:15:00,13.4
2025-06-12 04:35:00,30.0
2025-06-12 07:11:00,35.4
2025-06-12 21:10:00,10.5
2025-06-12 19:00:00,60.4
2025-06-12 22:18:00,50.10277843742579
2025-06-12 14:26:00,50.10277843742579
2025-06-12 14:42:00,50.10277843742579
2025-06-12 12:37:00,48.3
2025-06-12 15:30:00,19.3
2025-06-12 12:36:00,26.7
2025-06-12 20:22:00,48.6
2025-06-12 00:28:00,7.2
2025-06-12 01:12:00,25.8
2025-06-12 12:22:00,43.2
2025-06-12 05:21:00,42.3
2025-06-12 09:09:00,50.10277843742579
2025-06-12 01:16:00,43.3
2025-06-12 22:50:00,19.4
2025-06-12 17:35:00,14.0
2025-06-12 16:44:00,6.6
2025-06-12 19:40:00,24.4
2025-06-12 06:11:00,68.7
2025-06-12 21:34:00,55.9
2025-06-12 22:45:00,50.10277843742579
2025-06-12 21:37:00,4.4
2025-06-12 23:25:00,85.6
2025-06-12 19:18:00,46.1
2025-06-12 15:56:00,15.9
2025-06-12 10:38:00,50.10277843742579
2025-06-12 07:48:00,85.9
2025-06-12 05:32:00,7.3
2025-06-12 07:54:00,39.8
2025-06-12 06:30:00,50.10277843742579
2025-06-12 06:31:00,53.6
2025-06-12 19:32:00,54.9
2025-06-12 11:53:00,36.8
2025-06-12 11:45:00,57.1
2025-06-12 15:53:00,2.6
2025-06-12 14:01:00,84.9
2025-06-12 19:49:00,85.3
2025-06-12 14:39:00,63.3
2025-06-12 14:39:00,39.2
2025-06-12 01:54:00,39.0
2025-06-12 10:48:00,65.3
2025-06-12 17:30:00,30.3
2025-06-12 13:03:00,50.10277843742579
2025-06-12 23:32:00,88.3
2025-06-12 06:48:00,11.1
2025-06-12 19:04:00,40.1
2025-06-12 23:07:00,46.2
2025-06-12 06:20:00,89.6
2025-06-12 13:39:00,93.2
2025-06-12 08:17:00,56.0
2025-06-12 23:49:00,98.0
2025-06-12 19:20:00,17.1
2025-06-12 21:50:00,65.2
2025-06-12 22:53:00,4.2
2025-06-12 01:51:00,50.10277843742579
2025-06-12 15:02:00,41.5
2025-06-12 22:57:00,40.0
2025-06-12 23:55:00,31.4
2025-06-12 20:01:00,53.2
2025-06-12 09:00:00,51.4
2025-06-12 17:01:00,7.2
2025-06-12 12:24:00,22.2
2025-06-12 12:01:00,7.4
2025-06-12 03:37:00,46.9
2025-06-12 20:48:00,53.0
2025-06-12 21:53:00,66.6
2025-06-12 00:23:00,82.3
2025-06-12 03:44:00,18.7
2025-06-12 17:31:00,84.3
2025-06-12 01:19:00,32.0
2025-06-12 03:39:00,50.10277843742579
2025-06-12 11:40:00,50.10277843742579
2025-06-12 14:14:00,58.7
2025-06-12 09:30:00,1.4
2025-06-12 15:35:00,15.2
2025-06-12 17:48:00,9.0
2025-06-12 08:54:00,16.4
2025-06-12 03:14:00,28.5
2025-06-12 10:36:00,50.10277843742579
2025-06-12 16:29:00,19.9
2025-06-12 13:30:00,13.9
2025-06-12 13:18:00,95.9
2025-06-12 11:46:00,24.5
2025-06-12 11:00:00,73.6
2025-06-12 03:03:00,87.5
2025-06-12 03:30:00,65.3
2025-06-12 00:11:00,24.3
2025-06-12 17:15:00,89.1
2025-06-12 13:16:00,12.4
2025-06-12 01:40:00,5.2
2025-06-12 17:10:00,50.10277843742579
2025-06-12 11:07:00,90.4
2025-06-12 05:27:00,50.10277843742579
2025-06-12 19:26:00,0.4
2025-06-12 13:31:00,50.10277843742579
2025-06-12 01:41:00,50.2
2025-06-12 20:40:00,75.6
2025-06-12 16:20:00,37.3
2025-06-12 00:47:00,95.0
2025-06-12 19:57:00,21.3
2025-06-12 21:37:00,65.2
2025-06-12 13:25:00,86.4
2025-06-12 05:35:00,50.10277843742579
2025-06-12 11:23:00,4.0
2025-06-12 21:22:00,59.5
2025-06-12 03:36:00,47.6
2025-06-12 07:22:00,14.7
2025-06-12 00:27:00,97.4
2025-06-12 19:30:00,96.2
2025-06-12 02:18:00,99.3
2025-06-12 00:22:00,30.8
2025-06-12 01:20:00,44.1
2025-06-12 23:08:00,61.3
2025-06-12 04:57:00,4.1
2025-06-12 18:15:00,15.9
2025-06-12 10:16:00,28.2
2025-06-12 22:20:00,37.3
2025-06-12 21:30:00,28.4
2025-06-12 11:56:00,32.1
2025-06-12 06:48:00,50.10277843742579
2025-06-12 15:31:00,64.6
2025-06-12 21:42:00,33.3
2025-06-12 01:16:00,96.3
2025-06-12 13:35:00,59.0
2025-06-12 00:26:00,29.7
2025-06-12 09:17:00,50.10277843742579
2025-06-12 00:51:00,96.8
2025-06-12 21:12:00,20.3
2025-06-12 03:25:00,57.0
2025-06-12 20:48:00,72.5
2025-06-12 00:00:00,18.7
2025-06-12 11:58:00,66.6
2025-06-12 03:07:00,17.4
2025-06-12 05:15:00,25.8
2025-06-12 22:21:00,75.1
2025-06-12 01:31:00,72.6
2025-06-12 13:52:00,62.7
2025-06-12 07:19:00,58.9
2025-06-12 09:08:00,19.8
2025-06-12 00:30:00,6.6
2025-06-12 18:42:00,35.1
2025-06-12 16:24:00,84.0
2025-06-12 08:39:00,18.1
2025-06-12 18:53:00,39.6
2025-06-12 21:00:00,39.6
2025-06-12 10:07:00,54.0
2025-06-12 07:10:00,19.1
2025-06-12 22:25:00,74.6
2025-06-12 13:59:00,53.6
2025-06-12 04:01:00,77.8
2025-06-12 09:10:00,49.2
2025-06-12 13:44:00,49.85036359371334
2025-06-12 14:32:00,13.6
2025-06-12 18:24:00,54.0
2025-06-12 06:30:00,30.8
2025-06-12 00:39:00,11.7
2025-06-12 13:19:00,14.4
2025-06-12 13:30:00,49.85036359371334
2025-06-12 00:42:00,37.5
2025-06-12 06:44:00,24.6
2025-06-12 02:27:00,83.2
2025-06-12 10:07:00,93.3
2025-06-12 12:00:00,96.9
2025-06-12 23:14:00,68.1
2025-06-12 18:53:00,28.8
2025-06-12 18:17:00,69.5
2025-06-12 06:36:00,49.85036359371334
2025-06-12 03:59:00,37.9
2025-06-12 05:00:00,75.8
2025-06-12 03:20:00,84.5
2025-06-12 23:23:00,21.0
2025-06-12 03:58:00,94.0
2025-06-12 03:57:00,41.9
2025-06-12 03:21:00,35.2
2025-06-12 16:10:00,49.85036359371334
2025-06-12 07:48:00,85.1
2025-06-12 17:57:00,57.2
2025-06-12 20:44:00,40.3
2025-06-12 06:58:00,49.85036359371334
2025-06-12 21:56:00,49.85036359371334
2025-06-12 12:52:00,12.7
2025-06-12 00:57:00,4.2
2025-06-12 12:55:00,49.85036359371334
2025-06-12 16:09:00,49.1
2025-06-12 07:32:00,60.8
2025-06-12 08:40:00,96.3
2025-06-12 23:20:00,80.7
2025-06-12 19:46:00,57.7
2025-06-12 03:59:00,39.0
2025-06-12 02:46:00,61.3
2025-06-12 22:19:00,37.5
2025-06-12 00:01:00,77.7
2025-06-12 06:31:00,39.4
2025-06-12 02:44:00,28.3
2025-06-12 03:47:00,96.8
2025-06-12 06:53:00,0.2
2025-06-12 21:18:00,14.6
2025-06-12 22:32:00,77.1
2025-06-12 09:35:00,98.9
2025-06-12 10:29:00,62.6
2025-06-12 18:55:00,22.0
2025-06-12 20:21:00,78.3
2025-06-12 05:35:00,70.6
2025-06-12 01:08:00,49.85036359371334
2025-06-12 07:44:00,49.85036359371334
2025-06-12 20:23:00,68.1
2025-06-12 10:21:00,67.2
2025-06-12 11:10:00,49.85036359371334
2025-06-12 19:33:00,63.9
2025-06-12 20:45:00,38.2
2025-06-12 09:54:00,10.2
2025-06-12 02:35:00,95.9
2025-06-12 03:21:00,3.6
2025-06-12 01:57:00,33.2
2025-06-12 16:18:00,49.85036359371334
2025-06-12 08:29:00,3.8
2025-06-12 07:06:00,36.2
2025-06-12 01:23:00,12.7
2025-06-12 18:43:00,84.3
2025-06-12 23:03:00,49.85036359371334
2025-06-12 21:54:00,2.0
2025-06-12 06:52:00,46.6
2025-06-12 17:20:00,49.85036359371334
2025-06-12 13:20:00,2.6
2025-06-12 04:45:00,49.85036359371334
2025-06-12 20:53:00,49.85036359371334
2025-06-12 10:49:00,18.2
2025-06-12 04:13:00,6.9
2025-06-12 22:03:00,93.5
2025-06-12 05:31:00,59.7
2025-06-12 22:38:00,51.5
2025-06-12 04:51:00,57.4
2025-06-12 16:03:00,49.85036359371334
2025-06-12 23:57:00,94.4
2025-06-12 03:14:00,50.0
2025-06-12 06:19:00,22.2
2025-06-12 15:14:00,84.8
2025-06-12 14:19:00,49.85036359371334
2025-06-12 22:25:00,91.0
2025-06-12 18:42:00,40.9
2025-06-12 09:26:00,21.1
2025-06-12 12:11:00,49.85036359371334
2025-06-12 01:19:00,33.0
2025-06-12 17:57:00,11.5
2025-06-12 16:27:00,29.9
2025-06-12 10:37:00,55.6
2025-06-12 00:03:00,79.1
2025-06-12 13:08:00,13.7
2025-06-12 22:15:00,49.85036359371334
2025-06-12 17:43:00,42.4
2025-06-12 08:36:00,49.85036359371334
2025-06-12 23:12:00,49.85036359371334
2025-06-12 20:15:00,49.85036359371334
2025-06-12 08:12:00,78.7
2025-06-12 13:24:00,90.8
2025-06-12 07:05:00,66.7
2025-06-12 06:52:00,40.0
2025-06-12 19:40:00,49.85036359371334
2025-06-12 03:40:00,74.4
2025-06-12 21:57:00,42.0
2025-06-12 15:57:00,38.3
2025-06-12 06:56:00,90.8
2025-06-12 00:14:00,46.5
2025-06-12 12:21:00,48.6
2025-06-12 11:25:00,56.5
2025-06-12 19:14:00,59.4
2025-06-12 15:54:00,6.4
2025-06-12 21:07:00,14.2
2025-06-12 04:49:00,84.2
2025-06-12 09:01:00,97.4
2025-06-12 20:38:00,79.9
2025-06-12 17:37:00,86.8
2025-06-12 07:35:00,22.5
2025-06-12 13:40:00,14.7
2025-06-12 17:08:00,41.5
2025-06-12 21:10:00,55.4
2025-06-12 01:13:00,88.4
2025-06-12 14:08:00,43.6
2025-06-12 15:07:00,52.1
2025-06-12 23:15:00,49.85036359371334
2025-06-12 09:08:00,5.3
2025-06-12 15:49:00,13.1
2025-06-12 06:14:00,14.6
2025-06-12 17:53:00,36.8
2025-06-12 02:20:00,49.85036359371334
2025-06-12 21:15:00,53.1
2025-06-12 02:50:00,14.0
2025-06-12 04:55:00,68.8
2025-06-12 07:53:00,87.0
2025-06-12 07:10:00,32.7
2025-06-12 06:26:00,21.5
2025-06-12 10:28:00,49.85036359371334
2025-06-12 19:12:00,99.7
2025-06-12 15:23:00,24.5
2025-06-12 14:44:00,29.0
2025-06-12 10:41:00,71.7
2025-06-12 13:50:00,74.9
2025-06-12 02:47:00,89.0
2025-06-12 01:21:00,10.1
2025-06-12 21:23:00,14.1
2025-06-12 07:37:00,22.5
2025-06-12 07:53:00,66.1
2025-06-12 13:45:00,86.5
2025-06-12 04:48:00,54.4
2025-06-12 08:09:00,16.2
2025-06-12 19:15:00,68.4
2025-06-12 00:42:00,3.9
2025-06-12 18:34:00,26.9
2025-06-12 02:18:00,29.0
2025-06-12 07:17:00,91.7
2025-06-12 12:20:00,39.9
2025-06-12 11:52:00,35.9
2025-06-12 18:01:00,6.8
2025-06-12 17:12:00,24.3
2025-06-12 01:17:00,99.2
2025-06-12 00:07:00,59.7
2025-06-12 19:40:00,49.85036359371334
2025-06-12 13:30:00,13.5
2025-06-12 19:25:00,42.3
2025-06-12 00:54:00,61.5
2025-06-12 08:14:00,29.2
2025-06-12 20:23:00,41.8
2025-06-12 23:43:00,49.85036359371334
2025-06-12 00:34:00,1.2
2025-06-12 14:16:00,68.8
2025-06-12 10:14:00,21.8
2025-06-12 04:04:00,94.4
2025-06-12 02:21:00,9.5
2025-06-12 06:17:00,26.6
2025-06-12 16:33:00,49.85036359371334
2025-06-12 14:29:00,37.2
2025-06-12 10:37:00,31.3
2025-06-12 20:36:00,52.6
2025-06-12 09:37:00,25.1
2025-06-12 10:21:00,17.5
2025-06-12 09:55:00,42.8
2025-06-12 17:14:00,12.1
2025-06-12 14:15:00,2.9
2025-06-12 14:17:00,49.85036359371334
2025-06-12 09:37:00,49.5
2025-06-12 23:28:00,24.3
2025-06-12 23:38:00,29.2
2025-06-12 04:52:00,10.8
2025-06-12 13:41:00,91.2
2025-06-12 20:28:00,13.6
2025-06-12 10:42:00,33.4
2025-06-12 08:04:00,65.5
2025-06-12 20:05:00,83.4
2025-06-12 15:23:00,37.2
2025-06-12 16:26:00,52.6
2025-06-12 19:23:00,49.85036359371334
2025-06-12 08:39:00,19.4
2025-06-12 09:00:00,13.6
2025-06-12 00:40:00,86.8
2025-06-12 16:15:00,18.2
2025-06-12 18:03:00,67.2
2025-06-12 01:10:00,79.1
2025-06-12 21:50:00,47.3
2025-06-12 07:16:00,9.2
2025-06-12 09:33:00,8.2
2025-06-12 12:40:00,1.8
2025-06-12 23:08:00,88.1
2025-06-12 06:19:00,87.0
2025-06-12 14:02:00,85.1
2025-06-12 08:15:00,60.8
2025-06-12 14:35:00,49.8
2025-06-12 18:20:00,49.85036359371334
2025-06-12 01:05:00,49.85036359371334
2025-06-12 16:25:00,53.0
2025-06-12 18:02:00,18.9
2025-06-12 12:47:00,10.2
2025-06-12 12:25:00,49.85036359371334
2025-06-12 14:09:00,51.5
2025-06-12 20:27:00,49.85036359371334
2025-06-12 08:57:00,64.6
2025-06-12 09:09:00,57.0
2025-06-12 06:09:00,83.9
2025-06-12 14:02:00,2.7
2025-06-12 12:36:00,71.1
2025-06-12 10:20:00,13.6
2025-06-12 22:42:00,96.8
2025-06-12 05:41:00,49.85036359371334
2025-06-12 04:04:00,80.9
2025-06-12 04:57:00,79.0
2025-06-12 21:32:00,49.85036359371334
2025-06-12 08:36:00,49.6
2025-06-12 22:18:00,76.2
2025-06-12 05:48:00,73.1
2025-06-12 08:09:00,49.85036359371334
2025-06-12 05:58:00,66.2
2025-06-12 01:23:00,28.9
2025-06-12 16:22:00,36.4
2025-06-12 15:59:00,79.1
2025-06-12 00:43:00,97.5
2025-06-12 21:39:00,33.5
2025-06-12 18:42:00,49.85036359371334
2025-06-12 13:48:00,93.4
2025-06-12 20:09:00,79.6
2025-06-12 03:55:00,75.4
2025-06-12 02:53:00,60.9
2025-06-12 23:25:00,51.2
2025-06-12 17:31:00,45.4
2025-06-12 00:33:00,35.0
2025-06-12 02:23:00,64.0
2025-06-12 00:21:00,56.4
2025-06-12 15:44:00,39.5
2025-06-12 04:12:00,28.1
2025-06-12 22:44:00,16.8
2025-06-12 07:45:00,17.9
2025-06-12 22:14:00,46.4
2025-06-12 18:58:00,33.0
2025-06-12 22:08:00,8.4
2025-06-12 15:45:00,94.0
2025-06-12 08:42:00,49.85036359371334
2025-06-12 21:01:00,97.4
2025-06-12 23:06:00,98.9
2025-06-12 20:09:00,64.2
2025-06-12 15:27:00,14.7
2025-06-12 08:19:00,41.0
2025-06-12 17:32:00,30.8
2025-06-12 10:26:00,57.4
2025-06-12 15:32:00,45.6
2025-06-12 11:26:00,68.5
2025-06-12 14:35:00,88.3
2025-06-12 04:19:00,49.85036359371334
2025-06-12 01:02:00,49.85036359371334
2025-06-12 12:44:00,94.2
2025-06-12 23:49:00,15.5
2025-06-12 19:15:00,25.8
2025-06-12 04:45:00,75.8
2025-06-12 02:56:00,49.85036359371334
2025-06-12 20:50:00,26.3
2025-06-12 09:53:00,3.2
2025-06-12 00:54:00,63.2
2025-06-12 19:28:00,9.6
2025-06-12 15:26:00,58.4
2025-06-12 00:30:00,39.5
2025-06-12 19:23:00,76.6
2025-06-12 10:13:00,25.9
2025-06-12 00:31:00,44.8
2025-06-12 15:37:00,51.2
2025-06-12 13:10:00,16.4
2025-06-12 07:05:00,0.5
2025-06-12 14:12:00,62.3
2025-06-12 03:18:00,18.6
2025-06-12 10:23:00,6.5
2025-06-12 03:51:00,49.85036359371334
2025-06-12 21:14:00,92.4
2025-06-12 12:20:00,70.2
2025-06-12 09:14:00,55.6
2025-06-12 06:14:00,34.4
2025-06-12 03:07:00,86.8
2025-06-12 08:23:00,72.8
2025-06-12 15:17:00,35.5
2025-06-12 05:33:00,31.6
2025-06-12 16:06:00,1.9
2025-06-12 23:59:00,78.7
2025-06-12 10:16:00,63.6
2025-06-12 00:25:00,28.5
2025-06-12 15:31:00,0.9
2025-06-12 08:12:00,65.3
2025-06-12 05:10:00,11.3
2025-06-12 03:12:00,26.1
2025-06-12 06:58:00,45.7
2025-06-12 06:03:00,68.6
2025-06-12 01:31:00,21.1
2025-06-12 20:50:00,42.2
2025-06-12 15:17:00,65.0
2025-06-12 13:18:00,49.85036359371334
2025-06-12 08:52:00,23.5
2025-06-12 12:34:00,40.8
2025-06-12 12:04:00,22.3
2025-06-12 03:57:00,74.2
2025-06-12 09:10:00,36.8
2025-06-12 10:28:00,56.5
2025-06-12 06:23:00,49.85036359371334
2025-06-12 13:35:00,63.7
2025-06-12 19:15:00,54.5
2025-06-12 08:36:00,39.5
2025-06-12 15:34:00,67.1
2025-06-12 04:03:00,77.7
2025-06-12 20:50:00,8.4
2025-06-12 07:40:00,19.1
2025-06-12 21:30:00,63.0
2025-06-12 03:36:00,40.9
2025-06-12 02:25:00,86.4
2025-06-12 07:34:00,1.3
2025-06-12 04:16:00,65.0
2025-06-12 01:02:00,21.6
2025-06-12 19:37:00,7.1
2025-06-12 11:08:00,39.3
2025-06-12 21:35:00,26.3
2025-06-12 23:21:00,29.0
2025-06-12 17:41:00,83.0
2025-06-12 01:25:00,49.85036359371334
2025-06-12 20:33:00,24.9
2025-06-12 04:43:00,5.5
2025-06-12 08:54:00,61.4
2025-06-12 19:45:00,99.1
2025-06-12 18:43:00,38.8
2025-06-12 13:22:00,14.1
2025-06-12 15:37:00,51.3
2025-06-12 04:07:00,19.6
2025-06-12 05:48:00,41.1
2025-06-12 01:36:00,25.2
2025-06-12 12:05:00,40.7
2025-06-12 02:21:00,16.3
2025-06-12 22:26:00,93.0
2025-06-12 17:30:00,100.0
2025-06-12 18:29:00,40.1
2025-06-12 02:15:00,68.8
2025-06-12 09:52:00,2.6
2025-06-12 23:16:00,8.2
2025-06-12 07:54:00,11.4
2025-06-12 13:24:00,37.4
2025-06-12 09:24:00,21.4
2025-06-12 08:42:00,51.3
2025-06-12 20:24:00,50.02337935876432
2025-06-12 02:25:00,93.4
2025-06-12 17:25:00,50.02337935876432
2025-06-12 15:36:00,71.3
2025-06-12 12:39:00,60.8
2025-06-12 11:25:00,54.0
2025-06-12 16:46:00,98.7
2025-06-12 02:25:00,18.7
2025-06-12 07:07:00,61.5
2025-06-12 02:09:00,12.5
2025-06-12 13:30:00,39.3
2025-06-12 03:07:00,16.8
2025-06-12 18:42:00,71.3
2025-06-12 19:57:00,50.02337935876432
2025-06-12 08:31:00,50.02337935876432
2025-06-12 12:35:00,7.9
2025-06-12 23:53:00,33.1
2025-06-12 08:34:00,50.02337935876432
2025-06-12 11:47:00,84.6
2025-06-12 12:52:00,33.0
2025-06-12 23:35:00,99.0
2025-06-12 18:49:00,4.6
2025-06-12 06:45:00,50.02337935876432
2025-06-12 08:04:00,58.6
2025-06-12 08:21:00,14.1
2025-06-12 07:26:00,6.1
2025-06-12 04:57:00,50.02337935876432
2025-06-12 18:10:00,52.3
2025-06-12 20:44:00,87.2
2025-06-12 10:39:00,27.2
2025-06-12 02:44:00,58.7
2025-06-12 01:33:00,17.8
2025-06-12 14:27:00,13.7
2025-06-12 16:27:00,94.5
2025-06-12 14:34:00,50.02337935876432
2025-06-12 01:48:00,50.02337935876432
2025-06-12 13:02:00,75.4
2025-06-12 23:08:00,50.02337935876432
2025-06-12 22:24:00,50.02337935876432
2025-06-12 15:53:00,50.02337935876432
2025-06-12 07:00:00,55.2
2025-06-12 09:49:00,14.3
2025-06-12 16:50:00,39.7
2025-06-12 14:35:00,73.9
2025-06-12 05:33:00,25.7
2025-06-12 13:42:00,82.3
2025-06-12 18:41:00,93.9
2025-06-12 05:20:00,62.3
2025-06-12 19:09:00,3.6
2025-06-12 18:05:00,9.5
2025-06-12 23:10:00,34.4
2025-06-12 10:53:00,50.02337935876432
2025-06-12 00:51:00,68.6
2025-06-12 22:25:00,29.0
2025-06-12 09:32:00,36.3
2025-06-12 20:59:00,50.02337935876432
2025-06-12 06:19:00,91.1
2025-06-12 01:17:00,50.02337935876432
2025-06-12 23:48:00,31.5
2025-06-12 12:21:00,47.1
2025-06-12 00:13:00,81.7
2025-06-12 04:40:00,82.1
2025-06-12 18:49:00,69.6
2025-06-12 03:13:00,54.2
2025-06-12 03:55:00,69.2
2025-06-12 09:23:00,92.6
2025-06-12 22:29:00,97.4
2025-06-12 07:48:00,40.8
2025-06-12 17:43:00,94.5
2025-06-12 18:06:00,76.4
2025-06-12 03:29:00,33.2
2025-06-12 02:15:00,17.7
2025-06-12 08:53:00,50.02337935876432
2025-06-12 14:02:00,78.5
2025-06-12 09:29:00,38.2
2025-06-12 06:43:00,50.02337935876432
2025-06-12 14:38:00,50.02337935876432
2025-06-12 09:08:00,61.1
2025-06-12 00:32:00,43.0
2025-06-12 02:57:00,46.8
2025-06-12 09:24:00,13.5
2025-06-12 21:10:00,10.3
2025-06-12 01:49:00,15.9
2025-06-12 07:04:00,46.8
2025-06-12 17:25:00,50.0
2025-06-12 01:28:00,77.0
2025-06-12 20:08:00,50.02337935876432
2025-06-12 08:26:00,81.0
2025-06-12 11:00:00,39.5
2025-06-12 15:27:00,80.7
2025-06-12 10:58:00,25.2
2025-06-12 06:25:00,12.3
2025-06-12 21:00:00,88.8
2025-06-12 09:55:00,44.5
2025-06-12 23:07:00,18.0
2025-06-12 23:51:00,1.5
2025-06-12 07:07:00,50.02337935876432
2025-06-12 05:58:00,13.4
2025-06-12 01:03:00,10.9
2025-06-12 02:54:00,50.02337935876432
2025-06-12 18:16:00,50.02337935876432
2025-06-12 09:11:00,73.3
2025-06-12 11:56:00,16.5
2025-06-12 04:26:00,56.1
2025-06-12 04:22:00,29.3
2025-06-12 00:36:00,50.02337935876432
2025-06-12 02:24:00,84.5
2025-06-12 21:56:00,34.6
2025-06-12 20:36:00,7.5
2025-06-12 14:40:00,96.7
2025-06-12 20:06:00,92.6
2025-06-12 21:30:00,50.02337935876432
2025-06-12 17:16:00,92.7
2025-06-12 10:18:00,91.1
2025-06-12 14:55:00,58.4
2025-06-12 20:06:00,76.0
2025-06-12 23:58:00,19.5
2025-06-12 15:19:00,77.6
2025-06-12 03:05:00,37.2
2025-06-12 10:01:00,72.2
2025-06-12 05:20:00,63.9
2025-06-12 11:13:00,21.4
2025-06-12 03:52:00,22.2
2025-06-12 08:32:00,54.0
2025-06-12 18:38:00,6.6
2025-06-12 21:51:00,97.9
2025-06-12 16:55:00,50.02337935876432
2025-06-12 04:30:00,50.02337935876432
2025-06-12 00:48:00,12.3
2025-06-12 06:53:00,23.7
2025-06-12 16:19:00,94.5
2025-06-12 03:05:00,26.4
2025-06-12 11:48:00,64.1
2025-06-12 19:53:00,86.8
2025-06-12 17:17:00,70.0
2025-06-12 21:46:00,84.5
2025-06-12 12:48:00,50.6
2025-06-12 06:20:00,4.7
2025-06-12 11:38:00,73.3
2025-06-12 14:07:00,28.7
2025-06-12 22:03:00,82.6
2025-06-12 14:06:00,49.6
2025-06-12 10:44:00,63.3
2025-06-12 14:59:00,80.3
2025-06-12 18:32:00,79.2
2025-06-12 08:01:00,8.6
2025-06-12 10:32:00,6.8
2025-06-12 01:54:00,50.02337935876432
2025-06-12 14:43:00,73.3
2025-06-12 06:14:00,89.4
2025-06-12 06:09:00,48.6
2025-06-12 16:44:00,26.7
2025-06-12 13:03:00,28.1
2025-06-12 06:07:00,18.4
2025-06-12 05:12:00,12.8
2025-06-12 02:07:00,93.8
2025-06-12 15:44:00,97.1
2025-06-12 19:36:00,76.8
2025-06-12 19:23:00,10.7
2025-06-12 16:54:00,16.8
2025-06-12 10:20:00,50.02337935876432
2025-06-12 18:22:00,50.02337935876432
2025-06-12 23:52:00,65.9
2025-06-12 06:50:00,62.7
2025-06-12 17:06:00,36.1
2025-06-12 11:38:00,69.7
2025-06-12 02:35:00,1.8
2025-06-12 11:40:00,93.5
2025-06-12 22:11:00,55.4
2025-06-12 04:15:00,56.5
2025-06-12 20:38:00,22.2
2025-06-12 11:24:00,66.3
2025-06-12 17:43:00,4.5
2025-06-12 17:26:00,13.1
2025-06-12 04:19:00,70.9
2025-06-12 02:41:00,42.7
2025-06-12 16:19:00,10.0
2025-06-12 20:56:00,92.9
2025-06-12 15:58:00,4.1
2025-06-12 21:30:00,56.9
2025-06-12 02:37:00,70.8
2025-06-12 12:03:00,47.2
2025-06-12 12:43:00,85.6
2025-06-12 04:28:00,21.1
2025-06-12 18:58:00,50.02337935876432
2025-06-12 01:03:00,84.3
2025-06-12 18:40:00,1.5
2025-06-12 18:17:00,6.0
2025-06-12 18:16:00,20.0
2025-06-12 18:31:00,10.9
2025-06-12 21:22:00,51.6
2025-06-12 06:42:00,28.3
2025-06-12 19:40:00,41.5
2025-06-12 05:31:00,50.02337935876432
2025-06-12 16:48:00,50.02337935876432
2025-06-12 03:37:00,77.6
2025-06-12 02:38:00,53.3
2025-06-12 17:51:00,19.1
2025-06-12 04:47:00,49.6
2025-06-12 10:27:00,50.02337935876432
2025-06-12 17:28:00,55.6
2025-06-12 18:56:00,83.9
2025-06-12 19:53:00,50.02337935876432
2025-06-12 03:31:00,50.02337935876432
2025-06-12 22:50:00,50.02337935876432
2025-06-12 12:49:00,35.1
2025-06-12 09:29:00,39.8
2025-06-12 05:18:00,50.02337935876432
2025-06-12 16:40:00,96.5
2025-06-12 20:44:00,78.1
2025-06-12 01:27:00,45.3
2025-06-12 00:32:00,89.8
2025-06-12 19:43:00,37.8
2025-06-12 08:28:00,22.6
2025-06-12 02:21:00,9.3
2025-06-12 03:58:00,22.4
2025-06-12 04:20:00,88.2
2025-06-12 21:44:00,94.8
2025-06-12 19:56:00,50.02337935876432
2025-06-12 19:36:00,2.1
2025-06-12 19:17:00,98.4
2025-06-12 05:22:00,50.02337935876432
2025-06-12 01:55:00,50.02337935876432
2025-06-12 02:12:00,50.02337935876432
2025-06-12 10:20:00,57.1
2025-06-12 02:11:00,50.02337935876432
2025-06-12 12:10:00,50.6
2025-06-12 17:11:00,68.5
2025-06-12 11:47:00,88.0
2025-06-12 05:51:00,6.0
2025-06-12 20:00:00,41.4
2025-06-12 13:36:00,64.9
2025-06-12 14:40:00,90.5
2025-06-12 04:14:00,99.4
2025-06-12 06:24:00,5.1
2025-06-12 08:26:00,3.8
2025-06-12 23:01:00,50.02337935876432
2025-06-12 09:20:00,50.02337935876432
2025-06-12 18:51:00,31.1
2025-06-12 02:57:00,60.3
2025-06-12 19:26:00,50.02337935876432
2025-06-12 14:42:00,8.1
2025-06-12 22:44:00,78.7
2025-06-12 15:41:00,98.4
2025-06-12 05:39:00,72.5
2025-06-12 15:50:00,73.1
2025-06-12 06:15:00,50.02337935876432
2025-06-12 14:03:00,99.3
2025-06-12 20:53:00,18.1
2025-06-12 16:33:00,79.0
2025-06-12 18:32:00,83.5
2025-06-12 02:12:00,95.1
2025-06-12 03:14:00,35.1
2025-06-12 05:25:00,50.02337935876432
2025-06-12 22:44:00,81.4
2025-06-12 08:33:00,50.02337935876432
2025-06-12 21:23:00,75.3
2025-06-12 08:58:00,50.02337935876432
2025-06-12 16:17:00,28.6
2025-06-12 00:54:00,59.3
2025-06-12 20:11:00,21.3
2025-06-12 21:36:00,78.6
2025-06-12 07:05:00,7.0
2025-06-12 11:56:00,72.2
2025-06-12 07:29:00,50.02337935876432
2025-06-12 19:36:00,97.4
2025-06-12 17:32:00,27.2
2025-06-12 10:58:00,31.0
2025-06-12 12:07:00,62.9
2025-06-12 12:47:00,83.4
2025-06-12 15:58:00,22.0
2025-06-12 09:58:00,50.02337935876432
2025-06-12 11:11:00,20.8
2025-06-12 22:46:00,14.5
2025-06-12 03:43:00,45.5
2025-06-12 18:27:00,83.8
2025-06-12 14:36:00,50.02337935876432
2025-06-12 00:41:00,50.02337935876432
2025-06-12 14:09:00,42.0
2025-06-12 10:18:00,94.4
2025-06-12 20:13:00,76.9
2025-06-12 11:19:00,75.6
2025-06-12 06:51:00,91.9
2025-06-12 21:28:00,93.8
2025-06-12 07:46:00,52.4
2025-06-12 22:46:00,45.8
2025-06-12 10:41:00,8.3
2025-06-12 12:15:00,43.7
2025-06-12 06:35:00,7.7
2025-06-12 23:17:00,79.5
2025-06-12 15:15:00,11.7
2025-06-12 09:45:00,4.3
2025-06-12 00:43:00,90.9
2025-06-12 02:32:00,37.5
2025-06-12 08:17:00,41.1
2025-06-12 10:09:00,93.7
2025-06-12 09:10:00,68.1
2025-06-12 22:51:00,53.8
2025-06-12 10:59:00,74.8
2025-06-12 12:01:00,52.0
2025-06-12 07:03:00,60.3
2025-06-12 20:55:00,22.2
2025-06-12 17:22:00,10.2
2025-06-12 17:46:00,9.9
2025-06-12 12:17:00,79.8
2025-06-12 14:59:00,44.4
2025-06-12 15:44:00,73.1
2025-06-12 18:23:00,47.4
2025-06-12 04:23:00,70.7
2025-06-12 02:48:00,4.3
2025-06-12 09:29:00,26.0
2025-06-12 19:13:00,5.2
2025-06-12 23:27:00,50.19809456598448
2025-06-12 13:08:00,98.9
2025-06-12 12:02:00,50.19809456598448
2025-06-12 19:11:00,23.6
2025-06-12 07:18:00,25.6
2025-06-12 16:23:00,39.4
2025-06-12 12:49:00,50.19809456598448
2025-06-12 11:31:00,29.9
2025-06-12 07:48:00,78.3
2025-06-12 05:45:00,72.0
2025-06-12 13:45:00,95.0
2025-06-12 00:45:00,2.9
2025-06-12 12:40:00,64.6
2025-06-12 05:33:00,33.5
2025-06-12 05:23:00,19.4
2025-06-12 14:24:00,51.1
2025-06-12 05:35:00,45.6
2025-06-12 06:08:00,42.0
2025-06-12 16:40:00,98.6
2025-06-12 16:15:00,15.5
2025-06-12 07:48:00,50.19809456598448
2025-06-12 14:50:00,76.2
2025-06-12 01:59:00,99.0
2025-06-12 02:58:00,99.9
2025-06-12 18:00:00,81.0
2025-06-12 19:54:00,24.9
2025-06-12 13:55:00,98.7
2025-06-12 15:19:00,50.19809456598448
2025-06-12 03:54:00,25.7
2025-06-12 11:22:00,67.6
2025-06-12 16:39:00,74.3
2025-06-12 03:49:00,46.3
2025-06-12 01:06:00,4.7
2025-06-12 06:29:00,16.9
2025-06-12 19:51:00,38.4
2025-06-12 22:16:00,24.0
2025-06-12 04:19:00,73.8
2025-06-12 17:58:00,34.6
2025-06-12 18:45:00,82.0
2025-06-12 03:33:00,8.3
2025-06-12 11:26:00,34.9
2025-06-12 18:18:00,66.4
2025-06-12 11:43:00,50.19809456598448
2025-06-12 22:17:00,58.7
2025-06-12 18:45:00,50.19809456598448
2025-06-12 03:50:00,50.19809456598448
2025-06-12 13:04:00,68.9
2025-06-12 18:45:00,93.0
2025-06-12 16:12:00,62.4
2025-06-12 02:41:00,37.2
2025-06-12 23:45:00,50.19809456598448
2025-06-12 19:14:00,8.5
2025-06-12 12:10:00,59.6
2025-06-12 01:12:00,69.0
2025-06-12 16:53:00,78.4
2025-06-12 11:45:00,19.0
2025-06-12 22:10:00,50.19809456598448
2025-06-12 21:24:00,71.2
2025-06-12 23:57:00,17.7
2025-06-12 02:14:00,69.8
2025-06-12 13:37:00,92.3
2025-06-12 18:05:00,62.9
2025-06-12 22:31:00,52.6
2025-06-12 00:42:00,50.19809456598448
2025-06-12 14:47:00,96.2
2025-06-12 14:50:00,19.6
2025-06-12 19:02:00,55.3
2025-06-12 09:29:00,23.7
2025-06-12 01:03:00,15.7
2025-06-12 09:52:00,57.2
2025-06-12 14:46:00,53.3
2025-06-12 05:08:00,84.0
2025-06-12 05:09:00,7.2
2025-06-12 10:52:00,55.3
2025-06-12 05:28:00,7.2
2025-06-12 22:33:00,17.1
2025-06-12 18:40:00,27.4
2025-06-12 04:24:00,7.1
2025-06-12 08:57:00,12.4
2025-06-12 01:12:00,29.0
2025-06-12 16:46:00,49.4
2025-06-12 07:25:00,71.6
2025-06-12 22:33:00,51.7
2025-06-12 06:11:00,12.4
2025-06-12 20:01:00,50.19809456598448
2025-06-12 07:19:00,66.4
2025-06-12 17:44:00,50.19809456598448
2025-06-12 22:11:00,25.6
2025-06-12 18:36:00,32.3
2025-06-12 14:56:00,51.0
2025-06-12 14:03:00,81.1
2025-06-12 12:47:00,46.2
2025-06-12 06:51:00,62.9
2025-06-12 06:17:00,28.6
2025-06-12 23:59:00,50.19809456598448
2025-06-12 16:12:00,90.5
2025-06-12 17:45:00,36.5
2025-06-12 16:22:00,8.6
2025-06-12 13:19:00,22.5
2025-06-12 18:42:00,74.5
2025-06-12 13:05:00,54.8
2025-06-12 02:41:00,50.19809456598448
2025-06-12 22:15:00,96.1
2025-06-12 22:48:00,9.4
2025-06-12 17:14:00,50.19809456598448
2025-06-12 17:24:00,70.2
2025-06-12 12:05:00,83.6
2025-06-12 20:26:00,16.7
2025-06-12 00:14:00,18.0
2025-06-12 23:33:00,50.19809456598448
2025-06-12 01:33:00,8.7
2025-06-12 13:00:00,81.1
2025-06-12 13:34:00,27.6
2025-06-12 13:46:00,50.19809456598448
2025-06-12 07:48:00,52.6
2025-06-12 06:14:00,76.8
2025-06-12 17:12:00,50.19809456598448
2025-06-12 23:19:00,5.2
2025-06-12 15:48:00,80.3
2025-06-12 12:04:00,60.9
2025-06-12 18:02:00,20.4
2025-06-12 03:25:00,65.5
2025-06-12 00:26:00,50.19809456598448
2025-06-12 13:52:00,33.0
2025-06-12 21:55:00,47.3
2025-06-12 14:08:00,74.9
2025-06-12 20:03:00,50.19809456598448
2025-06-12 19:11:00,49.0
2025-06-12 08:36:00,47.5
2025-06-12 23:02:00,99.2
2025-06-12 12:49:00,96.4
2025-06-12 07:39:00,53.4
2025-06-12 19:54:00,59.0
2025-06-12 01:55:00,85.0
2025-06-12 06:08:00,80.2
2025-06-12 14:34:00,60.2
2025-06-12 09:17:00,94.9
2025-06-12 11:38:00,5.4
2025-06-12 13:48:00,50.19809456598448
2025-06-12 08:07:00,40.4
2025-06-12 13:28:00,38.9
2025-06-12 19:16:00,33.5
2025-06-12 17:32:00,8.5
2025-06-12 13:04:00,50.19809456598448
2025-06-12 06:38:00,65.2
2025-06-12 14:24:00,17.5
2025-06-12 17:52:00,96.0
2025-06-12 06:23:00,48.9
2025-06-12 00:03:00,98.5
2025-06-12 08:12:00,32.2
2025-06-12 17:07:00,50.19809456598448
2025-06-12 21:32:00,31.1
2025-06-12 15:10:00,43.9
2025-06-12 01:57:00,50.19809456598448
2025-06-12 04:35:00,18.3
2025-06-12 21:47:00,45.2
2025-06-12 22:08:00,27.5
2025-06-12 16:58:00,50.19809456598448
2025-06-12 19:29:00,91.1
2025-06-12 09:46:00,12.2
2025-06-12 02:01:00,77.7
2025-06-12 07:07:00,85.6
2025-06-12 00:27:00,49.7
2025-06-12 14:00:00,7.4
2025-06-12 15:45:00,43.2
2025-06-12 10:54:00,58.8
2025-06-12 06:58:00,13.4
2025-06-12 23:39:00,72.7
2025-06-12 11:49:00,58.4
2025-06-12 16:03:00,69.8
2025-06-12 23:22:00,35.1
2025-06-12 21:16:00,77.8
2025-06-12 09:41:00,29.0
2025-06-12 01:51:00,50.19809456598448
2025-06-12 01:23:00,8.9
2025-06-12 20:53:00,98.6
2025-06-12 06:29:00,93.3
2025-06-12 20:29:00,32.7
2025-06-12 05:16:00,43.8
2025-06-12 09:32:00,44.3
2025-06-12 04:16:00,50.19809456598448
2025-06-12 16:43:00,60.6
2025-06-12 21:55:00,28.8
2025-06-12 18:08:00,28.1
2025-06-12 12:47:00,62.6
2025-06-12 00:41:00,36.7
2025-06-12 22:36:00,50.19809456598448
2025-06-12 11:05:00,82.4
2025-06-12 18:56:00,61.0
2025-06-12 00:31:00,89.9
2025-06-12 09:56:00,22.8
2025-06-12 21:24:00,47.4
2025-06-12 10:12:00,50.19809456598448
2025-06-12 06:32:00,9.7
2025-06-12 01:23:00,34.6
2025-06-12 21:13:00,50.19809456598448
2025-06-12 07:59:00,78.0
2025-06-12 06:45:00,74.8
2025-06-12 00:49:00,35.2
2025-06-12 11:06:00,79.8
2025-06-12 12:44:00,67.7
2025-06-12 01:21:00,71.3
2025-06-12 05:58:00,97.1
2025-06-12 11:19:00,64.8
2025-06-12 16:10:00,93.6
2025-06-12 01:32:00,97.3
2025-06-12 21:22:00,2.2
2025-06-12 08:50:00,50.19809456598448
2025-06-12 14:06:00,58.5
2025-06-12 19:41:00,33.7
2025-06-12 19:16:00,92.2
2025-06-12 15:08:00,50.19809456598448
2025-06-12 10:27:00,24.8
2025-06-12 06:56:00,47.0
2025-06-12 17:12:00,7.4
2025-06-12 05:49:00,89.2
2025-06-12 18:15:00,91.0
2025-06-12 03:48:00,69.3
2025-06-12 20:48:00,30.3
2025-06-12 18:15:00,24.5
2025-06-12 14:56:00,99.3
2025-06-12 05:51:00,29.1
2025-06-12 03:37:00,50.19809456598448
2025-06-12 03:22:00,25.9
2025-06-12 16:10:00,33.5
2025-06-12 06:54:00,97.6
2025-06-12 14:04:00,6.9
2025-06-12 19:05:00,37.9
2025-06-12 12:57:00,67.6
2025-06-12 21:59:00,46.1
2025-06-12 23:14:00,32.5
2025-06-12 11:35:00,20.7
2025-06-12 16:31:00,97.0
2025-06-12 21:17:00,53.4
2025-06-12 16:01:00,47.0
2025-06-12 07:48:00,12.4
2025-06-12 02:02:00,93.1
2025-06-12 00:12:00,36.9
2025-06-12 18:26:00,46.6
2025-06-12 21:54:00,51.4
2025-06-12 18:49:00,37.9
2025-06-12 06:39:00,61.4
2025-06-12 19:08:00,63.0
2025-06-12 18:33:00,99.2
2025-06-12 19:55:00,50.19809456598448
2025-06-12 13:36:00,50.19809456598448
2025-06-12 07:36:00,97.8
2025-06-12 20:21:00,51.9
2025-06-12 16:51:00,39.7
2025-06-12 10:25:00,50.19809456598448
2025-06-12 20:43:00,61.1
2025-06-12 22:47:00,50.19809456598448
2025-06-12 11:48:00,56.4
2025-06-12 02:48:00,82.2
2025-06-12 09:27:00,36.0
2025-06-12 01:37:00,62.0
2025-06-12 04:35:00,50.19809456598448
2025-06-12 20:47:00,39.2
2025-06-12 13:56:00,50.19809456598448
2025-06-12 02:16:00,0.6
2025-06-12 07:17:00,5.0
2025-06-12 04:44:00,45.1
2025-06-12 19:23:00,6.3
2025-06-12 09:54:00,79.1
2025-06-12 13:08:00,80.4
2025-06-12 09:26:00,18.7
2025-06-12 02:50:00,36.6
2025-06-12 05:31:00,76.5
2025-06-12 14:58:00,66.6
2025-06-12 04:15:00,50.19809456598448
2025-06-12 05:56:00,57.5
2025-06-12 03:01:00,8.2
2025-06-12 18:34:00,10.2
2025-06-12 09:37:00,3.7
2025-06-12 02:14:00,6.5
2025-06-12 10:41:00,50.19809456598448
2025-06-12 14:14:00,50.19809456598448
2025-06-12 07:03:00,53.5
2025-06-12 09:36:00,33.7
2025-06-12 03:57:00,81.8
2025-06-12 02:12:00,18.9
2025-06-12 12:17:00,50.19809456598448
2025-06-12 18:22:00,45.6
2025-06-12 02:49:00,16.1
2025-06-12 20:47:00,50.19809456598448
2025-06-12 05:04:00,24.1
2025-06-12 08:56:00,78.4
2025-06-12 14:59:00,19.2
2025-06-12 00:39:00,50.19809456598448
2025-06-12 08:27:00,12.6
2025-06-12 04:48:00,50.19809456598448
2025-06-12 03:08:00,19.3
2025-06-12 14:43:00,39.3
2025-06-12 03:04:00,71.1
2025-06-12 18:20:00,73.9
2025-06-12 10:34:00,32.4
2025-06-12 16:38:00,3.9
2025-06-12 16:23:00,95.9
2025-06-12 12:40:00,25.3
2025-06-12 07:40:00,36.1
2025-06-12 13:17:00,50.19809456598448
2025-06-12 12:23:00,47.6
2025-06-12 21:04:00,50.19809456598448
2025-06-12 17:03:00,33.5
2025-06-12 19:33:00,47.3
2025-06-12 10:10:00,59.9
2025-06-12 21:11:00,57.7
2025-06-12 01:54:00,10.5
2025-06-12 16:11:00,84.9
2025-06-12 14:41:00,45.9
2025-06-12 20:48:00,80.5
2025-06-12 10:24:00,83.0
2025-06-12 22:13:00,5.4
2025-06-12 08:21:00,52.5
2025-06-12 05:59:00,80.5
2025-06-12 06:31:00,74.1
2025-06-12 16:14:00,56.0
2025-06-12 04:38:00,66.7
2025-06-12 16:18:00,80.9
2025-06-12 07:58:00,88.7
2025-06-12 01:47:00,49.54486036141751
2025-06-12 14:20:00,89.8
2025-06-12 18:34:00,53.7
2025-06-12 08:35:00,55.5
2025-06-12 12:23:00,96.3
2025-06-12 01:46:00,30.3
2025-06-12 20:29:00,51.2
2025-06-12 12:18:00,26.8
2025-06-12 12:38:00,66.1
2025-06-12 07:21:00,31.5
2025-06-12 16:31:00,90.4
2025-06-12 02:19:00,90.2
2025-06-12 05:49:00,91.5
2025-06-12 23:21:00,4.2
2025-06-12 10:13:00,23.1
2025-06-12 15:19:00,74.2
2025-06-12 23:25:00,32.3
2025-06-12 02:01:00,86.9
2025-06-12 13:40:00,59.8
2025-06-12 05:55:00,98.7
2025-06-12 10:00:00,93.1
2025-06-12 14:42:00,96.0
2025-06-12 11:45:00,17.1
2025-06-12 06:30:00,50.8
2025-06-12 03:27:00,49.54486036141751
2025-06-12 16:29:00,85.8
2025-06-12 20:48:00,33.2
2025-06-12 11:23:00,89.1
2025-06-12 23:37:00,49.54486036141751
2025-06-12 02:09:00,51.3
2025-06-12 00:45:00,47.6
2025-06-12 15:32:00,61.0
2025-06-12 03:28:00,65.9
2025-06-12 00:59:00,11.0
2025-06-12 09:08:00,87.3
2025-06-12 05:51:00,90.6
2025-06-12 00:49:00,83.2
2025-06-12 14:40:00,77.1
2025-06-12 20:38:00,49.54486036141751
2025-06-12 02:16:00,20.3
2025-06-12 04:30:00,8.9
2025-06-12 07:47:00,81.0
2025-06-12 14:47:00,71.5
2025-06-12 06:49:00,23.2
2025-06-12 02:41:00,72.8
2025-06-12 01:41:00,89.2
2025-06-12 08:05:00,65.7
2025-06-12 23:52:00,61.3
2025-06-12 14:07:00,43.7
2025-06-12 18:05:00,0.2
2025-06-12 08:52:00,49.54486036141751
2025-06-12 16:52:00,23.0
2025-06-12 13:46:00,35.4
2025-06-12 19:35:00,9.1
2025-06-12 05:22:00,57.4
2025-06-12 05:34:00,19.9
2025-06-12 21:05:00,23.1
2025-06-12 05:18:00,24.9
2025-06-12 21:08:00,62.7
2025-06-12 21:22:00,84.2
2025-06-12 12:15:00,66.4
2025-06-12 18:26:00,60.0
2025-06-12 06:27:00,49.54486036141751
2025-06-12 11:01:00,78.5
2025-06-12 09:43:00,24.8
2025-06-12 18:20:00,78.5
2025-06-12 15:41:00,25.2
2025-06-12 20:25:00,71.1
2025-06-12 23:01:00,27.1
2025-06-12 17:13:00,29.4
2025-06-12 10:08:00,49.54486036141751
2025-06-12 11:07:00,49.54486036141751
2025-06-12 09:40:00,47.6
2025-06-12 09:21:00,49.54486036141751
2025-06-12 05:22:00,69.0
2025-06-12 13:20:00,98.1
2025-06-12 15:37:00,41.4
2025-06-12 17:46:00,3.6
2025-06-12 20:25:00,61.2
2025-06-12 23:41:00,51.8
2025-06-12 18:28:00,84.4
2025-06-12 12:36:00,68.2
2025-06-12 23:07:00,19.8
2025-06-12 10:05:00,40.0
2025-06-12 09:20:00,60.7
2025-06-12 18:00:00,49.1
2025-06-12 04:33:00,96.3
2025-06-12 15:58:00,30.1
2025-06-12 15:12:00,17.6
2025-06-12 23:13:00,21.1
2025-06-12 07:27:00,95.4
2025-06-12 22:27:00,64.1
2025-06-12 07:48:00,91.8
2025-06-12 15:44:00,45.2
2025-06-12 10:44:00,47.2
2025-06-12 09:31:00,49.54486036141751
2025-06-12 12:07:00,4.2
2025-06-12 21:40:00,10.0
2025-06-12 17:18:00,48.0
2025-06-12 23:40:00,59.9
2025-06-12 18:58:00,49.54486036141751
2025-06-12 16:28:00,46.4
2025-06-12 02:03:00,52.6
2025-06-12 02:01:00,17.4
2025-06-12 15:47:00,56.0
2025-06-12 13:33:00,14.0
2025-06-12 09:14:00,58.8
2025-06-12 05:37:00,2.0
2025-06-12 09:50:00,49.54486036141751
2025-06-12 13:07:00,75.2
2025-06-12 03:11:00,49.54486036141751
2025-06-12 08:05:00,85.3
2025-06-12 13:32:00,84.0
2025-06-12 07:11:00,20.5
2025-06-12 16:12:00,29.1
2025-06-12 08:51:00,43.2
2025-06-12 21:04:00,69.9
2025-06-12 21:47:00,42.7
2025-06-12 13:28:00,21.8
2025-06-12 13:59:00,49.6
2025-06-12 01:23:00,64.7
2025-06-12 17:27:00,28.7
2025-06-12 00:24:00,22.3
2025-06-12 01:50:00,39.7
2025-06-12 12:51:00,85.5
2025-06-12 06:44:00,64.0
2025-06-12 00:39:00,49.54486036141751
2025-06-12 20:02:00,49.54486036141751
2025-06-12 11:50:00,49.54486036141751
2025-06-12 05:11:00,17.9
2025-06-12 04:01:00,36.3
2025-06-12 12:50:00,71.1
2025-06-12 02:00:00,3.6
2025-06-12 21:27:00,60.0
2025-06-12 12:45:00,49.54486036141751
2025-06-12 18:41:00,88.0
2025-06-12 17:50:00,39.0
2025-06-12 20:54:00,88.4
2025-06-12 00:32:00,63.7
2025-06-12 06:02:00,80.4
2025-06-12 06:10:00,99.4
2025-06-12 10:30:00,58.0
2025-06-12 00:24:00,56.8
2025-06-12 02:50:00,0.4
2025-06-12 09:01:00,52.7
2025-06-12 12:07:00,8.0
2025-06-12 15:14:00,86.6
2025-06-12 06:13:00,42.1
2025-06-12 15:04:00,7.9
2025-06-12 21:26:00,31.9
2025-06-12 16:03:00,34.7
2025-06-12 11:27:00,13.8
2025-06-12 07:34:00,65.4
2025-06-12 04:16:00,83.9
2025-06-12 18:09:00,12.7
2025-06-12 01:42:00,50.5
2025-06-12 16:53:00,17.2
2025-06-12 17:42:00,92.4
2025-06-12 03:31:00,23.1
2025-06-12 11:11:00,19.4
2025-06-12 14:41:00,96.4
2025-06-12 21:32:00,21.1
2025-06-12 13:08:00,49.54486036141751
2025-06-12 19:05:00,49.54486036141751
2025-06-12 06:47:00,88.5
2025-06-12 07:58:00,38.2
2025-06-12 06:00:00,15.2
2025-06-12 19:53:00,31.2
2025-06-12 00:48:00,80.5
2025-06-12 03:24:00,37.2
2025-06-12 09:37:00,29.7
2025-06-12 22:33:00,29.5
2025-06-12 09:00:00,1.0
2025-06-12 15:43:00,25.2
2025-06-12 07:51:00,49.54486036141751
2025-06-12 00:09:00,13.1
2025-06-12 18:45:00,90.9
2025-06-12 12:14:00,48.8
2025-06-12 21:14:00,49.54486036141751
2025-06-12 21:43:00,59.3
2025-06-12 16:48:00,99.5
2025-06-12 17:35:00,49.54486036141751
2025-06-12 20:55:00,49.54486036141751
2025-06-12 14:46:00,88.8
2025-06-12 07:58:00,85.2
2025-06-12 21:28:00,18.7
2025-06-12 19:18:00,47.2
2025-06-12 23:21:00,99.1
2025-06-12 02:36:00,35.7
2025-06-12 07:59:00,5.8
2025-06-12 02:49:00,75.1
2025-06-12 07:54:00,72.0
2025-06-12 04:14:00,57.8
2025-06-12 23:24:00,36.5
2025-06-12 00:55:00,98.9
2025-06-12 19:14:00,60.9
2025-06-12 07:14:00,8.4
2025-06-12 02:58:00,4.1
2025-06-12 13:05:00,46.4
2025-06-12 07:00:00,28.3
2025-06-12 21:29:00,94.9
2025-06-12 07:40:00,48.5
2025-06-12 21:27:00,49.54486036141751
2025-06-12 07:47:00,79.2
2025-06-12 01:54:00,6.5
2025-06-12 06:04:00,29.0
2025-06-12 10:26:00,90.3
2025-06-12 08:35:00,93.4
2025-06-12 17:50:00,31.4
2025-06-12 07:03:00,68.9
2025-06-12 01:24:00,84.0
2025-06-12 23:59:00,13.9
2025-06-12 00:56:00,58.2
2025-06-12 00:14:00,80.0
2025-06-12 16:06:00,41.3
2025-06-12 08:04:00,13.2
2025-06-12 19:50:00,22.9
2025-06-12 08:33:00,0.3
2025-06-12 17:38:00,85.4
2025-06-12 12:45:00,91.8
2025-06-12 09:37:00,54.9
2025-06-12 22:14:00,32.0
2025-06-12 21:17:00,93.0
2025-06-12 12:00:00,60.7
2025-06-12 13:10:00,53.1
2025-06-12 16:49:00,39.3
2025-06-12 21:35:00,10.2
2025-06-12 04:35:00,14.0
2025-06-12 20:17:00,56.7
2025-06-12 22:06:00,69.8
2025-06-12 02:40:00,97.1
2025-06-12 07:06:00,6.1
2025-06-12 17:09:00,20.3
2025-06-12 14:22:00,80.2
2025-06-12 10:51:00,80.7
2025-06-12 06:07:00,53.7
2025-06-12 09:22:00,49.54486036141751
2025-06-12 05:13:00,49.54486036141751
2025-06-12 17:00:00,62.5
2025-06-12 08:25:00,59.3
2025-06-12 22:16:00,80.0
2025-06-12 00:58:00,28.4
2025-06-12 23:19:00,49.54486036141751
2025-06-12 04:08:00,49.54486036141751
2025-06-12 07:22:00,33.2
2025-06-12 00:44:00,49.54486036141751
2025-06-12 14:54:00,94.6
2025-06-12 10:22:00,69.6
2025-06-12 16:38:00,12.2
2025-06-12 08:21:00,36.3
2025-06-12 05:40:00,49.54486036141751
2025-06-12 05:00:00,72.4
2025-06-12 00:15:00,19.2
2025-06-12 21:58:00,98.5
2025-06-12 02:07:00,89.2
2025-06-12 09:51:00,49.54486036141751
2025-06-12 12:41:00,63.3
2025-06-12 09:46:00,16.2
2025-06-12 23:07:00,74.3
2025-06-12 13:07:00,53.0
2025-06-12 10:57:00,20.5
2025-06-12 00:31:00,49.54486036141751
2025-06-12 17:18:00,3.5
2025-06-12 16:11:00,44.3
2025-06-12 07:17:00,3.1
2025-06-12 00:24:00,21.4
2025-06-12 20:32:00,47.1
2025-06-12 18:53:00,66.1
2025-06-12 19:05:00,17.3
2025-06-12 20:57:00,43.2
2025-06-12 13:25:00,83.7
2025-06-12 07:23:00,50.1
2025-06-12 13:30:00,62.1
2025-06-12 04:20:00,90.2
2025-06-12 06:28:00,52.4
2025-06-12 18:20:00,1.5
2025-06-12 06:24:00,76.9
2025-06-12 17:04:00,49.54486036141751
2025-06-12 18:38:00,71.7
2025-06-12 13:04:00,67.7
2025-06-12 15:00:00,55.1
2025-06-12 18:04:00,85.4
2025-06-12 07:52:00,47.4
2025-06-12 01:08:00,49.54486036141751
2025-06-12 23:12:00,49.54486036141751
2025-06-12 02:46:00,49.54486036141751
2025-06-12 01:53:00,49.54486036141751
2025-06-12 01:38:00,88.4
2025-06-12 08:00:00,32.1
2025-06-12 00:56:00,81.7
2025-06-12 10:38:00,52.9
2025-06-12 07:09:00,74.0
2025-06-12 22:07:00,41.5
2025-06-12 23:14:00,96.4
2025-06-12 05:05:00,18.0
2025-06-12 13:31:00,32.8
2025-06-12 15:54:00,8.1
2025-06-12 08:22:00,58.1
2025-06-12 03:03:00,45.7
2025-06-12 19:29:00,74.3
2025-06-12 00:22:00,17.6
2025-06-12 20:39:00,21.3
2025-06-12 06:13:00,10.5
2025-06-12 12:47:00,55.0
2025-06-12 21:27:00,93.5
2025-06-12 08:27:00,50.136426804852206
2025-06-12 23:09:00,4.7
2025-06-12 11:52:00,1.2
2025-06-12 09:04:00,50.136426804852206
2025-06-12 17:37:00,40.3
2025-06-12 13:52:00,92.2
2025-06-12 17:35:00,76.0
2025-06-12 11:51:00,49.1
2025-06-12 13:21:00,54.0
2025-06-12 23:01:00,46.9
2025-06-12 06:23:00,17.7
2025-06-12 02:29:00,73.7
2025-06-12 05:18:00,85.0
2025-06-12 15:36:00,19.5
2025-06-12 12:49:00,43.4
2025-06-12 00:53:00,50.136426804852206
2025-06-12 01:39:00,74.8
2025-06-12 07:48:00,42.1
2025-06-12 02:26:00,21.4
2025-06-12 04:17:00,50.136426804852206
2025-06-12 01:46:00,62.2
2025-06-12 19:21:00,16.9
2025-06-12 21:41:00,50.136426804852206
2025-06-12 12:13:00,0.0
2025-06-12 16:36:00,64.4
2025-06-12 08:06:00,22.1
2025-06-12 21:47:00,64.7
2025-06-12 23:48:00,87.1
2025-06-12 07:06:00,50.136426804852206
2025-06-12 00:38:00,28.6
2025-06-12 15:25:00,52.2
2025-06-12 21:19:00,16.6
2025-06-12 11:56:00,9.9
2025-06-12 15:28:00,50.8
2025-06-12 04:25:00,70.0
2025-06-12 07:57:00,60.0
2025-06-12 00:19:00,28.1
2025-06-12 18:14:00,95.8
2025-06-12 15:32:00,46.0
2025-06-12 02:33:00,19.9
2025-06-12 18:25:00,74.6
2025-06-12 05:05:00,14.1
2025-06-12 15:49:00,81.4
2025-06-12 16:28:00,11.5
2025-06-12 11:10:00,94.2
2025-06-12 00:02:00,42.8
2025-06-12 02:12:00,90.3
2025-06-12 18:07:00,18.3
2025-06-12 10:58:00,71.3
2025-06-12 21:27:00,3.5
2025-06-12 23:02:00,50.136426804852206
2025-06-12 03:34:00,50.136426804852206
2025-06-12 01:52:00,90.6
2025-06-12 11:50:00,50.136426804852206
2025-06-12 17:31:00,50.136426804852206
2025-06-12 16:22:00,46.9
2025-06-12 20:10:00,13.0
2025-06-12 23:03:00,50.136426804852206
2025-06-12 00:59:00,17.7
2025-06-12 23:38:00,28.5
2025-06-12 06:32:00,92.1
2025-06-12 17:53:00,92.2
2025-06-12 21:27:00,69.9
2025-06-12 06:00:00,60.3
2025-06-12 10:59:00,50.136426804852206
2025-06-12 16:39:00,77.4
2025-06-12 23:22:00,89.5
2025-06-12 11:06:00,50.136426804852206
2025-06-12 02:21:00,22.6
2025-06-12 07:42:00,9.1
2025-06-12 17:38:00,70.5
2025-06-12 19:01:00,50.136426804852206
2025-06-12 07:50:00,90.6
2025-06-12 19:25:00,74.7
2025-06-12 22:07:00,50.136426804852206
2025-06-12 03:33:00,90.1
2025-06-12 11:37:00,82.9
2025-06-12 11:39:00,17.1
2025-06-12 21:17:00,91.4
2025-06-12 00:36:00,42.2
2025-06-12 08:53:00,64.4
2025-06-12 22:32:00,50.136426804852206
2025-06-12 22:50:00,72.7
2025-06-12 10:21:00,48.3
2025-06-12 04:43:00,39.6
2025-06-12 15:31:00,20.0
2025-06-12 17:46:00,6.0
2025-06-12 09:53:00,50.136426804852206
2025-06-12 16:20:00,57.4
2025-06-12 03:24:00,8.6
2025-06-12 22:48:00,50.136426804852206
2025-06-12 01:04:00,42.7
2025-06-12 18:55:00,34.4
2025-06-12 12:33:00,50.136426804852206
2025-06-12 18:51:00,40.5
2025-06-12 14:33:00,81.0
2025-06-12 10:45:00,50.136426804852206
2025-06-12 09:08:00,91.3
2025-06-12 22:59:00,90.5
2025-06-12 08:33:00,35.7
2025-06-12 12:57:00,48.8
2025-06-12 16:33:00,66.7
2025-06-12 16:59:00,96.5
2025-06-12 00:35:00,72.5
2025-06-12 19:06:00,59.6
2025-06-12 15:34:00,35.1
2025-06-12 10:02:00,10.2
2025-06-12 00:04:00,27.1
2025-06-12 20:32:00,87.7
2025-06-12 08:28:00,77.1
2025-06-12 15:09:00,92.6
2025-06-12 11:05:00,90.3
2025-06-12 13:31:00,97.3
2025-06-12 03:16:00,78.1
2025-06-12 07:29:00,50.136426804852206
2025-06-12 06:59:00,96.0
2025-06-12 21:33:00,7.7
2025-06-12 06:47:00,15.5
2025-06-12 02:41:00,72.9
2025-06-12 23:41:00,76.5
2025-06-12 03:14:00,11.0
2025-06-12 13:51:00,88.2
2025-06-12 04:38:00,4.5
2025-06-12 15:16:00,70.7
2025-06-12 18:03:00,50.136426804852206
2025-06-12 20:02:00,71.7
2025-06-12 03:13:00,49.9
2025-06-12 05:27:00,4.4
2025-06-12 14:12:00,68.2
2025-06-12 22:48:00,12.0
2025-06-12 00:29:00,50.136426804852206
2025-06-12 11:20:00,50.136426804852206
2025-06-12 22:21:00,24.9
2025-06-12 01:40:00,50.136426804852206
2025-06-12 21:58:00,82.2
2025-06-12 01:01:00,65.2
2025-06-12 19:33:00,42.1
2025-06-12 16:42:00,59.3
2025-06-12 04:02:00,50.136426804852206
2025-06-12 00:05:00,70.5
2025-06-12 04:11:00,4.9
2025-06-12 00:48:00,43.4
2025-06-12 06:47:00,20.0
2025-06-12 21:27:00,94.7
2025-06-12 18:11:00,50.136426804852206
2025-06-12 18:00:00,61.0
2025-06-12 15:39:00,4.6
2025-06-12 01:30:00,62.5
2025-06-12 15:34:00,57.5
2025-06-12 06:25:00,50.136426804852206
2025-06-12 20:04:00,24.4
2025-06-12 06:19:00,84.3
2025-06-12 09:13:00,11.1
2025-06-12 04:32:00,57.8
2025-06-12 07:26:00,43.8
2025-06-12 06:40:00,69.9
2025-06-12 00:36:00,43.1
2025-06-12 23:17:00,63.0
2025-06-12 18:54:00,49.9
2025-06-12 11:58:00,41.8
2025-06-12 10:03:00,76.4
2025-06-12 12:45:00,45.6
2025-06-12 21:38:00,35.2
2025-06-12 00:17:00,54.3
2025-06-12 11:06:00,23.7
2025-06-12 05:08:00,83.6
2025-06-12 14:33:00,55.0
2025-06-12 19:02:00,64.1
2025-06-12 20:17:00,78.4
2025-06-12 04:11:00,23.6
2025-06-12 10:35:00,27.0
2025-06-12 10:09:00,50.136426804852206
2025-06-12 16:17:00,85.2
2025-06-12 04:41:00,50.136426804852206
2025-06-12 17:13:00,4.0
2025-06-12 21:54:00,96.8
2025-06-12 14:03:00,44.5
2025-06-12 21:45:00,21.3
2025-06-12 10:36:00,30.6
2025-06-12 09:51:00,74.1
2025-06-12 22:16:00,80.4
2025-06-12 15:35:00,42.2
2025-06-12 15:09:00,2.6
2025-06-12 03:30:00,88.8
2025-06-12 16:39:00,34.5
2025-06-12 07:00:00,42.2
2025-06-12 08:57:00,85.4
2025-06-12 07:14:00,50.136426804852206
2025-06-12 02:08:00,49.1
2025-06-12 19:34:00,44.0
2025-06-12 17:42:00,50.136426804852206
2025-06-12 08:51:00,42.1
2025-06-12 18:33:00,93.6
2025-06-12 21:39:00,79.9
2025-06-12 17:59:00,75.2
2025-06-12 01:07:00,94.9
2025-06-12 00:09:00,50.136426804852206
2025-06-12 16:49:00,59.0
2025-06-12 17:21:00,7.8
2025-06-12 03:19:00,50.136426804852206
2025-06-12 20:05:00,55.6
2025-06-12 23:14:00,50.136426804852206
2025-06-12 13:08:00,62.5
2025-06-12 04:17:00,2.3
2025-06-12 17:25:00,72.1
2025-06-12 01:48:00,50.136426804852206
2025-06-12 05:16:00,27.5
2025-06-12 03:44:00,50.136426804852206
2025-06-12 05:42:00,50.136426804852206
2025-06-12 21:49:00,36.1
2025-06-12 13:07:00,17.5
2025-06-12 09:21:00,15.4
2025-06-12 07:00:00,4.9
2025-06-12 23:21:00,52.5
2025-06-12 08:57:00,32.0
2025-06-12 05:32:00,59.0
2025-06-12 15:25:00,5.0
2025-06-12 16:22:00,3.5
2025-06-12 17:38:00,98.7
2025-06-12 05:54:00,1.8
2025-06-12 17:55:00,30.8
2025-06-12 01:42:00,49.9
2025-06-12 18:24:00,43.1
2025-06-12 23:43:00,50.136426804852206
2025-06-12 05:12:00,67.3
2025-06-12 12:40:00,25.7
2025-06-12 19:57:00,90.4
2025-06-12 04:16:00,50.136426804852206
2025-06-12 12:11:00,23.4
2025-06-12 01:45:00,50.9
2025-06-12 07:51:00,14.3
2025-06-12 17:15:00,50.136426804852206
2025-06-12 10:03:00,31.6
2025-06-12 05:36:00,88.2
2025-06-12 13:33:00,50.136426804852206
2025-06-12 00:02:00,13.0
2025-06-12 12:06:00,48.0
2025-06-12 10:54:00,50.136426804852206
2025-06-12 17:32:00,26.6
2025-06-12 19:12:00,58.6
2025-06-12 07:53:00,23.0
2025-06-12 15:43:00,12.1
2025-06-12 19:43:00,97.6
2025-06-12 02:51:00,31.2
2025-06-12 20:38:00,39.9
2025-06-12 08:17:00,50.136426804852206
2025-06-12 22:29:00,40.8
2025-06-12 00:19:00,50.136426804852206
2025-06-12 11:30:00,45.2
2025-06-12 12:56:00,50.136426804852206
2025-06-12 23:27:00,87.2
2025-06-12 13:12:00,85.7
2025-06-12 13:34:00,52.8
2025-06-12 16:17:00,87.8
2025-06-12 19:27:00,50.136426804852206
2025-06-12 11:36:00,54.9
2025-06-12 07:46:00,71.7
2025-06-12 14:43:00,8.2
2025-06-12 14:24:00,47.1
2025-06-12 23:12:00,37.3
2025-06-12 08:36:00,43.5
2025-06-12 19:50:00,33.1
2025-06-12 18:10:00,29.7
2025-06-12 12:23:00,90.7
2025-06-12 02:59:00,2.8
2025-06-12 04:40:00,50.136426804852206
2025-06-12 10:03:00,52.3
2025-06-12 06:31:00,12.3
2025-06-12 09:36:00,76.4
2025-06-12 21:04:00,50.136426804852206
2025-06-12 23:51:00,62.9
2025-06-12 23:40:00,50.136426804852206
2025-06-12 09:38:00,4.9
2025-06-12 11:55:00,61.2
2025-06-12 17:01:00,89.8
2025-06-12 23:47:00,71.3
2025-06-12 23:28:00,75.7
2025-06-12 23:11:00,78.0
2025-06-12 16:59:00,50.136426804852206
2025-06-12 01:21:00,55.0
2025-06-12 22:10:00,70.4
2025-06-12 03:51:00,40.4
2025-06-12 03:17:00,61.4
2025-06-12 02:01:00,31.5
2025-06-12 09:37:00,44.2
2025-06-12 12:30:00,63.8
2025-06-12 02:03:00,58.9
2025-06-12 19:04:00,50.136426804852206
2025-06-12 14:33:00,5.7
2025-06-12 23:13:00,15.6
2025-06-12 10:33:00,4.8
2025-06-12 17:20:00,88.6
2025-06-12 09:58:00,50.136426804852206
2025-06-12 19:53:00,31.6
2025-06-12 09:17:00,37.5
2025-06-12 01:28:00,25.5
2025-06-12 23:23:00,18.9
2025-06-12 17:00:00,33.7
2025-06-12 19:33:00,93.1
2025-06-12 22:02:00,13.1
2025-06-12 06:14:00,40.6
2025-06-12 13:53:00,35.2
2025-06-12 23:36:00,28.2
2025-06-12 14:18:00,36.7
2025-06-12 23:23:00,50.136426804852206
2025-06-12 07:36:00,50.136426804852206
2025-06-12 05:09:00,18.5
2025-06-12 04:16:00,29.9
2025-06-12 19:12:00,81.3
2025-06-12 15:32:00,4.9
2025-06-12 01:45:00,36.8
2025-06-12 18:08:00,10.4
2025-06-12 14:34:00,69.0
2025-06-12 18:52:00,50.136426804852206
2025-06-12 21:56:00,11.4
2025-06-12 17:55:00,72.7
2025-06-12 20:43:00,1.1
2025-06-12 14:15:00,99.9
2025-06-12 14:20:00,50.136426804852206
2025-06-12 02:30:00,84.1
2025-06-12 16:46:00,94.8
2025-06-12 11:11:00,67.8
2025-06-12 23:20:00,80.0
2025-06-12 05:10:00,86.8
2025-06-12 11:15:00,50.136426804852206
2025-06-12 23:26:00,35.4
2025-06-12 02:54:00,61.3
2025-06-12 12:32:00,90.1
2025-06-12 04:08:00,64.8
2025-06-12 03:55:00,21.7
2025-06-12 21:18:00,37.7
2025-06-12 15:57:00,10.1
2025-06-12 03:43:00,7.9
2025-06-12 10:15:00,50.037891637220255
2025-06-12 11:37:00,30.0
2025-06-12 13:32:00,40.6
2025-06-12 03:23:00,65.5
2025-06-12 19:12:00,37.6
2025-06-12 11:27:00,60.9
2025-06-12 06:43:00,43.5
2025-06-12 19:44:00,56.8
2025-06-12 23:51:00,55.2
2025-06-12 04:05:00,15.5
2025-06-12 14:10:00,26.7
2025-06-12 19:31:00,4.2
2025-06-12 17:01:00,23.0
2025-06-12 02:28:00,50.037891637220255
2025-06-12 14:20:00,96.7
2025-06-12 07:38:00,20.7
2025-06-12 11:34:00,6.9
2025-06-12 11:22:00,50.0
2025-06-12 15:06:00,68.7
2025-06-12 17:56:00,50.037891637220255
2025-06-12 05:38:00,4.9
2025-06-12 02:23:00,39.1
2025-06-12 18:16:00,10.2
2025-06-12 10:02:00,50.037891637220255
2025-06-12 02:39:00,10.9
2025-06-12 21:51:00,47.9
2025-06-12 17:38:00,50.037891637220255
2025-06-12 23:11:00,63.7
2025-06-12 16:36:00,32.9
2025-06-12 11:11:00,50.037891637220255
2025-06-12 11:31:00,83.6
2025-06-12 08:07:00,72.1
2025-06-12 20:58:00,79.4
2025-06-12 11:56:00,43.4
2025-06-12 22:09:00,57.7
2025-06-12 19:20:00,11.0
2025-06-12 17:13:00,76.7
2025-06-12 01:39:00,11.8
2025-06-12 12:09:00,7.3
2025-06-12 13:20:00,66.9
2025-06-12 15:17:00,76.0
2025-06-12 16:48:00,90.1
2025-06-12 00:48:00,23.6
2025-06-12 05:16:00,40.3
2025-06-12 00:56:00,43.1
2025-06-12 19:25:00,95.8
2025-06-12 14:19:00,2.1
2025-06-12 19:25:00,38.6
2025-06-12 07:28:00,58.2
2025-06-12 10:25:00,50.037891637220255
2025-06-12 16:07:00,0.6
2025-06-12 22:54:00,11.4
2025-06-12 10:22:00,10.2
2025-06-12 23:24:00,50.037891637220255
2025-06-12 14:38:00,99.1
2025-06-12 04:21:00,35.0
2025-06-12 14:00:00,50.037891637220255
2025-06-12 22:07:00,65.3
2025-06-12 13:17:00,77.2
2025-06-12 12:45:00,43.8
2025-06-12 14:40:00,50.037891637220255
2025-06-12 04:36:00,87.3
2025-06-12 04:03:00,17.7
2025-06-12 22:14:00,50.037891637220255
2025-06-12 03:18:00,2.2
2025-06-12 10:42:00,7.1
2025-06-12 05:38:00,33.0
2025-06-12 21:01:00,34.5
2025-06-12 06:49:00,94.9
2025-06-12 06:55:00,50.6
2025-06-12 12:38:00,50.037891637220255
2025-06-12 11:39:00,68.6
2025-06-12 11:20:00,11.1
2025-06-12 20:59:00,53.0
2025-06-12 23:42:00,50.037891637220255
2025-06-12 13:49:00,68.1
2025-06-12 20:33:00,20.4
2025-06-12 10:36:00,50.037891637220255
2025-06-12 01:31:00,84.8
2025-06-12 17:22:00,2.5
2025-06-12 19:59:00,50.037891637220255
2025-06-12 00:10:00,76.5
2025-06-12 10:13:00,10.8
2025-06-12 20:38:00,47.8
2025-06-12 12:35:00,13.5
2025-06-12 04:36:00,12.3
2025-06-12 01:20:00,44.3
2025-06-12 13:07:00,58.6
2025-06-12 20:48:00,57.4
2025-06-12 03:04:00,15.3
2025-06-12 06:45:00,19.8
2025-06-12 15:20:00,50.037891637220255
2025-06-12 05:16:00,28.5
2025-06-12 19:07:00,97.6
2025-06-12 20:35:00,20.5
2025-06-12 16:09:00,85.1
2025-06-12 12:51:00,10.5
2025-06-12 07:29:00,40.3
2025-06-12 00:23:00,50.037891637220255
2025-06-12 13:27:00,48.4
2025-06-12 16:27:00,66.9
2025-06-12 23:03:00,50.037891637220255
2025-06-12 07:13:00,50.037891637220255
2025-06-12 00:13:00,82.3
2025-06-12 17:12:00,27.7
2025-06-12 19:37:00,67.6
2025-06-12 13:19:00,48.3
2025-06-12 12:18:00,29.1
2025-06-12 05:09:00,50.037891637220255
2025-06-12 03:13:00,22.3
2025-06-12 00:30:00,50.037891637220255
2025-06-12 23:25:00,65.0
2025-06-12 20:51:00,50.037891637220255
2025-06-12 03:12:00,50.037891637220255
2025-06-12 09:16:00,83.1
2025-06-12 00:38:00,41.6
2025-06-12 02:08:00,50.037891637220255
2025-06-12 14:36:00,50.037891637220255
2025-06-12 23:27:00,18.5
2025-06-12 12:26:00,77.0
2025-06-12 01:48:00,74.9
2025-06-12 04:22:00,42.6
2025-06-12 16:57:00,27.8
2025-06-12 11:15:00,92.1
2025-06-12 23:56:00,50.037891637220255
2025-06-12 05:16:00,50.037891637220255
2025-06-12 14:22:00,82.7
2025-06-12 22:33:00,50.037891637220255
2025-06-12 21:01:00,75.8
2025-06-12 20:01:00,43.3
2025-06-12 17:21:00,36.8
2025-06-12 23:24:00,68.1
2025-06-12 14:13:00,35.3
2025-06-12 11:33:00,35.2
2025-06-12 15:51:00,71.0
2025-06-12 20:46:00,7.6
2025-06-12 05:59:00,50.037891637220255
2025-06-12 06:16:00,68.7
2025-06-12 11:10:00,52.4
2025-06-12 23:49:00,12.9
2025-06-12 09:15:00,39.0
2025-06-12 16:44:00,16.8
2025-06-12 07:26:00,76.1
2025-06-12 10:22:00,84.0
2025-06-12 02:09:00,34.7
2025-06-12 04:13:00,7.5
2025-06-12 17:34:00,80.1
2025-06-12 09:38:00,46.1
2025-06-12 10:39:00,35.9
2025-06-12 15:14:00,16.2
2025-06-12 03:31:00,21.4
2025-06-12 13:45:00,65.5
2025-06-12 09:31:00,5.5
2025-06-12 15:31:00,19.3
2025-06-12 01:55:00,68.4
2025-06-12 16:40:00,46.5
2025-06-12 03:34:00,81.5
2025-06-12 01:43:00,50.037891637220255
2025-06-12 03:45:00,50.037891637220255
2025-06-12 02:50:00,70.2
2025-06-12 15:27:00,75.1
2025-06-12 13:57:00,53.9
2025-06-12 22:26:00,42.6
2025-06-12 11:01:00,18.7
2025-06-12 10:40:00,80.6
2025-06-12 01:42:00,56.9
2025-06-12 19:38:00,99.1
2025-06-12 01:48:00,50.037891637220255
2025-06-12 07:14:00,72.7
2025-06-12 23:56:00,80.2
2025-06-12 03:56:00,91.5
2025-06-12 06:21:00,81.2
2025-06-12 14:04:00,95.1
2025-06-12 03:34:00,38.8
2025-06-12 05:41:00,93.3
2025-06-12 21:39:00,48.9
2025-06-12 18:46:00,42.8
2025-06-12 14:20:00,55.2
2025-06-12 14:57:00,50.037891637220255
2025-06-12 18:10:00,14.1
2025-06-12 18:39:00,42.4
2025-06-12 04:34:00,90.0
2025-06-12 13:08:00,14.4
2025-06-12 01:26:00,51.0
2025-06-12 05:46:00,26.0
2025-06-12 23:41:00,50.037891637220255
2025-06-12 13:01:00,93.6
2025-06-12 14:13:00,85.5
2025-06-12 04:45:00,82.5
2025-06-12 16:47:00,50.037891637220255
2025-06-12 12:02:00,73.0
2025-06-12 07:38:00,36.7
2025-06-12 22:28:00,76.4
2025-06-12 05:37:00,50.037891637220255
2025-06-12 09:37:00,28.9
2025-06-12 06:22:00,47.8
2025-06-12 09:30:00,93.2
2025-06-12 03:48:00,1.7
2025-06-12 11:46:00,84.7
2025-06-12 12:43:00,28.6
2025-06-12 12:20:00,33.5
2025-06-12 21:44:00,20.3
2025-06-12 22:36:00,9.2
2025-06-12 08:14:00,15.8
2025-06-12 15:38:00,81.4
2025-06-12 03:04:00,92.3
2025-06-12 01:53:00,0.8
2025-06-12 15:43:00,81.5
2025-06-12 06:46:00,38.5
2025-06-12 00:26:00,12.9
2025-06-12 15:57:00,81.1
2025-06-12 11:56:00,50.037891637220255
2025-06-12 10:50:00,43.8
2025-06-12 03:25:00,68.4
2025-06-12 21:52:00,69.5
2025-06-12 11:07:00,50.037891637220255
2025-06-12 09:45:00,56.9
2025-06-12 09:36:00,95.0
2025-06-12 19:20:00,11.7
2025-06-12 09:52:00,26.4
2025-06-12 01:58:00,61.7
2025-06-12 06:08:00,68.3
2025-06-12 07:59:00,50.0
2025-06-12 10:06:00,98.1
2025-06-12 15:22:00,17.3
2025-06-12 04:59:00,56.7
2025-06-12 06:22:00,55.0
2025-06-12 18:49:00,60.8
2025-06-12 23:20:00,6.1
2025-06-12 04:58:00,84.6
2025-06-12 00:20:00,10.6
2025-06-12 15:10:00,50.037891637220255
2025-06-12 06:22:00,30.0
2025-06-12 16:30:00,64.9
2025-06-12 19:21:00,12.4
2025-06-12 05:49:00,4.8
2025-06-12 14:08:00,76.0
2025-06-12 11:56:00,50.037891637220255
2025-06-12 16:48:00,21.8
2025-06-12 16:43:00,65.7
2025-06-12 07:51:00,50.037891637220255
2025-06-12 08:39:00,50.037891637220255
2025-06-12 22:39:00,15.8
2025-06-12 04:35:00,70.9
2025-06-12 15:04:00,85.7
2025-06-12 02:30:00,59.8
2025-06-12 03:39:00,52.8
2025-06-12 15:59:00,37.9
2025-06-12 08:54:00,84.2
2025-06-12 02:26:00,26.1
2025-06-12 19:22:00,39.9
2025-06-12 02:42:00,69.4
2025-06-12 02:17:00,50.037891637220255
2025-06-12 00:48:00,24.7
2025-06-12 04:16:00,56.5
2025-06-12 17:59:00,35.5
2025-06-12 02:09:00,27.2
2025-06-12 10:16:00,12.8
2025-06-12 03:57:00,50.037891637220255
2025-06-12 16:47:00,15.5
2025-06-12 13:06:00,85.8
2025-06-12 17:10:00,93.3
2025-06-12 15:15:00,82.7
2025-06-12 22:17:00,0.6
2025-06-12 18:53:00,19.7
2025-06-12 15:09:00,73.8
2025-06-12 03:41:00,26.0
2025-06-12 21:21:00,87.4
2025-06-12 08:50:00,50.037891637220255
2025-06-12 00:30:00,62.5
2025-06-12 13:09:00,90.1
2025-06-12 14:28:00,3.8
2025-06-12 16:37:00,78.7
2025-06-12 21:19:00,15.1
2025-06-12 15:47:00,47.3
2025-06-12 03:44:00,60.3
2025-06-12 08:43:00,93.3
2025-06-12 16:53:00,68.4
2025-06-12 03:01:00,61.8
2025-06-12 19:53:00,44.1
2025-06-12 05:47:00,46.1
2025-06-12 10:44:00,50.037891637220255
2025-06-12 08:00:00,1.7
2025-06-12 07:12:00,50.037891637220255
2025-06-12 19:27:00,17.5
2025-06-12 20:08:00,50.037891637220255
2025-06-12 22:00:00,72.6
2025-06-12 00:45:00,78.2
2025-06-12 21:33:00,81.2
2025-06-12 00:28:00,14.4
2025-06-12 16:00:00,17.1
2025-06-12 16:50:00,50.037891637220255
2025-06-12 09:24:00,50.037891637220255
2025-06-12 18:50:00,37.6
2025-06-12 16:16:00,30.7
2025-06-12 06:33:00,41.0
2025-06-12 23:40:00,42.0
2025-06-12 13:37:00,42.9
2025-06-12 18:45:00,30.9
2025-06-12 20:41:00,75.0
2025-06-12 18:34:00,78.4
2025-06-12 10:39:00,50.037891637220255
2025-06-12 06:41:00,41.7
2025-06-12 06:52:00,42.9
2025-06-12 22:21:00,20.1
2025-06-12 07:18:00,12.1
2025-06-12 13:30:00,84.3
2025-06-12 07:32:00,54.4
2025-06-12 13:58:00,1.8
2025-06-12 05:01:00,8.7
2025-06-12 07:21:00,96.2
2025-06-12 06:15:00,62.3
2025-06-12 04:56:00,15.7
2025-06-12 10:22:00,75.1
2025-06-12 19:13:00,89.8
2025-06-12 01:45:00,40.9
2025-06-12 05:45:00,88.4
2025-06-12 23:22:00,28.2
2025-06-12 17:48:00,72.6
2025-06-12 14:11:00,1.3
2025-06-12 13:09:00,99.5
2025-06-12 09:13:00,99.3
2025-06-12 15:09:00,3.7
2025-06-12 10:57:00,23.3
2025-06-12 05:30:00,41.4
2025-06-12 00:59:00,63.7
2025-06-12 17:33:00,50.037891637220255
2025-06-12 16:09:00,73.8
2025-06-12 08:17:00,49.0
2025-06-12 04:43:00,25.6
2025-06-12 06:32:00,39.5
2025-06-12 17:46:00,62.6
2025-06-12 21:35:00,96.0
2025-06-12 06:58:00,21.3
2025-06-12 10:47:00,79.6
2025-06-12 10:07:00,48.7
2025-06-12 07:10:00,50.037891637220255
2025-06-12 11:41:00,50.037891637220255
2025-06-12 21:12:00,21.0
2025-06-12 21:49:00,5.1
2025-06-12 02:07:00,50.037891637220255
2025-06-12 13:14:00,3.8
2025-06-12 04:49:00,2.7
2025-06-12 19:20:00,99.8
2025-06-12 15:22:00,2.5
2025-06-12 06:53:00,32.2
2025-06-12 15:57:00,43.0
2025-06-12 03:01:00,43.7
2025-06-12 01:32:00,22.1
2025-06-12 02:29:00,21.4
2025-06-12 17:48:00,43.2
2025-06-12 20:21:00,50.60542317173377
2025-06-12 11:54:00,93.9
2025-06-12 08:13:00,98.6
2025-06-12 06:23:00,60.1
2025-06-12 10:33:00,79.7
2025-06-12 19:48:00,50.60542317173377
2025-06-12 03:27:00,1.0
2025-06-12 21:50:00,50.60542317173377
2025-06-12 03:14:00,89.5
2025-06-12 10:19:00,86.2
2025-06-12 12:49:00,42.8
2025-06-12 21:13:00,32.9
2025-06-12 09:21:00,2.9
2025-06-12 11:18:00,50.60542317173377
2025-06-12 10:42:00,82.5
2025-06-12 11:32:00,20.9
2025-06-12 10:49:00,4.9
2025-06-12 00:04:00,74.9
2025-06-12 02:51:00,21.1
2025-06-12 06:04:00,62.1
2025-06-12 16:23:00,11.2
2025-06-12 20:33:00,64.6
2025-06-12 19:09:00,3.2
2025-06-12 11:03:00,67.0
2025-06-12 22:54:00,78.4
2025-06-12 12:03:00,50.60542317173377
2025-06-12 17:27:00,50.60542317173377
2025-06-12 00:46:00,96.1
2025-06-12 10:46:00,19.3
2025-06-12 10:05:00,50.60542317173377
2025-06-12 17:26:00,18.2
2025-06-12 10:42:00,56.5
2025-06-12 10:09:00,80.7
2025-06-12 11:19:00,63.1
2025-06-12 23:54:00,67.3
2025-06-12 19:45:00,45.9
2025-06-12 05:46:00,50.60542317173377
2025-06-12 02:09:00,65.1
2025-06-12 23:09:00,35.1
2025-06-12 00:39:00,96.7
2025-06-12 19:37:00,50.60542317173377
2025-06-12 07:57:00,67.5
2025-06-12 21:13:00,11.0
2025-06-12 07:55:00,82.3
2025-06-12 11:25:00,50.60542317173377
2025-06-12 14:41:00,3.7
2025-06-12 09:13:00,59.9
2025-06-12 12:28:00,86.4
2025-06-12 10:38:00,40.3
2025-06-12 08:58:00,27.7
2025-06-12 13:29:00,99.9
2025-06-12 19:38:00,3.0
2025-06-12 16:02:00,48.5
2025-06-12 06:48:00,50.60542317173377
2025-06-12 23:21:00,12.2
2025-06-12 20:12:00,26.5
2025-06-12 06:45:00,96.3
2025-06-12 14:07:00,50.60542317173377
2025-06-12 08:31:00,54.9
2025-06-12 15:51:00,50.60542317173377
2025-06-12 23:38:00,84.8
2025-06-12 13:06:00,51.4
2025-06-12 20:42:00,71.9
2025-06-12 05:26:00,50.60542317173377
2025-06-12 21:01:00,37.9
2025-06-12 16:12:00,35.2
2025-06-12 05:52:00,14.4
2025-06-12 20:35:00,76.4
2025-06-12 19:07:00,27.4
2025-06-12 10:51:00,45.2
2025-06-12 15:41:00,32.0
2025-06-12 12:34:00,48.2
2025-06-12 11:02:00,59.1
2025-06-12 18:43:00,50.60542317173377
2025-06-12 18:53:00,99.0
2025-06-12 16:55:00,27.6
2025-06-12 22:27:00,17.8
2025-06-12 14:16:00,76.3
2025-06-12 06:38:00,50.60542317173377
2025-06-12 05:09:00,53.1
2025-06-12 13:08:00,46.3
2025-06-12 21:41:00,30.4
2025-06-12 23:27:00,79.3
2025-06-12 19:03:00,85.9
2025-06-12 21:49:00,39.1
2025-06-12 07:45:00,76.2
2025-06-12 09:48:00,64.8
2025-06-12 22:28:00,97.4
2025-06-12 07:35:00,50.60542317173377
2025-06-12 19:36:00,56.8
2025-06-12 08:38:00,57.8
2025-06-12 18:06:00,74.6
2025-06-12 10:48:00,2.8
2025-06-12 11:51:00,10.5
2025-06-12 06:00:00,50.60542317173377
2025-06-12 18:34:00,28.6
2025-06-12 18:43:00,74.5
2025-06-12 07:03:00,57.6
2025-06-12 10:00:00,88.7
2025-06-12 21:51:00,16.5
2025-06-12 00:18:00,51.3
2025-06-12 14:51:00,38.4
2025-06-12 11:08:00,53.7
2025-06-12 00:35:00,84.9
2025-06-12 17:20:00,9.7
2025-06-12 04:53:00,58.7
2025-06-12 13:16:00,9.1
2025-06-12 02:26:00,15.4
2025-06-12 09:23:00,30.9
2025-06-12 21:48:00,62.6
2025-06-12 11:57:00,79.4
2025-06-12 21:55:00,17.9
2025-06-12 14:43:00,50.60542317173377
2025-06-12 09:04:00,73.9
2025-06-12 22:05:00,28.6
2025-06-12 02:00:00,71.3
2025-06-12 18:09:00,25.0
2025-06-12 18:46:00,50.60542317173377
2025-06-12 18:35:00,63.5
2025-06-12 13:03:00,84.6
2025-06-12 22:09:00,75.4
2025-06-12 21:30:00,3.3
2025-06-12 19:36:00,16.3
2025-06-12 07:32:00,50.60542317173377
2025-06-12 02:30:00,6.7
2025-06-12 09:21:00,9.4
2025-06-12 17:51:00,64.9
2025-06-12 21:45:00,65.5
2025-06-12 10:34:00,95.9
2025-06-12 01:45:00,80.4
2025-06-12 09:49:00,8.2
2025-06-12 17:23:00,84.1
2025-06-12 11:41:00,62.5
2025-06-12 21:18:00,1.0
2025-06-12 04:28:00,11.9
2025-06-12 23:26:00,50.60542317173377
2025-06-12 11:05:00,29.4
2025-06-12 04:38:00,74.8
2025-06-12 12:29:00,74.1
2025-06-12 09:54:00,50.60542317173377
2025-06-12 02:23:00,60.7
2025-06-12 13:32:00,50.60542317173377
2025-06-12 22:03:00,34.2
2025-06-12 23:17:00,41.5
2025-06-12 17:36:00,76.8
2025-06-12 07:09:00,0.5
2025-06-12 18:03:00,35.3
2025-06-12 08:14:00,22.0
2025-06-12 08:52:00,25.5
2025-06-12 01:40:00,24.3
2025-06-12 10:51:00,50.60542317173377
2025-06-12 08:57:00,94.3
2025-06-12 10:38:00,50.60542317173377
2025-06-12 19:59:00,29.0
2025-06-12 00:58:00,93.3
2025-06-12 09:59:00,79.2
2025-06-12 21:35:00,83.8
2025-06-12 18:26:00,86.3
2025-06-12 17:52:00,39.6
2025-06-12 23:03:00,52.2
2025-06-12 09:08:00,17.4
2025-06-12 01:06:00,16.0
2025-06-12 18:02:00,47.5
2025-06-12 05:29:00,86.6
2025-06-12 14:27:00,54.7
2025-06-12 20:40:00,83.4
2025-06-12 08:42:00,32.3
2025-06-12 12:24:00,15.6
2025-06-12 09:04:00,7.3
2025-06-12 21:22:00,53.3
2025-06-12 04:26:00,71.3
2025-06-12 17:20:00,15.7
2025-06-12 09:08:00,50.4
2025-06-12 18:50:00,48.5
2025-06-12 20:13:00,32.1
2025-06-12 02:23:00,51.1
2025-06-12 10:18:00,50.60542317173377
2025-06-12 17:48:00,48.2
2025-06-12 11:23:00,97.8
2025-06-12 04:24:00,64.0
2025-06-12 11:14:00,50.3
2025-06-12 21:57:00,27.2
2025-06-12 01:10:00,50.60542317173377
2025-06-12 12:50:00,57.2
2025-06-12 07:08:00,59.3
2025-06-12 10:07:00,50.60542317173377
2025-06-12 03:01:00,35.7
2025-06-12 15:03:00,64.1
2025-06-12 23:18:00,14.8
2025-06-12 12:25:00,60.1
2025-06-12 21:16:00,44.8
2025-06-12 22:47:00,99.6
2025-06-12 05:05:00,27.4
2025-06-12 20:22:00,19.7
2025-06-12 18:00:00,36.5
2025-06-12 01:20:00,20.9
2025-06-12 22:50:00,84.1
2025-06-12 05:41:00,79.6
2025-06-12 20:44:00,32.7
2025-06-12 18:46:00,66.1
2025-06-12 14:23:00,97.1
2025-06-12 10:27:00,68.4
2025-06-12 01:39:00,50.60542317173377
2025-06-12 00:26:00,61.5
2025-06-12 01:01:00,2.0
2025-06-12 05:19:00,86.0
2025-06-12 08:16:00,14.0
2025-06-12 22:01:00,95.3
2025-06-12 01:05:00,41.5
2025-06-12 15:19:00,91.0
2025-06-12 12:46:00,98.4
2025-06-12 17:13:00,1.4
2025-06-12 17:57:00,95.7
2025-06-12 16:44:00,7.2
2025-06-12 10:06:00,50.60542317173377
2025-06-12 16:29:00,19.2
2025-06-12 08:10:00,56.9
2025-06-12 07:12:00,58.6
2025-06-12 00:12:00,51.9
2025-06-12 19:17:00,94.8
2025-06-12 17:04:00,66.2
2025-06-12 04:50:00,94.9
2025-06-12 01:45:00,50.60542317173377
2025-06-12 12:42:00,54.8
2025-06-12 14:31:00,56.5
2025-06-12 14:08:00,19.6
2025-06-12 07:03:00,7.2
2025-06-12 19:46:00,75.8
2025-06-12 09:18:00,32.4
2025-06-12 03:30:00,44.3
2025-06-12 01:16:00,5.8
2025-06-12 06:38:00,39.1
2025-06-12 03:28:00,96.5
2025-06-12 10:34:00,50.60542317173377
2025-06-12 07:10:00,52.6
2025-06-12 14:11:00,77.5
2025-06-12 16:30:00,15.3
2025-06-12 05:05:00,90.2
2025-06-12 07:56:00,50.60542317173377
2025-06-12 05:19:00,56.7
2025-06-12 14:14:00,34.4
2025-06-12 07:36:00,31.8
2025-06-12 11:40:00,46.9
2025-06-12 09:10:00,70.6
2025-06-12 23:22:00,59.8
2025-06-12 04:13:00,9.5
2025-06-12 11:28:00,47.2
2025-06-12 04:33:00,50.60542317173377
2025-06-12 05:30:00,34.4
2025-06-12 04:23:00,35.0
2025-06-12 19:55:00,45.9
2025-06-12 07:21:00,21.5
2025-06-12 13:16:00,10.6
2025-06-12 04:29:00,99.7
2025-06-12 18:39:00,93.9
2025-06-12 05:10:00,97.2
2025-06-12 01:56:00,80.7
2025-06-12 09:34:00,29.9
2025-06-12 17:35:00,0.9
2025-06-12 20:21:00,50.60542317173377
2025-06-12 22:46:00,40.8
2025-06-12 06:48:00,80.5
2025-06-12 08:16:00,50.60542317173377
2025-06-12 05:45:00,35.5
2025-06-12 09:20:00,46.7
2025-06-12 03:16:00,27.4
2025-06-12 02:43:00,59.6
2025-06-12 00:49:00,50.60542317173377
2025-06-12 04:58:00,49.1
2025-06-12 19:29:00,47.0
2025-06-12 17:06:00,95.8
2025-06-12 11:52:00,23.1
2025-06-12 02:46:00,90.1
2025-06-12 13:20:00,98.4
2025-06-12 21:45:00,84.7
2025-06-12 09:20:00,37.1
2025-06-12 07:26:00,82.5
2025-06-12 13:41:00,7.6
2025-06-12 09:24:00,75.1
2025-06-12 20:48:00,35.1
2025-06-12 15:01:00,39.0
2025-06-12 21:46:00,52.3
2025-06-12 17:08:00,26.9
2025-06-12 12:24:00,21.2
2025-06-12 07:52:00,58.2
2025-06-12 10:08:00,9.6
2025-06-12 14:11:00,98.4
2025-06-12 11:22:00,50.60542317173377
2025-06-12 15:05:00,2.4
2025-06-12 02:52:00,15.8
2025-06-12 06:40:00,50.60542317173377
2025-06-12 06:10:00,59.3
2025-06-12 04:21:00,70.9
2025-06-12 23:36:00,50.60542317173377
2025-06-12 20:45:00,50.60542317173377
2025-06-12 12:19:00,50.60542317173377
2025-06-12 23:30:00,61.6
2025-06-12 04:15:00,25.5
2025-06-12 16:51:00,51.7
2025-06-12 23:12:00,52.7
2025-06-12 20:33:00,93.3
2025-06-12 12:23:00,21.2
2025-06-12 13:48:00,16.0
2025-06-12 15:50:00,50.60542317173377
2025-06-12 00:45:00,77.9
2025-06-12 10:15:00,51.5
2025-06-12 02:28:00,15.5
2025-06-12 23:42:00,96.0
2025-06-12 10:04:00,50.60542317173377
2025-06-12 02:27:00,90.4
2025-06-12 22:30:00,41.0
2025-06-12 22:33:00,62.1
2025-06-12 15:25:00,81.0
2025-06-12 06:41:00,72.1
2025-06-12 13:37:00,88.8
2025-06-12 09:54:00,82.1
2025-06-12 18:00:00,11.3
2025-06-12 07:25:00,78.1
2025-06-12 11:03:00,72.1
2025-06-12 05:31:00,20.7
2025-06-12 03:50:00,50.60542317173377
2025-06-12 16:18:00,20.9
2025-06-12 03:39:00,53.8
2025-06-12 11:31:00,90.7
2025-06-12 12:32:00,98.0
2025-06-12 07:47:00,3.1
2025-06-12 22:11:00,49.2
2025-06-12 18:18:00,93.0
2025-06-12 04:19:00,85.5
2025-06-12 21:28:00,65.6
2025-06-12 19:40:00,40.8
2025-06-12 18:27:00,50.60542317173377
2025-06-12 22:48:00,50.60542317173377
2025-06-12 08:30:00,50.60542317173377
2025-06-12 10:17:00,44.9
2025-06-12 07:27:00,65.2
2025-06-12 13:48:00,90.8
2025-06-12 13:23:00,47.7
2025-06-12 16:39:00,90.4
2025-06-12 13:28:00,87.3
2025-06-12 21:00:00,4.1
2025-06-12 06:27:00,50.60542317173377
2025-06-12 01:32:00,23.7
2025-06-12 14:36:00,0.8
2025-06-12 11:23:00,4.9
2025-06-12 06:11:00,25.2
2025-06-12 18:02:00,16.1
2025-06-12 08:17:00,50.4
2025-06-12 09:18:00,50.60542317173377
2025-06-12 09:14:00,53.1
2025-06-12 22:12:00,79.9
2025-06-12 21:53:00,72.6
2025-06-12 04:12:00,14.6
2025-06-12 00:56:00,78.8
2025-06-12 05:04:00,91.3
2025-06-12 05:53:00,98.0
2025-06-12 23:16:00,12.2
2025-06-12 03:00:00,93.6
2025-06-12 23:42:00,17.4
2025-06-12 10:19:00,76.0
2025-06-12 14:28:00,58.7
2025-06-12 13:31:00,3.5
2025-06-12 01:47:00,52.4
2025-06-12 11:45:00,5.7
2025-06-12 20:18:00,76.8
2025-06-12 17:41:00,54.2
2025-06-12 14:25:00,31.9
2025-06-12 18:50:00,75.6
2025-06-12 13:29:00,99.2
2025-06-12 19:24:00,74.5
2025-06-12 13:36:00,29.7
2025-06-12 23:07:00,34.1
2025-06-12 01:55:00,28.5
2025-06-12 15:52:00,6.9
2025-06-12 00:29:00,14.3
2025-06-12 09:47:00,99.5
2025-06-12 17:40:00,53.3
2025-06-12 22:42:00,49.935598591549294
2025-06-12 19:07:00,49.935598591549294
2025-06-12 11:13:00,59.3
2025-06-12 23:13:00,49.935598591549294
2025-06-12 16:13:00,15.1
2025-06-12 06:21:00,49.935598591549294
2025-06-12 10:49:00,13.5
2025-06-12 02:35:00,6.2
2025-06-12 03:42:00,49.935598591549294
2025-06-12 15:10:00,30.2
2025-06-12 10:25:00,86.9
2025-06-12 23:28:00,66.1
2025-06-12 12:29:00,60.6
2025-06-12 04:44:00,76.1
2025-06-12 03:35:00,49.935598591549294
2025-06-12 01:11:00,0.7
2025-06-12 09:27:00,64.7
2025-06-12 19:51:00,59.0
2025-06-12 12:06:00,6.2
2025-06-12 11:27:00,10.1
2025-06-12 04:26:00,1.9
2025-06-12 14:42:00,3.5
2025-06-12 20:26:00,75.0
2025-06-12 20:26:00,6.3
2025-06-12 14:56:00,94.4
2025-06-12 17:13:00,5.5
2025-06-12 16:52:00,49.935598591549294
2025-06-12 22:01:00,98.2
2025-06-12 08:02:00,1.3
2025-06-12 23:58:00,61.8
2025-06-12 03:22:00,35.4
2025-06-12 04:37:00,49.935598591549294
2025-06-12 06:49:00,14.6
2025-06-12 02:23:00,42.6
2025-06-12 14:58:00,87.4
2025-06-12 06:00:00,74.3
2025-06-12 22:46:00,9.1
2025-06-12 12:33:00,96.3
2025-06-12 21:04:00,69.5
2025-06-12 18:12:00,98.0
2025-06-12 15:23:00,21.2
2025-06-12 04:00:00,65.4
2025-06-12 06:38:00,51.2
2025-06-12 19:04:00,44.1
2025-06-12 19:11:00,69.0
2025-06-12 00:03:00,25.7
2025-06-12 15:22:00,63.8
2025-06-12 09:59:00,47.2
2025-06-12 20:21:00,85.5
2025-06-12 07:57:00,67.5
2025-06-12 12:01:00,20.4
2025-06-12 10:08:00,10.3
2025-06-12 02:41:00,7.1
2025-06-12 09:15:00,64.7
2025-06-12 07:38:00,15.9
2025-06-12 07:04:00,92.3
2025-06-12 20:38:00,49.935598591549294
2025-06-12 06:57:00,49.935598591549294
2025-06-12 16:38:00,86.1
2025-06-12 00:06:00,4.1
2025-06-12 20:01:00,3.4
2025-06-12 06:11:00,30.9
2025-06-12 15:02:00,6.1
2025-06-12 03:21:00,66.0
2025-06-12 11:23:00,63.9
2025-06-12 17:27:00,24.6
2025-06-12 22:13:00,79.1
2025-06-12 18:03:00,45.2
2025-06-12 15:39:00,66.0
2025-06-12 01:38:00,17.0
2025-06-12 20:25:00,41.0
2025-06-12 10:03:00,86.4
2025-06-12 13:01:00,35.7
2025-06-12 01:00:00,52.6
2025-06-12 09:26:00,59.0
2025-06-12 04:16:00,74.5
2025-06-12 07:53:00,78.0
2025-06-12 23:20:00,72.1
2025-06-12 21:23:00,49.935598591549294
2025-06-12 05:45:00,49.935598591549294
2025-06-12 09:26:00,62.4
2025-06-12 12:00:00,29.8
2025-06-12 15:00:00,49.935598591549294
2025-06-12 17:28:00,66.7
2025-06-12 03:01:00,76.9
2025-06-12 10:21:00,45.3
2025-06-12 07:43:00,49.935598591549294
2025-06-12 00:32:00,69.1
2025-06-12 11:33:00,11.0
2025-06-12 04:32:00,23.7
2025-06-12 08:13:00,68.1
2025-06-12 00:25:00,100.0
2025-06-12 18:30:00,56.3
2025-06-12 03:45:00,20.4
2025-06-12 08:08:00,39.2
2025-06-12 06:25:00,0.6
2025-06-12 09:51:00,27.6
2025-06-12 13:05:00,18.0
2025-06-12 02:15:00,86.0
2025-06-12 09:30:00,34.8
2025-06-12 09:43:00,50.4
2025-06-12 17:39:00,8.3
2025-06-12 15:12:00,42.1
2025-06-12 21:15:00,49.935598591549294
2025-06-12 20:04:00,49.935598591549294
2025-06-12 05:51:00,73.1
2025-06-12 18:03:00,22.7
2025-06-12 11:11:00,76.1
2025-06-12 13:04:00,75.4
2025-06-12 06:57:00,5.1
2025-06-12 22:56:00,91.8
2025-06-12 20:10:00,94.3
2025-06-12 17:55:00,18.9
2025-06-12 23:31:00,61.1
2025-06-12 08:22:00,57.0
2025-06-12 16:26:00,5.1
2025-06-12 05:28:00,43.7
2025-06-12 00:57:00,49.935598591549294
2025-06-12 09:45:00,14.6
2025-06-12 22:01:00,45.8
2025-06-12 04:29:00,49.935598591549294
2025-06-12 10:46:00,6.3
2025-06-12 23:27:00,38.3
2025-06-12 23:10:00,32.5
2025-06-12 01:56:00,49.935598591549294
2025-06-12 17:33:00,40.3
2025-06-12 09:37:00,30.5
2025-06-12 13:09:00,90.3
2025-06-12 07:55:00,7.0
2025-06-12 05:20:00,68.2
2025-06-12 04:25:00,27.9
2025-06-12 02:29:00,14.9
2025-06-12 14:34:00,2.0
2025-06-12 09:12:00,94.4
2025-06-12 09:13:00,28.2
2025-06-12 19:32:00,83.9
2025-06-12 03:02:00,49.935598591549294
2025-06-12 14:40:00,89.6
2025-06-12 12:10:00,4.8
2025-06-12 10:50:00,95.4
2025-06-12 00:45:00,39.4
2025-06-12 20:10:00,52.7
2025-06-12 04:20:00,44.7
2025-06-12 18:10:00,52.3
2025-06-12 05:59:00,88.5
2025-06-12 23:00:00,41.3
2025-06-12 13:59:00,30.9
2025-06-12 18:47:00,57.8
2025-06-12 15:38:00,71.9
2025-06-12 00:42:00,8.7
2025-06-12 11:13:00,63.3
2025-06-12 13:41:00,45.1
2025-06-12 18:16:00,55.5
2025-06-12 21:34:00,65.8
2025-06-12 15:51:00,79.2
2025-06-12 11:57:00,40.1
2025-06-12 08:41:00,99.3
2025-06-12 19:45:00,45.3
2025-06-12 03:30:00,55.5
2025-06-12 21:53:00,68.2
2025-06-12 11:01:00,28.8
2025-06-12 13:15:00,89.4
2025-06-12 11:35:00,49.6
2025-06-12 04:13:00,54.9
2025-06-12 07:55:00,69.5
2025-06-12 03:33:00,89.0
2025-06-12 16:13:00,49.935598591549294
2025-06-12 14:48:00,81.4
2025-06-12 23:26:00,10.9
2025-06-12 00:37:00,49.935598591549294
2025-06-12 09:13:00,62.4
2025-06-12 21:48:00,26.3
2025-06-12 11:28:00,49.935598591549294
2025-06-12 22:52:00,23.8
2025-06-12 19:51:00,9.6
2025-06-12 06:57:00,49.935598591549294
2025-06-12 00:38:00,99.7
2025-06-12 09:54:00,83.7
2025-06-12 04:34:00,58.1
2025-06-12 13:30:00,35.3
2025-06-12 19:09:00,32.7
2025-06-12 23:35:00,63.6
2025-06-12 04:03:00,49.935598591549294
2025-06-12 15:36:00,24.9
2025-06-12 01:41:00,33.6
2025-06-12 17:55:00,85.0
2025-06-12 04:50:00,41.1
2025-06-12 01:03:00,66.8
2025-06-12 12:23:00,16.8
2025-06-12 01:04:00,85.2
2025-06-12 21:53:00,82.5
2025-06-12 14:18:00,19.9
2025-06-12 09:34:00,49.935598591549294
2025-06-12 23:09:00,88.9
2025-06-12 03:39:00,26.9
2025-06-12 19:30:00,50.0
2025-06-12 06:09:00,31.4
2025-06-12 13:20:00,32.2
2025-06-12 07:27:00,82.7
2025-06-12 06:39:00,51.9
2025-06-12 17:06:00,49.935598591549294
2025-06-12 19:37:00,49.935598591549294
2025-06-12 16:35:00,88.9
2025-06-12 22:25:00,75.3
2025-06-12 08:49:00,24.5
2025-06-12 01:27:00,82.6
2025-06-12 12:00:00,63.8
2025-06-12 15:09:00,93.0
2025-06-12 22:13:00,53.4
2025-06-12 23:07:00,1.9
2025-06-12 20:12:00,34.4
2025-06-12 10:18:00,99.0
2025-06-12 18:51:00,52.9
2025-06-12 23:17:00,5.1
2025-06-12 21:57:00,60.2
2025-06-12 07:00:00,49.935598591549294
2025-06-12 10:23:00,81.0
2025-06-12 20:31:00,67.3
2025-06-12 09:43:00,91.1
2025-06-12 14:39:00,66.1
2025-06-12 02:44:00,49.8
2025-06-12 13:54:00,10.1
2025-06-12 11:00:00,49.935598591549294
2025-06-12 12:52:00,21.3
2025-06-12 00:43:00,75.0
2025-06-12 11:00:00,96.6
2025-06-12 12:31:00,49.935598591549294
2025-06-12 09:46:00,49.935598591549294
2025-06-12 06:12:00,42.5
2025-06-12 00:06:00,71.8
2025-06-12 00:03:00,40.9
2025-06-12 23:58:00,21.0
2025-06-12 15:04:00,46.1
2025-06-12 23:36:00,19.3
2025-06-12 14:19:00,49.935598591549294
2025-06-12 05:42:00,85.1
2025-06-12 17:32:00,46.7
2025-06-12 21:48:00,49.935598591549294
2025-06-12 21:37:00,47.3
2025-06-12 09:48:00,65.8
2025-06-12 08:21:00,63.8
2025-06-12 10:06:00,49.935598591549294
2025-06-12 02:07:00,39.5
2025-06-12 09:38:00,99.7
2025-06-12 15:56:00,49.935598591549294
2025-06-12 18:50:00,64.8
2025-06-12 03:44:00,56.7
2025-06-12 01:42:00,64.7
2025-06-12 20:52:00,30.2
2025-06-12 21:13:00,2.5
2025-06-12 07:14:00,99.8
2025-06-12 05:50:00,30.2
2025-06-12 09:45:00,25.2
2025-06-12 09:19:00,85.4
2025-06-12 18:23:00,20.8
2025-06-12 22:42:00,12.3
2025-06-12 09:15:00,73.0
2025-06-12 20:01:00,20.3
2025-06-12 07:22:00,94.5
2025-06-12 10:49:00,49.3
2025-06-12 02:14:00,19.5
2025-06-12 11:04:00,25.1
2025-06-12 13:55:00,4.0
2025-06-12 14:39:00,97.0
2025-06-12 11:33:00,78.7
2025-06-12 14:06:00,49.935598591549294
2025-06-12 06:50:00,49.935598591549294
2025-06-12 08:56:00,45.0
2025-06-12 04:43:00,68.2
2025-06-12 00:04:00,95.6
2025-06-12 11:59:00,76.9
2025-06-12 03:33:00,0.6
2025-06-12 05:43:00,38.1
2025-06-12 07:24:00,49.935598591549294
2025-06-12 14:35:00,49.935598591549294
2025-06-12 06:52:00,59.1
2025-06-12 10:17:00,82.4
2025-06-12 01:52:00,19.6
2025-06-12 00:51:00,49.935598591549294
2025-06-12 17:49:00,95.9
2025-06-12 14:15:00,92.6
2025-06-12 09:49:00,9.2
2025-06-12 23:24:00,13.1
2025-06-12 19:11:00,17.3
2025-06-12 06:06:00,86.4
2025-06-12 23:46:00,49.935598591549294
2025-06-12 19:40:00,13.6
2025-06-12 01:17:00,11.5
2025-06-12 10:21:00,98.5
2025-06-12 16:12:00,91.6
2025-06-12 11:58:00,51.1
2025-06-12 07:23:00,6.0
2025-06-12 12:33:00,49.935598591549294
2025-06-12 02:54:00,90.3
2025-06-12 16:26:00,30.9
2025-06-12 06:00:00,56.2
2025-06-12 07:47:00,78.2
2025-06-12 16:58:00,34.5
2025-06-12 01:00:00,34.2
2025-06-12 06:10:00,88.9
2025-06-12 10:28:00,76.3
2025-06-12 03:55:00,37.4
2025-06-12 04:14:00,24.9
2025-06-12 00:37:00,90.8
2025-06-12 22:54:00,49.935598591549294
2025-06-12 20:24:00,95.1
2025-06-12 21:27:00,38.8
2025-06-12 04:58:00,51.7
2025-06-12 20:13:00,18.5
2025-06-12 11:16:00,57.8
2025-06-12 21:53:00,25.2
2025-06-12 15:49:00,60.1
2025-06-12 21:49:00,22.6
2025-06-12 17:15:00,49.935598591549294
2025-06-12 14:22:00,65.6
2025-06-12 13:13:00,25.4
2025-06-12 15:17:00,49.935598591549294
2025-06-12 16:33:00,94.7
2025-06-12 13:02:00,87.2
2025-06-12 04:54:00,26.1
2025-06-12 04:00:00,7.4
2025-06-12 21:08:00,17.8
2025-06-12 20:33:00,43.9
2025-06-12 00:47:00,69.6
2025-06-12 02:48:00,69.7
2025-06-12 10:49:00,17.6
2025-06-12 01:21:00,53.7
2025-06-12 13:08:00,51.7
2025-06-12 23:25:00,90.5
2025-06-12 05:38:00,62.8
2025-06-12 17:47:00,38.0
2025-06-12 19:16:00,9.5
2025-06-12 08:40:00,81.1
2025-06-12 21:19:00,24.9
2025-06-12 06:33:00,54.3
2025-06-12 18:46:00,78.9
2025-06-12 22:17:00,96.4
2025-06-12 20:36:00,75.6
2025-06-12 00:49:00,69.1
2025-06-12 04:46:00,42.5
2025-06-12 04:01:00,38.2
2025-06-12 01:58:00,5.0
2025-06-12 19:17:00,57.4
2025-06-12 11:40:00,49.935598591549294
2025-06-12 14:57:00,6.7
2025-06-12 16:19:00,5.7
2025-06-12 21:41:00,61.9
2025-06-12 20:14:00,93.3
2025-06-12 22:46:00,21.5
2025-06-12 17:54:00,34.7
2025-06-12 07:42:00,66.1
2025-06-12 15:54:00,28.2
2025-06-12 09:13:00,65.5
2025-06-12 02:11:00,51.0
2025-06-12 15:52:00,32.0
2025-06-12 08:57:00,85.9
2025-06-12 09:20:00,67.7
2025-06-12 03:04:00,12.2
2025-06-12 10:21:00,49.740225962104276
2025-06-12 17:29:00,3.2
2025-06-12 22:22:00,70.6
2025-06-12 00:20:00,49.740225962104276
2025-06-12 00:57:00,4.4
2025-06-12 13:05:00,19.1
2025-06-12 17:50:00,96.0
2025-06-12 19:46:00,88.6
2025-06-12 13:03:00,73.9
2025-06-12 19:51:00,49.740225962104276
2025-06-12 03:13:00,47.7
2025-06-12 11:01:00,72.1
2025-06-12 15:16:00,49.740225962104276
2025-06-12 22:04:00,76.6
2025-06-12 10:12:00,86.8
2025-06-12 10:01:00,96.2
2025-06-12 12:14:00,26.7
2025-06-12 09:20:00,30.2
2025-06-12 08:51:00,49.740225962104276
2025-06-12 09:35:00,40.8
2025-06-12 00:46:00,84.7
2025-06-12 15:12:00,32.1
2025-06-12 06:17:00,13.4
2025-06-12 11:40:00,49.740225962104276
2025-06-12 03:25:00,85.9
2025-06-12 14:09:00,33.7
2025-06-12 18:27:00,32.2
2025-06-12 20:53:00,49.740225962104276
2025-06-12 16:05:00,49.740225962104276
2025-06-12 05:13:00,40.1
2025-06-12 22:44:00,59.4
2025-06-12 00:29:00,70.2
2025-06-12 06:19:00,94.6
2025-06-12 07:34:00,77.1
2025-06-12 00:07:00,96.0
2025-06-12 04:58:00,19.5
2025-06-12 03:34:00,63.4
2025-06-12 19:15:00,70.8
2025-06-12 21:58:00,49.740225962104276
2025-06-12 13:57:00,66.8
2025-06-12 08:10:00,49.740225962104276
2025-06-12 21:46:00,97.7
2025-06-12 21:51:00,51.1
2025-06-12 18:08:00,55.2
2025-06-12 05:03:00,12.3
2025-06-12 20:10:00,64.2
2025-06-12 04:17:00,62.0
2025-06-12 07:04:00,1.8
2025-06-12 00:43:00,94.1
2025-06-12 04:31:00,32.5
2025-06-12 18:08:00,19.7
2025-06-12 16:22:00,60.7
2025-06-12 19:20:00,11.9
2025-06-12 19:36:00,85.4
2025-06-12 13:11:00,21.3
2025-06-12 07:36:00,3.8
2025-06-12 09:08:00,49.740225962104276
2025-06-12 22:04:00,33.9
2025-06-12 00:42:00,62.0
2025-06-12 07:23:00,9.2
2025-06-12 01:40:00,66.5
2025-06-12 20:35:00,89.6
2025-06-12 03:39:00,41.2
2025-06-12 20:19:00,2.7
2025-06-12 09:17:00,49.740225962104276
2025-06-12 09:43:00,49.740225962104276
2025-06-12 15:47:00,89.0
2025-06-12 14:13:00,50.9
2025-06-12 06:22:00,49.740225962104276
2025-06-12 18:18:00,95.4
2025-06-12 01:41:00,12.6
2025-06-12 21:04:00,98.8
2025-06-12 09:43:00,17.1
2025-06-12 04:44:00,47.3
2025-06-12 12:06:00,49.740225962104276
2025-06-12 08:42:00,34.5
2025-06-12 03:07:00,33.7
2025-06-12 15:55:00,9.7
2025-06-12 12:58:00,49.740225962104276
2025-06-12 22:46:00,49.740225962104276
2025-06-12 15:45:00,27.0
2025-06-12 06:11:00,7.0
2025-06-12 17:04:00,61.3
2025-06-12 09:27:00,40.1
2025-06-12 13:36:00,81.2
2025-06-12 00:52:00,73.1
2025-06-12 11:35:00,87.6
2025-06-12 04:07:00,24.7
2025-06-12 11:39:00,77.5
2025-06-12 15:06:00,83.6
2025-06-12 01:32:00,44.3
2025-06-12 13:20:00,74.7
2025-06-12 17:41:00,35.9
2025-06-12 20:24:00,33.1
2025-06-12 12:13:00,75.6
2025-06-12 09:30:00,9.9
2025-06-12 16:19:00,49.740225962104276
2025-06-12 12:44:00,49.740225962104276
2025-06-12 15:07:00,2.5
2025-06-12 19:56:00,30.7
2025-06-12 09:21:00,10.1
2025-06-12 01:43:00,54.0
2025-06-12 00:33:00,9.9
2025-06-12 20:18:00,49.740225962104276
2025-06-12 21:27:00,16.8
2025-06-12 14:43:00,49.740225962104276
2025-06-12 11:25:00,3.7
2025-06-12 11:13:00,79.6
2025-06-12 05:55:00,79.7
2025-06-12 09:01:00,97.9
2025-06-12 11:15:00,90.7
2025-06-12 13:43:00,37.9
2025-06-12 13:27:00,49.740225962104276
2025-06-12 17:02:00,48.9
2025-06-12 19:39:00,21.8
2025-06-12 06:38:00,40.4
2025-06-12 02:23:00,49.740225962104276
2025-06-12 22:48:00,97.5
2025-06-12 00:32:00,51.5
2025-06-12 07:56:00,55.8
2025-06-12 15:59:00,87.6
2025-06-12 22:30:00,33.4
2025-06-12 04:44:00,18.7
2025-06-12 08:40:00,61.2
2025-06-12 10:25:00,45.5
2025-06-12 05:55:00,94.0
2025-06-12 14:00:00,65.6
2025-06-12 03:31:00,78.7
2025-06-12 11:42:00,2.0
2025-06-12 01:38:00,84.5
2025-06-12 16:27:00,37.2
2025-06-12 13:10:00,89.4
2025-06-12 02:59:00,92.3
2025-06-12 19:16:00,43.4
2025-06-12 05:05:00,59.2
2025-06-12 10:43:00,49.740225962104276
2025-06-12 23:58:00,7.7
2025-06-12 09:55:00,76.0
2025-06-12 13:56:00,25.6
2025-06-12 22:10:00,93.7
2025-06-12 04:49:00,93.9
2025-06-12 02:35:00,49.740225962104276
2025-06-12 07:04:00,38.4
2025-06-12 11:12:00,100.0
2025-06-12 11:12:00,82.3
2025-06-12 23:39:00,15.3
2025-06-12 21:19:00,49.740225962104276
2025-06-12 21:54:00,52.8
2025-06-12 18:42:00,15.4
2025-06-12 14:04:00,49.740225962104276
2025-06-12 07:08:00,70.9
2025-06-12 20:07:00,98.7
2025-06-12 18:03:00,49.740225962104276
2025-06-12 23:15:00,41.5
2025-06-12 03:39:00,59.6
2025-06-12 03:41:00,14.5
2025-06-12 16:55:00,41.4
2025-06-12 06:06:00,96.6
2025-06-12 12:32:00,33.8
2025-06-12 19:18:00,49.740225962104276
2025-06-12 10:07:00,85.5
2025-06-12 08:57:00,20.6
2025-06-12 20:07:00,10.3
2025-06-12 20:43:00,15.6
2025-06-12 06:14:00,21.7
2025-06-12 00:14:00,9.7
2025-06-12 17:44:00,32.7
2025-06-12 02:19:00,98.2
2025-06-12 00:01:00,49.740225962104276
2025-06-12 03:56:00,64.8
2025-06-12 23:18:00,34.7
2025-06-12 04:41:00,5.2
2025-06-12 15:06:00,63.4
2025-06-12 15:50:00,84.5
2025-06-12 22:19:00,59.3
2025-06-12 16:35:00,26.8
2025-06-12 03:42:00,5.0
2025-06-12 04:01:00,34.4
2025-06-12 05:43:00,22.8
2025-06-12 15:41:00,13.2
2025-06-12 18:53:00,7.7
2025-06-12 08:14:00,82.0
2025-06-12 14:07:00,79.8
2025-06-12 06:05:00,17.8
2025-06-12 18:03:00,99.8
2025-06-12 15:24:00,26.5
2025-06-12 04:18:00,80.5
2025-06-12 23:51:00,9.5
2025-06-12 14:42:00,49.740225962104276
2025-06-12 15:19:00,49.740225962104276
2025-06-12 03:21:00,25.7
2025-06-12 03:56:00,49.740225962104276
2025-06-12 03:11:00,29.8
2025-06-12 20:37:00,11.0
2025-06-12 06:47:00,42.8
2025-06-12 05:41:00,73.4
2025-06-12 18:35:00,51.7
2025-06-12 21:18:00,3.5
2025-06-12 07:15:00,85.4
2025-06-12 22:49:00,88.2
2025-06-12 08:18:00,49.740225962104276
2025-06-12 07:15:00,47.8
2025-06-12 08:54:00,5.7
2025-06-12 11:08:00,49.740225962104276
2025-06-12 15:07:00,49.740225962104276
2025-06-12 06:21:00,49.740225962104276
2025-06-12 04:37:00,16.3
2025-06-12 09:08:00,70.5
2025-06-12 17:37:00,5.1
2025-06-12 04:20:00,58.3
2025-06-12 10:46:00,36.3
2025-06-12 08:41:00,7.7
2025-06-12 09:04:00,49.740225962104276
2025-06-12 19:41:00,40.9
2025-06-12 07:04:00,25.6
2025-06-12 00:20:00,60.4
2025-06-12 01:48:00,38.9
2025-06-12 00:38:00,49.740225962104276
2025-06-12 23:38:00,65.0
2025-06-12 23:37:00,6.6
2025-06-12 15:18:00,89.8
2025-06-12 07:07:00,95.8
2025-06-12 03:46:00,37.3
2025-06-12 04:44:00,49.740225962104276
2025-06-12 03:25:00,91.5
2025-06-12 06:18:00,49.740225962104276
2025-06-12 18:07:00,38.4
2025-06-12 13:55:00,49.740225962104276
2025-06-12 20:08:00,96.8
2025-06-12 13:36:00,30.8
2025-06-12 09:41:00,64.2
2025-06-12 01:43:00,10.3
2025-06-12 08:26:00,49.740225962104276
2025-06-12 03:40:00,36.5
2025-06-12 08:11:00,76.5
2025-06-12 05:41:00,50.8
2025-06-12 12:51:00,84.6
2025-06-12 23:19:00,62.8
2025-06-12 11:06:00,67.2
2025-06-12 01:28:00,71.4
2025-06-12 03:31:00,84.2
2025-06-12 09:28:00,7.0
2025-06-12 18:19:00,5.5
2025-06-12 14:06:00,26.7
2025-06-12 09:01:00,47.7
2025-06-12 10:59:00,33.9
2025-06-12 13:27:00,49.4
2025-06-12 19:00:00,87.2
2025-06-12 06:59:00,8.4
2025-06-12 07:21:00,93.8
2025-06-12 18:09:00,63.9
2025-06-12 21:45:00,52.2
2025-06-12 22:46:00,5.2
2025-06-12 03:19:00,65.6
2025-06-12 07:46:00,34.0
2025-06-12 09:42:00,22.2
2025-06-12 04:05:00,14.2
2025-06-12 04:12:00,84.1
2025-06-12 14:12:00,49.740225962104276
2025-06-12 04:20:00,79.9
2025-06-12 12:08:00,49.740225962104276
2025-06-12 11:15:00,74.1
2025-06-12 08:13:00,8.1
2025-06-12 02:09:00,78.1
2025-06-12 04:01:00,3.4
2025-06-12 05:40:00,87.5
2025-06-12 19:16:00,65.9
2025-06-12 11:13:00,30.9
2025-06-12 04:06:00,14.5
2025-06-12 12:27:00,91.0
2025-06-12 14:31:00,53.1
2025-06-12 22:01:00,49.740225962104276
2025-06-12 17:42:00,87.0
2025-06-12 04:56:00,16.6
2025-06-12 12:32:00,56.5
2025-06-12 16:21:00,23.9
2025-06-12 23:53:00,23.7
2025-06-12 02:00:00,14.2
2025-06-12 07:09:00,87.5
2025-06-12 08:47:00,73.1
2025-06-12 05:12:00,50.3
2025-06-12 21:55:00,0.1
2025-06-12 08:58:00,49.740225962104276
2025-06-12 17:36:00,10.9
2025-06-12 23:29:00,49.740225962104276
2025-06-12 19:27:00,16.3
2025-06-12 23:55:00,73.7
2025-06-12 12:24:00,18.0
2025-06-12 09:39:00,76.0
2025-06-12 06:14:00,75.7
2025-06-12 17:02:00,48.9
2025-06-12 19:49:00,25.0
2025-06-12 09:35:00,73.4
2025-06-12 00:12:00,28.9
2025-06-12 15:03:00,1.8
2025-06-12 19:12:00,27.8
2025-06-12 00:47:00,89.5
2025-06-12 14:11:00,86.3
2025-06-12 02:10:00,52.6
2025-06-12 21:47:00,75.2
2025-06-12 03:50:00,14.2
2025-06-12 03:08:00,4.7
2025-06-12 10:42:00,50.9
2025-06-12 19:20:00,65.0
2025-06-12 20:41:00,38.1
2025-06-12 13:51:00,19.6
2025-06-12 06:50:00,62.3
2025-06-12 07:41:00,76.2
2025-06-12 00:11:00,11.6
2025-06-12 04:48:00,29.2
2025-06-12 03:54:00,21.6
2025-06-12 20:55:00,94.1
2025-06-12 20:35:00,58.2
2025-06-12 20:53:00,84.5
2025-06-12 13:47:00,39.2
2025-06-12 15:38:00,67.4
2025-06-12 07:02:00,45.3
2025-06-12 07:57:00,49.740225962104276
2025-06-12 08:42:00,74.1
2025-06-12 03:40:00,39.8
2025-06-12 16:49:00,49.740225962104276
2025-06-12 23:24:00,20.7
2025-06-12 03:52:00,77.7
2025-06-12 04:14:00,59.7
2025-06-12 15:22:00,50.18838223164841
2025-06-12 13:59:00,71.6
2025-06-12 15:08:00,37.8
2025-06-12 12:32:00,1.9
2025-06-12 15:02:00,2.5
2025-06-12 20:43:00,51.0
2025-06-12 23:19:00,93.2
2025-06-12 06:54:00,50.18838223164841
2025-06-12 20:10:00,75.5
2025-06-12 12:18:00,98.5
2025-06-12 09:23:00,39.4
2025-06-12 03:59:00,50.18838223164841
2025-06-12 20:16:00,50.18838223164841
2025-06-12 06:00:00,89.1
2025-06-12 00:35:00,79.2
2025-06-12 17:36:00,51.3
2025-06-12 21:51:00,32.4
2025-06-12 03:33:00,65.7
2025-06-12 12:01:00,21.0
2025-06-12 04:07:00,66.3
2025-06-12 18:13:00,80.4
2025-06-12 06:12:00,26.9
2025-06-12 03:52:00,70.8
2025-06-12 20:04:00,10.1
2025-06-12 18:23:00,58.9
2025-06-12 23:34:00,3.5
2025-06-12 09:16:00,70.7
2025-06-12 07:07:00,83.7
2025-06-12 11:16:00,30.8
2025-06-12 15:00:00,27.0
2025-06-12 09:53:00,50.18838223164841
2025-06-12 17:57:00,70.4
2025-06-12 13:00:00,99.9
2025-06-12 08:20:00,93.9
2025-06-12 19:11:00,14.5
2025-06-12 17:30:00,82.9
2025-06-12 23:59:00,72.1
2025-06-12 03:20:00,50.6
2025-06-12 03:33:00,0.5
2025-06-12 16:29:00,69.6
2025-06-12 08:22:00,50.18838223164841
2025-06-12 01:33:00,50.18838223164841
2025-06-12 15:57:00,48.6
2025-06-12 20:28:00,50.18838223164841
2025-06-12 22:38:00,79.7
2025-06-12 15:29:00,57.9
2025-06-12 13:59:00,50.0
2025-06-12 16:28:00,50.18838223164841
2025-06-12 13:27:00,81.3
2025-06-12 21:16:00,50.18838223164841
2025-06-12 13:37:00,83.8
2025-06-12 05:09:00,69.8
2025-06-12 13:45:00,50.18838223164841
2025-06-12 16:30:00,45.3
2025-06-12 20:15:00,63.7
2025-06-12 17:02:00,50.18838223164841
2025-06-12 03:50:00,72.4
2025-06-12 04:01:00,35.5
2025-06-12 18:27:00,13.2
2025-06-12 11:14:00,2.1
2025-06-12 08:07:00,69.3
2025-06-12 16:51:00,14.3
2025-06-12 11:04:00,58.8
2025-06-12 12:51:00,61.0
2025-06-12 11:27:00,11.0
2025-06-12 03:09:00,39.3
2025-06-12 20:55:00,50.18838223164841
2025-06-12 11:03:00,31.7
2025-06-12 21:16:00,20.9
2025-06-12 21:38:00,66.7
2025-06-12 18:27:00,62.2
2025-06-12 02:34:00,91.9
2025-06-12 02:19:00,19.7
2025-06-12 21:48:00,8.2
2025-06-12 12:07:00,50.18838223164841
2025-06-12 14:34:00,15.0
2025-06-12 21:44:00,5.8
2025-06-12 11:48:00,87.6
2025-06-12 10:24:00,42.7
2025-06-12 22:57:00,92.7
2025-06-12 10:07:00,23.4
2025-06-12 03:23:00,50.18838223164841
2025-06-12 16:52:00,22.3
2025-06-12 06:54:00,74.0
2025-06-12 17:19:00,50.18838223164841
2025-06-12 16:41:00,56.3
2025-06-12 15:58:00,87.6
2025-06-12 12:52:00,83.6
2025-06-12 03:28:00,93.3
2025-06-12 15:38:00,97.8
2025-06-12 17:24:00,50.4
2025-06-12 20:09:00,61.7
2025-06-12 09:17:00,59.6
2025-06-12 18:58:00,20.6
2025-06-12 01:06:00,32.7
2025-06-12 21:09:00,91.4
2025-06-12 19:51:00,18.9
2025-06-12 22:52:00,71.0
2025-06-12 08:19:00,76.2
2025-06-12 15:55:00,25.5
2025-06-12 11:10:00,94.2
2025-06-12 02:42:00,42.8
2025-06-12 17:30:00,76.7
2025-06-12 06:05:00,75.5
2025-06-12 07:06:00,99.9
2025-06-12 12:58:00,50.18838223164841
2025-06-12 02:17:00,83.7
2025-06-12 17:03:00,76.3
2025-06-12 17:27:00,1.8
2025-06-12 08:31:00,18.2
2025-06-12 08:28:00,2.1
2025-06-12 06:53:00,50.18838223164841
2025-06-12 20:11:00,21.7
2025-06-12 08:39:00,98.3
2025-06-12 13:51:00,18.5
2025-06-12 15:58:00,44.7
2025-06-12 02:14:00,89.4
2025-06-12 09:46:00,40.2
2025-06-12 12:09:00,39.1
2025-06-12 04:38:00,2.5
2025-06-12 04:13:00,5.2
2025-06-12 01:16:00,29.7
2025-06-12 10:42:00,7.8
2025-06-12 21:32:00,74.6
2025-06-12 00:01:00,65.4
2025-06-12 15:14:00,72.0
2025-06-12 22:42:00,52.5
2025-06-12 10:24:00,0.9
2025-06-12 02:22:00,81.9
2025-06-12 16:23:00,58.7
2025-06-12 16:15:00,50.18838223164841
2025-06-12 15:21:00,50.18838223164841
2025-06-12 15:10:00,50.18838223164841
2025-06-12 09:45:00,50.18838223164841
2025-06-12 12:48:00,21.0
2025-06-12 19:31:00,25.5
2025-06-12 19:33:00,58.9
2025-06-12 18:25:00,32.8
2025-06-12 23:54:00,75.8
2025-06-12 14:12:00,7.8
2025-06-12 17:31:00,50.18838223164841
2025-06-12 19:35:00,77.0
2025-06-12 00:36:00,22.6
2025-06-12 05:50:00,45.6
2025-06-12 18:51:00,3.0
2025-06-12 07:55:00,40.7
2025-06-12 17:11:00,8.9
2025-06-12 04:45:00,88.7
2025-06-12 02:28:00,73.2
2025-06-12 14:01:00,15.8
2025-06-12 22:44:00,93.3
2025-06-12 05:56:00,92.9
2025-06-12 01:02:00,59.3
2025-06-12 17:40:00,78.6
2025-06-12 17:20:00,2.4
2025-06-12 20:41:00,47.4
2025-06-12 00:42:00,50.18838223164841
2025-06-12 08:37:00,24.7
2025-06-12 15:08:00,26.2
2025-06-12 06:44:00,33.8
2025-06-12 11:59:00,56.0
2025-06-12 17:52:00,44.1
2025-06-12 17:28:00,88.8
2025-06-12 13:20:00,5.3
2025-06-12 07:39:00,24.1
2025-06-12 11:27:00,22.2
2025-06-12 08:45:00,31.2
2025-06-12 13:31:00,44.6
2025-06-12 15:58:00,3.7
2025-06-12 19:37:00,73.8
2025-06-12 08:53:00,33.4
2025-06-12 02:45:00,82.6
2025-06-12 21:43:00,24.7
2025-06-12 01:27:00,70.9
2025-06-12 03:36:00,55.8
2025-06-12 06:13:00,50.18838223164841
2025-06-12 18:51:00,81.2
2025-06-12 05:04:00,72.9
2025-06-12 07:21:00,11.6
2025-06-12 02:43:00,10.6
2025-06-12 12:44:00,98.0
2025-06-12 06:31:00,69.1
2025-06-12 08:41:00,94.2
2025-06-12 18:04:00,36.4
2025-06-12 11:48:00,40.1
2025-06-12 03:28:00,92.6
2025-06-12 00:14:00,47.6
2025-06-12 18:51:00,50.18838223164841
2025-06-12 20:40:00,12.6
2025-06-12 18:23:00,63.2
2025-06-12 14:41:00,47.8
2025-06-12 21:59:00,50.18838223164841
2025-06-12 19:25:00,2.0
2025-06-12 03:32:00,87.6
2025-06-12 01:47:00,31.6
2025-06-12 03:41:00,83.9
2025-06-12 13:08:00,22.9
2025-06-12 01:02:00,50.18838223164841
2025-06-12 19:21:00,60.8
2025-06-12 02:04:00,68.2
2025-06-12 07:33:00,16.5
2025-06-12 05:23:00,51.3
2025-06-12 04:04:00,75.3
2025-06-12 12:25:00,10.2
2025-06-12 20:24:00,50.18838223164841
2025-06-12 12:39:00,5.9
2025-06-12 15:38:00,92.2
2025-06-12 17:20:00,19.2
2025-06-12 22:18:00,50.18838223164841
2025-06-12 06:32:00,50.18838223164841
2025-06-12 12:00:00,21.7
2025-06-12 10:22:00,67.7
2025-06-12 11:57:00,89.4
2025-06-12 03:24:00,2.1
2025-06-12 06:53:00,50.18838223164841
2025-06-12 08:31:00,2.4
2025-06-12 13:21:00,23.7
2025-06-12 23:11:00,53.0
2025-06-12 20:41:00,62.1
2025-06-12 19:33:00,58.7
2025-06-12 08:55:00,76.3
2025-06-12 14:04:00,12.3
2025-06-12 08:25:00,7.3
2025-06-12 10:34:00,50.18838223164841
2025-06-12 11:44:00,32.4
2025-06-12 21:00:00,60.9
2025-06-12 07:07:00,50.18838223164841
2025-06-12 12:44:00,96.8
2025-06-12 22:08:00,73.3
2025-06-12 08:37:00,82.4
2025-06-12 21:59:00,19.4
2025-06-12 01:40:00,50.18838223164841
2025-06-12 15:18:00,83.5
2025-06-12 02:55:00,50.18838223164841
2025-06-12 14:52:00,50.18838223164841
2025-06-12 02:53:00,50.18838223164841
2025-06-12 07:50:00,41.8
2025-06-12 20:31:00,71.7
2025-06-12 01:22:00,50.18838223164841
2025-06-12 18:09:00,79.7
2025-06-12 00:08:00,35.0
2025-06-12 05:28:00,50.18838223164841
2025-06-12 16:28:00,15.7
2025-06-12 10:03:00,50.18838223164841
2025-06-12 19:38:00,58.8
2025-06-12 14:56:00,80.8
2025-06-12 15:03:00,11.4
2025-06-12 13:37:00,50.18838223164841
2025-06-12 18:01:00,50.18838223164841
2025-06-12 01:27:00,11.1
2025-06-12 12:27:00,50.18838223164841
2025-06-12 05:28:00,77.0
2025-06-12 12:10:00,35.7
2025-06-12 09:20:00,50.18838223164841
2025-06-12 04:10:00,93.1
2025-06-12 22:14:00,11.1
2025-06-12 22:21:00,43.1
2025-06-12 01:23:00,34.7
2025-06-12 08:36:00,77.8
2025-06-12 10:57:00,51.9
2025-06-12 17:02:00,79.9
2025-06-12 05:46:00,50.18838223164841
2025-06-12 00:32:00,79.8
2025-06-12 04:40:00,27.1
2025-06-12 17:06:00,69.3
2025-06-12 07:49:00,50.18838223164841
2025-06-12 20:54:00,65.1
2025-06-12 13:27:00,91.8
2025-06-12 20:46:00,85.8
2025-06-12 20:44:00,50.18838223164841
2025-06-12 20:02:00,6.4
2025-06-12 16:59:00,47.2
2025-06-12 05:41:00,76.4
2025-06-12 20:12:00,90.0
2025-06-12 17:04:00,75.8
2025-06-12 09:13:00,43.9
2025-06-12 16:06:00,73.6
2025-06-12 12:13:00,27.8
2025-06-12 13:47:00,27.1
2025-06-12 22:53:00,53.2
2025-06-12 10:56:00,28.1
2025-06-12 12:43:00,66.9
2025-06-12 21:08:00,78.0
2025-06-12 04:00:00,50.18838223164841
2025-06-12 16:07:00,50.18838223164841
2025-06-12 04:23:00,62.0
2025-06-12 15:59:00,54.8
2025-06-12 07:05:00,77.2
2025-06-12 07:05:00,92.2
2025-06-12 13:11:00,18.8
2025-06-12 03:13:00,41.8
2025-06-12 06:31:00,28.2
2025-06-12 14:21:00,92.3
2025-06-12 13:32:00,8.2
2025-06-12 21:23:00,88.0
2025-06-12 22:18:00,83.3
2025-06-12 08:43:00,50.18838223164841
2025-06-12 13:06:00,76.3
2025-06-12 08:26:00,50.18838223164841
2025-06-12 11:07:00,29.4
2025-06-12 23:06:00,85.4
2025-06-12 00:33:00,66.8
2025-06-12 07:02:00,50.18838223164841
2025-06-12 18:28:00,37.1
2025-06-12 00:40:00,8.7
2025-06-12 13:05:00,45.7
2025-06-12 08:17:00,97.0
2025-06-12 23:41:00,53.9
2025-06-12 03:45:00,65.9
2025-06-12 15:34:00,31.6
2025-06-12 10:39:00,79.6
2025-06-12 18:30:00,23.7
2025-06-12 12:45:00,99.2
2025-06-12 00:49:00,14.6
2025-06-12 01:26:00,63.5
2025-06-12 20:13:00,41.5
2025-06-12 08:32:00,91.5
2025-06-12 19:11:00,5.5
2025-06-12 23:13:00,99.8
2025-06-12 05:39:00,50.18838223164841
2025-06-12 11:04:00,22.6
2025-06-12 16:18:00,85.7
2025-06-12 12:31:00,19.7
2025-06-12 01:02:00,26.7
2025-06-12 04:12:00,89.7
2025-06-12 09:48:00,34.3
2025-06-12 15:41:00,63.0
2025-06-12 12:45:00,93.6
2025-06-12 09:24:00,34.2
2025-06-12 21:51:00,31.4
2025-06-12 06:36:00,19.9
2025-06-12 17:00:00,49.927249175694776
2025-06-12 19:05:00,92.3
2025-06-12 22:27:00,49.927249175694776
2025-06-12 18:35:00,13.2
2025-06-12 13:08:00,72.3
2025-06-12 20:29:00,96.4
2025-06-12 12:31:00,90.6
2025-06-12 11:09:00,93.6
2025-06-12 22:58:00,54.2
2025-06-12 12:23:00,51.4
2025-06-12 23:52:00,20.7
2025-06-12 11:04:00,68.2
2025-06-12 20:17:00,52.0
2025-06-12 09:04:00,55.3
2025-06-12 15:36:00,51.4
2025-06-12 06:58:00,89.1
2025-06-12 16:01:00,93.7
2025-06-12 16:19:00,23.9
2025-06-12 02:42:00,68.4
2025-06-12 18:30:00,76.9
2025-06-12 08:37:00,51.7
2025-06-12 21:54:00,80.3
2025-06-12 11:01:00,49.927249175694776
2025-06-12 06:06:00,96.8
2025-06-12 23:25:00,28.1
2025-06-12 18:09:00,93.3
2025-06-12 12:19:00,82.3
2025-06-12 02:51:00,8.0
2025-06-12 04:47:00,49.927249175694776
2025-06-12 06:50:00,54.3
2025-06-12 03:32:00,22.1
2025-06-12 07:46:00,23.0
2025-06-12 01:36:00,16.5
2025-06-12 15:53:00,26.7
2025-06-12 13:49:00,49.927249175694776
2025-06-12 23:43:00,35.6
2025-06-12 19:44:00,64.5
2025-06-12 23:33:00,86.5
2025-06-12 22:21:00,49.927249175694776
2025-06-12 02:09:00,49.927249175694776
2025-06-12 12:05:00,64.0
2025-06-12 18:49:00,99.8
2025-06-12 17:05:00,40.8
2025-06-12 18:16:00,95.4
2025-06-12 12:47:00,49.927249175694776
2025-06-12 16:47:00,49.4
2025-06-12 20:48:00,44.4
2025-06-12 20:21:00,13.7
2025-06-12 18:43:00,80.2
2025-06-12 19:27:00,78.7
2025-06-12 02:17:00,71.3
2025-06-12 14:29:00,8.3
2025-06-12 17:57:00,92.7
2025-06-12 03:15:00,7.8
2025-06-12 22:48:00,49.927249175694776
2025-06-12 19:51:00,8.2
2025-06-12 09:58:00,34.9
2025-06-12 01:18:00,44.5
2025-06-12 18:06:00,7.7
2025-06-12 14:35:00,49.927249175694776
2025-06-12 09:20:00,12.6
2025-06-12 06:07:00,92.0
2025-06-12 10:12:00,93.5
2025-06-12 23:03:00,81.9
2025-06-12 16:12:00,23.2
2025-06-12 00:14:00,90.9
2025-06-12 18:41:00,49.927249175694776
2025-06-12 03:04:00,79.6
2025-06-12 15:43:00,35.9
2025-06-12 06:09:00,22.7
2025-06-12 11:06:00,47.1
2025-06-12 00:04:00,31.7
2025-06-12 01:42:00,41.3
2025-06-12 20:06:00,39.7
2025-06-12 04:12:00,49.927249175694776
2025-06-12 04:21:00,94.6
2025-06-12 15:32:00,6.7
2025-06-12 05:58:00,40.1
2025-06-12 16:16:00,20.6
2025-06-12 15:40:00,94.0
2025-06-12 04:18:00,41.2
2025-06-12 07:06:00,90.3
2025-06-12 17:37:00,77.5
2025-06-12 01:49:00,66.5
2025-06-12 12:11:00,59.4
2025-06-12 21:17:00,50.4
2025-06-12 11:53:00,66.4
2025-06-12 02:38:00,81.7
2025-06-12 00:26:00,80.8
2025-06-12 02:30:00,49.927249175694776
2025-06-12 03:08:00,49.927249175694776
2025-06-12 07:47:00,43.2
2025-06-12 22:16:00,18.9
2025-06-12 15:27:00,48.8
2025-06-12 07:20:00,97.3
2025-06-12 01:03:00,2.7
2025-06-12 03:17:00,98.5
2025-06-12 21:09:00,27.2
2025-06-12 18:30:00,60.5
2025-06-12 16:06:00,3.6
2025-06-12 07:08:00,35.0
2025-06-12 08:38:00,67.4
2025-06-12 07:12:00,82.1
2025-06-12 17:42:00,41.9
2025-06-12 14:06:00,49.927249175694776
2025-06-12 03:54:00,34.6
2025-06-12 07:06:00,69.3
2025-06-12 16:17:00,82.4
2025-06-12 04:29:00,47.6
2025-06-12 07:47:00,20.2
2025-06-12 17:51:00,0.3
2025-06-12 16:07:00,49.927249175694776
2025-06-12 17:19:00,72.2
2025-06-12 17:00:00,31.7
2025-06-12 06:26:00,40.7
2025-06-12 20:33:00,8.0
2025-06-12 17:19:00,4.9
2025-06-12 03:47:00,32.7
2025-06-12 16:47:00,4.5
2025-06-12 14:54:00,61.0
2025-06-12 16:40:00,49.927249175694776
2025-06-12 11:07:00,78.5
2025-06-12 23:40:00,29.0
2025-06-12 21:49:00,77.5
2025-06-12 01:44:00,38.6
2025-06-12 11:00:00,95.5
2025-06-12 16:02:00,11.0
2025-06-12 09:48:00,49.927249175694776
2025-06-12 13:55:00,43.6
2025-06-12 11:55:00,89.7
2025-06-12 12:52:00,49.927249175694776
2025-06-12 14:06:00,76.2
2025-06-12 22:41:00,93.3
2025-06-12 10:10:00,46.0
2025-06-12 08:25:00,49.927249175694776
2025-06-12 22:35:00,45.0
2025-06-12 10:34:00,85.7
2025-06-12 02:41:00,78.4
2025-06-12 02:57:00,92.0
2025-06-12 13:08:00,49.927249175694776
2025-06-12 20:04:00,82.7
2025-06-12 11:45:00,55.9
2025-06-12 06:02:00,61.5
2025-06-12 22:01:00,49.927249175694776
2025-06-12 23:40:00,41.0
2025-06-12 20:13:00,60.0
2025-06-12 22:15:00,64.6
2025-06-12 00:09:00,17.6
2025-06-12 16:19:00,7.3
2025-06-12 01:42:00,67.6
2025-06-12 20:39:00,39.5
2025-06-12 02:29:00,53.6
2025-06-12 00:01:00,49.927249175694776
2025-06-12 15:14:00,88.0
2025-06-12 15:00:00,36.2
2025-06-12 20:11:00,98.3
2025-06-12 08:14:00,9.6
2025-06-12 08:20:00,54.6
2025-06-12 12:19:00,49.927249175694776
2025-06-12 18:47:00,37.4
2025-06-12 09:03:00,96.0
2025-06-12 02:13:00,49.927249175694776
2025-06-12 03:29:00,8.0
2025-06-12 07:31:00,36.3
2025-06-12 02:33:00,49.927249175694776
2025-06-12 07:14:00,33.9
2025-06-12 02:24:00,73.2
2025-06-12 10:08:00,62.7
2025-06-12 15:02:00,97.6
2025-06-12 13:58:00,74.0
2025-06-12 16:27:00,73.7
2025-06-12 03:02:00,1.5
2025-06-12 10:21:00,25.4
2025-06-12 22:44:00,43.5
2025-06-12 22:38:00,25.3
2025-06-12 00:37:00,78.4
2025-06-12 17:23:00,45.6
2025-06-12 13:45:00,2.2
2025-06-12 07:32:00,58.0
2025-06-12 03:15:00,0.7
2025-06-12 20:07:00,28.2
2025-06-12 01:13:00,16.8
2025-06-12 11:45:00,49.927249175694776
2025-06-12 12:34:00,89.3
2025-06-12 03:45:00,49.927249175694776
2025-06-12 15:13:00,49.927249175694776
2025-06-12 20:40:00,6.4
2025-06-12 02:50:00,32.2
2025-06-12 04:55:00,53.9
2025-06-12 06:44:00,16.9
2025-06-12 14:53:00,58.3
2025-06-12 15:44:00,49.927249175694776
2025-06-12 10:12:00,38.3
2025-06-12 06:15:00,6.6
2025-06-12 01:34:00,40.8
2025-06-12 23:22:00,49.927249175694776
2025-06-12 18:30:00,49.927249175694776
2025-06-12 07:12:00,70.3
2025-06-12 17:10:00,25.7
2025-06-12 00:37:00,10.0
2025-06-12 12:42:00,75.8
2025-06-12 11:34:00,97.0
2025-06-12 06:22:00,46.5
2025-06-12 09:33:00,45.9
2025-06-12 09:34:00,48.5
2025-06-12 08:30:00,44.2
2025-06-12 09:30:00,10.0
2025-06-12 05:48:00,37.4
2025-06-12 00:09:00,9.2
2025-06-12 14:47:00,42.6
2025-06-12 22:10:00,19.7
2025-06-12 17:18:00,84.9
2025-06-12 09:40:00,23.8
2025-06-12 00:32:00,15.1
2025-06-12 23:20:00,66.3
2025-06-12 12:43:00,11.8
2025-06-12 17:19:00,30.0
2025-06-12 11:47:00,33.1
2025-06-12 19:34:00,22.4
2025-06-12 02:17:00,72.3
2025-06-12 21:52:00,49.927249175694776
2025-06-12 10:33:00,18.7
2025-06-12 15:32:00,22.6
2025-06-12 05:34:00,25.6
2025-06-12 11:59:00,3.0
2025-06-12 15:24:00,88.3
2025-06-12 10:07:00,49.8
2025-06-12 06:43:00,12.1
2025-06-12 00:49:00,19.2
2025-06-12 02:00:00,37.0
2025-06-12 09:55:00,20.8
2025-06-12 20:47:00,67.1
2025-06-12 02:55:00,98.5
2025-06-12 10:01:00,73.5
2025-06-12 03:23:00,8.3
2025-06-12 20:13:00,33.6
2025-06-12 01:54:00,60.7
2025-06-12 17:40:00,32.9
2025-06-12 20:26:00,4.7
2025-06-12 05:17:00,24.6
2025-06-12 06:53:00,94.8
2025-06-12 11:57:00,94.8
2025-06-12 15:38:00,7.9
2025-06-12 08:52:00,81.7
2025-06-12 06:55:00,49.927249175694776
2025-06-12 16:59:00,41.1
2025-06-12 16:44:00,17.9
2025-06-12 00:00:00,0.1
2025-06-12 06:41:00,86.0
2025-06-12 02:26:00,66.2
2025-06-12 09:40:00,49.927249175694776
2025-06-12 00:01:00,87.7
2025-06-12 05:33:00,73.1
2025-06-12 10:04:00,33.6
2025-06-12 02:29:00,47.4
2025-06-12 23:19:00,47.0
2025-06-12 08:18:00,52.3
2025-06-12 11:35:00,97.1
2025-06-12 22:50:00,4.0
2025-06-12 14:24:00,2.7
2025-06-12 13:40:00,70.5
2025-06-12 23:11:00,31.8
2025-06-12 07:47:00,91.0
2025-06-12 05:57:00,63.6
2025-06-12 15:48:00,26.5
2025-06-12 10:59:00,60.3
2025-06-12 00:33:00,55.8
2025-06-12 16:37:00,32.7
2025-06-12 20:50:00,65.0
2025-06-12 22:15:00,89.2
2025-06-12 15:18:00,49.7
2025-06-12 14:20:00,6.7
2025-06-12 05:18:00,69.0
2025-06-12 17:04:00,19.7
2025-06-12 02:42:00,49.927249175694776
2025-06-12 09:48:00,41.5
2025-06-12 16:40:00,4.2
2025-06-12 04:38:00,44.8
2025-06-12 19:55:00,87.6
2025-06-12 03:46:00,30.0
2025-06-12 13:52:00,94.0
2025-06-12 04:30:00,55.3
2025-06-12 00:18:00,73.1
2025-06-12 05:37:00,31.4
2025-06-12 10:44:00,1.3
2025-06-12 09:53:00,49.927249175694776
2025-06-12 03:48:00,49.927249175694776
2025-06-12 04:04:00,15.4
2025-06-12 12:48:00,3.1
2025-06-12 10:15:00,65.7
2025-06-12 16:11:00,16.3
2025-06-12 13:58:00,2.5
2025-06-12 03:36:00,49.927249175694776
2025-06-12 12:01:00,20.7
2025-06-12 15:50:00,5.7
2025-06-12 17:03:00,22.8
2025-06-12 08:15:00,93.3
2025-06-12 20:23:00,17.2
2025-06-12 19:34:00,40.9
2025-06-12 04:29:00,70.3
2025-06-12 07:51:00,2.8
2025-06-12 22:24:00,12.8
2025-06-12 12:45:00,24.0
2025-06-12 20:23:00,19.7
2025-06-12 18:21:00,9.0
2025-06-12 01:50:00,33.6
2025-06-12 21:10:00,39.9
2025-06-12 17:23:00,77.1
2025-06-12 22:22:00,49.927249175694776
2025-06-12 08:32:00,54.9
2025-06-12 17:12:00,87.3
2025-06-12 14:14:00,30.9
2025-06-12 09:14:00,33.8
2025-06-12 21:45:00,14.8
2025-06-12 08:18:00,52.5
2025-06-12 10:53:00,64.4
2025-06-12 12:01:00,49.72265128325876
2025-06-12 21:06:00,49.72265128325876
2025-06-12 22:32:00,84.0
2025-06-12 15:10:00,0.3
2025-06-12 14:41:00,63.2
2025-06-12 20:34:00,94.3
2025-06-12 10:18:00,62.4
2025-06-12 14:27:00,87.7
2025-06-12 10:52:00,25.6
2025-06-12 20:47:00,9.9
2025-06-12 19:24:00,71.4
2025-06-12 17:37:00,39.5
2025-06-12 17:32:00,49.72265128325876
2025-06-12 17:33:00,98.7
2025-06-12 07:47:00,60.3
2025-06-12 01:32:00,6.8
2025-06-12 18:21:00,2.3
2025-06-12 09:39:00,46.7
2025-06-12 05:06:00,80.3
2025-06-12 12:32:00,49.72265128325876
2025-06-12 09:52:00,13.7
2025-06-12 02:44:00,84.1
2025-06-12 00:21:00,64.1
2025-06-12 00:16:00,49.72265128325876
2025-06-12 06:28:00,49.2
2025-06-12 18:17:00,67.6
2025-06-12 08:16:00,38.4
2025-06-12 00:28:00,57.5
2025-06-12 16:49:00,44.6
2025-06-12 18:46:00,94.2
2025-06-12 22:36:00,49.72265128325876
2025-06-12 12:33:00,76.4
2025-06-12 20:55:00,51.6
2025-06-12 23:18:00,90.6
2025-06-12 15:23:00,74.5
2025-06-12 06:41:00,3.5
2025-06-12 18:39:00,72.3
2025-06-12 22:33:00,49.72265128325876
2025-06-12 14:13:00,0.1
2025-06-12 15:37:00,49.72265128325876
2025-06-12 06:05:00,89.5
2025-06-12 01:22:00,58.7
2025-06-12 02:09:00,85.1
2025-06-12 07:55:00,74.8
2025-06-12 07:45:00,92.4
2025-06-12 03:06:00,0.9
2025-06-12 16:31:00,97.3
2025-06-12 13:08:00,86.3
2025-06-12 10:48:00,80.7
2025-06-12 18:38:00,13.3
2025-06-12 00:27:00,49.72265128325876
2025-06-12 20:36:00,39.7
2025-06-12 17:02:00,45.6
2025-06-12 15:47:00,21.4
2025-06-12 23:50:00,69.5
2025-06-12 11:51:00,6.0
2025-06-12 11:04:00,30.0
2025-06-12 02:13:00,69.0
2025-06-12 05:14:00,40.2
2025-06-12 09:39:00,88.0
2025-06-12 05:04:00,73.6
2025-06-12 17:32:00,8.2
2025-06-12 10:34:00,90.8
2025-06-12 22:12:00,39.9
2025-06-12 15:57:00,49.72265128325876
2025-06-12 14:55:00,82.5
2025-06-12 16:22:00,20.7
2025-06-12 22:48:00,29.8
2025-06-12 05:04:00,79.0
2025-06-12 21:31:00,49.72265128325876
2025-06-12 04:04:00,31.6
2025-06-12 01:44:00,0.6
2025-06-12 09:19:00,10.0
2025-06-12 07:53:00,0.3
2025-06-12 09:02:00,62.5
2025-06-12 22:52:00,17.0
2025-06-12 05:34:00,50.2
2025-06-12 03:23:00,4.7
2025-06-12 11:02:00,77.3
2025-06-12 20:56:00,49.72265128325876
2025-06-12 04:23:00,49.72265128325876
2025-06-12 18:39:00,26.0
2025-06-12 04:10:00,11.4
2025-06-12 04:11:00,85.6
2025-06-12 09:43:00,62.8
2025-06-12 08:44:00,49.72265128325876
2025-06-12 01:51:00,49.72265128325876
2025-06-12 00:45:00,16.7
2025-06-12 01:35:00,15.7
2025-06-12 03:37:00,90.7
2025-06-12 18:58:00,30.7
2025-06-12 11:55:00,28.9
2025-06-12 02:04:00,49.72265128325876
2025-06-12 07:47:00,80.4
2025-06-12 12:17:00,79.1
2025-06-12 20:16:00,14.7
2025-06-12 10:38:00,45.4
2025-06-12 00:10:00,70.7
2025-06-12 14:49:00,86.5
2025-06-12 05:19:00,65.9
2025-06-12 17:00:00,49.0
2025-06-12 19:09:00,71.0
2025-06-12 15:57:00,49.72265128325876
2025-06-12 13:39:00,62.8
2025-06-12 22:05:00,31.7
2025-06-12 17:30:00,49.72265128325876
2025-06-12 02:22:00,74.5
2025-06-12 01:05:00,85.1
2025-06-12 05:14:00,49.72265128325876
2025-06-12 15:03:00,73.8
2025-06-12 12:58:00,49.72265128325876
2025-06-12 21:02:00,60.0
2025-06-12 07:53:00,49.72265128325876
2025-06-12 14:25:00,0.6
2025-06-12 13:00:00,63.3
2025-06-12 17:17:00,67.9
2025-06-12 01:03:00,42.4
2025-06-12 04:13:00,49.72265128325876
2025-06-12 21:32:00,50.0
2025-06-12 00:27:00,99.8
2025-06-12 06:24:00,43.0
2025-06-12 08:53:00,27.5
2025-06-12 10:33:00,52.5
2025-06-12 12:38:00,35.2
2025-06-12 02:51:00,22.7
2025-06-12 03:31:00,62.7
2025-06-12 17:58:00,46.9
2025-06-12 15:59:00,29.5
2025-06-12 09:15:00,94.6
2025-06-12 06:31:00,76.3
2025-06-12 11:29:00,71.5
2025-06-12 20:25:00,49.72265128325876
2025-06-12 19:49:00,1.6
2025-06-12 00:06:00,0.1
2025-06-12 15:19:00,93.4
2025-06-12 18:10:00,30.9
2025-06-12 14:42:00,57.1
2025-06-12 17:52:00,69.7
2025-06-12 11:43:00,37.1
2025-06-12 13:40:00,16.8
2025-06-12 08:57:00,49.72265128325876
2025-06-12 19:38:00,32.1
2025-06-12 21:43:00,41.3
2025-06-12 13:31:00,53.3
2025-06-12 05:16:00,68.1
2025-06-12 00:30:00,59.7
2025-06-12 03:18:00,48.2
2025-06-12 13:09:00,76.6
2025-06-12 11:14:00,71.6
2025-06-12 05:15:00,0.9
2025-06-12 23:57:00,38.8
2025-06-12 09:25:00,24.0
2025-06-12 03:08:00,36.6
2025-06-12 00:23:00,63.1
2025-06-12 19:53:00,81.2
2025-06-12 04:02:00,76.3
2025-06-12 17:52:00,4.6
2025-06-12 02:31:00,47.1
2025-06-12 06:04:00,73.2
2025-06-12 00:27:00,75.7
2025-06-12 00:38:00,95.4
2025-06-12 10:59:00,85.7
2025-06-12 10:22:00,77.9
2025-06-12 00:55:00,62.9
2025-06-12 12:17:00,7.9
2025-06-12 06:51:00,99.3
2025-06-12 14:05:00,39.0
2025-06-12 23:20:00,0.7
2025-06-12 05:36:00,5.1
2025-06-12 02:30:00,12.9
2025-06-12 02:13:00,67.1
2025-06-12 21:53:00,12.1
2025-06-12 23:27:00,85.1
2025-06-12 08:49:00,30.8
2025-06-12 09:41:00,99.5
2025-06-12 16:04:00,22.0
2025-06-12 14:52:00,14.3
2025-06-12 11:18:00,49.1
2025-06-12 05:00:00,61.8
2025-06-12 05:52:00,92.3
2025-06-12 05:44:00,84.6
2025-06-12 10:19:00,89.1
2025-06-12 10:56:00,1.1
2025-06-12 03:11:00,58.6
2025-06-12 01:54:00,48.0
2025-06-12 13:09:00,46.6
2025-06-12 13:52:00,73.4
2025-06-12 20:03:00,1.1
2025-06-12 16:16:00,49.72265128325876
2025-06-12 10:43:00,10.2
2025-06-12 11:00:00,60.9
2025-06-12 17:33:00,46.3
2025-06-12 00:32:00,95.9
2025-06-12 14:51:00,56.6
2025-06-12 19:15:00,62.4
2025-06-12 22:11:00,8.1
2025-06-12 17:43:00,66.4
2025-06-12 20:43:00,0.8
2025-06-12 05:27:00,37.1
2025-06-12 18:36:00,25.3
2025-06-12 04:32:00,0.4
2025-06-12 19:06:00,70.5
2025-06-12 17:10:00,43.3
2025-06-12 14:02:00,54.1
2025-06-12 20:14:00,77.0
2025-06-12 13:39:00,29.3
2025-06-12 11:16:00,49.72265128325876
2025-06-12 13:08:00,44.1
2025-06-12 15:12:00,47.8
2025-06-12 11:27:00,34.8
2025-06-12 01:41:00,47.7
2025-06-12 23:12:00,20.6
2025-06-12 13:10:00,30.3
2025-06-12 15:40:00,13.2
2025-06-12 13:53:00,85.2
2025-06-12 13:25:00,49.72265128325876
2025-06-12 22:57:00,90.3
2025-06-12 19:35:00,18.7
2025-06-12 01:44:00,83.7
2025-06-12 01:38:00,25.8
2025-06-12 04:20:00,88.0
2025-06-12 13:53:00,99.5
2025-06-12 03:30:00,69.6
2025-06-12 06:45:00,61.6
2025-06-12 13:59:00,89.2
2025-06-12 05:50:00,16.9
2025-06-12 08:17:00,27.6
2025-06-12 20:47:00,36.1
2025-06-12 11:51:00,87.5
2025-06-12 12:30:00,58.0
2025-06-12 12:07:00,6.3
2025-06-12 17:24:00,49.72265128325876
2025-06-12 22:12:00,59.9
2025-06-12 23:57:00,9.2
2025-06-12 08:13:00,49.72265128325876
2025-06-12 18:31:00,27.7
2025-06-12 12:08:00,36.6
2025-06-12 07:05:00,65.3
2025-06-12 16:32:00,68.8
2025-06-12 06:18:00,91.0
2025-06-12 12:27:00,62.4
2025-06-12 00:18:00,63.2
2025-06-12 22:18:00,32.1
2025-06-12 19:35:00,80.3
2025-06-12 20:24:00,66.4
2025-06-12 17:55:00,83.1
2025-06-12 19:00:00,3.2
2025-06-12 21:13:00,89.2
2025-06-12 01:04:00,31.6
2025-06-12 05:22:00,21.0
2025-06-12 10:33:00,56.8
2025-06-12 06:46:00,53.8
2025-06-12 19:11:00,72.3
2025-06-12 12:26:00,9.5
2025-06-12 04:19:00,96.7
2025-06-12 20:06:00,63.0
2025-06-12 06:40:00,49.72265128325876
2025-06-12 05:00:00,70.3
2025-06-12 04:56:00,33.7
2025-06-12 20:50:00,58.0
2025-06-12 16:07:00,15.0
2025-06-12 23:55:00,56.0
2025-06-12 02:43:00,50.9
2025-06-12 12:10:00,49.72265128325876
2025-06-12 21:29:00,25.4
2025-06-12 23:10:00,14.5
2025-06-12 12:04:00,81.0
2025-06-12 10:07:00,25.5
2025-06-12 08:26:00,49.72265128325876
2025-06-12 19:26:00,67.1
2025-06-12 18:35:00,49.72265128325876
2025-06-12 07:32:00,48.5
2025-06-12 18:34:00,10.3
2025-06-12 23:48:00,49.72265128325876
2025-06-12 07:19:00,90.4
2025-06-12 09:03:00,70.9
2025-06-12 23:28:00,95.4
2025-06-12 15:47:00,76.7
2025-06-12 05:02:00,2.2
2025-06-12 00:34:00,7.5
2025-06-12 23:29:00,57.7
2025-06-12 19:42:00,50.6
2025-06-12 12:38:00,67.0
2025-06-12 08:51:00,53.1
2025-06-12 12:39:00,10.3
2025-06-12 03:45:00,65.6
2025-06-12 00:45:00,30.3
2025-06-12 01:23:00,72.5
2025-06-12 04:42:00,47.1
2025-06-12 00:42:00,51.3
2025-06-12 09:17:00,4.3
2025-06-12 16:18:00,49.72265128325876
2025-06-12 05:34:00,98.9
2025-06-12 11:21:00,49.72265128325876
2025-06-12 03:57:00,96.7
2025-06-12 09:06:00,76.9
2025-06-12 18:50:00,91.9
2025-06-12 01:55:00,80.5
2025-06-12 03:06:00,84.1
2025-06-12 19:14:00,68.6
2025-06-12 11:25:00,49.2
2025-06-12 03:53:00,24.5
2025-06-12 03:52:00,49.72265128325876
2025-06-12 20:55:00,4.4
2025-06-12 09:42:00,88.3
2025-06-12 14:25:00,49.72265128325876
2025-06-12 10:45:00,38.0
2025-06-12 13:00:00,61.1
2025-06-12 06:50:00,37.9
2025-06-12 10:09:00,78.8
2025-06-12 20:50:00,67.0
2025-06-12 16:29:00,47.8
2025-06-12 23:00:00,49.72265128325876
2025-06-12 15:25:00,49.72265128325876
2025-06-12 09:26:00,96.2
2025-06-12 22:30:00,65.7
2025-06-12 03:26:00,49.72265128325876
2025-06-12 06:46:00,70.2
2025-06-12 03:09:00,14.4
2025-06-12 19:00:00,85.6
2025-06-12 12:18:00,49.72265128325876
2025-06-12 16:16:00,7.4
2025-06-12 00:02:00,70.8
2025-06-12 09:49:00,51.3
2025-06-12 13:54:00,90.7
2025-06-12 18:40:00,26.7
2025-06-12 14:25:00,61.4
2025-06-12 02:37:00,7.5
2025-06-12 07:12:00,75.3
2025-06-12 16:08:00,21.6
2025-06-12 20:02:00,49.72265128325876
2025-06-12 23:02:00,33.2
2025-06-12 00:42:00,83.2
2025-06-12 16:58:00,62.0
2025-06-12 20:09:00,98.8
2025-06-12 15:30:00,27.2
2025-06-12 06:09:00,49.72265128325876
2025-06-12 09:20:00,59.0
2025-06-12 18:13:00,17.8
2025-06-12 18:22:00,22.6
2025-06-12 03:43:00,55.5
2025-06-12 03:23:00,96.3
2025-06-12 01:02:00,37.1
2025-06-12 15:05:00,50.25777465777466
2025-06-12 04:40:00,50.25777465777466
2025-06-12 08:07:00,39.7
2025-06-12 00:40:00,4.0
2025-06-12 23:17:00,57.3
2025-06-12 04:07:00,67.2
2025-06-12 12:47:00,80.5
2025-06-12 04:46:00,50.25777465777466
2025-06-12 14:12:00,50.25777465777466
2025-06-12 08:31:00,58.6
2025-06-12 04:12:00,27.8
2025-06-12 05:03:00,10.4
2025-06-12 10:39:00,33.6
2025-06-12 18:13:00,50.25777465777466
2025-06-12 03:13:00,83.6
2025-06-12 19:45:00,45.3
2025-06-12 20:07:00,97.1
2025-06-12 17:42:00,97.8
2025-06-12 17:35:00,77.1
2025-06-12 10:56:00,40.4
2025-06-12 05:37:00,16.5
2025-06-12 14:06:00,3.4
2025-06-12 10:17:00,44.9
2025-06-12 15:04:00,89.3
2025-06-12 23:26:00,51.5
2025-06-12 13:35:00,45.6
2025-06-12 18:51:00,10.3
2025-06-12 19:33:00,53.7
2025-06-12 17:41:00,64.0
2025-06-12 06:35:00,50.25777465777466
2025-06-12 09:38:00,77.3
2025-06-12 13:05:00,37.4
2025-06-12 05:42:00,75.7
2025-06-12 06:09:00,56.1
2025-06-12 14:52:00,90.3
2025-06-12 18:57:00,48.4
2025-06-12 13:21:00,82.8
2025-06-12 23:54:00,73.0
2025-06-12 22:31:00,92.9
2025-06-12 12:44:00,50.25777465777466
2025-06-12 12:33:00,44.8
2025-06-12 20:11:00,13.9
2025-06-12 17:09:00,36.6
2025-06-12 06:12:00,33.9
2025-06-12 08:42:00,50.25777465777466
2025-06-12 05:50:00,64.3
2025-06-12 08:01:00,93.1
2025-06-12 22:26:00,46.7
2025-06-12 02:37:00,54.9
2025-06-12 01:24:00,10.4
2025-06-12 08:15:00,41.6
2025-06-12 18:32:00,50.25777465777466
2025-06-12 17:30:00,29.7
2025-06-12 00:48:00,98.9
2025-06-12 14:40:00,60.6
2025-06-12 07:19:00,66.5
2025-06-12 21:39:00,89.4
2025-06-12 21:20:00,20.4
2025-06-12 09:15:00,50.25777465777466
2025-06-12 08:10:00,50.25777465777466
2025-06-12 22:04:00,18.7
2025-06-12 20:43:00,50.25777465777466
2025-06-12 12:03:00,16.9
2025-06-12 02:37:00,79.0
2025-06-12 23:03:00,50.25777465777466
2025-06-12 01:31:00,0.7
2025-06-12 15:01:00,30.3
2025-06-12 16:36:00,38.3
2025-06-12 11:14:00,39.7
2025-06-12 13:01:00,44.7
2025-06-12 08:33:00,35.6
2025-06-12 05:52:00,38.0
2025-06-12 00:19:00,50.25777465777466
2025-06-12 02:47:00,77.2
2025-06-12 18:43:00,39.1
2025-06-12 23:48:00,9.1
2025-06-12 12:52:00,44.3
2025-06-12 11:01:00,39.6
2025-06-12 07:11:00,80.6
2025-06-12 18:16:00,50.25777465777466
2025-06-12 18:52:00,50.25777465777466
2025-06-12 01:18:00,9.6
2025-06-12 10:55:00,31.2
2025-06-12 04:04:00,9.8
2025-06-12 13:18:00,50.25777465777466
2025-06-12 06:36:00,15.6
2025-06-12 15:52:00,3.4
2025-06-12 21:19:00,11.5
2025-06-12 20:48:00,45.1
2025-06-12 12:41:00,71.9
2025-06-12 21:42:00,49.3
2025-06-12 05:37:00,71.2
2025-06-12 15:26:00,93.1
2025-06-12 07:45:00,18.5
2025-06-12 15:09:00,19.9
2025-06-12 18:44:00,19.8
2025-06-12 12:21:00,1.4
2025-06-12 00:15:00,89.0
2025-06-12 12:52:00,81.3
2025-06-12 12:56:00,50.7
2025-06-12 22:48:00,68.6
2025-06-12 06:50:00,12.2
2025-06-12 11:45:00,51.8
2025-06-12 12:14:00,44.5
2025-06-12 22:32:00,38.5
2025-06-12 15:35:00,29.5
2025-06-12 08:40:00,1.8
2025-06-12 18:17:00,50.25777465777466
2025-06-12 10:39:00,88.3
2025-06-12 02:31:00,2.1
2025-06-12 18:49:00,19.3
2025-06-12 08:08:00,73.5
2025-06-12 16:39:00,79.3
2025-06-12 09:27:00,62.0
2025-06-12 19:56:00,17.3
2025-06-12 08:13:00,50.25777465777466
2025-06-12 10:33:00,41.8
2025-06-12 17:26:00,23.6
2025-06-12 08:37:00,37.4
2025-06-12 06:21:00,79.6
2025-06-12 09:47:00,97.3
2025-06-12 19:57:00,50.25777465777466
2025-06-12 01:11:00,26.2
2025-06-12 07:45:00,20.6
2025-06-12 22:03:00,95.1
2025-06-12 04:16:00,98.6
2025-06-12 06:25:00,3.4
2025-06-12 18:53:00,91.1
2025-06-12 21:35:00,28.3
2025-06-12 04:10:00,15.3
2025-06-12 21:53:00,75.7
2025-06-12 15:15:00,1.1
2025-06-12 11:13:00,59.5
2025-06-12 04:14:00,3.2
2025-06-12 10:56:00,50.25777465777466
2025-06-12 06:06:00,3.5
2025-06-12 11:06:00,52.8
2025-06-12 06:41:00,69.2
2025-06-12 21:10:00,58.3
2025-06-12 03:24:00,70.7
2025-06-12 16:41:00,0.7
2025-06-12 18:37:00,4.4
2025-06-12 07:24:00,20.1
2025-06-12 18:36:00,29.0
2025-06-12 17:37:00,0.1
2025-06-12 15:14:00,86.8
2025-06-12 12:19:00,10.8
2025-06-12 18:15:00,50.25777465777466
2025-06-12 04:20:00,97.2
2025-06-12 01:47:00,14.8
2025-06-12 15:37:00,84.5
2025-06-12 12:30:00,44.4
2025-06-12 06:37:00,37.2
2025-06-12 17:11:00,29.5
2025-06-12 02:50:00,48.1
2025-06-12 07:14:00,60.7
2025-06-12 16:58:00,50.25777465777466
2025-06-12 11:17:00,53.2
2025-06-12 03:37:00,50.25777465777466
2025-06-12 23:08:00,35.9
2025-06-12 04:48:00,41.5
2025-06-12 09:37:00,72.4
2025-06-12 10:42:00,15.3
2025-06-12 15:13:00,60.7
2025-06-12 06:42:00,28.5
2025-06-12 02:48:00,74.3
2025-06-12 04:27:00,18.1
2025-06-12 06:57:00,41.4
2025-06-12 04:28:00,9.2
2025-06-12 10:52:00,42.7
2025-06-12 01:17:00,47.5
2025-06-12 07:02:00,23.4
2025-06-12 22:53:00,16.3
2025-06-12 06:02:00,42.3
2025-06-12 18:09:00,46.7
2025-06-12 21:00:00,92.8
2025-06-12 08:44:00,74.0
2025-06-12 09:27:00,50.25777465777466
2025-06-12 16:53:00,86.7
2025-06-12 19:44:00,68.5
2025-06-12 05:24:00,86.2
2025-06-12 04:33:00,73.5
2025-06-12 19:48:00,50.3
2025-06-12 16:48:00,82.1
2025-06-12 16:23:00,30.2
2025-06-12 00:56:00,50.25777465777466
2025-06-12 06:18:00,38.4
2025-06-12 07:04:00,43.5
2025-06-12 22:31:00,62.8
2025-06-12 08:14:00,1.0
2025-06-12 01:28:00,77.8
2025-06-12 14:00:00,82.4
2025-06-12 02:08:00,80.3
2025-06-12 08:36:00,25.6
2025-06-12 01:20:00,0.5
2025-06-12 06:55:00,51.4
2025-06-12 12:35:00,27.6
2025-06-12 10:56:00,50.25777465777466
2025-06-12 05:23:00,48.5
2025-06-12 23:17:00,51.1
2025-06-12 12:48:00,66.1
2025-06-12 04:40:00,46.2
2025-06-12 01:09:00,50.25777465777466
2025-06-12 09:06:00,84.7
2025-06-12 17:44:00,50.25777465777466
2025-06-12 14:16:00,73.6
2025-06-12 08:47:00,48.4
2025-06-12 00:29:00,52.4
2025-06-12 20:36:00,10.8
2025-06-12 06:00:00,43.8
2025-06-12 06:40:00,50.25777465777466
2025-06-12 15:00:00,29.7
2025-06-12 18:54:00,10.9
2025-06-12 04:44:00,33.7
2025-06-12 05:04:00,99.0
2025-06-12 07:24:00,31.9
2025-06-12 08:32:00,33.0
2025-06-12 06:32:00,50.25777465777466
2025-06-12 19:02:00,50.25777465777466
2025-06-12 20:25:00,35.8
2025-06-12 15:08:00,24.1
2025-06-12 11:34:00,50.25777465777466
2025-06-12 04:11:00,50.25777465777466
2025-06-12 02:03:00,27.6
2025-06-12 14:49:00,23.5
2025-06-12 19:31:00,35.1
2025-06-12 20:40:00,4.8
2025-06-12 09:21:00,71.0
2025-06-12 20:16:00,99.2
2025-06-12 19:27:00,50.25777465777466
2025-06-12 00:35:00,83.0
2025-06-12 05:30:00,58.7
2025-06-12 19:56:00,6.6
2025-06-12 21:07:00,50.25777465777466
2025-06-12 10:30:00,62.5
2025-06-12 15:55:00,58.4
2025-06-12 23:19:00,53.1
2025-06-12 17:31:00,50.25777465777466
2025-06-12 19:28:00,2.8
2025-06-12 10:40:00,21.1
2025-06-12 20:09:00,50.25777465777466
2025-06-12 02:59:00,45.8
2025-06-12 19:36:00,72.1
2025-06-12 16:02:00,50.25777465777466
2025-06-12 09:28:00,34.9
2025-06-12 19:06:00,72.4
2025-06-12 23:05:00,39.3
2025-06-12 13:40:00,3.2
2025-06-12 18:50:00,75.6
2025-06-12 21:52:00,77.7
2025-06-12 07:11:00,35.9
2025-06-12 12:25:00,50.25777465777466
2025-06-12 00:48:00,33.4
2025-06-12 23:00:00,6.6
2025-06-12 06:33:00,83.7
2025-06-12 05:56:00,21.0
2025-06-12 18:11:00,43.3
2025-06-12 06:38:00,50.25777465777466
2025-06-12 15:46:00,11.3
2025-06-12 22:22:00,50.25777465777466
2025-06-12 09:45:00,6.2
2025-06-12 13:32:00,32.0
2025-06-12 04:36:00,62.2
2025-06-12 23:16:00,70.4
2025-06-12 06:08:00,50.25777465777466
2025-06-12 06:29:00,81.7
2025-06-12 17:57:00,93.1
2025-06-12 05:17:00,34.6
2025-06-12 22:19:00,50.25777465777466
2025-06-12 08:20:00,50.25777465777466
2025-06-12 19:32:00,62.3
2025-06-12 09:29:00,49.7
2025-06-12 23:23:00,2.1
2025-06-12 14:08:00,22.7
2025-06-12 11:42:00,92.9
2025-06-12 23:01:00,24.6
2025-06-12 00:43:00,49.4
2025-06-12 01:56:00,79.8
2025-06-12 00:19:00,74.8
2025-06-12 04:11:00,99.4
2025-06-12 09:07:00,98.0
2025-06-12 09:11:00,62.2
2025-06-12 18:03:00,16.1
2025-06-12 21:26:00,70.2
2025-06-12 19:32:00,70.4
2025-06-12 20:46:00,28.3
2025-06-12 02:25:00,69.8
2025-06-12 07:54:00,25.3
2025-06-12 19:13:00,34.8
2025-06-12 02:27:00,2.3
2025-06-12 01:18:00,44.5
2025-06-12 07:59:00,96.2
2025-06-12 03:41:00,72.6
2025-06-12 17:36:00,74.5
2025-06-12 04:35:00,23.9
2025-06-12 14:46:00,40.9
2025-06-12 10:56:00,80.6
2025-06-12 08:11:00,28.2
2025-06-12 15:06:00,69.4
2025-06-12 05:25:00,50.25777465777466
2025-06-12 21:05:00,29.3
2025-06-12 17:22:00,50.25777465777466
2025-06-12 05:55:00,67.4
2025-06-12 05:25:00,50.25777465777466
2025-06-12 12:08:00,71.9
2025-06-12 20:19:00,15.0
2025-06-12 23:28:00,76.3
2025-06-12 08:29:00,83.8
2025-06-12 01:19:00,58.0
2025-06-12 03:10:00,28.2
2025-06-12 01:21:00,50.25777465777466
2025-06-12 03:28:00,20.3
2025-06-12 10:35:00,36.3
2025-06-12 13:45:00,80.2
2025-06-12 10:11:00,65.5
2025-06-12 01:43:00,84.5
2025-06-12 10:38:00,9.0
2025-06-12 21:19:00,64.2
2025-06-12 04:03:00,8.2
2025-06-12 16:54:00,86.3
2025-06-12 01:36:00,34.7
2025-06-12 15:22:00,50.5
2025-06-12 03:59:00,59.3
2025-06-12 02:37:00,45.4
2025-06-12 11:26:00,77.6
2025-06-12 16:55:00,55.7
2025-06-12 04:23:00,78.1
2025-06-12 04:27:00,50.25777465777466
2025-06-12 11:13:00,50.25777465777466
2025-06-12 16:04:00,68.1
2025-06-12 21:56:00,7.1
2025-06-12 03:21:00,72.5
2025-06-12 05:45:00,50.25777465777466
2025-06-12 19:15:00,52.1
2025-06-12 03:34:00,50.25777465777466
2025-06-12 22:25:00,5.9
2025-06-12 04:33:00,57.3
2025-06-12 01:57:00,35.9
2025-06-12 12:55:00,31.3
2025-06-12 15:03:00,74.5
2025-06-12 12:45:00,50.25777465777466
2025-06-12 07:20:00,69.7
2025-06-12 16:33:00,49.9464552238806
2025-06-12 11:17:00,73.9
2025-06-12 01:59:00,49.5
2025-06-12 23:17:00,34.4
2025-06-12 12:16:00,50.9
2025-06-12 13:14:00,75.1
2025-06-12 08:00:00,49.9464552238806
2025-06-12 02:24:00,25.0
2025-06-12 09:38:00,87.7
2025-06-12 07:22:00,30.6
2025-06-12 14:11:00,49.9464552238806
2025-06-12 01:31:00,54.7
2025-06-12 06:45:00,49.9464552238806
2025-06-12 17:12:00,14.9
2025-06-12 12:04:00,27.6
2025-06-12 16:35:00,14.2
2025-06-12 15:44:00,63.5
2025-06-12 15:18:00,57.6
2025-06-12 10:07:00,96.3
2025-06-12 23:10:00,49.9464552238806
2025-06-12 03:13:00,18.4
2025-06-12 06:20:00,63.9
2025-06-12 07:58:00,55.6
2025-06-12 12:21:00,28.5
2025-06-12 21:51:00,49.9464552238806
2025-06-12 07:04:00,20.2
2025-06-12 22:28:00,49.9464552238806
2025-06-12 06:13:00,66.3
2025-06-12 00:44:00,49.9464552238806
2025-06-12 17:43:00,5.6
2025-06-12 13:53:00,78.1
2025-06-12 19:14:00,92.1
2025-06-12 06:31:00,49.9464552238806
2025-06-12 15:15:00,10.7
2025-06-12 07:34:00,25.6
2025-06-12 17:23:00,60.6
2025-06-12 02:38:00,11.1
2025-06-12 07:50:00,9.0
2025-06-12 09:25:00,37.8
2025-06-12 00:35:00,63.2
2025-06-12 00:03:00,47.6
2025-06-12 13:38:00,11.2
2025-06-12 23:28:00,79.7
2025-06-12 09:06:00,38.3
2025-06-12 08:37:00,33.7
2025-06-12 01:56:00,25.9
2025-06-12 16:55:00,49.9464552238806
2025-06-12 04:12:00,82.7
2025-06-12 09:07:00,62.1
2025-06-12 10:48:00,8.9
2025-06-12 13:34:00,62.1
2025-06-12 16:52:00,29.3
2025-06-12 06:54:00,62.0
2025-06-12 05:37:00,45.3
2025-06-12 13:45:00,24.3
2025-06-12 16:55:00,49.9464552238806
2025-06-12 17:25:00,11.1
2025-06-12 07:55:00,38.3
2025-06-12 22:58:00,49.2
2025-06-12 08:53:00,7.0
2025-06-12 15:40:00,72.5
2025-06-12 16:01:00,81.5
2025-06-12 00:37:00,56.2
2025-06-12 04:58:00,53.1
2025-06-12 04:26:00,57.1
2025-06-12 10:53:00,23.4
2025-06-12 19:22:00,49.9464552238806
2025-06-12 10:55:00,23.8
2025-06-12 09:09:00,100.0
2025-06-12 09:35:00,73.0
2025-06-12 22:44:00,11.7
2025-06-12 10:52:00,24.2
2025-06-12 01:44:00,82.0
2025-06-12 23:07:00,68.4
2025-06-12 11:24:00,92.4
2025-06-12 19:37:00,49.9464552238806
2025-06-12 20:41:00,33.2
2025-06-12 22:34:00,26.5
2025-06-12 09:52:00,58.2
2025-06-12 10:02:00,10.6
2025-06-12 04:54:00,73.5
2025-06-12 10:01:00,73.3
2025-06-12 16:32:00,91.1
2025-06-12 23:45:00,19.0
2025-06-12 00:48:00,49.9464552238806
2025-06-12 15:10:00,1.9
2025-06-12 22:48:00,49.9464552238806
2025-06-12 11:32:00,49.9464552238806
2025-06-12 15:17:00,19.9
2025-06-12 16:40:00,80.6
2025-06-12 16:27:00,27.6
2025-06-12 04:54:00,49.9464552238806
2025-06-12 10:10:00,3.6
2025-06-12 19:59:00,17.4
2025-06-12 04:34:00,89.6
2025-06-12 08:49:00,40.8
2025-06-12 15:28:00,48.8
2025-06-12 15:07:00,36.8
2025-06-12 03:00:00,36.1
2025-06-12 02:23:00,20.0
2025-06-12 12:30:00,5.1
2025-06-12 22:00:00,64.4
2025-06-12 05:11:00,19.2
2025-06-12 12:46:00,84.6
2025-06-12 12:01:00,61.2
2025-06-12 23:39:00,38.5
2025-06-12 23:37:00,49.9464552238806
2025-06-12 18:46:00,49.9464552238806
2025-06-12 17:47:00,49.9464552238806
2025-06-12 01:39:00,30.4
2025-06-12 06:51:00,49.9464552238806
2025-06-12 06:09:00,12.6
2025-06-12 05:27:00,92.5
2025-06-12 16:38:00,95.6
2025-06-12 07:54:00,61.9
2025-06-12 10:27:00,2.2
2025-06-12 18:34:00,70.3
2025-06-12 13:17:00,6.6
2025-06-12 06:03:00,17.2
2025-06-12 07:41:00,64.2
2025-06-12 07:42:00,44.5
2025-06-12 00:08:00,85.2
2025-06-12 08:29:00,100.0
2025-06-12 10:07:00,49.9464552238806
2025-06-12 23:54:00,66.3
2025-06-12 19:14:00,49.9464552238806
2025-06-12 06:01:00,37.1
2025-06-12 09:54:00,51.6
2025-06-12 06:58:00,91.7
2025-06-12 00:18:00,49.9464552238806
2025-06-12 16:38:00,76.5
2025-06-12 17:22:00,93.6
2025-06-12 13:11:00,17.4
2025-06-12 09:30:00,49.9464552238806
2025-06-12 04:56:00,82.1
2025-06-12 14:20:00,46.2
2025-06-12 12:26:00,49.9464552238806
2025-06-12 07:02:00,37.3
2025-06-12 18:41:00,49.9464552238806
2025-06-12 16:15:00,49.9464552238806
2025-06-12 01:45:00,49.9464552238806
2025-06-12 17:58:00,17.0
2025-06-12 06:33:00,73.3
2025-06-12 13:57:00,33.0
2025-06-12 01:50:00,60.7
2025-06-12 03:30:00,65.7
2025-06-12 02:48:00,49.9464552238806
2025-06-12 03:25:00,22.4
2025-06-12 14:17:00,32.0
2025-06-12 03:25:00,85.6
2025-06-12 01:09:00,74.8
2025-06-12 05:21:00,64.9
2025-06-12 14:37:00,49.9464552238806
2025-06-12 18:54:00,49.9464552238806
2025-06-12 03:30:00,3.7
2025-06-12 18:51:00,74.4
2025-06-12 13:35:00,47.8
2025-06-12 06:29:00,26.3
2025-06-12 19:42:00,90.5
2025-06-12 07:11:00,44.0
2025-06-12 02:09:00,71.0
2025-06-12 06:20:00,56.9
2025-06-12 10:55:00,96.5
2025-06-12 07:22:00,6.2
2025-06-12 00:14:00,12.2
2025-06-12 02:46:00,55.1
2025-06-12 15:53:00,96.3
2025-06-12 17:49:00,8.2
2025-06-12 18:40:00,49.9464552238806
2025-06-12 21:00:00,12.5
2025-06-12 16:20:00,43.6
2025-06-12 13:27:00,27.1
2025-06-12 14:49:00,85.3
2025-06-12 01:07:00,46.2
2025-06-12 23:08:00,68.8
2025-06-12 20:18:00,74.9
2025-06-12 14:42:00,49.9464552238806
2025-06-12 06:33:00,38.2
2025-06-12 09:39:00,75.2
2025-06-12 19:49:00,49.9464552238806
2025-06-12 09:23:00,42.8
2025-06-12 15:10:00,49.9464552238806
2025-06-12 06:21:00,84.3
2025-06-12 08:35:00,46.7
2025-06-12 16:14:00,91.9
2025-06-12 00:14:00,60.6
2025-06-12 01:01:00,15.6
2025-06-12 16:57:00,49.9464552238806
2025-06-12 02:23:00,74.4
2025-06-12 13:22:00,41.6
2025-06-12 06:47:00,54.1
2025-06-12 20:20:00,18.6
2025-06-12 17:11:00,37.2
2025-06-12 01:24:00,1.8
2025-06-12 08:27:00,89.5
2025-06-12 14:52:00,49.9464552238806
2025-06-12 05:43:00,49.9464552238806
2025-06-12 23:51:00,99.6
2025-06-12 16:15:00,45.9
2025-06-12 12:35:00,49.9464552238806
2025-06-12 06:53:00,68.6
2025-06-12 01:53:00,89.2
2025-06-12 06:10:00,52.7
2025-06-12 15:54:00,84.9
2025-06-12 00:56:00,50.7
2025-06-12 11:39:00,23.1
2025-06-12 00:34:00,49.9464552238806
2025-06-12 01:06:00,40.7
2025-06-12 21:33:00,24.0
2025-06-12 22:50:00,36.7
2025-06-12 21:46:00,12.3
2025-06-12 06:45:00,71.5
2025-06-12 04:53:00,98.6
2025-06-12 22:44:00,49.9464552238806
2025-06-12 10:46:00,94.3
2025-06-12 13:18:00,83.2
2025-06-12 17:18:00,55.2
2025-06-12 23:17:00,76.3
2025-06-12 09:49:00,49.9464552238806
2025-06-12 03:21:00,92.8
2025-06-12 21:03:00,55.4
2025-06-12 19:17:00,76.7
2025-06-12 11:13:00,33.4
2025-06-12 07:37:00,96.3
2025-06-12 17:26:00,49.9464552238806
2025-06-12 23:02:00,12.0
2025-06-12 05:33:00,65.4
2025-06-12 12:36:00,74.8
2025-06-12 22:20:00,21.2
2025-06-12 03:38:00,43.3
2025-06-12 10:21:00,0.2
2025-06-12 22:46:00,49.9464552238806
2025-06-12 06:33:00,14.1
2025-06-12 16:44:00,37.8
2025-06-12 15:54:00,59.0
2025-06-12 14:16:00,50.9
2025-06-12 20:09:00,82.1
2025-06-12 13:35:00,34.1
2025-06-12 20:19:00,49.9464552238806
2025-06-12 14:48:00,68.2
2025-06-12 09:34:00,39.6
2025-06-12 05:15:00,34.9
2025-06-12 13:01:00,64.8
2025-06-12 22:21:00,51.3
2025-06-12 17:57:00,0.9
2025-06-12 09:52:00,67.2
2025-06-12 10:52:00,71.9
2025-06-12 16:51:00,54.8
2025-06-12 21:47:00,56.0
2025-06-12 06:19:00,49.9464552238806
2025-06-12 09:44:00,76.8
2025-06-12 19:11:00,16.4
2025-06-12 10:39:00,11.3
2025-06-12 05:24:00,45.5
2025-06-12 06:01:00,49.9464552238806
2025-06-12 13:43:00,22.2
2025-06-12 03:04:00,89.0
2025-06-12 22:41:00,4.4
2025-06-12 08:46:00,19.2
2025-06-12 05:20:00,2.6
2025-06-12 18:29:00,49.9464552238806
2025-06-12 12:38:00,19.7
2025-06-12 07:17:00,49.9464552238806
2025-06-12 15:12:00,2.1
2025-06-12 07:26:00,72.4
2025-06-12 09:31:00,11.9
2025-06-12 06:23:00,91.3
2025-06-12 15:16:00,70.5
2025-06-12 15:22:00,8.3
2025-06-12 08:41:00,18.1
2025-06-12 00:00:00,94.5
2025-06-12 02:37:00,49.1
2025-06-12 06:17:00,96.1
2025-06-12 03:24:00,13.1
2025-06-12 05:55:00,47.2
2025-06-12 17:29:00,94.8
2025-06-12 13:50:00,6.6
2025-06-12 07:23:00,68.3
2025-06-12 09:42:00,49.9464552238806
2025-06-12 14:26:00,17.7
2025-06-12 09:34:00,7.1
2025-06-12 18:56:00,49.9464552238806
2025-06-12 04:32:00,49.9464552238806
2025-06-12 12:38:00,68.0
2025-06-12 11:05:00,88.1
2025-06-12 19:30:00,2.0
2025-06-12 20:39:00,49.9464552238806
2025-06-12 17:03:00,36.3
2025-06-12 23:02:00,99.3
2025-06-12 15:09:00,34.5
2025-06-12 19:29:00,46.2
2025-06-12 19:14:00,45.2
2025-06-12 16:46:00,35.6
2025-06-12 02:21:00,49.9464552238806
2025-06-12 20:41:00,49.9464552238806
2025-06-12 09:06:00,77.6
2025-06-12 07:17:00,20.9
2025-06-12 22:32:00,49.9464552238806
2025-06-12 05:02:00,11.2
2025-06-12 06:32:00,45.8
2025-06-12 16:31:00,78.2
2025-06-12 14:41:00,45.6
2025-06-12 19:53:00,49.9464552238806
2025-06-12 17:47:00,48.2
2025-06-12 03:22:00,30.5
2025-06-12 06:40:00,19.3
2025-06-12 05:51:00,89.5
2025-06-12 18:25:00,49.9464552238806
2025-06-12 13:36:00,22.1
2025-06-12 01:47:00,67.1
2025-06-12 15:31:00,5.3
2025-06-12 10:44:00,25.7
2025-06-12 03:03:00,30.7
2025-06-12 07:09:00,52.7
2025-06-12 02:51:00,27.4
2025-06-12 17:40:00,8.3
2025-06-12 01:50:00,67.6
2025-06-12 03:43:00,39.3
2025-06-12 02:42:00,68.9
2025-06-12 15:47:00,99.1
2025-06-12 03:38:00,97.0
2025-06-12 21:38:00,57.6
2025-06-12 17:17:00,85.6
2025-06-12 18:44:00,55.3
2025-06-12 00:48:00,66.8
2025-06-12 15:41:00,49.9464552238806
2025-06-12 17:48:00,11.4
2025-06-12 21:46:00,94.7
2025-06-12 15:21:00,49.9464552238806
2025-06-12 17:04:00,78.2
2025-06-12 07:39:00,99.0
2025-06-12 17:17:00,15.6
2025-06-12 02:59:00,1.5
2025-06-12 15:30:00,49.9464552238806
2025-06-12 14:21:00,15.7
2025-06-12 23:11:00,57.4
2025-06-12 16:42:00,98.2
2025-06-12 22:05:00,49.742524640779
2025-06-12 21:26:00,96.1
2025-06-12 11:03:00,64.5
2025-06-12 16:48:00,66.8
2025-06-12 16:47:00,11.5
2025-06-12 03:35:00,49.742524640779
2025-06-12 23:37:00,12.5
2025-06-12 16:50:00,32.2
2025-06-12 11:27:00,21.7
2025-06-12 23:49:00,78.2
2025-06-12 02:53:00,40.1
2025-06-12 01:43:00,61.7
2025-06-12 07:47:00,70.7
2025-06-12 10:10:00,83.4
2025-06-12 03:26:00,10.0
2025-06-12 00:48:00,28.0
2025-06-12 02:12:00,24.4
2025-06-12 13:15:00,21.3
2025-06-12 09:07:00,49.742524640779
2025-06-12 01:09:00,49.742524640779
2025-06-12 13:28:00,68.2
2025-06-12 07:14:00,49.742524640779
2025-06-12 22:57:00,19.2
2025-06-12 14:32:00,70.4
2025-06-12 17:03:00,2.4
2025-06-12 13:44:00,26.9
2025-06-12 20:09:00,66.0
2025-06-12 09:27:00,42.6
2025-06-12 01:43:00,79.1
2025-06-12 00:09:00,13.3
2025-06-12 08:10:00,81.9
2025-06-12 18:05:00,58.2
2025-06-12 18:38:00,14.3
2025-06-12 06:47:00,30.9
2025-06-12 13:57:00,86.2
2025-06-12 06:34:00,99.0
2025-06-12 21:58:00,84.8
2025-06-12 20:06:00,46.5
2025-06-12 00:04:00,35.3
2025-06-12 21:06:00,50.9
2025-06-12 12:55:00,49.2
2025-06-12 10:32:00,42.8
2025-06-12 13:47:00,65.5
2025-06-12 07:29:00,32.3
2025-06-12 18:51:00,50.7
2025-06-12 19:35:00,4.6
2025-06-12 10:11:00,54.0
2025-06-12 07:35:00,49.742524640779
2025-06-12 12:05:00,30.9
2025-06-12 13:21:00,49.742524640779
2025-06-12 05:08:00,12.2
2025-06-12 08:12:00,43.9
2025-06-12 02:00:00,12.2
2025-06-12 17:46:00,49.742524640779
2025-06-12 15:04:00,53.9
2025-06-12 10:21:00,92.8
2025-06-12 21:45:00,56.9
2025-06-12 16:39:00,0.7
2025-06-12 08:42:00,11.1
2025-06-12 11:27:00,11.8
2025-06-12 00:44:00,22.5
2025-06-12 06:51:00,96.2
2025-06-12 16:43:00,33.3
2025-06-12 13:44:00,82.1
2025-06-12 21:57:00,28.9
2025-06-12 08:19:00,49.742524640779
2025-06-12 04:23:00,99.9
2025-06-12 15:17:00,49.742524640779
2025-06-12 02:31:00,1.1
2025-06-12 20:16:00,8.2
2025-06-12 22:15:00,49.742524640779
2025-06-12 22:32:00,46.2
2025-06-12 13:01:00,53.4
2025-06-12 19:59:00,38.9
2025-06-12 09:35:00,74.5
2025-06-12 13:27:00,85.1
2025-06-12 10:29:00,42.4
2025-06-12 23:06:00,46.7
2025-06-12 23:08:00,15.4
2025-06-12 04:51:00,46.6
2025-06-12 22:35:00,49.742524640779
2025-06-12 16:05:00,6.8
2025-06-12 21:01:00,24.4
2025-06-12 01:30:00,50.1
2025-06-12 18:19:00,9.6
2025-06-12 13:01:00,22.3
2025-06-12 03:41:00,67.7
2025-06-12 02:18:00,92.9
2025-06-12 05:32:00,24.0
2025-06-12 10:47:00,70.7
2025-06-12 13:57:00,23.3
2025-06-12 13:57:00,78.0
2025-06-12 10:41:00,28.0
2025-06-12 21:51:00,7.6
2025-06-12 09:09:00,31.9
2025-06-12 13:07:00,49.742524640779
2025-06-12 10:39:00,48.4
2025-06-12 10:53:00,39.0
2025-06-12 18:38:00,73.8
2025-06-12 00:37:00,17.8
2025-06-12 07:27:00,49.742524640779
2025-06-12 17:24:00,61.6
2025-06-12 17:06:00,35.1
2025-06-12 07:11:00,92.2
2025-06-12 19:59:00,1.6
2025-06-12 10:07:00,96.0
2025-06-12 19:44:00,78.4
2025-06-12 04:05:00,90.3
2025-06-12 13:17:00,88.6
2025-06-12 14:55:00,69.9
2025-06-12 17:57:00,17.7
2025-06-12 21:58:00,57.1
2025-06-12 13:47:00,59.3
2025-06-12 23:53:00,42.6
2025-06-12 17:13:00,60.2
2025-06-12 21:38:00,16.8
2025-06-12 09:09:00,31.9
2025-06-12 03:05:00,26.6
2025-06-12 09:46:00,25.0
2025-06-12 13:23:00,40.1
2025-06-12 19:04:00,67.9
2025-06-12 12:53:00,2.8
2025-06-12 17:59:00,71.1
2025-06-12 22:33:00,20.8
2025-06-12 21:03:00,45.7
2025-06-12 02:08:00,49.742524640779
2025-06-12 11:59:00,10.5
2025-06-12 03:22:00,82.6
2025-06-12 19:52:00,38.1
2025-06-12 22:09:00,48.4
2025-06-12 14:03:00,87.8
2025-06-12 21:12:00,88.6
2025-06-12 17:06:00,42.8
2025-06-12 04:23:00,27.0
2025-06-12 11:36:00,2.4
2025-06-12 20:48:00,49.742524640779
2025-06-12 10:00:00,69.4
2025-06-12 16:21:00,66.7
2025-06-12 07:18:00,25.8
2025-06-12 16:37:00,53.0
2025-06-12 09:40:00,32.3
2025-06-12 19:46:00,49.742524640779
2025-06-12 13:18:00,54.2
2025-06-12 06:06:00,39.6
2025-06-12 15:21:00,80.4
2025-06-12 22:54:00,12.7
2025-06-12 05:27:00,7.8
2025-06-12 01:43:00,93.4
2025-06-12 17:25:00,32.4
2025-06-12 03:24:00,46.1
2025-06-12 09:41:00,49.742524640779
2025-06-12 08:55:00,7.1
2025-06-12 15:33:00,5.5
2025-06-12 21:08:00,71.5
2025-06-12 06:07:00,6.4
2025-06-12 02:09:00,34.1
2025-06-12 12:11:00,55.6
2025-06-12 11:54:00,57.7
2025-06-12 17:35:00,48.0
2025-06-12 05:09:00,49.742524640779
2025-06-12 01:46:00,39.8
2025-06-12 18:22:00,95.2
2025-06-12 02:25:00,87.4
2025-06-12 01:30:00,49.742524640779
2025-06-12 03:47:00,68.1
2025-06-12 15:11:00,86.9
2025-06-12 08:39:00,50.8
2025-06-12 19:05:00,38.5
2025-06-12 14:48:00,85.0
2025-06-12 04:18:00,54.2
2025-06-12 04:35:00,20.0
2025-06-12 04:29:00,73.5
2025-06-12 11:42:00,19.0
2025-06-12 06:09:00,0.2
2025-06-12 07:37:00,27.2
2025-06-12 16:10:00,13.0
2025-06-12 09:27:00,57.6
2025-06-12 13:08:00,76.0
2025-06-12 19:20:00,79.2
2025-06-12 08:54:00,82.1
2025-06-12 09:42:00,71.3
2025-06-12 20:29:00,12.3
2025-06-12 18:03:00,85.0
2025-06-12 08:18:00,14.8
2025-06-12 20:22:00,49.5
2025-06-12 05:53:00,31.3
2025-06-12 05:33:00,87.3
2025-06-12 23:33:00,53.0
2025-06-12 07:14:00,82.9
2025-06-12 01:10:00,35.9
2025-06-12 14:21:00,78.9
2025-06-12 13:44:00,17.0
2025-06-12 04:23:00,69.9
2025-06-12 07:14:00,49.742524640779
2025-06-12 19:34:00,39.5
2025-06-12 03:44:00,21.3
2025-06-12 14:36:00,81.3
2025-06-12 12:35:00,57.0
2025-06-12 07:57:00,0.7
2025-06-12 13:46:00,49.742524640779
2025-06-12 13:39:00,52.1
2025-06-12 21:10:00,20.8
2025-06-12 10:23:00,61.7
2025-06-12 06:05:00,22.9
2025-06-12 18:01:00,49.742524640779
2025-06-12 13:04:00,29.1
2025-06-12 11:27:00,20.7
2025-06-12 01:52:00,91.7
2025-06-12 21:43:00,35.6
2025-06-12 07:06:00,46.1
2025-06-12 10:03:00,49.742524640779
2025-06-12 09:44:00,70.5
2025-06-12 06:13:00,98.3
2025-06-12 11:40:00,13.3
2025-06-12 03:21:00,4.1
2025-06-12 20:27:00,69.0
2025-06-12 23:38:00,70.6
2025-06-12 05:56:00,49.742524640779
2025-06-12 17:00:00,99.3
2025-06-12 23:36:00,93.1
2025-06-12 07:08:00,95.6
2025-06-12 22:23:00,49.742524640779
2025-06-12 23:47:00,49.742524640779
2025-06-12 09:38:00,31.0
2025-06-12 06:05:00,13.6
2025-06-12 19:19:00,49.742524640779
2025-06-12 03:53:00,45.5
2025-06-12 05:02:00,61.4
2025-06-12 10:07:00,92.5
2025-06-12 22:18:00,32.1
2025-06-12 11:51:00,36.0
2025-06-12 08:27:00,44.4
2025-06-12 22:21:00,89.5
2025-06-12 03:33:00,89.5
2025-06-12 11:49:00,1.7
2025-06-12 20:51:00,75.3
2025-06-12 05:28:00,3.1
2025-06-12 16:34:00,25.2
2025-06-12 02:46:00,52.8
2025-06-12 23:01:00,49.742524640779
2025-06-12 05:04:00,42.0
2025-06-12 01:34:00,62.3
2025-06-12 14:39:00,69.2
2025-06-12 04:54:00,36.3
2025-06-12 13:38:00,47.4
2025-06-12 01:02:00,49.742524640779
2025-06-12 18:46:00,23.4
2025-06-12 16:35:00,59.1
2025-06-12 21:52:00,40.1
2025-06-12 00:04:00,89.5
2025-06-12 22:37:00,49.742524640779
2025-06-12 19:36:00,1.1
2025-06-12 15:53:00,96.6
2025-06-12 08:46:00,56.4
2025-06-12 09:41:00,47.6
2025-06-12 07:47:00,12.4
2025-06-12 06:45:00,68.2
2025-06-12 00:41:00,53.9
2025-06-12 13:33:00,49.742524640779
2025-06-12 03:53:00,10.9
2025-06-12 04:42:00,49.742524640779
2025-06-12 03:58:00,3.3
2025-06-12 13:18:00,87.2
2025-06-12 19:40:00,1.0
2025-06-12 17:55:00,17.3
2025-06-12 23:25:00,49.742524640779
2025-06-12 08:11:00,57.3
2025-06-12 21:20:00,49.742524640779
2025-06-12 08:19:00,11.7
2025-06-12 17:22:00,92.3
2025-06-12 22:14:00,5.0
2025-06-12 18:00:00,71.6
2025-06-12 15:29:00,29.4
2025-06-12 22:46:00,62.5
2025-06-12 15:35:00,8.8
2025-06-12 06:32:00,56.0
2025-06-12 14:12:00,90.0
2025-06-12 02:44:00,52.8
2025-06-12 16:36:00,37.9
2025-06-12 03:37:00,6.6
2025-06-12 09:47:00,48.0
2025-06-12 12:06:00,85.5
2025-06-12 08:41:00,30.3
2025-06-12 06:09:00,28.0
2025-06-12 19:31:00,26.4
2025-06-12 18:12:00,49.742524640779
2025-06-12 05:43:00,49.742524640779
2025-06-12 11:27:00,20.2
2025-06-12 17:49:00,49.0
2025-06-12 13:50:00,49.742524640779
2025-06-12 16:06:00,46.9
2025-06-12 21:04:00,67.9
2025-06-12 13:16:00,20.0
2025-06-12 17:27:00,53.0
2025-06-12 00:12:00,98.2
2025-06-12 09:40:00,49.742524640779
2025-06-12 13:22:00,71.7
2025-06-12 20:49:00,38.7
2025-06-12 15:31:00,70.0
2025-06-12 08:46:00,49.742524640779
2025-06-12 01:26:00,22.7
2025-06-12 17:27:00,2.7
2025-06-12 03:53:00,63.5
2025-06-12 06:40:00,61.1
2025-06-12 07:43:00,83.8
2025-06-12 08:56:00,41.0
2025-06-12 12:57:00,65.4
2025-06-12 20:08:00,76.2
2025-06-12 07:23:00,49.742524640779
2025-06-12 08:23:00,72.4
2025-06-12 03:14:00,24.5
2025-06-12 11:54:00,11.4
2025-06-12 08:27:00,78.4
2025-06-12 16:21:00,49.742524640779
2025-06-12 04:43:00,49.742524640779
2025-06-12 16:13:00,62.1
2025-06-12 01:22:00,88.6
2025-06-12 01:59:00,49.742524640779
2025-06-12 23:13:00,15.6
2025-06-12 20:31:00,11.9
2025-06-12 15:23:00,10.4
2025-06-12 04:54:00,28.7
2025-06-12 02:58:00,7.6
2025-06-12 13:55:00,40.2
2025-06-12 11:34:00,49.742524640779
2025-06-12 05:57:00,68.9
2025-06-12 22:24:00,93.2
2025-06-12 02:39:00,60.7
2025-06-12 03:59:00,6.5
2025-06-12 12:12:00,74.4
2025-06-12 09:00:00,50.1
2025-06-12 19:00:00,49.742524640779
2025-06-12 18:17:00,7.2
2025-06-12 16:52:00,6.7
2025-06-12 10:29:00,60.2
2025-06-12 00:19:00,96.6
2025-06-12 17:52:00,64.7
2025-06-12 01:28:00,97.8
2025-06-12 17:42:00,0.0
2025-06-12 19:57:00,13.2
2025-06-12 18:48:00,95.7
2025-06-12 18:20:00,50.09606761356967
2025-06-12 09:31:00,5.9
2025-06-12 11:35:00,50.09606761356967
2025-06-12 06:50:00,44.9
2025-06-12 15:28:00,77.9
2025-06-12 03:12:00,50.09606761356967
2025-06-12 09:00:00,47.7
2025-06-12 05:31:00,42.1
2025-06-12 20:11:00,21.5
2025-06-12 03:21:00,75.7
2025-06-12 06:02:00,1.8
2025-06-12 11:11:00,70.0
2025-06-12 08:41:00,70.6
2025-06-12 23:17:00,45.2
2025-06-12 21:38:00,19.9
2025-06-12 13:09:00,50.09606761356967
2025-06-12 12:36:00,50.09606761356967
2025-06-12 16:09:00,84.1
2025-06-12 12:29:00,17.0
2025-06-12 13:32:00,53.3
2025-06-12 08:08:00,59.5
2025-06-12 10:24:00,32.5
2025-06-12 01:20:00,42.6
2025-06-12 02:43:00,57.6
2025-06-12 15:38:00,42.5
2025-06-12 15:36:00,59.7
2025-06-12 10:04:00,38.0
2025-06-12 17:38:00,35.5
2025-06-12 16:39:00,70.6
2025-06-12 08:55:00,69.7
2025-06-12 15:41:00,70.6
2025-06-12 02:59:00,50.09606761356967
2025-06-12 23:22:00,3.7
2025-06-12 16:02:00,66.5
2025-06-12 09:15:00,49.9
2025-06-12 07:35:00,94.8
2025-06-12 03:51:00,60.8
2025-06-12 07:47:00,9.7
2025-06-12 21:14:00,50.09606761356967
2025-06-12 07:06:00,33.6
2025-06-12 23:41:00,80.7
2025-06-12 15:10:00,11.6
2025-06-12 11:49:00,86.0
2025-06-12 11:50:00,10.3
2025-06-12 16:06:00,29.6
2025-06-12 04:24:00,50.09606761356967
2025-06-12 00:23:00,34.5
2025-06-12 21:44:00,70.6
2025-06-12 20:52:00,64.7
2025-06-12 09:18:00,56.0
2025-06-12 07:04:00,7.5
2025-06-12 08:43:00,32.6
2025-06-12 22:52:00,38.0
2025-06-12 23:31:00,13.6
2025-06-12 14:46:00,31.7
2025-06-12 02:18:00,34.2
2025-06-12 12:05:00,17.9
2025-06-12 10:45:00,48.6
2025-06-12 11:35:00,81.9
2025-06-12 00:31:00,50.09606761356967
2025-06-12 11:18:00,94.2
2025-06-12 21:42:00,38.4
2025-06-12 15:52:00,73.4
2025-06-12 18:18:00,74.9
2025-06-12 05:34:00,53.3
2025-06-12 00:16:00,34.7
2025-06-12 16:41:00,6.1
2025-06-12 06:48:00,83.0
2025-06-12 16:02:00,3.0
2025-06-12 03:51:00,99.7
2025-06-12 19:37:00,57.5
2025-06-12 01:34:00,29.2
2025-06-12 14:22:00,3.5
2025-06-12 08:49:00,21.9
2025-06-12 23:42:00,68.0
2025-06-12 17:17:00,18.7
2025-06-12 18:50:00,48.5
2025-06-12 05:23:00,94.3
2025-06-12 22:12:00,55.4
2025-06-12 20:16:00,50.09606761356967
2025-06-12 06:07:00,24.6
2025-06-12 13:00:00,29.0
2025-06-12 05:42:00,50.09606761356967
2025-06-12 09:49:00,99.0
2025-06-12 10:47:00,96.4
2025-06-12 05:18:00,47.6
2025-06-12 09:52:00,2.8
2025-06-12 03:15:00,91.5
2025-06-12 09:52:00,60.5
2025-06-12 21:53:00,17.2
2025-06-12 10:48:00,19.2
2025-06-12 07:02:00,50.09606761356967
2025-06-12 05:48:00,37.6
2025-06-12 03:33:00,79.9
2025-06-12 14:55:00,13.1
2025-06-12 19:27:00,92.8
2025-06-12 10:57:00,80.2
2025-06-12 02:06:00,72.1
2025-06-12 23:55:00,97.2
2025-06-12 09:31:00,54.4
2025-06-12 23:46:00,51.6
2025-06-12 17:59:00,50.09606761356967
2025-06-12 23:33:00,26.3
2025-06-12 00:46:00,50.09606761356967
2025-06-12 07:09:00,47.7
2025-06-12 07:06:00,79.0
2025-06-12 16:46:00,60.6
2025-06-12 03:12:00,89.4
2025-06-12 17:13:00,41.6
2025-06-12 20:43:00,19.0
2025-06-12 01:56:00,56.8
2025-06-12 21:04:00,26.1
2025-06-12 01:47:00,81.7
2025-06-12 18:18:00,45.0
2025-06-12 07:53:00,24.3
2025-06-12 00:18:00,69.4
2025-06-12 00:24:00,85.0
2025-06-12 04:11:00,53.4
2025-06-12 15:18:00,32.9
2025-06-12 17:23:00,6.8
2025-06-12 18:23:00,59.7
2025-06-12 17:34:00,88.7
2025-06-12 17:31:00,70.9
2025-06-12 12:08:00,46.3
2025-06-12 15:34:00,68.7
2025-06-12 09:06:00,50.09606761356967
2025-06-12 03:22:00,3.1
2025-06-12 10:42:00,50.09606761356967
2025-06-12 04:03:00,57.4
2025-06-12 00:11:00,37.8
2025-06-12 05:17:00,50.09606761356967
2025-06-12 22:49:00,43.7
2025-06-12 19:35:00,5.0
2025-06-12 21:41:00,9.2
2025-06-12 02:46:00,38.9
2025-06-12 01:51:00,61.8
2025-06-12 13:03:00,23.7
2025-06-12 00:04:00,50.09606761356967
2025-06-12 14:18:00,26.6
2025-06-12 19:33:00,47.3
2025-06-12 04:27:00,50.09606761356967
2025-06-12 13:31:00,5.6
2025-06-12 09:10:00,63.6
2025-06-12 15:15:00,69.5
2025-06-12 19:17:00,50.09606761356967
2025-06-12 02:39:00,31.8
2025-06-12 14:43:00,6.0
2025-06-12 12:48:00,50.09606761356967
2025-06-12 19:40:00,79.5
2025-06-12 20:34:00,21.3
2025-06-12 12:24:00,70.7
2025-06-12 18:59:00,50.09606761356967
2025-06-12 10:46:00,71.8
2025-06-12 16:05:00,33.1
2025-06-12 17:00:00,14.8
2025-06-12 13:44:00,51.3
2025-06-12 19:51:00,54.5
2025-06-12 02:02:00,17.0
2025-06-12 19:11:00,27.3
2025-06-12 09:32:00,91.0
2025-06-12 12:48:00,43.0
2025-06-12 01:19:00,77.8
2025-06-12 21:16:00,57.9
2025-06-12 19:14:00,63.6
2025-06-12 02:47:00,12.6
2025-06-12 00:33:00,24.5
2025-06-12 19:28:00,26.2
2025-06-12 06:49:00,50.09606761356967
2025-06-12 01:06:00,83.3
2025-06-12 10:30:00,44.9
2025-06-12 14:29:00,50.09606761356967
2025-06-12 22:50:00,69.2
2025-06-12 04:27:00,39.0
2025-06-12 11:39:00,8.8
2025-06-12 04:43:00,35.2
2025-06-12 17:53:00,77.9
2025-06-12 19:31:00,59.4
2025-06-12 12:24:00,97.7
2025-06-12 02:18:00,87.1
2025-06-12 12:20:00,85.8
2025-06-12 07:48:00,30.0
2025-06-12 18:33:00,50.09606761356967
2025-06-12 09:21:00,96.6
2025-06-12 11:34:00,57.2
2025-06-12 23:11:00,29.4
2025-06-12 08:26:00,2.0
2025-06-12 04:48:00,18.8
2025-06-12 14:24:00,12.8
2025-06-12 17:06:00,80.8
2025-06-12 20:09:00,34.7
2025-06-12 21:35:00,31.1
2025-06-12 13:49:00,83.3
2025-06-12 20:55:00,24.7
2025-06-12 22:39:00,63.4
2025-06-12 21:43:00,59.8
2025-06-12 08:34:00,13.1
2025-06-12 01:14:00,50.2
2025-06-12 06:30:00,82.9
2025-06-12 13:20:00,50.09606761356967
2025-06-12 21:55:00,17.4
2025-06-12 19:38:00,47.5
2025-06-12 15:15:00,69.8
2025-06-12 02:59:00,2.1
2025-06-12 03:23:00,50.09606761356967
2025-06-12 02:55:00,3.3
2025-06-12 10:31:00,84.8
2025-06-12 07:02:00,89.2
2025-06-12 19:31:00,68.8
2025-06-12 05:08:00,29.9
2025-06-12 14:41:00,3.5
2025-06-12 11:58:00,38.9
2025-06-12 06:34:00,56.1
2025-06-12 02:29:00,46.9
2025-06-12 09:53:00,37.5
2025-06-12 03:42:00,2.1
2025-06-12 02:58:00,59.4
2025-06-12 09:20:00,50.09606761356967
2025-06-12 10:58:00,50.09606761356967
2025-06-12 02:11:00,51.4
2025-06-12 05:52:00,29.3
2025-06-12 19:31:00,4.5
2025-06-12 18:53:00,75.1
2025-06-12 04:25:00,98.8
2025-06-12 06:38:00,92.6
2025-06-12 07:58:00,50.09606761356967
2025-06-12 08:43:00,41.5
2025-06-12 09:15:00,50.09606761356967
2025-06-12 12:04:00,38.3
2025-06-12 12:07:00,50.09606761356967
2025-06-12 00:09:00,15.9
2025-06-12 04:39:00,43.2
2025-06-12 04:36:00,25.4
2025-06-12 02:54:00,71.8
2025-06-12 00:48:00,69.5
2025-06-12 11:57:00,72.7
2025-06-12 22:23:00,76.9
2025-06-12 17:22:00,26.4
2025-06-12 05:19:00,15.3
2025-06-12 00:45:00,5.6
2025-06-12 05:35:00,45.3
2025-06-12 23:47:00,1.5
2025-06-12 00:38:00,51.9
2025-06-12 17:47:00,33.7
2025-06-12 18:49:00,1.7
2025-06-12 14:30:00,14.5
2025-06-12 18:03:00,83.9
2025-06-12 10:29:00,2.4
2025-06-12 16:55:00,25.6
2025-06-12 07:48:00,60.7
2025-06-12 16:49:00,50.09606761356967
2025-06-12 05:02:00,35.8
2025-06-12 22:08:00,50.09606761356967
2025-06-12 19:54:00,14.2
2025-06-12 05:28:00,75.9
2025-06-12 18:24:00,30.4
2025-06-12 20:06:00,24.3
2025-06-12 02:56:00,72.1
2025-06-12 19:34:00,62.5
2025-06-12 08:21:00,8.0
2025-06-12 19:02:00,40.9
2025-06-12 23:43:00,79.9
2025-06-12 00:09:00,95.2
2025-06-12 07:47:00,50.09606761356967
2025-06-12 06:21:00,50.09606761356967
2025-06-12 08:26:00,16.7
2025-06-12 12:10:00,70.4
2025-06-12 10:42:00,26.4
2025-06-12 02:43:00,56.8
2025-06-12 23:15:00,25.3
2025-06-12 19:49:00,82.1
2025-06-12 03:55:00,3.4
2025-06-12 07:51:00,4.1
2025-06-12 00:41:00,50.09606761356967
2025-06-12 22:31:00,10.5
2025-06-12 19:33:00,12.1
2025-06-12 14:07:00,50.09606761356967
2025-06-12 06:45:00,98.5
2025-06-12 23:02:00,85.3
2025-06-12 10:17:00,60.4
2025-06-12 00:34:00,51.4
2025-06-12 10:46:00,60.3
2025-06-12 18:36:00,83.9
2025-06-12 02:36:00,38.8
2025-06-12 06:43:00,70.5
2025-06-12 21:09:00,97.4
2025-06-12 19:47:00,16.7
2025-06-12 06:31:00,2.2
2025-06-12 17:16:00,62.9
2025-06-12 15:34:00,43.9
2025-06-12 21:56:00,60.2
2025-06-12 01:07:00,50.09606761356967
2025-06-12 09:16:00,57.8
2025-06-12 17:21:00,50.09606761356967
2025-06-12 20:42:00,80.2
2025-06-12 13:18:00,93.2
2025-06-12 07:39:00,50.09606761356967
2025-06-12 17:12:00,50.09606761356967
2025-06-12 05:33:00,78.6
2025-06-12 12:42:00,10.8
2025-06-12 14:06:00,50.09606761356967
2025-06-12 18:31:00,74.4
2025-06-12 10:04:00,50.09606761356967
2025-06-12 10:29:00,32.1
2025-06-12 15:08:00,25.5
2025-06-12 11:52:00,98.7
2025-06-12 18:11:00,50.09606761356967
2025-06-12 02:51:00,89.6
2025-06-12 15:17:00,92.7
2025-06-12 23:22:00,50.09606761356967
2025-06-12 12:17:00,4.0
2025-06-12 16:53:00,50.09606761356967
2025-06-12 17:19:00,33.0
2025-06-12 16:48:00,78.2
2025-06-12 16:30:00,37.3
2025-06-12 01:01:00,92.6
2025-06-12 06:18:00,35.7
2025-06-12 18:48:00,33.3
2025-06-12 11:48:00,32.1
2025-06-12 22:32:00,17.7
2025-06-12 20:05:00,39.6
2025-06-12 00:04:00,94.1
2025-06-12 16:26:00,6.3
2025-06-12 17:40:00,22.0
2025-06-12 09:42:00,10.1
2025-06-12 20:55:00,30.5
2025-06-12 08:05:00,50.09606761356967
2025-06-12 15:04:00,11.1
2025-06-12 15:27:00,74.9
2025-06-12 07:48:00,46.6
2025-06-12 08:39:00,49.952608030142464
2025-06-12 03:18:00,52.6
2025-06-12 01:15:00,83.6
2025-06-12 08:07:00,7.2
2025-06-12 09:25:00,22.0
2025-06-12 15:34:00,11.1
2025-06-12 13:16:00,91.6
2025-06-12 11:07:00,69.7
2025-06-12 19:58:00,24.3
2025-06-12 15:07:00,24.5
2025-06-12 15:29:00,60.7
2025-06-12 06:33:00,49.952608030142464
2025-06-12 15:50:00,49.952608030142464
2025-06-12 02:47:00,20.4
2025-06-12 12:32:00,98.3
2025-06-12 22:53:00,86.9
2025-06-12 09:15:00,42.9
2025-06-12 06:42:00,60.5
2025-06-12 02:01:00,76.6
2025-06-12 00:44:00,56.1
2025-06-12 09:11:00,20.9
2025-06-12 20:20:00,17.4
2025-06-12 13:21:00,49.952608030142464
2025-06-12 02:23:00,47.8
2025-06-12 07:25:00,49.952608030142464
2025-06-12 19:05:00,11.9
2025-06-12 16:25:00,66.8
2025-06-12 17:12:00,9.3
2025-06-12 03:11:00,42.1
2025-06-12 23:05:00,49.952608030142464
2025-06-12 13:04:00,65.9
2025-06-12 14:41:00,35.0
2025-06-12 15:06:00,95.5
2025-06-12 00:03:00,72.7
2025-06-12 20:02:00,60.8
2025-06-12 20:04:00,54.7
2025-06-12 14:22:00,49.952608030142464
2025-06-12 05:44:00,10.0
2025-06-12 09:46:00,27.4
2025-06-12 09:52:00,67.6
2025-06-12 05:58:00,86.9
2025-06-12 18:42:00,49.952608030142464
2025-06-12 12:39:00,19.2
2025-06-12 12:20:00,51.9
2025-06-12 03:23:00,39.9
2025-06-12 22:03:00,99.1
2025-06-12 05:14:00,49.952608030142464
2025-06-12 20:46:00,16.7
2025-06-12 07:31:00,49.952608030142464
2025-06-12 18:20:00,22.7
2025-06-12 05:17:00,52.2
2025-06-12 12:22:00,49.952608030142464
2025-06-12 11:21:00,49.952608030142464
2025-06-12 18:13:00,62.9
2025-06-12 17:50:00,14.5
2025-06-12 12:49:00,60.3
2025-06-12 17:12:00,42.5
2025-06-12 19:32:00,61.5
2025-06-12 05:43:00,56.2
2025-06-12 23:28:00,92.7
2025-06-12 23:44:00,75.2
2025-06-12 19:33:00,49.952608030142464
2025-06-12 10:19:00,8.8
2025-06-12 10:56:00,59.8
2025-06-12 07:20:00,94.6
2025-06-12 04:46:00,66.2
2025-06-12 01:22:00,87.2
2025-06-12 09:30:00,5.8
2025-06-12 10:38:00,47.1
2025-06-12 06:31:00,15.1
2025-06-12 19:44:00,22.7
2025-06-12 07:02:00,15.9
2025-06-12 22:19:00,34.8
2025-06-12 08:05:00,69.0
2025-06-12 03:42:00,36.5
2025-06-12 12:45:00,51.3
2025-06-12 07:23:00,91.4
2025-06-12 18:20:00,40.3
2025-06-12 22:37:00,33.9
2025-06-12 11:31:00,30.0
2025-06-12 06:59:00,10.1
2025-06-12 16:33:00,27.3
2025-06-12 01:40:00,12.7
2025-06-12 18:34:00,81.8
2025-06-12 04:36:00,60.3
2025-06-12 19:00:00,46.0
2025-06-12 13:57:00,59.3
2025-06-12 02:26:00,30.0
2025-06-12 08:56:00,85.3
2025-06-12 10:57:00,65.9
2025-06-12 03:53:00,62.2
2025-06-12 18:55:00,49.952608030142464
2025-06-12 00:04:00,55.3
2025-06-12 16:46:00,24.7
2025-06-12 07:01:00,79.3
2025-06-12 18:15:00,62.2
2025-06-12 08:24:00,17.5
2025-06-12 00:38:00,29.3
2025-06-12 14:01:00,63.3
2025-06-12 10:40:00,26.6
2025-06-12 05:41:00,81.6
2025-06-12 08:13:00,55.9
2025-06-12 06:57:00,95.9
2025-06-12 02:07:00,16.9
2025-06-12 21:24:00,78.1
2025-06-12 13:37:00,32.5
2025-06-12 19:36:00,9.6
2025-06-12 22:20:00,13.8
2025-06-12 09:25:00,49.952608030142464
2025-06-12 15:24:00,49.952608030142464
2025-06-12 09:10:00,87.9
2025-06-12 04:27:00,39.5
2025-06-12 18:36:00,94.1
2025-06-12 14:21:00,62.8
2025-06-12 05:53:00,92.5
2025-06-12 22:47:00,8.5
2025-06-12 14:12:00,77.3
2025-06-12 10:41:00,49.952608030142464
2025-06-12 21:13:00,48.5
2025-06-12 22:46:00,55.5
2025-06-12 20:02:00,96.0
2025-06-12 19:31:00,76.2
2025-06-12 15:21:00,22.1
2025-06-12 04:26:00,86.0
2025-06-12 09:20:00,54.5
2025-06-12 23:13:00,19.3
2025-06-12 20:47:00,30.5
2025-06-12 09:43:00,24.2
2025-06-12 19:04:00,19.2
2025-06-12 02:36:00,67.2
2025-06-12 08:00:00,85.1
2025-06-12 01:13:00,83.0
2025-06-12 08:51:00,47.0
2025-06-12 10:29:00,26.0
2025-06-12 14:46:00,49.952608030142464
2025-06-12 04:03:00,76.6
2025-06-12 14:21:00,68.3
2025-06-12 17:00:00,49.952608030142464
2025-06-12 22:27:00,54.7
2025-06-12 02:47:00,68.6
2025-06-12 03:57:00,31.0
2025-06-12 15:15:00,23.2
2025-06-12 11:34:00,54.5
2025-06-12 02:03:00,20.2
2025-06-12 00:24:00,86.2
2025-06-12 07:00:00,13.0
2025-06-12 08:42:00,49.952608030142464
2025-06-12 02:16:00,9.6
2025-06-12 05:39:00,13.8
2025-06-12 22:42:00,41.6
2025-06-12 18:22:00,88.3
2025-06-12 14:25:00,55.2
2025-06-12 01:18:00,10.6
2025-06-12 10:40:00,95.8
2025-06-12 04:57:00,92.2
2025-06-12 08:25:00,24.7
2025-06-12 22:59:00,84.6
2025-06-12 05:47:00,7.3
2025-06-12 03:43:00,71.9
2025-06-12 01:02:00,32.1
2025-06-12 23:29:00,32.8
2025-06-12 19:55:00,79.2
2025-06-12 06:18:00,36.4
2025-06-12 17:27:00,96.9
2025-06-12 18:49:00,23.5
2025-06-12 01:36:00,66.1
2025-06-12 15:00:00,15.7
2025-06-12 22:14:00,65.3
2025-06-12 17:54:00,51.9
2025-06-12 18:03:00,68.3
2025-06-12 13:54:00,84.6
2025-06-12 17:35:00,57.9
2025-06-12 17:56:00,15.1
2025-06-12 11:21:00,12.6
2025-06-12 09:19:00,89.9
2025-06-12 18:08:00,0.9
2025-06-12 18:23:00,3.6
2025-06-12 06:03:00,27.9
2025-06-12 04:50:00,92.1
2025-06-12 19:46:00,1.5
2025-06-12 01:31:00,9.7
2025-06-12 14:17:00,49.952608030142464
2025-06-12 22:40:00,38.0
2025-06-12 04:59:00,69.6
2025-06-12 10:33:00,50.7
2025-06-12 02:45:00,79.3
2025-06-12 04:09:00,93.0
2025-06-12 18:28:00,85.0
2025-06-12 04:30:00,91.7
2025-06-12 20:56:00,82.8
2025-06-12 04:40:00,59.7
2025-06-12 10:41:00,54.6
2025-06-12 22:45:00,49.952608030142464
2025-06-12 18:46:00,35.0
2025-06-12 18:37:00,58.3
2025-06-12 15:36:00,49.952608030142464
2025-06-12 21:54:00,27.3
2025-06-12 04:46:00,16.5
2025-06-12 15:14:00,95.1
2025-06-12 09:57:00,83.7
2025-06-12 03:00:00,49.952608030142464
2025-06-12 00:29:00,49.952608030142464
2025-06-12 04:51:00,17.1
2025-06-12 11:44:00,69.0
2025-06-12 11:18:00,58.4
2025-06-12 03:25:00,42.2
2025-06-12 07:41:00,94.8
2025-06-12 22:28:00,66.8
2025-06-12 02:11:00,49.952608030142464
2025-06-12 21:05:00,0.6
2025-06-12 20:36:00,88.9
2025-06-12 17:39:00,87.2
2025-06-12 23:29:00,30.7
2025-06-12 18:36:00,49.952608030142464
2025-06-12 02:54:00,70.2
2025-06-12 16:29:00,49.952608030142464
2025-06-12 03:25:00,20.1
2025-06-12 00:58:00,49.952608030142464
2025-06-12 02:08:00,85.1
2025-06-12 19:03:00,48.6
2025-06-12 11:58:00,49.952608030142464
2025-06-12 02:24:00,77.3
2025-06-12 08:00:00,49.7
2025-06-12 18:59:00,34.5
2025-06-12 15:15:00,29.8
2025-06-12 15:03:00,88.3
2025-06-12 22:57:00,76.2
2025-06-12 00:05:00,49.952608030142464
2025-06-12 15:44:00,35.7
2025-06-12 19:55:00,64.1
2025-06-12 11:20:00,25.2
2025-06-12 18:53:00,27.9
2025-06-12 19:47:00,34.1
2025-06-12 12:51:00,27.8
2025-06-12 02:04:00,49.952608030142464
2025-06-12 08:52:00,99.3
2025-06-12 15:06:00,45.4
2025-06-12 18:27:00,5.0
2025-06-12 22:16:00,49.952608030142464
2025-06-12 20:52:00,49.952608030142464
2025-06-12 01:09:00,87.0
2025-06-12 16:54:00,50.8
2025-06-12 18:39:00,21.5
2025-06-12 02:16:00,48.0
2025-06-12 22:33:00,42.4
2025-06-12 04:14:00,27.9
2025-06-12 00:29:00,71.3
2025-06-12 17:01:00,49.952608030142464
2025-06-12 10:05:00,38.2
2025-06-12 19:43:00,49.952608030142464
2025-06-12 02:12:00,4.7
2025-06-12 02:41:00,49.952608030142464
2025-06-12 21:38:00,49.952608030142464
2025-06-12 11:47:00,49.952608030142464
2025-06-12 21:57:00,22.1
2025-06-12 21:09:00,15.5
2025-06-12 08:17:00,6.9
2025-06-12 13:51:00,34.8
2025-06-12 10:32:00,84.7
2025-06-12 05:47:00,50.1
2025-06-12 16:53:00,95.5
2025-06-12 12:51:00,49.952608030142464
2025-06-12 02:37:00,79.5
2025-06-12 01:30:00,70.2
2025-06-12 15:02:00,0.7
2025-06-12 07:28:00,5.4
2025-06-12 20:35:00,9.6
2025-06-12 10:56:00,36.7
2025-06-12 02:47:00,49.952608030142464
2025-06-12 05:26:00,10.3
2025-06-12 05:31:00,12.0
2025-06-12 21:54:00,57.6
2025-06-12 16:07:00,77.6
2025-06-12 04:14:00,83.7
2025-06-12 04:48:00,10.5
2025-06-12 09:05:00,76.1
2025-06-12 16:24:00,49.952608030142464
2025-06-12 20:47:00,11.7
2025-06-12 18:56:00,27.2
2025-06-12 10:39:00,85.9
2025-06-12 15:35:00,24.9
2025-06-12 21:25:00,85.1
2025-06-12 17:56:00,87.1
2025-06-12 00:16:00,5.9
2025-06-12 12:30:00,45.7
2025-06-12 20:19:00,88.0
2025-06-12 12:13:00,49.952608030142464
2025-06-12 17:51:00,84.3
2025-06-12 18:07:00,21.5
2025-06-12 08:07:00,84.2
2025-06-12 18:48:00,14.2
2025-06-12 20:33:00,3.7
2025-06-12 06:56:00,79.6
2025-06-12 08:22:00,18.7
2025-06-12 02:48:00,20.6
2025-06-12 01:13:00,63.1
2025-06-12 03:32:00,28.4
2025-06-12 16:25:00,17.2
2025-06-12 21:18:00,49.952608030142464
2025-06-12 08:14:00,12.2
2025-06-12 03:07:00,47.7
2025-06-12 14:08:00,77.6
2025-06-12 03:52:00,28.1
2025-06-12 03:10:00,61.4
2025-06-12 00:07:00,82.0
2025-06-12 15:39:00,32.9
2025-06-12 09:37:00,97.9
2025-06-12 18:13:00,29.2
2025-06-12 06:41:00,50.21640523646657
2025-06-12 21:30:00,27.3
2025-06-12 16:21:00,50.21640523646657
2025-06-12 17:38:00,50.21640523646657
2025-06-12 17:00:00,40.3
2025-06-12 02:53:00,93.0
2025-06-12 14:21:00,82.4
2025-06-12 05:45:00,29.4
2025-06-12 18:41:00,59.0
2025-06-12 02:41:00,8.2
2025-06-12 19:55:00,64.1
2025-06-12 00:51:00,93.0
2025-06-12 06:36:00,90.5
2025-06-12 21:20:00,26.0
2025-06-12 15:23:00,76.1
2025-06-12 16:55:00,78.8
2025-06-12 21:42:00,69.5
2025-06-12 15:24:00,18.9
2025-06-12 00:19:00,38.3
2025-06-12 15:47:00,7.8
2025-06-12 13:26:00,55.6
2025-06-12 22:17:00,66.5
2025-06-12 04:26:00,18.8
2025-06-12 00:22:00,91.0
2025-06-12 18:10:00,93.6
2025-06-12 22:14:00,50.21640523646657
2025-06-12 15:50:00,50.21640523646657
2025-06-12 21:34:00,92.1
2025-06-12 21:37:00,97.7
2025-06-12 01:38:00,1.4
2025-06-12 01:51:00,36.8
2025-06-12 18:21:00,16.4
2025-06-12 04:32:00,50.21640523646657
2025-06-12 21:55:00,82.9
2025-06-12 04:27:00,76.5
2025-06-12 00:58:00,34.2
2025-06-12 20:08:00,94.4
2025-06-12 20:11:00,50.21640523646657
2025-06-12 10:52:00,80.4
2025-06-12 09:55:00,50.21640523646657
2025-06-12 03:00:00,97.9
2025-06-12 15:23:00,54.1
2025-06-12 13:29:00,86.4
2025-06-12 00:38:00,76.4
2025-06-12 10:04:00,50.21640523646657
2025-06-12 23:37:00,99.2
2025-06-12 18:39:00,68.1
2025-06-12 20:52:00,4.6
2025-06-12 02:12:00,36.9
2025-06-12 14:03:00,50.21640523646657
2025-06-12 11:03:00,77.8
2025-06-12 08:17:00,11.2
2025-06-12 19:42:00,91.1
2025-06-12 14:37:00,9.6
2025-06-12 13:35:00,50.21640523646657
2025-06-12 06:20:00,26.5
2025-06-12 04:27:00,44.2
2025-06-12 23:09:00,44.6
2025-06-12 05:23:00,34.4
2025-06-12 21:42:00,50.21640523646657
2025-06-12 03:08:00,36.1
2025-06-12 11:11:00,50.21640523646657
2025-06-12 23:30:00,40.3
2025-06-12 07:41:00,19.0
2025-06-12 15:38:00,52.7
2025-06-12 00:31:00,66.7
2025-06-12 14:33:00,83.1
2025-06-12 03:07:00,16.8
2025-06-12 12:40:00,41.1
2025-06-12 12:20:00,50.21640523646657
2025-06-12 22:13:00,17.1
2025-06-12 21:20:00,82.0
2025-06-12 08:07:00,55.2
2025-06-12 14:25:00,9.4
2025-06-12 03:19:00,50.21640523646657
2025-06-12 01:02:00,50.21640523646657
2025-06-12 01:10:00,26.8
2025-06-12 11:36:00,50.21640523646657
2025-06-12 23:16:00,70.2
2025-06-12 23:32:00,60.0
2025-06-12 00:03:00,64.0
2025-06-12 00:27:00,31.5
2025-06-12 06:08:00,75.9
2025-06-12 22:53:00,71.5
2025-06-12 09:42:00,92.7
2025-06-12 10:29:00,35.2
2025-06-12 00:27:00,50.21640523646657
2025-06-12 08:24:00,40.8
2025-06-12 22:18:00,46.6
2025-06-12 05:12:00,81.1
2025-06-12 03:14:00,75.1
2025-06-12 23:17:00,50.21640523646657
2025-06-12 21:41:00,50.21640523646657
2025-06-12 11:58:00,50.21640523646657
2025-06-12 19:00:00,54.8
2025-06-12 11:12:00,30.2
2025-06-12 13:36:00,18.8
2025-06-12 18:12:00,13.4
2025-06-12 03:39:00,50.21640523646657
2025-06-12 12:21:00,51.6
2025-06-12 06:59:00,11.9
2025-06-12 06:21:00,30.9
2025-06-12 03:18:00,97.4
2025-06-12 17:18:00,81.8
2025-06-12 19:16:00,70.3
2025-06-12 21:24:00,98.3
2025-06-12 22:51:00,24.6
2025-06-12 10:55:00,30.8
2025-06-12 19:03:00,57.0
2025-06-12 02:03:00,40.0
2025-06-12 17:38:00,42.4
2025-06-12 16:41:00,30.6
2025-06-12 01:20:00,21.5
2025-06-12 18:21:00,50.21640523646657
2025-06-12 05:14:00,90.3
2025-06-12 13:12:00,23.5
2025-06-12 19:39:00,72.9
2025-06-12 06:28:00,50.21640523646657
2025-06-12 15:54:00,44.3
2025-06-12 16:17:00,60.4
2025-06-12 00:22:00,50.2
2025-06-12 19:23:00,0.1
2025-06-12 19:25:00,28.9
2025-06-12 16:43:00,50.21640523646657
2025-06-12 11:49:00,36.1
2025-06-12 09:50:00,50.21640523646657
2025-06-12 00:33:00,68.0
2025-06-12 05:09:00,50.21640523646657
2025-06-12 16:48:00,36.0
2025-06-12 00:38:00,10.3
2025-06-12 18:52:00,97.5
2025-06-12 08:28:00,76.1
2025-06-12 08:09:00,14.6
2025-06-12 11:13:00,10.1
2025-06-12 13:51:00,11.9
2025-06-12 16:53:00,91.6
2025-06-12 01:59:00,56.1
2025-06-12 03:09:00,67.4
2025-06-12 07:36:00,50.21640523646657
2025-06-12 15:39:00,3.6
2025-06-12 14:12:00,47.6
2025-06-12 11:33:00,12.8
2025-06-12 07:01:00,50.21640523646657
2025-06-12 17:01:00,84.1
2025-06-12 00:05:00,50.21640523646657
2025-06-12 20:21:00,81.4
2025-06-12 08:46:00,94.7
2025-06-12 10:36:00,50.21640523646657
2025-06-12 04:52:00,50.21640523646657
2025-06-12 14:48:00,71.5
2025-06-12 19:55:00,83.7
2025-06-12 02:17:00,89.6
2025-06-12 16:37:00,51.8
2025-06-12 12:54:00,63.7
2025-06-12 12:04:00,50.21640523646657
2025-06-12 06:46:00,82.2
2025-06-12 21:24:00,70.1
2025-06-12 13:33:00,59.0
2025-06-12 21:48:00,33.4
2025-06-12 16:27:00,76.2
2025-06-12 03:41:00,27.6
2025-06-12 05:09:00,50.21640523646657
2025-06-12 17:09:00,88.9
2025-06-12 21:18:00,37.4
2025-06-12 16:22:00,61.0
2025-06-12 06:56:00,40.9
2025-06-12 00:30:00,2.6
2025-06-12 14:36:00,82.3
2025-06-12 23:36:00,79.7
2025-06-12 21:16:00,26.5
2025-06-12 08:58:00,50.21640523646657
2025-06-12 22:41:00,58.8
2025-06-12 07:07:00,60.3
2025-06-12 19:11:00,65.2
2025-06-12 06:13:00,50.21640523646657
2025-06-12 03:13:00,24.0
2025-06-12 16:26:00,67.6
2025-06-12 03:18:00,84.2
2025-06-12 17:46:00,9.4
2025-06-12 04:17:00,22.8
2025-06-12 01:21:00,45.0
2025-06-12 11:07:00,2.1
2025-06-12 01:45:00,42.1
2025-06-12 07:48:00,7.3
2025-06-12 01:32:00,50.21640523646657
2025-06-12 20:31:00,17.7
2025-06-12 05:32:00,13.6
2025-06-12 22:53:00,80.1
2025-06-12 15:44:00,50.6
2025-06-12 23:27:00,62.6
2025-06-12 09:03:00,97.6
2025-06-12 21:44:00,75.4
2025-06-12 05:44:00,83.1
2025-06-12 22:51:00,73.5
2025-06-12 02:02:00,96.9
2025-06-12 01:20:00,66.4
2025-06-12 08:24:00,61.7
2025-06-12 22:26:00,6.0
2025-06-12 17:58:00,5.8
2025-06-12 03:55:00,24.5
2025-06-12 10:47:00,50.21640523646657
2025-06-12 17:45:00,50.21640523646657
2025-06-12 19:50:00,50.21640523646657
2025-06-12 04:11:00,87.0
2025-06-12 19:35:00,64.1
2025-06-12 09:14:00,38.3
2025-06-12 06:57:00,46.0
2025-06-12 12:24:00,3.6
2025-06-12 18:10:00,92.6
2025-06-12 05:58:00,24.2
2025-06-12 02:00:00,34.7
2025-06-12 21:52:00,48.9
2025-06-12 15:22:00,72.1
2025-06-12 19:45:00,16.0
2025-06-12 16:22:00,2.1
2025-06-12 07:57:00,64.3
2025-06-12 06:41:00,67.4
2025-06-12 08:05:00,78.1
2025-06-12 09:01:00,50.21640523646657
2025-06-12 12:46:00,54.4
2025-06-12 15:30:00,11.4
2025-06-12 12:40:00,50.21640523646657
2025-06-12 18:08:00,85.2
2025-06-12 01:37:00,46.6
2025-06-12 22:53:00,50.21640523646657
2025-06-12 18:21:00,14.1
2025-06-12 03:35:00,60.1
2025-06-12 09:02:00,18.6
2025-06-12 01:35:00,70.8
2025-06-12 02:52:00,5.4
2025-06-12 23:19:00,31.5
2025-06-12 20:59:00,58.1
2025-06-12 19:36:00,42.8
2025-06-12 01:07:00,46.9
2025-06-12 17:24:00,3.7
2025-06-12 10:31:00,9.8
2025-06-12 05:02:00,98.3
2025-06-12 21:49:00,12.0
2025-06-12 15:29:00,81.3
2025-06-12 09:02:00,67.2
2025-06-12 16:17:00,36.6
2025-06-12 03:24:00,97.6
2025-06-12 07:16:00,22.4
2025-06-12 14:34:00,31.6
2025-06-12 19:01:00,50.21640523646657
2025-06-12 21:21:00,76.2
2025-06-12 06:46:00,36.6
2025-06-12 15:10:00,4.5
2025-06-12 15:59:00,63.9
2025-06-12 13:19:00,41.1
2025-06-12 13:41:00,40.1
2025-06-12 07:09:00,50.21640523646657
2025-06-12 03:56:00,90.4
2025-06-12 02:45:00,99.2
2025-06-12 07:46:00,50.21640523646657
2025-06-12 08:29:00,50.21640523646657
2025-06-12 23:08:00,78.6
2025-06-12 16:09:00,85.4
2025-06-12 11:16:00,32.4
2025-06-12 04:48:00,50.21640523646657
2025-06-12 23:32:00,34.1
2025-06-12 09:48:00,28.0
2025-06-12 03:21:00,55.7
2025-06-12 04:25:00,50.21640523646657
2025-06-12 07:03:00,93.4
2025-06-12 21:22:00,86.8
2025-06-12 09:13:00,96.3
2025-06-12 16:56:00,30.3
2025-06-12 21:59:00,19.1
2025-06-12 22:09:00,50.21640523646657
2025-06-12 22:23:00,77.9
2025-06-12 12:06:00,50.21640523646657
2025-06-12 07:28:00,25.0
2025-06-12 13:52:00,80.2
2025-06-12 00:52:00,32.2
2025-06-12 22:42:00,54.1
2025-06-12 17:20:00,3.4
2025-06-12 17:56:00,51.7
2025-06-12 08:12:00,50.21640523646657
2025-06-12 21:15:00,91.0
2025-06-12 09:52:00,19.6
2025-06-12 23:41:00,50.9
2025-06-12 05:10:00,87.8
2025-06-12 00:44:00,50.21640523646657
2025-06-12 19:50:00,51.2
2025-06-12 12:48:00,60.1
2025-06-12 11:56:00,34.5
2025-06-12 12:01:00,70.1
2025-06-12 20:51:00,54.3
2025-06-12 08:59:00,61.1
2025-06-12 20:46:00,71.7
2025-06-12 14:13:00,46.5
2025-06-12 14:25:00,61.0
2025-06-12 17:22:00,92.7
2025-06-12 09:33:00,81.4
2025-06-12 17:53:00,76.0
2025-06-12 17:39:00,92.6
2025-06-12 20:24:00,40.5
2025-06-12 19:59:00,79.2
2025-06-12 23:42:00,45.0
2025-06-12 18:16:00,17.0
2025-06-12 01:52:00,42.6
2025-06-12 10:23:00,42.7
2025-06-12 06:23:00,21.0
2025-06-12 06:12:00,56.1
2025-06-12 19:51:00,50.21640523646657
2025-06-12 22:44:00,50.21640523646657
2025-06-12 04:33:00,46.2
2025-06-12 18:47:00,91.5
2025-06-12 23:52:00,34.9
2025-06-12 00:35:00,90.2
2025-06-12 16:24:00,28.1
2025-06-12 02:56:00,22.1
2025-06-12 01:47:00,13.3
2025-06-12 16:37:00,90.4
2025-06-12 13:33:00,50.21640523646657
2025-06-12 01:26:00,92.2
2025-06-12 10:01:00,66.6
2025-06-12 18:56:00,4.9
2025-06-12 18:38:00,62.5
2025-06-12 09:55:00,63.3
2025-06-12 01:20:00,2.0
2025-06-12 10:11:00,39.0
2025-06-12 13:39:00,50.21640523646657
2025-06-12 00:40:00,14.7
2025-06-12 15:27:00,56.6
2025-06-12 09:48:00,10.6
2025-06-12 22:00:00,66.8
2025-06-12 09:36:00,92.5
2025-06-12 02:40:00,22.3
2025-06-12 00:35:00,50.21640523646657
2025-06-12 06:49:00,61.0
2025-06-12 11:17:00,59.7
2025-06-12 23:18:00,32.0
2025-06-12 18:42:00,3.4
2025-06-12 09:45:00,63.7
2025-06-12 21:31:00,8.0
2025-06-12 02:22:00,90.9
2025-06-12 15:16:00,49.70408187272085
2025-06-12 21:16:00,98.2
2025-06-12 14:06:00,93.2
2025-06-12 08:28:00,77.3
2025-06-12 04:54:00,31.3
2025-06-12 02:49:00,19.7
2025-06-12 02:08:00,49.70408187272085
2025-06-12 00:32:00,22.6
2025-06-12 04:47:00,80.3
2025-06-12 13:18:00,44.9
2025-06-12 15:06:00,79.1
2025-06-12 04:15:00,66.0
2025-06-12 23:13:00,72.8
2025-06-12 05:30:00,94.4
2025-06-12 13:56:00,80.3
2025-06-12 17:18:00,57.9
2025-06-12 10:58:00,56.4
2025-06-12 21:31:00,23.9
2025-06-12 06:52:00,49.70408187272085
2025-06-12 16:32:00,49.9
2025-06-12 22:23:00,97.5
2025-06-12 19:41:00,55.6
2025-06-12 21:41:00,49.70408187272085
2025-06-12 10:55:00,3.9
2025-06-12 14:40:00,46.0
2025-06-12 18:35:00,8.8
2025-06-12 14:10:00,77.6
2025-06-12 20:28:00,58.3
2025-06-12 11:02:00,72.7
2025-06-12 03:31:00,64.3
2025-06-12 07:37:00,49.70408187272085
2025-06-12 23:02:00,10.4
2025-06-12 08:04:00,75.1
2025-06-12 10:51:00,70.3
2025-06-12 21:18:00,9.5
2025-06-12 15:48:00,60.5
2025-06-12 10:26:00,49.70408187272085
2025-06-12 19:24:00,97.1
2025-06-12 20:58:00,49.70408187272085
2025-06-12 21:56:00,43.9
2025-06-12 20:21:00,32.1
2025-06-12 03:42:00,31.1
2025-06-12 15:10:00,29.0
2025-06-12 21:22:00,32.2
2025-06-12 03:06:00,49.70408187272085
2025-06-12 04:00:00,4.4
2025-06-12 08:37:00,20.5
2025-06-12 12:57:00,51.7
2025-06-12 19:53:00,24.5
2025-06-12 03:50:00,56.0
2025-06-12 04:56:00,9.8
2025-06-12 20:28:00,15.0
2025-06-12 05:53:00,76.7
2025-06-12 19:29:00,49.3
2025-06-12 16:24:00,82.9
2025-06-12 09:39:00,92.2
2025-06-12 10:41:00,49.70408187272085
2025-06-12 07:37:00,58.2
2025-06-12 05:19:00,46.1
2025-06-12 19:59:00,78.5
2025-06-12 14:12:00,49.70408187272085
2025-06-12 14:16:00,78.4
2025-06-12 02:40:00,49.70408187272085
2025-06-12 00:46:00,56.2
2025-06-12 22:31:00,96.1
2025-06-12 05:08:00,19.7
2025-06-12 04:01:00,14.7
2025-06-12 15:30:00,36.8
2025-06-12 02:38:00,55.1
2025-06-12 20:17:00,96.1
2025-06-12 02:59:00,86.0
2025-06-12 09:46:00,94.7
2025-06-12 14:22:00,46.8
2025-06-12 01:07:00,50.0
2025-06-12 00:37:00,49.70408187272085
2025-06-12 12:53:00,10.3
2025-06-12 23:46:00,47.9
2025-06-12 13:05:00,0.6
2025-06-12 18:19:00,35.1
2025-06-12 04:57:00,22.2
2025-06-12 04:31:00,42.4
2025-06-12 20:25:00,73.7
2025-06-12 23:05:00,89.1
2025-06-12 07:12:00,71.3
2025-06-12 03:20:00,43.0
2025-06-12 22:31:00,44.3
2025-06-12 18:00:00,91.4
2025-06-12 22:17:00,58.8
2025-06-12 14:43:00,49.70408187272085
2025-06-12 23:40:00,26.7
2025-06-12 05:54:00,8.3
2025-06-12 03:24:00,64.3
2025-06-12 17:29:00,49.70408187272085
2025-06-12 12:54:00,64.8
2025-06-12 13:22:00,49.70408187272085
2025-06-12 21:49:00,64.6
2025-06-12 06:05:00,65.6
2025-06-12 03:29:00,49.70408187272085
2025-06-12 23:21:00,49.70408187272085
2025-06-12 05:05:00,81.4
2025-06-12 23:25:00,27.7
2025-06-12 13:52:00,35.1
2025-06-12 06:40:00,61.2
2025-06-12 21:51:00,56.7
2025-06-12 17:22:00,47.0
2025-06-12 13:36:00,31.3
2025-06-12 21:29:00,28.8
2025-06-12 20:36:00,48.0
2025-06-12 12:16:00,3.0
2025-06-12 21:08:00,78.2
2025-06-12 12:50:00,81.0
2025-06-12 14:27:00,97.6
2025-06-12 04:40:00,77.5
2025-06-12 13:33:00,54.3
2025-06-12 20:07:00,17.5
2025-06-12 03:31:00,82.0
2025-06-12 18:42:00,46.0
2025-06-12 16:37:00,72.9
2025-06-12 18:32:00,88.4
2025-06-12 20:13:00,49.70408187272085
2025-06-12 00:56:00,0.5
2025-06-12 07:39:00,35.1
2025-06-12 03:16:00,56.8
2025-06-12 12:10:00,90.3
2025-06-12 22:56:00,49.70408187272085
2025-06-12 03:47:00,49.70408187272085
2025-06-12 20:01:00,23.8
2025-06-12 19:13:00,87.9
2025-06-12 06:41:00,49.70408187272085
2025-06-12 03:26:00,67.9
2025-06-12 22:48:00,50.6
2025-06-12 15:32:00,61.3
2025-06-12 21:16:00,65.8
2025-06-12 08:15:00,74.5
2025-06-12 21:54:00,19.6
2025-06-12 04:14:00,91.0
2025-06-12 21:58:00,49.70408187272085
2025-06-12 23:35:00,49.70408187272085
2025-06-12 20:16:00,12.5
2025-06-12 03:59:00,19.3
2025-06-12 08:26:00,49.70408187272085
2025-06-12 03:12:00,47.3
2025-06-12 14:11:00,61.5
2025-06-12 13:04:00,5.3
2025-06-12 22:33:00,50.6
2025-06-12 01:05:00,82.6
2025-06-12 09:04:00,66.8
2025-06-12 12:52:00,49.70408187272085
2025-06-12 18:16:00,47.9
2025-06-12 03:44:00,63.8
2025-06-12 13:35:00,34.9
2025-06-12 15:23:00,86.2
2025-06-12 15:27:00,41.1
2025-06-12 02:03:00,0.8
2025-06-12 07:09:00,56.8
2025-06-12 10:09:00,31.1
2025-06-12 10:18:00,50.3
2025-06-12 06:21:00,96.0
2025-06-12 15:06:00,79.8
2025-06-12 19:23:00,43.7
2025-06-12 12:57:00,97.7
2025-06-12 06:40:00,49.70408187272085
2025-06-12 15:29:00,49.70408187272085
2025-06-12 00:45:00,49.70408187272085
2025-06-12 04:48:00,24.9
2025-06-12 07:44:00,9.7
2025-06-12 05:52:00,31.8
2025-06-12 23:14:00,2.6
2025-06-12 04:24:00,49.70408187272085
2025-06-12 05:18:00,54.7
2025-06-12 05:07:00,76.4
2025-06-12 03:37:00,49.6
2025-06-12 13:47:00,63.6
2025-06-12 18:36:00,67.8
2025-06-12 06:29:00,56.0
2025-06-12 04:06:00,91.1
2025-06-12 03:49:00,61.9
2025-06-12 17:36:00,18.7
2025-06-12 00:59:00,77.3
2025-06-12 11:20:00,58.7
2025-06-12 07:11:00,29.1
2025-06-12 06:04:00,56.9
2025-06-12 22:18:00,13.5
2025-06-12 22:26:00,24.6
2025-06-12 01:58:00,49.70408187272085
2025-06-12 03:51:00,34.0
2025-06-12 22:44:00,2.6
2025-06-12 23:52:00,20.7
2025-06-12 05:09:00,1.9
2025-06-12 12:44:00,82.4
2025-06-12 01:53:00,10.7
2025-06-12 04:23:00,49.70408187272085
2025-06-12 05:33:00,61.2
2025-06-12 13:14:00,3.2
2025-06-12 22:50:00,49.70408187272085
2025-06-12 06:23:00,90.1
2025-06-12 07:21:00,4.5
2025-06-12 11:15:00,49.70408187272085
2025-06-12 20:48:00,19.9
2025-06-12 19:43:00,49.70408187272085
2025-06-12 07:50:00,25.2
2025-06-12 17:39:00,27.3
2025-06-12 10:51:00,97.9
2025-06-12 06:22:00,16.6
2025-06-12 17:21:00,39.7
2025-06-12 06:31:00,34.8
2025-06-12 08:57:00,87.2
2025-06-12 20:20:00,49.70408187272085
2025-06-12 07:09:00,54.9
2025-06-12 14:58:00,37.2
2025-06-12 16:14:00,34.2
2025-06-12 09:07:00,6.8
2025-06-12 06:59:00,88.6
2025-06-12 01:45:00,49.70408187272085
2025-06-12 17:25:00,33.1
2025-06-12 06:12:00,49.70408187272085
2025-06-12 12:40:00,70.5
2025-06-12 03:24:00,40.3
2025-06-12 17:17:00,85.6
2025-06-12 18:51:00,13.3
2025-06-12 08:29:00,49.70408187272085
2025-06-12 08:16:00,26.0
2025-06-12 18:38:00,8.8
2025-06-12 12:34:00,42.8
2025-06-12 11:57:00,73.4
2025-06-12 10:21:00,60.0
2025-06-12 01:20:00,28.4
2025-06-12 00:03:00,89.4
2025-06-12 03:35:00,76.9
2025-06-12 18:15:00,58.6
2025-06-12 20:59:00,59.1
2025-06-12 17:52:00,22.7
2025-06-12 18:47:00,7.3
2025-06-12 02:54:00,33.2
2025-06-12 13:22:00,34.8
2025-06-12 17:04:00,28.8
2025-06-12 17:43:00,49.70408187272085
2025-06-12 23:36:00,64.3
2025-06-12 05:14:00,14.8
2025-06-12 00:12:00,35.8
2025-06-12 00:14:00,49.70408187272085
2025-06-12 01:50:00,18.1
2025-06-12 03:25:00,19.0
2025-06-12 15:55:00,6.2
2025-06-12 11:51:00,10.1
2025-06-12 13:17:00,47.4
2025-06-12 04:35:00,53.5
2025-06-12 19:24:00,27.7
2025-06-12 01:48:00,83.2
2025-06-12 11:44:00,16.9
2025-06-12 03:37:00,15.9
2025-06-12 22:38:00,2.4
2025-06-12 21:16:00,35.1
2025-06-12 12:00:00,27.3
2025-06-12 06:03:00,75.6
2025-06-12 19:15:00,49.70408187272085
2025-06-12 01:10:00,49.70408187272085
2025-06-12 16:01:00,13.1
2025-06-12 10:06:00,22.5
2025-06-12 23:13:00,6.7
2025-06-12 13:29:00,40.6
2025-06-12 04:28:00,3.8
2025-06-12 17:45:00,51.3
2025-06-12 14:57:00,26.1
2025-06-12 21:26:00,7.9
2025-06-12 07:41:00,49.70408187272085
2025-06-12 16:38:00,79.6
2025-06-12 03:23:00,49.70408187272085
2025-06-12 15:30:00,37.3
2025-06-12 15:34:00,4.9
2025-06-12 02:13:00,73.2
2025-06-12 20:25:00,12.2
2025-06-12 18:25:00,0.2
2025-06-12 18:58:00,15.7
2025-06-12 07:09:00,86.5
2025-06-12 09:55:00,85.3
2025-06-12 00:30:00,33.3
2025-06-12 04:43:00,55.9
2025-06-12 16:26:00,68.9
2025-06-12 12:36:00,87.1
2025-06-12 16:55:00,92.2
2025-06-12 22:08:00,92.3
2025-06-12 08:08:00,15.3
2025-06-12 06:01:00,94.4
2025-06-12 12:36:00,23.9
2025-06-12 08:19:00,55.7
2025-06-12 18:43:00,69.1
2025-06-12 08:56:00,84.0
2025-06-12 08:48:00,91.0
2025-06-12 08:56:00,78.3
2025-06-12 04:37:00,1.6
2025-06-12 04:30:00,55.7
2025-06-12 12:54:00,83.6
2025-06-12 01:17:00,49.70408187272085
2025-06-12 06:57:00,88.9
2025-06-12 16:36:00,8.8
2025-06-12 00:40:00,56.4
2025-06-12 16:35:00,13.9
2025-06-12 22:21:00,23.8
2025-06-12 22:35:00,14.9
2025-06-12 04:51:00,39.6
2025-06-12 14:04:00,49.3
2025-06-12 16:16:00,49.70408187272085
2025-06-12 04:24:00,34.9
2025-06-12 16:54:00,59.6
2025-06-12 17:31:00,4.2
2025-06-12 02:50:00,9.9
2025-06-12 13:39:00,49.70408187272085
2025-06-12 14:14:00,4.8
2025-06-12 08:32:00,59.4
2025-06-12 13:56:00,49.70408187272085
2025-06-12 03:14:00,58.1
2025-06-12 08:57:00,95.6
2025-06-12 17:35:00,50.4
2025-06-12 22:42:00,15.6
2025-06-12 18:37:00,6.2
2025-06-12 20:34:00,59.0
2025-06-12 22:40:00,38.4
2025-06-12 14:18:00,58.7
2025-06-12 08:41:00,85.8
2025-06-12 00:35:00,85.6
2025-06-12 09:40:00,15.3
2025-06-12 23:08:00,14.1
2025-06-12 07:05:00,32.2
2025-06-12 15:41:00,98.8
2025-06-12 22:03:00,62.3
2025-06-12 02:46:00,50.1110094970102
2025-06-12 16:43:00,50.1110094970102
2025-06-12 13:37:00,64.2
2025-06-12 19:28:00,50.1110094970102
2025-06-12 15:35:00,77.9
2025-06-12 08:56:00,83.3
2025-06-12 02:19:00,67.8
2025-06-12 01:07:00,17.3
2025-06-12 13:45:00,73.5
2025-06-12 09:56:00,85.6
2025-06-12 19:25:00,82.4
2025-06-12 04:16:00,24.0
2025-06-12 09:21:00,68.8
2025-06-12 19:13:00,9.4
2025-06-12 06:48:00,47.8
2025-06-12 09:04:00,50.1110094970102
2025-06-12 23:47:00,99.5
2025-06-12 09:07:00,52.3
2025-06-12 17:24:00,94.4
2025-06-12 14:16:00,81.0
2025-06-12 23:47:00,17.9
2025-06-12 02:12:00,19.3
2025-06-12 19:54:00,3.5
2025-06-12 21:21:00,32.3
2025-06-12 07:37:00,50.1110094970102
2025-06-12 16:17:00,16.4
2025-06-12 11:11:00,68.0
2025-06-12 13:36:00,58.4
2025-06-12 22:42:00,92.1
2025-06-12 02:16:00,1.6
2025-06-12 09:53:00,80.8
2025-06-12 09:29:00,27.4
2025-06-12 21:54:00,99.2
2025-06-12 08:02:00,93.1
2025-06-12 01:53:00,94.2
2025-06-12 04:57:00,50.1110094970102
2025-06-12 14:47:00,50.1110094970102
2025-06-12 03:47:00,25.6
2025-06-12 10:31:00,87.9
2025-06-12 08:23:00,50.1110094970102
2025-06-12 21:32:00,47.1
2025-06-12 06:53:00,35.8
2025-06-12 08:58:00,40.1
2025-06-12 03:44:00,50.1110094970102
2025-06-12 23:22:00,41.0
2025-06-12 00:38:00,21.1
2025-06-12 20:53:00,99.1
2025-06-12 05:31:00,50.1110094970102
2025-06-12 04:04:00,34.8
2025-06-12 12:30:00,61.3
2025-06-12 08:53:00,35.0
2025-06-12 12:54:00,78.8
2025-06-12 12:06:00,18.2
2025-06-12 10:09:00,94.1
2025-06-12 16:31:00,12.2
2025-06-12 18:42:00,50.1110094970102
2025-06-12 01:47:00,50.1110094970102
2025-06-12 03:49:00,58.0
2025-06-12 19:31:00,59.0
2025-06-12 15:03:00,52.4
2025-06-12 20:19:00,86.4
2025-06-12 18:16:00,15.5
2025-06-12 12:29:00,4.5
2025-06-12 13:06:00,35.3
2025-06-12 23:02:00,50.1110094970102
2025-06-12 19:48:00,81.9
2025-06-12 14:39:00,92.1
2025-06-12 00:37:00,41.0
2025-06-12 00:40:00,41.6
2025-06-12 16:30:00,33.7
2025-06-12 06:06:00,50.1110094970102
2025-06-12 16:07:00,37.1
2025-06-12 19:54:00,97.9
2025-06-12 15:55:00,21.8
2025-06-12 01:40:00,60.2
2025-06-12 18:41:00,74.0
2025-06-12 14:30:00,30.1
2025-06-12 12:43:00,50.1110094970102
2025-06-12 09:57:00,24.0
2025-06-12 11:00:00,26.0
2025-06-12 11:12:00,50.1110094970102
2025-06-12 02:37:00,78.5
2025-06-12 08:51:00,23.8
2025-06-12 14:35:00,93.8
2025-06-12 12:24:00,75.4
2025-06-12 06:34:00,62.4
2025-06-12 14:09:00,79.6
2025-06-12 10:31:00,27.0
2025-06-12 23:13:00,50.1110094970102
2025-06-12 12:49:00,61.8
2025-06-12 07:05:00,81.2
2025-06-12 13:04:00,85.7
2025-06-12 23:59:00,31.5
2025-06-12 00:11:00,95.6
2025-06-12 12:24:00,70.7
2025-06-12 01:39:00,17.6
2025-06-12 01:10:00,14.7
2025-06-12 10:59:00,50.1110094970102
2025-06-12 09:08:00,74.0
2025-06-12 10:00:00,10.8
2025-06-12 10:14:00,17.9
2025-06-12 04:32:00,27.9
2025-06-12 09:02:00,81.6
2025-06-12 14:32:00,69.2
2025-06-12 08:59:00,60.8
2025-06-12 11:51:00,52.7
2025-06-12 09:41:00,76.2
2025-06-12 00:03:00,21.9
2025-06-12 05:02:00,11.0
2025-06-12 19:12:00,93.4
2025-06-12 14:04:00,50.1110094970102
2025-06-12 15:59:00,21.8
2025-06-12 09:24:00,84.0
2025-06-12 11:33:00,84.7
2025-06-12 03:46:00,62.5
2025-06-12 11:42:00,99.8
2025-06-12 00:13:00,13.4
2025-06-12 17:47:00,14.9
2025-06-12 11:52:00,29.7
2025-06-12 12:57:00,78.3
2025-06-12 15:18:00,94.4
2025-06-12 23:26:00,6.2
2025-06-12 07:08:00,90.3
2025-06-12 14:10:00,93.0
2025-06-12 13:55:00,31.4
2025-06-12 16:43:00,26.2
2025-06-12 17:46:00,15.6
2025-06-12 11:39:00,50.1110094970102
2025-06-12 02:20:00,3.3
2025-06-12 02:31:00,81.9
2025-06-12 21:11:00,36.5
2025-06-12 07:43:00,69.8
2025-06-12 12:05:00,44.1
2025-06-12 15:21:00,15.8
2025-06-12 23:09:00,7.3
2025-06-12 12:19:00,77.2
2025-06-12 21:56:00,59.1
2025-06-12 09:41:00,24.7
2025-06-12 08:23:00,2.2
2025-06-12 14:06:00,88.3
2025-06-12 02:39:00,0.4
2025-06-12 08:07:00,77.3
2025-06-12 23:13:00,50.1110094970102
2025-06-12 01:31:00,50.1110094970102
2025-06-12 00:56:00,35.7
2025-06-12 09:17:00,50.1110094970102
2025-06-12 08:20:00,70.5
2025-06-12 18:28:00,40.9
2025-06-12 11:48:00,21.3
2025-06-12 23:37:00,35.1
2025-06-12 10:09:00,4.8
2025-06-12 18:41:00,46.0
2025-06-12 20:36:00,1.8
2025-06-12 14:52:00,50.1110094970102
2025-06-12 14:39:00,16.3
2025-06-12 20:46:00,61.0
2025-06-12 08:51:00,81.0
2025-06-12 09:03:00,68.8
2025-06-12 12:01:00,54.3
2025-06-12 01:43:00,38.1
2025-06-12 06:30:00,58.9
2025-06-12 03:46:00,35.4
2025-06-12 00:29:00,50.1110094970102
2025-06-12 09:28:00,83.0
2025-06-12 07:42:00,50.1110094970102
2025-06-12 23:11:00,41.1
2025-06-12 23:39:00,77.4
2025-06-12 12:58:00,76.5
2025-06-12 01:28:00,63.3
2025-06-12 23:29:00,50.1110094970102
2025-06-12 23:15:00,74.0
2025-06-12 11:53:00,31.4
2025-06-12 02:01:00,10.2
2025-06-12 04:13:00,69.4
2025-06-12 01:27:00,73.9
2025-06-12 03:29:00,50.4
2025-06-12 21:04:00,25.0
2025-06-12 22:20:00,14.8
2025-06-12 08:41:00,66.5
2025-06-12 05:51:00,94.7
2025-06-12 05:28:00,40.7
2025-06-12 12:03:00,47.4
2025-06-12 12:08:00,21.9
2025-06-12 18:18:00,93.8
2025-06-12 21:54:00,21.9
2025-06-12 21:46:00,74.8
2025-06-12 13:54:00,22.4
2025-06-12 15:56:00,25.8
2025-06-12 00:29:00,54.1
2025-06-12 06:43:00,50.1110094970102
2025-06-12 10:19:00,40.9
2025-06-12 21:26:00,38.4
2025-06-12 00:11:00,5.3
2025-06-12 15:49:00,50.1110094970102
2025-06-12 03:42:00,70.7
2025-06-12 11:13:00,21.1
2025-06-12 16:45:00,39.4
2025-06-12 14:38:00,70.1
2025-06-12 15:34:00,62.8
2025-06-12 10:21:00,49.3
2025-06-12 07:24:00,48.1
2025-06-12 23:40:00,62.2
2025-06-12 08:18:00,67.8
2025-06-12 08:43:00,4.5
2025-06-12 03:05:00,45.3
2025-06-12 00:44:00,7.6
2025-06-12 03:37:00,42.2
2025-06-12 22:26:00,97.4
2025-06-12 10:18:00,66.8
2025-06-12 22:13:00,27.9
2025-06-12 23:28:00,28.0
2025-06-12 04:56:00,19.1
2025-06-12 16:21:00,14.5
2025-06-12 23:36:00,50.1110094970102
2025-06-12 16:06:00,40.5
2025-06-12 06:48:00,74.7
2025-06-12 08:19:00,24.5
2025-06-12 02:21:00,0.4
2025-06-12 10:10:00,94.4
2025-06-12 23:53:00,29.2
2025-06-12 18:20:00,61.5
2025-06-12 12:48:00,79.4
2025-06-12 15:12:00,50.1110094970102
2025-06-12 21:42:00,15.8
2025-06-12 03:32:00,97.4
2025-06-12 00:23:00,72.6
2025-06-12 13:12:00,4.7
2025-06-12 23:59:00,45.7
2025-06-12 06:12:00,11.5
2025-06-12 03:31:00,86.8
2025-06-12 11:15:00,94.7
2025-06-12 09:23:00,81.0
2025-06-12 10:38:00,69.1
2025-06-12 11:46:00,50.1110094970102
2025-06-12 05:51:00,92.4
2025-06-12 12:43:00,2.9
2025-06-12 10:13:00,73.9
2025-06-12 05:50:00,17.4
2025-06-12 14:57:00,50.1110094970102
2025-06-12 14:36:00,16.7
2025-06-12 17:58:00,46.3
2025-06-12 09:11:00,50.1110094970102
2025-06-12 12:20:00,17.7
2025-06-12 09:22:00,26.2
2025-06-12 14:50:00,42.8
2025-06-12 10:19:00,68.9
2025-06-12 04:54:00,38.5
2025-06-12 14:58:00,37.0
2025-06-12 16:47:00,69.4
2025-06-12 17:02:00,50.1110094970102
2025-06-12 20:00:00,47.9
2025-06-12 13:38:00,50.1110094970102
2025-06-12 14:28:00,71.0
2025-06-12 02:47:00,40.6
2025-06-12 16:34:00,6.7
2025-06-12 19:07:00,50.1110094970102
2025-06-12 23:03:00,12.0
2025-06-12 08:08:00,18.6
2025-06-12 11:59:00,86.4
2025-06-12 16:20:00,81.3
2025-06-12 17:34:00,50.1110094970102
2025-06-12 10:08:00,48.0
2025-06-12 00:21:00,97.4
2025-06-12 06:25:00,13.2
2025-06-12 19:24:00,71.0
2025-06-12 13:44:00,28.2
2025-06-12 04:48:00,64.7
2025-06-12 11:39:00,90.5
2025-06-12 22:47:00,49.0
2025-06-12 16:32:00,50.1110094970102
2025-06-12 02:18:00,32.5
2025-06-12 16:22:00,40.8
2025-06-12 02:18:00,28.2
2025-06-12 18:47:00,19.2
2025-06-12 12:25:00,50.1110094970102
2025-06-12 03:56:00,2.5
2025-06-12 06:39:00,50.1110094970102
2025-06-12 21:12:00,89.1
2025-06-12 23:08:00,80.3
2025-06-12 14:59:00,46.9
2025-06-12 04:12:00,50.1110094970102
2025-06-12 09:37:00,51.2
2025-06-12 20:49:00,40.7
2025-06-12 05:10:00,47.5
2025-06-12 21:51:00,50.1110094970102
2025-06-12 22:58:00,20.8
2025-06-12 23:00:00,50.0
2025-06-12 01:41:00,51.8
2025-06-12 17:26:00,99.8
2025-06-12 15:17:00,1.1
2025-06-12 23:22:00,50.1110094970102
2025-06-12 09:39:00,41.8
2025-06-12 10:50:00,36.2
2025-06-12 16:44:00,87.4
2025-06-12 18:01:00,82.9
2025-06-12 05:33:00,34.5
2025-06-12 02:53:00,99.5
2025-06-12 17:40:00,7.6
2025-06-12 16:58:00,61.5
2025-06-12 06:40:00,50.1110094970102
2025-06-12 05:59:00,12.2
2025-06-12 00:53:00,88.9
2025-06-12 02:33:00,64.0
2025-06-12 01:19:00,0.9
2025-06-12 20:21:00,97.0
2025-06-12 15:40:00,55.7
2025-06-12 11:50:00,50.1110094970102
2025-06-12 02:59:00,86.5
2025-06-12 17:58:00,84.8
2025-06-12 05:10:00,1.0
2025-06-12 11:58:00,65.1
2025-06-12 12:41:00,50.1110094970102
2025-06-12 20:51:00,19.6
2025-06-12 11:33:00,20.1
2025-06-12 01:49:00,36.8
2025-06-12 16:10:00,7.8
2025-06-12 20:55:00,37.4
2025-06-12 01:52:00,4.5
2025-06-12 18:41:00,7.4
2025-06-12 18:31:00,50.1110094970102
2025-06-12 15:45:00,50.1110094970102
2025-06-12 01:37:00,50.1110094970102
2025-06-12 19:54:00,82.7
2025-06-12 19:41:00,10.2
2025-06-12 06:07:00,47.1
2025-06-12 01:02:00,69.4
2025-06-12 09:17:00,50.1110094970102
2025-06-12 01:46:00,16.4
2025-06-12 00:27:00,18.4
2025-06-12 04:11:00,9.7
2025-06-12 18:01:00,61.1
2025-06-12 05:18:00,31.3
2025-06-12 02:31:00,64.7
2025-06-12 05:26:00,94.9
2025-06-12 22:34:00,50.1110094970102
2025-06-12 07:19:00,50.1110094970102
2025-06-12 17:23:00,20.6
2025-06-12 17:10:00,11.9
2025-06-12 15:40:00,63.2
2025-06-12 13:55:00,50.1110094970102
2025-06-12 17:10:00,37.4
2025-06-12 08:43:00,6.5
2025-06-12 16:45:00,4.8
2025-06-12 04:00:00,9.4
2025-06-12 16:44:00,12.5
2025-06-12 00:56:00,32.0
2025-06-12 12:35:00,64.1
2025-06-12 20:15:00,87.9
2025-06-12 16:48:00,38.2
2025-06-12 20:16:00,27.5
2025-06-12 21:46:00,50.26990393626991
2025-06-12 16:14:00,28.0
2025-06-12 14:38:00,50.26990393626991
2025-06-12 23:20:00,83.9
2025-06-12 10:55:00,50.26990393626991
2025-06-12 16:42:00,59.8
2025-06-12 17:20:00,40.5
2025-06-12 10:11:00,6.6
2025-06-12 21:07:00,0.1
2025-06-12 08:32:00,29.0
2025-06-12 22:31:00,76.5
2025-06-12 14:44:00,51.3
2025-06-12 05:01:00,50.26990393626991
2025-06-12 03:38:00,50.26990393626991
2025-06-12 17:44:00,50.26990393626991
2025-06-12 05:23:00,65.1
2025-06-12 01:04:00,72.9
2025-06-12 11:54:00,29.2
2025-06-12 05:59:00,71.5
2025-06-12 22:59:00,10.8
2025-06-12 02:00:00,60.8
2025-06-12 14:06:00,11.1
2025-06-12 00:54:00,50.26990393626991
2025-06-12 20:54:00,16.6
2025-06-12 09:32:00,35.5
2025-06-12 13:03:00,30.5
2025-06-12 22:34:00,22.3
2025-06-12 00:38:00,24.8
2025-06-12 06:27:00,9.5
2025-06-12 20:16:00,4.9
2025-06-12 02:54:00,50.26990393626991
2025-06-12 03:22:00,24.2
2025-06-12 01:47:00,69.0
2025-06-12 06:12:00,25.1
2025-06-12 05:45:00,50.26990393626991
2025-06-12 14:42:00,95.5
2025-06-12 22:11:00,46.3
2025-06-12 16:38:00,10.6
2025-06-12 20:24:00,66.0
2025-06-12 13:35:00,1.7
2025-06-12 16:14:00,48.0
2025-06-12 11:41:00,30.1
2025-06-12 09:51:00,19.9
2025-06-12 17:05:00,6.4
2025-06-12 01:55:00,32.4
2025-06-12 00:55:00,49.6
2025-06-12 08:35:00,1.4
2025-06-12 12:12:00,68.0
2025-06-12 00:36:00,79.9
2025-06-12 05:23:00,33.9
2025-06-12 20:43:00,23.5
2025-06-12 10:30:00,29.9
2025-06-12 06:54:00,21.0
2025-06-12 02:33:00,80.0
2025-06-12 20:31:00,21.0
2025-06-12 09:55:00,83.0
2025-06-12 12:10:00,73.8
2025-06-12 04:49:00,50.26990393626991
2025-06-12 20:02:00,25.7
2025-06-12 22:04:00,50.26990393626991
2025-06-12 12:38:00,18.0
2025-06-12 12:53:00,98.0
2025-06-12 07:12:00,96.1
2025-06-12 17:47:00,7.9
2025-06-12 23:04:00,49.0
2025-06-12 07:00:00,57.5
2025-06-12 01:36:00,68.2
2025-06-12 09:43:00,50.26990393626991
2025-06-12 08:45:00,50.26990393626991
2025-06-12 11:11:00,72.2
2025-06-12 06:44:00,22.4
2025-06-12 12:28:00,92.9
2025-06-12 00:08:00,20.0
2025-06-12 20:11:00,16.6
2025-06-12 14:06:00,22.6
2025-06-12 17:45:00,88.5
2025-06-12 11:21:00,52.1
2025-06-12 09:18:00,8.0
2025-06-12 16:55:00,63.9
2025-06-12 04:41:00,2.8
2025-06-12 03:07:00,50.26990393626991
2025-06-12 18:10:00,7.4
2025-06-12 09:04:00,21.1
2025-06-12 19:56:00,70.5
2025-06-12 16:55:00,20.5
2025-06-12 06:46:00,85.2
2025-06-12 10:34:00,50.26990393626991
2025-06-12 03:26:00,63.0
2025-06-12 15:24:00,62.0
2025-06-12 05:59:00,38.3
2025-06-12 21:16:00,96.9
2025-06-12 17:41:00,96.7
2025-06-12 21:45:00,73.8
2025-06-12 22:25:00,33.4
2025-06-12 14:29:00,82.9
2025-06-12 21:11:00,8.5
2025-06-12 10:48:00,57.1
2025-06-12 12:15:00,95.4
2025-06-12 21:27:00,50.26990393626991
2025-06-12 15:02:00,5.8
2025-06-12 04:19:00,18.8
2025-06-12 08:41:00,98.6
2025-06-12 11:53:00,27.6
2025-06-12 11:50:00,94.7
2025-06-12 08:09:00,82.6
2025-06-12 00:53:00,21.7
2025-06-12 18:22:00,78.2
2025-06-12 21:13:00,50.26990393626991
2025-06-12 00:30:00,50.26990393626991
2025-06-12 06:53:00,65.3
2025-06-12 00:32:00,65.5
2025-06-12 13:09:00,69.8
2025-06-12 10:03:00,62.0
2025-06-12 05:32:00,41.5
2025-06-12 15:28:00,50.6
2025-06-12 14:37:00,13.2
2025-06-12 06:22:00,61.8
2025-06-12 08:10:00,49.3
2025-06-12 14:49:00,49.0
2025-06-12 05:28:00,50.26990393626991
2025-06-12 14:21:00,23.4
2025-06-12 11:17:00,65.2
2025-06-12 04:15:00,8.4
2025-06-12 10:57:00,6.0
2025-06-12 12:22:00,18.7
2025-06-12 19:36:00,87.1
2025-06-12 08:53:00,38.7
2025-06-12 10:25:00,35.6
2025-06-12 05:08:00,89.0
2025-06-12 16:58:00,16.8
2025-06-12 00:39:00,8.9
2025-06-12 02:35:00,94.7
2025-06-12 11:25:00,36.9
2025-06-12 16:45:00,19.5
2025-06-12 09:03:00,50.26990393626991
2025-06-12 14:25:00,60.2
2025-06-12 11:56:00,38.8
2025-06-12 14:10:00,14.8
2025-06-12 16:09:00,21.2
2025-06-12 11:38:00,22.7
2025-06-12 01:18:00,35.9
2025-06-12 01:04:00,87.8
2025-06-12 01:10:00,16.0
2025-06-12 01:44:00,52.5
2025-06-12 23:58:00,76.5
2025-06-12 02:03:00,44.2
2025-06-12 22:52:00,86.3
2025-06-12 02:21:00,32.3
2025-06-12 08:13:00,93.0
2025-06-12 12:49:00,50.26990393626991
2025-06-12 11:12:00,53.5
2025-06-12 22:56:00,11.7
2025-06-12 16:49:00,54.2
2025-06-12 17:33:00,50.26990393626991
2025-06-12 00:04:00,18.9
2025-06-12 10:15:00,20.2
2025-06-12 03:44:00,52.0
2025-06-12 01:52:00,5.1
2025-06-12 18:11:00,46.8
2025-06-12 13:17:00,14.4
2025-06-12 20:40:00,15.8
2025-06-12 14:41:00,66.5
2025-06-12 06:10:00,80.1
2025-06-12 02:44:00,20.3
2025-06-12 05:16:00,50.26990393626991
2025-06-12 20:35:00,90.6
2025-06-12 13:00:00,49.2
2025-06-12 10:58:00,10.8
2025-06-12 10:52:00,88.6
2025-06-12 13:14:00,98.4
2025-06-12 14:00:00,18.1
2025-06-12 18:32:00,24.4
2025-06-12 20:49:00,3.7
2025-06-12 18:49:00,62.9
2025-06-12 01:45:00,67.8
2025-06-12 01:30:00,17.4
2025-06-12 03:50:00,30.0
2025-06-12 16:05:00,28.2
2025-06-12 08:31:00,60.1
2025-06-12 10:16:00,50.26990393626991
2025-06-12 19:53:00,81.2
2025-06-12 16:58:00,90.0
2025-06-12 16:58:00,60.4
2025-06-12 16:00:00,38.6
2025-06-12 20:40:00,20.6
2025-06-12 16:27:00,71.3
2025-06-12 05:30:00,50.26990393626991
2025-06-12 16:55:00,97.7
2025-06-12 22:04:00,50.9
2025-06-12 05:38:00,99.0
2025-06-12 02:05:00,56.6
2025-06-12 08:07:00,26.2
2025-06-12 10:18:00,99.2
2025-06-12 00:38:00,39.8
2025-06-12 02:44:00,49.7
2025-06-12 04:09:00,67.8
2025-06-12 05:54:00,50.26990393626991
2025-06-12 13:11:00,18.2
2025-06-12 17:30:00,18.6
2025-06-12 02:42:00,59.7
2025-06-12 02:49:00,68.4
2025-06-12 00:03:00,50.26990393626991
2025-06-12 13:54:00,89.3
2025-06-12 10:36:00,78.2
2025-06-12 02:44:00,98.0
2025-06-12 07:08:00,50.26990393626991
2025-06-12 20:58:00,52.0
2025-06-12 06:42:00,20.8
2025-06-12 15:54:00,33.9
2025-06-12 05:54:00,43.4
2025-06-12 15:19:00,4.0
2025-06-12 15:22:00,84.1
2025-06-12 08:16:00,4.0
2025-06-12 01:38:00,10.6
2025-06-12 08:12:00,81.7
2025-06-12 02:09:00,85.4
2025-06-12 04:35:00,57.2
2025-06-12 05:00:00,50.26990393626991
2025-06-12 22:12:00,99.1
2025-06-12 22:16:00,50.7
2025-06-12 20:23:00,40.2
2025-06-12 01:07:00,89.0
2025-06-12 22:11:00,22.0
2025-06-12 00:04:00,91.3
2025-06-12 05:09:00,42.9
2025-06-12 11:01:00,81.9
2025-06-12 16:48:00,85.7
2025-06-12 09:42:00,42.0
2025-06-12 01:42:00,90.0
2025-06-12 10:55:00,32.6
2025-06-12 01:26:00,61.9
2025-06-12 11:52:00,82.0
2025-06-12 18:22:00,89.9
2025-06-12 15:23:00,79.2
2025-06-12 03:37:00,26.6
2025-06-12 01:24:00,15.9
2025-06-12 13:41:00,76.2
2025-06-12 08:56:00,54.0
2025-06-12 12:55:00,25.8
2025-06-12 08:57:00,50.26990393626991
2025-06-12 05:12:00,92.2
2025-06-12 11:01:00,28.6
2025-06-12 05:53:00,60.1
2025-06-12 05:03:00,78.5
2025-06-12 16:20:00,52.5
2025-06-12 05:42:00,24.5
2025-06-12 01:27:00,37.7
2025-06-12 00:44:00,30.6
2025-06-12 00:59:00,39.8
2025-06-12 06:41:00,14.9
2025-06-12 12:35:00,53.1
2025-06-12 18:02:00,69.1
2025-06-12 15:27:00,26.1
2025-06-12 06:15:00,50.26990393626991
2025-06-12 18:15:00,26.4
2025-06-12 05:31:00,50.26990393626991
2025-06-12 08:24:00,50.26990393626991
2025-06-12 19:20:00,50.26990393626991
2025-06-12 07:31:00,27.2
2025-06-12 15:31:00,0.3
2025-06-12 02:15:00,55.2
2025-06-12 13:48:00,49.2
2025-06-12 12:10:00,16.9
2025-06-12 17:52:00,50.26990393626991
2025-06-12 03:09:00,24.0
2025-06-12 14:18:00,77.4
2025-06-12 06:20:00,11.8
2025-06-12 04:41:00,50.26990393626991
2025-06-12 14:51:00,7.8
2025-06-12 19:24:00,7.7
2025-06-12 19:55:00,32.8
2025-06-12 05:44:00,92.5
2025-06-12 20:50:00,82.6
2025-06-12 12:54:00,32.7
2025-06-12 22:46:00,95.7
2025-06-12 00:49:00,66.8
2025-06-12 01:00:00,86.1
2025-06-12 08:34:00,49.3
2025-06-12 06:08:00,28.4
2025-06-12 05:46:00,79.4
2025-06-12 12:31:00,50.26990393626991
2025-06-12 22:56:00,73.3
2025-06-12 22:03:00,11.7
2025-06-12 00:42:00,87.9
2025-06-12 09:42:00,37.4
2025-06-12 03:01:00,50.26990393626991
2025-06-12 17:14:00,62.3
2025-06-12 19:15:00,50.26990393626991
2025-06-12 14:15:00,63.7
2025-06-12 10:39:00,55.0
2025-06-12 11:42:00,67.6
2025-06-12 20:35:00,74.2
2025-06-12 23:18:00,66.7
2025-06-12 17:32:00,19.6
2025-06-12 12:59:00,10.3
2025-06-12 17:06:00,27.6
2025-06-12 07:25:00,50.26990393626991
2025-06-12 19:14:00,78.4
2025-06-12 13:09:00,74.5
2025-06-12 02:18:00,67.7
2025-06-12 21:17:00,86.3
2025-06-12 18:36:00,8.5
2025-06-12 12:05:00,36.6
2025-06-12 00:45:00,65.0
2025-06-12 20:51:00,77.0
2025-06-12 04:40:00,50.26990393626991
2025-06-12 20:47:00,31.0
2025-06-12 08:12:00,93.0
2025-06-12 22:37:00,19.2
2025-06-12 20:07:00,50.9
2025-06-12 06:35:00,49.3
2025-06-12 10:29:00,90.6
2025-06-12 05:40:00,10.3
2025-06-12 12:20:00,50.26990393626991
2025-06-12 00:26:00,2.5
2025-06-12 14:59:00,18.1
2025-06-12 08:24:00,82.3
2025-06-12 16:05:00,97.3
2025-06-12 18:52:00,85.8
2025-06-12 22:39:00,50.26990393626991
2025-06-12 15:33:00,95.3
2025-06-12 03:17:00,61.2
2025-06-12 22:40:00,50.26990393626991
2025-06-12 06:09:00,88.8
2025-06-12 13:32:00,50.26990393626991
2025-06-12 02:32:00,4.7
2025-06-12 20:11:00,56.0
2025-06-12 00:43:00,77.7
2025-06-12 00:16:00,95.3
2025-06-12 07:44:00,76.1
2025-06-12 21:48:00,49.485271956675305
2025-06-12 05:32:00,49.485271956675305
2025-06-12 13:34:00,83.5
2025-06-12 21:24:00,67.7
2025-06-12 23:50:00,30.6
2025-06-12 09:14:00,93.6
2025-06-12 08:02:00,36.6
2025-06-12 18:22:00,49.485271956675305
2025-06-12 22:45:00,5.1
2025-06-12 05:18:00,36.9
2025-06-12 20:29:00,9.4
2025-06-12 18:56:00,30.1
2025-06-12 12:56:00,51.8
2025-06-12 12:52:00,30.6
2025-06-12 16:59:00,18.2
2025-06-12 02:14:00,62.2
2025-06-12 15:40:00,88.1
2025-06-12 20:30:00,23.1
2025-06-12 17:36:00,90.3
2025-06-12 05:56:00,69.1
2025-06-12 11:13:00,10.5
2025-06-12 01:58:00,55.8
2025-06-12 19:29:00,18.6
2025-06-12 22:47:00,25.4
2025-06-12 07:46:00,73.1
2025-06-12 14:07:00,1.5
2025-06-12 12:11:00,49.485271956675305
2025-06-12 18:08:00,21.7
2025-06-12 21:39:00,27.6
2025-06-12 00:06:00,80.5
2025-06-12 00:26:00,49.485271956675305
2025-06-12 19:17:00,34.3
2025-06-12 04:09:00,66.2
2025-06-12 08:10:00,90.5
2025-06-12 08:19:00,56.1
2025-06-12 08:08:00,49.485271956675305
2025-06-12 17:48:00,73.0
2025-06-12 03:26:00,49.485271956675305
2025-06-12 09:40:00,28.7
2025-06-12 11:57:00,20.7
2025-06-12 10:51:00,45.9
2025-06-12 09:05:00,16.7
2025-06-12 16:37:00,80.1
2025-06-12 04:46:00,49.485271956675305
2025-06-12 03:48:00,43.8
2025-06-12 07:34:00,93.0
2025-06-12 01:53:00,49.485271956675305
2025-06-12 15:26:00,13.3
2025-06-12 01:12:00,47.5
2025-06-12 15:36:00,49.485271956675305
2025-06-12 08:34:00,99.4
2025-06-12 18:08:00,85.1
2025-06-12 17:14:00,26.4
2025-06-12 01:32:00,15.9
2025-06-12 00:08:00,72.4
2025-06-12 14:56:00,31.7
2025-06-12 03:24:00,90.9
2025-06-12 03:33:00,49.485271956675305
2025-06-12 21:28:00,63.3
2025-06-12 15:15:00,3.2
2025-06-12 16:23:00,17.5
2025-06-12 08:09:00,49.485271956675305
2025-06-12 20:58:00,73.3
2025-06-12 08:00:00,49.485271956675305
2025-06-12 22:15:00,79.3
2025-06-12 09:12:00,41.5
2025-06-12 18:44:00,49.485271956675305
2025-06-12 05:27:00,32.3
2025-06-12 13:01:00,49.9
2025-06-12 13:19:00,49.485271956675305
2025-06-12 01:04:00,68.7
2025-06-12 08:53:00,81.1
2025-06-12 19:06:00,50.7
2025-06-12 01:23:00,10.6
2025-06-12 12:10:00,70.7
2025-06-12 16:54:00,8.6
2025-06-12 16:21:00,20.3
2025-06-12 16:16:00,88.4
2025-06-12 21:12:00,87.1
2025-06-12 06:56:00,93.2
2025-06-12 21:26:00,97.8
2025-06-12 00:45:00,69.6
2025-06-12 11:52:00,69.2
2025-06-12 17:03:00,46.6
2025-06-12 06:21:00,39.4
2025-06-12 18:21:00,25.0
2025-06-12 05:36:00,49.485271956675305
2025-06-12 09:39:00,5.9
2025-06-12 16:08:00,63.5
2025-06-12 00:32:00,65.7
2025-06-12 17:58:00,49.485271956675305
2025-06-12 21:03:00,89.5
2025-06-12 00:08:00,72.7
2025-06-12 16:54:00,18.3
2025-06-12 04:15:00,12.2
2025-06-12 09:50:00,45.6
2025-06-12 10:13:00,9.4
2025-06-12 19:10:00,76.5
2025-06-12 20:30:00,39.1
2025-06-12 16:33:00,28.5
2025-06-12 23:13:00,28.1
2025-06-12 05:18:00,73.8
2025-06-12 09:40:00,55.3
2025-06-12 20:24:00,49.485271956675305
2025-06-12 01:56:00,39.1
2025-06-12 20:45:00,49.485271956675305
2025-06-12 02:02:00,17.0
2025-06-12 12:04:00,11.8
2025-06-12 02:49:00,54.2
2025-06-12 02:53:00,49.485271956675305
2025-06-12 00:23:00,64.5
2025-06-12 21:39:00,38.1
2025-06-12 07:30:00,49.485271956675305
2025-06-12 10:17:00,82.5
2025-06-12 03:33:00,49.485271956675305
2025-06-12 10:12:00,77.5
2025-06-12 08:55:00,5.5
2025-06-12 02:57:00,84.2
2025-06-12 15:55:00,49.485271956675305
2025-06-12 13:08:00,48.8
2025-06-12 07:28:00,18.3
2025-06-12 13:54:00,59.5
2025-06-12 11:18:00,49.485271956675305
2025-06-12 12:54:00,49.485271956675305
2025-06-12 07:08:00,60.0
2025-06-12 10:53:00,15.7
2025-06-12 16:47:00,17.8
2025-06-12 14:42:00,49.485271956675305
2025-06-12 03:26:00,95.7
2025-06-12 20:46:00,5.8
2025-06-12 01:29:00,54.4
2025-06-12 08:55:00,78.7
2025-06-12 03:11:00,85.1
2025-06-12 17:49:00,7.0
2025-06-12 18:58:00,50.2
2025-06-12 18:23:00,40.1
2025-06-12 05:48:00,19.9
2025-06-12 05:47:00,49.485271956675305
2025-06-12 01:29:00,45.2
2025-06-12 04:19:00,25.8
2025-06-12 22:01:00,71.4
2025-06-12 12:19:00,98.3
2025-06-12 20:29:00,49.485271956675305
2025-06-12 14:57:00,37.4
2025-06-12 07:34:00,87.2
2025-06-12 01:38:00,9.0
2025-06-12 16:41:00,78.5
2025-06-12 19:41:00,75.3
2025-06-12 06:17:00,59.8
2025-06-12 01:41:00,49.485271956675305
2025-06-12 00:12:00,74.1
2025-06-12 06:35:00,18.5
2025-06-12 09:52:00,48.6
2025-06-12 08:08:00,45.3
2025-06-12 17:48:00,88.1
2025-06-12 10:39:00,52.2
2025-06-12 23:33:00,52.6
2025-06-12 00:22:00,20.7
2025-06-12 01:23:00,46.6
2025-06-12 18:22:00,69.1
2025-06-12 03:52:00,36.8
2025-06-12 10:37:00,6.6
2025-06-12 06:59:00,49.485271956675305
2025-06-12 23:01:00,69.4
2025-06-12 12:52:00,18.9
2025-06-12 00:50:00,9.4
2025-06-12 09:51:00,11.9
2025-06-12 16:40:00,88.4
2025-06-12 06:48:00,72.8
2025-06-12 16:45:00,88.2
2025-06-12 13:29:00,37.6
2025-06-12 09:00:00,74.5
2025-06-12 07:08:00,21.0
2025-06-12 13:30:00,72.0
2025-06-12 17:53:00,42.2
2025-06-12 10:05:00,67.8
2025-06-12 19:16:00,2.9
2025-06-12 09:50:00,39.7
2025-06-12 07:39:00,24.3
2025-06-12 08:59:00,49.485271956675305
2025-06-12 08:45:00,78.0
2025-06-12 06:11:00,96.7
2025-06-12 01:15:00,89.5
2025-06-12 01:50:00,3.3
2025-06-12 17:00:00,27.6
2025-06-12 08:53:00,55.9
2025-06-12 18:33:00,49.485271956675305
2025-06-12 20:41:00,99.1
2025-06-12 22:01:00,1.0
2025-06-12 09:17:00,78.4
2025-06-12 13:35:00,49.485271956675305
2025-06-12 23:16:00,39.5
2025-06-12 06:33:00,49.485271956675305
2025-06-12 23:01:00,49.485271956675305
2025-06-12 22:05:00,93.8
2025-06-12 09:30:00,76.7
2025-06-12 05:39:00,42.1
2025-06-12 09:26:00,37.4
2025-06-12 06:00:00,81.7
2025-06-12 04:14:00,49.485271956675305
2025-06-12 17:13:00,74.7
2025-06-12 12:40:00,22.1
2025-06-12 14:22:00,99.0
2025-06-12 13:10:00,78.2
2025-06-12 18:16:00,55.3
2025-06-12 08:17:00,49.485271956675305
2025-06-12 19:53:00,49.485271956675305
2025-06-12 18:21:00,95.4
2025-06-12 09:09:00,56.8
2025-06-12 15:13:00,77.9
2025-06-12 06:40:00,43.2
2025-06-12 14:07:00,8.1
2025-06-12 10:53:00,99.1
2025-06-12 20:14:00,98.5
2025-06-12 06:55:00,32.5
2025-06-12 06:47:00,70.6
2025-06-12 16:44:00,75.9
2025-06-12 11:48:00,49.4
2025-06-12 03:53:00,49.485271956675305
2025-06-12 11:48:00,28.0
2025-06-12 12:24:00,21.3
2025-06-12 08:09:00,67.7
2025-06-12 21:14:00,96.2
2025-06-12 05:37:00,17.7
2025-06-12 17:54:00,67.3
2025-06-12 03:28:00,42.6
2025-06-12 04:55:00,46.9
2025-06-12 13:01:00,24.4
2025-06-12 09:53:00,75.6
2025-06-12 21:19:00,26.8
2025-06-12 13:56:00,67.8
2025-06-12 13:01:00,24.9
2025-06-12 17:10:00,52.0
2025-06-12 19:13:00,49.485271956675305
2025-06-12 13:55:00,92.4
2025-06-12 01:47:00,0.7
2025-06-12 20:00:00,23.6
2025-06-12 23:02:00,42.7
2025-06-12 15:41:00,70.8
2025-06-12 10:39:00,44.8
2025-06-12 15:37:00,54.4
2025-06-12 09:53:00,32.4
2025-06-12 20:54:00,97.3
2025-06-12 21:19:00,13.3
2025-06-12 12:30:00,10.7
2025-06-12 19:39:00,31.0
2025-06-12 13:51:00,91.3
2025-06-12 04:58:00,17.9
2025-06-12 21:25:00,46.8
2025-06-12 13:31:00,42.6
2025-06-12 05:32:00,93.7
2025-06-12 06:12:00,39.7
2025-06-12 20:06:00,78.1
2025-06-12 13:27:00,7.5
2025-06-12 12:29:00,95.8
2025-06-12 22:45:00,5.2
2025-06-12 00:13:00,98.1
2025-06-12 10:34:00,49.485271956675305
2025-06-12 01:44:00,60.7
2025-06-12 18:11:00,42.0
2025-06-12 04:17:00,79.6
2025-06-12 15:25:00,58.2
2025-06-12 12:29:00,55.0
2025-06-12 13:46:00,90.4
2025-06-12 09:14:00,49.7
2025-06-12 13:10:00,38.3
2025-06-12 10:13:00,61.8
2025-06-12 19:53:00,48.1
2025-06-12 15:18:00,48.2
2025-06-12 07:38:00,45.7
2025-06-12 16:32:00,76.6
2025-06-12 07:21:00,60.3
2025-06-12 11:01:00,18.5
2025-06-12 03:51:00,79.6
2025-06-12 08:49:00,49.485271956675305
2025-06-12 20:26:00,26.2
2025-06-12 07:59:00,44.9
2025-06-12 22:38:00,18.5
2025-06-12 00:39:00,94.9
2025-06-12 15:45:00,54.4
2025-06-12 08:25:00,93.2
2025-06-12 14:11:00,49.485271956675305
2025-06-12 04:58:00,49.485271956675305
2025-06-12 16:24:00,72.1
2025-06-12 07:09:00,25.3
2025-06-12 17:56:00,34.2
2025-06-12 21:06:00,64.4
2025-06-12 17:21:00,9.2
2025-06-12 19:00:00,36.5
2025-06-12 06:05:00,20.6
2025-06-12 15:43:00,38.4
2025-06-12 11:00:00,49.485271956675305
2025-06-12 19:21:00,93.3
2025-06-12 10:29:00,65.7
2025-06-12 18:48:00,41.5
2025-06-12 07:52:00,43.7
2025-06-12 17:49:00,52.4
2025-06-12 15:33:00,79.2
2025-06-12 05:37:00,40.9
2025-06-12 02:47:00,49.485271956675305
2025-06-12 09:27:00,41.9
2025-06-12 17:22:00,50.0997191011236
2025-06-12 21:32:00,50.0997191011236
2025-06-12 12:09:00,63.8
2025-06-12 12:04:00,25.5
2025-06-12 11:07:00,24.7
2025-06-12 19:42:00,27.5
2025-06-12 00:08:00,89.7
2025-06-12 17:10:00,90.7
2025-06-12 09:47:00,60.0
2025-06-12 00:09:00,80.8
2025-06-12 06:55:00,50.4
2025-06-12 07:55:00,34.7
2025-06-12 21:31:00,7.5
2025-06-12 02:25:00,94.5
2025-06-12 02:07:00,5.2
2025-06-12 17:39:00,44.9
2025-06-12 11:27:00,50.0997191011236
2025-06-12 23:38:00,89.1
2025-06-12 09:05:00,55.8
2025-06-12 03:56:00,50.0997191011236
2025-06-12 10:32:00,22.2
2025-06-12 06:58:00,3.9
2025-06-12 12:46:00,18.8
2025-06-12 11:47:00,50.0997191011236
2025-06-12 10:28:00,7.2
2025-06-12 13:36:00,32.9
2025-06-12 13:05:00,10.2
2025-06-12 02:49:00,42.4
2025-06-12 06:15:00,50.0997191011236
2025-06-12 12:04:00,71.5
2025-06-12 16:26:00,26.2
2025-06-12 07:29:00,55.7
2025-06-12 10:48:00,74.3
2025-06-12 20:39:00,30.8
2025-06-12 06:04:00,57.7
2025-06-12 02:02:00,55.9
2025-06-12 12:57:00,80.8
2025-06-12 16:31:00,50.0997191011236
2025-06-12 14:00:00,50.0997191011236
2025-06-12 19:36:00,80.3
2025-06-12 22:14:00,19.6
2025-06-12 01:13:00,3.4
2025-06-12 09:16:00,88.1
2025-06-12 17:18:00,40.5
2025-06-12 03:11:00,50.0997191011236
2025-06-12 10:34:00,46.3
2025-06-12 17:21:00,50.0997191011236
2025-06-12 16:01:00,35.4
2025-06-12 14:35:00,96.9
2025-06-12 15:57:00,81.9
2025-06-12 00:03:00,79.4
2025-06-12 16:41:00,55.6
2025-06-12 21:06:00,13.6
2025-06-12 10:26:00,34.9
2025-06-12 19:58:00,50.0997191011236
2025-06-12 23:11:00,87.2
2025-06-12 18:19:00,47.8
2025-06-12 09:52:00,50.0997191011236
2025-06-12 20:01:00,12.5
2025-06-12 02:43:00,50.0997191011236
2025-06-12 22:26:00,67.2
2025-06-12 21:17:00,83.6
2025-06-12 13:14:00,50.0997191011236
2025-06-12 21:06:00,97.7
2025-06-12 18:04:00,13.1
2025-06-12 15:36:00,96.4
2025-06-12 08:29:00,29.6
2025-06-12 15:02:00,9.8
2025-06-12 12:19:00,70.7
2025-06-12 17:55:00,44.9
2025-06-12 11:59:00,93.2
2025-06-12 15:29:00,47.0
2025-06-12 22:09:00,50.0997191011236
2025-06-12 01:18:00,50.9
2025-06-12 20:41:00,78.6
2025-06-12 19:10:00,96.7
2025-06-12 04:59:00,87.2
2025-06-12 01:11:00,5.6
2025-06-12 14:31:00,37.6
2025-06-12 09:19:00,49.0
2025-06-12 13:07:00,88.0
2025-06-12 12:22:00,8.8
2025-06-12 17:50:00,80.0
2025-06-12 04:51:00,50.0997191011236
2025-06-12 14:07:00,50.0997191011236
2025-06-12 10:05:00,42.5
2025-06-12 13:11:00,28.1
2025-06-12 21:23:00,93.0
2025-06-12 19:48:00,22.5
2025-06-12 15:30:00,49.3
2025-06-12 04:29:00,50.0997191011236
2025-06-12 20:23:00,50.0997191011236
2025-06-12 21:57:00,50.0997191011236
2025-06-12 18:41:00,5.0
2025-06-12 08:44:00,63.7
2025-06-12 14:23:00,89.7
2025-06-12 11:04:00,97.6
2025-06-12 08:15:00,1.7
2025-06-12 23:03:00,36.2
2025-06-12 19:52:00,50.0997191011236
2025-06-12 10:45:00,77.2
2025-06-12 15:59:00,42.7
2025-06-12 20:14:00,99.3
2025-06-12 11:17:00,50.0997191011236
2025-06-12 05:22:00,43.3
2025-06-12 00:02:00,42.4
2025-06-12 08:44:00,40.8
2025-06-12 05:11:00,93.5
2025-06-12 16:59:00,22.2
2025-06-12 18:57:00,15.6
2025-06-12 11:28:00,56.9
2025-06-12 08:20:00,73.7
2025-06-12 08:52:00,27.4
2025-06-12 17:58:00,50.0997191011236
2025-06-12 20:06:00,15.4
2025-06-12 19:54:00,9.8
2025-06-12 02:16:00,50.0997191011236
2025-06-12 08:24:00,8.9
2025-06-12 23:30:00,81.8
2025-06-12 22:42:00,78.3
2025-06-12 15:20:00,50.0997191011236
2025-06-12 12:10:00,59.7
2025-06-12 01:03:00,9.1
2025-06-12 16:46:00,2.3
2025-06-12 17:50:00,50.0997191011236
2025-06-12 11:42:00,50.0997191011236
2025-06-12 21:38:00,27.7
2025-06-12 15:06:00,0.6
2025-06-12 22:46:00,27.3
2025-06-12 20:52:00,58.2
2025-06-12 05:29:00,74.1
2025-06-12 04:28:00,50.0997191011236
2025-06-12 17:45:00,38.1
2025-06-12 02:01:00,22.4
2025-06-12 15:12:00,13.8
2025-06-12 11:22:00,3.9
2025-06-12 14:21:00,5.2
2025-06-12 04:32:00,75.3
2025-06-12 21:54:00,50.0997191011236
2025-06-12 04:13:00,27.7
2025-06-12 01:03:00,98.4
2025-06-12 19:52:00,0.7
2025-06-12 01:03:00,72.8
2025-06-12 01:11:00,74.5
2025-06-12 06:58:00,41.2
2025-06-12 03:43:00,61.4
2025-06-12 20:37:00,81.4
2025-06-12 19:25:00,16.0
2025-06-12 15:55:00,85.7
2025-06-12 01:37:00,50.1
2025-06-12 16:52:00,58.1
2025-06-12 13:06:00,50.0997191011236
2025-06-12 03:26:00,99.9
2025-06-12 19:14:00,42.4
2025-06-12 22:25:00,50.0997191011236
2025-06-12 05:02:00,18.7
2025-06-12 09:02:00,17.6
2025-06-12 09:46:00,50.0997191011236
2025-06-12 05:49:00,14.7
2025-06-12 10:50:00,6.4
2025-06-12 19:31:00,21.7
2025-06-12 12:26:00,33.6
2025-06-12 13:37:00,36.1
2025-06-12 23:47:00,56.3
2025-06-12 15:44:00,49.3
2025-06-12 17:59:00,41.2
2025-06-12 16:32:00,26.2
2025-06-12 21:46:00,50.0997191011236
2025-06-12 14:15:00,7.0
2025-06-12 09:41:00,20.2
2025-06-12 15:53:00,6.4
2025-06-12 18:46:00,81.9
2025-06-12 20:10:00,50.0997191011236
2025-06-12 13:01:00,50.0997191011236
2025-06-12 18:13:00,74.9
2025-06-12 01:13:00,33.3
2025-06-12 18:53:00,59.6
2025-06-12 11:13:00,26.2
2025-06-12 11:03:00,38.1
2025-06-12 12:17:00,88.5
2025-06-12 10:05:00,46.7
2025-06-12 13:15:00,54.3
2025-06-12 00:24:00,26.6
2025-06-12 23:20:00,32.1
2025-06-12 13:31:00,94.6
2025-06-12 09:47:00,38.5
2025-06-12 07:17:00,65.8
2025-06-12 07:08:00,0.3
2025-06-12 06:56:00,53.9
2025-06-12 04:48:00,50.0997191011236
2025-06-12 13:32:00,44.0
2025-06-12 22:03:00,97.9
2025-06-12 12:01:00,51.9
2025-06-12 20:36:00,80.6
2025-06-12 11:21:00,94.5
2025-06-12 17:00:00,50.0997191011236
2025-06-12 13:14:00,5.3
2025-06-12 09:45:00,89.4
2025-06-12 01:19:00,50.0997191011236
2025-06-12 15:31:00,50.0997191011236
2025-06-12 12:24:00,52.1
2025-06-12 17:49:00,50.0997191011236
2025-06-12 01:46:00,62.0
2025-06-12 22:37:00,82.6
2025-06-12 17:35:00,50.0997191011236
2025-06-12 00:03:00,9.4
2025-06-12 19:06:00,47.2
2025-06-12 11:59:00,54.4
2025-06-12 01:45:00,95.3
2025-06-12 20:40:00,50.0997191011236
2025-06-12 14:44:00,99.1
2025-06-12 02:36:00,29.8
2025-06-12 17:04:00,78.5
2025-06-12 19:35:00,62.1
2025-06-12 20:35:00,26.4
2025-06-12 23:16:00,63.2
2025-06-12 03:20:00,21.1
2025-06-12 03:39:00,3.9
2025-06-12 12:09:00,9.0
2025-06-12 16:41:00,71.1
2025-06-12 07:55:00,50.0997191011236
2025-06-12 14:36:00,50.0997191011236
2025-06-12 22:37:00,46.8
2025-06-12 00:58:00,69.5
2025-06-12 18:10:00,51.3
2025-06-12 12:07:00,72.7
2025-06-12 04:25:00,46.4
2025-06-12 01:18:00,7.9
2025-06-12 04:46:00,53.1
2025-06-12 02:25:00,73.2
2025-06-12 10:04:00,64.1
2025-06-12 00:32:00,77.8
2025-06-12 02:07:00,32.1
2025-06-12 14:34:00,34.1
2025-06-12 18:55:00,87.1
2025-06-12 23:25:00,50.0997191011236
2025-06-12 13:33:00,79.5
2025-06-12 16:21:00,77.5
2025-06-12 02:59:00,29.0
2025-06-12 22:34:00,97.1
2025-06-12 18:59:00,40.2
2025-06-12 06:19:00,93.0
2025-06-12 15:27:00,93.6
2025-06-12 00:24:00,37.5
2025-06-12 20:56:00,18.1
2025-06-12 11:24:00,5.0
2025-06-12 13:15:00,26.4
2025-06-12 18:45:00,27.0
2025-06-12 10:32:00,32.9
2025-06-12 19:31:00,76.4
2025-06-12 05:15:00,50.0997191011236
2025-06-12 09:20:00,65.0
2025-06-12 18:03:00,79.6
2025-06-12 14:30:00,8.3
2025-06-12 22:04:00,11.6
2025-06-12 12:49:00,84.3
2025-06-12 09:42:00,97.2
2025-06-12 20:38:00,76.3
2025-06-12 18:24:00,20.7
2025-06-12 03:26:00,1.6
2025-06-12 09:57:00,22.1
2025-06-12 01:07:00,38.3
2025-06-12 16:13:00,13.0
2025-06-12 03:03:00,50.0997191011236
2025-06-12 00:15:00,58.7
2025-06-12 02:26:00,69.2
2025-06-12 02:50:00,92.3
2025-06-12 04:55:00,45.6
2025-06-12 10:14:00,11.5
2025-06-12 15:52:00,47.0
2025-06-12 07:46:00,50.0997191011236
2025-06-12 14:46:00,15.0
2025-06-12 04:07:00,19.2
2025-06-12 21:32:00,76.4
2025-06-12 17:34:00,50.0997191011236
2025-06-12 05:57:00,50.0997191011236
2025-06-12 04:19:00,56.3
2025-06-12 04:53:00,60.2
2025-06-12 12:55:00,93.0
2025-06-12 06:00:00,51.1
2025-06-12 11:42:00,10.5
2025-06-12 11:58:00,50.0997191011236
2025-06-12 19:12:00,77.9
2025-06-12 14:45:00,48.8
2025-06-12 21:21:00,9.8
2025-06-12 06:28:00,8.1
2025-06-12 07:54:00,52.1
2025-06-12 13:08:00,59.4
2025-06-12 20:43:00,50.0997191011236
2025-06-12 20:54:00,50.0997191011236
2025-06-12 18:31:00,42.4
2025-06-12 07:22:00,63.7
2025-06-12 01:02:00,76.4
2025-06-12 13:56:00,45.4
2025-06-12 08:04:00,64.6
2025-06-12 12:13:00,50.0997191011236
2025-06-12 19:08:00,25.7
2025-06-12 16:26:00,19.5
2025-06-12 06:23:00,50.7
2025-06-12 22:01:00,50.0997191011236
2025-06-12 08:19:00,95.2
2025-06-12 11:32:00,80.1
2025-06-12 08:25:00,37.0
2025-06-12 10:21:00,83.0
2025-06-12 03:53:00,29.4
2025-06-12 20:01:00,71.1
2025-06-12 02:13:00,97.6
2025-06-12 08:17:00,50.0997191011236
2025-06-12 14:10:00,20.3
2025-06-12 06:40:00,95.1
2025-06-12 10:15:00,47.2
2025-06-12 03:08:00,79.7
2025-06-12 09:07:00,69.7
2025-06-12 22:44:00,94.9
2025-06-12 02:15:00,50.0997191011236
2025-06-12 02:10:00,50.0997191011236
2025-06-12 03:40:00,50.0997191011236
2025-06-12 03:49:00,72.9
2025-06-12 06:38:00,51.9
2025-06-12 22:33:00,45.5
2025-06-12 08:56:00,74.6
2025-06-12 11:59:00,72.4
2025-06-12 18:03:00,86.6
2025-06-12 06:03:00,45.7
2025-06-12 15:09:00,6.8
2025-06-12 19:47:00,15.9
2025-06-12 05:37:00,0.4
2025-06-12 02:14:00,90.5
2025-06-12 03:06:00,62.7
2025-06-12 16:09:00,86.8
2025-06-12 02:11:00,33.4
2025-06-12 06:15:00,31.7
2025-06-12 15:44:00,95.9
2025-06-12 10:13:00,65.6
2025-06-12 06:57:00,67.5
2025-06-12 19:14:00,36.0
2025-06-12 23:54:00,12.9
2025-06-12 08:26:00,11.9
2025-06-12 11:22:00,96.0
2025-06-12 12:10:00,49.889081537019685
2025-06-12 03:13:00,57.5
2025-06-12 08:19:00,85.1
2025-06-12 17:19:00,52.4
2025-06-12 19:39:00,88.0
2025-06-12 20:29:00,11.7
2025-06-12 22:33:00,67.4
2025-06-12 13:28:00,49.889081537019685
2025-06-12 05:38:00,38.4
2025-06-12 12:27:00,31.6
2025-06-12 20:32:00,81.9
2025-06-12 07:13:00,63.1
2025-06-12 13:39:00,32.6
2025-06-12 23:05:00,76.3
2025-06-12 03:16:00,49.6
2025-06-12 01:45:00,4.8
2025-06-12 23:57:00,49.889081537019685
2025-06-12 04:51:00,99.6
2025-06-12 02:38:00,48.7
2025-06-12 20:17:00,67.3
2025-06-12 02:34:00,64.8
2025-06-12 23:53:00,60.1
2025-06-12 22:03:00,98.9
2025-06-12 17:08:00,75.2
2025-06-12 02:14:00,79.0
2025-06-12 05:42:00,37.5
2025-06-12 15:14:00,47.2
2025-06-12 06:07:00,49.889081537019685
2025-06-12 10:11:00,35.8
2025-06-12 07:21:00,1.6
2025-06-12 10:31:00,5.8
2025-06-12 17:19:00,49.889081537019685
2025-06-12 00:12:00,20.4
2025-06-12 11:32:00,55.4
2025-06-12 16:32:00,27.0
2025-06-12 14:40:00,21.3
2025-06-12 21:56:00,79.1
2025-06-12 04:13:00,81.7
2025-06-12 01:01:00,5.7
2025-06-12 15:39:00,49.889081537019685
2025-06-12 01:07:00,99.2
2025-06-12 21:11:00,20.6
2025-06-12 02:15:00,4.3
2025-06-12 19:54:00,16.5
2025-06-12 19:16:00,15.3
2025-06-12 00:01:00,49.889081537019685
2025-06-12 04:18:00,49.889081537019685
2025-06-12 12:56:00,45.3
2025-06-12 12:38:00,85.4
2025-06-12 15:13:00,57.9
2025-06-12 08:52:00,11.1
2025-06-12 12:16:00,49.889081537019685
2025-06-12 06:24:00,6.1
2025-06-12 05:45:00,49.889081537019685
2025-06-12 19:30:00,62.1
2025-06-12 05:19:00,79.1
2025-06-12 19:29:00,68.8
2025-06-12 07:09:00,92.1
2025-06-12 01:20:00,15.7
2025-06-12 17:57:00,51.5
2025-06-12 22:16:00,33.2
2025-06-12 08:24:00,5.7
2025-06-12 12:21:00,91.2
2025-06-12 17:54:00,28.6
2025-06-12 23:41:00,98.2
2025-06-12 03:49:00,26.9
2025-06-12 16:30:00,14.0
2025-06-12 03:40:00,2.1
2025-06-12 14:47:00,19.1
2025-06-12 06:15:00,71.1
2025-06-12 21:39:00,31.0
2025-06-12 06:20:00,32.7
2025-06-12 10:09:00,49.889081537019685
2025-06-12 16:47:00,83.1
2025-06-12 00:11:00,16.7
2025-06-12 08:09:00,48.5
2025-06-12 12:34:00,34.2
2025-06-12 15:12:00,32.0
2025-06-12 07:39:00,3.3
2025-06-12 16:27:00,44.0
2025-06-12 20:55:00,92.2
2025-06-12 10:50:00,65.2
2025-06-12 23:58:00,25.7
2025-06-12 09:23:00,49.889081537019685
2025-06-12 17:27:00,22.2
2025-06-12 01:07:00,54.3
2025-06-12 14:18:00,49.889081537019685
2025-06-12 09:53:00,2.2
2025-06-12 15:47:00,21.1
2025-06-12 08:35:00,67.8
2025-06-12 18:04:00,38.5
2025-06-12 18:09:00,98.3
2025-06-12 03:15:00,9.2
2025-06-12 14:06:00,49.889081537019685
2025-06-12 09:32:00,73.3
2025-06-12 11:16:00,49.889081537019685
2025-06-12 18:38:00,92.9
2025-06-12 15:39:00,12.7
2025-06-12 19:50:00,38.3
2025-06-12 07:57:00,1.6
2025-06-12 02:00:00,70.9
2025-06-12 13:57:00,97.0
2025-06-12 19:13:00,76.2
2025-06-12 22:02:00,49.889081537019685
2025-06-12 00:56:00,54.6
2025-06-12 04:36:00,54.6
2025-06-12 07:52:00,15.6
2025-06-12 20:56:00,50.0
2025-06-12 21:47:00,58.3
2025-06-12 06:08:00,12.9
2025-06-12 17:48:00,98.5
2025-06-12 16:59:00,4.3
2025-06-12 04:25:00,41.7
2025-06-12 19:48:00,11.4
2025-06-12 02:16:00,49.889081537019685
2025-06-12 06:06:00,97.0
2025-06-12 17:16:00,48.5
2025-06-12 16:55:00,66.7
2025-06-12 06:08:00,48.6
2025-06-12 06:25:00,49.889081537019685
2025-06-12 06:11:00,73.0
2025-06-12 17:49:00,49.889081537019685
2025-06-12 13:09:00,39.1
2025-06-12 09:17:00,97.6
2025-06-12 10:33:00,8.5
2025-06-12 00:57:00,83.0
2025-06-12 17:46:00,35.7
2025-06-12 21:17:00,93.0
2025-06-12 14:39:00,9.5
2025-06-12 13:50:00,54.5
2025-06-12 22:37:00,76.2
2025-06-12 18:40:00,10.5
2025-06-12 18:15:00,34.8
2025-06-12 12:30:00,90.0
2025-06-12 20:17:00,37.6
2025-06-12 20:47:00,13.1
2025-06-12 08:56:00,19.2
2025-06-12 16:41:00,77.1
2025-06-12 02:11:00,19.9
2025-06-12 01:26:00,94.4
2025-06-12 09:22:00,88.8
2025-06-12 03:09:00,49.889081537019685
2025-06-12 17:04:00,49.889081537019685
2025-06-12 08:32:00,13.9
2025-06-12 16:35:00,66.2
2025-06-12 07:37:00,71.2
2025-06-12 10:14:00,38.3
2025-06-12 20:43:00,8.1
2025-06-12 17:53:00,83.9
2025-06-12 11:23:00,49.889081537019685
2025-06-12 07:55:00,49.889081537019685
2025-06-12 11:47:00,77.3
2025-06-12 07:01:00,8.5
2025-06-12 12:37:00,15.6
2025-06-12 13:28:00,46.7
2025-06-12 14:37:00,41.5
2025-06-12 10:19:00,54.0
2025-06-12 12:42:00,66.3
2025-06-12 16:49:00,35.8
2025-06-12 03:22:00,73.2
2025-06-12 06:38:00,49.889081537019685
2025-06-12 16:05:00,54.9
2025-06-12 13:19:00,18.4
2025-06-12 20:02:00,39.5
2025-06-12 03:16:00,41.5
2025-06-12 03:51:00,7.0
2025-06-12 06:24:00,49.889081537019685
2025-06-12 11:54:00,49.889081537019685
2025-06-12 17:28:00,59.1
2025-06-12 17:09:00,76.7
2025-06-12 15:36:00,78.6
2025-06-12 12:08:00,49.889081537019685
2025-06-12 01:47:00,81.9
2025-06-12 23:54:00,38.7
2025-06-12 03:23:00,1.8
2025-06-12 12:59:00,26.8
2025-06-12 10:32:00,77.4
2025-06-12 18:21:00,6.2
2025-06-12 00:28:00,15.7
2025-06-12 11:05:00,74.5
2025-06-12 06:30:00,3.6
2025-06-12 00:22:00,21.8
2025-06-12 07:59:00,43.0
2025-06-12 00:58:00,58.1
2025-06-12 07:27:00,4.3
2025-06-12 08:43:00,49.889081537019685
2025-06-12 06:27:00,14.6
2025-06-12 15:17:00,49.889081537019685
2025-06-12 00:38:00,62.7
2025-06-12 14:53:00,47.4
2025-06-12 07:42:00,50.1
2025-06-12 15:09:00,49.889081537019685
2025-06-12 00:17:00,70.5
2025-06-12 19:46:00,44.9
2025-06-12 05:31:00,92.2
2025-06-12 19:53:00,16.0
2025-06-12 07:04:00,95.3
2025-06-12 19:38:00,52.1
2025-06-12 19:21:00,98.6
2025-06-12 14:28:00,33.2
2025-06-12 15:55:00,99.3
2025-06-12 00:11:00,49.889081537019685
2025-06-12 22:45:00,28.5
2025-06-12 00:03:00,49.889081537019685
2025-06-12 23:08:00,69.8
2025-06-12 03:03:00,92.5
2025-06-12 00:59:00,21.5
2025-06-12 16:35:00,45.0
2025-06-12 06:37:00,33.4
2025-06-12 07:00:00,48.6
2025-06-12 01:44:00,32.1
2025-06-12 13:37:00,82.3
2025-06-12 04:04:00,49.889081537019685
2025-06-12 04:29:00,49.889081537019685
2025-06-12 05:35:00,58.9
2025-06-12 08:06:00,49.889081537019685
2025-06-12 13:01:00,31.7
2025-06-12 02:27:00,47.5
2025-06-12 06:53:00,79.2
2025-06-12 23:13:00,62.0
2025-06-12 21:11:00,78.2
2025-06-12 01:52:00,72.6
2025-06-12 01:58:00,76.7
2025-06-12 08:49:00,90.5
2025-06-12 07:04:00,91.3
2025-06-12 01:37:00,79.9
2025-06-12 08:31:00,86.9
2025-06-12 15:07:00,69.7
2025-06-12 13:32:00,59.5
2025-06-12 15:45:00,52.5
2025-06-12 08:56:00,85.8
2025-06-12 05:10:00,49.889081537019685
2025-06-12 02:00:00,34.8
2025-06-12 05:09:00,71.8
2025-06-12 12:09:00,57.4
2025-06-12 16:00:00,96.1
2025-06-12 06:36:00,98.3
2025-06-12 07:21:00,82.7
2025-06-12 15:58:00,49.889081537019685
2025-06-12 03:12:00,45.9
2025-06-12 03:39:00,49.889081537019685
2025-06-12 08:20:00,90.4
2025-06-12 08:08:00,70.1
2025-06-12 05:23:00,30.1
2025-06-12 05:08:00,5.5
2025-06-12 19:42:00,95.9
2025-06-12 00:17:00,5.2
2025-06-12 16:26:00,19.2
2025-06-12 07:10:00,41.9
2025-06-12 07:13:00,87.2
2025-06-12 10:24:00,60.2
2025-06-12 13:29:00,31.0
2025-06-12 01:31:00,87.5
2025-06-12 01:50:00,41.6
2025-06-12 08:27:00,12.2
2025-06-12 20:04:00,92.2
2025-06-12 08:09:00,49.889081537019685
2025-06-12 11:28:00,80.4
2025-06-12 01:24:00,9.6
2025-06-12 02:19:00,16.7
2025-06-12 13:04:00,96.3
2025-06-12 20:52:00,79.6
2025-06-12 23:58:00,99.8
2025-06-12 08:19:00,25.3
2025-06-12 00:25:00,1.0
2025-06-12 13:46:00,45.8
2025-06-12 02:38:00,39.1
2025-06-12 00:42:00,50.1
2025-06-12 23:15:00,60.3
2025-06-12 15:14:00,31.0
2025-06-12 01:48:00,63.4
2025-06-12 10:22:00,35.6
2025-06-12 20:32:00,49.889081537019685
2025-06-12 13:19:00,70.2
2025-06-12 20:09:00,79.5
2025-06-12 03:30:00,24.4
2025-06-12 11:02:00,81.6
2025-06-12 04:32:00,15.5
2025-06-12 19:58:00,69.3
2025-06-12 15:08:00,11.7
2025-06-12 07:37:00,68.1
2025-06-12 23:18:00,30.5
2025-06-12 00:09:00,70.2
2025-06-12 08:38:00,12.9
2025-06-12 11:37:00,5.3
2025-06-12 00:21:00,25.8
2025-06-12 21:03:00,82.5
2025-06-12 06:57:00,49.889081537019685
2025-06-12 15:40:00,85.8
2025-06-12 04:31:00,12.1
2025-06-12 14:26:00,92.4
2025-06-12 07:28:00,49.889081537019685
2025-06-12 17:45:00,3.7
2025-06-12 19:27:00,55.3
2025-06-12 14:39:00,25.8
2025-06-12 13:46:00,49.889081537019685
2025-06-12 00:58:00,72.9
2025-06-12 05:01:00,49.889081537019685
2025-06-12 12:35:00,80.1
2025-06-12 19:43:00,28.1
2025-06-12 06:26:00,92.1
2025-06-12 12:00:00,72.1
2025-06-12 06:45:00,49.889081537019685
2025-06-12 09:48:00,83.1
2025-06-12 02:38:00,90.3
2025-06-12 07:40:00,78.4
2025-06-12 15:50:00,61.6
2025-06-12 13:52:00,87.7
2025-06-12 11:08:00,71.9
2025-06-12 04:55:00,96.6
2025-06-12 13:45:00,52.9
2025-06-12 15:56:00,88.0
2025-06-12 18:00:00,49.889081537019685
2025-06-12 17:38:00,81.5
2025-06-12 18:41:00,60.7
2025-06-12 21:41:00,23.0
2025-06-12 22:05:00,49.889081537019685
2025-06-12 16:40:00,28.1
2025-06-12 08:21:00,49.889081537019685
2025-06-12 02:29:00,93.9
2025-06-12 20:09:00,12.1
2025-06-12 09:17:00,47.6
2025-06-12 17:02:00,26.9
2025-06-12 23:06:00,63.9
2025-06-12 01:31:00,12.3
2025-06-12 03:05:00,24.7
2025-06-12 13:36:00,77.6
2025-06-12 18:38:00,76.8
2025-06-12 12:46:00,28.7
2025-06-12 03:43:00,87.6
2025-06-12 01:31:00,75.0
2025-06-12 09:58:00,91.0
2025-06-12 09:58:00,11.0
2025-06-12 08:01:00,73.2
2025-06-12 03:31:00,65.6
2025-06-12 21:37:00,92.4
2025-06-12 17:46:00,48.7
2025-06-12 11:22:00,45.9
2025-06-12 01:35:00,37.5
2025-06-12 09:59:00,12.8
2025-06-12 13:53:00,19.9
2025-06-12 15:18:00,60.0
2025-06-12 08:29:00,88.6
2025-06-12 21:56:00,78.8
2025-06-12 01:44:00,4.3
2025-06-12 22:34:00,19.3
2025-06-12 06:39:00,56.9
2025-06-12 11:59:00,22.2
2025-06-12 02:35:00,50.12778039031272
2025-06-12 23:21:00,12.6
2025-06-12 06:39:00,21.4
2025-06-12 05:08:00,78.9
2025-06-12 20:32:00,23.4
2025-06-12 05:31:00,17.2
2025-06-12 02:50:00,95.7
2025-06-12 19:48:00,33.4
2025-06-12 23:11:00,63.8
2025-06-12 03:59:00,23.7
2025-06-12 07:49:00,89.9
2025-06-12 03:09:00,86.6
2025-06-12 10:40:00,14.2
2025-06-12 17:57:00,50.12778039031272
2025-06-12 13:35:00,57.7
2025-06-12 13:20:00,69.0
2025-06-12 01:03:00,91.7
2025-06-12 01:42:00,61.4
2025-06-12 10:42:00,15.8
2025-06-12 12:25:00,95.0
2025-06-12 23:27:00,2.1
2025-06-12 08:18:00,2.4
2025-06-12 15:21:00,40.6
2025-06-12 11:12:00,50.12778039031272
2025-06-12 17:09:00,42.9
2025-06-12 13:00:00,29.0
2025-06-12 22:50:00,34.8
2025-06-12 12:34:00,90.6
2025-06-12 16:02:00,0.6
2025-06-12 13:37:00,34.9
2025-06-12 18:41:00,58.7
2025-06-12 00:13:00,18.3
2025-06-12 04:04:00,81.3
2025-06-12 13:51:00,50.12778039031272
2025-06-12 23:47:00,50.12778039031272
2025-06-12 14:24:00,91.8
2025-06-12 17:59:00,12.5
2025-06-12 01:01:00,16.9
2025-06-12 03:19:00,21.7
2025-06-12 11:27:00,59.3
2025-06-12 05:59:00,79.2
2025-06-12 07:04:00,97.9
2025-06-12 01:19:00,44.8
2025-06-12 12:58:00,67.7
2025-06-12 20:56:00,50.12778039031272
2025-06-12 07:49:00,78.6
2025-06-12 05:12:00,94.8
2025-06-12 19:28:00,3.2
2025-06-12 12:38:00,70.8
2025-06-12 10:33:00,77.0
2025-06-12 20:59:00,69.7
2025-06-12 13:11:00,19.9
2025-06-12 13:29:00,62.8
2025-06-12 04:44:00,39.4
2025-06-12 16:12:00,50.12778039031272
2025-06-12 22:15:00,50.12778039031272
2025-06-12 21:44:00,59.5
2025-06-12 10:53:00,70.4
2025-06-12 05:48:00,26.9
2025-06-12 15:03:00,40.6
2025-06-12 05:09:00,68.2
2025-06-12 22:43:00,49.8
2025-06-12 22:13:00,64.7
2025-06-12 17:07:00,83.8
2025-06-12 09:39:00,13.6
2025-06-12 04:55:00,55.8
2025-06-12 00:24:00,28.5
2025-06-12 12:40:00,38.2
2025-06-12 15:48:00,45.1
2025-06-12 02:47:00,80.3
2025-06-12 21:32:00,62.5
2025-06-12 12:34:00,77.9
2025-06-12 03:10:00,29.9
2025-06-12 08:52:00,50.12778039031272
2025-06-12 21:21:00,40.3
2025-06-12 14:51:00,91.9
2025-06-12 20:59:00,50.12778039031272
2025-06-12 04:55:00,21.1
2025-06-12 18:23:00,72.8
2025-06-12 21:06:00,19.7
2025-06-12 01:17:00,1.3
2025-06-12 13:20:00,27.1
2025-06-12 23:36:00,50.12778039031272
2025-06-12 01:35:00,7.0
2025-06-12 09:20:00,50.12778039031272
2025-06-12 10:47:00,50.12778039031272
2025-06-12 18:48:00,50.12778039031272
2025-06-12 19:03:00,19.4
2025-06-12 00:36:00,20.2
2025-06-12 16:06:00,50.12778039031272
2025-06-12 01:52:00,77.8
2025-06-12 10:21:00,26.5
2025-06-12 16:02:00,80.3
2025-06-12 21:18:00,86.2
2025-06-12 23:19:00,6.9
2025-06-12 19:50:00,48.7
2025-06-12 19:42:00,16.8
2025-06-12 13:28:00,52.8
2025-06-12 06:12:00,17.0
2025-06-12 00:37:00,50.12778039031272
2025-06-12 10:56:00,81.5
2025-06-12 17:16:00,22.8
2025-06-12 16:57:00,47.3
2025-06-12 09:17:00,40.7
2025-06-12 14:05:00,55.3
2025-06-12 14:33:00,99.8
2025-06-12 23:48:00,92.1
2025-06-12 21:20:00,22.0
2025-06-12 11:08:00,53.7
2025-06-12 20:12:00,78.1
2025-06-12 04:17:00,62.8
2025-06-12 06:02:00,20.1
2025-06-12 08:16:00,65.8
2025-06-12 06:17:00,61.7
2025-06-12 02:20:00,20.0
2025-06-12 12:46:00,66.4
2025-06-12 18:04:00,53.8
2025-06-12 23:58:00,62.8
2025-06-12 10:44:00,58.6
2025-06-12 00:42:00,50.12778039031272
2025-06-12 10:59:00,7.8
2025-06-12 15:25:00,10.5
2025-06-12 09:21:00,51.1
2025-06-12 12:33:00,64.3
2025-06-12 16:23:00,57.7
2025-06-12 23:50:00,88.1
2025-06-12 10:49:00,93.7
2025-06-12 10:51:00,3.3
2025-06-12 06:14:00,36.7
2025-06-12 11:58:00,35.2
2025-06-12 06:56:00,65.1
2025-06-12 22:42:00,64.7
2025-06-12 01:16:00,1.2
2025-06-12 10:09:00,78.4
2025-06-12 03:11:00,89.0
2025-06-12 14:23:00,58.5
2025-06-12 21:13:00,45.5
2025-06-12 05:15:00,23.2
2025-06-12 08:48:00,26.3
2025-06-12 13:37:00,54.2
2025-06-12 21:35:00,72.7
2025-06-12 13:37:00,1.0
2025-06-12 18:43:00,50.12778039031272
2025-06-12 16:40:00,21.4
2025-06-12 20:17:00,92.0
2025-06-12 08:52:00,42.6
2025-06-12 03:29:00,40.7
2025-06-12 20:59:00,1.9
2025-06-12 15:24:00,33.8
2025-06-12 08:16:00,27.5
2025-06-12 15:22:00,35.4
2025-06-12 16:47:00,33.1
2025-06-12 17:37:00,74.0
2025-06-12 03:31:00,16.6
2025-06-12 11:07:00,90.8
2025-06-12 04:47:00,61.1
2025-06-12 08:03:00,45.2
2025-06-12 01:52:00,32.3
2025-06-12 09:18:00,26.6
2025-06-12 20:13:00,33.0
2025-06-12 22:12:00,56.5
2025-06-12 14:25:00,45.6
2025-06-12 13:10:00,69.6
2025-06-12 14:34:00,14.3
2025-06-12 21:46:00,44.3
2025-06-12 06:51:00,50.12778039031272
2025-06-12 07:32:00,37.0
2025-06-12 06:53:00,34.3
2025-06-12 01:05:00,98.6
2025-06-12 11:49:00,90.9
2025-06-12 20:06:00,12.7
2025-06-12 16:26:00,58.7
2025-06-12 01:44:00,31.7
2025-06-12 00:19:00,50.12778039031272
2025-06-12 10:12:00,54.4
2025-06-12 17:57:00,77.3
2025-06-12 21:56:00,24.3
2025-06-12 04:24:00,50.12778039031272
2025-06-12 10:06:00,31.1
2025-06-12 21:01:00,37.8
2025-06-12 16:03:00,50.4
2025-06-12 01:01:00,82.2
2025-06-12 17:01:00,68.4
2025-06-12 04:17:00,11.8
2025-06-12 15:00:00,95.1
2025-06-12 16:12:00,35.4
2025-06-12 07:38:00,50.12778039031272
2025-06-12 01:38:00,84.7
2025-06-12 14:18:00,50.12778039031272
2025-06-12 00:44:00,56.7
2025-06-12 20:50:00,27.3
2025-06-12 16:11:00,28.9
2025-06-12 21:19:00,54.7
2025-06-12 05:25:00,50.12778039031272
2025-06-12 22:55:00,21.9
2025-06-12 22:23:00,95.8
2025-06-12 13:20:00,19.3
2025-06-12 14:28:00,38.0
2025-06-12 19:11:00,75.0
2025-06-12 03:38:00,50.12778039031272
2025-06-12 04:46:00,44.4
2025-06-12 12:48:00,62.7
2025-06-12 04:57:00,0.4
2025-06-12 11:13:00,48.6
2025-06-12 16:35:00,69.3
2025-06-12 17:37:00,22.8
2025-06-12 16:25:00,76.0
2025-06-12 02:59:00,87.1
2025-06-12 04:39:00,95.7
2025-06-12 16:02:00,68.4
2025-06-12 01:19:00,13.6
2025-06-12 05:37:00,50.12778039031272
2025-06-12 08:16:00,9.1
2025-06-12 23:31:00,50.12778039031272
2025-06-12 06:45:00,80.7
2025-06-12 00:45:00,50.12778039031272
2025-06-12 02:10:00,73.0
2025-06-12 06:50:00,27.1
2025-06-12 19:44:00,50.12778039031272
2025-06-12 00:42:00,33.9
2025-06-12 04:17:00,53.5
2025-06-12 02:03:00,39.8
2025-06-12 08:50:00,50.12778039031272
2025-06-12 02:12:00,54.8
2025-06-12 17:26:00,99.4
2025-06-12 02:59:00,23.2
2025-06-12 16:47:00,83.4
2025-06-12 22:06:00,73.7
2025-06-12 08:18:00,98.8
2025-06-12 02:55:00,50.12778039031272
2025-06-12 22:28:00,50.12778039031272
2025-06-12 03:56:00,1.7
2025-06-12 04:41:00,3.4
2025-06-12 17:04:00,28.7
2025-06-12 04:53:00,50.12778039031272
2025-06-12 10:21:00,27.6
2025-06-12 12:47:00,89.9
2025-06-12 08:33:00,40.3
2025-06-12 09:16:00,65.9
2025-06-12 22:08:00,50.7
2025-06-12 06:37:00,57.5
2025-06-12 12:12:00,11.0
2025-06-12 10:41:00,26.0
2025-06-12 09:15:00,50.12778039031272
2025-06-12 06:30:00,50.12778039031272
2025-06-12 11:00:00,75.5
2025-06-12 07:54:00,9.0
2025-06-12 11:15:00,13.6
2025-06-12 18:25:00,50.12778039031272
2025-06-12 13:54:00,51.1
2025-06-12 01:01:00,14.2
2025-06-12 13:46:00,66.5
2025-06-12 19:57:00,94.9
2025-06-12 00:24:00,48.7
2025-06-12 14:41:00,19.3
2025-06-12 08:06:00,23.0
2025-06-12 08:41:00,58.6
2025-06-12 20:23:00,32.4
2025-06-12 10:37:00,28.9
2025-06-12 21:40:00,88.8
2025-06-12 10:35:00,50.12778039031272
2025-06-12 08:06:00,23.6
2025-06-12 08:53:00,35.4
2025-06-12 04:25:00,53.8
2025-06-12 23:35:00,92.7
2025-06-12 06:43:00,50.12778039031272
2025-06-12 00:03:00,67.5
2025-06-12 23:32:00,97.9
2025-06-12 21:26:00,2.4
2025-06-12 03:04:00,50.12778039031272
2025-06-12 07:51:00,15.8
2025-06-12 07:42:00,17.9
2025-06-12 23:13:00,50.12778039031272
2025-06-12 03:15:00,76.4
2025-06-12 11:06:00,30.7
2025-06-12 23:35:00,6.3
2025-06-12 04:12:00,59.9
2025-06-12 16:50:00,79.0
2025-06-12 23:12:00,50.12778039031272
2025-06-12 18:04:00,56.3
2025-06-12 19:32:00,71.2
2025-06-12 18:21:00,47.0
2025-06-12 04:26:00,10.9
2025-06-12 01:09:00,80.8
2025-06-12 23:38:00,69.7
2025-06-12 14:51:00,79.4
2025-06-12 18:43:00,95.7
2025-06-12 06:19:00,72.7
2025-06-12 14:56:00,60.2
2025-06-12 16:47:00,46.4
2025-06-12 11:02:00,30.8
2025-06-12 09:18:00,62.9
2025-06-12 23:02:00,31.6
2025-06-12 19:23:00,38.8
2025-06-12 14:14:00,50.12778039031272
2025-06-12 17:35:00,50.12778039031272
2025-06-12 06:25:00,2.7
2025-06-12 23:09:00,50.12778039031272
2025-06-12 19:57:00,50.12778039031272
2025-06-12 17:44:00,78.3
2025-06-12 17:36:00,50.12778039031272
2025-06-12 07:25:00,73.1
2025-06-12 14:23:00,14.7
2025-06-12 22:16:00,20.3
2025-06-12 14:12:00,62.9
2025-06-12 21:17:00,42.8
2025-06-12 03:31:00,84.6
2025-06-12 16:30:00,51.5
2025-06-12 15:13:00,50.12778039031272
2025-06-12 01:13:00,17.8
2025-06-12 14:32:00,50.12778039031272
2025-06-12 01:04:00,75.9
2025-06-12 11:27:00,32.4
2025-06-12 07:52:00,87.6
2025-06-12 19:37:00,89.9
2025-06-12 18:39:00,12.6
2025-06-12 23:43:00,52.5
2025-06-12 20:57:00,50.12778039031272
2025-06-12 19:38:00,95.9
2025-06-12 00:47:00,95.3
2025-06-12 17:03:00,4.5
2025-06-12 13:07:00,61.4
2025-06-12 09:34:00,40.8
2025-06-12 10:49:00,23.9
2025-06-12 20:08:00,88.6
2025-06-12 01:07:00,98.6
2025-06-12 22:34:00,95.4
2025-06-12 00:24:00,79.3
2025-06-12 14:45:00,49.8
2025-06-12 06:54:00,20.1
2025-06-12 04:58:00,50.1655304792927
2025-06-12 06:39:00,76.1
2025-06-12 20:22:00,59.4
2025-06-12 14:40:00,50.1655304792927
2025-06-12 15:07:00,89.7
2025-06-12 15:40:00,97.7
2025-06-12 21:25:00,38.1
2025-06-12 22:31:00,28.4
2025-06-12 00:47:00,84.8
2025-06-12 02:55:00,48.2
2025-06-12 15:01:00,50.1655304792927
2025-06-12 18:56:00,42.7
2025-06-12 03:08:00,63.3
2025-06-12 03:36:00,70.7
2025-06-12 07:55:00,59.4
2025-06-12 14:53:00,61.0
2025-06-12 23:00:00,53.8
2025-06-12 23:01:00,62.5
2025-06-12 11:57:00,10.3
2025-06-12 18:36:00,47.6
2025-06-12 03:44:00,74.4
2025-06-12 17:17:00,54.0
2025-06-12 01:55:00,25.8
2025-06-12 21:08:00,41.6
2025-06-12 17:35:00,45.5
2025-06-12 20:48:00,74.9
2025-06-12 14:15:00,45.4
2025-06-12 23:16:00,51.6
2025-06-12 23:39:00,26.0
2025-06-12 20:57:00,35.2
2025-06-12 20:56:00,10.4
2025-06-12 02:35:00,20.5
2025-06-12 04:03:00,50.1655304792927
2025-06-12 15:40:00,89.8
2025-06-12 21:32:00,36.5
2025-06-12 11:20:00,12.8
2025-06-12 05:04:00,50.1655304792927
2025-06-12 21:33:00,48.7
2025-06-12 17:37:00,56.9
2025-06-12 05:11:00,6.1
2025-06-12 22:50:00,50.1655304792927
2025-06-12 08:57:00,40.0
2025-06-12 03:27:00,20.7
2025-06-12 19:15:00,79.0
2025-06-12 02:43:00,75.1
2025-06-12 10:35:00,99.8
2025-06-12 03:54:00,29.9
2025-06-12 18:54:00,41.0
2025-06-12 17:05:00,50.1655304792927
2025-06-12 10:26:00,14.7
2025-06-12 00:01:00,12.2
2025-06-12 09:41:00,7.3
2025-06-12 07:50:00,17.4
2025-06-12 02:18:00,94.1
2025-06-12 13:38:00,27.3
2025-06-12 23:34:00,65.8
2025-06-12 06:12:00,30.8
2025-06-12 09:49:00,50.1655304792927
2025-06-12 04:53:00,62.7
2025-06-12 02:36:00,17.0
2025-06-12 13:14:00,91.9
2025-06-12 04:35:00,56.5
2025-06-12 05:08:00,78.8
2025-06-12 12:54:00,48.5
2025-06-12 18:29:00,95.2
2025-06-12 14:13:00,91.4
2025-06-12 22:47:00,37.3
2025-06-12 23:17:00,15.0
2025-06-12 21:34:00,50.1655304792927
2025-06-12 17:33:00,74.4
2025-06-12 10:26:00,87.0
2025-06-12 08:29:00,19.7
2025-06-12 03:41:00,46.5
2025-06-12 04:03:00,84.5
2025-06-12 21:46:00,55.6
2025-06-12 17:47:00,72.5
2025-06-12 20:58:00,7.0
2025-06-12 19:10:00,47.1
2025-06-12 22:05:00,63.5
2025-06-12 22:06:00,26.4
2025-06-12 00:52:00,16.5
2025-06-12 01:48:00,50.1655304792927
2025-06-12 00:18:00,2.3
2025-06-12 00:36:00,61.2
2025-06-12 12:48:00,98.8
2025-06-12 03:31:00,89.5
2025-06-12 23:33:00,85.6
2025-06-12 03:48:00,4.3
2025-06-12 18:39:00,60.0
2025-06-12 14:55:00,74.2
2025-06-12 04:47:00,10.5
2025-06-12 11:38:00,24.9
2025-06-12 04:43:00,94.5
2025-06-12 20:29:00,50.1655304792927
2025-06-12 21:51:00,54.7
2025-06-12 17:37:00,31.9
2025-06-12 13:09:00,70.8
2025-06-12 16:36:00,44.7
2025-06-12 23:35:00,41.5
2025-06-12 05:21:00,27.7
2025-06-12 01:29:00,75.9
2025-06-12 14:08:00,2.2
2025-06-12 21:44:00,32.1
2025-06-12 07:13:00,81.0
2025-06-12 05:54:00,89.5
2025-06-12 03:33:00,82.4
2025-06-12 18:59:00,78.1
2025-06-12 03:43:00,68.0
2025-06-12 03:32:00,66.9
2025-06-12 20:32:00,22.6
2025-06-12 00:25:00,40.8
2025-06-12 10:00:00,14.5
2025-06-12 19:55:00,36.4
2025-06-12 14:53:00,36.2
2025-06-12 04:55:00,61.8
2025-06-12 17:21:00,48.7
2025-06-12 14:52:00,23.0
2025-06-12 11:54:00,1.2
2025-06-12 19:31:00,32.9
2025-06-12 08:56:00,42.8
2025-06-12 23:30:00,36.1
2025-06-12 16:22:00,32.7
2025-06-12 00:29:00,96.5
2025-06-12 05:50:00,57.2
2025-06-12 21:05:00,98.7
2025-06-12 15:49:00,5.9
2025-06-12 05:18:00,57.1
2025-06-12 01:55:00,11.8
2025-06-12 21:32:00,45.8
2025-06-12 16:31:00,29.8
2025-06-12 06:54:00,17.3
2025-06-12 03:49:00,44.0
2025-06-12 00:18:00,73.9
2025-06-12 12:38:00,24.7
2025-06-12 13:59:00,34.0
2025-06-12 19:09:00,8.0
2025-06-12 03:33:00,31.3
2025-06-12 01:25:00,87.5
2025-06-12 01:56:00,30.9
2025-06-12 15:54:00,43.0
2025-06-12 18:29:00,18.4
2025-06-12 00:00:00,58.9
2025-06-12 21:01:00,91.3
2025-06-12 14:13:00,74.8
2025-06-12 00:52:00,51.1
2025-06-12 22:46:00,26.3
2025-06-12 03:12:00,63.2
2025-06-12 10:32:00,63.1
2025-06-12 07:37:00,13.9
2025-06-12 19:36:00,93.6
2025-06-12 02:33:00,63.8
2025-06-12 06:24:00,0.5
2025-06-12 11:07:00,55.1
2025-06-12 04:31:00,72.5
2025-06-12 19:27:00,95.7
2025-06-12 22:25:00,96.1
2025-06-12 01:21:00,26.8
2025-06-12 15:43:00,94.5
2025-06-12 13:41:00,43.7
2025-06-12 14:28:00,49.1
2025-06-12 18:56:00,45.4
2025-06-12 03:34:00,97.0
2025-06-12 12:55:00,71.1
2025-06-12 23:17:00,65.8
2025-06-12 15:37:00,49.5
2025-06-12 04:14:00,88.6
2025-06-12 06:40:00,2.7
2025-06-12 00:40:00,77.4
2025-06-12 10:16:00,61.6
2025-06-12 09:06:00,77.9
2025-06-12 23:09:00,50.1655304792927
2025-06-12 01:43:00,68.1
2025-06-12 23:34:00,71.1
2025-06-12 15:47:00,99.1
2025-06-12 04:47:00,52.0
2025-06-12 06:33:00,53.9
2025-06-12 19:27:00,73.1
2025-06-12 09:56:00,20.5
2025-06-12 11:35:00,64.1
2025-06-12 19:56:00,50.1655304792927
2025-06-12 14:35:00,35.7
2025-06-12 19:11:00,6.2
2025-06-12 08:53:00,50.1655304792927
2025-06-12 19:50:00,9.2
2025-06-12 02:45:00,9.0
2025-06-12 05:52:00,1.1
2025-06-12 06:29:00,68.3
2025-06-12 01:41:00,63.1
2025-06-12 04:04:00,86.8
2025-06-12 01:16:00,88.8
2025-06-12 13:46:00,8.9
2025-06-12 15:21:00,77.6
2025-06-12 07:24:00,25.3
2025-06-12 10:54:00,50.1655304792927
2025-06-12 05:41:00,54.8
2025-06-12 06:14:00,95.6
2025-06-12 23:56:00,54.2
2025-06-12 03:10:00,50.2
2025-06-12 17:56:00,63.1
2025-06-12 17:36:00,27.5
2025-06-12 18:52:00,50.1655304792927
2025-06-12 03:14:00,50.1655304792927
2025-06-12 15:59:00,50.1655304792927
2025-06-12 02:40:00,64.4
2025-06-12 21:12:00,17.3
2025-06-12 05:21:00,69.0
2025-06-12 16:40:00,58.9
2025-06-12 23:43:00,51.8
2025-06-12 07:05:00,60.8
2025-06-12 00:16:00,40.4
2025-06-12 19:05:00,94.5
2025-06-12 01:26:00,3.2
2025-06-12 00:55:00,9.3
2025-06-12 14:42:00,7.4
2025-06-12 20:40:00,23.6
2025-06-12 08:20:00,2.2
2025-06-12 00:05:00,53.8
2025-06-12 08:25:00,90.6
2025-06-12 11:20:00,31.1
2025-06-12 17:28:00,92.0
2025-06-12 03:35:00,74.5
2025-06-12 02:57:00,54.4
2025-06-12 04:56:00,64.7
2025-06-12 05:06:00,50.1655304792927
2025-06-12 19:43:00,50.1655304792927
2025-06-12 01:33:00,12.3
2025-06-12 20:16:00,72.1
2025-06-12 06:18:00,53.4
2025-06-12 01:27:00,50.1655304792927
2025-06-12 03:08:00,90.2
2025-06-12 14:07:00,26.4
2025-06-12 08:34:00,54.0
2025-06-12 20:48:00,80.2
2025-06-12 14:53:00,90.2
2025-06-12 19:22:00,15.8
2025-06-12 12:59:00,50.1655304792927
2025-06-12 03:57:00,29.9
2025-06-12 15:23:00,40.9
2025-06-12 15:08:00,14.6
2025-06-12 01:12:00,56.4
2025-06-12 17:23:00,38.3
2025-06-12 05:50:00,62.1
2025-06-12 00:25:00,78.2
2025-06-12 08:15:00,54.6
2025-06-12 02:51:00,27.0
2025-06-12 17:45:00,38.3
2025-06-12 18:52:00,79.4
2025-06-12 18:44:00,43.6
2025-06-12 04:10:00,37.3
2025-06-12 19:59:00,61.5
2025-06-12 13:52:00,73.7
2025-06-12 02:28:00,49.4
2025-06-12 19:51:00,36.8
2025-06-12 00:43:00,25.3
2025-06-12 07:22:00,87.8
2025-06-12 20:03:00,53.5
2025-06-12 12:40:00,14.6
2025-06-12 11:38:00,38.0
2025-06-12 10:06:00,50.1655304792927
2025-06-12 20:49:00,54.8
2025-06-12 18:02:00,3.6
2025-06-12 15:06:00,50.1655304792927
2025-06-12 16:01:00,35.6
2025-06-12 22:54:00,22.4
2025-06-12 14:18:00,71.6
2025-06-12 16:11:00,50.1655304792927
2025-06-12 20:25:00,86.0
2025-06-12 01:32:00,11.5
2025-06-12 03:38:00,10.2
2025-06-12 21:09:00,94.4
2025-06-12 05:43:00,88.3
2025-06-12 01:50:00,94.0
2025-06-12 18:49:00,50.1655304792927
2025-06-12 03:42:00,73.0
2025-06-12 03:25:00,46.0
2025-06-12 00:41:00,13.4
2025-06-12 00:30:00,19.4
2025-06-12 02:30:00,79.4
2025-06-12 17:30:00,89.9
2025-06-12 10:30:00,21.5
2025-06-12 03:24:00,59.7
2025-06-12 23:47:00,50.1655304792927
2025-06-12 19:56:00,38.1
2025-06-12 18:41:00,94.7
2025-06-12 22:19:00,50.1655304792927
2025-06-12 10:49:00,51.1
2025-06-12 03:55:00,50.1655304792927
2025-06-12 23:40:00,56.4
2025-06-12 20:48:00,30.4
2025-06-12 04:49:00,50.1655304792927
2025-06-12 03:39:00,50.1655304792927
2025-06-12 15:37:00,50.1655304792927
2025-06-12 13:14:00,40.1
2025-06-12 06:28:00,83.6
2025-06-12 20:04:00,75.2
2025-06-12 19:14:00,42.9
2025-06-12 13:52:00,34.8
2025-06-12 12:23:00,54.2
2025-06-12 19:21:00,35.9
2025-06-12 02:06:00,88.3
2025-06-12 06:56:00,25.3
2025-06-12 15:28:00,78.8
2025-06-12 23:14:00,64.7
2025-06-12 04:14:00,50.1655304792927
2025-06-12 06:04:00,69.9
2025-06-12 01:59:00,43.8
2025-06-12 00:03:00,19.5
2025-06-12 23:18:00,82.9
2025-06-12 23:07:00,94.2
2025-06-12 13:14:00,6.6
2025-06-12 23:31:00,75.9
2025-06-12 21:39:00,40.1
2025-06-12 07:37:00,1.9
2025-06-12 14:12:00,68.3
2025-06-12 07:43:00,37.5
2025-06-12 02:04:00,50.2
2025-06-12 21:01:00,92.3
2025-06-12 16:49:00,15.1
2025-06-12 22:58:00,67.9
2025-06-12 13:46:00,55.5
2025-06-12 03:25:00,50.1655304792927
2025-06-12 11:53:00,97.2
2025-06-12 03:29:00,32.9
2025-06-12 15:33:00,67.5
2025-06-12 13:42:00,44.6
2025-06-12 17:01:00,50.1655304792927
2025-06-12 12:42:00,50.0
2025-06-12 02:49:00,84.2
2025-06-12 11:53:00,39.8
2025-06-12 19:01:00,55.2
2025-06-12 09:34:00,13.9
2025-06-12 21:57:00,13.0
2025-06-12 04:19:00,85.3
2025-06-12 02:57:00,68.2
2025-06-12 17:31:00,50.16485882352941
2025-06-12 18:36:00,50.16485882352941
2025-06-12 20:34:00,90.4
2025-06-12 01:38:00,57.6
2025-06-12 05:58:00,59.2
2025-06-12 17:59:00,50.16485882352941
2025-06-12 11:47:00,50.16485882352941
2025-06-12 17:08:00,50.16485882352941
2025-06-12 22:39:00,98.1
2025-06-12 15:03:00,6.4
2025-06-12 10:36:00,54.5
2025-06-12 14:41:00,67.3
2025-06-12 00:19:00,99.8
2025-06-12 23:50:00,82.5
2025-06-12 16:58:00,50.16485882352941
2025-06-12 17:30:00,50.16485882352941
2025-06-12 17:33:00,50.16485882352941
2025-06-12 19:51:00,19.6
2025-06-12 10:39:00,38.0
2025-06-12 18:55:00,3.3
2025-06-12 04:10:00,53.3
2025-06-12 03:03:00,28.9
2025-06-12 03:42:00,50.16485882352941
2025-06-12 05:35:00,78.0
2025-06-12 01:40:00,43.4
2025-06-12 19:15:00,74.8
2025-06-12 00:51:00,44.6
2025-06-12 00:49:00,15.7
2025-06-12 09:06:00,63.0
2025-06-12 07:57:00,67.0
2025-06-12 19:07:00,48.0
2025-06-12 00:42:00,99.1
2025-06-12 06:53:00,13.1
2025-06-12 00:52:00,7.9
2025-06-12 04:09:00,59.1
2025-06-12 11:07:00,25.1
2025-06-12 13:18:00,32.7
2025-06-12 10:27:00,3.0
2025-06-12 13:02:00,65.2
2025-06-12 00:09:00,45.9
2025-06-12 02:10:00,74.5
2025-06-12 20:46:00,45.9
2025-06-12 09:07:00,90.2
2025-06-12 21:26:00,35.2
2025-06-12 06:20:00,39.6
2025-06-12 08:43:00,67.5
2025-06-12 14:14:00,70.9
2025-06-12 00:10:00,13.0
2025-06-12 16:11:00,81.9
2025-06-12 03:11:00,48.6
2025-06-12 03:34:00,68.0
2025-06-12 08:21:00,5.9
2025-06-12 21:06:00,79.7
2025-06-12 12:58:00,50.9
2025-06-12 00:10:00,27.0
2025-06-12 12:36:00,50.16485882352941
2025-06-12 07:49:00,41.3
2025-06-12 03:04:00,59.8
2025-06-12 00:58:00,98.5
2025-06-12 16:34:00,63.3
2025-06-12 02:03:00,0.3
2025-06-12 14:09:00,16.7
2025-06-12 03:45:00,19.7
2025-06-12 22:51:00,22.6
2025-06-12 06:10:00,72.0
2025-06-12 15:31:00,29.2
2025-06-12 06:04:00,77.6
2025-06-12 05:28:00,95.1
2025-06-12 09:37:00,26.7
2025-06-12 22:36:00,50.16485882352941
2025-06-12 01:57:00,18.4
2025-06-12 06:20:00,98.9
2025-06-12 22:41:00,50.16485882352941
2025-06-12 01:32:00,85.4
2025-06-12 05:00:00,50.16485882352941
2025-06-12 11:32:00,98.1
2025-06-12 16:15:00,67.7
2025-06-12 01:28:00,86.6
2025-06-12 01:37:00,52.5
2025-06-12 07:40:00,50.1
2025-06-12 04:11:00,2.8
2025-06-12 18:45:00,46.5
2025-06-12 23:21:00,87.8
2025-06-12 20:26:00,24.9
2025-06-12 22:53:00,17.7
2025-06-12 03:23:00,67.4
2025-06-12 10:08:00,54.7
2025-06-12 06:26:00,50.16485882352941
2025-06-12 12:12:00,16.9
2025-06-12 16:11:00,50.16485882352941
2025-06-12 21:45:00,5.3
2025-06-12 03:28:00,84.0
2025-06-12 19:56:00,39.2
2025-06-12 12:26:00,85.8
2025-06-12 07:41:00,38.7
2025-06-12 01:03:00,62.5
2025-06-12 03:37:00,39.7
2025-06-12 20:24:00,50.16485882352941
2025-06-12 04:18:00,70.4
2025-06-12 02:06:00,35.1
2025-06-12 16:40:00,50.16485882352941
2025-06-12 00:25:00,34.4
2025-06-12 07:46:00,17.4
2025-06-12 02:57:00,50.16485882352941
2025-06-12 00:25:00,31.9
2025-06-12 19:09:00,30.8
2025-06-12 09:42:00,65.7
2025-06-12 05:41:00,64.8
2025-06-12 21:48:00,92.8
2025-06-12 23:15:00,17.2
2025-06-12 04:37:00,33.6
2025-06-12 11:02:00,40.7
2025-06-12 07:31:00,90.9
2025-06-12 15:35:00,46.2
2025-06-12 01:00:00,72.6
2025-06-12 23:01:00,65.6
2025-06-12 00:38:00,92.5
2025-06-12 11:17:00,56.7
2025-06-12 06:30:00,53.4
2025-06-12 06:05:00,5.5
2025-06-12 00:15:00,50.16485882352941
2025-06-12 05:57:00,50.16485882352941
2025-06-12 21:34:00,98.1
2025-06-12 17:37:00,66.2
2025-06-12 23:59:00,6.9
2025-06-12 08:38:00,53.2
2025-06-12 07:00:00,44.7
2025-06-12 04:28:00,24.4
2025-06-12 06:08:00,66.9
2025-06-12 12:33:00,87.3
2025-06-12 20:13:00,22.9
2025-06-12 23:38:00,50.16485882352941
2025-06-12 14:47:00,98.1
2025-06-12 20:14:00,96.8
2025-06-12 00:54:00,78.0
2025-06-12 15:34:00,76.8
2025-06-12 00:18:00,20.1
2025-06-12 01:15:00,18.6
2025-06-12 00:16:00,23.4
2025-06-12 19:28:00,3.9
2025-06-12 06:02:00,68.0
2025-06-12 06:27:00,50.16485882352941
2025-06-12 16:49:00,50.16485882352941
2025-06-12 06:25:00,63.3
2025-06-12 18:11:00,50.16485882352941
2025-06-12 02:49:00,29.6
2025-06-12 00:25:00,28.6
2025-06-12 02:46:00,9.5
2025-06-12 16:06:00,40.8
2025-06-12 01:22:00,74.8
2025-06-12 09:39:00,97.7
2025-06-12 18:31:00,50.16485882352941
2025-06-12 08:17:00,50.16485882352941
2025-06-12 00:36:00,49.9
2025-06-12 10:18:00,69.9
2025-06-12 17:32:00,29.0
2025-06-12 06:46:00,21.0
2025-06-12 06:43:00,50.16485882352941
2025-06-12 01:10:00,20.0
2025-06-12 01:40:00,98.0
2025-06-12 06:12:00,14.2
2025-06-12 05:56:00,50.16485882352941
2025-06-12 09:07:00,67.0
2025-06-12 21:42:00,78.6
2025-06-12 01:15:00,15.3
2025-06-12 15:29:00,28.0
2025-06-12 15:50:00,59.3
2025-06-12 08:29:00,50.6
2025-06-12 23:40:00,43.6
2025-06-12 21:46:00,61.4
2025-06-12 20:57:00,69.4
2025-06-12 14:26:00,8.6
2025-06-12 21:49:00,9.9
2025-06-12 20:02:00,68.5
2025-06-12 17:46:00,72.9
2025-06-12 00:23:00,58.5
2025-06-12 03:17:00,50.16485882352941
2025-06-12 10:53:00,40.0
2025-06-12 08:38:00,54.7
2025-06-12 05:36:00,35.9
2025-06-12 09:15:00,95.6
2025-06-12 23:18:00,49.5
2025-06-12 02:34:00,50.8
2025-06-12 07:01:00,22.4
2025-06-12 02:32:00,30.3
2025-06-12 12:50:00,9.5
2025-06-12 08:27:00,99.5
2025-06-12 23:01:00,8.6
2025-06-12 04:13:00,33.3
2025-06-12 16:19:00,88.5
2025-06-12 18:26:00,70.9
2025-06-12 11:48:00,50.16485882352941
2025-06-12 22:43:00,77.8
2025-06-12 03:54:00,45.7
2025-06-12 08:23:00,66.5
2025-06-12 16:57:00,31.4
2025-06-12 19:09:00,60.4
2025-06-12 10:27:00,95.0
2025-06-12 21:35:00,46.0
2025-06-12 00:01:00,84.9
2025-06-12 03:28:00,94.3
2025-06-12 12:59:00,50.16485882352941
2025-06-12 00:12:00,35.7
2025-06-12 19:30:00,45.8
2025-06-12 15:30:00,52.6
2025-06-12 08:35:00,66.0
2025-06-12 08:50:00,50.16485882352941
2025-06-12 07:23:00,87.7
2025-06-12 19:55:00,14.5
2025-06-12 16:07:00,50.16485882352941
2025-06-12 23:36:00,66.9
2025-06-12 16:28:00,88.8
2025-06-12 04:44:00,67.3
2025-06-12 08:10:00,50.16485882352941
2025-06-12 19:55:00,65.2
2025-06-12 11:46:00,70.1
2025-06-12 07:03:00,39.3
2025-06-12 07:14:00,50.16485882352941
2025-06-12 06:34:00,46.8
2025-06-12 23:47:00,91.9
2025-06-12 10:46:00,65.3
2025-06-12 18:53:00,27.1
2025-06-12 00:31:00,7.0
2025-06-12 22:29:00,32.6
2025-06-12 23:24:00,46.0
2025-06-12 22:07:00,15.7
2025-06-12 10:10:00,50.16485882352941
2025-06-12 18:23:00,38.9
2025-06-12 13:56:00,88.8
2025-06-12 03:15:00,19.3
2025-06-12 07:41:00,67.4
2025-06-12 17:35:00,8.6
2025-06-12 09:29:00,34.0
2025-06-12 10:43:00,49.8
2025-06-12 07:02:00,50.16485882352941
2025-06-12 12:51:00,88.0
2025-06-12 19:59:00,22.8
2025-06-12 05:51:00,82.1
2025-06-12 19:11:00,99.9
2025-06-12 18:04:00,76.1
2025-06-12 21:04:00,80.8
2025-06-12 22:24:00,15.1
2025-06-12 17:51:00,44.5
2025-06-12 11:48:00,73.4
2025-06-12 23:03:00,15.2
2025-06-12 01:24:00,71.9
2025-06-12 06:15:00,18.9
2025-06-12 09:01:00,24.1
2025-06-12 07:22:00,29.9
2025-06-12 10:57:00,94.1
2025-06-12 07:48:00,89.1
2025-06-12 16:42:00,71.8
2025-06-12 20:10:00,79.3
2025-06-12 03:37:00,50.16485882352941
2025-06-12 11:28:00,77.3
2025-06-12 07:22:00,50.16485882352941
2025-06-12 07:28:00,45.9
2025-06-12 03:34:00,9.0
2025-06-12 00:35:00,49.8
2025-06-12 12:26:00,20.4
2025-06-12 23:07:00,50.16485882352941
2025-06-12 23:29:00,50.16485882352941
2025-06-12 04:30:00,78.7
2025-06-12 17:52:00,50.16485882352941
2025-06-12 06:03:00,47.3
2025-06-12 06:21:00,95.3
2025-06-12 21:35:00,81.3
2025-06-12 12:50:00,50.16485882352941
2025-06-12 22:45:00,32.0
2025-06-12 09:41:00,50.16485882352941
2025-06-12 04:27:00,79.6
2025-06-12 13:38:00,0.6
2025-06-12 11:42:00,14.7
2025-06-12 20:16:00,24.0
2025-06-12 23:49:00,14.6
2025-06-12 14:00:00,50.16485882352941
2025-06-12 19:31:00,63.3
2025-06-12 05:59:00,67.6
2025-06-12 00:54:00,50.16485882352941
2025-06-12 02:35:00,48.9
2025-06-12 20:20:00,69.3
2025-06-12 00:17:00,16.9
2025-06-12 00:33:00,23.5
2025-06-12 22:04:00,50.16485882352941
2025-06-12 17:20:00,50.16485882352941
2025-06-12 13:44:00,16.2
2025-06-12 02:05:00,18.4
2025-06-12 21:55:00,2.9
2025-06-12 01:17:00,47.9
2025-06-12 20:33:00,82.0
2025-06-12 21:27:00,32.3
2025-06-12 08:39:00,50.16485882352941
2025-06-12 07:58:00,37.7
2025-06-12 00:51:00,77.7
2025-06-12 21:07:00,37.9
2025-06-12 20:53:00,35.5
2025-06-12 17:04:00,84.9
2025-06-12 08:44:00,41.5
2025-06-12 15:40:00,27.5
2025-06-12 16:02:00,31.1
2025-06-12 23:44:00,50.16485882352941
2025-06-12 18:26:00,73.7
2025-06-12 09:46:00,50.16485882352941
2025-06-12 05:57:00,50.16485882352941
2025-06-12 11:56:00,50.16485882352941
2025-06-12 18:15:00,31.0
2025-06-12 16:12:00,50.16485882352941
2025-06-12 04:45:00,64.9
2025-06-12 11:56:00,3.2
2025-06-12 09:00:00,14.9
2025-06-12 11:55:00,69.1
2025-06-12 11:40:00,56.0
2025-06-12 22:20:00,8.3
2025-06-12 21:03:00,16.0
2025-06-12 10:02:00,50.16485882352941
2025-06-12 02:08:00,97.6
2025-06-12 05:30:00,90.7
2025-06-12 08:49:00,4.4
2025-06-12 10:30:00,89.6
2025-06-12 00:13:00,32.5
2025-06-12 22:05:00,13.6
2025-06-12 01:05:00,64.2
2025-06-12 18:27:00,50.16485882352941
2025-06-12 10:17:00,12.1
2025-06-12 13:33:00,50.16485882352941
2025-06-12 13:07:00,50.16485882352941
2025-06-12 10:36:00,58.8
2025-06-12 22:49:00,30.5
2025-06-12 12:59:00,99.0
2025-06-12 04:43:00,78.5
2025-06-12 02:49:00,92.2
2025-06-12 22:31:00,83.1
2025-06-12 19:25:00,78.6
2025-06-12 03:10:00,13.2
2025-06-12 19:51:00,39.7
2025-06-12 06:16:00,50.16485882352941
2025-06-12 06:50:00,50.16485882352941
2025-06-12 07:34:00,77.5
2025-06-12 21:14:00,46.7
2025-06-12 08:34:00,9.5
2025-06-12 21:11:00,1.4
2025-06-12 09:59:00,55.5
2025-06-12 07:05:00,50.9
2025-06-12 20:19:00,49.7
2025-06-12 22:58:00,31.7
2025-06-12 14:36:00,49.40323484760014
2025-06-12 14:54:00,68.6
2025-06-12 09:39:00,25.7
2025-06-12 01:28:00,49.40323484760014
2025-06-12 17:56:00,49.40323484760014
2025-06-12 14:45:00,49.40323484760014
2025-06-12 16:35:00,9.0
2025-06-12 19:05:00,42.8
2025-06-12 19:22:00,52.6
2025-06-12 21:58:00,69.1
2025-06-12 06:43:00,91.4
2025-06-12 08:00:00,62.7
2025-06-12 08:32:00,45.0
2025-06-12 16:49:00,79.9
2025-06-12 04:38:00,33.0
2025-06-12 15:15:00,38.6
2025-06-12 22:58:00,49.40323484760014
2025-06-12 00:01:00,49.40323484760014
2025-06-12 21:08:00,53.4
2025-06-12 08:55:00,84.9
2025-06-12 17:54:00,68.6
2025-06-12 16:54:00,49.40323484760014
2025-06-12 03:36:00,70.3
2025-06-12 17:44:00,29.0
2025-06-12 22:23:00,49.40323484760014
2025-06-12 18:42:00,30.1
2025-06-12 23:25:00,85.4
2025-06-12 23:27:00,59.5
2025-06-12 05:24:00,49.40323484760014
2025-06-12 06:14:00,42.1
2025-06-12 04:56:00,76.0
2025-06-12 06:46:00,14.3
2025-06-12 22:38:00,68.8
2025-06-12 14:28:00,31.8
2025-06-12 09:28:00,33.8
2025-06-12 21:10:00,13.7
2025-06-12 02:39:00,11.0
2025-06-12 17:53:00,6.1
2025-06-12 09:03:00,52.5
2025-06-12 20:13:00,49.40323484760014
2025-06-12 21:06:00,49.40323484760014
2025-06-12 09:13:00,11.1
2025-06-12 05:59:00,50.6
2025-06-12 19:58:00,71.5
2025-06-12 17:50:00,11.8
2025-06-12 11:42:00,48.9
2025-06-12 12:56:00,77.9
2025-06-12 06:01:00,96.6
2025-06-12 04:37:00,40.7
2025-06-12 19:46:00,13.3
2025-06-12 11:10:00,16.6
2025-06-12 13:13:00,96.2
2025-06-12 17:10:00,49.40323484760014
2025-06-12 23:05:00,99.5
2025-06-12 03:28:00,91.3
2025-06-12 06:31:00,64.1
2025-06-12 01:41:00,48.2
2025-06-12 08:46:00,97.5
2025-06-12 14:18:00,22.7
2025-06-12 02:59:00,36.6
2025-06-12 13:50:00,95.5
2025-06-12 16:38:00,28.8
2025-06-12 04:26:00,15.9
2025-06-12 19:00:00,50.3
2025-06-12 00:05:00,70.3
2025-06-12 00:12:00,73.2
2025-06-12 14:55:00,49.40323484760014
2025-06-12 07:56:00,49.40323484760014
2025-06-12 01:44:00,97.8
2025-06-12 06:54:00,13.6
2025-06-12 21:25:00,45.3
2025-06-12 00:16:00,38.6
2025-06-12 13:04:00,56.1
2025-06-12 15:52:00,66.9
2025-06-12 08:08:00,61.3
2025-06-12 03:26:00,95.0
2025-06-12 20:15:00,53.4
2025-06-12 15:24:00,54.6
2025-06-12 03:50:00,88.2
2025-06-12 10:48:00,93.3
2025-06-12 11:14:00,98.1
2025-06-12 08:59:00,50.7
2025-06-12 09:32:00,44.5
2025-06-12 09:07:00,96.6
2025-06-12 21:24:00,39.4
2025-06-12 14:51:00,49.40323484760014
2025-06-12 04:58:00,34.1
2025-06-12 18:08:00,49.40323484760014
2025-06-12 09:53:00,51.2
2025-06-12 23:17:00,76.0
2025-06-12 19:40:00,85.9
2025-06-12 22:15:00,0.7
2025-06-12 08:33:00,81.3
2025-06-12 22:02:00,31.8
2025-06-12 07:32:00,54.7
2025-06-12 10:46:00,49.40323484760014
2025-06-12 20:04:00,72.6
2025-06-12 19:02:00,49.40323484760014
2025-06-12 03:28:00,49.40323484760014
2025-06-12 09:51:00,73.3
2025-06-12 16:03:00,35.7
2025-06-12 22:27:00,58.3
2025-06-12 08:00:00,33.8
2025-06-12 17:51:00,34.8
2025-06-12 01:09:00,79.5
2025-06-12 09:51:00,59.5
2025-06-12 01:56:00,81.0
2025-06-12 05:47:00,92.6
2025-06-12 01:10:00,55.3
2025-06-12 04:25:00,48.8
2025-06-12 22:03:00,62.9
2025-06-12 06:14:00,82.6
2025-06-12 09:18:00,83.4
2025-06-12 23:20:00,49.40323484760014
2025-06-12 11:39:00,70.0
2025-06-12 03:15:00,83.9
2025-06-12 01:04:00,49.40323484760014
2025-06-12 05:17:00,79.6
2025-06-12 00:05:00,13.2
2025-06-12 12:29:00,17.7
2025-06-12 15:35:00,9.7
2025-06-12 06:04:00,8.6
2025-06-12 10:14:00,13.2
2025-06-12 23:58:00,13.3
2025-06-12 01:46:00,64.4
2025-06-12 01:06:00,7.4
2025-06-12 12:37:00,49.1
2025-06-12 17:12:00,44.5
2025-06-12 14:34:00,75.2
2025-06-12 02:34:00,49.0
2025-06-12 09:18:00,12.7
2025-06-12 03:53:00,11.2
2025-06-12 01:33:00,54.4
2025-06-12 20:15:00,65.8
2025-06-12 22:50:00,59.4
2025-06-12 14:09:00,59.7
2025-06-12 08:15:00,61.3
2025-06-12 13:19:00,92.5
2025-06-12 17:23:00,59.5
2025-06-12 22:14:00,19.5
2025-06-12 17:32:00,43.0
2025-06-12 22:28:00,95.8
2025-06-12 14:06:00,49.40323484760014
2025-06-12 19:23:00,49.40323484760014
2025-06-12 08:17:00,42.4
2025-06-12 05:10:00,27.3
2025-06-12 05:50:00,31.3
2025-06-12 06:05:00,17.3
2025-06-12 00:29:00,68.1
2025-06-12 23:45:00,90.9
2025-06-12 19:05:00,3.3
2025-06-12 06:39:00,49.40323484760014
2025-06-12 10:32:00,59.9
2025-06-12 01:22:00,15.5
2025-06-12 08:50:00,6.3
2025-06-12 13:50:00,28.0
2025-06-12 14:11:00,49.40323484760014
2025-06-12 09:16:00,17.9
2025-06-12 12:01:00,33.5
2025-06-12 08:46:00,43.2
2025-06-12 19:21:00,33.7
2025-06-12 20:39:00,23.1
2025-06-12 03:37:00,23.6
2025-06-12 19:31:00,78.2
2025-06-12 17:47:00,49.40323484760014
2025-06-12 03:45:00,12.6
2025-06-12 22:10:00,16.0
2025-06-12 10:36:00,15.5
2025-06-12 09:23:00,6.3
2025-06-12 22:21:00,49.40323484760014
2025-06-12 15:39:00,20.2
2025-06-12 20:41:00,66.3
2025-06-12 04:35:00,70.5
2025-06-12 03:09:00,94.3
2025-06-12 03:26:00,91.2
2025-06-12 21:42:00,22.5
2025-06-12 21:33:00,52.7
2025-06-12 13:56:00,50.3
2025-06-12 08:55:00,4.5
2025-06-12 23:07:00,49.40323484760014
2025-06-12 00:54:00,11.2
2025-06-12 01:22:00,62.8
2025-06-12 04:52:00,87.5
2025-06-12 06:22:00,68.8
2025-06-12 15:19:00,55.4
2025-06-12 13:28:00,76.8
2025-06-12 04:17:00,47.9
2025-06-12 03:29:00,49.40323484760014
2025-06-12 09:45:00,48.6
2025-06-12 11:57:00,54.9
2025-06-12 21:46:00,14.3
2025-06-12 12:14:00,70.2
2025-06-12 10:00:00,47.7
2025-06-12 15:04:00,69.8
2025-06-12 13:18:00,38.1
2025-06-12 11:43:00,64.4
2025-06-12 09:08:00,42.3
2025-06-12 13:44:00,82.1
2025-06-12 06:50:00,86.1
2025-06-12 06:18:00,31.2
2025-06-12 21:19:00,31.6
2025-06-12 21:56:00,31.1
2025-06-12 02:32:00,39.8
2025-06-12 23:52:00,41.5
2025-06-12 14:16:00,18.1
2025-06-12 14:11:00,80.6
2025-06-12 01:24:00,69.1
2025-06-12 11:45:00,49.40323484760014
2025-06-12 01:05:00,76.2
2025-06-12 21:05:00,30.9
2025-06-12 04:16:00,53.3
2025-06-12 22:39:00,49.40323484760014
2025-06-12 11:12:00,64.2
2025-06-12 20:22:00,49.40323484760014
2025-06-12 19:41:00,1.3
2025-06-12 21:13:00,49.40323484760014
2025-06-12 12:02:00,49.40323484760014
2025-06-12 11:17:00,49.40323484760014
2025-06-12 10:28:00,14.1
2025-06-12 09:05:00,84.6
2025-06-12 14:24:00,16.0
2025-06-12 16:12:00,86.2
2025-06-12 20:14:00,6.0
2025-06-12 08:49:00,49.40323484760014
2025-06-12 06:56:00,35.8
2025-06-12 04:59:00,58.1
2025-06-12 20:23:00,49.40323484760014
2025-06-12 18:09:00,93.5
2025-06-12 15:30:00,3.9
2025-06-12 08:13:00,92.9
2025-06-12 09:44:00,94.0
2025-06-12 02:39:00,22.5
2025-06-12 21:18:00,77.2
2025-06-12 19:36:00,88.5
2025-06-12 17:38:00,73.8
2025-06-12 20:17:00,53.3
2025-06-12 05:11:00,47.1
2025-06-12 09:29:00,84.4
2025-06-12 12:05:00,49.40323484760014
2025-06-12 23:40:00,93.2
2025-06-12 09:32:00,19.0
2025-06-12 13:10:00,5.3
2025-06-12 22:14:00,41.1
2025-06-12 23:03:00,91.7
2025-06-12 13:15:00,7.4
2025-06-12 05:57:00,35.4
2025-06-12 06:25:00,77.5
2025-06-12 14:17:00,5.2
2025-06-12 00:50:00,69.6
2025-06-12 15:45:00,62.8
2025-06-12 23:42:00,70.5
2025-06-12 16:08:00,77.5
2025-06-12 11:18:00,24.9
2025-06-12 04:13:00,66.7
2025-06-12 01:47:00,49.8
2025-06-12 19:23:00,63.0
2025-06-12 23:22:00,49.40323484760014
2025-06-12 20:42:00,64.3
2025-06-12 16:08:00,8.3
2025-06-12 05:01:00,97.3
2025-06-12 10:25:00,51.7
2025-06-12 21:47:00,35.0
2025-06-12 03:28:00,48.6
2025-06-12 01:31:00,54.6
2025-06-12 15:16:00,21.1
2025-06-12 13:35:00,14.3
2025-06-12 13:51:00,33.7
2025-06-12 21:06:00,74.3
2025-06-12 00:40:00,86.7
2025-06-12 04:40:00,49.40323484760014
2025-06-12 03:42:00,27.7
2025-06-12 00:30:00,74.8
2025-06-12 18:41:00,83.4
2025-06-12 18:49:00,49.40323484760014
2025-06-12 15:13:00,65.8
2025-06-12 01:35:00,13.7
2025-06-12 07:48:00,49.40323484760014
2025-06-12 17:17:00,54.6
2025-06-12 11:35:00,66.1
2025-06-12 16:25:00,2.6
2025-06-12 22:34:00,86.4
2025-06-12 16:27:00,41.7
2025-06-12 14:55:00,1.3
2025-06-12 14:45:00,50.7
2025-06-12 19:55:00,29.5
2025-06-12 05:19:00,49.40323484760014
2025-06-12 13:47:00,50.4
2025-06-12 03:22:00,7.2
2025-06-12 07:06:00,57.4
2025-06-12 00:18:00,41.8
2025-06-12 17:26:00,58.0
2025-06-12 16:09:00,2.0
2025-06-12 12:27:00,18.8
2025-06-12 06:38:00,49.40323484760014
2025-06-12 07:42:00,21.4
2025-06-12 21:32:00,8.1
2025-06-12 05:42:00,50.6
2025-06-12 08:01:00,52.4
2025-06-12 11:58:00,20.1
2025-06-12 07:43:00,70.1
2025-06-12 16:24:00,48.0
2025-06-12 00:07:00,89.6
2025-06-12 04:17:00,80.6
2025-06-12 04:34:00,75.6
2025-06-12 00:44:00,38.6
2025-06-12 04:15:00,49.40323484760014
2025-06-12 02:09:00,24.7
2025-06-12 01:56:00,13.4
2025-06-12 17:53:00,22.6
2025-06-12 06:18:00,75.1
2025-06-12 12:18:00,51.7
2025-06-12 07:07:00,88.4
2025-06-12 11:55:00,63.8
2025-06-12 23:37:00,9.3
2025-06-12 16:24:00,95.9
2025-06-12 00:30:00,29.0
2025-06-12 23:54:00,39.8
2025-06-12 09:48:00,12.6
2025-06-12 12:18:00,26.3
2025-06-12 05:36:00,91.5
2025-06-12 17:20:00,50.400661703887515
2025-06-12 09:05:00,76.8
2025-06-12 19:03:00,50.400661703887515
2025-06-12 03:13:00,91.9
2025-06-12 08:50:00,56.0
2025-06-12 06:42:00,76.4
2025-06-12 08:22:00,56.1
2025-06-12 03:27:00,73.0
2025-06-12 04:52:00,27.4
2025-06-12 15:56:00,4.1
2025-06-12 05:52:00,75.6
2025-06-12 18:20:00,39.5
2025-06-12 02:20:00,8.4
2025-06-12 11:33:00,27.3
2025-06-12 23:02:00,99.2
2025-06-12 02:36:00,76.8
2025-06-12 23:45:00,93.4
2025-06-12 03:44:00,23.5
2025-06-12 16:34:00,8.0
2025-06-12 21:12:00,79.4
2025-06-12 11:07:00,0.5
2025-06-12 17:50:00,10.8
2025-06-12 23:45:00,52.3
2025-06-12 14:28:00,24.5
2025-06-12 00:41:00,50.400661703887515
2025-06-12 01:21:00,97.1
2025-06-12 09:23:00,23.1
2025-06-12 08:54:00,96.5
2025-06-12 06:38:00,50.400661703887515
2025-06-12 20:18:00,59.4
2025-06-12 20:08:00,3.6
2025-06-12 02:58:00,76.4
2025-06-12 05:22:00,12.0
2025-06-12 07:47:00,50.400661703887515
2025-06-12 22:57:00,71.6
2025-06-12 15:54:00,63.2
2025-06-12 10:10:00,27.2
2025-06-12 18:59:00,95.9
2025-06-12 21:17:00,22.5
2025-06-12 01:36:00,95.2
2025-06-12 19:27:00,39.4
2025-06-12 22:40:00,50.400661703887515
2025-06-12 03:13:00,40.5
2025-06-12 14:56:00,50.400661703887515
2025-06-12 11:10:00,97.9
2025-06-12 09:25:00,74.9
2025-06-12 21:19:00,16.8
2025-06-12 09:13:00,76.3
2025-06-12 22:25:00,91.4
2025-06-12 11:45:00,59.6
2025-06-12 05:19:00,92.2
2025-06-12 22:48:00,20.6
2025-06-12 03:58:00,26.2
2025-06-12 09:12:00,37.0
2025-06-12 06:23:00,88.0
2025-06-12 06:18:00,17.5
2025-06-12 01:20:00,61.6
2025-06-12 22:03:00,75.5
2025-06-12 13:15:00,47.1
2025-06-12 05:00:00,50.400661703887515
2025-06-12 03:22:00,53.9
2025-06-12 16:25:00,14.0
2025-06-12 13:11:00,75.9
2025-06-12 06:37:00,33.1
2025-06-12 13:03:00,50.400661703887515
2025-06-12 07:58:00,88.4
2025-06-12 09:06:00,50.400661703887515
2025-06-12 10:46:00,50.1
2025-06-12 12:17:00,50.400661703887515
2025-06-12 13:46:00,39.7
2025-06-12 14:55:00,66.4
2025-06-12 07:51:00,13.4
2025-06-12 11:25:00,28.9
2025-06-12 13:28:00,17.5
2025-06-12 22:07:00,50.400661703887515
2025-06-12 05:21:00,99.5
2025-06-12 04:39:00,52.2
2025-06-12 08:25:00,20.2
2025-06-12 11:43:00,50.400661703887515
2025-06-12 17:13:00,50.400661703887515
2025-06-12 10:37:00,48.0
2025-06-12 03:25:00,50.8
2025-06-12 13:23:00,70.9
2025-06-12 18:41:00,86.6
2025-06-12 17:01:00,37.4
2025-06-12 22:47:00,80.5
2025-06-12 05:54:00,65.3
2025-06-12 23:31:00,58.3
2025-06-12 11:58:00,18.2
2025-06-12 01:37:00,55.9
2025-06-12 07:46:00,46.0
2025-06-12 08:54:00,50.400661703887515
2025-06-12 20:41:00,97.9
2025-06-12 20:09:00,21.1
2025-06-12 12:21:00,21.9
2025-06-12 10:47:00,50.400661703887515
2025-06-12 05:31:00,36.7
2025-06-12 18:36:00,67.6
2025-06-12 04:51:00,91.7
2025-06-12 03:15:00,25.2
2025-06-12 13:29:00,44.2
2025-06-12 08:13:00,33.0
2025-06-12 12:01:00,33.0
2025-06-12 20:01:00,50.400661703887515
2025-06-12 15:48:00,43.2
2025-06-12 22:49:00,19.4
2025-06-12 23:00:00,81.4
2025-06-12 14:12:00,20.5
2025-06-12 03:37:00,16.6
2025-06-12 19:03:00,77.2
2025-06-12 23:02:00,50.400661703887515
2025-06-12 22:00:00,10.7
2025-06-12 02:12:00,54.0
2025-06-12 13:28:00,63.7
2025-06-12 07:21:00,24.6
2025-06-12 14:53:00,76.0
2025-06-12 06:23:00,12.1
2025-06-12 11:53:00,74.9
2025-06-12 01:12:00,86.5
2025-06-12 17:12:00,97.5
2025-06-12 10:46:00,49.2
2025-06-12 01:09:00,30.6
2025-06-12 04:14:00,50.400661703887515
2025-06-12 07:18:00,20.1
2025-06-12 15:48:00,67.4
2025-06-12 21:39:00,43.7
2025-06-12 13:23:00,86.0
2025-06-12 06:29:00,59.8
2025-06-12 05:59:00,6.1
2025-06-12 09:27:00,10.0
2025-06-12 14:51:00,11.7
2025-06-12 13:08:00,50.400661703887515
2025-06-12 07:59:00,84.0
2025-06-12 11:09:00,67.5
2025-06-12 02:18:00,83.6
2025-06-12 22:38:00,41.6
2025-06-12 22:56:00,27.7
2025-06-12 15:17:00,61.9
2025-06-12 01:11:00,99.1
2025-06-12 15:31:00,50.400661703887515
2025-06-12 21:27:00,50.400661703887515
2025-06-12 22:25:00,50.400661703887515
2025-06-12 21:13:00,42.0
2025-06-12 22:00:00,41.5
2025-06-12 03:39:00,34.9
2025-06-12 13:08:00,59.9
2025-06-12 10:52:00,55.0
2025-06-12 22:10:00,52.3
2025-06-12 03:10:00,50.400661703887515
2025-06-12 04:45:00,16.1
2025-06-12 09:40:00,14.7
2025-06-12 18:47:00,18.7
2025-06-12 21:11:00,11.0
2025-06-12 10:17:00,13.6
2025-06-12 13:25:00,26.3
2025-06-12 09:01:00,47.3
2025-06-12 21:19:00,53.6
2025-06-12 15:30:00,22.3
2025-06-12 07:43:00,47.9
2025-06-12 03:24:00,0.6
2025-06-12 11:06:00,65.3
2025-06-12 00:58:00,50.400661703887515
2025-06-12 05:49:00,27.9
2025-06-12 19:12:00,37.1
2025-06-12 05:41:00,52.2
2025-06-12 06:12:00,40.1
2025-06-12 21:38:00,64.3
2025-06-12 18:22:00,96.4
2025-06-12 10:22:00,68.3
2025-06-12 21:42:00,3.0
2025-06-12 04:54:00,31.7
2025-06-12 04:58:00,56.7
2025-06-12 05:16:00,59.2
2025-06-12 08:26:00,10.6
2025-06-12 13:33:00,74.7
2025-06-12 19:05:00,50.400661703887515
2025-06-12 11:58:00,34.7
2025-06-12 18:56:00,74.4
2025-06-12 10:52:00,67.7
2025-06-12 10:46:00,8.4
2025-06-12 12:06:00,85.8
2025-06-12 14:54:00,15.2
2025-06-12 14:00:00,34.0
2025-06-12 14:45:00,34.7
2025-06-12 07:14:00,15.5
2025-06-12 10:22:00,50.400661703887515
2025-06-12 00:13:00,17.0
2025-06-12 04:24:00,51.0
2025-06-12 00:14:00,82.5
2025-06-12 16:34:00,78.8
2025-06-12 23:25:00,40.7
2025-06-12 15:48:00,80.9
2025-06-12 11:06:00,22.6
2025-06-12 16:18:00,18.8
2025-06-12 09:29:00,88.8
2025-06-12 08:18:00,50.400661703887515
2025-06-12 00:01:00,54.0
2025-06-12 20:15:00,77.4
2025-06-12 23:54:00,15.3
2025-06-12 08:12:00,19.7
2025-06-12 06:28:00,83.1
2025-06-12 21:20:00,56.8
2025-06-12 18:06:00,31.1
2025-06-12 14:31:00,82.7
2025-06-12 02:50:00,27.6
2025-06-12 07:13:00,30.2
2025-06-12 17:13:00,18.5
2025-06-12 04:24:00,50.400661703887515
2025-06-12 09:56:00,91.7
2025-06-12 04:26:00,68.3
2025-06-12 10:54:00,51.9
2025-06-12 13:40:00,7.3
2025-06-12 17:02:00,66.1
2025-06-12 00:58:00,90.0
2025-06-12 15:19:00,50.400661703887515
2025-06-12 11:13:00,70.2
2025-06-12 04:47:00,93.1
2025-06-12 02:19:00,55.5
2025-06-12 01:41:00,50.400661703887515
2025-06-12 03:42:00,46.0
2025-06-12 00:19:00,53.9
2025-06-12 18:04:00,50.400661703887515
2025-06-12 16:29:00,61.7
2025-06-12 00:48:00,50.400661703887515
2025-06-12 13:21:00,90.9
2025-06-12 21:46:00,94.6
2025-06-12 19:52:00,50.400661703887515
2025-06-12 15:20:00,17.5
2025-06-12 15:13:00,48.4
2025-06-12 20:00:00,12.2
2025-06-12 16:03:00,50.400661703887515
2025-06-12 11:52:00,9.6
2025-06-12 16:22:00,20.1
2025-06-12 07:03:00,93.6
2025-06-12 14:37:00,68.9
2025-06-12 00:49:00,1.4
2025-06-12 21:21:00,36.8
2025-06-12 13:19:00,27.6
2025-06-12 06:38:00,51.0
2025-06-12 03:33:00,99.0
2025-06-12 08:27:00,55.9
2025-06-12 23:53:00,12.4
2025-06-12 20:48:00,70.3
2025-06-12 18:05:00,78.0
2025-06-12 03:41:00,41.2
2025-06-12 12:50:00,46.6
2025-06-12 07:51:00,75.8
2025-06-12 08:07:00,32.7
2025-06-12 20:14:00,50.400661703887515
2025-06-12 00:04:00,50.400661703887515
2025-06-12 02:01:00,50.400661703887515
2025-06-12 20:00:00,30.7
2025-06-12 02:23:00,19.7
2025-06-12 19:10:00,74.6
2025-06-12 09:44:00,50.400661703887515
2025-06-12 03:09:00,46.8
2025-06-12 03:02:00,36.2
2025-06-12 19:15:00,81.1
2025-06-12 16:55:00,63.0
2025-06-12 22:28:00,23.0
2025-06-12 12:58:00,50.400661703887515
2025-06-12 01:01:00,50.400661703887515
2025-06-12 18:02:00,82.9
2025-06-12 16:08:00,50.400661703887515
2025-06-12 09:53:00,2.1
2025-06-12 13:07:00,50.400661703887515
2025-06-12 10:41:00,68.7
2025-06-12 12:21:00,29.8
2025-06-12 23:53:00,40.3
2025-06-12 04:56:00,45.8
2025-06-12 15:38:00,50.400661703887515
2025-06-12 12:46:00,46.2
2025-06-12 06:32:00,82.7
2025-06-12 08:57:00,0.0
2025-06-12 12:01:00,51.6
2025-06-12 18:50:00,56.9
2025-06-12 22:17:00,4.5
2025-06-12 06:06:00,89.5
2025-06-12 03:08:00,94.5
2025-06-12 00:24:00,64.5
2025-06-12 05:15:00,85.3
2025-06-12 04:42:00,33.1
2025-06-12 07:39:00,77.2
2025-06-12 10:04:00,71.5
2025-06-12 15:28:00,29.3
2025-06-12 18:33:00,21.9
2025-06-12 01:20:00,81.0
2025-06-12 01:42:00,10.1
2025-06-12 16:57:00,59.9
2025-06-12 05:58:00,40.9
2025-06-12 06:31:00,50.400661703887515
2025-06-12 18:28:00,9.2
2025-06-12 19:14:00,20.0
2025-06-12 19:25:00,39.3
2025-06-12 10:12:00,2.6
2025-06-12 01:37:00,92.1
2025-06-12 07:15:00,10.7
2025-06-12 16:46:00,82.9
2025-06-12 07:38:00,15.5
2025-06-12 04:50:00,52.2
2025-06-12 09:39:00,15.9
2025-06-12 11:00:00,52.4
2025-06-12 21:10:00,14.1
2025-06-12 13:44:00,50.400661703887515
2025-06-12 20:18:00,89.8
2025-06-12 21:40:00,73.9
2025-06-12 07:59:00,24.0
2025-06-12 02:04:00,50.400661703887515
2025-06-12 11:18:00,63.0
2025-06-12 18:22:00,99.2
2025-06-12 17:34:00,3.3
2025-06-12 18:30:00,37.7
2025-06-12 09:06:00,63.3
2025-06-12 01:07:00,73.4
2025-06-12 11:43:00,23.3
2025-06-12 15:13:00,73.9
2025-06-12 01:30:00,3.1
2025-06-12 22:45:00,33.5
2025-06-12 08:53:00,19.6
2025-06-12 02:27:00,50.400661703887515
2025-06-12 06:57:00,97.7
2025-06-12 22:26:00,56.2
2025-06-12 18:02:00,32.2
2025-06-12 07:39:00,29.4
2025-06-12 04:31:00,84.9
2025-06-12 06:08:00,24.2
2025-06-12 09:04:00,62.9
2025-06-12 22:27:00,11.3
2025-06-12 10:56:00,50.400661703887515
2025-06-12 08:22:00,64.4
2025-06-12 11:55:00,93.4
2025-06-12 12:59:00,41.5
2025-06-12 03:32:00,49.84418741885991
2025-06-12 06:54:00,1.0
2025-06-12 15:39:00,19.0
2025-06-12 04:16:00,48.9
2025-06-12 15:19:00,1.4
2025-06-12 06:33:00,82.2
2025-06-12 20:45:00,49.84418741885991
2025-06-12 01:48:00,94.1
2025-06-12 17:55:00,14.5
2025-06-12 02:31:00,46.1
2025-06-12 08:05:00,13.5
2025-06-12 00:33:00,27.4
2025-06-12 10:57:00,84.1
2025-06-12 20:59:00,49.84418741885991
2025-06-12 14:46:00,82.9
2025-06-12 03:47:00,7.4
2025-06-12 03:08:00,49.84418741885991
2025-06-12 22:50:00,49.84418741885991
2025-06-12 06:14:00,6.9
2025-06-12 22:44:00,83.4
2025-06-12 06:59:00,91.0
2025-06-12 15:10:00,2.4
2025-06-12 21:39:00,30.6
2025-06-12 19:08:00,90.7
2025-06-12 07:55:00,32.3
2025-06-12 22:48:00,54.6
2025-06-12 19:39:00,74.8
2025-06-12 01:13:00,49.84418741885991
2025-06-12 20:14:00,49.84418741885991
2025-06-12 03:10:00,62.3
2025-06-12 17:36:00,49.84418741885991
2025-06-12 23:21:00,76.9
2025-06-12 19:44:00,37.9
2025-06-12 03:51:00,80.0
2025-06-12 17:44:00,2.4
2025-06-12 07:11:00,32.9
2025-06-12 08:02:00,66.9
2025-06-12 08:58:00,95.1
2025-06-12 05:56:00,22.9
2025-06-12 20:56:00,73.8
2025-06-12 06:58:00,98.8
2025-06-12 06:11:00,50.0
2025-06-12 16:04:00,68.6
2025-06-12 13:59:00,92.1
2025-06-12 00:50:00,64.8
2025-06-12 09:54:00,74.0
2025-06-12 21:31:00,23.3
2025-06-12 13:15:00,1.6
2025-06-12 20:31:00,43.9
2025-06-12 10:46:00,65.4
2025-06-12 08:36:00,28.0
2025-06-12 14:24:00,23.0
2025-06-12 14:31:00,86.0
2025-06-12 22:11:00,26.0
2025-06-12 16:41:00,49.84418741885991
2025-06-12 01:08:00,34.5
2025-06-12 17:38:00,55.7
2025-06-12 11:46:00,72.5
2025-06-12 13:49:00,39.9
2025-06-12 06:25:00,62.0
2025-06-12 23:46:00,23.3
2025-06-12 09:46:00,86.5
2025-06-12 05:24:00,9.5
2025-06-12 20:59:00,83.9
2025-06-12 10:46:00,74.0
2025-06-12 22:16:00,66.6
2025-06-12 17:53:00,0.5
2025-06-12 19:59:00,57.6
2025-06-12 11:33:00,4.4
2025-06-12 08:26:00,27.9
2025-06-12 11:42:00,32.9
2025-06-12 07:17:00,14.2
2025-06-12 19:04:00,53.6
2025-06-12 13:02:00,41.2
2025-06-12 05:52:00,71.6
2025-06-12 03:02:00,81.8
2025-06-12 20:18:00,92.8
2025-06-12 06:58:00,26.3
2025-06-12 04:29:00,93.1
2025-06-12 14:14:00,49.84418741885991
2025-06-12 01:32:00,49.84418741885991
2025-06-12 19:02:00,49.84418741885991
2025-06-12 23:24:00,9.9
2025-06-12 19:27:00,46.0
2025-06-12 20:53:00,50.2
2025-06-12 15:37:00,49.84418741885991
2025-06-12 09:42:00,96.0
2025-06-12 23:34:00,37.3
2025-06-12 02:01:00,88.6
2025-06-12 22:00:00,46.0
2025-06-12 05:40:00,49.84418741885991
2025-06-12 11:46:00,73.2
2025-06-12 00:10:00,9.0
2025-06-12 06:08:00,49.84418741885991
2025-06-12 18:32:00,92.7
2025-06-12 09:08:00,91.8
2025-06-12 07:46:00,11.4
2025-06-12 08:07:00,57.5
2025-06-12 11:08:00,64.9
2025-06-12 05:08:00,47.0
2025-06-12 04:32:00,49.84418741885991
2025-06-12 07:28:00,94.4
2025-06-12 09:59:00,64.3
2025-06-12 12:27:00,54.0
2025-06-12 16:40:00,49.84418741885991
2025-06-12 02:52:00,32.3
2025-06-12 12:34:00,19.1
2025-06-12 07:27:00,56.9
2025-06-12 11:21:00,47.0
2025-06-12 14:39:00,49.84418741885991
2025-06-12 06:17:00,26.3
2025-06-12 00:46:00,4.4
2025-06-12 06:36:00,98.7
2025-06-12 21:57:00,44.3
2025-06-12 16:29:00,3.2
2025-06-12 00:33:00,84.6
2025-06-12 20:52:00,14.1
2025-06-12 14:11:00,88.2
2025-06-12 07:34:00,68.7
2025-06-12 05:21:00,73.6
2025-06-12 13:55:00,49.84418741885991
2025-06-12 09:18:00,5.8
2025-06-12 01:04:00,30.4
2025-06-12 01:11:00,82.3
2025-06-12 15:18:00,49.84418741885991
2025-06-12 02:54:00,43.5
2025-06-12 11:06:00,9.9
2025-06-12 03:22:00,0.0
2025-06-12 09:18:00,25.9
2025-06-12 14:25:00,95.4
2025-06-12 03:27:00,93.8
2025-06-12 03:39:00,49.84418741885991
2025-06-12 00:11:00,43.6
2025-06-12 20:44:00,68.2
2025-06-12 12:36:00,28.6
2025-06-12 09:17:00,16.5
2025-06-12 06:31:00,13.1
2025-06-12 11:19:00,40.1
2025-06-12 16:02:00,78.8
2025-06-12 09:38:00,11.0
2025-06-12 13:17:00,40.0
2025-06-12 02:26:00,28.9
2025-06-12 01:41:00,92.8
2025-06-12 13:22:00,94.4
2025-06-12 10:12:00,40.8
2025-06-12 09:57:00,78.8
2025-06-12 02:57:00,56.2
2025-06-12 17:44:00,92.6
2025-06-12 11:56:00,0.3
2025-06-12 22:10:00,76.5
2025-06-12 13:30:00,49.2
2025-06-12 06:16:00,31.9
2025-06-12 17:58:00,26.3
2025-06-12 16:36:00,66.6
2025-06-12 19:01:00,64.2
2025-06-12 14:59:00,49.84418741885991
2025-06-12 03:33:00,95.4
2025-06-12 21:29:00,95.4
2025-06-12 06:29:00,82.0
2025-06-12 06:45:00,47.9
2025-06-12 11:27:00,52.6
2025-06-12 19:39:00,49.84418741885991
2025-06-12 23:34:00,65.5
2025-06-12 07:00:00,49.84418741885991
2025-06-12 23:57:00,24.4
2025-06-12 12:05:00,49.84418741885991
2025-06-12 11:57:00,85.7
2025-06-12 21:23:00,19.5
2025-06-12 07:06:00,33.5
2025-06-12 19:32:00,68.1
2025-06-12 01:57:00,47.3
2025-06-12 08:07:00,52.7
2025-06-12 13:01:00,63.9
2025-06-12 01:10:00,7.6
2025-06-12 00:32:00,94.8
2025-06-12 17:40:00,99.8
2025-06-12 13:46:00,57.5
2025-06-12 03:11:00,76.7
2025-06-12 03:51:00,61.8
2025-06-12 11:41:00,60.4
2025-06-12 15:09:00,88.1
2025-06-12 07:41:00,10.5
2025-06-12 08:49:00,34.0
2025-06-12 05:40:00,35.0
2025-06-12 15:44:00,96.2
2025-06-12 06:25:00,49.84418741885991
2025-06-12 06:14:00,39.3
2025-06-12 17:17:00,44.4
2025-06-12 19:06:00,20.2
2025-06-12 05:38:00,67.4
2025-06-12 17:52:00,49.84418741885991
2025-06-12 10:33:00,76.8
2025-06-12 16:35:00,71.7
2025-06-12 01:45:00,51.9
2025-06-12 23:26:00,20.3
2025-06-12 17:17:00,85.4
2025-06-12 16:03:00,17.8
2025-06-12 10:44:00,33.9
2025-06-12 14:14:00,33.5
2025-06-12 18:57:00,49.84418741885991
2025-06-12 01:31:00,67.6
2025-06-12 18:38:00,55.4
2025-06-12 22:33:00,49.84418741885991
2025-06-12 02:50:00,54.3
2025-06-12 16:33:00,49.84418741885991
2025-06-12 13:55:00,31.3
2025-06-12 05:52:00,49.84418741885991
2025-06-12 16:32:00,0.6
2025-06-12 23:20:00,10.7
2025-06-12 19:21:00,7.6
2025-06-12 08:41:00,8.0
2025-06-12 19:06:00,49.84418741885991
2025-06-12 13:36:00,66.3
2025-06-12 22:12:00,65.9
2025-06-12 18:15:00,81.5
2025-06-12 08:36:00,33.1
2025-06-12 15:15:00,49.84418741885991
2025-06-12 11:02:00,77.8
2025-06-12 23:00:00,52.7
2025-06-12 08:38:00,92.9
2025-06-12 20:07:00,58.5
2025-06-12 03:23:00,22.4
2025-06-12 15:24:00,75.4
2025-06-12 14:31:00,98.0
2025-06-12 05:57:00,60.1
2025-06-12 13:37:00,51.1
2025-06-12 19:13:00,25.4
2025-06-12 18:29:00,13.2
2025-06-12 13:24:00,90.8
2025-06-12 02:13:00,49.84418741885991
2025-06-12 15:57:00,99.8
2025-06-12 16:00:00,49.84418741885991
2025-06-12 22:51:00,72.4
2025-06-12 21:22:00,52.2
2025-06-12 07:15:00,63.7
2025-06-12 14:49:00,37.7
2025-06-12 12:22:00,67.9
2025-06-12 22:54:00,13.1
2025-06-12 10:29:00,2.1
2025-06-12 00:45:00,49.84418741885991
2025-06-12 11:55:00,12.3
2025-06-12 23:47:00,49.84418741885991
2025-06-12 18:06:00,73.9
2025-06-12 14:03:00,75.9
2025-06-12 10:58:00,25.6
2025-06-12 06:27:00,46.3
2025-06-12 02:54:00,3.7
2025-06-12 23:35:00,62.1
2025-06-12 06:31:00,47.2
2025-06-12 12:18:00,35.9
2025-06-12 15:49:00,53.4
2025-06-12 21:10:00,60.7
2025-06-12 19:47:00,49.84418741885991
2025-06-12 21:22:00,45.7
2025-06-12 06:26:00,49.84418741885991
2025-06-12 22:34:00,77.2
2025-06-12 05:54:00,66.4
2025-06-12 01:21:00,96.9
2025-06-12 22:26:00,75.4
2025-06-12 20:33:00,30.9
2025-06-12 17:25:00,68.4
2025-06-12 22:45:00,35.6
2025-06-12 02:43:00,38.7
2025-06-12 09:34:00,63.2
2025-06-12 13:12:00,95.1
2025-06-12 20:11:00,29.1
2025-06-12 01:57:00,28.7
2025-06-12 16:16:00,13.8
2025-06-12 06:34:00,37.1
2025-06-12 22:07:00,13.2
2025-06-12 05:32:00,2.0
2025-06-12 12:29:00,32.3
2025-06-12 05:27:00,96.3
2025-06-12 00:34:00,49.84418741885991
2025-06-12 06:41:00,35.1
2025-06-12 19:43:00,20.5
2025-06-12 08:19:00,42.3
2025-06-12 23:08:00,7.3
2025-06-12 04:23:00,29.6
2025-06-12 02:33:00,26.4
2025-06-12 16:34:00,49.84418741885991
2025-06-12 17:50:00,74.6
2025-06-12 21:13:00,52.6
2025-06-12 05:43:00,86.7
2025-06-12 17:31:00,7.8
2025-06-12 09:31:00,10.7
2025-06-12 06:27:00,26.8
2025-06-12 14:14:00,24.4
2025-06-12 00:56:00,55.0
2025-06-12 00:08:00,3.9
2025-06-12 19:00:00,22.9
2025-06-12 18:18:00,49.84418741885991
2025-06-12 16:22:00,35.7
2025-06-12 18:23:00,44.4
2025-06-12 18:27:00,55.2
2025-06-12 16:04:00,96.3
2025-06-12 03:26:00,28.1
2025-06-12 02:53:00,52.9
2025-06-12 09:05:00,54.6
2025-06-12 22:56:00,77.2
2025-06-12 14:04:00,34.0
2025-06-12 14:56:00,96.6
2025-06-12 01:06:00,14.2
2025-06-12 16:16:00,11.3
2025-06-12 10:46:00,65.0
2025-06-12 01:37:00,32.3
2025-06-12 05:07:00,98.1
2025-06-12 02:39:00,38.9
2025-06-12 06:20:00,57.9
2025-06-12 10:50:00,49.84418741885991
2025-06-12 12:31:00,59.9
2025-06-12 01:32:00,43.5
2025-06-12 14:33:00,14.0
2025-06-12 01:14:00,29.3
2025-06-12 18:20:00,94.7
2025-06-12 07:43:00,94.0
2025-06-12 06:28:00,53.7
2025-06-12 05:54:00,89.9
2025-06-12 15:51:00,32.7
2025-06-12 09:51:00,14.0
2025-06-12 07:58:00,64.1
2025-06-12 04:16:00,58.4
2025-06-12 18:59:00,0.6
2025-06-12 18:18:00,58.4
2025-06-12 14:50:00,67.8
2025-06-12 20:01:00,58.5
2025-06-12 06:13:00,3.0
2025-06-12 12:59:00,46.2
2025-06-12 08:01:00,75.6
2025-06-12 21:10:00,18.7
2025-06-12 11:48:00,5.0
2025-06-12 04:37:00,40.1
2025-06-12 13:25:00,59.7
2025-06-12 04:10:00,6.5
2025-06-12 19:06:00,28.0
2025-06-12 04:31:00,61.4
2025-06-12 02:17:00,50.31892714921527
2025-06-12 08:56:00,89.8
2025-06-12 15:39:00,10.0
2025-06-12 04:51:00,54.5
2025-06-12 07:24:00,0.8
2025-06-12 04:19:00,23.2
2025-06-12 01:04:00,65.7
2025-06-12 10:22:00,50.31892714921527
2025-06-12 09:41:00,50.31892714921527
2025-06-12 22:14:00,84.6
2025-06-12 14:31:00,61.6
2025-06-12 22:24:00,4.7
2025-06-12 03:56:00,89.3
2025-06-12 18:14:00,50.31892714921527
2025-06-12 08:30:00,50.31892714921527
2025-06-12 18:00:00,46.8
2025-06-12 13:01:00,94.1
2025-06-12 07:32:00,37.4
2025-06-12 02:46:00,83.4
2025-06-12 06:37:00,64.0
2025-06-12 22:59:00,5.3
2025-06-12 11:49:00,62.1
2025-06-12 17:19:00,50.2
2025-06-12 15:39:00,37.0
2025-06-12 03:56:00,35.2
2025-06-12 10:27:00,32.0
2025-06-12 10:59:00,11.0
2025-06-12 18:32:00,10.0
2025-06-12 06:36:00,66.1
2025-06-12 01:21:00,64.9
2025-06-12 04:43:00,66.1
2025-06-12 16:32:00,62.5
2025-06-12 11:32:00,26.9
2025-06-12 15:36:00,78.6
2025-06-12 05:12:00,19.1
2025-06-12 18:18:00,50.0
2025-06-12 13:31:00,50.31892714921527
2025-06-12 01:30:00,94.9
2025-06-12 08:59:00,26.4
2025-06-12 17:42:00,57.4
2025-06-12 21:13:00,37.8
2025-06-12 08:05:00,60.7
2025-06-12 13:21:00,74.3
2025-06-12 19:03:00,6.7
2025-06-12 03:22:00,83.6
2025-06-12 19:15:00,50.31892714921527
2025-06-12 20:44:00,43.1
2025-06-12 17:28:00,93.3
2025-06-12 11:17:00,44.3
2025-06-12 03:10:00,24.5
2025-06-12 03:11:00,41.2
2025-06-12 01:35:00,50.31892714921527
2025-06-12 14:03:00,88.1
2025-06-12 01:06:00,73.0
2025-06-12 09:29:00,70.9
2025-06-12 00:47:00,17.5
2025-06-12 01:12:00,16.8
2025-06-12 05:16:00,90.7
2025-06-12 02:28:00,35.7
2025-06-12 04:36:00,33.6
2025-06-12 00:41:00,61.0
2025-06-12 21:39:00,61.2
2025-06-12 10:55:00,67.8
2025-06-12 20:22:00,59.2
2025-06-12 00:57:00,21.0
2025-06-12 14:18:00,67.2
2025-06-12 21:11:00,78.6
2025-06-12 23:41:00,51.5
2025-06-12 18:15:00,56.9
2025-06-12 12:45:00,63.1
2025-06-12 14:27:00,46.6
2025-06-12 15:19:00,25.5
2025-06-12 14:03:00,0.5
2025-06-12 08:39:00,73.7
2025-06-12 11:13:00,71.0
2025-06-12 09:45:00,50.31892714921527
2025-06-12 00:26:00,3.1
2025-06-12 03:18:00,4.1
2025-06-12 11:30:00,56.0
2025-06-12 13:29:00,94.7
2025-06-12 05:05:00,61.9
2025-06-12 01:46:00,83.0
2025-06-12 04:42:00,14.1
2025-06-12 08:41:00,50.31892714921527
2025-06-12 21:20:00,32.5
2025-06-12 04:20:00,6.6
2025-06-12 03:21:00,70.6
2025-06-12 18:16:00,91.9
2025-06-12 18:46:00,58.3
2025-06-12 10:09:00,50.31892714921527
2025-06-12 19:43:00,60.1
2025-06-12 14:41:00,85.8
2025-06-12 02:29:00,62.3
2025-06-12 02:07:00,89.1
2025-06-12 11:00:00,74.0
2025-06-12 01:29:00,64.0
2025-06-12 15:28:00,93.9
2025-06-12 02:55:00,5.1
2025-06-12 15:48:00,28.4
2025-06-12 09:39:00,49.9
2025-06-12 22:35:00,15.7
2025-06-12 06:51:00,23.1
2025-06-12 10:12:00,50.31892714921527
2025-06-12 01:47:00,58.2
2025-06-12 01:06:00,20.7
2025-06-12 08:16:00,80.9
2025-06-12 03:23:00,61.9
2025-06-12 08:31:00,38.0
2025-06-12 09:26:00,98.2
2025-06-12 16:15:00,71.4
2025-06-12 12:30:00,95.6
2025-06-12 15:54:00,80.8
2025-06-12 00:24:00,24.3
2025-06-12 20:10:00,84.2
2025-06-12 20:45:00,42.9
2025-06-12 05:33:00,12.9
2025-06-12 00:02:00,50.31892714921527
2025-06-12 10:01:00,96.5
2025-06-12 20:00:00,26.3
2025-06-12 01:07:00,50.31892714921527
2025-06-12 16:05:00,24.7
2025-06-12 05:07:00,55.4
2025-06-12 12:41:00,67.1
2025-06-12 12:20:00,44.7
2025-06-12 19:14:00,4.1
2025-06-12 22:39:00,27.2
2025-06-12 02:23:00,8.7
2025-06-12 10:16:00,49.5
2025-06-12 17:02:00,86.4
2025-06-12 05:37:00,8.6
2025-06-12 03:17:00,15.8
2025-06-12 20:42:00,65.8
2025-06-12 14:40:00,50.31892714921527
2025-06-12 01:05:00,74.3
2025-06-12 00:34:00,99.8
2025-06-12 20:10:00,99.7
2025-06-12 17:02:00,28.3
2025-06-12 13:20:00,92.1
2025-06-12 06:14:00,63.8
2025-06-12 15:26:00,50.31892714921527
2025-06-12 03:16:00,6.4
2025-06-12 11:34:00,50.31892714921527
2025-06-12 03:35:00,39.7
2025-06-12 16:12:00,74.7
2025-06-12 05:51:00,5.4
2025-06-12 19:04:00,36.0
2025-06-12 10:47:00,50.4
2025-06-12 19:27:00,10.3
2025-06-12 11:44:00,50.31892714921527
2025-06-12 17:59:00,50.31892714921527
2025-06-12 08:18:00,51.9
2025-06-12 02:06:00,69.7
2025-06-12 14:29:00,55.4
2025-06-12 03:33:00,74.9
2025-06-12 07:07:00,92.6
2025-06-12 15:05:00,49.8
2025-06-12 18:49:00,80.4
2025-06-12 03:50:00,83.2
2025-06-12 21:03:00,34.8
2025-06-12 09:09:00,37.4
2025-06-12 01:21:00,59.9
2025-06-12 13:29:00,44.2
2025-06-12 08:47:00,8.6
2025-06-12 17:34:00,68.1
2025-06-12 01:22:00,75.9
2025-06-12 18:16:00,44.9
2025-06-12 20:18:00,50.31892714921527
2025-06-12 17:42:00,57.9
2025-06-12 19:29:00,0.9
2025-06-12 04:17:00,87.3
2025-06-12 07:29:00,54.4
2025-06-12 06:39:00,37.0
2025-06-12 04:51:00,56.6
2025-06-12 23:20:00,92.2
2025-06-12 05:40:00,41.4
2025-06-12 04:12:00,49.3
2025-06-12 19:37:00,64.0
2025-06-12 20:42:00,92.0
2025-06-12 10:23:00,91.8
2025-06-12 03:37:00,46.8
2025-06-12 04:56:00,76.6
2025-06-12 09:35:00,50.31892714921527
2025-06-12 17:45:00,72.3
2025-06-12 13:20:00,42.3
2025-06-12 04:43:00,50.31892714921527
2025-06-12 05:43:00,53.7
2025-06-12 14:40:00,32.1
2025-06-12 01:03:00,90.8
2025-06-12 00:55:00,57.8
2025-06-12 11:28:00,74.3
2025-06-12 09:38:00,21.5
2025-06-12 21:42:00,99.7
2025-06-12 13:53:00,59.3
2025-06-12 03:34:00,32.4
2025-06-12 12:16:00,26.1
2025-06-12 11:04:00,50.31892714921527
2025-06-12 06:28:00,53.3
2025-06-12 14:19:00,45.6
2025-06-12 18:23:00,4.9
2025-06-12 04:05:00,68.8
2025-06-12 20:56:00,50.9
2025-06-12 16:37:00,23.0
2025-06-12 17:21:00,7.1
2025-06-12 15:59:00,28.2
2025-06-12 13:37:00,59.5
2025-06-12 00:13:00,86.5
2025-06-12 14:45:00,69.9
2025-06-12 19:57:00,50.31892714921527
2025-06-12 18:27:00,59.4
2025-06-12 08:17:00,68.5
2025-06-12 10:44:00,50.31892714921527
2025-06-12 08:51:00,50.31892714921527
2025-06-12 08:32:00,93.9
2025-06-12 15:35:00,93.8
2025-06-12 06:54:00,50.31892714921527
2025-06-12 06:11:00,56.8
2025-06-12 13:35:00,29.9
2025-06-12 01:07:00,37.3
2025-06-12 21:41:00,97.8
2025-06-12 03:32:00,50.31892714921527
2025-06-12 03:55:00,7.2
2025-06-12 08:27:00,40.0
2025-06-12 18:30:00,8.9
2025-06-12 23:17:00,77.0
2025-06-12 02:22:00,63.8
2025-06-12 21:18:00,24.6
2025-06-12 08:56:00,58.5
2025-06-12 15:19:00,50.31892714921527
2025-06-12 07:06:00,50.31892714921527
2025-06-12 13:17:00,54.1
2025-06-12 13:22:00,85.3
2025-06-12 10:30:00,86.6
2025-06-12 07:55:00,50.31892714921527
2025-06-12 20:53:00,50.31892714921527
2025-06-12 04:22:00,13.3
2025-06-12 00:22:00,71.6
2025-06-12 15:31:00,92.3
2025-06-12 02:22:00,24.3
2025-06-12 17:00:00,67.3
2025-06-12 18:35:00,30.4
2025-06-12 06:10:00,50.31892714921527
2025-06-12 03:08:00,1.9
2025-06-12 04:41:00,70.7
2025-06-12 06:55:00,71.7
2025-06-12 01:59:00,50.31892714921527
2025-06-12 15:38:00,45.2
2025-06-12 10:35:00,50.31892714921527
2025-06-12 14:05:00,41.8
2025-06-12 19:39:00,61.7
2025-06-12 16:54:00,46.7
2025-06-12 11:34:00,67.6
2025-06-12 13:21:00,58.4
2025-06-12 13:00:00,45.5
2025-06-12 21:33:00,91.5
2025-06-12 15:17:00,50.31892714921527
2025-06-12 16:16:00,95.6
2025-06-12 08:27:00,45.2
2025-06-12 18:58:00,62.3
2025-06-12 12:33:00,87.3
2025-06-12 00:46:00,97.3
2025-06-12 06:32:00,61.8
2025-06-12 02:22:00,35.5
2025-06-12 20:38:00,12.6
2025-06-12 01:14:00,36.4
2025-06-12 11:00:00,56.0
2025-06-12 10:04:00,43.2
2025-06-12 08:44:00,4.0
2025-06-12 22:59:00,75.6
2025-06-12 23:13:00,17.4
2025-06-12 11:54:00,31.6
2025-06-12 14:45:00,50.2
2025-06-12 07:10:00,12.6
2025-06-12 19:36:00,63.6
2025-06-12 20:18:00,4.9
2025-06-12 02:53:00,50.31892714921527
2025-06-12 20:11:00,50.31892714921527
2025-06-12 03:14:00,98.3
2025-06-12 08:58:00,12.3
2025-06-12 15:51:00,14.6
2025-06-12 15:19:00,57.5
2025-06-12 05:31:00,40.5
2025-06-12 10:00:00,15.6
2025-06-12 01:53:00,60.9
2025-06-12 07:29:00,30.1
2025-06-12 10:15:00,91.7
2025-06-12 06:37:00,60.6
2025-06-12 00:39:00,98.3
2025-06-12 05:47:00,97.8
2025-06-12 16:13:00,77.0
2025-06-12 04:34:00,29.0
2025-06-12 18:50:00,50.31892714921527
2025-06-12 11:22:00,88.6
2025-06-12 05:16:00,17.5
2025-06-12 04:40:00,24.7
2025-06-12 11:34:00,14.1
2025-06-12 15:32:00,1.8
2025-06-12 16:25:00,41.3
2025-06-12 17:47:00,10.2
2025-06-12 19:29:00,50.31892714921527
2025-06-12 00:52:00,52.2
2025-06-12 14:12:00,30.9
2025-06-12 00:06:00,33.6
2025-06-12 03:48:00,95.7
2025-06-12 11:36:00,64.2
2025-06-12 14:09:00,43.7
2025-06-12 16:54:00,86.2
2025-06-12 22:52:00,68.4
2025-06-12 03:16:00,50.31892714921527
2025-06-12 06:06:00,50.31892714921527
2025-06-12 22:12:00,11.3
2025-06-12 00:25:00,50.31892714921527
2025-06-12 21:57:00,33.0
2025-06-12 14:20:00,41.9
2025-06-12 18:40:00,25.7
2025-06-12 21:54:00,62.9
2025-06-12 14:19:00,87.9
2025-06-12 23:50:00,36.5
2025-06-12 07:36:00,27.5
2025-06-12 17:09:00,9.6
2025-06-12 15:55:00,19.0
2025-06-12 06:30:00,54.9
2025-06-12 02:11:00,55.4
2025-06-12 11:31:00,68.1
2025-06-12 22:08:00,52.4
2025-06-12 23:14:00,98.1
2025-06-12 01:37:00,60.6
2025-06-12 19:49:00,46.6
2025-06-12 03:20:00,45.1
2025-06-12 07:53:00,83.9
2025-06-12 11:22:00,14.4
2025-06-12 22:00:00,51.6
2025-06-12 23:40:00,50.31892714921527
2025-06-12 14:51:00,53.4
2025-06-12 23:15:00,54.2
2025-06-12 13:03:00,50.31892714921527
2025-06-12 11:53:00,91.3
2025-06-12 12:49:00,68.9
2025-06-12 23:20:00,15.0
2025-06-12 19:13:00,7.5
2025-06-12 18:35:00,17.0
2025-06-12 17:30:00,78.4
2025-06-12 22:53:00,50.31892714921527
2025-06-12 16:01:00,76.6
2025-06-12 19:23:00,19.1
2025-06-12 09:39:00,95.3
2025-06-12 16:11:00,6.5
2025-06-12 01:51:00,67.3
2025-06-12 22:50:00,64.2
2025-06-12 03:46:00,69.0
2025-06-12 03:51:00,50.31892714921527
2025-06-12 01:12:00,27.2
2025-06-12 10:21:00,26.8
2025-06-12 01:59:00,50.31892714921527
2025-06-12 01:30:00,24.8
2025-06-12 11:18:00,36.5
2025-06-12 15:08:00,1.1
2025-06-12 23:05:00,50.9
2025-06-12 11:38:00,25.6
2025-06-12 19:16:00,96.0
2025-06-12 19:58:00,99.4
2025-06-12 01:00:00,42.7
2025-06-12 06:33:00,57.1
2025-06-12 14:43:00,97.9
2025-06-12 22:10:00,20.7
2025-06-12 14:38:00,43.7
2025-06-12 09:36:00,88.3
2025-06-12 23:30:00,96.6
2025-06-12 20:07:00,31.1
2025-06-12 20:02:00,8.3
2025-06-12 22:17:00,6.1
2025-06-12 06:43:00,88.8
2025-06-12 17:34:00,30.3
2025-06-12 11:04:00,49.91221338324755
2025-06-12 09:03:00,70.6
2025-06-12 07:51:00,9.1
2025-06-12 07:28:00,23.8
2025-06-12 10:03:00,77.0
2025-06-12 00:04:00,5.4
2025-06-12 14:25:00,42.8
2025-06-12 19:09:00,8.4
2025-06-12 16:40:00,30.0
2025-06-12 16:19:00,34.8
2025-06-12 01:15:00,0.3
2025-06-12 15:42:00,88.4
2025-06-12 02:46:00,5.9
2025-06-12 14:23:00,75.2
2025-06-12 03:40:00,55.7
2025-06-12 22:49:00,57.5
2025-06-12 14:37:00,49.91221338324755
2025-06-12 10:02:00,59.9
2025-06-12 18:33:00,53.7
2025-06-12 08:05:00,47.0
2025-06-12 05:19:00,17.0
2025-06-12 09:06:00,49.91221338324755
2025-06-12 12:44:00,21.3
2025-06-12 01:07:00,33.8
2025-06-12 05:46:00,49.91221338324755
2025-06-12 22:03:00,18.4
2025-06-12 22:01:00,89.7
2025-06-12 14:44:00,47.6
2025-06-12 05:25:00,96.6
2025-06-12 15:43:00,51.1
2025-06-12 06:58:00,63.5
2025-06-12 03:25:00,14.3
2025-06-12 10:26:00,97.7
2025-06-12 07:12:00,39.8
2025-06-12 19:06:00,98.2
2025-06-12 21:04:00,28.6
2025-06-12 18:28:00,4.3
2025-06-12 15:03:00,51.5
2025-06-12 20:47:00,65.4
2025-06-12 17:06:00,31.4
2025-06-12 18:58:00,49.91221338324755
2025-06-12 01:21:00,46.7
2025-06-12 19:12:00,29.9
2025-06-12 06:18:00,90.5
2025-06-12 23:47:00,13.7
2025-06-12 23:20:00,9.4
2025-06-12 01:03:00,49.0
2025-06-12 13:03:00,5.7
2025-06-12 17:07:00,89.0
2025-06-12 04:58:00,97.1
2025-06-12 07:59:00,89.9
2025-06-12 09:00:00,9.9
2025-06-12 20:10:00,49.1
2025-06-12 11:01:00,22.5
2025-06-12 00:42:00,12.0
2025-06-12 22:24:00,18.3
2025-06-12 00:22:00,22.0
2025-06-12 17:44:00,9.8
2025-06-12 09:06:00,59.0
2025-06-12 23:11:00,83.0
2025-06-12 19:03:00,15.6
2025-06-12 05:06:00,15.2
2025-06-12 21:38:00,49.91221338324755
2025-06-12 07:12:00,96.5
2025-06-12 17:37:00,41.5
2025-06-12 04:56:00,3.6
2025-06-12 03:10:00,14.6
2025-06-12 23:35:00,49.91221338324755
2025-06-12 11:34:00,42.5
2025-06-12 06:02:00,49.91221338324755
2025-06-12 07:35:00,87.0
2025-06-12 04:12:00,90.2
2025-06-12 02:32:00,0.2
2025-06-12 14:38:00,83.1
2025-06-12 04:37:00,86.7
2025-06-12 15:05:00,9.3
2025-06-12 10:33:00,6.1
2025-06-12 01:38:00,39.4
2025-06-12 01:55:00,49.91221338324755
2025-06-12 01:01:00,13.4
2025-06-12 10:12:00,49.91221338324755
2025-06-12 08:14:00,99.5
2025-06-12 21:45:00,42.2
2025-06-12 09:42:00,49.91221338324755
2025-06-12 12:48:00,61.5
2025-06-12 12:03:00,62.3
2025-06-12 06:05:00,35.0
2025-06-12 23:13:00,20.5
2025-06-12 15:47:00,16.0
2025-06-12 08:19:00,32.4
2025-06-12 18:07:00,33.3
2025-06-12 15:28:00,49.91221338324755
2025-06-12 03:20:00,11.5
2025-06-12 16:44:00,6.3
2025-06-12 16:48:00,34.8
2025-06-12 17:17:00,89.7
2025-06-12 01:11:00,42.4
2025-06-12 00:58:00,28.2
2025-06-12 12:15:00,6.8
2025-06-12 07:21:00,89.6
2025-06-12 21:06:00,35.9
2025-06-12 04:50:00,49.91221338324755
2025-06-12 05:14:00,23.9
2025-06-12 21:57:00,49.91221338324755
2025-06-12 06:10:00,26.5
2025-06-12 05:27:00,91.6
2025-06-12 18:24:00,61.3
2025-06-12 15:57:00,98.2
2025-06-12 23:04:00,98.3
2025-06-12 10:03:00,60.3
2025-06-12 15:00:00,64.7
2025-06-12 17:59:00,46.3
2025-06-12 00:18:00,62.0
2025-06-12 00:52:00,49.91221338324755
2025-06-12 15:50:00,41.5
2025-06-12 18:09:00,41.6
2025-06-12 07:00:00,80.6
2025-06-12 07:11:00,80.1
2025-06-12 08:15:00,58.3
2025-06-12 10:12:00,93.7
2025-06-12 14:33:00,49.91221338324755
2025-06-12 17:45:00,75.1
2025-06-12 18:04:00,93.9
2025-06-12 08:47:00,74.6
2025-06-12 14:06:00,57.6
2025-06-12 22:19:00,86.7
2025-06-12 17:23:00,41.5
2025-06-12 08:08:00,18.1
2025-06-12 21:32:00,39.8
2025-06-12 11:46:00,92.5
2025-06-12 07:46:00,94.2
2025-06-12 12:12:00,99.7
2025-06-12 10:03:00,36.3
2025-06-12 18:11:00,24.0
2025-06-12 08:58:00,49.91221338324755
2025-06-12 13:15:00,27.0
2025-06-12 19:41:00,78.9
2025-06-12 08:04:00,49.91221338324755
2025-06-12 01:25:00,49.91221338324755
2025-06-12 11:10:00,22.2
2025-06-12 02:08:00,35.9
2025-06-12 07:36:00,23.4
2025-06-12 09:14:00,31.3
2025-06-12 00:25:00,71.6
2025-06-12 16:55:00,47.3
2025-06-12 21:58:00,22.0
2025-06-12 20:12:00,49.91221338324755
2025-06-12 12:26:00,58.5
2025-06-12 17:47:00,78.1
2025-06-12 04:18:00,68.8
2025-06-12 09:55:00,46.2
2025-06-12 22:01:00,49.91221338324755
2025-06-12 02:47:00,20.1
2025-06-12 01:31:00,86.7
2025-06-12 10:57:00,63.0
2025-06-12 04:25:00,64.7
2025-06-12 22:40:00,67.9
2025-06-12 10:07:00,49.91221338324755
2025-06-12 13:44:00,79.9
2025-06-12 18:54:00,49.91221338324755
2025-06-12 08:41:00,49.91221338324755
2025-06-12 21:46:00,0.7
2025-06-12 15:36:00,54.9
2025-06-12 16:07:00,49.91221338324755
2025-06-12 10:43:00,53.5
2025-06-12 12:33:00,5.0
2025-06-12 11:21:00,38.8
2025-06-12 01:07:00,13.7
2025-06-12 15:23:00,16.2
2025-06-12 17:41:00,88.1
2025-06-12 20:11:00,69.5
2025-06-12 23:37:00,28.4
2025-06-12 11:21:00,84.5
2025-06-12 03:15:00,49.91221338324755
2025-06-12 03:20:00,55.5
2025-06-12 15:17:00,24.8
2025-06-12 13:43:00,41.8
2025-06-12 10:33:00,38.9
2025-06-12 15:51:00,16.9
2025-06-12 23:59:00,10.8
2025-06-12 05:52:00,72.8
2025-06-12 09:47:00,44.8
2025-06-12 16:11:00,83.1
2025-06-12 13:21:00,59.1
2025-06-12 11:37:00,25.1
2025-06-12 02:43:00,49.91221338324755
2025-06-12 16:23:00,17.3
2025-06-12 21:08:00,76.6
2025-06-12 15:48:00,94.7
2025-06-12 03:29:00,95.9
2025-06-12 17:05:00,96.7
2025-06-12 11:36:00,82.6
2025-06-12 10:21:00,49.91221338324755
2025-06-12 09:29:00,80.4
2025-06-12 04:16:00,26.1
2025-06-12 05:38:00,83.9
2025-06-12 17:15:00,43.0
2025-06-12 15:13:00,41.6
2025-06-12 07:57:00,88.5
2025-06-12 21:49:00,66.0
2025-06-12 18:51:00,49.91221338324755
2025-06-12 23:01:00,94.0
2025-06-12 14:33:00,85.1
2025-06-12 15:59:00,52.1
2025-06-12 01:54:00,92.2
2025-06-12 19:28:00,55.4
2025-06-12 21:01:00,26.0
2025-06-12 14:07:00,88.6
2025-06-12 22:41:00,52.7
2025-06-12 06:22:00,31.1
2025-06-12 02:36:00,49.91221338324755
2025-06-12 04:22:00,81.4
2025-06-12 14:30:00,91.1
2025-06-12 19:01:00,97.6
2025-06-12 09:59:00,27.6
2025-06-12 18:24:00,92.6
2025-06-12 13:30:00,67.3
2025-06-12 15:27:00,49.91221338324755
2025-06-12 22:10:00,8.7
2025-06-12 19:51:00,67.5
2025-06-12 10:02:00,25.0
2025-06-12 01:56:00,12.0
2025-06-12 20:40:00,49.91221338324755
2025-06-12 23:58:00,49.91221338324755
2025-06-12 15:07:00,53.3
2025-06-12 22:57:00,32.2
2025-06-12 19:55:00,25.7
2025-06-12 13:09:00,49.91221338324755
2025-06-12 00:17:00,68.6
2025-06-12 16:42:00,87.6
2025-06-12 02:08:00,26.5
2025-06-12 19:59:00,48.6
2025-06-12 04:22:00,49.91221338324755
2025-06-12 07:18:00,48.5
2025-06-12 13:15:00,63.7
2025-06-12 07:30:00,49.91221338324755
2025-06-12 00:27:00,79.0
2025-06-12 09:23:00,76.1
2025-06-12 14:47:00,83.2
2025-06-12 19:36:00,49.91221338324755
2025-06-12 14:29:00,69.3
2025-06-12 19:14:00,37.5
2025-06-12 19:07:00,47.6
2025-06-12 14:24:00,10.4
2025-06-12 21:46:00,18.2
2025-06-12 11:38:00,15.6
2025-06-12 21:43:00,7.6
2025-06-12 12:05:00,5.1
2025-06-12 22:01:00,71.2
2025-06-12 02:53:00,13.2
2025-06-12 04:40:00,39.4
2025-06-12 03:32:00,26.7
2025-06-12 09:46:00,49.91221338324755
2025-06-12 23:19:00,53.4
2025-06-12 23:03:00,81.2
2025-06-12 05:19:00,0.8
2025-06-12 13:15:00,86.8
2025-06-12 11:14:00,49.91221338324755
2025-06-12 13:20:00,0.6
2025-06-12 16:19:00,49.91221338324755
2025-06-12 22:31:00,35.6
2025-06-12 12:43:00,45.9
2025-06-12 06:16:00,49.91221338324755
2025-06-12 07:03:00,95.9
2025-06-12 15:07:00,58.3
2025-06-12 08:28:00,39.4
2025-06-12 16:01:00,90.6
2025-06-12 04:53:00,26.0
2025-06-12 22:18:00,40.5
2025-06-12 18:18:00,52.7
2025-06-12 07:52:00,12.6
2025-06-12 20:12:00,6.7
2025-06-12 22:21:00,73.5
2025-06-12 21:11:00,97.0
2025-06-12 14:58:00,35.8
2025-06-12 02:02:00,47.3
2025-06-12 16:48:00,76.0
2025-06-12 08:33:00,15.2
2025-06-12 08:29:00,33.0
2025-06-12 07:43:00,45.6
2025-06-12 06:58:00,49.91221338324755
2025-06-12 21:52:00,57.7
2025-06-12 14:51:00,17.9
2025-06-12 07:44:00,59.9
2025-06-12 21:02:00,3.0
2025-06-12 23:16:00,68.1
2025-06-12 10:22:00,68.2
2025-06-12 06:24:00,80.2
2025-06-12 00:27:00,89.9
2025-06-12 21:30:00,12.1
2025-06-12 18:55:00,39.5
2025-06-12 00:18:00,11.0
2025-06-12 19:41:00,59.9
2025-06-12 09:38:00,41.5
2025-06-12 12:05:00,1.7
2025-06-12 08:01:00,34.1
2025-06-12 02:31:00,49.91221338324755
2025-06-12 19:03:00,13.8
2025-06-12 03:02:00,4.4
2025-06-12 21:43:00,66.7
2025-06-12 06:22:00,28.4
2025-06-12 11:07:00,44.9
2025-06-12 10:42:00,3.6
2025-06-12 07:28:00,12.3
2025-06-12 01:33:00,0.4
2025-06-12 19:02:00,85.4
2025-06-12 16:45:00,8.2
2025-06-12 06:41:00,45.2
2025-06-12 03:20:00,80.8
2025-06-12 02:27:00,77.3
2025-06-12 07:25:00,49.91221338324755
2025-06-12 23:46:00,37.9
2025-06-12 10:13:00,49.91221338324755
2025-06-12 12:15:00,49.91221338324755
2025-06-12 11:04:00,49.91221338324755
2025-06-12 17:41:00,65.4
2025-06-12 14:32:00,26.3
2025-06-12 16:06:00,52.5
2025-06-12 13:16:00,96.1
2025-06-12 16:22:00,95.3
2025-06-12 16:32:00,75.3
2025-06-12 22:01:00,76.9
2025-06-12 21:47:00,50.557353635505194
2025-06-12 10:30:00,14.0
2025-06-12 22:29:00,77.2
2025-06-12 03:37:00,52.2
2025-06-12 22:03:00,47.4
2025-06-12 06:22:00,1.9
2025-06-12 12:19:00,93.7
2025-06-12 11:25:00,52.0
2025-06-12 11:37:00,29.1
2025-06-12 08:17:00,70.3
2025-06-12 11:08:00,90.6
2025-06-12 00:54:00,80.8
2025-06-12 06:36:00,4.1
2025-06-12 20:36:00,96.2
2025-06-12 10:52:00,10.7
2025-06-12 07:44:00,28.7
2025-06-12 13:38:00,45.2
2025-06-12 01:07:00,18.6
2025-06-12 15:00:00,70.1
2025-06-12 10:58:00,64.2
2025-06-12 19:54:00,5.5
2025-06-12 23:52:00,34.9
2025-06-12 02:35:00,58.5
2025-06-12 16:41:00,54.2
2025-06-12 19:36:00,38.6
2025-06-12 03:22:00,46.8
2025-06-12 18:13:00,32.7
2025-06-12 00:18:00,17.9
2025-06-12 22:52:00,33.7
2025-06-12 16:20:00,88.8
2025-06-12 12:05:00,43.9
2025-06-12 05:42:00,68.7
2025-06-12 00:58:00,94.4
2025-06-12 17:16:00,74.2
2025-06-12 10:40:00,58.0
2025-06-12 18:56:00,76.2
2025-06-12 01:10:00,79.3
2025-06-12 02:36:00,47.9
2025-06-12 02:49:00,50.557353635505194
2025-06-12 10:56:00,84.1
2025-06-12 15:06:00,50.557353635505194
2025-06-12 04:31:00,9.6
2025-06-12 02:57:00,50.557353635505194
2025-06-12 01:19:00,58.6
2025-06-12 06:43:00,5.8
2025-06-12 03:07:00,40.0
2025-06-12 04:08:00,4.6
2025-06-12 18:31:00,25.0
2025-06-12 15:38:00,50.557353635505194
2025-06-12 02:27:00,2.1
2025-06-12 07:33:00,34.1
2025-06-12 03:29:00,18.9
2025-06-12 23:29:00,52.7
2025-06-12 15:25:00,1.4
2025-06-12 04:30:00,50.557353635505194
2025-06-12 12:33:00,42.8
2025-06-12 10:25:00,57.5
2025-06-12 02:58:00,83.1
2025-06-12 19:05:00,50.557353635505194
2025-06-12 01:57:00,47.7
2025-06-12 15:02:00,42.7
2025-06-12 01:00:00,15.4
2025-06-12 04:42:00,68.9
2025-06-12 18:27:00,1.2
2025-06-12 10:27:00,50.557353635505194
2025-06-12 00:56:00,84.6
2025-06-12 17:08:00,38.4
2025-06-12 16:20:00,64.5
2025-06-12 21:31:00,24.4
2025-06-12 00:05:00,82.2
2025-06-12 06:40:00,75.8
2025-06-12 06:25:00,5.1
2025-06-12 14:15:00,96.5
2025-06-12 13:50:00,85.9
2025-06-12 23:54:00,23.2
2025-06-12 13:52:00,34.0
2025-06-12 09:22:00,19.3
2025-06-12 05:54:00,6.5
2025-06-12 00:53:00,60.5
2025-06-12 13:10:00,5.7
2025-06-12 23:01:00,50.557353635505194
2025-06-12 21:15:00,13.4
2025-06-12 05:09:00,50.557353635505194
2025-06-12 16:26:00,32.0
2025-06-12 07:44:00,79.5
2025-06-12 05:56:00,50.557353635505194
2025-06-12 01:58:00,26.9
2025-06-12 00:15:00,41.8
2025-06-12 20:01:00,6.1
2025-06-12 03:57:00,9.0
2025-06-12 03:16:00,63.5
2025-06-12 10:17:00,72.3
2025-06-12 17:46:00,90.3
2025-06-12 18:28:00,2.3
2025-06-12 11:38:00,50.557353635505194
2025-06-12 02:59:00,22.6
2025-06-12 10:02:00,50.557353635505194
2025-06-12 02:45:00,80.5
2025-06-12 22:40:00,93.2
2025-06-12 10:34:00,73.2
2025-06-12 12:05:00,34.9
2025-06-12 17:02:00,22.3
2025-06-12 04:37:00,35.7
2025-06-12 02:05:00,67.2
2025-06-12 16:14:00,15.4
2025-06-12 13:42:00,50.557353635505194
2025-06-12 07:57:00,2.3
2025-06-12 12:18:00,56.7
2025-06-12 21:12:00,19.1
2025-06-12 04:29:00,4.7
2025-06-12 22:55:00,23.9
2025-06-12 15:51:00,56.5
2025-06-12 11:41:00,30.9
2025-06-12 13:10:00,8.2
2025-06-12 12:24:00,5.9
2025-06-12 12:08:00,54.5
2025-06-12 15:20:00,81.1
2025-06-12 20:43:00,64.1
2025-06-12 08:21:00,50.557353635505194
2025-06-12 01:02:00,84.6
2025-06-12 02:40:00,7.4
2025-06-12 06:06:00,87.2
2025-06-12 01:19:00,55.6
2025-06-12 00:30:00,10.5
2025-06-12 03:45:00,88.7
2025-06-12 02:33:00,66.0
2025-06-12 09:24:00,50.557353635505194
2025-06-12 07:40:00,22.5
2025-06-12 07:59:00,50.557353635505194
2025-06-12 18:35:00,60.1
2025-06-12 09:01:00,50.557353635505194
2025-06-12 19:40:00,44.5
2025-06-12 19:39:00,94.6
2025-06-12 20:52:00,92.3
2025-06-12 13:38:00,28.4
2025-06-12 04:56:00,5.1
2025-06-12 03:00:00,47.5
2025-06-12 13:54:00,28.3
2025-06-12 08:59:00,99.6
2025-06-12 14:42:00,99.8
2025-06-12 00:34:00,1.1
2025-06-12 10:35:00,79.5
2025-06-12 10:17:00,50.557353635505194
2025-06-12 15:15:00,45.2
2025-06-12 09:53:00,50.557353635505194
2025-06-12 09:46:00,50.557353635505194
2025-06-12 06:27:00,57.0
2025-06-12 06:23:00,25.8
2025-06-12 10:47:00,61.0
2025-06-12 04:32:00,50.557353635505194
2025-06-12 06:21:00,6.9
2025-06-12 04:23:00,92.1
2025-06-12 08:55:00,24.9
2025-06-12 11:10:00,32.7
2025-06-12 00:26:00,86.3
2025-06-12 10:22:00,50.4
2025-06-12 21:03:00,99.1
2025-06-12 03:46:00,50.557353635505194
2025-06-12 13:11:00,26.4
2025-06-12 12:14:00,10.4
2025-06-12 04:29:00,59.4
2025-06-12 03:10:00,60.3
2025-06-12 04:44:00,18.8
2025-06-12 21:37:00,3.7
2025-06-12 15:21:00,1.9
2025-06-12 06:39:00,22.7
2025-06-12 08:25:00,58.0
2025-06-12 02:46:00,50.557353635505194
2025-06-12 19:49:00,50.557353635505194
2025-06-12 20:38:00,33.9
2025-06-12 03:54:00,94.3
2025-06-12 22:54:00,50.557353635505194
2025-06-12 23:03:00,97.2
2025-06-12 02:54:00,41.1
2025-06-12 17:39:00,83.3
2025-06-12 11:00:00,12.8
2025-06-12 18:11:00,29.0
2025-06-12 14:59:00,11.5
2025-06-12 14:14:00,77.4
2025-06-12 09:27:00,47.9
2025-06-12 23:30:00,50.557353635505194
2025-06-12 06:09:00,23.5
2025-06-12 12:08:00,6.7
2025-06-12 23:44:00,50.557353635505194
2025-06-12 07:49:00,22.9
2025-06-12 04:07:00,28.9
2025-06-12 20:28:00,36.4
2025-06-12 05:53:00,98.6
2025-06-12 01:21:00,50.557353635505194
2025-06-12 12:48:00,82.3
2025-06-12 20:59:00,50.557353635505194
2025-06-12 20:05:00,81.5
2025-06-12 07:12:00,41.4
2025-06-12 16:40:00,85.6
2025-06-12 14:57:00,32.8
2025-06-12 00:55:00,49.0
2025-06-12 21:12:00,19.3
2025-06-12 17:46:00,3.9
2025-06-12 07:11:00,50.557353635505194
2025-06-12 02:45:00,50.557353635505194
2025-06-12 05:57:00,1.2
2025-06-12 06:32:00,54.9
2025-06-12 01:54:00,18.9
2025-06-12 19:16:00,94.4
2025-06-12 15:41:00,41.4
2025-06-12 15:52:00,34.9
2025-06-12 09:50:00,44.7
2025-06-12 12:21:00,50.557353635505194
2025-06-12 09:54:00,62.6
2025-06-12 02:11:00,85.9
2025-06-12 08:30:00,94.0
2025-06-12 14:34:00,50.557353635505194
2025-06-12 06:10:00,42.2
2025-06-12 05:00:00,50.557353635505194
2025-06-12 18:04:00,50.557353635505194
2025-06-12 22:58:00,80.2
2025-06-12 13:12:00,50.557353635505194
2025-06-12 00:00:00,37.4
2025-06-12 09:38:00,41.3
2025-06-12 13:50:00,23.6
2025-06-12 20:14:00,82.9
2025-06-12 18:42:00,69.9
2025-06-12 18:51:00,33.6
2025-06-12 22:53:00,50.557353635505194
2025-06-12 16:13:00,50.557353635505194
2025-06-12 02:04:00,50.557353635505194
2025-06-12 07:52:00,92.6
2025-06-12 18:45:00,30.7
2025-06-12 22:14:00,46.6
2025-06-12 12:23:00,75.0
2025-06-12 18:35:00,73.5
2025-06-12 07:10:00,8.6
2025-06-12 14:07:00,51.0
2025-06-12 11:04:00,98.9
2025-06-12 17:00:00,38.1
2025-06-12 12:15:00,77.3
2025-06-12 09:06:00,50.557353635505194
2025-06-12 21:51:00,74.0
2025-06-12 09:33:00,78.6
2025-06-12 05:11:00,70.5
2025-06-12 13:00:00,66.7
2025-06-12 19:49:00,27.5
2025-06-12 18:51:00,11.7
2025-06-12 02:41:00,95.2
2025-06-12 21:44:00,95.3
2025-06-12 16:55:00,57.0
2025-06-12 05:14:00,80.0
2025-06-12 06:32:00,88.4
2025-06-12 09:19:00,78.0
2025-06-12 02:54:00,99.1
2025-06-12 13:10:00,95.8
2025-06-12 06:38:00,62.7
2025-06-12 18:07:00,35.3
2025-06-12 07:02:00,37.1
2025-06-12 15:04:00,52.9
2025-06-12 00:41:00,70.8
2025-06-12 02:44:00,61.7
2025-06-12 10:03:00,70.4
2025-06-12 00:13:00,75.1
2025-06-12 13:18:00,88.1
2025-06-12 20:48:00,70.9
2025-06-12 17:03:00,79.9
2025-06-12 07:32:00,77.5
2025-06-12 11:04:00,57.1
2025-06-12 18:42:00,74.7
2025-06-12 11:40:00,12.9
2025-06-12 22:14:00,20.3
2025-06-12 20:41:00,93.9
2025-06-12 01:40:00,39.2
2025-06-12 15:42:00,87.2
2025-06-12 08:23:00,17.6
2025-06-12 10:52:00,31.4
2025-06-12 16:34:00,67.3
2025-06-12 10:49:00,8.6
2025-06-12 22:59:00,96.5
2025-06-12 22:38:00,50.557353635505194
2025-06-12 11:19:00,13.6
2025-06-12 03:41:00,50.557353635505194
2025-06-12 09:32:00,12.9
2025-06-12 12:10:00,41.0
2025-06-12 15:37:00,54.9
2025-06-12 12:26:00,64.5
2025-06-12 16:54:00,19.6
2025-06-12 13:18:00,23.5
2025-06-12 07:40:00,50.557353635505194
2025-06-12 04:08:00,50.557353635505194
2025-06-12 01:16:00,56.0
2025-06-12 19:00:00,91.2
2025-06-12 18:26:00,93.8
2025-06-12 14:51:00,86.0
2025-06-12 19:29:00,23.9
2025-06-12 19:29:00,54.3
2025-06-12 00:27:00,50.557353635505194
2025-06-12 01:43:00,52.3
2025-06-12 17:13:00,93.2
2025-06-12 13:55:00,30.4
2025-06-12 09:39:00,60.8
2025-06-12 06:56:00,21.9
2025-06-12 01:19:00,54.3
2025-06-12 15:43:00,53.8
2025-06-12 06:50:00,98.2
2025-06-12 20:56:00,76.7
2025-06-12 05:35:00,47.2
2025-06-12 10:46:00,13.2
2025-06-12 14:13:00,25.1
2025-06-12 12:12:00,50.557353635505194
2025-06-12 22:27:00,28.8
2025-06-12 00:07:00,90.1
2025-06-12 22:19:00,28.6
2025-06-12 12:33:00,85.7
2025-06-12 23:04:00,90.0
2025-06-12 21:36:00,1.5
2025-06-12 19:31:00,61.0
2025-06-12 15:40:00,80.6
2025-06-12 20:40:00,42.8
2025-06-12 12:14:00,38.0
2025-06-12 05:20:00,7.1
2025-06-12 16:18:00,42.9
2025-06-12 03:36:00,38.1
2025-06-12 12:48:00,73.0
2025-06-12 21:47:00,49.87196987526477
2025-06-12 07:32:00,67.4
2025-06-12 14:58:00,46.1
2025-06-12 11:01:00,97.8
2025-06-12 06:42:00,49.87196987526477
2025-06-12 21:02:00,64.1
2025-06-12 04:19:00,15.8
2025-06-12 17:20:00,84.1
2025-06-12 04:18:00,49.87196987526477
2025-06-12 22:00:00,62.4
2025-06-12 02:55:00,70.9
2025-06-12 00:25:00,49.87196987526477
2025-06-12 10:12:00,12.9
2025-06-12 06:24:00,77.0
2025-06-12 10:25:00,49.3
2025-06-12 00:36:00,49.87196987526477
2025-06-12 10:55:00,29.6
2025-06-12 16:41:00,48.3
2025-06-12 08:47:00,15.5
2025-06-12 15:07:00,39.7
2025-06-12 03:11:00,49.87196987526477
2025-06-12 07:33:00,16.5
2025-06-12 05:49:00,22.3
2025-06-12 21:32:00,55.6
2025-06-12 01:19:00,45.4
2025-06-12 21:42:00,49.87196987526477
2025-06-12 04:05:00,69.8
2025-06-12 03:35:00,34.3
2025-06-12 13:46:00,1.7
2025-06-12 02:01:00,96.1
2025-06-12 00:46:00,7.9
2025-06-12 18:09:00,61.1
2025-06-12 15:35:00,61.0
2025-06-12 11:00:00,73.5
2025-06-12 23:28:00,1.4
2025-06-12 16:13:00,12.5
2025-06-12 15:57:00,96.7
2025-06-12 11:01:00,85.4
2025-06-12 17:50:00,79.9
2025-06-12 20:47:00,5.8
2025-06-12 20:17:00,84.3
2025-06-12 16:24:00,49.87196987526477
2025-06-12 14:31:00,82.7
2025-06-12 02:17:00,18.8
2025-06-12 18:39:00,77.5
2025-06-12 07:43:00,8.9
2025-06-12 12:57:00,23.1
2025-06-12 09:38:00,81.6
2025-06-12 08:05:00,99.3
2025-06-12 14:15:00,18.8
2025-06-12 08:00:00,49.87196987526477
2025-06-12 15:38:00,49.87196987526477
2025-06-12 13:47:00,75.0
2025-06-12 22:31:00,49.87196987526477
2025-06-12 14:56:00,72.6
2025-06-12 18:03:00,76.9
2025-06-12 21:33:00,97.4
2025-06-12 17:49:00,37.4
2025-06-12 10:39:00,65.8
2025-06-12 22:14:00,2.6
2025-06-12 02:46:00,49.87196987526477
2025-06-12 00:09:00,10.9
2025-06-12 08:03:00,49.87196987526477
2025-06-12 19:06:00,97.8
2025-06-12 14:42:00,1.3
2025-06-12 09:46:00,46.3
2025-06-12 16:38:00,67.2
2025-06-12 15:24:00,15.0
2025-06-12 07:45:00,36.2
2025-06-12 17:10:00,30.6
2025-06-12 11:59:00,62.0
2025-06-12 04:41:00,22.9
2025-06-12 07:36:00,49.87196987526477
2025-06-12 15:08:00,51.0
2025-06-12 20:09:00,61.8
2025-06-12 03:43:00,29.5
2025-06-12 23:23:00,56.4
2025-06-12 08:24:00,74.9
2025-06-12 16:23:00,58.8
2025-06-12 23:21:00,49.87196987526477
2025-06-12 11:52:00,81.6
2025-06-12 07:28:00,21.9
2025-06-12 20:23:00,66.9
2025-06-12 21:26:00,91.0
2025-06-12 19:11:00,4.5
2025-06-12 01:42:00,49.87196987526477
2025-06-12 08:34:00,49.87196987526477
2025-06-12 20:38:00,81.9
2025-06-12 09:37:00,70.9
2025-06-12 02:48:00,54.5
2025-06-12 22:36:00,49.87196987526477
2025-06-12 12:26:00,40.7
2025-06-12 19:32:00,49.87196987526477
2025-06-12 05:47:00,72.7
2025-06-12 10:45:00,49.87196987526477
2025-06-12 22:26:00,59.0
2025-06-12 15:25:00,27.9
2025-06-12 01:55:00,29.7
2025-06-12 02:35:00,14.6
2025-06-12 14:10:00,1.8
2025-06-12 10:27:00,49.87196987526477
2025-06-12 16:38:00,49.87196987526477
2025-06-12 13:55:00,51.2
2025-06-12 16:22:00,13.7
2025-06-12 22:38:00,49.87196987526477
2025-06-12 14:35:00,44.0
2025-06-12 17:45:00,79.4
2025-06-12 20:24:00,81.2
2025-06-12 01:06:00,90.6
2025-06-12 19:45:00,49.87196987526477
2025-06-12 02:17:00,49.87196987526477
2025-06-12 08:56:00,54.1
2025-06-12 13:00:00,95.0
2025-06-12 11:52:00,50.0
2025-06-12 03:37:00,66.7
2025-06-12 13:46:00,83.8
2025-06-12 00:09:00,4.4
2025-06-12 03:23:00,35.6
2025-06-12 20:00:00,9.5
2025-06-12 09:26:00,51.0
2025-06-12 04:42:00,49.87196987526477
2025-06-12 09:18:00,35.3
2025-06-12 07:27:00,49.87196987526477
2025-06-12 22:53:00,36.6
2025-06-12 20:47:00,87.9
2025-06-12 02:39:00,49.87196987526477
2025-06-12 10:07:00,77.4
2025-06-12 19:48:00,16.2
2025-06-12 00:27:00,75.7
2025-06-12 03:47:00,49.87196987526477
2025-06-12 04:26:00,2.3
2025-06-12 03:20:00,77.0
2025-06-12 06:12:00,17.6
2025-06-12 13:37:00,66.2
2025-06-12 02:44:00,5.5
2025-06-12 02:46:00,49.87196987526477
2025-06-12 19:30:00,93.7
2025-06-12 16:10:00,49.87196987526477
2025-06-12 16:51:00,37.5
2025-06-12 10:48:00,45.7
2025-06-12 17:27:00,49.87196987526477
2025-06-12 01:26:00,22.7
2025-06-12 12:00:00,66.7
2025-06-12 12:21:00,14.5
2025-06-12 12:30:00,66.6
2025-06-12 04:17:00,45.5
2025-06-12 02:55:00,49.87196987526477
2025-06-12 09:32:00,39.0
2025-06-12 10:56:00,45.5
2025-06-12 16:37:00,10.0
2025-06-12 04:11:00,59.3
2025-06-12 01:54:00,99.9
2025-06-12 04:57:00,30.3
2025-06-12 19:22:00,78.4
2025-06-12 16:55:00,89.2
2025-06-12 03:10:00,37.9
2025-06-12 11:37:00,93.4
2025-06-12 04:08:00,84.7
2025-06-12 03:41:00,85.1
2025-06-12 06:38:00,30.2
2025-06-12 09:21:00,16.5
2025-06-12 04:38:00,49.87196987526477
2025-06-12 21:13:00,26.9
2025-06-12 18:22:00,94.9
2025-06-12 06:08:00,64.1
2025-06-12 13:56:00,49.87196987526477
2025-06-12 00:01:00,49.87196987526477
2025-06-12 10:43:00,41.7
2025-06-12 15:32:00,26.9
2025-06-12 04:54:00,49.87196987526477
2025-06-12 23:10:00,87.8
2025-06-12 09:34:00,87.5
2025-06-12 20:37:00,95.2
2025-06-12 06:04:00,49.87196987526477
2025-06-12 16:04:00,87.3
2025-06-12 07:24:00,45.7
2025-06-12 03:25:00,91.8
2025-06-12 01:21:00,49.87196987526477
2025-06-12 19:20:00,49.87196987526477
2025-06-12 16:59:00,45.7
2025-06-12 10:47:00,56.7
2025-06-12 01:37:00,49.87196987526477
2025-06-12 03:20:00,76.7
2025-06-12 17:38:00,49.87196987526477
2025-06-12 06:15:00,33.0
2025-06-12 14:22:00,0.6
2025-06-12 19:55:00,78.6
2025-06-12 22:10:00,60.5
2025-06-12 01:09:00,0.8
2025-06-12 19:42:00,14.5
2025-06-12 20:31:00,25.3
2025-06-12 23:04:00,79.7
2025-06-12 10:43:00,63.2
2025-06-12 09:41:00,83.7
2025-06-12 20:46:00,75.0
2025-06-12 22:17:00,62.2
2025-06-12 08:53:00,33.1
2025-06-12 20:22:00,40.5
2025-06-12 16:00:00,75.3
2025-06-12 12:49:00,49.87196987526477
2025-06-12 03:01:00,49.87196987526477
2025-06-12 12:39:00,44.0
2025-06-12 06:33:00,95.5
2025-06-12 16:56:00,26.5
2025-06-12 04:28:00,49.87196987526477
2025-06-12 01:28:00,8.1
2025-06-12 04:11:00,74.5
2025-06-12 19:04:00,49.87196987526477
2025-06-12 08:04:00,37.2
2025-06-12 05:32:00,47.7
2025-06-12 03:41:00,70.1
2025-06-12 00:10:00,69.6
2025-06-12 18:52:00,49.87196987526477
2025-06-12 17:02:00,17.6
2025-06-12 16:01:00,49.87196987526477
2025-06-12 14:43:00,79.3
2025-06-12 00:33:00,57.7
2025-06-12 12:45:00,11.8
2025-06-12 14:04:00,75.7
2025-06-12 20:53:00,34.3
2025-06-12 12:59:00,97.6
2025-06-12 18:41:00,10.3
2025-06-12 03:23:00,49.87196987526477
2025-06-12 09:38:00,74.6
2025-06-12 20:00:00,65.8
2025-06-12 07:36:00,18.2
2025-06-12 13:49:00,16.1
2025-06-12 22:43:00,13.9
2025-06-12 15:15:00,49.87196987526477
2025-06-12 02:28:00,99.4
2025-06-12 21:18:00,97.3
2025-06-12 19:11:00,100.0
2025-06-12 10:02:00,49.87196987526477
2025-06-12 09:23:00,42.7
2025-06-12 06:15:00,84.3
2025-06-12 11:33:00,41.0
2025-06-12 19:10:00,90.2
2025-06-12 20:21:00,94.2
2025-06-12 18:57:00,33.5
2025-06-12 07:10:00,63.5
2025-06-12 12:42:00,12.8
2025-06-12 04:40:00,49.87196987526477
2025-06-12 11:23:00,42.6
2025-06-12 13:07:00,17.9
2025-06-12 01:55:00,94.2
2025-06-12 12:20:00,85.1
2025-06-12 19:58:00,50.6
2025-06-12 14:42:00,92.7
2025-06-12 10:23:00,57.2
2025-06-12 20:36:00,83.8
2025-06-12 09:15:00,93.1
2025-06-12 10:39:00,18.9
2025-06-12 10:46:00,70.5
2025-06-12 10:59:00,37.7
2025-06-12 06:36:00,17.1
2025-06-12 23:09:00,0.8
2025-06-12 15:38:00,38.4
2025-06-12 22:09:00,70.8
2025-06-12 04:49:00,16.2
2025-06-12 20:28:00,33.0
2025-06-12 20:19:00,30.2
2025-06-12 14:12:00,68.3
2025-06-12 16:43:00,72.0
2025-06-12 11:21:00,77.8
2025-06-12 10:40:00,65.0
2025-06-12 04:43:00,48.7
2025-06-12 08:35:00,29.5
2025-06-12 19:20:00,29.8
2025-06-12 18:14:00,40.1
2025-06-12 01:39:00,68.8
2025-06-12 08:57:00,56.5
2025-06-12 22:03:00,49.87196987526477
2025-06-12 19:21:00,69.3
2025-06-12 14:06:00,63.4
2025-06-12 00:45:00,49.87196987526477
2025-06-12 02:29:00,10.1
2025-06-12 15:41:00,97.7
2025-06-12 15:14:00,26.4
2025-06-12 13:24:00,87.7
2025-06-12 06:55:00,30.0
2025-06-12 14:00:00,5.8
2025-06-12 16:42:00,70.4
2025-06-12 15:28:00,73.8
2025-06-12 01:26:00,60.5
2025-06-12 00:21:00,49.87196987526477
2025-06-12 08:53:00,94.7
2025-06-12 17:41:00,49.87196987526477
2025-06-12 13:55:00,68.5
2025-06-12 12:07:00,23.8
2025-06-12 05:25:00,37.4
2025-06-12 01:15:00,14.0
2025-06-12 05:42:00,2.1
2025-06-12 00:05:00,82.7
2025-06-12 17:19:00,42.0
2025-06-12 21:25:00,51.4
2025-06-12 20:49:00,98.7
2025-06-12 10:14:00,89.0
2025-06-12 02:28:00,62.0
2025-06-12 14:39:00,12.2
2025-06-12 21:37:00,53.5
2025-06-12 13:36:00,23.4
2025-06-12 21:40:00,8.0
2025-06-12 17:49:00,49.87196987526477
2025-06-12 18:39:00,87.6
2025-06-12 06:14:00,49.87196987526477
2025-06-12 11:30:00,49.87196987526477
2025-06-12 15:47:00,36.8
2025-06-12 10:37:00,38.0
2025-06-12 11:41:00,64.8
2025-06-12 11:04:00,70.1
2025-06-12 03:19:00,49.93628109892701
2025-06-12 09:22:00,98.7
2025-06-12 09:00:00,49.93628109892701
2025-06-12 23:34:00,30.0
2025-06-12 13:11:00,2.7
2025-06-12 13:46:00,49.93628109892701
2025-06-12 08:40:00,3.5
2025-06-12 14:13:00,93.1
2025-06-12 18:28:00,17.6
2025-06-12 11:39:00,18.9
2025-06-12 00:51:00,49.93628109892701
2025-06-12 14:40:00,13.3
2025-06-12 03:32:00,49.93628109892701
2025-06-12 16:59:00,49.93628109892701
2025-06-12 18:21:00,0.8
2025-06-12 23:12:00,19.7
2025-06-12 17:35:00,93.8
2025-06-12 00:53:00,49.93628109892701
2025-06-12 16:46:00,77.7
2025-06-12 10:32:00,13.0
2025-06-12 05:53:00,74.1
2025-06-12 14:03:00,33.5
2025-06-12 09:57:00,73.5
2025-06-12 22:52:00,49.93628109892701
2025-06-12 18:10:00,92.0
2025-06-12 07:06:00,61.1
2025-06-12 22:22:00,17.5
2025-06-12 08:33:00,5.3
2025-06-12 14:42:00,41.1
2025-06-12 07:12:00,96.2
2025-06-12 12:44:00,56.8
2025-06-12 14:29:00,1.6
2025-06-12 06:31:00,30.3
2025-06-12 17:00:00,0.2
2025-06-12 08:48:00,49.93628109892701
2025-06-12 23:31:00,76.9
2025-06-12 15:53:00,89.7
2025-06-12 16:27:00,30.6
2025-06-12 01:53:00,58.3
2025-06-12 08:57:00,27.2
2025-06-12 12:03:00,49.93628109892701
2025-06-12 23:26:00,39.1
2025-06-12 17:57:00,25.4
2025-06-12 05:23:00,63.5
2025-06-12 03:50:00,40.9
2025-06-12 03:02:00,61.6
2025-06-12 18:14:00,48.9
2025-06-12 00:26:00,92.2
2025-06-12 13:11:00,81.1
2025-06-12 14:37:00,91.7
2025-06-12 15:08:00,49.0
2025-06-12 17:45:00,49.93628109892701
2025-06-12 16:18:00,65.0
2025-06-12 16:28:00,29.9
2025-06-12 05:50:00,49.93628109892701
2025-06-12 07:18:00,49.93628109892701
2025-06-12 16:32:00,19.4
2025-06-12 03:37:00,66.7
2025-06-12 01:12:00,24.9
2025-06-12 03:14:00,49.93628109892701
2025-06-12 07:23:00,10.1
2025-06-12 06:33:00,13.1
2025-06-12 21:33:00,68.5
2025-06-12 04:55:00,39.0
2025-06-12 17:01:00,76.7
2025-06-12 10:43:00,49.93628109892701
2025-06-12 04:29:00,80.4
2025-06-12 19:19:00,79.8
2025-06-12 12:06:00,49.93628109892701
2025-06-12 06:36:00,5.8
2025-06-12 12:37:00,55.1
2025-06-12 10:20:00,59.0
2025-06-12 06:24:00,38.1
2025-06-12 00:46:00,68.0
2025-06-12 02:57:00,49.93628109892701
2025-06-12 08:15:00,4.8
2025-06-12 05:24:00,49.93628109892701
2025-06-12 08:03:00,52.7
2025-06-12 03:06:00,66.4
2025-06-12 10:08:00,82.7
2025-06-12 17:38:00,25.1
2025-06-12 01:29:00,82.6
2025-06-12 22:52:00,74.3
2025-06-12 22:29:00,49.93628109892701
2025-06-12 22:54:00,96.0
2025-06-12 14:09:00,11.0
2025-06-12 16:22:00,65.2
2025-06-12 16:20:00,49.93628109892701
2025-06-12 15:41:00,1.6
2025-06-12 16:10:00,19.0
2025-06-12 07:19:00,75.9
2025-06-12 11:54:00,59.8
2025-06-12 14:54:00,26.1
2025-06-12 03:38:00,64.0
2025-06-12 14:52:00,54.3
2025-06-12 04:26:00,49.93628109892701
2025-06-12 13:35:00,49.93628109892701
2025-06-12 03:40:00,30.5
2025-06-12 06:59:00,55.8
2025-06-12 13:49:00,68.0
2025-06-12 18:06:00,53.6
2025-06-12 06:03:00,89.4
2025-06-12 08:57:00,29.4
2025-06-12 10:11:00,34.9
2025-06-12 20:28:00,41.6
2025-06-12 08:13:00,9.3
2025-06-12 22:38:00,90.1
2025-06-12 20:56:00,7.8
2025-06-12 22:53:00,5.7
2025-06-12 07:37:00,68.4
2025-06-12 19:10:00,84.8
2025-06-12 08:21:00,47.6
2025-06-12 05:49:00,49.93628109892701
2025-06-12 03:48:00,49.93628109892701
2025-06-12 16:24:00,28.7
2025-06-12 12:40:00,8.8
2025-06-12 13:47:00,91.2
2025-06-12 04:57:00,51.5
2025-06-12 05:24:00,52.1
2025-06-12 23:16:00,69.4
2025-06-12 01:52:00,28.0
2025-06-12 20:44:00,65.9
2025-06-12 02:25:00,69.9
2025-06-12 16:58:00,98.8
2025-06-12 12:34:00,49.93628109892701
2025-06-12 21:26:00,8.4
2025-06-12 06:33:00,12.9
2025-06-12 22:44:00,38.6
2025-06-12 09:20:00,49.93628109892701
2025-06-12 23:35:00,51.5
2025-06-12 13:20:00,97.1
2025-06-12 09:30:00,70.9
2025-06-12 09:35:00,49.93628109892701
2025-06-12 15:54:00,88.0
2025-06-12 00:08:00,40.6
2025-06-12 02:49:00,48.4
2025-06-12 02:17:00,28.1
2025-06-12 16:05:00,1.8
2025-06-12 18:18:00,49.93628109892701
2025-06-12 02:09:00,25.8
2025-06-12 19:31:00,49.93628109892701
2025-06-12 17:01:00,49.93628109892701
2025-06-12 19:52:00,49.93628109892701
2025-06-12 20:56:00,3.4
2025-06-12 12:19:00,49.93628109892701
2025-06-12 18:09:00,0.9
2025-06-12 16:50:00,75.8
2025-06-12 14:43:00,49.93628109892701
2025-06-12 16:54:00,5.6
2025-06-12 12:17:00,49.93628109892701
2025-06-12 11:37:00,24.0
2025-06-12 00:59:00,10.4
2025-06-12 08:21:00,35.3
2025-06-12 12:50:00,14.5
2025-06-12 00:37:00,42.9
2025-06-12 21:49:00,24.1
2025-06-12 06:10:00,84.7
2025-06-12 08:44:00,81.9
2025-06-12 05:03:00,49.93628109892701
2025-06-12 23:59:00,35.5
2025-06-12 08:54:00,35.6
2025-06-12 22:26:00,50.9
2025-06-12 20:23:00,75.1
2025-06-12 01:56:00,84.0
2025-06-12 20:12:00,84.5
2025-06-12 05:44:00,77.1
2025-06-12 19:43:00,13.6
2025-06-12 13:10:00,89.9
2025-06-12 11:15:00,54.1
2025-06-12 10:06:00,5.2
2025-06-12 14:59:00,34.7
2025-06-12 01:31:00,82.4
2025-06-12 01:17:00,49.93628109892701
2025-06-12 09:31:00,59.9
2025-06-12 19:48:00,95.1
2025-06-12 23:07:00,44.9
2025-06-12 14:21:00,76.0
2025-06-12 10:03:00,90.1
2025-06-12 18:32:00,49.93628109892701
2025-06-12 05:21:00,56.4
2025-06-12 09:18:00,49.93628109892701
2025-06-12 02:18:00,82.7
2025-06-12 16:18:00,12.2
2025-06-12 07:47:00,49.93628109892701
2025-06-12 04:57:00,49.93628109892701
2025-06-12 03:40:00,25.7
2025-06-12 18:01:00,33.6
2025-06-12 07:22:00,3.5
2025-06-12 19:55:00,59.6
2025-06-12 22:14:00,49.93628109892701
2025-06-12 20:36:00,16.5
2025-06-12 19:10:00,6.0
2025-06-12 16:46:00,31.9
2025-06-12 00:01:00,47.2
2025-06-12 17:33:00,50.2
2025-06-12 20:31:00,62.9
2025-06-12 18:50:00,54.1
2025-06-12 00:48:00,3.3
2025-06-12 09:18:00,98.6
2025-06-12 03:37:00,92.3
2025-06-12 05:07:00,1.8
2025-06-12 11:49:00,92.0
2025-06-12 15:16:00,49.93628109892701
2025-06-12 07:27:00,53.5
2025-06-12 16:53:00,74.0
2025-06-12 14:10:00,30.8
2025-06-12 22:13:00,9.3
2025-06-12 14:47:00,92.0
2025-06-12 03:27:00,32.3
2025-06-12 04:33:00,45.1
2025-06-12 02:10:00,49.2
2025-06-12 09:56:00,21.7
2025-06-12 11:09:00,74.1
2025-06-12 21:35:00,49.93628109892701
2025-06-12 11:25:00,12.8
2025-06-12 01:18:00,37.7
2025-06-12 00:35:00,43.2
2025-06-12 16:21:00,47.2
2025-06-12 05:53:00,42.1
2025-06-12 00:08:00,5.6
2025-06-12 19:28:00,49.93628109892701
2025-06-12 01:10:00,0.5
2025-06-12 13:26:00,78.2
2025-06-12 17:14:00,84.9
2025-06-12 16:17:00,45.5
2025-06-12 05:38:00,27.4
2025-06-12 09:56:00,12.4
2025-06-12 02:34:00,82.6
2025-06-12 12:59:00,23.9
2025-06-12 14:58:00,37.2
2025-06-12 11:00:00,40.2
2025-06-12 04:07:00,46.1
2025-06-12 01:17:00,93.8
2025-06-12 12:32:00,4.9
2025-06-12 03:08:00,2.3
2025-06-12 15:59:00,8.6
2025-06-12 20:28:00,49.93628109892701
2025-06-12 01:28:00,84.4
2025-06-12 16:13:00,49.93628109892701
2025-06-12 01:08:00,49.93628109892701
2025-06-12 07:17:00,49.93628109892701
2025-06-12 15:52:00,5.6
2025-06-12 03:36:00,18.2
2025-06-12 19:47:00,60.7
2025-06-12 02:07:00,66.3
2025-06-12 23:08:00,40.6
2025-06-12 21:02:00,49.93628109892701
2025-06-12 13:15:00,75.3
2025-06-12 22:54:00,25.1
2025-06-12 13:22:00,70.4
2025-06-12 16:45:00,6.8
2025-06-12 18:39:00,41.5
2025-06-12 13:52:00,60.8
2025-06-12 01:40:00,15.4
2025-06-12 01:58:00,49.93628109892701
2025-06-12 23:07:00,57.1
2025-06-12 16:58:00,94.1
2025-06-12 15:26:00,14.6
2025-06-12 03:17:00,81.2
2025-06-12 23:05:00,10.1
2025-06-12 17:35:00,71.5
2025-06-12 01:11:00,27.0
2025-06-12 15:06:00,42.4
2025-06-12 09:09:00,51.2
2025-06-12 05:03:00,57.0
2025-06-12 21:16:00,44.1
2025-06-12 13:30:00,97.8
2025-06-12 14:51:00,58.7
2025-06-12 03:19:00,11.8
2025-06-12 10:54:00,37.4
2025-06-12 16:44:00,49.93628109892701
2025-06-12 04:21:00,74.9
2025-06-12 07:43:00,98.0
2025-06-12 09:04:00,68.9
2025-06-12 12:50:00,38.3
2025-06-12 20:48:00,49.7
2025-06-12 23:33:00,81.4
2025-06-12 05:05:00,18.3
2025-06-12 08:19:00,42.1
2025-06-12 09:58:00,59.1
2025-06-12 08:20:00,6.2
2025-06-12 13:51:00,53.0
2025-06-12 01:25:00,30.7
2025-06-12 13:42:00,48.8
2025-06-12 18:28:00,36.4
2025-06-12 22:12:00,7.9
2025-06-12 10:11:00,1.7
2025-06-12 13:29:00,95.4
2025-06-12 21:20:00,15.1
2025-06-12 07:44:00,66.7
2025-06-12 09:41:00,31.2
2025-06-12 23:54:00,11.8
2025-06-12 21:32:00,32.3
2025-06-12 02:42:00,49.93628109892701
2025-06-12 08:44:00,79.3
2025-06-12 06:18:00,17.0
2025-06-12 08:09:00,92.5
2025-06-12 00:42:00,49.93628109892701
2025-06-12 03:29:00,79.8
2025-06-12 05:35:00,49.93628109892701
2025-06-12 23:38:00,91.8
2025-06-12 23:26:00,3.7
2025-06-12 09:52:00,45.3
2025-06-12 07:07:00,15.9
2025-06-12 01:23:00,55.6
2025-06-12 23:33:00,49.93628109892701
2025-06-12 09:00:00,6.7
2025-06-12 02:52:00,22.8
2025-06-12 22:05:00,55.0
2025-06-12 02:20:00,89.1
2025-06-12 01:41:00,28.3
2025-06-12 04:14:00,49.93628109892701
2025-06-12 12:22:00,84.9
2025-06-12 08:43:00,72.3
2025-06-12 20:02:00,78.1
2025-06-12 09:09:00,45.0
2025-06-12 18:12:00,49.93628109892701
2025-06-12 05:42:00,62.7
2025-06-12 11:06:00,59.1
2025-06-12 21:35:00,38.2
2025-06-12 00:41:00,82.4
2025-06-12 22:54:00,13.2
2025-06-12 15:21:00,30.4
2025-06-12 18:33:00,28.2
2025-06-12 06:08:00,5.7
2025-06-12 05:48:00,88.0
2025-06-12 16:54:00,49.93628109892701
2025-06-12 06:16:00,49.797736698660984
2025-06-12 20:48:00,8.4
2025-06-12 10:46:00,49.797736698660984
2025-06-12 01:04:00,59.8
2025-06-12 17:19:00,47.2
2025-06-12 23:53:00,25.0
2025-06-12 07:38:00,49.797736698660984
2025-06-12 02:32:00,49.797736698660984
2025-06-12 03:40:00,16.6
2025-06-12 15:38:00,5.0
2025-06-12 00:44:00,92.8
2025-06-12 18:03:00,98.1
2025-06-12 14:34:00,49.797736698660984
2025-06-12 04:05:00,70.6
2025-06-12 10:16:00,64.9
2025-06-12 06:38:00,94.9
2025-06-12 21:03:00,60.5
2025-06-12 11:10:00,33.1
2025-06-12 10:09:00,64.6
2025-06-12 11:52:00,10.1
2025-06-12 21:51:00,49.4
2025-06-12 15:37:00,19.1
2025-06-12 17:51:00,54.7
2025-06-12 10:11:00,79.7
2025-06-12 22:11:00,1.3
2025-06-12 10:15:00,46.5
2025-06-12 09:17:00,66.6
2025-06-12 00:06:00,92.3
2025-06-12 09:24:00,8.0
2025-06-12 03:34:00,43.4
2025-06-12 20:47:00,46.8
2025-06-12 06:20:00,91.7
2025-06-12 19:11:00,65.9
2025-06-12 02:05:00,80.8
2025-06-12 10:07:00,59.4
2025-06-12 02:10:00,93.9
2025-06-12 09:25:00,70.5
2025-06-12 09:52:00,63.2
2025-06-12 22:49:00,63.6
2025-06-12 10:53:00,68.3
2025-06-12 06:34:00,87.6
2025-06-12 08:41:00,39.6
2025-06-12 05:19:00,15.6
2025-06-12 10:39:00,49.797736698660984
2025-06-12 23:48:00,33.7
2025-06-12 08:23:00,35.8
2025-06-12 02:02:00,66.8
2025-06-12 07:57:00,55.8
2025-06-12 16:03:00,39.1
2025-06-12 09:33:00,92.7
2025-06-12 06:01:00,0.4
2025-06-12 08:46:00,95.2
2025-06-12 16:09:00,22.0
2025-06-12 05:48:00,38.1
2025-06-12 12:16:00,37.5
2025-06-12 04:28:00,49.797736698660984
2025-06-12 23:49:00,68.3
2025-06-12 00:54:00,49.797736698660984
2025-06-12 16:45:00,6.0
2025-06-12 23:27:00,24.3
2025-06-12 00:25:00,62.7
2025-06-12 00:43:00,73.5
2025-06-12 10:21:00,92.3
2025-06-12 07:24:00,4.6
2025-06-12 00:09:00,60.0
2025-06-12 20:42:00,66.1
2025-06-12 16:58:00,78.9
2025-06-12 13:50:00,5.2
2025-06-12 04:03:00,70.8
2025-06-12 14:50:00,51.9
2025-06-12 18:14:00,72.0
2025-06-12 09:17:00,12.9
2025-06-12 16:29:00,20.1
2025-06-12 06:25:00,31.7
2025-06-12 02:57:00,56.3
2025-06-12 22:21:00,49.797736698660984
2025-06-12 19:52:00,20.3
2025-06-12 03:27:00,37.4
2025-06-12 11:24:00,82.8
2025-06-12 12:16:00,85.1
2025-06-12 14:22:00,43.0
2025-06-12 11:35:00,93.9
2025-06-12 08:19:00,98.8
2025-06-12 15:41:00,49.797736698660984
2025-06-12 14:55:00,2.1
2025-06-12 11:13:00,54.1
2025-06-12 11:51:00,71.1
2025-06-12 21:38:00,9.5
2025-06-12 11:59:00,7.8
2025-06-12 12:11:00,36.8
2025-06-12 10:27:00,99.2
2025-06-12 08:29:00,15.3
2025-06-12 07:40:00,87.2
2025-06-12 07:51:00,49.797736698660984
2025-06-12 12:51:00,25.4
2025-06-12 04:47:00,68.6
2025-06-12 20:15:00,56.6
2025-06-12 03:07:00,53.2
2025-06-12 17:55:00,18.5
2025-06-12 21:27:00,32.8
2025-06-12 18:08:00,49.797736698660984
2025-06-12 03:53:00,49.797736698660984
2025-06-12 21:23:00,71.8
2025-06-12 10:18:00,61.8
2025-06-12 08:17:00,56.2
2025-06-12 07:42:00,49.797736698660984
2025-06-12 09:51:00,0.1
2025-06-12 10:28:00,47.7
2025-06-12 02:13:00,99.8
2025-06-12 04:04:00,85.0
2025-06-12 01:52:00,65.7
2025-06-12 12:48:00,31.4
2025-06-12 11:13:00,82.5
2025-06-12 00:08:00,49.797736698660984
2025-06-12 12:24:00,66.1
2025-06-12 21:19:00,82.2
2025-06-12 21:58:00,7.1
2025-06-12 21:11:00,22.0
2025-06-12 18:21:00,83.5
2025-06-12 13:42:00,49.797736698660984
2025-06-12 01:10:00,97.8
2025-06-12 04:11:00,73.5
2025-06-12 16:49:00,64.4
2025-06-12 20:25:00,47.1
2025-06-12 09:31:00,94.7
2025-06-12 01:19:00,27.2
2025-06-12 08:45:00,86.1
2025-06-12 23:33:00,96.7
2025-06-12 00:20:00,34.9
2025-06-12 07:14:00,42.9
2025-06-12 12:57:00,14.9
2025-06-12 18:35:00,52.6
2025-06-12 02:37:00,17.5
2025-06-12 16:54:00,5.9
2025-06-12 03:44:00,21.6
2025-06-12 04:45:00,12.6
2025-06-12 15:54:00,41.0
2025-06-12 10:11:00,66.7
2025-06-12 17:26:00,59.5
2025-06-12 06:31:00,77.7
2025-06-12 20:43:00,50.9
2025-06-12 09:17:00,16.8
2025-06-12 13:05:00,6.6
2025-06-12 02:45:00,76.3
2025-06-12 09:32:00,41.2
2025-06-12 06:04:00,49.797736698660984
2025-06-12 21:49:00,61.0
2025-06-12 02:13:00,49.797736698660984
2025-06-12 01:12:00,62.7
2025-06-12 15:27:00,32.8
2025-06-12 01:01:00,86.2
2025-06-12 14:58:00,61.7
2025-06-12 04:11:00,28.2
2025-06-12 00:19:00,71.2
2025-06-12 14:37:00,76.1
2025-06-12 11:15:00,49.797736698660984
2025-06-12 04:32:00,78.1
2025-06-12 19:50:00,49.797736698660984
2025-06-12 06:45:00,2.2
2025-06-12 14:57:00,20.4
2025-06-12 00:15:00,50.8
2025-06-12 13:03:00,2.9
2025-06-12 07:48:00,86.6
2025-06-12 20:00:00,49.1
2025-06-12 01:18:00,14.2
2025-06-12 14:09:00,36.0
2025-06-12 10:58:00,71.9
2025-06-12 19:03:00,72.1
2025-06-12 19:30:00,35.8
2025-06-12 22:53:00,49.797736698660984
2025-06-12 23:48:00,23.5
2025-06-12 07:59:00,42.1
2025-06-12 13:11:00,30.9
2025-06-12 07:48:00,67.0
2025-06-12 17:13:00,49.797736698660984
2025-06-12 07:31:00,88.3
2025-06-12 01:59:00,94.7
2025-06-12 19:31:00,49.797736698660984
2025-06-12 06:15:00,49.797736698660984
2025-06-12 11:47:00,71.6
2025-06-12 14:03:00,2.9
2025-06-12 21:34:00,34.5
2025-06-12 00:49:00,58.2
2025-06-12 20:41:00,37.1
2025-06-12 11:24:00,31.6
2025-06-12 02:25:00,23.6
2025-06-12 07:50:00,18.7
2025-06-12 14:37:00,58.0
2025-06-12 23:59:00,49.797736698660984
2025-06-12 04:03:00,74.8
2025-06-12 20:41:00,3.5
2025-06-12 19:05:00,49.797736698660984
2025-06-12 07:43:00,49.797736698660984
2025-06-12 01:41:00,49.797736698660984
2025-06-12 02:45:00,9.6
2025-06-12 03:46:00,86.3
2025-06-12 10:30:00,49.797736698660984
2025-06-12 12:01:00,35.1
2025-06-12 21:47:00,52.5
2025-06-12 00:03:00,99.0
2025-06-12 00:30:00,80.2
2025-06-12 23:58:00,37.0
2025-06-12 14:50:00,21.3
2025-06-12 06:20:00,49.797736698660984
2025-06-12 08:28:00,35.8
2025-06-12 18:07:00,49.797736698660984
2025-06-12 07:53:00,49.797736698660984
2025-06-12 03:44:00,64.7
2025-06-12 11:08:00,31.6
2025-06-12 11:26:00,81.4
2025-06-12 03:04:00,60.8
2025-06-12 22:35:00,65.9
2025-06-12 17:25:00,25.3
2025-06-12 18:48:00,1.6
2025-06-12 06:43:00,49.797736698660984
2025-06-12 00:34:00,49.797736698660984
2025-06-12 00:35:00,96.0
2025-06-12 13:30:00,1.2
2025-06-12 00:26:00,87.3
2025-06-12 00:27:00,23.1
2025-06-12 10:00:00,72.8
2025-06-12 03:40:00,49.797736698660984
2025-06-12 23:13:00,49.797736698660984
2025-06-12 12:28:00,76.0
2025-06-12 08:01:00,37.1
2025-06-12 04:24:00,77.7
2025-06-12 03:30:00,93.2
2025-06-12 21:25:00,49.797736698660984
2025-06-12 09:25:00,7.5
2025-06-12 22:32:00,47.4
2025-06-12 17:47:00,80.2
2025-06-12 19:42:00,59.0
2025-06-12 20:57:00,15.3
2025-06-12 07:48:00,49.797736698660984
2025-06-12 06:45:00,96.1
2025-06-12 23:47:00,49.797736698660984
2025-06-12 12:11:00,54.3
2025-06-12 21:31:00,49.797736698660984
2025-06-12 01:37:00,74.9
2025-06-12 14:46:00,31.1
2025-06-12 07:07:00,35.7
2025-06-12 10:39:00,17.7
2025-06-12 03:28:00,29.7
2025-06-12 17:02:00,29.2
2025-06-12 19:42:00,96.2
2025-06-12 06:58:00,76.8
2025-06-12 14:02:00,51.3
2025-06-12 08:10:00,97.2
2025-06-12 07:14:00,16.5
2025-06-12 08:11:00,58.1
2025-06-12 02:53:00,58.5
2025-06-12 20:29:00,49.797736698660984
2025-06-12 06:36:00,44.2
2025-06-12 22:20:00,10.8
2025-06-12 10:00:00,68.8
2025-06-12 18:26:00,95.1
2025-06-12 05:55:00,49.797736698660984
2025-06-12 21:16:00,31.0
2025-06-12 06:21:00,36.0
2025-06-12 21:52:00,72.8
2025-06-12 19:18:00,14.4
2025-06-12 09:56:00,47.9
2025-06-12 03:07:00,41.6
2025-06-12 04:35:00,61.9
2025-06-12 17:12:00,49.797736698660984
2025-06-12 04:21:00,56.2
2025-06-12 00:02:00,28.0
2025-06-12 12:27:00,93.3
2025-06-12 12:34:00,76.5
2025-06-12 17:55:00,70.0
2025-06-12 13:45:00,45.1
2025-06-12 14:13:00,14.7
2025-06-12 23:05:00,52.5
2025-06-12 16:32:00,32.6
2025-06-12 08:31:00,57.5
2025-06-12 03:18:00,49.797736698660984
2025-06-12 20:19:00,64.3
2025-06-12 21:39:00,1.4
2025-06-12 03:52:00,60.2
2025-06-12 05:37:00,60.5
2025-06-12 06:15:00,49.797736698660984
2025-06-12 16:25:00,42.4
2025-06-12 18:03:00,25.5
2025-06-12 18:11:00,30.1
2025-06-12 22:06:00,31.7
2025-06-12 22:23:00,59.9
2025-06-12 02:47:00,49.797736698660984
2025-06-12 13:58:00,49.797736698660984
2025-06-12 19:23:00,75.9
2025-06-12 03:47:00,17.4
2025-06-12 12:58:00,49.797736698660984
2025-06-12 10:08:00,9.6
2025-06-12 12:33:00,30.5
2025-06-12 21:23:00,76.8
2025-06-12 16:16:00,9.4
2025-06-12 07:01:00,28.4
2025-06-12 03:51:00,6.7
2025-06-12 00:24:00,24.7
2025-06-12 23:18:00,19.4
2025-06-12 17:23:00,49.797736698660984
2025-06-12 10:45:00,57.9
2025-06-12 12:35:00,55.7
2025-06-12 06:23:00,39.6
2025-06-12 09:07:00,42.9
2025-06-12 15:17:00,49.797736698660984
2025-06-12 20:41:00,3.2
2025-06-12 21:34:00,48.0
2025-06-12 01:35:00,91.5
2025-06-12 09:19:00,37.8
2025-06-12 18:55:00,66.3
2025-06-12 00:56:00,79.8
2025-06-12 18:53:00,17.8
2025-06-12 18:39:00,70.6
2025-06-12 20:24:00,94.8
2025-06-12 09:29:00,91.7
2025-06-12 14:10:00,68.3
2025-06-12 20:07:00,49.797736698660984
2025-06-12 21:50:00,92.5
2025-06-12 19:59:00,1.0
2025-06-12 19:45:00,3.1
2025-06-12 17:40:00,49.797736698660984
2025-06-12 10:38:00,61.0
2025-06-12 06:34:00,27.3
2025-06-12 08:13:00,12.6
2025-06-12 06:24:00,74.1
2025-06-12 18:05:00,30.7
2025-06-12 00:28:00,21.1
2025-06-12 17:16:00,41.2
2025-06-12 18:57:00,67.0
2025-06-12 22:40:00,5.8
2025-06-12 13:29:00,27.2
2025-06-12 06:40:00,54.0
2025-06-12 23:58:00,22.1
2025-06-12 09:58:00,90.1
2025-06-12 19:44:00,4.5
2025-06-12 03:22:00,35.5
2025-06-12 03:14:00,17.3
2025-06-12 18:03:00,50.18136565940501
2025-06-12 20:58:00,61.2
2025-06-12 14:47:00,19.4
2025-06-12 14:48:00,50.18136565940501
2025-06-12 11:40:00,53.4
2025-06-12 07:02:00,12.8
2025-06-12 15:09:00,50.18136565940501
2025-06-12 08:47:00,28.3
2025-06-12 05:17:00,18.0
2025-06-12 10:47:00,19.7
2025-06-12 05:38:00,47.1
2025-06-12 14:10:00,33.7
2025-06-12 19:48:00,89.8
2025-06-12 03:57:00,50.18136565940501
2025-06-12 06:47:00,13.0
2025-06-12 06:30:00,23.2
2025-06-12 10:27:00,70.0
2025-06-12 14:02:00,50.18136565940501
2025-06-12 12:04:00,48.3
2025-06-12 17:29:00,49.9
2025-06-12 13:23:00,6.7
2025-06-12 23:33:00,60.4
2025-06-12 00:15:00,50.18136565940501
2025-06-12 12:15:00,96.5
2025-06-12 00:02:00,50.18136565940501
2025-06-12 20:44:00,50.18136565940501
2025-06-12 14:16:00,67.5
2025-06-12 21:25:00,60.0
2025-06-12 23:31:00,35.1
2025-06-12 04:26:00,9.3
2025-06-12 08:09:00,50.18136565940501
2025-06-12 05:21:00,58.8
2025-06-12 14:46:00,14.9
2025-06-12 09:06:00,50.18136565940501
2025-06-12 22:42:00,98.1
2025-06-12 01:29:00,85.4
2025-06-12 16:38:00,99.4
2025-06-12 06:42:00,50.18136565940501
2025-06-12 11:29:00,50.18136565940501
2025-06-12 02:35:00,9.9
2025-06-12 23:53:00,85.9
2025-06-12 09:30:00,14.7
2025-06-12 03:53:00,86.7
2025-06-12 10:00:00,93.9
2025-06-12 15:19:00,4.1
2025-06-12 05:45:00,8.4
2025-06-12 02:09:00,55.3
2025-06-12 20:34:00,9.8
2025-06-12 03:28:00,55.6
2025-06-12 10:47:00,34.0
2025-06-12 06:53:00,44.4
2025-06-12 08:34:00,50.18136565940501
2025-06-12 10:42:00,75.3
2025-06-12 11:16:00,50.18136565940501
2025-06-12 14:03:00,21.8
2025-06-12 20:54:00,50.18136565940501
2025-06-12 14:22:00,30.4
2025-06-12 18:02:00,50.18136565940501
2025-06-12 23:43:00,13.2
2025-06-12 13:46:00,84.7
2025-06-12 16:39:00,89.9
2025-06-12 12:20:00,39.0
2025-06-12 18:57:00,98.6
2025-06-12 20:53:00,36.1
2025-06-12 05:29:00,28.0
2025-06-12 21:20:00,76.0
2025-06-12 12:37:00,42.0
2025-06-12 21:02:00,77.6
2025-06-12 17:12:00,38.9
2025-06-12 07:01:00,84.0
2025-06-12 11:29:00,50.18136565940501
2025-06-12 09:22:00,31.2
2025-06-12 17:22:00,43.7
2025-06-12 04:49:00,73.6
2025-06-12 01:19:00,95.7
2025-06-12 01:33:00,93.0
2025-06-12 09:43:00,69.3
2025-06-12 02:45:00,0.3
2025-06-12 10:56:00,56.8
2025-06-12 20:35:00,50.18136565940501
2025-06-12 21:57:00,13.8
2025-06-12 09:31:00,30.4
2025-06-12 12:13:00,55.7
2025-06-12 03:36:00,50.2
2025-06-12 16:56:00,50.18136565940501
2025-06-12 08:06:00,27.0
2025-06-12 08:50:00,43.2
2025-06-12 12:10:00,5.7
2025-06-12 14:37:00,43.0
2025-06-12 11:08:00,74.4
2025-06-12 03:39:00,52.7
2025-06-12 01:07:00,33.5
2025-06-12 09:20:00,50.18136565940501
2025-06-12 23:56:00,42.9
2025-06-12 02:27:00,99.1
2025-06-12 11:56:00,32.3
2025-06-12 17:04:00,50.18136565940501
2025-06-12 04:21:00,82.0
2025-06-12 14:51:00,86.6
2025-06-12 00:21:00,16.6
2025-06-12 03:27:00,69.4
2025-06-12 06:38:00,53.4
2025-06-12 01:43:00,51.7
2025-06-12 20:16:00,50.18136565940501
2025-06-12 10:17:00,41.2
2025-06-12 00:15:00,62.0
2025-06-12 01:33:00,8.3
2025-06-12 12:16:00,17.1
2025-06-12 04:40:00,50.18136565940501
2025-06-12 18:53:00,80.2
2025-06-12 19:12:00,48.2
2025-06-12 02:23:00,33.2
2025-06-12 04:03:00,59.0
2025-06-12 03:35:00,41.0
2025-06-12 19:48:00,50.18136565940501
2025-06-12 05:03:00,58.7
2025-06-12 02:58:00,46.0
2025-06-12 09:16:00,59.5
2025-06-12 10:07:00,51.8
2025-06-12 05:41:00,43.4
2025-06-12 15:19:00,93.4
2025-06-12 20:09:00,95.3
2025-06-12 02:05:00,3.0
2025-06-12 02:27:00,34.2
2025-06-12 20:51:00,19.4
2025-06-12 05:58:00,50.18136565940501
2025-06-12 16:16:00,50.18136565940501
2025-06-12 05:59:00,77.8
2025-06-12 09:06:00,21.9
2025-06-12 14:11:00,19.8
2025-06-12 16:02:00,89.8
2025-06-12 10:55:00,50.18136565940501
2025-06-12 21:47:00,41.2
2025-06-12 03:43:00,42.0
2025-06-12 11:33:00,50.18136565940501
2025-06-12 16:14:00,50.18136565940501
2025-06-12 06:12:00,15.9
2025-06-12 19:31:00,50.18136565940501
2025-06-12 10:47:00,49.3
2025-06-12 15:51:00,1.4
2025-06-12 15:54:00,18.3
2025-06-12 04:00:00,53.3
2025-06-12 06:09:00,71.6
2025-06-12 21:28:00,10.6
2025-06-12 02:46:00,18.7
2025-06-12 06:44:00,51.7
2025-06-12 17:07:00,51.9
2025-06-12 06:42:00,11.8
2025-06-12 08:16:00,30.5
2025-06-12 06:13:00,42.5
2025-06-12 12:37:00,40.7
2025-06-12 09:53:00,50.18136565940501
2025-06-12 06:51:00,20.5
2025-06-12 11:45:00,50.18136565940501
2025-06-12 21:23:00,52.3
2025-06-12 21:35:00,50.18136565940501
2025-06-12 19:15:00,11.6
2025-06-12 00:49:00,6.8
2025-06-12 21:09:00,9.6
2025-06-12 18:25:00,94.1
2025-06-12 00:40:00,97.6
2025-06-12 18:19:00,41.4
2025-06-12 09:34:00,50.18136565940501
2025-06-12 13:33:00,46.2
2025-06-12 11:07:00,42.3
2025-06-12 09:01:00,2.4
2025-06-12 20:41:00,67.2
2025-06-12 23:25:00,50.18136565940501
2025-06-12 08:58:00,28.3
2025-06-12 08:41:00,92.1
2025-06-12 23:46:00,28.9
2025-06-12 21:44:00,81.7
2025-06-12 16:01:00,20.0
2025-06-12 05:21:00,50.9
2025-06-12 06:21:00,37.9
2025-06-12 18:55:00,50.18136565940501
2025-06-12 06:07:00,64.9
2025-06-12 15:06:00,78.9
2025-06-12 07:59:00,59.8
2025-06-12 09:33:00,54.3
2025-06-12 00:48:00,50.4
2025-06-12 03:35:00,76.9
2025-06-12 07:05:00,32.3
2025-06-12 19:08:00,50.18136565940501
2025-06-12 00:18:00,22.0
2025-06-12 20:08:00,76.6
2025-06-12 19:03:00,89.7
2025-06-12 17:02:00,40.8
2025-06-12 11:18:00,84.5
2025-06-12 15:15:00,98.7
2025-06-12 09:27:00,23.7
2025-06-12 13:42:00,6.2
2025-06-12 13:15:00,48.6
2025-06-12 18:38:00,15.5
2025-06-12 13:42:00,62.6
2025-06-12 19:17:00,50.18136565940501
2025-06-12 11:32:00,95.1
2025-06-12 10:10:00,50.18136565940501
2025-06-12 09:38:00,94.8
2025-06-12 08:52:00,50.18136565940501
2025-06-12 13:41:00,6.5
2025-06-12 09:37:00,26.4
2025-06-12 17:21:00,14.6
2025-06-12 09:44:00,17.8
2025-06-12 16:48:00,35.5
2025-06-12 21:56:00,4.4
2025-06-12 18:35:00,27.7
2025-06-12 18:47:00,75.4
2025-06-12 07:52:00,50.18136565940501
2025-06-12 12:57:00,18.8
2025-06-12 19:46:00,69.5
2025-06-12 11:13:00,11.0
2025-06-12 05:06:00,63.4
2025-06-12 17:27:00,51.9
2025-06-12 19:36:00,12.0
2025-06-12 10:57:00,47.7
2025-06-12 15:26:00,10.1
2025-06-12 15:30:00,23.8
2025-06-12 06:04:00,75.9
2025-06-12 20:30:00,43.4
2025-06-12 18:39:00,22.1
2025-06-12 17:02:00,76.8
2025-06-12 06:01:00,36.9
2025-06-12 16:14:00,12.7
2025-06-12 04:18:00,76.0
2025-06-12 10:26:00,57.3
2025-06-12 03:15:00,60.2
2025-06-12 12:04:00,38.2
2025-06-12 12:19:00,57.1
2025-06-12 16:54:00,14.6
2025-06-12 18:06:00,5.8
2025-06-12 05:33:00,58.9
2025-06-12 21:51:00,83.4
2025-06-12 09:39:00,83.7
2025-06-12 09:37:00,22.5
2025-06-12 06:27:00,57.7
2025-06-12 22:00:00,61.5
2025-06-12 09:51:00,74.7
2025-06-12 12:07:00,4.1
2025-06-12 13:47:00,65.1
2025-06-12 03:37:00,50.18136565940501
2025-06-12 12:56:00,39.5
2025-06-12 17:25:00,63.3
2025-06-12 16:01:00,70.1
2025-06-12 06:27:00,68.0
2025-06-12 22:47:00,65.3
2025-06-12 10:06:00,46.4
2025-06-12 09:31:00,4.1
2025-06-12 14:14:00,70.6
2025-06-12 06:11:00,94.3
2025-06-12 07:30:00,4.4
2025-06-12 14:20:00,61.3
2025-06-12 10:28:00,99.9
2025-06-12 07:23:00,19.8
2025-06-12 23:33:00,94.0
2025-06-12 04:44:00,12.2
2025-06-12 13:54:00,44.9
2025-06-12 06:07:00,84.7
2025-06-12 08:36:00,41.1
2025-06-12 11:32:00,5.0
2025-06-12 20:45:00,30.5
2025-06-12 07:24:00,65.3
2025-06-12 19:18:00,66.4
2025-06-12 14:58:00,26.6
2025-06-12 10:54:00,52.4
2025-06-12 18:19:00,68.5
2025-06-12 21:20:00,12.3
2025-06-12 04:44:00,24.2
2025-06-12 07:21:00,26.8
2025-06-12 02:52:00,54.0
2025-06-12 17:00:00,97.1
2025-06-12 21:14:00,61.0
2025-06-12 21:38:00,75.8
2025-06-12 00:04:00,85.9
2025-06-12 12:54:00,35.5
2025-06-12 18:00:00,16.5
2025-06-12 09:05:00,88.1
2025-06-12 14:49:00,46.6
2025-06-12 03:35:00,54.8
2025-06-12 06:11:00,50.18136565940501
2025-06-12 16:29:00,57.4
2025-06-12 18:01:00,51.2
2025-06-12 06:32:00,21.6
2025-06-12 19:58:00,2.3
2025-06-12 12:05:00,45.6
2025-06-12 01:28:00,94.9
2025-06-12 07:22:00,22.3
2025-06-12 20:20:00,21.1
2025-06-12 17:08:00,81.8
2025-06-12 01:28:00,46.1
2025-06-12 17:01:00,95.8
2025-06-12 05:06:00,12.3
2025-06-12 01:56:00,41.8
2025-06-12 07:02:00,71.2
2025-06-12 23:12:00,11.5
2025-06-12 17:52:00,50.18136565940501
2025-06-12 12:20:00,28.5
2025-06-12 07:26:00,65.3
2025-06-12 11:03:00,96.5
2025-06-12 21:58:00,33.4
2025-06-12 22:45:00,59.4
2025-06-12 11:40:00,53.1
2025-06-12 04:19:00,99.1
2025-06-12 06:56:00,68.4
2025-06-12 17:05:00,94.3
2025-06-12 23:46:00,37.1
2025-06-12 05:51:00,49.7
2025-06-12 04:02:00,20.9
2025-06-12 09:37:00,25.7
2025-06-12 09:33:00,50.18136565940501
2025-06-12 06:19:00,50.18136565940501
2025-06-12 09:57:00,77.7
2025-06-12 05:54:00,72.5
2025-06-12 05:35:00,87.8
2025-06-12 08:16:00,89.1
2025-06-12 10:01:00,84.6
2025-06-12 15:08:00,7.7
2025-06-12 15:02:00,50.18136565940501
2025-06-12 18:32:00,34.0
2025-06-12 19:02:00,44.9
2025-06-12 23:53:00,95.4
2025-06-12 11:24:00,99.1
2025-06-12 04:48:00,49.5
2025-06-12 07:50:00,68.9
2025-06-12 10:44:00,20.6
2025-06-12 14:47:00,75.0
2025-06-12 15:08:00,45.5
2025-06-12 06:12:00,26.6
2025-06-12 23:19:00,99.7
2025-06-12 20:30:00,50.18136565940501
2025-06-12 17:29:00,35.6
2025-06-12 13:47:00,14.7
2025-06-12 01:30:00,93.2
2025-06-12 14:11:00,85.3
2025-06-12 07:02:00,24.7
2025-06-12 18:02:00,49.66792053602915
2025-06-12 17:41:00,39.9
2025-06-12 07:57:00,24.0
2025-06-12 03:56:00,50.5
2025-06-12 18:42:00,3.1
2025-06-12 09:10:00,38.1
2025-06-12 03:58:00,49.66792053602915
2025-06-12 09:52:00,68.7
2025-06-12 04:14:00,41.0
2025-06-12 10:54:00,76.1
2025-06-12 13:23:00,17.3
2025-06-12 14:14:00,15.0
2025-06-12 14:21:00,49.66792053602915
2025-06-12 17:32:00,61.4
2025-06-12 19:12:00,19.1
2025-06-12 23:30:00,44.1
2025-06-12 17:21:00,49.66792053602915
2025-06-12 22:31:00,51.4
2025-06-12 09:09:00,68.6
2025-06-12 17:16:00,16.4
2025-06-12 11:45:00,85.8
2025-06-12 04:45:00,75.9
2025-06-12 18:55:00,15.6
2025-06-12 01:16:00,49.66792053602915
2025-06-12 08:05:00,9.1
2025-06-12 15:24:00,62.8
2025-06-12 06:44:00,55.5
2025-06-12 13:25:00,50.3
2025-06-12 12:42:00,49.66792053602915
2025-06-12 09:00:00,8.6
2025-06-12 15:13:00,49.66792053602915
2025-06-12 00:39:00,44.2
2025-06-12 21:51:00,55.3
2025-06-12 05:04:00,42.4
2025-06-12 15:47:00,49.66792053602915
2025-06-12 20:15:00,44.3
2025-06-12 07:01:00,48.7
2025-06-12 19:40:00,28.4
2025-06-12 19:52:00,36.4
2025-06-12 08:20:00,11.4
2025-06-12 20:09:00,33.8
2025-06-12 12:24:00,32.2
2025-06-12 21:15:00,25.1
2025-06-12 11:19:00,40.1
2025-06-12 16:22:00,63.9
2025-06-12 23:50:00,41.8
2025-06-12 01:13:00,9.9
2025-06-12 20:25:00,25.3
2025-06-12 09:31:00,8.9
2025-06-12 16:39:00,61.2
2025-06-12 16:24:00,49.66792053602915
2025-06-12 06:54:00,58.6
2025-06-12 22:44:00,43.6
2025-06-12 04:00:00,49.66792053602915
2025-06-12 08:24:00,59.3
2025-06-12 05:14:00,26.7
2025-06-12 11:31:00,77.2
2025-06-12 05:07:00,56.3
2025-06-12 08:58:00,34.0
2025-06-12 01:41:00,35.4
2025-06-12 10:13:00,60.6
2025-06-12 16:08:00,49.66792053602915
2025-06-12 00:13:00,60.0
2025-06-12 16:21:00,68.0
2025-06-12 05:06:00,3.7
2025-06-12 11:53:00,53.9
2025-06-12 14:10:00,49.66792053602915
2025-06-12 19:10:00,25.2
2025-06-12 00:10:00,32.6
2025-06-12 21:08:00,71.6
2025-06-12 18:57:00,27.0
2025-06-12 03:54:00,34.3
2025-06-12 07:46:00,14.9
2025-06-12 04:52:00,49.66792053602915
2025-06-12 06:47:00,85.4
2025-06-12 18:14:00,3.9
2025-06-12 19:33:00,64.4
2025-06-12 14:16:00,33.1
2025-06-12 09:20:00,32.7
2025-06-12 08:43:00,67.5
2025-06-12 06:38:00,65.2
2025-06-12 19:10:00,50.9
2025-06-12 08:30:00,82.3
2025-06-12 04:08:00,49.66792053602915
2025-06-12 02:17:00,95.9
2025-06-12 17:50:00,49.66792053602915
2025-06-12 02:52:00,32.9
2025-06-12 22:14:00,36.5
2025-06-12 17:52:00,72.1
2025-06-12 08:33:00,11.4
2025-06-12 09:14:00,96.6
2025-06-12 14:34:00,22.3
2025-06-12 13:00:00,91.2
2025-06-12 22:20:00,90.3
2025-06-12 07:29:00,87.3
2025-06-12 18:34:00,49.66792053602915
2025-06-12 07:17:00,49.66792053602915
2025-06-12 23:29:00,8.8
2025-06-12 16:56:00,49.66792053602915
2025-06-12 23:52:00,87.0
2025-06-12 08:38:00,23.4
2025-06-12 04:16:00,9.5
2025-06-12 21:07:00,49.66792053602915
2025-06-12 18:37:00,12.7
2025-06-12 07:54:00,55.0
2025-06-12 01:27:00,49.5
2025-06-12 18:58:00,83.8
2025-06-12 01:12:00,32.6
2025-06-12 08:47:00,14.2
2025-06-12 11:10:00,52.9
2025-06-12 06:09:00,44.0
2025-06-12 11:06:00,49.66792053602915
2025-06-12 12:54:00,31.4
2025-06-12 02:33:00,49.66792053602915
2025-06-12 13:59:00,37.0
2025-06-12 18:33:00,27.5
2025-06-12 17:31:00,49.66792053602915
2025-06-12 16:10:00,49.66792053602915
2025-06-12 13:13:00,78.9
2025-06-12 21:20:00,68.6
2025-06-12 20:39:00,67.5
2025-06-12 14:46:00,22.6
2025-06-12 16:42:00,66.4
2025-06-12 03:35:00,98.0
2025-06-12 13:43:00,70.6
2025-06-12 10:22:00,73.5
2025-06-12 11:59:00,64.5
2025-06-12 16:58:00,81.0
2025-06-12 09:11:00,83.3
2025-06-12 13:57:00,30.0
2025-06-12 08:59:00,49.66792053602915
2025-06-12 20:57:00,17.4
2025-06-12 23:51:00,25.2
2025-06-12 22:29:00,71.8
2025-06-12 02:03:00,30.1
2025-06-12 13:12:00,14.5
2025-06-12 00:46:00,49.66792053602915
2025-06-12 17:09:00,91.9
2025-06-12 18:09:00,49.66792053602915
2025-06-12 00:54:00,61.3
2025-06-12 09:28:00,49.66792053602915
2025-06-12 09:03:00,42.2
2025-06-12 19:15:00,18.0
2025-06-12 14:17:00,45.8
2025-06-12 11:56:00,83.1
2025-06-12 10:43:00,61.2
2025-06-12 20:18:00,39.8
2025-06-12 18:08:00,49.66792053602915
2025-06-12 03:39:00,44.4
2025-06-12 10:09:00,18.4
2025-06-12 15:38:00,97.6
2025-06-12 13:30:00,10.5
2025-06-12 08:57:00,49.66792053602915
2025-06-12 13:11:00,42.6
2025-06-12 23:41:00,2.3
2025-06-12 15:33:00,23.0
2025-06-12 18:31:00,54.7
2025-06-12 11:01:00,0.5
2025-06-12 06:46:00,3.3
2025-06-12 14:13:00,38.2
2025-06-12 07:15:00,88.0
2025-06-12 22:26:00,49.66792053602915
2025-06-12 23:56:00,35.8
2025-06-12 04:19:00,50.9
2025-06-12 02:42:00,32.1
2025-06-12 00:05:00,58.7
2025-06-12 23:16:00,87.3
2025-06-12 08:47:00,54.8
2025-06-12 21:59:00,76.7
2025-06-12 03:15:00,15.8
2025-06-12 12:34:00,56.2
2025-06-12 04:47:00,49.66792053602915
2025-06-12 18:32:00,25.4
2025-06-12 22:49:00,88.6
2025-06-12 04:43:00,51.8
2025-06-12 08:46:00,49.66792053602915
2025-06-12 00:56:00,7.9
2025-06-12 10:19:00,62.5
2025-06-12 20:28:00,39.3
2025-06-12 16:38:00,42.3
2025-06-12 06:04:00,17.5
2025-06-12 21:54:00,9.0
2025-06-12 00:37:00,32.4
2025-06-12 08:06:00,49.66792053602915
2025-06-12 02:46:00,2.5
2025-06-12 17:20:00,65.7
2025-06-12 11:06:00,25.5
2025-06-12 11:26:00,45.7
2025-06-12 13:18:00,17.7
2025-06-12 01:30:00,49.66792053602915
2025-06-12 19:10:00,12.7
2025-06-12 14:26:00,49.66792053602915
2025-06-12 12:43:00,58.3
2025-06-12 07:20:00,18.9
2025-06-12 12:21:00,3.9
2025-06-12 02:11:00,44.5
2025-06-12 06:49:00,8.1
2025-06-12 13:07:00,29.0
2025-06-12 02:16:00,16.4
2025-06-12 08:04:00,39.3
2025-06-12 01:16:00,68.6
2025-06-12 20:42:00,57.3
2025-06-12 14:20:00,41.3
2025-06-12 01:56:00,68.0
2025-06-12 13:59:00,96.9
2025-06-12 10:32:00,82.9
2025-06-12 13:50:00,51.7
2025-06-12 18:28:00,88.5
2025-06-12 18:01:00,49.66792053602915
2025-06-12 20:13:00,8.3
2025-06-12 03:00:00,9.1
2025-06-12 19:41:00,9.7
2025-06-12 06:10:00,49.66792053602915
2025-06-12 08:53:00,68.1
2025-06-12 08:13:00,24.6
2025-06-12 18:50:00,90.1
2025-06-12 05:10:00,23.8
2025-06-12 13:09:00,8.3
2025-06-12 22:49:00,52.0
2025-06-12 21:04:00,6.9
2025-06-12 08:30:00,60.4
2025-06-12 23:47:00,86.9
2025-06-12 04:58:00,32.3
2025-06-12 21:38:00,49.66792053602915
2025-06-12 04:23:00,49.66792053602915
2025-06-12 19:20:00,64.1
2025-06-12 11:56:00,75.8
2025-06-12 11:56:00,20.6
2025-06-12 20:30:00,6.5
2025-06-12 15:00:00,2.1
2025-06-12 21:18:00,9.2
2025-06-12 21:25:00,49.66792053602915
2025-06-12 17:19:00,57.8
2025-06-12 14:58:00,49.66792053602915
2025-06-12 10:12:00,55.0
2025-06-12 01:14:00,80.5
2025-06-12 15:44:00,30.2
2025-06-12 00:45:00,93.4
2025-06-12 14:51:00,73.4
2025-06-12 03:29:00,49.66792053602915
2025-06-12 11:26:00,82.1
2025-06-12 11:06:00,47.3
2025-06-12 13:35:00,11.5
2025-06-12 05:28:00,17.1
2025-06-12 06:33:00,72.8
2025-06-12 21:25:00,49.66792053602915
2025-06-12 22:38:00,10.6
2025-06-12 09:18:00,49.66792053602915
2025-06-12 09:22:00,83.2
2025-06-12 00:23:00,67.9
2025-06-12 14:46:00,49.66792053602915
2025-06-12 21:49:00,52.3
2025-06-12 05:26:00,80.5
2025-06-12 21:47:00,60.7
2025-06-12 21:11:00,49.66792053602915
2025-06-12 19:37:00,69.6
2025-06-12 10:07:00,9.0
2025-06-12 06:43:00,23.0
2025-06-12 06:57:00,39.2
2025-06-12 08:27:00,31.5
2025-06-12 07:55:00,95.0
2025-06-12 03:23:00,12.9
2025-06-12 00:32:00,64.0
2025-06-12 15:54:00,19.4
2025-06-12 07:36:00,17.9
2025-06-12 03:59:00,78.9
2025-06-12 21:10:00,79.8
2025-06-12 10:06:00,7.5
2025-06-12 06:21:00,2.2
2025-06-12 21:29:00,74.1
2025-06-12 07:45:00,49.66792053602915
2025-06-12 00:15:00,49.66792053602915
2025-06-12 00:06:00,37.2
2025-06-12 02:13:00,16.8
2025-06-12 08:51:00,49.66792053602915
2025-06-12 11:39:00,62.9
2025-06-12 05:28:00,70.4
2025-06-12 22:16:00,69.1
2025-06-12 22:08:00,95.9
2025-06-12 20:35:00,46.1
2025-06-12 14:15:00,49.66792053602915
2025-06-12 18:02:00,31.9
2025-06-12 15:08:00,80.1
2025-06-12 10:43:00,3.6
2025-06-12 05:35:00,58.6
2025-06-12 20:54:00,60.8
2025-06-12 05:05:00,47.7
2025-06-12 03:08:00,10.7
2025-06-12 19:42:00,82.2
2025-06-12 10:29:00,41.0
2025-06-12 18:31:00,19.7
2025-06-12 00:59:00,31.4
2025-06-12 18:52:00,4.7
2025-06-12 16:08:00,17.1
2025-06-12 17:55:00,9.2
2025-06-12 13:18:00,5.3
2025-06-12 15:27:00,65.8
2025-06-12 18:28:00,49.66792053602915
2025-06-12 17:04:00,66.8
2025-06-12 18:46:00,16.6
2025-06-12 07:30:00,42.2
2025-06-12 20:15:00,27.5
2025-06-12 04:11:00,7.2
2025-06-12 04:03:00,49.66792053602915
2025-06-12 07:51:00,56.7
2025-06-12 19:55:00,25.2
2025-06-12 08:36:00,29.8
2025-06-12 18:33:00,49.66792053602915
2025-06-12 23:06:00,77.6
2025-06-12 03:39:00,34.8
2025-06-12 05:30:00,36.7
2025-06-12 16:21:00,72.2
2025-06-12 04:45:00,77.7
2025-06-12 19:08:00,68.4
2025-06-12 19:02:00,20.6
2025-06-12 07:06:00,15.6
2025-06-12 04:16:00,53.3
2025-06-12 02:38:00,13.5
2025-06-12 01:16:00,49.66792053602915
2025-06-12 22:17:00,49.66792053602915
2025-06-12 08:10:00,80.3
2025-06-12 21:26:00,58.6
2025-06-12 07:53:00,68.8
2025-06-12 04:33:00,38.6
2025-06-12 01:41:00,30.4
2025-06-12 03:40:00,45.3
2025-06-12 01:46:00,93.3
2025-06-12 16:47:00,93.6
2025-06-12 17:34:00,91.6
2025-06-12 10:34:00,49.66792053602915
2025-06-12 08:52:00,45.1
2025-06-12 12:05:00,49.66792053602915
2025-06-12 21:38:00,29.2
2025-06-12 01:09:00,77.0
2025-06-12 01:34:00,70.3
2025-06-12 06:35:00,55.0
2025-06-12 05:50:00,3.8
2025-06-12 21:06:00,39.6
2025-06-12 22:18:00,19.0
2025-06-12 01:17:00,88.6
2025-06-12 20:29:00,49.66792053602915
2025-06-12 08:41:00,9.8
2025-06-12 10:25:00,97.7
2025-06-12 15:18:00,59.8
2025-06-12 03:20:00,49.1
2025-06-12 15:14:00,43.0
2025-06-12 08:14:00,6.8
2025-06-12 07:35:00,49.66792053602915
2025-06-12 16:14:00,80.3
2025-06-12 10:03:00,55.0
2025-06-12 11:22:00,49.66792053602915
2025-06-12 07:39:00,54.6
2025-06-12 19:48:00,49.66792053602915
2025-06-12 19:19:00,3.9
2025-06-12 12:25:00,49.66792053602915
2025-06-12 14:52:00,16.5
2025-06-12 23:58:00,66.8
2025-06-12 02:29:00,21.4
2025-06-12 08:04:00,49.66792053602915
2025-06-12 16:27:00,12.1
2025-06-12 06:38:00,17.4
2025-06-12 04:50:00,37.0
2025-06-12 03:50:00,56.5
2025-06-12 18:30:00,26.0
2025-06-12 18:41:00,58.2
2025-06-12 06:35:00,93.4
2025-06-12 10:34:00,33.8
2025-06-12 09:00:00,50.4
2025-06-12 00:01:00,19.2
2025-06-12 22:23:00,93.8
2025-06-12 16:10:00,25.3
2025-06-12 07:36:00,49.82591552591553
2025-06-12 22:57:00,35.7
2025-06-12 23:02:00,75.6
2025-06-12 12:11:00,62.2
2025-06-12 22:42:00,87.8
2025-06-12 00:11:00,89.9
2025-06-12 16:36:00,70.9
2025-06-12 09:19:00,40.5
2025-06-12 09:38:00,49.82591552591553
2025-06-12 11:24:00,10.1
2025-06-12 21:25:00,3.1
2025-06-12 18:42:00,84.1
2025-06-12 04:25:00,91.9
2025-06-12 22:48:00,40.5
2025-06-12 17:57:00,96.1
2025-06-12 15:17:00,76.1
2025-06-12 00:37:00,72.3
2025-06-12 09:01:00,51.0
2025-06-12 17:02:00,30.9
2025-06-12 21:05:00,2.2
2025-06-12 14:43:00,49.82591552591553
2025-06-12 13:39:00,19.2
2025-06-12 09:51:00,100.0
2025-06-12 10:29:00,49.82591552591553
2025-06-12 17:59:00,49.82591552591553
2025-06-12 03:15:00,46.3
2025-06-12 04:50:00,90.4
2025-06-12 18:29:00,93.6
2025-06-12 08:52:00,36.5
2025-06-12 06:47:00,10.5
2025-06-12 21:23:00,48.6
2025-06-12 09:31:00,49.82591552591553
2025-06-12 05:30:00,50.3
2025-06-12 12:22:00,4.0
2025-06-12 02:21:00,17.4
2025-06-12 05:01:00,3.9
2025-06-12 02:12:00,49.82591552591553
2025-06-12 14:22:00,49.82591552591553
2025-06-12 16:19:00,87.0
2025-06-12 14:31:00,44.3
2025-06-12 08:41:00,91.3
2025-06-12 07:03:00,49.82591552591553
2025-06-12 09:15:00,27.2
2025-06-12 06:17:00,49.82591552591553
2025-06-12 22:03:00,25.7
2025-06-12 23:05:00,49.82591552591553
2025-06-12 15:11:00,50.5
2025-06-12 17:46:00,46.4
2025-06-12 15:04:00,93.2
2025-06-12 13:44:00,69.5
2025-06-12 23:09:00,40.2
2025-06-12 13:11:00,98.9
2025-06-12 03:10:00,56.9
2025-06-12 13:27:00,92.9
2025-06-12 16:03:00,55.5
2025-06-12 15:00:00,61.5
2025-06-12 22:03:00,24.5
2025-06-12 14:22:00,91.8
2025-06-12 16:29:00,70.2
2025-06-12 07:32:00,72.4
2025-06-12 05:58:00,64.1
2025-06-12 17:52:00,49.82591552591553
2025-06-12 00:29:00,49.82591552591553
2025-06-12 14:27:00,94.9
2025-06-12 05:24:00,21.1
2025-06-12 02:49:00,46.6
2025-06-12 01:18:00,64.4
2025-06-12 07:38:00,83.2
2025-06-12 00:47:00,82.1
2025-06-12 02:08:00,53.8
2025-06-12 20:11:00,94.6
2025-06-12 04:57:00,24.1
2025-06-12 10:38:00,11.8
2025-06-12 05:17:00,63.6
2025-06-12 08:09:00,40.9
2025-06-12 11:43:00,49.82591552591553
2025-06-12 15:11:00,48.8
2025-06-12 04:23:00,42.9
2025-06-12 23:48:00,59.3
2025-06-12 07:45:00,49.82591552591553
2025-06-12 09:45:00,49.82591552591553
2025-06-12 20:54:00,45.6
2025-06-12 03:33:00,22.4
2025-06-12 10:20:00,38.0
2025-06-12 16:17:00,38.5
2025-06-12 12:06:00,73.9
2025-06-12 13:20:00,49.82591552591553
2025-06-12 00:36:00,49.82591552591553
2025-06-12 14:43:00,5.9
2025-06-12 09:33:00,58.1
2025-06-12 09:56:00,34.4
2025-06-12 15:27:00,86.9
2025-06-12 01:00:00,91.3
2025-06-12 05:41:00,59.9
2025-06-12 12:30:00,50.0
2025-06-12 04:26:00,85.5
2025-06-12 08:20:00,62.2
2025-06-12 01:44:00,70.1
2025-06-12 04:46:00,82.3
2025-06-12 18:48:00,49.82591552591553
2025-06-12 01:29:00,21.0
2025-06-12 12:05:00,19.5
2025-06-12 18:20:00,88.1
2025-06-12 10:44:00,90.9
2025-06-12 02:40:00,55.4
2025-06-12 22:32:00,89.7
2025-06-12 13:19:00,47.8
2025-06-12 17:06:00,32.8
2025-06-12 20:36:00,71.4
2025-06-12 14:18:00,49.82591552591553
2025-06-12 00:01:00,49.82591552591553
2025-06-12 18:04:00,42.7
2025-06-12 22:03:00,56.7
2025-06-12 23:01:00,75.5
2025-06-12 00:33:00,15.0
2025-06-12 19:33:00,79.3
2025-06-12 15:16:00,4.1
2025-06-12 22:19:00,16.7
2025-06-12 08:52:00,68.7
2025-06-12 14:04:00,68.3
2025-06-12 19:46:00,7.1
2025-06-12 18:11:00,49.82591552591553
2025-06-12 06:51:00,77.6
2025-06-12 00:04:00,91.7
2025-06-12 15:53:00,49.82591552591553
2025-06-12 19:23:00,40.3
2025-06-12 23:52:00,71.9
2025-06-12 05:14:00,12.7
2025-06-12 21:37:00,79.4
2025-06-12 17:26:00,2.4
2025-06-12 04:04:00,11.7
2025-06-12 13:33:00,67.6
2025-06-12 07:47:00,80.0
2025-06-12 07:04:00,30.0
2025-06-12 03:57:00,25.6
2025-06-12 22:46:00,21.9
2025-06-12 16:19:00,85.6
2025-06-12 08:40:00,19.1
2025-06-12 23:26:00,16.1
2025-06-12 03:30:00,49.82591552591553
2025-06-12 12:16:00,48.6
2025-06-12 08:51:00,27.2
2025-06-12 15:03:00,16.1
2025-06-12 15:52:00,88.0
2025-06-12 07:37:00,49.82591552591553
2025-06-12 11:23:00,25.4
2025-06-12 23:25:00,7.8
2025-06-12 06:38:00,60.0
2025-06-12 21:02:00,12.7
2025-06-12 20:12:00,73.0
2025-06-12 22:42:00,92.9
2025-06-12 05:52:00,5.0
2025-06-12 08:58:00,49.82591552591553
2025-06-12 10:38:00,26.6
2025-06-12 02:17:00,28.2
2025-06-12 13:49:00,70.1
2025-06-12 22:11:00,39.0
2025-06-12 02:21:00,45.9
2025-06-12 12:35:00,83.9
2025-06-12 11:00:00,49.82591552591553
2025-06-12 01:21:00,97.3
2025-06-12 02:41:00,91.6
2025-06-12 13:47:00,81.7
2025-06-12 11:16:00,87.3
2025-06-12 16:24:00,49.82591552591553
2025-06-12 12:42:00,31.2
2025-06-12 17:11:00,19.3
2025-06-12 22:38:00,32.7
2025-06-12 16:50:00,98.2
2025-06-12 04:48:00,49.82591552591553
2025-06-12 18:46:00,58.1
2025-06-12 03:05:00,50.7
2025-06-12 05:55:00,13.4
2025-06-12 08:10:00,40.6
2025-06-12 15:00:00,34.5
2025-06-12 01:06:00,93.1
2025-06-12 02:46:00,48.9
2025-06-12 05:39:00,74.1
2025-06-12 09:09:00,49.82591552591553
2025-06-12 03:37:00,95.6
2025-06-12 12:45:00,95.0
2025-06-12 00:43:00,25.5
2025-06-12 12:07:00,1.6
2025-06-12 10:56:00,17.2
2025-06-12 09:42:00,16.3
2025-06-12 12:09:00,49.82591552591553
2025-06-12 07:54:00,96.5
2025-06-12 20:42:00,99.2
2025-06-12 03:53:00,84.3
2025-06-12 02:56:00,49.82591552591553
2025-06-12 05:29:00,97.9
2025-06-12 11:09:00,98.7
2025-06-12 06:22:00,52.2
2025-06-12 23:49:00,25.0
2025-06-12 13:12:00,59.0
2025-06-12 23:55:00,77.7
2025-06-12 13:18:00,49.82591552591553
2025-06-12 21:08:00,26.9
2025-06-12 06:31:00,79.5
2025-06-12 23:02:00,49.82591552591553
2025-06-12 23:55:00,11.0
2025-06-12 05:00:00,15.0
2025-06-12 21:42:00,49.5
2025-06-12 10:39:00,90.9
2025-06-12 19:38:00,48.1
2025-06-12 14:05:00,0.4
2025-06-12 20:28:00,66.0
2025-06-12 07:49:00,46.9
2025-06-12 03:00:00,30.5
2025-06-12 05:28:00,79.6
2025-06-12 05:34:00,88.8
2025-06-12 18:32:00,18.9
2025-06-12 09:13:00,77.3
2025-06-12 03:57:00,7.4
2025-06-12 12:27:00,27.4
2025-06-12 08:56:00,50.6
2025-06-12 00:47:00,49.82591552591553
2025-06-12 15:11:00,92.0
2025-06-12 16:58:00,21.5
2025-06-12 23:34:00,37.3
2025-06-12 22:05:00,85.8
2025-06-12 04:16:00,31.3
2025-06-12 04:09:00,2.3
2025-06-12 19:51:00,23.0
2025-06-12 09:40:00,49.82591552591553
2025-06-12 13:21:00,93.9
2025-06-12 22:13:00,66.9
2025-06-12 15:41:00,1.9
2025-06-12 18:34:00,62.1
2025-06-12 22:43:00,6.0
2025-06-12 01:03:00,92.4
2025-06-12 16:29:00,43.2
2025-06-12 10:51:00,17.0
2025-06-12 03:30:00,49.82591552591553
2025-06-12 05:57:00,77.8
2025-06-12 18:04:00,62.3
2025-06-12 23:30:00,30.0
2025-06-12 11:42:00,25.9
2025-06-12 20:44:00,92.5
2025-06-12 00:25:00,49.82591552591553
2025-06-12 14:12:00,37.1
2025-06-12 08:40:00,98.6
2025-06-12 21:54:00,0.4
2025-06-12 21:40:00,78.5
2025-06-12 20:00:00,55.9
2025-06-12 16:19:00,42.0
2025-06-12 19:41:00,56.6
2025-06-12 03:30:00,35.1
2025-06-12 04:03:00,99.3
2025-06-12 16:16:00,49.82591552591553
2025-06-12 15:00:00,49.82591552591553
2025-06-12 16:42:00,90.9
2025-06-12 00:50:00,23.9
2025-06-12 04:33:00,93.9
2025-06-12 10:16:00,74.1
2025-06-12 02:07:00,47.9
2025-06-12 18:27:00,49.82591552591553
2025-06-12 21:28:00,32.6
2025-06-12 18:50:00,76.9
2025-06-12 23:42:00,50.7
2025-06-12 03:39:00,10.6
2025-06-12 19:03:00,55.2
2025-06-12 21:25:00,81.3
2025-06-12 11:47:00,48.7
2025-06-12 17:27:00,49.82591552591553
2025-06-12 12:59:00,18.3
2025-06-12 18:49:00,73.9
2025-06-12 14:15:00,8.7
2025-06-12 00:28:00,31.8
2025-06-12 14:33:00,23.6
2025-06-12 18:09:00,67.7
2025-06-12 20:39:00,75.2
2025-06-12 09:01:00,12.5
2025-06-12 17:23:00,74.8
2025-06-12 08:38:00,49.82591552591553
2025-06-12 12:18:00,83.3
2025-06-12 12:31:00,53.3
2025-06-12 21:47:00,79.7
2025-06-12 15:12:00,49.82591552591553
2025-06-12 18:21:00,5.9
2025-06-12 17:54:00,99.3
2025-06-12 07:12:00,94.0
2025-06-12 07:30:00,69.0
2025-06-12 18:28:00,37.7
2025-06-12 04:39:00,61.8
2025-06-12 08:27:00,81.0
2025-06-12 01:04:00,62.0
2025-06-12 12:53:00,7.3
2025-06-12 16:00:00,20.8
2025-06-12 20:47:00,77.7
2025-06-12 21:42:00,50.7
2025-06-12 06:06:00,49.82591552591553
2025-06-12 18:55:00,60.2
2025-06-12 14:19:00,34.2
2025-06-12 22:17:00,13.1
2025-06-12 23:44:00,77.2
2025-06-12 07:34:00,83.8
2025-06-12 13:21:00,10.3
2025-06-12 17:08:00,12.5
2025-06-12 15:34:00,73.3
2025-06-12 08:21:00,49.82591552591553
2025-06-12 21:07:00,44.3
2025-06-12 15:34:00,43.5
2025-06-12 02:58:00,49.82591552591553
2025-06-12 17:46:00,44.4
2025-06-12 20:24:00,47.0
2025-06-12 03:01:00,87.9
2025-06-12 07:41:00,75.2
2025-06-12 15:20:00,97.6
2025-06-12 10:44:00,49.82591552591553
2025-06-12 15:36:00,57.4
2025-06-12 02:02:00,16.0
2025-06-12 09:21:00,11.4
2025-06-12 21:53:00,60.5
2025-06-12 23:50:00,49.82591552591553
2025-06-12 09:12:00,56.7
2025-06-12 06:03:00,55.7
2025-06-12 18:41:00,65.0
2025-06-12 20:07:00,12.0
2025-06-12 13:54:00,4.6
2025-06-12 10:58:00,43.7
2025-06-12 06:44:00,70.6
2025-06-12 13:22:00,75.4
2025-06-12 10:16:00,53.9
2025-06-12 13:59:00,49.2
2025-06-12 07:51:00,62.0
2025-06-12 08:02:00,90.3
2025-06-12 19:36:00,49.82264106490752
2025-06-12 08:26:00,10.4
2025-06-12 09:47:00,63.8
2025-06-12 17:00:00,82.1
2025-06-12 01:19:00,3.3
2025-06-12 10:26:00,18.8
2025-06-12 13:52:00,89.5
2025-06-12 01:12:00,49.82264106490752
2025-06-12 04:39:00,60.2
2025-06-12 08:50:00,46.0
2025-06-12 11:09:00,5.7
2025-06-12 05:42:00,35.2
2025-06-12 06:40:00,18.3
2025-06-12 01:42:00,54.4
2025-06-12 13:41:00,49.82264106490752
2025-06-12 20:00:00,49.82264106490752
2025-06-12 03:30:00,37.8
2025-06-12 23:13:00,78.8
2025-06-12 18:39:00,49.82264106490752
2025-06-12 13:52:00,34.2
2025-06-12 19:52:00,7.5
2025-06-12 01:37:00,92.3
2025-06-12 16:43:00,36.1
2025-06-12 14:43:00,90.4
2025-06-12 15:31:00,2.1
2025-06-12 04:00:00,49.2
2025-06-12 21:12:00,79.9
2025-06-12 10:53:00,55.7
2025-06-12 08:07:00,85.1
2025-06-12 09:24:00,21.7
2025-06-12 05:36:00,49.1
2025-06-12 17:25:00,20.3
2025-06-12 13:27:00,48.8
2025-06-12 16:35:00,81.7
2025-06-12 01:13:00,49.82264106490752
2025-06-12 17:48:00,12.8
2025-06-12 00:09:00,79.8
2025-06-12 09:09:00,70.5
2025-06-12 13:21:00,78.7
2025-06-12 17:44:00,81.9
2025-06-12 12:51:00,18.1
2025-06-12 18:36:00,46.5
2025-06-12 21:03:00,69.4
2025-06-12 00:40:00,58.1
2025-06-12 06:21:00,49.82264106490752
2025-06-12 14:15:00,11.7
2025-06-12 01:16:00,96.9
2025-06-12 05:02:00,49.82264106490752
2025-06-12 18:57:00,60.4
2025-06-12 15:22:00,2.0
2025-06-12 19:05:00,5.7
2025-06-12 07:04:00,49.82264106490752
2025-06-12 05:03:00,49.82264106490752
2025-06-12 13:43:00,93.2
2025-06-12 13:40:00,67.6
2025-06-12 22:34:00,14.4
2025-06-12 19:20:00,91.9
2025-06-12 11:37:00,13.0
2025-06-12 00:25:00,49.82264106490752
2025-06-12 07:25:00,58.6
2025-06-12 09:18:00,45.6
2025-06-12 08:00:00,49.82264106490752
2025-06-12 11:39:00,80.4
2025-06-12 10:06:00,49.82264106490752
2025-06-12 03:36:00,44.7
2025-06-12 18:58:00,87.9
2025-06-12 22:12:00,49.82264106490752
2025-06-12 19:51:00,16.5
2025-06-12 06:52:00,95.8
2025-06-12 14:29:00,73.7
2025-06-12 15:27:00,20.4
2025-06-12 15:30:00,53.6
2025-06-12 03:09:00,10.3
2025-06-12 08:26:00,0.8
2025-06-12 12:46:00,68.5
2025-06-12 04:59:00,84.7
2025-06-12 13:51:00,74.7
2025-06-12 20:29:00,36.6
2025-06-12 12:40:00,78.4
2025-06-12 10:37:00,57.9
2025-06-12 02:04:00,4.1
2025-06-12 07:21:00,39.5
2025-06-12 17:16:00,38.4
2025-06-12 01:39:00,17.6
2025-06-12 00:06:00,24.7
2025-06-12 21:02:00,49.82264106490752
2025-06-12 15:43:00,10.0
2025-06-12 15:59:00,60.8
2025-06-12 11:32:00,49.82264106490752
2025-06-12 11:43:00,8.4
2025-06-12 16:14:00,76.8
2025-06-12 10:05:00,41.6
2025-06-12 11:34:00,13.1
2025-06-12 03:02:00,68.2
2025-06-12 16:35:00,54.4
2025-06-12 16:24:00,80.1
2025-06-12 18:37:00,47.7
2025-06-12 03:37:00,21.7
2025-06-12 01:50:00,50.0
2025-06-12 02:24:00,62.7
2025-06-12 21:28:00,2.6
2025-06-12 02:37:00,38.8
2025-06-12 11:26:00,27.2
2025-06-12 14:29:00,27.6
2025-06-12 00:45:00,59.5
2025-06-12 23:03:00,82.4
2025-06-12 02:48:00,10.9
2025-06-12 19:09:00,49.82264106490752
2025-06-12 03:50:00,8.6
2025-06-12 01:14:00,68.6
2025-06-12 05:45:00,2.9
2025-06-12 22:33:00,65.2
2025-06-12 22:34:00,28.2
2025-06-12 20:55:00,9.9
2025-06-12 22:19:00,93.3
2025-06-12 22:37:00,49.82264106490752
2025-06-12 06:21:00,80.3
2025-06-12 06:35:00,83.6
2025-06-12 09:53:00,15.0
2025-06-12 13:37:00,5.0
2025-06-12 20:26:00,9.6
2025-06-12 02:35:00,49.82264106490752
2025-06-12 02:38:00,60.4
2025-06-12 02:34:00,29.5
2025-06-12 19:10:00,67.4
2025-06-12 07:59:00,88.5
2025-06-12 17:38:00,87.6
2025-06-12 09:13:00,35.9
2025-06-12 04:17:00,49.82264106490752
2025-06-12 12:07:00,87.3
2025-06-12 04:29:00,59.7
2025-06-12 21:57:00,2.3
2025-06-12 07:01:00,52.7
2025-06-12 17:34:00,15.5
2025-06-12 18:33:00,80.6
2025-06-12 18:23:00,76.3
2025-06-12 22:52:00,20.4
2025-06-12 19:57:00,12.5
2025-06-12 14:59:00,21.6
2025-06-12 22:27:00,6.4
2025-06-12 03:26:00,30.7
2025-06-12 10:00:00,9.0
2025-06-12 17:23:00,27.5
2025-06-12 06:39:00,49.82264106490752
2025-06-12 21:42:00,49.82264106490752
2025-06-12 15:02:00,58.2
2025-06-12 00:26:00,49.82264106490752
2025-06-12 19:32:00,48.7
2025-06-12 07:14:00,49.82264106490752
2025-06-12 11:03:00,2.4
2025-06-12 22:27:00,49.82264106490752
2025-06-12 13:43:00,48.0
2025-06-12 04:58:00,33.3
2025-06-12 23:40:00,1.3
2025-06-12 10:08:00,57.2
2025-06-12 04:00:00,92.2
2025-06-12 14:08:00,34.9
2025-06-12 00:49:00,42.6
2025-06-12 13:45:00,49.82264106490752
2025-06-12 13:59:00,54.0
2025-06-12 14:13:00,49.82264106490752
2025-06-12 00:34:00,88.9
2025-06-12 20:49:00,49.82264106490752
2025-06-12 00:44:00,3.8
2025-06-12 04:15:00,47.3
2025-06-12 19:58:00,4.6
2025-06-12 09:19:00,14.1
2025-06-12 14:06:00,49.82264106490752
2025-06-12 21:10:00,49.82264106490752
2025-06-12 15:11:00,56.2
2025-06-12 17:33:00,96.9
2025-06-12 23:40:00,21.6
2025-06-12 19:53:00,49.82264106490752
2025-06-12 14:34:00,48.5
2025-06-12 21:38:00,48.8
2025-06-12 18:33:00,70.4
2025-06-12 14:05:00,1.2
2025-06-12 01:39:00,49.82264106490752
2025-06-12 10:21:00,49.82264106490752
2025-06-12 23:53:00,8.7
2025-06-12 00:15:00,45.2
2025-06-12 09:06:00,49.82264106490752
2025-06-12 08:20:00,49.82264106490752
2025-06-12 05:54:00,49.82264106490752
2025-06-12 15:31:00,85.7
2025-06-12 15:29:00,11.1
2025-06-12 11:09:00,36.9
2025-06-12 16:15:00,49.82264106490752
2025-06-12 06:04:00,64.7
2025-06-12 22:36:00,68.6
2025-06-12 01:31:00,5.4
2025-06-12 11:44:00,37.7
2025-06-12 10:09:00,94.0
2025-06-12 07:06:00,66.5
2025-06-12 12:37:00,32.4
2025-06-12 17:19:00,3.2
2025-06-12 14:55:00,90.2
2025-06-12 15:39:00,7.9
2025-06-12 19:26:00,49.82264106490752
2025-06-12 07:39:00,49.82264106490752
2025-06-12 06:06:00,5.6
2025-06-12 03:14:00,82.6
2025-06-12 06:32:00,63.2
2025-06-12 17:13:00,23.1
2025-06-12 04:23:00,15.7
2025-06-12 06:33:00,73.7
2025-06-12 23:36:00,49.82264106490752
2025-06-12 02:23:00,8.6
2025-06-12 13:00:00,96.8
2025-06-12 03:16:00,5.5
2025-06-12 05:32:00,56.0
2025-06-12 21:39:00,87.8
2025-06-12 16:30:00,41.0
2025-06-12 10:46:00,55.4
2025-06-12 14:56:00,74.0
2025-06-12 15:55:00,38.4
2025-06-12 17:54:00,49.82264106490752
2025-06-12 14:57:00,52.3
2025-06-12 14:12:00,62.7
2025-06-12 10:18:00,85.8
2025-06-12 09:28:00,91.7
2025-06-12 12:52:00,34.8
2025-06-12 07:11:00,19.5
2025-06-12 17:14:00,9.3
2025-06-12 08:54:00,13.4
2025-06-12 09:59:00,71.8
2025-06-12 03:02:00,94.5
2025-06-12 14:01:00,19.3
2025-06-12 18:46:00,3.1
2025-06-12 07:13:00,49.82264106490752
2025-06-12 02:48:00,79.3
2025-06-12 22:11:00,48.8
2025-06-12 01:16:00,16.4
2025-06-12 12:36:00,3.0
2025-06-12 18:28:00,14.0
2025-06-12 09:14:00,49.82264106490752
2025-06-12 00:52:00,37.4
2025-06-12 21:31:00,96.7
2025-06-12 18:30:00,32.6
2025-06-12 17:01:00,49.82264106490752
2025-06-12 15:32:00,11.4
2025-06-12 07:54:00,28.3
2025-06-12 16:57:00,3.0
2025-06-12 17:51:00,49.82264106490752
2025-06-12 01:55:00,58.3
2025-06-12 06:45:00,81.9
2025-06-12 23:08:00,69.5
2025-06-12 09:19:00,41.4
2025-06-12 08:29:00,15.4
2025-06-12 02:10:00,49.2
2025-06-12 17:10:00,67.3
2025-06-12 06:47:00,61.1
2025-06-12 03:51:00,75.5
2025-06-12 20:01:00,49.82264106490752
2025-06-12 01:13:00,1.7
2025-06-12 16:31:00,49.82264106490752
2025-06-12 20:05:00,88.7
2025-06-12 03:29:00,35.2
2025-06-12 15:25:00,4.6
2025-06-12 19:20:00,52.9
2025-06-12 05:04:00,98.4
2025-06-12 08:02:00,35.1
2025-06-12 13:07:00,86.6
2025-06-12 09:01:00,64.9
2025-06-12 10:43:00,83.5
2025-06-12 10:10:00,9.1
2025-06-12 11:20:00,85.5
2025-06-12 17:24:00,21.5
2025-06-12 00:50:00,66.2
2025-06-12 14:04:00,43.0
2025-06-12 15:45:00,49.82264106490752
2025-06-12 00:19:00,43.6
2025-06-12 19:38:00,46.0
2025-06-12 07:02:00,30.2
2025-06-12 14:05:00,41.1
2025-06-12 23:35:00,49.1
2025-06-12 08:22:00,46.9
2025-06-12 16:33:00,1.8
2025-06-12 02:01:00,3.3
2025-06-12 06:30:00,6.4
2025-06-12 00:16:00,2.8
2025-06-12 13:21:00,49.82264106490752
2025-06-12 19:02:00,19.9
2025-06-12 08:12:00,21.9
2025-06-12 16:18:00,10.0
2025-06-12 21:12:00,53.4
2025-06-12 20:31:00,82.5
2025-06-12 19:42:00,40.1
2025-06-12 04:18:00,49.82264106490752
2025-06-12 19:00:00,86.3
2025-06-12 08:28:00,29.5
2025-06-12 18:36:00,5.2
2025-06-12 14:59:00,55.9
2025-06-12 19:18:00,1.1
2025-06-12 10:07:00,44.6
2025-06-12 05:42:00,80.5
2025-06-12 08:24:00,20.0
2025-06-12 20:19:00,75.0
2025-06-12 22:18:00,52.6
2025-06-12 20:00:00,86.4
2025-06-12 15:14:00,85.5
2025-06-12 20:48:00,50.2
2025-06-12 17:40:00,25.8
2025-06-12 15:49:00,37.8
2025-06-12 21:15:00,49.82264106490752
2025-06-12 07:42:00,8.1
2025-06-12 21:50:00,20.8
2025-06-12 11:50:00,45.5
2025-06-12 01:02:00,49.82264106490752
2025-06-12 19:23:00,24.9
2025-06-12 15:11:00,49.82264106490752
2025-06-12 15:30:00,36.4
2025-06-12 20:36:00,22.8
2025-06-12 04:50:00,46.9
2025-06-12 18:43:00,1.8
2025-06-12 19:36:00,19.7
2025-06-12 16:38:00,41.2
2025-06-12 13:17:00,26.4
2025-06-12 00:54:00,73.1
2025-06-12 15:38:00,80.8
2025-06-12 18:56:00,86.4
2025-06-12 16:09:00,91.8
2025-06-12 11:46:00,49.82264106490752
2025-06-12 22:41:00,49.82264106490752
2025-06-12 06:07:00,53.9
2025-06-12 08:08:00,11.1
2025-06-12 14:41:00,14.6
2025-06-12 05:28:00,90.1
2025-06-12 11:28:00,57.7
2025-06-12 10:02:00,57.8
2025-06-12 17:29:00,63.6
2025-06-12 11:58:00,30.8
2025-06-12 06:15:00,21.5
2025-06-12 11:23:00,2.9
2025-06-12 01:36:00,86.9
2025-06-12 00:35:00,18.1
2025-06-12 00:52:00,63.3
2025-06-12 19:21:00,73.4
2025-06-12 12:34:00,95.7
2025-06-12 15:33:00,38.5
2025-06-12 21:00:00,66.0
2025-06-12 11:03:00,78.9
2025-06-12 17:56:00,92.3
2025-06-12 03:18:00,18.2
2025-06-12 15:16:00,9.6
2025-06-12 04:07:00,60.9
2025-06-12 13:07:00,33.4
2025-06-12 14:25:00,94.4
2025-06-12 02:01:00,0.6
2025-06-12 12:20:00,49.73505924170616
2025-06-12 23:05:00,91.6
2025-06-12 05:28:00,98.5
2025-06-12 05:58:00,34.4
2025-06-12 18:34:00,52.0
2025-06-12 16:39:00,76.3
2025-06-12 03:39:00,62.8
2025-06-12 13:23:00,36.3
2025-06-12 19:01:00,30.9
2025-06-12 22:44:00,68.7
2025-06-12 11:04:00,16.4
2025-06-12 09:24:00,19.4
2025-06-12 14:12:00,49.73505924170616
2025-06-12 01:04:00,48.3
2025-06-12 14:31:00,50.9
2025-06-12 20:49:00,49.73505924170616
2025-06-12 06:52:00,20.6
2025-06-12 04:08:00,60.7
2025-06-12 14:34:00,45.9
2025-06-12 00:10:00,24.3
2025-06-12 06:42:00,49.73505924170616
2025-06-12 00:25:00,15.3
2025-06-12 19:44:00,76.8
2025-06-12 17:55:00,26.9
2025-06-12 22:39:00,96.9
2025-06-12 10:45:00,64.5
2025-06-12 22:10:00,2.6
2025-06-12 21:46:00,72.7
2025-06-12 11:36:00,1.8
2025-06-12 10:14:00,6.1
2025-06-12 20:42:00,49.73505924170616
2025-06-12 21:54:00,82.6
2025-06-12 17:26:00,92.9
2025-06-12 15:07:00,78.4
2025-06-12 10:11:00,81.4
2025-06-12 06:47:00,71.5
2025-06-12 16:37:00,92.4
2025-06-12 07:54:00,15.3
2025-06-12 06:12:00,49.6
2025-06-12 07:36:00,49.73505924170616
2025-06-12 16:56:00,57.3
2025-06-12 01:39:00,68.1
2025-06-12 20:09:00,62.6
2025-06-12 21:23:00,52.0
2025-06-12 19:14:00,91.2
2025-06-12 15:54:00,70.5
2025-06-12 08:14:00,49.73505924170616
2025-06-12 11:48:00,22.4
2025-06-12 19:45:00,7.8
2025-06-12 15:11:00,3.2
2025-06-12 09:50:00,49.73505924170616
2025-06-12 04:14:00,31.3
2025-06-12 00:35:00,30.5
2025-06-12 19:58:00,85.5
2025-06-12 02:22:00,17.7
2025-06-12 22:20:00,7.3
2025-06-12 12:49:00,52.0
2025-06-12 05:25:00,29.4
2025-06-12 07:48:00,83.5
2025-06-12 12:18:00,49.73505924170616
2025-06-12 15:25:00,83.0
2025-06-12 19:06:00,59.5
2025-06-12 22:39:00,84.9
2025-06-12 07:13:00,49.73505924170616
2025-06-12 01:28:00,86.0
2025-06-12 16:55:00,86.0
2025-06-12 05:56:00,70.1
2025-06-12 18:12:00,36.2
2025-06-12 09:35:00,51.0
2025-06-12 00:14:00,34.2
2025-06-12 13:01:00,13.4
2025-06-12 07:17:00,71.3
2025-06-12 13:20:00,36.1
2025-06-12 19:04:00,58.1
2025-06-12 10:53:00,9.2
2025-06-12 04:00:00,87.3
2025-06-12 19:53:00,48.7
2025-06-12 14:26:00,58.8
2025-06-12 02:14:00,97.1
2025-06-12 07:39:00,74.2
2025-06-12 00:03:00,15.8
2025-06-12 12:05:00,17.2
2025-06-12 09:22:00,49.73505924170616
2025-06-12 06:49:00,28.2
2025-06-12 02:49:00,70.2
2025-06-12 22:44:00,12.4
2025-06-12 16:42:00,75.8
2025-06-12 21:25:00,34.8
2025-06-12 07:44:00,28.7
2025-06-12 05:39:00,74.3
2025-06-12 17:22:00,91.9
2025-06-12 10:26:00,2.7
2025-06-12 08:49:00,57.0
2025-06-12 00:58:00,2.1
2025-06-12 10:07:00,45.1
2025-06-12 19:18:00,36.2
2025-06-12 07:08:00,29.4
2025-06-12 08:52:00,0.9
2025-06-12 12:48:00,4.3
2025-06-12 09:39:00,35.5
2025-06-12 14:36:00,26.0
2025-06-12 02:37:00,79.9
2025-06-12 22:49:00,59.1
2025-06-12 01:04:00,38.4
2025-06-12 15:15:00,26.5
2025-06-12 02:17:00,15.8
2025-06-12 04:22:00,11.2
2025-06-12 21:36:00,67.9
2025-06-12 03:21:00,32.6
2025-06-12 13:32:00,61.4
2025-06-12 21:36:00,82.4
2025-06-12 18:57:00,17.7
2025-06-12 01:57:00,34.7
2025-06-12 08:00:00,35.6
2025-06-12 16:01:00,49.73505924170616
2025-06-12 22:19:00,16.0
2025-06-12 20:09:00,49.73505924170616
2025-06-12 08:08:00,1.0
2025-06-12 05:37:00,20.3
2025-06-12 18:05:00,33.7
2025-06-12 04:45:00,36.9
2025-06-12 12:54:00,21.2
2025-06-12 05:37:00,5.9
2025-06-12 04:38:00,28.8
2025-06-12 16:55:00,24.8
2025-06-12 15:59:00,50.1
2025-06-12 05:40:00,48.4
2025-06-12 05:34:00,61.7
2025-06-12 06:17:00,20.8
2025-06-12 15:56:00,42.6
2025-06-12 05:33:00,31.6
2025-06-12 03:04:00,44.1
2025-06-12 08:07:00,51.2
2025-06-12 15:29:00,10.2
2025-06-12 18:04:00,6.4
2025-06-12 20:50:00,49.73505924170616
2025-06-12 01:14:00,49.73505924170616
2025-06-12 15:14:00,12.3
2025-06-12 05:46:00,49.73505924170616
2025-06-12 03:13:00,81.1
2025-06-12 05:34:00,49.73505924170616
2025-06-12 08:11:00,91.2
2025-06-12 13:26:00,49.73505924170616
2025-06-12 05:45:00,51.8
2025-06-12 02:34:00,82.4
2025-06-12 13:14:00,14.5
2025-06-12 12:34:00,77.0
2025-06-12 05:16:00,25.3
2025-06-12 13:36:00,44.5
2025-06-12 08:11:00,30.5
2025-06-12 18:20:00,62.8
2025-06-12 12:26:00,16.8
2025-06-12 06:22:00,3.3
2025-06-12 12:31:00,49.4
2025-06-12 08:55:00,91.4
2025-06-12 10:54:00,92.8
2025-06-12 17:54:00,49.73505924170616
2025-06-12 21:08:00,90.4
2025-06-12 23:10:00,52.8
2025-06-12 14:00:00,67.2
2025-06-12 09:59:00,86.1
2025-06-12 12:51:00,44.4
2025-06-12 17:48:00,42.9
2025-06-12 21:20:00,0.3
2025-06-12 06:47:00,38.1
2025-06-12 11:38:00,25.2
2025-06-12 10:38:00,25.9
2025-06-12 20:02:00,36.3
2025-06-12 11:48:00,49.73505924170616
2025-06-12 11:33:00,43.4
2025-06-12 00:33:00,2.8
2025-06-12 19:19:00,23.1
2025-06-12 17:17:00,40.2
2025-06-12 23:30:00,18.5
2025-06-12 06:21:00,88.1
2025-06-12 17:47:00,49.73505924170616
2025-06-12 05:19:00,93.8
2025-06-12 12:15:00,72.8
2025-06-12 09:03:00,46.6
2025-06-12 21:00:00,49.73505924170616
2025-06-12 22:34:00,42.9
2025-06-12 17:33:00,10.3
2025-06-12 16:33:00,49.73505924170616
2025-06-12 11:24:00,32.9
2025-06-12 21:24:00,10.8
2025-06-12 14:58:00,85.1
2025-06-12 12:00:00,12.1
2025-06-12 13:48:00,62.7
2025-06-12 18:02:00,30.3
2025-06-12 01:01:00,47.2
2025-06-12 16:04:00,0.2
2025-06-12 06:32:00,70.6
2025-06-12 15:58:00,31.2
2025-06-12 20:48:00,9.5
2025-06-12 00:28:00,47.0
2025-06-12 07:23:00,49.73505924170616
2025-06-12 11:44:00,5.2
2025-06-12 07:45:00,54.4
2025-06-12 03:40:00,25.2
2025-06-12 15:40:00,53.6
2025-06-12 20:17:00,44.2
2025-06-12 22:46:00,42.5
2025-06-12 07:34:00,82.5
2025-06-12 11:05:00,49.73505924170616
2025-06-12 07:44:00,4.9
2025-06-12 01:08:00,49.73505924170616
2025-06-12 06:50:00,49.0
2025-06-12 16:14:00,49.73505924170616
2025-06-12 21:14:00,22.3
2025-06-12 14:22:00,84.3
2025-06-12 12:19:00,5.6
2025-06-12 21:40:00,74.6
2025-06-12 23:37:00,35.8
2025-06-12 06:52:00,97.0
2025-06-12 13:53:00,1.3
2025-06-12 06:44:00,48.1
2025-06-12 04:25:00,49.73505924170616
2025-06-12 04:57:00,54.3
2025-06-12 08:55:00,15.9
2025-06-12 17:10:00,49.73505924170616
2025-06-12 18:28:00,0.9
2025-06-12 10:30:00,16.4
2025-06-12 02:12:00,38.5
2025-06-12 19:49:00,41.2
2025-06-12 23:54:00,49.73505924170616
2025-06-12 14:33:00,45.6
2025-06-12 11:03:00,92.1
2025-06-12 21:34:00,16.0
2025-06-12 05:05:00,4.3
2025-06-12 17:02:00,27.9
2025-06-12 11:55:00,92.1
2025-06-12 13:22:00,97.9
2025-06-12 14:39:00,55.9
2025-06-12 00:26:00,83.0
2025-06-12 02:08:00,53.8
2025-06-12 14:00:00,88.0
2025-06-12 17:02:00,74.8
2025-06-12 12:44:00,99.7
2025-06-12 10:17:00,82.4
2025-06-12 04:25:00,24.5
2025-06-12 10:07:00,44.6
2025-06-12 09:41:00,5.0
2025-06-12 22:54:00,49.73505924170616
2025-06-12 04:32:00,88.8
2025-06-12 17:05:00,88.6
2025-06-12 01:32:00,6.9
2025-06-12 00:27:00,41.8
2025-06-12 03:36:00,74.6
2025-06-12 02:59:00,20.0
2025-06-12 22:00:00,17.5
2025-06-12 22:26:00,90.2
2025-06-12 12:26:00,90.0
2025-06-12 08:01:00,49.73505924170616
2025-06-12 06:57:00,93.2
2025-06-12 20:36:00,35.7
2025-06-12 11:25:00,49.73505924170616
2025-06-12 17:52:00,49.73505924170616
2025-06-12 21:49:00,77.9
2025-06-12 19:06:00,4.7
2025-06-12 00:18:00,87.5
2025-06-12 19:14:00,67.5
2025-06-12 00:53:00,83.0
2025-06-12 16:59:00,91.8
2025-06-12 14:18:00,3.4
2025-06-12 14:08:00,36.7
2025-06-12 12:16:00,38.0
2025-06-12 08:00:00,82.9
2025-06-12 05:16:00,30.8
2025-06-12 23:46:00,29.9
2025-06-12 10:54:00,29.3
2025-06-12 21:27:00,67.5
2025-06-12 00:40:00,41.9
2025-06-12 09:36:00,49.73505924170616
2025-06-12 20:58:00,49.73505924170616
2025-06-12 13:35:00,31.9
2025-06-12 16:51:00,69.3
2025-06-12 10:55:00,48.7
2025-06-12 21:31:00,22.4
2025-06-12 02:50:00,80.6
2025-06-12 08:40:00,67.5
2025-06-12 13:25:00,85.6
2025-06-12 08:05:00,70.6
2025-06-12 05:42:00,92.8
2025-06-12 19:19:00,66.6
2025-06-12 14:42:00,18.4
2025-06-12 23:15:00,28.3
2025-06-12 00:37:00,54.1
2025-06-12 16:16:00,2.3
2025-06-12 01:09:00,60.1
2025-06-12 00:41:00,50.04950773558369
2025-06-12 00:03:00,43.2
2025-06-12 19:56:00,31.0
2025-06-12 11:14:00,25.4
2025-06-12 02:51:00,92.8
2025-06-12 09:02:00,30.9
2025-06-12 10:58:00,84.2
2025-06-12 17:23:00,81.0
2025-06-12 19:03:00,13.2
2025-06-12 22:36:00,39.7
2025-06-12 08:21:00,40.0
2025-06-12 07:19:00,36.9
2025-06-12 06:46:00,49.6
2025-06-12 13:59:00,93.4
2025-06-12 22:36:00,78.5
2025-06-12 11:01:00,18.1
2025-06-12 05:10:00,33.7
2025-06-12 12:22:00,21.5
2025-06-12 23:42:00,26.2
2025-06-12 06:00:00,27.5
2025-06-12 19:32:00,50.04950773558369
2025-06-12 04:46:00,51.2
2025-06-12 13:59:00,50.04950773558369
2025-06-12 03:11:00,58.4
2025-06-12 08:40:00,78.6
2025-06-12 16:25:00,50.04950773558369
2025-06-12 13:29:00,94.6
2025-06-12 13:47:00,50.04950773558369
2025-06-12 14:52:00,25.7
2025-06-12 16:33:00,73.7
2025-06-12 06:21:00,21.1
2025-06-12 14:05:00,50.04950773558369
2025-06-12 21:46:00,60.6
2025-06-12 06:56:00,96.1
2025-06-12 14:09:00,38.2
2025-06-12 18:16:00,50.04950773558369
2025-06-12 01:55:00,35.9
2025-06-12 15:54:00,39.2
2025-06-12 18:41:00,80.2
2025-06-12 02:19:00,87.9
2025-06-12 11:37:00,86.4
2025-06-12 18:06:00,89.4
2025-06-12 20:17:00,90.3
2025-06-12 01:29:00,26.1
2025-06-12 12:43:00,93.3
2025-06-12 01:36:00,37.8
2025-06-12 09:22:00,76.2
2025-06-12 13:05:00,30.6
2025-06-12 08:18:00,77.8
2025-06-12 01:00:00,27.9
2025-06-12 20:47:00,52.7
2025-06-12 22:40:00,6.2
2025-06-12 02:27:00,1.6
2025-06-12 18:04:00,58.7
2025-06-12 13:02:00,92.4
2025-06-12 17:54:00,44.1
2025-06-12 19:30:00,50.04950773558369
2025-06-12 01:03:00,71.1
2025-06-12 05:34:00,71.0
2025-06-12 17:46:00,13.0
2025-06-12 08:00:00,9.5
2025-06-12 09:38:00,86.4
2025-06-12 18:53:00,53.5
2025-06-12 20:05:00,30.2
2025-06-12 07:14:00,36.8
2025-06-12 14:00:00,99.1
2025-06-12 20:55:00,84.4
2025-06-12 04:52:00,36.7
2025-06-12 02:50:00,61.7
2025-06-12 09:02:00,28.6
2025-06-12 05:34:00,21.1
2025-06-12 15:41:00,50.04950773558369
2025-06-12 14:07:00,50.04950773558369
2025-06-12 15:16:00,46.1
2025-06-12 01:03:00,79.7
2025-06-12 01:41:00,50.04950773558369
2025-06-12 06:44:00,21.9
2025-06-12 17:05:00,7.0
2025-06-12 05:41:00,4.1
2025-06-12 17:47:00,75.8
2025-06-12 22:27:00,88.6
2025-06-12 02:06:00,47.9
2025-06-12 01:51:00,88.8
2025-06-12 23:54:00,51.6
2025-06-12 23:03:00,98.8
2025-06-12 03:41:00,10.1
2025-06-12 20:34:00,97.7
2025-06-12 20:40:00,73.5
2025-06-12 06:04:00,78.5
2025-06-12 02:58:00,50.04950773558369
2025-06-12 01:27:00,63.8
2025-06-12 14:38:00,72.5
2025-06-12 15:32:00,53.3
2025-06-12 00:42:00,60.5
2025-06-12 08:56:00,28.5
2025-06-12 09:26:00,94.7
2025-06-12 16:28:00,52.9
2025-06-12 12:52:00,50.04950773558369
2025-06-12 10:53:00,50.04950773558369
2025-06-12 07:32:00,6.1
2025-06-12 17:55:00,19.2
2025-06-12 09:12:00,59.0
2025-06-12 02:01:00,16.7
2025-06-12 01:16:00,50.04950773558369
2025-06-12 23:16:00,30.3
2025-06-12 17:22:00,42.8
2025-06-12 04:45:00,68.1
2025-06-12 23:17:00,51.2
2025-06-12 20:52:00,50.04950773558369
2025-06-12 07:48:00,81.7
2025-06-12 19:51:00,50.04950773558369
2025-06-12 16:34:00,88.5
2025-06-12 02:35:00,97.0
2025-06-12 03:32:00,37.9
2025-06-12 02:28:00,50.04950773558369
2025-06-12 06:48:00,97.3
2025-06-12 19:26:00,69.9
2025-06-12 14:38:00,68.9
2025-06-12 11:26:00,53.0
2025-06-12 12:31:00,19.1
2025-06-12 09:30:00,80.0
2025-06-12 15:32:00,27.3
2025-06-12 20:58:00,21.8
2025-06-12 19:46:00,41.6
2025-06-12 07:44:00,77.1
2025-06-12 12:07:00,50.04950773558369
2025-06-12 16:31:00,53.8
2025-06-12 13:28:00,32.0
2025-06-12 04:39:00,22.5
2025-06-12 16:42:00,12.0
2025-06-12 15:28:00,50.04950773558369
2025-06-12 06:19:00,73.2
2025-06-12 20:05:00,50.04950773558369
2025-06-12 14:40:00,25.7
2025-06-12 08:53:00,50.04950773558369
2025-06-12 03:41:00,23.7
2025-06-12 10:47:00,72.0
2025-06-12 06:34:00,5.1
2025-06-12 18:35:00,80.4
2025-06-12 03:28:00,50.04950773558369
2025-06-12 16:26:00,95.2
2025-06-12 10:43:00,50.04950773558369
2025-06-12 02:31:00,15.1
2025-06-12 23:39:00,98.1
2025-06-12 03:45:00,55.1
2025-06-12 23:51:00,23.6
2025-06-12 09:36:00,28.8
2025-06-12 05:55:00,50.04950773558369
2025-06-12 14:07:00,69.1
2025-06-12 06:18:00,35.5
2025-06-12 11:15:00,1.8
2025-06-12 02:05:00,68.9
2025-06-12 17:53:00,6.6
2025-06-12 03:32:00,12.4
2025-06-12 22:51:00,16.4
2025-06-12 22:51:00,76.0
2025-06-12 00:07:00,42.8
2025-06-12 05:05:00,53.7
2025-06-12 06:58:00,2.0
2025-06-12 15:11:00,73.3
2025-06-12 14:40:00,41.5
2025-06-12 09:27:00,50.04950773558369
2025-06-12 18:09:00,64.2
2025-06-12 15:40:00,40.2
2025-06-12 16:26:00,50.04950773558369
2025-06-12 04:20:00,99.5
2025-06-12 05:00:00,4.0
2025-06-12 09:26:00,32.3
2025-06-12 02:28:00,95.2
2025-06-12 17:22:00,95.3
2025-06-12 10:22:00,97.0
2025-06-12 05:12:00,10.9
2025-06-12 12:08:00,29.4
2025-06-12 00:51:00,77.5
2025-06-12 07:27:00,50.04950773558369
2025-06-12 12:19:00,84.8
2025-06-12 03:42:00,50.04950773558369
2025-06-12 23:41:00,84.6
2025-06-12 04:30:00,63.0
2025-06-12 09:45:00,48.7
2025-06-12 23:13:00,78.4
2025-06-12 08:23:00,71.5
2025-06-12 16:09:00,50.04950773558369
2025-06-12 13:23:00,50.04950773558369
2025-06-12 15:13:00,81.2
2025-06-12 04:00:00,57.9
2025-06-12 14:09:00,45.4
2025-06-12 01:37:00,22.4
2025-06-12 11:45:00,91.5
2025-06-12 19:01:00,2.3
2025-06-12 23:36:00,50.04950773558369
2025-06-12 09:52:00,13.3
2025-06-12 13:00:00,77.4
2025-06-12 01:46:00,50.04950773558369
2025-06-12 18:25:00,12.2
2025-06-12 14:11:00,52.4
2025-06-12 15:41:00,84.8
2025-06-12 19:56:00,22.8
2025-06-12 02:09:00,64.9
2025-06-12 23:49:00,50.04950773558369
2025-06-12 06:47:00,70.8
2025-06-12 20:23:00,50.04950773558369
2025-06-12 19:04:00,69.2
2025-06-12 11:33:00,57.6
2025-06-12 08:47:00,0.4
2025-06-12 14:50:00,5.8
2025-06-12 18:02:00,95.0
2025-06-12 13:42:00,81.0
2025-06-12 19:54:00,43.5
2025-06-12 22:14:00,68.0
2025-06-12 18:06:00,46.6
2025-06-12 06:23:00,26.4
2025-06-12 13:46:00,67.6
2025-06-12 10:11:00,31.1
2025-06-12 06:37:00,50.04950773558369
2025-06-12 10:41:00,48.9
2025-06-12 15:20:00,50.04950773558369
2025-06-12 18:02:00,84.7
2025-06-12 05:29:00,50.04950773558369
2025-06-12 19:33:00,50.04950773558369
2025-06-12 22:23:00,12.3
2025-06-12 16:41:00,7.4
2025-06-12 19:30:00,50.04950773558369
2025-06-12 06:35:00,53.7
2025-06-12 20:19:00,50.04950773558369
2025-06-12 10:28:00,50.04950773558369
2025-06-12 04:41:00,78.1
2025-06-12 17:31:00,72.7
2025-06-12 20:10:00,61.3
2025-06-12 17:59:00,9.0
2025-06-12 05:36:00,90.0
2025-06-12 23:36:00,50.04950773558369
2025-06-12 15:05:00,95.2
2025-06-12 17:01:00,38.9
2025-06-12 14:37:00,61.6
2025-06-12 09:42:00,16.8
2025-06-12 19:20:00,50.04950773558369
2025-06-12 08:24:00,40.7
2025-06-12 02:19:00,44.9
2025-06-12 23:04:00,64.1
2025-06-12 15:45:00,95.3
2025-06-12 16:24:00,93.9
2025-06-12 20:43:00,60.6
2025-06-12 09:15:00,95.9
2025-06-12 03:58:00,40.2
2025-06-12 20:58:00,48.4
2025-06-12 06:32:00,48.9
2025-06-12 04:50:00,50.04950773558369
2025-06-12 05:16:00,71.6
2025-06-12 18:30:00,79.7
2025-06-12 03:15:00,7.9
2025-06-12 11:24:00,91.5
2025-06-12 19:42:00,50.04950773558369
2025-06-12 08:47:00,10.2
2025-06-12 18:08:00,60.0
2025-06-12 14:36:00,10.2
2025-06-12 21:01:00,36.7
2025-06-12 01:17:00,50.04950773558369
2025-06-12 08:00:00,34.1
2025-06-12 17:15:00,21.5
2025-06-12 15:49:00,87.1
2025-06-12 17:41:00,2.7
2025-06-12 21:38:00,50.04950773558369
2025-06-12 00:19:00,56.5
2025-06-12 07:09:00,89.5
2025-06-12 10:45:00,24.7
2025-06-12 02:59:00,7.6
2025-06-12 06:48:00,60.3
2025-06-12 01:36:00,35.5
2025-06-12 07:56:00,79.0
2025-06-12 07:34:00,50.04950773558369
2025-06-12 01:48:00,24.7
2025-06-12 10:25:00,51.3
2025-06-12 08:29:00,74.8
2025-06-12 13:35:00,53.2
2025-06-12 01:20:00,50.04950773558369
2025-06-12 16:40:00,82.3
2025-06-12 02:47:00,76.1
2025-06-12 21:43:00,45.2
2025-06-12 05:05:00,93.2
2025-06-12 07:08:00,12.8
2025-06-12 08:12:00,1.0
2025-06-12 07:01:00,13.0
2025-06-12 08:26:00,91.4
2025-06-12 21:01:00,99.4
2025-06-12 08:07:00,50.04950773558369
2025-06-12 12:11:00,87.6
2025-06-12 20:16:00,50.04950773558369
2025-06-12 14:16:00,74.2
2025-06-12 15:38:00,74.1
2025-06-12 12:03:00,94.2
2025-06-12 18:36:00,56.1
2025-06-12 08:29:00,46.1
2025-06-12 19:57:00,65.8
2025-06-12 05:50:00,19.6
2025-06-12 00:13:00,61.0
2025-06-12 07:35:00,25.1
2025-06-12 10:43:00,51.0
2025-06-12 04:36:00,6.4
2025-06-12 03:37:00,70.9
2025-06-12 05:48:00,46.8
2025-06-12 08:48:00,9.3
2025-06-12 00:15:00,3.1
2025-06-12 11:47:00,98.2
2025-06-12 16:41:00,35.4
2025-06-12 23:56:00,33.6
2025-06-12 15:19:00,85.1
2025-06-12 08:57:00,50.04950773558369
2025-06-12 10:59:00,51.5
2025-06-12 09:39:00,11.1
2025-06-12 14:05:00,50.04950773558369
2025-06-12 22:39:00,75.1
2025-06-12 12:03:00,50.04950773558369
2025-06-12 12:49:00,50.04950773558369
2025-06-12 15:58:00,68.0
2025-06-12 22:56:00,97.5
2025-06-12 23:32:00,49.9
2025-06-12 12:32:00,19.5
2025-06-12 13:57:00,50.04950773558369
2025-06-12 18:26:00,26.1
2025-06-12 14:00:00,83.8
2025-06-12 13:31:00,61.1
2025-06-12 11:56:00,83.0
2025-06-12 16:27:00,50.04950773558369
2025-06-12 01:02:00,42.5
2025-06-12 09:08:00,50.04950773558369
2025-06-12 22:43:00,52.1
2025-06-12 23:43:00,64.1
2025-06-12 16:08:00,62.1
2025-06-12 15:21:00,85.5
2025-06-12 01:39:00,50.04950773558369
2025-06-12 05:02:00,37.1
2025-06-12 21:11:00,0.5
2025-06-12 04:36:00,31.0
2025-06-12 03:10:00,62.2
2025-06-12 01:12:00,49.64720650636492
2025-06-12 12:13:00,71.5
2025-06-12 09:28:00,85.2
2025-06-12 17:32:00,94.5
2025-06-12 22:11:00,6.0
2025-06-12 05:25:00,11.0
2025-06-12 02:18:00,21.5
2025-06-12 07:23:00,16.6
2025-06-12 02:06:00,67.0
2025-06-12 10:16:00,9.4
2025-06-12 12:01:00,57.6
2025-06-12 23:22:00,76.5
2025-06-12 00:46:00,49.64720650636492
2025-06-12 10:02:00,52.6
2025-06-12 13:15:00,26.0
2025-06-12 07:13:00,99.1
2025-06-12 14:37:00,76.3
2025-06-12 13:16:00,49.64720650636492
2025-06-12 02:25:00,8.3
2025-06-12 16:04:00,68.6
2025-06-12 14:44:00,63.0
2025-06-12 20:48:00,95.8
2025-06-12 08:57:00,43.8
2025-06-12 02:08:00,59.0
2025-06-12 08:03:00,25.6
2025-06-12 12:30:00,24.9
2025-06-12 17:36:00,49.64720650636492
2025-06-12 07:12:00,91.2
2025-06-12 03:24:00,12.9
2025-06-12 23:19:00,15.5
2025-06-12 18:51:00,38.2
2025-06-12 02:04:00,92.1
2025-06-12 19:09:00,0.4
2025-06-12 20:52:00,93.3
2025-06-12 05:57:00,43.7
2025-06-12 10:10:00,34.4
2025-06-12 22:59:00,49.64720650636492
2025-06-12 21:23:00,12.3
2025-06-12 04:23:00,7.0
2025-06-12 05:51:00,67.6
2025-06-12 22:43:00,14.4
2025-06-12 16:05:00,20.0
2025-06-12 16:11:00,49.64720650636492
2025-06-12 19:46:00,49.64720650636492
2025-06-12 05:26:00,41.6
2025-06-12 00:05:00,49.64720650636492
2025-06-12 15:32:00,49.64720650636492
2025-06-12 15:57:00,49.64720650636492
2025-06-12 06:45:00,82.6
2025-06-12 00:07:00,49.64720650636492
2025-06-12 21:34:00,12.5
2025-06-12 08:59:00,39.0
2025-06-12 05:27:00,32.4
2025-06-12 07:05:00,16.5
2025-06-12 14:54:00,35.9
2025-06-12 09:47:00,75.0
2025-06-12 10:06:00,84.7
2025-06-12 22:44:00,8.9
2025-06-12 07:16:00,39.2
2025-06-12 14:24:00,0.5
2025-06-12 16:53:00,93.4
2025-06-12 05:57:00,49.64720650636492
2025-06-12 09:28:00,50.5
2025-06-12 17:23:00,81.2
2025-06-12 20:29:00,49.64720650636492
2025-06-12 00:53:00,57.3
2025-06-12 19:16:00,29.5
2025-06-12 06:40:00,49.64720650636492
2025-06-12 11:59:00,45.6
2025-06-12 03:51:00,27.2
2025-06-12 12:30:00,13.3
2025-06-12 17:02:00,23.0
2025-06-12 17:13:00,10.2
2025-06-12 00:36:00,63.1
2025-06-12 01:07:00,45.4
2025-06-12 04:16:00,49.64720650636492
2025-06-12 18:55:00,63.6
2025-06-12 19:36:00,23.7
2025-06-12 00:25:00,50.7
2025-06-12 06:15:00,49.64720650636492
2025-06-12 04:04:00,86.2
2025-06-12 21:42:00,90.1
2025-06-12 03:49:00,49.64720650636492
2025-06-12 03:23:00,38.0
2025-06-12 13:28:00,32.1
2025-06-12 12:07:00,49.64720650636492
2025-06-12 22:33:00,40.2
2025-06-12 06:28:00,29.9
2025-06-12 13:35:00,72.1
2025-06-12 21:19:00,13.6
2025-06-12 21:44:00,72.8
2025-06-12 16:02:00,65.4
2025-06-12 23:49:00,38.3
2025-06-12 22:07:00,54.0
2025-06-12 05:57:00,97.0
2025-06-12 03:50:00,88.2
2025-06-12 16:15:00,41.8
2025-06-12 03:19:00,49.64720650636492
2025-06-12 19:34:00,23.0
2025-06-12 15:08:00,49.64720650636492
2025-06-12 09:03:00,87.4
2025-06-12 20:08:00,89.6
2025-06-12 06:13:00,6.2
2025-06-12 10:12:00,27.6
2025-06-12 13:42:00,49.64720650636492
2025-06-12 16:59:00,32.3
2025-06-12 08:37:00,69.6
2025-06-12 22:22:00,49.64720650636492
2025-06-12 07:55:00,65.2
2025-06-12 04:21:00,35.5
2025-06-12 21:59:00,86.7
2025-06-12 21:57:00,87.6
2025-06-12 23:04:00,49.64720650636492
2025-06-12 15:57:00,5.4
2025-06-12 06:20:00,84.8
2025-06-12 13:20:00,71.4
2025-06-12 17:40:00,21.6
2025-06-12 00:57:00,49.64720650636492
2025-06-12 15:38:00,45.8
2025-06-12 19:34:00,15.8
2025-06-12 04:43:00,52.6
2025-06-12 21:22:00,49.64720650636492
2025-06-12 22:17:00,88.0
2025-06-12 06:42:00,63.6
2025-06-12 19:19:00,31.2
2025-06-12 01:57:00,33.6
2025-06-12 14:21:00,27.7
2025-06-12 00:53:00,97.2
2025-06-12 13:33:00,49.64720650636492
2025-06-12 12:53:00,56.4
2025-06-12 17:52:00,49.9
2025-06-12 02:38:00,95.5
2025-06-12 13:37:00,83.5
2025-06-12 07:23:00,13.0
2025-06-12 22:20:00,77.3
2025-06-12 02:35:00,39.4
2025-06-12 14:31:00,51.4
2025-06-12 01:20:00,27.3
2025-06-12 10:51:00,51.6
2025-06-12 12:59:00,29.7
2025-06-12 09:30:00,14.5
2025-06-12 06:17:00,12.7
2025-06-12 08:59:00,27.2
2025-06-12 03:27:00,49.64720650636492
2025-06-12 07:09:00,27.8
2025-06-12 10:02:00,25.6
2025-06-12 18:26:00,49.64720650636492
2025-06-12 18:09:00,68.2
2025-06-12 02:51:00,71.7
2025-06-12 05:10:00,19.9
2025-06-12 23:13:00,57.0
2025-06-12 18:41:00,6.9
2025-06-12 10:04:00,35.7
2025-06-12 13:48:00,72.9
2025-06-12 01:58:00,97.7
2025-06-12 14:56:00,83.5
2025-06-12 06:30:00,49.64720650636492
2025-06-12 20:40:00,80.0
2025-06-12 11:25:00,33.5
2025-06-12 21:47:00,36.6
2025-06-12 00:47:00,49.64720650636492
2025-06-12 16:05:00,11.7
2025-06-12 01:46:00,91.6
2025-06-12 14:42:00,78.5
2025-06-12 01:16:00,11.9
2025-06-12 15:14:00,64.7
2025-06-12 07:59:00,49.64720650636492
2025-06-12 20:50:00,2.8
2025-06-12 19:18:00,30.6
2025-06-12 13:26:00,38.6
2025-06-12 12:00:00,46.7
2025-06-12 08:10:00,1.2
2025-06-12 08:08:00,49.64720650636492
2025-06-12 00:18:00,47.4
2025-06-12 10:00:00,32.2
2025-06-12 21:41:00,91.8
2025-06-12 18:47:00,71.8
2025-06-12 12:39:00,49.64720650636492
2025-06-12 21:27:00,87.9
2025-06-12 03:59:00,36.4
2025-06-12 22:52:00,64.4
2025-06-12 12:20:00,82.2
2025-06-12 09:58:00,97.9
2025-06-12 10:49:00,94.8
2025-06-12 02:38:00,49.64720650636492
2025-06-12 18:23:00,45.2
2025-06-12 16:55:00,24.9
2025-06-12 07:47:00,49.64720650636492
2025-06-12 02:17:00,49.64720650636492
2025-06-12 15:12:00,38.0
2025-06-12 06:51:00,89.2
2025-06-12 00:19:00,36.5
2025-06-12 14:07:00,2.6
2025-06-12 04:36:00,49.64720650636492
2025-06-12 08:17:00,69.9
2025-06-12 18:51:00,38.8
2025-06-12 15:32:00,40.1
2025-06-12 12:37:00,49.7
2025-06-12 14:31:00,48.1
2025-06-12 05:25:00,49.64720650636492
2025-06-12 22:53:00,87.0
2025-06-12 13:09:00,91.9
2025-06-12 10:05:00,69.9
2025-06-12 18:00:00,49.64720650636492
2025-06-12 03:31:00,69.4
2025-06-12 08:13:00,52.8
2025-06-12 09:03:00,37.7
2025-06-12 17:01:00,59.0
2025-06-12 10:57:00,13.9
2025-06-12 12:45:00,48.8
2025-06-12 13:52:00,7.3
2025-06-12 04:26:00,3.5
2025-06-12 15:02:00,44.1
2025-06-12 03:54:00,49.64720650636492
2025-06-12 20:12:00,49.64720650636492
2025-06-12 07:36:00,62.9
2025-06-12 22:20:00,49.64720650636492
2025-06-12 06:21:00,90.1
2025-06-12 05:16:00,60.1
2025-06-12 20:53:00,51.3
2025-06-12 02:26:00,5.4
2025-06-12 00:50:00,49.64720650636492
2025-06-12 17:14:00,18.3
2025-06-12 10:52:00,6.8
2025-06-12 11:11:00,17.1
2025-06-12 14:03:00,65.9
2025-06-12 16:10:00,49.64720650636492
2025-06-12 12:40:00,0.0
2025-06-12 04:43:00,65.2
2025-06-12 06:07:00,14.5
2025-06-12 06:05:00,49.64720650636492
2025-06-12 20:41:00,34.3
2025-06-12 00:03:00,11.0
2025-06-12 22:19:00,66.4
2025-06-12 17:18:00,49.64720650636492
2025-06-12 06:44:00,86.6
2025-06-12 11:09:00,46.4
2025-06-12 10:07:00,93.2
2025-06-12 14:41:00,39.0
2025-06-12 06:20:00,82.1
2025-06-12 07:42:00,84.3
2025-06-12 02:30:00,36.0
2025-06-12 13:15:00,86.1
2025-06-12 15:03:00,12.1
2025-06-12 15:45:00,96.4
2025-06-12 19:58:00,94.3
2025-06-12 09:10:00,6.2
2025-06-12 00:30:00,49.64720650636492
2025-06-12 15:16:00,35.5
2025-06-12 09:18:00,43.1
2025-06-12 02:56:00,52.2
2025-06-12 21:30:00,97.7
2025-06-12 01:05:00,33.5
2025-06-12 18:33:00,26.9
2025-06-12 00:20:00,14.9
2025-06-12 02:54:00,49.6
2025-06-12 14:17:00,94.3
2025-06-12 08:08:00,39.8
2025-06-12 20:10:00,49.64720650636492
2025-06-12 09:44:00,72.0
2025-06-12 04:10:00,60.6
2025-06-12 19:20:00,81.6
2025-06-12 07:41:00,47.5
2025-06-12 11:32:00,84.7
2025-06-12 05:16:00,14.5
2025-06-12 05:43:00,41.3
2025-06-12 06:43:00,51.8
2025-06-12 01:19:00,24.2
2025-06-12 15:39:00,65.2
2025-06-12 01:19:00,35.5
2025-06-12 19:07:00,72.6
2025-06-12 13:16:00,33.5
2025-06-12 23:55:00,92.3
2025-06-12 05:52:00,28.2
2025-06-12 07:48:00,3.1
2025-06-12 04:59:00,21.2
2025-06-12 12:37:00,0.9
2025-06-12 15:37:00,80.2
2025-06-12 01:21:00,88.0
2025-06-12 20:46:00,55.5
2025-06-12 01:47:00,74.6
2025-06-12 02:36:00,24.0
2025-06-12 14:14:00,66.0
2025-06-12 11:00:00,3.8
2025-06-12 08:39:00,69.2
2025-06-12 13:59:00,26.7
2025-06-12 07:30:00,90.3
2025-06-12 10:10:00,23.6
2025-06-12 14:28:00,97.8
2025-06-12 05:07:00,45.5
2025-06-12 01:21:00,36.2
2025-06-12 15:59:00,61.8
2025-06-12 01:25:00,82.5
2025-06-12 15:44:00,49.64720650636492
2025-06-12 21:50:00,0.6
2025-06-12 09:20:00,11.5
2025-06-12 20:58:00,3.7
2025-06-12 09:54:00,45.2
2025-06-12 21:08:00,99.1
2025-06-12 14:10:00,82.8
2025-06-12 14:26:00,21.6
2025-06-12 18:42:00,35.4
2025-06-12 08:37:00,64.4
2025-06-12 14:45:00,4.8
2025-06-12 10:40:00,35.3
2025-06-12 08:45:00,44.6
2025-06-12 16:20:00,68.5
2025-06-12 18:14:00,37.7
2025-06-12 01:11:00,65.1
2025-06-12 04:11:00,91.7
2025-06-12 03:20:00,38.8
2025-06-12 14:33:00,9.6
2025-06-12 20:32:00,35.6
2025-06-12 21:22:00,76.4
2025-06-12 08:52:00,36.6
2025-06-12 02:13:00,54.5
2025-06-12 09:48:00,46.7
2025-06-12 01:54:00,33.1
2025-06-12 20:43:00,6.5
2025-06-12 14:23:00,2.3
2025-06-12 06:23:00,43.6
2025-06-12 02:58:00,47.2
2025-06-12 16:54:00,16.8
2025-06-12 02:14:00,1.6
2025-06-12 22:23:00,71.1
2025-06-12 14:55:00,76.5
2025-06-12 07:08:00,13.9
2025-06-12 21:13:00,56.1
2025-06-12 00:54:00,20.4
2025-06-12 07:44:00,49.44888862615275
2025-06-12 15:40:00,88.6
2025-06-12 06:52:00,55.1
2025-06-12 23:38:00,49.44888862615275
2025-06-12 21:43:00,49.44888862615275
2025-06-12 10:43:00,44.0
2025-06-12 04:10:00,48.4
2025-06-12 12:50:00,1.8
2025-06-12 22:47:00,49.8
2025-06-12 00:57:00,85.5
2025-06-12 04:43:00,7.9
2025-06-12 05:10:00,49.44888862615275
2025-06-12 19:48:00,62.4
2025-06-12 04:36:00,33.7
2025-06-12 21:45:00,90.2
2025-06-12 22:45:00,40.6
2025-06-12 11:39:00,29.2
2025-06-12 20:21:00,23.3
2025-06-12 03:43:00,43.1
2025-06-12 22:22:00,16.0
2025-06-12 19:14:00,41.2
2025-06-12 20:14:00,89.5
2025-06-12 23:50:00,77.4
2025-06-12 20:42:00,47.1
2025-06-12 01:57:00,47.2
2025-06-12 14:38:00,9.6
2025-06-12 18:07:00,71.7
2025-06-12 09:32:00,18.7
2025-06-12 05:01:00,93.2
2025-06-12 10:44:00,86.4
2025-06-12 13:59:00,81.9
2025-06-12 00:51:00,60.8
2025-06-12 12:45:00,49.44888862615275
2025-06-12 01:36:00,74.9
2025-06-12 19:52:00,81.2
2025-06-12 22:20:00,66.1
2025-06-12 07:02:00,35.8
2025-06-12 18:21:00,67.6
2025-06-12 01:21:00,21.4
2025-06-12 20:53:00,39.6
2025-06-12 21:15:00,68.8
2025-06-12 17:29:00,73.9
2025-06-12 16:30:00,38.6
2025-06-12 15:55:00,98.6
2025-06-12 14:10:00,27.8
2025-06-12 12:51:00,83.6
2025-06-12 22:37:00,49.44888862615275
2025-06-12 17:37:00,58.6
2025-06-12 14:52:00,24.8
2025-06-12 09:19:00,21.8
2025-06-12 18:47:00,49.44888862615275
2025-06-12 12:31:00,49.44888862615275
2025-06-12 01:01:00,19.8
2025-06-12 17:12:00,49.44888862615275
2025-06-12 10:54:00,7.6
2025-06-12 01:24:00,63.7
2025-06-12 17:06:00,49.1
2025-06-12 09:58:00,58.7
2025-06-12 19:59:00,76.9
2025-06-12 10:32:00,21.4
2025-06-12 09:03:00,39.1
2025-06-12 05:26:00,55.4
2025-06-12 19:02:00,49.44888862615275
2025-06-12 02:18:00,42.1
2025-06-12 11:48:00,1.2
2025-06-12 12:10:00,49.44888862615275
2025-06-12 03:05:00,46.7
2025-06-12 04:39:00,28.2
2025-06-12 17:27:00,80.6
2025-06-12 18:10:00,49.44888862615275
2025-06-12 07:17:00,87.6
2025-06-12 17:31:00,80.1
2025-06-12 23:35:00,97.6
2025-06-12 08:39:00,75.5
2025-06-12 16:35:00,66.6
2025-06-12 09:12:00,1.6
2025-06-12 06:46:00,49.44888862615275
2025-06-12 17:26:00,3.1
2025-06-12 06:19:00,49.44888862615275
2025-06-12 05:37:00,99.4
2025-06-12 02:42:00,74.6
2025-06-12 04:09:00,8.9
2025-06-12 06:10:00,41.0
2025-06-12 20:31:00,26.0
2025-06-12 03:27:00,2.0
2025-06-12 15:31:00,75.4
2025-06-12 01:42:00,62.9
2025-06-12 08:52:00,12.5
2025-06-12 08:04:00,49.44888862615275
2025-06-12 15:18:00,37.0
2025-06-12 17:10:00,79.3
2025-06-12 20:23:00,69.2
2025-06-12 18:10:00,41.1
2025-06-12 18:43:00,30.1
2025-06-12 18:44:00,76.6
2025-06-12 13:27:00,67.3
2025-06-12 06:40:00,61.5
2025-06-12 14:25:00,88.0
2025-06-12 14:36:00,26.9
2025-06-12 03:02:00,25.4
2025-06-12 20:47:00,35.8
2025-06-12 10:52:00,75.1
2025-06-12 00:21:00,57.0
2025-06-12 20:09:00,53.1
2025-06-12 12:06:00,92.9
2025-06-12 03:27:00,49.44888862615275
2025-06-12 10:10:00,6.0
2025-06-12 06:33:00,49.6
2025-06-12 17:30:00,64.0
2025-06-12 03:14:00,43.2
2025-06-12 09:48:00,35.2
2025-06-12 20:34:00,95.5
2025-06-12 17:40:00,49.44888862615275
2025-06-12 21:14:00,49.44888862615275
2025-06-12 04:01:00,20.6
2025-06-12 08:33:00,78.8
2025-06-12 13:06:00,54.8
2025-06-12 18:44:00,20.8
2025-06-12 20:45:00,40.7
2025-06-12 21:17:00,49.44888862615275
2025-06-12 21:37:00,35.8
2025-06-12 01:47:00,3.6
2025-06-12 16:06:00,57.4
2025-06-12 17:17:00,91.1
2025-06-12 08:29:00,14.7
2025-06-12 18:45:00,56.4
2025-06-12 23:25:00,96.2
2025-06-12 13:53:00,77.2
2025-06-12 20:03:00,71.0
2025-06-12 05:41:00,7.4
2025-06-12 13:25:00,61.6
2025-06-12 04:35:00,54.0
2025-06-12 19:18:00,57.0
2025-06-12 07:02:00,96.1
2025-06-12 17:02:00,17.2
2025-06-12 09:40:00,11.5
2025-06-12 18:55:00,17.8
2025-06-12 13:45:00,26.7
2025-06-12 09:33:00,38.9
2025-06-12 14:30:00,49.44888862615275
2025-06-12 20:21:00,86.5
2025-06-12 16:20:00,48.7
2025-06-12 17:43:00,87.0
2025-06-12 10:03:00,6.7
2025-06-12 10:04:00,58.6
2025-06-12 04:54:00,75.5
2025-06-12 14:14:00,57.8
2025-06-12 22:47:00,49.44888862615275
2025-06-12 11:13:00,81.8
2025-06-12 03:42:00,5.3
2025-06-12 17:18:00,37.1
2025-06-12 09:58:00,49.44888862615275
2025-06-12 14:38:00,36.6
2025-06-12 22:27:00,49.44888862615275
2025-06-12 02:47:00,38.1
2025-06-12 00:08:00,64.5
2025-06-12 11:45:00,49.44888862615275
2025-06-12 14:15:00,49.7
2025-06-12 03:56:00,32.9
2025-06-12 13:02:00,22.9
2025-06-12 07:47:00,36.0
2025-06-12 15:15:00,51.2
2025-06-12 02:43:00,42.5
2025-06-12 19:47:00,53.6
2025-06-12 21:37:00,49.44888862615275
2025-06-12 21:55:00,39.0
2025-06-12 00:47:00,56.3
2025-06-12 14:58:00,14.8
2025-06-12 00:51:00,49.44888862615275
2025-06-12 05:33:00,54.2
2025-06-12 14:58:00,81.6
2025-06-12 12:54:00,99.3
2025-06-12 05:00:00,2.6
2025-06-12 21:54:00,43.0
2025-06-12 16:23:00,6.4
2025-06-12 00:58:00,49.44888862615275
2025-06-12 07:04:00,71.3
2025-06-12 16:22:00,30.7
2025-06-12 10:45:00,97.8
2025-06-12 13:09:00,17.6
2025-06-12 17:19:00,56.8
2025-06-12 22:02:00,23.6
2025-06-12 05:48:00,62.3
2025-06-12 02:26:00,25.5
2025-06-12 18:01:00,75.8
2025-06-12 17:07:00,24.2
2025-06-12 15:16:00,78.4
2025-06-12 17:27:00,52.6
2025-06-12 12:54:00,49.44888862615275
2025-06-12 21:28:00,57.6
2025-06-12 14:57:00,25.0
2025-06-12 12:40:00,49.44888862615275
2025-06-12 12:42:00,87.3
2025-06-12 18:57:00,49.44888862615275
2025-06-12 10:05:00,49.44888862615275
2025-06-12 10:47:00,49.44888862615275
2025-06-12 19:40:00,4.9
2025-06-12 10:36:00,49.44888862615275
2025-06-12 14:33:00,81.1
2025-06-12 07:45:00,89.3
2025-06-12 04:48:00,61.0
2025-06-12 04:55:00,17.1
2025-06-12 06:08:00,32.2
2025-06-12 16:22:00,49.44888862615275
2025-06-12 16:46:00,28.4
2025-06-12 09:05:00,0.0
2025-06-12 15:52:00,13.3
2025-06-12 13:07:00,49.44888862615275
2025-06-12 07:18:00,66.9
2025-06-12 12:49:00,49.44888862615275
2025-06-12 13:53:00,87.3
2025-06-12 10:44:00,38.5
2025-06-12 10:24:00,40.3
2025-06-12 13:18:00,49.44888862615275
2025-06-12 20:26:00,77.9
2025-06-12 12:22:00,97.2
2025-06-12 22:03:00,56.5
2025-06-12 06:05:00,72.4
2025-06-12 18:30:00,28.6
2025-06-12 10:36:00,83.5
2025-06-12 21:55:00,49.44888862615275
2025-06-12 22:52:00,86.6
2025-06-12 20:18:00,48.9
2025-06-12 15:49:00,93.6
2025-06-12 23:55:00,14.8
2025-06-12 00:32:00,13.8
2025-06-12 20:15:00,59.4
2025-06-12 10:21:00,49.44888862615275
2025-06-12 18:10:00,44.8
2025-06-12 10:21:00,20.3
2025-06-12 07:27:00,49.44888862615275
2025-06-12 03:46:00,94.4
2025-06-12 15:13:00,40.8
2025-06-12 15:20:00,32.3
2025-06-12 18:56:00,27.8
2025-06-12 19:53:00,77.8
2025-06-12 07:09:00,93.8
2025-06-12 14:09:00,2.1
2025-06-12 12:24:00,21.3
2025-06-12 11:50:00,55.8
2025-06-12 22:12:00,7.2
2025-06-12 02:05:00,71.4
2025-06-12 13:27:00,69.0
2025-06-12 03:39:00,11.9
2025-06-12 21:20:00,85.8
2025-06-12 04:10:00,80.8
2025-06-12 05:25:00,69.2
2025-06-12 02:24:00,50.6
2025-06-12 06:51:00,77.1
2025-06-12 03:53:00,42.9
2025-06-12 08:31:00,25.0
2025-06-12 12:03:00,49.44888862615275
2025-06-12 20:04:00,34.4
2025-06-12 15:15:00,8.3
2025-06-12 06:42:00,91.2
2025-06-12 14:42:00,8.0
2025-06-12 10:25:00,1.9
2025-06-12 20:52:00,0.7
2025-06-12 12:24:00,45.3
2025-06-12 15:45:00,53.3
2025-06-12 20:36:00,58.7
2025-06-12 08:04:00,72.5
2025-06-12 22:21:00,52.2
2025-06-12 05:26:00,51.9
2025-06-12 04:57:00,49.44888862615275
2025-06-12 06:46:00,14.0
2025-06-12 23:06:00,24.6
2025-06-12 21:49:00,35.9
2025-06-12 14:49:00,69.7
2025-06-12 23:53:00,67.8
2025-06-12 06:49:00,57.3
2025-06-12 14:34:00,77.3
2025-06-12 09:49:00,49.44888862615275
2025-06-12 11:35:00,43.0
2025-06-12 09:00:00,49.44888862615275
2025-06-12 13:35:00,78.3
2025-06-12 13:12:00,55.7
2025-06-12 20:39:00,44.3
2025-06-12 19:48:00,88.4
2025-06-12 14:02:00,10.2
2025-06-12 12:45:00,29.5
2025-06-12 19:01:00,4.7
2025-06-12 18:37:00,80.9
2025-06-12 06:53:00,99.4
2025-06-12 23:37:00,37.2
2025-06-12 01:45:00,44.7
2025-06-12 13:56:00,14.7
2025-06-12 07:33:00,50.4
2025-06-12 23:55:00,84.4
2025-06-12 12:41:00,85.4
2025-06-12 13:20:00,5.5
2025-06-12 22:06:00,87.7
2025-06-12 11:42:00,49.44888862615275
2025-06-12 01:50:00,53.1
2025-06-12 17:57:00,49.44888862615275
2025-06-12 01:06:00,49.44888862615275
2025-06-12 07:38:00,38.4
2025-06-12 21:04:00,39.8
2025-06-12 10:36:00,34.1
2025-06-12 09:18:00,55.1
2025-06-12 22:21:00,5.8
2025-06-12 11:53:00,51.3
2025-06-12 14:29:00,26.0
2025-06-12 06:12:00,98.2
2025-06-12 20:38:00,14.1
2025-06-12 10:44:00,49.4
2025-06-12 03:28:00,49.44888862615275
2025-06-12 07:56:00,98.0
2025-06-12 00:11:00,86.1
2025-06-12 11:20:00,83.4
2025-06-12 17:33:00,49.44888862615275
2025-06-12 03:02:00,49.44888862615275
2025-06-12 12:06:00,49.44888862615275
2025-06-12 19:37:00,61.3
2025-06-12 03:17:00,26.8
2025-06-12 00:49:00,60.1
2025-06-12 14:00:00,3.2
2025-06-12 21:01:00,64.9
2025-06-12 14:37:00,77.3
2025-06-12 00:53:00,49.44888862615275
2025-06-12 19:55:00,22.9
2025-06-12 05:10:00,51.7
2025-06-12 12:10:00,49.44888862615275
2025-06-12 19:32:00,33.2
2025-06-12 12:10:00,9.0
2025-06-12 16:42:00,49.44888862615275
2025-06-12 12:50:00,74.9
2025-06-12 16:36:00,84.1
2025-06-12 22:55:00,95.4
2025-06-12 17:52:00,72.5
2025-06-12 10:06:00,70.6
2025-06-12 07:38:00,96.9
2025-06-12 03:25:00,58.7
2025-06-12 15:23:00,59.1
2025-06-12 22:26:00,34.5
2025-06-12 12:00:00,92.6
2025-06-12 15:26:00,91.5
2025-06-12 02:09:00,85.1
2025-06-12 01:06:00,57.1
2025-06-12 02:27:00,55.4
2025-06-12 22:45:00,76.1
2025-06-12 04:33:00,11.2
2025-06-12 14:42:00,87.7
2025-06-12 03:13:00,47.9
2025-06-12 08:49:00,8.0
2025-06-12 02:51:00,23.5
2025-06-12 05:17:00,84.4
2025-06-12 07:35:00,66.3
2025-06-12 11:04:00,92.9
2025-06-12 18:58:00,45.5
2025-06-12 09:51:00,98.6
2025-06-12 08:12:00,98.8
2025-06-12 14:42:00,19.2
2025-06-12 06:03:00,49.953150620754265
2025-06-12 00:04:00,16.0
2025-06-12 00:22:00,96.9
2025-06-12 21:40:00,49.953150620754265
2025-06-12 03:36:00,1.2
2025-06-12 11:39:00,64.0
2025-06-12 09:39:00,85.2
2025-06-12 05:41:00,62.4
2025-06-12 15:12:00,49.953150620754265
2025-06-12 22:51:00,31.8
2025-06-12 12:37:00,22.2
2025-06-12 02:06:00,47.4
2025-06-12 09:11:00,7.5
2025-06-12 19:24:00,35.7
2025-06-12 13:24:00,70.2
2025-06-12 19:36:00,77.4
2025-06-12 10:37:00,46.7
2025-06-12 05:54:00,49.953150620754265
2025-06-12 17:03:00,63.2
2025-06-12 22:14:00,39.9
2025-06-12 07:59:00,18.7
2025-06-12 10:24:00,23.6
2025-06-12 14:09:00,48.4
2025-06-12 03:38:00,63.8
2025-06-12 17:39:00,83.4
2025-06-12 01:19:00,49.953150620754265
2025-06-12 16:56:00,38.0
2025-06-12 18:23:00,24.6
2025-06-12 03:09:00,49.953150620754265
2025-06-12 07:32:00,57.5
2025-06-12 23:41:00,52.2
2025-06-12 14:03:00,32.5
2025-06-12 21:18:00,28.8
2025-06-12 12:13:00,74.6
2025-06-12 00:13:00,90.1
2025-06-12 03:38:00,49.953150620754265
2025-06-12 13:03:00,45.7
2025-06-12 03:09:00,49.953150620754265
2025-06-12 23:04:00,40.7
2025-06-12 23:14:00,71.4
2025-06-12 01:51:00,49.953150620754265
2025-06-12 07:06:00,49.953150620754265
2025-06-12 15:18:00,71.8
2025-06-12 20:00:00,94.7
2025-06-12 07:49:00,24.3
2025-06-12 05:50:00,1.9
2025-06-12 16:53:00,83.9
2025-06-12 20:50:00,36.0
2025-06-12 23:32:00,1.4
2025-06-12 06:47:00,87.2
2025-06-12 16:00:00,68.6
2025-06-12 00:33:00,73.7
2025-06-12 18:12:00,99.0
2025-06-12 01:17:00,98.2
2025-06-12 21:00:00,67.6
2025-06-12 08:32:00,30.6
2025-06-12 15:59:00,97.8
2025-06-12 20:25:00,26.8
2025-06-12 19:25:00,49.953150620754265
2025-06-12 18:32:00,1.5
2025-06-12 01:06:00,27.4
2025-06-12 16:37:00,99.5
2025-06-12 17:44:00,21.2
2025-06-12 22:30:00,61.1
2025-06-12 04:02:00,98.9
2025-06-12 23:41:00,49.953150620754265
2025-06-12 11:34:00,60.1
2025-06-12 12:58:00,53.0
2025-06-12 04:50:00,73.9
2025-06-12 18:40:00,74.7
2025-06-12 15:15:00,3.5
2025-06-12 05:19:00,18.5
2025-06-12 05:45:00,21.8
2025-06-12 18:10:00,77.3
2025-06-12 09:17:00,52.9
2025-06-12 15:37:00,6.8
2025-06-12 10:58:00,94.1
2025-06-12 23:31:00,76.8
2025-06-12 12:43:00,99.9
2025-06-12 13:56:00,13.9
2025-06-12 09:12:00,4.7
2025-06-12 12:32:00,93.0
2025-06-12 19:49:00,49.953150620754265
2025-06-12 22:41:00,14.5
2025-06-12 08:16:00,51.1
2025-06-12 00:41:00,82.8
2025-06-12 13:38:00,21.6
2025-06-12 08:19:00,91.5
2025-06-12 20:10:00,100.0
2025-06-12 05:03:00,16.1
2025-06-12 23:03:00,16.7
2025-06-12 03:48:00,68.9
2025-06-12 20:01:00,9.3
2025-06-12 19:06:00,82.0
2025-06-12 06:21:00,49.953150620754265
2025-06-12 17:43:00,91.8
2025-06-12 07:23:00,55.3
2025-06-12 12:07:00,94.0
2025-06-12 10:09:00,3.2
2025-06-12 10:08:00,49.953150620754265
2025-06-12 05:24:00,49.953150620754265
2025-06-12 03:24:00,58.6
2025-06-12 11:36:00,68.0
2025-06-12 06:23:00,78.5
2025-06-12 22:20:00,61.6
2025-06-12 07:19:00,49.953150620754265
2025-06-12 07:00:00,6.1
2025-06-12 16:44:00,15.9
2025-06-12 13:24:00,37.3
2025-06-12 07:58:00,24.1
2025-06-12 16:21:00,8.3
2025-06-12 10:38:00,49.953150620754265
2025-06-12 15:50:00,60.9
2025-06-12 13:45:00,20.0
2025-06-12 01:37:00,94.0
2025-06-12 00:36:00,71.1
2025-06-12 17:02:00,31.1
2025-06-12 02:00:00,92.8
2025-06-12 19:16:00,69.8
2025-06-12 01:21:00,12.8
2025-06-12 13:26:00,5.8
2025-06-12 22:13:00,7.1
2025-06-12 12:09:00,33.1
2025-06-12 09:34:00,49.953150620754265
2025-06-12 03:18:00,46.7
2025-06-12 19:40:00,62.2
2025-06-12 00:35:00,46.7
2025-06-12 06:30:00,85.4
2025-06-12 21:54:00,35.8
2025-06-12 09:36:00,49.953150620754265
2025-06-12 13:47:00,64.1
2025-06-12 21:59:00,6.0
2025-06-12 23:35:00,49.953150620754265
2025-06-12 08:28:00,24.8
2025-06-12 02:00:00,94.4
2025-06-12 01:22:00,47.9
2025-06-12 07:43:00,56.1
2025-06-12 01:16:00,12.0
2025-06-12 16:07:00,49.0
2025-06-12 19:27:00,8.6
2025-06-12 07:29:00,56.2
2025-06-12 19:15:00,49.953150620754265
2025-06-12 01:10:00,22.9
2025-06-12 06:52:00,7.8
2025-06-12 08:55:00,10.8
2025-06-12 14:14:00,21.9
2025-06-12 06:29:00,50.2
2025-06-12 04:49:00,77.6
2025-06-12 08:38:00,49.953150620754265
2025-06-12 13:41:00,82.7
2025-06-12 07:31:00,77.0
2025-06-12 01:48:00,45.8
2025-06-12 04:21:00,51.9
2025-06-12 07:30:00,19.5
2025-06-12 00:57:00,49.953150620754265
2025-06-12 10:01:00,93.3
2025-06-12 23:04:00,20.8
2025-06-12 19:55:00,56.1
2025-06-12 18:37:00,41.9
2025-06-12 23:09:00,57.1
2025-06-12 10:25:00,37.5
2025-06-12 08:02:00,53.4
2025-06-12 03:30:00,20.0
2025-06-12 19:32:00,54.4
2025-06-12 13:35:00,74.9
2025-06-12 03:18:00,24.5
2025-06-12 22:19:00,21.4
2025-06-12 15:00:00,7.7
2025-06-12 07:10:00,57.7
2025-06-12 14:31:00,53.1
2025-06-12 16:59:00,14.9
2025-06-12 12:57:00,49.953150620754265
2025-06-12 21:52:00,34.1
2025-06-12 18:12:00,49.953150620754265
2025-06-12 06:27:00,10.2
2025-06-12 10:48:00,49.953150620754265
2025-06-12 18:24:00,52.6
2025-06-12 06:36:00,33.9
2025-06-12 06:05:00,49.953150620754265
2025-06-12 21:14:00,15.0
2025-06-12 04:06:00,42.0
2025-06-12 09:27:00,56.3
2025-06-12 19:23:00,46.0
2025-06-12 01:26:00,76.0
2025-06-12 18:32:00,63.4
2025-06-12 04:12:00,68.2
2025-06-12 02:08:00,42.9
2025-06-12 12:55:00,21.2
2025-06-12 21:31:00,75.7
2025-06-12 15:38:00,49.953150620754265
2025-06-12 19:58:00,86.5
2025-06-12 14:02:00,92.6
2025-06-12 18:29:00,90.4
2025-06-12 00:28:00,77.0
2025-06-12 14:40:00,39.2
2025-06-12 13:21:00,0.6
2025-06-12 13:39:00,36.1
2025-06-12 22:23:00,79.8
2025-06-12 16:35:00,8.7
2025-06-12 20:28:00,49.953150620754265
2025-06-12 10:23:00,33.5
2025-06-12 01:27:00,49.953150620754265
2025-06-12 12:37:00,49.953150620754265
2025-06-12 05:35:00,82.8
2025-06-12 03:51:00,41.9
2025-06-12 22:14:00,70.6
2025-06-12 21:17:00,49.953150620754265
2025-06-12 06:58:00,75.0
2025-06-12 09:48:00,53.9
2025-06-12 21:25:00,49.953150620754265
2025-06-12 03:48:00,7.4
2025-06-12 00:35:00,78.9
2025-06-12 06:09:00,86.5
2025-06-12 21:17:00,68.3
2025-06-12 00:57:00,49.9
2025-06-12 20:23:00,56.1
2025-06-12 12:19:00,76.2
2025-06-12 11:53:00,59.8
2025-06-12 14:21:00,19.8
2025-06-12 17:22:00,93.2
2025-06-12 22:58:00,92.5
2025-06-12 00:39:00,50.1
2025-06-12 13:14:00,8.9
2025-06-12 01:11:00,66.1
2025-06-12 22:30:00,95.8
2025-06-12 07:32:00,87.6
2025-06-12 02:44:00,25.7
2025-06-12 14:36:00,77.6
2025-06-12 15:23:00,49.953150620754265
2025-06-12 22:43:00,49.953150620754265
2025-06-12 20:52:00,89.9
2025-06-12 04:47:00,49.953150620754265
2025-06-12 02:10:00,80.1
2025-06-12 05:42:00,49.953150620754265
2025-06-12 11:32:00,2.2
2025-06-12 07:26:00,8.2
2025-06-12 02:03:00,49.953150620754265
2025-06-12 05:15:00,26.4
2025-06-12 10:42:00,10.3
2025-06-12 14:09:00,49.953150620754265
2025-06-12 04:08:00,73.0
2025-06-12 03:09:00,44.8
2025-06-12 09:15:00,54.8
2025-06-12 15:13:00,52.6
2025-06-12 09:22:00,97.6
2025-06-12 05:08:00,76.9
2025-06-12 05:43:00,34.3
2025-06-12 18:18:00,55.8
2025-06-12 22:09:00,63.3
2025-06-12 16:40:00,49.953150620754265
2025-06-12 14:49:00,49.953150620754265
2025-06-12 19:19:00,15.4
2025-06-12 19:28:00,91.1
2025-06-12 03:52:00,6.9
2025-06-12 10:56:00,13.8
2025-06-12 05:30:00,28.1
2025-06-12 06:05:00,14.5
2025-06-12 09:52:00,13.3
2025-06-12 01:04:00,49.953150620754265
2025-06-12 06:57:00,2.5
2025-06-12 02:17:00,49.953150620754265
2025-06-12 01:21:00,49.953150620754265
2025-06-12 07:16:00,64.4
2025-06-12 14:24:00,79.8
2025-06-12 04:29:00,93.3
2025-06-12 07:22:00,40.3
2025-06-12 11:13:00,79.8
2025-06-12 17:45:00,77.7
2025-06-12 13:55:00,61.7
2025-06-12 04:30:00,52.1
2025-06-12 04:15:00,49.953150620754265
2025-06-12 04:38:00,69.0
2025-06-12 23:28:00,74.8
2025-06-12 05:47:00,46.2
2025-06-12 21:14:00,73.4
2025-06-12 02:42:00,27.6
2025-06-12 17:26:00,93.9
2025-06-12 07:56:00,14.5
2025-06-12 14:25:00,9.2
2025-06-12 06:53:00,27.1
2025-06-12 01:18:00,9.7
2025-06-12 07:13:00,49.953150620754265
2025-06-12 05:37:00,16.9
2025-06-12 21:49:00,16.5
2025-06-12 19:34:00,83.0
2025-06-12 06:42:00,49.953150620754265
2025-06-12 14:28:00,19.5
2025-06-12 02:34:00,21.5
2025-06-12 09:15:00,35.9
2025-06-12 07:20:00,1.1
2025-06-12 03:11:00,74.8
2025-06-12 08:47:00,1.7
2025-06-12 16:57:00,59.3
2025-06-12 00:18:00,20.1
2025-06-12 23:15:00,49.58899212042808
2025-06-12 17:14:00,6.3
2025-06-12 00:09:00,49.58899212042808
2025-06-12 17:55:00,45.9
2025-06-12 21:38:00,73.6
2025-06-12 09:18:00,34.0
2025-06-12 05:12:00,40.6
2025-06-12 13:03:00,3.4
2025-06-12 03:36:00,5.0
2025-06-12 00:20:00,39.7
2025-06-12 06:29:00,49.58899212042808
2025-06-12 12:00:00,26.4
2025-06-12 02:58:00,74.1
2025-06-12 06:45:00,10.0
2025-06-12 20:26:00,29.6
2025-06-12 04:43:00,87.2
2025-06-12 03:27:00,49.9
2025-06-12 09:48:00,63.1
2025-06-12 19:00:00,49.58899212042808
2025-06-12 01:33:00,29.5
2025-06-12 18:25:00,49.58899212042808
2025-06-12 08:02:00,25.1
2025-06-12 02:54:00,65.6
2025-06-12 11:38:00,6.3
2025-06-12 02:40:00,81.1
2025-06-12 04:30:00,67.9
2025-06-12 10:24:00,49.58899212042808
2025-06-12 13:55:00,24.8
2025-06-12 08:47:00,49.58899212042808
2025-06-12 01:37:00,43.6
2025-06-12 09:08:00,7.0
2025-06-12 23:50:00,98.5
2025-06-12 19:56:00,98.4
2025-06-12 01:47:00,76.6
2025-06-12 13:12:00,39.6
2025-06-12 18:08:00,45.6
2025-06-12 11:06:00,38.5
2025-06-12 14:38:00,49.58899212042808
2025-06-12 22:50:00,9.3
2025-06-12 08:30:00,65.5
2025-06-12 01:53:00,49.58899212042808
2025-06-12 00:55:00,57.1
2025-06-12 23:33:00,71.5
2025-06-12 11:24:00,73.9
2025-06-12 15:09:00,85.2
2025-06-12 17:30:00,21.9
2025-06-12 01:23:00,35.9
2025-06-12 20:01:00,72.9
2025-06-12 07:33:00,15.5
2025-06-12 05:09:00,49.58899212042808
2025-06-12 06:52:00,11.4
2025-06-12 08:16:00,59.4
2025-06-12 16:35:00,49.58899212042808
2025-06-12 09:14:00,50.9
2025-06-12 23:09:00,47.7
2025-06-12 10:49:00,74.3
2025-06-12 09:33:00,31.8
2025-06-12 07:54:00,80.8
2025-06-12 08:39:00,34.1
2025-06-12 02:03:00,72.7
2025-06-12 18:33:00,70.1
2025-06-12 10:20:00,91.6
2025-06-12 10:27:00,86.6
2025-06-12 06:56:00,68.2
2025-06-12 11:33:00,40.8
2025-06-12 07:12:00,45.9
2025-06-12 05:28:00,52.8
2025-06-12 12:47:00,45.3
2025-06-12 01:39:00,96.5
2025-06-12 10:59:00,79.6
2025-06-12 20:45:00,19.2
2025-06-12 03:50:00,49.58899212042808
2025-06-12 14:37:00,44.3
2025-06-12 10:49:00,66.6
2025-06-12 11:07:00,49.58899212042808
2025-06-12 01:55:00,99.3
2025-06-12 10:02:00,85.0
2025-06-12 07:19:00,81.1
2025-06-12 00:57:00,83.6
2025-06-12 10:46:00,53.9
2025-06-12 09:30:00,49.8
2025-06-12 15:32:00,83.5
2025-06-12 01:50:00,32.4
2025-06-12 11:35:00,20.6
2025-06-12 07:29:00,44.1
2025-06-12 22:47:00,97.8
2025-06-12 23:19:00,24.4
2025-06-12 09:02:00,42.5
2025-06-12 19:47:00,49.58899212042808
2025-06-12 17:11:00,49.58899212042808
2025-06-12 01:38:00,8.7
2025-06-12 02:09:00,3.9
2025-06-12 06:08:00,61.2
2025-06-12 08:53:00,49.58899212042808
2025-06-12 18:19:00,99.6
2025-06-12 16:55:00,25.2
2025-06-12 23:45:00,24.8
2025-06-12 17:33:00,20.4
2025-06-12 21:51:00,66.4
2025-06-12 23:38:00,49.58899212042808
2025-06-12 14:05:00,68.2
2025-06-12 20:05:00,49.58899212042808
2025-06-12 16:30:00,84.5
2025-06-12 16:03:00,32.6
2025-06-12 04:50:00,12.4
2025-06-12 04:30:00,49.58899212042808
2025-06-12 08:09:00,26.4
2025-06-12 22:07:00,49.58899212042808
2025-06-12 02:58:00,49.58899212042808
2025-06-12 04:42:00,30.2
2025-06-12 08:00:00,36.5
2025-06-12 09:22:00,99.7
2025-06-12 17:37:00,28.7
2025-06-12 21:58:00,68.8
2025-06-12 20:37:00,35.6
2025-06-12 21:07:00,66.9
2025-06-12 09:39:00,74.8
2025-06-12 18:32:00,86.5
2025-06-12 19:56:00,66.6
2025-06-12 16:03:00,59.6
2025-06-12 13:18:00,29.1
2025-06-12 06:42:00,89.9
2025-06-12 17:04:00,76.8
2025-06-12 01:15:00,16.2
2025-06-12 07:59:00,59.5
2025-06-12 08:20:00,21.5
2025-06-12 04:49:00,74.5
2025-06-12 09:44:00,34.4
2025-06-12 00:25:00,76.6
2025-06-12 01:24:00,49.58899212042808
2025-06-12 00:59:00,49.58899212042808
2025-06-12 18:05:00,1.1
2025-06-12 21:19:00,49.58899212042808
2025-06-12 18:26:00,73.1
2025-06-12 07:24:00,62.0
2025-06-12 14:15:00,18.4
2025-06-12 14:49:00,0.1
2025-06-12 04:06:00,71.7
2025-06-12 11:55:00,49.0
2025-06-12 16:17:00,84.5
2025-06-12 16:41:00,57.5
2025-06-12 06:19:00,43.6
2025-06-12 18:47:00,97.1
2025-06-12 14:43:00,28.9
2025-06-12 13:48:00,11.8
2025-06-12 16:13:00,78.6
2025-06-12 23:12:00,49.58899212042808
2025-06-12 23:55:00,48.9
2025-06-12 17:42:00,17.5
2025-06-12 19:38:00,75.4
2025-06-12 05:13:00,58.5
2025-06-12 19:03:00,95.1
2025-06-12 16:40:00,55.3
2025-06-12 21:42:00,46.2
2025-06-12 23:35:00,40.1
2025-06-12 19:43:00,35.2
2025-06-12 09:40:00,16.6
2025-06-12 17:47:00,51.6
2025-06-12 19:00:00,41.8
2025-06-12 14:29:00,96.0
2025-06-12 22:36:00,49.58899212042808
2025-06-12 14:33:00,12.8
2025-06-12 10:04:00,79.5
2025-06-12 07:50:00,80.0
2025-06-12 12:07:00,93.2
2025-06-12 04:58:00,49.58899212042808
2025-06-12 22:03:00,28.6
2025-06-12 03:16:00,19.6
2025-06-12 23:08:00,83.8
2025-06-12 15:08:00,89.9
2025-06-12 16:20:00,57.5
2025-06-12 02:07:00,86.4
2025-06-12 20:39:00,71.8
2025-06-12 02:06:00,6.9
2025-06-12 13:21:00,62.8
2025-06-12 20:12:00,92.2
2025-06-12 17:05:00,37.2
2025-06-12 07:04:00,51.6
2025-06-12 18:20:00,13.0
2025-06-12 17:06:00,71.8
2025-06-12 02:57:00,58.7
2025-06-12 01:15:00,49.58899212042808
2025-06-12 18:13:00,49.58899212042808
2025-06-12 08:55:00,97.3
2025-06-12 07:49:00,88.5
2025-06-12 12:33:00,75.6
2025-06-12 23:00:00,49.58899212042808
2025-06-12 17:51:00,37.0
2025-06-12 22:14:00,63.9
2025-06-12 21:35:00,11.1
2025-06-12 05:03:00,33.9
2025-06-12 17:15:00,22.1
2025-06-12 21:28:00,49.58899212042808
2025-06-12 14:22:00,68.8
2025-06-12 10:00:00,47.7
2025-06-12 13:37:00,93.9
2025-06-12 01:20:00,20.2
2025-06-12 22:41:00,92.4
2025-06-12 08:40:00,3.4
2025-06-12 08:30:00,71.3
2025-06-12 05:53:00,27.6
2025-06-12 16:37:00,64.8
2025-06-12 11:49:00,96.7
2025-06-12 10:52:00,100.0
2025-06-12 03:37:00,49.58899212042808
2025-06-12 05:12:00,82.7
2025-06-12 23:27:00,49.58899212042808
2025-06-12 03:07:00,35.2
2025-06-12 21:23:00,1.9
2025-06-12 16:51:00,7.0
2025-06-12 18:39:00,81.2
2025-06-12 23:51:00,9.3
2025-06-12 00:17:00,82.2
2025-06-12 14:40:00,19.0
2025-06-12 17:42:00,35.5
2025-06-12 02:36:00,93.4
2025-06-12 07:42:00,49.58899212042808
2025-06-12 07:20:00,6.8
2025-06-12 19:08:00,22.9
2025-06-12 16:43:00,84.2
2025-06-12 17:08:00,3.2
2025-06-12 16:42:00,45.4
2025-06-12 07:41:00,23.6
2025-06-12 18:48:00,72.3
2025-06-12 06:39:00,52.8
2025-06-12 01:58:00,78.8
2025-06-12 18:53:00,30.3
2025-06-12 17:42:00,2.7
2025-06-12 07:37:00,95.2
2025-06-12 17:50:00,49.58899212042808
2025-06-12 15:51:00,25.8
2025-06-12 04:32:00,41.7
2025-06-12 03:19:00,48.1
2025-06-12 23:53:00,56.1
2025-06-12 07:56:00,98.8
2025-06-12 06:02:00,25.8
2025-06-12 21:26:00,55.5
2025-06-12 15:07:00,49.58899212042808
2025-06-12 02:41:00,53.1
2025-06-12 10:27:00,49.58899212042808
2025-06-12 12:34:00,49.58899212042808
2025-06-12 00:28:00,40.6
2025-06-12 13:01:00,16.9
2025-06-12 07:54:00,92.2
2025-06-12 12:05:00,49.58899212042808
2025-06-12 01:51:00,97.5
2025-06-12 04:51:00,35.8
2025-06-12 15:19:00,70.6
2025-06-12 01:30:00,49.58899212042808
2025-06-12 05:10:00,60.8
2025-06-12 19:10:00,12.0
2025-06-12 00:29:00,95.7
2025-06-12 05:57:00,46.5
2025-06-12 22:14:00,58.4
2025-06-12 23:11:00,7.3
2025-06-12 21:37:00,61.8
2025-06-12 23:04:00,15.9
2025-06-12 21:26:00,11.0
2025-06-12 01:39:00,95.1
2025-06-12 17:02:00,41.9
2025-06-12 19:54:00,67.6
2025-06-12 00:31:00,89.9
2025-06-12 23:50:00,17.0
2025-06-12 19:11:00,49.58899212042808
2025-06-12 04:04:00,97.8
2025-06-12 18:04:00,83.1
2025-06-12 09:39:00,16.9
2025-06-12 03:05:00,49.58899212042808
2025-06-12 03:22:00,70.7
2025-06-12 05:53:00,45.5
2025-06-12 03:46:00,32.5
2025-06-12 16:17:00,49.58899212042808
2025-06-12 04:33:00,96.3
2025-06-12 01:21:00,23.1
2025-06-12 16:13:00,49.58899212042808
2025-06-12 11:15:00,43.0
2025-06-12 01:28:00,23.5
2025-06-12 16:35:00,49.58899212042808
2025-06-12 21:36:00,49.58899212042808
2025-06-12 20:50:00,65.8
2025-06-12 02:21:00,73.2
2025-06-12 02:25:00,85.9
2025-06-12 02:42:00,73.9
2025-06-12 19:53:00,97.3
2025-06-12 20:05:00,55.7
2025-06-12 19:10:00,2.5
2025-06-12 20:26:00,82.7
2025-06-12 02:08:00,4.0
2025-06-12 23:25:00,49.2
2025-06-12 21:53:00,20.2
2025-06-12 02:23:00,21.7
2025-06-12 22:05:00,65.5
2025-06-12 20:27:00,16.3
2025-06-12 08:35:00,26.7
2025-06-12 13:00:00,89.8
2025-06-12 06:41:00,11.1
2025-06-12 11:31:00,33.7
2025-06-12 10:41:00,92.7
2025-06-12 22:51:00,49.1
2025-06-12 00:10:00,86.9
2025-06-12 13:22:00,66.0
2025-06-12 03:38:00,49.58899212042808
2025-06-12 20:42:00,49.58899212042808
2025-06-12 00:14:00,26.7
2025-06-12 04:16:00,79.3
2025-06-12 19:20:00,67.8
2025-06-12 22:07:00,49.58899212042808
2025-06-12 13:31:00,79.9
2025-06-12 21:15:00,74.1
2025-06-12 19:39:00,38.7
2025-06-12 10:47:00,49.58899212042808
2025-06-12 01:11:00,60.7
2025-06-12 05:56:00,81.7
2025-06-12 02:57:00,78.6
2025-06-12 04:26:00,69.3
2025-06-12 11:26:00,32.2
2025-06-12 06:27:00,47.8
2025-06-12 22:42:00,25.1
2025-06-12 12:46:00,26.2
2025-06-12 22:24:00,23.3
2025-06-12 21:01:00,47.7
2025-06-12 13:39:00,15.8
2025-06-12 09:44:00,99.6
2025-06-12 20:33:00,14.5
2025-06-12 18:05:00,49.58899212042808
2025-06-12 06:49:00,59.2
2025-06-12 00:41:00,7.1
2025-06-12 23:34:00,92.0
2025-06-12 00:39:00,58.1
2025-06-12 21:52:00,89.0
2025-06-12 00:12:00,67.3
2025-06-12 20:26:00,18.4
2025-06-12 17:40:00,66.2
2025-06-12 21:40:00,37.9
2025-06-12 19:02:00,93.4
2025-06-12 08:28:00,90.6
2025-06-12 01:07:00,42.4
2025-06-12 01:20:00,13.7
2025-06-12 08:06:00,86.4
2025-06-12 08:00:00,49.58899212042808
2025-06-12 08:44:00,56.0
2025-06-12 11:07:00,27.1
2025-06-12 11:42:00,70.3
2025-06-12 06:06:00,83.3
2025-06-12 00:34:00,54.6
2025-06-12 04:51:00,66.2
2025-06-12 06:05:00,87.9
2025-06-12 02:16:00,20.6
2025-06-12 03:29:00,91.8
2025-06-12 17:08:00,32.4
2025-06-12 05:58:00,49.58899212042808
2025-06-12 19:36:00,24.2
2025-06-12 23:56:00,56.7
2025-06-12 10:21:00,24.5
2025-06-12 07:08:00,0.2
2025-06-12 19:50:00,61.0
2025-06-12 03:02:00,21.2
2025-06-12 07:05:00,58.2
2025-06-12 07:05:00,50.2977004785806
2025-06-12 20:58:00,88.1
2025-06-12 05:05:00,12.3
2025-06-12 09:49:00,50.2977004785806
2025-06-12 15:19:00,60.3
2025-06-12 14:30:00,71.4
2025-06-12 00:44:00,37.2
2025-06-12 21:24:00,37.9
2025-06-12 01:49:00,24.3
2025-06-12 23:46:00,60.7
2025-06-12 12:56:00,81.2
2025-06-12 21:52:00,65.8
2025-06-12 18:40:00,41.7
2025-06-12 05:08:00,37.0
2025-06-12 08:39:00,89.5
2025-06-12 02:27:00,97.8
2025-06-12 08:45:00,50.2977004785806
2025-06-12 10:38:00,20.6
2025-06-12 00:29:00,60.8
2025-06-12 10:57:00,17.7
2025-06-12 10:14:00,55.6
2025-06-12 23:44:00,80.5
2025-06-12 14:59:00,64.8
2025-06-12 22:53:00,45.3
2025-06-12 14:22:00,34.5
2025-06-12 19:23:00,60.2
2025-06-12 15:24:00,17.9
2025-06-12 05:00:00,22.8
2025-06-12 21:08:00,33.8
2025-06-12 11:15:00,75.4
2025-06-12 22:48:00,50.2977004785806
2025-06-12 09:56:00,50.2977004785806
2025-06-12 00:18:00,94.5
2025-06-12 22:17:00,68.7
2025-06-12 06:22:00,17.0
2025-06-12 21:55:00,61.4
2025-06-12 12:36:00,56.8
2025-06-12 18:51:00,50.2977004785806
2025-06-12 21:54:00,50.2977004785806
2025-06-12 23:49:00,28.2
2025-06-12 18:06:00,64.0
2025-06-12 22:46:00,55.5
2025-06-12 16:14:00,50.2977004785806
2025-06-12 05:20:00,77.9
2025-06-12 12:48:00,62.6
2025-06-12 03:07:00,10.8
2025-06-12 09:10:00,57.0
2025-06-12 13:07:00,72.6
2025-06-12 02:04:00,31.9
2025-06-12 09:44:00,66.7
2025-06-12 09:42:00,80.1
2025-06-12 16:13:00,50.2977004785806
2025-06-12 22:48:00,43.4
2025-06-12 19:49:00,35.2
2025-06-12 21:06:00,30.3
2025-06-12 08:43:00,20.4
2025-06-12 05:10:00,41.0
2025-06-12 05:09:00,46.6
2025-06-12 14:51:00,1.5
2025-06-12 14:09:00,32.1
2025-06-12 09:56:00,50.2977004785806
2025-06-12 18:00:00,92.7
2025-06-12 21:54:00,44.1
2025-06-12 20:05:00,18.7
2025-06-12 20:09:00,26.0
2025-06-12 08:13:00,49.8
2025-06-12 12:34:00,92.7
2025-06-12 23:10:00,50.2977004785806
2025-06-12 02:43:00,32.6
2025-06-12 01:19:00,74.6
2025-06-12 06:55:00,51.9
2025-06-12 08:35:00,99.8
2025-06-12 01:46:00,80.6
2025-06-12 03:37:00,65.8
2025-06-12 06:18:00,35.0
2025-06-12 19:31:00,2.6
2025-06-12 10:15:00,88.6
2025-06-12 12:17:00,50.3
2025-06-12 19:41:00,71.4
2025-06-12 13:09:00,11.7
2025-06-12 02:44:00,20.4
2025-06-12 21:16:00,98.7
2025-06-12 17:04:00,10.7
2025-06-12 07:14:00,71.1
2025-06-12 09:40:00,50.2977004785806
2025-06-12 14:10:00,64.3
2025-06-12 16:14:00,87.4
2025-06-12 17:53:00,50.2977004785806
2025-06-12 19:30:00,39.9
2025-06-12 20:02:00,92.7
2025-06-12 03:09:00,21.3
2025-06-12 01:05:00,94.6
2025-06-12 02:48:00,66.6
2025-06-12 18:32:00,38.6
2025-06-12 13:12:00,50.9
2025-06-12 06:59:00,1.1
2025-06-12 16:41:00,19.1
2025-06-12 14:17:00,65.3
2025-06-12 09:07:00,50.2977004785806
2025-06-12 10:46:00,38.0
2025-06-12 00:55:00,85.1
2025-06-12 20:44:00,1.8
2025-06-12 09:33:00,18.5
2025-06-12 09:54:00,61.9
2025-06-12 00:00:00,50.2977004785806
2025-06-12 12:35:00,77.8
2025-06-12 04:58:00,97.0
2025-06-12 12:06:00,69.1
2025-06-12 12:54:00,50.2977004785806
2025-06-12 03:46:00,60.9
2025-06-12 11:57:00,99.1
2025-06-12 10:20:00,35.1
2025-06-12 18:14:00,2.1
2025-06-12 03:16:00,11.8
2025-06-12 03:28:00,66.5
2025-06-12 07:26:00,2.7
2025-06-12 02:58:00,73.0
2025-06-12 13:12:00,48.9
2025-06-12 10:57:00,42.8
2025-06-12 08:12:00,29.4
2025-06-12 16:34:00,82.3
2025-06-12 11:01:00,50.2977004785806
2025-06-12 18:49:00,93.3
2025-06-12 03:36:00,29.8
2025-06-12 03:13:00,62.7
2025-06-12 06:20:00,50.2977004785806
2025-06-12 02:22:00,13.6
2025-06-12 06:23:00,64.7
2025-06-12 14:41:00,93.8
2025-06-12 01:29:00,10.5
2025-06-12 21:09:00,11.9
2025-06-12 11:05:00,73.9
2025-06-12 19:06:00,27.2
2025-06-12 23:03:00,9.9
2025-06-12 17:00:00,43.2
2025-06-12 04:30:00,0.4
2025-06-12 22:12:00,40.1
2025-06-12 00:42:00,28.9
2025-06-12 07:42:00,37.2
2025-06-12 01:29:00,81.3
2025-06-12 18:57:00,47.5
2025-06-12 00:51:00,50.2977004785806
2025-06-12 06:57:00,16.9
2025-06-12 12:52:00,51.7
2025-06-12 00:20:00,73.5
2025-06-12 06:53:00,89.0
2025-06-12 06:40:00,62.7
2025-06-12 23:14:00,98.2
2025-06-12 15:12:00,82.6
2025-06-12 17:01:00,25.6
2025-06-12 21:58:00,10.2
2025-06-12 12:02:00,98.5
2025-06-12 16:31:00,34.5
2025-06-12 02:36:00,70.3
2025-06-12 05:08:00,50.2977004785806
2025-06-12 19:48:00,70.9
2025-06-12 04:41:00,32.0
2025-06-12 03:03:00,90.8
2025-06-12 17:33:00,14.5
2025-06-12 16:39:00,98.2
2025-06-12 02:05:00,19.6
2025-06-12 01:22:00,68.6
2025-06-12 13:05:00,11.4
2025-06-12 09:09:00,36.6
2025-06-12 19:22:00,11.8
2025-06-12 20:34:00,61.4
2025-06-12 11:18:00,61.8
2025-06-12 16:47:00,35.2
2025-06-12 10:07:00,90.4
2025-06-12 13:42:00,99.7
2025-06-12 16:04:00,3.8
2025-06-12 06:10:00,95.0
2025-06-12 01:19:00,82.3
2025-06-12 15:11:00,96.1
2025-06-12 21:10:00,50.2977004785806
2025-06-12 15:02:00,65.0
2025-06-12 09:22:00,9.7
2025-06-12 23:39:00,50.2977004785806
2025-06-12 03:32:00,50.2977004785806
2025-06-12 23:57:00,91.6
2025-06-12 10:06:00,79.8
2025-06-12 04:50:00,65.9
2025-06-12 00:49:00,58.6
2025-06-12 22:02:00,98.2
2025-06-12 15:47:00,92.5
2025-06-12 00:19:00,13.2
2025-06-12 09:00:00,68.7
2025-06-12 01:54:00,54.2
2025-06-12 09:32:00,50.2977004785806
2025-06-12 22:07:00,50.2977004785806
2025-06-12 23:28:00,7.4
2025-06-12 22:41:00,78.2
2025-06-12 11:57:00,31.1
2025-06-12 14:52:00,84.0
2025-06-12 03:04:00,37.7
2025-06-12 18:21:00,93.6
2025-06-12 13:44:00,16.3
2025-06-12 21:15:00,5.0
2025-06-12 14:11:00,21.0
2025-06-12 23:22:00,30.1
2025-06-12 17:24:00,4.9
2025-06-12 08:16:00,72.6
2025-06-12 04:22:00,50.2977004785806
2025-06-12 21:50:00,59.0
2025-06-12 12:28:00,61.4
2025-06-12 06:45:00,50.2977004785806
2025-06-12 15:21:00,58.8
2025-06-12 11:47:00,50.2977004785806
2025-06-12 17:22:00,82.4
2025-06-12 20:09:00,63.3
2025-06-12 17:36:00,57.6
2025-06-12 03:14:00,48.4
2025-06-12 20:15:00,23.8
2025-06-12 00:40:00,47.2
2025-06-12 01:12:00,95.2
2025-06-12 15:22:00,65.8
2025-06-12 16:54:00,94.8
2025-06-12 00:13:00,14.4
2025-06-12 23:44:00,50.2977004785806
2025-06-12 10:51:00,11.1
2025-06-12 22:20:00,96.1
2025-06-12 05:19:00,36.6
2025-06-12 13:27:00,30.3
2025-06-12 13:21:00,50.2977004785806
2025-06-12 03:43:00,50.2977004785806
2025-06-12 10:15:00,41.1
2025-06-12 06:11:00,91.2
2025-06-12 19:19:00,6.0
2025-06-12 16:23:00,26.6
2025-06-12 10:46:00,85.1
2025-06-12 08:10:00,40.1
2025-06-12 00:04:00,28.5
2025-06-12 07:04:00,45.3
2025-06-12 01:47:00,73.1
2025-06-12 08:05:00,50.2977004785806
2025-06-12 08:06:00,50.2977004785806
2025-06-12 07:20:00,97.8
2025-06-12 16:46:00,14.8
2025-06-12 15:48:00,73.8
2025-06-12 02:32:00,75.4
2025-06-12 22:17:00,7.2
2025-06-12 01:25:00,8.1
2025-06-12 06:33:00,0.6
2025-06-12 06:08:00,69.5
2025-06-12 07:51:00,2.7
2025-06-12 21:08:00,75.5
2025-06-12 23:24:00,98.4
2025-06-12 16:01:00,50.2977004785806
2025-06-12 04:21:00,82.1
2025-06-12 20:43:00,76.2
2025-06-12 12:41:00,6.3
2025-06-12 09:38:00,12.9
2025-06-12 00:59:00,12.5
2025-06-12 17:15:00,50.2977004785806
2025-06-12 00:35:00,73.4
2025-06-12 12:26:00,52.8
2025-06-12 21:37:00,50.2977004785806
2025-06-12 06:35:00,50.2977004785806
2025-06-12 19:58:00,40.1
2025-06-12 12:26:00,58.4
2025-06-12 11:20:00,22.1
2025-06-12 21:19:00,58.6
2025-06-12 09:03:00,94.8
2025-06-12 17:15:00,76.9
2025-06-12 01:59:00,30.6
2025-06-12 13:16:00,50.2977004785806
2025-06-12 18:48:00,28.9
2025-06-12 17:21:00,83.5
2025-06-12 00:33:00,97.6
2025-06-12 06:19:00,32.9
2025-06-12 23:55:00,15.2
2025-06-12 15:15:00,75.8
2025-06-12 12:05:00,60.7
2025-06-12 02:38:00,14.5
2025-06-12 21:39:00,50.2977004785806
2025-06-12 12:16:00,8.7
2025-06-12 21:04:00,69.4
2025-06-12 13:15:00,79.3
2025-06-12 22:28:00,43.3
2025-06-12 23:24:00,70.0
2025-06-12 04:12:00,39.0
2025-06-12 16:37:00,92.4
2025-06-12 20:56:00,98.2
2025-06-12 23:32:00,50.2977004785806
2025-06-12 20:37:00,94.3
2025-06-12 23:32:00,59.6
2025-06-12 02:35:00,2.2
2025-06-12 07:15:00,80.1
2025-06-12 03:38:00,75.4
2025-06-12 00:57:00,51.2
2025-06-12 19:57:00,14.5
2025-06-12 11:03:00,55.7
2025-06-12 18:44:00,81.5
2025-06-12 00:53:00,25.9
2025-06-12 13:06:00,74.6
2025-06-12 19:19:00,50.2977004785806
2025-06-12 11:30:00,5.0
2025-06-12 07:31:00,17.7
2025-06-12 00:28:00,3.1
2025-06-12 20:40:00,76.5
2025-06-12 21:26:00,50.2977004785806
2025-06-12 06:57:00,98.3
2025-06-12 11:25:00,28.7
2025-06-12 07:19:00,50.2977004785806
2025-06-12 14:16:00,43.3
2025-06-12 21:46:00,8.8
2025-06-12 05:08:00,46.9
2025-06-12 02:07:00,28.1
2025-06-12 02:19:00,16.4
2025-06-12 07:00:00,50.2977004785806
2025-06-12 07:04:00,51.1
2025-06-12 17:08:00,24.2
2025-06-12 17:40:00,8.9
2025-06-12 22:30:00,13.1
2025-06-12 08:24:00,60.1
2025-06-12 08:46:00,22.0
2025-06-12 13:08:00,50.2977004785806
2025-06-12 18:24:00,48.0
2025-06-12 07:23:00,50.2977004785806
2025-06-12 02:26:00,18.3
2025-06-12 13:23:00,32.8
2025-06-12 09:03:00,98.7
2025-06-12 06:20:00,44.8
2025-06-12 09:30:00,46.7
2025-06-12 10:22:00,92.7
2025-06-12 03:57:00,50.2977004785806
2025-06-12 01:04:00,49.82536769031651
2025-06-12 08:03:00,86.6
2025-06-12 21:08:00,9.3
2025-06-12 10:01:00,89.9
2025-06-12 20:53:00,2.3
2025-06-12 18:15:00,51.9
2025-06-12 05:11:00,54.0
2025-06-12 18:18:00,50.1
2025-06-12 12:01:00,59.9
2025-06-12 14:50:00,60.9
2025-06-12 08:19:00,70.1
2025-06-12 09:58:00,49.82536769031651
2025-06-12 01:46:00,58.9
2025-06-12 02:01:00,87.5
2025-06-12 01:59:00,33.7
2025-06-12 01:09:00,98.8
2025-06-12 23:35:00,49.82536769031651
2025-06-12 21:53:00,43.0
2025-06-12 02:39:00,34.7
2025-06-12 13:13:00,77.7
2025-06-12 18:52:00,47.0
2025-06-12 16:39:00,49.82536769031651
2025-06-12 18:51:00,78.7
2025-06-12 12:11:00,40.4
2025-06-12 09:55:00,62.2
2025-06-12 13:19:00,44.2
2025-06-12 07:51:00,86.9
2025-06-12 19:32:00,41.1
2025-06-12 10:59:00,49.82536769031651
2025-06-12 08:21:00,62.2
2025-06-12 05:01:00,92.3
2025-06-12 03:50:00,0.8
2025-06-12 07:53:00,66.3
2025-06-12 11:08:00,87.4
2025-06-12 07:02:00,18.9
2025-06-12 03:25:00,49.82536769031651
2025-06-12 23:22:00,74.3
2025-06-12 19:00:00,13.8
2025-06-12 06:07:00,40.1
2025-06-12 12:40:00,72.8
2025-06-12 18:50:00,47.2
2025-06-12 04:30:00,8.2
2025-06-12 06:03:00,83.3
2025-06-12 02:19:00,49.82536769031651
2025-06-12 10:13:00,12.8
2025-06-12 18:34:00,55.9
2025-06-12 15:01:00,49.82536769031651
2025-06-12 02:05:00,34.6
2025-06-12 18:20:00,52.2
2025-06-12 21:39:00,64.6
2025-06-12 20:39:00,25.3
2025-06-12 21:12:00,44.3
2025-06-12 08:53:00,98.9
2025-06-12 18:43:00,81.4
2025-06-12 15:21:00,44.3
2025-06-12 05:39:00,93.5
2025-06-12 18:20:00,22.6
2025-06-12 14:13:00,7.3
2025-06-12 15:17:00,88.7
2025-06-12 07:18:00,14.8
2025-06-12 10:59:00,84.5
2025-06-12 08:03:00,77.3
2025-06-12 20:27:00,26.1
2025-06-12 12:02:00,5.1
2025-06-12 08:34:00,88.8
2025-06-12 01:37:00,49.82536769031651
2025-06-12 21:42:00,49.82536769031651
2025-06-12 10:09:00,1.8
2025-06-12 23:02:00,77.6
2025-06-12 00:38:00,7.4
2025-06-12 23:04:00,15.8
2025-06-12 08:20:00,70.7
2025-06-12 09:53:00,58.7
2025-06-12 20:27:00,72.9
2025-06-12 12:39:00,89.3
2025-06-12 14:07:00,82.9
2025-06-12 13:08:00,17.0
2025-06-12 09:03:00,62.1
2025-06-12 14:25:00,82.8
2025-06-12 07:30:00,54.8
2025-06-12 05:19:00,47.2
2025-06-12 22:34:00,11.6
2025-06-12 01:12:00,49.82536769031651
2025-06-12 03:17:00,81.2
2025-06-12 23:56:00,40.2
2025-06-12 08:51:00,34.2
2025-06-12 19:22:00,55.0
2025-06-12 00:10:00,3.5
2025-06-12 17:42:00,19.8
2025-06-12 09:48:00,78.8
2025-06-12 05:36:00,37.3
2025-06-12 02:05:00,72.1
2025-06-12 05:46:00,52.1
2025-06-12 22:57:00,96.0
2025-06-12 15:56:00,90.6
2025-06-12 02:13:00,21.1
2025-06-12 01:18:00,83.8
2025-06-12 21:54:00,64.3
2025-06-12 09:15:00,72.5
2025-06-12 05:47:00,86.2
2025-06-12 16:24:00,12.0
2025-06-12 20:16:00,49.82536769031651
2025-06-12 23:16:00,21.4
2025-06-12 14:01:00,38.5
2025-06-12 08:35:00,7.3
2025-06-12 01:10:00,91.6
2025-06-12 12:29:00,2.5
2025-06-12 23:22:00,98.8
2025-06-12 00:44:00,8.4
2025-06-12 04:28:00,68.4
2025-06-12 01:50:00,53.0
2025-06-12 07:22:00,49.82536769031651
2025-06-12 19:31:00,36.8
2025-06-12 18:59:00,49.82536769031651
2025-06-12 16:31:00,49.82536769031651
2025-06-12 16:32:00,30.5
2025-06-12 08:18:00,89.1
2025-06-12 11:19:00,47.8
2025-06-12 23:28:00,76.6
2025-06-12 05:57:00,1.5
2025-06-12 20:08:00,49.82536769031651
2025-06-12 21:55:00,4.0
2025-06-12 00:01:00,35.4
2025-06-12 00:24:00,65.9
2025-06-12 13:49:00,49.82536769031651
2025-06-12 08:44:00,16.5
2025-06-12 20:44:00,49.82536769031651
2025-06-12 10:23:00,77.0
2025-06-12 09:16:00,67.1
2025-06-12 00:18:00,51.9
2025-06-12 15:16:00,22.9
2025-06-12 18:57:00,13.4
2025-06-12 22:55:00,38.1
2025-06-12 09:13:00,97.3
2025-06-12 07:41:00,92.9
2025-06-12 01:35:00,61.6
2025-06-12 16:55:00,49.82536769031651
2025-06-12 16:04:00,42.2
2025-06-12 14:48:00,4.5
2025-06-12 08:40:00,65.0
2025-06-12 23:04:00,59.6
2025-06-12 22:16:00,67.6
2025-06-12 01:49:00,49.82536769031651
2025-06-12 09:46:00,2.8
2025-06-12 06:44:00,96.8
2025-06-12 03:41:00,30.4
2025-06-12 22:41:00,76.6
2025-06-12 13:46:00,92.4
2025-06-12 03:43:00,21.6
2025-06-12 22:26:00,65.4
2025-06-12 18:59:00,66.5
2025-06-12 23:26:00,6.8
2025-06-12 17:16:00,49.82536769031651
2025-06-12 12:42:00,15.6
2025-06-12 19:29:00,68.9
2025-06-12 06:55:00,49.82536769031651
2025-06-12 15:21:00,85.6
2025-06-12 19:25:00,68.4
2025-06-12 02:36:00,0.8
2025-06-12 05:31:00,11.5
2025-06-12 02:34:00,70.7
2025-06-12 11:26:00,60.9
2025-06-12 19:13:00,49.82536769031651
2025-06-12 04:20:00,49.82536769031651
2025-06-12 18:48:00,8.7
2025-06-12 20:07:00,59.1
2025-06-12 06:26:00,44.5
2025-06-12 07:22:00,75.9
2025-06-12 16:23:00,92.8
2025-06-12 17:43:00,49.82536769031651
2025-06-12 17:17:00,31.0
2025-06-12 19:10:00,49.82536769031651
2025-06-12 23:53:00,49.82536769031651
2025-06-12 07:43:00,90.3
2025-06-12 14:57:00,98.9
2025-06-12 07:34:00,75.8
2025-06-12 08:50:00,37.6
2025-06-12 08:05:00,23.6
2025-06-12 20:12:00,75.9
2025-06-12 20:09:00,49.82536769031651
2025-06-12 15:08:00,82.6
2025-06-12 16:12:00,32.9
2025-06-12 15:12:00,37.3
2025-06-12 05:19:00,49.82536769031651
2025-06-12 16:32:00,52.9
2025-06-12 20:10:00,61.5
2025-06-12 19:35:00,27.4
2025-06-12 13:16:00,12.1
2025-06-12 04:00:00,40.7
2025-06-12 18:33:00,6.3
2025-06-12 06:19:00,89.3
2025-06-12 15:56:00,27.4
2025-06-12 15:01:00,98.3
2025-06-12 07:36:00,93.7
2025-06-12 11:48:00,49.82536769031651
2025-06-12 17:31:00,99.9
2025-06-12 22:49:00,49.82536769031651
2025-06-12 11:19:00,49.82536769031651
2025-06-12 05:11:00,11.3
2025-06-12 08:48:00,4.3
2025-06-12 03:57:00,75.0
2025-06-12 00:16:00,21.7
2025-06-12 09:04:00,49.82536769031651
2025-06-12 01:15:00,72.5
2025-06-12 09:55:00,79.5
2025-06-12 08:27:00,96.1
2025-06-12 06:40:00,73.1
2025-06-12 14:19:00,20.4
2025-06-12 05:51:00,82.0
2025-06-12 03:21:00,44.2
2025-06-12 13:46:00,5.0
2025-06-12 20:20:00,48.7
2025-06-12 15:56:00,49.82536769031651
2025-06-12 06:12:00,55.4
2025-06-12 06:51:00,82.6
2025-06-12 18:38:00,18.6
2025-06-12 14:15:00,49.82536769031651
2025-06-12 21:38:00,23.6
2025-06-12 16:18:00,56.3
2025-06-12 13:41:00,95.7
2025-06-12 07:21:00,7.2
2025-06-12 22:09:00,79.5
2025-06-12 08:35:00,44.3
2025-06-12 11:23:00,74.0
2025-06-12 08:33:00,52.3
2025-06-12 08:21:00,74.0
2025-06-12 03:21:00,42.4
2025-06-12 05:47:00,86.6
2025-06-12 19:38:00,54.5
2025-06-12 02:54:00,4.0
2025-06-12 19:21:00,74.5
2025-06-12 02:08:00,46.5
2025-06-12 10:35:00,14.2
2025-06-12 12:00:00,96.4
2025-06-12 03:18:00,29.5
2025-06-12 04:38:00,40.9
2025-06-12 15:51:00,93.3
2025-06-12 10:23:00,18.0
2025-06-12 00:09:00,96.1
2025-06-12 17:32:00,65.6
2025-06-12 18:46:00,74.3
2025-06-12 00:03:00,35.7
2025-06-12 16:33:00,49.0
2025-06-12 21:12:00,49.82536769031651
2025-06-12 05:14:00,77.2
2025-06-12 14:23:00,84.2
2025-06-12 11:49:00,73.3
2025-06-12 11:45:00,3.5
2025-06-12 16:12:00,50.9
2025-06-12 17:05:00,89.3
2025-06-12 16:32:00,8.5
2025-06-12 01:26:00,50.9
2025-06-12 16:28:00,7.7
2025-06-12 13:47:00,45.7
2025-06-12 12:35:00,19.2
2025-06-12 08:41:00,19.6
2025-06-12 22:32:00,49.82536769031651
2025-06-12 22:57:00,54.9
2025-06-12 15:59:00,49.82536769031651
2025-06-12 11:07:00,5.8
2025-06-12 07:55:00,39.3
2025-06-12 17:56:00,37.7
2025-06-12 00:55:00,75.8
2025-06-12 13:16:00,32.2
2025-06-12 18:52:00,49.82536769031651
2025-06-12 10:29:00,71.9
2025-06-12 12:44:00,49.3
2025-06-12 22:06:00,95.4
2025-06-12 12:08:00,27.3
2025-06-12 03:38:00,58.4
2025-06-12 18:08:00,24.0
2025-06-12 11:28:00,18.4
2025-06-12 17:20:00,61.3
2025-06-12 09:28:00,49.82536769031651
2025-06-12 21:53:00,25.1
2025-06-12 11:58:00,76.0
2025-06-12 15:54:00,45.4
2025-06-12 03:19:00,49.82536769031651
2025-06-12 15:21:00,49.82536769031651
2025-06-12 11:22:00,85.0
2025-06-12 09:25:00,32.5
2025-06-12 08:54:00,62.0
2025-06-12 10:23:00,27.7
2025-06-12 03:26:00,59.5
2025-06-12 00:44:00,65.8
2025-06-12 10:25:00,76.4
2025-06-12 08:28:00,93.9
2025-06-12 14:43:00,32.4
2025-06-12 01:19:00,48.7
2025-06-12 19:47:00,34.2
2025-06-12 17:06:00,82.8
2025-06-12 04:02:00,49.82536769031651
2025-06-12 07:56:00,6.3
2025-06-12 11:54:00,32.6
2025-06-12 22:19:00,26.7
2025-06-12 08:36:00,27.2
2025-06-12 12:47:00,38.2
2025-06-12 13:22:00,81.9
2025-06-12 21:17:00,93.8
2025-06-12 16:08:00,92.7
2025-06-12 12:45:00,97.3
2025-06-12 10:45:00,75.8
2025-06-12 06:40:00,49.82536769031651
2025-06-12 10:07:00,75.5
2025-06-12 14:31:00,25.0
2025-06-12 14:32:00,73.7
2025-06-12 07:15:00,90.3
2025-06-12 15:08:00,1.2
2025-06-12 20:41:00,84.1
2025-06-12 13:16:00,69.4
2025-06-12 05:55:00,36.1
2025-06-12 05:58:00,6.3
2025-06-12 10:14:00,98.1
2025-06-12 09:04:00,63.7
2025-06-12 17:21:00,34.3
2025-06-12 05:11:00,95.6
2025-06-12 12:24:00,8.0
2025-06-12 06:15:00,86.5
2025-06-12 17:23:00,67.8
2025-06-12 23:31:00,20.8
2025-06-12 02:30:00,25.9
2025-06-12 04:35:00,71.6
2025-06-12 04:51:00,59.9
2025-06-12 18:21:00,67.1
2025-06-12 11:01:00,77.0
2025-06-12 14:12:00,59.5
2025-06-12 23:34:00,49.82536769031651
2025-06-12 00:13:00,49.82536769031651
2025-06-12 23:38:00,94.0
2025-06-12 10:42:00,43.1
2025-06-12 23:50:00,50.7
2025-06-12 04:21:00,17.5
2025-06-12 15:21:00,16.5
2025-06-12 18:41:00,98.2
2025-06-12 16:45:00,45.5
2025-06-12 03:10:00,49.82536769031651
2025-06-12 21:08:00,49.82536769031651
2025-06-12 12:05:00,17.2
2025-06-12 00:46:00,35.4
2025-06-12 09:24:00,7.7
2025-06-12 23:29:00,50.10362276498773
2025-06-12 18:34:00,72.7
2025-06-12 06:39:00,60.8
2025-06-12 05:37:00,88.7
2025-06-12 13:07:00,69.3
2025-06-12 21:45:00,70.4
2025-06-12 13:32:00,81.6
2025-06-12 02:58:00,89.3
2025-06-12 01:44:00,96.6
2025-06-12 20:50:00,50.10362276498773
2025-06-12 02:30:00,7.1
2025-06-12 13:05:00,22.4
2025-06-12 14:45:00,72.6
2025-06-12 21:46:00,14.7
2025-06-12 22:33:00,81.2
2025-06-12 11:31:00,50.6
2025-06-12 00:15:00,55.6
2025-06-12 11:48:00,92.2
2025-06-12 17:35:00,50.10362276498773
2025-06-12 09:33:00,50.10362276498773
2025-06-12 07:12:00,43.1
2025-06-12 07:58:00,87.0
2025-06-12 14:51:00,82.8
2025-06-12 05:52:00,58.9
2025-06-12 06:32:00,77.1
2025-06-12 00:59:00,72.5
2025-06-12 18:17:00,4.9
2025-06-12 21:20:00,99.4
2025-06-12 19:43:00,15.8
2025-06-12 03:20:00,81.0
2025-06-12 20:35:00,23.1
2025-06-12 17:17:00,31.7
2025-06-12 09:29:00,13.8
2025-06-12 17:16:00,10.4
2025-06-12 21:47:00,50.10362276498773
2025-06-12 08:45:00,50.10362276498773
2025-06-12 10:04:00,15.0
2025-06-12 16:18:00,85.8
2025-06-12 09:45:00,92.4
2025-06-12 04:07:00,46.1
2025-06-12 07:29:00,54.2
2025-06-12 12:45:00,51.7
2025-06-12 08:10:00,50.10362276498773
2025-06-12 17:02:00,78.3
2025-06-12 12:46:00,84.4
2025-06-12 18:56:00,58.6
2025-06-12 22:31:00,27.1
2025-06-12 10:48:00,6.5
2025-06-12 05:35:00,26.1
2025-06-12 14:02:00,94.6
2025-06-12 12:35:00,50.10362276498773
2025-06-12 01:24:00,29.1
2025-06-12 04:52:00,50.10362276498773
2025-06-12 19:16:00,48.9
2025-06-12 04:48:00,9.0
2025-06-12 08:45:00,49.0
2025-06-12 15:56:00,93.7
2025-06-12 04:35:00,50.10362276498773
2025-06-12 11:55:00,0.7
2025-06-12 20:06:00,44.2
2025-06-12 04:01:00,50.10362276498773
2025-06-12 05:58:00,77.2
2025-06-12 04:01:00,24.4
2025-06-12 22:05:00,4.3
2025-06-12 11:04:00,50.10362276498773
2025-06-12 08:17:00,4.4
2025-06-12 14:37:00,50.10362276498773
2025-06-12 11:02:00,69.9
2025-06-12 08:09:00,23.9
2025-06-12 06:48:00,50.10362276498773
2025-06-12 23:29:00,43.1
2025-06-12 05:13:00,68.0
2025-06-12 07:01:00,42.7
2025-06-12 08:23:00,50.10362276498773
2025-06-12 13:42:00,43.7
2025-06-12 23:23:00,6.4
2025-06-12 19:03:00,50.10362276498773
2025-06-12 18:30:00,51.9
2025-06-12 06:02:00,24.1
2025-06-12 02:42:00,43.7
2025-06-12 06:45:00,39.1
2025-06-12 18:10:00,9.7
2025-06-12 01:13:00,81.7
2025-06-12 02:15:00,51.8
2025-06-12 06:32:00,94.7
2025-06-12 14:46:00,94.2
2025-06-12 09:58:00,33.6
2025-06-12 09:00:00,51.4
2025-06-12 20:18:00,4.3
2025-06-12 17:34:00,21.0
2025-06-12 14:12:00,57.5
2025-06-12 14:11:00,29.9
2025-06-12 07:40:00,51.1
2025-06-12 05:45:00,46.6
2025-06-12 12:06:00,37.1
2025-06-12 00:29:00,65.1
2025-06-12 09:27:00,85.9
2025-06-12 22:09:00,97.2
2025-06-12 14:07:00,50.10362276498773
2025-06-12 23:04:00,1.6
2025-06-12 08:43:00,77.9
2025-06-12 04:26:00,25.2
2025-06-12 19:08:00,50.10362276498773
2025-06-12 11:25:00,9.2
2025-06-12 12:22:00,36.8
2025-06-12 19:02:00,10.2
2025-06-12 10:22:00,5.4
2025-06-12 14:44:00,3.7
2025-06-12 00:33:00,70.2
2025-06-12 15:06:00,30.9
2025-06-12 06:15:00,32.8
2025-06-12 08:27:00,74.4
2025-06-12 07:24:00,85.0
2025-06-12 14:13:00,50.10362276498773
2025-06-12 21:58:00,66.2
2025-06-12 03:28:00,70.8
2025-06-12 21:35:00,71.4
2025-06-12 12:16:00,2.3
2025-06-12 18:52:00,10.8
2025-06-12 20:19:00,89.3
2025-06-12 14:58:00,88.5
2025-06-12 06:29:00,35.4
2025-06-12 09:24:00,33.3
2025-06-12 01:53:00,95.9
2025-06-12 21:41:00,32.5
2025-06-12 02:41:00,50.10362276498773
2025-06-12 02:54:00,26.2
2025-06-12 23:34:00,52.6
2025-06-12 16:16:00,88.6
2025-06-12 05:34:00,2.4
2025-06-12 21:57:00,81.2
2025-06-12 03:42:00,50.10362276498773
2025-06-12 11:44:00,42.0
2025-06-12 13:07:00,73.3
2025-06-12 21:26:00,17.0
2025-06-12 07:14:00,50.10362276498773
2025-06-12 16:35:00,50.10362276498773
2025-06-12 15:35:00,57.9
2025-06-12 22:01:00,13.9
2025-06-12 09:59:00,4.5
2025-06-12 11:01:00,75.7
2025-06-12 02:59:00,88.9
2025-06-12 09:22:00,50.10362276498773
2025-06-12 07:23:00,50.10362276498773
2025-06-12 15:45:00,96.7
2025-06-12 10:20:00,83.3
2025-06-12 05:50:00,7.5
2025-06-12 16:11:00,98.8
2025-06-12 01:52:00,72.8
2025-06-12 07:56:00,38.9
2025-06-12 15:24:00,49.1
2025-06-12 07:54:00,50.10362276498773
2025-06-12 21:30:00,50.10362276498773
2025-06-12 07:37:00,36.7
2025-06-12 10:53:00,45.9
2025-06-12 15:23:00,16.7
2025-06-12 14:34:00,56.6
2025-06-12 09:31:00,38.1
2025-06-12 04:02:00,50.3
2025-06-12 00:31:00,50.10362276498773
2025-06-12 22:39:00,17.2
2025-06-12 00:52:00,57.3
2025-06-12 11:57:00,6.8
2025-06-12 19:20:00,74.3
2025-06-12 07:37:00,96.1
2025-06-12 10:52:00,50.10362276498773
2025-06-12 18:16:00,50.10362276498773
2025-06-12 19:07:00,50.10362276498773
2025-06-12 23:53:00,34.9
2025-06-12 03:38:00,31.2
2025-06-12 17:40:00,81.7
2025-06-12 17:54:00,43.4
2025-06-12 22:30:00,5.3
2025-06-12 19:28:00,62.3
2025-06-12 14:02:00,50.10362276498773
2025-06-12 08:05:00,96.1
2025-06-12 11:29:00,16.4
2025-06-12 10:44:00,78.0
2025-06-12 04:13:00,50.10362276498773
2025-06-12 21:45:00,53.1
2025-06-12 19:52:00,16.5
2025-06-12 17:46:00,49.0
2025-06-12 19:21:00,9.9
2025-06-12 20:15:00,49.7
2025-06-12 19:05:00,43.9
2025-06-12 19:15:00,51.9
2025-06-12 06:51:00,50.10362276498773
2025-06-12 04:38:00,50.10362276498773
2025-06-12 02:26:00,2.9
2025-06-12 01:35:00,44.6
2025-06-12 03:09:00,3.1
2025-06-12 21:47:00,89.2
2025-06-12 17:25:00,49.2
2025-06-12 22:10:00,15.9
2025-06-12 17:36:00,81.8
2025-06-12 07:06:00,83.3
2025-06-12 00:27:00,32.3
2025-06-12 14:30:00,63.1
2025-06-12 08:26:00,63.0
2025-06-12 09:17:00,50.10362276498773
2025-06-12 02:26:00,16.6
2025-06-12 18:30:00,50.10362276498773
2025-06-12 05:51:00,50.10362276498773
2025-06-12 20:21:00,50.10362276498773
2025-06-12 08:58:00,19.8
2025-06-12 20:58:00,50.10362276498773
2025-06-12 06:04:00,50.10362276498773
2025-06-12 18:51:00,50.10362276498773
2025-06-12 10:56:00,50.10362276498773
2025-06-12 11:07:00,50.10362276498773
2025-06-12 22:52:00,50.10362276498773
2025-06-12 12:59:00,62.4
2025-06-12 16:14:00,48.6
2025-06-12 21:47:00,2.8
2025-06-12 20:39:00,11.8
2025-06-12 03:18:00,75.3
2025-06-12 22:35:00,50.10362276498773
2025-06-12 14:07:00,71.7
2025-06-12 17:37:00,53.0
2025-06-12 20:44:00,59.7
2025-06-12 02:26:00,86.1
2025-06-12 03:17:00,6.9
2025-06-12 08:00:00,20.0
2025-06-12 21:03:00,38.8
2025-06-12 05:50:00,5.5
2025-06-12 00:48:00,87.4
2025-06-12 04:35:00,10.9
2025-06-12 07:42:00,78.8
2025-06-12 12:27:00,84.5
2025-06-12 15:14:00,50.10362276498773
2025-06-12 06:49:00,43.3
2025-06-12 13:10:00,50.10362276498773
2025-06-12 14:39:00,45.7
2025-06-12 05:26:00,29.9
2025-06-12 02:52:00,78.2
2025-06-12 21:29:00,88.3
2025-06-12 07:33:00,50.10362276498773
2025-06-12 04:03:00,50.10362276498773
2025-06-12 19:18:00,6.1
2025-06-12 02:02:00,58.4
2025-06-12 19:21:00,49.5
2025-06-12 03:57:00,43.4
2025-06-12 10:35:00,47.9
2025-06-12 18:26:00,25.0
2025-06-12 01:18:00,54.9
2025-06-12 19:58:00,98.2
2025-06-12 07:52:00,37.4
2025-06-12 08:56:00,26.6
2025-06-12 11:06:00,37.0
2025-06-12 21:45:00,50.10362276498773
2025-06-12 07:31:00,50.0
2025-06-12 07:05:00,6.7
2025-06-12 20:07:00,45.7
2025-06-12 20:27:00,75.5
2025-06-12 08:02:00,31.2
2025-06-12 00:06:00,54.2
2025-06-12 15:34:00,50.10362276498773
2025-06-12 05:02:00,0.2
2025-06-12 20:19:00,19.6
2025-06-12 12:43:00,69.6
2025-06-12 00:17:00,53.9
2025-06-12 07:56:00,62.3
2025-06-12 23:54:00,37.5
2025-06-12 16:47:00,38.4
2025-06-12 16:43:00,5.8
2025-06-12 19:37:00,97.6
2025-06-12 22:47:00,17.8
2025-06-12 15:37:00,79.4
2025-06-12 06:07:00,98.4
2025-06-12 12:19:00,21.8
2025-06-12 16:51:00,43.8
2025-06-12 01:40:00,50.10362276498773
2025-06-12 01:33:00,83.7
2025-06-12 02:44:00,50.10362276498773
2025-06-12 14:07:00,63.1
2025-06-12 03:44:00,13.6
2025-06-12 13:43:00,71.0
2025-06-12 10:41:00,40.3
2025-06-12 06:08:00,22.3
2025-06-12 02:32:00,71.0
2025-06-12 00:20:00,76.6
2025-06-12 19:54:00,50.10362276498773
2025-06-12 18:40:00,50.10362276498773
2025-06-12 04:40:00,56.4
2025-06-12 20:42:00,59.9
2025-06-12 05:07:00,37.6
2025-06-12 10:52:00,63.4
2025-06-12 12:57:00,50.10362276498773
2025-06-12 04:51:00,50.10362276498773
2025-06-12 17:58:00,3.7
2025-06-12 07:45:00,44.0
2025-06-12 02:23:00,58.1
2025-06-12 20:33:00,92.4
2025-06-12 00:00:00,61.6
2025-06-12 08:28:00,73.2
2025-06-12 00:06:00,84.6
2025-06-12 00:35:00,44.3
2025-06-12 13:15:00,10.9
2025-06-12 08:42:00,63.0
2025-06-12 06:30:00,24.1
2025-06-12 18:56:00,71.5
2025-06-12 19:18:00,34.6
2025-06-12 16:20:00,83.4
2025-06-12 12:08:00,32.7
2025-06-12 08:11:00,35.3
2025-06-12 07:00:00,72.6
2025-06-12 01:54:00,23.2
2025-06-12 09:28:00,50.10362276498773
2025-06-12 21:30:00,37.1
2025-06-12 08:43:00,40.0
2025-06-12 15:11:00,42.3
2025-06-12 08:18:00,72.3
2025-06-12 14:25:00,27.3
2025-06-12 23:57:00,44.0
2025-06-12 20:40:00,97.4
2025-06-12 22:51:00,50.10362276498773
2025-06-12 13:31:00,6.6
2025-06-12 20:22:00,69.3
2025-06-12 04:02:00,12.0
2025-06-12 18:08:00,84.7
2025-06-12 10:15:00,51.1
2025-06-12 17:35:00,46.9
2025-06-12 19:34:00,86.0
2025-06-12 16:26:00,51.4
2025-06-12 19:18:00,37.2
2025-06-12 15:02:00,27.2
2025-06-12 21:49:00,63.0
2025-06-12 17:53:00,73.1
2025-06-12 11:32:00,35.1
2025-06-12 18:24:00,99.2
2025-06-12 11:18:00,62.2
2025-06-12 23:22:00,20.1
2025-06-12 09:59:00,85.5
2025-06-12 13:11:00,56.7
2025-06-12 19:06:00,34.8
2025-06-12 05:47:00,79.3
2025-06-12 12:03:00,50.10362276498773
2025-06-12 07:57:00,77.8
2025-06-12 15:21:00,60.9
2025-06-12 15:44:00,98.8
2025-06-12 12:18:00,97.0
2025-06-12 19:51:00,13.3
2025-06-12 17:10:00,13.0
2025-06-12 20:13:00,50.10362276498773
2025-06-12 20:58:00,81.3
2025-06-12 01:40:00,43.4
2025-06-12 05:45:00,52.8
2025-06-12 18:29:00,5.9
2025-06-12 05:04:00,43.8
2025-06-12 21:53:00,82.1
2025-06-12 18:14:00,34.6
2025-06-12 13:08:00,78.8
2025-06-12 13:30:00,2.1
2025-06-12 04:11:00,56.6
2025-06-12 06:38:00,93.4
2025-06-12 23:20:00,83.0
2025-06-12 06:22:00,53.3
2025-06-12 03:33:00,40.5
2025-06-12 02:31:00,50.12327810650887
2025-06-12 22:41:00,63.5
2025-06-12 09:16:00,74.3
2025-06-12 02:38:00,4.2
2025-06-12 08:38:00,17.2
2025-06-12 07:23:00,88.7
2025-06-12 10:31:00,75.1
2025-06-12 10:12:00,50.12327810650887
2025-06-12 12:55:00,83.4
2025-06-12 21:52:00,22.0
2025-06-12 03:22:00,50.12327810650887
2025-06-12 17:11:00,50.12327810650887
2025-06-12 19:56:00,50.3
2025-06-12 17:52:00,16.1
2025-06-12 23:05:00,40.7
2025-06-12 18:55:00,15.5
2025-06-12 00:30:00,2.1
2025-06-12 05:47:00,8.5
2025-06-12 08:37:00,13.1
2025-06-12 23:05:00,3.7
2025-06-12 16:31:00,72.8
2025-06-12 21:59:00,49.3
2025-06-12 13:27:00,50.12327810650887
2025-06-12 03:30:00,14.2
2025-06-12 17:02:00,88.0
2025-06-12 17:47:00,50.12327810650887
2025-06-12 05:17:00,34.3
2025-06-12 05:28:00,69.6
2025-06-12 03:47:00,9.1
2025-06-12 02:18:00,32.8
2025-06-12 14:43:00,50.12327810650887
2025-06-12 23:00:00,17.0
2025-06-12 09:10:00,92.7
2025-06-12 03:32:00,12.8
2025-06-12 07:55:00,52.9
2025-06-12 12:20:00,1.7
2025-06-12 20:37:00,39.1
2025-06-12 05:24:00,27.9
2025-06-12 03:53:00,50.12327810650887
2025-06-12 20:08:00,10.6
2025-06-12 12:31:00,71.9
2025-06-12 18:57:00,9.3
2025-06-12 21:50:00,34.5
2025-06-12 08:14:00,14.6
2025-06-12 08:05:00,67.4
2025-06-12 04:52:00,50.12327810650887
2025-06-12 04:41:00,45.5
2025-06-12 17:08:00,21.4
2025-06-12 11:31:00,90.3
2025-06-12 02:24:00,50.12327810650887
2025-06-12 01:38:00,69.7
2025-06-12 01:12:00,71.4
2025-06-12 18:18:00,5.3
2025-06-12 16:32:00,66.4
2025-06-12 12:39:00,64.2
2025-06-12 23:52:00,37.7
2025-06-12 13:32:00,2.9
2025-06-12 08:57:00,9.2
2025-06-12 23:25:00,56.7
2025-06-12 11:47:00,50.12327810650887
2025-06-12 04:39:00,67.4
2025-06-12 02:43:00,35.2
2025-06-12 17:29:00,36.9
2025-06-12 21:14:00,91.1
2025-06-12 17:32:00,55.3
2025-06-12 23:46:00,16.7
2025-06-12 21:58:00,2.3
2025-06-12 15:18:00,41.1
2025-06-12 08:00:00,48.2
2025-06-12 22:42:00,8.3
2025-06-12 05:22:00,97.5
2025-06-12 14:08:00,50.8
2025-06-12 01:41:00,51.7
2025-06-12 01:48:00,3.5
2025-06-12 06:41:00,50.12327810650887
2025-06-12 15:47:00,77.0
2025-06-12 16:57:00,98.4
2025-06-12 13:25:00,86.3
2025-06-12 10:55:00,84.2
2025-06-12 14:53:00,61.8
2025-06-12 16:26:00,76.6
2025-06-12 06:08:00,38.0
2025-06-12 17:21:00,91.4
2025-06-12 19:24:00,82.5
2025-06-12 02:46:00,24.1
2025-06-12 03:22:00,13.1
2025-06-12 06:13:00,83.9
2025-06-12 18:14:00,1.6
2025-06-12 04:43:00,35.8
2025-06-12 00:13:00,0.1
2025-06-12 11:36:00,93.5
2025-06-12 11:10:00,52.8
2025-06-12 15:30:00,92.0
2025-06-12 18:21:00,55.2
2025-06-12 05:13:00,54.7
2025-06-12 09:52:00,7.2
2025-06-12 18:34:00,99.1
2025-06-12 10:22:00,89.0
2025-06-12 15:36:00,1.4
2025-06-12 11:55:00,52.8
2025-06-12 11:50:00,64.0
2025-06-12 08:07:00,89.1
2025-06-12 03:35:00,70.7
2025-06-12 04:37:00,90.6
2025-06-12 14:13:00,89.7
2025-06-12 16:14:00,65.4
2025-06-12 03:59:00,50.12327810650887
2025-06-12 09:47:00,10.7
2025-06-12 19:15:00,34.9
2025-06-12 14:25:00,3.0
2025-06-12 02:11:00,49.2
2025-06-12 14:26:00,81.6
2025-06-12 02:37:00,58.5
2025-06-12 10:53:00,16.8
2025-06-12 06:10:00,50.12327810650887
2025-06-12 02:28:00,32.4
2025-06-12 02:29:00,30.1
2025-06-12 08:56:00,0.4
2025-06-12 14:45:00,88.5
2025-06-12 20:03:00,39.6
2025-06-12 10:42:00,93.4
2025-06-12 21:30:00,98.5
2025-06-12 13:45:00,53.9
2025-06-12 21:33:00,69.1
2025-06-12 01:07:00,66.8
2025-06-12 09:34:00,95.9
2025-06-12 22:08:00,7.5
2025-06-12 07:29:00,71.8
2025-06-12 03:41:00,90.0
2025-06-12 11:44:00,11.8
2025-06-12 01:31:00,50.12327810650887
2025-06-12 15:58:00,85.5
2025-06-12 14:38:00,59.9
2025-06-12 16:13:00,24.6
2025-06-12 10:18:00,50.12327810650887
2025-06-12 00:25:00,68.6
2025-06-12 15:52:00,68.0
2025-06-12 04:00:00,38.4
2025-06-12 05:28:00,38.8
2025-06-12 04:16:00,69.8
2025-06-12 10:46:00,81.6
2025-06-12 15:09:00,50.12327810650887
2025-06-12 03:30:00,16.8
2025-06-12 14:15:00,13.1
2025-06-12 08:52:00,34.6
2025-06-12 07:46:00,50.12327810650887
2025-06-12 05:38:00,72.8
2025-06-12 00:37:00,76.0
2025-06-12 17:39:00,85.7
2025-06-12 14:24:00,50.12327810650887
2025-06-12 08:14:00,14.8
2025-06-12 10:23:00,95.0
2025-06-12 01:28:00,0.3
2025-06-12 05:22:00,77.2
2025-06-12 00:12:00,88.3
2025-06-12 09:31:00,3.6
2025-06-12 06:30:00,16.9
2025-06-12 23:58:00,4.5
2025-06-12 12:39:00,50.12327810650887
2025-06-12 05:33:00,25.9
2025-06-12 15:25:00,77.5
2025-06-12 00:51:00,1.5
2025-06-12 12:56:00,76.2
2025-06-12 17:48:00,70.0
2025-06-12 12:48:00,50.12327810650887
2025-06-12 21:42:00,75.2
2025-06-12 16:04:00,9.8
2025-06-12 14:20:00,35.0
2025-06-12 13:06:00,21.8
2025-06-12 22:49:00,71.8
2025-06-12 10:23:00,32.5
2025-06-12 03:28:00,50.3
2025-06-12 05:42:00,50.12327810650887
2025-06-12 23:53:00,48.4
2025-06-12 10:18:00,50.12327810650887
2025-06-12 01:20:00,84.7
2025-06-12 10:16:00,67.4
2025-06-12 04:38:00,71.8
2025-06-12 17:14:00,42.8
2025-06-12 03:46:00,49.3
2025-06-12 13:38:00,36.0
2025-06-12 02:02:00,31.8
2025-06-12 21:15:00,90.3
2025-06-12 14:01:00,98.3
2025-06-12 05:50:00,96.7
2025-06-12 10:49:00,60.1
2025-06-12 22:12:00,30.8
2025-06-12 09:08:00,22.8
2025-06-12 10:01:00,48.0
2025-06-12 23:49:00,29.7
2025-06-12 11:18:00,92.8
2025-06-12 04:23:00,20.4
2025-06-12 22:45:00,50.12327810650887
2025-06-12 00:31:00,28.8
2025-06-12 21:44:00,30.6
2025-06-12 21:57:00,0.5
2025-06-12 00:35:00,43.2
2025-06-12 12:13:00,74.4
2025-06-12 21:37:00,88.7
2025-06-12 22:26:00,3.7
2025-06-12 22:22:00,48.1
2025-06-12 06:04:00,53.1
2025-06-12 21:51:00,43.5
2025-06-12 03:18:00,9.2
2025-06-12 20:24:00,50.12327810650887
2025-06-12 15:34:00,57.7
2025-06-12 20:00:00,69.9
2025-06-12 11:45:00,98.1
2025-06-12 10:30:00,73.2
2025-06-12 03:09:00,88.9
2025-06-12 01:17:00,50.12327810650887
2025-06-12 18:46:00,37.2
2025-06-12 01:08:00,33.1
2025-06-12 01:56:00,2.8
2025-06-12 01:07:00,52.1
2025-06-12 19:17:00,28.3
2025-06-12 10:20:00,95.1
2025-06-12 05:20:00,30.2
2025-06-12 14:17:00,50.12327810650887
2025-06-12 18:14:00,96.1
2025-06-12 14:52:00,50.12327810650887
2025-06-12 07:22:00,89.9
2025-06-12 22:39:00,39.7
2025-06-12 02:49:00,98.4
2025-06-12 10:25:00,8.1
2025-06-12 11:17:00,5.3
2025-06-12 10:54:00,63.8
2025-06-12 22:17:00,91.1
2025-06-12 07:01:00,80.8
2025-06-12 15:27:00,8.4
2025-06-12 22:43:00,11.0
2025-06-12 00:36:00,67.5
2025-06-12 14:42:00,68.6
2025-06-12 04:29:00,32.2
2025-06-12 23:03:00,91.8
2025-06-12 01:50:00,95.2
2025-06-12 09:50:00,54.0
2025-06-12 06:56:00,66.5
2025-06-12 02:54:00,50.12327810650887
2025-06-12 16:30:00,36.8
2025-06-12 05:42:00,90.3
2025-06-12 01:52:00,77.6
2025-06-12 17:55:00,70.9
2025-06-12 12:16:00,93.5
2025-06-12 22:01:00,77.7
2025-06-12 09:35:00,35.1
2025-06-12 19:12:00,57.1
2025-06-12 10:56:00,11.4
2025-06-12 02:44:00,41.8
2025-06-12 23:34:00,59.9
2025-06-12 23:14:00,34.5
2025-06-12 10:03:00,53.4
2025-06-12 04:29:00,19.7
2025-06-12 03:51:00,50.12327810650887
2025-06-12 13:35:00,16.3
2025-06-12 21:05:00,68.2
2025-06-12 20:30:00,29.3
2025-06-12 18:19:00,94.7
2025-06-12 23:08:00,80.9
2025-06-12 09:00:00,68.0
2025-06-12 01:50:00,50.12327810650887
2025-06-12 17:54:00,72.2
2025-06-12 02:54:00,15.7
2025-06-12 13:33:00,10.1
2025-06-12 09:23:00,39.1
2025-06-12 03:03:00,6.6
2025-06-12 17:21:00,52.9
2025-06-12 09:59:00,10.9
2025-06-12 14:17:00,85.9
2025-06-12 11:56:00,86.8
2025-06-12 10:51:00,4.0
2025-06-12 07:30:00,45.5
2025-06-12 16:41:00,50.12327810650887
2025-06-12 03:30:00,43.1
2025-06-12 12:13:00,50.12327810650887
2025-06-12 23:35:00,50.12327810650887
2025-06-12 12:36:00,46.1
2025-06-12 09:46:00,95.1
2025-06-12 00:01:00,63.7
2025-06-12 14:24:00,48.1
2025-06-12 07:18:00,54.9
2025-06-12 15:28:00,0.3
2025-06-12 21:55:00,91.9
2025-06-12 17:06:00,50.12327810650887
2025-06-12 02:37:00,71.7
2025-06-12 10:54:00,7.9
2025-06-12 20:34:00,50.12327810650887
2025-06-12 09:53:00,29.9
2025-06-12 10:00:00,90.4
2025-06-12 01:20:00,44.3
2025-06-12 07:00:00,77.9
2025-06-12 22:51:00,66.0
2025-06-12 22:16:00,75.6
2025-06-12 23:33:00,20.5
2025-06-12 21:16:00,10.2
2025-06-12 15:39:00,50.12327810650887
2025-06-12 22:25:00,0.3
2025-06-12 20:17:00,66.1
2025-06-12 09:12:00,18.0
2025-06-12 15:40:00,77.4
2025-06-12 19:34:00,77.9
2025-06-12 14:48:00,49.63956792297757
2025-06-12 02:38:00,14.1
2025-06-12 14:09:00,66.0
2025-06-12 18:30:00,71.3
2025-06-12 23:29:00,32.2
2025-06-12 00:30:00,34.7
2025-06-12 05:00:00,12.8
2025-06-12 22:37:00,97.1
2025-06-12 02:54:00,20.1
2025-06-12 14:39:00,45.8
2025-06-12 22:48:00,73.1
2025-06-12 14:55:00,89.2
2025-06-12 08:28:00,81.3
2025-06-12 23:11:00,90.3
2025-06-12 07:51:00,10.3
2025-06-12 23:50:00,61.3
2025-06-12 18:19:00,22.0
2025-06-12 22:33:00,41.9
2025-06-12 02:45:00,31.2
2025-06-12 17:50:00,24.2
2025-06-12 10:55:00,9.0
2025-06-12 20:55:00,49.63956792297757
2025-06-12 08:13:00,98.4
2025-06-12 04:33:00,97.1
2025-06-12 05:29:00,2.7
2025-06-12 14:42:00,17.3
2025-06-12 18:43:00,10.2
2025-06-12 13:52:00,66.7
2025-06-12 04:35:00,12.4
2025-06-12 21:28:00,49.0
2025-06-12 03:08:00,95.1
2025-06-12 20:35:00,16.4
2025-06-12 07:42:00,19.5
2025-06-12 21:52:00,29.6
2025-06-12 15:26:00,89.1
2025-06-12 03:33:00,83.5
2025-06-12 20:56:00,13.0
2025-06-12 23:45:00,43.3
2025-06-12 05:41:00,50.5
2025-06-12 16:48:00,8.7
2025-06-12 07:16:00,5.6
2025-06-12 14:39:00,96.2
2025-06-12 14:48:00,31.4
2025-06-12 16:55:00,45.8
2025-06-12 17:52:00,46.8
2025-06-12 10:57:00,49.63956792297757
2025-06-12 10:38:00,76.6
2025-06-12 13:52:00,94.4
2025-06-12 17:34:00,63.9
2025-06-12 05:05:00,41.3
2025-06-12 01:42:00,73.8
2025-06-12 00:27:00,84.8
2025-06-12 08:16:00,58.9
2025-06-12 09:11:00,2.1
2025-06-12 02:39:00,19.8
2025-06-12 13:27:00,49.63956792297757
2025-06-12 02:56:00,37.0
2025-06-12 16:14:00,0.7
2025-06-12 00:45:00,20.9
2025-06-12 17:19:00,88.9
2025-06-12 15:19:00,52.3
2025-06-12 05:39:00,55.9
2025-06-12 08:33:00,3.0
2025-06-12 09:00:00,3.1
2025-06-12 19:38:00,16.8
2025-06-12 05:30:00,83.9
2025-06-12 03:43:00,80.3
2025-06-12 07:41:00,47.5
2025-06-12 15:13:00,42.4
2025-06-12 07:25:00,97.6
2025-06-12 00:25:00,12.8
2025-06-12 03:47:00,62.8
2025-06-12 14:51:00,4.5
2025-06-12 13:53:00,27.1
2025-06-12 07:16:00,89.5
2025-06-12 14:27:00,49.9
2025-06-12 04:58:00,40.2
2025-06-12 20:31:00,47.1
2025-06-12 22:55:00,77.6
2025-06-12 00:21:00,46.6
2025-06-12 13:29:00,80.4
2025-06-12 05:46:00,49.63956792297757
2025-06-12 00:26:00,49.63956792297757
2025-06-12 11:02:00,9.6
2025-06-12 01:42:00,49.63956792297757
2025-06-12 07:15:00,77.0
2025-06-12 21:00:00,70.2
2025-06-12 08:56:00,13.0
2025-06-12 22:24:00,14.3
2025-06-12 13:43:00,82.0
2025-06-12 17:20:00,38.0
2025-06-12 06:12:00,54.0
2025-06-12 23:09:00,34.0
2025-06-12 17:09:00,50.1
2025-06-12 22:42:00,49.63956792297757
2025-06-12 10:31:00,76.7
2025-06-12 13:37:00,24.9
2025-06-12 21:24:00,40.6
2025-06-12 20:55:00,22.3
2025-06-12 02:13:00,44.3
2025-06-12 18:20:00,3.8
2025-06-12 23:15:00,27.6
2025-06-12 01:46:00,22.8
2025-06-12 13:01:00,49.63956792297757
2025-06-12 12:10:00,72.4
2025-06-12 12:43:00,97.4
2025-06-12 14:23:00,24.5
2025-06-12 03:22:00,93.3
2025-06-12 14:56:00,58.0
2025-06-12 16:15:00,98.0
2025-06-12 13:45:00,38.7
2025-06-12 10:54:00,28.1
2025-06-12 01:52:00,98.0
2025-06-12 16:55:00,0.8
2025-06-12 14:11:00,99.7
2025-06-12 03:21:00,37.0
2025-06-12 15:21:00,75.2
2025-06-12 13:01:00,71.6
2025-06-12 09:29:00,38.8
2025-06-12 06:29:00,94.6
2025-06-12 00:04:00,23.1
2025-06-12 21:31:00,18.9
2025-06-12 19:52:00,9.6
2025-06-12 15:08:00,56.0
2025-06-12 02:43:00,8.3
2025-06-12 11:35:00,22.0
2025-06-12 22:05:00,26.0
2025-06-12 13:09:00,49.63956792297757
2025-06-12 04:06:00,62.5
2025-06-12 11:31:00,49.63956792297757
2025-06-12 02:56:00,22.8
2025-06-12 09:02:00,95.4
2025-06-12 15:13:00,71.7
2025-06-12 16:53:00,49.63956792297757
2025-06-12 05:00:00,36.5
2025-06-12 00:43:00,49.63956792297757
2025-06-12 14:42:00,65.4
2025-06-12 14:56:00,8.9
2025-06-12 01:50:00,49.63956792297757
2025-06-12 05:54:00,22.2
2025-06-12 13:45:00,14.3
2025-06-12 16:42:00,80.2
2025-06-12 16:33:00,22.3
2025-06-12 17:23:00,19.5
2025-06-12 10:44:00,62.0
2025-06-12 01:26:00,2.0
2025-06-12 02:27:00,69.1
2025-06-12 12:02:00,49.63956792297757
2025-06-12 18:59:00,43.5
2025-06-12 21:27:00,32.8
2025-06-12 13:38:00,19.9
2025-06-12 18:51:00,53.2
2025-06-12 05:51:00,19.3
2025-06-12 01:08:00,25.3
2025-06-12 21:02:00,97.9
2025-06-12 02:24:00,45.0
2025-06-12 08:28:00,49.63956792297757
2025-06-12 11:26:00,0.5
2025-06-12 18:08:00,69.0
2025-06-12 22:48:00,89.2
2025-06-12 13:52:00,74.1
2025-06-12 17:15:00,49.63956792297757
2025-06-12 06:58:00,5.4
2025-06-12 10:22:00,68.0
2025-06-12 14:44:00,79.3
2025-06-12 20:36:00,43.4
2025-06-12 22:36:00,49.63956792297757
2025-06-12 12:38:00,21.2
2025-06-12 16:27:00,12.8
2025-06-12 07:36:00,55.5
2025-06-12 23:59:00,49.63956792297757
2025-06-12 11:39:00,28.2
2025-06-12 11:13:00,66.7
2025-06-12 15:40:00,90.6
2025-06-12 06:16:00,81.5
2025-06-12 14:58:00,19.5
2025-06-12 20:51:00,71.3
2025-06-12 08:34:00,29.5
2025-06-12 05:50:00,21.0
2025-06-12 10:59:00,54.6
2025-06-12 18:05:00,13.7
2025-06-12 07:36:00,45.5
2025-06-12 13:00:00,83.5
2025-06-12 20:17:00,6.1
2025-06-12 19:45:00,61.4
2025-06-12 07:56:00,41.7
2025-06-12 04:45:00,19.3
2025-06-12 16:12:00,92.4
2025-06-12 23:01:00,49.63956792297757
2025-06-12 12:09:00,60.3
2025-06-12 10:24:00,96.8
2025-06-12 19:37:00,92.7
2025-06-12 19:00:00,93.5
2025-06-12 15:06:00,17.0
2025-06-12 11:47:00,82.3
2025-06-12 12:24:00,41.9
2025-06-12 10:04:00,0.0
2025-06-12 23:55:00,49.63956792297757
2025-06-12 05:18:00,57.3
2025-06-12 09:15:00,58.6
2025-06-12 04:04:00,5.5
2025-06-12 13:25:00,58.8
2025-06-12 20:36:00,23.5
2025-06-12 01:03:00,49.63956792297757
2025-06-12 09:15:00,8.9
2025-06-12 11:23:00,49.63956792297757
2025-06-12 06:53:00,91.7
2025-06-12 02:37:00,38.2
2025-06-12 05:55:00,85.2
2025-06-12 23:00:00,0.5
2025-06-12 00:33:00,86.6
2025-06-12 04:12:00,16.8
2025-06-12 15:00:00,7.9
2025-06-12 15:52:00,95.8
2025-06-12 09:24:00,97.0
2025-06-12 21:36:00,76.1
2025-06-12 03:52:00,24.6
2025-06-12 01:01:00,81.5
2025-06-12 15:45:00,79.9
2025-06-12 06:18:00,49.63956792297757
2025-06-12 13:51:00,80.3
2025-06-12 06:22:00,77.1
2025-06-12 21:39:00,49.63956792297757
2025-06-12 08:17:00,48.0
2025-06-12 07:02:00,1.2
2025-06-12 06:13:00,58.2
2025-06-12 23:29:00,41.6
2025-06-12 16:30:00,4.6
2025-06-12 04:54:00,34.3
2025-06-12 04:48:00,38.2
2025-06-12 04:31:00,98.6
2025-06-12 15:12:00,49.63956792297757
2025-06-12 17:45:00,73.9
2025-06-12 15:52:00,42.6
2025-06-12 08:14:00,15.6
2025-06-12 22:09:00,49.63956792297757
2025-06-12 15:36:00,97.2
2025-06-12 22:23:00,55.2
2025-06-12 09:37:00,28.7
2025-06-12 19:30:00,49.63956792297757
2025-06-12 18:07:00,91.4
2025-06-12 18:58:00,49.63956792297757
2025-06-12 04:00:00,4.7
2025-06-12 22:23:00,49.63956792297757
2025-06-12 02:33:00,16.2
2025-06-12 10:32:00,70.1
2025-06-12 11:14:00,19.5
2025-06-12 23:28:00,87.8
2025-06-12 08:44:00,57.6
2025-06-12 03:56:00,1.6
2025-06-12 09:48:00,69.5
2025-06-12 01:52:00,51.5
2025-06-12 20:28:00,54.6
2025-06-12 01:04:00,82.9
2025-06-12 20:16:00,30.8
2025-06-12 14:53:00,37.4
2025-06-12 16:07:00,78.6
2025-06-12 01:30:00,77.0
2025-06-12 06:41:00,30.7
2025-06-12 18:55:00,18.2
2025-06-12 18:41:00,8.1
2025-06-12 21:28:00,44.1
2025-06-12 02:39:00,49.63956792297757
2025-06-12 05:34:00,65.6
2025-06-12 07:02:00,99.5
2025-06-12 11:11:00,49.63956792297757
2025-06-12 20:44:00,3.7
2025-06-12 01:51:00,49.63956792297757
2025-06-12 06:29:00,49.63956792297757
2025-06-12 05:16:00,69.0
2025-06-12 13:26:00,3.1
2025-06-12 08:43:00,49.63956792297757
2025-06-12 21:05:00,49.63956792297757
2025-06-12 21:47:00,88.0
2025-06-12 19:23:00,5.6
2025-06-12 07:08:00,84.1
2025-06-12 00:12:00,63.7
2025-06-12 07:07:00,93.5
2025-06-12 09:01:00,15.4
2025-06-12 06:18:00,30.0
2025-06-12 18:17:00,23.6
2025-06-12 03:42:00,56.3
2025-06-12 03:28:00,79.3
2025-06-12 01:59:00,59.0
2025-06-12 03:42:00,38.7
2025-06-12 05:07:00,60.9
2025-06-12 15:51:00,15.4
2025-06-12 15:49:00,48.2
2025-06-12 13:59:00,31.4
2025-06-12 08:56:00,28.7
2025-06-12 13:55:00,52.2
2025-06-12 18:33:00,56.8
2025-06-12 03:40:00,49.63956792297757
2025-06-12 12:14:00,3.0
2025-06-12 22:24:00,40.1
2025-06-12 10:25:00,39.9
2025-06-12 00:23:00,19.8
2025-06-12 23:17:00,10.7
2025-06-12 09:19:00,73.4
2025-06-12 11:49:00,37.6
2025-06-12 12:59:00,49.63956792297757
2025-06-12 23:38:00,57.8
2025-06-12 21:08:00,28.9
2025-06-12 02:59:00,41.3
2025-06-12 03:45:00,64.6
2025-06-12 13:40:00,64.7
2025-06-12 14:37:00,49.8
2025-06-12 12:51:00,88.4
2025-06-12 05:06:00,50.29152382078261
2025-06-12 02:47:00,51.4
2025-06-12 01:20:00,72.9
2025-06-12 16:46:00,82.7
2025-06-12 01:35:00,64.0
2025-06-12 19:38:00,87.2
2025-06-12 15:48:00,20.2
2025-06-12 07:19:00,10.7
2025-06-12 04:11:00,48.2
2025-06-12 19:32:00,66.4
2025-06-12 02:06:00,39.6
2025-06-12 00:33:00,79.9
2025-06-12 02:02:00,55.0
2025-06-12 00:52:00,48.3
2025-06-12 18:01:00,94.8
2025-06-12 18:20:00,77.7
2025-06-12 18:21:00,85.6
2025-06-12 14:34:00,91.0
2025-06-12 11:50:00,5.7
2025-06-12 18:39:00,82.6
2025-06-12 16:56:00,40.7
2025-06-12 03:37:00,10.4
2025-06-12 02:51:00,50.29152382078261
2025-06-12 22:32:00,20.9
2025-06-12 14:19:00,89.8
2025-06-12 11:20:00,80.3
2025-06-12 21:11:00,87.0
2025-06-12 01:51:00,6.7
2025-06-12 20:13:00,8.0
2025-06-12 17:49:00,98.1
2025-06-12 05:40:00,39.4
2025-06-12 13:16:00,73.4
2025-06-12 02:35:00,29.0
2025-06-12 01:49:00,65.9
2025-06-12 14:17:00,50.29152382078261
2025-06-12 00:12:00,59.6
2025-06-12 22:13:00,30.1
2025-06-12 14:48:00,64.7
2025-06-12 18:16:00,34.5
2025-06-12 03:51:00,32.9
2025-06-12 22:52:00,43.6
2025-06-12 18:20:00,50.29152382078261
2025-06-12 19:24:00,46.9
2025-06-12 13:45:00,50.29152382078261
2025-06-12 17:43:00,91.9
2025-06-12 19:12:00,50.29152382078261
2025-06-12 06:11:00,35.1
2025-06-12 15:39:00,67.6
2025-06-12 09:47:00,3.9
2025-06-12 00:19:00,26.0
2025-06-12 13:53:00,65.3
2025-06-12 12:37:00,2.9
2025-06-12 04:21:00,90.0
2025-06-12 15:41:00,99.9
2025-06-12 10:32:00,24.0
2025-06-12 16:07:00,42.3
2025-06-12 23:58:00,15.5
2025-06-12 09:35:00,71.6
2025-06-12 13:46:00,59.7
2025-06-12 21:16:00,64.3
2025-06-12 16:53:00,69.2
2025-06-12 09:55:00,37.8
2025-06-12 20:33:00,22.8
2025-06-12 07:11:00,91.6
2025-06-12 01:43:00,62.1
2025-06-12 10:33:00,96.3
2025-06-12 10:26:00,0.7
2025-06-12 17:12:00,98.9
2025-06-12 15:00:00,91.2
2025-06-12 19:38:00,4.2
2025-06-12 15:11:00,79.6
2025-06-12 12:07:00,62.6
2025-06-12 20:24:00,86.9
2025-06-12 00:05:00,70.1
2025-06-12 22:07:00,50.29152382078261
2025-06-12 18:27:00,45.1
2025-06-12 09:26:00,50.29152382078261
2025-06-12 11:25:00,26.8
2025-06-12 01:33:00,83.2
2025-06-12 14:30:00,50.29152382078261
2025-06-12 07:27:00,61.6
2025-06-12 14:09:00,50.29152382078261
2025-06-12 06:38:00,50.29152382078261
2025-06-12 04:53:00,15.8
2025-06-12 05:09:00,70.7
2025-06-12 22:15:00,50.29152382078261
2025-06-12 10:20:00,9.0
2025-06-12 17:54:00,7.0
2025-06-12 03:42:00,43.6
2025-06-12 06:38:00,34.6
2025-06-12 09:45:00,9.8
2025-06-12 15:40:00,66.6
2025-06-12 02:52:00,50.29152382078261
2025-06-12 07:15:00,71.8
2025-06-12 07:50:00,50.29152382078261
2025-06-12 00:06:00,67.8
2025-06-12 02:23:00,31.5
2025-06-12 19:22:00,72.0
2025-06-12 16:27:00,30.0
2025-06-12 19:06:00,51.6
2025-06-12 15:30:00,98.3
2025-06-12 05:07:00,50.29152382078261
2025-06-12 03:41:00,21.7
2025-06-12 09:59:00,30.4
2025-06-12 04:39:00,50.29152382078261
2025-06-12 12:14:00,84.8
2025-06-12 06:11:00,9.0
2025-06-12 11:26:00,50.29152382078261
2025-06-12 13:08:00,74.7
2025-06-12 07:06:00,52.4
2025-06-12 06:00:00,41.8
2025-06-12 04:10:00,60.6
2025-06-12 03:28:00,30.9
2025-06-12 02:30:00,47.4
2025-06-12 18:09:00,23.2
2025-06-12 13:09:00,61.1
2025-06-12 07:57:00,42.7
2025-06-12 22:16:00,93.4
2025-06-12 00:40:00,14.4
2025-06-12 12:48:00,19.4
2025-06-12 20:02:00,93.7
2025-06-12 17:33:00,78.2
2025-06-12 04:05:00,44.3
2025-06-12 18:09:00,77.3
2025-06-12 12:25:00,64.6
2025-06-12 00:43:00,50.29152382078261
2025-06-12 21:13:00,27.4
2025-06-12 10:07:00,46.3
2025-06-12 21:07:00,45.4
2025-06-12 14:04:00,91.0
2025-06-12 18:17:00,50.29152382078261
2025-06-12 20:48:00,4.8
2025-06-12 18:19:00,37.9
2025-06-12 00:25:00,59.7
2025-06-12 19:22:00,50.29152382078261
2025-06-12 11:20:00,79.8
2025-06-12 08:55:00,50.0
2025-06-12 21:32:00,67.5
2025-06-12 09:17:00,50.29152382078261
2025-06-12 05:22:00,62.5
2025-06-12 09:37:00,19.6
2025-06-12 13:01:00,63.1
2025-06-12 21:10:00,10.2
2025-06-12 02:42:00,6.2
2025-06-12 07:18:00,50.29152382078261
2025-06-12 01:36:00,50.29152382078261
2025-06-12 02:11:00,47.3
2025-06-12 22:10:00,50.29152382078261
2025-06-12 19:37:00,52.0
2025-06-12 14:08:00,29.3
2025-06-12 01:47:00,10.3
2025-06-12 23:29:00,1.9
2025-06-12 23:58:00,23.4
2025-06-12 09:58:00,44.5
2025-06-12 09:09:00,50.29152382078261
2025-06-12 03:46:00,66.6
2025-06-12 23:04:00,65.9
2025-06-12 20:25:00,63.4
2025-06-12 17:31:00,20.8
2025-06-12 03:41:00,50.29152382078261
2025-06-12 17:03:00,47.2
2025-06-12 04:22:00,30.4
2025-06-12 10:39:00,34.8
2025-06-12 17:57:00,13.8
2025-06-12 01:27:00,50.29152382078261
2025-06-12 18:52:00,50.29152382078261
2025-06-12 02:07:00,25.9
2025-06-12 06:30:00,88.4
2025-06-12 01:38:00,99.3
2025-06-12 11:51:00,74.6
2025-06-12 21:36:00,32.3
2025-06-12 21:24:00,23.8
2025-06-12 02:59:00,65.2
2025-06-12 12:39:00,56.5
2025-06-12 10:22:00,3.0
2025-06-12 12:08:00,27.8
2025-06-12 12:07:00,34.6
2025-06-12 21:27:00,69.6
2025-06-12 11:47:00,50.29152382078261
2025-06-12 00:20:00,50.29152382078261
2025-06-12 12:32:00,38.9
2025-06-12 20:58:00,62.1
2025-06-12 00:56:00,89.8
2025-06-12 03:24:00,50.29152382078261
2025-06-12 02:54:00,62.2
2025-06-12 19:48:00,46.4
2025-06-12 04:34:00,50.29152382078261
2025-06-12 13:17:00,50.29152382078261
2025-06-12 02:04:00,65.7
2025-06-12 14:24:00,62.2
2025-06-12 23:09:00,2.7
2025-06-12 23:26:00,33.0
2025-06-12 19:33:00,67.2
2025-06-12 08:43:00,50.29152382078261
2025-06-12 13:14:00,21.7
2025-06-12 09:15:00,11.0
2025-06-12 12:22:00,52.4
2025-06-12 14:11:00,50.29152382078261
2025-06-12 13:30:00,49.8
2025-06-12 19:57:00,50.29152382078261
2025-06-12 22:42:00,1.5
2025-06-12 03:30:00,36.6
2025-06-12 10:31:00,32.9
2025-06-12 07:10:00,64.8
2025-06-12 13:59:00,48.9
2025-06-12 12:28:00,62.0
2025-06-12 22:26:00,50.29152382078261
2025-06-12 22:55:00,62.3
2025-06-12 05:50:00,25.3
2025-06-12 20:45:00,20.9
2025-06-12 09:20:00,29.9
2025-06-12 11:55:00,88.6
2025-06-12 04:33:00,46.7
2025-06-12 04:33:00,50.29152382078261
2025-06-12 09:57:00,35.1
2025-06-12 23:35:00,21.7
2025-06-12 10:06:00,74.0
2025-06-12 04:47:00,17.8
2025-06-12 10:05:00,76.4
2025-06-12 07:33:00,97.7
2025-06-12 08:14:00,50.29152382078261
2025-06-12 09:09:00,9.0
2025-06-12 05:27:00,32.1
2025-06-12 22:59:00,50.29152382078261
2025-06-12 12:23:00,2.7
2025-06-12 09:56:00,51.1
2025-06-12 03:20:00,28.3
2025-06-12 03:26:00,11.1
2025-06-12 05:04:00,50.29152382078261
2025-06-12 07:40:00,30.0
2025-06-12 22:33:00,24.9
2025-06-12 04:14:00,50.29152382078261
2025-06-12 00:12:00,36.1
2025-06-12 15:53:00,8.3
2025-06-12 03:01:00,53.3
2025-06-12 00:55:00,49.1
2025-06-12 03:44:00,65.0
2025-06-12 05:21:00,43.1
2025-06-12 10:14:00,44.6
2025-06-12 01:10:00,66.2
2025-06-12 23:01:00,29.3
2025-06-12 04:56:00,50.29152382078261
2025-06-12 02:30:00,50.29152382078261
2025-06-12 16:37:00,17.4
2025-06-12 03:10:00,8.7
2025-06-12 14:10:00,22.9
2025-06-12 23:59:00,74.8
2025-06-12 19:34:00,97.8
2025-06-12 12:50:00,77.7
2025-06-12 00:09:00,50.29152382078261
2025-06-12 22:33:00,23.1
2025-06-12 06:52:00,17.8
2025-06-12 09:52:00,7.7
2025-06-12 10:20:00,18.4
2025-06-12 05:57:00,90.4
2025-06-12 19:23:00,50.29152382078261
2025-06-12 17:22:00,22.3
2025-06-12 22:54:00,81.0
2025-06-12 01:56:00,78.5
2025-06-12 11:00:00,8.5
2025-06-12 17:05:00,17.1
2025-06-12 18:12:00,25.3
2025-06-12 11:49:00,80.4
2025-06-12 01:59:00,67.9
2025-06-12 18:33:00,50.29152382078261
2025-06-12 22:58:00,61.9
2025-06-12 00:09:00,50.29152382078261
2025-06-12 00:54:00,49.0
2025-06-12 17:37:00,33.7
2025-06-12 04:11:00,73.3
2025-06-12 21:59:00,45.4
2025-06-12 17:54:00,13.8
2025-06-12 23:47:00,45.9
2025-06-12 15:49:00,52.5
2025-06-12 07:20:00,50.29152382078261
2025-06-12 08:16:00,50.29152382078261
2025-06-12 18:04:00,99.4
2025-06-12 10:33:00,50.29152382078261
2025-06-12 14:55:00,50.29152382078261
2025-06-12 02:37:00,85.8
2025-06-12 18:30:00,35.0
2025-06-12 03:09:00,20.1
2025-06-12 15:34:00,10.2
2025-06-12 00:55:00,33.0
2025-06-12 02:03:00,72.3
2025-06-12 10:13:00,93.8
2025-06-12 00:02:00,50.29152382078261
2025-06-12 05:08:00,95.8
2025-06-12 11:13:00,63.1
2025-06-12 23:32:00,81.1
2025-06-12 12:41:00,48.0
2025-06-12 17:44:00,92.5
2025-06-12 06:12:00,15.9
2025-06-12 01:21:00,19.2
2025-06-12 15:56:00,52.1
2025-06-12 18:59:00,40.1
2025-06-12 07:16:00,62.5
2025-06-12 20:11:00,53.0
2025-06-12 01:34:00,99.9
2025-06-12 03:13:00,62.0
2025-06-12 12:16:00,60.3
2025-06-12 17:36:00,25.4
2025-06-12 09:10:00,90.2
2025-06-12 05:49:00,63.9
2025-06-12 07:11:00,67.2
2025-06-12 02:02:00,78.3
2025-06-12 07:54:00,1.9
2025-06-12 08:03:00,6.1
2025-06-12 20:00:00,50.29152382078261
2025-06-12 02:11:00,50.29152382078261
2025-06-12 23:32:00,32.2
2025-06-12 19:15:00,97.7
2025-06-12 07:14:00,73.5
2025-06-12 05:10:00,58.9
2025-06-12 14:07:00,19.0
2025-06-12 15:14:00,50.29152382078261
2025-06-12 18:55:00,81.3
2025-06-12 19:51:00,12.2
2025-06-12 06:04:00,50.15830883217688
2025-06-12 18:43:00,92.7
2025-06-12 14:58:00,2.2
2025-06-12 19:42:00,80.5
2025-06-12 12:01:00,45.4
2025-06-12 07:25:00,15.7
2025-06-12 02:08:00,51.5
2025-06-12 17:31:00,3.7
2025-06-12 07:43:00,27.7
2025-06-12 22:12:00,13.3
2025-06-12 06:26:00,97.1
2025-06-12 04:18:00,77.3
2025-06-12 12:13:00,36.1
2025-06-12 21:20:00,38.6
2025-06-12 04:30:00,50.15830883217688
2025-06-12 05:10:00,1.3
2025-06-12 12:22:00,14.3
2025-06-12 01:56:00,41.1
2025-06-12 08:52:00,16.9
2025-06-12 02:58:00,50.15830883217688
2025-06-12 05:36:00,39.3
2025-06-12 00:40:00,42.6
2025-06-12 02:13:00,78.1
2025-06-12 19:02:00,50.15830883217688
2025-06-12 23:22:00,50.15830883217688
2025-06-12 03:16:00,88.0
2025-06-12 14:13:00,13.0
2025-06-12 00:51:00,9.5
2025-06-12 09:50:00,77.8
2025-06-12 21:43:00,93.4
2025-06-12 08:48:00,50.15830883217688
2025-06-12 09:59:00,18.6
2025-06-12 05:32:00,41.0
2025-06-12 14:16:00,97.0
2025-06-12 05:45:00,50.15830883217688
2025-06-12 01:08:00,82.5
2025-06-12 11:18:00,92.6
2025-06-12 18:33:00,97.5
2025-06-12 09:54:00,50.15830883217688
2025-06-12 05:21:00,20.2
2025-06-12 14:33:00,81.9
2025-06-12 18:44:00,99.1
2025-06-12 07:07:00,89.1
2025-06-12 09:57:00,58.8
2025-06-12 23:27:00,50.15830883217688
2025-06-12 12:32:00,32.2
2025-06-12 03:36:00,61.3
2025-06-12 13:12:00,45.5
2025-06-12 06:25:00,50.15830883217688
2025-06-12 20:50:00,38.4
2025-06-12 20:45:00,50.15830883217688
2025-06-12 22:10:00,49.9
2025-06-12 22:16:00,30.9
2025-06-12 09:40:00,86.0
2025-06-12 02:31:00,64.6
2025-06-12 08:00:00,50.15830883217688
2025-06-12 19:12:00,46.1
2025-06-12 18:27:00,50.15830883217688
2025-06-12 08:03:00,80.5
2025-06-12 18:23:00,51.3
2025-06-12 18:15:00,75.9
2025-06-12 05:09:00,3.3
2025-06-12 17:39:00,38.9
2025-06-12 12:24:00,21.4
2025-06-12 03:51:00,50.15830883217688
2025-06-12 00:38:00,50.15830883217688
2025-06-12 07:13:00,14.9
2025-06-12 10:12:00,66.1
2025-06-12 03:16:00,50.15830883217688
2025-06-12 15:33:00,50.3
2025-06-12 07:22:00,47.0
2025-06-12 01:04:00,78.0
2025-06-12 02:07:00,20.1
2025-06-12 06:21:00,45.8
2025-06-12 04:07:00,3.9
2025-06-12 14:53:00,16.8
2025-06-12 23:39:00,74.7
2025-06-12 08:26:00,63.8
2025-06-12 02:42:00,59.2
2025-06-12 06:53:00,54.9
2025-06-12 16:42:00,72.1
2025-06-12 12:17:00,50.15830883217688
2025-06-12 19:01:00,37.4
2025-06-12 06:40:00,62.4
2025-06-12 07:42:00,12.0
2025-06-12 18:07:00,0.6
2025-06-12 16:51:00,90.6
2025-06-12 04:23:00,45.8
2025-06-12 04:04:00,99.9
2025-06-12 07:25:00,91.8
2025-06-12 22:59:00,97.5
2025-06-12 05:18:00,28.4
2025-06-12 17:12:00,61.7
2025-06-12 18:47:00,89.4
2025-06-12 18:51:00,93.9
2025-06-12 19:18:00,99.0
2025-06-12 05:48:00,71.1
2025-06-12 12:24:00,26.1
2025-06-12 06:16:00,50.15830883217688
2025-06-12 05:22:00,50.15830883217688
2025-06-12 05:54:00,37.3
2025-06-12 18:10:00,8.6
2025-06-12 12:33:00,6.2
2025-06-12 21:25:00,19.9
2025-06-12 10:57:00,50.15830883217688
2025-06-12 02:07:00,88.2
2025-06-12 22:20:00,44.5
2025-06-12 12:50:00,33.6
2025-06-12 00:11:00,47.2
2025-06-12 04:45:00,74.4
2025-06-12 13:55:00,4.5
2025-06-12 06:28:00,66.8
2025-06-12 03:10:00,10.3
2025-06-12 23:28:00,75.7
2025-06-12 04:58:00,59.4
2025-06-12 03:41:00,79.7
2025-06-12 21:08:00,58.0
2025-06-12 20:42:00,28.6
2025-06-12 21:04:00,50.15830883217688
2025-06-12 13:35:00,34.0
2025-06-12 04:10:00,55.2
2025-06-12 13:16:00,8.4
2025-06-12 12:24:00,33.1
2025-06-12 07:20:00,43.1
2025-06-12 18:06:00,66.5
2025-06-12 07:14:00,65.5
2025-06-12 13:47:00,28.7
2025-06-12 03:01:00,51.8
2025-06-12 21:50:00,7.9
2025-06-12 07:28:00,97.7
2025-06-12 07:00:00,15.9
2025-06-12 23:51:00,1.3
2025-06-12 06:45:00,8.0
2025-06-12 11:31:00,61.8
2025-06-12 06:28:00,0.7
2025-06-12 01:10:00,5.6
2025-06-12 05:42:00,6.1
2025-06-12 16:39:00,48.3
2025-06-12 21:58:00,30.6
2025-06-12 17:36:00,95.8
2025-06-12 09:30:00,36.7
2025-06-12 20:49:00,55.7
2025-06-12 09:32:00,50.15830883217688
2025-06-12 00:28:00,50.15830883217688
2025-06-12 10:29:00,24.6
2025-06-12 16:46:00,67.8
2025-06-12 07:16:00,50.15830883217688
2025-06-12 03:05:00,42.7
2025-06-12 16:08:00,90.8
2025-06-12 02:22:00,24.2
2025-06-12 00:13:00,56.2
2025-06-12 07:56:00,38.5
2025-06-12 22:50:00,85.0
2025-06-12 23:36:00,92.8
2025-06-12 01:35:00,32.3
2025-06-12 14:33:00,37.8
2025-06-12 18:47:00,1.9
2025-06-12 04:04:00,50.15830883217688
2025-06-12 09:29:00,84.9
2025-06-12 16:20:00,15.5
2025-06-12 11:39:00,46.7
2025-06-12 23:05:00,81.7
2025-06-12 10:48:00,50.15830883217688
2025-06-12 07:17:00,29.5
2025-06-12 23:36:00,32.1
2025-06-12 00:21:00,62.4
2025-06-12 17:18:00,79.7
2025-06-12 17:33:00,90.8
2025-06-12 10:14:00,3.2
2025-06-12 17:00:00,8.8
2025-06-12 07:46:00,74.6
2025-06-12 05:15:00,33.4
2025-06-12 15:08:00,60.7
2025-06-12 00:18:00,95.0
2025-06-12 13:11:00,49.3
2025-06-12 19:23:00,50.15830883217688
2025-06-12 17:28:00,44.9
2025-06-12 16:15:00,25.8
2025-06-12 06:55:00,96.6
2025-06-12 00:29:00,59.5
2025-06-12 21:32:00,50.15830883217688
2025-06-12 22:39:00,77.9
2025-06-12 01:32:00,83.5
2025-06-12 09:32:00,58.8
2025-06-12 15:16:00,97.0
2025-06-12 04:06:00,14.3
2025-06-12 20:56:00,86.7
2025-06-12 14:00:00,84.5
2025-06-12 08:39:00,58.1
2025-06-12 23:49:00,29.2
2025-06-12 07:24:00,92.2
2025-06-12 20:48:00,54.5
2025-06-12 17:05:00,98.8
2025-06-12 19:17:00,12.3
2025-06-12 20:18:00,50.15830883217688
2025-06-12 17:19:00,50.15830883217688
2025-06-12 18:36:00,22.0
2025-06-12 08:49:00,43.4
2025-06-12 18:45:00,48.1
2025-06-12 00:50:00,79.5
2025-06-12 10:23:00,41.1
2025-06-12 14:19:00,71.0
2025-06-12 07:20:00,26.6
2025-06-12 03:10:00,14.2
2025-06-12 01:18:00,55.1
2025-06-12 17:35:00,50.15830883217688
2025-06-12 19:56:00,57.2
2025-06-12 22:52:00,92.8
2025-06-12 06:42:00,84.5
2025-06-12 20:28:00,84.2
2025-06-12 08:03:00,50.15830883217688
2025-06-12 04:28:00,25.8
2025-06-12 12:24:00,57.9
2025-06-12 05:07:00,50.15830883217688
2025-06-12 20:28:00,19.0
2025-06-12 16:02:00,43.5
2025-06-12 10:32:00,74.3
2025-06-12 12:56:00,9.7
2025-06-12 11:11:00,2.9
2025-06-12 08:15:00,70.0
2025-06-12 06:13:00,50.15830883217688
2025-06-12 09:51:00,78.8
2025-06-12 19:55:00,59.5
2025-06-12 01:46:00,90.1
2025-06-12 01:44:00,46.2
2025-06-12 11:57:00,39.2
2025-06-12 23:29:00,6.6
2025-06-12 20:43:00,39.8
2025-06-12 03:06:00,50.15830883217688
2025-06-12 14:19:00,64.1
2025-06-12 12:59:00,8.4
2025-06-12 03:20:00,69.2
2025-06-12 01:04:00,4.9
2025-06-12 12:16:00,50.15830883217688
2025-06-12 05:28:00,86.4
2025-06-12 07:59:00,90.7
2025-06-12 22:28:00,64.9
2025-06-12 21:52:00,66.7
2025-06-12 21:08:00,12.5
2025-06-12 03:38:00,54.0
2025-06-12 21:10:00,1.3
2025-06-12 00:33:00,43.6
2025-06-12 19:31:00,59.0
2025-06-12 03:46:00,50.15830883217688
2025-06-12 22:47:00,48.5
2025-06-12 17:14:00,83.4
2025-06-12 08:18:00,61.7
2025-06-12 20:35:00,6.5
2025-06-12 06:18:00,80.5
2025-06-12 09:18:00,86.3
2025-06-12 09:05:00,37.2
2025-06-12 21:28:00,39.2
2025-06-12 13:57:00,40.0
2025-06-12 21:18:00,75.4
2025-06-12 19:02:00,50.15830883217688
2025-06-12 14:50:00,98.8
2025-06-12 17:03:00,56.9
2025-06-12 19:33:00,72.5
2025-06-12 01:06:00,37.6
2025-06-12 12:22:00,50.15830883217688
2025-06-12 04:56:00,50.15830883217688
2025-06-12 11:16:00,50.15830883217688
2025-06-12 22:05:00,30.0
2025-06-12 11:33:00,69.3
2025-06-12 03:34:00,32.8
2025-06-12 14:19:00,97.0
2025-06-12 17:14:00,57.8
2025-06-12 16:17:00,16.6
2025-06-12 13:31:00,50.15830883217688
2025-06-12 23:27:00,84.3
2025-06-12 05:44:00,12.8
2025-06-12 08:58:00,28.3
2025-06-12 16:39:00,65.6
2025-06-12 17:52:00,66.4
2025-06-12 10:57:00,62.7
2025-06-12 19:35:00,27.1
2025-06-12 04:14:00,97.5
2025-06-12 03:23:00,85.2
2025-06-12 19:03:00,4.7
2025-06-12 06:12:00,50.15830883217688
2025-06-12 07:09:00,81.9
2025-06-12 06:09:00,86.8
2025-06-12 01:30:00,17.4
2025-06-12 15:08:00,41.1
2025-06-12 15:42:00,50.15830883217688
2025-06-12 12:03:00,59.8
2025-06-12 11:43:00,50.15830883217688
2025-06-12 05:27:00,25.2
2025-06-12 10:03:00,70.5
2025-06-12 13:37:00,85.5
2025-06-12 08:55:00,97.2
2025-06-12 10:09:00,22.4
2025-06-12 20:35:00,50.15830883217688
2025-06-12 19:45:00,8.3
2025-06-12 11:07:00,50.15830883217688
2025-06-12 15:15:00,82.9
2025-06-12 17:36:00,50.15830883217688
2025-06-12 06:44:00,61.0
2025-06-12 15:32:00,75.3
2025-06-12 19:38:00,69.4
2025-06-12 03:17:00,42.9
2025-06-12 00:44:00,45.2
2025-06-12 13:54:00,50.15830883217688
2025-06-12 01:07:00,92.1
2025-06-12 09:04:00,83.2
2025-06-12 03:12:00,89.1
2025-06-12 06:05:00,40.7
2025-06-12 09:05:00,33.8
2025-06-12 19:19:00,68.8
2025-06-12 05:57:00,92.9
2025-06-12 06:46:00,50.15830883217688
2025-06-12 08:10:00,94.9
2025-06-12 08:36:00,81.2
2025-06-12 21:41:00,42.3
2025-06-12 23:53:00,46.9
2025-06-12 09:27:00,16.9
2025-06-12 19:13:00,52.2
2025-06-12 05:59:00,85.0
2025-06-12 07:21:00,29.6
2025-06-12 09:11:00,15.9
2025-06-12 20:36:00,12.8
2025-06-12 06:19:00,76.9
2025-06-12 00:42:00,63.4
2025-06-12 03:22:00,98.4
2025-06-12 14:02:00,32.1
2025-06-12 10:06:00,3.4
2025-06-12 04:28:00,96.6
2025-06-12 18:39:00,51.2
2025-06-12 13:06:00,36.5
2025-06-12 07:09:00,92.1
2025-06-12 21:22:00,61.6
2025-06-12 02:30:00,31.5
2025-06-12 10:44:00,68.5
2025-06-12 02:12:00,4.6
2025-06-12 13:43:00,50.5
2025-06-12 03:18:00,50.8
2025-06-12 08:57:00,75.9
2025-06-12 07:11:00,19.9
2025-06-12 22:45:00,20.9
2025-06-12 14:51:00,83.4
2025-06-12 13:17:00,50.05645730416373
2025-06-12 18:18:00,47.7
2025-06-12 10:43:00,52.3
2025-06-12 01:47:00,36.0
2025-06-12 10:14:00,62.1
2025-06-12 09:55:00,50.05645730416373
2025-06-12 07:00:00,40.3
2025-06-12 14:13:00,1.5
2025-06-12 11:30:00,25.3
2025-06-12 08:54:00,80.8
2025-06-12 17:34:00,80.2
2025-06-12 22:40:00,64.2
2025-06-12 06:13:00,88.4
2025-06-12 03:56:00,41.7
2025-06-12 02:16:00,17.3
2025-06-12 04:16:00,47.6
2025-06-12 21:14:00,7.9
2025-06-12 07:05:00,50.05645730416373
2025-06-12 01:50:00,41.1
2025-06-12 23:32:00,9.2
2025-06-12 11:52:00,28.0
2025-06-12 23:50:00,47.1
2025-06-12 22:40:00,48.2
2025-06-12 15:22:00,3.9
2025-06-12 16:00:00,87.0
2025-06-12 00:44:00,73.7
2025-06-12 16:10:00,72.3
2025-06-12 14:14:00,5.2
2025-06-12 19:45:00,55.2
2025-06-12 02:54:00,50.05645730416373
2025-06-12 22:42:00,81.9
2025-06-12 12:02:00,50.05645730416373
2025-06-12 18:55:00,50.05645730416373
2025-06-12 18:44:00,50.9
2025-06-12 02:50:00,25.6
2025-06-12 10:27:00,50.05645730416373
2025-06-12 10:45:00,58.5
2025-06-12 15:17:00,36.6
2025-06-12 08:28:00,17.8
2025-06-12 11:45:00,45.4
2025-06-12 03:12:00,42.9
2025-06-12 23:58:00,50.05645730416373
2025-06-12 22:56:00,64.3
2025-06-12 22:08:00,31.8
2025-06-12 20:29:00,50.05645730416373
2025-06-12 06:22:00,85.3
2025-06-12 00:47:00,37.4
2025-06-12 00:35:00,79.9
2025-06-12 14:30:00,47.9
2025-06-12 21:49:00,69.3
2025-06-12 20:49:00,50.05645730416373
2025-06-12 14:47:00,68.6
2025-06-12 23:07:00,17.7
2025-06-12 06:52:00,59.1
2025-06-12 19:24:00,75.8
2025-06-12 02:09:00,68.1
2025-06-12 12:27:00,58.4
2025-06-12 20:22:00,50.05645730416373
2025-06-12 06:17:00,50.05645730416373
2025-06-12 20:32:00,56.9
2025-06-12 17:01:00,85.7
2025-06-12 04:06:00,19.9
2025-06-12 12:23:00,41.1
2025-06-12 06:39:00,57.0
2025-06-12 03:51:00,44.6
2025-06-12 13:08:00,73.1
2025-06-12 04:37:00,90.5
2025-06-12 04:25:00,30.6
2025-06-12 11:03:00,26.9
2025-06-12 03:21:00,76.1
2025-06-12 22:24:00,69.7
2025-06-12 03:09:00,83.9
2025-06-12 22:20:00,30.9
2025-06-12 12:04:00,22.5
2025-06-12 22:15:00,28.7
2025-06-12 23:30:00,80.1
2025-06-12 22:01:00,93.3
2025-06-12 21:06:00,50.05645730416373
2025-06-12 01:33:00,17.5
2025-06-12 04:48:00,47.1
2025-06-12 19:34:00,99.7
2025-06-12 18:17:00,39.3
2025-06-12 11:25:00,24.8
2025-06-12 14:42:00,97.3
2025-06-12 03:11:00,39.1
2025-06-12 01:33:00,50.05645730416373
2025-06-12 16:29:00,50.05645730416373
2025-06-12 06:33:00,50.05645730416373
2025-06-12 06:13:00,11.8
2025-06-12 22:09:00,50.05645730416373
2025-06-12 18:16:00,94.8
2025-06-12 03:16:00,60.1
2025-06-12 16:36:00,31.6
2025-06-12 18:32:00,95.5
2025-06-12 17:30:00,60.3
2025-06-12 22:29:00,64.7
2025-06-12 09:17:00,25.1
2025-06-12 11:59:00,50.05645730416373
2025-06-12 16:00:00,69.1
2025-06-12 10:26:00,26.4
2025-06-12 16:40:00,76.3
2025-06-12 09:07:00,80.2
2025-06-12 12:06:00,19.2
2025-06-12 18:47:00,22.2
2025-06-12 11:11:00,43.6
2025-06-12 21:49:00,68.7
2025-06-12 04:07:00,73.9
2025-06-12 17:40:00,95.8
2025-06-12 08:37:00,93.6
2025-06-12 01:11:00,43.6
2025-06-12 21:34:00,60.1
2025-06-12 16:20:00,23.2
2025-06-12 12:52:00,5.3
2025-06-12 17:38:00,12.7
2025-06-12 14:44:00,49.5
2025-06-12 13:14:00,50.05645730416373
2025-06-12 08:16:00,86.4
2025-06-12 13:28:00,20.4
2025-06-12 05:41:00,13.8
2025-06-12 08:17:00,51.2
2025-06-12 03:20:00,72.6
2025-06-12 14:57:00,50.05645730416373
2025-06-12 05:37:00,37.0
2025-06-12 15:53:00,64.5
2025-06-12 11:01:00,2.8
2025-06-12 07:10:00,47.0
2025-06-12 11:43:00,93.3
2025-06-12 08:16:00,85.6
2025-06-12 20:31:00,91.6
2025-06-12 09:56:00,13.4
2025-06-12 05:58:00,95.3
2025-06-12 14:20:00,50.05645730416373
2025-06-12 01:38:00,6.6
2025-06-12 05:17:00,56.3
2025-06-12 02:44:00,92.7
2025-06-12 08:43:00,49.2
2025-06-12 19:17:00,55.5
2025-06-12 23:23:00,97.4
2025-06-12 13:35:00,11.6
2025-06-12 23:13:00,87.8
2025-06-12 16:39:00,15.8
2025-06-12 02:34:00,61.3
2025-06-12 07:25:00,51.6
2025-06-12 12:49:00,21.9
2025-06-12 09:55:00,70.9
2025-06-12 08:21:00,29.2
2025-06-12 18:58:00,11.3
2025-06-12 07:38:00,47.9
2025-06-12 15:39:00,9.5
2025-06-12 07:45:00,7.9
2025-06-12 03:01:00,16.4
2025-06-12 18:00:00,59.3
2025-06-12 14:03:00,16.5
2025-06-12 12:39:00,28.2
2025-06-12 01:13:00,50.05645730416373
2025-06-12 04:33:00,50.05645730416373
2025-06-12 04:13:00,89.7
2025-06-12 06:29:00,32.8
2025-06-12 14:23:00,20.3
2025-06-12 02:31:00,50.05645730416373
2025-06-12 07:04:00,68.8
2025-06-12 21:49:00,31.0
2025-06-12 06:35:00,33.6
2025-06-12 16:19:00,85.4
2025-06-12 08:28:00,50.05645730416373
2025-06-12 08:30:00,50.05645730416373
2025-06-12 10:00:00,77.8
2025-06-12 04:40:00,50.05645730416373
2025-06-12 21:05:00,15.9
2025-06-12 15:59:00,92.1
2025-06-12 01:42:00,87.2
2025-06-12 01:56:00,60.1
2025-06-12 20:13:00,31.1
2025-06-12 13:21:00,63.3
2025-06-12 21:33:00,5.1
2025-06-12 00:07:00,38.8
2025-06-12 19:42:00,50.05645730416373
2025-06-12 01:21:00,31.6
2025-06-12 08:42:00,28.7
2025-06-12 18:43:00,35.9
2025-06-12 09:48:00,49.7
2025-06-12 19:00:00,43.5
2025-06-12 15:18:00,50.05645730416373
2025-06-12 07:54:00,50.05645730416373
2025-06-12 19:23:00,35.4
2025-06-12 11:26:00,12.4
2025-06-12 03:14:00,21.6
2025-06-12 05:16:00,71.8
2025-06-12 21:47:00,74.7
2025-06-12 14:08:00,50.05645730416373
2025-06-12 19:45:00,50.05645730416373
2025-06-12 22:50:00,38.4
2025-06-12 22:07:00,80.3
2025-06-12 18:41:00,1.9
2025-06-12 15:51:00,50.05645730416373
2025-06-12 15:52:00,69.5
2025-06-12 19:26:00,50.05645730416373
2025-06-12 08:22:00,68.0
2025-06-12 16:41:00,50.05645730416373
2025-06-12 00:52:00,2.8
2025-06-12 00:22:00,50.05645730416373
2025-06-12 09:16:00,83.5
2025-06-12 04:11:00,97.0
2025-06-12 09:35:00,27.4
2025-06-12 01:15:00,35.3
2025-06-12 09:37:00,71.5
2025-06-12 00:10:00,76.5
2025-06-12 06:58:00,90.1
2025-06-12 11:41:00,58.3
2025-06-12 20:53:00,0.7
2025-06-12 05:19:00,18.9
2025-06-12 16:54:00,50.05645730416373
2025-06-12 11:37:00,27.3
2025-06-12 14:28:00,50.05645730416373
2025-06-12 21:19:00,67.6
2025-06-12 19:21:00,46.6
2025-06-12 06:28:00,37.3
2025-06-12 01:48:00,67.8
2025-06-12 03:50:00,50.05645730416373
2025-06-12 21:04:00,98.1
2025-06-12 18:56:00,73.2
2025-06-12 21:43:00,58.7
2025-06-12 18:21:00,32.7
2025-06-12 13:15:00,61.5
2025-06-12 23:41:00,21.4
2025-06-12 05:51:00,16.5
2025-06-12 06:20:00,87.4
2025-06-12 13:05:00,56.6
2025-06-12 00:23:00,27.6
2025-06-12 18:39:00,56.5
2025-06-12 18:28:00,91.5
2025-06-12 02:57:00,50.05645730416373
2025-06-12 07:16:00,86.9
2025-06-12 00:14:00,4.7
2025-06-12 21:22:00,48.2
2025-06-12 04:08:00,18.3
2025-06-12 02:12:00,97.4
2025-06-12 18:11:00,8.6
2025-06-12 10:38:00,1.2
2025-06-12 03:54:00,12.2
2025-06-12 00:01:00,89.9
2025-06-12 03:01:00,88.2
2025-06-12 16:08:00,50.05645730416373
2025-06-12 10:11:00,39.3
2025-06-12 22:21:00,64.9
2025-06-12 23:57:00,7.1
2025-06-12 17:27:00,15.5
2025-06-12 16:52:00,75.6
2025-06-12 05:04:00,77.5
2025-06-12 01:23:00,63.1
2025-06-12 03:15:00,0.9
2025-06-12 03:52:00,50.05645730416373
2025-06-12 15:45:00,9.9
2025-06-12 23:29:00,50.05645730416373
2025-06-12 02:10:00,92.8
2025-06-12 23:53:00,58.2
2025-06-12 02:33:00,38.7
2025-06-12 03:57:00,50.05645730416373
2025-06-12 01:03:00,28.1
2025-06-12 20:25:00,72.1
2025-06-12 18:55:00,50.05645730416373
2025-06-12 00:02:00,61.0
2025-06-12 19:15:00,24.9
2025-06-12 15:25:00,43.3
2025-06-12 07:07:00,73.3
2025-06-12 06:54:00,62.9
2025-06-12 16:18:00,60.1
2025-06-12 02:00:00,9.8
2025-06-12 21:43:00,55.1
2025-06-12 23:02:00,50.05645730416373
2025-06-12 12:09:00,77.7
2025-06-12 19:58:00,28.4
2025-06-12 06:37:00,64.6
2025-06-12 15:44:00,40.8
2025-06-12 13:53:00,14.8
2025-06-12 11:07:00,28.6
2025-06-12 09:25:00,64.2
2025-06-12 08:57:00,33.8
2025-06-12 15:35:00,31.3
2025-06-12 09:38:00,56.2
2025-06-12 00:36:00,3.7
2025-06-12 21:23:00,50.05645730416373
2025-06-12 23:42:00,67.8
2025-06-12 15:19:00,26.2
2025-06-12 17:34:00,50.05645730416373
2025-06-12 03:04:00,37.7
2025-06-12 23:11:00,28.0
2025-06-12 20:58:00,66.4
2025-06-12 01:17:00,70.7
2025-06-12 06:19:00,59.1
2025-06-12 11:19:00,3.8
2025-06-12 08:16:00,50.2
2025-06-12 05:57:00,7.9
2025-06-12 11:18:00,67.6
2025-06-12 18:03:00,34.8
2025-06-12 06:08:00,23.2
2025-06-12 11:02:00,50.05645730416373
2025-06-12 15:03:00,50.05645730416373
2025-06-12 17:08:00,50.05645730416373
2025-06-12 05:49:00,36.4
2025-06-12 02:58:00,64.5
2025-06-12 12:45:00,8.0
2025-06-12 11:05:00,21.4
2025-06-12 01:11:00,95.3
2025-06-12 03:36:00,98.7
2025-06-12 03:09:00,66.3
2025-06-12 12:02:00,71.3
2025-06-12 21:25:00,55.2
2025-06-12 20:38:00,96.6
2025-06-12 14:18:00,24.1
2025-06-12 02:36:00,50.05645730416373
2025-06-12 19:36:00,68.1
2025-06-12 00:38:00,27.5
2025-06-12 22:28:00,99.1
2025-06-12 15:58:00,11.3
2025-06-12 15:50:00,85.0
2025-06-12 12:35:00,14.6
2025-06-12 06:39:00,43.6
2025-06-12 13:09:00,87.8
2025-06-12 02:36:00,47.5
2025-06-12 08:13:00,15.2
2025-06-12 01:51:00,43.3
2025-06-12 18:39:00,66.8
2025-06-12 22:07:00,47.2
2025-06-12 10:47:00,20.5
2025-06-12 16:04:00,10.8
2025-06-12 23:39:00,69.0
2025-06-12 05:39:00,40.8
2025-06-12 05:08:00,29.4
2025-06-12 18:00:00,97.6
2025-06-12 08:27:00,38.3
2025-06-12 21:44:00,1.1
2025-06-12 10:24:00,20.3
2025-06-12 23:41:00,50.05645730416373
2025-06-12 14:18:00,50.05645730416373
2025-06-12 17:41:00,71.1
2025-06-12 15:52:00,50.05645730416373
2025-06-12 14:03:00,22.2
2025-06-12 14:58:00,49.90502819548872
2025-06-12 12:45:00,95.3
2025-06-12 01:00:00,84.1
2025-06-12 12:12:00,42.1
2025-06-12 12:34:00,49.90502819548872
2025-06-12 20:12:00,5.9
2025-06-12 08:58:00,98.1
2025-06-12 07:12:00,44.1
2025-06-12 13:03:00,5.7
2025-06-12 15:14:00,83.2
2025-06-12 08:58:00,78.6
2025-06-12 15:48:00,26.8
2025-06-12 04:23:00,19.6
2025-06-12 18:24:00,72.0
2025-06-12 22:15:00,61.1
2025-06-12 01:28:00,28.3
2025-06-12 01:44:00,52.4
2025-06-12 07:32:00,49.90502819548872
2025-06-12 19:17:00,54.5
2025-06-12 10:51:00,49.0
2025-06-12 01:03:00,94.7
2025-06-12 22:46:00,5.8
2025-06-12 09:21:00,57.3
2025-06-12 22:39:00,49.90502819548872
2025-06-12 20:49:00,49.90502819548872
2025-06-12 14:40:00,68.5
2025-06-12 13:42:00,59.4
2025-06-12 02:08:00,62.5
2025-06-12 20:22:00,90.5
2025-06-12 03:35:00,49.90502819548872
2025-06-12 22:11:00,42.9
2025-06-12 03:50:00,11.8
2025-06-12 01:34:00,49.90502819548872
2025-06-12 16:35:00,27.7
2025-06-12 10:12:00,1.3
2025-06-12 01:05:00,14.2
2025-06-12 11:20:00,24.9
2025-06-12 08:32:00,53.2
2025-06-12 19:23:00,50.0
2025-06-12 09:29:00,42.7
2025-06-12 15:42:00,5.4
2025-06-12 09:34:00,76.8
2025-06-12 22:42:00,61.5
2025-06-12 14:06:00,11.8
2025-06-12 23:34:00,9.1
2025-06-12 10:14:00,49.90502819548872
2025-06-12 20:55:00,46.5
2025-06-12 10:42:00,4.5
2025-06-12 13:53:00,61.0
2025-06-12 23:11:00,84.9
2025-06-12 12:33:00,73.8
2025-06-12 09:47:00,33.7
2025-06-12 09:12:00,57.8
2025-06-12 06:18:00,49.90502819548872
2025-06-12 06:19:00,3.5
2025-06-12 17:23:00,49.90502819548872
2025-06-12 16:01:00,1.6
2025-06-12 07:03:00,27.1
2025-06-12 16:02:00,49.90502819548872
2025-06-12 16:40:00,85.6
2025-06-12 00:02:00,80.8
2025-06-12 07:08:00,58.9
2025-06-12 00:44:00,75.4
2025-06-12 05:55:00,47.0
2025-06-12 16:36:00,44.6
2025-06-12 04:49:00,8.4
2025-06-12 16:57:00,60.3
2025-06-12 14:24:00,23.3
2025-06-12 01:46:00,79.6
2025-06-12 09:08:00,63.1
2025-06-12 08:12:00,78.5
2025-06-12 12:20:00,46.3
2025-06-12 09:55:00,49.90502819548872
2025-06-12 21:01:00,52.9
2025-06-12 00:57:00,39.7
2025-06-12 19:50:00,70.0
2025-06-12 03:20:00,3.4
2025-06-12 15:07:00,49.90502819548872
2025-06-12 16:56:00,60.5
2025-06-12 04:25:00,49.90502819548872
2025-06-12 02:06:00,64.5
2025-06-12 03:38:00,49.90502819548872
2025-06-12 14:07:00,49.90502819548872
2025-06-12 19:48:00,5.0
2025-06-12 20:25:00,86.4
2025-06-12 13:03:00,49.90502819548872
2025-06-12 04:50:00,34.5
2025-06-12 15:54:00,3.5
2025-06-12 19:42:00,89.7
2025-06-12 23:16:00,49.90502819548872
2025-06-12 14:37:00,3.3
2025-06-12 23:47:00,92.9
2025-06-12 05:43:00,19.6
2025-06-12 02:38:00,4.6
2025-06-12 20:26:00,68.1
2025-06-12 21:22:00,76.8
2025-06-12 08:27:00,80.0
2025-06-12 19:15:00,23.4
2025-06-12 11:53:00,51.7
2025-06-12 07:25:00,72.5
2025-06-12 17:34:00,39.0
2025-06-12 19:26:00,28.9
2025-06-12 22:42:00,66.7
2025-06-12 03:22:00,80.8
2025-06-12 17:56:00,51.3
2025-06-12 11:03:00,49.90502819548872
2025-06-12 07:13:00,15.1
2025-06-12 01:33:00,89.1
2025-06-12 19:45:00,23.0
2025-06-12 20:51:00,17.6
2025-06-12 22:24:00,53.9
2025-06-12 14:18:00,89.2
2025-06-12 22:15:00,89.7
2025-06-12 19:22:00,94.1
2025-06-12 06:26:00,49.90502819548872
2025-06-12 19:08:00,67.7
2025-06-12 18:41:00,94.7
2025-06-12 22:36:00,11.6
2025-06-12 05:40:00,29.1
2025-06-12 10:21:00,66.4
2025-06-12 12:45:00,36.8
2025-06-12 11:59:00,59.1
2025-06-12 09:23:00,76.8
2025-06-12 19:24:00,92.2
2025-06-12 22:38:00,49.90502819548872
2025-06-12 15:09:00,29.7
2025-06-12 18:23:00,41.9
2025-06-12 18:59:00,49.90502819548872
2025-06-12 02:40:00,24.7
2025-06-12 19:31:00,9.3
2025-06-12 03:15:00,94.4
2025-06-12 12:02:00,70.4
2025-06-12 06:06:00,19.9
2025-06-12 06:36:00,86.0
2025-06-12 18:05:00,8.0
2025-06-12 10:05:00,49.90502819548872
2025-06-12 19:09:00,59.6
2025-06-12 16:05:00,97.6
2025-06-12 20:53:00,98.9
2025-06-12 09:39:00,49.90502819548872
2025-06-12 18:41:00,33.3
2025-06-12 00:35:00,86.2
2025-06-12 05:13:00,54.4
2025-06-12 03:27:00,73.6
2025-06-12 17:07:00,84.0
2025-06-12 21:57:00,96.1
2025-06-12 10:55:00,89.4
2025-06-12 08:56:00,99.1
2025-06-12 18:46:00,47.0
2025-06-12 05:10:00,42.3
2025-06-12 06:01:00,14.4
2025-06-12 02:43:00,21.8
2025-06-12 22:13:00,29.3
2025-06-12 19:59:00,49.90502819548872
2025-06-12 22:43:00,92.5
2025-06-12 17:26:00,49.90502819548872
2025-06-12 19:13:00,32.2
2025-06-12 07:25:00,29.6
2025-06-12 06:01:00,18.7
2025-06-12 17:05:00,85.0
2025-06-12 10:20:00,4.0
2025-06-12 15:27:00,14.3
2025-06-12 08:43:00,36.1
2025-06-12 06:42:00,13.9
2025-06-12 09:44:00,31.6
2025-06-12 05:35:00,50.1
2025-06-12 00:57:00,49.90502819548872
2025-06-12 21:04:00,11.3
2025-06-12 15:33:00,49.90502819548872
2025-06-12 09:46:00,49.90502819548872
2025-06-12 06:38:00,68.9
2025-06-12 02:10:00,29.8
2025-06-12 01:14:00,33.0
2025-06-12 03:02:00,24.5
2025-06-12 05:17:00,49.90502819548872
2025-06-12 05:23:00,49.90502819548872
2025-06-12 00:52:00,87.9
2025-06-12 08:17:00,83.2
2025-06-12 07:03:00,57.6
2025-06-12 17:38:00,88.8
2025-06-12 00:22:00,90.2
2025-06-12 19:38:00,3.8
2025-06-12 06:12:00,88.0
2025-06-12 21:02:00,49.90502819548872
2025-06-12 23:18:00,61.2
2025-06-12 12:53:00,76.6
2025-06-12 20:38:00,63.0
2025-06-12 20:08:00,33.5
2025-06-12 13:20:00,0.2
2025-06-12 19:26:00,49.90502819548872
2025-06-12 11:21:00,6.7
2025-06-12 11:48:00,16.2
2025-06-12 03:54:00,53.7
2025-06-12 01:18:00,13.2
2025-06-12 06:09:00,30.3
2025-06-12 15:55:00,19.5
2025-06-12 02:00:00,58.7
2025-06-12 00:02:00,76.6
2025-06-12 16:54:00,60.3
2025-06-12 05:47:00,37.7
2025-06-12 01:11:00,80.8
2025-06-12 12:59:00,52.2
2025-06-12 10:23:00,32.6
2025-06-12 21:45:00,8.5
2025-06-12 10:11:00,49.90502819548872
2025-06-12 19:53:00,62.2
2025-06-12 05:01:00,41.8
2025-06-12 17:03:00,52.2
2025-06-12 19:30:00,29.7
2025-06-12 20:14:00,84.5
2025-06-12 20:50:00,48.0
2025-06-12 18:20:00,49.6
2025-06-12 21:56:00,39.3
2025-06-12 11:45:00,54.0
2025-06-12 13:05:00,15.3
2025-06-12 00:54:00,41.9
2025-06-12 20:01:00,96.3
2025-06-12 13:55:00,41.0
2025-06-12 23:57:00,70.0
2025-06-12 05:07:00,30.4
2025-06-12 22:50:00,88.9
2025-06-12 15:03:00,76.1
2025-06-12 20:16:00,70.5
2025-06-12 09:29:00,49.90502819548872
2025-06-12 02:19:00,1.1
2025-06-12 08:04:00,35.3
2025-06-12 10:10:00,76.7
2025-06-12 11:30:00,76.4
2025-06-12 18:01:00,35.7
2025-06-12 15:18:00,25.3
2025-06-12 02:53:00,32.0
2025-06-12 06:02:00,55.0
2025-06-12 08:30:00,12.0
2025-06-12 15:17:00,8.4
2025-06-12 13:39:00,90.4
2025-06-12 16:28:00,83.9
2025-06-12 22:06:00,43.5
2025-06-12 14:37:00,49.90502819548872
2025-06-12 22:00:00,49.90502819548872
2025-06-12 18:18:00,28.0
2025-06-12 07:07:00,49.90502819548872
2025-06-12 05:08:00,14.6
2025-06-12 23:26:00,11.5
2025-06-12 13:06:00,49.90502819548872
2025-06-12 16:02:00,19.3
2025-06-12 03:29:00,29.2
2025-06-12 20:34:00,14.8
2025-06-12 22:44:00,75.1
2025-06-12 02:09:00,7.9
2025-06-12 01:15:00,49.90502819548872
2025-06-12 05:21:00,75.3
2025-06-12 17:54:00,45.7
2025-06-12 19:22:00,65.7
2025-06-12 22:36:00,49.90502819548872
2025-06-12 20:39:00,81.0
2025-06-12 06:31:00,49.90502819548872
2025-06-12 18:46:00,5.1
2025-06-12 02:17:00,64.6
2025-06-12 17:14:00,32.9
2025-06-12 21:36:00,49.90502819548872
2025-06-12 12:52:00,57.0
2025-06-12 02:24:00,9.7
2025-06-12 21:49:00,49.90502819548872
2025-06-12 02:32:00,44.1
2025-06-12 00:27:00,47.6
2025-06-12 10:53:00,68.1
2025-06-12 19:57:00,40.3
2025-06-12 11:02:00,68.4
2025-06-12 23:58:00,87.2
2025-06-12 16:40:00,89.6
2025-06-12 01:24:00,97.7
2025-06-12 22:54:00,56.3
2025-06-12 13:57:00,0.2
2025-06-12 15:34:00,19.2
2025-06-12 11:58:00,82.2
2025-06-12 09:24:00,57.9
2025-06-12 21:36:00,49.90502819548872
2025-06-12 20:18:00,5.3
2025-06-12 10:43:00,35.4
2025-06-12 16:12:00,69.0
2025-06-12 21:25:00,44.3
2025-06-12 19:10:00,63.8
2025-06-12 22:58:00,34.0
2025-06-12 21:01:00,73.6
2025-06-12 23:10:00,78.5
2025-06-12 16:32:00,71.4
2025-06-12 13:56:00,16.0
2025-06-12 13:42:00,16.1
2025-06-12 20:06:00,19.3
2025-06-12 23:28:00,14.6
2025-06-12 08:12:00,91.3
2025-06-12 11:17:00,49.90502819548872
2025-06-12 23:45:00,59.9
2025-06-12 03:00:00,51.9
2025-06-12 11:55:00,49.90502819548872
2025-06-12 08:33:00,7.2
2025-06-12 16:57:00,67.4
2025-06-12 09:02:00,49.90502819548872
2025-06-12 09:26:00,3.9
2025-06-12 01:27:00,86.2
2025-06-12 00:43:00,35.6
2025-06-12 19:11:00,91.5
2025-06-12 12:45:00,84.5
2025-06-12 03:44:00,52.7
2025-06-12 14:43:00,76.5
2025-06-12 01:04:00,49.90502819548872
2025-06-12 20:14:00,65.6
2025-06-12 14:43:00,80.8
2025-06-12 21:44:00,50.475078938135894
2025-06-12 02:21:00,40.3
2025-06-12 19:06:00,99.2
2025-06-12 16:14:00,85.5
2025-06-12 15:40:00,62.3
2025-06-12 22:29:00,66.5
2025-06-12 15:26:00,6.3
2025-06-12 12:54:00,76.2
2025-06-12 11:24:00,66.9
2025-06-12 19:12:00,85.2
2025-06-12 03:03:00,38.7
2025-06-12 16:23:00,32.4
2025-06-12 06:12:00,13.2
2025-06-12 06:57:00,73.6
2025-06-12 15:06:00,94.2
2025-06-12 17:38:00,50.475078938135894
2025-06-12 16:16:00,32.4
2025-06-12 01:52:00,73.6
2025-06-12 06:02:00,20.2
2025-06-12 02:10:00,50.475078938135894
2025-06-12 12:52:00,67.8
2025-06-12 18:41:00,64.1
2025-06-12 05:46:00,50.475078938135894
2025-06-12 01:08:00,65.7
2025-06-12 04:32:00,94.7
2025-06-12 01:04:00,84.4
2025-06-12 00:30:00,96.6
2025-06-12 15:26:00,92.5
2025-06-12 18:27:00,50.475078938135894
2025-06-12 08:06:00,91.1
2025-06-12 13:13:00,1.1
2025-06-12 11:55:00,76.1
2025-06-12 20:01:00,50.475078938135894
2025-06-12 16:03:00,50.475078938135894
2025-06-12 18:51:00,0.7
2025-06-12 15:58:00,32.9
2025-06-12 21:56:00,55.9
2025-06-12 00:03:00,98.7
2025-06-12 06:06:00,98.0
2025-06-12 00:28:00,90.3
2025-06-12 19:31:00,50.2
2025-06-12 12:46:00,89.9
2025-06-12 19:04:00,50.475078938135894
2025-06-12 04:12:00,50.475078938135894
2025-06-12 06:42:00,61.2
2025-06-12 04:04:00,50.2
2025-06-12 16:52:00,16.3
2025-06-12 19:07:00,71.2
2025-06-12 07:44:00,18.1
2025-06-12 18:24:00,31.2
2025-06-12 09:22:00,87.5
2025-06-12 10:50:00,65.0
2025-06-12 22:41:00,39.3
2025-06-12 01:29:00,9.2
2025-06-12 22:09:00,50.475078938135894
2025-06-12 10:12:00,50.475078938135894
2025-06-12 13:04:00,89.0
2025-06-12 15:23:00,19.9
2025-06-12 22:33:00,98.7
2025-06-12 14:49:00,50.475078938135894
2025-06-12 07:19:00,45.7
2025-06-12 04:59:00,60.1
2025-06-12 13:06:00,69.1
2025-06-12 07:52:00,91.7
2025-06-12 22:16:00,22.0
2025-06-12 18:59:00,53.6
2025-06-12 18:55:00,23.7
2025-06-12 06:17:00,44.2
2025-06-12 05:39:00,12.7
2025-06-12 18:10:00,50.475078938135894
2025-06-12 19:28:00,99.5
2025-06-12 14:00:00,84.5
2025-06-12 00:43:00,67.4
2025-06-12 02:35:00,69.5
2025-06-12 20:18:00,19.9
2025-06-12 23:39:00,99.7
2025-06-12 05:38:00,43.4
2025-06-12 00:30:00,92.3
2025-06-12 17:06:00,81.7
2025-06-12 13:55:00,89.7
2025-06-12 12:32:00,48.1
2025-06-12 20:07:00,50.475078938135894
2025-06-12 06:56:00,7.9
2025-06-12 20:36:00,29.0
2025-06-12 02:44:00,63.2
2025-06-12 11:07:00,50.475078938135894
2025-06-12 12:51:00,53.0
2025-06-12 14:03:00,75.0
2025-06-12 22:38:00,54.2
2025-06-12 10:57:00,19.1
2025-06-12 12:36:00,61.6
2025-06-12 00:42:00,50.475078938135894
2025-06-12 20:51:00,58.1
2025-06-12 04:50:00,5.2
2025-06-12 14:16:00,50.475078938135894
2025-06-12 00:34:00,35.8
2025-06-12 02:42:00,27.4
2025-06-12 05:40:00,84.3
2025-06-12 07:30:00,54.6
2025-06-12 23:45:00,95.1
2025-06-12 04:23:00,45.2
2025-06-12 01:43:00,25.7
2025-06-12 01:15:00,50.475078938135894
2025-06-12 10:51:00,39.5
2025-06-12 15:57:00,74.8
2025-06-12 23:30:00,16.5
2025-06-12 14:18:00,30.5
2025-06-12 06:10:00,64.6
2025-06-12 17:10:00,6.2
2025-06-12 05:39:00,43.3
2025-06-12 16:10:00,37.6
2025-06-12 01:53:00,8.7
2025-06-12 23:43:00,50.475078938135894
2025-06-12 20:30:00,8.8
2025-06-12 06:31:00,38.0
2025-06-12 19:41:00,50.475078938135894
2025-06-12 16:46:00,65.6
2025-06-12 20:37:00,15.1
2025-06-12 14:39:00,38.0
2025-06-12 23:24:00,42.8
2025-06-12 07:34:00,20.3
2025-06-12 02:56:00,45.3
2025-06-12 15:19:00,83.6
2025-06-12 06:55:00,50.475078938135894
2025-06-12 21:12:00,74.9
2025-06-12 21:17:00,12.5
2025-06-12 09:14:00,91.1
2025-06-12 03:24:00,32.9
2025-06-12 05:06:00,53.8
2025-06-12 17:43:00,69.9
2025-06-12 05:47:00,10.6
2025-06-12 14:58:00,36.0
2025-06-12 12:59:00,18.9
2025-06-12 08:02:00,49.4
2025-06-12 13:15:00,50.475078938135894
2025-06-12 09:56:00,50.475078938135894
2025-06-12 22:41:00,29.2
2025-06-12 09:13:00,36.8
2025-06-12 09:13:00,15.6
2025-06-12 04:20:00,50.475078938135894
2025-06-12 09:36:00,3.1
2025-06-12 08:58:00,61.2
2025-06-12 13:56:00,48.1
2025-06-12 22:02:00,24.5
2025-06-12 20:00:00,97.3
2025-06-12 17:08:00,18.0
2025-06-12 02:40:00,72.1
2025-06-12 01:01:00,59.3
2025-06-12 13:47:00,58.5
2025-06-12 00:02:00,50.475078938135894
2025-06-12 01:07:00,75.3
2025-06-12 15:49:00,13.9
2025-06-12 21:37:00,33.0
2025-06-12 20:40:00,98.6
2025-06-12 13:23:00,34.2
2025-06-12 09:36:00,39.7
2025-06-12 09:48:00,12.3
2025-06-12 17:55:00,63.1
2025-06-12 10:55:00,26.4
2025-06-12 07:08:00,79.3
2025-06-12 03:27:00,72.0
2025-06-12 16:13:00,50.475078938135894
2025-06-12 12:50:00,20.8
2025-06-12 21:21:00,50.475078938135894
2025-06-12 09:27:00,42.3
2025-06-12 22:29:00,38.8
2025-06-12 01:00:00,93.1
2025-06-12 05:13:00,40.5
2025-06-12 19:02:00,60.8
2025-06-12 11:58:00,50.475078938135894
2025-06-12 05:32:00,75.4
2025-06-12 10:30:00,47.4
2025-06-12 08:54:00,20.1
2025-06-12 15:13:00,76.9
2025-06-12 23:05:00,10.7
2025-06-12 17:08:00,33.4
2025-06-12 06:45:00,17.1
2025-06-12 19:26:00,21.4
2025-06-12 09:06:00,50.475078938135894
2025-06-12 07:27:00,50.475078938135894
2025-06-12 01:36:00,50.475078938135894
2025-06-12 21:58:00,58.8
2025-06-12 03:20:00,93.5
2025-06-12 17:31:00,97.1
2025-06-12 03:29:00,68.7
2025-06-12 01:09:00,67.5
2025-06-12 09:34:00,93.2
2025-06-12 13:47:00,50.475078938135894
2025-06-12 11:34:00,80.3
2025-06-12 04:15:00,7.5
2025-06-12 19:00:00,79.8
2025-06-12 10:40:00,50.475078938135894
2025-06-12 16:19:00,0.5
2025-06-12 01:28:00,9.4
2025-06-12 06:41:00,21.6
2025-06-12 09:08:00,31.9
2025-06-12 17:01:00,0.9
2025-06-12 07:31:00,55.6
2025-06-12 21:01:00,15.5
2025-06-12 10:21:00,88.8
2025-06-12 05:59:00,29.6
2025-06-12 03:41:00,14.1
2025-06-12 18:52:00,76.1
2025-06-12 13:57:00,19.0
2025-06-12 15:22:00,95.8
2025-06-12 17:29:00,82.3
2025-06-12 09:30:00,35.0
2025-06-12 02:36:00,47.1
2025-06-12 18:59:00,68.9
2025-06-12 04:46:00,99.4
2025-06-12 02:48:00,10.0
2025-06-12 04:41:00,50.475078938135894
2025-06-12 22:08:00,61.3
2025-06-12 12:15:00,63.0
2025-06-12 20:52:00,70.7
2025-06-12 23:08:00,96.0
2025-06-12 12:28:00,50.475078938135894
2025-06-12 02:26:00,86.4
2025-06-12 23:51:00,57.7
2025-06-12 13:26:00,85.2
2025-06-12 17:49:00,59.8
2025-06-12 20:09:00,49.8
2025-06-12 20:09:00,73.2
2025-06-12 03:01:00,30.4
2025-06-12 04:55:00,50.475078938135894
2025-06-12 11:54:00,84.3
2025-06-12 09:47:00,7.4
2025-06-12 08:17:00,59.8
2025-06-12 17:03:00,38.1
2025-06-12 01:46:00,50.475078938135894
2025-06-12 16:46:00,54.9
2025-06-12 15:09:00,50.475078938135894
2025-06-12 05:25:00,11.8
2025-06-12 16:40:00,46.5
2025-06-12 00:47:00,13.6
2025-06-12 17:40:00,13.1
2025-06-12 07:12:00,79.0
2025-06-12 19:47:00,76.2
2025-06-12 09:31:00,11.4
2025-06-12 10:38:00,14.5
2025-06-12 15:12:00,99.2
2025-06-12 13:34:00,0.8
2025-06-12 16:44:00,11.9
2025-06-12 18:16:00,37.2
2025-06-12 19:15:00,33.0
2025-06-12 09:29:00,93.6
2025-06-12 02:14:00,30.8
2025-06-12 08:59:00,37.2
2025-06-12 19:51:00,48.0
2025-06-12 16:05:00,26.0
2025-06-12 00:44:00,4.3
2025-06-12 03:06:00,43.9
2025-06-12 10:56:00,47.8
2025-06-12 22:17:00,57.5
2025-06-12 03:32:00,59.2
2025-06-12 04:03:00,2.4
2025-06-12 01:17:00,58.1
2025-06-12 16:38:00,55.0
2025-06-12 11:38:00,12.0
2025-06-12 23:30:00,89.5
2025-06-12 15:53:00,50.475078938135894
2025-06-12 02:32:00,50.3
2025-06-12 03:29:00,43.1
2025-06-12 08:39:00,20.2
2025-06-12 17:00:00,50.475078938135894
2025-06-12 10:30:00,47.5
2025-06-12 00:05:00,17.6
2025-06-12 10:54:00,50.475078938135894
2025-06-12 04:55:00,31.3
2025-06-12 08:13:00,68.5
2025-06-12 22:32:00,28.4
2025-06-12 13:43:00,49.5
2025-06-12 18:52:00,81.3
2025-06-12 01:30:00,16.0
2025-06-12 12:33:00,64.8
2025-06-12 14:44:00,93.7
2025-06-12 21:48:00,26.9
2025-06-12 07:23:00,41.9
2025-06-12 18:22:00,59.9
2025-06-12 09:28:00,96.0
2025-06-12 14:17:00,76.1
2025-06-12 04:29:00,63.1
2025-06-12 12:14:00,46.4
2025-06-12 13:30:00,45.6
2025-06-12 03:38:00,1.0
2025-06-12 12:36:00,76.8
2025-06-12 06:48:00,88.7
2025-06-12 11:14:00,13.4
2025-06-12 19:17:00,89.5
2025-06-12 13:41:00,53.4
2025-06-12 05:25:00,50.475078938135894
2025-06-12 01:43:00,54.8
2025-06-12 16:29:00,65.2
2025-06-12 03:10:00,59.5
2025-06-12 22:56:00,17.0
2025-06-12 15:34:00,53.7
2025-06-12 22:09:00,63.2
2025-06-12 14:08:00,14.4
2025-06-12 10:36:00,50.475078938135894
2025-06-12 12:30:00,50.475078938135894
2025-06-12 02:11:00,50.475078938135894
2025-06-12 01:15:00,27.1
2025-06-12 01:58:00,77.6
2025-06-12 03:11:00,31.1
2025-06-12 17:08:00,53.3
2025-06-12 07:15:00,64.3
2025-06-12 09:11:00,85.3
2025-06-12 01:15:00,25.6
2025-06-12 21:51:00,82.5
2025-06-12 14:55:00,24.3
2025-06-12 01:09:00,16.8
2025-06-12 21:28:00,75.2
2025-06-12 19:37:00,93.2
2025-06-12 09:20:00,82.1
2025-06-12 00:14:00,50.475078938135894
2025-06-12 15:27:00,80.6
2025-06-12 14:45:00,38.7
2025-06-12 03:33:00,50.1
2025-06-12 13:19:00,65.8
2025-06-12 22:07:00,18.1
2025-06-12 00:00:00,38.5
2025-06-12 01:45:00,21.8
2025-06-12 02:50:00,4.3
2025-06-12 06:19:00,87.1
2025-06-12 02:50:00,12.1
2025-06-12 20:49:00,2.7
2025-06-12 15:47:00,53.8
2025-06-12 22:59:00,50.492298592215775
2025-06-12 04:42:00,65.4
2025-06-12 16:20:00,92.5
2025-06-12 13:49:00,50.492298592215775
2025-06-12 02:49:00,95.3
2025-06-12 16:55:00,15.6
2025-06-12 12:14:00,58.9
2025-06-12 12:46:00,50.492298592215775
2025-06-12 12:40:00,14.5
2025-06-12 15:28:00,46.3
2025-06-12 11:32:00,96.7
2025-06-12 18:19:00,50.492298592215775
2025-06-12 17:59:00,29.7
2025-06-12 22:48:00,73.7
2025-06-12 03:24:00,35.5
2025-06-12 18:53:00,62.6
2025-06-12 12:48:00,63.6
2025-06-12 02:19:00,2.8
2025-06-12 20:27:00,33.7
2025-06-12 04:37:00,59.9
2025-06-12 14:01:00,30.9
2025-06-12 18:53:00,36.5
2025-06-12 15:10:00,7.3
2025-06-12 19:17:00,54.2
2025-06-12 18:07:00,66.3
2025-06-12 07:26:00,78.3
2025-06-12 19:49:00,30.8
2025-06-12 14:14:00,88.2
2025-06-12 12:03:00,60.7
2025-06-12 06:38:00,98.1
2025-06-12 14:23:00,50.492298592215775
2025-06-12 00:28:00,87.6
2025-06-12 14:31:00,19.5
2025-06-12 23:41:00,84.1
2025-06-12 05:50:00,50.492298592215775
2025-06-12 11:16:00,88.3
2025-06-12 09:15:00,45.1
2025-06-12 05:45:00,20.6
2025-06-12 17:16:00,19.1
2025-06-12 01:48:00,69.4
2025-06-12 17:44:00,59.9
2025-06-12 11:21:00,95.3
2025-06-12 00:52:00,51.1
2025-06-12 15:25:00,81.4
2025-06-12 10:24:00,3.9
2025-06-12 22:14:00,37.8
2025-06-12 14:42:00,14.2
2025-06-12 23:49:00,62.9
2025-06-12 02:38:00,82.7
2025-06-12 14:28:00,26.0
2025-06-12 21:05:00,5.9
2025-06-12 03:08:00,50.492298592215775
2025-06-12 17:55:00,36.2
2025-06-12 21:06:00,46.1
2025-06-12 04:26:00,69.9
2025-06-12 08:24:00,50.492298592215775
2025-06-12 23:30:00,72.1
2025-06-12 15:24:00,89.5
2025-06-12 18:56:00,99.8
2025-06-12 16:16:00,95.4
2025-06-12 15:57:00,14.7
2025-06-12 01:31:00,75.4
2025-06-12 12:55:00,10.5
2025-06-12 17:22:00,89.6
2025-06-12 23:07:00,35.6
2025-06-12 15:00:00,17.9
2025-06-12 06:05:00,50.492298592215775
2025-06-12 21:16:00,14.6
2025-06-12 15:08:00,9.7
2025-06-12 09:18:00,25.1
2025-06-12 13:11:00,65.9
2025-06-12 20:39:00,49.6
2025-06-12 15:25:00,20.7
2025-06-12 14:31:00,54.5
2025-06-12 15:26:00,55.6
2025-06-12 02:24:00,70.3
2025-06-12 20:15:00,52.2
2025-06-12 16:13:00,54.1
2025-06-12 08:56:00,39.8
2025-06-12 07:29:00,49.2
2025-06-12 08:50:00,5.1
2025-06-12 13:41:00,36.6
2025-06-12 17:30:00,64.3
2025-06-12 20:15:00,73.9
2025-06-12 10:29:00,57.0
2025-06-12 18:22:00,80.6
2025-06-12 10:18:00,50.492298592215775
2025-06-12 17:06:00,13.5
2025-06-12 14:31:00,27.4
2025-06-12 10:31:00,59.0
2025-06-12 04:12:00,50.492298592215775
2025-06-12 15:46:00,62.7
2025-06-12 20:19:00,24.3
2025-06-12 20:09:00,50.492298592215775
2025-06-12 11:15:00,6.3
2025-06-12 02:00:00,50.492298592215775
2025-06-12 05:51:00,93.7
2025-06-12 10:30:00,38.1
2025-06-12 09:51:00,86.5
2025-06-12 22:25:00,70.1
2025-06-12 15:16:00,32.3
2025-06-12 20:38:00,4.5
2025-06-12 19:31:00,13.8
2025-06-12 20:13:00,50.492298592215775
2025-06-12 06:04:00,73.4
2025-06-12 23:06:00,69.4
2025-06-12 21:51:00,17.2
2025-06-12 22:36:00,79.4
2025-06-12 00:16:00,62.3
2025-06-12 18:15:00,93.8
2025-06-12 01:38:00,99.0
2025-06-12 08:36:00,4.0
2025-06-12 01:46:00,50.492298592215775
2025-06-12 10:20:00,98.5
2025-06-12 19:09:00,76.2
2025-06-12 05:53:00,13.9
2025-06-12 16:42:00,88.3
2025-06-12 03:39:00,83.3
2025-06-12 04:04:00,52.9
2025-06-12 20:59:00,35.9
2025-06-12 15:53:00,31.4
2025-06-12 15:34:00,81.0
2025-06-12 22:57:00,30.2
2025-06-12 09:42:00,6.7
2025-06-12 13:44:00,36.7
2025-06-12 11:44:00,29.9
2025-06-12 07:32:00,71.8
2025-06-12 01:27:00,27.3
2025-06-12 18:45:00,17.9
2025-06-12 16:53:00,87.3
2025-06-12 08:31:00,49.3
2025-06-12 14:51:00,72.1
2025-06-12 15:31:00,37.2
2025-06-12 23:07:00,98.8
2025-06-12 22:30:00,98.5
2025-06-12 14:36:00,82.3
2025-06-12 23:37:00,65.7
2025-06-12 20:45:00,50.492298592215775
2025-06-12 10:58:00,96.0
2025-06-12 15:10:00,84.9
2025-06-12 23:56:00,34.2
2025-06-12 15:18:00,82.6
2025-06-12 10:16:00,79.5
2025-06-12 08:37:00,8.8
2025-06-12 06:52:00,54.5
2025-06-12 08:02:00,79.7
2025-06-12 14:09:00,55.8
2025-06-12 06:59:00,95.8
2025-06-12 01:05:00,87.8
2025-06-12 17:19:00,33.7
2025-06-12 06:41:00,58.4
2025-06-12 06:59:00,38.5
2025-06-12 23:02:00,40.2
2025-06-12 06:12:00,95.4
2025-06-12 22:00:00,62.8
2025-06-12 17:34:00,50.492298592215775
2025-06-12 10:23:00,92.6
2025-06-12 00:36:00,15.5
2025-06-12 16:37:00,50.492298592215775
2025-06-12 06:08:00,50.492298592215775
2025-06-12 03:45:00,22.5
2025-06-12 21:49:00,95.1
2025-06-12 22:20:00,50.492298592215775
2025-06-12 11:34:00,97.4
2025-06-12 16:37:00,50.492298592215775
2025-06-12 14:08:00,50.492298592215775
2025-06-12 09:23:00,47.6
2025-06-12 13:36:00,9.6
2025-06-12 12:44:00,83.8
2025-06-12 08:21:00,80.2
2025-06-12 19:07:00,47.5
2025-06-12 03:21:00,50.492298592215775
2025-06-12 02:51:00,11.7
2025-06-12 08:58:00,50.492298592215775
2025-06-12 07:49:00,50.492298592215775
2025-06-12 18:40:00,61.0
2025-06-12 12:17:00,43.8
2025-06-12 20:47:00,91.9
2025-06-12 15:59:00,59.7
2025-06-12 13:52:00,67.1
2025-06-12 17:13:00,26.7
2025-06-12 07:46:00,73.6
2025-06-12 06:05:00,81.9
2025-06-12 18:22:00,91.1
2025-06-12 04:15:00,50.492298592215775
2025-06-12 09:54:00,79.3
2025-06-12 03:45:00,42.1
2025-06-12 17:33:00,77.7
2025-06-12 11:05:00,97.0
2025-06-12 15:47:00,34.3
2025-06-12 07:50:00,50.492298592215775
2025-06-12 04:34:00,47.8
2025-06-12 08:03:00,48.3
2025-06-12 08:22:00,27.4
2025-06-12 02:30:00,12.2
2025-06-12 05:26:00,59.3
2025-06-12 12:13:00,92.1
2025-06-12 09:25:00,68.2
2025-06-12 08:34:00,41.4
2025-06-12 23:17:00,50.492298592215775
2025-06-12 21:20:00,46.0
2025-06-12 19:14:00,50.492298592215775
2025-06-12 01:32:00,74.0
2025-06-12 01:11:00,34.5
2025-06-12 21:14:00,20.5
2025-06-12 07:41:00,64.8
2025-06-12 20:20:00,42.4
2025-06-12 11:57:00,99.8
2025-06-12 07:16:00,27.6
2025-06-12 12:30:00,4.5
2025-06-12 22:13:00,76.5
2025-06-12 08:52:00,61.6
2025-06-12 04:45:00,72.9
2025-06-12 23:14:00,87.0
2025-06-12 18:02:00,31.2
2025-06-12 10:05:00,91.8
2025-06-12 10:04:00,50.492298592215775
2025-06-12 05:19:00,56.2
2025-06-12 04:36:00,81.1
2025-06-12 19:07:00,42.2
2025-06-12 13:32:00,57.5
2025-06-12 12:21:00,95.8
2025-06-12 10:03:00,39.8
2025-06-12 15:05:00,21.7
2025-06-12 02:44:00,50.492298592215775
2025-06-12 05:45:00,50.492298592215775
2025-06-12 05:12:00,8.0
2025-06-12 19:40:00,84.9
2025-06-12 03:47:00,2.1
2025-06-12 02:12:00,14.7
2025-06-12 01:37:00,82.2
2025-06-12 19:04:00,50.492298592215775
2025-06-12 20:36:00,48.7
2025-06-12 22:39:00,13.9
2025-06-12 07:26:00,16.8
2025-06-12 23:49:00,8.8
2025-06-12 11:48:00,37.7
2025-06-12 21:10:00,29.9
2025-06-12 15:20:00,50.492298592215775
2025-06-12 15:56:00,51.5
2025-06-12 06:58:00,7.8
2025-06-12 16:53:00,9.1
2025-06-12 08:27:00,82.5
2025-06-12 21:19:00,10.4
2025-06-12 07:28:00,11.1
2025-06-12 19:57:00,27.3
2025-06-12 00:35:00,11.6
2025-06-12 20:30:00,50.492298592215775
2025-06-12 02:32:00,78.6
2025-06-12 06:39:00,86.5
2025-06-12 11:24:00,95.4
2025-06-12 13:28:00,0.2
2025-06-12 00:57:00,73.8
2025-06-12 19:34:00,50.492298592215775
2025-06-12 15:04:00,50.492298592215775
2025-06-12 12:45:00,13.3
2025-06-12 16:01:00,50.492298592215775
2025-06-12 11:01:00,47.7
2025-06-12 11:47:00,79.8
2025-06-12 07:49:00,18.9
2025-06-12 01:39:00,45.2
2025-06-12 00:14:00,76.6
2025-06-12 12:16:00,46.5
2025-06-12 00:13:00,50.492298592215775
2025-06-12 21:45:00,34.7
2025-06-12 16:02:00,51.6
2025-06-12 22:06:00,64.1
2025-06-12 12:35:00,7.5
2025-06-12 11:19:00,30.9
2025-06-12 02:41:00,57.6
2025-06-12 07:08:00,36.4
2025-06-12 14:39:00,74.1
2025-06-12 03:12:00,88.5
2025-06-12 06:44:00,95.2
2025-06-12 07:16:00,52.9
2025-06-12 11:18:00,50.492298592215775
2025-06-12 14:14:00,8.0
2025-06-12 10:08:00,18.0
2025-06-12 19:11:00,69.1
2025-06-12 19:06:00,42.6
2025-06-12 20:28:00,4.8
2025-06-12 22:37:00,50.492298592215775
2025-06-12 01:01:00,27.9
2025-06-12 03:21:00,4.4
2025-06-12 12:07:00,5.1
2025-06-12 18:19:00,19.1
2025-06-12 23:41:00,95.6
2025-06-12 19:09:00,91.2
2025-06-12 02:31:00,53.7
2025-06-12 14:00:00,86.2
2025-06-12 12:33:00,69.2
2025-06-12 12:03:00,50.492298592215775
2025-06-12 03:17:00,50.492298592215775
2025-06-12 00:58:00,69.7
2025-06-12 16:19:00,50.492298592215775
2025-06-12 07:19:00,44.2
2025-06-12 02:05:00,67.3
2025-06-12 09:39:00,68.9
2025-06-12 22:38:00,64.3
2025-06-12 16:08:00,71.8
2025-06-12 05:53:00,2.5
2025-06-12 16:27:00,12.7
2025-06-12 03:38:00,88.8
2025-06-12 04:04:00,68.8
2025-06-12 15:16:00,48.7
2025-06-12 21:56:00,50.492298592215775
2025-06-12 20:26:00,0.9
2025-06-12 08:35:00,58.4
2025-06-12 11:01:00,32.4
2025-06-12 03:52:00,26.8
2025-06-12 17:38:00,50.492298592215775
2025-06-12 19:19:00,27.3
2025-06-12 07:28:00,50.492298592215775
2025-06-12 16:08:00,25.9
2025-06-12 06:32:00,50.492298592215775
2025-06-12 20:09:00,86.1
2025-06-12 06:12:00,84.8
2025-06-12 21:55:00,50.492298592215775
2025-06-12 03:04:00,76.7
2025-06-12 09:52:00,4.7
2025-06-12 14:09:00,60.1
2025-06-12 01:06:00,46.0
2025-06-12 18:56:00,53.5
2025-06-12 21:41:00,83.4
2025-06-12 10:25:00,42.3
2025-06-12 07:31:00,88.5
2025-06-12 21:37:00,20.5
2025-06-12 02:00:00,74.1
2025-06-12 01:02:00,77.4
2025-06-12 03:37:00,8.6
2025-06-12 01:38:00,86.1
2025-06-12 17:15:00,95.0
2025-06-12 23:26:00,50.492298592215775
2025-06-12 14:12:00,50.492298592215775
2025-06-12 16:56:00,88.5
2025-06-12 18:07:00,15.4
2025-06-12 12:39:00,61.5
2025-06-12 14:11:00,69.6
2025-06-12 11:17:00,91.1
2025-06-12 01:31:00,83.4
2025-06-12 06:51:00,91.8
2025-06-12 17:37:00,99.8
2025-06-12 10:18:00,97.9
2025-06-12 14:19:00,17.0
2025-06-12 01:16:00,52.2
2025-06-12 19:59:00,22.9
2025-06-12 13:40:00,89.4
2025-06-12 04:56:00,50.492298592215775
2025-06-12 03:40:00,87.5
2025-06-12 08:03:00,28.4
2025-06-12 05:47:00,65.8
2025-06-12 15:37:00,50.492298592215775
2025-06-12 02:47:00,27.9
2025-06-12 10:32:00,50.8
2025-06-12 11:29:00,27.6
2025-06-12 02:06:00,3.7
2025-06-12 17:04:00,80.8
2025-06-12 01:35:00,50.492298592215775
2025-06-12 14:29:00,64.2
2025-06-12 14:58:00,74.3
2025-06-12 19:55:00,50.190676567656766
2025-06-12 09:24:00,73.7
2025-06-12 20:19:00,50.190676567656766
2025-06-12 02:35:00,50.190676567656766
2025-06-12 06:38:00,11.2
2025-06-12 13:05:00,18.5
2025-06-12 06:41:00,95.7
2025-06-12 05:04:00,98.7
2025-06-12 17:06:00,9.3
2025-06-12 13:44:00,14.4
2025-06-12 00:02:00,81.0
2025-06-12 18:42:00,39.7
2025-06-12 02:55:00,20.2
2025-06-12 17:18:00,19.1
2025-06-12 13:42:00,68.4
2025-06-12 12:05:00,2.0
2025-06-12 23:55:00,50.190676567656766
2025-06-12 15:15:00,32.2
2025-06-12 18:02:00,49.3
2025-06-12 03:51:00,50.190676567656766
2025-06-12 09:17:00,50.190676567656766
2025-06-12 22:24:00,15.5
2025-06-12 04:38:00,51.7
2025-06-12 09:31:00,22.5
2025-06-12 16:17:00,17.3
2025-06-12 13:01:00,68.5
2025-06-12 07:21:00,60.8
2025-06-12 19:41:00,27.9
2025-06-12 02:42:00,20.4
2025-06-12 00:37:00,36.2
2025-06-12 23:09:00,61.4
2025-06-12 09:00:00,92.0
2025-06-12 00:11:00,16.9
2025-06-12 11:11:00,25.7
2025-06-12 22:27:00,5.3
2025-06-12 15:31:00,41.6
2025-06-12 16:53:00,74.8
2025-06-12 14:52:00,2.1
2025-06-12 09:04:00,50.190676567656766
2025-06-12 14:04:00,88.5
2025-06-12 11:24:00,36.7
2025-06-12 21:50:00,39.7
2025-06-12 04:57:00,50.190676567656766
2025-06-12 18:10:00,58.1
2025-06-12 07:24:00,99.2
2025-06-12 04:35:00,21.8
2025-06-12 04:04:00,15.0
2025-06-12 03:18:00,56.9
2025-06-12 19:58:00,19.2
2025-06-12 10:54:00,50.190676567656766
2025-06-12 04:36:00,50.190676567656766
2025-06-12 14:08:00,50.190676567656766
2025-06-12 18:03:00,88.7
2025-06-12 01:49:00,14.7
2025-06-12 03:52:00,22.3
2025-06-12 00:40:00,17.2
2025-06-12 13:40:00,50.190676567656766
2025-06-12 18:18:00,73.6
2025-06-12 15:53:00,47.6
2025-06-12 15:11:00,66.8
2025-06-12 17:19:00,72.0
2025-06-12 05:07:00,9.4
2025-06-12 18:21:00,89.6
2025-06-12 15:54:00,30.5
2025-06-12 01:26:00,50.190676567656766
2025-06-12 01:51:00,43.0
2025-06-12 20:30:00,51.3
2025-06-12 07:49:00,74.2
2025-06-12 05:45:00,9.7
2025-06-12 21:35:00,50.190676567656766
2025-06-12 10:34:00,50.190676567656766
2025-06-12 19:08:00,54.4
2025-06-12 01:08:00,75.3
2025-06-12 00:02:00,18.6
2025-06-12 11:55:00,50.190676567656766
2025-06-12 08:32:00,0.1
2025-06-12 08:24:00,25.9
2025-06-12 00:43:00,1.5
2025-06-12 23:55:00,87.0
2025-06-12 21:07:00,22.1
2025-06-12 13:18:00,1.6
2025-06-12 05:19:00,50.190676567656766
2025-06-12 03:04:00,83.6
2025-06-12 23:03:00,50.190676567656766
2025-06-12 14:48:00,50.190676567656766
2025-06-12 00:32:00,29.0
2025-06-12 22:57:00,82.9
2025-06-12 16:59:00,44.6
2025-06-12 07:12:00,52.9
2025-06-12 12:57:00,50.8
2025-06-12 04:17:00,46.1
2025-06-12 09:10:00,13.0
2025-06-12 14:45:00,62.8
2025-06-12 18:40:00,82.6
2025-06-12 15:36:00,98.7
2025-06-12 15:41:00,19.2
2025-06-12 03:50:00,24.1
2025-06-12 18:09:00,50.190676567656766
2025-06-12 22:30:00,50.190676567656766
2025-06-12 04:34:00,50.190676567656766
2025-06-12 21:29:00,44.9
2025-06-12 14:39:00,75.1
2025-06-12 11:22:00,5.8
2025-06-12 00:50:00,95.3
2025-06-12 06:50:00,52.7
2025-06-12 15:33:00,50.190676567656766
2025-06-12 03:34:00,50.190676567656766
2025-06-12 20:50:00,83.0
2025-06-12 09:50:00,97.2
2025-06-12 14:22:00,95.0
2025-06-12 12:53:00,50.190676567656766
2025-06-12 12:25:00,13.3
2025-06-12 20:39:00,18.1
2025-06-12 22:36:00,25.5
2025-06-12 22:52:00,35.9
2025-06-12 05:38:00,88.0
2025-06-12 01:52:00,83.9
2025-06-12 07:18:00,40.0
2025-06-12 10:03:00,56.6
2025-06-12 06:57:00,50.190676567656766
2025-06-12 08:57:00,24.8
2025-06-12 09:44:00,89.7
2025-06-12 00:01:00,50.190676567656766
2025-06-12 05:58:00,32.4
2025-06-12 08:59:00,35.9
2025-06-12 00:35:00,76.4
2025-06-12 06:37:00,50.190676567656766
2025-06-12 17:27:00,50.190676567656766
2025-06-12 20:58:00,50.190676567656766
2025-06-12 02:44:00,34.9
2025-06-12 14:55:00,92.7
2025-06-12 07:24:00,54.4
2025-06-12 20:35:00,50.190676567656766
2025-06-12 09:26:00,94.3
2025-06-12 23:36:00,22.4
2025-06-12 15:12:00,66.7
2025-06-12 19:54:00,68.7
2025-06-12 12:10:00,20.1
2025-06-12 23:44:00,59.0
2025-06-12 13:34:00,29.7
2025-06-12 19:18:00,35.5
2025-06-12 19:43:00,42.2
2025-06-12 06:49:00,50.190676567656766
2025-06-12 07:47:00,61.6
2025-06-12 07:02:00,21.0
2025-06-12 23:03:00,5.2
2025-06-12 03:50:00,37.6
2025-06-12 01:34:00,42.4
2025-06-12 21:24:00,89.2
2025-06-12 09:29:00,21.6
2025-06-12 18:25:00,62.9
2025-06-12 10:19:00,32.4
2025-06-12 17:58:00,31.3
2025-06-12 13:15:00,50.190676567656766
2025-06-12 22:16:00,50.190676567656766
2025-06-12 10:39:00,50.190676567656766
2025-06-12 20:35:00,26.6
2025-06-12 13:19:00,94.2
2025-06-12 20:10:00,51.8
2025-06-12 05:28:00,14.2
2025-06-12 20:04:00,90.7
2025-06-12 03:54:00,95.1
2025-06-12 04:04:00,71.0
2025-06-12 17:03:00,63.6
2025-06-12 04:23:00,9.9
2025-06-12 19:17:00,19.8
2025-06-12 11:15:00,60.6
2025-06-12 05:55:00,36.6
2025-06-12 03:19:00,66.6
2025-06-12 17:42:00,94.2
2025-06-12 10:21:00,50.190676567656766
2025-06-12 07:16:00,9.7
2025-06-12 14:23:00,51.6
2025-06-12 07:38:00,50.190676567656766
2025-06-12 03:27:00,43.1
2025-06-12 08:31:00,61.8
2025-06-12 01:35:00,54.3
2025-06-12 03:48:00,50.190676567656766
2025-06-12 02:56:00,95.7
2025-06-12 08:45:00,50.190676567656766
2025-06-12 02:29:00,8.5
2025-06-12 19:19:00,19.9
2025-06-12 05:03:00,13.8
2025-06-12 19:05:00,50.190676567656766
2025-06-12 23:46:00,50.190676567656766
2025-06-12 21:57:00,45.6
2025-06-12 04:16:00,17.8
2025-06-12 03:21:00,48.8
2025-06-12 17:23:00,48.8
2025-06-12 06:29:00,5.0
2025-06-12 05:51:00,50.190676567656766
2025-06-12 03:05:00,92.8
2025-06-12 03:11:00,45.8
2025-06-12 16:00:00,50.190676567656766
2025-06-12 16:03:00,25.6
2025-06-12 01:19:00,83.1
2025-06-12 15:10:00,39.9
2025-06-12 22:24:00,49.9
2025-06-12 11:54:00,87.0
2025-06-12 17:57:00,8.1
2025-06-12 07:34:00,13.0
2025-06-12 07:37:00,2.1
2025-06-12 03:07:00,50.190676567656766
2025-06-12 00:37:00,86.0
2025-06-12 10:32:00,57.0
2025-06-12 06:54:00,80.7
2025-06-12 02:59:00,15.1
2025-06-12 21:36:00,11.4
2025-06-12 08:23:00,18.8
2025-06-12 18:10:00,50.190676567656766
2025-06-12 17:39:00,50.7
2025-06-12 11:20:00,50.190676567656766
2025-06-12 20:13:00,88.1
2025-06-12 10:24:00,9.8
2025-06-12 17:24:00,88.3
2025-06-12 02:39:00,69.7
2025-06-12 09:33:00,29.2
2025-06-12 04:16:00,96.9
2025-06-12 10:51:00,82.3
2025-06-12 16:55:00,80.7
2025-06-12 22:27:00,78.1
2025-06-12 07:06:00,74.0
2025-06-12 17:30:00,100.0
2025-06-12 12:49:00,46.8
2025-06-12 17:23:00,12.3
2025-06-12 13:03:00,67.6
2025-06-12 08:34:00,50.190676567656766
2025-06-12 00:07:00,89.2
2025-06-12 11:47:00,10.3
2025-06-12 13:41:00,40.3
2025-06-12 13:04:00,43.5
2025-06-12 08:19:00,19.5
2025-06-12 23:48:00,50.190676567656766
2025-06-12 07:49:00,50.190676567656766
2025-06-12 12:29:00,98.2
2025-06-12 11:33:00,64.5
2025-06-12 14:45:00,58.9
2025-06-12 13:17:00,20.8
2025-06-12 11:25:00,50.190676567656766
2025-06-12 21:20:00,24.0
2025-06-12 12:59:00,50.190676567656766
2025-06-12 14:39:00,97.4
2025-06-12 20:53:00,43.0
2025-06-12 21:49:00,45.9
2025-06-12 23:09:00,4.3
2025-06-12 15:50:00,50.190676567656766
2025-06-12 10:18:00,80.6
2025-06-12 09:06:00,95.1
2025-06-12 00:42:00,24.1
2025-06-12 19:08:00,50.190676567656766
2025-06-12 04:08:00,30.7
2025-06-12 05:02:00,33.9
2025-06-12 03:18:00,57.2
2025-06-12 06:39:00,4.9
2025-06-12 07:16:00,86.7
2025-06-12 07:15:00,46.7
2025-06-12 18:55:00,19.7
2025-06-12 21:30:00,69.0
2025-06-12 10:45:00,31.2
2025-06-12 13:40:00,91.6
2025-06-12 09:27:00,50.190676567656766
2025-06-12 06:55:00,57.3
2025-06-12 05:02:00,14.2
2025-06-12 09:51:00,62.2
2025-06-12 00:53:00,13.0
2025-06-12 20:27:00,98.3
2025-06-12 17:05:00,5.0
2025-06-12 12:33:00,58.0
2025-06-12 13:51:00,80.2
2025-06-12 14:24:00,2.8
2025-06-12 01:48:00,14.2
2025-06-12 19:39:00,32.4
2025-06-12 03:35:00,97.0
2025-06-12 08:22:00,50.190676567656766
2025-06-12 06:35:00,51.0
2025-06-12 15:12:00,20.0
2025-06-12 11:51:00,57.4
2025-06-12 19:21:00,29.4
2025-06-12 14:40:00,3.8
2025-06-12 17:53:00,18.1
2025-06-12 17:29:00,50.190676567656766
2025-06-12 22:27:00,48.7
2025-06-12 04:11:00,4.6
2025-06-12 19:41:00,88.7
2025-06-12 00:06:00,25.8
2025-06-12 05:13:00,14.6
2025-06-12 03:12:00,96.5
2025-06-12 03:48:00,45.3
2025-06-12 13:49:00,34.4
2025-06-12 06:25:00,59.3
2025-06-12 12:53:00,47.1
2025-06-12 23:42:00,42.5
2025-06-12 12:56:00,25.1
2025-06-12 21:28:00,50.8
2025-06-12 22:00:00,50.7
2025-06-12 08:57:00,15.3
2025-06-12 22:00:00,97.5
2025-06-12 10:18:00,50.190676567656766
2025-06-12 02:11:00,7.3
2025-06-12 19:28:00,50.190676567656766
2025-06-12 02:59:00,61.0
2025-06-12 11:43:00,54.3
2025-06-12 21:23:00,81.2
2025-06-12 23:04:00,29.8
2025-06-12 03:47:00,13.3
2025-06-12 00:10:00,10.7
2025-06-12 09:41:00,15.8
2025-06-12 16:59:00,5.8
2025-06-12 17:37:00,60.5
2025-06-12 11:46:00,95.9
2025-06-12 10:46:00,28.4
2025-06-12 00:56:00,50.190676567656766
2025-06-12 08:28:00,60.6
2025-06-12 09:35:00,33.6
2025-06-12 21:07:00,16.5
2025-06-12 14:50:00,86.8
2025-06-12 19:17:00,75.9
2025-06-12 05:53:00,12.4
2025-06-12 02:34:00,96.2
2025-06-12 12:45:00,4.4
2025-06-12 17:21:00,53.2
2025-06-12 02:31:00,60.6
2025-06-12 17:09:00,34.0
2025-06-12 07:11:00,7.4
2025-06-12 03:16:00,54.0
2025-06-12 07:11:00,50.190676567656766
2025-06-12 15:29:00,50.190676567656766
2025-06-12 18:29:00,40.9
2025-06-12 16:33:00,52.3
2025-06-12 05:06:00,22.1
2025-06-12 01:58:00,97.9
2025-06-12 15:33:00,65.3
2025-06-12 17:35:00,78.8
2025-06-12 11:31:00,6.6
2025-06-12 22:54:00,27.2
2025-06-12 06:14:00,66.0
2025-06-12 03:22:00,36.0
2025-06-12 15:15:00,74.5
2025-06-12 04:41:00,91.0
2025-06-12 07:33:00,49.0
2025-06-12 21:18:00,65.7
2025-06-12 10:34:00,18.3
2025-06-12 16:50:00,50.190676567656766
2025-06-12 20:54:00,99.9
2025-06-12 21:36:00,15.7
2025-06-12 02:42:00,23.7
2025-06-12 13:17:00,19.0
2025-06-12 18:07:00,49.69925181201777
2025-06-12 01:02:00,13.4
2025-06-12 01:29:00,58.5
2025-06-12 11:59:00,99.1
2025-06-12 17:44:00,17.3
2025-06-12 20:25:00,49.69925181201777
2025-06-12 09:33:00,42.7
2025-06-12 22:28:00,28.6
2025-06-12 19:53:00,49.69925181201777
2025-06-12 17:03:00,0.2
2025-06-12 08:49:00,1.9
2025-06-12 19:25:00,63.5
2025-06-12 10:56:00,96.5
2025-06-12 16:19:00,49.69925181201777
2025-06-12 20:04:00,76.2
2025-06-12 22:53:00,49.69925181201777
2025-06-12 20:31:00,69.7
2025-06-12 01:09:00,6.0
2025-06-12 15:12:00,47.5
2025-06-12 05:00:00,49.69925181201777
2025-06-12 07:26:00,29.5
2025-06-12 02:13:00,0.8
2025-06-12 16:35:00,44.7
2025-06-12 23:17:00,31.7
2025-06-12 02:51:00,61.3
2025-06-12 20:27:00,21.9
2025-06-12 12:18:00,49.3
2025-06-12 14:27:00,48.8
2025-06-12 09:54:00,66.3
2025-06-12 11:03:00,50.4
2025-06-12 09:06:00,94.6
2025-06-12 02:36:00,20.1
2025-06-12 20:22:00,36.8
2025-06-12 17:28:00,49.69925181201777
2025-06-12 21:37:00,23.2
2025-06-12 20:00:00,76.5
2025-06-12 23:53:00,18.1
2025-06-12 08:53:00,100.0
2025-06-12 16:47:00,71.1
2025-06-12 14:50:00,87.0
2025-06-12 15:28:00,69.4
2025-06-12 19:32:00,36.3
2025-06-12 13:07:00,86.8
2025-06-12 15:16:00,20.1
2025-06-12 07:27:00,35.3
2025-06-12 06:10:00,49.69925181201777
2025-06-12 21:18:00,18.6
2025-06-12 23:50:00,65.9
2025-06-12 08:44:00,84.8
2025-06-12 16:05:00,89.6
2025-06-12 15:58:00,25.0
2025-06-12 01:17:00,17.8
2025-06-12 22:43:00,51.2
2025-06-12 07:17:00,49.69925181201777
2025-06-12 20:08:00,41.0
2025-06-12 11:50:00,49.9
2025-06-12 21:38:00,4.7
2025-06-12 04:18:00,79.4
2025-06-12 13:33:00,92.6
2025-06-12 08:22:00,29.4
2025-06-12 14:40:00,8.6
2025-06-12 04:04:00,70.5
2025-06-12 01:41:00,85.2
2025-06-12 19:04:00,4.1
2025-06-12 23:03:00,49.69925181201777
2025-06-12 14:25:00,23.8
2025-06-12 01:12:00,15.0
2025-06-12 05:56:00,45.3
2025-06-12 20:42:00,48.9
2025-06-12 22:18:00,30.2
2025-06-12 14:26:00,34.1
2025-06-12 22:22:00,29.0
2025-06-12 17:46:00,78.2
2025-06-12 12:56:00,80.6
2025-06-12 01:00:00,8.8
2025-06-12 23:41:00,98.9
2025-06-12 06:12:00,49.69925181201777
2025-06-12 02:53:00,41.6
2025-06-12 13:53:00,53.2
2025-06-12 11:49:00,10.0
2025-06-12 22:22:00,21.2
2025-06-12 02:46:00,24.3
2025-06-12 21:44:00,28.1
2025-06-12 19:05:00,40.0
2025-06-12 06:30:00,60.6
2025-06-12 03:08:00,26.1
2025-06-12 17:13:00,1.1
2025-06-12 16:58:00,43.4
2025-06-12 03:12:00,29.6
2025-06-12 03:56:00,81.8
2025-06-12 20:08:00,49.69925181201777
2025-06-12 21:25:00,90.2
2025-06-12 06:29:00,49.69925181201777
2025-06-12 10:35:00,63.0
2025-06-12 10:25:00,30.2
2025-06-12 04:53:00,60.0
2025-06-12 22:43:00,90.8
2025-06-12 18:13:00,86.4
2025-06-12 13:37:00,79.2
2025-06-12 03:36:00,49.69925181201777
2025-06-12 09:09:00,26.1
2025-06-12 03:07:00,64.0
2025-06-12 10:33:00,47.0
2025-06-12 19:58:00,39.7
2025-06-12 12:44:00,49.69925181201777
2025-06-12 16:26:00,68.5
2025-06-12 01:39:00,81.5
2025-06-12 22:32:00,42.8
2025-06-12 15:22:00,26.9
2025-06-12 02:15:00,49.69925181201777
2025-06-12 23:34:00,29.5
2025-06-12 04:14:00,26.5
2025-06-12 07:39:00,58.1
2025-06-12 05:22:00,49.69925181201777
2025-06-12 22:30:00,60.1
2025-06-12 17:28:00,63.9
2025-06-12 20:08:00,98.6
2025-06-12 20:35:00,86.2
2025-06-12 01:04:00,69.4
2025-06-12 04:48:00,59.6
2025-06-12 20:55:00,98.2
2025-06-12 11:41:00,49.69925181201777
2025-06-12 04:34:00,17.0
2025-06-12 18:58:00,25.6
2025-06-12 17:58:00,91.0
2025-06-12 03:04:00,79.8
2025-06-12 22:49:00,10.9
2025-06-12 08:26:00,45.2
2025-06-12 02:47:00,64.4
2025-06-12 10:25:00,49.69925181201777
2025-06-12 04:01:00,61.5
2025-06-12 04:36:00,43.4
2025-06-12 14:18:00,49.69925181201777
2025-06-12 07:41:00,13.1
2025-06-12 01:23:00,98.6
2025-06-12 14:47:00,68.5
2025-06-12 13:03:00,25.2
2025-06-12 16:43:00,12.2
2025-06-12 06:12:00,72.2
2025-06-12 18:48:00,71.6
2025-06-12 06:54:00,60.6
2025-06-12 22:30:00,67.5
2025-06-12 16:58:00,73.8
2025-06-12 19:15:00,13.9
2025-06-12 19:33:00,49.69925181201777
2025-06-12 19:36:00,0.7
2025-06-12 01:02:00,23.0
2025-06-12 11:07:00,85.0
2025-06-12 19:23:00,49.69925181201777
2025-06-12 11:11:00,68.8
2025-06-12 17:48:00,95.6
2025-06-12 04:22:00,61.0
2025-06-12 09:12:00,24.1
2025-06-12 11:34:00,79.7
2025-06-12 15:46:00,27.7
2025-06-12 08:15:00,49.69925181201777
2025-06-12 17:40:00,41.7
2025-06-12 22:20:00,37.6
2025-06-12 11:54:00,94.2
2025-06-12 17:18:00,24.7
2025-06-12 16:22:00,49.69925181201777
2025-06-12 22:50:00,65.3
2025-06-12 01:40:00,95.9
2025-06-12 04:46:00,49.69925181201777
2025-06-12 14:04:00,49.69925181201777
2025-06-12 20:45:00,45.0
2025-06-12 10:38:00,22.2
2025-06-12 04:16:00,49.69925181201777
2025-06-12 06:07:00,10.9
2025-06-12 07:20:00,71.9
2025-06-12 23:49:00,87.7
2025-06-12 15:58:00,74.1
2025-06-12 13:12:00,99.1
2025-06-12 15:20:00,45.9
2025-06-12 01:30:00,54.2
2025-06-12 01:01:00,50.6
2025-06-12 05:41:00,50.8
2025-06-12 22:20:00,49.69925181201777
2025-06-12 04:58:00,51.8
2025-06-12 22:08:00,53.8
2025-06-12 05:49:00,53.6
2025-06-12 01:51:00,49.69925181201777
2025-06-12 12:33:00,11.9
2025-06-12 22:26:00,36.4
2025-06-12 22:43:00,8.2
2025-06-12 11:27:00,83.9
2025-06-12 12:02:00,19.2
2025-06-12 07:21:00,70.3
2025-06-12 21:05:00,94.9
2025-06-12 19:02:00,95.7
2025-06-12 11:36:00,49.69925181201777
2025-06-12 11:46:00,26.9
2025-06-12 02:30:00,90.0
2025-06-12 11:30:00,61.2
2025-06-12 04:09:00,9.6
2025-06-12 16:20:00,38.5
2025-06-12 00:03:00,61.7
2025-06-12 10:02:00,93.1
2025-06-12 21:17:00,94.9
2025-06-12 18:35:00,49.69925181201777
2025-06-12 04:29:00,55.5
2025-06-12 17:56:00,49.69925181201777
2025-06-12 20:03:00,96.3
2025-06-12 08:11:00,38.6
2025-06-12 17:42:00,47.7
2025-06-12 08:32:00,49.69925181201777
2025-06-12 07:20:00,53.8
2025-06-12 15:04:00,60.4
2025-06-12 09:18:00,49.69925181201777
2025-06-12 02:22:00,28.7
2025-06-12 23:23:00,33.9
2025-06-12 11:11:00,83.6
2025-06-12 13:54:00,73.6
2025-06-12 03:02:00,87.7
2025-06-12 17:43:00,99.0
2025-06-12 03:36:00,52.7
2025-06-12 17:26:00,56.4
2025-06-12 06:14:00,9.9
2025-06-12 16:39:00,69.5
2025-06-12 18:53:00,78.5
2025-06-12 19:55:00,82.9
2025-06-12 17:56:00,56.9
2025-06-12 16:29:00,45.1
2025-06-12 09:20:00,58.0
2025-06-12 01:30:00,39.3
2025-06-12 03:09:00,52.5
2025-06-12 06:27:00,76.8
2025-06-12 14:08:00,14.6
2025-06-12 01:33:00,18.1
2025-06-12 19:36:00,49.69925181201777
2025-06-12 08:03:00,0.4
2025-06-12 06:35:00,74.1
2025-06-12 03:50:00,79.3
2025-06-12 02:11:00,96.5
2025-06-12 04:59:00,87.6
2025-06-12 14:22:00,46.5
2025-06-12 06:56:00,99.4
2025-06-12 05:09:00,49.69925181201777
2025-06-12 23:41:00,71.4
2025-06-12 16:19:00,49.69925181201777
2025-06-12 01:57:00,2.8
2025-06-12 15:38:00,49.69925181201777
2025-06-12 15:55:00,49.69925181201777
2025-06-12 14:58:00,57.3
2025-06-12 05:23:00,67.7
2025-06-12 22:17:00,6.6
2025-06-12 04:20:00,69.4
2025-06-12 16:37:00,35.2
2025-06-12 07:43:00,63.8
2025-06-12 15:00:00,5.5
2025-06-12 14:35:00,67.1
2025-06-12 12:56:00,37.5
2025-06-12 17:48:00,16.9
2025-06-12 07:13:00,69.7
2025-06-12 00:08:00,83.9
2025-06-12 01:47:00,4.3
2025-06-12 22:41:00,22.2
2025-06-12 16:38:00,50.2
2025-06-12 23:01:00,19.4
2025-06-12 22:06:00,88.1
2025-06-12 03:36:00,70.6
2025-06-12 17:18:00,48.0
2025-06-12 23:49:00,54.8
2025-06-12 15:54:00,35.4
2025-06-12 01:39:00,53.5
2025-06-12 01:04:00,82.0
2025-06-12 15:30:00,36.5
2025-06-12 06:11:00,18.6
2025-06-12 22:39:00,58.2
2025-06-12 11:42:00,23.5
2025-06-12 05:59:00,3.2
2025-06-12 10:34:00,75.5
2025-06-12 01:16:00,49.69925181201777
2025-06-12 04:01:00,17.5
2025-06-12 08:11:00,76.1
2025-06-12 07:31:00,49.69925181201777
2025-06-12 17:05:00,27.8
2025-06-12 02:15:00,25.0
2025-06-12 23:53:00,49.69925181201777
2025-06-12 06:32:00,93.6
2025-06-12 18:55:00,6.4
2025-06-12 11:05:00,42.0
2025-06-12 15:08:00,49.69925181201777
2025-06-12 11:56:00,44.1
2025-06-12 09:24:00,69.6
2025-06-12 22:39:00,96.4
2025-06-12 08:17:00,28.3
2025-06-12 08:41:00,49.69925181201777
2025-06-12 17:49:00,61.2
2025-06-12 10:48:00,83.6
2025-06-12 04:25:00,34.4
2025-06-12 10:34:00,49.69925181201777
2025-06-12 17:39:00,24.1
2025-06-12 00:47:00,79.0
2025-06-12 03:52:00,18.3
2025-06-12 12:55:00,49.69925181201777
2025-06-12 13:40:00,83.0
2025-06-12 18:16:00,84.2
2025-06-12 19:38:00,72.4
2025-06-12 13:16:00,85.6
2025-06-12 05:01:00,2.7
2025-06-12 10:16:00,9.8
2025-06-12 11:39:00,1.7
2025-06-12 10:45:00,63.2
2025-06-12 14:46:00,74.5
2025-06-12 07:56:00,9.6
2025-06-12 14:41:00,85.5
2025-06-12 20:35:00,93.5
2025-06-12 23:57:00,97.7
2025-06-12 15:56:00,9.7
2025-06-12 03:54:00,22.1
2025-06-12 02:30:00,49.69925181201777
2025-06-12 08:28:00,18.7
2025-06-12 20:14:00,1.7
2025-06-12 02:06:00,8.5
2025-06-12 05:10:00,39.8
2025-06-12 08:19:00,79.3
2025-06-12 12:33:00,92.1
2025-06-12 17:41:00,18.2
2025-06-12 02:19:00,86.6
2025-06-12 17:19:00,49.69925181201777
2025-06-12 20:14:00,61.6
2025-06-12 16:08:00,82.5
2025-06-12 09:37:00,91.4
2025-06-12 15:02:00,54.1
2025-06-12 19:27:00,49.69925181201777
2025-06-12 18:47:00,97.5
2025-06-12 01:16:00,10.7
2025-06-12 15:00:00,29.0
2025-06-12 14:02:00,27.7
2025-06-12 01:29:00,49.69925181201777
2025-06-12 13:10:00,11.8
2025-06-12 12:27:00,30.6
2025-06-12 22:40:00,29.7
2025-06-12 08:11:00,20.8
2025-06-12 11:20:00,61.8
2025-06-12 08:53:00,74.9
2025-06-12 15:22:00,92.7
2025-06-12 14:58:00,20.4
2025-06-12 10:47:00,46.5
2025-06-12 18:37:00,50.9
2025-06-12 12:31:00,49.69925181201777
2025-06-12 16:22:00,71.3
2025-06-12 12:53:00,49.69925181201777
2025-06-12 00:17:00,4.1
2025-06-12 19:52:00,33.4
2025-06-12 15:45:00,81.9
2025-06-12 13:15:00,48.5
2025-06-12 16:04:00,87.9
2025-06-12 20:44:00,65.2
2025-06-12 23:35:00,8.1
2025-06-12 05:05:00,67.1
2025-06-12 00:36:00,98.8
2025-06-12 02:31:00,39.6
2025-06-12 19:14:00,50.15234640140434
2025-06-12 05:52:00,83.9
2025-06-12 18:40:00,11.3
2025-06-12 09:54:00,21.8
2025-06-12 14:14:00,94.8
2025-06-12 05:54:00,4.5
2025-06-12 18:17:00,50.15234640140434
2025-06-12 11:11:00,8.0
2025-06-12 13:54:00,36.6
2025-06-12 14:27:00,67.6
2025-06-12 06:49:00,50.15234640140434
2025-06-12 14:35:00,88.8
2025-06-12 18:56:00,57.9
2025-06-12 23:18:00,82.4
2025-06-12 23:50:00,42.8
2025-06-12 18:18:00,5.6
2025-06-12 06:48:00,50.15234640140434
2025-06-12 21:48:00,50.15234640140434
2025-06-12 15:33:00,67.3
2025-06-12 10:10:00,61.4
2025-06-12 22:32:00,71.9
2025-06-12 11:37:00,14.7
2025-06-12 11:24:00,65.7
2025-06-12 20:05:00,9.6
2025-06-12 05:29:00,16.9
2025-06-12 02:20:00,12.8
2025-06-12 15:33:00,59.6
2025-06-12 18:32:00,10.4
2025-06-12 23:22:00,49.3
2025-06-12 11:16:00,50.15234640140434
2025-06-12 13:37:00,58.7
2025-06-12 12:27:00,59.0
2025-06-12 05:46:00,33.5
2025-06-12 12:49:00,50.15234640140434
2025-06-12 16:04:00,22.2
2025-06-12 09:40:00,50.15234640140434
2025-06-12 17:25:00,67.9
2025-06-12 18:49:00,72.3
2025-06-12 15:24:00,16.4
2025-06-12 23:36:00,35.9
2025-06-12 22:53:00,4.5
2025-06-12 15:13:00,39.8
2025-06-12 13:26:00,83.4
2025-06-12 16:57:00,90.5
2025-06-12 21:13:00,78.4
2025-06-12 16:29:00,35.5
2025-06-12 19:36:00,97.3
2025-06-12 14:09:00,50.15234640140434
2025-06-12 12:08:00,50.7
2025-06-12 13:58:00,71.8
2025-06-12 08:09:00,47.4
2025-06-12 23:01:00,89.5
2025-06-12 21:53:00,93.1
2025-06-12 07:09:00,61.0
2025-06-12 23:15:00,50.15234640140434
2025-06-12 02:59:00,50.15234640140434
2025-06-12 04:36:00,43.4
2025-06-12 01:57:00,68.6
2025-06-12 15:31:00,50.15234640140434
2025-06-12 18:58:00,42.8
2025-06-12 19:53:00,94.6
2025-06-12 15:02:00,51.7
2025-06-12 05:47:00,98.8
2025-06-12 15:19:00,50.5
2025-06-12 03:08:00,0.0
2025-06-12 13:21:00,50.15234640140434
2025-06-12 11:36:00,18.8
2025-06-12 10:38:00,87.9
2025-06-12 12:49:00,50.15234640140434
2025-06-12 17:06:00,68.6
2025-06-12 10:05:00,87.4
2025-06-12 01:18:00,63.9
2025-06-12 22:38:00,75.3
2025-06-12 13:32:00,50.15234640140434
2025-06-12 15:47:00,50.15234640140434
2025-06-12 12:31:00,4.8
2025-06-12 14:15:00,87.5
2025-06-12 10:52:00,15.2
2025-06-12 21:21:00,25.1
2025-06-12 21:22:00,50.15234640140434
2025-06-12 22:30:00,7.2
2025-06-12 02:19:00,50.15234640140434
2025-06-12 23:40:00,89.0
2025-06-12 10:36:00,50.15234640140434
2025-06-12 05:37:00,91.1
2025-06-12 17:59:00,47.4
2025-06-12 11:01:00,3.7
2025-06-12 11:03:00,97.0
2025-06-12 19:01:00,5.1
2025-06-12 05:44:00,50.15234640140434
2025-06-12 10:15:00,90.6
2025-06-12 00:40:00,21.2
2025-06-12 19:57:00,11.3
2025-06-12 07:06:00,87.0
2025-06-12 10:49:00,99.0
2025-06-12 22:21:00,89.9
2025-06-12 00:17:00,6.5
2025-06-12 10:17:00,95.0
2025-06-12 04:50:00,58.5
2025-06-12 13:47:00,43.2
2025-06-12 11:51:00,57.0
2025-06-12 22:35:00,84.9
2025-06-12 10:15:00,90.0
2025-06-12 01:42:00,34.6
2025-06-12 20:46:00,3.8
2025-06-12 23:05:00,13.6
2025-06-12 02:52:00,46.5
2025-06-12 02:17:00,16.5
2025-06-12 22:06:00,67.0
2025-06-12 06:51:00,89.1
2025-06-12 08:16:00,32.9
2025-06-12 11:48:00,34.7
2025-06-12 10:39:00,15.3
2025-06-12 22:20:00,68.5
2025-06-12 02:16:00,23.0
2025-06-12 11:33:00,98.5
2025-06-12 19:07:00,72.8
2025-06-12 17:58:00,50.15234640140434
2025-06-12 08:23:00,62.4
2025-06-12 16:30:00,28.6
2025-06-12 10:18:00,14.7
2025-06-12 20:58:00,7.6
2025-06-12 03:06:00,50.15234640140434
2025-06-12 12:04:00,54.4
2025-06-12 19:13:00,50.15234640140434
2025-06-12 05:21:00,50.15234640140434
2025-06-12 02:56:00,50.15234640140434
2025-06-12 16:52:00,88.5
2025-06-12 11:58:00,11.8
2025-06-12 04:33:00,66.5
2025-06-12 08:55:00,50.15234640140434
2025-06-12 10:23:00,6.5
2025-06-12 20:03:00,44.4
2025-06-12 09:53:00,0.8
2025-06-12 02:34:00,69.3
2025-06-12 19:13:00,22.5
2025-06-12 00:47:00,50.4
2025-06-12 11:02:00,19.2
2025-06-12 11:04:00,46.2
2025-06-12 10:57:00,47.9
2025-06-12 02:16:00,50.15234640140434
2025-06-12 05:43:00,39.9
2025-06-12 07:12:00,50.15234640140434
2025-06-12 08:46:00,27.4
2025-06-12 02:17:00,89.1
2025-06-12 11:46:00,72.4
2025-06-12 04:02:00,68.6
2025-06-12 05:18:00,48.5
2025-06-12 15:30:00,57.7
2025-06-12 17:44:00,55.7
2025-06-12 17:11:00,2.4
2025-06-12 15:29:00,43.2
2025-06-12 19:59:00,40.9
2025-06-12 02:40:00,13.4
2025-06-12 05:03:00,76.5
2025-06-12 21:11:00,50.15234640140434
2025-06-12 22:17:00,4.6
2025-06-12 20:36:00,37.9
2025-06-12 05:36:00,40.6
2025-06-12 04:48:00,50.15234640140434
2025-06-12 16:07:00,70.8
2025-06-12 11:25:00,54.3
2025-06-12 19:39:00,11.8
2025-06-12 19:14:00,93.2
2025-06-12 15:00:00,37.8
2025-06-12 13:08:00,19.4
2025-06-12 19:02:00,56.3
2025-06-12 07:46:00,43.8
2025-06-12 07:38:00,76.8
2025-06-12 12:27:00,28.9
2025-06-12 19:35:00,18.2
2025-06-12 23:55:00,50.15234640140434
2025-06-12 15:42:00,98.0
2025-06-12 09:49:00,33.3
2025-06-12 23:22:00,63.4
2025-06-12 05:02:00,67.1
2025-06-12 14:38:00,50.15234640140434
2025-06-12 15:57:00,32.3
2025-06-12 17:38:00,59.7
2025-06-12 10:03:00,50.15234640140434
2025-06-12 01:06:00,26.6
2025-06-12 19:03:00,60.0
2025-06-12 11:44:00,19.9
2025-06-12 20:34:00,14.8
2025-06-12 23:20:00,52.4
2025-06-12 10:49:00,50.15234640140434
2025-06-12 17:06:00,89.6
2025-06-12 07:12:00,78.3
2025-06-12 02:10:00,15.3
2025-06-12 09:39:00,49.2
2025-06-12 03:15:00,21.3
2025-06-12 06:07:00,60.8
2025-06-12 08:43:00,62.1
2025-06-12 00:40:00,66.4
2025-06-12 14:09:00,84.5
2025-06-12 12:10:00,50.15234640140434
2025-06-12 07:52:00,32.3
2025-06-12 00:11:00,44.5
2025-06-12 11:06:00,25.7
2025-06-12 08:32:00,50.15234640140434
2025-06-12 08:26:00,50.15234640140434
2025-06-12 07:04:00,45.4
2025-06-12 23:20:00,50.15234640140434
2025-06-12 12:18:00,50.15234640140434
2025-06-12 04:11:00,77.9
2025-06-12 14:44:00,59.5
2025-06-12 13:00:00,45.3
2025-06-12 21:54:00,50.15234640140434
2025-06-12 20:39:00,13.7
2025-06-12 08:53:00,61.1
2025-06-12 03:45:00,96.6
2025-06-12 14:36:00,50.15234640140434
2025-06-12 10:51:00,95.4
2025-06-12 14:37:00,50.15234640140434
2025-06-12 08:26:00,52.3
2025-06-12 20:58:00,54.9
2025-06-12 15:34:00,50.15234640140434
2025-06-12 12:12:00,80.7
2025-06-12 12:05:00,14.5
2025-06-12 19:23:00,50.15234640140434
2025-06-12 23:14:00,94.6
2025-06-12 20:52:00,17.7
2025-06-12 13:24:00,85.7
2025-06-12 02:06:00,57.8
2025-06-12 12:20:00,35.7
2025-06-12 01:01:00,51.0
2025-06-12 16:01:00,85.9
2025-06-12 09:53:00,32.9
2025-06-12 22:31:00,4.1
2025-06-12 16:44:00,50.15234640140434
2025-06-12 06:43:00,50.15234640140434
2025-06-12 19:29:00,34.9
2025-06-12 03:08:00,92.4
2025-06-12 12:56:00,61.4
2025-06-12 19:28:00,73.5
2025-06-12 11:13:00,54.8
2025-06-12 09:36:00,70.6
2025-06-12 02:28:00,88.3
2025-06-12 18:40:00,73.5
2025-06-12 07:42:00,99.5
2025-06-12 04:09:00,6.3
2025-06-12 23:58:00,67.5
2025-06-12 23:07:00,40.1
2025-06-12 13:45:00,10.2
2025-06-12 04:45:00,34.2
2025-06-12 13:44:00,99.2
2025-06-12 10:13:00,63.8
2025-06-12 22:46:00,68.1
2025-06-12 18:50:00,50.15234640140434
2025-06-12 09:06:00,33.2
2025-06-12 01:47:00,86.8
2025-06-12 21:25:00,26.2
2025-06-12 06:32:00,86.4
2025-06-12 12:47:00,50.15234640140434
2025-06-12 01:55:00,71.3
2025-06-12 12:24:00,11.1
2025-06-12 11:21:00,40.6
2025-06-12 19:50:00,47.5
2025-06-12 16:43:00,65.7
2025-06-12 12:18:00,19.2
2025-06-12 15:14:00,50.15234640140434
2025-06-12 00:42:00,67.3
2025-06-12 20:27:00,59.0
2025-06-12 12:03:00,50.8
2025-06-12 23:31:00,66.0
2025-06-12 10:55:00,65.2
2025-06-12 20:27:00,13.0
2025-06-12 18:30:00,19.9
2025-06-12 23:16:00,61.0
2025-06-12 18:12:00,9.2
2025-06-12 04:44:00,61.5
2025-06-12 11:05:00,39.2
2025-06-12 05:25:00,9.6
2025-06-12 06:37:00,16.6
2025-06-12 13:23:00,89.3
2025-06-12 21:44:00,82.8
2025-06-12 03:12:00,37.6
2025-06-12 18:58:00,97.1
2025-06-12 12:59:00,73.9
2025-06-12 06:07:00,18.6
2025-06-12 14:20:00,50.15234640140434
2025-06-12 10:57:00,28.2
2025-06-12 03:18:00,83.4
2025-06-12 02:16:00,39.7
2025-06-12 19:48:00,27.3
2025-06-12 18:06:00,69.2
2025-06-12 00:50:00,82.2
2025-06-12 22:15:00,17.0
2025-06-12 18:45:00,6.9
2025-06-12 01:15:00,5.3
2025-06-12 21:32:00,50.15234640140434
2025-06-12 03:17:00,94.9
2025-06-12 23:24:00,41.2
2025-06-12 01:34:00,43.8
2025-06-12 12:57:00,53.2
2025-06-12 10:43:00,50.15234640140434
2025-06-12 21:25:00,43.1
2025-06-12 03:54:00,53.2
2025-06-12 20:36:00,13.6
2025-06-12 19:37:00,50.15234640140434
2025-06-12 04:46:00,22.2
2025-06-12 14:22:00,50.15234640140434
2025-06-12 13:44:00,21.6
2025-06-12 17:03:00,50.15234640140434
2025-06-12 15:57:00,50.15234640140434
2025-06-12 07:20:00,72.6
2025-06-12 02:11:00,59.5
2025-06-12 21:59:00,62.0
2025-06-12 08:24:00,88.3
2025-06-12 08:45:00,70.5
2025-06-12 22:41:00,69.4
2025-06-12 01:33:00,23.2
2025-06-12 08:13:00,14.1
2025-06-12 12:02:00,50.15234640140434
2025-06-12 19:39:00,54.0
2025-06-12 06:20:00,43.0
2025-06-12 22:48:00,36.8
2025-06-12 17:00:00,67.7
2025-06-12 06:51:00,18.3
2025-06-12 17:36:00,81.0
2025-06-12 06:53:00,41.8
2025-06-12 03:14:00,76.9
2025-06-12 22:21:00,61.5
2025-06-12 06:53:00,50.15234640140434
2025-06-12 20:06:00,89.5
2025-06-12 11:30:00,76.4
2025-06-12 11:03:00,61.9
2025-06-12 07:42:00,56.6
2025-06-12 02:38:00,88.4
2025-06-12 12:29:00,28.1
2025-06-12 11:00:00,24.4
2025-06-12 17:27:00,74.5
2025-06-12 00:41:00,57.1
2025-06-12 10:04:00,22.7
2025-06-12 01:49:00,14.2
2025-06-12 11:30:00,50.15234640140434
2025-06-12 00:03:00,75.5
2025-06-12 10:33:00,49.8
2025-06-12 07:23:00,20.7
2025-06-12 02:06:00,70.4
2025-06-12 09:36:00,43.7
2025-06-12 15:21:00,75.4
2025-06-12 07:11:00,69.2
2025-06-12 20:29:00,50.15747328871669
2025-06-12 11:37:00,15.4
2025-06-12 12:08:00,90.0
2025-06-12 00:04:00,91.5
2025-06-12 05:31:00,10.5
2025-06-12 00:28:00,82.5
2025-06-12 00:53:00,32.5
2025-06-12 22:32:00,68.4
2025-06-12 23:41:00,35.7
2025-06-12 10:27:00,95.4
2025-06-12 10:14:00,85.3
2025-06-12 17:25:00,31.5
2025-06-12 16:44:00,42.4
2025-06-12 14:11:00,50.15747328871669
2025-06-12 15:30:00,93.1
2025-06-12 10:25:00,8.5
2025-06-12 09:18:00,46.8
2025-06-12 02:10:00,30.6
2025-06-12 09:18:00,53.3
2025-06-12 16:39:00,11.5
2025-06-12 21:27:00,97.9
2025-06-12 03:01:00,40.6
2025-06-12 16:29:00,56.7
2025-06-12 16:36:00,88.8
2025-06-12 05:00:00,16.4
2025-06-12 03:51:00,27.6
2025-06-12 21:19:00,74.9
2025-06-12 12:48:00,37.7
2025-06-12 08:16:00,48.9
2025-06-12 17:31:00,45.4
2025-06-12 13:44:00,3.8
2025-06-12 01:27:00,69.3
2025-06-12 12:32:00,77.7
2025-06-12 23:57:00,6.9
2025-06-12 18:44:00,26.4
2025-06-12 16:13:00,34.8
2025-06-12 17:51:00,15.2
2025-06-12 08:08:00,98.8
2025-06-12 02:10:00,10.2
2025-06-12 09:51:00,48.6
2025-06-12 01:52:00,43.3
2025-06-12 21:25:00,47.9
2025-06-12 18:55:00,73.8
2025-06-12 19:48:00,29.4
2025-06-12 12:19:00,62.8
2025-06-12 17:04:00,15.8
2025-06-12 19:39:00,73.9
2025-06-12 19:52:00,50.15747328871669
2025-06-12 20:43:00,70.5
2025-06-12 18:46:00,85.5
2025-06-12 22:54:00,75.8
2025-06-12 20:56:00,74.7
2025-06-12 13:37:00,57.9
2025-06-12 07:42:00,62.7
2025-06-12 02:53:00,79.5
2025-06-12 01:39:00,6.5
2025-06-12 11:01:00,50.15747328871669
2025-06-12 23:27:00,34.9
2025-06-12 01:47:00,10.6
2025-06-12 11:53:00,32.0
2025-06-12 22:06:00,83.5
2025-06-12 06:45:00,70.0
2025-06-12 14:27:00,45.0
2025-06-12 22:48:00,47.8
2025-06-12 14:57:00,32.5
2025-06-12 15:45:00,5.3
2025-06-12 13:07:00,50.15747328871669
2025-06-12 16:50:00,50.15747328871669
2025-06-12 05:33:00,53.6
2025-06-12 20:49:00,50.15747328871669
2025-06-12 08:54:00,63.7
2025-06-12 04:03:00,50.15747328871669
2025-06-12 12:52:00,96.4
2025-06-12 20:46:00,54.8
2025-06-12 10:03:00,16.0
2025-06-12 17:49:00,33.1
2025-06-12 21:52:00,8.0
2025-06-12 20:14:00,79.7
2025-06-12 07:36:00,96.5
2025-06-12 01:50:00,70.3
2025-06-12 16:20:00,95.6
2025-06-12 03:10:00,63.5
2025-06-12 07:34:00,67.8
2025-06-12 18:48:00,2.6
2025-06-12 10:14:00,36.9
2025-06-12 01:48:00,16.5
2025-06-12 12:28:00,50.15747328871669
2025-06-12 11:55:00,35.4
2025-06-12 16:15:00,10.1
2025-06-12 08:58:00,77.0
2025-06-12 16:18:00,43.0
2025-06-12 01:55:00,54.7
2025-06-12 21:59:00,1.9
2025-06-12 19:09:00,78.6
2025-06-12 09:02:00,73.3
2025-06-12 22:10:00,90.5
2025-06-12 15:29:00,54.9
2025-06-12 04:33:00,50.15747328871669
2025-06-12 11:59:00,81.6
2025-06-12 03:02:00,97.6
2025-06-12 12:34:00,65.8
2025-06-12 17:28:00,4.6
2025-06-12 12:15:00,73.8
2025-06-12 06:45:00,81.9
2025-06-12 03:11:00,50.15747328871669
2025-06-12 10:12:00,32.9
2025-06-12 04:54:00,18.2
2025-06-12 21:34:00,68.5
2025-06-12 18:42:00,23.5
2025-06-12 21:02:00,50.15747328871669
2025-06-12 10:39:00,74.5
2025-06-12 08:39:00,81.0
2025-06-12 09:41:00,26.3
2025-06-12 04:34:00,30.0
2025-06-12 10:32:00,59.3
2025-06-12 19:05:00,47.4
2025-06-12 19:44:00,55.5
2025-06-12 13:29:00,40.3
2025-06-12 20:25:00,3.1
2025-06-12 18:45:00,28.5
2025-06-12 07:24:00,50.15747328871669
2025-06-12 02:28:00,18.2
2025-06-12 02:06:00,79.2
2025-06-12 15:33:00,96.6
2025-06-12 08:41:00,58.0
2025-06-12 03:31:00,74.2
2025-06-12 18:05:00,14.9
2025-06-12 13:54:00,59.1
2025-06-12 04:57:00,25.4
2025-06-12 07:15:00,50.15747328871669
2025-06-12 20:58:00,52.0
2025-06-12 05:05:00,46.4
2025-06-12 09:45:00,22.9
2025-06-12 02:12:00,50.15747328871669
2025-06-12 14:03:00,21.7
2025-06-12 08:30:00,35.3
2025-06-12 03:19:00,51.6
2025-06-12 09:13:00,48.8
2025-06-12 12:02:00,99.7
2025-06-12 11:17:00,33.2
2025-06-12 13:53:00,50.15747328871669
2025-06-12 22:27:00,98.9
2025-06-12 10:43:00,26.4
2025-06-12 14:53:00,54.0
2025-06-12 06:51:00,60.2
2025-06-12 09:09:00,78.2
2025-06-12 12:47:00,1.5
2025-06-12 01:35:00,5.2
2025-06-12 07:30:00,50.15747328871669
2025-06-12 02:37:00,46.6
2025-06-12 15:28:00,50.15747328871669
2025-06-12 15:20:00,59.8
2025-06-12 10:05:00,50.2
2025-06-12 08:33:00,77.6
2025-06-12 11:08:00,15.8
2025-06-12 21:11:00,84.5
2025-06-12 03:52:00,65.9
2025-06-12 09:49:00,67.9
2025-06-12 17:45:00,48.8
2025-06-12 05:38:00,24.3
2025-06-12 05:14:00,23.4
2025-06-12 14:10:00,50.15747328871669
2025-06-12 19:38:00,10.2
2025-06-12 04:27:00,37.5
2025-06-12 17:03:00,20.2
2025-06-12 12:18:00,40.0
2025-06-12 23:52:00,79.3
2025-06-12 06:45:00,76.5
2025-06-12 16:13:00,75.6
2025-06-12 15:44:00,50.15747328871669
2025-06-12 20:22:00,20.3
2025-06-12 05:55:00,41.0
2025-06-12 21:28:00,50.15747328871669
2025-06-12 07:06:00,95.1
2025-06-12 11:11:00,93.4
2025-06-12 23:34:00,30.2
2025-06-12 03:07:00,58.8
2025-06-12 17:49:00,40.2
2025-06-12 05:27:00,44.3
2025-06-12 05:51:00,69.3
2025-06-12 06:51:00,57.9
2025-06-12 05:14:00,50.15747328871669
2025-06-12 18:18:00,45.3
2025-06-12 02:45:00,93.8
2025-06-12 14:46:00,37.2
2025-06-12 20:58:00,49.0
2025-06-12 03:13:00,41.7
2025-06-12 21:50:00,66.2
2025-06-12 22:32:00,40.9
2025-06-12 13:43:00,92.1
2025-06-12 21:05:00,49.0
2025-06-12 12:49:00,60.0
2025-06-12 06:33:00,85.5
2025-06-12 23:23:00,50.15747328871669
2025-06-12 00:21:00,93.3
2025-06-12 17:21:00,34.3
2025-06-12 16:23:00,50.15747328871669
2025-06-12 14:23:00,6.3
2025-06-12 14:45:00,11.8
2025-06-12 00:03:00,49.4
2025-06-12 23:40:00,14.8
2025-06-12 18:41:00,92.7
2025-06-12 14:27:00,42.9
2025-06-12 21:20:00,73.7
2025-06-12 03:56:00,2.0
2025-06-12 11:18:00,15.6
2025-06-12 06:43:00,50.15747328871669
2025-06-12 16:21:00,58.7
2025-06-12 08:52:00,86.6
2025-06-12 22:43:00,70.6
2025-06-12 01:49:00,67.2
2025-06-12 11:23:00,50.15747328871669
2025-06-12 12:37:00,75.1
2025-06-12 01:36:00,93.6
2025-06-12 09:23:00,50.15747328871669
2025-06-12 14:21:00,71.8
2025-06-12 05:07:00,19.3
2025-06-12 15:07:00,50.15747328871669
2025-06-12 01:00:00,78.4
2025-06-12 19:54:00,6.9
2025-06-12 03:07:00,80.8
2025-06-12 17:34:00,50.15747328871669
2025-06-12 13:34:00,92.6
2025-06-12 05:33:00,60.2
2025-06-12 11:55:00,19.7
2025-06-12 07:26:00,50.15747328871669
2025-06-12 23:59:00,50.15747328871669
2025-06-12 21:08:00,6.6
2025-06-12 16:54:00,87.7
2025-06-12 12:51:00,50.15747328871669
2025-06-12 12:09:00,70.7
2025-06-12 05:30:00,23.1
2025-06-12 16:02:00,83.1
2025-06-12 12:39:00,50.15747328871669
2025-06-12 04:52:00,1.6
2025-06-12 19:04:00,50.15747328871669
2025-06-12 09:22:00,50.15747328871669
2025-06-12 04:19:00,59.9
2025-06-12 00:45:00,13.1
2025-06-12 16:12:00,67.0
2025-06-12 04:14:00,47.5
2025-06-12 04:46:00,8.7
2025-06-12 04:13:00,26.5
2025-06-12 06:57:00,61.2
2025-06-12 21:43:00,17.0
2025-06-12 07:18:00,50.15747328871669
2025-06-12 10:34:00,93.5
2025-06-12 00:13:00,62.7
2025-06-12 04:33:00,80.1
2025-06-12 19:35:00,3.6
2025-06-12 21:18:00,87.8
2025-06-12 01:17:00,69.4
2025-06-12 15:51:00,7.9
2025-06-12 11:33:00,67.1
2025-06-12 22:46:00,72.4
2025-06-12 19:18:00,81.7
2025-06-12 00:14:00,37.8
2025-06-12 18:31:00,76.3
2025-06-12 15:13:00,6.9
2025-06-12 14:21:00,57.5
2025-06-12 02:12:00,73.8
2025-06-12 18:11:00,6.5
2025-06-12 18:04:00,62.6
2025-06-12 05:45:00,68.5
2025-06-12 03:42:00,30.3
2025-06-12 04:58:00,50.15747328871669
2025-06-12 16:22:00,66.4
2025-06-12 13:38:00,67.8
2025-06-12 12:27:00,45.4
2025-06-12 16:35:00,91.8
2025-06-12 18:33:00,8.0
2025-06-12 09:27:00,50.15747328871669
2025-06-12 07:36:00,63.8
2025-06-12 18:54:00,31.9
2025-06-12 22:29:00,35.8
2025-06-12 06:56:00,41.0
2025-06-12 11:05:00,86.0
2025-06-12 05:39:00,78.4
2025-06-12 10:15:00,94.5
2025-06-12 17:39:00,5.6
2025-06-12 02:56:00,40.4
2025-06-12 09:59:00,9.3
2025-06-12 07:49:00,50.15747328871669
2025-06-12 00:36:00,70.8
2025-06-12 06:26:00,17.3
2025-06-12 15:35:00,2.5
2025-06-12 12:48:00,81.8
2025-06-12 20:15:00,98.9
2025-06-12 21:09:00,63.6
2025-06-12 22:10:00,97.2
2025-06-12 08:18:00,52.1
2025-06-12 05:22:00,50.15747328871669
2025-06-12 01:05:00,82.1
2025-06-12 07:20:00,50.15747328871669
2025-06-12 13:47:00,50.3
2025-06-12 01:41:00,50.15747328871669
2025-06-12 22:52:00,39.0
2025-06-12 01:25:00,6.2
2025-06-12 14:10:00,73.9
2025-06-12 09:05:00,47.6
2025-06-12 13:30:00,79.3
2025-06-12 00:39:00,77.3
2025-06-12 21:11:00,81.8
2025-06-12 17:48:00,24.0
2025-06-12 02:17:00,24.8
2025-06-12 02:03:00,15.4
2025-06-12 20:33:00,82.9
2025-06-12 19:37:00,54.6
2025-06-12 00:17:00,56.0
2025-06-12 12:12:00,76.9
2025-06-12 04:09:00,79.6
2025-06-12 21:02:00,50.15747328871669
2025-06-12 04:09:00,7.1
2025-06-12 07:22:00,70.4
2025-06-12 14:59:00,63.0
2025-06-12 06:09:00,33.4
2025-06-12 01:34:00,0.9
2025-06-12 09:14:00,50.15747328871669
2025-06-12 18:34:00,60.5
2025-06-12 22:00:00,41.8
2025-06-12 14:54:00,26.7
2025-06-12 08:24:00,16.5
2025-06-12 12:49:00,92.3
2025-06-12 01:36:00,20.3
2025-06-12 09:08:00,37.6
2025-06-12 05:48:00,70.5
2025-06-12 10:06:00,89.2
2025-06-12 23:23:00,86.2
2025-06-12 21:08:00,50.15747328871669
2025-06-12 12:10:00,99.9
2025-06-12 21:44:00,33.4
2025-06-12 05:17:00,50.15747328871669
2025-06-12 22:44:00,11.9
2025-06-12 09:00:00,61.6
2025-06-12 17:24:00,64.9
2025-06-12 16:50:00,34.3
2025-06-12 07:07:00,75.1
2025-06-12 13:44:00,89.5
2025-06-12 15:37:00,79.2
2025-06-12 04:23:00,40.2
2025-06-12 01:31:00,68.5
2025-06-12 23:28:00,13.7
2025-06-12 05:10:00,50.15747328871669
2025-06-12 21:50:00,50.15747328871669
2025-06-12 16:28:00,40.5
2025-06-12 22:06:00,50.15747328871669
2025-06-12 11:18:00,50.15747328871669
2025-06-12 13:51:00,99.2
2025-06-12 18:06:00,11.1
2025-06-12 03:36:00,50.15747328871669
2025-06-12 10:24:00,68.2
2025-06-12 10:37:00,69.9
2025-06-12 17:50:00,48.4
2025-06-12 13:33:00,50.15747328871669
2025-06-12 14:17:00,20.4
2025-06-12 18:05:00,24.7
2025-06-12 22:23:00,27.0
2025-06-12 04:00:00,95.1
2025-06-12 15:22:00,61.8
2025-06-12 04:31:00,2.5
2025-06-12 23:36:00,50.07997412982127
2025-06-12 10:21:00,75.8
2025-06-12 14:22:00,81.7
2025-06-12 03:13:00,18.8
2025-06-12 00:40:00,63.2
2025-06-12 18:41:00,16.8
2025-06-12 00:12:00,26.5
2025-06-12 01:19:00,49.5
2025-06-12 07:38:00,50.07997412982127
2025-06-12 03:38:00,94.4
2025-06-12 21:36:00,50.07997412982127
2025-06-12 14:05:00,36.1
2025-06-12 06:37:00,50.07997412982127
2025-06-12 18:35:00,50.07997412982127
2025-06-12 18:18:00,3.9
2025-06-12 20:31:00,68.4
2025-06-12 18:19:00,36.8
2025-06-12 23:53:00,61.6
2025-06-12 09:28:00,6.4
2025-06-12 14:00:00,94.0
2025-06-12 00:44:00,37.4
2025-06-12 05:52:00,50.07997412982127
2025-06-12 10:41:00,17.8
2025-06-12 00:18:00,77.8
2025-06-12 12:41:00,5.6
2025-06-12 01:13:00,74.4
2025-06-12 19:58:00,57.5
2025-06-12 23:51:00,90.2
2025-06-12 05:37:00,36.3
2025-06-12 17:16:00,50.07997412982127
2025-06-12 04:40:00,15.2
2025-06-12 15:33:00,54.6
2025-06-12 08:33:00,50.07997412982127
2025-06-12 22:55:00,57.8
2025-06-12 09:58:00,99.4
2025-06-12 16:34:00,50.07997412982127
2025-06-12 09:14:00,17.4
2025-06-12 02:47:00,50.07997412982127
2025-06-12 12:20:00,50.07997412982127
2025-06-12 09:56:00,50.07997412982127
2025-06-12 06:30:00,32.2
2025-06-12 07:01:00,86.7
2025-06-12 03:27:00,71.4
2025-06-12 10:56:00,31.2
2025-06-12 23:02:00,50.07997412982127
2025-06-12 01:59:00,68.0
2025-06-12 19:13:00,50.07997412982127
2025-06-12 14:29:00,30.5
2025-06-12 18:45:00,16.4
2025-06-12 12:03:00,82.0
2025-06-12 10:07:00,59.5
2025-06-12 11:58:00,56.7
2025-06-12 01:15:00,21.0
2025-06-12 16:43:00,15.4
2025-06-12 11:03:00,50.07997412982127
2025-06-12 18:41:00,81.0
2025-06-12 20:21:00,21.0
2025-06-12 06:47:00,80.4
2025-06-12 20:37:00,29.8
2025-06-12 23:11:00,60.8
2025-06-12 06:50:00,94.4
2025-06-12 21:12:00,57.5
2025-06-12 02:14:00,75.3
2025-06-12 08:40:00,97.4
2025-06-12 20:08:00,66.6
2025-06-12 22:04:00,58.1
2025-06-12 09:47:00,93.1
2025-06-12 20:55:00,50.07997412982127
2025-06-12 01:22:00,10.3
2025-06-12 16:53:00,45.8
2025-06-12 19:35:00,2.6
2025-06-12 23:12:00,50.07997412982127
2025-06-12 18:42:00,87.3
2025-06-12 10:20:00,50.07997412982127
2025-06-12 01:32:00,58.2
2025-06-12 14:22:00,40.6
2025-06-12 22:34:00,44.5
2025-06-12 18:15:00,29.7
2025-06-12 02:54:00,26.1
2025-06-12 04:30:00,66.7
2025-06-12 09:59:00,50.07997412982127
2025-06-12 00:47:00,33.8
2025-06-12 04:18:00,50.07997412982127
2025-06-12 01:18:00,46.0
2025-06-12 21:21:00,50.07997412982127
2025-06-12 10:02:00,82.5
2025-06-12 18:17:00,50.07997412982127
2025-06-12 21:17:00,50.07997412982127
2025-06-12 18:16:00,12.6
2025-06-12 09:06:00,50.07997412982127
2025-06-12 13:55:00,56.3
2025-06-12 20:52:00,50.07997412982127
2025-06-12 20:26:00,16.3
2025-06-12 18:28:00,92.1
2025-06-12 18:22:00,90.5
2025-06-12 15:44:00,21.9
2025-06-12 07:10:00,30.1
2025-06-12 17:05:00,70.2
2025-06-12 14:44:00,1.1
2025-06-12 02:47:00,4.3
2025-06-12 04:27:00,62.3
2025-06-12 17:48:00,8.6
2025-06-12 09:35:00,54.5
2025-06-12 11:59:00,27.4
2025-06-12 05:05:00,81.0
2025-06-12 19:02:00,50.07997412982127
2025-06-12 16:14:00,34.9
2025-06-12 02:16:00,50.07997412982127
2025-06-12 02:22:00,50.07997412982127
2025-06-12 11:00:00,82.8
2025-06-12 21:13:00,58.3
2025-06-12 05:37:00,91.6
2025-06-12 18:45:00,53.2
2025-06-12 15:19:00,65.8
2025-06-12 15:05:00,41.1
2025-06-12 09:59:00,60.0
2025-06-12 09:04:00,50.07997412982127
2025-06-12 19:54:00,30.1
2025-06-12 05:26:00,5.1
2025-06-12 21:55:00,64.6
2025-06-12 08:08:00,5.3
2025-06-12 18:47:00,2.1
2025-06-12 00:22:00,4.5
2025-06-12 08:38:00,57.5
2025-06-12 03:38:00,34.5
2025-06-12 00:44:00,12.6
2025-06-12 23:06:00,97.8
2025-06-12 18:22:00,50.3
2025-06-12 02:44:00,67.3
2025-06-12 01:20:00,50.07997412982127
2025-06-12 15:43:00,40.8
2025-06-12 23:04:00,4.4
2025-06-12 10:37:00,50.07997412982127
2025-06-12 06:06:00,94.1
2025-06-12 21:58:00,96.9
2025-06-12 06:01:00,33.8
2025-06-12 15:24:00,99.6
2025-06-12 20:55:00,68.5
2025-06-12 00:08:00,74.6
2025-06-12 07:49:00,78.0
2025-06-12 21:14:00,50.07997412982127
2025-06-12 11:18:00,28.9
2025-06-12 08:23:00,55.2
2025-06-12 02:16:00,33.2
2025-06-12 11:57:00,81.5
2025-06-12 09:13:00,39.5
2025-06-12 15:38:00,45.5
2025-06-12 15:51:00,50.07997412982127
2025-06-12 12:57:00,50.07997412982127
2025-06-12 04:32:00,13.8
2025-06-12 12:37:00,42.7
2025-06-12 23:43:00,85.9
2025-06-12 13:52:00,80.0
2025-06-12 07:14:00,13.8
2025-06-12 01:55:00,62.9
2025-06-12 14:00:00,83.3
2025-06-12 21:46:00,80.3
2025-06-12 23:54:00,95.8
2025-06-12 09:42:00,30.7
2025-06-12 09:38:00,89.8
2025-06-12 07:01:00,52.7
2025-06-12 09:37:00,85.5
2025-06-12 23:21:00,50.07997412982127
2025-06-12 14:19:00,8.3
2025-06-12 01:53:00,76.9
2025-06-12 20:20:00,85.5
2025-06-12 21:13:00,37.1
2025-06-12 06:25:00,93.4
2025-06-12 21:18:00,17.4
2025-06-12 03:08:00,50.07997412982127
2025-06-12 03:48:00,46.5
2025-06-12 13:12:00,2.5
2025-06-12 15:03:00,11.4
2025-06-12 06:24:00,43.3
2025-06-12 15:30:00,80.2
2025-06-12 16:06:00,38.5
2025-06-12 18:36:00,50.07997412982127
2025-06-12 07:14:00,5.7
2025-06-12 11:58:00,52.6
2025-06-12 10:29:00,61.7
2025-06-12 12:36:00,11.0
2025-06-12 15:38:00,93.5
2025-06-12 03:53:00,61.4
2025-06-12 20:41:00,51.0
2025-06-12 11:41:00,41.8
2025-06-12 00:19:00,24.1
2025-06-12 01:48:00,38.3
2025-06-12 20:25:00,42.8
2025-06-12 02:29:00,22.6
2025-06-12 07:57:00,50.07997412982127
2025-06-12 19:26:00,94.4
2025-06-12 00:23:00,77.2
2025-06-12 10:24:00,13.6
2025-06-12 10:37:00,72.9
2025-06-12 10:43:00,32.9
2025-06-12 19:13:00,5.4
2025-06-12 18:39:00,88.0
2025-06-12 03:12:00,29.8
2025-06-12 16:51:00,90.9
2025-06-12 03:18:00,50.07997412982127
2025-06-12 22:29:00,67.0
2025-06-12 00:15:00,17.5
2025-06-12 03:05:00,22.2
2025-06-12 14:43:00,97.6
2025-06-12 15:56:00,55.4
2025-06-12 22:07:00,81.3
2025-06-12 08:21:00,54.1
2025-06-12 23:47:00,61.6
2025-06-12 18:22:00,89.1
2025-06-12 16:03:00,93.5
2025-06-12 21:44:00,1.5
2025-06-12 08:36:00,50.07997412982127
2025-06-12 17:28:00,65.2
2025-06-12 09:25:00,50.07997412982127
2025-06-12 10:08:00,57.6
2025-06-12 08:38:00,73.9
2025-06-12 03:45:00,50.07997412982127
2025-06-12 09:01:00,50.07997412982127
2025-06-12 15:16:00,27.3
2025-06-12 01:19:00,50.07997412982127
2025-06-12 23:18:00,50.07997412982127
2025-06-12 22:15:00,51.9
2025-06-12 04:50:00,17.6
2025-06-12 18:38:00,92.6
2025-06-12 15:08:00,97.2
2025-06-12 04:00:00,26.6
2025-06-12 08:30:00,43.1
2025-06-12 07:13:00,94.0
2025-06-12 08:05:00,45.8
2025-06-12 19:58:00,14.5
2025-06-12 18:34:00,27.5
2025-06-12 09:13:00,56.9
2025-06-12 15:07:00,29.8
2025-06-12 20:37:00,12.4
2025-06-12 16:08:00,15.0
2025-06-12 21:30:00,30.2
2025-06-12 03:51:00,64.7
2025-06-12 10:09:00,47.2
2025-06-12 15:16:00,50.07997412982127
2025-06-12 17:14:00,30.6
2025-06-12 03:21:00,32.8
2025-06-12 08:54:00,66.3
2025-06-12 03:21:00,17.7
2025-06-12 23:09:00,11.6
2025-06-12 03:47:00,88.0
2025-06-12 10:33:00,37.4
2025-06-12 06:07:00,13.7
2025-06-12 18:16:00,91.6
2025-06-12 12:08:00,20.6
2025-06-12 12:32:00,25.6
2025-06-12 23:05:00,64.7
2025-06-12 04:13:00,6.1
2025-06-12 06:48:00,18.0
2025-06-12 12:38:00,97.4
2025-06-12 02:10:00,50.07997412982127
2025-06-12 23:48:00,75.6
2025-06-12 01:37:00,2.4
2025-06-12 20:39:00,65.4
2025-06-12 17:51:00,11.4
2025-06-12 02:10:00,33.3
2025-06-12 15:54:00,80.6
2025-06-12 07:11:00,25.0
2025-06-12 14:18:00,50.07997412982127
2025-06-12 09:47:00,27.0
2025-06-12 16:08:00,16.3
2025-06-12 19:59:00,94.7
2025-06-12 20:04:00,4.5
2025-06-12 00:59:00,44.4
2025-06-12 14:44:00,50.07997412982127
2025-06-12 12:28:00,26.0
2025-06-12 15:40:00,87.5
2025-06-12 21:49:00,88.7
2025-06-12 08:42:00,13.3
2025-06-12 01:38:00,97.7
2025-06-12 18:42:00,78.0
2025-06-12 12:27:00,18.3
2025-06-12 21:44:00,79.4
2025-06-12 22:42:00,68.5
2025-06-12 10:38:00,75.7
2025-06-12 00:13:00,70.7
2025-06-12 03:24:00,20.1
2025-06-12 06:12:00,70.2
2025-06-12 00:08:00,13.4
2025-06-12 12:34:00,99.5
2025-06-12 16:08:00,50.07997412982127
2025-06-12 00:49:00,6.9
2025-06-12 22:59:00,42.3
2025-06-12 03:17:00,87.9
2025-06-12 22:11:00,22.3
2025-06-12 07:56:00,50.07997412982127
2025-06-12 06:41:00,50.07997412982127
2025-06-12 21:49:00,47.6
2025-06-12 13:55:00,34.0
2025-06-12 05:11:00,65.2
2025-06-12 06:49:00,54.5
2025-06-12 08:55:00,50.07997412982127
2025-06-12 09:03:00,11.1
2025-06-12 05:55:00,84.4
2025-06-12 23:26:00,59.8
2025-06-12 13:33:00,26.5
2025-06-12 18:24:00,35.3
2025-06-12 14:46:00,20.7
2025-06-12 01:45:00,40.6
2025-06-12 10:12:00,66.0
2025-06-12 17:16:00,50.07997412982127
2025-06-12 15:00:00,59.1
2025-06-12 22:38:00,50.07997412982127
2025-06-12 17:54:00,50.07997412982127
2025-06-12 07:22:00,50.07997412982127
2025-06-12 00:23:00,10.8
2025-06-12 07:20:00,50.07997412982127
2025-06-12 05:54:00,14.1
2025-06-12 05:55:00,50.07997412982127
2025-06-12 10:59:00,88.2
2025-06-12 00:28:00,91.5
2025-06-12 07:54:00,73.0
2025-06-12 12:05:00,55.9
2025-06-12 00:23:00,51.1
2025-06-12 12:36:00,57.8
2025-06-12 02:48:00,99.4
2025-06-12 23:18:00,64.7
2025-06-12 21:55:00,95.4
2025-06-12 16:45:00,2.7
2025-06-12 14:18:00,55.4
2025-06-12 21:18:00,54.4
2025-06-12 11:46:00,56.8
2025-06-12 15:14:00,48.8
2025-06-12 13:39:00,50.07997412982127
2025-06-12 18:05:00,31.6
2025-06-12 19:32:00,2.2
2025-06-12 18:56:00,16.9
2025-06-12 18:42:00,45.3
2025-06-12 23:46:00,43.3
2025-06-12 13:17:00,54.2
2025-06-12 13:31:00,58.9
2025-06-12 03:08:00,17.9
2025-06-12 14:42:00,83.2
2025-06-12 13:16:00,76.2
2025-06-12 22:29:00,42.9
2025-06-12 08:08:00,27.8
2025-06-12 03:41:00,90.2
2025-06-12 19:19:00,24.4
2025-06-12 19:29:00,48.4
2025-06-12 09:25:00,49.822039706925075
2025-06-12 02:16:00,16.3
2025-06-12 21:46:00,3.6
2025-06-12 13:16:00,72.6
2025-06-12 10:06:00,8.6
2025-06-12 14:34:00,9.8
2025-06-12 23:49:00,49.822039706925075
2025-06-12 10:59:00,54.5
2025-06-12 08:48:00,7.6
2025-06-12 04:33:00,49.822039706925075
2025-06-12 13:37:00,43.2
2025-06-12 04:35:00,81.6
2025-06-12 11:28:00,26.1
2025-06-12 14:31:00,7.9
2025-06-12 04:08:00,84.8
2025-06-12 23:14:00,87.7
2025-06-12 03:37:00,19.6
2025-06-12 16:25:00,5.6
2025-06-12 01:47:00,67.0
2025-06-12 11:53:00,28.9
2025-06-12 11:46:00,98.8
2025-06-12 17:31:00,49.822039706925075
2025-06-12 05:26:00,33.0
2025-06-12 19:32:00,44.3
2025-06-12 20:26:00,79.4
2025-06-12 00:40:00,13.3
2025-06-12 11:48:00,45.1
2025-06-12 11:33:00,11.8
2025-06-12 08:31:00,32.9
2025-06-12 01:55:00,13.0
2025-06-12 19:50:00,91.4
2025-06-12 14:00:00,26.9
2025-06-12 09:53:00,46.0
2025-06-12 18:56:00,18.5
2025-06-12 22:57:00,46.7
2025-06-12 13:22:00,7.3
2025-06-12 07:55:00,45.9
2025-06-12 09:54:00,49.822039706925075
2025-06-12 02:20:00,43.1
2025-06-12 06:25:00,67.6
2025-06-12 12:40:00,49.822039706925075
2025-06-12 11:02:00,74.7
2025-06-12 21:43:00,94.5
2025-06-12 23:24:00,78.9
2025-06-12 17:57:00,92.8
2025-06-12 09:27:00,49.822039706925075
2025-06-12 21:46:00,19.9
2025-06-12 06:23:00,81.1
2025-06-12 05:28:00,89.8
2025-06-12 07:40:00,16.9
2025-06-12 18:13:00,74.9
2025-06-12 09:35:00,49.822039706925075
2025-06-12 23:08:00,81.1
2025-06-12 16:23:00,84.0
2025-06-12 13:26:00,17.6
2025-06-12 15:12:00,65.5
2025-06-12 03:29:00,70.3
2025-06-12 14:26:00,49.822039706925075
2025-06-12 18:15:00,85.3
2025-06-12 09:04:00,49.822039706925075
2025-06-12 12:34:00,88.2
2025-06-12 22:43:00,19.1
2025-06-12 06:43:00,95.3
2025-06-12 06:30:00,94.8
2025-06-12 07:12:00,49.822039706925075
2025-06-12 04:36:00,72.1
2025-06-12 07:44:00,63.0
2025-06-12 19:17:00,27.3
2025-06-12 16:09:00,77.1
2025-06-12 09:37:00,51.6
2025-06-12 01:22:00,31.1
2025-06-12 11:46:00,49.822039706925075
2025-06-12 03:47:00,6.6
2025-06-12 11:41:00,69.1
2025-06-12 09:32:00,64.2
2025-06-12 12:03:00,78.1
2025-06-12 02:31:00,50.8
2025-06-12 03:52:00,31.6
2025-06-12 02:01:00,88.2
2025-06-12 21:48:00,70.0
2025-06-12 21:17:00,44.9
2025-06-12 23:31:00,22.8
2025-06-12 00:01:00,24.0
2025-06-12 20:35:00,49.822039706925075
2025-06-12 10:34:00,52.9
2025-06-12 20:22:00,19.0
2025-06-12 18:48:00,52.1
2025-06-12 07:46:00,82.1
2025-06-12 19:37:00,90.4
2025-06-12 15:48:00,23.8
2025-06-12 03:15:00,49.6
2025-06-12 10:49:00,49.822039706925075
2025-06-12 23:13:00,9.7
2025-06-12 22:47:00,76.9
2025-06-12 01:34:00,5.5
2025-06-12 19:57:00,21.9
2025-06-12 00:27:00,9.4
2025-06-12 21:04:00,58.3
2025-06-12 00:29:00,49.822039706925075
2025-06-12 20:16:00,60.0
2025-06-12 09:23:00,27.3
2025-06-12 09:53:00,29.2
2025-06-12 12:57:00,40.4
2025-06-12 09:52:00,45.0
2025-06-12 18:11:00,19.1
2025-06-12 07:23:00,4.2
2025-06-12 06:20:00,90.5
2025-06-12 03:49:00,92.8
2025-06-12 15:37:00,62.6
2025-06-12 14:56:00,72.8
2025-06-12 01:12:00,49.822039706925075
2025-06-12 04:32:00,79.5
2025-06-12 01:55:00,26.4
2025-06-12 17:44:00,48.9
2025-06-12 19:04:00,6.9
2025-06-12 12:15:00,90.8
2025-06-12 05:29:00,86.7
2025-06-12 21:35:00,49.822039706925075
2025-06-12 01:38:00,48.5
2025-06-12 06:14:00,21.1
2025-06-12 18:50:00,60.8
2025-06-12 04:46:00,52.9
2025-06-12 03:36:00,34.3
2025-06-12 06:05:00,73.7
2025-06-12 21:52:00,2.4
2025-06-12 17:37:00,49.822039706925075
2025-06-12 13:19:00,37.3
2025-06-12 06:24:00,59.7
2025-06-12 00:20:00,12.1
2025-06-12 13:49:00,49.822039706925075
2025-06-12 12:11:00,92.0
2025-06-12 14:54:00,49.822039706925075
2025-06-12 05:53:00,5.5
2025-06-12 21:57:00,49.822039706925075
2025-06-12 22:39:00,89.0
2025-06-12 13:16:00,69.2
2025-06-12 09:07:00,42.9
2025-06-12 09:43:00,80.5
2025-06-12 09:54:00,4.5
2025-06-12 23:38:00,59.5
2025-06-12 07:04:00,49.822039706925075
2025-06-12 16:45:00,87.2
2025-06-12 19:43:00,67.9
2025-06-12 10:27:00,6.2
2025-06-12 11:05:00,24.7
2025-06-12 15:05:00,49.822039706925075
2025-06-12 01:50:00,49.4
2025-06-12 12:13:00,68.1
2025-06-12 09:03:00,43.1
2025-06-12 00:04:00,6.0
2025-06-12 11:42:00,17.4
2025-06-12 00:57:00,85.3
2025-06-12 02:20:00,15.5
2025-06-12 12:40:00,51.5
2025-06-12 09:26:00,55.8
2025-06-12 12:55:00,16.3
2025-06-12 22:40:00,81.7
2025-06-12 04:48:00,56.0
2025-06-12 14:43:00,49.822039706925075
2025-06-12 15:28:00,4.1
2025-06-12 17:07:00,90.7
2025-06-12 11:49:00,16.3
2025-06-12 05:29:00,6.4
2025-06-12 19:00:00,50.9
2025-06-12 17:18:00,88.5
2025-06-12 02:36:00,28.1
2025-06-12 09:39:00,57.1
2025-06-12 01:40:00,18.5
2025-06-12 16:19:00,1.7
2025-06-12 12:02:00,60.8
2025-06-12 01:13:00,94.4
2025-06-12 10:40:00,75.4
2025-06-12 04:24:00,26.5
2025-06-12 14:43:00,70.4
2025-06-12 04:37:00,49.822039706925075
2025-06-12 18:25:00,28.7
2025-06-12 20:46:00,54.7
2025-06-12 14:27:00,26.8
2025-06-12 13:11:00,51.6
2025-06-12 11:36:00,79.0
2025-06-12 07:18:00,71.6
2025-06-12 09:24:00,45.4
2025-06-12 14:35:00,30.7
2025-06-12 17:31:00,25.4
2025-06-12 04:15:00,49.4
2025-06-12 21:56:00,1.3
2025-06-12 12:10:00,95.3
2025-06-12 02:58:00,26.0
2025-06-12 22:16:00,53.7
2025-06-12 21:45:00,49.822039706925075
2025-06-12 07:49:00,35.6
2025-06-12 07:56:00,49.822039706925075
2025-06-12 12:23:00,79.3
2025-06-12 23:03:00,11.0
2025-06-12 09:11:00,44.0
2025-06-12 14:02:00,84.0
2025-06-12 16:23:00,24.1
2025-06-12 09:47:00,14.6
2025-06-12 01:41:00,49.822039706925075
2025-06-12 00:25:00,71.9
2025-06-12 04:13:00,49.822039706925075
2025-06-12 01:11:00,91.2
2025-06-12 10:51:00,63.5
2025-06-12 07:39:00,69.8
2025-06-12 08:13:00,70.4
2025-06-12 18:27:00,55.4
2025-06-12 22:58:00,98.7
2025-06-12 13:14:00,80.2
2025-06-12 23:02:00,49.822039706925075
2025-06-12 23:34:00,60.9
2025-06-12 23:54:00,89.8
2025-06-12 07:16:00,18.8
2025-06-12 05:00:00,49.822039706925075
2025-06-12 22:08:00,98.1
2025-06-12 23:54:00,55.0
2025-06-12 15:21:00,97.3
2025-06-12 18:27:00,92.1
2025-06-12 19:13:00,65.3
2025-06-12 14:02:00,69.3
2025-06-12 22:47:00,49.822039706925075
2025-06-12 04:34:00,53.1
2025-06-12 20:12:00,74.3
2025-06-12 13:11:00,87.1
2025-06-12 20:10:00,76.4
2025-06-12 17:59:00,71.0
2025-06-12 05:26:00,96.8
2025-06-12 08:30:00,49.822039706925075
2025-06-12 01:11:00,1.2
2025-06-12 22:47:00,69.3
2025-06-12 16:20:00,49.822039706925075
2025-06-12 21:58:00,49.822039706925075
2025-06-12 22:16:00,85.2
2025-06-12 06:13:00,11.9
2025-06-12 17:52:00,31.5
2025-06-12 09:29:00,21.9
2025-06-12 15:11:00,36.0
2025-06-12 04:13:00,13.9
2025-06-12 17:10:00,67.7
2025-06-12 11:23:00,72.3
2025-06-12 02:24:00,90.4
2025-06-12 14:43:00,8.7
2025-06-12 19:07:00,14.6
2025-06-12 11:23:00,86.4
2025-06-12 07:17:00,33.7
2025-06-12 06:30:00,91.6
2025-06-12 14:07:00,49.822039706925075
2025-06-12 13:47:00,36.3
2025-06-12 12:02:00,28.3
2025-06-12 03:44:00,96.8
2025-06-12 01:20:00,56.2
2025-06-12 16:37:00,82.9
2025-06-12 01:18:00,58.2
2025-06-12 17:14:00,63.3
2025-06-12 10:06:00,41.7
2025-06-12 04:01:00,34.9
2025-06-12 10:05:00,25.0
2025-06-12 11:44:00,88.1
2025-06-12 06:59:00,72.0
2025-06-12 23:51:00,31.2
2025-06-12 18:46:00,67.8
2025-06-12 10:06:00,66.7
2025-06-12 16:36:00,53.9
2025-06-12 13:33:00,62.8
2025-06-12 04:12:00,49.822039706925075
2025-06-12 23:02:00,70.9
2025-06-12 12:17:00,48.4
2025-06-12 22:59:00,67.2
2025-06-12 06:06:00,33.9
2025-06-12 14:22:00,49.822039706925075
2025-06-12 11:03:00,42.7
2025-06-12 01:30:00,32.2
2025-06-12 14:20:00,38.8
2025-06-12 16:35:00,71.7
2025-06-12 15:07:00,25.7
2025-06-12 21:00:00,87.3
2025-06-12 01:57:00,49.822039706925075
2025-06-12 21:03:00,52.1
2025-06-12 05:50:00,73.5
2025-06-12 21:17:00,49.822039706925075
2025-06-12 04:43:00,78.8
2025-06-12 16:51:00,63.0
2025-06-12 22:55:00,49.822039706925075
2025-06-12 22:03:00,49.4
2025-06-12 15:43:00,49.822039706925075
2025-06-12 06:05:00,49.822039706925075
2025-06-12 21:30:00,13.5
2025-06-12 04:39:00,41.2
2025-06-12 08:49:00,91.5
2025-06-12 20:12:00,8.8
2025-06-12 04:24:00,26.9
2025-06-12 00:25:00,86.0
2025-06-12 23:00:00,22.0
2025-06-12 21:11:00,23.8
2025-06-12 18:47:00,68.3
2025-06-12 16:34:00,81.9
2025-06-12 08:48:00,36.0
2025-06-12 02:17:00,49.822039706925075
2025-06-12 01:33:00,77.4
2025-06-12 14:28:00,84.7
2025-06-12 05:31:00,74.1
2025-06-12 18:35:00,61.2
2025-06-12 21:24:00,97.6
2025-06-12 00:45:00,27.9
2025-06-12 20:01:00,91.3
2025-06-12 06:10:00,6.3
2025-06-12 10:53:00,9.4
2025-06-12 12:30:00,30.9
2025-06-12 04:44:00,61.5
2025-06-12 11:30:00,20.3
2025-06-12 22:07:00,73.8
2025-06-12 12:34:00,50.313785814936594
2025-06-12 02:56:00,95.5
2025-06-12 10:49:00,0.3
2025-06-12 21:31:00,77.5
2025-06-12 14:32:00,50.313785814936594
2025-06-12 12:36:00,50.313785814936594
2025-06-12 06:43:00,6.1
2025-06-12 15:17:00,50.313785814936594
2025-06-12 08:56:00,65.3
2025-06-12 11:00:00,11.0
2025-06-12 13:22:00,50.313785814936594
2025-06-12 07:16:00,23.4
2025-06-12 04:53:00,46.9
2025-06-12 13:56:00,37.6
2025-06-12 06:19:00,54.0
2025-06-12 10:35:00,50.4
2025-06-12 08:22:00,94.2
2025-06-12 02:05:00,23.1
2025-06-12 23:32:00,43.2
2025-06-12 18:05:00,33.5
2025-06-12 09:52:00,50.313785814936594
2025-06-12 13:18:00,22.7
2025-06-12 23:37:00,24.7
2025-06-12 04:46:00,3.4
2025-06-12 03:22:00,54.0
2025-06-12 19:39:00,50.313785814936594
2025-06-12 18:31:00,63.2
2025-06-12 02:32:00,32.9
2025-06-12 23:02:00,86.1
2025-06-12 08:01:00,64.8
2025-06-12 02:53:00,50.313785814936594
2025-06-12 23:45:00,67.6
2025-06-12 13:23:00,47.2
2025-06-12 09:18:00,94.6
2025-06-12 18:50:00,24.5
2025-06-12 03:58:00,3.5
2025-06-12 02:45:00,51.3
2025-06-12 15:43:00,72.6
2025-06-12 06:28:00,18.5
2025-06-12 01:05:00,64.4
2025-06-12 02:48:00,98.7
2025-06-12 07:16:00,14.3
2025-06-12 08:32:00,58.2
2025-06-12 01:46:00,50.313785814936594
2025-06-12 06:58:00,68.1
2025-06-12 09:09:00,40.3
2025-06-12 13:01:00,90.3
2025-06-12 11:51:00,50.313785814936594
2025-06-12 10:24:00,86.8
2025-06-12 13:59:00,63.7
2025-06-12 03:02:00,69.7
2025-06-12 02:42:00,3.1
2025-06-12 03:31:00,53.1
2025-06-12 09:48:00,47.2
2025-06-12 07:11:00,88.9
2025-06-12 07:56:00,50.313785814936594
2025-06-12 08:25:00,13.4
2025-06-12 01:50:00,40.4
2025-06-12 08:33:00,90.3
2025-06-12 10:53:00,39.2
2025-06-12 11:44:00,28.3
2025-06-12 17:09:00,63.0
2025-06-12 13:22:00,4.9
2025-06-12 17:33:00,28.5
2025-06-12 14:10:00,23.7
2025-06-12 13:58:00,21.9
2025-06-12 08:05:00,40.1
2025-06-12 11:39:00,85.2
2025-06-12 06:42:00,84.3
2025-06-12 18:54:00,69.4
2025-06-12 22:23:00,50.313785814936594
2025-06-12 11:43:00,37.7
2025-06-12 21:30:00,52.5
2025-06-12 03:33:00,8.7
2025-06-12 00:37:00,50.313785814936594
2025-06-12 23:58:00,43.4
2025-06-12 22:43:00,42.1
2025-06-12 04:02:00,48.7
2025-06-12 12:04:00,14.2
2025-06-12 16:25:00,2.5
2025-06-12 16:34:00,47.3
2025-06-12 02:08:00,0.8
2025-06-12 02:00:00,50.313785814936594
2025-06-12 19:30:00,20.4
2025-06-12 05:59:00,81.5
2025-06-12 20:20:00,75.1
2025-06-12 05:01:00,88.7
2025-06-12 16:02:00,30.0
2025-06-12 22:52:00,49.7
2025-06-12 00:29:00,37.0
2025-06-12 23:33:00,65.1
2025-06-12 18:42:00,18.4
2025-06-12 22:59:00,66.4
2025-06-12 21:44:00,58.8
2025-06-12 08:27:00,60.3
2025-06-12 04:30:00,71.6
2025-06-12 11:20:00,12.8
2025-06-12 22:49:00,57.8
2025-06-12 00:39:00,67.5
2025-06-12 19:36:00,31.0
2025-06-12 20:21:00,46.4
2025-06-12 07:58:00,69.3
2025-06-12 06:06:00,69.1
2025-06-12 04:50:00,29.4
2025-06-12 22:32:00,30.6
2025-06-12 05:51:00,91.9
2025-06-12 16:59:00,80.0
2025-06-12 01:15:00,40.8
2025-06-12 18:08:00,56.3
2025-06-12 12:40:00,11.7
2025-06-12 17:58:00,58.0
2025-06-12 08:57:00,59.2
2025-06-12 08:12:00,34.5
2025-06-12 03:18:00,18.4
2025-06-12 18:36:00,88.1
2025-06-12 16:25:00,99.3
2025-06-12 12:17:00,82.9
2025-06-12 16:48:00,50.313785814936594
2025-06-12 05:21:00,50.313785814936594
2025-06-12 00:46:00,50.313785814936594
2025-06-12 01:11:00,50.313785814936594
2025-06-12 08:52:00,10.3
2025-06-12 08:05:00,53.5
2025-06-12 17:11:00,15.4
2025-06-12 04:49:00,50.313785814936594
2025-06-12 08:01:00,50.313785814936594
2025-06-12 09:54:00,88.0
2025-06-12 17:35:00,94.9
2025-06-12 14:27:00,50.313785814936594
2025-06-12 18:20:00,88.9
2025-06-12 18:41:00,42.5
2025-06-12 18:14:00,94.6
2025-06-12 11:05:00,32.9
2025-06-12 03:18:00,67.8
2025-06-12 03:25:00,4.5
2025-06-12 09:10:00,50.313785814936594
2025-06-12 21:08:00,5.4
2025-06-12 07:15:00,23.5
2025-06-12 12:09:00,42.7
2025-06-12 00:26:00,54.5
2025-06-12 22:45:00,13.7
2025-06-12 22:46:00,9.5
2025-06-12 21:56:00,16.1
2025-06-12 19:22:00,81.2
2025-06-12 05:35:00,56.2
2025-06-12 07:38:00,84.8
2025-06-12 23:48:00,55.0
2025-06-12 04:18:00,22.4
2025-06-12 08:38:00,50.313785814936594
2025-06-12 08:43:00,59.3
2025-06-12 12:02:00,60.4
2025-06-12 09:10:00,89.1
2025-06-12 19:34:00,96.9
2025-06-12 01:49:00,55.4
2025-06-12 03:32:00,11.4
2025-06-12 21:34:00,89.3
2025-06-12 14:51:00,50.313785814936594
2025-06-12 11:20:00,84.9
2025-06-12 10:38:00,63.1
2025-06-12 07:21:00,60.9
2025-06-12 17:56:00,57.5
2025-06-12 10:14:00,32.7
2025-06-12 12:19:00,50.313785814936594
2025-06-12 12:34:00,50.313785814936594
2025-06-12 02:14:00,8.6
2025-06-12 01:38:00,30.7
2025-06-12 22:04:00,11.5
2025-06-12 12:58:00,64.7
2025-06-12 20:25:00,63.3
2025-06-12 04:04:00,50.313785814936594
2025-06-12 19:12:00,50.313785814936594
2025-06-12 03:33:00,43.2
2025-06-12 08:45:00,21.2
2025-06-12 05:11:00,87.8
2025-06-12 09:23:00,85.9
2025-06-12 11:37:00,49.9
2025-06-12 15:23:00,19.9
2025-06-12 10:48:00,90.0
2025-06-12 11:32:00,0.5
2025-06-12 19:19:00,8.2
2025-06-12 06:58:00,64.5
2025-06-12 06:08:00,39.4
2025-06-12 04:25:00,25.6
2025-06-12 06:22:00,19.9
2025-06-12 17:00:00,17.0
2025-06-12 12:03:00,48.7
2025-06-12 08:02:00,76.3
2025-06-12 12:02:00,79.6
2025-06-12 20:12:00,50.313785814936594
2025-06-12 01:20:00,99.3
2025-06-12 15:09:00,99.8
2025-06-12 09:07:00,0.2
2025-06-12 19:39:00,2.5
2025-06-12 20:35:00,81.9
2025-06-12 13:08:00,50.313785814936594
2025-06-12 04:35:00,34.3
2025-06-12 21:20:00,50.313785814936594
2025-06-12 10:45:00,84.6
2025-06-12 21:44:00,38.8
2025-06-12 10:51:00,64.1
2025-06-12 16:57:00,93.1
2025-06-12 21:46:00,13.0
2025-06-12 10:15:00,88.8
2025-06-12 19:40:00,66.1
2025-06-12 04:08:00,63.8
2025-06-12 04:58:00,76.0
2025-06-12 14:31:00,51.3
2025-06-12 21:49:00,36.6
2025-06-12 05:37:00,72.7
2025-06-12 14:56:00,78.7
2025-06-12 18:52:00,59.9
2025-06-12 21:01:00,83.8
2025-06-12 17:17:00,8.8
2025-06-12 01:31:00,48.5
2025-06-12 20:05:00,82.1
2025-06-12 17:30:00,30.1
2025-06-12 04:24:00,68.2
2025-06-12 16:20:00,61.2
2025-06-12 05:14:00,90.6
2025-06-12 00:17:00,11.0
2025-06-12 06:18:00,2.4
2025-06-12 12:49:00,73.5
2025-06-12 12:46:00,24.7
2025-06-12 10:08:00,8.4
2025-06-12 02:24:00,50.313785814936594
2025-06-12 02:16:00,50.313785814936594
2025-06-12 10:51:00,69.5
2025-06-12 17:15:00,39.9
2025-06-12 04:28:00,85.9
2025-06-12 17:14:00,77.5
2025-06-12 11:45:00,3.0
2025-06-12 16:22:00,35.6
2025-06-12 19:39:00,36.0
2025-06-12 07:49:00,50.313785814936594
2025-06-12 12:55:00,88.1
2025-06-12 21:46:00,83.7
2025-06-12 19:12:00,55.6
2025-06-12 13:17:00,89.0
2025-06-12 13:59:00,32.0
2025-06-12 04:09:00,33.7
2025-06-12 05:21:00,95.9
2025-06-12 19:02:00,66.3
2025-06-12 02:59:00,7.0
2025-06-12 11:53:00,22.3
2025-06-12 05:48:00,16.0
2025-06-12 05:59:00,50.313785814936594
2025-06-12 02:05:00,50.5
2025-06-12 11:22:00,75.9
2025-06-12 20:48:00,50.313785814936594
2025-06-12 12:57:00,99.3
2025-06-12 21:34:00,25.8
2025-06-12 16:56:00,59.7
2025-06-12 23:29:00,4.1
2025-06-12 21:34:00,68.8
2025-06-12 19:28:00,0.3
2025-06-12 05:43:00,86.4
2025-06-12 13:20:00,50.313785814936594
2025-06-12 10:25:00,32.3
2025-06-12 04:46:00,41.8
2025-06-12 20:23:00,97.8
2025-06-12 20:57:00,93.8
2025-06-12 05:36:00,79.8
2025-06-12 18:20:00,50.313785814936594
2025-06-12 04:12:00,22.3
2025-06-12 09:21:00,81.6
2025-06-12 17:29:00,41.1
2025-06-12 01:02:00,60.7
2025-06-12 23:56:00,74.9
2025-06-12 01:13:00,93.7
2025-06-12 16:57:00,51.2
2025-06-12 05:27:00,36.3
2025-06-12 11:52:00,68.5
2025-06-12 14:12:00,50.313785814936594
2025-06-12 00:09:00,32.1
2025-06-12 03:48:00,61.5
2025-06-12 09:23:00,65.7
2025-06-12 01:39:00,93.1
2025-06-12 13:30:00,43.6
2025-06-12 15:14:00,90.4
2025-06-12 09:38:00,26.6
2025-06-12 08:58:00,50.313785814936594
2025-06-12 06:22:00,70.7
2025-06-12 01:02:00,71.5
2025-06-12 21:54:00,50.6
2025-06-12 19:48:00,70.9
2025-06-12 05:03:00,25.2
2025-06-12 04:23:00,23.0
2025-06-12 19:04:00,50.313785814936594
2025-06-12 05:28:00,64.6
2025-06-12 10:30:00,58.2
2025-06-12 18:04:00,85.8
2025-06-12 08:33:00,39.3
2025-06-12 22:54:00,19.6
2025-06-12 01:53:00,49.947505013566115
2025-06-12 03:18:00,51.2
2025-06-12 08:14:00,40.7
2025-06-12 03:15:00,25.1
2025-06-12 16:54:00,49.947505013566115
2025-06-12 06:34:00,17.4
2025-06-12 10:29:00,41.9
2025-06-12 06:43:00,76.1
2025-06-12 13:01:00,69.8
2025-06-12 22:26:00,9.2
2025-06-12 05:30:00,85.0
2025-06-12 22:07:00,7.7
2025-06-12 09:05:00,31.2
2025-06-12 20:24:00,34.6
2025-06-12 15:03:00,55.6
2025-06-12 10:32:00,54.8
2025-06-12 18:16:00,0.1
2025-06-12 08:24:00,20.3
2025-06-12 20:09:00,76.2
2025-06-12 01:24:00,5.2
2025-06-12 13:16:00,22.9
2025-06-12 01:13:00,29.4
2025-06-12 02:38:00,45.4
2025-06-12 14:57:00,1.7
2025-06-12 10:12:00,49.947505013566115
2025-06-12 13:29:00,49.947505013566115
2025-06-12 05:03:00,75.2
2025-06-12 02:01:00,40.6
2025-06-12 22:17:00,49.0
2025-06-12 20:12:00,24.7
2025-06-12 06:11:00,9.1
2025-06-12 19:50:00,31.5
2025-06-12 17:12:00,49.6
2025-06-12 06:05:00,53.1
2025-06-12 16:55:00,20.1
2025-06-12 02:35:00,49.947505013566115
2025-06-12 23:14:00,74.2
2025-06-12 03:45:00,12.9
2025-06-12 02:00:00,27.9
2025-06-12 06:55:00,26.3
2025-06-12 01:10:00,49.947505013566115
2025-06-12 23:54:00,39.8
2025-06-12 06:46:00,49.947505013566115
2025-06-12 02:01:00,72.3
2025-06-12 09:23:00,76.2
2025-06-12 01:51:00,29.7
2025-06-12 23:34:00,36.6
2025-06-12 02:47:00,27.1
2025-06-12 05:47:00,28.1
2025-06-12 07:52:00,36.0
2025-06-12 00:11:00,49.947505013566115
2025-06-12 14:08:00,49.947505013566115
2025-06-12 08:15:00,76.7
2025-06-12 20:06:00,49.947505013566115
2025-06-12 00:16:00,49.947505013566115
2025-06-12 05:37:00,93.0
2025-06-12 09:41:00,70.2
2025-06-12 05:29:00,93.1
2025-06-12 02:18:00,54.0
2025-06-12 07:35:00,49.947505013566115
2025-06-12 10:06:00,97.7
2025-06-12 06:40:00,85.9
2025-06-12 15:02:00,86.1
2025-06-12 22:56:00,79.9
2025-06-12 02:48:00,85.0
2025-06-12 07:02:00,5.5
2025-06-12 14:09:00,21.0
2025-06-12 09:19:00,33.8
2025-06-12 07:03:00,49.947505013566115
2025-06-12 10:41:00,32.6
2025-06-12 19:09:00,22.0
2025-06-12 18:37:00,42.4
2025-06-12 00:43:00,36.9
2025-06-12 16:33:00,22.6
2025-06-12 20:01:00,49.947505013566115
2025-06-12 03:26:00,69.8
2025-06-12 15:20:00,27.4
2025-06-12 05:27:00,60.3
2025-06-12 18:35:00,69.0
2025-06-12 14:05:00,67.7
2025-06-12 18:46:00,49.947505013566115
2025-06-12 17:11:00,55.3
2025-06-12 03:35:00,49.947505013566115
2025-06-12 05:43:00,6.8
2025-06-12 10:06:00,45.5
2025-06-12 05:01:00,49.947505013566115
2025-06-12 19:17:00,98.5
2025-06-12 16:46:00,29.2
2025-06-12 05:38:00,4.3
2025-06-12 07:50:00,63.7
2025-06-12 21:06:00,89.7
2025-06-12 06:52:00,77.2
2025-06-12 08:59:00,49.947505013566115
2025-06-12 21:06:00,33.4
2025-06-12 06:57:00,49.947505013566115
2025-06-12 06:58:00,92.8
2025-06-12 23:31:00,13.3
2025-06-12 01:08:00,49.947505013566115
2025-06-12 00:17:00,55.7
2025-06-12 10:53:00,1.9
2025-06-12 09:09:00,12.7
2025-06-12 04:46:00,49.947505013566115
2025-06-12 05:12:00,61.2
2025-06-12 16:30:00,45.3
2025-06-12 09:33:00,49.947505013566115
2025-06-12 08:12:00,34.4
2025-06-12 22:25:00,49.947505013566115
2025-06-12 06:17:00,16.7
2025-06-12 23:08:00,61.7
2025-06-12 04:19:00,17.3
2025-06-12 01:15:00,30.4
2025-06-12 07:11:00,37.8
2025-06-12 06:04:00,16.6
2025-06-12 01:05:00,17.9
2025-06-12 01:39:00,36.5
2025-06-12 21:34:00,85.5
2025-06-12 03:28:00,68.3
2025-06-12 21:52:00,49.947505013566115
2025-06-12 12:47:00,89.0
2025-06-12 07:13:00,1.3
2025-06-12 19:45:00,78.4
2025-06-12 03:37:00,31.2
2025-06-12 01:30:00,49.947505013566115
2025-06-12 17:51:00,39.1
2025-06-12 19:06:00,50.7
2025-06-12 12:06:00,19.5
2025-06-12 01:40:00,49.947505013566115
2025-06-12 21:09:00,63.9
2025-06-12 12:20:00,20.5
2025-06-12 14:11:00,71.4
2025-06-12 10:43:00,49.947505013566115
2025-06-12 13:02:00,68.6
2025-06-12 17:22:00,1.0
2025-06-12 15:56:00,77.6
2025-06-12 10:40:00,91.7
2025-06-12 19:15:00,80.6
2025-06-12 02:58:00,27.2
2025-06-12 07:25:00,8.9
2025-06-12 19:51:00,39.3
2025-06-12 12:59:00,11.0
2025-06-12 03:31:00,50.1
2025-06-12 15:43:00,63.1
2025-06-12 19:03:00,5.1
2025-06-12 23:06:00,71.0
2025-06-12 08:07:00,81.3
2025-06-12 20:51:00,89.8
2025-06-12 11:20:00,76.5
2025-06-12 02:17:00,6.5
2025-06-12 01:56:00,80.7
2025-06-12 16:34:00,93.9
2025-06-12 09:44:00,49.947505013566115
2025-06-12 09:53:00,49.947505013566115
2025-06-12 08:19:00,12.1
2025-06-12 16:27:00,67.5
2025-06-12 20:42:00,21.5
2025-06-12 12:36:00,78.4
2025-06-12 23:42:00,56.0
2025-06-12 00:03:00,49.947505013566115
2025-06-12 00:35:00,8.5
2025-06-12 05:29:00,12.7
2025-06-12 12:53:00,73.7
2025-06-12 12:56:00,9.1
2025-06-12 21:31:00,5.6
2025-06-12 05:48:00,3.8
2025-06-12 04:19:00,32.9
2025-06-12 19:23:00,51.2
2025-06-12 18:46:00,49.947505013566115
2025-06-12 07:03:00,1.5
2025-06-12 23:32:00,64.7
2025-06-12 00:19:00,28.2
2025-06-12 17:51:00,68.5
2025-06-12 05:22:00,3.9
2025-06-12 21:31:00,49.947505013566115
2025-06-12 10:16:00,49.947505013566115
2025-06-12 20:29:00,53.0
2025-06-12 23:36:00,43.3
2025-06-12 10:39:00,25.1
2025-06-12 20:56:00,1.0
2025-06-12 22:27:00,22.6
2025-06-12 17:22:00,6.0
2025-06-12 02:00:00,49.947505013566115
2025-06-12 09:48:00,79.3
2025-06-12 00:27:00,86.0
2025-06-12 22:08:00,5.6
2025-06-12 18:03:00,86.9
2025-06-12 17:30:00,7.6
2025-06-12 22:53:00,49.5
2025-06-12 14:39:00,49.947505013566115
2025-06-12 14:03:00,49.947505013566115
2025-06-12 23:09:00,29.9
2025-06-12 20:26:00,73.5
2025-06-12 15:38:00,49.947505013566115
2025-06-12 15:41:00,70.8
2025-06-12 05:28:00,83.0
2025-06-12 15:38:00,79.5
2025-06-12 19:47:00,49.947505013566115
2025-06-12 12:04:00,51.7
2025-06-12 08:03:00,30.5
2025-06-12 21:14:00,49.947505013566115
2025-06-12 11:26:00,41.3
2025-06-12 19:45:00,50.4
2025-06-12 14:43:00,49.947505013566115
2025-06-12 00:45:00,52.9
2025-06-12 08:56:00,2.7
2025-06-12 22:30:00,78.4
2025-06-12 12:06:00,84.5
2025-06-12 21:16:00,32.4
2025-06-12 01:02:00,81.1
2025-06-12 13:09:00,67.7
2025-06-12 05:46:00,97.8
2025-06-12 22:09:00,84.3
2025-06-12 03:21:00,84.9
2025-06-12 05:34:00,64.6
2025-06-12 18:50:00,42.3
2025-06-12 17:07:00,53.1
2025-06-12 00:28:00,49.947505013566115
2025-06-12 16:53:00,92.0
2025-06-12 06:09:00,84.3
2025-06-12 15:04:00,30.1
2025-06-12 14:21:00,24.9
2025-06-12 20:06:00,67.5
2025-06-12 19:36:00,8.2
2025-06-12 00:04:00,45.4
2025-06-12 14:50:00,42.6
2025-06-12 03:19:00,3.0
2025-06-12 14:59:00,5.3
2025-06-12 10:51:00,39.0
2025-06-12 06:04:00,80.7
2025-06-12 10:03:00,2.0
2025-06-12 14:02:00,49.947505013566115
2025-06-12 18:44:00,55.5
2025-06-12 22:15:00,89.0
2025-06-12 04:50:00,86.2
2025-06-12 13:40:00,15.3
2025-06-12 14:37:00,49.947505013566115
2025-06-12 17:12:00,72.0
2025-06-12 02:04:00,61.7
2025-06-12 02:40:00,19.4
2025-06-12 13:05:00,90.3
2025-06-12 09:49:00,60.1
2025-06-12 11:49:00,18.9
2025-06-12 01:44:00,16.3
2025-06-12 15:32:00,73.0
2025-06-12 12:54:00,63.9
2025-06-12 02:05:00,10.9
2025-06-12 06:01:00,54.3
2025-06-12 15:46:00,76.4
2025-06-12 10:35:00,3.6
2025-06-12 04:33:00,49.947505013566115
2025-06-12 00:46:00,96.2
2025-06-12 18:24:00,49.947505013566115
2025-06-12 14:39:00,61.7
2025-06-12 14:05:00,63.0
2025-06-12 00:10:00,4.3
2025-06-12 18:04:00,82.5
2025-06-12 06:52:00,85.8
2025-06-12 21:15:00,15.7
2025-06-12 10:05:00,11.1
2025-06-12 12:05:00,76.4
2025-06-12 20:04:00,39.4
2025-06-12 10:44:00,49.947505013566115
2025-06-12 13:31:00,56.1
2025-06-12 16:50:00,98.3
2025-06-12 04:48:00,41.7
2025-06-12 02:19:00,3.6
2025-06-12 11:56:00,37.4
2025-06-12 15:08:00,74.0
2025-06-12 07:58:00,89.2
2025-06-12 12:28:00,81.2
2025-06-12 12:17:00,90.0
2025-06-12 04:14:00,32.2
2025-06-12 09:09:00,65.1
2025-06-12 00:02:00,84.8
2025-06-12 02:33:00,95.1
2025-06-12 20:32:00,57.1
2025-06-12 02:22:00,95.0
2025-06-12 00:19:00,49.947505013566115
2025-06-12 03:41:00,25.8
2025-06-12 00:12:00,36.3
2025-06-12 12:24:00,63.9
2025-06-12 20:18:00,49.947505013566115
2025-06-12 09:38:00,44.5
2025-06-12 05:22:00,95.8
2025-06-12 11:52:00,49.947505013566115
2025-06-12 23:35:00,43.0
2025-06-12 17:48:00,41.1
2025-06-12 16:44:00,96.7
2025-06-12 00:54:00,57.9
2025-06-12 19:07:00,49.947505013566115
2025-06-12 04:09:00,41.8
2025-06-12 22:18:00,49.947505013566115
2025-06-12 16:45:00,38.3
2025-06-12 02:19:00,72.3
2025-06-12 04:33:00,95.3
2025-06-12 07:58:00,93.5
2025-06-12 03:16:00,49.947505013566115
2025-06-12 19:37:00,48.0
2025-06-12 00:38:00,49.947505013566115
2025-06-12 14:33:00,13.7
2025-06-12 22:43:00,56.8
2025-06-12 21:05:00,96.9
2025-06-12 09:59:00,85.2
2025-06-12 14:52:00,49.947505013566115
2025-06-12 23:25:00,43.2
2025-06-12 18:57:00,77.9
2025-06-12 14:49:00,93.1
2025-06-12 11:01:00,42.3
2025-06-12 05:39:00,17.8
2025-06-12 16:26:00,59.0
2025-06-12 05:12:00,85.8
2025-06-12 23:23:00,8.2
2025-06-12 11:02:00,20.7
2025-06-12 19:01:00,5.1
2025-06-12 12:25:00,10.1
2025-06-12 18:27:00,7.4
2025-06-12 12:45:00,49.947505013566115
2025-06-12 06:43:00,30.4
2025-06-12 16:27:00,18.8
2025-06-12 17:00:00,49.947505013566115
2025-06-12 01:01:00,35.3
2025-06-12 21:23:00,70.7
2025-06-12 06:33:00,56.8
2025-06-12 10:22:00,19.1
2025-06-12 09:59:00,55.5
2025-06-12 21:07:00,20.8
2025-06-12 08:51:00,57.9
2025-06-12 21:55:00,76.3
2025-06-12 13:45:00,36.4
2025-06-12 15:09:00,96.8
2025-06-12 21:57:00,95.0
2025-06-12 08:43:00,32.4
2025-06-12 07:50:00,27.7
2025-06-12 04:55:00,91.6
2025-06-12 13:38:00,3.0
2025-06-12 09:53:00,49.0
2025-06-12 07:58:00,99.5
2025-06-12 00:05:00,50.31471380077256
2025-06-12 09:51:00,75.5
2025-06-12 15:19:00,49.4
2025-06-12 01:51:00,81.3
2025-06-12 03:21:00,22.5
2025-06-12 18:19:00,49.9
2025-06-12 10:03:00,58.9
2025-06-12 21:48:00,61.5
2025-06-12 22:41:00,7.7
2025-06-12 12:25:00,8.4
2025-06-12 17:47:00,50.31471380077256
2025-06-12 10:45:00,48.0
2025-06-12 01:00:00,65.6
2025-06-12 15:21:00,89.0
2025-06-12 02:34:00,36.8
2025-06-12 00:04:00,48.2
2025-06-12 23:07:00,40.3
2025-06-12 06:32:00,16.0
2025-06-12 14:32:00,50.31471380077256
2025-06-12 19:39:00,15.6
2025-06-12 13:19:00,50.31471380077256
2025-06-12 19:02:00,92.7
2025-06-12 06:54:00,7.1
2025-06-12 01:00:00,93.0
2025-06-12 10:01:00,23.8
2025-06-12 13:44:00,87.3
2025-06-12 14:38:00,4.8
2025-06-12 00:54:00,78.2
2025-06-12 22:29:00,98.0
2025-06-12 15:23:00,50.31471380077256
2025-06-12 18:06:00,2.2
2025-06-12 12:56:00,99.4
2025-06-12 06:13:00,50.31471380077256
2025-06-12 07:58:00,50.31471380077256
2025-06-12 13:17:00,72.9
2025-06-12 18:54:00,54.9
2025-06-12 15:27:00,68.2
2025-06-12 00:26:00,21.2
2025-06-12 00:41:00,3.9
2025-06-12 22:54:00,92.1
2025-06-12 12:15:00,51.2
2025-06-12 07:55:00,37.2
2025-06-12 21:08:00,50.31471380077256
2025-06-12 06:29:00,98.2
2025-06-12 20:47:00,92.8
2025-06-12 02:00:00,70.2
2025-06-12 07:29:00,53.7
2025-06-12 00:50:00,66.4
2025-06-12 07:08:00,40.9
2025-06-12 00:26:00,67.1
2025-06-12 06:33:00,4.0
2025-06-12 07:02:00,90.4
2025-06-12 06:12:00,19.4
2025-06-12 22:27:00,93.3
2025-06-12 03:52:00,50.31471380077256
2025-06-12 18:37:00,6.7
2025-06-12 14:07:00,23.4
2025-06-12 06:37:00,46.4
2025-06-12 11:15:00,11.2
2025-06-12 11:10:00,14.3
2025-06-12 15:25:00,55.9
2025-06-12 12:33:00,75.5
2025-06-12 15:42:00,75.6
2025-06-12 18:15:00,37.7
2025-06-12 01:59:00,50.31471380077256
2025-06-12 05:26:00,29.0
2025-06-12 10:55:00,50.31471380077256
2025-06-12 14:37:00,10.0
2025-06-12 04:25:00,95.0
2025-06-12 13:17:00,87.8
2025-06-12 09:27:00,23.1
2025-06-12 07:27:00,50.31471380077256
2025-06-12 21:12:00,50.31471380077256
2025-06-12 22:41:00,50.31471380077256
2025-06-12 18:48:00,5.1
2025-06-12 23:05:00,28.2
2025-06-12 14:35:00,37.8
2025-06-12 01:39:00,70.9
2025-06-12 07:59:00,41.0
2025-06-12 23:59:00,16.0
2025-06-12 00:58:00,80.9
2025-06-12 07:04:00,54.9
2025-06-12 21:23:00,26.9
2025-06-12 13:59:00,50.31471380077256
2025-06-12 11:55:00,46.3
2025-06-12 15:37:00,31.9
2025-06-12 07:11:00,44.8
2025-06-12 08:29:00,76.8
2025-06-12 14:35:00,50.31471380077256
2025-06-12 19:07:00,89.5
2025-06-12 17:52:00,50.31471380077256
2025-06-12 03:18:00,3.7
2025-06-12 05:33:00,15.4
2025-06-12 03:11:00,57.6
2025-06-12 09:08:00,68.0
2025-06-12 18:30:00,14.5
2025-06-12 22:36:00,72.6
2025-06-12 12:34:00,60.7
2025-06-12 22:48:00,85.2
2025-06-12 16:47:00,28.1
2025-06-12 18:14:00,48.1
2025-06-12 09:21:00,73.8
2025-06-12 01:44:00,26.2
2025-06-12 21:15:00,63.1
2025-06-12 11:24:00,50.31471380077256
2025-06-12 19:32:00,45.0
2025-06-12 05:36:00,50.31471380077256
2025-06-12 11:49:00,1.3
2025-06-12 10:20:00,50.31471380077256
2025-06-12 22:57:00,83.0
2025-06-12 06:00:00,45.2
2025-06-12 17:59:00,41.8
2025-06-12 13:01:00,39.8
2025-06-12 05:40:00,28.4
2025-06-12 15:10:00,84.8
2025-06-12 02:43:00,84.9
2025-06-12 12:39:00,93.0
2025-06-12 04:48:00,43.0
2025-06-12 01:45:00,8.4
2025-06-12 03:56:00,83.7
2025-06-12 16:57:00,12.9
2025-06-12 23:08:00,86.7
2025-06-12 10:26:00,26.8
2025-06-12 07:03:00,50.31471380077256
2025-06-12 22:35:00,3.7
2025-06-12 22:41:00,96.3
2025-06-12 19:14:00,71.8
2025-06-12 05:04:00,70.4
2025-06-12 18:43:00,73.7
2025-06-12 19:11:00,0.7
2025-06-12 14:00:00,26.1
2025-06-12 10:19:00,42.2
2025-06-12 05:04:00,29.6
2025-06-12 06:59:00,60.4
2025-06-12 23:54:00,45.7
2025-06-12 14:24:00,59.0
2025-06-12 11:37:00,59.2
2025-06-12 00:44:00,80.8
2025-06-12 22:39:00,6.2
2025-06-12 13:50:00,34.6
2025-06-12 06:18:00,82.8
2025-06-12 21:51:00,50.31471380077256
2025-06-12 23:36:00,5.1
2025-06-12 02:17:00,63.0
2025-06-12 08:25:00,50.31471380077256
2025-06-12 20:23:00,88.1
2025-06-12 14:23:00,35.7
2025-06-12 16:33:00,67.0
2025-06-12 04:16:00,6.5
2025-06-12 06:55:00,94.3
2025-06-12 10:37:00,50.31471380077256
2025-06-12 23:13:00,28.7
2025-06-12 18:38:00,87.3
2025-06-12 23:08:00,1.2
2025-06-12 14:01:00,55.2
2025-06-12 16:24:00,19.4
2025-06-12 09:49:00,44.4
2025-06-12 22:39:00,0.6
2025-06-12 01:08:00,81.5
2025-06-12 18:16:00,9.1
2025-06-12 16:29:00,44.7
2025-06-12 09:23:00,97.6
2025-06-12 18:35:00,50.31471380077256
2025-06-12 22:21:00,83.6
2025-06-12 18:32:00,27.1
2025-06-12 02:52:00,8.0
2025-06-12 12:06:00,37.9
2025-06-12 20:04:00,65.2
2025-06-12 15:29:00,83.4
2025-06-12 08:07:00,73.3
2025-06-12 07:23:00,50.8
2025-06-12 00:29:00,35.5
2025-06-12 12:46:00,37.4
2025-06-12 18:52:00,19.0
2025-06-12 00:28:00,50.31471380077256
2025-06-12 03:37:00,68.4
2025-06-12 12:44:00,58.6
2025-06-12 12:47:00,32.7
2025-06-12 09:58:00,3.4
2025-06-12 07:22:00,42.7
2025-06-12 21:18:00,13.7
2025-06-12 10:33:00,50.31471380077256
2025-06-12 17:09:00,1.0
2025-06-12 03:48:00,68.1
2025-06-12 02:06:00,50.31471380077256
2025-06-12 04:03:00,7.4
2025-06-12 06:14:00,22.9
2025-06-12 15:48:00,63.9
2025-06-12 07:34:00,92.9
2025-06-12 06:30:00,48.7
2025-06-12 11:27:00,64.0
2025-06-12 16:43:00,20.6
2025-06-12 07:08:00,59.6
2025-06-12 23:29:00,66.7
2025-06-12 01:57:00,76.5
2025-06-12 21:51:00,50.31471380077256
2025-06-12 20:58:00,65.8
2025-06-12 09:15:00,59.3
2025-06-12 06:13:00,23.1
2025-06-12 19:23:00,40.4
2025-06-12 08:54:00,50.31471380077256
2025-06-12 18:17:00,11.0
2025-06-12 03:58:00,95.6
2025-06-12 05:36:00,51.6
2025-06-12 04:17:00,99.5
2025-06-12 13:52:00,69.5
2025-06-12 20:18:00,62.2
2025-06-12 00:04:00,59.8
2025-06-12 08:41:00,69.1
2025-06-12 08:02:00,37.7
2025-06-12 06:41:00,13.9
2025-06-12 14:52:00,53.8
2025-06-12 23:14:00,55.2
2025-06-12 09:16:00,37.2
2025-06-12 03:16:00,74.3
2025-06-12 21:50:00,30.9
2025-06-12 18:48:00,22.0
2025-06-12 13:37:00,84.5
2025-06-12 23:48:00,53.4
2025-06-12 09:51:00,50.31471380077256
2025-06-12 04:10:00,98.2
2025-06-12 18:04:00,50.31471380077256
2025-06-12 20:29:00,66.3
2025-06-12 03:54:00,6.6
2025-06-12 20:29:00,96.1
2025-06-12 11:48:00,38.9
2025-06-12 01:39:00,93.9
2025-06-12 18:51:00,36.3
2025-06-12 20:46:00,89.8
2025-06-12 01:38:00,30.8
2025-06-12 18:41:00,42.2
2025-06-12 18:37:00,20.4
2025-06-12 09:34:00,16.7
2025-06-12 06:14:00,50.31471380077256
2025-06-12 06:58:00,51.0
2025-06-12 12:52:00,95.4
2025-06-12 06:46:00,52.3
2025-06-12 10:50:00,14.9
2025-06-12 17:18:00,50.31471380077256
2025-06-12 23:47:00,10.7
2025-06-12 17:25:00,50.4
2025-06-12 11:51:00,24.3
2025-06-12 11:19:00,24.5
2025-06-12 10:57:00,50.31471380077256
2025-06-12 19:25:00,50.31471380077256
2025-06-12 13:08:00,30.8
2025-06-12 17:39:00,50.31471380077256
2025-06-12 23:38:00,19.4
2025-06-12 00:41:00,78.8
2025-06-12 02:56:00,11.4
2025-06-12 16:19:00,79.8
2025-06-12 01:43:00,1.3
2025-06-12 03:03:00,78.8
2025-06-12 12:10:00,44.0
2025-06-12 10:13:00,1.8
2025-06-12 02:24:00,50.31471380077256
2025-06-12 07:37:00,64.0
2025-06-12 06:26:00,68.8
2025-06-12 00:32:00,90.8
2025-06-12 19:53:00,26.7
2025-06-12 18:34:00,86.1
2025-06-12 10:46:00,19.7
2025-06-12 16:08:00,71.7
2025-06-12 15:45:00,18.4
2025-06-12 12:25:00,79.5
2025-06-12 05:58:00,67.1
2025-06-12 02:43:00,72.4
2025-06-12 00:39:00,40.7
2025-06-12 19:28:00,22.3
2025-06-12 23:47:00,29.6
2025-06-12 21:43:00,86.4
2025-06-12 08:29:00,65.5
2025-06-12 03:12:00,50.31471380077256
2025-06-12 13:33:00,56.4
2025-06-12 13:30:00,9.5
2025-06-12 02:57:00,17.9
2025-06-12 05:15:00,61.5
2025-06-12 22:21:00,74.5
2025-06-12 03:21:00,95.2
2025-06-12 12:25:00,43.5
2025-06-12 17:22:00,3.9
2025-06-12 21:57:00,73.8
2025-06-12 14:01:00,10.3
2025-06-12 07:57:00,97.9
2025-06-12 18:55:00,93.0
2025-06-12 16:44:00,84.6
2025-06-12 01:43:00,50.31471380077256
2025-06-12 10:43:00,39.2
2025-06-12 01:16:00,78.1
2025-06-12 19:23:00,38.0
2025-06-12 00:12:00,26.3
2025-06-12 16:59:00,50.31471380077256
2025-06-12 23:00:00,50.31471380077256
2025-06-12 14:43:00,88.9
2025-06-12 17:53:00,20.1
2025-06-12 10:54:00,50.4
2025-06-12 23:51:00,84.3
2025-06-12 15:47:00,43.3
2025-06-12 18:08:00,23.8
2025-06-12 13:59:00,50.31471380077256
2025-06-12 00:07:00,20.8
2025-06-12 06:14:00,85.3
2025-06-12 09:33:00,43.0
2025-06-12 00:52:00,72.7
2025-06-12 12:02:00,43.2
2025-06-12 17:18:00,3.2
2025-06-12 01:29:00,55.4
2025-06-12 21:39:00,41.2
2025-06-12 07:06:00,26.9
2025-06-12 07:52:00,7.5
2025-06-12 07:00:00,48.5
2025-06-12 16:08:00,46.9
2025-06-12 18:23:00,45.3
2025-06-12 05:33:00,47.2
2025-06-12 13:15:00,50.31471380077256
2025-06-12 18:42:00,16.7
2025-06-12 16:22:00,28.7
2025-06-12 06:54:00,78.1
2025-06-12 20:22:00,32.2
2025-06-12 01:10:00,23.5
2025-06-12 11:19:00,89.1
2025-06-12 20:50:00,21.9
2025-06-12 13:14:00,9.2
2025-06-12 13:00:00,51.9
2025-06-12 00:12:00,37.8
2025-06-12 09:01:00,33.5
2025-06-12 20:01:00,40.5
2025-06-12 18:43:00,11.4
2025-06-12 01:30:00,5.1
2025-06-12 04:52:00,73.0
2025-06-12 19:36:00,49.873700916999766
2025-06-12 13:26:00,49.873700916999766
2025-06-12 16:55:00,34.9
2025-06-12 05:42:00,53.3
2025-06-12 01:34:00,83.7
2025-06-12 17:11:00,24.1
2025-06-12 22:04:00,65.4
2025-06-12 14:06:00,26.5
2025-06-12 03:51:00,68.6
2025-06-12 22:25:00,1.3
2025-06-12 20:49:00,52.0
2025-06-12 14:24:00,63.9
2025-06-12 00:52:00,15.4
2025-06-12 08:08:00,76.5
2025-06-12 13:00:00,49.873700916999766
2025-06-12 01:43:00,9.2
2025-06-12 19:38:00,34.8
2025-06-12 15:18:00,15.7
2025-06-12 19:57:00,49.873700916999766
2025-06-12 08:09:00,66.1
2025-06-12 10:17:00,28.0
2025-06-12 13:54:00,49.873700916999766
2025-06-12 07:45:00,49.873700916999766
2025-06-12 11:14:00,81.0
2025-06-12 14:38:00,15.8
2025-06-12 13:44:00,53.6
2025-06-12 15:28:00,49.873700916999766
2025-06-12 08:35:00,81.1
2025-06-12 07:38:00,82.4
2025-06-12 08:36:00,49.873700916999766
2025-06-12 21:08:00,92.8
2025-06-12 15:55:00,24.4
2025-06-12 09:05:00,65.6
2025-06-12 02:11:00,5.3
2025-06-12 18:17:00,46.1
2025-06-12 11:48:00,97.6
2025-06-12 00:10:00,66.9
2025-06-12 19:49:00,68.7
2025-06-12 04:44:00,49.873700916999766
2025-06-12 06:46:00,49.873700916999766
2025-06-12 06:11:00,84.1
2025-06-12 01:29:00,35.1
2025-06-12 14:51:00,9.7
2025-06-12 03:32:00,36.2
2025-06-12 21:30:00,39.4
2025-06-12 20:02:00,95.7
2025-06-12 09:11:00,50.5
2025-06-12 01:23:00,52.5
2025-06-12 08:10:00,22.3
2025-06-12 11:43:00,41.4
2025-06-12 14:00:00,80.4
2025-06-12 12:32:00,73.8
2025-06-12 11:24:00,93.4
2025-06-12 11:00:00,2.9
2025-06-12 11:00:00,63.3
2025-06-12 23:15:00,65.2
2025-06-12 00:57:00,68.0
2025-06-12 15:46:00,87.4
2025-06-12 10:20:00,55.6
2025-06-12 08:58:00,49.873700916999766
2025-06-12 22:58:00,52.3
2025-06-12 21:58:00,50.5
2025-06-12 16:42:00,2.0
2025-06-12 09:39:00,64.1
2025-06-12 15:37:00,26.2
2025-06-12 14:38:00,49.873700916999766
2025-06-12 17:12:00,18.4
2025-06-12 06:02:00,89.5
2025-06-12 13:24:00,19.4
2025-06-12 19:03:00,32.5
2025-06-12 05:26:00,88.3
2025-06-12 01:26:00,54.7
2025-06-12 02:56:00,23.4
2025-06-12 10:09:00,3.0
2025-06-12 13:42:00,47.8
2025-06-12 17:08:00,80.4
2025-06-12 00:48:00,45.1
2025-06-12 12:53:00,88.9
2025-06-12 20:33:00,49.7
2025-06-12 17:59:00,46.9
2025-06-12 01:53:00,69.6
2025-06-12 09:41:00,68.6
2025-06-12 10:51:00,63.4
2025-06-12 04:58:00,49.873700916999766
2025-06-12 14:12:00,51.5
2025-06-12 13:17:00,88.2
2025-06-12 20:55:00,38.1
2025-06-12 17:41:00,42.7
2025-06-12 10:30:00,64.8
2025-06-12 00:22:00,37.7
2025-06-12 04:01:00,4.1
2025-06-12 08:37:00,82.0
2025-06-12 02:13:00,64.5
2025-06-12 13:29:00,69.3
2025-06-12 09:08:00,57.7
2025-06-12 12:34:00,19.5
2025-06-12 16:40:00,7.4
2025-06-12 11:35:00,59.8
2025-06-12 06:13:00,98.4
2025-06-12 12:41:00,40.4
2025-06-12 13:43:00,80.4
2025-06-12 18:06:00,32.6
2025-06-12 09:23:00,84.6
2025-06-12 20:13:00,87.3
2025-06-12 12:50:00,76.8
2025-06-12 05:33:00,49.873700916999766
2025-06-12 01:53:00,90.9
2025-06-12 19:43:00,33.9
2025-06-12 12:02:00,8.1
2025-06-12 09:03:00,82.5
2025-06-12 22:49:00,79.5
2025-06-12 18:55:00,52.4
2025-06-12 18:52:00,49.873700916999766
2025-06-12 16:53:00,14.7
2025-06-12 23:06:00,69.8
2025-06-12 23:28:00,41.8
2025-06-12 05:01:00,17.5
2025-06-12 14:13:00,55.0
2025-06-12 19:54:00,6.0
2025-06-12 04:42:00,0.1
2025-06-12 06:27:00,11.9
2025-06-12 03:43:00,49.873700916999766
2025-06-12 02:08:00,71.2
2025-06-12 13:59:00,48.4
2025-06-12 04:31:00,57.5
2025-06-12 11:04:00,49.873700916999766
2025-06-12 20:45:00,81.5
2025-06-12 19:41:00,84.2
2025-06-12 10:55:00,49.873700916999766
2025-06-12 10:39:00,49.873700916999766
2025-06-12 11:37:00,70.0
2025-06-12 03:32:00,2.1
2025-06-12 07:03:00,49.873700916999766
2025-06-12 02:38:00,52.8
2025-06-12 11:27:00,5.3
2025-06-12 15:06:00,49.873700916999766
2025-06-12 09:56:00,54.7
2025-06-12 02:25:00,49.873700916999766
2025-06-12 10:13:00,10.0
2025-06-12 22:31:00,29.5
2025-06-12 08:00:00,61.8
2025-06-12 22:56:00,16.0
2025-06-12 05:10:00,1.2
2025-06-12 19:08:00,0.7
2025-06-12 16:24:00,49.873700916999766
2025-06-12 17:27:00,58.0
2025-06-12 11:11:00,17.2
2025-06-12 21:47:00,49.873700916999766
2025-06-12 13:44:00,11.0
2025-06-12 13:12:00,80.3
2025-06-12 08:18:00,47.8
2025-06-12 01:25:00,3.2
2025-06-12 18:12:00,29.9
2025-06-12 11:38:00,26.3
2025-06-12 14:34:00,44.8
2025-06-12 20:21:00,76.7
2025-06-12 18:18:00,3.4
2025-06-12 01:02:00,73.9
2025-06-12 01:35:00,52.0
2025-06-12 02:53:00,6.5
2025-06-12 18:48:00,23.2
2025-06-12 14:57:00,86.5
2025-06-12 20:46:00,91.0
2025-06-12 09:47:00,39.9
2025-06-12 02:50:00,49.873700916999766
2025-06-12 14:37:00,49.873700916999766
2025-06-12 00:44:00,26.0
2025-06-12 01:00:00,68.7
2025-06-12 20:46:00,34.1
2025-06-12 15:04:00,93.0
2025-06-12 01:07:00,20.0
2025-06-12 17:33:00,78.9
2025-06-12 22:33:00,12.1
2025-06-12 04:37:00,49.873700916999766
2025-06-12 17:00:00,34.8
2025-06-12 08:41:00,8.0
2025-06-12 23:10:00,2.5
2025-06-12 12:59:00,96.9
2025-06-12 05:04:00,56.2
2025-06-12 15:49:00,66.6
2025-06-12 08:14:00,4.0
2025-06-12 01:47:00,56.4
2025-06-12 05:01:00,49.873700916999766
2025-06-12 02:20:00,75.3
2025-06-12 10:31:00,50.3
2025-06-12 11:42:00,69.9
2025-06-12 18:26:00,74.7
2025-06-12 13:11:00,99.8
2025-06-12 15:06:00,49.873700916999766
2025-06-12 18:33:00,75.4
2025-06-12 23:26:00,3.8
2025-06-12 16:19:00,71.5
2025-06-12 11:09:00,6.4
2025-06-12 14:34:00,61.9
2025-06-12 07:11:00,78.8
2025-06-12 11:04:00,68.1
2025-06-12 19:12:00,82.5
2025-06-12 16:51:00,16.3
2025-06-12 23:34:00,1.2
2025-06-12 16:29:00,76.5
2025-06-12 18:17:00,28.9
2025-06-12 18:47:00,42.0
2025-06-12 08:09:00,86.7
2025-06-12 19:52:00,22.6
2025-06-12 00:37:00,86.5
2025-06-12 11:26:00,19.6
2025-06-12 13:17:00,49.873700916999766
2025-06-12 16:43:00,63.4
2025-06-12 07:49:00,53.8
2025-06-12 21:03:00,28.8
2025-06-12 08:47:00,50.3
2025-06-12 02:53:00,28.2
2025-06-12 14:20:00,45.1
2025-06-12 10:13:00,35.6
2025-06-12 20:29:00,58.4
2025-06-12 18:09:00,85.2
2025-06-12 13:52:00,4.1
2025-06-12 22:02:00,49.1
2025-06-12 17:59:00,22.3
2025-06-12 00:45:00,29.9
2025-06-12 21:25:00,93.9
2025-06-12 06:11:00,83.4
2025-06-12 02:33:00,19.1
2025-06-12 18:56:00,87.5
2025-06-12 04:03:00,6.9
2025-06-12 08:27:00,83.7
2025-06-12 01:33:00,45.3
2025-06-12 17:43:00,17.1
2025-06-12 15:03:00,67.5
2025-06-12 11:31:00,34.0
2025-06-12 18:46:00,45.7
2025-06-12 00:31:00,80.9
2025-06-12 16:05:00,74.6
2025-06-12 20:19:00,49.873700916999766
2025-06-12 11:29:00,49.873700916999766
2025-06-12 13:08:00,64.9
2025-06-12 01:19:00,49.873700916999766
2025-06-12 11:24:00,34.7
2025-06-12 03:36:00,12.2
2025-06-12 23:19:00,95.5
2025-06-12 05:04:00,68.5
2025-06-12 07:48:00,38.6
2025-06-12 18:23:00,25.7
2025-06-12 22:17:00,16.6
2025-06-12 06:02:00,49.873700916999766
2025-06-12 06:08:00,91.2
2025-06-12 17:42:00,1.8
2025-06-12 14:46:00,80.2
2025-06-12 13:39:00,11.9
2025-06-12 21:11:00,66.9
2025-06-12 00:29:00,46.2
2025-06-12 11:05:00,36.3
2025-06-12 03:19:00,70.4
2025-06-12 12:15:00,71.4
2025-06-12 19:46:00,35.3
2025-06-12 03:25:00,28.2
2025-06-12 07:39:00,49.5
2025-06-12 05:43:00,45.7
2025-06-12 01:42:00,21.8
2025-06-12 02:02:00,49.873700916999766
2025-06-12 06:35:00,83.0
2025-06-12 05:09:00,17.5
2025-06-12 22:24:00,34.7
2025-06-12 05:19:00,11.0
2025-06-12 09:26:00,94.6
2025-06-12 13:06:00,91.6
2025-06-12 16:40:00,82.6
2025-06-12 23:07:00,88.7
2025-06-12 03:08:00,15.9
2025-06-12 10:50:00,88.0
2025-06-12 21:11:00,55.0
2025-06-12 00:15:00,21.2
2025-06-12 03:59:00,22.6
2025-06-12 03:41:00,4.6
2025-06-12 03:36:00,51.4
2025-06-12 12:34:00,43.5
2025-06-12 11:33:00,31.2
2025-06-12 09:43:00,90.0
2025-06-12 00:24:00,69.8
2025-06-12 07:15:00,74.2
2025-06-12 17:31:00,42.1
2025-06-12 08:44:00,20.4
2025-06-12 02:10:00,12.0
2025-06-12 00:23:00,53.1
2025-06-12 09:38:00,49.873700916999766
2025-06-12 13:17:00,38.9
2025-06-12 05:45:00,23.2
2025-06-12 14:35:00,17.9
2025-06-12 16:13:00,35.3
2025-06-12 05:14:00,60.1
2025-06-12 11:17:00,97.9
2025-06-12 20:43:00,60.4
2025-06-12 01:58:00,62.5
2025-06-12 06:18:00,49.873700916999766
2025-06-12 01:15:00,82.1
2025-06-12 10:59:00,63.8
2025-06-12 23:07:00,45.7
2025-06-12 10:12:00,88.8
2025-06-12 20:48:00,56.1
2025-06-12 21:57:00,12.2
2025-06-12 17:51:00,95.6
2025-06-12 17:20:00,10.4
2025-06-12 03:49:00,65.8
2025-06-12 14:32:00,99.9
2025-06-12 22:36:00,36.5
2025-06-12 02:05:00,53.8
2025-06-12 14:26:00,37.8
2025-06-12 06:49:00,46.4
2025-06-12 00:41:00,14.5
2025-06-12 05:23:00,33.5
2025-06-12 13:37:00,94.0
2025-06-12 14:58:00,78.3
2025-06-12 13:04:00,66.8
2025-06-12 07:50:00,3.1
2025-06-12 11:04:00,82.2
2025-06-12 05:52:00,98.8
2025-06-12 15:04:00,19.2
2025-06-12 14:43:00,67.3
2025-06-12 01:41:00,21.0
2025-06-12 22:12:00,14.9
2025-06-12 21:01:00,11.0
2025-06-12 17:07:00,82.8
2025-06-12 12:35:00,84.0
2025-06-12 10:59:00,35.1
2025-06-12 20:12:00,49.660353652861794
2025-06-12 01:47:00,40.2
2025-06-12 15:12:00,47.1
2025-06-12 09:04:00,0.9
2025-06-12 18:18:00,58.1
2025-06-12 20:40:00,12.6
2025-06-12 11:06:00,87.0
2025-06-12 08:38:00,49.660353652861794
2025-06-12 06:46:00,1.0
2025-06-12 17:57:00,96.9
2025-06-12 07:25:00,63.5
2025-06-12 06:16:00,2.1
2025-06-12 04:06:00,76.0
2025-06-12 03:30:00,0.9
2025-06-12 19:35:00,49.660353652861794
2025-06-12 23:28:00,93.6
2025-06-12 04:32:00,49.660353652861794
2025-06-12 04:50:00,87.6
2025-06-12 17:17:00,73.0
2025-06-12 18:05:00,3.1
2025-06-12 11:37:00,50.2
2025-06-12 09:31:00,49.0
2025-06-12 12:37:00,76.6
2025-06-12 18:16:00,3.9
2025-06-12 11:22:00,82.6
2025-06-12 16:28:00,98.3
2025-06-12 13:02:00,54.6
2025-06-12 20:57:00,52.4
2025-06-12 14:36:00,22.2
2025-06-12 08:48:00,0.8
2025-06-12 06:06:00,59.4
2025-06-12 22:01:00,0.6
2025-06-12 22:48:00,49.660353652861794
2025-06-12 18:17:00,0.4
2025-06-12 12:37:00,70.6
2025-06-12 23:45:00,38.5
2025-06-12 05:43:00,49.660353652861794
2025-06-12 21:42:00,49.6
2025-06-12 22:14:00,49.660353652861794
2025-06-12 22:08:00,85.7
2025-06-12 14:20:00,70.7
2025-06-12 04:03:00,95.8
2025-06-12 03:31:00,88.8
2025-06-12 23:41:00,49.660353652861794
2025-06-12 12:38:00,29.8
2025-06-12 08:45:00,59.3
2025-06-12 19:24:00,61.1
2025-06-12 08:04:00,49.660353652861794
2025-06-12 07:02:00,43.2
2025-06-12 12:55:00,71.1
2025-06-12 10:52:00,59.7
2025-06-12 16:19:00,57.2
2025-06-12 00:21:00,49.660353652861794
2025-06-12 04:22:00,68.5
2025-06-12 10:31:00,75.0
2025-06-12 17:02:00,52.4
2025-06-12 22:36:00,96.5
2025-06-12 20:11:00,49.660353652861794
2025-06-12 08:51:00,1.8
2025-06-12 01:29:00,49.660353652861794
2025-06-12 13:02:00,49.660353652861794
2025-06-12 03:16:00,67.7
2025-06-12 08:25:00,53.0
2025-06-12 19:06:00,29.8
2025-06-12 17:02:00,13.4
2025-06-12 00:46:00,13.2
2025-06-12 03:30:00,58.4
2025-06-12 14:16:00,72.7
2025-06-12 18:44:00,48.2
2025-06-12 03:45:00,67.4
2025-06-12 08:59:00,92.8
2025-06-12 09:06:00,20.6
2025-06-12 21:44:00,24.2
2025-06-12 14:37:00,72.5
2025-06-12 12:05:00,40.2
2025-06-12 17:20:00,24.8
2025-06-12 06:54:00,62.2
2025-06-12 06:07:00,85.6
2025-06-12 06:11:00,1.9
2025-06-12 01:09:00,16.3
2025-06-12 06:49:00,89.9
2025-06-12 19:41:00,0.5
2025-06-12 03:02:00,52.0
2025-06-12 00:01:00,18.5
2025-06-12 16:33:00,81.1
2025-06-12 04:17:00,53.4
2025-06-12 21:14:00,49.660353652861794
2025-06-12 14:57:00,2.3
2025-06-12 05:17:00,78.7
2025-06-12 22:10:00,89.2
2025-06-12 10:04:00,66.8
2025-06-12 10:08:00,84.4
2025-06-12 20:45:00,48.5
2025-06-12 01:32:00,68.4
2025-06-12 06:43:00,14.3
2025-06-12 06:39:00,54.5
2025-06-12 16:34:00,63.6
2025-06-12 09:22:00,42.5
2025-06-12 16:29:00,6.5
2025-06-12 14:07:00,61.3
2025-06-12 23:24:00,49.660353652861794
2025-06-12 22:19:00,46.1
2025-06-12 12:41:00,70.2
2025-06-12 17:46:00,49.660353652861794
2025-06-12 08:19:00,14.5
2025-06-12 17:27:00,52.7
2025-06-12 04:27:00,49.660353652861794
2025-06-12 06:33:00,3.4
2025-06-12 15:38:00,68.6
2025-06-12 08:45:00,70.5
2025-06-12 12:22:00,27.4
2025-06-12 15:50:00,32.5
2025-06-12 13:36:00,23.1
2025-06-12 17:42:00,49.660353652861794
2025-06-12 07:08:00,91.1
2025-06-12 14:38:00,87.0
2025-06-12 11:05:00,57.5
2025-06-12 11:09:00,50.4
2025-06-12 12:03:00,44.1
2025-06-12 18:48:00,13.9
2025-06-12 13:27:00,49.6
2025-06-12 06:02:00,27.4
2025-06-12 06:44:00,66.3
2025-06-12 20:14:00,81.7
2025-06-12 20:52:00,34.7
2025-06-12 03:46:00,49.660353652861794
2025-06-12 19:34:00,52.0
2025-06-12 04:45:00,36.4
2025-06-12 07:04:00,13.8
2025-06-12 21:39:00,58.5
2025-06-12 20:52:00,60.7
2025-06-12 02:06:00,33.4
2025-06-12 23:18:00,61.7
2025-06-12 10:39:00,20.1
2025-06-12 19:11:00,3.2
2025-06-12 05:08:00,37.0
2025-06-12 01:49:00,17.4
2025-06-12 04:43:00,78.5
2025-06-12 21:04:00,71.0
2025-06-12 06:07:00,49.660353652861794
2025-06-12 06:10:00,41.4
2025-06-12 19:27:00,48.1
2025-06-12 23:25:00,80.7
2025-06-12 23:23:00,11.0
2025-06-12 00:04:00,18.2
2025-06-12 18:51:00,49.660353652861794
2025-06-12 07:19:00,16.3
2025-06-12 14:23:00,72.3
2025-06-12 15:40:00,19.3
2025-06-12 23:03:00,78.4
2025-06-12 06:14:00,79.2
2025-06-12 21:32:00,0.8
2025-06-12 11:42:00,64.9
2025-06-12 11:03:00,14.7
2025-06-12 05:08:00,49.660353652861794
2025-06-12 19:58:00,94.7
2025-06-12 14:39:00,49.660353652861794
2025-06-12 15:08:00,98.0
2025-06-12 06:13:00,52.7
2025-06-12 19:21:00,32.1
2025-06-12 00:59:00,49.660353652861794
2025-06-12 04:32:00,8.4
2025-06-12 18:50:00,49.660353652861794
2025-06-12 14:35:00,18.3
2025-06-12 08:15:00,56.1
2025-06-12 22:51:00,67.1
2025-06-12 14:30:00,28.6
2025-06-12 14:43:00,49.0
2025-06-12 09:18:00,91.7
2025-06-12 14:50:00,26.2
2025-06-12 14:08:00,61.3
2025-06-12 15:31:00,49.660353652861794
2025-06-12 10:43:00,78.7
2025-06-12 22:32:00,11.9
2025-06-12 13:59:00,64.9
2025-06-12 08:44:00,22.9
2025-06-12 05:16:00,49.660353652861794
2025-06-12 20:35:00,49.6
2025-06-12 13:14:00,49.660353652861794
2025-06-12 10:47:00,61.8
2025-06-12 19:49:00,15.4
2025-06-12 16:23:00,50.8
2025-06-12 18:37:00,37.2
2025-06-12 23:36:00,17.0
2025-06-12 13:17:00,49.660353652861794
2025-06-12 15:53:00,58.6
2025-06-12 01:46:00,49.660353652861794
2025-06-12 11:22:00,85.1
2025-06-12 07:55:00,24.9
2025-06-12 05:27:00,46.7
2025-06-12 09:46:00,82.1
2025-06-12 00:59:00,38.0
2025-06-12 21:35:00,55.6
2025-06-12 23:16:00,70.4
2025-06-12 16:54:00,92.3
2025-06-12 20:50:00,19.5
2025-06-12 11:35:00,95.4
2025-06-12 00:52:00,82.4
2025-06-12 02:45:00,29.8
2025-06-12 08:21:00,32.1
2025-06-12 10:30:00,28.2
2025-06-12 22:15:00,6.9
2025-06-12 21:24:00,41.5
2025-06-12 00:08:00,56.8
2025-06-12 06:58:00,26.6
2025-06-12 16:49:00,53.8
2025-06-12 17:25:00,86.6
2025-06-12 02:24:00,56.6
2025-06-12 02:56:00,36.9
2025-06-12 01:27:00,57.0
2025-06-12 15:41:00,49.660353652861794
2025-06-12 10:45:00,49.660353652861794
2025-06-12 06:34:00,61.8
2025-06-12 12:20:00,48.1
2025-06-12 07:49:00,96.1
2025-06-12 01:39:00,46.7
2025-06-12 11:27:00,99.3
2025-06-12 08:31:00,11.7
2025-06-12 07:16:00,38.1
2025-06-12 20:26:00,62.2
2025-06-12 19:48:00,49.660353652861794
2025-06-12 21:32:00,44.3
2025-06-12 16:42:00,55.0
2025-06-12 07:10:00,87.0
2025-06-12 02:39:00,8.9
2025-06-12 23:24:00,75.4
2025-06-12 11:40:00,58.6
2025-06-12 16:28:00,82.9
2025-06-12 15:28:00,24.5
2025-06-12 21:23:00,7.0
2025-06-12 00:14:00,20.4
2025-06-12 21:14:00,57.0
2025-06-12 16:48:00,73.9
2025-06-12 08:08:00,11.7
2025-06-12 07:59:00,86.8
2025-06-12 08:16:00,34.6
2025-06-12 01:25:00,2.0
2025-06-12 03:52:00,33.5
2025-06-12 23:19:00,49.9
2025-06-12 11:51:00,46.4
2025-06-12 18:48:00,7.5
2025-06-12 23:00:00,13.2
2025-06-12 08:35:00,49.660353652861794
2025-06-12 00:20:00,9.8
2025-06-12 20:00:00,58.4
2025-06-12 07:09:00,27.8
2025-06-12 15:47:00,73.4
2025-06-12 01:47:00,66.9
2025-06-12 22:41:00,77.4
2025-06-12 02:57:00,59.3
2025-06-12 10:36:00,7.7
2025-06-12 00:56:00,58.8
2025-06-12 21:43:00,49.660353652861794
2025-06-12 06:32:00,25.7
2025-06-12 16:34:00,98.3
2025-06-12 23:44:00,27.0
2025-06-12 03:49:00,17.2
2025-06-12 05:25:00,44.4
2025-06-12 09:55:00,67.5
2025-06-12 19:48:00,90.0
2025-06-12 10:03:00,55.3
2025-06-12 20:18:00,26.9
2025-06-12 08:03:00,7.4
2025-06-12 01:27:00,54.3
2025-06-12 12:44:00,95.6
2025-06-12 01:33:00,57.7
2025-06-12 22:51:00,53.2
2025-06-12 23:11:00,94.9
2025-06-12 02:22:00,89.8
2025-06-12 02:05:00,45.2
2025-06-12 13:27:00,65.1
2025-06-12 22:01:00,88.1
2025-06-12 18:37:00,32.6
2025-06-12 12:59:00,43.4
2025-06-12 23:03:00,78.3
2025-06-12 15:24:00,44.3
2025-06-12 10:07:00,30.2
2025-06-12 23:17:00,90.8
2025-06-12 07:53:00,81.9
2025-06-12 08:01:00,96.7
2025-06-12 18:17:00,7.7
2025-06-12 22:14:00,49.1
2025-06-12 22:32:00,60.7
2025-06-12 08:29:00,84.6
2025-06-12 13:19:00,81.2
2025-06-12 00:18:00,72.2
2025-06-12 09:37:00,78.7
2025-06-12 04:51:00,43.5
2025-06-12 10:31:00,49.660353652861794
2025-06-12 14:07:00,88.9
2025-06-12 09:56:00,34.1
2025-06-12 09:01:00,77.5
2025-06-12 06:29:00,49.660353652861794
2025-06-12 19:31:00,59.1
2025-06-12 11:14:00,34.0
2025-06-12 14:47:00,34.4
2025-06-12 20:38:00,33.3
2025-06-12 15:24:00,92.4
2025-06-12 09:53:00,61.8
2025-06-12 17:51:00,49.660353652861794
2025-06-12 07:20:00,57.9
2025-06-12 23:55:00,62.5
2025-06-12 04:44:00,88.2
2025-06-12 05:06:00,20.3
2025-06-12 23:27:00,34.3
2025-06-12 08:39:00,50.5
2025-06-12 04:16:00,76.5
2025-06-12 15:59:00,49.660353652861794
2025-06-12 15:33:00,33.8
2025-06-12 01:50:00,30.1
2025-06-12 23:00:00,18.3
2025-06-12 16:46:00,30.7
2025-06-12 20:20:00,22.0
2025-06-12 16:16:00,49.9804001872221
2025-06-12 20:04:00,64.6
2025-06-12 16:13:00,49.9804001872221
2025-06-12 18:00:00,67.9
2025-06-12 02:12:00,30.2
2025-06-12 20:06:00,49.9804001872221
2025-06-12 12:30:00,3.7
2025-06-12 13:07:00,49.9804001872221
2025-06-12 20:27:00,70.2
2025-06-12 08:44:00,17.2
2025-06-12 10:41:00,38.0
2025-06-12 02:58:00,49.9804001872221
2025-06-12 15:30:00,37.2
2025-06-12 14:07:00,10.2
2025-06-12 04:47:00,40.7
2025-06-12 14:07:00,91.2
2025-06-12 01:30:00,19.6
2025-06-12 23:35:00,49.9804001872221
2025-06-12 12:26:00,87.1
2025-06-12 19:04:00,61.7
2025-06-12 14:29:00,23.8
2025-06-12 09:48:00,19.5
2025-06-12 09:58:00,49.9804001872221
2025-06-12 01:33:00,31.8
2025-06-12 03:59:00,49.7
2025-06-12 15:31:00,35.3
2025-06-12 04:19:00,92.6
2025-06-12 21:10:00,49.9804001872221
2025-06-12 18:05:00,64.9
2025-06-12 02:22:00,49.9804001872221
2025-06-12 00:11:00,59.7
2025-06-12 17:01:00,86.8
2025-06-12 15:07:00,88.5
2025-06-12 01:19:00,88.5
2025-06-12 16:47:00,49.9804001872221
2025-06-12 05:36:00,67.0
2025-06-12 00:23:00,58.3
2025-06-12 09:45:00,24.2
2025-06-12 10:55:00,70.6
2025-06-12 13:21:00,49.9804001872221
2025-06-12 10:29:00,0.6
2025-06-12 09:38:00,62.7
2025-06-12 02:44:00,63.5
2025-06-12 17:31:00,28.3
2025-06-12 15:09:00,41.8
2025-06-12 08:41:00,49.9804001872221
2025-06-12 15:12:00,76.7
2025-06-12 07:08:00,43.1
2025-06-12 19:52:00,71.0
2025-06-12 09:15:00,61.4
2025-06-12 11:55:00,38.8
2025-06-12 07:48:00,49.9804001872221
2025-06-12 12:11:00,62.3
2025-06-12 08:41:00,81.6
2025-06-12 12:17:00,63.3
2025-06-12 02:09:00,65.1
2025-06-12 06:44:00,91.6
2025-06-12 08:09:00,1.5
2025-06-12 11:09:00,84.3
2025-06-12 09:51:00,78.3
2025-06-12 12:11:00,51.8
2025-06-12 23:36:00,94.9
2025-06-12 05:33:00,28.0
2025-06-12 02:51:00,90.6
2025-06-12 13:24:00,43.7
2025-06-12 11:02:00,49.9804001872221
2025-06-12 16:16:00,38.4
2025-06-12 00:58:00,8.3
2025-06-12 19:13:00,82.4
2025-06-12 17:29:00,82.9
2025-06-12 03:10:00,69.1
2025-06-12 02:52:00,51.1
2025-06-12 09:45:00,49.9804001872221
2025-06-12 08:04:00,39.0
2025-06-12 11:05:00,15.1
2025-06-12 21:25:00,37.1
2025-06-12 01:07:00,64.1
2025-06-12 18:59:00,43.5
2025-06-12 12:55:00,40.4
2025-06-12 08:33:00,40.4
2025-06-12 21:55:00,65.2
2025-06-12 12:10:00,18.0
2025-06-12 17:27:00,96.4
2025-06-12 10:36:00,91.2
2025-06-12 19:48:00,45.4
2025-06-12 08:24:00,5.2
2025-06-12 15:48:00,59.3
2025-06-12 23:40:00,91.6
2025-06-12 20:14:00,51.8
2025-06-12 02:38:00,17.9
2025-06-12 06:58:00,21.7
2025-06-12 03:47:00,13.1
2025-06-12 16:18:00,49.9804001872221
2025-06-12 03:51:00,60.8
2025-06-12 16:31:00,45.4
2025-06-12 07:03:00,69.6
2025-06-12 00:06:00,46.4
2025-06-12 00:51:00,63.9
2025-06-12 20:08:00,77.6
2025-06-12 12:15:00,75.3
2025-06-12 15:48:00,34.9
2025-06-12 15:33:00,33.9
2025-06-12 07:52:00,49.9804001872221
2025-06-12 03:46:00,52.5
2025-06-12 04:22:00,49.9804001872221
2025-06-12 01:00:00,11.1
2025-06-12 22:49:00,49.9804001872221
2025-06-12 04:20:00,29.1
2025-06-12 09:15:00,37.7
2025-06-12 09:13:00,9.8
2025-06-12 14:31:00,88.0
2025-06-12 19:06:00,50.8
2025-06-12 18:27:00,40.7
2025-06-12 22:48:00,75.6
2025-06-12 00:20:00,54.3
2025-06-12 19:50:00,88.2
2025-06-12 19:37:00,18.7
2025-06-12 07:06:00,65.1
2025-06-12 14:30:00,71.6
2025-06-12 06:06:00,88.6
2025-06-12 06:55:00,34.4
2025-06-12 02:18:00,21.4
2025-06-12 01:02:00,9.3
2025-06-12 05:00:00,84.6
2025-06-12 08:16:00,49.9804001872221
2025-06-12 18:29:00,12.7
2025-06-12 03:55:00,52.9
2025-06-12 10:30:00,41.4
2025-06-12 13:38:00,49.1
2025-06-12 23:49:00,27.8
2025-06-12 08:07:00,86.0
2025-06-12 16:13:00,49.9804001872221
2025-06-12 05:46:00,46.9
2025-06-12 00:30:00,6.4
2025-06-12 06:06:00,49.9804001872221
2025-06-12 18:56:00,76.6
2025-06-12 08:33:00,17.1
2025-06-12 00:28:00,76.7
2025-06-12 13:18:00,49.9804001872221
2025-06-12 05:30:00,45.3
2025-06-12 03:20:00,68.0
2025-06-12 15:54:00,55.9
2025-06-12 06:55:00,49.9804001872221
2025-06-12 21:31:00,49.9804001872221
2025-06-12 11:20:00,64.2
2025-06-12 00:36:00,77.3
2025-06-12 07:38:00,49.9804001872221
2025-06-12 19:45:00,24.5
2025-06-12 03:16:00,55.7
2025-06-12 18:46:00,72.3
2025-06-12 15:34:00,89.3
2025-06-12 14:20:00,49.9804001872221
2025-06-12 21:13:00,24.2
2025-06-12 22:01:00,87.9
2025-06-12 23:06:00,98.5
2025-06-12 12:00:00,14.4
2025-06-12 00:50:00,63.0
2025-06-12 05:07:00,82.8
2025-06-12 02:02:00,82.9
2025-06-12 23:34:00,61.3
2025-06-12 08:56:00,7.7
2025-06-12 08:54:00,78.3
2025-06-12 21:13:00,3.8
2025-06-12 03:57:00,78.6
2025-06-12 13:22:00,86.1
2025-06-12 07:42:00,9.2
2025-06-12 22:30:00,31.0
2025-06-12 04:48:00,79.5
2025-06-12 14:12:00,68.9
2025-06-12 23:40:00,44.7
2025-06-12 11:22:00,93.9
2025-06-12 16:49:00,49.9804001872221
2025-06-12 16:12:00,49.9804001872221
2025-06-12 04:36:00,95.3
2025-06-12 07:49:00,63.3
2025-06-12 10:14:00,0.9
2025-06-12 22:52:00,44.8
2025-06-12 01:05:00,65.9
2025-06-12 19:38:00,65.5
2025-06-12 02:26:00,90.9
2025-06-12 18:58:00,24.5
2025-06-12 06:24:00,46.7
2025-06-12 10:09:00,2.6
2025-06-12 15:49:00,45.7
2025-06-12 18:06:00,12.3
2025-06-12 06:45:00,49.9804001872221
2025-06-12 18:40:00,49.9804001872221
2025-06-12 16:33:00,73.0
2025-06-12 09:27:00,15.5
2025-06-12 02:00:00,1.3
2025-06-12 00:35:00,46.9
2025-06-12 14:43:00,71.1
2025-06-12 08:43:00,13.7
2025-06-12 03:48:00,39.6
2025-06-12 15:26:00,29.9
2025-06-12 08:36:00,22.5
2025-06-12 17:46:00,55.9
2025-06-12 14:40:00,4.7
2025-06-12 06:20:00,87.2
2025-06-12 10:14:00,18.1
2025-06-12 15:17:00,71.2
2025-06-12 15:49:00,92.8
2025-06-12 05:50:00,70.0
2025-06-12 22:30:00,36.6
2025-06-12 07:04:00,16.3
2025-06-12 06:49:00,2.8
2025-06-12 07:20:00,26.7
2025-06-12 15:45:00,65.9
2025-06-12 04:06:00,80.6
2025-06-12 14:33:00,35.2
2025-06-12 13:34:00,89.3
2025-06-12 06:35:00,15.7
2025-06-12 08:29:00,10.4
2025-06-12 11:07:00,85.3
2025-06-12 10:30:00,9.2
2025-06-12 09:26:00,78.8
2025-06-12 22:54:00,81.8
2025-06-12 14:06:00,49.9804001872221
2025-06-12 11:37:00,28.4
2025-06-12 09:48:00,49.9804001872221
2025-06-12 16:48:00,86.8
2025-06-12 02:01:00,6.3
2025-06-12 21:41:00,35.8
2025-06-12 09:18:00,97.2
2025-06-12 19:52:00,19.1
2025-06-12 20:02:00,42.1
2025-06-12 23:43:00,11.9
2025-06-12 03:49:00,94.9
2025-06-12 09:15:00,8.8
2025-06-12 04:45:00,61.3
2025-06-12 23:01:00,64.5
2025-06-12 01:56:00,17.8
2025-06-12 08:07:00,34.3
2025-06-12 09:26:00,49.9804001872221
2025-06-12 03:07:00,56.2
2025-06-12 09:39:00,60.5
2025-06-12 02:47:00,83.1
2025-06-12 23:58:00,51.3
2025-06-12 00:53:00,85.4
2025-06-12 02:37:00,38.5
2025-06-12 17:04:00,12.9
2025-06-12 01:45:00,63.4
2025-06-12 11:51:00,96.9
2025-06-12 16:36:00,33.9
2025-06-12 03:00:00,0.3
2025-06-12 06:53:00,49.9804001872221
2025-06-12 04:35:00,67.1
2025-06-12 03:35:00,47.2
2025-06-12 19:59:00,18.7
2025-06-12 14:50:00,69.6
2025-06-12 19:14:00,65.4
2025-06-12 07:17:00,84.1
2025-06-12 05:59:00,57.8
2025-06-12 18:45:00,49.9804001872221
2025-06-12 21:22:00,50.5
2025-06-12 01:52:00,60.5
2025-06-12 15:48:00,39.3
2025-06-12 23:52:00,49.9804001872221
2025-06-12 02:36:00,82.0
2025-06-12 05:42:00,86.5
2025-06-12 08:24:00,8.0
2025-06-12 13:09:00,21.9
2025-06-12 14:33:00,51.2
2025-06-12 05:47:00,62.3
2025-06-12 04:57:00,49.9804001872221
2025-06-12 15:46:00,34.8
2025-06-12 04:22:00,7.1
2025-06-12 08:41:00,57.0
2025-06-12 10:19:00,49.9804001872221
2025-06-12 19:58:00,11.1
2025-06-12 23:37:00,26.7
2025-06-12 01:21:00,87.7
2025-06-12 20:25:00,18.1
2025-06-12 00:44:00,72.5
2025-06-12 00:00:00,41.2
2025-06-12 11:35:00,91.7
2025-06-12 05:02:00,72.1
2025-06-12 12:57:00,68.2
2025-06-12 15:20:00,32.1
2025-06-12 12:26:00,57.8
2025-06-12 12:12:00,51.1
2025-06-12 11:46:00,32.9
2025-06-12 23:25:00,98.7
2025-06-12 18:09:00,62.4
2025-06-12 11:44:00,47.9
2025-06-12 23:01:00,22.7
2025-06-12 19:55:00,82.8
2025-06-12 12:56:00,29.9
2025-06-12 09:55:00,31.8
2025-06-12 16:52:00,38.6
2025-06-12 00:50:00,48.9
2025-06-12 16:26:00,41.8
2025-06-12 17:23:00,30.6
2025-06-12 13:07:00,53.9
2025-06-12 00:50:00,49.9804001872221
2025-06-12 04:30:00,74.6
2025-06-12 11:37:00,19.2
2025-06-12 14:39:00,43.4
2025-06-12 12:55:00,26.0
2025-06-12 12:43:00,66.4
2025-06-12 19:10:00,76.9
2025-06-12 08:29:00,60.7
2025-06-12 01:54:00,77.4
2025-06-12 17:30:00,49.9804001872221
2025-06-12 03:47:00,17.2
2025-06-12 12:59:00,54.4
2025-06-12 14:33:00,30.3
2025-06-12 14:43:00,29.4
2025-06-12 10:48:00,87.6
2025-06-12 11:32:00,10.6
2025-06-12 15:11:00,49.9804001872221
2025-06-12 20:26:00,3.3
2025-06-12 15:33:00,55.7
2025-06-12 15:27:00,70.0
2025-06-12 11:18:00,49.9804001872221
2025-06-12 17:47:00,11.4
2025-06-12 19:40:00,63.0
2025-06-12 00:14:00,76.3
2025-06-12 08:57:00,5.3
2025-06-12 17:58:00,5.8
2025-06-12 16:25:00,42.2
2025-06-12 03:33:00,49.9804001872221
2025-06-12 15:44:00,92.1
2025-06-12 23:12:00,47.1
2025-06-12 05:17:00,49.9804001872221
2025-06-12 09:19:00,93.5
2025-06-12 12:37:00,30.9
2025-06-12 21:41:00,49.9804001872221
2025-06-12 03:06:00,86.5
2025-06-12 03:29:00,6.7
2025-06-12 18:40:00,21.6
2025-06-12 17:43:00,35.4
2025-06-12 13:26:00,20.2
2025-06-12 01:36:00,49.9804001872221
2025-06-12 19:04:00,71.1
2025-06-12 22:40:00,40.9
2025-06-12 08:38:00,39.3
2025-06-12 08:02:00,8.6
2025-06-12 05:25:00,31.2
2025-06-12 04:38:00,49.9804001872221
2025-06-12 16:33:00,51.1
2025-06-12 22:38:00,13.5
2025-06-12 21:36:00,59.7
2025-06-12 02:21:00,99.4
2025-06-12 02:40:00,52.2
2025-06-12 07:30:00,61.5
2025-06-12 07:29:00,82.5
2025-06-12 04:05:00,73.5
2025-06-12 23:53:00,48.7
2025-06-12 06:13:00,91.1
2025-06-12 16:52:00,62.8
2025-06-12 17:30:00,83.4
2025-06-12 10:37:00,12.1
2025-06-12 10:57:00,71.1
2025-06-12 02:40:00,68.9
2025-06-12 13:32:00,32.3
2025-06-12 00:38:00,37.9
2025-06-12 11:36:00,5.9
2025-06-12 04:28:00,13.0
2025-06-12 10:57:00,19.5
2025-06-12 13:48:00,86.1
2025-06-12 17:52:00,83.0
2025-06-12 06:56:00,49.6
2025-06-12 06:39:00,52.6
2025-06-12 14:14:00,49.659483264826775
2025-06-12 22:04:00,49.659483264826775
2025-06-12 10:04:00,41.4
2025-06-12 18:24:00,49.659483264826775
2025-06-12 10:28:00,45.3
2025-06-12 03:07:00,97.0
2025-06-12 04:09:00,62.5
2025-06-12 20:19:00,49.659483264826775
2025-06-12 05:35:00,52.4
2025-06-12 11:13:00,51.0
2025-06-12 01:12:00,53.5
2025-06-12 08:26:00,12.1
2025-06-12 11:32:00,72.8
2025-06-12 19:21:00,49.659483264826775
2025-06-12 22:35:00,49.659483264826775
2025-06-12 00:20:00,49.659483264826775
2025-06-12 00:34:00,49.659483264826775
2025-06-12 08:55:00,75.8
2025-06-12 02:39:00,0.0
2025-06-12 10:47:00,88.3
2025-06-12 11:55:00,91.2
2025-06-12 20:18:00,77.6
2025-06-12 16:35:00,49.659483264826775
2025-06-12 12:51:00,49.659483264826775
2025-06-12 21:33:00,64.2
2025-06-12 16:50:00,75.0
2025-06-12 03:40:00,80.0
2025-06-12 01:31:00,5.1
2025-06-12 15:45:00,97.2
2025-06-12 15:56:00,65.8
2025-06-12 12:16:00,69.4
2025-06-12 02:23:00,60.8
2025-06-12 01:17:00,96.2
2025-06-12 03:45:00,76.8
2025-06-12 16:27:00,79.2
2025-06-12 07:30:00,77.0
2025-06-12 09:34:00,46.8
2025-06-12 20:09:00,7.1
2025-06-12 05:45:00,2.4
2025-06-12 03:00:00,49.659483264826775
2025-06-12 08:10:00,82.3
2025-06-12 06:16:00,51.6
2025-06-12 06:55:00,82.6
2025-06-12 23:19:00,62.2
2025-06-12 00:24:00,83.4
2025-06-12 08:28:00,92.4
2025-06-12 07:05:00,49.659483264826775
2025-06-12 03:06:00,2.2
2025-06-12 09:02:00,49.659483264826775
2025-06-12 16:45:00,67.0
2025-06-12 20:38:00,49.659483264826775
2025-06-12 08:28:00,54.6
2025-06-12 01:10:00,84.9
2025-06-12 19:10:00,76.0
2025-06-12 06:39:00,31.5
2025-06-12 17:53:00,55.6
2025-06-12 17:16:00,39.9
2025-06-12 06:56:00,55.2
2025-06-12 19:58:00,36.5
2025-06-12 02:59:00,13.7
2025-06-12 13:46:00,10.0
2025-06-12 20:15:00,62.6
2025-06-12 12:45:00,34.2
2025-06-12 23:33:00,49.659483264826775
2025-06-12 02:51:00,32.0
2025-06-12 14:41:00,97.2
2025-06-12 07:28:00,18.3
2025-06-12 17:13:00,63.8
2025-06-12 06:06:00,96.7
2025-06-12 07:25:00,16.3
2025-06-12 14:39:00,31.0
2025-06-12 09:33:00,35.7
2025-06-12 10:18:00,49.659483264826775
2025-06-12 03:14:00,32.3
2025-06-12 23:18:00,49.659483264826775
2025-06-12 13:23:00,26.1
2025-06-12 20:35:00,2.7
2025-06-12 00:56:00,49.659483264826775
2025-06-12 14:44:00,8.5
2025-06-12 07:53:00,98.4
2025-06-12 09:59:00,82.7
2025-06-12 03:26:00,90.9
2025-06-12 03:01:00,80.0
2025-06-12 07:18:00,49.659483264826775
2025-06-12 22:08:00,85.4
2025-06-12 18:10:00,71.4
2025-06-12 12:51:00,74.7
2025-06-12 01:08:00,46.3
2025-06-12 07:32:00,88.0
2025-06-12 18:18:00,49.659483264826775
2025-06-12 09:17:00,49.659483264826775
2025-06-12 14:06:00,86.8
2025-06-12 13:43:00,61.3
2025-06-12 15:05:00,8.0
2025-06-12 10:11:00,74.3
2025-06-12 21:10:00,65.9
2025-06-12 14:59:00,57.8
2025-06-12 09:40:00,50.0
2025-06-12 03:09:00,70.2
2025-06-12 13:35:00,25.6
2025-06-12 02:54:00,52.4
2025-06-12 11:39:00,46.4
2025-06-12 06:53:00,69.8
2025-06-12 13:37:00,23.5
2025-06-12 15:41:00,82.6
2025-06-12 14:35:00,51.5
2025-06-12 17:05:00,36.1
2025-06-12 12:15:00,19.5
2025-06-12 06:28:00,64.0
2025-06-12 07:08:00,94.1
2025-06-12 21:37:00,49.7
2025-06-12 10:33:00,49.659483264826775
2025-06-12 08:23:00,6.4
2025-06-12 12:30:00,2.3
2025-06-12 06:08:00,58.1
2025-06-12 11:31:00,49.659483264826775
2025-06-12 07:07:00,0.2
2025-06-12 12:52:00,79.5
2025-06-12 06:09:00,49.659483264826775
2025-06-12 21:21:00,30.9
2025-06-12 20:56:00,84.6
2025-06-12 12:53:00,62.3
2025-06-12 22:12:00,95.9
2025-06-12 20:17:00,43.2
2025-06-12 09:54:00,73.5
2025-06-12 10:38:00,4.4
2025-06-12 19:17:00,8.0
2025-06-12 16:26:00,49.659483264826775
2025-06-12 13:02:00,49.659483264826775
2025-06-12 17:08:00,31.7
2025-06-12 06:02:00,90.1
2025-06-12 20:55:00,49.659483264826775
2025-06-12 18:50:00,41.6
2025-06-12 01:57:00,42.9
2025-06-12 17:53:00,12.8
2025-06-12 16:11:00,67.1
2025-06-12 21:50:00,54.3
2025-06-12 18:26:00,30.8
2025-06-12 15:54:00,34.3
2025-06-12 17:23:00,37.8
2025-06-12 03:04:00,32.2
2025-06-12 13:06:00,25.3
2025-06-12 20:18:00,90.2
2025-06-12 03:18:00,64.2
2025-06-12 08:03:00,13.1
2025-06-12 19:30:00,49.659483264826775
2025-06-12 01:49:00,71.9
2025-06-12 08:25:00,95.4
2025-06-12 06:19:00,8.0
2025-06-12 17:01:00,49.659483264826775
2025-06-12 10:40:00,19.1
2025-06-12 13:48:00,1.5
2025-06-12 15:06:00,97.6
2025-06-12 08:52:00,99.6
2025-06-12 12:03:00,60.1
2025-06-12 18:57:00,15.4
2025-06-12 17:52:00,0.4
2025-06-12 16:05:00,83.2
2025-06-12 16:24:00,41.3
2025-06-12 16:04:00,49.659483264826775
2025-06-12 00:58:00,84.3
2025-06-12 13:31:00,60.4
2025-06-12 04:52:00,36.6
2025-06-12 18:00:00,51.1
2025-06-12 06:25:00,85.9
2025-06-12 17:52:00,49.659483264826775
2025-06-12 06:02:00,45.5
2025-06-12 05:55:00,14.7
2025-06-12 07:11:00,28.1
2025-06-12 16:43:00,35.3
2025-06-12 11:54:00,95.0
2025-06-12 14:27:00,94.2
2025-06-12 18:13:00,73.0
2025-06-12 10:10:00,38.8
2025-06-12 21:36:00,58.2
2025-06-12 13:07:00,39.2
2025-06-12 02:31:00,56.8
2025-06-12 19:45:00,42.6
2025-06-12 04:27:00,88.2
2025-06-12 16:10:00,55.5
2025-06-12 05:48:00,62.7
2025-06-12 14:39:00,49.659483264826775
2025-06-12 07:05:00,20.6
2025-06-12 21:31:00,49.659483264826775
2025-06-12 02:02:00,51.7
2025-06-12 19:55:00,49.6
2025-06-12 09:49:00,71.6
2025-06-12 03:37:00,47.3
2025-06-12 22:56:00,49.659483264826775
2025-06-12 15:29:00,24.9
2025-06-12 07:46:00,10.6
2025-06-12 18:15:00,18.1
2025-06-12 04:12:00,7.8
2025-06-12 21:12:00,53.6
2025-06-12 07:12:00,96.9
2025-06-12 05:32:00,57.1
2025-06-12 19:35:00,0.9
2025-06-12 05:50:00,49.659483264826775
2025-06-12 09:51:00,9.8
2025-06-12 10:19:00,64.7
2025-06-12 19:50:00,44.2
2025-06-12 16:54:00,54.4
2025-06-12 16:06:00,72.3
2025-06-12 14:49:00,45.2
2025-06-12 02:30:00,81.6
2025-06-12 12:11:00,84.1
2025-06-12 22:07:00,30.3
2025-06-12 08:32:00,72.3
2025-06-12 07:40:00,27.7
2025-06-12 21:04:00,28.0
2025-06-12 05:22:00,81.8
2025-06-12 18:56:00,49.659483264826775
2025-06-12 11:17:00,66.8
2025-06-12 23:41:00,41.2
2025-06-12 22:36:00,49.659483264826775
2025-06-12 17:10:00,49.659483264826775
2025-06-12 01:43:00,44.7
2025-06-12 02:26:00,16.8
2025-06-12 04:36:00,92.8
2025-06-12 14:18:00,1.8
2025-06-12 18:04:00,6.7
2025-06-12 02:24:00,47.5
2025-06-12 22:57:00,58.5
2025-06-12 07:27:00,49.659483264826775
2025-06-12 03:12:00,49.659483264826775
2025-06-12 20:53:00,62.5
2025-06-12 11:41:00,49.659483264826775
2025-06-12 08:28:00,44.9
2025-06-12 16:16:00,49.659483264826775
2025-06-12 07:51:00,33.0
2025-06-12 06:39:00,68.3
2025-06-12 00:24:00,4.5
2025-06-12 01:07:00,32.4
2025-06-12 14:11:00,69.1
2025-06-12 14:46:00,26.1
2025-06-12 18:11:00,44.7
2025-06-12 22:10:00,49.659483264826775
2025-06-12 19:28:00,25.0
2025-06-12 17:09:00,46.8
2025-06-12 03:22:00,55.8
2025-06-12 15:50:00,96.6
2025-06-12 02:58:00,73.8
2025-06-12 16:43:00,49.659483264826775
2025-06-12 08:27:00,96.7
2025-06-12 06:54:00,99.5
2025-06-12 03:52:00,96.1
2025-06-12 22:06:00,67.4
2025-06-12 16:02:00,49.659483264826775
2025-06-12 13:54:00,26.9
2025-06-12 05:27:00,42.8
2025-06-12 00:15:00,40.1
2025-06-12 15:37:00,38.9
2025-06-12 13:31:00,49.659483264826775
2025-06-12 15:07:00,46.1
2025-06-12 05:12:00,82.6
2025-06-12 15:08:00,21.0
2025-06-12 21:30:00,97.3
2025-06-12 11:25:00,76.5
2025-06-12 21:16:00,94.8
2025-06-12 14:40:00,22.4
2025-06-12 17:03:00,70.5
2025-06-12 02:32:00,85.0
2025-06-12 01:56:00,70.7
2025-06-12 04:23:00,25.4
2025-06-12 17:26:00,45.4
2025-06-12 02:38:00,88.8
2025-06-12 07:14:00,26.1
2025-06-12 06:59:00,49.659483264826775
2025-06-12 18:10:00,76.1
2025-06-12 14:25:00,48.2
2025-06-12 19:39:00,72.9
2025-06-12 04:23:00,88.8
2025-06-12 03:16:00,4.8
2025-06-12 14:12:00,62.0
2025-06-12 19:53:00,49.659483264826775
2025-06-12 09:41:00,80.0
2025-06-12 23:40:00,56.1
2025-06-12 14:02:00,54.2
2025-06-12 06:19:00,28.7
2025-06-12 13:02:00,85.3
2025-06-12 15:10:00,6.5
2025-06-12 01:16:00,4.1
2025-06-12 23:36:00,28.5
2025-06-12 21:56:00,39.0
2025-06-12 01:08:00,49.659483264826775
2025-06-12 18:06:00,9.4
2025-06-12 16:51:00,45.1
2025-06-12 05:42:00,31.7
2025-06-12 09:51:00,97.3
2025-06-12 16:15:00,69.8
2025-06-12 02:58:00,25.7
2025-06-12 03:32:00,20.8
2025-06-12 04:39:00,22.6
2025-06-12 05:33:00,40.5
2025-06-12 21:08:00,99.8
2025-06-12 15:46:00,55.9
2025-06-12 02:28:00,49.659483264826775
2025-06-12 05:34:00,73.5
2025-06-12 04:24:00,15.3
2025-06-12 10:20:00,21.4
2025-06-12 12:01:00,33.1
2025-06-12 02:40:00,49.659483264826775
2025-06-12 04:05:00,68.8
2025-06-12 06:36:00,94.1
2025-06-12 04:45:00,45.4
2025-06-12 02:54:00,19.0
2025-06-12 14:48:00,49.732274758880266
2025-06-12 08:48:00,32.3
2025-06-12 20:46:00,89.2
2025-06-12 01:49:00,17.6
2025-06-12 21:46:00,17.8
2025-06-12 06:52:00,81.2
2025-06-12 22:00:00,64.5
2025-06-12 21:32:00,87.5
2025-06-12 05:23:00,49.732274758880266
2025-06-12 12:36:00,19.8
2025-06-12 10:28:00,0.2
2025-06-12 15:18:00,40.5
2025-06-12 18:15:00,17.9
2025-06-12 19:20:00,49.2
2025-06-12 17:13:00,70.8
2025-06-12 04:16:00,14.2
2025-06-12 14:02:00,16.4
2025-06-12 20:50:00,49.732274758880266
2025-06-12 01:04:00,70.5
2025-06-12 13:05:00,62.5
2025-06-12 23:21:00,58.8
2025-06-12 11:26:00,38.1
2025-06-12 16:03:00,91.7
2025-06-12 01:39:00,12.1
2025-06-12 05:11:00,80.2
2025-06-12 07:58:00,42.8
2025-06-12 21:01:00,83.9
2025-06-12 06:22:00,16.6
2025-06-12 19:43:00,10.1
2025-06-12 07:37:00,8.9
2025-06-12 08:36:00,41.5
2025-06-12 16:41:00,49.732274758880266
2025-06-12 13:38:00,49.732274758880266
2025-06-12 18:06:00,49.732274758880266
2025-06-12 11:35:00,72.9
2025-06-12 18:56:00,63.2
2025-06-12 18:17:00,49.732274758880266
2025-06-12 01:03:00,81.7
2025-06-12 09:45:00,49.732274758880266
2025-06-12 01:46:00,42.7
2025-06-12 13:08:00,60.6
2025-06-12 11:12:00,88.5
2025-06-12 01:25:00,49.732274758880266
2025-06-12 12:46:00,55.1
2025-06-12 17:14:00,20.3
2025-06-12 02:30:00,58.4
2025-06-12 23:49:00,12.7
2025-06-12 04:26:00,23.4
2025-06-12 05:58:00,98.8
2025-06-12 21:35:00,73.5
2025-06-12 19:56:00,15.4
2025-06-12 10:14:00,49.732274758880266
2025-06-12 06:28:00,89.6
2025-06-12 13:50:00,49.732274758880266
2025-06-12 14:32:00,46.6
2025-06-12 06:02:00,60.9
2025-06-12 07:14:00,52.8
2025-06-12 07:38:00,95.4
2025-06-12 03:43:00,51.8
2025-06-12 21:18:00,1.1
2025-06-12 16:59:00,94.5
2025-06-12 21:36:00,49.2
2025-06-12 17:40:00,8.8
2025-06-12 14:01:00,14.6
2025-06-12 17:17:00,68.1
2025-06-12 23:03:00,49.732274758880266
2025-06-12 04:20:00,19.8
2025-06-12 05:15:00,92.9
2025-06-12 23:26:00,51.2
2025-06-12 17:24:00,89.8
2025-06-12 13:44:00,49.732274758880266
2025-06-12 16:50:00,99.5
2025-06-12 11:08:00,49.732274758880266
2025-06-12 10:36:00,18.6
2025-06-12 18:31:00,67.7
2025-06-12 10:48:00,49.732274758880266
2025-06-12 08:09:00,62.3
2025-06-12 14:43:00,18.2
2025-06-12 08:05:00,15.6
2025-06-12 04:33:00,51.8
2025-06-12 23:08:00,49.732274758880266
2025-06-12 09:59:00,38.9
2025-06-12 18:28:00,41.7
2025-06-12 05:54:00,44.7
2025-06-12 02:15:00,82.6
2025-06-12 21:58:00,59.9
2025-06-12 18:52:00,75.5
2025-06-12 07:01:00,16.2
2025-06-12 11:39:00,7.9
2025-06-12 19:41:00,85.0
2025-06-12 23:53:00,74.9
2025-06-12 11:53:00,90.4
2025-06-12 13:43:00,49.732274758880266
2025-06-12 15:47:00,6.3
2025-06-12 00:31:00,42.1
2025-06-12 17:40:00,49.732274758880266
2025-06-12 09:40:00,56.4
2025-06-12 21:53:00,70.1
2025-06-12 06:58:00,72.7
2025-06-12 23:10:00,88.8
2025-06-12 01:12:00,46.7
2025-06-12 07:28:00,62.9
2025-06-12 03:40:00,80.0
2025-06-12 18:02:00,49.732274758880266
2025-06-12 13:42:00,52.0
2025-06-12 00:18:00,68.4
2025-06-12 06:58:00,84.9
2025-06-12 18:34:00,32.5
2025-06-12 05:26:00,80.2
2025-06-12 10:28:00,43.8
2025-06-12 11:16:00,48.4
2025-06-12 21:26:00,80.0
2025-06-12 02:08:00,66.3
2025-06-12 00:52:00,48.0
2025-06-12 15:50:00,19.9
2025-06-12 08:34:00,61.7
2025-06-12 17:44:00,82.9
2025-06-12 10:26:00,8.2
2025-06-12 11:18:00,64.1
2025-06-12 09:21:00,66.7
2025-06-12 08:02:00,43.4
2025-06-12 00:25:00,25.2
2025-06-12 02:02:00,49.732274758880266
2025-06-12 16:22:00,17.0
2025-06-12 06:44:00,7.7
2025-06-12 19:09:00,76.6
2025-06-12 13:19:00,49.732274758880266
2025-06-12 10:49:00,48.5
2025-06-12 20:14:00,30.5
2025-06-12 03:00:00,43.1
2025-06-12 05:24:00,63.5
2025-06-12 18:41:00,76.4
2025-06-12 07:20:00,50.8
2025-06-12 04:07:00,31.1
2025-06-12 02:07:00,63.4
2025-06-12 08:21:00,37.4
2025-06-12 13:29:00,76.8
2025-06-12 14:46:00,66.6
2025-06-12 22:18:00,48.2
2025-06-12 18:05:00,96.6
2025-06-12 03:32:00,49.732274758880266
2025-06-12 11:32:00,46.0
2025-06-12 18:25:00,60.2
2025-06-12 20:10:00,55.9
2025-06-12 04:36:00,6.6
2025-06-12 19:09:00,24.8
2025-06-12 02:54:00,49.732274758880266
2025-06-12 16:21:00,11.9
2025-06-12 19:29:00,42.8
2025-06-12 08:05:00,42.0
2025-06-12 10:17:00,48.0
2025-06-12 12:48:00,71.6
2025-06-12 03:33:00,11.5
2025-06-12 20:53:00,49.732274758880266
2025-06-12 18:26:00,7.5
2025-06-12 23:00:00,93.5
2025-06-12 11:57:00,7.1
2025-06-12 20:48:00,37.1
2025-06-12 15:42:00,54.5
2025-06-12 03:34:00,21.0
2025-06-12 19:04:00,54.5
2025-06-12 15:14:00,31.4
2025-06-12 14:30:00,94.2
2025-06-12 17:35:00,93.5
2025-06-12 00:25:00,49.732274758880266
2025-06-12 22:18:00,75.1
2025-06-12 01:08:00,15.2
2025-06-12 15:42:00,63.0
2025-06-12 04:25:00,49.732274758880266
2025-06-12 10:21:00,30.3
2025-06-12 02:55:00,49.732274758880266
2025-06-12 04:29:00,86.2
2025-06-12 03:58:00,12.6
2025-06-12 00:27:00,89.4
2025-06-12 16:49:00,90.0
2025-06-12 07:08:00,42.8
2025-06-12 05:46:00,49.732274758880266
2025-06-12 18:20:00,59.3
2025-06-12 01:16:00,49.732274758880266
2025-06-12 16:22:00,47.9
2025-06-12 13:21:00,25.5
2025-06-12 02:16:00,80.6
2025-06-12 16:14:00,44.3
2025-06-12 06:28:00,7.8
2025-06-12 15:03:00,42.7
2025-06-12 15:26:00,63.1
2025-06-12 11:39:00,30.0
2025-06-12 20:17:00,49.732274758880266
2025-06-12 08:52:00,76.5
2025-06-12 12:12:00,76.1
2025-06-12 12:48:00,65.9
2025-06-12 07:54:00,39.8
2025-06-12 10:59:00,63.6
2025-06-12 20:24:00,97.9
2025-06-12 22:19:00,37.9
2025-06-12 18:32:00,57.6
2025-06-12 12:56:00,33.8
2025-06-12 17:07:00,49.732274758880266
2025-06-12 21:22:00,3.3
2025-06-12 03:54:00,76.1
2025-06-12 17:42:00,58.6
2025-06-12 18:54:00,30.1
2025-06-12 01:20:00,39.2
2025-06-12 22:21:00,10.4
2025-06-12 10:49:00,70.5
2025-06-12 21:24:00,15.1
2025-06-12 06:32:00,79.1
2025-06-12 23:58:00,77.5
2025-06-12 00:36:00,49.732274758880266
2025-06-12 06:45:00,43.7
2025-06-12 14:20:00,0.3
2025-06-12 15:32:00,40.1
2025-06-12 11:58:00,49.732274758880266
2025-06-12 10:24:00,49.732274758880266
2025-06-12 13:15:00,76.8
2025-06-12 04:23:00,10.5
2025-06-12 23:29:00,60.8
2025-06-12 22:23:00,7.5
2025-06-12 12:53:00,34.9
2025-06-12 21:00:00,81.9
2025-06-12 19:07:00,12.5
2025-06-12 22:14:00,15.8
2025-06-12 20:27:00,51.2
2025-06-12 16:49:00,42.9
2025-06-12 10:29:00,45.2
2025-06-12 15:58:00,52.6
2025-06-12 17:56:00,49.732274758880266
2025-06-12 21:18:00,24.2
2025-06-12 04:49:00,58.9
2025-06-12 06:54:00,94.1
2025-06-12 21:27:00,79.8
2025-06-12 09:28:00,31.2
2025-06-12 20:14:00,68.2
2025-06-12 08:19:00,57.5
2025-06-12 06:30:00,49.732274758880266
2025-06-12 18:46:00,49.732274758880266
2025-06-12 06:05:00,49.732274758880266
2025-06-12 10:31:00,49.732274758880266
2025-06-12 18:19:00,52.0
2025-06-12 23:19:00,47.5
2025-06-12 10:45:00,49.732274758880266
2025-06-12 12:31:00,49.732274758880266
2025-06-12 13:06:00,4.6
2025-06-12 08:54:00,76.1
2025-06-12 10:02:00,33.2
2025-06-12 08:38:00,49.4
2025-06-12 08:45:00,97.3
2025-06-12 07:37:00,70.9
2025-06-12 16:35:00,15.6
2025-06-12 22:14:00,5.9
2025-06-12 00:36:00,96.3
2025-06-12 00:21:00,90.3
2025-06-12 12:11:00,36.8
2025-06-12 06:35:00,30.3
2025-06-12 21:37:00,83.7
2025-06-12 21:52:00,32.5
2025-06-12 05:14:00,71.1
2025-06-12 04:35:00,67.1
2025-06-12 09:51:00,87.9
2025-06-12 18:48:00,5.4
2025-06-12 11:17:00,74.2
2025-06-12 16:28:00,89.4
2025-06-12 21:45:00,31.5
2025-06-12 23:58:00,37.5
2025-06-12 17:31:00,97.5
2025-06-12 15:46:00,64.7
2025-06-12 09:51:00,70.5
2025-06-12 15:08:00,43.0
2025-06-12 12:36:00,28.4
2025-06-12 21:26:00,23.0
2025-06-12 15:28:00,42.7
2025-06-12 16:40:00,49.732274758880266
2025-06-12 10:44:00,22.6
2025-06-12 21:10:00,12.2
2025-06-12 06:58:00,52.3
2025-06-12 05:24:00,32.0
2025-06-12 08:18:00,49.6
2025-06-12 07:22:00,29.2
2025-06-12 16:09:00,78.6
2025-06-12 08:45:00,10.6
2025-06-12 21:13:00,69.1
2025-06-12 13:16:00,42.7
2025-06-12 16:07:00,1.4
2025-06-12 22:13:00,99.2
2025-06-12 19:36:00,34.0
2025-06-12 02:39:00,56.3
2025-06-12 22:00:00,57.4
2025-06-12 02:52:00,56.1
2025-06-12 17:07:00,42.0
2025-06-12 00:37:00,73.4
2025-06-12 03:33:00,13.5
2025-06-12 19:40:00,49.732274758880266
2025-06-12 15:35:00,85.5
2025-06-12 15:29:00,49.732274758880266
2025-06-12 11:40:00,49.732274758880266
2025-06-12 02:23:00,2.9
2025-06-12 04:05:00,97.7
2025-06-12 21:34:00,49.732274758880266
2025-06-12 17:57:00,49.732274758880266
2025-06-12 15:10:00,34.7
2025-06-12 08:29:00,58.2
2025-06-12 06:28:00,49.732274758880266
2025-06-12 17:23:00,71.7
2025-06-12 03:15:00,98.6
2025-06-12 11:45:00,16.1
2025-06-12 13:32:00,82.6
2025-06-12 18:20:00,11.4
2025-06-12 22:07:00,43.0
2025-06-12 02:06:00,8.9
2025-06-12 15:31:00,88.5
2025-06-12 03:04:00,81.7
2025-06-12 23:03:00,21.6
2025-06-12 14:01:00,53.6
2025-06-12 08:26:00,68.8
2025-06-12 08:12:00,58.8
2025-06-12 02:45:00,55.5
2025-06-12 19:45:00,28.0
2025-06-12 02:53:00,49.732274758880266
2025-06-12 02:35:00,12.6
2025-06-12 19:22:00,2.9
2025-06-12 20:03:00,6.6
2025-06-12 19:31:00,49.38053801169591
2025-06-12 08:09:00,72.3
2025-06-12 07:43:00,49.38053801169591
2025-06-12 11:24:00,4.0
2025-06-12 12:11:00,49.38053801169591
2025-06-12 13:07:00,32.7
2025-06-12 01:01:00,88.7
2025-06-12 22:13:00,10.3
2025-06-12 11:22:00,73.3
2025-06-12 19:52:00,24.8
2025-06-12 15:58:00,81.5
2025-06-12 16:44:00,70.8
2025-06-12 21:48:00,99.5
2025-06-12 11:58:00,19.6
2025-06-12 15:44:00,17.3
2025-06-12 01:09:00,87.9
2025-06-12 10:42:00,70.9
2025-06-12 02:11:00,5.4
2025-06-12 09:34:00,82.0
2025-06-12 02:52:00,1.3
2025-06-12 09:28:00,52.3
2025-06-12 15:01:00,82.6
2025-06-12 21:52:00,64.7
2025-06-12 09:45:00,64.0
2025-06-12 15:06:00,49.38053801169591
2025-06-12 23:32:00,17.5
2025-06-12 02:31:00,58.7
2025-06-12 23:43:00,96.8
2025-06-12 02:06:00,14.2
2025-06-12 19:21:00,45.4
2025-06-12 20:23:00,33.7
2025-06-12 17:21:00,49.38053801169591
2025-06-12 05:55:00,32.7
2025-06-12 01:09:00,86.7
2025-06-12 20:25:00,33.2
2025-06-12 12:43:00,14.4
2025-06-12 05:29:00,17.4
2025-06-12 18:21:00,36.2
2025-06-12 16:17:00,24.5
2025-06-12 17:37:00,41.8
2025-06-12 19:25:00,84.4
2025-06-12 22:18:00,54.8
2025-06-12 21:11:00,42.4
2025-06-12 05:48:00,67.2
2025-06-12 10:27:00,15.3
2025-06-12 04:27:00,84.6
2025-06-12 07:19:00,96.1
2025-06-12 02:57:00,73.3
2025-06-12 23:36:00,36.9
2025-06-12 17:57:00,15.8
2025-06-12 05:59:00,71.0
2025-06-12 20:55:00,95.4
2025-06-12 08:12:00,85.4
2025-06-12 19:33:00,50.9
2025-06-12 04:28:00,55.7
2025-06-12 14:48:00,97.4
2025-06-12 13:23:00,50.2
2025-06-12 11:11:00,63.5
2025-06-12 23:37:00,56.1
2025-06-12 01:32:00,8.8
2025-06-12 03:05:00,69.9
2025-06-12 03:56:00,14.0
2025-06-12 23:38:00,49.38053801169591
2025-06-12 12:34:00,9.4
2025-06-12 16:30:00,86.8
2025-06-12 16:57:00,49.38053801169591
2025-06-12 15:15:00,76.4
2025-06-12 12:22:00,14.5
2025-06-12 18:57:00,45.8
2025-06-12 23:36:00,19.4
2025-06-12 12:40:00,49.38053801169591
2025-06-12 20:42:00,29.8
2025-06-12 11:22:00,84.0
2025-06-12 19:03:00,44.2
2025-06-12 13:12:00,14.2
2025-06-12 18:09:00,49.5
2025-06-12 08:00:00,33.3
2025-06-12 05:54:00,78.1
2025-06-12 19:17:00,36.6
2025-06-12 08:44:00,29.1
2025-06-12 06:06:00,6.9
2025-06-12 03:48:00,92.9
2025-06-12 20:45:00,83.9
2025-06-12 21:47:00,71.2
2025-06-12 10:50:00,49.38053801169591
2025-06-12 23:07:00,22.5
2025-06-12 20:16:00,75.9
2025-06-12 21:54:00,49.38053801169591
2025-06-12 16:44:00,41.6
2025-06-12 11:57:00,75.0
2025-06-12 02:40:00,49.38053801169591
2025-06-12 19:08:00,20.3
2025-06-12 02:54:00,9.7
2025-06-12 06:00:00,89.1
2025-06-12 14:41:00,25.4
2025-06-12 21:15:00,45.0
2025-06-12 19:37:00,15.4
2025-06-12 17:28:00,49.38053801169591
2025-06-12 15:11:00,46.3
2025-06-12 13:35:00,8.6
2025-06-12 17:17:00,82.4
2025-06-12 18:53:00,4.4
2025-06-12 10:46:00,44.2
2025-06-12 20:50:00,49.38053801169591
2025-06-12 22:12:00,74.2
2025-06-12 17:35:00,47.1
2025-06-12 07:01:00,49.38053801169591
2025-06-12 07:11:00,63.2
2025-06-12 17:31:00,52.8
2025-06-12 06:51:00,49.38053801169591
2025-06-12 21:46:00,49.38053801169591
2025-06-12 20:44:00,49.38053801169591
2025-06-12 01:28:00,49.38053801169591
2025-06-12 18:16:00,33.3
2025-06-12 00:15:00,49.38053801169591
2025-06-12 13:12:00,68.1
2025-06-12 13:39:00,86.1
2025-06-12 17:46:00,52.3
2025-06-12 16:43:00,98.0
2025-06-12 12:54:00,49.38053801169591
2025-06-12 05:58:00,79.2
2025-06-12 09:52:00,49.38053801169591
2025-06-12 12:32:00,25.8
2025-06-12 14:08:00,49.2
2025-06-12 04:00:00,49.38053801169591
2025-06-12 14:21:00,49.38053801169591
2025-06-12 11:45:00,49.38053801169591
2025-06-12 08:51:00,75.0
2025-06-12 08:06:00,73.7
2025-06-12 22:27:00,80.7
2025-06-12 00:29:00,67.4
2025-06-12 19:36:00,88.7
2025-06-12 16:45:00,42.5
2025-06-12 14:17:00,59.6
2025-06-12 22:55:00,69.3
2025-06-12 14:51:00,50.0
2025-06-12 16:17:00,54.7
2025-06-12 11:46:00,49.38053801169591
2025-06-12 01:10:00,49.1
2025-06-12 08:54:00,17.5
2025-06-12 07:06:00,97.2
2025-06-12 06:33:00,3.0
2025-06-12 16:24:00,52.2
2025-06-12 14:25:00,87.9
2025-06-12 14:24:00,76.2
2025-06-12 10:27:00,68.6
2025-06-12 23:29:00,57.7
2025-06-12 16:31:00,82.3
2025-06-12 08:45:00,49.38053801169591
2025-06-12 22:39:00,74.3
2025-06-12 05:04:00,4.6
2025-06-12 15:57:00,13.3
2025-06-12 14:26:00,30.7
2025-06-12 14:23:00,17.3
2025-06-12 23:41:00,29.3
2025-06-12 14:19:00,49.38053801169591
2025-06-12 23:12:00,84.4
2025-06-12 05:08:00,87.9
2025-06-12 16:26:00,21.0
2025-06-12 08:29:00,23.9
2025-06-12 05:23:00,29.0
2025-06-12 02:36:00,49.38053801169591
2025-06-12 17:32:00,26.2
2025-06-12 14:11:00,92.0
2025-06-12 09:55:00,96.5
2025-06-12 11:00:00,37.5
2025-06-12 10:32:00,60.7
2025-06-12 16:51:00,96.6
2025-06-12 08:22:00,2.2
2025-06-12 10:18:00,37.7
2025-06-12 13:30:00,14.5
2025-06-12 11:00:00,79.6
2025-06-12 13:02:00,32.2
2025-06-12 21:32:00,77.8
2025-06-12 01:31:00,47.5
2025-06-12 07:49:00,18.2
2025-06-12 10:09:00,94.2
2025-06-12 15:28:00,53.5
2025-06-12 05:15:00,93.9
2025-06-12 02:02:00,7.2
2025-06-12 16:34:00,37.7
2025-06-12 18:06:00,42.9
2025-06-12 12:23:00,53.4
2025-06-12 06:40:00,61.9
2025-06-12 01:05:00,46.7
2025-06-12 22:35:00,40.7
2025-06-12 12:27:00,59.5
2025-06-12 08:28:00,13.1
2025-06-12 21:54:00,28.2
2025-06-12 20:57:00,59.5
2025-06-12 10:08:00,46.6
2025-06-12 18:22:00,84.5
2025-06-12 13:52:00,48.8
2025-06-12 00:16:00,39.5
2025-06-12 05:18:00,4.5
2025-06-12 20:21:00,16.6
2025-06-12 19:15:00,49.38053801169591
2025-06-12 09:49:00,32.2
2025-06-12 07:31:00,90.5
2025-06-12 15:34:00,27.7
2025-06-12 17:52:00,77.0
2025-06-12 19:24:00,1.7
2025-06-12 19:47:00,58.1
2025-06-12 15:21:00,47.2
2025-06-12 04:39:00,60.9
2025-06-12 21:15:00,68.7
2025-06-12 03:06:00,23.8
2025-06-12 23:54:00,0.6
2025-06-12 20:28:00,24.1
2025-06-12 19:17:00,49.38053801169591
2025-06-12 00:28:00,40.3
2025-06-12 21:14:00,67.6
2025-06-12 05:56:00,49.38053801169591
2025-06-12 09:57:00,27.1
2025-06-12 03:48:00,4.4
2025-06-12 22:01:00,90.9
2025-06-12 18:27:00,0.4
2025-06-12 14:07:00,18.3
2025-06-12 19:58:00,49.38053801169591
2025-06-12 08:02:00,69.4
2025-06-12 03:57:00,77.7
2025-06-12 22:36:00,86.3
2025-06-12 20:09:00,25.0
2025-06-12 12:21:00,62.9
2025-06-12 06:03:00,8.0
2025-06-12 20:47:00,27.2
2025-06-12 07:42:00,88.4
2025-06-12 04:26:00,11.9
2025-06-12 09:46:00,90.5
2025-06-12 11:19:00,94.0
2025-06-12 05:06:00,21.3
2025-06-12 01:54:00,64.4
2025-06-12 18:11:00,83.8
2025-06-12 03:51:00,68.3
2025-06-12 21:12:00,76.8
2025-06-12 07:03:00,22.4
2025-06-12 10:49:00,1.4
2025-06-12 00:06:00,4.3
2025-06-12 02:49:00,39.6
2025-06-12 23:27:00,0.9
2025-06-12 14:41:00,75.3
2025-06-12 12:01:00,27.9
2025-06-12 03:56:00,55.5
2025-06-12 02:31:00,40.3
2025-06-12 10:36:00,42.4
2025-06-12 02:52:00,56.9
2025-06-12 11:16:00,49.38053801169591
2025-06-12 19:11:00,79.9
2025-06-12 16:33:00,49.38053801169591
2025-06-12 18:17:00,56.7
2025-06-12 16:29:00,49.38053801169591
2025-06-12 01:27:00,42.0
2025-06-12 17:08:00,23.7
2025-06-12 09:59:00,78.1
2025-06-12 13:11:00,67.3
2025-06-12 14:27:00,50.7
2025-06-12 04:42:00,9.3
2025-06-12 18:01:00,52.6
2025-06-12 08:52:00,43.6
2025-06-12 07:42:00,47.9
2025-06-12 03:00:00,37.5
2025-06-12 11:17:00,29.3
2025-06-12 15:12:00,30.4
2025-06-12 10:30:00,62.5
2025-06-12 02:49:00,55.5
2025-06-12 20:29:00,87.9
2025-06-12 05:30:00,87.8
2025-06-12 18:00:00,94.5
2025-06-12 15:12:00,28.7
2025-06-12 01:18:00,59.3
2025-06-12 08:16:00,22.1
2025-06-12 02:52:00,0.2
2025-06-12 09:53:00,49.38053801169591
2025-06-12 23:48:00,98.7
2025-06-12 03:57:00,73.8
2025-06-12 19:20:00,49.38053801169591
2025-06-12 01:43:00,44.7
2025-06-12 03:24:00,66.0
2025-06-12 07:05:00,22.7
2025-06-12 02:43:00,17.5
2025-06-12 12:44:00,49.38053801169591
2025-06-12 22:20:00,71.5
2025-06-12 07:32:00,50.4
2025-06-12 20:45:00,49.38053801169591
2025-06-12 19:24:00,85.0
2025-06-12 04:31:00,80.3
2025-06-12 08:20:00,88.9
2025-06-12 07:12:00,51.0
2025-06-12 04:20:00,39.6
2025-06-12 17:45:00,49.38053801169591
2025-06-12 05:35:00,11.3
2025-06-12 00:51:00,86.0
2025-06-12 21:06:00,33.0
2025-06-12 05:12:00,63.0
2025-06-12 07:17:00,7.2
2025-06-12 15:47:00,6.8
2025-06-12 11:59:00,39.7
2025-06-12 05:31:00,1.7
2025-06-12 11:13:00,55.8
2025-06-12 16:42:00,49.38053801169591
2025-06-12 19:01:00,22.3
2025-06-12 03:41:00,32.0
2025-06-12 14:01:00,85.0
2025-06-12 14:52:00,39.4
2025-06-12 14:13:00,49.38053801169591
2025-06-12 01:49:00,49.38053801169591
2025-06-12 12:02:00,81.6
2025-06-12 16:52:00,79.6
2025-06-12 04:06:00,98.0
2025-06-12 19:59:00,7.6
2025-06-12 22:59:00,49.38053801169591
2025-06-12 03:40:00,49.38053801169591
2025-06-12 09:09:00,17.0
2025-06-12 05:52:00,31.4
2025-06-12 00:11:00,99.0
2025-06-12 20:55:00,39.2
2025-06-12 00:25:00,92.0
2025-06-12 19:15:00,4.3
2025-06-12 14:54:00,85.4
2025-06-12 18:45:00,52.2
2025-06-12 12:33:00,41.1
2025-06-12 17:55:00,26.4
2025-06-12 15:50:00,2.0
2025-06-12 01:56:00,63.5
2025-06-12 18:44:00,19.3
2025-06-12 23:24:00,28.3
2025-06-12 19:09:00,44.4
2025-06-12 17:57:00,88.1
2025-06-12 16:12:00,49.38053801169591
2025-06-12 15:16:00,46.6
2025-06-12 05:11:00,44.4
2025-06-12 01:03:00,0.9
2025-06-12 23:30:00,44.6
2025-06-12 05:50:00,0.7
2025-06-12 20:57:00,66.1
2025-06-12 13:06:00,17.6
2025-06-12 18:07:00,83.8
2025-06-12 10:51:00,80.2
2025-06-12 13:52:00,31.7
2025-06-12 07:00:00,78.2
2025-06-12 07:58:00,24.6
2025-06-12 12:31:00,73.4
2025-06-12 08:36:00,25.3
2025-06-12 08:06:00,70.0
2025-06-12 22:35:00,49.38053801169591
2025-06-12 08:33:00,70.7
2025-06-12 06:51:00,52.2
2025-06-12 23:39:00,50.4
2025-06-12 12:21:00,63.8
2025-06-12 01:37:00,7.3
2025-06-12 00:26:00,84.9
2025-06-12 09:52:00,78.5
2025-06-12 17:47:00,61.1
2025-06-12 07:31:00,20.0
2025-06-12 11:45:00,57.0
2025-06-12 07:42:00,95.9
2025-06-12 20:53:00,57.5
2025-06-12 22:03:00,26.6
2025-06-12 05:48:00,0.8
2025-06-12 05:46:00,65.3
2025-06-12 11:03:00,92.4
2025-06-12 05:04:00,49.594186729301235
2025-06-12 07:59:00,26.3
2025-06-12 19:51:00,49.594186729301235
2025-06-12 00:54:00,99.5
2025-06-12 17:48:00,56.9
2025-06-12 21:11:00,38.5
2025-06-12 09:42:00,59.9
2025-06-12 16:14:00,14.1
2025-06-12 02:21:00,14.9
2025-06-12 19:41:00,77.3
2025-06-12 08:08:00,66.0
2025-06-12 13:29:00,49.594186729301235
2025-06-12 03:44:00,40.5
2025-06-12 02:40:00,79.6
2025-06-12 01:41:00,25.0
2025-06-12 11:59:00,43.8
2025-06-12 03:26:00,61.6
2025-06-12 06:37:00,48.5
2025-06-12 22:10:00,44.7
2025-06-12 07:50:00,39.3
2025-06-12 23:24:00,24.5
2025-06-12 23:04:00,32.1
2025-06-12 16:16:00,17.3
2025-06-12 04:13:00,56.7
2025-06-12 08:00:00,49.594186729301235
2025-06-12 11:17:00,86.9
2025-06-12 13:05:00,49.594186729301235
2025-06-12 19:05:00,14.4
2025-06-12 13:21:00,60.9
2025-06-12 14:51:00,15.4
2025-06-12 17:35:00,64.6
2025-06-12 13:24:00,85.7
2025-06-12 10:44:00,61.6
2025-06-12 22:11:00,76.2
2025-06-12 21:15:00,12.9
2025-06-12 10:52:00,69.3
2025-06-12 04:59:00,49.594186729301235
2025-06-12 10:35:00,52.4
2025-06-12 07:45:00,72.2
2025-06-12 19:04:00,54.4
2025-06-12 04:59:00,5.8
2025-06-12 07:01:00,54.7
2025-06-12 23:36:00,70.8
2025-06-12 17:38:00,49.594186729301235
2025-06-12 10:26:00,49.594186729301235
2025-06-12 05:32:00,49.594186729301235
2025-06-12 09:27:00,93.0
2025-06-12 10:39:00,66.9
2025-06-12 16:55:00,28.3
2025-06-12 17:27:00,63.4
2025-06-12 14:46:00,0.9
2025-06-12 14:43:00,60.4
2025-06-12 15:15:00,13.2
2025-06-12 20:00:00,66.4
2025-06-12 10:50:00,71.5
2025-06-12 10:47:00,87.6
2025-06-12 02:13:00,44.5
2025-06-12 01:28:00,64.9
2025-06-12 23:31:00,1.7
2025-06-12 16:01:00,26.7
2025-06-12 03:13:00,28.4
2025-06-12 01:52:00,49.594186729301235
2025-06-12 02:56:00,1.6
2025-06-12 13:51:00,86.3
2025-06-12 23:33:00,9.4
2025-06-12 19:41:00,87.5
2025-06-12 16:58:00,14.2
2025-06-12 15:54:00,92.4
2025-06-12 11:38:00,11.7
2025-06-12 09:58:00,49.594186729301235
2025-06-12 21:28:00,32.4
2025-06-12 22:05:00,49.594186729301235
2025-06-12 03:42:00,49.594186729301235
2025-06-12 17:46:00,43.5
2025-06-12 12:07:00,67.8
2025-06-12 14:08:00,49.594186729301235
2025-06-12 08:52:00,50.9
2025-06-12 06:59:00,0.8
2025-06-12 21:27:00,5.2
2025-06-12 09:45:00,49.594186729301235
2025-06-12 08:03:00,49.594186729301235
2025-06-12 17:33:00,49.594186729301235
2025-06-12 02:11:00,64.3
2025-06-12 23:09:00,96.1
2025-06-12 02:18:00,0.5
2025-06-12 16:24:00,62.2
2025-06-12 00:10:00,41.4
2025-06-12 06:54:00,1.5
2025-06-12 05:22:00,49.594186729301235
2025-06-12 23:52:00,90.8
2025-06-12 00:16:00,72.5
2025-06-12 02:58:00,81.1
2025-06-12 05:19:00,56.4
2025-06-12 11:54:00,50.5
2025-06-12 08:18:00,80.6
2025-06-12 22:29:00,74.3
2025-06-12 01:57:00,83.1
2025-06-12 09:05:00,49.594186729301235
2025-06-12 09:49:00,48.7
2025-06-12 10:59:00,49.4
2025-06-12 00:11:00,23.2
2025-06-12 13:30:00,32.1
2025-06-12 12:01:00,99.6
2025-06-12 22:54:00,78.3
2025-06-12 02:37:00,2.7
2025-06-12 06:02:00,7.0
2025-06-12 22:38:00,27.8
2025-06-12 03:14:00,82.4
2025-06-12 22:37:00,49.594186729301235
2025-06-12 10:14:00,21.3
2025-06-12 14:39:00,91.9
2025-06-12 09:43:00,36.8
2025-06-12 07:36:00,26.7
2025-06-12 16:39:00,60.6
2025-06-12 04:30:00,55.9
2025-06-12 10:22:00,10.7
2025-06-12 05:22:00,81.0
2025-06-12 15:29:00,50.3
2025-06-12 21:17:00,79.0
2025-06-12 07:23:00,20.0
2025-06-12 02:52:00,71.6
2025-06-12 11:02:00,49.594186729301235
2025-06-12 18:24:00,86.3
2025-06-12 00:21:00,39.1
2025-06-12 19:46:00,54.8
2025-06-12 07:09:00,18.4
2025-06-12 04:45:00,95.4
2025-06-12 10:55:00,42.3
2025-06-12 03:27:00,17.6
2025-06-12 06:01:00,12.8
2025-06-12 13:02:00,49.594186729301235
2025-06-12 21:34:00,5.3
2025-06-12 13:18:00,88.5
2025-06-12 00:08:00,72.2
2025-06-12 14:30:00,49.594186729301235
2025-06-12 02:02:00,18.3
2025-06-12 00:33:00,43.6
2025-06-12 00:23:00,1.4
2025-06-12 12:14:00,54.3
2025-06-12 11:55:00,65.9
2025-06-12 19:56:00,18.0
2025-06-12 13:28:00,49.594186729301235
2025-06-12 00:43:00,63.9
2025-06-12 15:06:00,35.9
2025-06-12 03:57:00,38.2
2025-06-12 02:43:00,7.7
2025-06-12 08:54:00,77.0
2025-06-12 10:51:00,49.594186729301235
2025-06-12 11:38:00,38.8
2025-06-12 21:23:00,90.4
2025-06-12 02:03:00,55.0
2025-06-12 02:02:00,3.9
2025-06-12 04:58:00,49.594186729301235
2025-06-12 17:00:00,8.2
2025-06-12 20:26:00,70.9
2025-06-12 19:49:00,57.5
2025-06-12 14:50:00,8.6
2025-06-12 22:29:00,53.8
2025-06-12 14:56:00,24.7
2025-06-12 18:35:00,24.3
2025-06-12 01:04:00,66.4
2025-06-12 00:08:00,69.2
2025-06-12 02:08:00,62.9
2025-06-12 19:51:00,56.7
2025-06-12 21:42:00,93.1
2025-06-12 10:45:00,87.6
2025-06-12 05:55:00,23.6
2025-06-12 13:03:00,68.8
2025-06-12 16:08:00,66.3
2025-06-12 04:04:00,63.8
2025-06-12 00:37:00,66.7
2025-06-12 09:45:00,49.594186729301235
2025-06-12 02:29:00,88.5
2025-06-12 08:47:00,49.594186729301235
2025-06-12 14:25:00,40.4
2025-06-12 20:06:00,76.4
2025-06-12 04:52:00,52.5
2025-06-12 17:30:00,82.1
2025-06-12 23:24:00,87.0
2025-06-12 16:56:00,31.6
2025-06-12 20:29:00,33.5
2025-06-12 00:51:00,90.9
2025-06-12 06:53:00,51.1
2025-06-12 06:48:00,64.4
2025-06-12 15:01:00,25.8
2025-06-12 08:32:00,20.2
2025-06-12 13:14:00,37.8
2025-06-12 19:34:00,4.4
2025-06-12 20:57:00,12.6
2025-06-12 04:39:00,49.594186729301235
2025-06-12 23:12:00,6.1
2025-06-12 01:54:00,98.1
2025-06-12 23:14:00,6.6
2025-06-12 17:18:00,49.594186729301235
2025-06-12 19:07:00,34.4
2025-06-12 20:32:00,76.6
2025-06-12 07:10:00,81.5
2025-06-12 09:35:00,63.2
2025-06-12 00:16:00,75.6
2025-06-12 01:49:00,31.2
2025-06-12 21:26:00,49.594186729301235
2025-06-12 11:36:00,15.2
2025-06-12 11:31:00,91.9
2025-06-12 20:36:00,1.4
2025-06-12 14:49:00,66.3
2025-06-12 16:48:00,78.8
2025-06-12 18:08:00,87.7
2025-06-12 02:17:00,49.594186729301235
2025-06-12 14:46:00,15.1
2025-06-12 06:17:00,54.3
2025-06-12 15:30:00,87.8
2025-06-12 01:20:00,79.4
2025-06-12 21:44:00,55.6
2025-06-12 02:15:00,99.9
2025-06-12 02:30:00,28.9
2025-06-12 11:40:00,53.7
2025-06-12 22:40:00,26.7
2025-06-12 14:31:00,58.0
2025-06-12 04:10:00,86.6
2025-06-12 14:42:00,49.594186729301235
2025-06-12 02:39:00,46.5
2025-06-12 22:03:00,49.594186729301235
2025-06-12 16:07:00,35.7
2025-06-12 16:22:00,83.3
2025-06-12 19:46:00,9.7
2025-06-12 20:38:00,49.594186729301235
2025-06-12 11:58:00,49.594186729301235
2025-06-12 17:15:00,44.1
2025-06-12 16:30:00,0.2
2025-06-12 11:00:00,55.4
2025-06-12 20:07:00,50.3
2025-06-12 17:23:00,22.8
2025-06-12 07:09:00,43.2
2025-06-12 22:50:00,17.6
2025-06-12 06:10:00,87.4
2025-06-12 18:08:00,87.3
2025-06-12 12:50:00,43.0
2025-06-12 12:20:00,92.1
2025-06-12 14:35:00,40.4
2025-06-12 17:46:00,53.6
2025-06-12 16:55:00,18.3
2025-06-12 17:05:00,96.6
2025-06-12 05:15:00,27.5
2025-06-12 11:05:00,16.8
2025-06-12 21:05:00,24.0
2025-06-12 12:18:00,20.5
2025-06-12 06:19:00,33.9
2025-06-12 18:43:00,94.6
2025-06-12 14:21:00,8.7
2025-06-12 08:09:00,27.7
2025-06-12 07:48:00,96.6
2025-06-12 21:38:00,49.594186729301235
2025-06-12 20:36:00,49.594186729301235
2025-06-12 10:18:00,44.1
2025-06-12 00:42:00,91.3
2025-06-12 05:02:00,77.5
2025-06-12 12:51:00,99.1
2025-06-12 13:52:00,49.594186729301235
2025-06-12 18:56:00,8.0
2025-06-12 12:00:00,0.4
2025-06-12 00:46:00,69.2
2025-06-12 00:03:00,49.3
2025-06-12 00:31:00,17.2
2025-06-12 09:30:00,74.5
2025-06-12 14:31:00,32.5
2025-06-12 02:26:00,20.7
2025-06-12 20:42:00,98.4
2025-06-12 15:06:00,64.1
2025-06-12 12:43:00,49.594186729301235
2025-06-12 19:48:00,21.4
2025-06-12 01:31:00,46.3
2025-06-12 03:38:00,94.3
2025-06-12 04:10:00,49.594186729301235
2025-06-12 14:51:00,7.9
2025-06-12 01:19:00,83.3
2025-06-12 02:08:00,56.5
2025-06-12 17:52:00,98.1
2025-06-12 00:41:00,14.6
2025-06-12 02:13:00,7.9
2025-06-12 02:31:00,49.594186729301235
2025-06-12 08:46:00,41.8
2025-06-12 19:35:00,83.3
2025-06-12 17:41:00,2.4
2025-06-12 05:40:00,67.3
2025-06-12 13:12:00,49.594186729301235
2025-06-12 10:49:00,49.594186729301235
2025-06-12 22:31:00,12.9
2025-06-12 15:22:00,56.9
2025-06-12 03:13:00,49.594186729301235
2025-06-12 13:33:00,49.594186729301235
2025-06-12 13:32:00,34.9
2025-06-12 01:20:00,34.7
2025-06-12 12:21:00,23.0
2025-06-12 22:13:00,87.2
2025-06-12 22:48:00,50.03812089971884
2025-06-12 09:51:00,50.03812089971884
2025-06-12 01:38:00,96.1
2025-06-12 15:59:00,50.03812089971884
2025-06-12 23:56:00,50.03812089971884
2025-06-12 00:16:00,28.8
2025-06-12 15:02:00,60.7
2025-06-12 05:01:00,84.0
2025-06-12 18:31:00,24.9
2025-06-12 10:30:00,50.03812089971884
2025-06-12 07:07:00,91.0
2025-06-12 00:00:00,12.2
2025-06-12 10:49:00,89.1
2025-06-12 10:01:00,5.4
2025-06-12 22:58:00,94.8
2025-06-12 23:14:00,16.1
2025-06-12 13:42:00,50.03812089971884
2025-06-12 12:56:00,60.6
2025-06-12 13:21:00,96.1
2025-06-12 22:54:00,80.6
2025-06-12 14:30:00,50.03812089971884
2025-06-12 16:14:00,80.5
2025-06-12 22:32:00,44.6
2025-06-12 04:38:00,50.03812089971884
2025-06-12 15:32:00,27.8
2025-06-12 10:17:00,62.9
2025-06-12 06:57:00,47.8
2025-06-12 04:33:00,89.3
2025-06-12 04:45:00,41.6
2025-06-12 01:53:00,74.4
2025-06-12 00:49:00,23.3
2025-06-12 16:12:00,69.4
2025-06-12 11:50:00,80.4
2025-06-12 21:59:00,78.7
2025-06-12 19:53:00,5.6
2025-06-12 10:44:00,50.03812089971884
2025-06-12 04:07:00,49.3
2025-06-12 06:35:00,50.03812089971884
2025-06-12 12:49:00,50.03812089971884
2025-06-12 07:12:00,58.8
2025-06-12 08:06:00,18.9
2025-06-12 01:53:00,44.5
2025-06-12 06:49:00,50.03812089971884
2025-06-12 19:18:00,50.03812089971884
2025-06-12 05:16:00,61.3
2025-06-12 12:14:00,36.6
2025-06-12 05:02:00,74.0
2025-06-12 13:03:00,68.9
2025-06-12 08:04:00,12.5
2025-06-12 02:32:00,13.3
2025-06-12 00:42:00,37.2
2025-06-12 09:32:00,40.0
2025-06-12 09:45:00,56.2
2025-06-12 05:03:00,50.03812089971884
2025-06-12 02:42:00,82.4
2025-06-12 18:21:00,29.2
2025-06-12 18:55:00,38.5
2025-06-12 00:17:00,11.3
2025-06-12 17:45:00,19.8
2025-06-12 13:35:00,16.7
2025-06-12 16:30:00,33.9
2025-06-12 05:30:00,99.3
2025-06-12 22:15:00,57.3
2025-06-12 19:10:00,41.5
2025-06-12 22:08:00,30.3
2025-06-12 22:57:00,98.5
2025-06-12 07:36:00,41.9
2025-06-12 11:45:00,44.7
2025-06-12 12:31:00,75.3
2025-06-12 21:48:00,75.8
2025-06-12 03:24:00,74.9
2025-06-12 04:58:00,87.2
2025-06-12 12:24:00,50.03812089971884
2025-06-12 13:43:00,95.5
2025-06-12 00:28:00,47.2
2025-06-12 06:40:00,78.3
2025-06-12 08:45:00,50.03812089971884
2025-06-12 09:19:00,89.6
2025-06-12 00:32:00,64.3
2025-06-12 16:14:00,33.3
2025-06-12 04:31:00,97.7
2025-06-12 11:18:00,69.0
2025-06-12 02:00:00,35.0
2025-06-12 18:01:00,9.9
2025-06-12 18:52:00,50.03812089971884
2025-06-12 04:22:00,18.2
2025-06-12 04:21:00,42.2
2025-06-12 05:42:00,50.03812089971884
2025-06-12 12:39:00,2.2
2025-06-12 20:41:00,82.8
2025-06-12 07:32:00,97.9
2025-06-12 22:49:00,83.4
2025-06-12 17:17:00,50.03812089971884
2025-06-12 11:26:00,50.2
2025-06-12 13:43:00,50.03812089971884
2025-06-12 03:42:00,45.9
2025-06-12 21:26:00,50.03812089971884
2025-06-12 17:29:00,50.03812089971884
2025-06-12 11:01:00,11.4
2025-06-12 21:28:00,44.0
2025-06-12 20:02:00,44.3
2025-06-12 03:14:00,50.03812089971884
2025-06-12 03:23:00,88.8
2025-06-12 23:19:00,95.6
2025-06-12 04:35:00,50.03812089971884
2025-06-12 11:51:00,50.03812089971884
2025-06-12 23:49:00,95.2
2025-06-12 10:39:00,52.4
2025-06-12 23:19:00,17.6
2025-06-12 04:08:00,50.03812089971884
2025-06-12 08:06:00,34.3
2025-06-12 19:32:00,91.3
2025-06-12 08:03:00,50.03812089971884
2025-06-12 06:04:00,50.03812089971884
2025-06-12 09:34:00,77.1
2025-06-12 19:12:00,50.03812089971884
2025-06-12 16:45:00,64.6
2025-06-12 07:30:00,96.4
2025-06-12 08:46:00,60.4
2025-06-12 16:16:00,50.03812089971884
2025-06-12 23:18:00,6.3
2025-06-12 18:47:00,16.2
2025-06-12 06:21:00,92.6
2025-06-12 11:17:00,59.1
2025-06-12 22:49:00,80.2
2025-06-12 06:42:00,50.03812089971884
2025-06-12 04:01:00,25.6
2025-06-12 04:20:00,77.8
2025-06-12 17:17:00,67.7
2025-06-12 02:19:00,32.8
2025-06-12 20:40:00,7.8
2025-06-12 01:32:00,80.8
2025-06-12 18:34:00,68.2
2025-06-12 03:03:00,50.03812089971884
2025-06-12 03:28:00,50.03812089971884
2025-06-12 19:14:00,29.5
2025-06-12 20:10:00,1.7
2025-06-12 11:35:00,50.03812089971884
2025-06-12 07:39:00,42.9
2025-06-12 17:59:00,52.1
2025-06-12 15:28:00,67.0
2025-06-12 21:42:00,71.3
2025-06-12 08:46:00,86.9
2025-06-12 18:47:00,37.9
2025-06-12 01:31:00,67.1
2025-06-12 07:04:00,99.5
2025-06-12 22:04:00,78.0
2025-06-12 00:03:00,24.9
2025-06-12 20:40:00,97.2
2025-06-12 10:48:00,55.1
2025-06-12 20:47:00,92.6
2025-06-12 08:24:00,18.4
2025-06-12 19:45:00,55.0
2025-06-12 07:38:00,13.4
2025-06-12 08:56:00,31.7
2025-06-12 10:59:00,22.5
2025-06-12 02:14:00,52.9
2025-06-12 14:59:00,63.2
2025-06-12 18:04:00,50.03812089971884
2025-06-12 20:29:00,12.7
2025-06-12 06:26:00,38.3
2025-06-12 02:38:00,16.8
2025-06-12 03:31:00,83.5
2025-06-12 10:12:00,73.0
2025-06-12 05:15:00,3.1
2025-06-12 10:48:00,37.9
2025-06-12 02:37:00,50.03812089971884
2025-06-12 20:27:00,56.1
2025-06-12 14:39:00,22.2
2025-06-12 20:26:00,19.1
2025-06-12 19:43:00,17.6
2025-06-12 22:16:00,73.4
2025-06-12 02:47:00,32.1
2025-06-12 13:34:00,22.6
2025-06-12 06:35:00,75.7
2025-06-12 21:54:00,52.6
2025-06-12 01:29:00,83.9
2025-06-12 14:20:00,80.6
2025-06-12 13:41:00,3.5
2025-06-12 02:18:00,73.4
2025-06-12 09:43:00,5.5
2025-06-12 21:53:00,87.5
2025-06-12 02:58:00,96.2
2025-06-12 01:20:00,81.3
2025-06-12 08:11:00,52.4
2025-06-12 17:36:00,50.03812089971884
2025-06-12 06:07:00,16.1
2025-06-12 02:15:00,73.9
2025-06-12 14:27:00,3.4
2025-06-12 23:46:00,31.5
2025-06-12 18:45:00,10.0
2025-06-12 09:24:00,30.5
2025-06-12 17:16:00,62.3
2025-06-12 19:28:00,27.3
2025-06-12 14:08:00,50.03812089971884
2025-06-12 21:44:00,68.4
2025-06-12 05:08:00,71.5
2025-06-12 15:50:00,2.0
2025-06-12 18:01:00,83.4
2025-06-12 12:02:00,59.5
2025-06-12 11:30:00,81.1
2025-06-12 02:15:00,90.2
2025-06-12 17:37:00,32.7
2025-06-12 06:55:00,0.4
2025-06-12 20:34:00,94.6
2025-06-12 03:59:00,89.7
2025-06-12 13:48:00,50.03812089971884
2025-06-12 03:55:00,99.0
2025-06-12 07:19:00,42.8
2025-06-12 05:50:00,46.3
2025-06-12 11:42:00,84.6
2025-06-12 15:39:00,86.1
2025-06-12 07:47:00,56.6
2025-06-12 06:52:00,79.9
2025-06-12 02:29:00,3.8
2025-06-12 19:33:00,73.7
2025-06-12 21:02:00,59.2
2025-06-12 09:43:00,57.8
2025-06-12 07:21:00,13.3
2025-06-12 12:58:00,95.4
2025-06-12 15:25:00,28.7
2025-06-12 15:57:00,32.7
2025-06-12 03:33:00,19.3
2025-06-12 01:03:00,18.4
2025-06-12 23:52:00,50.03812089971884
2025-06-12 01:04:00,42.2
2025-06-12 07:57:00,20.7
2025-06-12 18:11:00,29.2
2025-06-12 12:53:00,94.2
2025-06-12 06:21:00,50.03812089971884
2025-06-12 10:59:00,47.4
2025-06-12 02:12:00,92.3
2025-06-12 09:52:00,50.03812089971884
2025-06-12 13:19:00,79.0
2025-06-12 11:28:00,50.03812089971884
2025-06-12 12:09:00,79.7
2025-06-12 18:26:00,58.8
2025-06-12 03:12:00,50.03812089971884
2025-06-12 06:01:00,99.1
2025-06-12 17:28:00,59.8
2025-06-12 06:25:00,26.2
2025-06-12 14:42:00,59.5
2025-06-12 18:14:00,50.03812089971884
2025-06-12 16:42:00,73.3
2025-06-12 00:21:00,5.3
2025-06-12 14:46:00,38.0
2025-06-12 16:23:00,89.1
2025-06-12 22:02:00,89.9
2025-06-12 17:33:00,49.0
2025-06-12 19:28:00,89.9
2025-06-12 14:56:00,3.7
2025-06-12 22:18:00,70.8
2025-06-12 18:13:00,63.2
2025-06-12 22:13:00,82.4
2025-06-12 01:12:00,90.9
2025-06-12 08:08:00,55.5
2025-06-12 17:12:00,72.3
2025-06-12 18:16:00,53.9
2025-06-12 12:28:00,5.7
2025-06-12 12:46:00,34.7
2025-06-12 14:36:00,70.9
2025-06-12 08:30:00,28.0
2025-06-12 06:39:00,50.03812089971884
2025-06-12 11:53:00,97.8
2025-06-12 13:00:00,98.7
2025-06-12 14:20:00,99.4
2025-06-12 21:07:00,60.5
2025-06-12 15:11:00,78.7
2025-06-12 15:24:00,23.5
2025-06-12 04:06:00,62.6
2025-06-12 02:11:00,82.6
2025-06-12 11:16:00,29.2
2025-06-12 16:29:00,18.8
2025-06-12 11:13:00,16.6
2025-06-12 11:45:00,51.2
2025-06-12 18:01:00,86.8
2025-06-12 14:14:00,74.3
2025-06-12 07:31:00,33.7
2025-06-12 11:13:00,19.2
2025-06-12 10:25:00,43.9
2025-06-12 12:15:00,28.4
2025-06-12 14:52:00,74.1
2025-06-12 12:41:00,21.5
2025-06-12 14:58:00,7.9
2025-06-12 11:31:00,88.9
2025-06-12 18:42:00,30.2
2025-06-12 08:43:00,30.9
2025-06-12 04:11:00,20.1
2025-06-12 04:45:00,28.5
2025-06-12 00:57:00,77.4
2025-06-12 12:07:00,18.7
2025-06-12 21:48:00,78.7
2025-06-12 02:05:00,60.1
2025-06-12 21:36:00,26.4
2025-06-12 05:26:00,46.2
2025-06-12 08:13:00,58.4
2025-06-12 08:26:00,1.7
2025-06-12 13:07:00,41.3
2025-06-12 18:24:00,74.1
2025-06-12 18:13:00,45.3
2025-06-12 18:39:00,53.8
2025-06-12 20:28:00,0.7
2025-06-12 15:32:00,27.8
2025-06-12 01:23:00,50.03812089971884
2025-06-12 12:00:00,50.03812089971884
2025-06-12 02:08:00,88.9
2025-06-12 19:23:00,65.9
2025-06-12 07:05:00,31.4
2025-06-12 23:07:00,6.3
2025-06-12 15:14:00,50.03812089971884
2025-06-12 10:14:00,92.1
2025-06-12 08:33:00,40.2
2025-06-12 00:20:00,50.03812089971884
2025-06-12 08:03:00,18.8
2025-06-12 19:22:00,28.1
2025-06-12 06:55:00,78.2
2025-06-12 01:43:00,62.1
2025-06-12 11:15:00,53.3
2025-06-12 05:27:00,50.03812089971884
2025-06-12 09:09:00,23.1
2025-06-12 03:30:00,0.4
2025-06-12 14:34:00,40.4
2025-06-12 19:13:00,78.1
2025-06-12 23:02:00,40.6
2025-06-12 00:40:00,68.6
2025-06-12 20:55:00,64.7
2025-06-12 07:41:00,46.9
2025-06-12 06:54:00,15.5
2025-06-12 03:08:00,50.03812089971884
2025-06-12 11:15:00,65.7
2025-06-12 11:55:00,87.9
2025-06-12 17:33:00,4.6
2025-06-12 05:35:00,49.697634180790956
2025-06-12 13:40:00,84.1
2025-06-12 14:09:00,49.697634180790956
2025-06-12 06:32:00,59.4
2025-06-12 21:26:00,78.5
2025-06-12 08:56:00,8.8
2025-06-12 15:24:00,30.9
2025-06-12 19:47:00,49.697634180790956
2025-06-12 08:31:00,54.7
2025-06-12 10:55:00,93.1
2025-06-12 13:53:00,58.8
2025-06-12 16:16:00,89.3
2025-06-12 00:37:00,76.7
2025-06-12 06:35:00,33.3
2025-06-12 08:42:00,7.0
2025-06-12 20:52:00,49.697634180790956
2025-06-12 21:25:00,75.2
2025-06-12 11:36:00,15.8
2025-06-12 16:27:00,49.6
2025-06-12 09:06:00,78.0
2025-06-12 11:17:00,55.4
2025-06-12 21:10:00,63.9
2025-06-12 09:24:00,25.9
2025-06-12 06:48:00,60.8
2025-06-12 09:14:00,79.3
2025-06-12 23:09:00,6.8
2025-06-12 23:04:00,92.1
2025-06-12 20:37:00,61.5
2025-06-12 22:19:00,48.1
2025-06-12 17:13:00,36.3
2025-06-12 22:08:00,81.4
2025-06-12 04:40:00,96.4
2025-06-12 13:49:00,48.7
2025-06-12 22:25:00,83.0
2025-06-12 08:13:00,25.7
2025-06-12 04:09:00,82.4
2025-06-12 18:37:00,10.3
2025-06-12 15:54:00,79.5
2025-06-12 01:39:00,49.697634180790956
2025-06-12 22:31:00,12.3
2025-06-12 19:03:00,36.2
2025-06-12 17:39:00,95.9
2025-06-12 18:22:00,40.8
2025-06-12 20:44:00,74.9
2025-06-12 10:30:00,98.4
2025-06-12 21:55:00,67.9
2025-06-12 20:50:00,22.6
2025-06-12 01:26:00,40.3
2025-06-12 01:34:00,5.2
2025-06-12 07:58:00,49.697634180790956
2025-06-12 03:33:00,95.9
2025-06-12 03:52:00,11.8
2025-06-12 06:32:00,96.6
2025-06-12 04:04:00,48.9
2025-06-12 11:52:00,42.5
2025-06-12 01:38:00,88.9
2025-06-12 06:08:00,40.9
2025-06-12 01:27:00,68.0
2025-06-12 02:10:00,20.2
2025-06-12 19:19:00,49.697634180790956
2025-06-12 19:37:00,76.7
2025-06-12 08:19:00,3.6
2025-06-12 08:12:00,96.7
2025-06-12 23:37:00,5.9
2025-06-12 17:06:00,35.8
2025-06-12 06:51:00,49.697634180790956
2025-06-12 10:47:00,98.2
2025-06-12 14:56:00,34.9
2025-06-12 16:47:00,60.1
2025-06-12 18:10:00,29.0
2025-06-12 02:03:00,58.1
2025-06-12 21:06:00,73.2
2025-06-12 08:20:00,87.2
2025-06-12 20:50:00,91.8
2025-06-12 05:12:00,53.9
2025-06-12 09:29:00,6.0
2025-06-12 11:32:00,85.4
2025-06-12 08:39:00,51.0
2025-06-12 15:52:00,42.2
2025-06-12 00:33:00,11.8
2025-06-12 21:08:00,60.6
2025-06-12 09:48:00,36.7
2025-06-12 12:32:00,0.1
2025-06-12 23:17:00,89.1
2025-06-12 01:24:00,74.5
2025-06-12 04:16:00,28.1
2025-06-12 06:30:00,54.9
2025-06-12 03:37:00,53.4
2025-06-12 17:12:00,64.8
2025-06-12 06:50:00,49.697634180790956
2025-06-12 09:07:00,49.697634180790956
2025-06-12 06:20:00,95.8
2025-06-12 21:16:00,21.6
2025-06-12 19:39:00,94.7
2025-06-12 14:05:00,75.7
2025-06-12 05:07:00,18.6
2025-06-12 08:44:00,3.3
2025-06-12 09:15:00,29.8
2025-06-12 03:22:00,55.0
2025-06-12 08:54:00,49.697634180790956
2025-06-12 00:02:00,49.697634180790956
2025-06-12 16:01:00,3.5
2025-06-12 22:21:00,63.0
2025-06-12 14:59:00,34.1
2025-06-12 18:00:00,26.4
2025-06-12 13:29:00,3.7
2025-06-12 11:51:00,75.2
2025-06-12 15:45:00,15.3
2025-06-12 19:36:00,5.2
2025-06-12 07:10:00,46.7
2025-06-12 01:55:00,11.8
2025-06-12 09:19:00,12.6
2025-06-12 01:13:00,49.697634180790956
2025-06-12 14:28:00,3.2
2025-06-12 01:06:00,29.4
2025-06-12 21:37:00,15.4
2025-06-12 14:43:00,29.1
2025-06-12 01:02:00,49.697634180790956
2025-06-12 19:03:00,4.8
2025-06-12 09:20:00,35.8
2025-06-12 01:30:00,18.7
2025-06-12 09:55:00,83.2
2025-06-12 01:03:00,84.8
2025-06-12 13:41:00,41.6
2025-06-12 14:02:00,38.4
2025-06-12 01:50:00,84.5
2025-06-12 13:31:00,0.6
2025-06-12 03:02:00,49.697634180790956
2025-06-12 21:58:00,58.3
2025-06-12 09:23:00,49.697634180790956
2025-06-12 08:35:00,53.5
2025-06-12 14:12:00,88.0
2025-06-12 05:15:00,40.2
2025-06-12 07:58:00,22.1
2025-06-12 13:35:00,94.8
2025-06-12 09:11:00,99.0
2025-06-12 17:47:00,69.6
2025-06-12 19:00:00,1.0
2025-06-12 05:23:00,74.9
2025-06-12 05:15:00,58.3
2025-06-12 06:42:00,18.9
2025-06-12 04:45:00,60.6
2025-06-12 15:57:00,38.2
2025-06-12 16:32:00,18.3
2025-06-12 04:37:00,88.0
2025-06-12 12:43:00,41.2
2025-06-12 07:35:00,17.7
2025-06-12 12:26:00,49.697634180790956
2025-06-12 19:42:00,73.3
2025-06-12 08:03:00,97.4
2025-06-12 22:42:00,97.6
2025-06-12 21:17:00,63.9
2025-06-12 18:44:00,49.697634180790956
2025-06-12 09:39:00,45.4
2025-06-12 19:40:00,71.9
2025-06-12 11:51:00,72.0
2025-06-12 18:26:00,41.8
2025-06-12 14:37:00,88.6
2025-06-12 23:10:00,5.0
2025-06-12 02:29:00,43.5
2025-06-12 22:36:00,50.6
2025-06-12 18:35:00,0.7
2025-06-12 19:56:00,12.7
2025-06-12 22:56:00,67.5
2025-06-12 13:40:00,76.7
2025-06-12 06:14:00,61.9
2025-06-12 12:34:00,57.5
2025-06-12 06:17:00,7.3
2025-06-12 22:42:00,16.8
2025-06-12 08:55:00,13.6
2025-06-12 02:47:00,49.697634180790956
2025-06-12 09:17:00,10.2
2025-06-12 06:08:00,61.6
2025-06-12 11:55:00,15.1
2025-06-12 03:17:00,62.9
2025-06-12 13:10:00,43.4
2025-06-12 11:37:00,62.0
2025-06-12 05:46:00,49.4
2025-06-12 08:17:00,44.4
2025-06-12 18:19:00,5.8
2025-06-12 02:23:00,84.5
2025-06-12 09:50:00,8.4
2025-06-12 03:56:00,78.5
2025-06-12 18:49:00,49.697634180790956
2025-06-12 14:24:00,71.3
2025-06-12 19:59:00,73.9
2025-06-12 08:32:00,30.0
2025-06-12 10:37:00,72.4
2025-06-12 17:20:00,97.5
2025-06-12 12:46:00,49.697634180790956
2025-06-12 21:55:00,18.7
2025-06-12 23:11:00,49.697634180790956
2025-06-12 00:58:00,93.7
2025-06-12 18:11:00,49.697634180790956
2025-06-12 16:41:00,89.5
2025-06-12 12:15:00,82.1
2025-06-12 20:56:00,52.2
2025-06-12 10:43:00,43.2
2025-06-12 20:40:00,15.8
2025-06-12 08:49:00,42.6
2025-06-12 04:30:00,93.5
2025-06-12 20:21:00,7.6
2025-06-12 20:27:00,28.8
2025-06-12 12:41:00,21.2
2025-06-12 06:17:00,49.697634180790956
2025-06-12 17:08:00,24.8
2025-06-12 06:28:00,49.697634180790956
2025-06-12 12:53:00,35.8
2025-06-12 16:10:00,49.697634180790956
2025-06-12 23:08:00,49.697634180790956
2025-06-12 18:02:00,3.7
2025-06-12 13:31:00,62.1
2025-06-12 10:47:00,99.2
2025-06-12 16:31:00,6.9
2025-06-12 16:58:00,55.5
2025-06-12 18:45:00,49.697634180790956
2025-06-12 23:36:00,57.1
2025-06-12 06:15:00,13.1
2025-06-12 14:27:00,94.5
2025-06-12 03:01:00,72.8
2025-06-12 13:21:00,28.7
2025-06-12 12:24:00,64.1
2025-06-12 09:58:00,25.8
2025-06-12 02:05:00,1.4
2025-06-12 07:15:00,1.8
2025-06-12 20:20:00,2.6
2025-06-12 13:50:00,46.9
2025-06-12 17:02:00,49.697634180790956
2025-06-12 08:55:00,68.6
2025-06-12 00:34:00,49.697634180790956
2025-06-12 21:18:00,51.8
2025-06-12 13:47:00,33.7
2025-06-12 09:53:00,49.697634180790956
2025-06-12 10:56:00,75.6
2025-06-12 10:13:00,62.2
2025-06-12 08:50:00,46.1
2025-06-12 04:47:00,75.1
2025-06-12 10:28:00,24.5
2025-06-12 05:50:00,3.5
2025-06-12 15:47:00,49.697634180790956
2025-06-12 11:29:00,49.697634180790956
2025-06-12 11:50:00,70.5
2025-06-12 17:38:00,57.7
2025-06-12 22:59:00,64.9
2025-06-12 22:04:00,14.9
2025-06-12 18:32:00,23.4
2025-06-12 18:17:00,8.3
2025-06-12 18:43:00,41.5
2025-06-12 23:48:00,45.2
2025-06-12 01:26:00,85.2
2025-06-12 23:23:00,55.1
2025-06-12 00:33:00,39.3
2025-06-12 21:14:00,19.3
2025-06-12 14:14:00,4.6
2025-06-12 04:53:00,73.6
2025-06-12 15:27:00,84.9
2025-06-12 11:08:00,99.3
2025-06-12 23:43:00,80.8
2025-06-12 07:10:00,49.697634180790956
2025-06-12 15:10:00,28.6
2025-06-12 18:14:00,75.0
2025-06-12 14:51:00,49.697634180790956
2025-06-12 19:16:00,15.6
2025-06-12 20:50:00,52.8
2025-06-12 15:23:00,83.2
2025-06-12 12:59:00,76.6
2025-06-12 07:19:00,48.4
2025-06-12 21:03:00,49.697634180790956
2025-06-12 19:55:00,29.1
2025-06-12 20:57:00,19.4
2025-06-12 22:14:00,74.1
2025-06-12 16:37:00,12.7
2025-06-12 17:17:00,89.8
2025-06-12 05:05:00,13.6
2025-06-12 09:09:00,36.8
2025-06-12 07:21:00,49.697634180790956
2025-06-12 15:15:00,49.697634180790956
2025-06-12 22:48:00,56.6
2025-06-12 09:31:00,52.2
2025-06-12 15:03:00,11.6
2025-06-12 13:22:00,45.7
2025-06-12 14:52:00,48.6
2025-06-12 17:38:00,49.697634180790956
2025-06-12 11:34:00,5.6
2025-06-12 03:19:00,47.0
2025-06-12 00:42:00,52.2
2025-06-12 20:00:00,49.697634180790956
2025-06-12 10:15:00,84.0
2025-06-12 17:48:00,60.0
2025-06-12 23:30:00,37.9
2025-06-12 08:43:00,13.4
2025-06-12 12:25:00,76.8
2025-06-12 13:46:00,81.3
2025-06-12 17:17:00,54.5
2025-06-12 20:21:00,49.697634180790956
2025-06-12 10:35:00,88.4
2025-06-12 07:33:00,96.8
2025-06-12 11:06:00,88.2
2025-06-12 09:10:00,49.697634180790956
2025-06-12 23:25:00,81.5
2025-06-12 14:04:00,9.1
2025-06-12 17:54:00,65.7
2025-06-12 13:04:00,80.2
2025-06-12 18:09:00,15.3
2025-06-12 14:05:00,17.6
2025-06-12 03:18:00,66.0
2025-06-12 14:55:00,36.6
2025-06-12 10:07:00,49.697634180790956
2025-06-12 06:34:00,74.5
2025-06-12 17:04:00,79.9
2025-06-12 09:02:00,64.9
2025-06-12 17:43:00,49.697634180790956
2025-06-12 23:09:00,95.4
2025-06-12 09:37:00,49.81454693687398
2025-06-12 01:06:00,84.7
2025-06-12 18:30:00,11.8
2025-06-12 05:25:00,30.0
2025-06-12 03:26:00,75.8
2025-06-12 12:10:00,84.4
2025-06-12 14:17:00,11.6
2025-06-12 23:27:00,89.6
2025-06-12 09:01:00,29.8
2025-06-12 18:55:00,47.4
2025-06-12 10:41:00,21.0
2025-06-12 15:27:00,37.8
2025-06-12 05:27:00,16.4
2025-06-12 02:04:00,96.2
2025-06-12 08:19:00,30.9
2025-06-12 19:27:00,95.5
2025-06-12 05:35:00,77.1
2025-06-12 20:09:00,68.5
2025-06-12 12:08:00,32.2
2025-06-12 06:55:00,49.81454693687398
2025-06-12 21:48:00,66.1
2025-06-12 03:33:00,53.8
2025-06-12 11:48:00,49.81454693687398
2025-06-12 03:19:00,70.7
2025-06-12 16:26:00,18.3
2025-06-12 06:45:00,71.9
2025-06-12 00:07:00,18.8
2025-06-12 18:09:00,2.3
2025-06-12 03:06:00,63.0
2025-06-12 21:11:00,80.0
2025-06-12 02:51:00,99.7
2025-06-12 02:33:00,10.9
2025-06-12 01:29:00,86.4
2025-06-12 08:20:00,49.81454693687398
2025-06-12 16:08:00,19.0
2025-06-12 07:56:00,92.5
2025-06-12 02:11:00,21.8
2025-06-12 08:47:00,36.4
2025-06-12 00:41:00,15.7
2025-06-12 02:26:00,7.9
2025-06-12 18:44:00,10.4
2025-06-12 16:37:00,73.2
2025-06-12 11:27:00,12.8
2025-06-12 18:45:00,19.2
2025-06-12 10:10:00,40.7
2025-06-12 21:51:00,76.8
2025-06-12 17:25:00,60.5
2025-06-12 00:57:00,17.0
2025-06-12 19:54:00,15.6
2025-06-12 06:57:00,6.2
2025-06-12 16:28:00,15.2
2025-06-12 16:00:00,47.3
2025-06-12 15:10:00,58.1
2025-06-12 16:51:00,7.0
2025-06-12 10:46:00,72.4
2025-06-12 12:06:00,95.5
2025-06-12 10:10:00,82.7
2025-06-12 18:54:00,35.3
2025-06-12 12:20:00,10.4
2025-06-12 10:00:00,49.81454693687398
2025-06-12 11:27:00,23.5
2025-06-12 03:39:00,4.2
2025-06-12 01:01:00,49.81454693687398
2025-06-12 03:34:00,25.0
2025-06-12 13:28:00,42.5
2025-06-12 23:49:00,5.1
2025-06-12 08:26:00,66.4
2025-06-12 19:05:00,79.3
2025-06-12 20:00:00,0.9
2025-06-12 04:23:00,96.0
2025-06-12 17:25:00,49.81454693687398
2025-06-12 23:27:00,3.9
2025-06-12 07:59:00,25.3
2025-06-12 05:53:00,62.1
2025-06-12 22:18:00,13.4
2025-06-12 19:08:00,85.1
2025-06-12 00:23:00,49.6
2025-06-12 13:35:00,52.4
2025-06-12 08:45:00,1.6
2025-06-12 03:00:00,31.0
2025-06-12 18:48:00,27.3
2025-06-12 11:52:00,11.6
2025-06-12 08:08:00,33.0
2025-06-12 16:23:00,49.81454693687398
2025-06-12 09:23:00,49.81454693687398
2025-06-12 03:21:00,98.9
2025-06-12 08:21:00,12.4
2025-06-12 08:31:00,94.0
2025-06-12 19:37:00,1.1
2025-06-12 02:21:00,80.2
2025-06-12 06:09:00,62.0
2025-06-12 19:24:00,37.7
2025-06-12 08:07:00,18.9
2025-06-12 18:40:00,12.0
2025-06-12 22:02:00,38.9
2025-06-12 16:56:00,42.7
2025-06-12 04:31:00,89.4
2025-06-12 04:22:00,16.6
2025-06-12 17:56:00,16.2
2025-06-12 22:34:00,71.4
2025-06-12 16:31:00,36.5
2025-06-12 19:29:00,49.81454693687398
2025-06-12 13:43:00,77.2
2025-06-12 19:57:00,81.5
2025-06-12 18:10:00,17.1
2025-06-12 00:19:00,72.0
2025-06-12 23:49:00,14.4
2025-06-12 22:16:00,86.2
2025-06-12 17:24:00,79.7
2025-06-12 15:57:00,77.8
2025-06-12 06:11:00,53.4
2025-06-12 08:52:00,21.8
2025-06-12 15:37:00,29.8
2025-06-12 14:24:00,5.7
2025-06-12 02:15:00,86.4
2025-06-12 05:58:00,9.0
2025-06-12 14:52:00,49.81454693687398
2025-06-12 04:12:00,17.4
2025-06-12 13:38:00,33.4
2025-06-12 01:28:00,63.4
2025-06-12 20:57:00,25.3
2025-06-12 17:03:00,49.81454693687398
2025-06-12 21:55:00,49.81454693687398
2025-06-12 14:19:00,49.81454693687398
2025-06-12 22:13:00,49.81454693687398
2025-06-12 05:06:00,86.3
2025-06-12 02:53:00,10.6
2025-06-12 00:54:00,36.7
2025-06-12 19:27:00,33.3
2025-06-12 02:20:00,52.0
2025-06-12 04:55:00,15.0
2025-06-12 21:09:00,24.0
2025-06-12 13:09:00,23.7
2025-06-12 15:36:00,40.8
2025-06-12 00:47:00,74.1
2025-06-12 15:44:00,77.0
2025-06-12 03:36:00,14.5
2025-06-12 09:36:00,7.1
2025-06-12 21:40:00,24.0
2025-06-12 18:39:00,49.81454693687398
2025-06-12 04:18:00,39.0
2025-06-12 19:42:00,48.0
2025-06-12 17:24:00,6.0
2025-06-12 20:36:00,44.1
2025-06-12 08:15:00,49.81454693687398
2025-06-12 07:34:00,16.5
2025-06-12 04:24:00,49.81454693687398
2025-06-12 00:22:00,90.0
2025-06-12 00:50:00,30.7
2025-06-12 16:34:00,69.4
2025-06-12 07:29:00,0.7
2025-06-12 13:27:00,64.2
2025-06-12 04:27:00,33.4
2025-06-12 06:44:00,49.81454693687398
2025-06-12 17:14:00,6.3
2025-06-12 21:36:00,16.7
2025-06-12 21:22:00,49.81454693687398
2025-06-12 02:39:00,74.5
2025-06-12 12:13:00,74.5
2025-06-12 04:37:00,49.81454693687398
2025-06-12 11:32:00,95.4
2025-06-12 21:12:00,21.6
2025-06-12 04:15:00,99.5
2025-06-12 12:48:00,30.6
2025-06-12 00:14:00,69.8
2025-06-12 04:07:00,26.5
2025-06-12 10:34:00,83.9
2025-06-12 11:35:00,34.1
2025-06-12 19:22:00,94.2
2025-06-12 05:18:00,19.5
2025-06-12 05:37:00,23.5
2025-06-12 22:39:00,37.9
2025-06-12 16:27:00,18.9
2025-06-12 13:40:00,49.81454693687398
2025-06-12 16:27:00,52.9
2025-06-12 04:24:00,66.2
2025-06-12 01:09:00,36.6
2025-06-12 03:29:00,32.6
2025-06-12 16:11:00,26.1
2025-06-12 22:40:00,3.7
2025-06-12 16:20:00,49.81454693687398
2025-06-12 22:35:00,71.2
2025-06-12 01:15:00,54.7
2025-06-12 17:15:00,96.9
2025-06-12 07:16:00,5.8
2025-06-12 06:37:00,81.0
2025-06-12 23:47:00,45.9
2025-06-12 10:31:00,37.4
2025-06-12 09:30:00,9.0
2025-06-12 15:16:00,87.7
2025-06-12 01:25:00,29.3
2025-06-12 02:14:00,49.81454693687398
2025-06-12 15:10:00,24.7
2025-06-12 12:07:00,18.0
2025-06-12 16:36:00,49.81454693687398
2025-06-12 23:57:00,60.2
2025-06-12 17:49:00,33.0
2025-06-12 08:50:00,49.81454693687398
2025-06-12 06:09:00,35.0
2025-06-12 07:48:00,22.9
2025-06-12 02:34:00,81.1
2025-06-12 13:54:00,55.5
2025-06-12 17:26:00,95.1
2025-06-12 03:21:00,49.81454693687398
2025-06-12 14:07:00,49.81454693687398
2025-06-12 09:51:00,60.3
2025-06-12 21:21:00,26.3
2025-06-12 17:49:00,61.5
2025-06-12 18:07:00,10.1
2025-06-12 23:38:00,1.0
2025-06-12 06:59:00,49.81454693687398
2025-06-12 06:53:00,55.8
2025-06-12 17:01:00,62.3
2025-06-12 18:40:00,26.6
2025-06-12 04:58:00,24.4
2025-06-12 19:51:00,4.8
2025-06-12 23:48:00,7.5
2025-06-12 17:56:00,46.8
2025-06-12 07:46:00,7.3
2025-06-12 19:25:00,17.9
2025-06-12 04:15:00,77.2
2025-06-12 01:31:00,6.0
2025-06-12 13:21:00,35.4
2025-06-12 15:02:00,36.0
2025-06-12 00:34:00,70.7
2025-06-12 15:20:00,15.9
2025-06-12 05:45:00,12.1
2025-06-12 10:38:00,51.7
2025-06-12 03:00:00,79.5
2025-06-12 01:49:00,49.81454693687398
2025-06-12 15:44:00,15.7
2025-06-12 04:27:00,34.3
2025-06-12 08:50:00,49.9
2025-06-12 11:27:00,43.4
2025-06-12 06:51:00,49.81454693687398
2025-06-12 21:32:00,30.7
2025-06-12 13:51:00,58.6
2025-06-12 23:35:00,68.2
2025-06-12 18:41:00,73.9
2025-06-12 13:49:00,28.1
2025-06-12 04:05:00,9.3
2025-06-12 03:21:00,49.81454693687398
2025-06-12 03:00:00,61.9
2025-06-12 21:53:00,60.0
2025-06-12 21:44:00,26.1
2025-06-12 15:45:00,76.5
2025-06-12 18:34:00,14.6
2025-06-12 20:24:00,87.9
2025-06-12 00:45:00,94.2
2025-06-12 13:54:00,0.0
2025-06-12 21:18:00,49.81454693687398
2025-06-12 22:20:00,40.6
2025-06-12 21:03:00,81.7
2025-06-12 07:10:00,49.1
2025-06-12 22:56:00,49.3
2025-06-12 09:30:00,83.0
2025-06-12 01:25:00,55.0
2025-06-12 09:17:00,52.7
2025-06-12 06:15:00,19.5
2025-06-12 22:51:00,55.1
2025-06-12 21:46:00,49.81454693687398
2025-06-12 06:11:00,26.0
2025-06-12 08:58:00,5.7
2025-06-12 05:02:00,93.4
2025-06-12 00:01:00,69.7
2025-06-12 13:18:00,65.4
2025-06-12 04:47:00,14.8
2025-06-12 06:07:00,76.7
2025-06-12 09:04:00,48.8
2025-06-12 11:14:00,25.8
2025-06-12 01:07:00,53.7
2025-06-12 16:16:00,21.4
2025-06-12 02:48:00,72.4
2025-06-12 10:22:00,90.0
2025-06-12 02:37:00,53.0
2025-06-12 06:00:00,49.81454693687398
2025-06-12 10:06:00,12.0
2025-06-12 08:33:00,13.1
2025-06-12 06:43:00,85.4
2025-06-12 15:51:00,86.4
2025-06-12 00:02:00,7.5
2025-06-12 21:25:00,88.5
2025-06-12 15:49:00,58.8
2025-06-12 15:38:00,49.81454693687398
2025-06-12 09:48:00,70.1
2025-06-12 16:51:00,93.5
2025-06-12 07:29:00,32.5
2025-06-12 00:51:00,60.5
2025-06-12 16:15:00,49.81454693687398
2025-06-12 17:26:00,49.81454693687398
2025-06-12 01:08:00,44.5
2025-06-12 13:45:00,54.1
2025-06-12 15:32:00,49.81454693687398
2025-06-12 15:01:00,82.7
2025-06-12 01:42:00,49.81454693687398
2025-06-12 23:28:00,37.2
2025-06-12 14:00:00,51.5
2025-06-12 13:18:00,71.2
2025-06-12 22:28:00,18.5
2025-06-12 06:40:00,35.4
2025-06-12 13:18:00,18.9
2025-06-12 07:54:00,95.5
2025-06-12 23:15:00,49.81454693687398
2025-06-12 19:29:00,50.5
2025-06-12 09:44:00,49.81454693687398
2025-06-12 02:50:00,30.4
2025-06-12 06:08:00,40.9
2025-06-12 03:12:00,88.9
2025-06-12 02:05:00,89.5
2025-06-12 04:38:00,1.9
2025-06-12 07:44:00,12.8
2025-06-12 04:09:00,5.2
2025-06-12 07:40:00,64.3
2025-06-12 23:41:00,49.81454693687398
2025-06-12 14:56:00,74.3
2025-06-12 21:44:00,5.3
2025-06-12 01:23:00,72.7
2025-06-12 03:56:00,86.4
2025-06-12 00:29:00,5.8
2025-06-12 12:29:00,28.8
2025-06-12 13:28:00,21.9
2025-06-12 12:40:00,56.3
2025-06-12 15:43:00,20.8
2025-06-12 17:29:00,67.6
2025-06-12 23:50:00,63.9
2025-06-12 16:22:00,0.4
2025-06-12 04:11:00,67.3
2025-06-12 14:08:00,50.17466168922071
2025-06-12 11:34:00,3.8
2025-06-12 06:34:00,13.9
2025-06-12 15:42:00,11.0
2025-06-12 07:51:00,51.6
2025-06-12 23:00:00,53.2
2025-06-12 22:30:00,50.3
2025-06-12 21:32:00,38.0
2025-06-12 19:11:00,48.6
2025-06-12 01:39:00,30.6
2025-06-12 15:36:00,18.5
2025-06-12 06:25:00,20.5
2025-06-12 01:21:00,52.3
2025-06-12 01:45:00,91.7
2025-06-12 02:15:00,99.4
2025-06-12 00:14:00,74.1
2025-06-12 01:48:00,44.4
2025-06-12 18:30:00,2.0
2025-06-12 00:12:00,23.1
2025-06-12 02:25:00,50.17466168922071
2025-06-12 07:37:00,6.0
2025-06-12 11:05:00,48.0
2025-06-12 22:54:00,50.17466168922071
2025-06-12 03:50:00,42.3
2025-06-12 21:50:00,91.1
2025-06-12 17:58:00,53.0
2025-06-12 09:30:00,2.6
2025-06-12 21:22:00,44.4
2025-06-12 16:19:00,3.0
2025-06-12 21:51:00,5.4
2025-06-12 19:38:00,24.5
2025-06-12 21:58:00,50.17466168922071
2025-06-12 16:11:00,68.3
2025-06-12 10:51:00,31.4
2025-06-12 13:05:00,47.3
2025-06-12 01:11:00,88.5
2025-06-12 13:50:00,3.5
2025-06-12 02:50:00,58.9
2025-06-12 22:44:00,66.9
2025-06-12 00:19:00,67.5
2025-06-12 00:10:00,97.4
2025-06-12 14:17:00,66.3
2025-06-12 02:41:00,57.0
2025-06-12 00:09:00,16.0
2025-06-12 01:49:00,53.7
2025-06-12 05:01:00,50.17466168922071
2025-06-12 05:46:00,70.3
2025-06-12 20:24:00,51.5
2025-06-12 03:36:00,95.2
2025-06-12 19:29:00,94.8
2025-06-12 21:00:00,95.8
2025-06-12 16:41:00,60.7
2025-06-12 15:27:00,47.5
2025-06-12 19:28:00,14.7
2025-06-12 20:31:00,55.9
2025-06-12 06:28:00,30.5
2025-06-12 07:54:00,25.6
2025-06-12 10:45:00,0.9
2025-06-12 12:12:00,64.9
2025-06-12 14:26:00,50.17466168922071
2025-06-12 05:58:00,66.1
2025-06-12 10:42:00,22.2
2025-06-12 11:58:00,44.7
2025-06-12 22:34:00,40.7
2025-06-12 21:32:00,31.4
2025-06-12 00:05:00,29.4
2025-06-12 16:30:00,80.5
2025-06-12 11:09:00,56.4
2025-06-12 14:14:00,12.2
2025-06-12 12:34:00,73.2
2025-06-12 20:48:00,93.6
2025-06-12 02:23:00,92.0
2025-06-12 00:57:00,11.2
2025-06-12 14:34:00,71.8
2025-06-12 05:04:00,71.3
2025-06-12 08:48:00,42.9
2025-06-12 18:36:00,49.6
2025-06-12 19:29:00,1.5
2025-06-12 21:14:00,10.6
2025-06-12 08:24:00,31.9
2025-06-12 15:16:00,58.8
2025-06-12 06:31:00,92.4
2025-06-12 10:12:00,36.1
2025-06-12 04:05:00,89.6
2025-06-12 04:47:00,91.4
2025-06-12 16:23:00,30.8
2025-06-12 10:55:00,71.7
2025-06-12 22:09:00,24.5
2025-06-12 20:43:00,81.2
2025-06-12 19:57:00,5.1
2025-06-12 11:14:00,74.1
2025-06-12 07:32:00,94.8
2025-06-12 15:08:00,83.7
2025-06-12 04:07:00,50.17466168922071
2025-06-12 02:42:00,26.5
2025-06-12 06:07:00,50.17466168922071
2025-06-12 17:01:00,11.0
2025-06-12 02:01:00,89.0
2025-06-12 02:09:00,81.7
2025-06-12 02:50:00,39.5
2025-06-12 20:10:00,61.5
2025-06-12 07:47:00,50.17466168922071
2025-06-12 09:30:00,14.3
2025-06-12 23:52:00,27.3
2025-06-12 15:54:00,20.5
2025-06-12 23:12:00,19.4
2025-06-12 23:20:00,44.8
2025-06-12 16:44:00,38.6
2025-06-12 20:55:00,54.7
2025-06-12 03:40:00,63.1
2025-06-12 23:25:00,55.7
2025-06-12 04:36:00,37.4
2025-06-12 05:37:00,2.1
2025-06-12 19:04:00,52.5
2025-06-12 04:06:00,50.1
2025-06-12 21:47:00,18.3
2025-06-12 13:31:00,71.6
2025-06-12 00:30:00,19.4
2025-06-12 23:21:00,46.6
2025-06-12 19:25:00,50.17466168922071
2025-06-12 22:47:00,24.7
2025-06-12 22:21:00,93.4
2025-06-12 13:48:00,66.2
2025-06-12 14:15:00,61.8
2025-06-12 05:10:00,37.3
2025-06-12 21:36:00,3.2
2025-06-12 14:16:00,92.5
2025-06-12 22:09:00,5.4
2025-06-12 17:57:00,71.3
2025-06-12 15:38:00,57.4
2025-06-12 10:24:00,12.3
2025-06-12 07:37:00,83.2
2025-06-12 06:36:00,19.3
2025-06-12 15:17:00,22.2
2025-06-12 22:57:00,8.6
2025-06-12 14:38:00,26.2
2025-06-12 14:28:00,52.6
2025-06-12 22:50:00,21.0
2025-06-12 21:33:00,67.9
2025-06-12 16:14:00,11.9
2025-06-12 09:14:00,67.5
2025-06-12 18:01:00,15.2
2025-06-12 12:26:00,74.9
2025-06-12 07:48:00,2.7
2025-06-12 21:01:00,6.9
2025-06-12 05:48:00,60.1
2025-06-12 07:59:00,38.3
2025-06-12 19:59:00,9.4
2025-06-12 12:57:00,47.5
2025-06-12 06:42:00,50.17466168922071
2025-06-12 08:25:00,41.8
2025-06-12 19:30:00,74.1
2025-06-12 15:04:00,42.6
2025-06-12 23:29:00,41.2
2025-06-12 02:57:00,39.7
2025-06-12 20:23:00,50.17466168922071
2025-06-12 13:08:00,84.2
2025-06-12 10:49:00,60.5
2025-06-12 15:00:00,50.17466168922071
2025-06-12 05:51:00,50.17466168922071
2025-06-12 16:07:00,50.17466168922071
2025-06-12 21:15:00,67.7
2025-06-12 18:14:00,99.8
2025-06-12 20:35:00,70.1
2025-06-12 06:20:00,84.2
2025-06-12 16:57:00,29.4
2025-06-12 17:55:00,10.1
2025-06-12 17:08:00,68.6
2025-06-12 11:13:00,50.17466168922071
2025-06-12 02:22:00,40.6
2025-06-12 06:23:00,3.6
2025-06-12 04:52:00,17.5
2025-06-12 20:49:00,22.4
2025-06-12 10:47:00,50.17466168922071
2025-06-12 16:45:00,86.8
2025-06-12 20:47:00,90.2
2025-06-12 10:56:00,77.6
2025-06-12 10:26:00,70.6
2025-06-12 08:31:00,93.1
2025-06-12 22:16:00,63.4
2025-06-12 19:22:00,81.6
2025-06-12 14:43:00,50.17466168922071
2025-06-12 09:01:00,78.5
2025-06-12 01:55:00,23.4
2025-06-12 02:34:00,73.8
2025-06-12 14:07:00,24.3
2025-06-12 15:29:00,27.6
2025-06-12 01:27:00,95.6
2025-06-12 01:35:00,45.0
2025-06-12 08:53:00,81.2
2025-06-12 13:17:00,74.3
2025-06-12 04:44:00,14.7
2025-06-12 03:23:00,63.6
2025-06-12 04:12:00,91.4
2025-06-12 19:26:00,98.7
2025-06-12 10:13:00,50.17466168922071
2025-06-12 13:05:00,70.1
2025-06-12 06:27:00,83.2
2025-06-12 04:46:00,52.8
2025-06-12 00:23:00,5.9
2025-06-12 09:52:00,23.7
2025-06-12 15:23:00,92.6
2025-06-12 07:04:00,20.4
2025-06-12 10:04:00,54.3
2025-06-12 15:59:00,91.4
2025-06-12 19:43:00,71.6
2025-06-12 22:02:00,50.17466168922071
2025-06-12 20:37:00,30.6
2025-06-12 22:23:00,4.8
2025-06-12 03:01:00,79.1
2025-06-12 00:11:00,37.0
2025-06-12 00:24:00,10.8
2025-06-12 05:54:00,36.2
2025-06-12 17:26:00,50.17466168922071
2025-06-12 19:44:00,50.17466168922071
2025-06-12 13:27:00,14.1
2025-06-12 16:06:00,42.2
2025-06-12 11:52:00,3.8
2025-06-12 10:10:00,71.9
2025-06-12 17:08:00,50.17466168922071
2025-06-12 09:56:00,50.6
2025-06-12 00:56:00,2.4
2025-06-12 03:48:00,62.8
2025-06-12 15:26:00,49.9
2025-06-12 19:18:00,22.0
2025-06-12 04:01:00,50.17466168922071
2025-06-12 21:21:00,75.1
2025-06-12 00:55:00,71.1
2025-06-12 18:05:00,35.1
2025-06-12 11:59:00,65.5
2025-06-12 17:41:00,50.17466168922071
2025-06-12 00:27:00,50.17466168922071
2025-06-12 12:29:00,25.8
2025-06-12 00:43:00,5.0
2025-06-12 17:29:00,30.9
2025-06-12 09:40:00,23.8
2025-06-12 23:34:00,74.9
2025-06-12 13:45:00,18.2
2025-06-12 08:37:00,82.4
2025-06-12 02:56:00,18.4
2025-06-12 16:18:00,76.3
2025-06-12 17:54:00,58.5
2025-06-12 13:02:00,85.0
2025-06-12 20:29:00,50.17466168922071
2025-06-12 14:29:00,86.3
2025-06-12 09:07:00,28.5
2025-06-12 04:40:00,46.7
2025-06-12 03:41:00,55.0
2025-06-12 05:37:00,38.8
2025-06-12 16:09:00,16.5
2025-06-12 21:01:00,51.0
2025-06-12 21:29:00,21.1
2025-06-12 04:10:00,25.5
2025-06-12 03:02:00,50.17466168922071
2025-06-12 10:51:00,50.17466168922071
2025-06-12 18:36:00,46.7
2025-06-12 18:57:00,50.17466168922071
2025-06-12 21:03:00,36.9
2025-06-12 15:43:00,30.5
2025-06-12 19:11:00,50.17466168922071
2025-06-12 12:14:00,9.0
2025-06-12 07:37:00,50.17466168922071
2025-06-12 02:46:00,23.9
2025-06-12 19:33:00,52.1
2025-06-12 15:17:00,47.3
2025-06-12 20:14:00,75.3
2025-06-12 22:41:00,93.7
2025-06-12 16:20:00,28.2
2025-06-12 07:05:00,50.17466168922071
2025-06-12 12:22:00,41.7
2025-06-12 18:20:00,84.5
2025-06-12 15:56:00,84.7
2025-06-12 09:37:00,4.8
2025-06-12 10:39:00,73.2
2025-06-12 18:27:00,18.1
2025-06-12 09:17:00,68.6
2025-06-12 00:40:00,4.8
2025-06-12 12:25:00,50.17466168922071
2025-06-12 04:25:00,83.7
2025-06-12 22:51:00,3.1
2025-06-12 02:17:00,40.2
2025-06-12 09:43:00,54.9
2025-06-12 02:15:00,43.3
2025-06-12 20:53:00,50.17466168922071
2025-06-12 00:24:00,15.3
2025-06-12 13:11:00,23.8
2025-06-12 02:34:00,77.4
2025-06-12 23:18:00,44.3
2025-06-12 11:19:00,50.17466168922071
2025-06-12 11:30:00,50.17466168922071
2025-06-12 15:25:00,77.7
2025-06-12 19:59:00,50.17466168922071
2025-06-12 00:24:00,18.4
2025-06-12 18:18:00,27.8
2025-06-12 10:33:00,34.2
2025-06-12 12:07:00,81.9
2025-06-12 23:12:00,54.5
2025-06-12 18:49:00,97.1
2025-06-12 21:33:00,12.3
2025-06-12 06:49:00,56.6
2025-06-12 09:00:00,78.3
2025-06-12 16:26:00,31.5
2025-06-12 09:46:00,51.4
2025-06-12 08:01:00,58.0
2025-06-12 01:52:00,92.3
2025-06-12 09:30:00,16.0
2025-06-12 11:43:00,14.3
2025-06-12 13:49:00,34.6
2025-06-12 18:39:00,1.9
2025-06-12 01:00:00,11.8
2025-06-12 02:04:00,97.1
2025-06-12 16:35:00,15.4
2025-06-12 14:51:00,52.6
2025-06-12 06:29:00,50.17466168922071
2025-06-12 14:16:00,79.6
2025-06-12 05:53:00,34.9
2025-06-12 02:25:00,54.9
2025-06-12 15:59:00,55.2
2025-06-12 16:11:00,78.7
2025-06-12 22:13:00,50.17466168922071
2025-06-12 18:48:00,50.17466168922071
2025-06-12 11:23:00,90.9
2025-06-12 10:16:00,21.7
2025-06-12 09:07:00,20.7
2025-06-12 10:34:00,78.1
2025-06-12 10:03:00,39.8
2025-06-12 12:04:00,9.1
2025-06-12 04:51:00,21.9
2025-06-12 01:12:00,96.7
2025-06-12 10:32:00,64.4
2025-06-12 03:11:00,60.4
2025-06-12 02:01:00,52.9
2025-06-12 16:54:00,92.5
2025-06-12 04:42:00,50.17466168922071
2025-06-12 03:15:00,41.1
2025-06-12 18:57:00,1.0
2025-06-12 03:44:00,80.7
2025-06-12 13:00:00,50.17466168922071
2025-06-12 12:00:00,33.4
2025-06-12 13:15:00,93.3
2025-06-12 15:48:00,87.3
2025-06-12 16:28:00,33.2
2025-06-12 21:17:00,49.28634215500945
2025-06-12 08:03:00,16.3
2025-06-12 23:13:00,99.4
2025-06-12 01:23:00,18.8
2025-06-12 10:18:00,63.2
2025-06-12 18:02:00,49.28634215500945
2025-06-12 15:56:00,97.5
2025-06-12 00:24:00,6.2
2025-06-12 04:18:00,62.6
2025-06-12 03:31:00,20.4
2025-06-12 18:30:00,58.0
2025-06-12 00:36:00,39.3
2025-06-12 21:09:00,3.3
2025-06-12 22:14:00,7.4
2025-06-12 13:03:00,13.2
2025-06-12 07:54:00,59.8
2025-06-12 17:41:00,49.28634215500945
2025-06-12 10:39:00,55.0
2025-06-12 06:30:00,24.2
2025-06-12 01:50:00,67.2
2025-06-12 07:55:00,49.28634215500945
2025-06-12 13:16:00,93.3
2025-06-12 18:25:00,49.28634215500945
2025-06-12 03:51:00,26.0
2025-06-12 12:18:00,54.2
2025-06-12 03:08:00,40.2
2025-06-12 21:34:00,63.8
2025-06-12 22:35:00,95.2
2025-06-12 08:15:00,70.7
2025-06-12 08:11:00,93.9
2025-06-12 14:42:00,45.8
2025-06-12 10:20:00,8.8
2025-06-12 12:20:00,10.5
2025-06-12 20:00:00,87.4
2025-06-12 08:24:00,49.28634215500945
2025-06-12 00:53:00,26.7
2025-06-12 13:46:00,49.28634215500945
2025-06-12 19:10:00,31.0
2025-06-12 10:42:00,49.28634215500945
2025-06-12 07:32:00,23.6
2025-06-12 19:45:00,34.0
2025-06-12 16:43:00,97.7
2025-06-12 03:36:00,16.8
2025-06-12 02:56:00,14.5
2025-06-12 08:15:00,49.28634215500945
2025-06-12 06:30:00,49.28634215500945
2025-06-12 03:45:00,49.28634215500945
2025-06-12 01:45:00,33.5
2025-06-12 06:58:00,62.3
2025-06-12 22:25:00,61.9
2025-06-12 03:08:00,49.28634215500945
2025-06-12 14:00:00,25.3
2025-06-12 00:02:00,72.1
2025-06-12 19:35:00,11.4
2025-06-12 16:49:00,13.1
2025-06-12 04:01:00,49.28634215500945
2025-06-12 14:58:00,22.3
2025-06-12 21:32:00,49.28634215500945
2025-06-12 20:50:00,34.0
2025-06-12 02:29:00,2.5
2025-06-12 22:08:00,30.4
2025-06-12 19:31:00,45.2
2025-06-12 10:50:00,49.28634215500945
2025-06-12 02:10:00,56.0
2025-06-12 01:24:00,71.1
2025-06-12 11:05:00,19.8
2025-06-12 12:36:00,47.2
2025-06-12 09:45:00,39.4
2025-06-12 15:30:00,49.28634215500945
2025-06-12 12:14:00,4.7
2025-06-12 13:52:00,32.8
2025-06-12 09:27:00,49.28634215500945
2025-06-12 02:40:00,39.5
2025-06-12 17:56:00,52.7
2025-06-12 19:31:00,41.2
2025-06-12 00:02:00,49.28634215500945
2025-06-12 12:33:00,49.28634215500945
2025-06-12 18:48:00,49.9
2025-06-12 06:16:00,29.9
2025-06-12 23:17:00,72.2
2025-06-12 06:39:00,47.5
2025-06-12 06:40:00,45.6
2025-06-12 22:59:00,87.0
2025-06-12 00:20:00,89.7
2025-06-12 10:41:00,47.7
2025-06-12 10:14:00,86.3
2025-06-12 16:07:00,49.28634215500945
2025-06-12 23:58:00,72.0
2025-06-12 18:51:00,68.5
2025-06-12 19:49:00,77.9
2025-06-12 08:18:00,95.1
2025-06-12 23:10:00,94.7
2025-06-12 19:38:00,48.8
2025-06-12 14:49:00,61.1
2025-06-12 15:03:00,24.0
2025-06-12 20:56:00,53.1
2025-06-12 09:37:00,49.28634215500945
2025-06-12 16:40:00,2.8
2025-06-12 09:15:00,58.4
2025-06-12 10:47:00,92.2
2025-06-12 08:11:00,10.9
2025-06-12 11:26:00,67.2
2025-06-12 19:43:00,98.4
2025-06-12 17:17:00,42.6
2025-06-12 12:20:00,72.0
2025-06-12 08:00:00,77.9
2025-06-12 22:46:00,78.9
2025-06-12 23:59:00,16.0
2025-06-12 15:03:00,1.0
2025-06-12 01:39:00,49.28634215500945
2025-06-12 17:29:00,27.2
2025-06-12 04:27:00,13.7
2025-06-12 05:24:00,66.7
2025-06-12 02:40:00,42.4
2025-06-12 04:02:00,49.28634215500945
2025-06-12 19:00:00,52.9
2025-06-12 15:06:00,49.28634215500945
2025-06-12 05:58:00,49.28634215500945
2025-06-12 09:45:00,17.5
2025-06-12 10:45:00,49.28634215500945
2025-06-12 11:19:00,49.28634215500945
2025-06-12 19:17:00,24.3
2025-06-12 12:04:00,88.5
2025-06-12 08:39:00,50.6
2025-06-12 00:48:00,1.6
2025-06-12 03:38:00,80.4
2025-06-12 23:48:00,42.7
2025-06-12 16:18:00,40.3
2025-06-12 01:23:00,95.4
2025-06-12 07:14:00,30.2
2025-06-12 13:31:00,49.28634215500945
2025-06-12 18:59:00,52.1
2025-06-12 04:19:00,97.6
2025-06-12 00:55:00,92.0
2025-06-12 09:02:00,49.28634215500945
2025-06-12 23:03:00,38.6
2025-06-12 17:37:00,89.9
2025-06-12 13:17:00,41.9
2025-06-12 15:04:00,51.9
2025-06-12 15:45:00,41.7
2025-06-12 07:36:00,15.9
2025-06-12 18:44:00,6.4
2025-06-12 16:00:00,9.4
2025-06-12 17:20:00,33.8
2025-06-12 16:28:00,82.9
2025-06-12 09:50:00,35.0
2025-06-12 22:55:00,84.8
2025-06-12 15:02:00,49.28634215500945
2025-06-12 18:36:00,43.4
2025-06-12 18:53:00,12.1
2025-06-12 21:42:00,79.1
2025-06-12 19:11:00,9.9
2025-06-12 13:34:00,67.5
2025-06-12 05:25:00,60.0
2025-06-12 02:23:00,20.0
2025-06-12 13:04:00,72.2
2025-06-12 18:36:00,63.4
2025-06-12 07:53:00,49.28634215500945
2025-06-12 03:56:00,9.5
2025-06-12 03:47:00,24.3
2025-06-12 20:10:00,99.4
2025-06-12 08:53:00,50.1
2025-06-12 22:31:00,62.9
2025-06-12 18:17:00,96.2
2025-06-12 13:47:00,86.4
2025-06-12 02:43:00,49.28634215500945
2025-06-12 17:36:00,49.28634215500945
2025-06-12 12:07:00,35.1
2025-06-12 10:30:00,39.3
2025-06-12 22:12:00,16.8
2025-06-12 17:27:00,64.1
2025-06-12 23:14:00,81.2
2025-06-12 15:14:00,9.5
2025-06-12 23:11:00,49.28634215500945
2025-06-12 05:16:00,49.28634215500945
2025-06-12 03:58:00,49.28634215500945
2025-06-12 07:19:00,23.4
2025-06-12 21:19:00,38.9
2025-06-12 02:57:00,82.6
2025-06-12 14:01:00,20.0
2025-06-12 01:00:00,66.0
2025-06-12 17:47:00,49.28634215500945
2025-06-12 00:11:00,94.6
2025-06-12 21:16:00,12.6
2025-06-12 13:41:00,65.4
2025-06-12 22:18:00,57.6
2025-06-12 14:10:00,99.6
2025-06-12 07:27:00,31.1
2025-06-12 01:29:00,49.28634215500945
2025-06-12 02:31:00,49.28634215500945
2025-06-12 19:25:00,49.28634215500945
2025-06-12 15:32:00,49.28634215500945
2025-06-12 02:11:00,27.5
2025-06-12 07:19:00,5.2
2025-06-12 11:12:00,43.0
2025-06-12 06:11:00,34.4
2025-06-12 18:20:00,69.5
2025-06-12 04:31:00,60.6
2025-06-12 04:01:00,8.5
2025-06-12 06:43:00,49.28634215500945
2025-06-12 19:35:00,96.4
2025-06-12 10:56:00,92.6
2025-06-12 11:58:00,59.1
2025-06-12 23:10:00,99.1
2025-06-12 23:29:00,15.3
2025-06-12 23:49:00,39.7
2025-06-12 15:39:00,16.8
2025-06-12 02:46:00,88.7
2025-06-12 17:18:00,49.28634215500945
2025-06-12 17:34:00,70.9
2025-06-12 19:32:00,6.6
2025-06-12 14:02:00,0.3
2025-06-12 09:15:00,31.3
2025-06-12 17:55:00,49.28634215500945
2025-06-12 05:40:00,7.8
2025-06-12 00:05:00,44.6
2025-06-12 08:51:00,31.2
2025-06-12 22:10:00,86.0
2025-06-12 21:27:00,18.4
2025-06-12 00:58:00,18.1
2025-06-12 13:56:00,53.9
2025-06-12 01:48:00,88.4
2025-06-12 06:32:00,74.8
2025-06-12 06:42:00,43.7
2025-06-12 01:19:00,72.4
2025-06-12 14:37:00,49.28634215500945
2025-06-12 05:44:00,34.2
2025-06-12 17:29:00,78.9
2025-06-12 22:25:00,43.5
2025-06-12 03:15:00,28.7
2025-06-12 02:20:00,49.28634215500945
2025-06-12 09:11:00,25.1
2025-06-12 20:17:00,72.4
2025-06-12 01:15:00,29.8
2025-06-12 14:28:00,49.28634215500945
2025-06-12 15:09:00,9.5
2025-06-12 04:06:00,65.6
2025-06-12 10:33:00,75.8
2025-06-12 15:42:00,68.3
2025-06-12 12:50:00,6.9
2025-06-12 06:01:00,49.28634215500945
2025-06-12 22:37:00,78.7
2025-06-12 05:39:00,37.2
2025-06-12 01:37:00,93.3
2025-06-12 03:04:00,44.8
2025-06-12 14:11:00,49.28634215500945
2025-06-12 01:31:00,71.5
2025-06-12 02:02:00,58.1
2025-06-12 20:04:00,49.28634215500945
2025-06-12 18:59:00,83.1
2025-06-12 03:39:00,44.6
2025-06-12 00:14:00,48.5
2025-06-12 14:46:00,75.8
2025-06-12 21:46:00,44.3
2025-06-12 09:34:00,42.1
2025-06-12 08:39:00,18.5
2025-06-12 05:37:00,49.28634215500945
2025-06-12 13:09:00,30.2
2025-06-12 04:53:00,97.0
2025-06-12 09:14:00,24.1
2025-06-12 11:13:00,95.6
2025-06-12 04:38:00,60.1
2025-06-12 06:21:00,4.4
2025-06-12 16:48:00,2.4
2025-06-12 09:33:00,72.5
2025-06-12 04:39:00,26.4
2025-06-12 20:06:00,49.28634215500945
2025-06-12 15:42:00,82.2
2025-06-12 03:54:00,49.28634215500945
2025-06-12 15:08:00,4.2
2025-06-12 20:57:00,3.8
2025-06-12 17:16:00,36.9
2025-06-12 05:33:00,78.0
2025-06-12 00:18:00,21.4
2025-06-12 16:22:00,75.0
2025-06-12 16:17:00,37.1
2025-06-12 03:42:00,58.6
2025-06-12 21:09:00,71.3
2025-06-12 07:31:00,80.8
2025-06-12 17:05:00,49.28634215500945
2025-06-12 16:53:00,6.9
2025-06-12 06:13:00,92.3
2025-06-12 22:59:00,13.4
2025-06-12 09:11:00,53.1
2025-06-12 03:59:00,49.28634215500945
2025-06-12 21:30:00,56.0
2025-06-12 11:41:00,40.8
2025-06-12 15:16:00,15.2
2025-06-12 12:00:00,50.6
2025-06-12 23:14:00,43.0
2025-06-12 08:25:00,39.4
2025-06-12 22:50:00,91.8
2025-06-12 06:52:00,20.6
2025-06-12 12:39:00,64.3
2025-06-12 21:07:00,34.4
2025-06-12 06:44:00,42.3
2025-06-12 08:35:00,17.0
2025-06-12 06:49:00,81.5
2025-06-12 23:57:00,46.8
2025-06-12 19:46:00,49.28634215500945
2025-06-12 04:04:00,49.28634215500945
2025-06-12 13:37:00,49.28634215500945
2025-06-12 20:26:00,18.4
2025-06-12 05:07:00,51.3
2025-06-12 11:49:00,25.4
2025-06-12 19:42:00,79.3
2025-06-12 16:46:00,47.9
2025-06-12 23:04:00,13.7
2025-06-12 11:10:00,49.28634215500945
2025-06-12 17:44:00,33.7
2025-06-12 17:53:00,90.6
2025-06-12 06:57:00,49.28634215500945
2025-06-12 12:54:00,51.5
2025-06-12 14:54:00,28.4
2025-06-12 11:35:00,93.8
2025-06-12 13:31:00,65.4
2025-06-12 20:17:00,49.28634215500945
2025-06-12 00:21:00,70.2
2025-06-12 14:39:00,49.28634215500945
2025-06-12 14:58:00,26.7
2025-06-12 02:09:00,19.0
2025-06-12 23:35:00,29.8
2025-06-12 17:18:00,49.28634215500945
2025-06-12 00:40:00,51.7
2025-06-12 08:30:00,49.28634215500945
2025-06-12 10:56:00,1.8
2025-06-12 18:02:00,98.1
2025-06-12 06:49:00,57.1
2025-06-12 04:44:00,49.28634215500945
2025-06-12 22:57:00,99.3
2025-06-12 02:53:00,73.4
2025-06-12 23:25:00,20.5
2025-06-12 13:43:00,49.28634215500945
2025-06-12 01:17:00,61.3
2025-06-12 15:55:00,5.7
2025-06-12 17:44:00,45.7
2025-06-12 08:46:00,49.28634215500945
2025-06-12 08:52:00,38.5
2025-06-12 15:15:00,97.5
2025-06-12 09:11:00,35.4
2025-06-12 19:01:00,85.2
2025-06-12 15:37:00,72.4
2025-06-12 11:08:00,49.28634215500945
2025-06-12 21:04:00,59.8
2025-06-12 20:33:00,13.5
2025-06-12 06:40:00,45.4
2025-06-12 19:11:00,41.2
2025-06-12 07:23:00,37.4
2025-06-12 00:30:00,32.7
2025-06-12 10:06:00,51.8
2025-06-12 16:10:00,28.0
2025-06-12 10:22:00,42.3
2025-06-12 08:21:00,41.8
2025-06-12 07:56:00,50.0812925170068
2025-06-12 17:21:00,1.6
2025-06-12 16:36:00,26.8
2025-06-12 21:16:00,81.7
2025-06-12 10:39:00,27.3
2025-06-12 19:55:00,91.7
2025-06-12 00:02:00,69.0
2025-06-12 21:14:00,71.0
2025-06-12 04:16:00,64.0
2025-06-12 12:31:00,99.5
2025-06-12 06:51:00,16.5
2025-06-12 02:57:00,58.1
2025-06-12 08:22:00,12.1
2025-06-12 03:21:00,52.3
2025-06-12 16:47:00,5.0
2025-06-12 02:37:00,64.5
2025-06-12 15:50:00,94.5
2025-06-12 11:55:00,70.1
2025-06-12 03:30:00,96.1
2025-06-12 09:16:00,34.0
2025-06-12 23:47:00,50.0812925170068
2025-06-12 13:42:00,94.7
2025-06-12 04:21:00,26.8
2025-06-12 03:43:00,3.6
2025-06-12 09:04:00,77.5
2025-06-12 20:47:00,55.8
2025-06-12 01:33:00,67.9
2025-06-12 01:51:00,94.2
2025-06-12 06:43:00,4.1
2025-06-12 08:53:00,68.1
2025-06-12 08:16:00,7.6
2025-06-12 20:43:00,3.4
2025-06-12 15:25:00,98.0
2025-06-12 05:30:00,50.0812925170068
2025-06-12 22:57:00,77.6
2025-06-12 17:14:00,21.7
2025-06-12 17:09:00,49.3
2025-06-12 21:29:00,60.4
2025-06-12 19:01:00,39.9
2025-06-12 22:04:00,8.9
2025-06-12 21:59:00,77.8
2025-06-12 17:02:00,50.0812925170068
2025-06-12 19:14:00,75.3
2025-06-12 17:55:00,50.0812925170068
2025-06-12 13:25:00,3.3
2025-06-12 08:29:00,28.0
2025-06-12 09:17:00,81.7
2025-06-12 13:02:00,69.9
2025-06-12 00:57:00,61.8
2025-06-12 13:45:00,84.0
2025-06-12 00:12:00,93.3
2025-06-12 22:08:00,99.2
2025-06-12 05:21:00,72.0
2025-06-12 02:25:00,52.1
2025-06-12 17:04:00,11.1
2025-06-12 01:34:00,46.8
2025-06-12 12:03:00,67.4
2025-06-12 02:50:00,50.0812925170068
2025-06-12 10:27:00,77.4
2025-06-12 18:42:00,77.0
2025-06-12 06:18:00,66.3
2025-06-12 23:25:00,38.7
2025-06-12 20:43:00,36.6
2025-06-12 16:56:00,4.9
2025-06-12 22:49:00,5.6
2025-06-12 02:45:00,50.0812925170068
2025-06-12 00:26:00,50.0812925170068
2025-06-12 10:22:00,39.2
2025-06-12 06:18:00,41.9
2025-06-12 09:43:00,5.5
2025-06-12 20:31:00,37.4
2025-06-12 19:55:00,96.9
2025-06-12 20:21:00,12.7
2025-06-12 02:28:00,72.2
2025-06-12 16:33:00,89.4
2025-06-12 03:10:00,67.3
2025-06-12 22:59:00,5.4
2025-06-12 23:07:00,71.5
2025-06-12 19:04:00,77.6
2025-06-12 20:59:00,35.2
2025-06-12 23:25:00,25.3
2025-06-12 01:50:00,50.0812925170068
2025-06-12 03:10:00,75.7
2025-06-12 20:04:00,13.8
2025-06-12 12:20:00,23.4
2025-06-12 03:23:00,38.3
2025-06-12 04:26:00,64.1
2025-06-12 19:36:00,58.1
2025-06-12 17:54:00,35.7
2025-06-12 04:13:00,69.5
2025-06-12 10:47:00,50.0812925170068
2025-06-12 22:01:00,96.3
2025-06-12 03:43:00,50.0812925170068
2025-06-12 06:56:00,62.1
2025-06-12 22:20:00,28.6
2025-06-12 17:27:00,0.5
2025-06-12 04:05:00,56.7
2025-06-12 11:47:00,84.2
2025-06-12 11:50:00,50.0812925170068
2025-06-12 04:06:00,61.6
2025-06-12 11:51:00,57.3
2025-06-12 07:59:00,72.1
2025-06-12 04:19:00,33.6
2025-06-12 12:59:00,39.5
2025-06-12 22:23:00,88.2
2025-06-12 17:10:00,46.8
2025-06-12 07:29:00,6.2
2025-06-12 08:08:00,93.0
2025-06-12 18:16:00,69.0
2025-06-12 02:10:00,71.5
2025-06-12 22:53:00,50.0812925170068
2025-06-12 08:16:00,89.1
2025-06-12 05:53:00,82.3
2025-06-12 21:12:00,33.8
2025-06-12 11:53:00,91.5
2025-06-12 19:40:00,97.6
2025-06-12 08:20:00,40.0
2025-06-12 21:56:00,59.8
2025-06-12 12:01:00,92.0
2025-06-12 21:07:00,35.5
2025-06-12 23:27:00,44.9
2025-06-12 11:58:00,16.3
2025-06-12 08:28:00,81.7
2025-06-12 20:20:00,80.5
2025-06-12 22:52:00,93.2
2025-06-12 19:32:00,20.7
2025-06-12 03:04:00,32.4
2025-06-12 15:02:00,91.5
2025-06-12 09:14:00,26.6
2025-06-12 05:39:00,45.9
2025-06-12 04:09:00,69.4
2025-06-12 14:22:00,76.9
2025-06-12 08:40:00,61.9
2025-06-12 18:03:00,5.7
2025-06-12 15:50:00,50.0812925170068
2025-06-12 21:23:00,58.6
2025-06-12 10:36:00,26.6
2025-06-12 09:58:00,12.4
2025-06-12 16:01:00,81.3
2025-06-12 15:21:00,20.8
2025-06-12 22:13:00,22.7
2025-06-12 11:06:00,60.7
2025-06-12 23:33:00,50.0812925170068
2025-06-12 09:29:00,7.6
2025-06-12 01:20:00,12.4
2025-06-12 04:17:00,53.2
2025-06-12 20:31:00,2.1
2025-06-12 14:17:00,8.0
2025-06-12 07:09:00,30.8
2025-06-12 13:35:00,36.8
2025-06-12 13:22:00,81.7
2025-06-12 15:55:00,28.8
2025-06-12 10:23:00,8.2
2025-06-12 21:03:00,76.8
2025-06-12 22:37:00,28.9
2025-06-12 01:00:00,8.8
2025-06-12 07:35:00,23.5
2025-06-12 01:52:00,82.8
2025-06-12 03:32:00,81.9
2025-06-12 05:45:00,32.7
2025-06-12 23:58:00,22.1
2025-06-12 11:45:00,6.2
2025-06-12 21:20:00,82.0
2025-06-12 16:10:00,55.8
2025-06-12 19:09:00,75.2
2025-06-12 20:19:00,44.2
2025-06-12 12:31:00,44.7
2025-06-12 02:13:00,55.9
2025-06-12 04:58:00,64.8
2025-06-12 13:58:00,60.6
2025-06-12 14:31:00,53.5
2025-06-12 16:26:00,46.6
2025-06-12 04:21:00,85.0
2025-06-12 10:00:00,41.2
2025-06-12 03:02:00,65.5
2025-06-12 13:02:00,96.1
2025-06-12 01:46:00,50.0812925170068
2025-06-12 12:50:00,62.2
2025-06-12 05:13:00,17.9
2025-06-12 06:59:00,53.8
2025-06-12 08:39:00,11.5
2025-06-12 14:04:00,66.1
2025-06-12 21:28:00,50.0812925170068
2025-06-12 17:09:00,33.0
2025-06-12 09:12:00,57.7
2025-06-12 16:46:00,28.5
2025-06-12 20:18:00,30.8
2025-06-12 18:42:00,58.6
2025-06-12 09:51:00,36.4
2025-06-12 03:25:00,82.3
2025-06-12 01:00:00,42.9
2025-06-12 07:47:00,77.4
2025-06-12 11:34:00,67.7
2025-06-12 23:35:00,43.2
2025-06-12 03:29:00,2.3
2025-06-12 14:55:00,15.2
2025-06-12 11:58:00,62.3
2025-06-12 07:01:00,97.1
2025-06-12 03:55:00,45.7
2025-06-12 00:52:00,50.0812925170068
2025-06-12 08:14:00,91.0
2025-06-12 15:59:00,50.0812925170068
2025-06-12 10:45:00,26.7
2025-06-12 04:41:00,30.8
2025-06-12 19:11:00,8.9
2025-06-12 15:42:00,4.4
2025-06-12 16:11:00,4.3
2025-06-12 05:04:00,71.0
2025-06-12 00:44:00,50.0812925170068
2025-06-12 01:09:00,50.0812925170068
2025-06-12 14:00:00,14.9
2025-06-12 08:44:00,0.4
2025-06-12 07:47:00,92.2
2025-06-12 03:25:00,50.0812925170068
2025-06-12 19:31:00,6.2
2025-06-12 23:37:00,53.4
2025-06-12 08:19:00,50.0812925170068
2025-06-12 14:29:00,5.7
2025-06-12 01:28:00,73.6
2025-06-12 12:16:00,24.7
2025-06-12 13:53:00,16.5
2025-06-12 15:36:00,63.7
2025-06-12 17:12:00,47.1
2025-06-12 03:43:00,17.5
2025-06-12 00:59:00,81.8
2025-06-12 16:06:00,62.7
2025-06-12 12:56:00,29.9
2025-06-12 09:43:00,38.1
2025-06-12 21:30:00,51.0
2025-06-12 19:18:00,50.0812925170068
2025-06-12 02:11:00,31.5
2025-06-12 07:27:00,43.8
2025-06-12 03:30:00,70.1
2025-06-12 14:13:00,19.2
2025-06-12 20:09:00,91.5
2025-06-12 14:13:00,53.6
2025-06-12 23:35:00,50.0812925170068
2025-06-12 19:48:00,17.6
2025-06-12 22:12:00,67.4
2025-06-12 19:36:00,47.5
2025-06-12 08:01:00,33.6
2025-06-12 05:08:00,20.8
2025-06-12 00:09:00,34.2
2025-06-12 03:44:00,32.0
2025-06-12 08:11:00,51.8
2025-06-12 13:55:00,14.7
2025-06-12 03:24:00,28.1
2025-06-12 04:01:00,3.6
2025-06-12 15:28:00,39.3
2025-06-12 01:48:00,93.8
2025-06-12 00:57:00,50.0812925170068
2025-06-12 08:54:00,64.8
2025-06-12 20:42:00,50.0812925170068
2025-06-12 08:06:00,2.5
2025-06-12 13:24:00,41.3
2025-06-12 23:05:00,50.0812925170068
2025-06-12 22:02:00,49.0
2025-06-12 21:20:00,2.1
2025-06-12 22:46:00,3.6
2025-06-12 06:26:00,1.1
2025-06-12 11:51:00,26.2
2025-06-12 18:18:00,50.6
2025-06-12 10:29:00,34.0
2025-06-12 23:11:00,68.2
2025-06-12 18:18:00,49.9
2025-06-12 22:53:00,50.0812925170068
2025-06-12 04:01:00,80.9
2025-06-12 14:09:00,73.4
2025-06-12 12:34:00,49.7
2025-06-12 02:13:00,10.8
2025-06-12 08:29:00,87.0
2025-06-12 20:31:00,50.2
2025-06-12 23:04:00,85.7
2025-06-12 08:09:00,44.5
2025-06-12 04:11:00,50.0812925170068
2025-06-12 16:07:00,91.7
2025-06-12 12:09:00,50.0812925170068
2025-06-12 18:31:00,9.2
2025-06-12 01:00:00,50.0812925170068
2025-06-12 03:01:00,50.0812925170068
2025-06-12 02:05:00,77.6
2025-06-12 07:25:00,50.0812925170068
2025-06-12 02:14:00,61.8
2025-06-12 10:48:00,21.9
2025-06-12 03:26:00,0.7
2025-06-12 22:02:00,55.0
2025-06-12 16:54:00,50.0812925170068
2025-06-12 18:51:00,50.0812925170068
2025-06-12 11:13:00,87.2
2025-06-12 14:56:00,24.1
2025-06-12 02:37:00,71.4
2025-06-12 04:33:00,17.8
2025-06-12 02:34:00,23.6
2025-06-12 09:55:00,20.5
2025-06-12 09:21:00,6.2
2025-06-12 11:31:00,69.6
2025-06-12 17:08:00,54.4
2025-06-12 07:14:00,50.0812925170068
2025-06-12 03:22:00,60.8
2025-06-12 15:29:00,50.0812925170068
2025-06-12 12:52:00,98.4
2025-06-12 15:46:00,70.1
2025-06-12 05:15:00,82.2
2025-06-12 04:44:00,50.0812925170068
2025-06-12 05:24:00,67.1
2025-06-12 04:00:00,86.2
2025-06-12 06:40:00,84.8
2025-06-12 10:43:00,97.1
2025-06-12 14:32:00,50.0812925170068
2025-06-12 04:25:00,88.3
2025-06-12 08:18:00,48.8
2025-06-12 10:00:00,34.1
2025-06-12 11:22:00,75.8
2025-06-12 23:47:00,71.0
2025-06-12 03:34:00,36.9
2025-06-12 03:55:00,37.7
2025-06-12 05:16:00,45.3
2025-06-12 11:26:00,41.4
2025-06-12 15:40:00,36.6
2025-06-12 22:06:00,1.3
2025-06-12 23:27:00,50.0812925170068
2025-06-12 09:47:00,51.1
2025-06-12 22:12:00,94.4
2025-06-12 16:48:00,49.0
2025-06-12 23:01:00,74.8
2025-06-12 23:31:00,50.0812925170068
2025-06-12 00:53:00,75.8
2025-06-12 13:22:00,45.6
2025-06-12 18:39:00,50.0812925170068
2025-06-12 04:44:00,77.2
2025-06-12 11:38:00,82.3
2025-06-12 15:35:00,39.6
2025-06-12 10:03:00,50.0812925170068
2025-06-12 13:47:00,65.8
2025-06-12 13:58:00,46.9
2025-06-12 22:44:00,96.1
2025-06-12 10:13:00,8.3
2025-06-12 22:22:00,84.3
2025-06-12 01:36:00,33.4
2025-06-12 04:06:00,23.9
2025-06-12 10:13:00,27.7
2025-06-12 22:22:00,5.5
2025-06-12 17:59:00,98.7
2025-06-12 00:00:00,80.2
2025-06-12 20:20:00,49.63695830886671
2025-06-12 03:34:00,59.3
2025-06-12 00:42:00,85.0
2025-06-12 23:39:00,66.8
2025-06-12 12:06:00,99.2
2025-06-12 08:38:00,71.8
2025-06-12 03:32:00,71.7
2025-06-12 18:06:00,68.9
2025-06-12 18:19:00,79.7
2025-06-12 02:12:00,49.63695830886671
2025-06-12 08:47:00,58.8
2025-06-12 18:11:00,12.1
2025-06-12 23:32:00,16.6
2025-06-12 16:29:00,57.0
2025-06-12 21:03:00,6.0
2025-06-12 10:28:00,49.63695830886671
2025-06-12 07:00:00,61.4
2025-06-12 19:16:00,38.4
2025-06-12 19:36:00,87.8
2025-06-12 14:37:00,92.1
2025-06-12 11:17:00,28.7
2025-06-12 20:01:00,49.63695830886671
2025-06-12 09:16:00,36.2
2025-06-12 19:54:00,17.0
2025-06-12 11:49:00,18.3
2025-06-12 12:52:00,1.5
2025-06-12 10:39:00,49.63695830886671
2025-06-12 05:59:00,40.3
2025-06-12 22:59:00,75.3
2025-06-12 09:17:00,75.7
2025-06-12 01:51:00,20.8
2025-06-12 19:38:00,94.2
2025-06-12 11:33:00,26.7
2025-06-12 23:55:00,30.8
2025-06-12 15:52:00,48.9
2025-06-12 05:56:00,23.0
2025-06-12 16:22:00,13.3
2025-06-12 01:47:00,58.6
2025-06-12 12:54:00,32.4
2025-06-12 14:12:00,55.5
2025-06-12 06:31:00,38.8
2025-06-12 13:32:00,69.6
2025-06-12 16:21:00,68.3
2025-06-12 08:10:00,83.2
2025-06-12 21:05:00,82.2
2025-06-12 11:36:00,39.5
2025-06-12 10:04:00,60.1
2025-06-12 01:26:00,32.7
2025-06-12 22:49:00,57.3
2025-06-12 14:40:00,86.2
2025-06-12 05:32:00,37.4
2025-06-12 13:49:00,40.2
2025-06-12 16:28:00,39.0
2025-06-12 05:37:00,46.1
2025-06-12 03:14:00,76.4
2025-06-12 13:22:00,44.9
2025-06-12 03:35:00,30.6
2025-06-12 01:19:00,30.5
2025-06-12 22:35:00,38.8
2025-06-12 12:54:00,32.8
2025-06-12 23:29:00,57.6
2025-06-12 13:50:00,18.6
2025-06-12 08:42:00,82.5
2025-06-12 07:50:00,72.7
2025-06-12 09:51:00,32.6
2025-06-12 02:05:00,84.4
2025-06-12 18:38:00,30.4
2025-06-12 00:11:00,72.1
2025-06-12 22:09:00,81.4
2025-06-12 11:46:00,68.5
2025-06-12 07:29:00,72.0
2025-06-12 05:38:00,19.7
2025-06-12 10:23:00,35.9
2025-06-12 11:20:00,36.1
2025-06-12 17:46:00,73.8
2025-06-12 17:38:00,50.3
2025-06-12 06:34:00,69.7
2025-06-12 08:22:00,86.0
2025-06-12 12:24:00,55.2
2025-06-12 07:39:00,0.9
2025-06-12 01:52:00,57.0
2025-06-12 00:14:00,1.5
2025-06-12 04:46:00,49.63695830886671
2025-06-12 22:11:00,49.63695830886671
2025-06-12 04:45:00,83.6
2025-06-12 19:46:00,49.63695830886671
2025-06-12 21:32:00,15.6
2025-06-12 05:24:00,47.4
2025-06-12 02:25:00,25.9
2025-06-12 10:14:00,33.7
2025-06-12 21:35:00,13.7
2025-06-12 07:43:00,67.5
2025-06-12 17:06:00,68.0
2025-06-12 10:07:00,80.2
2025-06-12 03:28:00,49.63695830886671
2025-06-12 08:49:00,21.3
2025-06-12 16:29:00,72.2
2025-06-12 08:02:00,54.2
2025-06-12 07:42:00,15.5
2025-06-12 20:53:00,48.1
2025-06-12 13:17:00,13.4
2025-06-12 08:38:00,34.6
2025-06-12 23:54:00,94.2
2025-06-12 03:49:00,66.8
2025-06-12 19:34:00,33.8
2025-06-12 01:40:00,8.0
2025-06-12 07:36:00,98.6
2025-06-12 23:14:00,49.63695830886671
2025-06-12 13:18:00,62.2
2025-06-12 20:33:00,85.0
2025-06-12 10:59:00,49.63695830886671
2025-06-12 06:06:00,89.3
2025-06-12 06:47:00,12.6
2025-06-12 05:44:00,36.2
2025-06-12 10:23:00,29.4
2025-06-12 03:44:00,49.2
2025-06-12 07:09:00,59.6
2025-06-12 06:01:00,1.4
2025-06-12 13:27:00,22.6
2025-06-12 20:28:00,50.7
2025-06-12 13:49:00,84.1
2025-06-12 01:17:00,67.7
2025-06-12 18:51:00,91.2
2025-06-12 13:47:00,49.63695830886671
2025-06-12 16:14:00,94.6
2025-06-12 17:53:00,50.1
2025-06-12 17:07:00,5.9
2025-06-12 09:14:00,28.1
2025-06-12 10:24:00,29.9
2025-06-12 08:46:00,72.3
2025-06-12 09:06:00,20.2
2025-06-12 22:12:00,82.4
2025-06-12 23:43:00,24.1
2025-06-12 09:41:00,34.0
2025-06-12 10:52:00,23.7
2025-06-12 00:05:00,10.7
2025-06-12 04:24:00,49.63695830886671
2025-06-12 00:27:00,88.5
2025-06-12 00:21:00,98.1
2025-06-12 10:45:00,2.2
2025-06-12 20:53:00,3.3
2025-06-12 02:27:00,49.63695830886671
2025-06-12 17:56:00,78.2
2025-06-12 13:48:00,86.0
2025-06-12 00:47:00,45.2
2025-06-12 06:54:00,59.7
2025-06-12 11:08:00,83.0
2025-06-12 06:35:00,73.9
2025-06-12 17:38:00,50.7
2025-06-12 20:24:00,3.6
2025-06-12 03:56:00,25.9
2025-06-12 02:00:00,86.6
2025-06-12 12:37:00,49.63695830886671
2025-06-12 08:32:00,27.9
2025-06-12 08:15:00,49.63695830886671
2025-06-12 18:50:00,7.1
2025-06-12 18:12:00,87.0
2025-06-12 08:41:00,38.1
2025-06-12 08:55:00,12.7
2025-06-12 07:52:00,1.9
2025-06-12 21:03:00,26.0
2025-06-12 05:04:00,5.5
2025-06-12 09:39:00,61.9
2025-06-12 17:09:00,79.6
2025-06-12 16:14:00,37.9
2025-06-12 01:44:00,49.63695830886671
2025-06-12 04:45:00,60.3
2025-06-12 18:12:00,39.1
2025-06-12 16:54:00,96.3
2025-06-12 01:56:00,49.63695830886671
2025-06-12 18:09:00,33.7
2025-06-12 10:19:00,73.8
2025-06-12 00:14:00,67.4
2025-06-12 05:07:00,64.8
2025-06-12 23:32:00,90.5
2025-06-12 15:55:00,56.1
2025-06-12 13:19:00,4.4
2025-06-12 07:44:00,84.0
2025-06-12 18:55:00,26.0
2025-06-12 11:49:00,85.8
2025-06-12 20:07:00,21.8
2025-06-12 02:26:00,49.63695830886671
2025-06-12 16:34:00,75.7
2025-06-12 11:00:00,91.7
2025-06-12 00:49:00,49.63695830886671
2025-06-12 18:15:00,49.63695830886671
2025-06-12 19:05:00,87.6
2025-06-12 10:26:00,49.63695830886671
2025-06-12 11:37:00,7.2
2025-06-12 19:54:00,49.63695830886671
2025-06-12 01:34:00,99.1
2025-06-12 06:18:00,92.7
2025-06-12 12:15:00,8.0
2025-06-12 05:51:00,52.4
2025-06-12 09:17:00,93.7
2025-06-12 05:47:00,21.3
2025-06-12 05:24:00,51.4
2025-06-12 06:32:00,26.3
2025-06-12 12:31:00,88.4
2025-06-12 10:07:00,45.9
2025-06-12 07:29:00,50.0
2025-06-12 11:05:00,56.6
2025-06-12 23:41:00,88.6
2025-06-12 05:04:00,51.3
2025-06-12 16:15:00,49.63695830886671
2025-06-12 08:23:00,13.4
2025-06-12 05:33:00,37.4
2025-06-12 18:13:00,93.2
2025-06-12 08:44:00,65.1
2025-06-12 07:51:00,97.9
2025-06-12 00:58:00,6.8
2025-06-12 07:16:00,28.4
2025-06-12 04:43:00,49.63695830886671
2025-06-12 20:23:00,16.4
2025-06-12 12:23:00,55.8
2025-06-12 09:00:00,48.1
2025-06-12 21:46:00,91.9
2025-06-12 11:48:00,92.6
2025-06-12 18:21:00,28.9
2025-06-12 14:36:00,96.0
2025-06-12 14:22:00,68.9
2025-06-12 13:29:00,12.5
2025-06-12 17:11:00,49.63695830886671
2025-06-12 18:30:00,4.7
2025-06-12 01:27:00,81.7
2025-06-12 17:51:00,46.1
2025-06-12 21:30:00,60.1
2025-06-12 16:19:00,44.7
2025-06-12 02:07:00,43.6
2025-06-12 23:47:00,78.5
2025-06-12 10:13:00,38.0
2025-06-12 02:47:00,80.6
2025-06-12 19:19:00,35.2
2025-06-12 21:04:00,0.2
2025-06-12 03:13:00,41.4
2025-06-12 15:14:00,53.6
2025-06-12 20:07:00,65.1
2025-06-12 11:42:00,78.7
2025-06-12 02:06:00,22.9
2025-06-12 18:51:00,97.8
2025-06-12 12:04:00,60.6
2025-06-12 08:13:00,49.1
2025-06-12 02:37:00,44.7
2025-06-12 16:24:00,39.5
2025-06-12 07:36:00,67.3
2025-06-12 21:23:00,95.3
2025-06-12 00:15:00,58.2
2025-06-12 17:57:00,33.5
2025-06-12 16:31:00,10.5
2025-06-12 06:10:00,94.9
2025-06-12 10:06:00,49.63695830886671
2025-06-12 16:27:00,43.5
2025-06-12 06:47:00,49.63695830886671
2025-06-12 15:38:00,47.3
2025-06-12 23:30:00,4.7
2025-06-12 11:39:00,49.63695830886671
2025-06-12 15:52:00,74.9
2025-06-12 04:54:00,31.0
2025-06-12 00:59:00,54.1
2025-06-12 23:15:00,65.2
2025-06-12 10:57:00,88.0
2025-06-12 23:57:00,49.63695830886671
2025-06-12 14:13:00,49.63695830886671
2025-06-12 12:56:00,60.5
2025-06-12 02:41:00,49.63695830886671
2025-06-12 05:28:00,49.63695830886671
2025-06-12 13:05:00,17.6
2025-06-12 23:07:00,58.0
2025-06-12 12:51:00,47.5
2025-06-12 21:58:00,80.1
2025-06-12 01:58:00,32.4
2025-06-12 14:13:00,62.8
2025-06-12 22:21:00,45.1
2025-06-12 02:20:00,69.2
2025-06-12 02:19:00,21.3
2025-06-12 17:56:00,30.9
2025-06-12 23:55:00,59.6
2025-06-12 07:49:00,91.4
2025-06-12 00:18:00,68.1
2025-06-12 14:07:00,72.7
2025-06-12 16:21:00,49.63695830886671
2025-06-12 20:46:00,10.9
2025-06-12 07:46:00,27.2
2025-06-12 10:33:00,49.63695830886671
2025-06-12 22:08:00,4.1
2025-06-12 18:53:00,86.1
2025-06-12 07:17:00,20.7
2025-06-12 19:28:00,10.5
2025-06-12 19:21:00,68.8
2025-06-12 19:45:00,80.9
2025-06-12 16:51:00,70.0
2025-06-12 10:44:00,49.63695830886671
2025-06-12 08:43:00,52.5
2025-06-12 23:40:00,20.4
2025-06-12 01:25:00,87.4
2025-06-12 19:08:00,49.63695830886671
2025-06-12 12:12:00,19.1
2025-06-12 17:54:00,14.5
2025-06-12 11:59:00,90.3
2025-06-12 12:53:00,49.63695830886671
2025-06-12 20:28:00,5.5
2025-06-12 13:02:00,6.4
2025-06-12 00:10:00,49.63695830886671
2025-06-12 03:26:00,23.7
2025-06-12 07:25:00,49.63695830886671
2025-06-12 10:36:00,66.0
2025-06-12 10:20:00,41.6
2025-06-12 10:20:00,51.6
2025-06-12 07:23:00,12.2
2025-06-12 18:35:00,63.5
2025-06-12 22:01:00,75.3
2025-06-12 10:09:00,9.5
2025-06-12 15:41:00,87.9
2025-06-12 09:23:00,94.4
2025-06-12 17:02:00,79.7
2025-06-12 10:01:00,49.63695830886671
2025-06-12 12:40:00,80.2
2025-06-12 11:03:00,80.6
2025-06-12 00:21:00,49.63695830886671
2025-06-12 19:20:00,75.6
2025-06-12 04:55:00,75.2
2025-06-12 02:35:00,29.6
2025-06-12 16:39:00,88.1
2025-06-12 06:10:00,75.1
2025-06-12 09:02:00,40.5
2025-06-12 18:53:00,41.2
2025-06-12 14:42:00,47.3
2025-06-12 22:24:00,81.7
2025-06-12 21:42:00,49.63695830886671
2025-06-12 03:32:00,9.6
2025-06-12 11:39:00,83.7
2025-06-12 08:00:00,56.7
2025-06-12 13:54:00,61.9
2025-06-12 07:27:00,94.4
2025-06-12 08:39:00,47.7
2025-06-12 18:42:00,99.0
2025-06-12 04:58:00,49.63695830886671
2025-06-12 11:18:00,4.9
2025-06-12 10:32:00,22.2
2025-06-12 10:18:00,83.8
2025-06-12 09:39:00,56.9
2025-06-12 18:45:00,84.2
2025-06-12 22:05:00,16.8
2025-06-12 14:13:00,83.2
2025-06-12 06:58:00,49.63695830886671
2025-06-12 11:16:00,60.1
2025-06-12 02:25:00,11.7
2025-06-12 07:48:00,61.9
2025-06-12 13:46:00,30.6
2025-06-12 09:02:00,2.5
2025-06-12 09:58:00,1.1
2025-06-12 17:34:00,38.9
2025-06-12 20:31:00,49.63695830886671
2025-06-12 09:22:00,89.7
2025-06-12 05:52:00,96.4
2025-06-12 18:29:00,47.4
2025-06-12 05:38:00,50.5
2025-06-12 23:34:00,78.6
2025-06-12 13:37:00,30.9
2025-06-12 01:40:00,45.2
2025-06-12 18:50:00,96.0
2025-06-12 15:59:00,67.0
2025-06-12 04:05:00,96.9
2025-06-12 21:51:00,58.2
2025-06-12 20:03:00,72.9
2025-06-12 01:23:00,58.2
2025-06-12 12:48:00,50.41405513666353
2025-06-12 17:38:00,12.5
2025-06-12 19:45:00,53.5
2025-06-12 10:55:00,38.2
2025-06-12 17:52:00,1.5
2025-06-12 06:29:00,47.1
2025-06-12 02:06:00,16.1
2025-06-12 21:26:00,15.4
2025-06-12 00:50:00,88.4
2025-06-12 08:39:00,95.1
2025-06-12 06:22:00,99.4
2025-06-12 06:05:00,50.41405513666353
2025-06-12 01:37:00,40.5
2025-06-12 03:30:00,76.5
2025-06-12 20:29:00,4.6
2025-06-12 01:34:00,15.7
2025-06-12 19:24:00,92.7
2025-06-12 08:12:00,97.5
2025-06-12 01:16:00,99.5
2025-06-12 09:50:00,11.5
2025-06-12 06:23:00,89.4
2025-06-12 13:16:00,47.4
2025-06-12 04:07:00,58.2
2025-06-12 20:29:00,50.41405513666353
2025-06-12 05:41:00,56.5
2025-06-12 21:54:00,42.8
2025-06-12 08:47:00,94.6
2025-06-12 21:47:00,95.6
2025-06-12 03:05:00,28.7
2025-06-12 21:27:00,39.6
2025-06-12 20:30:00,51.1
2025-06-12 10:06:00,9.4
2025-06-12 11:25:00,50.41405513666353
2025-06-12 16:26:00,93.5
2025-06-12 13:24:00,60.6
2025-06-12 20:42:00,51.7
2025-06-12 04:10:00,71.7
2025-06-12 16:16:00,81.0
2025-06-12 14:49:00,19.7
2025-06-12 21:39:00,84.2
2025-06-12 13:32:00,64.6
2025-06-12 15:55:00,66.9
2025-06-12 22:45:00,50.41405513666353
2025-06-12 17:07:00,50.41405513666353
2025-06-12 21:18:00,83.9
2025-06-12 13:01:00,44.3
2025-06-12 09:02:00,33.7
2025-06-12 08:50:00,50.41405513666353
2025-06-12 01:40:00,43.1
2025-06-12 17:15:00,63.7
2025-06-12 19:26:00,50.41405513666353
2025-06-12 11:19:00,85.7
2025-06-12 07:20:00,33.1
2025-06-12 11:51:00,50.41405513666353
2025-06-12 10:49:00,98.3
2025-06-12 23:09:00,8.0
2025-06-12 06:05:00,94.2
2025-06-12 05:45:00,50.41405513666353
2025-06-12 08:31:00,100.0
2025-06-12 20:41:00,51.2
2025-06-12 00:07:00,0.7
2025-06-12 15:13:00,99.2
2025-06-12 19:22:00,97.8
2025-06-12 18:24:00,27.6
2025-06-12 21:07:00,40.6
2025-06-12 08:04:00,16.1
2025-06-12 01:30:00,15.9
2025-06-12 22:59:00,44.0
2025-06-12 21:15:00,64.9
2025-06-12 04:05:00,58.4
2025-06-12 14:39:00,12.9
2025-06-12 19:47:00,51.4
2025-06-12 12:00:00,18.5
2025-06-12 02:49:00,27.7
2025-06-12 23:12:00,94.2
2025-06-12 14:47:00,83.1
2025-06-12 20:51:00,75.4
2025-06-12 01:56:00,13.9
2025-06-12 09:45:00,81.7
2025-06-12 01:40:00,53.5
2025-06-12 13:10:00,50.41405513666353
2025-06-12 13:17:00,45.7
2025-06-12 16:44:00,68.9
2025-06-12 17:58:00,31.7
2025-06-12 06:43:00,92.9
2025-06-12 07:39:00,60.3
2025-06-12 10:59:00,79.4
2025-06-12 08:11:00,30.1
2025-06-12 17:09:00,79.7
2025-06-12 22:29:00,62.9
2025-06-12 12:45:00,32.8
2025-06-12 15:46:00,50.41405513666353
2025-06-12 05:33:00,89.8
2025-06-12 15:17:00,71.9
2025-06-12 01:15:00,99.8
2025-06-12 06:49:00,4.8
2025-06-12 07:46:00,93.3
2025-06-12 18:10:00,88.6
2025-06-12 23:19:00,13.3
2025-06-12 17:01:00,23.8
2025-06-12 03:06:00,47.1
2025-06-12 06:42:00,48.9
2025-06-12 16:04:00,57.8
2025-06-12 17:56:00,4.2
2025-06-12 22:31:00,32.8
2025-06-12 17:34:00,84.0
2025-06-12 17:28:00,50.41405513666353
2025-06-12 05:00:00,49.5
2025-06-12 18:09:00,21.0
2025-06-12 09:00:00,80.3
2025-06-12 01:16:00,79.6
2025-06-12 08:15:00,15.8
2025-06-12 16:28:00,63.6
2025-06-12 03:59:00,50.41405513666353
2025-06-12 20:07:00,32.3
2025-06-12 04:46:00,7.9
2025-06-12 12:38:00,30.1
2025-06-12 20:12:00,70.6
2025-06-12 10:45:00,27.5
2025-06-12 08:47:00,90.9
2025-06-12 19:53:00,56.6
2025-06-12 12:21:00,70.9
2025-06-12 14:13:00,50.41405513666353
2025-06-12 07:57:00,5.6
2025-06-12 22:52:00,82.6
2025-06-12 14:08:00,56.0
2025-06-12 05:02:00,39.2
2025-06-12 13:02:00,7.3
2025-06-12 04:59:00,94.7
2025-06-12 18:48:00,1.6
2025-06-12 08:07:00,50.41405513666353
2025-06-12 09:20:00,68.0
2025-06-12 01:54:00,16.4
2025-06-12 10:39:00,6.8
2025-06-12 06:53:00,2.3
2025-06-12 11:59:00,52.0
2025-06-12 00:34:00,45.6
2025-06-12 00:20:00,22.1
2025-06-12 21:19:00,98.7
2025-06-12 16:15:00,96.7
2025-06-12 01:27:00,50.41405513666353
2025-06-12 17:26:00,12.1
2025-06-12 14:58:00,22.2
2025-06-12 08:57:00,83.7
2025-06-12 08:52:00,67.8
2025-06-12 01:02:00,68.0
2025-06-12 18:13:00,41.3
2025-06-12 08:47:00,29.0
2025-06-12 14:11:00,39.8
2025-06-12 00:19:00,44.8
2025-06-12 20:18:00,91.1
2025-06-12 08:34:00,40.4
2025-06-12 04:43:00,50.41405513666353
2025-06-12 04:40:00,5.2
2025-06-12 04:26:00,32.3
2025-06-12 22:48:00,50.41405513666353
2025-06-12 21:11:00,57.1
2025-06-12 12:17:00,42.8
2025-06-12 22:20:00,19.1
2025-06-12 22:23:00,30.2
2025-06-12 06:40:00,33.4
2025-06-12 12:57:00,39.6
2025-06-12 11:06:00,78.9
2025-06-12 01:49:00,20.1
2025-06-12 05:34:00,81.1
2025-06-12 17:01:00,64.4
2025-06-12 15:13:00,83.1
2025-06-12 16:22:00,34.4
2025-06-12 04:56:00,18.9
2025-06-12 23:20:00,34.5
2025-06-12 19:22:00,50.41405513666353
2025-06-12 23:16:00,58.0
2025-06-12 06:51:00,3.2
2025-06-12 08:57:00,65.2
2025-06-12 16:00:00,20.9
2025-06-12 10:23:00,3.2
2025-06-12 17:00:00,86.5
2025-06-12 20:11:00,90.5
2025-06-12 23:48:00,2.4
2025-06-12 01:51:00,17.6
2025-06-12 11:55:00,14.7
2025-06-12 23:39:00,3.2
2025-06-12 21:03:00,41.5
2025-06-12 18:47:00,12.8
2025-06-12 11:07:00,51.2
2025-06-12 21:10:00,2.0
2025-06-12 03:46:00,23.2
2025-06-12 11:32:00,68.2
2025-06-12 02:34:00,35.8
2025-06-12 07:49:00,47.9
2025-06-12 13:19:00,64.2
2025-06-12 11:07:00,44.8
2025-06-12 01:03:00,49.4
2025-06-12 13:54:00,94.9
2025-06-12 06:54:00,61.1
2025-06-12 17:03:00,81.7
2025-06-12 12:58:00,4.2
2025-06-12 20:17:00,62.8
2025-06-12 07:38:00,31.6
2025-06-12 06:44:00,24.8
2025-06-12 09:54:00,81.2
2025-06-12 11:24:00,14.9
2025-06-12 10:43:00,25.5
2025-06-12 10:39:00,58.5
2025-06-12 17:35:00,50.41405513666353
2025-06-12 07:11:00,50.41405513666353
2025-06-12 17:21:00,27.4
2025-06-12 01:44:00,47.8
2025-06-12 09:39:00,63.2
2025-06-12 20:08:00,14.9
2025-06-12 16:38:00,13.3
2025-06-12 08:54:00,88.6
2025-06-12 21:19:00,11.5
2025-06-12 15:35:00,47.7
2025-06-12 16:25:00,8.6
2025-06-12 02:05:00,74.9
2025-06-12 05:42:00,35.2
2025-06-12 22:45:00,51.1
2025-06-12 06:54:00,50.41405513666353
2025-06-12 06:59:00,50.41405513666353
2025-06-12 13:08:00,46.2
2025-06-12 23:14:00,43.7
2025-06-12 01:53:00,24.6
2025-06-12 22:09:00,64.0
2025-06-12 06:57:00,86.5
2025-06-12 04:53:00,50.41405513666353
2025-06-12 07:16:00,70.8
2025-06-12 21:56:00,69.7
2025-06-12 06:58:00,27.1
2025-06-12 20:33:00,61.5
2025-06-12 18:54:00,77.5
2025-06-12 13:20:00,23.5
2025-06-12 20:23:00,44.5
2025-06-12 03:44:00,50.41405513666353
2025-06-12 04:22:00,76.8
2025-06-12 23:12:00,6.7
2025-06-12 23:43:00,5.6
2025-06-12 19:34:00,85.3
2025-06-12 18:38:00,46.4
2025-06-12 12:00:00,90.0
2025-06-12 12:50:00,66.7
2025-06-12 02:51:00,66.2
2025-06-12 05:48:00,7.6
2025-06-12 20:29:00,99.4
2025-06-12 20:46:00,20.1
2025-06-12 22:06:00,17.7
2025-06-12 03:36:00,84.0
2025-06-12 14:31:00,86.5
2025-06-12 02:21:00,50.41405513666353
2025-06-12 22:29:00,90.8
2025-06-12 15:08:00,70.5
2025-06-12 05:26:00,74.1
2025-06-12 15:27:00,90.6
2025-06-12 23:09:00,97.0
2025-06-12 00:25:00,0.4
2025-06-12 11:25:00,68.4
2025-06-12 00:05:00,33.5
2025-06-12 07:13:00,37.8
2025-06-12 22:21:00,84.3
2025-06-12 00:38:00,17.6
2025-06-12 02:43:00,29.8
2025-06-12 20:26:00,50.41405513666353
2025-06-12 04:05:00,50.41405513666353
2025-06-12 17:45:00,31.5
2025-06-12 21:05:00,67.5
2025-06-12 00:15:00,92.2
2025-06-12 12:58:00,59.2
2025-06-12 15:22:00,88.5
2025-06-12 06:16:00,49.2
2025-06-12 15:47:00,15.1
2025-06-12 11:25:00,22.5
2025-06-12 04:57:00,48.8
2025-06-12 13:46:00,53.9
2025-06-12 05:44:00,50.41405513666353
2025-06-12 07:18:00,50.41405513666353
2025-06-12 02:56:00,50.41405513666353
2025-06-12 14:47:00,56.2
2025-06-12 14:22:00,68.5
2025-06-12 04:01:00,50.41405513666353
2025-06-12 22:37:00,26.7
2025-06-12 15:09:00,38.7
2025-06-12 20:37:00,59.4
2025-06-12 11:42:00,87.1
2025-06-12 14:51:00,50.41405513666353
2025-06-12 23:35:00,25.5
2025-06-12 12:10:00,41.5
2025-06-12 07:02:00,12.6
2025-06-12 02:59:00,59.2
2025-06-12 15:02:00,72.5
2025-06-12 00:21:00,0.0
2025-06-12 13:06:00,77.1
2025-06-12 23:06:00,45.4
2025-06-12 07:13:00,70.3
2025-06-12 15:18:00,27.5
2025-06-12 00:33:00,30.5
2025-06-12 19:09:00,89.7
2025-06-12 13:37:00,54.0
2025-06-12 06:01:00,73.5
2025-06-12 01:40:00,88.0
2025-06-12 07:37:00,12.1
2025-06-12 01:23:00,77.9
2025-06-12 20:30:00,53.5
2025-06-12 22:50:00,3.3
2025-06-12 13:09:00,19.6
2025-06-12 02:17:00,94.8
2025-06-12 23:57:00,34.3
2025-06-12 06:40:00,35.0
2025-06-12 06:37:00,48.3
2025-06-12 22:42:00,74.7
2025-06-12 00:07:00,9.4
2025-06-12 17:37:00,79.8
2025-06-12 09:59:00,11.9
2025-06-12 12:23:00,96.2
2025-06-12 02:09:00,49.776157380139004
2025-06-12 00:24:00,8.4
2025-06-12 15:24:00,42.3
2025-06-12 01:11:00,6.2
2025-06-12 08:46:00,71.6
2025-06-12 07:13:00,43.7
2025-06-12 18:24:00,81.0
2025-06-12 14:10:00,47.0
2025-06-12 21:08:00,39.9
2025-06-12 07:03:00,14.3
2025-06-12 09:53:00,7.7
2025-06-12 21:58:00,67.5
2025-06-12 10:08:00,18.4
2025-06-12 09:01:00,46.7
2025-06-12 16:26:00,57.2
2025-06-12 09:31:00,27.5
2025-06-12 23:42:00,69.0
2025-06-12 03:30:00,43.6
2025-06-12 23:59:00,30.3
2025-06-12 13:16:00,25.4
2025-06-12 07:29:00,68.3
2025-06-12 22:14:00,49.776157380139004
2025-06-12 14:03:00,20.5
2025-06-12 02:01:00,56.2
2025-06-12 15:58:00,49.776157380139004
2025-06-12 13:21:00,26.8
2025-06-12 02:27:00,12.2
2025-06-12 19:32:00,13.6
2025-06-12 08:57:00,49.776157380139004
2025-06-12 02:27:00,34.9
2025-06-12 06:55:00,91.5
2025-06-12 03:04:00,2.0
2025-06-12 05:27:00,53.6
2025-06-12 14:15:00,49.776157380139004
2025-06-12 10:14:00,24.5
2025-06-12 14:01:00,89.8
2025-06-12 17:23:00,49.776157380139004
2025-06-12 09:31:00,93.4
2025-06-12 04:49:00,23.1
2025-06-12 21:09:00,70.8
2025-06-12 21:05:00,62.0
2025-06-12 14:34:00,44.4
2025-06-12 15:41:00,16.3
2025-06-12 13:52:00,78.6
2025-06-12 19:04:00,32.8
2025-06-12 15:01:00,41.9
2025-06-12 07:05:00,28.5
2025-06-12 00:46:00,49.776157380139004
2025-06-12 04:56:00,49.0
2025-06-12 12:16:00,45.0
2025-06-12 12:37:00,49.776157380139004
2025-06-12 13:28:00,44.2
2025-06-12 14:28:00,90.1
2025-06-12 04:37:00,66.8
2025-06-12 23:26:00,40.1
2025-06-12 10:03:00,49.776157380139004
2025-06-12 09:56:00,92.9
2025-06-12 13:31:00,9.0
2025-06-12 04:32:00,70.1
2025-06-12 23:18:00,43.2
2025-06-12 05:18:00,71.4
2025-06-12 07:50:00,95.4
2025-06-12 07:54:00,74.3
2025-06-12 00:17:00,28.7
2025-06-12 01:51:00,65.8
2025-06-12 17:55:00,56.7
2025-06-12 13:42:00,7.2
2025-06-12 13:04:00,59.7
2025-06-12 04:22:00,57.1
2025-06-12 07:50:00,22.7
2025-06-12 23:26:00,64.1
2025-06-12 12:18:00,45.2
2025-06-12 16:19:00,44.8
2025-06-12 18:37:00,29.5
2025-06-12 14:54:00,35.1
2025-06-12 20:31:00,87.7
2025-06-12 22:40:00,51.3
2025-06-12 10:43:00,99.5
2025-06-12 14:17:00,2.5
2025-06-12 12:33:00,90.9
2025-06-12 07:38:00,64.8
2025-06-12 23:43:00,25.6
2025-06-12 13:49:00,60.9
2025-06-12 15:35:00,49.776157380139004
2025-06-12 06:08:00,81.9
2025-06-12 01:35:00,49.776157380139004
2025-06-12 01:14:00,17.8
2025-06-12 08:45:00,47.4
2025-06-12 21:48:00,57.2
2025-06-12 07:28:00,88.3
2025-06-12 09:32:00,49.776157380139004
2025-06-12 18:30:00,49.776157380139004
2025-06-12 19:46:00,83.5
2025-06-12 21:35:00,34.0
2025-06-12 02:48:00,45.5
2025-06-12 09:27:00,34.9
2025-06-12 18:54:00,65.4
2025-06-12 08:00:00,70.3
2025-06-12 18:36:00,43.9
2025-06-12 20:23:00,19.8
2025-06-12 05:46:00,58.8
2025-06-12 04:41:00,34.3
2025-06-12 01:49:00,49.776157380139004
2025-06-12 23:18:00,74.1
2025-06-12 02:07:00,23.1
2025-06-12 03:48:00,97.5
2025-06-12 23:26:00,20.9
2025-06-12 11:21:00,22.0
2025-06-12 07:18:00,49.776157380139004
2025-06-12 12:28:00,62.7
2025-06-12 03:10:00,2.9
2025-06-12 23:19:00,72.6
2025-06-12 12:28:00,94.7
2025-06-12 18:04:00,63.0
2025-06-12 22:30:00,39.9
2025-06-12 09:53:00,63.8
2025-06-12 09:29:00,6.7
2025-06-12 06:15:00,0.5
2025-06-12 15:02:00,53.6
2025-06-12 03:20:00,79.8
2025-06-12 04:45:00,77.9
2025-06-12 17:31:00,50.8
2025-06-12 18:31:00,90.4
2025-06-12 17:50:00,16.9
2025-06-12 03:17:00,44.7
2025-06-12 12:13:00,54.7
2025-06-12 19:16:00,95.5
2025-06-12 11:35:00,38.1
2025-06-12 22:40:00,60.1
2025-06-12 00:03:00,26.4
2025-06-12 06:35:00,87.0
2025-06-12 00:04:00,89.7
2025-06-12 17:05:00,32.9
2025-06-12 02:31:00,49.776157380139004
2025-06-12 01:17:00,21.2
2025-06-12 16:24:00,11.9
2025-06-12 18:54:00,70.2
2025-06-12 21:48:00,51.7
2025-06-12 04:19:00,16.4
2025-06-12 08:40:00,50.2
2025-06-12 13:08:00,70.6
2025-06-12 04:45:00,22.5
2025-06-12 01:33:00,40.5
2025-06-12 18:03:00,96.1
2025-06-12 21:21:00,14.0
2025-06-12 15:45:00,66.7
2025-06-12 17:04:00,59.7
2025-06-12 16:39:00,44.5
2025-06-12 07:39:00,49.776157380139004
2025-06-12 04:30:00,85.1
2025-06-12 04:52:00,48.8
2025-06-12 07:38:00,11.3
2025-06-12 21:18:00,29.3
2025-06-12 09:49:00,11.5
2025-06-12 07:03:00,23.8
2025-06-12 17:46:00,58.0
2025-06-12 08:31:00,91.2
2025-06-12 13:19:00,91.0
2025-06-12 21:02:00,96.4
2025-06-12 15:28:00,4.4
2025-06-12 20:08:00,61.8
2025-06-12 17:11:00,91.8
2025-06-12 10:53:00,30.5
2025-06-12 15:32:00,49.776157380139004
2025-06-12 23:20:00,24.3
2025-06-12 20:34:00,28.7
2025-06-12 01:45:00,4.1
2025-06-12 13:00:00,49.776157380139004
2025-06-12 22:32:00,15.0
2025-06-12 12:19:00,49.776157380139004
2025-06-12 04:59:00,0.7
2025-06-12 18:19:00,24.0
2025-06-12 05:00:00,28.1
2025-06-12 00:57:00,49.776157380139004
2025-06-12 07:14:00,49.776157380139004
2025-06-12 19:48:00,5.3
2025-06-12 00:25:00,49.776157380139004
2025-06-12 00:28:00,73.1
2025-06-12 16:13:00,49.776157380139004
2025-06-12 20:49:00,15.2
2025-06-12 22:21:00,48.0
2025-06-12 14:36:00,79.4
2025-06-12 14:54:00,37.2
2025-06-12 17:32:00,8.9
2025-06-12 15:50:00,44.1
2025-06-12 11:37:00,52.0
2025-06-12 10:52:00,42.7
2025-06-12 10:19:00,46.3
2025-06-12 00:32:00,57.4
2025-06-12 19:44:00,88.3
2025-06-12 19:12:00,95.1
2025-06-12 01:37:00,71.0
2025-06-12 20:08:00,49.776157380139004
2025-06-12 20:20:00,90.9
2025-06-12 22:41:00,49.776157380139004
2025-06-12 21:54:00,50.0
2025-06-12 09:32:00,100.0
2025-06-12 00:42:00,30.9
2025-06-12 13:00:00,39.1
2025-06-12 23:35:00,49.776157380139004
2025-06-12 19:12:00,7.0
2025-06-12 05:57:00,93.1
2025-06-12 20:24:00,83.6
2025-06-12 02:08:00,40.0
2025-06-12 01:27:00,98.0
2025-06-12 22:22:00,63.2
2025-06-12 19:44:00,49.776157380139004
2025-06-12 22:48:00,49.776157380139004
2025-06-12 13:00:00,49.3
2025-06-12 16:51:00,26.7
2025-06-12 19:04:00,49.776157380139004
2025-06-12 13:17:00,1.1
2025-06-12 02:28:00,96.7
2025-06-12 14:08:00,66.5
2025-06-12 20:34:00,16.8
2025-06-12 12:01:00,35.8
2025-06-12 08:39:00,85.8
2025-06-12 03:32:00,43.9
2025-06-12 00:22:00,64.2
2025-06-12 18:44:00,49.3
2025-06-12 11:10:00,51.8
2025-06-12 12:56:00,96.9
2025-06-12 06:33:00,85.8
2025-06-12 13:07:00,10.6
2025-06-12 11:47:00,90.3
2025-06-12 08:48:00,74.5
2025-06-12 13:58:00,52.7
2025-06-12 22:30:00,21.1
2025-06-12 15:02:00,12.7
2025-06-12 07:54:00,49.776157380139004
2025-06-12 04:07:00,28.2
2025-06-12 06:36:00,98.7
2025-06-12 23:20:00,36.2
2025-06-12 22:41:00,22.5
2025-06-12 18:22:00,85.0
2025-06-12 22:03:00,49.776157380139004
2025-06-12 16:20:00,82.4
2025-06-12 12:08:00,23.7
2025-06-12 01:49:00,83.2
2025-06-12 15:39:00,49.776157380139004
2025-06-12 05:31:00,49.3
2025-06-12 13:40:00,19.7
2025-06-12 22:37:00,95.4
2025-06-12 08:01:00,5.2
2025-06-12 20:00:00,19.9
2025-06-12 20:02:00,63.8
2025-06-12 14:20:00,62.3
2025-06-12 02:09:00,49.776157380139004
2025-06-12 23:14:00,71.3
2025-06-12 04:38:00,43.0
2025-06-12 18:34:00,35.3
2025-06-12 21:51:00,19.5
2025-06-12 18:33:00,25.6
2025-06-12 00:46:00,62.4
2025-06-12 20:16:00,49.776157380139004
2025-06-12 19:53:00,71.5
2025-06-12 10:16:00,36.0
2025-06-12 14:32:00,49.776157380139004
2025-06-12 00:00:00,68.3
2025-06-12 20:09:00,11.4
2025-06-12 17:02:00,85.9
2025-06-12 18:11:00,49.776157380139004
2025-06-12 05:11:00,56.1
2025-06-12 06:58:00,64.7
2025-06-12 21:17:00,67.2
2025-06-12 21:15:00,49.776157380139004
2025-06-12 15:23:00,49.1
2025-06-12 12:34:00,45.6
2025-06-12 04:06:00,66.8
2025-06-12 12:49:00,65.9
2025-06-12 04:54:00,3.3
2025-06-12 22:27:00,26.9
2025-06-12 06:03:00,58.2
2025-06-12 22:37:00,24.8
2025-06-12 13:44:00,4.3
2025-06-12 19:23:00,11.1
2025-06-12 05:44:00,49.776157380139004
2025-06-12 21:56:00,34.9
2025-06-12 14:13:00,49.776157380139004
2025-06-12 10:35:00,3.4
2025-06-12 06:54:00,49.776157380139004
2025-06-12 18:50:00,65.8
2025-06-12 16:56:00,24.3
2025-06-12 04:29:00,77.6
2025-06-12 19:22:00,82.6
2025-06-12 21:13:00,3.9
2025-06-12 06:16:00,59.7
2025-06-12 06:16:00,89.1
2025-06-12 18:38:00,49.776157380139004
2025-06-12 21:13:00,49.776157380139004
2025-06-12 12:09:00,33.4
2025-06-12 13:39:00,72.2
2025-06-12 05:00:00,24.4
2025-06-12 22:58:00,1.3
2025-06-12 19:27:00,8.8
2025-06-12 22:50:00,84.6
2025-06-12 02:24:00,61.3
2025-06-12 14:28:00,56.4
2025-06-12 16:51:00,0.5
2025-06-12 13:11:00,59.5
2025-06-12 01:59:00,60.4
2025-06-12 06:17:00,31.1
2025-06-12 04:54:00,21.1
2025-06-12 00:00:00,88.8
2025-06-12 14:36:00,21.0
2025-06-12 10:36:00,10.0
2025-06-12 03:48:00,59.3
2025-06-12 19:51:00,98.8
2025-06-12 11:27:00,49.776157380139004
2025-06-12 14:04:00,84.5
2025-06-12 12:05:00,49.776157380139004
2025-06-12 14:29:00,62.6
2025-06-12 16:52:00,22.4
2025-06-12 16:06:00,74.1
2025-06-12 21:17:00,90.7
2025-06-12 02:50:00,65.4
2025-06-12 23:09:00,92.5
2025-06-12 12:42:00,33.8
2025-06-12 22:32:00,37.6
2025-06-12 01:29:00,46.9
2025-06-12 18:16:00,95.0
2025-06-12 07:13:00,35.6
2025-06-12 11:14:00,85.0
2025-06-12 15:09:00,49.81767540251498
2025-06-12 21:47:00,32.2
2025-06-12 18:36:00,12.9
2025-06-12 06:57:00,49.81767540251498
2025-06-12 13:26:00,18.0
2025-06-12 09:26:00,26.7
2025-06-12 22:24:00,84.6
2025-06-12 22:11:00,59.4
2025-06-12 23:13:00,35.1
2025-06-12 11:01:00,25.0
2025-06-12 09:32:00,6.9
2025-06-12 06:36:00,49.81767540251498
2025-06-12 23:05:00,71.4
2025-06-12 19:18:00,98.1
2025-06-12 16:37:00,17.1
2025-06-12 05:15:00,66.6
2025-06-12 17:51:00,49.81767540251498
2025-06-12 03:19:00,49.81767540251498
2025-06-12 18:07:00,33.9
2025-06-12 03:58:00,56.9
2025-06-12 16:19:00,49.81767540251498
2025-06-12 04:24:00,74.8
2025-06-12 07:18:00,93.8
2025-06-12 04:13:00,38.3
2025-06-12 07:24:00,72.4
2025-06-12 20:54:00,69.4
2025-06-12 23:57:00,64.6
2025-06-12 22:44:00,83.6
2025-06-12 02:56:00,66.7
2025-06-12 10:59:00,31.8
2025-06-12 04:28:00,71.6
2025-06-12 12:40:00,55.2
2025-06-12 06:40:00,24.5
2025-06-12 23:53:00,29.2
2025-06-12 20:52:00,33.1
2025-06-12 06:37:00,49.81767540251498
2025-06-12 18:34:00,29.3
2025-06-12 01:45:00,40.5
2025-06-12 11:33:00,31.4
2025-06-12 00:31:00,87.1
2025-06-12 06:19:00,41.8
2025-06-12 17:02:00,0.4
2025-06-12 15:09:00,74.5
2025-06-12 05:43:00,0.3
2025-06-12 01:16:00,49.81767540251498
2025-06-12 12:30:00,47.9
2025-06-12 04:01:00,35.4
2025-06-12 23:34:00,11.3
2025-06-12 21:48:00,38.5
2025-06-12 13:37:00,60.0
2025-06-12 07:33:00,50.4
2025-06-12 02:22:00,20.3
2025-06-12 08:38:00,95.0
2025-06-12 02:33:00,49.81767540251498
2025-06-12 14:05:00,27.1
2025-06-12 19:53:00,82.6
2025-06-12 07:51:00,24.2
2025-06-12 19:38:00,48.5
2025-06-12 19:43:00,44.9
2025-06-12 11:57:00,40.0
2025-06-12 03:53:00,74.3
2025-06-12 01:59:00,49.81767540251498
2025-06-12 08:47:00,49.81767540251498
2025-06-12 02:59:00,35.5
2025-06-12 09:59:00,92.4
2025-06-12 10:26:00,15.8
2025-06-12 23:02:00,70.6
2025-06-12 07:35:00,35.9
2025-06-12 11:57:00,49.8
2025-06-12 03:14:00,30.4
2025-06-12 20:04:00,59.2
2025-06-12 08:34:00,69.0
2025-06-12 08:07:00,49.81767540251498
2025-06-12 14:08:00,13.7
2025-06-12 06:38:00,12.3
2025-06-12 07:11:00,88.7
2025-06-12 00:35:00,63.8
2025-06-12 22:07:00,33.9
2025-06-12 12:29:00,72.2
2025-06-12 23:51:00,60.1
2025-06-12 15:00:00,49.81767540251498
2025-06-12 16:03:00,77.7
2025-06-12 16:07:00,30.1
2025-06-12 07:30:00,37.7
2025-06-12 14:03:00,98.8
2025-06-12 21:23:00,49.81767540251498
2025-06-12 16:40:00,97.1
2025-06-12 11:36:00,29.3
2025-06-12 09:20:00,65.9
2025-06-12 19:21:00,99.3
2025-06-12 07:15:00,3.8
2025-06-12 11:43:00,25.0
2025-06-12 23:30:00,66.8
2025-06-12 01:35:00,42.8
2025-06-12 07:45:00,55.2
2025-06-12 01:30:00,68.1
2025-06-12 06:53:00,31.0
2025-06-12 20:45:00,62.4
2025-06-12 01:56:00,69.0
2025-06-12 06:05:00,28.4
2025-06-12 13:48:00,27.4
2025-06-12 07:27:00,48.4
2025-06-12 20:16:00,82.9
2025-06-12 18:19:00,26.8
2025-06-12 10:05:00,43.6
2025-06-12 07:57:00,78.1
2025-06-12 05:59:00,3.8
2025-06-12 23:01:00,90.4
2025-06-12 00:54:00,99.2
2025-06-12 07:11:00,29.1
2025-06-12 17:57:00,60.7
2025-06-12 00:11:00,49.5
2025-06-12 01:20:00,37.0
2025-06-12 00:35:00,65.4
2025-06-12 20:59:00,54.7
2025-06-12 09:09:00,49.81767540251498
2025-06-12 02:10:00,7.9
2025-06-12 05:28:00,81.9
2025-06-12 17:57:00,1.9
2025-06-12 12:22:00,19.2
2025-06-12 22:57:00,67.7
2025-06-12 12:19:00,28.8
2025-06-12 09:59:00,14.8
2025-06-12 16:17:00,23.1
2025-06-12 03:39:00,19.0
2025-06-12 08:29:00,56.6
2025-06-12 19:15:00,94.9
2025-06-12 13:16:00,83.0
2025-06-12 20:53:00,96.6
2025-06-12 14:09:00,80.5
2025-06-12 16:34:00,49.81767540251498
2025-06-12 12:45:00,88.0
2025-06-12 04:25:00,39.7
2025-06-12 09:19:00,32.5
2025-06-12 14:29:00,52.8
2025-06-12 05:19:00,8.5
2025-06-12 16:14:00,52.2
2025-06-12 01:28:00,40.7
2025-06-12 08:57:00,84.7
2025-06-12 07:45:00,90.6
2025-06-12 08:25:00,39.8
2025-06-12 21:32:00,39.3
2025-06-12 10:03:00,7.9
2025-06-12 07:47:00,5.4
2025-06-12 17:44:00,95.8
2025-06-12 17:51:00,33.9
2025-06-12 18:02:00,49.81767540251498
2025-06-12 14:28:00,69.3
2025-06-12 17:23:00,49.81767540251498
2025-06-12 07:52:00,32.4
2025-06-12 11:00:00,72.1
2025-06-12 23:21:00,52.7
2025-06-12 02:59:00,49.81767540251498
2025-06-12 04:35:00,46.2
2025-06-12 17:19:00,79.4
2025-06-12 07:55:00,49.81767540251498
2025-06-12 02:36:00,49.81767540251498
2025-06-12 04:11:00,12.9
2025-06-12 01:11:00,83.6
2025-06-12 00:07:00,51.8
2025-06-12 08:33:00,49.81767540251498
2025-06-12 16:11:00,1.5
2025-06-12 01:26:00,40.2
2025-06-12 21:20:00,45.6
2025-06-12 13:54:00,14.0
2025-06-12 11:39:00,69.6
2025-06-12 16:20:00,49.81767540251498
2025-06-12 14:58:00,82.4
2025-06-12 10:15:00,67.1
2025-06-12 05:59:00,18.5
2025-06-12 13:41:00,81.0
2025-06-12 01:15:00,49.81767540251498
2025-06-12 11:40:00,92.1
2025-06-12 09:03:00,88.1
2025-06-12 03:09:00,18.5
2025-06-12 03:15:00,20.1
2025-06-12 12:26:00,29.5
2025-06-12 04:52:00,49.81767540251498
2025-06-12 19:32:00,61.0
2025-06-12 19:02:00,54.3
2025-06-12 09:29:00,72.6
2025-06-12 02:43:00,72.5
2025-06-12 00:19:00,84.5
2025-06-12 20:57:00,50.7
2025-06-12 00:10:00,25.9
2025-06-12 20:15:00,90.8
2025-06-12 13:34:00,13.7
2025-06-12 04:34:00,7.4
2025-06-12 18:36:00,72.9
2025-06-12 20:11:00,49.81767540251498
2025-06-12 13:21:00,49.81767540251498
2025-06-12 23:00:00,47.1
2025-06-12 05:12:00,82.0
2025-06-12 12:49:00,26.1
2025-06-12 11:40:00,2.5
2025-06-12 16:38:00,49.81767540251498
2025-06-12 16:27:00,49.81767540251498
2025-06-12 21:40:00,26.9
2025-06-12 05:25:00,53.2
2025-06-12 01:44:00,95.3
2025-06-12 15:09:00,7.3
2025-06-12 22:58:00,96.4
2025-06-12 13:54:00,0.5
2025-06-12 08:05:00,15.6
2025-06-12 22:59:00,49.81767540251498
2025-06-12 22:49:00,67.9
2025-06-12 21:02:00,49.81767540251498
2025-06-12 00:19:00,7.5
2025-06-12 11:58:00,86.8
2025-06-12 06:23:00,58.9
2025-06-12 11:26:00,49.81767540251498
2025-06-12 09:11:00,62.5
2025-06-12 21:37:00,81.4
2025-06-12 16:55:00,49.81767540251498
2025-06-12 02:03:00,93.7
2025-06-12 13:51:00,47.8
2025-06-12 01:33:00,86.0
2025-06-12 18:06:00,0.6
2025-06-12 19:23:00,49.81767540251498
2025-06-12 18:35:00,13.1
2025-06-12 08:44:00,23.1
2025-06-12 05:50:00,49.81767540251498
2025-06-12 14:06:00,95.1
2025-06-12 05:42:00,98.3
2025-06-12 00:18:00,60.7
2025-06-12 21:16:00,7.2
2025-06-12 19:24:00,61.6
2025-06-12 01:20:00,46.6
2025-06-12 08:00:00,70.3
2025-06-12 01:25:00,58.1
2025-06-12 12:19:00,81.1
2025-06-12 02:27:00,49.81767540251498
2025-06-12 05:33:00,24.8
2025-06-12 10:55:00,45.4
2025-06-12 18:55:00,63.7
2025-06-12 23:55:00,49.81767540251498
2025-06-12 16:38:00,71.6
2025-06-12 12:58:00,49.81767540251498
2025-06-12 06:22:00,49.81767540251498
2025-06-12 09:21:00,94.4
2025-06-12 17:15:00,48.1
2025-06-12 16:29:00,0.6
2025-06-12 13:35:00,87.0
2025-06-12 20:34:00,92.1
2025-06-12 04:24:00,84.4
2025-06-12 14:36:00,40.7
2025-06-12 00:21:00,24.2
2025-06-12 17:03:00,21.6
2025-06-12 01:54:00,91.9
2025-06-12 16:59:00,34.7
2025-06-12 18:50:00,7.6
2025-06-12 09:13:00,10.8
2025-06-12 23:48:00,35.9
2025-06-12 16:17:00,23.1
2025-06-12 16:04:00,54.8
2025-06-12 20:08:00,89.1
2025-06-12 19:47:00,66.8
2025-06-12 18:00:00,0.4
2025-06-12 10:14:00,23.3
2025-06-12 04:51:00,86.6
2025-06-12 17:49:00,16.7
2025-06-12 05:24:00,93.4
2025-06-12 16:42:00,9.7
2025-06-12 12:01:00,80.0
2025-06-12 12:58:00,55.7
2025-06-12 12:15:00,91.9
2025-06-12 14:24:00,49.81767540251498
2025-06-12 11:12:00,37.3
2025-06-12 23:40:00,61.1
2025-06-12 09:05:00,97.0
2025-06-12 15:48:00,62.2
2025-06-12 17:10:00,49.81767540251498
2025-06-12 01:52:00,51.0
2025-06-12 06:35:00,49.81767540251498
2025-06-12 22:10:00,88.7
2025-06-12 17:46:00,39.0
2025-06-12 23:22:00,79.3
2025-06-12 14:19:00,98.6
2025-06-12 10:10:00,80.5
2025-06-12 11:40:00,29.0
2025-06-12 23:16:00,49.81767540251498
2025-06-12 18:53:00,49.81767540251498
2025-06-12 03:11:00,94.2
2025-06-12 02:08:00,76.4
2025-06-12 10:52:00,49.81767540251498
2025-06-12 13:45:00,56.1
2025-06-12 19:00:00,49.81767540251498
2025-06-12 06:00:00,55.3
2025-06-12 08:48:00,66.0
2025-06-12 11:13:00,49.81767540251498
2025-06-12 23:57:00,23.2
2025-06-12 09:24:00,32.6
2025-06-12 23:27:00,49.81767540251498
2025-06-12 06:37:00,32.6
2025-06-12 00:55:00,36.8
2025-06-12 12:35:00,72.6
2025-06-12 11:15:00,49.81767540251498
2025-06-12 10:49:00,49.9
2025-06-12 21:14:00,67.2
2025-06-12 03:22:00,13.4
2025-06-12 19:23:00,26.6
2025-06-12 19:24:00,52.9
2025-06-12 17:53:00,49.81767540251498
2025-06-12 22:05:00,89.1
2025-06-12 08:30:00,96.2
2025-06-12 13:07:00,83.5
2025-06-12 07:33:00,11.8
2025-06-12 08:24:00,13.9
2025-06-12 03:16:00,0.0
2025-06-12 09:34:00,39.1
2025-06-12 06:21:00,71.6
2025-06-12 10:15:00,97.4
2025-06-12 17:47:00,69.1
2025-06-12 15:05:00,66.2
2025-06-12 13:07:00,49.81767540251498
2025-06-12 20:50:00,47.9
2025-06-12 17:13:00,49.81767540251498
2025-06-12 15:43:00,37.4
2025-06-12 02:27:00,49.81767540251498
2025-06-12 21:54:00,49.81767540251498
2025-06-12 18:10:00,64.2
2025-06-12 04:18:00,16.8
2025-06-12 14:42:00,12.8
2025-06-12 04:03:00,50.0
2025-06-12 23:45:00,77.5
2025-06-12 01:58:00,49.81767540251498
2025-06-12 14:44:00,59.0
2025-06-12 08:50:00,9.0
2025-06-12 06:54:00,74.9
2025-06-12 18:23:00,96.8
2025-06-12 10:41:00,67.6
2025-06-12 13:10:00,64.9
2025-06-12 10:44:00,24.0
2025-06-12 07:32:00,65.7
2025-06-12 21:58:00,49.81767540251498
2025-06-12 17:22:00,10.9
2025-06-12 13:20:00,86.8
2025-06-12 14:09:00,54.9
2025-06-12 08:04:00,14.1
2025-06-12 00:08:00,68.7
2025-06-12 03:52:00,49.791111632270166
2025-06-12 19:00:00,66.4
2025-06-12 17:02:00,94.5
2025-06-12 11:04:00,49.791111632270166
2025-06-12 11:44:00,19.2
2025-06-12 05:43:00,5.3
2025-06-12 01:16:00,16.2
2025-06-12 00:39:00,66.1
2025-06-12 10:17:00,32.6
2025-06-12 18:01:00,72.4
2025-06-12 17:29:00,75.5
2025-06-12 03:48:00,60.8
2025-06-12 20:25:00,49.791111632270166
2025-06-12 12:11:00,73.2
2025-06-12 22:03:00,71.1
2025-06-12 00:32:00,26.3
2025-06-12 20:32:00,53.5
2025-06-12 05:39:00,11.0
2025-06-12 01:02:00,96.9
2025-06-12 21:10:00,44.1
2025-06-12 02:02:00,13.5
2025-06-12 15:38:00,11.1
2025-06-12 23:00:00,88.7
2025-06-12 03:53:00,49.791111632270166
2025-06-12 03:29:00,52.7
2025-06-12 11:59:00,56.7
2025-06-12 23:12:00,6.6
2025-06-12 19:55:00,79.4
2025-06-12 11:33:00,31.0
2025-06-12 09:57:00,46.2
2025-06-12 07:01:00,93.4
2025-06-12 18:18:00,7.0
2025-06-12 12:11:00,3.2
2025-06-12 03:04:00,80.4
2025-06-12 14:11:00,49.791111632270166
2025-06-12 21:14:00,72.2
2025-06-12 21:50:00,62.0
2025-06-12 04:00:00,25.7
2025-06-12 18:36:00,94.9
2025-06-12 20:52:00,1.3
2025-06-12 17:10:00,94.6
2025-06-12 19:47:00,41.5
2025-06-12 19:42:00,49.791111632270166
2025-06-12 14:45:00,78.4
2025-06-12 21:14:00,85.3
2025-06-12 12:35:00,60.3
2025-06-12 17:47:00,46.8
2025-06-12 21:33:00,62.1
2025-06-12 08:40:00,42.6
2025-06-12 20:16:00,97.5
2025-06-12 04:38:00,90.2
2025-06-12 03:20:00,49.791111632270166
2025-06-12 09:42:00,99.8
2025-06-12 12:40:00,53.9
2025-06-12 13:15:00,40.8
2025-06-12 13:47:00,23.9
2025-06-12 16:55:00,49.791111632270166
2025-06-12 18:40:00,27.4
2025-06-12 21:25:00,49.791111632270166
2025-06-12 06:04:00,49.791111632270166
2025-06-12 23:16:00,60.0
2025-06-12 02:58:00,52.6
2025-06-12 11:33:00,2.2
2025-06-12 12:39:00,25.6
2025-06-12 12:44:00,49.791111632270166
2025-06-12 04:09:00,43.1
2025-06-12 14:56:00,94.6
2025-06-12 03:42:00,64.8
2025-06-12 13:59:00,49.791111632270166
2025-06-12 05:22:00,33.5
2025-06-12 03:36:00,49.791111632270166
2025-06-12 10:07:00,7.0
2025-06-12 02:10:00,12.3
2025-06-12 19:36:00,20.7
2025-06-12 13:14:00,35.2
2025-06-12 19:33:00,43.3
2025-06-12 03:19:00,73.5
2025-06-12 20:12:00,40.9
2025-06-12 10:28:00,43.1
2025-06-12 02:04:00,82.3
2025-06-12 12:44:00,54.8
2025-06-12 04:41:00,59.2
2025-06-12 22:57:00,51.9
2025-06-12 13:05:00,47.6
2025-06-12 19:38:00,22.2
2025-06-12 12:09:00,44.5
2025-06-12 16:53:00,35.8
2025-06-12 12:39:00,73.7
2025-06-12 19:57:00,59.1
2025-06-12 11:18:00,68.2
2025-06-12 15:56:00,87.9
2025-06-12 22:53:00,49.791111632270166
2025-06-12 22:36:00,2.6
2025-06-12 00:07:00,78.5
2025-06-12 02:59:00,12.5
2025-06-12 10:20:00,15.2
2025-06-12 00:04:00,10.9
2025-06-12 09:09:00,89.3
2025-06-12 01:40:00,49.791111632270166
2025-06-12 03:09:00,9.3
2025-06-12 22:54:00,4.9
2025-06-12 01:49:00,40.0
2025-06-12 02:13:00,15.7
2025-06-12 08:03:00,49.791111632270166
2025-06-12 05:50:00,14.5
2025-06-12 14:30:00,2.0
2025-06-12 06:43:00,46.3
2025-06-12 06:59:00,3.6
2025-06-12 19:02:00,3.7
2025-06-12 07:10:00,73.2
2025-06-12 01:45:00,8.7
2025-06-12 08:06:00,60.3
2025-06-12 05:01:00,22.9
2025-06-12 06:43:00,69.3
2025-06-12 15:07:00,13.9
2025-06-12 19:40:00,62.0
2025-06-12 23:00:00,33.5
2025-06-12 03:00:00,67.5
2025-06-12 23:01:00,69.4
2025-06-12 06:52:00,2.6
2025-06-12 11:10:00,94.2
2025-06-12 20:09:00,83.9
2025-06-12 11:26:00,61.2
2025-06-12 14:01:00,20.7
2025-06-12 07:34:00,42.5
2025-06-12 17:59:00,59.6
2025-06-12 06:56:00,54.9
2025-06-12 05:41:00,34.9
2025-06-12 21:47:00,95.1
2025-06-12 12:35:00,58.9
2025-06-12 21:08:00,49.791111632270166
2025-06-12 07:34:00,27.4
2025-06-12 16:05:00,67.3
2025-06-12 06:38:00,74.0
2025-06-12 16:21:00,30.4
2025-06-12 21:11:00,16.8
2025-06-12 18:18:00,89.6
2025-06-12 20:39:00,57.8
2025-06-12 07:59:00,65.4
2025-06-12 16:50:00,60.8
2025-06-12 06:18:00,18.7
2025-06-12 13:57:00,16.4
2025-06-12 06:41:00,49.791111632270166
2025-06-12 19:19:00,41.1
2025-06-12 09:24:00,7.2
2025-06-12 05:54:00,19.2
2025-06-12 12:16:00,49.791111632270166
2025-06-12 05:34:00,10.5
2025-06-12 12:59:00,82.6
2025-06-12 07:34:00,33.8
2025-06-12 16:39:00,40.0
2025-06-12 03:08:00,83.1
2025-06-12 10:17:00,28.9
2025-06-12 23:38:00,51.9
2025-06-12 17:30:00,21.2
2025-06-12 01:47:00,75.5
2025-06-12 02:55:00,59.2
2025-06-12 05:18:00,58.0
2025-06-12 08:51:00,54.1
2025-06-12 11:55:00,50.0
2025-06-12 02:52:00,49.791111632270166
2025-06-12 00:38:00,64.8
2025-06-12 04:25:00,77.8
2025-06-12 13:57:00,54.5
2025-06-12 15:06:00,6.0
2025-06-12 08:27:00,49.791111632270166
2025-06-12 04:49:00,61.2
2025-06-12 12:13:00,45.7
2025-06-12 20:17:00,12.7
2025-06-12 23:02:00,67.0
2025-06-12 02:01:00,49.791111632270166
2025-06-12 19:40:00,78.9
2025-06-12 23:14:00,73.9
2025-06-12 19:43:00,63.4
2025-06-12 23:44:00,30.1
2025-06-12 10:23:00,30.5
2025-06-12 02:51:00,33.7
2025-06-12 16:25:00,99.8
2025-06-12 14:57:00,54.2
2025-06-12 19:54:00,28.3
2025-06-12 06:32:00,21.6
2025-06-12 22:08:00,95.5
2025-06-12 00:32:00,24.8
2025-06-12 07:36:00,49.791111632270166
2025-06-12 06:33:00,29.6
2025-06-12 15:17:00,49.791111632270166
2025-06-12 10:35:00,39.4
2025-06-12 00:10:00,14.8
2025-06-12 20:08:00,96.7
2025-06-12 02:28:00,24.0
2025-06-12 00:00:00,99.6
2025-06-12 08:03:00,47.5
2025-06-12 07:37:00,76.9
2025-06-12 06:21:00,46.7
2025-06-12 11:05:00,70.1
2025-06-12 04:47:00,97.8
2025-06-12 06:03:00,79.9
2025-06-12 00:20:00,42.9
2025-06-12 06:21:00,87.0
2025-06-12 11:35:00,31.1
2025-06-12 07:05:00,36.3
2025-06-12 02:51:00,80.6
2025-06-12 06:53:00,49.791111632270166
2025-06-12 18:03:00,84.5
2025-06-12 14:23:00,38.1
2025-06-12 02:54:00,68.0
2025-06-12 06:00:00,72.1
2025-06-12 07:37:00,67.5
2025-06-12 19:23:00,97.0
2025-06-12 16:46:00,49.791111632270166
2025-06-12 17:43:00,49.791111632270166
2025-06-12 04:09:00,47.3
2025-06-12 18:05:00,21.8
2025-06-12 05:40:00,90.5
2025-06-12 13:33:00,49.791111632270166
2025-06-12 13:14:00,38.9
2025-06-12 18:52:00,6.2
2025-06-12 16:09:00,14.2
2025-06-12 03:31:00,19.6
2025-06-12 09:06:00,86.6
2025-06-12 10:37:00,77.7
2025-06-12 22:24:00,39.8
2025-06-12 06:11:00,2.8
2025-06-12 08:17:00,49.791111632270166
2025-06-12 21:32:00,80.5
2025-06-12 01:31:00,46.0
2025-06-12 15:20:00,49.791111632270166
2025-06-12 01:58:00,80.2
2025-06-12 12:43:00,17.6
2025-06-12 19:22:00,98.7
2025-06-12 07:06:00,49.791111632270166
2025-06-12 02:20:00,29.1
2025-06-12 06:41:00,49.791111632270166
2025-06-12 19:41:00,66.7
2025-06-12 05:39:00,90.1
2025-06-12 21:14:00,37.4
2025-06-12 02:08:00,49.791111632270166
2025-06-12 04:34:00,74.3
2025-06-12 02:30:00,49.791111632270166
2025-06-12 04:31:00,95.1
2025-06-12 19:37:00,96.2
2025-06-12 10:15:00,9.7
2025-06-12 18:56:00,66.8
2025-06-12 14:16:00,68.7
2025-06-12 05:56:00,39.5
2025-06-12 17:30:00,37.8
2025-06-12 18:17:00,51.1
2025-06-12 16:31:00,6.5
2025-06-12 13:31:00,49.791111632270166
2025-06-12 23:41:00,82.8
2025-06-12 11:08:00,49.791111632270166
2025-06-12 12:52:00,95.4
2025-06-12 19:53:00,49.791111632270166
2025-06-12 22:22:00,99.8
2025-06-12 16:11:00,69.6
2025-06-12 02:30:00,59.3
2025-06-12 06:56:00,52.9
2025-06-12 22:53:00,2.0
2025-06-12 20:26:00,6.1
2025-06-12 08:38:00,46.3
2025-06-12 06:32:00,22.1
2025-06-12 17:56:00,5.3
2025-06-12 09:43:00,20.7
2025-06-12 22:40:00,49.791111632270166
2025-06-12 10:34:00,44.4
2025-06-12 03:36:00,99.5
2025-06-12 02:21:00,47.8
2025-06-12 19:49:00,76.4
2025-06-12 09:04:00,14.1
2025-06-12 12:21:00,89.8
2025-06-12 21:02:00,53.0
2025-06-12 10:04:00,28.0
2025-06-12 04:25:00,28.0
2025-06-12 09:40:00,2.5
2025-06-12 12:56:00,49.791111632270166
2025-06-12 23:10:00,61.8
2025-06-12 20:43:00,7.9
2025-06-12 10:59:00,1.7
2025-06-12 15:06:00,9.4
2025-06-12 12:46:00,16.1
2025-06-12 08:56:00,33.5
2025-06-12 09:46:00,72.9
2025-06-12 09:05:00,4.5
2025-06-12 15:00:00,63.5
2025-06-12 20:17:00,26.9
2025-06-12 23:23:00,91.3
2025-06-12 07:22:00,70.6
2025-06-12 01:33:00,5.6
2025-06-12 15:31:00,55.3
2025-06-12 16:42:00,97.9
2025-06-12 19:15:00,65.5
2025-06-12 06:01:00,4.8
2025-06-12 23:35:00,59.7
2025-06-12 16:25:00,0.8
2025-06-12 12:08:00,36.0
2025-06-12 16:36:00,98.5
2025-06-12 21:21:00,73.0
2025-06-12 08:13:00,6.6
2025-06-12 07:43:00,77.0
2025-06-12 09:55:00,17.6
2025-06-12 13:10:00,52.4
2025-06-12 15:00:00,20.4
2025-06-12 08:25:00,55.2
2025-06-12 18:30:00,38.6
2025-06-12 03:23:00,94.1
2025-06-12 19:55:00,20.5
2025-06-12 04:55:00,49.6
2025-06-12 07:53:00,88.5
2025-06-12 02:34:00,2.5
2025-06-12 13:01:00,14.4
2025-06-12 16:10:00,29.1
2025-06-12 14:24:00,50.406503298774744
2025-06-12 00:26:00,9.9
2025-06-12 04:16:00,6.6
2025-06-12 23:43:00,5.8
2025-06-12 03:41:00,50.406503298774744
2025-06-12 15:06:00,79.8
2025-06-12 14:46:00,64.5
2025-06-12 10:46:00,56.3
2025-06-12 00:29:00,64.9
2025-06-12 11:11:00,50.406503298774744
2025-06-12 02:19:00,50.406503298774744
2025-06-12 04:35:00,41.3
2025-06-12 00:52:00,50.406503298774744
2025-06-12 01:34:00,50.406503298774744
2025-06-12 04:40:00,78.6
2025-06-12 14:08:00,12.0
2025-06-12 12:35:00,18.0
2025-06-12 19:37:00,50.406503298774744
2025-06-12 19:29:00,68.8
2025-06-12 08:54:00,15.7
2025-06-12 14:31:00,38.8
2025-06-12 00:28:00,9.4
2025-06-12 11:38:00,1.4
2025-06-12 19:58:00,58.7
2025-06-12 07:37:00,41.8
2025-06-12 00:15:00,43.6
2025-06-12 18:59:00,78.5
2025-06-12 02:51:00,49.8
2025-06-12 11:59:00,78.8
2025-06-12 21:50:00,35.5
2025-06-12 07:56:00,50.406503298774744
2025-06-12 16:18:00,3.7
2025-06-12 17:00:00,18.3
2025-06-12 13:49:00,50.406503298774744
2025-06-12 03:46:00,89.8
2025-06-12 03:33:00,44.2
2025-06-12 17:39:00,50.406503298774744
2025-06-12 20:54:00,50.406503298774744
2025-06-12 13:16:00,90.7
2025-06-12 13:33:00,18.6
2025-06-12 06:13:00,18.3
2025-06-12 09:29:00,50.406503298774744
2025-06-12 12:24:00,34.7
2025-06-12 12:00:00,1.1
2025-06-12 07:11:00,50.406503298774744
2025-06-12 20:23:00,38.5
2025-06-12 06:53:00,92.9
2025-06-12 03:43:00,57.1
2025-06-12 09:23:00,30.6
2025-06-12 21:35:00,95.8
2025-06-12 00:59:00,25.9
2025-06-12 01:08:00,50.406503298774744
2025-06-12 06:30:00,50.406503298774744
2025-06-12 02:14:00,60.5
2025-06-12 19:52:00,33.0
2025-06-12 01:52:00,60.5
2025-06-12 03:48:00,50.406503298774744
2025-06-12 21:36:00,50.406503298774744
2025-06-12 15:29:00,50.406503298774744
2025-06-12 15:47:00,95.2
2025-06-12 14:35:00,84.7
2025-06-12 11:01:00,90.6
2025-06-12 03:11:00,65.3
2025-06-12 19:45:00,0.3
2025-06-12 04:36:00,73.9
2025-06-12 02:40:00,50.406503298774744
2025-06-12 23:10:00,69.9
2025-06-12 02:37:00,70.4
2025-06-12 12:36:00,40.7
2025-06-12 18:07:00,11.8
2025-06-12 03:40:00,78.0
2025-06-12 11:11:00,36.4
2025-06-12 11:08:00,2.8
2025-06-12 01:02:00,50.406503298774744
2025-06-12 16:00:00,65.5
2025-06-12 15:50:00,30.2
2025-06-12 07:48:00,50.406503298774744
2025-06-12 22:36:00,19.7
2025-06-12 01:33:00,63.7
2025-06-12 08:59:00,91.8
2025-06-12 21:52:00,50.406503298774744
2025-06-12 11:21:00,82.5
2025-06-12 20:03:00,57.5
2025-06-12 11:22:00,50.406503298774744
2025-06-12 06:30:00,61.9
2025-06-12 08:18:00,65.0
2025-06-12 15:14:00,14.0
2025-06-12 19:17:00,21.9
2025-06-12 17:06:00,50.406503298774744
2025-06-12 23:57:00,86.0
2025-06-12 02:06:00,65.7
2025-06-12 12:39:00,53.4
2025-06-12 05:13:00,68.2
2025-06-12 09:16:00,77.1
2025-06-12 02:06:00,91.1
2025-06-12 21:01:00,48.1
2025-06-12 16:38:00,86.5
2025-06-12 08:52:00,13.8
2025-06-12 15:38:00,51.1
2025-06-12 06:20:00,4.0
2025-06-12 14:26:00,50.406503298774744
2025-06-12 01:15:00,37.7
2025-06-12 04:16:00,56.1
2025-06-12 18:16:00,80.9
2025-06-12 03:15:00,4.0
2025-06-12 04:53:00,35.3
2025-06-12 02:36:00,73.9
2025-06-12 16:23:00,48.5
2025-06-12 14:44:00,15.7
2025-06-12 13:11:00,50.406503298774744
2025-06-12 04:48:00,74.7
2025-06-12 00:35:00,11.4
2025-06-12 07:55:00,64.2
2025-06-12 00:15:00,85.0
2025-06-12 08:36:00,58.9
2025-06-12 21:47:00,75.3
2025-06-12 01:46:00,84.2
2025-06-12 09:18:00,76.1
2025-06-12 06:14:00,81.1
2025-06-12 04:14:00,50.406503298774744
2025-06-12 02:47:00,50.406503298774744
2025-06-12 16:14:00,92.7
2025-06-12 21:47:00,87.4
2025-06-12 14:31:00,52.7
2025-06-12 03:38:00,18.5
2025-06-12 14:18:00,8.7
2025-06-12 12:49:00,15.6
2025-06-12 17:46:00,83.0
2025-06-12 13:24:00,45.7
2025-06-12 21:43:00,83.8
2025-06-12 17:35:00,50.406503298774744
2025-06-12 02:33:00,50.406503298774744
2025-06-12 16:05:00,50.406503298774744
2025-06-12 19:19:00,2.5
2025-06-12 13:45:00,13.1
2025-06-12 22:15:00,37.6
2025-06-12 21:07:00,89.2
2025-06-12 23:15:00,8.2
2025-06-12 22:40:00,99.2
2025-06-12 20:03:00,20.8
2025-06-12 04:32:00,73.1
2025-06-12 14:34:00,50.406503298774744
2025-06-12 08:03:00,13.4
2025-06-12 01:06:00,10.7
2025-06-12 03:57:00,27.5
2025-06-12 02:36:00,0.3
2025-06-12 20:00:00,5.0
2025-06-12 11:41:00,90.6
2025-06-12 14:58:00,23.3
2025-06-12 02:59:00,13.6
2025-06-12 16:10:00,42.8
2025-06-12 05:41:00,74.9
2025-06-12 13:34:00,45.4
2025-06-12 23:32:00,3.3
2025-06-12 01:00:00,31.1
2025-06-12 02:07:00,32.9
2025-06-12 16:33:00,21.9
2025-06-12 16:06:00,37.8
2025-06-12 20:24:00,16.7
2025-06-12 04:29:00,14.5
2025-06-12 12:44:00,50.406503298774744
2025-06-12 14:19:00,91.1
2025-06-12 17:30:00,76.7
2025-06-12 14:42:00,15.2
2025-06-12 08:00:00,21.7
2025-06-12 09:23:00,50.406503298774744
2025-06-12 14:20:00,17.6
2025-06-12 20:00:00,50.406503298774744
2025-06-12 15:31:00,0.1
2025-06-12 19:55:00,88.7
2025-06-12 11:28:00,50.406503298774744
2025-06-12 05:50:00,7.3
2025-06-12 08:23:00,64.9
2025-06-12 21:44:00,50.406503298774744
2025-06-12 14:11:00,80.4
2025-06-12 09:06:00,31.1
2025-06-12 06:12:00,80.0
2025-06-12 00:38:00,27.0
2025-06-12 15:46:00,50.406503298774744
2025-06-12 07:57:00,12.3
2025-06-12 02:39:00,53.5
2025-06-12 06:15:00,58.9
2025-06-12 19:04:00,46.3
2025-06-12 23:44:00,61.2
2025-06-12 00:49:00,22.6
2025-06-12 13:14:00,23.4
2025-06-12 01:37:00,30.3
2025-06-12 22:27:00,14.6
2025-06-12 17:57:00,23.7
2025-06-12 18:34:00,48.1
2025-06-12 04:51:00,31.6
2025-06-12 18:49:00,50.406503298774744
2025-06-12 03:05:00,28.8
2025-06-12 23:47:00,50.406503298774744
2025-06-12 09:14:00,50.406503298774744
2025-06-12 14:41:00,92.7
2025-06-12 16:21:00,52.3
2025-06-12 07:16:00,78.2
2025-06-12 19:20:00,78.3
2025-06-12 04:00:00,95.4
2025-06-12 06:12:00,70.3
2025-06-12 14:50:00,79.5
2025-06-12 18:40:00,2.5
2025-06-12 18:15:00,79.0
2025-06-12 02:48:00,45.1
2025-06-12 13:28:00,4.5
2025-06-12 11:32:00,20.6
2025-06-12 21:17:00,35.7
2025-06-12 22:23:00,45.4
2025-06-12 09:10:00,33.8
2025-06-12 13:26:00,99.2
2025-06-12 05:15:00,39.6
2025-06-12 23:34:00,21.0
2025-06-12 23:22:00,50.406503298774744
2025-06-12 08:18:00,42.2
2025-06-12 07:28:00,50.406503298774744
2025-06-12 11:13:00,76.6
2025-06-12 21:35:00,5.0
2025-06-12 22:17:00,57.3
2025-06-12 07:44:00,50.406503298774744
2025-06-12 20:55:00,67.9
2025-06-12 10:57:00,69.6
2025-06-12 22:16:00,83.6
2025-06-12 03:06:00,30.0
2025-06-12 11:32:00,90.2
2025-06-12 15:40:00,50.406503298774744
2025-06-12 21:03:00,49.1
2025-06-12 20:20:00,42.1
2025-06-12 09:22:00,50.0
2025-06-12 17:46:00,1.2
2025-06-12 14:21:00,6.1
2025-06-12 11:54:00,69.3
2025-06-12 18:25:00,51.0
2025-06-12 21:46:00,1.3
2025-06-12 00:34:00,47.8
2025-06-12 08:39:00,78.5
2025-06-12 19:57:00,42.9
2025-06-12 06:39:00,60.8
2025-06-12 20:51:00,28.3
2025-06-12 01:33:00,34.5
2025-06-12 16:21:00,77.1
2025-06-12 19:15:00,77.6
2025-06-12 09:53:00,65.7
2025-06-12 08:03:00,66.4
2025-06-12 14:04:00,74.4
2025-06-12 01:14:00,19.7
2025-06-12 22:55:00,81.2
2025-06-12 00:13:00,21.4
2025-06-12 02:20:00,15.2
2025-06-12 00:24:00,99.7
2025-06-12 08:35:00,8.2
2025-06-12 18:14:00,81.8
2025-06-12 04:41:00,49.0
2025-06-12 23:53:00,76.7
2025-06-12 12:52:00,50.406503298774744
2025-06-12 21:46:00,4.0
2025-06-12 19:44:00,48.3
2025-06-12 14:07:00,99.7
2025-06-12 04:05:00,93.2
2025-06-12 04:38:00,50.406503298774744
2025-06-12 10:48:00,97.8
2025-06-12 10:31:00,50.406503298774744
2025-06-12 13:31:00,50.406503298774744
2025-06-12 05:03:00,21.8
2025-06-12 12:56:00,46.2
2025-06-12 11:48:00,77.5
2025-06-12 05:41:00,87.4
2025-06-12 06:08:00,50.406503298774744
2025-06-12 12:20:00,62.4
2025-06-12 22:48:00,22.0
2025-06-12 12:44:00,81.9
2025-06-12 17:42:00,13.4
2025-06-12 07:54:00,35.9
2025-06-12 18:25:00,50.406503298774744
2025-06-12 04:04:00,23.1
2025-06-12 02:49:00,73.7
2025-06-12 00:36:00,71.1
2025-06-12 03:31:00,10.1
2025-06-12 15:46:00,50.406503298774744
2025-06-12 21:50:00,30.8
2025-06-12 20:51:00,11.5
2025-06-12 04:37:00,28.5
2025-06-12 12:49:00,11.7
2025-06-12 11:26:00,35.3
2025-06-12 13:04:00,95.6
2025-06-12 12:47:00,46.3
2025-06-12 18:00:00,77.9
2025-06-12 05:18:00,79.3
2025-06-12 06:55:00,70.3
2025-06-12 18:07:00,34.3
2025-06-12 21:36:00,73.2
2025-06-12 07:12:00,92.7
2025-06-12 22:55:00,56.7
2025-06-12 18:33:00,85.0
2025-06-12 08:12:00,21.0
2025-06-12 22:09:00,77.8
2025-06-12 05:55:00,24.8
2025-06-12 12:26:00,85.0
2025-06-12 22:00:00,89.7
2025-06-12 18:11:00,33.3
2025-06-12 08:48:00,42.0
2025-06-12 07:08:00,61.8
2025-06-12 03:19:00,10.3
2025-06-12 17:32:00,98.8
2025-06-12 06:25:00,24.9
2025-06-12 19:46:00,73.9
2025-06-12 06:37:00,12.0
2025-06-12 05:05:00,14.4
2025-06-12 11:48:00,67.2
2025-06-12 00:24:00,75.4
2025-06-12 04:13:00,19.6
2025-06-12 18:40:00,24.3
2025-06-12 20:05:00,11.7
2025-06-12 04:05:00,92.4
2025-06-12 14:06:00,41.9
2025-06-12 19:37:00,6.2
2025-06-12 04:45:00,61.3
2025-06-12 22:35:00,13.1
2025-06-12 10:04:00,75.4
2025-06-12 13:40:00,50.406503298774744
2025-06-12 17:10:00,33.8
2025-06-12 14:38:00,70.5
2025-06-12 19:07:00,50.406503298774744
2025-06-12 10:32:00,29.6
2025-06-12 03:23:00,31.5
2025-06-12 13:24:00,47.2
2025-06-12 09:25:00,50.406503298774744
2025-06-12 20:02:00,50.406503298774744
2025-06-12 04:25:00,16.6
2025-06-12 01:20:00,55.5
2025-06-12 01:54:00,70.5
2025-06-12 03:26:00,16.2
2025-06-12 02:29:00,80.8
2025-06-12 19:07:00,40.8
2025-06-12 06:06:00,36.7
2025-06-12 18:10:00,2.2
2025-06-12 00:54:00,56.0
2025-06-12 13:49:00,50.406503298774744
2025-06-12 04:18:00,50.406503298774744
2025-06-12 13:44:00,72.7
2025-06-12 19:28:00,56.1
2025-06-12 20:58:00,7.3
2025-06-12 06:40:00,20.3
2025-06-12 05:36:00,36.3
2025-06-12 10:55:00,79.9
2025-06-12 16:20:00,30.9
2025-06-12 09:19:00,94.5
2025-06-12 19:35:00,92.9
2025-06-12 23:58:00,49.4
2025-06-12 07:18:00,68.0
2025-06-12 22:31:00,59.9
2025-06-12 14:05:00,60.9
2025-06-12 13:12:00,5.4
2025-06-12 19:50:00,6.0
2025-06-12 21:52:00,67.5
2025-06-12 17:25:00,34.6
2025-06-12 09:14:00,25.7
2025-06-12 07:42:00,79.0
2025-06-12 10:16:00,73.4
2025-06-12 15:41:00,50.3160582227961
2025-06-12 03:59:00,8.5
2025-06-12 07:29:00,43.5
2025-06-12 13:20:00,50.3160582227961
2025-06-12 14:53:00,7.4
2025-06-12 00:13:00,29.6
2025-06-12 04:18:00,66.6
2025-06-12 06:24:00,66.4
2025-06-12 12:53:00,50.3160582227961
2025-06-12 00:39:00,50.3160582227961
2025-06-12 23:27:00,88.6
2025-06-12 09:14:00,50.3160582227961
2025-06-12 01:42:00,58.7
2025-06-12 00:25:00,69.6
2025-06-12 23:46:00,20.0
2025-06-12 20:35:00,93.4
2025-06-12 17:41:00,50.3160582227961
2025-06-12 12:51:00,26.9
2025-06-12 15:28:00,84.9
2025-06-12 08:56:00,50.3160582227961
2025-06-12 23:59:00,50.3160582227961
2025-06-12 12:06:00,73.1
2025-06-12 10:38:00,99.9
2025-06-12 10:27:00,22.6
2025-06-12 00:06:00,3.6
2025-06-12 05:57:00,25.9
2025-06-12 10:22:00,73.0
2025-06-12 09:07:00,74.9
2025-06-12 01:04:00,21.8
2025-06-12 19:39:00,96.3
2025-06-12 13:20:00,5.1
2025-06-12 08:03:00,89.9
2025-06-12 04:37:00,64.2
2025-06-12 20:16:00,15.3
2025-06-12 22:12:00,80.8
2025-06-12 18:50:00,86.8
2025-06-12 14:16:00,50.3160582227961
2025-06-12 06:33:00,28.7
2025-06-12 05:19:00,78.4
2025-06-12 13:24:00,50.3160582227961
2025-06-12 14:13:00,50.3160582227961
2025-06-12 21:00:00,51.4
2025-06-12 12:16:00,38.9
2025-06-12 16:54:00,55.7
2025-06-12 19:57:00,2.1
2025-06-12 06:52:00,50.3160582227961
2025-06-12 13:56:00,50.3160582227961
2025-06-12 19:02:00,3.0
2025-06-12 07:31:00,84.4
2025-06-12 12:22:00,4.9
2025-06-12 15:12:00,70.0
2025-06-12 00:14:00,15.2
2025-06-12 02:35:00,89.8
2025-06-12 20:44:00,33.9
2025-06-12 07:16:00,0.2
2025-06-12 21:05:00,48.2
2025-06-12 12:37:00,55.4
2025-06-12 08:32:00,50.3160582227961
2025-06-12 19:34:00,89.6
2025-06-12 14:22:00,87.6
2025-06-12 19:20:00,24.3
2025-06-12 01:49:00,34.8
2025-06-12 02:57:00,60.4
2025-06-12 07:02:00,97.0
2025-06-12 19:56:00,55.3
2025-06-12 21:19:00,99.4
2025-06-12 12:27:00,22.8
2025-06-12 18:57:00,50.3160582227961
2025-06-12 04:04:00,50.3160582227961
2025-06-12 15:13:00,71.8
2025-06-12 08:54:00,1.7
2025-06-12 00:43:00,2.3
2025-06-12 09:57:00,26.2
2025-06-12 06:54:00,16.9
2025-06-12 22:15:00,13.3
2025-06-12 00:55:00,0.2
2025-06-12 19:22:00,70.9
2025-06-12 06:20:00,47.2
2025-06-12 14:16:00,5.9
2025-06-12 07:52:00,66.9
2025-06-12 22:28:00,85.8
2025-06-12 16:13:00,92.1
2025-06-12 12:09:00,58.9
2025-06-12 21:24:00,99.9
2025-06-12 22:05:00,61.7
2025-06-12 07:55:00,25.1
2025-06-12 07:05:00,40.2
2025-06-12 15:36:00,75.9
2025-06-12 19:47:00,43.4
2025-06-12 00:32:00,96.8
2025-06-12 05:24:00,54.6
2025-06-12 04:43:00,42.5
2025-06-12 21:02:00,0.8
2025-06-12 20:53:00,65.0
2025-06-12 14:13:00,83.8
2025-06-12 01:11:00,65.2
2025-06-12 21:05:00,50.3160582227961
2025-06-12 11:40:00,21.6
2025-06-12 19:06:00,4.1
2025-06-12 10:28:00,46.1
2025-06-12 03:30:00,54.4
2025-06-12 17:55:00,27.9
2025-06-12 02:06:00,50.3160582227961
2025-06-12 19:29:00,50.3160582227961
2025-06-12 22:41:00,45.1
2025-06-12 10:15:00,31.2
2025-06-12 06:49:00,56.7
2025-06-12 01:23:00,70.7
2025-06-12 07:49:00,46.0
2025-06-12 01:58:00,48.0
2025-06-12 01:28:00,80.1
2025-06-12 14:35:00,50.3160582227961
2025-06-12 08:23:00,8.7
2025-06-12 13:11:00,19.6
2025-06-12 18:24:00,2.4
2025-06-12 02:26:00,44.1
2025-06-12 19:38:00,80.3
2025-06-12 15:30:00,50.3160582227961
2025-06-12 22:59:00,78.2
2025-06-12 03:57:00,31.2
2025-06-12 11:08:00,44.4
2025-06-12 21:57:00,20.5
2025-06-12 16:08:00,50.3160582227961
2025-06-12 15:54:00,77.6
2025-06-12 18:44:00,55.4
2025-06-12 20:56:00,85.6
2025-06-12 20:29:00,50.3160582227961
2025-06-12 14:44:00,19.7
2025-06-12 15:38:00,46.1
2025-06-12 20:15:00,88.0
2025-06-12 23:30:00,95.9
2025-06-12 00:28:00,50.3160582227961
2025-06-12 11:09:00,70.1
2025-06-12 04:45:00,98.5
2025-06-12 05:30:00,19.9
2025-06-12 20:07:00,95.0
2025-06-12 10:01:00,50.3160582227961
2025-06-12 16:55:00,50.3160582227961
2025-06-12 05:25:00,90.6
2025-06-12 17:11:00,7.8
2025-06-12 06:44:00,34.2
2025-06-12 23:48:00,1.2
2025-06-12 04:15:00,50.3160582227961
2025-06-12 06:14:00,58.2
2025-06-12 14:43:00,46.9
2025-06-12 11:43:00,50.3160582227961
2025-06-12 21:26:00,96.4
2025-06-12 02:19:00,68.6
2025-06-12 08:02:00,89.0
2025-06-12 09:32:00,51.9
2025-06-12 05:21:00,18.5
2025-06-12 00:13:00,80.6
2025-06-12 09:44:00,30.1
2025-06-12 20:39:00,98.6
2025-06-12 05:03:00,89.6
2025-06-12 22:14:00,16.2
2025-06-12 22:05:00,40.9
2025-06-12 20:21:00,2.2
2025-06-12 22:12:00,68.4
2025-06-12 19:05:00,96.1
2025-06-12 16:25:00,71.0
2025-06-12 02:42:00,92.1
2025-06-12 22:52:00,64.4
2025-06-12 03:53:00,7.1
2025-06-12 20:58:00,3.5
2025-06-12 21:48:00,32.4
2025-06-12 12:34:00,33.7
2025-06-12 19:25:00,3.9
2025-06-12 04:38:00,50.3160582227961
2025-06-12 17:09:00,7.9
2025-06-12 19:36:00,33.8
2025-06-12 13:48:00,26.4
2025-06-12 10:46:00,3.8
2025-06-12 13:58:00,45.7
2025-06-12 11:35:00,50.3160582227961
2025-06-12 05:50:00,41.6
2025-06-12 23:48:00,75.1
2025-06-12 06:07:00,50.3160582227961
2025-06-12 10:02:00,77.4
2025-06-12 10:47:00,50.3160582227961
2025-06-12 01:01:00,98.2
2025-06-12 12:30:00,20.0
2025-06-12 04:42:00,20.0
2025-06-12 21:23:00,50.3160582227961
2025-06-12 23:32:00,6.8
2025-06-12 09:35:00,98.2
2025-06-12 10:51:00,53.5
2025-06-12 23:15:00,11.1
2025-06-12 01:06:00,88.1
2025-06-12 10:07:00,16.6
2025-06-12 01:59:00,88.5
2025-06-12 18:34:00,89.8
2025-06-12 14:51:00,94.6
2025-06-12 15:55:00,66.5
2025-06-12 03:47:00,25.4
2025-06-12 16:16:00,63.1
2025-06-12 09:56:00,63.8
2025-06-12 14:37:00,32.3
2025-06-12 18:13:00,50.3160582227961
2025-06-12 17:15:00,88.2
2025-06-12 20:15:00,10.2
2025-06-12 03:31:00,39.9
2025-06-12 15:03:00,85.9
2025-06-12 20:27:00,93.6
2025-06-12 02:45:00,81.0
2025-06-12 20:13:00,18.5
2025-06-12 10:32:00,45.8
2025-06-12 12:24:00,47.1
2025-06-12 18:57:00,5.9
2025-06-12 04:11:00,55.7
2025-06-12 06:45:00,39.7
2025-06-12 20:05:00,88.6
2025-06-12 21:06:00,50.3160582227961
2025-06-12 23:56:00,11.8
2025-06-12 08:31:00,46.2
2025-06-12 13:29:00,25.1
2025-06-12 19:07:00,93.0
2025-06-12 10:22:00,50.3160582227961
2025-06-12 23:50:00,47.1
2025-06-12 08:13:00,71.6
2025-06-12 00:26:00,65.1
2025-06-12 06:13:00,96.8
2025-06-12 10:13:00,78.2
2025-06-12 01:27:00,27.9
2025-06-12 23:12:00,95.7
2025-06-12 02:28:00,3.0
2025-06-12 18:06:00,61.5
2025-06-12 14:46:00,8.7
2025-06-12 09:13:00,30.7
2025-06-12 05:25:00,4.4
2025-06-12 05:40:00,74.8
2025-06-12 04:54:00,27.7
2025-06-12 15:13:00,55.5
2025-06-12 20:48:00,37.1
2025-06-12 17:47:00,50.3
2025-06-12 12:08:00,73.4
2025-06-12 05:32:00,50.3160582227961
2025-06-12 11:21:00,62.7
2025-06-12 14:29:00,47.8
2025-06-12 00:12:00,78.8
2025-06-12 16:06:00,47.4
2025-06-12 08:22:00,39.7
2025-06-12 13:18:00,96.7
2025-06-12 03:09:00,52.4
2025-06-12 05:00:00,83.6
2025-06-12 17:44:00,70.1
2025-06-12 20:12:00,35.9
2025-06-12 04:00:00,28.0
2025-06-12 06:38:00,35.2
2025-06-12 07:15:00,5.6
2025-06-12 14:18:00,45.4
2025-06-12 08:28:00,83.2
2025-06-12 08:28:00,57.9
2025-06-12 12:17:00,13.9
2025-06-12 05:20:00,50.3160582227961
2025-06-12 04:35:00,35.9
2025-06-12 23:40:00,52.6
2025-06-12 08:52:00,38.8
2025-06-12 23:16:00,80.9
2025-06-12 14:10:00,27.4
2025-06-12 08:17:00,1.0
2025-06-12 09:37:00,56.9
2025-06-12 03:45:00,93.7
2025-06-12 05:30:00,50.3160582227961
2025-06-12 11:20:00,50.4
2025-06-12 12:29:00,18.0
2025-06-12 20:31:00,63.6
2025-06-12 05:39:00,91.6
2025-06-12 11:52:00,86.2
2025-06-12 20:11:00,50.3160582227961
2025-06-12 12:01:00,30.8
2025-06-12 01:21:00,82.3
2025-06-12 06:43:00,7.6
2025-06-12 03:46:00,86.8
2025-06-12 14:24:00,76.9
2025-06-12 03:11:00,49.3
2025-06-12 09:23:00,36.6
2025-06-12 02:48:00,78.9
2025-06-12 23:12:00,67.4
2025-06-12 21:55:00,77.3
2025-06-12 14:58:00,26.4
2025-06-12 21:04:00,14.0
2025-06-12 21:12:00,32.7
2025-06-12 21:08:00,47.1
2025-06-12 12:23:00,87.6
2025-06-12 14:07:00,67.4
2025-06-12 08:22:00,78.1
2025-06-12 05:48:00,51.6
2025-06-12 08:30:00,37.5
2025-06-12 20:25:00,86.7
2025-06-12 08:56:00,78.2
2025-06-12 23:55:00,86.7
2025-06-12 17:25:00,56.1
2025-06-12 14:08:00,33.4
2025-06-12 23:51:00,55.9
2025-06-12 04:55:00,56.3
2025-06-12 09:31:00,50.3160582227961
2025-06-12 03:08:00,64.5
2025-06-12 21:08:00,84.4
2025-06-12 02:55:00,50.3160582227961
2025-06-12 14:29:00,57.9
2025-06-12 15:56:00,88.5
2025-06-12 19:06:00,51.6
2025-06-12 04:53:00,89.1
2025-06-12 05:57:00,50.3160582227961
2025-06-12 10:13:00,83.9
2025-06-12 19:22:00,50.3160582227961
2025-06-12 10:03:00,40.1
2025-06-12 00:50:00,30.8
2025-06-12 18:11:00,36.4
2025-06-12 06:59:00,42.5
2025-06-12 15:50:00,27.1
2025-06-12 22:17:00,1.0
2025-06-12 12:52:00,74.5
2025-06-12 08:44:00,24.8
2025-06-12 06:44:00,13.8
2025-06-12 09:10:00,99.6
2025-06-12 22:44:00,83.7
2025-06-12 20:56:00,77.9
2025-06-12 14:03:00,72.5
2025-06-12 06:16:00,89.5
2025-06-12 16:27:00,35.7
2025-06-12 08:04:00,21.1
2025-06-12 13:24:00,78.2
2025-06-12 17:41:00,53.7
2025-06-12 17:13:00,78.2
2025-06-12 11:37:00,42.7
2025-06-12 09:53:00,92.3
2025-06-12 18:22:00,20.3
2025-06-12 05:45:00,16.9
2025-06-12 03:49:00,24.1
2025-06-12 18:26:00,35.0
2025-06-12 16:40:00,86.6
2025-06-12 04:00:00,19.1
2025-06-12 21:47:00,75.7
2025-06-12 06:00:00,33.4
2025-06-12 13:41:00,37.7
2025-06-12 18:57:00,23.1
2025-06-12 10:59:00,60.8
2025-06-12 09:11:00,82.2
2025-06-12 16:37:00,53.3
2025-06-12 10:44:00,50.04954009433962
2025-06-12 20:33:00,4.3
2025-06-12 14:43:00,87.4
2025-06-12 16:58:00,5.8
2025-06-12 22:16:00,97.1
2025-06-12 16:48:00,27.4
2025-06-12 16:26:00,21.3
2025-06-12 19:28:00,94.4
2025-06-12 22:59:00,27.4
2025-06-12 14:48:00,50.04954009433962
2025-06-12 03:55:00,11.9
2025-06-12 05:50:00,96.8
2025-06-12 05:15:00,75.6
2025-06-12 07:15:00,82.4
2025-06-12 03:34:00,36.3
2025-06-12 23:07:00,76.4
2025-06-12 22:57:00,30.2
2025-06-12 08:41:00,72.7
2025-06-12 09:52:00,76.6
2025-06-12 09:47:00,50.04954009433962
2025-06-12 02:03:00,94.3
2025-06-12 01:07:00,24.7
2025-06-12 23:05:00,94.6
2025-06-12 23:49:00,75.5
2025-06-12 07:43:00,4.4
2025-06-12 13:28:00,96.8
2025-06-12 01:57:00,50.04954009433962
2025-06-12 08:41:00,8.4
2025-06-12 04:20:00,74.1
2025-06-12 10:01:00,69.7
2025-06-12 14:40:00,14.5
2025-06-12 13:50:00,5.1
2025-06-12 02:09:00,31.9
2025-06-12 15:41:00,15.4
2025-06-12 07:17:00,79.9
2025-06-12 18:11:00,33.9
2025-06-12 18:03:00,49.9
2025-06-12 06:13:00,60.5
2025-06-12 21:53:00,98.9
2025-06-12 18:04:00,42.1
2025-06-12 17:46:00,24.2
2025-06-12 15:55:00,50.04954009433962
2025-06-12 11:16:00,10.6
2025-06-12 02:22:00,61.5
2025-06-12 01:43:00,19.2
2025-06-12 15:38:00,50.04954009433962
2025-06-12 22:27:00,10.3
2025-06-12 17:48:00,66.7
2025-06-12 15:58:00,20.5
2025-06-12 08:07:00,58.6
2025-06-12 09:27:00,14.6
2025-06-12 07:18:00,47.1
2025-06-12 22:35:00,34.0
2025-06-12 14:51:00,79.6
2025-06-12 12:54:00,2.5
2025-06-12 05:50:00,50.04954009433962
2025-06-12 05:30:00,15.8
2025-06-12 15:00:00,68.9
2025-06-12 08:24:00,50.04954009433962
2025-06-12 05:06:00,33.7
2025-06-12 02:42:00,67.1
2025-06-12 03:41:00,50.04954009433962
2025-06-12 03:52:00,38.9
2025-06-12 04:28:00,50.04954009433962
2025-06-12 16:45:00,89.1
2025-06-12 12:21:00,4.9
2025-06-12 05:59:00,97.3
2025-06-12 23:31:00,50.04954009433962
2025-06-12 20:52:00,78.0
2025-06-12 03:47:00,78.2
2025-06-12 04:13:00,90.9
2025-06-12 03:56:00,31.2
2025-06-12 13:43:00,40.6
2025-06-12 12:04:00,45.8
2025-06-12 23:55:00,91.2
2025-06-12 20:04:00,45.1
2025-06-12 07:34:00,92.5
2025-06-12 06:01:00,88.5
2025-06-12 12:03:00,50.04954009433962
2025-06-12 12:21:00,54.8
2025-06-12 21:13:00,16.7
2025-06-12 01:55:00,22.6
2025-06-12 14:19:00,49.0
2025-06-12 05:55:00,54.0
2025-06-12 14:24:00,77.3
2025-06-12 14:31:00,80.7
2025-06-12 16:44:00,55.1
2025-06-12 14:48:00,49.3
2025-06-12 04:10:00,50.04954009433962
2025-06-12 03:56:00,52.4
2025-06-12 19:58:00,53.7
2025-06-12 10:09:00,61.7
2025-06-12 14:08:00,35.6
2025-06-12 22:08:00,55.7
2025-06-12 08:45:00,0.4
2025-06-12 00:46:00,50.6
2025-06-12 22:27:00,42.3
2025-06-12 14:05:00,19.1
2025-06-12 07:31:00,96.9
2025-06-12 23:16:00,82.4
2025-06-12 22:12:00,66.5
2025-06-12 11:03:00,8.0
2025-06-12 05:03:00,98.1
2025-06-12 13:11:00,90.1
2025-06-12 23:20:00,58.1
2025-06-12 00:37:00,9.7
2025-06-12 06:11:00,1.9
2025-06-12 07:14:00,53.5
2025-06-12 01:34:00,94.6
2025-06-12 02:46:00,18.7
2025-06-12 02:36:00,50.04954009433962
2025-06-12 01:46:00,98.5
2025-06-12 10:25:00,50.04954009433962
2025-06-12 04:37:00,36.0
2025-06-12 00:43:00,42.3
2025-06-12 02:14:00,12.5
2025-06-12 00:02:00,29.4
2025-06-12 08:09:00,50.04954009433962
2025-06-12 17:52:00,78.9
2025-06-12 07:56:00,94.3
2025-06-12 00:24:00,86.3
2025-06-12 05:28:00,50.04954009433962
2025-06-12 03:33:00,32.5
2025-06-12 06:04:00,50.04954009433962
2025-06-12 01:20:00,50.04954009433962
2025-06-12 19:55:00,91.7
2025-06-12 13:34:00,38.9
2025-06-12 20:20:00,31.9
2025-06-12 05:17:00,58.6
2025-06-12 07:43:00,50.1
2025-06-12 05:23:00,35.6
2025-06-12 09:30:00,86.7
2025-06-12 16:06:00,1.8
2025-06-12 19:49:00,96.6
2025-06-12 10:23:00,32.5
2025-06-12 11:26:00,77.2
2025-06-12 08:36:00,80.8
2025-06-12 00:31:00,34.6
2025-06-12 23:12:00,47.3
2025-06-12 21:12:00,21.7
2025-06-12 12:53:00,31.7
2025-06-12 08:29:00,24.5
2025-06-12 17:09:00,2.2
2025-06-12 19:21:00,87.5
2025-06-12 01:32:00,19.5
2025-06-12 10:47:00,52.5
2025-06-12 02:38:00,72.3
2025-06-12 23:30:00,9.4
2025-06-12 03:08:00,40.9
2025-06-12 11:06:00,89.6
2025-06-12 16:39:00,34.1
2025-06-12 09:06:00,67.4
2025-06-12 21:50:00,98.2
2025-06-12 03:45:00,60.7
2025-06-12 18:20:00,75.4
2025-06-12 00:41:00,42.8
2025-06-12 07:03:00,56.5
2025-06-12 18:17:00,54.1
2025-06-12 15:40:00,44.0
2025-06-12 07:31:00,84.0
2025-06-12 06:45:00,46.7
2025-06-12 17:59:00,96.2
2025-06-12 01:25:00,97.2
2025-06-12 08:00:00,17.9
2025-06-12 22:51:00,50.04954009433962
2025-06-12 09:40:00,9.7
2025-06-12 21:10:00,97.1
2025-06-12 20:41:00,60.7
2025-06-12 15:11:00,6.4
2025-06-12 22:30:00,58.8
2025-06-12 13:09:00,82.5
2025-06-12 21:44:00,59.0
2025-06-12 04:52:00,70.9
2025-06-12 00:41:00,99.7
2025-06-12 00:48:00,25.1
2025-06-12 07:14:00,46.4
2025-06-12 13:29:00,65.3
2025-06-12 09:16:00,82.7
2025-06-12 12:16:00,21.9
2025-06-12 20:36:00,50.04954009433962
2025-06-12 06:39:00,69.4
2025-06-12 07:48:00,6.6
2025-06-12 15:36:00,91.8
2025-06-12 07:31:00,50.04954009433962
2025-06-12 20:24:00,97.5
2025-06-12 20:18:00,56.4
2025-06-12 04:56:00,80.2
2025-06-12 07:10:00,50.04954009433962
2025-06-12 23:19:00,25.1
2025-06-12 09:58:00,68.1
2025-06-12 07:33:00,36.1
2025-06-12 02:40:00,0.1
2025-06-12 21:42:00,50.04954009433962
2025-06-12 03:48:00,48.5
2025-06-12 10:45:00,32.0
2025-06-12 16:01:00,76.3
2025-06-12 10:15:00,26.1
2025-06-12 11:42:00,98.9
2025-06-12 04:39:00,44.8
2025-06-12 14:03:00,35.9
2025-06-12 03:56:00,50.04954009433962
2025-06-12 11:34:00,15.6
2025-06-12 15:49:00,20.7
2025-06-12 11:34:00,73.2
2025-06-12 23:22:00,50.04954009433962
2025-06-12 19:54:00,50.04954009433962
2025-06-12 08:02:00,64.4
2025-06-12 08:04:00,34.9
2025-06-12 05:20:00,86.0
2025-06-12 17:09:00,50.04954009433962
2025-06-12 09:07:00,19.5
2025-06-12 06:17:00,33.9
2025-06-12 00:15:00,57.7
2025-06-12 21:13:00,8.4
2025-06-12 12:20:00,85.6
2025-06-12 00:14:00,50.04954009433962
2025-06-12 21:19:00,58.4
2025-06-12 17:45:00,50.04954009433962
2025-06-12 21:48:00,31.0
2025-06-12 06:55:00,59.8
2025-06-12 05:28:00,54.9
2025-06-12 06:51:00,57.6
2025-06-12 12:49:00,9.8
2025-06-12 22:57:00,91.0
2025-06-12 07:02:00,65.7
2025-06-12 21:06:00,50.04954009433962
2025-06-12 07:26:00,7.1
2025-06-12 14:37:00,42.6
2025-06-12 09:02:00,84.9
2025-06-12 18:45:00,41.3
2025-06-12 11:54:00,36.1
2025-06-12 10:20:00,77.8
2025-06-12 07:59:00,20.1
2025-06-12 14:42:00,76.4
2025-06-12 07:06:00,34.4
2025-06-12 02:53:00,30.8
2025-06-12 15:07:00,97.5
2025-06-12 04:00:00,82.2
2025-06-12 03:25:00,41.4
2025-06-12 17:48:00,62.5
2025-06-12 09:29:00,83.0
2025-06-12 14:36:00,59.0
2025-06-12 20:09:00,46.4
2025-06-12 22:47:00,18.5
2025-06-12 10:13:00,85.3
2025-06-12 00:53:00,74.8
2025-06-12 18:59:00,42.8
2025-06-12 23:44:00,50.04954009433962
2025-06-12 14:27:00,34.9
2025-06-12 15:24:00,61.7
2025-06-12 15:47:00,50.04954009433962
2025-06-12 16:15:00,61.9
2025-06-12 07:27:00,50.04954009433962
2025-06-12 06:18:00,5.2
2025-06-12 19:41:00,2.4
2025-06-12 07:20:00,30.6
2025-06-12 16:48:00,95.2
2025-06-12 09:28:00,26.9
2025-06-12 05:47:00,50.04954009433962
2025-06-12 13:41:00,2.2
2025-06-12 21:47:00,11.8
2025-06-12 14:23:00,21.3
2025-06-12 06:05:00,32.6
2025-06-12 19:57:00,51.6
2025-06-12 21:51:00,50.04954009433962
2025-06-12 09:05:00,11.0
2025-06-12 08:50:00,50.04954009433962
2025-06-12 02:12:00,39.7
2025-06-12 19:55:00,57.0
2025-06-12 20:58:00,27.4
2025-06-12 19:39:00,26.6
2025-06-12 15:14:00,50.04954009433962
2025-06-12 21:51:00,32.2
2025-06-12 10:02:00,31.8
2025-06-12 05:20:00,7.9
2025-06-12 20:16:00,77.4
2025-06-12 06:39:00,31.1
2025-06-12 02:03:00,18.4
2025-06-12 21:29:00,47.8
2025-06-12 21:37:00,2.1
2025-06-12 03:34:00,28.2
2025-06-12 19:51:00,8.2
2025-06-12 18:29:00,50.04954009433962
2025-06-12 14:30:00,67.7
2025-06-12 03:09:00,20.1
2025-06-12 20:34:00,16.2
2025-06-12 13:42:00,50.04954009433962
2025-06-12 04:22:00,60.6
2025-06-12 03:37:00,54.5
2025-06-12 20:43:00,0.6
2025-06-12 23:42:00,77.6
2025-06-12 19:29:00,50.04954009433962
2025-06-12 00:00:00,26.5
2025-06-12 17:40:00,31.6
2025-06-12 13:35:00,88.8
2025-06-12 20:33:00,17.7
2025-06-12 08:42:00,55.6
2025-06-12 15:36:00,65.8
2025-06-12 16:17:00,73.7
2025-06-12 02:28:00,35.8
2025-06-12 15:53:00,25.5
2025-06-12 00:52:00,23.6
2025-06-12 21:28:00,50.04954009433962
2025-06-12 00:21:00,48.8
2025-06-12 18:15:00,77.7
2025-06-12 08:59:00,78.4
2025-06-12 20:11:00,92.2
2025-06-12 22:15:00,26.9
2025-06-12 01:26:00,85.2
2025-06-12 02:43:00,61.3
2025-06-12 19:58:00,32.9
2025-06-12 19:52:00,6.6
2025-06-12 20:14:00,1.5
2025-06-12 18:40:00,76.0
2025-06-12 01:44:00,7.7
2025-06-12 09:13:00,50.04954009433962
2025-06-12 02:08:00,27.8
2025-06-12 09:48:00,27.2
2025-06-12 20:41:00,4.9
2025-06-12 19:43:00,50.04954009433962
2025-06-12 14:17:00,36.2
2025-06-12 20:20:00,50.04954009433962
2025-06-12 09:02:00,73.9
2025-06-12 04:17:00,4.4
2025-06-12 16:03:00,77.4
2025-06-12 01:18:00,50.06682414078186
2025-06-12 10:44:00,93.5
2025-06-12 10:01:00,20.7
2025-06-12 03:10:00,90.9
2025-06-12 06:40:00,46.4
2025-06-12 21:08:00,68.0
2025-06-12 03:50:00,9.8
2025-06-12 11:39:00,41.7
2025-06-12 02:01:00,50.06682414078186
2025-06-12 07:32:00,72.5
2025-06-12 21:02:00,82.0
2025-06-12 21:29:00,29.5
2025-06-12 07:59:00,61.1
2025-06-12 13:14:00,95.4
2025-06-12 00:30:00,91.8
2025-06-12 15:36:00,50.06682414078186
2025-06-12 02:49:00,50.06682414078186
2025-06-12 02:15:00,12.3
2025-06-12 05:33:00,62.3
2025-06-12 08:36:00,13.4
2025-06-12 19:30:00,22.7
2025-06-12 08:10:00,79.4
2025-06-12 19:32:00,36.6
2025-06-12 22:28:00,66.8
2025-06-12 12:37:00,25.1
2025-06-12 05:14:00,3.4
2025-06-12 14:45:00,50.06682414078186
2025-06-12 11:33:00,87.2
2025-06-12 15:31:00,76.2
2025-06-12 18:02:00,80.2
2025-06-12 04:15:00,35.9
2025-06-12 20:12:00,50.06682414078186
2025-06-12 00:00:00,15.8
2025-06-12 20:37:00,12.0
2025-06-12 04:34:00,94.6
2025-06-12 07:08:00,70.5
2025-06-12 05:51:00,33.0
2025-06-12 08:04:00,80.7
2025-06-12 11:31:00,10.2
2025-06-12 05:53:00,84.7
2025-06-12 07:25:00,40.0
2025-06-12 21:43:00,89.6
2025-06-12 16:00:00,51.9
2025-06-12 01:27:00,64.0
2025-06-12 22:31:00,16.2
2025-06-12 13:15:00,25.7
2025-06-12 14:25:00,82.4
2025-06-12 22:41:00,50.06682414078186
2025-06-12 03:08:00,40.0
2025-06-12 11:34:00,22.4
2025-06-12 06:35:00,62.9
2025-06-12 00:47:00,50.6
2025-06-12 19:58:00,92.1
2025-06-12 14:28:00,68.6
2025-06-12 13:42:00,52.8
2025-06-12 07:15:00,7.5
2025-06-12 19:24:00,82.0
2025-06-12 04:14:00,7.3
2025-06-12 20:08:00,19.9
2025-06-12 19:14:00,48.1
2025-06-12 22:41:00,28.5
2025-06-12 18:52:00,15.6
2025-06-12 02:14:00,95.6
2025-06-12 15:55:00,92.8
2025-06-12 16:39:00,50.06682414078186
2025-06-12 00:01:00,50.06682414078186
2025-06-12 01:06:00,52.7
2025-06-12 03:54:00,38.2
2025-06-12 16:28:00,50.06682414078186
2025-06-12 17:02:00,90.1
2025-06-12 01:51:00,75.5
2025-06-12 13:17:00,39.3
2025-06-12 10:47:00,50.06682414078186
2025-06-12 00:36:00,50.06682414078186
2025-06-12 12:22:00,69.8
2025-06-12 02:58:00,70.2
2025-06-12 01:31:00,19.9
2025-06-12 00:04:00,52.2
2025-06-12 21:07:00,27.8
2025-06-12 09:43:00,79.1
2025-06-12 03:10:00,50.06682414078186
2025-06-12 22:26:00,71.5
2025-06-12 14:09:00,4.0
2025-06-12 20:12:00,93.6
2025-06-12 20:35:00,41.4
2025-06-12 20:26:00,50.06682414078186
2025-06-12 06:45:00,7.2
2025-06-12 05:36:00,18.6
2025-06-12 20:54:00,64.1
2025-06-12 18:55:00,50.2
2025-06-12 00:39:00,15.0
2025-06-12 04:09:00,89.9
2025-06-12 13:56:00,69.5
2025-06-12 12:22:00,44.0
2025-06-12 13:58:00,95.0
2025-06-12 05:42:00,1.2
2025-06-12 13:53:00,46.3
2025-06-12 16:16:00,50.06682414078186
2025-06-12 15:16:00,97.5
2025-06-12 09:38:00,70.5
2025-06-12 10:13:00,10.7
2025-06-12 15:04:00,22.3
2025-06-12 14:17:00,97.4
2025-06-12 08:09:00,70.9
2025-06-12 09:32:00,50.06682414078186
2025-06-12 13:26:00,98.9
2025-06-12 12:50:00,9.8
2025-06-12 04:10:00,22.4
2025-06-12 06:26:00,26.7
2025-06-12 13:32:00,77.9
2025-06-12 00:38:00,1.9
2025-06-12 06:35:00,2.2
2025-06-12 06:18:00,50.06682414078186
2025-06-12 11:30:00,14.1
2025-06-12 19:35:00,47.7
2025-06-12 08:27:00,87.0
2025-06-12 23:30:00,12.9
2025-06-12 07:13:00,7.0
2025-06-12 07:32:00,82.3
2025-06-12 19:17:00,12.1
2025-06-12 03:58:00,64.3
2025-06-12 06:41:00,50.06682414078186
2025-06-12 10:19:00,74.1
2025-06-12 19:47:00,43.5
2025-06-12 11:36:00,47.9
2025-06-12 14:47:00,92.5
2025-06-12 12:22:00,22.6
2025-06-12 11:56:00,80.3
2025-06-12 10:36:00,67.8
2025-06-12 06:33:00,99.1
2025-06-12 16:25:00,10.9
2025-06-12 09:57:00,40.2
2025-06-12 08:20:00,99.3
2025-06-12 01:05:00,19.1
2025-06-12 19:14:00,26.5
2025-06-12 06:15:00,24.9
2025-06-12 16:57:00,31.4
2025-06-12 20:39:00,57.7
2025-06-12 14:44:00,84.5
2025-06-12 07:34:00,50.06682414078186
2025-06-12 02:33:00,76.8
2025-06-12 06:47:00,80.4
2025-06-12 23:49:00,57.5
2025-06-12 22:57:00,50.06682414078186
2025-06-12 22:46:00,39.8
2025-06-12 07:01:00,35.1
2025-06-12 00:24:00,17.8
2025-06-12 12:29:00,63.7
2025-06-12 03:03:00,46.6
2025-06-12 06:29:00,47.9
2025-06-12 10:16:00,22.9
2025-06-12 11:53:00,30.7
2025-06-12 17:03:00,29.8
2025-06-12 06:25:00,88.6
2025-06-12 16:10:00,21.2
2025-06-12 22:55:00,2.5
2025-06-12 07:14:00,43.3
2025-06-12 18:04:00,50.06682414078186
2025-06-12 13:32:00,28.4
2025-06-12 00:31:00,50.06682414078186
2025-06-12 06:32:00,96.3
2025-06-12 00:49:00,50.3
2025-06-12 15:59:00,50.06682414078186
2025-06-12 10:13:00,49.7
2025-06-12 22:06:00,10.5
2025-06-12 13:50:00,30.9
2025-06-12 07:14:00,85.4
2025-06-12 22:57:00,19.0
2025-06-12 04:44:00,6.4
2025-06-12 05:31:00,87.1
2025-06-12 08:58:00,9.9
2025-06-12 03:36:00,70.9
2025-06-12 00:39:00,16.5
2025-06-12 10:42:00,19.6
2025-06-12 09:38:00,50.06682414078186
2025-06-12 17:39:00,96.0
2025-06-12 02:56:00,89.2
2025-06-12 02:10:00,92.6
2025-06-12 17:58:00,14.1
2025-06-12 19:12:00,35.1
2025-06-12 05:53:00,43.0
2025-06-12 03:38:00,60.8
2025-06-12 08:07:00,52.7
2025-06-12 10:13:00,3.6
2025-06-12 13:31:00,78.4
2025-06-12 01:12:00,50.06682414078186
2025-06-12 05:46:00,50.06682414078186
2025-06-12 19:41:00,88.2
2025-06-12 02:40:00,64.7
2025-06-12 01:36:00,30.1
2025-06-12 12:00:00,80.3
2025-06-12 15:44:00,38.8
2025-06-12 03:42:00,28.7
2025-06-12 16:32:00,54.9
2025-06-12 01:46:00,79.1
2025-06-12 18:22:00,5.3
2025-06-12 08:27:00,78.6
2025-06-12 13:30:00,50.06682414078186
2025-06-12 00:35:00,9.2
2025-06-12 00:08:00,64.2
2025-06-12 11:36:00,11.5
2025-06-12 18:14:00,87.3
2025-06-12 01:24:00,39.0
2025-06-12 21:56:00,21.4
2025-06-12 16:59:00,5.0
2025-06-12 20:15:00,6.0
2025-06-12 03:45:00,86.8
2025-06-12 05:32:00,82.9
2025-06-12 11:14:00,27.1
2025-06-12 07:18:00,72.1
2025-06-12 18:46:00,41.7
2025-06-12 23:03:00,47.5
2025-06-12 22:31:00,29.7
2025-06-12 22:18:00,11.9
2025-06-12 12:18:00,50.0
2025-06-12 13:24:00,48.6
2025-06-12 10:39:00,32.4
2025-06-12 06:17:00,71.4
2025-06-12 18:12:00,60.5
2025-06-12 05:10:00,41.8
2025-06-12 00:16:00,4.4
2025-06-12 21:11:00,79.9
2025-06-12 06:08:00,38.7
2025-06-12 00:23:00,93.2
2025-06-12 22:37:00,5.3
2025-06-12 13:29:00,98.2
2025-06-12 15:09:00,92.0
2025-06-12 07:56:00,93.2
2025-06-12 17:45:00,52.9
2025-06-12 10:34:00,65.7
2025-06-12 13:50:00,54.8
2025-06-12 08:45:00,68.9
2025-06-12 20:44:00,14.3
2025-06-12 18:55:00,96.3
2025-06-12 16:54:00,50.06682414078186
2025-06-12 22:47:00,31.8
2025-06-12 09:46:00,50.06682414078186
2025-06-12 04:38:00,84.9
2025-06-12 11:06:00,71.0
2025-06-12 12:32:00,50.06682414078186
2025-06-12 04:44:00,48.2
2025-06-12 16:42:00,78.7
2025-06-12 02:37:00,8.1
2025-06-12 03:21:00,50.06682414078186
2025-06-12 22:46:00,72.3
2025-06-12 01:13:00,58.0
2025-06-12 03:18:00,41.1
2025-06-12 03:29:00,50.06682414078186
2025-06-12 16:45:00,30.3
2025-06-12 05:14:00,50.06682414078186
2025-06-12 00:55:00,29.8
2025-06-12 02:17:00,47.9
2025-06-12 15:30:00,41.1
2025-06-12 15:22:00,50.06682414078186
2025-06-12 13:26:00,56.0
2025-06-12 03:26:00,98.4
2025-06-12 23:29:00,64.6
2025-06-12 19:59:00,50.06682414078186
2025-06-12 09:20:00,77.4
2025-06-12 11:41:00,50.06682414078186
2025-06-12 21:57:00,71.5
2025-06-12 17:17:00,71.9
2025-06-12 11:36:00,17.8
2025-06-12 09:32:00,54.2
2025-06-12 03:50:00,64.5
2025-06-12 10:44:00,34.6
2025-06-12 07:06:00,28.9
2025-06-12 06:20:00,59.4
2025-06-12 15:22:00,50.06682414078186
2025-06-12 14:37:00,50.06682414078186
2025-06-12 08:13:00,21.4
2025-06-12 23:27:00,52.3
2025-06-12 04:47:00,55.9
2025-06-12 00:59:00,92.5
2025-06-12 22:54:00,13.8
2025-06-12 12:35:00,98.9
2025-06-12 21:05:00,50.06682414078186
2025-06-12 10:44:00,8.0
2025-06-12 03:02:00,11.7
2025-06-12 18:27:00,40.1
2025-06-12 18:33:00,56.6
2025-06-12 14:18:00,50.06682414078186
2025-06-12 08:47:00,42.7
2025-06-12 06:51:00,17.1
2025-06-12 15:40:00,81.0
2025-06-12 12:48:00,40.2
2025-06-12 00:46:00,21.1
2025-06-12 04:41:00,90.1
2025-06-12 05:53:00,69.6
2025-06-12 04:48:00,78.9
2025-06-12 03:04:00,60.0
2025-06-12 20:01:00,54.6
2025-06-12 22:05:00,43.9
2025-06-12 05:04:00,4.4
2025-06-12 02:02:00,42.9
2025-06-12 11:35:00,51.6
2025-06-12 08:21:00,32.3
2025-06-12 04:13:00,81.7
2025-06-12 23:41:00,14.0
2025-06-12 18:56:00,72.1
2025-06-12 08:11:00,13.5
2025-06-12 15:54:00,64.7
2025-06-12 14:14:00,52.8
2025-06-12 07:34:00,92.4
2025-06-12 18:40:00,90.8
2025-06-12 21:40:00,76.2
2025-06-12 07:40:00,27.3
2025-06-12 09:25:00,99.6
2025-06-12 00:43:00,95.1
2025-06-12 19:52:00,50.06682414078186
2025-06-12 23:42:00,26.8
2025-06-12 20:20:00,20.0
2025-06-12 09:58:00,4.2
2025-06-12 10:43:00,63.8
2025-06-12 07:06:00,22.2
2025-06-12 03:52:00,55.9
2025-06-12 11:02:00,53.7
2025-06-12 15:55:00,40.7
2025-06-12 00:41:00,40.7
2025-06-12 01:17:00,49.6
2025-06-12 06:43:00,30.2
2025-06-12 09:26:00,1.7
2025-06-12 16:19:00,50.06682414078186
2025-06-12 18:54:00,17.8
2025-06-12 06:31:00,92.7
2025-06-12 21:54:00,85.2
2025-06-12 04:04:00,54.2
2025-06-12 04:09:00,35.0
2025-06-12 07:50:00,23.4
2025-06-12 14:53:00,16.9
2025-06-12 20:30:00,69.2
2025-06-12 03:20:00,49.378098152289034
2025-06-12 15:04:00,39.7
2025-06-12 18:04:00,94.1
2025-06-12 20:58:00,39.6
2025-06-12 12:59:00,45.6
2025-06-12 06:58:00,49.378098152289034
2025-06-12 02:53:00,37.0
2025-06-12 04:42:00,49.378098152289034
2025-06-12 14:16:00,35.5
2025-06-12 10:29:00,49.378098152289034
2025-06-12 01:10:00,41.1
2025-06-12 20:37:00,31.6
2025-06-12 06:11:00,4.2
2025-06-12 21:32:00,39.7
2025-06-12 03:28:00,49.378098152289034
2025-06-12 15:14:00,49.378098152289034
2025-06-12 19:29:00,88.0
2025-06-12 02:59:00,4.3
2025-06-12 15:09:00,49.378098152289034
2025-06-12 20:12:00,81.5
2025-06-12 08:58:00,74.0
2025-06-12 23:24:00,36.6
2025-06-12 23:16:00,49.378098152289034
2025-06-12 20:06:00,46.4
2025-06-12 19:22:00,7.9
2025-06-12 17:20:00,83.8
2025-06-12 05:24:00,38.0
2025-06-12 08:16:00,82.7
2025-06-12 15:18:00,7.0
2025-06-12 09:23:00,21.9
2025-06-12 03:01:00,17.2
2025-06-12 19:00:00,49.378098152289034
2025-06-12 06:27:00,98.9
2025-06-12 02:53:00,95.7
2025-06-12 17:30:00,49.378098152289034
2025-06-12 05:08:00,76.9
2025-06-12 18:13:00,75.0
2025-06-12 04:11:00,49.378098152289034
2025-06-12 11:29:00,18.1
2025-06-12 15:47:00,49.378098152289034
2025-06-12 22:21:00,49.378098152289034
2025-06-12 21:19:00,13.5
2025-06-12 18:54:00,49.378098152289034
2025-06-12 06:19:00,49.378098152289034
2025-06-12 20:29:00,41.3
2025-06-12 03:29:00,53.3
2025-06-12 17:45:00,15.7
2025-06-12 15:22:00,47.6
2025-06-12 03:40:00,23.7
2025-06-12 05:52:00,91.0
2025-06-12 23:52:00,49.378098152289034
2025-06-12 22:16:00,48.7
2025-06-12 08:44:00,74.6
2025-06-12 08:09:00,42.4
2025-06-12 13:03:00,49.378098152289034
2025-06-12 18:23:00,83.3
2025-06-12 22:22:00,49.378098152289034
2025-06-12 20:55:00,49.378098152289034
2025-06-12 18:05:00,18.0
2025-06-12 03:39:00,3.7
2025-06-12 04:15:00,95.9
2025-06-12 08:54:00,43.2
2025-06-12 09:48:00,64.9
2025-06-12 11:35:00,52.2
2025-06-12 07:35:00,79.2
2025-06-12 03:32:00,2.7
2025-06-12 09:18:00,49.378098152289034
2025-06-12 18:40:00,49.378098152289034
2025-06-12 17:03:00,49.378098152289034
2025-06-12 07:36:00,7.4
2025-06-12 04:03:00,81.7
2025-06-12 22:47:00,49.378098152289034
2025-06-12 21:15:00,49.378098152289034
2025-06-12 09:28:00,67.3
2025-06-12 21:24:00,95.8
2025-06-12 00:08:00,62.2
2025-06-12 12:41:00,56.5
2025-06-12 18:59:00,43.8
2025-06-12 01:46:00,62.6
2025-06-12 08:11:00,53.4
2025-06-12 11:26:00,55.8
2025-06-12 10:33:00,33.6
2025-06-12 14:06:00,62.3
2025-06-12 15:31:00,1.1
2025-06-12 14:40:00,45.3
2025-06-12 07:31:00,75.4
2025-06-12 00:20:00,97.3
2025-06-12 03:46:00,85.3
2025-06-12 21:58:00,49.378098152289034
2025-06-12 23:34:00,84.5
2025-06-12 05:15:00,49.378098152289034
2025-06-12 13:53:00,49.378098152289034
2025-06-12 08:51:00,57.7
2025-06-12 04:18:00,49.378098152289034
2025-06-12 16:56:00,49.378098152289034
2025-06-12 21:06:00,68.3
2025-06-12 11:02:00,83.3
2025-06-12 17:59:00,36.4
2025-06-12 23:04:00,8.9
2025-06-12 06:04:00,65.7
2025-06-12 13:49:00,49.378098152289034
2025-06-12 21:09:00,21.1
2025-06-12 21:26:00,62.3
2025-06-12 06:01:00,49.378098152289034
2025-06-12 08:04:00,52.0
2025-06-12 08:36:00,83.4
2025-06-12 05:22:00,22.1
2025-06-12 07:40:00,49.378098152289034
2025-06-12 14:17:00,99.9
2025-06-12 09:59:00,61.9
2025-06-12 03:13:00,38.2
2025-06-12 09:31:00,9.3
2025-06-12 00:24:00,82.5
2025-06-12 04:02:00,75.8
2025-06-12 13:56:00,81.9
2025-06-12 14:13:00,30.7
2025-06-12 19:19:00,17.1
2025-06-12 16:28:00,51.4
2025-06-12 08:34:00,78.3
2025-06-12 05:22:00,37.4
2025-06-12 22:05:00,26.7
2025-06-12 20:08:00,59.8
2025-06-12 14:27:00,75.4
2025-06-12 09:51:00,43.6
2025-06-12 14:52:00,71.3
2025-06-12 20:03:00,49.378098152289034
2025-06-12 23:30:00,71.1
2025-06-12 13:14:00,54.8
2025-06-12 23:04:00,20.8
2025-06-12 00:22:00,23.9
2025-06-12 20:53:00,41.2
2025-06-12 10:43:00,49.378098152289034
2025-06-12 03:39:00,80.2
2025-06-12 22:46:00,18.5
2025-06-12 15:56:00,49.378098152289034
2025-06-12 05:09:00,56.6
2025-06-12 11:36:00,22.3
2025-06-12 23:36:00,37.5
2025-06-12 18:33:00,65.2
2025-06-12 18:35:00,49.378098152289034
2025-06-12 18:04:00,44.0
2025-06-12 22:52:00,90.3
2025-06-12 16:58:00,79.3
2025-06-12 23:27:00,5.1
2025-06-12 14:26:00,68.3
2025-06-12 14:43:00,71.9
2025-06-12 02:49:00,60.0
2025-06-12 00:48:00,83.5
2025-06-12 23:22:00,48.0
2025-06-12 06:21:00,93.8
2025-06-12 10:57:00,45.0
2025-06-12 00:57:00,93.3
2025-06-12 16:21:00,29.0
2025-06-12 11:05:00,41.5
2025-06-12 10:22:00,38.4
2025-06-12 03:30:00,76.6
2025-06-12 15:25:00,74.8
2025-06-12 16:55:00,63.8
2025-06-12 11:24:00,45.2
2025-06-12 07:59:00,49.378098152289034
2025-06-12 07:40:00,43.8
2025-06-12 15:16:00,55.1
2025-06-12 17:56:00,38.2
2025-06-12 14:45:00,82.5
2025-06-12 16:49:00,49.378098152289034
2025-06-12 08:33:00,58.4
2025-06-12 05:34:00,37.9
2025-06-12 04:50:00,53.2
2025-06-12 15:37:00,49.378098152289034
2025-06-12 09:08:00,94.7
2025-06-12 12:06:00,22.3
2025-06-12 05:58:00,23.5
2025-06-12 09:11:00,16.2
2025-06-12 11:34:00,28.6
2025-06-12 04:47:00,43.4
2025-06-12 06:39:00,15.1
2025-06-12 01:14:00,21.9
2025-06-12 03:21:00,33.4
2025-06-12 03:05:00,16.3
2025-06-12 02:18:00,49.8
2025-06-12 10:31:00,79.5
2025-06-12 14:44:00,59.9
2025-06-12 21:35:00,49.378098152289034
2025-06-12 21:29:00,87.3
2025-06-12 18:33:00,59.6
2025-06-12 21:21:00,46.8
2025-06-12 19:37:00,22.6
2025-06-12 20:34:00,0.8
2025-06-12 07:47:00,37.3
2025-06-12 02:56:00,18.6
2025-06-12 05:43:00,60.7
2025-06-12 13:13:00,49.378098152289034
2025-06-12 16:59:00,89.9
2025-06-12 01:30:00,49.378098152289034
2025-06-12 14:49:00,6.3
2025-06-12 15:07:00,19.0
2025-06-12 12:59:00,33.4
2025-06-12 11:22:00,49.378098152289034
2025-06-12 02:29:00,49.378098152289034
2025-06-12 02:00:00,26.6
2025-06-12 19:10:00,0.0
2025-06-12 21:03:00,49.378098152289034
2025-06-12 03:20:00,60.0
2025-06-12 23:21:00,3.2
2025-06-12 07:55:00,39.3
2025-06-12 07:11:00,22.8
2025-06-12 05:48:00,49.378098152289034
2025-06-12 11:41:00,73.7
2025-06-12 12:27:00,19.5
2025-06-12 01:48:00,29.3
2025-06-12 12:35:00,85.5
2025-06-12 10:03:00,57.7
2025-06-12 04:19:00,48.2
2025-06-12 21:23:00,64.1
2025-06-12 07:43:00,32.9
2025-06-12 09:48:00,63.5
2025-06-12 04:47:00,79.6
2025-06-12 00:19:00,29.3
2025-06-12 13:34:00,76.6
2025-06-12 11:11:00,23.9
2025-06-12 06:05:00,63.4
2025-06-12 18:30:00,31.4
2025-06-12 17:23:00,93.2
2025-06-12 03:02:00,54.8
2025-06-12 22:42:00,1.3
2025-06-12 21:07:00,30.8
2025-06-12 01:15:00,40.2
2025-06-12 23:05:00,55.5
2025-06-12 22:32:00,94.6
2025-06-12 17:50:00,23.7
2025-06-12 16:09:00,29.7
2025-06-12 21:08:00,58.3
2025-06-12 02:24:00,55.0
2025-06-12 08:00:00,6.1
2025-06-12 22:05:00,35.8
2025-06-12 02:49:00,55.9
2025-06-12 22:08:00,2.4
2025-06-12 23:46:00,12.3
2025-06-12 12:57:00,22.4
2025-06-12 03:11:00,13.9
2025-06-12 16:38:00,49.378098152289034
2025-06-12 00:11:00,88.2
2025-06-12 00:00:00,58.2
2025-06-12 15:30:00,18.2
2025-06-12 02:05:00,66.9
2025-06-12 23:07:00,94.2
2025-06-12 19:11:00,51.0
2025-06-12 01:11:00,2.4
2025-06-12 11:07:00,83.1
2025-06-12 18:27:00,55.2
2025-06-12 00:40:00,46.5
2025-06-12 00:10:00,29.5
2025-06-12 11:47:00,4.8
2025-06-12 01:17:00,49.378098152289034
2025-06-12 04:13:00,68.7
2025-06-12 03:08:00,71.7
2025-06-12 12:17:00,95.7
2025-06-12 21:19:00,63.0
2025-06-12 16:05:00,34.8
2025-06-12 02:34:00,63.7
2025-06-12 18:27:00,78.5
2025-06-12 00:02:00,96.2
2025-06-12 01:59:00,49.378098152289034
2025-06-12 06:28:00,7.0
2025-06-12 15:29:00,73.8
2025-06-12 14:28:00,75.0
2025-06-12 11:16:00,93.6
2025-06-12 16:42:00,31.0
2025-06-12 02:31:00,83.3
2025-06-12 07:18:00,68.0
2025-06-12 09:30:00,10.5
2025-06-12 06:08:00,49.378098152289034
2025-06-12 20:28:00,91.7
2025-06-12 05:17:00,21.6
2025-06-12 03:59:00,32.7
2025-06-12 22:10:00,24.0
2025-06-12 15:37:00,49.378098152289034
2025-06-12 14:15:00,16.4
2025-06-12 23:58:00,28.6
2025-06-12 14:24:00,1.9
2025-06-12 01:09:00,11.9
2025-06-12 16:58:00,82.8
2025-06-12 11:15:00,49.378098152289034
2025-06-12 08:50:00,24.1
2025-06-12 13:51:00,75.9
2025-06-12 09:12:00,88.1
2025-06-12 21:28:00,35.8
2025-06-12 19:30:00,86.2
2025-06-12 09:09:00,40.9
2025-06-12 01:56:00,87.4
2025-06-12 13:25:00,11.2
2025-06-12 19:59:00,49.378098152289034
2025-06-12 20:42:00,45.5
2025-06-12 11:21:00,13.1
2025-06-12 08:10:00,49.378098152289034
2025-06-12 09:19:00,49.378098152289034
2025-06-12 19:44:00,71.3
2025-06-12 17:01:00,49.378098152289034
2025-06-12 09:03:00,51.7
2025-06-12 04:28:00,9.6
2025-06-12 21:22:00,99.5
2025-06-12 14:14:00,96.8
2025-06-12 09:23:00,66.4
2025-06-12 17:24:00,60.2
2025-06-12 07:33:00,23.0
2025-06-12 03:57:00,98.3
2025-06-12 12:53:00,49.378098152289034
2025-06-12 00:38:00,99.3
2025-06-12 16:14:00,49.378098152289034
2025-06-12 18:34:00,75.7
2025-06-12 04:02:00,62.7
2025-06-12 02:16:00,17.6
2025-06-12 11:43:00,31.0
2025-06-12 20:30:00,57.6
2025-06-12 22:48:00,1.8
2025-06-12 19:23:00,47.1
2025-06-12 15:57:00,49.378098152289034
2025-06-12 16:06:00,16.4
2025-06-12 02:03:00,69.0
2025-06-12 06:25:00,88.7
2025-06-12 11:07:00,18.7
2025-06-12 14:16:00,78.4
2025-06-12 07:42:00,84.7
2025-06-12 05:23:00,11.3
2025-06-12 07:20:00,15.2
2025-06-12 10:27:00,9.8
2025-06-12 15:38:00,95.9
2025-06-12 11:56:00,98.8
2025-06-12 08:00:00,49.86672560113154
2025-06-12 08:51:00,37.7
2025-06-12 01:31:00,11.9
2025-06-12 16:07:00,9.5
2025-06-12 17:33:00,95.0
2025-06-12 23:37:00,25.5
2025-06-12 17:46:00,6.6
2025-06-12 22:54:00,69.0
2025-06-12 19:03:00,35.5
2025-06-12 23:39:00,97.0
2025-06-12 19:03:00,3.6
2025-06-12 00:31:00,49.86672560113154
2025-06-12 00:30:00,57.9
2025-06-12 05:21:00,37.0
2025-06-12 06:25:00,99.7
2025-06-12 23:59:00,83.1
2025-06-12 11:39:00,49.86672560113154
2025-06-12 07:56:00,17.2
2025-06-12 20:19:00,61.5
2025-06-12 16:58:00,11.5
2025-06-12 14:52:00,69.8
2025-06-12 01:23:00,49.86672560113154
2025-06-12 09:51:00,35.6
2025-06-12 13:31:00,49.86672560113154
2025-06-12 17:13:00,79.3
2025-06-12 08:07:00,90.2
2025-06-12 04:21:00,26.4
2025-06-12 07:18:00,22.6
2025-06-12 16:35:00,95.3
2025-06-12 01:46:00,97.3
2025-06-12 12:51:00,49.86672560113154
2025-06-12 23:12:00,49.86672560113154
2025-06-12 07:11:00,2.8
2025-06-12 08:59:00,53.6
2025-06-12 19:07:00,26.9
2025-06-12 07:22:00,35.7
2025-06-12 02:15:00,60.1
2025-06-12 04:52:00,17.3
2025-06-12 14:16:00,49.86672560113154
2025-06-12 08:57:00,71.5
2025-06-12 06:27:00,15.4
2025-06-12 18:23:00,82.0
2025-06-12 05:05:00,7.0
2025-06-12 22:44:00,31.4
2025-06-12 17:05:00,61.5
2025-06-12 23:26:00,90.5
2025-06-12 13:01:00,88.8
2025-06-12 12:07:00,77.9
2025-06-12 09:23:00,49.86672560113154
2025-06-12 22:35:00,95.9
2025-06-12 18:36:00,49.86672560113154
2025-06-12 16:44:00,67.3
2025-06-12 14:16:00,97.1
2025-06-12 18:17:00,49.86672560113154
2025-06-12 14:35:00,3.5
2025-06-12 04:45:00,45.8
2025-06-12 01:58:00,56.5
2025-06-12 06:48:00,49.86672560113154
2025-06-12 20:59:00,15.5
2025-06-12 03:28:00,84.7
2025-06-12 20:02:00,49.86672560113154
2025-06-12 12:32:00,53.5
2025-06-12 11:28:00,49.86672560113154
2025-06-12 00:26:00,62.3
2025-06-12 01:26:00,9.8
2025-06-12 19:41:00,21.2
2025-06-12 22:00:00,82.2
2025-06-12 20:23:00,49.86672560113154
2025-06-12 21:46:00,49.86672560113154
2025-06-12 05:12:00,49.86672560113154
2025-06-12 04:44:00,63.0
2025-06-12 05:36:00,41.6
2025-06-12 11:03:00,33.2
2025-06-12 17:29:00,97.7
2025-06-12 07:00:00,49.86672560113154
2025-06-12 12:52:00,47.5
2025-06-12 20:16:00,41.8
2025-06-12 05:12:00,49.86672560113154
2025-06-12 06:10:00,54.7
2025-06-12 02:13:00,49.86672560113154
2025-06-12 17:31:00,13.1
2025-06-12 21:37:00,10.9
2025-06-12 16:32:00,46.1
2025-06-12 06:16:00,68.8
2025-06-12 04:50:00,34.6
2025-06-12 22:13:00,86.4
2025-06-12 02:36:00,70.3
2025-06-12 08:00:00,30.4
2025-06-12 13:41:00,8.7
2025-06-12 19:54:00,63.5
2025-06-12 08:06:00,57.9
2025-06-12 04:35:00,15.7
2025-06-12 15:06:00,49.86672560113154
2025-06-12 17:07:00,13.3
2025-06-12 17:20:00,49.86672560113154
2025-06-12 09:49:00,2.7
2025-06-12 05:08:00,58.3
2025-06-12 18:26:00,11.8
2025-06-12 19:11:00,49.86672560113154
2025-06-12 08:46:00,97.1
2025-06-12 23:11:00,49.86672560113154
2025-06-12 16:16:00,38.5
2025-06-12 18:09:00,50.6
2025-06-12 09:41:00,37.3
2025-06-12 16:32:00,54.7
2025-06-12 10:28:00,49.86672560113154
2025-06-12 21:19:00,9.3
2025-06-12 15:42:00,2.9
2025-06-12 04:18:00,4.4
2025-06-12 23:41:00,17.2
2025-06-12 00:32:00,36.8
2025-06-12 11:14:00,6.7
2025-06-12 16:01:00,57.0
2025-06-12 08:43:00,10.5
2025-06-12 01:04:00,0.9
2025-06-12 13:09:00,12.4
2025-06-12 00:51:00,14.9
2025-06-12 03:01:00,61.2
2025-06-12 13:26:00,52.0
2025-06-12 19:04:00,15.3
2025-06-12 18:46:00,45.0
2025-06-12 05:13:00,51.4
2025-06-12 23:58:00,50.8
2025-06-12 17:57:00,77.4
2025-06-12 07:30:00,49.86672560113154
2025-06-12 20:18:00,49.86672560113154
2025-06-12 16:09:00,14.2
2025-06-12 13:15:00,81.5
2025-06-12 11:06:00,77.6
2025-06-12 22:25:00,88.5
2025-06-12 11:13:00,47.7
2025-06-12 18:11:00,18.0
2025-06-12 23:22:00,88.3
2025-06-12 00:18:00,98.4
2025-06-12 12:44:00,83.8
2025-06-12 10:13:00,20.3
2025-06-12 17:06:00,25.0
2025-06-12 21:29:00,40.4
2025-06-12 04:05:00,3.9
2025-06-12 21:15:00,81.5
2025-06-12 07:21:00,61.3
2025-06-12 19:51:00,49.86672560113154
2025-06-12 11:42:00,98.6
2025-06-12 02:38:00,57.8
2025-06-12 18:45:00,18.7
2025-06-12 03:56:00,49.4
2025-06-12 23:25:00,99.4
2025-06-12 03:44:00,28.4
2025-06-12 02:52:00,7.1
2025-06-12 05:38:00,82.4
2025-06-12 08:35:00,31.8
2025-06-12 01:14:00,49.86672560113154
2025-06-12 20:10:00,94.0
2025-06-12 04:17:00,19.5
2025-06-12 11:51:00,85.1
2025-06-12 07:27:00,11.6
2025-06-12 13:53:00,24.4
2025-06-12 17:00:00,11.2
2025-06-12 18:12:00,16.8
2025-06-12 01:57:00,75.0
2025-06-12 15:15:00,42.0
2025-06-12 04:19:00,65.1
2025-06-12 10:41:00,70.2
2025-06-12 02:38:00,34.6
2025-06-12 18:50:00,11.6
2025-06-12 11:09:00,72.9
2025-06-12 21:56:00,57.3
2025-06-12 15:33:00,91.5
2025-06-12 01:54:00,97.5
2025-06-12 13:56:00,31.3
2025-06-12 05:00:00,43.4
2025-06-12 08:32:00,89.6
2025-06-12 08:01:00,65.5
2025-06-12 00:22:00,49.86672560113154
2025-06-12 02:36:00,75.9
2025-06-12 23:53:00,97.9
2025-06-12 20:38:00,18.7
2025-06-12 16:25:00,99.0
2025-06-12 01:00:00,49.86672560113154
2025-06-12 17:20:00,80.7
2025-06-12 14:20:00,47.1
2025-06-12 16:55:00,59.4
2025-06-12 01:28:00,92.3
2025-06-12 11:34:00,63.5
2025-06-12 19:54:00,49.86672560113154
2025-06-12 07:26:00,92.9
2025-06-12 18:49:00,49.86672560113154
2025-06-12 12:53:00,53.9
2025-06-12 15:58:00,77.5
2025-06-12 05:06:00,56.3
2025-06-12 14:19:00,25.4
2025-06-12 16:49:00,30.7
2025-06-12 03:56:00,44.6
2025-06-12 20:23:00,61.7
2025-06-12 08:44:00,85.5
2025-06-12 22:43:00,67.9
2025-06-12 02:39:00,92.7
2025-06-12 15:11:00,61.8
2025-06-12 18:43:00,44.4
2025-06-12 12:36:00,63.7
2025-06-12 01:59:00,72.5
2025-06-12 01:39:00,25.7
2025-06-12 07:06:00,71.8
2025-06-12 12:42:00,60.3
2025-06-12 07:56:00,52.4
2025-06-12 10:07:00,40.8
2025-06-12 00:55:00,49.86672560113154
2025-06-12 13:35:00,73.0
2025-06-12 04:47:00,82.1
2025-06-12 11:39:00,16.7
2025-06-12 05:25:00,89.0
2025-06-12 07:16:00,22.6
2025-06-12 20:47:00,37.8
2025-06-12 21:38:00,46.9
2025-06-12 08:34:00,36.0
2025-06-12 10:10:00,77.3
2025-06-12 18:44:00,52.7
2025-06-12 05:04:00,14.4
2025-06-12 04:30:00,33.9
2025-06-12 01:44:00,49.86672560113154
2025-06-12 09:35:00,19.5
2025-06-12 12:43:00,11.3
2025-06-12 22:31:00,49.86672560113154
2025-06-12 22:14:00,8.8
2025-06-12 14:41:00,49.86672560113154
2025-06-12 00:18:00,65.1
2025-06-12 10:23:00,44.6
2025-06-12 20:35:00,50.9
2025-06-12 13:27:00,64.7
2025-06-12 07:31:00,77.8
2025-06-12 05:51:00,40.2
2025-06-12 05:04:00,36.6
2025-06-12 06:39:00,49.86672560113154
2025-06-12 05:02:00,98.3
2025-06-12 22:00:00,88.3
2025-06-12 14:53:00,7.8
2025-06-12 01:22:00,47.3
2025-06-12 09:33:00,20.2
2025-06-12 18:22:00,14.5
2025-06-12 09:13:00,59.3
2025-06-12 04:30:00,7.1
2025-06-12 05:40:00,81.5
2025-06-12 17:26:00,63.6
2025-06-12 03:26:00,0.3
2025-06-12 19:06:00,53.5
2025-06-12 04:36:00,31.7
2025-06-12 03:29:00,49.86672560113154
2025-06-12 19:02:00,49.86672560113154
2025-06-12 01:37:00,1.5
2025-06-12 01:27:00,76.6
2025-06-12 23:32:00,43.0
2025-06-12 04:45:00,7.7
2025-06-12 06:14:00,18.1
2025-06-12 08:35:00,16.7
2025-06-12 17:23:00,49.86672560113154
2025-06-12 01:07:00,95.1
2025-06-12 20:24:00,49.86672560113154
2025-06-12 08:36:00,57.1
2025-06-12 12:50:00,49.86672560113154
2025-06-12 14:04:00,9.1
2025-06-12 16:24:00,49.86672560113154
2025-06-12 22:54:00,49.86672560113154
2025-06-12 20:00:00,43.2
2025-06-12 03:06:00,87.6
2025-06-12 11:00:00,15.6
2025-06-12 20:18:00,51.4
2025-06-12 18:59:00,13.5
2025-06-12 05:49:00,91.1
2025-06-12 20:37:00,49.86672560113154
2025-06-12 20:05:00,32.6
2025-06-12 19:49:00,18.1
2025-06-12 10:15:00,92.4
2025-06-12 14:54:00,13.4
2025-06-12 04:09:00,6.6
2025-06-12 09:08:00,15.0
2025-06-12 13:28:00,76.6
2025-06-12 14:13:00,29.5
2025-06-12 23:45:00,91.1
2025-06-12 05:53:00,52.1
2025-06-12 01:25:00,9.2
2025-06-12 06:04:00,41.6
2025-06-12 06:21:00,81.0
2025-06-12 17:24:00,62.4
2025-06-12 10:29:00,49.2
2025-06-12 06:29:00,76.6
2025-06-12 23:58:00,50.9
2025-06-12 16:04:00,37.1
2025-06-12 16:02:00,92.0
2025-06-12 08:17:00,73.9
2025-06-12 01:05:00,64.8
2025-06-12 10:01:00,64.4
2025-06-12 06:01:00,49.86672560113154
2025-06-12 00:34:00,11.1
2025-06-12 11:16:00,49.86672560113154
2025-06-12 05:27:00,69.7
2025-06-12 18:31:00,11.2
2025-06-12 07:54:00,37.4
2025-06-12 00:59:00,40.5
2025-06-12 05:00:00,76.4
2025-06-12 01:39:00,97.0
2025-06-12 09:14:00,25.8
2025-06-12 21:04:00,49.86672560113154
2025-06-12 15:21:00,57.2
2025-06-12 13:02:00,11.6
2025-06-12 18:44:00,66.5
2025-06-12 11:34:00,92.8
2025-06-12 11:55:00,70.1
2025-06-12 18:29:00,18.1
2025-06-12 04:31:00,9.2
2025-06-12 03:47:00,28.5
2025-06-12 07:44:00,49.86672560113154
2025-06-12 23:55:00,42.6
2025-06-12 07:57:00,49.86672560113154
2025-06-12 00:07:00,31.2
2025-06-12 16:35:00,96.8
2025-06-12 23:08:00,11.8
2025-06-12 10:33:00,71.4
2025-06-12 18:03:00,21.2
2025-06-12 21:30:00,56.1
2025-06-12 05:34:00,49.86672560113154
2025-06-12 11:28:00,68.8
2025-06-12 12:37:00,49.86672560113154
2025-06-12 03:48:00,2.0
2025-06-12 23:51:00,42.9
2025-06-12 11:13:00,57.6
2025-06-12 17:48:00,2.7
2025-06-12 08:15:00,66.1
2025-06-12 16:58:00,66.6
2025-06-12 06:52:00,60.6
2025-06-12 14:41:00,63.2
2025-06-12 19:37:00,21.0
2025-06-12 08:07:00,49.86672560113154
2025-06-12 16:26:00,31.3
2025-06-12 00:37:00,41.3
2025-06-12 19:31:00,65.1
2025-06-12 12:48:00,50.613932505273034
2025-06-12 07:08:00,0.8
2025-06-12 10:33:00,92.6
2025-06-12 18:20:00,97.6
2025-06-12 03:01:00,41.4
2025-06-12 19:01:00,66.2
2025-06-12 04:56:00,93.5
2025-06-12 11:53:00,85.9
2025-06-12 13:54:00,32.2
2025-06-12 01:54:00,75.3
2025-06-12 05:52:00,57.2
2025-06-12 06:56:00,88.1
2025-06-12 22:06:00,5.1
2025-06-12 06:38:00,82.3
2025-06-12 13:28:00,5.5
2025-06-12 20:35:00,89.3
2025-06-12 13:51:00,50.613932505273034
2025-06-12 11:21:00,68.4
2025-06-12 22:16:00,50.613932505273034
2025-06-12 01:12:00,16.2
2025-06-12 17:04:00,41.4
2025-06-12 01:13:00,3.4
2025-06-12 21:15:00,50.613932505273034
2025-06-12 14:23:00,47.7
2025-06-12 13:50:00,4.6
2025-06-12 06:57:00,1.3
2025-06-12 17:12:00,68.7
2025-06-12 06:12:00,50.613932505273034
2025-06-12 11:13:00,89.9
2025-06-12 16:45:00,96.9
2025-06-12 21:44:00,69.5
2025-06-12 18:00:00,96.7
2025-06-12 12:36:00,50.613932505273034
2025-06-12 19:27:00,39.2
2025-06-12 02:04:00,0.4
2025-06-12 05:41:00,39.0
2025-06-12 13:22:00,13.2
2025-06-12 08:44:00,44.2
2025-06-12 03:28:00,18.5
2025-06-12 00:34:00,27.2
2025-06-12 15:52:00,61.5
2025-06-12 15:05:00,59.4
2025-06-12 02:55:00,17.6
2025-06-12 03:38:00,14.7
2025-06-12 09:26:00,49.1
2025-06-12 11:14:00,36.7
2025-06-12 05:56:00,62.3
2025-06-12 17:05:00,54.6
2025-06-12 13:00:00,19.7
2025-06-12 17:50:00,91.7
2025-06-12 10:55:00,18.8
2025-06-12 09:21:00,87.1
2025-06-12 23:26:00,39.0
2025-06-12 13:35:00,43.8
2025-06-12 11:45:00,0.4
2025-06-12 04:45:00,50.613932505273034
2025-06-12 13:42:00,50.613932505273034
2025-06-12 01:57:00,99.6
2025-06-12 21:09:00,59.7
2025-06-12 14:27:00,32.2
2025-06-12 14:49:00,50.613932505273034
2025-06-12 14:04:00,94.6
2025-06-12 07:10:00,52.1
2025-06-12 00:32:00,77.0
2025-06-12 07:16:00,70.5
2025-06-12 02:43:00,2.8
2025-06-12 13:56:00,47.0
2025-06-12 15:54:00,75.4
2025-06-12 23:53:00,76.7
2025-06-12 11:52:00,47.3
2025-06-12 07:20:00,94.2
2025-06-12 14:19:00,14.8
2025-06-12 09:09:00,7.2
2025-06-12 09:41:00,6.0
2025-06-12 15:23:00,68.7
2025-06-12 14:29:00,7.4
2025-06-12 13:32:00,4.1
2025-06-12 12:32:00,27.2
2025-06-12 15:59:00,82.8
2025-06-12 06:34:00,68.3
2025-06-12 17:02:00,39.6
2025-06-12 18:22:00,10.6
2025-06-12 11:42:00,56.4
2025-06-12 01:02:00,59.7
2025-06-12 15:51:00,50.613932505273034
2025-06-12 06:24:00,5.6
2025-06-12 06:01:00,42.1
2025-06-12 21:01:00,17.8
2025-06-12 02:10:00,60.8
2025-06-12 14:38:00,50.613932505273034
2025-06-12 03:33:00,88.0
2025-06-12 17:20:00,67.5
2025-06-12 22:02:00,28.9
2025-06-12 18:23:00,95.7
2025-06-12 06:49:00,32.0
2025-06-12 06:11:00,50.613932505273034
2025-06-12 03:21:00,13.6
2025-06-12 00:58:00,26.8
2025-06-12 14:42:00,24.5
2025-06-12 12:18:00,31.8
2025-06-12 18:33:00,13.9
2025-06-12 11:15:00,35.8
2025-06-12 16:39:00,64.2
2025-06-12 03:34:00,44.5
2025-06-12 14:20:00,9.4
2025-06-12 05:39:00,46.4
2025-06-12 05:54:00,93.7
2025-06-12 08:16:00,44.6
2025-06-12 08:30:00,85.4
2025-06-12 00:12:00,50.613932505273034
2025-06-12 10:13:00,89.9
2025-06-12 07:31:00,52.8
2025-06-12 04:34:00,15.0
2025-06-12 09:37:00,38.6
2025-06-12 18:07:00,45.7
2025-06-12 20:57:00,81.9
2025-06-12 09:17:00,39.9
2025-06-12 02:10:00,13.0
2025-06-12 08:10:00,2.6
2025-06-12 21:18:00,72.6
2025-06-12 18:42:00,64.1
2025-06-12 01:00:00,78.3
2025-06-12 03:48:00,33.6
2025-06-12 13:02:00,36.9
2025-06-12 12:00:00,51.7
2025-06-12 00:58:00,60.0
2025-06-12 11:31:00,18.5
2025-06-12 23:15:00,42.6
2025-06-12 18:28:00,25.8
2025-06-12 20:19:00,50.613932505273034
2025-06-12 13:07:00,94.4
2025-06-12 04:41:00,97.3
2025-06-12 09:18:00,91.0
2025-06-12 13:02:00,64.2
2025-06-12 19:33:00,50.613932505273034
2025-06-12 05:19:00,31.0
2025-06-12 00:01:00,2.0
2025-06-12 05:47:00,42.2
2025-06-12 14:41:00,10.8
2025-06-12 19:16:00,50.613932505273034
2025-06-12 23:42:00,35.5
2025-06-12 06:10:00,28.1
2025-06-12 15:32:00,50.613932505273034
2025-06-12 14:27:00,63.2
2025-06-12 03:07:00,20.7
2025-06-12 22:32:00,34.5
2025-06-12 08:03:00,50.613932505273034
2025-06-12 10:35:00,25.8
2025-06-12 20:57:00,37.1
2025-06-12 18:25:00,50.613932505273034
2025-06-12 15:34:00,50.613932505273034
2025-06-12 05:18:00,50.613932505273034
2025-06-12 22:06:00,36.6
2025-06-12 20:37:00,85.0
2025-06-12 12:11:00,50.613932505273034
2025-06-12 18:43:00,50.613932505273034
2025-06-12 19:36:00,50.613932505273034
2025-06-12 02:01:00,18.8
2025-06-12 13:44:00,50.613932505273034
2025-06-12 22:35:00,42.0
2025-06-12 12:08:00,54.9
2025-06-12 22:10:00,57.3
2025-06-12 12:54:00,54.7
2025-06-12 05:25:00,80.7
2025-06-12 15:08:00,75.3
2025-06-12 15:49:00,53.9
2025-06-12 09:07:00,99.8
2025-06-12 19:54:00,47.4
2025-06-12 04:16:00,39.6
2025-06-12 01:42:00,74.0
2025-06-12 00:58:00,94.5
2025-06-12 06:28:00,89.8
2025-06-12 22:15:00,5.3
2025-06-12 05:56:00,37.6
2025-06-12 13:33:00,83.8
2025-06-12 22:24:00,50.9
2025-06-12 23:41:00,41.7
2025-06-12 11:06:00,28.0
2025-06-12 04:39:00,50.613932505273034
2025-06-12 18:25:00,20.0
2025-06-12 22:12:00,52.7
2025-06-12 06:42:00,23.9
2025-06-12 18:00:00,48.0
2025-06-12 01:15:00,96.6
2025-06-12 19:18:00,24.7
2025-06-12 00:05:00,87.8
2025-06-12 16:05:00,32.3
2025-06-12 23:22:00,50.5
2025-06-12 03:33:00,100.0
2025-06-12 02:40:00,81.1
2025-06-12 23:30:00,50.613932505273034
2025-06-12 19:30:00,37.2
2025-06-12 00:41:00,52.3
2025-06-12 01:22:00,4.1
2025-06-12 20:48:00,50.613932505273034
2025-06-12 06:58:00,44.1
2025-06-12 08:51:00,5.4
2025-06-12 10:20:00,50.613932505273034
2025-06-12 10:13:00,31.8
2025-06-12 04:01:00,72.4
2025-06-12 05:22:00,4.7
2025-06-12 06:45:00,41.7
2025-06-12 14:57:00,28.7
2025-06-12 08:16:00,99.0
2025-06-12 20:46:00,3.1
2025-06-12 22:31:00,50.613932505273034
2025-06-12 01:57:00,12.3
2025-06-12 04:04:00,85.3
2025-06-12 04:21:00,98.9
2025-06-12 12:01:00,50.613932505273034
2025-06-12 20:54:00,68.8
2025-06-12 16:38:00,16.6
2025-06-12 12:55:00,50.613932505273034
2025-06-12 16:17:00,42.7
2025-06-12 13:17:00,50.613932505273034
2025-06-12 06:57:00,82.4
2025-06-12 17:56:00,72.9
2025-06-12 11:16:00,93.4
2025-06-12 18:28:00,77.8
2025-06-12 12:54:00,69.6
2025-06-12 23:48:00,64.6
2025-06-12 22:10:00,50.613932505273034
2025-06-12 19:50:00,87.4
2025-06-12 19:30:00,26.2
2025-06-12 14:30:00,63.2
2025-06-12 14:50:00,20.4
2025-06-12 03:31:00,56.3
2025-06-12 18:07:00,50.613932505273034
2025-06-12 02:16:00,50.613932505273034
2025-06-12 19:44:00,68.7
2025-06-12 21:15:00,93.9
2025-06-12 19:53:00,60.7
2025-06-12 22:34:00,89.2
2025-06-12 11:29:00,50.613932505273034
2025-06-12 03:54:00,1.3
2025-06-12 17:08:00,19.9
2025-06-12 00:06:00,44.6
2025-06-12 09:37:00,6.5
2025-06-12 09:31:00,83.1
2025-06-12 23:02:00,85.8
2025-06-12 22:01:00,89.4
2025-06-12 17:03:00,82.5
2025-06-12 00:57:00,23.1
2025-06-12 01:48:00,99.7
2025-06-12 08:06:00,10.6
2025-06-12 04:04:00,25.0
2025-06-12 07:46:00,13.3
2025-06-12 00:47:00,19.7
2025-06-12 02:29:00,58.7
2025-06-12 08:20:00,50.613932505273034
2025-06-12 01:16:00,50.613932505273034
2025-06-12 21:02:00,93.5
2025-06-12 22:07:00,50.613932505273034
2025-06-12 18:04:00,99.1
2025-06-12 05:22:00,35.7
2025-06-12 23:06:00,64.3
2025-06-12 02:32:00,24.6
2025-06-12 14:37:00,41.2
2025-06-12 09:53:00,78.6
2025-06-12 04:48:00,68.3
2025-06-12 04:07:00,36.7
2025-06-12 16:41:00,70.1
2025-06-12 19:24:00,34.0
2025-06-12 20:05:00,80.9
2025-06-12 12:39:00,47.8
2025-06-12 01:14:00,95.0
2025-06-12 05:38:00,37.4
2025-06-12 20:01:00,50.613932505273034
2025-06-12 03:54:00,58.4
2025-06-12 01:14:00,78.2
2025-06-12 04:39:00,19.5
2025-06-12 20:54:00,0.5
2025-06-12 11:54:00,25.0
2025-06-12 14:20:00,9.7
2025-06-12 21:34:00,59.7
2025-06-12 16:58:00,9.8
2025-06-12 11:13:00,50.613932505273034
2025-06-12 09:03:00,98.9
2025-06-12 12:48:00,16.8
2025-06-12 05:52:00,53.1
2025-06-12 07:30:00,50.613932505273034
2025-06-12 21:02:00,50.613932505273034
2025-06-12 12:42:00,58.7
2025-06-12 16:54:00,66.9
2025-06-12 08:18:00,88.1
2025-06-12 03:05:00,11.9
2025-06-12 05:54:00,76.1
2025-06-12 12:36:00,6.3
2025-06-12 00:38:00,19.2
2025-06-12 05:24:00,94.3
2025-06-12 21:51:00,8.0
2025-06-12 23:13:00,59.0
2025-06-12 00:30:00,50.613932505273034
2025-06-12 22:00:00,34.2
2025-06-12 01:48:00,57.8
2025-06-12 02:54:00,59.3
2025-06-12 22:31:00,50.613932505273034
2025-06-12 21:04:00,4.1
2025-06-12 10:47:00,83.0
2025-06-12 21:52:00,63.2
2025-06-12 09:12:00,52.0
2025-06-12 03:45:00,44.6
2025-06-12 04:14:00,79.6
2025-06-12 18:29:00,12.0
2025-06-12 09:40:00,89.9
2025-06-12 07:09:00,28.2
2025-06-12 20:47:00,61.2
2025-06-12 02:22:00,45.8
2025-06-12 03:04:00,87.1
2025-06-12 15:02:00,53.6
2025-06-12 10:32:00,29.5
2025-06-12 01:32:00,73.1
2025-06-12 12:50:00,50.613932505273034
2025-06-12 15:17:00,23.2
2025-06-12 11:40:00,50.613932505273034
2025-06-12 15:56:00,71.6
2025-06-12 05:04:00,9.7
2025-06-12 07:34:00,50.3
2025-06-12 21:12:00,28.8
2025-06-12 22:47:00,50.613932505273034
2025-06-12 12:42:00,55.7
2025-06-12 20:10:00,18.1
2025-06-12 17:41:00,37.3
2025-06-12 06:43:00,87.4
2025-06-12 08:51:00,19.0
2025-06-12 03:51:00,36.7
2025-06-12 09:26:00,50.613932505273034
2025-06-12 09:06:00,98.4
2025-06-12 16:06:00,34.4
2025-06-12 08:07:00,33.9
2025-06-12 22:03:00,30.5
2025-06-12 17:18:00,24.6
2025-06-12 20:44:00,37.0
2025-06-12 05:24:00,54.8
2025-06-12 07:56:00,56.7
2025-06-12 00:30:00,89.4
2025-06-12 03:43:00,39.0
2025-06-12 10:57:00,50.613932505273034
2025-06-12 13:52:00,35.1
2025-06-12 18:47:00,79.1
2025-06-12 04:25:00,90.9
2025-06-12 23:20:00,77.1
2025-06-12 01:17:00,56.9
2025-06-12 22:56:00,81.4
2025-06-12 08:39:00,88.5
2025-06-12 15:24:00,12.3
2025-06-12 18:31:00,41.3
2025-06-12 11:26:00,0.9
2025-06-12 05:07:00,5.1
2025-06-12 08:41:00,18.0
2025-06-12 10:25:00,96.3
2025-06-12 16:40:00,39.7
2025-06-12 07:10:00,35.8
2025-06-12 21:59:00,52.6
2025-06-12 16:09:00,50.17195767195767
2025-06-12 01:36:00,18.6
2025-06-12 16:31:00,13.0
2025-06-12 14:24:00,18.5
2025-06-12 15:01:00,49.0
2025-06-12 10:18:00,14.9
2025-06-12 12:15:00,45.6
2025-06-12 19:25:00,41.4
2025-06-12 04:39:00,33.3
2025-06-12 16:12:00,50.17195767195767
2025-06-12 12:05:00,2.6
2025-06-12 14:54:00,67.5
2025-06-12 16:30:00,83.6
2025-06-12 05:00:00,30.2
2025-06-12 06:15:00,23.3
2025-06-12 01:54:00,71.2
2025-06-12 05:13:00,11.2
2025-06-12 16:25:00,50.17195767195767
2025-06-12 05:42:00,76.5
2025-06-12 04:45:00,57.4
2025-06-12 17:49:00,50.4
2025-06-12 07:29:00,0.1
2025-06-12 05:44:00,6.2
2025-06-12 10:45:00,76.3
2025-06-12 09:03:00,4.3
2025-06-12 07:48:00,50.17195767195767
2025-06-12 07:51:00,86.9
2025-06-12 12:14:00,50.17195767195767
2025-06-12 13:44:00,50.17195767195767
2025-06-12 19:57:00,42.5
2025-06-12 07:19:00,50.17195767195767
2025-06-12 06:20:00,44.9
2025-06-12 14:15:00,36.2
2025-06-12 13:00:00,54.9
2025-06-12 11:54:00,59.1
2025-06-12 08:30:00,50.17195767195767
2025-06-12 00:40:00,62.7
2025-06-12 13:04:00,47.8
2025-06-12 15:33:00,50.17195767195767
2025-06-12 15:17:00,55.1
2025-06-12 13:36:00,34.4
2025-06-12 03:48:00,68.6
2025-06-12 15:53:00,62.0
2025-06-12 07:38:00,93.1
2025-06-12 01:30:00,3.3
2025-06-12 11:10:00,67.9
2025-06-12 02:49:00,50.17195767195767
2025-06-12 16:00:00,65.0
2025-06-12 06:56:00,25.7
2025-06-12 19:33:00,24.7
2025-06-12 00:26:00,49.7
2025-06-12 16:54:00,67.0
2025-06-12 18:11:00,59.1
2025-06-12 21:20:00,67.2
2025-06-12 01:31:00,31.2
2025-06-12 08:55:00,58.4
2025-06-12 14:31:00,4.2
2025-06-12 03:30:00,50.17195767195767
2025-06-12 21:51:00,50.17195767195767
2025-06-12 10:06:00,46.9
2025-06-12 01:09:00,90.9
2025-06-12 06:44:00,42.8
2025-06-12 06:35:00,63.5
2025-06-12 03:20:00,28.1
2025-06-12 06:30:00,50.17195767195767
2025-06-12 19:56:00,6.5
2025-06-12 12:12:00,81.9
2025-06-12 16:01:00,50.17195767195767
2025-06-12 04:55:00,25.7
2025-06-12 13:10:00,97.5
2025-06-12 04:50:00,29.7
2025-06-12 06:18:00,30.3
2025-06-12 19:47:00,50.17195767195767
2025-06-12 03:47:00,50.17195767195767
2025-06-12 21:42:00,40.8
2025-06-12 15:14:00,53.6
2025-06-12 01:11:00,89.1
2025-06-12 07:30:00,82.6
2025-06-12 05:26:00,28.5
2025-06-12 00:10:00,50.17195767195767
2025-06-12 22:18:00,62.9
2025-06-12 03:39:00,18.4
2025-06-12 10:56:00,19.7
2025-06-12 22:39:00,50.17195767195767
2025-06-12 15:16:00,13.7
2025-06-12 07:07:00,50.17195767195767
2025-06-12 05:17:00,96.3
2025-06-12 22:30:00,50.17195767195767
2025-06-12 20:27:00,61.1
2025-06-12 23:18:00,37.3
2025-06-12 08:11:00,62.6
2025-06-12 02:35:00,50.17195767195767
2025-06-12 17:16:00,68.8
2025-06-12 13:57:00,50.7
2025-06-12 13:01:00,63.0
2025-06-12 18:48:00,56.6
2025-06-12 13:37:00,76.4
2025-06-12 21:33:00,67.9
2025-06-12 01:16:00,77.6
2025-06-12 07:48:00,51.3
2025-06-12 08:07:00,32.5
2025-06-12 23:33:00,50.17195767195767
2025-06-12 13:55:00,31.6
2025-06-12 14:21:00,57.0
2025-06-12 07:35:00,72.0
2025-06-12 07:50:00,82.1
2025-06-12 08:35:00,97.7
2025-06-12 08:26:00,50.17195767195767
2025-06-12 19:01:00,46.6
2025-06-12 14:20:00,20.6
2025-06-12 02:21:00,47.8
2025-06-12 10:36:00,21.5
2025-06-12 08:35:00,0.9
2025-06-12 00:56:00,7.2
2025-06-12 10:32:00,81.4
2025-06-12 05:45:00,50.17195767195767
2025-06-12 03:32:00,90.3
2025-06-12 21:10:00,38.4
2025-06-12 10:24:00,50.17195767195767
2025-06-12 06:55:00,50.17195767195767
2025-06-12 13:39:00,34.2
2025-06-12 19:47:00,76.5
2025-06-12 04:14:00,50.17195767195767
2025-06-12 00:39:00,22.3
2025-06-12 20:49:00,90.8
2025-06-12 12:42:00,5.9
2025-06-12 11:49:00,73.6
2025-06-12 15:01:00,40.6
2025-06-12 04:26:00,50.17195767195767
2025-06-12 23:51:00,25.3
2025-06-12 09:31:00,30.3
2025-06-12 04:31:00,90.9
2025-06-12 07:37:00,12.4
2025-06-12 02:01:00,50.17195767195767
2025-06-12 13:07:00,86.2
2025-06-12 14:58:00,19.6
2025-06-12 01:34:00,86.1
2025-06-12 11:46:00,84.8
2025-06-12 11:24:00,50.17195767195767
2025-06-12 04:45:00,63.2
2025-06-12 04:29:00,16.0
2025-06-12 03:46:00,55.9
2025-06-12 07:04:00,76.9
2025-06-12 11:02:00,25.7
2025-06-12 10:03:00,50.17195767195767
2025-06-12 13:49:00,50.17195767195767
2025-06-12 08:39:00,57.2
2025-06-12 06:16:00,48.7
2025-06-12 17:18:00,8.9
2025-06-12 11:11:00,77.7
2025-06-12 16:08:00,8.0
2025-06-12 03:55:00,50.17195767195767
2025-06-12 02:07:00,17.9
2025-06-12 20:00:00,86.9
2025-06-12 04:19:00,76.3
2025-06-12 01:50:00,46.1
2025-06-12 03:27:00,82.5
2025-06-12 02:57:00,45.5
2025-06-12 03:08:00,69.8
2025-06-12 04:40:00,35.7
2025-06-12 19:14:00,60.5
2025-06-12 11:15:00,50.17195767195767
2025-06-12 09:36:00,50.17195767195767
2025-06-12 03:25:00,6.3
2025-06-12 16:52:00,50.17195767195767
2025-06-12 16:36:00,10.7
2025-06-12 04:01:00,74.3
2025-06-12 04:47:00,32.2
2025-06-12 14:52:00,50.17195767195767
2025-06-12 08:47:00,76.1
2025-06-12 00:29:00,43.6
2025-06-12 12:06:00,89.1
2025-06-12 16:28:00,40.4
2025-06-12 04:04:00,21.6
2025-06-12 15:58:00,62.1
2025-06-12 02:14:00,50.17195767195767
2025-06-12 23:00:00,91.2
2025-06-12 18:28:00,24.9
2025-06-12 07:38:00,38.0
2025-06-12 21:15:00,48.6
2025-06-12 07:19:00,50.17195767195767
2025-06-12 12:14:00,50.17195767195767
2025-06-12 01:50:00,35.3
2025-06-12 05:29:00,49.7
2025-06-12 17:50:00,77.7
2025-06-12 10:18:00,22.9
2025-06-12 07:41:00,29.2
2025-06-12 12:49:00,92.9
2025-06-12 11:42:00,56.8
2025-06-12 16:06:00,9.6
2025-06-12 14:23:00,50.17195767195767
2025-06-12 21:50:00,12.3
2025-06-12 06:52:00,87.1
2025-06-12 11:34:00,25.9
2025-06-12 10:04:00,54.0
2025-06-12 07:25:00,21.5
2025-06-12 03:49:00,57.0
2025-06-12 06:18:00,55.0
2025-06-12 02:15:00,50.17195767195767
2025-06-12 23:59:00,46.0
2025-06-12 18:51:00,80.3
2025-06-12 19:53:00,31.4
2025-06-12 06:47:00,62.5
2025-06-12 18:04:00,42.0
2025-06-12 04:04:00,35.2
2025-06-12 10:58:00,81.9
2025-06-12 13:46:00,3.1
2025-06-12 23:34:00,62.7
2025-06-12 03:32:00,44.3
2025-06-12 21:43:00,50.17195767195767
2025-06-12 16:21:00,90.6
2025-06-12 01:32:00,67.4
2025-06-12 19:37:00,34.3
2025-06-12 18:41:00,83.4
2025-06-12 16:04:00,48.4
2025-06-12 18:28:00,98.1
2025-06-12 02:58:00,67.9
2025-06-12 07:13:00,15.9
2025-06-12 10:56:00,46.8
2025-06-12 21:11:00,11.5
2025-06-12 09:09:00,52.4
2025-06-12 03:21:00,56.3
2025-06-12 07:41:00,81.7
2025-06-12 17:30:00,15.3
2025-06-12 09:29:00,19.3
2025-06-12 04:32:00,50.17195767195767
2025-06-12 11:18:00,73.5
2025-06-12 15:26:00,86.2
2025-06-12 12:55:00,44.7
2025-06-12 05:14:00,42.0
2025-06-12 10:01:00,68.2
2025-06-12 14:56:00,32.6
2025-06-12 06:53:00,31.4
2025-06-12 17:21:00,69.8
2025-06-12 06:12:00,12.1
2025-06-12 21:52:00,60.3
2025-06-12 12:32:00,77.0
2025-06-12 03:02:00,50.17195767195767
2025-06-12 18:50:00,18.3
2025-06-12 19:41:00,68.8
2025-06-12 09:39:00,71.1
2025-06-12 00:10:00,50.17195767195767
2025-06-12 04:27:00,30.5
2025-06-12 09:40:00,56.1
2025-06-12 18:13:00,13.1
2025-06-12 18:01:00,77.2
2025-06-12 07:17:00,40.0
2025-06-12 20:52:00,32.5
2025-06-12 22:46:00,76.1
2025-06-12 08:34:00,50.17195767195767
2025-06-12 18:33:00,59.1
2025-06-12 20:02:00,10.8
2025-06-12 03:53:00,83.1
2025-06-12 01:20:00,23.5
2025-06-12 21:59:00,14.4
2025-06-12 14:59:00,30.0
2025-06-12 07:58:00,62.6
2025-06-12 03:28:00,66.4
2025-06-12 08:44:00,58.7
2025-06-12 15:13:00,22.6
2025-06-12 06:01:00,3.5
2025-06-12 22:01:00,70.1
2025-06-12 10:21:00,16.3
2025-06-12 01:30:00,58.6
2025-06-12 16:55:00,56.2
2025-06-12 23:36:00,69.6
2025-06-12 21:08:00,50.17195767195767
2025-06-12 21:55:00,51.4
2025-06-12 17:00:00,91.1
2025-06-12 05:56:00,50.3
2025-06-12 12:34:00,25.2
2025-06-12 01:06:00,90.9
2025-06-12 22:46:00,89.2
2025-06-12 22:36:00,99.4
2025-06-12 02:58:00,9.3
2025-06-12 10:10:00,90.3
2025-06-12 20:36:00,1.7
2025-06-12 20:08:00,9.3
2025-06-12 09:36:00,15.5
2025-06-12 03:59:00,48.5
2025-06-12 10:44:00,56.8
2025-06-12 09:25:00,6.5
2025-06-12 21:36:00,68.8
2025-06-12 23:32:00,49.2
2025-06-12 13:09:00,74.5
2025-06-12 09:06:00,30.6
2025-06-12 19:34:00,28.1
2025-06-12 18:12:00,50.17195767195767
2025-06-12 05:07:00,89.3
2025-06-12 23:40:00,61.4
2025-06-12 21:02:00,68.4
2025-06-12 21:11:00,44.3
2025-06-12 21:03:00,71.1
2025-06-12 22:00:00,47.4
2025-06-12 06:22:00,31.8
2025-06-12 09:37:00,19.7
2025-06-12 10:57:00,50.17195767195767
2025-06-12 14:06:00,21.5
2025-06-12 10:55:00,84.6
2025-06-12 03:15:00,18.0
2025-06-12 09:14:00,91.7
2025-06-12 07:34:00,50.8
2025-06-12 21:39:00,26.6
2025-06-12 03:34:00,81.5
2025-06-12 12:08:00,32.3
2025-06-12 00:38:00,88.9
2025-06-12 07:44:00,18.7
2025-06-12 12:41:00,46.4
2025-06-12 06:14:00,96.8
2025-06-12 22:42:00,95.4
2025-06-12 23:13:00,56.7
2025-06-12 04:01:00,0.9
2025-06-12 04:29:00,50.17195767195767
2025-06-12 20:33:00,54.7
2025-06-12 20:11:00,12.8
2025-06-12 03:11:00,45.2
2025-06-12 21:33:00,97.7
2025-06-12 02:19:00,87.6
2025-06-12 02:39:00,33.8
2025-06-12 03:52:00,84.4
2025-06-12 14:45:00,65.0
2025-06-12 14:03:00,41.7
2025-06-12 15:35:00,72.0
2025-06-12 11:40:00,60.2
2025-06-12 05:51:00,20.7
2025-06-12 19:30:00,90.0
2025-06-12 16:53:00,14.1
2025-06-12 20:43:00,49.69252501471454
2025-06-12 13:25:00,37.8
2025-06-12 11:30:00,49.69252501471454
2025-06-12 10:18:00,31.4
2025-06-12 22:10:00,81.6
2025-06-12 10:31:00,28.2
2025-06-12 23:09:00,30.2
2025-06-12 14:07:00,60.4
2025-06-12 15:22:00,70.6
2025-06-12 18:36:00,17.8
2025-06-12 18:43:00,26.7
2025-06-12 16:34:00,85.5
2025-06-12 14:22:00,95.2
2025-06-12 23:25:00,68.4
2025-06-12 06:27:00,24.6
2025-06-12 21:01:00,49.69252501471454
2025-06-12 00:08:00,14.5
2025-06-12 10:29:00,2.5
2025-06-12 09:58:00,25.4
2025-06-12 17:07:00,49.69252501471454
2025-06-12 03:01:00,34.7
2025-06-12 02:27:00,61.3
2025-06-12 19:53:00,93.1
2025-06-12 15:26:00,90.6
2025-06-12 23:27:00,44.2
2025-06-12 06:28:00,49.69252501471454
2025-06-12 12:32:00,49.69252501471454
2025-06-12 09:31:00,71.2
2025-06-12 04:19:00,97.9
2025-06-12 07:27:00,68.3
2025-06-12 07:31:00,4.2
2025-06-12 12:18:00,49.69252501471454
2025-06-12 08:40:00,17.2
2025-06-12 18:31:00,94.4
2025-06-12 01:26:00,89.1
2025-06-12 18:30:00,33.4
2025-06-12 17:04:00,49.69252501471454
2025-06-12 19:27:00,89.1
2025-06-12 13:59:00,73.9
2025-06-12 13:18:00,90.0
2025-06-12 22:12:00,84.1
2025-06-12 23:16:00,75.3
2025-06-12 03:23:00,56.1
2025-06-12 21:39:00,65.3
2025-06-12 05:25:00,37.8
2025-06-12 05:44:00,56.0
2025-06-12 22:29:00,63.3
2025-06-12 22:25:00,57.9
2025-06-12 04:43:00,83.2
2025-06-12 02:00:00,47.7
2025-06-12 16:08:00,97.2
2025-06-12 14:51:00,49.69252501471454
2025-06-12 19:44:00,9.6
2025-06-12 08:04:00,20.1
2025-06-12 02:17:00,49.69252501471454
2025-06-12 04:03:00,79.7
2025-06-12 22:20:00,26.4
2025-06-12 21:12:00,48.6
2025-06-12 18:18:00,7.4
2025-06-12 09:42:00,49.69252501471454
2025-06-12 22:56:00,42.9
2025-06-12 15:52:00,18.9
2025-06-12 09:33:00,73.1
2025-06-12 16:31:00,90.8
2025-06-12 10:37:00,73.7
2025-06-12 23:20:00,37.9
2025-06-12 00:10:00,5.7
2025-06-12 06:12:00,49.69252501471454
2025-06-12 21:42:00,71.0
2025-06-12 20:30:00,32.6
2025-06-12 08:31:00,2.7
2025-06-12 10:00:00,49.69252501471454
2025-06-12 13:29:00,4.2
2025-06-12 17:47:00,21.8
2025-06-12 20:47:00,49.69252501471454
2025-06-12 14:52:00,25.9
2025-06-12 12:23:00,42.5
2025-06-12 23:59:00,33.7
2025-06-12 21:24:00,49.69252501471454
2025-06-12 14:11:00,17.2
2025-06-12 04:07:00,49.69252501471454
2025-06-12 17:02:00,37.4
2025-06-12 15:51:00,17.6
2025-06-12 05:09:00,82.6
2025-06-12 14:18:00,33.2
2025-06-12 11:38:00,88.1
2025-06-12 02:49:00,35.6
2025-06-12 01:06:00,41.4
2025-06-12 01:17:00,50.3
2025-06-12 01:14:00,29.2
2025-06-12 04:26:00,49.69252501471454
2025-06-12 23:24:00,37.3
2025-06-12 02:53:00,49.69252501471454
2025-06-12 08:32:00,1.5
2025-06-12 03:46:00,49.69252501471454
2025-06-12 20:54:00,67.5
2025-06-12 07:06:00,1.1
2025-06-12 04:40:00,96.2
2025-06-12 16:11:00,49.69252501471454
2025-06-12 17:59:00,78.5
2025-06-12 00:14:00,3.4
2025-06-12 04:53:00,51.5
2025-06-12 08:14:00,81.2
2025-06-12 10:10:00,94.6
2025-06-12 17:00:00,94.6
2025-06-12 22:36:00,41.8
2025-06-12 17:50:00,70.3
2025-06-12 02:46:00,38.0
2025-06-12 22:05:00,38.0
2025-06-12 02:13:00,39.6
2025-06-12 10:33:00,58.5
2025-06-12 14:04:00,48.9
2025-06-12 06:27:00,49.69252501471454
2025-06-12 21:58:00,19.0
2025-06-12 22:10:00,51.5
2025-06-12 23:29:00,87.5
2025-06-12 21:49:00,35.2
2025-06-12 12:31:00,60.5
2025-06-12 02:26:00,80.5
2025-06-12 13:39:00,49.69252501471454
2025-06-12 04:49:00,8.5
2025-06-12 10:01:00,49.69252501471454
2025-06-12 00:57:00,95.6
2025-06-12 18:05:00,39.8
2025-06-12 13:02:00,74.5
2025-06-12 01:09:00,10.5
2025-06-12 19:39:00,19.7
2025-06-12 00:25:00,49.69252501471454
2025-06-12 01:19:00,67.7
2025-06-12 13:00:00,34.3
2025-06-12 00:10:00,97.6
2025-06-12 21:51:00,98.3
2025-06-12 07:07:00,60.5
2025-06-12 16:40:00,12.4
2025-06-12 15:42:00,63.2
2025-06-12 03:55:00,88.9
2025-06-12 08:17:00,98.2
2025-06-12 09:44:00,31.6
2025-06-12 18:11:00,92.1
2025-06-12 09:53:00,63.0
2025-06-12 16:00:00,81.5
2025-06-12 05:58:00,56.2
2025-06-12 18:01:00,51.4
2025-06-12 12:40:00,63.1
2025-06-12 22:35:00,7.6
2025-06-12 10:41:00,38.6
2025-06-12 15:01:00,4.6
2025-06-12 23:06:00,7.4
2025-06-12 01:18:00,54.0
2025-06-12 09:20:00,68.8
2025-06-12 07:22:00,13.4
2025-06-12 10:06:00,67.6
2025-06-12 22:31:00,7.5
2025-06-12 02:22:00,61.7
2025-06-12 02:48:00,29.5
2025-06-12 20:47:00,50.7
2025-06-12 12:10:00,10.9
2025-06-12 01:15:00,49.69252501471454
2025-06-12 11:16:00,95.7
2025-06-12 16:27:00,6.7
2025-06-12 15:09:00,63.2
2025-06-12 20:09:00,14.6
2025-06-12 17:10:00,96.5
2025-06-12 02:56:00,38.7
2025-06-12 13:10:00,42.6
2025-06-12 11:53:00,21.4
2025-06-12 23:11:00,83.5
2025-06-12 19:45:00,49.69252501471454
2025-06-12 07:30:00,43.6
2025-06-12 22:34:00,67.6
2025-06-12 04:01:00,31.4
2025-06-12 12:24:00,53.7
2025-06-12 04:03:00,85.9
2025-06-12 01:08:00,90.0
2025-06-12 13:34:00,67.6
2025-06-12 04:35:00,69.1
2025-06-12 19:48:00,94.4
2025-06-12 08:39:00,99.0
2025-06-12 15:35:00,52.5
2025-06-12 16:12:00,29.7
2025-06-12 01:31:00,38.4
2025-06-12 06:27:00,13.0
2025-06-12 12:37:00,20.1
2025-06-12 18:01:00,84.8
2025-06-12 09:56:00,75.5
2025-06-12 01:46:00,73.6
2025-06-12 19:14:00,50.3
2025-06-12 12:59:00,68.8
2025-06-12 16:27:00,33.7
2025-06-12 15:29:00,41.3
2025-06-12 05:38:00,37.9
2025-06-12 09:57:00,43.5
2025-06-12 17:06:00,19.3
2025-06-12 00:26:00,3.9
2025-06-12 19:27:00,78.1
2025-06-12 13:28:00,6.1
2025-06-12 12:42:00,50.9
2025-06-12 04:31:00,44.7
2025-06-12 18:44:00,22.1
2025-06-12 07:30:00,7.0
2025-06-12 10:36:00,49.69252501471454
2025-06-12 21:47:00,77.8
2025-06-12 11:19:00,70.5
2025-06-12 23:04:00,49.69252501471454
2025-06-12 22:25:00,26.4
2025-06-12 08:40:00,12.6
2025-06-12 19:19:00,49.69252501471454
2025-06-12 18:17:00,58.6
2025-06-12 06:23:00,36.5
2025-06-12 10:01:00,92.6
2025-06-12 16:16:00,67.6
2025-06-12 04:56:00,85.8
2025-06-12 12:09:00,90.8
2025-06-12 04:57:00,16.0
2025-06-12 08:40:00,65.7
2025-06-12 15:32:00,49.69252501471454
2025-06-12 19:44:00,6.8
2025-06-12 00:16:00,5.1
2025-06-12 18:37:00,94.1
2025-06-12 04:03:00,1.4
2025-06-12 13:46:00,49.69252501471454
2025-06-12 23:33:00,59.3
2025-06-12 16:27:00,49.69252501471454
2025-06-12 12:24:00,49.69252501471454
2025-06-12 16:36:00,63.3
2025-06-12 21:26:00,7.0
2025-06-12 11:17:00,39.3
2025-06-12 22:30:00,42.7
2025-06-12 04:37:00,17.4
2025-06-12 08:46:00,76.6
2025-06-12 05:29:00,79.1
2025-06-12 08:42:00,83.6
2025-06-12 11:21:00,14.9
2025-06-12 23:08:00,71.8
2025-06-12 13:47:00,28.9
2025-06-12 17:03:00,49.69252501471454
2025-06-12 08:02:00,42.0
2025-06-12 04:53:00,87.4
2025-06-12 18:14:00,36.4
2025-06-12 05:21:00,64.2
2025-06-12 22:47:00,14.3
2025-06-12 16:52:00,55.8
2025-06-12 13:40:00,86.1
2025-06-12 16:41:00,52.0
2025-06-12 17:39:00,84.7
2025-06-12 11:50:00,22.9
2025-06-12 22:40:00,89.4
2025-06-12 22:59:00,49.69252501471454
2025-06-12 02:16:00,72.4
2025-06-12 01:32:00,94.8
2025-06-12 19:49:00,1.9
2025-06-12 05:39:00,92.5
2025-06-12 06:04:00,49.69252501471454
2025-06-12 11:56:00,49.69252501471454
2025-06-12 13:10:00,59.5
2025-06-12 16:32:00,56.1
2025-06-12 17:07:00,73.6
2025-06-12 01:48:00,63.3
2025-06-12 06:07:00,48.8
2025-06-12 02:31:00,66.4
2025-06-12 12:49:00,44.4
2025-06-12 11:40:00,93.0
2025-06-12 18:32:00,65.7
2025-06-12 23:09:00,11.3
2025-06-12 09:53:00,63.1
2025-06-12 10:25:00,48.5
2025-06-12 00:20:00,64.3
2025-06-12 03:29:00,51.6
2025-06-12 20:14:00,49.69252501471454
2025-06-12 11:40:00,89.1
2025-06-12 16:44:00,77.0
2025-06-12 10:35:00,49.69252501471454
2025-06-12 07:20:00,49.69252501471454
2025-06-12 04:59:00,82.3
2025-06-12 19:28:00,49.69252501471454
2025-06-12 20:43:00,50.7
2025-06-12 18:38:00,77.5
2025-06-12 14:34:00,51.7
2025-06-12 09:49:00,31.6
2025-06-12 06:23:00,70.3
2025-06-12 23:57:00,10.9
2025-06-12 00:28:00,49.69252501471454
2025-06-12 12:48:00,63.7
2025-06-12 06:14:00,49.69252501471454
2025-06-12 00:03:00,54.5
2025-06-12 10:11:00,84.2
2025-06-12 01:38:00,9.5
2025-06-12 17:18:00,81.8
2025-06-12 21:27:00,87.3
2025-06-12 15:21:00,47.8
2025-06-12 10:52:00,77.3
2025-06-12 13:44:00,68.6
2025-06-12 08:38:00,60.5
2025-06-12 02:16:00,95.2
2025-06-12 00:06:00,55.1
2025-06-12 06:03:00,90.8
2025-06-12 23:00:00,69.6
2025-06-12 22:09:00,20.7
2025-06-12 19:51:00,82.3
2025-06-12 01:41:00,23.9
2025-06-12 18:06:00,22.6
2025-06-12 12:56:00,30.7
2025-06-12 09:04:00,50.2
2025-06-12 05:05:00,40.9
2025-06-12 16:20:00,58.4
2025-06-12 13:57:00,30.3
2025-06-12 00:10:00,80.7
2025-06-12 20:16:00,49.69252501471454
2025-06-12 19:05:00,3.5
2025-06-12 04:23:00,3.7
2025-06-12 21:42:00,49.69252501471454
2025-06-12 00:36:00,49.69252501471454
2025-06-12 23:20:00,25.8
2025-06-12 17:28:00,92.4
2025-06-12 03:33:00,49.69252501471454
2025-06-12 03:17:00,21.9
2025-06-12 05:12:00,90.6
2025-06-12 03:18:00,28.0
2025-06-12 14:43:00,73.8
2025-06-12 10:41:00,82.1
2025-06-12 12:56:00,77.1
2025-06-12 06:32:00,1.1
2025-06-12 23:28:00,66.6
2025-06-12 18:03:00,0.7
2025-06-12 18:03:00,96.7
2025-06-12 03:00:00,69.0
2025-06-12 03:21:00,36.0
2025-06-12 02:22:00,2.4
2025-06-12 06:26:00,22.0
2025-06-12 04:57:00,28.5
2025-06-12 09:22:00,3.1
2025-06-12 07:40:00,84.1
2025-06-12 03:01:00,65.2
2025-06-12 21:32:00,18.2
2025-06-12 13:17:00,49.88181818181819
2025-06-12 11:25:00,34.1
2025-06-12 08:47:00,49.88181818181819
2025-06-12 19:25:00,37.7
2025-06-12 04:00:00,58.6
2025-06-12 05:24:00,49.88181818181819
2025-06-12 06:24:00,36.0
2025-06-12 01:02:00,91.7
2025-06-12 00:37:00,45.9
2025-06-12 16:56:00,50.9
2025-06-12 12:59:00,49.88181818181819
2025-06-12 02:06:00,95.3
2025-06-12 05:29:00,49.88181818181819
2025-06-12 05:35:00,99.1
2025-06-12 19:57:00,4.4
2025-06-12 17:15:00,57.3
2025-06-12 18:10:00,93.4
2025-06-12 21:02:00,81.0
2025-06-12 16:09:00,92.0
2025-06-12 17:56:00,49.88181818181819
2025-06-12 19:44:00,47.1
2025-06-12 11:30:00,69.5
2025-06-12 00:13:00,1.5
2025-06-12 04:44:00,4.9
2025-06-12 11:59:00,91.1
2025-06-12 06:44:00,84.3
2025-06-12 08:18:00,49.88181818181819
2025-06-12 20:21:00,71.0
2025-06-12 00:29:00,60.8
2025-06-12 07:14:00,9.7
2025-06-12 18:48:00,98.8
2025-06-12 13:05:00,19.1
2025-06-12 17:53:00,76.9
2025-06-12 04:04:00,45.8
2025-06-12 23:04:00,59.2
2025-06-12 17:43:00,49.88181818181819
2025-06-12 01:28:00,63.0
2025-06-12 01:41:00,28.4
2025-06-12 15:35:00,77.2
2025-06-12 01:30:00,14.9
2025-06-12 15:52:00,49.88181818181819
2025-06-12 08:23:00,49.88181818181819
2025-06-12 13:41:00,89.3
2025-06-12 09:13:00,64.7
2025-06-12 11:23:00,89.9
2025-06-12 21:10:00,36.4
2025-06-12 04:42:00,49.88181818181819
2025-06-12 19:16:00,49.9
2025-06-12 00:41:00,37.4
2025-06-12 06:13:00,44.8
2025-06-12 00:26:00,31.9
2025-06-12 23:38:00,33.9
2025-06-12 01:21:00,49.88181818181819
2025-06-12 17:30:00,32.0
2025-06-12 12:37:00,97.7
2025-06-12 12:29:00,36.4
2025-06-12 12:34:00,49.88181818181819
2025-06-12 08:23:00,59.4
2025-06-12 11:27:00,63.9
2025-06-12 18:15:00,6.5
2025-06-12 23:53:00,40.2
2025-06-12 17:56:00,69.2
2025-06-12 18:07:00,68.8
2025-06-12 20:59:00,33.0
2025-06-12 06:24:00,18.2
2025-06-12 15:07:00,24.7
2025-06-12 21:19:00,46.7
2025-06-12 14:05:00,97.0
2025-06-12 21:00:00,30.2
2025-06-12 04:06:00,85.0
2025-06-12 13:21:00,49.88181818181819
2025-06-12 15:05:00,98.4
2025-06-12 12:36:00,95.3
2025-06-12 14:48:00,23.8
2025-06-12 20:55:00,31.7
2025-06-12 04:56:00,48.9
2025-06-12 20:54:00,67.1
2025-06-12 18:41:00,77.2
2025-06-12 06:51:00,2.2
2025-06-12 22:27:00,41.0
2025-06-12 17:53:00,31.8
2025-06-12 08:52:00,16.3
2025-06-12 07:26:00,49.88181818181819
2025-06-12 08:25:00,63.8
2025-06-12 09:03:00,53.7
2025-06-12 21:34:00,13.1
2025-06-12 03:36:00,49.88181818181819
2025-06-12 01:04:00,49.88181818181819
2025-06-12 21:01:00,32.8
2025-06-12 18:57:00,8.6
2025-06-12 20:50:00,49.88181818181819
2025-06-12 23:58:00,2.6
2025-06-12 09:12:00,62.7
2025-06-12 03:26:00,33.1
2025-06-12 05:48:00,49.88181818181819
2025-06-12 15:31:00,38.9
2025-06-12 19:14:00,50.0
2025-06-12 21:06:00,49.88181818181819
2025-06-12 17:04:00,24.6
2025-06-12 02:01:00,16.3
2025-06-12 05:41:00,2.3
2025-06-12 07:05:00,63.5
2025-06-12 23:29:00,21.7
2025-06-12 08:48:00,82.7
2025-06-12 18:05:00,19.0
2025-06-12 02:48:00,30.0
2025-06-12 00:08:00,42.4
2025-06-12 02:50:00,56.0
2025-06-12 22:03:00,61.8
2025-06-12 20:18:00,97.0
2025-06-12 23:53:00,38.2
2025-06-12 05:10:00,97.4
2025-06-12 06:48:00,79.8
2025-06-12 02:49:00,49.88181818181819
2025-06-12 19:25:00,70.8
2025-06-12 13:30:00,57.9
2025-06-12 08:21:00,13.0
2025-06-12 12:41:00,80.9
2025-06-12 16:39:00,68.9
2025-06-12 04:21:00,49.88181818181819
2025-06-12 23:08:00,55.7
2025-06-12 15:14:00,17.4
2025-06-12 17:21:00,48.1
2025-06-12 16:07:00,4.1
2025-06-12 14:05:00,37.3
2025-06-12 22:44:00,26.3
2025-06-12 22:03:00,49.88181818181819
2025-06-12 21:53:00,36.4
2025-06-12 05:04:00,72.6
2025-06-12 04:25:00,97.4
2025-06-12 10:59:00,12.7
2025-06-12 17:24:00,96.9
2025-06-12 22:42:00,15.1
2025-06-12 13:59:00,99.1
2025-06-12 07:13:00,42.0
2025-06-12 15:26:00,36.7
2025-06-12 02:25:00,95.7
2025-06-12 09:05:00,86.9
2025-06-12 12:12:00,44.7
2025-06-12 11:40:00,64.4
2025-06-12 09:01:00,50.1
2025-06-12 08:39:00,71.9
2025-06-12 04:07:00,83.4
2025-06-12 03:13:00,33.7
2025-06-12 14:31:00,49.88181818181819
2025-06-12 03:58:00,9.1
2025-06-12 21:55:00,14.6
2025-06-12 08:35:00,71.0
2025-06-12 09:12:00,49.88181818181819
2025-06-12 17:15:00,12.8
2025-06-12 06:03:00,49.88181818181819
2025-06-12 16:04:00,33.1
2025-06-12 00:20:00,85.9
2025-06-12 14:50:00,88.0
2025-06-12 23:21:00,0.6
2025-06-12 12:42:00,63.6
2025-06-12 00:36:00,31.7
2025-06-12 02:51:00,15.0
2025-06-12 01:22:00,72.5
2025-06-12 18:00:00,56.0
2025-06-12 06:19:00,34.6
2025-06-12 01:31:00,64.1
2025-06-12 16:17:00,97.1
2025-06-12 21:27:00,57.0
2025-06-12 11:52:00,6.2
2025-06-12 20:58:00,54.1
2025-06-12 12:04:00,43.6
2025-06-12 17:23:00,31.5
2025-06-12 09:17:00,14.1
2025-06-12 17:42:00,99.8
2025-06-12 02:41:00,49.88181818181819
2025-06-12 11:31:00,49.88181818181819
2025-06-12 19:37:00,49.88181818181819
2025-06-12 20:31:00,16.5
2025-06-12 11:56:00,56.8
2025-06-12 07:41:00,45.6
2025-06-12 21:54:00,4.9
2025-06-12 19:39:00,98.1
2025-06-12 03:02:00,22.2
2025-06-12 04:07:00,25.6
2025-06-12 06:53:00,32.4
2025-06-12 11:56:00,24.5
2025-06-12 00:34:00,77.6
2025-06-12 00:36:00,99.7
2025-06-12 19:25:00,46.6
2025-06-12 10:20:00,49.88181818181819
2025-06-12 23:11:00,25.1
2025-06-12 05:15:00,13.9
2025-06-12 20:51:00,68.0
2025-06-12 02:34:00,30.3
2025-06-12 03:19:00,49.88181818181819
2025-06-12 19:31:00,83.5
2025-06-12 14:01:00,88.6
2025-06-12 23:31:00,34.4
2025-06-12 11:37:00,4.0
2025-06-12 20:14:00,52.7
2025-06-12 15:27:00,7.4
2025-06-12 23:05:00,32.7
2025-06-12 14:28:00,24.4
2025-06-12 13:14:00,90.5
2025-06-12 01:54:00,50.7
2025-06-12 19:54:00,16.4
2025-06-12 23:35:00,85.1
2025-06-12 14:48:00,49.88181818181819
2025-06-12 14:14:00,13.1
2025-06-12 05:05:00,60.4
2025-06-12 20:51:00,92.4
2025-06-12 01:20:00,24.7
2025-06-12 08:15:00,49.88181818181819
2025-06-12 02:32:00,79.5
2025-06-12 03:44:00,61.0
2025-06-12 10:56:00,49.88181818181819
2025-06-12 11:07:00,16.7
2025-06-12 03:01:00,58.9
2025-06-12 06:06:00,42.8
2025-06-12 06:25:00,49.88181818181819
2025-06-12 09:54:00,58.8
2025-06-12 09:29:00,35.3
2025-06-12 04:16:00,63.1
2025-06-12 13:19:00,93.0
2025-06-12 02:16:00,77.6
2025-06-12 10:11:00,10.6
2025-06-12 09:23:00,92.1
2025-06-12 15:21:00,27.8
2025-06-12 10:51:00,66.3
2025-06-12 21:52:00,20.2
2025-06-12 12:42:00,98.3
2025-06-12 07:40:00,80.4
2025-06-12 10:19:00,71.2
2025-06-12 04:34:00,73.3
2025-06-12 14:27:00,96.1
2025-06-12 01:01:00,97.3
2025-06-12 18:13:00,49.88181818181819
2025-06-12 14:14:00,41.9
2025-06-12 08:05:00,49.88181818181819
2025-06-12 04:40:00,50.8
2025-06-12 02:27:00,58.9
2025-06-12 00:34:00,22.8
2025-06-12 09:59:00,61.8
2025-06-12 14:03:00,47.2
2025-06-12 19:48:00,95.4
2025-06-12 00:49:00,12.8
2025-06-12 23:39:00,28.0
2025-06-12 19:52:00,87.3
2025-06-12 03:29:00,63.3
2025-06-12 15:09:00,73.2
2025-06-12 19:45:00,97.1
2025-06-12 23:37:00,49.88181818181819
2025-06-12 16:21:00,68.6
2025-06-12 17:56:00,82.3
2025-06-12 13:51:00,91.1
2025-06-12 04:35:00,17.0
2025-06-12 11:22:00,6.8
2025-06-12 22:31:00,77.2
2025-06-12 15:35:00,72.6
2025-06-12 12:14:00,49.88181818181819
2025-06-12 21:09:00,63.5
2025-06-12 19:58:00,85.4
2025-06-12 10:13:00,49.88181818181819
2025-06-12 22:02:00,39.5
2025-06-12 10:52:00,39.6
2025-06-12 00:10:00,89.5
2025-06-12 06:31:00,13.6
2025-06-12 19:20:00,96.5
2025-06-12 21:31:00,65.2
2025-06-12 22:24:00,80.3
2025-06-12 22:20:00,98.4
2025-06-12 12:26:00,94.8
2025-06-12 22:27:00,36.0
2025-06-12 21:04:00,77.1
2025-06-12 19:58:00,49.88181818181819
2025-06-12 09:02:00,99.0
2025-06-12 12:26:00,33.8
2025-06-12 16:13:00,11.7
2025-06-12 06:17:00,49.88181818181819
2025-06-12 03:54:00,49.88181818181819
2025-06-12 07:35:00,19.1
2025-06-12 04:11:00,42.2
2025-06-12 04:21:00,28.2
2025-06-12 01:01:00,75.0
2025-06-12 18:31:00,69.6
2025-06-12 17:22:00,82.2
2025-06-12 19:35:00,49.88181818181819
2025-06-12 08:01:00,36.7
2025-06-12 20:15:00,17.7
2025-06-12 04:24:00,13.3
2025-06-12 12:19:00,49.88181818181819
2025-06-12 23:19:00,49.88181818181819
2025-06-12 14:01:00,22.7
2025-06-12 20:41:00,2.8
2025-06-12 06:07:00,12.3
2025-06-12 13:32:00,62.6
2025-06-12 02:35:00,68.1
2025-06-12 01:30:00,33.6
2025-06-12 07:05:00,49.88181818181819
2025-06-12 03:04:00,94.4
2025-06-12 16:49:00,49.88181818181819
2025-06-12 09:12:00,98.3
2025-06-12 11:07:00,55.6
2025-06-12 11:21:00,11.6
2025-06-12 15:51:00,4.3
2025-06-12 08:26:00,72.6
2025-06-12 23:22:00,94.5
2025-06-12 04:31:00,49.88181818181819
2025-06-12 09:33:00,49.88181818181819
2025-06-12 11:12:00,49.88181818181819
2025-06-12 07:47:00,29.8
2025-06-12 20:54:00,49.88181818181819
2025-06-12 18:01:00,2.3
2025-06-12 06:36:00,7.2
2025-06-12 00:44:00,3.7
2025-06-12 07:25:00,27.3
2025-06-12 16:46:00,69.0
2025-06-12 03:10:00,45.9
2025-06-12 10:35:00,30.4
2025-06-12 20:32:00,62.9
2025-06-12 12:18:00,40.1
2025-06-12 11:39:00,47.3
2025-06-12 11:13:00,0.9
2025-06-12 15:01:00,69.8
2025-06-12 07:40:00,6.1
2025-06-12 21:49:00,24.9
2025-06-12 05:38:00,49.88181818181819
2025-06-12 16:10:00,57.1
2025-06-12 20:09:00,13.3
2025-06-12 00:25:00,61.4
2025-06-12 06:21:00,26.0
2025-06-12 23:52:00,5.6
2025-06-12 05:36:00,4.4
2025-06-12 09:20:00,28.6
2025-06-12 19:40:00,69.8
2025-06-12 03:51:00,3.9
2025-06-12 14:52:00,39.1
2025-06-12 23:52:00,78.0
2025-06-12 07:15:00,43.5
2025-06-12 07:52:00,44.0
2025-06-12 18:57:00,36.2
2025-06-12 08:42:00,78.9
2025-06-12 21:32:00,13.2
2025-06-12 20:47:00,38.7
2025-06-12 02:01:00,55.1
2025-06-12 04:57:00,21.6
2025-06-12 18:06:00,49.88181818181819
2025-06-12 21:33:00,49.88181818181819
2025-06-12 05:40:00,67.4
2025-06-12 23:11:00,68.3
2025-06-12 16:01:00,84.3
2025-06-12 21:01:00,62.9
2025-06-12 20:14:00,38.0
2025-06-12 08:30:00,15.1
2025-06-12 12:57:00,2.1
2025-06-12 12:35:00,77.1
2025-06-12 04:58:00,4.5
2025-06-12 06:37:00,12.7
2025-06-12 10:41:00,75.5
2025-06-12 20:38:00,27.2
2025-06-12 00:50:00,24.8
2025-06-12 03:01:00,50.019744401453856
2025-06-12 10:28:00,84.5
2025-06-12 12:32:00,2.2
2025-06-12 07:51:00,47.1
2025-06-12 11:57:00,48.2
2025-06-12 08:08:00,86.7
2025-06-12 13:54:00,50.019744401453856
2025-06-12 05:47:00,65.7
2025-06-12 18:00:00,23.4
2025-06-12 21:01:00,50.0
2025-06-12 12:22:00,64.8
2025-06-12 15:01:00,31.5
2025-06-12 09:59:00,89.5
2025-06-12 01:21:00,44.3
2025-06-12 18:18:00,76.2
2025-06-12 17:52:00,63.5
2025-06-12 08:03:00,64.4
2025-06-12 11:42:00,90.5
2025-06-12 17:34:00,89.3
2025-06-12 21:17:00,55.9
2025-06-12 21:12:00,79.7
2025-06-12 08:14:00,4.2
2025-06-12 07:53:00,85.0
2025-06-12 04:43:00,65.9
2025-06-12 20:24:00,7.0
2025-06-12 15:03:00,80.6
2025-06-12 05:29:00,41.8
2025-06-12 14:35:00,82.5
2025-06-12 16:16:00,20.8
2025-06-12 21:53:00,63.2
2025-06-12 15:37:00,59.7
2025-06-12 13:29:00,52.9
2025-06-12 10:24:00,23.5
2025-06-12 21:10:00,55.0
2025-06-12 20:06:00,66.9
2025-06-12 15:11:00,60.1
2025-06-12 16:25:00,90.2
2025-06-12 23:44:00,44.6
2025-06-12 18:29:00,11.1
2025-06-12 20:04:00,50.019744401453856
2025-06-12 22:55:00,90.7
2025-06-12 06:16:00,55.0
2025-06-12 19:50:00,14.2
2025-06-12 20:08:00,6.1
2025-06-12 00:07:00,50.019744401453856
2025-06-12 13:00:00,43.7
2025-06-12 01:04:00,57.2
2025-06-12 07:25:00,88.9
2025-06-12 12:01:00,90.9
2025-06-12 02:03:00,41.6
2025-06-12 13:22:00,27.0
2025-06-12 16:54:00,61.9
2025-06-12 11:59:00,28.3
2025-06-12 16:22:00,26.9
2025-06-12 20:16:00,96.4
2025-06-12 10:12:00,6.5
2025-06-12 23:53:00,51.5
2025-06-12 05:15:00,50.019744401453856
2025-06-12 03:42:00,9.5
2025-06-12 03:13:00,27.4
2025-06-12 08:34:00,59.7
2025-06-12 01:01:00,67.2
2025-06-12 18:43:00,49.8
2025-06-12 00:29:00,2.9
2025-06-12 02:36:00,84.1
2025-06-12 04:25:00,15.8
2025-06-12 09:46:00,24.0
2025-06-12 00:10:00,50.019744401453856
2025-06-12 13:38:00,63.3
2025-06-12 04:15:00,68.1
2025-06-12 13:52:00,36.3
2025-06-12 04:18:00,77.6
2025-06-12 02:18:00,27.4
2025-06-12 00:26:00,73.6
2025-06-12 21:52:00,50.019744401453856
2025-06-12 20:57:00,24.9
2025-06-12 20:21:00,62.7
2025-06-12 06:58:00,65.3
2025-06-12 07:30:00,78.7
2025-06-12 03:27:00,37.9
2025-06-12 11:11:00,24.7
2025-06-12 23:51:00,55.2
2025-06-12 19:07:00,10.9
2025-06-12 10:05:00,77.6
2025-06-12 12:24:00,10.3
2025-06-12 10:50:00,50.019744401453856
2025-06-12 08:16:00,1.7
2025-06-12 21:59:00,70.7
2025-06-12 09:33:00,57.9
2025-06-12 03:49:00,50.019744401453856
2025-06-12 05:53:00,34.7
2025-06-12 15:12:00,53.9
2025-06-12 23:26:00,68.5
2025-06-12 00:38:00,52.6
2025-06-12 00:30:00,77.7
2025-06-12 03:45:00,10.1
2025-06-12 18:14:00,10.6
2025-06-12 19:05:00,9.8
2025-06-12 03:10:00,48.8
2025-06-12 21:32:00,57.1
2025-06-12 02:09:00,82.0
2025-06-12 00:34:00,99.1
2025-06-12 18:04:00,98.3
2025-06-12 16:48:00,92.4
2025-06-12 20:24:00,19.7
2025-06-12 02:38:00,50.019744401453856
2025-06-12 01:00:00,38.4
2025-06-12 03:50:00,93.9
2025-06-12 09:01:00,8.4
2025-06-12 07:26:00,72.1
2025-06-12 12:58:00,50.019744401453856
2025-06-12 00:37:00,95.3
2025-06-12 17:09:00,80.2
2025-06-12 22:59:00,62.0
2025-06-12 23:09:00,34.4
2025-06-12 20:38:00,53.2
2025-06-12 10:45:00,99.9
2025-06-12 20:56:00,81.5
2025-06-12 06:03:00,85.9
2025-06-12 02:36:00,11.1
2025-06-12 10:24:00,50.019744401453856
2025-06-12 11:56:00,31.9
2025-06-12 10:34:00,34.3
2025-06-12 04:03:00,37.5
2025-06-12 14:41:00,54.0
2025-06-12 20:13:00,50.019744401453856
2025-06-12 17:13:00,52.9
2025-06-12 15:19:00,50.019744401453856
2025-06-12 03:53:00,42.6
2025-06-12 05:46:00,50.019744401453856
2025-06-12 07:07:00,43.1
2025-06-12 06:49:00,29.5
2025-06-12 13:50:00,89.4
2025-06-12 22:16:00,16.0
2025-06-12 16:44:00,39.5
2025-06-12 22:08:00,50.019744401453856
2025-06-12 08:20:00,50.019744401453856
2025-06-12 05:16:00,53.2
2025-06-12 08:13:00,31.9
2025-06-12 01:43:00,82.1
2025-06-12 09:36:00,50.019744401453856
2025-06-12 06:00:00,55.1
2025-06-12 09:42:00,43.8
2025-06-12 09:46:00,75.3
2025-06-12 04:05:00,64.7
2025-06-12 06:26:00,97.9
2025-06-12 11:00:00,34.7
2025-06-12 03:41:00,69.4
2025-06-12 22:29:00,50.9
2025-06-12 12:34:00,54.9
2025-06-12 02:04:00,2.1
2025-06-12 17:09:00,38.9
2025-06-12 11:30:00,56.7
2025-06-12 03:50:00,9.7
2025-06-12 02:28:00,42.2
2025-06-12 21:41:00,68.8
2025-06-12 22:18:00,15.9
2025-06-12 23:52:00,42.6
2025-06-12 04:12:00,68.4
2025-06-12 12:17:00,61.3
2025-06-12 07:05:00,42.9
2025-06-12 09:07:00,98.2
2025-06-12 12:44:00,68.2
2025-06-12 15:28:00,50.019744401453856
2025-06-12 04:29:00,50.019744401453856
2025-06-12 11:41:00,0.2
2025-06-12 21:31:00,50.019744401453856
2025-06-12 18:22:00,10.1
2025-06-12 00:39:00,87.5
2025-06-12 02:44:00,50.019744401453856
2025-06-12 01:59:00,9.3
2025-06-12 08:37:00,5.2
2025-06-12 20:10:00,51.2
2025-06-12 23:38:00,39.5
2025-06-12 01:04:00,28.4
2025-06-12 07:55:00,68.6
2025-06-12 07:06:00,50.019744401453856
2025-06-12 18:09:00,22.3
2025-06-12 18:52:00,2.1
2025-06-12 21:43:00,49.2
2025-06-12 12:26:00,50.019744401453856
2025-06-12 23:14:00,85.5
2025-06-12 16:58:00,79.0
2025-06-12 01:31:00,94.8
2025-06-12 22:13:00,52.0
2025-06-12 11:57:00,84.0
2025-06-12 02:30:00,17.5
2025-06-12 05:18:00,4.0
2025-06-12 10:12:00,50.019744401453856
2025-06-12 14:49:00,50.019744401453856
2025-06-12 17:21:00,29.8
2025-06-12 21:52:00,90.8
2025-06-12 01:59:00,68.3
2025-06-12 01:18:00,48.3
2025-06-12 22:34:00,50.019744401453856
2025-06-12 09:41:00,52.9
2025-06-12 10:08:00,37.2
2025-06-12 04:38:00,40.5
2025-06-12 01:17:00,38.4
2025-06-12 01:40:00,78.6
2025-06-12 16:36:00,22.2
2025-06-12 03:54:00,47.0
2025-06-12 16:28:00,79.6
2025-06-12 07:34:00,56.7
2025-06-12 17:27:00,85.8
2025-06-12 23:15:00,9.7
2025-06-12 14:45:00,66.4
2025-06-12 02:53:00,21.9
2025-06-12 15:32:00,66.3
2025-06-12 04:55:00,2.5
2025-06-12 20:06:00,60.5
2025-06-12 11:20:00,18.7
2025-06-12 08:33:00,71.7
2025-06-12 03:43:00,3.2
2025-06-12 07:01:00,88.9
2025-06-12 22:41:00,26.0
2025-06-12 01:40:00,31.0
2025-06-12 22:43:00,79.2
2025-06-12 20:59:00,50.019744401453856
2025-06-12 22:14:00,84.1
2025-06-12 19:14:00,64.3
2025-06-12 09:46:00,43.9
2025-06-12 15:22:00,50.019744401453856
2025-06-12 15:44:00,52.5
2025-06-12 19:09:00,44.4
2025-06-12 16:20:00,50.019744401453856
2025-06-12 16:04:00,50.019744401453856
2025-06-12 16:05:00,27.6
2025-06-12 18:00:00,35.7
2025-06-12 06:50:00,50.019744401453856
2025-06-12 23:20:00,49.9
2025-06-12 22:30:00,50.7
2025-06-12 11:00:00,50.019744401453856
2025-06-12 03:28:00,50.019744401453856
2025-06-12 21:46:00,56.1
2025-06-12 11:33:00,68.9
2025-06-12 06:58:00,59.8
2025-06-12 20:09:00,62.3
2025-06-12 16:10:00,76.2
2025-06-12 12:06:00,39.1
2025-06-12 12:48:00,41.0
2025-06-12 12:11:00,28.7
2025-06-12 05:04:00,92.0
2025-06-12 02:46:00,57.4
2025-06-12 13:52:00,59.7
2025-06-12 08:53:00,89.9
2025-06-12 10:51:00,7.6
2025-06-12 20:23:00,26.2
2025-06-12 17:59:00,65.7
2025-06-12 12:57:00,93.1
2025-06-12 06:22:00,22.7
2025-06-12 15:05:00,20.3
2025-06-12 16:33:00,50.019744401453856
2025-06-12 01:05:00,18.2
2025-06-12 21:25:00,97.0
2025-06-12 08:49:00,75.0
2025-06-12 02:29:00,82.4
2025-06-12 16:43:00,67.5
2025-06-12 19:13:00,82.4
2025-06-12 04:53:00,39.7
2025-06-12 16:45:00,99.0
2025-06-12 04:23:00,97.9
2025-06-12 13:58:00,43.8
2025-06-12 19:54:00,30.7
2025-06-12 11:29:00,85.8
2025-06-12 22:21:00,57.6
2025-06-12 12:10:00,62.3
2025-06-12 19:24:00,76.3
2025-06-12 15:59:00,23.5
2025-06-12 04:41:00,97.7
2025-06-12 08:14:00,95.8
2025-06-12 05:51:00,20.1
2025-06-12 20:56:00,22.1
2025-06-12 05:05:00,62.6
2025-06-12 23:22:00,47.6
2025-06-12 02:26:00,17.0
2025-06-12 07:00:00,57.6
2025-06-12 02:31:00,75.7
2025-06-12 06:13:00,48.3
2025-06-12 18:00:00,50.019744401453856
2025-06-12 00:41:00,65.7
2025-06-12 02:26:00,50.019744401453856
2025-06-12 08:49:00,26.6
2025-06-12 17:36:00,62.6
2025-06-12 00:24:00,91.3
2025-06-12 11:46:00,50.019744401453856
2025-06-12 12:21:00,68.5
2025-06-12 10:46:00,23.6
2025-06-12 12:37:00,0.2
2025-06-12 16:07:00,56.1
2025-06-12 13:13:00,20.4
2025-06-12 02:39:00,73.9
2025-06-12 07:55:00,2.4
2025-06-12 10:40:00,50.019744401453856
2025-06-12 08:37:00,56.5
2025-06-12 15:24:00,50.019744401453856
2025-06-12 01:20:00,26.3
2025-06-12 15:47:00,84.3
2025-06-12 22:56:00,50.019744401453856
2025-06-12 17:31:00,91.7
2025-06-12 22:01:00,36.8
2025-06-12 11:20:00,6.8
2025-06-12 05:28:00,50.2
2025-06-12 16:10:00,50.019744401453856
2025-06-12 17:11:00,4.7
2025-06-12 12:46:00,7.8
2025-06-12 19:53:00,76.3
2025-06-12 04:53:00,52.8
2025-06-12 04:22:00,7.3
2025-06-12 13:29:00,53.0
2025-06-12 21:36:00,18.0
2025-06-12 04:49:00,27.4
2025-06-12 02:54:00,30.9
2025-06-12 12:17:00,87.6
2025-06-12 14:59:00,37.9
2025-06-12 22:59:00,24.3
2025-06-12 08:07:00,14.6
2025-06-12 05:13:00,6.0
2025-06-12 20:19:00,96.9
2025-06-12 20:30:00,85.8
2025-06-12 13:13:00,50.019744401453856
2025-06-12 09:44:00,75.5
2025-06-12 23:43:00,43.0
2025-06-12 09:08:00,43.0
2025-06-12 09:32:00,8.5
2025-06-12 14:05:00,2.6
2025-06-12 20:11:00,71.0
2025-06-12 18:02:00,69.7
2025-06-12 21:02:00,50.019744401453856
2025-06-12 22:55:00,50.019744401453856
2025-06-12 01:47:00,80.0
2025-06-12 16:18:00,26.0
2025-06-12 12:43:00,48.2
2025-06-12 18:33:00,42.2
2025-06-12 10:21:00,72.0
2025-06-12 08:17:00,63.0
2025-06-12 16:31:00,68.1
2025-06-12 06:16:00,58.0
2025-06-12 16:12:00,49.0
2025-06-12 22:00:00,50.0
2025-06-12 12:35:00,70.1
2025-06-12 21:00:00,86.2
2025-06-12 14:02:00,49.94205948042788
2025-06-12 12:03:00,19.7
2025-06-12 18:39:00,19.2
2025-06-12 18:57:00,73.5
2025-06-12 04:44:00,11.1
2025-06-12 16:48:00,12.0
2025-06-12 19:43:00,22.0
2025-06-12 01:17:00,92.4
2025-06-12 18:23:00,24.3
2025-06-12 04:07:00,13.4
2025-06-12 02:53:00,14.3
2025-06-12 00:24:00,1.2
2025-06-12 18:04:00,16.2
2025-06-12 12:27:00,30.9
2025-06-12 01:00:00,36.6
2025-06-12 08:56:00,94.3
2025-06-12 01:48:00,69.5
2025-06-12 15:32:00,36.7
2025-06-12 11:36:00,8.5
2025-06-12 14:22:00,70.2
2025-06-12 10:31:00,0.8
2025-06-12 16:31:00,14.3
2025-06-12 16:51:00,49.94205948042788
2025-06-12 17:26:00,39.3
2025-06-12 18:09:00,52.1
2025-06-12 07:21:00,35.3
2025-06-12 16:35:00,88.2
2025-06-12 00:08:00,75.6
2025-06-12 20:07:00,49.94205948042788
2025-06-12 03:16:00,70.3
2025-06-12 03:42:00,40.3
2025-06-12 14:35:00,49.94205948042788
2025-06-12 03:57:00,49.94205948042788
2025-06-12 19:43:00,51.4
2025-06-12 08:00:00,22.5
2025-06-12 12:56:00,49.94205948042788
2025-06-12 17:54:00,34.0
2025-06-12 10:43:00,49.94205948042788
2025-06-12 07:01:00,43.8
2025-06-12 16:45:00,62.6
2025-06-12 07:14:00,88.3
2025-06-12 09:57:00,82.1
2025-06-12 11:10:00,37.8
2025-06-12 23:26:00,60.1
2025-06-12 13:17:00,66.6
2025-06-12 12:32:00,38.5
2025-06-12 23:43:00,79.6
2025-06-12 06:04:00,14.3
2025-06-12 15:02:00,68.6
2025-06-12 20:21:00,59.7
2025-06-12 00:02:00,13.0
2025-06-12 10:06:00,49.94205948042788
2025-06-12 14:48:00,23.7
2025-06-12 20:06:00,16.6
2025-06-12 02:19:00,58.3
2025-06-12 09:04:00,4.3
2025-06-12 13:54:00,56.8
2025-06-12 18:50:00,85.8
2025-06-12 09:22:00,36.4
2025-06-12 09:23:00,49.94205948042788
2025-06-12 15:13:00,56.8
2025-06-12 08:40:00,53.5
2025-06-12 12:40:00,87.5
2025-06-12 05:38:00,29.8
2025-06-12 14:17:00,95.8
2025-06-12 21:27:00,46.2
2025-06-12 08:59:00,9.3
2025-06-12 13:42:00,72.8
2025-06-12 23:19:00,32.1
2025-06-12 20:22:00,27.1
2025-06-12 20:09:00,49.94205948042788
2025-06-12 17:16:00,24.1
2025-06-12 12:16:00,93.4
2025-06-12 19:15:00,39.2
2025-06-12 00:19:00,82.4
2025-06-12 04:03:00,8.5
2025-06-12 23:38:00,15.2
2025-06-12 19:21:00,67.7
2025-06-12 09:59:00,12.0
2025-06-12 09:52:00,93.2
2025-06-12 18:59:00,19.1
2025-06-12 08:46:00,42.4
2025-06-12 09:42:00,49.94205948042788
2025-06-12 09:16:00,49.94205948042788
2025-06-12 09:14:00,99.8
2025-06-12 01:16:00,39.6
2025-06-12 16:37:00,13.0
2025-06-12 01:58:00,81.8
2025-06-12 06:56:00,49.94205948042788
2025-06-12 23:39:00,37.9
2025-06-12 12:33:00,67.7
2025-06-12 04:24:00,87.3
2025-06-12 21:09:00,19.9
2025-06-12 06:56:00,38.2
2025-06-12 08:30:00,67.7
2025-06-12 23:04:00,48.2
2025-06-12 12:14:00,35.9
2025-06-12 12:08:00,14.0
2025-06-12 00:39:00,7.4
2025-06-12 08:11:00,47.8
2025-06-12 20:15:00,5.9
2025-06-12 10:27:00,37.7
2025-06-12 16:37:00,44.2
2025-06-12 00:58:00,66.4
2025-06-12 13:56:00,49.94205948042788
2025-06-12 23:27:00,16.9
2025-06-12 23:11:00,93.5
2025-06-12 08:50:00,92.0
2025-06-12 00:30:00,40.3
2025-06-12 02:21:00,49.94205948042788
2025-06-12 10:20:00,23.8
2025-06-12 08:40:00,69.7
2025-06-12 12:55:00,49.3
2025-06-12 08:13:00,92.1
2025-06-12 08:53:00,49.94205948042788
2025-06-12 05:04:00,12.1
2025-06-12 21:30:00,0.3
2025-06-12 07:57:00,61.1
2025-06-12 18:35:00,26.0
2025-06-12 08:23:00,60.9
2025-06-12 20:59:00,88.6
2025-06-12 04:15:00,7.6
2025-06-12 14:42:00,31.6
2025-06-12 03:46:00,49.94205948042788
2025-06-12 00:20:00,49.94205948042788
2025-06-12 11:03:00,66.0
2025-06-12 07:04:00,97.9
2025-06-12 23:56:00,0.4
2025-06-12 06:02:00,47.9
2025-06-12 20:56:00,86.1
2025-06-12 07:50:00,49.94205948042788
2025-06-12 15:11:00,36.4
2025-06-12 19:41:00,49.94205948042788
2025-06-12 09:53:00,64.7
2025-06-12 19:03:00,1.7
2025-06-12 17:28:00,38.0
2025-06-12 12:03:00,1.6
2025-06-12 02:22:00,38.0
2025-06-12 18:39:00,20.5
2025-06-12 18:29:00,85.1
2025-06-12 21:44:00,56.1
2025-06-12 07:14:00,92.5
2025-06-12 14:43:00,97.8
2025-06-12 02:25:00,49.94205948042788
2025-06-12 03:30:00,97.5
2025-06-12 00:17:00,19.3
2025-06-12 10:48:00,42.3
2025-06-12 08:44:00,56.8
2025-06-12 23:22:00,25.0
2025-06-12 13:30:00,24.7
2025-06-12 00:06:00,19.0
2025-06-12 13:07:00,32.0
2025-06-12 03:32:00,89.5
2025-06-12 19:40:00,82.0
2025-06-12 10:02:00,11.7
2025-06-12 10:30:00,34.3
2025-06-12 09:37:00,52.5
2025-06-12 10:23:00,3.4
2025-06-12 03:25:00,49.94205948042788
2025-06-12 05:57:00,31.9
2025-06-12 19:56:00,74.7
2025-06-12 17:16:00,8.9
2025-06-12 00:33:00,88.5
2025-06-12 18:23:00,48.8
2025-06-12 03:57:00,57.4
2025-06-12 01:44:00,95.1
2025-06-12 04:58:00,20.4
2025-06-12 10:24:00,7.9
2025-06-12 06:26:00,76.2
2025-06-12 18:43:00,48.5
2025-06-12 08:40:00,4.2
2025-06-12 04:26:00,13.1
2025-06-12 15:06:00,28.6
2025-06-12 21:36:00,69.4
2025-06-12 21:28:00,23.8
2025-06-12 22:27:00,49.0
2025-06-12 23:45:00,94.9
2025-06-12 11:10:00,22.0
2025-06-12 13:59:00,30.2
2025-06-12 05:15:00,82.8
2025-06-12 14:55:00,54.1
2025-06-12 02:24:00,20.8
2025-06-12 10:46:00,10.3
2025-06-12 06:38:00,79.6
2025-06-12 03:09:00,5.9
2025-06-12 09:06:00,49.94205948042788
2025-06-12 15:51:00,13.0
2025-06-12 00:43:00,49.94205948042788
2025-06-12 20:49:00,49.94205948042788
2025-06-12 03:44:00,43.3
2025-06-12 22:53:00,52.2
2025-06-12 13:59:00,43.7
2025-06-12 06:28:00,28.6
2025-06-12 06:18:00,49.94205948042788
2025-06-12 08:32:00,18.0
2025-06-12 11:52:00,10.8
2025-06-12 02:45:00,49.94205948042788
2025-06-12 09:34:00,27.7
2025-06-12 10:10:00,49.94205948042788
2025-06-12 17:44:00,3.5
2025-06-12 22:50:00,65.8
2025-06-12 06:48:00,2.6
2025-06-12 15:49:00,52.8
2025-06-12 12:49:00,12.5
2025-06-12 11:34:00,1.9
2025-06-12 14:07:00,86.2
2025-06-12 16:39:00,69.7
2025-06-12 11:01:00,13.2
2025-06-12 06:07:00,29.7
2025-06-12 07:40:00,6.7
2025-06-12 10:11:00,89.2
2025-06-12 19:33:00,49.94205948042788
2025-06-12 01:13:00,79.5
2025-06-12 08:01:00,30.6
2025-06-12 23:33:00,56.4
2025-06-12 22:30:00,14.1
2025-06-12 05:29:00,58.2
2025-06-12 12:04:00,49.94205948042788
2025-06-12 11:06:00,49.94205948042788
2025-06-12 20:28:00,49.94205948042788
2025-06-12 16:50:00,74.3
2025-06-12 13:12:00,49.94205948042788
2025-06-12 22:03:00,59.5
2025-06-12 06:08:00,19.0
2025-06-12 01:23:00,78.6
2025-06-12 21:32:00,3.9
2025-06-12 05:23:00,60.1
2025-06-12 15:59:00,25.0
2025-06-12 05:10:00,13.6
2025-06-12 08:56:00,49.2
2025-06-12 10:31:00,41.9
2025-06-12 15:32:00,85.9
2025-06-12 15:49:00,59.5
2025-06-12 05:26:00,3.0
2025-06-12 08:23:00,92.0
2025-06-12 06:23:00,36.1
2025-06-12 02:10:00,90.6
2025-06-12 19:34:00,12.5
2025-06-12 17:59:00,71.1
2025-06-12 23:27:00,29.3
2025-06-12 14:07:00,7.1
2025-06-12 23:20:00,82.0
2025-06-12 03:56:00,42.3
2025-06-12 09:53:00,49.94205948042788
2025-06-12 09:07:00,39.8
2025-06-12 03:09:00,26.7
2025-06-12 06:41:00,48.0
2025-06-12 20:18:00,49.94205948042788
2025-06-12 12:23:00,34.2
2025-06-12 09:51:00,55.6
2025-06-12 18:11:00,8.8
2025-06-12 18:51:00,8.9
2025-06-12 00:30:00,71.0
2025-06-12 09:34:00,83.1
2025-06-12 15:00:00,57.7
2025-06-12 20:56:00,49.94205948042788
2025-06-12 12:22:00,25.1
2025-06-12 06:33:00,29.1
2025-06-12 04:03:00,18.1
2025-06-12 16:35:00,86.8
2025-06-12 22:37:00,28.9
2025-06-12 23:53:00,21.9
2025-06-12 03:35:00,88.8
2025-06-12 05:30:00,13.0
2025-06-12 23:04:00,34.9
2025-06-12 13:21:00,71.7
2025-06-12 17:16:00,68.0
2025-06-12 15:01:00,12.8
2025-06-12 22:58:00,17.8
2025-06-12 09:50:00,84.6
2025-06-12 16:15:00,8.8
2025-06-12 09:46:00,56.3
2025-06-12 07:49:00,8.2
2025-06-12 03:06:00,19.7
2025-06-12 09:07:00,62.2
2025-06-12 03:06:00,84.4
2025-06-12 13:13:00,49.7
2025-06-12 11:00:00,66.3
2025-06-12 18:38:00,49.94205948042788
2025-06-12 17:52:00,75.4
2025-06-12 08:09:00,1.0
2025-06-12 23:27:00,49.94205948042788
2025-06-12 18:18:00,62.4
2025-06-12 14:01:00,47.8
2025-06-12 05:50:00,80.5
2025-06-12 00:38:00,9.8
2025-06-12 21:56:00,49.94205948042788
2025-06-12 23:46:00,21.1
2025-06-12 11:38:00,98.4
2025-06-12 11:38:00,49.94205948042788
2025-06-12 01:13:00,78.2
2025-06-12 00:12:00,47.7
2025-06-12 18:16:00,40.9
2025-06-12 09:16:00,99.4
2025-06-12 03:59:00,56.5
2025-06-12 01:53:00,49.94205948042788
2025-06-12 13:54:00,57.5
2025-06-12 10:43:00,95.6
2025-06-12 19:21:00,19.9
2025-06-12 02:39:00,48.8
2025-06-12 08:48:00,29.8
2025-06-12 01:30:00,10.0
2025-06-12 14:28:00,97.7
2025-06-12 00:54:00,57.8
2025-06-12 18:26:00,90.3
2025-06-12 15:27:00,58.3
2025-06-12 18:01:00,49.94205948042788
2025-06-12 19:46:00,58.2
2025-06-12 14:11:00,64.7
2025-06-12 20:54:00,71.4
2025-06-12 15:09:00,49.94205948042788
2025-06-12 08:48:00,13.5
2025-06-12 17:06:00,58.1
2025-06-12 14:46:00,59.4
2025-06-12 10:45:00,47.4
2025-06-12 14:34:00,50.9
2025-06-12 18:24:00,52.4
2025-06-12 00:08:00,13.0
2025-06-12 09:44:00,49.94205948042788
2025-06-12 10:26:00,49.94205948042788
2025-06-12 07:11:00,49.94205948042788
2025-06-12 16:58:00,49.94205948042788
2025-06-12 19:00:00,21.4
2025-06-12 07:30:00,24.0
2025-06-12 09:27:00,73.3
2025-06-12 04:42:00,30.5
2025-06-12 23:15:00,36.8
2025-06-12 15:48:00,53.7
2025-06-12 10:29:00,17.1
2025-06-12 01:57:00,53.8
2025-06-12 10:48:00,76.0
2025-06-12 00:29:00,49.94205948042788
2025-06-12 07:47:00,33.1
2025-06-12 04:38:00,78.4
2025-06-12 01:27:00,49.94205948042788
2025-06-12 16:45:00,71.6
2025-06-12 07:25:00,97.9
2025-06-12 01:32:00,49.94205948042788
2025-06-12 09:00:00,49.94205948042788
2025-06-12 11:18:00,65.1
2025-06-12 13:51:00,5.8
2025-06-12 14:45:00,34.0
2025-06-12 14:59:00,84.3
2025-06-12 15:31:00,38.0
2025-06-12 12:09:00,51.4
2025-06-12 14:21:00,4.1
2025-06-12 09:39:00,87.6
2025-06-12 18:46:00,14.3
2025-06-12 06:21:00,99.7
2025-06-12 22:55:00,73.4
2025-06-12 06:20:00,0.1
2025-06-12 18:34:00,50.024092836946274
2025-06-12 22:30:00,95.5
2025-06-12 15:52:00,32.7
2025-06-12 22:12:00,22.6
2025-06-12 15:46:00,9.4
2025-06-12 13:36:00,24.0
2025-06-12 17:10:00,81.8
2025-06-12 10:54:00,23.0
2025-06-12 02:30:00,3.8
2025-06-12 06:38:00,49.5
2025-06-12 18:25:00,33.0
2025-06-12 13:26:00,17.5
2025-06-12 01:07:00,50.024092836946274
2025-06-12 17:36:00,34.8
2025-06-12 00:14:00,49.1
2025-06-12 06:20:00,64.1
2025-06-12 13:12:00,19.5
2025-06-12 23:35:00,46.6
2025-06-12 20:55:00,13.7
2025-06-12 12:31:00,76.2
2025-06-12 07:13:00,7.0
2025-06-12 17:06:00,99.0
2025-06-12 10:46:00,60.9
2025-06-12 04:45:00,54.8
2025-06-12 12:36:00,96.5
2025-06-12 20:47:00,17.6
2025-06-12 15:56:00,86.7
2025-06-12 04:31:00,55.7
2025-06-12 08:42:00,14.2
2025-06-12 17:23:00,76.5
2025-06-12 12:36:00,42.4
2025-06-12 12:07:00,46.7
2025-06-12 20:53:00,88.3
2025-06-12 03:03:00,34.6
2025-06-12 22:08:00,10.8
2025-06-12 19:05:00,50.024092836946274
2025-06-12 13:20:00,90.1
2025-06-12 16:27:00,42.5
2025-06-12 12:58:00,50.024092836946274
2025-06-12 07:37:00,76.0
2025-06-12 08:31:00,0.2
2025-06-12 06:22:00,92.5
2025-06-12 05:28:00,75.2
2025-06-12 03:39:00,0.1
2025-06-12 18:07:00,37.4
2025-06-12 17:05:00,14.2
2025-06-12 04:17:00,48.7
2025-06-12 10:12:00,50.024092836946274
2025-06-12 19:15:00,5.2
2025-06-12 08:10:00,9.8
2025-06-12 11:41:00,3.0
2025-06-12 21:31:00,25.2
2025-06-12 03:31:00,50.024092836946274
2025-06-12 05:04:00,80.0
2025-06-12 21:06:00,9.5
2025-06-12 00:09:00,27.8
2025-06-12 15:15:00,62.7
2025-06-12 16:41:00,91.9
2025-06-12 14:13:00,50.024092836946274
2025-06-12 19:12:00,50.024092836946274
2025-06-12 20:06:00,31.9
2025-06-12 09:35:00,54.4
2025-06-12 10:18:00,27.5
2025-06-12 05:15:00,20.5
2025-06-12 01:59:00,64.2
2025-06-12 00:44:00,37.1
2025-06-12 08:55:00,88.7
2025-06-12 21:27:00,73.7
2025-06-12 06:57:00,66.2
2025-06-12 20:35:00,93.7
2025-06-12 11:39:00,81.1
2025-06-12 02:02:00,71.3
2025-06-12 10:50:00,75.4
2025-06-12 02:11:00,78.3
2025-06-12 01:57:00,8.8
2025-06-12 22:22:00,78.3
2025-06-12 19:02:00,31.7
2025-06-12 10:39:00,11.5
2025-06-12 00:47:00,53.9
2025-06-12 02:13:00,61.0
2025-06-12 14:45:00,2.8
2025-06-12 22:56:00,43.3
2025-06-12 21:48:00,88.7
2025-06-12 09:11:00,79.0
2025-06-12 02:43:00,82.2
2025-06-12 16:12:00,19.2
2025-06-12 02:32:00,79.1
2025-06-12 04:48:00,99.5
2025-06-12 18:00:00,24.4
2025-06-12 02:04:00,88.7
2025-06-12 10:12:00,45.7
2025-06-12 00:42:00,65.9
2025-06-12 14:38:00,18.3
2025-06-12 12:50:00,4.5
2025-06-12 21:29:00,2.6
2025-06-12 20:42:00,10.1
2025-06-12 17:48:00,20.2
2025-06-12 08:04:00,50.024092836946274
2025-06-12 01:06:00,50.024092836946274
2025-06-12 02:20:00,12.4
2025-06-12 09:57:00,50.024092836946274
2025-06-12 23:11:00,87.0
2025-06-12 15:01:00,50.024092836946274
2025-06-12 09:45:00,37.0
2025-06-12 06:39:00,68.3
2025-06-12 13:58:00,30.1
2025-06-12 06:38:00,49.7
2025-06-12 11:12:00,36.7
2025-06-12 17:21:00,34.9
2025-06-12 07:03:00,39.6
2025-06-12 06:35:00,50.024092836946274
2025-06-12 07:06:00,91.2
2025-06-12 02:08:00,1.5
2025-06-12 04:24:00,62.4
2025-06-12 21:13:00,59.8
2025-06-12 10:23:00,1.3
2025-06-12 10:36:00,99.7
2025-06-12 07:15:00,74.3
2025-06-12 17:59:00,50.024092836946274
2025-06-12 12:17:00,38.8
2025-06-12 12:27:00,85.0
2025-06-12 06:07:00,87.1
2025-06-12 12:18:00,95.3
2025-06-12 19:11:00,65.6
2025-06-12 13:31:00,14.1
2025-06-12 10:10:00,50.024092836946274
2025-06-12 20:42:00,50.024092836946274
2025-06-12 12:41:00,93.7
2025-06-12 09:22:00,50.024092836946274
2025-06-12 22:57:00,76.8
2025-06-12 10:29:00,38.9
2025-06-12 07:29:00,4.7
2025-06-12 10:56:00,87.7
2025-06-12 03:28:00,65.7
2025-06-12 07:08:00,95.6
2025-06-12 23:53:00,62.3
2025-06-12 14:56:00,50.024092836946274
2025-06-12 03:34:00,78.1
2025-06-12 01:58:00,50.024092836946274
2025-06-12 08:55:00,70.0
2025-06-12 17:43:00,49.3
2025-06-12 03:12:00,67.4
2025-06-12 15:40:00,16.3
2025-06-12 08:39:00,49.2
2025-06-12 14:30:00,30.5
2025-06-12 01:29:00,46.1
2025-06-12 02:29:00,46.9
2025-06-12 12:43:00,6.5
2025-06-12 02:52:00,94.9
2025-06-12 16:12:00,95.4
2025-06-12 22:40:00,82.8
2025-06-12 11:34:00,0.6
2025-06-12 01:24:00,50.024092836946274
2025-06-12 08:21:00,70.9
2025-06-12 07:57:00,5.8
2025-06-12 20:11:00,92.7
2025-06-12 01:20:00,50.024092836946274
2025-06-12 06:44:00,57.1
2025-06-12 21:05:00,82.5
2025-06-12 04:22:00,6.8
2025-06-12 08:27:00,44.2
2025-06-12 18:11:00,72.7
2025-06-12 03:45:00,53.8
2025-06-12 17:50:00,13.1
2025-06-12 14:02:00,4.0
2025-06-12 21:33:00,52.2
2025-06-12 10:54:00,44.7
2025-06-12 22:04:00,68.4
2025-06-12 16:22:00,50.024092836946274
2025-06-12 21:12:00,50.024092836946274
2025-06-12 19:41:00,31.0
2025-06-12 05:59:00,39.6
2025-06-12 02:01:00,27.4
2025-06-12 14:34:00,34.5
2025-06-12 14:30:00,25.6
2025-06-12 11:54:00,50.024092836946274
2025-06-12 07:19:00,4.2
2025-06-12 11:14:00,50.0
2025-06-12 21:36:00,58.2
2025-06-12 18:21:00,50.024092836946274
2025-06-12 19:15:00,53.2
2025-06-12 01:20:00,87.9
2025-06-12 11:26:00,51.6
2025-06-12 09:33:00,91.3
2025-06-12 09:11:00,26.3
2025-06-12 16:44:00,1.6
2025-06-12 12:22:00,9.1
2025-06-12 10:40:00,55.9
2025-06-12 16:21:00,74.3
2025-06-12 23:51:00,82.2
2025-06-12 17:33:00,66.6
2025-06-12 11:37:00,50.024092836946274
2025-06-12 08:33:00,6.9
2025-06-12 20:41:00,81.1
2025-06-12 10:20:00,19.5
2025-06-12 16:24:00,33.5
2025-06-12 15:51:00,50.024092836946274
2025-06-12 13:26:00,1.4
2025-06-12 09:46:00,89.6
2025-06-12 22:00:00,41.3
2025-06-12 20:08:00,38.4
2025-06-12 14:29:00,94.9
2025-06-12 13:00:00,43.8
2025-06-12 09:31:00,62.2
2025-06-12 13:04:00,19.8
2025-06-12 06:03:00,62.9
2025-06-12 23:28:00,54.9
2025-06-12 14:20:00,27.0
2025-06-12 08:10:00,78.9
2025-06-12 07:07:00,50.024092836946274
2025-06-12 04:08:00,50.0
2025-06-12 05:32:00,57.7
2025-06-12 17:33:00,33.1
2025-06-12 00:09:00,13.9
2025-06-12 05:52:00,60.1
2025-06-12 12:01:00,53.9
2025-06-12 17:13:00,50.024092836946274
2025-06-12 20:22:00,50.024092836946274
2025-06-12 05:02:00,50.024092836946274
2025-06-12 03:10:00,16.5
2025-06-12 17:53:00,20.7
2025-06-12 04:17:00,85.2
2025-06-12 04:07:00,47.5
2025-06-12 00:18:00,50.024092836946274
2025-06-12 21:41:00,34.1
2025-06-12 07:11:00,23.0
2025-06-12 23:31:00,19.5
2025-06-12 11:55:00,50.024092836946274
2025-06-12 10:53:00,2.2
2025-06-12 07:42:00,93.5
2025-06-12 04:10:00,80.3
2025-06-12 14:07:00,97.9
2025-06-12 10:20:00,81.2
2025-06-12 10:11:00,8.8
2025-06-12 22:48:00,58.5
2025-06-12 06:38:00,90.7
2025-06-12 17:16:00,27.1
2025-06-12 08:31:00,50.024092836946274
2025-06-12 15:33:00,51.7
2025-06-12 03:46:00,50.024092836946274
2025-06-12 09:27:00,50.024092836946274
2025-06-12 21:18:00,96.6
2025-06-12 16:42:00,50.024092836946274
2025-06-12 00:45:00,14.2
2025-06-12 07:11:00,90.9
2025-06-12 14:08:00,33.9
2025-06-12 13:54:00,77.5
2025-06-12 05:23:00,96.1
2025-06-12 16:28:00,50.024092836946274
2025-06-12 14:16:00,45.0
2025-06-12 05:49:00,50.024092836946274
2025-06-12 10:55:00,77.3
2025-06-12 09:33:00,0.2
2025-06-12 01:51:00,5.5
2025-06-12 07:24:00,98.2
2025-06-12 03:43:00,39.9
2025-06-12 11:59:00,11.5
2025-06-12 23:49:00,50.024092836946274
2025-06-12 22:42:00,90.0
2025-06-12 23:33:00,31.2
2025-06-12 03:41:00,94.6
2025-06-12 23:53:00,93.1
2025-06-12 09:16:00,29.5
2025-06-12 09:21:00,92.8
2025-06-12 23:49:00,85.1
2025-06-12 12:07:00,14.6
2025-06-12 07:18:00,45.4
2025-06-12 09:23:00,70.8
2025-06-12 16:34:00,50.024092836946274
2025-06-12 21:31:00,36.7
2025-06-12 02:59:00,55.2
2025-06-12 14:02:00,50.024092836946274
2025-06-12 10:49:00,84.4
2025-06-12 15:53:00,74.6
2025-06-12 18:44:00,93.4
2025-06-12 20:03:00,80.0
2025-06-12 00:26:00,68.0
2025-06-12 14:02:00,67.3
2025-06-12 20:55:00,75.9
2025-06-12 12:49:00,50.024092836946274
2025-06-12 09:27:00,98.5
2025-06-12 12:44:00,85.4
2025-06-12 09:51:00,45.2
2025-06-12 18:41:00,50.024092836946274
2025-06-12 10:11:00,99.8
2025-06-12 09:24:00,85.3
2025-06-12 04:56:00,62.5
2025-06-12 21:58:00,64.0
2025-06-12 03:27:00,12.5
2025-06-12 18:01:00,71.7
2025-06-12 20:52:00,41.6
2025-06-12 00:04:00,4.7
2025-06-12 03:37:00,7.8
2025-06-12 22:08:00,26.2
2025-06-12 12:58:00,37.4
2025-06-12 07:04:00,71.3
2025-06-12 06:59:00,60.2
2025-06-12 17:28:00,50.6
2025-06-12 03:36:00,11.5
2025-06-12 10:11:00,96.2
2025-06-12 08:20:00,8.5
2025-06-12 19:49:00,66.3
2025-06-12 03:19:00,72.9
2025-06-12 16:58:00,8.9
2025-06-12 14:09:00,14.3
2025-06-12 05:22:00,19.6
2025-06-12 15:56:00,51.8
2025-06-12 14:26:00,26.1
2025-06-12 10:19:00,22.9
2025-06-12 03:36:00,48.0
2025-06-12 12:20:00,3.9
2025-06-12 18:40:00,74.9
2025-06-12 15:43:00,39.4
2025-06-12 00:49:00,89.6
2025-06-12 12:32:00,95.6
2025-06-12 13:44:00,43.8
2025-06-12 18:04:00,50.024092836946274
2025-06-12 13:53:00,11.4
2025-06-12 01:41:00,15.2
2025-06-12 17:36:00,50.024092836946274
2025-06-12 08:03:00,15.7
2025-06-12 09:01:00,50.024092836946274
2025-06-12 23:55:00,65.7
2025-06-12 04:14:00,21.0
2025-06-12 03:14:00,95.8
2025-06-12 11:33:00,81.1
2025-06-12 13:10:00,68.9
2025-06-12 02:25:00,33.0
2025-06-12 22:48:00,63.1
2025-06-12 07:05:00,72.0
2025-06-12 05:34:00,36.9
2025-06-12 06:01:00,42.3
2025-06-12 13:57:00,9.1
2025-06-12 19:16:00,20.6
2025-06-12 06:19:00,92.9
2025-06-12 04:18:00,49.2
2025-06-12 13:28:00,95.5
2025-06-12 20:25:00,55.5
2025-06-12 05:07:00,35.0
2025-06-12 02:31:00,77.1
2025-06-12 14:12:00,8.3
2025-06-12 15:19:00,52.0
2025-06-12 04:18:00,42.3
2025-06-12 06:07:00,77.6
2025-06-12 11:50:00,49.54963144963145
2025-06-12 22:35:00,91.8
2025-06-12 10:05:00,80.1
2025-06-12 12:42:00,49.54963144963145
2025-06-12 21:59:00,31.2
2025-06-12 23:26:00,23.8
2025-06-12 13:15:00,81.8
2025-06-12 21:57:00,65.3
2025-06-12 21:15:00,79.8
2025-06-12 07:31:00,49.54963144963145
2025-06-12 10:59:00,79.4
2025-06-12 06:21:00,30.4
2025-06-12 00:15:00,16.2
2025-06-12 01:32:00,76.0
2025-06-12 23:34:00,46.0
2025-06-12 02:58:00,85.8
2025-06-12 07:00:00,13.4
2025-06-12 10:30:00,26.3
2025-06-12 01:55:00,78.2
2025-06-12 12:30:00,21.5
2025-06-12 05:47:00,49.54963144963145
2025-06-12 05:33:00,51.5
2025-06-12 02:56:00,45.2
2025-06-12 20:47:00,93.9
2025-06-12 22:19:00,96.5
2025-06-12 04:28:00,30.3
2025-06-12 07:32:00,81.5
2025-06-12 06:42:00,17.1
2025-06-12 23:33:00,49.54963144963145
2025-06-12 17:11:00,5.5
2025-06-12 10:45:00,41.5
2025-06-12 09:48:00,61.2
2025-06-12 19:23:00,25.5
2025-06-12 10:11:00,26.5
2025-06-12 11:14:00,69.7
2025-06-12 03:49:00,71.3
2025-06-12 11:27:00,32.8
2025-06-12 14:09:00,7.8
2025-06-12 03:13:00,41.9
2025-06-12 13:13:00,65.7
2025-06-12 17:50:00,9.5
2025-06-12 23:38:00,49.54963144963145
2025-06-12 11:07:00,61.7
2025-06-12 21:34:00,19.6
2025-06-12 01:38:00,24.7
2025-06-12 16:06:00,49.54963144963145
2025-06-12 14:25:00,17.4
2025-06-12 12:15:00,84.5
2025-06-12 21:05:00,17.3
2025-06-12 20:40:00,69.9
2025-06-12 09:41:00,66.0
2025-06-12 16:02:00,44.7
2025-06-12 08:04:00,7.9
2025-06-12 16:25:00,49.54963144963145
2025-06-12 11:59:00,84.9
2025-06-12 15:46:00,49.54963144963145
2025-06-12 01:04:00,60.4
2025-06-12 05:05:00,3.0
2025-06-12 07:24:00,43.3
2025-06-12 16:54:00,13.7
2025-06-12 12:53:00,60.7
2025-06-12 15:02:00,34.5
2025-06-12 01:23:00,27.7
2025-06-12 01:49:00,91.9
2025-06-12 05:18:00,59.6
2025-06-12 16:44:00,20.6
2025-06-12 13:46:00,49.54963144963145
2025-06-12 06:50:00,40.1
2025-06-12 10:23:00,18.3
2025-06-12 05:11:00,11.9
2025-06-12 23:26:00,39.8
2025-06-12 13:54:00,19.4
2025-06-12 07:49:00,22.2
2025-06-12 09:43:00,19.9
2025-06-12 00:15:00,81.2
2025-06-12 10:58:00,37.2
2025-06-12 12:10:00,18.3
2025-06-12 09:06:00,16.6
2025-06-12 23:55:00,84.9
2025-06-12 15:09:00,49.4
2025-06-12 11:44:00,54.0
2025-06-12 11:44:00,79.0
2025-06-12 12:34:00,35.0
2025-06-12 03:25:00,34.6
2025-06-12 14:35:00,98.6
2025-06-12 06:42:00,63.1
2025-06-12 11:01:00,83.8
2025-06-12 15:13:00,49.54963144963145
2025-06-12 16:22:00,1.4
2025-06-12 23:13:00,71.2
2025-06-12 11:08:00,53.7
2025-06-12 16:08:00,49.54963144963145
2025-06-12 03:15:00,47.3
2025-06-12 05:52:00,49.54963144963145
2025-06-12 19:18:00,22.9
2025-06-12 10:27:00,49.5
2025-06-12 11:01:00,49.3
2025-06-12 15:31:00,98.0
2025-06-12 22:03:00,26.8
2025-06-12 05:17:00,40.6
2025-06-12 10:30:00,56.1
2025-06-12 03:39:00,50.6
2025-06-12 11:02:00,74.1
2025-06-12 12:09:00,32.2
2025-06-12 00:27:00,60.5
2025-06-12 20:36:00,73.8
2025-06-12 14:33:00,96.9
2025-06-12 04:25:00,27.1
2025-06-12 19:03:00,49.54963144963145
2025-06-12 22:54:00,50.1
2025-06-12 12:58:00,49.0
2025-06-12 14:22:00,29.5
2025-06-12 02:12:00,49.54963144963145
2025-06-12 02:32:00,60.5
2025-06-12 05:00:00,16.2
2025-06-12 23:40:00,19.1
2025-06-12 05:46:00,95.4
2025-06-12 02:09:00,56.4
2025-06-12 23:35:00,66.7
2025-06-12 20:12:00,44.1
2025-06-12 06:14:00,1.3
2025-06-12 09:01:00,52.1
2025-06-12 09:16:00,50.6
2025-06-12 02:05:00,49.54963144963145
2025-06-12 06:51:00,64.0
2025-06-12 14:57:00,49.54963144963145
2025-06-12 14:30:00,72.1
2025-06-12 18:49:00,73.4
2025-06-12 05:09:00,7.6
2025-06-12 02:35:00,49.54963144963145
2025-06-12 08:46:00,95.5
2025-06-12 01:35:00,87.9
2025-06-12 16:28:00,77.9
2025-06-12 04:08:00,49.54963144963145
2025-06-12 05:40:00,15.1
2025-06-12 15:20:00,79.0
2025-06-12 07:38:00,6.6
2025-06-12 06:15:00,36.5
2025-06-12 04:11:00,67.7
2025-06-12 20:55:00,94.5
2025-06-12 15:43:00,39.9
2025-06-12 23:07:00,49.54963144963145
2025-06-12 02:21:00,82.2
2025-06-12 18:59:00,83.8
2025-06-12 13:53:00,1.7
2025-06-12 20:42:00,49.3
2025-06-12 02:37:00,93.7
2025-06-12 10:58:00,95.2
2025-06-12 13:02:00,85.6
2025-06-12 16:22:00,36.6
2025-06-12 15:23:00,39.2
2025-06-12 18:15:00,93.2
2025-06-12 01:15:00,71.5
2025-06-12 01:57:00,42.5
2025-06-12 23:44:00,49.54963144963145
2025-06-12 13:08:00,41.3
2025-06-12 00:09:00,77.6
2025-06-12 11:39:00,94.7
2025-06-12 14:32:00,49.54963144963145
2025-06-12 14:16:00,49.54963144963145
2025-06-12 17:24:00,0.0
2025-06-12 14:28:00,83.2
2025-06-12 12:38:00,49.54963144963145
2025-06-12 11:20:00,91.6
2025-06-12 18:07:00,72.8
2025-06-12 19:39:00,39.7
2025-06-12 16:34:00,70.5
2025-06-12 11:31:00,97.9
2025-06-12 11:28:00,47.1
2025-06-12 23:40:00,4.4
2025-06-12 04:09:00,70.0
2025-06-12 11:30:00,7.6
2025-06-12 22:51:00,43.8
2025-06-12 19:43:00,50.7
2025-06-12 10:14:00,59.6
2025-06-12 15:26:00,64.6
2025-06-12 01:53:00,49.54963144963145
2025-06-12 02:11:00,68.2
2025-06-12 00:18:00,2.5
2025-06-12 06:41:00,33.5
2025-06-12 06:48:00,0.5
2025-06-12 09:16:00,95.5
2025-06-12 10:04:00,65.0
2025-06-12 22:06:00,28.1
2025-06-12 14:30:00,49.54963144963145
2025-06-12 18:25:00,49.54963144963145
2025-06-12 21:09:00,16.5
2025-06-12 04:22:00,0.5
2025-06-12 13:15:00,68.5
2025-06-12 07:35:00,12.1
2025-06-12 00:11:00,47.0
2025-06-12 02:04:00,3.3
2025-06-12 09:21:00,77.3
2025-06-12 06:24:00,82.1
2025-06-12 20:41:00,32.8
2025-06-12 07:27:00,20.0
2025-06-12 14:01:00,26.6
2025-06-12 23:00:00,29.2
2025-06-12 15:33:00,5.7
2025-06-12 08:10:00,36.3
2025-06-12 22:11:00,12.9
2025-06-12 07:09:00,24.2
2025-06-12 10:04:00,31.1
2025-06-12 00:53:00,49.54963144963145
2025-06-12 13:43:00,16.7
2025-06-12 23:49:00,78.8
2025-06-12 09:32:00,76.6
2025-06-12 18:29:00,49.54963144963145
2025-06-12 11:48:00,49.54963144963145
2025-06-12 11:22:00,37.0
2025-06-12 02:45:00,90.7
2025-06-12 00:50:00,27.3
2025-06-12 05:36:00,18.2
2025-06-12 05:10:00,99.0
2025-06-12 06:39:00,33.8
2025-06-12 22:23:00,19.4
2025-06-12 00:29:00,68.8
2025-06-12 21:42:00,95.8
2025-06-12 11:00:00,44.2
2025-06-12 17:16:00,8.6
2025-06-12 13:04:00,34.6
2025-06-12 00:13:00,54.2
2025-06-12 18:18:00,75.7
2025-06-12 08:37:00,37.3
2025-06-12 01:48:00,45.9
2025-06-12 23:56:00,93.4
2025-06-12 14:48:00,71.8
2025-06-12 02:52:00,2.5
2025-06-12 06:29:00,49.54963144963145
2025-06-12 08:08:00,49.54963144963145
2025-06-12 06:32:00,99.0
2025-06-12 12:59:00,49.54963144963145
2025-06-12 16:21:00,37.8
2025-06-12 05:13:00,23.7
2025-06-12 13:52:00,49.54963144963145
2025-06-12 10:36:00,49.54963144963145
2025-06-12 14:00:00,43.9
2025-06-12 16:14:00,74.5
2025-06-12 19:39:00,49.54963144963145
2025-06-12 17:41:00,97.1
2025-06-12 16:48:00,32.5
2025-06-12 19:31:00,27.6
2025-06-12 02:02:00,24.5
2025-06-12 23:17:00,46.8
2025-06-12 03:14:00,43.1
2025-06-12 15:20:00,45.8
2025-06-12 10:43:00,52.1
2025-06-12 06:25:00,68.5
2025-06-12 11:50:00,90.5
2025-06-12 09:58:00,64.1
2025-06-12 14:09:00,65.7
2025-06-12 17:10:00,35.5
2025-06-12 20:23:00,80.2
2025-06-12 19:34:00,49.54963144963145
2025-06-12 05:17:00,81.6
2025-06-12 10:34:00,92.8
2025-06-12 00:16:00,92.0
2025-06-12 19:47:00,33.5
2025-06-12 11:16:00,87.9
2025-06-12 21:01:00,49.54963144963145
2025-06-12 22:11:00,49.54963144963145
2025-06-12 05:35:00,31.0
2025-06-12 01:23:00,11.9
2025-06-12 20:28:00,19.5
2025-06-12 21:08:00,12.3
2025-06-12 15:27:00,1.0
2025-06-12 09:31:00,51.1
2025-06-12 23:37:00,84.0
2025-06-12 14:37:00,30.7
2025-06-12 03:14:00,82.4
2025-06-12 11:12:00,92.2
2025-06-12 11:55:00,12.2
2025-06-12 06:59:00,73.9
2025-06-12 11:58:00,30.4
2025-06-12 05:13:00,30.2
2025-06-12 00:02:00,13.0
2025-06-12 03:35:00,70.4
2025-06-12 12:46:00,42.3
2025-06-12 13:22:00,12.0
2025-06-12 04:59:00,5.6
2025-06-12 18:28:00,55.4
2025-06-12 14:31:00,49.54963144963145
2025-06-12 08:14:00,10.1
2025-06-12 22:07:00,96.4
2025-06-12 08:19:00,57.0
2025-06-12 00:43:00,65.4
2025-06-12 23:50:00,70.2
2025-06-12 22:22:00,51.2
2025-06-12 01:39:00,49.54963144963145
2025-06-12 01:26:00,20.6
2025-06-12 08:30:00,89.5
2025-06-12 11:35:00,55.2
2025-06-12 21:48:00,46.9
2025-06-12 10:23:00,3.0
2025-06-12 01:39:00,82.1
2025-06-12 15:46:00,90.8
2025-06-12 10:38:00,69.7
2025-06-12 19:50:00,73.1
2025-06-12 16:35:00,29.8
2025-06-12 07:03:00,48.1
2025-06-12 04:27:00,52.0
2025-06-12 11:39:00,42.0
2025-06-12 12:49:00,24.0
2025-06-12 15:06:00,39.2
2025-06-12 04:52:00,27.1
2025-06-12 11:25:00,19.0
2025-06-12 10:00:00,83.5
2025-06-12 07:48:00,100.0
2025-06-12 06:43:00,49.54963144963145
2025-06-12 00:39:00,18.5
2025-06-12 13:22:00,29.7
2025-06-12 18:07:00,39.7
2025-06-12 23:31:00,49.7
2025-06-12 01:28:00,39.1
2025-06-12 01:15:00,10.3
2025-06-12 10:23:00,63.9
2025-06-12 15:19:00,49.54963144963145
2025-06-12 03:02:00,49.54963144963145
2025-06-12 05:08:00,6.8
2025-06-12 13:34:00,51.3
2025-06-12 03:58:00,49.54963144963145
2025-06-12 21:53:00,24.0
2025-06-12 10:29:00,51.9
2025-06-12 13:14:00,72.0
2025-06-12 04:24:00,12.9
2025-06-12 01:27:00,49.54963144963145
2025-06-12 17:08:00,49.54963144963145
2025-06-12 12:00:00,39.7
2025-06-12 11:22:00,3.4
2025-06-12 02:13:00,97.1
2025-06-12 00:41:00,49.54963144963145
2025-06-12 21:10:00,44.0
2025-06-12 12:42:00,90.0
2025-06-12 01:40:00,86.6
2025-06-12 04:32:00,54.3
2025-06-12 21:43:00,60.2
2025-06-12 14:37:00,91.0
2025-06-12 05:01:00,77.3
2025-06-12 22:05:00,59.8
2025-06-12 19:39:00,35.9
2025-06-12 23:58:00,79.2
2025-06-12 21:19:00,80.7
2025-06-12 07:17:00,50.9
2025-06-12 19:58:00,30.4
2025-06-12 04:45:00,88.0
2025-06-12 01:14:00,18.2
2025-06-12 20:42:00,10.9
2025-06-12 16:07:00,98.7
2025-06-12 16:30:00,49.54963144963145
2025-06-12 23:58:00,14.9
2025-06-12 04:06:00,51.4
2025-06-12 05:37:00,77.4
2025-06-12 05:11:00,17.5
2025-06-12 21:35:00,85.2
2025-06-12 21:33:00,92.5
2025-06-12 20:11:00,24.0
2025-06-12 05:54:00,72.9
2025-06-12 11:46:00,91.7
2025-06-12 05:06:00,29.4
2025-06-12 07:48:00,61.9
2025-06-12 19:42:00,49.560128956623686
2025-06-12 21:04:00,46.8
2025-06-12 02:15:00,36.5
2025-06-12 01:07:00,49.560128956623686
2025-06-12 07:55:00,92.3
2025-06-12 15:48:00,68.9
2025-06-12 12:22:00,22.8
2025-06-12 14:53:00,49.560128956623686
2025-06-12 21:40:00,75.3
2025-06-12 03:53:00,12.1
2025-06-12 13:05:00,49.560128956623686
2025-06-12 13:53:00,4.3
2025-06-12 21:34:00,33.6
2025-06-12 01:25:00,8.9
2025-06-12 23:32:00,20.5
2025-06-12 17:41:00,66.7
2025-06-12 20:19:00,51.3
2025-06-12 12:17:00,35.4
2025-06-12 22:11:00,21.7
2025-06-12 15:45:00,49.560128956623686
2025-06-12 04:41:00,36.8
2025-06-12 19:50:00,49.560128956623686
2025-06-12 15:53:00,49.560128956623686
2025-06-12 17:26:00,26.2
2025-06-12 16:35:00,22.5
2025-06-12 07:45:00,44.0
2025-06-12 17:04:00,23.3
2025-06-12 04:05:00,49.560128956623686
2025-06-12 22:58:00,64.9
2025-06-12 05:24:00,43.1
2025-06-12 04:58:00,17.9
2025-06-12 12:41:00,53.6
2025-06-12 21:32:00,58.4
2025-06-12 22:08:00,49.560128956623686
2025-06-12 02:39:00,16.3
2025-06-12 05:08:00,49.560128956623686
2025-06-12 16:23:00,47.7
2025-06-12 16:42:00,44.4
2025-06-12 21:38:00,9.9
2025-06-12 11:33:00,20.8
2025-06-12 11:19:00,72.9
2025-06-12 16:45:00,39.2
2025-06-12 11:05:00,12.9
2025-06-12 11:12:00,95.0
2025-06-12 07:59:00,4.7
2025-06-12 15:57:00,70.6
2025-06-12 22:00:00,13.4
2025-06-12 02:50:00,56.0
2025-06-12 18:12:00,35.3
2025-06-12 15:00:00,40.3
2025-06-12 11:20:00,0.7
2025-06-12 15:17:00,9.3
2025-06-12 15:53:00,96.1
2025-06-12 21:29:00,8.6
2025-06-12 02:00:00,8.3
2025-06-12 22:41:00,51.1
2025-06-12 12:48:00,84.9
2025-06-12 14:44:00,38.1
2025-06-12 16:44:00,26.0
2025-06-12 05:17:00,62.6
2025-06-12 02:54:00,49.560128956623686
2025-06-12 11:26:00,13.9
2025-06-12 01:09:00,6.4
2025-06-12 22:20:00,49.560128956623686
2025-06-12 01:22:00,12.2
2025-06-12 08:47:00,8.4
2025-06-12 01:32:00,10.2
2025-06-12 12:25:00,49.560128956623686
2025-06-12 04:45:00,49.560128956623686
2025-06-12 09:03:00,49.560128956623686
2025-06-12 04:05:00,36.8
2025-06-12 00:57:00,94.5
2025-06-12 17:28:00,49.560128956623686
2025-06-12 18:35:00,70.4
2025-06-12 10:54:00,63.6
2025-06-12 07:33:00,41.9
2025-06-12 17:04:00,15.6
2025-06-12 01:58:00,2.7
2025-06-12 19:55:00,2.1
2025-06-12 10:21:00,97.5
2025-06-12 14:05:00,43.1
2025-06-12 18:57:00,35.7
2025-06-12 00:38:00,68.2
2025-06-12 05:20:00,53.4
2025-06-12 14:00:00,52.4
2025-06-12 05:49:00,20.8
2025-06-12 11:36:00,76.4
2025-06-12 07:11:00,17.7
2025-06-12 08:15:00,16.0
2025-06-12 21:15:00,88.0
2025-06-12 14:08:00,35.2
2025-06-12 02:33:00,49.560128956623686
2025-06-12 15:43:00,9.0
2025-06-12 22:45:00,82.0
2025-06-12 14:43:00,25.0
2025-06-12 06:04:00,76.4
2025-06-12 17:50:00,44.1
2025-06-12 15:07:00,7.2
2025-06-12 19:09:00,23.8
2025-06-12 13:03:00,97.3
2025-06-12 02:03:00,18.0
2025-06-12 12:56:00,33.1
2025-06-12 12:52:00,62.3
2025-06-12 09:35:00,80.3
2025-06-12 07:17:00,49.560128956623686
2025-06-12 23:41:00,75.0
2025-06-12 15:06:00,42.6
2025-06-12 12:13:00,23.1
2025-06-12 20:40:00,41.2
2025-06-12 01:30:00,11.7
2025-06-12 07:11:00,47.2
2025-06-12 15:34:00,87.9
2025-06-12 23:33:00,34.3
2025-06-12 22:45:00,85.6
2025-06-12 23:32:00,49.560128956623686
2025-06-12 05:36:00,77.6
2025-06-12 07:24:00,99.0
2025-06-12 17:32:00,3.8
2025-06-12 14:58:00,49.560128956623686
2025-06-12 16:06:00,29.3
2025-06-12 02:09:00,62.4
2025-06-12 07:25:00,40.4
2025-06-12 04:14:00,26.2
2025-06-12 13:01:00,39.6
2025-06-12 11:13:00,49.560128956623686
2025-06-12 12:32:00,35.2
2025-06-12 04:12:00,34.7
2025-06-12 14:41:00,49.560128956623686
2025-06-12 21:25:00,4.9
2025-06-12 20:49:00,53.6
2025-06-12 21:50:00,61.7
2025-06-12 22:42:00,94.5
2025-06-12 00:40:00,50.8
2025-06-12 17:41:00,49.560128956623686
2025-06-12 00:51:00,49.560128956623686
2025-06-12 23:41:00,40.9
2025-06-12 18:29:00,42.7
2025-06-12 01:50:00,1.8
2025-06-12 07:30:00,47.3
2025-06-12 21:02:00,29.7
2025-06-12 02:18:00,65.6
2025-06-12 09:44:00,49.560128956623686
2025-06-12 09:52:00,43.4
2025-06-12 06:57:00,14.6
2025-06-12 19:54:00,61.2
2025-06-12 06:06:00,49.560128956623686
2025-06-12 22:24:00,1.4
2025-06-12 11:02:00,54.0
2025-06-12 19:53:00,85.9
2025-06-12 15:27:00,64.7
2025-06-12 05:59:00,54.6
2025-06-12 21:34:00,49.560128956623686
2025-06-12 15:03:00,86.7
2025-06-12 21:46:00,84.8
2025-06-12 04:59:00,86.3
2025-06-12 07:04:00,78.1
2025-06-12 14:22:00,44.0
2025-06-12 14:45:00,2.4
2025-06-12 02:13:00,87.0
2025-06-12 12:18:00,20.1
2025-06-12 03:31:00,33.1
2025-06-12 05:40:00,67.1
2025-06-12 21:25:00,4.2
2025-06-12 22:24:00,79.0
2025-06-12 03:59:00,17.5
2025-06-12 12:58:00,77.6
2025-06-12 19:09:00,4.4
2025-06-12 23:40:00,94.3
2025-06-12 06:20:00,37.4
2025-06-12 20:16:00,9.6
2025-06-12 03:29:00,7.9
2025-06-12 15:50:00,36.3
2025-06-12 16:48:00,59.1
2025-06-12 21:18:00,8.0
2025-06-12 08:05:00,66.2
2025-06-12 03:54:00,3.2
2025-06-12 12:44:00,49.560128956623686
2025-06-12 08:09:00,49.560128956623686
2025-06-12 20:42:00,86.9
2025-06-12 03:28:00,34.0
2025-06-12 08:42:00,60.4
2025-06-12 05:49:00,67.7
2025-06-12 22:30:00,79.4
2025-06-12 13:49:00,65.9
2025-06-12 23:50:00,40.0
2025-06-12 00:28:00,53.8
2025-06-12 14:34:00,65.4
2025-06-12 11:43:00,22.4
2025-06-12 12:24:00,49.560128956623686
2025-06-12 17:33:00,96.7
2025-06-12 20:32:00,60.0
2025-06-12 13:43:00,31.7
2025-06-12 05:16:00,49.560128956623686
2025-06-12 00:24:00,49.560128956623686
2025-06-12 06:38:00,49.0
2025-06-12 08:09:00,91.7
2025-06-12 05:58:00,22.9
2025-06-12 17:49:00,24.0
2025-06-12 19:42:00,26.3
2025-06-12 21:47:00,32.2
2025-06-12 07:25:00,72.8
2025-06-12 12:53:00,30.5
2025-06-12 14:04:00,49.560128956623686
2025-06-12 00:31:00,46.5
2025-06-12 20:51:00,67.4
2025-06-12 00:41:00,81.8
2025-06-12 17:58:00,97.1
2025-06-12 14:42:00,9.7
2025-06-12 10:42:00,73.8
2025-06-12 16:07:00,32.6
2025-06-12 22:14:00,40.6
2025-06-12 19:44:00,14.8
2025-06-12 13:02:00,80.2
2025-06-12 01:19:00,11.2
2025-06-12 07:12:00,44.6
2025-06-12 00:00:00,3.0
2025-06-12 19:28:00,92.2
2025-06-12 02:01:00,9.5
2025-06-12 09:46:00,17.3
2025-06-12 00:20:00,49.560128956623686
2025-06-12 08:30:00,39.2
2025-06-12 09:15:00,66.8
2025-06-12 09:21:00,21.7
2025-06-12 21:24:00,49.560128956623686
2025-06-12 21:49:00,84.0
2025-06-12 17:24:00,34.4
2025-06-12 09:38:00,46.5
2025-06-12 21:30:00,24.0
2025-06-12 19:57:00,42.7
2025-06-12 20:51:00,49.560128956623686
2025-06-12 03:54:00,2.5
2025-06-12 10:50:00,49.560128956623686
2025-06-12 14:51:00,85.5
2025-06-12 13:08:00,31.9
2025-06-12 08:13:00,99.5
2025-06-12 15:52:00,85.5
2025-06-12 17:08:00,77.9
2025-06-12 09:13:00,22.7
2025-06-12 20:17:00,0.1
2025-06-12 13:17:00,80.7
2025-06-12 13:10:00,35.3
2025-06-12 23:30:00,9.0
2025-06-12 14:21:00,6.1
2025-06-12 06:41:00,4.3
2025-06-12 14:56:00,28.6
2025-06-12 01:03:00,96.9
2025-06-12 21:15:00,25.6
2025-06-12 21:29:00,49.560128956623686
2025-06-12 10:51:00,25.3
2025-06-12 16:25:00,69.4
2025-06-12 15:10:00,95.1
2025-06-12 22:10:00,49.2
2025-06-12 13:44:00,87.9
2025-06-12 10:26:00,58.1
2025-06-12 11:24:00,24.2
2025-06-12 11:55:00,93.3
2025-06-12 10:13:00,1.7
2025-06-12 00:36:00,2.9
2025-06-12 20:28:00,92.2
2025-06-12 17:41:00,19.9
2025-06-12 17:09:00,49.560128956623686
2025-06-12 08:26:00,24.1
2025-06-12 23:54:00,19.3
2025-06-12 23:11:00,22.1
2025-06-12 13:27:00,49.560128956623686
2025-06-12 15:01:00,50.2
2025-06-12 09:10:00,82.0
2025-06-12 03:21:00,44.0
2025-06-12 14:34:00,45.0
2025-06-12 05:43:00,18.3
2025-06-12 20:53:00,25.0
2025-06-12 01:43:00,64.1
2025-06-12 19:31:00,12.6
2025-06-12 21:38:00,49.560128956623686
2025-06-12 18:01:00,66.6
2025-06-12 00:53:00,53.3
2025-06-12 23:36:00,98.5
2025-06-12 13:41:00,40.2
2025-06-12 00:12:00,91.3
2025-06-12 15:29:00,76.7
2025-06-12 16:58:00,63.7
2025-06-12 08:22:00,49.560128956623686
2025-06-12 04:18:00,60.1
2025-06-12 09:05:00,49.9
2025-06-12 22:25:00,83.0
2025-06-12 20:39:00,35.7
2025-06-12 11:58:00,49.560128956623686
2025-06-12 23:43:00,46.2
2025-06-12 05:00:00,12.2
2025-06-12 22:35:00,23.0
2025-06-12 18:13:00,90.0
2025-06-12 04:22:00,31.9
2025-06-12 04:34:00,4.2
2025-06-12 05:46:00,58.9
2025-06-12 18:34:00,91.3
2025-06-12 03:20:00,59.3
2025-06-12 01:47:00,44.0
2025-06-12 03:42:00,56.9
2025-06-12 01:46:00,49.560128956623686
2025-06-12 21:31:00,36.9
2025-06-12 01:28:00,49.560128956623686
2025-06-12 04:37:00,20.8
2025-06-12 00:34:00,64.8
2025-06-12 16:55:00,88.8
2025-06-12 17:24:00,64.7
2025-06-12 13:46:00,4.8
2025-06-12 22:31:00,94.0
2025-06-12 07:14:00,29.2
2025-06-12 07:43:00,4.5
2025-06-12 02:26:00,14.8
2025-06-12 06:03:00,67.6
2025-06-12 11:07:00,75.3
2025-06-12 22:13:00,19.7
2025-06-12 08:17:00,83.3
2025-06-12 00:23:00,72.7
2025-06-12 02:53:00,41.7
2025-06-12 07:28:00,80.3
2025-06-12 06:28:00,7.4
2025-06-12 16:50:00,3.8
2025-06-12 02:58:00,50.10277843742579
2025-06-12 06:03:00,20.7
2025-06-12 13:07:00,8.4
2025-06-12 14:23:00,90.4
2025-06-12 23:50:00,51.4
2025-06-12 08:19:00,80.3
2025-06-12 09:34:00,30.5
2025-06-12 19:34:00,83.5
2025-06-12 23:00:00,50.10277843742579
2025-06-12 06:55:00,81.2
2025-06-12 06:31:00,74.7
2025-06-12 19:30:00,39.0
2025-06-12 15:44:00,48.7
2025-06-12 18:44:00,72.0
2025-06-12 04:51:00,41.8
2025-06-12 11:06:00,42.1
2025-06-12 00:37:00,14.1
2025-06-12 00:30:00,96.8
2025-06-12 04:42:00,79.8
2025-06-12 00:52:00,23.0
2025-06-12 16:30:00,24.0
2025-06-12 10:49:00,93.1
2025-06-12 08:49:00,55.1
2025-06-12 02:50:00,20.2
2025-06-12 18:32:00,50.10277843742579
2025-06-12 23:59:00,98.7
2025-06-12 11:02:00,68.2
2025-06-12 09:12:00,80.9
2025-06-12 05:40:00,63.6
2025-06-12 17:43:00,50.10277843742579
2025-06-12 10:35:00,7.9
2025-06-12 02:14:00,29.5
2025-06-12 10:20:00,22.7
2025-06-12 21:42:00,48.4
2025-06-12 00:47:00,71.3
2025-06-12 09:00:00,73.2
2025-06-12 14:08:00,34.5
2025-06-12 06:12:00,96.6
2025-06-12 22:18:00,94.8
2025-06-12 06:52:00,4.0
2025-06-12 06:43:00,50.10277843742579
2025-06-12 15:57:00,97.4
2025-06-12 19:35:00,83.8
2025-06-12 04:46:00,50.10277843742579
2025-06-12 23:34:00,86.4
2025-06-12 23:33:00,49.3
2025-06-12 11:18:00,59.2
2025-06-12 03:44:00,10.8
2025-06-12 03:53:00,5.2
2025-06-12 14:22:00,24.1
2025-06-12 17:22:00,79.0
2025-06-12 08:54:00,29.6
2025-06-12 15:04:00,18.7
2025-06-12 17:28:00,83.4
2025-06-12 10:11:00,2.2
2025-06-12 11:39:00,50.10277843742579
2025-06-12 18:09:00,33.4
2025-06-12 07:19:00,39.9
2025-06-12 04:06:00,33.1
2025-06-12 15:14:00,43.1
2025-06-12 01:30:00,16.1
2025-06-12 18:37:00,40.1
2025-06-12 16:11:00,50.10277843742579
2025-06-12 22:55:00,98.5
2025-06-12 05:03:00,84.5
2025-06-12 12:23:00,87.0
2025-06-12 20:07:00,16.1
2025-06-12 15:00:00,82.8
2025-06-12 04:54:00,50.10277843742579
2025-06-12 14:14:00,99.6
2025-06-12 04:46:00,26.4
2025-06-12 06:12:00,32.6
2025-06-12 03:22:00,46.1
2025-06-12 23:05:00,90.0
2025-06-12 19:08:00,56.7
2025-06-12 17:54:00,50.10277843742579
2025-06-12 22:16:00,50.10277843742579
2025-06-12 04:18:00,50.10277843742579
2025-06-12 15:27:00,50.10277843742579
2025-06-12 10:07:00,20.1
2025-06-12 06:03:00,66.3
2025-06-12 16:05:00,32.0
2025-06-12 18:39:00,8.6
2025-06-12 07:03:00,23.2
2025-06-12 03:49:00,15.4
2025-06-12 16:38:00,81.3
2025-06-12 12:49:00,36.2
2025-06-12 13:37:00,66.0
2025-06-12 14:51:00,18.6
2025-06-12 05:09:00,50.10277843742579
2025-06-12 04:36:00,50.10277843742579
2025-06-12 14:57:00,35.4
2025-06-12 19:38:00,50.10277843742579
2025-06-12 16:52:00,96.2
2025-06-12 08:52:00,80.8
2025-06-12 01:57:00,15.7
2025-06-12 12:06:00,78.5
2025-06-12 10:45:00,61.1
2025-06-12 09:18:00,36.9
2025-06-12 20:07:00,50.10277843742579
2025-06-12 02:47:00,65.1
2025-06-12 02:04:00,15.9
2025-06-12 01:24:00,34.7
2025-06-12 10:41:00,95.4
2025-06-12 04:41:00,7.6
2025-06-12 13:17:00,27.2
2025-06-12 03:55:00,50.10277843742579
2025-06-12 14:29:00,53.2
2025-06-12 05:16:00,42.5
2025-06-12 21:16:00,75.7
2025-06-12 09:49:00,83.4
2025-06-12 05:58:00,69.6
2025-06-12 10:22:00,42.8
2025-06-12 05:04:00,10.6
2025-06-12 14:59:00,86.2
2025-06-12 09:33:00,51.5
2025-06-12 22:59:00,39.7
2025-06-12 01:08:00,0.8
2025-06-12 07:48:00,4.5
2025-06-12 00:18:00,26.7
2025-06-12 22:31:00,31.3
2025-06-12 17:02:00,74.9
2025-06-12 07:06:00,45.5
2025-06-12 23:34:00,50.10277843742579
2025-06-12 00:16:00,50.10277843742579
2025-06-12 22:12:00,50.10277843742579
2025-06-12 18:55:00,50.10277843742579
2025-06-12 07:25:00,43.4
2025-06-12 14:07:00,84.5
2025-06-12 18:44:00,90.2
2025-06-12 02:09:00,97.9
2025-06-12 03:26:00,4.0
2025-06-12 10:37:00,86.7
2025-06-12 11:47:00,89.0
2025-06-12 21:50:00,95.5
2025-06-12 20:46:00,89.4
2025-06-12 11:12:00,4.8
2025-06-12 13:25:00,88.6
2025-06-12 14:21:00,50.10277843742579
2025-06-12 18:17:00,68.2
2025-06-12 02:36:00,50.10277843742579
2025-06-12 17:23:00,7.0
2025-06-12 16:09:00,71.0
2025-06-12 16:27:00,28.1
2025-06-12 12:07:00,15.9
2025-06-12 20:21:00,43.0
2025-06-12 19:58:00,64.5
2025-06-12 04:10:00,15.1
2025-06-12 01:09:00,45.2
2025-06-12 14:56:00,50.10277843742579
2025-06-12 18:46:00,50.10277843742579
2025-06-12 03:27:00,99.5
2025-06-12 05:48:00,12.9
2025-06-12 09:41:00,65.9
2025-06-12 11:12:00,3.5
2025-06-12 22:14:00,50.10277843742579
2025-06-12 07:31:00,49.5
2025-06-12 06:49:00,58.4
2025-06-12 04:36:00,55.2
2025-06-12 07:37:00,97.7
2025-06-12 06:59:00,70.7
2025-06-12 16:53:00,50.10277843742579
2025-06-12 04:59:00,13.9
2025-06-12 13:36:00,86.0
2025-06-12 21:27:00,50.10277843742579
2025-06-12 15:08:00,27.3
2025-06-12 05:54:00,50.10277843742579
2025-06-12 15:04:00,59.0
2025-06-12 05:58:00,27.8
2025-06-12 09:00:00,24.8
2025-06-12 08:07:00,26.4
2025-06-12 09:10:00,35.4
2025-06-12 00:01:00,50.10277843742579
2025-06-12 19:35:00,24.7
2025-06-12 21:20:00,10.6
2025-06-12 00:30:00,50.9
2025-06-12 20:56:00,43.3
2025-06-12 13:58:00,18.9
2025-06-12 16:01:00,50.10277843742579
2025-06-12 12:01:00,88.2
2025-06-12 09:15:00,75.7
2025-06-12 03:35:00,50.10277843742579
2025-06-12 03:33:00,97.5
2025-06-12 10:43:00,10.9
2025-06-12 13:33:00,49.7
2025-06-12 23:01:00,16.7
2025-06-12 12:15:00,13.4
2025-06-12 04:35:00,30.0
2025-06-12 07:11:00,35.4
2025-06-12 21:10:00,10.5
2025-06-12 19:00:00,60.4
2025-06-12 22:18:00,50.10277843742579
2025-06-12 14:26:00,50.10277843742579
2025-06-12 14:42:00,50.10277843742579
2025-06-12 12:37:00,48.3
2025-06-12 15:30:00,19.3
2025-06-12 12:36:00,26.7
2025-06-12 20:22:00,48.6
2025-06-12 00:28:00,7.2
2025-06-12 01:12:00,25.8
2025-06-12 12:22:00,43.2
2025-06-12 05:21:00,42.3
2025-06-12 09:09:00,50.10277843742579
2025-06-12 01:16:00,43.3
2025-06-12 22:50:00,19.4
2025-06-12 17:35:00,14.0
2025-06-12 16:44:00,6.6
2025-06-12 19:40:00,24.4
2025-06-12 06:11:00,68.7
2025-06-12 21:34:00,55.9
2025-06-12 22:45:00,50.10277843742579
2025-06-12 21:37:00,4.4
2025-06-12 23:25:00,85.6
2025-06-12 19:18:00,46.1
2025-06-12 15:56:00,15.9
2025-06-12 10:38:00,50.10277843742579
2025-06-12 07:48:00,85.9
2025-06-12 05:32:00,7.3
2025-06-12 07:54:00,39.8
2025-06-12 06:30:00,50.10277843742579
2025-06-12 06:31:00,53.6
2025-06-12 19:32:00,54.9
2025-06-12 11:53:00,36.8
2025-06-12 11:45:00,57.1
2025-06-12 15:53:00,2.6
2025-06-12 14:01:00,84.9
2025-06-12 19:49:00,85.3
2025-06-12 14:39:00,63.3
2025-06-12 14:39:00,39.2
2025-06-12 01:54:00,39.0
2025-06-12 10:48:00,65.3
2025-06-12 17:30:00,30.3
2025-06-12 13:03:00,50.10277843742579
2025-06-12 23:32:00,88.3
2025-06-12 06:48:00,11.1
2025-06-12 19:04:00,40.1
2025-06-12 23:07:00,46.2
2025-06-12 06:20:00,89.6
2025-06-12 13:39:00,93.2
2025-06-12 08:17:00,56.0
2025-06-12 23:49:00,98.0
2025-06-12 19:20:00,17.1
2025-06-12 21:50:00,65.2
2025-06-12 22:53:00,4.2
2025-06-12 01:51:00,50.10277843742579
2025-06-12 15:02:00,41.5
2025-06-12 22:57:00,40.0
2025-06-12 23:55:00,31.4
2025-06-12 20:01:00,53.2
2025-06-12 09:00:00,51.4
2025-06-12 17:01:00,7.2
2025-06-12 12:24:00,22.2
2025-06-12 12:01:00,7.4
2025-06-12 03:37:00,46.9
2025-06-12 20:48:00,53.0
2025-06-12 21:53:00,66.6
2025-06-12 00:23:00,82.3
2025-06-12 03:44:00,18.7
2025-06-12 17:31:00,84.3
2025-06-12 01:19:00,32.0
2025-06-12 03:39:00,50.10277843742579
2025-06-12 11:40:00,50.10277843742579
2025-06-12 14:14:00,58.7
2025-06-12 09:30:00,1.4
2025-06-12 15:35:00,15.2
2025-06-12 17:48:00,9.0
2025-06-12 08:54:00,16.4
2025-06-12 03:14:00,28.5
2025-06-12 10:36:00,50.10277843742579
2025-06-12 16:29:00,19.9
2025-06-12 13:30:00,13.9
2025-06-12 13:18:00,95.9
2025-06-12 11:46:00,24.5
2025-06-12 11:00:00,73.6
2025-06-12 03:03:00,87.5
2025-06-12 03:30:00,65.3
2025-06-12 00:11:00,24.3
2025-06-12 17:15:00,89.1
2025-06-12 13:16:00,12.4
2025-06-12 01:40:00,5.2
2025-06-12 17:10:00,50.10277843742579
2025-06-12 11:07:00,90.4
2025-06-12 05:27:00,50.10277843742579
2025-06-12 19:26:00,0.4
2025-06-12 13:31:00,50.10277843742579
2025-06-12 01:41:00,50.2
2025-06-12 20:40:00,75.6
2025-06-12 16:20:00,37.3
2025-06-12 00:47:00,95.0
2025-06-12 19:57:00,21.3
2025-06-12 21:37:00,65.2
2025-06-12 13:25:00,86.4
2025-06-12 05:35:00,50.10277843742579
2025-06-12 11:23:00,4.0
2025-06-12 21:22:00,59.5
2025-06-12 03:36:00,47.6
2025-06-12 07:22:00,14.7
2025-06-12 00:27:00,97.4
2025-06-12 19:30:00,96.2
2025-06-12 02:18:00,99.3
2025-06-12 00:22:00,30.8
2025-06-12 01:20:00,44.1
2025-06-12 23:08:00,61.3
2025-06-12 04:57:00,4.1
2025-06-12 18:15:00,15.9
2025-06-12 10:16:00,28.2
2025-06-12 22:20:00,37.3
2025-06-12 21:30:00,28.4
2025-06-12 11:56:00,32.1
2025-06-12 06:48:00,50.10277843742579
2025-06-12 15:31:00,64.6
2025-06-12 21:42:00,33.3
2025-06-12 01:16:00,96.3
2025-06-12 13:35:00,59.0
2025-06-12 00:26:00,29.7
2025-06-12 09:17:00,50.10277843742579
2025-06-12 00:51:00,96.8
2025-06-12 21:12:00,20.3
2025-06-12 03:25:00,57.0
2025-06-12 20:48:00,72.5
2025-06-12 00:00:00,18.7
2025-06-12 11:58:00,66.6
2025-06-12 03:07:00,17.4
2025-06-12 05:15:00,25.8
2025-06-12 22:21:00,75.1
2025-06-12 01:31:00,72.6
2025-06-12 13:52:00,62.7
2025-06-12 07:19:00,58.9
2025-06-12 09:08:00,19.8
2025-06-12 00:30:00,6.6
2025-06-12 18:42:00,35.1
2025-06-12 16:24:00,84.0
2025-06-12 08:39:00,18.1
2025-06-12 18:53:00,39.6
2025-06-12 21:00:00,39.6
2025-06-12 10:07:00,54.0
2025-06-12 07:10:00,19.1
2025-06-12 22:25:00,74.6
2025-06-12 13:59:00,53.6
2025-06-12 04:01:00,77.8
2025-06-12 09:10:00,49.2
2025-06-12 13:44:00,49.85036359371334
2025-06-12 14:32:00,13.6
2025-06-12 18:24:00,54.0
2025-06-12 06:30:00,30.8
2025-06-12 00:39:00,11.7
2025-06-12 13:19:00,14.4
2025-06-12 13:30:00,49.85036359371334
2025-06-12 00:42:00,37.5
2025-06-12 06:44:00,24.6
2025-06-12 02:27:00,83.2
2025-06-12 10:07:00,93.3
2025-06-12 12:00:00,96.9
2025-06-12 23:14:00,68.1
2025-06-12 18:53:00,28.8
2025-06-12 18:17:00,69.5
2025-06-12 06:36:00,49.85036359371334
2025-06-12 03:59:00,37.9
2025-06-12 05:00:00,75.8
2025-06-12 03:20:00,84.5
2025-06-12 23:23:00,21.0
2025-06-12 03:58:00,94.0
2025-06-12 03:57:00,41.9
2025-06-12 03:21:00,35.2
2025-06-12 16:10:00,49.85036359371334
2025-06-12 07:48:00,85.1
2025-06-12 17:57:00,57.2
2025-06-12 20:44:00,40.3
2025-06-12 06:58:00,49.85036359371334
2025-06-12 21:56:00,49.85036359371334
2025-06-12 12:52:00,12.7
2025-06-12 00:57:00,4.2
2025-06-12 12:55:00,49.85036359371334
2025-06-12 16:09:00,49.1
2025-06-12 07:32:00,60.8
2025-06-12 08:40:00,96.3
2025-06-12 23:20:00,80.7
2025-06-12 19:46:00,57.7
2025-06-12 03:59:00,39.0
2025-06-12 02:46:00,61.3
2025-06-12 22:19:00,37.5
2025-06-12 00:01:00,77.7
2025-06-12 06:31:00,39.4
2025-06-12 02:44:00,28.3
2025-06-12 03:47:00,96.8
2025-06-12 06:53:00,0.2
2025-06-12 21:18:00,14.6
2025-06-12 22:32:00,77.1
2025-06-12 09:35:00,98.9
2025-06-12 10:29:00,62.6
2025-06-12 18:55:00,22.0
2025-06-12 20:21:00,78.3
2025-06-12 05:35:00,70.6
2025-06-12 01:08:00,49.85036359371334
2025-06-12 07:44:00,49.85036359371334
2025-06-12 20:23:00,68.1
2025-06-12 10:21:00,67.2
2025-06-12 11:10:00,49.85036359371334
2025-06-12 19:33:00,63.9
2025-06-12 20:45:00,38.2
2025-06-12 09:54:00,10.2
2025-06-12 02:35:00,95.9
2025-06-12 03:21:00,3.6
2025-06-12 01:57:00,33.2
2025-06-12 16:18:00,49.85036359371334
2025-06-12 08:29:00,3.8
2025-06-12 07:06:00,36.2
2025-06-12 01:23:00,12.7
2025-06-12 18:43:00,84.3
2025-06-12 23:03:00,49.85036359371334
2025-06-12 21:54:00,2.0
2025-06-12 06:52:00,46.6
2025-06-12 17:20:00,49.85036359371334
2025-06-12 13:20:00,2.6
2025-06-12 04:45:00,49.85036359371334
2025-06-12 20:53:00,49.85036359371334
2025-06-12 10:49:00,18.2
2025-06-12 04:13:00,6.9
2025-06-12 22:03:00,93.5
2025-06-12 05:31:00,59.7
2025-06-12 22:38:00,51.5
2025-06-12 04:51:00,57.4
2025-06-12 16:03:00,49.85036359371334
2025-06-12 23:57:00,94.4
2025-06-12 03:14:00,50.0
2025-06-12 06:19:00,22.2
2025-06-12 15:14:00,84.8
2025-06-12 14:19:00,49.85036359371334
2025-06-12 22:25:00,91.0
2025-06-12 18:42:00,40.9
2025-06-12 09:26:00,21.1
2025-06-12 12:11:00,49.85036359371334
2025-06-12 01:19:00,33.0
2025-06-12 17:57:00,11.5
2025-06-12 16:27:00,29.9
2025-06-12 10:37:00,55.6
2025-06-12 00:03:00,79.1
2025-06-12 13:08:00,13.7
2025-06-12 22:15:00,49.85036359371334
2025-06-12 17:43:00,42.4
2025-06-12 08:36:00,49.85036359371334
2025-06-12 23:12:00,49.85036359371334
2025-06-12 20:15:00,49.85036359371334
2025-06-12 08:12:00,78.7
2025-06-12 13:24:00,90.8
2025-06-12 07:05:00,66.7
2025-06-12 06:52:00,40.0
2025-06-12 19:40:00,49.85036359371334
2025-06-12 03:40:00,74.4
2025-06-12 21:57:00,42.0
2025-06-12 15:57:00,38.3
2025-06-12 06:56:00,90.8
2025-06-12 00:14:00,46.5
2025-06-12 12:21:00,48.6
2025-06-12 11:25:00,56.5
2025-06-12 19:14:00,59.4
2025-06-12 15:54:00,6.4
2025-06-12 21:07:00,14.2
2025-06-12 04:49:00,84.2
2025-06-12 09:01:00,97.4
2025-06-12 20:38:00,79.9
2025-06-12 17:37:00,86.8
2025-06-12 07:35:00,22.5
2025-06-12 13:40:00,14.7
2025-06-12 17:08:00,41.5
2025-06-12 21:10:00,55.4
2025-06-12 01:13:00,88.4
2025-06-12 14:08:00,43.6
2025-06-12 15:07:00,52.1
2025-06-12 23:15:00,49.85036359371334
2025-06-12 09:08:00,5.3
2025-06-12 15:49:00,13.1
2025-06-12 06:14:00,14.6
2025-06-12 17:53:00,36.8
2025-06-12 02:20:00,49.85036359371334
2025-06-12 21:15:00,53.1
2025-06-12 02:50:00,14.0
2025-06-12 04:55:00,68.8
2025-06-12 07:53:00,87.0
2025-06-12 07:10:00,32.7
2025-06-12 06:26:00,21.5
2025-06-12 10:28:00,49.85036359371334
2025-06-12 19:12:00,99.7
2025-06-12 15:23:00,24.5
2025-06-12 14:44:00,29.0
2025-06-12 10:41:00,71.7
2025-06-12 13:50:00,74.9
2025-06-12 02:47:00,89.0
2025-06-12 01:21:00,10.1
2025-06-12 21:23:00,14.1
2025-06-12 07:37:00,22.5
2025-06-12 07:53:00,66.1
2025-06-12 13:45:00,86.5
2025-06-12 04:48:00,54.4
2025-06-12 08:09:00,16.2
2025-06-12 19:15:00,68.4
2025-06-12 00:42:00,3.9
2025-06-12 18:34:00,26.9
2025-06-12 02:18:00,29.0
2025-06-12 07:17:00,91.7
2025-06-12 12:20:00,39.9
2025-06-12 11:52:00,35.9
2025-06-12 18:01:00,6.8
2025-06-12 17:12:00,24.3
2025-06-12 01:17:00,99.2
2025-06-12 00:07:00,59.7
2025-06-12 19:40:00,49.85036359371334
2025-06-12 13:30:00,13.5
2025-06-12 19:25:00,42.3
2025-06-12 00:54:00,61.5
2025-06-12 08:14:00,29.2
2025-06-12 20:23:00,41.8
2025-06-12 23:43:00,49.85036359371334
2025-06-12 00:34:00,1.2
2025-06-12 14:16:00,68.8
2025-06-12 10:14:00,21.8
2025-06-12 04:04:00,94.4
2025-06-12 02:21:00,9.5
2025-06-12 06:17:00,26.6
2025-06-12 16:33:00,49.85036359371334
2025-06-12 14:29:00,37.2
2025-06-12 10:37:00,31.3
2025-06-12 20:36:00,52.6
2025-06-12 09:37:00,25.1
2025-06-12 10:21:00,17.5
2025-06-12 09:55:00,42.8
2025-06-12 17:14:00,12.1
2025-06-12 14:15:00,2.9
2025-06-12 14:17:00,49.85036359371334
2025-06-12 09:37:00,49.5
2025-06-12 23:28:00,24.3
2025-06-12 23:38:00,29.2
2025-06-12 04:52:00,10.8
2025-06-12 13:41:00,91.2
2025-06-12 20:28:00,13.6
2025-06-12 10:42:00,33.4
2025-06-12 08:04:00,65.5
2025-06-12 20:05:00,83.4
2025-06-12 15:23:00,37.2
2025-06-12 16:26:00,52.6
2025-06-12 19:23:00,49.85036359371334
2025-06-12 08:39:00,19.4
2025-06-12 09:00:00,13.6
2025-06-12 00:40:00,86.8
2025-06-12 16:15:00,18.2
2025-06-12 18:03:00,67.2
2025-06-12 01:10:00,79.1
2025-06-12 21:50:00,47.3
2025-06-12 07:16:00,9.2
2025-06-12 09:33:00,8.2
2025-06-12 12:40:00,1.8
2025-06-12 23:08:00,88.1
2025-06-12 06:19:00,87.0
2025-06-12 14:02:00,85.1
2025-06-12 08:15:00,60.8
2025-06-12 14:35:00,49.8
2025-06-12 18:20:00,49.85036359371334
2025-06-12 01:05:00,49.85036359371334
2025-06-12 16:25:00,53.0
2025-06-12 18:02:00,18.9
2025-06-12 12:47:00,10.2
2025-06-12 12:25:00,49.85036359371334
2025-06-12 14:09:00,51.5
2025-06-12 20:27:00,49.85036359371334
2025-06-12 08:57:00,64.6
2025-06-12 09:09:00,57.0
2025-06-12 06:09:00,83.9
2025-06-12 14:02:00,2.7
2025-06-12 12:36:00,71.1
2025-06-12 10:20:00,13.6
2025-06-12 22:42:00,96.8
2025-06-12 05:41:00,49.85036359371334
2025-06-12 04:04:00,80.9
2025-06-12 04:57:00,79.0
2025-06-12 21:32:00,49.85036359371334
2025-06-12 08:36:00,49.6
2025-06-12 22:18:00,76.2
2025-06-12 05:48:00,73.1
2025-06-12 08:09:00,49.85036359371334
2025-06-12 05:58:00,66.2
2025-06-12 01:23:00,28.9
2025-06-12 16:22:00,36.4
2025-06-12 15:59:00,79.1
2025-06-12 00:43:00,97.5
2025-06-12 21:39:00,33.5
2025-06-12 18:42:00,49.85036359371334
2025-06-12 13:48:00,93.4
2025-06-12 20:09:00,79.6
2025-06-12 03:55:00,75.4
2025-06-12 02:53:00,60.9
2025-06-12 23:25:00,51.2
2025-06-12 17:31:00,45.4
2025-06-12 00:33:00,35.0
2025-06-12 02:23:00,64.0
2025-06-12 00:21:00,56.4
2025-06-12 15:44:00,39.5
2025-06-12 04:12:00,28.1
2025-06-12 22:44:00,16.8
2025-06-12 07:45:00,17.9
2025-06-12 22:14:00,46.4
2025-06-12 18:58:00,33.0
2025-06-12 22:08:00,8.4
2025-06-12 15:45:00,94.0
2025-06-12 08:42:00,49.85036359371334
2025-06-12 21:01:00,97.4
2025-06-12 23:06:00,98.9
2025-06-12 20:09:00,64.2
2025-06-12 15:27:00,14.7
2025-06-12 08:19:00,41.0
2025-06-12 17:32:00,30.8
2025-06-12 10:26:00,57.4
2025-06-12 15:32:00,45.6
2025-06-12 11:26:00,68.5
2025-06-12 14:35:00,88.3
2025-06-12 04:19:00,49.85036359371334
2025-06-12 01:02:00,49.85036359371334
2025-06-12 12:44:00,94.2
2025-06-12 23:49:00,15.5
2025-06-12 19:15:00,25.8
2025-06-12 04:45:00,75.8
2025-06-12 02:56:00,49.85036359371334
2025-06-12 20:50:00,26.3
2025-06-12 09:53:00,3.2
2025-06-12 00:54:00,63.2
2025-06-12 19:28:00,9.6
2025-06-12 15:26:00,58.4
2025-06-12 00:30:00,39.5
2025-06-12 19:23:00,76.6
2025-06-12 10:13:00,25.9
2025-06-12 00:31:00,44.8
2025-06-12 15:37:00,51.2
2025-06-12 13:10:00,16.4
2025-06-12 07:05:00,0.5
2025-06-12 14:12:00,62.3
2025-06-12 03:18:00,18.6
2025-06-12 10:23:00,6.5
2025-06-12 03:51:00,49.85036359371334
2025-06-12 21:14:00,92.4
2025-06-12 12:20:00,70.2
2025-06-12 09:14:00,55.6
2025-06-12 06:14:00,34.4
2025-06-12 03:07:00,86.8
2025-06-12 08:23:00,72.8
2025-06-12 15:17:00,35.5
2025-06-12 05:33:00,31.6
2025-06-12 16:06:00,1.9
2025-06-12 23:59:00,78.7
2025-06-12 10:16:00,63.6
2025-06-12 00:25:00,28.5
2025-06-12 15:31:00,0.9
2025-06-12 08:12:00,65.3
2025-06-12 05:10:00,11.3
2025-06-12 03:12:00,26.1
2025-06-12 06:58:00,45.7
2025-06-12 06:03:00,68.6
2025-06-12 01:31:00,21.1
2025-06-12 20:50:00,42.2
2025-06-12 15:17:00,65.0
2025-06-12 13:18:00,49.85036359371334
2025-06-12 08:52:00,23.5
2025-06-12 12:34:00,40.8
2025-06-12 12:04:00,22.3
2025-06-12 03:57:00,74.2
2025-06-12 09:10:00,36.8
2025-06-12 10:28:00,56.5
2025-06-12 06:23:00,49.85036359371334
2025-06-12 13:35:00,63.7
2025-06-12 19:15:00,54.5
2025-06-12 08:36:00,39.5
2025-06-12 15:34:00,67.1
2025-06-12 04:03:00,77.7
2025-06-12 20:50:00,8.4
2025-06-12 07:40:00,19.1
2025-06-12 21:30:00,63.0
2025-06-12 03:36:00,40.9
2025-06-12 02:25:00,86.4
2025-06-12 07:34:00,1.3
2025-06-12 04:16:00,65.0
2025-06-12 01:02:00,21.6
2025-06-12 19:37:00,7.1
2025-06-12 11:08:00,39.3
2025-06-12 21:35:00,26.3
2025-06-12 23:21:00,29.0
2025-06-12 17:41:00,83.0
2025-06-12 01:25:00,49.85036359371334
2025-06-12 20:33:00,24.9
2025-06-12 04:43:00,5.5
2025-06-12 08:54:00,61.4
2025-06-12 19:45:00,99.1
2025-06-12 18:43:00,38.8
2025-06-12 13:22:00,14.1
2025-06-12 15:37:00,51.3
2025-06-12 04:07:00,19.6
2025-06-12 05:48:00,41.1
2025-06-12 01:36:00,25.2
2025-06-12 12:05:00,40.7
2025-06-12 02:21:00,16.3
2025-06-12 22:26:00,93.0
2025-06-12 17:30:00,100.0
2025-06-12 18:29:00,40.1
2025-06-12 02:15:00,68.8
2025-06-12 09:52:00,2.6
2025-06-12 23:16:00,8.2
2025-06-12 07:54:00,11.4
2025-06-12 13:24:00,37.4
2025-06-12 09:24:00,21.4
2025-06-12 08:42:00,51.3
2025-06-12 20:24:00,50.02337935876432
2025-06-12 02:25:00,93.4
2025-06-12 17:25:00,50.02337935876432
2025-06-12 15:36:00,71.3
2025-06-12 12:39:00,60.8
2025-06-12 11:25:00,54.0
2025-06-12 16:46:00,98.7
2025-06-12 02:25:00,18.7
2025-06-12 07:07:00,61.5
2025-06-12 02:09:00,12.5
2025-06-12 13:30:00,39.3
2025-06-12 03:07:00,16.8
2025-06-12 18:42:00,71.3
2025-06-12 19:57:00,50.02337935876432
2025-06-12 08:31:00,50.02337935876432
2025-06-12 12:35:00,7.9
2025-06-12 23:53:00,33.1
2025-06-12 08:34:00,50.02337935876432
2025-06-12 11:47:00,84.6
2025-06-12 12:52:00,33.0
2025-06-12 23:35:00,99.0
2025-06-12 18:49:00,4.6
2025-06-12 06:45:00,50.02337935876432
2025-06-12 08:04:00,58.6
2025-06-12 08:21:00,14.1
2025-06-12 07:26:00,6.1
2025-06-12 04:57:00,50.02337935876432
2025-06-12 18:10:00,52.3
2025-06-12 20:44:00,87.2
2025-06-12 10:39:00,27.2
2025-06-12 02:44:00,58.7
2025-06-12 01:33:00,17.8
2025-06-12 14:27:00,13.7
2025-06-12 16:27:00,94.5
2025-06-12 14:34:00,50.02337935876432
2025-06-12 01:48:00,50.02337935876432
2025-06-12 13:02:00,75.4
2025-06-12 23:08:00,50.02337935876432
2025-06-12 22:24:00,50.02337935876432
2025-06-12 15:53:00,50.02337935876432
2025-06-12 07:00:00,55.2
2025-06-12 09:49:00,14.3
2025-06-12 16:50:00,39.7
2025-06-12 14:35:00,73.9
2025-06-12 05:33:00,25.7
2025-06-12 13:42:00,82.3
2025-06-12 18:41:00,93.9
2025-06-12 05:20:00,62.3
2025-06-12 19:09:00,3.6
2025-06-12 18:05:00,9.5
2025-06-12 23:10:00,34.4
2025-06-12 10:53:00,50.02337935876432
2025-06-12 00:51:00,68.6
2025-06-12 22:25:00,29.0
2025-06-12 09:32:00,36.3
2025-06-12 20:59:00,50.02337935876432
2025-06-12 06:19:00,91.1
2025-06-12 01:17:00,50.02337935876432
2025-06-12 23:48:00,31.5
2025-06-12 12:21:00,47.1
2025-06-12 00:13:00,81.7
2025-06-12 04:40:00,82.1
2025-06-12 18:49:00,69.6
2025-06-12 03:13:00,54.2
2025-06-12 03:55:00,69.2
2025-06-12 09:23:00,92.6
2025-06-12 22:29:00,97.4
2025-06-12 07:48:00,40.8
2025-06-12 17:43:00,94.5
2025-06-12 18:06:00,76.4
2025-06-12 03:29:00,33.2
2025-06-12 02:15:00,17.7
2025-06-12 08:53:00,50.02337935876432
2025-06-12 14:02:00,78.5
2025-06-12 09:29:00,38.2
2025-06-12 06:43:00,50.02337935876432
2025-06-12 14:38:00,50.02337935876432
2025-06-12 09:08:00,61.1
2025-06-12 00:32:00,43.0
2025-06-12 02:57:00,46.8
2025-06-12 09:24:00,13.5
2025-06-12 21:10:00,10.3
2025-06-12 01:49:00,15.9
2025-06-12 07:04:00,46.8
2025-06-12 17:25:00,50.0
2025-06-12 01:28:00,77.0
2025-06-12 20:08:00,50.02337935876432
2025-06-12 08:26:00,81.0
2025-06-12 11:00:00,39.5
2025-06-12 15:27:00,80.7
2025-06-12 10:58:00,25.2
2025-06-12 06:25:00,12.3
2025-06-12 21:00:00,88.8
2025-06-12 09:55:00,44.5
2025-06-12 23:07:00,18.0
2025-06-12 23:51:00,1.5
2025-06-12 07:07:00,50.02337935876432
2025-06-12 05:58:00,13.4
2025-06-12 01:03:00,10.9
2025-06-12 02:54:00,50.02337935876432
2025-06-12 18:16:00,50.02337935876432
2025-06-12 09:11:00,73.3
2025-06-12 11:56:00,16.5
2025-06-12 04:26:00,56.1
2025-06-12 04:22:00,29.3
2025-06-12 00:36:00,50.02337935876432
2025-06-12 02:24:00,84.5
2025-06-12 21:56:00,34.6
2025-06-12 20:36:00,7.5
2025-06-12 14:40:00,96.7
2025-06-12 20:06:00,92.6
2025-06-12 21:30:00,50.02337935876432
2025-06-12 17:16:00,92.7
2025-06-12 10:18:00,91.1
2025-06-12 14:55:00,58.4
2025-06-12 20:06:00,76.0
2025-06-12 23:58:00,19.5
2025-06-12 15:19:00,77.6
2025-06-12 03:05:00,37.2
2025-06-12 10:01:00,72.2
2025-06-12 05:20:00,63.9
2025-06-12 11:13:00,21.4
2025-06-12 03:52:00,22.2
2025-06-12 08:32:00,54.0
2025-06-12 18:38:00,6.6
2025-06-12 21:51:00,97.9
2025-06-12 16:55:00,50.02337935876432
2025-06-12 04:30:00,50.02337935876432
2025-06-12 00:48:00,12.3
2025-06-12 06:53:00,23.7
2025-06-12 16:19:00,94.5
2025-06-12 03:05:00,26.4
2025-06-12 11:48:00,64.1
2025-06-12 19:53:00,86.8
2025-06-12 17:17:00,70.0
2025-06-12 21:46:00,84.5
2025-06-12 12:48:00,50.6
2025-06-12 06:20:00,4.7
2025-06-12 11:38:00,73.3
2025-06-12 14:07:00,28.7
2025-06-12 22:03:00,82.6
2025-06-12 14:06:00,49.6
2025-06-12 10:44:00,63.3
2025-06-12 14:59:00,80.3
2025-06-12 18:32:00,79.2
2025-06-12 08:01:00,8.6
2025-06-12 10:32:00,6.8
2025-06-12 01:54:00,50.02337935876432
2025-06-12 14:43:00,73.3
2025-06-12 06:14:00,89.4
2025-06-12 06:09:00,48.6
2025-06-12 16:44:00,26.7
2025-06-12 13:03:00,28.1
2025-06-12 06:07:00,18.4
2025-06-12 05:12:00,12.8
2025-06-12 02:07:00,93.8
2025-06-12 15:44:00,97.1
2025-06-12 19:36:00,76.8
2025-06-12 19:23:00,10.7
2025-06-12 16:54:00,16.8
2025-06-12 10:20:00,50.02337935876432
2025-06-12 18:22:00,50.02337935876432
2025-06-12 23:52:00,65.9
2025-06-12 06:50:00,62.7
2025-06-12 17:06:00,36.1
2025-06-12 11:38:00,69.7
2025-06-12 02:35:00,1.8
2025-06-12 11:40:00,93.5
2025-06-12 22:11:00,55.4
2025-06-12 04:15:00,56.5
2025-06-12 20:38:00,22.2
2025-06-12 11:24:00,66.3
2025-06-12 17:43:00,4.5
2025-06-12 17:26:00,13.1
2025-06-12 04:19:00,70.9
2025-06-12 02:41:00,42.7
2025-06-12 16:19:00,10.0
2025-06-12 20:56:00,92.9
2025-06-12 15:58:00,4.1
2025-06-12 21:30:00,56.9
2025-06-12 02:37:00,70.8
2025-06-12 12:03:00,47.2
2025-06-12 12:43:00,85.6
2025-06-12 04:28:00,21.1
2025-06-12 18:58:00,50.02337935876432
2025-06-12 01:03:00,84.3
2025-06-12 18:40:00,1.5
2025-06-12 18:17:00,6.0
2025-06-12 18:16:00,20.0
2025-06-12 18:31:00,10.9
2025-06-12 21:22:00,51.6
2025-06-12 06:42:00,28.3
2025-06-12 19:40:00,41.5
2025-06-12 05:31:00,50.02337935876432
2025-06-12 16:48:00,50.02337935876432
2025-06-12 03:37:00,77.6
2025-06-12 02:38:00,53.3
2025-06-12 17:51:00,19.1
2025-06-12 04:47:00,49.6
2025-06-12 10:27:00,50.02337935876432
2025-06-12 17:28:00,55.6
2025-06-12 18:56:00,83.9
2025-06-12 19:53:00,50.02337935876432
2025-06-12 03:31:00,50.02337935876432
2025-06-12 22:50:00,50.02337935876432
2025-06-12 12:49:00,35.1
2025-06-12 09:29:00,39.8
2025-06-12 05:18:00,50.02337935876432
2025-06-12 16:40:00,96.5
2025-06-12 20:44:00,78.1
2025-06-12 01:27:00,45.3
2025-06-12 00:32:00,89.8
2025-06-12 19:43:00,37.8
2025-06-12 08:28:00,22.6
2025-06-12 02:21:00,9.3
2025-06-12 03:58:00,22.4
2025-06-12 04:20:00,88.2
2025-06-12 21:44:00,94.8
2025-06-12 19:56:00,50.02337935876432
2025-06-12 19:36:00,2.1
2025-06-12 19:17:00,98.4
2025-06-12 05:22:00,50.02337935876432
2025-06-12 01:55:00,50.02337935876432
2025-06-12 02:12:00,50.02337935876432
2025-06-12 10:20:00,57.1
2025-06-12 02:11:00,50.02337935876432
2025-06-12 12:10:00,50.6
2025-06-12 17:11:00,68.5
2025-06-12 11:47:00,88.0
2025-06-12 05:51:00,6.0
2025-06-12 20:00:00,41.4
2025-06-12 13:36:00,64.9
2025-06-12 14:40:00,90.5
2025-06-12 04:14:00,99.4
2025-06-12 06:24:00,5.1
2025-06-12 08:26:00,3.8
2025-06-12 23:01:00,50.02337935876432
2025-06-12 09:20:00,50.02337935876432
2025-06-12 18:51:00,31.1
2025-06-12 02:57:00,60.3
2025-06-12 19:26:00,50.02337935876432
2025-06-12 14:42:00,8.1
2025-06-12 22:44:00,78.7
2025-06-12 15:41:00,98.4
2025-06-12 05:39:00,72.5
2025-06-12 15:50:00,73.1
2025-06-12 06:15:00,50.02337935876432
2025-06-12 14:03:00,99.3
2025-06-12 20:53:00,18.1
2025-06-12 16:33:00,79.0
2025-06-12 18:32:00,83.5
2025-06-12 02:12:00,95.1
2025-06-12 03:14:00,35.1
2025-06-12 05:25:00,50.02337935876432
2025-06-12 22:44:00,81.4
2025-06-12 08:33:00,50.02337935876432
2025-06-12 21:23:00,75.3
2025-06-12 08:58:00,50.02337935876432
2025-06-12 16:17:00,28.6
2025-06-12 00:54:00,59.3
2025-06-12 20:11:00,21.3
2025-06-12 21:36:00,78.6
2025-06-12 07:05:00,7.0
2025-06-12 11:56:00,72.2
2025-06-12 07:29:00,50.02337935876432
2025-06-12 19:36:00,97.4
2025-06-12 17:32:00,27.2
2025-06-12 10:58:00,31.0
2025-06-12 12:07:00,62.9
2025-06-12 12:47:00,83.4
2025-06-12 15:58:00,22.0
2025-06-12 09:58:00,50.02337935876432
2025-06-12 11:11:00,20.8
2025-06-12 22:46:00,14.5
2025-06-12 03:43:00,45.5
2025-06-12 18:27:00,83.8
2025-06-12 14:36:00,50.02337935876432
2025-06-12 00:41:00,50.02337935876432
2025-06-12 14:09:00,42.0
2025-06-12 10:18:00,94.4
2025-06-12 20:13:00,76.9
2025-06-12 11:19:00,75.6
2025-06-12 06:51:00,91.9
2025-06-12 21:28:00,93.8
2025-06-12 07:46:00,52.4
2025-06-12 22:46:00,45.8
2025-06-12 10:41:00,8.3
2025-06-12 12:15:00,43.7
2025-06-12 06:35:00,7.7
2025-06-12 23:17:00,79.5
2025-06-12 15:15:00,11.7
2025-06-12 09:45:00,4.3
2025-06-12 00:43:00,90.9
2025-06-12 02:32:00,37.5
2025-06-12 08:17:00,41.1
2025-06-12 10:09:00,93.7
2025-06-12 09:10:00,68.1
2025-06-12 22:51:00,53.8
2025-06-12 10:59:00,74.8
2025-06-12 12:01:00,52.0
2025-06-12 07:03:00,60.3
2025-06-12 20:55:00,22.2
2025-06-12 17:22:00,10.2
2025-06-12 17:46:00,9.9
2025-06-12 12:17:00,79.8
2025-06-12 14:59:00,44.4
2025-06-12 15:44:00,73.1
2025-06-12 18:23:00,47.4
2025-06-12 04:23:00,70.7
2025-06-12 02:48:00,4.3
2025-06-12 09:29:00,26.0
2025-06-12 19:13:00,5.2
2025-06-12 23:27:00,50.19809456598448
2025-06-12 13:08:00,98.9
2025-06-12 12:02:00,50.19809456598448
2025-06-12 19:11:00,23.6
2025-06-12 07:18:00,25.6
2025-06-12 16:23:00,39.4
2025-06-12 12:49:00,50.19809456598448
2025-06-12 11:31:00,29.9
2025-06-12 07:48:00,78.3
2025-06-12 05:45:00,72.0
2025-06-12 13:45:00,95.0
2025-06-12 00:45:00,2.9
2025-06-12 12:40:00,64.6
2025-06-12 05:33:00,33.5
2025-06-12 05:23:00,19.4
2025-06-12 14:24:00,51.1
2025-06-12 05:35:00,45.6
2025-06-12 06:08:00,42.0
2025-06-12 16:40:00,98.6
2025-06-12 16:15:00,15.5
2025-06-12 07:48:00,50.19809456598448
2025-06-12 14:50:00,76.2
2025-06-12 01:59:00,99.0
2025-06-12 02:58:00,99.9
2025-06-12 18:00:00,81.0
2025-06-12 19:54:00,24.9
2025-06-12 13:55:00,98.7
2025-06-12 15:19:00,50.19809456598448
2025-06-12 03:54:00,25.7
2025-06-12 11:22:00,67.6
2025-06-12 16:39:00,74.3
2025-06-12 03:49:00,46.3
2025-06-12 01:06:00,4.7
2025-06-12 06:29:00,16.9
2025-06-12 19:51:00,38.4
2025-06-12 22:16:00,24.0
2025-06-12 04:19:00,73.8
2025-06-12 17:58:00,34.6
2025-06-12 18:45:00,82.0
2025-06-12 03:33:00,8.3
2025-06-12 11:26:00,34.9
2025-06-12 18:18:00,66.4
2025-06-12 11:43:00,50.19809456598448
2025-06-12 22:17:00,58.7
2025-06-12 18:45:00,50.19809456598448
2025-06-12 03:50:00,50.19809456598448
2025-06-12 13:04:00,68.9
2025-06-12 18:45:00,93.0
2025-06-12 16:12:00,62.4
2025-06-12 02:41:00,37.2
2025-06-12 23:45:00,50.19809456598448
2025-06-12 19:14:00,8.5
2025-06-12 12:10:00,59.6
2025-06-12 01:12:00,69.0
2025-06-12 16:53:00,78.4
2025-06-12 11:45:00,19.0
2025-06-12 22:10:00,50.19809456598448
2025-06-12 21:24:00,71.2
2025-06-12 23:57:00,17.7
2025-06-12 02:14:00,69.8
2025-06-12 13:37:00,92.3
2025-06-12 18:05:00,62.9
2025-06-12 22:31:00,52.6
2025-06-12 00:42:00,50.19809456598448
2025-06-12 14:47:00,96.2
2025-06-12 14:50:00,19.6
2025-06-12 19:02:00,55.3
2025-06-12 09:29:00,23.7
2025-06-12 01:03:00,15.7
2025-06-12 09:52:00,57.2
2025-06-12 14:46:00,53.3
2025-06-12 05:08:00,84.0
2025-06-12 05:09:00,7.2
2025-06-12 10:52:00,55.3
2025-06-12 05:28:00,7.2
2025-06-12 22:33:00,17.1
2025-06-12 18:40:00,27.4
2025-06-12 04:24:00,7.1
2025-06-12 08:57:00,12.4
2025-06-12 01:12:00,29.0
2025-06-12 16:46:00,49.4
2025-06-12 07:25:00,71.6
2025-06-12 22:33:00,51.7
2025-06-12 06:11:00,12.4
2025-06-12 20:01:00,50.19809456598448
2025-06-12 07:19:00,66.4
2025-06-12 17:44:00,50.19809456598448
2025-06-12 22:11:00,25.6
2025-06-12 18:36:00,32.3
2025-06-12 14:56:00,51.0
2025-06-12 14:03:00,81.1
2025-06-12 12:47:00,46.2
2025-06-12 06:51:00,62.9
2025-06-12 06:17:00,28.6
2025-06-12 23:59:00,50.19809456598448
2025-06-12 16:12:00,90.5
2025-06-12 17:45:00,36.5
2025-06-12 16:22:00,8.6
2025-06-12 13:19:00,22.5
2025-06-12 18:42:00,74.5
2025-06-12 13:05:00,54.8
2025-06-12 02:41:00,50.19809456598448
2025-06-12 22:15:00,96.1
2025-06-12 22:48:00,9.4
2025-06-12 17:14:00,50.19809456598448
2025-06-12 17:24:00,70.2
2025-06-12 12:05:00,83.6
2025-06-12 20:26:00,16.7
2025-06-12 00:14:00,18.0
2025-06-12 23:33:00,50.19809456598448
2025-06-12 01:33:00,8.7
2025-06-12 13:00:00,81.1
2025-06-12 13:34:00,27.6
2025-06-12 13:46:00,50.19809456598448
2025-06-12 07:48:00,52.6
2025-06-12 06:14:00,76.8
2025-06-12 17:12:00,50.19809456598448
2025-06-12 23:19:00,5.2
2025-06-12 15:48:00,80.3
2025-06-12 12:04:00,60.9
2025-06-12 18:02:00,20.4
2025-06-12 03:25:00,65.5
2025-06-12 00:26:00,50.19809456598448
2025-06-12 13:52:00,33.0
2025-06-12 21:55:00,47.3
2025-06-12 14:08:00,74.9
2025-06-12 20:03:00,50.19809456598448
2025-06-12 19:11:00,49.0
2025-06-12 08:36:00,47.5
2025-06-12 23:02:00,99.2
2025-06-12 12:49:00,96.4
2025-06-12 07:39:00,53.4
2025-06-12 19:54:00,59.0
2025-06-12 01:55:00,85.0
2025-06-12 06:08:00,80.2
2025-06-12 14:34:00,60.2
2025-06-12 09:17:00,94.9
2025-06-12 11:38:00,5.4
2025-06-12 13:48:00,50.19809456598448
2025-06-12 08:07:00,40.4
2025-06-12 13:28:00,38.9
2025-06-12 19:16:00,33.5
2025-06-12 17:32:00,8.5
2025-06-12 13:04:00,50.19809456598448
2025-06-12 06:38:00,65.2
2025-06-12 14:24:00,17.5
2025-06-12 17:52:00,96.0
2025-06-12 06:23:00,48.9
2025-06-12 00:03:00,98.5
2025-06-12 08:12:00,32.2
2025-06-12 17:07:00,50.19809456598448
2025-06-12 21:32:00,31.1
2025-06-12 15:10:00,43.9
2025-06-12 01:57:00,50.19809456598448
2025-06-12 04:35:00,18.3
2025-06-12 21:47:00,45.2
2025-06-12 22:08:00,27.5
2025-06-12 16:58:00,50.19809456598448
2025-06-12 19:29:00,91.1
2025-06-12 09:46:00,12.2
2025-06-12 02:01:00,77.7
2025-06-12 07:07:00,85.6
2025-06-12 00:27:00,49.7
2025-06-12 14:00:00,7.4
2025-06-12 15:45:00,43.2
2025-06-12 10:54:00,58.8
2025-06-12 06:58:00,13.4
2025-06-12 23:39:00,72.7
2025-06-12 11:49:00,58.4
2025-06-12 16:03:00,69.8
2025-06-12 23:22:00,35.1
2025-06-12 21:16:00,77.8
2025-06-12 09:41:00,29.0
2025-06-12 01:51:00,50.19809456598448
2025-06-12 01:23:00,8.9
2025-06-12 20:53:00,98.6
2025-06-12 06:29:00,93.3
2025-06-12 20:29:00,32.7
2025-06-12 05:16:00,43.8
2025-06-12 09:32:00,44.3
2025-06-12 04:16:00,50.19809456598448
2025-06-12 16:43:00,60.6
2025-06-12 21:55:00,28.8
2025-06-12 18:08:00,28.1
2025-06-12 12:47:00,62.6
2025-06-12 00:41:00,36.7
2025-06-12 22:36:00,50.19809456598448
2025-06-12 11:05:00,82.4
2025-06-12 18:56:00,61.0
2025-06-12 00:31:00,89.9
2025-06-12 09:56:00,22.8
2025-06-12 21:24:00,47.4
2025-06-12 10:12:00,50.19809456598448
2025-06-12 06:32:00,9.7
2025-06-12 01:23:00,34.6
2025-06-12 21:13:00,50.19809456598448
2025-06-12 07:59:00,78.0
2025-06-12 06:45:00,74.8
2025-06-12 00:49:00,35.2
2025-06-12 11:06:00,79.8
2025-06-12 12:44:00,67.7
2025-06-12 01:21:00,71.3
2025-06-12 05:58:00,97.1
2025-06-12 11:19:00,64.8
2025-06-12 16:10:00,93.6
2025-06-12 01:32:00,97.3
2025-06-12 21:22:00,2.2
2025-06-12 08:50:00,50.19809456598448
2025-06-12 14:06:00,58.5
2025-06-12 19:41:00,33.7
2025-06-12 19:16:00,92.2
2025-06-12 15:08:00,50.19809456598448
2025-06-12 10:27:00,24.8
2025-06-12 06:56:00,47.0
2025-06-12 17:12:00,7.4
2025-06-12 05:49:00,89.2
2025-06-12 18:15:00,91.0
2025-06-12 03:48:00,69.3
2025-06-12 20:48:00,30.3
2025-06-12 18:15:00,24.5
2025-06-12 14:56:00,99.3
2025-06-12 05:51:00,29.1
2025-06-12 03:37:00,50.19809456598448
2025-06-12 03:22:00,25.9
2025-06-12 16:10:00,33.5
2025-06-12 06:54:00,97.6
2025-06-12 14:04:00,6.9
2025-06-12 19:05:00,37.9
2025-06-12 12:57:00,67.6
2025-06-12 21:59:00,46.1
2025-06-12 23:14:00,32.5
2025-06-12 11:35:00,20.7
2025-06-12 16:31:00,97.0
2025-06-12 21:17:00,53.4
2025-06-12 16:01:00,47.0
2025-06-12 07:48:00,12.4
2025-06-12 02:02:00,93.1
2025-06-12 00:12:00,36.9
2025-06-12 18:26:00,46.6
2025-06-12 21:54:00,51.4
2025-06-12 18:49:00,37.9
2025-06-12 06:39:00,61.4
2025-06-12 19:08:00,63.0
2025-06-12 18:33:00,99.2
2025-06-12 19:55:00,50.19809456598448
2025-06-12 13:36:00,50.19809456598448
2025-06-12 07:36:00,97.8
2025-06-12 20:21:00,51.9
2025-06-12 16:51:00,39.7
2025-06-12 10:25:00,50.19809456598448
2025-06-12 20:43:00,61.1
2025-06-12 22:47:00,50.19809456598448
2025-06-12 11:48:00,56.4
2025-06-12 02:48:00,82.2
2025-06-12 09:27:00,36.0
2025-06-12 01:37:00,62.0
2025-06-12 04:35:00,50.19809456598448
2025-06-12 20:47:00,39.2
2025-06-12 13:56:00,50.19809456598448
2025-06-12 02:16:00,0.6
2025-06-12 07:17:00,5.0
2025-06-12 04:44:00,45.1
2025-06-12 19:23:00,6.3
2025-06-12 09:54:00,79.1
2025-06-12 13:08:00,80.4
2025-06-12 09:26:00,18.7
2025-06-12 02:50:00,36.6
2025-06-12 05:31:00,76.5
2025-06-12 14:58:00,66.6
2025-06-12 04:15:00,50.19809456598448
2025-06-12 05:56:00,57.5
2025-06-12 03:01:00,8.2
2025-06-12 18:34:00,10.2
2025-06-12 09:37:00,3.7
2025-06-12 02:14:00,6.5
2025-06-12 10:41:00,50.19809456598448
2025-06-12 14:14:00,50.19809456598448
2025-06-12 07:03:00,53.5
2025-06-12 09:36:00,33.7
2025-06-12 03:57:00,81.8
2025-06-12 02:12:00,18.9
2025-06-12 12:17:00,50.19809456598448
2025-06-12 18:22:00,45.6
2025-06-12 02:49:00,16.1
2025-06-12 20:47:00,50.19809456598448
2025-06-12 05:04:00,24.1
2025-06-12 08:56:00,78.4
2025-06-12 14:59:00,19.2
2025-06-12 00:39:00,50.19809456598448
2025-06-12 08:27:00,12.6
2025-06-12 04:48:00,50.19809456598448
2025-06-12 03:08:00,19.3
2025-06-12 14:43:00,39.3
2025-06-12 03:04:00,71.1
2025-06-12 18:20:00,73.9
2025-06-12 10:34:00,32.4
2025-06-12 16:38:00,3.9
2025-06-12 16:23:00,95.9
2025-06-12 12:40:00,25.3
2025-06-12 07:40:00,36.1
2025-06-12 13:17:00,50.19809456598448
2025-06-12 12:23:00,47.6
2025-06-12 21:04:00,50.19809456598448
2025-06-12 17:03:00,33.5
2025-06-12 19:33:00,47.3
2025-06-12 10:10:00,59.9
2025-06-12 21:11:00,57.7
2025-06-12 01:54:00,10.5
2025-06-12 16:11:00,84.9
2025-06-12 14:41:00,45.9
2025-06-12 20:48:00,80.5
2025-06-12 10:24:00,83.0
2025-06-12 22:13:00,5.4
2025-06-12 08:21:00,52.5
2025-06-12 05:59:00,80.5
2025-06-12 06:31:00,74.1
2025-06-12 16:14:00,56.0
2025-06-12 04:38:00,66.7
2025-06-12 16:18:00,80.9
2025-06-12 07:58:00,88.7
2025-06-12 01:47:00,49.54486036141751
2025-06-12 14:20:00,89.8
2025-06-12 18:34:00,53.7
2025-06-12 08:35:00,55.5
2025-06-12 12:23:00,96.3
2025-06-12 01:46:00,30.3
2025-06-12 20:29:00,51.2
2025-06-12 12:18:00,26.8
2025-06-12 12:38:00,66.1
2025-06-12 07:21:00,31.5
2025-06-12 16:31:00,90.4
2025-06-12 02:19:00,90.2
2025-06-12 05:49:00,91.5
2025-06-12 23:21:00,4.2
2025-06-12 10:13:00,23.1
2025-06-12 15:19:00,74.2
2025-06-12 23:25:00,32.3
2025-06-12 02:01:00,86.9
2025-06-12 13:40:00,59.8
2025-06-12 05:55:00,98.7
2025-06-12 10:00:00,93.1
2025-06-12 14:42:00,96.0
2025-06-12 11:45:00,17.1
2025-06-12 06:30:00,50.8
2025-06-12 03:27:00,49.54486036141751
2025-06-12 16:29:00,85.8
2025-06-12 20:48:00,33.2
2025-06-12 11:23:00,89.1
2025-06-12 23:37:00,49.54486036141751
2025-06-12 02:09:00,51.3
2025-06-12 00:45:00,47.6
2025-06-12 15:32:00,61.0
2025-06-12 03:28:00,65.9
2025-06-12 00:59:00,11.0
2025-06-12 09:08:00,87.3
2025-06-12 05:51:00,90.6
2025-06-12 00:49:00,83.2
2025-06-12 14:40:00,77.1
2025-06-12 20:38:00,49.54486036141751
2025-06-12 02:16:00,20.3
2025-06-12 04:30:00,8.9
2025-06-12 07:47:00,81.0
2025-06-12 14:47:00,71.5
2025-06-12 06:49:00,23.2
2025-06-12 02:41:00,72.8
2025-06-12 01:41:00,89.2
2025-06-12 08:05:00,65.7
2025-06-12 23:52:00,61.3
2025-06-12 14:07:00,43.7
2025-06-12 18:05:00,0.2
2025-06-12 08:52:00,49.54486036141751
2025-06-12 16:52:00,23.0
2025-06-12 13:46:00,35.4
2025-06-12 19:35:00,9.1
2025-06-12 05:22:00,57.4
2025-06-12 05:34:00,19.9
2025-06-12 21:05:00,23.1
2025-06-12 05:18:00,24.9
2025-06-12 21:08:00,62.7
2025-06-12 21:22:00,84.2
2025-06-12 12:15:00,66.4
2025-06-12 18:26:00,60.0
2025-06-12 06:27:00,49.54486036141751
2025-06-12 11:01:00,78.5
2025-06-12 09:43:00,24.8
2025-06-12 18:20:00,78.5
2025-06-12 15:41:00,25.2
2025-06-12 20:25:00,71.1
2025-06-12 23:01:00,27.1
2025-06-12 17:13:00,29.4
2025-06-12 10:08:00,49.54486036141751
2025-06-12 11:07:00,49.54486036141751
2025-06-12 09:40:00,47.6
2025-06-12 09:21:00,49.54486036141751
2025-06-12 05:22:00,69.0
2025-06-12 13:20:00,98.1
2025-06-12 15:37:00,41.4
2025-06-12 17:46:00,3.6
2025-06-12 20:25:00,61.2
2025-06-12 23:41:00,51.8
2025-06-12 18:28:00,84.4
2025-06-12 12:36:00,68.2
2025-06-12 23:07:00,19.8
2025-06-12 10:05:00,40.0
2025-06-12 09:20:00,60.7
2025-06-12 18:00:00,49.1
2025-06-12 04:33:00,96.3
2025-06-12 15:58:00,30.1
2025-06-12 15:12:00,17.6
2025-06-12 23:13:00,21.1
2025-06-12 07:27:00,95.4
2025-06-12 22:27:00,64.1
2025-06-12 07:48:00,91.8
2025-06-12 15:44:00,45.2
2025-06-12 10:44:00,47.2
2025-06-12 09:31:00,49.54486036141751
2025-06-12 12:07:00,4.2
2025-06-12 21:40:00,10.0
2025-06-12 17:18:00,48.0
2025-06-12 23:40:00,59.9
2025-06-12 18:58:00,49.54486036141751
2025-06-12 16:28:00,46.4
2025-06-12 02:03:00,52.6
2025-06-12 02:01:00,17.4
2025-06-12 15:47:00,56.0
2025-06-12 13:33:00,14.0
2025-06-12 09:14:00,58.8
2025-06-12 05:37:00,2.0
2025-06-12 09:50:00,49.54486036141751
2025-06-12 13:07:00,75.2
2025-06-12 03:11:00,49.54486036141751
2025-06-12 08:05:00,85.3
2025-06-12 13:32:00,84.0
2025-06-12 07:11:00,20.5
2025-06-12 16:12:00,29.1
2025-06-12 08:51:00,43.2
2025-06-12 21:04:00,69.9
2025-06-12 21:47:00,42.7
2025-06-12 13:28:00,21.8
2025-06-12 13:59:00,49.6
2025-06-12 01:23:00,64.7
2025-06-12 17:27:00,28.7
2025-06-12 00:24:00,22.3
2025-06-12 01:50:00,39.7
2025-06-12 12:51:00,85.5
2025-06-12 06:44:00,64.0
2025-06-12 00:39:00,49.54486036141751
2025-06-12 20:02:00,49.54486036141751
2025-06-12 11:50:00,49.54486036141751
2025-06-12 05:11:00,17.9
2025-06-12 04:01:00,36.3
2025-06-12 12:50:00,71.1
2025-06-12 02:00:00,3.6
2025-06-12 21:27:00,60.0
2025-06-12 12:45:00,49.54486036141751
2025-06-12 18:41:00,88.0
2025-06-12 17:50:00,39.0
2025-06-12 20:54:00,88.4
2025-06-12 00:32:00,63.7
2025-06-12 06:02:00,80.4
2025-06-12 06:10:00,99.4
2025-06-12 10:30:00,58.0
2025-06-12 00:24:00,56.8
2025-06-12 02:50:00,0.4
2025-06-12 09:01:00,52.7
2025-06-12 12:07:00,8.0
2025-06-12 15:14:00,86.6
2025-06-12 06:13:00,42.1
2025-06-12 15:04:00,7.9
2025-06-12 21:26:00,31.9
2025-06-12 16:03:00,34.7
2025-06-12 11:27:00,13.8
2025-06-12 07:34:00,65.4
2025-06-12 04:16:00,83.9
2025-06-12 18:09:00,12.7
2025-06-12 01:42:00,50.5
2025-06-12 16:53:00,17.2
2025-06-12 17:42:00,92.4
2025-06-12 03:31:00,23.1
2025-06-12 11:11:00,19.4
2025-06-12 14:41:00,96.4
2025-06-12 21:32:00,21.1
2025-06-12 13:08:00,49.54486036141751
2025-06-12 19:05:00,49.54486036141751
2025-06-12 06:47:00,88.5
2025-06-12 07:58:00,38.2
2025-06-12 06:00:00,15.2
2025-06-12 19:53:00,31.2
2025-06-12 00:48:00,80.5
2025-06-12 03:24:00,37.2
2025-06-12 09:37:00,29.7
2025-06-12 22:33:00,29.5
2025-06-12 09:00:00,1.0
2025-06-12 15:43:00,25.2
2025-06-12 07:51:00,49.54486036141751
2025-06-12 00:09:00,13.1
2025-06-12 18:45:00,90.9
2025-06-12 12:14:00,48.8
2025-06-12 21:14:00,49.54486036141751
2025-06-12 21:43:00,59.3
2025-06-12 16:48:00,99.5
2025-06-12 17:35:00,49.54486036141751
2025-06-12 20:55:00,49.54486036141751
2025-06-12 14:46:00,88.8
2025-06-12 07:58:00,85.2
2025-06-12 21:28:00,18.7
2025-06-12 19:18:00,47.2
2025-06-12 23:21:00,99.1
2025-06-12 02:36:00,35.7
2025-06-12 07:59:00,5.8
2025-06-12 02:49:00,75.1
2025-06-12 07:54:00,72.0
2025-06-12 04:14:00,57.8
2025-06-12 23:24:00,36.5
2025-06-12 00:55:00,98.9
2025-06-12 19:14:00,60.9
2025-06-12 07:14:00,8.4
2025-06-12 02:58:00,4.1
2025-06-12 13:05:00,46.4
2025-06-12 07:00:00,28.3
2025-06-12 21:29:00,94.9
2025-06-12 07:40:00,48.5
2025-06-12 21:27:00,49.54486036141751
2025-06-12 07:47:00,79.2
2025-06-12 01:54:00,6.5
2025-06-12 06:04:00,29.0
2025-06-12 10:26:00,90.3
2025-06-12 08:35:00,93.4
2025-06-12 17:50:00,31.4
2025-06-12 07:03:00,68.9
2025-06-12 01:24:00,84.0
2025-06-12 23:59:00,13.9
2025-06-12 00:56:00,58.2
2025-06-12 00:14:00,80.0
2025-06-12 16:06:00,41.3
2025-06-12 08:04:00,13.2
2025-06-12 19:50:00,22.9
2025-06-12 08:33:00,0.3
2025-06-12 17:38:00,85.4
2025-06-12 12:45:00,91.8
2025-06-12 09:37:00,54.9
2025-06-12 22:14:00,32.0
2025-06-12 21:17:00,93.0
2025-06-12 12:00:00,60.7
2025-06-12 13:10:00,53.1
2025-06-12 16:49:00,39.3
2025-06-12 21:35:00,10.2
2025-06-12 04:35:00,14.0
2025-06-12 20:17:00,56.7
2025-06-12 22:06:00,69.8
2025-06-12 02:40:00,97.1
2025-06-12 07:06:00,6.1
2025-06-12 17:09:00,20.3
2025-06-12 14:22:00,80.2
2025-06-12 10:51:00,80.7
2025-06-12 06:07:00,53.7
2025-06-12 09:22:00,49.54486036141751
2025-06-12 05:13:00,49.54486036141751
2025-06-12 17:00:00,62.5
2025-06-12 08:25:00,59.3
2025-06-12 22:16:00,80.0
2025-06-12 00:58:00,28.4
2025-06-12 23:19:00,49.54486036141751
2025-06-12 04:08:00,49.54486036141751
2025-06-12 07:22:00,33.2
2025-06-12 00:44:00,49.54486036141751
2025-06-12 14:54:00,94.6
2025-06-12 10:22:00,69.6
2025-06-12 16:38:00,12.2
2025-06-12 08:21:00,36.3
2025-06-12 05:40:00,49.54486036141751
2025-06-12 05:00:00,72.4
2025-06-12 00:15:00,19.2
2025-06-12 21:58:00,98.5
2025-06-12 02:07:00,89.2
2025-06-12 09:51:00,49.54486036141751
2025-06-12 12:41:00,63.3
2025-06-12 09:46:00,16.2
2025-06-12 23:07:00,74.3
2025-06-12 13:07:00,53.0
2025-06-12 10:57:00,20.5
2025-06-12 00:31:00,49.54486036141751
2025-06-12 17:18:00,3.5
2025-06-12 16:11:00,44.3
2025-06-12 07:17:00,3.1
2025-06-12 00:24:00,21.4
2025-06-12 20:32:00,47.1
2025-06-12 18:53:00,66.1
2025-06-12 19:05:00,17.3
2025-06-12 20:57:00,43.2
2025-06-12 13:25:00,83.7
2025-06-12 07:23:00,50.1
2025-06-12 13:30:00,62.1
2025-06-12 04:20:00,90.2
2025-06-12 06:28:00,52.4
2025-06-12 18:20:00,1.5
2025-06-12 06:24:00,76.9
2025-06-12 17:04:00,49.54486036141751
2025-06-12 18:38:00,71.7
2025-06-12 13:04:00,67.7
2025-06-12 15:00:00,55.1
2025-06-12 18:04:00,85.4
2025-06-12 07:52:00,47.4
2025-06-12 01:08:00,49.54486036141751
2025-06-12 23:12:00,49.54486036141751
2025-06-12 02:46:00,49.54486036141751
2025-06-12 01:53:00,49.54486036141751
2025-06-12 01:38:00,88.4
2025-06-12 08:00:00,32.1
2025-06-12 00:56:00,81.7
2025-06-12 10:38:00,52.9
2025-06-12 07:09:00,74.0
2025-06-12 22:07:00,41.5
2025-06-12 23:14:00,96.4
2025-06-12 05:05:00,18.0
2025-06-12 13:31:00,32.8
2025-06-12 15:54:00,8.1
2025-06-12 08:22:00,58.1
2025-06-12 03:03:00,45.7
2025-06-12 19:29:00,74.3
2025-06-12 00:22:00,17.6
2025-06-12 20:39:00,21.3
2025-06-12 06:13:00,10.5
2025-06-12 12:47:00,55.0
2025-06-12 21:27:00,93.5
2025-06-12 08:27:00,50.136426804852206
2025-06-12 23:09:00,4.7
2025-06-12 11:52:00,1.2
2025-06-12 09:04:00,50.136426804852206
2025-06-12 17:37:00,40.3
2025-06-12 13:52:00,92.2
2025-06-12 17:35:00,76.0
2025-06-12 11:51:00,49.1
2025-06-12 13:21:00,54.0
2025-06-12 23:01:00,46.9
2025-06-12 06:23:00,17.7
2025-06-12 02:29:00,73.7
2025-06-12 05:18:00,85.0
2025-06-12 15:36:00,19.5
2025-06-12 12:49:00,43.4
2025-06-12 00:53:00,50.136426804852206
2025-06-12 01:39:00,74.8
2025-06-12 07:48:00,42.1
2025-06-12 02:26:00,21.4
2025-06-12 04:17:00,50.136426804852206
2025-06-12 01:46:00,62.2
2025-06-12 19:21:00,16.9
2025-06-12 21:41:00,50.136426804852206
2025-06-12 12:13:00,0.0
2025-06-12 16:36:00,64.4
2025-06-12 08:06:00,22.1
2025-06-12 21:47:00,64.7
2025-06-12 23:48:00,87.1
2025-06-12 07:06:00,50.136426804852206
2025-06-12 00:38:00,28.6
2025-06-12 15:25:00,52.2
2025-06-12 21:19:00,16.6
2025-06-12 11:56:00,9.9
2025-06-12 15:28:00,50.8
2025-06-12 04:25:00,70.0
2025-06-12 07:57:00,60.0
2025-06-12 00:19:00,28.1
2025-06-12 18:14:00,95.8
2025-06-12 15:32:00,46.0
2025-06-12 02:33:00,19.9
2025-06-12 18:25:00,74.6
2025-06-12 05:05:00,14.1
2025-06-12 15:49:00,81.4
2025-06-12 16:28:00,11.5
2025-06-12 11:10:00,94.2
2025-06-12 00:02:00,42.8
2025-06-12 02:12:00,90.3
2025-06-12 18:07:00,18.3
2025-06-12 10:58:00,71.3
2025-06-12 21:27:00,3.5
2025-06-12 23:02:00,50.136426804852206
2025-06-12 03:34:00,50.136426804852206
2025-06-12 01:52:00,90.6
2025-06-12 11:50:00,50.136426804852206
2025-06-12 17:31:00,50.136426804852206
2025-06-12 16:22:00,46.9
2025-06-12 20:10:00,13.0
2025-06-12 23:03:00,50.136426804852206
2025-06-12 00:59:00,17.7
2025-06-12 23:38:00,28.5
2025-06-12 06:32:00,92.1
2025-06-12 17:53:00,92.2
2025-06-12 21:27:00,69.9
2025-06-12 06:00:00,60.3
2025-06-12 10:59:00,50.136426804852206
2025-06-12 16:39:00,77.4
2025-06-12 23:22:00,89.5
2025-06-12 11:06:00,50.136426804852206
2025-06-12 02:21:00,22.6
2025-06-12 07:42:00,9.1
2025-06-12 17:38:00,70.5
2025-06-12 19:01:00,50.136426804852206
2025-06-12 07:50:00,90.6
2025-06-12 19:25:00,74.7
2025-06-12 22:07:00,50.136426804852206
2025-06-12 03:33:00,90.1
2025-06-12 11:37:00,82.9
2025-06-12 11:39:00,17.1
2025-06-12 21:17:00,91.4
2025-06-12 00:36:00,42.2
2025-06-12 08:53:00,64.4
2025-06-12 22:32:00,50.136426804852206
2025-06-12 22:50:00,72.7
2025-06-12 10:21:00,48.3
2025-06-12 04:43:00,39.6
2025-06-12 15:31:00,20.0
2025-06-12 17:46:00,6.0
2025-06-12 09:53:00,50.136426804852206
2025-06-12 16:20:00,57.4
2025-06-12 03:24:00,8.6
2025-06-12 22:48:00,50.136426804852206
2025-06-12 01:04:00,42.7
2025-06-12 18:55:00,34.4
2025-06-12 12:33:00,50.136426804852206
2025-06-12 18:51:00,40.5
2025-06-12 14:33:00,81.0
2025-06-12 10:45:00,50.136426804852206
2025-06-12 09:08:00,91.3
2025-06-12 22:59:00,90.5
2025-06-12 08:33:00,35.7
2025-06-12 12:57:00,48.8
2025-06-12 16:33:00,66.7
2025-06-12 16:59:00,96.5
2025-06-12 00:35:00,72.5
2025-06-12 19:06:00,59.6
2025-06-12 15:34:00,35.1
2025-06-12 10:02:00,10.2
2025-06-12 00:04:00,27.1
2025-06-12 20:32:00,87.7
2025-06-12 08:28:00,77.1
2025-06-12 15:09:00,92.6
2025-06-12 11:05:00,90.3
2025-06-12 13:31:00,97.3
2025-06-12 03:16:00,78.1
2025-06-12 07:29:00,50.136426804852206
2025-06-12 06:59:00,96.0
2025-06-12 21:33:00,7.7
2025-06-12 06:47:00,15.5
2025-06-12 02:41:00,72.9
2025-06-12 23:41:00,76.5
2025-06-12 03:14:00,11.0
2025-06-12 13:51:00,88.2
2025-06-12 04:38:00,4.5
2025-06-12 15:16:00,70.7
2025-06-12 18:03:00,50.136426804852206
2025-06-12 20:02:00,71.7
2025-06-12 03:13:00,49.9
2025-06-12 05:27:00,4.4
2025-06-12 14:12:00,68.2
2025-06-12 22:48:00,12.0
2025-06-12 00:29:00,50.136426804852206
2025-06-12 11:20:00,50.136426804852206
2025-06-12 22:21:00,24.9
2025-06-12 01:40:00,50.136426804852206
2025-06-12 21:58:00,82.2
2025-06-12 01:01:00,65.2
2025-06-12 19:33:00,42.1
2025-06-12 16:42:00,59.3
2025-06-12 04:02:00,50.136426804852206
2025-06-12 00:05:00,70.5
2025-06-12 04:11:00,4.9
2025-06-12 00:48:00,43.4
2025-06-12 06:47:00,20.0
2025-06-12 21:27:00,94.7
2025-06-12 18:11:00,50.136426804852206
2025-06-12 18:00:00,61.0
2025-06-12 15:39:00,4.6
2025-06-12 01:30:00,62.5
2025-06-12 15:34:00,57.5
2025-06-12 06:25:00,50.136426804852206
2025-06-12 20:04:00,24.4
2025-06-12 06:19:00,84.3
2025-06-12 09:13:00,11.1
2025-06-12 04:32:00,57.8
2025-06-12 07:26:00,43.8
2025-06-12 06:40:00,69.9
2025-06-12 00:36:00,43.1
2025-06-12 23:17:00,63.0
2025-06-12 18:54:00,49.9
2025-06-12 11:58:00,41.8
2025-06-12 10:03:00,76.4
2025-06-12 12:45:00,45.6
2025-06-12 21:38:00,35.2
2025-06-12 00:17:00,54.3
2025-06-12 11:06:00,23.7
2025-06-12 05:08:00,83.6
2025-06-12 14:33:00,55.0
2025-06-12 19:02:00,64.1
2025-06-12 20:17:00,78.4
2025-06-12 04:11:00,23.6
2025-06-12 10:35:00,27.0
2025-06-12 10:09:00,50.136426804852206
2025-06-12 16:17:00,85.2
2025-06-12 04:41:00,50.136426804852206
2025-06-12 17:13:00,4.0
2025-06-12 21:54:00,96.8
2025-06-12 14:03:00,44.5
2025-06-12 21:45:00,21.3
2025-06-12 10:36:00,30.6
2025-06-12 09:51:00,74.1
2025-06-12 22:16:00,80.4
2025-06-12 15:35:00,42.2
2025-06-12 15:09:00,2.6
2025-06-12 03:30:00,88.8
2025-06-12 16:39:00,34.5
2025-06-12 07:00:00,42.2
2025-06-12 08:57:00,85.4
2025-06-12 07:14:00,50.136426804852206
2025-06-12 02:08:00,49.1
2025-06-12 19:34:00,44.0
2025-06-12 17:42:00,50.136426804852206
2025-06-12 08:51:00,42.1
2025-06-12 18:33:00,93.6
2025-06-12 21:39:00,79.9
2025-06-12 17:59:00,75.2
2025-06-12 01:07:00,94.9
2025-06-12 00:09:00,50.136426804852206
2025-06-12 16:49:00,59.0
2025-06-12 17:21:00,7.8
2025-06-12 03:19:00,50.136426804852206
2025-06-12 20:05:00,55.6
2025-06-12 23:14:00,50.136426804852206
2025-06-12 13:08:00,62.5
2025-06-12 04:17:00,2.3
2025-06-12 17:25:00,72.1
2025-06-12 01:48:00,50.136426804852206
2025-06-12 05:16:00,27.5
2025-06-12 03:44:00,50.136426804852206
2025-06-12 05:42:00,50.136426804852206
2025-06-12 21:49:00,36.1
2025-06-12 13:07:00,17.5
2025-06-12 09:21:00,15.4
2025-06-12 07:00:00,4.9
2025-06-12 23:21:00,52.5
2025-06-12 08:57:00,32.0
2025-06-12 05:32:00,59.0
2025-06-12 15:25:00,5.0
2025-06-12 16:22:00,3.5
2025-06-12 17:38:00,98.7
2025-06-12 05:54:00,1.8
2025-06-12 17:55:00,30.8
2025-06-12 01:42:00,49.9
2025-06-12 18:24:00,43.1
2025-06-12 23:43:00,50.136426804852206
2025-06-12 05:12:00,67.3
2025-06-12 12:40:00,25.7
2025-06-12 19:57:00,90.4
2025-06-12 04:16:00,50.136426804852206
2025-06-12 12:11:00,23.4
2025-06-12 01:45:00,50.9
2025-06-12 07:51:00,14.3
2025-06-12 17:15:00,50.136426804852206
2025-06-12 10:03:00,31.6
2025-06-12 05:36:00,88.2
2025-06-12 13:33:00,50.136426804852206
2025-06-12 00:02:00,13.0
2025-06-12 12:06:00,48.0
2025-06-12 10:54:00,50.136426804852206
2025-06-12 17:32:00,26.6
2025-06-12 19:12:00,58.6
2025-06-12 07:53:00,23.0
2025-06-12 15:43:00,12.1
2025-06-12 19:43:00,97.6
2025-06-12 02:51:00,31.2
2025-06-12 20:38:00,39.9
2025-06-12 08:17:00,50.136426804852206
2025-06-12 22:29:00,40.8
2025-06-12 00:19:00,50.136426804852206
2025-06-12 11:30:00,45.2
2025-06-12 12:56:00,50.136426804852206
2025-06-12 23:27:00,87.2
2025-06-12 13:12:00,85.7
2025-06-12 13:34:00,52.8
2025-06-12 16:17:00,87.8
2025-06-12 19:27:00,50.136426804852206
2025-06-12 11:36:00,54.9
2025-06-12 07:46:00,71.7
2025-06-12 14:43:00,8.2
2025-06-12 14:24:00,47.1
2025-06-12 23:12:00,37.3
2025-06-12 08:36:00,43.5
2025-06-12 19:50:00,33.1
2025-06-12 18:10:00,29.7
2025-06-12 12:23:00,90.7
2025-06-12 02:59:00,2.8
2025-06-12 04:40:00,50.136426804852206
2025-06-12 10:03:00,52.3
2025-06-12 06:31:00,12.3
2025-06-12 09:36:00,76.4
2025-06-12 21:04:00,50.136426804852206
2025-06-12 23:51:00,62.9
2025-06-12 23:40:00,50.136426804852206
2025-06-12 09:38:00,4.9
2025-06-12 11:55:00,61.2
2025-06-12 17:01:00,89.8
2025-06-12 23:47:00,71.3
2025-06-12 23:28:00,75.7
2025-06-12 23:11:00,78.0
2025-06-12 16:59:00,50.136426804852206
2025-06-12 01:21:00,55.0
2025-06-12 22:10:00,70.4
2025-06-12 03:51:00,40.4
2025-06-12 03:17:00,61.4
2025-06-12 02:01:00,31.5
2025-06-12 09:37:00,44.2
2025-06-12 12:30:00,63.8
2025-06-12 02:03:00,58.9
2025-06-12 19:04:00,50.136426804852206
2025-06-12 14:33:00,5.7
2025-06-12 23:13:00,15.6
2025-06-12 10:33:00,4.8
2025-06-12 17:20:00,88.6
2025-06-12 09:58:00,50.136426804852206
2025-06-12 19:53:00,31.6
2025-06-12 09:17:00,37.5
2025-06-12 01:28:00,25.5
2025-06-12 23:23:00,18.9
2025-06-12 17:00:00,33.7
2025-06-12 19:33:00,93.1
2025-06-12 22:02:00,13.1
2025-06-12 06:14:00,40.6
2025-06-12 13:53:00,35.2
2025-06-12 23:36:00,28.2
2025-06-12 14:18:00,36.7
2025-06-12 23:23:00,50.136426804852206
2025-06-12 07:36:00,50.136426804852206
2025-06-12 05:09:00,18.5
2025-06-12 04:16:00,29.9
2025-06-12 19:12:00,81.3
2025-06-12 15:32:00,4.9
2025-06-12 01:45:00,36.8
2025-06-12 18:08:00,10.4
2025-06-12 14:34:00,69.0
2025-06-12 18:52:00,50.136426804852206
2025-06-12 21:56:00,11.4
2025-06-12 17:55:00,72.7
2025-06-12 20:43:00,1.1
2025-06-12 14:15:00,99.9
2025-06-12 14:20:00,50.136426804852206
2025-06-12 02:30:00,84.1
2025-06-12 16:46:00,94.8
2025-06-12 11:11:00,67.8
2025-06-12 23:20:00,80.0
2025-06-12 05:10:00,86.8
2025-06-12 11:15:00,50.136426804852206
2025-06-12 23:26:00,35.4
2025-06-12 02:54:00,61.3
2025-06-12 12:32:00,90.1
2025-06-12 04:08:00,64.8
2025-06-12 03:55:00,21.7
2025-06-12 21:18:00,37.7
2025-06-12 15:57:00,10.1
2025-06-12 03:43:00,7.9
2025-06-12 10:15:00,50.037891637220255
2025-06-12 11:37:00,30.0
2025-06-12 13:32:00,40.6
2025-06-12 03:23:00,65.5
2025-06-12 19:12:00,37.6
2025-06-12 11:27:00,60.9
2025-06-12 06:43:00,43.5
2025-06-12 19:44:00,56.8
2025-06-12 23:51:00,55.2
2025-06-12 04:05:00,15.5
2025-06-12 14:10:00,26.7
2025-06-12 19:31:00,4.2
2025-06-12 17:01:00,23.0
2025-06-12 02:28:00,50.037891637220255
2025-06-12 14:20:00,96.7
2025-06-12 07:38:00,20.7
2025-06-12 11:34:00,6.9
2025-06-12 11:22:00,50.0
2025-06-12 15:06:00,68.7
2025-06-12 17:56:00,50.037891637220255
2025-06-12 05:38:00,4.9
2025-06-12 02:23:00,39.1
2025-06-12 18:16:00,10.2
2025-06-12 10:02:00,50.037891637220255
2025-06-12 02:39:00,10.9
2025-06-12 21:51:00,47.9
2025-06-12 17:38:00,50.037891637220255
2025-06-12 23:11:00,63.7
2025-06-12 16:36:00,32.9
2025-06-12 11:11:00,50.037891637220255
2025-06-12 11:31:00,83.6
2025-06-12 08:07:00,72.1
2025-06-12 20:58:00,79.4
2025-06-12 11:56:00,43.4
2025-06-12 22:09:00,57.7
2025-06-12 19:20:00,11.0
2025-06-12 17:13:00,76.7
2025-06-12 01:39:00,11.8
2025-06-12 12:09:00,7.3
2025-06-12 13:20:00,66.9
2025-06-12 15:17:00,76.0
2025-06-12 16:48:00,90.1
2025-06-12 00:48:00,23.6
2025-06-12 05:16:00,40.3
2025-06-12 00:56:00,43.1
2025-06-12 19:25:00,95.8
2025-06-12 14:19:00,2.1
2025-06-12 19:25:00,38.6
2025-06-12 07:28:00,58.2
2025-06-12 10:25:00,50.037891637220255
2025-06-12 16:07:00,0.6
2025-06-12 22:54:00,11.4
2025-06-12 10:22:00,10.2
2025-06-12 23:24:00,50.037891637220255
2025-06-12 14:38:00,99.1
2025-06-12 04:21:00,35.0
2025-06-12 14:00:00,50.037891637220255
2025-06-12 22:07:00,65.3
2025-06-12 13:17:00,77.2
2025-06-12 12:45:00,43.8
2025-06-12 14:40:00,50.037891637220255
2025-06-12 04:36:00,87.3
2025-06-12 04:03:00,17.7
2025-06-12 22:14:00,50.037891637220255
2025-06-12 03:18:00,2.2
2025-06-12 10:42:00,7.1
2025-06-12 05:38:00,33.0
2025-06-12 21:01:00,34.5
2025-06-12 06:49:00,94.9
2025-06-12 06:55:00,50.6
2025-06-12 12:38:00,50.037891637220255
2025-06-12 11:39:00,68.6
2025-06-12 11:20:00,11.1
2025-06-12 20:59:00,53.0
2025-06-12 23:42:00,50.037891637220255
2025-06-12 13:49:00,68.1
2025-06-12 20:33:00,20.4
2025-06-12 10:36:00,50.037891637220255
2025-06-12 01:31:00,84.8
2025-06-12 17:22:00,2.5
2025-06-12 19:59:00,50.037891637220255
2025-06-12 00:10:00,76.5
2025-06-12 10:13:00,10.8
2025-06-12 20:38:00,47.8
2025-06-12 12:35:00,13.5
2025-06-12 04:36:00,12.3
2025-06-12 01:20:00,44.3
2025-06-12 13:07:00,58.6
2025-06-12 20:48:00,57.4
2025-06-12 03:04:00,15.3
2025-06-12 06:45:00,19.8
2025-06-12 15:20:00,50.037891637220255
2025-06-12 05:16:00,28.5
2025-06-12 19:07:00,97.6
2025-06-12 20:35:00,20.5
2025-06-12 16:09:00,85.1
2025-06-12 12:51:00,10.5
2025-06-12 07:29:00,40.3
2025-06-12 00:23:00,50.037891637220255
2025-06-12 13:27:00,48.4
2025-06-12 16:27:00,66.9
2025-06-12 23:03:00,50.037891637220255
2025-06-12 07:13:00,50.037891637220255
2025-06-12 00:13:00,82.3
2025-06-12 17:12:00,27.7
2025-06-12 19:37:00,67.6
2025-06-12 13:19:00,48.3
2025-06-12 12:18:00,29.1
2025-06-12 05:09:00,50.037891637220255
2025-06-12 03:13:00,22.3
2025-06-12 00:30:00,50.037891637220255
2025-06-12 23:25:00,65.0
2025-06-12 20:51:00,50.037891637220255
2025-06-12 03:12:00,50.037891637220255
2025-06-12 09:16:00,83.1
2025-06-12 00:38:00,41.6
2025-06-12 02:08:00,50.037891637220255
2025-06-12 14:36:00,50.037891637220255
2025-06-12 23:27:00,18.5
2025-06-12 12:26:00,77.0
2025-06-12 01:48:00,74.9
2025-06-12 04:22:00,42.6
2025-06-12 16:57:00,27.8
2025-06-12 11:15:00,92.1
2025-06-12 23:56:00,50.037891637220255
2025-06-12 05:16:00,50.037891637220255
2025-06-12 14:22:00,82.7
2025-06-12 22:33:00,50.037891637220255
2025-06-12 21:01:00,75.8
2025-06-12 20:01:00,43.3
2025-06-12 17:21:00,36.8
2025-06-12 23:24:00,68.1
2025-06-12 14:13:00,35.3
2025-06-12 11:33:00,35.2
2025-06-12 15:51:00,71.0
2025-06-12 20:46:00,7.6
2025-06-12 05:59:00,50.037891637220255
2025-06-12 06:16:00,68.7
2025-06-12 11:10:00,52.4
2025-06-12 23:49:00,12.9
2025-06-12 09:15:00,39.0
2025-06-12 16:44:00,16.8
2025-06-12 07:26:00,76.1
2025-06-12 10:22:00,84.0
2025-06-12 02:09:00,34.7
2025-06-12 04:13:00,7.5
2025-06-12 17:34:00,80.1
2025-06-12 09:38:00,46.1
2025-06-12 10:39:00,35.9
2025-06-12 15:14:00,16.2
2025-06-12 03:31:00,21.4
2025-06-12 13:45:00,65.5
2025-06-12 09:31:00,5.5
2025-06-12 15:31:00,19.3
2025-06-12 01:55:00,68.4
2025-06-12 16:40:00,46.5
2025-06-12 03:34:00,81.5
2025-06-12 01:43:00,50.037891637220255
2025-06-12 03:45:00,50.037891637220255
2025-06-12 02:50:00,70.2
2025-06-12 15:27:00,75.1
2025-06-12 13:57:00,53.9
2025-06-12 22:26:00,42.6
2025-06-12 11:01:00,18.7
2025-06-12 10:40:00,80.6
2025-06-12 01:42:00,56.9
2025-06-12 19:38:00,99.1
2025-06-12 01:48:00,50.037891637220255
2025-06-12 07:14:00,72.7
2025-06-12 23:56:00,80.2
2025-06-12 03:56:00,91.5
2025-06-12 06:21:00,81.2
2025-06-12 14:04:00,95.1
2025-06-12 03:34:00,38.8
2025-06-12 05:41:00,93.3
2025-06-12 21:39:00,48.9
2025-06-12 18:46:00,42.8
2025-06-12 14:20:00,55.2
2025-06-12 14:57:00,50.037891637220255
2025-06-12 18:10:00,14.1
2025-06-12 18:39:00,42.4
2025-06-12 04:34:00,90.0
2025-06-12 13:08:00,14.4
2025-06-12 01:26:00,51.0
2025-06-12 05:46:00,26.0
2025-06-12 23:41:00,50.037891637220255
2025-06-12 13:01:00,93.6
2025-06-12 14:13:00,85.5
2025-06-12 04:45:00,82.5
2025-06-12 16:47:00,50.037891637220255
2025-06-12 12:02:00,73.0
2025-06-12 07:38:00,36.7
2025-06-12 22:28:00,76.4
2025-06-12 05:37:00,50.037891637220255
2025-06-12 09:37:00,28.9
2025-06-12 06:22:00,47.8
2025-06-12 09:30:00,93.2
2025-06-12 03:48:00,1.7
2025-06-12 11:46:00,84.7
2025-06-12 12:43:00,28.6
2025-06-12 12:20:00,33.5
2025-06-12 21:44:00,20.3
2025-06-12 22:36:00,9.2
2025-06-12 08:14:00,15.8
2025-06-12 15:38:00,81.4
2025-06-12 03:04:00,92.3
2025-06-12 01:53:00,0.8
2025-06-12 15:43:00,81.5
2025-06-12 06:46:00,38.5
2025-06-12 00:26:00,12.9
2025-06-12 15:57:00,81.1
2025-06-12 11:56:00,50.037891637220255
2025-06-12 10:50:00,43.8
2025-06-12 03:25:00,68.4
2025-06-12 21:52:00,69.5
2025-06-12 11:07:00,50.037891637220255
2025-06-12 09:45:00,56.9
2025-06-12 09:36:00,95.0
2025-06-12 19:20:00,11.7
2025-06-12 09:52:00,26.4
2025-06-12 01:58:00,61.7
2025-06-12 06:08:00,68.3
2025-06-12 07:59:00,50.0
2025-06-12 10:06:00,98.1
2025-06-12 15:22:00,17.3
2025-06-12 04:59:00,56.7
2025-06-12 06:22:00,55.0
2025-06-12 18:49:00,60.8
2025-06-12 23:20:00,6.1
2025-06-12 04:58:00,84.6
2025-06-12 00:20:00,10.6
2025-06-12 15:10:00,50.037891637220255
2025-06-12 06:22:00,30.0
2025-06-12 16:30:00,64.9
2025-06-12 19:21:00,12.4
2025-06-12 05:49:00,4.8
2025-06-12 14:08:00,76.0
2025-06-12 11:56:00,50.037891637220255
2025-06-12 16:48:00,21.8
2025-06-12 16:43:00,65.7
2025-06-12 07:51:00,50.037891637220255
2025-06-12 08:39:00,50.037891637220255
2025-06-12 22:39:00,15.8
2025-06-12 04:35:00,70.9
2025-06-12 15:04:00,85.7
2025-06-12 02:30:00,59.8
2025-06-12 03:39:00,52.8
2025-06-12 15:59:00,37.9
2025-06-12 08:54:00,84.2
2025-06-12 02:26:00,26.1
2025-06-12 19:22:00,39.9
2025-06-12 02:42:00,69.4
2025-06-12 02:17:00,50.037891637220255
2025-06-12 00:48:00,24.7
2025-06-12 04:16:00,56.5
2025-06-12 17:59:00,35.5
2025-06-12 02:09:00,27.2
2025-06-12 10:16:00,12.8
2025-06-12 03:57:00,50.037891637220255
2025-06-12 16:47:00,15.5
2025-06-12 13:06:00,85.8
2025-06-12 17:10:00,93.3
2025-06-12 15:15:00,82.7
2025-06-12 22:17:00,0.6
2025-06-12 18:53:00,19.7
2025-06-12 15:09:00,73.8
2025-06-12 03:41:00,26.0
2025-06-12 21:21:00,87.4
2025-06-12 08:50:00,50.037891637220255
2025-06-12 00:30:00,62.5
2025-06-12 13:09:00,90.1
2025-06-12 14:28:00,3.8
2025-06-12 16:37:00,78.7
2025-06-12 21:19:00,15.1
2025-06-12 15:47:00,47.3
2025-06-12 03:44:00,60.3
2025-06-12 08:43:00,93.3
2025-06-12 16:53:00,68.4
2025-06-12 03:01:00,61.8
2025-06-12 19:53:00,44.1
2025-06-12 05:47:00,46.1
2025-06-12 10:44:00,50.037891637220255
2025-06-12 08:00:00,1.7
2025-06-12 07:12:00,50.037891637220255
2025-06-12 19:27:00,17.5
2025-06-12 20:08:00,50.037891637220255
2025-06-12 22:00:00,72.6
2025-06-12 00:45:00,78.2
2025-06-12 21:33:00,81.2
2025-06-12 00:28:00,14.4
2025-06-12 16:00:00,17.1
2025-06-12 16:50:00,50.037891637220255
2025-06-12 09:24:00,50.037891637220255
2025-06-12 18:50:00,37.6
2025-06-12 16:16:00,30.7
2025-06-12 06:33:00,41.0
2025-06-12 23:40:00,42.0
2025-06-12 13:37:00,42.9
2025-06-12 18:45:00,30.9
2025-06-12 20:41:00,75.0
2025-06-12 18:34:00,78.4
2025-06-12 10:39:00,50.037891637220255
2025-06-12 06:41:00,41.7
2025-06-12 06:52:00,42.9
2025-06-12 22:21:00,20.1
2025-06-12 07:18:00,12.1
2025-06-12 13:30:00,84.3
2025-06-12 07:32:00,54.4
2025-06-12 13:58:00,1.8
2025-06-12 05:01:00,8.7
2025-06-12 07:21:00,96.2
2025-06-12 06:15:00,62.3
2025-06-12 04:56:00,15.7
2025-06-12 10:22:00,75.1
2025-06-12 19:13:00,89.8
2025-06-12 01:45:00,40.9
2025-06-12 05:45:00,88.4
2025-06-12 23:22:00,28.2
2025-06-12 17:48:00,72.6
2025-06-12 14:11:00,1.3
2025-06-12 13:09:00,99.5
2025-06-12 09:13:00,99.3
2025-06-12 15:09:00,3.7
2025-06-12 10:57:00,23.3
2025-06-12 05:30:00,41.4
2025-06-12 00:59:00,63.7
2025-06-12 17:33:00,50.037891637220255
2025-06-12 16:09:00,73.8
2025-06-12 08:17:00,49.0
2025-06-12 04:43:00,25.6
2025-06-12 06:32:00,39.5
2025-06-12 17:46:00,62.6
2025-06-12 21:35:00,96.0
2025-06-12 06:58:00,21.3
2025-06-12 10:47:00,79.6
2025-06-12 10:07:00,48.7
2025-06-12 07:10:00,50.037891637220255
2025-06-12 11:41:00,50.037891637220255
2025-06-12 21:12:00,21.0
2025-06-12 21:49:00,5.1
2025-06-12 02:07:00,50.037891637220255
2025-06-12 13:14:00,3.8
2025-06-12 04:49:00,2.7
2025-06-12 19:20:00,99.8
2025-06-12 15:22:00,2.5
2025-06-12 06:53:00,32.2
2025-06-12 15:57:00,43.0
2025-06-12 03:01:00,43.7
2025-06-12 01:32:00,22.1
2025-06-12 02:29:00,21.4
2025-06-12 17:48:00,43.2
2025-06-12 20:21:00,50.60542317173377
2025-06-12 11:54:00,93.9
2025-06-12 08:13:00,98.6
2025-06-12 06:23:00,60.1
2025-06-12 10:33:00,79.7
2025-06-12 19:48:00,50.60542317173377
2025-06-12 03:27:00,1.0
2025-06-12 21:50:00,50.60542317173377
2025-06-12 03:14:00,89.5
2025-06-12 10:19:00,86.2
2025-06-12 12:49:00,42.8
2025-06-12 21:13:00,32.9
2025-06-12 09:21:00,2.9
2025-06-12 11:18:00,50.60542317173377
2025-06-12 10:42:00,82.5
2025-06-12 11:32:00,20.9
2025-06-12 10:49:00,4.9
2025-06-12 00:04:00,74.9
2025-06-12 02:51:00,21.1
2025-06-12 06:04:00,62.1
2025-06-12 16:23:00,11.2
2025-06-12 20:33:00,64.6
2025-06-12 19:09:00,3.2
2025-06-12 11:03:00,67.0
2025-06-12 22:54:00,78.4
2025-06-12 12:03:00,50.60542317173377
2025-06-12 17:27:00,50.60542317173377
2025-06-12 00:46:00,96.1
2025-06-12 10:46:00,19.3
2025-06-12 10:05:00,50.60542317173377
2025-06-12 17:26:00,18.2
2025-06-12 10:42:00,56.5
2025-06-12 10:09:00,80.7
2025-06-12 11:19:00,63.1
2025-06-12 23:54:00,67.3
2025-06-12 19:45:00,45.9
2025-06-12 05:46:00,50.60542317173377
2025-06-12 02:09:00,65.1
2025-06-12 23:09:00,35.1
2025-06-12 00:39:00,96.7
2025-06-12 19:37:00,50.60542317173377
2025-06-12 07:57:00,67.5
2025-06-12 21:13:00,11.0
2025-06-12 07:55:00,82.3
2025-06-12 11:25:00,50.60542317173377
2025-06-12 14:41:00,3.7
2025-06-12 09:13:00,59.9
2025-06-12 12:28:00,86.4
2025-06-12 10:38:00,40.3
2025-06-12 08:58:00,27.7
2025-06-12 13:29:00,99.9
2025-06-12 19:38:00,3.0
2025-06-12 16:02:00,48.5
2025-06-12 06:48:00,50.60542317173377
2025-06-12 23:21:00,12.2
2025-06-12 20:12:00,26.5
2025-06-12 06:45:00,96.3
2025-06-12 14:07:00,50.60542317173377
2025-06-12 08:31:00,54.9
2025-06-12 15:51:00,50.60542317173377
2025-06-12 23:38:00,84.8
2025-06-12 13:06:00,51.4
2025-06-12 20:42:00,71.9
2025-06-12 05:26:00,50.60542317173377
2025-06-12 21:01:00,37.9
2025-06-12 16:12:00,35.2
2025-06-12 05:52:00,14.4
2025-06-12 20:35:00,76.4
2025-06-12 19:07:00,27.4
2025-06-12 10:51:00,45.2
2025-06-12 15:41:00,32.0
2025-06-12 12:34:00,48.2
2025-06-12 11:02:00,59.1
2025-06-12 18:43:00,50.60542317173377
2025-06-12 18:53:00,99.0
2025-06-12 16:55:00,27.6
2025-06-12 22:27:00,17.8
2025-06-12 14:16:00,76.3
2025-06-12 06:38:00,50.60542317173377
2025-06-12 05:09:00,53.1
2025-06-12 13:08:00,46.3
2025-06-12 21:41:00,30.4
2025-06-12 23:27:00,79.3
2025-06-12 19:03:00,85.9
2025-06-12 21:49:00,39.1
2025-06-12 07:45:00,76.2
2025-06-12 09:48:00,64.8
2025-06-12 22:28:00,97.4
2025-06-12 07:35:00,50.60542317173377
2025-06-12 19:36:00,56.8
2025-06-12 08:38:00,57.8
2025-06-12 18:06:00,74.6
2025-06-12 10:48:00,2.8
2025-06-12 11:51:00,10.5
2025-06-12 06:00:00,50.60542317173377
2025-06-12 18:34:00,28.6
2025-06-12 18:43:00,74.5
2025-06-12 07:03:00,57.6
2025-06-12 10:00:00,88.7
2025-06-12 21:51:00,16.5
2025-06-12 00:18:00,51.3
2025-06-12 14:51:00,38.4
2025-06-12 11:08:00,53.7
2025-06-12 00:35:00,84.9
2025-06-12 17:20:00,9.7
2025-06-12 04:53:00,58.7
2025-06-12 13:16:00,9.1
2025-06-12 02:26:00,15.4
2025-06-12 09:23:00,30.9
2025-06-12 21:48:00,62.6
2025-06-12 11:57:00,79.4
2025-06-12 21:55:00,17.9
2025-06-12 14:43:00,50.60542317173377
2025-06-12 09:04:00,73.9
2025-06-12 22:05:00,28.6
2025-06-12 02:00:00,71.3
2025-06-12 18:09:00,25.0
2025-06-12 18:46:00,50.60542317173377
2025-06-12 18:35:00,63.5
2025-06-12 13:03:00,84.6
2025-06-12 22:09:00,75.4
2025-06-12 21:30:00,3.3
2025-06-12 19:36:00,16.3
2025-06-12 07:32:00,50.60542317173377
2025-06-12 02:30:00,6.7
2025-06-12 09:21:00,9.4
2025-06-12 17:51:00,64.9
2025-06-12 21:45:00,65.5
2025-06-12 10:34:00,95.9
2025-06-12 01:45:00,80.4
2025-06-12 09:49:00,8.2
2025-06-12 17:23:00,84.1
2025-06-12 11:41:00,62.5
2025-06-12 21:18:00,1.0
2025-06-12 04:28:00,11.9
2025-06-12 23:26:00,50.60542317173377
2025-06-12 11:05:00,29.4
2025-06-12 04:38:00,74.8
2025-06-12 12:29:00,74.1
2025-06-12 09:54:00,50.60542317173377
2025-06-12 02:23:00,60.7
2025-06-12 13:32:00,50.60542317173377
2025-06-12 22:03:00,34.2
2025-06-12 23:17:00,41.5
2025-06-12 17:36:00,76.8
2025-06-12 07:09:00,0.5
2025-06-12 18:03:00,35.3
2025-06-12 08:14:00,22.0
2025-06-12 08:52:00,25.5
2025-06-12 01:40:00,24.3
2025-06-12 10:51:00,50.60542317173377
2025-06-12 08:57:00,94.3
2025-06-12 10:38:00,50.60542317173377
2025-06-12 19:59:00,29.0
2025-06-12 00:58:00,93.3
2025-06-12 09:59:00,79.2
2025-06-12 21:35:00,83.8
2025-06-12 18:26:00,86.3
2025-06-12 17:52:00,39.6
2025-06-12 23:03:00,52.2
2025-06-12 09:08:00,17.4
2025-06-12 01:06:00,16.0
2025-06-12 18:02:00,47.5
2025-06-12 05:29:00,86.6
2025-06-12 14:27:00,54.7
2025-06-12 20:40:00,83.4
2025-06-12 08:42:00,32.3
2025-06-12 12:24:00,15.6
2025-06-12 09:04:00,7.3
2025-06-12 21:22:00,53.3
2025-06-12 04:26:00,71.3
2025-06-12 17:20:00,15.7
2025-06-12 09:08:00,50.4
2025-06-12 18:50:00,48.5
2025-06-12 20:13:00,32.1
2025-06-12 02:23:00,51.1
2025-06-12 10:18:00,50.60542317173377
2025-06-12 17:48:00,48.2
2025-06-12 11:23:00,97.8
2025-06-12 04:24:00,64.0
2025-06-12 11:14:00,50.3
2025-06-12 21:57:00,27.2
2025-06-12 01:10:00,50.60542317173377
2025-06-12 12:50:00,57.2
2025-06-12 07:08:00,59.3
2025-06-12 10:07:00,50.60542317173377
2025-06-12 03:01:00,35.7
2025-06-12 15:03:00,64.1
2025-06-12 23:18:00,14.8
2025-06-12 12:25:00,60.1
2025-06-12 21:16:00,44.8
2025-06-12 22:47:00,99.6
2025-06-12 05:05:00,27.4
2025-06-12 20:22:00,19.7
2025-06-12 18:00:00,36.5
2025-06-12 01:20:00,20.9
2025-06-12 22:50:00,84.1
2025-06-12 05:41:00,79.6
2025-06-12 20:44:00,32.7
2025-06-12 18:46:00,66.1
2025-06-12 14:23:00,97.1
2025-06-12 10:27:00,68.4
2025-06-12 01:39:00,50.60542317173377
2025-06-12 00:26:00,61.5
2025-06-12 01:01:00,2.0
2025-06-12 05:19:00,86.0
2025-06-12 08:16:00,14.0
2025-06-12 22:01:00,95.3
2025-06-12 01:05:00,41.5
2025-06-12 15:19:00,91.0
2025-06-12 12:46:00,98.4
2025-06-12 17:13:00,1.4
2025-06-12 17:57:00,95.7
2025-06-12 16:44:00,7.2
2025-06-12 10:06:00,50.60542317173377
2025-06-12 16:29:00,19.2
2025-06-12 08:10:00,56.9
2025-06-12 07:12:00,58.6
2025-06-12 00:12:00,51.9
2025-06-12 19:17:00,94.8
2025-06-12 17:04:00,66.2
2025-06-12 04:50:00,94.9
2025-06-12 01:45:00,50.60542317173377
2025-06-12 12:42:00,54.8
2025-06-12 14:31:00,56.5
2025-06-12 14:08:00,19.6
2025-06-12 07:03:00,7.2
2025-06-12 19:46:00,75.8
2025-06-12 09:18:00,32.4
2025-06-12 03:30:00,44.3
2025-06-12 01:16:00,5.8
2025-06-12 06:38:00,39.1
2025-06-12 03:28:00,96.5
2025-06-12 10:34:00,50.60542317173377
2025-06-12 07:10:00,52.6
2025-06-12 14:11:00,77.5
2025-06-12 16:30:00,15.3
2025-06-12 05:05:00,90.2
2025-06-12 07:56:00,50.60542317173377
2025-06-12 05:19:00,56.7
2025-06-12 14:14:00,34.4
2025-06-12 07:36:00,31.8
2025-06-12 11:40:00,46.9
2025-06-12 09:10:00,70.6
2025-06-12 23:22:00,59.8
2025-06-12 04:13:00,9.5
2025-06-12 11:28:00,47.2
2025-06-12 04:33:00,50.60542317173377
2025-06-12 05:30:00,34.4
2025-06-12 04:23:00,35.0
2025-06-12 19:55:00,45.9
2025-06-12 07:21:00,21.5
2025-06-12 13:16:00,10.6
2025-06-12 04:29:00,99.7
2025-06-12 18:39:00,93.9
2025-06-12 05:10:00,97.2
2025-06-12 01:56:00,80.7
2025-06-12 09:34:00,29.9
2025-06-12 17:35:00,0.9
2025-06-12 20:21:00,50.60542317173377
2025-06-12 22:46:00,40.8
2025-06-12 06:48:00,80.5
2025-06-12 08:16:00,50.60542317173377
2025-06-12 05:45:00,35.5
2025-06-12 09:20:00,46.7
2025-06-12 03:16:00,27.4
2025-06-12 02:43:00,59.6
2025-06-12 00:49:00,50.60542317173377
2025-06-12 04:58:00,49.1
2025-06-12 19:29:00,47.0
2025-06-12 17:06:00,95.8
2025-06-12 11:52:00,23.1
2025-06-12 02:46:00,90.1
2025-06-12 13:20:00,98.4
2025-06-12 21:45:00,84.7
2025-06-12 09:20:00,37.1
2025-06-12 07:26:00,82.5
2025-06-12 13:41:00,7.6
2025-06-12 09:24:00,75.1
2025-06-12 20:48:00,35.1
2025-06-12 15:01:00,39.0
2025-06-12 21:46:00,52.3
2025-06-12 17:08:00,26.9
2025-06-12 12:24:00,21.2
2025-06-12 07:52:00,58.2
2025-06-12 10:08:00,9.6
2025-06-12 14:11:00,98.4
2025-06-12 11:22:00,50.60542317173377
2025-06-12 15:05:00,2.4
2025-06-12 02:52:00,15.8
2025-06-12 06:40:00,50.60542317173377
2025-06-12 06:10:00,59.3
2025-06-12 04:21:00,70.9
2025-06-12 23:36:00,50.60542317173377
2025-06-12 20:45:00,50.60542317173377
2025-06-12 12:19:00,50.60542317173377
2025-06-12 23:30:00,61.6
2025-06-12 04:15:00,25.5
2025-06-12 16:51:00,51.7
2025-06-12 23:12:00,52.7
2025-06-12 20:33:00,93.3
2025-06-12 12:23:00,21.2
2025-06-12 13:48:00,16.0
2025-06-12 15:50:00,50.60542317173377
2025-06-12 00:45:00,77.9
2025-06-12 10:15:00,51.5
2025-06-12 02:28:00,15.5
2025-06-12 23:42:00,96.0
2025-06-12 10:04:00,50.60542317173377
2025-06-12 02:27:00,90.4
2025-06-12 22:30:00,41.0
2025-06-12 22:33:00,62.1
2025-06-12 15:25:00,81.0
2025-06-12 06:41:00,72.1
2025-06-12 13:37:00,88.8
2025-06-12 09:54:00,82.1
2025-06-12 18:00:00,11.3
2025-06-12 07:25:00,78.1
2025-06-12 11:03:00,72.1
2025-06-12 05:31:00,20.7
2025-06-12 03:50:00,50.60542317173377
2025-06-12 16:18:00,20.9
2025-06-12 03:39:00,53.8
2025-06-12 11:31:00,90.7
2025-06-12 12:32:00,98.0
2025-06-12 07:47:00,3.1
2025-06-12 22:11:00,49.2
2025-06-12 18:18:00,93.0
2025-06-12 04:19:00,85.5
2025-06-12 21:28:00,65.6
2025-06-12 19:40:00,40.8
2025-06-12 18:27:00,50.60542317173377
2025-06-12 22:48:00,50.60542317173377
2025-06-12 08:30:00,50.60542317173377
2025-06-12 10:17:00,44.9
2025-06-12 07:27:00,65.2
2025-06-12 13:48:00,90.8
2025-06-12 13:23:00,47.7
2025-06-12 16:39:00,90.4
2025-06-12 13:28:00,87.3
2025-06-12 21:00:00,4.1
2025-06-12 06:27:00,50.60542317173377
2025-06-12 01:32:00,23.7
2025-06-12 14:36:00,0.8
2025-06-12 11:23:00,4.9
2025-06-12 06:11:00,25.2
2025-06-12 18:02:00,16.1
2025-06-12 08:17:00,50.4
2025-06-12 09:18:00,50.60542317173377
2025-06-12 09:14:00,53.1
2025-06-12 22:12:00,79.9
2025-06-12 21:53:00,72.6
2025-06-12 04:12:00,14.6
2025-06-12 00:56:00,78.8
2025-06-12 05:04:00,91.3
2025-06-12 05:53:00,98.0
2025-06-12 23:16:00,12.2
2025-06-12 03:00:00,93.6
2025-06-12 23:42:00,17.4
2025-06-12 10:19:00,76.0
2025-06-12 14:28:00,58.7
2025-06-12 13:31:00,3.5
2025-06-12 01:47:00,52.4
2025-06-12 11:45:00,5.7
2025-06-12 20:18:00,76.8
2025-06-12 17:41:00,54.2
2025-06-12 14:25:00,31.9
2025-06-12 18:50:00,75.6
2025-06-12 13:29:00,99.2
2025-06-12 19:24:00,74.5
2025-06-12 13:36:00,29.7
2025-06-12 23:07:00,34.1
2025-06-12 01:55:00,28.5
2025-06-12 15:52:00,6.9
2025-06-12 00:29:00,14.3
2025-06-12 09:47:00,99.5
2025-06-12 17:40:00,53.3
2025-06-12 22:42:00,49.935598591549294
2025-06-12 19:07:00,49.935598591549294
2025-06-12 11:13:00,59.3
2025-06-12 23:13:00,49.935598591549294
2025-06-12 16:13:00,15.1
2025-06-12 06:21:00,49.935598591549294
2025-06-12 10:49:00,13.5
2025-06-12 02:35:00,6.2
2025-06-12 03:42:00,49.935598591549294
2025-06-12 15:10:00,30.2
2025-06-12 10:25:00,86.9
2025-06-12 23:28:00,66.1
2025-06-12 12:29:00,60.6
2025-06-12 04:44:00,76.1
2025-06-12 03:35:00,49.935598591549294
2025-06-12 01:11:00,0.7
2025-06-12 09:27:00,64.7
2025-06-12 19:51:00,59.0
2025-06-12 12:06:00,6.2
2025-06-12 11:27:00,10.1
2025-06-12 04:26:00,1.9
2025-06-12 14:42:00,3.5
2025-06-12 20:26:00,75.0
2025-06-12 20:26:00,6.3
2025-06-12 14:56:00,94.4
2025-06-12 17:13:00,5.5
2025-06-12 16:52:00,49.935598591549294
2025-06-12 22:01:00,98.2
2025-06-12 08:02:00,1.3
2025-06-12 23:58:00,61.8
2025-06-12 03:22:00,35.4
2025-06-12 04:37:00,49.935598591549294
2025-06-12 06:49:00,14.6
2025-06-12 02:23:00,42.6
2025-06-12 14:58:00,87.4
2025-06-12 06:00:00,74.3
2025-06-12 22:46:00,9.1
2025-06-12 12:33:00,96.3
2025-06-12 21:04:00,69.5
2025-06-12 18:12:00,98.0
2025-06-12 15:23:00,21.2
2025-06-12 04:00:00,65.4
2025-06-12 06:38:00,51.2
2025-06-12 19:04:00,44.1
2025-06-12 19:11:00,69.0
2025-06-12 00:03:00,25.7
2025-06-12 15:22:00,63.8
2025-06-12 09:59:00,47.2
2025-06-12 20:21:00,85.5
2025-06-12 07:57:00,67.5
2025-06-12 12:01:00,20.4
2025-06-12 10:08:00,10.3
2025-06-12 02:41:00,7.1
2025-06-12 09:15:00,64.7
2025-06-12 07:38:00,15.9
2025-06-12 07:04:00,92.3
2025-06-12 20:38:00,49.935598591549294
2025-06-12 06:57:00,49.935598591549294
2025-06-12 16:38:00,86.1
2025-06-12 00:06:00,4.1
2025-06-12 20:01:00,3.4
2025-06-12 06:11:00,30.9
2025-06-12 15:02:00,6.1
2025-06-12 03:21:00,66.0
2025-06-12 11:23:00,63.9
2025-06-12 17:27:00,24.6
2025-06-12 22:13:00,79.1
2025-06-12 18:03:00,45.2
2025-06-12 15:39:00,66.0
2025-06-12 01:38:00,17.0
2025-06-12 20:25:00,41.0
2025-06-12 10:03:00,86.4
2025-06-12 13:01:00,35.7
2025-06-12 01:00:00,52.6
2025-06-12 09:26:00,59.0
2025-06-12 04:16:00,74.5
2025-06-12 07:53:00,78.0
2025-06-12 23:20:00,72.1
2025-06-12 21:23:00,49.935598591549294
2025-06-12 05:45:00,49.935598591549294
2025-06-12 09:26:00,62.4
2025-06-12 12:00:00,29.8
2025-06-12 15:00:00,49.935598591549294
2025-06-12 17:28:00,66.7
2025-06-12 03:01:00,76.9
2025-06-12 10:21:00,45.3
2025-06-12 07:43:00,49.935598591549294
2025-06-12 00:32:00,69.1
2025-06-12 11:33:00,11.0
2025-06-12 04:32:00,23.7
2025-06-12 08:13:00,68.1
2025-06-12 00:25:00,100.0
2025-06-12 18:30:00,56.3
2025-06-12 03:45:00,20.4
2025-06-12 08:08:00,39.2
2025-06-12 06:25:00,0.6
2025-06-12 09:51:00,27.6
2025-06-12 13:05:00,18.0
2025-06-12 02:15:00,86.0
2025-06-12 09:30:00,34.8
2025-06-12 09:43:00,50.4
2025-06-12 17:39:00,8.3
2025-06-12 15:12:00,42.1
2025-06-12 21:15:00,49.935598591549294
2025-06-12 20:04:00,49.935598591549294
2025-06-12 05:51:00,73.1
2025-06-12 18:03:00,22.7
2025-06-12 11:11:00,76.1
2025-06-12 13:04:00,75.4
2025-06-12 06:57:00,5.1
2025-06-12 22:56:00,91.8
2025-06-12 20:10:00,94.3
2025-06-12 17:55:00,18.9
2025-06-12 23:31:00,61.1
2025-06-12 08:22:00,57.0
2025-06-12 16:26:00,5.1
2025-06-12 05:28:00,43.7
2025-06-12 00:57:00,49.935598591549294
2025-06-12 09:45:00,14.6
2025-06-12 22:01:00,45.8
2025-06-12 04:29:00,49.935598591549294
2025-06-12 10:46:00,6.3
2025-06-12 23:27:00,38.3
2025-06-12 23:10:00,32.5
2025-06-12 01:56:00,49.935598591549294
2025-06-12 17:33:00,40.3
2025-06-12 09:37:00,30.5
2025-06-12 13:09:00,90.3
2025-06-12 07:55:00,7.0
2025-06-12 05:20:00,68.2
2025-06-12 04:25:00,27.9
2025-06-12 02:29:00,14.9
2025-06-12 14:34:00,2.0
2025-06-12 09:12:00,94.4
2025-06-12 09:13:00,28.2
2025-06-12 19:32:00,83.9
2025-06-12 03:02:00,49.935598591549294
2025-06-12 14:40:00,89.6
2025-06-12 12:10:00,4.8
2025-06-12 10:50:00,95.4
2025-06-12 00:45:00,39.4
2025-06-12 20:10:00,52.7
2025-06-12 04:20:00,44.7
2025-06-12 18:10:00,52.3
2025-06-12 05:59:00,88.5
2025-06-12 23:00:00,41.3
2025-06-12 13:59:00,30.9
2025-06-12 18:47:00,57.8
2025-06-12 15:38:00,71.9
2025-06-12 00:42:00,8.7
2025-06-12 11:13:00,63.3
2025-06-12 13:41:00,45.1
2025-06-12 18:16:00,55.5
2025-06-12 21:34:00,65.8
2025-06-12 15:51:00,79.2
2025-06-12 11:57:00,40.1
2025-06-12 08:41:00,99.3
2025-06-12 19:45:00,45.3
2025-06-12 03:30:00,55.5
2025-06-12 21:53:00,68.2
2025-06-12 11:01:00,28.8
2025-06-12 13:15:00,89.4
2025-06-12 11:35:00,49.6
2025-06-12 04:13:00,54.9
2025-06-12 07:55:00,69.5
2025-06-12 03:33:00,89.0
2025-06-12 16:13:00,49.935598591549294
2025-06-12 14:48:00,81.4
2025-06-12 23:26:00,10.9
2025-06-12 00:37:00,49.935598591549294
2025-06-12 09:13:00,62.4
2025-06-12 21:48:00,26.3
2025-06-12 11:28:00,49.935598591549294
2025-06-12 22:52:00,23.8
2025-06-12 19:51:00,9.6
2025-06-12 06:57:00,49.935598591549294
2025-06-12 00:38:00,99.7
2025-06-12 09:54:00,83.7
2025-06-12 04:34:00,58.1
2025-06-12 13:30:00,35.3
2025-06-12 19:09:00,32.7
2025-06-12 23:35:00,63.6
2025-06-12 04:03:00,49.935598591549294
2025-06-12 15:36:00,24.9
2025-06-12 01:41:00,33.6
2025-06-12 17:55:00,85.0
2025-06-12 04:50:00,41.1
2025-06-12 01:03:00,66.8
2025-06-12 12:23:00,16.8
2025-06-12 01:04:00,85.2
2025-06-12 21:53:00,82.5
2025-06-12 14:18:00,19.9
2025-06-12 09:34:00,49.935598591549294
2025-06-12 23:09:00,88.9
2025-06-12 03:39:00,26.9
2025-06-12 19:30:00,50.0
2025-06-12 06:09:00,31.4
2025-06-12 13:20:00,32.2
2025-06-12 07:27:00,82.7
2025-06-12 06:39:00,51.9
2025-06-12 17:06:00,49.935598591549294
2025-06-12 19:37:00,49.935598591549294
2025-06-12 16:35:00,88.9
2025-06-12 22:25:00,75.3
2025-06-12 08:49:00,24.5
2025-06-12 01:27:00,82.6
2025-06-12 12:00:00,63.8
2025-06-12 15:09:00,93.0
2025-06-12 22:13:00,53.4
2025-06-12 23:07:00,1.9
2025-06-12 20:12:00,34.4
2025-06-12 10:18:00,99.0
2025-06-12 18:51:00,52.9
2025-06-12 23:17:00,5.1
2025-06-12 21:57:00,60.2
2025-06-12 07:00:00,49.935598591549294
2025-06-12 10:23:00,81.0
2025-06-12 20:31:00,67.3
2025-06-12 09:43:00,91.1
2025-06-12 14:39:00,66.1
2025-06-12 02:44:00,49.8
2025-06-12 13:54:00,10.1
2025-06-12 11:00:00,49.935598591549294
2025-06-12 12:52:00,21.3
2025-06-12 00:43:00,75.0
2025-06-12 11:00:00,96.6
2025-06-12 12:31:00,49.935598591549294
2025-06-12 09:46:00,49.935598591549294
2025-06-12 06:12:00,42.5
2025-06-12 00:06:00,71.8
2025-06-12 00:03:00,40.9
2025-06-12 23:58:00,21.0
2025-06-12 15:04:00,46.1
2025-06-12 23:36:00,19.3
2025-06-12 14:19:00,49.935598591549294
2025-06-12 05:42:00,85.1
2025-06-12 17:32:00,46.7
2025-06-12 21:48:00,49.935598591549294
2025-06-12 21:37:00,47.3
2025-06-12 09:48:00,65.8
2025-06-12 08:21:00,63.8
2025-06-12 10:06:00,49.935598591549294
2025-06-12 02:07:00,39.5
2025-06-12 09:38:00,99.7
2025-06-12 15:56:00,49.935598591549294
2025-06-12 18:50:00,64.8
2025-06-12 03:44:00,56.7
2025-06-12 01:42:00,64.7
2025-06-12 20:52:00,30.2
2025-06-12 21:13:00,2.5
2025-06-12 07:14:00,99.8
2025-06-12 05:50:00,30.2
2025-06-12 09:45:00,25.2
2025-06-12 09:19:00,85.4
2025-06-12 18:23:00,20.8
2025-06-12 22:42:00,12.3
2025-06-12 09:15:00,73.0
2025-06-12 20:01:00,20.3
2025-06-12 07:22:00,94.5
2025-06-12 10:49:00,49.3
2025-06-12 02:14:00,19.5
2025-06-12 11:04:00,25.1
2025-06-12 13:55:00,4.0
2025-06-12 14:39:00,97.0
2025-06-12 11:33:00,78.7
2025-06-12 14:06:00,49.935598591549294
2025-06-12 06:50:00,49.935598591549294
2025-06-12 08:56:00,45.0
2025-06-12 04:43:00,68.2
2025-06-12 00:04:00,95.6
2025-06-12 11:59:00,76.9
2025-06-12 03:33:00,0.6
2025-06-12 05:43:00,38.1
2025-06-12 07:24:00,49.935598591549294
2025-06-12 14:35:00,49.935598591549294
2025-06-12 06:52:00,59.1
2025-06-12 10:17:00,82.4
2025-06-12 01:52:00,19.6
2025-06-12 00:51:00,49.935598591549294
2025-06-12 17:49:00,95.9
2025-06-12 14:15:00,92.6
2025-06-12 09:49:00,9.2
2025-06-12 23:24:00,13.1
2025-06-12 19:11:00,17.3
2025-06-12 06:06:00,86.4
2025-06-12 23:46:00,49.935598591549294
2025-06-12 19:40:00,13.6
2025-06-12 01:17:00,11.5
2025-06-12 10:21:00,98.5
2025-06-12 16:12:00,91.6
2025-06-12 11:58:00,51.1
2025-06-12 07:23:00,6.0
2025-06-12 12:33:00,49.935598591549294
2025-06-12 02:54:00,90.3
2025-06-12 16:26:00,30.9
2025-06-12 06:00:00,56.2
2025-06-12 07:47:00,78.2
2025-06-12 16:58:00,34.5
2025-06-12 01:00:00,34.2
2025-06-12 06:10:00,88.9
2025-06-12 10:28:00,76.3
2025-06-12 03:55:00,37.4
2025-06-12 04:14:00,24.9
2025-06-12 00:37:00,90.8
2025-06-12 22:54:00,49.935598591549294
2025-06-12 20:24:00,95.1
2025-06-12 21:27:00,38.8
2025-06-12 04:58:00,51.7
2025-06-12 20:13:00,18.5
2025-06-12 11:16:00,57.8
2025-06-12 21:53:00,25.2
2025-06-12 15:49:00,60.1
2025-06-12 21:49:00,22.6
2025-06-12 17:15:00,49.935598591549294
2025-06-12 14:22:00,65.6
2025-06-12 13:13:00,25.4
2025-06-12 15:17:00,49.935598591549294
2025-06-12 16:33:00,94.7
2025-06-12 13:02:00,87.2
2025-06-12 04:54:00,26.1
2025-06-12 04:00:00,7.4
2025-06-12 21:08:00,17.8
2025-06-12 20:33:00,43.9
2025-06-12 00:47:00,69.6
2025-06-12 02:48:00,69.7
2025-06-12 10:49:00,17.6
2025-06-12 01:21:00,53.7
2025-06-12 13:08:00,51.7
2025-06-12 23:25:00,90.5
2025-06-12 05:38:00,62.8
2025-06-12 17:47:00,38.0
2025-06-12 19:16:00,9.5
2025-06-12 08:40:00,81.1
2025-06-12 21:19:00,24.9
2025-06-12 06:33:00,54.3
2025-06-12 18:46:00,78.9
2025-06-12 22:17:00,96.4
2025-06-12 20:36:00,75.6
2025-06-12 00:49:00,69.1
2025-06-12 04:46:00,42.5
2025-06-12 04:01:00,38.2
2025-06-12 01:58:00,5.0
2025-06-12 19:17:00,57.4
2025-06-12 11:40:00,49.935598591549294
2025-06-12 14:57:00,6.7
2025-06-12 16:19:00,5.7
2025-06-12 21:41:00,61.9
2025-06-12 20:14:00,93.3
2025-06-12 22:46:00,21.5
2025-06-12 17:54:00,34.7
2025-06-12 07:42:00,66.1
2025-06-12 15:54:00,28.2
2025-06-12 09:13:00,65.5
2025-06-12 02:11:00,51.0
2025-06-12 15:52:00,32.0
2025-06-12 08:57:00,85.9
2025-06-12 09:20:00,67.7
2025-06-12 03:04:00,12.2
2025-06-12 10:21:00,49.740225962104276
2025-06-12 17:29:00,3.2
2025-06-12 22:22:00,70.6
2025-06-12 00:20:00,49.740225962104276
2025-06-12 00:57:00,4.4
2025-06-12 13:05:00,19.1
2025-06-12 17:50:00,96.0
2025-06-12 19:46:00,88.6
2025-06-12 13:03:00,73.9
2025-06-12 19:51:00,49.740225962104276
2025-06-12 03:13:00,47.7
2025-06-12 11:01:00,72.1
2025-06-12 15:16:00,49.740225962104276
2025-06-12 22:04:00,76.6
2025-06-12 10:12:00,86.8
2025-06-12 10:01:00,96.2
2025-06-12 12:14:00,26.7
2025-06-12 09:20:00,30.2
2025-06-12 08:51:00,49.740225962104276
2025-06-12 09:35:00,40.8
2025-06-12 00:46:00,84.7
2025-06-12 15:12:00,32.1
2025-06-12 06:17:00,13.4
2025-06-12 11:40:00,49.740225962104276
2025-06-12 03:25:00,85.9
2025-06-12 14:09:00,33.7
2025-06-12 18:27:00,32.2
2025-06-12 20:53:00,49.740225962104276
2025-06-12 16:05:00,49.740225962104276
2025-06-12 05:13:00,40.1
2025-06-12 22:44:00,59.4
2025-06-12 00:29:00,70.2
2025-06-12 06:19:00,94.6
2025-06-12 07:34:00,77.1
2025-06-12 00:07:00,96.0
2025-06-12 04:58:00,19.5
2025-06-12 03:34:00,63.4
2025-06-12 19:15:00,70.8
2025-06-12 21:58:00,49.740225962104276
2025-06-12 13:57:00,66.8
2025-06-12 08:10:00,49.740225962104276
2025-06-12 21:46:00,97.7
2025-06-12 21:51:00,51.1
2025-06-12 18:08:00,55.2
2025-06-12 05:03:00,12.3
2025-06-12 20:10:00,64.2
2025-06-12 04:17:00,62.0
2025-06-12 07:04:00,1.8
2025-06-12 00:43:00,94.1
2025-06-12 04:31:00,32.5
2025-06-12 18:08:00,19.7
2025-06-12 16:22:00,60.7
2025-06-12 19:20:00,11.9
2025-06-12 19:36:00,85.4
2025-06-12 13:11:00,21.3
2025-06-12 07:36:00,3.8
2025-06-12 09:08:00,49.740225962104276
2025-06-12 22:04:00,33.9
2025-06-12 00:42:00,62.0
2025-06-12 07:23:00,9.2
2025-06-12 01:40:00,66.5
2025-06-12 20:35:00,89.6
2025-06-12 03:39:00,41.2
2025-06-12 20:19:00,2.7
2025-06-12 09:17:00,49.740225962104276
2025-06-12 09:43:00,49.740225962104276
2025-06-12 15:47:00,89.0
2025-06-12 14:13:00,50.9
2025-06-12 06:22:00,49.740225962104276
2025-06-12 18:18:00,95.4
2025-06-12 01:41:00,12.6
2025-06-12 21:04:00,98.8
2025-06-12 09:43:00,17.1
2025-06-12 04:44:00,47.3
2025-06-12 12:06:00,49.740225962104276
2025-06-12 08:42:00,34.5
2025-06-12 03:07:00,33.7
2025-06-12 15:55:00,9.7
2025-06-12 12:58:00,49.740225962104276
2025-06-12 22:46:00,49.740225962104276
2025-06-12 15:45:00,27.0
2025-06-12 06:11:00,7.0
2025-06-12 17:04:00,61.3
2025-06-12 09:27:00,40.1
2025-06-12 13:36:00,81.2
2025-06-12 00:52:00,73.1
2025-06-12 11:35:00,87.6
2025-06-12 04:07:00,24.7
2025-06-12 11:39:00,77.5
2025-06-12 15:06:00,83.6
2025-06-12 01:32:00,44.3
2025-06-12 13:20:00,74.7
2025-06-12 17:41:00,35.9
2025-06-12 20:24:00,33.1
2025-06-12 12:13:00,75.6
2025-06-12 09:30:00,9.9
2025-06-12 16:19:00,49.740225962104276
2025-06-12 12:44:00,49.740225962104276
2025-06-12 15:07:00,2.5
2025-06-12 19:56:00,30.7
2025-06-12 09:21:00,10.1
2025-06-12 01:43:00,54.0
2025-06-12 00:33:00,9.9
2025-06-12 20:18:00,49.740225962104276
2025-06-12 21:27:00,16.8
2025-06-12 14:43:00,49.740225962104276
2025-06-12 11:25:00,3.7
2025-06-12 11:13:00,79.6
2025-06-12 05:55:00,79.7
2025-06-12 09:01:00,97.9
2025-06-12 11:15:00,90.7
2025-06-12 13:43:00,37.9
2025-06-12 13:27:00,49.740225962104276
2025-06-12 17:02:00,48.9
2025-06-12 19:39:00,21.8
2025-06-12 06:38:00,40.4
2025-06-12 02:23:00,49.740225962104276
2025-06-12 22:48:00,97.5
2025-06-12 00:32:00,51.5
2025-06-12 07:56:00,55.8
2025-06-12 15:59:00,87.6
2025-06-12 22:30:00,33.4
2025-06-12 04:44:00,18.7
2025-06-12 08:40:00,61.2
2025-06-12 10:25:00,45.5
2025-06-12 05:55:00,94.0
2025-06-12 14:00:00,65.6
2025-06-12 03:31:00,78.7
2025-06-12 11:42:00,2.0
2025-06-12 01:38:00,84.5
2025-06-12 16:27:00,37.2
2025-06-12 13:10:00,89.4
2025-06-12 02:59:00,92.3
2025-06-12 19:16:00,43.4
2025-06-12 05:05:00,59.2
2025-06-12 10:43:00,49.740225962104276
2025-06-12 23:58:00,7.7
2025-06-12 09:55:00,76.0
2025-06-12 13:56:00,25.6
2025-06-12 22:10:00,93.7
2025-06-12 04:49:00,93.9
2025-06-12 02:35:00,49.740225962104276
2025-06-12 07:04:00,38.4
2025-06-12 11:12:00,100.0
2025-06-12 11:12:00,82.3
2025-06-12 23:39:00,15.3
2025-06-12 21:19:00,49.740225962104276
2025-06-12 21:54:00,52.8
2025-06-12 18:42:00,15.4
2025-06-12 14:04:00,49.740225962104276
2025-06-12 07:08:00,70.9
2025-06-12 20:07:00,98.7
2025-06-12 18:03:00,49.740225962104276
2025-06-12 23:15:00,41.5
2025-06-12 03:39:00,59.6
2025-06-12 03:41:00,14.5
2025-06-12 16:55:00,41.4
2025-06-12 06:06:00,96.6
2025-06-12 12:32:00,33.8
2025-06-12 19:18:00,49.740225962104276
2025-06-12 10:07:00,85.5
2025-06-12 08:57:00,20.6
2025-06-12 20:07:00,10.3
2025-06-12 20:43:00,15.6
2025-06-12 06:14:00,21.7
2025-06-12 00:14:00,9.7
2025-06-12 17:44:00,32.7
2025-06-12 02:19:00,98.2
2025-06-12 00:01:00,49.740225962104276
2025-06-12 03:56:00,64.8
2025-06-12 23:18:00,34.7
2025-06-12 04:41:00,5.2
2025-06-12 15:06:00,63.4
2025-06-12 15:50:00,84.5
2025-06-12 22:19:00,59.3
2025-06-12 16:35:00,26.8
2025-06-12 03:42:00,5.0
2025-06-12 04:01:00,34.4
2025-06-12 05:43:00,22.8
2025-06-12 15:41:00,13.2
2025-06-12 18:53:00,7.7
2025-06-12 08:14:00,82.0
2025-06-12 14:07:00,79.8
2025-06-12 06:05:00,17.8
2025-06-12 18:03:00,99.8
2025-06-12 15:24:00,26.5
2025-06-12 04:18:00,80.5
2025-06-12 23:51:00,9.5
2025-06-12 14:42:00,49.740225962104276
2025-06-12 15:19:00,49.740225962104276
2025-06-12 03:21:00,25.7
2025-06-12 03:56:00,49.740225962104276
2025-06-12 03:11:00,29.8
2025-06-12 20:37:00,11.0
2025-06-12 06:47:00,42.8
2025-06-12 05:41:00,73.4
2025-06-12 18:35:00,51.7
2025-06-12 21:18:00,3.5
2025-06-12 07:15:00,85.4
2025-06-12 22:49:00,88.2
2025-06-12 08:18:00,49.740225962104276
2025-06-12 07:15:00,47.8
2025-06-12 08:54:00,5.7
2025-06-12 11:08:00,49.740225962104276
2025-06-12 15:07:00,49.740225962104276
2025-06-12 06:21:00,49.740225962104276
2025-06-12 04:37:00,16.3
2025-06-12 09:08:00,70.5
2025-06-12 17:37:00,5.1
2025-06-12 04:20:00,58.3
2025-06-12 10:46:00,36.3
2025-06-12 08:41:00,7.7
2025-06-12 09:04:00,49.740225962104276
2025-06-12 19:41:00,40.9
2025-06-12 07:04:00,25.6
2025-06-12 00:20:00,60.4
2025-06-12 01:48:00,38.9
2025-06-12 00:38:00,49.740225962104276
2025-06-12 23:38:00,65.0
2025-06-12 23:37:00,6.6
2025-06-12 15:18:00,89.8
2025-06-12 07:07:00,95.8
2025-06-12 03:46:00,37.3
2025-06-12 04:44:00,49.740225962104276
2025-06-12 03:25:00,91.5
2025-06-12 06:18:00,49.740225962104276
2025-06-12 18:07:00,38.4
2025-06-12 13:55:00,49.740225962104276
2025-06-12 20:08:00,96.8
2025-06-12 13:36:00,30.8
2025-06-12 09:41:00,64.2
2025-06-12 01:43:00,10.3
2025-06-12 08:26:00,49.740225962104276
2025-06-12 03:40:00,36.5
2025-06-12 08:11:00,76.5
2025-06-12 05:41:00,50.8
2025-06-12 12:51:00,84.6
2025-06-12 23:19:00,62.8
2025-06-12 11:06:00,67.2
2025-06-12 01:28:00,71.4
2025-06-12 03:31:00,84.2
2025-06-12 09:28:00,7.0
2025-06-12 18:19:00,5.5
2025-06-12 14:06:00,26.7
2025-06-12 09:01:00,47.7
2025-06-12 10:59:00,33.9
2025-06-12 13:27:00,49.4
2025-06-12 19:00:00,87.2
2025-06-12 06:59:00,8.4
2025-06-12 07:21:00,93.8
2025-06-12 18:09:00,63.9
2025-06-12 21:45:00,52.2
2025-06-12 22:46:00,5.2
2025-06-12 03:19:00,65.6
2025-06-12 07:46:00,34.0
2025-06-12 09:42:00,22.2
2025-06-12 04:05:00,14.2
2025-06-12 04:12:00,84.1
2025-06-12 14:12:00,49.740225962104276
2025-06-12 04:20:00,79.9
2025-06-12 12:08:00,49.740225962104276
2025-06-12 11:15:00,74.1
2025-06-12 08:13:00,8.1
2025-06-12 02:09:00,78.1
2025-06-12 04:01:00,3.4
2025-06-12 05:40:00,87.5
2025-06-12 19:16:00,65.9
2025-06-12 11:13:00,30.9
2025-06-12 04:06:00,14.5
2025-06-12 12:27:00,91.0
2025-06-12 14:31:00,53.1
2025-06-12 22:01:00,49.740225962104276
2025-06-12 17:42:00,87.0
2025-06-12 04:56:00,16.6
2025-06-12 12:32:00,56.5
2025-06-12 16:21:00,23.9
2025-06-12 23:53:00,23.7
2025-06-12 02:00:00,14.2
2025-06-12 07:09:00,87.5
2025-06-12 08:47:00,73.1
2025-06-12 05:12:00,50.3
2025-06-12 21:55:00,0.1
2025-06-12 08:58:00,49.740225962104276
2025-06-12 17:36:00,10.9
2025-06-12 23:29:00,49.740225962104276
2025-06-12 19:27:00,16.3
2025-06-12 23:55:00,73.7
2025-06-12 12:24:00,18.0
2025-06-12 09:39:00,76.0
2025-06-12 06:14:00,75.7
2025-06-12 17:02:00,48.9
2025-06-12 19:49:00,25.0
2025-06-12 09:35:00,73.4
2025-06-12 00:12:00,28.9
2025-06-12 15:03:00,1.8
2025-06-12 19:12:00,27.8
2025-06-12 00:47:00,89.5
2025-06-12 14:11:00,86.3
2025-06-12 02:10:00,52.6
2025-06-12 21:47:00,75.2
2025-06-12 03:50:00,14.2
2025-06-12 03:08:00,4.7
2025-06-12 10:42:00,50.9
2025-06-12 19:20:00,65.0
2025-06-12 20:41:00,38.1
2025-06-12 13:51:00,19.6
2025-06-12 06:50:00,62.3
2025-06-12 07:41:00,76.2
2025-06-12 00:11:00,11.6
2025-06-12 04:48:00,29.2
2025-06-12 03:54:00,21.6
2025-06-12 20:55:00,94.1
2025-06-12 20:35:00,58.2
2025-06-12 20:53:00,84.5
2025-06-12 13:47:00,39.2
2025-06-12 15:38:00,67.4
2025-06-12 07:02:00,45.3
2025-06-12 07:57:00,49.740225962104276
2025-06-12 08:42:00,74.1
2025-06-12 03:40:00,39.8
2025-06-12 16:49:00,49.740225962104276
2025-06-12 23:24:00,20.7
2025-06-12 03:52:00,77.7
2025-06-12 04:14:00,59.7
2025-06-12 15:22:00,50.18838223164841
2025-06-12 13:59:00,71.6
2025-06-12 15:08:00,37.8
2025-06-12 12:32:00,1.9
2025-06-12 15:02:00,2.5
2025-06-12 20:43:00,51.0
2025-06-12 23:19:00,93.2
2025-06-12 06:54:00,50.18838223164841
2025-06-12 20:10:00,75.5
2025-06-12 12:18:00,98.5
2025-06-12 09:23:00,39.4
2025-06-12 03:59:00,50.18838223164841
2025-06-12 20:16:00,50.18838223164841
2025-06-12 06:00:00,89.1
2025-06-12 00:35:00,79.2
2025-06-12 17:36:00,51.3
2025-06-12 21:51:00,32.4
2025-06-12 03:33:00,65.7
2025-06-12 12:01:00,21.0
2025-06-12 04:07:00,66.3
2025-06-12 18:13:00,80.4
2025-06-12 06:12:00,26.9
2025-06-12 03:52:00,70.8
2025-06-12 20:04:00,10.1
2025-06-12 18:23:00,58.9
2025-06-12 23:34:00,3.5
2025-06-12 09:16:00,70.7
2025-06-12 07:07:00,83.7
2025-06-12 11:16:00,30.8
2025-06-12 15:00:00,27.0
2025-06-12 09:53:00,50.18838223164841
2025-06-12 17:57:00,70.4
2025-06-12 13:00:00,99.9
2025-06-12 08:20:00,93.9
2025-06-12 19:11:00,14.5
2025-06-12 17:30:00,82.9
2025-06-12 23:59:00,72.1
2025-06-12 03:20:00,50.6
2025-06-12 03:33:00,0.5
2025-06-12 16:29:00,69.6
2025-06-12 08:22:00,50.18838223164841
2025-06-12 01:33:00,50.18838223164841
2025-06-12 15:57:00,48.6
2025-06-12 20:28:00,50.18838223164841
2025-06-12 22:38:00,79.7
2025-06-12 15:29:00,57.9
2025-06-12 13:59:00,50.0
2025-06-12 16:28:00,50.18838223164841
2025-06-12 13:27:00,81.3
2025-06-12 21:16:00,50.18838223164841
2025-06-12 13:37:00,83.8
2025-06-12 05:09:00,69.8
2025-06-12 13:45:00,50.18838223164841
2025-06-12 16:30:00,45.3
2025-06-12 20:15:00,63.7
2025-06-12 17:02:00,50.18838223164841
2025-06-12 03:50:00,72.4
2025-06-12 04:01:00,35.5
2025-06-12 18:27:00,13.2
2025-06-12 11:14:00,2.1
2025-06-12 08:07:00,69.3
2025-06-12 16:51:00,14.3
2025-06-12 11:04:00,58.8
2025-06-12 12:51:00,61.0
2025-06-12 11:27:00,11.0
2025-06-12 03:09:00,39.3
2025-06-12 20:55:00,50.18838223164841
2025-06-12 11:03:00,31.7
2025-06-12 21:16:00,20.9
2025-06-12 21:38:00,66.7
2025-06-12 18:27:00,62.2
2025-06-12 02:34:00,91.9
2025-06-12 02:19:00,19.7
2025-06-12 21:48:00,8.2
2025-06-12 12:07:00,50.18838223164841
2025-06-12 14:34:00,15.0
2025-06-12 21:44:00,5.8
2025-06-12 11:48:00,87.6
2025-06-12 10:24:00,42.7
2025-06-12 22:57:00,92.7
2025-06-12 10:07:00,23.4
2025-06-12 03:23:00,50.18838223164841
2025-06-12 16:52:00,22.3
2025-06-12 06:54:00,74.0
2025-06-12 17:19:00,50.18838223164841
2025-06-12 16:41:00,56.3
2025-06-12 15:58:00,87.6
2025-06-12 12:52:00,83.6
2025-06-12 03:28:00,93.3
2025-06-12 15:38:00,97.8
2025-06-12 17:24:00,50.4
2025-06-12 20:09:00,61.7
2025-06-12 09:17:00,59.6
2025-06-12 18:58:00,20.6
2025-06-12 01:06:00,32.7
2025-06-12 21:09:00,91.4
2025-06-12 19:51:00,18.9
2025-06-12 22:52:00,71.0
2025-06-12 08:19:00,76.2
2025-06-12 15:55:00,25.5
2025-06-12 11:10:00,94.2
2025-06-12 02:42:00,42.8
2025-06-12 17:30:00,76.7
2025-06-12 06:05:00,75.5
2025-06-12 07:06:00,99.9
2025-06-12 12:58:00,50.18838223164841
2025-06-12 02:17:00,83.7
2025-06-12 17:03:00,76.3
2025-06-12 17:27:00,1.8
2025-06-12 08:31:00,18.2
2025-06-12 08:28:00,2.1
2025-06-12 06:53:00,50.18838223164841
2025-06-12 20:11:00,21.7
2025-06-12 08:39:00,98.3
2025-06-12 13:51:00,18.5
2025-06-12 15:58:00,44.7
2025-06-12 02:14:00,89.4
2025-06-12 09:46:00,40.2
2025-06-12 12:09:00,39.1
2025-06-12 04:38:00,2.5
2025-06-12 04:13:00,5.2
2025-06-12 01:16:00,29.7
2025-06-12 10:42:00,7.8
2025-06-12 21:32:00,74.6
2025-06-12 00:01:00,65.4
2025-06-12 15:14:00,72.0
2025-06-12 22:42:00,52.5
2025-06-12 10:24:00,0.9
2025-06-12 02:22:00,81.9
2025-06-12 16:23:00,58.7
2025-06-12 16:15:00,50.18838223164841
2025-06-12 15:21:00,50.18838223164841
2025-06-12 15:10:00,50.18838223164841
2025-06-12 09:45:00,50.18838223164841
2025-06-12 12:48:00,21.0
2025-06-12 19:31:00,25.5
2025-06-12 19:33:00,58.9
2025-06-12 18:25:00,32.8
2025-06-12 23:54:00,75.8
2025-06-12 14:12:00,7.8
2025-06-12 17:31:00,50.18838223164841
2025-06-12 19:35:00,77.0
2025-06-12 00:36:00,22.6
2025-06-12 05:50:00,45.6
2025-06-12 18:51:00,3.0
2025-06-12 07:55:00,40.7
2025-06-12 17:11:00,8.9
2025-06-12 04:45:00,88.7
2025-06-12 02:28:00,73.2
2025-06-12 14:01:00,15.8
2025-06-12 22:44:00,93.3
2025-06-12 05:56:00,92.9
2025-06-12 01:02:00,59.3
2025-06-12 17:40:00,78.6
2025-06-12 17:20:00,2.4
2025-06-12 20:41:00,47.4
2025-06-12 00:42:00,50.18838223164841
2025-06-12 08:37:00,24.7
2025-06-12 15:08:00,26.2
2025-06-12 06:44:00,33.8
2025-06-12 11:59:00,56.0
2025-06-12 17:52:00,44.1
2025-06-12 17:28:00,88.8
2025-06-12 13:20:00,5.3
2025-06-12 07:39:00,24.1
2025-06-12 11:27:00,22.2
2025-06-12 08:45:00,31.2
2025-06-12 13:31:00,44.6
2025-06-12 15:58:00,3.7
2025-06-12 19:37:00,73.8
2025-06-12 08:53:00,33.4
2025-06-12 02:45:00,82.6
2025-06-12 21:43:00,24.7
2025-06-12 01:27:00,70.9
2025-06-12 03:36:00,55.8
2025-06-12 06:13:00,50.18838223164841
2025-06-12 18:51:00,81.2
2025-06-12 05:04:00,72.9
2025-06-12 07:21:00,11.6
2025-06-12 02:43:00,10.6
2025-06-12 12:44:00,98.0
2025-06-12 06:31:00,69.1
2025-06-12 08:41:00,94.2
2025-06-12 18:04:00,36.4
2025-06-12 11:48:00,40.1
2025-06-12 03:28:00,92.6
2025-06-12 00:14:00,47.6
2025-06-12 18:51:00,50.18838223164841
2025-06-12 20:40:00,12.6
2025-06-12 18:23:00,63.2
2025-06-12 14:41:00,47.8
2025-06-12 21:59:00,50.18838223164841
2025-06-12 19:25:00,2.0
2025-06-12 03:32:00,87.6
2025-06-12 01:47:00,31.6
2025-06-12 03:41:00,83.9
2025-06-12 13:08:00,22.9
2025-06-12 01:02:00,50.18838223164841
2025-06-12 19:21:00,60.8
2025-06-12 02:04:00,68.2
2025-06-12 07:33:00,16.5
2025-06-12 05:23:00,51.3
2025-06-12 04:04:00,75.3
2025-06-12 12:25:00,10.2
2025-06-12 20:24:00,50.18838223164841
2025-06-12 12:39:00,5.9
2025-06-12 15:38:00,92.2
2025-06-12 17:20:00,19.2
2025-06-12 22:18:00,50.18838223164841
2025-06-12 06:32:00,50.18838223164841
2025-06-12 12:00:00,21.7
2025-06-12 10:22:00,67.7
2025-06-12 11:57:00,89.4
2025-06-12 03:24:00,2.1
2025-06-12 06:53:00,50.18838223164841
2025-06-12 08:31:00,2.4
2025-06-12 13:21:00,23.7
2025-06-12 23:11:00,53.0
2025-06-12 20:41:00,62.1
2025-06-12 19:33:00,58.7
2025-06-12 08:55:00,76.3
2025-06-12 14:04:00,12.3
2025-06-12 08:25:00,7.3
2025-06-12 10:34:00,50.18838223164841
2025-06-12 11:44:00,32.4
2025-06-12 21:00:00,60.9
2025-06-12 07:07:00,50.18838223164841
2025-06-12 12:44:00,96.8
2025-06-12 22:08:00,73.3
2025-06-12 08:37:00,82.4
2025-06-12 21:59:00,19.4
2025-06-12 01:40:00,50.18838223164841
2025-06-12 15:18:00,83.5
2025-06-12 02:55:00,50.18838223164841
2025-06-12 14:52:00,50.18838223164841
2025-06-12 02:53:00,50.18838223164841
2025-06-12 07:50:00,41.8
2025-06-12 20:31:00,71.7
2025-06-12 01:22:00,50.18838223164841
2025-06-12 18:09:00,79.7
2025-06-12 00:08:00,35.0
2025-06-12 05:28:00,50.18838223164841
2025-06-12 16:28:00,15.7
2025-06-12 10:03:00,50.18838223164841
2025-06-12 19:38:00,58.8
2025-06-12 14:56:00,80.8
2025-06-12 15:03:00,11.4
2025-06-12 13:37:00,50.18838223164841
2025-06-12 18:01:00,50.18838223164841
2025-06-12 01:27:00,11.1
2025-06-12 12:27:00,50.18838223164841
2025-06-12 05:28:00,77.0
2025-06-12 12:10:00,35.7
2025-06-12 09:20:00,50.18838223164841
2025-06-12 04:10:00,93.1
2025-06-12 22:14:00,11.1
2025-06-12 22:21:00,43.1
2025-06-12 01:23:00,34.7
2025-06-12 08:36:00,77.8
2025-06-12 10:57:00,51.9
2025-06-12 17:02:00,79.9
2025-06-12 05:46:00,50.18838223164841
2025-06-12 00:32:00,79.8
2025-06-12 04:40:00,27.1
2025-06-12 17:06:00,69.3
2025-06-12 07:49:00,50.18838223164841
2025-06-12 20:54:00,65.1
2025-06-12 13:27:00,91.8
2025-06-12 20:46:00,85.8
2025-06-12 20:44:00,50.18838223164841
2025-06-12 20:02:00,6.4
2025-06-12 16:59:00,47.2
2025-06-12 05:41:00,76.4
2025-06-12 20:12:00,90.0
2025-06-12 17:04:00,75.8
2025-06-12 09:13:00,43.9
2025-06-12 16:06:00,73.6
2025-06-12 12:13:00,27.8
2025-06-12 13:47:00,27.1
2025-06-12 22:53:00,53.2
2025-06-12 10:56:00,28.1
2025-06-12 12:43:00,66.9
2025-06-12 21:08:00,78.0
2025-06-12 04:00:00,50.18838223164841
2025-06-12 16:07:00,50.18838223164841
2025-06-12 04:23:00,62.0
2025-06-12 15:59:00,54.8
2025-06-12 07:05:00,77.2
2025-06-12 07:05:00,92.2
2025-06-12 13:11:00,18.8
2025-06-12 03:13:00,41.8
2025-06-12 06:31:00,28.2
2025-06-12 14:21:00,92.3
2025-06-12 13:32:00,8.2
2025-06-12 21:23:00,88.0
2025-06-12 22:18:00,83.3
2025-06-12 08:43:00,50.18838223164841
2025-06-12 13:06:00,76.3
2025-06-12 08:26:00,50.18838223164841
2025-06-12 11:07:00,29.4
2025-06-12 23:06:00,85.4
2025-06-12 00:33:00,66.8
2025-06-12 07:02:00,50.18838223164841
2025-06-12 18:28:00,37.1
2025-06-12 00:40:00,8.7
2025-06-12 13:05:00,45.7
2025-06-12 08:17:00,97.0
2025-06-12 23:41:00,53.9
2025-06-12 03:45:00,65.9
2025-06-12 15:34:00,31.6
2025-06-12 10:39:00,79.6
2025-06-12 18:30:00,23.7
2025-06-12 12:45:00,99.2
2025-06-12 00:49:00,14.6
2025-06-12 01:26:00,63.5
2025-06-12 20:13:00,41.5
2025-06-12 08:32:00,91.5
2025-06-12 19:11:00,5.5
2025-06-12 23:13:00,99.8
2025-06-12 05:39:00,50.18838223164841
2025-06-12 11:04:00,22.6
2025-06-12 16:18:00,85.7
2025-06-12 12:31:00,19.7
2025-06-12 01:02:00,26.7
2025-06-12 04:12:00,89.7
2025-06-12 09:48:00,34.3
2025-06-12 15:41:00,63.0
2025-06-12 12:45:00,93.6
2025-06-12 09:24:00,34.2
2025-06-12 21:51:00,31.4
2025-06-12 06:36:00,19.9
2025-06-12 17:00:00,49.927249175694776
2025-06-12 19:05:00,92.3
2025-06-12 22:27:00,49.927249175694776
2025-06-12 18:35:00,13.2
2025-06-12 13:08:00,72.3
2025-06-12 20:29:00,96.4
2025-06-12 12:31:00,90.6
2025-06-12 11:09:00,93.6
2025-06-12 22:58:00,54.2
2025-06-12 12:23:00,51.4
2025-06-12 23:52:00,20.7
2025-06-12 11:04:00,68.2
2025-06-12 20:17:00,52.0
2025-06-12 09:04:00,55.3
2025-06-12 15:36:00,51.4
2025-06-12 06:58:00,89.1
2025-06-12 16:01:00,93.7
2025-06-12 16:19:00,23.9
2025-06-12 02:42:00,68.4
2025-06-12 18:30:00,76.9
2025-06-12 08:37:00,51.7
2025-06-12 21:54:00,80.3
2025-06-12 11:01:00,49.927249175694776
2025-06-12 06:06:00,96.8
2025-06-12 23:25:00,28.1
2025-06-12 18:09:00,93.3
2025-06-12 12:19:00,82.3
2025-06-12 02:51:00,8.0
2025-06-12 04:47:00,49.927249175694776
2025-06-12 06:50:00,54.3
2025-06-12 03:32:00,22.1
2025-06-12 07:46:00,23.0
2025-06-12 01:36:00,16.5
2025-06-12 15:53:00,26.7
2025-06-12 13:49:00,49.927249175694776
2025-06-12 23:43:00,35.6
2025-06-12 19:44:00,64.5
2025-06-12 23:33:00,86.5
2025-06-12 22:21:00,49.927249175694776
2025-06-12 02:09:00,49.927249175694776
2025-06-12 12:05:00,64.0
2025-06-12 18:49:00,99.8
2025-06-12 17:05:00,40.8
2025-06-12 18:16:00,95.4
2025-06-12 12:47:00,49.927249175694776
2025-06-12 16:47:00,49.4
2025-06-12 20:48:00,44.4
2025-06-12 20:21:00,13.7
2025-06-12 18:43:00,80.2
2025-06-12 19:27:00,78.7
2025-06-12 02:17:00,71.3
2025-06-12 14:29:00,8.3
2025-06-12 17:57:00,92.7
2025-06-12 03:15:00,7.8
2025-06-12 22:48:00,49.927249175694776
2025-06-12 19:51:00,8.2
2025-06-12 09:58:00,34.9
2025-06-12 01:18:00,44.5
2025-06-12 18:06:00,7.7
2025-06-12 14:35:00,49.927249175694776
2025-06-12 09:20:00,12.6
2025-06-12 06:07:00,92.0
2025-06-12 10:12:00,93.5
2025-06-12 23:03:00,81.9
2025-06-12 16:12:00,23.2
2025-06-12 00:14:00,90.9
2025-06-12 18:41:00,49.927249175694776
2025-06-12 03:04:00,79.6
2025-06-12 15:43:00,35.9
2025-06-12 06:09:00,22.7
2025-06-12 11:06:00,47.1
2025-06-12 00:04:00,31.7
2025-06-12 01:42:00,41.3
2025-06-12 20:06:00,39.7
2025-06-12 04:12:00,49.927249175694776
2025-06-12 04:21:00,94.6
2025-06-12 15:32:00,6.7
2025-06-12 05:58:00,40.1
2025-06-12 16:16:00,20.6
2025-06-12 15:40:00,94.0
2025-06-12 04:18:00,41.2
2025-06-12 07:06:00,90.3
2025-06-12 17:37:00,77.5
2025-06-12 01:49:00,66.5
2025-06-12 12:11:00,59.4
2025-06-12 21:17:00,50.4
2025-06-12 11:53:00,66.4
2025-06-12 02:38:00,81.7
2025-06-12 00:26:00,80.8
2025-06-12 02:30:00,49.927249175694776
2025-06-12 03:08:00,49.927249175694776
2025-06-12 07:47:00,43.2
2025-06-12 22:16:00,18.9
2025-06-12 15:27:00,48.8
2025-06-12 07:20:00,97.3
2025-06-12 01:03:00,2.7
2025-06-12 03:17:00,98.5
2025-06-12 21:09:00,27.2
2025-06-12 18:30:00,60.5
2025-06-12 16:06:00,3.6
2025-06-12 07:08:00,35.0
2025-06-12 08:38:00,67.4
2025-06-12 07:12:00,82.1
2025-06-12 17:42:00,41.9
2025-06-12 14:06:00,49.927249175694776
2025-06-12 03:54:00,34.6
2025-06-12 07:06:00,69.3
2025-06-12 16:17:00,82.4
2025-06-12 04:29:00,47.6
2025-06-12 07:47:00,20.2
2025-06-12 17:51:00,0.3
2025-06-12 16:07:00,49.927249175694776
2025-06-12 17:19:00,72.2
2025-06-12 17:00:00,31.7
2025-06-12 06:26:00,40.7
2025-06-12 20:33:00,8.0
2025-06-12 17:19:00,4.9
2025-06-12 03:47:00,32.7
2025-06-12 16:47:00,4.5
2025-06-12 14:54:00,61.0
2025-06-12 16:40:00,49.927249175694776
2025-06-12 11:07:00,78.5
2025-06-12 23:40:00,29.0
2025-06-12 21:49:00,77.5
2025-06-12 01:44:00,38.6
2025-06-12 11:00:00,95.5
2025-06-12 16:02:00,11.0
2025-06-12 09:48:00,49.927249175694776
2025-06-12 13:55:00,43.6
2025-06-12 11:55:00,89.7
2025-06-12 12:52:00,49.927249175694776
2025-06-12 14:06:00,76.2
2025-06-12 22:41:00,93.3
2025-06-12 10:10:00,46.0
2025-06-12 08:25:00,49.927249175694776
2025-06-12 22:35:00,45.0
2025-06-12 10:34:00,85.7
2025-06-12 02:41:00,78.4
2025-06-12 02:57:00,92.0
2025-06-12 13:08:00,49.927249175694776
2025-06-12 20:04:00,82.7
2025-06-12 11:45:00,55.9
2025-06-12 06:02:00,61.5
2025-06-12 22:01:00,49.927249175694776
2025-06-12 23:40:00,41.0
2025-06-12 20:13:00,60.0
2025-06-12 22:15:00,64.6
2025-06-12 00:09:00,17.6
2025-06-12 16:19:00,7.3
2025-06-12 01:42:00,67.6
2025-06-12 20:39:00,39.5
2025-06-12 02:29:00,53.6
2025-06-12 00:01:00,49.927249175694776
2025-06-12 15:14:00,88.0
2025-06-12 15:00:00,36.2
2025-06-12 20:11:00,98.3
2025-06-12 08:14:00,9.6
2025-06-12 08:20:00,54.6
2025-06-12 12:19:00,49.927249175694776
2025-06-12 18:47:00,37.4
2025-06-12 09:03:00,96.0
2025-06-12 02:13:00,49.927249175694776
2025-06-12 03:29:00,8.0
2025-06-12 07:31:00,36.3
2025-06-12 02:33:00,49.927249175694776
2025-06-12 07:14:00,33.9
2025-06-12 02:24:00,73.2
2025-06-12 10:08:00,62.7
2025-06-12 15:02:00,97.6
2025-06-12 13:58:00,74.0
2025-06-12 16:27:00,73.7
2025-06-12 03:02:00,1.5
2025-06-12 10:21:00,25.4
2025-06-12 22:44:00,43.5
2025-06-12 22:38:00,25.3
2025-06-12 00:37:00,78.4
2025-06-12 17:23:00,45.6
2025-06-12 13:45:00,2.2
2025-06-12 07:32:00,58.0
2025-06-12 03:15:00,0.7
2025-06-12 20:07:00,28.2
2025-06-12 01:13:00,16.8
2025-06-12 11:45:00,49.927249175694776
2025-06-12 12:34:00,89.3
2025-06-12 03:45:00,49.927249175694776
2025-06-12 15:13:00,49.927249175694776
2025-06-12 20:40:00,6.4
2025-06-12 02:50:00,32.2
2025-06-12 04:55:00,53.9
2025-06-12 06:44:00,16.9
2025-06-12 14:53:00,58.3
2025-06-12 15:44:00,49.927249175694776
2025-06-12 10:12:00,38.3
2025-06-12 06:15:00,6.6
2025-06-12 01:34:00,40.8
2025-06-12 23:22:00,49.927249175694776
2025-06-12 18:30:00,49.927249175694776
2025-06-12 07:12:00,70.3
2025-06-12 17:10:00,25.7
2025-06-12 00:37:00,10.0
2025-06-12 12:42:00,75.8
2025-06-12 11:34:00,97.0
2025-06-12 06:22:00,46.5
2025-06-12 09:33:00,45.9
2025-06-12 09:34:00,48.5
2025-06-12 08:30:00,44.2
2025-06-12 09:30:00,10.0
2025-06-12 05:48:00,37.4
2025-06-12 00:09:00,9.2
2025-06-12 14:47:00,42.6
2025-06-12 22:10:00,19.7
2025-06-12 17:18:00,84.9
2025-06-12 09:40:00,23.8
2025-06-12 00:32:00,15.1
2025-06-12 23:20:00,66.3
2025-06-12 12:43:00,11.8
2025-06-12 17:19:00,30.0
2025-06-12 11:47:00,33.1
2025-06-12 19:34:00,22.4
2025-06-12 02:17:00,72.3
2025-06-12 21:52:00,49.927249175694776
2025-06-12 10:33:00,18.7
2025-06-12 15:32:00,22.6
2025-06-12 05:34:00,25.6
2025-06-12 11:59:00,3.0
2025-06-12 15:24:00,88.3
2025-06-12 10:07:00,49.8
2025-06-12 06:43:00,12.1
2025-06-12 00:49:00,19.2
2025-06-12 02:00:00,37.0
2025-06-12 09:55:00,20.8
2025-06-12 20:47:00,67.1
2025-06-12 02:55:00,98.5
2025-06-12 10:01:00,73.5
2025-06-12 03:23:00,8.3
2025-06-12 20:13:00,33.6
2025-06-12 01:54:00,60.7
2025-06-12 17:40:00,32.9
2025-06-12 20:26:00,4.7
2025-06-12 05:17:00,24.6
2025-06-12 06:53:00,94.8
2025-06-12 11:57:00,94.8
2025-06-12 15:38:00,7.9
2025-06-12 08:52:00,81.7
2025-06-12 06:55:00,49.927249175694776
2025-06-12 16:59:00,41.1
2025-06-12 16:44:00,17.9
2025-06-12 00:00:00,0.1
2025-06-12 06:41:00,86.0
2025-06-12 02:26:00,66.2
2025-06-12 09:40:00,49.927249175694776
2025-06-12 00:01:00,87.7
2025-06-12 05:33:00,73.1
2025-06-12 10:04:00,33.6
2025-06-12 02:29:00,47.4
2025-06-12 23:19:00,47.0
2025-06-12 08:18:00,52.3
2025-06-12 11:35:00,97.1
2025-06-12 22:50:00,4.0
2025-06-12 14:24:00,2.7
2025-06-12 13:40:00,70.5
2025-06-12 23:11:00,31.8
2025-06-12 07:47:00,91.0
2025-06-12 05:57:00,63.6
2025-06-12 15:48:00,26.5
2025-06-12 10:59:00,60.3
2025-06-12 00:33:00,55.8
2025-06-12 16:37:00,32.7
2025-06-12 20:50:00,65.0
2025-06-12 22:15:00,89.2
2025-06-12 15:18:00,49.7
2025-06-12 14:20:00,6.7
2025-06-12 05:18:00,69.0
2025-06-12 17:04:00,19.7
2025-06-12 02:42:00,49.927249175694776
2025-06-12 09:48:00,41.5
2025-06-12 16:40:00,4.2
2025-06-12 04:38:00,44.8
2025-06-12 19:55:00,87.6
2025-06-12 03:46:00,30.0
2025-06-12 13:52:00,94.0
2025-06-12 04:30:00,55.3
2025-06-12 00:18:00,73.1
2025-06-12 05:37:00,31.4
2025-06-12 10:44:00,1.3
2025-06-12 09:53:00,49.927249175694776
2025-06-12 03:48:00,49.927249175694776
2025-06-12 04:04:00,15.4
2025-06-12 12:48:00,3.1
2025-06-12 10:15:00,65.7
2025-06-12 16:11:00,16.3
2025-06-12 13:58:00,2.5
2025-06-12 03:36:00,49.927249175694776
2025-06-12 12:01:00,20.7
2025-06-12 15:50:00,5.7
2025-06-12 17:03:00,22.8
2025-06-12 08:15:00,93.3
2025-06-12 20:23:00,17.2
2025-06-12 19:34:00,40.9
2025-06-12 04:29:00,70.3
2025-06-12 07:51:00,2.8
2025-06-12 22:24:00,12.8
2025-06-12 12:45:00,24.0
2025-06-12 20:23:00,19.7
2025-06-12 18:21:00,9.0
2025-06-12 01:50:00,33.6
2025-06-12 21:10:00,39.9
2025-06-12 17:23:00,77.1
2025-06-12 22:22:00,49.927249175694776
2025-06-12 08:32:00,54.9
2025-06-12 17:12:00,87.3
2025-06-12 14:14:00,30.9
2025-06-12 09:14:00,33.8
2025-06-12 21:45:00,14.8
2025-06-12 08:18:00,52.5
2025-06-12 10:53:00,64.4
2025-06-12 12:01:00,49.72265128325876
2025-06-12 21:06:00,49.72265128325876
2025-06-12 22:32:00,84.0
2025-06-12 15:10:00,0.3
2025-06-12 14:41:00,63.2
2025-06-12 20:34:00,94.3
2025-06-12 10:18:00,62.4
2025-06-12 14:27:00,87.7
2025-06-12 10:52:00,25.6
2025-06-12 20:47:00,9.9
2025-06-12 19:24:00,71.4
2025-06-12 17:37:00,39.5
2025-06-12 17:32:00,49.72265128325876
2025-06-12 17:33:00,98.7
2025-06-12 07:47:00,60.3
2025-06-12 01:32:00,6.8
2025-06-12 18:21:00,2.3
2025-06-12 09:39:00,46.7
2025-06-12 05:06:00,80.3
2025-06-12 12:32:00,49.72265128325876
2025-06-12 09:52:00,13.7
2025-06-12 02:44:00,84.1
2025-06-12 00:21:00,64.1
2025-06-12 00:16:00,49.72265128325876
2025-06-12 06:28:00,49.2
2025-06-12 18:17:00,67.6
2025-06-12 08:16:00,38.4
2025-06-12 00:28:00,57.5
2025-06-12 16:49:00,44.6
2025-06-12 18:46:00,94.2
2025-06-12 22:36:00,49.72265128325876
2025-06-12 12:33:00,76.4
2025-06-12 20:55:00,51.6
2025-06-12 23:18:00,90.6
2025-06-12 15:23:00,74.5
2025-06-12 06:41:00,3.5
2025-06-12 18:39:00,72.3
2025-06-12 22:33:00,49.72265128325876
2025-06-12 14:13:00,0.1
2025-06-12 15:37:00,49.72265128325876
2025-06-12 06:05:00,89.5
2025-06-12 01:22:00,58.7
2025-06-12 02:09:00,85.1
2025-06-12 07:55:00,74.8
2025-06-12 07:45:00,92.4
2025-06-12 03:06:00,0.9
2025-06-12 16:31:00,97.3
2025-06-12 13:08:00,86.3
2025-06-12 10:48:00,80.7
2025-06-12 18:38:00,13.3
2025-06-12 00:27:00,49.72265128325876
2025-06-12 20:36:00,39.7
2025-06-12 17:02:00,45.6
2025-06-12 15:47:00,21.4
2025-06-12 23:50:00,69.5
2025-06-12 11:51:00,6.0
2025-06-12 11:04:00,30.0
2025-06-12 02:13:00,69.0
2025-06-12 05:14:00,40.2
2025-06-12 09:39:00,88.0
2025-06-12 05:04:00,73.6
2025-06-12 17:32:00,8.2
2025-06-12 10:34:00,90.8
2025-06-12 22:12:00,39.9
2025-06-12 15:57:00,49.72265128325876
2025-06-12 14:55:00,82.5
2025-06-12 16:22:00,20.7
2025-06-12 22:48:00,29.8
2025-06-12 05:04:00,79.0
2025-06-12 21:31:00,49.72265128325876
2025-06-12 04:04:00,31.6
2025-06-12 01:44:00,0.6
2025-06-12 09:19:00,10.0
2025-06-12 07:53:00,0.3
2025-06-12 09:02:00,62.5
2025-06-12 22:52:00,17.0
2025-06-12 05:34:00,50.2
2025-06-12 03:23:00,4.7
2025-06-12 11:02:00,77.3
2025-06-12 20:56:00,49.72265128325876
2025-06-12 04:23:00,49.72265128325876
2025-06-12 18:39:00,26.0
2025-06-12 04:10:00,11.4
2025-06-12 04:11:00,85.6
2025-06-12 09:43:00,62.8
2025-06-12 08:44:00,49.72265128325876
2025-06-12 01:51:00,49.72265128325876
2025-06-12 00:45:00,16.7
2025-06-12 01:35:00,15.7
2025-06-12 03:37:00,90.7
2025-06-12 18:58:00,30.7
2025-06-12 11:55:00,28.9
2025-06-12 02:04:00,49.72265128325876
2025-06-12 07:47:00,80.4
2025-06-12 12:17:00,79.1
2025-06-12 20:16:00,14.7
2025-06-12 10:38:00,45.4
2025-06-12 00:10:00,70.7
2025-06-12 14:49:00,86.5
2025-06-12 05:19:00,65.9
2025-06-12 17:00:00,49.0
2025-06-12 19:09:00,71.0
2025-06-12 15:57:00,49.72265128325876
2025-06-12 13:39:00,62.8
2025-06-12 22:05:00,31.7
2025-06-12 17:30:00,49.72265128325876
2025-06-12 02:22:00,74.5
2025-06-12 01:05:00,85.1
2025-06-12 05:14:00,49.72265128325876
2025-06-12 15:03:00,73.8
2025-06-12 12:58:00,49.72265128325876
2025-06-12 21:02:00,60.0
2025-06-12 07:53:00,49.72265128325876
2025-06-12 14:25:00,0.6
2025-06-12 13:00:00,63.3
2025-06-12 17:17:00,67.9
2025-06-12 01:03:00,42.4
2025-06-12 04:13:00,49.72265128325876
2025-06-12 21:32:00,50.0
2025-06-12 00:27:00,99.8
2025-06-12 06:24:00,43.0
2025-06-12 08:53:00,27.5
2025-06-12 10:33:00,52.5
2025-06-12 12:38:00,35.2
2025-06-12 02:51:00,22.7
2025-06-12 03:31:00,62.7
2025-06-12 17:58:00,46.9
2025-06-12 15:59:00,29.5
2025-06-12 09:15:00,94.6
2025-06-12 06:31:00,76.3
2025-06-12 11:29:00,71.5
2025-06-12 20:25:00,49.72265128325876
2025-06-12 19:49:00,1.6
2025-06-12 00:06:00,0.1
2025-06-12 15:19:00,93.4
2025-06-12 18:10:00,30.9
2025-06-12 14:42:00,57.1
2025-06-12 17:52:00,69.7
2025-06-12 11:43:00,37.1
2025-06-12 13:40:00,16.8
2025-06-12 08:57:00,49.72265128325876
2025-06-12 19:38:00,32.1
2025-06-12 21:43:00,41.3
2025-06-12 13:31:00,53.3
2025-06-12 05:16:00,68.1
2025-06-12 00:30:00,59.7
2025-06-12 03:18:00,48.2
2025-06-12 13:09:00,76.6
2025-06-12 11:14:00,71.6
2025-06-12 05:15:00,0.9
2025-06-12 23:57:00,38.8
2025-06-12 09:25:00,24.0
2025-06-12 03:08:00,36.6
2025-06-12 00:23:00,63.1
2025-06-12 19:53:00,81.2
2025-06-12 04:02:00,76.3
2025-06-12 17:52:00,4.6
2025-06-12 02:31:00,47.1
2025-06-12 06:04:00,73.2
2025-06-12 00:27:00,75.7
2025-06-12 00:38:00,95.4
2025-06-12 10:59:00,85.7
2025-06-12 10:22:00,77.9
2025-06-12 00:55:00,62.9
2025-06-12 12:17:00,7.9
2025-06-12 06:51:00,99.3
2025-06-12 14:05:00,39.0
2025-06-12 23:20:00,0.7
2025-06-12 05:36:00,5.1
2025-06-12 02:30:00,12.9
2025-06-12 02:13:00,67.1
2025-06-12 21:53:00,12.1
2025-06-12 23:27:00,85.1
2025-06-12 08:49:00,30.8
2025-06-12 09:41:00,99.5
2025-06-12 16:04:00,22.0
2025-06-12 14:52:00,14.3
2025-06-12 11:18:00,49.1
2025-06-12 05:00:00,61.8
2025-06-12 05:52:00,92.3
2025-06-12 05:44:00,84.6
2025-06-12 10:19:00,89.1
2025-06-12 10:56:00,1.1
2025-06-12 03:11:00,58.6
2025-06-12 01:54:00,48.0
2025-06-12 13:09:00,46.6
2025-06-12 13:52:00,73.4
2025-06-12 20:03:00,1.1
2025-06-12 16:16:00,49.72265128325876
2025-06-12 10:43:00,10.2
2025-06-12 11:00:00,60.9
2025-06-12 17:33:00,46.3
2025-06-12 00:32:00,95.9
2025-06-12 14:51:00,56.6
2025-06-12 19:15:00,62.4
2025-06-12 22:11:00,8.1
2025-06-12 17:43:00,66.4
2025-06-12 20:43:00,0.8
2025-06-12 05:27:00,37.1
2025-06-12 18:36:00,25.3
2025-06-12 04:32:00,0.4
2025-06-12 19:06:00,70.5
2025-06-12 17:10:00,43.3
2025-06-12 14:02:00,54.1
2025-06-12 20:14:00,77.0
2025-06-12 13:39:00,29.3
2025-06-12 11:16:00,49.72265128325876
2025-06-12 13:08:00,44.1
2025-06-12 15:12:00,47.8
2025-06-12 11:27:00,34.8
2025-06-12 01:41:00,47.7
2025-06-12 23:12:00,20.6
2025-06-12 13:10:00,30.3
2025-06-12 15:40:00,13.2
2025-06-12 13:53:00,85.2
2025-06-12 13:25:00,49.72265128325876
2025-06-12 22:57:00,90.3
2025-06-12 19:35:00,18.7
2025-06-12 01:44:00,83.7
2025-06-12 01:38:00,25.8
2025-06-12 04:20:00,88.0
2025-06-12 13:53:00,99.5
2025-06-12 03:30:00,69.6
2025-06-12 06:45:00,61.6
2025-06-12 13:59:00,89.2
2025-06-12 05:50:00,16.9
2025-06-12 08:17:00,27.6
2025-06-12 20:47:00,36.1
2025-06-12 11:51:00,87.5
2025-06-12 12:30:00,58.0
2025-06-12 12:07:00,6.3
2025-06-12 17:24:00,49.72265128325876
2025-06-12 22:12:00,59.9
2025-06-12 23:57:00,9.2
2025-06-12 08:13:00,49.72265128325876
2025-06-12 18:31:00,27.7
2025-06-12 12:08:00,36.6
2025-06-12 07:05:00,65.3
2025-06-12 16:32:00,68.8
2025-06-12 06:18:00,91.0
2025-06-12 12:27:00,62.4
2025-06-12 00:18:00,63.2
2025-06-12 22:18:00,32.1
2025-06-12 19:35:00,80.3
2025-06-12 20:24:00,66.4
2025-06-12 17:55:00,83.1
2025-06-12 19:00:00,3.2
2025-06-12 21:13:00,89.2
2025-06-12 01:04:00,31.6
2025-06-12 05:22:00,21.0
2025-06-12 10:33:00,56.8
2025-06-12 06:46:00,53.8
2025-06-12 19:11:00,72.3
2025-06-12 12:26:00,9.5
2025-06-12 04:19:00,96.7
2025-06-12 20:06:00,63.0
2025-06-12 06:40:00,49.72265128325876
2025-06-12 05:00:00,70.3
2025-06-12 04:56:00,33.7
2025-06-12 20:50:00,58.0
2025-06-12 16:07:00,15.0
2025-06-12 23:55:00,56.0
2025-06-12 02:43:00,50.9
2025-06-12 12:10:00,49.72265128325876
2025-06-12 21:29:00,25.4
2025-06-12 23:10:00,14.5
2025-06-12 12:04:00,81.0
2025-06-12 10:07:00,25.5
2025-06-12 08:26:00,49.72265128325876
2025-06-12 19:26:00,67.1
2025-06-12 18:35:00,49.72265128325876
2025-06-12 07:32:00,48.5
2025-06-12 18:34:00,10.3
2025-06-12 23:48:00,49.72265128325876
2025-06-12 07:19:00,90.4
2025-06-12 09:03:00,70.9
2025-06-12 23:28:00,95.4
2025-06-12 15:47:00,76.7
2025-06-12 05:02:00,2.2
2025-06-12 00:34:00,7.5
2025-06-12 23:29:00,57.7
2025-06-12 19:42:00,50.6
2025-06-12 12:38:00,67.0
2025-06-12 08:51:00,53.1
2025-06-12 12:39:00,10.3
2025-06-12 03:45:00,65.6
2025-06-12 00:45:00,30.3
2025-06-12 01:23:00,72.5
2025-06-12 04:42:00,47.1
2025-06-12 00:42:00,51.3
2025-06-12 09:17:00,4.3
2025-06-12 16:18:00,49.72265128325876
2025-06-12 05:34:00,98.9
2025-06-12 11:21:00,49.72265128325876
2025-06-12 03:57:00,96.7
2025-06-12 09:06:00,76.9
2025-06-12 18:50:00,91.9
2025-06-12 01:55:00,80.5
2025-06-12 03:06:00,84.1
2025-06-12 19:14:00,68.6
2025-06-12 11:25:00,49.2
2025-06-12 03:53:00,24.5
2025-06-12 03:52:00,49.72265128325876
2025-06-12 20:55:00,4.4
2025-06-12 09:42:00,88.3
2025-06-12 14:25:00,49.72265128325876
2025-06-12 10:45:00,38.0
2025-06-12 13:00:00,61.1
2025-06-12 06:50:00,37.9
2025-06-12 10:09:00,78.8
2025-06-12 20:50:00,67.0
2025-06-12 16:29:00,47.8
2025-06-12 23:00:00,49.72265128325876
2025-06-12 15:25:00,49.72265128325876
2025-06-12 09:26:00,96.2
2025-06-12 22:30:00,65.7
2025-06-12 03:26:00,49.72265128325876
2025-06-12 06:46:00,70.2
2025-06-12 03:09:00,14.4
2025-06-12 19:00:00,85.6
2025-06-12 12:18:00,49.72265128325876
2025-06-12 16:16:00,7.4
2025-06-12 00:02:00,70.8
2025-06-12 09:49:00,51.3
2025-06-12 13:54:00,90.7
2025-06-12 18:40:00,26.7
2025-06-12 14:25:00,61.4
2025-06-12 02:37:00,7.5
2025-06-12 07:12:00,75.3
2025-06-12 16:08:00,21.6
2025-06-12 20:02:00,49.72265128325876
2025-06-12 23:02:00,33.2
2025-06-12 00:42:00,83.2
2025-06-12 16:58:00,62.0
2025-06-12 20:09:00,98.8
2025-06-12 15:30:00,27.2
2025-06-12 06:09:00,49.72265128325876
2025-06-12 09:20:00,59.0
2025-06-12 18:13:00,17.8
2025-06-12 18:22:00,22.6
2025-06-12 03:43:00,55.5
2025-06-12 03:23:00,96.3
2025-06-12 01:02:00,37.1
2025-06-12 15:05:00,50.25777465777466
2025-06-12 04:40:00,50.25777465777466
2025-06-12 08:07:00,39.7
2025-06-12 00:40:00,4.0
2025-06-12 23:17:00,57.3
2025-06-12 04:07:00,67.2
2025-06-12 12:47:00,80.5
2025-06-12 04:46:00,50.25777465777466
2025-06-12 14:12:00,50.25777465777466
2025-06-12 08:31:00,58.6
2025-06-12 04:12:00,27.8
2025-06-12 05:03:00,10.4
2025-06-12 10:39:00,33.6
2025-06-12 18:13:00,50.25777465777466
2025-06-12 03:13:00,83.6
2025-06-12 19:45:00,45.3
2025-06-12 20:07:00,97.1
2025-06-12 17:42:00,97.8
2025-06-12 17:35:00,77.1
2025-06-12 10:56:00,40.4
2025-06-12 05:37:00,16.5
2025-06-12 14:06:00,3.4
2025-06-12 10:17:00,44.9
2025-06-12 15:04:00,89.3
2025-06-12 23:26:00,51.5
2025-06-12 13:35:00,45.6
2025-06-12 18:51:00,10.3
2025-06-12 19:33:00,53.7
2025-06-12 17:41:00,64.0
2025-06-12 06:35:00,50.25777465777466
2025-06-12 09:38:00,77.3
2025-06-12 13:05:00,37.4
2025-06-12 05:42:00,75.7
2025-06-12 06:09:00,56.1
2025-06-12 14:52:00,90.3
2025-06-12 18:57:00,48.4
2025-06-12 13:21:00,82.8
2025-06-12 23:54:00,73.0
2025-06-12 22:31:00,92.9
2025-06-12 12:44:00,50.25777465777466
2025-06-12 12:33:00,44.8
2025-06-12 20:11:00,13.9
2025-06-12 17:09:00,36.6
2025-06-12 06:12:00,33.9
2025-06-12 08:42:00,50.25777465777466
2025-06-12 05:50:00,64.3
2025-06-12 08:01:00,93.1
2025-06-12 22:26:00,46.7
2025-06-12 02:37:00,54.9
2025-06-12 01:24:00,10.4
2025-06-12 08:15:00,41.6
2025-06-12 18:32:00,50.25777465777466
2025-06-12 17:30:00,29.7
2025-06-12 00:48:00,98.9
2025-06-12 14:40:00,60.6
2025-06-12 07:19:00,66.5
2025-06-12 21:39:00,89.4
2025-06-12 21:20:00,20.4
2025-06-12 09:15:00,50.25777465777466
2025-06-12 08:10:00,50.25777465777466
2025-06-12 22:04:00,18.7
2025-06-12 20:43:00,50.25777465777466
2025-06-12 12:03:00,16.9
2025-06-12 02:37:00,79.0
2025-06-12 23:03:00,50.25777465777466
2025-06-12 01:31:00,0.7
2025-06-12 15:01:00,30.3
2025-06-12 16:36:00,38.3
2025-06-12 11:14:00,39.7
2025-06-12 13:01:00,44.7
2025-06-12 08:33:00,35.6
2025-06-12 05:52:00,38.0
2025-06-12 00:19:00,50.25777465777466
2025-06-12 02:47:00,77.2
2025-06-12 18:43:00,39.1
2025-06-12 23:48:00,9.1
2025-06-12 12:52:00,44.3
2025-06-12 11:01:00,39.6
2025-06-12 07:11:00,80.6
2025-06-12 18:16:00,50.25777465777466
2025-06-12 18:52:00,50.25777465777466
2025-06-12 01:18:00,9.6
2025-06-12 10:55:00,31.2
2025-06-12 04:04:00,9.8
2025-06-12 13:18:00,50.25777465777466
2025-06-12 06:36:00,15.6
2025-06-12 15:52:00,3.4
2025-06-12 21:19:00,11.5
2025-06-12 20:48:00,45.1
2025-06-12 12:41:00,71.9
2025-06-12 21:42:00,49.3
2025-06-12 05:37:00,71.2
2025-06-12 15:26:00,93.1
2025-06-12 07:45:00,18.5
2025-06-12 15:09:00,19.9
2025-06-12 18:44:00,19.8
2025-06-12 12:21:00,1.4
2025-06-12 00:15:00,89.0
2025-06-12 12:52:00,81.3
2025-06-12 12:56:00,50.7
2025-06-12 22:48:00,68.6
2025-06-12 06:50:00,12.2
2025-06-12 11:45:00,51.8
2025-06-12 12:14:00,44.5
2025-06-12 22:32:00,38.5
2025-06-12 15:35:00,29.5
2025-06-12 08:40:00,1.8
2025-06-12 18:17:00,50.25777465777466
2025-06-12 10:39:00,88.3
2025-06-12 02:31:00,2.1
2025-06-12 18:49:00,19.3
2025-06-12 08:08:00,73.5
2025-06-12 16:39:00,79.3
2025-06-12 09:27:00,62.0
2025-06-12 19:56:00,17.3
2025-06-12 08:13:00,50.25777465777466
2025-06-12 10:33:00,41.8
2025-06-12 17:26:00,23.6
2025-06-12 08:37:00,37.4
2025-06-12 06:21:00,79.6
2025-06-12 09:47:00,97.3
2025-06-12 19:57:00,50.25777465777466
2025-06-12 01:11:00,26.2
2025-06-12 07:45:00,20.6
2025-06-12 22:03:00,95.1
2025-06-12 04:16:00,98.6
2025-06-12 06:25:00,3.4
2025-06-12 18:53:00,91.1
2025-06-12 21:35:00,28.3
2025-06-12 04:10:00,15.3
2025-06-12 21:53:00,75.7
2025-06-12 15:15:00,1.1
2025-06-12 11:13:00,59.5
2025-06-12 04:14:00,3.2
2025-06-12 10:56:00,50.25777465777466
2025-06-12 06:06:00,3.5
2025-06-12 11:06:00,52.8
2025-06-12 06:41:00,69.2
2025-06-12 21:10:00,58.3
2025-06-12 03:24:00,70.7
2025-06-12 16:41:00,0.7
2025-06-12 18:37:00,4.4
2025-06-12 07:24:00,20.1
2025-06-12 18:36:00,29.0
2025-06-12 17:37:00,0.1
2025-06-12 15:14:00,86.8
2025-06-12 12:19:00,10.8
2025-06-12 18:15:00,50.25777465777466
2025-06-12 04:20:00,97.2
2025-06-12 01:47:00,14.8
2025-06-12 15:37:00,84.5
2025-06-12 12:30:00,44.4
2025-06-12 06:37:00,37.2
2025-06-12 17:11:00,29.5
2025-06-12 02:50:00,48.1
2025-06-12 07:14:00,60.7
2025-06-12 16:58:00,50.25777465777466
2025-06-12 11:17:00,53.2
2025-06-12 03:37:00,50.25777465777466
2025-06-12 23:08:00,35.9
2025-06-12 04:48:00,41.5
2025-06-12 09:37:00,72.4
2025-06-12 10:42:00,15.3
2025-06-12 15:13:00,60.7
2025-06-12 06:42:00,28.5
2025-06-12 02:48:00,74.3
2025-06-12 04:27:00,18.1
2025-06-12 06:57:00,41.4
2025-06-12 04:28:00,9.2
2025-06-12 10:52:00,42.7
2025-06-12 01:17:00,47.5
2025-06-12 07:02:00,23.4
2025-06-12 22:53:00,16.3
2025-06-12 06:02:00,42.3
2025-06-12 18:09:00,46.7
2025-06-12 21:00:00,92.8
2025-06-12 08:44:00,74.0
2025-06-12 09:27:00,50.25777465777466
2025-06-12 16:53:00,86.7
2025-06-12 19:44:00,68.5
2025-06-12 05:24:00,86.2
2025-06-12 04:33:00,73.5
2025-06-12 19:48:00,50.3
2025-06-12 16:48:00,82.1
2025-06-12 16:23:00,30.2
2025-06-12 00:56:00,50.25777465777466
2025-06-12 06:18:00,38.4
2025-06-12 07:04:00,43.5
2025-06-12 22:31:00,62.8
2025-06-12 08:14:00,1.0
2025-06-12 01:28:00,77.8
2025-06-12 14:00:00,82.4
2025-06-12 02:08:00,80.3
2025-06-12 08:36:00,25.6
2025-06-12 01:20:00,0.5
2025-06-12 06:55:00,51.4
2025-06-12 12:35:00,27.6
2025-06-12 10:56:00,50.25777465777466
2025-06-12 05:23:00,48.5
2025-06-12 23:17:00,51.1
2025-06-12 12:48:00,66.1
2025-06-12 04:40:00,46.2
2025-06-12 01:09:00,50.25777465777466
2025-06-12 09:06:00,84.7
2025-06-12 17:44:00,50.25777465777466
2025-06-12 14:16:00,73.6
2025-06-12 08:47:00,48.4
2025-06-12 00:29:00,52.4
2025-06-12 20:36:00,10.8
2025-06-12 06:00:00,43.8
2025-06-12 06:40:00,50.25777465777466
2025-06-12 15:00:00,29.7
2025-06-12 18:54:00,10.9
2025-06-12 04:44:00,33.7
2025-06-12 05:04:00,99.0
2025-06-12 07:24:00,31.9
2025-06-12 08:32:00,33.0
2025-06-12 06:32:00,50.25777465777466
2025-06-12 19:02:00,50.25777465777466
2025-06-12 20:25:00,35.8
2025-06-12 15:08:00,24.1
2025-06-12 11:34:00,50.25777465777466
2025-06-12 04:11:00,50.25777465777466
2025-06-12 02:03:00,27.6
2025-06-12 14:49:00,23.5
2025-06-12 19:31:00,35.1
2025-06-12 20:40:00,4.8
2025-06-12 09:21:00,71.0
2025-06-12 20:16:00,99.2
2025-06-12 19:27:00,50.25777465777466
2025-06-12 00:35:00,83.0
2025-06-12 05:30:00,58.7
2025-06-12 19:56:00,6.6
2025-06-12 21:07:00,50.25777465777466
2025-06-12 10:30:00,62.5
2025-06-12 15:55:00,58.4
2025-06-12 23:19:00,53.1
2025-06-12 17:31:00,50.25777465777466
2025-06-12 19:28:00,2.8
2025-06-12 10:40:00,21.1
2025-06-12 20:09:00,50.25777465777466
2025-06-12 02:59:00,45.8
2025-06-12 19:36:00,72.1
2025-06-12 16:02:00,50.25777465777466
2025-06-12 09:28:00,34.9
2025-06-12 19:06:00,72.4
2025-06-12 23:05:00,39.3
2025-06-12 13:40:00,3.2
2025-06-12 18:50:00,75.6
2025-06-12 21:52:00,77.7
2025-06-12 07:11:00,35.9
2025-06-12 12:25:00,50.25777465777466
2025-06-12 00:48:00,33.4
2025-06-12 23:00:00,6.6
2025-06-12 06:33:00,83.7
2025-06-12 05:56:00,21.0
2025-06-12 18:11:00,43.3
2025-06-12 06:38:00,50.25777465777466
2025-06-12 15:46:00,11.3
2025-06-12 22:22:00,50.25777465777466
2025-06-12 09:45:00,6.2
2025-06-12 13:32:00,32.0
2025-06-12 04:36:00,62.2
2025-06-12 23:16:00,70.4
2025-06-12 06:08:00,50.25777465777466
2025-06-12 06:29:00,81.7
2025-06-12 17:57:00,93.1
2025-06-12 05:17:00,34.6
2025-06-12 22:19:00,50.25777465777466
2025-06-12 08:20:00,50.25777465777466
2025-06-12 19:32:00,62.3
2025-06-12 09:29:00,49.7
2025-06-12 23:23:00,2.1
2025-06-12 14:08:00,22.7
2025-06-12 11:42:00,92.9
2025-06-12 23:01:00,24.6
2025-06-12 00:43:00,49.4
2025-06-12 01:56:00,79.8
2025-06-12 00:19:00,74.8
2025-06-12 04:11:00,99.4
2025-06-12 09:07:00,98.0
2025-06-12 09:11:00,62.2
2025-06-12 18:03:00,16.1
2025-06-12 21:26:00,70.2
2025-06-12 19:32:00,70.4
2025-06-12 20:46:00,28.3
2025-06-12 02:25:00,69.8
2025-06-12 07:54:00,25.3
2025-06-12 19:13:00,34.8
2025-06-12 02:27:00,2.3
2025-06-12 01:18:00,44.5
2025-06-12 07:59:00,96.2
2025-06-12 03:41:00,72.6
2025-06-12 17:36:00,74.5
2025-06-12 04:35:00,23.9
2025-06-12 14:46:00,40.9
2025-06-12 10:56:00,80.6
2025-06-12 08:11:00,28.2
2025-06-12 15:06:00,69.4
2025-06-12 05:25:00,50.25777465777466
2025-06-12 21:05:00,29.3
2025-06-12 17:22:00,50.25777465777466
2025-06-12 05:55:00,67.4
2025-06-12 05:25:00,50.25777465777466
2025-06-12 12:08:00,71.9
2025-06-12 20:19:00,15.0
2025-06-12 23:28:00,76.3
2025-06-12 08:29:00,83.8
2025-06-12 01:19:00,58.0
2025-06-12 03:10:00,28.2
2025-06-12 01:21:00,50.25777465777466
2025-06-12 03:28:00,20.3
2025-06-12 10:35:00,36.3
2025-06-12 13:45:00,80.2
2025-06-12 10:11:00,65.5
2025-06-12 01:43:00,84.5
2025-06-12 10:38:00,9.0
2025-06-12 21:19:00,64.2
2025-06-12 04:03:00,8.2
2025-06-12 16:54:00,86.3
2025-06-12 01:36:00,34.7
2025-06-12 15:22:00,50.5
2025-06-12 03:59:00,59.3
2025-06-12 02:37:00,45.4
2025-06-12 11:26:00,77.6
2025-06-12 16:55:00,55.7
2025-06-12 04:23:00,78.1
2025-06-12 04:27:00,50.25777465777466
2025-06-12 11:13:00,50.25777465777466
2025-06-12 16:04:00,68.1
2025-06-12 21:56:00,7.1
2025-06-12 03:21:00,72.5
2025-06-12 05:45:00,50.25777465777466
2025-06-12 19:15:00,52.1
2025-06-12 03:34:00,50.25777465777466
2025-06-12 22:25:00,5.9
2025-06-12 04:33:00,57.3
2025-06-12 01:57:00,35.9
2025-06-12 12:55:00,31.3
2025-06-12 15:03:00,74.5
2025-06-12 12:45:00,50.25777465777466
2025-06-12 07:20:00,69.7
2025-06-12 16:33:00,49.9464552238806
2025-06-12 11:17:00,73.9
2025-06-12 01:59:00,49.5
2025-06-12 23:17:00,34.4
2025-06-12 12:16:00,50.9
2025-06-12 13:14:00,75.1
2025-06-12 08:00:00,49.9464552238806
2025-06-12 02:24:00,25.0
2025-06-12 09:38:00,87.7
2025-06-12 07:22:00,30.6
2025-06-12 14:11:00,49.9464552238806
2025-06-12 01:31:00,54.7
2025-06-12 06:45:00,49.9464552238806
2025-06-12 17:12:00,14.9
2025-06-12 12:04:00,27.6
2025-06-12 16:35:00,14.2
2025-06-12 15:44:00,63.5
2025-06-12 15:18:00,57.6
2025-06-12 10:07:00,96.3
2025-06-12 23:10:00,49.9464552238806
2025-06-12 03:13:00,18.4
2025-06-12 06:20:00,63.9
2025-06-12 07:58:00,55.6
2025-06-12 12:21:00,28.5
2025-06-12 21:51:00,49.9464552238806
2025-06-12 07:04:00,20.2
2025-06-12 22:28:00,49.9464552238806
2025-06-12 06:13:00,66.3
2025-06-12 00:44:00,49.9464552238806
2025-06-12 17:43:00,5.6
2025-06-12 13:53:00,78.1
2025-06-12 19:14:00,92.1
2025-06-12 06:31:00,49.9464552238806
2025-06-12 15:15:00,10.7
2025-06-12 07:34:00,25.6
2025-06-12 17:23:00,60.6
2025-06-12 02:38:00,11.1
2025-06-12 07:50:00,9.0
2025-06-12 09:25:00,37.8
2025-06-12 00:35:00,63.2
2025-06-12 00:03:00,47.6
2025-06-12 13:38:00,11.2
2025-06-12 23:28:00,79.7
2025-06-12 09:06:00,38.3
2025-06-12 08:37:00,33.7
2025-06-12 01:56:00,25.9
2025-06-12 16:55:00,49.9464552238806
2025-06-12 04:12:00,82.7
2025-06-12 09:07:00,62.1
2025-06-12 10:48:00,8.9
2025-06-12 13:34:00,62.1
2025-06-12 16:52:00,29.3
2025-06-12 06:54:00,62.0
2025-06-12 05:37:00,45.3
2025-06-12 13:45:00,24.3
2025-06-12 16:55:00,49.9464552238806
2025-06-12 17:25:00,11.1
2025-06-12 07:55:00,38.3
2025-06-12 22:58:00,49.2
2025-06-12 08:53:00,7.0
2025-06-12 15:40:00,72.5
2025-06-12 16:01:00,81.5
2025-06-12 00:37:00,56.2
2025-06-12 04:58:00,53.1
2025-06-12 04:26:00,57.1
2025-06-12 10:53:00,23.4
2025-06-12 19:22:00,49.9464552238806
2025-06-12 10:55:00,23.8
2025-06-12 09:09:00,100.0
2025-06-12 09:35:00,73.0
2025-06-12 22:44:00,11.7
2025-06-12 10:52:00,24.2
2025-06-12 01:44:00,82.0
2025-06-12 23:07:00,68.4
2025-06-12 11:24:00,92.4
2025-06-12 19:37:00,49.9464552238806
2025-06-12 20:41:00,33.2
2025-06-12 22:34:00,26.5
2025-06-12 09:52:00,58.2
2025-06-12 10:02:00,10.6
2025-06-12 04:54:00,73.5
2025-06-12 10:01:00,73.3
2025-06-12 16:32:00,91.1
2025-06-12 23:45:00,19.0
2025-06-12 00:48:00,49.9464552238806
2025-06-12 15:10:00,1.9
2025-06-12 22:48:00,49.9464552238806
2025-06-12 11:32:00,49.9464552238806
2025-06-12 15:17:00,19.9
2025-06-12 16:40:00,80.6
2025-06-12 16:27:00,27.6
2025-06-12 04:54:00,49.9464552238806
2025-06-12 10:10:00,3.6
2025-06-12 19:59:00,17.4
2025-06-12 04:34:00,89.6
2025-06-12 08:49:00,40.8
2025-06-12 15:28:00,48.8
2025-06-12 15:07:00,36.8
2025-06-12 03:00:00,36.1
2025-06-12 02:23:00,20.0
2025-06-12 12:30:00,5.1
2025-06-12 22:00:00,64.4
2025-06-12 05:11:00,19.2
2025-06-12 12:46:00,84.6
2025-06-12 12:01:00,61.2
2025-06-12 23:39:00,38.5
2025-06-12 23:37:00,49.9464552238806
2025-06-12 18:46:00,49.9464552238806
2025-06-12 17:47:00,49.9464552238806
2025-06-12 01:39:00,30.4
2025-06-12 06:51:00,49.9464552238806
2025-06-12 06:09:00,12.6
2025-06-12 05:27:00,92.5
2025-06-12 16:38:00,95.6
2025-06-12 07:54:00,61.9
2025-06-12 10:27:00,2.2
2025-06-12 18:34:00,70.3
2025-06-12 13:17:00,6.6
2025-06-12 06:03:00,17.2
2025-06-12 07:41:00,64.2
2025-06-12 07:42:00,44.5
2025-06-12 00:08:00,85.2
2025-06-12 08:29:00,100.0
2025-06-12 10:07:00,49.9464552238806
2025-06-12 23:54:00,66.3
2025-06-12 19:14:00,49.9464552238806
2025-06-12 06:01:00,37.1
2025-06-12 09:54:00,51.6
2025-06-12 06:58:00,91.7
2025-06-12 00:18:00,49.9464552238806
2025-06-12 16:38:00,76.5
2025-06-12 17:22:00,93.6
2025-06-12 13:11:00,17.4
2025-06-12 09:30:00,49.9464552238806
2025-06-12 04:56:00,82.1
2025-06-12 14:20:00,46.2
2025-06-12 12:26:00,49.9464552238806
2025-06-12 07:02:00,37.3
2025-06-12 18:41:00,49.9464552238806
2025-06-12 16:15:00,49.9464552238806
2025-06-12 01:45:00,49.9464552238806
2025-06-12 17:58:00,17.0
2025-06-12 06:33:00,73.3
2025-06-12 13:57:00,33.0
2025-06-12 01:50:00,60.7
2025-06-12 03:30:00,65.7
2025-06-12 02:48:00,49.9464552238806
2025-06-12 03:25:00,22.4
2025-06-12 14:17:00,32.0
2025-06-12 03:25:00,85.6
2025-06-12 01:09:00,74.8
2025-06-12 05:21:00,64.9
2025-06-12 14:37:00,49.9464552238806
2025-06-12 18:54:00,49.9464552238806
2025-06-12 03:30:00,3.7
2025-06-12 18:51:00,74.4
2025-06-12 13:35:00,47.8
2025-06-12 06:29:00,26.3
2025-06-12 19:42:00,90.5
2025-06-12 07:11:00,44.0
2025-06-12 02:09:00,71.0
2025-06-12 06:20:00,56.9
2025-06-12 10:55:00,96.5
2025-06-12 07:22:00,6.2
2025-06-12 00:14:00,12.2
2025-06-12 02:46:00,55.1
2025-06-12 15:53:00,96.3
2025-06-12 17:49:00,8.2
2025-06-12 18:40:00,49.9464552238806
2025-06-12 21:00:00,12.5
2025-06-12 16:20:00,43.6
2025-06-12 13:27:00,27.1
2025-06-12 14:49:00,85.3
2025-06-12 01:07:00,46.2
2025-06-12 23:08:00,68.8
2025-06-12 20:18:00,74.9
2025-06-12 14:42:00,49.9464552238806
2025-06-12 06:33:00,38.2
2025-06-12 09:39:00,75.2
2025-06-12 19:49:00,49.9464552238806
2025-06-12 09:23:00,42.8
2025-06-12 15:10:00,49.9464552238806
2025-06-12 06:21:00,84.3
2025-06-12 08:35:00,46.7
2025-06-12 16:14:00,91.9
2025-06-12 00:14:00,60.6
2025-06-12 01:01:00,15.6
2025-06-12 16:57:00,49.9464552238806
2025-06-12 02:23:00,74.4
2025-06-12 13:22:00,41.6
2025-06-12 06:47:00,54.1
2025-06-12 20:20:00,18.6
2025-06-12 17:11:00,37.2
2025-06-12 01:24:00,1.8
2025-06-12 08:27:00,89.5
2025-06-12 14:52:00,49.9464552238806
2025-06-12 05:43:00,49.9464552238806
2025-06-12 23:51:00,99.6
2025-06-12 16:15:00,45.9
2025-06-12 12:35:00,49.9464552238806
2025-06-12 06:53:00,68.6
2025-06-12 01:53:00,89.2
2025-06-12 06:10:00,52.7
2025-06-12 15:54:00,84.9
2025-06-12 00:56:00,50.7
2025-06-12 11:39:00,23.1
2025-06-12 00:34:00,49.9464552238806
2025-06-12 01:06:00,40.7
2025-06-12 21:33:00,24.0
2025-06-12 22:50:00,36.7
2025-06-12 21:46:00,12.3
2025-06-12 06:45:00,71.5
2025-06-12 04:53:00,98.6
2025-06-12 22:44:00,49.9464552238806
2025-06-12 10:46:00,94.3
2025-06-12 13:18:00,83.2
2025-06-12 17:18:00,55.2
2025-06-12 23:17:00,76.3
2025-06-12 09:49:00,49.9464552238806
2025-06-12 03:21:00,92.8
2025-06-12 21:03:00,55.4
2025-06-12 19:17:00,76.7
2025-06-12 11:13:00,33.4
2025-06-12 07:37:00,96.3
2025-06-12 17:26:00,49.9464552238806
2025-06-12 23:02:00,12.0
2025-06-12 05:33:00,65.4
2025-06-12 12:36:00,74.8
2025-06-12 22:20:00,21.2
2025-06-12 03:38:00,43.3
2025-06-12 10:21:00,0.2
2025-06-12 22:46:00,49.9464552238806
2025-06-12 06:33:00,14.1
2025-06-12 16:44:00,37.8
2025-06-12 15:54:00,59.0
2025-06-12 14:16:00,50.9
2025-06-12 20:09:00,82.1
2025-06-12 13:35:00,34.1
2025-06-12 20:19:00,49.9464552238806
2025-06-12 14:48:00,68.2
2025-06-12 09:34:00,39.6
2025-06-12 05:15:00,34.9
2025-06-12 13:01:00,64.8
2025-06-12 22:21:00,51.3
2025-06-12 17:57:00,0.9
2025-06-12 09:52:00,67.2
2025-06-12 10:52:00,71.9
2025-06-12 16:51:00,54.8
2025-06-12 21:47:00,56.0
2025-06-12 06:19:00,49.9464552238806
2025-06-12 09:44:00,76.8
2025-06-12 19:11:00,16.4
2025-06-12 10:39:00,11.3
2025-06-12 05:24:00,45.5
2025-06-12 06:01:00,49.9464552238806
2025-06-12 13:43:00,22.2
2025-06-12 03:04:00,89.0
2025-06-12 22:41:00,4.4
2025-06-12 08:46:00,19.2
2025-06-12 05:20:00,2.6
2025-06-12 18:29:00,49.9464552238806
2025-06-12 12:38:00,19.7
2025-06-12 07:17:00,49.9464552238806
2025-06-12 15:12:00,2.1
2025-06-12 07:26:00,72.4
2025-06-12 09:31:00,11.9
2025-06-12 06:23:00,91.3
2025-06-12 15:16:00,70.5
2025-06-12 15:22:00,8.3
2025-06-12 08:41:00,18.1
2025-06-12 00:00:00,94.5
2025-06-12 02:37:00,49.1
2025-06-12 06:17:00,96.1
2025-06-12 03:24:00,13.1
2025-06-12 05:55:00,47.2
2025-06-12 17:29:00,94.8
2025-06-12 13:50:00,6.6
2025-06-12 07:23:00,68.3
2025-06-12 09:42:00,49.9464552238806
2025-06-12 14:26:00,17.7
2025-06-12 09:34:00,7.1
2025-06-12 18:56:00,49.9464552238806
2025-06-12 04:32:00,49.9464552238806
2025-06-12 12:38:00,68.0
2025-06-12 11:05:00,88.1
2025-06-12 19:30:00,2.0
2025-06-12 20:39:00,49.9464552238806
2025-06-12 17:03:00,36.3
2025-06-12 23:02:00,99.3
2025-06-12 15:09:00,34.5
2025-06-12 19:29:00,46.2
2025-06-12 19:14:00,45.2
2025-06-12 16:46:00,35.6
2025-06-12 02:21:00,49.9464552238806
2025-06-12 20:41:00,49.9464552238806
2025-06-12 09:06:00,77.6
2025-06-12 07:17:00,20.9
2025-06-12 22:32:00,49.9464552238806
2025-06-12 05:02:00,11.2
2025-06-12 06:32:00,45.8
2025-06-12 16:31:00,78.2
2025-06-12 14:41:00,45.6
2025-06-12 19:53:00,49.9464552238806
2025-06-12 17:47:00,48.2
2025-06-12 03:22:00,30.5
2025-06-12 06:40:00,19.3
2025-06-12 05:51:00,89.5
2025-06-12 18:25:00,49.9464552238806
2025-06-12 13:36:00,22.1
2025-06-12 01:47:00,67.1
2025-06-12 15:31:00,5.3
2025-06-12 10:44:00,25.7
2025-06-12 03:03:00,30.7
2025-06-12 07:09:00,52.7
2025-06-12 02:51:00,27.4
2025-06-12 17:40:00,8.3
2025-06-12 01:50:00,67.6
2025-06-12 03:43:00,39.3
2025-06-12 02:42:00,68.9
2025-06-12 15:47:00,99.1
2025-06-12 03:38:00,97.0
2025-06-12 21:38:00,57.6
2025-06-12 17:17:00,85.6
2025-06-12 18:44:00,55.3
2025-06-12 00:48:00,66.8
2025-06-12 15:41:00,49.9464552238806
2025-06-12 17:48:00,11.4
2025-06-12 21:46:00,94.7
2025-06-12 15:21:00,49.9464552238806
2025-06-12 17:04:00,78.2
2025-06-12 07:39:00,99.0
2025-06-12 17:17:00,15.6
2025-06-12 02:59:00,1.5
2025-06-12 15:30:00,49.9464552238806
2025-06-12 14:21:00,15.7
2025-06-12 23:11:00,57.4
2025-06-12 16:42:00,98.2
2025-06-12 22:05:00,49.742524640779
2025-06-12 21:26:00,96.1
2025-06-12 11:03:00,64.5
2025-06-12 16:48:00,66.8
2025-06-12 16:47:00,11.5
2025-06-12 03:35:00,49.742524640779
2025-06-12 23:37:00,12.5
2025-06-12 16:50:00,32.2
2025-06-12 11:27:00,21.7
2025-06-12 23:49:00,78.2
2025-06-12 02:53:00,40.1
2025-06-12 01:43:00,61.7
2025-06-12 07:47:00,70.7
2025-06-12 10:10:00,83.4
2025-06-12 03:26:00,10.0
2025-06-12 00:48:00,28.0
2025-06-12 02:12:00,24.4
2025-06-12 13:15:00,21.3
2025-06-12 09:07:00,49.742524640779
2025-06-12 01:09:00,49.742524640779
2025-06-12 13:28:00,68.2
2025-06-12 07:14:00,49.742524640779
2025-06-12 22:57:00,19.2
2025-06-12 14:32:00,70.4
2025-06-12 17:03:00,2.4
2025-06-12 13:44:00,26.9
2025-06-12 20:09:00,66.0
2025-06-12 09:27:00,42.6
2025-06-12 01:43:00,79.1
2025-06-12 00:09:00,13.3
2025-06-12 08:10:00,81.9
2025-06-12 18:05:00,58.2
2025-06-12 18:38:00,14.3
2025-06-12 06:47:00,30.9
2025-06-12 13:57:00,86.2
2025-06-12 06:34:00,99.0
2025-06-12 21:58:00,84.8
2025-06-12 20:06:00,46.5
2025-06-12 00:04:00,35.3
2025-06-12 21:06:00,50.9
2025-06-12 12:55:00,49.2
2025-06-12 10:32:00,42.8
2025-06-12 13:47:00,65.5
2025-06-12 07:29:00,32.3
2025-06-12 18:51:00,50.7
2025-06-12 19:35:00,4.6
2025-06-12 10:11:00,54.0
2025-06-12 07:35:00,49.742524640779
2025-06-12 12:05:00,30.9
2025-06-12 13:21:00,49.742524640779
2025-06-12 05:08:00,12.2
2025-06-12 08:12:00,43.9
2025-06-12 02:00:00,12.2
2025-06-12 17:46:00,49.742524640779
2025-06-12 15:04:00,53.9
2025-06-12 10:21:00,92.8
2025-06-12 21:45:00,56.9
2025-06-12 16:39:00,0.7
2025-06-12 08:42:00,11.1
2025-06-12 11:27:00,11.8
2025-06-12 00:44:00,22.5
2025-06-12 06:51:00,96.2
2025-06-12 16:43:00,33.3
2025-06-12 13:44:00,82.1
2025-06-12 21:57:00,28.9
2025-06-12 08:19:00,49.742524640779
2025-06-12 04:23:00,99.9
2025-06-12 15:17:00,49.742524640779
2025-06-12 02:31:00,1.1
2025-06-12 20:16:00,8.2
2025-06-12 22:15:00,49.742524640779
2025-06-12 22:32:00,46.2
2025-06-12 13:01:00,53.4
2025-06-12 19:59:00,38.9
2025-06-12 09:35:00,74.5
2025-06-12 13:27:00,85.1
2025-06-12 10:29:00,42.4
2025-06-12 23:06:00,46.7
2025-06-12 23:08:00,15.4
2025-06-12 04:51:00,46.6
2025-06-12 22:35:00,49.742524640779
2025-06-12 16:05:00,6.8
2025-06-12 21:01:00,24.4
2025-06-12 01:30:00,50.1
2025-06-12 18:19:00,9.6
2025-06-12 13:01:00,22.3
2025-06-12 03:41:00,67.7
2025-06-12 02:18:00,92.9
2025-06-12 05:32:00,24.0
2025-06-12 10:47:00,70.7
2025-06-12 13:57:00,23.3
2025-06-12 13:57:00,78.0
2025-06-12 10:41:00,28.0
2025-06-12 21:51:00,7.6
2025-06-12 09:09:00,31.9
2025-06-12 13:07:00,49.742524640779
2025-06-12 10:39:00,48.4
2025-06-12 10:53:00,39.0
2025-06-12 18:38:00,73.8
2025-06-12 00:37:00,17.8
2025-06-12 07:27:00,49.742524640779
2025-06-12 17:24:00,61.6
2025-06-12 17:06:00,35.1
2025-06-12 07:11:00,92.2
2025-06-12 19:59:00,1.6
2025-06-12 10:07:00,96.0
2025-06-12 19:44:00,78.4
2025-06-12 04:05:00,90.3
2025-06-12 13:17:00,88.6
2025-06-12 14:55:00,69.9
2025-06-12 17:57:00,17.7
2025-06-12 21:58:00,57.1
2025-06-12 13:47:00,59.3
2025-06-12 23:53:00,42.6
2025-06-12 17:13:00,60.2
2025-06-12 21:38:00,16.8
2025-06-12 09:09:00,31.9
2025-06-12 03:05:00,26.6
2025-06-12 09:46:00,25.0
2025-06-12 13:23:00,40.1
2025-06-12 19:04:00,67.9
2025-06-12 12:53:00,2.8
2025-06-12 17:59:00,71.1
2025-06-12 22:33:00,20.8
2025-06-12 21:03:00,45.7
2025-06-12 02:08:00,49.742524640779
2025-06-12 11:59:00,10.5
2025-06-12 03:22:00,82.6
2025-06-12 19:52:00,38.1
2025-06-12 22:09:00,48.4
2025-06-12 14:03:00,87.8
2025-06-12 21:12:00,88.6
2025-06-12 17:06:00,42.8
2025-06-12 04:23:00,27.0
2025-06-12 11:36:00,2.4
2025-06-12 20:48:00,49.742524640779
2025-06-12 10:00:00,69.4
2025-06-12 16:21:00,66.7
2025-06-12 07:18:00,25.8
2025-06-12 16:37:00,53.0
2025-06-12 09:40:00,32.3
2025-06-12 19:46:00,49.742524640779
2025-06-12 13:18:00,54.2
2025-06-12 06:06:00,39.6
2025-06-12 15:21:00,80.4
2025-06-12 22:54:00,12.7
2025-06-12 05:27:00,7.8
2025-06-12 01:43:00,93.4
2025-06-12 17:25:00,32.4
2025-06-12 03:24:00,46.1
2025-06-12 09:41:00,49.742524640779
2025-06-12 08:55:00,7.1
2025-06-12 15:33:00,5.5
2025-06-12 21:08:00,71.5
2025-06-12 06:07:00,6.4
2025-06-12 02:09:00,34.1
2025-06-12 12:11:00,55.6
2025-06-12 11:54:00,57.7
2025-06-12 17:35:00,48.0
2025-06-12 05:09:00,49.742524640779
2025-06-12 01:46:00,39.8
2025-06-12 18:22:00,95.2
2025-06-12 02:25:00,87.4
2025-06-12 01:30:00,49.742524640779
2025-06-12 03:47:00,68.1
2025-06-12 15:11:00,86.9
2025-06-12 08:39:00,50.8
2025-06-12 19:05:00,38.5
2025-06-12 14:48:00,85.0
2025-06-12 04:18:00,54.2
2025-06-12 04:35:00,20.0
2025-06-12 04:29:00,73.5
2025-06-12 11:42:00,19.0
2025-06-12 06:09:00,0.2
2025-06-12 07:37:00,27.2
2025-06-12 16:10:00,13.0
2025-06-12 09:27:00,57.6
2025-06-12 13:08:00,76.0
2025-06-12 19:20:00,79.2
2025-06-12 08:54:00,82.1
2025-06-12 09:42:00,71.3
2025-06-12 20:29:00,12.3
2025-06-12 18:03:00,85.0
2025-06-12 08:18:00,14.8
2025-06-12 20:22:00,49.5
2025-06-12 05:53:00,31.3
2025-06-12 05:33:00,87.3
2025-06-12 23:33:00,53.0
2025-06-12 07:14:00,82.9
2025-06-12 01:10:00,35.9
2025-06-12 14:21:00,78.9
2025-06-12 13:44:00,17.0
2025-06-12 04:23:00,69.9
2025-06-12 07:14:00,49.742524640779
2025-06-12 19:34:00,39.5
2025-06-12 03:44:00,21.3
2025-06-12 14:36:00,81.3
2025-06-12 12:35:00,57.0
2025-06-12 07:57:00,0.7
2025-06-12 13:46:00,49.742524640779
2025-06-12 13:39:00,52.1
2025-06-12 21:10:00,20.8
2025-06-12 10:23:00,61.7
2025-06-12 06:05:00,22.9
2025-06-12 18:01:00,49.742524640779
2025-06-12 13:04:00,29.1
2025-06-12 11:27:00,20.7
2025-06-12 01:52:00,91.7
2025-06-12 21:43:00,35.6
2025-06-12 07:06:00,46.1
2025-06-12 10:03:00,49.742524640779
2025-06-12 09:44:00,70.5
2025-06-12 06:13:00,98.3
2025-06-12 11:40:00,13.3
2025-06-12 03:21:00,4.1
2025-06-12 20:27:00,69.0
2025-06-12 23:38:00,70.6
2025-06-12 05:56:00,49.742524640779
2025-06-12 17:00:00,99.3
2025-06-12 23:36:00,93.1
2025-06-12 07:08:00,95.6
2025-06-12 22:23:00,49.742524640779
2025-06-12 23:47:00,49.742524640779
2025-06-12 09:38:00,31.0
2025-06-12 06:05:00,13.6
2025-06-12 19:19:00,49.742524640779
2025-06-12 03:53:00,45.5
2025-06-12 05:02:00,61.4
2025-06-12 10:07:00,92.5
2025-06-12 22:18:00,32.1
2025-06-12 11:51:00,36.0
2025-06-12 08:27:00,44.4
2025-06-12 22:21:00,89.5
2025-06-12 03:33:00,89.5
2025-06-12 11:49:00,1.7
2025-06-12 20:51:00,75.3
2025-06-12 05:28:00,3.1
2025-06-12 16:34:00,25.2
2025-06-12 02:46:00,52.8
2025-06-12 23:01:00,49.742524640779
2025-06-12 05:04:00,42.0
2025-06-12 01:34:00,62.3
2025-06-12 14:39:00,69.2
2025-06-12 04:54:00,36.3
2025-06-12 13:38:00,47.4
2025-06-12 01:02:00,49.742524640779
2025-06-12 18:46:00,23.4
2025-06-12 16:35:00,59.1
2025-06-12 21:52:00,40.1
2025-06-12 00:04:00,89.5
2025-06-12 22:37:00,49.742524640779
2025-06-12 19:36:00,1.1
2025-06-12 15:53:00,96.6
2025-06-12 08:46:00,56.4
2025-06-12 09:41:00,47.6
2025-06-12 07:47:00,12.4
2025-06-12 06:45:00,68.2
2025-06-12 00:41:00,53.9
2025-06-12 13:33:00,49.742524640779
2025-06-12 03:53:00,10.9
2025-06-12 04:42:00,49.742524640779
2025-06-12 03:58:00,3.3
2025-06-12 13:18:00,87.2
2025-06-12 19:40:00,1.0
2025-06-12 17:55:00,17.3
2025-06-12 23:25:00,49.742524640779
2025-06-12 08:11:00,57.3
2025-06-12 21:20:00,49.742524640779
2025-06-12 08:19:00,11.7
2025-06-12 17:22:00,92.3
2025-06-12 22:14:00,5.0
2025-06-12 18:00:00,71.6
2025-06-12 15:29:00,29.4
2025-06-12 22:46:00,62.5
2025-06-12 15:35:00,8.8
2025-06-12 06:32:00,56.0
2025-06-12 14:12:00,90.0
2025-06-12 02:44:00,52.8
2025-06-12 16:36:00,37.9
2025-06-12 03:37:00,6.6
2025-06-12 09:47:00,48.0
2025-06-12 12:06:00,85.5
2025-06-12 08:41:00,30.3
2025-06-12 06:09:00,28.0
2025-06-12 19:31:00,26.4
2025-06-12 18:12:00,49.742524640779
2025-06-12 05:43:00,49.742524640779
2025-06-12 11:27:00,20.2
2025-06-12 17:49:00,49.0
2025-06-12 13:50:00,49.742524640779
2025-06-12 16:06:00,46.9
2025-06-12 21:04:00,67.9
2025-06-12 13:16:00,20.0
2025-06-12 17:27:00,53.0
2025-06-12 00:12:00,98.2
2025-06-12 09:40:00,49.742524640779
2025-06-12 13:22:00,71.7
2025-06-12 20:49:00,38.7
2025-06-12 15:31:00,70.0
2025-06-12 08:46:00,49.742524640779
2025-06-12 01:26:00,22.7
2025-06-12 17:27:00,2.7
2025-06-12 03:53:00,63.5
2025-06-12 06:40:00,61.1
2025-06-12 07:43:00,83.8
2025-06-12 08:56:00,41.0
2025-06-12 12:57:00,65.4
2025-06-12 20:08:00,76.2
2025-06-12 07:23:00,49.742524640779
2025-06-12 08:23:00,72.4
2025-06-12 03:14:00,24.5
2025-06-12 11:54:00,11.4
2025-06-12 08:27:00,78.4
2025-06-12 16:21:00,49.742524640779
2025-06-12 04:43:00,49.742524640779
2025-06-12 16:13:00,62.1
2025-06-12 01:22:00,88.6
2025-06-12 01:59:00,49.742524640779
2025-06-12 23:13:00,15.6
2025-06-12 20:31:00,11.9
2025-06-12 15:23:00,10.4
2025-06-12 04:54:00,28.7
2025-06-12 02:58:00,7.6
2025-06-12 13:55:00,40.2
2025-06-12 11:34:00,49.742524640779
2025-06-12 05:57:00,68.9
2025-06-12 22:24:00,93.2
2025-06-12 02:39:00,60.7
2025-06-12 03:59:00,6.5
2025-06-12 12:12:00,74.4
2025-06-12 09:00:00,50.1
2025-06-12 19:00:00,49.742524640779
2025-06-12 18:17:00,7.2
2025-06-12 16:52:00,6.7
2025-06-12 10:29:00,60.2
2025-06-12 00:19:00,96.6
2025-06-12 17:52:00,64.7
2025-06-12 01:28:00,97.8
2025-06-12 17:42:00,0.0
2025-06-12 19:57:00,13.2
2025-06-12 18:48:00,95.7
2025-06-12 18:20:00,50.09606761356967
2025-06-12 09:31:00,5.9
2025-06-12 11:35:00,50.09606761356967
2025-06-12 06:50:00,44.9
2025-06-12 15:28:00,77.9
2025-06-12 03:12:00,50.09606761356967
2025-06-12 09:00:00,47.7
2025-06-12 05:31:00,42.1
2025-06-12 20:11:00,21.5
2025-06-12 03:21:00,75.7
2025-06-12 06:02:00,1.8
2025-06-12 11:11:00,70.0
2025-06-12 08:41:00,70.6
2025-06-12 23:17:00,45.2
2025-06-12 21:38:00,19.9
2025-06-12 13:09:00,50.09606761356967
2025-06-12 12:36:00,50.09606761356967
2025-06-12 16:09:00,84.1
2025-06-12 12:29:00,17.0
2025-06-12 13:32:00,53.3
2025-06-12 08:08:00,59.5
2025-06-12 10:24:00,32.5
2025-06-12 01:20:00,42.6
2025-06-12 02:43:00,57.6
2025-06-12 15:38:00,42.5
2025-06-12 15:36:00,59.7
2025-06-12 10:04:00,38.0
2025-06-12 17:38:00,35.5
2025-06-12 16:39:00,70.6
2025-06-12 08:55:00,69.7
2025-06-12 15:41:00,70.6
2025-06-12 02:59:00,50.09606761356967
2025-06-12 23:22:00,3.7
2025-06-12 16:02:00,66.5
2025-06-12 09:15:00,49.9
2025-06-12 07:35:00,94.8
2025-06-12 03:51:00,60.8
2025-06-12 07:47:00,9.7
2025-06-12 21:14:00,50.09606761356967
2025-06-12 07:06:00,33.6
2025-06-12 23:41:00,80.7
2025-06-12 15:10:00,11.6
2025-06-12 11:49:00,86.0
2025-06-12 11:50:00,10.3
2025-06-12 16:06:00,29.6
2025-06-12 04:24:00,50.09606761356967
2025-06-12 00:23:00,34.5
2025-06-12 21:44:00,70.6
2025-06-12 20:52:00,64.7
2025-06-12 09:18:00,56.0
2025-06-12 07:04:00,7.5
2025-06-12 08:43:00,32.6
2025-06-12 22:52:00,38.0
2025-06-12 23:31:00,13.6
2025-06-12 14:46:00,31.7
2025-06-12 02:18:00,34.2
2025-06-12 12:05:00,17.9
2025-06-12 10:45:00,48.6
2025-06-12 11:35:00,81.9
2025-06-12 00:31:00,50.09606761356967
2025-06-12 11:18:00,94.2
2025-06-12 21:42:00,38.4
2025-06-12 15:52:00,73.4
2025-06-12 18:18:00,74.9
2025-06-12 05:34:00,53.3
2025-06-12 00:16:00,34.7
2025-06-12 16:41:00,6.1
2025-06-12 06:48:00,83.0
2025-06-12 16:02:00,3.0
2025-06-12 03:51:00,99.7
2025-06-12 19:37:00,57.5
2025-06-12 01:34:00,29.2
2025-06-12 14:22:00,3.5
2025-06-12 08:49:00,21.9
2025-06-12 23:42:00,68.0
2025-06-12 17:17:00,18.7
2025-06-12 18:50:00,48.5
2025-06-12 05:23:00,94.3
2025-06-12 22:12:00,55.4
2025-06-12 20:16:00,50.09606761356967
2025-06-12 06:07:00,24.6
2025-06-12 13:00:00,29.0
2025-06-12 05:42:00,50.09606761356967
2025-06-12 09:49:00,99.0
2025-06-12 10:47:00,96.4
2025-06-12 05:18:00,47.6
2025-06-12 09:52:00,2.8
2025-06-12 03:15:00,91.5
2025-06-12 09:52:00,60.5
2025-06-12 21:53:00,17.2
2025-06-12 10:48:00,19.2
2025-06-12 07:02:00,50.09606761356967
2025-06-12 05:48:00,37.6
2025-06-12 03:33:00,79.9
2025-06-12 14:55:00,13.1
2025-06-12 19:27:00,92.8
2025-06-12 10:57:00,80.2
2025-06-12 02:06:00,72.1
2025-06-12 23:55:00,97.2
2025-06-12 09:31:00,54.4
2025-06-12 23:46:00,51.6
2025-06-12 17:59:00,50.09606761356967
2025-06-12 23:33:00,26.3
2025-06-12 00:46:00,50.09606761356967
2025-06-12 07:09:00,47.7
2025-06-12 07:06:00,79.0
2025-06-12 16:46:00,60.6
2025-06-12 03:12:00,89.4
2025-06-12 17:13:00,41.6
2025-06-12 20:43:00,19.0
2025-06-12 01:56:00,56.8
2025-06-12 21:04:00,26.1
2025-06-12 01:47:00,81.7
2025-06-12 18:18:00,45.0
2025-06-12 07:53:00,24.3
2025-06-12 00:18:00,69.4
2025-06-12 00:24:00,85.0
2025-06-12 04:11:00,53.4
2025-06-12 15:18:00,32.9
2025-06-12 17:23:00,6.8
2025-06-12 18:23:00,59.7
2025-06-12 17:34:00,88.7
2025-06-12 17:31:00,70.9
2025-06-12 12:08:00,46.3
2025-06-12 15:34:00,68.7
2025-06-12 09:06:00,50.09606761356967
2025-06-12 03:22:00,3.1
2025-06-12 10:42:00,50.09606761356967
2025-06-12 04:03:00,57.4
2025-06-12 00:11:00,37.8
2025-06-12 05:17:00,50.09606761356967
2025-06-12 22:49:00,43.7
2025-06-12 19:35:00,5.0
2025-06-12 21:41:00,9.2
2025-06-12 02:46:00,38.9
2025-06-12 01:51:00,61.8
2025-06-12 13:03:00,23.7
2025-06-12 00:04:00,50.09606761356967
2025-06-12 14:18:00,26.6
2025-06-12 19:33:00,47.3
2025-06-12 04:27:00,50.09606761356967
2025-06-12 13:31:00,5.6
2025-06-12 09:10:00,63.6
2025-06-12 15:15:00,69.5
2025-06-12 19:17:00,50.09606761356967
2025-06-12 02:39:00,31.8
2025-06-12 14:43:00,6.0
2025-06-12 12:48:00,50.09606761356967
2025-06-12 19:40:00,79.5
2025-06-12 20:34:00,21.3
2025-06-12 12:24:00,70.7
2025-06-12 18:59:00,50.09606761356967
2025-06-12 10:46:00,71.8
2025-06-12 16:05:00,33.1
2025-06-12 17:00:00,14.8
2025-06-12 13:44:00,51.3
2025-06-12 19:51:00,54.5
2025-06-12 02:02:00,17.0
2025-06-12 19:11:00,27.3
2025-06-12 09:32:00,91.0
2025-06-12 12:48:00,43.0
2025-06-12 01:19:00,77.8
2025-06-12 21:16:00,57.9
2025-06-12 19:14:00,63.6
2025-06-12 02:47:00,12.6
2025-06-12 00:33:00,24.5
2025-06-12 19:28:00,26.2
2025-06-12 06:49:00,50.09606761356967
2025-06-12 01:06:00,83.3
2025-06-12 10:30:00,44.9
2025-06-12 14:29:00,50.09606761356967
2025-06-12 22:50:00,69.2
2025-06-12 04:27:00,39.0
2025-06-12 11:39:00,8.8
2025-06-12 04:43:00,35.2
2025-06-12 17:53:00,77.9
2025-06-12 19:31:00,59.4
2025-06-12 12:24:00,97.7
2025-06-12 02:18:00,87.1
2025-06-12 12:20:00,85.8
2025-06-12 07:48:00,30.0
2025-06-12 18:33:00,50.09606761356967
2025-06-12 09:21:00,96.6
2025-06-12 11:34:00,57.2
2025-06-12 23:11:00,29.4
2025-06-12 08:26:00,2.0
2025-06-12 04:48:00,18.8
2025-06-12 14:24:00,12.8
2025-06-12 17:06:00,80.8
2025-06-12 20:09:00,34.7
2025-06-12 21:35:00,31.1
2025-06-12 13:49:00,83.3
2025-06-12 20:55:00,24.7
2025-06-12 22:39:00,63.4
2025-06-12 21:43:00,59.8
2025-06-12 08:34:00,13.1
2025-06-12 01:14:00,50.2
2025-06-12 06:30:00,82.9
2025-06-12 13:20:00,50.09606761356967
2025-06-12 21:55:00,17.4
2025-06-12 19:38:00,47.5
2025-06-12 15:15:00,69.8
2025-06-12 02:59:00,2.1
2025-06-12 03:23:00,50.09606761356967
2025-06-12 02:55:00,3.3
2025-06-12 10:31:00,84.8
2025-06-12 07:02:00,89.2
2025-06-12 19:31:00,68.8
2025-06-12 05:08:00,29.9
2025-06-12 14:41:00,3.5
2025-06-12 11:58:00,38.9
2025-06-12 06:34:00,56.1
2025-06-12 02:29:00,46.9
2025-06-12 09:53:00,37.5
2025-06-12 03:42:00,2.1
2025-06-12 02:58:00,59.4
2025-06-12 09:20:00,50.09606761356967
2025-06-12 10:58:00,50.09606761356967
2025-06-12 02:11:00,51.4
2025-06-12 05:52:00,29.3
2025-06-12 19:31:00,4.5
2025-06-12 18:53:00,75.1
2025-06-12 04:25:00,98.8
2025-06-12 06:38:00,92.6
2025-06-12 07:58:00,50.09606761356967
2025-06-12 08:43:00,41.5
2025-06-12 09:15:00,50.09606761356967
2025-06-12 12:04:00,38.3
2025-06-12 12:07:00,50.09606761356967
2025-06-12 00:09:00,15.9
2025-06-12 04:39:00,43.2
2025-06-12 04:36:00,25.4
2025-06-12 02:54:00,71.8
2025-06-12 00:48:00,69.5
2025-06-12 11:57:00,72.7
2025-06-12 22:23:00,76.9
2025-06-12 17:22:00,26.4
2025-06-12 05:19:00,15.3
2025-06-12 00:45:00,5.6
2025-06-12 05:35:00,45.3
2025-06-12 23:47:00,1.5
2025-06-12 00:38:00,51.9
2025-06-12 17:47:00,33.7
2025-06-12 18:49:00,1.7
2025-06-12 14:30:00,14.5
2025-06-12 18:03:00,83.9
2025-06-12 10:29:00,2.4
2025-06-12 16:55:00,25.6
2025-06-12 07:48:00,60.7
2025-06-12 16:49:00,50.09606761356967
2025-06-12 05:02:00,35.8
2025-06-12 22:08:00,50.09606761356967
2025-06-12 19:54:00,14.2
2025-06-12 05:28:00,75.9
2025-06-12 18:24:00,30.4
2025-06-12 20:06:00,24.3
2025-06-12 02:56:00,72.1
2025-06-12 19:34:00,62.5
2025-06-12 08:21:00,8.0
2025-06-12 19:02:00,40.9
2025-06-12 23:43:00,79.9
2025-06-12 00:09:00,95.2
2025-06-12 07:47:00,50.09606761356967
2025-06-12 06:21:00,50.09606761356967
2025-06-12 08:26:00,16.7
2025-06-12 12:10:00,70.4
2025-06-12 10:42:00,26.4
2025-06-12 02:43:00,56.8
2025-06-12 23:15:00,25.3
2025-06-12 19:49:00,82.1
2025-06-12 03:55:00,3.4
2025-06-12 07:51:00,4.1
2025-06-12 00:41:00,50.09606761356967
2025-06-12 22:31:00,10.5
2025-06-12 19:33:00,12.1
2025-06-12 14:07:00,50.09606761356967
2025-06-12 06:45:00,98.5
2025-06-12 23:02:00,85.3
2025-06-12 10:17:00,60.4
2025-06-12 00:34:00,51.4
2025-06-12 10:46:00,60.3
2025-06-12 18:36:00,83.9
2025-06-12 02:36:00,38.8
2025-06-12 06:43:00,70.5
2025-06-12 21:09:00,97.4
2025-06-12 19:47:00,16.7
2025-06-12 06:31:00,2.2
2025-06-12 17:16:00,62.9
2025-06-12 15:34:00,43.9
2025-06-12 21:56:00,60.2
2025-06-12 01:07:00,50.09606761356967
2025-06-12 09:16:00,57.8
2025-06-12 17:21:00,50.09606761356967
2025-06-12 20:42:00,80.2
2025-06-12 13:18:00,93.2
2025-06-12 07:39:00,50.09606761356967
2025-06-12 17:12:00,50.09606761356967
2025-06-12 05:33:00,78.6
2025-06-12 12:42:00,10.8
2025-06-12 14:06:00,50.09606761356967
2025-06-12 18:31:00,74.4
2025-06-12 10:04:00,50.09606761356967
2025-06-12 10:29:00,32.1
2025-06-12 15:08:00,25.5
2025-06-12 11:52:00,98.7
2025-06-12 18:11:00,50.09606761356967
2025-06-12 02:51:00,89.6
2025-06-12 15:17:00,92.7
2025-06-12 23:22:00,50.09606761356967
2025-06-12 12:17:00,4.0
2025-06-12 16:53:00,50.09606761356967
2025-06-12 17:19:00,33.0
2025-06-12 16:48:00,78.2
2025-06-12 16:30:00,37.3
2025-06-12 01:01:00,92.6
2025-06-12 06:18:00,35.7
2025-06-12 18:48:00,33.3
2025-06-12 11:48:00,32.1
2025-06-12 22:32:00,17.7
2025-06-12 20:05:00,39.6
2025-06-12 00:04:00,94.1
2025-06-12 16:26:00,6.3
2025-06-12 17:40:00,22.0
2025-06-12 09:42:00,10.1
2025-06-12 20:55:00,30.5
2025-06-12 08:05:00,50.09606761356967
2025-06-12 15:04:00,11.1
2025-06-12 15:27:00,74.9
2025-06-12 07:48:00,46.6
2025-06-12 08:39:00,49.952608030142464
2025-06-12 03:18:00,52.6
2025-06-12 01:15:00,83.6
2025-06-12 08:07:00,7.2
2025-06-12 09:25:00,22.0
2025-06-12 15:34:00,11.1
2025-06-12 13:16:00,91.6
2025-06-12 11:07:00,69.7
2025-06-12 19:58:00,24.3
2025-06-12 15:07:00,24.5
2025-06-12 15:29:00,60.7
2025-06-12 06:33:00,49.952608030142464
2025-06-12 15:50:00,49.952608030142464
2025-06-12 02:47:00,20.4
2025-06-12 12:32:00,98.3
2025-06-12 22:53:00,86.9
2025-06-12 09:15:00,42.9
2025-06-12 06:42:00,60.5
2025-06-12 02:01:00,76.6
2025-06-12 00:44:00,56.1
2025-06-12 09:11:00,20.9
2025-06-12 20:20:00,17.4
2025-06-12 13:21:00,49.952608030142464
2025-06-12 02:23:00,47.8
2025-06-12 07:25:00,49.952608030142464
2025-06-12 19:05:00,11.9
2025-06-12 16:25:00,66.8
2025-06-12 17:12:00,9.3
2025-06-12 03:11:00,42.1
2025-06-12 23:05:00,49.952608030142464
2025-06-12 13:04:00,65.9
2025-06-12 14:41:00,35.0
2025-06-12 15:06:00,95.5
2025-06-12 00:03:00,72.7
2025-06-12 20:02:00,60.8
2025-06-12 20:04:00,54.7
2025-06-12 14:22:00,49.952608030142464
2025-06-12 05:44:00,10.0
2025-06-12 09:46:00,27.4
2025-06-12 09:52:00,67.6
2025-06-12 05:58:00,86.9
2025-06-12 18:42:00,49.952608030142464
2025-06-12 12:39:00,19.2
2025-06-12 12:20:00,51.9
2025-06-12 03:23:00,39.9
2025-06-12 22:03:00,99.1
2025-06-12 05:14:00,49.952608030142464
2025-06-12 20:46:00,16.7
2025-06-12 07:31:00,49.952608030142464
2025-06-12 18:20:00,22.7
2025-06-12 05:17:00,52.2
2025-06-12 12:22:00,49.952608030142464
2025-06-12 11:21:00,49.952608030142464
2025-06-12 18:13:00,62.9
2025-06-12 17:50:00,14.5
2025-06-12 12:49:00,60.3
2025-06-12 17:12:00,42.5
2025-06-12 19:32:00,61.5
2025-06-12 05:43:00,56.2
2025-06-12 23:28:00,92.7
2025-06-12 23:44:00,75.2
2025-06-12 19:33:00,49.952608030142464
2025-06-12 10:19:00,8.8
2025-06-12 10:56:00,59.8
2025-06-12 07:20:00,94.6
2025-06-12 04:46:00,66.2
2025-06-12 01:22:00,87.2
2025-06-12 09:30:00,5.8
2025-06-12 10:38:00,47.1
2025-06-12 06:31:00,15.1
2025-06-12 19:44:00,22.7
2025-06-12 07:02:00,15.9
2025-06-12 22:19:00,34.8
2025-06-12 08:05:00,69.0
2025-06-12 03:42:00,36.5
2025-06-12 12:45:00,51.3
2025-06-12 07:23:00,91.4
2025-06-12 18:20:00,40.3
2025-06-12 22:37:00,33.9
2025-06-12 11:31:00,30.0
2025-06-12 06:59:00,10.1
2025-06-12 16:33:00,27.3
2025-06-12 01:40:00,12.7
2025-06-12 18:34:00,81.8
2025-06-12 04:36:00,60.3
2025-06-12 19:00:00,46.0
2025-06-12 13:57:00,59.3
2025-06-12 02:26:00,30.0
2025-06-12 08:56:00,85.3
2025-06-12 10:57:00,65.9
2025-06-12 03:53:00,62.2
2025-06-12 18:55:00,49.952608030142464
2025-06-12 00:04:00,55.3
2025-06-12 16:46:00,24.7
2025-06-12 07:01:00,79.3
2025-06-12 18:15:00,62.2
2025-06-12 08:24:00,17.5
2025-06-12 00:38:00,29.3
2025-06-12 14:01:00,63.3
2025-06-12 10:40:00,26.6
2025-06-12 05:41:00,81.6
2025-06-12 08:13:00,55.9
2025-06-12 06:57:00,95.9
2025-06-12 02:07:00,16.9
2025-06-12 21:24:00,78.1
2025-06-12 13:37:00,32.5
2025-06-12 19:36:00,9.6
2025-06-12 22:20:00,13.8
2025-06-12 09:25:00,49.952608030142464
2025-06-12 15:24:00,49.952608030142464
2025-06-12 09:10:00,87.9
2025-06-12 04:27:00,39.5
2025-06-12 18:36:00,94.1
2025-06-12 14:21:00,62.8
2025-06-12 05:53:00,92.5
2025-06-12 22:47:00,8.5
2025-06-12 14:12:00,77.3
2025-06-12 10:41:00,49.952608030142464
2025-06-12 21:13:00,48.5
2025-06-12 22:46:00,55.5
2025-06-12 20:02:00,96.0
2025-06-12 19:31:00,76.2
2025-06-12 15:21:00,22.1
2025-06-12 04:26:00,86.0
2025-06-12 09:20:00,54.5
2025-06-12 23:13:00,19.3
2025-06-12 20:47:00,30.5
2025-06-12 09:43:00,24.2
2025-06-12 19:04:00,19.2
2025-06-12 02:36:00,67.2
2025-06-12 08:00:00,85.1
2025-06-12 01:13:00,83.0
2025-06-12 08:51:00,47.0
2025-06-12 10:29:00,26.0
2025-06-12 14:46:00,49.952608030142464
2025-06-12 04:03:00,76.6
2025-06-12 14:21:00,68.3
2025-06-12 17:00:00,49.952608030142464
2025-06-12 22:27:00,54.7
2025-06-12 02:47:00,68.6
2025-06-12 03:57:00,31.0
2025-06-12 15:15:00,23.2
2025-06-12 11:34:00,54.5
2025-06-12 02:03:00,20.2
2025-06-12 00:24:00,86.2
2025-06-12 07:00:00,13.0
2025-06-12 08:42:00,49.952608030142464
2025-06-12 02:16:00,9.6
2025-06-12 05:39:00,13.8
2025-06-12 22:42:00,41.6
2025-06-12 18:22:00,88.3
2025-06-12 14:25:00,55.2
2025-06-12 01:18:00,10.6
2025-06-12 10:40:00,95.8
2025-06-12 04:57:00,92.2
2025-06-12 08:25:00,24.7
2025-06-12 22:59:00,84.6
2025-06-12 05:47:00,7.3
2025-06-12 03:43:00,71.9
2025-06-12 01:02:00,32.1
2025-06-12 23:29:00,32.8
2025-06-12 19:55:00,79.2
2025-06-12 06:18:00,36.4
2025-06-12 17:27:00,96.9
2025-06-12 18:49:00,23.5
2025-06-12 01:36:00,66.1
2025-06-12 15:00:00,15.7
2025-06-12 22:14:00,65.3
2025-06-12 17:54:00,51.9
2025-06-12 18:03:00,68.3
2025-06-12 13:54:00,84.6
2025-06-12 17:35:00,57.9
2025-06-12 17:56:00,15.1
2025-06-12 11:21:00,12.6
2025-06-12 09:19:00,89.9
2025-06-12 18:08:00,0.9
2025-06-12 18:23:00,3.6
2025-06-12 06:03:00,27.9
2025-06-12 04:50:00,92.1
2025-06-12 19:46:00,1.5
2025-06-12 01:31:00,9.7
2025-06-12 14:17:00,49.952608030142464
2025-06-12 22:40:00,38.0
2025-06-12 04:59:00,69.6
2025-06-12 10:33:00,50.7
2025-06-12 02:45:00,79.3
2025-06-12 04:09:00,93.0
2025-06-12 18:28:00,85.0
2025-06-12 04:30:00,91.7
2025-06-12 20:56:00,82.8
2025-06-12 04:40:00,59.7
2025-06-12 10:41:00,54.6
2025-06-12 22:45:00,49.952608030142464
2025-06-12 18:46:00,35.0
2025-06-12 18:37:00,58.3
2025-06-12 15:36:00,49.952608030142464
2025-06-12 21:54:00,27.3
2025-06-12 04:46:00,16.5
2025-06-12 15:14:00,95.1
2025-06-12 09:57:00,83.7
2025-06-12 03:00:00,49.952608030142464
2025-06-12 00:29:00,49.952608030142464
2025-06-12 04:51:00,17.1
2025-06-12 11:44:00,69.0
2025-06-12 11:18:00,58.4
2025-06-12 03:25:00,42.2
2025-06-12 07:41:00,94.8
2025-06-12 22:28:00,66.8
2025-06-12 02:11:00,49.952608030142464
2025-06-12 21:05:00,0.6
2025-06-12 20:36:00,88.9
2025-06-12 17:39:00,87.2
2025-06-12 23:29:00,30.7
2025-06-12 18:36:00,49.952608030142464
2025-06-12 02:54:00,70.2
2025-06-12 16:29:00,49.952608030142464
2025-06-12 03:25:00,20.1
2025-06-12 00:58:00,49.952608030142464
2025-06-12 02:08:00,85.1
2025-06-12 19:03:00,48.6
2025-06-12 11:58:00,49.952608030142464
2025-06-12 02:24:00,77.3
2025-06-12 08:00:00,49.7
2025-06-12 18:59:00,34.5
2025-06-12 15:15:00,29.8
2025-06-12 15:03:00,88.3
2025-06-12 22:57:00,76.2
2025-06-12 00:05:00,49.952608030142464
2025-06-12 15:44:00,35.7
2025-06-12 19:55:00,64.1
2025-06-12 11:20:00,25.2
2025-06-12 18:53:00,27.9
2025-06-12 19:47:00,34.1
2025-06-12 12:51:00,27.8
2025-06-12 02:04:00,49.952608030142464
2025-06-12 08:52:00,99.3
2025-06-12 15:06:00,45.4
2025-06-12 18:27:00,5.0
2025-06-12 22:16:00,49.952608030142464
2025-06-12 20:52:00,49.952608030142464
2025-06-12 01:09:00,87.0
2025-06-12 16:54:00,50.8
2025-06-12 18:39:00,21.5
2025-06-12 02:16:00,48.0
2025-06-12 22:33:00,42.4
2025-06-12 04:14:00,27.9
2025-06-12 00:29:00,71.3
2025-06-12 17:01:00,49.952608030142464
2025-06-12 10:05:00,38.2
2025-06-12 19:43:00,49.952608030142464
2025-06-12 02:12:00,4.7
2025-06-12 02:41:00,49.952608030142464
2025-06-12 21:38:00,49.952608030142464
2025-06-12 11:47:00,49.952608030142464
2025-06-12 21:57:00,22.1
2025-06-12 21:09:00,15.5
2025-06-12 08:17:00,6.9
2025-06-12 13:51:00,34.8
2025-06-12 10:32:00,84.7
2025-06-12 05:47:00,50.1
2025-06-12 16:53:00,95.5
2025-06-12 12:51:00,49.952608030142464
2025-06-12 02:37:00,79.5
2025-06-12 01:30:00,70.2
2025-06-12 15:02:00,0.7
2025-06-12 07:28:00,5.4
2025-06-12 20:35:00,9.6
2025-06-12 10:56:00,36.7
2025-06-12 02:47:00,49.952608030142464
2025-06-12 05:26:00,10.3
2025-06-12 05:31:00,12.0
2025-06-12 21:54:00,57.6
2025-06-12 16:07:00,77.6
2025-06-12 04:14:00,83.7
2025-06-12 04:48:00,10.5
2025-06-12 09:05:00,76.1
2025-06-12 16:24:00,49.952608030142464
2025-06-12 20:47:00,11.7
2025-06-12 18:56:00,27.2
2025-06-12 10:39:00,85.9
2025-06-12 15:35:00,24.9
2025-06-12 21:25:00,85.1
2025-06-12 17:56:00,87.1
2025-06-12 00:16:00,5.9
2025-06-12 12:30:00,45.7
2025-06-12 20:19:00,88.0
2025-06-12 12:13:00,49.952608030142464
2025-06-12 17:51:00,84.3
2025-06-12 18:07:00,21.5
2025-06-12 08:07:00,84.2
2025-06-12 18:48:00,14.2
2025-06-12 20:33:00,3.7
2025-06-12 06:56:00,79.6
2025-06-12 08:22:00,18.7
2025-06-12 02:48:00,20.6
2025-06-12 01:13:00,63.1
2025-06-12 03:32:00,28.4
2025-06-12 16:25:00,17.2
2025-06-12 21:18:00,49.952608030142464
2025-06-12 08:14:00,12.2
2025-06-12 03:07:00,47.7
2025-06-12 14:08:00,77.6
2025-06-12 03:52:00,28.1
2025-06-12 03:10:00,61.4
2025-06-12 00:07:00,82.0
2025-06-12 15:39:00,32.9
2025-06-12 09:37:00,97.9
2025-06-12 18:13:00,29.2
2025-06-12 06:41:00,50.21640523646657
2025-06-12 21:30:00,27.3
2025-06-12 16:21:00,50.21640523646657
2025-06-12 17:38:00,50.21640523646657
2025-06-12 17:00:00,40.3
2025-06-12 02:53:00,93.0
2025-06-12 14:21:00,82.4
2025-06-12 05:45:00,29.4
2025-06-12 18:41:00,59.0
2025-06-12 02:41:00,8.2
2025-06-12 19:55:00,64.1
2025-06-12 00:51:00,93.0
2025-06-12 06:36:00,90.5
2025-06-12 21:20:00,26.0
2025-06-12 15:23:00,76.1
2025-06-12 16:55:00,78.8
2025-06-12 21:42:00,69.5
2025-06-12 15:24:00,18.9
2025-06-12 00:19:00,38.3
2025-06-12 15:47:00,7.8
2025-06-12 13:26:00,55.6
2025-06-12 22:17:00,66.5
2025-06-12 04:26:00,18.8
2025-06-12 00:22:00,91.0
2025-06-12 18:10:00,93.6
2025-06-12 22:14:00,50.21640523646657
2025-06-12 15:50:00,50.21640523646657
2025-06-12 21:34:00,92.1
2025-06-12 21:37:00,97.7
2025-06-12 01:38:00,1.4
2025-06-12 01:51:00,36.8
2025-06-12 18:21:00,16.4
2025-06-12 04:32:00,50.21640523646657
2025-06-12 21:55:00,82.9
2025-06-12 04:27:00,76.5
2025-06-12 00:58:00,34.2
2025-06-12 20:08:00,94.4
2025-06-12 20:11:00,50.21640523646657
2025-06-12 10:52:00,80.4
2025-06-12 09:55:00,50.21640523646657
2025-06-12 03:00:00,97.9
2025-06-12 15:23:00,54.1
2025-06-12 13:29:00,86.4
2025-06-12 00:38:00,76.4
2025-06-12 10:04:00,50.21640523646657
2025-06-12 23:37:00,99.2
2025-06-12 18:39:00,68.1
2025-06-12 20:52:00,4.6
2025-06-12 02:12:00,36.9
2025-06-12 14:03:00,50.21640523646657
2025-06-12 11:03:00,77.8
2025-06-12 08:17:00,11.2
2025-06-12 19:42:00,91.1
2025-06-12 14:37:00,9.6
2025-06-12 13:35:00,50.21640523646657
2025-06-12 06:20:00,26.5
2025-06-12 04:27:00,44.2
2025-06-12 23:09:00,44.6
2025-06-12 05:23:00,34.4
2025-06-12 21:42:00,50.21640523646657
2025-06-12 03:08:00,36.1
2025-06-12 11:11:00,50.21640523646657
2025-06-12 23:30:00,40.3
2025-06-12 07:41:00,19.0
2025-06-12 15:38:00,52.7
2025-06-12 00:31:00,66.7
2025-06-12 14:33:00,83.1
2025-06-12 03:07:00,16.8
2025-06-12 12:40:00,41.1
2025-06-12 12:20:00,50.21640523646657
2025-06-12 22:13:00,17.1
2025-06-12 21:20:00,82.0
2025-06-12 08:07:00,55.2
2025-06-12 14:25:00,9.4
2025-06-12 03:19:00,50.21640523646657
2025-06-12 01:02:00,50.21640523646657
2025-06-12 01:10:00,26.8
2025-06-12 11:36:00,50.21640523646657
2025-06-12 23:16:00,70.2
2025-06-12 23:32:00,60.0
2025-06-12 00:03:00,64.0
2025-06-12 00:27:00,31.5
2025-06-12 06:08:00,75.9
2025-06-12 22:53:00,71.5
2025-06-12 09:42:00,92.7
2025-06-12 10:29:00,35.2
2025-06-12 00:27:00,50.21640523646657
2025-06-12 08:24:00,40.8
2025-06-12 22:18:00,46.6
2025-06-12 05:12:00,81.1
2025-06-12 03:14:00,75.1
2025-06-12 23:17:00,50.21640523646657
2025-06-12 21:41:00,50.21640523646657
2025-06-12 11:58:00,50.21640523646657
2025-06-12 19:00:00,54.8
2025-06-12 11:12:00,30.2
2025-06-12 13:36:00,18.8
2025-06-12 18:12:00,13.4
2025-06-12 03:39:00,50.21640523646657
2025-06-12 12:21:00,51.6
2025-06-12 06:59:00,11.9
2025-06-12 06:21:00,30.9
2025-06-12 03:18:00,97.4
2025-06-12 17:18:00,81.8
2025-06-12 19:16:00,70.3
2025-06-12 21:24:00,98.3
2025-06-12 22:51:00,24.6
2025-06-12 10:55:00,30.8
2025-06-12 19:03:00,57.0
2025-06-12 02:03:00,40.0
2025-06-12 17:38:00,42.4
2025-06-12 16:41:00,30.6
2025-06-12 01:20:00,21.5
2025-06-12 18:21:00,50.21640523646657
2025-06-12 05:14:00,90.3
2025-06-12 13:12:00,23.5
2025-06-12 19:39:00,72.9
2025-06-12 06:28:00,50.21640523646657
2025-06-12 15:54:00,44.3
2025-06-12 16:17:00,60.4
2025-06-12 00:22:00,50.2
2025-06-12 19:23:00,0.1
2025-06-12 19:25:00,28.9
2025-06-12 16:43:00,50.21640523646657
2025-06-12 11:49:00,36.1
2025-06-12 09:50:00,50.21640523646657
2025-06-12 00:33:00,68.0
2025-06-12 05:09:00,50.21640523646657
2025-06-12 16:48:00,36.0
2025-06-12 00:38:00,10.3
2025-06-12 18:52:00,97.5
2025-06-12 08:28:00,76.1
2025-06-12 08:09:00,14.6
2025-06-12 11:13:00,10.1
2025-06-12 13:51:00,11.9
2025-06-12 16:53:00,91.6
2025-06-12 01:59:00,56.1
2025-06-12 03:09:00,67.4
2025-06-12 07:36:00,50.21640523646657
2025-06-12 15:39:00,3.6
2025-06-12 14:12:00,47.6
2025-06-12 11:33:00,12.8
2025-06-12 07:01:00,50.21640523646657
2025-06-12 17:01:00,84.1
2025-06-12 00:05:00,50.21640523646657
2025-06-12 20:21:00,81.4
2025-06-12 08:46:00,94.7
2025-06-12 10:36:00,50.21640523646657
2025-06-12 04:52:00,50.21640523646657
2025-06-12 14:48:00,71.5
2025-06-12 19:55:00,83.7
2025-06-12 02:17:00,89.6
2025-06-12 16:37:00,51.8
2025-06-12 12:54:00,63.7
2025-06-12 12:04:00,50.21640523646657
2025-06-12 06:46:00,82.2
2025-06-12 21:24:00,70.1
2025-06-12 13:33:00,59.0
2025-06-12 21:48:00,33.4
2025-06-12 16:27:00,76.2
2025-06-12 03:41:00,27.6
2025-06-12 05:09:00,50.21640523646657
2025-06-12 17:09:00,88.9
2025-06-12 21:18:00,37.4
2025-06-12 16:22:00,61.0
2025-06-12 06:56:00,40.9
2025-06-12 00:30:00,2.6
2025-06-12 14:36:00,82.3
2025-06-12 23:36:00,79.7
2025-06-12 21:16:00,26.5
2025-06-12 08:58:00,50.21640523646657
2025-06-12 22:41:00,58.8
2025-06-12 07:07:00,60.3
2025-06-12 19:11:00,65.2
2025-06-12 06:13:00,50.21640523646657
2025-06-12 03:13:00,24.0
2025-06-12 16:26:00,67.6
2025-06-12 03:18:00,84.2
2025-06-12 17:46:00,9.4
2025-06-12 04:17:00,22.8
2025-06-12 01:21:00,45.0
2025-06-12 11:07:00,2.1
2025-06-12 01:45:00,42.1
2025-06-12 07:48:00,7.3
2025-06-12 01:32:00,50.21640523646657
2025-06-12 20:31:00,17.7
2025-06-12 05:32:00,13.6
2025-06-12 22:53:00,80.1
2025-06-12 15:44:00,50.6
2025-06-12 23:27:00,62.6
2025-06-12 09:03:00,97.6
2025-06-12 21:44:00,75.4
2025-06-12 05:44:00,83.1
2025-06-12 22:51:00,73.5
2025-06-12 02:02:00,96.9
2025-06-12 01:20:00,66.4
2025-06-12 08:24:00,61.7
2025-06-12 22:26:00,6.0
2025-06-12 17:58:00,5.8
2025-06-12 03:55:00,24.5
2025-06-12 10:47:00,50.21640523646657
2025-06-12 17:45:00,50.21640523646657
2025-06-12 19:50:00,50.21640523646657
2025-06-12 04:11:00,87.0
2025-06-12 19:35:00,64.1
2025-06-12 09:14:00,38.3
2025-06-12 06:57:00,46.0
2025-06-12 12:24:00,3.6
2025-06-12 18:10:00,92.6
2025-06-12 05:58:00,24.2
2025-06-12 02:00:00,34.7
2025-06-12 21:52:00,48.9
2025-06-12 15:22:00,72.1
2025-06-12 19:45:00,16.0
2025-06-12 16:22:00,2.1
2025-06-12 07:57:00,64.3
2025-06-12 06:41:00,67.4
2025-06-12 08:05:00,78.1
2025-06-12 09:01:00,50.21640523646657
2025-06-12 12:46:00,54.4
2025-06-12 15:30:00,11.4
2025-06-12 12:40:00,50.21640523646657
2025-06-12 18:08:00,85.2
2025-06-12 01:37:00,46.6
2025-06-12 22:53:00,50.21640523646657
2025-06-12 18:21:00,14.1
2025-06-12 03:35:00,60.1
2025-06-12 09:02:00,18.6
2025-06-12 01:35:00,70.8
2025-06-12 02:52:00,5.4
2025-06-12 23:19:00,31.5
2025-06-12 20:59:00,58.1
2025-06-12 19:36:00,42.8
2025-06-12 01:07:00,46.9
2025-06-12 17:24:00,3.7
2025-06-12 10:31:00,9.8
2025-06-12 05:02:00,98.3
2025-06-12 21:49:00,12.0
2025-06-12 15:29:00,81.3
2025-06-12 09:02:00,67.2
2025-06-12 16:17:00,36.6
2025-06-12 03:24:00,97.6
2025-06-12 07:16:00,22.4
2025-06-12 14:34:00,31.6
2025-06-12 19:01:00,50.21640523646657
2025-06-12 21:21:00,76.2
2025-06-12 06:46:00,36.6
2025-06-12 15:10:00,4.5
2025-06-12 15:59:00,63.9
2025-06-12 13:19:00,41.1
2025-06-12 13:41:00,40.1
2025-06-12 07:09:00,50.21640523646657
2025-06-12 03:56:00,90.4
2025-06-12 02:45:00,99.2
2025-06-12 07:46:00,50.21640523646657
2025-06-12 08:29:00,50.21640523646657
2025-06-12 23:08:00,78.6
2025-06-12 16:09:00,85.4
2025-06-12 11:16:00,32.4
2025-06-12 04:48:00,50.21640523646657
2025-06-12 23:32:00,34.1
2025-06-12 09:48:00,28.0
2025-06-12 03:21:00,55.7
2025-06-12 04:25:00,50.21640523646657
2025-06-12 07:03:00,93.4
2025-06-12 21:22:00,86.8
2025-06-12 09:13:00,96.3
2025-06-12 16:56:00,30.3
2025-06-12 21:59:00,19.1
2025-06-12 22:09:00,50.21640523646657
2025-06-12 22:23:00,77.9
2025-06-12 12:06:00,50.21640523646657
2025-06-12 07:28:00,25.0
2025-06-12 13:52:00,80.2
2025-06-12 00:52:00,32.2
2025-06-12 22:42:00,54.1
2025-06-12 17:20:00,3.4
2025-06-12 17:56:00,51.7
2025-06-12 08:12:00,50.21640523646657
2025-06-12 21:15:00,91.0
2025-06-12 09:52:00,19.6
2025-06-12 23:41:00,50.9
2025-06-12 05:10:00,87.8
2025-06-12 00:44:00,50.21640523646657
2025-06-12 19:50:00,51.2
2025-06-12 12:48:00,60.1
2025-06-12 11:56:00,34.5
2025-06-12 12:01:00,70.1
2025-06-12 20:51:00,54.3
2025-06-12 08:59:00,61.1
2025-06-12 20:46:00,71.7
2025-06-12 14:13:00,46.5
2025-06-12 14:25:00,61.0
2025-06-12 17:22:00,92.7
2025-06-12 09:33:00,81.4
2025-06-12 17:53:00,76.0
2025-06-12 17:39:00,92.6
2025-06-12 20:24:00,40.5
2025-06-12 19:59:00,79.2
2025-06-12 23:42:00,45.0
2025-06-12 18:16:00,17.0
2025-06-12 01:52:00,42.6
2025-06-12 10:23:00,42.7
2025-06-12 06:23:00,21.0
2025-06-12 06:12:00,56.1
2025-06-12 19:51:00,50.21640523646657
2025-06-12 22:44:00,50.21640523646657
2025-06-12 04:33:00,46.2
2025-06-12 18:47:00,91.5
2025-06-12 23:52:00,34.9
2025-06-12 00:35:00,90.2
2025-06-12 16:24:00,28.1
2025-06-12 02:56:00,22.1
2025-06-12 01:47:00,13.3
2025-06-12 16:37:00,90.4
2025-06-12 13:33:00,50.21640523646657
2025-06-12 01:26:00,92.2
2025-06-12 10:01:00,66.6
2025-06-12 18:56:00,4.9
2025-06-12 18:38:00,62.5
2025-06-12 09:55:00,63.3
2025-06-12 01:20:00,2.0
2025-06-12 10:11:00,39.0
2025-06-12 13:39:00,50.21640523646657
2025-06-12 00:40:00,14.7
2025-06-12 15:27:00,56.6
2025-06-12 09:48:00,10.6
2025-06-12 22:00:00,66.8
2025-06-12 09:36:00,92.5
2025-06-12 02:40:00,22.3
2025-06-12 00:35:00,50.21640523646657
2025-06-12 06:49:00,61.0
2025-06-12 11:17:00,59.7
2025-06-12 23:18:00,32.0
2025-06-12 18:42:00,3.4
2025-06-12 09:45:00,63.7
2025-06-12 21:31:00,8.0
2025-06-12 02:22:00,90.9
2025-06-12 15:16:00,49.70408187272085
2025-06-12 21:16:00,98.2
2025-06-12 14:06:00,93.2
2025-06-12 08:28:00,77.3
2025-06-12 04:54:00,31.3
2025-06-12 02:49:00,19.7
2025-06-12 02:08:00,49.70408187272085
2025-06-12 00:32:00,22.6
2025-06-12 04:47:00,80.3
2025-06-12 13:18:00,44.9
2025-06-12 15:06:00,79.1
2025-06-12 04:15:00,66.0
2025-06-12 23:13:00,72.8
2025-06-12 05:30:00,94.4
2025-06-12 13:56:00,80.3
2025-06-12 17:18:00,57.9
2025-06-12 10:58:00,56.4
2025-06-12 21:31:00,23.9
2025-06-12 06:52:00,49.70408187272085
2025-06-12 16:32:00,49.9
2025-06-12 22:23:00,97.5
2025-06-12 19:41:00,55.6
2025-06-12 21:41:00,49.70408187272085
2025-06-12 10:55:00,3.9
2025-06-12 14:40:00,46.0
2025-06-12 18:35:00,8.8
2025-06-12 14:10:00,77.6
2025-06-12 20:28:00,58.3
2025-06-12 11:02:00,72.7
2025-06-12 03:31:00,64.3
2025-06-12 07:37:00,49.70408187272085
2025-06-12 23:02:00,10.4
2025-06-12 08:04:00,75.1
2025-06-12 10:51:00,70.3
2025-06-12 21:18:00,9.5
2025-06-12 15:48:00,60.5
2025-06-12 10:26:00,49.70408187272085
2025-06-12 19:24:00,97.1
2025-06-12 20:58:00,49.70408187272085
2025-06-12 21:56:00,43.9
2025-06-12 20:21:00,32.1
2025-06-12 03:42:00,31.1
2025-06-12 15:10:00,29.0
2025-06-12 21:22:00,32.2
2025-06-12 03:06:00,49.70408187272085
2025-06-12 04:00:00,4.4
2025-06-12 08:37:00,20.5
2025-06-12 12:57:00,51.7
2025-06-12 19:53:00,24.5
2025-06-12 03:50:00,56.0
2025-06-12 04:56:00,9.8
2025-06-12 20:28:00,15.0
2025-06-12 05:53:00,76.7
2025-06-12 19:29:00,49.3
2025-06-12 16:24:00,82.9
2025-06-12 09:39:00,92.2
2025-06-12 10:41:00,49.70408187272085
2025-06-12 07:37:00,58.2
2025-06-12 05:19:00,46.1
2025-06-12 19:59:00,78.5
2025-06-12 14:12:00,49.70408187272085
2025-06-12 14:16:00,78.4
2025-06-12 02:40:00,49.70408187272085
2025-06-12 00:46:00,56.2
2025-06-12 22:31:00,96.1
2025-06-12 05:08:00,19.7
2025-06-12 04:01:00,14.7
2025-06-12 15:30:00,36.8
2025-06-12 02:38:00,55.1
2025-06-12 20:17:00,96.1
2025-06-12 02:59:00,86.0
2025-06-12 09:46:00,94.7
2025-06-12 14:22:00,46.8
2025-06-12 01:07:00,50.0
2025-06-12 00:37:00,49.70408187272085
2025-06-12 12:53:00,10.3
2025-06-12 23:46:00,47.9
2025-06-12 13:05:00,0.6
2025-06-12 18:19:00,35.1
2025-06-12 04:57:00,22.2
2025-06-12 04:31:00,42.4
2025-06-12 20:25:00,73.7
2025-06-12 23:05:00,89.1
2025-06-12 07:12:00,71.3
2025-06-12 03:20:00,43.0
2025-06-12 22:31:00,44.3
2025-06-12 18:00:00,91.4
2025-06-12 22:17:00,58.8
2025-06-12 14:43:00,49.70408187272085
2025-06-12 23:40:00,26.7
2025-06-12 05:54:00,8.3
2025-06-12 03:24:00,64.3
2025-06-12 17:29:00,49.70408187272085
2025-06-12 12:54:00,64.8
2025-06-12 13:22:00,49.70408187272085
2025-06-12 21:49:00,64.6
2025-06-12 06:05:00,65.6
2025-06-12 03:29:00,49.70408187272085
2025-06-12 23:21:00,49.70408187272085
2025-06-12 05:05:00,81.4
2025-06-12 23:25:00,27.7
2025-06-12 13:52:00,35.1
2025-06-12 06:40:00,61.2
2025-06-12 21:51:00,56.7
2025-06-12 17:22:00,47.0
2025-06-12 13:36:00,31.3
2025-06-12 21:29:00,28.8
2025-06-12 20:36:00,48.0
2025-06-12 12:16:00,3.0
2025-06-12 21:08:00,78.2
2025-06-12 12:50:00,81.0
2025-06-12 14:27:00,97.6
2025-06-12 04:40:00,77.5
2025-06-12 13:33:00,54.3
2025-06-12 20:07:00,17.5
2025-06-12 03:31:00,82.0
2025-06-12 18:42:00,46.0
2025-06-12 16:37:00,72.9
2025-06-12 18:32:00,88.4
2025-06-12 20:13:00,49.70408187272085
2025-06-12 00:56:00,0.5
2025-06-12 07:39:00,35.1
2025-06-12 03:16:00,56.8
2025-06-12 12:10:00,90.3
2025-06-12 22:56:00,49.70408187272085
2025-06-12 03:47:00,49.70408187272085
2025-06-12 20:01:00,23.8
2025-06-12 19:13:00,87.9
2025-06-12 06:41:00,49.70408187272085
2025-06-12 03:26:00,67.9
2025-06-12 22:48:00,50.6
2025-06-12 15:32:00,61.3
2025-06-12 21:16:00,65.8
2025-06-12 08:15:00,74.5
2025-06-12 21:54:00,19.6
2025-06-12 04:14:00,91.0
2025-06-12 21:58:00,49.70408187272085
2025-06-12 23:35:00,49.70408187272085
2025-06-12 20:16:00,12.5
2025-06-12 03:59:00,19.3
2025-06-12 08:26:00,49.70408187272085
2025-06-12 03:12:00,47.3
2025-06-12 14:11:00,61.5
2025-06-12 13:04:00,5.3
2025-06-12 22:33:00,50.6
2025-06-12 01:05:00,82.6
2025-06-12 09:04:00,66.8
2025-06-12 12:52:00,49.70408187272085
2025-06-12 18:16:00,47.9
2025-06-12 03:44:00,63.8
2025-06-12 13:35:00,34.9
2025-06-12 15:23:00,86.2
2025-06-12 15:27:00,41.1
2025-06-12 02:03:00,0.8
2025-06-12 07:09:00,56.8
2025-06-12 10:09:00,31.1
2025-06-12 10:18:00,50.3
2025-06-12 06:21:00,96.0
2025-06-12 15:06:00,79.8
2025-06-12 19:23:00,43.7
2025-06-12 12:57:00,97.7
2025-06-12 06:40:00,49.70408187272085
2025-06-12 15:29:00,49.70408187272085
2025-06-12 00:45:00,49.70408187272085
2025-06-12 04:48:00,24.9
2025-06-12 07:44:00,9.7
2025-06-12 05:52:00,31.8
2025-06-12 23:14:00,2.6
2025-06-12 04:24:00,49.70408187272085
2025-06-12 05:18:00,54.7
2025-06-12 05:07:00,76.4
2025-06-12 03:37:00,49.6
2025-06-12 13:47:00,63.6
2025-06-12 18:36:00,67.8
2025-06-12 06:29:00,56.0
2025-06-12 04:06:00,91.1
2025-06-12 03:49:00,61.9
2025-06-12 17:36:00,18.7
2025-06-12 00:59:00,77.3
2025-06-12 11:20:00,58.7
2025-06-12 07:11:00,29.1
2025-06-12 06:04:00,56.9
2025-06-12 22:18:00,13.5
2025-06-12 22:26:00,24.6
2025-06-12 01:58:00,49.70408187272085
2025-06-12 03:51:00,34.0
2025-06-12 22:44:00,2.6
2025-06-12 23:52:00,20.7
2025-06-12 05:09:00,1.9
2025-06-12 12:44:00,82.4
2025-06-12 01:53:00,10.7
2025-06-12 04:23:00,49.70408187272085
2025-06-12 05:33:00,61.2
2025-06-12 13:14:00,3.2
2025-06-12 22:50:00,49.70408187272085
2025-06-12 06:23:00,90.1
2025-06-12 07:21:00,4.5
2025-06-12 11:15:00,49.70408187272085
2025-06-12 20:48:00,19.9
2025-06-12 19:43:00,49.70408187272085
2025-06-12 07:50:00,25.2
2025-06-12 17:39:00,27.3
2025-06-12 10:51:00,97.9
2025-06-12 06:22:00,16.6
2025-06-12 17:21:00,39.7
2025-06-12 06:31:00,34.8
2025-06-12 08:57:00,87.2
2025-06-12 20:20:00,49.70408187272085
2025-06-12 07:09:00,54.9
2025-06-12 14:58:00,37.2
2025-06-12 16:14:00,34.2
2025-06-12 09:07:00,6.8
2025-06-12 06:59:00,88.6
2025-06-12 01:45:00,49.70408187272085
2025-06-12 17:25:00,33.1
2025-06-12 06:12:00,49.70408187272085
2025-06-12 12:40:00,70.5
2025-06-12 03:24:00,40.3
2025-06-12 17:17:00,85.6
2025-06-12 18:51:00,13.3
2025-06-12 08:29:00,49.70408187272085
2025-06-12 08:16:00,26.0
2025-06-12 18:38:00,8.8
2025-06-12 12:34:00,42.8
2025-06-12 11:57:00,73.4
2025-06-12 10:21:00,60.0
2025-06-12 01:20:00,28.4
2025-06-12 00:03:00,89.4
2025-06-12 03:35:00,76.9
2025-06-12 18:15:00,58.6
2025-06-12 20:59:00,59.1
2025-06-12 17:52:00,22.7
2025-06-12 18:47:00,7.3
2025-06-12 02:54:00,33.2
2025-06-12 13:22:00,34.8
2025-06-12 17:04:00,28.8
2025-06-12 17:43:00,49.70408187272085
2025-06-12 23:36:00,64.3
2025-06-12 05:14:00,14.8
2025-06-12 00:12:00,35.8
2025-06-12 00:14:00,49.70408187272085
2025-06-12 01:50:00,18.1
2025-06-12 03:25:00,19.0
2025-06-12 15:55:00,6.2
2025-06-12 11:51:00,10.1
2025-06-12 13:17:00,47.4
2025-06-12 04:35:00,53.5
2025-06-12 19:24:00,27.7
2025-06-12 01:48:00,83.2
2025-06-12 11:44:00,16.9
2025-06-12 03:37:00,15.9
2025-06-12 22:38:00,2.4
2025-06-12 21:16:00,35.1
2025-06-12 12:00:00,27.3
2025-06-12 06:03:00,75.6
2025-06-12 19:15:00,49.70408187272085
2025-06-12 01:10:00,49.70408187272085
2025-06-12 16:01:00,13.1
2025-06-12 10:06:00,22.5
2025-06-12 23:13:00,6.7
2025-06-12 13:29:00,40.6
2025-06-12 04:28:00,3.8
2025-06-12 17:45:00,51.3
2025-06-12 14:57:00,26.1
2025-06-12 21:26:00,7.9
2025-06-12 07:41:00,49.70408187272085
2025-06-12 16:38:00,79.6
2025-06-12 03:23:00,49.70408187272085
2025-06-12 15:30:00,37.3
2025-06-12 15:34:00,4.9
2025-06-12 02:13:00,73.2
2025-06-12 20:25:00,12.2
2025-06-12 18:25:00,0.2
2025-06-12 18:58:00,15.7
2025-06-12 07:09:00,86.5
2025-06-12 09:55:00,85.3
2025-06-12 00:30:00,33.3
2025-06-12 04:43:00,55.9
2025-06-12 16:26:00,68.9
2025-06-12 12:36:00,87.1
2025-06-12 16:55:00,92.2
2025-06-12 22:08:00,92.3
2025-06-12 08:08:00,15.3
2025-06-12 06:01:00,94.4
2025-06-12 12:36:00,23.9
2025-06-12 08:19:00,55.7
2025-06-12 18:43:00,69.1
2025-06-12 08:56:00,84.0
2025-06-12 08:48:00,91.0
2025-06-12 08:56:00,78.3
2025-06-12 04:37:00,1.6
2025-06-12 04:30:00,55.7
2025-06-12 12:54:00,83.6
2025-06-12 01:17:00,49.70408187272085
2025-06-12 06:57:00,88.9
2025-06-12 16:36:00,8.8
2025-06-12 00:40:00,56.4
2025-06-12 16:35:00,13.9
2025-06-12 22:21:00,23.8
2025-06-12 22:35:00,14.9
2025-06-12 04:51:00,39.6
2025-06-12 14:04:00,49.3
2025-06-12 16:16:00,49.70408187272085
2025-06-12 04:24:00,34.9
2025-06-12 16:54:00,59.6
2025-06-12 17:31:00,4.2
2025-06-12 02:50:00,9.9
2025-06-12 13:39:00,49.70408187272085
2025-06-12 14:14:00,4.8
2025-06-12 08:32:00,59.4
2025-06-12 13:56:00,49.70408187272085
2025-06-12 03:14:00,58.1
2025-06-12 08:57:00,95.6
2025-06-12 17:35:00,50.4
2025-06-12 22:42:00,15.6
2025-06-12 18:37:00,6.2
2025-06-12 20:34:00,59.0
2025-06-12 22:40:00,38.4
2025-06-12 14:18:00,58.7
2025-06-12 08:41:00,85.8
2025-06-12 00:35:00,85.6
2025-06-12 09:40:00,15.3
2025-06-12 23:08:00,14.1
2025-06-12 07:05:00,32.2
2025-06-12 15:41:00,98.8
2025-06-12 22:03:00,62.3
2025-06-12 02:46:00,50.1110094970102
2025-06-12 16:43:00,50.1110094970102
2025-06-12 13:37:00,64.2
2025-06-12 19:28:00,50.1110094970102
2025-06-12 15:35:00,77.9
2025-06-12 08:56:00,83.3
2025-06-12 02:19:00,67.8
2025-06-12 01:07:00,17.3
2025-06-12 13:45:00,73.5
2025-06-12 09:56:00,85.6
2025-06-12 19:25:00,82.4
2025-06-12 04:16:00,24.0
2025-06-12 09:21:00,68.8
2025-06-12 19:13:00,9.4
2025-06-12 06:48:00,47.8
2025-06-12 09:04:00,50.1110094970102
2025-06-12 23:47:00,99.5
2025-06-12 09:07:00,52.3
2025-06-12 17:24:00,94.4
2025-06-12 14:16:00,81.0
2025-06-12 23:47:00,17.9
2025-06-12 02:12:00,19.3
2025-06-12 19:54:00,3.5
2025-06-12 21:21:00,32.3
2025-06-12 07:37:00,50.1110094970102
2025-06-12 16:17:00,16.4
2025-06-12 11:11:00,68.0
2025-06-12 13:36:00,58.4
2025-06-12 22:42:00,92.1
2025-06-12 02:16:00,1.6
2025-06-12 09:53:00,80.8
2025-06-12 09:29:00,27.4
2025-06-12 21:54:00,99.2
2025-06-12 08:02:00,93.1
2025-06-12 01:53:00,94.2
2025-06-12 04:57:00,50.1110094970102
2025-06-12 14:47:00,50.1110094970102
2025-06-12 03:47:00,25.6
2025-06-12 10:31:00,87.9
2025-06-12 08:23:00,50.1110094970102
2025-06-12 21:32:00,47.1
2025-06-12 06:53:00,35.8
2025-06-12 08:58:00,40.1
2025-06-12 03:44:00,50.1110094970102
2025-06-12 23:22:00,41.0
2025-06-12 00:38:00,21.1
2025-06-12 20:53:00,99.1
2025-06-12 05:31:00,50.1110094970102
2025-06-12 04:04:00,34.8
2025-06-12 12:30:00,61.3
2025-06-12 08:53:00,35.0
2025-06-12 12:54:00,78.8
2025-06-12 12:06:00,18.2
2025-06-12 10:09:00,94.1
2025-06-12 16:31:00,12.2
2025-06-12 18:42:00,50.1110094970102
2025-06-12 01:47:00,50.1110094970102
2025-06-12 03:49:00,58.0
2025-06-12 19:31:00,59.0
2025-06-12 15:03:00,52.4
2025-06-12 20:19:00,86.4
2025-06-12 18:16:00,15.5
2025-06-12 12:29:00,4.5
2025-06-12 13:06:00,35.3
2025-06-12 23:02:00,50.1110094970102
2025-06-12 19:48:00,81.9
2025-06-12 14:39:00,92.1
2025-06-12 00:37:00,41.0
2025-06-12 00:40:00,41.6
2025-06-12 16:30:00,33.7
2025-06-12 06:06:00,50.1110094970102
2025-06-12 16:07:00,37.1
2025-06-12 19:54:00,97.9
2025-06-12 15:55:00,21.8
2025-06-12 01:40:00,60.2
2025-06-12 18:41:00,74.0
2025-06-12 14:30:00,30.1
2025-06-12 12:43:00,50.1110094970102
2025-06-12 09:57:00,24.0
2025-06-12 11:00:00,26.0
2025-06-12 11:12:00,50.1110094970102
2025-06-12 02:37:00,78.5
2025-06-12 08:51:00,23.8
2025-06-12 14:35:00,93.8
2025-06-12 12:24:00,75.4
2025-06-12 06:34:00,62.4
2025-06-12 14:09:00,79.6
2025-06-12 10:31:00,27.0
2025-06-12 23:13:00,50.1110094970102
2025-06-12 12:49:00,61.8
2025-06-12 07:05:00,81.2
2025-06-12 13:04:00,85.7
2025-06-12 23:59:00,31.5
2025-06-12 00:11:00,95.6
2025-06-12 12:24:00,70.7
2025-06-12 01:39:00,17.6
2025-06-12 01:10:00,14.7
2025-06-12 10:59:00,50.1110094970102
2025-06-12 09:08:00,74.0
2025-06-12 10:00:00,10.8
2025-06-12 10:14:00,17.9
2025-06-12 04:32:00,27.9
2025-06-12 09:02:00,81.6
2025-06-12 14:32:00,69.2
2025-06-12 08:59:00,60.8
2025-06-12 11:51:00,52.7
2025-06-12 09:41:00,76.2
2025-06-12 00:03:00,21.9
2025-06-12 05:02:00,11.0
2025-06-12 19:12:00,93.4
2025-06-12 14:04:00,50.1110094970102
2025-06-12 15:59:00,21.8
2025-06-12 09:24:00,84.0
2025-06-12 11:33:00,84.7
2025-06-12 03:46:00,62.5
2025-06-12 11:42:00,99.8
2025-06-12 00:13:00,13.4
2025-06-12 17:47:00,14.9
2025-06-12 11:52:00,29.7
2025-06-12 12:57:00,78.3
2025-06-12 15:18:00,94.4
2025-06-12 23:26:00,6.2
2025-06-12 07:08:00,90.3
2025-06-12 14:10:00,93.0
2025-06-12 13:55:00,31.4
2025-06-12 16:43:00,26.2
2025-06-12 17:46:00,15.6
2025-06-12 11:39:00,50.1110094970102
2025-06-12 02:20:00,3.3
2025-06-12 02:31:00,81.9
2025-06-12 21:11:00,36.5
2025-06-12 07:43:00,69.8
2025-06-12 12:05:00,44.1
2025-06-12 15:21:00,15.8
2025-06-12 23:09:00,7.3
2025-06-12 12:19:00,77.2
2025-06-12 21:56:00,59.1
2025-06-12 09:41:00,24.7
2025-06-12 08:23:00,2.2
2025-06-12 14:06:00,88.3
2025-06-12 02:39:00,0.4
2025-06-12 08:07:00,77.3
2025-06-12 23:13:00,50.1110094970102
2025-06-12 01:31:00,50.1110094970102
2025-06-12 00:56:00,35.7
2025-06-12 09:17:00,50.1110094970102
2025-06-12 08:20:00,70.5
2025-06-12 18:28:00,40.9
2025-06-12 11:48:00,21.3
2025-06-12 23:37:00,35.1
2025-06-12 10:09:00,4.8
2025-06-12 18:41:00,46.0
2025-06-12 20:36:00,1.8
2025-06-12 14:52:00,50.1110094970102
2025-06-12 14:39:00,16.3
2025-06-12 20:46:00,61.0
2025-06-12 08:51:00,81.0
2025-06-12 09:03:00,68.8
2025-06-12 12:01:00,54.3
2025-06-12 01:43:00,38.1
2025-06-12 06:30:00,58.9
2025-06-12 03:46:00,35.4
2025-06-12 00:29:00,50.1110094970102
2025-06-12 09:28:00,83.0
2025-06-12 07:42:00,50.1110094970102
2025-06-12 23:11:00,41.1
2025-06-12 23:39:00,77.4
2025-06-12 12:58:00,76.5
2025-06-12 01:28:00,63.3
2025-06-12 23:29:00,50.1110094970102
2025-06-12 23:15:00,74.0
2025-06-12 11:53:00,31.4
2025-06-12 02:01:00,10.2
2025-06-12 04:13:00,69.4
2025-06-12 01:27:00,73.9
2025-06-12 03:29:00,50.4
2025-06-12 21:04:00,25.0
2025-06-12 22:20:00,14.8
2025-06-12 08:41:00,66.5
2025-06-12 05:51:00,94.7
2025-06-12 05:28:00,40.7
2025-06-12 12:03:00,47.4
2025-06-12 12:08:00,21.9
2025-06-12 18:18:00,93.8
2025-06-12 21:54:00,21.9
2025-06-12 21:46:00,74.8
2025-06-12 13:54:00,22.4
2025-06-12 15:56:00,25.8
2025-06-12 00:29:00,54.1
2025-06-12 06:43:00,50.1110094970102
2025-06-12 10:19:00,40.9
2025-06-12 21:26:00,38.4
2025-06-12 00:11:00,5.3
2025-06-12 15:49:00,50.1110094970102
2025-06-12 03:42:00,70.7
2025-06-12 11:13:00,21.1
2025-06-12 16:45:00,39.4
2025-06-12 14:38:00,70.1
2025-06-12 15:34:00,62.8
2025-06-12 10:21:00,49.3
2025-06-12 07:24:00,48.1
2025-06-12 23:40:00,62.2
2025-06-12 08:18:00,67.8
2025-06-12 08:43:00,4.5
2025-06-12 03:05:00,45.3
2025-06-12 00:44:00,7.6
2025-06-12 03:37:00,42.2
2025-06-12 22:26:00,97.4
2025-06-12 10:18:00,66.8
2025-06-12 22:13:00,27.9
2025-06-12 23:28:00,28.0
2025-06-12 04:56:00,19.1
2025-06-12 16:21:00,14.5
2025-06-12 23:36:00,50.1110094970102
2025-06-12 16:06:00,40.5
2025-06-12 06:48:00,74.7
2025-06-12 08:19:00,24.5
2025-06-12 02:21:00,0.4
2025-06-12 10:10:00,94.4
2025-06-12 23:53:00,29.2
2025-06-12 18:20:00,61.5
2025-06-12 12:48:00,79.4
2025-06-12 15:12:00,50.1110094970102
2025-06-12 21:42:00,15.8
2025-06-12 03:32:00,97.4
2025-06-12 00:23:00,72.6
2025-06-12 13:12:00,4.7
2025-06-12 23:59:00,45.7
2025-06-12 06:12:00,11.5
2025-06-12 03:31:00,86.8
2025-06-12 11:15:00,94.7
2025-06-12 09:23:00,81.0
2025-06-12 10:38:00,69.1
2025-06-12 11:46:00,50.1110094970102
2025-06-12 05:51:00,92.4
2025-06-12 12:43:00,2.9
2025-06-12 10:13:00,73.9
2025-06-12 05:50:00,17.4
2025-06-12 14:57:00,50.1110094970102
2025-06-12 14:36:00,16.7
2025-06-12 17:58:00,46.3
2025-06-12 09:11:00,50.1110094970102
2025-06-12 12:20:00,17.7
2025-06-12 09:22:00,26.2
2025-06-12 14:50:00,42.8
2025-06-12 10:19:00,68.9
2025-06-12 04:54:00,38.5
2025-06-12 14:58:00,37.0
2025-06-12 16:47:00,69.4
2025-06-12 17:02:00,50.1110094970102
2025-06-12 20:00:00,47.9
2025-06-12 13:38:00,50.1110094970102
2025-06-12 14:28:00,71.0
2025-06-12 02:47:00,40.6
2025-06-12 16:34:00,6.7
2025-06-12 19:07:00,50.1110094970102
2025-06-12 23:03:00,12.0
2025-06-12 08:08:00,18.6
2025-06-12 11:59:00,86.4
2025-06-12 16:20:00,81.3
2025-06-12 17:34:00,50.1110094970102
2025-06-12 10:08:00,48.0
2025-06-12 00:21:00,97.4
2025-06-12 06:25:00,13.2
2025-06-12 19:24:00,71.0
2025-06-12 13:44:00,28.2
2025-06-12 04:48:00,64.7
2025-06-12 11:39:00,90.5
2025-06-12 22:47:00,49.0
2025-06-12 16:32:00,50.1110094970102
2025-06-12 02:18:00,32.5
2025-06-12 16:22:00,40.8
2025-06-12 02:18:00,28.2
2025-06-12 18:47:00,19.2
2025-06-12 12:25:00,50.1110094970102
2025-06-12 03:56:00,2.5
2025-06-12 06:39:00,50.1110094970102
2025-06-12 21:12:00,89.1
2025-06-12 23:08:00,80.3
2025-06-12 14:59:00,46.9
2025-06-12 04:12:00,50.1110094970102
2025-06-12 09:37:00,51.2
2025-06-12 20:49:00,40.7
2025-06-12 05:10:00,47.5
2025-06-12 21:51:00,50.1110094970102
2025-06-12 22:58:00,20.8
2025-06-12 23:00:00,50.0
2025-06-12 01:41:00,51.8
2025-06-12 17:26:00,99.8
2025-06-12 15:17:00,1.1
2025-06-12 23:22:00,50.1110094970102
2025-06-12 09:39:00,41.8
2025-06-12 10:50:00,36.2
2025-06-12 16:44:00,87.4
2025-06-12 18:01:00,82.9
2025-06-12 05:33:00,34.5
2025-06-12 02:53:00,99.5
2025-06-12 17:40:00,7.6
2025-06-12 16:58:00,61.5
2025-06-12 06:40:00,50.1110094970102
2025-06-12 05:59:00,12.2
2025-06-12 00:53:00,88.9
2025-06-12 02:33:00,64.0
2025-06-12 01:19:00,0.9
2025-06-12 20:21:00,97.0
2025-06-12 15:40:00,55.7
2025-06-12 11:50:00,50.1110094970102
2025-06-12 02:59:00,86.5
2025-06-12 17:58:00,84.8
2025-06-12 05:10:00,1.0
2025-06-12 11:58:00,65.1
2025-06-12 12:41:00,50.1110094970102
2025-06-12 20:51:00,19.6
2025-06-12 11:33:00,20.1
2025-06-12 01:49:00,36.8
2025-06-12 16:10:00,7.8
2025-06-12 20:55:00,37.4
2025-06-12 01:52:00,4.5
2025-06-12 18:41:00,7.4
2025-06-12 18:31:00,50.1110094970102
2025-06-12 15:45:00,50.1110094970102
2025-06-12 01:37:00,50.1110094970102
2025-06-12 19:54:00,82.7
2025-06-12 19:41:00,10.2
2025-06-12 06:07:00,47.1
2025-06-12 01:02:00,69.4
2025-06-12 09:17:00,50.1110094970102
2025-06-12 01:46:00,16.4
2025-06-12 00:27:00,18.4
2025-06-12 04:11:00,9.7
2025-06-12 18:01:00,61.1
2025-06-12 05:18:00,31.3
2025-06-12 02:31:00,64.7
2025-06-12 05:26:00,94.9
2025-06-12 22:34:00,50.1110094970102
2025-06-12 07:19:00,50.1110094970102
2025-06-12 17:23:00,20.6
2025-06-12 17:10:00,11.9
2025-06-12 15:40:00,63.2
2025-06-12 13:55:00,50.1110094970102
2025-06-12 17:10:00,37.4
2025-06-12 08:43:00,6.5
2025-06-12 16:45:00,4.8
2025-06-12 04:00:00,9.4
2025-06-12 16:44:00,12.5
2025-06-12 00:56:00,32.0
2025-06-12 12:35:00,64.1
2025-06-12 20:15:00,87.9
2025-06-12 16:48:00,38.2
2025-06-12 20:16:00,27.5
2025-06-12 21:46:00,50.26990393626991
2025-06-12 16:14:00,28.0
2025-06-12 14:38:00,50.26990393626991
2025-06-12 23:20:00,83.9
2025-06-12 10:55:00,50.26990393626991
2025-06-12 16:42:00,59.8
2025-06-12 17:20:00,40.5
2025-06-12 10:11:00,6.6
2025-06-12 21:07:00,0.1
2025-06-12 08:32:00,29.0
2025-06-12 22:31:00,76.5
2025-06-12 14:44:00,51.3
2025-06-12 05:01:00,50.26990393626991
2025-06-12 03:38:00,50.26990393626991
2025-06-12 17:44:00,50.26990393626991
2025-06-12 05:23:00,65.1
2025-06-12 01:04:00,72.9
2025-06-12 11:54:00,29.2
2025-06-12 05:59:00,71.5
2025-06-12 22:59:00,10.8
2025-06-12 02:00:00,60.8
2025-06-12 14:06:00,11.1
2025-06-12 00:54:00,50.26990393626991
2025-06-12 20:54:00,16.6
2025-06-12 09:32:00,35.5
2025-06-12 13:03:00,30.5
2025-06-12 22:34:00,22.3
2025-06-12 00:38:00,24.8
2025-06-12 06:27:00,9.5
2025-06-12 20:16:00,4.9
2025-06-12 02:54:00,50.26990393626991
2025-06-12 03:22:00,24.2
2025-06-12 01:47:00,69.0
2025-06-12 06:12:00,25.1
2025-06-12 05:45:00,50.26990393626991
2025-06-12 14:42:00,95.5
2025-06-12 22:11:00,46.3
2025-06-12 16:38:00,10.6
2025-06-12 20:24:00,66.0
2025-06-12 13:35:00,1.7
2025-06-12 16:14:00,48.0
2025-06-12 11:41:00,30.1
2025-06-12 09:51:00,19.9
2025-06-12 17:05:00,6.4
2025-06-12 01:55:00,32.4
2025-06-12 00:55:00,49.6
2025-06-12 08:35:00,1.4
2025-06-12 12:12:00,68.0
2025-06-12 00:36:00,79.9
2025-06-12 05:23:00,33.9
2025-06-12 20:43:00,23.5
2025-06-12 10:30:00,29.9
2025-06-12 06:54:00,21.0
2025-06-12 02:33:00,80.0
2025-06-12 20:31:00,21.0
2025-06-12 09:55:00,83.0
2025-06-12 12:10:00,73.8
2025-06-12 04:49:00,50.26990393626991
2025-06-12 20:02:00,25.7
2025-06-12 22:04:00,50.26990393626991
2025-06-12 12:38:00,18.0
2025-06-12 12:53:00,98.0
2025-06-12 07:12:00,96.1
2025-06-12 17:47:00,7.9
2025-06-12 23:04:00,49.0
2025-06-12 07:00:00,57.5
2025-06-12 01:36:00,68.2
2025-06-12 09:43:00,50.26990393626991
2025-06-12 08:45:00,50.26990393626991
2025-06-12 11:11:00,72.2
2025-06-12 06:44:00,22.4
2025-06-12 12:28:00,92.9
2025-06-12 00:08:00,20.0
2025-06-12 20:11:00,16.6
2025-06-12 14:06:00,22.6
2025-06-12 17:45:00,88.5
2025-06-12 11:21:00,52.1
2025-06-12 09:18:00,8.0
2025-06-12 16:55:00,63.9
2025-06-12 04:41:00,2.8
2025-06-12 03:07:00,50.26990393626991
2025-06-12 18:10:00,7.4
2025-06-12 09:04:00,21.1
2025-06-12 19:56:00,70.5
2025-06-12 16:55:00,20.5
2025-06-12 06:46:00,85.2
2025-06-12 10:34:00,50.26990393626991
2025-06-12 03:26:00,63.0
2025-06-12 15:24:00,62.0
2025-06-12 05:59:00,38.3
2025-06-12 21:16:00,96.9
2025-06-12 17:41:00,96.7
2025-06-12 21:45:00,73.8
2025-06-12 22:25:00,33.4
2025-06-12 14:29:00,82.9
2025-06-12 21:11:00,8.5
2025-06-12 10:48:00,57.1
2025-06-12 12:15:00,95.4
2025-06-12 21:27:00,50.26990393626991
2025-06-12 15:02:00,5.8
2025-06-12 04:19:00,18.8
2025-06-12 08:41:00,98.6
2025-06-12 11:53:00,27.6
2025-06-12 11:50:00,94.7
2025-06-12 08:09:00,82.6
2025-06-12 00:53:00,21.7
2025-06-12 18:22:00,78.2
2025-06-12 21:13:00,50.26990393626991
2025-06-12 00:30:00,50.26990393626991
2025-06-12 06:53:00,65.3
2025-06-12 00:32:00,65.5
2025-06-12 13:09:00,69.8
2025-06-12 10:03:00,62.0
2025-06-12 05:32:00,41.5
2025-06-12 15:28:00,50.6
2025-06-12 14:37:00,13.2
2025-06-12 06:22:00,61.8
2025-06-12 08:10:00,49.3
2025-06-12 14:49:00,49.0
2025-06-12 05:28:00,50.26990393626991
2025-06-12 14:21:00,23.4
2025-06-12 11:17:00,65.2
2025-06-12 04:15:00,8.4
2025-06-12 10:57:00,6.0
2025-06-12 12:22:00,18.7
2025-06-12 19:36:00,87.1
2025-06-12 08:53:00,38.7
2025-06-12 10:25:00,35.6
2025-06-12 05:08:00,89.0
2025-06-12 16:58:00,16.8
2025-06-12 00:39:00,8.9
2025-06-12 02:35:00,94.7
2025-06-12 11:25:00,36.9
2025-06-12 16:45:00,19.5
2025-06-12 09:03:00,50.26990393626991
2025-06-12 14:25:00,60.2
2025-06-12 11:56:00,38.8
2025-06-12 14:10:00,14.8
2025-06-12 16:09:00,21.2
2025-06-12 11:38:00,22.7
2025-06-12 01:18:00,35.9
2025-06-12 01:04:00,87.8
2025-06-12 01:10:00,16.0
2025-06-12 01:44:00,52.5
2025-06-12 23:58:00,76.5
2025-06-12 02:03:00,44.2
2025-06-12 22:52:00,86.3
2025-06-12 02:21:00,32.3
2025-06-12 08:13:00,93.0
2025-06-12 12:49:00,50.26990393626991
2025-06-12 11:12:00,53.5
2025-06-12 22:56:00,11.7
2025-06-12 16:49:00,54.2
2025-06-12 17:33:00,50.26990393626991
2025-06-12 00:04:00,18.9
2025-06-12 10:15:00,20.2
2025-06-12 03:44:00,52.0
2025-06-12 01:52:00,5.1
2025-06-12 18:11:00,46.8
2025-06-12 13:17:00,14.4
2025-06-12 20:40:00,15.8
2025-06-12 14:41:00,66.5
2025-06-12 06:10:00,80.1
2025-06-12 02:44:00,20.3
2025-06-12 05:16:00,50.26990393626991
2025-06-12 20:35:00,90.6
2025-06-12 13:00:00,49.2
2025-06-12 10:58:00,10.8
2025-06-12 10:52:00,88.6
2025-06-12 13:14:00,98.4
2025-06-12 14:00:00,18.1
2025-06-12 18:32:00,24.4
2025-06-12 20:49:00,3.7
2025-06-12 18:49:00,62.9
2025-06-12 01:45:00,67.8
2025-06-12 01:30:00,17.4
2025-06-12 03:50:00,30.0
2025-06-12 16:05:00,28.2
2025-06-12 08:31:00,60.1
2025-06-12 10:16:00,50.26990393626991
2025-06-12 19:53:00,81.2
2025-06-12 16:58:00,90.0
2025-06-12 16:58:00,60.4
2025-06-12 16:00:00,38.6
2025-06-12 20:40:00,20.6
2025-06-12 16:27:00,71.3
2025-06-12 05:30:00,50.26990393626991
2025-06-12 16:55:00,97.7
2025-06-12 22:04:00,50.9
2025-06-12 05:38:00,99.0
2025-06-12 02:05:00,56.6
2025-06-12 08:07:00,26.2
2025-06-12 10:18:00,99.2
2025-06-12 00:38:00,39.8
2025-06-12 02:44:00,49.7
2025-06-12 04:09:00,67.8
2025-06-12 05:54:00,50.26990393626991
2025-06-12 13:11:00,18.2
2025-06-12 17:30:00,18.6
2025-06-12 02:42:00,59.7
2025-06-12 02:49:00,68.4
2025-06-12 00:03:00,50.26990393626991
2025-06-12 13:54:00,89.3
2025-06-12 10:36:00,78.2
2025-06-12 02:44:00,98.0
2025-06-12 07:08:00,50.26990393626991
2025-06-12 20:58:00,52.0
2025-06-12 06:42:00,20.8
2025-06-12 15:54:00,33.9
2025-06-12 05:54:00,43.4
2025-06-12 15:19:00,4.0
2025-06-12 15:22:00,84.1
2025-06-12 08:16:00,4.0
2025-06-12 01:38:00,10.6
2025-06-12 08:12:00,81.7
2025-06-12 02:09:00,85.4
2025-06-12 04:35:00,57.2
2025-06-12 05:00:00,50.26990393626991
2025-06-12 22:12:00,99.1
2025-06-12 22:16:00,50.7
2025-06-12 20:23:00,40.2
2025-06-12 01:07:00,89.0
2025-06-12 22:11:00,22.0
2025-06-12 00:04:00,91.3
2025-06-12 05:09:00,42.9
2025-06-12 11:01:00,81.9
2025-06-12 16:48:00,85.7
2025-06-12 09:42:00,42.0
2025-06-12 01:42:00,90.0
2025-06-12 10:55:00,32.6
2025-06-12 01:26:00,61.9
2025-06-12 11:52:00,82.0
2025-06-12 18:22:00,89.9
2025-06-12 15:23:00,79.2
2025-06-12 03:37:00,26.6
2025-06-12 01:24:00,15.9
2025-06-12 13:41:00,76.2
2025-06-12 08:56:00,54.0
2025-06-12 12:55:00,25.8
2025-06-12 08:57:00,50.26990393626991
2025-06-12 05:12:00,92.2
2025-06-12 11:01:00,28.6
2025-06-12 05:53:00,60.1
2025-06-12 05:03:00,78.5
2025-06-12 16:20:00,52.5
2025-06-12 05:42:00,24.5
2025-06-12 01:27:00,37.7
2025-06-12 00:44:00,30.6
2025-06-12 00:59:00,39.8
2025-06-12 06:41:00,14.9
2025-06-12 12:35:00,53.1
2025-06-12 18:02:00,69.1
2025-06-12 15:27:00,26.1
2025-06-12 06:15:00,50.26990393626991
2025-06-12 18:15:00,26.4
2025-06-12 05:31:00,50.26990393626991
2025-06-12 08:24:00,50.26990393626991
2025-06-12 19:20:00,50.26990393626991
2025-06-12 07:31:00,27.2
2025-06-12 15:31:00,0.3
2025-06-12 02:15:00,55.2
2025-06-12 13:48:00,49.2
2025-06-12 12:10:00,16.9
2025-06-12 17:52:00,50.26990393626991
2025-06-12 03:09:00,24.0
2025-06-12 14:18:00,77.4
2025-06-12 06:20:00,11.8
2025-06-12 04:41:00,50.26990393626991
2025-06-12 14:51:00,7.8
2025-06-12 19:24:00,7.7
2025-06-12 19:55:00,32.8
2025-06-12 05:44:00,92.5
2025-06-12 20:50:00,82.6
2025-06-12 12:54:00,32.7
2025-06-12 22:46:00,95.7
2025-06-12 00:49:00,66.8
2025-06-12 01:00:00,86.1
2025-06-12 08:34:00,49.3
2025-06-12 06:08:00,28.4
2025-06-12 05:46:00,79.4
2025-06-12 12:31:00,50.26990393626991
2025-06-12 22:56:00,73.3
2025-06-12 22:03:00,11.7
2025-06-12 00:42:00,87.9
2025-06-12 09:42:00,37.4
2025-06-12 03:01:00,50.26990393626991
2025-06-12 17:14:00,62.3
2025-06-12 19:15:00,50.26990393626991
2025-06-12 14:15:00,63.7
2025-06-12 10:39:00,55.0
2025-06-12 11:42:00,67.6
2025-06-12 20:35:00,74.2
2025-06-12 23:18:00,66.7
2025-06-12 17:32:00,19.6
2025-06-12 12:59:00,10.3
2025-06-12 17:06:00,27.6
2025-06-12 07:25:00,50.26990393626991
2025-06-12 19:14:00,78.4
2025-06-12 13:09:00,74.5
2025-06-12 02:18:00,67.7
2025-06-12 21:17:00,86.3
2025-06-12 18:36:00,8.5
2025-06-12 12:05:00,36.6
2025-06-12 00:45:00,65.0
2025-06-12 20:51:00,77.0
2025-06-12 04:40:00,50.26990393626991
2025-06-12 20:47:00,31.0
2025-06-12 08:12:00,93.0
2025-06-12 22:37:00,19.2
2025-06-12 20:07:00,50.9
2025-06-12 06:35:00,49.3
2025-06-12 10:29:00,90.6
2025-06-12 05:40:00,10.3
2025-06-12 12:20:00,50.26990393626991
2025-06-12 00:26:00,2.5
2025-06-12 14:59:00,18.1
2025-06-12 08:24:00,82.3
2025-06-12 16:05:00,97.3
2025-06-12 18:52:00,85.8
2025-06-12 22:39:00,50.26990393626991
2025-06-12 15:33:00,95.3
2025-06-12 03:17:00,61.2
2025-06-12 22:40:00,50.26990393626991
2025-06-12 06:09:00,88.8
2025-06-12 13:32:00,50.26990393626991
2025-06-12 02:32:00,4.7
2025-06-12 20:11:00,56.0
2025-06-12 00:43:00,77.7
2025-06-12 00:16:00,95.3
2025-06-12 07:44:00,76.1
2025-06-12 21:48:00,49.485271956675305
2025-06-12 05:32:00,49.485271956675305
2025-06-12 13:34:00,83.5
2025-06-12 21:24:00,67.7
2025-06-12 23:50:00,30.6
2025-06-12 09:14:00,93.6
2025-06-12 08:02:00,36.6
2025-06-12 18:22:00,49.485271956675305
2025-06-12 22:45:00,5.1
2025-06-12 05:18:00,36.9
2025-06-12 20:29:00,9.4
2025-06-12 18:56:00,30.1
2025-06-12 12:56:00,51.8
2025-06-12 12:52:00,30.6
2025-06-12 16:59:00,18.2
2025-06-12 02:14:00,62.2
2025-06-12 15:40:00,88.1
2025-06-12 20:30:00,23.1
2025-06-12 17:36:00,90.3
2025-06-12 05:56:00,69.1
2025-06-12 11:13:00,10.5
2025-06-12 01:58:00,55.8
2025-06-12 19:29:00,18.6
2025-06-12 22:47:00,25.4
2025-06-12 07:46:00,73.1
2025-06-12 14:07:00,1.5
2025-06-12 12:11:00,49.485271956675305
2025-06-12 18:08:00,21.7
2025-06-12 21:39:00,27.6
2025-06-12 00:06:00,80.5
2025-06-12 00:26:00,49.485271956675305
2025-06-12 19:17:00,34.3
2025-06-12 04:09:00,66.2
2025-06-12 08:10:00,90.5
2025-06-12 08:19:00,56.1
2025-06-12 08:08:00,49.485271956675305
2025-06-12 17:48:00,73.0
2025-06-12 03:26:00,49.485271956675305
2025-06-12 09:40:00,28.7
2025-06-12 11:57:00,20.7
2025-06-12 10:51:00,45.9
2025-06-12 09:05:00,16.7
2025-06-12 16:37:00,80.1
2025-06-12 04:46:00,49.485271956675305
2025-06-12 03:48:00,43.8
2025-06-12 07:34:00,93.0
2025-06-12 01:53:00,49.485271956675305
2025-06-12 15:26:00,13.3
2025-06-12 01:12:00,47.5
2025-06-12 15:36:00,49.485271956675305
2025-06-12 08:34:00,99.4
2025-06-12 18:08:00,85.1
2025-06-12 17:14:00,26.4
2025-06-12 01:32:00,15.9
2025-06-12 00:08:00,72.4
2025-06-12 14:56:00,31.7
2025-06-12 03:24:00,90.9
2025-06-12 03:33:00,49.485271956675305
2025-06-12 21:28:00,63.3
2025-06-12 15:15:00,3.2
2025-06-12 16:23:00,17.5
2025-06-12 08:09:00,49.485271956675305
2025-06-12 20:58:00,73.3
2025-06-12 08:00:00,49.485271956675305
2025-06-12 22:15:00,79.3
2025-06-12 09:12:00,41.5
2025-06-12 18:44:00,49.485271956675305
2025-06-12 05:27:00,32.3
2025-06-12 13:01:00,49.9
2025-06-12 13:19:00,49.485271956675305
2025-06-12 01:04:00,68.7
2025-06-12 08:53:00,81.1
2025-06-12 19:06:00,50.7
2025-06-12 01:23:00,10.6
2025-06-12 12:10:00,70.7
2025-06-12 16:54:00,8.6
2025-06-12 16:21:00,20.3
2025-06-12 16:16:00,88.4
2025-06-12 21:12:00,87.1
2025-06-12 06:56:00,93.2
2025-06-12 21:26:00,97.8
2025-06-12 00:45:00,69.6
2025-06-12 11:52:00,69.2
2025-06-12 17:03:00,46.6
2025-06-12 06:21:00,39.4
2025-06-12 18:21:00,25.0
2025-06-12 05:36:00,49.485271956675305
2025-06-12 09:39:00,5.9
2025-06-12 16:08:00,63.5
2025-06-12 00:32:00,65.7
2025-06-12 17:58:00,49.485271956675305
2025-06-12 21:03:00,89.5
2025-06-12 00:08:00,72.7
2025-06-12 16:54:00,18.3
2025-06-12 04:15:00,12.2
2025-06-12 09:50:00,45.6
2025-06-12 10:13:00,9.4
2025-06-12 19:10:00,76.5
2025-06-12 20:30:00,39.1
2025-06-12 16:33:00,28.5
2025-06-12 23:13:00,28.1
2025-06-12 05:18:00,73.8
2025-06-12 09:40:00,55.3
2025-06-12 20:24:00,49.485271956675305
2025-06-12 01:56:00,39.1
2025-06-12 20:45:00,49.485271956675305
2025-06-12 02:02:00,17.0
2025-06-12 12:04:00,11.8
2025-06-12 02:49:00,54.2
2025-06-12 02:53:00,49.485271956675305
2025-06-12 00:23:00,64.5
2025-06-12 21:39:00,38.1
2025-06-12 07:30:00,49.485271956675305
2025-06-12 10:17:00,82.5
2025-06-12 03:33:00,49.485271956675305
2025-06-12 10:12:00,77.5
2025-06-12 08:55:00,5.5
2025-06-12 02:57:00,84.2
2025-06-12 15:55:00,49.485271956675305
2025-06-12 13:08:00,48.8
2025-06-12 07:28:00,18.3
2025-06-12 13:54:00,59.5
2025-06-12 11:18:00,49.485271956675305
2025-06-12 12:54:00,49.485271956675305
2025-06-12 07:08:00,60.0
2025-06-12 10:53:00,15.7
2025-06-12 16:47:00,17.8
2025-06-12 14:42:00,49.485271956675305
2025-06-12 03:26:00,95.7
2025-06-12 20:46:00,5.8
2025-06-12 01:29:00,54.4
2025-06-12 08:55:00,78.7
2025-06-12 03:11:00,85.1
2025-06-12 17:49:00,7.0
2025-06-12 18:58:00,50.2
2025-06-12 18:23:00,40.1
2025-06-12 05:48:00,19.9
2025-06-12 05:47:00,49.485271956675305
2025-06-12 01:29:00,45.2
2025-06-12 04:19:00,25.8
2025-06-12 22:01:00,71.4
2025-06-12 12:19:00,98.3
2025-06-12 20:29:00,49.485271956675305
2025-06-12 14:57:00,37.4
2025-06-12 07:34:00,87.2
2025-06-12 01:38:00,9.0
2025-06-12 16:41:00,78.5
2025-06-12 19:41:00,75.3
2025-06-12 06:17:00,59.8
2025-06-12 01:41:00,49.485271956675305
2025-06-12 00:12:00,74.1
2025-06-12 06:35:00,18.5
2025-06-12 09:52:00,48.6
2025-06-12 08:08:00,45.3
2025-06-12 17:48:00,88.1
2025-06-12 10:39:00,52.2
2025-06-12 23:33:00,52.6
2025-06-12 00:22:00,20.7
2025-06-12 01:23:00,46.6
2025-06-12 18:22:00,69.1
2025-06-12 03:52:00,36.8
2025-06-12 10:37:00,6.6
2025-06-12 06:59:00,49.485271956675305
2025-06-12 23:01:00,69.4
2025-06-12 12:52:00,18.9
2025-06-12 00:50:00,9.4
2025-06-12 09:51:00,11.9
2025-06-12 16:40:00,88.4
2025-06-12 06:48:00,72.8
2025-06-12 16:45:00,88.2
2025-06-12 13:29:00,37.6
2025-06-12 09:00:00,74.5
2025-06-12 07:08:00,21.0
2025-06-12 13:30:00,72.0
2025-06-12 17:53:00,42.2
2025-06-12 10:05:00,67.8
2025-06-12 19:16:00,2.9
2025-06-12 09:50:00,39.7
2025-06-12 07:39:00,24.3
2025-06-12 08:59:00,49.485271956675305
2025-06-12 08:45:00,78.0
2025-06-12 06:11:00,96.7
2025-06-12 01:15:00,89.5
2025-06-12 01:50:00,3.3
2025-06-12 17:00:00,27.6
2025-06-12 08:53:00,55.9
2025-06-12 18:33:00,49.485271956675305
2025-06-12 20:41:00,99.1
2025-06-12 22:01:00,1.0
2025-06-12 09:17:00,78.4
2025-06-12 13:35:00,49.485271956675305
2025-06-12 23:16:00,39.5
2025-06-12 06:33:00,49.485271956675305
2025-06-12 23:01:00,49.485271956675305
2025-06-12 22:05:00,93.8
2025-06-12 09:30:00,76.7
2025-06-12 05:39:00,42.1
2025-06-12 09:26:00,37.4
2025-06-12 06:00:00,81.7
2025-06-12 04:14:00,49.485271956675305
2025-06-12 17:13:00,74.7
2025-06-12 12:40:00,22.1
2025-06-12 14:22:00,99.0
2025-06-12 13:10:00,78.2
2025-06-12 18:16:00,55.3
2025-06-12 08:17:00,49.485271956675305
2025-06-12 19:53:00,49.485271956675305
2025-06-12 18:21:00,95.4
2025-06-12 09:09:00,56.8
2025-06-12 15:13:00,77.9
2025-06-12 06:40:00,43.2
2025-06-12 14:07:00,8.1
2025-06-12 10:53:00,99.1
2025-06-12 20:14:00,98.5
2025-06-12 06:55:00,32.5
2025-06-12 06:47:00,70.6
2025-06-12 16:44:00,75.9
2025-06-12 11:48:00,49.4
2025-06-12 03:53:00,49.485271956675305
2025-06-12 11:48:00,28.0
2025-06-12 12:24:00,21.3
2025-06-12 08:09:00,67.7
2025-06-12 21:14:00,96.2
2025-06-12 05:37:00,17.7
2025-06-12 17:54:00,67.3
2025-06-12 03:28:00,42.6
2025-06-12 04:55:00,46.9
2025-06-12 13:01:00,24.4
2025-06-12 09:53:00,75.6
2025-06-12 21:19:00,26.8
2025-06-12 13:56:00,67.8
2025-06-12 13:01:00,24.9
2025-06-12 17:10:00,52.0
2025-06-12 19:13:00,49.485271956675305
2025-06-12 13:55:00,92.4
2025-06-12 01:47:00,0.7
2025-06-12 20:00:00,23.6
2025-06-12 23:02:00,42.7
2025-06-12 15:41:00,70.8
2025-06-12 10:39:00,44.8
2025-06-12 15:37:00,54.4
2025-06-12 09:53:00,32.4
2025-06-12 20:54:00,97.3
2025-06-12 21:19:00,13.3
2025-06-12 12:30:00,10.7
2025-06-12 19:39:00,31.0
2025-06-12 13:51:00,91.3
2025-06-12 04:58:00,17.9
2025-06-12 21:25:00,46.8
2025-06-12 13:31:00,42.6
2025-06-12 05:32:00,93.7
2025-06-12 06:12:00,39.7
2025-06-12 20:06:00,78.1
2025-06-12 13:27:00,7.5
2025-06-12 12:29:00,95.8
2025-06-12 22:45:00,5.2
2025-06-12 00:13:00,98.1
2025-06-12 10:34:00,49.485271956675305
2025-06-12 01:44:00,60.7
2025-06-12 18:11:00,42.0
2025-06-12 04:17:00,79.6
2025-06-12 15:25:00,58.2
2025-06-12 12:29:00,55.0
2025-06-12 13:46:00,90.4
2025-06-12 09:14:00,49.7
2025-06-12 13:10:00,38.3
2025-06-12 10:13:00,61.8
2025-06-12 19:53:00,48.1
2025-06-12 15:18:00,48.2
2025-06-12 07:38:00,45.7
2025-06-12 16:32:00,76.6
2025-06-12 07:21:00,60.3
2025-06-12 11:01:00,18.5
2025-06-12 03:51:00,79.6
2025-06-12 08:49:00,49.485271956675305
2025-06-12 20:26:00,26.2
2025-06-12 07:59:00,44.9
2025-06-12 22:38:00,18.5
2025-06-12 00:39:00,94.9
2025-06-12 15:45:00,54.4
2025-06-12 08:25:00,93.2
2025-06-12 14:11:00,49.485271956675305
2025-06-12 04:58:00,49.485271956675305
2025-06-12 16:24:00,72.1
2025-06-12 07:09:00,25.3
2025-06-12 17:56:00,34.2
2025-06-12 21:06:00,64.4
2025-06-12 17:21:00,9.2
2025-06-12 19:00:00,36.5
2025-06-12 06:05:00,20.6
2025-06-12 15:43:00,38.4
2025-06-12 11:00:00,49.485271956675305
2025-06-12 19:21:00,93.3
2025-06-12 10:29:00,65.7
2025-06-12 18:48:00,41.5
2025-06-12 07:52:00,43.7
2025-06-12 17:49:00,52.4
2025-06-12 15:33:00,79.2
2025-06-12 05:37:00,40.9
2025-06-12 02:47:00,49.485271956675305
2025-06-12 09:27:00,41.9
2025-06-12 17:22:00,50.0997191011236
2025-06-12 21:32:00,50.0997191011236
2025-06-12 12:09:00,63.8
2025-06-12 12:04:00,25.5
2025-06-12 11:07:00,24.7
2025-06-12 19:42:00,27.5
2025-06-12 00:08:00,89.7
2025-06-12 17:10:00,90.7
2025-06-12 09:47:00,60.0
2025-06-12 00:09:00,80.8
2025-06-12 06:55:00,50.4
2025-06-12 07:55:00,34.7
2025-06-12 21:31:00,7.5
2025-06-12 02:25:00,94.5
2025-06-12 02:07:00,5.2
2025-06-12 17:39:00,44.9
2025-06-12 11:27:00,50.0997191011236
2025-06-12 23:38:00,89.1
2025-06-12 09:05:00,55.8
2025-06-12 03:56:00,50.0997191011236
2025-06-12 10:32:00,22.2
2025-06-12 06:58:00,3.9
2025-06-12 12:46:00,18.8
2025-06-12 11:47:00,50.0997191011236
2025-06-12 10:28:00,7.2
2025-06-12 13:36:00,32.9
2025-06-12 13:05:00,10.2
2025-06-12 02:49:00,42.4
2025-06-12 06:15:00,50.0997191011236
2025-06-12 12:04:00,71.5
2025-06-12 16:26:00,26.2
2025-06-12 07:29:00,55.7
2025-06-12 10:48:00,74.3
2025-06-12 20:39:00,30.8
2025-06-12 06:04:00,57.7
2025-06-12 02:02:00,55.9
2025-06-12 12:57:00,80.8
2025-06-12 16:31:00,50.0997191011236
2025-06-12 14:00:00,50.0997191011236
2025-06-12 19:36:00,80.3
2025-06-12 22:14:00,19.6
2025-06-12 01:13:00,3.4
2025-06-12 09:16:00,88.1
2025-06-12 17:18:00,40.5
2025-06-12 03:11:00,50.0997191011236
2025-06-12 10:34:00,46.3
2025-06-12 17:21:00,50.0997191011236
2025-06-12 16:01:00,35.4
2025-06-12 14:35:00,96.9
2025-06-12 15:57:00,81.9
2025-06-12 00:03:00,79.4
2025-06-12 16:41:00,55.6
2025-06-12 21:06:00,13.6
2025-06-12 10:26:00,34.9
2025-06-12 19:58:00,50.0997191011236
2025-06-12 23:11:00,87.2
2025-06-12 18:19:00,47.8
2025-06-12 09:52:00,50.0997191011236
2025-06-12 20:01:00,12.5
2025-06-12 02:43:00,50.0997191011236
2025-06-12 22:26:00,67.2
2025-06-12 21:17:00,83.6
2025-06-12 13:14:00,50.0997191011236
2025-06-12 21:06:00,97.7
2025-06-12 18:04:00,13.1
2025-06-12 15:36:00,96.4
2025-06-12 08:29:00,29.6
2025-06-12 15:02:00,9.8
2025-06-12 12:19:00,70.7
2025-06-12 17:55:00,44.9
2025-06-12 11:59:00,93.2
2025-06-12 15:29:00,47.0
2025-06-12 22:09:00,50.0997191011236
2025-06-12 01:18:00,50.9
2025-06-12 20:41:00,78.6
2025-06-12 19:10:00,96.7
2025-06-12 04:59:00,87.2
2025-06-12 01:11:00,5.6
2025-06-12 14:31:00,37.6
2025-06-12 09:19:00,49.0
2025-06-12 13:07:00,88.0
2025-06-12 12:22:00,8.8
2025-06-12 17:50:00,80.0
2025-06-12 04:51:00,50.0997191011236
2025-06-12 14:07:00,50.0997191011236
2025-06-12 10:05:00,42.5
2025-06-12 13:11:00,28.1
2025-06-12 21:23:00,93.0
2025-06-12 19:48:00,22.5
2025-06-12 15:30:00,49.3
2025-06-12 04:29:00,50.0997191011236
2025-06-12 20:23:00,50.0997191011236
2025-06-12 21:57:00,50.0997191011236
2025-06-12 18:41:00,5.0
2025-06-12 08:44:00,63.7
2025-06-12 14:23:00,89.7
2025-06-12 11:04:00,97.6
2025-06-12 08:15:00,1.7
2025-06-12 23:03:00,36.2
2025-06-12 19:52:00,50.0997191011236
2025-06-12 10:45:00,77.2
2025-06-12 15:59:00,42.7
2025-06-12 20:14:00,99.3
2025-06-12 11:17:00,50.0997191011236
2025-06-12 05:22:00,43.3
2025-06-12 00:02:00,42.4
2025-06-12 08:44:00,40.8
2025-06-12 05:11:00,93.5
2025-06-12 16:59:00,22.2
2025-06-12 18:57:00,15.6
2025-06-12 11:28:00,56.9
2025-06-12 08:20:00,73.7
2025-06-12 08:52:00,27.4
2025-06-12 17:58:00,50.0997191011236
2025-06-12 20:06:00,15.4
2025-06-12 19:54:00,9.8
2025-06-12 02:16:00,50.0997191011236
2025-06-12 08:24:00,8.9
2025-06-12 23:30:00,81.8
2025-06-12 22:42:00,78.3
2025-06-12 15:20:00,50.0997191011236
2025-06-12 12:10:00,59.7
2025-06-12 01:03:00,9.1
2025-06-12 16:46:00,2.3
2025-06-12 17:50:00,50.0997191011236
2025-06-12 11:42:00,50.0997191011236
2025-06-12 21:38:00,27.7
2025-06-12 15:06:00,0.6
2025-06-12 22:46:00,27.3
2025-06-12 20:52:00,58.2
2025-06-12 05:29:00,74.1
2025-06-12 04:28:00,50.0997191011236
2025-06-12 17:45:00,38.1
2025-06-12 02:01:00,22.4
2025-06-12 15:12:00,13.8
2025-06-12 11:22:00,3.9
2025-06-12 14:21:00,5.2
2025-06-12 04:32:00,75.3
2025-06-12 21:54:00,50.0997191011236
2025-06-12 04:13:00,27.7
2025-06-12 01:03:00,98.4
2025-06-12 19:52:00,0.7
2025-06-12 01:03:00,72.8
2025-06-12 01:11:00,74.5
2025-06-12 06:58:00,41.2
2025-06-12 03:43:00,61.4
2025-06-12 20:37:00,81.4
2025-06-12 19:25:00,16.0
2025-06-12 15:55:00,85.7
2025-06-12 01:37:00,50.1
2025-06-12 16:52:00,58.1
2025-06-12 13:06:00,50.0997191011236
2025-06-12 03:26:00,99.9
2025-06-12 19:14:00,42.4
2025-06-12 22:25:00,50.0997191011236
2025-06-12 05:02:00,18.7
2025-06-12 09:02:00,17.6
2025-06-12 09:46:00,50.0997191011236
2025-06-12 05:49:00,14.7
2025-06-12 10:50:00,6.4
2025-06-12 19:31:00,21.7
2025-06-12 12:26:00,33.6
2025-06-12 13:37:00,36.1
2025-06-12 23:47:00,56.3
2025-06-12 15:44:00,49.3
2025-06-12 17:59:00,41.2
2025-06-12 16:32:00,26.2
2025-06-12 21:46:00,50.0997191011236
2025-06-12 14:15:00,7.0
2025-06-12 09:41:00,20.2
2025-06-12 15:53:00,6.4
2025-06-12 18:46:00,81.9
2025-06-12 20:10:00,50.0997191011236
2025-06-12 13:01:00,50.0997191011236
2025-06-12 18:13:00,74.9
2025-06-12 01:13:00,33.3
2025-06-12 18:53:00,59.6
2025-06-12 11:13:00,26.2
2025-06-12 11:03:00,38.1
2025-06-12 12:17:00,88.5
2025-06-12 10:05:00,46.7
2025-06-12 13:15:00,54.3
2025-06-12 00:24:00,26.6
2025-06-12 23:20:00,32.1
2025-06-12 13:31:00,94.6
2025-06-12 09:47:00,38.5
2025-06-12 07:17:00,65.8
2025-06-12 07:08:00,0.3
2025-06-12 06:56:00,53.9
2025-06-12 04:48:00,50.0997191011236
2025-06-12 13:32:00,44.0
2025-06-12 22:03:00,97.9
2025-06-12 12:01:00,51.9
2025-06-12 20:36:00,80.6
2025-06-12 11:21:00,94.5
2025-06-12 17:00:00,50.0997191011236
2025-06-12 13:14:00,5.3
2025-06-12 09:45:00,89.4
2025-06-12 01:19:00,50.0997191011236
2025-06-12 15:31:00,50.0997191011236
2025-06-12 12:24:00,52.1
2025-06-12 17:49:00,50.0997191011236
2025-06-12 01:46:00,62.0
2025-06-12 22:37:00,82.6
2025-06-12 17:35:00,50.0997191011236
2025-06-12 00:03:00,9.4
2025-06-12 19:06:00,47.2
2025-06-12 11:59:00,54.4
2025-06-12 01:45:00,95.3
2025-06-12 20:40:00,50.0997191011236
2025-06-12 14:44:00,99.1
2025-06-12 02:36:00,29.8
2025-06-12 17:04:00,78.5
2025-06-12 19:35:00,62.1
2025-06-12 20:35:00,26.4
2025-06-12 23:16:00,63.2
2025-06-12 03:20:00,21.1
2025-06-12 03:39:00,3.9
2025-06-12 12:09:00,9.0
2025-06-12 16:41:00,71.1
2025-06-12 07:55:00,50.0997191011236
2025-06-12 14:36:00,50.0997191011236
2025-06-12 22:37:00,46.8
2025-06-12 00:58:00,69.5
2025-06-12 18:10:00,51.3
2025-06-12 12:07:00,72.7
2025-06-12 04:25:00,46.4
2025-06-12 01:18:00,7.9
2025-06-12 04:46:00,53.1
2025-06-12 02:25:00,73.2
2025-06-12 10:04:00,64.1
2025-06-12 00:32:00,77.8
2025-06-12 02:07:00,32.1
2025-06-12 14:34:00,34.1
2025-06-12 18:55:00,87.1
2025-06-12 23:25:00,50.0997191011236
2025-06-12 13:33:00,79.5
2025-06-12 16:21:00,77.5
2025-06-12 02:59:00,29.0
2025-06-12 22:34:00,97.1
2025-06-12 18:59:00,40.2
2025-06-12 06:19:00,93.0
2025-06-12 15:27:00,93.6
2025-06-12 00:24:00,37.5
2025-06-12 20:56:00,18.1
2025-06-12 11:24:00,5.0
2025-06-12 13:15:00,26.4
2025-06-12 18:45:00,27.0
2025-06-12 10:32:00,32.9
2025-06-12 19:31:00,76.4
2025-06-12 05:15:00,50.0997191011236
2025-06-12 09:20:00,65.0
2025-06-12 18:03:00,79.6
2025-06-12 14:30:00,8.3
2025-06-12 22:04:00,11.6
2025-06-12 12:49:00,84.3
2025-06-12 09:42:00,97.2
2025-06-12 20:38:00,76.3
2025-06-12 18:24:00,20.7
2025-06-12 03:26:00,1.6
2025-06-12 09:57:00,22.1
2025-06-12 01:07:00,38.3
2025-06-12 16:13:00,13.0
2025-06-12 03:03:00,50.0997191011236
2025-06-12 00:15:00,58.7
2025-06-12 02:26:00,69.2
2025-06-12 02:50:00,92.3
2025-06-12 04:55:00,45.6
2025-06-12 10:14:00,11.5
2025-06-12 15:52:00,47.0
2025-06-12 07:46:00,50.0997191011236
2025-06-12 14:46:00,15.0
2025-06-12 04:07:00,19.2
2025-06-12 21:32:00,76.4
2025-06-12 17:34:00,50.0997191011236
2025-06-12 05:57:00,50.0997191011236
2025-06-12 04:19:00,56.3
2025-06-12 04:53:00,60.2
2025-06-12 12:55:00,93.0
2025-06-12 06:00:00,51.1
2025-06-12 11:42:00,10.5
2025-06-12 11:58:00,50.0997191011236
2025-06-12 19:12:00,77.9
2025-06-12 14:45:00,48.8
2025-06-12 21:21:00,9.8
2025-06-12 06:28:00,8.1
2025-06-12 07:54:00,52.1
2025-06-12 13:08:00,59.4
2025-06-12 20:43:00,50.0997191011236
2025-06-12 20:54:00,50.0997191011236
2025-06-12 18:31:00,42.4
2025-06-12 07:22:00,63.7
2025-06-12 01:02:00,76.4
2025-06-12 13:56:00,45.4
2025-06-12 08:04:00,64.6
2025-06-12 12:13:00,50.0997191011236
2025-06-12 19:08:00,25.7
2025-06-12 16:26:00,19.5
2025-06-12 06:23:00,50.7
2025-06-12 22:01:00,50.0997191011236
2025-06-12 08:19:00,95.2
2025-06-12 11:32:00,80.1
2025-06-12 08:25:00,37.0
2025-06-12 10:21:00,83.0
2025-06-12 03:53:00,29.4
2025-06-12 20:01:00,71.1
2025-06-12 02:13:00,97.6
2025-06-12 08:17:00,50.0997191011236
2025-06-12 14:10:00,20.3
2025-06-12 06:40:00,95.1
2025-06-12 10:15:00,47.2
2025-06-12 03:08:00,79.7
2025-06-12 09:07:00,69.7
2025-06-12 22:44:00,94.9
2025-06-12 02:15:00,50.0997191011236
2025-06-12 02:10:00,50.0997191011236
2025-06-12 03:40:00,50.0997191011236
2025-06-12 03:49:00,72.9
2025-06-12 06:38:00,51.9
2025-06-12 22:33:00,45.5
2025-06-12 08:56:00,74.6
2025-06-12 11:59:00,72.4
2025-06-12 18:03:00,86.6
2025-06-12 06:03:00,45.7
2025-06-12 15:09:00,6.8
2025-06-12 19:47:00,15.9
2025-06-12 05:37:00,0.4
2025-06-12 02:14:00,90.5
2025-06-12 03:06:00,62.7
2025-06-12 16:09:00,86.8
2025-06-12 02:11:00,33.4
2025-06-12 06:15:00,31.7
2025-06-12 15:44:00,95.9
2025-06-12 10:13:00,65.6
2025-06-12 06:57:00,67.5
2025-06-12 19:14:00,36.0
2025-06-12 23:54:00,12.9
2025-06-12 08:26:00,11.9
2025-06-12 11:22:00,96.0
2025-06-12 12:10:00,49.889081537019685
2025-06-12 03:13:00,57.5
2025-06-12 08:19:00,85.1
2025-06-12 17:19:00,52.4
2025-06-12 19:39:00,88.0
2025-06-12 20:29:00,11.7
2025-06-12 22:33:00,67.4
2025-06-12 13:28:00,49.889081537019685
2025-06-12 05:38:00,38.4
2025-06-12 12:27:00,31.6
2025-06-12 20:32:00,81.9
2025-06-12 07:13:00,63.1
2025-06-12 13:39:00,32.6
2025-06-12 23:05:00,76.3
2025-06-12 03:16:00,49.6
2025-06-12 01:45:00,4.8
2025-06-12 23:57:00,49.889081537019685
2025-06-12 04:51:00,99.6
2025-06-12 02:38:00,48.7
2025-06-12 20:17:00,67.3
2025-06-12 02:34:00,64.8
2025-06-12 23:53:00,60.1
2025-06-12 22:03:00,98.9
2025-06-12 17:08:00,75.2
2025-06-12 02:14:00,79.0
2025-06-12 05:42:00,37.5
2025-06-12 15:14:00,47.2
2025-06-12 06:07:00,49.889081537019685
2025-06-12 10:11:00,35.8
2025-06-12 07:21:00,1.6
2025-06-12 10:31:00,5.8
2025-06-12 17:19:00,49.889081537019685
2025-06-12 00:12:00,20.4
2025-06-12 11:32:00,55.4
2025-06-12 16:32:00,27.0
2025-06-12 14:40:00,21.3
2025-06-12 21:56:00,79.1
2025-06-12 04:13:00,81.7
2025-06-12 01:01:00,5.7
2025-06-12 15:39:00,49.889081537019685
2025-06-12 01:07:00,99.2
2025-06-12 21:11:00,20.6
2025-06-12 02:15:00,4.3
2025-06-12 19:54:00,16.5
2025-06-12 19:16:00,15.3
2025-06-12 00:01:00,49.889081537019685
2025-06-12 04:18:00,49.889081537019685
2025-06-12 12:56:00,45.3
2025-06-12 12:38:00,85.4
2025-06-12 15:13:00,57.9
2025-06-12 08:52:00,11.1
2025-06-12 12:16:00,49.889081537019685
2025-06-12 06:24:00,6.1
2025-06-12 05:45:00,49.889081537019685
2025-06-12 19:30:00,62.1
2025-06-12 05:19:00,79.1
2025-06-12 19:29:00,68.8
2025-06-12 07:09:00,92.1
2025-06-12 01:20:00,15.7
2025-06-12 17:57:00,51.5
2025-06-12 22:16:00,33.2
2025-06-12 08:24:00,5.7
2025-06-12 12:21:00,91.2
2025-06-12 17:54:00,28.6
2025-06-12 23:41:00,98.2
2025-06-12 03:49:00,26.9
2025-06-12 16:30:00,14.0
2025-06-12 03:40:00,2.1
2025-06-12 14:47:00,19.1
2025-06-12 06:15:00,71.1
2025-06-12 21:39:00,31.0
2025-06-12 06:20:00,32.7
2025-06-12 10:09:00,49.889081537019685
2025-06-12 16:47:00,83.1
2025-06-12 00:11:00,16.7
2025-06-12 08:09:00,48.5
2025-06-12 12:34:00,34.2
2025-06-12 15:12:00,32.0
2025-06-12 07:39:00,3.3
2025-06-12 16:27:00,44.0
2025-06-12 20:55:00,92.2
2025-06-12 10:50:00,65.2
2025-06-12 23:58:00,25.7
2025-06-12 09:23:00,49.889081537019685
2025-06-12 17:27:00,22.2
2025-06-12 01:07:00,54.3
2025-06-12 14:18:00,49.889081537019685
2025-06-12 09:53:00,2.2
2025-06-12 15:47:00,21.1
2025-06-12 08:35:00,67.8
2025-06-12 18:04:00,38.5
2025-06-12 18:09:00,98.3
2025-06-12 03:15:00,9.2
2025-06-12 14:06:00,49.889081537019685
2025-06-12 09:32:00,73.3
2025-06-12 11:16:00,49.889081537019685
2025-06-12 18:38:00,92.9
2025-06-12 15:39:00,12.7
2025-06-12 19:50:00,38.3
2025-06-12 07:57:00,1.6
2025-06-12 02:00:00,70.9
2025-06-12 13:57:00,97.0
2025-06-12 19:13:00,76.2
2025-06-12 22:02:00,49.889081537019685
2025-06-12 00:56:00,54.6
2025-06-12 04:36:00,54.6
2025-06-12 07:52:00,15.6
2025-06-12 20:56:00,50.0
2025-06-12 21:47:00,58.3
2025-06-12 06:08:00,12.9
2025-06-12 17:48:00,98.5
2025-06-12 16:59:00,4.3
2025-06-12 04:25:00,41.7
2025-06-12 19:48:00,11.4
2025-06-12 02:16:00,49.889081537019685
2025-06-12 06:06:00,97.0
2025-06-12 17:16:00,48.5
2025-06-12 16:55:00,66.7
2025-06-12 06:08:00,48.6
2025-06-12 06:25:00,49.889081537019685
2025-06-12 06:11:00,73.0
2025-06-12 17:49:00,49.889081537019685
2025-06-12 13:09:00,39.1
2025-06-12 09:17:00,97.6
2025-06-12 10:33:00,8.5
2025-06-12 00:57:00,83.0
2025-06-12 17:46:00,35.7
2025-06-12 21:17:00,93.0
2025-06-12 14:39:00,9.5
2025-06-12 13:50:00,54.5
2025-06-12 22:37:00,76.2
2025-06-12 18:40:00,10.5
2025-06-12 18:15:00,34.8
2025-06-12 12:30:00,90.0
2025-06-12 20:17:00,37.6
2025-06-12 20:47:00,13.1
2025-06-12 08:56:00,19.2
2025-06-12 16:41:00,77.1
2025-06-12 02:11:00,19.9
2025-06-12 01:26:00,94.4
2025-06-12 09:22:00,88.8
2025-06-12 03:09:00,49.889081537019685
2025-06-12 17:04:00,49.889081537019685
2025-06-12 08:32:00,13.9
2025-06-12 16:35:00,66.2
2025-06-12 07:37:00,71.2
2025-06-12 10:14:00,38.3
2025-06-12 20:43:00,8.1
2025-06-12 17:53:00,83.9
2025-06-12 11:23:00,49.889081537019685
2025-06-12 07:55:00,49.889081537019685
2025-06-12 11:47:00,77.3
2025-06-12 07:01:00,8.5
2025-06-12 12:37:00,15.6
2025-06-12 13:28:00,46.7
2025-06-12 14:37:00,41.5
2025-06-12 10:19:00,54.0
2025-06-12 12:42:00,66.3
2025-06-12 16:49:00,35.8
2025-06-12 03:22:00,73.2
2025-06-12 06:38:00,49.889081537019685
2025-06-12 16:05:00,54.9
2025-06-12 13:19:00,18.4
2025-06-12 20:02:00,39.5
2025-06-12 03:16:00,41.5
2025-06-12 03:51:00,7.0
2025-06-12 06:24:00,49.889081537019685
2025-06-12 11:54:00,49.889081537019685
2025-06-12 17:28:00,59.1
2025-06-12 17:09:00,76.7
2025-06-12 15:36:00,78.6
2025-06-12 12:08:00,49.889081537019685
2025-06-12 01:47:00,81.9
2025-06-12 23:54:00,38.7
2025-06-12 03:23:00,1.8
2025-06-12 12:59:00,26.8
2025-06-12 10:32:00,77.4
2025-06-12 18:21:00,6.2
2025-06-12 00:28:00,15.7
2025-06-12 11:05:00,74.5
2025-06-12 06:30:00,3.6
2025-06-12 00:22:00,21.8
2025-06-12 07:59:00,43.0
2025-06-12 00:58:00,58.1
2025-06-12 07:27:00,4.3
2025-06-12 08:43:00,49.889081537019685
2025-06-12 06:27:00,14.6
2025-06-12 15:17:00,49.889081537019685
2025-06-12 00:38:00,62.7
2025-06-12 14:53:00,47.4
2025-06-12 07:42:00,50.1
2025-06-12 15:09:00,49.889081537019685
2025-06-12 00:17:00,70.5
2025-06-12 19:46:00,44.9
2025-06-12 05:31:00,92.2
2025-06-12 19:53:00,16.0
2025-06-12 07:04:00,95.3
2025-06-12 19:38:00,52.1
2025-06-12 19:21:00,98.6
2025-06-12 14:28:00,33.2
2025-06-12 15:55:00,99.3
2025-06-12 00:11:00,49.889081537019685
2025-06-12 22:45:00,28.5
2025-06-12 00:03:00,49.889081537019685
2025-06-12 23:08:00,69.8
2025-06-12 03:03:00,92.5
2025-06-12 00:59:00,21.5
2025-06-12 16:35:00,45.0
2025-06-12 06:37:00,33.4
2025-06-12 07:00:00,48.6
2025-06-12 01:44:00,32.1
2025-06-12 13:37:00,82.3
2025-06-12 04:04:00,49.889081537019685
2025-06-12 04:29:00,49.889081537019685
2025-06-12 05:35:00,58.9
2025-06-12 08:06:00,49.889081537019685
2025-06-12 13:01:00,31.7
2025-06-12 02:27:00,47.5
2025-06-12 06:53:00,79.2
2025-06-12 23:13:00,62.0
2025-06-12 21:11:00,78.2
2025-06-12 01:52:00,72.6
2025-06-12 01:58:00,76.7
2025-06-12 08:49:00,90.5
2025-06-12 07:04:00,91.3
2025-06-12 01:37:00,79.9
2025-06-12 08:31:00,86.9
2025-06-12 15:07:00,69.7
2025-06-12 13:32:00,59.5
2025-06-12 15:45:00,52.5
2025-06-12 08:56:00,85.8
2025-06-12 05:10:00,49.889081537019685
2025-06-12 02:00:00,34.8
2025-06-12 05:09:00,71.8
2025-06-12 12:09:00,57.4
2025-06-12 16:00:00,96.1
2025-06-12 06:36:00,98.3
2025-06-12 07:21:00,82.7
2025-06-12 15:58:00,49.889081537019685
2025-06-12 03:12:00,45.9
2025-06-12 03:39:00,49.889081537019685
2025-06-12 08:20:00,90.4
2025-06-12 08:08:00,70.1
2025-06-12 05:23:00,30.1
2025-06-12 05:08:00,5.5
2025-06-12 19:42:00,95.9
2025-06-12 00:17:00,5.2
2025-06-12 16:26:00,19.2
2025-06-12 07:10:00,41.9
2025-06-12 07:13:00,87.2
2025-06-12 10:24:00,60.2
2025-06-12 13:29:00,31.0
2025-06-12 01:31:00,87.5
2025-06-12 01:50:00,41.6
2025-06-12 08:27:00,12.2
2025-06-12 20:04:00,92.2
2025-06-12 08:09:00,49.889081537019685
2025-06-12 11:28:00,80.4
2025-06-12 01:24:00,9.6
2025-06-12 02:19:00,16.7
2025-06-12 13:04:00,96.3
2025-06-12 20:52:00,79.6
2025-06-12 23:58:00,99.8
2025-06-12 08:19:00,25.3
2025-06-12 00:25:00,1.0
2025-06-12 13:46:00,45.8
2025-06-12 02:38:00,39.1
2025-06-12 00:42:00,50.1
2025-06-12 23:15:00,60.3
2025-06-12 15:14:00,31.0
2025-06-12 01:48:00,63.4
2025-06-12 10:22:00,35.6
2025-06-12 20:32:00,49.889081537019685
2025-06-12 13:19:00,70.2
2025-06-12 20:09:00,79.5
2025-06-12 03:30:00,24.4
2025-06-12 11:02:00,81.6
2025-06-12 04:32:00,15.5
2025-06-12 19:58:00,69.3
2025-06-12 15:08:00,11.7
2025-06-12 07:37:00,68.1
2025-06-12 23:18:00,30.5
2025-06-12 00:09:00,70.2
2025-06-12 08:38:00,12.9
2025-06-12 11:37:00,5.3
2025-06-12 00:21:00,25.8
2025-06-12 21:03:00,82.5
2025-06-12 06:57:00,49.889081537019685
2025-06-12 15:40:00,85.8
2025-06-12 04:31:00,12.1
2025-06-12 14:26:00,92.4
2025-06-12 07:28:00,49.889081537019685
2025-06-12 17:45:00,3.7
2025-06-12 19:27:00,55.3
2025-06-12 14:39:00,25.8
2025-06-12 13:46:00,49.889081537019685
2025-06-12 00:58:00,72.9
2025-06-12 05:01:00,49.889081537019685
2025-06-12 12:35:00,80.1
2025-06-12 19:43:00,28.1
2025-06-12 06:26:00,92.1
2025-06-12 12:00:00,72.1
2025-06-12 06:45:00,49.889081537019685
2025-06-12 09:48:00,83.1
2025-06-12 02:38:00,90.3
2025-06-12 07:40:00,78.4
2025-06-12 15:50:00,61.6
2025-06-12 13:52:00,87.7
2025-06-12 11:08:00,71.9
2025-06-12 04:55:00,96.6
2025-06-12 13:45:00,52.9
2025-06-12 15:56:00,88.0
2025-06-12 18:00:00,49.889081537019685
2025-06-12 17:38:00,81.5
2025-06-12 18:41:00,60.7
2025-06-12 21:41:00,23.0
2025-06-12 22:05:00,49.889081537019685
2025-06-12 16:40:00,28.1
2025-06-12 08:21:00,49.889081537019685
2025-06-12 02:29:00,93.9
2025-06-12 20:09:00,12.1
2025-06-12 09:17:00,47.6
2025-06-12 17:02:00,26.9
2025-06-12 23:06:00,63.9
2025-06-12 01:31:00,12.3
2025-06-12 03:05:00,24.7
2025-06-12 13:36:00,77.6
2025-06-12 18:38:00,76.8
2025-06-12 12:46:00,28.7
2025-06-12 03:43:00,87.6
2025-06-12 01:31:00,75.0
2025-06-12 09:58:00,91.0
2025-06-12 09:58:00,11.0
2025-06-12 08:01:00,73.2
2025-06-12 03:31:00,65.6
2025-06-12 21:37:00,92.4
2025-06-12 17:46:00,48.7
2025-06-12 11:22:00,45.9
2025-06-12 01:35:00,37.5
2025-06-12 09:59:00,12.8
2025-06-12 13:53:00,19.9
2025-06-12 15:18:00,60.0
2025-06-12 08:29:00,88.6
2025-06-12 21:56:00,78.8
2025-06-12 01:44:00,4.3
2025-06-12 22:34:00,19.3
2025-06-12 06:39:00,56.9
2025-06-12 11:59:00,22.2
2025-06-12 02:35:00,50.12778039031272
2025-06-12 23:21:00,12.6
2025-06-12 06:39:00,21.4
2025-06-12 05:08:00,78.9
2025-06-12 20:32:00,23.4
2025-06-12 05:31:00,17.2
2025-06-12 02:50:00,95.7
2025-06-12 19:48:00,33.4
2025-06-12 23:11:00,63.8
2025-06-12 03:59:00,23.7
2025-06-12 07:49:00,89.9
2025-06-12 03:09:00,86.6
2025-06-12 10:40:00,14.2
2025-06-12 17:57:00,50.12778039031272
2025-06-12 13:35:00,57.7
2025-06-12 13:20:00,69.0
2025-06-12 01:03:00,91.7
2025-06-12 01:42:00,61.4
2025-06-12 10:42:00,15.8
2025-06-12 12:25:00,95.0
2025-06-12 23:27:00,2.1
2025-06-12 08:18:00,2.4
2025-06-12 15:21:00,40.6
2025-06-12 11:12:00,50.12778039031272
2025-06-12 17:09:00,42.9
2025-06-12 13:00:00,29.0
2025-06-12 22:50:00,34.8
2025-06-12 12:34:00,90.6
2025-06-12 16:02:00,0.6
2025-06-12 13:37:00,34.9
2025-06-12 18:41:00,58.7
2025-06-12 00:13:00,18.3
2025-06-12 04:04:00,81.3
2025-06-12 13:51:00,50.12778039031272
2025-06-12 23:47:00,50.12778039031272
2025-06-12 14:24:00,91.8
2025-06-12 17:59:00,12.5
2025-06-12 01:01:00,16.9
2025-06-12 03:19:00,21.7
2025-06-12 11:27:00,59.3
2025-06-12 05:59:00,79.2
2025-06-12 07:04:00,97.9
2025-06-12 01:19:00,44.8
2025-06-12 12:58:00,67.7
2025-06-12 20:56:00,50.12778039031272
2025-06-12 07:49:00,78.6
2025-06-12 05:12:00,94.8
2025-06-12 19:28:00,3.2
2025-06-12 12:38:00,70.8
2025-06-12 10:33:00,77.0
2025-06-12 20:59:00,69.7
2025-06-12 13:11:00,19.9
2025-06-12 13:29:00,62.8
2025-06-12 04:44:00,39.4
2025-06-12 16:12:00,50.12778039031272
2025-06-12 22:15:00,50.12778039031272
2025-06-12 21:44:00,59.5
2025-06-12 10:53:00,70.4
2025-06-12 05:48:00,26.9
2025-06-12 15:03:00,40.6
2025-06-12 05:09:00,68.2
2025-06-12 22:43:00,49.8
2025-06-12 22:13:00,64.7
2025-06-12 17:07:00,83.8
2025-06-12 09:39:00,13.6
2025-06-12 04:55:00,55.8
2025-06-12 00:24:00,28.5
2025-06-12 12:40:00,38.2
2025-06-12 15:48:00,45.1
2025-06-12 02:47:00,80.3
2025-06-12 21:32:00,62.5
2025-06-12 12:34:00,77.9
2025-06-12 03:10:00,29.9
2025-06-12 08:52:00,50.12778039031272
2025-06-12 21:21:00,40.3
2025-06-12 14:51:00,91.9
2025-06-12 20:59:00,50.12778039031272
2025-06-12 04:55:00,21.1
2025-06-12 18:23:00,72.8
2025-06-12 21:06:00,19.7
2025-06-12 01:17:00,1.3
2025-06-12 13:20:00,27.1
2025-06-12 23:36:00,50.12778039031272
2025-06-12 01:35:00,7.0
2025-06-12 09:20:00,50.12778039031272
2025-06-12 10:47:00,50.12778039031272
2025-06-12 18:48:00,50.12778039031272
2025-06-12 19:03:00,19.4
2025-06-12 00:36:00,20.2
2025-06-12 16:06:00,50.12778039031272
2025-06-12 01:52:00,77.8
2025-06-12 10:21:00,26.5
2025-06-12 16:02:00,80.3
2025-06-12 21:18:00,86.2
2025-06-12 23:19:00,6.9
2025-06-12 19:50:00,48.7
2025-06-12 19:42:00,16.8
2025-06-12 13:28:00,52.8
2025-06-12 06:12:00,17.0
2025-06-12 00:37:00,50.12778039031272
2025-06-12 10:56:00,81.5
2025-06-12 17:16:00,22.8
2025-06-12 16:57:00,47.3
2025-06-12 09:17:00,40.7
2025-06-12 14:05:00,55.3
2025-06-12 14:33:00,99.8
2025-06-12 23:48:00,92.1
2025-06-12 21:20:00,22.0
2025-06-12 11:08:00,53.7
2025-06-12 20:12:00,78.1
2025-06-12 04:17:00,62.8
2025-06-12 06:02:00,20.1
2025-06-12 08:16:00,65.8
2025-06-12 06:17:00,61.7
2025-06-12 02:20:00,20.0
2025-06-12 12:46:00,66.4
2025-06-12 18:04:00,53.8
2025-06-12 23:58:00,62.8
2025-06-12 10:44:00,58.6
2025-06-12 00:42:00,50.12778039031272
2025-06-12 10:59:00,7.8
2025-06-12 15:25:00,10.5
2025-06-12 09:21:00,51.1
2025-06-12 12:33:00,64.3
2025-06-12 16:23:00,57.7
2025-06-12 23:50:00,88.1
2025-06-12 10:49:00,93.7
2025-06-12 10:51:00,3.3
2025-06-12 06:14:00,36.7
2025-06-12 11:58:00,35.2
2025-06-12 06:56:00,65.1
2025-06-12 22:42:00,64.7
2025-06-12 01:16:00,1.2
2025-06-12 10:09:00,78.4
2025-06-12 03:11:00,89.0
2025-06-12 14:23:00,58.5
2025-06-12 21:13:00,45.5
2025-06-12 05:15:00,23.2
2025-06-12 08:48:00,26.3
2025-06-12 13:37:00,54.2
2025-06-12 21:35:00,72.7
2025-06-12 13:37:00,1.0
2025-06-12 18:43:00,50.12778039031272
2025-06-12 16:40:00,21.4
2025-06-12 20:17:00,92.0
2025-06-12 08:52:00,42.6
2025-06-12 03:29:00,40.7
2025-06-12 20:59:00,1.9
2025-06-12 15:24:00,33.8
2025-06-12 08:16:00,27.5
2025-06-12 15:22:00,35.4
2025-06-12 16:47:00,33.1
2025-06-12 17:37:00,74.0
2025-06-12 03:31:00,16.6
2025-06-12 11:07:00,90.8
2025-06-12 04:47:00,61.1
2025-06-12 08:03:00,45.2
2025-06-12 01:52:00,32.3
2025-06-12 09:18:00,26.6
2025-06-12 20:13:00,33.0
2025-06-12 22:12:00,56.5
2025-06-12 14:25:00,45.6
2025-06-12 13:10:00,69.6
2025-06-12 14:34:00,14.3
2025-06-12 21:46:00,44.3
2025-06-12 06:51:00,50.12778039031272
2025-06-12 07:32:00,37.0
2025-06-12 06:53:00,34.3
2025-06-12 01:05:00,98.6
2025-06-12 11:49:00,90.9
2025-06-12 20:06:00,12.7
2025-06-12 16:26:00,58.7
2025-06-12 01:44:00,31.7
2025-06-12 00:19:00,50.12778039031272
2025-06-12 10:12:00,54.4
2025-06-12 17:57:00,77.3
2025-06-12 21:56:00,24.3
2025-06-12 04:24:00,50.12778039031272
2025-06-12 10:06:00,31.1
2025-06-12 21:01:00,37.8
2025-06-12 16:03:00,50.4
2025-06-12 01:01:00,82.2
2025-06-12 17:01:00,68.4
2025-06-12 04:17:00,11.8
2025-06-12 15:00:00,95.1
2025-06-12 16:12:00,35.4
2025-06-12 07:38:00,50.12778039031272
2025-06-12 01:38:00,84.7
2025-06-12 14:18:00,50.12778039031272
2025-06-12 00:44:00,56.7
2025-06-12 20:50:00,27.3
2025-06-12 16:11:00,28.9
2025-06-12 21:19:00,54.7
2025-06-12 05:25:00,50.12778039031272
2025-06-12 22:55:00,21.9
2025-06-12 22:23:00,95.8
2025-06-12 13:20:00,19.3
2025-06-12 14:28:00,38.0
2025-06-12 19:11:00,75.0
2025-06-12 03:38:00,50.12778039031272
2025-06-12 04:46:00,44.4
2025-06-12 12:48:00,62.7
2025-06-12 04:57:00,0.4
2025-06-12 11:13:00,48.6
2025-06-12 16:35:00,69.3
2025-06-12 17:37:00,22.8
2025-06-12 16:25:00,76.0
2025-06-12 02:59:00,87.1
2025-06-12 04:39:00,95.7
2025-06-12 16:02:00,68.4
2025-06-12 01:19:00,13.6
2025-06-12 05:37:00,50.12778039031272
2025-06-12 08:16:00,9.1
2025-06-12 23:31:00,50.12778039031272
2025-06-12 06:45:00,80.7
2025-06-12 00:45:00,50.12778039031272
2025-06-12 02:10:00,73.0
2025-06-12 06:50:00,27.1
2025-06-12 19:44:00,50.12778039031272
2025-06-12 00:42:00,33.9
2025-06-12 04:17:00,53.5
2025-06-12 02:03:00,39.8
2025-06-12 08:50:00,50.12778039031272
2025-06-12 02:12:00,54.8
2025-06-12 17:26:00,99.4
2025-06-12 02:59:00,23.2
2025-06-12 16:47:00,83.4
2025-06-12 22:06:00,73.7
2025-06-12 08:18:00,98.8
2025-06-12 02:55:00,50.12778039031272
2025-06-12 22:28:00,50.12778039031272
2025-06-12 03:56:00,1.7
2025-06-12 04:41:00,3.4
2025-06-12 17:04:00,28.7
2025-06-12 04:53:00,50.12778039031272
2025-06-12 10:21:00,27.6
2025-06-12 12:47:00,89.9
2025-06-12 08:33:00,40.3
2025-06-12 09:16:00,65.9
2025-06-12 22:08:00,50.7
2025-06-12 06:37:00,57.5
2025-06-12 12:12:00,11.0
2025-06-12 10:41:00,26.0
2025-06-12 09:15:00,50.12778039031272
2025-06-12 06:30:00,50.12778039031272
2025-06-12 11:00:00,75.5
2025-06-12 07:54:00,9.0
2025-06-12 11:15:00,13.6
2025-06-12 18:25:00,50.12778039031272
2025-06-12 13:54:00,51.1
2025-06-12 01:01:00,14.2
2025-06-12 13:46:00,66.5
2025-06-12 19:57:00,94.9
2025-06-12 00:24:00,48.7
2025-06-12 14:41:00,19.3
2025-06-12 08:06:00,23.0
2025-06-12 08:41:00,58.6
2025-06-12 20:23:00,32.4
2025-06-12 10:37:00,28.9
2025-06-12 21:40:00,88.8
2025-06-12 10:35:00,50.12778039031272
2025-06-12 08:06:00,23.6
2025-06-12 08:53:00,35.4
2025-06-12 04:25:00,53.8
2025-06-12 23:35:00,92.7
2025-06-12 06:43:00,50.12778039031272
2025-06-12 00:03:00,67.5
2025-06-12 23:32:00,97.9
2025-06-12 21:26:00,2.4
2025-06-12 03:04:00,50.12778039031272
2025-06-12 07:51:00,15.8
2025-06-12 07:42:00,17.9
2025-06-12 23:13:00,50.12778039031272
2025-06-12 03:15:00,76.4
2025-06-12 11:06:00,30.7
2025-06-12 23:35:00,6.3
2025-06-12 04:12:00,59.9
2025-06-12 16:50:00,79.0
2025-06-12 23:12:00,50.12778039031272
2025-06-12 18:04:00,56.3
2025-06-12 19:32:00,71.2
2025-06-12 18:21:00,47.0
2025-06-12 04:26:00,10.9
2025-06-12 01:09:00,80.8
2025-06-12 23:38:00,69.7
2025-06-12 14:51:00,79.4
2025-06-12 18:43:00,95.7
2025-06-12 06:19:00,72.7
2025-06-12 14:56:00,60.2
2025-06-12 16:47:00,46.4
2025-06-12 11:02:00,30.8
2025-06-12 09:18:00,62.9
2025-06-12 23:02:00,31.6
2025-06-12 19:23:00,38.8
2025-06-12 14:14:00,50.12778039031272
2025-06-12 17:35:00,50.12778039031272
2025-06-12 06:25:00,2.7
2025-06-12 23:09:00,50.12778039031272
2025-06-12 19:57:00,50.12778039031272
2025-06-12 17:44:00,78.3
2025-06-12 17:36:00,50.12778039031272
2025-06-12 07:25:00,73.1
2025-06-12 14:23:00,14.7
2025-06-12 22:16:00,20.3
2025-06-12 14:12:00,62.9
2025-06-12 21:17:00,42.8
2025-06-12 03:31:00,84.6
2025-06-12 16:30:00,51.5
2025-06-12 15:13:00,50.12778039031272
2025-06-12 01:13:00,17.8
2025-06-12 14:32:00,50.12778039031272
2025-06-12 01:04:00,75.9
2025-06-12 11:27:00,32.4
2025-06-12 07:52:00,87.6
2025-06-12 19:37:00,89.9
2025-06-12 18:39:00,12.6
2025-06-12 23:43:00,52.5
2025-06-12 20:57:00,50.12778039031272
2025-06-12 19:38:00,95.9
2025-06-12 00:47:00,95.3
2025-06-12 17:03:00,4.5
2025-06-12 13:07:00,61.4
2025-06-12 09:34:00,40.8
2025-06-12 10:49:00,23.9
2025-06-12 20:08:00,88.6
2025-06-12 01:07:00,98.6
2025-06-12 22:34:00,95.4
2025-06-12 00:24:00,79.3
2025-06-12 14:45:00,49.8
2025-06-12 06:54:00,20.1
2025-06-12 04:58:00,50.1655304792927
2025-06-12 06:39:00,76.1
2025-06-12 20:22:00,59.4
2025-06-12 14:40:00,50.1655304792927
2025-06-12 15:07:00,89.7
2025-06-12 15:40:00,97.7
2025-06-12 21:25:00,38.1
2025-06-12 22:31:00,28.4
2025-06-12 00:47:00,84.8
2025-06-12 02:55:00,48.2
2025-06-12 15:01:00,50.1655304792927
2025-06-12 18:56:00,42.7
2025-06-12 03:08:00,63.3
2025-06-12 03:36:00,70.7
2025-06-12 07:55:00,59.4
2025-06-12 14:53:00,61.0
2025-06-12 23:00:00,53.8
2025-06-12 23:01:00,62.5
2025-06-12 11:57:00,10.3
2025-06-12 18:36:00,47.6
2025-06-12 03:44:00,74.4
2025-06-12 17:17:00,54.0
2025-06-12 01:55:00,25.8
2025-06-12 21:08:00,41.6
2025-06-12 17:35:00,45.5
2025-06-12 20:48:00,74.9
2025-06-12 14:15:00,45.4
2025-06-12 23:16:00,51.6
2025-06-12 23:39:00,26.0
2025-06-12 20:57:00,35.2
2025-06-12 20:56:00,10.4
2025-06-12 02:35:00,20.5
2025-06-12 04:03:00,50.1655304792927
2025-06-12 15:40:00,89.8
2025-06-12 21:32:00,36.5
2025-06-12 11:20:00,12.8
2025-06-12 05:04:00,50.1655304792927
2025-06-12 21:33:00,48.7
2025-06-12 17:37:00,56.9
2025-06-12 05:11:00,6.1
2025-06-12 22:50:00,50.1655304792927
2025-06-12 08:57:00,40.0
2025-06-12 03:27:00,20.7
2025-06-12 19:15:00,79.0
2025-06-12 02:43:00,75.1
2025-06-12 10:35:00,99.8
2025-06-12 03:54:00,29.9
2025-06-12 18:54:00,41.0
2025-06-12 17:05:00,50.1655304792927
2025-06-12 10:26:00,14.7
2025-06-12 00:01:00,12.2
2025-06-12 09:41:00,7.3
2025-06-12 07:50:00,17.4
2025-06-12 02:18:00,94.1
2025-06-12 13:38:00,27.3
2025-06-12 23:34:00,65.8
2025-06-12 06:12:00,30.8
2025-06-12 09:49:00,50.1655304792927
2025-06-12 04:53:00,62.7
2025-06-12 02:36:00,17.0
2025-06-12 13:14:00,91.9
2025-06-12 04:35:00,56.5
2025-06-12 05:08:00,78.8
2025-06-12 12:54:00,48.5
2025-06-12 18:29:00,95.2
2025-06-12 14:13:00,91.4
2025-06-12 22:47:00,37.3
2025-06-12 23:17:00,15.0
2025-06-12 21:34:00,50.1655304792927
2025-06-12 17:33:00,74.4
2025-06-12 10:26:00,87.0
2025-06-12 08:29:00,19.7
2025-06-12 03:41:00,46.5
2025-06-12 04:03:00,84.5
2025-06-12 21:46:00,55.6
2025-06-12 17:47:00,72.5
2025-06-12 20:58:00,7.0
2025-06-12 19:10:00,47.1
2025-06-12 22:05:00,63.5
2025-06-12 22:06:00,26.4
2025-06-12 00:52:00,16.5
2025-06-12 01:48:00,50.1655304792927
2025-06-12 00:18:00,2.3
2025-06-12 00:36:00,61.2
2025-06-12 12:48:00,98.8
2025-06-12 03:31:00,89.5
2025-06-12 23:33:00,85.6
2025-06-12 03:48:00,4.3
2025-06-12 18:39:00,60.0
2025-06-12 14:55:00,74.2
2025-06-12 04:47:00,10.5
2025-06-12 11:38:00,24.9
2025-06-12 04:43:00,94.5
2025-06-12 20:29:00,50.1655304792927
2025-06-12 21:51:00,54.7
2025-06-12 17:37:00,31.9
2025-06-12 13:09:00,70.8
2025-06-12 16:36:00,44.7
2025-06-12 23:35:00,41.5
2025-06-12 05:21:00,27.7
2025-06-12 01:29:00,75.9
2025-06-12 14:08:00,2.2
2025-06-12 21:44:00,32.1
2025-06-12 07:13:00,81.0
2025-06-12 05:54:00,89.5
2025-06-12 03:33:00,82.4
2025-06-12 18:59:00,78.1
2025-06-12 03:43:00,68.0
2025-06-12 03:32:00,66.9
2025-06-12 20:32:00,22.6
2025-06-12 00:25:00,40.8
2025-06-12 10:00:00,14.5
2025-06-12 19:55:00,36.4
2025-06-12 14:53:00,36.2
2025-06-12 04:55:00,61.8
2025-06-12 17:21:00,48.7
2025-06-12 14:52:00,23.0
2025-06-12 11:54:00,1.2
2025-06-12 19:31:00,32.9
2025-06-12 08:56:00,42.8
2025-06-12 23:30:00,36.1
2025-06-12 16:22:00,32.7
2025-06-12 00:29:00,96.5
2025-06-12 05:50:00,57.2
2025-06-12 21:05:00,98.7
2025-06-12 15:49:00,5.9
2025-06-12 05:18:00,57.1
2025-06-12 01:55:00,11.8
2025-06-12 21:32:00,45.8
2025-06-12 16:31:00,29.8
2025-06-12 06:54:00,17.3
2025-06-12 03:49:00,44.0
2025-06-12 00:18:00,73.9
2025-06-12 12:38:00,24.7
2025-06-12 13:59:00,34.0
2025-06-12 19:09:00,8.0
2025-06-12 03:33:00,31.3
2025-06-12 01:25:00,87.5
2025-06-12 01:56:00,30.9
2025-06-12 15:54:00,43.0
2025-06-12 18:29:00,18.4
2025-06-12 00:00:00,58.9
2025-06-12 21:01:00,91.3
2025-06-12 14:13:00,74.8
2025-06-12 00:52:00,51.1
2025-06-12 22:46:00,26.3
2025-06-12 03:12:00,63.2
2025-06-12 10:32:00,63.1
2025-06-12 07:37:00,13.9
2025-06-12 19:36:00,93.6
2025-06-12 02:33:00,63.8
2025-06-12 06:24:00,0.5
2025-06-12 11:07:00,55.1
2025-06-12 04:31:00,72.5
2025-06-12 19:27:00,95.7
2025-06-12 22:25:00,96.1
2025-06-12 01:21:00,26.8
2025-06-12 15:43:00,94.5
2025-06-12 13:41:00,43.7
2025-06-12 14:28:00,49.1
2025-06-12 18:56:00,45.4
2025-06-12 03:34:00,97.0
2025-06-12 12:55:00,71.1
2025-06-12 23:17:00,65.8
2025-06-12 15:37:00,49.5
2025-06-12 04:14:00,88.6
2025-06-12 06:40:00,2.7
2025-06-12 00:40:00,77.4
2025-06-12 10:16:00,61.6
2025-06-12 09:06:00,77.9
2025-06-12 23:09:00,50.1655304792927
2025-06-12 01:43:00,68.1
2025-06-12 23:34:00,71.1
2025-06-12 15:47:00,99.1
2025-06-12 04:47:00,52.0
2025-06-12 06:33:00,53.9
2025-06-12 19:27:00,73.1
2025-06-12 09:56:00,20.5
2025-06-12 11:35:00,64.1
2025-06-12 19:56:00,50.1655304792927
2025-06-12 14:35:00,35.7
2025-06-12 19:11:00,6.2
2025-06-12 08:53:00,50.1655304792927
2025-06-12 19:50:00,9.2
2025-06-12 02:45:00,9.0
2025-06-12 05:52:00,1.1
2025-06-12 06:29:00,68.3
2025-06-12 01:41:00,63.1
2025-06-12 04:04:00,86.8
2025-06-12 01:16:00,88.8
2025-06-12 13:46:00,8.9
2025-06-12 15:21:00,77.6
2025-06-12 07:24:00,25.3
2025-06-12 10:54:00,50.1655304792927
2025-06-12 05:41:00,54.8
2025-06-12 06:14:00,95.6
2025-06-12 23:56:00,54.2
2025-06-12 03:10:00,50.2
2025-06-12 17:56:00,63.1
2025-06-12 17:36:00,27.5
2025-06-12 18:52:00,50.1655304792927
2025-06-12 03:14:00,50.1655304792927
2025-06-12 15:59:00,50.1655304792927
2025-06-12 02:40:00,64.4
2025-06-12 21:12:00,17.3
2025-06-12 05:21:00,69.0
2025-06-12 16:40:00,58.9
2025-06-12 23:43:00,51.8
2025-06-12 07:05:00,60.8
2025-06-12 00:16:00,40.4
2025-06-12 19:05:00,94.5
2025-06-12 01:26:00,3.2
2025-06-12 00:55:00,9.3
2025-06-12 14:42:00,7.4
2025-06-12 20:40:00,23.6
2025-06-12 08:20:00,2.2
2025-06-12 00:05:00,53.8
2025-06-12 08:25:00,90.6
2025-06-12 11:20:00,31.1
2025-06-12 17:28:00,92.0
2025-06-12 03:35:00,74.5
2025-06-12 02:57:00,54.4
2025-06-12 04:56:00,64.7
2025-06-12 05:06:00,50.1655304792927
2025-06-12 19:43:00,50.1655304792927
2025-06-12 01:33:00,12.3
2025-06-12 20:16:00,72.1
2025-06-12 06:18:00,53.4
2025-06-12 01:27:00,50.1655304792927
2025-06-12 03:08:00,90.2
2025-06-12 14:07:00,26.4
2025-06-12 08:34:00,54.0
2025-06-12 20:48:00,80.2
2025-06-12 14:53:00,90.2
2025-06-12 19:22:00,15.8
2025-06-12 12:59:00,50.1655304792927
2025-06-12 03:57:00,29.9
2025-06-12 15:23:00,40.9
2025-06-12 15:08:00,14.6
2025-06-12 01:12:00,56.4
2025-06-12 17:23:00,38.3
2025-06-12 05:50:00,62.1
2025-06-12 00:25:00,78.2
2025-06-12 08:15:00,54.6
2025-06-12 02:51:00,27.0
2025-06-12 17:45:00,38.3
2025-06-12 18:52:00,79.4
2025-06-12 18:44:00,43.6
2025-06-12 04:10:00,37.3
2025-06-12 19:59:00,61.5
2025-06-12 13:52:00,73.7
2025-06-12 02:28:00,49.4
2025-06-12 19:51:00,36.8
2025-06-12 00:43:00,25.3
2025-06-12 07:22:00,87.8
2025-06-12 20:03:00,53.5
2025-06-12 12:40:00,14.6
2025-06-12 11:38:00,38.0
2025-06-12 10:06:00,50.1655304792927
2025-06-12 20:49:00,54.8
2025-06-12 18:02:00,3.6
2025-06-12 15:06:00,50.1655304792927
2025-06-12 16:01:00,35.6
2025-06-12 22:54:00,22.4
2025-06-12 14:18:00,71.6
2025-06-12 16:11:00,50.1655304792927
2025-06-12 20:25:00,86.0
2025-06-12 01:32:00,11.5
2025-06-12 03:38:00,10.2
2025-06-12 21:09:00,94.4
2025-06-12 05:43:00,88.3
2025-06-12 01:50:00,94.0
2025-06-12 18:49:00,50.1655304792927
2025-06-12 03:42:00,73.0
2025-06-12 03:25:00,46.0
2025-06-12 00:41:00,13.4
2025-06-12 00:30:00,19.4
2025-06-12 02:30:00,79.4
2025-06-12 17:30:00,89.9
2025-06-12 10:30:00,21.5
2025-06-12 03:24:00,59.7
2025-06-12 23:47:00,50.1655304792927
2025-06-12 19:56:00,38.1
2025-06-12 18:41:00,94.7
2025-06-12 22:19:00,50.1655304792927
2025-06-12 10:49:00,51.1
2025-06-12 03:55:00,50.1655304792927
2025-06-12 23:40:00,56.4
2025-06-12 20:48:00,30.4
2025-06-12 04:49:00,50.1655304792927
2025-06-12 03:39:00,50.1655304792927
2025-06-12 15:37:00,50.1655304792927
2025-06-12 13:14:00,40.1
2025-06-12 06:28:00,83.6
2025-06-12 20:04:00,75.2
2025-06-12 19:14:00,42.9
2025-06-12 13:52:00,34.8
2025-06-12 12:23:00,54.2
2025-06-12 19:21:00,35.9
2025-06-12 02:06:00,88.3
2025-06-12 06:56:00,25.3
2025-06-12 15:28:00,78.8
2025-06-12 23:14:00,64.7
2025-06-12 04:14:00,50.1655304792927
2025-06-12 06:04:00,69.9
2025-06-12 01:59:00,43.8
2025-06-12 00:03:00,19.5
2025-06-12 23:18:00,82.9
2025-06-12 23:07:00,94.2
2025-06-12 13:14:00,6.6
2025-06-12 23:31:00,75.9
2025-06-12 21:39:00,40.1
2025-06-12 07:37:00,1.9
2025-06-12 14:12:00,68.3
2025-06-12 07:43:00,37.5
2025-06-12 02:04:00,50.2
2025-06-12 21:01:00,92.3
2025-06-12 16:49:00,15.1
2025-06-12 22:58:00,67.9
2025-06-12 13:46:00,55.5
2025-06-12 03:25:00,50.1655304792927
2025-06-12 11:53:00,97.2
2025-06-12 03:29:00,32.9
2025-06-12 15:33:00,67.5
2025-06-12 13:42:00,44.6
2025-06-12 17:01:00,50.1655304792927
2025-06-12 12:42:00,50.0
2025-06-12 02:49:00,84.2
2025-06-12 11:53:00,39.8
2025-06-12 19:01:00,55.2
2025-06-12 09:34:00,13.9
2025-06-12 21:57:00,13.0
2025-06-12 04:19:00,85.3
2025-06-12 02:57:00,68.2
2025-06-12 17:31:00,50.16485882352941
2025-06-12 18:36:00,50.16485882352941
2025-06-12 20:34:00,90.4
2025-06-12 01:38:00,57.6
2025-06-12 05:58:00,59.2
2025-06-12 17:59:00,50.16485882352941
2025-06-12 11:47:00,50.16485882352941
2025-06-12 17:08:00,50.16485882352941
2025-06-12 22:39:00,98.1
2025-06-12 15:03:00,6.4
2025-06-12 10:36:00,54.5
2025-06-12 14:41:00,67.3
2025-06-12 00:19:00,99.8
2025-06-12 23:50:00,82.5
2025-06-12 16:58:00,50.16485882352941
2025-06-12 17:30:00,50.16485882352941
2025-06-12 17:33:00,50.16485882352941
2025-06-12 19:51:00,19.6
2025-06-12 10:39:00,38.0
2025-06-12 18:55:00,3.3
2025-06-12 04:10:00,53.3
2025-06-12 03:03:00,28.9
2025-06-12 03:42:00,50.16485882352941
2025-06-12 05:35:00,78.0
2025-06-12 01:40:00,43.4
2025-06-12 19:15:00,74.8
2025-06-12 00:51:00,44.6
2025-06-12 00:49:00,15.7
2025-06-12 09:06:00,63.0
2025-06-12 07:57:00,67.0
2025-06-12 19:07:00,48.0
2025-06-12 00:42:00,99.1
2025-06-12 06:53:00,13.1
2025-06-12 00:52:00,7.9
2025-06-12 04:09:00,59.1
2025-06-12 11:07:00,25.1
2025-06-12 13:18:00,32.7
2025-06-12 10:27:00,3.0
2025-06-12 13:02:00,65.2
2025-06-12 00:09:00,45.9
2025-06-12 02:10:00,74.5
2025-06-12 20:46:00,45.9
2025-06-12 09:07:00,90.2
2025-06-12 21:26:00,35.2
2025-06-12 06:20:00,39.6
2025-06-12 08:43:00,67.5
2025-06-12 14:14:00,70.9
2025-06-12 00:10:00,13.0
2025-06-12 16:11:00,81.9
2025-06-12 03:11:00,48.6
2025-06-12 03:34:00,68.0
2025-06-12 08:21:00,5.9
2025-06-12 21:06:00,79.7
2025-06-12 12:58:00,50.9
2025-06-12 00:10:00,27.0
2025-06-12 12:36:00,50.16485882352941
2025-06-12 07:49:00,41.3
2025-06-12 03:04:00,59.8
2025-06-12 00:58:00,98.5
2025-06-12 16:34:00,63.3
2025-06-12 02:03:00,0.3
2025-06-12 14:09:00,16.7
2025-06-12 03:45:00,19.7
2025-06-12 22:51:00,22.6
2025-06-12 06:10:00,72.0
2025-06-12 15:31:00,29.2
2025-06-12 06:04:00,77.6
2025-06-12 05:28:00,95.1
2025-06-12 09:37:00,26.7
2025-06-12 22:36:00,50.16485882352941
2025-06-12 01:57:00,18.4
2025-06-12 06:20:00,98.9
2025-06-12 22:41:00,50.16485882352941
2025-06-12 01:32:00,85.4
2025-06-12 05:00:00,50.16485882352941
2025-06-12 11:32:00,98.1
2025-06-12 16:15:00,67.7
2025-06-12 01:28:00,86.6
2025-06-12 01:37:00,52.5
2025-06-12 07:40:00,50.1
2025-06-12 04:11:00,2.8
2025-06-12 18:45:00,46.5
2025-06-12 23:21:00,87.8
2025-06-12 20:26:00,24.9
2025-06-12 22:53:00,17.7
2025-06-12 03:23:00,67.4
2025-06-12 10:08:00,54.7
2025-06-12 06:26:00,50.16485882352941
2025-06-12 12:12:00,16.9
2025-06-12 16:11:00,50.16485882352941
2025-06-12 21:45:00,5.3
2025-06-12 03:28:00,84.0
2025-06-12 19:56:00,39.2
2025-06-12 12:26:00,85.8
2025-06-12 07:41:00,38.7
2025-06-12 01:03:00,62.5
2025-06-12 03:37:00,39.7
2025-06-12 20:24:00,50.16485882352941
2025-06-12 04:18:00,70.4
2025-06-12 02:06:00,35.1
2025-06-12 16:40:00,50.16485882352941
2025-06-12 00:25:00,34.4
2025-06-12 07:46:00,17.4
2025-06-12 02:57:00,50.16485882352941
2025-06-12 00:25:00,31.9
2025-06-12 19:09:00,30.8
2025-06-12 09:42:00,65.7
2025-06-12 05:41:00,64.8
2025-06-12 21:48:00,92.8
2025-06-12 23:15:00,17.2
2025-06-12 04:37:00,33.6
2025-06-12 11:02:00,40.7
2025-06-12 07:31:00,90.9
2025-06-12 15:35:00,46.2
2025-06-12 01:00:00,72.6
2025-06-12 23:01:00,65.6
2025-06-12 00:38:00,92.5
2025-06-12 11:17:00,56.7
2025-06-12 06:30:00,53.4
2025-06-12 06:05:00,5.5
2025-06-12 00:15:00,50.16485882352941
2025-06-12 05:57:00,50.16485882352941
2025-06-12 21:34:00,98.1
2025-06-12 17:37:00,66.2
2025-06-12 23:59:00,6.9
2025-06-12 08:38:00,53.2
2025-06-12 07:00:00,44.7
2025-06-12 04:28:00,24.4
2025-06-12 06:08:00,66.9
2025-06-12 12:33:00,87.3
2025-06-12 20:13:00,22.9
2025-06-12 23:38:00,50.16485882352941
2025-06-12 14:47:00,98.1
2025-06-12 20:14:00,96.8
2025-06-12 00:54:00,78.0
2025-06-12 15:34:00,76.8
2025-06-12 00:18:00,20.1
2025-06-12 01:15:00,18.6
2025-06-12 00:16:00,23.4
2025-06-12 19:28:00,3.9
2025-06-12 06:02:00,68.0
2025-06-12 06:27:00,50.16485882352941
2025-06-12 16:49:00,50.16485882352941
2025-06-12 06:25:00,63.3
2025-06-12 18:11:00,50.16485882352941
2025-06-12 02:49:00,29.6
2025-06-12 00:25:00,28.6
2025-06-12 02:46:00,9.5
2025-06-12 16:06:00,40.8
2025-06-12 01:22:00,74.8
2025-06-12 09:39:00,97.7
2025-06-12 18:31:00,50.16485882352941
2025-06-12 08:17:00,50.16485882352941
2025-06-12 00:36:00,49.9
2025-06-12 10:18:00,69.9
2025-06-12 17:32:00,29.0
2025-06-12 06:46:00,21.0
2025-06-12 06:43:00,50.16485882352941
2025-06-12 01:10:00,20.0
2025-06-12 01:40:00,98.0
2025-06-12 06:12:00,14.2
2025-06-12 05:56:00,50.16485882352941
2025-06-12 09:07:00,67.0
2025-06-12 21:42:00,78.6
2025-06-12 01:15:00,15.3
2025-06-12 15:29:00,28.0
2025-06-12 15:50:00,59.3
2025-06-12 08:29:00,50.6
2025-06-12 23:40:00,43.6
2025-06-12 21:46:00,61.4
2025-06-12 20:57:00,69.4
2025-06-12 14:26:00,8.6
2025-06-12 21:49:00,9.9
2025-06-12 20:02:00,68.5
2025-06-12 17:46:00,72.9
2025-06-12 00:23:00,58.5
2025-06-12 03:17:00,50.16485882352941
2025-06-12 10:53:00,40.0
2025-06-12 08:38:00,54.7
2025-06-12 05:36:00,35.9
2025-06-12 09:15:00,95.6
2025-06-12 23:18:00,49.5
2025-06-12 02:34:00,50.8
2025-06-12 07:01:00,22.4
2025-06-12 02:32:00,30.3
2025-06-12 12:50:00,9.5
2025-06-12 08:27:00,99.5
2025-06-12 23:01:00,8.6
2025-06-12 04:13:00,33.3
2025-06-12 16:19:00,88.5
2025-06-12 18:26:00,70.9
2025-06-12 11:48:00,50.16485882352941
2025-06-12 22:43:00,77.8
2025-06-12 03:54:00,45.7
2025-06-12 08:23:00,66.5
2025-06-12 16:57:00,31.4
2025-06-12 19:09:00,60.4
2025-06-12 10:27:00,95.0
2025-06-12 21:35:00,46.0
2025-06-12 00:01:00,84.9
2025-06-12 03:28:00,94.3
2025-06-12 12:59:00,50.16485882352941
2025-06-12 00:12:00,35.7
2025-06-12 19:30:00,45.8
2025-06-12 15:30:00,52.6
2025-06-12 08:35:00,66.0
2025-06-12 08:50:00,50.16485882352941
2025-06-12 07:23:00,87.7
2025-06-12 19:55:00,14.5
2025-06-12 16:07:00,50.16485882352941
2025-06-12 23:36:00,66.9
2025-06-12 16:28:00,88.8
2025-06-12 04:44:00,67.3
2025-06-12 08:10:00,50.16485882352941
2025-06-12 19:55:00,65.2
2025-06-12 11:46:00,70.1
2025-06-12 07:03:00,39.3
2025-06-12 07:14:00,50.16485882352941
2025-06-12 06:34:00,46.8
2025-06-12 23:47:00,91.9
2025-06-12 10:46:00,65.3
2025-06-12 18:53:00,27.1
2025-06-12 00:31:00,7.0
2025-06-12 22:29:00,32.6
2025-06-12 23:24:00,46.0
2025-06-12 22:07:00,15.7
2025-06-12 10:10:00,50.16485882352941
2025-06-12 18:23:00,38.9
2025-06-12 13:56:00,88.8
2025-06-12 03:15:00,19.3
2025-06-12 07:41:00,67.4
2025-06-12 17:35:00,8.6
2025-06-12 09:29:00,34.0
2025-06-12 10:43:00,49.8
2025-06-12 07:02:00,50.16485882352941
2025-06-12 12:51:00,88.0
2025-06-12 19:59:00,22.8
2025-06-12 05:51:00,82.1
2025-06-12 19:11:00,99.9
2025-06-12 18:04:00,76.1
2025-06-12 21:04:00,80.8
2025-06-12 22:24:00,15.1
2025-06-12 17:51:00,44.5
2025-06-12 11:48:00,73.4
2025-06-12 23:03:00,15.2
2025-06-12 01:24:00,71.9
2025-06-12 06:15:00,18.9
2025-06-12 09:01:00,24.1
2025-06-12 07:22:00,29.9
2025-06-12 10:57:00,94.1
2025-06-12 07:48:00,89.1
2025-06-12 16:42:00,71.8
2025-06-12 20:10:00,79.3
2025-06-12 03:37:00,50.16485882352941
2025-06-12 11:28:00,77.3
2025-06-12 07:22:00,50.16485882352941
2025-06-12 07:28:00,45.9
2025-06-12 03:34:00,9.0
2025-06-12 00:35:00,49.8
2025-06-12 12:26:00,20.4
2025-06-12 23:07:00,50.16485882352941
2025-06-12 23:29:00,50.16485882352941
2025-06-12 04:30:00,78.7
2025-06-12 17:52:00,50.16485882352941
2025-06-12 06:03:00,47.3
2025-06-12 06:21:00,95.3
2025-06-12 21:35:00,81.3
2025-06-12 12:50:00,50.16485882352941
2025-06-12 22:45:00,32.0
2025-06-12 09:41:00,50.16485882352941
2025-06-12 04:27:00,79.6
2025-06-12 13:38:00,0.6
2025-06-12 11:42:00,14.7
2025-06-12 20:16:00,24.0
2025-06-12 23:49:00,14.6
2025-06-12 14:00:00,50.16485882352941
2025-06-12 19:31:00,63.3
2025-06-12 05:59:00,67.6
2025-06-12 00:54:00,50.16485882352941
2025-06-12 02:35:00,48.9
2025-06-12 20:20:00,69.3
2025-06-12 00:17:00,16.9
2025-06-12 00:33:00,23.5
2025-06-12 22:04:00,50.16485882352941
2025-06-12 17:20:00,50.16485882352941
2025-06-12 13:44:00,16.2
2025-06-12 02:05:00,18.4
2025-06-12 21:55:00,2.9
2025-06-12 01:17:00,47.9
2025-06-12 20:33:00,82.0
2025-06-12 21:27:00,32.3
2025-06-12 08:39:00,50.16485882352941
2025-06-12 07:58:00,37.7
2025-06-12 00:51:00,77.7
2025-06-12 21:07:00,37.9
2025-06-12 20:53:00,35.5
2025-06-12 17:04:00,84.9
2025-06-12 08:44:00,41.5
2025-06-12 15:40:00,27.5
2025-06-12 16:02:00,31.1
2025-06-12 23:44:00,50.16485882352941
2025-06-12 18:26:00,73.7
2025-06-12 09:46:00,50.16485882352941
2025-06-12 05:57:00,50.16485882352941
2025-06-12 11:56:00,50.16485882352941
2025-06-12 18:15:00,31.0
2025-06-12 16:12:00,50.16485882352941
2025-06-12 04:45:00,64.9
2025-06-12 11:56:00,3.2
2025-06-12 09:00:00,14.9
2025-06-12 11:55:00,69.1
2025-06-12 11:40:00,56.0
2025-06-12 22:20:00,8.3
2025-06-12 21:03:00,16.0
2025-06-12 10:02:00,50.16485882352941
2025-06-12 02:08:00,97.6
2025-06-12 05:30:00,90.7
2025-06-12 08:49:00,4.4
2025-06-12 10:30:00,89.6
2025-06-12 00:13:00,32.5
2025-06-12 22:05:00,13.6
2025-06-12 01:05:00,64.2
2025-06-12 18:27:00,50.16485882352941
2025-06-12 10:17:00,12.1
2025-06-12 13:33:00,50.16485882352941
2025-06-12 13:07:00,50.16485882352941
2025-06-12 10:36:00,58.8
2025-06-12 22:49:00,30.5
2025-06-12 12:59:00,99.0
2025-06-12 04:43:00,78.5
2025-06-12 02:49:00,92.2
2025-06-12 22:31:00,83.1
2025-06-12 19:25:00,78.6
2025-06-12 03:10:00,13.2
2025-06-12 19:51:00,39.7
2025-06-12 06:16:00,50.16485882352941
2025-06-12 06:50:00,50.16485882352941
2025-06-12 07:34:00,77.5
2025-06-12 21:14:00,46.7
2025-06-12 08:34:00,9.5
2025-06-12 21:11:00,1.4
2025-06-12 09:59:00,55.5
2025-06-12 07:05:00,50.9
2025-06-12 20:19:00,49.7
2025-06-12 22:58:00,31.7
2025-06-12 14:36:00,49.40323484760014
2025-06-12 14:54:00,68.6
2025-06-12 09:39:00,25.7
2025-06-12 01:28:00,49.40323484760014
2025-06-12 17:56:00,49.40323484760014
2025-06-12 14:45:00,49.40323484760014
2025-06-12 16:35:00,9.0
2025-06-12 19:05:00,42.8
2025-06-12 19:22:00,52.6
2025-06-12 21:58:00,69.1
2025-06-12 06:43:00,91.4
2025-06-12 08:00:00,62.7
2025-06-12 08:32:00,45.0
2025-06-12 16:49:00,79.9
2025-06-12 04:38:00,33.0
2025-06-12 15:15:00,38.6
2025-06-12 22:58:00,49.40323484760014
2025-06-12 00:01:00,49.40323484760014
2025-06-12 21:08:00,53.4
2025-06-12 08:55:00,84.9
2025-06-12 17:54:00,68.6
2025-06-12 16:54:00,49.40323484760014
2025-06-12 03:36:00,70.3
2025-06-12 17:44:00,29.0
2025-06-12 22:23:00,49.40323484760014
2025-06-12 18:42:00,30.1
2025-06-12 23:25:00,85.4
2025-06-12 23:27:00,59.5
2025-06-12 05:24:00,49.40323484760014
2025-06-12 06:14:00,42.1
2025-06-12 04:56:00,76.0
2025-06-12 06:46:00,14.3
2025-06-12 22:38:00,68.8
2025-06-12 14:28:00,31.8
2025-06-12 09:28:00,33.8
2025-06-12 21:10:00,13.7
2025-06-12 02:39:00,11.0
2025-06-12 17:53:00,6.1
2025-06-12 09:03:00,52.5
2025-06-12 20:13:00,49.40323484760014
2025-06-12 21:06:00,49.40323484760014
2025-06-12 09:13:00,11.1
2025-06-12 05:59:00,50.6
2025-06-12 19:58:00,71.5
2025-06-12 17:50:00,11.8
2025-06-12 11:42:00,48.9
2025-06-12 12:56:00,77.9
2025-06-12 06:01:00,96.6
2025-06-12 04:37:00,40.7
2025-06-12 19:46:00,13.3
2025-06-12 11:10:00,16.6
2025-06-12 13:13:00,96.2
2025-06-12 17:10:00,49.40323484760014
2025-06-12 23:05:00,99.5
2025-06-12 03:28:00,91.3
2025-06-12 06:31:00,64.1
2025-06-12 01:41:00,48.2
2025-06-12 08:46:00,97.5
2025-06-12 14:18:00,22.7
2025-06-12 02:59:00,36.6
2025-06-12 13:50:00,95.5
2025-06-12 16:38:00,28.8
2025-06-12 04:26:00,15.9
2025-06-12 19:00:00,50.3
2025-06-12 00:05:00,70.3
2025-06-12 00:12:00,73.2
2025-06-12 14:55:00,49.40323484760014
2025-06-12 07:56:00,49.40323484760014
2025-06-12 01:44:00,97.8
2025-06-12 06:54:00,13.6
2025-06-12 21:25:00,45.3
2025-06-12 00:16:00,38.6
2025-06-12 13:04:00,56.1
2025-06-12 15:52:00,66.9
2025-06-12 08:08:00,61.3
2025-06-12 03:26:00,95.0
2025-06-12 20:15:00,53.4
2025-06-12 15:24:00,54.6
2025-06-12 03:50:00,88.2
2025-06-12 10:48:00,93.3
2025-06-12 11:14:00,98.1
2025-06-12 08:59:00,50.7
2025-06-12 09:32:00,44.5
2025-06-12 09:07:00,96.6
2025-06-12 21:24:00,39.4
2025-06-12 14:51:00,49.40323484760014
2025-06-12 04:58:00,34.1
2025-06-12 18:08:00,49.40323484760014
2025-06-12 09:53:00,51.2
2025-06-12 23:17:00,76.0
2025-06-12 19:40:00,85.9
2025-06-12 22:15:00,0.7
2025-06-12 08:33:00,81.3
2025-06-12 22:02:00,31.8
2025-06-12 07:32:00,54.7
2025-06-12 10:46:00,49.40323484760014
2025-06-12 20:04:00,72.6
2025-06-12 19:02:00,49.40323484760014
2025-06-12 03:28:00,49.40323484760014
2025-06-12 09:51:00,73.3
2025-06-12 16:03:00,35.7
2025-06-12 22:27:00,58.3
2025-06-12 08:00:00,33.8
2025-06-12 17:51:00,34.8
2025-06-12 01:09:00,79.5
2025-06-12 09:51:00,59.5
2025-06-12 01:56:00,81.0
2025-06-12 05:47:00,92.6
2025-06-12 01:10:00,55.3
2025-06-12 04:25:00,48.8
2025-06-12 22:03:00,62.9
2025-06-12 06:14:00,82.6
2025-06-12 09:18:00,83.4
2025-06-12 23:20:00,49.40323484760014
2025-06-12 11:39:00,70.0
2025-06-12 03:15:00,83.9
2025-06-12 01:04:00,49.40323484760014
2025-06-12 05:17:00,79.6
2025-06-12 00:05:00,13.2
2025-06-12 12:29:00,17.7
2025-06-12 15:35:00,9.7
2025-06-12 06:04:00,8.6
2025-06-12 10:14:00,13.2
2025-06-12 23:58:00,13.3
2025-06-12 01:46:00,64.4
2025-06-12 01:06:00,7.4
2025-06-12 12:37:00,49.1
2025-06-12 17:12:00,44.5
2025-06-12 14:34:00,75.2
2025-06-12 02:34:00,49.0
2025-06-12 09:18:00,12.7
2025-06-12 03:53:00,11.2
2025-06-12 01:33:00,54.4
2025-06-12 20:15:00,65.8
2025-06-12 22:50:00,59.4
2025-06-12 14:09:00,59.7
2025-06-12 08:15:00,61.3
2025-06-12 13:19:00,92.5
2025-06-12 17:23:00,59.5
2025-06-12 22:14:00,19.5
2025-06-12 17:32:00,43.0
2025-06-12 22:28:00,95.8
2025-06-12 14:06:00,49.40323484760014
2025-06-12 19:23:00,49.40323484760014
2025-06-12 08:17:00,42.4
2025-06-12 05:10:00,27.3
2025-06-12 05:50:00,31.3
2025-06-12 06:05:00,17.3
2025-06-12 00:29:00,68.1
2025-06-12 23:45:00,90.9
2025-06-12 19:05:00,3.3
2025-06-12 06:39:00,49.40323484760014
2025-06-12 10:32:00,59.9
2025-06-12 01:22:00,15.5
2025-06-12 08:50:00,6.3
2025-06-12 13:50:00,28.0
2025-06-12 14:11:00,49.40323484760014
2025-06-12 09:16:00,17.9
2025-06-12 12:01:00,33.5
2025-06-12 08:46:00,43.2
2025-06-12 19:21:00,33.7
2025-06-12 20:39:00,23.1
2025-06-12 03:37:00,23.6
2025-06-12 19:31:00,78.2
2025-06-12 17:47:00,49.40323484760014
2025-06-12 03:45:00,12.6
2025-06-12 22:10:00,16.0
2025-06-12 10:36:00,15.5
2025-06-12 09:23:00,6.3
2025-06-12 22:21:00,49.40323484760014
2025-06-12 15:39:00,20.2
2025-06-12 20:41:00,66.3
2025-06-12 04:35:00,70.5
2025-06-12 03:09:00,94.3
2025-06-12 03:26:00,91.2
2025-06-12 21:42:00,22.5
2025-06-12 21:33:00,52.7
2025-06-12 13:56:00,50.3
2025-06-12 08:55:00,4.5
2025-06-12 23:07:00,49.40323484760014
2025-06-12 00:54:00,11.2
2025-06-12 01:22:00,62.8
2025-06-12 04:52:00,87.5
2025-06-12 06:22:00,68.8
2025-06-12 15:19:00,55.4
2025-06-12 13:28:00,76.8
2025-06-12 04:17:00,47.9
2025-06-12 03:29:00,49.40323484760014
2025-06-12 09:45:00,48.6
2025-06-12 11:57:00,54.9
2025-06-12 21:46:00,14.3
2025-06-12 12:14:00,70.2
2025-06-12 10:00:00,47.7
2025-06-12 15:04:00,69.8
2025-06-12 13:18:00,38.1
2025-06-12 11:43:00,64.4
2025-06-12 09:08:00,42.3
2025-06-12 13:44:00,82.1
2025-06-12 06:50:00,86.1
2025-06-12 06:18:00,31.2
2025-06-12 21:19:00,31.6
2025-06-12 21:56:00,31.1
2025-06-12 02:32:00,39.8
2025-06-12 23:52:00,41.5
2025-06-12 14:16:00,18.1
2025-06-12 14:11:00,80.6
2025-06-12 01:24:00,69.1
2025-06-12 11:45:00,49.40323484760014
2025-06-12 01:05:00,76.2
2025-06-12 21:05:00,30.9
2025-06-12 04:16:00,53.3
2025-06-12 22:39:00,49.40323484760014
2025-06-12 11:12:00,64.2
2025-06-12 20:22:00,49.40323484760014
2025-06-12 19:41:00,1.3
2025-06-12 21:13:00,49.40323484760014
2025-06-12 12:02:00,49.40323484760014
2025-06-12 11:17:00,49.40323484760014
2025-06-12 10:28:00,14.1
2025-06-12 09:05:00,84.6
2025-06-12 14:24:00,16.0
2025-06-12 16:12:00,86.2
2025-06-12 20:14:00,6.0
2025-06-12 08:49:00,49.40323484760014
2025-06-12 06:56:00,35.8
2025-06-12 04:59:00,58.1
2025-06-12 20:23:00,49.40323484760014
2025-06-12 18:09:00,93.5
2025-06-12 15:30:00,3.9
2025-06-12 08:13:00,92.9
2025-06-12 09:44:00,94.0
2025-06-12 02:39:00,22.5
2025-06-12 21:18:00,77.2
2025-06-12 19:36:00,88.5
2025-06-12 17:38:00,73.8
2025-06-12 20:17:00,53.3
2025-06-12 05:11:00,47.1
2025-06-12 09:29:00,84.4
2025-06-12 12:05:00,49.40323484760014
2025-06-12 23:40:00,93.2
2025-06-12 09:32:00,19.0
2025-06-12 13:10:00,5.3
2025-06-12 22:14:00,41.1
2025-06-12 23:03:00,91.7
2025-06-12 13:15:00,7.4
2025-06-12 05:57:00,35.4
2025-06-12 06:25:00,77.5
2025-06-12 14:17:00,5.2
2025-06-12 00:50:00,69.6
2025-06-12 15:45:00,62.8
2025-06-12 23:42:00,70.5
2025-06-12 16:08:00,77.5
2025-06-12 11:18:00,24.9
2025-06-12 04:13:00,66.7
2025-06-12 01:47:00,49.8
2025-06-12 19:23:00,63.0
2025-06-12 23:22:00,49.40323484760014
2025-06-12 20:42:00,64.3
2025-06-12 16:08:00,8.3
2025-06-12 05:01:00,97.3
2025-06-12 10:25:00,51.7
2025-06-12 21:47:00,35.0
2025-06-12 03:28:00,48.6
2025-06-12 01:31:00,54.6
2025-06-12 15:16:00,21.1
2025-06-12 13:35:00,14.3
2025-06-12 13:51:00,33.7
2025-06-12 21:06:00,74.3
2025-06-12 00:40:00,86.7
2025-06-12 04:40:00,49.40323484760014
2025-06-12 03:42:00,27.7
2025-06-12 00:30:00,74.8
2025-06-12 18:41:00,83.4
2025-06-12 18:49:00,49.40323484760014
2025-06-12 15:13:00,65.8
2025-06-12 01:35:00,13.7
2025-06-12 07:48:00,49.40323484760014
2025-06-12 17:17:00,54.6
2025-06-12 11:35:00,66.1
2025-06-12 16:25:00,2.6
2025-06-12 22:34:00,86.4
2025-06-12 16:27:00,41.7
2025-06-12 14:55:00,1.3
2025-06-12 14:45:00,50.7
2025-06-12 19:55:00,29.5
2025-06-12 05:19:00,49.40323484760014
2025-06-12 13:47:00,50.4
2025-06-12 03:22:00,7.2
2025-06-12 07:06:00,57.4
2025-06-12 00:18:00,41.8
2025-06-12 17:26:00,58.0
2025-06-12 16:09:00,2.0
2025-06-12 12:27:00,18.8
2025-06-12 06:38:00,49.40323484760014
2025-06-12 07:42:00,21.4
2025-06-12 21:32:00,8.1
2025-06-12 05:42:00,50.6
2025-06-12 08:01:00,52.4
2025-06-12 11:58:00,20.1
2025-06-12 07:43:00,70.1
2025-06-12 16:24:00,48.0
2025-06-12 00:07:00,89.6
2025-06-12 04:17:00,80.6
2025-06-12 04:34:00,75.6
2025-06-12 00:44:00,38.6
2025-06-12 04:15:00,49.40323484760014
2025-06-12 02:09:00,24.7
2025-06-12 01:56:00,13.4
2025-06-12 17:53:00,22.6
2025-06-12 06:18:00,75.1
2025-06-12 12:18:00,51.7
2025-06-12 07:07:00,88.4
2025-06-12 11:55:00,63.8
2025-06-12 23:37:00,9.3
2025-06-12 16:24:00,95.9
2025-06-12 00:30:00,29.0
2025-06-12 23:54:00,39.8
2025-06-12 09:48:00,12.6
2025-06-12 12:18:00,26.3
2025-06-12 05:36:00,91.5
2025-06-12 17:20:00,50.400661703887515
2025-06-12 09:05:00,76.8
2025-06-12 19:03:00,50.400661703887515
2025-06-12 03:13:00,91.9
2025-06-12 08:50:00,56.0
2025-06-12 06:42:00,76.4
2025-06-12 08:22:00,56.1
2025-06-12 03:27:00,73.0
2025-06-12 04:52:00,27.4
2025-06-12 15:56:00,4.1
2025-06-12 05:52:00,75.6
2025-06-12 18:20:00,39.5
2025-06-12 02:20:00,8.4
2025-06-12 11:33:00,27.3
2025-06-12 23:02:00,99.2
2025-06-12 02:36:00,76.8
2025-06-12 23:45:00,93.4
2025-06-12 03:44:00,23.5
2025-06-12 16:34:00,8.0
2025-06-12 21:12:00,79.4
2025-06-12 11:07:00,0.5
2025-06-12 17:50:00,10.8
2025-06-12 23:45:00,52.3
2025-06-12 14:28:00,24.5
2025-06-12 00:41:00,50.400661703887515
2025-06-12 01:21:00,97.1
2025-06-12 09:23:00,23.1
2025-06-12 08:54:00,96.5
2025-06-12 06:38:00,50.400661703887515
2025-06-12 20:18:00,59.4
2025-06-12 20:08:00,3.6
2025-06-12 02:58:00,76.4
2025-06-12 05:22:00,12.0
2025-06-12 07:47:00,50.400661703887515
2025-06-12 22:57:00,71.6
2025-06-12 15:54:00,63.2
2025-06-12 10:10:00,27.2
2025-06-12 18:59:00,95.9
2025-06-12 21:17:00,22.5
2025-06-12 01:36:00,95.2
2025-06-12 19:27:00,39.4
2025-06-12 22:40:00,50.400661703887515
2025-06-12 03:13:00,40.5
2025-06-12 14:56:00,50.400661703887515
2025-06-12 11:10:00,97.9
2025-06-12 09:25:00,74.9
2025-06-12 21:19:00,16.8
2025-06-12 09:13:00,76.3
2025-06-12 22:25:00,91.4
2025-06-12 11:45:00,59.6
2025-06-12 05:19:00,92.2
2025-06-12 22:48:00,20.6
2025-06-12 03:58:00,26.2
2025-06-12 09:12:00,37.0
2025-06-12 06:23:00,88.0
2025-06-12 06:18:00,17.5
2025-06-12 01:20:00,61.6
2025-06-12 22:03:00,75.5
2025-06-12 13:15:00,47.1
2025-06-12 05:00:00,50.400661703887515
2025-06-12 03:22:00,53.9
2025-06-12 16:25:00,14.0
2025-06-12 13:11:00,75.9
2025-06-12 06:37:00,33.1
2025-06-12 13:03:00,50.400661703887515
2025-06-12 07:58:00,88.4
2025-06-12 09:06:00,50.400661703887515
2025-06-12 10:46:00,50.1
2025-06-12 12:17:00,50.400661703887515
2025-06-12 13:46:00,39.7
2025-06-12 14:55:00,66.4
2025-06-12 07:51:00,13.4
2025-06-12 11:25:00,28.9
2025-06-12 13:28:00,17.5
2025-06-12 22:07:00,50.400661703887515
2025-06-12 05:21:00,99.5
2025-06-12 04:39:00,52.2
2025-06-12 08:25:00,20.2
2025-06-12 11:43:00,50.400661703887515
2025-06-12 17:13:00,50.400661703887515
2025-06-12 10:37:00,48.0
2025-06-12 03:25:00,50.8
2025-06-12 13:23:00,70.9
2025-06-12 18:41:00,86.6
2025-06-12 17:01:00,37.4
2025-06-12 22:47:00,80.5
2025-06-12 05:54:00,65.3
2025-06-12 23:31:00,58.3
2025-06-12 11:58:00,18.2
2025-06-12 01:37:00,55.9
2025-06-12 07:46:00,46.0
2025-06-12 08:54:00,50.400661703887515
2025-06-12 20:41:00,97.9
2025-06-12 20:09:00,21.1
2025-06-12 12:21:00,21.9
2025-06-12 10:47:00,50.400661703887515
2025-06-12 05:31:00,36.7
2025-06-12 18:36:00,67.6
2025-06-12 04:51:00,91.7
2025-06-12 03:15:00,25.2
2025-06-12 13:29:00,44.2
2025-06-12 08:13:00,33.0
2025-06-12 12:01:00,33.0
2025-06-12 20:01:00,50.400661703887515
2025-06-12 15:48:00,43.2
2025-06-12 22:49:00,19.4
2025-06-12 23:00:00,81.4
2025-06-12 14:12:00,20.5
2025-06-12 03:37:00,16.6
2025-06-12 19:03:00,77.2
2025-06-12 23:02:00,50.400661703887515
2025-06-12 22:00:00,10.7
2025-06-12 02:12:00,54.0
2025-06-12 13:28:00,63.7
2025-06-12 07:21:00,24.6
2025-06-12 14:53:00,76.0
2025-06-12 06:23:00,12.1
2025-06-12 11:53:00,74.9
2025-06-12 01:12:00,86.5
2025-06-12 17:12:00,97.5
2025-06-12 10:46:00,49.2
2025-06-12 01:09:00,30.6
2025-06-12 04:14:00,50.400661703887515
2025-06-12 07:18:00,20.1
2025-06-12 15:48:00,67.4
2025-06-12 21:39:00,43.7
2025-06-12 13:23:00,86.0
2025-06-12 06:29:00,59.8
2025-06-12 05:59:00,6.1
2025-06-12 09:27:00,10.0
2025-06-12 14:51:00,11.7
2025-06-12 13:08:00,50.400661703887515
2025-06-12 07:59:00,84.0
2025-06-12 11:09:00,67.5
2025-06-12 02:18:00,83.6
2025-06-12 22:38:00,41.6
2025-06-12 22:56:00,27.7
2025-06-12 15:17:00,61.9
2025-06-12 01:11:00,99.1
2025-06-12 15:31:00,50.400661703887515
2025-06-12 21:27:00,50.400661703887515
2025-06-12 22:25:00,50.400661703887515
2025-06-12 21:13:00,42.0
2025-06-12 22:00:00,41.5
2025-06-12 03:39:00,34.9
2025-06-12 13:08:00,59.9
2025-06-12 10:52:00,55.0
2025-06-12 22:10:00,52.3
2025-06-12 03:10:00,50.400661703887515
2025-06-12 04:45:00,16.1
2025-06-12 09:40:00,14.7
2025-06-12 18:47:00,18.7
2025-06-12 21:11:00,11.0
2025-06-12 10:17:00,13.6
2025-06-12 13:25:00,26.3
2025-06-12 09:01:00,47.3
2025-06-12 21:19:00,53.6
2025-06-12 15:30:00,22.3
2025-06-12 07:43:00,47.9
2025-06-12 03:24:00,0.6
2025-06-12 11:06:00,65.3
2025-06-12 00:58:00,50.400661703887515
2025-06-12 05:49:00,27.9
2025-06-12 19:12:00,37.1
2025-06-12 05:41:00,52.2
2025-06-12 06:12:00,40.1
2025-06-12 21:38:00,64.3
2025-06-12 18:22:00,96.4
2025-06-12 10:22:00,68.3
2025-06-12 21:42:00,3.0
2025-06-12 04:54:00,31.7
2025-06-12 04:58:00,56.7
2025-06-12 05:16:00,59.2
2025-06-12 08:26:00,10.6
2025-06-12 13:33:00,74.7
2025-06-12 19:05:00,50.400661703887515
2025-06-12 11:58:00,34.7
2025-06-12 18:56:00,74.4
2025-06-12 10:52:00,67.7
2025-06-12 10:46:00,8.4
2025-06-12 12:06:00,85.8
2025-06-12 14:54:00,15.2
2025-06-12 14:00:00,34.0
2025-06-12 14:45:00,34.7
2025-06-12 07:14:00,15.5
2025-06-12 10:22:00,50.400661703887515
2025-06-12 00:13:00,17.0
2025-06-12 04:24:00,51.0
2025-06-12 00:14:00,82.5
2025-06-12 16:34:00,78.8
2025-06-12 23:25:00,40.7
2025-06-12 15:48:00,80.9
2025-06-12 11:06:00,22.6
2025-06-12 16:18:00,18.8
2025-06-12 09:29:00,88.8
2025-06-12 08:18:00,50.400661703887515
2025-06-12 00:01:00,54.0
2025-06-12 20:15:00,77.4
2025-06-12 23:54:00,15.3
2025-06-12 08:12:00,19.7
2025-06-12 06:28:00,83.1
2025-06-12 21:20:00,56.8
2025-06-12 18:06:00,31.1
2025-06-12 14:31:00,82.7
2025-06-12 02:50:00,27.6
2025-06-12 07:13:00,30.2
2025-06-12 17:13:00,18.5
2025-06-12 04:24:00,50.400661703887515
2025-06-12 09:56:00,91.7
2025-06-12 04:26:00,68.3
2025-06-12 10:54:00,51.9
2025-06-12 13:40:00,7.3
2025-06-12 17:02:00,66.1
2025-06-12 00:58:00,90.0
2025-06-12 15:19:00,50.400661703887515
2025-06-12 11:13:00,70.2
2025-06-12 04:47:00,93.1
2025-06-12 02:19:00,55.5
2025-06-12 01:41:00,50.400661703887515
2025-06-12 03:42:00,46.0
2025-06-12 00:19:00,53.9
2025-06-12 18:04:00,50.400661703887515
2025-06-12 16:29:00,61.7
2025-06-12 00:48:00,50.400661703887515
2025-06-12 13:21:00,90.9
2025-06-12 21:46:00,94.6
2025-06-12 19:52:00,50.400661703887515
2025-06-12 15:20:00,17.5
2025-06-12 15:13:00,48.4
2025-06-12 20:00:00,12.2
2025-06-12 16:03:00,50.400661703887515
2025-06-12 11:52:00,9.6
2025-06-12 16:22:00,20.1
2025-06-12 07:03:00,93.6
2025-06-12 14:37:00,68.9
2025-06-12 00:49:00,1.4
2025-06-12 21:21:00,36.8
2025-06-12 13:19:00,27.6
2025-06-12 06:38:00,51.0
2025-06-12 03:33:00,99.0
2025-06-12 08:27:00,55.9
2025-06-12 23:53:00,12.4
2025-06-12 20:48:00,70.3
2025-06-12 18:05:00,78.0
2025-06-12 03:41:00,41.2
2025-06-12 12:50:00,46.6
2025-06-12 07:51:00,75.8
2025-06-12 08:07:00,32.7
2025-06-12 20:14:00,50.400661703887515
2025-06-12 00:04:00,50.400661703887515
2025-06-12 02:01:00,50.400661703887515
2025-06-12 20:00:00,30.7
2025-06-12 02:23:00,19.7
2025-06-12 19:10:00,74.6
2025-06-12 09:44:00,50.400661703887515
2025-06-12 03:09:00,46.8
2025-06-12 03:02:00,36.2
2025-06-12 19:15:00,81.1
2025-06-12 16:55:00,63.0
2025-06-12 22:28:00,23.0
2025-06-12 12:58:00,50.400661703887515
2025-06-12 01:01:00,50.400661703887515
2025-06-12 18:02:00,82.9
2025-06-12 16:08:00,50.400661703887515
2025-06-12 09:53:00,2.1
2025-06-12 13:07:00,50.400661703887515
2025-06-12 10:41:00,68.7
2025-06-12 12:21:00,29.8
2025-06-12 23:53:00,40.3
2025-06-12 04:56:00,45.8
2025-06-12 15:38:00,50.400661703887515
2025-06-12 12:46:00,46.2
2025-06-12 06:32:00,82.7
2025-06-12 08:57:00,0.0
2025-06-12 12:01:00,51.6
2025-06-12 18:50:00,56.9
2025-06-12 22:17:00,4.5
2025-06-12 06:06:00,89.5
2025-06-12 03:08:00,94.5
2025-06-12 00:24:00,64.5
2025-06-12 05:15:00,85.3
2025-06-12 04:42:00,33.1
2025-06-12 07:39:00,77.2
2025-06-12 10:04:00,71.5
2025-06-12 15:28:00,29.3
2025-06-12 18:33:00,21.9
2025-06-12 01:20:00,81.0
2025-06-12 01:42:00,10.1
2025-06-12 16:57:00,59.9
2025-06-12 05:58:00,40.9
2025-06-12 06:31:00,50.400661703887515
2025-06-12 18:28:00,9.2
2025-06-12 19:14:00,20.0
2025-06-12 19:25:00,39.3
2025-06-12 10:12:00,2.6
2025-06-12 01:37:00,92.1
2025-06-12 07:15:00,10.7
2025-06-12 16:46:00,82.9
2025-06-12 07:38:00,15.5
2025-06-12 04:50:00,52.2
2025-06-12 09:39:00,15.9
2025-06-12 11:00:00,52.4
2025-06-12 21:10:00,14.1
2025-06-12 13:44:00,50.400661703887515
2025-06-12 20:18:00,89.8
2025-06-12 21:40:00,73.9
2025-06-12 07:59:00,24.0
2025-06-12 02:04:00,50.400661703887515
2025-06-12 11:18:00,63.0
2025-06-12 18:22:00,99.2
2025-06-12 17:34:00,3.3
2025-06-12 18:30:00,37.7
2025-06-12 09:06:00,63.3
2025-06-12 01:07:00,73.4
2025-06-12 11:43:00,23.3
2025-06-12 15:13:00,73.9
2025-06-12 01:30:00,3.1
2025-06-12 22:45:00,33.5
2025-06-12 08:53:00,19.6
2025-06-12 02:27:00,50.400661703887515
2025-06-12 06:57:00,97.7
2025-06-12 22:26:00,56.2
2025-06-12 18:02:00,32.2
2025-06-12 07:39:00,29.4
2025-06-12 04:31:00,84.9
2025-06-12 06:08:00,24.2
2025-06-12 09:04:00,62.9
2025-06-12 22:27:00,11.3
2025-06-12 10:56:00,50.400661703887515
2025-06-12 08:22:00,64.4
2025-06-12 11:55:00,93.4
2025-06-12 12:59:00,41.5
2025-06-12 03:32:00,49.84418741885991
2025-06-12 06:54:00,1.0
2025-06-12 15:39:00,19.0
2025-06-12 04:16:00,48.9
2025-06-12 15:19:00,1.4
2025-06-12 06:33:00,82.2
2025-06-12 20:45:00,49.84418741885991
2025-06-12 01:48:00,94.1
2025-06-12 17:55:00,14.5
2025-06-12 02:31:00,46.1
2025-06-12 08:05:00,13.5
2025-06-12 00:33:00,27.4
2025-06-12 10:57:00,84.1
2025-06-12 20:59:00,49.84418741885991
2025-06-12 14:46:00,82.9
2025-06-12 03:47:00,7.4
2025-06-12 03:08:00,49.84418741885991
2025-06-12 22:50:00,49.84418741885991
2025-06-12 06:14:00,6.9
2025-06-12 22:44:00,83.4
2025-06-12 06:59:00,91.0
2025-06-12 15:10:00,2.4
2025-06-12 21:39:00,30.6
2025-06-12 19:08:00,90.7
2025-06-12 07:55:00,32.3
2025-06-12 22:48:00,54.6
2025-06-12 19:39:00,74.8
2025-06-12 01:13:00,49.84418741885991
2025-06-12 20:14:00,49.84418741885991
2025-06-12 03:10:00,62.3
2025-06-12 17:36:00,49.84418741885991
2025-06-12 23:21:00,76.9
2025-06-12 19:44:00,37.9
2025-06-12 03:51:00,80.0
2025-06-12 17:44:00,2.4
2025-06-12 07:11:00,32.9
2025-06-12 08:02:00,66.9
2025-06-12 08:58:00,95.1
2025-06-12 05:56:00,22.9
2025-06-12 20:56:00,73.8
2025-06-12 06:58:00,98.8
2025-06-12 06:11:00,50.0
2025-06-12 16:04:00,68.6
2025-06-12 13:59:00,92.1
2025-06-12 00:50:00,64.8
2025-06-12 09:54:00,74.0
2025-06-12 21:31:00,23.3
2025-06-12 13:15:00,1.6
2025-06-12 20:31:00,43.9
2025-06-12 10:46:00,65.4
2025-06-12 08:36:00,28.0
2025-06-12 14:24:00,23.0
2025-06-12 14:31:00,86.0
2025-06-12 22:11:00,26.0
2025-06-12 16:41:00,49.84418741885991
2025-06-12 01:08:00,34.5
2025-06-12 17:38:00,55.7
2025-06-12 11:46:00,72.5
2025-06-12 13:49:00,39.9
2025-06-12 06:25:00,62.0
2025-06-12 23:46:00,23.3
2025-06-12 09:46:00,86.5
2025-06-12 05:24:00,9.5
2025-06-12 20:59:00,83.9
2025-06-12 10:46:00,74.0
2025-06-12 22:16:00,66.6
2025-06-12 17:53:00,0.5
2025-06-12 19:59:00,57.6
2025-06-12 11:33:00,4.4
2025-06-12 08:26:00,27.9
2025-06-12 11:42:00,32.9
2025-06-12 07:17:00,14.2
2025-06-12 19:04:00,53.6
2025-06-12 13:02:00,41.2
2025-06-12 05:52:00,71.6
2025-06-12 03:02:00,81.8
2025-06-12 20:18:00,92.8
2025-06-12 06:58:00,26.3
2025-06-12 04:29:00,93.1
2025-06-12 14:14:00,49.84418741885991
2025-06-12 01:32:00,49.84418741885991
2025-06-12 19:02:00,49.84418741885991
2025-06-12 23:24:00,9.9
2025-06-12 19:27:00,46.0
2025-06-12 20:53:00,50.2
2025-06-12 15:37:00,49.84418741885991
2025-06-12 09:42:00,96.0
2025-06-12 23:34:00,37.3
2025-06-12 02:01:00,88.6
2025-06-12 22:00:00,46.0
2025-06-12 05:40:00,49.84418741885991
2025-06-12 11:46:00,73.2
2025-06-12 00:10:00,9.0
2025-06-12 06:08:00,49.84418741885991
2025-06-12 18:32:00,92.7
2025-06-12 09:08:00,91.8
2025-06-12 07:46:00,11.4
2025-06-12 08:07:00,57.5
2025-06-12 11:08:00,64.9
2025-06-12 05:08:00,47.0
2025-06-12 04:32:00,49.84418741885991
2025-06-12 07:28:00,94.4
2025-06-12 09:59:00,64.3
2025-06-12 12:27:00,54.0
2025-06-12 16:40:00,49.84418741885991
2025-06-12 02:52:00,32.3
2025-06-12 12:34:00,19.1
2025-06-12 07:27:00,56.9
2025-06-12 11:21:00,47.0
2025-06-12 14:39:00,49.84418741885991
2025-06-12 06:17:00,26.3
2025-06-12 00:46:00,4.4
2025-06-12 06:36:00,98.7
2025-06-12 21:57:00,44.3
2025-06-12 16:29:00,3.2
2025-06-12 00:33:00,84.6
2025-06-12 20:52:00,14.1
2025-06-12 14:11:00,88.2
2025-06-12 07:34:00,68.7
2025-06-12 05:21:00,73.6
2025-06-12 13:55:00,49.84418741885991
2025-06-12 09:18:00,5.8
2025-06-12 01:04:00,30.4
2025-06-12 01:11:00,82.3
2025-06-12 15:18:00,49.84418741885991
2025-06-12 02:54:00,43.5
2025-06-12 11:06:00,9.9
2025-06-12 03:22:00,0.0
2025-06-12 09:18:00,25.9
2025-06-12 14:25:00,95.4
2025-06-12 03:27:00,93.8
2025-06-12 03:39:00,49.84418741885991
2025-06-12 00:11:00,43.6
2025-06-12 20:44:00,68.2
2025-06-12 12:36:00,28.6
2025-06-12 09:17:00,16.5
2025-06-12 06:31:00,13.1
2025-06-12 11:19:00,40.1
2025-06-12 16:02:00,78.8
2025-06-12 09:38:00,11.0
2025-06-12 13:17:00,40.0
2025-06-12 02:26:00,28.9
2025-06-12 01:41:00,92.8
2025-06-12 13:22:00,94.4
2025-06-12 10:12:00,40.8
2025-06-12 09:57:00,78.8
2025-06-12 02:57:00,56.2
2025-06-12 17:44:00,92.6
2025-06-12 11:56:00,0.3
2025-06-12 22:10:00,76.5
2025-06-12 13:30:00,49.2
2025-06-12 06:16:00,31.9
2025-06-12 17:58:00,26.3
2025-06-12 16:36:00,66.6
2025-06-12 19:01:00,64.2
2025-06-12 14:59:00,49.84418741885991
2025-06-12 03:33:00,95.4
2025-06-12 21:29:00,95.4
2025-06-12 06:29:00,82.0
2025-06-12 06:45:00,47.9
2025-06-12 11:27:00,52.6
2025-06-12 19:39:00,49.84418741885991
2025-06-12 23:34:00,65.5
2025-06-12 07:00:00,49.84418741885991
2025-06-12 23:57:00,24.4
2025-06-12 12:05:00,49.84418741885991
2025-06-12 11:57:00,85.7
2025-06-12 21:23:00,19.5
2025-06-12 07:06:00,33.5
2025-06-12 19:32:00,68.1
2025-06-12 01:57:00,47.3
2025-06-12 08:07:00,52.7
2025-06-12 13:01:00,63.9
2025-06-12 01:10:00,7.6
2025-06-12 00:32:00,94.8
2025-06-12 17:40:00,99.8
2025-06-12 13:46:00,57.5
2025-06-12 03:11:00,76.7
2025-06-12 03:51:00,61.8
2025-06-12 11:41:00,60.4
2025-06-12 15:09:00,88.1
2025-06-12 07:41:00,10.5
2025-06-12 08:49:00,34.0
2025-06-12 05:40:00,35.0
2025-06-12 15:44:00,96.2
2025-06-12 06:25:00,49.84418741885991
2025-06-12 06:14:00,39.3
2025-06-12 17:17:00,44.4
2025-06-12 19:06:00,20.2
2025-06-12 05:38:00,67.4
2025-06-12 17:52:00,49.84418741885991
2025-06-12 10:33:00,76.8
2025-06-12 16:35:00,71.7
2025-06-12 01:45:00,51.9
2025-06-12 23:26:00,20.3
2025-06-12 17:17:00,85.4
2025-06-12 16:03:00,17.8
2025-06-12 10:44:00,33.9
2025-06-12 14:14:00,33.5
2025-06-12 18:57:00,49.84418741885991
2025-06-12 01:31:00,67.6
2025-06-12 18:38:00,55.4
2025-06-12 22:33:00,49.84418741885991
2025-06-12 02:50:00,54.3
2025-06-12 16:33:00,49.84418741885991
2025-06-12 13:55:00,31.3
2025-06-12 05:52:00,49.84418741885991
2025-06-12 16:32:00,0.6
2025-06-12 23:20:00,10.7
2025-06-12 19:21:00,7.6
2025-06-12 08:41:00,8.0
2025-06-12 19:06:00,49.84418741885991
2025-06-12 13:36:00,66.3
2025-06-12 22:12:00,65.9
2025-06-12 18:15:00,81.5
2025-06-12 08:36:00,33.1
2025-06-12 15:15:00,49.84418741885991
2025-06-12 11:02:00,77.8
2025-06-12 23:00:00,52.7
2025-06-12 08:38:00,92.9
2025-06-12 20:07:00,58.5
2025-06-12 03:23:00,22.4
2025-06-12 15:24:00,75.4
2025-06-12 14:31:00,98.0
2025-06-12 05:57:00,60.1
2025-06-12 13:37:00,51.1
2025-06-12 19:13:00,25.4
2025-06-12 18:29:00,13.2
2025-06-12 13:24:00,90.8
2025-06-12 02:13:00,49.84418741885991
2025-06-12 15:57:00,99.8
2025-06-12 16:00:00,49.84418741885991
2025-06-12 22:51:00,72.4
2025-06-12 21:22:00,52.2
2025-06-12 07:15:00,63.7
2025-06-12 14:49:00,37.7
2025-06-12 12:22:00,67.9
2025-06-12 22:54:00,13.1
2025-06-12 10:29:00,2.1
2025-06-12 00:45:00,49.84418741885991
2025-06-12 11:55:00,12.3
2025-06-12 23:47:00,49.84418741885991
2025-06-12 18:06:00,73.9
2025-06-12 14:03:00,75.9
2025-06-12 10:58:00,25.6
2025-06-12 06:27:00,46.3
2025-06-12 02:54:00,3.7
2025-06-12 23:35:00,62.1
2025-06-12 06:31:00,47.2
2025-06-12 12:18:00,35.9
2025-06-12 15:49:00,53.4
2025-06-12 21:10:00,60.7
2025-06-12 19:47:00,49.84418741885991
2025-06-12 21:22:00,45.7
2025-06-12 06:26:00,49.84418741885991
2025-06-12 22:34:00,77.2
2025-06-12 05:54:00,66.4
2025-06-12 01:21:00,96.9
2025-06-12 22:26:00,75.4
2025-06-12 20:33:00,30.9
2025-06-12 17:25:00,68.4
2025-06-12 22:45:00,35.6
2025-06-12 02:43:00,38.7
2025-06-12 09:34:00,63.2
2025-06-12 13:12:00,95.1
2025-06-12 20:11:00,29.1
2025-06-12 01:57:00,28.7
2025-06-12 16:16:00,13.8
2025-06-12 06:34:00,37.1
2025-06-12 22:07:00,13.2
2025-06-12 05:32:00,2.0
2025-06-12 12:29:00,32.3
2025-06-12 05:27:00,96.3
2025-06-12 00:34:00,49.84418741885991
2025-06-12 06:41:00,35.1
2025-06-12 19:43:00,20.5
2025-06-12 08:19:00,42.3
2025-06-12 23:08:00,7.3
2025-06-12 04:23:00,29.6
2025-06-12 02:33:00,26.4
2025-06-12 16:34:00,49.84418741885991
2025-06-12 17:50:00,74.6
2025-06-12 21:13:00,52.6
2025-06-12 05:43:00,86.7
2025-06-12 17:31:00,7.8
2025-06-12 09:31:00,10.7
2025-06-12 06:27:00,26.8
2025-06-12 14:14:00,24.4
2025-06-12 00:56:00,55.0
2025-06-12 00:08:00,3.9
2025-06-12 19:00:00,22.9
2025-06-12 18:18:00,49.84418741885991
2025-06-12 16:22:00,35.7
2025-06-12 18:23:00,44.4
2025-06-12 18:27:00,55.2
2025-06-12 16:04:00,96.3
2025-06-12 03:26:00,28.1
2025-06-12 02:53:00,52.9
2025-06-12 09:05:00,54.6
2025-06-12 22:56:00,77.2
2025-06-12 14:04:00,34.0
2025-06-12 14:56:00,96.6
2025-06-12 01:06:00,14.2
2025-06-12 16:16:00,11.3
2025-06-12 10:46:00,65.0
2025-06-12 01:37:00,32.3
2025-06-12 05:07:00,98.1
2025-06-12 02:39:00,38.9
2025-06-12 06:20:00,57.9
2025-06-12 10:50:00,49.84418741885991
2025-06-12 12:31:00,59.9
2025-06-12 01:32:00,43.5
2025-06-12 14:33:00,14.0
2025-06-12 01:14:00,29.3
2025-06-12 18:20:00,94.7
2025-06-12 07:43:00,94.0
2025-06-12 06:28:00,53.7
2025-06-12 05:54:00,89.9
2025-06-12 15:51:00,32.7
2025-06-12 09:51:00,14.0
2025-06-12 07:58:00,64.1
2025-06-12 04:16:00,58.4
2025-06-12 18:59:00,0.6
2025-06-12 18:18:00,58.4
2025-06-12 14:50:00,67.8
2025-06-12 20:01:00,58.5
2025-06-12 06:13:00,3.0
2025-06-12 12:59:00,46.2
2025-06-12 08:01:00,75.6
2025-06-12 21:10:00,18.7
2025-06-12 11:48:00,5.0
2025-06-12 04:37:00,40.1
2025-06-12 13:25:00,59.7
2025-06-12 04:10:00,6.5
2025-06-12 19:06:00,28.0
2025-06-12 04:31:00,61.4
2025-06-12 02:17:00,50.31892714921527
2025-06-12 08:56:00,89.8
2025-06-12 15:39:00,10.0
2025-06-12 04:51:00,54.5
2025-06-12 07:24:00,0.8
2025-06-12 04:19:00,23.2
2025-06-12 01:04:00,65.7
2025-06-12 10:22:00,50.31892714921527
2025-06-12 09:41:00,50.31892714921527
2025-06-12 22:14:00,84.6
2025-06-12 14:31:00,61.6
2025-06-12 22:24:00,4.7
2025-06-12 03:56:00,89.3
2025-06-12 18:14:00,50.31892714921527
2025-06-12 08:30:00,50.31892714921527
2025-06-12 18:00:00,46.8
2025-06-12 13:01:00,94.1
2025-06-12 07:32:00,37.4
2025-06-12 02:46:00,83.4
2025-06-12 06:37:00,64.0
2025-06-12 22:59:00,5.3
2025-06-12 11:49:00,62.1
2025-06-12 17:19:00,50.2
2025-06-12 15:39:00,37.0
2025-06-12 03:56:00,35.2
2025-06-12 10:27:00,32.0
2025-06-12 10:59:00,11.0
2025-06-12 18:32:00,10.0
2025-06-12 06:36:00,66.1
2025-06-12 01:21:00,64.9
2025-06-12 04:43:00,66.1
2025-06-12 16:32:00,62.5
2025-06-12 11:32:00,26.9
2025-06-12 15:36:00,78.6
2025-06-12 05:12:00,19.1
2025-06-12 18:18:00,50.0
2025-06-12 13:31:00,50.31892714921527
2025-06-12 01:30:00,94.9
2025-06-12 08:59:00,26.4
2025-06-12 17:42:00,57.4
2025-06-12 21:13:00,37.8
2025-06-12 08:05:00,60.7
2025-06-12 13:21:00,74.3
2025-06-12 19:03:00,6.7
2025-06-12 03:22:00,83.6
2025-06-12 19:15:00,50.31892714921527
2025-06-12 20:44:00,43.1
2025-06-12 17:28:00,93.3
2025-06-12 11:17:00,44.3
2025-06-12 03:10:00,24.5
2025-06-12 03:11:00,41.2
2025-06-12 01:35:00,50.31892714921527
2025-06-12 14:03:00,88.1
2025-06-12 01:06:00,73.0
2025-06-12 09:29:00,70.9
2025-06-12 00:47:00,17.5
2025-06-12 01:12:00,16.8
2025-06-12 05:16:00,90.7
2025-06-12 02:28:00,35.7
2025-06-12 04:36:00,33.6
2025-06-12 00:41:00,61.0
2025-06-12 21:39:00,61.2
2025-06-12 10:55:00,67.8
2025-06-12 20:22:00,59.2
2025-06-12 00:57:00,21.0
2025-06-12 14:18:00,67.2
2025-06-12 21:11:00,78.6
2025-06-12 23:41:00,51.5
2025-06-12 18:15:00,56.9
2025-06-12 12:45:00,63.1
2025-06-12 14:27:00,46.6
2025-06-12 15:19:00,25.5
2025-06-12 14:03:00,0.5
2025-06-12 08:39:00,73.7
2025-06-12 11:13:00,71.0
2025-06-12 09:45:00,50.31892714921527
2025-06-12 00:26:00,3.1
2025-06-12 03:18:00,4.1
2025-06-12 11:30:00,56.0
2025-06-12 13:29:00,94.7
2025-06-12 05:05:00,61.9
2025-06-12 01:46:00,83.0
2025-06-12 04:42:00,14.1
2025-06-12 08:41:00,50.31892714921527
2025-06-12 21:20:00,32.5
2025-06-12 04:20:00,6.6
2025-06-12 03:21:00,70.6
2025-06-12 18:16:00,91.9
2025-06-12 18:46:00,58.3
2025-06-12 10:09:00,50.31892714921527
2025-06-12 19:43:00,60.1
2025-06-12 14:41:00,85.8
2025-06-12 02:29:00,62.3
2025-06-12 02:07:00,89.1
2025-06-12 11:00:00,74.0
2025-06-12 01:29:00,64.0
2025-06-12 15:28:00,93.9
2025-06-12 02:55:00,5.1
2025-06-12 15:48:00,28.4
2025-06-12 09:39:00,49.9
2025-06-12 22:35:00,15.7
2025-06-12 06:51:00,23.1
2025-06-12 10:12:00,50.31892714921527
2025-06-12 01:47:00,58.2
2025-06-12 01:06:00,20.7
2025-06-12 08:16:00,80.9
2025-06-12 03:23:00,61.9
2025-06-12 08:31:00,38.0
2025-06-12 09:26:00,98.2
2025-06-12 16:15:00,71.4
2025-06-12 12:30:00,95.6
2025-06-12 15:54:00,80.8
2025-06-12 00:24:00,24.3
2025-06-12 20:10:00,84.2
2025-06-12 20:45:00,42.9
2025-06-12 05:33:00,12.9
2025-06-12 00:02:00,50.31892714921527
2025-06-12 10:01:00,96.5
2025-06-12 20:00:00,26.3
2025-06-12 01:07:00,50.31892714921527
2025-06-12 16:05:00,24.7
2025-06-12 05:07:00,55.4
2025-06-12 12:41:00,67.1
2025-06-12 12:20:00,44.7
2025-06-12 19:14:00,4.1
2025-06-12 22:39:00,27.2
2025-06-12 02:23:00,8.7
2025-06-12 10:16:00,49.5
2025-06-12 17:02:00,86.4
2025-06-12 05:37:00,8.6
2025-06-12 03:17:00,15.8
2025-06-12 20:42:00,65.8
2025-06-12 14:40:00,50.31892714921527
2025-06-12 01:05:00,74.3
2025-06-12 00:34:00,99.8
2025-06-12 20:10:00,99.7
2025-06-12 17:02:00,28.3
2025-06-12 13:20:00,92.1
2025-06-12 06:14:00,63.8
2025-06-12 15:26:00,50.31892714921527
2025-06-12 03:16:00,6.4
2025-06-12 11:34:00,50.31892714921527
2025-06-12 03:35:00,39.7
2025-06-12 16:12:00,74.7
2025-06-12 05:51:00,5.4
2025-06-12 19:04:00,36.0
2025-06-12 10:47:00,50.4
2025-06-12 19:27:00,10.3
2025-06-12 11:44:00,50.31892714921527
2025-06-12 17:59:00,50.31892714921527
2025-06-12 08:18:00,51.9
2025-06-12 02:06:00,69.7
2025-06-12 14:29:00,55.4
2025-06-12 03:33:00,74.9
2025-06-12 07:07:00,92.6
2025-06-12 15:05:00,49.8
2025-06-12 18:49:00,80.4
2025-06-12 03:50:00,83.2
2025-06-12 21:03:00,34.8
2025-06-12 09:09:00,37.4
2025-06-12 01:21:00,59.9
2025-06-12 13:29:00,44.2
2025-06-12 08:47:00,8.6
2025-06-12 17:34:00,68.1
2025-06-12 01:22:00,75.9
2025-06-12 18:16:00,44.9
2025-06-12 20:18:00,50.31892714921527
2025-06-12 17:42:00,57.9
2025-06-12 19:29:00,0.9
2025-06-12 04:17:00,87.3
2025-06-12 07:29:00,54.4
2025-06-12 06:39:00,37.0
2025-06-12 04:51:00,56.6
2025-06-12 23:20:00,92.2
2025-06-12 05:40:00,41.4
2025-06-12 04:12:00,49.3
2025-06-12 19:37:00,64.0
2025-06-12 20:42:00,92.0
2025-06-12 10:23:00,91.8
2025-06-12 03:37:00,46.8
2025-06-12 04:56:00,76.6
2025-06-12 09:35:00,50.31892714921527
2025-06-12 17:45:00,72.3
2025-06-12 13:20:00,42.3
2025-06-12 04:43:00,50.31892714921527
2025-06-12 05:43:00,53.7
2025-06-12 14:40:00,32.1
2025-06-12 01:03:00,90.8
2025-06-12 00:55:00,57.8
2025-06-12 11:28:00,74.3
2025-06-12 09:38:00,21.5
2025-06-12 21:42:00,99.7
2025-06-12 13:53:00,59.3
2025-06-12 03:34:00,32.4
2025-06-12 12:16:00,26.1
2025-06-12 11:04:00,50.31892714921527
2025-06-12 06:28:00,53.3
2025-06-12 14:19:00,45.6
2025-06-12 18:23:00,4.9
2025-06-12 04:05:00,68.8
2025-06-12 20:56:00,50.9
2025-06-12 16:37:00,23.0
2025-06-12 17:21:00,7.1
2025-06-12 15:59:00,28.2
2025-06-12 13:37:00,59.5
2025-06-12 00:13:00,86.5
2025-06-12 14:45:00,69.9
2025-06-12 19:57:00,50.31892714921527
2025-06-12 18:27:00,59.4
2025-06-12 08:17:00,68.5
2025-06-12 10:44:00,50.31892714921527
2025-06-12 08:51:00,50.31892714921527
2025-06-12 08:32:00,93.9
2025-06-12 15:35:00,93.8
2025-06-12 06:54:00,50.31892714921527
2025-06-12 06:11:00,56.8
2025-06-12 13:35:00,29.9
2025-06-12 01:07:00,37.3
2025-06-12 21:41:00,97.8
2025-06-12 03:32:00,50.31892714921527
2025-06-12 03:55:00,7.2
2025-06-12 08:27:00,40.0
2025-06-12 18:30:00,8.9
2025-06-12 23:17:00,77.0
2025-06-12 02:22:00,63.8
2025-06-12 21:18:00,24.6
2025-06-12 08:56:00,58.5
2025-06-12 15:19:00,50.31892714921527
2025-06-12 07:06:00,50.31892714921527
2025-06-12 13:17:00,54.1
2025-06-12 13:22:00,85.3
2025-06-12 10:30:00,86.6
2025-06-12 07:55:00,50.31892714921527
2025-06-12 20:53:00,50.31892714921527
2025-06-12 04:22:00,13.3
2025-06-12 00:22:00,71.6
2025-06-12 15:31:00,92.3
2025-06-12 02:22:00,24.3
2025-06-12 17:00:00,67.3
2025-06-12 18:35:00,30.4
2025-06-12 06:10:00,50.31892714921527
2025-06-12 03:08:00,1.9
2025-06-12 04:41:00,70.7
2025-06-12 06:55:00,71.7
2025-06-12 01:59:00,50.31892714921527
2025-06-12 15:38:00,45.2
2025-06-12 10:35:00,50.31892714921527
2025-06-12 14:05:00,41.8
2025-06-12 19:39:00,61.7
2025-06-12 16:54:00,46.7
2025-06-12 11:34:00,67.6
2025-06-12 13:21:00,58.4
2025-06-12 13:00:00,45.5
2025-06-12 21:33:00,91.5
2025-06-12 15:17:00,50.31892714921527
2025-06-12 16:16:00,95.6
2025-06-12 08:27:00,45.2
2025-06-12 18:58:00,62.3
2025-06-12 12:33:00,87.3
2025-06-12 00:46:00,97.3
2025-06-12 06:32:00,61.8
2025-06-12 02:22:00,35.5
2025-06-12 20:38:00,12.6
2025-06-12 01:14:00,36.4
2025-06-12 11:00:00,56.0
2025-06-12 10:04:00,43.2
2025-06-12 08:44:00,4.0
2025-06-12 22:59:00,75.6
2025-06-12 23:13:00,17.4
2025-06-12 11:54:00,31.6
2025-06-12 14:45:00,50.2
2025-06-12 07:10:00,12.6
2025-06-12 19:36:00,63.6
2025-06-12 20:18:00,4.9
2025-06-12 02:53:00,50.31892714921527
2025-06-12 20:11:00,50.31892714921527
2025-06-12 03:14:00,98.3
2025-06-12 08:58:00,12.3
2025-06-12 15:51:00,14.6
2025-06-12 15:19:00,57.5
2025-06-12 05:31:00,40.5
2025-06-12 10:00:00,15.6
2025-06-12 01:53:00,60.9
2025-06-12 07:29:00,30.1
2025-06-12 10:15:00,91.7
2025-06-12 06:37:00,60.6
2025-06-12 00:39:00,98.3
2025-06-12 05:47:00,97.8
2025-06-12 16:13:00,77.0
2025-06-12 04:34:00,29.0
2025-06-12 18:50:00,50.31892714921527
2025-06-12 11:22:00,88.6
2025-06-12 05:16:00,17.5
2025-06-12 04:40:00,24.7
2025-06-12 11:34:00,14.1
2025-06-12 15:32:00,1.8
2025-06-12 16:25:00,41.3
2025-06-12 17:47:00,10.2
2025-06-12 19:29:00,50.31892714921527
2025-06-12 00:52:00,52.2
2025-06-12 14:12:00,30.9
2025-06-12 00:06:00,33.6
2025-06-12 03:48:00,95.7
2025-06-12 11:36:00,64.2
2025-06-12 14:09:00,43.7
2025-06-12 16:54:00,86.2
2025-06-12 22:52:00,68.4
2025-06-12 03:16:00,50.31892714921527
2025-06-12 06:06:00,50.31892714921527
2025-06-12 22:12:00,11.3
2025-06-12 00:25:00,50.31892714921527
2025-06-12 21:57:00,33.0
2025-06-12 14:20:00,41.9
2025-06-12 18:40:00,25.7
2025-06-12 21:54:00,62.9
2025-06-12 14:19:00,87.9
2025-06-12 23:50:00,36.5
2025-06-12 07:36:00,27.5
2025-06-12 17:09:00,9.6
2025-06-12 15:55:00,19.0
2025-06-12 06:30:00,54.9
2025-06-12 02:11:00,55.4
2025-06-12 11:31:00,68.1
2025-06-12 22:08:00,52.4
2025-06-12 23:14:00,98.1
2025-06-12 01:37:00,60.6
2025-06-12 19:49:00,46.6
2025-06-12 03:20:00,45.1
2025-06-12 07:53:00,83.9
2025-06-12 11:22:00,14.4
2025-06-12 22:00:00,51.6
2025-06-12 23:40:00,50.31892714921527
2025-06-12 14:51:00,53.4
2025-06-12 23:15:00,54.2
2025-06-12 13:03:00,50.31892714921527
2025-06-12 11:53:00,91.3
2025-06-12 12:49:00,68.9
2025-06-12 23:20:00,15.0
2025-06-12 19:13:00,7.5
2025-06-12 18:35:00,17.0
2025-06-12 17:30:00,78.4
2025-06-12 22:53:00,50.31892714921527
2025-06-12 16:01:00,76.6
2025-06-12 19:23:00,19.1
2025-06-12 09:39:00,95.3
2025-06-12 16:11:00,6.5
2025-06-12 01:51:00,67.3
2025-06-12 22:50:00,64.2
2025-06-12 03:46:00,69.0
2025-06-12 03:51:00,50.31892714921527
2025-06-12 01:12:00,27.2
2025-06-12 10:21:00,26.8
2025-06-12 01:59:00,50.31892714921527
2025-06-12 01:30:00,24.8
2025-06-12 11:18:00,36.5
2025-06-12 15:08:00,1.1
2025-06-12 23:05:00,50.9
2025-06-12 11:38:00,25.6
2025-06-12 19:16:00,96.0
2025-06-12 19:58:00,99.4
2025-06-12 01:00:00,42.7
2025-06-12 06:33:00,57.1
2025-06-12 14:43:00,97.9
2025-06-12 22:10:00,20.7
2025-06-12 14:38:00,43.7
2025-06-12 09:36:00,88.3
2025-06-12 23:30:00,96.6
2025-06-12 20:07:00,31.1
2025-06-12 20:02:00,8.3
2025-06-12 22:17:00,6.1
2025-06-12 06:43:00,88.8
2025-06-12 17:34:00,30.3
2025-06-12 11:04:00,49.91221338324755
2025-06-12 09:03:00,70.6
2025-06-12 07:51:00,9.1
2025-06-12 07:28:00,23.8
2025-06-12 10:03:00,77.0
2025-06-12 00:04:00,5.4
2025-06-12 14:25:00,42.8
2025-06-12 19:09:00,8.4
2025-06-12 16:40:00,30.0
2025-06-12 16:19:00,34.8
2025-06-12 01:15:00,0.3
2025-06-12 15:42:00,88.4
2025-06-12 02:46:00,5.9
2025-06-12 14:23:00,75.2
2025-06-12 03:40:00,55.7
2025-06-12 22:49:00,57.5
2025-06-12 14:37:00,49.91221338324755
2025-06-12 10:02:00,59.9
2025-06-12 18:33:00,53.7
2025-06-12 08:05:00,47.0
2025-06-12 05:19:00,17.0
2025-06-12 09:06:00,49.91221338324755
2025-06-12 12:44:00,21.3
2025-06-12 01:07:00,33.8
2025-06-12 05:46:00,49.91221338324755
2025-06-12 22:03:00,18.4
2025-06-12 22:01:00,89.7
2025-06-12 14:44:00,47.6
2025-06-12 05:25:00,96.6
2025-06-12 15:43:00,51.1
2025-06-12 06:58:00,63.5
2025-06-12 03:25:00,14.3
2025-06-12 10:26:00,97.7
2025-06-12 07:12:00,39.8
2025-06-12 19:06:00,98.2
2025-06-12 21:04:00,28.6
2025-06-12 18:28:00,4.3
2025-06-12 15:03:00,51.5
2025-06-12 20:47:00,65.4
2025-06-12 17:06:00,31.4
2025-06-12 18:58:00,49.91221338324755
2025-06-12 01:21:00,46.7
2025-06-12 19:12:00,29.9
2025-06-12 06:18:00,90.5
2025-06-12 23:47:00,13.7
2025-06-12 23:20:00,9.4
2025-06-12 01:03:00,49.0
2025-06-12 13:03:00,5.7
2025-06-12 17:07:00,89.0
2025-06-12 04:58:00,97.1
2025-06-12 07:59:00,89.9
2025-06-12 09:00:00,9.9
2025-06-12 20:10:00,49.1
2025-06-12 11:01:00,22.5
2025-06-12 00:42:00,12.0
2025-06-12 22:24:00,18.3
2025-06-12 00:22:00,22.0
2025-06-12 17:44:00,9.8
2025-06-12 09:06:00,59.0
2025-06-12 23:11:00,83.0
2025-06-12 19:03:00,15.6
2025-06-12 05:06:00,15.2
2025-06-12 21:38:00,49.91221338324755
2025-06-12 07:12:00,96.5
2025-06-12 17:37:00,41.5
2025-06-12 04:56:00,3.6
2025-06-12 03:10:00,14.6
2025-06-12 23:35:00,49.91221338324755
2025-06-12 11:34:00,42.5
2025-06-12 06:02:00,49.91221338324755
2025-06-12 07:35:00,87.0
2025-06-12 04:12:00,90.2
2025-06-12 02:32:00,0.2
2025-06-12 14:38:00,83.1
2025-06-12 04:37:00,86.7
2025-06-12 15:05:00,9.3
2025-06-12 10:33:00,6.1
2025-06-12 01:38:00,39.4
2025-06-12 01:55:00,49.91221338324755
2025-06-12 01:01:00,13.4
2025-06-12 10:12:00,49.91221338324755
2025-06-12 08:14:00,99.5
2025-06-12 21:45:00,42.2
2025-06-12 09:42:00,49.91221338324755
2025-06-12 12:48:00,61.5
2025-06-12 12:03:00,62.3
2025-06-12 06:05:00,35.0
2025-06-12 23:13:00,20.5
2025-06-12 15:47:00,16.0
2025-06-12 08:19:00,32.4
2025-06-12 18:07:00,33.3
2025-06-12 15:28:00,49.91221338324755
2025-06-12 03:20:00,11.5
2025-06-12 16:44:00,6.3
2025-06-12 16:48:00,34.8
2025-06-12 17:17:00,89.7
2025-06-12 01:11:00,42.4
2025-06-12 00:58:00,28.2
2025-06-12 12:15:00,6.8
2025-06-12 07:21:00,89.6
2025-06-12 21:06:00,35.9
2025-06-12 04:50:00,49.91221338324755
2025-06-12 05:14:00,23.9
2025-06-12 21:57:00,49.91221338324755
2025-06-12 06:10:00,26.5
2025-06-12 05:27:00,91.6
2025-06-12 18:24:00,61.3
2025-06-12 15:57:00,98.2
2025-06-12 23:04:00,98.3
2025-06-12 10:03:00,60.3
2025-06-12 15:00:00,64.7
2025-06-12 17:59:00,46.3
2025-06-12 00:18:00,62.0
2025-06-12 00:52:00,49.91221338324755
2025-06-12 15:50:00,41.5
2025-06-12 18:09:00,41.6
2025-06-12 07:00:00,80.6
2025-06-12 07:11:00,80.1
2025-06-12 08:15:00,58.3
2025-06-12 10:12:00,93.7
2025-06-12 14:33:00,49.91221338324755
2025-06-12 17:45:00,75.1
2025-06-12 18:04:00,93.9
2025-06-12 08:47:00,74.6
2025-06-12 14:06:00,57.6
2025-06-12 22:19:00,86.7
2025-06-12 17:23:00,41.5
2025-06-12 08:08:00,18.1
2025-06-12 21:32:00,39.8
2025-06-12 11:46:00,92.5
2025-06-12 07:46:00,94.2
2025-06-12 12:12:00,99.7
2025-06-12 10:03:00,36.3
2025-06-12 18:11:00,24.0
2025-06-12 08:58:00,49.91221338324755
2025-06-12 13:15:00,27.0
2025-06-12 19:41:00,78.9
2025-06-12 08:04:00,49.91221338324755
2025-06-12 01:25:00,49.91221338324755
2025-06-12 11:10:00,22.2
2025-06-12 02:08:00,35.9
2025-06-12 07:36:00,23.4
2025-06-12 09:14:00,31.3
2025-06-12 00:25:00,71.6
2025-06-12 16:55:00,47.3
2025-06-12 21:58:00,22.0
2025-06-12 20:12:00,49.91221338324755
2025-06-12 12:26:00,58.5
2025-06-12 17:47:00,78.1
2025-06-12 04:18:00,68.8
2025-06-12 09:55:00,46.2
2025-06-12 22:01:00,49.91221338324755
2025-06-12 02:47:00,20.1
2025-06-12 01:31:00,86.7
2025-06-12 10:57:00,63.0
2025-06-12 04:25:00,64.7
2025-06-12 22:40:00,67.9
2025-06-12 10:07:00,49.91221338324755
2025-06-12 13:44:00,79.9
2025-06-12 18:54:00,49.91221338324755
2025-06-12 08:41:00,49.91221338324755
2025-06-12 21:46:00,0.7
2025-06-12 15:36:00,54.9
2025-06-12 16:07:00,49.91221338324755
2025-06-12 10:43:00,53.5
2025-06-12 12:33:00,5.0
2025-06-12 11:21:00,38.8
2025-06-12 01:07:00,13.7
2025-06-12 15:23:00,16.2
2025-06-12 17:41:00,88.1
2025-06-12 20:11:00,69.5
2025-06-12 23:37:00,28.4
2025-06-12 11:21:00,84.5
2025-06-12 03:15:00,49.91221338324755
2025-06-12 03:20:00,55.5
2025-06-12 15:17:00,24.8
2025-06-12 13:43:00,41.8
2025-06-12 10:33:00,38.9
2025-06-12 15:51:00,16.9
2025-06-12 23:59:00,10.8
2025-06-12 05:52:00,72.8
2025-06-12 09:47:00,44.8
2025-06-12 16:11:00,83.1
2025-06-12 13:21:00,59.1
2025-06-12 11:37:00,25.1
2025-06-12 02:43:00,49.91221338324755
2025-06-12 16:23:00,17.3
2025-06-12 21:08:00,76.6
2025-06-12 15:48:00,94.7
2025-06-12 03:29:00,95.9
2025-06-12 17:05:00,96.7
2025-06-12 11:36:00,82.6
2025-06-12 10:21:00,49.91221338324755
2025-06-12 09:29:00,80.4
2025-06-12 04:16:00,26.1
2025-06-12 05:38:00,83.9
2025-06-12 17:15:00,43.0
2025-06-12 15:13:00,41.6
2025-06-12 07:57:00,88.5
2025-06-12 21:49:00,66.0
2025-06-12 18:51:00,49.91221338324755
2025-06-12 23:01:00,94.0
2025-06-12 14:33:00,85.1
2025-06-12 15:59:00,52.1
2025-06-12 01:54:00,92.2
2025-06-12 19:28:00,55.4
2025-06-12 21:01:00,26.0
2025-06-12 14:07:00,88.6
2025-06-12 22:41:00,52.7
2025-06-12 06:22:00,31.1
2025-06-12 02:36:00,49.91221338324755
2025-06-12 04:22:00,81.4
2025-06-12 14:30:00,91.1
2025-06-12 19:01:00,97.6
2025-06-12 09:59:00,27.6
2025-06-12 18:24:00,92.6
2025-06-12 13:30:00,67.3
2025-06-12 15:27:00,49.91221338324755
2025-06-12 22:10:00,8.7
2025-06-12 19:51:00,67.5
2025-06-12 10:02:00,25.0
2025-06-12 01:56:00,12.0
2025-06-12 20:40:00,49.91221338324755
2025-06-12 23:58:00,49.91221338324755
2025-06-12 15:07:00,53.3
2025-06-12 22:57:00,32.2
2025-06-12 19:55:00,25.7
2025-06-12 13:09:00,49.91221338324755
2025-06-12 00:17:00,68.6
2025-06-12 16:42:00,87.6
2025-06-12 02:08:00,26.5
2025-06-12 19:59:00,48.6
2025-06-12 04:22:00,49.91221338324755
2025-06-12 07:18:00,48.5
2025-06-12 13:15:00,63.7
2025-06-12 07:30:00,49.91221338324755
2025-06-12 00:27:00,79.0
2025-06-12 09:23:00,76.1
2025-06-12 14:47:00,83.2
2025-06-12 19:36:00,49.91221338324755
2025-06-12 14:29:00,69.3
2025-06-12 19:14:00,37.5
2025-06-12 19:07:00,47.6
2025-06-12 14:24:00,10.4
2025-06-12 21:46:00,18.2
2025-06-12 11:38:00,15.6
2025-06-12 21:43:00,7.6
2025-06-12 12:05:00,5.1
2025-06-12 22:01:00,71.2
2025-06-12 02:53:00,13.2
2025-06-12 04:40:00,39.4
2025-06-12 03:32:00,26.7
2025-06-12 09:46:00,49.91221338324755
2025-06-12 23:19:00,53.4
2025-06-12 23:03:00,81.2
2025-06-12 05:19:00,0.8
2025-06-12 13:15:00,86.8
2025-06-12 11:14:00,49.91221338324755
2025-06-12 13:20:00,0.6
2025-06-12 16:19:00,49.91221338324755
2025-06-12 22:31:00,35.6
2025-06-12 12:43:00,45.9
2025-06-12 06:16:00,49.91221338324755
2025-06-12 07:03:00,95.9
2025-06-12 15:07:00,58.3
2025-06-12 08:28:00,39.4
2025-06-12 16:01:00,90.6
2025-06-12 04:53:00,26.0
2025-06-12 22:18:00,40.5
2025-06-12 18:18:00,52.7
2025-06-12 07:52:00,12.6
2025-06-12 20:12:00,6.7
2025-06-12 22:21:00,73.5
2025-06-12 21:11:00,97.0
2025-06-12 14:58:00,35.8
2025-06-12 02:02:00,47.3
2025-06-12 16:48:00,76.0
2025-06-12 08:33:00,15.2
2025-06-12 08:29:00,33.0
2025-06-12 07:43:00,45.6
2025-06-12 06:58:00,49.91221338324755
2025-06-12 21:52:00,57.7
2025-06-12 14:51:00,17.9
2025-06-12 07:44:00,59.9
2025-06-12 21:02:00,3.0
2025-06-12 23:16:00,68.1
2025-06-12 10:22:00,68.2
2025-06-12 06:24:00,80.2
2025-06-12 00:27:00,89.9
2025-06-12 21:30:00,12.1
2025-06-12 18:55:00,39.5
2025-06-12 00:18:00,11.0
2025-06-12 19:41:00,59.9
2025-06-12 09:38:00,41.5
2025-06-12 12:05:00,1.7
2025-06-12 08:01:00,34.1
2025-06-12 02:31:00,49.91221338324755
2025-06-12 19:03:00,13.8
2025-06-12 03:02:00,4.4
2025-06-12 21:43:00,66.7
2025-06-12 06:22:00,28.4
2025-06-12 11:07:00,44.9
2025-06-12 10:42:00,3.6
2025-06-12 07:28:00,12.3
2025-06-12 01:33:00,0.4
2025-06-12 19:02:00,85.4
2025-06-12 16:45:00,8.2
2025-06-12 06:41:00,45.2
2025-06-12 03:20:00,80.8
2025-06-12 02:27:00,77.3
2025-06-12 07:25:00,49.91221338324755
2025-06-12 23:46:00,37.9
2025-06-12 10:13:00,49.91221338324755
2025-06-12 12:15:00,49.91221338324755
2025-06-12 11:04:00,49.91221338324755
2025-06-12 17:41:00,65.4
2025-06-12 14:32:00,26.3
2025-06-12 16:06:00,52.5
2025-06-12 13:16:00,96.1
2025-06-12 16:22:00,95.3
2025-06-12 16:32:00,75.3
2025-06-12 22:01:00,76.9
2025-06-12 21:47:00,50.557353635505194
2025-06-12 10:30:00,14.0
2025-06-12 22:29:00,77.2
2025-06-12 03:37:00,52.2
2025-06-12 22:03:00,47.4
2025-06-12 06:22:00,1.9
2025-06-12 12:19:00,93.7
2025-06-12 11:25:00,52.0
2025-06-12 11:37:00,29.1
2025-06-12 08:17:00,70.3
2025-06-12 11:08:00,90.6
2025-06-12 00:54:00,80.8
2025-06-12 06:36:00,4.1
2025-06-12 20:36:00,96.2
2025-06-12 10:52:00,10.7
2025-06-12 07:44:00,28.7
2025-06-12 13:38:00,45.2
2025-06-12 01:07:00,18.6
2025-06-12 15:00:00,70.1
2025-06-12 10:58:00,64.2
2025-06-12 19:54:00,5.5
2025-06-12 23:52:00,34.9
2025-06-12 02:35:00,58.5
2025-06-12 16:41:00,54.2
2025-06-12 19:36:00,38.6
2025-06-12 03:22:00,46.8
2025-06-12 18:13:00,32.7
2025-06-12 00:18:00,17.9
2025-06-12 22:52:00,33.7
2025-06-12 16:20:00,88.8
2025-06-12 12:05:00,43.9
2025-06-12 05:42:00,68.7
2025-06-12 00:58:00,94.4
2025-06-12 17:16:00,74.2
2025-06-12 10:40:00,58.0
2025-06-12 18:56:00,76.2
2025-06-12 01:10:00,79.3
2025-06-12 02:36:00,47.9
2025-06-12 02:49:00,50.557353635505194
2025-06-12 10:56:00,84.1
2025-06-12 15:06:00,50.557353635505194
2025-06-12 04:31:00,9.6
2025-06-12 02:57:00,50.557353635505194
2025-06-12 01:19:00,58.6
2025-06-12 06:43:00,5.8
2025-06-12 03:07:00,40.0
2025-06-12 04:08:00,4.6
2025-06-12 18:31:00,25.0
2025-06-12 15:38:00,50.557353635505194
2025-06-12 02:27:00,2.1
2025-06-12 07:33:00,34.1
2025-06-12 03:29:00,18.9
2025-06-12 23:29:00,52.7
2025-06-12 15:25:00,1.4
2025-06-12 04:30:00,50.557353635505194
2025-06-12 12:33:00,42.8
2025-06-12 10:25:00,57.5
2025-06-12 02:58:00,83.1
2025-06-12 19:05:00,50.557353635505194
2025-06-12 01:57:00,47.7
2025-06-12 15:02:00,42.7
2025-06-12 01:00:00,15.4
2025-06-12 04:42:00,68.9
2025-06-12 18:27:00,1.2
2025-06-12 10:27:00,50.557353635505194
2025-06-12 00:56:00,84.6
2025-06-12 17:08:00,38.4
2025-06-12 16:20:00,64.5
2025-06-12 21:31:00,24.4
2025-06-12 00:05:00,82.2
2025-06-12 06:40:00,75.8
2025-06-12 06:25:00,5.1
2025-06-12 14:15:00,96.5
2025-06-12 13:50:00,85.9
2025-06-12 23:54:00,23.2
2025-06-12 13:52:00,34.0
2025-06-12 09:22:00,19.3
2025-06-12 05:54:00,6.5
2025-06-12 00:53:00,60.5
2025-06-12 13:10:00,5.7
2025-06-12 23:01:00,50.557353635505194
2025-06-12 21:15:00,13.4
2025-06-12 05:09:00,50.557353635505194
2025-06-12 16:26:00,32.0
2025-06-12 07:44:00,79.5
2025-06-12 05:56:00,50.557353635505194
2025-06-12 01:58:00,26.9
2025-06-12 00:15:00,41.8
2025-06-12 20:01:00,6.1
2025-06-12 03:57:00,9.0
2025-06-12 03:16:00,63.5
2025-06-12 10:17:00,72.3
2025-06-12 17:46:00,90.3
2025-06-12 18:28:00,2.3
2025-06-12 11:38:00,50.557353635505194
2025-06-12 02:59:00,22.6
2025-06-12 10:02:00,50.557353635505194
2025-06-12 02:45:00,80.5
2025-06-12 22:40:00,93.2
2025-06-12 10:34:00,73.2
2025-06-12 12:05:00,34.9
2025-06-12 17:02:00,22.3
2025-06-12 04:37:00,35.7
2025-06-12 02:05:00,67.2
2025-06-12 16:14:00,15.4
2025-06-12 13:42:00,50.557353635505194
2025-06-12 07:57:00,2.3
2025-06-12 12:18:00,56.7
2025-06-12 21:12:00,19.1
2025-06-12 04:29:00,4.7
2025-06-12 22:55:00,23.9
2025-06-12 15:51:00,56.5
2025-06-12 11:41:00,30.9
2025-06-12 13:10:00,8.2
2025-06-12 12:24:00,5.9
2025-06-12 12:08:00,54.5
2025-06-12 15:20:00,81.1
2025-06-12 20:43:00,64.1
2025-06-12 08:21:00,50.557353635505194
2025-06-12 01:02:00,84.6
2025-06-12 02:40:00,7.4
2025-06-12 06:06:00,87.2
2025-06-12 01:19:00,55.6
2025-06-12 00:30:00,10.5
2025-06-12 03:45:00,88.7
2025-06-12 02:33:00,66.0
2025-06-12 09:24:00,50.557353635505194
2025-06-12 07:40:00,22.5
2025-06-12 07:59:00,50.557353635505194
2025-06-12 18:35:00,60.1
2025-06-12 09:01:00,50.557353635505194
2025-06-12 19:40:00,44.5
2025-06-12 19:39:00,94.6
2025-06-12 20:52:00,92.3
2025-06-12 13:38:00,28.4
2025-06-12 04:56:00,5.1
2025-06-12 03:00:00,47.5
2025-06-12 13:54:00,28.3
2025-06-12 08:59:00,99.6
2025-06-12 14:42:00,99.8
2025-06-12 00:34:00,1.1
2025-06-12 10:35:00,79.5
2025-06-12 10:17:00,50.557353635505194
2025-06-12 15:15:00,45.2
2025-06-12 09:53:00,50.557353635505194
2025-06-12 09:46:00,50.557353635505194
2025-06-12 06:27:00,57.0
2025-06-12 06:23:00,25.8
2025-06-12 10:47:00,61.0
2025-06-12 04:32:00,50.557353635505194
2025-06-12 06:21:00,6.9
2025-06-12 04:23:00,92.1
2025-06-12 08:55:00,24.9
2025-06-12 11:10:00,32.7
2025-06-12 00:26:00,86.3
2025-06-12 10:22:00,50.4
2025-06-12 21:03:00,99.1
2025-06-12 03:46:00,50.557353635505194
2025-06-12 13:11:00,26.4
2025-06-12 12:14:00,10.4
2025-06-12 04:29:00,59.4
2025-06-12 03:10:00,60.3
2025-06-12 04:44:00,18.8
2025-06-12 21:37:00,3.7
2025-06-12 15:21:00,1.9
2025-06-12 06:39:00,22.7
2025-06-12 08:25:00,58.0
2025-06-12 02:46:00,50.557353635505194
2025-06-12 19:49:00,50.557353635505194
2025-06-12 20:38:00,33.9
2025-06-12 03:54:00,94.3
2025-06-12 22:54:00,50.557353635505194
2025-06-12 23:03:00,97.2
2025-06-12 02:54:00,41.1
2025-06-12 17:39:00,83.3
2025-06-12 11:00:00,12.8
2025-06-12 18:11:00,29.0
2025-06-12 14:59:00,11.5
2025-06-12 14:14:00,77.4
2025-06-12 09:27:00,47.9
2025-06-12 23:30:00,50.557353635505194
2025-06-12 06:09:00,23.5
2025-06-12 12:08:00,6.7
2025-06-12 23:44:00,50.557353635505194
2025-06-12 07:49:00,22.9
2025-06-12 04:07:00,28.9
2025-06-12 20:28:00,36.4
2025-06-12 05:53:00,98.6
2025-06-12 01:21:00,50.557353635505194
2025-06-12 12:48:00,82.3
2025-06-12 20:59:00,50.557353635505194
2025-06-12 20:05:00,81.5
2025-06-12 07:12:00,41.4
2025-06-12 16:40:00,85.6
2025-06-12 14:57:00,32.8
2025-06-12 00:55:00,49.0
2025-06-12 21:12:00,19.3
2025-06-12 17:46:00,3.9
2025-06-12 07:11:00,50.557353635505194
2025-06-12 02:45:00,50.557353635505194
2025-06-12 05:57:00,1.2
2025-06-12 06:32:00,54.9
2025-06-12 01:54:00,18.9
2025-06-12 19:16:00,94.4
2025-06-12 15:41:00,41.4
2025-06-12 15:52:00,34.9
2025-06-12 09:50:00,44.7
2025-06-12 12:21:00,50.557353635505194
2025-06-12 09:54:00,62.6
2025-06-12 02:11:00,85.9
2025-06-12 08:30:00,94.0
2025-06-12 14:34:00,50.557353635505194
2025-06-12 06:10:00,42.2
2025-06-12 05:00:00,50.557353635505194
2025-06-12 18:04:00,50.557353635505194
2025-06-12 22:58:00,80.2
2025-06-12 13:12:00,50.557353635505194
2025-06-12 00:00:00,37.4
2025-06-12 09:38:00,41.3
2025-06-12 13:50:00,23.6
2025-06-12 20:14:00,82.9
2025-06-12 18:42:00,69.9
2025-06-12 18:51:00,33.6
2025-06-12 22:53:00,50.557353635505194
2025-06-12 16:13:00,50.557353635505194
2025-06-12 02:04:00,50.557353635505194
2025-06-12 07:52:00,92.6
2025-06-12 18:45:00,30.7
2025-06-12 22:14:00,46.6
2025-06-12 12:23:00,75.0
2025-06-12 18:35:00,73.5
2025-06-12 07:10:00,8.6
2025-06-12 14:07:00,51.0
2025-06-12 11:04:00,98.9
2025-06-12 17:00:00,38.1
2025-06-12 12:15:00,77.3
2025-06-12 09:06:00,50.557353635505194
2025-06-12 21:51:00,74.0
2025-06-12 09:33:00,78.6
2025-06-12 05:11:00,70.5
2025-06-12 13:00:00,66.7
2025-06-12 19:49:00,27.5
2025-06-12 18:51:00,11.7
2025-06-12 02:41:00,95.2
2025-06-12 21:44:00,95.3
2025-06-12 16:55:00,57.0
2025-06-12 05:14:00,80.0
2025-06-12 06:32:00,88.4
2025-06-12 09:19:00,78.0
2025-06-12 02:54:00,99.1
2025-06-12 13:10:00,95.8
2025-06-12 06:38:00,62.7
2025-06-12 18:07:00,35.3
2025-06-12 07:02:00,37.1
2025-06-12 15:04:00,52.9
2025-06-12 00:41:00,70.8
2025-06-12 02:44:00,61.7
2025-06-12 10:03:00,70.4
2025-06-12 00:13:00,75.1
2025-06-12 13:18:00,88.1
2025-06-12 20:48:00,70.9
2025-06-12 17:03:00,79.9
2025-06-12 07:32:00,77.5
2025-06-12 11:04:00,57.1
2025-06-12 18:42:00,74.7
2025-06-12 11:40:00,12.9
2025-06-12 22:14:00,20.3
2025-06-12 20:41:00,93.9
2025-06-12 01:40:00,39.2
2025-06-12 15:42:00,87.2
2025-06-12 08:23:00,17.6
2025-06-12 10:52:00,31.4
2025-06-12 16:34:00,67.3
2025-06-12 10:49:00,8.6
2025-06-12 22:59:00,96.5
2025-06-12 22:38:00,50.557353635505194
2025-06-12 11:19:00,13.6
2025-06-12 03:41:00,50.557353635505194
2025-06-12 09:32:00,12.9
2025-06-12 12:10:00,41.0
2025-06-12 15:37:00,54.9
2025-06-12 12:26:00,64.5
2025-06-12 16:54:00,19.6
2025-06-12 13:18:00,23.5
2025-06-12 07:40:00,50.557353635505194
2025-06-12 04:08:00,50.557353635505194
2025-06-12 01:16:00,56.0
2025-06-12 19:00:00,91.2
2025-06-12 18:26:00,93.8
2025-06-12 14:51:00,86.0
2025-06-12 19:29:00,23.9
2025-06-12 19:29:00,54.3
2025-06-12 00:27:00,50.557353635505194
2025-06-12 01:43:00,52.3
2025-06-12 17:13:00,93.2
2025-06-12 13:55:00,30.4
2025-06-12 09:39:00,60.8
2025-06-12 06:56:00,21.9
2025-06-12 01:19:00,54.3
2025-06-12 15:43:00,53.8
2025-06-12 06:50:00,98.2
2025-06-12 20:56:00,76.7
2025-06-12 05:35:00,47.2
2025-06-12 10:46:00,13.2
2025-06-12 14:13:00,25.1
2025-06-12 12:12:00,50.557353635505194
2025-06-12 22:27:00,28.8
2025-06-12 00:07:00,90.1
2025-06-12 22:19:00,28.6
2025-06-12 12:33:00,85.7
2025-06-12 23:04:00,90.0
2025-06-12 21:36:00,1.5
2025-06-12 19:31:00,61.0
2025-06-12 15:40:00,80.6
2025-06-12 20:40:00,42.8
2025-06-12 12:14:00,38.0
2025-06-12 05:20:00,7.1
2025-06-12 16:18:00,42.9
2025-06-12 03:36:00,38.1
2025-06-12 12:48:00,73.0
2025-06-12 21:47:00,49.87196987526477
2025-06-12 07:32:00,67.4
2025-06-12 14:58:00,46.1
2025-06-12 11:01:00,97.8
2025-06-12 06:42:00,49.87196987526477
2025-06-12 21:02:00,64.1
2025-06-12 04:19:00,15.8
2025-06-12 17:20:00,84.1
2025-06-12 04:18:00,49.87196987526477
2025-06-12 22:00:00,62.4
2025-06-12 02:55:00,70.9
2025-06-12 00:25:00,49.87196987526477
2025-06-12 10:12:00,12.9
2025-06-12 06:24:00,77.0
2025-06-12 10:25:00,49.3
2025-06-12 00:36:00,49.87196987526477
2025-06-12 10:55:00,29.6
2025-06-12 16:41:00,48.3
2025-06-12 08:47:00,15.5
2025-06-12 15:07:00,39.7
2025-06-12 03:11:00,49.87196987526477
2025-06-12 07:33:00,16.5
2025-06-12 05:49:00,22.3
2025-06-12 21:32:00,55.6
2025-06-12 01:19:00,45.4
2025-06-12 21:42:00,49.87196987526477
2025-06-12 04:05:00,69.8
2025-06-12 03:35:00,34.3
2025-06-12 13:46:00,1.7
2025-06-12 02:01:00,96.1
2025-06-12 00:46:00,7.9
2025-06-12 18:09:00,61.1
2025-06-12 15:35:00,61.0
2025-06-12 11:00:00,73.5
2025-06-12 23:28:00,1.4
2025-06-12 16:13:00,12.5
2025-06-12 15:57:00,96.7
2025-06-12 11:01:00,85.4
2025-06-12 17:50:00,79.9
2025-06-12 20:47:00,5.8
2025-06-12 20:17:00,84.3
2025-06-12 16:24:00,49.87196987526477
2025-06-12 14:31:00,82.7
2025-06-12 02:17:00,18.8
2025-06-12 18:39:00,77.5
2025-06-12 07:43:00,8.9
2025-06-12 12:57:00,23.1
2025-06-12 09:38:00,81.6
2025-06-12 08:05:00,99.3
2025-06-12 14:15:00,18.8
2025-06-12 08:00:00,49.87196987526477
2025-06-12 15:38:00,49.87196987526477
2025-06-12 13:47:00,75.0
2025-06-12 22:31:00,49.87196987526477
2025-06-12 14:56:00,72.6
2025-06-12 18:03:00,76.9
2025-06-12 21:33:00,97.4
2025-06-12 17:49:00,37.4
2025-06-12 10:39:00,65.8
2025-06-12 22:14:00,2.6
2025-06-12 02:46:00,49.87196987526477
2025-06-12 00:09:00,10.9
2025-06-12 08:03:00,49.87196987526477
2025-06-12 19:06:00,97.8
2025-06-12 14:42:00,1.3
2025-06-12 09:46:00,46.3
2025-06-12 16:38:00,67.2
2025-06-12 15:24:00,15.0
2025-06-12 07:45:00,36.2
2025-06-12 17:10:00,30.6
2025-06-12 11:59:00,62.0
2025-06-12 04:41:00,22.9
2025-06-12 07:36:00,49.87196987526477
2025-06-12 15:08:00,51.0
2025-06-12 20:09:00,61.8
2025-06-12 03:43:00,29.5
2025-06-12 23:23:00,56.4
2025-06-12 08:24:00,74.9
2025-06-12 16:23:00,58.8
2025-06-12 23:21:00,49.87196987526477
2025-06-12 11:52:00,81.6
2025-06-12 07:28:00,21.9
2025-06-12 20:23:00,66.9
2025-06-12 21:26:00,91.0
2025-06-12 19:11:00,4.5
2025-06-12 01:42:00,49.87196987526477
2025-06-12 08:34:00,49.87196987526477
2025-06-12 20:38:00,81.9
2025-06-12 09:37:00,70.9
2025-06-12 02:48:00,54.5
2025-06-12 22:36:00,49.87196987526477
2025-06-12 12:26:00,40.7
2025-06-12 19:32:00,49.87196987526477
2025-06-12 05:47:00,72.7
2025-06-12 10:45:00,49.87196987526477
2025-06-12 22:26:00,59.0
2025-06-12 15:25:00,27.9
2025-06-12 01:55:00,29.7
2025-06-12 02:35:00,14.6
2025-06-12 14:10:00,1.8
2025-06-12 10:27:00,49.87196987526477
2025-06-12 16:38:00,49.87196987526477
2025-06-12 13:55:00,51.2
2025-06-12 16:22:00,13.7
2025-06-12 22:38:00,49.87196987526477
2025-06-12 14:35:00,44.0
2025-06-12 17:45:00,79.4
2025-06-12 20:24:00,81.2
2025-06-12 01:06:00,90.6
2025-06-12 19:45:00,49.87196987526477
2025-06-12 02:17:00,49.87196987526477
2025-06-12 08:56:00,54.1
2025-06-12 13:00:00,95.0
2025-06-12 11:52:00,50.0
2025-06-12 03:37:00,66.7
2025-06-12 13:46:00,83.8
2025-06-12 00:09:00,4.4
2025-06-12 03:23:00,35.6
2025-06-12 20:00:00,9.5
2025-06-12 09:26:00,51.0
2025-06-12 04:42:00,49.87196987526477
2025-06-12 09:18:00,35.3
2025-06-12 07:27:00,49.87196987526477
2025-06-12 22:53:00,36.6
2025-06-12 20:47:00,87.9
2025-06-12 02:39:00,49.87196987526477
2025-06-12 10:07:00,77.4
2025-06-12 19:48:00,16.2
2025-06-12 00:27:00,75.7
2025-06-12 03:47:00,49.87196987526477
2025-06-12 04:26:00,2.3
2025-06-12 03:20:00,77.0
2025-06-12 06:12:00,17.6
2025-06-12 13:37:00,66.2
2025-06-12 02:44:00,5.5
2025-06-12 02:46:00,49.87196987526477
2025-06-12 19:30:00,93.7
2025-06-12 16:10:00,49.87196987526477
2025-06-12 16:51:00,37.5
2025-06-12 10:48:00,45.7
2025-06-12 17:27:00,49.87196987526477
2025-06-12 01:26:00,22.7
2025-06-12 12:00:00,66.7
2025-06-12 12:21:00,14.5
2025-06-12 12:30:00,66.6
2025-06-12 04:17:00,45.5
2025-06-12 02:55:00,49.87196987526477
2025-06-12 09:32:00,39.0
2025-06-12 10:56:00,45.5
2025-06-12 16:37:00,10.0
2025-06-12 04:11:00,59.3
2025-06-12 01:54:00,99.9
2025-06-12 04:57:00,30.3
2025-06-12 19:22:00,78.4
2025-06-12 16:55:00,89.2
2025-06-12 03:10:00,37.9
2025-06-12 11:37:00,93.4
2025-06-12 04:08:00,84.7
2025-06-12 03:41:00,85.1
2025-06-12 06:38:00,30.2
2025-06-12 09:21:00,16.5
2025-06-12 04:38:00,49.87196987526477
2025-06-12 21:13:00,26.9
2025-06-12 18:22:00,94.9
2025-06-12 06:08:00,64.1
2025-06-12 13:56:00,49.87196987526477
2025-06-12 00:01:00,49.87196987526477
2025-06-12 10:43:00,41.7
2025-06-12 15:32:00,26.9
2025-06-12 04:54:00,49.87196987526477
2025-06-12 23:10:00,87.8
2025-06-12 09:34:00,87.5
2025-06-12 20:37:00,95.2
2025-06-12 06:04:00,49.87196987526477
2025-06-12 16:04:00,87.3
2025-06-12 07:24:00,45.7
2025-06-12 03:25:00,91.8
2025-06-12 01:21:00,49.87196987526477
2025-06-12 19:20:00,49.87196987526477
2025-06-12 16:59:00,45.7
2025-06-12 10:47:00,56.7
2025-06-12 01:37:00,49.87196987526477
2025-06-12 03:20:00,76.7
2025-06-12 17:38:00,49.87196987526477
2025-06-12 06:15:00,33.0
2025-06-12 14:22:00,0.6
2025-06-12 19:55:00,78.6
2025-06-12 22:10:00,60.5
2025-06-12 01:09:00,0.8
2025-06-12 19:42:00,14.5
2025-06-12 20:31:00,25.3
2025-06-12 23:04:00,79.7
2025-06-12 10:43:00,63.2
2025-06-12 09:41:00,83.7
2025-06-12 20:46:00,75.0
2025-06-12 22:17:00,62.2
2025-06-12 08:53:00,33.1
2025-06-12 20:22:00,40.5
2025-06-12 16:00:00,75.3
2025-06-12 12:49:00,49.87196987526477
2025-06-12 03:01:00,49.87196987526477
2025-06-12 12:39:00,44.0
2025-06-12 06:33:00,95.5
2025-06-12 16:56:00,26.5
2025-06-12 04:28:00,49.87196987526477
2025-06-12 01:28:00,8.1
2025-06-12 04:11:00,74.5
2025-06-12 19:04:00,49.87196987526477
2025-06-12 08:04:00,37.2
2025-06-12 05:32:00,47.7
2025-06-12 03:41:00,70.1
2025-06-12 00:10:00,69.6
2025-06-12 18:52:00,49.87196987526477
2025-06-12 17:02:00,17.6
2025-06-12 16:01:00,49.87196987526477
2025-06-12 14:43:00,79.3
2025-06-12 00:33:00,57.7
2025-06-12 12:45:00,11.8
2025-06-12 14:04:00,75.7
2025-06-12 20:53:00,34.3
2025-06-12 12:59:00,97.6
2025-06-12 18:41:00,10.3
2025-06-12 03:23:00,49.87196987526477
2025-06-12 09:38:00,74.6
2025-06-12 20:00:00,65.8
2025-06-12 07:36:00,18.2
2025-06-12 13:49:00,16.1
2025-06-12 22:43:00,13.9
2025-06-12 15:15:00,49.87196987526477
2025-06-12 02:28:00,99.4
2025-06-12 21:18:00,97.3
2025-06-12 19:11:00,100.0
2025-06-12 10:02:00,49.87196987526477
2025-06-12 09:23:00,42.7
2025-06-12 06:15:00,84.3
2025-06-12 11:33:00,41.0
2025-06-12 19:10:00,90.2
2025-06-12 20:21:00,94.2
2025-06-12 18:57:00,33.5
2025-06-12 07:10:00,63.5
2025-06-12 12:42:00,12.8
2025-06-12 04:40:00,49.87196987526477
2025-06-12 11:23:00,42.6
2025-06-12 13:07:00,17.9
2025-06-12 01:55:00,94.2
2025-06-12 12:20:00,85.1
2025-06-12 19:58:00,50.6
2025-06-12 14:42:00,92.7
2025-06-12 10:23:00,57.2
2025-06-12 20:36:00,83.8
2025-06-12 09:15:00,93.1
2025-06-12 10:39:00,18.9
2025-06-12 10:46:00,70.5
2025-06-12 10:59:00,37.7
2025-06-12 06:36:00,17.1
2025-06-12 23:09:00,0.8
2025-06-12 15:38:00,38.4
2025-06-12 22:09:00,70.8
2025-06-12 04:49:00,16.2
2025-06-12 20:28:00,33.0
2025-06-12 20:19:00,30.2
2025-06-12 14:12:00,68.3
2025-06-12 16:43:00,72.0
2025-06-12 11:21:00,77.8
2025-06-12 10:40:00,65.0
2025-06-12 04:43:00,48.7
2025-06-12 08:35:00,29.5
2025-06-12 19:20:00,29.8
2025-06-12 18:14:00,40.1
2025-06-12 01:39:00,68.8
2025-06-12 08:57:00,56.5
2025-06-12 22:03:00,49.87196987526477
2025-06-12 19:21:00,69.3
2025-06-12 14:06:00,63.4
2025-06-12 00:45:00,49.87196987526477
2025-06-12 02:29:00,10.1
2025-06-12 15:41:00,97.7
2025-06-12 15:14:00,26.4
2025-06-12 13:24:00,87.7
2025-06-12 06:55:00,30.0
2025-06-12 14:00:00,5.8
2025-06-12 16:42:00,70.4
2025-06-12 15:28:00,73.8
2025-06-12 01:26:00,60.5
2025-06-12 00:21:00,49.87196987526477
2025-06-12 08:53:00,94.7
2025-06-12 17:41:00,49.87196987526477
2025-06-12 13:55:00,68.5
2025-06-12 12:07:00,23.8
2025-06-12 05:25:00,37.4
2025-06-12 01:15:00,14.0
2025-06-12 05:42:00,2.1
2025-06-12 00:05:00,82.7
2025-06-12 17:19:00,42.0
2025-06-12 21:25:00,51.4
2025-06-12 20:49:00,98.7
2025-06-12 10:14:00,89.0
2025-06-12 02:28:00,62.0
2025-06-12 14:39:00,12.2
2025-06-12 21:37:00,53.5
2025-06-12 13:36:00,23.4
2025-06-12 21:40:00,8.0
2025-06-12 17:49:00,49.87196987526477
2025-06-12 18:39:00,87.6
2025-06-12 06:14:00,49.87196987526477
2025-06-12 11:30:00,49.87196987526477
2025-06-12 15:47:00,36.8
2025-06-12 10:37:00,38.0
2025-06-12 11:41:00,64.8
2025-06-12 11:04:00,70.1
2025-06-12 03:19:00,49.93628109892701
2025-06-12 09:22:00,98.7
2025-06-12 09:00:00,49.93628109892701
2025-06-12 23:34:00,30.0
2025-06-12 13:11:00,2.7
2025-06-12 13:46:00,49.93628109892701
2025-06-12 08:40:00,3.5
2025-06-12 14:13:00,93.1
2025-06-12 18:28:00,17.6
2025-06-12 11:39:00,18.9
2025-06-12 00:51:00,49.93628109892701
2025-06-12 14:40:00,13.3
2025-06-12 03:32:00,49.93628109892701
2025-06-12 16:59:00,49.93628109892701
2025-06-12 18:21:00,0.8
2025-06-12 23:12:00,19.7
2025-06-12 17:35:00,93.8
2025-06-12 00:53:00,49.93628109892701
2025-06-12 16:46:00,77.7
2025-06-12 10:32:00,13.0
2025-06-12 05:53:00,74.1
2025-06-12 14:03:00,33.5
2025-06-12 09:57:00,73.5
2025-06-12 22:52:00,49.93628109892701
2025-06-12 18:10:00,92.0
2025-06-12 07:06:00,61.1
2025-06-12 22:22:00,17.5
2025-06-12 08:33:00,5.3
2025-06-12 14:42:00,41.1
2025-06-12 07:12:00,96.2
2025-06-12 12:44:00,56.8
2025-06-12 14:29:00,1.6
2025-06-12 06:31:00,30.3
2025-06-12 17:00:00,0.2
2025-06-12 08:48:00,49.93628109892701
2025-06-12 23:31:00,76.9
2025-06-12 15:53:00,89.7
2025-06-12 16:27:00,30.6
2025-06-12 01:53:00,58.3
2025-06-12 08:57:00,27.2
2025-06-12 12:03:00,49.93628109892701
2025-06-12 23:26:00,39.1
2025-06-12 17:57:00,25.4
2025-06-12 05:23:00,63.5
2025-06-12 03:50:00,40.9
2025-06-12 03:02:00,61.6
2025-06-12 18:14:00,48.9
2025-06-12 00:26:00,92.2
2025-06-12 13:11:00,81.1
2025-06-12 14:37:00,91.7
2025-06-12 15:08:00,49.0
2025-06-12 17:45:00,49.93628109892701
2025-06-12 16:18:00,65.0
2025-06-12 16:28:00,29.9
2025-06-12 05:50:00,49.93628109892701
2025-06-12 07:18:00,49.93628109892701
2025-06-12 16:32:00,19.4
2025-06-12 03:37:00,66.7
2025-06-12 01:12:00,24.9
2025-06-12 03:14:00,49.93628109892701
2025-06-12 07:23:00,10.1
2025-06-12 06:33:00,13.1
2025-06-12 21:33:00,68.5
2025-06-12 04:55:00,39.0
2025-06-12 17:01:00,76.7
2025-06-12 10:43:00,49.93628109892701
2025-06-12 04:29:00,80.4
2025-06-12 19:19:00,79.8
2025-06-12 12:06:00,49.93628109892701
2025-06-12 06:36:00,5.8
2025-06-12 12:37:00,55.1
2025-06-12 10:20:00,59.0
2025-06-12 06:24:00,38.1
2025-06-12 00:46:00,68.0
2025-06-12 02:57:00,49.93628109892701
2025-06-12 08:15:00,4.8
2025-06-12 05:24:00,49.93628109892701
2025-06-12 08:03:00,52.7
2025-06-12 03:06:00,66.4
2025-06-12 10:08:00,82.7
2025-06-12 17:38:00,25.1
2025-06-12 01:29:00,82.6
2025-06-12 22:52:00,74.3
2025-06-12 22:29:00,49.93628109892701
2025-06-12 22:54:00,96.0
2025-06-12 14:09:00,11.0
2025-06-12 16:22:00,65.2
2025-06-12 16:20:00,49.93628109892701
2025-06-12 15:41:00,1.6
2025-06-12 16:10:00,19.0
2025-06-12 07:19:00,75.9
2025-06-12 11:54:00,59.8
2025-06-12 14:54:00,26.1
2025-06-12 03:38:00,64.0
2025-06-12 14:52:00,54.3
2025-06-12 04:26:00,49.93628109892701
2025-06-12 13:35:00,49.93628109892701
2025-06-12 03:40:00,30.5
2025-06-12 06:59:00,55.8
2025-06-12 13:49:00,68.0
2025-06-12 18:06:00,53.6
2025-06-12 06:03:00,89.4
2025-06-12 08:57:00,29.4
2025-06-12 10:11:00,34.9
2025-06-12 20:28:00,41.6
2025-06-12 08:13:00,9.3
2025-06-12 22:38:00,90.1
2025-06-12 20:56:00,7.8
2025-06-12 22:53:00,5.7
2025-06-12 07:37:00,68.4
2025-06-12 19:10:00,84.8
2025-06-12 08:21:00,47.6
2025-06-12 05:49:00,49.93628109892701
2025-06-12 03:48:00,49.93628109892701
2025-06-12 16:24:00,28.7
2025-06-12 12:40:00,8.8
2025-06-12 13:47:00,91.2
2025-06-12 04:57:00,51.5
2025-06-12 05:24:00,52.1
2025-06-12 23:16:00,69.4
2025-06-12 01:52:00,28.0
2025-06-12 20:44:00,65.9
2025-06-12 02:25:00,69.9
2025-06-12 16:58:00,98.8
2025-06-12 12:34:00,49.93628109892701
2025-06-12 21:26:00,8.4
2025-06-12 06:33:00,12.9
2025-06-12 22:44:00,38.6
2025-06-12 09:20:00,49.93628109892701
2025-06-12 23:35:00,51.5
2025-06-12 13:20:00,97.1
2025-06-12 09:30:00,70.9
2025-06-12 09:35:00,49.93628109892701
2025-06-12 15:54:00,88.0
2025-06-12 00:08:00,40.6
2025-06-12 02:49:00,48.4
2025-06-12 02:17:00,28.1
2025-06-12 16:05:00,1.8
2025-06-12 18:18:00,49.93628109892701
2025-06-12 02:09:00,25.8
2025-06-12 19:31:00,49.93628109892701
2025-06-12 17:01:00,49.93628109892701
2025-06-12 19:52:00,49.93628109892701
2025-06-12 20:56:00,3.4
2025-06-12 12:19:00,49.93628109892701
2025-06-12 18:09:00,0.9
2025-06-12 16:50:00,75.8
2025-06-12 14:43:00,49.93628109892701
2025-06-12 16:54:00,5.6
2025-06-12 12:17:00,49.93628109892701
2025-06-12 11:37:00,24.0
2025-06-12 00:59:00,10.4
2025-06-12 08:21:00,35.3
2025-06-12 12:50:00,14.5
2025-06-12 00:37:00,42.9
2025-06-12 21:49:00,24.1
2025-06-12 06:10:00,84.7
2025-06-12 08:44:00,81.9
2025-06-12 05:03:00,49.93628109892701
2025-06-12 23:59:00,35.5
2025-06-12 08:54:00,35.6
2025-06-12 22:26:00,50.9
2025-06-12 20:23:00,75.1
2025-06-12 01:56:00,84.0
2025-06-12 20:12:00,84.5
2025-06-12 05:44:00,77.1
2025-06-12 19:43:00,13.6
2025-06-12 13:10:00,89.9
2025-06-12 11:15:00,54.1
2025-06-12 10:06:00,5.2
2025-06-12 14:59:00,34.7
2025-06-12 01:31:00,82.4
2025-06-12 01:17:00,49.93628109892701
2025-06-12 09:31:00,59.9
2025-06-12 19:48:00,95.1
2025-06-12 23:07:00,44.9
2025-06-12 14:21:00,76.0
2025-06-12 10:03:00,90.1
2025-06-12 18:32:00,49.93628109892701
2025-06-12 05:21:00,56.4
2025-06-12 09:18:00,49.93628109892701
2025-06-12 02:18:00,82.7
2025-06-12 16:18:00,12.2
2025-06-12 07:47:00,49.93628109892701
2025-06-12 04:57:00,49.93628109892701
2025-06-12 03:40:00,25.7
2025-06-12 18:01:00,33.6
2025-06-12 07:22:00,3.5
2025-06-12 19:55:00,59.6
2025-06-12 22:14:00,49.93628109892701
2025-06-12 20:36:00,16.5
2025-06-12 19:10:00,6.0
2025-06-12 16:46:00,31.9
2025-06-12 00:01:00,47.2
2025-06-12 17:33:00,50.2
2025-06-12 20:31:00,62.9
2025-06-12 18:50:00,54.1
2025-06-12 00:48:00,3.3
2025-06-12 09:18:00,98.6
2025-06-12 03:37:00,92.3
2025-06-12 05:07:00,1.8
2025-06-12 11:49:00,92.0
2025-06-12 15:16:00,49.93628109892701
2025-06-12 07:27:00,53.5
2025-06-12 16:53:00,74.0
2025-06-12 14:10:00,30.8
2025-06-12 22:13:00,9.3
2025-06-12 14:47:00,92.0
2025-06-12 03:27:00,32.3
2025-06-12 04:33:00,45.1
2025-06-12 02:10:00,49.2
2025-06-12 09:56:00,21.7
2025-06-12 11:09:00,74.1
2025-06-12 21:35:00,49.93628109892701
2025-06-12 11:25:00,12.8
2025-06-12 01:18:00,37.7
2025-06-12 00:35:00,43.2
2025-06-12 16:21:00,47.2
2025-06-12 05:53:00,42.1
2025-06-12 00:08:00,5.6
2025-06-12 19:28:00,49.93628109892701
2025-06-12 01:10:00,0.5
2025-06-12 13:26:00,78.2
2025-06-12 17:14:00,84.9
2025-06-12 16:17:00,45.5
2025-06-12 05:38:00,27.4
2025-06-12 09:56:00,12.4
2025-06-12 02:34:00,82.6
2025-06-12 12:59:00,23.9
2025-06-12 14:58:00,37.2
2025-06-12 11:00:00,40.2
2025-06-12 04:07:00,46.1
2025-06-12 01:17:00,93.8
2025-06-12 12:32:00,4.9
2025-06-12 03:08:00,2.3
2025-06-12 15:59:00,8.6
2025-06-12 20:28:00,49.93628109892701
2025-06-12 01:28:00,84.4
2025-06-12 16:13:00,49.93628109892701
2025-06-12 01:08:00,49.93628109892701
2025-06-12 07:17:00,49.93628109892701
2025-06-12 15:52:00,5.6
2025-06-12 03:36:00,18.2
2025-06-12 19:47:00,60.7
2025-06-12 02:07:00,66.3
2025-06-12 23:08:00,40.6
2025-06-12 21:02:00,49.93628109892701
2025-06-12 13:15:00,75.3
2025-06-12 22:54:00,25.1
2025-06-12 13:22:00,70.4
2025-06-12 16:45:00,6.8
2025-06-12 18:39:00,41.5
2025-06-12 13:52:00,60.8
2025-06-12 01:40:00,15.4
2025-06-12 01:58:00,49.93628109892701
2025-06-12 23:07:00,57.1
2025-06-12 16:58:00,94.1
2025-06-12 15:26:00,14.6
2025-06-12 03:17:00,81.2
2025-06-12 23:05:00,10.1
2025-06-12 17:35:00,71.5
2025-06-12 01:11:00,27.0
2025-06-12 15:06:00,42.4
2025-06-12 09:09:00,51.2
2025-06-12 05:03:00,57.0
2025-06-12 21:16:00,44.1
2025-06-12 13:30:00,97.8
2025-06-12 14:51:00,58.7
2025-06-12 03:19:00,11.8
2025-06-12 10:54:00,37.4
2025-06-12 16:44:00,49.93628109892701
2025-06-12 04:21:00,74.9
2025-06-12 07:43:00,98.0
2025-06-12 09:04:00,68.9
2025-06-12 12:50:00,38.3
2025-06-12 20:48:00,49.7
2025-06-12 23:33:00,81.4
2025-06-12 05:05:00,18.3
2025-06-12 08:19:00,42.1
2025-06-12 09:58:00,59.1
2025-06-12 08:20:00,6.2
2025-06-12 13:51:00,53.0
2025-06-12 01:25:00,30.7
2025-06-12 13:42:00,48.8
2025-06-12 18:28:00,36.4
2025-06-12 22:12:00,7.9
2025-06-12 10:11:00,1.7
2025-06-12 13:29:00,95.4
2025-06-12 21:20:00,15.1
2025-06-12 07:44:00,66.7
2025-06-12 09:41:00,31.2
2025-06-12 23:54:00,11.8
2025-06-12 21:32:00,32.3
2025-06-12 02:42:00,49.93628109892701
2025-06-12 08:44:00,79.3
2025-06-12 06:18:00,17.0
2025-06-12 08:09:00,92.5
2025-06-12 00:42:00,49.93628109892701
2025-06-12 03:29:00,79.8
2025-06-12 05:35:00,49.93628109892701
2025-06-12 23:38:00,91.8
2025-06-12 23:26:00,3.7
2025-06-12 09:52:00,45.3
2025-06-12 07:07:00,15.9
2025-06-12 01:23:00,55.6
2025-06-12 23:33:00,49.93628109892701
2025-06-12 09:00:00,6.7
2025-06-12 02:52:00,22.8
2025-06-12 22:05:00,55.0
2025-06-12 02:20:00,89.1
2025-06-12 01:41:00,28.3
2025-06-12 04:14:00,49.93628109892701
2025-06-12 12:22:00,84.9
2025-06-12 08:43:00,72.3
2025-06-12 20:02:00,78.1
2025-06-12 09:09:00,45.0
2025-06-12 18:12:00,49.93628109892701
2025-06-12 05:42:00,62.7
2025-06-12 11:06:00,59.1
2025-06-12 21:35:00,38.2
2025-06-12 00:41:00,82.4
2025-06-12 22:54:00,13.2
2025-06-12 15:21:00,30.4
2025-06-12 18:33:00,28.2
2025-06-12 06:08:00,5.7
2025-06-12 05:48:00,88.0
2025-06-12 16:54:00,49.93628109892701
2025-06-12 06:16:00,49.797736698660984
2025-06-12 20:48:00,8.4
2025-06-12 10:46:00,49.797736698660984
2025-06-12 01:04:00,59.8
2025-06-12 17:19:00,47.2
2025-06-12 23:53:00,25.0
2025-06-12 07:38:00,49.797736698660984
2025-06-12 02:32:00,49.797736698660984
2025-06-12 03:40:00,16.6
2025-06-12 15:38:00,5.0
2025-06-12 00:44:00,92.8
2025-06-12 18:03:00,98.1
2025-06-12 14:34:00,49.797736698660984
2025-06-12 04:05:00,70.6
2025-06-12 10:16:00,64.9
2025-06-12 06:38:00,94.9
2025-06-12 21:03:00,60.5
2025-06-12 11:10:00,33.1
2025-06-12 10:09:00,64.6
2025-06-12 11:52:00,10.1
2025-06-12 21:51:00,49.4
2025-06-12 15:37:00,19.1
2025-06-12 17:51:00,54.7
2025-06-12 10:11:00,79.7
2025-06-12 22:11:00,1.3
2025-06-12 10:15:00,46.5
2025-06-12 09:17:00,66.6
2025-06-12 00:06:00,92.3
2025-06-12 09:24:00,8.0
2025-06-12 03:34:00,43.4
2025-06-12 20:47:00,46.8
2025-06-12 06:20:00,91.7
2025-06-12 19:11:00,65.9
2025-06-12 02:05:00,80.8
2025-06-12 10:07:00,59.4
2025-06-12 02:10:00,93.9
2025-06-12 09:25:00,70.5
2025-06-12 09:52:00,63.2
2025-06-12 22:49:00,63.6
2025-06-12 10:53:00,68.3
2025-06-12 06:34:00,87.6
2025-06-12 08:41:00,39.6
2025-06-12 05:19:00,15.6
2025-06-12 10:39:00,49.797736698660984
2025-06-12 23:48:00,33.7
2025-06-12 08:23:00,35.8
2025-06-12 02:02:00,66.8
2025-06-12 07:57:00,55.8
2025-06-12 16:03:00,39.1
2025-06-12 09:33:00,92.7
2025-06-12 06:01:00,0.4
2025-06-12 08:46:00,95.2
2025-06-12 16:09:00,22.0
2025-06-12 05:48:00,38.1
2025-06-12 12:16:00,37.5
2025-06-12 04:28:00,49.797736698660984
2025-06-12 23:49:00,68.3
2025-06-12 00:54:00,49.797736698660984
2025-06-12 16:45:00,6.0
2025-06-12 23:27:00,24.3
2025-06-12 00:25:00,62.7
2025-06-12 00:43:00,73.5
2025-06-12 10:21:00,92.3
2025-06-12 07:24:00,4.6
2025-06-12 00:09:00,60.0
2025-06-12 20:42:00,66.1
2025-06-12 16:58:00,78.9
2025-06-12 13:50:00,5.2
2025-06-12 04:03:00,70.8
2025-06-12 14:50:00,51.9
2025-06-12 18:14:00,72.0
2025-06-12 09:17:00,12.9
2025-06-12 16:29:00,20.1
2025-06-12 06:25:00,31.7
2025-06-12 02:57:00,56.3
2025-06-12 22:21:00,49.797736698660984
2025-06-12 19:52:00,20.3
2025-06-12 03:27:00,37.4
2025-06-12 11:24:00,82.8
2025-06-12 12:16:00,85.1
2025-06-12 14:22:00,43.0
2025-06-12 11:35:00,93.9
2025-06-12 08:19:00,98.8
2025-06-12 15:41:00,49.797736698660984
2025-06-12 14:55:00,2.1
2025-06-12 11:13:00,54.1
2025-06-12 11:51:00,71.1
2025-06-12 21:38:00,9.5
2025-06-12 11:59:00,7.8
2025-06-12 12:11:00,36.8
2025-06-12 10:27:00,99.2
2025-06-12 08:29:00,15.3
2025-06-12 07:40:00,87.2
2025-06-12 07:51:00,49.797736698660984
2025-06-12 12:51:00,25.4
2025-06-12 04:47:00,68.6
2025-06-12 20:15:00,56.6
2025-06-12 03:07:00,53.2
2025-06-12 17:55:00,18.5
2025-06-12 21:27:00,32.8
2025-06-12 18:08:00,49.797736698660984
2025-06-12 03:53:00,49.797736698660984
2025-06-12 21:23:00,71.8
2025-06-12 10:18:00,61.8
2025-06-12 08:17:00,56.2
2025-06-12 07:42:00,49.797736698660984
2025-06-12 09:51:00,0.1
2025-06-12 10:28:00,47.7
2025-06-12 02:13:00,99.8
2025-06-12 04:04:00,85.0
2025-06-12 01:52:00,65.7
2025-06-12 12:48:00,31.4
2025-06-12 11:13:00,82.5
2025-06-12 00:08:00,49.797736698660984
2025-06-12 12:24:00,66.1
2025-06-12 21:19:00,82.2
2025-06-12 21:58:00,7.1
2025-06-12 21:11:00,22.0
2025-06-12 18:21:00,83.5
2025-06-12 13:42:00,49.797736698660984
2025-06-12 01:10:00,97.8
2025-06-12 04:11:00,73.5
2025-06-12 16:49:00,64.4
2025-06-12 20:25:00,47.1
2025-06-12 09:31:00,94.7
2025-06-12 01:19:00,27.2
2025-06-12 08:45:00,86.1
2025-06-12 23:33:00,96.7
2025-06-12 00:20:00,34.9
2025-06-12 07:14:00,42.9
2025-06-12 12:57:00,14.9
2025-06-12 18:35:00,52.6
2025-06-12 02:37:00,17.5
2025-06-12 16:54:00,5.9
2025-06-12 03:44:00,21.6
2025-06-12 04:45:00,12.6
2025-06-12 15:54:00,41.0
2025-06-12 10:11:00,66.7
2025-06-12 17:26:00,59.5
2025-06-12 06:31:00,77.7
2025-06-12 20:43:00,50.9
2025-06-12 09:17:00,16.8
2025-06-12 13:05:00,6.6
2025-06-12 02:45:00,76.3
2025-06-12 09:32:00,41.2
2025-06-12 06:04:00,49.797736698660984
2025-06-12 21:49:00,61.0
2025-06-12 02:13:00,49.797736698660984
2025-06-12 01:12:00,62.7
2025-06-12 15:27:00,32.8
2025-06-12 01:01:00,86.2
2025-06-12 14:58:00,61.7
2025-06-12 04:11:00,28.2
2025-06-12 00:19:00,71.2
2025-06-12 14:37:00,76.1
2025-06-12 11:15:00,49.797736698660984
2025-06-12 04:32:00,78.1
2025-06-12 19:50:00,49.797736698660984
2025-06-12 06:45:00,2.2
2025-06-12 14:57:00,20.4
2025-06-12 00:15:00,50.8
2025-06-12 13:03:00,2.9
2025-06-12 07:48:00,86.6
2025-06-12 20:00:00,49.1
2025-06-12 01:18:00,14.2
2025-06-12 14:09:00,36.0
2025-06-12 10:58:00,71.9
2025-06-12 19:03:00,72.1
2025-06-12 19:30:00,35.8
2025-06-12 22:53:00,49.797736698660984
2025-06-12 23:48:00,23.5
2025-06-12 07:59:00,42.1
2025-06-12 13:11:00,30.9
2025-06-12 07:48:00,67.0
2025-06-12 17:13:00,49.797736698660984
2025-06-12 07:31:00,88.3
2025-06-12 01:59:00,94.7
2025-06-12 19:31:00,49.797736698660984
2025-06-12 06:15:00,49.797736698660984
2025-06-12 11:47:00,71.6
2025-06-12 14:03:00,2.9
2025-06-12 21:34:00,34.5
2025-06-12 00:49:00,58.2
2025-06-12 20:41:00,37.1
2025-06-12 11:24:00,31.6
2025-06-12 02:25:00,23.6
2025-06-12 07:50:00,18.7
2025-06-12 14:37:00,58.0
2025-06-12 23:59:00,49.797736698660984
2025-06-12 04:03:00,74.8
2025-06-12 20:41:00,3.5
2025-06-12 19:05:00,49.797736698660984
2025-06-12 07:43:00,49.797736698660984
2025-06-12 01:41:00,49.797736698660984
2025-06-12 02:45:00,9.6
2025-06-12 03:46:00,86.3
2025-06-12 10:30:00,49.797736698660984
2025-06-12 12:01:00,35.1
2025-06-12 21:47:00,52.5
2025-06-12 00:03:00,99.0
2025-06-12 00:30:00,80.2
2025-06-12 23:58:00,37.0
2025-06-12 14:50:00,21.3
2025-06-12 06:20:00,49.797736698660984
2025-06-12 08:28:00,35.8
2025-06-12 18:07:00,49.797736698660984
2025-06-12 07:53:00,49.797736698660984
2025-06-12 03:44:00,64.7
2025-06-12 11:08:00,31.6
2025-06-12 11:26:00,81.4
2025-06-12 03:04:00,60.8
2025-06-12 22:35:00,65.9
2025-06-12 17:25:00,25.3
2025-06-12 18:48:00,1.6
2025-06-12 06:43:00,49.797736698660984
2025-06-12 00:34:00,49.797736698660984
2025-06-12 00:35:00,96.0
2025-06-12 13:30:00,1.2
2025-06-12 00:26:00,87.3
2025-06-12 00:27:00,23.1
2025-06-12 10:00:00,72.8
2025-06-12 03:40:00,49.797736698660984
2025-06-12 23:13:00,49.797736698660984
2025-06-12 12:28:00,76.0
2025-06-12 08:01:00,37.1
2025-06-12 04:24:00,77.7
2025-06-12 03:30:00,93.2
2025-06-12 21:25:00,49.797736698660984
2025-06-12 09:25:00,7.5
2025-06-12 22:32:00,47.4
2025-06-12 17:47:00,80.2
2025-06-12 19:42:00,59.0
2025-06-12 20:57:00,15.3
2025-06-12 07:48:00,49.797736698660984
2025-06-12 06:45:00,96.1
2025-06-12 23:47:00,49.797736698660984
2025-06-12 12:11:00,54.3
2025-06-12 21:31:00,49.797736698660984
2025-06-12 01:37:00,74.9
2025-06-12 14:46:00,31.1
2025-06-12 07:07:00,35.7
2025-06-12 10:39:00,17.7
2025-06-12 03:28:00,29.7
2025-06-12 17:02:00,29.2
2025-06-12 19:42:00,96.2
2025-06-12 06:58:00,76.8
2025-06-12 14:02:00,51.3
2025-06-12 08:10:00,97.2
2025-06-12 07:14:00,16.5
2025-06-12 08:11:00,58.1
2025-06-12 02:53:00,58.5
2025-06-12 20:29:00,49.797736698660984
2025-06-12 06:36:00,44.2
2025-06-12 22:20:00,10.8
2025-06-12 10:00:00,68.8
2025-06-12 18:26:00,95.1
2025-06-12 05:55:00,49.797736698660984
2025-06-12 21:16:00,31.0
2025-06-12 06:21:00,36.0
2025-06-12 21:52:00,72.8
2025-06-12 19:18:00,14.4
2025-06-12 09:56:00,47.9
2025-06-12 03:07:00,41.6
2025-06-12 04:35:00,61.9
2025-06-12 17:12:00,49.797736698660984
2025-06-12 04:21:00,56.2
2025-06-12 00:02:00,28.0
2025-06-12 12:27:00,93.3
2025-06-12 12:34:00,76.5
2025-06-12 17:55:00,70.0
2025-06-12 13:45:00,45.1
2025-06-12 14:13:00,14.7
2025-06-12 23:05:00,52.5
2025-06-12 16:32:00,32.6
2025-06-12 08:31:00,57.5
2025-06-12 03:18:00,49.797736698660984
2025-06-12 20:19:00,64.3
2025-06-12 21:39:00,1.4
2025-06-12 03:52:00,60.2
2025-06-12 05:37:00,60.5
2025-06-12 06:15:00,49.797736698660984
2025-06-12 16:25:00,42.4
2025-06-12 18:03:00,25.5
2025-06-12 18:11:00,30.1
2025-06-12 22:06:00,31.7
2025-06-12 22:23:00,59.9
2025-06-12 02:47:00,49.797736698660984
2025-06-12 13:58:00,49.797736698660984
2025-06-12 19:23:00,75.9
2025-06-12 03:47:00,17.4
2025-06-12 12:58:00,49.797736698660984
2025-06-12 10:08:00,9.6
2025-06-12 12:33:00,30.5
2025-06-12 21:23:00,76.8
2025-06-12 16:16:00,9.4
2025-06-12 07:01:00,28.4
2025-06-12 03:51:00,6.7
2025-06-12 00:24:00,24.7
2025-06-12 23:18:00,19.4
2025-06-12 17:23:00,49.797736698660984
2025-06-12 10:45:00,57.9
2025-06-12 12:35:00,55.7
2025-06-12 06:23:00,39.6
2025-06-12 09:07:00,42.9
2025-06-12 15:17:00,49.797736698660984
2025-06-12 20:41:00,3.2
2025-06-12 21:34:00,48.0
2025-06-12 01:35:00,91.5
2025-06-12 09:19:00,37.8
2025-06-12 18:55:00,66.3
2025-06-12 00:56:00,79.8
2025-06-12 18:53:00,17.8
2025-06-12 18:39:00,70.6
2025-06-12 20:24:00,94.8
2025-06-12 09:29:00,91.7
2025-06-12 14:10:00,68.3
2025-06-12 20:07:00,49.797736698660984
2025-06-12 21:50:00,92.5
2025-06-12 19:59:00,1.0
2025-06-12 19:45:00,3.1
2025-06-12 17:40:00,49.797736698660984
2025-06-12 10:38:00,61.0
2025-06-12 06:34:00,27.3
2025-06-12 08:13:00,12.6
2025-06-12 06:24:00,74.1
2025-06-12 18:05:00,30.7
2025-06-12 00:28:00,21.1
2025-06-12 17:16:00,41.2
2025-06-12 18:57:00,67.0
2025-06-12 22:40:00,5.8
2025-06-12 13:29:00,27.2
2025-06-12 06:40:00,54.0
2025-06-12 23:58:00,22.1
2025-06-12 09:58:00,90.1
2025-06-12 19:44:00,4.5
2025-06-12 03:22:00,35.5
2025-06-12 03:14:00,17.3
2025-06-12 18:03:00,50.18136565940501
2025-06-12 20:58:00,61.2
2025-06-12 14:47:00,19.4
2025-06-12 14:48:00,50.18136565940501
2025-06-12 11:40:00,53.4
2025-06-12 07:02:00,12.8
2025-06-12 15:09:00,50.18136565940501
2025-06-12 08:47:00,28.3
2025-06-12 05:17:00,18.0
2025-06-12 10:47:00,19.7
2025-06-12 05:38:00,47.1
2025-06-12 14:10:00,33.7
2025-06-12 19:48:00,89.8
2025-06-12 03:57:00,50.18136565940501
2025-06-12 06:47:00,13.0
2025-06-12 06:30:00,23.2
2025-06-12 10:27:00,70.0
2025-06-12 14:02:00,50.18136565940501
2025-06-12 12:04:00,48.3
2025-06-12 17:29:00,49.9
2025-06-12 13:23:00,6.7
2025-06-12 23:33:00,60.4
2025-06-12 00:15:00,50.18136565940501
2025-06-12 12:15:00,96.5
2025-06-12 00:02:00,50.18136565940501
2025-06-12 20:44:00,50.18136565940501
2025-06-12 14:16:00,67.5
2025-06-12 21:25:00,60.0
2025-06-12 23:31:00,35.1
2025-06-12 04:26:00,9.3
2025-06-12 08:09:00,50.18136565940501
2025-06-12 05:21:00,58.8
2025-06-12 14:46:00,14.9
2025-06-12 09:06:00,50.18136565940501
2025-06-12 22:42:00,98.1
2025-06-12 01:29:00,85.4
2025-06-12 16:38:00,99.4
2025-06-12 06:42:00,50.18136565940501
2025-06-12 11:29:00,50.18136565940501
2025-06-12 02:35:00,9.9
2025-06-12 23:53:00,85.9
2025-06-12 09:30:00,14.7
2025-06-12 03:53:00,86.7
2025-06-12 10:00:00,93.9
2025-06-12 15:19:00,4.1
2025-06-12 05:45:00,8.4
2025-06-12 02:09:00,55.3
2025-06-12 20:34:00,9.8
2025-06-12 03:28:00,55.6
2025-06-12 10:47:00,34.0
2025-06-12 06:53:00,44.4
2025-06-12 08:34:00,50.18136565940501
2025-06-12 10:42:00,75.3
2025-06-12 11:16:00,50.18136565940501
2025-06-12 14:03:00,21.8
2025-06-12 20:54:00,50.18136565940501
2025-06-12 14:22:00,30.4
2025-06-12 18:02:00,50.18136565940501
2025-06-12 23:43:00,13.2
2025-06-12 13:46:00,84.7
2025-06-12 16:39:00,89.9
2025-06-12 12:20:00,39.0
2025-06-12 18:57:00,98.6
2025-06-12 20:53:00,36.1
2025-06-12 05:29:00,28.0
2025-06-12 21:20:00,76.0
2025-06-12 12:37:00,42.0
2025-06-12 21:02:00,77.6
2025-06-12 17:12:00,38.9
2025-06-12 07:01:00,84.0
2025-06-12 11:29:00,50.18136565940501
2025-06-12 09:22:00,31.2
2025-06-12 17:22:00,43.7
2025-06-12 04:49:00,73.6
2025-06-12 01:19:00,95.7
2025-06-12 01:33:00,93.0
2025-06-12 09:43:00,69.3
2025-06-12 02:45:00,0.3
2025-06-12 10:56:00,56.8
2025-06-12 20:35:00,50.18136565940501
2025-06-12 21:57:00,13.8
2025-06-12 09:31:00,30.4
2025-06-12 12:13:00,55.7
2025-06-12 03:36:00,50.2
2025-06-12 16:56:00,50.18136565940501
2025-06-12 08:06:00,27.0
2025-06-12 08:50:00,43.2
2025-06-12 12:10:00,5.7
2025-06-12 14:37:00,43.0
2025-06-12 11:08:00,74.4
2025-06-12 03:39:00,52.7
2025-06-12 01:07:00,33.5
2025-06-12 09:20:00,50.18136565940501
2025-06-12 23:56:00,42.9
2025-06-12 02:27:00,99.1
2025-06-12 11:56:00,32.3
2025-06-12 17:04:00,50.18136565940501
2025-06-12 04:21:00,82.0
2025-06-12 14:51:00,86.6
2025-06-12 00:21:00,16.6
2025-06-12 03:27:00,69.4
2025-06-12 06:38:00,53.4
2025-06-12 01:43:00,51.7
2025-06-12 20:16:00,50.18136565940501
2025-06-12 10:17:00,41.2
2025-06-12 00:15:00,62.0
2025-06-12 01:33:00,8.3
2025-06-12 12:16:00,17.1
2025-06-12 04:40:00,50.18136565940501
2025-06-12 18:53:00,80.2
2025-06-12 19:12:00,48.2
2025-06-12 02:23:00,33.2
2025-06-12 04:03:00,59.0
2025-06-12 03:35:00,41.0
2025-06-12 19:48:00,50.18136565940501
2025-06-12 05:03:00,58.7
2025-06-12 02:58:00,46.0
2025-06-12 09:16:00,59.5
2025-06-12 10:07:00,51.8
2025-06-12 05:41:00,43.4
2025-06-12 15:19:00,93.4
2025-06-12 20:09:00,95.3
2025-06-12 02:05:00,3.0
2025-06-12 02:27:00,34.2
2025-06-12 20:51:00,19.4
2025-06-12 05:58:00,50.18136565940501
2025-06-12 16:16:00,50.18136565940501
2025-06-12 05:59:00,77.8
2025-06-12 09:06:00,21.9
2025-06-12 14:11:00,19.8
2025-06-12 16:02:00,89.8
2025-06-12 10:55:00,50.18136565940501
2025-06-12 21:47:00,41.2
2025-06-12 03:43:00,42.0
2025-06-12 11:33:00,50.18136565940501
2025-06-12 16:14:00,50.18136565940501
2025-06-12 06:12:00,15.9
2025-06-12 19:31:00,50.18136565940501
2025-06-12 10:47:00,49.3
2025-06-12 15:51:00,1.4
2025-06-12 15:54:00,18.3
2025-06-12 04:00:00,53.3
2025-06-12 06:09:00,71.6
2025-06-12 21:28:00,10.6
2025-06-12 02:46:00,18.7
2025-06-12 06:44:00,51.7
2025-06-12 17:07:00,51.9
2025-06-12 06:42:00,11.8
2025-06-12 08:16:00,30.5
2025-06-12 06:13:00,42.5
2025-06-12 12:37:00,40.7
2025-06-12 09:53:00,50.18136565940501
2025-06-12 06:51:00,20.5
2025-06-12 11:45:00,50.18136565940501
2025-06-12 21:23:00,52.3
2025-06-12 21:35:00,50.18136565940501
2025-06-12 19:15:00,11.6
2025-06-12 00:49:00,6.8
2025-06-12 21:09:00,9.6
2025-06-12 18:25:00,94.1
2025-06-12 00:40:00,97.6
2025-06-12 18:19:00,41.4
2025-06-12 09:34:00,50.18136565940501
2025-06-12 13:33:00,46.2
2025-06-12 11:07:00,42.3
2025-06-12 09:01:00,2.4
2025-06-12 20:41:00,67.2
2025-06-12 23:25:00,50.18136565940501
2025-06-12 08:58:00,28.3
2025-06-12 08:41:00,92.1
2025-06-12 23:46:00,28.9
2025-06-12 21:44:00,81.7
2025-06-12 16:01:00,20.0
2025-06-12 05:21:00,50.9
2025-06-12 06:21:00,37.9
2025-06-12 18:55:00,50.18136565940501
2025-06-12 06:07:00,64.9
2025-06-12 15:06:00,78.9
2025-06-12 07:59:00,59.8
2025-06-12 09:33:00,54.3
2025-06-12 00:48:00,50.4
2025-06-12 03:35:00,76.9
2025-06-12 07:05:00,32.3
2025-06-12 19:08:00,50.18136565940501
2025-06-12 00:18:00,22.0
2025-06-12 20:08:00,76.6
2025-06-12 19:03:00,89.7
2025-06-12 17:02:00,40.8
2025-06-12 11:18:00,84.5
2025-06-12 15:15:00,98.7
2025-06-12 09:27:00,23.7
2025-06-12 13:42:00,6.2
2025-06-12 13:15:00,48.6
2025-06-12 18:38:00,15.5
2025-06-12 13:42:00,62.6
2025-06-12 19:17:00,50.18136565940501
2025-06-12 11:32:00,95.1
2025-06-12 10:10:00,50.18136565940501
2025-06-12 09:38:00,94.8
2025-06-12 08:52:00,50.18136565940501
2025-06-12 13:41:00,6.5
2025-06-12 09:37:00,26.4
2025-06-12 17:21:00,14.6
2025-06-12 09:44:00,17.8
2025-06-12 16:48:00,35.5
2025-06-12 21:56:00,4.4
2025-06-12 18:35:00,27.7
2025-06-12 18:47:00,75.4
2025-06-12 07:52:00,50.18136565940501
2025-06-12 12:57:00,18.8
2025-06-12 19:46:00,69.5
2025-06-12 11:13:00,11.0
2025-06-12 05:06:00,63.4
2025-06-12 17:27:00,51.9
2025-06-12 19:36:00,12.0
2025-06-12 10:57:00,47.7
2025-06-12 15:26:00,10.1
2025-06-12 15:30:00,23.8
2025-06-12 06:04:00,75.9
2025-06-12 20:30:00,43.4
2025-06-12 18:39:00,22.1
2025-06-12 17:02:00,76.8
2025-06-12 06:01:00,36.9
2025-06-12 16:14:00,12.7
2025-06-12 04:18:00,76.0
2025-06-12 10:26:00,57.3
2025-06-12 03:15:00,60.2
2025-06-12 12:04:00,38.2
2025-06-12 12:19:00,57.1
2025-06-12 16:54:00,14.6
2025-06-12 18:06:00,5.8
2025-06-12 05:33:00,58.9
2025-06-12 21:51:00,83.4
2025-06-12 09:39:00,83.7
2025-06-12 09:37:00,22.5
2025-06-12 06:27:00,57.7
2025-06-12 22:00:00,61.5
2025-06-12 09:51:00,74.7
2025-06-12 12:07:00,4.1
2025-06-12 13:47:00,65.1
2025-06-12 03:37:00,50.18136565940501
2025-06-12 12:56:00,39.5
2025-06-12 17:25:00,63.3
2025-06-12 16:01:00,70.1
2025-06-12 06:27:00,68.0
2025-06-12 22:47:00,65.3
2025-06-12 10:06:00,46.4
2025-06-12 09:31:00,4.1
2025-06-12 14:14:00,70.6
2025-06-12 06:11:00,94.3
2025-06-12 07:30:00,4.4
2025-06-12 14:20:00,61.3
2025-06-12 10:28:00,99.9
2025-06-12 07:23:00,19.8
2025-06-12 23:33:00,94.0
2025-06-12 04:44:00,12.2
2025-06-12 13:54:00,44.9
2025-06-12 06:07:00,84.7
2025-06-12 08:36:00,41.1
2025-06-12 11:32:00,5.0
2025-06-12 20:45:00,30.5
2025-06-12 07:24:00,65.3
2025-06-12 19:18:00,66.4
2025-06-12 14:58:00,26.6
2025-06-12 10:54:00,52.4
2025-06-12 18:19:00,68.5
2025-06-12 21:20:00,12.3
2025-06-12 04:44:00,24.2
2025-06-12 07:21:00,26.8
2025-06-12 02:52:00,54.0
2025-06-12 17:00:00,97.1
2025-06-12 21:14:00,61.0
2025-06-12 21:38:00,75.8
2025-06-12 00:04:00,85.9
2025-06-12 12:54:00,35.5
2025-06-12 18:00:00,16.5
2025-06-12 09:05:00,88.1
2025-06-12 14:49:00,46.6
2025-06-12 03:35:00,54.8
2025-06-12 06:11:00,50.18136565940501
2025-06-12 16:29:00,57.4
2025-06-12 18:01:00,51.2
2025-06-12 06:32:00,21.6
2025-06-12 19:58:00,2.3
2025-06-12 12:05:00,45.6
2025-06-12 01:28:00,94.9
2025-06-12 07:22:00,22.3
2025-06-12 20:20:00,21.1
2025-06-12 17:08:00,81.8
2025-06-12 01:28:00,46.1
2025-06-12 17:01:00,95.8
2025-06-12 05:06:00,12.3
2025-06-12 01:56:00,41.8
2025-06-12 07:02:00,71.2
2025-06-12 23:12:00,11.5
2025-06-12 17:52:00,50.18136565940501
2025-06-12 12:20:00,28.5
2025-06-12 07:26:00,65.3
2025-06-12 11:03:00,96.5
2025-06-12 21:58:00,33.4
2025-06-12 22:45:00,59.4
2025-06-12 11:40:00,53.1
2025-06-12 04:19:00,99.1
2025-06-12 06:56:00,68.4
2025-06-12 17:05:00,94.3
2025-06-12 23:46:00,37.1
2025-06-12 05:51:00,49.7
2025-06-12 04:02:00,20.9
2025-06-12 09:37:00,25.7
2025-06-12 09:33:00,50.18136565940501
2025-06-12 06:19:00,50.18136565940501
2025-06-12 09:57:00,77.7
2025-06-12 05:54:00,72.5
2025-06-12 05:35:00,87.8
2025-06-12 08:16:00,89.1
2025-06-12 10:01:00,84.6
2025-06-12 15:08:00,7.7
2025-06-12 15:02:00,50.18136565940501
2025-06-12 18:32:00,34.0
2025-06-12 19:02:00,44.9
2025-06-12 23:53:00,95.4
2025-06-12 11:24:00,99.1
2025-06-12 04:48:00,49.5
2025-06-12 07:50:00,68.9
2025-06-12 10:44:00,20.6
2025-06-12 14:47:00,75.0
2025-06-12 15:08:00,45.5
2025-06-12 06:12:00,26.6
2025-06-12 23:19:00,99.7
2025-06-12 20:30:00,50.18136565940501
2025-06-12 17:29:00,35.6
2025-06-12 13:47:00,14.7
2025-06-12 01:30:00,93.2
2025-06-12 14:11:00,85.3
2025-06-12 07:02:00,24.7
2025-06-12 18:02:00,49.66792053602915
2025-06-12 17:41:00,39.9
2025-06-12 07:57:00,24.0
2025-06-12 03:56:00,50.5
2025-06-12 18:42:00,3.1
2025-06-12 09:10:00,38.1
2025-06-12 03:58:00,49.66792053602915
2025-06-12 09:52:00,68.7
2025-06-12 04:14:00,41.0
2025-06-12 10:54:00,76.1
2025-06-12 13:23:00,17.3
2025-06-12 14:14:00,15.0
2025-06-12 14:21:00,49.66792053602915
2025-06-12 17:32:00,61.4
2025-06-12 19:12:00,19.1
2025-06-12 23:30:00,44.1
2025-06-12 17:21:00,49.66792053602915
2025-06-12 22:31:00,51.4
2025-06-12 09:09:00,68.6
2025-06-12 17:16:00,16.4
2025-06-12 11:45:00,85.8
2025-06-12 04:45:00,75.9
2025-06-12 18:55:00,15.6
2025-06-12 01:16:00,49.66792053602915
2025-06-12 08:05:00,9.1
2025-06-12 15:24:00,62.8
2025-06-12 06:44:00,55.5
2025-06-12 13:25:00,50.3
2025-06-12 12:42:00,49.66792053602915
2025-06-12 09:00:00,8.6
2025-06-12 15:13:00,49.66792053602915
2025-06-12 00:39:00,44.2
2025-06-12 21:51:00,55.3
2025-06-12 05:04:00,42.4
2025-06-12 15:47:00,49.66792053602915
2025-06-12 20:15:00,44.3
2025-06-12 07:01:00,48.7
2025-06-12 19:40:00,28.4
2025-06-12 19:52:00,36.4
2025-06-12 08:20:00,11.4
2025-06-12 20:09:00,33.8
2025-06-12 12:24:00,32.2
2025-06-12 21:15:00,25.1
2025-06-12 11:19:00,40.1
2025-06-12 16:22:00,63.9
2025-06-12 23:50:00,41.8
2025-06-12 01:13:00,9.9
2025-06-12 20:25:00,25.3
2025-06-12 09:31:00,8.9
2025-06-12 16:39:00,61.2
2025-06-12 16:24:00,49.66792053602915
2025-06-12 06:54:00,58.6
2025-06-12 22:44:00,43.6
2025-06-12 04:00:00,49.66792053602915
2025-06-12 08:24:00,59.3
2025-06-12 05:14:00,26.7
2025-06-12 11:31:00,77.2
2025-06-12 05:07:00,56.3
2025-06-12 08:58:00,34.0
2025-06-12 01:41:00,35.4
2025-06-12 10:13:00,60.6
2025-06-12 16:08:00,49.66792053602915
2025-06-12 00:13:00,60.0
2025-06-12 16:21:00,68.0
2025-06-12 05:06:00,3.7
2025-06-12 11:53:00,53.9
2025-06-12 14:10:00,49.66792053602915
2025-06-12 19:10:00,25.2
2025-06-12 00:10:00,32.6
2025-06-12 21:08:00,71.6
2025-06-12 18:57:00,27.0
2025-06-12 03:54:00,34.3
2025-06-12 07:46:00,14.9
2025-06-12 04:52:00,49.66792053602915
2025-06-12 06:47:00,85.4
2025-06-12 18:14:00,3.9
2025-06-12 19:33:00,64.4
2025-06-12 14:16:00,33.1
2025-06-12 09:20:00,32.7
2025-06-12 08:43:00,67.5
2025-06-12 06:38:00,65.2
2025-06-12 19:10:00,50.9
2025-06-12 08:30:00,82.3
2025-06-12 04:08:00,49.66792053602915
2025-06-12 02:17:00,95.9
2025-06-12 17:50:00,49.66792053602915
2025-06-12 02:52:00,32.9
2025-06-12 22:14:00,36.5
2025-06-12 17:52:00,72.1
2025-06-12 08:33:00,11.4
2025-06-12 09:14:00,96.6
2025-06-12 14:34:00,22.3
2025-06-12 13:00:00,91.2
2025-06-12 22:20:00,90.3
2025-06-12 07:29:00,87.3
2025-06-12 18:34:00,49.66792053602915
2025-06-12 07:17:00,49.66792053602915
2025-06-12 23:29:00,8.8
2025-06-12 16:56:00,49.66792053602915
2025-06-12 23:52:00,87.0
2025-06-12 08:38:00,23.4
2025-06-12 04:16:00,9.5
2025-06-12 21:07:00,49.66792053602915
2025-06-12 18:37:00,12.7
2025-06-12 07:54:00,55.0
2025-06-12 01:27:00,49.5
2025-06-12 18:58:00,83.8
2025-06-12 01:12:00,32.6
2025-06-12 08:47:00,14.2
2025-06-12 11:10:00,52.9
2025-06-12 06:09:00,44.0
2025-06-12 11:06:00,49.66792053602915
2025-06-12 12:54:00,31.4
2025-06-12 02:33:00,49.66792053602915
2025-06-12 13:59:00,37.0
2025-06-12 18:33:00,27.5
2025-06-12 17:31:00,49.66792053602915
2025-06-12 16:10:00,49.66792053602915
2025-06-12 13:13:00,78.9
2025-06-12 21:20:00,68.6
2025-06-12 20:39:00,67.5
2025-06-12 14:46:00,22.6
2025-06-12 16:42:00,66.4
2025-06-12 03:35:00,98.0
2025-06-12 13:43:00,70.6
2025-06-12 10:22:00,73.5
2025-06-12 11:59:00,64.5
2025-06-12 16:58:00,81.0
2025-06-12 09:11:00,83.3
2025-06-12 13:57:00,30.0
2025-06-12 08:59:00,49.66792053602915
2025-06-12 20:57:00,17.4
2025-06-12 23:51:00,25.2
2025-06-12 22:29:00,71.8
2025-06-12 02:03:00,30.1
2025-06-12 13:12:00,14.5
2025-06-12 00:46:00,49.66792053602915
2025-06-12 17:09:00,91.9
2025-06-12 18:09:00,49.66792053602915
2025-06-12 00:54:00,61.3
2025-06-12 09:28:00,49.66792053602915
2025-06-12 09:03:00,42.2
2025-06-12 19:15:00,18.0
2025-06-12 14:17:00,45.8
2025-06-12 11:56:00,83.1
2025-06-12 10:43:00,61.2
2025-06-12 20:18:00,39.8
2025-06-12 18:08:00,49.66792053602915
2025-06-12 03:39:00,44.4
2025-06-12 10:09:00,18.4
2025-06-12 15:38:00,97.6
2025-06-12 13:30:00,10.5
2025-06-12 08:57:00,49.66792053602915
2025-06-12 13:11:00,42.6
2025-06-12 23:41:00,2.3
2025-06-12 15:33:00,23.0
2025-06-12 18:31:00,54.7
2025-06-12 11:01:00,0.5
2025-06-12 06:46:00,3.3
2025-06-12 14:13:00,38.2
2025-06-12 07:15:00,88.0
2025-06-12 22:26:00,49.66792053602915
2025-06-12 23:56:00,35.8
2025-06-12 04:19:00,50.9
2025-06-12 02:42:00,32.1
2025-06-12 00:05:00,58.7
2025-06-12 23:16:00,87.3
2025-06-12 08:47:00,54.8
2025-06-12 21:59:00,76.7
2025-06-12 03:15:00,15.8
2025-06-12 12:34:00,56.2
2025-06-12 04:47:00,49.66792053602915
2025-06-12 18:32:00,25.4
2025-06-12 22:49:00,88.6
2025-06-12 04:43:00,51.8
2025-06-12 08:46:00,49.66792053602915
2025-06-12 00:56:00,7.9
2025-06-12 10:19:00,62.5
2025-06-12 20:28:00,39.3
2025-06-12 16:38:00,42.3
2025-06-12 06:04:00,17.5
2025-06-12 21:54:00,9.0
2025-06-12 00:37:00,32.4
2025-06-12 08:06:00,49.66792053602915
2025-06-12 02:46:00,2.5
2025-06-12 17:20:00,65.7
2025-06-12 11:06:00,25.5
2025-06-12 11:26:00,45.7
2025-06-12 13:18:00,17.7
2025-06-12 01:30:00,49.66792053602915
2025-06-12 19:10:00,12.7
2025-06-12 14:26:00,49.66792053602915
2025-06-12 12:43:00,58.3
2025-06-12 07:20:00,18.9
2025-06-12 12:21:00,3.9
2025-06-12 02:11:00,44.5
2025-06-12 06:49:00,8.1
2025-06-12 13:07:00,29.0
2025-06-12 02:16:00,16.4
2025-06-12 08:04:00,39.3
2025-06-12 01:16:00,68.6
2025-06-12 20:42:00,57.3
2025-06-12 14:20:00,41.3
2025-06-12 01:56:00,68.0
2025-06-12 13:59:00,96.9
2025-06-12 10:32:00,82.9
2025-06-12 13:50:00,51.7
2025-06-12 18:28:00,88.5
2025-06-12 18:01:00,49.66792053602915
2025-06-12 20:13:00,8.3
2025-06-12 03:00:00,9.1
2025-06-12 19:41:00,9.7
2025-06-12 06:10:00,49.66792053602915
2025-06-12 08:53:00,68.1
2025-06-12 08:13:00,24.6
2025-06-12 18:50:00,90.1
2025-06-12 05:10:00,23.8
2025-06-12 13:09:00,8.3
2025-06-12 22:49:00,52.0
2025-06-12 21:04:00,6.9
2025-06-12 08:30:00,60.4
2025-06-12 23:47:00,86.9
2025-06-12 04:58:00,32.3
2025-06-12 21:38:00,49.66792053602915
2025-06-12 04:23:00,49.66792053602915
2025-06-12 19:20:00,64.1
2025-06-12 11:56:00,75.8
2025-06-12 11:56:00,20.6
2025-06-12 20:30:00,6.5
2025-06-12 15:00:00,2.1
2025-06-12 21:18:00,9.2
2025-06-12 21:25:00,49.66792053602915
2025-06-12 17:19:00,57.8
2025-06-12 14:58:00,49.66792053602915
2025-06-12 10:12:00,55.0
2025-06-12 01:14:00,80.5
2025-06-12 15:44:00,30.2
2025-06-12 00:45:00,93.4
2025-06-12 14:51:00,73.4
2025-06-12 03:29:00,49.66792053602915
2025-06-12 11:26:00,82.1
2025-06-12 11:06:00,47.3
2025-06-12 13:35:00,11.5
2025-06-12 05:28:00,17.1
2025-06-12 06:33:00,72.8
2025-06-12 21:25:00,49.66792053602915
2025-06-12 22:38:00,10.6
2025-06-12 09:18:00,49.66792053602915
2025-06-12 09:22:00,83.2
2025-06-12 00:23:00,67.9
2025-06-12 14:46:00,49.66792053602915
2025-06-12 21:49:00,52.3
2025-06-12 05:26:00,80.5
2025-06-12 21:47:00,60.7
2025-06-12 21:11:00,49.66792053602915
2025-06-12 19:37:00,69.6
2025-06-12 10:07:00,9.0
2025-06-12 06:43:00,23.0
2025-06-12 06:57:00,39.2
2025-06-12 08:27:00,31.5
2025-06-12 07:55:00,95.0
2025-06-12 03:23:00,12.9
2025-06-12 00:32:00,64.0
2025-06-12 15:54:00,19.4
2025-06-12 07:36:00,17.9
2025-06-12 03:59:00,78.9
2025-06-12 21:10:00,79.8
2025-06-12 10:06:00,7.5
2025-06-12 06:21:00,2.2
2025-06-12 21:29:00,74.1
2025-06-12 07:45:00,49.66792053602915
2025-06-12 00:15:00,49.66792053602915
2025-06-12 00:06:00,37.2
2025-06-12 02:13:00,16.8
2025-06-12 08:51:00,49.66792053602915
2025-06-12 11:39:00,62.9
2025-06-12 05:28:00,70.4
2025-06-12 22:16:00,69.1
2025-06-12 22:08:00,95.9
2025-06-12 20:35:00,46.1
2025-06-12 14:15:00,49.66792053602915
2025-06-12 18:02:00,31.9
2025-06-12 15:08:00,80.1
2025-06-12 10:43:00,3.6
2025-06-12 05:35:00,58.6
2025-06-12 20:54:00,60.8
2025-06-12 05:05:00,47.7
2025-06-12 03:08:00,10.7
2025-06-12 19:42:00,82.2
2025-06-12 10:29:00,41.0
2025-06-12 18:31:00,19.7
2025-06-12 00:59:00,31.4
2025-06-12 18:52:00,4.7
2025-06-12 16:08:00,17.1
2025-06-12 17:55:00,9.2
2025-06-12 13:18:00,5.3
2025-06-12 15:27:00,65.8
2025-06-12 18:28:00,49.66792053602915
2025-06-12 17:04:00,66.8
2025-06-12 18:46:00,16.6
2025-06-12 07:30:00,42.2
2025-06-12 20:15:00,27.5
2025-06-12 04:11:00,7.2
2025-06-12 04:03:00,49.66792053602915
2025-06-12 07:51:00,56.7
2025-06-12 19:55:00,25.2
2025-06-12 08:36:00,29.8
2025-06-12 18:33:00,49.66792053602915
2025-06-12 23:06:00,77.6
2025-06-12 03:39:00,34.8
2025-06-12 05:30:00,36.7
2025-06-12 16:21:00,72.2
2025-06-12 04:45:00,77.7
2025-06-12 19:08:00,68.4
2025-06-12 19:02:00,20.6
2025-06-12 07:06:00,15.6
2025-06-12 04:16:00,53.3
2025-06-12 02:38:00,13.5
2025-06-12 01:16:00,49.66792053602915
2025-06-12 22:17:00,49.66792053602915
2025-06-12 08:10:00,80.3
2025-06-12 21:26:00,58.6
2025-06-12 07:53:00,68.8
2025-06-12 04:33:00,38.6
2025-06-12 01:41:00,30.4
2025-06-12 03:40:00,45.3
2025-06-12 01:46:00,93.3
2025-06-12 16:47:00,93.6
2025-06-12 17:34:00,91.6
2025-06-12 10:34:00,49.66792053602915
2025-06-12 08:52:00,45.1
2025-06-12 12:05:00,49.66792053602915
2025-06-12 21:38:00,29.2
2025-06-12 01:09:00,77.0
2025-06-12 01:34:00,70.3
2025-06-12 06:35:00,55.0
2025-06-12 05:50:00,3.8
2025-06-12 21:06:00,39.6
2025-06-12 22:18:00,19.0
2025-06-12 01:17:00,88.6
2025-06-12 20:29:00,49.66792053602915
2025-06-12 08:41:00,9.8
2025-06-12 10:25:00,97.7
2025-06-12 15:18:00,59.8
2025-06-12 03:20:00,49.1
2025-06-12 15:14:00,43.0
2025-06-12 08:14:00,6.8
2025-06-12 07:35:00,49.66792053602915
2025-06-12 16:14:00,80.3
2025-06-12 10:03:00,55.0
2025-06-12 11:22:00,49.66792053602915
2025-06-12 07:39:00,54.6
2025-06-12 19:48:00,49.66792053602915
2025-06-12 19:19:00,3.9
2025-06-12 12:25:00,49.66792053602915
2025-06-12 14:52:00,16.5
2025-06-12 23:58:00,66.8
2025-06-12 02:29:00,21.4
2025-06-12 08:04:00,49.66792053602915
2025-06-12 16:27:00,12.1
2025-06-12 06:38:00,17.4
2025-06-12 04:50:00,37.0
2025-06-12 03:50:00,56.5
2025-06-12 18:30:00,26.0
2025-06-12 18:41:00,58.2
2025-06-12 06:35:00,93.4
2025-06-12 10:34:00,33.8
2025-06-12 09:00:00,50.4
2025-06-12 00:01:00,19.2
2025-06-12 22:23:00,93.8
2025-06-12 16:10:00,25.3
2025-06-12 07:36:00,49.82591552591553
2025-06-12 22:57:00,35.7
2025-06-12 23:02:00,75.6
2025-06-12 12:11:00,62.2
2025-06-12 22:42:00,87.8
2025-06-12 00:11:00,89.9
2025-06-12 16:36:00,70.9
2025-06-12 09:19:00,40.5
2025-06-12 09:38:00,49.82591552591553
2025-06-12 11:24:00,10.1
2025-06-12 21:25:00,3.1
2025-06-12 18:42:00,84.1
2025-06-12 04:25:00,91.9
2025-06-12 22:48:00,40.5
2025-06-12 17:57:00,96.1
2025-06-12 15:17:00,76.1
2025-06-12 00:37:00,72.3
2025-06-12 09:01:00,51.0
2025-06-12 17:02:00,30.9
2025-06-12 21:05:00,2.2
2025-06-12 14:43:00,49.82591552591553
2025-06-12 13:39:00,19.2
2025-06-12 09:51:00,100.0
2025-06-12 10:29:00,49.82591552591553
2025-06-12 17:59:00,49.82591552591553
2025-06-12 03:15:00,46.3
2025-06-12 04:50:00,90.4
2025-06-12 18:29:00,93.6
2025-06-12 08:52:00,36.5
2025-06-12 06:47:00,10.5
2025-06-12 21:23:00,48.6
2025-06-12 09:31:00,49.82591552591553
2025-06-12 05:30:00,50.3
2025-06-12 12:22:00,4.0
2025-06-12 02:21:00,17.4
2025-06-12 05:01:00,3.9
2025-06-12 02:12:00,49.82591552591553
2025-06-12 14:22:00,49.82591552591553
2025-06-12 16:19:00,87.0
2025-06-12 14:31:00,44.3
2025-06-12 08:41:00,91.3
2025-06-12 07:03:00,49.82591552591553
2025-06-12 09:15:00,27.2
2025-06-12 06:17:00,49.82591552591553
2025-06-12 22:03:00,25.7
2025-06-12 23:05:00,49.82591552591553
2025-06-12 15:11:00,50.5
2025-06-12 17:46:00,46.4
2025-06-12 15:04:00,93.2
2025-06-12 13:44:00,69.5
2025-06-12 23:09:00,40.2
2025-06-12 13:11:00,98.9
2025-06-12 03:10:00,56.9
2025-06-12 13:27:00,92.9
2025-06-12 16:03:00,55.5
2025-06-12 15:00:00,61.5
2025-06-12 22:03:00,24.5
2025-06-12 14:22:00,91.8
2025-06-12 16:29:00,70.2
2025-06-12 07:32:00,72.4
2025-06-12 05:58:00,64.1
2025-06-12 17:52:00,49.82591552591553
2025-06-12 00:29:00,49.82591552591553
2025-06-12 14:27:00,94.9
2025-06-12 05:24:00,21.1
2025-06-12 02:49:00,46.6
2025-06-12 01:18:00,64.4
2025-06-12 07:38:00,83.2
2025-06-12 00:47:00,82.1
2025-06-12 02:08:00,53.8
2025-06-12 20:11:00,94.6
2025-06-12 04:57:00,24.1
2025-06-12 10:38:00,11.8
2025-06-12 05:17:00,63.6
2025-06-12 08:09:00,40.9
2025-06-12 11:43:00,49.82591552591553
2025-06-12 15:11:00,48.8
2025-06-12 04:23:00,42.9
2025-06-12 23:48:00,59.3
2025-06-12 07:45:00,49.82591552591553
2025-06-12 09:45:00,49.82591552591553
2025-06-12 20:54:00,45.6
2025-06-12 03:33:00,22.4
2025-06-12 10:20:00,38.0
2025-06-12 16:17:00,38.5
2025-06-12 12:06:00,73.9
2025-06-12 13:20:00,49.82591552591553
2025-06-12 00:36:00,49.82591552591553
2025-06-12 14:43:00,5.9
2025-06-12 09:33:00,58.1
2025-06-12 09:56:00,34.4
2025-06-12 15:27:00,86.9
2025-06-12 01:00:00,91.3
2025-06-12 05:41:00,59.9
2025-06-12 12:30:00,50.0
2025-06-12 04:26:00,85.5
2025-06-12 08:20:00,62.2
2025-06-12 01:44:00,70.1
2025-06-12 04:46:00,82.3
2025-06-12 18:48:00,49.82591552591553
2025-06-12 01:29:00,21.0
2025-06-12 12:05:00,19.5
2025-06-12 18:20:00,88.1
2025-06-12 10:44:00,90.9
2025-06-12 02:40:00,55.4
2025-06-12 22:32:00,89.7
2025-06-12 13:19:00,47.8
2025-06-12 17:06:00,32.8
2025-06-12 20:36:00,71.4
2025-06-12 14:18:00,49.82591552591553
2025-06-12 00:01:00,49.82591552591553
2025-06-12 18:04:00,42.7
2025-06-12 22:03:00,56.7
2025-06-12 23:01:00,75.5
2025-06-12 00:33:00,15.0
2025-06-12 19:33:00,79.3
2025-06-12 15:16:00,4.1
2025-06-12 22:19:00,16.7
2025-06-12 08:52:00,68.7
2025-06-12 14:04:00,68.3
2025-06-12 19:46:00,7.1
2025-06-12 18:11:00,49.82591552591553
2025-06-12 06:51:00,77.6
2025-06-12 00:04:00,91.7
2025-06-12 15:53:00,49.82591552591553
2025-06-12 19:23:00,40.3
2025-06-12 23:52:00,71.9
2025-06-12 05:14:00,12.7
2025-06-12 21:37:00,79.4
2025-06-12 17:26:00,2.4
2025-06-12 04:04:00,11.7
2025-06-12 13:33:00,67.6
2025-06-12 07:47:00,80.0
2025-06-12 07:04:00,30.0
2025-06-12 03:57:00,25.6
2025-06-12 22:46:00,21.9
2025-06-12 16:19:00,85.6
2025-06-12 08:40:00,19.1
2025-06-12 23:26:00,16.1
2025-06-12 03:30:00,49.82591552591553
2025-06-12 12:16:00,48.6
2025-06-12 08:51:00,27.2
2025-06-12 15:03:00,16.1
2025-06-12 15:52:00,88.0
2025-06-12 07:37:00,49.82591552591553
2025-06-12 11:23:00,25.4
2025-06-12 23:25:00,7.8
2025-06-12 06:38:00,60.0
2025-06-12 21:02:00,12.7
2025-06-12 20:12:00,73.0
2025-06-12 22:42:00,92.9
2025-06-12 05:52:00,5.0
2025-06-12 08:58:00,49.82591552591553
2025-06-12 10:38:00,26.6
2025-06-12 02:17:00,28.2
2025-06-12 13:49:00,70.1
2025-06-12 22:11:00,39.0
2025-06-12 02:21:00,45.9
2025-06-12 12:35:00,83.9
2025-06-12 11:00:00,49.82591552591553
2025-06-12 01:21:00,97.3
2025-06-12 02:41:00,91.6
2025-06-12 13:47:00,81.7
2025-06-12 11:16:00,87.3
2025-06-12 16:24:00,49.82591552591553
2025-06-12 12:42:00,31.2
2025-06-12 17:11:00,19.3
2025-06-12 22:38:00,32.7
2025-06-12 16:50:00,98.2
2025-06-12 04:48:00,49.82591552591553
2025-06-12 18:46:00,58.1
2025-06-12 03:05:00,50.7
2025-06-12 05:55:00,13.4
2025-06-12 08:10:00,40.6
2025-06-12 15:00:00,34.5
2025-06-12 01:06:00,93.1
2025-06-12 02:46:00,48.9
2025-06-12 05:39:00,74.1
2025-06-12 09:09:00,49.82591552591553
2025-06-12 03:37:00,95.6
2025-06-12 12:45:00,95.0
2025-06-12 00:43:00,25.5
2025-06-12 12:07:00,1.6
2025-06-12 10:56:00,17.2
2025-06-12 09:42:00,16.3
2025-06-12 12:09:00,49.82591552591553
2025-06-12 07:54:00,96.5
2025-06-12 20:42:00,99.2
2025-06-12 03:53:00,84.3
2025-06-12 02:56:00,49.82591552591553
2025-06-12 05:29:00,97.9
2025-06-12 11:09:00,98.7
2025-06-12 06:22:00,52.2
2025-06-12 23:49:00,25.0
2025-06-12 13:12:00,59.0
2025-06-12 23:55:00,77.7
2025-06-12 13:18:00,49.82591552591553
2025-06-12 21:08:00,26.9
2025-06-12 06:31:00,79.5
2025-06-12 23:02:00,49.82591552591553
2025-06-12 23:55:00,11.0
2025-06-12 05:00:00,15.0
2025-06-12 21:42:00,49.5
2025-06-12 10:39:00,90.9
2025-06-12 19:38:00,48.1
2025-06-12 14:05:00,0.4
2025-06-12 20:28:00,66.0
2025-06-12 07:49:00,46.9
2025-06-12 03:00:00,30.5
2025-06-12 05:28:00,79.6
2025-06-12 05:34:00,88.8
2025-06-12 18:32:00,18.9
2025-06-12 09:13:00,77.3
2025-06-12 03:57:00,7.4
2025-06-12 12:27:00,27.4
2025-06-12 08:56:00,50.6
2025-06-12 00:47:00,49.82591552591553
2025-06-12 15:11:00,92.0
2025-06-12 16:58:00,21.5
2025-06-12 23:34:00,37.3
2025-06-12 22:05:00,85.8
2025-06-12 04:16:00,31.3
2025-06-12 04:09:00,2.3
2025-06-12 19:51:00,23.0
2025-06-12 09:40:00,49.82591552591553
2025-06-12 13:21:00,93.9
2025-06-12 22:13:00,66.9
2025-06-12 15:41:00,1.9
2025-06-12 18:34:00,62.1
2025-06-12 22:43:00,6.0
2025-06-12 01:03:00,92.4
2025-06-12 16:29:00,43.2
2025-06-12 10:51:00,17.0
2025-06-12 03:30:00,49.82591552591553
2025-06-12 05:57:00,77.8
2025-06-12 18:04:00,62.3
2025-06-12 23:30:00,30.0
2025-06-12 11:42:00,25.9
2025-06-12 20:44:00,92.5
2025-06-12 00:25:00,49.82591552591553
2025-06-12 14:12:00,37.1
2025-06-12 08:40:00,98.6
2025-06-12 21:54:00,0.4
2025-06-12 21:40:00,78.5
2025-06-12 20:00:00,55.9
2025-06-12 16:19:00,42.0
2025-06-12 19:41:00,56.6
2025-06-12 03:30:00,35.1
2025-06-12 04:03:00,99.3
2025-06-12 16:16:00,49.82591552591553
2025-06-12 15:00:00,49.82591552591553
2025-06-12 16:42:00,90.9
2025-06-12 00:50:00,23.9
2025-06-12 04:33:00,93.9
2025-06-12 10:16:00,74.1
2025-06-12 02:07:00,47.9
2025-06-12 18:27:00,49.82591552591553
2025-06-12 21:28:00,32.6
2025-06-12 18:50:00,76.9
2025-06-12 23:42:00,50.7
2025-06-12 03:39:00,10.6
2025-06-12 19:03:00,55.2
2025-06-12 21:25:00,81.3
2025-06-12 11:47:00,48.7
2025-06-12 17:27:00,49.82591552591553
2025-06-12 12:59:00,18.3
2025-06-12 18:49:00,73.9
2025-06-12 14:15:00,8.7
2025-06-12 00:28:00,31.8
2025-06-12 14:33:00,23.6
2025-06-12 18:09:00,67.7
2025-06-12 20:39:00,75.2
2025-06-12 09:01:00,12.5
2025-06-12 17:23:00,74.8
2025-06-12 08:38:00,49.82591552591553
2025-06-12 12:18:00,83.3
2025-06-12 12:31:00,53.3
2025-06-12 21:47:00,79.7
2025-06-12 15:12:00,49.82591552591553
2025-06-12 18:21:00,5.9
2025-06-12 17:54:00,99.3
2025-06-12 07:12:00,94.0
2025-06-12 07:30:00,69.0
2025-06-12 18:28:00,37.7
2025-06-12 04:39:00,61.8
2025-06-12 08:27:00,81.0
2025-06-12 01:04:00,62.0
2025-06-12 12:53:00,7.3
2025-06-12 16:00:00,20.8
2025-06-12 20:47:00,77.7
2025-06-12 21:42:00,50.7
2025-06-12 06:06:00,49.82591552591553
2025-06-12 18:55:00,60.2
2025-06-12 14:19:00,34.2
2025-06-12 22:17:00,13.1
2025-06-12 23:44:00,77.2
2025-06-12 07:34:00,83.8
2025-06-12 13:21:00,10.3
2025-06-12 17:08:00,12.5
2025-06-12 15:34:00,73.3
2025-06-12 08:21:00,49.82591552591553
2025-06-12 21:07:00,44.3
2025-06-12 15:34:00,43.5
2025-06-12 02:58:00,49.82591552591553
2025-06-12 17:46:00,44.4
2025-06-12 20:24:00,47.0
2025-06-12 03:01:00,87.9
2025-06-12 07:41:00,75.2
2025-06-12 15:20:00,97.6
2025-06-12 10:44:00,49.82591552591553
2025-06-12 15:36:00,57.4
2025-06-12 02:02:00,16.0
2025-06-12 09:21:00,11.4
2025-06-12 21:53:00,60.5
2025-06-12 23:50:00,49.82591552591553
2025-06-12 09:12:00,56.7
2025-06-12 06:03:00,55.7
2025-06-12 18:41:00,65.0
2025-06-12 20:07:00,12.0
2025-06-12 13:54:00,4.6
2025-06-12 10:58:00,43.7
2025-06-12 06:44:00,70.6
2025-06-12 13:22:00,75.4
2025-06-12 10:16:00,53.9
2025-06-12 13:59:00,49.2
2025-06-12 07:51:00,62.0
2025-06-12 08:02:00,90.3
2025-06-12 19:36:00,49.82264106490752
2025-06-12 08:26:00,10.4
2025-06-12 09:47:00,63.8
2025-06-12 17:00:00,82.1
2025-06-12 01:19:00,3.3
2025-06-12 10:26:00,18.8
2025-06-12 13:52:00,89.5
2025-06-12 01:12:00,49.82264106490752
2025-06-12 04:39:00,60.2
2025-06-12 08:50:00,46.0
2025-06-12 11:09:00,5.7
2025-06-12 05:42:00,35.2
2025-06-12 06:40:00,18.3
2025-06-12 01:42:00,54.4
2025-06-12 13:41:00,49.82264106490752
2025-06-12 20:00:00,49.82264106490752
2025-06-12 03:30:00,37.8
2025-06-12 23:13:00,78.8
2025-06-12 18:39:00,49.82264106490752
2025-06-12 13:52:00,34.2
2025-06-12 19:52:00,7.5
2025-06-12 01:37:00,92.3
2025-06-12 16:43:00,36.1
2025-06-12 14:43:00,90.4
2025-06-12 15:31:00,2.1
2025-06-12 04:00:00,49.2
2025-06-12 21:12:00,79.9
2025-06-12 10:53:00,55.7
2025-06-12 08:07:00,85.1
2025-06-12 09:24:00,21.7
2025-06-12 05:36:00,49.1
2025-06-12 17:25:00,20.3
2025-06-12 13:27:00,48.8
2025-06-12 16:35:00,81.7
2025-06-12 01:13:00,49.82264106490752
2025-06-12 17:48:00,12.8
2025-06-12 00:09:00,79.8
2025-06-12 09:09:00,70.5
2025-06-12 13:21:00,78.7
2025-06-12 17:44:00,81.9
2025-06-12 12:51:00,18.1
2025-06-12 18:36:00,46.5
2025-06-12 21:03:00,69.4
2025-06-12 00:40:00,58.1
2025-06-12 06:21:00,49.82264106490752
2025-06-12 14:15:00,11.7
2025-06-12 01:16:00,96.9
2025-06-12 05:02:00,49.82264106490752
2025-06-12 18:57:00,60.4
2025-06-12 15:22:00,2.0
2025-06-12 19:05:00,5.7
2025-06-12 07:04:00,49.82264106490752
2025-06-12 05:03:00,49.82264106490752
2025-06-12 13:43:00,93.2
2025-06-12 13:40:00,67.6
2025-06-12 22:34:00,14.4
2025-06-12 19:20:00,91.9
2025-06-12 11:37:00,13.0
2025-06-12 00:25:00,49.82264106490752
2025-06-12 07:25:00,58.6
2025-06-12 09:18:00,45.6
2025-06-12 08:00:00,49.82264106490752
2025-06-12 11:39:00,80.4
2025-06-12 10:06:00,49.82264106490752
2025-06-12 03:36:00,44.7
2025-06-12 18:58:00,87.9
2025-06-12 22:12:00,49.82264106490752
2025-06-12 19:51:00,16.5
2025-06-12 06:52:00,95.8
2025-06-12 14:29:00,73.7
2025-06-12 15:27:00,20.4
2025-06-12 15:30:00,53.6
2025-06-12 03:09:00,10.3
2025-06-12 08:26:00,0.8
2025-06-12 12:46:00,68.5
2025-06-12 04:59:00,84.7
2025-06-12 13:51:00,74.7
2025-06-12 20:29:00,36.6
2025-06-12 12:40:00,78.4
2025-06-12 10:37:00,57.9
2025-06-12 02:04:00,4.1
2025-06-12 07:21:00,39.5
2025-06-12 17:16:00,38.4
2025-06-12 01:39:00,17.6
2025-06-12 00:06:00,24.7
2025-06-12 21:02:00,49.82264106490752
2025-06-12 15:43:00,10.0
2025-06-12 15:59:00,60.8
2025-06-12 11:32:00,49.82264106490752
2025-06-12 11:43:00,8.4
2025-06-12 16:14:00,76.8
2025-06-12 10:05:00,41.6
2025-06-12 11:34:00,13.1
2025-06-12 03:02:00,68.2
2025-06-12 16:35:00,54.4
2025-06-12 16:24:00,80.1
2025-06-12 18:37:00,47.7
2025-06-12 03:37:00,21.7
2025-06-12 01:50:00,50.0
2025-06-12 02:24:00,62.7
2025-06-12 21:28:00,2.6
2025-06-12 02:37:00,38.8
2025-06-12 11:26:00,27.2
2025-06-12 14:29:00,27.6
2025-06-12 00:45:00,59.5
2025-06-12 23:03:00,82.4
2025-06-12 02:48:00,10.9
2025-06-12 19:09:00,49.82264106490752
2025-06-12 03:50:00,8.6
2025-06-12 01:14:00,68.6
2025-06-12 05:45:00,2.9
2025-06-12 22:33:00,65.2
2025-06-12 22:34:00,28.2
2025-06-12 20:55:00,9.9
2025-06-12 22:19:00,93.3
2025-06-12 22:37:00,49.82264106490752
2025-06-12 06:21:00,80.3
2025-06-12 06:35:00,83.6
2025-06-12 09:53:00,15.0
2025-06-12 13:37:00,5.0
2025-06-12 20:26:00,9.6
2025-06-12 02:35:00,49.82264106490752
2025-06-12 02:38:00,60.4
2025-06-12 02:34:00,29.5
2025-06-12 19:10:00,67.4
2025-06-12 07:59:00,88.5
2025-06-12 17:38:00,87.6
2025-06-12 09:13:00,35.9
2025-06-12 04:17:00,49.82264106490752
2025-06-12 12:07:00,87.3
2025-06-12 04:29:00,59.7
2025-06-12 21:57:00,2.3
2025-06-12 07:01:00,52.7
2025-06-12 17:34:00,15.5
2025-06-12 18:33:00,80.6
2025-06-12 18:23:00,76.3
2025-06-12 22:52:00,20.4
2025-06-12 19:57:00,12.5
2025-06-12 14:59:00,21.6
2025-06-12 22:27:00,6.4
2025-06-12 03:26:00,30.7
2025-06-12 10:00:00,9.0
2025-06-12 17:23:00,27.5
2025-06-12 06:39:00,49.82264106490752
2025-06-12 21:42:00,49.82264106490752
2025-06-12 15:02:00,58.2
2025-06-12 00:26:00,49.82264106490752
2025-06-12 19:32:00,48.7
2025-06-12 07:14:00,49.82264106490752
2025-06-12 11:03:00,2.4
2025-06-12 22:27:00,49.82264106490752
2025-06-12 13:43:00,48.0
2025-06-12 04:58:00,33.3
2025-06-12 23:40:00,1.3
2025-06-12 10:08:00,57.2
2025-06-12 04:00:00,92.2
2025-06-12 14:08:00,34.9
2025-06-12 00:49:00,42.6
2025-06-12 13:45:00,49.82264106490752
2025-06-12 13:59:00,54.0
2025-06-12 14:13:00,49.82264106490752
2025-06-12 00:34:00,88.9
2025-06-12 20:49:00,49.82264106490752
2025-06-12 00:44:00,3.8
2025-06-12 04:15:00,47.3
2025-06-12 19:58:00,4.6
2025-06-12 09:19:00,14.1
2025-06-12 14:06:00,49.82264106490752
2025-06-12 21:10:00,49.82264106490752
2025-06-12 15:11:00,56.2
2025-06-12 17:33:00,96.9
2025-06-12 23:40:00,21.6
2025-06-12 19:53:00,49.82264106490752
2025-06-12 14:34:00,48.5
2025-06-12 21:38:00,48.8
2025-06-12 18:33:00,70.4
2025-06-12 14:05:00,1.2
2025-06-12 01:39:00,49.82264106490752
2025-06-12 10:21:00,49.82264106490752
2025-06-12 23:53:00,8.7
2025-06-12 00:15:00,45.2
2025-06-12 09:06:00,49.82264106490752
2025-06-12 08:20:00,49.82264106490752
2025-06-12 05:54:00,49.82264106490752
2025-06-12 15:31:00,85.7
2025-06-12 15:29:00,11.1
2025-06-12 11:09:00,36.9
2025-06-12 16:15:00,49.82264106490752
2025-06-12 06:04:00,64.7
2025-06-12 22:36:00,68.6
2025-06-12 01:31:00,5.4
2025-06-12 11:44:00,37.7
2025-06-12 10:09:00,94.0
2025-06-12 07:06:00,66.5
2025-06-12 12:37:00,32.4
2025-06-12 17:19:00,3.2
2025-06-12 14:55:00,90.2
2025-06-12 15:39:00,7.9
2025-06-12 19:26:00,49.82264106490752
2025-06-12 07:39:00,49.82264106490752
2025-06-12 06:06:00,5.6
2025-06-12 03:14:00,82.6
2025-06-12 06:32:00,63.2
2025-06-12 17:13:00,23.1
2025-06-12 04:23:00,15.7
2025-06-12 06:33:00,73.7
2025-06-12 23:36:00,49.82264106490752
2025-06-12 02:23:00,8.6
2025-06-12 13:00:00,96.8
2025-06-12 03:16:00,5.5
2025-06-12 05:32:00,56.0
2025-06-12 21:39:00,87.8
2025-06-12 16:30:00,41.0
2025-06-12 10:46:00,55.4
2025-06-12 14:56:00,74.0
2025-06-12 15:55:00,38.4
2025-06-12 17:54:00,49.82264106490752
2025-06-12 14:57:00,52.3
2025-06-12 14:12:00,62.7
2025-06-12 10:18:00,85.8
2025-06-12 09:28:00,91.7
2025-06-12 12:52:00,34.8
2025-06-12 07:11:00,19.5
2025-06-12 17:14:00,9.3
2025-06-12 08:54:00,13.4
2025-06-12 09:59:00,71.8
2025-06-12 03:02:00,94.5
2025-06-12 14:01:00,19.3
2025-06-12 18:46:00,3.1
2025-06-12 07:13:00,49.82264106490752
2025-06-12 02:48:00,79.3
2025-06-12 22:11:00,48.8
2025-06-12 01:16:00,16.4
2025-06-12 12:36:00,3.0
2025-06-12 18:28:00,14.0
2025-06-12 09:14:00,49.82264106490752
2025-06-12 00:52:00,37.4
2025-06-12 21:31:00,96.7
2025-06-12 18:30:00,32.6
2025-06-12 17:01:00,49.82264106490752
2025-06-12 15:32:00,11.4
2025-06-12 07:54:00,28.3
2025-06-12 16:57:00,3.0
2025-06-12 17:51:00,49.82264106490752
2025-06-12 01:55:00,58.3
2025-06-12 06:45:00,81.9
2025-06-12 23:08:00,69.5
2025-06-12 09:19:00,41.4
2025-06-12 08:29:00,15.4
2025-06-12 02:10:00,49.2
2025-06-12 17:10:00,67.3
2025-06-12 06:47:00,61.1
2025-06-12 03:51:00,75.5
2025-06-12 20:01:00,49.82264106490752
2025-06-12 01:13:00,1.7
2025-06-12 16:31:00,49.82264106490752
2025-06-12 20:05:00,88.7
2025-06-12 03:29:00,35.2
2025-06-12 15:25:00,4.6
2025-06-12 19:20:00,52.9
2025-06-12 05:04:00,98.4
2025-06-12 08:02:00,35.1
2025-06-12 13:07:00,86.6
2025-06-12 09:01:00,64.9
2025-06-12 10:43:00,83.5
2025-06-12 10:10:00,9.1
2025-06-12 11:20:00,85.5
2025-06-12 17:24:00,21.5
2025-06-12 00:50:00,66.2
2025-06-12 14:04:00,43.0
2025-06-12 15:45:00,49.82264106490752
2025-06-12 00:19:00,43.6
2025-06-12 19:38:00,46.0
2025-06-12 07:02:00,30.2
2025-06-12 14:05:00,41.1
2025-06-12 23:35:00,49.1
2025-06-12 08:22:00,46.9
2025-06-12 16:33:00,1.8
2025-06-12 02:01:00,3.3
2025-06-12 06:30:00,6.4
2025-06-12 00:16:00,2.8
2025-06-12 13:21:00,49.82264106490752
2025-06-12 19:02:00,19.9
2025-06-12 08:12:00,21.9
2025-06-12 16:18:00,10.0
2025-06-12 21:12:00,53.4
2025-06-12 20:31:00,82.5
2025-06-12 19:42:00,40.1
2025-06-12 04:18:00,49.82264106490752
2025-06-12 19:00:00,86.3
2025-06-12 08:28:00,29.5
2025-06-12 18:36:00,5.2
2025-06-12 14:59:00,55.9
2025-06-12 19:18:00,1.1
2025-06-12 10:07:00,44.6
2025-06-12 05:42:00,80.5
2025-06-12 08:24:00,20.0
2025-06-12 20:19:00,75.0
2025-06-12 22:18:00,52.6
2025-06-12 20:00:00,86.4
2025-06-12 15:14:00,85.5
2025-06-12 20:48:00,50.2
2025-06-12 17:40:00,25.8
2025-06-12 15:49:00,37.8
2025-06-12 21:15:00,49.82264106490752
2025-06-12 07:42:00,8.1
2025-06-12 21:50:00,20.8
2025-06-12 11:50:00,45.5
2025-06-12 01:02:00,49.82264106490752
2025-06-12 19:23:00,24.9
2025-06-12 15:11:00,49.82264106490752
2025-06-12 15:30:00,36.4
2025-06-12 20:36:00,22.8
2025-06-12 04:50:00,46.9
2025-06-12 18:43:00,1.8
2025-06-12 19:36:00,19.7
2025-06-12 16:38:00,41.2
2025-06-12 13:17:00,26.4
2025-06-12 00:54:00,73.1
2025-06-12 15:38:00,80.8
2025-06-12 18:56:00,86.4
2025-06-12 16:09:00,91.8
2025-06-12 11:46:00,49.82264106490752
2025-06-12 22:41:00,49.82264106490752
2025-06-12 06:07:00,53.9
2025-06-12 08:08:00,11.1
2025-06-12 14:41:00,14.6
2025-06-12 05:28:00,90.1
2025-06-12 11:28:00,57.7
2025-06-12 10:02:00,57.8
2025-06-12 17:29:00,63.6
2025-06-12 11:58:00,30.8
2025-06-12 06:15:00,21.5
2025-06-12 11:23:00,2.9
2025-06-12 01:36:00,86.9
2025-06-12 00:35:00,18.1
2025-06-12 00:52:00,63.3
2025-06-12 19:21:00,73.4
2025-06-12 12:34:00,95.7
2025-06-12 15:33:00,38.5
2025-06-12 21:00:00,66.0
2025-06-12 11:03:00,78.9
2025-06-12 17:56:00,92.3
2025-06-12 03:18:00,18.2
2025-06-12 15:16:00,9.6
2025-06-12 04:07:00,60.9
2025-06-12 13:07:00,33.4
2025-06-12 14:25:00,94.4
2025-06-12 02:01:00,0.6
2025-06-12 12:20:00,49.73505924170616
2025-06-12 23:05:00,91.6
2025-06-12 05:28:00,98.5
2025-06-12 05:58:00,34.4
2025-06-12 18:34:00,52.0
2025-06-12 16:39:00,76.3
2025-06-12 03:39:00,62.8
2025-06-12 13:23:00,36.3
2025-06-12 19:01:00,30.9
2025-06-12 22:44:00,68.7
2025-06-12 11:04:00,16.4
2025-06-12 09:24:00,19.4
2025-06-12 14:12:00,49.73505924170616
2025-06-12 01:04:00,48.3
2025-06-12 14:31:00,50.9
2025-06-12 20:49:00,49.73505924170616
2025-06-12 06:52:00,20.6
2025-06-12 04:08:00,60.7
2025-06-12 14:34:00,45.9
2025-06-12 00:10:00,24.3
2025-06-12 06:42:00,49.73505924170616
2025-06-12 00:25:00,15.3
2025-06-12 19:44:00,76.8
2025-06-12 17:55:00,26.9
2025-06-12 22:39:00,96.9
2025-06-12 10:45:00,64.5
2025-06-12 22:10:00,2.6
2025-06-12 21:46:00,72.7
2025-06-12 11:36:00,1.8
2025-06-12 10:14:00,6.1
2025-06-12 20:42:00,49.73505924170616
2025-06-12 21:54:00,82.6
2025-06-12 17:26:00,92.9
2025-06-12 15:07:00,78.4
2025-06-12 10:11:00,81.4
2025-06-12 06:47:00,71.5
2025-06-12 16:37:00,92.4
2025-06-12 07:54:00,15.3
2025-06-12 06:12:00,49.6
2025-06-12 07:36:00,49.73505924170616
2025-06-12 16:56:00,57.3
2025-06-12 01:39:00,68.1
2025-06-12 20:09:00,62.6
2025-06-12 21:23:00,52.0
2025-06-12 19:14:00,91.2
2025-06-12 15:54:00,70.5
2025-06-12 08:14:00,49.73505924170616
2025-06-12 11:48:00,22.4
2025-06-12 19:45:00,7.8
2025-06-12 15:11:00,3.2
2025-06-12 09:50:00,49.73505924170616
2025-06-12 04:14:00,31.3
2025-06-12 00:35:00,30.5
2025-06-12 19:58:00,85.5
2025-06-12 02:22:00,17.7
2025-06-12 22:20:00,7.3
2025-06-12 12:49:00,52.0
2025-06-12 05:25:00,29.4
2025-06-12 07:48:00,83.5
2025-06-12 12:18:00,49.73505924170616
2025-06-12 15:25:00,83.0
2025-06-12 19:06:00,59.5
2025-06-12 22:39:00,84.9
2025-06-12 07:13:00,49.73505924170616
2025-06-12 01:28:00,86.0
2025-06-12 16:55:00,86.0
2025-06-12 05:56:00,70.1
2025-06-12 18:12:00,36.2
2025-06-12 09:35:00,51.0
2025-06-12 00:14:00,34.2
2025-06-12 13:01:00,13.4
2025-06-12 07:17:00,71.3
2025-06-12 13:20:00,36.1
2025-06-12 19:04:00,58.1
2025-06-12 10:53:00,9.2
2025-06-12 04:00:00,87.3
2025-06-12 19:53:00,48.7
2025-06-12 14:26:00,58.8
2025-06-12 02:14:00,97.1
2025-06-12 07:39:00,74.2
2025-06-12 00:03:00,15.8
2025-06-12 12:05:00,17.2
2025-06-12 09:22:00,49.73505924170616
2025-06-12 06:49:00,28.2
2025-06-12 02:49:00,70.2
2025-06-12 22:44:00,12.4
2025-06-12 16:42:00,75.8
2025-06-12 21:25:00,34.8
2025-06-12 07:44:00,28.7
2025-06-12 05:39:00,74.3
2025-06-12 17:22:00,91.9
2025-06-12 10:26:00,2.7
2025-06-12 08:49:00,57.0
2025-06-12 00:58:00,2.1
2025-06-12 10:07:00,45.1
2025-06-12 19:18:00,36.2
2025-06-12 07:08:00,29.4
2025-06-12 08:52:00,0.9
2025-06-12 12:48:00,4.3
2025-06-12 09:39:00,35.5
2025-06-12 14:36:00,26.0
2025-06-12 02:37:00,79.9
2025-06-12 22:49:00,59.1
2025-06-12 01:04:00,38.4
2025-06-12 15:15:00,26.5
2025-06-12 02:17:00,15.8
2025-06-12 04:22:00,11.2
2025-06-12 21:36:00,67.9
2025-06-12 03:21:00,32.6
2025-06-12 13:32:00,61.4
2025-06-12 21:36:00,82.4
2025-06-12 18:57:00,17.7
2025-06-12 01:57:00,34.7
2025-06-12 08:00:00,35.6
2025-06-12 16:01:00,49.73505924170616
2025-06-12 22:19:00,16.0
2025-06-12 20:09:00,49.73505924170616
2025-06-12 08:08:00,1.0
2025-06-12 05:37:00,20.3
2025-06-12 18:05:00,33.7
2025-06-12 04:45:00,36.9
2025-06-12 12:54:00,21.2
2025-06-12 05:37:00,5.9
2025-06-12 04:38:00,28.8
2025-06-12 16:55:00,24.8
2025-06-12 15:59:00,50.1
2025-06-12 05:40:00,48.4
2025-06-12 05:34:00,61.7
2025-06-12 06:17:00,20.8
2025-06-12 15:56:00,42.6
2025-06-12 05:33:00,31.6
2025-06-12 03:04:00,44.1
2025-06-12 08:07:00,51.2
2025-06-12 15:29:00,10.2
2025-06-12 18:04:00,6.4
2025-06-12 20:50:00,49.73505924170616
2025-06-12 01:14:00,49.73505924170616
2025-06-12 15:14:00,12.3
2025-06-12 05:46:00,49.73505924170616
2025-06-12 03:13:00,81.1
2025-06-12 05:34:00,49.73505924170616
2025-06-12 08:11:00,91.2
2025-06-12 13:26:00,49.73505924170616
2025-06-12 05:45:00,51.8
2025-06-12 02:34:00,82.4
2025-06-12 13:14:00,14.5
2025-06-12 12:34:00,77.0
2025-06-12 05:16:00,25.3
2025-06-12 13:36:00,44.5
2025-06-12 08:11:00,30.5
2025-06-12 18:20:00,62.8
2025-06-12 12:26:00,16.8
2025-06-12 06:22:00,3.3
2025-06-12 12:31:00,49.4
2025-06-12 08:55:00,91.4
2025-06-12 10:54:00,92.8
2025-06-12 17:54:00,49.73505924170616
2025-06-12 21:08:00,90.4
2025-06-12 23:10:00,52.8
2025-06-12 14:00:00,67.2
2025-06-12 09:59:00,86.1
2025-06-12 12:51:00,44.4
2025-06-12 17:48:00,42.9
2025-06-12 21:20:00,0.3
2025-06-12 06:47:00,38.1
2025-06-12 11:38:00,25.2
2025-06-12 10:38:00,25.9
2025-06-12 20:02:00,36.3
2025-06-12 11:48:00,49.73505924170616
2025-06-12 11:33:00,43.4
2025-06-12 00:33:00,2.8
2025-06-12 19:19:00,23.1
2025-06-12 17:17:00,40.2
2025-06-12 23:30:00,18.5
2025-06-12 06:21:00,88.1
2025-06-12 17:47:00,49.73505924170616
2025-06-12 05:19:00,93.8
2025-06-12 12:15:00,72.8
2025-06-12 09:03:00,46.6
2025-06-12 21:00:00,49.73505924170616
2025-06-12 22:34:00,42.9
2025-06-12 17:33:00,10.3
2025-06-12 16:33:00,49.73505924170616
2025-06-12 11:24:00,32.9
2025-06-12 21:24:00,10.8
2025-06-12 14:58:00,85.1
2025-06-12 12:00:00,12.1
2025-06-12 13:48:00,62.7
2025-06-12 18:02:00,30.3
2025-06-12 01:01:00,47.2
2025-06-12 16:04:00,0.2
2025-06-12 06:32:00,70.6
2025-06-12 15:58:00,31.2
2025-06-12 20:48:00,9.5
2025-06-12 00:28:00,47.0
2025-06-12 07:23:00,49.73505924170616
2025-06-12 11:44:00,5.2
2025-06-12 07:45:00,54.4
2025-06-12 03:40:00,25.2
2025-06-12 15:40:00,53.6
2025-06-12 20:17:00,44.2
2025-06-12 22:46:00,42.5
2025-06-12 07:34:00,82.5
2025-06-12 11:05:00,49.73505924170616
2025-06-12 07:44:00,4.9
2025-06-12 01:08:00,49.73505924170616
2025-06-12 06:50:00,49.0
2025-06-12 16:14:00,49.73505924170616
2025-06-12 21:14:00,22.3
2025-06-12 14:22:00,84.3
2025-06-12 12:19:00,5.6
2025-06-12 21:40:00,74.6
2025-06-12 23:37:00,35.8
2025-06-12 06:52:00,97.0
2025-06-12 13:53:00,1.3
2025-06-12 06:44:00,48.1
2025-06-12 04:25:00,49.73505924170616
2025-06-12 04:57:00,54.3
2025-06-12 08:55:00,15.9
2025-06-12 17:10:00,49.73505924170616
2025-06-12 18:28:00,0.9
2025-06-12 10:30:00,16.4
2025-06-12 02:12:00,38.5
2025-06-12 19:49:00,41.2
2025-06-12 23:54:00,49.73505924170616
2025-06-12 14:33:00,45.6
2025-06-12 11:03:00,92.1
2025-06-12 21:34:00,16.0
2025-06-12 05:05:00,4.3
2025-06-12 17:02:00,27.9
2025-06-12 11:55:00,92.1
2025-06-12 13:22:00,97.9
2025-06-12 14:39:00,55.9
2025-06-12 00:26:00,83.0
2025-06-12 02:08:00,53.8
2025-06-12 14:00:00,88.0
2025-06-12 17:02:00,74.8
2025-06-12 12:44:00,99.7
2025-06-12 10:17:00,82.4
2025-06-12 04:25:00,24.5
2025-06-12 10:07:00,44.6
2025-06-12 09:41:00,5.0
2025-06-12 22:54:00,49.73505924170616
2025-06-12 04:32:00,88.8
2025-06-12 17:05:00,88.6
2025-06-12 01:32:00,6.9
2025-06-12 00:27:00,41.8
2025-06-12 03:36:00,74.6
2025-06-12 02:59:00,20.0
2025-06-12 22:00:00,17.5
2025-06-12 22:26:00,90.2
2025-06-12 12:26:00,90.0
2025-06-12 08:01:00,49.73505924170616
2025-06-12 06:57:00,93.2
2025-06-12 20:36:00,35.7
2025-06-12 11:25:00,49.73505924170616
2025-06-12 17:52:00,49.73505924170616
2025-06-12 21:49:00,77.9
2025-06-12 19:06:00,4.7
2025-06-12 00:18:00,87.5
2025-06-12 19:14:00,67.5
2025-06-12 00:53:00,83.0
2025-06-12 16:59:00,91.8
2025-06-12 14:18:00,3.4
2025-06-12 14:08:00,36.7
2025-06-12 12:16:00,38.0
2025-06-12 08:00:00,82.9
2025-06-12 05:16:00,30.8
2025-06-12 23:46:00,29.9
2025-06-12 10:54:00,29.3
2025-06-12 21:27:00,67.5
2025-06-12 00:40:00,41.9
2025-06-12 09:36:00,49.73505924170616
2025-06-12 20:58:00,49.73505924170616
2025-06-12 13:35:00,31.9
2025-06-12 16:51:00,69.3
2025-06-12 10:55:00,48.7
2025-06-12 21:31:00,22.4
2025-06-12 02:50:00,80.6
2025-06-12 08:40:00,67.5
2025-06-12 13:25:00,85.6
2025-06-12 08:05:00,70.6
2025-06-12 05:42:00,92.8
2025-06-12 19:19:00,66.6
2025-06-12 14:42:00,18.4
2025-06-12 23:15:00,28.3
2025-06-12 00:37:00,54.1
2025-06-12 16:16:00,2.3
2025-06-12 01:09:00,60.1
2025-06-12 00:41:00,50.04950773558369
2025-06-12 00:03:00,43.2
2025-06-12 19:56:00,31.0
2025-06-12 11:14:00,25.4
2025-06-12 02:51:00,92.8
2025-06-12 09:02:00,30.9
2025-06-12 10:58:00,84.2
2025-06-12 17:23:00,81.0
2025-06-12 19:03:00,13.2
2025-06-12 22:36:00,39.7
2025-06-12 08:21:00,40.0
2025-06-12 07:19:00,36.9
2025-06-12 06:46:00,49.6
2025-06-12 13:59:00,93.4
2025-06-12 22:36:00,78.5
2025-06-12 11:01:00,18.1
2025-06-12 05:10:00,33.7
2025-06-12 12:22:00,21.5
2025-06-12 23:42:00,26.2
2025-06-12 06:00:00,27.5
2025-06-12 19:32:00,50.04950773558369
2025-06-12 04:46:00,51.2
2025-06-12 13:59:00,50.04950773558369
2025-06-12 03:11:00,58.4
2025-06-12 08:40:00,78.6
2025-06-12 16:25:00,50.04950773558369
2025-06-12 13:29:00,94.6
2025-06-12 13:47:00,50.04950773558369
2025-06-12 14:52:00,25.7
2025-06-12 16:33:00,73.7
2025-06-12 06:21:00,21.1
2025-06-12 14:05:00,50.04950773558369
2025-06-12 21:46:00,60.6
2025-06-12 06:56:00,96.1
2025-06-12 14:09:00,38.2
2025-06-12 18:16:00,50.04950773558369
2025-06-12 01:55:00,35.9
2025-06-12 15:54:00,39.2
2025-06-12 18:41:00,80.2
2025-06-12 02:19:00,87.9
2025-06-12 11:37:00,86.4
2025-06-12 18:06:00,89.4
2025-06-12 20:17:00,90.3
2025-06-12 01:29:00,26.1
2025-06-12 12:43:00,93.3
2025-06-12 01:36:00,37.8
2025-06-12 09:22:00,76.2
2025-06-12 13:05:00,30.6
2025-06-12 08:18:00,77.8
2025-06-12 01:00:00,27.9
2025-06-12 20:47:00,52.7
2025-06-12 22:40:00,6.2
2025-06-12 02:27:00,1.6
2025-06-12 18:04:00,58.7
2025-06-12 13:02:00,92.4
2025-06-12 17:54:00,44.1
2025-06-12 19:30:00,50.04950773558369
2025-06-12 01:03:00,71.1
2025-06-12 05:34:00,71.0
2025-06-12 17:46:00,13.0
2025-06-12 08:00:00,9.5
2025-06-12 09:38:00,86.4
2025-06-12 18:53:00,53.5
2025-06-12 20:05:00,30.2
2025-06-12 07:14:00,36.8
2025-06-12 14:00:00,99.1
2025-06-12 20:55:00,84.4
2025-06-12 04:52:00,36.7
2025-06-12 02:50:00,61.7
2025-06-12 09:02:00,28.6
2025-06-12 05:34:00,21.1
2025-06-12 15:41:00,50.04950773558369
2025-06-12 14:07:00,50.04950773558369
2025-06-12 15:16:00,46.1
2025-06-12 01:03:00,79.7
2025-06-12 01:41:00,50.04950773558369
2025-06-12 06:44:00,21.9
2025-06-12 17:05:00,7.0
2025-06-12 05:41:00,4.1
2025-06-12 17:47:00,75.8
2025-06-12 22:27:00,88.6
2025-06-12 02:06:00,47.9
2025-06-12 01:51:00,88.8
2025-06-12 23:54:00,51.6
2025-06-12 23:03:00,98.8
2025-06-12 03:41:00,10.1
2025-06-12 20:34:00,97.7
2025-06-12 20:40:00,73.5
2025-06-12 06:04:00,78.5
2025-06-12 02:58:00,50.04950773558369
2025-06-12 01:27:00,63.8
2025-06-12 14:38:00,72.5
2025-06-12 15:32:00,53.3
2025-06-12 00:42:00,60.5
2025-06-12 08:56:00,28.5
2025-06-12 09:26:00,94.7
2025-06-12 16:28:00,52.9
2025-06-12 12:52:00,50.04950773558369
2025-06-12 10:53:00,50.04950773558369
2025-06-12 07:32:00,6.1
2025-06-12 17:55:00,19.2
2025-06-12 09:12:00,59.0
2025-06-12 02:01:00,16.7
2025-06-12 01:16:00,50.04950773558369
2025-06-12 23:16:00,30.3
2025-06-12 17:22:00,42.8
2025-06-12 04:45:00,68.1
2025-06-12 23:17:00,51.2
2025-06-12 20:52:00,50.04950773558369
2025-06-12 07:48:00,81.7
2025-06-12 19:51:00,50.04950773558369
2025-06-12 16:34:00,88.5
2025-06-12 02:35:00,97.0
2025-06-12 03:32:00,37.9
2025-06-12 02:28:00,50.04950773558369
2025-06-12 06:48:00,97.3
2025-06-12 19:26:00,69.9
2025-06-12 14:38:00,68.9
2025-06-12 11:26:00,53.0
2025-06-12 12:31:00,19.1
2025-06-12 09:30:00,80.0
2025-06-12 15:32:00,27.3
2025-06-12 20:58:00,21.8
2025-06-12 19:46:00,41.6
2025-06-12 07:44:00,77.1
2025-06-12 12:07:00,50.04950773558369
2025-06-12 16:31:00,53.8
2025-06-12 13:28:00,32.0
2025-06-12 04:39:00,22.5
2025-06-12 16:42:00,12.0
2025-06-12 15:28:00,50.04950773558369
2025-06-12 06:19:00,73.2
2025-06-12 20:05:00,50.04950773558369
2025-06-12 14:40:00,25.7
2025-06-12 08:53:00,50.04950773558369
2025-06-12 03:41:00,23.7
2025-06-12 10:47:00,72.0
2025-06-12 06:34:00,5.1
2025-06-12 18:35:00,80.4
2025-06-12 03:28:00,50.04950773558369
2025-06-12 16:26:00,95.2
2025-06-12 10:43:00,50.04950773558369
2025-06-12 02:31:00,15.1
2025-06-12 23:39:00,98.1
2025-06-12 03:45:00,55.1
2025-06-12 23:51:00,23.6
2025-06-12 09:36:00,28.8
2025-06-12 05:55:00,50.04950773558369
2025-06-12 14:07:00,69.1
2025-06-12 06:18:00,35.5
2025-06-12 11:15:00,1.8
2025-06-12 02:05:00,68.9
2025-06-12 17:53:00,6.6
2025-06-12 03:32:00,12.4
2025-06-12 22:51:00,16.4
2025-06-12 22:51:00,76.0
2025-06-12 00:07:00,42.8
2025-06-12 05:05:00,53.7
2025-06-12 06:58:00,2.0
2025-06-12 15:11:00,73.3
2025-06-12 14:40:00,41.5
2025-06-12 09:27:00,50.04950773558369
2025-06-12 18:09:00,64.2
2025-06-12 15:40:00,40.2
2025-06-12 16:26:00,50.04950773558369
2025-06-12 04:20:00,99.5
2025-06-12 05:00:00,4.0
2025-06-12 09:26:00,32.3
2025-06-12 02:28:00,95.2
2025-06-12 17:22:00,95.3
2025-06-12 10:22:00,97.0
2025-06-12 05:12:00,10.9
2025-06-12 12:08:00,29.4
2025-06-12 00:51:00,77.5
2025-06-12 07:27:00,50.04950773558369
2025-06-12 12:19:00,84.8
2025-06-12 03:42:00,50.04950773558369
2025-06-12 23:41:00,84.6
2025-06-12 04:30:00,63.0
2025-06-12 09:45:00,48.7
2025-06-12 23:13:00,78.4
2025-06-12 08:23:00,71.5
2025-06-12 16:09:00,50.04950773558369
2025-06-12 13:23:00,50.04950773558369
2025-06-12 15:13:00,81.2
2025-06-12 04:00:00,57.9
2025-06-12 14:09:00,45.4
2025-06-12 01:37:00,22.4
2025-06-12 11:45:00,91.5
2025-06-12 19:01:00,2.3
2025-06-12 23:36:00,50.04950773558369
2025-06-12 09:52:00,13.3
2025-06-12 13:00:00,77.4
2025-06-12 01:46:00,50.04950773558369
2025-06-12 18:25:00,12.2
2025-06-12 14:11:00,52.4
2025-06-12 15:41:00,84.8
2025-06-12 19:56:00,22.8
2025-06-12 02:09:00,64.9
2025-06-12 23:49:00,50.04950773558369
2025-06-12 06:47:00,70.8
2025-06-12 20:23:00,50.04950773558369
2025-06-12 19:04:00,69.2
2025-06-12 11:33:00,57.6
2025-06-12 08:47:00,0.4
2025-06-12 14:50:00,5.8
2025-06-12 18:02:00,95.0
2025-06-12 13:42:00,81.0
2025-06-12 19:54:00,43.5
2025-06-12 22:14:00,68.0
2025-06-12 18:06:00,46.6
2025-06-12 06:23:00,26.4
2025-06-12 13:46:00,67.6
2025-06-12 10:11:00,31.1
2025-06-12 06:37:00,50.04950773558369
2025-06-12 10:41:00,48.9
2025-06-12 15:20:00,50.04950773558369
2025-06-12 18:02:00,84.7
2025-06-12 05:29:00,50.04950773558369
2025-06-12 19:33:00,50.04950773558369
2025-06-12 22:23:00,12.3
2025-06-12 16:41:00,7.4
2025-06-12 19:30:00,50.04950773558369
2025-06-12 06:35:00,53.7
2025-06-12 20:19:00,50.04950773558369
2025-06-12 10:28:00,50.04950773558369
2025-06-12 04:41:00,78.1
2025-06-12 17:31:00,72.7
2025-06-12 20:10:00,61.3
2025-06-12 17:59:00,9.0
2025-06-12 05:36:00,90.0
2025-06-12 23:36:00,50.04950773558369
2025-06-12 15:05:00,95.2
2025-06-12 17:01:00,38.9
2025-06-12 14:37:00,61.6
2025-06-12 09:42:00,16.8
2025-06-12 19:20:00,50.04950773558369
2025-06-12 08:24:00,40.7
2025-06-12 02:19:00,44.9
2025-06-12 23:04:00,64.1
2025-06-12 15:45:00,95.3
2025-06-12 16:24:00,93.9
2025-06-12 20:43:00,60.6
2025-06-12 09:15:00,95.9
2025-06-12 03:58:00,40.2
2025-06-12 20:58:00,48.4
2025-06-12 06:32:00,48.9
2025-06-12 04:50:00,50.04950773558369
2025-06-12 05:16:00,71.6
2025-06-12 18:30:00,79.7
2025-06-12 03:15:00,7.9
2025-06-12 11:24:00,91.5
2025-06-12 19:42:00,50.04950773558369
2025-06-12 08:47:00,10.2
2025-06-12 18:08:00,60.0
2025-06-12 14:36:00,10.2
2025-06-12 21:01:00,36.7
2025-06-12 01:17:00,50.04950773558369
2025-06-12 08:00:00,34.1
2025-06-12 17:15:00,21.5
2025-06-12 15:49:00,87.1
2025-06-12 17:41:00,2.7
2025-06-12 21:38:00,50.04950773558369
2025-06-12 00:19:00,56.5
2025-06-12 07:09:00,89.5
2025-06-12 10:45:00,24.7
2025-06-12 02:59:00,7.6
2025-06-12 06:48:00,60.3
2025-06-12 01:36:00,35.5
2025-06-12 07:56:00,79.0
2025-06-12 07:34:00,50.04950773558369
2025-06-12 01:48:00,24.7
2025-06-12 10:25:00,51.3
2025-06-12 08:29:00,74.8
2025-06-12 13:35:00,53.2
2025-06-12 01:20:00,50.04950773558369
2025-06-12 16:40:00,82.3
2025-06-12 02:47:00,76.1
2025-06-12 21:43:00,45.2
2025-06-12 05:05:00,93.2
2025-06-12 07:08:00,12.8
2025-06-12 08:12:00,1.0
2025-06-12 07:01:00,13.0
2025-06-12 08:26:00,91.4
2025-06-12 21:01:00,99.4
2025-06-12 08:07:00,50.04950773558369
2025-06-12 12:11:00,87.6
2025-06-12 20:16:00,50.04950773558369
2025-06-12 14:16:00,74.2
2025-06-12 15:38:00,74.1
2025-06-12 12:03:00,94.2
2025-06-12 18:36:00,56.1
2025-06-12 08:29:00,46.1
2025-06-12 19:57:00,65.8
2025-06-12 05:50:00,19.6
2025-06-12 00:13:00,61.0
2025-06-12 07:35:00,25.1
2025-06-12 10:43:00,51.0
2025-06-12 04:36:00,6.4
2025-06-12 03:37:00,70.9
2025-06-12 05:48:00,46.8
2025-06-12 08:48:00,9.3
2025-06-12 00:15:00,3.1
2025-06-12 11:47:00,98.2
2025-06-12 16:41:00,35.4
2025-06-12 23:56:00,33.6
2025-06-12 15:19:00,85.1
2025-06-12 08:57:00,50.04950773558369
2025-06-12 10:59:00,51.5
2025-06-12 09:39:00,11.1
2025-06-12 14:05:00,50.04950773558369
2025-06-12 22:39:00,75.1
2025-06-12 12:03:00,50.04950773558369
2025-06-12 12:49:00,50.04950773558369
2025-06-12 15:58:00,68.0
2025-06-12 22:56:00,97.5
2025-06-12 23:32:00,49.9
2025-06-12 12:32:00,19.5
2025-06-12 13:57:00,50.04950773558369
2025-06-12 18:26:00,26.1
2025-06-12 14:00:00,83.8
2025-06-12 13:31:00,61.1
2025-06-12 11:56:00,83.0
2025-06-12 16:27:00,50.04950773558369
2025-06-12 01:02:00,42.5
2025-06-12 09:08:00,50.04950773558369
2025-06-12 22:43:00,52.1
2025-06-12 23:43:00,64.1
2025-06-12 16:08:00,62.1
2025-06-12 15:21:00,85.5
2025-06-12 01:39:00,50.04950773558369
2025-06-12 05:02:00,37.1
2025-06-12 21:11:00,0.5
2025-06-12 04:36:00,31.0
2025-06-12 03:10:00,62.2
2025-06-12 01:12:00,49.64720650636492
2025-06-12 12:13:00,71.5
2025-06-12 09:28:00,85.2
2025-06-12 17:32:00,94.5
2025-06-12 22:11:00,6.0
2025-06-12 05:25:00,11.0
2025-06-12 02:18:00,21.5
2025-06-12 07:23:00,16.6
2025-06-12 02:06:00,67.0
2025-06-12 10:16:00,9.4
2025-06-12 12:01:00,57.6
2025-06-12 23:22:00,76.5
2025-06-12 00:46:00,49.64720650636492
2025-06-12 10:02:00,52.6
2025-06-12 13:15:00,26.0
2025-06-12 07:13:00,99.1
2025-06-12 14:37:00,76.3
2025-06-12 13:16:00,49.64720650636492
2025-06-12 02:25:00,8.3
2025-06-12 16:04:00,68.6
2025-06-12 14:44:00,63.0
2025-06-12 20:48:00,95.8
2025-06-12 08:57:00,43.8
2025-06-12 02:08:00,59.0
2025-06-12 08:03:00,25.6
2025-06-12 12:30:00,24.9
2025-06-12 17:36:00,49.64720650636492
2025-06-12 07:12:00,91.2
2025-06-12 03:24:00,12.9
2025-06-12 23:19:00,15.5
2025-06-12 18:51:00,38.2
2025-06-12 02:04:00,92.1
2025-06-12 19:09:00,0.4
2025-06-12 20:52:00,93.3
2025-06-12 05:57:00,43.7
2025-06-12 10:10:00,34.4
2025-06-12 22:59:00,49.64720650636492
2025-06-12 21:23:00,12.3
2025-06-12 04:23:00,7.0
2025-06-12 05:51:00,67.6
2025-06-12 22:43:00,14.4
2025-06-12 16:05:00,20.0
2025-06-12 16:11:00,49.64720650636492
2025-06-12 19:46:00,49.64720650636492
2025-06-12 05:26:00,41.6
2025-06-12 00:05:00,49.64720650636492
2025-06-12 15:32:00,49.64720650636492
2025-06-12 15:57:00,49.64720650636492
2025-06-12 06:45:00,82.6
2025-06-12 00:07:00,49.64720650636492
2025-06-12 21:34:00,12.5
2025-06-12 08:59:00,39.0
2025-06-12 05:27:00,32.4
2025-06-12 07:05:00,16.5
2025-06-12 14:54:00,35.9
2025-06-12 09:47:00,75.0
2025-06-12 10:06:00,84.7
2025-06-12 22:44:00,8.9
2025-06-12 07:16:00,39.2
2025-06-12 14:24:00,0.5
2025-06-12 16:53:00,93.4
2025-06-12 05:57:00,49.64720650636492
2025-06-12 09:28:00,50.5
2025-06-12 17:23:00,81.2
2025-06-12 20:29:00,49.64720650636492
2025-06-12 00:53:00,57.3
2025-06-12 19:16:00,29.5
2025-06-12 06:40:00,49.64720650636492
2025-06-12 11:59:00,45.6
2025-06-12 03:51:00,27.2
2025-06-12 12:30:00,13.3
2025-06-12 17:02:00,23.0
2025-06-12 17:13:00,10.2
2025-06-12 00:36:00,63.1
2025-06-12 01:07:00,45.4
2025-06-12 04:16:00,49.64720650636492
2025-06-12 18:55:00,63.6
2025-06-12 19:36:00,23.7
2025-06-12 00:25:00,50.7
2025-06-12 06:15:00,49.64720650636492
2025-06-12 04:04:00,86.2
2025-06-12 21:42:00,90.1
2025-06-12 03:49:00,49.64720650636492
2025-06-12 03:23:00,38.0
2025-06-12 13:28:00,32.1
2025-06-12 12:07:00,49.64720650636492
2025-06-12 22:33:00,40.2
2025-06-12 06:28:00,29.9
2025-06-12 13:35:00,72.1
2025-06-12 21:19:00,13.6
2025-06-12 21:44:00,72.8
2025-06-12 16:02:00,65.4
2025-06-12 23:49:00,38.3
2025-06-12 22:07:00,54.0
2025-06-12 05:57:00,97.0
2025-06-12 03:50:00,88.2
2025-06-12 16:15:00,41.8
2025-06-12 03:19:00,49.64720650636492
2025-06-12 19:34:00,23.0
2025-06-12 15:08:00,49.64720650636492
2025-06-12 09:03:00,87.4
2025-06-12 20:08:00,89.6
2025-06-12 06:13:00,6.2
2025-06-12 10:12:00,27.6
2025-06-12 13:42:00,49.64720650636492
2025-06-12 16:59:00,32.3
2025-06-12 08:37:00,69.6
2025-06-12 22:22:00,49.64720650636492
2025-06-12 07:55:00,65.2
2025-06-12 04:21:00,35.5
2025-06-12 21:59:00,86.7
2025-06-12 21:57:00,87.6
2025-06-12 23:04:00,49.64720650636492
2025-06-12 15:57:00,5.4
2025-06-12 06:20:00,84.8
2025-06-12 13:20:00,71.4
2025-06-12 17:40:00,21.6
2025-06-12 00:57:00,49.64720650636492
2025-06-12 15:38:00,45.8
2025-06-12 19:34:00,15.8
2025-06-12 04:43:00,52.6
2025-06-12 21:22:00,49.64720650636492
2025-06-12 22:17:00,88.0
2025-06-12 06:42:00,63.6
2025-06-12 19:19:00,31.2
2025-06-12 01:57:00,33.6
2025-06-12 14:21:00,27.7
2025-06-12 00:53:00,97.2
2025-06-12 13:33:00,49.64720650636492
2025-06-12 12:53:00,56.4
2025-06-12 17:52:00,49.9
2025-06-12 02:38:00,95.5
2025-06-12 13:37:00,83.5
2025-06-12 07:23:00,13.0
2025-06-12 22:20:00,77.3
2025-06-12 02:35:00,39.4
2025-06-12 14:31:00,51.4
2025-06-12 01:20:00,27.3
2025-06-12 10:51:00,51.6
2025-06-12 12:59:00,29.7
2025-06-12 09:30:00,14.5
2025-06-12 06:17:00,12.7
2025-06-12 08:59:00,27.2
2025-06-12 03:27:00,49.64720650636492
2025-06-12 07:09:00,27.8
2025-06-12 10:02:00,25.6
2025-06-12 18:26:00,49.64720650636492
2025-06-12 18:09:00,68.2
2025-06-12 02:51:00,71.7
2025-06-12 05:10:00,19.9
2025-06-12 23:13:00,57.0
2025-06-12 18:41:00,6.9
2025-06-12 10:04:00,35.7
2025-06-12 13:48:00,72.9
2025-06-12 01:58:00,97.7
2025-06-12 14:56:00,83.5
2025-06-12 06:30:00,49.64720650636492
2025-06-12 20:40:00,80.0
2025-06-12 11:25:00,33.5
2025-06-12 21:47:00,36.6
2025-06-12 00:47:00,49.64720650636492
2025-06-12 16:05:00,11.7
2025-06-12 01:46:00,91.6
2025-06-12 14:42:00,78.5
2025-06-12 01:16:00,11.9
2025-06-12 15:14:00,64.7
2025-06-12 07:59:00,49.64720650636492
2025-06-12 20:50:00,2.8
2025-06-12 19:18:00,30.6
2025-06-12 13:26:00,38.6
2025-06-12 12:00:00,46.7
2025-06-12 08:10:00,1.2
2025-06-12 08:08:00,49.64720650636492
2025-06-12 00:18:00,47.4
2025-06-12 10:00:00,32.2
2025-06-12 21:41:00,91.8
2025-06-12 18:47:00,71.8
2025-06-12 12:39:00,49.64720650636492
2025-06-12 21:27:00,87.9
2025-06-12 03:59:00,36.4
2025-06-12 22:52:00,64.4
2025-06-12 12:20:00,82.2
2025-06-12 09:58:00,97.9
2025-06-12 10:49:00,94.8
2025-06-12 02:38:00,49.64720650636492
2025-06-12 18:23:00,45.2
2025-06-12 16:55:00,24.9
2025-06-12 07:47:00,49.64720650636492
2025-06-12 02:17:00,49.64720650636492
2025-06-12 15:12:00,38.0
2025-06-12 06:51:00,89.2
2025-06-12 00:19:00,36.5
2025-06-12 14:07:00,2.6
2025-06-12 04:36:00,49.64720650636492
2025-06-12 08:17:00,69.9
2025-06-12 18:51:00,38.8
2025-06-12 15:32:00,40.1
2025-06-12 12:37:00,49.7
2025-06-12 14:31:00,48.1
2025-06-12 05:25:00,49.64720650636492
2025-06-12 22:53:00,87.0
2025-06-12 13:09:00,91.9
2025-06-12 10:05:00,69.9
2025-06-12 18:00:00,49.64720650636492
2025-06-12 03:31:00,69.4
2025-06-12 08:13:00,52.8
2025-06-12 09:03:00,37.7
2025-06-12 17:01:00,59.0
2025-06-12 10:57:00,13.9
2025-06-12 12:45:00,48.8
2025-06-12 13:52:00,7.3
2025-06-12 04:26:00,3.5
2025-06-12 15:02:00,44.1
2025-06-12 03:54:00,49.64720650636492
2025-06-12 20:12:00,49.64720650636492
2025-06-12 07:36:00,62.9
2025-06-12 22:20:00,49.64720650636492
2025-06-12 06:21:00,90.1
2025-06-12 05:16:00,60.1
2025-06-12 20:53:00,51.3
2025-06-12 02:26:00,5.4
2025-06-12 00:50:00,49.64720650636492
2025-06-12 17:14:00,18.3
2025-06-12 10:52:00,6.8
2025-06-12 11:11:00,17.1
2025-06-12 14:03:00,65.9
2025-06-12 16:10:00,49.64720650636492
2025-06-12 12:40:00,0.0
2025-06-12 04:43:00,65.2
2025-06-12 06:07:00,14.5
2025-06-12 06:05:00,49.64720650636492
2025-06-12 20:41:00,34.3
2025-06-12 00:03:00,11.0
2025-06-12 22:19:00,66.4
2025-06-12 17:18:00,49.64720650636492
2025-06-12 06:44:00,86.6
2025-06-12 11:09:00,46.4
2025-06-12 10:07:00,93.2
2025-06-12 14:41:00,39.0
2025-06-12 06:20:00,82.1
2025-06-12 07:42:00,84.3
2025-06-12 02:30:00,36.0
2025-06-12 13:15:00,86.1
2025-06-12 15:03:00,12.1
2025-06-12 15:45:00,96.4
2025-06-12 19:58:00,94.3
2025-06-12 09:10:00,6.2
2025-06-12 00:30:00,49.64720650636492
2025-06-12 15:16:00,35.5
2025-06-12 09:18:00,43.1
2025-06-12 02:56:00,52.2
2025-06-12 21:30:00,97.7
2025-06-12 01:05:00,33.5
2025-06-12 18:33:00,26.9
2025-06-12 00:20:00,14.9
2025-06-12 02:54:00,49.6
2025-06-12 14:17:00,94.3
2025-06-12 08:08:00,39.8
2025-06-12 20:10:00,49.64720650636492
2025-06-12 09:44:00,72.0
2025-06-12 04:10:00,60.6
2025-06-12 19:20:00,81.6
2025-06-12 07:41:00,47.5
2025-06-12 11:32:00,84.7
2025-06-12 05:16:00,14.5
2025-06-12 05:43:00,41.3
2025-06-12 06:43:00,51.8
2025-06-12 01:19:00,24.2
2025-06-12 15:39:00,65.2
2025-06-12 01:19:00,35.5
2025-06-12 19:07:00,72.6
2025-06-12 13:16:00,33.5
2025-06-12 23:55:00,92.3
2025-06-12 05:52:00,28.2
2025-06-12 07:48:00,3.1
2025-06-12 04:59:00,21.2
2025-06-12 12:37:00,0.9
2025-06-12 15:37:00,80.2
2025-06-12 01:21:00,88.0
2025-06-12 20:46:00,55.5
2025-06-12 01:47:00,74.6
2025-06-12 02:36:00,24.0
2025-06-12 14:14:00,66.0
2025-06-12 11:00:00,3.8
2025-06-12 08:39:00,69.2
2025-06-12 13:59:00,26.7
2025-06-12 07:30:00,90.3
2025-06-12 10:10:00,23.6
2025-06-12 14:28:00,97.8
2025-06-12 05:07:00,45.5
2025-06-12 01:21:00,36.2
2025-06-12 15:59:00,61.8
2025-06-12 01:25:00,82.5
2025-06-12 15:44:00,49.64720650636492
2025-06-12 21:50:00,0.6
2025-06-12 09:20:00,11.5
2025-06-12 20:58:00,3.7
2025-06-12 09:54:00,45.2
2025-06-12 21:08:00,99.1
2025-06-12 14:10:00,82.8
2025-06-12 14:26:00,21.6
2025-06-12 18:42:00,35.4
2025-06-12 08:37:00,64.4
2025-06-12 14:45:00,4.8
2025-06-12 10:40:00,35.3
2025-06-12 08:45:00,44.6
2025-06-12 16:20:00,68.5
2025-06-12 18:14:00,37.7
2025-06-12 01:11:00,65.1
2025-06-12 04:11:00,91.7
2025-06-12 03:20:00,38.8
2025-06-12 14:33:00,9.6
2025-06-12 20:32:00,35.6
2025-06-12 21:22:00,76.4
2025-06-12 08:52:00,36.6
2025-06-12 02:13:00,54.5
2025-06-12 09:48:00,46.7
2025-06-12 01:54:00,33.1
2025-06-12 20:43:00,6.5
2025-06-12 14:23:00,2.3
2025-06-12 06:23:00,43.6
2025-06-12 02:58:00,47.2
2025-06-12 16:54:00,16.8
2025-06-12 02:14:00,1.6
2025-06-12 22:23:00,71.1
2025-06-12 14:55:00,76.5
2025-06-12 07:08:00,13.9
2025-06-12 21:13:00,56.1
2025-06-12 00:54:00,20.4
2025-06-12 07:44:00,49.44888862615275
2025-06-12 15:40:00,88.6
2025-06-12 06:52:00,55.1
2025-06-12 23:38:00,49.44888862615275
2025-06-12 21:43:00,49.44888862615275
2025-06-12 10:43:00,44.0
2025-06-12 04:10:00,48.4
2025-06-12 12:50:00,1.8
2025-06-12 22:47:00,49.8
2025-06-12 00:57:00,85.5
2025-06-12 04:43:00,7.9
2025-06-12 05:10:00,49.44888862615275
2025-06-12 19:48:00,62.4
2025-06-12 04:36:00,33.7
2025-06-12 21:45:00,90.2
2025-06-12 22:45:00,40.6
2025-06-12 11:39:00,29.2
2025-06-12 20:21:00,23.3
2025-06-12 03:43:00,43.1
2025-06-12 22:22:00,16.0
2025-06-12 19:14:00,41.2
2025-06-12 20:14:00,89.5
2025-06-12 23:50:00,77.4
2025-06-12 20:42:00,47.1
2025-06-12 01:57:00,47.2
2025-06-12 14:38:00,9.6
2025-06-12 18:07:00,71.7
2025-06-12 09:32:00,18.7
2025-06-12 05:01:00,93.2
2025-06-12 10:44:00,86.4
2025-06-12 13:59:00,81.9
2025-06-12 00:51:00,60.8
2025-06-12 12:45:00,49.44888862615275
2025-06-12 01:36:00,74.9
2025-06-12 19:52:00,81.2
2025-06-12 22:20:00,66.1
2025-06-12 07:02:00,35.8
2025-06-12 18:21:00,67.6
2025-06-12 01:21:00,21.4
2025-06-12 20:53:00,39.6
2025-06-12 21:15:00,68.8
2025-06-12 17:29:00,73.9
2025-06-12 16:30:00,38.6
2025-06-12 15:55:00,98.6
2025-06-12 14:10:00,27.8
2025-06-12 12:51:00,83.6
2025-06-12 22:37:00,49.44888862615275
2025-06-12 17:37:00,58.6
2025-06-12 14:52:00,24.8
2025-06-12 09:19:00,21.8
2025-06-12 18:47:00,49.44888862615275
2025-06-12 12:31:00,49.44888862615275
2025-06-12 01:01:00,19.8
2025-06-12 17:12:00,49.44888862615275
2025-06-12 10:54:00,7.6
2025-06-12 01:24:00,63.7
2025-06-12 17:06:00,49.1
2025-06-12 09:58:00,58.7
2025-06-12 19:59:00,76.9
2025-06-12 10:32:00,21.4
2025-06-12 09:03:00,39.1
2025-06-12 05:26:00,55.4
2025-06-12 19:02:00,49.44888862615275
2025-06-12 02:18:00,42.1
2025-06-12 11:48:00,1.2
2025-06-12 12:10:00,49.44888862615275
2025-06-12 03:05:00,46.7
2025-06-12 04:39:00,28.2
2025-06-12 17:27:00,80.6
2025-06-12 18:10:00,49.44888862615275
2025-06-12 07:17:00,87.6
2025-06-12 17:31:00,80.1
2025-06-12 23:35:00,97.6
2025-06-12 08:39:00,75.5
2025-06-12 16:35:00,66.6
2025-06-12 09:12:00,1.6
2025-06-12 06:46:00,49.44888862615275
2025-06-12 17:26:00,3.1
2025-06-12 06:19:00,49.44888862615275
2025-06-12 05:37:00,99.4
2025-06-12 02:42:00,74.6
2025-06-12 04:09:00,8.9
2025-06-12 06:10:00,41.0
2025-06-12 20:31:00,26.0
2025-06-12 03:27:00,2.0
2025-06-12 15:31:00,75.4
2025-06-12 01:42:00,62.9
2025-06-12 08:52:00,12.5
2025-06-12 08:04:00,49.44888862615275
2025-06-12 15:18:00,37.0
2025-06-12 17:10:00,79.3
2025-06-12 20:23:00,69.2
2025-06-12 18:10:00,41.1
2025-06-12 18:43:00,30.1
2025-06-12 18:44:00,76.6
2025-06-12 13:27:00,67.3
2025-06-12 06:40:00,61.5
2025-06-12 14:25:00,88.0
2025-06-12 14:36:00,26.9
2025-06-12 03:02:00,25.4
2025-06-12 20:47:00,35.8
2025-06-12 10:52:00,75.1
2025-06-12 00:21:00,57.0
2025-06-12 20:09:00,53.1
2025-06-12 12:06:00,92.9
2025-06-12 03:27:00,49.44888862615275
2025-06-12 10:10:00,6.0
2025-06-12 06:33:00,49.6
2025-06-12 17:30:00,64.0
2025-06-12 03:14:00,43.2
2025-06-12 09:48:00,35.2
2025-06-12 20:34:00,95.5
2025-06-12 17:40:00,49.44888862615275
2025-06-12 21:14:00,49.44888862615275
2025-06-12 04:01:00,20.6
2025-06-12 08:33:00,78.8
2025-06-12 13:06:00,54.8
2025-06-12 18:44:00,20.8
2025-06-12 20:45:00,40.7
2025-06-12 21:17:00,49.44888862615275
2025-06-12 21:37:00,35.8
2025-06-12 01:47:00,3.6
2025-06-12 16:06:00,57.4
2025-06-12 17:17:00,91.1
2025-06-12 08:29:00,14.7
2025-06-12 18:45:00,56.4
2025-06-12 23:25:00,96.2
2025-06-12 13:53:00,77.2
2025-06-12 20:03:00,71.0
2025-06-12 05:41:00,7.4
2025-06-12 13:25:00,61.6
2025-06-12 04:35:00,54.0
2025-06-12 19:18:00,57.0
2025-06-12 07:02:00,96.1
2025-06-12 17:02:00,17.2
2025-06-12 09:40:00,11.5
2025-06-12 18:55:00,17.8
2025-06-12 13:45:00,26.7
2025-06-12 09:33:00,38.9
2025-06-12 14:30:00,49.44888862615275
2025-06-12 20:21:00,86.5
2025-06-12 16:20:00,48.7
2025-06-12 17:43:00,87.0
2025-06-12 10:03:00,6.7
2025-06-12 10:04:00,58.6
2025-06-12 04:54:00,75.5
2025-06-12 14:14:00,57.8
2025-06-12 22:47:00,49.44888862615275
2025-06-12 11:13:00,81.8
2025-06-12 03:42:00,5.3
2025-06-12 17:18:00,37.1
2025-06-12 09:58:00,49.44888862615275
2025-06-12 14:38:00,36.6
2025-06-12 22:27:00,49.44888862615275
2025-06-12 02:47:00,38.1
2025-06-12 00:08:00,64.5
2025-06-12 11:45:00,49.44888862615275
2025-06-12 14:15:00,49.7
2025-06-12 03:56:00,32.9
2025-06-12 13:02:00,22.9
2025-06-12 07:47:00,36.0
2025-06-12 15:15:00,51.2
2025-06-12 02:43:00,42.5
2025-06-12 19:47:00,53.6
2025-06-12 21:37:00,49.44888862615275
2025-06-12 21:55:00,39.0
2025-06-12 00:47:00,56.3
2025-06-12 14:58:00,14.8
2025-06-12 00:51:00,49.44888862615275
2025-06-12 05:33:00,54.2
2025-06-12 14:58:00,81.6
2025-06-12 12:54:00,99.3
2025-06-12 05:00:00,2.6
2025-06-12 21:54:00,43.0
2025-06-12 16:23:00,6.4
2025-06-12 00:58:00,49.44888862615275
2025-06-12 07:04:00,71.3
2025-06-12 16:22:00,30.7
2025-06-12 10:45:00,97.8
2025-06-12 13:09:00,17.6
2025-06-12 17:19:00,56.8
2025-06-12 22:02:00,23.6
2025-06-12 05:48:00,62.3
2025-06-12 02:26:00,25.5
2025-06-12 18:01:00,75.8
2025-06-12 17:07:00,24.2
2025-06-12 15:16:00,78.4
2025-06-12 17:27:00,52.6
2025-06-12 12:54:00,49.44888862615275
2025-06-12 21:28:00,57.6
2025-06-12 14:57:00,25.0
2025-06-12 12:40:00,49.44888862615275
2025-06-12 12:42:00,87.3
2025-06-12 18:57:00,49.44888862615275
2025-06-12 10:05:00,49.44888862615275
2025-06-12 10:47:00,49.44888862615275
2025-06-12 19:40:00,4.9
2025-06-12 10:36:00,49.44888862615275
2025-06-12 14:33:00,81.1
2025-06-12 07:45:00,89.3
2025-06-12 04:48:00,61.0
2025-06-12 04:55:00,17.1
2025-06-12 06:08:00,32.2
2025-06-12 16:22:00,49.44888862615275
2025-06-12 16:46:00,28.4
2025-06-12 09:05:00,0.0
2025-06-12 15:52:00,13.3
2025-06-12 13:07:00,49.44888862615275
2025-06-12 07:18:00,66.9
2025-06-12 12:49:00,49.44888862615275
2025-06-12 13:53:00,87.3
2025-06-12 10:44:00,38.5
2025-06-12 10:24:00,40.3
2025-06-12 13:18:00,49.44888862615275
2025-06-12 20:26:00,77.9
2025-06-12 12:22:00,97.2
2025-06-12 22:03:00,56.5
2025-06-12 06:05:00,72.4
2025-06-12 18:30:00,28.6
2025-06-12 10:36:00,83.5
2025-06-12 21:55:00,49.44888862615275
2025-06-12 22:52:00,86.6
2025-06-12 20:18:00,48.9
2025-06-12 15:49:00,93.6
2025-06-12 23:55:00,14.8
2025-06-12 00:32:00,13.8
2025-06-12 20:15:00,59.4
2025-06-12 10:21:00,49.44888862615275
2025-06-12 18:10:00,44.8
2025-06-12 10:21:00,20.3
2025-06-12 07:27:00,49.44888862615275
2025-06-12 03:46:00,94.4
2025-06-12 15:13:00,40.8
2025-06-12 15:20:00,32.3
2025-06-12 18:56:00,27.8
2025-06-12 19:53:00,77.8
2025-06-12 07:09:00,93.8
2025-06-12 14:09:00,2.1
2025-06-12 12:24:00,21.3
2025-06-12 11:50:00,55.8
2025-06-12 22:12:00,7.2
2025-06-12 02:05:00,71.4
2025-06-12 13:27:00,69.0
2025-06-12 03:39:00,11.9
2025-06-12 21:20:00,85.8
2025-06-12 04:10:00,80.8
2025-06-12 05:25:00,69.2
2025-06-12 02:24:00,50.6
2025-06-12 06:51:00,77.1
2025-06-12 03:53:00,42.9
2025-06-12 08:31:00,25.0
2025-06-12 12:03:00,49.44888862615275
2025-06-12 20:04:00,34.4
2025-06-12 15:15:00,8.3
2025-06-12 06:42:00,91.2
2025-06-12 14:42:00,8.0
2025-06-12 10:25:00,1.9
2025-06-12 20:52:00,0.7
2025-06-12 12:24:00,45.3
2025-06-12 15:45:00,53.3
2025-06-12 20:36:00,58.7
2025-06-12 08:04:00,72.5
2025-06-12 22:21:00,52.2
2025-06-12 05:26:00,51.9
2025-06-12 04:57:00,49.44888862615275
2025-06-12 06:46:00,14.0
2025-06-12 23:06:00,24.6
2025-06-12 21:49:00,35.9
2025-06-12 14:49:00,69.7
2025-06-12 23:53:00,67.8
2025-06-12 06:49:00,57.3
2025-06-12 14:34:00,77.3
2025-06-12 09:49:00,49.44888862615275
2025-06-12 11:35:00,43.0
2025-06-12 09:00:00,49.44888862615275
2025-06-12 13:35:00,78.3
2025-06-12 13:12:00,55.7
2025-06-12 20:39:00,44.3
2025-06-12 19:48:00,88.4
2025-06-12 14:02:00,10.2
2025-06-12 12:45:00,29.5
2025-06-12 19:01:00,4.7
2025-06-12 18:37:00,80.9
2025-06-12 06:53:00,99.4
2025-06-12 23:37:00,37.2
2025-06-12 01:45:00,44.7
2025-06-12 13:56:00,14.7
2025-06-12 07:33:00,50.4
2025-06-12 23:55:00,84.4
2025-06-12 12:41:00,85.4
2025-06-12 13:20:00,5.5
2025-06-12 22:06:00,87.7
2025-06-12 11:42:00,49.44888862615275
2025-06-12 01:50:00,53.1
2025-06-12 17:57:00,49.44888862615275
2025-06-12 01:06:00,49.44888862615275
2025-06-12 07:38:00,38.4
2025-06-12 21:04:00,39.8
2025-06-12 10:36:00,34.1
2025-06-12 09:18:00,55.1
2025-06-12 22:21:00,5.8
2025-06-12 11:53:00,51.3
2025-06-12 14:29:00,26.0
2025-06-12 06:12:00,98.2
2025-06-12 20:38:00,14.1
2025-06-12 10:44:00,49.4
2025-06-12 03:28:00,49.44888862615275
2025-06-12 07:56:00,98.0
2025-06-12 00:11:00,86.1
2025-06-12 11:20:00,83.4
2025-06-12 17:33:00,49.44888862615275
2025-06-12 03:02:00,49.44888862615275
2025-06-12 12:06:00,49.44888862615275
2025-06-12 19:37:00,61.3
2025-06-12 03:17:00,26.8
2025-06-12 00:49:00,60.1
2025-06-12 14:00:00,3.2
2025-06-12 21:01:00,64.9
2025-06-12 14:37:00,77.3
2025-06-12 00:53:00,49.44888862615275
2025-06-12 19:55:00,22.9
2025-06-12 05:10:00,51.7
2025-06-12 12:10:00,49.44888862615275
2025-06-12 19:32:00,33.2
2025-06-12 12:10:00,9.0
2025-06-12 16:42:00,49.44888862615275
2025-06-12 12:50:00,74.9
2025-06-12 16:36:00,84.1
2025-06-12 22:55:00,95.4
2025-06-12 17:52:00,72.5
2025-06-12 10:06:00,70.6
2025-06-12 07:38:00,96.9
2025-06-12 03:25:00,58.7
2025-06-12 15:23:00,59.1
2025-06-12 22:26:00,34.5
2025-06-12 12:00:00,92.6
2025-06-12 15:26:00,91.5
2025-06-12 02:09:00,85.1
2025-06-12 01:06:00,57.1
2025-06-12 02:27:00,55.4
2025-06-12 22:45:00,76.1
2025-06-12 04:33:00,11.2
2025-06-12 14:42:00,87.7
2025-06-12 03:13:00,47.9
2025-06-12 08:49:00,8.0
2025-06-12 02:51:00,23.5
2025-06-12 05:17:00,84.4
2025-06-12 07:35:00,66.3
2025-06-12 11:04:00,92.9
2025-06-12 18:58:00,45.5
2025-06-12 09:51:00,98.6
2025-06-12 08:12:00,98.8
2025-06-12 14:42:00,19.2
2025-06-12 06:03:00,49.953150620754265
2025-06-12 00:04:00,16.0
2025-06-12 00:22:00,96.9
2025-06-12 21:40:00,49.953150620754265
2025-06-12 03:36:00,1.2
2025-06-12 11:39:00,64.0
2025-06-12 09:39:00,85.2
2025-06-12 05:41:00,62.4
2025-06-12 15:12:00,49.953150620754265
2025-06-12 22:51:00,31.8
2025-06-12 12:37:00,22.2
2025-06-12 02:06:00,47.4
2025-06-12 09:11:00,7.5
2025-06-12 19:24:00,35.7
2025-06-12 13:24:00,70.2
2025-06-12 19:36:00,77.4
2025-06-12 10:37:00,46.7
2025-06-12 05:54:00,49.953150620754265
2025-06-12 17:03:00,63.2
2025-06-12 22:14:00,39.9
2025-06-12 07:59:00,18.7
2025-06-12 10:24:00,23.6
2025-06-12 14:09:00,48.4
2025-06-12 03:38:00,63.8
2025-06-12 17:39:00,83.4
2025-06-12 01:19:00,49.953150620754265
2025-06-12 16:56:00,38.0
2025-06-12 18:23:00,24.6
2025-06-12 03:09:00,49.953150620754265
2025-06-12 07:32:00,57.5
2025-06-12 23:41:00,52.2
2025-06-12 14:03:00,32.5
2025-06-12 21:18:00,28.8
2025-06-12 12:13:00,74.6
2025-06-12 00:13:00,90.1
2025-06-12 03:38:00,49.953150620754265
2025-06-12 13:03:00,45.7
2025-06-12 03:09:00,49.953150620754265
2025-06-12 23:04:00,40.7
2025-06-12 23:14:00,71.4
2025-06-12 01:51:00,49.953150620754265
2025-06-12 07:06:00,49.953150620754265
2025-06-12 15:18:00,71.8
2025-06-12 20:00:00,94.7
2025-06-12 07:49:00,24.3
2025-06-12 05:50:00,1.9
2025-06-12 16:53:00,83.9
2025-06-12 20:50:00,36.0
2025-06-12 23:32:00,1.4
2025-06-12 06:47:00,87.2
2025-06-12 16:00:00,68.6
2025-06-12 00:33:00,73.7
2025-06-12 18:12:00,99.0
2025-06-12 01:17:00,98.2
2025-06-12 21:00:00,67.6
2025-06-12 08:32:00,30.6
2025-06-12 15:59:00,97.8
2025-06-12 20:25:00,26.8
2025-06-12 19:25:00,49.953150620754265
2025-06-12 18:32:00,1.5
2025-06-12 01:06:00,27.4
2025-06-12 16:37:00,99.5
2025-06-12 17:44:00,21.2
2025-06-12 22:30:00,61.1
2025-06-12 04:02:00,98.9
2025-06-12 23:41:00,49.953150620754265
2025-06-12 11:34:00,60.1
2025-06-12 12:58:00,53.0
2025-06-12 04:50:00,73.9
2025-06-12 18:40:00,74.7
2025-06-12 15:15:00,3.5
2025-06-12 05:19:00,18.5
2025-06-12 05:45:00,21.8
2025-06-12 18:10:00,77.3
2025-06-12 09:17:00,52.9
2025-06-12 15:37:00,6.8
2025-06-12 10:58:00,94.1
2025-06-12 23:31:00,76.8
2025-06-12 12:43:00,99.9
2025-06-12 13:56:00,13.9
2025-06-12 09:12:00,4.7
2025-06-12 12:32:00,93.0
2025-06-12 19:49:00,49.953150620754265
2025-06-12 22:41:00,14.5
2025-06-12 08:16:00,51.1
2025-06-12 00:41:00,82.8
2025-06-12 13:38:00,21.6
2025-06-12 08:19:00,91.5
2025-06-12 20:10:00,100.0
2025-06-12 05:03:00,16.1
2025-06-12 23:03:00,16.7
2025-06-12 03:48:00,68.9
2025-06-12 20:01:00,9.3
2025-06-12 19:06:00,82.0
2025-06-12 06:21:00,49.953150620754265
2025-06-12 17:43:00,91.8
2025-06-12 07:23:00,55.3
2025-06-12 12:07:00,94.0
2025-06-12 10:09:00,3.2
2025-06-12 10:08:00,49.953150620754265
2025-06-12 05:24:00,49.953150620754265
2025-06-12 03:24:00,58.6
2025-06-12 11:36:00,68.0
2025-06-12 06:23:00,78.5
2025-06-12 22:20:00,61.6
2025-06-12 07:19:00,49.953150620754265
2025-06-12 07:00:00,6.1
2025-06-12 16:44:00,15.9
2025-06-12 13:24:00,37.3
2025-06-12 07:58:00,24.1
2025-06-12 16:21:00,8.3
2025-06-12 10:38:00,49.953150620754265
2025-06-12 15:50:00,60.9
2025-06-12 13:45:00,20.0
2025-06-12 01:37:00,94.0
2025-06-12 00:36:00,71.1
2025-06-12 17:02:00,31.1
2025-06-12 02:00:00,92.8
2025-06-12 19:16:00,69.8
2025-06-12 01:21:00,12.8
2025-06-12 13:26:00,5.8
2025-06-12 22:13:00,7.1
2025-06-12 12:09:00,33.1
2025-06-12 09:34:00,49.953150620754265
2025-06-12 03:18:00,46.7
2025-06-12 19:40:00,62.2
2025-06-12 00:35:00,46.7
2025-06-12 06:30:00,85.4
2025-06-12 21:54:00,35.8
2025-06-12 09:36:00,49.953150620754265
2025-06-12 13:47:00,64.1
2025-06-12 21:59:00,6.0
2025-06-12 23:35:00,49.953150620754265
2025-06-12 08:28:00,24.8
2025-06-12 02:00:00,94.4
2025-06-12 01:22:00,47.9
2025-06-12 07:43:00,56.1
2025-06-12 01:16:00,12.0
2025-06-12 16:07:00,49.0
2025-06-12 19:27:00,8.6
2025-06-12 07:29:00,56.2
2025-06-12 19:15:00,49.953150620754265
2025-06-12 01:10:00,22.9
2025-06-12 06:52:00,7.8
2025-06-12 08:55:00,10.8
2025-06-12 14:14:00,21.9
2025-06-12 06:29:00,50.2
2025-06-12 04:49:00,77.6
2025-06-12 08:38:00,49.953150620754265
2025-06-12 13:41:00,82.7
2025-06-12 07:31:00,77.0
2025-06-12 01:48:00,45.8
2025-06-12 04:21:00,51.9
2025-06-12 07:30:00,19.5
2025-06-12 00:57:00,49.953150620754265
2025-06-12 10:01:00,93.3
2025-06-12 23:04:00,20.8
2025-06-12 19:55:00,56.1
2025-06-12 18:37:00,41.9
2025-06-12 23:09:00,57.1
2025-06-12 10:25:00,37.5
2025-06-12 08:02:00,53.4
2025-06-12 03:30:00,20.0
2025-06-12 19:32:00,54.4
2025-06-12 13:35:00,74.9
2025-06-12 03:18:00,24.5
2025-06-12 22:19:00,21.4
2025-06-12 15:00:00,7.7
2025-06-12 07:10:00,57.7
2025-06-12 14:31:00,53.1
2025-06-12 16:59:00,14.9
2025-06-12 12:57:00,49.953150620754265
2025-06-12 21:52:00,34.1
2025-06-12 18:12:00,49.953150620754265
2025-06-12 06:27:00,10.2
2025-06-12 10:48:00,49.953150620754265
2025-06-12 18:24:00,52.6
2025-06-12 06:36:00,33.9
2025-06-12 06:05:00,49.953150620754265
2025-06-12 21:14:00,15.0
2025-06-12 04:06:00,42.0
2025-06-12 09:27:00,56.3
2025-06-12 19:23:00,46.0
2025-06-12 01:26:00,76.0
2025-06-12 18:32:00,63.4
2025-06-12 04:12:00,68.2
2025-06-12 02:08:00,42.9
2025-06-12 12:55:00,21.2
2025-06-12 21:31:00,75.7
2025-06-12 15:38:00,49.953150620754265
2025-06-12 19:58:00,86.5
2025-06-12 14:02:00,92.6
2025-06-12 18:29:00,90.4
2025-06-12 00:28:00,77.0
2025-06-12 14:40:00,39.2
2025-06-12 13:21:00,0.6
2025-06-12 13:39:00,36.1
2025-06-12 22:23:00,79.8
2025-06-12 16:35:00,8.7
2025-06-12 20:28:00,49.953150620754265
2025-06-12 10:23:00,33.5
2025-06-12 01:27:00,49.953150620754265
2025-06-12 12:37:00,49.953150620754265
2025-06-12 05:35:00,82.8
2025-06-12 03:51:00,41.9
2025-06-12 22:14:00,70.6
2025-06-12 21:17:00,49.953150620754265
2025-06-12 06:58:00,75.0
2025-06-12 09:48:00,53.9
2025-06-12 21:25:00,49.953150620754265
2025-06-12 03:48:00,7.4
2025-06-12 00:35:00,78.9
2025-06-12 06:09:00,86.5
2025-06-12 21:17:00,68.3
2025-06-12 00:57:00,49.9
2025-06-12 20:23:00,56.1
2025-06-12 12:19:00,76.2
2025-06-12 11:53:00,59.8
2025-06-12 14:21:00,19.8
2025-06-12 17:22:00,93.2
2025-06-12 22:58:00,92.5
2025-06-12 00:39:00,50.1
2025-06-12 13:14:00,8.9
2025-06-12 01:11:00,66.1
2025-06-12 22:30:00,95.8
2025-06-12 07:32:00,87.6
2025-06-12 02:44:00,25.7
2025-06-12 14:36:00,77.6
2025-06-12 15:23:00,49.953150620754265
2025-06-12 22:43:00,49.953150620754265
2025-06-12 20:52:00,89.9
2025-06-12 04:47:00,49.953150620754265
2025-06-12 02:10:00,80.1
2025-06-12 05:42:00,49.953150620754265
2025-06-12 11:32:00,2.2
2025-06-12 07:26:00,8.2
2025-06-12 02:03:00,49.953150620754265
2025-06-12 05:15:00,26.4
2025-06-12 10:42:00,10.3
2025-06-12 14:09:00,49.953150620754265
2025-06-12 04:08:00,73.0
2025-06-12 03:09:00,44.8
2025-06-12 09:15:00,54.8
2025-06-12 15:13:00,52.6
2025-06-12 09:22:00,97.6
2025-06-12 05:08:00,76.9
2025-06-12 05:43:00,34.3
2025-06-12 18:18:00,55.8
2025-06-12 22:09:00,63.3
2025-06-12 16:40:00,49.953150620754265
2025-06-12 14:49:00,49.953150620754265
2025-06-12 19:19:00,15.4
2025-06-12 19:28:00,91.1
2025-06-12 03:52:00,6.9
2025-06-12 10:56:00,13.8
2025-06-12 05:30:00,28.1
2025-06-12 06:05:00,14.5
2025-06-12 09:52:00,13.3
2025-06-12 01:04:00,49.953150620754265
2025-06-12 06:57:00,2.5
2025-06-12 02:17:00,49.953150620754265
2025-06-12 01:21:00,49.953150620754265
2025-06-12 07:16:00,64.4
2025-06-12 14:24:00,79.8
2025-06-12 04:29:00,93.3
2025-06-12 07:22:00,40.3
2025-06-12 11:13:00,79.8
2025-06-12 17:45:00,77.7
2025-06-12 13:55:00,61.7
2025-06-12 04:30:00,52.1
2025-06-12 04:15:00,49.953150620754265
2025-06-12 04:38:00,69.0
2025-06-12 23:28:00,74.8
2025-06-12 05:47:00,46.2
2025-06-12 21:14:00,73.4
2025-06-12 02:42:00,27.6
2025-06-12 17:26:00,93.9
2025-06-12 07:56:00,14.5
2025-06-12 14:25:00,9.2
2025-06-12 06:53:00,27.1
2025-06-12 01:18:00,9.7
2025-06-12 07:13:00,49.953150620754265
2025-06-12 05:37:00,16.9
2025-06-12 21:49:00,16.5
2025-06-12 19:34:00,83.0
2025-06-12 06:42:00,49.953150620754265
2025-06-12 14:28:00,19.5
2025-06-12 02:34:00,21.5
2025-06-12 09:15:00,35.9
2025-06-12 07:20:00,1.1
2025-06-12 03:11:00,74.8
2025-06-12 08:47:00,1.7
2025-06-12 16:57:00,59.3
2025-06-12 00:18:00,20.1
2025-06-12 23:15:00,49.58899212042808
2025-06-12 17:14:00,6.3
2025-06-12 00:09:00,49.58899212042808
2025-06-12 17:55:00,45.9
2025-06-12 21:38:00,73.6
2025-06-12 09:18:00,34.0
2025-06-12 05:12:00,40.6
2025-06-12 13:03:00,3.4
2025-06-12 03:36:00,5.0
2025-06-12 00:20:00,39.7
2025-06-12 06:29:00,49.58899212042808
2025-06-12 12:00:00,26.4
2025-06-12 02:58:00,74.1
2025-06-12 06:45:00,10.0
2025-06-12 20:26:00,29.6
2025-06-12 04:43:00,87.2
2025-06-12 03:27:00,49.9
2025-06-12 09:48:00,63.1
2025-06-12 19:00:00,49.58899212042808
2025-06-12 01:33:00,29.5
2025-06-12 18:25:00,49.58899212042808
2025-06-12 08:02:00,25.1
2025-06-12 02:54:00,65.6
2025-06-12 11:38:00,6.3
2025-06-12 02:40:00,81.1
2025-06-12 04:30:00,67.9
2025-06-12 10:24:00,49.58899212042808
2025-06-12 13:55:00,24.8
2025-06-12 08:47:00,49.58899212042808
2025-06-12 01:37:00,43.6
2025-06-12 09:08:00,7.0
2025-06-12 23:50:00,98.5
2025-06-12 19:56:00,98.4
2025-06-12 01:47:00,76.6
2025-06-12 13:12:00,39.6
2025-06-12 18:08:00,45.6
2025-06-12 11:06:00,38.5
2025-06-12 14:38:00,49.58899212042808
2025-06-12 22:50:00,9.3
2025-06-12 08:30:00,65.5
2025-06-12 01:53:00,49.58899212042808
2025-06-12 00:55:00,57.1
2025-06-12 23:33:00,71.5
2025-06-12 11:24:00,73.9
2025-06-12 15:09:00,85.2
2025-06-12 17:30:00,21.9
2025-06-12 01:23:00,35.9
2025-06-12 20:01:00,72.9
2025-06-12 07:33:00,15.5
2025-06-12 05:09:00,49.58899212042808
2025-06-12 06:52:00,11.4
2025-06-12 08:16:00,59.4
2025-06-12 16:35:00,49.58899212042808
2025-06-12 09:14:00,50.9
2025-06-12 23:09:00,47.7
2025-06-12 10:49:00,74.3
2025-06-12 09:33:00,31.8
2025-06-12 07:54:00,80.8
2025-06-12 08:39:00,34.1
2025-06-12 02:03:00,72.7
2025-06-12 18:33:00,70.1
2025-06-12 10:20:00,91.6
2025-06-12 10:27:00,86.6
2025-06-12 06:56:00,68.2
2025-06-12 11:33:00,40.8
2025-06-12 07:12:00,45.9
2025-06-12 05:28:00,52.8
2025-06-12 12:47:00,45.3
2025-06-12 01:39:00,96.5
2025-06-12 10:59:00,79.6
2025-06-12 20:45:00,19.2
2025-06-12 03:50:00,49.58899212042808
2025-06-12 14:37:00,44.3
2025-06-12 10:49:00,66.6
2025-06-12 11:07:00,49.58899212042808
2025-06-12 01:55:00,99.3
2025-06-12 10:02:00,85.0
2025-06-12 07:19:00,81.1
2025-06-12 00:57:00,83.6
2025-06-12 10:46:00,53.9
2025-06-12 09:30:00,49.8
2025-06-12 15:32:00,83.5
2025-06-12 01:50:00,32.4
2025-06-12 11:35:00,20.6
2025-06-12 07:29:00,44.1
2025-06-12 22:47:00,97.8
2025-06-12 23:19:00,24.4
2025-06-12 09:02:00,42.5
2025-06-12 19:47:00,49.58899212042808
2025-06-12 17:11:00,49.58899212042808
2025-06-12 01:38:00,8.7
2025-06-12 02:09:00,3.9
2025-06-12 06:08:00,61.2
2025-06-12 08:53:00,49.58899212042808
2025-06-12 18:19:00,99.6
2025-06-12 16:55:00,25.2
2025-06-12 23:45:00,24.8
2025-06-12 17:33:00,20.4
2025-06-12 21:51:00,66.4
2025-06-12 23:38:00,49.58899212042808
2025-06-12 14:05:00,68.2
2025-06-12 20:05:00,49.58899212042808
2025-06-12 16:30:00,84.5
2025-06-12 16:03:00,32.6
2025-06-12 04:50:00,12.4
2025-06-12 04:30:00,49.58899212042808
2025-06-12 08:09:00,26.4
2025-06-12 22:07:00,49.58899212042808
2025-06-12 02:58:00,49.58899212042808
2025-06-12 04:42:00,30.2
2025-06-12 08:00:00,36.5
2025-06-12 09:22:00,99.7
2025-06-12 17:37:00,28.7
2025-06-12 21:58:00,68.8
2025-06-12 20:37:00,35.6
2025-06-12 21:07:00,66.9
2025-06-12 09:39:00,74.8
2025-06-12 18:32:00,86.5
2025-06-12 19:56:00,66.6
2025-06-12 16:03:00,59.6
2025-06-12 13:18:00,29.1
2025-06-12 06:42:00,89.9
2025-06-12 17:04:00,76.8
2025-06-12 01:15:00,16.2
2025-06-12 07:59:00,59.5
2025-06-12 08:20:00,21.5
2025-06-12 04:49:00,74.5
2025-06-12 09:44:00,34.4
2025-06-12 00:25:00,76.6
2025-06-12 01:24:00,49.58899212042808
2025-06-12 00:59:00,49.58899212042808
2025-06-12 18:05:00,1.1
2025-06-12 21:19:00,49.58899212042808
2025-06-12 18:26:00,73.1
2025-06-12 07:24:00,62.0
2025-06-12 14:15:00,18.4
2025-06-12 14:49:00,0.1
2025-06-12 04:06:00,71.7
2025-06-12 11:55:00,49.0
2025-06-12 16:17:00,84.5
2025-06-12 16:41:00,57.5
2025-06-12 06:19:00,43.6
2025-06-12 18:47:00,97.1
2025-06-12 14:43:00,28.9
2025-06-12 13:48:00,11.8
2025-06-12 16:13:00,78.6
2025-06-12 23:12:00,49.58899212042808
2025-06-12 23:55:00,48.9
2025-06-12 17:42:00,17.5
2025-06-12 19:38:00,75.4
2025-06-12 05:13:00,58.5
2025-06-12 19:03:00,95.1
2025-06-12 16:40:00,55.3
2025-06-12 21:42:00,46.2
2025-06-12 23:35:00,40.1
2025-06-12 19:43:00,35.2
2025-06-12 09:40:00,16.6
2025-06-12 17:47:00,51.6
2025-06-12 19:00:00,41.8
2025-06-12 14:29:00,96.0
2025-06-12 22:36:00,49.58899212042808
2025-06-12 14:33:00,12.8
2025-06-12 10:04:00,79.5
2025-06-12 07:50:00,80.0
2025-06-12 12:07:00,93.2
2025-06-12 04:58:00,49.58899212042808
2025-06-12 22:03:00,28.6
2025-06-12 03:16:00,19.6
2025-06-12 23:08:00,83.8
2025-06-12 15:08:00,89.9
2025-06-12 16:20:00,57.5
2025-06-12 02:07:00,86.4
2025-06-12 20:39:00,71.8
2025-06-12 02:06:00,6.9
2025-06-12 13:21:00,62.8
2025-06-12 20:12:00,92.2
2025-06-12 17:05:00,37.2
2025-06-12 07:04:00,51.6
2025-06-12 18:20:00,13.0
2025-06-12 17:06:00,71.8
2025-06-12 02:57:00,58.7
2025-06-12 01:15:00,49.58899212042808
2025-06-12 18:13:00,49.58899212042808
2025-06-12 08:55:00,97.3
2025-06-12 07:49:00,88.5
2025-06-12 12:33:00,75.6
2025-06-12 23:00:00,49.58899212042808
2025-06-12 17:51:00,37.0
2025-06-12 22:14:00,63.9
2025-06-12 21:35:00,11.1
2025-06-12 05:03:00,33.9
2025-06-12 17:15:00,22.1
2025-06-12 21:28:00,49.58899212042808
2025-06-12 14:22:00,68.8
2025-06-12 10:00:00,47.7
2025-06-12 13:37:00,93.9
2025-06-12 01:20:00,20.2
2025-06-12 22:41:00,92.4
2025-06-12 08:40:00,3.4
2025-06-12 08:30:00,71.3
2025-06-12 05:53:00,27.6
2025-06-12 16:37:00,64.8
2025-06-12 11:49:00,96.7
2025-06-12 10:52:00,100.0
2025-06-12 03:37:00,49.58899212042808
2025-06-12 05:12:00,82.7
2025-06-12 23:27:00,49.58899212042808
2025-06-12 03:07:00,35.2
2025-06-12 21:23:00,1.9
2025-06-12 16:51:00,7.0
2025-06-12 18:39:00,81.2
2025-06-12 23:51:00,9.3
2025-06-12 00:17:00,82.2
2025-06-12 14:40:00,19.0
2025-06-12 17:42:00,35.5
2025-06-12 02:36:00,93.4
2025-06-12 07:42:00,49.58899212042808
2025-06-12 07:20:00,6.8
2025-06-12 19:08:00,22.9
2025-06-12 16:43:00,84.2
2025-06-12 17:08:00,3.2
2025-06-12 16:42:00,45.4
2025-06-12 07:41:00,23.6
2025-06-12 18:48:00,72.3
2025-06-12 06:39:00,52.8
2025-06-12 01:58:00,78.8
2025-06-12 18:53:00,30.3
2025-06-12 17:42:00,2.7
2025-06-12 07:37:00,95.2
2025-06-12 17:50:00,49.58899212042808
2025-06-12 15:51:00,25.8
2025-06-12 04:32:00,41.7
2025-06-12 03:19:00,48.1
2025-06-12 23:53:00,56.1
2025-06-12 07:56:00,98.8
2025-06-12 06:02:00,25.8
2025-06-12 21:26:00,55.5
2025-06-12 15:07:00,49.58899212042808
2025-06-12 02:41:00,53.1
2025-06-12 10:27:00,49.58899212042808
2025-06-12 12:34:00,49.58899212042808
2025-06-12 00:28:00,40.6
2025-06-12 13:01:00,16.9
2025-06-12 07:54:00,92.2
2025-06-12 12:05:00,49.58899212042808
2025-06-12 01:51:00,97.5
2025-06-12 04:51:00,35.8
2025-06-12 15:19:00,70.6
2025-06-12 01:30:00,49.58899212042808
2025-06-12 05:10:00,60.8
2025-06-12 19:10:00,12.0
2025-06-12 00:29:00,95.7
2025-06-12 05:57:00,46.5
2025-06-12 22:14:00,58.4
2025-06-12 23:11:00,7.3
2025-06-12 21:37:00,61.8
2025-06-12 23:04:00,15.9
2025-06-12 21:26:00,11.0
2025-06-12 01:39:00,95.1
2025-06-12 17:02:00,41.9
2025-06-12 19:54:00,67.6
2025-06-12 00:31:00,89.9
2025-06-12 23:50:00,17.0
2025-06-12 19:11:00,49.58899212042808
2025-06-12 04:04:00,97.8
2025-06-12 18:04:00,83.1
2025-06-12 09:39:00,16.9
2025-06-12 03:05:00,49.58899212042808
2025-06-12 03:22:00,70.7
2025-06-12 05:53:00,45.5
2025-06-12 03:46:00,32.5
2025-06-12 16:17:00,49.58899212042808
2025-06-12 04:33:00,96.3
2025-06-12 01:21:00,23.1
2025-06-12 16:13:00,49.58899212042808
2025-06-12 11:15:00,43.0
2025-06-12 01:28:00,23.5
2025-06-12 16:35:00,49.58899212042808
2025-06-12 21:36:00,49.58899212042808
2025-06-12 20:50:00,65.8
2025-06-12 02:21:00,73.2
2025-06-12 02:25:00,85.9
2025-06-12 02:42:00,73.9
2025-06-12 19:53:00,97.3
2025-06-12 20:05:00,55.7
2025-06-12 19:10:00,2.5
2025-06-12 20:26:00,82.7
2025-06-12 02:08:00,4.0
2025-06-12 23:25:00,49.2
2025-06-12 21:53:00,20.2
2025-06-12 02:23:00,21.7
2025-06-12 22:05:00,65.5
2025-06-12 20:27:00,16.3
2025-06-12 08:35:00,26.7
2025-06-12 13:00:00,89.8
2025-06-12 06:41:00,11.1
2025-06-12 11:31:00,33.7
2025-06-12 10:41:00,92.7
2025-06-12 22:51:00,49.1
2025-06-12 00:10:00,86.9
2025-06-12 13:22:00,66.0
2025-06-12 03:38:00,49.58899212042808
2025-06-12 20:42:00,49.58899212042808
2025-06-12 00:14:00,26.7
2025-06-12 04:16:00,79.3
2025-06-12 19:20:00,67.8
2025-06-12 22:07:00,49.58899212042808
2025-06-12 13:31:00,79.9
2025-06-12 21:15:00,74.1
2025-06-12 19:39:00,38.7
2025-06-12 10:47:00,49.58899212042808
2025-06-12 01:11:00,60.7
2025-06-12 05:56:00,81.7
2025-06-12 02:57:00,78.6
2025-06-12 04:26:00,69.3
2025-06-12 11:26:00,32.2
2025-06-12 06:27:00,47.8
2025-06-12 22:42:00,25.1
2025-06-12 12:46:00,26.2
2025-06-12 22:24:00,23.3
2025-06-12 21:01:00,47.7
2025-06-12 13:39:00,15.8
2025-06-12 09:44:00,99.6
2025-06-12 20:33:00,14.5
2025-06-12 18:05:00,49.58899212042808
2025-06-12 06:49:00,59.2
2025-06-12 00:41:00,7.1
2025-06-12 23:34:00,92.0
2025-06-12 00:39:00,58.1
2025-06-12 21:52:00,89.0
2025-06-12 00:12:00,67.3
2025-06-12 20:26:00,18.4
2025-06-12 17:40:00,66.2
2025-06-12 21:40:00,37.9
2025-06-12 19:02:00,93.4
2025-06-12 08:28:00,90.6
2025-06-12 01:07:00,42.4
2025-06-12 01:20:00,13.7
2025-06-12 08:06:00,86.4
2025-06-12 08:00:00,49.58899212042808
2025-06-12 08:44:00,56.0
2025-06-12 11:07:00,27.1
2025-06-12 11:42:00,70.3
2025-06-12 06:06:00,83.3
2025-06-12 00:34:00,54.6
2025-06-12 04:51:00,66.2
2025-06-12 06:05:00,87.9
2025-06-12 02:16:00,20.6
2025-06-12 03:29:00,91.8
2025-06-12 17:08:00,32.4
2025-06-12 05:58:00,49.58899212042808
2025-06-12 19:36:00,24.2
2025-06-12 23:56:00,56.7
2025-06-12 10:21:00,24.5
2025-06-12 07:08:00,0.2
2025-06-12 19:50:00,61.0
2025-06-12 03:02:00,21.2
2025-06-12 07:05:00,58.2
2025-06-12 07:05:00,50.2977004785806
2025-06-12 20:58:00,88.1
2025-06-12 05:05:00,12.3
2025-06-12 09:49:00,50.2977004785806
2025-06-12 15:19:00,60.3
2025-06-12 14:30:00,71.4
2025-06-12 00:44:00,37.2
2025-06-12 21:24:00,37.9
2025-06-12 01:49:00,24.3
2025-06-12 23:46:00,60.7
2025-06-12 12:56:00,81.2
2025-06-12 21:52:00,65.8
2025-06-12 18:40:00,41.7
2025-06-12 05:08:00,37.0
2025-06-12 08:39:00,89.5
2025-06-12 02:27:00,97.8
2025-06-12 08:45:00,50.2977004785806
2025-06-12 10:38:00,20.6
2025-06-12 00:29:00,60.8
2025-06-12 10:57:00,17.7
2025-06-12 10:14:00,55.6
2025-06-12 23:44:00,80.5
2025-06-12 14:59:00,64.8
2025-06-12 22:53:00,45.3
2025-06-12 14:22:00,34.5
2025-06-12 19:23:00,60.2
2025-06-12 15:24:00,17.9
2025-06-12 05:00:00,22.8
2025-06-12 21:08:00,33.8
2025-06-12 11:15:00,75.4
2025-06-12 22:48:00,50.2977004785806
2025-06-12 09:56:00,50.2977004785806
2025-06-12 00:18:00,94.5
2025-06-12 22:17:00,68.7
2025-06-12 06:22:00,17.0
2025-06-12 21:55:00,61.4
2025-06-12 12:36:00,56.8
2025-06-12 18:51:00,50.2977004785806
2025-06-12 21:54:00,50.2977004785806
2025-06-12 23:49:00,28.2
2025-06-12 18:06:00,64.0
2025-06-12 22:46:00,55.5
2025-06-12 16:14:00,50.2977004785806
2025-06-12 05:20:00,77.9
2025-06-12 12:48:00,62.6
2025-06-12 03:07:00,10.8
2025-06-12 09:10:00,57.0
2025-06-12 13:07:00,72.6
2025-06-12 02:04:00,31.9
2025-06-12 09:44:00,66.7
2025-06-12 09:42:00,80.1
2025-06-12 16:13:00,50.2977004785806
2025-06-12 22:48:00,43.4
2025-06-12 19:49:00,35.2
2025-06-12 21:06:00,30.3
2025-06-12 08:43:00,20.4
2025-06-12 05:10:00,41.0
2025-06-12 05:09:00,46.6
2025-06-12 14:51:00,1.5
2025-06-12 14:09:00,32.1
2025-06-12 09:56:00,50.2977004785806
2025-06-12 18:00:00,92.7
2025-06-12 21:54:00,44.1
2025-06-12 20:05:00,18.7
2025-06-12 20:09:00,26.0
2025-06-12 08:13:00,49.8
2025-06-12 12:34:00,92.7
2025-06-12 23:10:00,50.2977004785806
2025-06-12 02:43:00,32.6
2025-06-12 01:19:00,74.6
2025-06-12 06:55:00,51.9
2025-06-12 08:35:00,99.8
2025-06-12 01:46:00,80.6
2025-06-12 03:37:00,65.8
2025-06-12 06:18:00,35.0
2025-06-12 19:31:00,2.6
2025-06-12 10:15:00,88.6
2025-06-12 12:17:00,50.3
2025-06-12 19:41:00,71.4
2025-06-12 13:09:00,11.7
2025-06-12 02:44:00,20.4
2025-06-12 21:16:00,98.7
2025-06-12 17:04:00,10.7
2025-06-12 07:14:00,71.1
2025-06-12 09:40:00,50.2977004785806
2025-06-12 14:10:00,64.3
2025-06-12 16:14:00,87.4
2025-06-12 17:53:00,50.2977004785806
2025-06-12 19:30:00,39.9
2025-06-12 20:02:00,92.7
2025-06-12 03:09:00,21.3
2025-06-12 01:05:00,94.6
2025-06-12 02:48:00,66.6
2025-06-12 18:32:00,38.6
2025-06-12 13:12:00,50.9
2025-06-12 06:59:00,1.1
2025-06-12 16:41:00,19.1
2025-06-12 14:17:00,65.3
2025-06-12 09:07:00,50.2977004785806
2025-06-12 10:46:00,38.0
2025-06-12 00:55:00,85.1
2025-06-12 20:44:00,1.8
2025-06-12 09:33:00,18.5
2025-06-12 09:54:00,61.9
2025-06-12 00:00:00,50.2977004785806
2025-06-12 12:35:00,77.8
2025-06-12 04:58:00,97.0
2025-06-12 12:06:00,69.1
2025-06-12 12:54:00,50.2977004785806
2025-06-12 03:46:00,60.9
2025-06-12 11:57:00,99.1
2025-06-12 10:20:00,35.1
2025-06-12 18:14:00,2.1
2025-06-12 03:16:00,11.8
2025-06-12 03:28:00,66.5
2025-06-12 07:26:00,2.7
2025-06-12 02:58:00,73.0
2025-06-12 13:12:00,48.9
2025-06-12 10:57:00,42.8
2025-06-12 08:12:00,29.4
2025-06-12 16:34:00,82.3
2025-06-12 11:01:00,50.2977004785806
2025-06-12 18:49:00,93.3
2025-06-12 03:36:00,29.8
2025-06-12 03:13:00,62.7
2025-06-12 06:20:00,50.2977004785806
2025-06-12 02:22:00,13.6
2025-06-12 06:23:00,64.7
2025-06-12 14:41:00,93.8
2025-06-12 01:29:00,10.5
2025-06-12 21:09:00,11.9
2025-06-12 11:05:00,73.9
2025-06-12 19:06:00,27.2
2025-06-12 23:03:00,9.9
2025-06-12 17:00:00,43.2
2025-06-12 04:30:00,0.4
2025-06-12 22:12:00,40.1
2025-06-12 00:42:00,28.9
2025-06-12 07:42:00,37.2
2025-06-12 01:29:00,81.3
2025-06-12 18:57:00,47.5
2025-06-12 00:51:00,50.2977004785806
2025-06-12 06:57:00,16.9
2025-06-12 12:52:00,51.7
2025-06-12 00:20:00,73.5
2025-06-12 06:53:00,89.0
2025-06-12 06:40:00,62.7
2025-06-12 23:14:00,98.2
2025-06-12 15:12:00,82.6
2025-06-12 17:01:00,25.6
2025-06-12 21:58:00,10.2
2025-06-12 12:02:00,98.5
2025-06-12 16:31:00,34.5
2025-06-12 02:36:00,70.3
2025-06-12 05:08:00,50.2977004785806
2025-06-12 19:48:00,70.9
2025-06-12 04:41:00,32.0
2025-06-12 03:03:00,90.8
2025-06-12 17:33:00,14.5
2025-06-12 16:39:00,98.2
2025-06-12 02:05:00,19.6
2025-06-12 01:22:00,68.6
2025-06-12 13:05:00,11.4
2025-06-12 09:09:00,36.6
2025-06-12 19:22:00,11.8
2025-06-12 20:34:00,61.4
2025-06-12 11:18:00,61.8
2025-06-12 16:47:00,35.2
2025-06-12 10:07:00,90.4
2025-06-12 13:42:00,99.7
2025-06-12 16:04:00,3.8
2025-06-12 06:10:00,95.0
2025-06-12 01:19:00,82.3
2025-06-12 15:11:00,96.1
2025-06-12 21:10:00,50.2977004785806
2025-06-12 15:02:00,65.0
2025-06-12 09:22:00,9.7
2025-06-12 23:39:00,50.2977004785806
2025-06-12 03:32:00,50.2977004785806
2025-06-12 23:57:00,91.6
2025-06-12 10:06:00,79.8
2025-06-12 04:50:00,65.9
2025-06-12 00:49:00,58.6
2025-06-12 22:02:00,98.2
2025-06-12 15:47:00,92.5
2025-06-12 00:19:00,13.2
2025-06-12 09:00:00,68.7
2025-06-12 01:54:00,54.2
2025-06-12 09:32:00,50.2977004785806
2025-06-12 22:07:00,50.2977004785806
2025-06-12 23:28:00,7.4
2025-06-12 22:41:00,78.2
2025-06-12 11:57:00,31.1
2025-06-12 14:52:00,84.0
2025-06-12 03:04:00,37.7
2025-06-12 18:21:00,93.6
2025-06-12 13:44:00,16.3
2025-06-12 21:15:00,5.0
2025-06-12 14:11:00,21.0
2025-06-12 23:22:00,30.1
2025-06-12 17:24:00,4.9
2025-06-12 08:16:00,72.6
2025-06-12 04:22:00,50.2977004785806
2025-06-12 21:50:00,59.0
2025-06-12 12:28:00,61.4
2025-06-12 06:45:00,50.2977004785806
2025-06-12 15:21:00,58.8
2025-06-12 11:47:00,50.2977004785806
2025-06-12 17:22:00,82.4
2025-06-12 20:09:00,63.3
2025-06-12 17:36:00,57.6
2025-06-12 03:14:00,48.4
2025-06-12 20:15:00,23.8
2025-06-12 00:40:00,47.2
2025-06-12 01:12:00,95.2
2025-06-12 15:22:00,65.8
2025-06-12 16:54:00,94.8
2025-06-12 00:13:00,14.4
2025-06-12 23:44:00,50.2977004785806
2025-06-12 10:51:00,11.1
2025-06-12 22:20:00,96.1
2025-06-12 05:19:00,36.6
2025-06-12 13:27:00,30.3
2025-06-12 13:21:00,50.2977004785806
2025-06-12 03:43:00,50.2977004785806
2025-06-12 10:15:00,41.1
2025-06-12 06:11:00,91.2
2025-06-12 19:19:00,6.0
2025-06-12 16:23:00,26.6
2025-06-12 10:46:00,85.1
2025-06-12 08:10:00,40.1
2025-06-12 00:04:00,28.5
2025-06-12 07:04:00,45.3
2025-06-12 01:47:00,73.1
2025-06-12 08:05:00,50.2977004785806
2025-06-12 08:06:00,50.2977004785806
2025-06-12 07:20:00,97.8
2025-06-12 16:46:00,14.8
2025-06-12 15:48:00,73.8
2025-06-12 02:32:00,75.4
2025-06-12 22:17:00,7.2
2025-06-12 01:25:00,8.1
2025-06-12 06:33:00,0.6
2025-06-12 06:08:00,69.5
2025-06-12 07:51:00,2.7
2025-06-12 21:08:00,75.5
2025-06-12 23:24:00,98.4
2025-06-12 16:01:00,50.2977004785806
2025-06-12 04:21:00,82.1
2025-06-12 20:43:00,76.2
2025-06-12 12:41:00,6.3
2025-06-12 09:38:00,12.9
2025-06-12 00:59:00,12.5
2025-06-12 17:15:00,50.2977004785806
2025-06-12 00:35:00,73.4
2025-06-12 12:26:00,52.8
2025-06-12 21:37:00,50.2977004785806
2025-06-12 06:35:00,50.2977004785806
2025-06-12 19:58:00,40.1
2025-06-12 12:26:00,58.4
2025-06-12 11:20:00,22.1
2025-06-12 21:19:00,58.6
2025-06-12 09:03:00,94.8
2025-06-12 17:15:00,76.9
2025-06-12 01:59:00,30.6
2025-06-12 13:16:00,50.2977004785806
2025-06-12 18:48:00,28.9
2025-06-12 17:21:00,83.5
2025-06-12 00:33:00,97.6
2025-06-12 06:19:00,32.9
2025-06-12 23:55:00,15.2
2025-06-12 15:15:00,75.8
2025-06-12 12:05:00,60.7
2025-06-12 02:38:00,14.5
2025-06-12 21:39:00,50.2977004785806
2025-06-12 12:16:00,8.7
2025-06-12 21:04:00,69.4
2025-06-12 13:15:00,79.3
2025-06-12 22:28:00,43.3
2025-06-12 23:24:00,70.0
2025-06-12 04:12:00,39.0
2025-06-12 16:37:00,92.4
2025-06-12 20:56:00,98.2
2025-06-12 23:32:00,50.2977004785806
2025-06-12 20:37:00,94.3
2025-06-12 23:32:00,59.6
2025-06-12 02:35:00,2.2
2025-06-12 07:15:00,80.1
2025-06-12 03:38:00,75.4
2025-06-12 00:57:00,51.2
2025-06-12 19:57:00,14.5
2025-06-12 11:03:00,55.7
2025-06-12 18:44:00,81.5
2025-06-12 00:53:00,25.9
2025-06-12 13:06:00,74.6
2025-06-12 19:19:00,50.2977004785806
2025-06-12 11:30:00,5.0
2025-06-12 07:31:00,17.7
2025-06-12 00:28:00,3.1
2025-06-12 20:40:00,76.5
2025-06-12 21:26:00,50.2977004785806
2025-06-12 06:57:00,98.3
2025-06-12 11:25:00,28.7
2025-06-12 07:19:00,50.2977004785806
2025-06-12 14:16:00,43.3
2025-06-12 21:46:00,8.8
2025-06-12 05:08:00,46.9
2025-06-12 02:07:00,28.1
2025-06-12 02:19:00,16.4
2025-06-12 07:00:00,50.2977004785806
2025-06-12 07:04:00,51.1
2025-06-12 17:08:00,24.2
2025-06-12 17:40:00,8.9
2025-06-12 22:30:00,13.1
2025-06-12 08:24:00,60.1
2025-06-12 08:46:00,22.0
2025-06-12 13:08:00,50.2977004785806
2025-06-12 18:24:00,48.0
2025-06-12 07:23:00,50.2977004785806
2025-06-12 02:26:00,18.3
2025-06-12 13:23:00,32.8
2025-06-12 09:03:00,98.7
2025-06-12 06:20:00,44.8
2025-06-12 09:30:00,46.7
2025-06-12 10:22:00,92.7
2025-06-12 03:57:00,50.2977004785806
2025-06-12 01:04:00,49.82536769031651
2025-06-12 08:03:00,86.6
2025-06-12 21:08:00,9.3
2025-06-12 10:01:00,89.9
2025-06-12 20:53:00,2.3
2025-06-12 18:15:00,51.9
2025-06-12 05:11:00,54.0
2025-06-12 18:18:00,50.1
2025-06-12 12:01:00,59.9
2025-06-12 14:50:00,60.9
2025-06-12 08:19:00,70.1
2025-06-12 09:58:00,49.82536769031651
2025-06-12 01:46:00,58.9
2025-06-12 02:01:00,87.5
2025-06-12 01:59:00,33.7
2025-06-12 01:09:00,98.8
2025-06-12 23:35:00,49.82536769031651
2025-06-12 21:53:00,43.0
2025-06-12 02:39:00,34.7
2025-06-12 13:13:00,77.7
2025-06-12 18:52:00,47.0
2025-06-12 16:39:00,49.82536769031651
2025-06-12 18:51:00,78.7
2025-06-12 12:11:00,40.4
2025-06-12 09:55:00,62.2
2025-06-12 13:19:00,44.2
2025-06-12 07:51:00,86.9
2025-06-12 19:32:00,41.1
2025-06-12 10:59:00,49.82536769031651
2025-06-12 08:21:00,62.2
2025-06-12 05:01:00,92.3
2025-06-12 03:50:00,0.8
2025-06-12 07:53:00,66.3
2025-06-12 11:08:00,87.4
2025-06-12 07:02:00,18.9
2025-06-12 03:25:00,49.82536769031651
2025-06-12 23:22:00,74.3
2025-06-12 19:00:00,13.8
2025-06-12 06:07:00,40.1
2025-06-12 12:40:00,72.8
2025-06-12 18:50:00,47.2
2025-06-12 04:30:00,8.2
2025-06-12 06:03:00,83.3
2025-06-12 02:19:00,49.82536769031651
2025-06-12 10:13:00,12.8
2025-06-12 18:34:00,55.9
2025-06-12 15:01:00,49.82536769031651
2025-06-12 02:05:00,34.6
2025-06-12 18:20:00,52.2
2025-06-12 21:39:00,64.6
2025-06-12 20:39:00,25.3
2025-06-12 21:12:00,44.3
2025-06-12 08:53:00,98.9
2025-06-12 18:43:00,81.4
2025-06-12 15:21:00,44.3
2025-06-12 05:39:00,93.5
2025-06-12 18:20:00,22.6
2025-06-12 14:13:00,7.3
2025-06-12 15:17:00,88.7
2025-06-12 07:18:00,14.8
2025-06-12 10:59:00,84.5
2025-06-12 08:03:00,77.3
2025-06-12 20:27:00,26.1
2025-06-12 12:02:00,5.1
2025-06-12 08:34:00,88.8
2025-06-12 01:37:00,49.82536769031651
2025-06-12 21:42:00,49.82536769031651
2025-06-12 10:09:00,1.8
2025-06-12 23:02:00,77.6
2025-06-12 00:38:00,7.4
2025-06-12 23:04:00,15.8
2025-06-12 08:20:00,70.7
2025-06-12 09:53:00,58.7
2025-06-12 20:27:00,72.9
2025-06-12 12:39:00,89.3
2025-06-12 14:07:00,82.9
2025-06-12 13:08:00,17.0
2025-06-12 09:03:00,62.1
2025-06-12 14:25:00,82.8
2025-06-12 07:30:00,54.8
2025-06-12 05:19:00,47.2
2025-06-12 22:34:00,11.6
2025-06-12 01:12:00,49.82536769031651
2025-06-12 03:17:00,81.2
2025-06-12 23:56:00,40.2
2025-06-12 08:51:00,34.2
2025-06-12 19:22:00,55.0
2025-06-12 00:10:00,3.5
2025-06-12 17:42:00,19.8
2025-06-12 09:48:00,78.8
2025-06-12 05:36:00,37.3
2025-06-12 02:05:00,72.1
2025-06-12 05:46:00,52.1
2025-06-12 22:57:00,96.0
2025-06-12 15:56:00,90.6
2025-06-12 02:13:00,21.1
2025-06-12 01:18:00,83.8
2025-06-12 21:54:00,64.3
2025-06-12 09:15:00,72.5
2025-06-12 05:47:00,86.2
2025-06-12 16:24:00,12.0
2025-06-12 20:16:00,49.82536769031651
2025-06-12 23:16:00,21.4
2025-06-12 14:01:00,38.5
2025-06-12 08:35:00,7.3
2025-06-12 01:10:00,91.6
2025-06-12 12:29:00,2.5
2025-06-12 23:22:00,98.8
2025-06-12 00:44:00,8.4
2025-06-12 04:28:00,68.4
2025-06-12 01:50:00,53.0
2025-06-12 07:22:00,49.82536769031651
2025-06-12 19:31:00,36.8
2025-06-12 18:59:00,49.82536769031651
2025-06-12 16:31:00,49.82536769031651
2025-06-12 16:32:00,30.5
2025-06-12 08:18:00,89.1
2025-06-12 11:19:00,47.8
2025-06-12 23:28:00,76.6
2025-06-12 05:57:00,1.5
2025-06-12 20:08:00,49.82536769031651
2025-06-12 21:55:00,4.0
2025-06-12 00:01:00,35.4
2025-06-12 00:24:00,65.9
2025-06-12 13:49:00,49.82536769031651
2025-06-12 08:44:00,16.5
2025-06-12 20:44:00,49.82536769031651
2025-06-12 10:23:00,77.0
2025-06-12 09:16:00,67.1
2025-06-12 00:18:00,51.9
2025-06-12 15:16:00,22.9
2025-06-12 18:57:00,13.4
2025-06-12 22:55:00,38.1
2025-06-12 09:13:00,97.3
2025-06-12 07:41:00,92.9
2025-06-12 01:35:00,61.6
2025-06-12 16:55:00,49.82536769031651
2025-06-12 16:04:00,42.2
2025-06-12 14:48:00,4.5
2025-06-12 08:40:00,65.0
2025-06-12 23:04:00,59.6
2025-06-12 22:16:00,67.6
2025-06-12 01:49:00,49.82536769031651
2025-06-12 09:46:00,2.8
2025-06-12 06:44:00,96.8
2025-06-12 03:41:00,30.4
2025-06-12 22:41:00,76.6
2025-06-12 13:46:00,92.4
2025-06-12 03:43:00,21.6
2025-06-12 22:26:00,65.4
2025-06-12 18:59:00,66.5
2025-06-12 23:26:00,6.8
2025-06-12 17:16:00,49.82536769031651
2025-06-12 12:42:00,15.6
2025-06-12 19:29:00,68.9
2025-06-12 06:55:00,49.82536769031651
2025-06-12 15:21:00,85.6
2025-06-12 19:25:00,68.4
2025-06-12 02:36:00,0.8
2025-06-12 05:31:00,11.5
2025-06-12 02:34:00,70.7
2025-06-12 11:26:00,60.9
2025-06-12 19:13:00,49.82536769031651
2025-06-12 04:20:00,49.82536769031651
2025-06-12 18:48:00,8.7
2025-06-12 20:07:00,59.1
2025-06-12 06:26:00,44.5
2025-06-12 07:22:00,75.9
2025-06-12 16:23:00,92.8
2025-06-12 17:43:00,49.82536769031651
2025-06-12 17:17:00,31.0
2025-06-12 19:10:00,49.82536769031651
2025-06-12 23:53:00,49.82536769031651
2025-06-12 07:43:00,90.3
2025-06-12 14:57:00,98.9
2025-06-12 07:34:00,75.8
2025-06-12 08:50:00,37.6
2025-06-12 08:05:00,23.6
2025-06-12 20:12:00,75.9
2025-06-12 20:09:00,49.82536769031651
2025-06-12 15:08:00,82.6
2025-06-12 16:12:00,32.9
2025-06-12 15:12:00,37.3
2025-06-12 05:19:00,49.82536769031651
2025-06-12 16:32:00,52.9
2025-06-12 20:10:00,61.5
2025-06-12 19:35:00,27.4
2025-06-12 13:16:00,12.1
2025-06-12 04:00:00,40.7
2025-06-12 18:33:00,6.3
2025-06-12 06:19:00,89.3
2025-06-12 15:56:00,27.4
2025-06-12 15:01:00,98.3
2025-06-12 07:36:00,93.7
2025-06-12 11:48:00,49.82536769031651
2025-06-12 17:31:00,99.9
2025-06-12 22:49:00,49.82536769031651
2025-06-12 11:19:00,49.82536769031651
2025-06-12 05:11:00,11.3
2025-06-12 08:48:00,4.3
2025-06-12 03:57:00,75.0
2025-06-12 00:16:00,21.7
2025-06-12 09:04:00,49.82536769031651
2025-06-12 01:15:00,72.5
2025-06-12 09:55:00,79.5
2025-06-12 08:27:00,96.1
2025-06-12 06:40:00,73.1
2025-06-12 14:19:00,20.4
2025-06-12 05:51:00,82.0
2025-06-12 03:21:00,44.2
2025-06-12 13:46:00,5.0
2025-06-12 20:20:00,48.7
2025-06-12 15:56:00,49.82536769031651
2025-06-12 06:12:00,55.4
2025-06-12 06:51:00,82.6
2025-06-12 18:38:00,18.6
2025-06-12 14:15:00,49.82536769031651
2025-06-12 21:38:00,23.6
2025-06-12 16:18:00,56.3
2025-06-12 13:41:00,95.7
2025-06-12 07:21:00,7.2
2025-06-12 22:09:00,79.5
2025-06-12 08:35:00,44.3
2025-06-12 11:23:00,74.0
2025-06-12 08:33:00,52.3
2025-06-12 08:21:00,74.0
2025-06-12 03:21:00,42.4
2025-06-12 05:47:00,86.6
2025-06-12 19:38:00,54.5
2025-06-12 02:54:00,4.0
2025-06-12 19:21:00,74.5
2025-06-12 02:08:00,46.5
2025-06-12 10:35:00,14.2
2025-06-12 12:00:00,96.4
2025-06-12 03:18:00,29.5
2025-06-12 04:38:00,40.9
2025-06-12 15:51:00,93.3
2025-06-12 10:23:00,18.0
2025-06-12 00:09:00,96.1
2025-06-12 17:32:00,65.6
2025-06-12 18:46:00,74.3
2025-06-12 00:03:00,35.7
2025-06-12 16:33:00,49.0
2025-06-12 21:12:00,49.82536769031651
2025-06-12 05:14:00,77.2
2025-06-12 14:23:00,84.2
2025-06-12 11:49:00,73.3
2025-06-12 11:45:00,3.5
2025-06-12 16:12:00,50.9
2025-06-12 17:05:00,89.3
2025-06-12 16:32:00,8.5
2025-06-12 01:26:00,50.9
2025-06-12 16:28:00,7.7
2025-06-12 13:47:00,45.7
2025-06-12 12:35:00,19.2
2025-06-12 08:41:00,19.6
2025-06-12 22:32:00,49.82536769031651
2025-06-12 22:57:00,54.9
2025-06-12 15:59:00,49.82536769031651
2025-06-12 11:07:00,5.8
2025-06-12 07:55:00,39.3
2025-06-12 17:56:00,37.7
2025-06-12 00:55:00,75.8
2025-06-12 13:16:00,32.2
2025-06-12 18:52:00,49.82536769031651
2025-06-12 10:29:00,71.9
2025-06-12 12:44:00,49.3
2025-06-12 22:06:00,95.4
2025-06-12 12:08:00,27.3
2025-06-12 03:38:00,58.4
2025-06-12 18:08:00,24.0
2025-06-12 11:28:00,18.4
2025-06-12 17:20:00,61.3
2025-06-12 09:28:00,49.82536769031651
2025-06-12 21:53:00,25.1
2025-06-12 11:58:00,76.0
2025-06-12 15:54:00,45.4
2025-06-12 03:19:00,49.82536769031651
2025-06-12 15:21:00,49.82536769031651
2025-06-12 11:22:00,85.0
2025-06-12 09:25:00,32.5
2025-06-12 08:54:00,62.0
2025-06-12 10:23:00,27.7
2025-06-12 03:26:00,59.5
2025-06-12 00:44:00,65.8
2025-06-12 10:25:00,76.4
2025-06-12 08:28:00,93.9
2025-06-12 14:43:00,32.4
2025-06-12 01:19:00,48.7
2025-06-12 19:47:00,34.2
2025-06-12 17:06:00,82.8
2025-06-12 04:02:00,49.82536769031651
2025-06-12 07:56:00,6.3
2025-06-12 11:54:00,32.6
2025-06-12 22:19:00,26.7
2025-06-12 08:36:00,27.2
2025-06-12 12:47:00,38.2
2025-06-12 13:22:00,81.9
2025-06-12 21:17:00,93.8
2025-06-12 16:08:00,92.7
2025-06-12 12:45:00,97.3
2025-06-12 10:45:00,75.8
2025-06-12 06:40:00,49.82536769031651
2025-06-12 10:07:00,75.5
2025-06-12 14:31:00,25.0
2025-06-12 14:32:00,73.7
2025-06-12 07:15:00,90.3
2025-06-12 15:08:00,1.2
2025-06-12 20:41:00,84.1
2025-06-12 13:16:00,69.4
2025-06-12 05:55:00,36.1
2025-06-12 05:58:00,6.3
2025-06-12 10:14:00,98.1
2025-06-12 09:04:00,63.7
2025-06-12 17:21:00,34.3
2025-06-12 05:11:00,95.6
2025-06-12 12:24:00,8.0
2025-06-12 06:15:00,86.5
2025-06-12 17:23:00,67.8
2025-06-12 23:31:00,20.8
2025-06-12 02:30:00,25.9
2025-06-12 04:35:00,71.6
2025-06-12 04:51:00,59.9
2025-06-12 18:21:00,67.1
2025-06-12 11:01:00,77.0
2025-06-12 14:12:00,59.5
2025-06-12 23:34:00,49.82536769031651
2025-06-12 00:13:00,49.82536769031651
2025-06-12 23:38:00,94.0
2025-06-12 10:42:00,43.1
2025-06-12 23:50:00,50.7
2025-06-12 04:21:00,17.5
2025-06-12 15:21:00,16.5
2025-06-12 18:41:00,98.2
2025-06-12 16:45:00,45.5
2025-06-12 03:10:00,49.82536769031651
2025-06-12 21:08:00,49.82536769031651
2025-06-12 12:05:00,17.2
2025-06-12 00:46:00,35.4
2025-06-12 09:24:00,7.7
2025-06-12 23:29:00,50.10362276498773
2025-06-12 18:34:00,72.7
2025-06-12 06:39:00,60.8
2025-06-12 05:37:00,88.7
2025-06-12 13:07:00,69.3
2025-06-12 21:45:00,70.4
2025-06-12 13:32:00,81.6
2025-06-12 02:58:00,89.3
2025-06-12 01:44:00,96.6
2025-06-12 20:50:00,50.10362276498773
2025-06-12 02:30:00,7.1
2025-06-12 13:05:00,22.4
2025-06-12 14:45:00,72.6
2025-06-12 21:46:00,14.7
2025-06-12 22:33:00,81.2
2025-06-12 11:31:00,50.6
2025-06-12 00:15:00,55.6
2025-06-12 11:48:00,92.2
2025-06-12 17:35:00,50.10362276498773
2025-06-12 09:33:00,50.10362276498773
2025-06-12 07:12:00,43.1
2025-06-12 07:58:00,87.0
2025-06-12 14:51:00,82.8
2025-06-12 05:52:00,58.9
2025-06-12 06:32:00,77.1
2025-06-12 00:59:00,72.5
2025-06-12 18:17:00,4.9
2025-06-12 21:20:00,99.4
2025-06-12 19:43:00,15.8
2025-06-12 03:20:00,81.0
2025-06-12 20:35:00,23.1
2025-06-12 17:17:00,31.7
2025-06-12 09:29:00,13.8
2025-06-12 17:16:00,10.4
2025-06-12 21:47:00,50.10362276498773
2025-06-12 08:45:00,50.10362276498773
2025-06-12 10:04:00,15.0
2025-06-12 16:18:00,85.8
2025-06-12 09:45:00,92.4
2025-06-12 04:07:00,46.1
2025-06-12 07:29:00,54.2
2025-06-12 12:45:00,51.7
2025-06-12 08:10:00,50.10362276498773
2025-06-12 17:02:00,78.3
2025-06-12 12:46:00,84.4
2025-06-12 18:56:00,58.6
2025-06-12 22:31:00,27.1
2025-06-12 10:48:00,6.5
2025-06-12 05:35:00,26.1
2025-06-12 14:02:00,94.6
2025-06-12 12:35:00,50.10362276498773
2025-06-12 01:24:00,29.1
2025-06-12 04:52:00,50.10362276498773
2025-06-12 19:16:00,48.9
2025-06-12 04:48:00,9.0
2025-06-12 08:45:00,49.0
2025-06-12 15:56:00,93.7
2025-06-12 04:35:00,50.10362276498773
2025-06-12 11:55:00,0.7
2025-06-12 20:06:00,44.2
2025-06-12 04:01:00,50.10362276498773
2025-06-12 05:58:00,77.2
2025-06-12 04:01:00,24.4
2025-06-12 22:05:00,4.3
2025-06-12 11:04:00,50.10362276498773
2025-06-12 08:17:00,4.4
2025-06-12 14:37:00,50.10362276498773
2025-06-12 11:02:00,69.9
2025-06-12 08:09:00,23.9
2025-06-12 06:48:00,50.10362276498773
2025-06-12 23:29:00,43.1
2025-06-12 05:13:00,68.0
2025-06-12 07:01:00,42.7
2025-06-12 08:23:00,50.10362276498773
2025-06-12 13:42:00,43.7
2025-06-12 23:23:00,6.4
2025-06-12 19:03:00,50.10362276498773
2025-06-12 18:30:00,51.9
2025-06-12 06:02:00,24.1
2025-06-12 02:42:00,43.7
2025-06-12 06:45:00,39.1
2025-06-12 18:10:00,9.7
2025-06-12 01:13:00,81.7
2025-06-12 02:15:00,51.8
2025-06-12 06:32:00,94.7
2025-06-12 14:46:00,94.2
2025-06-12 09:58:00,33.6
2025-06-12 09:00:00,51.4
2025-06-12 20:18:00,4.3
2025-06-12 17:34:00,21.0
2025-06-12 14:12:00,57.5
2025-06-12 14:11:00,29.9
2025-06-12 07:40:00,51.1
2025-06-12 05:45:00,46.6
2025-06-12 12:06:00,37.1
2025-06-12 00:29:00,65.1
2025-06-12 09:27:00,85.9
2025-06-12 22:09:00,97.2
2025-06-12 14:07:00,50.10362276498773
2025-06-12 23:04:00,1.6
2025-06-12 08:43:00,77.9
2025-06-12 04:26:00,25.2
2025-06-12 19:08:00,50.10362276498773
2025-06-12 11:25:00,9.2
2025-06-12 12:22:00,36.8
2025-06-12 19:02:00,10.2
2025-06-12 10:22:00,5.4
2025-06-12 14:44:00,3.7
2025-06-12 00:33:00,70.2
2025-06-12 15:06:00,30.9
2025-06-12 06:15:00,32.8
2025-06-12 08:27:00,74.4
2025-06-12 07:24:00,85.0
2025-06-12 14:13:00,50.10362276498773
2025-06-12 21:58:00,66.2
2025-06-12 03:28:00,70.8
2025-06-12 21:35:00,71.4
2025-06-12 12:16:00,2.3
2025-06-12 18:52:00,10.8
2025-06-12 20:19:00,89.3
2025-06-12 14:58:00,88.5
2025-06-12 06:29:00,35.4
2025-06-12 09:24:00,33.3
2025-06-12 01:53:00,95.9
2025-06-12 21:41:00,32.5
2025-06-12 02:41:00,50.10362276498773
2025-06-12 02:54:00,26.2
2025-06-12 23:34:00,52.6
2025-06-12 16:16:00,88.6
2025-06-12 05:34:00,2.4
2025-06-12 21:57:00,81.2
2025-06-12 03:42:00,50.10362276498773
2025-06-12 11:44:00,42.0
2025-06-12 13:07:00,73.3
2025-06-12 21:26:00,17.0
2025-06-12 07:14:00,50.10362276498773
2025-06-12 16:35:00,50.10362276498773
2025-06-12 15:35:00,57.9
2025-06-12 22:01:00,13.9
2025-06-12 09:59:00,4.5
2025-06-12 11:01:00,75.7
2025-06-12 02:59:00,88.9
2025-06-12 09:22:00,50.10362276498773
2025-06-12 07:23:00,50.10362276498773
2025-06-12 15:45:00,96.7
2025-06-12 10:20:00,83.3
2025-06-12 05:50:00,7.5
2025-06-12 16:11:00,98.8
2025-06-12 01:52:00,72.8
2025-06-12 07:56:00,38.9
2025-06-12 15:24:00,49.1
2025-06-12 07:54:00,50.10362276498773
2025-06-12 21:30:00,50.10362276498773
2025-06-12 07:37:00,36.7
2025-06-12 10:53:00,45.9
2025-06-12 15:23:00,16.7
2025-06-12 14:34:00,56.6
2025-06-12 09:31:00,38.1
2025-06-12 04:02:00,50.3
2025-06-12 00:31:00,50.10362276498773
2025-06-12 22:39:00,17.2
2025-06-12 00:52:00,57.3
2025-06-12 11:57:00,6.8
2025-06-12 19:20:00,74.3
2025-06-12 07:37:00,96.1
2025-06-12 10:52:00,50.10362276498773
2025-06-12 18:16:00,50.10362276498773
2025-06-12 19:07:00,50.10362276498773
2025-06-12 23:53:00,34.9
2025-06-12 03:38:00,31.2
2025-06-12 17:40:00,81.7
2025-06-12 17:54:00,43.4
2025-06-12 22:30:00,5.3
2025-06-12 19:28:00,62.3
2025-06-12 14:02:00,50.10362276498773
2025-06-12 08:05:00,96.1
2025-06-12 11:29:00,16.4
2025-06-12 10:44:00,78.0
2025-06-12 04:13:00,50.10362276498773
2025-06-12 21:45:00,53.1
2025-06-12 19:52:00,16.5
2025-06-12 17:46:00,49.0
2025-06-12 19:21:00,9.9
2025-06-12 20:15:00,49.7
2025-06-12 19:05:00,43.9
2025-06-12 19:15:00,51.9
2025-06-12 06:51:00,50.10362276498773
2025-06-12 04:38:00,50.10362276498773
2025-06-12 02:26:00,2.9
2025-06-12 01:35:00,44.6
2025-06-12 03:09:00,3.1
2025-06-12 21:47:00,89.2
2025-06-12 17:25:00,49.2
2025-06-12 22:10:00,15.9
2025-06-12 17:36:00,81.8
2025-06-12 07:06:00,83.3
2025-06-12 00:27:00,32.3
2025-06-12 14:30:00,63.1
2025-06-12 08:26:00,63.0
2025-06-12 09:17:00,50.10362276498773
2025-06-12 02:26:00,16.6
2025-06-12 18:30:00,50.10362276498773
2025-06-12 05:51:00,50.10362276498773
2025-06-12 20:21:00,50.10362276498773
2025-06-12 08:58:00,19.8
2025-06-12 20:58:00,50.10362276498773
2025-06-12 06:04:00,50.10362276498773
2025-06-12 18:51:00,50.10362276498773
2025-06-12 10:56:00,50.10362276498773
2025-06-12 11:07:00,50.10362276498773
2025-06-12 22:52:00,50.10362276498773
2025-06-12 12:59:00,62.4
2025-06-12 16:14:00,48.6
2025-06-12 21:47:00,2.8
2025-06-12 20:39:00,11.8
2025-06-12 03:18:00,75.3
2025-06-12 22:35:00,50.10362276498773
2025-06-12 14:07:00,71.7
2025-06-12 17:37:00,53.0
2025-06-12 20:44:00,59.7
2025-06-12 02:26:00,86.1
2025-06-12 03:17:00,6.9
2025-06-12 08:00:00,20.0
2025-06-12 21:03:00,38.8
2025-06-12 05:50:00,5.5
2025-06-12 00:48:00,87.4
2025-06-12 04:35:00,10.9
2025-06-12 07:42:00,78.8
2025-06-12 12:27:00,84.5
2025-06-12 15:14:00,50.10362276498773
2025-06-12 06:49:00,43.3
2025-06-12 13:10:00,50.10362276498773
2025-06-12 14:39:00,45.7
2025-06-12 05:26:00,29.9
2025-06-12 02:52:00,78.2
2025-06-12 21:29:00,88.3
2025-06-12 07:33:00,50.10362276498773
2025-06-12 04:03:00,50.10362276498773
2025-06-12 19:18:00,6.1
2025-06-12 02:02:00,58.4
2025-06-12 19:21:00,49.5
2025-06-12 03:57:00,43.4
2025-06-12 10:35:00,47.9
2025-06-12 18:26:00,25.0
2025-06-12 01:18:00,54.9
2025-06-12 19:58:00,98.2
2025-06-12 07:52:00,37.4
2025-06-12 08:56:00,26.6
2025-06-12 11:06:00,37.0
2025-06-12 21:45:00,50.10362276498773
2025-06-12 07:31:00,50.0
2025-06-12 07:05:00,6.7
2025-06-12 20:07:00,45.7
2025-06-12 20:27:00,75.5
2025-06-12 08:02:00,31.2
2025-06-12 00:06:00,54.2
2025-06-12 15:34:00,50.10362276498773
2025-06-12 05:02:00,0.2
2025-06-12 20:19:00,19.6
2025-06-12 12:43:00,69.6
2025-06-12 00:17:00,53.9
2025-06-12 07:56:00,62.3
2025-06-12 23:54:00,37.5
2025-06-12 16:47:00,38.4
2025-06-12 16:43:00,5.8
2025-06-12 19:37:00,97.6
2025-06-12 22:47:00,17.8
2025-06-12 15:37:00,79.4
2025-06-12 06:07:00,98.4
2025-06-12 12:19:00,21.8
2025-06-12 16:51:00,43.8
2025-06-12 01:40:00,50.10362276498773
2025-06-12 01:33:00,83.7
2025-06-12 02:44:00,50.10362276498773
2025-06-12 14:07:00,63.1
2025-06-12 03:44:00,13.6
2025-06-12 13:43:00,71.0
2025-06-12 10:41:00,40.3
2025-06-12 06:08:00,22.3
2025-06-12 02:32:00,71.0
2025-06-12 00:20:00,76.6
2025-06-12 19:54:00,50.10362276498773
2025-06-12 18:40:00,50.10362276498773
2025-06-12 04:40:00,56.4
2025-06-12 20:42:00,59.9
2025-06-12 05:07:00,37.6
2025-06-12 10:52:00,63.4
2025-06-12 12:57:00,50.10362276498773
2025-06-12 04:51:00,50.10362276498773
2025-06-12 17:58:00,3.7
2025-06-12 07:45:00,44.0
2025-06-12 02:23:00,58.1
2025-06-12 20:33:00,92.4
2025-06-12 00:00:00,61.6
2025-06-12 08:28:00,73.2
2025-06-12 00:06:00,84.6
2025-06-12 00:35:00,44.3
2025-06-12 13:15:00,10.9
2025-06-12 08:42:00,63.0
2025-06-12 06:30:00,24.1
2025-06-12 18:56:00,71.5
2025-06-12 19:18:00,34.6
2025-06-12 16:20:00,83.4
2025-06-12 12:08:00,32.7
2025-06-12 08:11:00,35.3
2025-06-12 07:00:00,72.6
2025-06-12 01:54:00,23.2
2025-06-12 09:28:00,50.10362276498773
2025-06-12 21:30:00,37.1
2025-06-12 08:43:00,40.0
2025-06-12 15:11:00,42.3
2025-06-12 08:18:00,72.3
2025-06-12 14:25:00,27.3
2025-06-12 23:57:00,44.0
2025-06-12 20:40:00,97.4
2025-06-12 22:51:00,50.10362276498773
2025-06-12 13:31:00,6.6
2025-06-12 20:22:00,69.3
2025-06-12 04:02:00,12.0
2025-06-12 18:08:00,84.7
2025-06-12 10:15:00,51.1
2025-06-12 17:35:00,46.9
2025-06-12 19:34:00,86.0
2025-06-12 16:26:00,51.4
2025-06-12 19:18:00,37.2
2025-06-12 15:02:00,27.2
2025-06-12 21:49:00,63.0
2025-06-12 17:53:00,73.1
2025-06-12 11:32:00,35.1
2025-06-12 18:24:00,99.2
2025-06-12 11:18:00,62.2
2025-06-12 23:22:00,20.1
2025-06-12 09:59:00,85.5
2025-06-12 13:11:00,56.7
2025-06-12 19:06:00,34.8
2025-06-12 05:47:00,79.3
2025-06-12 12:03:00,50.10362276498773
2025-06-12 07:57:00,77.8
2025-06-12 15:21:00,60.9
2025-06-12 15:44:00,98.8
2025-06-12 12:18:00,97.0
2025-06-12 19:51:00,13.3
2025-06-12 17:10:00,13.0
2025-06-12 20:13:00,50.10362276498773
2025-06-12 20:58:00,81.3
2025-06-12 01:40:00,43.4
2025-06-12 05:45:00,52.8
2025-06-12 18:29:00,5.9
2025-06-12 05:04:00,43.8
2025-06-12 21:53:00,82.1
2025-06-12 18:14:00,34.6
2025-06-12 13:08:00,78.8
2025-06-12 13:30:00,2.1
2025-06-12 04:11:00,56.6
2025-06-12 06:38:00,93.4
2025-06-12 23:20:00,83.0
2025-06-12 06:22:00,53.3
2025-06-12 03:33:00,40.5
2025-06-12 02:31:00,50.12327810650887
2025-06-12 22:41:00,63.5
2025-06-12 09:16:00,74.3
2025-06-12 02:38:00,4.2
2025-06-12 08:38:00,17.2
2025-06-12 07:23:00,88.7
2025-06-12 10:31:00,75.1
2025-06-12 10:12:00,50.12327810650887
2025-06-12 12:55:00,83.4
2025-06-12 21:52:00,22.0
2025-06-12 03:22:00,50.12327810650887
2025-06-12 17:11:00,50.12327810650887
2025-06-12 19:56:00,50.3
2025-06-12 17:52:00,16.1
2025-06-12 23:05:00,40.7
2025-06-12 18:55:00,15.5
2025-06-12 00:30:00,2.1
2025-06-12 05:47:00,8.5
2025-06-12 08:37:00,13.1
2025-06-12 23:05:00,3.7
2025-06-12 16:31:00,72.8
2025-06-12 21:59:00,49.3
2025-06-12 13:27:00,50.12327810650887
2025-06-12 03:30:00,14.2
2025-06-12 17:02:00,88.0
2025-06-12 17:47:00,50.12327810650887
2025-06-12 05:17:00,34.3
2025-06-12 05:28:00,69.6
2025-06-12 03:47:00,9.1
2025-06-12 02:18:00,32.8
2025-06-12 14:43:00,50.12327810650887
2025-06-12 23:00:00,17.0
2025-06-12 09:10:00,92.7
2025-06-12 03:32:00,12.8
2025-06-12 07:55:00,52.9
2025-06-12 12:20:00,1.7
2025-06-12 20:37:00,39.1
2025-06-12 05:24:00,27.9
2025-06-12 03:53:00,50.12327810650887
2025-06-12 20:08:00,10.6
2025-06-12 12:31:00,71.9
2025-06-12 18:57:00,9.3
2025-06-12 21:50:00,34.5
2025-06-12 08:14:00,14.6
2025-06-12 08:05:00,67.4
2025-06-12 04:52:00,50.12327810650887
2025-06-12 04:41:00,45.5
2025-06-12 17:08:00,21.4
2025-06-12 11:31:00,90.3
2025-06-12 02:24:00,50.12327810650887
2025-06-12 01:38:00,69.7
2025-06-12 01:12:00,71.4
2025-06-12 18:18:00,5.3
2025-06-12 16:32:00,66.4
2025-06-12 12:39:00,64.2
2025-06-12 23:52:00,37.7
2025-06-12 13:32:00,2.9
2025-06-12 08:57:00,9.2
2025-06-12 23:25:00,56.7
2025-06-12 11:47:00,50.12327810650887
2025-06-12 04:39:00,67.4
2025-06-12 02:43:00,35.2
2025-06-12 17:29:00,36.9
2025-06-12 21:14:00,91.1
2025-06-12 17:32:00,55.3
2025-06-12 23:46:00,16.7
2025-06-12 21:58:00,2.3
2025-06-12 15:18:00,41.1
2025-06-12 08:00:00,48.2
2025-06-12 22:42:00,8.3
2025-06-12 05:22:00,97.5
2025-06-12 14:08:00,50.8
2025-06-12 01:41:00,51.7
2025-06-12 01:48:00,3.5
2025-06-12 06:41:00,50.12327810650887
2025-06-12 15:47:00,77.0
2025-06-12 16:57:00,98.4
2025-06-12 13:25:00,86.3
2025-06-12 10:55:00,84.2
2025-06-12 14:53:00,61.8
2025-06-12 16:26:00,76.6
2025-06-12 06:08:00,38.0
2025-06-12 17:21:00,91.4
2025-06-12 19:24:00,82.5
2025-06-12 02:46:00,24.1
2025-06-12 03:22:00,13.1
2025-06-12 06:13:00,83.9
2025-06-12 18:14:00,1.6
2025-06-12 04:43:00,35.8
2025-06-12 00:13:00,0.1
2025-06-12 11:36:00,93.5
2025-06-12 11:10:00,52.8
2025-06-12 15:30:00,92.0
2025-06-12 18:21:00,55.2
2025-06-12 05:13:00,54.7
2025-06-12 09:52:00,7.2
2025-06-12 18:34:00,99.1
2025-06-12 10:22:00,89.0
2025-06-12 15:36:00,1.4
2025-06-12 11:55:00,52.8
2025-06-12 11:50:00,64.0
2025-06-12 08:07:00,89.1
2025-06-12 03:35:00,70.7
2025-06-12 04:37:00,90.6
2025-06-12 14:13:00,89.7
2025-06-12 16:14:00,65.4
2025-06-12 03:59:00,50.12327810650887
2025-06-12 09:47:00,10.7
2025-06-12 19:15:00,34.9
2025-06-12 14:25:00,3.0
2025-06-12 02:11:00,49.2
2025-06-12 14:26:00,81.6
2025-06-12 02:37:00,58.5
2025-06-12 10:53:00,16.8
2025-06-12 06:10:00,50.12327810650887
2025-06-12 02:28:00,32.4
2025-06-12 02:29:00,30.1
2025-06-12 08:56:00,0.4
2025-06-12 14:45:00,88.5
2025-06-12 20:03:00,39.6
2025-06-12 10:42:00,93.4
2025-06-12 21:30:00,98.5
2025-06-12 13:45:00,53.9
2025-06-12 21:33:00,69.1
2025-06-12 01:07:00,66.8
2025-06-12 09:34:00,95.9
2025-06-12 22:08:00,7.5
2025-06-12 07:29:00,71.8
2025-06-12 03:41:00,90.0
2025-06-12 11:44:00,11.8
2025-06-12 01:31:00,50.12327810650887
2025-06-12 15:58:00,85.5
2025-06-12 14:38:00,59.9
2025-06-12 16:13:00,24.6
2025-06-12 10:18:00,50.12327810650887
2025-06-12 00:25:00,68.6
2025-06-12 15:52:00,68.0
2025-06-12 04:00:00,38.4
2025-06-12 05:28:00,38.8
2025-06-12 04:16:00,69.8
2025-06-12 10:46:00,81.6
2025-06-12 15:09:00,50.12327810650887
2025-06-12 03:30:00,16.8
2025-06-12 14:15:00,13.1
2025-06-12 08:52:00,34.6
2025-06-12 07:46:00,50.12327810650887
2025-06-12 05:38:00,72.8
2025-06-12 00:37:00,76.0
2025-06-12 17:39:00,85.7
2025-06-12 14:24:00,50.12327810650887
2025-06-12 08:14:00,14.8
2025-06-12 10:23:00,95.0
2025-06-12 01:28:00,0.3
2025-06-12 05:22:00,77.2
2025-06-12 00:12:00,88.3
2025-06-12 09:31:00,3.6
2025-06-12 06:30:00,16.9
2025-06-12 23:58:00,4.5
2025-06-12 12:39:00,50.12327810650887
2025-06-12 05:33:00,25.9
2025-06-12 15:25:00,77.5
2025-06-12 00:51:00,1.5
2025-06-12 12:56:00,76.2
2025-06-12 17:48:00,70.0
2025-06-12 12:48:00,50.12327810650887
2025-06-12 21:42:00,75.2
2025-06-12 16:04:00,9.8
2025-06-12 14:20:00,35.0
2025-06-12 13:06:00,21.8
2025-06-12 22:49:00,71.8
2025-06-12 10:23:00,32.5
2025-06-12 03:28:00,50.3
2025-06-12 05:42:00,50.12327810650887
2025-06-12 23:53:00,48.4
2025-06-12 10:18:00,50.12327810650887
2025-06-12 01:20:00,84.7
2025-06-12 10:16:00,67.4
2025-06-12 04:38:00,71.8
2025-06-12 17:14:00,42.8
2025-06-12 03:46:00,49.3
2025-06-12 13:38:00,36.0
2025-06-12 02:02:00,31.8
2025-06-12 21:15:00,90.3
2025-06-12 14:01:00,98.3
2025-06-12 05:50:00,96.7
2025-06-12 10:49:00,60.1
2025-06-12 22:12:00,30.8
2025-06-12 09:08:00,22.8
2025-06-12 10:01:00,48.0
2025-06-12 23:49:00,29.7
2025-06-12 11:18:00,92.8
2025-06-12 04:23:00,20.4
2025-06-12 22:45:00,50.12327810650887
2025-06-12 00:31:00,28.8
2025-06-12 21:44:00,30.6
2025-06-12 21:57:00,0.5
2025-06-12 00:35:00,43.2
2025-06-12 12:13:00,74.4
2025-06-12 21:37:00,88.7
2025-06-12 22:26:00,3.7
2025-06-12 22:22:00,48.1
2025-06-12 06:04:00,53.1
2025-06-12 21:51:00,43.5
2025-06-12 03:18:00,9.2
2025-06-12 20:24:00,50.12327810650887
2025-06-12 15:34:00,57.7
2025-06-12 20:00:00,69.9
2025-06-12 11:45:00,98.1
2025-06-12 10:30:00,73.2
2025-06-12 03:09:00,88.9
2025-06-12 01:17:00,50.12327810650887
2025-06-12 18:46:00,37.2
2025-06-12 01:08:00,33.1
2025-06-12 01:56:00,2.8
2025-06-12 01:07:00,52.1
2025-06-12 19:17:00,28.3
2025-06-12 10:20:00,95.1
2025-06-12 05:20:00,30.2
2025-06-12 14:17:00,50.12327810650887
2025-06-12 18:14:00,96.1
2025-06-12 14:52:00,50.12327810650887
2025-06-12 07:22:00,89.9
2025-06-12 22:39:00,39.7
2025-06-12 02:49:00,98.4
2025-06-12 10:25:00,8.1
2025-06-12 11:17:00,5.3
2025-06-12 10:54:00,63.8
2025-06-12 22:17:00,91.1
2025-06-12 07:01:00,80.8
2025-06-12 15:27:00,8.4
2025-06-12 22:43:00,11.0
2025-06-12 00:36:00,67.5
2025-06-12 14:42:00,68.6
2025-06-12 04:29:00,32.2
2025-06-12 23:03:00,91.8
2025-06-12 01:50:00,95.2
2025-06-12 09:50:00,54.0
2025-06-12 06:56:00,66.5
2025-06-12 02:54:00,50.12327810650887
2025-06-12 16:30:00,36.8
2025-06-12 05:42:00,90.3
2025-06-12 01:52:00,77.6
2025-06-12 17:55:00,70.9
2025-06-12 12:16:00,93.5
2025-06-12 22:01:00,77.7
2025-06-12 09:35:00,35.1
2025-06-12 19:12:00,57.1
2025-06-12 10:56:00,11.4
2025-06-12 02:44:00,41.8
2025-06-12 23:34:00,59.9
2025-06-12 23:14:00,34.5
2025-06-12 10:03:00,53.4
2025-06-12 04:29:00,19.7
2025-06-12 03:51:00,50.12327810650887
2025-06-12 13:35:00,16.3
2025-06-12 21:05:00,68.2
2025-06-12 20:30:00,29.3
2025-06-12 18:19:00,94.7
2025-06-12 23:08:00,80.9
2025-06-12 09:00:00,68.0
2025-06-12 01:50:00,50.12327810650887
2025-06-12 17:54:00,72.2
2025-06-12 02:54:00,15.7
2025-06-12 13:33:00,10.1
2025-06-12 09:23:00,39.1
2025-06-12 03:03:00,6.6
2025-06-12 17:21:00,52.9
2025-06-12 09:59:00,10.9
2025-06-12 14:17:00,85.9
2025-06-12 11:56:00,86.8
2025-06-12 10:51:00,4.0
2025-06-12 07:30:00,45.5
2025-06-12 16:41:00,50.12327810650887
2025-06-12 03:30:00,43.1
2025-06-12 12:13:00,50.12327810650887
2025-06-12 23:35:00,50.12327810650887
2025-06-12 12:36:00,46.1
2025-06-12 09:46:00,95.1
2025-06-12 00:01:00,63.7
2025-06-12 14:24:00,48.1
2025-06-12 07:18:00,54.9
2025-06-12 15:28:00,0.3
2025-06-12 21:55:00,91.9
2025-06-12 17:06:00,50.12327810650887
2025-06-12 02:37:00,71.7
2025-06-12 10:54:00,7.9
2025-06-12 20:34:00,50.12327810650887
2025-06-12 09:53:00,29.9
2025-06-12 10:00:00,90.4
2025-06-12 01:20:00,44.3
2025-06-12 07:00:00,77.9
2025-06-12 22:51:00,66.0
2025-06-12 22:16:00,75.6
2025-06-12 23:33:00,20.5
2025-06-12 21:16:00,10.2
2025-06-12 15:39:00,50.12327810650887
2025-06-12 22:25:00,0.3
2025-06-12 20:17:00,66.1
2025-06-12 09:12:00,18.0
2025-06-12 15:40:00,77.4
2025-06-12 19:34:00,77.9
2025-06-12 14:48:00,49.63956792297757
2025-06-12 02:38:00,14.1
2025-06-12 14:09:00,66.0
2025-06-12 18:30:00,71.3
2025-06-12 23:29:00,32.2
2025-06-12 00:30:00,34.7
2025-06-12 05:00:00,12.8
2025-06-12 22:37:00,97.1
2025-06-12 02:54:00,20.1
2025-06-12 14:39:00,45.8
2025-06-12 22:48:00,73.1
2025-06-12 14:55:00,89.2
2025-06-12 08:28:00,81.3
2025-06-12 23:11:00,90.3
2025-06-12 07:51:00,10.3
2025-06-12 23:50:00,61.3
2025-06-12 18:19:00,22.0
2025-06-12 22:33:00,41.9
2025-06-12 02:45:00,31.2
2025-06-12 17:50:00,24.2
2025-06-12 10:55:00,9.0
2025-06-12 20:55:00,49.63956792297757
2025-06-12 08:13:00,98.4
2025-06-12 04:33:00,97.1
2025-06-12 05:29:00,2.7
2025-06-12 14:42:00,17.3
2025-06-12 18:43:00,10.2
2025-06-12 13:52:00,66.7
2025-06-12 04:35:00,12.4
2025-06-12 21:28:00,49.0
2025-06-12 03:08:00,95.1
2025-06-12 20:35:00,16.4
2025-06-12 07:42:00,19.5
2025-06-12 21:52:00,29.6
2025-06-12 15:26:00,89.1
2025-06-12 03:33:00,83.5
2025-06-12 20:56:00,13.0
2025-06-12 23:45:00,43.3
2025-06-12 05:41:00,50.5
2025-06-12 16:48:00,8.7
2025-06-12 07:16:00,5.6
2025-06-12 14:39:00,96.2
2025-06-12 14:48:00,31.4
2025-06-12 16:55:00,45.8
2025-06-12 17:52:00,46.8
2025-06-12 10:57:00,49.63956792297757
2025-06-12 10:38:00,76.6
2025-06-12 13:52:00,94.4
2025-06-12 17:34:00,63.9
2025-06-12 05:05:00,41.3
2025-06-12 01:42:00,73.8
2025-06-12 00:27:00,84.8
2025-06-12 08:16:00,58.9
2025-06-12 09:11:00,2.1
2025-06-12 02:39:00,19.8
2025-06-12 13:27:00,49.63956792297757
2025-06-12 02:56:00,37.0
2025-06-12 16:14:00,0.7
2025-06-12 00:45:00,20.9
2025-06-12 17:19:00,88.9
2025-06-12 15:19:00,52.3
2025-06-12 05:39:00,55.9
2025-06-12 08:33:00,3.0
2025-06-12 09:00:00,3.1
2025-06-12 19:38:00,16.8
2025-06-12 05:30:00,83.9
2025-06-12 03:43:00,80.3
2025-06-12 07:41:00,47.5
2025-06-12 15:13:00,42.4
2025-06-12 07:25:00,97.6
2025-06-12 00:25:00,12.8
2025-06-12 03:47:00,62.8
2025-06-12 14:51:00,4.5
2025-06-12 13:53:00,27.1
2025-06-12 07:16:00,89.5
2025-06-12 14:27:00,49.9
2025-06-12 04:58:00,40.2
2025-06-12 20:31:00,47.1
2025-06-12 22:55:00,77.6
2025-06-12 00:21:00,46.6
2025-06-12 13:29:00,80.4
2025-06-12 05:46:00,49.63956792297757
2025-06-12 00:26:00,49.63956792297757
2025-06-12 11:02:00,9.6
2025-06-12 01:42:00,49.63956792297757
2025-06-12 07:15:00,77.0
2025-06-12 21:00:00,70.2
2025-06-12 08:56:00,13.0
2025-06-12 22:24:00,14.3
2025-06-12 13:43:00,82.0
2025-06-12 17:20:00,38.0
2025-06-12 06:12:00,54.0
2025-06-12 23:09:00,34.0
2025-06-12 17:09:00,50.1
2025-06-12 22:42:00,49.63956792297757
2025-06-12 10:31:00,76.7
2025-06-12 13:37:00,24.9
2025-06-12 21:24:00,40.6
2025-06-12 20:55:00,22.3
2025-06-12 02:13:00,44.3
2025-06-12 18:20:00,3.8
2025-06-12 23:15:00,27.6
2025-06-12 01:46:00,22.8
2025-06-12 13:01:00,49.63956792297757
2025-06-12 12:10:00,72.4
2025-06-12 12:43:00,97.4
2025-06-12 14:23:00,24.5
2025-06-12 03:22:00,93.3
2025-06-12 14:56:00,58.0
2025-06-12 16:15:00,98.0
2025-06-12 13:45:00,38.7
2025-06-12 10:54:00,28.1
2025-06-12 01:52:00,98.0
2025-06-12 16:55:00,0.8
2025-06-12 14:11:00,99.7
2025-06-12 03:21:00,37.0
2025-06-12 15:21:00,75.2
2025-06-12 13:01:00,71.6
2025-06-12 09:29:00,38.8
2025-06-12 06:29:00,94.6
2025-06-12 00:04:00,23.1
2025-06-12 21:31:00,18.9
2025-06-12 19:52:00,9.6
2025-06-12 15:08:00,56.0
2025-06-12 02:43:00,8.3
2025-06-12 11:35:00,22.0
2025-06-12 22:05:00,26.0
2025-06-12 13:09:00,49.63956792297757
2025-06-12 04:06:00,62.5
2025-06-12 11:31:00,49.63956792297757
2025-06-12 02:56:00,22.8
2025-06-12 09:02:00,95.4
2025-06-12 15:13:00,71.7
2025-06-12 16:53:00,49.63956792297757
2025-06-12 05:00:00,36.5
2025-06-12 00:43:00,49.63956792297757
2025-06-12 14:42:00,65.4
2025-06-12 14:56:00,8.9
2025-06-12 01:50:00,49.63956792297757
2025-06-12 05:54:00,22.2
2025-06-12 13:45:00,14.3
2025-06-12 16:42:00,80.2
2025-06-12 16:33:00,22.3
2025-06-12 17:23:00,19.5
2025-06-12 10:44:00,62.0
2025-06-12 01:26:00,2.0
2025-06-12 02:27:00,69.1
2025-06-12 12:02:00,49.63956792297757
2025-06-12 18:59:00,43.5
2025-06-12 21:27:00,32.8
2025-06-12 13:38:00,19.9
2025-06-12 18:51:00,53.2
2025-06-12 05:51:00,19.3
2025-06-12 01:08:00,25.3
2025-06-12 21:02:00,97.9
2025-06-12 02:24:00,45.0
2025-06-12 08:28:00,49.63956792297757
2025-06-12 11:26:00,0.5
2025-06-12 18:08:00,69.0
2025-06-12 22:48:00,89.2
2025-06-12 13:52:00,74.1
2025-06-12 17:15:00,49.63956792297757
2025-06-12 06:58:00,5.4
2025-06-12 10:22:00,68.0
2025-06-12 14:44:00,79.3
2025-06-12 20:36:00,43.4
2025-06-12 22:36:00,49.63956792297757
2025-06-12 12:38:00,21.2
2025-06-12 16:27:00,12.8
2025-06-12 07:36:00,55.5
2025-06-12 23:59:00,49.63956792297757
2025-06-12 11:39:00,28.2
2025-06-12 11:13:00,66.7
2025-06-12 15:40:00,90.6
2025-06-12 06:16:00,81.5
2025-06-12 14:58:00,19.5
2025-06-12 20:51:00,71.3
2025-06-12 08:34:00,29.5
2025-06-12 05:50:00,21.0
2025-06-12 10:59:00,54.6
2025-06-12 18:05:00,13.7
2025-06-12 07:36:00,45.5
2025-06-12 13:00:00,83.5
2025-06-12 20:17:00,6.1
2025-06-12 19:45:00,61.4
2025-06-12 07:56:00,41.7
2025-06-12 04:45:00,19.3
2025-06-12 16:12:00,92.4
2025-06-12 23:01:00,49.63956792297757
2025-06-12 12:09:00,60.3
2025-06-12 10:24:00,96.8
2025-06-12 19:37:00,92.7
2025-06-12 19:00:00,93.5
2025-06-12 15:06:00,17.0
2025-06-12 11:47:00,82.3
2025-06-12 12:24:00,41.9
2025-06-12 10:04:00,0.0
2025-06-12 23:55:00,49.63956792297757
2025-06-12 05:18:00,57.3
2025-06-12 09:15:00,58.6
2025-06-12 04:04:00,5.5
2025-06-12 13:25:00,58.8
2025-06-12 20:36:00,23.5
2025-06-12 01:03:00,49.63956792297757
2025-06-12 09:15:00,8.9
2025-06-12 11:23:00,49.63956792297757
2025-06-12 06:53:00,91.7
2025-06-12 02:37:00,38.2
2025-06-12 05:55:00,85.2
2025-06-12 23:00:00,0.5
2025-06-12 00:33:00,86.6
2025-06-12 04:12:00,16.8
2025-06-12 15:00:00,7.9
2025-06-12 15:52:00,95.8
2025-06-12 09:24:00,97.0
2025-06-12 21:36:00,76.1
2025-06-12 03:52:00,24.6
2025-06-12 01:01:00,81.5
2025-06-12 15:45:00,79.9
2025-06-12 06:18:00,49.63956792297757
2025-06-12 13:51:00,80.3
2025-06-12 06:22:00,77.1
2025-06-12 21:39:00,49.63956792297757
2025-06-12 08:17:00,48.0
2025-06-12 07:02:00,1.2
2025-06-12 06:13:00,58.2
2025-06-12 23:29:00,41.6
2025-06-12 16:30:00,4.6
2025-06-12 04:54:00,34.3
2025-06-12 04:48:00,38.2
2025-06-12 04:31:00,98.6
2025-06-12 15:12:00,49.63956792297757
2025-06-12 17:45:00,73.9
2025-06-12 15:52:00,42.6
2025-06-12 08:14:00,15.6
2025-06-12 22:09:00,49.63956792297757
2025-06-12 15:36:00,97.2
2025-06-12 22:23:00,55.2
2025-06-12 09:37:00,28.7
2025-06-12 19:30:00,49.63956792297757
2025-06-12 18:07:00,91.4
2025-06-12 18:58:00,49.63956792297757
2025-06-12 04:00:00,4.7
2025-06-12 22:23:00,49.63956792297757
2025-06-12 02:33:00,16.2
2025-06-12 10:32:00,70.1
2025-06-12 11:14:00,19.5
2025-06-12 23:28:00,87.8
2025-06-12 08:44:00,57.6
2025-06-12 03:56:00,1.6
2025-06-12 09:48:00,69.5
2025-06-12 01:52:00,51.5
2025-06-12 20:28:00,54.6
2025-06-12 01:04:00,82.9
2025-06-12 20:16:00,30.8
2025-06-12 14:53:00,37.4
2025-06-12 16:07:00,78.6
2025-06-12 01:30:00,77.0
2025-06-12 06:41:00,30.7
2025-06-12 18:55:00,18.2
2025-06-12 18:41:00,8.1
2025-06-12 21:28:00,44.1
2025-06-12 02:39:00,49.63956792297757
2025-06-12 05:34:00,65.6
2025-06-12 07:02:00,99.5
2025-06-12 11:11:00,49.63956792297757
2025-06-12 20:44:00,3.7
2025-06-12 01:51:00,49.63956792297757
2025-06-12 06:29:00,49.63956792297757
2025-06-12 05:16:00,69.0
2025-06-12 13:26:00,3.1
2025-06-12 08:43:00,49.63956792297757
2025-06-12 21:05:00,49.63956792297757
2025-06-12 21:47:00,88.0
2025-06-12 19:23:00,5.6
2025-06-12 07:08:00,84.1
2025-06-12 00:12:00,63.7
2025-06-12 07:07:00,93.5
2025-06-12 09:01:00,15.4
2025-06-12 06:18:00,30.0
2025-06-12 18:17:00,23.6
2025-06-12 03:42:00,56.3
2025-06-12 03:28:00,79.3
2025-06-12 01:59:00,59.0
2025-06-12 03:42:00,38.7
2025-06-12 05:07:00,60.9
2025-06-12 15:51:00,15.4
2025-06-12 15:49:00,48.2
2025-06-12 13:59:00,31.4
2025-06-12 08:56:00,28.7
2025-06-12 13:55:00,52.2
2025-06-12 18:33:00,56.8
2025-06-12 03:40:00,49.63956792297757
2025-06-12 12:14:00,3.0
2025-06-12 22:24:00,40.1
2025-06-12 10:25:00,39.9
2025-06-12 00:23:00,19.8
2025-06-12 23:17:00,10.7
2025-06-12 09:19:00,73.4
2025-06-12 11:49:00,37.6
2025-06-12 12:59:00,49.63956792297757
2025-06-12 23:38:00,57.8
2025-06-12 21:08:00,28.9
2025-06-12 02:59:00,41.3
2025-06-12 03:45:00,64.6
2025-06-12 13:40:00,64.7
2025-06-12 14:37:00,49.8
2025-06-12 12:51:00,88.4
2025-06-12 05:06:00,50.29152382078261
2025-06-12 02:47:00,51.4
2025-06-12 01:20:00,72.9
2025-06-12 16:46:00,82.7
2025-06-12 01:35:00,64.0
2025-06-12 19:38:00,87.2
2025-06-12 15:48:00,20.2
2025-06-12 07:19:00,10.7
2025-06-12 04:11:00,48.2
2025-06-12 19:32:00,66.4
2025-06-12 02:06:00,39.6
2025-06-12 00:33:00,79.9
2025-06-12 02:02:00,55.0
2025-06-12 00:52:00,48.3
2025-06-12 18:01:00,94.8
2025-06-12 18:20:00,77.7
2025-06-12 18:21:00,85.6
2025-06-12 14:34:00,91.0
2025-06-12 11:50:00,5.7
2025-06-12 18:39:00,82.6
2025-06-12 16:56:00,40.7
2025-06-12 03:37:00,10.4
2025-06-12 02:51:00,50.29152382078261
2025-06-12 22:32:00,20.9
2025-06-12 14:19:00,89.8
2025-06-12 11:20:00,80.3
2025-06-12 21:11:00,87.0
2025-06-12 01:51:00,6.7
2025-06-12 20:13:00,8.0
2025-06-12 17:49:00,98.1
2025-06-12 05:40:00,39.4
2025-06-12 13:16:00,73.4
2025-06-12 02:35:00,29.0
2025-06-12 01:49:00,65.9
2025-06-12 14:17:00,50.29152382078261
2025-06-12 00:12:00,59.6
2025-06-12 22:13:00,30.1
2025-06-12 14:48:00,64.7
2025-06-12 18:16:00,34.5
2025-06-12 03:51:00,32.9
2025-06-12 22:52:00,43.6
2025-06-12 18:20:00,50.29152382078261
2025-06-12 19:24:00,46.9
2025-06-12 13:45:00,50.29152382078261
2025-06-12 17:43:00,91.9
2025-06-12 19:12:00,50.29152382078261
2025-06-12 06:11:00,35.1
2025-06-12 15:39:00,67.6
2025-06-12 09:47:00,3.9
2025-06-12 00:19:00,26.0
2025-06-12 13:53:00,65.3
2025-06-12 12:37:00,2.9
2025-06-12 04:21:00,90.0
2025-06-12 15:41:00,99.9
2025-06-12 10:32:00,24.0
2025-06-12 16:07:00,42.3
2025-06-12 23:58:00,15.5
2025-06-12 09:35:00,71.6
2025-06-12 13:46:00,59.7
2025-06-12 21:16:00,64.3
2025-06-12 16:53:00,69.2
2025-06-12 09:55:00,37.8
2025-06-12 20:33:00,22.8
2025-06-12 07:11:00,91.6
2025-06-12 01:43:00,62.1
2025-06-12 10:33:00,96.3
2025-06-12 10:26:00,0.7
2025-06-12 17:12:00,98.9
2025-06-12 15:00:00,91.2
2025-06-12 19:38:00,4.2
2025-06-12 15:11:00,79.6
2025-06-12 12:07:00,62.6
2025-06-12 20:24:00,86.9
2025-06-12 00:05:00,70.1
2025-06-12 22:07:00,50.29152382078261
2025-06-12 18:27:00,45.1
2025-06-12 09:26:00,50.29152382078261
2025-06-12 11:25:00,26.8
2025-06-12 01:33:00,83.2
2025-06-12 14:30:00,50.29152382078261
2025-06-12 07:27:00,61.6
2025-06-12 14:09:00,50.29152382078261
2025-06-12 06:38:00,50.29152382078261
2025-06-12 04:53:00,15.8
2025-06-12 05:09:00,70.7
2025-06-12 22:15:00,50.29152382078261
2025-06-12 10:20:00,9.0
2025-06-12 17:54:00,7.0
2025-06-12 03:42:00,43.6
2025-06-12 06:38:00,34.6
2025-06-12 09:45:00,9.8
2025-06-12 15:40:00,66.6
2025-06-12 02:52:00,50.29152382078261
2025-06-12 07:15:00,71.8
2025-06-12 07:50:00,50.29152382078261
2025-06-12 00:06:00,67.8
2025-06-12 02:23:00,31.5
2025-06-12 19:22:00,72.0
2025-06-12 16:27:00,30.0
2025-06-12 19:06:00,51.6
2025-06-12 15:30:00,98.3
2025-06-12 05:07:00,50.29152382078261
2025-06-12 03:41:00,21.7
2025-06-12 09:59:00,30.4
2025-06-12 04:39:00,50.29152382078261
2025-06-12 12:14:00,84.8
2025-06-12 06:11:00,9.0
2025-06-12 11:26:00,50.29152382078261
2025-06-12 13:08:00,74.7
2025-06-12 07:06:00,52.4
2025-06-12 06:00:00,41.8
2025-06-12 04:10:00,60.6
2025-06-12 03:28:00,30.9
2025-06-12 02:30:00,47.4
2025-06-12 18:09:00,23.2
2025-06-12 13:09:00,61.1
2025-06-12 07:57:00,42.7
2025-06-12 22:16:00,93.4
2025-06-12 00:40:00,14.4
2025-06-12 12:48:00,19.4
2025-06-12 20:02:00,93.7
2025-06-12 17:33:00,78.2
2025-06-12 04:05:00,44.3
2025-06-12 18:09:00,77.3
2025-06-12 12:25:00,64.6
2025-06-12 00:43:00,50.29152382078261
2025-06-12 21:13:00,27.4
2025-06-12 10:07:00,46.3
2025-06-12 21:07:00,45.4
2025-06-12 14:04:00,91.0
2025-06-12 18:17:00,50.29152382078261
2025-06-12 20:48:00,4.8
2025-06-12 18:19:00,37.9
2025-06-12 00:25:00,59.7
2025-06-12 19:22:00,50.29152382078261
2025-06-12 11:20:00,79.8
2025-06-12 08:55:00,50.0
2025-06-12 21:32:00,67.5
2025-06-12 09:17:00,50.29152382078261
2025-06-12 05:22:00,62.5
2025-06-12 09:37:00,19.6
2025-06-12 13:01:00,63.1
2025-06-12 21:10:00,10.2
2025-06-12 02:42:00,6.2
2025-06-12 07:18:00,50.29152382078261
2025-06-12 01:36:00,50.29152382078261
2025-06-12 02:11:00,47.3
2025-06-12 22:10:00,50.29152382078261
2025-06-12 19:37:00,52.0
2025-06-12 14:08:00,29.3
2025-06-12 01:47:00,10.3
2025-06-12 23:29:00,1.9
2025-06-12 23:58:00,23.4
2025-06-12 09:58:00,44.5
2025-06-12 09:09:00,50.29152382078261
2025-06-12 03:46:00,66.6
2025-06-12 23:04:00,65.9
2025-06-12 20:25:00,63.4
2025-06-12 17:31:00,20.8
2025-06-12 03:41:00,50.29152382078261
2025-06-12 17:03:00,47.2
2025-06-12 04:22:00,30.4
2025-06-12 10:39:00,34.8
2025-06-12 17:57:00,13.8
2025-06-12 01:27:00,50.29152382078261
2025-06-12 18:52:00,50.29152382078261
2025-06-12 02:07:00,25.9
2025-06-12 06:30:00,88.4
2025-06-12 01:38:00,99.3
2025-06-12 11:51:00,74.6
2025-06-12 21:36:00,32.3
2025-06-12 21:24:00,23.8
2025-06-12 02:59:00,65.2
2025-06-12 12:39:00,56.5
2025-06-12 10:22:00,3.0
2025-06-12 12:08:00,27.8
2025-06-12 12:07:00,34.6
2025-06-12 21:27:00,69.6
2025-06-12 11:47:00,50.29152382078261
2025-06-12 00:20:00,50.29152382078261
2025-06-12 12:32:00,38.9
2025-06-12 20:58:00,62.1
2025-06-12 00:56:00,89.8
2025-06-12 03:24:00,50.29152382078261
2025-06-12 02:54:00,62.2
2025-06-12 19:48:00,46.4
2025-06-12 04:34:00,50.29152382078261
2025-06-12 13:17:00,50.29152382078261
2025-06-12 02:04:00,65.7
2025-06-12 14:24:00,62.2
2025-06-12 23:09:00,2.7
2025-06-12 23:26:00,33.0
2025-06-12 19:33:00,67.2
2025-06-12 08:43:00,50.29152382078261
2025-06-12 13:14:00,21.7
2025-06-12 09:15:00,11.0
2025-06-12 12:22:00,52.4
2025-06-12 14:11:00,50.29152382078261
2025-06-12 13:30:00,49.8
2025-06-12 19:57:00,50.29152382078261
2025-06-12 22:42:00,1.5
2025-06-12 03:30:00,36.6
2025-06-12 10:31:00,32.9
2025-06-12 07:10:00,64.8
2025-06-12 13:59:00,48.9
2025-06-12 12:28:00,62.0
2025-06-12 22:26:00,50.29152382078261
2025-06-12 22:55:00,62.3
2025-06-12 05:50:00,25.3
2025-06-12 20:45:00,20.9
2025-06-12 09:20:00,29.9
2025-06-12 11:55:00,88.6
2025-06-12 04:33:00,46.7
2025-06-12 04:33:00,50.29152382078261
2025-06-12 09:57:00,35.1
2025-06-12 23:35:00,21.7
2025-06-12 10:06:00,74.0
2025-06-12 04:47:00,17.8
2025-06-12 10:05:00,76.4
2025-06-12 07:33:00,97.7
2025-06-12 08:14:00,50.29152382078261
2025-06-12 09:09:00,9.0
2025-06-12 05:27:00,32.1
2025-06-12 22:59:00,50.29152382078261
2025-06-12 12:23:00,2.7
2025-06-12 09:56:00,51.1
2025-06-12 03:20:00,28.3
2025-06-12 03:26:00,11.1
2025-06-12 05:04:00,50.29152382078261
2025-06-12 07:40:00,30.0
2025-06-12 22:33:00,24.9
2025-06-12 04:14:00,50.29152382078261
2025-06-12 00:12:00,36.1
2025-06-12 15:53:00,8.3
2025-06-12 03:01:00,53.3
2025-06-12 00:55:00,49.1
2025-06-12 03:44:00,65.0
2025-06-12 05:21:00,43.1
2025-06-12 10:14:00,44.6
2025-06-12 01:10:00,66.2
2025-06-12 23:01:00,29.3
2025-06-12 04:56:00,50.29152382078261
2025-06-12 02:30:00,50.29152382078261
2025-06-12 16:37:00,17.4
2025-06-12 03:10:00,8.7
2025-06-12 14:10:00,22.9
2025-06-12 23:59:00,74.8
2025-06-12 19:34:00,97.8
2025-06-12 12:50:00,77.7
2025-06-12 00:09:00,50.29152382078261
2025-06-12 22:33:00,23.1
2025-06-12 06:52:00,17.8
2025-06-12 09:52:00,7.7
2025-06-12 10:20:00,18.4
2025-06-12 05:57:00,90.4
2025-06-12 19:23:00,50.29152382078261
2025-06-12 17:22:00,22.3
2025-06-12 22:54:00,81.0
2025-06-12 01:56:00,78.5
2025-06-12 11:00:00,8.5
2025-06-12 17:05:00,17.1
2025-06-12 18:12:00,25.3
2025-06-12 11:49:00,80.4
2025-06-12 01:59:00,67.9
2025-06-12 18:33:00,50.29152382078261
2025-06-12 22:58:00,61.9
2025-06-12 00:09:00,50.29152382078261
2025-06-12 00:54:00,49.0
2025-06-12 17:37:00,33.7
2025-06-12 04:11:00,73.3
2025-06-12 21:59:00,45.4
2025-06-12 17:54:00,13.8
2025-06-12 23:47:00,45.9
2025-06-12 15:49:00,52.5
2025-06-12 07:20:00,50.29152382078261
2025-06-12 08:16:00,50.29152382078261
2025-06-12 18:04:00,99.4
2025-06-12 10:33:00,50.29152382078261
2025-06-12 14:55:00,50.29152382078261
2025-06-12 02:37:00,85.8
2025-06-12 18:30:00,35.0
2025-06-12 03:09:00,20.1
2025-06-12 15:34:00,10.2
2025-06-12 00:55:00,33.0
2025-06-12 02:03:00,72.3
2025-06-12 10:13:00,93.8
2025-06-12 00:02:00,50.29152382078261
2025-06-12 05:08:00,95.8
2025-06-12 11:13:00,63.1
2025-06-12 23:32:00,81.1
2025-06-12 12:41:00,48.0
2025-06-12 17:44:00,92.5
2025-06-12 06:12:00,15.9
2025-06-12 01:21:00,19.2
2025-06-12 15:56:00,52.1
2025-06-12 18:59:00,40.1
2025-06-12 07:16:00,62.5
2025-06-12 20:11:00,53.0
2025-06-12 01:34:00,99.9
2025-06-12 03:13:00,62.0
2025-06-12 12:16:00,60.3
2025-06-12 17:36:00,25.4
2025-06-12 09:10:00,90.2
2025-06-12 05:49:00,63.9
2025-06-12 07:11:00,67.2
2025-06-12 02:02:00,78.3
2025-06-12 07:54:00,1.9
2025-06-12 08:03:00,6.1
2025-06-12 20:00:00,50.29152382078261
2025-06-12 02:11:00,50.29152382078261
2025-06-12 23:32:00,32.2
2025-06-12 19:15:00,97.7
2025-06-12 07:14:00,73.5
2025-06-12 05:10:00,58.9
2025-06-12 14:07:00,19.0
2025-06-12 15:14:00,50.29152382078261
2025-06-12 18:55:00,81.3
2025-06-12 19:51:00,12.2
2025-06-12 06:04:00,50.15830883217688
2025-06-12 18:43:00,92.7
2025-06-12 14:58:00,2.2
2025-06-12 19:42:00,80.5
2025-06-12 12:01:00,45.4
2025-06-12 07:25:00,15.7
2025-06-12 02:08:00,51.5
2025-06-12 17:31:00,3.7
2025-06-12 07:43:00,27.7
2025-06-12 22:12:00,13.3
2025-06-12 06:26:00,97.1
2025-06-12 04:18:00,77.3
2025-06-12 12:13:00,36.1
2025-06-12 21:20:00,38.6
2025-06-12 04:30:00,50.15830883217688
2025-06-12 05:10:00,1.3
2025-06-12 12:22:00,14.3
2025-06-12 01:56:00,41.1
2025-06-12 08:52:00,16.9
2025-06-12 02:58:00,50.15830883217688
2025-06-12 05:36:00,39.3
2025-06-12 00:40:00,42.6
2025-06-12 02:13:00,78.1
2025-06-12 19:02:00,50.15830883217688
2025-06-12 23:22:00,50.15830883217688
2025-06-12 03:16:00,88.0
2025-06-12 14:13:00,13.0
2025-06-12 00:51:00,9.5
2025-06-12 09:50:00,77.8
2025-06-12 21:43:00,93.4
2025-06-12 08:48:00,50.15830883217688
2025-06-12 09:59:00,18.6
2025-06-12 05:32:00,41.0
2025-06-12 14:16:00,97.0
2025-06-12 05:45:00,50.15830883217688
2025-06-12 01:08:00,82.5
2025-06-12 11:18:00,92.6
2025-06-12 18:33:00,97.5
2025-06-12 09:54:00,50.15830883217688
2025-06-12 05:21:00,20.2
2025-06-12 14:33:00,81.9
2025-06-12 18:44:00,99.1
2025-06-12 07:07:00,89.1
2025-06-12 09:57:00,58.8
2025-06-12 23:27:00,50.15830883217688
2025-06-12 12:32:00,32.2
2025-06-12 03:36:00,61.3
2025-06-12 13:12:00,45.5
2025-06-12 06:25:00,50.15830883217688
2025-06-12 20:50:00,38.4
2025-06-12 20:45:00,50.15830883217688
2025-06-12 22:10:00,49.9
2025-06-12 22:16:00,30.9
2025-06-12 09:40:00,86.0
2025-06-12 02:31:00,64.6
2025-06-12 08:00:00,50.15830883217688
2025-06-12 19:12:00,46.1
2025-06-12 18:27:00,50.15830883217688
2025-06-12 08:03:00,80.5
2025-06-12 18:23:00,51.3
2025-06-12 18:15:00,75.9
2025-06-12 05:09:00,3.3
2025-06-12 17:39:00,38.9
2025-06-12 12:24:00,21.4
2025-06-12 03:51:00,50.15830883217688
2025-06-12 00:38:00,50.15830883217688
2025-06-12 07:13:00,14.9
2025-06-12 10:12:00,66.1
2025-06-12 03:16:00,50.15830883217688
2025-06-12 15:33:00,50.3
2025-06-12 07:22:00,47.0
2025-06-12 01:04:00,78.0
2025-06-12 02:07:00,20.1
2025-06-12 06:21:00,45.8
2025-06-12 04:07:00,3.9
2025-06-12 14:53:00,16.8
2025-06-12 23:39:00,74.7
2025-06-12 08:26:00,63.8
2025-06-12 02:42:00,59.2
2025-06-12 06:53:00,54.9
2025-06-12 16:42:00,72.1
2025-06-12 12:17:00,50.15830883217688
2025-06-12 19:01:00,37.4
2025-06-12 06:40:00,62.4
2025-06-12 07:42:00,12.0
2025-06-12 18:07:00,0.6
2025-06-12 16:51:00,90.6
2025-06-12 04:23:00,45.8
2025-06-12 04:04:00,99.9
2025-06-12 07:25:00,91.8
2025-06-12 22:59:00,97.5
2025-06-12 05:18:00,28.4
2025-06-12 17:12:00,61.7
2025-06-12 18:47:00,89.4
2025-06-12 18:51:00,93.9
2025-06-12 19:18:00,99.0
2025-06-12 05:48:00,71.1
2025-06-12 12:24:00,26.1
2025-06-12 06:16:00,50.15830883217688
2025-06-12 05:22:00,50.15830883217688
2025-06-12 05:54:00,37.3
2025-06-12 18:10:00,8.6
2025-06-12 12:33:00,6.2
2025-06-12 21:25:00,19.9
2025-06-12 10:57:00,50.15830883217688
2025-06-12 02:07:00,88.2
2025-06-12 22:20:00,44.5
2025-06-12 12:50:00,33.6
2025-06-12 00:11:00,47.2
2025-06-12 04:45:00,74.4
2025-06-12 13:55:00,4.5
2025-06-12 06:28:00,66.8
2025-06-12 03:10:00,10.3
2025-06-12 23:28:00,75.7
2025-06-12 04:58:00,59.4
2025-06-12 03:41:00,79.7
2025-06-12 21:08:00,58.0
2025-06-12 20:42:00,28.6
2025-06-12 21:04:00,50.15830883217688
2025-06-12 13:35:00,34.0
2025-06-12 04:10:00,55.2
2025-06-12 13:16:00,8.4
2025-06-12 12:24:00,33.1
2025-06-12 07:20:00,43.1
2025-06-12 18:06:00,66.5
2025-06-12 07:14:00,65.5
2025-06-12 13:47:00,28.7
2025-06-12 03:01:00,51.8
2025-06-12 21:50:00,7.9
2025-06-12 07:28:00,97.7
2025-06-12 07:00:00,15.9
2025-06-12 23:51:00,1.3
2025-06-12 06:45:00,8.0
2025-06-12 11:31:00,61.8
2025-06-12 06:28:00,0.7
2025-06-12 01:10:00,5.6
2025-06-12 05:42:00,6.1
2025-06-12 16:39:00,48.3
2025-06-12 21:58:00,30.6
2025-06-12 17:36:00,95.8
2025-06-12 09:30:00,36.7
2025-06-12 20:49:00,55.7
2025-06-12 09:32:00,50.15830883217688
2025-06-12 00:28:00,50.15830883217688
2025-06-12 10:29:00,24.6
2025-06-12 16:46:00,67.8
2025-06-12 07:16:00,50.15830883217688
2025-06-12 03:05:00,42.7
2025-06-12 16:08:00,90.8
2025-06-12 02:22:00,24.2
2025-06-12 00:13:00,56.2
2025-06-12 07:56:00,38.5
2025-06-12 22:50:00,85.0
2025-06-12 23:36:00,92.8
2025-06-12 01:35:00,32.3
2025-06-12 14:33:00,37.8
2025-06-12 18:47:00,1.9
2025-06-12 04:04:00,50.15830883217688
2025-06-12 09:29:00,84.9
2025-06-12 16:20:00,15.5
2025-06-12 11:39:00,46.7
2025-06-12 23:05:00,81.7
2025-06-12 10:48:00,50.15830883217688
2025-06-12 07:17:00,29.5
2025-06-12 23:36:00,32.1
2025-06-12 00:21:00,62.4
2025-06-12 17:18:00,79.7
2025-06-12 17:33:00,90.8
2025-06-12 10:14:00,3.2
2025-06-12 17:00:00,8.8
2025-06-12 07:46:00,74.6
2025-06-12 05:15:00,33.4
2025-06-12 15:08:00,60.7
2025-06-12 00:18:00,95.0
2025-06-12 13:11:00,49.3
2025-06-12 19:23:00,50.15830883217688
2025-06-12 17:28:00,44.9
2025-06-12 16:15:00,25.8
2025-06-12 06:55:00,96.6
2025-06-12 00:29:00,59.5
2025-06-12 21:32:00,50.15830883217688
2025-06-12 22:39:00,77.9
2025-06-12 01:32:00,83.5
2025-06-12 09:32:00,58.8
2025-06-12 15:16:00,97.0
2025-06-12 04:06:00,14.3
2025-06-12 20:56:00,86.7
2025-06-12 14:00:00,84.5
2025-06-12 08:39:00,58.1
2025-06-12 23:49:00,29.2
2025-06-12 07:24:00,92.2
2025-06-12 20:48:00,54.5
2025-06-12 17:05:00,98.8
2025-06-12 19:17:00,12.3
2025-06-12 20:18:00,50.15830883217688
2025-06-12 17:19:00,50.15830883217688
2025-06-12 18:36:00,22.0
2025-06-12 08:49:00,43.4
2025-06-12 18:45:00,48.1
2025-06-12 00:50:00,79.5
2025-06-12 10:23:00,41.1
2025-06-12 14:19:00,71.0
2025-06-12 07:20:00,26.6
2025-06-12 03:10:00,14.2
2025-06-12 01:18:00,55.1
2025-06-12 17:35:00,50.15830883217688
2025-06-12 19:56:00,57.2
2025-06-12 22:52:00,92.8
2025-06-12 06:42:00,84.5
2025-06-12 20:28:00,84.2
2025-06-12 08:03:00,50.15830883217688
2025-06-12 04:28:00,25.8
2025-06-12 12:24:00,57.9
2025-06-12 05:07:00,50.15830883217688
2025-06-12 20:28:00,19.0
2025-06-12 16:02:00,43.5
2025-06-12 10:32:00,74.3
2025-06-12 12:56:00,9.7
2025-06-12 11:11:00,2.9
2025-06-12 08:15:00,70.0
2025-06-12 06:13:00,50.15830883217688
2025-06-12 09:51:00,78.8
2025-06-12 19:55:00,59.5
2025-06-12 01:46:00,90.1
2025-06-12 01:44:00,46.2
2025-06-12 11:57:00,39.2
2025-06-12 23:29:00,6.6
2025-06-12 20:43:00,39.8
2025-06-12 03:06:00,50.15830883217688
2025-06-12 14:19:00,64.1
2025-06-12 12:59:00,8.4
2025-06-12 03:20:00,69.2
2025-06-12 01:04:00,4.9
2025-06-12 12:16:00,50.15830883217688
2025-06-12 05:28:00,86.4
2025-06-12 07:59:00,90.7
2025-06-12 22:28:00,64.9
2025-06-12 21:52:00,66.7
2025-06-12 21:08:00,12.5
2025-06-12 03:38:00,54.0
2025-06-12 21:10:00,1.3
2025-06-12 00:33:00,43.6
2025-06-12 19:31:00,59.0
2025-06-12 03:46:00,50.15830883217688
2025-06-12 22:47:00,48.5
2025-06-12 17:14:00,83.4
2025-06-12 08:18:00,61.7
2025-06-12 20:35:00,6.5
2025-06-12 06:18:00,80.5
2025-06-12 09:18:00,86.3
2025-06-12 09:05:00,37.2
2025-06-12 21:28:00,39.2
2025-06-12 13:57:00,40.0
2025-06-12 21:18:00,75.4
2025-06-12 19:02:00,50.15830883217688
2025-06-12 14:50:00,98.8
2025-06-12 17:03:00,56.9
2025-06-12 19:33:00,72.5
2025-06-12 01:06:00,37.6
2025-06-12 12:22:00,50.15830883217688
2025-06-12 04:56:00,50.15830883217688
2025-06-12 11:16:00,50.15830883217688
2025-06-12 22:05:00,30.0
2025-06-12 11:33:00,69.3
2025-06-12 03:34:00,32.8
2025-06-12 14:19:00,97.0
2025-06-12 17:14:00,57.8
2025-06-12 16:17:00,16.6
2025-06-12 13:31:00,50.15830883217688
2025-06-12 23:27:00,84.3
2025-06-12 05:44:00,12.8
2025-06-12 08:58:00,28.3
2025-06-12 16:39:00,65.6
2025-06-12 17:52:00,66.4
2025-06-12 10:57:00,62.7
2025-06-12 19:35:00,27.1
2025-06-12 04:14:00,97.5
2025-06-12 03:23:00,85.2
2025-06-12 19:03:00,4.7
2025-06-12 06:12:00,50.15830883217688
2025-06-12 07:09:00,81.9
2025-06-12 06:09:00,86.8
2025-06-12 01:30:00,17.4
2025-06-12 15:08:00,41.1
2025-06-12 15:42:00,50.15830883217688
2025-06-12 12:03:00,59.8
2025-06-12 11:43:00,50.15830883217688
2025-06-12 05:27:00,25.2
2025-06-12 10:03:00,70.5
2025-06-12 13:37:00,85.5
2025-06-12 08:55:00,97.2
2025-06-12 10:09:00,22.4
2025-06-12 20:35:00,50.15830883217688
2025-06-12 19:45:00,8.3
2025-06-12 11:07:00,50.15830883217688
2025-06-12 15:15:00,82.9
2025-06-12 17:36:00,50.15830883217688
2025-06-12 06:44:00,61.0
2025-06-12 15:32:00,75.3
2025-06-12 19:38:00,69.4
2025-06-12 03:17:00,42.9
2025-06-12 00:44:00,45.2
2025-06-12 13:54:00,50.15830883217688
2025-06-12 01:07:00,92.1
2025-06-12 09:04:00,83.2
2025-06-12 03:12:00,89.1
2025-06-12 06:05:00,40.7
2025-06-12 09:05:00,33.8
2025-06-12 19:19:00,68.8
2025-06-12 05:57:00,92.9
2025-06-12 06:46:00,50.15830883217688
2025-06-12 08:10:00,94.9
2025-06-12 08:36:00,81.2
2025-06-12 21:41:00,42.3
2025-06-12 23:53:00,46.9
2025-06-12 09:27:00,16.9
2025-06-12 19:13:00,52.2
2025-06-12 05:59:00,85.0
2025-06-12 07:21:00,29.6
2025-06-12 09:11:00,15.9
2025-06-12 20:36:00,12.8
2025-06-12 06:19:00,76.9
2025-06-12 00:42:00,63.4
2025-06-12 03:22:00,98.4
2025-06-12 14:02:00,32.1
2025-06-12 10:06:00,3.4
2025-06-12 04:28:00,96.6
2025-06-12 18:39:00,51.2
2025-06-12 13:06:00,36.5
2025-06-12 07:09:00,92.1
2025-06-12 21:22:00,61.6
2025-06-12 02:30:00,31.5
2025-06-12 10:44:00,68.5
2025-06-12 02:12:00,4.6
2025-06-12 13:43:00,50.5
2025-06-12 03:18:00,50.8
2025-06-12 08:57:00,75.9
2025-06-12 07:11:00,19.9
2025-06-12 22:45:00,20.9
2025-06-12 14:51:00,83.4
2025-06-12 13:17:00,50.05645730416373
2025-06-12 18:18:00,47.7
2025-06-12 10:43:00,52.3
2025-06-12 01:47:00,36.0
2025-06-12 10:14:00,62.1
2025-06-12 09:55:00,50.05645730416373
2025-06-12 07:00:00,40.3
2025-06-12 14:13:00,1.5
2025-06-12 11:30:00,25.3
2025-06-12 08:54:00,80.8
2025-06-12 17:34:00,80.2
2025-06-12 22:40:00,64.2
2025-06-12 06:13:00,88.4
2025-06-12 03:56:00,41.7
2025-06-12 02:16:00,17.3
2025-06-12 04:16:00,47.6
2025-06-12 21:14:00,7.9
2025-06-12 07:05:00,50.05645730416373
2025-06-12 01:50:00,41.1
2025-06-12 23:32:00,9.2
2025-06-12 11:52:00,28.0
2025-06-12 23:50:00,47.1
2025-06-12 22:40:00,48.2
2025-06-12 15:22:00,3.9
2025-06-12 16:00:00,87.0
2025-06-12 00:44:00,73.7
2025-06-12 16:10:00,72.3
2025-06-12 14:14:00,5.2
2025-06-12 19:45:00,55.2
2025-06-12 02:54:00,50.05645730416373
2025-06-12 22:42:00,81.9
2025-06-12 12:02:00,50.05645730416373
2025-06-12 18:55:00,50.05645730416373
2025-06-12 18:44:00,50.9
2025-06-12 02:50:00,25.6
2025-06-12 10:27:00,50.05645730416373
2025-06-12 10:45:00,58.5
2025-06-12 15:17:00,36.6
2025-06-12 08:28:00,17.8
2025-06-12 11:45:00,45.4
2025-06-12 03:12:00,42.9
2025-06-12 23:58:00,50.05645730416373
2025-06-12 22:56:00,64.3
2025-06-12 22:08:00,31.8
2025-06-12 20:29:00,50.05645730416373
2025-06-12 06:22:00,85.3
2025-06-12 00:47:00,37.4
2025-06-12 00:35:00,79.9
2025-06-12 14:30:00,47.9
2025-06-12 21:49:00,69.3
2025-06-12 20:49:00,50.05645730416373
2025-06-12 14:47:00,68.6
2025-06-12 23:07:00,17.7
2025-06-12 06:52:00,59.1
2025-06-12 19:24:00,75.8
2025-06-12 02:09:00,68.1
2025-06-12 12:27:00,58.4
2025-06-12 20:22:00,50.05645730416373
2025-06-12 06:17:00,50.05645730416373
2025-06-12 20:32:00,56.9
2025-06-12 17:01:00,85.7
2025-06-12 04:06:00,19.9
2025-06-12 12:23:00,41.1
2025-06-12 06:39:00,57.0
2025-06-12 03:51:00,44.6
2025-06-12 13:08:00,73.1
2025-06-12 04:37:00,90.5
2025-06-12 04:25:00,30.6
2025-06-12 11:03:00,26.9
2025-06-12 03:21:00,76.1
2025-06-12 22:24:00,69.7
2025-06-12 03:09:00,83.9
2025-06-12 22:20:00,30.9
2025-06-12 12:04:00,22.5
2025-06-12 22:15:00,28.7
2025-06-12 23:30:00,80.1
2025-06-12 22:01:00,93.3
2025-06-12 21:06:00,50.05645730416373
2025-06-12 01:33:00,17.5
2025-06-12 04:48:00,47.1
2025-06-12 19:34:00,99.7
2025-06-12 18:17:00,39.3
2025-06-12 11:25:00,24.8
2025-06-12 14:42:00,97.3
2025-06-12 03:11:00,39.1
2025-06-12 01:33:00,50.05645730416373
2025-06-12 16:29:00,50.05645730416373
2025-06-12 06:33:00,50.05645730416373
2025-06-12 06:13:00,11.8
2025-06-12 22:09:00,50.05645730416373
2025-06-12 18:16:00,94.8
2025-06-12 03:16:00,60.1
2025-06-12 16:36:00,31.6
2025-06-12 18:32:00,95.5
2025-06-12 17:30:00,60.3
2025-06-12 22:29:00,64.7
2025-06-12 09:17:00,25.1
2025-06-12 11:59:00,50.05645730416373
2025-06-12 16:00:00,69.1
2025-06-12 10:26:00,26.4
2025-06-12 16:40:00,76.3
2025-06-12 09:07:00,80.2
2025-06-12 12:06:00,19.2
2025-06-12 18:47:00,22.2
2025-06-12 11:11:00,43.6
2025-06-12 21:49:00,68.7
2025-06-12 04:07:00,73.9
2025-06-12 17:40:00,95.8
2025-06-12 08:37:00,93.6
2025-06-12 01:11:00,43.6
2025-06-12 21:34:00,60.1
2025-06-12 16:20:00,23.2
2025-06-12 12:52:00,5.3
2025-06-12 17:38:00,12.7
2025-06-12 14:44:00,49.5
2025-06-12 13:14:00,50.05645730416373
2025-06-12 08:16:00,86.4
2025-06-12 13:28:00,20.4
2025-06-12 05:41:00,13.8
2025-06-12 08:17:00,51.2
2025-06-12 03:20:00,72.6
2025-06-12 14:57:00,50.05645730416373
2025-06-12 05:37:00,37.0
2025-06-12 15:53:00,64.5
2025-06-12 11:01:00,2.8
2025-06-12 07:10:00,47.0
2025-06-12 11:43:00,93.3
2025-06-12 08:16:00,85.6
2025-06-12 20:31:00,91.6
2025-06-12 09:56:00,13.4
2025-06-12 05:58:00,95.3
2025-06-12 14:20:00,50.05645730416373
2025-06-12 01:38:00,6.6
2025-06-12 05:17:00,56.3
2025-06-12 02:44:00,92.7
2025-06-12 08:43:00,49.2
2025-06-12 19:17:00,55.5
2025-06-12 23:23:00,97.4
2025-06-12 13:35:00,11.6
2025-06-12 23:13:00,87.8
2025-06-12 16:39:00,15.8
2025-06-12 02:34:00,61.3
2025-06-12 07:25:00,51.6
2025-06-12 12:49:00,21.9
2025-06-12 09:55:00,70.9
2025-06-12 08:21:00,29.2
2025-06-12 18:58:00,11.3
2025-06-12 07:38:00,47.9
2025-06-12 15:39:00,9.5
2025-06-12 07:45:00,7.9
2025-06-12 03:01:00,16.4
2025-06-12 18:00:00,59.3
2025-06-12 14:03:00,16.5
2025-06-12 12:39:00,28.2
2025-06-12 01:13:00,50.05645730416373
2025-06-12 04:33:00,50.05645730416373
2025-06-12 04:13:00,89.7
2025-06-12 06:29:00,32.8
2025-06-12 14:23:00,20.3
2025-06-12 02:31:00,50.05645730416373
2025-06-12 07:04:00,68.8
2025-06-12 21:49:00,31.0
2025-06-12 06:35:00,33.6
2025-06-12 16:19:00,85.4
2025-06-12 08:28:00,50.05645730416373
2025-06-12 08:30:00,50.05645730416373
2025-06-12 10:00:00,77.8
2025-06-12 04:40:00,50.05645730416373
2025-06-12 21:05:00,15.9
2025-06-12 15:59:00,92.1
2025-06-12 01:42:00,87.2
2025-06-12 01:56:00,60.1
2025-06-12 20:13:00,31.1
2025-06-12 13:21:00,63.3
2025-06-12 21:33:00,5.1
2025-06-12 00:07:00,38.8
2025-06-12 19:42:00,50.05645730416373
2025-06-12 01:21:00,31.6
2025-06-12 08:42:00,28.7
2025-06-12 18:43:00,35.9
2025-06-12 09:48:00,49.7
2025-06-12 19:00:00,43.5
2025-06-12 15:18:00,50.05645730416373
2025-06-12 07:54:00,50.05645730416373
2025-06-12 19:23:00,35.4
2025-06-12 11:26:00,12.4
2025-06-12 03:14:00,21.6
2025-06-12 05:16:00,71.8
2025-06-12 21:47:00,74.7
2025-06-12 14:08:00,50.05645730416373
2025-06-12 19:45:00,50.05645730416373
2025-06-12 22:50:00,38.4
2025-06-12 22:07:00,80.3
2025-06-12 18:41:00,1.9
2025-06-12 15:51:00,50.05645730416373
2025-06-12 15:52:00,69.5
2025-06-12 19:26:00,50.05645730416373
2025-06-12 08:22:00,68.0
2025-06-12 16:41:00,50.05645730416373
2025-06-12 00:52:00,2.8
2025-06-12 00:22:00,50.05645730416373
2025-06-12 09:16:00,83.5
2025-06-12 04:11:00,97.0
2025-06-12 09:35:00,27.4
2025-06-12 01:15:00,35.3
2025-06-12 09:37:00,71.5
2025-06-12 00:10:00,76.5
2025-06-12 06:58:00,90.1
2025-06-12 11:41:00,58.3
2025-06-12 20:53:00,0.7
2025-06-12 05:19:00,18.9
2025-06-12 16:54:00,50.05645730416373
2025-06-12 11:37:00,27.3
2025-06-12 14:28:00,50.05645730416373
2025-06-12 21:19:00,67.6
2025-06-12 19:21:00,46.6
2025-06-12 06:28:00,37.3
2025-06-12 01:48:00,67.8
2025-06-12 03:50:00,50.05645730416373
2025-06-12 21:04:00,98.1
2025-06-12 18:56:00,73.2
2025-06-12 21:43:00,58.7
2025-06-12 18:21:00,32.7
2025-06-12 13:15:00,61.5
2025-06-12 23:41:00,21.4
2025-06-12 05:51:00,16.5
2025-06-12 06:20:00,87.4
2025-06-12 13:05:00,56.6
2025-06-12 00:23:00,27.6
2025-06-12 18:39:00,56.5
2025-06-12 18:28:00,91.5
2025-06-12 02:57:00,50.05645730416373
2025-06-12 07:16:00,86.9
2025-06-12 00:14:00,4.7
2025-06-12 21:22:00,48.2
2025-06-12 04:08:00,18.3
2025-06-12 02:12:00,97.4
2025-06-12 18:11:00,8.6
2025-06-12 10:38:00,1.2
2025-06-12 03:54:00,12.2
2025-06-12 00:01:00,89.9
2025-06-12 03:01:00,88.2
2025-06-12 16:08:00,50.05645730416373
2025-06-12 10:11:00,39.3
2025-06-12 22:21:00,64.9
2025-06-12 23:57:00,7.1
2025-06-12 17:27:00,15.5
2025-06-12 16:52:00,75.6
2025-06-12 05:04:00,77.5
2025-06-12 01:23:00,63.1
2025-06-12 03:15:00,0.9
2025-06-12 03:52:00,50.05645730416373
2025-06-12 15:45:00,9.9
2025-06-12 23:29:00,50.05645730416373
2025-06-12 02:10:00,92.8
2025-06-12 23:53:00,58.2
2025-06-12 02:33:00,38.7
2025-06-12 03:57:00,50.05645730416373
2025-06-12 01:03:00,28.1
2025-06-12 20:25:00,72.1
2025-06-12 18:55:00,50.05645730416373
2025-06-12 00:02:00,61.0
2025-06-12 19:15:00,24.9
2025-06-12 15:25:00,43.3
2025-06-12 07:07:00,73.3
2025-06-12 06:54:00,62.9
2025-06-12 16:18:00,60.1
2025-06-12 02:00:00,9.8
2025-06-12 21:43:00,55.1
2025-06-12 23:02:00,50.05645730416373
2025-06-12 12:09:00,77.7
2025-06-12 19:58:00,28.4
2025-06-12 06:37:00,64.6
2025-06-12 15:44:00,40.8
2025-06-12 13:53:00,14.8
2025-06-12 11:07:00,28.6
2025-06-12 09:25:00,64.2
2025-06-12 08:57:00,33.8
2025-06-12 15:35:00,31.3
2025-06-12 09:38:00,56.2
2025-06-12 00:36:00,3.7
2025-06-12 21:23:00,50.05645730416373
2025-06-12 23:42:00,67.8
2025-06-12 15:19:00,26.2
2025-06-12 17:34:00,50.05645730416373
2025-06-12 03:04:00,37.7
2025-06-12 23:11:00,28.0
2025-06-12 20:58:00,66.4
2025-06-12 01:17:00,70.7
2025-06-12 06:19:00,59.1
2025-06-12 11:19:00,3.8
2025-06-12 08:16:00,50.2
2025-06-12 05:57:00,7.9
2025-06-12 11:18:00,67.6
2025-06-12 18:03:00,34.8
2025-06-12 06:08:00,23.2
2025-06-12 11:02:00,50.05645730416373
2025-06-12 15:03:00,50.05645730416373
2025-06-12 17:08:00,50.05645730416373
2025-06-12 05:49:00,36.4
2025-06-12 02:58:00,64.5
2025-06-12 12:45:00,8.0
2025-06-12 11:05:00,21.4
2025-06-12 01:11:00,95.3
2025-06-12 03:36:00,98.7
2025-06-12 03:09:00,66.3
2025-06-12 12:02:00,71.3
2025-06-12 21:25:00,55.2
2025-06-12 20:38:00,96.6
2025-06-12 14:18:00,24.1
2025-06-12 02:36:00,50.05645730416373
2025-06-12 19:36:00,68.1
2025-06-12 00:38:00,27.5
2025-06-12 22:28:00,99.1
2025-06-12 15:58:00,11.3
2025-06-12 15:50:00,85.0
2025-06-12 12:35:00,14.6
2025-06-12 06:39:00,43.6
2025-06-12 13:09:00,87.8
2025-06-12 02:36:00,47.5
2025-06-12 08:13:00,15.2
2025-06-12 01:51:00,43.3
2025-06-12 18:39:00,66.8
2025-06-12 22:07:00,47.2
2025-06-12 10:47:00,20.5
2025-06-12 16:04:00,10.8
2025-06-12 23:39:00,69.0
2025-06-12 05:39:00,40.8
2025-06-12 05:08:00,29.4
2025-06-12 18:00:00,97.6
2025-06-12 08:27:00,38.3
2025-06-12 21:44:00,1.1
2025-06-12 10:24:00,20.3
2025-06-12 23:41:00,50.05645730416373
2025-06-12 14:18:00,50.05645730416373
2025-06-12 17:41:00,71.1
2025-06-12 15:52:00,50.05645730416373
2025-06-12 14:03:00,22.2
2025-06-12 14:58:00,49.90502819548872
2025-06-12 12:45:00,95.3
2025-06-12 01:00:00,84.1
2025-06-12 12:12:00,42.1
2025-06-12 12:34:00,49.90502819548872
2025-06-12 20:12:00,5.9
2025-06-12 08:58:00,98.1
2025-06-12 07:12:00,44.1
2025-06-12 13:03:00,5.7
2025-06-12 15:14:00,83.2
2025-06-12 08:58:00,78.6
2025-06-12 15:48:00,26.8
2025-06-12 04:23:00,19.6
2025-06-12 18:24:00,72.0
2025-06-12 22:15:00,61.1
2025-06-12 01:28:00,28.3
2025-06-12 01:44:00,52.4
2025-06-12 07:32:00,49.90502819548872
2025-06-12 19:17:00,54.5
2025-06-12 10:51:00,49.0
2025-06-12 01:03:00,94.7
2025-06-12 22:46:00,5.8
2025-06-12 09:21:00,57.3
2025-06-12 22:39:00,49.90502819548872
2025-06-12 20:49:00,49.90502819548872
2025-06-12 14:40:00,68.5
2025-06-12 13:42:00,59.4
2025-06-12 02:08:00,62.5
2025-06-12 20:22:00,90.5
2025-06-12 03:35:00,49.90502819548872
2025-06-12 22:11:00,42.9
2025-06-12 03:50:00,11.8
2025-06-12 01:34:00,49.90502819548872
2025-06-12 16:35:00,27.7
2025-06-12 10:12:00,1.3
2025-06-12 01:05:00,14.2
2025-06-12 11:20:00,24.9
2025-06-12 08:32:00,53.2
2025-06-12 19:23:00,50.0
2025-06-12 09:29:00,42.7
2025-06-12 15:42:00,5.4
2025-06-12 09:34:00,76.8
2025-06-12 22:42:00,61.5
2025-06-12 14:06:00,11.8
2025-06-12 23:34:00,9.1
2025-06-12 10:14:00,49.90502819548872
2025-06-12 20:55:00,46.5
2025-06-12 10:42:00,4.5
2025-06-12 13:53:00,61.0
2025-06-12 23:11:00,84.9
2025-06-12 12:33:00,73.8
2025-06-12 09:47:00,33.7
2025-06-12 09:12:00,57.8
2025-06-12 06:18:00,49.90502819548872
2025-06-12 06:19:00,3.5
2025-06-12 17:23:00,49.90502819548872
2025-06-12 16:01:00,1.6
2025-06-12 07:03:00,27.1
2025-06-12 16:02:00,49.90502819548872
2025-06-12 16:40:00,85.6
2025-06-12 00:02:00,80.8
2025-06-12 07:08:00,58.9
2025-06-12 00:44:00,75.4
2025-06-12 05:55:00,47.0
2025-06-12 16:36:00,44.6
2025-06-12 04:49:00,8.4
2025-06-12 16:57:00,60.3
2025-06-12 14:24:00,23.3
2025-06-12 01:46:00,79.6
2025-06-12 09:08:00,63.1
2025-06-12 08:12:00,78.5
2025-06-12 12:20:00,46.3
2025-06-12 09:55:00,49.90502819548872
2025-06-12 21:01:00,52.9
2025-06-12 00:57:00,39.7
2025-06-12 19:50:00,70.0
2025-06-12 03:20:00,3.4
2025-06-12 15:07:00,49.90502819548872
2025-06-12 16:56:00,60.5
2025-06-12 04:25:00,49.90502819548872
2025-06-12 02:06:00,64.5
2025-06-12 03:38:00,49.90502819548872
2025-06-12 14:07:00,49.90502819548872
2025-06-12 19:48:00,5.0
2025-06-12 20:25:00,86.4
2025-06-12 13:03:00,49.90502819548872
2025-06-12 04:50:00,34.5
2025-06-12 15:54:00,3.5
2025-06-12 19:42:00,89.7
2025-06-12 23:16:00,49.90502819548872
2025-06-12 14:37:00,3.3
2025-06-12 23:47:00,92.9
2025-06-12 05:43:00,19.6
2025-06-12 02:38:00,4.6
2025-06-12 20:26:00,68.1
2025-06-12 21:22:00,76.8
2025-06-12 08:27:00,80.0
2025-06-12 19:15:00,23.4
2025-06-12 11:53:00,51.7
2025-06-12 07:25:00,72.5
2025-06-12 17:34:00,39.0
2025-06-12 19:26:00,28.9
2025-06-12 22:42:00,66.7
2025-06-12 03:22:00,80.8
2025-06-12 17:56:00,51.3
2025-06-12 11:03:00,49.90502819548872
2025-06-12 07:13:00,15.1
2025-06-12 01:33:00,89.1
2025-06-12 19:45:00,23.0
2025-06-12 20:51:00,17.6
2025-06-12 22:24:00,53.9
2025-06-12 14:18:00,89.2
2025-06-12 22:15:00,89.7
2025-06-12 19:22:00,94.1
2025-06-12 06:26:00,49.90502819548872
2025-06-12 19:08:00,67.7
2025-06-12 18:41:00,94.7
2025-06-12 22:36:00,11.6
2025-06-12 05:40:00,29.1
2025-06-12 10:21:00,66.4
2025-06-12 12:45:00,36.8
2025-06-12 11:59:00,59.1
2025-06-12 09:23:00,76.8
2025-06-12 19:24:00,92.2
2025-06-12 22:38:00,49.90502819548872
2025-06-12 15:09:00,29.7
2025-06-12 18:23:00,41.9
2025-06-12 18:59:00,49.90502819548872
2025-06-12 02:40:00,24.7
2025-06-12 19:31:00,9.3
2025-06-12 03:15:00,94.4
2025-06-12 12:02:00,70.4
2025-06-12 06:06:00,19.9
2025-06-12 06:36:00,86.0
2025-06-12 18:05:00,8.0
2025-06-12 10:05:00,49.90502819548872
2025-06-12 19:09:00,59.6
2025-06-12 16:05:00,97.6
2025-06-12 20:53:00,98.9
2025-06-12 09:39:00,49.90502819548872
2025-06-12 18:41:00,33.3
2025-06-12 00:35:00,86.2
2025-06-12 05:13:00,54.4
2025-06-12 03:27:00,73.6
2025-06-12 17:07:00,84.0
2025-06-12 21:57:00,96.1
2025-06-12 10:55:00,89.4
2025-06-12 08:56:00,99.1
2025-06-12 18:46:00,47.0
2025-06-12 05:10:00,42.3
2025-06-12 06:01:00,14.4
2025-06-12 02:43:00,21.8
2025-06-12 22:13:00,29.3
2025-06-12 19:59:00,49.90502819548872
2025-06-12 22:43:00,92.5
2025-06-12 17:26:00,49.90502819548872
2025-06-12 19:13:00,32.2
2025-06-12 07:25:00,29.6
2025-06-12 06:01:00,18.7
2025-06-12 17:05:00,85.0
2025-06-12 10:20:00,4.0
2025-06-12 15:27:00,14.3
2025-06-12 08:43:00,36.1
2025-06-12 06:42:00,13.9
2025-06-12 09:44:00,31.6
2025-06-12 05:35:00,50.1
2025-06-12 00:57:00,49.90502819548872
2025-06-12 21:04:00,11.3
2025-06-12 15:33:00,49.90502819548872
2025-06-12 09:46:00,49.90502819548872
2025-06-12 06:38:00,68.9
2025-06-12 02:10:00,29.8
2025-06-12 01:14:00,33.0
2025-06-12 03:02:00,24.5
2025-06-12 05:17:00,49.90502819548872
2025-06-12 05:23:00,49.90502819548872
2025-06-12 00:52:00,87.9
2025-06-12 08:17:00,83.2
2025-06-12 07:03:00,57.6
2025-06-12 17:38:00,88.8
2025-06-12 00:22:00,90.2
2025-06-12 19:38:00,3.8
2025-06-12 06:12:00,88.0
2025-06-12 21:02:00,49.90502819548872
2025-06-12 23:18:00,61.2
2025-06-12 12:53:00,76.6
2025-06-12 20:38:00,63.0
2025-06-12 20:08:00,33.5
2025-06-12 13:20:00,0.2
2025-06-12 19:26:00,49.90502819548872
2025-06-12 11:21:00,6.7
2025-06-12 11:48:00,16.2
2025-06-12 03:54:00,53.7
2025-06-12 01:18:00,13.2
2025-06-12 06:09:00,30.3
2025-06-12 15:55:00,19.5
2025-06-12 02:00:00,58.7
2025-06-12 00:02:00,76.6
2025-06-12 16:54:00,60.3
2025-06-12 05:47:00,37.7
2025-06-12 01:11:00,80.8
2025-06-12 12:59:00,52.2
2025-06-12 10:23:00,32.6
2025-06-12 21:45:00,8.5
2025-06-12 10:11:00,49.90502819548872
2025-06-12 19:53:00,62.2
2025-06-12 05:01:00,41.8
2025-06-12 17:03:00,52.2
2025-06-12 19:30:00,29.7
2025-06-12 20:14:00,84.5
2025-06-12 20:50:00,48.0
2025-06-12 18:20:00,49.6
2025-06-12 21:56:00,39.3
2025-06-12 11:45:00,54.0
2025-06-12 13:05:00,15.3
2025-06-12 00:54:00,41.9
2025-06-12 20:01:00,96.3
2025-06-12 13:55:00,41.0
2025-06-12 23:57:00,70.0
2025-06-12 05:07:00,30.4
2025-06-12 22:50:00,88.9
2025-06-12 15:03:00,76.1
2025-06-12 20:16:00,70.5
2025-06-12 09:29:00,49.90502819548872
2025-06-12 02:19:00,1.1
2025-06-12 08:04:00,35.3
2025-06-12 10:10:00,76.7
2025-06-12 11:30:00,76.4
2025-06-12 18:01:00,35.7
2025-06-12 15:18:00,25.3
2025-06-12 02:53:00,32.0
2025-06-12 06:02:00,55.0
2025-06-12 08:30:00,12.0
2025-06-12 15:17:00,8.4
2025-06-12 13:39:00,90.4
2025-06-12 16:28:00,83.9
2025-06-12 22:06:00,43.5
2025-06-12 14:37:00,49.90502819548872
2025-06-12 22:00:00,49.90502819548872
2025-06-12 18:18:00,28.0
2025-06-12 07:07:00,49.90502819548872
2025-06-12 05:08:00,14.6
2025-06-12 23:26:00,11.5
2025-06-12 13:06:00,49.90502819548872
2025-06-12 16:02:00,19.3
2025-06-12 03:29:00,29.2
2025-06-12 20:34:00,14.8
2025-06-12 22:44:00,75.1
2025-06-12 02:09:00,7.9
2025-06-12 01:15:00,49.90502819548872
2025-06-12 05:21:00,75.3
2025-06-12 17:54:00,45.7
2025-06-12 19:22:00,65.7
2025-06-12 22:36:00,49.90502819548872
2025-06-12 20:39:00,81.0
2025-06-12 06:31:00,49.90502819548872
2025-06-12 18:46:00,5.1
2025-06-12 02:17:00,64.6
2025-06-12 17:14:00,32.9
2025-06-12 21:36:00,49.90502819548872
2025-06-12 12:52:00,57.0
2025-06-12 02:24:00,9.7
2025-06-12 21:49:00,49.90502819548872
2025-06-12 02:32:00,44.1
2025-06-12 00:27:00,47.6
2025-06-12 10:53:00,68.1
2025-06-12 19:57:00,40.3
2025-06-12 11:02:00,68.4
2025-06-12 23:58:00,87.2
2025-06-12 16:40:00,89.6
2025-06-12 01:24:00,97.7
2025-06-12 22:54:00,56.3
2025-06-12 13:57:00,0.2
2025-06-12 15:34:00,19.2
2025-06-12 11:58:00,82.2
2025-06-12 09:24:00,57.9
2025-06-12 21:36:00,49.90502819548872
2025-06-12 20:18:00,5.3
2025-06-12 10:43:00,35.4
2025-06-12 16:12:00,69.0
2025-06-12 21:25:00,44.3
2025-06-12 19:10:00,63.8
2025-06-12 22:58:00,34.0
2025-06-12 21:01:00,73.6
2025-06-12 23:10:00,78.5
2025-06-12 16:32:00,71.4
2025-06-12 13:56:00,16.0
2025-06-12 13:42:00,16.1
2025-06-12 20:06:00,19.3
2025-06-12 23:28:00,14.6
2025-06-12 08:12:00,91.3
2025-06-12 11:17:00,49.90502819548872
2025-06-12 23:45:00,59.9
2025-06-12 03:00:00,51.9
2025-06-12 11:55:00,49.90502819548872
2025-06-12 08:33:00,7.2
2025-06-12 16:57:00,67.4
2025-06-12 09:02:00,49.90502819548872
2025-06-12 09:26:00,3.9
2025-06-12 01:27:00,86.2
2025-06-12 00:43:00,35.6
2025-06-12 19:11:00,91.5
2025-06-12 12:45:00,84.5
2025-06-12 03:44:00,52.7
2025-06-12 14:43:00,76.5
2025-06-12 01:04:00,49.90502819548872
2025-06-12 20:14:00,65.6
2025-06-12 14:43:00,80.8
2025-06-12 21:44:00,50.475078938135894
2025-06-12 02:21:00,40.3
2025-06-12 19:06:00,99.2
2025-06-12 16:14:00,85.5
2025-06-12 15:40:00,62.3
2025-06-12 22:29:00,66.5
2025-06-12 15:26:00,6.3
2025-06-12 12:54:00,76.2
2025-06-12 11:24:00,66.9
2025-06-12 19:12:00,85.2
2025-06-12 03:03:00,38.7
2025-06-12 16:23:00,32.4
2025-06-12 06:12:00,13.2
2025-06-12 06:57:00,73.6
2025-06-12 15:06:00,94.2
2025-06-12 17:38:00,50.475078938135894
2025-06-12 16:16:00,32.4
2025-06-12 01:52:00,73.6
2025-06-12 06:02:00,20.2
2025-06-12 02:10:00,50.475078938135894
2025-06-12 12:52:00,67.8
2025-06-12 18:41:00,64.1
2025-06-12 05:46:00,50.475078938135894
2025-06-12 01:08:00,65.7
2025-06-12 04:32:00,94.7
2025-06-12 01:04:00,84.4
2025-06-12 00:30:00,96.6
2025-06-12 15:26:00,92.5
2025-06-12 18:27:00,50.475078938135894
2025-06-12 08:06:00,91.1
2025-06-12 13:13:00,1.1
2025-06-12 11:55:00,76.1
2025-06-12 20:01:00,50.475078938135894
2025-06-12 16:03:00,50.475078938135894
2025-06-12 18:51:00,0.7
2025-06-12 15:58:00,32.9
2025-06-12 21:56:00,55.9
2025-06-12 00:03:00,98.7
2025-06-12 06:06:00,98.0
2025-06-12 00:28:00,90.3
2025-06-12 19:31:00,50.2
2025-06-12 12:46:00,89.9
2025-06-12 19:04:00,50.475078938135894
2025-06-12 04:12:00,50.475078938135894
2025-06-12 06:42:00,61.2
2025-06-12 04:04:00,50.2
2025-06-12 16:52:00,16.3
2025-06-12 19:07:00,71.2
2025-06-12 07:44:00,18.1
2025-06-12 18:24:00,31.2
2025-06-12 09:22:00,87.5
2025-06-12 10:50:00,65.0
2025-06-12 22:41:00,39.3
2025-06-12 01:29:00,9.2
2025-06-12 22:09:00,50.475078938135894
2025-06-12 10:12:00,50.475078938135894
2025-06-12 13:04:00,89.0
2025-06-12 15:23:00,19.9
2025-06-12 22:33:00,98.7
2025-06-12 14:49:00,50.475078938135894
2025-06-12 07:19:00,45.7
2025-06-12 04:59:00,60.1
2025-06-12 13:06:00,69.1
2025-06-12 07:52:00,91.7
2025-06-12 22:16:00,22.0
2025-06-12 18:59:00,53.6
2025-06-12 18:55:00,23.7
2025-06-12 06:17:00,44.2
2025-06-12 05:39:00,12.7
2025-06-12 18:10:00,50.475078938135894
2025-06-12 19:28:00,99.5
2025-06-12 14:00:00,84.5
2025-06-12 00:43:00,67.4
2025-06-12 02:35:00,69.5
2025-06-12 20:18:00,19.9
2025-06-12 23:39:00,99.7
2025-06-12 05:38:00,43.4
2025-06-12 00:30:00,92.3
2025-06-12 17:06:00,81.7
2025-06-12 13:55:00,89.7
2025-06-12 12:32:00,48.1
2025-06-12 20:07:00,50.475078938135894
2025-06-12 06:56:00,7.9
2025-06-12 20:36:00,29.0
2025-06-12 02:44:00,63.2
2025-06-12 11:07:00,50.475078938135894
2025-06-12 12:51:00,53.0
2025-06-12 14:03:00,75.0
2025-06-12 22:38:00,54.2
2025-06-12 10:57:00,19.1
2025-06-12 12:36:00,61.6
2025-06-12 00:42:00,50.475078938135894
2025-06-12 20:51:00,58.1
2025-06-12 04:50:00,5.2
2025-06-12 14:16:00,50.475078938135894
2025-06-12 00:34:00,35.8
2025-06-12 02:42:00,27.4
2025-06-12 05:40:00,84.3
2025-06-12 07:30:00,54.6
2025-06-12 23:45:00,95.1
2025-06-12 04:23:00,45.2
2025-06-12 01:43:00,25.7
2025-06-12 01:15:00,50.475078938135894
2025-06-12 10:51:00,39.5
2025-06-12 15:57:00,74.8
2025-06-12 23:30:00,16.5
2025-06-12 14:18:00,30.5
2025-06-12 06:10:00,64.6
2025-06-12 17:10:00,6.2
2025-06-12 05:39:00,43.3
2025-06-12 16:10:00,37.6
2025-06-12 01:53:00,8.7
2025-06-12 23:43:00,50.475078938135894
2025-06-12 20:30:00,8.8
2025-06-12 06:31:00,38.0
2025-06-12 19:41:00,50.475078938135894
2025-06-12 16:46:00,65.6
2025-06-12 20:37:00,15.1
2025-06-12 14:39:00,38.0
2025-06-12 23:24:00,42.8
2025-06-12 07:34:00,20.3
2025-06-12 02:56:00,45.3
2025-06-12 15:19:00,83.6
2025-06-12 06:55:00,50.475078938135894
2025-06-12 21:12:00,74.9
2025-06-12 21:17:00,12.5
2025-06-12 09:14:00,91.1
2025-06-12 03:24:00,32.9
2025-06-12 05:06:00,53.8
2025-06-12 17:43:00,69.9
2025-06-12 05:47:00,10.6
2025-06-12 14:58:00,36.0
2025-06-12 12:59:00,18.9
2025-06-12 08:02:00,49.4
2025-06-12 13:15:00,50.475078938135894
2025-06-12 09:56:00,50.475078938135894
2025-06-12 22:41:00,29.2
2025-06-12 09:13:00,36.8
2025-06-12 09:13:00,15.6
2025-06-12 04:20:00,50.475078938135894
2025-06-12 09:36:00,3.1
2025-06-12 08:58:00,61.2
2025-06-12 13:56:00,48.1
2025-06-12 22:02:00,24.5
2025-06-12 20:00:00,97.3
2025-06-12 17:08:00,18.0
2025-06-12 02:40:00,72.1
2025-06-12 01:01:00,59.3
2025-06-12 13:47:00,58.5
2025-06-12 00:02:00,50.475078938135894
2025-06-12 01:07:00,75.3
2025-06-12 15:49:00,13.9
2025-06-12 21:37:00,33.0
2025-06-12 20:40:00,98.6
2025-06-12 13:23:00,34.2
2025-06-12 09:36:00,39.7
2025-06-12 09:48:00,12.3
2025-06-12 17:55:00,63.1
2025-06-12 10:55:00,26.4
2025-06-12 07:08:00,79.3
2025-06-12 03:27:00,72.0
2025-06-12 16:13:00,50.475078938135894
2025-06-12 12:50:00,20.8
2025-06-12 21:21:00,50.475078938135894
2025-06-12 09:27:00,42.3
2025-06-12 22:29:00,38.8
2025-06-12 01:00:00,93.1
2025-06-12 05:13:00,40.5
2025-06-12 19:02:00,60.8
2025-06-12 11:58:00,50.475078938135894
2025-06-12 05:32:00,75.4
2025-06-12 10:30:00,47.4
2025-06-12 08:54:00,20.1
2025-06-12 15:13:00,76.9
2025-06-12 23:05:00,10.7
2025-06-12 17:08:00,33.4
2025-06-12 06:45:00,17.1
2025-06-12 19:26:00,21.4
2025-06-12 09:06:00,50.475078938135894
2025-06-12 07:27:00,50.475078938135894
2025-06-12 01:36:00,50.475078938135894
2025-06-12 21:58:00,58.8
2025-06-12 03:20:00,93.5
2025-06-12 17:31:00,97.1
2025-06-12 03:29:00,68.7
2025-06-12 01:09:00,67.5
2025-06-12 09:34:00,93.2
2025-06-12 13:47:00,50.475078938135894
2025-06-12 11:34:00,80.3
2025-06-12 04:15:00,7.5
2025-06-12 19:00:00,79.8
2025-06-12 10:40:00,50.475078938135894
2025-06-12 16:19:00,0.5
2025-06-12 01:28:00,9.4
2025-06-12 06:41:00,21.6
2025-06-12 09:08:00,31.9
2025-06-12 17:01:00,0.9
2025-06-12 07:31:00,55.6
2025-06-12 21:01:00,15.5
2025-06-12 10:21:00,88.8
2025-06-12 05:59:00,29.6
2025-06-12 03:41:00,14.1
2025-06-12 18:52:00,76.1
2025-06-12 13:57:00,19.0
2025-06-12 15:22:00,95.8
2025-06-12 17:29:00,82.3
2025-06-12 09:30:00,35.0
2025-06-12 02:36:00,47.1
2025-06-12 18:59:00,68.9
2025-06-12 04:46:00,99.4
2025-06-12 02:48:00,10.0
2025-06-12 04:41:00,50.475078938135894
2025-06-12 22:08:00,61.3
2025-06-12 12:15:00,63.0
2025-06-12 20:52:00,70.7
2025-06-12 23:08:00,96.0
2025-06-12 12:28:00,50.475078938135894
2025-06-12 02:26:00,86.4
2025-06-12 23:51:00,57.7
2025-06-12 13:26:00,85.2
2025-06-12 17:49:00,59.8
2025-06-12 20:09:00,49.8
2025-06-12 20:09:00,73.2
2025-06-12 03:01:00,30.4
2025-06-12 04:55:00,50.475078938135894
2025-06-12 11:54:00,84.3
2025-06-12 09:47:00,7.4
2025-06-12 08:17:00,59.8
2025-06-12 17:03:00,38.1
2025-06-12 01:46:00,50.475078938135894
2025-06-12 16:46:00,54.9
2025-06-12 15:09:00,50.475078938135894
2025-06-12 05:25:00,11.8
2025-06-12 16:40:00,46.5
2025-06-12 00:47:00,13.6
2025-06-12 17:40:00,13.1
2025-06-12 07:12:00,79.0
2025-06-12 19:47:00,76.2
2025-06-12 09:31:00,11.4
2025-06-12 10:38:00,14.5
2025-06-12 15:12:00,99.2
2025-06-12 13:34:00,0.8
2025-06-12 16:44:00,11.9
2025-06-12 18:16:00,37.2
2025-06-12 19:15:00,33.0
2025-06-12 09:29:00,93.6
2025-06-12 02:14:00,30.8
2025-06-12 08:59:00,37.2
2025-06-12 19:51:00,48.0
2025-06-12 16:05:00,26.0
2025-06-12 00:44:00,4.3
2025-06-12 03:06:00,43.9
2025-06-12 10:56:00,47.8
2025-06-12 22:17:00,57.5
2025-06-12 03:32:00,59.2
2025-06-12 04:03:00,2.4
2025-06-12 01:17:00,58.1
2025-06-12 16:38:00,55.0
2025-06-12 11:38:00,12.0
2025-06-12 23:30:00,89.5
2025-06-12 15:53:00,50.475078938135894
2025-06-12 02:32:00,50.3
2025-06-12 03:29:00,43.1
2025-06-12 08:39:00,20.2
2025-06-12 17:00:00,50.475078938135894
2025-06-12 10:30:00,47.5
2025-06-12 00:05:00,17.6
2025-06-12 10:54:00,50.475078938135894
2025-06-12 04:55:00,31.3
2025-06-12 08:13:00,68.5
2025-06-12 22:32:00,28.4
2025-06-12 13:43:00,49.5
2025-06-12 18:52:00,81.3
2025-06-12 01:30:00,16.0
2025-06-12 12:33:00,64.8
2025-06-12 14:44:00,93.7
2025-06-12 21:48:00,26.9
2025-06-12 07:23:00,41.9
2025-06-12 18:22:00,59.9
2025-06-12 09:28:00,96.0
2025-06-12 14:17:00,76.1
2025-06-12 04:29:00,63.1
2025-06-12 12:14:00,46.4
2025-06-12 13:30:00,45.6
2025-06-12 03:38:00,1.0
2025-06-12 12:36:00,76.8
2025-06-12 06:48:00,88.7
2025-06-12 11:14:00,13.4
2025-06-12 19:17:00,89.5
2025-06-12 13:41:00,53.4
2025-06-12 05:25:00,50.475078938135894
2025-06-12 01:43:00,54.8
2025-06-12 16:29:00,65.2
2025-06-12 03:10:00,59.5
2025-06-12 22:56:00,17.0
2025-06-12 15:34:00,53.7
2025-06-12 22:09:00,63.2
2025-06-12 14:08:00,14.4
2025-06-12 10:36:00,50.475078938135894
2025-06-12 12:30:00,50.475078938135894
2025-06-12 02:11:00,50.475078938135894
2025-06-12 01:15:00,27.1
2025-06-12 01:58:00,77.6
2025-06-12 03:11:00,31.1
2025-06-12 17:08:00,53.3
2025-06-12 07:15:00,64.3
2025-06-12 09:11:00,85.3
2025-06-12 01:15:00,25.6
2025-06-12 21:51:00,82.5
2025-06-12 14:55:00,24.3
2025-06-12 01:09:00,16.8
2025-06-12 21:28:00,75.2
2025-06-12 19:37:00,93.2
2025-06-12 09:20:00,82.1
2025-06-12 00:14:00,50.475078938135894
2025-06-12 15:27:00,80.6
2025-06-12 14:45:00,38.7
2025-06-12 03:33:00,50.1
2025-06-12 13:19:00,65.8
2025-06-12 22:07:00,18.1
2025-06-12 00:00:00,38.5
2025-06-12 01:45:00,21.8
2025-06-12 02:50:00,4.3
2025-06-12 06:19:00,87.1
2025-06-12 02:50:00,12.1
2025-06-12 20:49:00,2.7
2025-06-12 15:47:00,53.8
2025-06-12 22:59:00,50.492298592215775
2025-06-12 04:42:00,65.4
2025-06-12 16:20:00,92.5
2025-06-12 13:49:00,50.492298592215775
2025-06-12 02:49:00,95.3
2025-06-12 16:55:00,15.6
2025-06-12 12:14:00,58.9
2025-06-12 12:46:00,50.492298592215775
2025-06-12 12:40:00,14.5
2025-06-12 15:28:00,46.3
2025-06-12 11:32:00,96.7
2025-06-12 18:19:00,50.492298592215775
2025-06-12 17:59:00,29.7
2025-06-12 22:48:00,73.7
2025-06-12 03:24:00,35.5
2025-06-12 18:53:00,62.6
2025-06-12 12:48:00,63.6
2025-06-12 02:19:00,2.8
2025-06-12 20:27:00,33.7
2025-06-12 04:37:00,59.9
2025-06-12 14:01:00,30.9
2025-06-12 18:53:00,36.5
2025-06-12 15:10:00,7.3
2025-06-12 19:17:00,54.2
2025-06-12 18:07:00,66.3
2025-06-12 07:26:00,78.3
2025-06-12 19:49:00,30.8
2025-06-12 14:14:00,88.2
2025-06-12 12:03:00,60.7
2025-06-12 06:38:00,98.1
2025-06-12 14:23:00,50.492298592215775
2025-06-12 00:28:00,87.6
2025-06-12 14:31:00,19.5
2025-06-12 23:41:00,84.1
2025-06-12 05:50:00,50.492298592215775
2025-06-12 11:16:00,88.3
2025-06-12 09:15:00,45.1
2025-06-12 05:45:00,20.6
2025-06-12 17:16:00,19.1
2025-06-12 01:48:00,69.4
2025-06-12 17:44:00,59.9
2025-06-12 11:21:00,95.3
2025-06-12 00:52:00,51.1
2025-06-12 15:25:00,81.4
2025-06-12 10:24:00,3.9
2025-06-12 22:14:00,37.8
2025-06-12 14:42:00,14.2
2025-06-12 23:49:00,62.9
2025-06-12 02:38:00,82.7
2025-06-12 14:28:00,26.0
2025-06-12 21:05:00,5.9
2025-06-12 03:08:00,50.492298592215775
2025-06-12 17:55:00,36.2
2025-06-12 21:06:00,46.1
2025-06-12 04:26:00,69.9
2025-06-12 08:24:00,50.492298592215775
2025-06-12 23:30:00,72.1
2025-06-12 15:24:00,89.5
2025-06-12 18:56:00,99.8
2025-06-12 16:16:00,95.4
2025-06-12 15:57:00,14.7
2025-06-12 01:31:00,75.4
2025-06-12 12:55:00,10.5
2025-06-12 17:22:00,89.6
2025-06-12 23:07:00,35.6
2025-06-12 15:00:00,17.9
2025-06-12 06:05:00,50.492298592215775
2025-06-12 21:16:00,14.6
2025-06-12 15:08:00,9.7
2025-06-12 09:18:00,25.1
2025-06-12 13:11:00,65.9
2025-06-12 20:39:00,49.6
2025-06-12 15:25:00,20.7
2025-06-12 14:31:00,54.5
2025-06-12 15:26:00,55.6
2025-06-12 02:24:00,70.3
2025-06-12 20:15:00,52.2
2025-06-12 16:13:00,54.1
2025-06-12 08:56:00,39.8
2025-06-12 07:29:00,49.2
2025-06-12 08:50:00,5.1
2025-06-12 13:41:00,36.6
2025-06-12 17:30:00,64.3
2025-06-12 20:15:00,73.9
2025-06-12 10:29:00,57.0
2025-06-12 18:22:00,80.6
2025-06-12 10:18:00,50.492298592215775
2025-06-12 17:06:00,13.5
2025-06-12 14:31:00,27.4
2025-06-12 10:31:00,59.0
2025-06-12 04:12:00,50.492298592215775
2025-06-12 15:46:00,62.7
2025-06-12 20:19:00,24.3
2025-06-12 20:09:00,50.492298592215775
2025-06-12 11:15:00,6.3
2025-06-12 02:00:00,50.492298592215775
2025-06-12 05:51:00,93.7
2025-06-12 10:30:00,38.1
2025-06-12 09:51:00,86.5
2025-06-12 22:25:00,70.1
2025-06-12 15:16:00,32.3
2025-06-12 20:38:00,4.5
2025-06-12 19:31:00,13.8
2025-06-12 20:13:00,50.492298592215775
2025-06-12 06:04:00,73.4
2025-06-12 23:06:00,69.4
2025-06-12 21:51:00,17.2
2025-06-12 22:36:00,79.4
2025-06-12 00:16:00,62.3
2025-06-12 18:15:00,93.8
2025-06-12 01:38:00,99.0
2025-06-12 08:36:00,4.0
2025-06-12 01:46:00,50.492298592215775
2025-06-12 10:20:00,98.5
2025-06-12 19:09:00,76.2
2025-06-12 05:53:00,13.9
2025-06-12 16:42:00,88.3
2025-06-12 03:39:00,83.3
2025-06-12 04:04:00,52.9
2025-06-12 20:59:00,35.9
2025-06-12 15:53:00,31.4
2025-06-12 15:34:00,81.0
2025-06-12 22:57:00,30.2
2025-06-12 09:42:00,6.7
2025-06-12 13:44:00,36.7
2025-06-12 11:44:00,29.9
2025-06-12 07:32:00,71.8
2025-06-12 01:27:00,27.3
2025-06-12 18:45:00,17.9
2025-06-12 16:53:00,87.3
2025-06-12 08:31:00,49.3
2025-06-12 14:51:00,72.1
2025-06-12 15:31:00,37.2
2025-06-12 23:07:00,98.8
2025-06-12 22:30:00,98.5
2025-06-12 14:36:00,82.3
2025-06-12 23:37:00,65.7
2025-06-12 20:45:00,50.492298592215775
2025-06-12 10:58:00,96.0
2025-06-12 15:10:00,84.9
2025-06-12 23:56:00,34.2
2025-06-12 15:18:00,82.6
2025-06-12 10:16:00,79.5
2025-06-12 08:37:00,8.8
2025-06-12 06:52:00,54.5
2025-06-12 08:02:00,79.7
2025-06-12 14:09:00,55.8
2025-06-12 06:59:00,95.8
2025-06-12 01:05:00,87.8
2025-06-12 17:19:00,33.7
2025-06-12 06:41:00,58.4
2025-06-12 06:59:00,38.5
2025-06-12 23:02:00,40.2
2025-06-12 06:12:00,95.4
2025-06-12 22:00:00,62.8
2025-06-12 17:34:00,50.492298592215775
2025-06-12 10:23:00,92.6
2025-06-12 00:36:00,15.5
2025-06-12 16:37:00,50.492298592215775
2025-06-12 06:08:00,50.492298592215775
2025-06-12 03:45:00,22.5
2025-06-12 21:49:00,95.1
2025-06-12 22:20:00,50.492298592215775
2025-06-12 11:34:00,97.4
2025-06-12 16:37:00,50.492298592215775
2025-06-12 14:08:00,50.492298592215775
2025-06-12 09:23:00,47.6
2025-06-12 13:36:00,9.6
2025-06-12 12:44:00,83.8
2025-06-12 08:21:00,80.2
2025-06-12 19:07:00,47.5
2025-06-12 03:21:00,50.492298592215775
2025-06-12 02:51:00,11.7
2025-06-12 08:58:00,50.492298592215775
2025-06-12 07:49:00,50.492298592215775
2025-06-12 18:40:00,61.0
2025-06-12 12:17:00,43.8
2025-06-12 20:47:00,91.9
2025-06-12 15:59:00,59.7
2025-06-12 13:52:00,67.1
2025-06-12 17:13:00,26.7
2025-06-12 07:46:00,73.6
2025-06-12 06:05:00,81.9
2025-06-12 18:22:00,91.1
2025-06-12 04:15:00,50.492298592215775
2025-06-12 09:54:00,79.3
2025-06-12 03:45:00,42.1
2025-06-12 17:33:00,77.7
2025-06-12 11:05:00,97.0
2025-06-12 15:47:00,34.3
2025-06-12 07:50:00,50.492298592215775
2025-06-12 04:34:00,47.8
2025-06-12 08:03:00,48.3
2025-06-12 08:22:00,27.4
2025-06-12 02:30:00,12.2
2025-06-12 05:26:00,59.3
2025-06-12 12:13:00,92.1
2025-06-12 09:25:00,68.2
2025-06-12 08:34:00,41.4
2025-06-12 23:17:00,50.492298592215775
2025-06-12 21:20:00,46.0
2025-06-12 19:14:00,50.492298592215775
2025-06-12 01:32:00,74.0
2025-06-12 01:11:00,34.5
2025-06-12 21:14:00,20.5
2025-06-12 07:41:00,64.8
2025-06-12 20:20:00,42.4
2025-06-12 11:57:00,99.8
2025-06-12 07:16:00,27.6
2025-06-12 12:30:00,4.5
2025-06-12 22:13:00,76.5
2025-06-12 08:52:00,61.6
2025-06-12 04:45:00,72.9
2025-06-12 23:14:00,87.0
2025-06-12 18:02:00,31.2
2025-06-12 10:05:00,91.8
2025-06-12 10:04:00,50.492298592215775
2025-06-12 05:19:00,56.2
2025-06-12 04:36:00,81.1
2025-06-12 19:07:00,42.2
2025-06-12 13:32:00,57.5
2025-06-12 12:21:00,95.8
2025-06-12 10:03:00,39.8
2025-06-12 15:05:00,21.7
2025-06-12 02:44:00,50.492298592215775
2025-06-12 05:45:00,50.492298592215775
2025-06-12 05:12:00,8.0
2025-06-12 19:40:00,84.9
2025-06-12 03:47:00,2.1
2025-06-12 02:12:00,14.7
2025-06-12 01:37:00,82.2
2025-06-12 19:04:00,50.492298592215775
2025-06-12 20:36:00,48.7
2025-06-12 22:39:00,13.9
2025-06-12 07:26:00,16.8
2025-06-12 23:49:00,8.8
2025-06-12 11:48:00,37.7
2025-06-12 21:10:00,29.9
2025-06-12 15:20:00,50.492298592215775
2025-06-12 15:56:00,51.5
2025-06-12 06:58:00,7.8
2025-06-12 16:53:00,9.1
2025-06-12 08:27:00,82.5
2025-06-12 21:19:00,10.4
2025-06-12 07:28:00,11.1
2025-06-12 19:57:00,27.3
2025-06-12 00:35:00,11.6
2025-06-12 20:30:00,50.492298592215775
2025-06-12 02:32:00,78.6
2025-06-12 06:39:00,86.5
2025-06-12 11:24:00,95.4
2025-06-12 13:28:00,0.2
2025-06-12 00:57:00,73.8
2025-06-12 19:34:00,50.492298592215775
2025-06-12 15:04:00,50.492298592215775
2025-06-12 12:45:00,13.3
2025-06-12 16:01:00,50.492298592215775
2025-06-12 11:01:00,47.7
2025-06-12 11:47:00,79.8
2025-06-12 07:49:00,18.9
2025-06-12 01:39:00,45.2
2025-06-12 00:14:00,76.6
2025-06-12 12:16:00,46.5
2025-06-12 00:13:00,50.492298592215775
2025-06-12 21:45:00,34.7
2025-06-12 16:02:00,51.6
2025-06-12 22:06:00,64.1
2025-06-12 12:35:00,7.5
2025-06-12 11:19:00,30.9
2025-06-12 02:41:00,57.6
2025-06-12 07:08:00,36.4
2025-06-12 14:39:00,74.1
2025-06-12 03:12:00,88.5
2025-06-12 06:44:00,95.2
2025-06-12 07:16:00,52.9
2025-06-12 11:18:00,50.492298592215775
2025-06-12 14:14:00,8.0
2025-06-12 10:08:00,18.0
2025-06-12 19:11:00,69.1
2025-06-12 19:06:00,42.6
2025-06-12 20:28:00,4.8
2025-06-12 22:37:00,50.492298592215775
2025-06-12 01:01:00,27.9
2025-06-12 03:21:00,4.4
2025-06-12 12:07:00,5.1
2025-06-12 18:19:00,19.1
2025-06-12 23:41:00,95.6
2025-06-12 19:09:00,91.2
2025-06-12 02:31:00,53.7
2025-06-12 14:00:00,86.2
2025-06-12 12:33:00,69.2
2025-06-12 12:03:00,50.492298592215775
2025-06-12 03:17:00,50.492298592215775
2025-06-12 00:58:00,69.7
2025-06-12 16:19:00,50.492298592215775
2025-06-12 07:19:00,44.2
2025-06-12 02:05:00,67.3
2025-06-12 09:39:00,68.9
2025-06-12 22:38:00,64.3
2025-06-12 16:08:00,71.8
2025-06-12 05:53:00,2.5
2025-06-12 16:27:00,12.7
2025-06-12 03:38:00,88.8
2025-06-12 04:04:00,68.8
2025-06-12 15:16:00,48.7
2025-06-12 21:56:00,50.492298592215775
2025-06-12 20:26:00,0.9
2025-06-12 08:35:00,58.4
2025-06-12 11:01:00,32.4
2025-06-12 03:52:00,26.8
2025-06-12 17:38:00,50.492298592215775
2025-06-12 19:19:00,27.3
2025-06-12 07:28:00,50.492298592215775
2025-06-12 16:08:00,25.9
2025-06-12 06:32:00,50.492298592215775
2025-06-12 20:09:00,86.1
2025-06-12 06:12:00,84.8
2025-06-12 21:55:00,50.492298592215775
2025-06-12 03:04:00,76.7
2025-06-12 09:52:00,4.7
2025-06-12 14:09:00,60.1
2025-06-12 01:06:00,46.0
2025-06-12 18:56:00,53.5
2025-06-12 21:41:00,83.4
2025-06-12 10:25:00,42.3
2025-06-12 07:31:00,88.5
2025-06-12 21:37:00,20.5
2025-06-12 02:00:00,74.1
2025-06-12 01:02:00,77.4
2025-06-12 03:37:00,8.6
2025-06-12 01:38:00,86.1
2025-06-12 17:15:00,95.0
2025-06-12 23:26:00,50.492298592215775
2025-06-12 14:12:00,50.492298592215775
2025-06-12 16:56:00,88.5
2025-06-12 18:07:00,15.4
2025-06-12 12:39:00,61.5
2025-06-12 14:11:00,69.6
2025-06-12 11:17:00,91.1
2025-06-12 01:31:00,83.4
2025-06-12 06:51:00,91.8
2025-06-12 17:37:00,99.8
2025-06-12 10:18:00,97.9
2025-06-12 14:19:00,17.0
2025-06-12 01:16:00,52.2
2025-06-12 19:59:00,22.9
2025-06-12 13:40:00,89.4
2025-06-12 04:56:00,50.492298592215775
2025-06-12 03:40:00,87.5
2025-06-12 08:03:00,28.4
2025-06-12 05:47:00,65.8
2025-06-12 15:37:00,50.492298592215775
2025-06-12 02:47:00,27.9
2025-06-12 10:32:00,50.8
2025-06-12 11:29:00,27.6
2025-06-12 02:06:00,3.7
2025-06-12 17:04:00,80.8
2025-06-12 01:35:00,50.492298592215775
2025-06-12 14:29:00,64.2
2025-06-12 14:58:00,74.3
2025-06-12 19:55:00,50.190676567656766
2025-06-12 09:24:00,73.7
2025-06-12 20:19:00,50.190676567656766
2025-06-12 02:35:00,50.190676567656766
2025-06-12 06:38:00,11.2
2025-06-12 13:05:00,18.5
2025-06-12 06:41:00,95.7
2025-06-12 05:04:00,98.7
2025-06-12 17:06:00,9.3
2025-06-12 13:44:00,14.4
2025-06-12 00:02:00,81.0
2025-06-12 18:42:00,39.7
2025-06-12 02:55:00,20.2
2025-06-12 17:18:00,19.1
2025-06-12 13:42:00,68.4
2025-06-12 12:05:00,2.0
2025-06-12 23:55:00,50.190676567656766
2025-06-12 15:15:00,32.2
2025-06-12 18:02:00,49.3
2025-06-12 03:51:00,50.190676567656766
2025-06-12 09:17:00,50.190676567656766
2025-06-12 22:24:00,15.5
2025-06-12 04:38:00,51.7
2025-06-12 09:31:00,22.5
2025-06-12 16:17:00,17.3
2025-06-12 13:01:00,68.5
2025-06-12 07:21:00,60.8
2025-06-12 19:41:00,27.9
2025-06-12 02:42:00,20.4
2025-06-12 00:37:00,36.2
2025-06-12 23:09:00,61.4
2025-06-12 09:00:00,92.0
2025-06-12 00:11:00,16.9
2025-06-12 11:11:00,25.7
2025-06-12 22:27:00,5.3
2025-06-12 15:31:00,41.6
2025-06-12 16:53:00,74.8
2025-06-12 14:52:00,2.1
2025-06-12 09:04:00,50.190676567656766
2025-06-12 14:04:00,88.5
2025-06-12 11:24:00,36.7
2025-06-12 21:50:00,39.7
2025-06-12 04:57:00,50.190676567656766
2025-06-12 18:10:00,58.1
2025-06-12 07:24:00,99.2
2025-06-12 04:35:00,21.8
2025-06-12 04:04:00,15.0
2025-06-12 03:18:00,56.9
2025-06-12 19:58:00,19.2
2025-06-12 10:54:00,50.190676567656766
2025-06-12 04:36:00,50.190676567656766
2025-06-12 14:08:00,50.190676567656766
2025-06-12 18:03:00,88.7
2025-06-12 01:49:00,14.7
2025-06-12 03:52:00,22.3
2025-06-12 00:40:00,17.2
2025-06-12 13:40:00,50.190676567656766
2025-06-12 18:18:00,73.6
2025-06-12 15:53:00,47.6
2025-06-12 15:11:00,66.8
2025-06-12 17:19:00,72.0
2025-06-12 05:07:00,9.4
2025-06-12 18:21:00,89.6
2025-06-12 15:54:00,30.5
2025-06-12 01:26:00,50.190676567656766
2025-06-12 01:51:00,43.0
2025-06-12 20:30:00,51.3
2025-06-12 07:49:00,74.2
2025-06-12 05:45:00,9.7
2025-06-12 21:35:00,50.190676567656766
2025-06-12 10:34:00,50.190676567656766
2025-06-12 19:08:00,54.4
2025-06-12 01:08:00,75.3
2025-06-12 00:02:00,18.6
2025-06-12 11:55:00,50.190676567656766
2025-06-12 08:32:00,0.1
2025-06-12 08:24:00,25.9
2025-06-12 00:43:00,1.5
2025-06-12 23:55:00,87.0
2025-06-12 21:07:00,22.1
2025-06-12 13:18:00,1.6
2025-06-12 05:19:00,50.190676567656766
2025-06-12 03:04:00,83.6
2025-06-12 23:03:00,50.190676567656766
2025-06-12 14:48:00,50.190676567656766
2025-06-12 00:32:00,29.0
2025-06-12 22:57:00,82.9
2025-06-12 16:59:00,44.6
2025-06-12 07:12:00,52.9
2025-06-12 12:57:00,50.8
2025-06-12 04:17:00,46.1
2025-06-12 09:10:00,13.0
2025-06-12 14:45:00,62.8
2025-06-12 18:40:00,82.6
2025-06-12 15:36:00,98.7
2025-06-12 15:41:00,19.2
2025-06-12 03:50:00,24.1
2025-06-12 18:09:00,50.190676567656766
2025-06-12 22:30:00,50.190676567656766
2025-06-12 04:34:00,50.190676567656766
2025-06-12 21:29:00,44.9
2025-06-12 14:39:00,75.1
2025-06-12 11:22:00,5.8
2025-06-12 00:50:00,95.3
2025-06-12 06:50:00,52.7
2025-06-12 15:33:00,50.190676567656766
2025-06-12 03:34:00,50.190676567656766
2025-06-12 20:50:00,83.0
2025-06-12 09:50:00,97.2
2025-06-12 14:22:00,95.0
2025-06-12 12:53:00,50.190676567656766
2025-06-12 12:25:00,13.3
2025-06-12 20:39:00,18.1
2025-06-12 22:36:00,25.5
2025-06-12 22:52:00,35.9
2025-06-12 05:38:00,88.0
2025-06-12 01:52:00,83.9
2025-06-12 07:18:00,40.0
2025-06-12 10:03:00,56.6
2025-06-12 06:57:00,50.190676567656766
2025-06-12 08:57:00,24.8
2025-06-12 09:44:00,89.7
2025-06-12 00:01:00,50.190676567656766
2025-06-12 05:58:00,32.4
2025-06-12 08:59:00,35.9
2025-06-12 00:35:00,76.4
2025-06-12 06:37:00,50.190676567656766
2025-06-12 17:27:00,50.190676567656766
2025-06-12 20:58:00,50.190676567656766
2025-06-12 02:44:00,34.9
2025-06-12 14:55:00,92.7
2025-06-12 07:24:00,54.4
2025-06-12 20:35:00,50.190676567656766
2025-06-12 09:26:00,94.3
2025-06-12 23:36:00,22.4
2025-06-12 15:12:00,66.7
2025-06-12 19:54:00,68.7
2025-06-12 12:10:00,20.1
2025-06-12 23:44:00,59.0
2025-06-12 13:34:00,29.7
2025-06-12 19:18:00,35.5
2025-06-12 19:43:00,42.2
2025-06-12 06:49:00,50.190676567656766
2025-06-12 07:47:00,61.6
2025-06-12 07:02:00,21.0
2025-06-12 23:03:00,5.2
2025-06-12 03:50:00,37.6
2025-06-12 01:34:00,42.4
2025-06-12 21:24:00,89.2
2025-06-12 09:29:00,21.6
2025-06-12 18:25:00,62.9
2025-06-12 10:19:00,32.4
2025-06-12 17:58:00,31.3
2025-06-12 13:15:00,50.190676567656766
2025-06-12 22:16:00,50.190676567656766
2025-06-12 10:39:00,50.190676567656766
2025-06-12 20:35:00,26.6
2025-06-12 13:19:00,94.2
2025-06-12 20:10:00,51.8
2025-06-12 05:28:00,14.2
2025-06-12 20:04:00,90.7
2025-06-12 03:54:00,95.1
2025-06-12 04:04:00,71.0
2025-06-12 17:03:00,63.6
2025-06-12 04:23:00,9.9
2025-06-12 19:17:00,19.8
2025-06-12 11:15:00,60.6
2025-06-12 05:55:00,36.6
2025-06-12 03:19:00,66.6
2025-06-12 17:42:00,94.2
2025-06-12 10:21:00,50.190676567656766
2025-06-12 07:16:00,9.7
2025-06-12 14:23:00,51.6
2025-06-12 07:38:00,50.190676567656766
2025-06-12 03:27:00,43.1
2025-06-12 08:31:00,61.8
2025-06-12 01:35:00,54.3
2025-06-12 03:48:00,50.190676567656766
2025-06-12 02:56:00,95.7
2025-06-12 08:45:00,50.190676567656766
2025-06-12 02:29:00,8.5
2025-06-12 19:19:00,19.9
2025-06-12 05:03:00,13.8
2025-06-12 19:05:00,50.190676567656766
2025-06-12 23:46:00,50.190676567656766
2025-06-12 21:57:00,45.6
2025-06-12 04:16:00,17.8
2025-06-12 03:21:00,48.8
2025-06-12 17:23:00,48.8
2025-06-12 06:29:00,5.0
2025-06-12 05:51:00,50.190676567656766
2025-06-12 03:05:00,92.8
2025-06-12 03:11:00,45.8
2025-06-12 16:00:00,50.190676567656766
2025-06-12 16:03:00,25.6
2025-06-12 01:19:00,83.1
2025-06-12 15:10:00,39.9
2025-06-12 22:24:00,49.9
2025-06-12 11:54:00,87.0
2025-06-12 17:57:00,8.1
2025-06-12 07:34:00,13.0
2025-06-12 07:37:00,2.1
2025-06-12 03:07:00,50.190676567656766
2025-06-12 00:37:00,86.0
2025-06-12 10:32:00,57.0
2025-06-12 06:54:00,80.7
2025-06-12 02:59:00,15.1
2025-06-12 21:36:00,11.4
2025-06-12 08:23:00,18.8
2025-06-12 18:10:00,50.190676567656766
2025-06-12 17:39:00,50.7
2025-06-12 11:20:00,50.190676567656766
2025-06-12 20:13:00,88.1
2025-06-12 10:24:00,9.8
2025-06-12 17:24:00,88.3
2025-06-12 02:39:00,69.7
2025-06-12 09:33:00,29.2
2025-06-12 04:16:00,96.9
2025-06-12 10:51:00,82.3
2025-06-12 16:55:00,80.7
2025-06-12 22:27:00,78.1
2025-06-12 07:06:00,74.0
2025-06-12 17:30:00,100.0
2025-06-12 12:49:00,46.8
2025-06-12 17:23:00,12.3
2025-06-12 13:03:00,67.6
2025-06-12 08:34:00,50.190676567656766
2025-06-12 00:07:00,89.2
2025-06-12 11:47:00,10.3
2025-06-12 13:41:00,40.3
2025-06-12 13:04:00,43.5
2025-06-12 08:19:00,19.5
2025-06-12 23:48:00,50.190676567656766
2025-06-12 07:49:00,50.190676567656766
2025-06-12 12:29:00,98.2
2025-06-12 11:33:00,64.5
2025-06-12 14:45:00,58.9
2025-06-12 13:17:00,20.8
2025-06-12 11:25:00,50.190676567656766
2025-06-12 21:20:00,24.0
2025-06-12 12:59:00,50.190676567656766
2025-06-12 14:39:00,97.4
2025-06-12 20:53:00,43.0
2025-06-12 21:49:00,45.9
2025-06-12 23:09:00,4.3
2025-06-12 15:50:00,50.190676567656766
2025-06-12 10:18:00,80.6
2025-06-12 09:06:00,95.1
2025-06-12 00:42:00,24.1
2025-06-12 19:08:00,50.190676567656766
2025-06-12 04:08:00,30.7
2025-06-12 05:02:00,33.9
2025-06-12 03:18:00,57.2
2025-06-12 06:39:00,4.9
2025-06-12 07:16:00,86.7
2025-06-12 07:15:00,46.7
2025-06-12 18:55:00,19.7
2025-06-12 21:30:00,69.0
2025-06-12 10:45:00,31.2
2025-06-12 13:40:00,91.6
2025-06-12 09:27:00,50.190676567656766
2025-06-12 06:55:00,57.3
2025-06-12 05:02:00,14.2
2025-06-12 09:51:00,62.2
2025-06-12 00:53:00,13.0
2025-06-12 20:27:00,98.3
2025-06-12 17:05:00,5.0
2025-06-12 12:33:00,58.0
2025-06-12 13:51:00,80.2
2025-06-12 14:24:00,2.8
2025-06-12 01:48:00,14.2
2025-06-12 19:39:00,32.4
2025-06-12 03:35:00,97.0
2025-06-12 08:22:00,50.190676567656766
2025-06-12 06:35:00,51.0
2025-06-12 15:12:00,20.0
2025-06-12 11:51:00,57.4
2025-06-12 19:21:00,29.4
2025-06-12 14:40:00,3.8
2025-06-12 17:53:00,18.1
2025-06-12 17:29:00,50.190676567656766
2025-06-12 22:27:00,48.7
2025-06-12 04:11:00,4.6
2025-06-12 19:41:00,88.7
2025-06-12 00:06:00,25.8
2025-06-12 05:13:00,14.6
2025-06-12 03:12:00,96.5
2025-06-12 03:48:00,45.3
2025-06-12 13:49:00,34.4
2025-06-12 06:25:00,59.3
2025-06-12 12:53:00,47.1
2025-06-12 23:42:00,42.5
2025-06-12 12:56:00,25.1
2025-06-12 21:28:00,50.8
2025-06-12 22:00:00,50.7
2025-06-12 08:57:00,15.3
2025-06-12 22:00:00,97.5
2025-06-12 10:18:00,50.190676567656766
2025-06-12 02:11:00,7.3
2025-06-12 19:28:00,50.190676567656766
2025-06-12 02:59:00,61.0
2025-06-12 11:43:00,54.3
2025-06-12 21:23:00,81.2
2025-06-12 23:04:00,29.8
2025-06-12 03:47:00,13.3
2025-06-12 00:10:00,10.7
2025-06-12 09:41:00,15.8
2025-06-12 16:59:00,5.8
2025-06-12 17:37:00,60.5
2025-06-12 11:46:00,95.9
2025-06-12 10:46:00,28.4
2025-06-12 00:56:00,50.190676567656766
2025-06-12 08:28:00,60.6
2025-06-12 09:35:00,33.6
2025-06-12 21:07:00,16.5
2025-06-12 14:50:00,86.8
2025-06-12 19:17:00,75.9
2025-06-12 05:53:00,12.4
2025-06-12 02:34:00,96.2
2025-06-12 12:45:00,4.4
2025-06-12 17:21:00,53.2
2025-06-12 02:31:00,60.6
2025-06-12 17:09:00,34.0
2025-06-12 07:11:00,7.4
2025-06-12 03:16:00,54.0
2025-06-12 07:11:00,50.190676567656766
2025-06-12 15:29:00,50.190676567656766
2025-06-12 18:29:00,40.9
2025-06-12 16:33:00,52.3
2025-06-12 05:06:00,22.1
2025-06-12 01:58:00,97.9
2025-06-12 15:33:00,65.3
2025-06-12 17:35:00,78.8
2025-06-12 11:31:00,6.6
2025-06-12 22:54:00,27.2
2025-06-12 06:14:00,66.0
2025-06-12 03:22:00,36.0
2025-06-12 15:15:00,74.5
2025-06-12 04:41:00,91.0
2025-06-12 07:33:00,49.0
2025-06-12 21:18:00,65.7
2025-06-12 10:34:00,18.3
2025-06-12 16:50:00,50.190676567656766
2025-06-12 20:54:00,99.9
2025-06-12 21:36:00,15.7
2025-06-12 02:42:00,23.7
2025-06-12 13:17:00,19.0
2025-06-12 18:07:00,49.69925181201777
2025-06-12 01:02:00,13.4
2025-06-12 01:29:00,58.5
2025-06-12 11:59:00,99.1
2025-06-12 17:44:00,17.3
2025-06-12 20:25:00,49.69925181201777
2025-06-12 09:33:00,42.7
2025-06-12 22:28:00,28.6
2025-06-12 19:53:00,49.69925181201777
2025-06-12 17:03:00,0.2
2025-06-12 08:49:00,1.9
2025-06-12 19:25:00,63.5
2025-06-12 10:56:00,96.5
2025-06-12 16:19:00,49.69925181201777
2025-06-12 20:04:00,76.2
2025-06-12 22:53:00,49.69925181201777
2025-06-12 20:31:00,69.7
2025-06-12 01:09:00,6.0
2025-06-12 15:12:00,47.5
2025-06-12 05:00:00,49.69925181201777
2025-06-12 07:26:00,29.5
2025-06-12 02:13:00,0.8
2025-06-12 16:35:00,44.7
2025-06-12 23:17:00,31.7
2025-06-12 02:51:00,61.3
2025-06-12 20:27:00,21.9
2025-06-12 12:18:00,49.3
2025-06-12 14:27:00,48.8
2025-06-12 09:54:00,66.3
2025-06-12 11:03:00,50.4
2025-06-12 09:06:00,94.6
2025-06-12 02:36:00,20.1
2025-06-12 20:22:00,36.8
2025-06-12 17:28:00,49.69925181201777
2025-06-12 21:37:00,23.2
2025-06-12 20:00:00,76.5
2025-06-12 23:53:00,18.1
2025-06-12 08:53:00,100.0
2025-06-12 16:47:00,71.1
2025-06-12 14:50:00,87.0
2025-06-12 15:28:00,69.4
2025-06-12 19:32:00,36.3
2025-06-12 13:07:00,86.8
2025-06-12 15:16:00,20.1
2025-06-12 07:27:00,35.3
2025-06-12 06:10:00,49.69925181201777
2025-06-12 21:18:00,18.6
2025-06-12 23:50:00,65.9
2025-06-12 08:44:00,84.8
2025-06-12 16:05:00,89.6
2025-06-12 15:58:00,25.0
2025-06-12 01:17:00,17.8
2025-06-12 22:43:00,51.2
2025-06-12 07:17:00,49.69925181201777
2025-06-12 20:08:00,41.0
2025-06-12 11:50:00,49.9
2025-06-12 21:38:00,4.7
2025-06-12 04:18:00,79.4
2025-06-12 13:33:00,92.6
2025-06-12 08:22:00,29.4
2025-06-12 14:40:00,8.6
2025-06-12 04:04:00,70.5
2025-06-12 01:41:00,85.2
2025-06-12 19:04:00,4.1
2025-06-12 23:03:00,49.69925181201777
2025-06-12 14:25:00,23.8
2025-06-12 01:12:00,15.0
2025-06-12 05:56:00,45.3
2025-06-12 20:42:00,48.9
2025-06-12 22:18:00,30.2
2025-06-12 14:26:00,34.1
2025-06-12 22:22:00,29.0
2025-06-12 17:46:00,78.2
2025-06-12 12:56:00,80.6
2025-06-12 01:00:00,8.8
2025-06-12 23:41:00,98.9
2025-06-12 06:12:00,49.69925181201777
2025-06-12 02:53:00,41.6
2025-06-12 13:53:00,53.2
2025-06-12 11:49:00,10.0
2025-06-12 22:22:00,21.2
2025-06-12 02:46:00,24.3
2025-06-12 21:44:00,28.1
2025-06-12 19:05:00,40.0
2025-06-12 06:30:00,60.6
2025-06-12 03:08:00,26.1
2025-06-12 17:13:00,1.1
2025-06-12 16:58:00,43.4
2025-06-12 03:12:00,29.6
2025-06-12 03:56:00,81.8
2025-06-12 20:08:00,49.69925181201777
2025-06-12 21:25:00,90.2
2025-06-12 06:29:00,49.69925181201777
2025-06-12 10:35:00,63.0
2025-06-12 10:25:00,30.2
2025-06-12 04:53:00,60.0
2025-06-12 22:43:00,90.8
2025-06-12 18:13:00,86.4
2025-06-12 13:37:00,79.2
2025-06-12 03:36:00,49.69925181201777
2025-06-12 09:09:00,26.1
2025-06-12 03:07:00,64.0
2025-06-12 10:33:00,47.0
2025-06-12 19:58:00,39.7
2025-06-12 12:44:00,49.69925181201777
2025-06-12 16:26:00,68.5
2025-06-12 01:39:00,81.5
2025-06-12 22:32:00,42.8
2025-06-12 15:22:00,26.9
2025-06-12 02:15:00,49.69925181201777
2025-06-12 23:34:00,29.5
2025-06-12 04:14:00,26.5
2025-06-12 07:39:00,58.1
2025-06-12 05:22:00,49.69925181201777
2025-06-12 22:30:00,60.1
2025-06-12 17:28:00,63.9
2025-06-12 20:08:00,98.6
2025-06-12 20:35:00,86.2
2025-06-12 01:04:00,69.4
2025-06-12 04:48:00,59.6
2025-06-12 20:55:00,98.2
2025-06-12 11:41:00,49.69925181201777
2025-06-12 04:34:00,17.0
2025-06-12 18:58:00,25.6
2025-06-12 17:58:00,91.0
2025-06-12 03:04:00,79.8
2025-06-12 22:49:00,10.9
2025-06-12 08:26:00,45.2
2025-06-12 02:47:00,64.4
2025-06-12 10:25:00,49.69925181201777
2025-06-12 04:01:00,61.5
2025-06-12 04:36:00,43.4
2025-06-12 14:18:00,49.69925181201777
2025-06-12 07:41:00,13.1
2025-06-12 01:23:00,98.6
2025-06-12 14:47:00,68.5
2025-06-12 13:03:00,25.2
2025-06-12 16:43:00,12.2
2025-06-12 06:12:00,72.2
2025-06-12 18:48:00,71.6
2025-06-12 06:54:00,60.6
2025-06-12 22:30:00,67.5
2025-06-12 16:58:00,73.8
2025-06-12 19:15:00,13.9
2025-06-12 19:33:00,49.69925181201777
2025-06-12 19:36:00,0.7
2025-06-12 01:02:00,23.0
2025-06-12 11:07:00,85.0
2025-06-12 19:23:00,49.69925181201777
2025-06-12 11:11:00,68.8
2025-06-12 17:48:00,95.6
2025-06-12 04:22:00,61.0
2025-06-12 09:12:00,24.1
2025-06-12 11:34:00,79.7
2025-06-12 15:46:00,27.7
2025-06-12 08:15:00,49.69925181201777
2025-06-12 17:40:00,41.7
2025-06-12 22:20:00,37.6
2025-06-12 11:54:00,94.2
2025-06-12 17:18:00,24.7
2025-06-12 16:22:00,49.69925181201777
2025-06-12 22:50:00,65.3
2025-06-12 01:40:00,95.9
2025-06-12 04:46:00,49.69925181201777
2025-06-12 14:04:00,49.69925181201777
2025-06-12 20:45:00,45.0
2025-06-12 10:38:00,22.2
2025-06-12 04:16:00,49.69925181201777
2025-06-12 06:07:00,10.9
2025-06-12 07:20:00,71.9
2025-06-12 23:49:00,87.7
2025-06-12 15:58:00,74.1
2025-06-12 13:12:00,99.1
2025-06-12 15:20:00,45.9
2025-06-12 01:30:00,54.2
2025-06-12 01:01:00,50.6
2025-06-12 05:41:00,50.8
2025-06-12 22:20:00,49.69925181201777
2025-06-12 04:58:00,51.8
2025-06-12 22:08:00,53.8
2025-06-12 05:49:00,53.6
2025-06-12 01:51:00,49.69925181201777
2025-06-12 12:33:00,11.9
2025-06-12 22:26:00,36.4
2025-06-12 22:43:00,8.2
2025-06-12 11:27:00,83.9
2025-06-12 12:02:00,19.2
2025-06-12 07:21:00,70.3
2025-06-12 21:05:00,94.9
2025-06-12 19:02:00,95.7
2025-06-12 11:36:00,49.69925181201777
2025-06-12 11:46:00,26.9
2025-06-12 02:30:00,90.0
2025-06-12 11:30:00,61.2
2025-06-12 04:09:00,9.6
2025-06-12 16:20:00,38.5
2025-06-12 00:03:00,61.7
2025-06-12 10:02:00,93.1
2025-06-12 21:17:00,94.9
2025-06-12 18:35:00,49.69925181201777
2025-06-12 04:29:00,55.5
2025-06-12 17:56:00,49.69925181201777
2025-06-12 20:03:00,96.3
2025-06-12 08:11:00,38.6
2025-06-12 17:42:00,47.7
2025-06-12 08:32:00,49.69925181201777
2025-06-12 07:20:00,53.8
2025-06-12 15:04:00,60.4
2025-06-12 09:18:00,49.69925181201777
2025-06-12 02:22:00,28.7
2025-06-12 23:23:00,33.9
2025-06-12 11:11:00,83.6
2025-06-12 13:54:00,73.6
2025-06-12 03:02:00,87.7
2025-06-12 17:43:00,99.0
2025-06-12 03:36:00,52.7
2025-06-12 17:26:00,56.4
2025-06-12 06:14:00,9.9
2025-06-12 16:39:00,69.5
2025-06-12 18:53:00,78.5
2025-06-12 19:55:00,82.9
2025-06-12 17:56:00,56.9
2025-06-12 16:29:00,45.1
2025-06-12 09:20:00,58.0
2025-06-12 01:30:00,39.3
2025-06-12 03:09:00,52.5
2025-06-12 06:27:00,76.8
2025-06-12 14:08:00,14.6
2025-06-12 01:33:00,18.1
2025-06-12 19:36:00,49.69925181201777
2025-06-12 08:03:00,0.4
2025-06-12 06:35:00,74.1
2025-06-12 03:50:00,79.3
2025-06-12 02:11:00,96.5
2025-06-12 04:59:00,87.6
2025-06-12 14:22:00,46.5
2025-06-12 06:56:00,99.4
2025-06-12 05:09:00,49.69925181201777
2025-06-12 23:41:00,71.4
2025-06-12 16:19:00,49.69925181201777
2025-06-12 01:57:00,2.8
2025-06-12 15:38:00,49.69925181201777
2025-06-12 15:55:00,49.69925181201777
2025-06-12 14:58:00,57.3
2025-06-12 05:23:00,67.7
2025-06-12 22:17:00,6.6
2025-06-12 04:20:00,69.4
2025-06-12 16:37:00,35.2
2025-06-12 07:43:00,63.8
2025-06-12 15:00:00,5.5
2025-06-12 14:35:00,67.1
2025-06-12 12:56:00,37.5
2025-06-12 17:48:00,16.9
2025-06-12 07:13:00,69.7
2025-06-12 00:08:00,83.9
2025-06-12 01:47:00,4.3
2025-06-12 22:41:00,22.2
2025-06-12 16:38:00,50.2
2025-06-12 23:01:00,19.4
2025-06-12 22:06:00,88.1
2025-06-12 03:36:00,70.6
2025-06-12 17:18:00,48.0
2025-06-12 23:49:00,54.8
2025-06-12 15:54:00,35.4
2025-06-12 01:39:00,53.5
2025-06-12 01:04:00,82.0
2025-06-12 15:30:00,36.5
2025-06-12 06:11:00,18.6
2025-06-12 22:39:00,58.2
2025-06-12 11:42:00,23.5
2025-06-12 05:59:00,3.2
2025-06-12 10:34:00,75.5
2025-06-12 01:16:00,49.69925181201777
2025-06-12 04:01:00,17.5
2025-06-12 08:11:00,76.1
2025-06-12 07:31:00,49.69925181201777
2025-06-12 17:05:00,27.8
2025-06-12 02:15:00,25.0
2025-06-12 23:53:00,49.69925181201777
2025-06-12 06:32:00,93.6
2025-06-12 18:55:00,6.4
2025-06-12 11:05:00,42.0
2025-06-12 15:08:00,49.69925181201777
2025-06-12 11:56:00,44.1
2025-06-12 09:24:00,69.6
2025-06-12 22:39:00,96.4
2025-06-12 08:17:00,28.3
2025-06-12 08:41:00,49.69925181201777
2025-06-12 17:49:00,61.2
2025-06-12 10:48:00,83.6
2025-06-12 04:25:00,34.4
2025-06-12 10:34:00,49.69925181201777
2025-06-12 17:39:00,24.1
2025-06-12 00:47:00,79.0
2025-06-12 03:52:00,18.3
2025-06-12 12:55:00,49.69925181201777
2025-06-12 13:40:00,83.0
2025-06-12 18:16:00,84.2
2025-06-12 19:38:00,72.4
2025-06-12 13:16:00,85.6
2025-06-12 05:01:00,2.7
2025-06-12 10:16:00,9.8
2025-06-12 11:39:00,1.7
2025-06-12 10:45:00,63.2
2025-06-12 14:46:00,74.5
2025-06-12 07:56:00,9.6
2025-06-12 14:41:00,85.5
2025-06-12 20:35:00,93.5
2025-06-12 23:57:00,97.7
2025-06-12 15:56:00,9.7
2025-06-12 03:54:00,22.1
2025-06-12 02:30:00,49.69925181201777
2025-06-12 08:28:00,18.7
2025-06-12 20:14:00,1.7
2025-06-12 02:06:00,8.5
2025-06-12 05:10:00,39.8
2025-06-12 08:19:00,79.3
2025-06-12 12:33:00,92.1
2025-06-12 17:41:00,18.2
2025-06-12 02:19:00,86.6
2025-06-12 17:19:00,49.69925181201777
2025-06-12 20:14:00,61.6
2025-06-12 16:08:00,82.5
2025-06-12 09:37:00,91.4
2025-06-12 15:02:00,54.1
2025-06-12 19:27:00,49.69925181201777
2025-06-12 18:47:00,97.5
2025-06-12 01:16:00,10.7
2025-06-12 15:00:00,29.0
2025-06-12 14:02:00,27.7
2025-06-12 01:29:00,49.69925181201777
2025-06-12 13:10:00,11.8
2025-06-12 12:27:00,30.6
2025-06-12 22:40:00,29.7
2025-06-12 08:11:00,20.8
2025-06-12 11:20:00,61.8
2025-06-12 08:53:00,74.9
2025-06-12 15:22:00,92.7
2025-06-12 14:58:00,20.4
2025-06-12 10:47:00,46.5
2025-06-12 18:37:00,50.9
2025-06-12 12:31:00,49.69925181201777
2025-06-12 16:22:00,71.3
2025-06-12 12:53:00,49.69925181201777
2025-06-12 00:17:00,4.1
2025-06-12 19:52:00,33.4
2025-06-12 15:45:00,81.9
2025-06-12 13:15:00,48.5
2025-06-12 16:04:00,87.9
2025-06-12 20:44:00,65.2
2025-06-12 23:35:00,8.1
2025-06-12 05:05:00,67.1
2025-06-12 00:36:00,98.8
2025-06-12 02:31:00,39.6
2025-06-12 19:14:00,50.15234640140434
2025-06-12 05:52:00,83.9
2025-06-12 18:40:00,11.3
2025-06-12 09:54:00,21.8
2025-06-12 14:14:00,94.8
2025-06-12 05:54:00,4.5
2025-06-12 18:17:00,50.15234640140434
2025-06-12 11:11:00,8.0
2025-06-12 13:54:00,36.6
2025-06-12 14:27:00,67.6
2025-06-12 06:49:00,50.15234640140434
2025-06-12 14:35:00,88.8
2025-06-12 18:56:00,57.9
2025-06-12 23:18:00,82.4
2025-06-12 23:50:00,42.8
2025-06-12 18:18:00,5.6
2025-06-12 06:48:00,50.15234640140434
2025-06-12 21:48:00,50.15234640140434
2025-06-12 15:33:00,67.3
2025-06-12 10:10:00,61.4
2025-06-12 22:32:00,71.9
2025-06-12 11:37:00,14.7
2025-06-12 11:24:00,65.7
2025-06-12 20:05:00,9.6
2025-06-12 05:29:00,16.9
2025-06-12 02:20:00,12.8
2025-06-12 15:33:00,59.6
2025-06-12 18:32:00,10.4
2025-06-12 23:22:00,49.3
2025-06-12 11:16:00,50.15234640140434
2025-06-12 13:37:00,58.7
2025-06-12 12:27:00,59.0
2025-06-12 05:46:00,33.5
2025-06-12 12:49:00,50.15234640140434
2025-06-12 16:04:00,22.2
2025-06-12 09:40:00,50.15234640140434
2025-06-12 17:25:00,67.9
2025-06-12 18:49:00,72.3
2025-06-12 15:24:00,16.4
2025-06-12 23:36:00,35.9
2025-06-12 22:53:00,4.5
2025-06-12 15:13:00,39.8
2025-06-12 13:26:00,83.4
2025-06-12 16:57:00,90.5
2025-06-12 21:13:00,78.4
2025-06-12 16:29:00,35.5
2025-06-12 19:36:00,97.3
2025-06-12 14:09:00,50.15234640140434
2025-06-12 12:08:00,50.7
2025-06-12 13:58:00,71.8
2025-06-12 08:09:00,47.4
2025-06-12 23:01:00,89.5
2025-06-12 21:53:00,93.1
2025-06-12 07:09:00,61.0
2025-06-12 23:15:00,50.15234640140434
2025-06-12 02:59:00,50.15234640140434
2025-06-12 04:36:00,43.4
2025-06-12 01:57:00,68.6
2025-06-12 15:31:00,50.15234640140434
2025-06-12 18:58:00,42.8
2025-06-12 19:53:00,94.6
2025-06-12 15:02:00,51.7
2025-06-12 05:47:00,98.8
2025-06-12 15:19:00,50.5
2025-06-12 03:08:00,0.0
2025-06-12 13:21:00,50.15234640140434
2025-06-12 11:36:00,18.8
2025-06-12 10:38:00,87.9
2025-06-12 12:49:00,50.15234640140434
2025-06-12 17:06:00,68.6
2025-06-12 10:05:00,87.4
2025-06-12 01:18:00,63.9
2025-06-12 22:38:00,75.3
2025-06-12 13:32:00,50.15234640140434
2025-06-12 15:47:00,50.15234640140434
2025-06-12 12:31:00,4.8
2025-06-12 14:15:00,87.5
2025-06-12 10:52:00,15.2
2025-06-12 21:21:00,25.1
2025-06-12 21:22:00,50.15234640140434
2025-06-12 22:30:00,7.2
2025-06-12 02:19:00,50.15234640140434
2025-06-12 23:40:00,89.0
2025-06-12 10:36:00,50.15234640140434
2025-06-12 05:37:00,91.1
2025-06-12 17:59:00,47.4
2025-06-12 11:01:00,3.7
2025-06-12 11:03:00,97.0
2025-06-12 19:01:00,5.1
2025-06-12 05:44:00,50.15234640140434
2025-06-12 10:15:00,90.6
2025-06-12 00:40:00,21.2
2025-06-12 19:57:00,11.3
2025-06-12 07:06:00,87.0
2025-06-12 10:49:00,99.0
2025-06-12 22:21:00,89.9
2025-06-12 00:17:00,6.5
2025-06-12 10:17:00,95.0
2025-06-12 04:50:00,58.5
2025-06-12 13:47:00,43.2
2025-06-12 11:51:00,57.0
2025-06-12 22:35:00,84.9
2025-06-12 10:15:00,90.0
2025-06-12 01:42:00,34.6
2025-06-12 20:46:00,3.8
2025-06-12 23:05:00,13.6
2025-06-12 02:52:00,46.5
2025-06-12 02:17:00,16.5
2025-06-12 22:06:00,67.0
2025-06-12 06:51:00,89.1
2025-06-12 08:16:00,32.9
2025-06-12 11:48:00,34.7
2025-06-12 10:39:00,15.3
2025-06-12 22:20:00,68.5
2025-06-12 02:16:00,23.0
2025-06-12 11:33:00,98.5
2025-06-12 19:07:00,72.8
2025-06-12 17:58:00,50.15234640140434
2025-06-12 08:23:00,62.4
2025-06-12 16:30:00,28.6
2025-06-12 10:18:00,14.7
2025-06-12 20:58:00,7.6
2025-06-12 03:06:00,50.15234640140434
2025-06-12 12:04:00,54.4
2025-06-12 19:13:00,50.15234640140434
2025-06-12 05:21:00,50.15234640140434
2025-06-12 02:56:00,50.15234640140434
2025-06-12 16:52:00,88.5
2025-06-12 11:58:00,11.8
2025-06-12 04:33:00,66.5
2025-06-12 08:55:00,50.15234640140434
2025-06-12 10:23:00,6.5
2025-06-12 20:03:00,44.4
2025-06-12 09:53:00,0.8
2025-06-12 02:34:00,69.3
2025-06-12 19:13:00,22.5
2025-06-12 00:47:00,50.4
2025-06-12 11:02:00,19.2
2025-06-12 11:04:00,46.2
2025-06-12 10:57:00,47.9
2025-06-12 02:16:00,50.15234640140434
2025-06-12 05:43:00,39.9
2025-06-12 07:12:00,50.15234640140434
2025-06-12 08:46:00,27.4
2025-06-12 02:17:00,89.1
2025-06-12 11:46:00,72.4
2025-06-12 04:02:00,68.6
2025-06-12 05:18:00,48.5
2025-06-12 15:30:00,57.7
2025-06-12 17:44:00,55.7
2025-06-12 17:11:00,2.4
2025-06-12 15:29:00,43.2
2025-06-12 19:59:00,40.9
2025-06-12 02:40:00,13.4
2025-06-12 05:03:00,76.5
2025-06-12 21:11:00,50.15234640140434
2025-06-12 22:17:00,4.6
2025-06-12 20:36:00,37.9
2025-06-12 05:36:00,40.6
2025-06-12 04:48:00,50.15234640140434
2025-06-12 16:07:00,70.8
2025-06-12 11:25:00,54.3
2025-06-12 19:39:00,11.8
2025-06-12 19:14:00,93.2
2025-06-12 15:00:00,37.8
2025-06-12 13:08:00,19.4
2025-06-12 19:02:00,56.3
2025-06-12 07:46:00,43.8
2025-06-12 07:38:00,76.8
2025-06-12 12:27:00,28.9
2025-06-12 19:35:00,18.2
2025-06-12 23:55:00,50.15234640140434
2025-06-12 15:42:00,98.0
2025-06-12 09:49:00,33.3
2025-06-12 23:22:00,63.4
2025-06-12 05:02:00,67.1
2025-06-12 14:38:00,50.15234640140434
2025-06-12 15:57:00,32.3
2025-06-12 17:38:00,59.7
2025-06-12 10:03:00,50.15234640140434
2025-06-12 01:06:00,26.6
2025-06-12 19:03:00,60.0
2025-06-12 11:44:00,19.9
2025-06-12 20:34:00,14.8
2025-06-12 23:20:00,52.4
2025-06-12 10:49:00,50.15234640140434
2025-06-12 17:06:00,89.6
2025-06-12 07:12:00,78.3
2025-06-12 02:10:00,15.3
2025-06-12 09:39:00,49.2
2025-06-12 03:15:00,21.3
2025-06-12 06:07:00,60.8
2025-06-12 08:43:00,62.1
2025-06-12 00:40:00,66.4
2025-06-12 14:09:00,84.5
2025-06-12 12:10:00,50.15234640140434
2025-06-12 07:52:00,32.3
2025-06-12 00:11:00,44.5
2025-06-12 11:06:00,25.7
2025-06-12 08:32:00,50.15234640140434
2025-06-12 08:26:00,50.15234640140434
2025-06-12 07:04:00,45.4
2025-06-12 23:20:00,50.15234640140434
2025-06-12 12:18:00,50.15234640140434
2025-06-12 04:11:00,77.9
2025-06-12 14:44:00,59.5
2025-06-12 13:00:00,45.3
2025-06-12 21:54:00,50.15234640140434
2025-06-12 20:39:00,13.7
2025-06-12 08:53:00,61.1
2025-06-12 03:45:00,96.6
2025-06-12 14:36:00,50.15234640140434
2025-06-12 10:51:00,95.4
2025-06-12 14:37:00,50.15234640140434
2025-06-12 08:26:00,52.3
2025-06-12 20:58:00,54.9
2025-06-12 15:34:00,50.15234640140434
2025-06-12 12:12:00,80.7
2025-06-12 12:05:00,14.5
2025-06-12 19:23:00,50.15234640140434
2025-06-12 23:14:00,94.6
2025-06-12 20:52:00,17.7
2025-06-12 13:24:00,85.7
2025-06-12 02:06:00,57.8
2025-06-12 12:20:00,35.7
2025-06-12 01:01:00,51.0
2025-06-12 16:01:00,85.9
2025-06-12 09:53:00,32.9
2025-06-12 22:31:00,4.1
2025-06-12 16:44:00,50.15234640140434
2025-06-12 06:43:00,50.15234640140434
2025-06-12 19:29:00,34.9
2025-06-12 03:08:00,92.4
2025-06-12 12:56:00,61.4
2025-06-12 19:28:00,73.5
2025-06-12 11:13:00,54.8
2025-06-12 09:36:00,70.6
2025-06-12 02:28:00,88.3
2025-06-12 18:40:00,73.5
2025-06-12 07:42:00,99.5
2025-06-12 04:09:00,6.3
2025-06-12 23:58:00,67.5
2025-06-12 23:07:00,40.1
2025-06-12 13:45:00,10.2
2025-06-12 04:45:00,34.2
2025-06-12 13:44:00,99.2
2025-06-12 10:13:00,63.8
2025-06-12 22:46:00,68.1
2025-06-12 18:50:00,50.15234640140434
2025-06-12 09:06:00,33.2
2025-06-12 01:47:00,86.8
2025-06-12 21:25:00,26.2
2025-06-12 06:32:00,86.4
2025-06-12 12:47:00,50.15234640140434
2025-06-12 01:55:00,71.3
2025-06-12 12:24:00,11.1
2025-06-12 11:21:00,40.6
2025-06-12 19:50:00,47.5
2025-06-12 16:43:00,65.7
2025-06-12 12:18:00,19.2
2025-06-12 15:14:00,50.15234640140434
2025-06-12 00:42:00,67.3
2025-06-12 20:27:00,59.0
2025-06-12 12:03:00,50.8
2025-06-12 23:31:00,66.0
2025-06-12 10:55:00,65.2
2025-06-12 20:27:00,13.0
2025-06-12 18:30:00,19.9
2025-06-12 23:16:00,61.0
2025-06-12 18:12:00,9.2
2025-06-12 04:44:00,61.5
2025-06-12 11:05:00,39.2
2025-06-12 05:25:00,9.6
2025-06-12 06:37:00,16.6
2025-06-12 13:23:00,89.3
2025-06-12 21:44:00,82.8
2025-06-12 03:12:00,37.6
2025-06-12 18:58:00,97.1
2025-06-12 12:59:00,73.9
2025-06-12 06:07:00,18.6
2025-06-12 14:20:00,50.15234640140434
2025-06-12 10:57:00,28.2
2025-06-12 03:18:00,83.4
2025-06-12 02:16:00,39.7
2025-06-12 19:48:00,27.3
2025-06-12 18:06:00,69.2
2025-06-12 00:50:00,82.2
2025-06-12 22:15:00,17.0
2025-06-12 18:45:00,6.9
2025-06-12 01:15:00,5.3
2025-06-12 21:32:00,50.15234640140434
2025-06-12 03:17:00,94.9
2025-06-12 23:24:00,41.2
2025-06-12 01:34:00,43.8
2025-06-12 12:57:00,53.2
2025-06-12 10:43:00,50.15234640140434
2025-06-12 21:25:00,43.1
2025-06-12 03:54:00,53.2
2025-06-12 20:36:00,13.6
2025-06-12 19:37:00,50.15234640140434
2025-06-12 04:46:00,22.2
2025-06-12 14:22:00,50.15234640140434
2025-06-12 13:44:00,21.6
2025-06-12 17:03:00,50.15234640140434
2025-06-12 15:57:00,50.15234640140434
2025-06-12 07:20:00,72.6
2025-06-12 02:11:00,59.5
2025-06-12 21:59:00,62.0
2025-06-12 08:24:00,88.3
2025-06-12 08:45:00,70.5
2025-06-12 22:41:00,69.4
2025-06-12 01:33:00,23.2
2025-06-12 08:13:00,14.1
2025-06-12 12:02:00,50.15234640140434
2025-06-12 19:39:00,54.0
2025-06-12 06:20:00,43.0
2025-06-12 22:48:00,36.8
2025-06-12 17:00:00,67.7
2025-06-12 06:51:00,18.3
2025-06-12 17:36:00,81.0
2025-06-12 06:53:00,41.8
2025-06-12 03:14:00,76.9
2025-06-12 22:21:00,61.5
2025-06-12 06:53:00,50.15234640140434
2025-06-12 20:06:00,89.5
2025-06-12 11:30:00,76.4
2025-06-12 11:03:00,61.9
2025-06-12 07:42:00,56.6
2025-06-12 02:38:00,88.4
2025-06-12 12:29:00,28.1
2025-06-12 11:00:00,24.4
2025-06-12 17:27:00,74.5
2025-06-12 00:41:00,57.1
2025-06-12 10:04:00,22.7
2025-06-12 01:49:00,14.2
2025-06-12 11:30:00,50.15234640140434
2025-06-12 00:03:00,75.5
2025-06-12 10:33:00,49.8
2025-06-12 07:23:00,20.7
2025-06-12 02:06:00,70.4
2025-06-12 09:36:00,43.7
2025-06-12 15:21:00,75.4
2025-06-12 07:11:00,69.2
2025-06-12 20:29:00,50.15747328871669
2025-06-12 11:37:00,15.4
2025-06-12 12:08:00,90.0
2025-06-12 00:04:00,91.5
2025-06-12 05:31:00,10.5
2025-06-12 00:28:00,82.5
2025-06-12 00:53:00,32.5
2025-06-12 22:32:00,68.4
2025-06-12 23:41:00,35.7
2025-06-12 10:27:00,95.4
2025-06-12 10:14:00,85.3
2025-06-12 17:25:00,31.5
2025-06-12 16:44:00,42.4
2025-06-12 14:11:00,50.15747328871669
2025-06-12 15:30:00,93.1
2025-06-12 10:25:00,8.5
2025-06-12 09:18:00,46.8
2025-06-12 02:10:00,30.6
2025-06-12 09:18:00,53.3
2025-06-12 16:39:00,11.5
2025-06-12 21:27:00,97.9
2025-06-12 03:01:00,40.6
2025-06-12 16:29:00,56.7
2025-06-12 16:36:00,88.8
2025-06-12 05:00:00,16.4
2025-06-12 03:51:00,27.6
2025-06-12 21:19:00,74.9
2025-06-12 12:48:00,37.7
2025-06-12 08:16:00,48.9
2025-06-12 17:31:00,45.4
2025-06-12 13:44:00,3.8
2025-06-12 01:27:00,69.3
2025-06-12 12:32:00,77.7
2025-06-12 23:57:00,6.9
2025-06-12 18:44:00,26.4
2025-06-12 16:13:00,34.8
2025-06-12 17:51:00,15.2
2025-06-12 08:08:00,98.8
2025-06-12 02:10:00,10.2
2025-06-12 09:51:00,48.6
2025-06-12 01:52:00,43.3
2025-06-12 21:25:00,47.9
2025-06-12 18:55:00,73.8
2025-06-12 19:48:00,29.4
2025-06-12 12:19:00,62.8
2025-06-12 17:04:00,15.8
2025-06-12 19:39:00,73.9
2025-06-12 19:52:00,50.15747328871669
2025-06-12 20:43:00,70.5
2025-06-12 18:46:00,85.5
2025-06-12 22:54:00,75.8
2025-06-12 20:56:00,74.7
2025-06-12 13:37:00,57.9
2025-06-12 07:42:00,62.7
2025-06-12 02:53:00,79.5
2025-06-12 01:39:00,6.5
2025-06-12 11:01:00,50.15747328871669
2025-06-12 23:27:00,34.9
2025-06-12 01:47:00,10.6
2025-06-12 11:53:00,32.0
2025-06-12 22:06:00,83.5
2025-06-12 06:45:00,70.0
2025-06-12 14:27:00,45.0
2025-06-12 22:48:00,47.8
2025-06-12 14:57:00,32.5
2025-06-12 15:45:00,5.3
2025-06-12 13:07:00,50.15747328871669
2025-06-12 16:50:00,50.15747328871669
2025-06-12 05:33:00,53.6
2025-06-12 20:49:00,50.15747328871669
2025-06-12 08:54:00,63.7
2025-06-12 04:03:00,50.15747328871669
2025-06-12 12:52:00,96.4
2025-06-12 20:46:00,54.8
2025-06-12 10:03:00,16.0
2025-06-12 17:49:00,33.1
2025-06-12 21:52:00,8.0
2025-06-12 20:14:00,79.7
2025-06-12 07:36:00,96.5
2025-06-12 01:50:00,70.3
2025-06-12 16:20:00,95.6
2025-06-12 03:10:00,63.5
2025-06-12 07:34:00,67.8
2025-06-12 18:48:00,2.6
2025-06-12 10:14:00,36.9
2025-06-12 01:48:00,16.5
2025-06-12 12:28:00,50.15747328871669
2025-06-12 11:55:00,35.4
2025-06-12 16:15:00,10.1
2025-06-12 08:58:00,77.0
2025-06-12 16:18:00,43.0
2025-06-12 01:55:00,54.7
2025-06-12 21:59:00,1.9
2025-06-12 19:09:00,78.6
2025-06-12 09:02:00,73.3
2025-06-12 22:10:00,90.5
2025-06-12 15:29:00,54.9
2025-06-12 04:33:00,50.15747328871669
2025-06-12 11:59:00,81.6
2025-06-12 03:02:00,97.6
2025-06-12 12:34:00,65.8
2025-06-12 17:28:00,4.6
2025-06-12 12:15:00,73.8
2025-06-12 06:45:00,81.9
2025-06-12 03:11:00,50.15747328871669
2025-06-12 10:12:00,32.9
2025-06-12 04:54:00,18.2
2025-06-12 21:34:00,68.5
2025-06-12 18:42:00,23.5
2025-06-12 21:02:00,50.15747328871669
2025-06-12 10:39:00,74.5
2025-06-12 08:39:00,81.0
2025-06-12 09:41:00,26.3
2025-06-12 04:34:00,30.0
2025-06-12 10:32:00,59.3
2025-06-12 19:05:00,47.4
2025-06-12 19:44:00,55.5
2025-06-12 13:29:00,40.3
2025-06-12 20:25:00,3.1
2025-06-12 18:45:00,28.5
2025-06-12 07:24:00,50.15747328871669
2025-06-12 02:28:00,18.2
2025-06-12 02:06:00,79.2
2025-06-12 15:33:00,96.6
2025-06-12 08:41:00,58.0
2025-06-12 03:31:00,74.2
2025-06-12 18:05:00,14.9
2025-06-12 13:54:00,59.1
2025-06-12 04:57:00,25.4
2025-06-12 07:15:00,50.15747328871669
2025-06-12 20:58:00,52.0
2025-06-12 05:05:00,46.4
2025-06-12 09:45:00,22.9
2025-06-12 02:12:00,50.15747328871669
2025-06-12 14:03:00,21.7
2025-06-12 08:30:00,35.3
2025-06-12 03:19:00,51.6
2025-06-12 09:13:00,48.8
2025-06-12 12:02:00,99.7
2025-06-12 11:17:00,33.2
2025-06-12 13:53:00,50.15747328871669
2025-06-12 22:27:00,98.9
2025-06-12 10:43:00,26.4
2025-06-12 14:53:00,54.0
2025-06-12 06:51:00,60.2
2025-06-12 09:09:00,78.2
2025-06-12 12:47:00,1.5
2025-06-12 01:35:00,5.2
2025-06-12 07:30:00,50.15747328871669
2025-06-12 02:37:00,46.6
2025-06-12 15:28:00,50.15747328871669
2025-06-12 15:20:00,59.8
2025-06-12 10:05:00,50.2
2025-06-12 08:33:00,77.6
2025-06-12 11:08:00,15.8
2025-06-12 21:11:00,84.5
2025-06-12 03:52:00,65.9
2025-06-12 09:49:00,67.9
2025-06-12 17:45:00,48.8
2025-06-12 05:38:00,24.3
2025-06-12 05:14:00,23.4
2025-06-12 14:10:00,50.15747328871669
2025-06-12 19:38:00,10.2
2025-06-12 04:27:00,37.5
2025-06-12 17:03:00,20.2
2025-06-12 12:18:00,40.0
2025-06-12 23:52:00,79.3
2025-06-12 06:45:00,76.5
2025-06-12 16:13:00,75.6
2025-06-12 15:44:00,50.15747328871669
2025-06-12 20:22:00,20.3
2025-06-12 05:55:00,41.0
2025-06-12 21:28:00,50.15747328871669
2025-06-12 07:06:00,95.1
2025-06-12 11:11:00,93.4
2025-06-12 23:34:00,30.2
2025-06-12 03:07:00,58.8
2025-06-12 17:49:00,40.2
2025-06-12 05:27:00,44.3
2025-06-12 05:51:00,69.3
2025-06-12 06:51:00,57.9
2025-06-12 05:14:00,50.15747328871669
2025-06-12 18:18:00,45.3
2025-06-12 02:45:00,93.8
2025-06-12 14:46:00,37.2
2025-06-12 20:58:00,49.0
2025-06-12 03:13:00,41.7
2025-06-12 21:50:00,66.2
2025-06-12 22:32:00,40.9
2025-06-12 13:43:00,92.1
2025-06-12 21:05:00,49.0
2025-06-12 12:49:00,60.0
2025-06-12 06:33:00,85.5
2025-06-12 23:23:00,50.15747328871669
2025-06-12 00:21:00,93.3
2025-06-12 17:21:00,34.3
2025-06-12 16:23:00,50.15747328871669
2025-06-12 14:23:00,6.3
2025-06-12 14:45:00,11.8
2025-06-12 00:03:00,49.4
2025-06-12 23:40:00,14.8
2025-06-12 18:41:00,92.7
2025-06-12 14:27:00,42.9
2025-06-12 21:20:00,73.7
2025-06-12 03:56:00,2.0
2025-06-12 11:18:00,15.6
2025-06-12 06:43:00,50.15747328871669
2025-06-12 16:21:00,58.7
2025-06-12 08:52:00,86.6
2025-06-12 22:43:00,70.6
2025-06-12 01:49:00,67.2
2025-06-12 11:23:00,50.15747328871669
2025-06-12 12:37:00,75.1
2025-06-12 01:36:00,93.6
2025-06-12 09:23:00,50.15747328871669
2025-06-12 14:21:00,71.8
2025-06-12 05:07:00,19.3
2025-06-12 15:07:00,50.15747328871669
2025-06-12 01:00:00,78.4
2025-06-12 19:54:00,6.9
2025-06-12 03:07:00,80.8
2025-06-12 17:34:00,50.15747328871669
2025-06-12 13:34:00,92.6
2025-06-12 05:33:00,60.2
2025-06-12 11:55:00,19.7
2025-06-12 07:26:00,50.15747328871669
2025-06-12 23:59:00,50.15747328871669
2025-06-12 21:08:00,6.6
2025-06-12 16:54:00,87.7
2025-06-12 12:51:00,50.15747328871669
2025-06-12 12:09:00,70.7
2025-06-12 05:30:00,23.1
2025-06-12 16:02:00,83.1
2025-06-12 12:39:00,50.15747328871669
2025-06-12 04:52:00,1.6
2025-06-12 19:04:00,50.15747328871669
2025-06-12 09:22:00,50.15747328871669
2025-06-12 04:19:00,59.9
2025-06-12 00:45:00,13.1
2025-06-12 16:12:00,67.0
2025-06-12 04:14:00,47.5
2025-06-12 04:46:00,8.7
2025-06-12 04:13:00,26.5
2025-06-12 06:57:00,61.2
2025-06-12 21:43:00,17.0
2025-06-12 07:18:00,50.15747328871669
2025-06-12 10:34:00,93.5
2025-06-12 00:13:00,62.7
2025-06-12 04:33:00,80.1
2025-06-12 19:35:00,3.6
2025-06-12 21:18:00,87.8
2025-06-12 01:17:00,69.4
2025-06-12 15:51:00,7.9
2025-06-12 11:33:00,67.1
2025-06-12 22:46:00,72.4
2025-06-12 19:18:00,81.7
2025-06-12 00:14:00,37.8
2025-06-12 18:31:00,76.3
2025-06-12 15:13:00,6.9
2025-06-12 14:21:00,57.5
2025-06-12 02:12:00,73.8
2025-06-12 18:11:00,6.5
2025-06-12 18:04:00,62.6
2025-06-12 05:45:00,68.5
2025-06-12 03:42:00,30.3
2025-06-12 04:58:00,50.15747328871669
2025-06-12 16:22:00,66.4
2025-06-12 13:38:00,67.8
2025-06-12 12:27:00,45.4
2025-06-12 16:35:00,91.8
2025-06-12 18:33:00,8.0
2025-06-12 09:27:00,50.15747328871669
2025-06-12 07:36:00,63.8
2025-06-12 18:54:00,31.9
2025-06-12 22:29:00,35.8
2025-06-12 06:56:00,41.0
2025-06-12 11:05:00,86.0
2025-06-12 05:39:00,78.4
2025-06-12 10:15:00,94.5
2025-06-12 17:39:00,5.6
2025-06-12 02:56:00,40.4
2025-06-12 09:59:00,9.3
2025-06-12 07:49:00,50.15747328871669
2025-06-12 00:36:00,70.8
2025-06-12 06:26:00,17.3
2025-06-12 15:35:00,2.5
2025-06-12 12:48:00,81.8
2025-06-12 20:15:00,98.9
2025-06-12 21:09:00,63.6
2025-06-12 22:10:00,97.2
2025-06-12 08:18:00,52.1
2025-06-12 05:22:00,50.15747328871669
2025-06-12 01:05:00,82.1
2025-06-12 07:20:00,50.15747328871669
2025-06-12 13:47:00,50.3
2025-06-12 01:41:00,50.15747328871669
2025-06-12 22:52:00,39.0
2025-06-12 01:25:00,6.2
2025-06-12 14:10:00,73.9
2025-06-12 09:05:00,47.6
2025-06-12 13:30:00,79.3
2025-06-12 00:39:00,77.3
2025-06-12 21:11:00,81.8
2025-06-12 17:48:00,24.0
2025-06-12 02:17:00,24.8
2025-06-12 02:03:00,15.4
2025-06-12 20:33:00,82.9
2025-06-12 19:37:00,54.6
2025-06-12 00:17:00,56.0
2025-06-12 12:12:00,76.9
2025-06-12 04:09:00,79.6
2025-06-12 21:02:00,50.15747328871669
2025-06-12 04:09:00,7.1
2025-06-12 07:22:00,70.4
2025-06-12 14:59:00,63.0
2025-06-12 06:09:00,33.4
2025-06-12 01:34:00,0.9
2025-06-12 09:14:00,50.15747328871669
2025-06-12 18:34:00,60.5
2025-06-12 22:00:00,41.8
2025-06-12 14:54:00,26.7
2025-06-12 08:24:00,16.5
2025-06-12 12:49:00,92.3
2025-06-12 01:36:00,20.3
2025-06-12 09:08:00,37.6
2025-06-12 05:48:00,70.5
2025-06-12 10:06:00,89.2
2025-06-12 23:23:00,86.2
2025-06-12 21:08:00,50.15747328871669
2025-06-12 12:10:00,99.9
2025-06-12 21:44:00,33.4
2025-06-12 05:17:00,50.15747328871669
2025-06-12 22:44:00,11.9
2025-06-12 09:00:00,61.6
2025-06-12 17:24:00,64.9
2025-06-12 16:50:00,34.3
2025-06-12 07:07:00,75.1
2025-06-12 13:44:00,89.5
2025-06-12 15:37:00,79.2
2025-06-12 04:23:00,40.2
2025-06-12 01:31:00,68.5
2025-06-12 23:28:00,13.7
2025-06-12 05:10:00,50.15747328871669
2025-06-12 21:50:00,50.15747328871669
2025-06-12 16:28:00,40.5
2025-06-12 22:06:00,50.15747328871669
2025-06-12 11:18:00,50.15747328871669
2025-06-12 13:51:00,99.2
2025-06-12 18:06:00,11.1
2025-06-12 03:36:00,50.15747328871669
2025-06-12 10:24:00,68.2
2025-06-12 10:37:00,69.9
2025-06-12 17:50:00,48.4
2025-06-12 13:33:00,50.15747328871669
2025-06-12 14:17:00,20.4
2025-06-12 18:05:00,24.7
2025-06-12 22:23:00,27.0
2025-06-12 04:00:00,95.1
2025-06-12 15:22:00,61.8
2025-06-12 04:31:00,2.5
2025-06-12 23:36:00,50.07997412982127
2025-06-12 10:21:00,75.8
2025-06-12 14:22:00,81.7
2025-06-12 03:13:00,18.8
2025-06-12 00:40:00,63.2
2025-06-12 18:41:00,16.8
2025-06-12 00:12:00,26.5
2025-06-12 01:19:00,49.5
2025-06-12 07:38:00,50.07997412982127
2025-06-12 03:38:00,94.4
2025-06-12 21:36:00,50.07997412982127
2025-06-12 14:05:00,36.1
2025-06-12 06:37:00,50.07997412982127
2025-06-12 18:35:00,50.07997412982127
2025-06-12 18:18:00,3.9
2025-06-12 20:31:00,68.4
2025-06-12 18:19:00,36.8
2025-06-12 23:53:00,61.6
2025-06-12 09:28:00,6.4
2025-06-12 14:00:00,94.0
2025-06-12 00:44:00,37.4
2025-06-12 05:52:00,50.07997412982127
2025-06-12 10:41:00,17.8
2025-06-12 00:18:00,77.8
2025-06-12 12:41:00,5.6
2025-06-12 01:13:00,74.4
2025-06-12 19:58:00,57.5
2025-06-12 23:51:00,90.2
2025-06-12 05:37:00,36.3
2025-06-12 17:16:00,50.07997412982127
2025-06-12 04:40:00,15.2
2025-06-12 15:33:00,54.6
2025-06-12 08:33:00,50.07997412982127
2025-06-12 22:55:00,57.8
2025-06-12 09:58:00,99.4
2025-06-12 16:34:00,50.07997412982127
2025-06-12 09:14:00,17.4
2025-06-12 02:47:00,50.07997412982127
2025-06-12 12:20:00,50.07997412982127
2025-06-12 09:56:00,50.07997412982127
2025-06-12 06:30:00,32.2
2025-06-12 07:01:00,86.7
2025-06-12 03:27:00,71.4
2025-06-12 10:56:00,31.2
2025-06-12 23:02:00,50.07997412982127
2025-06-12 01:59:00,68.0
2025-06-12 19:13:00,50.07997412982127
2025-06-12 14:29:00,30.5
2025-06-12 18:45:00,16.4
2025-06-12 12:03:00,82.0
2025-06-12 10:07:00,59.5
2025-06-12 11:58:00,56.7
2025-06-12 01:15:00,21.0
2025-06-12 16:43:00,15.4
2025-06-12 11:03:00,50.07997412982127
2025-06-12 18:41:00,81.0
2025-06-12 20:21:00,21.0
2025-06-12 06:47:00,80.4
2025-06-12 20:37:00,29.8
2025-06-12 23:11:00,60.8
2025-06-12 06:50:00,94.4
2025-06-12 21:12:00,57.5
2025-06-12 02:14:00,75.3
2025-06-12 08:40:00,97.4
2025-06-12 20:08:00,66.6
2025-06-12 22:04:00,58.1
2025-06-12 09:47:00,93.1
2025-06-12 20:55:00,50.07997412982127
2025-06-12 01:22:00,10.3
2025-06-12 16:53:00,45.8
2025-06-12 19:35:00,2.6
2025-06-12 23:12:00,50.07997412982127
2025-06-12 18:42:00,87.3
2025-06-12 10:20:00,50.07997412982127
2025-06-12 01:32:00,58.2
2025-06-12 14:22:00,40.6
2025-06-12 22:34:00,44.5
2025-06-12 18:15:00,29.7
2025-06-12 02:54:00,26.1
2025-06-12 04:30:00,66.7
2025-06-12 09:59:00,50.07997412982127
2025-06-12 00:47:00,33.8
2025-06-12 04:18:00,50.07997412982127
2025-06-12 01:18:00,46.0
2025-06-12 21:21:00,50.07997412982127
2025-06-12 10:02:00,82.5
2025-06-12 18:17:00,50.07997412982127
2025-06-12 21:17:00,50.07997412982127
2025-06-12 18:16:00,12.6
2025-06-12 09:06:00,50.07997412982127
2025-06-12 13:55:00,56.3
2025-06-12 20:52:00,50.07997412982127
2025-06-12 20:26:00,16.3
2025-06-12 18:28:00,92.1
2025-06-12 18:22:00,90.5
2025-06-12 15:44:00,21.9
2025-06-12 07:10:00,30.1
2025-06-12 17:05:00,70.2
2025-06-12 14:44:00,1.1
2025-06-12 02:47:00,4.3
2025-06-12 04:27:00,62.3
2025-06-12 17:48:00,8.6
2025-06-12 09:35:00,54.5
2025-06-12 11:59:00,27.4
2025-06-12 05:05:00,81.0
2025-06-12 19:02:00,50.07997412982127
2025-06-12 16:14:00,34.9
2025-06-12 02:16:00,50.07997412982127
2025-06-12 02:22:00,50.07997412982127
2025-06-12 11:00:00,82.8
2025-06-12 21:13:00,58.3
2025-06-12 05:37:00,91.6
2025-06-12 18:45:00,53.2
2025-06-12 15:19:00,65.8
2025-06-12 15:05:00,41.1
2025-06-12 09:59:00,60.0
2025-06-12 09:04:00,50.07997412982127
2025-06-12 19:54:00,30.1
2025-06-12 05:26:00,5.1
2025-06-12 21:55:00,64.6
2025-06-12 08:08:00,5.3
2025-06-12 18:47:00,2.1
2025-06-12 00:22:00,4.5
2025-06-12 08:38:00,57.5
2025-06-12 03:38:00,34.5
2025-06-12 00:44:00,12.6
2025-06-12 23:06:00,97.8
2025-06-12 18:22:00,50.3
2025-06-12 02:44:00,67.3
2025-06-12 01:20:00,50.07997412982127
2025-06-12 15:43:00,40.8
2025-06-12 23:04:00,4.4
2025-06-12 10:37:00,50.07997412982127
2025-06-12 06:06:00,94.1
2025-06-12 21:58:00,96.9
2025-06-12 06:01:00,33.8
2025-06-12 15:24:00,99.6
2025-06-12 20:55:00,68.5
2025-06-12 00:08:00,74.6
2025-06-12 07:49:00,78.0
2025-06-12 21:14:00,50.07997412982127
2025-06-12 11:18:00,28.9
2025-06-12 08:23:00,55.2
2025-06-12 02:16:00,33.2
2025-06-12 11:57:00,81.5
2025-06-12 09:13:00,39.5
2025-06-12 15:38:00,45.5
2025-06-12 15:51:00,50.07997412982127
2025-06-12 12:57:00,50.07997412982127
2025-06-12 04:32:00,13.8
2025-06-12 12:37:00,42.7
2025-06-12 23:43:00,85.9
2025-06-12 13:52:00,80.0
2025-06-12 07:14:00,13.8
2025-06-12 01:55:00,62.9
2025-06-12 14:00:00,83.3
2025-06-12 21:46:00,80.3
2025-06-12 23:54:00,95.8
2025-06-12 09:42:00,30.7
2025-06-12 09:38:00,89.8
2025-06-12 07:01:00,52.7
2025-06-12 09:37:00,85.5
2025-06-12 23:21:00,50.07997412982127
2025-06-12 14:19:00,8.3
2025-06-12 01:53:00,76.9
2025-06-12 20:20:00,85.5
2025-06-12 21:13:00,37.1
2025-06-12 06:25:00,93.4
2025-06-12 21:18:00,17.4
2025-06-12 03:08:00,50.07997412982127
2025-06-12 03:48:00,46.5
2025-06-12 13:12:00,2.5
2025-06-12 15:03:00,11.4
2025-06-12 06:24:00,43.3
2025-06-12 15:30:00,80.2
2025-06-12 16:06:00,38.5
2025-06-12 18:36:00,50.07997412982127
2025-06-12 07:14:00,5.7
2025-06-12 11:58:00,52.6
2025-06-12 10:29:00,61.7
2025-06-12 12:36:00,11.0
2025-06-12 15:38:00,93.5
2025-06-12 03:53:00,61.4
2025-06-12 20:41:00,51.0
2025-06-12 11:41:00,41.8
2025-06-12 00:19:00,24.1
2025-06-12 01:48:00,38.3
2025-06-12 20:25:00,42.8
2025-06-12 02:29:00,22.6
2025-06-12 07:57:00,50.07997412982127
2025-06-12 19:26:00,94.4
2025-06-12 00:23:00,77.2
2025-06-12 10:24:00,13.6
2025-06-12 10:37:00,72.9
2025-06-12 10:43:00,32.9
2025-06-12 19:13:00,5.4
2025-06-12 18:39:00,88.0
2025-06-12 03:12:00,29.8
2025-06-12 16:51:00,90.9
2025-06-12 03:18:00,50.07997412982127
2025-06-12 22:29:00,67.0
2025-06-12 00:15:00,17.5
2025-06-12 03:05:00,22.2
2025-06-12 14:43:00,97.6
2025-06-12 15:56:00,55.4
2025-06-12 22:07:00,81.3
2025-06-12 08:21:00,54.1
2025-06-12 23:47:00,61.6
2025-06-12 18:22:00,89.1
2025-06-12 16:03:00,93.5
2025-06-12 21:44:00,1.5
2025-06-12 08:36:00,50.07997412982127
2025-06-12 17:28:00,65.2
2025-06-12 09:25:00,50.07997412982127
2025-06-12 10:08:00,57.6
2025-06-12 08:38:00,73.9
2025-06-12 03:45:00,50.07997412982127
2025-06-12 09:01:00,50.07997412982127
2025-06-12 15:16:00,27.3
2025-06-12 01:19:00,50.07997412982127
2025-06-12 23:18:00,50.07997412982127
2025-06-12 22:15:00,51.9
2025-06-12 04:50:00,17.6
2025-06-12 18:38:00,92.6
2025-06-12 15:08:00,97.2
2025-06-12 04:00:00,26.6
2025-06-12 08:30:00,43.1
2025-06-12 07:13:00,94.0
2025-06-12 08:05:00,45.8
2025-06-12 19:58:00,14.5
2025-06-12 18:34:00,27.5
2025-06-12 09:13:00,56.9
2025-06-12 15:07:00,29.8
2025-06-12 20:37:00,12.4
2025-06-12 16:08:00,15.0
2025-06-12 21:30:00,30.2
2025-06-12 03:51:00,64.7
2025-06-12 10:09:00,47.2
2025-06-12 15:16:00,50.07997412982127
2025-06-12 17:14:00,30.6
2025-06-12 03:21:00,32.8
2025-06-12 08:54:00,66.3
2025-06-12 03:21:00,17.7
2025-06-12 23:09:00,11.6
2025-06-12 03:47:00,88.0
2025-06-12 10:33:00,37.4
2025-06-12 06:07:00,13.7
2025-06-12 18:16:00,91.6
2025-06-12 12:08:00,20.6
2025-06-12 12:32:00,25.6
2025-06-12 23:05:00,64.7
2025-06-12 04:13:00,6.1
2025-06-12 06:48:00,18.0
2025-06-12 12:38:00,97.4
2025-06-12 02:10:00,50.07997412982127
2025-06-12 23:48:00,75.6
2025-06-12 01:37:00,2.4
2025-06-12 20:39:00,65.4
2025-06-12 17:51:00,11.4
2025-06-12 02:10:00,33.3
2025-06-12 15:54:00,80.6
2025-06-12 07:11:00,25.0
2025-06-12 14:18:00,50.07997412982127
2025-06-12 09:47:00,27.0
2025-06-12 16:08:00,16.3
2025-06-12 19:59:00,94.7
2025-06-12 20:04:00,4.5
2025-06-12 00:59:00,44.4
2025-06-12 14:44:00,50.07997412982127
2025-06-12 12:28:00,26.0
2025-06-12 15:40:00,87.5
2025-06-12 21:49:00,88.7
2025-06-12 08:42:00,13.3
2025-06-12 01:38:00,97.7
2025-06-12 18:42:00,78.0
2025-06-12 12:27:00,18.3
2025-06-12 21:44:00,79.4
2025-06-12 22:42:00,68.5
2025-06-12 10:38:00,75.7
2025-06-12 00:13:00,70.7
2025-06-12 03:24:00,20.1
2025-06-12 06:12:00,70.2
2025-06-12 00:08:00,13.4
2025-06-12 12:34:00,99.5
2025-06-12 16:08:00,50.07997412982127
2025-06-12 00:49:00,6.9
2025-06-12 22:59:00,42.3
2025-06-12 03:17:00,87.9
2025-06-12 22:11:00,22.3
2025-06-12 07:56:00,50.07997412982127
2025-06-12 06:41:00,50.07997412982127
2025-06-12 21:49:00,47.6
2025-06-12 13:55:00,34.0
2025-06-12 05:11:00,65.2
2025-06-12 06:49:00,54.5
2025-06-12 08:55:00,50.07997412982127
2025-06-12 09:03:00,11.1
2025-06-12 05:55:00,84.4
2025-06-12 23:26:00,59.8
2025-06-12 13:33:00,26.5
2025-06-12 18:24:00,35.3
2025-06-12 14:46:00,20.7
2025-06-12 01:45:00,40.6
2025-06-12 10:12:00,66.0
2025-06-12 17:16:00,50.07997412982127
2025-06-12 15:00:00,59.1
2025-06-12 22:38:00,50.07997412982127
2025-06-12 17:54:00,50.07997412982127
2025-06-12 07:22:00,50.07997412982127
2025-06-12 00:23:00,10.8
2025-06-12 07:20:00,50.07997412982127
2025-06-12 05:54:00,14.1
2025-06-12 05:55:00,50.07997412982127
2025-06-12 10:59:00,88.2
2025-06-12 00:28:00,91.5
2025-06-12 07:54:00,73.0
2025-06-12 12:05:00,55.9
2025-06-12 00:23:00,51.1
2025-06-12 12:36:00,57.8
2025-06-12 02:48:00,99.4
2025-06-12 23:18:00,64.7
2025-06-12 21:55:00,95.4
2025-06-12 16:45:00,2.7
2025-06-12 14:18:00,55.4
2025-06-12 21:18:00,54.4
2025-06-12 11:46:00,56.8
2025-06-12 15:14:00,48.8
2025-06-12 13:39:00,50.07997412982127
2025-06-12 18:05:00,31.6
2025-06-12 19:32:00,2.2
2025-06-12 18:56:00,16.9
2025-06-12 18:42:00,45.3
2025-06-12 23:46:00,43.3
2025-06-12 13:17:00,54.2
2025-06-12 13:31:00,58.9
2025-06-12 03:08:00,17.9
2025-06-12 14:42:00,83.2
2025-06-12 13:16:00,76.2
2025-06-12 22:29:00,42.9
2025-06-12 08:08:00,27.8
2025-06-12 03:41:00,90.2
2025-06-12 19:19:00,24.4
2025-06-12 19:29:00,48.4
2025-06-12 09:25:00,49.822039706925075
2025-06-12 02:16:00,16.3
2025-06-12 21:46:00,3.6
2025-06-12 13:16:00,72.6
2025-06-12 10:06:00,8.6
2025-06-12 14:34:00,9.8
2025-06-12 23:49:00,49.822039706925075
2025-06-12 10:59:00,54.5
2025-06-12 08:48:00,7.6
2025-06-12 04:33:00,49.822039706925075
2025-06-12 13:37:00,43.2
2025-06-12 04:35:00,81.6
2025-06-12 11:28:00,26.1
2025-06-12 14:31:00,7.9
2025-06-12 04:08:00,84.8
2025-06-12 23:14:00,87.7
2025-06-12 03:37:00,19.6
2025-06-12 16:25:00,5.6
2025-06-12 01:47:00,67.0
2025-06-12 11:53:00,28.9
2025-06-12 11:46:00,98.8
2025-06-12 17:31:00,49.822039706925075
2025-06-12 05:26:00,33.0
2025-06-12 19:32:00,44.3
2025-06-12 20:26:00,79.4
2025-06-12 00:40:00,13.3
2025-06-12 11:48:00,45.1
2025-06-12 11:33:00,11.8
2025-06-12 08:31:00,32.9
2025-06-12 01:55:00,13.0
2025-06-12 19:50:00,91.4
2025-06-12 14:00:00,26.9
2025-06-12 09:53:00,46.0
2025-06-12 18:56:00,18.5
2025-06-12 22:57:00,46.7
2025-06-12 13:22:00,7.3
2025-06-12 07:55:00,45.9
2025-06-12 09:54:00,49.822039706925075
2025-06-12 02:20:00,43.1
2025-06-12 06:25:00,67.6
2025-06-12 12:40:00,49.822039706925075
2025-06-12 11:02:00,74.7
2025-06-12 21:43:00,94.5
2025-06-12 23:24:00,78.9
2025-06-12 17:57:00,92.8
2025-06-12 09:27:00,49.822039706925075
2025-06-12 21:46:00,19.9
2025-06-12 06:23:00,81.1
2025-06-12 05:28:00,89.8
2025-06-12 07:40:00,16.9
2025-06-12 18:13:00,74.9
2025-06-12 09:35:00,49.822039706925075
2025-06-12 23:08:00,81.1
2025-06-12 16:23:00,84.0
2025-06-12 13:26:00,17.6
2025-06-12 15:12:00,65.5
2025-06-12 03:29:00,70.3
2025-06-12 14:26:00,49.822039706925075
2025-06-12 18:15:00,85.3
2025-06-12 09:04:00,49.822039706925075
2025-06-12 12:34:00,88.2
2025-06-12 22:43:00,19.1
2025-06-12 06:43:00,95.3
2025-06-12 06:30:00,94.8
2025-06-12 07:12:00,49.822039706925075
2025-06-12 04:36:00,72.1
2025-06-12 07:44:00,63.0
2025-06-12 19:17:00,27.3
2025-06-12 16:09:00,77.1
2025-06-12 09:37:00,51.6
2025-06-12 01:22:00,31.1
2025-06-12 11:46:00,49.822039706925075
2025-06-12 03:47:00,6.6
2025-06-12 11:41:00,69.1
2025-06-12 09:32:00,64.2
2025-06-12 12:03:00,78.1
2025-06-12 02:31:00,50.8
2025-06-12 03:52:00,31.6
2025-06-12 02:01:00,88.2
2025-06-12 21:48:00,70.0
2025-06-12 21:17:00,44.9
2025-06-12 23:31:00,22.8
2025-06-12 00:01:00,24.0
2025-06-12 20:35:00,49.822039706925075
2025-06-12 10:34:00,52.9
2025-06-12 20:22:00,19.0
2025-06-12 18:48:00,52.1
2025-06-12 07:46:00,82.1
2025-06-12 19:37:00,90.4
2025-06-12 15:48:00,23.8
2025-06-12 03:15:00,49.6
2025-06-12 10:49:00,49.822039706925075
2025-06-12 23:13:00,9.7
2025-06-12 22:47:00,76.9
2025-06-12 01:34:00,5.5
2025-06-12 19:57:00,21.9
2025-06-12 00:27:00,9.4
2025-06-12 21:04:00,58.3
2025-06-12 00:29:00,49.822039706925075
2025-06-12 20:16:00,60.0
2025-06-12 09:23:00,27.3
2025-06-12 09:53:00,29.2
2025-06-12 12:57:00,40.4
2025-06-12 09:52:00,45.0
2025-06-12 18:11:00,19.1
2025-06-12 07:23:00,4.2
2025-06-12 06:20:00,90.5
2025-06-12 03:49:00,92.8
2025-06-12 15:37:00,62.6
2025-06-12 14:56:00,72.8
2025-06-12 01:12:00,49.822039706925075
2025-06-12 04:32:00,79.5
2025-06-12 01:55:00,26.4
2025-06-12 17:44:00,48.9
2025-06-12 19:04:00,6.9
2025-06-12 12:15:00,90.8
2025-06-12 05:29:00,86.7
2025-06-12 21:35:00,49.822039706925075
2025-06-12 01:38:00,48.5
2025-06-12 06:14:00,21.1
2025-06-12 18:50:00,60.8
2025-06-12 04:46:00,52.9
2025-06-12 03:36:00,34.3
2025-06-12 06:05:00,73.7
2025-06-12 21:52:00,2.4
2025-06-12 17:37:00,49.822039706925075
2025-06-12 13:19:00,37.3
2025-06-12 06:24:00,59.7
2025-06-12 00:20:00,12.1
2025-06-12 13:49:00,49.822039706925075
2025-06-12 12:11:00,92.0
2025-06-12 14:54:00,49.822039706925075
2025-06-12 05:53:00,5.5
2025-06-12 21:57:00,49.822039706925075
2025-06-12 22:39:00,89.0
2025-06-12 13:16:00,69.2
2025-06-12 09:07:00,42.9
2025-06-12 09:43:00,80.5
2025-06-12 09:54:00,4.5
2025-06-12 23:38:00,59.5
2025-06-12 07:04:00,49.822039706925075
2025-06-12 16:45:00,87.2
2025-06-12 19:43:00,67.9
2025-06-12 10:27:00,6.2
2025-06-12 11:05:00,24.7
2025-06-12 15:05:00,49.822039706925075
2025-06-12 01:50:00,49.4
2025-06-12 12:13:00,68.1
2025-06-12 09:03:00,43.1
2025-06-12 00:04:00,6.0
2025-06-12 11:42:00,17.4
2025-06-12 00:57:00,85.3
2025-06-12 02:20:00,15.5
2025-06-12 12:40:00,51.5
2025-06-12 09:26:00,55.8
2025-06-12 12:55:00,16.3
2025-06-12 22:40:00,81.7
2025-06-12 04:48:00,56.0
2025-06-12 14:43:00,49.822039706925075
2025-06-12 15:28:00,4.1
2025-06-12 17:07:00,90.7
2025-06-12 11:49:00,16.3
2025-06-12 05:29:00,6.4
2025-06-12 19:00:00,50.9
2025-06-12 17:18:00,88.5
2025-06-12 02:36:00,28.1
2025-06-12 09:39:00,57.1
2025-06-12 01:40:00,18.5
2025-06-12 16:19:00,1.7
2025-06-12 12:02:00,60.8
2025-06-12 01:13:00,94.4
2025-06-12 10:40:00,75.4
2025-06-12 04:24:00,26.5
2025-06-12 14:43:00,70.4
2025-06-12 04:37:00,49.822039706925075
2025-06-12 18:25:00,28.7
2025-06-12 20:46:00,54.7
2025-06-12 14:27:00,26.8
2025-06-12 13:11:00,51.6
2025-06-12 11:36:00,79.0
2025-06-12 07:18:00,71.6
2025-06-12 09:24:00,45.4
2025-06-12 14:35:00,30.7
2025-06-12 17:31:00,25.4
2025-06-12 04:15:00,49.4
2025-06-12 21:56:00,1.3
2025-06-12 12:10:00,95.3
2025-06-12 02:58:00,26.0
2025-06-12 22:16:00,53.7
2025-06-12 21:45:00,49.822039706925075
2025-06-12 07:49:00,35.6
2025-06-12 07:56:00,49.822039706925075
2025-06-12 12:23:00,79.3
2025-06-12 23:03:00,11.0
2025-06-12 09:11:00,44.0
2025-06-12 14:02:00,84.0
2025-06-12 16:23:00,24.1
2025-06-12 09:47:00,14.6
2025-06-12 01:41:00,49.822039706925075
2025-06-12 00:25:00,71.9
2025-06-12 04:13:00,49.822039706925075
2025-06-12 01:11:00,91.2
2025-06-12 10:51:00,63.5
2025-06-12 07:39:00,69.8
2025-06-12 08:13:00,70.4
2025-06-12 18:27:00,55.4
2025-06-12 22:58:00,98.7
2025-06-12 13:14:00,80.2
2025-06-12 23:02:00,49.822039706925075
2025-06-12 23:34:00,60.9
2025-06-12 23:54:00,89.8
2025-06-12 07:16:00,18.8
2025-06-12 05:00:00,49.822039706925075
2025-06-12 22:08:00,98.1
2025-06-12 23:54:00,55.0
2025-06-12 15:21:00,97.3
2025-06-12 18:27:00,92.1
2025-06-12 19:13:00,65.3
2025-06-12 14:02:00,69.3
2025-06-12 22:47:00,49.822039706925075
2025-06-12 04:34:00,53.1
2025-06-12 20:12:00,74.3
2025-06-12 13:11:00,87.1
2025-06-12 20:10:00,76.4
2025-06-12 17:59:00,71.0
2025-06-12 05:26:00,96.8
2025-06-12 08:30:00,49.822039706925075
2025-06-12 01:11:00,1.2
2025-06-12 22:47:00,69.3
2025-06-12 16:20:00,49.822039706925075
2025-06-12 21:58:00,49.822039706925075
2025-06-12 22:16:00,85.2
2025-06-12 06:13:00,11.9
2025-06-12 17:52:00,31.5
2025-06-12 09:29:00,21.9
2025-06-12 15:11:00,36.0
2025-06-12 04:13:00,13.9
2025-06-12 17:10:00,67.7
2025-06-12 11:23:00,72.3
2025-06-12 02:24:00,90.4
2025-06-12 14:43:00,8.7
2025-06-12 19:07:00,14.6
2025-06-12 11:23:00,86.4
2025-06-12 07:17:00,33.7
2025-06-12 06:30:00,91.6
2025-06-12 14:07:00,49.822039706925075
2025-06-12 13:47:00,36.3
2025-06-12 12:02:00,28.3
2025-06-12 03:44:00,96.8
2025-06-12 01:20:00,56.2
2025-06-12 16:37:00,82.9
2025-06-12 01:18:00,58.2
2025-06-12 17:14:00,63.3
2025-06-12 10:06:00,41.7
2025-06-12 04:01:00,34.9
2025-06-12 10:05:00,25.0
2025-06-12 11:44:00,88.1
2025-06-12 06:59:00,72.0
2025-06-12 23:51:00,31.2
2025-06-12 18:46:00,67.8
2025-06-12 10:06:00,66.7
2025-06-12 16:36:00,53.9
2025-06-12 13:33:00,62.8
2025-06-12 04:12:00,49.822039706925075
2025-06-12 23:02:00,70.9
2025-06-12 12:17:00,48.4
2025-06-12 22:59:00,67.2
2025-06-12 06:06:00,33.9
2025-06-12 14:22:00,49.822039706925075
2025-06-12 11:03:00,42.7
2025-06-12 01:30:00,32.2
2025-06-12 14:20:00,38.8
2025-06-12 16:35:00,71.7
2025-06-12 15:07:00,25.7
2025-06-12 21:00:00,87.3
2025-06-12 01:57:00,49.822039706925075
2025-06-12 21:03:00,52.1
2025-06-12 05:50:00,73.5
2025-06-12 21:17:00,49.822039706925075
2025-06-12 04:43:00,78.8
2025-06-12 16:51:00,63.0
2025-06-12 22:55:00,49.822039706925075
2025-06-12 22:03:00,49.4
2025-06-12 15:43:00,49.822039706925075
2025-06-12 06:05:00,49.822039706925075
2025-06-12 21:30:00,13.5
2025-06-12 04:39:00,41.2
2025-06-12 08:49:00,91.5
2025-06-12 20:12:00,8.8
2025-06-12 04:24:00,26.9
2025-06-12 00:25:00,86.0
2025-06-12 23:00:00,22.0
2025-06-12 21:11:00,23.8
2025-06-12 18:47:00,68.3
2025-06-12 16:34:00,81.9
2025-06-12 08:48:00,36.0
2025-06-12 02:17:00,49.822039706925075
2025-06-12 01:33:00,77.4
2025-06-12 14:28:00,84.7
2025-06-12 05:31:00,74.1
2025-06-12 18:35:00,61.2
2025-06-12 21:24:00,97.6
2025-06-12 00:45:00,27.9
2025-06-12 20:01:00,91.3
2025-06-12 06:10:00,6.3
2025-06-12 10:53:00,9.4
2025-06-12 12:30:00,30.9
2025-06-12 04:44:00,61.5
2025-06-12 11:30:00,20.3
2025-06-12 22:07:00,73.8
2025-06-12 12:34:00,50.313785814936594
2025-06-12 02:56:00,95.5
2025-06-12 10:49:00,0.3
2025-06-12 21:31:00,77.5
2025-06-12 14:32:00,50.313785814936594
2025-06-12 12:36:00,50.313785814936594
2025-06-12 06:43:00,6.1
2025-06-12 15:17:00,50.313785814936594
2025-06-12 08:56:00,65.3
2025-06-12 11:00:00,11.0
2025-06-12 13:22:00,50.313785814936594
2025-06-12 07:16:00,23.4
2025-06-12 04:53:00,46.9
2025-06-12 13:56:00,37.6
2025-06-12 06:19:00,54.0
2025-06-12 10:35:00,50.4
2025-06-12 08:22:00,94.2
2025-06-12 02:05:00,23.1
2025-06-12 23:32:00,43.2
2025-06-12 18:05:00,33.5
2025-06-12 09:52:00,50.313785814936594
2025-06-12 13:18:00,22.7
2025-06-12 23:37:00,24.7
2025-06-12 04:46:00,3.4
2025-06-12 03:22:00,54.0
2025-06-12 19:39:00,50.313785814936594
2025-06-12 18:31:00,63.2
2025-06-12 02:32:00,32.9
2025-06-12 23:02:00,86.1
2025-06-12 08:01:00,64.8
2025-06-12 02:53:00,50.313785814936594
2025-06-12 23:45:00,67.6
2025-06-12 13:23:00,47.2
2025-06-12 09:18:00,94.6
2025-06-12 18:50:00,24.5
2025-06-12 03:58:00,3.5
2025-06-12 02:45:00,51.3
2025-06-12 15:43:00,72.6
2025-06-12 06:28:00,18.5
2025-06-12 01:05:00,64.4
2025-06-12 02:48:00,98.7
2025-06-12 07:16:00,14.3
2025-06-12 08:32:00,58.2
2025-06-12 01:46:00,50.313785814936594
2025-06-12 06:58:00,68.1
2025-06-12 09:09:00,40.3
2025-06-12 13:01:00,90.3
2025-06-12 11:51:00,50.313785814936594
2025-06-12 10:24:00,86.8
2025-06-12 13:59:00,63.7
2025-06-12 03:02:00,69.7
2025-06-12 02:42:00,3.1
2025-06-12 03:31:00,53.1
2025-06-12 09:48:00,47.2
2025-06-12 07:11:00,88.9
2025-06-12 07:56:00,50.313785814936594
2025-06-12 08:25:00,13.4
2025-06-12 01:50:00,40.4
2025-06-12 08:33:00,90.3
2025-06-12 10:53:00,39.2
2025-06-12 11:44:00,28.3
2025-06-12 17:09:00,63.0
2025-06-12 13:22:00,4.9
2025-06-12 17:33:00,28.5
2025-06-12 14:10:00,23.7
2025-06-12 13:58:00,21.9
2025-06-12 08:05:00,40.1
2025-06-12 11:39:00,85.2
2025-06-12 06:42:00,84.3
2025-06-12 18:54:00,69.4
2025-06-12 22:23:00,50.313785814936594
2025-06-12 11:43:00,37.7
2025-06-12 21:30:00,52.5
2025-06-12 03:33:00,8.7
2025-06-12 00:37:00,50.313785814936594
2025-06-12 23:58:00,43.4
2025-06-12 22:43:00,42.1
2025-06-12 04:02:00,48.7
2025-06-12 12:04:00,14.2
2025-06-12 16:25:00,2.5
2025-06-12 16:34:00,47.3
2025-06-12 02:08:00,0.8
2025-06-12 02:00:00,50.313785814936594
2025-06-12 19:30:00,20.4
2025-06-12 05:59:00,81.5
2025-06-12 20:20:00,75.1
2025-06-12 05:01:00,88.7
2025-06-12 16:02:00,30.0
2025-06-12 22:52:00,49.7
2025-06-12 00:29:00,37.0
2025-06-12 23:33:00,65.1
2025-06-12 18:42:00,18.4
2025-06-12 22:59:00,66.4
2025-06-12 21:44:00,58.8
2025-06-12 08:27:00,60.3
2025-06-12 04:30:00,71.6
2025-06-12 11:20:00,12.8
2025-06-12 22:49:00,57.8
2025-06-12 00:39:00,67.5
2025-06-12 19:36:00,31.0
2025-06-12 20:21:00,46.4
2025-06-12 07:58:00,69.3
2025-06-12 06:06:00,69.1
2025-06-12 04:50:00,29.4
2025-06-12 22:32:00,30.6
2025-06-12 05:51:00,91.9
2025-06-12 16:59:00,80.0
2025-06-12 01:15:00,40.8
2025-06-12 18:08:00,56.3
2025-06-12 12:40:00,11.7
2025-06-12 17:58:00,58.0
2025-06-12 08:57:00,59.2
2025-06-12 08:12:00,34.5
2025-06-12 03:18:00,18.4
2025-06-12 18:36:00,88.1
2025-06-12 16:25:00,99.3
2025-06-12 12:17:00,82.9
2025-06-12 16:48:00,50.313785814936594
2025-06-12 05:21:00,50.313785814936594
2025-06-12 00:46:00,50.313785814936594
2025-06-12 01:11:00,50.313785814936594
2025-06-12 08:52:00,10.3
2025-06-12 08:05:00,53.5
2025-06-12 17:11:00,15.4
2025-06-12 04:49:00,50.313785814936594
2025-06-12 08:01:00,50.313785814936594
2025-06-12 09:54:00,88.0
2025-06-12 17:35:00,94.9
2025-06-12 14:27:00,50.313785814936594
2025-06-12 18:20:00,88.9
2025-06-12 18:41:00,42.5
2025-06-12 18:14:00,94.6
2025-06-12 11:05:00,32.9
2025-06-12 03:18:00,67.8
2025-06-12 03:25:00,4.5
2025-06-12 09:10:00,50.313785814936594
2025-06-12 21:08:00,5.4
2025-06-12 07:15:00,23.5
2025-06-12 12:09:00,42.7
2025-06-12 00:26:00,54.5
2025-06-12 22:45:00,13.7
2025-06-12 22:46:00,9.5
2025-06-12 21:56:00,16.1
2025-06-12 19:22:00,81.2
2025-06-12 05:35:00,56.2
2025-06-12 07:38:00,84.8
2025-06-12 23:48:00,55.0
2025-06-12 04:18:00,22.4
2025-06-12 08:38:00,50.313785814936594
2025-06-12 08:43:00,59.3
2025-06-12 12:02:00,60.4
2025-06-12 09:10:00,89.1
2025-06-12 19:34:00,96.9
2025-06-12 01:49:00,55.4
2025-06-12 03:32:00,11.4
2025-06-12 21:34:00,89.3
2025-06-12 14:51:00,50.313785814936594
2025-06-12 11:20:00,84.9
2025-06-12 10:38:00,63.1
2025-06-12 07:21:00,60.9
2025-06-12 17:56:00,57.5
2025-06-12 10:14:00,32.7
2025-06-12 12:19:00,50.313785814936594
2025-06-12 12:34:00,50.313785814936594
2025-06-12 02:14:00,8.6
2025-06-12 01:38:00,30.7
2025-06-12 22:04:00,11.5
2025-06-12 12:58:00,64.7
2025-06-12 20:25:00,63.3
2025-06-12 04:04:00,50.313785814936594
2025-06-12 19:12:00,50.313785814936594
2025-06-12 03:33:00,43.2
2025-06-12 08:45:00,21.2
2025-06-12 05:11:00,87.8
2025-06-12 09:23:00,85.9
2025-06-12 11:37:00,49.9
2025-06-12 15:23:00,19.9
2025-06-12 10:48:00,90.0
2025-06-12 11:32:00,0.5
2025-06-12 19:19:00,8.2
2025-06-12 06:58:00,64.5
2025-06-12 06:08:00,39.4
2025-06-12 04:25:00,25.6
2025-06-12 06:22:00,19.9
2025-06-12 17:00:00,17.0
2025-06-12 12:03:00,48.7
2025-06-12 08:02:00,76.3
2025-06-12 12:02:00,79.6
2025-06-12 20:12:00,50.313785814936594
2025-06-12 01:20:00,99.3
2025-06-12 15:09:00,99.8
2025-06-12 09:07:00,0.2
2025-06-12 19:39:00,2.5
2025-06-12 20:35:00,81.9
2025-06-12 13:08:00,50.313785814936594
2025-06-12 04:35:00,34.3
2025-06-12 21:20:00,50.313785814936594
2025-06-12 10:45:00,84.6
2025-06-12 21:44:00,38.8
2025-06-12 10:51:00,64.1
2025-06-12 16:57:00,93.1
2025-06-12 21:46:00,13.0
2025-06-12 10:15:00,88.8
2025-06-12 19:40:00,66.1
2025-06-12 04:08:00,63.8
2025-06-12 04:58:00,76.0
2025-06-12 14:31:00,51.3
2025-06-12 21:49:00,36.6
2025-06-12 05:37:00,72.7
2025-06-12 14:56:00,78.7
2025-06-12 18:52:00,59.9
2025-06-12 21:01:00,83.8
2025-06-12 17:17:00,8.8
2025-06-12 01:31:00,48.5
2025-06-12 20:05:00,82.1
2025-06-12 17:30:00,30.1
2025-06-12 04:24:00,68.2
2025-06-12 16:20:00,61.2
2025-06-12 05:14:00,90.6
2025-06-12 00:17:00,11.0
2025-06-12 06:18:00,2.4
2025-06-12 12:49:00,73.5
2025-06-12 12:46:00,24.7
2025-06-12 10:08:00,8.4
2025-06-12 02:24:00,50.313785814936594
2025-06-12 02:16:00,50.313785814936594
2025-06-12 10:51:00,69.5
2025-06-12 17:15:00,39.9
2025-06-12 04:28:00,85.9
2025-06-12 17:14:00,77.5
2025-06-12 11:45:00,3.0
2025-06-12 16:22:00,35.6
2025-06-12 19:39:00,36.0
2025-06-12 07:49:00,50.313785814936594
2025-06-12 12:55:00,88.1
2025-06-12 21:46:00,83.7
2025-06-12 19:12:00,55.6
2025-06-12 13:17:00,89.0
2025-06-12 13:59:00,32.0
2025-06-12 04:09:00,33.7
2025-06-12 05:21:00,95.9
2025-06-12 19:02:00,66.3
2025-06-12 02:59:00,7.0
2025-06-12 11:53:00,22.3
2025-06-12 05:48:00,16.0
2025-06-12 05:59:00,50.313785814936594
2025-06-12 02:05:00,50.5
2025-06-12 11:22:00,75.9
2025-06-12 20:48:00,50.313785814936594
2025-06-12 12:57:00,99.3
2025-06-12 21:34:00,25.8
2025-06-12 16:56:00,59.7
2025-06-12 23:29:00,4.1
2025-06-12 21:34:00,68.8
2025-06-12 19:28:00,0.3
2025-06-12 05:43:00,86.4
2025-06-12 13:20:00,50.313785814936594
2025-06-12 10:25:00,32.3
2025-06-12 04:46:00,41.8
2025-06-12 20:23:00,97.8
2025-06-12 20:57:00,93.8
2025-06-12 05:36:00,79.8
2025-06-12 18:20:00,50.313785814936594
2025-06-12 04:12:00,22.3
2025-06-12 09:21:00,81.6
2025-06-12 17:29:00,41.1
2025-06-12 01:02:00,60.7
2025-06-12 23:56:00,74.9
2025-06-12 01:13:00,93.7
2025-06-12 16:57:00,51.2
2025-06-12 05:27:00,36.3
2025-06-12 11:52:00,68.5
2025-06-12 14:12:00,50.313785814936594
2025-06-12 00:09:00,32.1
2025-06-12 03:48:00,61.5
2025-06-12 09:23:00,65.7
2025-06-12 01:39:00,93.1
2025-06-12 13:30:00,43.6
2025-06-12 15:14:00,90.4
2025-06-12 09:38:00,26.6
2025-06-12 08:58:00,50.313785814936594
2025-06-12 06:22:00,70.7
2025-06-12 01:02:00,71.5
2025-06-12 21:54:00,50.6
2025-06-12 19:48:00,70.9
2025-06-12 05:03:00,25.2
2025-06-12 04:23:00,23.0
2025-06-12 19:04:00,50.313785814936594
2025-06-12 05:28:00,64.6
2025-06-12 10:30:00,58.2
2025-06-12 18:04:00,85.8
2025-06-12 08:33:00,39.3
2025-06-12 22:54:00,19.6
2025-06-12 01:53:00,49.947505013566115
2025-06-12 03:18:00,51.2
2025-06-12 08:14:00,40.7
2025-06-12 03:15:00,25.1
2025-06-12 16:54:00,49.947505013566115
2025-06-12 06:34:00,17.4
2025-06-12 10:29:00,41.9
2025-06-12 06:43:00,76.1
2025-06-12 13:01:00,69.8
2025-06-12 22:26:00,9.2
2025-06-12 05:30:00,85.0
2025-06-12 22:07:00,7.7
2025-06-12 09:05:00,31.2
2025-06-12 20:24:00,34.6
2025-06-12 15:03:00,55.6
2025-06-12 10:32:00,54.8
2025-06-12 18:16:00,0.1
2025-06-12 08:24:00,20.3
2025-06-12 20:09:00,76.2
2025-06-12 01:24:00,5.2
2025-06-12 13:16:00,22.9
2025-06-12 01:13:00,29.4
2025-06-12 02:38:00,45.4
2025-06-12 14:57:00,1.7
2025-06-12 10:12:00,49.947505013566115
2025-06-12 13:29:00,49.947505013566115
2025-06-12 05:03:00,75.2
2025-06-12 02:01:00,40.6
2025-06-12 22:17:00,49.0
2025-06-12 20:12:00,24.7
2025-06-12 06:11:00,9.1
2025-06-12 19:50:00,31.5
2025-06-12 17:12:00,49.6
2025-06-12 06:05:00,53.1
2025-06-12 16:55:00,20.1
2025-06-12 02:35:00,49.947505013566115
2025-06-12 23:14:00,74.2
2025-06-12 03:45:00,12.9
2025-06-12 02:00:00,27.9
2025-06-12 06:55:00,26.3
2025-06-12 01:10:00,49.947505013566115
2025-06-12 23:54:00,39.8
2025-06-12 06:46:00,49.947505013566115
2025-06-12 02:01:00,72.3
2025-06-12 09:23:00,76.2
2025-06-12 01:51:00,29.7
2025-06-12 23:34:00,36.6
2025-06-12 02:47:00,27.1
2025-06-12 05:47:00,28.1
2025-06-12 07:52:00,36.0
2025-06-12 00:11:00,49.947505013566115
2025-06-12 14:08:00,49.947505013566115
2025-06-12 08:15:00,76.7
2025-06-12 20:06:00,49.947505013566115
2025-06-12 00:16:00,49.947505013566115
2025-06-12 05:37:00,93.0
2025-06-12 09:41:00,70.2
2025-06-12 05:29:00,93.1
2025-06-12 02:18:00,54.0
2025-06-12 07:35:00,49.947505013566115
2025-06-12 10:06:00,97.7
2025-06-12 06:40:00,85.9
2025-06-12 15:02:00,86.1
2025-06-12 22:56:00,79.9
2025-06-12 02:48:00,85.0
2025-06-12 07:02:00,5.5
2025-06-12 14:09:00,21.0
2025-06-12 09:19:00,33.8
2025-06-12 07:03:00,49.947505013566115
2025-06-12 10:41:00,32.6
2025-06-12 19:09:00,22.0
2025-06-12 18:37:00,42.4
2025-06-12 00:43:00,36.9
2025-06-12 16:33:00,22.6
2025-06-12 20:01:00,49.947505013566115
2025-06-12 03:26:00,69.8
2025-06-12 15:20:00,27.4
2025-06-12 05:27:00,60.3
2025-06-12 18:35:00,69.0
2025-06-12 14:05:00,67.7
2025-06-12 18:46:00,49.947505013566115
2025-06-12 17:11:00,55.3
2025-06-12 03:35:00,49.947505013566115
2025-06-12 05:43:00,6.8
2025-06-12 10:06:00,45.5
2025-06-12 05:01:00,49.947505013566115
2025-06-12 19:17:00,98.5
2025-06-12 16:46:00,29.2
2025-06-12 05:38:00,4.3
2025-06-12 07:50:00,63.7
2025-06-12 21:06:00,89.7
2025-06-12 06:52:00,77.2
2025-06-12 08:59:00,49.947505013566115
2025-06-12 21:06:00,33.4
2025-06-12 06:57:00,49.947505013566115
2025-06-12 06:58:00,92.8
2025-06-12 23:31:00,13.3
2025-06-12 01:08:00,49.947505013566115
2025-06-12 00:17:00,55.7
2025-06-12 10:53:00,1.9
2025-06-12 09:09:00,12.7
2025-06-12 04:46:00,49.947505013566115
2025-06-12 05:12:00,61.2
2025-06-12 16:30:00,45.3
2025-06-12 09:33:00,49.947505013566115
2025-06-12 08:12:00,34.4
2025-06-12 22:25:00,49.947505013566115
2025-06-12 06:17:00,16.7
2025-06-12 23:08:00,61.7
2025-06-12 04:19:00,17.3
2025-06-12 01:15:00,30.4
2025-06-12 07:11:00,37.8
2025-06-12 06:04:00,16.6
2025-06-12 01:05:00,17.9
2025-06-12 01:39:00,36.5
2025-06-12 21:34:00,85.5
2025-06-12 03:28:00,68.3
2025-06-12 21:52:00,49.947505013566115
2025-06-12 12:47:00,89.0
2025-06-12 07:13:00,1.3
2025-06-12 19:45:00,78.4
2025-06-12 03:37:00,31.2
2025-06-12 01:30:00,49.947505013566115
2025-06-12 17:51:00,39.1
2025-06-12 19:06:00,50.7
2025-06-12 12:06:00,19.5
2025-06-12 01:40:00,49.947505013566115
2025-06-12 21:09:00,63.9
2025-06-12 12:20:00,20.5
2025-06-12 14:11:00,71.4
2025-06-12 10:43:00,49.947505013566115
2025-06-12 13:02:00,68.6
2025-06-12 17:22:00,1.0
2025-06-12 15:56:00,77.6
2025-06-12 10:40:00,91.7
2025-06-12 19:15:00,80.6
2025-06-12 02:58:00,27.2
2025-06-12 07:25:00,8.9
2025-06-12 19:51:00,39.3
2025-06-12 12:59:00,11.0
2025-06-12 03:31:00,50.1
2025-06-12 15:43:00,63.1
2025-06-12 19:03:00,5.1
2025-06-12 23:06:00,71.0
2025-06-12 08:07:00,81.3
2025-06-12 20:51:00,89.8
2025-06-12 11:20:00,76.5
2025-06-12 02:17:00,6.5
2025-06-12 01:56:00,80.7
2025-06-12 16:34:00,93.9
2025-06-12 09:44:00,49.947505013566115
2025-06-12 09:53:00,49.947505013566115
2025-06-12 08:19:00,12.1
2025-06-12 16:27:00,67.5
2025-06-12 20:42:00,21.5
2025-06-12 12:36:00,78.4
2025-06-12 23:42:00,56.0
2025-06-12 00:03:00,49.947505013566115
2025-06-12 00:35:00,8.5
2025-06-12 05:29:00,12.7
2025-06-12 12:53:00,73.7
2025-06-12 12:56:00,9.1
2025-06-12 21:31:00,5.6
2025-06-12 05:48:00,3.8
2025-06-12 04:19:00,32.9
2025-06-12 19:23:00,51.2
2025-06-12 18:46:00,49.947505013566115
2025-06-12 07:03:00,1.5
2025-06-12 23:32:00,64.7
2025-06-12 00:19:00,28.2
2025-06-12 17:51:00,68.5
2025-06-12 05:22:00,3.9
2025-06-12 21:31:00,49.947505013566115
2025-06-12 10:16:00,49.947505013566115
2025-06-12 20:29:00,53.0
2025-06-12 23:36:00,43.3
2025-06-12 10:39:00,25.1
2025-06-12 20:56:00,1.0
2025-06-12 22:27:00,22.6
2025-06-12 17:22:00,6.0
2025-06-12 02:00:00,49.947505013566115
2025-06-12 09:48:00,79.3
2025-06-12 00:27:00,86.0
2025-06-12 22:08:00,5.6
2025-06-12 18:03:00,86.9
2025-06-12 17:30:00,7.6
2025-06-12 22:53:00,49.5
2025-06-12 14:39:00,49.947505013566115
2025-06-12 14:03:00,49.947505013566115
2025-06-12 23:09:00,29.9
2025-06-12 20:26:00,73.5
2025-06-12 15:38:00,49.947505013566115
2025-06-12 15:41:00,70.8
2025-06-12 05:28:00,83.0
2025-06-12 15:38:00,79.5
2025-06-12 19:47:00,49.947505013566115
2025-06-12 12:04:00,51.7
2025-06-12 08:03:00,30.5
2025-06-12 21:14:00,49.947505013566115
2025-06-12 11:26:00,41.3
2025-06-12 19:45:00,50.4
2025-06-12 14:43:00,49.947505013566115
2025-06-12 00:45:00,52.9
2025-06-12 08:56:00,2.7
2025-06-12 22:30:00,78.4
2025-06-12 12:06:00,84.5
2025-06-12 21:16:00,32.4
2025-06-12 01:02:00,81.1
2025-06-12 13:09:00,67.7
2025-06-12 05:46:00,97.8
2025-06-12 22:09:00,84.3
2025-06-12 03:21:00,84.9
2025-06-12 05:34:00,64.6
2025-06-12 18:50:00,42.3
2025-06-12 17:07:00,53.1
2025-06-12 00:28:00,49.947505013566115
2025-06-12 16:53:00,92.0
2025-06-12 06:09:00,84.3
2025-06-12 15:04:00,30.1
2025-06-12 14:21:00,24.9
2025-06-12 20:06:00,67.5
2025-06-12 19:36:00,8.2
2025-06-12 00:04:00,45.4
2025-06-12 14:50:00,42.6
2025-06-12 03:19:00,3.0
2025-06-12 14:59:00,5.3
2025-06-12 10:51:00,39.0
2025-06-12 06:04:00,80.7
2025-06-12 10:03:00,2.0
2025-06-12 14:02:00,49.947505013566115
2025-06-12 18:44:00,55.5
2025-06-12 22:15:00,89.0
2025-06-12 04:50:00,86.2
2025-06-12 13:40:00,15.3
2025-06-12 14:37:00,49.947505013566115
2025-06-12 17:12:00,72.0
2025-06-12 02:04:00,61.7
2025-06-12 02:40:00,19.4
2025-06-12 13:05:00,90.3
2025-06-12 09:49:00,60.1
2025-06-12 11:49:00,18.9
2025-06-12 01:44:00,16.3
2025-06-12 15:32:00,73.0
2025-06-12 12:54:00,63.9
2025-06-12 02:05:00,10.9
2025-06-12 06:01:00,54.3
2025-06-12 15:46:00,76.4
2025-06-12 10:35:00,3.6
2025-06-12 04:33:00,49.947505013566115
2025-06-12 00:46:00,96.2
2025-06-12 18:24:00,49.947505013566115
2025-06-12 14:39:00,61.7
2025-06-12 14:05:00,63.0
2025-06-12 00:10:00,4.3
2025-06-12 18:04:00,82.5
2025-06-12 06:52:00,85.8
2025-06-12 21:15:00,15.7
2025-06-12 10:05:00,11.1
2025-06-12 12:05:00,76.4
2025-06-12 20:04:00,39.4
2025-06-12 10:44:00,49.947505013566115
2025-06-12 13:31:00,56.1
2025-06-12 16:50:00,98.3
2025-06-12 04:48:00,41.7
2025-06-12 02:19:00,3.6
2025-06-12 11:56:00,37.4
2025-06-12 15:08:00,74.0
2025-06-12 07:58:00,89.2
2025-06-12 12:28:00,81.2
2025-06-12 12:17:00,90.0
2025-06-12 04:14:00,32.2
2025-06-12 09:09:00,65.1
2025-06-12 00:02:00,84.8
2025-06-12 02:33:00,95.1
2025-06-12 20:32:00,57.1
2025-06-12 02:22:00,95.0
2025-06-12 00:19:00,49.947505013566115
2025-06-12 03:41:00,25.8
2025-06-12 00:12:00,36.3
2025-06-12 12:24:00,63.9
2025-06-12 20:18:00,49.947505013566115
2025-06-12 09:38:00,44.5
2025-06-12 05:22:00,95.8
2025-06-12 11:52:00,49.947505013566115
2025-06-12 23:35:00,43.0
2025-06-12 17:48:00,41.1
2025-06-12 16:44:00,96.7
2025-06-12 00:54:00,57.9
2025-06-12 19:07:00,49.947505013566115
2025-06-12 04:09:00,41.8
2025-06-12 22:18:00,49.947505013566115
2025-06-12 16:45:00,38.3
2025-06-12 02:19:00,72.3
2025-06-12 04:33:00,95.3
2025-06-12 07:58:00,93.5
2025-06-12 03:16:00,49.947505013566115
2025-06-12 19:37:00,48.0
2025-06-12 00:38:00,49.947505013566115
2025-06-12 14:33:00,13.7
2025-06-12 22:43:00,56.8
2025-06-12 21:05:00,96.9
2025-06-12 09:59:00,85.2
2025-06-12 14:52:00,49.947505013566115
2025-06-12 23:25:00,43.2
2025-06-12 18:57:00,77.9
2025-06-12 14:49:00,93.1
2025-06-12 11:01:00,42.3
2025-06-12 05:39:00,17.8
2025-06-12 16:26:00,59.0
2025-06-12 05:12:00,85.8
2025-06-12 23:23:00,8.2
2025-06-12 11:02:00,20.7
2025-06-12 19:01:00,5.1
2025-06-12 12:25:00,10.1
2025-06-12 18:27:00,7.4
2025-06-12 12:45:00,49.947505013566115
2025-06-12 06:43:00,30.4
2025-06-12 16:27:00,18.8
2025-06-12 17:00:00,49.947505013566115
2025-06-12 01:01:00,35.3
2025-06-12 21:23:00,70.7
2025-06-12 06:33:00,56.8
2025-06-12 10:22:00,19.1
2025-06-12 09:59:00,55.5
2025-06-12 21:07:00,20.8
2025-06-12 08:51:00,57.9
2025-06-12 21:55:00,76.3
2025-06-12 13:45:00,36.4
2025-06-12 15:09:00,96.8
2025-06-12 21:57:00,95.0
2025-06-12 08:43:00,32.4
2025-06-12 07:50:00,27.7
2025-06-12 04:55:00,91.6
2025-06-12 13:38:00,3.0
2025-06-12 09:53:00,49.0
2025-06-12 07:58:00,99.5
2025-06-12 00:05:00,50.31471380077256
2025-06-12 09:51:00,75.5
2025-06-12 15:19:00,49.4
2025-06-12 01:51:00,81.3
2025-06-12 03:21:00,22.5
2025-06-12 18:19:00,49.9
2025-06-12 10:03:00,58.9
2025-06-12 21:48:00,61.5
2025-06-12 22:41:00,7.7
2025-06-12 12:25:00,8.4
2025-06-12 17:47:00,50.31471380077256
2025-06-12 10:45:00,48.0
2025-06-12 01:00:00,65.6
2025-06-12 15:21:00,89.0
2025-06-12 02:34:00,36.8
2025-06-12 00:04:00,48.2
2025-06-12 23:07:00,40.3
2025-06-12 06:32:00,16.0
2025-06-12 14:32:00,50.31471380077256
2025-06-12 19:39:00,15.6
2025-06-12 13:19:00,50.31471380077256
2025-06-12 19:02:00,92.7
2025-06-12 06:54:00,7.1
2025-06-12 01:00:00,93.0
2025-06-12 10:01:00,23.8
2025-06-12 13:44:00,87.3
2025-06-12 14:38:00,4.8
2025-06-12 00:54:00,78.2
2025-06-12 22:29:00,98.0
2025-06-12 15:23:00,50.31471380077256
2025-06-12 18:06:00,2.2
2025-06-12 12:56:00,99.4
2025-06-12 06:13:00,50.31471380077256
2025-06-12 07:58:00,50.31471380077256
2025-06-12 13:17:00,72.9
2025-06-12 18:54:00,54.9
2025-06-12 15:27:00,68.2
2025-06-12 00:26:00,21.2
2025-06-12 00:41:00,3.9
2025-06-12 22:54:00,92.1
2025-06-12 12:15:00,51.2
2025-06-12 07:55:00,37.2
2025-06-12 21:08:00,50.31471380077256
2025-06-12 06:29:00,98.2
2025-06-12 20:47:00,92.8
2025-06-12 02:00:00,70.2
2025-06-12 07:29:00,53.7
2025-06-12 00:50:00,66.4
2025-06-12 07:08:00,40.9
2025-06-12 00:26:00,67.1
2025-06-12 06:33:00,4.0
2025-06-12 07:02:00,90.4
2025-06-12 06:12:00,19.4
2025-06-12 22:27:00,93.3
2025-06-12 03:52:00,50.31471380077256
2025-06-12 18:37:00,6.7
2025-06-12 14:07:00,23.4
2025-06-12 06:37:00,46.4
2025-06-12 11:15:00,11.2
2025-06-12 11:10:00,14.3
2025-06-12 15:25:00,55.9
2025-06-12 12:33:00,75.5
2025-06-12 15:42:00,75.6
2025-06-12 18:15:00,37.7
2025-06-12 01:59:00,50.31471380077256
2025-06-12 05:26:00,29.0
2025-06-12 10:55:00,50.31471380077256
2025-06-12 14:37:00,10.0
2025-06-12 04:25:00,95.0
2025-06-12 13:17:00,87.8
2025-06-12 09:27:00,23.1
2025-06-12 07:27:00,50.31471380077256
2025-06-12 21:12:00,50.31471380077256
2025-06-12 22:41:00,50.31471380077256
2025-06-12 18:48:00,5.1
2025-06-12 23:05:00,28.2
2025-06-12 14:35:00,37.8
2025-06-12 01:39:00,70.9
2025-06-12 07:59:00,41.0
2025-06-12 23:59:00,16.0
2025-06-12 00:58:00,80.9
2025-06-12 07:04:00,54.9
2025-06-12 21:23:00,26.9
2025-06-12 13:59:00,50.31471380077256
2025-06-12 11:55:00,46.3
2025-06-12 15:37:00,31.9
2025-06-12 07:11:00,44.8
2025-06-12 08:29:00,76.8
2025-06-12 14:35:00,50.31471380077256
2025-06-12 19:07:00,89.5
2025-06-12 17:52:00,50.31471380077256
2025-06-12 03:18:00,3.7
2025-06-12 05:33:00,15.4
2025-06-12 03:11:00,57.6
2025-06-12 09:08:00,68.0
2025-06-12 18:30:00,14.5
2025-06-12 22:36:00,72.6
2025-06-12 12:34:00,60.7
2025-06-12 22:48:00,85.2
2025-06-12 16:47:00,28.1
2025-06-12 18:14:00,48.1
2025-06-12 09:21:00,73.8
2025-06-12 01:44:00,26.2
2025-06-12 21:15:00,63.1
2025-06-12 11:24:00,50.31471380077256
2025-06-12 19:32:00,45.0
2025-06-12 05:36:00,50.31471380077256
2025-06-12 11:49:00,1.3
2025-06-12 10:20:00,50.31471380077256
2025-06-12 22:57:00,83.0
2025-06-12 06:00:00,45.2
2025-06-12 17:59:00,41.8
2025-06-12 13:01:00,39.8
2025-06-12 05:40:00,28.4
2025-06-12 15:10:00,84.8
2025-06-12 02:43:00,84.9
2025-06-12 12:39:00,93.0
2025-06-12 04:48:00,43.0
2025-06-12 01:45:00,8.4
2025-06-12 03:56:00,83.7
2025-06-12 16:57:00,12.9
2025-06-12 23:08:00,86.7
2025-06-12 10:26:00,26.8
2025-06-12 07:03:00,50.31471380077256
2025-06-12 22:35:00,3.7
2025-06-12 22:41:00,96.3
2025-06-12 19:14:00,71.8
2025-06-12 05:04:00,70.4
2025-06-12 18:43:00,73.7
2025-06-12 19:11:00,0.7
2025-06-12 14:00:00,26.1
2025-06-12 10:19:00,42.2
2025-06-12 05:04:00,29.6
2025-06-12 06:59:00,60.4
2025-06-12 23:54:00,45.7
2025-06-12 14:24:00,59.0
2025-06-12 11:37:00,59.2
2025-06-12 00:44:00,80.8
2025-06-12 22:39:00,6.2
2025-06-12 13:50:00,34.6
2025-06-12 06:18:00,82.8
2025-06-12 21:51:00,50.31471380077256
2025-06-12 23:36:00,5.1
2025-06-12 02:17:00,63.0
2025-06-12 08:25:00,50.31471380077256
2025-06-12 20:23:00,88.1
2025-06-12 14:23:00,35.7
2025-06-12 16:33:00,67.0
2025-06-12 04:16:00,6.5
2025-06-12 06:55:00,94.3
2025-06-12 10:37:00,50.31471380077256
2025-06-12 23:13:00,28.7
2025-06-12 18:38:00,87.3
2025-06-12 23:08:00,1.2
2025-06-12 14:01:00,55.2
2025-06-12 16:24:00,19.4
2025-06-12 09:49:00,44.4
2025-06-12 22:39:00,0.6
2025-06-12 01:08:00,81.5
2025-06-12 18:16:00,9.1
2025-06-12 16:29:00,44.7
2025-06-12 09:23:00,97.6
2025-06-12 18:35:00,50.31471380077256
2025-06-12 22:21:00,83.6
2025-06-12 18:32:00,27.1
2025-06-12 02:52:00,8.0
2025-06-12 12:06:00,37.9
2025-06-12 20:04:00,65.2
2025-06-12 15:29:00,83.4
2025-06-12 08:07:00,73.3
2025-06-12 07:23:00,50.8
2025-06-12 00:29:00,35.5
2025-06-12 12:46:00,37.4
2025-06-12 18:52:00,19.0
2025-06-12 00:28:00,50.31471380077256
2025-06-12 03:37:00,68.4
2025-06-12 12:44:00,58.6
2025-06-12 12:47:00,32.7
2025-06-12 09:58:00,3.4
2025-06-12 07:22:00,42.7
2025-06-12 21:18:00,13.7
2025-06-12 10:33:00,50.31471380077256
2025-06-12 17:09:00,1.0
2025-06-12 03:48:00,68.1
2025-06-12 02:06:00,50.31471380077256
2025-06-12 04:03:00,7.4
2025-06-12 06:14:00,22.9
2025-06-12 15:48:00,63.9
2025-06-12 07:34:00,92.9
2025-06-12 06:30:00,48.7
2025-06-12 11:27:00,64.0
2025-06-12 16:43:00,20.6
2025-06-12 07:08:00,59.6
2025-06-12 23:29:00,66.7
2025-06-12 01:57:00,76.5
2025-06-12 21:51:00,50.31471380077256
2025-06-12 20:58:00,65.8
2025-06-12 09:15:00,59.3
2025-06-12 06:13:00,23.1
2025-06-12 19:23:00,40.4
2025-06-12 08:54:00,50.31471380077256
2025-06-12 18:17:00,11.0
2025-06-12 03:58:00,95.6
2025-06-12 05:36:00,51.6
2025-06-12 04:17:00,99.5
2025-06-12 13:52:00,69.5
2025-06-12 20:18:00,62.2
2025-06-12 00:04:00,59.8
2025-06-12 08:41:00,69.1
2025-06-12 08:02:00,37.7
2025-06-12 06:41:00,13.9
2025-06-12 14:52:00,53.8
2025-06-12 23:14:00,55.2
2025-06-12 09:16:00,37.2
2025-06-12 03:16:00,74.3
2025-06-12 21:50:00,30.9
2025-06-12 18:48:00,22.0
2025-06-12 13:37:00,84.5
2025-06-12 23:48:00,53.4
2025-06-12 09:51:00,50.31471380077256
2025-06-12 04:10:00,98.2
2025-06-12 18:04:00,50.31471380077256
2025-06-12 20:29:00,66.3
2025-06-12 03:54:00,6.6
2025-06-12 20:29:00,96.1
2025-06-12 11:48:00,38.9
2025-06-12 01:39:00,93.9
2025-06-12 18:51:00,36.3
2025-06-12 20:46:00,89.8
2025-06-12 01:38:00,30.8
2025-06-12 18:41:00,42.2
2025-06-12 18:37:00,20.4
2025-06-12 09:34:00,16.7
2025-06-12 06:14:00,50.31471380077256
2025-06-12 06:58:00,51.0
2025-06-12 12:52:00,95.4
2025-06-12 06:46:00,52.3
2025-06-12 10:50:00,14.9
2025-06-12 17:18:00,50.31471380077256
2025-06-12 23:47:00,10.7
2025-06-12 17:25:00,50.4
2025-06-12 11:51:00,24.3
2025-06-12 11:19:00,24.5
2025-06-12 10:57:00,50.31471380077256
2025-06-12 19:25:00,50.31471380077256
2025-06-12 13:08:00,30.8
2025-06-12 17:39:00,50.31471380077256
2025-06-12 23:38:00,19.4
2025-06-12 00:41:00,78.8
2025-06-12 02:56:00,11.4
2025-06-12 16:19:00,79.8
2025-06-12 01:43:00,1.3
2025-06-12 03:03:00,78.8
2025-06-12 12:10:00,44.0
2025-06-12 10:13:00,1.8
2025-06-12 02:24:00,50.31471380077256
2025-06-12 07:37:00,64.0
2025-06-12 06:26:00,68.8
2025-06-12 00:32:00,90.8
2025-06-12 19:53:00,26.7
2025-06-12 18:34:00,86.1
2025-06-12 10:46:00,19.7
2025-06-12 16:08:00,71.7
2025-06-12 15:45:00,18.4
2025-06-12 12:25:00,79.5
2025-06-12 05:58:00,67.1
2025-06-12 02:43:00,72.4
2025-06-12 00:39:00,40.7
2025-06-12 19:28:00,22.3
2025-06-12 23:47:00,29.6
2025-06-12 21:43:00,86.4
2025-06-12 08:29:00,65.5
2025-06-12 03:12:00,50.31471380077256
2025-06-12 13:33:00,56.4
2025-06-12 13:30:00,9.5
2025-06-12 02:57:00,17.9
2025-06-12 05:15:00,61.5
2025-06-12 22:21:00,74.5
2025-06-12 03:21:00,95.2
2025-06-12 12:25:00,43.5
2025-06-12 17:22:00,3.9
2025-06-12 21:57:00,73.8
2025-06-12 14:01:00,10.3
2025-06-12 07:57:00,97.9
2025-06-12 18:55:00,93.0
2025-06-12 16:44:00,84.6
2025-06-12 01:43:00,50.31471380077256
2025-06-12 10:43:00,39.2
2025-06-12 01:16:00,78.1
2025-06-12 19:23:00,38.0
2025-06-12 00:12:00,26.3
2025-06-12 16:59:00,50.31471380077256
2025-06-12 23:00:00,50.31471380077256
2025-06-12 14:43:00,88.9
2025-06-12 17:53:00,20.1
2025-06-12 10:54:00,50.4
2025-06-12 23:51:00,84.3
2025-06-12 15:47:00,43.3
2025-06-12 18:08:00,23.8
2025-06-12 13:59:00,50.31471380077256
2025-06-12 00:07:00,20.8
2025-06-12 06:14:00,85.3
2025-06-12 09:33:00,43.0
2025-06-12 00:52:00,72.7
2025-06-12 12:02:00,43.2
2025-06-12 17:18:00,3.2
2025-06-12 01:29:00,55.4
2025-06-12 21:39:00,41.2
2025-06-12 07:06:00,26.9
2025-06-12 07:52:00,7.5
2025-06-12 07:00:00,48.5
2025-06-12 16:08:00,46.9
2025-06-12 18:23:00,45.3
2025-06-12 05:33:00,47.2
2025-06-12 13:15:00,50.31471380077256
2025-06-12 18:42:00,16.7
2025-06-12 16:22:00,28.7
2025-06-12 06:54:00,78.1
2025-06-12 20:22:00,32.2
2025-06-12 01:10:00,23.5
2025-06-12 11:19:00,89.1
2025-06-12 20:50:00,21.9
2025-06-12 13:14:00,9.2
2025-06-12 13:00:00,51.9
2025-06-12 00:12:00,37.8
2025-06-12 09:01:00,33.5
2025-06-12 20:01:00,40.5
2025-06-12 18:43:00,11.4
2025-06-12 01:30:00,5.1
2025-06-12 04:52:00,73.0
2025-06-12 19:36:00,49.873700916999766
2025-06-12 13:26:00,49.873700916999766
2025-06-12 16:55:00,34.9
2025-06-12 05:42:00,53.3
2025-06-12 01:34:00,83.7
2025-06-12 17:11:00,24.1
2025-06-12 22:04:00,65.4
2025-06-12 14:06:00,26.5
2025-06-12 03:51:00,68.6
2025-06-12 22:25:00,1.3
2025-06-12 20:49:00,52.0
2025-06-12 14:24:00,63.9
2025-06-12 00:52:00,15.4
2025-06-12 08:08:00,76.5
2025-06-12 13:00:00,49.873700916999766
2025-06-12 01:43:00,9.2
2025-06-12 19:38:00,34.8
2025-06-12 15:18:00,15.7
2025-06-12 19:57:00,49.873700916999766
2025-06-12 08:09:00,66.1
2025-06-12 10:17:00,28.0
2025-06-12 13:54:00,49.873700916999766
2025-06-12 07:45:00,49.873700916999766
2025-06-12 11:14:00,81.0
2025-06-12 14:38:00,15.8
2025-06-12 13:44:00,53.6
2025-06-12 15:28:00,49.873700916999766
2025-06-12 08:35:00,81.1
2025-06-12 07:38:00,82.4
2025-06-12 08:36:00,49.873700916999766
2025-06-12 21:08:00,92.8
2025-06-12 15:55:00,24.4
2025-06-12 09:05:00,65.6
2025-06-12 02:11:00,5.3
2025-06-12 18:17:00,46.1
2025-06-12 11:48:00,97.6
2025-06-12 00:10:00,66.9
2025-06-12 19:49:00,68.7
2025-06-12 04:44:00,49.873700916999766
2025-06-12 06:46:00,49.873700916999766
2025-06-12 06:11:00,84.1
2025-06-12 01:29:00,35.1
2025-06-12 14:51:00,9.7
2025-06-12 03:32:00,36.2
2025-06-12 21:30:00,39.4
2025-06-12 20:02:00,95.7
2025-06-12 09:11:00,50.5
2025-06-12 01:23:00,52.5
2025-06-12 08:10:00,22.3
2025-06-12 11:43:00,41.4
2025-06-12 14:00:00,80.4
2025-06-12 12:32:00,73.8
2025-06-12 11:24:00,93.4
2025-06-12 11:00:00,2.9
2025-06-12 11:00:00,63.3
2025-06-12 23:15:00,65.2
2025-06-12 00:57:00,68.0
2025-06-12 15:46:00,87.4
2025-06-12 10:20:00,55.6
2025-06-12 08:58:00,49.873700916999766
2025-06-12 22:58:00,52.3
2025-06-12 21:58:00,50.5
2025-06-12 16:42:00,2.0
2025-06-12 09:39:00,64.1
2025-06-12 15:37:00,26.2
2025-06-12 14:38:00,49.873700916999766
2025-06-12 17:12:00,18.4
2025-06-12 06:02:00,89.5
2025-06-12 13:24:00,19.4
2025-06-12 19:03:00,32.5
2025-06-12 05:26:00,88.3
2025-06-12 01:26:00,54.7
2025-06-12 02:56:00,23.4
2025-06-12 10:09:00,3.0
2025-06-12 13:42:00,47.8
2025-06-12 17:08:00,80.4
2025-06-12 00:48:00,45.1
2025-06-12 12:53:00,88.9
2025-06-12 20:33:00,49.7
2025-06-12 17:59:00,46.9
2025-06-12 01:53:00,69.6
2025-06-12 09:41:00,68.6
2025-06-12 10:51:00,63.4
2025-06-12 04:58:00,49.873700916999766
2025-06-12 14:12:00,51.5
2025-06-12 13:17:00,88.2
2025-06-12 20:55:00,38.1
2025-06-12 17:41:00,42.7
2025-06-12 10:30:00,64.8
2025-06-12 00:22:00,37.7
2025-06-12 04:01:00,4.1
2025-06-12 08:37:00,82.0
2025-06-12 02:13:00,64.5
2025-06-12 13:29:00,69.3
2025-06-12 09:08:00,57.7
2025-06-12 12:34:00,19.5
2025-06-12 16:40:00,7.4
2025-06-12 11:35:00,59.8
2025-06-12 06:13:00,98.4
2025-06-12 12:41:00,40.4
2025-06-12 13:43:00,80.4
2025-06-12 18:06:00,32.6
2025-06-12 09:23:00,84.6
2025-06-12 20:13:00,87.3
2025-06-12 12:50:00,76.8
2025-06-12 05:33:00,49.873700916999766
2025-06-12 01:53:00,90.9
2025-06-12 19:43:00,33.9
2025-06-12 12:02:00,8.1
2025-06-12 09:03:00,82.5
2025-06-12 22:49:00,79.5
2025-06-12 18:55:00,52.4
2025-06-12 18:52:00,49.873700916999766
2025-06-12 16:53:00,14.7
2025-06-12 23:06:00,69.8
2025-06-12 23:28:00,41.8
2025-06-12 05:01:00,17.5
2025-06-12 14:13:00,55.0
2025-06-12 19:54:00,6.0
2025-06-12 04:42:00,0.1
2025-06-12 06:27:00,11.9
2025-06-12 03:43:00,49.873700916999766
2025-06-12 02:08:00,71.2
2025-06-12 13:59:00,48.4
2025-06-12 04:31:00,57.5
2025-06-12 11:04:00,49.873700916999766
2025-06-12 20:45:00,81.5
2025-06-12 19:41:00,84.2
2025-06-12 10:55:00,49.873700916999766
2025-06-12 10:39:00,49.873700916999766
2025-06-12 11:37:00,70.0
2025-06-12 03:32:00,2.1
2025-06-12 07:03:00,49.873700916999766
2025-06-12 02:38:00,52.8
2025-06-12 11:27:00,5.3
2025-06-12 15:06:00,49.873700916999766
2025-06-12 09:56:00,54.7
2025-06-12 02:25:00,49.873700916999766
2025-06-12 10:13:00,10.0
2025-06-12 22:31:00,29.5
2025-06-12 08:00:00,61.8
2025-06-12 22:56:00,16.0
2025-06-12 05:10:00,1.2
2025-06-12 19:08:00,0.7
2025-06-12 16:24:00,49.873700916999766
2025-06-12 17:27:00,58.0
2025-06-12 11:11:00,17.2
2025-06-12 21:47:00,49.873700916999766
2025-06-12 13:44:00,11.0
2025-06-12 13:12:00,80.3
2025-06-12 08:18:00,47.8
2025-06-12 01:25:00,3.2
2025-06-12 18:12:00,29.9
2025-06-12 11:38:00,26.3
2025-06-12 14:34:00,44.8
2025-06-12 20:21:00,76.7
2025-06-12 18:18:00,3.4
2025-06-12 01:02:00,73.9
2025-06-12 01:35:00,52.0
2025-06-12 02:53:00,6.5
2025-06-12 18:48:00,23.2
2025-06-12 14:57:00,86.5
2025-06-12 20:46:00,91.0
2025-06-12 09:47:00,39.9
2025-06-12 02:50:00,49.873700916999766
2025-06-12 14:37:00,49.873700916999766
2025-06-12 00:44:00,26.0
2025-06-12 01:00:00,68.7
2025-06-12 20:46:00,34.1
2025-06-12 15:04:00,93.0
2025-06-12 01:07:00,20.0
2025-06-12 17:33:00,78.9
2025-06-12 22:33:00,12.1
2025-06-12 04:37:00,49.873700916999766
2025-06-12 17:00:00,34.8
2025-06-12 08:41:00,8.0
2025-06-12 23:10:00,2.5
2025-06-12 12:59:00,96.9
2025-06-12 05:04:00,56.2
2025-06-12 15:49:00,66.6
2025-06-12 08:14:00,4.0
2025-06-12 01:47:00,56.4
2025-06-12 05:01:00,49.873700916999766
2025-06-12 02:20:00,75.3
2025-06-12 10:31:00,50.3
2025-06-12 11:42:00,69.9
2025-06-12 18:26:00,74.7
2025-06-12 13:11:00,99.8
2025-06-12 15:06:00,49.873700916999766
2025-06-12 18:33:00,75.4
2025-06-12 23:26:00,3.8
2025-06-12 16:19:00,71.5
2025-06-12 11:09:00,6.4
2025-06-12 14:34:00,61.9
2025-06-12 07:11:00,78.8
2025-06-12 11:04:00,68.1
2025-06-12 19:12:00,82.5
2025-06-12 16:51:00,16.3
2025-06-12 23:34:00,1.2
2025-06-12 16:29:00,76.5
2025-06-12 18:17:00,28.9
2025-06-12 18:47:00,42.0
2025-06-12 08:09:00,86.7
2025-06-12 19:52:00,22.6
2025-06-12 00:37:00,86.5
2025-06-12 11:26:00,19.6
2025-06-12 13:17:00,49.873700916999766
2025-06-12 16:43:00,63.4
2025-06-12 07:49:00,53.8
2025-06-12 21:03:00,28.8
2025-06-12 08:47:00,50.3
2025-06-12 02:53:00,28.2
2025-06-12 14:20:00,45.1
2025-06-12 10:13:00,35.6
2025-06-12 20:29:00,58.4
2025-06-12 18:09:00,85.2
2025-06-12 13:52:00,4.1
2025-06-12 22:02:00,49.1
2025-06-12 17:59:00,22.3
2025-06-12 00:45:00,29.9
2025-06-12 21:25:00,93.9
2025-06-12 06:11:00,83.4
2025-06-12 02:33:00,19.1
2025-06-12 18:56:00,87.5
2025-06-12 04:03:00,6.9
2025-06-12 08:27:00,83.7
2025-06-12 01:33:00,45.3
2025-06-12 17:43:00,17.1
2025-06-12 15:03:00,67.5
2025-06-12 11:31:00,34.0
2025-06-12 18:46:00,45.7
2025-06-12 00:31:00,80.9
2025-06-12 16:05:00,74.6
2025-06-12 20:19:00,49.873700916999766
2025-06-12 11:29:00,49.873700916999766
2025-06-12 13:08:00,64.9
2025-06-12 01:19:00,49.873700916999766
2025-06-12 11:24:00,34.7
2025-06-12 03:36:00,12.2
2025-06-12 23:19:00,95.5
2025-06-12 05:04:00,68.5
2025-06-12 07:48:00,38.6
2025-06-12 18:23:00,25.7
2025-06-12 22:17:00,16.6
2025-06-12 06:02:00,49.873700916999766
2025-06-12 06:08:00,91.2
2025-06-12 17:42:00,1.8
2025-06-12 14:46:00,80.2
2025-06-12 13:39:00,11.9
2025-06-12 21:11:00,66.9
2025-06-12 00:29:00,46.2
2025-06-12 11:05:00,36.3
2025-06-12 03:19:00,70.4
2025-06-12 12:15:00,71.4
2025-06-12 19:46:00,35.3
2025-06-12 03:25:00,28.2
2025-06-12 07:39:00,49.5
2025-06-12 05:43:00,45.7
2025-06-12 01:42:00,21.8
2025-06-12 02:02:00,49.873700916999766
2025-06-12 06:35:00,83.0
2025-06-12 05:09:00,17.5
2025-06-12 22:24:00,34.7
2025-06-12 05:19:00,11.0
2025-06-12 09:26:00,94.6
2025-06-12 13:06:00,91.6
2025-06-12 16:40:00,82.6
2025-06-12 23:07:00,88.7
2025-06-12 03:08:00,15.9
2025-06-12 10:50:00,88.0
2025-06-12 21:11:00,55.0
2025-06-12 00:15:00,21.2
2025-06-12 03:59:00,22.6
2025-06-12 03:41:00,4.6
2025-06-12 03:36:00,51.4
2025-06-12 12:34:00,43.5
2025-06-12 11:33:00,31.2
2025-06-12 09:43:00,90.0
2025-06-12 00:24:00,69.8
2025-06-12 07:15:00,74.2
2025-06-12 17:31:00,42.1
2025-06-12 08:44:00,20.4
2025-06-12 02:10:00,12.0
2025-06-12 00:23:00,53.1
2025-06-12 09:38:00,49.873700916999766
2025-06-12 13:17:00,38.9
2025-06-12 05:45:00,23.2
2025-06-12 14:35:00,17.9
2025-06-12 16:13:00,35.3
2025-06-12 05:14:00,60.1
2025-06-12 11:17:00,97.9
2025-06-12 20:43:00,60.4
2025-06-12 01:58:00,62.5
2025-06-12 06:18:00,49.873700916999766
2025-06-12 01:15:00,82.1
2025-06-12 10:59:00,63.8
2025-06-12 23:07:00,45.7
2025-06-12 10:12:00,88.8
2025-06-12 20:48:00,56.1
2025-06-12 21:57:00,12.2
2025-06-12 17:51:00,95.6
2025-06-12 17:20:00,10.4
2025-06-12 03:49:00,65.8
2025-06-12 14:32:00,99.9
2025-06-12 22:36:00,36.5
2025-06-12 02:05:00,53.8
2025-06-12 14:26:00,37.8
2025-06-12 06:49:00,46.4
2025-06-12 00:41:00,14.5
2025-06-12 05:23:00,33.5
2025-06-12 13:37:00,94.0
2025-06-12 14:58:00,78.3
2025-06-12 13:04:00,66.8
2025-06-12 07:50:00,3.1
2025-06-12 11:04:00,82.2
2025-06-12 05:52:00,98.8
2025-06-12 15:04:00,19.2
2025-06-12 14:43:00,67.3
2025-06-12 01:41:00,21.0
2025-06-12 22:12:00,14.9
2025-06-12 21:01:00,11.0
2025-06-12 17:07:00,82.8
2025-06-12 12:35:00,84.0
2025-06-12 10:59:00,35.1
2025-06-12 20:12:00,49.660353652861794
2025-06-12 01:47:00,40.2
2025-06-12 15:12:00,47.1
2025-06-12 09:04:00,0.9
2025-06-12 18:18:00,58.1
2025-06-12 20:40:00,12.6
2025-06-12 11:06:00,87.0
2025-06-12 08:38:00,49.660353652861794
2025-06-12 06:46:00,1.0
2025-06-12 17:57:00,96.9
2025-06-12 07:25:00,63.5
2025-06-12 06:16:00,2.1
2025-06-12 04:06:00,76.0
2025-06-12 03:30:00,0.9
2025-06-12 19:35:00,49.660353652861794
2025-06-12 23:28:00,93.6
2025-06-12 04:32:00,49.660353652861794
2025-06-12 04:50:00,87.6
2025-06-12 17:17:00,73.0
2025-06-12 18:05:00,3.1
2025-06-12 11:37:00,50.2
2025-06-12 09:31:00,49.0
2025-06-12 12:37:00,76.6
2025-06-12 18:16:00,3.9
2025-06-12 11:22:00,82.6
2025-06-12 16:28:00,98.3
2025-06-12 13:02:00,54.6
2025-06-12 20:57:00,52.4
2025-06-12 14:36:00,22.2
2025-06-12 08:48:00,0.8
2025-06-12 06:06:00,59.4
2025-06-12 22:01:00,0.6
2025-06-12 22:48:00,49.660353652861794
2025-06-12 18:17:00,0.4
2025-06-12 12:37:00,70.6
2025-06-12 23:45:00,38.5
2025-06-12 05:43:00,49.660353652861794
2025-06-12 21:42:00,49.6
2025-06-12 22:14:00,49.660353652861794
2025-06-12 22:08:00,85.7
2025-06-12 14:20:00,70.7
2025-06-12 04:03:00,95.8
2025-06-12 03:31:00,88.8
2025-06-12 23:41:00,49.660353652861794
2025-06-12 12:38:00,29.8
2025-06-12 08:45:00,59.3
2025-06-12 19:24:00,61.1
2025-06-12 08:04:00,49.660353652861794
2025-06-12 07:02:00,43.2
2025-06-12 12:55:00,71.1
2025-06-12 10:52:00,59.7
2025-06-12 16:19:00,57.2
2025-06-12 00:21:00,49.660353652861794
2025-06-12 04:22:00,68.5
2025-06-12 10:31:00,75.0
2025-06-12 17:02:00,52.4
2025-06-12 22:36:00,96.5
2025-06-12 20:11:00,49.660353652861794
2025-06-12 08:51:00,1.8
2025-06-12 01:29:00,49.660353652861794
2025-06-12 13:02:00,49.660353652861794
2025-06-12 03:16:00,67.7
2025-06-12 08:25:00,53.0
2025-06-12 19:06:00,29.8
2025-06-12 17:02:00,13.4
2025-06-12 00:46:00,13.2
2025-06-12 03:30:00,58.4
2025-06-12 14:16:00,72.7
2025-06-12 18:44:00,48.2
2025-06-12 03:45:00,67.4
2025-06-12 08:59:00,92.8
2025-06-12 09:06:00,20.6
2025-06-12 21:44:00,24.2
2025-06-12 14:37:00,72.5
2025-06-12 12:05:00,40.2
2025-06-12 17:20:00,24.8
2025-06-12 06:54:00,62.2
2025-06-12 06:07:00,85.6
2025-06-12 06:11:00,1.9
2025-06-12 01:09:00,16.3
2025-06-12 06:49:00,89.9
2025-06-12 19:41:00,0.5
2025-06-12 03:02:00,52.0
2025-06-12 00:01:00,18.5
2025-06-12 16:33:00,81.1
2025-06-12 04:17:00,53.4
2025-06-12 21:14:00,49.660353652861794
2025-06-12 14:57:00,2.3
2025-06-12 05:17:00,78.7
2025-06-12 22:10:00,89.2
2025-06-12 10:04:00,66.8
2025-06-12 10:08:00,84.4
2025-06-12 20:45:00,48.5
2025-06-12 01:32:00,68.4
2025-06-12 06:43:00,14.3
2025-06-12 06:39:00,54.5
2025-06-12 16:34:00,63.6
2025-06-12 09:22:00,42.5
2025-06-12 16:29:00,6.5
2025-06-12 14:07:00,61.3
2025-06-12 23:24:00,49.660353652861794
2025-06-12 22:19:00,46.1
2025-06-12 12:41:00,70.2
2025-06-12 17:46:00,49.660353652861794
2025-06-12 08:19:00,14.5
2025-06-12 17:27:00,52.7
2025-06-12 04:27:00,49.660353652861794
2025-06-12 06:33:00,3.4
2025-06-12 15:38:00,68.6
2025-06-12 08:45:00,70.5
2025-06-12 12:22:00,27.4
2025-06-12 15:50:00,32.5
2025-06-12 13:36:00,23.1
2025-06-12 17:42:00,49.660353652861794
2025-06-12 07:08:00,91.1
2025-06-12 14:38:00,87.0
2025-06-12 11:05:00,57.5
2025-06-12 11:09:00,50.4
2025-06-12 12:03:00,44.1
2025-06-12 18:48:00,13.9
2025-06-12 13:27:00,49.6
2025-06-12 06:02:00,27.4
2025-06-12 06:44:00,66.3
2025-06-12 20:14:00,81.7
2025-06-12 20:52:00,34.7
2025-06-12 03:46:00,49.660353652861794
2025-06-12 19:34:00,52.0
2025-06-12 04:45:00,36.4
2025-06-12 07:04:00,13.8
2025-06-12 21:39:00,58.5
2025-06-12 20:52:00,60.7
2025-06-12 02:06:00,33.4
2025-06-12 23:18:00,61.7
2025-06-12 10:39:00,20.1
2025-06-12 19:11:00,3.2
2025-06-12 05:08:00,37.0
2025-06-12 01:49:00,17.4
2025-06-12 04:43:00,78.5
2025-06-12 21:04:00,71.0
2025-06-12 06:07:00,49.660353652861794
2025-06-12 06:10:00,41.4
2025-06-12 19:27:00,48.1
2025-06-12 23:25:00,80.7
2025-06-12 23:23:00,11.0
2025-06-12 00:04:00,18.2
2025-06-12 18:51:00,49.660353652861794
2025-06-12 07:19:00,16.3
2025-06-12 14:23:00,72.3
2025-06-12 15:40:00,19.3
2025-06-12 23:03:00,78.4
2025-06-12 06:14:00,79.2
2025-06-12 21:32:00,0.8
2025-06-12 11:42:00,64.9
2025-06-12 11:03:00,14.7
2025-06-12 05:08:00,49.660353652861794
2025-06-12 19:58:00,94.7
2025-06-12 14:39:00,49.660353652861794
2025-06-12 15:08:00,98.0
2025-06-12 06:13:00,52.7
2025-06-12 19:21:00,32.1
2025-06-12 00:59:00,49.660353652861794
2025-06-12 04:32:00,8.4
2025-06-12 18:50:00,49.660353652861794
2025-06-12 14:35:00,18.3
2025-06-12 08:15:00,56.1
2025-06-12 22:51:00,67.1
2025-06-12 14:30:00,28.6
2025-06-12 14:43:00,49.0
2025-06-12 09:18:00,91.7
2025-06-12 14:50:00,26.2
2025-06-12 14:08:00,61.3
2025-06-12 15:31:00,49.660353652861794
2025-06-12 10:43:00,78.7
2025-06-12 22:32:00,11.9
2025-06-12 13:59:00,64.9
2025-06-12 08:44:00,22.9
2025-06-12 05:16:00,49.660353652861794
2025-06-12 20:35:00,49.6
2025-06-12 13:14:00,49.660353652861794
2025-06-12 10:47:00,61.8
2025-06-12 19:49:00,15.4
2025-06-12 16:23:00,50.8
2025-06-12 18:37:00,37.2
2025-06-12 23:36:00,17.0
2025-06-12 13:17:00,49.660353652861794
2025-06-12 15:53:00,58.6
2025-06-12 01:46:00,49.660353652861794
2025-06-12 11:22:00,85.1
2025-06-12 07:55:00,24.9
2025-06-12 05:27:00,46.7
2025-06-12 09:46:00,82.1
2025-06-12 00:59:00,38.0
2025-06-12 21:35:00,55.6
2025-06-12 23:16:00,70.4
2025-06-12 16:54:00,92.3
2025-06-12 20:50:00,19.5
2025-06-12 11:35:00,95.4
2025-06-12 00:52:00,82.4
2025-06-12 02:45:00,29.8
2025-06-12 08:21:00,32.1
2025-06-12 10:30:00,28.2
2025-06-12 22:15:00,6.9
2025-06-12 21:24:00,41.5
2025-06-12 00:08:00,56.8
2025-06-12 06:58:00,26.6
2025-06-12 16:49:00,53.8
2025-06-12 17:25:00,86.6
2025-06-12 02:24:00,56.6
2025-06-12 02:56:00,36.9
2025-06-12 01:27:00,57.0
2025-06-12 15:41:00,49.660353652861794
2025-06-12 10:45:00,49.660353652861794
2025-06-12 06:34:00,61.8
2025-06-12 12:20:00,48.1
2025-06-12 07:49:00,96.1
2025-06-12 01:39:00,46.7
2025-06-12 11:27:00,99.3
2025-06-12 08:31:00,11.7
2025-06-12 07:16:00,38.1
2025-06-12 20:26:00,62.2
2025-06-12 19:48:00,49.660353652861794
2025-06-12 21:32:00,44.3
2025-06-12 16:42:00,55.0
2025-06-12 07:10:00,87.0
2025-06-12 02:39:00,8.9
2025-06-12 23:24:00,75.4
2025-06-12 11:40:00,58.6
2025-06-12 16:28:00,82.9
2025-06-12 15:28:00,24.5
2025-06-12 21:23:00,7.0
2025-06-12 00:14:00,20.4
2025-06-12 21:14:00,57.0
2025-06-12 16:48:00,73.9
2025-06-12 08:08:00,11.7
2025-06-12 07:59:00,86.8
2025-06-12 08:16:00,34.6
2025-06-12 01:25:00,2.0
2025-06-12 03:52:00,33.5
2025-06-12 23:19:00,49.9
2025-06-12 11:51:00,46.4
2025-06-12 18:48:00,7.5
2025-06-12 23:00:00,13.2
2025-06-12 08:35:00,49.660353652861794
2025-06-12 00:20:00,9.8
2025-06-12 20:00:00,58.4
2025-06-12 07:09:00,27.8
2025-06-12 15:47:00,73.4
2025-06-12 01:47:00,66.9
2025-06-12 22:41:00,77.4
2025-06-12 02:57:00,59.3
2025-06-12 10:36:00,7.7
2025-06-12 00:56:00,58.8
2025-06-12 21:43:00,49.660353652861794
2025-06-12 06:32:00,25.7
2025-06-12 16:34:00,98.3
2025-06-12 23:44:00,27.0
2025-06-12 03:49:00,17.2
2025-06-12 05:25:00,44.4
2025-06-12 09:55:00,67.5
2025-06-12 19:48:00,90.0
2025-06-12 10:03:00,55.3
2025-06-12 20:18:00,26.9
2025-06-12 08:03:00,7.4
2025-06-12 01:27:00,54.3
2025-06-12 12:44:00,95.6
2025-06-12 01:33:00,57.7
2025-06-12 22:51:00,53.2
2025-06-12 23:11:00,94.9
2025-06-12 02:22:00,89.8
2025-06-12 02:05:00,45.2
2025-06-12 13:27:00,65.1
2025-06-12 22:01:00,88.1
2025-06-12 18:37:00,32.6
2025-06-12 12:59:00,43.4
2025-06-12 23:03:00,78.3
2025-06-12 15:24:00,44.3
2025-06-12 10:07:00,30.2
2025-06-12 23:17:00,90.8
2025-06-12 07:53:00,81.9
2025-06-12 08:01:00,96.7
2025-06-12 18:17:00,7.7
2025-06-12 22:14:00,49.1
2025-06-12 22:32:00,60.7
2025-06-12 08:29:00,84.6
2025-06-12 13:19:00,81.2
2025-06-12 00:18:00,72.2
2025-06-12 09:37:00,78.7
2025-06-12 04:51:00,43.5
2025-06-12 10:31:00,49.660353652861794
2025-06-12 14:07:00,88.9
2025-06-12 09:56:00,34.1
2025-06-12 09:01:00,77.5
2025-06-12 06:29:00,49.660353652861794
2025-06-12 19:31:00,59.1
2025-06-12 11:14:00,34.0
2025-06-12 14:47:00,34.4
2025-06-12 20:38:00,33.3
2025-06-12 15:24:00,92.4
2025-06-12 09:53:00,61.8
2025-06-12 17:51:00,49.660353652861794
2025-06-12 07:20:00,57.9
2025-06-12 23:55:00,62.5
2025-06-12 04:44:00,88.2
2025-06-12 05:06:00,20.3
2025-06-12 23:27:00,34.3
2025-06-12 08:39:00,50.5
2025-06-12 04:16:00,76.5
2025-06-12 15:59:00,49.660353652861794
2025-06-12 15:33:00,33.8
2025-06-12 01:50:00,30.1
2025-06-12 23:00:00,18.3
2025-06-12 16:46:00,30.7
2025-06-12 20:20:00,22.0
2025-06-12 16:16:00,49.9804001872221
2025-06-12 20:04:00,64.6
2025-06-12 16:13:00,49.9804001872221
2025-06-12 18:00:00,67.9
2025-06-12 02:12:00,30.2
2025-06-12 20:06:00,49.9804001872221
2025-06-12 12:30:00,3.7
2025-06-12 13:07:00,49.9804001872221
2025-06-12 20:27:00,70.2
2025-06-12 08:44:00,17.2
2025-06-12 10:41:00,38.0
2025-06-12 02:58:00,49.9804001872221
2025-06-12 15:30:00,37.2
2025-06-12 14:07:00,10.2
2025-06-12 04:47:00,40.7
2025-06-12 14:07:00,91.2
2025-06-12 01:30:00,19.6
2025-06-12 23:35:00,49.9804001872221
2025-06-12 12:26:00,87.1
2025-06-12 19:04:00,61.7
2025-06-12 14:29:00,23.8
2025-06-12 09:48:00,19.5
2025-06-12 09:58:00,49.9804001872221
2025-06-12 01:33:00,31.8
2025-06-12 03:59:00,49.7
2025-06-12 15:31:00,35.3
2025-06-12 04:19:00,92.6
2025-06-12 21:10:00,49.9804001872221
2025-06-12 18:05:00,64.9
2025-06-12 02:22:00,49.9804001872221
2025-06-12 00:11:00,59.7
2025-06-12 17:01:00,86.8
2025-06-12 15:07:00,88.5
2025-06-12 01:19:00,88.5
2025-06-12 16:47:00,49.9804001872221
2025-06-12 05:36:00,67.0
2025-06-12 00:23:00,58.3
2025-06-12 09:45:00,24.2
2025-06-12 10:55:00,70.6
2025-06-12 13:21:00,49.9804001872221
2025-06-12 10:29:00,0.6
2025-06-12 09:38:00,62.7
2025-06-12 02:44:00,63.5
2025-06-12 17:31:00,28.3
2025-06-12 15:09:00,41.8
2025-06-12 08:41:00,49.9804001872221
2025-06-12 15:12:00,76.7
2025-06-12 07:08:00,43.1
2025-06-12 19:52:00,71.0
2025-06-12 09:15:00,61.4
2025-06-12 11:55:00,38.8
2025-06-12 07:48:00,49.9804001872221
2025-06-12 12:11:00,62.3
2025-06-12 08:41:00,81.6
2025-06-12 12:17:00,63.3
2025-06-12 02:09:00,65.1
2025-06-12 06:44:00,91.6
2025-06-12 08:09:00,1.5
2025-06-12 11:09:00,84.3
2025-06-12 09:51:00,78.3
2025-06-12 12:11:00,51.8
2025-06-12 23:36:00,94.9
2025-06-12 05:33:00,28.0
2025-06-12 02:51:00,90.6
2025-06-12 13:24:00,43.7
2025-06-12 11:02:00,49.9804001872221
2025-06-12 16:16:00,38.4
2025-06-12 00:58:00,8.3
2025-06-12 19:13:00,82.4
2025-06-12 17:29:00,82.9
2025-06-12 03:10:00,69.1
2025-06-12 02:52:00,51.1
2025-06-12 09:45:00,49.9804001872221
2025-06-12 08:04:00,39.0
2025-06-12 11:05:00,15.1
2025-06-12 21:25:00,37.1
2025-06-12 01:07:00,64.1
2025-06-12 18:59:00,43.5
2025-06-12 12:55:00,40.4
2025-06-12 08:33:00,40.4
2025-06-12 21:55:00,65.2
2025-06-12 12:10:00,18.0
2025-06-12 17:27:00,96.4
2025-06-12 10:36:00,91.2
2025-06-12 19:48:00,45.4
2025-06-12 08:24:00,5.2
2025-06-12 15:48:00,59.3
2025-06-12 23:40:00,91.6
2025-06-12 20:14:00,51.8
2025-06-12 02:38:00,17.9
2025-06-12 06:58:00,21.7
2025-06-12 03:47:00,13.1
2025-06-12 16:18:00,49.9804001872221
2025-06-12 03:51:00,60.8
2025-06-12 16:31:00,45.4
2025-06-12 07:03:00,69.6
2025-06-12 00:06:00,46.4
2025-06-12 00:51:00,63.9
2025-06-12 20:08:00,77.6
2025-06-12 12:15:00,75.3
2025-06-12 15:48:00,34.9
2025-06-12 15:33:00,33.9
2025-06-12 07:52:00,49.9804001872221
2025-06-12 03:46:00,52.5
2025-06-12 04:22:00,49.9804001872221
2025-06-12 01:00:00,11.1
2025-06-12 22:49:00,49.9804001872221
2025-06-12 04:20:00,29.1
2025-06-12 09:15:00,37.7
2025-06-12 09:13:00,9.8
2025-06-12 14:31:00,88.0
2025-06-12 19:06:00,50.8
2025-06-12 18:27:00,40.7
2025-06-12 22:48:00,75.6
2025-06-12 00:20:00,54.3
2025-06-12 19:50:00,88.2
2025-06-12 19:37:00,18.7
2025-06-12 07:06:00,65.1
2025-06-12 14:30:00,71.6
2025-06-12 06:06:00,88.6
2025-06-12 06:55:00,34.4
2025-06-12 02:18:00,21.4
2025-06-12 01:02:00,9.3
2025-06-12 05:00:00,84.6
2025-06-12 08:16:00,49.9804001872221
2025-06-12 18:29:00,12.7
2025-06-12 03:55:00,52.9
2025-06-12 10:30:00,41.4
2025-06-12 13:38:00,49.1
2025-06-12 23:49:00,27.8
2025-06-12 08:07:00,86.0
2025-06-12 16:13:00,49.9804001872221
2025-06-12 05:46:00,46.9
2025-06-12 00:30:00,6.4
2025-06-12 06:06:00,49.9804001872221
2025-06-12 18:56:00,76.6
2025-06-12 08:33:00,17.1
2025-06-12 00:28:00,76.7
2025-06-12 13:18:00,49.9804001872221
2025-06-12 05:30:00,45.3
2025-06-12 03:20:00,68.0
2025-06-12 15:54:00,55.9
2025-06-12 06:55:00,49.9804001872221
2025-06-12 21:31:00,49.9804001872221
2025-06-12 11:20:00,64.2
2025-06-12 00:36:00,77.3
2025-06-12 07:38:00,49.9804001872221
2025-06-12 19:45:00,24.5
2025-06-12 03:16:00,55.7
2025-06-12 18:46:00,72.3
2025-06-12 15:34:00,89.3
2025-06-12 14:20:00,49.9804001872221
2025-06-12 21:13:00,24.2
2025-06-12 22:01:00,87.9
2025-06-12 23:06:00,98.5
2025-06-12 12:00:00,14.4
2025-06-12 00:50:00,63.0
2025-06-12 05:07:00,82.8
2025-06-12 02:02:00,82.9
2025-06-12 23:34:00,61.3
2025-06-12 08:56:00,7.7
2025-06-12 08:54:00,78.3
2025-06-12 21:13:00,3.8
2025-06-12 03:57:00,78.6
2025-06-12 13:22:00,86.1
2025-06-12 07:42:00,9.2
2025-06-12 22:30:00,31.0
2025-06-12 04:48:00,79.5
2025-06-12 14:12:00,68.9
2025-06-12 23:40:00,44.7
2025-06-12 11:22:00,93.9
2025-06-12 16:49:00,49.9804001872221
2025-06-12 16:12:00,49.9804001872221
2025-06-12 04:36:00,95.3
2025-06-12 07:49:00,63.3
2025-06-12 10:14:00,0.9
2025-06-12 22:52:00,44.8
2025-06-12 01:05:00,65.9
2025-06-12 19:38:00,65.5
2025-06-12 02:26:00,90.9
2025-06-12 18:58:00,24.5
2025-06-12 06:24:00,46.7
2025-06-12 10:09:00,2.6
2025-06-12 15:49:00,45.7
2025-06-12 18:06:00,12.3
2025-06-12 06:45:00,49.9804001872221
2025-06-12 18:40:00,49.9804001872221
2025-06-12 16:33:00,73.0
2025-06-12 09:27:00,15.5
2025-06-12 02:00:00,1.3
2025-06-12 00:35:00,46.9
2025-06-12 14:43:00,71.1
2025-06-12 08:43:00,13.7
2025-06-12 03:48:00,39.6
2025-06-12 15:26:00,29.9
2025-06-12 08:36:00,22.5
2025-06-12 17:46:00,55.9
2025-06-12 14:40:00,4.7
2025-06-12 06:20:00,87.2
2025-06-12 10:14:00,18.1
2025-06-12 15:17:00,71.2
2025-06-12 15:49:00,92.8
2025-06-12 05:50:00,70.0
2025-06-12 22:30:00,36.6
2025-06-12 07:04:00,16.3
2025-06-12 06:49:00,2.8
2025-06-12 07:20:00,26.7
2025-06-12 15:45:00,65.9
2025-06-12 04:06:00,80.6
2025-06-12 14:33:00,35.2
2025-06-12 13:34:00,89.3
2025-06-12 06:35:00,15.7
2025-06-12 08:29:00,10.4
2025-06-12 11:07:00,85.3
2025-06-12 10:30:00,9.2
2025-06-12 09:26:00,78.8
2025-06-12 22:54:00,81.8
2025-06-12 14:06:00,49.9804001872221
2025-06-12 11:37:00,28.4
2025-06-12 09:48:00,49.9804001872221
2025-06-12 16:48:00,86.8
2025-06-12 02:01:00,6.3
2025-06-12 21:41:00,35.8
2025-06-12 09:18:00,97.2
2025-06-12 19:52:00,19.1
2025-06-12 20:02:00,42.1
2025-06-12 23:43:00,11.9
2025-06-12 03:49:00,94.9
2025-06-12 09:15:00,8.8
2025-06-12 04:45:00,61.3
2025-06-12 23:01:00,64.5
2025-06-12 01:56:00,17.8
2025-06-12 08:07:00,34.3
2025-06-12 09:26:00,49.9804001872221
2025-06-12 03:07:00,56.2
2025-06-12 09:39:00,60.5
2025-06-12 02:47:00,83.1
2025-06-12 23:58:00,51.3
2025-06-12 00:53:00,85.4
2025-06-12 02:37:00,38.5
2025-06-12 17:04:00,12.9
2025-06-12 01:45:00,63.4
2025-06-12 11:51:00,96.9
2025-06-12 16:36:00,33.9
2025-06-12 03:00:00,0.3
2025-06-12 06:53:00,49.9804001872221
2025-06-12 04:35:00,67.1
2025-06-12 03:35:00,47.2
2025-06-12 19:59:00,18.7
2025-06-12 14:50:00,69.6
2025-06-12 19:14:00,65.4
2025-06-12 07:17:00,84.1
2025-06-12 05:59:00,57.8
2025-06-12 18:45:00,49.9804001872221
2025-06-12 21:22:00,50.5
2025-06-12 01:52:00,60.5
2025-06-12 15:48:00,39.3
2025-06-12 23:52:00,49.9804001872221
2025-06-12 02:36:00,82.0
2025-06-12 05:42:00,86.5
2025-06-12 08:24:00,8.0
2025-06-12 13:09:00,21.9
2025-06-12 14:33:00,51.2
2025-06-12 05:47:00,62.3
2025-06-12 04:57:00,49.9804001872221
2025-06-12 15:46:00,34.8
2025-06-12 04:22:00,7.1
2025-06-12 08:41:00,57.0
2025-06-12 10:19:00,49.9804001872221
2025-06-12 19:58:00,11.1
2025-06-12 23:37:00,26.7
2025-06-12 01:21:00,87.7
2025-06-12 20:25:00,18.1
2025-06-12 00:44:00,72.5
2025-06-12 00:00:00,41.2
2025-06-12 11:35:00,91.7
2025-06-12 05:02:00,72.1
2025-06-12 12:57:00,68.2
2025-06-12 15:20:00,32.1
2025-06-12 12:26:00,57.8
2025-06-12 12:12:00,51.1
2025-06-12 11:46:00,32.9
2025-06-12 23:25:00,98.7
2025-06-12 18:09:00,62.4
2025-06-12 11:44:00,47.9
2025-06-12 23:01:00,22.7
2025-06-12 19:55:00,82.8
2025-06-12 12:56:00,29.9
2025-06-12 09:55:00,31.8
2025-06-12 16:52:00,38.6
2025-06-12 00:50:00,48.9
2025-06-12 16:26:00,41.8
2025-06-12 17:23:00,30.6
2025-06-12 13:07:00,53.9
2025-06-12 00:50:00,49.9804001872221
2025-06-12 04:30:00,74.6
2025-06-12 11:37:00,19.2
2025-06-12 14:39:00,43.4
2025-06-12 12:55:00,26.0
2025-06-12 12:43:00,66.4
2025-06-12 19:10:00,76.9
2025-06-12 08:29:00,60.7
2025-06-12 01:54:00,77.4
2025-06-12 17:30:00,49.9804001872221
2025-06-12 03:47:00,17.2
2025-06-12 12:59:00,54.4
2025-06-12 14:33:00,30.3
2025-06-12 14:43:00,29.4
2025-06-12 10:48:00,87.6
2025-06-12 11:32:00,10.6
2025-06-12 15:11:00,49.9804001872221
2025-06-12 20:26:00,3.3
2025-06-12 15:33:00,55.7
2025-06-12 15:27:00,70.0
2025-06-12 11:18:00,49.9804001872221
2025-06-12 17:47:00,11.4
2025-06-12 19:40:00,63.0
2025-06-12 00:14:00,76.3
2025-06-12 08:57:00,5.3
2025-06-12 17:58:00,5.8
2025-06-12 16:25:00,42.2
2025-06-12 03:33:00,49.9804001872221
2025-06-12 15:44:00,92.1
2025-06-12 23:12:00,47.1
2025-06-12 05:17:00,49.9804001872221
2025-06-12 09:19:00,93.5
2025-06-12 12:37:00,30.9
2025-06-12 21:41:00,49.9804001872221
2025-06-12 03:06:00,86.5
2025-06-12 03:29:00,6.7
2025-06-12 18:40:00,21.6
2025-06-12 17:43:00,35.4
2025-06-12 13:26:00,20.2
2025-06-12 01:36:00,49.9804001872221
2025-06-12 19:04:00,71.1
2025-06-12 22:40:00,40.9
2025-06-12 08:38:00,39.3
2025-06-12 08:02:00,8.6
2025-06-12 05:25:00,31.2
2025-06-12 04:38:00,49.9804001872221
2025-06-12 16:33:00,51.1
2025-06-12 22:38:00,13.5
2025-06-12 21:36:00,59.7
2025-06-12 02:21:00,99.4
2025-06-12 02:40:00,52.2
2025-06-12 07:30:00,61.5
2025-06-12 07:29:00,82.5
2025-06-12 04:05:00,73.5
2025-06-12 23:53:00,48.7
2025-06-12 06:13:00,91.1
2025-06-12 16:52:00,62.8
2025-06-12 17:30:00,83.4
2025-06-12 10:37:00,12.1
2025-06-12 10:57:00,71.1
2025-06-12 02:40:00,68.9
2025-06-12 13:32:00,32.3
2025-06-12 00:38:00,37.9
2025-06-12 11:36:00,5.9
2025-06-12 04:28:00,13.0
2025-06-12 10:57:00,19.5
2025-06-12 13:48:00,86.1
2025-06-12 17:52:00,83.0
2025-06-12 06:56:00,49.6
2025-06-12 06:39:00,52.6
2025-06-12 14:14:00,49.659483264826775
2025-06-12 22:04:00,49.659483264826775
2025-06-12 10:04:00,41.4
2025-06-12 18:24:00,49.659483264826775
2025-06-12 10:28:00,45.3
2025-06-12 03:07:00,97.0
2025-06-12 04:09:00,62.5
2025-06-12 20:19:00,49.659483264826775
2025-06-12 05:35:00,52.4
2025-06-12 11:13:00,51.0
2025-06-12 01:12:00,53.5
2025-06-12 08:26:00,12.1
2025-06-12 11:32:00,72.8
2025-06-12 19:21:00,49.659483264826775
2025-06-12 22:35:00,49.659483264826775
2025-06-12 00:20:00,49.659483264826775
2025-06-12 00:34:00,49.659483264826775
2025-06-12 08:55:00,75.8
2025-06-12 02:39:00,0.0
2025-06-12 10:47:00,88.3
2025-06-12 11:55:00,91.2
2025-06-12 20:18:00,77.6
2025-06-12 16:35:00,49.659483264826775
2025-06-12 12:51:00,49.659483264826775
2025-06-12 21:33:00,64.2
2025-06-12 16:50:00,75.0
2025-06-12 03:40:00,80.0
2025-06-12 01:31:00,5.1
2025-06-12 15:45:00,97.2
2025-06-12 15:56:00,65.8
2025-06-12 12:16:00,69.4
2025-06-12 02:23:00,60.8
2025-06-12 01:17:00,96.2
2025-06-12 03:45:00,76.8
2025-06-12 16:27:00,79.2
2025-06-12 07:30:00,77.0
2025-06-12 09:34:00,46.8
2025-06-12 20:09:00,7.1
2025-06-12 05:45:00,2.4
2025-06-12 03:00:00,49.659483264826775
2025-06-12 08:10:00,82.3
2025-06-12 06:16:00,51.6
2025-06-12 06:55:00,82.6
2025-06-12 23:19:00,62.2
2025-06-12 00:24:00,83.4
2025-06-12 08:28:00,92.4
2025-06-12 07:05:00,49.659483264826775
2025-06-12 03:06:00,2.2
2025-06-12 09:02:00,49.659483264826775
2025-06-12 16:45:00,67.0
2025-06-12 20:38:00,49.659483264826775
2025-06-12 08:28:00,54.6
2025-06-12 01:10:00,84.9
2025-06-12 19:10:00,76.0
2025-06-12 06:39:00,31.5
2025-06-12 17:53:00,55.6
2025-06-12 17:16:00,39.9
2025-06-12 06:56:00,55.2
2025-06-12 19:58:00,36.5
2025-06-12 02:59:00,13.7
2025-06-12 13:46:00,10.0
2025-06-12 20:15:00,62.6
2025-06-12 12:45:00,34.2
2025-06-12 23:33:00,49.659483264826775
2025-06-12 02:51:00,32.0
2025-06-12 14:41:00,97.2
2025-06-12 07:28:00,18.3
2025-06-12 17:13:00,63.8
2025-06-12 06:06:00,96.7
2025-06-12 07:25:00,16.3
2025-06-12 14:39:00,31.0
2025-06-12 09:33:00,35.7
2025-06-12 10:18:00,49.659483264826775
2025-06-12 03:14:00,32.3
2025-06-12 23:18:00,49.659483264826775
2025-06-12 13:23:00,26.1
2025-06-12 20:35:00,2.7
2025-06-12 00:56:00,49.659483264826775
2025-06-12 14:44:00,8.5
2025-06-12 07:53:00,98.4
2025-06-12 09:59:00,82.7
2025-06-12 03:26:00,90.9
2025-06-12 03:01:00,80.0
2025-06-12 07:18:00,49.659483264826775
2025-06-12 22:08:00,85.4
2025-06-12 18:10:00,71.4
2025-06-12 12:51:00,74.7
2025-06-12 01:08:00,46.3
2025-06-12 07:32:00,88.0
2025-06-12 18:18:00,49.659483264826775
2025-06-12 09:17:00,49.659483264826775
2025-06-12 14:06:00,86.8
2025-06-12 13:43:00,61.3
2025-06-12 15:05:00,8.0
2025-06-12 10:11:00,74.3
2025-06-12 21:10:00,65.9
2025-06-12 14:59:00,57.8
2025-06-12 09:40:00,50.0
2025-06-12 03:09:00,70.2
2025-06-12 13:35:00,25.6
2025-06-12 02:54:00,52.4
2025-06-12 11:39:00,46.4
2025-06-12 06:53:00,69.8
2025-06-12 13:37:00,23.5
2025-06-12 15:41:00,82.6
2025-06-12 14:35:00,51.5
2025-06-12 17:05:00,36.1
2025-06-12 12:15:00,19.5
2025-06-12 06:28:00,64.0
2025-06-12 07:08:00,94.1
2025-06-12 21:37:00,49.7
2025-06-12 10:33:00,49.659483264826775
2025-06-12 08:23:00,6.4
2025-06-12 12:30:00,2.3
2025-06-12 06:08:00,58.1
2025-06-12 11:31:00,49.659483264826775
2025-06-12 07:07:00,0.2
2025-06-12 12:52:00,79.5
2025-06-12 06:09:00,49.659483264826775
2025-06-12 21:21:00,30.9
2025-06-12 20:56:00,84.6
2025-06-12 12:53:00,62.3
2025-06-12 22:12:00,95.9
2025-06-12 20:17:00,43.2
2025-06-12 09:54:00,73.5
2025-06-12 10:38:00,4.4
2025-06-12 19:17:00,8.0
2025-06-12 16:26:00,49.659483264826775
2025-06-12 13:02:00,49.659483264826775
2025-06-12 17:08:00,31.7
2025-06-12 06:02:00,90.1
2025-06-12 20:55:00,49.659483264826775
2025-06-12 18:50:00,41.6
2025-06-12 01:57:00,42.9
2025-06-12 17:53:00,12.8
2025-06-12 16:11:00,67.1
2025-06-12 21:50:00,54.3
2025-06-12 18:26:00,30.8
2025-06-12 15:54:00,34.3
2025-06-12 17:23:00,37.8
2025-06-12 03:04:00,32.2
2025-06-12 13:06:00,25.3
2025-06-12 20:18:00,90.2
2025-06-12 03:18:00,64.2
2025-06-12 08:03:00,13.1
2025-06-12 19:30:00,49.659483264826775
2025-06-12 01:49:00,71.9
2025-06-12 08:25:00,95.4
2025-06-12 06:19:00,8.0
2025-06-12 17:01:00,49.659483264826775
2025-06-12 10:40:00,19.1
2025-06-12 13:48:00,1.5
2025-06-12 15:06:00,97.6
2025-06-12 08:52:00,99.6
2025-06-12 12:03:00,60.1
2025-06-12 18:57:00,15.4
2025-06-12 17:52:00,0.4
2025-06-12 16:05:00,83.2
2025-06-12 16:24:00,41.3
2025-06-12 16:04:00,49.659483264826775
2025-06-12 00:58:00,84.3
2025-06-12 13:31:00,60.4
2025-06-12 04:52:00,36.6
2025-06-12 18:00:00,51.1
2025-06-12 06:25:00,85.9
2025-06-12 17:52:00,49.659483264826775
2025-06-12 06:02:00,45.5
2025-06-12 05:55:00,14.7
2025-06-12 07:11:00,28.1
2025-06-12 16:43:00,35.3
2025-06-12 11:54:00,95.0
2025-06-12 14:27:00,94.2
2025-06-12 18:13:00,73.0
2025-06-12 10:10:00,38.8
2025-06-12 21:36:00,58.2
2025-06-12 13:07:00,39.2
2025-06-12 02:31:00,56.8
2025-06-12 19:45:00,42.6
2025-06-12 04:27:00,88.2
2025-06-12 16:10:00,55.5
2025-06-12 05:48:00,62.7
2025-06-12 14:39:00,49.659483264826775
2025-06-12 07:05:00,20.6
2025-06-12 21:31:00,49.659483264826775
2025-06-12 02:02:00,51.7
2025-06-12 19:55:00,49.6
2025-06-12 09:49:00,71.6
2025-06-12 03:37:00,47.3
2025-06-12 22:56:00,49.659483264826775
2025-06-12 15:29:00,24.9
2025-06-12 07:46:00,10.6
2025-06-12 18:15:00,18.1
2025-06-12 04:12:00,7.8
2025-06-12 21:12:00,53.6
2025-06-12 07:12:00,96.9
2025-06-12 05:32:00,57.1
2025-06-12 19:35:00,0.9
2025-06-12 05:50:00,49.659483264826775
2025-06-12 09:51:00,9.8
2025-06-12 10:19:00,64.7
2025-06-12 19:50:00,44.2
2025-06-12 16:54:00,54.4
2025-06-12 16:06:00,72.3
2025-06-12 14:49:00,45.2
2025-06-12 02:30:00,81.6
2025-06-12 12:11:00,84.1
2025-06-12 22:07:00,30.3
2025-06-12 08:32:00,72.3
2025-06-12 07:40:00,27.7
2025-06-12 21:04:00,28.0
2025-06-12 05:22:00,81.8
2025-06-12 18:56:00,49.659483264826775
2025-06-12 11:17:00,66.8
2025-06-12 23:41:00,41.2
2025-06-12 22:36:00,49.659483264826775
2025-06-12 17:10:00,49.659483264826775
2025-06-12 01:43:00,44.7
2025-06-12 02:26:00,16.8
2025-06-12 04:36:00,92.8
2025-06-12 14:18:00,1.8
2025-06-12 18:04:00,6.7
2025-06-12 02:24:00,47.5
2025-06-12 22:57:00,58.5
2025-06-12 07:27:00,49.659483264826775
2025-06-12 03:12:00,49.659483264826775
2025-06-12 20:53:00,62.5
2025-06-12 11:41:00,49.659483264826775
2025-06-12 08:28:00,44.9
2025-06-12 16:16:00,49.659483264826775
2025-06-12 07:51:00,33.0
2025-06-12 06:39:00,68.3
2025-06-12 00:24:00,4.5
2025-06-12 01:07:00,32.4
2025-06-12 14:11:00,69.1
2025-06-12 14:46:00,26.1
2025-06-12 18:11:00,44.7
2025-06-12 22:10:00,49.659483264826775
2025-06-12 19:28:00,25.0
2025-06-12 17:09:00,46.8
2025-06-12 03:22:00,55.8
2025-06-12 15:50:00,96.6
2025-06-12 02:58:00,73.8
2025-06-12 16:43:00,49.659483264826775
2025-06-12 08:27:00,96.7
2025-06-12 06:54:00,99.5
2025-06-12 03:52:00,96.1
2025-06-12 22:06:00,67.4
2025-06-12 16:02:00,49.659483264826775
2025-06-12 13:54:00,26.9
2025-06-12 05:27:00,42.8
2025-06-12 00:15:00,40.1
2025-06-12 15:37:00,38.9
2025-06-12 13:31:00,49.659483264826775
2025-06-12 15:07:00,46.1
2025-06-12 05:12:00,82.6
2025-06-12 15:08:00,21.0
2025-06-12 21:30:00,97.3
2025-06-12 11:25:00,76.5
2025-06-12 21:16:00,94.8
2025-06-12 14:40:00,22.4
2025-06-12 17:03:00,70.5
2025-06-12 02:32:00,85.0
2025-06-12 01:56:00,70.7
2025-06-12 04:23:00,25.4
2025-06-12 17:26:00,45.4
2025-06-12 02:38:00,88.8
2025-06-12 07:14:00,26.1
2025-06-12 06:59:00,49.659483264826775
2025-06-12 18:10:00,76.1
2025-06-12 14:25:00,48.2
2025-06-12 19:39:00,72.9
2025-06-12 04:23:00,88.8
2025-06-12 03:16:00,4.8
2025-06-12 14:12:00,62.0
2025-06-12 19:53:00,49.659483264826775
2025-06-12 09:41:00,80.0
2025-06-12 23:40:00,56.1
2025-06-12 14:02:00,54.2
2025-06-12 06:19:00,28.7
2025-06-12 13:02:00,85.3
2025-06-12 15:10:00,6.5
2025-06-12 01:16:00,4.1
2025-06-12 23:36:00,28.5
2025-06-12 21:56:00,39.0
2025-06-12 01:08:00,49.659483264826775
2025-06-12 18:06:00,9.4
2025-06-12 16:51:00,45.1
2025-06-12 05:42:00,31.7
2025-06-12 09:51:00,97.3
2025-06-12 16:15:00,69.8
2025-06-12 02:58:00,25.7
2025-06-12 03:32:00,20.8
2025-06-12 04:39:00,22.6
2025-06-12 05:33:00,40.5
2025-06-12 21:08:00,99.8
2025-06-12 15:46:00,55.9
2025-06-12 02:28:00,49.659483264826775
2025-06-12 05:34:00,73.5
2025-06-12 04:24:00,15.3
2025-06-12 10:20:00,21.4
2025-06-12 12:01:00,33.1
2025-06-12 02:40:00,49.659483264826775
2025-06-12 04:05:00,68.8
2025-06-12 06:36:00,94.1
2025-06-12 04:45:00,45.4
2025-06-12 02:54:00,19.0
2025-06-12 14:48:00,49.732274758880266
2025-06-12 08:48:00,32.3
2025-06-12 20:46:00,89.2
2025-06-12 01:49:00,17.6
2025-06-12 21:46:00,17.8
2025-06-12 06:52:00,81.2
2025-06-12 22:00:00,64.5
2025-06-12 21:32:00,87.5
2025-06-12 05:23:00,49.732274758880266
2025-06-12 12:36:00,19.8
2025-06-12 10:28:00,0.2
2025-06-12 15:18:00,40.5
2025-06-12 18:15:00,17.9
2025-06-12 19:20:00,49.2
2025-06-12 17:13:00,70.8
2025-06-12 04:16:00,14.2
2025-06-12 14:02:00,16.4
2025-06-12 20:50:00,49.732274758880266
2025-06-12 01:04:00,70.5
2025-06-12 13:05:00,62.5
2025-06-12 23:21:00,58.8
2025-06-12 11:26:00,38.1
2025-06-12 16:03:00,91.7
2025-06-12 01:39:00,12.1
2025-06-12 05:11:00,80.2
2025-06-12 07:58:00,42.8
2025-06-12 21:01:00,83.9
2025-06-12 06:22:00,16.6
2025-06-12 19:43:00,10.1
2025-06-12 07:37:00,8.9
2025-06-12 08:36:00,41.5
2025-06-12 16:41:00,49.732274758880266
2025-06-12 13:38:00,49.732274758880266
2025-06-12 18:06:00,49.732274758880266
2025-06-12 11:35:00,72.9
2025-06-12 18:56:00,63.2
2025-06-12 18:17:00,49.732274758880266
2025-06-12 01:03:00,81.7
2025-06-12 09:45:00,49.732274758880266
2025-06-12 01:46:00,42.7
2025-06-12 13:08:00,60.6
2025-06-12 11:12:00,88.5
2025-06-12 01:25:00,49.732274758880266
2025-06-12 12:46:00,55.1
2025-06-12 17:14:00,20.3
2025-06-12 02:30:00,58.4
2025-06-12 23:49:00,12.7
2025-06-12 04:26:00,23.4
2025-06-12 05:58:00,98.8
2025-06-12 21:35:00,73.5
2025-06-12 19:56:00,15.4
2025-06-12 10:14:00,49.732274758880266
2025-06-12 06:28:00,89.6
2025-06-12 13:50:00,49.732274758880266
2025-06-12 14:32:00,46.6
2025-06-12 06:02:00,60.9
2025-06-12 07:14:00,52.8
2025-06-12 07:38:00,95.4
2025-06-12 03:43:00,51.8
2025-06-12 21:18:00,1.1
2025-06-12 16:59:00,94.5
2025-06-12 21:36:00,49.2
2025-06-12 17:40:00,8.8
2025-06-12 14:01:00,14.6
2025-06-12 17:17:00,68.1
2025-06-12 23:03:00,49.732274758880266
2025-06-12 04:20:00,19.8
2025-06-12 05:15:00,92.9
2025-06-12 23:26:00,51.2
2025-06-12 17:24:00,89.8
2025-06-12 13:44:00,49.732274758880266
2025-06-12 16:50:00,99.5
2025-06-12 11:08:00,49.732274758880266
2025-06-12 10:36:00,18.6
2025-06-12 18:31:00,67.7
2025-06-12 10:48:00,49.732274758880266
2025-06-12 08:09:00,62.3
2025-06-12 14:43:00,18.2
2025-06-12 08:05:00,15.6
2025-06-12 04:33:00,51.8
2025-06-12 23:08:00,49.732274758880266
2025-06-12 09:59:00,38.9
2025-06-12 18:28:00,41.7
2025-06-12 05:54:00,44.7
2025-06-12 02:15:00,82.6
2025-06-12 21:58:00,59.9
2025-06-12 18:52:00,75.5
2025-06-12 07:01:00,16.2
2025-06-12 11:39:00,7.9
2025-06-12 19:41:00,85.0
2025-06-12 23:53:00,74.9
2025-06-12 11:53:00,90.4
2025-06-12 13:43:00,49.732274758880266
2025-06-12 15:47:00,6.3
2025-06-12 00:31:00,42.1
2025-06-12 17:40:00,49.732274758880266
2025-06-12 09:40:00,56.4
2025-06-12 21:53:00,70.1
2025-06-12 06:58:00,72.7
2025-06-12 23:10:00,88.8
2025-06-12 01:12:00,46.7
2025-06-12 07:28:00,62.9
2025-06-12 03:40:00,80.0
2025-06-12 18:02:00,49.732274758880266
2025-06-12 13:42:00,52.0
2025-06-12 00:18:00,68.4
2025-06-12 06:58:00,84.9
2025-06-12 18:34:00,32.5
2025-06-12 05:26:00,80.2
2025-06-12 10:28:00,43.8
2025-06-12 11:16:00,48.4
2025-06-12 21:26:00,80.0
2025-06-12 02:08:00,66.3
2025-06-12 00:52:00,48.0
2025-06-12 15:50:00,19.9
2025-06-12 08:34:00,61.7
2025-06-12 17:44:00,82.9
2025-06-12 10:26:00,8.2
2025-06-12 11:18:00,64.1
2025-06-12 09:21:00,66.7
2025-06-12 08:02:00,43.4
2025-06-12 00:25:00,25.2
2025-06-12 02:02:00,49.732274758880266
2025-06-12 16:22:00,17.0
2025-06-12 06:44:00,7.7
2025-06-12 19:09:00,76.6
2025-06-12 13:19:00,49.732274758880266
2025-06-12 10:49:00,48.5
2025-06-12 20:14:00,30.5
2025-06-12 03:00:00,43.1
2025-06-12 05:24:00,63.5
2025-06-12 18:41:00,76.4
2025-06-12 07:20:00,50.8
2025-06-12 04:07:00,31.1
2025-06-12 02:07:00,63.4
2025-06-12 08:21:00,37.4
2025-06-12 13:29:00,76.8
2025-06-12 14:46:00,66.6
2025-06-12 22:18:00,48.2
2025-06-12 18:05:00,96.6
2025-06-12 03:32:00,49.732274758880266
2025-06-12 11:32:00,46.0
2025-06-12 18:25:00,60.2
2025-06-12 20:10:00,55.9
2025-06-12 04:36:00,6.6
2025-06-12 19:09:00,24.8
2025-06-12 02:54:00,49.732274758880266
2025-06-12 16:21:00,11.9
2025-06-12 19:29:00,42.8
2025-06-12 08:05:00,42.0
2025-06-12 10:17:00,48.0
2025-06-12 12:48:00,71.6
2025-06-12 03:33:00,11.5
2025-06-12 20:53:00,49.732274758880266
2025-06-12 18:26:00,7.5
2025-06-12 23:00:00,93.5
2025-06-12 11:57:00,7.1
2025-06-12 20:48:00,37.1
2025-06-12 15:42:00,54.5
2025-06-12 03:34:00,21.0
2025-06-12 19:04:00,54.5
2025-06-12 15:14:00,31.4
2025-06-12 14:30:00,94.2
2025-06-12 17:35:00,93.5
2025-06-12 00:25:00,49.732274758880266
2025-06-12 22:18:00,75.1
2025-06-12 01:08:00,15.2
2025-06-12 15:42:00,63.0
2025-06-12 04:25:00,49.732274758880266
2025-06-12 10:21:00,30.3
2025-06-12 02:55:00,49.732274758880266
2025-06-12 04:29:00,86.2
2025-06-12 03:58:00,12.6
2025-06-12 00:27:00,89.4
2025-06-12 16:49:00,90.0
2025-06-12 07:08:00,42.8
2025-06-12 05:46:00,49.732274758880266
2025-06-12 18:20:00,59.3
2025-06-12 01:16:00,49.732274758880266
2025-06-12 16:22:00,47.9
2025-06-12 13:21:00,25.5
2025-06-12 02:16:00,80.6
2025-06-12 16:14:00,44.3
2025-06-12 06:28:00,7.8
2025-06-12 15:03:00,42.7
2025-06-12 15:26:00,63.1
2025-06-12 11:39:00,30.0
2025-06-12 20:17:00,49.732274758880266
2025-06-12 08:52:00,76.5
2025-06-12 12:12:00,76.1
2025-06-12 12:48:00,65.9
2025-06-12 07:54:00,39.8
2025-06-12 10:59:00,63.6
2025-06-12 20:24:00,97.9
2025-06-12 22:19:00,37.9
2025-06-12 18:32:00,57.6
2025-06-12 12:56:00,33.8
2025-06-12 17:07:00,49.732274758880266
2025-06-12 21:22:00,3.3
2025-06-12 03:54:00,76.1
2025-06-12 17:42:00,58.6
2025-06-12 18:54:00,30.1
2025-06-12 01:20:00,39.2
2025-06-12 22:21:00,10.4
2025-06-12 10:49:00,70.5
2025-06-12 21:24:00,15.1
2025-06-12 06:32:00,79.1
2025-06-12 23:58:00,77.5
2025-06-12 00:36:00,49.732274758880266
2025-06-12 06:45:00,43.7
2025-06-12 14:20:00,0.3
2025-06-12 15:32:00,40.1
2025-06-12 11:58:00,49.732274758880266
2025-06-12 10:24:00,49.732274758880266
2025-06-12 13:15:00,76.8
2025-06-12 04:23:00,10.5
2025-06-12 23:29:00,60.8
2025-06-12 22:23:00,7.5
2025-06-12 12:53:00,34.9
2025-06-12 21:00:00,81.9
2025-06-12 19:07:00,12.5
2025-06-12 22:14:00,15.8
2025-06-12 20:27:00,51.2
2025-06-12 16:49:00,42.9
2025-06-12 10:29:00,45.2
2025-06-12 15:58:00,52.6
2025-06-12 17:56:00,49.732274758880266
2025-06-12 21:18:00,24.2
2025-06-12 04:49:00,58.9
2025-06-12 06:54:00,94.1
2025-06-12 21:27:00,79.8
2025-06-12 09:28:00,31.2
2025-06-12 20:14:00,68.2
2025-06-12 08:19:00,57.5
2025-06-12 06:30:00,49.732274758880266
2025-06-12 18:46:00,49.732274758880266
2025-06-12 06:05:00,49.732274758880266
2025-06-12 10:31:00,49.732274758880266
2025-06-12 18:19:00,52.0
2025-06-12 23:19:00,47.5
2025-06-12 10:45:00,49.732274758880266
2025-06-12 12:31:00,49.732274758880266
2025-06-12 13:06:00,4.6
2025-06-12 08:54:00,76.1
2025-06-12 10:02:00,33.2
2025-06-12 08:38:00,49.4
2025-06-12 08:45:00,97.3
2025-06-12 07:37:00,70.9
2025-06-12 16:35:00,15.6
2025-06-12 22:14:00,5.9
2025-06-12 00:36:00,96.3
2025-06-12 00:21:00,90.3
2025-06-12 12:11:00,36.8
2025-06-12 06:35:00,30.3
2025-06-12 21:37:00,83.7
2025-06-12 21:52:00,32.5
2025-06-12 05:14:00,71.1
2025-06-12 04:35:00,67.1
2025-06-12 09:51:00,87.9
2025-06-12 18:48:00,5.4
2025-06-12 11:17:00,74.2
2025-06-12 16:28:00,89.4
2025-06-12 21:45:00,31.5
2025-06-12 23:58:00,37.5
2025-06-12 17:31:00,97.5
2025-06-12 15:46:00,64.7
2025-06-12 09:51:00,70.5
2025-06-12 15:08:00,43.0
2025-06-12 12:36:00,28.4
2025-06-12 21:26:00,23.0
2025-06-12 15:28:00,42.7
2025-06-12 16:40:00,49.732274758880266
2025-06-12 10:44:00,22.6
2025-06-12 21:10:00,12.2
2025-06-12 06:58:00,52.3
2025-06-12 05:24:00,32.0
2025-06-12 08:18:00,49.6
2025-06-12 07:22:00,29.2
2025-06-12 16:09:00,78.6
2025-06-12 08:45:00,10.6
2025-06-12 21:13:00,69.1
2025-06-12 13:16:00,42.7
2025-06-12 16:07:00,1.4
2025-06-12 22:13:00,99.2
2025-06-12 19:36:00,34.0
2025-06-12 02:39:00,56.3
2025-06-12 22:00:00,57.4
2025-06-12 02:52:00,56.1
2025-06-12 17:07:00,42.0
2025-06-12 00:37:00,73.4
2025-06-12 03:33:00,13.5
2025-06-12 19:40:00,49.732274758880266
2025-06-12 15:35:00,85.5
2025-06-12 15:29:00,49.732274758880266
2025-06-12 11:40:00,49.732274758880266
2025-06-12 02:23:00,2.9
2025-06-12 04:05:00,97.7
2025-06-12 21:34:00,49.732274758880266
2025-06-12 17:57:00,49.732274758880266
2025-06-12 15:10:00,34.7
2025-06-12 08:29:00,58.2
2025-06-12 06:28:00,49.732274758880266
2025-06-12 17:23:00,71.7
2025-06-12 03:15:00,98.6
2025-06-12 11:45:00,16.1
2025-06-12 13:32:00,82.6
2025-06-12 18:20:00,11.4
2025-06-12 22:07:00,43.0
2025-06-12 02:06:00,8.9
2025-06-12 15:31:00,88.5
2025-06-12 03:04:00,81.7
2025-06-12 23:03:00,21.6
2025-06-12 14:01:00,53.6
2025-06-12 08:26:00,68.8
2025-06-12 08:12:00,58.8
2025-06-12 02:45:00,55.5
2025-06-12 19:45:00,28.0
2025-06-12 02:53:00,49.732274758880266
2025-06-12 02:35:00,12.6
2025-06-12 19:22:00,2.9
2025-06-12 20:03:00,6.6
2025-06-12 19:31:00,49.38053801169591
2025-06-12 08:09:00,72.3
2025-06-12 07:43:00,49.38053801169591
2025-06-12 11:24:00,4.0
2025-06-12 12:11:00,49.38053801169591
2025-06-12 13:07:00,32.7
2025-06-12 01:01:00,88.7
2025-06-12 22:13:00,10.3
2025-06-12 11:22:00,73.3
2025-06-12 19:52:00,24.8
2025-06-12 15:58:00,81.5
2025-06-12 16:44:00,70.8
2025-06-12 21:48:00,99.5
2025-06-12 11:58:00,19.6
2025-06-12 15:44:00,17.3
2025-06-12 01:09:00,87.9
2025-06-12 10:42:00,70.9
2025-06-12 02:11:00,5.4
2025-06-12 09:34:00,82.0
2025-06-12 02:52:00,1.3
2025-06-12 09:28:00,52.3
2025-06-12 15:01:00,82.6
2025-06-12 21:52:00,64.7
2025-06-12 09:45:00,64.0
2025-06-12 15:06:00,49.38053801169591
2025-06-12 23:32:00,17.5
2025-06-12 02:31:00,58.7
2025-06-12 23:43:00,96.8
2025-06-12 02:06:00,14.2
2025-06-12 19:21:00,45.4
2025-06-12 20:23:00,33.7
2025-06-12 17:21:00,49.38053801169591
2025-06-12 05:55:00,32.7
2025-06-12 01:09:00,86.7
2025-06-12 20:25:00,33.2
2025-06-12 12:43:00,14.4
2025-06-12 05:29:00,17.4
2025-06-12 18:21:00,36.2
2025-06-12 16:17:00,24.5
2025-06-12 17:37:00,41.8
2025-06-12 19:25:00,84.4
2025-06-12 22:18:00,54.8
2025-06-12 21:11:00,42.4
2025-06-12 05:48:00,67.2
2025-06-12 10:27:00,15.3
2025-06-12 04:27:00,84.6
2025-06-12 07:19:00,96.1
2025-06-12 02:57:00,73.3
2025-06-12 23:36:00,36.9
2025-06-12 17:57:00,15.8
2025-06-12 05:59:00,71.0
2025-06-12 20:55:00,95.4
2025-06-12 08:12:00,85.4
2025-06-12 19:33:00,50.9
2025-06-12 04:28:00,55.7
2025-06-12 14:48:00,97.4
2025-06-12 13:23:00,50.2
2025-06-12 11:11:00,63.5
2025-06-12 23:37:00,56.1
2025-06-12 01:32:00,8.8
2025-06-12 03:05:00,69.9
2025-06-12 03:56:00,14.0
2025-06-12 23:38:00,49.38053801169591
2025-06-12 12:34:00,9.4
2025-06-12 16:30:00,86.8
2025-06-12 16:57:00,49.38053801169591
2025-06-12 15:15:00,76.4
2025-06-12 12:22:00,14.5
2025-06-12 18:57:00,45.8
2025-06-12 23:36:00,19.4
2025-06-12 12:40:00,49.38053801169591
2025-06-12 20:42:00,29.8
2025-06-12 11:22:00,84.0
2025-06-12 19:03:00,44.2
2025-06-12 13:12:00,14.2
2025-06-12 18:09:00,49.5
2025-06-12 08:00:00,33.3
2025-06-12 05:54:00,78.1
2025-06-12 19:17:00,36.6
2025-06-12 08:44:00,29.1
2025-06-12 06:06:00,6.9
2025-06-12 03:48:00,92.9
2025-06-12 20:45:00,83.9
2025-06-12 21:47:00,71.2
2025-06-12 10:50:00,49.38053801169591
2025-06-12 23:07:00,22.5
2025-06-12 20:16:00,75.9
2025-06-12 21:54:00,49.38053801169591
2025-06-12 16:44:00,41.6
2025-06-12 11:57:00,75.0
2025-06-12 02:40:00,49.38053801169591
2025-06-12 19:08:00,20.3
2025-06-12 02:54:00,9.7
2025-06-12 06:00:00,89.1
2025-06-12 14:41:00,25.4
2025-06-12 21:15:00,45.0
2025-06-12 19:37:00,15.4
2025-06-12 17:28:00,49.38053801169591
2025-06-12 15:11:00,46.3
2025-06-12 13:35:00,8.6
2025-06-12 17:17:00,82.4
2025-06-12 18:53:00,4.4
2025-06-12 10:46:00,44.2
2025-06-12 20:50:00,49.38053801169591
2025-06-12 22:12:00,74.2
2025-06-12 17:35:00,47.1
2025-06-12 07:01:00,49.38053801169591
2025-06-12 07:11:00,63.2
2025-06-12 17:31:00,52.8
2025-06-12 06:51:00,49.38053801169591
2025-06-12 21:46:00,49.38053801169591
2025-06-12 20:44:00,49.38053801169591
2025-06-12 01:28:00,49.38053801169591
2025-06-12 18:16:00,33.3
2025-06-12 00:15:00,49.38053801169591
2025-06-12 13:12:00,68.1
2025-06-12 13:39:00,86.1
2025-06-12 17:46:00,52.3
2025-06-12 16:43:00,98.0
2025-06-12 12:54:00,49.38053801169591
2025-06-12 05:58:00,79.2
2025-06-12 09:52:00,49.38053801169591
2025-06-12 12:32:00,25.8
2025-06-12 14:08:00,49.2
2025-06-12 04:00:00,49.38053801169591
2025-06-12 14:21:00,49.38053801169591
2025-06-12 11:45:00,49.38053801169591
2025-06-12 08:51:00,75.0
2025-06-12 08:06:00,73.7
2025-06-12 22:27:00,80.7
2025-06-12 00:29:00,67.4
2025-06-12 19:36:00,88.7
2025-06-12 16:45:00,42.5
2025-06-12 14:17:00,59.6
2025-06-12 22:55:00,69.3
2025-06-12 14:51:00,50.0
2025-06-12 16:17:00,54.7
2025-06-12 11:46:00,49.38053801169591
2025-06-12 01:10:00,49.1
2025-06-12 08:54:00,17.5
2025-06-12 07:06:00,97.2
2025-06-12 06:33:00,3.0
2025-06-12 16:24:00,52.2
2025-06-12 14:25:00,87.9
2025-06-12 14:24:00,76.2
2025-06-12 10:27:00,68.6
2025-06-12 23:29:00,57.7
2025-06-12 16:31:00,82.3
2025-06-12 08:45:00,49.38053801169591
2025-06-12 22:39:00,74.3
2025-06-12 05:04:00,4.6
2025-06-12 15:57:00,13.3
2025-06-12 14:26:00,30.7
2025-06-12 14:23:00,17.3
2025-06-12 23:41:00,29.3
2025-06-12 14:19:00,49.38053801169591
2025-06-12 23:12:00,84.4
2025-06-12 05:08:00,87.9
2025-06-12 16:26:00,21.0
2025-06-12 08:29:00,23.9
2025-06-12 05:23:00,29.0
2025-06-12 02:36:00,49.38053801169591
2025-06-12 17:32:00,26.2
2025-06-12 14:11:00,92.0
2025-06-12 09:55:00,96.5
2025-06-12 11:00:00,37.5
2025-06-12 10:32:00,60.7
2025-06-12 16:51:00,96.6
2025-06-12 08:22:00,2.2
2025-06-12 10:18:00,37.7
2025-06-12 13:30:00,14.5
2025-06-12 11:00:00,79.6
2025-06-12 13:02:00,32.2
2025-06-12 21:32:00,77.8
2025-06-12 01:31:00,47.5
2025-06-12 07:49:00,18.2
2025-06-12 10:09:00,94.2
2025-06-12 15:28:00,53.5
2025-06-12 05:15:00,93.9
2025-06-12 02:02:00,7.2
2025-06-12 16:34:00,37.7
2025-06-12 18:06:00,42.9
2025-06-12 12:23:00,53.4
2025-06-12 06:40:00,61.9
2025-06-12 01:05:00,46.7
2025-06-12 22:35:00,40.7
2025-06-12 12:27:00,59.5
2025-06-12 08:28:00,13.1
2025-06-12 21:54:00,28.2
2025-06-12 20:57:00,59.5
2025-06-12 10:08:00,46.6
2025-06-12 18:22:00,84.5
2025-06-12 13:52:00,48.8
2025-06-12 00:16:00,39.5
2025-06-12 05:18:00,4.5
2025-06-12 20:21:00,16.6
2025-06-12 19:15:00,49.38053801169591
2025-06-12 09:49:00,32.2
2025-06-12 07:31:00,90.5
2025-06-12 15:34:00,27.7
2025-06-12 17:52:00,77.0
2025-06-12 19:24:00,1.7
2025-06-12 19:47:00,58.1
2025-06-12 15:21:00,47.2
2025-06-12 04:39:00,60.9
2025-06-12 21:15:00,68.7
2025-06-12 03:06:00,23.8
2025-06-12 23:54:00,0.6
2025-06-12 20:28:00,24.1
2025-06-12 19:17:00,49.38053801169591
2025-06-12 00:28:00,40.3
2025-06-12 21:14:00,67.6
2025-06-12 05:56:00,49.38053801169591
2025-06-12 09:57:00,27.1
2025-06-12 03:48:00,4.4
2025-06-12 22:01:00,90.9
2025-06-12 18:27:00,0.4
2025-06-12 14:07:00,18.3
2025-06-12 19:58:00,49.38053801169591
2025-06-12 08:02:00,69.4
2025-06-12 03:57:00,77.7
2025-06-12 22:36:00,86.3
2025-06-12 20:09:00,25.0
2025-06-12 12:21:00,62.9
2025-06-12 06:03:00,8.0
2025-06-12 20:47:00,27.2
2025-06-12 07:42:00,88.4
2025-06-12 04:26:00,11.9
2025-06-12 09:46:00,90.5
2025-06-12 11:19:00,94.0
2025-06-12 05:06:00,21.3
2025-06-12 01:54:00,64.4
2025-06-12 18:11:00,83.8
2025-06-12 03:51:00,68.3
2025-06-12 21:12:00,76.8
2025-06-12 07:03:00,22.4
2025-06-12 10:49:00,1.4
2025-06-12 00:06:00,4.3
2025-06-12 02:49:00,39.6
2025-06-12 23:27:00,0.9
2025-06-12 14:41:00,75.3
2025-06-12 12:01:00,27.9
2025-06-12 03:56:00,55.5
2025-06-12 02:31:00,40.3
2025-06-12 10:36:00,42.4
2025-06-12 02:52:00,56.9
2025-06-12 11:16:00,49.38053801169591
2025-06-12 19:11:00,79.9
2025-06-12 16:33:00,49.38053801169591
2025-06-12 18:17:00,56.7
2025-06-12 16:29:00,49.38053801169591
2025-06-12 01:27:00,42.0
2025-06-12 17:08:00,23.7
2025-06-12 09:59:00,78.1
2025-06-12 13:11:00,67.3
2025-06-12 14:27:00,50.7
2025-06-12 04:42:00,9.3
2025-06-12 18:01:00,52.6
2025-06-12 08:52:00,43.6
2025-06-12 07:42:00,47.9
2025-06-12 03:00:00,37.5
2025-06-12 11:17:00,29.3
2025-06-12 15:12:00,30.4
2025-06-12 10:30:00,62.5
2025-06-12 02:49:00,55.5
2025-06-12 20:29:00,87.9
2025-06-12 05:30:00,87.8
2025-06-12 18:00:00,94.5
2025-06-12 15:12:00,28.7
2025-06-12 01:18:00,59.3
2025-06-12 08:16:00,22.1
2025-06-12 02:52:00,0.2
2025-06-12 09:53:00,49.38053801169591
2025-06-12 23:48:00,98.7
2025-06-12 03:57:00,73.8
2025-06-12 19:20:00,49.38053801169591
2025-06-12 01:43:00,44.7
2025-06-12 03:24:00,66.0
2025-06-12 07:05:00,22.7
2025-06-12 02:43:00,17.5
2025-06-12 12:44:00,49.38053801169591
2025-06-12 22:20:00,71.5
2025-06-12 07:32:00,50.4
2025-06-12 20:45:00,49.38053801169591
2025-06-12 19:24:00,85.0
2025-06-12 04:31:00,80.3
2025-06-12 08:20:00,88.9
2025-06-12 07:12:00,51.0
2025-06-12 04:20:00,39.6
2025-06-12 17:45:00,49.38053801169591
2025-06-12 05:35:00,11.3
2025-06-12 00:51:00,86.0
2025-06-12 21:06:00,33.0
2025-06-12 05:12:00,63.0
2025-06-12 07:17:00,7.2
2025-06-12 15:47:00,6.8
2025-06-12 11:59:00,39.7
2025-06-12 05:31:00,1.7
2025-06-12 11:13:00,55.8
2025-06-12 16:42:00,49.38053801169591
2025-06-12 19:01:00,22.3
2025-06-12 03:41:00,32.0
2025-06-12 14:01:00,85.0
2025-06-12 14:52:00,39.4
2025-06-12 14:13:00,49.38053801169591
2025-06-12 01:49:00,49.38053801169591
2025-06-12 12:02:00,81.6
2025-06-12 16:52:00,79.6
2025-06-12 04:06:00,98.0
2025-06-12 19:59:00,7.6
2025-06-12 22:59:00,49.38053801169591
2025-06-12 03:40:00,49.38053801169591
2025-06-12 09:09:00,17.0
2025-06-12 05:52:00,31.4
2025-06-12 00:11:00,99.0
2025-06-12 20:55:00,39.2
2025-06-12 00:25:00,92.0
2025-06-12 19:15:00,4.3
2025-06-12 14:54:00,85.4
2025-06-12 18:45:00,52.2
2025-06-12 12:33:00,41.1
2025-06-12 17:55:00,26.4
2025-06-12 15:50:00,2.0
2025-06-12 01:56:00,63.5
2025-06-12 18:44:00,19.3
2025-06-12 23:24:00,28.3
2025-06-12 19:09:00,44.4
2025-06-12 17:57:00,88.1
2025-06-12 16:12:00,49.38053801169591
2025-06-12 15:16:00,46.6
2025-06-12 05:11:00,44.4
2025-06-12 01:03:00,0.9
2025-06-12 23:30:00,44.6
2025-06-12 05:50:00,0.7
2025-06-12 20:57:00,66.1
2025-06-12 13:06:00,17.6
2025-06-12 18:07:00,83.8
2025-06-12 10:51:00,80.2
2025-06-12 13:52:00,31.7
2025-06-12 07:00:00,78.2
2025-06-12 07:58:00,24.6
2025-06-12 12:31:00,73.4
2025-06-12 08:36:00,25.3
2025-06-12 08:06:00,70.0
2025-06-12 22:35:00,49.38053801169591
2025-06-12 08:33:00,70.7
2025-06-12 06:51:00,52.2
2025-06-12 23:39:00,50.4
2025-06-12 12:21:00,63.8
2025-06-12 01:37:00,7.3
2025-06-12 00:26:00,84.9
2025-06-12 09:52:00,78.5
2025-06-12 17:47:00,61.1
2025-06-12 07:31:00,20.0
2025-06-12 11:45:00,57.0
2025-06-12 07:42:00,95.9
2025-06-12 20:53:00,57.5
2025-06-12 22:03:00,26.6
2025-06-12 05:48:00,0.8
2025-06-12 05:46:00,65.3
2025-06-12 11:03:00,92.4
2025-06-12 05:04:00,49.594186729301235
2025-06-12 07:59:00,26.3
2025-06-12 19:51:00,49.594186729301235
2025-06-12 00:54:00,99.5
2025-06-12 17:48:00,56.9
2025-06-12 21:11:00,38.5
2025-06-12 09:42:00,59.9
2025-06-12 16:14:00,14.1
2025-06-12 02:21:00,14.9
2025-06-12 19:41:00,77.3
2025-06-12 08:08:00,66.0
2025-06-12 13:29:00,49.594186729301235
2025-06-12 03:44:00,40.5
2025-06-12 02:40:00,79.6
2025-06-12 01:41:00,25.0
2025-06-12 11:59:00,43.8
2025-06-12 03:26:00,61.6
2025-06-12 06:37:00,48.5
2025-06-12 22:10:00,44.7
2025-06-12 07:50:00,39.3
2025-06-12 23:24:00,24.5
2025-06-12 23:04:00,32.1
2025-06-12 16:16:00,17.3
2025-06-12 04:13:00,56.7
2025-06-12 08:00:00,49.594186729301235
2025-06-12 11:17:00,86.9
2025-06-12 13:05:00,49.594186729301235
2025-06-12 19:05:00,14.4
2025-06-12 13:21:00,60.9
2025-06-12 14:51:00,15.4
2025-06-12 17:35:00,64.6
2025-06-12 13:24:00,85.7
2025-06-12 10:44:00,61.6
2025-06-12 22:11:00,76.2
2025-06-12 21:15:00,12.9
2025-06-12 10:52:00,69.3
2025-06-12 04:59:00,49.594186729301235
2025-06-12 10:35:00,52.4
2025-06-12 07:45:00,72.2
2025-06-12 19:04:00,54.4
2025-06-12 04:59:00,5.8
2025-06-12 07:01:00,54.7
2025-06-12 23:36:00,70.8
2025-06-12 17:38:00,49.594186729301235
2025-06-12 10:26:00,49.594186729301235
2025-06-12 05:32:00,49.594186729301235
2025-06-12 09:27:00,93.0
2025-06-12 10:39:00,66.9
2025-06-12 16:55:00,28.3
2025-06-12 17:27:00,63.4
2025-06-12 14:46:00,0.9
2025-06-12 14:43:00,60.4
2025-06-12 15:15:00,13.2
2025-06-12 20:00:00,66.4
2025-06-12 10:50:00,71.5
2025-06-12 10:47:00,87.6
2025-06-12 02:13:00,44.5
2025-06-12 01:28:00,64.9
2025-06-12 23:31:00,1.7
2025-06-12 16:01:00,26.7
2025-06-12 03:13:00,28.4
2025-06-12 01:52:00,49.594186729301235
2025-06-12 02:56:00,1.6
2025-06-12 13:51:00,86.3
2025-06-12 23:33:00,9.4
2025-06-12 19:41:00,87.5
2025-06-12 16:58:00,14.2
2025-06-12 15:54:00,92.4
2025-06-12 11:38:00,11.7
2025-06-12 09:58:00,49.594186729301235
2025-06-12 21:28:00,32.4
2025-06-12 22:05:00,49.594186729301235
2025-06-12 03:42:00,49.594186729301235
2025-06-12 17:46:00,43.5
2025-06-12 12:07:00,67.8
2025-06-12 14:08:00,49.594186729301235
2025-06-12 08:52:00,50.9
2025-06-12 06:59:00,0.8
2025-06-12 21:27:00,5.2
2025-06-12 09:45:00,49.594186729301235
2025-06-12 08:03:00,49.594186729301235
2025-06-12 17:33:00,49.594186729301235
2025-06-12 02:11:00,64.3
2025-06-12 23:09:00,96.1
2025-06-12 02:18:00,0.5
2025-06-12 16:24:00,62.2
2025-06-12 00:10:00,41.4
2025-06-12 06:54:00,1.5
2025-06-12 05:22:00,49.594186729301235
2025-06-12 23:52:00,90.8
2025-06-12 00:16:00,72.5
2025-06-12 02:58:00,81.1
2025-06-12 05:19:00,56.4
2025-06-12 11:54:00,50.5
2025-06-12 08:18:00,80.6
2025-06-12 22:29:00,74.3
2025-06-12 01:57:00,83.1
2025-06-12 09:05:00,49.594186729301235
2025-06-12 09:49:00,48.7
2025-06-12 10:59:00,49.4
2025-06-12 00:11:00,23.2
2025-06-12 13:30:00,32.1
2025-06-12 12:01:00,99.6
2025-06-12 22:54:00,78.3
2025-06-12 02:37:00,2.7
2025-06-12 06:02:00,7.0
2025-06-12 22:38:00,27.8
2025-06-12 03:14:00,82.4
2025-06-12 22:37:00,49.594186729301235
2025-06-12 10:14:00,21.3
2025-06-12 14:39:00,91.9
2025-06-12 09:43:00,36.8
2025-06-12 07:36:00,26.7
2025-06-12 16:39:00,60.6
2025-06-12 04:30:00,55.9
2025-06-12 10:22:00,10.7
2025-06-12 05:22:00,81.0
2025-06-12 15:29:00,50.3
2025-06-12 21:17:00,79.0
2025-06-12 07:23:00,20.0
2025-06-12 02:52:00,71.6
2025-06-12 11:02:00,49.594186729301235
2025-06-12 18:24:00,86.3
2025-06-12 00:21:00,39.1
2025-06-12 19:46:00,54.8
2025-06-12 07:09:00,18.4
2025-06-12 04:45:00,95.4
2025-06-12 10:55:00,42.3
2025-06-12 03:27:00,17.6
2025-06-12 06:01:00,12.8
2025-06-12 13:02:00,49.594186729301235
2025-06-12 21:34:00,5.3
2025-06-12 13:18:00,88.5
2025-06-12 00:08:00,72.2
2025-06-12 14:30:00,49.594186729301235
2025-06-12 02:02:00,18.3
2025-06-12 00:33:00,43.6
2025-06-12 00:23:00,1.4
2025-06-12 12:14:00,54.3
2025-06-12 11:55:00,65.9
2025-06-12 19:56:00,18.0
2025-06-12 13:28:00,49.594186729301235
2025-06-12 00:43:00,63.9
2025-06-12 15:06:00,35.9
2025-06-12 03:57:00,38.2
2025-06-12 02:43:00,7.7
2025-06-12 08:54:00,77.0
2025-06-12 10:51:00,49.594186729301235
2025-06-12 11:38:00,38.8
2025-06-12 21:23:00,90.4
2025-06-12 02:03:00,55.0
2025-06-12 02:02:00,3.9
2025-06-12 04:58:00,49.594186729301235
2025-06-12 17:00:00,8.2
2025-06-12 20:26:00,70.9
2025-06-12 19:49:00,57.5
2025-06-12 14:50:00,8.6
2025-06-12 22:29:00,53.8
2025-06-12 14:56:00,24.7
2025-06-12 18:35:00,24.3
2025-06-12 01:04:00,66.4
2025-06-12 00:08:00,69.2
2025-06-12 02:08:00,62.9
2025-06-12 19:51:00,56.7
2025-06-12 21:42:00,93.1
2025-06-12 10:45:00,87.6
2025-06-12 05:55:00,23.6
2025-06-12 13:03:00,68.8
2025-06-12 16:08:00,66.3
2025-06-12 04:04:00,63.8
2025-06-12 00:37:00,66.7
2025-06-12 09:45:00,49.594186729301235
2025-06-12 02:29:00,88.5
2025-06-12 08:47:00,49.594186729301235
2025-06-12 14:25:00,40.4
2025-06-12 20:06:00,76.4
2025-06-12 04:52:00,52.5
2025-06-12 17:30:00,82.1
2025-06-12 23:24:00,87.0
2025-06-12 16:56:00,31.6
2025-06-12 20:29:00,33.5
2025-06-12 00:51:00,90.9
2025-06-12 06:53:00,51.1
2025-06-12 06:48:00,64.4
2025-06-12 15:01:00,25.8
2025-06-12 08:32:00,20.2
2025-06-12 13:14:00,37.8
2025-06-12 19:34:00,4.4
2025-06-12 20:57:00,12.6
2025-06-12 04:39:00,49.594186729301235
2025-06-12 23:12:00,6.1
2025-06-12 01:54:00,98.1
2025-06-12 23:14:00,6.6
2025-06-12 17:18:00,49.594186729301235
2025-06-12 19:07:00,34.4
2025-06-12 20:32:00,76.6
2025-06-12 07:10:00,81.5
2025-06-12 09:35:00,63.2
2025-06-12 00:16:00,75.6
2025-06-12 01:49:00,31.2
2025-06-12 21:26:00,49.594186729301235
2025-06-12 11:36:00,15.2
2025-06-12 11:31:00,91.9
2025-06-12 20:36:00,1.4
2025-06-12 14:49:00,66.3
2025-06-12 16:48:00,78.8
2025-06-12 18:08:00,87.7
2025-06-12 02:17:00,49.594186729301235
2025-06-12 14:46:00,15.1
2025-06-12 06:17:00,54.3
2025-06-12 15:30:00,87.8
2025-06-12 01:20:00,79.4
2025-06-12 21:44:00,55.6
2025-06-12 02:15:00,99.9
2025-06-12 02:30:00,28.9
2025-06-12 11:40:00,53.7
2025-06-12 22:40:00,26.7
2025-06-12 14:31:00,58.0
2025-06-12 04:10:00,86.6
2025-06-12 14:42:00,49.594186729301235
2025-06-12 02:39:00,46.5
2025-06-12 22:03:00,49.594186729301235
2025-06-12 16:07:00,35.7
2025-06-12 16:22:00,83.3
2025-06-12 19:46:00,9.7
2025-06-12 20:38:00,49.594186729301235
2025-06-12 11:58:00,49.594186729301235
2025-06-12 17:15:00,44.1
2025-06-12 16:30:00,0.2
2025-06-12 11:00:00,55.4
2025-06-12 20:07:00,50.3
2025-06-12 17:23:00,22.8
2025-06-12 07:09:00,43.2
2025-06-12 22:50:00,17.6
2025-06-12 06:10:00,87.4
2025-06-12 18:08:00,87.3
2025-06-12 12:50:00,43.0
2025-06-12 12:20:00,92.1
2025-06-12 14:35:00,40.4
2025-06-12 17:46:00,53.6
2025-06-12 16:55:00,18.3
2025-06-12 17:05:00,96.6
2025-06-12 05:15:00,27.5
2025-06-12 11:05:00,16.8
2025-06-12 21:05:00,24.0
2025-06-12 12:18:00,20.5
2025-06-12 06:19:00,33.9
2025-06-12 18:43:00,94.6
2025-06-12 14:21:00,8.7
2025-06-12 08:09:00,27.7
2025-06-12 07:48:00,96.6
2025-06-12 21:38:00,49.594186729301235
2025-06-12 20:36:00,49.594186729301235
2025-06-12 10:18:00,44.1
2025-06-12 00:42:00,91.3
2025-06-12 05:02:00,77.5
2025-06-12 12:51:00,99.1
2025-06-12 13:52:00,49.594186729301235
2025-06-12 18:56:00,8.0
2025-06-12 12:00:00,0.4
2025-06-12 00:46:00,69.2
2025-06-12 00:03:00,49.3
2025-06-12 00:31:00,17.2
2025-06-12 09:30:00,74.5
2025-06-12 14:31:00,32.5
2025-06-12 02:26:00,20.7
2025-06-12 20:42:00,98.4
2025-06-12 15:06:00,64.1
2025-06-12 12:43:00,49.594186729301235
2025-06-12 19:48:00,21.4
2025-06-12 01:31:00,46.3
2025-06-12 03:38:00,94.3
2025-06-12 04:10:00,49.594186729301235
2025-06-12 14:51:00,7.9
2025-06-12 01:19:00,83.3
2025-06-12 02:08:00,56.5
2025-06-12 17:52:00,98.1
2025-06-12 00:41:00,14.6
2025-06-12 02:13:00,7.9
2025-06-12 02:31:00,49.594186729301235
2025-06-12 08:46:00,41.8
2025-06-12 19:35:00,83.3
2025-06-12 17:41:00,2.4
2025-06-12 05:40:00,67.3
2025-06-12 13:12:00,49.594186729301235
2025-06-12 10:49:00,49.594186729301235
2025-06-12 22:31:00,12.9
2025-06-12 15:22:00,56.9
2025-06-12 03:13:00,49.594186729301235
2025-06-12 13:33:00,49.594186729301235
2025-06-12 13:32:00,34.9
2025-06-12 01:20:00,34.7
2025-06-12 12:21:00,23.0
2025-06-12 22:13:00,87.2
2025-06-12 22:48:00,50.03812089971884
2025-06-12 09:51:00,50.03812089971884
2025-06-12 01:38:00,96.1
2025-06-12 15:59:00,50.03812089971884
2025-06-12 23:56:00,50.03812089971884
2025-06-12 00:16:00,28.8
2025-06-12 15:02:00,60.7
2025-06-12 05:01:00,84.0
2025-06-12 18:31:00,24.9
2025-06-12 10:30:00,50.03812089971884
2025-06-12 07:07:00,91.0
2025-06-12 00:00:00,12.2
2025-06-12 10:49:00,89.1
2025-06-12 10:01:00,5.4
2025-06-12 22:58:00,94.8
2025-06-12 23:14:00,16.1
2025-06-12 13:42:00,50.03812089971884
2025-06-12 12:56:00,60.6
2025-06-12 13:21:00,96.1
2025-06-12 22:54:00,80.6
2025-06-12 14:30:00,50.03812089971884
2025-06-12 16:14:00,80.5
2025-06-12 22:32:00,44.6
2025-06-12 04:38:00,50.03812089971884
2025-06-12 15:32:00,27.8
2025-06-12 10:17:00,62.9
2025-06-12 06:57:00,47.8
2025-06-12 04:33:00,89.3
2025-06-12 04:45:00,41.6
2025-06-12 01:53:00,74.4
2025-06-12 00:49:00,23.3
2025-06-12 16:12:00,69.4
2025-06-12 11:50:00,80.4
2025-06-12 21:59:00,78.7
2025-06-12 19:53:00,5.6
2025-06-12 10:44:00,50.03812089971884
2025-06-12 04:07:00,49.3
2025-06-12 06:35:00,50.03812089971884
2025-06-12 12:49:00,50.03812089971884
2025-06-12 07:12:00,58.8
2025-06-12 08:06:00,18.9
2025-06-12 01:53:00,44.5
2025-06-12 06:49:00,50.03812089971884
2025-06-12 19:18:00,50.03812089971884
2025-06-12 05:16:00,61.3
2025-06-12 12:14:00,36.6
2025-06-12 05:02:00,74.0
2025-06-12 13:03:00,68.9
2025-06-12 08:04:00,12.5
2025-06-12 02:32:00,13.3
2025-06-12 00:42:00,37.2
2025-06-12 09:32:00,40.0
2025-06-12 09:45:00,56.2
2025-06-12 05:03:00,50.03812089971884
2025-06-12 02:42:00,82.4
2025-06-12 18:21:00,29.2
2025-06-12 18:55:00,38.5
2025-06-12 00:17:00,11.3
2025-06-12 17:45:00,19.8
2025-06-12 13:35:00,16.7
2025-06-12 16:30:00,33.9
2025-06-12 05:30:00,99.3
2025-06-12 22:15:00,57.3
2025-06-12 19:10:00,41.5
2025-06-12 22:08:00,30.3
2025-06-12 22:57:00,98.5
2025-06-12 07:36:00,41.9
2025-06-12 11:45:00,44.7
2025-06-12 12:31:00,75.3
2025-06-12 21:48:00,75.8
2025-06-12 03:24:00,74.9
2025-06-12 04:58:00,87.2
2025-06-12 12:24:00,50.03812089971884
2025-06-12 13:43:00,95.5
2025-06-12 00:28:00,47.2
2025-06-12 06:40:00,78.3
2025-06-12 08:45:00,50.03812089971884
2025-06-12 09:19:00,89.6
2025-06-12 00:32:00,64.3
2025-06-12 16:14:00,33.3
2025-06-12 04:31:00,97.7
2025-06-12 11:18:00,69.0
2025-06-12 02:00:00,35.0
2025-06-12 18:01:00,9.9
2025-06-12 18:52:00,50.03812089971884
2025-06-12 04:22:00,18.2
2025-06-12 04:21:00,42.2
2025-06-12 05:42:00,50.03812089971884
2025-06-12 12:39:00,2.2
2025-06-12 20:41:00,82.8
2025-06-12 07:32:00,97.9
2025-06-12 22:49:00,83.4
2025-06-12 17:17:00,50.03812089971884
2025-06-12 11:26:00,50.2
2025-06-12 13:43:00,50.03812089971884
2025-06-12 03:42:00,45.9
2025-06-12 21:26:00,50.03812089971884
2025-06-12 17:29:00,50.03812089971884
2025-06-12 11:01:00,11.4
2025-06-12 21:28:00,44.0
2025-06-12 20:02:00,44.3
2025-06-12 03:14:00,50.03812089971884
2025-06-12 03:23:00,88.8
2025-06-12 23:19:00,95.6
2025-06-12 04:35:00,50.03812089971884
2025-06-12 11:51:00,50.03812089971884
2025-06-12 23:49:00,95.2
2025-06-12 10:39:00,52.4
2025-06-12 23:19:00,17.6
2025-06-12 04:08:00,50.03812089971884
2025-06-12 08:06:00,34.3
2025-06-12 19:32:00,91.3
2025-06-12 08:03:00,50.03812089971884
2025-06-12 06:04:00,50.03812089971884
2025-06-12 09:34:00,77.1
2025-06-12 19:12:00,50.03812089971884
2025-06-12 16:45:00,64.6
2025-06-12 07:30:00,96.4
2025-06-12 08:46:00,60.4
2025-06-12 16:16:00,50.03812089971884
2025-06-12 23:18:00,6.3
2025-06-12 18:47:00,16.2
2025-06-12 06:21:00,92.6
2025-06-12 11:17:00,59.1
2025-06-12 22:49:00,80.2
2025-06-12 06:42:00,50.03812089971884
2025-06-12 04:01:00,25.6
2025-06-12 04:20:00,77.8
2025-06-12 17:17:00,67.7
2025-06-12 02:19:00,32.8
2025-06-12 20:40:00,7.8
2025-06-12 01:32:00,80.8
2025-06-12 18:34:00,68.2
2025-06-12 03:03:00,50.03812089971884
2025-06-12 03:28:00,50.03812089971884
2025-06-12 19:14:00,29.5
2025-06-12 20:10:00,1.7
2025-06-12 11:35:00,50.03812089971884
2025-06-12 07:39:00,42.9
2025-06-12 17:59:00,52.1
2025-06-12 15:28:00,67.0
2025-06-12 21:42:00,71.3
2025-06-12 08:46:00,86.9
2025-06-12 18:47:00,37.9
2025-06-12 01:31:00,67.1
2025-06-12 07:04:00,99.5
2025-06-12 22:04:00,78.0
2025-06-12 00:03:00,24.9
2025-06-12 20:40:00,97.2
2025-06-12 10:48:00,55.1
2025-06-12 20:47:00,92.6
2025-06-12 08:24:00,18.4
2025-06-12 19:45:00,55.0
2025-06-12 07:38:00,13.4
2025-06-12 08:56:00,31.7
2025-06-12 10:59:00,22.5
2025-06-12 02:14:00,52.9
2025-06-12 14:59:00,63.2
2025-06-12 18:04:00,50.03812089971884
2025-06-12 20:29:00,12.7
2025-06-12 06:26:00,38.3
2025-06-12 02:38:00,16.8
2025-06-12 03:31:00,83.5
2025-06-12 10:12:00,73.0
2025-06-12 05:15:00,3.1
2025-06-12 10:48:00,37.9
2025-06-12 02:37:00,50.03812089971884
2025-06-12 20:27:00,56.1
2025-06-12 14:39:00,22.2
2025-06-12 20:26:00,19.1
2025-06-12 19:43:00,17.6
2025-06-12 22:16:00,73.4
2025-06-12 02:47:00,32.1
2025-06-12 13:34:00,22.6
2025-06-12 06:35:00,75.7
2025-06-12 21:54:00,52.6
2025-06-12 01:29:00,83.9
2025-06-12 14:20:00,80.6
2025-06-12 13:41:00,3.5
2025-06-12 02:18:00,73.4
2025-06-12 09:43:00,5.5
2025-06-12 21:53:00,87.5
2025-06-12 02:58:00,96.2
2025-06-12 01:20:00,81.3
2025-06-12 08:11:00,52.4
2025-06-12 17:36:00,50.03812089971884
2025-06-12 06:07:00,16.1
2025-06-12 02:15:00,73.9
2025-06-12 14:27:00,3.4
2025-06-12 23:46:00,31.5
2025-06-12 18:45:00,10.0
2025-06-12 09:24:00,30.5
2025-06-12 17:16:00,62.3
2025-06-12 19:28:00,27.3
2025-06-12 14:08:00,50.03812089971884
2025-06-12 21:44:00,68.4
2025-06-12 05:08:00,71.5
2025-06-12 15:50:00,2.0
2025-06-12 18:01:00,83.4
2025-06-12 12:02:00,59.5
2025-06-12 11:30:00,81.1
2025-06-12 02:15:00,90.2
2025-06-12 17:37:00,32.7
2025-06-12 06:55:00,0.4
2025-06-12 20:34:00,94.6
2025-06-12 03:59:00,89.7
2025-06-12 13:48:00,50.03812089971884
2025-06-12 03:55:00,99.0
2025-06-12 07:19:00,42.8
2025-06-12 05:50:00,46.3
2025-06-12 11:42:00,84.6
2025-06-12 15:39:00,86.1
2025-06-12 07:47:00,56.6
2025-06-12 06:52:00,79.9
2025-06-12 02:29:00,3.8
2025-06-12 19:33:00,73.7
2025-06-12 21:02:00,59.2
2025-06-12 09:43:00,57.8
2025-06-12 07:21:00,13.3
2025-06-12 12:58:00,95.4
2025-06-12 15:25:00,28.7
2025-06-12 15:57:00,32.7
2025-06-12 03:33:00,19.3
2025-06-12 01:03:00,18.4
2025-06-12 23:52:00,50.03812089971884
2025-06-12 01:04:00,42.2
2025-06-12 07:57:00,20.7
2025-06-12 18:11:00,29.2
2025-06-12 12:53:00,94.2
2025-06-12 06:21:00,50.03812089971884
2025-06-12 10:59:00,47.4
2025-06-12 02:12:00,92.3
2025-06-12 09:52:00,50.03812089971884
2025-06-12 13:19:00,79.0
2025-06-12 11:28:00,50.03812089971884
2025-06-12 12:09:00,79.7
2025-06-12 18:26:00,58.8
2025-06-12 03:12:00,50.03812089971884
2025-06-12 06:01:00,99.1
2025-06-12 17:28:00,59.8
2025-06-12 06:25:00,26.2
2025-06-12 14:42:00,59.5
2025-06-12 18:14:00,50.03812089971884
2025-06-12 16:42:00,73.3
2025-06-12 00:21:00,5.3
2025-06-12 14:46:00,38.0
2025-06-12 16:23:00,89.1
2025-06-12 22:02:00,89.9
2025-06-12 17:33:00,49.0
2025-06-12 19:28:00,89.9
2025-06-12 14:56:00,3.7
2025-06-12 22:18:00,70.8
2025-06-12 18:13:00,63.2
2025-06-12 22:13:00,82.4
2025-06-12 01:12:00,90.9
2025-06-12 08:08:00,55.5
2025-06-12 17:12:00,72.3
2025-06-12 18:16:00,53.9
2025-06-12 12:28:00,5.7
2025-06-12 12:46:00,34.7
2025-06-12 14:36:00,70.9
2025-06-12 08:30:00,28.0
2025-06-12 06:39:00,50.03812089971884
2025-06-12 11:53:00,97.8
2025-06-12 13:00:00,98.7
2025-06-12 14:20:00,99.4
2025-06-12 21:07:00,60.5
2025-06-12 15:11:00,78.7
2025-06-12 15:24:00,23.5
2025-06-12 04:06:00,62.6
2025-06-12 02:11:00,82.6
2025-06-12 11:16:00,29.2
2025-06-12 16:29:00,18.8
2025-06-12 11:13:00,16.6
2025-06-12 11:45:00,51.2
2025-06-12 18:01:00,86.8
2025-06-12 14:14:00,74.3
2025-06-12 07:31:00,33.7
2025-06-12 11:13:00,19.2
2025-06-12 10:25:00,43.9
2025-06-12 12:15:00,28.4
2025-06-12 14:52:00,74.1
2025-06-12 12:41:00,21.5
2025-06-12 14:58:00,7.9
2025-06-12 11:31:00,88.9
2025-06-12 18:42:00,30.2
2025-06-12 08:43:00,30.9
2025-06-12 04:11:00,20.1
2025-06-12 04:45:00,28.5
2025-06-12 00:57:00,77.4
2025-06-12 12:07:00,18.7
2025-06-12 21:48:00,78.7
2025-06-12 02:05:00,60.1
2025-06-12 21:36:00,26.4
2025-06-12 05:26:00,46.2
2025-06-12 08:13:00,58.4
2025-06-12 08:26:00,1.7
2025-06-12 13:07:00,41.3
2025-06-12 18:24:00,74.1
2025-06-12 18:13:00,45.3
2025-06-12 18:39:00,53.8
2025-06-12 20:28:00,0.7
2025-06-12 15:32:00,27.8
2025-06-12 01:23:00,50.03812089971884
2025-06-12 12:00:00,50.03812089971884
2025-06-12 02:08:00,88.9
2025-06-12 19:23:00,65.9
2025-06-12 07:05:00,31.4
2025-06-12 23:07:00,6.3
2025-06-12 15:14:00,50.03812089971884
2025-06-12 10:14:00,92.1
2025-06-12 08:33:00,40.2
2025-06-12 00:20:00,50.03812089971884
2025-06-12 08:03:00,18.8
2025-06-12 19:22:00,28.1
2025-06-12 06:55:00,78.2
2025-06-12 01:43:00,62.1
2025-06-12 11:15:00,53.3
2025-06-12 05:27:00,50.03812089971884
2025-06-12 09:09:00,23.1
2025-06-12 03:30:00,0.4
2025-06-12 14:34:00,40.4
2025-06-12 19:13:00,78.1
2025-06-12 23:02:00,40.6
2025-06-12 00:40:00,68.6
2025-06-12 20:55:00,64.7
2025-06-12 07:41:00,46.9
2025-06-12 06:54:00,15.5
2025-06-12 03:08:00,50.03812089971884
2025-06-12 11:15:00,65.7
2025-06-12 11:55:00,87.9
2025-06-12 17:33:00,4.6
2025-06-12 05:35:00,49.697634180790956
2025-06-12 13:40:00,84.1
2025-06-12 14:09:00,49.697634180790956
2025-06-12 06:32:00,59.4
2025-06-12 21:26:00,78.5
2025-06-12 08:56:00,8.8
2025-06-12 15:24:00,30.9
2025-06-12 19:47:00,49.697634180790956
2025-06-12 08:31:00,54.7
2025-06-12 10:55:00,93.1
2025-06-12 13:53:00,58.8
2025-06-12 16:16:00,89.3
2025-06-12 00:37:00,76.7
2025-06-12 06:35:00,33.3
2025-06-12 08:42:00,7.0
2025-06-12 20:52:00,49.697634180790956
2025-06-12 21:25:00,75.2
2025-06-12 11:36:00,15.8
2025-06-12 16:27:00,49.6
2025-06-12 09:06:00,78.0
2025-06-12 11:17:00,55.4
2025-06-12 21:10:00,63.9
2025-06-12 09:24:00,25.9
2025-06-12 06:48:00,60.8
2025-06-12 09:14:00,79.3
2025-06-12 23:09:00,6.8
2025-06-12 23:04:00,92.1
2025-06-12 20:37:00,61.5
2025-06-12 22:19:00,48.1
2025-06-12 17:13:00,36.3
2025-06-12 22:08:00,81.4
2025-06-12 04:40:00,96.4
2025-06-12 13:49:00,48.7
2025-06-12 22:25:00,83.0
2025-06-12 08:13:00,25.7
2025-06-12 04:09:00,82.4
2025-06-12 18:37:00,10.3
2025-06-12 15:54:00,79.5
2025-06-12 01:39:00,49.697634180790956
2025-06-12 22:31:00,12.3
2025-06-12 19:03:00,36.2
2025-06-12 17:39:00,95.9
2025-06-12 18:22:00,40.8
2025-06-12 20:44:00,74.9
2025-06-12 10:30:00,98.4
2025-06-12 21:55:00,67.9
2025-06-12 20:50:00,22.6
2025-06-12 01:26:00,40.3
2025-06-12 01:34:00,5.2
2025-06-12 07:58:00,49.697634180790956
2025-06-12 03:33:00,95.9
2025-06-12 03:52:00,11.8
2025-06-12 06:32:00,96.6
2025-06-12 04:04:00,48.9
2025-06-12 11:52:00,42.5
2025-06-12 01:38:00,88.9
2025-06-12 06:08:00,40.9
2025-06-12 01:27:00,68.0
2025-06-12 02:10:00,20.2
2025-06-12 19:19:00,49.697634180790956
2025-06-12 19:37:00,76.7
2025-06-12 08:19:00,3.6
2025-06-12 08:12:00,96.7
2025-06-12 23:37:00,5.9
2025-06-12 17:06:00,35.8
2025-06-12 06:51:00,49.697634180790956
2025-06-12 10:47:00,98.2
2025-06-12 14:56:00,34.9
2025-06-12 16:47:00,60.1
2025-06-12 18:10:00,29.0
2025-06-12 02:03:00,58.1
2025-06-12 21:06:00,73.2
2025-06-12 08:20:00,87.2
2025-06-12 20:50:00,91.8
2025-06-12 05:12:00,53.9
2025-06-12 09:29:00,6.0
2025-06-12 11:32:00,85.4
2025-06-12 08:39:00,51.0
2025-06-12 15:52:00,42.2
2025-06-12 00:33:00,11.8
2025-06-12 21:08:00,60.6
2025-06-12 09:48:00,36.7
2025-06-12 12:32:00,0.1
2025-06-12 23:17:00,89.1
2025-06-12 01:24:00,74.5
2025-06-12 04:16:00,28.1
2025-06-12 06:30:00,54.9
2025-06-12 03:37:00,53.4
2025-06-12 17:12:00,64.8
2025-06-12 06:50:00,49.697634180790956
2025-06-12 09:07:00,49.697634180790956
2025-06-12 06:20:00,95.8
2025-06-12 21:16:00,21.6
2025-06-12 19:39:00,94.7
2025-06-12 14:05:00,75.7
2025-06-12 05:07:00,18.6
2025-06-12 08:44:00,3.3
2025-06-12 09:15:00,29.8
2025-06-12 03:22:00,55.0
2025-06-12 08:54:00,49.697634180790956
2025-06-12 00:02:00,49.697634180790956
2025-06-12 16:01:00,3.5
2025-06-12 22:21:00,63.0
2025-06-12 14:59:00,34.1
2025-06-12 18:00:00,26.4
2025-06-12 13:29:00,3.7
2025-06-12 11:51:00,75.2
2025-06-12 15:45:00,15.3
2025-06-12 19:36:00,5.2
2025-06-12 07:10:00,46.7
2025-06-12 01:55:00,11.8
2025-06-12 09:19:00,12.6
2025-06-12 01:13:00,49.697634180790956
2025-06-12 14:28:00,3.2
2025-06-12 01:06:00,29.4
2025-06-12 21:37:00,15.4
2025-06-12 14:43:00,29.1
2025-06-12 01:02:00,49.697634180790956
2025-06-12 19:03:00,4.8
2025-06-12 09:20:00,35.8
2025-06-12 01:30:00,18.7
2025-06-12 09:55:00,83.2
2025-06-12 01:03:00,84.8
2025-06-12 13:41:00,41.6
2025-06-12 14:02:00,38.4
2025-06-12 01:50:00,84.5
2025-06-12 13:31:00,0.6
2025-06-12 03:02:00,49.697634180790956
2025-06-12 21:58:00,58.3
2025-06-12 09:23:00,49.697634180790956
2025-06-12 08:35:00,53.5
2025-06-12 14:12:00,88.0
2025-06-12 05:15:00,40.2
2025-06-12 07:58:00,22.1
2025-06-12 13:35:00,94.8
2025-06-12 09:11:00,99.0
2025-06-12 17:47:00,69.6
2025-06-12 19:00:00,1.0
2025-06-12 05:23:00,74.9
2025-06-12 05:15:00,58.3
2025-06-12 06:42:00,18.9
2025-06-12 04:45:00,60.6
2025-06-12 15:57:00,38.2
2025-06-12 16:32:00,18.3
2025-06-12 04:37:00,88.0
2025-06-12 12:43:00,41.2
2025-06-12 07:35:00,17.7
2025-06-12 12:26:00,49.697634180790956
2025-06-12 19:42:00,73.3
2025-06-12 08:03:00,97.4
2025-06-12 22:42:00,97.6
2025-06-12 21:17:00,63.9
2025-06-12 18:44:00,49.697634180790956
2025-06-12 09:39:00,45.4
2025-06-12 19:40:00,71.9
2025-06-12 11:51:00,72.0
2025-06-12 18:26:00,41.8
2025-06-12 14:37:00,88.6
2025-06-12 23:10:00,5.0
2025-06-12 02:29:00,43.5
2025-06-12 22:36:00,50.6
2025-06-12 18:35:00,0.7
2025-06-12 19:56:00,12.7
2025-06-12 22:56:00,67.5
2025-06-12 13:40:00,76.7
2025-06-12 06:14:00,61.9
2025-06-12 12:34:00,57.5
2025-06-12 06:17:00,7.3
2025-06-12 22:42:00,16.8
2025-06-12 08:55:00,13.6
2025-06-12 02:47:00,49.697634180790956
2025-06-12 09:17:00,10.2
2025-06-12 06:08:00,61.6
2025-06-12 11:55:00,15.1
2025-06-12 03:17:00,62.9
2025-06-12 13:10:00,43.4
2025-06-12 11:37:00,62.0
2025-06-12 05:46:00,49.4
2025-06-12 08:17:00,44.4
2025-06-12 18:19:00,5.8
2025-06-12 02:23:00,84.5
2025-06-12 09:50:00,8.4
2025-06-12 03:56:00,78.5
2025-06-12 18:49:00,49.697634180790956
2025-06-12 14:24:00,71.3
2025-06-12 19:59:00,73.9
2025-06-12 08:32:00,30.0
2025-06-12 10:37:00,72.4
2025-06-12 17:20:00,97.5
2025-06-12 12:46:00,49.697634180790956
2025-06-12 21:55:00,18.7
2025-06-12 23:11:00,49.697634180790956
2025-06-12 00:58:00,93.7
2025-06-12 18:11:00,49.697634180790956
2025-06-12 16:41:00,89.5
2025-06-12 12:15:00,82.1
2025-06-12 20:56:00,52.2
2025-06-12 10:43:00,43.2
2025-06-12 20:40:00,15.8
2025-06-12 08:49:00,42.6
2025-06-12 04:30:00,93.5
2025-06-12 20:21:00,7.6
2025-06-12 20:27:00,28.8
2025-06-12 12:41:00,21.2
2025-06-12 06:17:00,49.697634180790956
2025-06-12 17:08:00,24.8
2025-06-12 06:28:00,49.697634180790956
2025-06-12 12:53:00,35.8
2025-06-12 16:10:00,49.697634180790956
2025-06-12 23:08:00,49.697634180790956
2025-06-12 18:02:00,3.7
2025-06-12 13:31:00,62.1
2025-06-12 10:47:00,99.2
2025-06-12 16:31:00,6.9
2025-06-12 16:58:00,55.5
2025-06-12 18:45:00,49.697634180790956
2025-06-12 23:36:00,57.1
2025-06-12 06:15:00,13.1
2025-06-12 14:27:00,94.5
2025-06-12 03:01:00,72.8
2025-06-12 13:21:00,28.7
2025-06-12 12:24:00,64.1
2025-06-12 09:58:00,25.8
2025-06-12 02:05:00,1.4
2025-06-12 07:15:00,1.8
2025-06-12 20:20:00,2.6
2025-06-12 13:50:00,46.9
2025-06-12 17:02:00,49.697634180790956
2025-06-12 08:55:00,68.6
2025-06-12 00:34:00,49.697634180790956
2025-06-12 21:18:00,51.8
2025-06-12 13:47:00,33.7
2025-06-12 09:53:00,49.697634180790956
2025-06-12 10:56:00,75.6
2025-06-12 10:13:00,62.2
2025-06-12 08:50:00,46.1
2025-06-12 04:47:00,75.1
2025-06-12 10:28:00,24.5
2025-06-12 05:50:00,3.5
2025-06-12 15:47:00,49.697634180790956
2025-06-12 11:29:00,49.697634180790956
2025-06-12 11:50:00,70.5
2025-06-12 17:38:00,57.7
2025-06-12 22:59:00,64.9
2025-06-12 22:04:00,14.9
2025-06-12 18:32:00,23.4
2025-06-12 18:17:00,8.3
2025-06-12 18:43:00,41.5
2025-06-12 23:48:00,45.2
2025-06-12 01:26:00,85.2
2025-06-12 23:23:00,55.1
2025-06-12 00:33:00,39.3
2025-06-12 21:14:00,19.3
2025-06-12 14:14:00,4.6
2025-06-12 04:53:00,73.6
2025-06-12 15:27:00,84.9
2025-06-12 11:08:00,99.3
2025-06-12 23:43:00,80.8
2025-06-12 07:10:00,49.697634180790956
2025-06-12 15:10:00,28.6
2025-06-12 18:14:00,75.0
2025-06-12 14:51:00,49.697634180790956
2025-06-12 19:16:00,15.6
2025-06-12 20:50:00,52.8
2025-06-12 15:23:00,83.2
2025-06-12 12:59:00,76.6
2025-06-12 07:19:00,48.4
2025-06-12 21:03:00,49.697634180790956
2025-06-12 19:55:00,29.1
2025-06-12 20:57:00,19.4
2025-06-12 22:14:00,74.1
2025-06-12 16:37:00,12.7
2025-06-12 17:17:00,89.8
2025-06-12 05:05:00,13.6
2025-06-12 09:09:00,36.8
2025-06-12 07:21:00,49.697634180790956
2025-06-12 15:15:00,49.697634180790956
2025-06-12 22:48:00,56.6
2025-06-12 09:31:00,52.2
2025-06-12 15:03:00,11.6
2025-06-12 13:22:00,45.7
2025-06-12 14:52:00,48.6
2025-06-12 17:38:00,49.697634180790956
2025-06-12 11:34:00,5.6
2025-06-12 03:19:00,47.0
2025-06-12 00:42:00,52.2
2025-06-12 20:00:00,49.697634180790956
2025-06-12 10:15:00,84.0
2025-06-12 17:48:00,60.0
2025-06-12 23:30:00,37.9
2025-06-12 08:43:00,13.4
2025-06-12 12:25:00,76.8
2025-06-12 13:46:00,81.3
2025-06-12 17:17:00,54.5
2025-06-12 20:21:00,49.697634180790956
2025-06-12 10:35:00,88.4
2025-06-12 07:33:00,96.8
2025-06-12 11:06:00,88.2
2025-06-12 09:10:00,49.697634180790956
2025-06-12 23:25:00,81.5
2025-06-12 14:04:00,9.1
2025-06-12 17:54:00,65.7
2025-06-12 13:04:00,80.2
2025-06-12 18:09:00,15.3
2025-06-12 14:05:00,17.6
2025-06-12 03:18:00,66.0
2025-06-12 14:55:00,36.6
2025-06-12 10:07:00,49.697634180790956
2025-06-12 06:34:00,74.5
2025-06-12 17:04:00,79.9
2025-06-12 09:02:00,64.9
2025-06-12 17:43:00,49.697634180790956
2025-06-12 23:09:00,95.4
2025-06-12 09:37:00,49.81454693687398
2025-06-12 01:06:00,84.7
2025-06-12 18:30:00,11.8
2025-06-12 05:25:00,30.0
2025-06-12 03:26:00,75.8
2025-06-12 12:10:00,84.4
2025-06-12 14:17:00,11.6
2025-06-12 23:27:00,89.6
2025-06-12 09:01:00,29.8
2025-06-12 18:55:00,47.4
2025-06-12 10:41:00,21.0
2025-06-12 15:27:00,37.8
2025-06-12 05:27:00,16.4
2025-06-12 02:04:00,96.2
2025-06-12 08:19:00,30.9
2025-06-12 19:27:00,95.5
2025-06-12 05:35:00,77.1
2025-06-12 20:09:00,68.5
2025-06-12 12:08:00,32.2
2025-06-12 06:55:00,49.81454693687398
2025-06-12 21:48:00,66.1
2025-06-12 03:33:00,53.8
2025-06-12 11:48:00,49.81454693687398
2025-06-12 03:19:00,70.7
2025-06-12 16:26:00,18.3
2025-06-12 06:45:00,71.9
2025-06-12 00:07:00,18.8
2025-06-12 18:09:00,2.3
2025-06-12 03:06:00,63.0
2025-06-12 21:11:00,80.0
2025-06-12 02:51:00,99.7
2025-06-12 02:33:00,10.9
2025-06-12 01:29:00,86.4
2025-06-12 08:20:00,49.81454693687398
2025-06-12 16:08:00,19.0
2025-06-12 07:56:00,92.5
2025-06-12 02:11:00,21.8
2025-06-12 08:47:00,36.4
2025-06-12 00:41:00,15.7
2025-06-12 02:26:00,7.9
2025-06-12 18:44:00,10.4
2025-06-12 16:37:00,73.2
2025-06-12 11:27:00,12.8
2025-06-12 18:45:00,19.2
2025-06-12 10:10:00,40.7
2025-06-12 21:51:00,76.8
2025-06-12 17:25:00,60.5
2025-06-12 00:57:00,17.0
2025-06-12 19:54:00,15.6
2025-06-12 06:57:00,6.2
2025-06-12 16:28:00,15.2
2025-06-12 16:00:00,47.3
2025-06-12 15:10:00,58.1
2025-06-12 16:51:00,7.0
2025-06-12 10:46:00,72.4
2025-06-12 12:06:00,95.5
2025-06-12 10:10:00,82.7
2025-06-12 18:54:00,35.3
2025-06-12 12:20:00,10.4
2025-06-12 10:00:00,49.81454693687398
2025-06-12 11:27:00,23.5
2025-06-12 03:39:00,4.2
2025-06-12 01:01:00,49.81454693687398
2025-06-12 03:34:00,25.0
2025-06-12 13:28:00,42.5
2025-06-12 23:49:00,5.1
2025-06-12 08:26:00,66.4
2025-06-12 19:05:00,79.3
2025-06-12 20:00:00,0.9
2025-06-12 04:23:00,96.0
2025-06-12 17:25:00,49.81454693687398
2025-06-12 23:27:00,3.9
2025-06-12 07:59:00,25.3
2025-06-12 05:53:00,62.1
2025-06-12 22:18:00,13.4
2025-06-12 19:08:00,85.1
2025-06-12 00:23:00,49.6
2025-06-12 13:35:00,52.4
2025-06-12 08:45:00,1.6
2025-06-12 03:00:00,31.0
2025-06-12 18:48:00,27.3
2025-06-12 11:52:00,11.6
2025-06-12 08:08:00,33.0
2025-06-12 16:23:00,49.81454693687398
2025-06-12 09:23:00,49.81454693687398
2025-06-12 03:21:00,98.9
2025-06-12 08:21:00,12.4
2025-06-12 08:31:00,94.0
2025-06-12 19:37:00,1.1
2025-06-12 02:21:00,80.2
2025-06-12 06:09:00,62.0
2025-06-12 19:24:00,37.7
2025-06-12 08:07:00,18.9
2025-06-12 18:40:00,12.0
2025-06-12 22:02:00,38.9
2025-06-12 16:56:00,42.7
2025-06-12 04:31:00,89.4
2025-06-12 04:22:00,16.6
2025-06-12 17:56:00,16.2
2025-06-12 22:34:00,71.4
2025-06-12 16:31:00,36.5
2025-06-12 19:29:00,49.81454693687398
2025-06-12 13:43:00,77.2
2025-06-12 19:57:00,81.5
2025-06-12 18:10:00,17.1
2025-06-12 00:19:00,72.0
2025-06-12 23:49:00,14.4
2025-06-12 22:16:00,86.2
2025-06-12 17:24:00,79.7
2025-06-12 15:57:00,77.8
2025-06-12 06:11:00,53.4
2025-06-12 08:52:00,21.8
2025-06-12 15:37:00,29.8
2025-06-12 14:24:00,5.7
2025-06-12 02:15:00,86.4
2025-06-12 05:58:00,9.0
2025-06-12 14:52:00,49.81454693687398
2025-06-12 04:12:00,17.4
2025-06-12 13:38:00,33.4
2025-06-12 01:28:00,63.4
2025-06-12 20:57:00,25.3
2025-06-12 17:03:00,49.81454693687398
2025-06-12 21:55:00,49.81454693687398
2025-06-12 14:19:00,49.81454693687398
2025-06-12 22:13:00,49.81454693687398
2025-06-12 05:06:00,86.3
2025-06-12 02:53:00,10.6
2025-06-12 00:54:00,36.7
2025-06-12 19:27:00,33.3
2025-06-12 02:20:00,52.0
2025-06-12 04:55:00,15.0
2025-06-12 21:09:00,24.0
2025-06-12 13:09:00,23.7
2025-06-12 15:36:00,40.8
2025-06-12 00:47:00,74.1
2025-06-12 15:44:00,77.0
2025-06-12 03:36:00,14.5
2025-06-12 09:36:00,7.1
2025-06-12 21:40:00,24.0
2025-06-12 18:39:00,49.81454693687398
2025-06-12 04:18:00,39.0
2025-06-12 19:42:00,48.0
2025-06-12 17:24:00,6.0
2025-06-12 20:36:00,44.1
2025-06-12 08:15:00,49.81454693687398
2025-06-12 07:34:00,16.5
2025-06-12 04:24:00,49.81454693687398
2025-06-12 00:22:00,90.0
2025-06-12 00:50:00,30.7
2025-06-12 16:34:00,69.4
2025-06-12 07:29:00,0.7
2025-06-12 13:27:00,64.2
2025-06-12 04:27:00,33.4
2025-06-12 06:44:00,49.81454693687398
2025-06-12 17:14:00,6.3
2025-06-12 21:36:00,16.7
2025-06-12 21:22:00,49.81454693687398
2025-06-12 02:39:00,74.5
2025-06-12 12:13:00,74.5
2025-06-12 04:37:00,49.81454693687398
2025-06-12 11:32:00,95.4
2025-06-12 21:12:00,21.6
2025-06-12 04:15:00,99.5
2025-06-12 12:48:00,30.6
2025-06-12 00:14:00,69.8
2025-06-12 04:07:00,26.5
2025-06-12 10:34:00,83.9
2025-06-12 11:35:00,34.1
2025-06-12 19:22:00,94.2
2025-06-12 05:18:00,19.5
2025-06-12 05:37:00,23.5
2025-06-12 22:39:00,37.9
2025-06-12 16:27:00,18.9
2025-06-12 13:40:00,49.81454693687398
2025-06-12 16:27:00,52.9
2025-06-12 04:24:00,66.2
2025-06-12 01:09:00,36.6
2025-06-12 03:29:00,32.6
2025-06-12 16:11:00,26.1
2025-06-12 22:40:00,3.7
2025-06-12 16:20:00,49.81454693687398
2025-06-12 22:35:00,71.2
2025-06-12 01:15:00,54.7
2025-06-12 17:15:00,96.9
2025-06-12 07:16:00,5.8
2025-06-12 06:37:00,81.0
2025-06-12 23:47:00,45.9
2025-06-12 10:31:00,37.4
2025-06-12 09:30:00,9.0
2025-06-12 15:16:00,87.7
2025-06-12 01:25:00,29.3
2025-06-12 02:14:00,49.81454693687398
2025-06-12 15:10:00,24.7
2025-06-12 12:07:00,18.0
2025-06-12 16:36:00,49.81454693687398
2025-06-12 23:57:00,60.2
2025-06-12 17:49:00,33.0
2025-06-12 08:50:00,49.81454693687398
2025-06-12 06:09:00,35.0
2025-06-12 07:48:00,22.9
2025-06-12 02:34:00,81.1
2025-06-12 13:54:00,55.5
2025-06-12 17:26:00,95.1
2025-06-12 03:21:00,49.81454693687398
2025-06-12 14:07:00,49.81454693687398
2025-06-12 09:51:00,60.3
2025-06-12 21:21:00,26.3
2025-06-12 17:49:00,61.5
2025-06-12 18:07:00,10.1
2025-06-12 23:38:00,1.0
2025-06-12 06:59:00,49.81454693687398
2025-06-12 06:53:00,55.8
2025-06-12 17:01:00,62.3
2025-06-12 18:40:00,26.6
2025-06-12 04:58:00,24.4
2025-06-12 19:51:00,4.8
2025-06-12 23:48:00,7.5
2025-06-12 17:56:00,46.8
2025-06-12 07:46:00,7.3
2025-06-12 19:25:00,17.9
2025-06-12 04:15:00,77.2
2025-06-12 01:31:00,6.0
2025-06-12 13:21:00,35.4
2025-06-12 15:02:00,36.0
2025-06-12 00:34:00,70.7
2025-06-12 15:20:00,15.9
2025-06-12 05:45:00,12.1
2025-06-12 10:38:00,51.7
2025-06-12 03:00:00,79.5
2025-06-12 01:49:00,49.81454693687398
2025-06-12 15:44:00,15.7
2025-06-12 04:27:00,34.3
2025-06-12 08:50:00,49.9
2025-06-12 11:27:00,43.4
2025-06-12 06:51:00,49.81454693687398
2025-06-12 21:32:00,30.7
2025-06-12 13:51:00,58.6
2025-06-12 23:35:00,68.2
2025-06-12 18:41:00,73.9
2025-06-12 13:49:00,28.1
2025-06-12 04:05:00,9.3
2025-06-12 03:21:00,49.81454693687398
2025-06-12 03:00:00,61.9
2025-06-12 21:53:00,60.0
2025-06-12 21:44:00,26.1
2025-06-12 15:45:00,76.5
2025-06-12 18:34:00,14.6
2025-06-12 20:24:00,87.9
2025-06-12 00:45:00,94.2
2025-06-12 13:54:00,0.0
2025-06-12 21:18:00,49.81454693687398
2025-06-12 22:20:00,40.6
2025-06-12 21:03:00,81.7
2025-06-12 07:10:00,49.1
2025-06-12 22:56:00,49.3
2025-06-12 09:30:00,83.0
2025-06-12 01:25:00,55.0
2025-06-12 09:17:00,52.7
2025-06-12 06:15:00,19.5
2025-06-12 22:51:00,55.1
2025-06-12 21:46:00,49.81454693687398
2025-06-12 06:11:00,26.0
2025-06-12 08:58:00,5.7
2025-06-12 05:02:00,93.4
2025-06-12 00:01:00,69.7
2025-06-12 13:18:00,65.4
2025-06-12 04:47:00,14.8
2025-06-12 06:07:00,76.7
2025-06-12 09:04:00,48.8
2025-06-12 11:14:00,25.8
2025-06-12 01:07:00,53.7
2025-06-12 16:16:00,21.4
2025-06-12 02:48:00,72.4
2025-06-12 10:22:00,90.0
2025-06-12 02:37:00,53.0
2025-06-12 06:00:00,49.81454693687398
2025-06-12 10:06:00,12.0
2025-06-12 08:33:00,13.1
2025-06-12 06:43:00,85.4
2025-06-12 15:51:00,86.4
2025-06-12 00:02:00,7.5
2025-06-12 21:25:00,88.5
2025-06-12 15:49:00,58.8
2025-06-12 15:38:00,49.81454693687398
2025-06-12 09:48:00,70.1
2025-06-12 16:51:00,93.5
2025-06-12 07:29:00,32.5
2025-06-12 00:51:00,60.5
2025-06-12 16:15:00,49.81454693687398
2025-06-12 17:26:00,49.81454693687398
2025-06-12 01:08:00,44.5
2025-06-12 13:45:00,54.1
2025-06-12 15:32:00,49.81454693687398
2025-06-12 15:01:00,82.7
2025-06-12 01:42:00,49.81454693687398
2025-06-12 23:28:00,37.2
2025-06-12 14:00:00,51.5
2025-06-12 13:18:00,71.2
2025-06-12 22:28:00,18.5
2025-06-12 06:40:00,35.4
2025-06-12 13:18:00,18.9
2025-06-12 07:54:00,95.5
2025-06-12 23:15:00,49.81454693687398
2025-06-12 19:29:00,50.5
2025-06-12 09:44:00,49.81454693687398
2025-06-12 02:50:00,30.4
2025-06-12 06:08:00,40.9
2025-06-12 03:12:00,88.9
2025-06-12 02:05:00,89.5
2025-06-12 04:38:00,1.9
2025-06-12 07:44:00,12.8
2025-06-12 04:09:00,5.2
2025-06-12 07:40:00,64.3
2025-06-12 23:41:00,49.81454693687398
2025-06-12 14:56:00,74.3
2025-06-12 21:44:00,5.3
2025-06-12 01:23:00,72.7
2025-06-12 03:56:00,86.4
2025-06-12 00:29:00,5.8
2025-06-12 12:29:00,28.8
2025-06-12 13:28:00,21.9
2025-06-12 12:40:00,56.3
2025-06-12 15:43:00,20.8
2025-06-12 17:29:00,67.6
2025-06-12 23:50:00,63.9
2025-06-12 16:22:00,0.4
2025-06-12 04:11:00,67.3
2025-06-12 14:08:00,50.17466168922071
2025-06-12 11:34:00,3.8
2025-06-12 06:34:00,13.9
2025-06-12 15:42:00,11.0
2025-06-12 07:51:00,51.6
2025-06-12 23:00:00,53.2
2025-06-12 22:30:00,50.3
2025-06-12 21:32:00,38.0
2025-06-12 19:11:00,48.6
2025-06-12 01:39:00,30.6
2025-06-12 15:36:00,18.5
2025-06-12 06:25:00,20.5
2025-06-12 01:21:00,52.3
2025-06-12 01:45:00,91.7
2025-06-12 02:15:00,99.4
2025-06-12 00:14:00,74.1
2025-06-12 01:48:00,44.4
2025-06-12 18:30:00,2.0
2025-06-12 00:12:00,23.1
2025-06-12 02:25:00,50.17466168922071
2025-06-12 07:37:00,6.0
2025-06-12 11:05:00,48.0
2025-06-12 22:54:00,50.17466168922071
2025-06-12 03:50:00,42.3
2025-06-12 21:50:00,91.1
2025-06-12 17:58:00,53.0
2025-06-12 09:30:00,2.6
2025-06-12 21:22:00,44.4
2025-06-12 16:19:00,3.0
2025-06-12 21:51:00,5.4
2025-06-12 19:38:00,24.5
2025-06-12 21:58:00,50.17466168922071
2025-06-12 16:11:00,68.3
2025-06-12 10:51:00,31.4
2025-06-12 13:05:00,47.3
2025-06-12 01:11:00,88.5
2025-06-12 13:50:00,3.5
2025-06-12 02:50:00,58.9
2025-06-12 22:44:00,66.9
2025-06-12 00:19:00,67.5
2025-06-12 00:10:00,97.4
2025-06-12 14:17:00,66.3
2025-06-12 02:41:00,57.0
2025-06-12 00:09:00,16.0
2025-06-12 01:49:00,53.7
2025-06-12 05:01:00,50.17466168922071
2025-06-12 05:46:00,70.3
2025-06-12 20:24:00,51.5
2025-06-12 03:36:00,95.2
2025-06-12 19:29:00,94.8
2025-06-12 21:00:00,95.8
2025-06-12 16:41:00,60.7
2025-06-12 15:27:00,47.5
2025-06-12 19:28:00,14.7
2025-06-12 20:31:00,55.9
2025-06-12 06:28:00,30.5
2025-06-12 07:54:00,25.6
2025-06-12 10:45:00,0.9
2025-06-12 12:12:00,64.9
2025-06-12 14:26:00,50.17466168922071
2025-06-12 05:58:00,66.1
2025-06-12 10:42:00,22.2
2025-06-12 11:58:00,44.7
2025-06-12 22:34:00,40.7
2025-06-12 21:32:00,31.4
2025-06-12 00:05:00,29.4
2025-06-12 16:30:00,80.5
2025-06-12 11:09:00,56.4
2025-06-12 14:14:00,12.2
2025-06-12 12:34:00,73.2
2025-06-12 20:48:00,93.6
2025-06-12 02:23:00,92.0
2025-06-12 00:57:00,11.2
2025-06-12 14:34:00,71.8
2025-06-12 05:04:00,71.3
2025-06-12 08:48:00,42.9
2025-06-12 18:36:00,49.6
2025-06-12 19:29:00,1.5
2025-06-12 21:14:00,10.6
2025-06-12 08:24:00,31.9
2025-06-12 15:16:00,58.8
2025-06-12 06:31:00,92.4
2025-06-12 10:12:00,36.1
2025-06-12 04:05:00,89.6
2025-06-12 04:47:00,91.4
2025-06-12 16:23:00,30.8
2025-06-12 10:55:00,71.7
2025-06-12 22:09:00,24.5
2025-06-12 20:43:00,81.2
2025-06-12 19:57:00,5.1
2025-06-12 11:14:00,74.1
2025-06-12 07:32:00,94.8
2025-06-12 15:08:00,83.7
2025-06-12 04:07:00,50.17466168922071
2025-06-12 02:42:00,26.5
2025-06-12 06:07:00,50.17466168922071
2025-06-12 17:01:00,11.0
2025-06-12 02:01:00,89.0
2025-06-12 02:09:00,81.7
2025-06-12 02:50:00,39.5
2025-06-12 20:10:00,61.5
2025-06-12 07:47:00,50.17466168922071
2025-06-12 09:30:00,14.3
2025-06-12 23:52:00,27.3
2025-06-12 15:54:00,20.5
2025-06-12 23:12:00,19.4
2025-06-12 23:20:00,44.8
2025-06-12 16:44:00,38.6
2025-06-12 20:55:00,54.7
2025-06-12 03:40:00,63.1
2025-06-12 23:25:00,55.7
2025-06-12 04:36:00,37.4
2025-06-12 05:37:00,2.1
2025-06-12 19:04:00,52.5
2025-06-12 04:06:00,50.1
2025-06-12 21:47:00,18.3
2025-06-12 13:31:00,71.6
2025-06-12 00:30:00,19.4
2025-06-12 23:21:00,46.6
2025-06-12 19:25:00,50.17466168922071
2025-06-12 22:47:00,24.7
2025-06-12 22:21:00,93.4
2025-06-12 13:48:00,66.2
2025-06-12 14:15:00,61.8
2025-06-12 05:10:00,37.3
2025-06-12 21:36:00,3.2
2025-06-12 14:16:00,92.5
2025-06-12 22:09:00,5.4
2025-06-12 17:57:00,71.3
2025-06-12 15:38:00,57.4
2025-06-12 10:24:00,12.3
2025-06-12 07:37:00,83.2
2025-06-12 06:36:00,19.3
2025-06-12 15:17:00,22.2
2025-06-12 22:57:00,8.6
2025-06-12 14:38:00,26.2
2025-06-12 14:28:00,52.6
2025-06-12 22:50:00,21.0
2025-06-12 21:33:00,67.9
2025-06-12 16:14:00,11.9
2025-06-12 09:14:00,67.5
2025-06-12 18:01:00,15.2
2025-06-12 12:26:00,74.9
2025-06-12 07:48:00,2.7
2025-06-12 21:01:00,6.9
2025-06-12 05:48:00,60.1
2025-06-12 07:59:00,38.3
2025-06-12 19:59:00,9.4
2025-06-12 12:57:00,47.5
2025-06-12 06:42:00,50.17466168922071
2025-06-12 08:25:00,41.8
2025-06-12 19:30:00,74.1
2025-06-12 15:04:00,42.6
2025-06-12 23:29:00,41.2
2025-06-12 02:57:00,39.7
2025-06-12 20:23:00,50.17466168922071
2025-06-12 13:08:00,84.2
2025-06-12 10:49:00,60.5
2025-06-12 15:00:00,50.17466168922071
2025-06-12 05:51:00,50.17466168922071
2025-06-12 16:07:00,50.17466168922071
2025-06-12 21:15:00,67.7
2025-06-12 18:14:00,99.8
2025-06-12 20:35:00,70.1
2025-06-12 06:20:00,84.2
2025-06-12 16:57:00,29.4
2025-06-12 17:55:00,10.1
2025-06-12 17:08:00,68.6
2025-06-12 11:13:00,50.17466168922071
2025-06-12 02:22:00,40.6
2025-06-12 06:23:00,3.6
2025-06-12 04:52:00,17.5
2025-06-12 20:49:00,22.4
2025-06-12 10:47:00,50.17466168922071
2025-06-12 16:45:00,86.8
2025-06-12 20:47:00,90.2
2025-06-12 10:56:00,77.6
2025-06-12 10:26:00,70.6
2025-06-12 08:31:00,93.1
2025-06-12 22:16:00,63.4
2025-06-12 19:22:00,81.6
2025-06-12 14:43:00,50.17466168922071
2025-06-12 09:01:00,78.5
2025-06-12 01:55:00,23.4
2025-06-12 02:34:00,73.8
2025-06-12 14:07:00,24.3
2025-06-12 15:29:00,27.6
2025-06-12 01:27:00,95.6
2025-06-12 01:35:00,45.0
2025-06-12 08:53:00,81.2
2025-06-12 13:17:00,74.3
2025-06-12 04:44:00,14.7
2025-06-12 03:23:00,63.6
2025-06-12 04:12:00,91.4
2025-06-12 19:26:00,98.7
2025-06-12 10:13:00,50.17466168922071
2025-06-12 13:05:00,70.1
2025-06-12 06:27:00,83.2
2025-06-12 04:46:00,52.8
2025-06-12 00:23:00,5.9
2025-06-12 09:52:00,23.7
2025-06-12 15:23:00,92.6
2025-06-12 07:04:00,20.4
2025-06-12 10:04:00,54.3
2025-06-12 15:59:00,91.4
2025-06-12 19:43:00,71.6
2025-06-12 22:02:00,50.17466168922071
2025-06-12 20:37:00,30.6
2025-06-12 22:23:00,4.8
2025-06-12 03:01:00,79.1
2025-06-12 00:11:00,37.0
2025-06-12 00:24:00,10.8
2025-06-12 05:54:00,36.2
2025-06-12 17:26:00,50.17466168922071
2025-06-12 19:44:00,50.17466168922071
2025-06-12 13:27:00,14.1
2025-06-12 16:06:00,42.2
2025-06-12 11:52:00,3.8
2025-06-12 10:10:00,71.9
2025-06-12 17:08:00,50.17466168922071
2025-06-12 09:56:00,50.6
2025-06-12 00:56:00,2.4
2025-06-12 03:48:00,62.8
2025-06-12 15:26:00,49.9
2025-06-12 19:18:00,22.0
2025-06-12 04:01:00,50.17466168922071
2025-06-12 21:21:00,75.1
2025-06-12 00:55:00,71.1
2025-06-12 18:05:00,35.1
2025-06-12 11:59:00,65.5
2025-06-12 17:41:00,50.17466168922071
2025-06-12 00:27:00,50.17466168922071
2025-06-12 12:29:00,25.8
2025-06-12 00:43:00,5.0
2025-06-12 17:29:00,30.9
2025-06-12 09:40:00,23.8
2025-06-12 23:34:00,74.9
2025-06-12 13:45:00,18.2
2025-06-12 08:37:00,82.4
2025-06-12 02:56:00,18.4
2025-06-12 16:18:00,76.3
2025-06-12 17:54:00,58.5
2025-06-12 13:02:00,85.0
2025-06-12 20:29:00,50.17466168922071
2025-06-12 14:29:00,86.3
2025-06-12 09:07:00,28.5
2025-06-12 04:40:00,46.7
2025-06-12 03:41:00,55.0
2025-06-12 05:37:00,38.8
2025-06-12 16:09:00,16.5
2025-06-12 21:01:00,51.0
2025-06-12 21:29:00,21.1
2025-06-12 04:10:00,25.5
2025-06-12 03:02:00,50.17466168922071
2025-06-12 10:51:00,50.17466168922071
2025-06-12 18:36:00,46.7
2025-06-12 18:57:00,50.17466168922071
2025-06-12 21:03:00,36.9
2025-06-12 15:43:00,30.5
2025-06-12 19:11:00,50.17466168922071
2025-06-12 12:14:00,9.0
2025-06-12 07:37:00,50.17466168922071
2025-06-12 02:46:00,23.9
2025-06-12 19:33:00,52.1
2025-06-12 15:17:00,47.3
2025-06-12 20:14:00,75.3
2025-06-12 22:41:00,93.7
2025-06-12 16:20:00,28.2
2025-06-12 07:05:00,50.17466168922071
2025-06-12 12:22:00,41.7
2025-06-12 18:20:00,84.5
2025-06-12 15:56:00,84.7
2025-06-12 09:37:00,4.8
2025-06-12 10:39:00,73.2
2025-06-12 18:27:00,18.1
2025-06-12 09:17:00,68.6
2025-06-12 00:40:00,4.8
2025-06-12 12:25:00,50.17466168922071
2025-06-12 04:25:00,83.7
2025-06-12 22:51:00,3.1
2025-06-12 02:17:00,40.2
2025-06-12 09:43:00,54.9
2025-06-12 02:15:00,43.3
2025-06-12 20:53:00,50.17466168922071
2025-06-12 00:24:00,15.3
2025-06-12 13:11:00,23.8
2025-06-12 02:34:00,77.4
2025-06-12 23:18:00,44.3
2025-06-12 11:19:00,50.17466168922071
2025-06-12 11:30:00,50.17466168922071
2025-06-12 15:25:00,77.7
2025-06-12 19:59:00,50.17466168922071
2025-06-12 00:24:00,18.4
2025-06-12 18:18:00,27.8
2025-06-12 10:33:00,34.2
2025-06-12 12:07:00,81.9
2025-06-12 23:12:00,54.5
2025-06-12 18:49:00,97.1
2025-06-12 21:33:00,12.3
2025-06-12 06:49:00,56.6
2025-06-12 09:00:00,78.3
2025-06-12 16:26:00,31.5
2025-06-12 09:46:00,51.4
2025-06-12 08:01:00,58.0
2025-06-12 01:52:00,92.3
2025-06-12 09:30:00,16.0
2025-06-12 11:43:00,14.3
2025-06-12 13:49:00,34.6
2025-06-12 18:39:00,1.9
2025-06-12 01:00:00,11.8
2025-06-12 02:04:00,97.1
2025-06-12 16:35:00,15.4
2025-06-12 14:51:00,52.6
2025-06-12 06:29:00,50.17466168922071
2025-06-12 14:16:00,79.6
2025-06-12 05:53:00,34.9
2025-06-12 02:25:00,54.9
2025-06-12 15:59:00,55.2
2025-06-12 16:11:00,78.7
2025-06-12 22:13:00,50.17466168922071
2025-06-12 18:48:00,50.17466168922071
2025-06-12 11:23:00,90.9
2025-06-12 10:16:00,21.7
2025-06-12 09:07:00,20.7
2025-06-12 10:34:00,78.1
2025-06-12 10:03:00,39.8
2025-06-12 12:04:00,9.1
2025-06-12 04:51:00,21.9
2025-06-12 01:12:00,96.7
2025-06-12 10:32:00,64.4
2025-06-12 03:11:00,60.4
2025-06-12 02:01:00,52.9
2025-06-12 16:54:00,92.5
2025-06-12 04:42:00,50.17466168922071
2025-06-12 03:15:00,41.1
2025-06-12 18:57:00,1.0
2025-06-12 03:44:00,80.7
2025-06-12 13:00:00,50.17466168922071
2025-06-12 12:00:00,33.4
2025-06-12 13:15:00,93.3
2025-06-12 15:48:00,87.3
2025-06-12 16:28:00,33.2
2025-06-12 21:17:00,49.28634215500945
2025-06-12 08:03:00,16.3
2025-06-12 23:13:00,99.4
2025-06-12 01:23:00,18.8
2025-06-12 10:18:00,63.2
2025-06-12 18:02:00,49.28634215500945
2025-06-12 15:56:00,97.5
2025-06-12 00:24:00,6.2
2025-06-12 04:18:00,62.6
2025-06-12 03:31:00,20.4
2025-06-12 18:30:00,58.0
2025-06-12 00:36:00,39.3
2025-06-12 21:09:00,3.3
2025-06-12 22:14:00,7.4
2025-06-12 13:03:00,13.2
2025-06-12 07:54:00,59.8
2025-06-12 17:41:00,49.28634215500945
2025-06-12 10:39:00,55.0
2025-06-12 06:30:00,24.2
2025-06-12 01:50:00,67.2
2025-06-12 07:55:00,49.28634215500945
2025-06-12 13:16:00,93.3
2025-06-12 18:25:00,49.28634215500945
2025-06-12 03:51:00,26.0
2025-06-12 12:18:00,54.2
2025-06-12 03:08:00,40.2
2025-06-12 21:34:00,63.8
2025-06-12 22:35:00,95.2
2025-06-12 08:15:00,70.7
2025-06-12 08:11:00,93.9
2025-06-12 14:42:00,45.8
2025-06-12 10:20:00,8.8
2025-06-12 12:20:00,10.5
2025-06-12 20:00:00,87.4
2025-06-12 08:24:00,49.28634215500945
2025-06-12 00:53:00,26.7
2025-06-12 13:46:00,49.28634215500945
2025-06-12 19:10:00,31.0
2025-06-12 10:42:00,49.28634215500945
2025-06-12 07:32:00,23.6
2025-06-12 19:45:00,34.0
2025-06-12 16:43:00,97.7
2025-06-12 03:36:00,16.8
2025-06-12 02:56:00,14.5
2025-06-12 08:15:00,49.28634215500945
2025-06-12 06:30:00,49.28634215500945
2025-06-12 03:45:00,49.28634215500945
2025-06-12 01:45:00,33.5
2025-06-12 06:58:00,62.3
2025-06-12 22:25:00,61.9
2025-06-12 03:08:00,49.28634215500945
2025-06-12 14:00:00,25.3
2025-06-12 00:02:00,72.1
2025-06-12 19:35:00,11.4
2025-06-12 16:49:00,13.1
2025-06-12 04:01:00,49.28634215500945
2025-06-12 14:58:00,22.3
2025-06-12 21:32:00,49.28634215500945
2025-06-12 20:50:00,34.0
2025-06-12 02:29:00,2.5
2025-06-12 22:08:00,30.4
2025-06-12 19:31:00,45.2
2025-06-12 10:50:00,49.28634215500945
2025-06-12 02:10:00,56.0
2025-06-12 01:24:00,71.1
2025-06-12 11:05:00,19.8
2025-06-12 12:36:00,47.2
2025-06-12 09:45:00,39.4
2025-06-12 15:30:00,49.28634215500945
2025-06-12 12:14:00,4.7
2025-06-12 13:52:00,32.8
2025-06-12 09:27:00,49.28634215500945
2025-06-12 02:40:00,39.5
2025-06-12 17:56:00,52.7
2025-06-12 19:31:00,41.2
2025-06-12 00:02:00,49.28634215500945
2025-06-12 12:33:00,49.28634215500945
2025-06-12 18:48:00,49.9
2025-06-12 06:16:00,29.9
2025-06-12 23:17:00,72.2
2025-06-12 06:39:00,47.5
2025-06-12 06:40:00,45.6
2025-06-12 22:59:00,87.0
2025-06-12 00:20:00,89.7
2025-06-12 10:41:00,47.7
2025-06-12 10:14:00,86.3
2025-06-12 16:07:00,49.28634215500945
2025-06-12 23:58:00,72.0
2025-06-12 18:51:00,68.5
2025-06-12 19:49:00,77.9
2025-06-12 08:18:00,95.1
2025-06-12 23:10:00,94.7
2025-06-12 19:38:00,48.8
2025-06-12 14:49:00,61.1
2025-06-12 15:03:00,24.0
2025-06-12 20:56:00,53.1
2025-06-12 09:37:00,49.28634215500945
2025-06-12 16:40:00,2.8
2025-06-12 09:15:00,58.4
2025-06-12 10:47:00,92.2
2025-06-12 08:11:00,10.9
2025-06-12 11:26:00,67.2
2025-06-12 19:43:00,98.4
2025-06-12 17:17:00,42.6
2025-06-12 12:20:00,72.0
2025-06-12 08:00:00,77.9
2025-06-12 22:46:00,78.9
2025-06-12 23:59:00,16.0
2025-06-12 15:03:00,1.0
2025-06-12 01:39:00,49.28634215500945
2025-06-12 17:29:00,27.2
2025-06-12 04:27:00,13.7
2025-06-12 05:24:00,66.7
2025-06-12 02:40:00,42.4
2025-06-12 04:02:00,49.28634215500945
2025-06-12 19:00:00,52.9
2025-06-12 15:06:00,49.28634215500945
2025-06-12 05:58:00,49.28634215500945
2025-06-12 09:45:00,17.5
2025-06-12 10:45:00,49.28634215500945
2025-06-12 11:19:00,49.28634215500945
2025-06-12 19:17:00,24.3
2025-06-12 12:04:00,88.5
2025-06-12 08:39:00,50.6
2025-06-12 00:48:00,1.6
2025-06-12 03:38:00,80.4
2025-06-12 23:48:00,42.7
2025-06-12 16:18:00,40.3
2025-06-12 01:23:00,95.4
2025-06-12 07:14:00,30.2
2025-06-12 13:31:00,49.28634215500945
2025-06-12 18:59:00,52.1
2025-06-12 04:19:00,97.6
2025-06-12 00:55:00,92.0
2025-06-12 09:02:00,49.28634215500945
2025-06-12 23:03:00,38.6
2025-06-12 17:37:00,89.9
2025-06-12 13:17:00,41.9
2025-06-12 15:04:00,51.9
2025-06-12 15:45:00,41.7
2025-06-12 07:36:00,15.9
2025-06-12 18:44:00,6.4
2025-06-12 16:00:00,9.4
2025-06-12 17:20:00,33.8
2025-06-12 16:28:00,82.9
2025-06-12 09:50:00,35.0
2025-06-12 22:55:00,84.8
2025-06-12 15:02:00,49.28634215500945
2025-06-12 18:36:00,43.4
2025-06-12 18:53:00,12.1
2025-06-12 21:42:00,79.1
2025-06-12 19:11:00,9.9
2025-06-12 13:34:00,67.5
2025-06-12 05:25:00,60.0
2025-06-12 02:23:00,20.0
2025-06-12 13:04:00,72.2
2025-06-12 18:36:00,63.4
2025-06-12 07:53:00,49.28634215500945
2025-06-12 03:56:00,9.5
2025-06-12 03:47:00,24.3
2025-06-12 20:10:00,99.4
2025-06-12 08:53:00,50.1
2025-06-12 22:31:00,62.9
2025-06-12 18:17:00,96.2
2025-06-12 13:47:00,86.4
2025-06-12 02:43:00,49.28634215500945
2025-06-12 17:36:00,49.28634215500945
2025-06-12 12:07:00,35.1
2025-06-12 10:30:00,39.3
2025-06-12 22:12:00,16.8
2025-06-12 17:27:00,64.1
2025-06-12 23:14:00,81.2
2025-06-12 15:14:00,9.5
2025-06-12 23:11:00,49.28634215500945
2025-06-12 05:16:00,49.28634215500945
2025-06-12 03:58:00,49.28634215500945
2025-06-12 07:19:00,23.4
2025-06-12 21:19:00,38.9
2025-06-12 02:57:00,82.6
2025-06-12 14:01:00,20.0
2025-06-12 01:00:00,66.0
2025-06-12 17:47:00,49.28634215500945
2025-06-12 00:11:00,94.6
2025-06-12 21:16:00,12.6
2025-06-12 13:41:00,65.4
2025-06-12 22:18:00,57.6
2025-06-12 14:10:00,99.6
2025-06-12 07:27:00,31.1
2025-06-12 01:29:00,49.28634215500945
2025-06-12 02:31:00,49.28634215500945
2025-06-12 19:25:00,49.28634215500945
2025-06-12 15:32:00,49.28634215500945
2025-06-12 02:11:00,27.5
2025-06-12 07:19:00,5.2
2025-06-12 11:12:00,43.0
2025-06-12 06:11:00,34.4
2025-06-12 18:20:00,69.5
2025-06-12 04:31:00,60.6
2025-06-12 04:01:00,8.5
2025-06-12 06:43:00,49.28634215500945
2025-06-12 19:35:00,96.4
2025-06-12 10:56:00,92.6
2025-06-12 11:58:00,59.1
2025-06-12 23:10:00,99.1
2025-06-12 23:29:00,15.3
2025-06-12 23:49:00,39.7
2025-06-12 15:39:00,16.8
2025-06-12 02:46:00,88.7
2025-06-12 17:18:00,49.28634215500945
2025-06-12 17:34:00,70.9
2025-06-12 19:32:00,6.6
2025-06-12 14:02:00,0.3
2025-06-12 09:15:00,31.3
2025-06-12 17:55:00,49.28634215500945
2025-06-12 05:40:00,7.8
2025-06-12 00:05:00,44.6
2025-06-12 08:51:00,31.2
2025-06-12 22:10:00,86.0
2025-06-12 21:27:00,18.4
2025-06-12 00:58:00,18.1
2025-06-12 13:56:00,53.9
2025-06-12 01:48:00,88.4
2025-06-12 06:32:00,74.8
2025-06-12 06:42:00,43.7
2025-06-12 01:19:00,72.4
2025-06-12 14:37:00,49.28634215500945
2025-06-12 05:44:00,34.2
2025-06-12 17:29:00,78.9
2025-06-12 22:25:00,43.5
2025-06-12 03:15:00,28.7
2025-06-12 02:20:00,49.28634215500945
2025-06-12 09:11:00,25.1
2025-06-12 20:17:00,72.4
2025-06-12 01:15:00,29.8
2025-06-12 14:28:00,49.28634215500945
2025-06-12 15:09:00,9.5
2025-06-12 04:06:00,65.6
2025-06-12 10:33:00,75.8
2025-06-12 15:42:00,68.3
2025-06-12 12:50:00,6.9
2025-06-12 06:01:00,49.28634215500945
2025-06-12 22:37:00,78.7
2025-06-12 05:39:00,37.2
2025-06-12 01:37:00,93.3
2025-06-12 03:04:00,44.8
2025-06-12 14:11:00,49.28634215500945
2025-06-12 01:31:00,71.5
2025-06-12 02:02:00,58.1
2025-06-12 20:04:00,49.28634215500945
2025-06-12 18:59:00,83.1
2025-06-12 03:39:00,44.6
2025-06-12 00:14:00,48.5
2025-06-12 14:46:00,75.8
2025-06-12 21:46:00,44.3
2025-06-12 09:34:00,42.1
2025-06-12 08:39:00,18.5
2025-06-12 05:37:00,49.28634215500945
2025-06-12 13:09:00,30.2
2025-06-12 04:53:00,97.0
2025-06-12 09:14:00,24.1
2025-06-12 11:13:00,95.6
2025-06-12 04:38:00,60.1
2025-06-12 06:21:00,4.4
2025-06-12 16:48:00,2.4
2025-06-12 09:33:00,72.5
2025-06-12 04:39:00,26.4
2025-06-12 20:06:00,49.28634215500945
2025-06-12 15:42:00,82.2
2025-06-12 03:54:00,49.28634215500945
2025-06-12 15:08:00,4.2
2025-06-12 20:57:00,3.8
2025-06-12 17:16:00,36.9
2025-06-12 05:33:00,78.0
2025-06-12 00:18:00,21.4
2025-06-12 16:22:00,75.0
2025-06-12 16:17:00,37.1
2025-06-12 03:42:00,58.6
2025-06-12 21:09:00,71.3
2025-06-12 07:31:00,80.8
2025-06-12 17:05:00,49.28634215500945
2025-06-12 16:53:00,6.9
2025-06-12 06:13:00,92.3
2025-06-12 22:59:00,13.4
2025-06-12 09:11:00,53.1
2025-06-12 03:59:00,49.28634215500945
2025-06-12 21:30:00,56.0
2025-06-12 11:41:00,40.8
2025-06-12 15:16:00,15.2
2025-06-12 12:00:00,50.6
2025-06-12 23:14:00,43.0
2025-06-12 08:25:00,39.4
2025-06-12 22:50:00,91.8
2025-06-12 06:52:00,20.6
2025-06-12 12:39:00,64.3
2025-06-12 21:07:00,34.4
2025-06-12 06:44:00,42.3
2025-06-12 08:35:00,17.0
2025-06-12 06:49:00,81.5
2025-06-12 23:57:00,46.8
2025-06-12 19:46:00,49.28634215500945
2025-06-12 04:04:00,49.28634215500945
2025-06-12 13:37:00,49.28634215500945
2025-06-12 20:26:00,18.4
2025-06-12 05:07:00,51.3
2025-06-12 11:49:00,25.4
2025-06-12 19:42:00,79.3
2025-06-12 16:46:00,47.9
2025-06-12 23:04:00,13.7
2025-06-12 11:10:00,49.28634215500945
2025-06-12 17:44:00,33.7
2025-06-12 17:53:00,90.6
2025-06-12 06:57:00,49.28634215500945
2025-06-12 12:54:00,51.5
2025-06-12 14:54:00,28.4
2025-06-12 11:35:00,93.8
2025-06-12 13:31:00,65.4
2025-06-12 20:17:00,49.28634215500945
2025-06-12 00:21:00,70.2
2025-06-12 14:39:00,49.28634215500945
2025-06-12 14:58:00,26.7
2025-06-12 02:09:00,19.0
2025-06-12 23:35:00,29.8
2025-06-12 17:18:00,49.28634215500945
2025-06-12 00:40:00,51.7
2025-06-12 08:30:00,49.28634215500945
2025-06-12 10:56:00,1.8
2025-06-12 18:02:00,98.1
2025-06-12 06:49:00,57.1
2025-06-12 04:44:00,49.28634215500945
2025-06-12 22:57:00,99.3
2025-06-12 02:53:00,73.4
2025-06-12 23:25:00,20.5
2025-06-12 13:43:00,49.28634215500945
2025-06-12 01:17:00,61.3
2025-06-12 15:55:00,5.7
2025-06-12 17:44:00,45.7
2025-06-12 08:46:00,49.28634215500945
2025-06-12 08:52:00,38.5
2025-06-12 15:15:00,97.5
2025-06-12 09:11:00,35.4
2025-06-12 19:01:00,85.2
2025-06-12 15:37:00,72.4
2025-06-12 11:08:00,49.28634215500945
2025-06-12 21:04:00,59.8
2025-06-12 20:33:00,13.5
2025-06-12 06:40:00,45.4
2025-06-12 19:11:00,41.2
2025-06-12 07:23:00,37.4
2025-06-12 00:30:00,32.7
2025-06-12 10:06:00,51.8
2025-06-12 16:10:00,28.0
2025-06-12 10:22:00,42.3
2025-06-12 08:21:00,41.8
2025-06-12 07:56:00,50.0812925170068
2025-06-12 17:21:00,1.6
2025-06-12 16:36:00,26.8
2025-06-12 21:16:00,81.7
2025-06-12 10:39:00,27.3
2025-06-12 19:55:00,91.7
2025-06-12 00:02:00,69.0
2025-06-12 21:14:00,71.0
2025-06-12 04:16:00,64.0
2025-06-12 12:31:00,99.5
2025-06-12 06:51:00,16.5
2025-06-12 02:57:00,58.1
2025-06-12 08:22:00,12.1
2025-06-12 03:21:00,52.3
2025-06-12 16:47:00,5.0
2025-06-12 02:37:00,64.5
2025-06-12 15:50:00,94.5
2025-06-12 11:55:00,70.1
2025-06-12 03:30:00,96.1
2025-06-12 09:16:00,34.0
2025-06-12 23:47:00,50.0812925170068
2025-06-12 13:42:00,94.7
2025-06-12 04:21:00,26.8
2025-06-12 03:43:00,3.6
2025-06-12 09:04:00,77.5
2025-06-12 20:47:00,55.8
2025-06-12 01:33:00,67.9
2025-06-12 01:51:00,94.2
2025-06-12 06:43:00,4.1
2025-06-12 08:53:00,68.1
2025-06-12 08:16:00,7.6
2025-06-12 20:43:00,3.4
2025-06-12 15:25:00,98.0
2025-06-12 05:30:00,50.0812925170068
2025-06-12 22:57:00,77.6
2025-06-12 17:14:00,21.7
2025-06-12 17:09:00,49.3
2025-06-12 21:29:00,60.4
2025-06-12 19:01:00,39.9
2025-06-12 22:04:00,8.9
2025-06-12 21:59:00,77.8
2025-06-12 17:02:00,50.0812925170068
2025-06-12 19:14:00,75.3
2025-06-12 17:55:00,50.0812925170068
2025-06-12 13:25:00,3.3
2025-06-12 08:29:00,28.0
2025-06-12 09:17:00,81.7
2025-06-12 13:02:00,69.9
2025-06-12 00:57:00,61.8
2025-06-12 13:45:00,84.0
2025-06-12 00:12:00,93.3
2025-06-12 22:08:00,99.2
2025-06-12 05:21:00,72.0
2025-06-12 02:25:00,52.1
2025-06-12 17:04:00,11.1
2025-06-12 01:34:00,46.8
2025-06-12 12:03:00,67.4
2025-06-12 02:50:00,50.0812925170068
2025-06-12 10:27:00,77.4
2025-06-12 18:42:00,77.0
2025-06-12 06:18:00,66.3
2025-06-12 23:25:00,38.7
2025-06-12 20:43:00,36.6
2025-06-12 16:56:00,4.9
2025-06-12 22:49:00,5.6
2025-06-12 02:45:00,50.0812925170068
2025-06-12 00:26:00,50.0812925170068
2025-06-12 10:22:00,39.2
2025-06-12 06:18:00,41.9
2025-06-12 09:43:00,5.5
2025-06-12 20:31:00,37.4
2025-06-12 19:55:00,96.9
2025-06-12 20:21:00,12.7
2025-06-12 02:28:00,72.2
2025-06-12 16:33:00,89.4
2025-06-12 03:10:00,67.3
2025-06-12 22:59:00,5.4
2025-06-12 23:07:00,71.5
2025-06-12 19:04:00,77.6
2025-06-12 20:59:00,35.2
2025-06-12 23:25:00,25.3
2025-06-12 01:50:00,50.0812925170068
2025-06-12 03:10:00,75.7
2025-06-12 20:04:00,13.8
2025-06-12 12:20:00,23.4
2025-06-12 03:23:00,38.3
2025-06-12 04:26:00,64.1
2025-06-12 19:36:00,58.1
2025-06-12 17:54:00,35.7
2025-06-12 04:13:00,69.5
2025-06-12 10:47:00,50.0812925170068
2025-06-12 22:01:00,96.3
2025-06-12 03:43:00,50.0812925170068
2025-06-12 06:56:00,62.1
2025-06-12 22:20:00,28.6
2025-06-12 17:27:00,0.5
2025-06-12 04:05:00,56.7
2025-06-12 11:47:00,84.2
2025-06-12 11:50:00,50.0812925170068
2025-06-12 04:06:00,61.6
2025-06-12 11:51:00,57.3
2025-06-12 07:59:00,72.1
2025-06-12 04:19:00,33.6
2025-06-12 12:59:00,39.5
2025-06-12 22:23:00,88.2
2025-06-12 17:10:00,46.8
2025-06-12 07:29:00,6.2
2025-06-12 08:08:00,93.0
2025-06-12 18:16:00,69.0
2025-06-12 02:10:00,71.5
2025-06-12 22:53:00,50.0812925170068
2025-06-12 08:16:00,89.1
2025-06-12 05:53:00,82.3
2025-06-12 21:12:00,33.8
2025-06-12 11:53:00,91.5
2025-06-12 19:40:00,97.6
2025-06-12 08:20:00,40.0
2025-06-12 21:56:00,59.8
2025-06-12 12:01:00,92.0
2025-06-12 21:07:00,35.5
2025-06-12 23:27:00,44.9
2025-06-12 11:58:00,16.3
2025-06-12 08:28:00,81.7
2025-06-12 20:20:00,80.5
2025-06-12 22:52:00,93.2
2025-06-12 19:32:00,20.7
2025-06-12 03:04:00,32.4
2025-06-12 15:02:00,91.5
2025-06-12 09:14:00,26.6
2025-06-12 05:39:00,45.9
2025-06-12 04:09:00,69.4
2025-06-12 14:22:00,76.9
2025-06-12 08:40:00,61.9
2025-06-12 18:03:00,5.7
2025-06-12 15:50:00,50.0812925170068
2025-06-12 21:23:00,58.6
2025-06-12 10:36:00,26.6
2025-06-12 09:58:00,12.4
2025-06-12 16:01:00,81.3
2025-06-12 15:21:00,20.8
2025-06-12 22:13:00,22.7
2025-06-12 11:06:00,60.7
2025-06-12 23:33:00,50.0812925170068
2025-06-12 09:29:00,7.6
2025-06-12 01:20:00,12.4
2025-06-12 04:17:00,53.2
2025-06-12 20:31:00,2.1
2025-06-12 14:17:00,8.0
2025-06-12 07:09:00,30.8
2025-06-12 13:35:00,36.8
2025-06-12 13:22:00,81.7
2025-06-12 15:55:00,28.8
2025-06-12 10:23:00,8.2
2025-06-12 21:03:00,76.8
2025-06-12 22:37:00,28.9
2025-06-12 01:00:00,8.8
2025-06-12 07:35:00,23.5
2025-06-12 01:52:00,82.8
2025-06-12 03:32:00,81.9
2025-06-12 05:45:00,32.7
2025-06-12 23:58:00,22.1
2025-06-12 11:45:00,6.2
2025-06-12 21:20:00,82.0
2025-06-12 16:10:00,55.8
2025-06-12 19:09:00,75.2
2025-06-12 20:19:00,44.2
2025-06-12 12:31:00,44.7
2025-06-12 02:13:00,55.9
2025-06-12 04:58:00,64.8
2025-06-12 13:58:00,60.6
2025-06-12 14:31:00,53.5
2025-06-12 16:26:00,46.6
2025-06-12 04:21:00,85.0
2025-06-12 10:00:00,41.2
2025-06-12 03:02:00,65.5
2025-06-12 13:02:00,96.1
2025-06-12 01:46:00,50.0812925170068
2025-06-12 12:50:00,62.2
2025-06-12 05:13:00,17.9
2025-06-12 06:59:00,53.8
2025-06-12 08:39:00,11.5
2025-06-12 14:04:00,66.1
2025-06-12 21:28:00,50.0812925170068
2025-06-12 17:09:00,33.0
2025-06-12 09:12:00,57.7
2025-06-12 16:46:00,28.5
2025-06-12 20:18:00,30.8
2025-06-12 18:42:00,58.6
2025-06-12 09:51:00,36.4
2025-06-12 03:25:00,82.3
2025-06-12 01:00:00,42.9
2025-06-12 07:47:00,77.4
2025-06-12 11:34:00,67.7
2025-06-12 23:35:00,43.2
2025-06-12 03:29:00,2.3
2025-06-12 14:55:00,15.2
2025-06-12 11:58:00,62.3
2025-06-12 07:01:00,97.1
2025-06-12 03:55:00,45.7
2025-06-12 00:52:00,50.0812925170068
2025-06-12 08:14:00,91.0
2025-06-12 15:59:00,50.0812925170068
2025-06-12 10:45:00,26.7
2025-06-12 04:41:00,30.8
2025-06-12 19:11:00,8.9
2025-06-12 15:42:00,4.4
2025-06-12 16:11:00,4.3
2025-06-12 05:04:00,71.0
2025-06-12 00:44:00,50.0812925170068
2025-06-12 01:09:00,50.0812925170068
2025-06-12 14:00:00,14.9
2025-06-12 08:44:00,0.4
2025-06-12 07:47:00,92.2
2025-06-12 03:25:00,50.0812925170068
2025-06-12 19:31:00,6.2
2025-06-12 23:37:00,53.4
2025-06-12 08:19:00,50.0812925170068
2025-06-12 14:29:00,5.7
2025-06-12 01:28:00,73.6
2025-06-12 12:16:00,24.7
2025-06-12 13:53:00,16.5
2025-06-12 15:36:00,63.7
2025-06-12 17:12:00,47.1
2025-06-12 03:43:00,17.5
2025-06-12 00:59:00,81.8
2025-06-12 16:06:00,62.7
2025-06-12 12:56:00,29.9
2025-06-12 09:43:00,38.1
2025-06-12 21:30:00,51.0
2025-06-12 19:18:00,50.0812925170068
2025-06-12 02:11:00,31.5
2025-06-12 07:27:00,43.8
2025-06-12 03:30:00,70.1
2025-06-12 14:13:00,19.2
2025-06-12 20:09:00,91.5
2025-06-12 14:13:00,53.6
2025-06-12 23:35:00,50.0812925170068
2025-06-12 19:48:00,17.6
2025-06-12 22:12:00,67.4
2025-06-12 19:36:00,47.5
2025-06-12 08:01:00,33.6
2025-06-12 05:08:00,20.8
2025-06-12 00:09:00,34.2
2025-06-12 03:44:00,32.0
2025-06-12 08:11:00,51.8
2025-06-12 13:55:00,14.7
2025-06-12 03:24:00,28.1
2025-06-12 04:01:00,3.6
2025-06-12 15:28:00,39.3
2025-06-12 01:48:00,93.8
2025-06-12 00:57:00,50.0812925170068
2025-06-12 08:54:00,64.8
2025-06-12 20:42:00,50.0812925170068
2025-06-12 08:06:00,2.5
2025-06-12 13:24:00,41.3
2025-06-12 23:05:00,50.0812925170068
2025-06-12 22:02:00,49.0
2025-06-12 21:20:00,2.1
2025-06-12 22:46:00,3.6
2025-06-12 06:26:00,1.1
2025-06-12 11:51:00,26.2
2025-06-12 18:18:00,50.6
2025-06-12 10:29:00,34.0
2025-06-12 23:11:00,68.2
2025-06-12 18:18:00,49.9
2025-06-12 22:53:00,50.0812925170068
2025-06-12 04:01:00,80.9
2025-06-12 14:09:00,73.4
2025-06-12 12:34:00,49.7
2025-06-12 02:13:00,10.8
2025-06-12 08:29:00,87.0
2025-06-12 20:31:00,50.2
2025-06-12 23:04:00,85.7
2025-06-12 08:09:00,44.5
2025-06-12 04:11:00,50.0812925170068
2025-06-12 16:07:00,91.7
2025-06-12 12:09:00,50.0812925170068
2025-06-12 18:31:00,9.2
2025-06-12 01:00:00,50.0812925170068
2025-06-12 03:01:00,50.0812925170068
2025-06-12 02:05:00,77.6
2025-06-12 07:25:00,50.0812925170068
2025-06-12 02:14:00,61.8
2025-06-12 10:48:00,21.9
2025-06-12 03:26:00,0.7
2025-06-12 22:02:00,55.0
2025-06-12 16:54:00,50.0812925170068
2025-06-12 18:51:00,50.0812925170068
2025-06-12 11:13:00,87.2
2025-06-12 14:56:00,24.1
2025-06-12 02:37:00,71.4
2025-06-12 04:33:00,17.8
2025-06-12 02:34:00,23.6
2025-06-12 09:55:00,20.5
2025-06-12 09:21:00,6.2
2025-06-12 11:31:00,69.6
2025-06-12 17:08:00,54.4
2025-06-12 07:14:00,50.0812925170068
2025-06-12 03:22:00,60.8
2025-06-12 15:29:00,50.0812925170068
2025-06-12 12:52:00,98.4
2025-06-12 15:46:00,70.1
2025-06-12 05:15:00,82.2
2025-06-12 04:44:00,50.0812925170068
2025-06-12 05:24:00,67.1
2025-06-12 04:00:00,86.2
2025-06-12 06:40:00,84.8
2025-06-12 10:43:00,97.1
2025-06-12 14:32:00,50.0812925170068
2025-06-12 04:25:00,88.3
2025-06-12 08:18:00,48.8
2025-06-12 10:00:00,34.1
2025-06-12 11:22:00,75.8
2025-06-12 23:47:00,71.0
2025-06-12 03:34:00,36.9
2025-06-12 03:55:00,37.7
2025-06-12 05:16:00,45.3
2025-06-12 11:26:00,41.4
2025-06-12 15:40:00,36.6
2025-06-12 22:06:00,1.3
2025-06-12 23:27:00,50.0812925170068
2025-06-12 09:47:00,51.1
2025-06-12 22:12:00,94.4
2025-06-12 16:48:00,49.0
2025-06-12 23:01:00,74.8
2025-06-12 23:31:00,50.0812925170068
2025-06-12 00:53:00,75.8
2025-06-12 13:22:00,45.6
2025-06-12 18:39:00,50.0812925170068
2025-06-12 04:44:00,77.2
2025-06-12 11:38:00,82.3
2025-06-12 15:35:00,39.6
2025-06-12 10:03:00,50.0812925170068
2025-06-12 13:47:00,65.8
2025-06-12 13:58:00,46.9
2025-06-12 22:44:00,96.1
2025-06-12 10:13:00,8.3
2025-06-12 22:22:00,84.3
2025-06-12 01:36:00,33.4
2025-06-12 04:06:00,23.9
2025-06-12 10:13:00,27.7
2025-06-12 22:22:00,5.5
2025-06-12 17:59:00,98.7
2025-06-12 00:00:00,80.2
2025-06-12 20:20:00,49.63695830886671
2025-06-12 03:34:00,59.3
2025-06-12 00:42:00,85.0
2025-06-12 23:39:00,66.8
2025-06-12 12:06:00,99.2
2025-06-12 08:38:00,71.8
2025-06-12 03:32:00,71.7
2025-06-12 18:06:00,68.9
2025-06-12 18:19:00,79.7
2025-06-12 02:12:00,49.63695830886671
2025-06-12 08:47:00,58.8
2025-06-12 18:11:00,12.1
2025-06-12 23:32:00,16.6
2025-06-12 16:29:00,57.0
2025-06-12 21:03:00,6.0
2025-06-12 10:28:00,49.63695830886671
2025-06-12 07:00:00,61.4
2025-06-12 19:16:00,38.4
2025-06-12 19:36:00,87.8
2025-06-12 14:37:00,92.1
2025-06-12 11:17:00,28.7
2025-06-12 20:01:00,49.63695830886671
2025-06-12 09:16:00,36.2
2025-06-12 19:54:00,17.0
2025-06-12 11:49:00,18.3
2025-06-12 12:52:00,1.5
2025-06-12 10:39:00,49.63695830886671
2025-06-12 05:59:00,40.3
2025-06-12 22:59:00,75.3
2025-06-12 09:17:00,75.7
2025-06-12 01:51:00,20.8
2025-06-12 19:38:00,94.2
2025-06-12 11:33:00,26.7
2025-06-12 23:55:00,30.8
2025-06-12 15:52:00,48.9
2025-06-12 05:56:00,23.0
2025-06-12 16:22:00,13.3
2025-06-12 01:47:00,58.6
2025-06-12 12:54:00,32.4
2025-06-12 14:12:00,55.5
2025-06-12 06:31:00,38.8
2025-06-12 13:32:00,69.6
2025-06-12 16:21:00,68.3
2025-06-12 08:10:00,83.2
2025-06-12 21:05:00,82.2
2025-06-12 11:36:00,39.5
2025-06-12 10:04:00,60.1
2025-06-12 01:26:00,32.7
2025-06-12 22:49:00,57.3
2025-06-12 14:40:00,86.2
2025-06-12 05:32:00,37.4
2025-06-12 13:49:00,40.2
2025-06-12 16:28:00,39.0
2025-06-12 05:37:00,46.1
2025-06-12 03:14:00,76.4
2025-06-12 13:22:00,44.9
2025-06-12 03:35:00,30.6
2025-06-12 01:19:00,30.5
2025-06-12 22:35:00,38.8
2025-06-12 12:54:00,32.8
2025-06-12 23:29:00,57.6
2025-06-12 13:50:00,18.6
2025-06-12 08:42:00,82.5
2025-06-12 07:50:00,72.7
2025-06-12 09:51:00,32.6
2025-06-12 02:05:00,84.4
2025-06-12 18:38:00,30.4
2025-06-12 00:11:00,72.1
2025-06-12 22:09:00,81.4
2025-06-12 11:46:00,68.5
2025-06-12 07:29:00,72.0
2025-06-12 05:38:00,19.7
2025-06-12 10:23:00,35.9
2025-06-12 11:20:00,36.1
2025-06-12 17:46:00,73.8
2025-06-12 17:38:00,50.3
2025-06-12 06:34:00,69.7
2025-06-12 08:22:00,86.0
2025-06-12 12:24:00,55.2
2025-06-12 07:39:00,0.9
2025-06-12 01:52:00,57.0
2025-06-12 00:14:00,1.5
2025-06-12 04:46:00,49.63695830886671
2025-06-12 22:11:00,49.63695830886671
2025-06-12 04:45:00,83.6
2025-06-12 19:46:00,49.63695830886671
2025-06-12 21:32:00,15.6
2025-06-12 05:24:00,47.4
2025-06-12 02:25:00,25.9
2025-06-12 10:14:00,33.7
2025-06-12 21:35:00,13.7
2025-06-12 07:43:00,67.5
2025-06-12 17:06:00,68.0
2025-06-12 10:07:00,80.2
2025-06-12 03:28:00,49.63695830886671
2025-06-12 08:49:00,21.3
2025-06-12 16:29:00,72.2
2025-06-12 08:02:00,54.2
2025-06-12 07:42:00,15.5
2025-06-12 20:53:00,48.1
2025-06-12 13:17:00,13.4
2025-06-12 08:38:00,34.6
2025-06-12 23:54:00,94.2
2025-06-12 03:49:00,66.8
2025-06-12 19:34:00,33.8
2025-06-12 01:40:00,8.0
2025-06-12 07:36:00,98.6
2025-06-12 23:14:00,49.63695830886671
2025-06-12 13:18:00,62.2
2025-06-12 20:33:00,85.0
2025-06-12 10:59:00,49.63695830886671
2025-06-12 06:06:00,89.3
2025-06-12 06:47:00,12.6
2025-06-12 05:44:00,36.2
2025-06-12 10:23:00,29.4
2025-06-12 03:44:00,49.2
2025-06-12 07:09:00,59.6
2025-06-12 06:01:00,1.4
2025-06-12 13:27:00,22.6
2025-06-12 20:28:00,50.7
2025-06-12 13:49:00,84.1
2025-06-12 01:17:00,67.7
2025-06-12 18:51:00,91.2
2025-06-12 13:47:00,49.63695830886671
2025-06-12 16:14:00,94.6
2025-06-12 17:53:00,50.1
2025-06-12 17:07:00,5.9
2025-06-12 09:14:00,28.1
2025-06-12 10:24:00,29.9
2025-06-12 08:46:00,72.3
2025-06-12 09:06:00,20.2
2025-06-12 22:12:00,82.4
2025-06-12 23:43:00,24.1
2025-06-12 09:41:00,34.0
2025-06-12 10:52:00,23.7
2025-06-12 00:05:00,10.7
2025-06-12 04:24:00,49.63695830886671
2025-06-12 00:27:00,88.5
2025-06-12 00:21:00,98.1
2025-06-12 10:45:00,2.2
2025-06-12 20:53:00,3.3
2025-06-12 02:27:00,49.63695830886671
2025-06-12 17:56:00,78.2
2025-06-12 13:48:00,86.0
2025-06-12 00:47:00,45.2
2025-06-12 06:54:00,59.7
2025-06-12 11:08:00,83.0
2025-06-12 06:35:00,73.9
2025-06-12 17:38:00,50.7
2025-06-12 20:24:00,3.6
2025-06-12 03:56:00,25.9
2025-06-12 02:00:00,86.6
2025-06-12 12:37:00,49.63695830886671
2025-06-12 08:32:00,27.9
2025-06-12 08:15:00,49.63695830886671
2025-06-12 18:50:00,7.1
2025-06-12 18:12:00,87.0
2025-06-12 08:41:00,38.1
2025-06-12 08:55:00,12.7
2025-06-12 07:52:00,1.9
2025-06-12 21:03:00,26.0
2025-06-12 05:04:00,5.5
2025-06-12 09:39:00,61.9
2025-06-12 17:09:00,79.6
2025-06-12 16:14:00,37.9
2025-06-12 01:44:00,49.63695830886671
2025-06-12 04:45:00,60.3
2025-06-12 18:12:00,39.1
2025-06-12 16:54:00,96.3
2025-06-12 01:56:00,49.63695830886671
2025-06-12 18:09:00,33.7
2025-06-12 10:19:00,73.8
2025-06-12 00:14:00,67.4
2025-06-12 05:07:00,64.8
2025-06-12 23:32:00,90.5
2025-06-12 15:55:00,56.1
2025-06-12 13:19:00,4.4
2025-06-12 07:44:00,84.0
2025-06-12 18:55:00,26.0
2025-06-12 11:49:00,85.8
2025-06-12 20:07:00,21.8
2025-06-12 02:26:00,49.63695830886671
2025-06-12 16:34:00,75.7
2025-06-12 11:00:00,91.7
2025-06-12 00:49:00,49.63695830886671
2025-06-12 18:15:00,49.63695830886671
2025-06-12 19:05:00,87.6
2025-06-12 10:26:00,49.63695830886671
2025-06-12 11:37:00,7.2
2025-06-12 19:54:00,49.63695830886671
2025-06-12 01:34:00,99.1
2025-06-12 06:18:00,92.7
2025-06-12 12:15:00,8.0
2025-06-12 05:51:00,52.4
2025-06-12 09:17:00,93.7
2025-06-12 05:47:00,21.3
2025-06-12 05:24:00,51.4
2025-06-12 06:32:00,26.3
2025-06-12 12:31:00,88.4
2025-06-12 10:07:00,45.9
2025-06-12 07:29:00,50.0
2025-06-12 11:05:00,56.6
2025-06-12 23:41:00,88.6
2025-06-12 05:04:00,51.3
2025-06-12 16:15:00,49.63695830886671
2025-06-12 08:23:00,13.4
2025-06-12 05:33:00,37.4
2025-06-12 18:13:00,93.2
2025-06-12 08:44:00,65.1
2025-06-12 07:51:00,97.9
2025-06-12 00:58:00,6.8
2025-06-12 07:16:00,28.4
2025-06-12 04:43:00,49.63695830886671
2025-06-12 20:23:00,16.4
2025-06-12 12:23:00,55.8
2025-06-12 09:00:00,48.1
2025-06-12 21:46:00,91.9
2025-06-12 11:48:00,92.6
2025-06-12 18:21:00,28.9
2025-06-12 14:36:00,96.0
2025-06-12 14:22:00,68.9
2025-06-12 13:29:00,12.5
2025-06-12 17:11:00,49.63695830886671
2025-06-12 18:30:00,4.7
2025-06-12 01:27:00,81.7
2025-06-12 17:51:00,46.1
2025-06-12 21:30:00,60.1
2025-06-12 16:19:00,44.7
2025-06-12 02:07:00,43.6
2025-06-12 23:47:00,78.5
2025-06-12 10:13:00,38.0
2025-06-12 02:47:00,80.6
2025-06-12 19:19:00,35.2
2025-06-12 21:04:00,0.2
2025-06-12 03:13:00,41.4
2025-06-12 15:14:00,53.6
2025-06-12 20:07:00,65.1
2025-06-12 11:42:00,78.7
2025-06-12 02:06:00,22.9
2025-06-12 18:51:00,97.8
2025-06-12 12:04:00,60.6
2025-06-12 08:13:00,49.1
2025-06-12 02:37:00,44.7
2025-06-12 16:24:00,39.5
2025-06-12 07:36:00,67.3
2025-06-12 21:23:00,95.3
2025-06-12 00:15:00,58.2
2025-06-12 17:57:00,33.5
2025-06-12 16:31:00,10.5
2025-06-12 06:10:00,94.9
2025-06-12 10:06:00,49.63695830886671
2025-06-12 16:27:00,43.5
2025-06-12 06:47:00,49.63695830886671
2025-06-12 15:38:00,47.3
2025-06-12 23:30:00,4.7
2025-06-12 11:39:00,49.63695830886671
2025-06-12 15:52:00,74.9
2025-06-12 04:54:00,31.0
2025-06-12 00:59:00,54.1
2025-06-12 23:15:00,65.2
2025-06-12 10:57:00,88.0
2025-06-12 23:57:00,49.63695830886671
2025-06-12 14:13:00,49.63695830886671
2025-06-12 12:56:00,60.5
2025-06-12 02:41:00,49.63695830886671
2025-06-12 05:28:00,49.63695830886671
2025-06-12 13:05:00,17.6
2025-06-12 23:07:00,58.0
2025-06-12 12:51:00,47.5
2025-06-12 21:58:00,80.1
2025-06-12 01:58:00,32.4
2025-06-12 14:13:00,62.8
2025-06-12 22:21:00,45.1
2025-06-12 02:20:00,69.2
2025-06-12 02:19:00,21.3
2025-06-12 17:56:00,30.9
2025-06-12 23:55:00,59.6
2025-06-12 07:49:00,91.4
2025-06-12 00:18:00,68.1
2025-06-12 14:07:00,72.7
2025-06-12 16:21:00,49.63695830886671
2025-06-12 20:46:00,10.9
2025-06-12 07:46:00,27.2
2025-06-12 10:33:00,49.63695830886671
2025-06-12 22:08:00,4.1
2025-06-12 18:53:00,86.1
2025-06-12 07:17:00,20.7
2025-06-12 19:28:00,10.5
2025-06-12 19:21:00,68.8
2025-06-12 19:45:00,80.9
2025-06-12 16:51:00,70.0
2025-06-12 10:44:00,49.63695830886671
2025-06-12 08:43:00,52.5
2025-06-12 23:40:00,20.4
2025-06-12 01:25:00,87.4
2025-06-12 19:08:00,49.63695830886671
2025-06-12 12:12:00,19.1
2025-06-12 17:54:00,14.5
2025-06-12 11:59:00,90.3
2025-06-12 12:53:00,49.63695830886671
2025-06-12 20:28:00,5.5
2025-06-12 13:02:00,6.4
2025-06-12 00:10:00,49.63695830886671
2025-06-12 03:26:00,23.7
2025-06-12 07:25:00,49.63695830886671
2025-06-12 10:36:00,66.0
2025-06-12 10:20:00,41.6
2025-06-12 10:20:00,51.6
2025-06-12 07:23:00,12.2
2025-06-12 18:35:00,63.5
2025-06-12 22:01:00,75.3
2025-06-12 10:09:00,9.5
2025-06-12 15:41:00,87.9
2025-06-12 09:23:00,94.4
2025-06-12 17:02:00,79.7
2025-06-12 10:01:00,49.63695830886671
2025-06-12 12:40:00,80.2
2025-06-12 11:03:00,80.6
2025-06-12 00:21:00,49.63695830886671
2025-06-12 19:20:00,75.6
2025-06-12 04:55:00,75.2
2025-06-12 02:35:00,29.6
2025-06-12 16:39:00,88.1
2025-06-12 06:10:00,75.1
2025-06-12 09:02:00,40.5
2025-06-12 18:53:00,41.2
2025-06-12 14:42:00,47.3
2025-06-12 22:24:00,81.7
2025-06-12 21:42:00,49.63695830886671
2025-06-12 03:32:00,9.6
2025-06-12 11:39:00,83.7
2025-06-12 08:00:00,56.7
2025-06-12 13:54:00,61.9
2025-06-12 07:27:00,94.4
2025-06-12 08:39:00,47.7
2025-06-12 18:42:00,99.0
2025-06-12 04:58:00,49.63695830886671
2025-06-12 11:18:00,4.9
2025-06-12 10:32:00,22.2
2025-06-12 10:18:00,83.8
2025-06-12 09:39:00,56.9
2025-06-12 18:45:00,84.2
2025-06-12 22:05:00,16.8
2025-06-12 14:13:00,83.2
2025-06-12 06:58:00,49.63695830886671
2025-06-12 11:16:00,60.1
2025-06-12 02:25:00,11.7
2025-06-12 07:48:00,61.9
2025-06-12 13:46:00,30.6
2025-06-12 09:02:00,2.5
2025-06-12 09:58:00,1.1
2025-06-12 17:34:00,38.9
2025-06-12 20:31:00,49.63695830886671
2025-06-12 09:22:00,89.7
2025-06-12 05:52:00,96.4
2025-06-12 18:29:00,47.4
2025-06-12 05:38:00,50.5
2025-06-12 23:34:00,78.6
2025-06-12 13:37:00,30.9
2025-06-12 01:40:00,45.2
2025-06-12 18:50:00,96.0
2025-06-12 15:59:00,67.0
2025-06-12 04:05:00,96.9
2025-06-12 21:51:00,58.2
2025-06-12 20:03:00,72.9
2025-06-12 01:23:00,58.2
2025-06-12 12:48:00,50.41405513666353
2025-06-12 17:38:00,12.5
2025-06-12 19:45:00,53.5
2025-06-12 10:55:00,38.2
2025-06-12 17:52:00,1.5
2025-06-12 06:29:00,47.1
2025-06-12 02:06:00,16.1
2025-06-12 21:26:00,15.4
2025-06-12 00:50:00,88.4
2025-06-12 08:39:00,95.1
2025-06-12 06:22:00,99.4
2025-06-12 06:05:00,50.41405513666353
2025-06-12 01:37:00,40.5
2025-06-12 03:30:00,76.5
2025-06-12 20:29:00,4.6
2025-06-12 01:34:00,15.7
2025-06-12 19:24:00,92.7
2025-06-12 08:12:00,97.5
2025-06-12 01:16:00,99.5
2025-06-12 09:50:00,11.5
2025-06-12 06:23:00,89.4
2025-06-12 13:16:00,47.4
2025-06-12 04:07:00,58.2
2025-06-12 20:29:00,50.41405513666353
2025-06-12 05:41:00,56.5
2025-06-12 21:54:00,42.8
2025-06-12 08:47:00,94.6
2025-06-12 21:47:00,95.6
2025-06-12 03:05:00,28.7
2025-06-12 21:27:00,39.6
2025-06-12 20:30:00,51.1
2025-06-12 10:06:00,9.4
2025-06-12 11:25:00,50.41405513666353
2025-06-12 16:26:00,93.5
2025-06-12 13:24:00,60.6
2025-06-12 20:42:00,51.7
2025-06-12 04:10:00,71.7
2025-06-12 16:16:00,81.0
2025-06-12 14:49:00,19.7
2025-06-12 21:39:00,84.2
2025-06-12 13:32:00,64.6
2025-06-12 15:55:00,66.9
2025-06-12 22:45:00,50.41405513666353
2025-06-12 17:07:00,50.41405513666353
2025-06-12 21:18:00,83.9
2025-06-12 13:01:00,44.3
2025-06-12 09:02:00,33.7
2025-06-12 08:50:00,50.41405513666353
2025-06-12 01:40:00,43.1
2025-06-12 17:15:00,63.7
2025-06-12 19:26:00,50.41405513666353
2025-06-12 11:19:00,85.7
2025-06-12 07:20:00,33.1
2025-06-12 11:51:00,50.41405513666353
2025-06-12 10:49:00,98.3
2025-06-12 23:09:00,8.0
2025-06-12 06:05:00,94.2
2025-06-12 05:45:00,50.41405513666353
2025-06-12 08:31:00,100.0
2025-06-12 20:41:00,51.2
2025-06-12 00:07:00,0.7
2025-06-12 15:13:00,99.2
2025-06-12 19:22:00,97.8
2025-06-12 18:24:00,27.6
2025-06-12 21:07:00,40.6
2025-06-12 08:04:00,16.1
2025-06-12 01:30:00,15.9
2025-06-12 22:59:00,44.0
2025-06-12 21:15:00,64.9
2025-06-12 04:05:00,58.4
2025-06-12 14:39:00,12.9
2025-06-12 19:47:00,51.4
2025-06-12 12:00:00,18.5
2025-06-12 02:49:00,27.7
2025-06-12 23:12:00,94.2
2025-06-12 14:47:00,83.1
2025-06-12 20:51:00,75.4
2025-06-12 01:56:00,13.9
2025-06-12 09:45:00,81.7
2025-06-12 01:40:00,53.5
2025-06-12 13:10:00,50.41405513666353
2025-06-12 13:17:00,45.7
2025-06-12 16:44:00,68.9
2025-06-12 17:58:00,31.7
2025-06-12 06:43:00,92.9
2025-06-12 07:39:00,60.3
2025-06-12 10:59:00,79.4
2025-06-12 08:11:00,30.1
2025-06-12 17:09:00,79.7
2025-06-12 22:29:00,62.9
2025-06-12 12:45:00,32.8
2025-06-12 15:46:00,50.41405513666353
2025-06-12 05:33:00,89.8
2025-06-12 15:17:00,71.9
2025-06-12 01:15:00,99.8
2025-06-12 06:49:00,4.8
2025-06-12 07:46:00,93.3
2025-06-12 18:10:00,88.6
2025-06-12 23:19:00,13.3
2025-06-12 17:01:00,23.8
2025-06-12 03:06:00,47.1
2025-06-12 06:42:00,48.9
2025-06-12 16:04:00,57.8
2025-06-12 17:56:00,4.2
2025-06-12 22:31:00,32.8
2025-06-12 17:34:00,84.0
2025-06-12 17:28:00,50.41405513666353
2025-06-12 05:00:00,49.5
2025-06-12 18:09:00,21.0
2025-06-12 09:00:00,80.3
2025-06-12 01:16:00,79.6
2025-06-12 08:15:00,15.8
2025-06-12 16:28:00,63.6
2025-06-12 03:59:00,50.41405513666353
2025-06-12 20:07:00,32.3
2025-06-12 04:46:00,7.9
2025-06-12 12:38:00,30.1
2025-06-12 20:12:00,70.6
2025-06-12 10:45:00,27.5
2025-06-12 08:47:00,90.9
2025-06-12 19:53:00,56.6
2025-06-12 12:21:00,70.9
2025-06-12 14:13:00,50.41405513666353
2025-06-12 07:57:00,5.6
2025-06-12 22:52:00,82.6
2025-06-12 14:08:00,56.0
2025-06-12 05:02:00,39.2
2025-06-12 13:02:00,7.3
2025-06-12 04:59:00,94.7
2025-06-12 18:48:00,1.6
2025-06-12 08:07:00,50.41405513666353
2025-06-12 09:20:00,68.0
2025-06-12 01:54:00,16.4
2025-06-12 10:39:00,6.8
2025-06-12 06:53:00,2.3
2025-06-12 11:59:00,52.0
2025-06-12 00:34:00,45.6
2025-06-12 00:20:00,22.1
2025-06-12 21:19:00,98.7
2025-06-12 16:15:00,96.7
2025-06-12 01:27:00,50.41405513666353
2025-06-12 17:26:00,12.1
2025-06-12 14:58:00,22.2
2025-06-12 08:57:00,83.7
2025-06-12 08:52:00,67.8
2025-06-12 01:02:00,68.0
2025-06-12 18:13:00,41.3
2025-06-12 08:47:00,29.0
2025-06-12 14:11:00,39.8
2025-06-12 00:19:00,44.8
2025-06-12 20:18:00,91.1
2025-06-12 08:34:00,40.4
2025-06-12 04:43:00,50.41405513666353
2025-06-12 04:40:00,5.2
2025-06-12 04:26:00,32.3
2025-06-12 22:48:00,50.41405513666353
2025-06-12 21:11:00,57.1
2025-06-12 12:17:00,42.8
2025-06-12 22:20:00,19.1
2025-06-12 22:23:00,30.2
2025-06-12 06:40:00,33.4
2025-06-12 12:57:00,39.6
2025-06-12 11:06:00,78.9
2025-06-12 01:49:00,20.1
2025-06-12 05:34:00,81.1
2025-06-12 17:01:00,64.4
2025-06-12 15:13:00,83.1
2025-06-12 16:22:00,34.4
2025-06-12 04:56:00,18.9
2025-06-12 23:20:00,34.5
2025-06-12 19:22:00,50.41405513666353
2025-06-12 23:16:00,58.0
2025-06-12 06:51:00,3.2
2025-06-12 08:57:00,65.2
2025-06-12 16:00:00,20.9
2025-06-12 10:23:00,3.2
2025-06-12 17:00:00,86.5
2025-06-12 20:11:00,90.5
2025-06-12 23:48:00,2.4
2025-06-12 01:51:00,17.6
2025-06-12 11:55:00,14.7
2025-06-12 23:39:00,3.2
2025-06-12 21:03:00,41.5
2025-06-12 18:47:00,12.8
2025-06-12 11:07:00,51.2
2025-06-12 21:10:00,2.0
2025-06-12 03:46:00,23.2
2025-06-12 11:32:00,68.2
2025-06-12 02:34:00,35.8
2025-06-12 07:49:00,47.9
2025-06-12 13:19:00,64.2
2025-06-12 11:07:00,44.8
2025-06-12 01:03:00,49.4
2025-06-12 13:54:00,94.9
2025-06-12 06:54:00,61.1
2025-06-12 17:03:00,81.7
2025-06-12 12:58:00,4.2
2025-06-12 20:17:00,62.8
2025-06-12 07:38:00,31.6
2025-06-12 06:44:00,24.8
2025-06-12 09:54:00,81.2
2025-06-12 11:24:00,14.9
2025-06-12 10:43:00,25.5
2025-06-12 10:39:00,58.5
2025-06-12 17:35:00,50.41405513666353
2025-06-12 07:11:00,50.41405513666353
2025-06-12 17:21:00,27.4
2025-06-12 01:44:00,47.8
2025-06-12 09:39:00,63.2
2025-06-12 20:08:00,14.9
2025-06-12 16:38:00,13.3
2025-06-12 08:54:00,88.6
2025-06-12 21:19:00,11.5
2025-06-12 15:35:00,47.7
2025-06-12 16:25:00,8.6
2025-06-12 02:05:00,74.9
2025-06-12 05:42:00,35.2
2025-06-12 22:45:00,51.1
2025-06-12 06:54:00,50.41405513666353
2025-06-12 06:59:00,50.41405513666353
2025-06-12 13:08:00,46.2
2025-06-12 23:14:00,43.7
2025-06-12 01:53:00,24.6
2025-06-12 22:09:00,64.0
2025-06-12 06:57:00,86.5
2025-06-12 04:53:00,50.41405513666353
2025-06-12 07:16:00,70.8
2025-06-12 21:56:00,69.7
2025-06-12 06:58:00,27.1
2025-06-12 20:33:00,61.5
2025-06-12 18:54:00,77.5
2025-06-12 13:20:00,23.5
2025-06-12 20:23:00,44.5
2025-06-12 03:44:00,50.41405513666353
2025-06-12 04:22:00,76.8
2025-06-12 23:12:00,6.7
2025-06-12 23:43:00,5.6
2025-06-12 19:34:00,85.3
2025-06-12 18:38:00,46.4
2025-06-12 12:00:00,90.0
2025-06-12 12:50:00,66.7
2025-06-12 02:51:00,66.2
2025-06-12 05:48:00,7.6
2025-06-12 20:29:00,99.4
2025-06-12 20:46:00,20.1
2025-06-12 22:06:00,17.7
2025-06-12 03:36:00,84.0
2025-06-12 14:31:00,86.5
2025-06-12 02:21:00,50.41405513666353
2025-06-12 22:29:00,90.8
2025-06-12 15:08:00,70.5
2025-06-12 05:26:00,74.1
2025-06-12 15:27:00,90.6
2025-06-12 23:09:00,97.0
2025-06-12 00:25:00,0.4
2025-06-12 11:25:00,68.4
2025-06-12 00:05:00,33.5
2025-06-12 07:13:00,37.8
2025-06-12 22:21:00,84.3
2025-06-12 00:38:00,17.6
2025-06-12 02:43:00,29.8
2025-06-12 20:26:00,50.41405513666353
2025-06-12 04:05:00,50.41405513666353
2025-06-12 17:45:00,31.5
2025-06-12 21:05:00,67.5
2025-06-12 00:15:00,92.2
2025-06-12 12:58:00,59.2
2025-06-12 15:22:00,88.5
2025-06-12 06:16:00,49.2
2025-06-12 15:47:00,15.1
2025-06-12 11:25:00,22.5
2025-06-12 04:57:00,48.8
2025-06-12 13:46:00,53.9
2025-06-12 05:44:00,50.41405513666353
2025-06-12 07:18:00,50.41405513666353
2025-06-12 02:56:00,50.41405513666353
2025-06-12 14:47:00,56.2
2025-06-12 14:22:00,68.5
2025-06-12 04:01:00,50.41405513666353
2025-06-12 22:37:00,26.7
2025-06-12 15:09:00,38.7
2025-06-12 20:37:00,59.4
2025-06-12 11:42:00,87.1
2025-06-12 14:51:00,50.41405513666353
2025-06-12 23:35:00,25.5
2025-06-12 12:10:00,41.5
2025-06-12 07:02:00,12.6
2025-06-12 02:59:00,59.2
2025-06-12 15:02:00,72.5
2025-06-12 00:21:00,0.0
2025-06-12 13:06:00,77.1
2025-06-12 23:06:00,45.4
2025-06-12 07:13:00,70.3
2025-06-12 15:18:00,27.5
2025-06-12 00:33:00,30.5
2025-06-12 19:09:00,89.7
2025-06-12 13:37:00,54.0
2025-06-12 06:01:00,73.5
2025-06-12 01:40:00,88.0
2025-06-12 07:37:00,12.1
2025-06-12 01:23:00,77.9
2025-06-12 20:30:00,53.5
2025-06-12 22:50:00,3.3
2025-06-12 13:09:00,19.6
2025-06-12 02:17:00,94.8
2025-06-12 23:57:00,34.3
2025-06-12 06:40:00,35.0
2025-06-12 06:37:00,48.3
2025-06-12 22:42:00,74.7
2025-06-12 00:07:00,9.4
2025-06-12 17:37:00,79.8
2025-06-12 09:59:00,11.9
2025-06-12 12:23:00,96.2
2025-06-12 02:09:00,49.776157380139004
2025-06-12 00:24:00,8.4
2025-06-12 15:24:00,42.3
2025-06-12 01:11:00,6.2
2025-06-12 08:46:00,71.6
2025-06-12 07:13:00,43.7
2025-06-12 18:24:00,81.0
2025-06-12 14:10:00,47.0
2025-06-12 21:08:00,39.9
2025-06-12 07:03:00,14.3
2025-06-12 09:53:00,7.7
2025-06-12 21:58:00,67.5
2025-06-12 10:08:00,18.4
2025-06-12 09:01:00,46.7
2025-06-12 16:26:00,57.2
2025-06-12 09:31:00,27.5
2025-06-12 23:42:00,69.0
2025-06-12 03:30:00,43.6
2025-06-12 23:59:00,30.3
2025-06-12 13:16:00,25.4
2025-06-12 07:29:00,68.3
2025-06-12 22:14:00,49.776157380139004
2025-06-12 14:03:00,20.5
2025-06-12 02:01:00,56.2
2025-06-12 15:58:00,49.776157380139004
2025-06-12 13:21:00,26.8
2025-06-12 02:27:00,12.2
2025-06-12 19:32:00,13.6
2025-06-12 08:57:00,49.776157380139004
2025-06-12 02:27:00,34.9
2025-06-12 06:55:00,91.5
2025-06-12 03:04:00,2.0
2025-06-12 05:27:00,53.6
2025-06-12 14:15:00,49.776157380139004
2025-06-12 10:14:00,24.5
2025-06-12 14:01:00,89.8
2025-06-12 17:23:00,49.776157380139004
2025-06-12 09:31:00,93.4
2025-06-12 04:49:00,23.1
2025-06-12 21:09:00,70.8
2025-06-12 21:05:00,62.0
2025-06-12 14:34:00,44.4
2025-06-12 15:41:00,16.3
2025-06-12 13:52:00,78.6
2025-06-12 19:04:00,32.8
2025-06-12 15:01:00,41.9
2025-06-12 07:05:00,28.5
2025-06-12 00:46:00,49.776157380139004
2025-06-12 04:56:00,49.0
2025-06-12 12:16:00,45.0
2025-06-12 12:37:00,49.776157380139004
2025-06-12 13:28:00,44.2
2025-06-12 14:28:00,90.1
2025-06-12 04:37:00,66.8
2025-06-12 23:26:00,40.1
2025-06-12 10:03:00,49.776157380139004
2025-06-12 09:56:00,92.9
2025-06-12 13:31:00,9.0
2025-06-12 04:32:00,70.1
2025-06-12 23:18:00,43.2
2025-06-12 05:18:00,71.4
2025-06-12 07:50:00,95.4
2025-06-12 07:54:00,74.3
2025-06-12 00:17:00,28.7
2025-06-12 01:51:00,65.8
2025-06-12 17:55:00,56.7
2025-06-12 13:42:00,7.2
2025-06-12 13:04:00,59.7
2025-06-12 04:22:00,57.1
2025-06-12 07:50:00,22.7
2025-06-12 23:26:00,64.1
2025-06-12 12:18:00,45.2
2025-06-12 16:19:00,44.8
2025-06-12 18:37:00,29.5
2025-06-12 14:54:00,35.1
2025-06-12 20:31:00,87.7
2025-06-12 22:40:00,51.3
2025-06-12 10:43:00,99.5
2025-06-12 14:17:00,2.5
2025-06-12 12:33:00,90.9
2025-06-12 07:38:00,64.8
2025-06-12 23:43:00,25.6
2025-06-12 13:49:00,60.9
2025-06-12 15:35:00,49.776157380139004
2025-06-12 06:08:00,81.9
2025-06-12 01:35:00,49.776157380139004
2025-06-12 01:14:00,17.8
2025-06-12 08:45:00,47.4
2025-06-12 21:48:00,57.2
2025-06-12 07:28:00,88.3
2025-06-12 09:32:00,49.776157380139004
2025-06-12 18:30:00,49.776157380139004
2025-06-12 19:46:00,83.5
2025-06-12 21:35:00,34.0
2025-06-12 02:48:00,45.5
2025-06-12 09:27:00,34.9
2025-06-12 18:54:00,65.4
2025-06-12 08:00:00,70.3
2025-06-12 18:36:00,43.9
2025-06-12 20:23:00,19.8
2025-06-12 05:46:00,58.8
2025-06-12 04:41:00,34.3
2025-06-12 01:49:00,49.776157380139004
2025-06-12 23:18:00,74.1
2025-06-12 02:07:00,23.1
2025-06-12 03:48:00,97.5
2025-06-12 23:26:00,20.9
2025-06-12 11:21:00,22.0
2025-06-12 07:18:00,49.776157380139004
2025-06-12 12:28:00,62.7
2025-06-12 03:10:00,2.9
2025-06-12 23:19:00,72.6
2025-06-12 12:28:00,94.7
2025-06-12 18:04:00,63.0
2025-06-12 22:30:00,39.9
2025-06-12 09:53:00,63.8
2025-06-12 09:29:00,6.7
2025-06-12 06:15:00,0.5
2025-06-12 15:02:00,53.6
2025-06-12 03:20:00,79.8
2025-06-12 04:45:00,77.9
2025-06-12 17:31:00,50.8
2025-06-12 18:31:00,90.4
2025-06-12 17:50:00,16.9
2025-06-12 03:17:00,44.7
2025-06-12 12:13:00,54.7
2025-06-12 19:16:00,95.5
2025-06-12 11:35:00,38.1
2025-06-12 22:40:00,60.1
2025-06-12 00:03:00,26.4
2025-06-12 06:35:00,87.0
2025-06-12 00:04:00,89.7
2025-06-12 17:05:00,32.9
2025-06-12 02:31:00,49.776157380139004
2025-06-12 01:17:00,21.2
2025-06-12 16:24:00,11.9
2025-06-12 18:54:00,70.2
2025-06-12 21:48:00,51.7
2025-06-12 04:19:00,16.4
2025-06-12 08:40:00,50.2
2025-06-12 13:08:00,70.6
2025-06-12 04:45:00,22.5
2025-06-12 01:33:00,40.5
2025-06-12 18:03:00,96.1
2025-06-12 21:21:00,14.0
2025-06-12 15:45:00,66.7
2025-06-12 17:04:00,59.7
2025-06-12 16:39:00,44.5
2025-06-12 07:39:00,49.776157380139004
2025-06-12 04:30:00,85.1
2025-06-12 04:52:00,48.8
2025-06-12 07:38:00,11.3
2025-06-12 21:18:00,29.3
2025-06-12 09:49:00,11.5
2025-06-12 07:03:00,23.8
2025-06-12 17:46:00,58.0
2025-06-12 08:31:00,91.2
2025-06-12 13:19:00,91.0
2025-06-12 21:02:00,96.4
2025-06-12 15:28:00,4.4
2025-06-12 20:08:00,61.8
2025-06-12 17:11:00,91.8
2025-06-12 10:53:00,30.5
2025-06-12 15:32:00,49.776157380139004
2025-06-12 23:20:00,24.3
2025-06-12 20:34:00,28.7
2025-06-12 01:45:00,4.1
2025-06-12 13:00:00,49.776157380139004
2025-06-12 22:32:00,15.0
2025-06-12 12:19:00,49.776157380139004
2025-06-12 04:59:00,0.7
2025-06-12 18:19:00,24.0
2025-06-12 05:00:00,28.1
2025-06-12 00:57:00,49.776157380139004
2025-06-12 07:14:00,49.776157380139004
2025-06-12 19:48:00,5.3
2025-06-12 00:25:00,49.776157380139004
2025-06-12 00:28:00,73.1
2025-06-12 16:13:00,49.776157380139004
2025-06-12 20:49:00,15.2
2025-06-12 22:21:00,48.0
2025-06-12 14:36:00,79.4
2025-06-12 14:54:00,37.2
2025-06-12 17:32:00,8.9
2025-06-12 15:50:00,44.1
2025-06-12 11:37:00,52.0
2025-06-12 10:52:00,42.7
2025-06-12 10:19:00,46.3
2025-06-12 00:32:00,57.4
2025-06-12 19:44:00,88.3
2025-06-12 19:12:00,95.1
2025-06-12 01:37:00,71.0
2025-06-12 20:08:00,49.776157380139004
2025-06-12 20:20:00,90.9
2025-06-12 22:41:00,49.776157380139004
2025-06-12 21:54:00,50.0
2025-06-12 09:32:00,100.0
2025-06-12 00:42:00,30.9
2025-06-12 13:00:00,39.1
2025-06-12 23:35:00,49.776157380139004
2025-06-12 19:12:00,7.0
2025-06-12 05:57:00,93.1
2025-06-12 20:24:00,83.6
2025-06-12 02:08:00,40.0
2025-06-12 01:27:00,98.0
2025-06-12 22:22:00,63.2
2025-06-12 19:44:00,49.776157380139004
2025-06-12 22:48:00,49.776157380139004
2025-06-12 13:00:00,49.3
2025-06-12 16:51:00,26.7
2025-06-12 19:04:00,49.776157380139004
2025-06-12 13:17:00,1.1
2025-06-12 02:28:00,96.7
2025-06-12 14:08:00,66.5
2025-06-12 20:34:00,16.8
2025-06-12 12:01:00,35.8
2025-06-12 08:39:00,85.8
2025-06-12 03:32:00,43.9
2025-06-12 00:22:00,64.2
2025-06-12 18:44:00,49.3
2025-06-12 11:10:00,51.8
2025-06-12 12:56:00,96.9
2025-06-12 06:33:00,85.8
2025-06-12 13:07:00,10.6
2025-06-12 11:47:00,90.3
2025-06-12 08:48:00,74.5
2025-06-12 13:58:00,52.7
2025-06-12 22:30:00,21.1
2025-06-12 15:02:00,12.7
2025-06-12 07:54:00,49.776157380139004
2025-06-12 04:07:00,28.2
2025-06-12 06:36:00,98.7
2025-06-12 23:20:00,36.2
2025-06-12 22:41:00,22.5
2025-06-12 18:22:00,85.0
2025-06-12 22:03:00,49.776157380139004
2025-06-12 16:20:00,82.4
2025-06-12 12:08:00,23.7
2025-06-12 01:49:00,83.2
2025-06-12 15:39:00,49.776157380139004
2025-06-12 05:31:00,49.3
2025-06-12 13:40:00,19.7
2025-06-12 22:37:00,95.4
2025-06-12 08:01:00,5.2
2025-06-12 20:00:00,19.9
2025-06-12 20:02:00,63.8
2025-06-12 14:20:00,62.3
2025-06-12 02:09:00,49.776157380139004
2025-06-12 23:14:00,71.3
2025-06-12 04:38:00,43.0
2025-06-12 18:34:00,35.3
2025-06-12 21:51:00,19.5
2025-06-12 18:33:00,25.6
2025-06-12 00:46:00,62.4
2025-06-12 20:16:00,49.776157380139004
2025-06-12 19:53:00,71.5
2025-06-12 10:16:00,36.0
2025-06-12 14:32:00,49.776157380139004
2025-06-12 00:00:00,68.3
2025-06-12 20:09:00,11.4
2025-06-12 17:02:00,85.9
2025-06-12 18:11:00,49.776157380139004
2025-06-12 05:11:00,56.1
2025-06-12 06:58:00,64.7
2025-06-12 21:17:00,67.2
2025-06-12 21:15:00,49.776157380139004
2025-06-12 15:23:00,49.1
2025-06-12 12:34:00,45.6
2025-06-12 04:06:00,66.8
2025-06-12 12:49:00,65.9
2025-06-12 04:54:00,3.3
2025-06-12 22:27:00,26.9
2025-06-12 06:03:00,58.2
2025-06-12 22:37:00,24.8
2025-06-12 13:44:00,4.3
2025-06-12 19:23:00,11.1
2025-06-12 05:44:00,49.776157380139004
2025-06-12 21:56:00,34.9
2025-06-12 14:13:00,49.776157380139004
2025-06-12 10:35:00,3.4
2025-06-12 06:54:00,49.776157380139004
2025-06-12 18:50:00,65.8
2025-06-12 16:56:00,24.3
2025-06-12 04:29:00,77.6
2025-06-12 19:22:00,82.6
2025-06-12 21:13:00,3.9
2025-06-12 06:16:00,59.7
2025-06-12 06:16:00,89.1
2025-06-12 18:38:00,49.776157380139004
2025-06-12 21:13:00,49.776157380139004
2025-06-12 12:09:00,33.4
2025-06-12 13:39:00,72.2
2025-06-12 05:00:00,24.4
2025-06-12 22:58:00,1.3
2025-06-12 19:27:00,8.8
2025-06-12 22:50:00,84.6
2025-06-12 02:24:00,61.3
2025-06-12 14:28:00,56.4
2025-06-12 16:51:00,0.5
2025-06-12 13:11:00,59.5
2025-06-12 01:59:00,60.4
2025-06-12 06:17:00,31.1
2025-06-12 04:54:00,21.1
2025-06-12 00:00:00,88.8
2025-06-12 14:36:00,21.0
2025-06-12 10:36:00,10.0
2025-06-12 03:48:00,59.3
2025-06-12 19:51:00,98.8
2025-06-12 11:27:00,49.776157380139004
2025-06-12 14:04:00,84.5
2025-06-12 12:05:00,49.776157380139004
2025-06-12 14:29:00,62.6
2025-06-12 16:52:00,22.4
2025-06-12 16:06:00,74.1
2025-06-12 21:17:00,90.7
2025-06-12 02:50:00,65.4
2025-06-12 23:09:00,92.5
2025-06-12 12:42:00,33.8
2025-06-12 22:32:00,37.6
2025-06-12 01:29:00,46.9
2025-06-12 18:16:00,95.0
2025-06-12 07:13:00,35.6
2025-06-12 11:14:00,85.0
2025-06-12 15:09:00,49.81767540251498
2025-06-12 21:47:00,32.2
2025-06-12 18:36:00,12.9
2025-06-12 06:57:00,49.81767540251498
2025-06-12 13:26:00,18.0
2025-06-12 09:26:00,26.7
2025-06-12 22:24:00,84.6
2025-06-12 22:11:00,59.4
2025-06-12 23:13:00,35.1
2025-06-12 11:01:00,25.0
2025-06-12 09:32:00,6.9
2025-06-12 06:36:00,49.81767540251498
2025-06-12 23:05:00,71.4
2025-06-12 19:18:00,98.1
2025-06-12 16:37:00,17.1
2025-06-12 05:15:00,66.6
2025-06-12 17:51:00,49.81767540251498
2025-06-12 03:19:00,49.81767540251498
2025-06-12 18:07:00,33.9
2025-06-12 03:58:00,56.9
2025-06-12 16:19:00,49.81767540251498
2025-06-12 04:24:00,74.8
2025-06-12 07:18:00,93.8
2025-06-12 04:13:00,38.3
2025-06-12 07:24:00,72.4
2025-06-12 20:54:00,69.4
2025-06-12 23:57:00,64.6
2025-06-12 22:44:00,83.6
2025-06-12 02:56:00,66.7
2025-06-12 10:59:00,31.8
2025-06-12 04:28:00,71.6
2025-06-12 12:40:00,55.2
2025-06-12 06:40:00,24.5
2025-06-12 23:53:00,29.2
2025-06-12 20:52:00,33.1
2025-06-12 06:37:00,49.81767540251498
2025-06-12 18:34:00,29.3
2025-06-12 01:45:00,40.5
2025-06-12 11:33:00,31.4
2025-06-12 00:31:00,87.1
2025-06-12 06:19:00,41.8
2025-06-12 17:02:00,0.4
2025-06-12 15:09:00,74.5
2025-06-12 05:43:00,0.3
2025-06-12 01:16:00,49.81767540251498
2025-06-12 12:30:00,47.9
2025-06-12 04:01:00,35.4
2025-06-12 23:34:00,11.3
2025-06-12 21:48:00,38.5
2025-06-12 13:37:00,60.0
2025-06-12 07:33:00,50.4
2025-06-12 02:22:00,20.3
2025-06-12 08:38:00,95.0
2025-06-12 02:33:00,49.81767540251498
2025-06-12 14:05:00,27.1
2025-06-12 19:53:00,82.6
2025-06-12 07:51:00,24.2
2025-06-12 19:38:00,48.5
2025-06-12 19:43:00,44.9
2025-06-12 11:57:00,40.0
2025-06-12 03:53:00,74.3
2025-06-12 01:59:00,49.81767540251498
2025-06-12 08:47:00,49.81767540251498
2025-06-12 02:59:00,35.5
2025-06-12 09:59:00,92.4
2025-06-12 10:26:00,15.8
2025-06-12 23:02:00,70.6
2025-06-12 07:35:00,35.9
2025-06-12 11:57:00,49.8
2025-06-12 03:14:00,30.4
2025-06-12 20:04:00,59.2
2025-06-12 08:34:00,69.0
2025-06-12 08:07:00,49.81767540251498
2025-06-12 14:08:00,13.7
2025-06-12 06:38:00,12.3
2025-06-12 07:11:00,88.7
2025-06-12 00:35:00,63.8
2025-06-12 22:07:00,33.9
2025-06-12 12:29:00,72.2
2025-06-12 23:51:00,60.1
2025-06-12 15:00:00,49.81767540251498
2025-06-12 16:03:00,77.7
2025-06-12 16:07:00,30.1
2025-06-12 07:30:00,37.7
2025-06-12 14:03:00,98.8
2025-06-12 21:23:00,49.81767540251498
2025-06-12 16:40:00,97.1
2025-06-12 11:36:00,29.3
2025-06-12 09:20:00,65.9
2025-06-12 19:21:00,99.3
2025-06-12 07:15:00,3.8
2025-06-12 11:43:00,25.0
2025-06-12 23:30:00,66.8
2025-06-12 01:35:00,42.8
2025-06-12 07:45:00,55.2
2025-06-12 01:30:00,68.1
2025-06-12 06:53:00,31.0
2025-06-12 20:45:00,62.4
2025-06-12 01:56:00,69.0
2025-06-12 06:05:00,28.4
2025-06-12 13:48:00,27.4
2025-06-12 07:27:00,48.4
2025-06-12 20:16:00,82.9
2025-06-12 18:19:00,26.8
2025-06-12 10:05:00,43.6
2025-06-12 07:57:00,78.1
2025-06-12 05:59:00,3.8
2025-06-12 23:01:00,90.4
2025-06-12 00:54:00,99.2
2025-06-12 07:11:00,29.1
2025-06-12 17:57:00,60.7
2025-06-12 00:11:00,49.5
2025-06-12 01:20:00,37.0
2025-06-12 00:35:00,65.4
2025-06-12 20:59:00,54.7
2025-06-12 09:09:00,49.81767540251498
2025-06-12 02:10:00,7.9
2025-06-12 05:28:00,81.9
2025-06-12 17:57:00,1.9
2025-06-12 12:22:00,19.2
2025-06-12 22:57:00,67.7
2025-06-12 12:19:00,28.8
2025-06-12 09:59:00,14.8
2025-06-12 16:17:00,23.1
2025-06-12 03:39:00,19.0
2025-06-12 08:29:00,56.6
2025-06-12 19:15:00,94.9
2025-06-12 13:16:00,83.0
2025-06-12 20:53:00,96.6
2025-06-12 14:09:00,80.5
2025-06-12 16:34:00,49.81767540251498
2025-06-12 12:45:00,88.0
2025-06-12 04:25:00,39.7
2025-06-12 09:19:00,32.5
2025-06-12 14:29:00,52.8
2025-06-12 05:19:00,8.5
2025-06-12 16:14:00,52.2
2025-06-12 01:28:00,40.7
2025-06-12 08:57:00,84.7
2025-06-12 07:45:00,90.6
2025-06-12 08:25:00,39.8
2025-06-12 21:32:00,39.3
2025-06-12 10:03:00,7.9
2025-06-12 07:47:00,5.4
2025-06-12 17:44:00,95.8
2025-06-12 17:51:00,33.9
2025-06-12 18:02:00,49.81767540251498
2025-06-12 14:28:00,69.3
2025-06-12 17:23:00,49.81767540251498
2025-06-12 07:52:00,32.4
2025-06-12 11:00:00,72.1
2025-06-12 23:21:00,52.7
2025-06-12 02:59:00,49.81767540251498
2025-06-12 04:35:00,46.2
2025-06-12 17:19:00,79.4
2025-06-12 07:55:00,49.81767540251498
2025-06-12 02:36:00,49.81767540251498
2025-06-12 04:11:00,12.9
2025-06-12 01:11:00,83.6
2025-06-12 00:07:00,51.8
2025-06-12 08:33:00,49.81767540251498
2025-06-12 16:11:00,1.5
2025-06-12 01:26:00,40.2
2025-06-12 21:20:00,45.6
2025-06-12 13:54:00,14.0
2025-06-12 11:39:00,69.6
2025-06-12 16:20:00,49.81767540251498
2025-06-12 14:58:00,82.4
2025-06-12 10:15:00,67.1
2025-06-12 05:59:00,18.5
2025-06-12 13:41:00,81.0
2025-06-12 01:15:00,49.81767540251498
2025-06-12 11:40:00,92.1
2025-06-12 09:03:00,88.1
2025-06-12 03:09:00,18.5
2025-06-12 03:15:00,20.1
2025-06-12 12:26:00,29.5
2025-06-12 04:52:00,49.81767540251498
2025-06-12 19:32:00,61.0
2025-06-12 19:02:00,54.3
2025-06-12 09:29:00,72.6
2025-06-12 02:43:00,72.5
2025-06-12 00:19:00,84.5
2025-06-12 20:57:00,50.7
2025-06-12 00:10:00,25.9
2025-06-12 20:15:00,90.8
2025-06-12 13:34:00,13.7
2025-06-12 04:34:00,7.4
2025-06-12 18:36:00,72.9
2025-06-12 20:11:00,49.81767540251498
2025-06-12 13:21:00,49.81767540251498
2025-06-12 23:00:00,47.1
2025-06-12 05:12:00,82.0
2025-06-12 12:49:00,26.1
2025-06-12 11:40:00,2.5
2025-06-12 16:38:00,49.81767540251498
2025-06-12 16:27:00,49.81767540251498
2025-06-12 21:40:00,26.9
2025-06-12 05:25:00,53.2
2025-06-12 01:44:00,95.3
2025-06-12 15:09:00,7.3
2025-06-12 22:58:00,96.4
2025-06-12 13:54:00,0.5
2025-06-12 08:05:00,15.6
2025-06-12 22:59:00,49.81767540251498
2025-06-12 22:49:00,67.9
2025-06-12 21:02:00,49.81767540251498
2025-06-12 00:19:00,7.5
2025-06-12 11:58:00,86.8
2025-06-12 06:23:00,58.9
2025-06-12 11:26:00,49.81767540251498
2025-06-12 09:11:00,62.5
2025-06-12 21:37:00,81.4
2025-06-12 16:55:00,49.81767540251498
2025-06-12 02:03:00,93.7
2025-06-12 13:51:00,47.8
2025-06-12 01:33:00,86.0
2025-06-12 18:06:00,0.6
2025-06-12 19:23:00,49.81767540251498
2025-06-12 18:35:00,13.1
2025-06-12 08:44:00,23.1
2025-06-12 05:50:00,49.81767540251498
2025-06-12 14:06:00,95.1
2025-06-12 05:42:00,98.3
2025-06-12 00:18:00,60.7
2025-06-12 21:16:00,7.2
2025-06-12 19:24:00,61.6
2025-06-12 01:20:00,46.6
2025-06-12 08:00:00,70.3
2025-06-12 01:25:00,58.1
2025-06-12 12:19:00,81.1
2025-06-12 02:27:00,49.81767540251498
2025-06-12 05:33:00,24.8
2025-06-12 10:55:00,45.4
2025-06-12 18:55:00,63.7
2025-06-12 23:55:00,49.81767540251498
2025-06-12 16:38:00,71.6
2025-06-12 12:58:00,49.81767540251498
2025-06-12 06:22:00,49.81767540251498
2025-06-12 09:21:00,94.4
2025-06-12 17:15:00,48.1
2025-06-12 16:29:00,0.6
2025-06-12 13:35:00,87.0
2025-06-12 20:34:00,92.1
2025-06-12 04:24:00,84.4
2025-06-12 14:36:00,40.7
2025-06-12 00:21:00,24.2
2025-06-12 17:03:00,21.6
2025-06-12 01:54:00,91.9
2025-06-12 16:59:00,34.7
2025-06-12 18:50:00,7.6
2025-06-12 09:13:00,10.8
2025-06-12 23:48:00,35.9
2025-06-12 16:17:00,23.1
2025-06-12 16:04:00,54.8
2025-06-12 20:08:00,89.1
2025-06-12 19:47:00,66.8
2025-06-12 18:00:00,0.4
2025-06-12 10:14:00,23.3
2025-06-12 04:51:00,86.6
2025-06-12 17:49:00,16.7
2025-06-12 05:24:00,93.4
2025-06-12 16:42:00,9.7
2025-06-12 12:01:00,80.0
2025-06-12 12:58:00,55.7
2025-06-12 12:15:00,91.9
2025-06-12 14:24:00,49.81767540251498
2025-06-12 11:12:00,37.3
2025-06-12 23:40:00,61.1
2025-06-12 09:05:00,97.0
2025-06-12 15:48:00,62.2
2025-06-12 17:10:00,49.81767540251498
2025-06-12 01:52:00,51.0
2025-06-12 06:35:00,49.81767540251498
2025-06-12 22:10:00,88.7
2025-06-12 17:46:00,39.0
2025-06-12 23:22:00,79.3
2025-06-12 14:19:00,98.6
2025-06-12 10:10:00,80.5
2025-06-12 11:40:00,29.0
2025-06-12 23:16:00,49.81767540251498
2025-06-12 18:53:00,49.81767540251498
2025-06-12 03:11:00,94.2
2025-06-12 02:08:00,76.4
2025-06-12 10:52:00,49.81767540251498
2025-06-12 13:45:00,56.1
2025-06-12 19:00:00,49.81767540251498
2025-06-12 06:00:00,55.3
2025-06-12 08:48:00,66.0
2025-06-12 11:13:00,49.81767540251498
2025-06-12 23:57:00,23.2
2025-06-12 09:24:00,32.6
2025-06-12 23:27:00,49.81767540251498
2025-06-12 06:37:00,32.6
2025-06-12 00:55:00,36.8
2025-06-12 12:35:00,72.6
2025-06-12 11:15:00,49.81767540251498
2025-06-12 10:49:00,49.9
2025-06-12 21:14:00,67.2
2025-06-12 03:22:00,13.4
2025-06-12 19:23:00,26.6
2025-06-12 19:24:00,52.9
2025-06-12 17:53:00,49.81767540251498
2025-06-12 22:05:00,89.1
2025-06-12 08:30:00,96.2
2025-06-12 13:07:00,83.5
2025-06-12 07:33:00,11.8
2025-06-12 08:24:00,13.9
2025-06-12 03:16:00,0.0
2025-06-12 09:34:00,39.1
2025-06-12 06:21:00,71.6
2025-06-12 10:15:00,97.4
2025-06-12 17:47:00,69.1
2025-06-12 15:05:00,66.2
2025-06-12 13:07:00,49.81767540251498
2025-06-12 20:50:00,47.9
2025-06-12 17:13:00,49.81767540251498
2025-06-12 15:43:00,37.4
2025-06-12 02:27:00,49.81767540251498
2025-06-12 21:54:00,49.81767540251498
2025-06-12 18:10:00,64.2
2025-06-12 04:18:00,16.8
2025-06-12 14:42:00,12.8
2025-06-12 04:03:00,50.0
2025-06-12 23:45:00,77.5
2025-06-12 01:58:00,49.81767540251498
2025-06-12 14:44:00,59.0
2025-06-12 08:50:00,9.0
2025-06-12 06:54:00,74.9
2025-06-12 18:23:00,96.8
2025-06-12 10:41:00,67.6
2025-06-12 13:10:00,64.9
2025-06-12 10:44:00,24.0
2025-06-12 07:32:00,65.7
2025-06-12 21:58:00,49.81767540251498
2025-06-12 17:22:00,10.9
2025-06-12 13:20:00,86.8
2025-06-12 14:09:00,54.9
2025-06-12 08:04:00,14.1
2025-06-12 00:08:00,68.7
2025-06-12 03:52:00,49.791111632270166
2025-06-12 19:00:00,66.4
2025-06-12 17:02:00,94.5
2025-06-12 11:04:00,49.791111632270166
2025-06-12 11:44:00,19.2
2025-06-12 05:43:00,5.3
2025-06-12 01:16:00,16.2
2025-06-12 00:39:00,66.1
2025-06-12 10:17:00,32.6
2025-06-12 18:01:00,72.4
2025-06-12 17:29:00,75.5
2025-06-12 03:48:00,60.8
2025-06-12 20:25:00,49.791111632270166
2025-06-12 12:11:00,73.2
2025-06-12 22:03:00,71.1
2025-06-12 00:32:00,26.3
2025-06-12 20:32:00,53.5
2025-06-12 05:39:00,11.0
2025-06-12 01:02:00,96.9
2025-06-12 21:10:00,44.1
2025-06-12 02:02:00,13.5
2025-06-12 15:38:00,11.1
2025-06-12 23:00:00,88.7
2025-06-12 03:53:00,49.791111632270166
2025-06-12 03:29:00,52.7
2025-06-12 11:59:00,56.7
2025-06-12 23:12:00,6.6
2025-06-12 19:55:00,79.4
2025-06-12 11:33:00,31.0
2025-06-12 09:57:00,46.2
2025-06-12 07:01:00,93.4
2025-06-12 18:18:00,7.0
2025-06-12 12:11:00,3.2
2025-06-12 03:04:00,80.4
2025-06-12 14:11:00,49.791111632270166
2025-06-12 21:14:00,72.2
2025-06-12 21:50:00,62.0
2025-06-12 04:00:00,25.7
2025-06-12 18:36:00,94.9
2025-06-12 20:52:00,1.3
2025-06-12 17:10:00,94.6
2025-06-12 19:47:00,41.5
2025-06-12 19:42:00,49.791111632270166
2025-06-12 14:45:00,78.4
2025-06-12 21:14:00,85.3
2025-06-12 12:35:00,60.3
2025-06-12 17:47:00,46.8
2025-06-12 21:33:00,62.1
2025-06-12 08:40:00,42.6
2025-06-12 20:16:00,97.5
2025-06-12 04:38:00,90.2
2025-06-12 03:20:00,49.791111632270166
2025-06-12 09:42:00,99.8
2025-06-12 12:40:00,53.9
2025-06-12 13:15:00,40.8
2025-06-12 13:47:00,23.9
2025-06-12 16:55:00,49.791111632270166
2025-06-12 18:40:00,27.4
2025-06-12 21:25:00,49.791111632270166
2025-06-12 06:04:00,49.791111632270166
2025-06-12 23:16:00,60.0
2025-06-12 02:58:00,52.6
2025-06-12 11:33:00,2.2
2025-06-12 12:39:00,25.6
2025-06-12 12:44:00,49.791111632270166
2025-06-12 04:09:00,43.1
2025-06-12 14:56:00,94.6
2025-06-12 03:42:00,64.8
2025-06-12 13:59:00,49.791111632270166
2025-06-12 05:22:00,33.5
2025-06-12 03:36:00,49.791111632270166
2025-06-12 10:07:00,7.0
2025-06-12 02:10:00,12.3
2025-06-12 19:36:00,20.7
2025-06-12 13:14:00,35.2
2025-06-12 19:33:00,43.3
2025-06-12 03:19:00,73.5
2025-06-12 20:12:00,40.9
2025-06-12 10:28:00,43.1
2025-06-12 02:04:00,82.3
2025-06-12 12:44:00,54.8
2025-06-12 04:41:00,59.2
2025-06-12 22:57:00,51.9
2025-06-12 13:05:00,47.6
2025-06-12 19:38:00,22.2
2025-06-12 12:09:00,44.5
2025-06-12 16:53:00,35.8
2025-06-12 12:39:00,73.7
2025-06-12 19:57:00,59.1
2025-06-12 11:18:00,68.2
2025-06-12 15:56:00,87.9
2025-06-12 22:53:00,49.791111632270166
2025-06-12 22:36:00,2.6
2025-06-12 00:07:00,78.5
2025-06-12 02:59:00,12.5
2025-06-12 10:20:00,15.2
2025-06-12 00:04:00,10.9
2025-06-12 09:09:00,89.3
2025-06-12 01:40:00,49.791111632270166
2025-06-12 03:09:00,9.3
2025-06-12 22:54:00,4.9
2025-06-12 01:49:00,40.0
2025-06-12 02:13:00,15.7
2025-06-12 08:03:00,49.791111632270166
2025-06-12 05:50:00,14.5
2025-06-12 14:30:00,2.0
2025-06-12 06:43:00,46.3
2025-06-12 06:59:00,3.6
2025-06-12 19:02:00,3.7
2025-06-12 07:10:00,73.2
2025-06-12 01:45:00,8.7
2025-06-12 08:06:00,60.3
2025-06-12 05:01:00,22.9
2025-06-12 06:43:00,69.3
2025-06-12 15:07:00,13.9
2025-06-12 19:40:00,62.0
2025-06-12 23:00:00,33.5
2025-06-12 03:00:00,67.5
2025-06-12 23:01:00,69.4
2025-06-12 06:52:00,2.6
2025-06-12 11:10:00,94.2
2025-06-12 20:09:00,83.9
2025-06-12 11:26:00,61.2
2025-06-12 14:01:00,20.7
2025-06-12 07:34:00,42.5
2025-06-12 17:59:00,59.6
2025-06-12 06:56:00,54.9
2025-06-12 05:41:00,34.9
2025-06-12 21:47:00,95.1
2025-06-12 12:35:00,58.9
2025-06-12 21:08:00,49.791111632270166
2025-06-12 07:34:00,27.4
2025-06-12 16:05:00,67.3
2025-06-12 06:38:00,74.0
2025-06-12 16:21:00,30.4
2025-06-12 21:11:00,16.8
2025-06-12 18:18:00,89.6
2025-06-12 20:39:00,57.8
2025-06-12 07:59:00,65.4
2025-06-12 16:50:00,60.8
2025-06-12 06:18:00,18.7
2025-06-12 13:57:00,16.4
2025-06-12 06:41:00,49.791111632270166
2025-06-12 19:19:00,41.1
2025-06-12 09:24:00,7.2
2025-06-12 05:54:00,19.2
2025-06-12 12:16:00,49.791111632270166
2025-06-12 05:34:00,10.5
2025-06-12 12:59:00,82.6
2025-06-12 07:34:00,33.8
2025-06-12 16:39:00,40.0
2025-06-12 03:08:00,83.1
2025-06-12 10:17:00,28.9
2025-06-12 23:38:00,51.9
2025-06-12 17:30:00,21.2
2025-06-12 01:47:00,75.5
2025-06-12 02:55:00,59.2
2025-06-12 05:18:00,58.0
2025-06-12 08:51:00,54.1
2025-06-12 11:55:00,50.0
2025-06-12 02:52:00,49.791111632270166
2025-06-12 00:38:00,64.8
2025-06-12 04:25:00,77.8
2025-06-12 13:57:00,54.5
2025-06-12 15:06:00,6.0
2025-06-12 08:27:00,49.791111632270166
2025-06-12 04:49:00,61.2
2025-06-12 12:13:00,45.7
2025-06-12 20:17:00,12.7
2025-06-12 23:02:00,67.0
2025-06-12 02:01:00,49.791111632270166
2025-06-12 19:40:00,78.9
2025-06-12 23:14:00,73.9
2025-06-12 19:43:00,63.4
2025-06-12 23:44:00,30.1
2025-06-12 10:23:00,30.5
2025-06-12 02:51:00,33.7
2025-06-12 16:25:00,99.8
2025-06-12 14:57:00,54.2
2025-06-12 19:54:00,28.3
2025-06-12 06:32:00,21.6
2025-06-12 22:08:00,95.5
2025-06-12 00:32:00,24.8
2025-06-12 07:36:00,49.791111632270166
2025-06-12 06:33:00,29.6
2025-06-12 15:17:00,49.791111632270166
2025-06-12 10:35:00,39.4
2025-06-12 00:10:00,14.8
2025-06-12 20:08:00,96.7
2025-06-12 02:28:00,24.0
2025-06-12 00:00:00,99.6
2025-06-12 08:03:00,47.5
2025-06-12 07:37:00,76.9
2025-06-12 06:21:00,46.7
2025-06-12 11:05:00,70.1
2025-06-12 04:47:00,97.8
2025-06-12 06:03:00,79.9
2025-06-12 00:20:00,42.9
2025-06-12 06:21:00,87.0
2025-06-12 11:35:00,31.1
2025-06-12 07:05:00,36.3
2025-06-12 02:51:00,80.6
2025-06-12 06:53:00,49.791111632270166
2025-06-12 18:03:00,84.5
2025-06-12 14:23:00,38.1
2025-06-12 02:54:00,68.0
2025-06-12 06:00:00,72.1
2025-06-12 07:37:00,67.5
2025-06-12 19:23:00,97.0
2025-06-12 16:46:00,49.791111632270166
2025-06-12 17:43:00,49.791111632270166
2025-06-12 04:09:00,47.3
2025-06-12 18:05:00,21.8
2025-06-12 05:40:00,90.5
2025-06-12 13:33:00,49.791111632270166
2025-06-12 13:14:00,38.9
2025-06-12 18:52:00,6.2
2025-06-12 16:09:00,14.2
2025-06-12 03:31:00,19.6
2025-06-12 09:06:00,86.6
2025-06-12 10:37:00,77.7
2025-06-12 22:24:00,39.8
2025-06-12 06:11:00,2.8
2025-06-12 08:17:00,49.791111632270166
2025-06-12 21:32:00,80.5
2025-06-12 01:31:00,46.0
2025-06-12 15:20:00,49.791111632270166
2025-06-12 01:58:00,80.2
2025-06-12 12:43:00,17.6
2025-06-12 19:22:00,98.7
2025-06-12 07:06:00,49.791111632270166
2025-06-12 02:20:00,29.1
2025-06-12 06:41:00,49.791111632270166
2025-06-12 19:41:00,66.7
2025-06-12 05:39:00,90.1
2025-06-12 21:14:00,37.4
2025-06-12 02:08:00,49.791111632270166
2025-06-12 04:34:00,74.3
2025-06-12 02:30:00,49.791111632270166
2025-06-12 04:31:00,95.1
2025-06-12 19:37:00,96.2
2025-06-12 10:15:00,9.7
2025-06-12 18:56:00,66.8
2025-06-12 14:16:00,68.7
2025-06-12 05:56:00,39.5
2025-06-12 17:30:00,37.8
2025-06-12 18:17:00,51.1
2025-06-12 16:31:00,6.5
2025-06-12 13:31:00,49.791111632270166
2025-06-12 23:41:00,82.8
2025-06-12 11:08:00,49.791111632270166
2025-06-12 12:52:00,95.4
2025-06-12 19:53:00,49.791111632270166
2025-06-12 22:22:00,99.8
2025-06-12 16:11:00,69.6
2025-06-12 02:30:00,59.3
2025-06-12 06:56:00,52.9
2025-06-12 22:53:00,2.0
2025-06-12 20:26:00,6.1
2025-06-12 08:38:00,46.3
2025-06-12 06:32:00,22.1
2025-06-12 17:56:00,5.3
2025-06-12 09:43:00,20.7
2025-06-12 22:40:00,49.791111632270166
2025-06-12 10:34:00,44.4
2025-06-12 03:36:00,99.5
2025-06-12 02:21:00,47.8
2025-06-12 19:49:00,76.4
2025-06-12 09:04:00,14.1
2025-06-12 12:21:00,89.8
2025-06-12 21:02:00,53.0
2025-06-12 10:04:00,28.0
2025-06-12 04:25:00,28.0
2025-06-12 09:40:00,2.5
2025-06-12 12:56:00,49.791111632270166
2025-06-12 23:10:00,61.8
2025-06-12 20:43:00,7.9
2025-06-12 10:59:00,1.7
2025-06-12 15:06:00,9.4
2025-06-12 12:46:00,16.1
2025-06-12 08:56:00,33.5
2025-06-12 09:46:00,72.9
2025-06-12 09:05:00,4.5
2025-06-12 15:00:00,63.5
2025-06-12 20:17:00,26.9
2025-06-12 23:23:00,91.3
2025-06-12 07:22:00,70.6
2025-06-12 01:33:00,5.6
2025-06-12 15:31:00,55.3
2025-06-12 16:42:00,97.9
2025-06-12 19:15:00,65.5
2025-06-12 06:01:00,4.8
2025-06-12 23:35:00,59.7
2025-06-12 16:25:00,0.8
2025-06-12 12:08:00,36.0
2025-06-12 16:36:00,98.5
2025-06-12 21:21:00,73.0
2025-06-12 08:13:00,6.6
2025-06-12 07:43:00,77.0
2025-06-12 09:55:00,17.6
2025-06-12 13:10:00,52.4
2025-06-12 15:00:00,20.4
2025-06-12 08:25:00,55.2
2025-06-12 18:30:00,38.6
2025-06-12 03:23:00,94.1
2025-06-12 19:55:00,20.5
2025-06-12 04:55:00,49.6
2025-06-12 07:53:00,88.5
2025-06-12 02:34:00,2.5
2025-06-12 13:01:00,14.4
2025-06-12 16:10:00,29.1
2025-06-12 14:24:00,50.406503298774744
2025-06-12 00:26:00,9.9
2025-06-12 04:16:00,6.6
2025-06-12 23:43:00,5.8
2025-06-12 03:41:00,50.406503298774744
2025-06-12 15:06:00,79.8
2025-06-12 14:46:00,64.5
2025-06-12 10:46:00,56.3
2025-06-12 00:29:00,64.9
2025-06-12 11:11:00,50.406503298774744
2025-06-12 02:19:00,50.406503298774744
2025-06-12 04:35:00,41.3
2025-06-12 00:52:00,50.406503298774744
2025-06-12 01:34:00,50.406503298774744
2025-06-12 04:40:00,78.6
2025-06-12 14:08:00,12.0
2025-06-12 12:35:00,18.0
2025-06-12 19:37:00,50.406503298774744
2025-06-12 19:29:00,68.8
2025-06-12 08:54:00,15.7
2025-06-12 14:31:00,38.8
2025-06-12 00:28:00,9.4
2025-06-12 11:38:00,1.4
2025-06-12 19:58:00,58.7
2025-06-12 07:37:00,41.8
2025-06-12 00:15:00,43.6
2025-06-12 18:59:00,78.5
2025-06-12 02:51:00,49.8
2025-06-12 11:59:00,78.8
2025-06-12 21:50:00,35.5
2025-06-12 07:56:00,50.406503298774744
2025-06-12 16:18:00,3.7
2025-06-12 17:00:00,18.3
2025-06-12 13:49:00,50.406503298774744
2025-06-12 03:46:00,89.8
2025-06-12 03:33:00,44.2
2025-06-12 17:39:00,50.406503298774744
2025-06-12 20:54:00,50.406503298774744
2025-06-12 13:16:00,90.7
2025-06-12 13:33:00,18.6
2025-06-12 06:13:00,18.3
2025-06-12 09:29:00,50.406503298774744
2025-06-12 12:24:00,34.7
2025-06-12 12:00:00,1.1
2025-06-12 07:11:00,50.406503298774744
2025-06-12 20:23:00,38.5
2025-06-12 06:53:00,92.9
2025-06-12 03:43:00,57.1
2025-06-12 09:23:00,30.6
2025-06-12 21:35:00,95.8
2025-06-12 00:59:00,25.9
2025-06-12 01:08:00,50.406503298774744
2025-06-12 06:30:00,50.406503298774744
2025-06-12 02:14:00,60.5
2025-06-12 19:52:00,33.0
2025-06-12 01:52:00,60.5
2025-06-12 03:48:00,50.406503298774744
2025-06-12 21:36:00,50.406503298774744
2025-06-12 15:29:00,50.406503298774744
2025-06-12 15:47:00,95.2
2025-06-12 14:35:00,84.7
2025-06-12 11:01:00,90.6
2025-06-12 03:11:00,65.3
2025-06-12 19:45:00,0.3
2025-06-12 04:36:00,73.9
2025-06-12 02:40:00,50.406503298774744
2025-06-12 23:10:00,69.9
2025-06-12 02:37:00,70.4
2025-06-12 12:36:00,40.7
2025-06-12 18:07:00,11.8
2025-06-12 03:40:00,78.0
2025-06-12 11:11:00,36.4
2025-06-12 11:08:00,2.8
2025-06-12 01:02:00,50.406503298774744
2025-06-12 16:00:00,65.5
2025-06-12 15:50:00,30.2
2025-06-12 07:48:00,50.406503298774744
2025-06-12 22:36:00,19.7
2025-06-12 01:33:00,63.7
2025-06-12 08:59:00,91.8
2025-06-12 21:52:00,50.406503298774744
2025-06-12 11:21:00,82.5
2025-06-12 20:03:00,57.5
2025-06-12 11:22:00,50.406503298774744
2025-06-12 06:30:00,61.9
2025-06-12 08:18:00,65.0
2025-06-12 15:14:00,14.0
2025-06-12 19:17:00,21.9
2025-06-12 17:06:00,50.406503298774744
2025-06-12 23:57:00,86.0
2025-06-12 02:06:00,65.7
2025-06-12 12:39:00,53.4
2025-06-12 05:13:00,68.2
2025-06-12 09:16:00,77.1
2025-06-12 02:06:00,91.1
2025-06-12 21:01:00,48.1
2025-06-12 16:38:00,86.5
2025-06-12 08:52:00,13.8
2025-06-12 15:38:00,51.1
2025-06-12 06:20:00,4.0
2025-06-12 14:26:00,50.406503298774744
2025-06-12 01:15:00,37.7
2025-06-12 04:16:00,56.1
2025-06-12 18:16:00,80.9
2025-06-12 03:15:00,4.0
2025-06-12 04:53:00,35.3
2025-06-12 02:36:00,73.9
2025-06-12 16:23:00,48.5
2025-06-12 14:44:00,15.7
2025-06-12 13:11:00,50.406503298774744
2025-06-12 04:48:00,74.7
2025-06-12 00:35:00,11.4
2025-06-12 07:55:00,64.2
2025-06-12 00:15:00,85.0
2025-06-12 08:36:00,58.9
2025-06-12 21:47:00,75.3
2025-06-12 01:46:00,84.2
2025-06-12 09:18:00,76.1
2025-06-12 06:14:00,81.1
2025-06-12 04:14:00,50.406503298774744
2025-06-12 02:47:00,50.406503298774744
2025-06-12 16:14:00,92.7
2025-06-12 21:47:00,87.4
2025-06-12 14:31:00,52.7
2025-06-12 03:38:00,18.5
2025-06-12 14:18:00,8.7
2025-06-12 12:49:00,15.6
2025-06-12 17:46:00,83.0
2025-06-12 13:24:00,45.7
2025-06-12 21:43:00,83.8
2025-06-12 17:35:00,50.406503298774744
2025-06-12 02:33:00,50.406503298774744
2025-06-12 16:05:00,50.406503298774744
2025-06-12 19:19:00,2.5
2025-06-12 13:45:00,13.1
2025-06-12 22:15:00,37.6
2025-06-12 21:07:00,89.2
2025-06-12 23:15:00,8.2
2025-06-12 22:40:00,99.2
2025-06-12 20:03:00,20.8
2025-06-12 04:32:00,73.1
2025-06-12 14:34:00,50.406503298774744
2025-06-12 08:03:00,13.4
2025-06-12 01:06:00,10.7
2025-06-12 03:57:00,27.5
2025-06-12 02:36:00,0.3
2025-06-12 20:00:00,5.0
2025-06-12 11:41:00,90.6
2025-06-12 14:58:00,23.3
2025-06-12 02:59:00,13.6
2025-06-12 16:10:00,42.8
2025-06-12 05:41:00,74.9
2025-06-12 13:34:00,45.4
2025-06-12 23:32:00,3.3
2025-06-12 01:00:00,31.1
2025-06-12 02:07:00,32.9
2025-06-12 16:33:00,21.9
2025-06-12 16:06:00,37.8
2025-06-12 20:24:00,16.7
2025-06-12 04:29:00,14.5
2025-06-12 12:44:00,50.406503298774744
2025-06-12 14:19:00,91.1
2025-06-12 17:30:00,76.7
2025-06-12 14:42:00,15.2
2025-06-12 08:00:00,21.7
2025-06-12 09:23:00,50.406503298774744
2025-06-12 14:20:00,17.6
2025-06-12 20:00:00,50.406503298774744
2025-06-12 15:31:00,0.1
2025-06-12 19:55:00,88.7
2025-06-12 11:28:00,50.406503298774744
2025-06-12 05:50:00,7.3
2025-06-12 08:23:00,64.9
2025-06-12 21:44:00,50.406503298774744
2025-06-12 14:11:00,80.4
2025-06-12 09:06:00,31.1
2025-06-12 06:12:00,80.0
2025-06-12 00:38:00,27.0
2025-06-12 15:46:00,50.406503298774744
2025-06-12 07:57:00,12.3
2025-06-12 02:39:00,53.5
2025-06-12 06:15:00,58.9
2025-06-12 19:04:00,46.3
2025-06-12 23:44:00,61.2
2025-06-12 00:49:00,22.6
2025-06-12 13:14:00,23.4
2025-06-12 01:37:00,30.3
2025-06-12 22:27:00,14.6
2025-06-12 17:57:00,23.7
2025-06-12 18:34:00,48.1
2025-06-12 04:51:00,31.6
2025-06-12 18:49:00,50.406503298774744
2025-06-12 03:05:00,28.8
2025-06-12 23:47:00,50.406503298774744
2025-06-12 09:14:00,50.406503298774744
2025-06-12 14:41:00,92.7
2025-06-12 16:21:00,52.3
2025-06-12 07:16:00,78.2
2025-06-12 19:20:00,78.3
2025-06-12 04:00:00,95.4
2025-06-12 06:12:00,70.3
2025-06-12 14:50:00,79.5
2025-06-12 18:40:00,2.5
2025-06-12 18:15:00,79.0
2025-06-12 02:48:00,45.1
2025-06-12 13:28:00,4.5
2025-06-12 11:32:00,20.6
2025-06-12 21:17:00,35.7
2025-06-12 22:23:00,45.4
2025-06-12 09:10:00,33.8
2025-06-12 13:26:00,99.2
2025-06-12 05:15:00,39.6
2025-06-12 23:34:00,21.0
2025-06-12 23:22:00,50.406503298774744
2025-06-12 08:18:00,42.2
2025-06-12 07:28:00,50.406503298774744
2025-06-12 11:13:00,76.6
2025-06-12 21:35:00,5.0
2025-06-12 22:17:00,57.3
2025-06-12 07:44:00,50.406503298774744
2025-06-12 20:55:00,67.9
2025-06-12 10:57:00,69.6
2025-06-12 22:16:00,83.6
2025-06-12 03:06:00,30.0
2025-06-12 11:32:00,90.2
2025-06-12 15:40:00,50.406503298774744
2025-06-12 21:03:00,49.1
2025-06-12 20:20:00,42.1
2025-06-12 09:22:00,50.0
2025-06-12 17:46:00,1.2
2025-06-12 14:21:00,6.1
2025-06-12 11:54:00,69.3
2025-06-12 18:25:00,51.0
2025-06-12 21:46:00,1.3
2025-06-12 00:34:00,47.8
2025-06-12 08:39:00,78.5
2025-06-12 19:57:00,42.9
2025-06-12 06:39:00,60.8
2025-06-12 20:51:00,28.3
2025-06-12 01:33:00,34.5
2025-06-12 16:21:00,77.1
2025-06-12 19:15:00,77.6
2025-06-12 09:53:00,65.7
2025-06-12 08:03:00,66.4
2025-06-12 14:04:00,74.4
2025-06-12 01:14:00,19.7
2025-06-12 22:55:00,81.2
2025-06-12 00:13:00,21.4
2025-06-12 02:20:00,15.2
2025-06-12 00:24:00,99.7
2025-06-12 08:35:00,8.2
2025-06-12 18:14:00,81.8
2025-06-12 04:41:00,49.0
2025-06-12 23:53:00,76.7
2025-06-12 12:52:00,50.406503298774744
2025-06-12 21:46:00,4.0
2025-06-12 19:44:00,48.3
2025-06-12 14:07:00,99.7
2025-06-12 04:05:00,93.2
2025-06-12 04:38:00,50.406503298774744
2025-06-12 10:48:00,97.8
2025-06-12 10:31:00,50.406503298774744
2025-06-12 13:31:00,50.406503298774744
2025-06-12 05:03:00,21.8
2025-06-12 12:56:00,46.2
2025-06-12 11:48:00,77.5
2025-06-12 05:41:00,87.4
2025-06-12 06:08:00,50.406503298774744
2025-06-12 12:20:00,62.4
2025-06-12 22:48:00,22.0
2025-06-12 12:44:00,81.9
2025-06-12 17:42:00,13.4
2025-06-12 07:54:00,35.9
2025-06-12 18:25:00,50.406503298774744
2025-06-12 04:04:00,23.1
2025-06-12 02:49:00,73.7
2025-06-12 00:36:00,71.1
2025-06-12 03:31:00,10.1
2025-06-12 15:46:00,50.406503298774744
2025-06-12 21:50:00,30.8
2025-06-12 20:51:00,11.5
2025-06-12 04:37:00,28.5
2025-06-12 12:49:00,11.7
2025-06-12 11:26:00,35.3
2025-06-12 13:04:00,95.6
2025-06-12 12:47:00,46.3
2025-06-12 18:00:00,77.9
2025-06-12 05:18:00,79.3
2025-06-12 06:55:00,70.3
2025-06-12 18:07:00,34.3
2025-06-12 21:36:00,73.2
2025-06-12 07:12:00,92.7
2025-06-12 22:55:00,56.7
2025-06-12 18:33:00,85.0
2025-06-12 08:12:00,21.0
2025-06-12 22:09:00,77.8
2025-06-12 05:55:00,24.8
2025-06-12 12:26:00,85.0
2025-06-12 22:00:00,89.7
2025-06-12 18:11:00,33.3
2025-06-12 08:48:00,42.0
2025-06-12 07:08:00,61.8
2025-06-12 03:19:00,10.3
2025-06-12 17:32:00,98.8
2025-06-12 06:25:00,24.9
2025-06-12 19:46:00,73.9
2025-06-12 06:37:00,12.0
2025-06-12 05:05:00,14.4
2025-06-12 11:48:00,67.2
2025-06-12 00:24:00,75.4
2025-06-12 04:13:00,19.6
2025-06-12 18:40:00,24.3
2025-06-12 20:05:00,11.7
2025-06-12 04:05:00,92.4
2025-06-12 14:06:00,41.9
2025-06-12 19:37:00,6.2
2025-06-12 04:45:00,61.3
2025-06-12 22:35:00,13.1
2025-06-12 10:04:00,75.4
2025-06-12 13:40:00,50.406503298774744
2025-06-12 17:10:00,33.8
2025-06-12 14:38:00,70.5
2025-06-12 19:07:00,50.406503298774744
2025-06-12 10:32:00,29.6
2025-06-12 03:23:00,31.5
2025-06-12 13:24:00,47.2
2025-06-12 09:25:00,50.406503298774744
2025-06-12 20:02:00,50.406503298774744
2025-06-12 04:25:00,16.6
2025-06-12 01:20:00,55.5
2025-06-12 01:54:00,70.5
2025-06-12 03:26:00,16.2
2025-06-12 02:29:00,80.8
2025-06-12 19:07:00,40.8
2025-06-12 06:06:00,36.7
2025-06-12 18:10:00,2.2
2025-06-12 00:54:00,56.0
2025-06-12 13:49:00,50.406503298774744
2025-06-12 04:18:00,50.406503298774744
2025-06-12 13:44:00,72.7
2025-06-12 19:28:00,56.1
2025-06-12 20:58:00,7.3
2025-06-12 06:40:00,20.3
2025-06-12 05:36:00,36.3
2025-06-12 10:55:00,79.9
2025-06-12 16:20:00,30.9
2025-06-12 09:19:00,94.5
2025-06-12 19:35:00,92.9
2025-06-12 23:58:00,49.4
2025-06-12 07:18:00,68.0
2025-06-12 22:31:00,59.9
2025-06-12 14:05:00,60.9
2025-06-12 13:12:00,5.4
2025-06-12 19:50:00,6.0
2025-06-12 21:52:00,67.5
2025-06-12 17:25:00,34.6
2025-06-12 09:14:00,25.7
2025-06-12 07:42:00,79.0
2025-06-12 10:16:00,73.4
2025-06-12 15:41:00,50.3160582227961
2025-06-12 03:59:00,8.5
2025-06-12 07:29:00,43.5
2025-06-12 13:20:00,50.3160582227961
2025-06-12 14:53:00,7.4
2025-06-12 00:13:00,29.6
2025-06-12 04:18:00,66.6
2025-06-12 06:24:00,66.4
2025-06-12 12:53:00,50.3160582227961
2025-06-12 00:39:00,50.3160582227961
2025-06-12 23:27:00,88.6
2025-06-12 09:14:00,50.3160582227961
2025-06-12 01:42:00,58.7
2025-06-12 00:25:00,69.6
2025-06-12 23:46:00,20.0
2025-06-12 20:35:00,93.4
2025-06-12 17:41:00,50.3160582227961
2025-06-12 12:51:00,26.9
2025-06-12 15:28:00,84.9
2025-06-12 08:56:00,50.3160582227961
2025-06-12 23:59:00,50.3160582227961
2025-06-12 12:06:00,73.1
2025-06-12 10:38:00,99.9
2025-06-12 10:27:00,22.6
2025-06-12 00:06:00,3.6
2025-06-12 05:57:00,25.9
2025-06-12 10:22:00,73.0
2025-06-12 09:07:00,74.9
2025-06-12 01:04:00,21.8
2025-06-12 19:39:00,96.3
2025-06-12 13:20:00,5.1
2025-06-12 08:03:00,89.9
2025-06-12 04:37:00,64.2
2025-06-12 20:16:00,15.3
2025-06-12 22:12:00,80.8
2025-06-12 18:50:00,86.8
2025-06-12 14:16:00,50.3160582227961
2025-06-12 06:33:00,28.7
2025-06-12 05:19:00,78.4
2025-06-12 13:24:00,50.3160582227961
2025-06-12 14:13:00,50.3160582227961
2025-06-12 21:00:00,51.4
2025-06-12 12:16:00,38.9
2025-06-12 16:54:00,55.7
2025-06-12 19:57:00,2.1
2025-06-12 06:52:00,50.3160582227961
2025-06-12 13:56:00,50.3160582227961
2025-06-12 19:02:00,3.0
2025-06-12 07:31:00,84.4
2025-06-12 12:22:00,4.9
2025-06-12 15:12:00,70.0
2025-06-12 00:14:00,15.2
2025-06-12 02:35:00,89.8
2025-06-12 20:44:00,33.9
2025-06-12 07:16:00,0.2
2025-06-12 21:05:00,48.2
2025-06-12 12:37:00,55.4
2025-06-12 08:32:00,50.3160582227961
2025-06-12 19:34:00,89.6
2025-06-12 14:22:00,87.6
2025-06-12 19:20:00,24.3
2025-06-12 01:49:00,34.8
2025-06-12 02:57:00,60.4
2025-06-12 07:02:00,97.0
2025-06-12 19:56:00,55.3
2025-06-12 21:19:00,99.4
2025-06-12 12:27:00,22.8
2025-06-12 18:57:00,50.3160582227961
2025-06-12 04:04:00,50.3160582227961
2025-06-12 15:13:00,71.8
2025-06-12 08:54:00,1.7
2025-06-12 00:43:00,2.3
2025-06-12 09:57:00,26.2
2025-06-12 06:54:00,16.9
2025-06-12 22:15:00,13.3
2025-06-12 00:55:00,0.2
2025-06-12 19:22:00,70.9
2025-06-12 06:20:00,47.2
2025-06-12 14:16:00,5.9
2025-06-12 07:52:00,66.9
2025-06-12 22:28:00,85.8
2025-06-12 16:13:00,92.1
2025-06-12 12:09:00,58.9
2025-06-12 21:24:00,99.9
2025-06-12 22:05:00,61.7
2025-06-12 07:55:00,25.1
2025-06-12 07:05:00,40.2
2025-06-12 15:36:00,75.9
2025-06-12 19:47:00,43.4
2025-06-12 00:32:00,96.8
2025-06-12 05:24:00,54.6
2025-06-12 04:43:00,42.5
2025-06-12 21:02:00,0.8
2025-06-12 20:53:00,65.0
2025-06-12 14:13:00,83.8
2025-06-12 01:11:00,65.2
2025-06-12 21:05:00,50.3160582227961
2025-06-12 11:40:00,21.6
2025-06-12 19:06:00,4.1
2025-06-12 10:28:00,46.1
2025-06-12 03:30:00,54.4
2025-06-12 17:55:00,27.9
2025-06-12 02:06:00,50.3160582227961
2025-06-12 19:29:00,50.3160582227961
2025-06-12 22:41:00,45.1
2025-06-12 10:15:00,31.2
2025-06-12 06:49:00,56.7
2025-06-12 01:23:00,70.7
2025-06-12 07:49:00,46.0
2025-06-12 01:58:00,48.0
2025-06-12 01:28:00,80.1
2025-06-12 14:35:00,50.3160582227961
2025-06-12 08:23:00,8.7
2025-06-12 13:11:00,19.6
2025-06-12 18:24:00,2.4
2025-06-12 02:26:00,44.1
2025-06-12 19:38:00,80.3
2025-06-12 15:30:00,50.3160582227961
2025-06-12 22:59:00,78.2
2025-06-12 03:57:00,31.2
2025-06-12 11:08:00,44.4
2025-06-12 21:57:00,20.5
2025-06-12 16:08:00,50.3160582227961
2025-06-12 15:54:00,77.6
2025-06-12 18:44:00,55.4
2025-06-12 20:56:00,85.6
2025-06-12 20:29:00,50.3160582227961
2025-06-12 14:44:00,19.7
2025-06-12 15:38:00,46.1
2025-06-12 20:15:00,88.0
2025-06-12 23:30:00,95.9
2025-06-12 00:28:00,50.3160582227961
2025-06-12 11:09:00,70.1
2025-06-12 04:45:00,98.5
2025-06-12 05:30:00,19.9
2025-06-12 20:07:00,95.0
2025-06-12 10:01:00,50.3160582227961
2025-06-12 16:55:00,50.3160582227961
2025-06-12 05:25:00,90.6
2025-06-12 17:11:00,7.8
2025-06-12 06:44:00,34.2
2025-06-12 23:48:00,1.2
2025-06-12 04:15:00,50.3160582227961
2025-06-12 06:14:00,58.2
2025-06-12 14:43:00,46.9
2025-06-12 11:43:00,50.3160582227961
2025-06-12 21:26:00,96.4
2025-06-12 02:19:00,68.6
2025-06-12 08:02:00,89.0
2025-06-12 09:32:00,51.9
2025-06-12 05:21:00,18.5
2025-06-12 00:13:00,80.6
2025-06-12 09:44:00,30.1
2025-06-12 20:39:00,98.6
2025-06-12 05:03:00,89.6
2025-06-12 22:14:00,16.2
2025-06-12 22:05:00,40.9
2025-06-12 20:21:00,2.2
2025-06-12 22:12:00,68.4
2025-06-12 19:05:00,96.1
2025-06-12 16:25:00,71.0
2025-06-12 02:42:00,92.1
2025-06-12 22:52:00,64.4
2025-06-12 03:53:00,7.1
2025-06-12 20:58:00,3.5
2025-06-12 21:48:00,32.4
2025-06-12 12:34:00,33.7
2025-06-12 19:25:00,3.9
2025-06-12 04:38:00,50.3160582227961
2025-06-12 17:09:00,7.9
2025-06-12 19:36:00,33.8
2025-06-12 13:48:00,26.4
2025-06-12 10:46:00,3.8
2025-06-12 13:58:00,45.7
2025-06-12 11:35:00,50.3160582227961
2025-06-12 05:50:00,41.6
2025-06-12 23:48:00,75.1
2025-06-12 06:07:00,50.3160582227961
2025-06-12 10:02:00,77.4
2025-06-12 10:47:00,50.3160582227961
2025-06-12 01:01:00,98.2
2025-06-12 12:30:00,20.0
2025-06-12 04:42:00,20.0
2025-06-12 21:23:00,50.3160582227961
2025-06-12 23:32:00,6.8
2025-06-12 09:35:00,98.2
2025-06-12 10:51:00,53.5
2025-06-12 23:15:00,11.1
2025-06-12 01:06:00,88.1
2025-06-12 10:07:00,16.6
2025-06-12 01:59:00,88.5
2025-06-12 18:34:00,89.8
2025-06-12 14:51:00,94.6
2025-06-12 15:55:00,66.5
2025-06-12 03:47:00,25.4
2025-06-12 16:16:00,63.1
2025-06-12 09:56:00,63.8
2025-06-12 14:37:00,32.3
2025-06-12 18:13:00,50.3160582227961
2025-06-12 17:15:00,88.2
2025-06-12 20:15:00,10.2
2025-06-12 03:31:00,39.9
2025-06-12 15:03:00,85.9
2025-06-12 20:27:00,93.6
2025-06-12 02:45:00,81.0
2025-06-12 20:13:00,18.5
2025-06-12 10:32:00,45.8
2025-06-12 12:24:00,47.1
2025-06-12 18:57:00,5.9
2025-06-12 04:11:00,55.7
2025-06-12 06:45:00,39.7
2025-06-12 20:05:00,88.6
2025-06-12 21:06:00,50.3160582227961
2025-06-12 23:56:00,11.8
2025-06-12 08:31:00,46.2
2025-06-12 13:29:00,25.1
2025-06-12 19:07:00,93.0
2025-06-12 10:22:00,50.3160582227961
2025-06-12 23:50:00,47.1
2025-06-12 08:13:00,71.6
2025-06-12 00:26:00,65.1
2025-06-12 06:13:00,96.8
2025-06-12 10:13:00,78.2
2025-06-12 01:27:00,27.9
2025-06-12 23:12:00,95.7
2025-06-12 02:28:00,3.0
2025-06-12 18:06:00,61.5
2025-06-12 14:46:00,8.7
2025-06-12 09:13:00,30.7
2025-06-12 05:25:00,4.4
2025-06-12 05:40:00,74.8
2025-06-12 04:54:00,27.7
2025-06-12 15:13:00,55.5
2025-06-12 20:48:00,37.1
2025-06-12 17:47:00,50.3
2025-06-12 12:08:00,73.4
2025-06-12 05:32:00,50.3160582227961
2025-06-12 11:21:00,62.7
2025-06-12 14:29:00,47.8
2025-06-12 00:12:00,78.8
2025-06-12 16:06:00,47.4
2025-06-12 08:22:00,39.7
2025-06-12 13:18:00,96.7
2025-06-12 03:09:00,52.4
2025-06-12 05:00:00,83.6
2025-06-12 17:44:00,70.1
2025-06-12 20:12:00,35.9
2025-06-12 04:00:00,28.0
2025-06-12 06:38:00,35.2
2025-06-12 07:15:00,5.6
2025-06-12 14:18:00,45.4
2025-06-12 08:28:00,83.2
2025-06-12 08:28:00,57.9
2025-06-12 12:17:00,13.9
2025-06-12 05:20:00,50.3160582227961
2025-06-12 04:35:00,35.9
2025-06-12 23:40:00,52.6
2025-06-12 08:52:00,38.8
2025-06-12 23:16:00,80.9
2025-06-12 14:10:00,27.4
2025-06-12 08:17:00,1.0
2025-06-12 09:37:00,56.9
2025-06-12 03:45:00,93.7
2025-06-12 05:30:00,50.3160582227961
2025-06-12 11:20:00,50.4
2025-06-12 12:29:00,18.0
2025-06-12 20:31:00,63.6
2025-06-12 05:39:00,91.6
2025-06-12 11:52:00,86.2
2025-06-12 20:11:00,50.3160582227961
2025-06-12 12:01:00,30.8
2025-06-12 01:21:00,82.3
2025-06-12 06:43:00,7.6
2025-06-12 03:46:00,86.8
2025-06-12 14:24:00,76.9
2025-06-12 03:11:00,49.3
2025-06-12 09:23:00,36.6
2025-06-12 02:48:00,78.9
2025-06-12 23:12:00,67.4
2025-06-12 21:55:00,77.3
2025-06-12 14:58:00,26.4
2025-06-12 21:04:00,14.0
2025-06-12 21:12:00,32.7
2025-06-12 21:08:00,47.1
2025-06-12 12:23:00,87.6
2025-06-12 14:07:00,67.4
2025-06-12 08:22:00,78.1
2025-06-12 05:48:00,51.6
2025-06-12 08:30:00,37.5
2025-06-12 20:25:00,86.7
2025-06-12 08:56:00,78.2
2025-06-12 23:55:00,86.7
2025-06-12 17:25:00,56.1
2025-06-12 14:08:00,33.4
2025-06-12 23:51:00,55.9
2025-06-12 04:55:00,56.3
2025-06-12 09:31:00,50.3160582227961
2025-06-12 03:08:00,64.5
2025-06-12 21:08:00,84.4
2025-06-12 02:55:00,50.3160582227961
2025-06-12 14:29:00,57.9
2025-06-12 15:56:00,88.5
2025-06-12 19:06:00,51.6
2025-06-12 04:53:00,89.1
2025-06-12 05:57:00,50.3160582227961
2025-06-12 10:13:00,83.9
2025-06-12 19:22:00,50.3160582227961
2025-06-12 10:03:00,40.1
2025-06-12 00:50:00,30.8
2025-06-12 18:11:00,36.4
2025-06-12 06:59:00,42.5
2025-06-12 15:50:00,27.1
2025-06-12 22:17:00,1.0
2025-06-12 12:52:00,74.5
2025-06-12 08:44:00,24.8
2025-06-12 06:44:00,13.8
2025-06-12 09:10:00,99.6
2025-06-12 22:44:00,83.7
2025-06-12 20:56:00,77.9
2025-06-12 14:03:00,72.5
2025-06-12 06:16:00,89.5
2025-06-12 16:27:00,35.7
2025-06-12 08:04:00,21.1
2025-06-12 13:24:00,78.2
2025-06-12 17:41:00,53.7
2025-06-12 17:13:00,78.2
2025-06-12 11:37:00,42.7
2025-06-12 09:53:00,92.3
2025-06-12 18:22:00,20.3
2025-06-12 05:45:00,16.9
2025-06-12 03:49:00,24.1
2025-06-12 18:26:00,35.0
2025-06-12 16:40:00,86.6
2025-06-12 04:00:00,19.1
2025-06-12 21:47:00,75.7
2025-06-12 06:00:00,33.4
2025-06-12 13:41:00,37.7
2025-06-12 18:57:00,23.1
2025-06-12 10:59:00,60.8
2025-06-12 09:11:00,82.2
2025-06-12 16:37:00,53.3
2025-06-12 10:44:00,50.04954009433962
2025-06-12 20:33:00,4.3
2025-06-12 14:43:00,87.4
2025-06-12 16:58:00,5.8
2025-06-12 22:16:00,97.1
2025-06-12 16:48:00,27.4
2025-06-12 16:26:00,21.3
2025-06-12 19:28:00,94.4
2025-06-12 22:59:00,27.4
2025-06-12 14:48:00,50.04954009433962
2025-06-12 03:55:00,11.9
2025-06-12 05:50:00,96.8
2025-06-12 05:15:00,75.6
2025-06-12 07:15:00,82.4
2025-06-12 03:34:00,36.3
2025-06-12 23:07:00,76.4
2025-06-12 22:57:00,30.2
2025-06-12 08:41:00,72.7
2025-06-12 09:52:00,76.6
2025-06-12 09:47:00,50.04954009433962
2025-06-12 02:03:00,94.3
2025-06-12 01:07:00,24.7
2025-06-12 23:05:00,94.6
2025-06-12 23:49:00,75.5
2025-06-12 07:43:00,4.4
2025-06-12 13:28:00,96.8
2025-06-12 01:57:00,50.04954009433962
2025-06-12 08:41:00,8.4
2025-06-12 04:20:00,74.1
2025-06-12 10:01:00,69.7
2025-06-12 14:40:00,14.5
2025-06-12 13:50:00,5.1
2025-06-12 02:09:00,31.9
2025-06-12 15:41:00,15.4
2025-06-12 07:17:00,79.9
2025-06-12 18:11:00,33.9
2025-06-12 18:03:00,49.9
2025-06-12 06:13:00,60.5
2025-06-12 21:53:00,98.9
2025-06-12 18:04:00,42.1
2025-06-12 17:46:00,24.2
2025-06-12 15:55:00,50.04954009433962
2025-06-12 11:16:00,10.6
2025-06-12 02:22:00,61.5
2025-06-12 01:43:00,19.2
2025-06-12 15:38:00,50.04954009433962
2025-06-12 22:27:00,10.3
2025-06-12 17:48:00,66.7
2025-06-12 15:58:00,20.5
2025-06-12 08:07:00,58.6
2025-06-12 09:27:00,14.6
2025-06-12 07:18:00,47.1
2025-06-12 22:35:00,34.0
2025-06-12 14:51:00,79.6
2025-06-12 12:54:00,2.5
2025-06-12 05:50:00,50.04954009433962
2025-06-12 05:30:00,15.8
2025-06-12 15:00:00,68.9
2025-06-12 08:24:00,50.04954009433962
2025-06-12 05:06:00,33.7
2025-06-12 02:42:00,67.1
2025-06-12 03:41:00,50.04954009433962
2025-06-12 03:52:00,38.9
2025-06-12 04:28:00,50.04954009433962
2025-06-12 16:45:00,89.1
2025-06-12 12:21:00,4.9
2025-06-12 05:59:00,97.3
2025-06-12 23:31:00,50.04954009433962
2025-06-12 20:52:00,78.0
2025-06-12 03:47:00,78.2
2025-06-12 04:13:00,90.9
2025-06-12 03:56:00,31.2
2025-06-12 13:43:00,40.6
2025-06-12 12:04:00,45.8
2025-06-12 23:55:00,91.2
2025-06-12 20:04:00,45.1
2025-06-12 07:34:00,92.5
2025-06-12 06:01:00,88.5
2025-06-12 12:03:00,50.04954009433962
2025-06-12 12:21:00,54.8
2025-06-12 21:13:00,16.7
2025-06-12 01:55:00,22.6
2025-06-12 14:19:00,49.0
2025-06-12 05:55:00,54.0
2025-06-12 14:24:00,77.3
2025-06-12 14:31:00,80.7
2025-06-12 16:44:00,55.1
2025-06-12 14:48:00,49.3
2025-06-12 04:10:00,50.04954009433962
2025-06-12 03:56:00,52.4
2025-06-12 19:58:00,53.7
2025-06-12 10:09:00,61.7
2025-06-12 14:08:00,35.6
2025-06-12 22:08:00,55.7
2025-06-12 08:45:00,0.4
2025-06-12 00:46:00,50.6
2025-06-12 22:27:00,42.3
2025-06-12 14:05:00,19.1
2025-06-12 07:31:00,96.9
2025-06-12 23:16:00,82.4
2025-06-12 22:12:00,66.5
2025-06-12 11:03:00,8.0
2025-06-12 05:03:00,98.1
2025-06-12 13:11:00,90.1
2025-06-12 23:20:00,58.1
2025-06-12 00:37:00,9.7
2025-06-12 06:11:00,1.9
2025-06-12 07:14:00,53.5
2025-06-12 01:34:00,94.6
2025-06-12 02:46:00,18.7
2025-06-12 02:36:00,50.04954009433962
2025-06-12 01:46:00,98.5
2025-06-12 10:25:00,50.04954009433962
2025-06-12 04:37:00,36.0
2025-06-12 00:43:00,42.3
2025-06-12 02:14:00,12.5
2025-06-12 00:02:00,29.4
2025-06-12 08:09:00,50.04954009433962
2025-06-12 17:52:00,78.9
2025-06-12 07:56:00,94.3
2025-06-12 00:24:00,86.3
2025-06-12 05:28:00,50.04954009433962
2025-06-12 03:33:00,32.5
2025-06-12 06:04:00,50.04954009433962
2025-06-12 01:20:00,50.04954009433962
2025-06-12 19:55:00,91.7
2025-06-12 13:34:00,38.9
2025-06-12 20:20:00,31.9
2025-06-12 05:17:00,58.6
2025-06-12 07:43:00,50.1
2025-06-12 05:23:00,35.6
2025-06-12 09:30:00,86.7
2025-06-12 16:06:00,1.8
2025-06-12 19:49:00,96.6
2025-06-12 10:23:00,32.5
2025-06-12 11:26:00,77.2
2025-06-12 08:36:00,80.8
2025-06-12 00:31:00,34.6
2025-06-12 23:12:00,47.3
2025-06-12 21:12:00,21.7
2025-06-12 12:53:00,31.7
2025-06-12 08:29:00,24.5
2025-06-12 17:09:00,2.2
2025-06-12 19:21:00,87.5
2025-06-12 01:32:00,19.5
2025-06-12 10:47:00,52.5
2025-06-12 02:38:00,72.3
2025-06-12 23:30:00,9.4
2025-06-12 03:08:00,40.9
2025-06-12 11:06:00,89.6
2025-06-12 16:39:00,34.1
2025-06-12 09:06:00,67.4
2025-06-12 21:50:00,98.2
2025-06-12 03:45:00,60.7
2025-06-12 18:20:00,75.4
2025-06-12 00:41:00,42.8
2025-06-12 07:03:00,56.5
2025-06-12 18:17:00,54.1
2025-06-12 15:40:00,44.0
2025-06-12 07:31:00,84.0
2025-06-12 06:45:00,46.7
2025-06-12 17:59:00,96.2
2025-06-12 01:25:00,97.2
2025-06-12 08:00:00,17.9
2025-06-12 22:51:00,50.04954009433962
2025-06-12 09:40:00,9.7
2025-06-12 21:10:00,97.1
2025-06-12 20:41:00,60.7
2025-06-12 15:11:00,6.4
2025-06-12 22:30:00,58.8
2025-06-12 13:09:00,82.5
2025-06-12 21:44:00,59.0
2025-06-12 04:52:00,70.9
2025-06-12 00:41:00,99.7
2025-06-12 00:48:00,25.1
2025-06-12 07:14:00,46.4
2025-06-12 13:29:00,65.3
2025-06-12 09:16:00,82.7
2025-06-12 12:16:00,21.9
2025-06-12 20:36:00,50.04954009433962
2025-06-12 06:39:00,69.4
2025-06-12 07:48:00,6.6
2025-06-12 15:36:00,91.8
2025-06-12 07:31:00,50.04954009433962
2025-06-12 20:24:00,97.5
2025-06-12 20:18:00,56.4
2025-06-12 04:56:00,80.2
2025-06-12 07:10:00,50.04954009433962
2025-06-12 23:19:00,25.1
2025-06-12 09:58:00,68.1
2025-06-12 07:33:00,36.1
2025-06-12 02:40:00,0.1
2025-06-12 21:42:00,50.04954009433962
2025-06-12 03:48:00,48.5
2025-06-12 10:45:00,32.0
2025-06-12 16:01:00,76.3
2025-06-12 10:15:00,26.1
2025-06-12 11:42:00,98.9
2025-06-12 04:39:00,44.8
2025-06-12 14:03:00,35.9
2025-06-12 03:56:00,50.04954009433962
2025-06-12 11:34:00,15.6
2025-06-12 15:49:00,20.7
2025-06-12 11:34:00,73.2
2025-06-12 23:22:00,50.04954009433962
2025-06-12 19:54:00,50.04954009433962
2025-06-12 08:02:00,64.4
2025-06-12 08:04:00,34.9
2025-06-12 05:20:00,86.0
2025-06-12 17:09:00,50.04954009433962
2025-06-12 09:07:00,19.5
2025-06-12 06:17:00,33.9
2025-06-12 00:15:00,57.7
2025-06-12 21:13:00,8.4
2025-06-12 12:20:00,85.6
2025-06-12 00:14:00,50.04954009433962
2025-06-12 21:19:00,58.4
2025-06-12 17:45:00,50.04954009433962
2025-06-12 21:48:00,31.0
2025-06-12 06:55:00,59.8
2025-06-12 05:28:00,54.9
2025-06-12 06:51:00,57.6
2025-06-12 12:49:00,9.8
2025-06-12 22:57:00,91.0
2025-06-12 07:02:00,65.7
2025-06-12 21:06:00,50.04954009433962
2025-06-12 07:26:00,7.1
2025-06-12 14:37:00,42.6
2025-06-12 09:02:00,84.9
2025-06-12 18:45:00,41.3
2025-06-12 11:54:00,36.1
2025-06-12 10:20:00,77.8
2025-06-12 07:59:00,20.1
2025-06-12 14:42:00,76.4
2025-06-12 07:06:00,34.4
2025-06-12 02:53:00,30.8
2025-06-12 15:07:00,97.5
2025-06-12 04:00:00,82.2
2025-06-12 03:25:00,41.4
2025-06-12 17:48:00,62.5
2025-06-12 09:29:00,83.0
2025-06-12 14:36:00,59.0
2025-06-12 20:09:00,46.4
2025-06-12 22:47:00,18.5
2025-06-12 10:13:00,85.3
2025-06-12 00:53:00,74.8
2025-06-12 18:59:00,42.8
2025-06-12 23:44:00,50.04954009433962
2025-06-12 14:27:00,34.9
2025-06-12 15:24:00,61.7
2025-06-12 15:47:00,50.04954009433962
2025-06-12 16:15:00,61.9
2025-06-12 07:27:00,50.04954009433962
2025-06-12 06:18:00,5.2
2025-06-12 19:41:00,2.4
2025-06-12 07:20:00,30.6
2025-06-12 16:48:00,95.2
2025-06-12 09:28:00,26.9
2025-06-12 05:47:00,50.04954009433962
2025-06-12 13:41:00,2.2
2025-06-12 21:47:00,11.8
2025-06-12 14:23:00,21.3
2025-06-12 06:05:00,32.6
2025-06-12 19:57:00,51.6
2025-06-12 21:51:00,50.04954009433962
2025-06-12 09:05:00,11.0
2025-06-12 08:50:00,50.04954009433962
2025-06-12 02:12:00,39.7
2025-06-12 19:55:00,57.0
2025-06-12 20:58:00,27.4
2025-06-12 19:39:00,26.6
2025-06-12 15:14:00,50.04954009433962
2025-06-12 21:51:00,32.2
2025-06-12 10:02:00,31.8
2025-06-12 05:20:00,7.9
2025-06-12 20:16:00,77.4
2025-06-12 06:39:00,31.1
2025-06-12 02:03:00,18.4
2025-06-12 21:29:00,47.8
2025-06-12 21:37:00,2.1
2025-06-12 03:34:00,28.2
2025-06-12 19:51:00,8.2
2025-06-12 18:29:00,50.04954009433962
2025-06-12 14:30:00,67.7
2025-06-12 03:09:00,20.1
2025-06-12 20:34:00,16.2
2025-06-12 13:42:00,50.04954009433962
2025-06-12 04:22:00,60.6
2025-06-12 03:37:00,54.5
2025-06-12 20:43:00,0.6
2025-06-12 23:42:00,77.6
2025-06-12 19:29:00,50.04954009433962
2025-06-12 00:00:00,26.5
2025-06-12 17:40:00,31.6
2025-06-12 13:35:00,88.8
2025-06-12 20:33:00,17.7
2025-06-12 08:42:00,55.6
2025-06-12 15:36:00,65.8
2025-06-12 16:17:00,73.7
2025-06-12 02:28:00,35.8
2025-06-12 15:53:00,25.5
2025-06-12 00:52:00,23.6
2025-06-12 21:28:00,50.04954009433962
2025-06-12 00:21:00,48.8
2025-06-12 18:15:00,77.7
2025-06-12 08:59:00,78.4
2025-06-12 20:11:00,92.2
2025-06-12 22:15:00,26.9
2025-06-12 01:26:00,85.2
2025-06-12 02:43:00,61.3
2025-06-12 19:58:00,32.9
2025-06-12 19:52:00,6.6
2025-06-12 20:14:00,1.5
2025-06-12 18:40:00,76.0
2025-06-12 01:44:00,7.7
2025-06-12 09:13:00,50.04954009433962
2025-06-12 02:08:00,27.8
2025-06-12 09:48:00,27.2
2025-06-12 20:41:00,4.9
2025-06-12 19:43:00,50.04954009433962
2025-06-12 14:17:00,36.2
2025-06-12 20:20:00,50.04954009433962
2025-06-12 09:02:00,73.9
2025-06-12 04:17:00,4.4
2025-06-12 16:03:00,77.4
2025-06-12 01:18:00,50.06682414078186
2025-06-12 10:44:00,93.5
2025-06-12 10:01:00,20.7
2025-06-12 03:10:00,90.9
2025-06-12 06:40:00,46.4
2025-06-12 21:08:00,68.0
2025-06-12 03:50:00,9.8
2025-06-12 11:39:00,41.7
2025-06-12 02:01:00,50.06682414078186
2025-06-12 07:32:00,72.5
2025-06-12 21:02:00,82.0
2025-06-12 21:29:00,29.5
2025-06-12 07:59:00,61.1
2025-06-12 13:14:00,95.4
2025-06-12 00:30:00,91.8
2025-06-12 15:36:00,50.06682414078186
2025-06-12 02:49:00,50.06682414078186
2025-06-12 02:15:00,12.3
2025-06-12 05:33:00,62.3
2025-06-12 08:36:00,13.4
2025-06-12 19:30:00,22.7
2025-06-12 08:10:00,79.4
2025-06-12 19:32:00,36.6
2025-06-12 22:28:00,66.8
2025-06-12 12:37:00,25.1
2025-06-12 05:14:00,3.4
2025-06-12 14:45:00,50.06682414078186
2025-06-12 11:33:00,87.2
2025-06-12 15:31:00,76.2
2025-06-12 18:02:00,80.2
2025-06-12 04:15:00,35.9
2025-06-12 20:12:00,50.06682414078186
2025-06-12 00:00:00,15.8
2025-06-12 20:37:00,12.0
2025-06-12 04:34:00,94.6
2025-06-12 07:08:00,70.5
2025-06-12 05:51:00,33.0
2025-06-12 08:04:00,80.7
2025-06-12 11:31:00,10.2
2025-06-12 05:53:00,84.7
2025-06-12 07:25:00,40.0
2025-06-12 21:43:00,89.6
2025-06-12 16:00:00,51.9
2025-06-12 01:27:00,64.0
2025-06-12 22:31:00,16.2
2025-06-12 13:15:00,25.7
2025-06-12 14:25:00,82.4
2025-06-12 22:41:00,50.06682414078186
2025-06-12 03:08:00,40.0
2025-06-12 11:34:00,22.4
2025-06-12 06:35:00,62.9
2025-06-12 00:47:00,50.6
2025-06-12 19:58:00,92.1
2025-06-12 14:28:00,68.6
2025-06-12 13:42:00,52.8
2025-06-12 07:15:00,7.5
2025-06-12 19:24:00,82.0
2025-06-12 04:14:00,7.3
2025-06-12 20:08:00,19.9
2025-06-12 19:14:00,48.1
2025-06-12 22:41:00,28.5
2025-06-12 18:52:00,15.6
2025-06-12 02:14:00,95.6
2025-06-12 15:55:00,92.8
2025-06-12 16:39:00,50.06682414078186
2025-06-12 00:01:00,50.06682414078186
2025-06-12 01:06:00,52.7
2025-06-12 03:54:00,38.2
2025-06-12 16:28:00,50.06682414078186
2025-06-12 17:02:00,90.1
2025-06-12 01:51:00,75.5
2025-06-12 13:17:00,39.3
2025-06-12 10:47:00,50.06682414078186
2025-06-12 00:36:00,50.06682414078186
2025-06-12 12:22:00,69.8
2025-06-12 02:58:00,70.2
2025-06-12 01:31:00,19.9
2025-06-12 00:04:00,52.2
2025-06-12 21:07:00,27.8
2025-06-12 09:43:00,79.1
2025-06-12 03:10:00,50.06682414078186
2025-06-12 22:26:00,71.5
2025-06-12 14:09:00,4.0
2025-06-12 20:12:00,93.6
2025-06-12 20:35:00,41.4
2025-06-12 20:26:00,50.06682414078186
2025-06-12 06:45:00,7.2
2025-06-12 05:36:00,18.6
2025-06-12 20:54:00,64.1
2025-06-12 18:55:00,50.2
2025-06-12 00:39:00,15.0
2025-06-12 04:09:00,89.9
2025-06-12 13:56:00,69.5
2025-06-12 12:22:00,44.0
2025-06-12 13:58:00,95.0
2025-06-12 05:42:00,1.2
2025-06-12 13:53:00,46.3
2025-06-12 16:16:00,50.06682414078186
2025-06-12 15:16:00,97.5
2025-06-12 09:38:00,70.5
2025-06-12 10:13:00,10.7
2025-06-12 15:04:00,22.3
2025-06-12 14:17:00,97.4
2025-06-12 08:09:00,70.9
2025-06-12 09:32:00,50.06682414078186
2025-06-12 13:26:00,98.9
2025-06-12 12:50:00,9.8
2025-06-12 04:10:00,22.4
2025-06-12 06:26:00,26.7
2025-06-12 13:32:00,77.9
2025-06-12 00:38:00,1.9
2025-06-12 06:35:00,2.2
2025-06-12 06:18:00,50.06682414078186
2025-06-12 11:30:00,14.1
2025-06-12 19:35:00,47.7
2025-06-12 08:27:00,87.0
2025-06-12 23:30:00,12.9
2025-06-12 07:13:00,7.0
2025-06-12 07:32:00,82.3
2025-06-12 19:17:00,12.1
2025-06-12 03:58:00,64.3
2025-06-12 06:41:00,50.06682414078186
2025-06-12 10:19:00,74.1
2025-06-12 19:47:00,43.5
2025-06-12 11:36:00,47.9
2025-06-12 14:47:00,92.5
2025-06-12 12:22:00,22.6
2025-06-12 11:56:00,80.3
2025-06-12 10:36:00,67.8
2025-06-12 06:33:00,99.1
2025-06-12 16:25:00,10.9
2025-06-12 09:57:00,40.2
2025-06-12 08:20:00,99.3
2025-06-12 01:05:00,19.1
2025-06-12 19:14:00,26.5
2025-06-12 06:15:00,24.9
2025-06-12 16:57:00,31.4
2025-06-12 20:39:00,57.7
2025-06-12 14:44:00,84.5
2025-06-12 07:34:00,50.06682414078186
2025-06-12 02:33:00,76.8
2025-06-12 06:47:00,80.4
2025-06-12 23:49:00,57.5
2025-06-12 22:57:00,50.06682414078186
2025-06-12 22:46:00,39.8
2025-06-12 07:01:00,35.1
2025-06-12 00:24:00,17.8
2025-06-12 12:29:00,63.7
2025-06-12 03:03:00,46.6
2025-06-12 06:29:00,47.9
2025-06-12 10:16:00,22.9
2025-06-12 11:53:00,30.7
2025-06-12 17:03:00,29.8
2025-06-12 06:25:00,88.6
2025-06-12 16:10:00,21.2
2025-06-12 22:55:00,2.5
2025-06-12 07:14:00,43.3
2025-06-12 18:04:00,50.06682414078186
2025-06-12 13:32:00,28.4
2025-06-12 00:31:00,50.06682414078186
2025-06-12 06:32:00,96.3
2025-06-12 00:49:00,50.3
2025-06-12 15:59:00,50.06682414078186
2025-06-12 10:13:00,49.7
2025-06-12 22:06:00,10.5
2025-06-12 13:50:00,30.9
2025-06-12 07:14:00,85.4
2025-06-12 22:57:00,19.0
2025-06-12 04:44:00,6.4
2025-06-12 05:31:00,87.1
2025-06-12 08:58:00,9.9
2025-06-12 03:36:00,70.9
2025-06-12 00:39:00,16.5
2025-06-12 10:42:00,19.6
2025-06-12 09:38:00,50.06682414078186
2025-06-12 17:39:00,96.0
2025-06-12 02:56:00,89.2
2025-06-12 02:10:00,92.6
2025-06-12 17:58:00,14.1
2025-06-12 19:12:00,35.1
2025-06-12 05:53:00,43.0
2025-06-12 03:38:00,60.8
2025-06-12 08:07:00,52.7
2025-06-12 10:13:00,3.6
2025-06-12 13:31:00,78.4
2025-06-12 01:12:00,50.06682414078186
2025-06-12 05:46:00,50.06682414078186
2025-06-12 19:41:00,88.2
2025-06-12 02:40:00,64.7
2025-06-12 01:36:00,30.1
2025-06-12 12:00:00,80.3
2025-06-12 15:44:00,38.8
2025-06-12 03:42:00,28.7
2025-06-12 16:32:00,54.9
2025-06-12 01:46:00,79.1
2025-06-12 18:22:00,5.3
2025-06-12 08:27:00,78.6
2025-06-12 13:30:00,50.06682414078186
2025-06-12 00:35:00,9.2
2025-06-12 00:08:00,64.2
2025-06-12 11:36:00,11.5
2025-06-12 18:14:00,87.3
2025-06-12 01:24:00,39.0
2025-06-12 21:56:00,21.4
2025-06-12 16:59:00,5.0
2025-06-12 20:15:00,6.0
2025-06-12 03:45:00,86.8
2025-06-12 05:32:00,82.9
2025-06-12 11:14:00,27.1
2025-06-12 07:18:00,72.1
2025-06-12 18:46:00,41.7
2025-06-12 23:03:00,47.5
2025-06-12 22:31:00,29.7
2025-06-12 22:18:00,11.9
2025-06-12 12:18:00,50.0
2025-06-12 13:24:00,48.6
2025-06-12 10:39:00,32.4
2025-06-12 06:17:00,71.4
2025-06-12 18:12:00,60.5
2025-06-12 05:10:00,41.8
2025-06-12 00:16:00,4.4
2025-06-12 21:11:00,79.9
2025-06-12 06:08:00,38.7
2025-06-12 00:23:00,93.2
2025-06-12 22:37:00,5.3
2025-06-12 13:29:00,98.2
2025-06-12 15:09:00,92.0
2025-06-12 07:56:00,93.2
2025-06-12 17:45:00,52.9
2025-06-12 10:34:00,65.7
2025-06-12 13:50:00,54.8
2025-06-12 08:45:00,68.9
2025-06-12 20:44:00,14.3
2025-06-12 18:55:00,96.3
2025-06-12 16:54:00,50.06682414078186
2025-06-12 22:47:00,31.8
2025-06-12 09:46:00,50.06682414078186
2025-06-12 04:38:00,84.9
2025-06-12 11:06:00,71.0
2025-06-12 12:32:00,50.06682414078186
2025-06-12 04:44:00,48.2
2025-06-12 16:42:00,78.7
2025-06-12 02:37:00,8.1
2025-06-12 03:21:00,50.06682414078186
2025-06-12 22:46:00,72.3
2025-06-12 01:13:00,58.0
2025-06-12 03:18:00,41.1
2025-06-12 03:29:00,50.06682414078186
2025-06-12 16:45:00,30.3
2025-06-12 05:14:00,50.06682414078186
2025-06-12 00:55:00,29.8
2025-06-12 02:17:00,47.9
2025-06-12 15:30:00,41.1
2025-06-12 15:22:00,50.06682414078186
2025-06-12 13:26:00,56.0
2025-06-12 03:26:00,98.4
2025-06-12 23:29:00,64.6
2025-06-12 19:59:00,50.06682414078186
2025-06-12 09:20:00,77.4
2025-06-12 11:41:00,50.06682414078186
2025-06-12 21:57:00,71.5
2025-06-12 17:17:00,71.9
2025-06-12 11:36:00,17.8
2025-06-12 09:32:00,54.2
2025-06-12 03:50:00,64.5
2025-06-12 10:44:00,34.6
2025-06-12 07:06:00,28.9
2025-06-12 06:20:00,59.4
2025-06-12 15:22:00,50.06682414078186
2025-06-12 14:37:00,50.06682414078186
2025-06-12 08:13:00,21.4
2025-06-12 23:27:00,52.3
2025-06-12 04:47:00,55.9
2025-06-12 00:59:00,92.5
2025-06-12 22:54:00,13.8
2025-06-12 12:35:00,98.9
2025-06-12 21:05:00,50.06682414078186
2025-06-12 10:44:00,8.0
2025-06-12 03:02:00,11.7
2025-06-12 18:27:00,40.1
2025-06-12 18:33:00,56.6
2025-06-12 14:18:00,50.06682414078186
2025-06-12 08:47:00,42.7
2025-06-12 06:51:00,17.1
2025-06-12 15:40:00,81.0
2025-06-12 12:48:00,40.2
2025-06-12 00:46:00,21.1
2025-06-12 04:41:00,90.1
2025-06-12 05:53:00,69.6
2025-06-12 04:48:00,78.9
2025-06-12 03:04:00,60.0
2025-06-12 20:01:00,54.6
2025-06-12 22:05:00,43.9
2025-06-12 05:04:00,4.4
2025-06-12 02:02:00,42.9
2025-06-12 11:35:00,51.6
2025-06-12 08:21:00,32.3
2025-06-12 04:13:00,81.7
2025-06-12 23:41:00,14.0
2025-06-12 18:56:00,72.1
2025-06-12 08:11:00,13.5
2025-06-12 15:54:00,64.7
2025-06-12 14:14:00,52.8
2025-06-12 07:34:00,92.4
2025-06-12 18:40:00,90.8
2025-06-12 21:40:00,76.2
2025-06-12 07:40:00,27.3
2025-06-12 09:25:00,99.6
2025-06-12 00:43:00,95.1
2025-06-12 19:52:00,50.06682414078186
2025-06-12 23:42:00,26.8
2025-06-12 20:20:00,20.0
2025-06-12 09:58:00,4.2
2025-06-12 10:43:00,63.8
2025-06-12 07:06:00,22.2
2025-06-12 03:52:00,55.9
2025-06-12 11:02:00,53.7
2025-06-12 15:55:00,40.7
2025-06-12 00:41:00,40.7
2025-06-12 01:17:00,49.6
2025-06-12 06:43:00,30.2
2025-06-12 09:26:00,1.7
2025-06-12 16:19:00,50.06682414078186
2025-06-12 18:54:00,17.8
2025-06-12 06:31:00,92.7
2025-06-12 21:54:00,85.2
2025-06-12 04:04:00,54.2
2025-06-12 04:09:00,35.0
2025-06-12 07:50:00,23.4
2025-06-12 14:53:00,16.9
2025-06-12 20:30:00,69.2
2025-06-12 03:20:00,49.378098152289034
2025-06-12 15:04:00,39.7
2025-06-12 18:04:00,94.1
2025-06-12 20:58:00,39.6
2025-06-12 12:59:00,45.6
2025-06-12 06:58:00,49.378098152289034
2025-06-12 02:53:00,37.0
2025-06-12 04:42:00,49.378098152289034
2025-06-12 14:16:00,35.5
2025-06-12 10:29:00,49.378098152289034
2025-06-12 01:10:00,41.1
2025-06-12 20:37:00,31.6
2025-06-12 06:11:00,4.2
2025-06-12 21:32:00,39.7
2025-06-12 03:28:00,49.378098152289034
2025-06-12 15:14:00,49.378098152289034
2025-06-12 19:29:00,88.0
2025-06-12 02:59:00,4.3
2025-06-12 15:09:00,49.378098152289034
2025-06-12 20:12:00,81.5
2025-06-12 08:58:00,74.0
2025-06-12 23:24:00,36.6
2025-06-12 23:16:00,49.378098152289034
2025-06-12 20:06:00,46.4
2025-06-12 19:22:00,7.9
2025-06-12 17:20:00,83.8
2025-06-12 05:24:00,38.0
2025-06-12 08:16:00,82.7
2025-06-12 15:18:00,7.0
2025-06-12 09:23:00,21.9
2025-06-12 03:01:00,17.2
2025-06-12 19:00:00,49.378098152289034
2025-06-12 06:27:00,98.9
2025-06-12 02:53:00,95.7
2025-06-12 17:30:00,49.378098152289034
2025-06-12 05:08:00,76.9
2025-06-12 18:13:00,75.0
2025-06-12 04:11:00,49.378098152289034
2025-06-12 11:29:00,18.1
2025-06-12 15:47:00,49.378098152289034
2025-06-12 22:21:00,49.378098152289034
2025-06-12 21:19:00,13.5
2025-06-12 18:54:00,49.378098152289034
2025-06-12 06:19:00,49.378098152289034
2025-06-12 20:29:00,41.3
2025-06-12 03:29:00,53.3
2025-06-12 17:45:00,15.7
2025-06-12 15:22:00,47.6
2025-06-12 03:40:00,23.7
2025-06-12 05:52:00,91.0
2025-06-12 23:52:00,49.378098152289034
2025-06-12 22:16:00,48.7
2025-06-12 08:44:00,74.6
2025-06-12 08:09:00,42.4
2025-06-12 13:03:00,49.378098152289034
2025-06-12 18:23:00,83.3
2025-06-12 22:22:00,49.378098152289034
2025-06-12 20:55:00,49.378098152289034
2025-06-12 18:05:00,18.0
2025-06-12 03:39:00,3.7
2025-06-12 04:15:00,95.9
2025-06-12 08:54:00,43.2
2025-06-12 09:48:00,64.9
2025-06-12 11:35:00,52.2
2025-06-12 07:35:00,79.2
2025-06-12 03:32:00,2.7
2025-06-12 09:18:00,49.378098152289034
2025-06-12 18:40:00,49.378098152289034
2025-06-12 17:03:00,49.378098152289034
2025-06-12 07:36:00,7.4
2025-06-12 04:03:00,81.7
2025-06-12 22:47:00,49.378098152289034
2025-06-12 21:15:00,49.378098152289034
2025-06-12 09:28:00,67.3
2025-06-12 21:24:00,95.8
2025-06-12 00:08:00,62.2
2025-06-12 12:41:00,56.5
2025-06-12 18:59:00,43.8
2025-06-12 01:46:00,62.6
2025-06-12 08:11:00,53.4
2025-06-12 11:26:00,55.8
2025-06-12 10:33:00,33.6
2025-06-12 14:06:00,62.3
2025-06-12 15:31:00,1.1
2025-06-12 14:40:00,45.3
2025-06-12 07:31:00,75.4
2025-06-12 00:20:00,97.3
2025-06-12 03:46:00,85.3
2025-06-12 21:58:00,49.378098152289034
2025-06-12 23:34:00,84.5
2025-06-12 05:15:00,49.378098152289034
2025-06-12 13:53:00,49.378098152289034
2025-06-12 08:51:00,57.7
2025-06-12 04:18:00,49.378098152289034
2025-06-12 16:56:00,49.378098152289034
2025-06-12 21:06:00,68.3
2025-06-12 11:02:00,83.3
2025-06-12 17:59:00,36.4
2025-06-12 23:04:00,8.9
2025-06-12 06:04:00,65.7
2025-06-12 13:49:00,49.378098152289034
2025-06-12 21:09:00,21.1
2025-06-12 21:26:00,62.3
2025-06-12 06:01:00,49.378098152289034
2025-06-12 08:04:00,52.0
2025-06-12 08:36:00,83.4
2025-06-12 05:22:00,22.1
2025-06-12 07:40:00,49.378098152289034
2025-06-12 14:17:00,99.9
2025-06-12 09:59:00,61.9
2025-06-12 03:13:00,38.2
2025-06-12 09:31:00,9.3
2025-06-12 00:24:00,82.5
2025-06-12 04:02:00,75.8
2025-06-12 13:56:00,81.9
2025-06-12 14:13:00,30.7
2025-06-12 19:19:00,17.1
2025-06-12 16:28:00,51.4
2025-06-12 08:34:00,78.3
2025-06-12 05:22:00,37.4
2025-06-12 22:05:00,26.7
2025-06-12 20:08:00,59.8
2025-06-12 14:27:00,75.4
2025-06-12 09:51:00,43.6
2025-06-12 14:52:00,71.3
2025-06-12 20:03:00,49.378098152289034
2025-06-12 23:30:00,71.1
2025-06-12 13:14:00,54.8
2025-06-12 23:04:00,20.8
2025-06-12 00:22:00,23.9
2025-06-12 20:53:00,41.2
2025-06-12 10:43:00,49.378098152289034
2025-06-12 03:39:00,80.2
2025-06-12 22:46:00,18.5
2025-06-12 15:56:00,49.378098152289034
2025-06-12 05:09:00,56.6
2025-06-12 11:36:00,22.3
2025-06-12 23:36:00,37.5
2025-06-12 18:33:00,65.2
2025-06-12 18:35:00,49.378098152289034
2025-06-12 18:04:00,44.0
2025-06-12 22:52:00,90.3
2025-06-12 16:58:00,79.3
2025-06-12 23:27:00,5.1
2025-06-12 14:26:00,68.3
2025-06-12 14:43:00,71.9
2025-06-12 02:49:00,60.0
2025-06-12 00:48:00,83.5
2025-06-12 23:22:00,48.0
2025-06-12 06:21:00,93.8
2025-06-12 10:57:00,45.0
2025-06-12 00:57:00,93.3
2025-06-12 16:21:00,29.0
2025-06-12 11:05:00,41.5
2025-06-12 10:22:00,38.4
2025-06-12 03:30:00,76.6
2025-06-12 15:25:00,74.8
2025-06-12 16:55:00,63.8
2025-06-12 11:24:00,45.2
2025-06-12 07:59:00,49.378098152289034
2025-06-12 07:40:00,43.8
2025-06-12 15:16:00,55.1
2025-06-12 17:56:00,38.2
2025-06-12 14:45:00,82.5
2025-06-12 16:49:00,49.378098152289034
2025-06-12 08:33:00,58.4
2025-06-12 05:34:00,37.9
2025-06-12 04:50:00,53.2
2025-06-12 15:37:00,49.378098152289034
2025-06-12 09:08:00,94.7
2025-06-12 12:06:00,22.3
2025-06-12 05:58:00,23.5
2025-06-12 09:11:00,16.2
2025-06-12 11:34:00,28.6
2025-06-12 04:47:00,43.4
2025-06-12 06:39:00,15.1
2025-06-12 01:14:00,21.9
2025-06-12 03:21:00,33.4
2025-06-12 03:05:00,16.3
2025-06-12 02:18:00,49.8
2025-06-12 10:31:00,79.5
2025-06-12 14:44:00,59.9
2025-06-12 21:35:00,49.378098152289034
2025-06-12 21:29:00,87.3
2025-06-12 18:33:00,59.6
2025-06-12 21:21:00,46.8
2025-06-12 19:37:00,22.6
2025-06-12 20:34:00,0.8
2025-06-12 07:47:00,37.3
2025-06-12 02:56:00,18.6
2025-06-12 05:43:00,60.7
2025-06-12 13:13:00,49.378098152289034
2025-06-12 16:59:00,89.9
2025-06-12 01:30:00,49.378098152289034
2025-06-12 14:49:00,6.3
2025-06-12 15:07:00,19.0
2025-06-12 12:59:00,33.4
2025-06-12 11:22:00,49.378098152289034
2025-06-12 02:29:00,49.378098152289034
2025-06-12 02:00:00,26.6
2025-06-12 19:10:00,0.0
2025-06-12 21:03:00,49.378098152289034
2025-06-12 03:20:00,60.0
2025-06-12 23:21:00,3.2
2025-06-12 07:55:00,39.3
2025-06-12 07:11:00,22.8
2025-06-12 05:48:00,49.378098152289034
2025-06-12 11:41:00,73.7
2025-06-12 12:27:00,19.5
2025-06-12 01:48:00,29.3
2025-06-12 12:35:00,85.5
2025-06-12 10:03:00,57.7
2025-06-12 04:19:00,48.2
2025-06-12 21:23:00,64.1
2025-06-12 07:43:00,32.9
2025-06-12 09:48:00,63.5
2025-06-12 04:47:00,79.6
2025-06-12 00:19:00,29.3
2025-06-12 13:34:00,76.6
2025-06-12 11:11:00,23.9
2025-06-12 06:05:00,63.4
2025-06-12 18:30:00,31.4
2025-06-12 17:23:00,93.2
2025-06-12 03:02:00,54.8
2025-06-12 22:42:00,1.3
2025-06-12 21:07:00,30.8
2025-06-12 01:15:00,40.2
2025-06-12 23:05:00,55.5
2025-06-12 22:32:00,94.6
2025-06-12 17:50:00,23.7
2025-06-12 16:09:00,29.7
2025-06-12 21:08:00,58.3
2025-06-12 02:24:00,55.0
2025-06-12 08:00:00,6.1
2025-06-12 22:05:00,35.8
2025-06-12 02:49:00,55.9
2025-06-12 22:08:00,2.4
2025-06-12 23:46:00,12.3
2025-06-12 12:57:00,22.4
2025-06-12 03:11:00,13.9
2025-06-12 16:38:00,49.378098152289034
2025-06-12 00:11:00,88.2
2025-06-12 00:00:00,58.2
2025-06-12 15:30:00,18.2
2025-06-12 02:05:00,66.9
2025-06-12 23:07:00,94.2
2025-06-12 19:11:00,51.0
2025-06-12 01:11:00,2.4
2025-06-12 11:07:00,83.1
2025-06-12 18:27:00,55.2
2025-06-12 00:40:00,46.5
2025-06-12 00:10:00,29.5
2025-06-12 11:47:00,4.8
2025-06-12 01:17:00,49.378098152289034
2025-06-12 04:13:00,68.7
2025-06-12 03:08:00,71.7
2025-06-12 12:17:00,95.7
2025-06-12 21:19:00,63.0
2025-06-12 16:05:00,34.8
2025-06-12 02:34:00,63.7
2025-06-12 18:27:00,78.5
2025-06-12 00:02:00,96.2
2025-06-12 01:59:00,49.378098152289034
2025-06-12 06:28:00,7.0
2025-06-12 15:29:00,73.8
2025-06-12 14:28:00,75.0
2025-06-12 11:16:00,93.6
2025-06-12 16:42:00,31.0
2025-06-12 02:31:00,83.3
2025-06-12 07:18:00,68.0
2025-06-12 09:30:00,10.5
2025-06-12 06:08:00,49.378098152289034
2025-06-12 20:28:00,91.7
2025-06-12 05:17:00,21.6
2025-06-12 03:59:00,32.7
2025-06-12 22:10:00,24.0
2025-06-12 15:37:00,49.378098152289034
2025-06-12 14:15:00,16.4
2025-06-12 23:58:00,28.6
2025-06-12 14:24:00,1.9
2025-06-12 01:09:00,11.9
2025-06-12 16:58:00,82.8
2025-06-12 11:15:00,49.378098152289034
2025-06-12 08:50:00,24.1
2025-06-12 13:51:00,75.9
2025-06-12 09:12:00,88.1
2025-06-12 21:28:00,35.8
2025-06-12 19:30:00,86.2
2025-06-12 09:09:00,40.9
2025-06-12 01:56:00,87.4
2025-06-12 13:25:00,11.2
2025-06-12 19:59:00,49.378098152289034
2025-06-12 20:42:00,45.5
2025-06-12 11:21:00,13.1
2025-06-12 08:10:00,49.378098152289034
2025-06-12 09:19:00,49.378098152289034
2025-06-12 19:44:00,71.3
2025-06-12 17:01:00,49.378098152289034
2025-06-12 09:03:00,51.7
2025-06-12 04:28:00,9.6
2025-06-12 21:22:00,99.5
2025-06-12 14:14:00,96.8
2025-06-12 09:23:00,66.4
2025-06-12 17:24:00,60.2
2025-06-12 07:33:00,23.0
2025-06-12 03:57:00,98.3
2025-06-12 12:53:00,49.378098152289034
2025-06-12 00:38:00,99.3
2025-06-12 16:14:00,49.378098152289034
2025-06-12 18:34:00,75.7
2025-06-12 04:02:00,62.7
2025-06-12 02:16:00,17.6
2025-06-12 11:43:00,31.0
2025-06-12 20:30:00,57.6
2025-06-12 22:48:00,1.8
2025-06-12 19:23:00,47.1
2025-06-12 15:57:00,49.378098152289034
2025-06-12 16:06:00,16.4
2025-06-12 02:03:00,69.0
2025-06-12 06:25:00,88.7
2025-06-12 11:07:00,18.7
2025-06-12 14:16:00,78.4
2025-06-12 07:42:00,84.7
2025-06-12 05:23:00,11.3
2025-06-12 07:20:00,15.2
2025-06-12 10:27:00,9.8
2025-06-12 15:38:00,95.9
2025-06-12 11:56:00,98.8
2025-06-12 08:00:00,49.86672560113154
2025-06-12 08:51:00,37.7
2025-06-12 01:31:00,11.9
2025-06-12 16:07:00,9.5
2025-06-12 17:33:00,95.0
2025-06-12 23:37:00,25.5
2025-06-12 17:46:00,6.6
2025-06-12 22:54:00,69.0
2025-06-12 19:03:00,35.5
2025-06-12 23:39:00,97.0
2025-06-12 19:03:00,3.6
2025-06-12 00:31:00,49.86672560113154
2025-06-12 00:30:00,57.9
2025-06-12 05:21:00,37.0
2025-06-12 06:25:00,99.7
2025-06-12 23:59:00,83.1
2025-06-12 11:39:00,49.86672560113154
2025-06-12 07:56:00,17.2
2025-06-12 20:19:00,61.5
2025-06-12 16:58:00,11.5
2025-06-12 14:52:00,69.8
2025-06-12 01:23:00,49.86672560113154
2025-06-12 09:51:00,35.6
2025-06-12 13:31:00,49.86672560113154
2025-06-12 17:13:00,79.3
2025-06-12 08:07:00,90.2
2025-06-12 04:21:00,26.4
2025-06-12 07:18:00,22.6
2025-06-12 16:35:00,95.3
2025-06-12 01:46:00,97.3
2025-06-12 12:51:00,49.86672560113154
2025-06-12 23:12:00,49.86672560113154
2025-06-12 07:11:00,2.8
2025-06-12 08:59:00,53.6
2025-06-12 19:07:00,26.9
2025-06-12 07:22:00,35.7
2025-06-12 02:15:00,60.1
2025-06-12 04:52:00,17.3
2025-06-12 14:16:00,49.86672560113154
2025-06-12 08:57:00,71.5
2025-06-12 06:27:00,15.4
2025-06-12 18:23:00,82.0
2025-06-12 05:05:00,7.0
2025-06-12 22:44:00,31.4
2025-06-12 17:05:00,61.5
2025-06-12 23:26:00,90.5
2025-06-12 13:01:00,88.8
2025-06-12 12:07:00,77.9
2025-06-12 09:23:00,49.86672560113154
2025-06-12 22:35:00,95.9
2025-06-12 18:36:00,49.86672560113154
2025-06-12 16:44:00,67.3
2025-06-12 14:16:00,97.1
2025-06-12 18:17:00,49.86672560113154
2025-06-12 14:35:00,3.5
2025-06-12 04:45:00,45.8
2025-06-12 01:58:00,56.5
2025-06-12 06:48:00,49.86672560113154
2025-06-12 20:59:00,15.5
2025-06-12 03:28:00,84.7
2025-06-12 20:02:00,49.86672560113154
2025-06-12 12:32:00,53.5
2025-06-12 11:28:00,49.86672560113154
2025-06-12 00:26:00,62.3
2025-06-12 01:26:00,9.8
2025-06-12 19:41:00,21.2
2025-06-12 22:00:00,82.2
2025-06-12 20:23:00,49.86672560113154
2025-06-12 21:46:00,49.86672560113154
2025-06-12 05:12:00,49.86672560113154
2025-06-12 04:44:00,63.0
2025-06-12 05:36:00,41.6
2025-06-12 11:03:00,33.2
2025-06-12 17:29:00,97.7
2025-06-12 07:00:00,49.86672560113154
2025-06-12 12:52:00,47.5
2025-06-12 20:16:00,41.8
2025-06-12 05:12:00,49.86672560113154
2025-06-12 06:10:00,54.7
2025-06-12 02:13:00,49.86672560113154
2025-06-12 17:31:00,13.1
2025-06-12 21:37:00,10.9
2025-06-12 16:32:00,46.1
2025-06-12 06:16:00,68.8
2025-06-12 04:50:00,34.6
2025-06-12 22:13:00,86.4
2025-06-12 02:36:00,70.3
2025-06-12 08:00:00,30.4
2025-06-12 13:41:00,8.7
2025-06-12 19:54:00,63.5
2025-06-12 08:06:00,57.9
2025-06-12 04:35:00,15.7
2025-06-12 15:06:00,49.86672560113154
2025-06-12 17:07:00,13.3
2025-06-12 17:20:00,49.86672560113154
2025-06-12 09:49:00,2.7
2025-06-12 05:08:00,58.3
2025-06-12 18:26:00,11.8
2025-06-12 19:11:00,49.86672560113154
2025-06-12 08:46:00,97.1
2025-06-12 23:11:00,49.86672560113154
2025-06-12 16:16:00,38.5
2025-06-12 18:09:00,50.6
2025-06-12 09:41:00,37.3
2025-06-12 16:32:00,54.7
2025-06-12 10:28:00,49.86672560113154
2025-06-12 21:19:00,9.3
2025-06-12 15:42:00,2.9
2025-06-12 04:18:00,4.4
2025-06-12 23:41:00,17.2
2025-06-12 00:32:00,36.8
2025-06-12 11:14:00,6.7
2025-06-12 16:01:00,57.0
2025-06-12 08:43:00,10.5
2025-06-12 01:04:00,0.9
2025-06-12 13:09:00,12.4
2025-06-12 00:51:00,14.9
2025-06-12 03:01:00,61.2
2025-06-12 13:26:00,52.0
2025-06-12 19:04:00,15.3
2025-06-12 18:46:00,45.0
2025-06-12 05:13:00,51.4
2025-06-12 23:58:00,50.8
2025-06-12 17:57:00,77.4
2025-06-12 07:30:00,49.86672560113154
2025-06-12 20:18:00,49.86672560113154
2025-06-12 16:09:00,14.2
2025-06-12 13:15:00,81.5
2025-06-12 11:06:00,77.6
2025-06-12 22:25:00,88.5
2025-06-12 11:13:00,47.7
2025-06-12 18:11:00,18.0
2025-06-12 23:22:00,88.3
2025-06-12 00:18:00,98.4
2025-06-12 12:44:00,83.8
2025-06-12 10:13:00,20.3
2025-06-12 17:06:00,25.0
2025-06-12 21:29:00,40.4
2025-06-12 04:05:00,3.9
2025-06-12 21:15:00,81.5
2025-06-12 07:21:00,61.3
2025-06-12 19:51:00,49.86672560113154
2025-06-12 11:42:00,98.6
2025-06-12 02:38:00,57.8
2025-06-12 18:45:00,18.7
2025-06-12 03:56:00,49.4
2025-06-12 23:25:00,99.4
2025-06-12 03:44:00,28.4
2025-06-12 02:52:00,7.1
2025-06-12 05:38:00,82.4
2025-06-12 08:35:00,31.8
2025-06-12 01:14:00,49.86672560113154
2025-06-12 20:10:00,94.0
2025-06-12 04:17:00,19.5
2025-06-12 11:51:00,85.1
2025-06-12 07:27:00,11.6
2025-06-12 13:53:00,24.4
2025-06-12 17:00:00,11.2
2025-06-12 18:12:00,16.8
2025-06-12 01:57:00,75.0
2025-06-12 15:15:00,42.0
2025-06-12 04:19:00,65.1
2025-06-12 10:41:00,70.2
2025-06-12 02:38:00,34.6
2025-06-12 18:50:00,11.6
2025-06-12 11:09:00,72.9
2025-06-12 21:56:00,57.3
2025-06-12 15:33:00,91.5
2025-06-12 01:54:00,97.5
2025-06-12 13:56:00,31.3
2025-06-12 05:00:00,43.4
2025-06-12 08:32:00,89.6
2025-06-12 08:01:00,65.5
2025-06-12 00:22:00,49.86672560113154
2025-06-12 02:36:00,75.9
2025-06-12 23:53:00,97.9
2025-06-12 20:38:00,18.7
2025-06-12 16:25:00,99.0
2025-06-12 01:00:00,49.86672560113154
2025-06-12 17:20:00,80.7
2025-06-12 14:20:00,47.1
2025-06-12 16:55:00,59.4
2025-06-12 01:28:00,92.3
2025-06-12 11:34:00,63.5
2025-06-12 19:54:00,49.86672560113154
2025-06-12 07:26:00,92.9
2025-06-12 18:49:00,49.86672560113154
2025-06-12 12:53:00,53.9
2025-06-12 15:58:00,77.5
2025-06-12 05:06:00,56.3
2025-06-12 14:19:00,25.4
2025-06-12 16:49:00,30.7
2025-06-12 03:56:00,44.6
2025-06-12 20:23:00,61.7
2025-06-12 08:44:00,85.5
2025-06-12 22:43:00,67.9
2025-06-12 02:39:00,92.7
2025-06-12 15:11:00,61.8
2025-06-12 18:43:00,44.4
2025-06-12 12:36:00,63.7
2025-06-12 01:59:00,72.5
2025-06-12 01:39:00,25.7
2025-06-12 07:06:00,71.8
2025-06-12 12:42:00,60.3
2025-06-12 07:56:00,52.4
2025-06-12 10:07:00,40.8
2025-06-12 00:55:00,49.86672560113154
2025-06-12 13:35:00,73.0
2025-06-12 04:47:00,82.1
2025-06-12 11:39:00,16.7
2025-06-12 05:25:00,89.0
2025-06-12 07:16:00,22.6
2025-06-12 20:47:00,37.8
2025-06-12 21:38:00,46.9
2025-06-12 08:34:00,36.0
2025-06-12 10:10:00,77.3
2025-06-12 18:44:00,52.7
2025-06-12 05:04:00,14.4
2025-06-12 04:30:00,33.9
2025-06-12 01:44:00,49.86672560113154
2025-06-12 09:35:00,19.5
2025-06-12 12:43:00,11.3
2025-06-12 22:31:00,49.86672560113154
2025-06-12 22:14:00,8.8
2025-06-12 14:41:00,49.86672560113154
2025-06-12 00:18:00,65.1
2025-06-12 10:23:00,44.6
2025-06-12 20:35:00,50.9
2025-06-12 13:27:00,64.7
2025-06-12 07:31:00,77.8
2025-06-12 05:51:00,40.2
2025-06-12 05:04:00,36.6
2025-06-12 06:39:00,49.86672560113154
2025-06-12 05:02:00,98.3
2025-06-12 22:00:00,88.3
2025-06-12 14:53:00,7.8
2025-06-12 01:22:00,47.3
2025-06-12 09:33:00,20.2
2025-06-12 18:22:00,14.5
2025-06-12 09:13:00,59.3
2025-06-12 04:30:00,7.1
2025-06-12 05:40:00,81.5
2025-06-12 17:26:00,63.6
2025-06-12 03:26:00,0.3
2025-06-12 19:06:00,53.5
2025-06-12 04:36:00,31.7
2025-06-12 03:29:00,49.86672560113154
2025-06-12 19:02:00,49.86672560113154
2025-06-12 01:37:00,1.5
2025-06-12 01:27:00,76.6
2025-06-12 23:32:00,43.0
2025-06-12 04:45:00,7.7
2025-06-12 06:14:00,18.1
2025-06-12 08:35:00,16.7
2025-06-12 17:23:00,49.86672560113154
2025-06-12 01:07:00,95.1
2025-06-12 20:24:00,49.86672560113154
2025-06-12 08:36:00,57.1
2025-06-12 12:50:00,49.86672560113154
2025-06-12 14:04:00,9.1
2025-06-12 16:24:00,49.86672560113154
2025-06-12 22:54:00,49.86672560113154
2025-06-12 20:00:00,43.2
2025-06-12 03:06:00,87.6
2025-06-12 11:00:00,15.6
2025-06-12 20:18:00,51.4
2025-06-12 18:59:00,13.5
2025-06-12 05:49:00,91.1
2025-06-12 20:37:00,49.86672560113154
2025-06-12 20:05:00,32.6
2025-06-12 19:49:00,18.1
2025-06-12 10:15:00,92.4
2025-06-12 14:54:00,13.4
2025-06-12 04:09:00,6.6
2025-06-12 09:08:00,15.0
2025-06-12 13:28:00,76.6
2025-06-12 14:13:00,29.5
2025-06-12 23:45:00,91.1
2025-06-12 05:53:00,52.1
2025-06-12 01:25:00,9.2
2025-06-12 06:04:00,41.6
2025-06-12 06:21:00,81.0
2025-06-12 17:24:00,62.4
2025-06-12 10:29:00,49.2
2025-06-12 06:29:00,76.6
2025-06-12 23:58:00,50.9
2025-06-12 16:04:00,37.1
2025-06-12 16:02:00,92.0
2025-06-12 08:17:00,73.9
2025-06-12 01:05:00,64.8
2025-06-12 10:01:00,64.4
2025-06-12 06:01:00,49.86672560113154
2025-06-12 00:34:00,11.1
2025-06-12 11:16:00,49.86672560113154
2025-06-12 05:27:00,69.7
2025-06-12 18:31:00,11.2
2025-06-12 07:54:00,37.4
2025-06-12 00:59:00,40.5
2025-06-12 05:00:00,76.4
2025-06-12 01:39:00,97.0
2025-06-12 09:14:00,25.8
2025-06-12 21:04:00,49.86672560113154
2025-06-12 15:21:00,57.2
2025-06-12 13:02:00,11.6
2025-06-12 18:44:00,66.5
2025-06-12 11:34:00,92.8
2025-06-12 11:55:00,70.1
2025-06-12 18:29:00,18.1
2025-06-12 04:31:00,9.2
2025-06-12 03:47:00,28.5
2025-06-12 07:44:00,49.86672560113154
2025-06-12 23:55:00,42.6
2025-06-12 07:57:00,49.86672560113154
2025-06-12 00:07:00,31.2
2025-06-12 16:35:00,96.8
2025-06-12 23:08:00,11.8
2025-06-12 10:33:00,71.4
2025-06-12 18:03:00,21.2
2025-06-12 21:30:00,56.1
2025-06-12 05:34:00,49.86672560113154
2025-06-12 11:28:00,68.8
2025-06-12 12:37:00,49.86672560113154
2025-06-12 03:48:00,2.0
2025-06-12 23:51:00,42.9
2025-06-12 11:13:00,57.6
2025-06-12 17:48:00,2.7
2025-06-12 08:15:00,66.1
2025-06-12 16:58:00,66.6
2025-06-12 06:52:00,60.6
2025-06-12 14:41:00,63.2
2025-06-12 19:37:00,21.0
2025-06-12 08:07:00,49.86672560113154
2025-06-12 16:26:00,31.3
2025-06-12 00:37:00,41.3
2025-06-12 19:31:00,65.1
2025-06-12 12:48:00,50.613932505273034
2025-06-12 07:08:00,0.8
2025-06-12 10:33:00,92.6
2025-06-12 18:20:00,97.6
2025-06-12 03:01:00,41.4
2025-06-12 19:01:00,66.2
2025-06-12 04:56:00,93.5
2025-06-12 11:53:00,85.9
2025-06-12 13:54:00,32.2
2025-06-12 01:54:00,75.3
2025-06-12 05:52:00,57.2
2025-06-12 06:56:00,88.1
2025-06-12 22:06:00,5.1
2025-06-12 06:38:00,82.3
2025-06-12 13:28:00,5.5
2025-06-12 20:35:00,89.3
2025-06-12 13:51:00,50.613932505273034
2025-06-12 11:21:00,68.4
2025-06-12 22:16:00,50.613932505273034
2025-06-12 01:12:00,16.2
2025-06-12 17:04:00,41.4
2025-06-12 01:13:00,3.4
2025-06-12 21:15:00,50.613932505273034
2025-06-12 14:23:00,47.7
2025-06-12 13:50:00,4.6
2025-06-12 06:57:00,1.3
2025-06-12 17:12:00,68.7
2025-06-12 06:12:00,50.613932505273034
2025-06-12 11:13:00,89.9
2025-06-12 16:45:00,96.9
2025-06-12 21:44:00,69.5
2025-06-12 18:00:00,96.7
2025-06-12 12:36:00,50.613932505273034
2025-06-12 19:27:00,39.2
2025-06-12 02:04:00,0.4
2025-06-12 05:41:00,39.0
2025-06-12 13:22:00,13.2
2025-06-12 08:44:00,44.2
2025-06-12 03:28:00,18.5
2025-06-12 00:34:00,27.2
2025-06-12 15:52:00,61.5
2025-06-12 15:05:00,59.4
2025-06-12 02:55:00,17.6
2025-06-12 03:38:00,14.7
2025-06-12 09:26:00,49.1
2025-06-12 11:14:00,36.7
2025-06-12 05:56:00,62.3
2025-06-12 17:05:00,54.6
2025-06-12 13:00:00,19.7
2025-06-12 17:50:00,91.7
2025-06-12 10:55:00,18.8
2025-06-12 09:21:00,87.1
2025-06-12 23:26:00,39.0
2025-06-12 13:35:00,43.8
2025-06-12 11:45:00,0.4
2025-06-12 04:45:00,50.613932505273034
2025-06-12 13:42:00,50.613932505273034
2025-06-12 01:57:00,99.6
2025-06-12 21:09:00,59.7
2025-06-12 14:27:00,32.2
2025-06-12 14:49:00,50.613932505273034
2025-06-12 14:04:00,94.6
2025-06-12 07:10:00,52.1
2025-06-12 00:32:00,77.0
2025-06-12 07:16:00,70.5
2025-06-12 02:43:00,2.8
2025-06-12 13:56:00,47.0
2025-06-12 15:54:00,75.4
2025-06-12 23:53:00,76.7
2025-06-12 11:52:00,47.3
2025-06-12 07:20:00,94.2
2025-06-12 14:19:00,14.8
2025-06-12 09:09:00,7.2
2025-06-12 09:41:00,6.0
2025-06-12 15:23:00,68.7
2025-06-12 14:29:00,7.4
2025-06-12 13:32:00,4.1
2025-06-12 12:32:00,27.2
2025-06-12 15:59:00,82.8
2025-06-12 06:34:00,68.3
2025-06-12 17:02:00,39.6
2025-06-12 18:22:00,10.6
2025-06-12 11:42:00,56.4
2025-06-12 01:02:00,59.7
2025-06-12 15:51:00,50.613932505273034
2025-06-12 06:24:00,5.6
2025-06-12 06:01:00,42.1
2025-06-12 21:01:00,17.8
2025-06-12 02:10:00,60.8
2025-06-12 14:38:00,50.613932505273034
2025-06-12 03:33:00,88.0
2025-06-12 17:20:00,67.5
2025-06-12 22:02:00,28.9
2025-06-12 18:23:00,95.7
2025-06-12 06:49:00,32.0
2025-06-12 06:11:00,50.613932505273034
2025-06-12 03:21:00,13.6
2025-06-12 00:58:00,26.8
2025-06-12 14:42:00,24.5
2025-06-12 12:18:00,31.8
2025-06-12 18:33:00,13.9
2025-06-12 11:15:00,35.8
2025-06-12 16:39:00,64.2
2025-06-12 03:34:00,44.5
2025-06-12 14:20:00,9.4
2025-06-12 05:39:00,46.4
2025-06-12 05:54:00,93.7
2025-06-12 08:16:00,44.6
2025-06-12 08:30:00,85.4
2025-06-12 00:12:00,50.613932505273034
2025-06-12 10:13:00,89.9
2025-06-12 07:31:00,52.8
2025-06-12 04:34:00,15.0
2025-06-12 09:37:00,38.6
2025-06-12 18:07:00,45.7
2025-06-12 20:57:00,81.9
2025-06-12 09:17:00,39.9
2025-06-12 02:10:00,13.0
2025-06-12 08:10:00,2.6
2025-06-12 21:18:00,72.6
2025-06-12 18:42:00,64.1
2025-06-12 01:00:00,78.3
2025-06-12 03:48:00,33.6
2025-06-12 13:02:00,36.9
2025-06-12 12:00:00,51.7
2025-06-12 00:58:00,60.0
2025-06-12 11:31:00,18.5
2025-06-12 23:15:00,42.6
2025-06-12 18:28:00,25.8
2025-06-12 20:19:00,50.613932505273034
2025-06-12 13:07:00,94.4
2025-06-12 04:41:00,97.3
2025-06-12 09:18:00,91.0
2025-06-12 13:02:00,64.2
2025-06-12 19:33:00,50.613932505273034
2025-06-12 05:19:00,31.0
2025-06-12 00:01:00,2.0
2025-06-12 05:47:00,42.2
2025-06-12 14:41:00,10.8
2025-06-12 19:16:00,50.613932505273034
2025-06-12 23:42:00,35.5
2025-06-12 06:10:00,28.1
2025-06-12 15:32:00,50.613932505273034
2025-06-12 14:27:00,63.2
2025-06-12 03:07:00,20.7
2025-06-12 22:32:00,34.5
2025-06-12 08:03:00,50.613932505273034
2025-06-12 10:35:00,25.8
2025-06-12 20:57:00,37.1
2025-06-12 18:25:00,50.613932505273034
2025-06-12 15:34:00,50.613932505273034
2025-06-12 05:18:00,50.613932505273034
2025-06-12 22:06:00,36.6
2025-06-12 20:37:00,85.0
2025-06-12 12:11:00,50.613932505273034
2025-06-12 18:43:00,50.613932505273034
2025-06-12 19:36:00,50.613932505273034
2025-06-12 02:01:00,18.8
2025-06-12 13:44:00,50.613932505273034
2025-06-12 22:35:00,42.0
2025-06-12 12:08:00,54.9
2025-06-12 22:10:00,57.3
2025-06-12 12:54:00,54.7
2025-06-12 05:25:00,80.7
2025-06-12 15:08:00,75.3
2025-06-12 15:49:00,53.9
2025-06-12 09:07:00,99.8
2025-06-12 19:54:00,47.4
2025-06-12 04:16:00,39.6
2025-06-12 01:42:00,74.0
2025-06-12 00:58:00,94.5
2025-06-12 06:28:00,89.8
2025-06-12 22:15:00,5.3
2025-06-12 05:56:00,37.6
2025-06-12 13:33:00,83.8
2025-06-12 22:24:00,50.9
2025-06-12 23:41:00,41.7
2025-06-12 11:06:00,28.0
2025-06-12 04:39:00,50.613932505273034
2025-06-12 18:25:00,20.0
2025-06-12 22:12:00,52.7
2025-06-12 06:42:00,23.9
2025-06-12 18:00:00,48.0
2025-06-12 01:15:00,96.6
2025-06-12 19:18:00,24.7
2025-06-12 00:05:00,87.8
2025-06-12 16:05:00,32.3
2025-06-12 23:22:00,50.5
2025-06-12 03:33:00,100.0
2025-06-12 02:40:00,81.1
2025-06-12 23:30:00,50.613932505273034
2025-06-12 19:30:00,37.2
2025-06-12 00:41:00,52.3
2025-06-12 01:22:00,4.1
2025-06-12 20:48:00,50.613932505273034
2025-06-12 06:58:00,44.1
2025-06-12 08:51:00,5.4
2025-06-12 10:20:00,50.613932505273034
2025-06-12 10:13:00,31.8
2025-06-12 04:01:00,72.4
2025-06-12 05:22:00,4.7
2025-06-12 06:45:00,41.7
2025-06-12 14:57:00,28.7
2025-06-12 08:16:00,99.0
2025-06-12 20:46:00,3.1
2025-06-12 22:31:00,50.613932505273034
2025-06-12 01:57:00,12.3
2025-06-12 04:04:00,85.3
2025-06-12 04:21:00,98.9
2025-06-12 12:01:00,50.613932505273034
2025-06-12 20:54:00,68.8
2025-06-12 16:38:00,16.6
2025-06-12 12:55:00,50.613932505273034
2025-06-12 16:17:00,42.7
2025-06-12 13:17:00,50.613932505273034
2025-06-12 06:57:00,82.4
2025-06-12 17:56:00,72.9
2025-06-12 11:16:00,93.4
2025-06-12 18:28:00,77.8
2025-06-12 12:54:00,69.6
2025-06-12 23:48:00,64.6
2025-06-12 22:10:00,50.613932505273034
2025-06-12 19:50:00,87.4
2025-06-12 19:30:00,26.2
2025-06-12 14:30:00,63.2
2025-06-12 14:50:00,20.4
2025-06-12 03:31:00,56.3
2025-06-12 18:07:00,50.613932505273034
2025-06-12 02:16:00,50.613932505273034
2025-06-12 19:44:00,68.7
2025-06-12 21:15:00,93.9
2025-06-12 19:53:00,60.7
2025-06-12 22:34:00,89.2
2025-06-12 11:29:00,50.613932505273034
2025-06-12 03:54:00,1.3
2025-06-12 17:08:00,19.9
2025-06-12 00:06:00,44.6
2025-06-12 09:37:00,6.5
2025-06-12 09:31:00,83.1
2025-06-12 23:02:00,85.8
2025-06-12 22:01:00,89.4
2025-06-12 17:03:00,82.5
2025-06-12 00:57:00,23.1
2025-06-12 01:48:00,99.7
2025-06-12 08:06:00,10.6
2025-06-12 04:04:00,25.0
2025-06-12 07:46:00,13.3
2025-06-12 00:47:00,19.7
2025-06-12 02:29:00,58.7
2025-06-12 08:20:00,50.613932505273034
2025-06-12 01:16:00,50.613932505273034
2025-06-12 21:02:00,93.5
2025-06-12 22:07:00,50.613932505273034
2025-06-12 18:04:00,99.1
2025-06-12 05:22:00,35.7
2025-06-12 23:06:00,64.3
2025-06-12 02:32:00,24.6
2025-06-12 14:37:00,41.2
2025-06-12 09:53:00,78.6
2025-06-12 04:48:00,68.3
2025-06-12 04:07:00,36.7
2025-06-12 16:41:00,70.1
2025-06-12 19:24:00,34.0
2025-06-12 20:05:00,80.9
2025-06-12 12:39:00,47.8
2025-06-12 01:14:00,95.0
2025-06-12 05:38:00,37.4
2025-06-12 20:01:00,50.613932505273034
2025-06-12 03:54:00,58.4
2025-06-12 01:14:00,78.2
2025-06-12 04:39:00,19.5
2025-06-12 20:54:00,0.5
2025-06-12 11:54:00,25.0
2025-06-12 14:20:00,9.7
2025-06-12 21:34:00,59.7
2025-06-12 16:58:00,9.8
2025-06-12 11:13:00,50.613932505273034
2025-06-12 09:03:00,98.9
2025-06-12 12:48:00,16.8
2025-06-12 05:52:00,53.1
2025-06-12 07:30:00,50.613932505273034
2025-06-12 21:02:00,50.613932505273034
2025-06-12 12:42:00,58.7
2025-06-12 16:54:00,66.9
2025-06-12 08:18:00,88.1
2025-06-12 03:05:00,11.9
2025-06-12 05:54:00,76.1
2025-06-12 12:36:00,6.3
2025-06-12 00:38:00,19.2
2025-06-12 05:24:00,94.3
2025-06-12 21:51:00,8.0
2025-06-12 23:13:00,59.0
2025-06-12 00:30:00,50.613932505273034
2025-06-12 22:00:00,34.2
2025-06-12 01:48:00,57.8
2025-06-12 02:54:00,59.3
2025-06-12 22:31:00,50.613932505273034
2025-06-12 21:04:00,4.1
2025-06-12 10:47:00,83.0
2025-06-12 21:52:00,63.2
2025-06-12 09:12:00,52.0
2025-06-12 03:45:00,44.6
2025-06-12 04:14:00,79.6
2025-06-12 18:29:00,12.0
2025-06-12 09:40:00,89.9
2025-06-12 07:09:00,28.2
2025-06-12 20:47:00,61.2
2025-06-12 02:22:00,45.8
2025-06-12 03:04:00,87.1
2025-06-12 15:02:00,53.6
2025-06-12 10:32:00,29.5
2025-06-12 01:32:00,73.1
2025-06-12 12:50:00,50.613932505273034
2025-06-12 15:17:00,23.2
2025-06-12 11:40:00,50.613932505273034
2025-06-12 15:56:00,71.6
2025-06-12 05:04:00,9.7
2025-06-12 07:34:00,50.3
2025-06-12 21:12:00,28.8
2025-06-12 22:47:00,50.613932505273034
2025-06-12 12:42:00,55.7
2025-06-12 20:10:00,18.1
2025-06-12 17:41:00,37.3
2025-06-12 06:43:00,87.4
2025-06-12 08:51:00,19.0
2025-06-12 03:51:00,36.7
2025-06-12 09:26:00,50.613932505273034
2025-06-12 09:06:00,98.4
2025-06-12 16:06:00,34.4
2025-06-12 08:07:00,33.9
2025-06-12 22:03:00,30.5
2025-06-12 17:18:00,24.6
2025-06-12 20:44:00,37.0
2025-06-12 05:24:00,54.8
2025-06-12 07:56:00,56.7
2025-06-12 00:30:00,89.4
2025-06-12 03:43:00,39.0
2025-06-12 10:57:00,50.613932505273034
2025-06-12 13:52:00,35.1
2025-06-12 18:47:00,79.1
2025-06-12 04:25:00,90.9
2025-06-12 23:20:00,77.1
2025-06-12 01:17:00,56.9
2025-06-12 22:56:00,81.4
2025-06-12 08:39:00,88.5
2025-06-12 15:24:00,12.3
2025-06-12 18:31:00,41.3
2025-06-12 11:26:00,0.9
2025-06-12 05:07:00,5.1
2025-06-12 08:41:00,18.0
2025-06-12 10:25:00,96.3
2025-06-12 16:40:00,39.7
2025-06-12 07:10:00,35.8
2025-06-12 21:59:00,52.6
2025-06-12 16:09:00,50.17195767195767
2025-06-12 01:36:00,18.6
2025-06-12 16:31:00,13.0
2025-06-12 14:24:00,18.5
2025-06-12 15:01:00,49.0
2025-06-12 10:18:00,14.9
2025-06-12 12:15:00,45.6
2025-06-12 19:25:00,41.4
2025-06-12 04:39:00,33.3
2025-06-12 16:12:00,50.17195767195767
2025-06-12 12:05:00,2.6
2025-06-12 14:54:00,67.5
2025-06-12 16:30:00,83.6
2025-06-12 05:00:00,30.2
2025-06-12 06:15:00,23.3
2025-06-12 01:54:00,71.2
2025-06-12 05:13:00,11.2
2025-06-12 16:25:00,50.17195767195767
2025-06-12 05:42:00,76.5
2025-06-12 04:45:00,57.4
2025-06-12 17:49:00,50.4
2025-06-12 07:29:00,0.1
2025-06-12 05:44:00,6.2
2025-06-12 10:45:00,76.3
2025-06-12 09:03:00,4.3
2025-06-12 07:48:00,50.17195767195767
2025-06-12 07:51:00,86.9
2025-06-12 12:14:00,50.17195767195767
2025-06-12 13:44:00,50.17195767195767
2025-06-12 19:57:00,42.5
2025-06-12 07:19:00,50.17195767195767
2025-06-12 06:20:00,44.9
2025-06-12 14:15:00,36.2
2025-06-12 13:00:00,54.9
2025-06-12 11:54:00,59.1
2025-06-12 08:30:00,50.17195767195767
2025-06-12 00:40:00,62.7
2025-06-12 13:04:00,47.8
2025-06-12 15:33:00,50.17195767195767
2025-06-12 15:17:00,55.1
2025-06-12 13:36:00,34.4
2025-06-12 03:48:00,68.6
2025-06-12 15:53:00,62.0
2025-06-12 07:38:00,93.1
2025-06-12 01:30:00,3.3
2025-06-12 11:10:00,67.9
2025-06-12 02:49:00,50.17195767195767
2025-06-12 16:00:00,65.0
2025-06-12 06:56:00,25.7
2025-06-12 19:33:00,24.7
2025-06-12 00:26:00,49.7
2025-06-12 16:54:00,67.0
2025-06-12 18:11:00,59.1
2025-06-12 21:20:00,67.2
2025-06-12 01:31:00,31.2
2025-06-12 08:55:00,58.4
2025-06-12 14:31:00,4.2
2025-06-12 03:30:00,50.17195767195767
2025-06-12 21:51:00,50.17195767195767
2025-06-12 10:06:00,46.9
2025-06-12 01:09:00,90.9
2025-06-12 06:44:00,42.8
2025-06-12 06:35:00,63.5
2025-06-12 03:20:00,28.1
2025-06-12 06:30:00,50.17195767195767
2025-06-12 19:56:00,6.5
2025-06-12 12:12:00,81.9
2025-06-12 16:01:00,50.17195767195767
2025-06-12 04:55:00,25.7
2025-06-12 13:10:00,97.5
2025-06-12 04:50:00,29.7
2025-06-12 06:18:00,30.3
2025-06-12 19:47:00,50.17195767195767
2025-06-12 03:47:00,50.17195767195767
2025-06-12 21:42:00,40.8
2025-06-12 15:14:00,53.6
2025-06-12 01:11:00,89.1
2025-06-12 07:30:00,82.6
2025-06-12 05:26:00,28.5
2025-06-12 00:10:00,50.17195767195767
2025-06-12 22:18:00,62.9
2025-06-12 03:39:00,18.4
2025-06-12 10:56:00,19.7
2025-06-12 22:39:00,50.17195767195767
2025-06-12 15:16:00,13.7
2025-06-12 07:07:00,50.17195767195767
2025-06-12 05:17:00,96.3
2025-06-12 22:30:00,50.17195767195767
2025-06-12 20:27:00,61.1
2025-06-12 23:18:00,37.3
2025-06-12 08:11:00,62.6
2025-06-12 02:35:00,50.17195767195767
2025-06-12 17:16:00,68.8
2025-06-12 13:57:00,50.7
2025-06-12 13:01:00,63.0
2025-06-12 18:48:00,56.6
2025-06-12 13:37:00,76.4
2025-06-12 21:33:00,67.9
2025-06-12 01:16:00,77.6
2025-06-12 07:48:00,51.3
2025-06-12 08:07:00,32.5
2025-06-12 23:33:00,50.17195767195767
2025-06-12 13:55:00,31.6
2025-06-12 14:21:00,57.0
2025-06-12 07:35:00,72.0
2025-06-12 07:50:00,82.1
2025-06-12 08:35:00,97.7
2025-06-12 08:26:00,50.17195767195767
2025-06-12 19:01:00,46.6
2025-06-12 14:20:00,20.6
2025-06-12 02:21:00,47.8
2025-06-12 10:36:00,21.5
2025-06-12 08:35:00,0.9
2025-06-12 00:56:00,7.2
2025-06-12 10:32:00,81.4
2025-06-12 05:45:00,50.17195767195767
2025-06-12 03:32:00,90.3
2025-06-12 21:10:00,38.4
2025-06-12 10:24:00,50.17195767195767
2025-06-12 06:55:00,50.17195767195767
2025-06-12 13:39:00,34.2
2025-06-12 19:47:00,76.5
2025-06-12 04:14:00,50.17195767195767
2025-06-12 00:39:00,22.3
2025-06-12 20:49:00,90.8
2025-06-12 12:42:00,5.9
2025-06-12 11:49:00,73.6
2025-06-12 15:01:00,40.6
2025-06-12 04:26:00,50.17195767195767
2025-06-12 23:51:00,25.3
2025-06-12 09:31:00,30.3
2025-06-12 04:31:00,90.9
2025-06-12 07:37:00,12.4
2025-06-12 02:01:00,50.17195767195767
2025-06-12 13:07:00,86.2
2025-06-12 14:58:00,19.6
2025-06-12 01:34:00,86.1
2025-06-12 11:46:00,84.8
2025-06-12 11:24:00,50.17195767195767
2025-06-12 04:45:00,63.2
2025-06-12 04:29:00,16.0
2025-06-12 03:46:00,55.9
2025-06-12 07:04:00,76.9
2025-06-12 11:02:00,25.7
2025-06-12 10:03:00,50.17195767195767
2025-06-12 13:49:00,50.17195767195767
2025-06-12 08:39:00,57.2
2025-06-12 06:16:00,48.7
2025-06-12 17:18:00,8.9
2025-06-12 11:11:00,77.7
2025-06-12 16:08:00,8.0
2025-06-12 03:55:00,50.17195767195767
2025-06-12 02:07:00,17.9
2025-06-12 20:00:00,86.9
2025-06-12 04:19:00,76.3
2025-06-12 01:50:00,46.1
2025-06-12 03:27:00,82.5
2025-06-12 02:57:00,45.5
2025-06-12 03:08:00,69.8
2025-06-12 04:40:00,35.7
2025-06-12 19:14:00,60.5
2025-06-12 11:15:00,50.17195767195767
2025-06-12 09:36:00,50.17195767195767
2025-06-12 03:25:00,6.3
2025-06-12 16:52:00,50.17195767195767
2025-06-12 16:36:00,10.7
2025-06-12 04:01:00,74.3
2025-06-12 04:47:00,32.2
2025-06-12 14:52:00,50.17195767195767
2025-06-12 08:47:00,76.1
2025-06-12 00:29:00,43.6
2025-06-12 12:06:00,89.1
2025-06-12 16:28:00,40.4
2025-06-12 04:04:00,21.6
2025-06-12 15:58:00,62.1
2025-06-12 02:14:00,50.17195767195767
2025-06-12 23:00:00,91.2
2025-06-12 18:28:00,24.9
2025-06-12 07:38:00,38.0
2025-06-12 21:15:00,48.6
2025-06-12 07:19:00,50.17195767195767
2025-06-12 12:14:00,50.17195767195767
2025-06-12 01:50:00,35.3
2025-06-12 05:29:00,49.7
2025-06-12 17:50:00,77.7
2025-06-12 10:18:00,22.9
2025-06-12 07:41:00,29.2
2025-06-12 12:49:00,92.9
2025-06-12 11:42:00,56.8
2025-06-12 16:06:00,9.6
2025-06-12 14:23:00,50.17195767195767
2025-06-12 21:50:00,12.3
2025-06-12 06:52:00,87.1
2025-06-12 11:34:00,25.9
2025-06-12 10:04:00,54.0
2025-06-12 07:25:00,21.5
2025-06-12 03:49:00,57.0
2025-06-12 06:18:00,55.0
2025-06-12 02:15:00,50.17195767195767
2025-06-12 23:59:00,46.0
2025-06-12 18:51:00,80.3
2025-06-12 19:53:00,31.4
2025-06-12 06:47:00,62.5
2025-06-12 18:04:00,42.0
2025-06-12 04:04:00,35.2
2025-06-12 10:58:00,81.9
2025-06-12 13:46:00,3.1
2025-06-12 23:34:00,62.7
2025-06-12 03:32:00,44.3
2025-06-12 21:43:00,50.17195767195767
2025-06-12 16:21:00,90.6
2025-06-12 01:32:00,67.4
2025-06-12 19:37:00,34.3
2025-06-12 18:41:00,83.4
2025-06-12 16:04:00,48.4
2025-06-12 18:28:00,98.1
2025-06-12 02:58:00,67.9
2025-06-12 07:13:00,15.9
2025-06-12 10:56:00,46.8
2025-06-12 21:11:00,11.5
2025-06-12 09:09:00,52.4
2025-06-12 03:21:00,56.3
2025-06-12 07:41:00,81.7
2025-06-12 17:30:00,15.3
2025-06-12 09:29:00,19.3
2025-06-12 04:32:00,50.17195767195767
2025-06-12 11:18:00,73.5
2025-06-12 15:26:00,86.2
2025-06-12 12:55:00,44.7
2025-06-12 05:14:00,42.0
2025-06-12 10:01:00,68.2
2025-06-12 14:56:00,32.6
2025-06-12 06:53:00,31.4
2025-06-12 17:21:00,69.8
2025-06-12 06:12:00,12.1
2025-06-12 21:52:00,60.3
2025-06-12 12:32:00,77.0
2025-06-12 03:02:00,50.17195767195767
2025-06-12 18:50:00,18.3
2025-06-12 19:41:00,68.8
2025-06-12 09:39:00,71.1
2025-06-12 00:10:00,50.17195767195767
2025-06-12 04:27:00,30.5
2025-06-12 09:40:00,56.1
2025-06-12 18:13:00,13.1
2025-06-12 18:01:00,77.2
2025-06-12 07:17:00,40.0
2025-06-12 20:52:00,32.5
2025-06-12 22:46:00,76.1
2025-06-12 08:34:00,50.17195767195767
2025-06-12 18:33:00,59.1
2025-06-12 20:02:00,10.8
2025-06-12 03:53:00,83.1
2025-06-12 01:20:00,23.5
2025-06-12 21:59:00,14.4
2025-06-12 14:59:00,30.0
2025-06-12 07:58:00,62.6
2025-06-12 03:28:00,66.4
2025-06-12 08:44:00,58.7
2025-06-12 15:13:00,22.6
2025-06-12 06:01:00,3.5
2025-06-12 22:01:00,70.1
2025-06-12 10:21:00,16.3
2025-06-12 01:30:00,58.6
2025-06-12 16:55:00,56.2
2025-06-12 23:36:00,69.6
2025-06-12 21:08:00,50.17195767195767
2025-06-12 21:55:00,51.4
2025-06-12 17:00:00,91.1
2025-06-12 05:56:00,50.3
2025-06-12 12:34:00,25.2
2025-06-12 01:06:00,90.9
2025-06-12 22:46:00,89.2
2025-06-12 22:36:00,99.4
2025-06-12 02:58:00,9.3
2025-06-12 10:10:00,90.3
2025-06-12 20:36:00,1.7
2025-06-12 20:08:00,9.3
2025-06-12 09:36:00,15.5
2025-06-12 03:59:00,48.5
2025-06-12 10:44:00,56.8
2025-06-12 09:25:00,6.5
2025-06-12 21:36:00,68.8
2025-06-12 23:32:00,49.2
2025-06-12 13:09:00,74.5
2025-06-12 09:06:00,30.6
2025-06-12 19:34:00,28.1
2025-06-12 18:12:00,50.17195767195767
2025-06-12 05:07:00,89.3
2025-06-12 23:40:00,61.4
2025-06-12 21:02:00,68.4
2025-06-12 21:11:00,44.3
2025-06-12 21:03:00,71.1
2025-06-12 22:00:00,47.4
2025-06-12 06:22:00,31.8
2025-06-12 09:37:00,19.7
2025-06-12 10:57:00,50.17195767195767
2025-06-12 14:06:00,21.5
2025-06-12 10:55:00,84.6
2025-06-12 03:15:00,18.0
2025-06-12 09:14:00,91.7
2025-06-12 07:34:00,50.8
2025-06-12 21:39:00,26.6
2025-06-12 03:34:00,81.5
2025-06-12 12:08:00,32.3
2025-06-12 00:38:00,88.9
2025-06-12 07:44:00,18.7
2025-06-12 12:41:00,46.4
2025-06-12 06:14:00,96.8
2025-06-12 22:42:00,95.4
2025-06-12 23:13:00,56.7
2025-06-12 04:01:00,0.9
2025-06-12 04:29:00,50.17195767195767
2025-06-12 20:33:00,54.7
2025-06-12 20:11:00,12.8
2025-06-12 03:11:00,45.2
2025-06-12 21:33:00,97.7
2025-06-12 02:19:00,87.6
2025-06-12 02:39:00,33.8
2025-06-12 03:52:00,84.4
2025-06-12 14:45:00,65.0
2025-06-12 14:03:00,41.7
2025-06-12 15:35:00,72.0
2025-06-12 11:40:00,60.2
2025-06-12 05:51:00,20.7
2025-06-12 19:30:00,90.0
2025-06-12 16:53:00,14.1
2025-06-12 20:43:00,49.69252501471454
2025-06-12 13:25:00,37.8
2025-06-12 11:30:00,49.69252501471454
2025-06-12 10:18:00,31.4
2025-06-12 22:10:00,81.6
2025-06-12 10:31:00,28.2
2025-06-12 23:09:00,30.2
2025-06-12 14:07:00,60.4
2025-06-12 15:22:00,70.6
2025-06-12 18:36:00,17.8
2025-06-12 18:43:00,26.7
2025-06-12 16:34:00,85.5
2025-06-12 14:22:00,95.2
2025-06-12 23:25:00,68.4
2025-06-12 06:27:00,24.6
2025-06-12 21:01:00,49.69252501471454
2025-06-12 00:08:00,14.5
2025-06-12 10:29:00,2.5
2025-06-12 09:58:00,25.4
2025-06-12 17:07:00,49.69252501471454
2025-06-12 03:01:00,34.7
2025-06-12 02:27:00,61.3
2025-06-12 19:53:00,93.1
2025-06-12 15:26:00,90.6
2025-06-12 23:27:00,44.2
2025-06-12 06:28:00,49.69252501471454
2025-06-12 12:32:00,49.69252501471454
2025-06-12 09:31:00,71.2
2025-06-12 04:19:00,97.9
2025-06-12 07:27:00,68.3
2025-06-12 07:31:00,4.2
2025-06-12 12:18:00,49.69252501471454
2025-06-12 08:40:00,17.2
2025-06-12 18:31:00,94.4
2025-06-12 01:26:00,89.1
2025-06-12 18:30:00,33.4
2025-06-12 17:04:00,49.69252501471454
2025-06-12 19:27:00,89.1
2025-06-12 13:59:00,73.9
2025-06-12 13:18:00,90.0
2025-06-12 22:12:00,84.1
2025-06-12 23:16:00,75.3
2025-06-12 03:23:00,56.1
2025-06-12 21:39:00,65.3
2025-06-12 05:25:00,37.8
2025-06-12 05:44:00,56.0
2025-06-12 22:29:00,63.3
2025-06-12 22:25:00,57.9
2025-06-12 04:43:00,83.2
2025-06-12 02:00:00,47.7
2025-06-12 16:08:00,97.2
2025-06-12 14:51:00,49.69252501471454
2025-06-12 19:44:00,9.6
2025-06-12 08:04:00,20.1
2025-06-12 02:17:00,49.69252501471454
2025-06-12 04:03:00,79.7
2025-06-12 22:20:00,26.4
2025-06-12 21:12:00,48.6
2025-06-12 18:18:00,7.4
2025-06-12 09:42:00,49.69252501471454
2025-06-12 22:56:00,42.9
2025-06-12 15:52:00,18.9
2025-06-12 09:33:00,73.1
2025-06-12 16:31:00,90.8
2025-06-12 10:37:00,73.7
2025-06-12 23:20:00,37.9
2025-06-12 00:10:00,5.7
2025-06-12 06:12:00,49.69252501471454
2025-06-12 21:42:00,71.0
2025-06-12 20:30:00,32.6
2025-06-12 08:31:00,2.7
2025-06-12 10:00:00,49.69252501471454
2025-06-12 13:29:00,4.2
2025-06-12 17:47:00,21.8
2025-06-12 20:47:00,49.69252501471454
2025-06-12 14:52:00,25.9
2025-06-12 12:23:00,42.5
2025-06-12 23:59:00,33.7
2025-06-12 21:24:00,49.69252501471454
2025-06-12 14:11:00,17.2
2025-06-12 04:07:00,49.69252501471454
2025-06-12 17:02:00,37.4
2025-06-12 15:51:00,17.6
2025-06-12 05:09:00,82.6
2025-06-12 14:18:00,33.2
2025-06-12 11:38:00,88.1
2025-06-12 02:49:00,35.6
2025-06-12 01:06:00,41.4
2025-06-12 01:17:00,50.3
2025-06-12 01:14:00,29.2
2025-06-12 04:26:00,49.69252501471454
2025-06-12 23:24:00,37.3
2025-06-12 02:53:00,49.69252501471454
2025-06-12 08:32:00,1.5
2025-06-12 03:46:00,49.69252501471454
2025-06-12 20:54:00,67.5
2025-06-12 07:06:00,1.1
2025-06-12 04:40:00,96.2
2025-06-12 16:11:00,49.69252501471454
2025-06-12 17:59:00,78.5
2025-06-12 00:14:00,3.4
2025-06-12 04:53:00,51.5
2025-06-12 08:14:00,81.2
2025-06-12 10:10:00,94.6
2025-06-12 17:00:00,94.6
2025-06-12 22:36:00,41.8
2025-06-12 17:50:00,70.3
2025-06-12 02:46:00,38.0
2025-06-12 22:05:00,38.0
2025-06-12 02:13:00,39.6
2025-06-12 10:33:00,58.5
2025-06-12 14:04:00,48.9
2025-06-12 06:27:00,49.69252501471454
2025-06-12 21:58:00,19.0
2025-06-12 22:10:00,51.5
2025-06-12 23:29:00,87.5
2025-06-12 21:49:00,35.2
2025-06-12 12:31:00,60.5
2025-06-12 02:26:00,80.5
2025-06-12 13:39:00,49.69252501471454
2025-06-12 04:49:00,8.5
2025-06-12 10:01:00,49.69252501471454
2025-06-12 00:57:00,95.6
2025-06-12 18:05:00,39.8
2025-06-12 13:02:00,74.5
2025-06-12 01:09:00,10.5
2025-06-12 19:39:00,19.7
2025-06-12 00:25:00,49.69252501471454
2025-06-12 01:19:00,67.7
2025-06-12 13:00:00,34.3
2025-06-12 00:10:00,97.6
2025-06-12 21:51:00,98.3
2025-06-12 07:07:00,60.5
2025-06-12 16:40:00,12.4
2025-06-12 15:42:00,63.2
2025-06-12 03:55:00,88.9
2025-06-12 08:17:00,98.2
2025-06-12 09:44:00,31.6
2025-06-12 18:11:00,92.1
2025-06-12 09:53:00,63.0
2025-06-12 16:00:00,81.5
2025-06-12 05:58:00,56.2
2025-06-12 18:01:00,51.4
2025-06-12 12:40:00,63.1
2025-06-12 22:35:00,7.6
2025-06-12 10:41:00,38.6
2025-06-12 15:01:00,4.6
2025-06-12 23:06:00,7.4
2025-06-12 01:18:00,54.0
2025-06-12 09:20:00,68.8
2025-06-12 07:22:00,13.4
2025-06-12 10:06:00,67.6
2025-06-12 22:31:00,7.5
2025-06-12 02:22:00,61.7
2025-06-12 02:48:00,29.5
2025-06-12 20:47:00,50.7
2025-06-12 12:10:00,10.9
2025-06-12 01:15:00,49.69252501471454
2025-06-12 11:16:00,95.7
2025-06-12 16:27:00,6.7
2025-06-12 15:09:00,63.2
2025-06-12 20:09:00,14.6
2025-06-12 17:10:00,96.5
2025-06-12 02:56:00,38.7
2025-06-12 13:10:00,42.6
2025-06-12 11:53:00,21.4
2025-06-12 23:11:00,83.5
2025-06-12 19:45:00,49.69252501471454
2025-06-12 07:30:00,43.6
2025-06-12 22:34:00,67.6
2025-06-12 04:01:00,31.4
2025-06-12 12:24:00,53.7
2025-06-12 04:03:00,85.9
2025-06-12 01:08:00,90.0
2025-06-12 13:34:00,67.6
2025-06-12 04:35:00,69.1
2025-06-12 19:48:00,94.4
2025-06-12 08:39:00,99.0
2025-06-12 15:35:00,52.5
2025-06-12 16:12:00,29.7
2025-06-12 01:31:00,38.4
2025-06-12 06:27:00,13.0
2025-06-12 12:37:00,20.1
2025-06-12 18:01:00,84.8
2025-06-12 09:56:00,75.5
2025-06-12 01:46:00,73.6
2025-06-12 19:14:00,50.3
2025-06-12 12:59:00,68.8
2025-06-12 16:27:00,33.7
2025-06-12 15:29:00,41.3
2025-06-12 05:38:00,37.9
2025-06-12 09:57:00,43.5
2025-06-12 17:06:00,19.3
2025-06-12 00:26:00,3.9
2025-06-12 19:27:00,78.1
2025-06-12 13:28:00,6.1
2025-06-12 12:42:00,50.9
2025-06-12 04:31:00,44.7
2025-06-12 18:44:00,22.1
2025-06-12 07:30:00,7.0
2025-06-12 10:36:00,49.69252501471454
2025-06-12 21:47:00,77.8
2025-06-12 11:19:00,70.5
2025-06-12 23:04:00,49.69252501471454
2025-06-12 22:25:00,26.4
2025-06-12 08:40:00,12.6
2025-06-12 19:19:00,49.69252501471454
2025-06-12 18:17:00,58.6
2025-06-12 06:23:00,36.5
2025-06-12 10:01:00,92.6
2025-06-12 16:16:00,67.6
2025-06-12 04:56:00,85.8
2025-06-12 12:09:00,90.8
2025-06-12 04:57:00,16.0
2025-06-12 08:40:00,65.7
2025-06-12 15:32:00,49.69252501471454
2025-06-12 19:44:00,6.8
2025-06-12 00:16:00,5.1
2025-06-12 18:37:00,94.1
2025-06-12 04:03:00,1.4
2025-06-12 13:46:00,49.69252501471454
2025-06-12 23:33:00,59.3
2025-06-12 16:27:00,49.69252501471454
2025-06-12 12:24:00,49.69252501471454
2025-06-12 16:36:00,63.3
2025-06-12 21:26:00,7.0
2025-06-12 11:17:00,39.3
2025-06-12 22:30:00,42.7
2025-06-12 04:37:00,17.4
2025-06-12 08:46:00,76.6
2025-06-12 05:29:00,79.1
2025-06-12 08:42:00,83.6
2025-06-12 11:21:00,14.9
2025-06-12 23:08:00,71.8
2025-06-12 13:47:00,28.9
2025-06-12 17:03:00,49.69252501471454
2025-06-12 08:02:00,42.0
2025-06-12 04:53:00,87.4
2025-06-12 18:14:00,36.4
2025-06-12 05:21:00,64.2
2025-06-12 22:47:00,14.3
2025-06-12 16:52:00,55.8
2025-06-12 13:40:00,86.1
2025-06-12 16:41:00,52.0
2025-06-12 17:39:00,84.7
2025-06-12 11:50:00,22.9
2025-06-12 22:40:00,89.4
2025-06-12 22:59:00,49.69252501471454
2025-06-12 02:16:00,72.4
2025-06-12 01:32:00,94.8
2025-06-12 19:49:00,1.9
2025-06-12 05:39:00,92.5
2025-06-12 06:04:00,49.69252501471454
2025-06-12 11:56:00,49.69252501471454
2025-06-12 13:10:00,59.5
2025-06-12 16:32:00,56.1
2025-06-12 17:07:00,73.6
2025-06-12 01:48:00,63.3
2025-06-12 06:07:00,48.8
2025-06-12 02:31:00,66.4
2025-06-12 12:49:00,44.4
2025-06-12 11:40:00,93.0
2025-06-12 18:32:00,65.7
2025-06-12 23:09:00,11.3
2025-06-12 09:53:00,63.1
2025-06-12 10:25:00,48.5
2025-06-12 00:20:00,64.3
2025-06-12 03:29:00,51.6
2025-06-12 20:14:00,49.69252501471454
2025-06-12 11:40:00,89.1
2025-06-12 16:44:00,77.0
2025-06-12 10:35:00,49.69252501471454
2025-06-12 07:20:00,49.69252501471454
2025-06-12 04:59:00,82.3
2025-06-12 19:28:00,49.69252501471454
2025-06-12 20:43:00,50.7
2025-06-12 18:38:00,77.5
2025-06-12 14:34:00,51.7
2025-06-12 09:49:00,31.6
2025-06-12 06:23:00,70.3
2025-06-12 23:57:00,10.9
2025-06-12 00:28:00,49.69252501471454
2025-06-12 12:48:00,63.7
2025-06-12 06:14:00,49.69252501471454
2025-06-12 00:03:00,54.5
2025-06-12 10:11:00,84.2
2025-06-12 01:38:00,9.5
2025-06-12 17:18:00,81.8
2025-06-12 21:27:00,87.3
2025-06-12 15:21:00,47.8
2025-06-12 10:52:00,77.3
2025-06-12 13:44:00,68.6
2025-06-12 08:38:00,60.5
2025-06-12 02:16:00,95.2
2025-06-12 00:06:00,55.1
2025-06-12 06:03:00,90.8
2025-06-12 23:00:00,69.6
2025-06-12 22:09:00,20.7
2025-06-12 19:51:00,82.3
2025-06-12 01:41:00,23.9
2025-06-12 18:06:00,22.6
2025-06-12 12:56:00,30.7
2025-06-12 09:04:00,50.2
2025-06-12 05:05:00,40.9
2025-06-12 16:20:00,58.4
2025-06-12 13:57:00,30.3
2025-06-12 00:10:00,80.7
2025-06-12 20:16:00,49.69252501471454
2025-06-12 19:05:00,3.5
2025-06-12 04:23:00,3.7
2025-06-12 21:42:00,49.69252501471454
2025-06-12 00:36:00,49.69252501471454
2025-06-12 23:20:00,25.8
2025-06-12 17:28:00,92.4
2025-06-12 03:33:00,49.69252501471454
2025-06-12 03:17:00,21.9
2025-06-12 05:12:00,90.6
2025-06-12 03:18:00,28.0
2025-06-12 14:43:00,73.8
2025-06-12 10:41:00,82.1
2025-06-12 12:56:00,77.1
2025-06-12 06:32:00,1.1
2025-06-12 23:28:00,66.6
2025-06-12 18:03:00,0.7
2025-06-12 18:03:00,96.7
2025-06-12 03:00:00,69.0
2025-06-12 03:21:00,36.0
2025-06-12 02:22:00,2.4
2025-06-12 06:26:00,22.0
2025-06-12 04:57:00,28.5
2025-06-12 09:22:00,3.1
2025-06-12 07:40:00,84.1
2025-06-12 03:01:00,65.2
2025-06-12 21:32:00,18.2
2025-06-12 13:17:00,49.88181818181819
2025-06-12 11:25:00,34.1
2025-06-12 08:47:00,49.88181818181819
2025-06-12 19:25:00,37.7
2025-06-12 04:00:00,58.6
2025-06-12 05:24:00,49.88181818181819
2025-06-12 06:24:00,36.0
2025-06-12 01:02:00,91.7
2025-06-12 00:37:00,45.9
2025-06-12 16:56:00,50.9
2025-06-12 12:59:00,49.88181818181819
2025-06-12 02:06:00,95.3
2025-06-12 05:29:00,49.88181818181819
2025-06-12 05:35:00,99.1
2025-06-12 19:57:00,4.4
2025-06-12 17:15:00,57.3
2025-06-12 18:10:00,93.4
2025-06-12 21:02:00,81.0
2025-06-12 16:09:00,92.0
2025-06-12 17:56:00,49.88181818181819
2025-06-12 19:44:00,47.1
2025-06-12 11:30:00,69.5
2025-06-12 00:13:00,1.5
2025-06-12 04:44:00,4.9
2025-06-12 11:59:00,91.1
2025-06-12 06:44:00,84.3
2025-06-12 08:18:00,49.88181818181819
2025-06-12 20:21:00,71.0
2025-06-12 00:29:00,60.8
2025-06-12 07:14:00,9.7
2025-06-12 18:48:00,98.8
2025-06-12 13:05:00,19.1
2025-06-12 17:53:00,76.9
2025-06-12 04:04:00,45.8
2025-06-12 23:04:00,59.2
2025-06-12 17:43:00,49.88181818181819
2025-06-12 01:28:00,63.0
2025-06-12 01:41:00,28.4
2025-06-12 15:35:00,77.2
2025-06-12 01:30:00,14.9
2025-06-12 15:52:00,49.88181818181819
2025-06-12 08:23:00,49.88181818181819
2025-06-12 13:41:00,89.3
2025-06-12 09:13:00,64.7
2025-06-12 11:23:00,89.9
2025-06-12 21:10:00,36.4
2025-06-12 04:42:00,49.88181818181819
2025-06-12 19:16:00,49.9
2025-06-12 00:41:00,37.4
2025-06-12 06:13:00,44.8
2025-06-12 00:26:00,31.9
2025-06-12 23:38:00,33.9
2025-06-12 01:21:00,49.88181818181819
2025-06-12 17:30:00,32.0
2025-06-12 12:37:00,97.7
2025-06-12 12:29:00,36.4
2025-06-12 12:34:00,49.88181818181819
2025-06-12 08:23:00,59.4
2025-06-12 11:27:00,63.9
2025-06-12 18:15:00,6.5
2025-06-12 23:53:00,40.2
2025-06-12 17:56:00,69.2
2025-06-12 18:07:00,68.8
2025-06-12 20:59:00,33.0
2025-06-12 06:24:00,18.2
2025-06-12 15:07:00,24.7
2025-06-12 21:19:00,46.7
2025-06-12 14:05:00,97.0
2025-06-12 21:00:00,30.2
2025-06-12 04:06:00,85.0
2025-06-12 13:21:00,49.88181818181819
2025-06-12 15:05:00,98.4
2025-06-12 12:36:00,95.3
2025-06-12 14:48:00,23.8
2025-06-12 20:55:00,31.7
2025-06-12 04:56:00,48.9
2025-06-12 20:54:00,67.1
2025-06-12 18:41:00,77.2
2025-06-12 06:51:00,2.2
2025-06-12 22:27:00,41.0
2025-06-12 17:53:00,31.8
2025-06-12 08:52:00,16.3
2025-06-12 07:26:00,49.88181818181819
2025-06-12 08:25:00,63.8
2025-06-12 09:03:00,53.7
2025-06-12 21:34:00,13.1
2025-06-12 03:36:00,49.88181818181819
2025-06-12 01:04:00,49.88181818181819
2025-06-12 21:01:00,32.8
2025-06-12 18:57:00,8.6
2025-06-12 20:50:00,49.88181818181819
2025-06-12 23:58:00,2.6
2025-06-12 09:12:00,62.7
2025-06-12 03:26:00,33.1
2025-06-12 05:48:00,49.88181818181819
2025-06-12 15:31:00,38.9
2025-06-12 19:14:00,50.0
2025-06-12 21:06:00,49.88181818181819
2025-06-12 17:04:00,24.6
2025-06-12 02:01:00,16.3
2025-06-12 05:41:00,2.3
2025-06-12 07:05:00,63.5
2025-06-12 23:29:00,21.7
2025-06-12 08:48:00,82.7
2025-06-12 18:05:00,19.0
2025-06-12 02:48:00,30.0
2025-06-12 00:08:00,42.4
2025-06-12 02:50:00,56.0
2025-06-12 22:03:00,61.8
2025-06-12 20:18:00,97.0
2025-06-12 23:53:00,38.2
2025-06-12 05:10:00,97.4
2025-06-12 06:48:00,79.8
2025-06-12 02:49:00,49.88181818181819
2025-06-12 19:25:00,70.8
2025-06-12 13:30:00,57.9
2025-06-12 08:21:00,13.0
2025-06-12 12:41:00,80.9
2025-06-12 16:39:00,68.9
2025-06-12 04:21:00,49.88181818181819
2025-06-12 23:08:00,55.7
2025-06-12 15:14:00,17.4
2025-06-12 17:21:00,48.1
2025-06-12 16:07:00,4.1
2025-06-12 14:05:00,37.3
2025-06-12 22:44:00,26.3
2025-06-12 22:03:00,49.88181818181819
2025-06-12 21:53:00,36.4
2025-06-12 05:04:00,72.6
2025-06-12 04:25:00,97.4
2025-06-12 10:59:00,12.7
2025-06-12 17:24:00,96.9
2025-06-12 22:42:00,15.1
2025-06-12 13:59:00,99.1
2025-06-12 07:13:00,42.0
2025-06-12 15:26:00,36.7
2025-06-12 02:25:00,95.7
2025-06-12 09:05:00,86.9
2025-06-12 12:12:00,44.7
2025-06-12 11:40:00,64.4
2025-06-12 09:01:00,50.1
2025-06-12 08:39:00,71.9
2025-06-12 04:07:00,83.4
2025-06-12 03:13:00,33.7
2025-06-12 14:31:00,49.88181818181819
2025-06-12 03:58:00,9.1
2025-06-12 21:55:00,14.6
2025-06-12 08:35:00,71.0
2025-06-12 09:12:00,49.88181818181819
2025-06-12 17:15:00,12.8
2025-06-12 06:03:00,49.88181818181819
2025-06-12 16:04:00,33.1
2025-06-12 00:20:00,85.9
2025-06-12 14:50:00,88.0
2025-06-12 23:21:00,0.6
2025-06-12 12:42:00,63.6
2025-06-12 00:36:00,31.7
2025-06-12 02:51:00,15.0
2025-06-12 01:22:00,72.5
2025-06-12 18:00:00,56.0
2025-06-12 06:19:00,34.6
2025-06-12 01:31:00,64.1
2025-06-12 16:17:00,97.1
2025-06-12 21:27:00,57.0
2025-06-12 11:52:00,6.2
2025-06-12 20:58:00,54.1
2025-06-12 12:04:00,43.6
2025-06-12 17:23:00,31.5
2025-06-12 09:17:00,14.1
2025-06-12 17:42:00,99.8
2025-06-12 02:41:00,49.88181818181819
2025-06-12 11:31:00,49.88181818181819
2025-06-12 19:37:00,49.88181818181819
2025-06-12 20:31:00,16.5
2025-06-12 11:56:00,56.8
2025-06-12 07:41:00,45.6
2025-06-12 21:54:00,4.9
2025-06-12 19:39:00,98.1
2025-06-12 03:02:00,22.2
2025-06-12 04:07:00,25.6
2025-06-12 06:53:00,32.4
2025-06-12 11:56:00,24.5
2025-06-12 00:34:00,77.6
2025-06-12 00:36:00,99.7
2025-06-12 19:25:00,46.6
2025-06-12 10:20:00,49.88181818181819
2025-06-12 23:11:00,25.1
2025-06-12 05:15:00,13.9
2025-06-12 20:51:00,68.0
2025-06-12 02:34:00,30.3
2025-06-12 03:19:00,49.88181818181819
2025-06-12 19:31:00,83.5
2025-06-12 14:01:00,88.6
2025-06-12 23:31:00,34.4
2025-06-12 11:37:00,4.0
2025-06-12 20:14:00,52.7
2025-06-12 15:27:00,7.4
2025-06-12 23:05:00,32.7
2025-06-12 14:28:00,24.4
2025-06-12 13:14:00,90.5
2025-06-12 01:54:00,50.7
2025-06-12 19:54:00,16.4
2025-06-12 23:35:00,85.1
2025-06-12 14:48:00,49.88181818181819
2025-06-12 14:14:00,13.1
2025-06-12 05:05:00,60.4
2025-06-12 20:51:00,92.4
2025-06-12 01:20:00,24.7
2025-06-12 08:15:00,49.88181818181819
2025-06-12 02:32:00,79.5
2025-06-12 03:44:00,61.0
2025-06-12 10:56:00,49.88181818181819
2025-06-12 11:07:00,16.7
2025-06-12 03:01:00,58.9
2025-06-12 06:06:00,42.8
2025-06-12 06:25:00,49.88181818181819
2025-06-12 09:54:00,58.8
2025-06-12 09:29:00,35.3
2025-06-12 04:16:00,63.1
2025-06-12 13:19:00,93.0
2025-06-12 02:16:00,77.6
2025-06-12 10:11:00,10.6
2025-06-12 09:23:00,92.1
2025-06-12 15:21:00,27.8
2025-06-12 10:51:00,66.3
2025-06-12 21:52:00,20.2
2025-06-12 12:42:00,98.3
2025-06-12 07:40:00,80.4
2025-06-12 10:19:00,71.2
2025-06-12 04:34:00,73.3
2025-06-12 14:27:00,96.1
2025-06-12 01:01:00,97.3
2025-06-12 18:13:00,49.88181818181819
2025-06-12 14:14:00,41.9
2025-06-12 08:05:00,49.88181818181819
2025-06-12 04:40:00,50.8
2025-06-12 02:27:00,58.9
2025-06-12 00:34:00,22.8
2025-06-12 09:59:00,61.8
2025-06-12 14:03:00,47.2
2025-06-12 19:48:00,95.4
2025-06-12 00:49:00,12.8
2025-06-12 23:39:00,28.0
2025-06-12 19:52:00,87.3
2025-06-12 03:29:00,63.3
2025-06-12 15:09:00,73.2
2025-06-12 19:45:00,97.1
2025-06-12 23:37:00,49.88181818181819
2025-06-12 16:21:00,68.6
2025-06-12 17:56:00,82.3
2025-06-12 13:51:00,91.1
2025-06-12 04:35:00,17.0
2025-06-12 11:22:00,6.8
2025-06-12 22:31:00,77.2
2025-06-12 15:35:00,72.6
2025-06-12 12:14:00,49.88181818181819
2025-06-12 21:09:00,63.5
2025-06-12 19:58:00,85.4
2025-06-12 10:13:00,49.88181818181819
2025-06-12 22:02:00,39.5
2025-06-12 10:52:00,39.6
2025-06-12 00:10:00,89.5
2025-06-12 06:31:00,13.6
2025-06-12 19:20:00,96.5
2025-06-12 21:31:00,65.2
2025-06-12 22:24:00,80.3
2025-06-12 22:20:00,98.4
2025-06-12 12:26:00,94.8
2025-06-12 22:27:00,36.0
2025-06-12 21:04:00,77.1
2025-06-12 19:58:00,49.88181818181819
2025-06-12 09:02:00,99.0
2025-06-12 12:26:00,33.8
2025-06-12 16:13:00,11.7
2025-06-12 06:17:00,49.88181818181819
2025-06-12 03:54:00,49.88181818181819
2025-06-12 07:35:00,19.1
2025-06-12 04:11:00,42.2
2025-06-12 04:21:00,28.2
2025-06-12 01:01:00,75.0
2025-06-12 18:31:00,69.6
2025-06-12 17:22:00,82.2
2025-06-12 19:35:00,49.88181818181819
2025-06-12 08:01:00,36.7
2025-06-12 20:15:00,17.7
2025-06-12 04:24:00,13.3
2025-06-12 12:19:00,49.88181818181819
2025-06-12 23:19:00,49.88181818181819
2025-06-12 14:01:00,22.7
2025-06-12 20:41:00,2.8
2025-06-12 06:07:00,12.3
2025-06-12 13:32:00,62.6
2025-06-12 02:35:00,68.1
2025-06-12 01:30:00,33.6
2025-06-12 07:05:00,49.88181818181819
2025-06-12 03:04:00,94.4
2025-06-12 16:49:00,49.88181818181819
2025-06-12 09:12:00,98.3
2025-06-12 11:07:00,55.6
2025-06-12 11:21:00,11.6
2025-06-12 15:51:00,4.3
2025-06-12 08:26:00,72.6
2025-06-12 23:22:00,94.5
2025-06-12 04:31:00,49.88181818181819
2025-06-12 09:33:00,49.88181818181819
2025-06-12 11:12:00,49.88181818181819
2025-06-12 07:47:00,29.8
2025-06-12 20:54:00,49.88181818181819
2025-06-12 18:01:00,2.3
2025-06-12 06:36:00,7.2
2025-06-12 00:44:00,3.7
2025-06-12 07:25:00,27.3
2025-06-12 16:46:00,69.0
2025-06-12 03:10:00,45.9
2025-06-12 10:35:00,30.4
2025-06-12 20:32:00,62.9
2025-06-12 12:18:00,40.1
2025-06-12 11:39:00,47.3
2025-06-12 11:13:00,0.9
2025-06-12 15:01:00,69.8
2025-06-12 07:40:00,6.1
2025-06-12 21:49:00,24.9
2025-06-12 05:38:00,49.88181818181819
2025-06-12 16:10:00,57.1
2025-06-12 20:09:00,13.3
2025-06-12 00:25:00,61.4
2025-06-12 06:21:00,26.0
2025-06-12 23:52:00,5.6
2025-06-12 05:36:00,4.4
2025-06-12 09:20:00,28.6
2025-06-12 19:40:00,69.8
2025-06-12 03:51:00,3.9
2025-06-12 14:52:00,39.1
2025-06-12 23:52:00,78.0
2025-06-12 07:15:00,43.5
2025-06-12 07:52:00,44.0
2025-06-12 18:57:00,36.2
2025-06-12 08:42:00,78.9
2025-06-12 21:32:00,13.2
2025-06-12 20:47:00,38.7
2025-06-12 02:01:00,55.1
2025-06-12 04:57:00,21.6
2025-06-12 18:06:00,49.88181818181819
2025-06-12 21:33:00,49.88181818181819
2025-06-12 05:40:00,67.4
2025-06-12 23:11:00,68.3
2025-06-12 16:01:00,84.3
2025-06-12 21:01:00,62.9
2025-06-12 20:14:00,38.0
2025-06-12 08:30:00,15.1
2025-06-12 12:57:00,2.1
2025-06-12 12:35:00,77.1
2025-06-12 04:58:00,4.5
2025-06-12 06:37:00,12.7
2025-06-12 10:41:00,75.5
2025-06-12 20:38:00,27.2
2025-06-12 00:50:00,24.8
2025-06-12 03:01:00,50.019744401453856
2025-06-12 10:28:00,84.5
2025-06-12 12:32:00,2.2
2025-06-12 07:51:00,47.1
2025-06-12 11:57:00,48.2
2025-06-12 08:08:00,86.7
2025-06-12 13:54:00,50.019744401453856
2025-06-12 05:47:00,65.7
2025-06-12 18:00:00,23.4
2025-06-12 21:01:00,50.0
2025-06-12 12:22:00,64.8
2025-06-12 15:01:00,31.5
2025-06-12 09:59:00,89.5
2025-06-12 01:21:00,44.3
2025-06-12 18:18:00,76.2
2025-06-12 17:52:00,63.5
2025-06-12 08:03:00,64.4
2025-06-12 11:42:00,90.5
2025-06-12 17:34:00,89.3
2025-06-12 21:17:00,55.9
2025-06-12 21:12:00,79.7
2025-06-12 08:14:00,4.2
2025-06-12 07:53:00,85.0
2025-06-12 04:43:00,65.9
2025-06-12 20:24:00,7.0
2025-06-12 15:03:00,80.6
2025-06-12 05:29:00,41.8
2025-06-12 14:35:00,82.5
2025-06-12 16:16:00,20.8
2025-06-12 21:53:00,63.2
2025-06-12 15:37:00,59.7
2025-06-12 13:29:00,52.9
2025-06-12 10:24:00,23.5
2025-06-12 21:10:00,55.0
2025-06-12 20:06:00,66.9
2025-06-12 15:11:00,60.1
2025-06-12 16:25:00,90.2
2025-06-12 23:44:00,44.6
2025-06-12 18:29:00,11.1
2025-06-12 20:04:00,50.019744401453856
2025-06-12 22:55:00,90.7
2025-06-12 06:16:00,55.0
2025-06-12 19:50:00,14.2
2025-06-12 20:08:00,6.1
2025-06-12 00:07:00,50.019744401453856
2025-06-12 13:00:00,43.7
2025-06-12 01:04:00,57.2
2025-06-12 07:25:00,88.9
2025-06-12 12:01:00,90.9
2025-06-12 02:03:00,41.6
2025-06-12 13:22:00,27.0
2025-06-12 16:54:00,61.9
2025-06-12 11:59:00,28.3
2025-06-12 16:22:00,26.9
2025-06-12 20:16:00,96.4
2025-06-12 10:12:00,6.5
2025-06-12 23:53:00,51.5
2025-06-12 05:15:00,50.019744401453856
2025-06-12 03:42:00,9.5
2025-06-12 03:13:00,27.4
2025-06-12 08:34:00,59.7
2025-06-12 01:01:00,67.2
2025-06-12 18:43:00,49.8
2025-06-12 00:29:00,2.9
2025-06-12 02:36:00,84.1
2025-06-12 04:25:00,15.8
2025-06-12 09:46:00,24.0
2025-06-12 00:10:00,50.019744401453856
2025-06-12 13:38:00,63.3
2025-06-12 04:15:00,68.1
2025-06-12 13:52:00,36.3
2025-06-12 04:18:00,77.6
2025-06-12 02:18:00,27.4
2025-06-12 00:26:00,73.6
2025-06-12 21:52:00,50.019744401453856
2025-06-12 20:57:00,24.9
2025-06-12 20:21:00,62.7
2025-06-12 06:58:00,65.3
2025-06-12 07:30:00,78.7
2025-06-12 03:27:00,37.9
2025-06-12 11:11:00,24.7
2025-06-12 23:51:00,55.2
2025-06-12 19:07:00,10.9
2025-06-12 10:05:00,77.6
2025-06-12 12:24:00,10.3
2025-06-12 10:50:00,50.019744401453856
2025-06-12 08:16:00,1.7
2025-06-12 21:59:00,70.7
2025-06-12 09:33:00,57.9
2025-06-12 03:49:00,50.019744401453856
2025-06-12 05:53:00,34.7
2025-06-12 15:12:00,53.9
2025-06-12 23:26:00,68.5
2025-06-12 00:38:00,52.6
2025-06-12 00:30:00,77.7
2025-06-12 03:45:00,10.1
2025-06-12 18:14:00,10.6
2025-06-12 19:05:00,9.8
2025-06-12 03:10:00,48.8
2025-06-12 21:32:00,57.1
2025-06-12 02:09:00,82.0
2025-06-12 00:34:00,99.1
2025-06-12 18:04:00,98.3
2025-06-12 16:48:00,92.4
2025-06-12 20:24:00,19.7
2025-06-12 02:38:00,50.019744401453856
2025-06-12 01:00:00,38.4
2025-06-12 03:50:00,93.9
2025-06-12 09:01:00,8.4
2025-06-12 07:26:00,72.1
2025-06-12 12:58:00,50.019744401453856
2025-06-12 00:37:00,95.3
2025-06-12 17:09:00,80.2
2025-06-12 22:59:00,62.0
2025-06-12 23:09:00,34.4
2025-06-12 20:38:00,53.2
2025-06-12 10:45:00,99.9
2025-06-12 20:56:00,81.5
2025-06-12 06:03:00,85.9
2025-06-12 02:36:00,11.1
2025-06-12 10:24:00,50.019744401453856
2025-06-12 11:56:00,31.9
2025-06-12 10:34:00,34.3
2025-06-12 04:03:00,37.5
2025-06-12 14:41:00,54.0
2025-06-12 20:13:00,50.019744401453856
2025-06-12 17:13:00,52.9
2025-06-12 15:19:00,50.019744401453856
2025-06-12 03:53:00,42.6
2025-06-12 05:46:00,50.019744401453856
2025-06-12 07:07:00,43.1
2025-06-12 06:49:00,29.5
2025-06-12 13:50:00,89.4
2025-06-12 22:16:00,16.0
2025-06-12 16:44:00,39.5
2025-06-12 22:08:00,50.019744401453856
2025-06-12 08:20:00,50.019744401453856
2025-06-12 05:16:00,53.2
2025-06-12 08:13:00,31.9
2025-06-12 01:43:00,82.1
2025-06-12 09:36:00,50.019744401453856
2025-06-12 06:00:00,55.1
2025-06-12 09:42:00,43.8
2025-06-12 09:46:00,75.3
2025-06-12 04:05:00,64.7
2025-06-12 06:26:00,97.9
2025-06-12 11:00:00,34.7
2025-06-12 03:41:00,69.4
2025-06-12 22:29:00,50.9
2025-06-12 12:34:00,54.9
2025-06-12 02:04:00,2.1
2025-06-12 17:09:00,38.9
2025-06-12 11:30:00,56.7
2025-06-12 03:50:00,9.7
2025-06-12 02:28:00,42.2
2025-06-12 21:41:00,68.8
2025-06-12 22:18:00,15.9
2025-06-12 23:52:00,42.6
2025-06-12 04:12:00,68.4
2025-06-12 12:17:00,61.3
2025-06-12 07:05:00,42.9
2025-06-12 09:07:00,98.2
2025-06-12 12:44:00,68.2
2025-06-12 15:28:00,50.019744401453856
2025-06-12 04:29:00,50.019744401453856
2025-06-12 11:41:00,0.2
2025-06-12 21:31:00,50.019744401453856
2025-06-12 18:22:00,10.1
2025-06-12 00:39:00,87.5
2025-06-12 02:44:00,50.019744401453856
2025-06-12 01:59:00,9.3
2025-06-12 08:37:00,5.2
2025-06-12 20:10:00,51.2
2025-06-12 23:38:00,39.5
2025-06-12 01:04:00,28.4
2025-06-12 07:55:00,68.6
2025-06-12 07:06:00,50.019744401453856
2025-06-12 18:09:00,22.3
2025-06-12 18:52:00,2.1
2025-06-12 21:43:00,49.2
2025-06-12 12:26:00,50.019744401453856
2025-06-12 23:14:00,85.5
2025-06-12 16:58:00,79.0
2025-06-12 01:31:00,94.8
2025-06-12 22:13:00,52.0
2025-06-12 11:57:00,84.0
2025-06-12 02:30:00,17.5
2025-06-12 05:18:00,4.0
2025-06-12 10:12:00,50.019744401453856
2025-06-12 14:49:00,50.019744401453856
2025-06-12 17:21:00,29.8
2025-06-12 21:52:00,90.8
2025-06-12 01:59:00,68.3
2025-06-12 01:18:00,48.3
2025-06-12 22:34:00,50.019744401453856
2025-06-12 09:41:00,52.9
2025-06-12 10:08:00,37.2
2025-06-12 04:38:00,40.5
2025-06-12 01:17:00,38.4
2025-06-12 01:40:00,78.6
2025-06-12 16:36:00,22.2
2025-06-12 03:54:00,47.0
2025-06-12 16:28:00,79.6
2025-06-12 07:34:00,56.7
2025-06-12 17:27:00,85.8
2025-06-12 23:15:00,9.7
2025-06-12 14:45:00,66.4
2025-06-12 02:53:00,21.9
2025-06-12 15:32:00,66.3
2025-06-12 04:55:00,2.5
2025-06-12 20:06:00,60.5
2025-06-12 11:20:00,18.7
2025-06-12 08:33:00,71.7
2025-06-12 03:43:00,3.2
2025-06-12 07:01:00,88.9
2025-06-12 22:41:00,26.0
2025-06-12 01:40:00,31.0
2025-06-12 22:43:00,79.2
2025-06-12 20:59:00,50.019744401453856
2025-06-12 22:14:00,84.1
2025-06-12 19:14:00,64.3
2025-06-12 09:46:00,43.9
2025-06-12 15:22:00,50.019744401453856
2025-06-12 15:44:00,52.5
2025-06-12 19:09:00,44.4
2025-06-12 16:20:00,50.019744401453856
2025-06-12 16:04:00,50.019744401453856
2025-06-12 16:05:00,27.6
2025-06-12 18:00:00,35.7
2025-06-12 06:50:00,50.019744401453856
2025-06-12 23:20:00,49.9
2025-06-12 22:30:00,50.7
2025-06-12 11:00:00,50.019744401453856
2025-06-12 03:28:00,50.019744401453856
2025-06-12 21:46:00,56.1
2025-06-12 11:33:00,68.9
2025-06-12 06:58:00,59.8
2025-06-12 20:09:00,62.3
2025-06-12 16:10:00,76.2
2025-06-12 12:06:00,39.1
2025-06-12 12:48:00,41.0
2025-06-12 12:11:00,28.7
2025-06-12 05:04:00,92.0
2025-06-12 02:46:00,57.4
2025-06-12 13:52:00,59.7
2025-06-12 08:53:00,89.9
2025-06-12 10:51:00,7.6
2025-06-12 20:23:00,26.2
2025-06-12 17:59:00,65.7
2025-06-12 12:57:00,93.1
2025-06-12 06:22:00,22.7
2025-06-12 15:05:00,20.3
2025-06-12 16:33:00,50.019744401453856
2025-06-12 01:05:00,18.2
2025-06-12 21:25:00,97.0
2025-06-12 08:49:00,75.0
2025-06-12 02:29:00,82.4
2025-06-12 16:43:00,67.5
2025-06-12 19:13:00,82.4
2025-06-12 04:53:00,39.7
2025-06-12 16:45:00,99.0
2025-06-12 04:23:00,97.9
2025-06-12 13:58:00,43.8
2025-06-12 19:54:00,30.7
2025-06-12 11:29:00,85.8
2025-06-12 22:21:00,57.6
2025-06-12 12:10:00,62.3
2025-06-12 19:24:00,76.3
2025-06-12 15:59:00,23.5
2025-06-12 04:41:00,97.7
2025-06-12 08:14:00,95.8
2025-06-12 05:51:00,20.1
2025-06-12 20:56:00,22.1
2025-06-12 05:05:00,62.6
2025-06-12 23:22:00,47.6
2025-06-12 02:26:00,17.0
2025-06-12 07:00:00,57.6
2025-06-12 02:31:00,75.7
2025-06-12 06:13:00,48.3
2025-06-12 18:00:00,50.019744401453856
2025-06-12 00:41:00,65.7
2025-06-12 02:26:00,50.019744401453856
2025-06-12 08:49:00,26.6
2025-06-12 17:36:00,62.6
2025-06-12 00:24:00,91.3
2025-06-12 11:46:00,50.019744401453856
2025-06-12 12:21:00,68.5
2025-06-12 10:46:00,23.6
2025-06-12 12:37:00,0.2
2025-06-12 16:07:00,56.1
2025-06-12 13:13:00,20.4
2025-06-12 02:39:00,73.9
2025-06-12 07:55:00,2.4
2025-06-12 10:40:00,50.019744401453856
2025-06-12 08:37:00,56.5
2025-06-12 15:24:00,50.019744401453856
2025-06-12 01:20:00,26.3
2025-06-12 15:47:00,84.3
2025-06-12 22:56:00,50.019744401453856
2025-06-12 17:31:00,91.7
2025-06-12 22:01:00,36.8
2025-06-12 11:20:00,6.8
2025-06-12 05:28:00,50.2
2025-06-12 16:10:00,50.019744401453856
2025-06-12 17:11:00,4.7
2025-06-12 12:46:00,7.8
2025-06-12 19:53:00,76.3
2025-06-12 04:53:00,52.8
2025-06-12 04:22:00,7.3
2025-06-12 13:29:00,53.0
2025-06-12 21:36:00,18.0
2025-06-12 04:49:00,27.4
2025-06-12 02:54:00,30.9
2025-06-12 12:17:00,87.6
2025-06-12 14:59:00,37.9
2025-06-12 22:59:00,24.3
2025-06-12 08:07:00,14.6
2025-06-12 05:13:00,6.0
2025-06-12 20:19:00,96.9
2025-06-12 20:30:00,85.8
2025-06-12 13:13:00,50.019744401453856
2025-06-12 09:44:00,75.5
2025-06-12 23:43:00,43.0
2025-06-12 09:08:00,43.0
2025-06-12 09:32:00,8.5
2025-06-12 14:05:00,2.6
2025-06-12 20:11:00,71.0
2025-06-12 18:02:00,69.7
2025-06-12 21:02:00,50.019744401453856
2025-06-12 22:55:00,50.019744401453856
2025-06-12 01:47:00,80.0
2025-06-12 16:18:00,26.0
2025-06-12 12:43:00,48.2
2025-06-12 18:33:00,42.2
2025-06-12 10:21:00,72.0
2025-06-12 08:17:00,63.0
2025-06-12 16:31:00,68.1
2025-06-12 06:16:00,58.0
2025-06-12 16:12:00,49.0
2025-06-12 22:00:00,50.0
2025-06-12 12:35:00,70.1
2025-06-12 21:00:00,86.2
2025-06-12 14:02:00,49.94205948042788
2025-06-12 12:03:00,19.7
2025-06-12 18:39:00,19.2
2025-06-12 18:57:00,73.5
2025-06-12 04:44:00,11.1
2025-06-12 16:48:00,12.0
2025-06-12 19:43:00,22.0
2025-06-12 01:17:00,92.4
2025-06-12 18:23:00,24.3
2025-06-12 04:07:00,13.4
2025-06-12 02:53:00,14.3
2025-06-12 00:24:00,1.2
2025-06-12 18:04:00,16.2
2025-06-12 12:27:00,30.9
2025-06-12 01:00:00,36.6
2025-06-12 08:56:00,94.3
2025-06-12 01:48:00,69.5
2025-06-12 15:32:00,36.7
2025-06-12 11:36:00,8.5
2025-06-12 14:22:00,70.2
2025-06-12 10:31:00,0.8
2025-06-12 16:31:00,14.3
2025-06-12 16:51:00,49.94205948042788
2025-06-12 17:26:00,39.3
2025-06-12 18:09:00,52.1
2025-06-12 07:21:00,35.3
2025-06-12 16:35:00,88.2
2025-06-12 00:08:00,75.6
2025-06-12 20:07:00,49.94205948042788
2025-06-12 03:16:00,70.3
2025-06-12 03:42:00,40.3
2025-06-12 14:35:00,49.94205948042788
2025-06-12 03:57:00,49.94205948042788
2025-06-12 19:43:00,51.4
2025-06-12 08:00:00,22.5
2025-06-12 12:56:00,49.94205948042788
2025-06-12 17:54:00,34.0
2025-06-12 10:43:00,49.94205948042788
2025-06-12 07:01:00,43.8
2025-06-12 16:45:00,62.6
2025-06-12 07:14:00,88.3
2025-06-12 09:57:00,82.1
2025-06-12 11:10:00,37.8
2025-06-12 23:26:00,60.1
2025-06-12 13:17:00,66.6
2025-06-12 12:32:00,38.5
2025-06-12 23:43:00,79.6
2025-06-12 06:04:00,14.3
2025-06-12 15:02:00,68.6
2025-06-12 20:21:00,59.7
2025-06-12 00:02:00,13.0
2025-06-12 10:06:00,49.94205948042788
2025-06-12 14:48:00,23.7
2025-06-12 20:06:00,16.6
2025-06-12 02:19:00,58.3
2025-06-12 09:04:00,4.3
2025-06-12 13:54:00,56.8
2025-06-12 18:50:00,85.8
2025-06-12 09:22:00,36.4
2025-06-12 09:23:00,49.94205948042788
2025-06-12 15:13:00,56.8
2025-06-12 08:40:00,53.5
2025-06-12 12:40:00,87.5
2025-06-12 05:38:00,29.8
2025-06-12 14:17:00,95.8
2025-06-12 21:27:00,46.2
2025-06-12 08:59:00,9.3
2025-06-12 13:42:00,72.8
2025-06-12 23:19:00,32.1
2025-06-12 20:22:00,27.1
2025-06-12 20:09:00,49.94205948042788
2025-06-12 17:16:00,24.1
2025-06-12 12:16:00,93.4
2025-06-12 19:15:00,39.2
2025-06-12 00:19:00,82.4
2025-06-12 04:03:00,8.5
2025-06-12 23:38:00,15.2
2025-06-12 19:21:00,67.7
2025-06-12 09:59:00,12.0
2025-06-12 09:52:00,93.2
2025-06-12 18:59:00,19.1
2025-06-12 08:46:00,42.4
2025-06-12 09:42:00,49.94205948042788
2025-06-12 09:16:00,49.94205948042788
2025-06-12 09:14:00,99.8
2025-06-12 01:16:00,39.6
2025-06-12 16:37:00,13.0
2025-06-12 01:58:00,81.8
2025-06-12 06:56:00,49.94205948042788
2025-06-12 23:39:00,37.9
2025-06-12 12:33:00,67.7
2025-06-12 04:24:00,87.3
2025-06-12 21:09:00,19.9
2025-06-12 06:56:00,38.2
2025-06-12 08:30:00,67.7
2025-06-12 23:04:00,48.2
2025-06-12 12:14:00,35.9
2025-06-12 12:08:00,14.0
2025-06-12 00:39:00,7.4
2025-06-12 08:11:00,47.8
2025-06-12 20:15:00,5.9
2025-06-12 10:27:00,37.7
2025-06-12 16:37:00,44.2
2025-06-12 00:58:00,66.4
2025-06-12 13:56:00,49.94205948042788
2025-06-12 23:27:00,16.9
2025-06-12 23:11:00,93.5
2025-06-12 08:50:00,92.0
2025-06-12 00:30:00,40.3
2025-06-12 02:21:00,49.94205948042788
2025-06-12 10:20:00,23.8
2025-06-12 08:40:00,69.7
2025-06-12 12:55:00,49.3
2025-06-12 08:13:00,92.1
2025-06-12 08:53:00,49.94205948042788
2025-06-12 05:04:00,12.1
2025-06-12 21:30:00,0.3
2025-06-12 07:57:00,61.1
2025-06-12 18:35:00,26.0
2025-06-12 08:23:00,60.9
2025-06-12 20:59:00,88.6
2025-06-12 04:15:00,7.6
2025-06-12 14:42:00,31.6
2025-06-12 03:46:00,49.94205948042788
2025-06-12 00:20:00,49.94205948042788
2025-06-12 11:03:00,66.0
2025-06-12 07:04:00,97.9
2025-06-12 23:56:00,0.4
2025-06-12 06:02:00,47.9
2025-06-12 20:56:00,86.1
2025-06-12 07:50:00,49.94205948042788
2025-06-12 15:11:00,36.4
2025-06-12 19:41:00,49.94205948042788
2025-06-12 09:53:00,64.7
2025-06-12 19:03:00,1.7
2025-06-12 17:28:00,38.0
2025-06-12 12:03:00,1.6
2025-06-12 02:22:00,38.0
2025-06-12 18:39:00,20.5
2025-06-12 18:29:00,85.1
2025-06-12 21:44:00,56.1
2025-06-12 07:14:00,92.5
2025-06-12 14:43:00,97.8
2025-06-12 02:25:00,49.94205948042788
2025-06-12 03:30:00,97.5
2025-06-12 00:17:00,19.3
2025-06-12 10:48:00,42.3
2025-06-12 08:44:00,56.8
2025-06-12 23:22:00,25.0
2025-06-12 13:30:00,24.7
2025-06-12 00:06:00,19.0
2025-06-12 13:07:00,32.0
2025-06-12 03:32:00,89.5
2025-06-12 19:40:00,82.0
2025-06-12 10:02:00,11.7
2025-06-12 10:30:00,34.3
2025-06-12 09:37:00,52.5
2025-06-12 10:23:00,3.4
2025-06-12 03:25:00,49.94205948042788
2025-06-12 05:57:00,31.9
2025-06-12 19:56:00,74.7
2025-06-12 17:16:00,8.9
2025-06-12 00:33:00,88.5
2025-06-12 18:23:00,48.8
2025-06-12 03:57:00,57.4
2025-06-12 01:44:00,95.1
2025-06-12 04:58:00,20.4
2025-06-12 10:24:00,7.9
2025-06-12 06:26:00,76.2
2025-06-12 18:43:00,48.5
2025-06-12 08:40:00,4.2
2025-06-12 04:26:00,13.1
2025-06-12 15:06:00,28.6
2025-06-12 21:36:00,69.4
2025-06-12 21:28:00,23.8
2025-06-12 22:27:00,49.0
2025-06-12 23:45:00,94.9
2025-06-12 11:10:00,22.0
2025-06-12 13:59:00,30.2
2025-06-12 05:15:00,82.8
2025-06-12 14:55:00,54.1
2025-06-12 02:24:00,20.8
2025-06-12 10:46:00,10.3
2025-06-12 06:38:00,79.6
2025-06-12 03:09:00,5.9
2025-06-12 09:06:00,49.94205948042788
2025-06-12 15:51:00,13.0
2025-06-12 00:43:00,49.94205948042788
2025-06-12 20:49:00,49.94205948042788
2025-06-12 03:44:00,43.3
2025-06-12 22:53:00,52.2
2025-06-12 13:59:00,43.7
2025-06-12 06:28:00,28.6
2025-06-12 06:18:00,49.94205948042788
2025-06-12 08:32:00,18.0
2025-06-12 11:52:00,10.8
2025-06-12 02:45:00,49.94205948042788
2025-06-12 09:34:00,27.7
2025-06-12 10:10:00,49.94205948042788
2025-06-12 17:44:00,3.5
2025-06-12 22:50:00,65.8
2025-06-12 06:48:00,2.6
2025-06-12 15:49:00,52.8
2025-06-12 12:49:00,12.5
2025-06-12 11:34:00,1.9
2025-06-12 14:07:00,86.2
2025-06-12 16:39:00,69.7
2025-06-12 11:01:00,13.2
2025-06-12 06:07:00,29.7
2025-06-12 07:40:00,6.7
2025-06-12 10:11:00,89.2
2025-06-12 19:33:00,49.94205948042788
2025-06-12 01:13:00,79.5
2025-06-12 08:01:00,30.6
2025-06-12 23:33:00,56.4
2025-06-12 22:30:00,14.1
2025-06-12 05:29:00,58.2
2025-06-12 12:04:00,49.94205948042788
2025-06-12 11:06:00,49.94205948042788
2025-06-12 20:28:00,49.94205948042788
2025-06-12 16:50:00,74.3
2025-06-12 13:12:00,49.94205948042788
2025-06-12 22:03:00,59.5
2025-06-12 06:08:00,19.0
2025-06-12 01:23:00,78.6
2025-06-12 21:32:00,3.9
2025-06-12 05:23:00,60.1
2025-06-12 15:59:00,25.0
2025-06-12 05:10:00,13.6
2025-06-12 08:56:00,49.2
2025-06-12 10:31:00,41.9
2025-06-12 15:32:00,85.9
2025-06-12 15:49:00,59.5
2025-06-12 05:26:00,3.0
2025-06-12 08:23:00,92.0
2025-06-12 06:23:00,36.1
2025-06-12 02:10:00,90.6
2025-06-12 19:34:00,12.5
2025-06-12 17:59:00,71.1
2025-06-12 23:27:00,29.3
2025-06-12 14:07:00,7.1
2025-06-12 23:20:00,82.0
2025-06-12 03:56:00,42.3
2025-06-12 09:53:00,49.94205948042788
2025-06-12 09:07:00,39.8
2025-06-12 03:09:00,26.7
2025-06-12 06:41:00,48.0
2025-06-12 20:18:00,49.94205948042788
2025-06-12 12:23:00,34.2
2025-06-12 09:51:00,55.6
2025-06-12 18:11:00,8.8
2025-06-12 18:51:00,8.9
2025-06-12 00:30:00,71.0
2025-06-12 09:34:00,83.1
2025-06-12 15:00:00,57.7
2025-06-12 20:56:00,49.94205948042788
2025-06-12 12:22:00,25.1
2025-06-12 06:33:00,29.1
2025-06-12 04:03:00,18.1
2025-06-12 16:35:00,86.8
2025-06-12 22:37:00,28.9
2025-06-12 23:53:00,21.9
2025-06-12 03:35:00,88.8
2025-06-12 05:30:00,13.0
2025-06-12 23:04:00,34.9
2025-06-12 13:21:00,71.7
2025-06-12 17:16:00,68.0
2025-06-12 15:01:00,12.8
2025-06-12 22:58:00,17.8
2025-06-12 09:50:00,84.6
2025-06-12 16:15:00,8.8
2025-06-12 09:46:00,56.3
2025-06-12 07:49:00,8.2
2025-06-12 03:06:00,19.7
2025-06-12 09:07:00,62.2
2025-06-12 03:06:00,84.4
2025-06-12 13:13:00,49.7
2025-06-12 11:00:00,66.3
2025-06-12 18:38:00,49.94205948042788
2025-06-12 17:52:00,75.4
2025-06-12 08:09:00,1.0
2025-06-12 23:27:00,49.94205948042788
2025-06-12 18:18:00,62.4
2025-06-12 14:01:00,47.8
2025-06-12 05:50:00,80.5
2025-06-12 00:38:00,9.8
2025-06-12 21:56:00,49.94205948042788
2025-06-12 23:46:00,21.1
2025-06-12 11:38:00,98.4
2025-06-12 11:38:00,49.94205948042788
2025-06-12 01:13:00,78.2
2025-06-12 00:12:00,47.7
2025-06-12 18:16:00,40.9
2025-06-12 09:16:00,99.4
2025-06-12 03:59:00,56.5
2025-06-12 01:53:00,49.94205948042788
2025-06-12 13:54:00,57.5
2025-06-12 10:43:00,95.6
2025-06-12 19:21:00,19.9
2025-06-12 02:39:00,48.8
2025-06-12 08:48:00,29.8
2025-06-12 01:30:00,10.0
2025-06-12 14:28:00,97.7
2025-06-12 00:54:00,57.8
2025-06-12 18:26:00,90.3
2025-06-12 15:27:00,58.3
2025-06-12 18:01:00,49.94205948042788
2025-06-12 19:46:00,58.2
2025-06-12 14:11:00,64.7
2025-06-12 20:54:00,71.4
2025-06-12 15:09:00,49.94205948042788
2025-06-12 08:48:00,13.5
2025-06-12 17:06:00,58.1
2025-06-12 14:46:00,59.4
2025-06-12 10:45:00,47.4
2025-06-12 14:34:00,50.9
2025-06-12 18:24:00,52.4
2025-06-12 00:08:00,13.0
2025-06-12 09:44:00,49.94205948042788
2025-06-12 10:26:00,49.94205948042788
2025-06-12 07:11:00,49.94205948042788
2025-06-12 16:58:00,49.94205948042788
2025-06-12 19:00:00,21.4
2025-06-12 07:30:00,24.0
2025-06-12 09:27:00,73.3
2025-06-12 04:42:00,30.5
2025-06-12 23:15:00,36.8
2025-06-12 15:48:00,53.7
2025-06-12 10:29:00,17.1
2025-06-12 01:57:00,53.8
2025-06-12 10:48:00,76.0
2025-06-12 00:29:00,49.94205948042788
2025-06-12 07:47:00,33.1
2025-06-12 04:38:00,78.4
2025-06-12 01:27:00,49.94205948042788
2025-06-12 16:45:00,71.6
2025-06-12 07:25:00,97.9
2025-06-12 01:32:00,49.94205948042788
2025-06-12 09:00:00,49.94205948042788
2025-06-12 11:18:00,65.1
2025-06-12 13:51:00,5.8
2025-06-12 14:45:00,34.0
2025-06-12 14:59:00,84.3
2025-06-12 15:31:00,38.0
2025-06-12 12:09:00,51.4
2025-06-12 14:21:00,4.1
2025-06-12 09:39:00,87.6
2025-06-12 18:46:00,14.3
2025-06-12 06:21:00,99.7
2025-06-12 22:55:00,73.4
2025-06-12 06:20:00,0.1
2025-06-12 18:34:00,50.024092836946274
2025-06-12 22:30:00,95.5
2025-06-12 15:52:00,32.7
2025-06-12 22:12:00,22.6
2025-06-12 15:46:00,9.4
2025-06-12 13:36:00,24.0
2025-06-12 17:10:00,81.8
2025-06-12 10:54:00,23.0
2025-06-12 02:30:00,3.8
2025-06-12 06:38:00,49.5
2025-06-12 18:25:00,33.0
2025-06-12 13:26:00,17.5
2025-06-12 01:07:00,50.024092836946274
2025-06-12 17:36:00,34.8
2025-06-12 00:14:00,49.1
2025-06-12 06:20:00,64.1
2025-06-12 13:12:00,19.5
2025-06-12 23:35:00,46.6
2025-06-12 20:55:00,13.7
2025-06-12 12:31:00,76.2
2025-06-12 07:13:00,7.0
2025-06-12 17:06:00,99.0
2025-06-12 10:46:00,60.9
2025-06-12 04:45:00,54.8
2025-06-12 12:36:00,96.5
2025-06-12 20:47:00,17.6
2025-06-12 15:56:00,86.7
2025-06-12 04:31:00,55.7
2025-06-12 08:42:00,14.2
2025-06-12 17:23:00,76.5
2025-06-12 12:36:00,42.4
2025-06-12 12:07:00,46.7
2025-06-12 20:53:00,88.3
2025-06-12 03:03:00,34.6
2025-06-12 22:08:00,10.8
2025-06-12 19:05:00,50.024092836946274
2025-06-12 13:20:00,90.1
2025-06-12 16:27:00,42.5
2025-06-12 12:58:00,50.024092836946274
2025-06-12 07:37:00,76.0
2025-06-12 08:31:00,0.2
2025-06-12 06:22:00,92.5
2025-06-12 05:28:00,75.2
2025-06-12 03:39:00,0.1
2025-06-12 18:07:00,37.4
2025-06-12 17:05:00,14.2
2025-06-12 04:17:00,48.7
2025-06-12 10:12:00,50.024092836946274
2025-06-12 19:15:00,5.2
2025-06-12 08:10:00,9.8
2025-06-12 11:41:00,3.0
2025-06-12 21:31:00,25.2
2025-06-12 03:31:00,50.024092836946274
2025-06-12 05:04:00,80.0
2025-06-12 21:06:00,9.5
2025-06-12 00:09:00,27.8
2025-06-12 15:15:00,62.7
2025-06-12 16:41:00,91.9
2025-06-12 14:13:00,50.024092836946274
2025-06-12 19:12:00,50.024092836946274
2025-06-12 20:06:00,31.9
2025-06-12 09:35:00,54.4
2025-06-12 10:18:00,27.5
2025-06-12 05:15:00,20.5
2025-06-12 01:59:00,64.2
2025-06-12 00:44:00,37.1
2025-06-12 08:55:00,88.7
2025-06-12 21:27:00,73.7
2025-06-12 06:57:00,66.2
2025-06-12 20:35:00,93.7
2025-06-12 11:39:00,81.1
2025-06-12 02:02:00,71.3
2025-06-12 10:50:00,75.4
2025-06-12 02:11:00,78.3
2025-06-12 01:57:00,8.8
2025-06-12 22:22:00,78.3
2025-06-12 19:02:00,31.7
2025-06-12 10:39:00,11.5
2025-06-12 00:47:00,53.9
2025-06-12 02:13:00,61.0
2025-06-12 14:45:00,2.8
2025-06-12 22:56:00,43.3
2025-06-12 21:48:00,88.7
2025-06-12 09:11:00,79.0
2025-06-12 02:43:00,82.2
2025-06-12 16:12:00,19.2
2025-06-12 02:32:00,79.1
2025-06-12 04:48:00,99.5
2025-06-12 18:00:00,24.4
2025-06-12 02:04:00,88.7
2025-06-12 10:12:00,45.7
2025-06-12 00:42:00,65.9
2025-06-12 14:38:00,18.3
2025-06-12 12:50:00,4.5
2025-06-12 21:29:00,2.6
2025-06-12 20:42:00,10.1
2025-06-12 17:48:00,20.2
2025-06-12 08:04:00,50.024092836946274
2025-06-12 01:06:00,50.024092836946274
2025-06-12 02:20:00,12.4
2025-06-12 09:57:00,50.024092836946274
2025-06-12 23:11:00,87.0
2025-06-12 15:01:00,50.024092836946274
2025-06-12 09:45:00,37.0
2025-06-12 06:39:00,68.3
2025-06-12 13:58:00,30.1
2025-06-12 06:38:00,49.7
2025-06-12 11:12:00,36.7
2025-06-12 17:21:00,34.9
2025-06-12 07:03:00,39.6
2025-06-12 06:35:00,50.024092836946274
2025-06-12 07:06:00,91.2
2025-06-12 02:08:00,1.5
2025-06-12 04:24:00,62.4
2025-06-12 21:13:00,59.8
2025-06-12 10:23:00,1.3
2025-06-12 10:36:00,99.7
2025-06-12 07:15:00,74.3
2025-06-12 17:59:00,50.024092836946274
2025-06-12 12:17:00,38.8
2025-06-12 12:27:00,85.0
2025-06-12 06:07:00,87.1
2025-06-12 12:18:00,95.3
2025-06-12 19:11:00,65.6
2025-06-12 13:31:00,14.1
2025-06-12 10:10:00,50.024092836946274
2025-06-12 20:42:00,50.024092836946274
2025-06-12 12:41:00,93.7
2025-06-12 09:22:00,50.024092836946274
2025-06-12 22:57:00,76.8
2025-06-12 10:29:00,38.9
2025-06-12 07:29:00,4.7
2025-06-12 10:56:00,87.7
2025-06-12 03:28:00,65.7
2025-06-12 07:08:00,95.6
2025-06-12 23:53:00,62.3
2025-06-12 14:56:00,50.024092836946274
2025-06-12 03:34:00,78.1
2025-06-12 01:58:00,50.024092836946274
2025-06-12 08:55:00,70.0
2025-06-12 17:43:00,49.3
2025-06-12 03:12:00,67.4
2025-06-12 15:40:00,16.3
2025-06-12 08:39:00,49.2
2025-06-12 14:30:00,30.5
2025-06-12 01:29:00,46.1
2025-06-12 02:29:00,46.9
2025-06-12 12:43:00,6.5
2025-06-12 02:52:00,94.9
2025-06-12 16:12:00,95.4
2025-06-12 22:40:00,82.8
2025-06-12 11:34:00,0.6
2025-06-12 01:24:00,50.024092836946274
2025-06-12 08:21:00,70.9
2025-06-12 07:57:00,5.8
2025-06-12 20:11:00,92.7
2025-06-12 01:20:00,50.024092836946274
2025-06-12 06:44:00,57.1
2025-06-12 21:05:00,82.5
2025-06-12 04:22:00,6.8
2025-06-12 08:27:00,44.2
2025-06-12 18:11:00,72.7
2025-06-12 03:45:00,53.8
2025-06-12 17:50:00,13.1
2025-06-12 14:02:00,4.0
2025-06-12 21:33:00,52.2
2025-06-12 10:54:00,44.7
2025-06-12 22:04:00,68.4
2025-06-12 16:22:00,50.024092836946274
2025-06-12 21:12:00,50.024092836946274
2025-06-12 19:41:00,31.0
2025-06-12 05:59:00,39.6
2025-06-12 02:01:00,27.4
2025-06-12 14:34:00,34.5
2025-06-12 14:30:00,25.6
2025-06-12 11:54:00,50.024092836946274
2025-06-12 07:19:00,4.2
2025-06-12 11:14:00,50.0
2025-06-12 21:36:00,58.2
2025-06-12 18:21:00,50.024092836946274
2025-06-12 19:15:00,53.2
2025-06-12 01:20:00,87.9
2025-06-12 11:26:00,51.6
2025-06-12 09:33:00,91.3
2025-06-12 09:11:00,26.3
2025-06-12 16:44:00,1.6
2025-06-12 12:22:00,9.1
2025-06-12 10:40:00,55.9
2025-06-12 16:21:00,74.3
2025-06-12 23:51:00,82.2
2025-06-12 17:33:00,66.6
2025-06-12 11:37:00,50.024092836946274
2025-06-12 08:33:00,6.9
2025-06-12 20:41:00,81.1
2025-06-12 10:20:00,19.5
2025-06-12 16:24:00,33.5
2025-06-12 15:51:00,50.024092836946274
2025-06-12 13:26:00,1.4
2025-06-12 09:46:00,89.6
2025-06-12 22:00:00,41.3
2025-06-12 20:08:00,38.4
2025-06-12 14:29:00,94.9
2025-06-12 13:00:00,43.8
2025-06-12 09:31:00,62.2
2025-06-12 13:04:00,19.8
2025-06-12 06:03:00,62.9
2025-06-12 23:28:00,54.9
2025-06-12 14:20:00,27.0
2025-06-12 08:10:00,78.9
2025-06-12 07:07:00,50.024092836946274
2025-06-12 04:08:00,50.0
2025-06-12 05:32:00,57.7
2025-06-12 17:33:00,33.1
2025-06-12 00:09:00,13.9
2025-06-12 05:52:00,60.1
2025-06-12 12:01:00,53.9
2025-06-12 17:13:00,50.024092836946274
2025-06-12 20:22:00,50.024092836946274
2025-06-12 05:02:00,50.024092836946274
2025-06-12 03:10:00,16.5
2025-06-12 17:53:00,20.7
2025-06-12 04:17:00,85.2
2025-06-12 04:07:00,47.5
2025-06-12 00:18:00,50.024092836946274
2025-06-12 21:41:00,34.1
2025-06-12 07:11:00,23.0
2025-06-12 23:31:00,19.5
2025-06-12 11:55:00,50.024092836946274
2025-06-12 10:53:00,2.2
2025-06-12 07:42:00,93.5
2025-06-12 04:10:00,80.3
2025-06-12 14:07:00,97.9
2025-06-12 10:20:00,81.2
2025-06-12 10:11:00,8.8
2025-06-12 22:48:00,58.5
2025-06-12 06:38:00,90.7
2025-06-12 17:16:00,27.1
2025-06-12 08:31:00,50.024092836946274
2025-06-12 15:33:00,51.7
2025-06-12 03:46:00,50.024092836946274
2025-06-12 09:27:00,50.024092836946274
2025-06-12 21:18:00,96.6
2025-06-12 16:42:00,50.024092836946274
2025-06-12 00:45:00,14.2
2025-06-12 07:11:00,90.9
2025-06-12 14:08:00,33.9
2025-06-12 13:54:00,77.5
2025-06-12 05:23:00,96.1
2025-06-12 16:28:00,50.024092836946274
2025-06-12 14:16:00,45.0
2025-06-12 05:49:00,50.024092836946274
2025-06-12 10:55:00,77.3
2025-06-12 09:33:00,0.2
2025-06-12 01:51:00,5.5
2025-06-12 07:24:00,98.2
2025-06-12 03:43:00,39.9
2025-06-12 11:59:00,11.5
2025-06-12 23:49:00,50.024092836946274
2025-06-12 22:42:00,90.0
2025-06-12 23:33:00,31.2
2025-06-12 03:41:00,94.6
2025-06-12 23:53:00,93.1
2025-06-12 09:16:00,29.5
2025-06-12 09:21:00,92.8
2025-06-12 23:49:00,85.1
2025-06-12 12:07:00,14.6
2025-06-12 07:18:00,45.4
2025-06-12 09:23:00,70.8
2025-06-12 16:34:00,50.024092836946274
2025-06-12 21:31:00,36.7
2025-06-12 02:59:00,55.2
2025-06-12 14:02:00,50.024092836946274
2025-06-12 10:49:00,84.4
2025-06-12 15:53:00,74.6
2025-06-12 18:44:00,93.4
2025-06-12 20:03:00,80.0
2025-06-12 00:26:00,68.0
2025-06-12 14:02:00,67.3
2025-06-12 20:55:00,75.9
2025-06-12 12:49:00,50.024092836946274
2025-06-12 09:27:00,98.5
2025-06-12 12:44:00,85.4
2025-06-12 09:51:00,45.2
2025-06-12 18:41:00,50.024092836946274
2025-06-12 10:11:00,99.8
2025-06-12 09:24:00,85.3
2025-06-12 04:56:00,62.5
2025-06-12 21:58:00,64.0
2025-06-12 03:27:00,12.5
2025-06-12 18:01:00,71.7
2025-06-12 20:52:00,41.6
2025-06-12 00:04:00,4.7
2025-06-12 03:37:00,7.8
2025-06-12 22:08:00,26.2
2025-06-12 12:58:00,37.4
2025-06-12 07:04:00,71.3
2025-06-12 06:59:00,60.2
2025-06-12 17:28:00,50.6
2025-06-12 03:36:00,11.5
2025-06-12 10:11:00,96.2
2025-06-12 08:20:00,8.5
2025-06-12 19:49:00,66.3
2025-06-12 03:19:00,72.9
2025-06-12 16:58:00,8.9
2025-06-12 14:09:00,14.3
2025-06-12 05:22:00,19.6
2025-06-12 15:56:00,51.8
2025-06-12 14:26:00,26.1
2025-06-12 10:19:00,22.9
2025-06-12 03:36:00,48.0
2025-06-12 12:20:00,3.9
2025-06-12 18:40:00,74.9
2025-06-12 15:43:00,39.4
2025-06-12 00:49:00,89.6
2025-06-12 12:32:00,95.6
2025-06-12 13:44:00,43.8
2025-06-12 18:04:00,50.024092836946274
2025-06-12 13:53:00,11.4
2025-06-12 01:41:00,15.2
2025-06-12 17:36:00,50.024092836946274
2025-06-12 08:03:00,15.7
2025-06-12 09:01:00,50.024092836946274
2025-06-12 23:55:00,65.7
2025-06-12 04:14:00,21.0
2025-06-12 03:14:00,95.8
2025-06-12 11:33:00,81.1
2025-06-12 13:10:00,68.9
2025-06-12 02:25:00,33.0
2025-06-12 22:48:00,63.1
2025-06-12 07:05:00,72.0
2025-06-12 05:34:00,36.9
2025-06-12 06:01:00,42.3
2025-06-12 13:57:00,9.1
2025-06-12 19:16:00,20.6
2025-06-12 06:19:00,92.9
2025-06-12 04:18:00,49.2
2025-06-12 13:28:00,95.5
2025-06-12 20:25:00,55.5
2025-06-12 05:07:00,35.0
2025-06-12 02:31:00,77.1
2025-06-12 14:12:00,8.3
2025-06-12 15:19:00,52.0
2025-06-12 04:18:00,42.3
2025-06-12 06:07:00,77.6
2025-06-12 11:50:00,49.54963144963145
2025-06-12 22:35:00,91.8
2025-06-12 10:05:00,80.1
2025-06-12 12:42:00,49.54963144963145
2025-06-12 21:59:00,31.2
2025-06-12 23:26:00,23.8
2025-06-12 13:15:00,81.8
2025-06-12 21:57:00,65.3
2025-06-12 21:15:00,79.8
2025-06-12 07:31:00,49.54963144963145
2025-06-12 10:59:00,79.4
2025-06-12 06:21:00,30.4
2025-06-12 00:15:00,16.2
2025-06-12 01:32:00,76.0
2025-06-12 23:34:00,46.0
2025-06-12 02:58:00,85.8
2025-06-12 07:00:00,13.4
2025-06-12 10:30:00,26.3
2025-06-12 01:55:00,78.2
2025-06-12 12:30:00,21.5
2025-06-12 05:47:00,49.54963144963145
2025-06-12 05:33:00,51.5
2025-06-12 02:56:00,45.2
2025-06-12 20:47:00,93.9
2025-06-12 22:19:00,96.5
2025-06-12 04:28:00,30.3
2025-06-12 07:32:00,81.5
2025-06-12 06:42:00,17.1
2025-06-12 23:33:00,49.54963144963145
2025-06-12 17:11:00,5.5
2025-06-12 10:45:00,41.5
2025-06-12 09:48:00,61.2
2025-06-12 19:23:00,25.5
2025-06-12 10:11:00,26.5
2025-06-12 11:14:00,69.7
2025-06-12 03:49:00,71.3
2025-06-12 11:27:00,32.8
2025-06-12 14:09:00,7.8
2025-06-12 03:13:00,41.9
2025-06-12 13:13:00,65.7
2025-06-12 17:50:00,9.5
2025-06-12 23:38:00,49.54963144963145
2025-06-12 11:07:00,61.7
2025-06-12 21:34:00,19.6
2025-06-12 01:38:00,24.7
2025-06-12 16:06:00,49.54963144963145
2025-06-12 14:25:00,17.4
2025-06-12 12:15:00,84.5
2025-06-12 21:05:00,17.3
2025-06-12 20:40:00,69.9
2025-06-12 09:41:00,66.0
2025-06-12 16:02:00,44.7
2025-06-12 08:04:00,7.9
2025-06-12 16:25:00,49.54963144963145
2025-06-12 11:59:00,84.9
2025-06-12 15:46:00,49.54963144963145
2025-06-12 01:04:00,60.4
2025-06-12 05:05:00,3.0
2025-06-12 07:24:00,43.3
2025-06-12 16:54:00,13.7
2025-06-12 12:53:00,60.7
2025-06-12 15:02:00,34.5
2025-06-12 01:23:00,27.7
2025-06-12 01:49:00,91.9
2025-06-12 05:18:00,59.6
2025-06-12 16:44:00,20.6
2025-06-12 13:46:00,49.54963144963145
2025-06-12 06:50:00,40.1
2025-06-12 10:23:00,18.3
2025-06-12 05:11:00,11.9
2025-06-12 23:26:00,39.8
2025-06-12 13:54:00,19.4
2025-06-12 07:49:00,22.2
2025-06-12 09:43:00,19.9
2025-06-12 00:15:00,81.2
2025-06-12 10:58:00,37.2
2025-06-12 12:10:00,18.3
2025-06-12 09:06:00,16.6
2025-06-12 23:55:00,84.9
2025-06-12 15:09:00,49.4
2025-06-12 11:44:00,54.0
2025-06-12 11:44:00,79.0
2025-06-12 12:34:00,35.0
2025-06-12 03:25:00,34.6
2025-06-12 14:35:00,98.6
2025-06-12 06:42:00,63.1
2025-06-12 11:01:00,83.8
2025-06-12 15:13:00,49.54963144963145
2025-06-12 16:22:00,1.4
2025-06-12 23:13:00,71.2
2025-06-12 11:08:00,53.7
2025-06-12 16:08:00,49.54963144963145
2025-06-12 03:15:00,47.3
2025-06-12 05:52:00,49.54963144963145
2025-06-12 19:18:00,22.9
2025-06-12 10:27:00,49.5
2025-06-12 11:01:00,49.3
2025-06-12 15:31:00,98.0
2025-06-12 22:03:00,26.8
2025-06-12 05:17:00,40.6
2025-06-12 10:30:00,56.1
2025-06-12 03:39:00,50.6
2025-06-12 11:02:00,74.1
2025-06-12 12:09:00,32.2
2025-06-12 00:27:00,60.5
2025-06-12 20:36:00,73.8
2025-06-12 14:33:00,96.9
2025-06-12 04:25:00,27.1
2025-06-12 19:03:00,49.54963144963145
2025-06-12 22:54:00,50.1
2025-06-12 12:58:00,49.0
2025-06-12 14:22:00,29.5
2025-06-12 02:12:00,49.54963144963145
2025-06-12 02:32:00,60.5
2025-06-12 05:00:00,16.2
2025-06-12 23:40:00,19.1
2025-06-12 05:46:00,95.4
2025-06-12 02:09:00,56.4
2025-06-12 23:35:00,66.7
2025-06-12 20:12:00,44.1
2025-06-12 06:14:00,1.3
2025-06-12 09:01:00,52.1
2025-06-12 09:16:00,50.6
2025-06-12 02:05:00,49.54963144963145
2025-06-12 06:51:00,64.0
2025-06-12 14:57:00,49.54963144963145
2025-06-12 14:30:00,72.1
2025-06-12 18:49:00,73.4
2025-06-12 05:09:00,7.6
2025-06-12 02:35:00,49.54963144963145
2025-06-12 08:46:00,95.5
2025-06-12 01:35:00,87.9
2025-06-12 16:28:00,77.9
2025-06-12 04:08:00,49.54963144963145
2025-06-12 05:40:00,15.1
2025-06-12 15:20:00,79.0
2025-06-12 07:38:00,6.6
2025-06-12 06:15:00,36.5
2025-06-12 04:11:00,67.7
2025-06-12 20:55:00,94.5
2025-06-12 15:43:00,39.9
2025-06-12 23:07:00,49.54963144963145
2025-06-12 02:21:00,82.2
2025-06-12 18:59:00,83.8
2025-06-12 13:53:00,1.7
2025-06-12 20:42:00,49.3
2025-06-12 02:37:00,93.7
2025-06-12 10:58:00,95.2
2025-06-12 13:02:00,85.6
2025-06-12 16:22:00,36.6
2025-06-12 15:23:00,39.2
2025-06-12 18:15:00,93.2
2025-06-12 01:15:00,71.5
2025-06-12 01:57:00,42.5
2025-06-12 23:44:00,49.54963144963145
2025-06-12 13:08:00,41.3
2025-06-12 00:09:00,77.6
2025-06-12 11:39:00,94.7
2025-06-12 14:32:00,49.54963144963145
2025-06-12 14:16:00,49.54963144963145
2025-06-12 17:24:00,0.0
2025-06-12 14:28:00,83.2
2025-06-12 12:38:00,49.54963144963145
2025-06-12 11:20:00,91.6
2025-06-12 18:07:00,72.8
2025-06-12 19:39:00,39.7
2025-06-12 16:34:00,70.5
2025-06-12 11:31:00,97.9
2025-06-12 11:28:00,47.1
2025-06-12 23:40:00,4.4
2025-06-12 04:09:00,70.0
2025-06-12 11:30:00,7.6
2025-06-12 22:51:00,43.8
2025-06-12 19:43:00,50.7
2025-06-12 10:14:00,59.6
2025-06-12 15:26:00,64.6
2025-06-12 01:53:00,49.54963144963145
2025-06-12 02:11:00,68.2
2025-06-12 00:18:00,2.5
2025-06-12 06:41:00,33.5
2025-06-12 06:48:00,0.5
2025-06-12 09:16:00,95.5
2025-06-12 10:04:00,65.0
2025-06-12 22:06:00,28.1
2025-06-12 14:30:00,49.54963144963145
2025-06-12 18:25:00,49.54963144963145
2025-06-12 21:09:00,16.5
2025-06-12 04:22:00,0.5
2025-06-12 13:15:00,68.5
2025-06-12 07:35:00,12.1
2025-06-12 00:11:00,47.0
2025-06-12 02:04:00,3.3
2025-06-12 09:21:00,77.3
2025-06-12 06:24:00,82.1
2025-06-12 20:41:00,32.8
2025-06-12 07:27:00,20.0
2025-06-12 14:01:00,26.6
2025-06-12 23:00:00,29.2
2025-06-12 15:33:00,5.7
2025-06-12 08:10:00,36.3
2025-06-12 22:11:00,12.9
2025-06-12 07:09:00,24.2
2025-06-12 10:04:00,31.1
2025-06-12 00:53:00,49.54963144963145
2025-06-12 13:43:00,16.7
2025-06-12 23:49:00,78.8
2025-06-12 09:32:00,76.6
2025-06-12 18:29:00,49.54963144963145
2025-06-12 11:48:00,49.54963144963145
2025-06-12 11:22:00,37.0
2025-06-12 02:45:00,90.7
2025-06-12 00:50:00,27.3
2025-06-12 05:36:00,18.2
2025-06-12 05:10:00,99.0
2025-06-12 06:39:00,33.8
2025-06-12 22:23:00,19.4
2025-06-12 00:29:00,68.8
2025-06-12 21:42:00,95.8
2025-06-12 11:00:00,44.2
2025-06-12 17:16:00,8.6
2025-06-12 13:04:00,34.6
2025-06-12 00:13:00,54.2
2025-06-12 18:18:00,75.7
2025-06-12 08:37:00,37.3
2025-06-12 01:48:00,45.9
2025-06-12 23:56:00,93.4
2025-06-12 14:48:00,71.8
2025-06-12 02:52:00,2.5
2025-06-12 06:29:00,49.54963144963145
2025-06-12 08:08:00,49.54963144963145
2025-06-12 06:32:00,99.0
2025-06-12 12:59:00,49.54963144963145
2025-06-12 16:21:00,37.8
2025-06-12 05:13:00,23.7
2025-06-12 13:52:00,49.54963144963145
2025-06-12 10:36:00,49.54963144963145
2025-06-12 14:00:00,43.9
2025-06-12 16:14:00,74.5
2025-06-12 19:39:00,49.54963144963145
2025-06-12 17:41:00,97.1
2025-06-12 16:48:00,32.5
2025-06-12 19:31:00,27.6
2025-06-12 02:02:00,24.5
2025-06-12 23:17:00,46.8
2025-06-12 03:14:00,43.1
2025-06-12 15:20:00,45.8
2025-06-12 10:43:00,52.1
2025-06-12 06:25:00,68.5
2025-06-12 11:50:00,90.5
2025-06-12 09:58:00,64.1
2025-06-12 14:09:00,65.7
2025-06-12 17:10:00,35.5
2025-06-12 20:23:00,80.2
2025-06-12 19:34:00,49.54963144963145
2025-06-12 05:17:00,81.6
2025-06-12 10:34:00,92.8
2025-06-12 00:16:00,92.0
2025-06-12 19:47:00,33.5
2025-06-12 11:16:00,87.9
2025-06-12 21:01:00,49.54963144963145
2025-06-12 22:11:00,49.54963144963145
2025-06-12 05:35:00,31.0
2025-06-12 01:23:00,11.9
2025-06-12 20:28:00,19.5
2025-06-12 21:08:00,12.3
2025-06-12 15:27:00,1.0
2025-06-12 09:31:00,51.1
2025-06-12 23:37:00,84.0
2025-06-12 14:37:00,30.7
2025-06-12 03:14:00,82.4
2025-06-12 11:12:00,92.2
2025-06-12 11:55:00,12.2
2025-06-12 06:59:00,73.9
2025-06-12 11:58:00,30.4
2025-06-12 05:13:00,30.2
2025-06-12 00:02:00,13.0
2025-06-12 03:35:00,70.4
2025-06-12 12:46:00,42.3
2025-06-12 13:22:00,12.0
2025-06-12 04:59:00,5.6
2025-06-12 18:28:00,55.4
2025-06-12 14:31:00,49.54963144963145
2025-06-12 08:14:00,10.1
2025-06-12 22:07:00,96.4
2025-06-12 08:19:00,57.0
2025-06-12 00:43:00,65.4
2025-06-12 23:50:00,70.2
2025-06-12 22:22:00,51.2
2025-06-12 01:39:00,49.54963144963145
2025-06-12 01:26:00,20.6
2025-06-12 08:30:00,89.5
2025-06-12 11:35:00,55.2
2025-06-12 21:48:00,46.9
2025-06-12 10:23:00,3.0
2025-06-12 01:39:00,82.1
2025-06-12 15:46:00,90.8
2025-06-12 10:38:00,69.7
2025-06-12 19:50:00,73.1
2025-06-12 16:35:00,29.8
2025-06-12 07:03:00,48.1
2025-06-12 04:27:00,52.0
2025-06-12 11:39:00,42.0
2025-06-12 12:49:00,24.0
2025-06-12 15:06:00,39.2
2025-06-12 04:52:00,27.1
2025-06-12 11:25:00,19.0
2025-06-12 10:00:00,83.5
2025-06-12 07:48:00,100.0
2025-06-12 06:43:00,49.54963144963145
2025-06-12 00:39:00,18.5
2025-06-12 13:22:00,29.7
2025-06-12 18:07:00,39.7
2025-06-12 23:31:00,49.7
2025-06-12 01:28:00,39.1
2025-06-12 01:15:00,10.3
2025-06-12 10:23:00,63.9
2025-06-12 15:19:00,49.54963144963145
2025-06-12 03:02:00,49.54963144963145
2025-06-12 05:08:00,6.8
2025-06-12 13:34:00,51.3
2025-06-12 03:58:00,49.54963144963145
2025-06-12 21:53:00,24.0
2025-06-12 10:29:00,51.9
2025-06-12 13:14:00,72.0
2025-06-12 04:24:00,12.9
2025-06-12 01:27:00,49.54963144963145
2025-06-12 17:08:00,49.54963144963145
2025-06-12 12:00:00,39.7
2025-06-12 11:22:00,3.4
2025-06-12 02:13:00,97.1
2025-06-12 00:41:00,49.54963144963145
2025-06-12 21:10:00,44.0
2025-06-12 12:42:00,90.0
2025-06-12 01:40:00,86.6
2025-06-12 04:32:00,54.3
2025-06-12 21:43:00,60.2
2025-06-12 14:37:00,91.0
2025-06-12 05:01:00,77.3
2025-06-12 22:05:00,59.8
2025-06-12 19:39:00,35.9
2025-06-12 23:58:00,79.2
2025-06-12 21:19:00,80.7
2025-06-12 07:17:00,50.9
2025-06-12 19:58:00,30.4
2025-06-12 04:45:00,88.0
2025-06-12 01:14:00,18.2
2025-06-12 20:42:00,10.9
2025-06-12 16:07:00,98.7
2025-06-12 16:30:00,49.54963144963145
2025-06-12 23:58:00,14.9
2025-06-12 04:06:00,51.4
2025-06-12 05:37:00,77.4
2025-06-12 05:11:00,17.5
2025-06-12 21:35:00,85.2
2025-06-12 21:33:00,92.5
2025-06-12 20:11:00,24.0
2025-06-12 05:54:00,72.9
2025-06-12 11:46:00,91.7
2025-06-12 05:06:00,29.4
2025-06-12 07:48:00,61.9
2025-06-12 19:42:00,49.560128956623686
2025-06-12 21:04:00,46.8
2025-06-12 02:15:00,36.5
2025-06-12 01:07:00,49.560128956623686
2025-06-12 07:55:00,92.3
2025-06-12 15:48:00,68.9
2025-06-12 12:22:00,22.8
2025-06-12 14:53:00,49.560128956623686
2025-06-12 21:40:00,75.3
2025-06-12 03:53:00,12.1
2025-06-12 13:05:00,49.560128956623686
2025-06-12 13:53:00,4.3
2025-06-12 21:34:00,33.6
2025-06-12 01:25:00,8.9
2025-06-12 23:32:00,20.5
2025-06-12 17:41:00,66.7
2025-06-12 20:19:00,51.3
2025-06-12 12:17:00,35.4
2025-06-12 22:11:00,21.7
2025-06-12 15:45:00,49.560128956623686
2025-06-12 04:41:00,36.8
2025-06-12 19:50:00,49.560128956623686
2025-06-12 15:53:00,49.560128956623686
2025-06-12 17:26:00,26.2
2025-06-12 16:35:00,22.5
2025-06-12 07:45:00,44.0
2025-06-12 17:04:00,23.3
2025-06-12 04:05:00,49.560128956623686
2025-06-12 22:58:00,64.9
2025-06-12 05:24:00,43.1
2025-06-12 04:58:00,17.9
2025-06-12 12:41:00,53.6
2025-06-12 21:32:00,58.4
2025-06-12 22:08:00,49.560128956623686
2025-06-12 02:39:00,16.3
2025-06-12 05:08:00,49.560128956623686
2025-06-12 16:23:00,47.7
2025-06-12 16:42:00,44.4
2025-06-12 21:38:00,9.9
2025-06-12 11:33:00,20.8
2025-06-12 11:19:00,72.9
2025-06-12 16:45:00,39.2
2025-06-12 11:05:00,12.9
2025-06-12 11:12:00,95.0
2025-06-12 07:59:00,4.7
2025-06-12 15:57:00,70.6
2025-06-12 22:00:00,13.4
2025-06-12 02:50:00,56.0
2025-06-12 18:12:00,35.3
2025-06-12 15:00:00,40.3
2025-06-12 11:20:00,0.7
2025-06-12 15:17:00,9.3
2025-06-12 15:53:00,96.1
2025-06-12 21:29:00,8.6
2025-06-12 02:00:00,8.3
2025-06-12 22:41:00,51.1
2025-06-12 12:48:00,84.9
2025-06-12 14:44:00,38.1
2025-06-12 16:44:00,26.0
2025-06-12 05:17:00,62.6
2025-06-12 02:54:00,49.560128956623686
2025-06-12 11:26:00,13.9
2025-06-12 01:09:00,6.4
2025-06-12 22:20:00,49.560128956623686
2025-06-12 01:22:00,12.2
2025-06-12 08:47:00,8.4
2025-06-12 01:32:00,10.2
2025-06-12 12:25:00,49.560128956623686
2025-06-12 04:45:00,49.560128956623686
2025-06-12 09:03:00,49.560128956623686
2025-06-12 04:05:00,36.8
2025-06-12 00:57:00,94.5
2025-06-12 17:28:00,49.560128956623686
2025-06-12 18:35:00,70.4
2025-06-12 10:54:00,63.6
2025-06-12 07:33:00,41.9
2025-06-12 17:04:00,15.6
2025-06-12 01:58:00,2.7
2025-06-12 19:55:00,2.1
2025-06-12 10:21:00,97.5
2025-06-12 14:05:00,43.1
2025-06-12 18:57:00,35.7
2025-06-12 00:38:00,68.2
2025-06-12 05:20:00,53.4
2025-06-12 14:00:00,52.4
2025-06-12 05:49:00,20.8
2025-06-12 11:36:00,76.4
2025-06-12 07:11:00,17.7
2025-06-12 08:15:00,16.0
2025-06-12 21:15:00,88.0
2025-06-12 14:08:00,35.2
2025-06-12 02:33:00,49.560128956623686
2025-06-12 15:43:00,9.0
2025-06-12 22:45:00,82.0
2025-06-12 14:43:00,25.0
2025-06-12 06:04:00,76.4
2025-06-12 17:50:00,44.1
2025-06-12 15:07:00,7.2
2025-06-12 19:09:00,23.8
2025-06-12 13:03:00,97.3
2025-06-12 02:03:00,18.0
2025-06-12 12:56:00,33.1
2025-06-12 12:52:00,62.3
2025-06-12 09:35:00,80.3
2025-06-12 07:17:00,49.560128956623686
2025-06-12 23:41:00,75.0
2025-06-12 15:06:00,42.6
2025-06-12 12:13:00,23.1
2025-06-12 20:40:00,41.2
2025-06-12 01:30:00,11.7
2025-06-12 07:11:00,47.2
2025-06-12 15:34:00,87.9
2025-06-12 23:33:00,34.3
2025-06-12 22:45:00,85.6
2025-06-12 23:32:00,49.560128956623686
2025-06-12 05:36:00,77.6
2025-06-12 07:24:00,99.0
2025-06-12 17:32:00,3.8
2025-06-12 14:58:00,49.560128956623686
2025-06-12 16:06:00,29.3
2025-06-12 02:09:00,62.4
2025-06-12 07:25:00,40.4
2025-06-12 04:14:00,26.2
2025-06-12 13:01:00,39.6
2025-06-12 11:13:00,49.560128956623686
2025-06-12 12:32:00,35.2
2025-06-12 04:12:00,34.7
2025-06-12 14:41:00,49.560128956623686
2025-06-12 21:25:00,4.9
2025-06-12 20:49:00,53.6
2025-06-12 21:50:00,61.7
2025-06-12 22:42:00,94.5
2025-06-12 00:40:00,50.8
2025-06-12 17:41:00,49.560128956623686
2025-06-12 00:51:00,49.560128956623686
2025-06-12 23:41:00,40.9
2025-06-12 18:29:00,42.7
2025-06-12 01:50:00,1.8
2025-06-12 07:30:00,47.3
2025-06-12 21:02:00,29.7
2025-06-12 02:18:00,65.6
2025-06-12 09:44:00,49.560128956623686
2025-06-12 09:52:00,43.4
2025-06-12 06:57:00,14.6
2025-06-12 19:54:00,61.2
2025-06-12 06:06:00,49.560128956623686
2025-06-12 22:24:00,1.4
2025-06-12 11:02:00,54.0
2025-06-12 19:53:00,85.9
2025-06-12 15:27:00,64.7
2025-06-12 05:59:00,54.6
2025-06-12 21:34:00,49.560128956623686
2025-06-12 15:03:00,86.7
2025-06-12 21:46:00,84.8
2025-06-12 04:59:00,86.3
2025-06-12 07:04:00,78.1
2025-06-12 14:22:00,44.0
2025-06-12 14:45:00,2.4
2025-06-12 02:13:00,87.0
2025-06-12 12:18:00,20.1
2025-06-12 03:31:00,33.1
2025-06-12 05:40:00,67.1
2025-06-12 21:25:00,4.2
2025-06-12 22:24:00,79.0
2025-06-12 03:59:00,17.5
2025-06-12 12:58:00,77.6
2025-06-12 19:09:00,4.4
2025-06-12 23:40:00,94.3
2025-06-12 06:20:00,37.4
2025-06-12 20:16:00,9.6
2025-06-12 03:29:00,7.9
2025-06-12 15:50:00,36.3
2025-06-12 16:48:00,59.1
2025-06-12 21:18:00,8.0
2025-06-12 08:05:00,66.2
2025-06-12 03:54:00,3.2
2025-06-12 12:44:00,49.560128956623686
2025-06-12 08:09:00,49.560128956623686
2025-06-12 20:42:00,86.9
2025-06-12 03:28:00,34.0
2025-06-12 08:42:00,60.4
2025-06-12 05:49:00,67.7
2025-06-12 22:30:00,79.4
2025-06-12 13:49:00,65.9
2025-06-12 23:50:00,40.0
2025-06-12 00:28:00,53.8
2025-06-12 14:34:00,65.4
2025-06-12 11:43:00,22.4
2025-06-12 12:24:00,49.560128956623686
2025-06-12 17:33:00,96.7
2025-06-12 20:32:00,60.0
2025-06-12 13:43:00,31.7
2025-06-12 05:16:00,49.560128956623686
2025-06-12 00:24:00,49.560128956623686
2025-06-12 06:38:00,49.0
2025-06-12 08:09:00,91.7
2025-06-12 05:58:00,22.9
2025-06-12 17:49:00,24.0
2025-06-12 19:42:00,26.3
2025-06-12 21:47:00,32.2
2025-06-12 07:25:00,72.8
2025-06-12 12:53:00,30.5
2025-06-12 14:04:00,49.560128956623686
2025-06-12 00:31:00,46.5
2025-06-12 20:51:00,67.4
2025-06-12 00:41:00,81.8
2025-06-12 17:58:00,97.1
2025-06-12 14:42:00,9.7
2025-06-12 10:42:00,73.8
2025-06-12 16:07:00,32.6
2025-06-12 22:14:00,40.6
2025-06-12 19:44:00,14.8
2025-06-12 13:02:00,80.2
2025-06-12 01:19:00,11.2
2025-06-12 07:12:00,44.6
2025-06-12 00:00:00,3.0
2025-06-12 19:28:00,92.2
2025-06-12 02:01:00,9.5
2025-06-12 09:46:00,17.3
2025-06-12 00:20:00,49.560128956623686
2025-06-12 08:30:00,39.2
2025-06-12 09:15:00,66.8
2025-06-12 09:21:00,21.7
2025-06-12 21:24:00,49.560128956623686
2025-06-12 21:49:00,84.0
2025-06-12 17:24:00,34.4
2025-06-12 09:38:00,46.5
2025-06-12 21:30:00,24.0
2025-06-12 19:57:00,42.7
2025-06-12 20:51:00,49.560128956623686
2025-06-12 03:54:00,2.5
2025-06-12 10:50:00,49.560128956623686
2025-06-12 14:51:00,85.5
2025-06-12 13:08:00,31.9
2025-06-12 08:13:00,99.5
2025-06-12 15:52:00,85.5
2025-06-12 17:08:00,77.9
2025-06-12 09:13:00,22.7
2025-06-12 20:17:00,0.1
2025-06-12 13:17:00,80.7
2025-06-12 13:10:00,35.3
2025-06-12 23:30:00,9.0
2025-06-12 14:21:00,6.1
2025-06-12 06:41:00,4.3
2025-06-12 14:56:00,28.6
2025-06-12 01:03:00,96.9
2025-06-12 21:15:00,25.6
2025-06-12 21:29:00,49.560128956623686
2025-06-12 10:51:00,25.3
2025-06-12 16:25:00,69.4
2025-06-12 15:10:00,95.1
2025-06-12 22:10:00,49.2
2025-06-12 13:44:00,87.9
2025-06-12 10:26:00,58.1
2025-06-12 11:24:00,24.2
2025-06-12 11:55:00,93.3
2025-06-12 10:13:00,1.7
2025-06-12 00:36:00,2.9
2025-06-12 20:28:00,92.2
2025-06-12 17:41:00,19.9
2025-06-12 17:09:00,49.560128956623686
2025-06-12 08:26:00,24.1
2025-06-12 23:54:00,19.3
2025-06-12 23:11:00,22.1
2025-06-12 13:27:00,49.560128956623686
2025-06-12 15:01:00,50.2
2025-06-12 09:10:00,82.0
2025-06-12 03:21:00,44.0
2025-06-12 14:34:00,45.0
2025-06-12 05:43:00,18.3
2025-06-12 20:53:00,25.0
2025-06-12 01:43:00,64.1
2025-06-12 19:31:00,12.6
2025-06-12 21:38:00,49.560128956623686
2025-06-12 18:01:00,66.6
2025-06-12 00:53:00,53.3
2025-06-12 23:36:00,98.5
2025-06-12 13:41:00,40.2
2025-06-12 00:12:00,91.3
2025-06-12 15:29:00,76.7
2025-06-12 16:58:00,63.7
2025-06-12 08:22:00,49.560128956623686
2025-06-12 04:18:00,60.1
2025-06-12 09:05:00,49.9
2025-06-12 22:25:00,83.0
2025-06-12 20:39:00,35.7
2025-06-12 11:58:00,49.560128956623686
2025-06-12 23:43:00,46.2
2025-06-12 05:00:00,12.2
2025-06-12 22:35:00,23.0
2025-06-12 18:13:00,90.0
2025-06-12 04:22:00,31.9
2025-06-12 04:34:00,4.2
2025-06-12 05:46:00,58.9
2025-06-12 18:34:00,91.3
2025-06-12 03:20:00,59.3
2025-06-12 01:47:00,44.0
2025-06-12 03:42:00,56.9
2025-06-12 01:46:00,49.560128956623686
2025-06-12 21:31:00,36.9
2025-06-12 01:28:00,49.560128956623686
2025-06-12 04:37:00,20.8
2025-06-12 00:34:00,64.8
2025-06-12 16:55:00,88.8
2025-06-12 17:24:00,64.7
2025-06-12 13:46:00,4.8
2025-06-12 22:31:00,94.0
2025-06-12 07:14:00,29.2
2025-06-12 07:43:00,4.5
2025-06-12 02:26:00,14.8
2025-06-12 06:03:00,67.6
2025-06-12 11:07:00,75.3
2025-06-12 22:13:00,19.7
2025-06-12 08:17:00,83.3
2025-06-12 00:23:00,72.7
2025-06-12 02:53:00,41.7
2025-06-12 11:56:00,98.8
2025-06-12 08:00:00,49.86672560113154
2025-06-12 08:51:00,37.7
2025-06-12 01:31:00,11.9
2025-06-12 16:07:00,9.5
2025-06-12 17:33:00,95.0
2025-06-12 23:37:00,25.5
2025-06-12 17:46:00,6.6
2025-06-12 22:54:00,69.0
2025-06-12 19:03:00,35.5
2025-06-12 23:39:00,97.0
2025-06-12 19:03:00,3.6
2025-06-12 00:31:00,49.86672560113154
2025-06-12 00:30:00,57.9
2025-06-12 05:21:00,37.0
2025-06-12 06:25:00,99.7
2025-06-12 23:59:00,83.1
2025-06-12 11:39:00,49.86672560113154
2025-06-12 07:56:00,17.2
2025-06-12 20:19:00,61.5
2025-06-12 16:58:00,11.5
2025-06-12 14:52:00,69.8
2025-06-12 01:23:00,49.86672560113154
2025-06-12 09:51:00,35.6
2025-06-12 13:31:00,49.86672560113154
2025-06-12 17:13:00,79.3
2025-06-12 08:07:00,90.2
2025-06-12 04:21:00,26.4
2025-06-12 07:18:00,22.6
2025-06-12 16:35:00,95.3
2025-06-12 01:46:00,97.3
2025-06-12 12:51:00,49.86672560113154
2025-06-12 23:12:00,49.86672560113154
2025-06-12 07:11:00,2.8
2025-06-12 08:59:00,53.6
2025-06-12 19:07:00,26.9
2025-06-12 07:22:00,35.7
2025-06-12 02:15:00,60.1
2025-06-12 04:52:00,17.3
2025-06-12 14:16:00,49.86672560113154
2025-06-12 08:57:00,71.5
2025-06-12 06:27:00,15.4
2025-06-12 18:23:00,82.0
2025-06-12 05:05:00,7.0
2025-06-12 22:44:00,31.4
2025-06-12 17:05:00,61.5
2025-06-12 23:26:00,90.5
2025-06-12 13:01:00,88.8
2025-06-12 12:07:00,77.9
2025-06-12 09:23:00,49.86672560113154
2025-06-12 22:35:00,95.9
2025-06-12 18:36:00,49.86672560113154
2025-06-12 16:44:00,67.3
2025-06-12 14:16:00,97.1
2025-06-12 18:17:00,49.86672560113154
2025-06-12 14:35:00,3.5
2025-06-12 04:45:00,45.8
2025-06-12 01:58:00,56.5
2025-06-12 06:48:00,49.86672560113154
2025-06-12 20:59:00,15.5
2025-06-12 03:28:00,84.7
2025-06-12 20:02:00,49.86672560113154
2025-06-12 12:32:00,53.5
2025-06-12 11:28:00,49.86672560113154
2025-06-12 00:26:00,62.3
2025-06-12 01:26:00,9.8
2025-06-12 19:41:00,21.2
2025-06-12 22:00:00,82.2
2025-06-12 20:23:00,49.86672560113154
2025-06-12 21:46:00,49.86672560113154
2025-06-12 05:12:00,49.86672560113154
2025-06-12 04:44:00,63.0
2025-06-12 05:36:00,41.6
2025-06-12 11:03:00,33.2
2025-06-12 17:29:00,97.7
2025-06-12 07:00:00,49.86672560113154
2025-06-12 12:52:00,47.5
2025-06-12 20:16:00,41.8
2025-06-12 05:12:00,49.86672560113154
2025-06-12 06:10:00,54.7
2025-06-12 02:13:00,49.86672560113154
2025-06-12 17:31:00,13.1
2025-06-12 21:37:00,10.9
2025-06-12 16:32:00,46.1
2025-06-12 06:16:00,68.8
2025-06-12 04:50:00,34.6
2025-06-12 22:13:00,86.4
2025-06-12 02:36:00,70.3
2025-06-12 08:00:00,30.4
2025-06-12 13:41:00,8.7
2025-06-12 19:54:00,63.5
2025-06-12 08:06:00,57.9
2025-06-12 04:35:00,15.7
2025-06-12 15:06:00,49.86672560113154
2025-06-12 17:07:00,13.3
2025-06-12 17:20:00,49.86672560113154
2025-06-12 09:49:00,2.7
2025-06-12 05:08:00,58.3
2025-06-12 18:26:00,11.8
2025-06-12 19:11:00,49.86672560113154
2025-06-12 08:46:00,97.1
2025-06-12 23:11:00,49.86672560113154
2025-06-12 16:16:00,38.5
2025-06-12 18:09:00,50.6
2025-06-12 09:41:00,37.3
2025-06-12 16:32:00,54.7
2025-06-12 10:28:00,49.86672560113154
2025-06-12 21:19:00,9.3
2025-06-12 15:42:00,2.9
2025-06-12 04:18:00,4.4
2025-06-12 23:41:00,17.2
2025-06-12 00:32:00,36.8
2025-06-12 11:14:00,6.7
2025-06-12 16:01:00,57.0
2025-06-12 08:43:00,10.5
2025-06-12 01:04:00,0.9
2025-06-12 13:09:00,12.4
2025-06-12 00:51:00,14.9
2025-06-12 03:01:00,61.2
2025-06-12 13:26:00,52.0
2025-06-12 19:04:00,15.3
2025-06-12 18:46:00,45.0
2025-06-12 05:13:00,51.4
2025-06-12 23:58:00,50.8
2025-06-12 17:57:00,77.4
2025-06-12 07:30:00,49.86672560113154
2025-06-12 20:18:00,49.86672560113154
2025-06-12 16:09:00,14.2
2025-06-12 13:15:00,81.5
2025-06-12 11:06:00,77.6
2025-06-12 22:25:00,88.5
2025-06-12 11:13:00,47.7
2025-06-12 18:11:00,18.0
2025-06-12 23:22:00,88.3
2025-06-12 00:18:00,98.4
2025-06-12 12:44:00,83.8
2025-06-12 10:13:00,20.3
2025-06-12 17:06:00,25.0
2025-06-12 21:29:00,40.4
2025-06-12 04:05:00,3.9
2025-06-12 21:15:00,81.5
2025-06-12 07:21:00,61.3
2025-06-12 19:51:00,49.86672560113154
2025-06-12 11:42:00,98.6
2025-06-12 02:38:00,57.8
2025-06-12 18:45:00,18.7
2025-06-12 03:56:00,49.4
2025-06-12 23:25:00,99.4
2025-06-12 03:44:00,28.4
2025-06-12 02:52:00,7.1
2025-06-12 05:38:00,82.4
2025-06-12 08:35:00,31.8
2025-06-12 01:14:00,49.86672560113154
2025-06-12 20:10:00,94.0
2025-06-12 04:17:00,19.5
2025-06-12 11:51:00,85.1
2025-06-12 07:27:00,11.6
2025-06-12 13:53:00,24.4
2025-06-12 17:00:00,11.2
2025-06-12 18:12:00,16.8
2025-06-12 01:57:00,75.0
2025-06-12 15:15:00,42.0
2025-06-12 04:19:00,65.1
2025-06-12 10:41:00,70.2
2025-06-12 02:38:00,34.6
2025-06-12 18:50:00,11.6
2025-06-12 11:09:00,72.9
2025-06-12 21:56:00,57.3
2025-06-12 15:33:00,91.5
2025-06-12 01:54:00,97.5
2025-06-12 13:56:00,31.3
2025-06-12 05:00:00,43.4
2025-06-12 08:32:00,89.6
2025-06-12 08:01:00,65.5
2025-06-12 00:22:00,49.86672560113154
2025-06-12 02:36:00,75.9
2025-06-12 23:53:00,97.9
2025-06-12 20:38:00,18.7
2025-06-12 16:25:00,99.0
2025-06-12 01:00:00,49.86672560113154
2025-06-12 17:20:00,80.7
2025-06-12 14:20:00,47.1
2025-06-12 16:55:00,59.4
2025-06-12 01:28:00,92.3
2025-06-12 11:34:00,63.5
2025-06-12 19:54:00,49.86672560113154
2025-06-12 07:26:00,92.9
2025-06-12 18:49:00,49.86672560113154
2025-06-12 12:53:00,53.9
2025-06-12 15:58:00,77.5
2025-06-12 05:06:00,56.3
2025-06-12 14:19:00,25.4
2025-06-12 16:49:00,30.7
2025-06-12 03:56:00,44.6
2025-06-12 20:23:00,61.7
2025-06-12 08:44:00,85.5
2025-06-12 22:43:00,67.9
2025-06-12 02:39:00,92.7
2025-06-12 15:11:00,61.8
2025-06-12 18:43:00,44.4
2025-06-12 12:36:00,63.7
2025-06-12 01:59:00,72.5
2025-06-12 01:39:00,25.7
2025-06-12 07:06:00,71.8
2025-06-12 12:42:00,60.3
2025-06-12 07:56:00,52.4
2025-06-12 10:07:00,40.8
2025-06-12 00:55:00,49.86672560113154
2025-06-12 13:35:00,73.0
2025-06-12 04:47:00,82.1
2025-06-12 11:39:00,16.7
2025-06-12 05:25:00,89.0
2025-06-12 07:16:00,22.6
2025-06-12 20:47:00,37.8
2025-06-12 21:38:00,46.9
2025-06-12 08:34:00,36.0
2025-06-12 10:10:00,77.3
2025-06-12 18:44:00,52.7
2025-06-12 05:04:00,14.4
2025-06-12 04:30:00,33.9
2025-06-12 01:44:00,49.86672560113154
2025-06-12 09:35:00,19.5
2025-06-12 12:43:00,11.3
2025-06-12 22:31:00,49.86672560113154
2025-06-12 22:14:00,8.8
2025-06-12 14:41:00,49.86672560113154
2025-06-12 00:18:00,65.1
2025-06-12 10:23:00,44.6
2025-06-12 20:35:00,50.9
2025-06-12 13:27:00,64.7
2025-06-12 07:31:00,77.8
2025-06-12 05:51:00,40.2
2025-06-12 05:04:00,36.6
2025-06-12 06:39:00,49.86672560113154
2025-06-12 05:02:00,98.3
2025-06-12 22:00:00,88.3
2025-06-12 14:53:00,7.8
2025-06-12 01:22:00,47.3
2025-06-12 09:33:00,20.2
2025-06-12 18:22:00,14.5
2025-06-12 09:13:00,59.3
2025-06-12 04:30:00,7.1
2025-06-12 05:40:00,81.5
2025-06-12 17:26:00,63.6
2025-06-12 03:26:00,0.3
2025-06-12 19:06:00,53.5
2025-06-12 04:36:00,31.7
2025-06-12 03:29:00,49.86672560113154
2025-06-12 19:02:00,49.86672560113154
2025-06-12 01:37:00,1.5
2025-06-12 01:27:00,76.6
2025-06-12 23:32:00,43.0
2025-06-12 04:45:00,7.7
2025-06-12 06:14:00,18.1
2025-06-12 08:35:00,16.7
2025-06-12 17:23:00,49.86672560113154
2025-06-12 01:07:00,95.1
2025-06-12 20:24:00,49.86672560113154
2025-06-12 08:36:00,57.1
2025-06-12 12:50:00,49.86672560113154
2025-06-12 14:04:00,9.1
2025-06-12 16:24:00,49.86672560113154
2025-06-12 22:54:00,49.86672560113154
2025-06-12 20:00:00,43.2
2025-06-12 03:06:00,87.6
2025-06-12 11:00:00,15.6
2025-06-12 20:18:00,51.4
2025-06-12 18:59:00,13.5
2025-06-12 05:49:00,91.1
2025-06-12 20:37:00,49.86672560113154
2025-06-12 20:05:00,32.6
2025-06-12 19:49:00,18.1
2025-06-12 10:15:00,92.4
2025-06-12 14:54:00,13.4
2025-06-12 04:09:00,6.6
2025-06-12 09:08:00,15.0
2025-06-12 13:28:00,76.6
2025-06-12 14:13:00,29.5
2025-06-12 23:45:00,91.1
2025-06-12 05:53:00,52.1
2025-06-12 01:25:00,9.2
2025-06-12 06:04:00,41.6
2025-06-12 06:21:00,81.0
2025-06-12 17:24:00,62.4
2025-06-12 10:29:00,49.2
2025-06-12 06:29:00,76.6
2025-06-12 23:58:00,50.9
2025-06-12 16:04:00,37.1
2025-06-12 16:02:00,92.0
2025-06-12 08:17:00,73.9
2025-06-12 01:05:00,64.8
2025-06-12 10:01:00,64.4
2025-06-12 06:01:00,49.86672560113154
2025-06-12 00:34:00,11.1
2025-06-12 11:16:00,49.86672560113154
2025-06-12 05:27:00,69.7
2025-06-12 18:31:00,11.2
2025-06-12 07:54:00,37.4
2025-06-12 00:59:00,40.5
2025-06-12 05:00:00,76.4
2025-06-12 01:39:00,97.0
2025-06-12 09:14:00,25.8
2025-06-12 21:04:00,49.86672560113154
2025-06-12 15:21:00,57.2
2025-06-12 13:02:00,11.6
2025-06-12 18:44:00,66.5
2025-06-12 11:34:00,92.8
2025-06-12 11:55:00,70.1
2025-06-12 18:29:00,18.1
2025-06-12 04:31:00,9.2
2025-06-12 03:47:00,28.5
2025-06-12 07:44:00,49.86672560113154
2025-06-12 23:55:00,42.6
2025-06-12 07:57:00,49.86672560113154
2025-06-12 00:07:00,31.2
2025-06-12 16:35:00,96.8
2025-06-12 23:08:00,11.8
2025-06-12 10:33:00,71.4
2025-06-12 18:03:00,21.2
2025-06-12 21:30:00,56.1
2025-06-12 05:34:00,49.86672560113154
2025-06-12 11:28:00,68.8
2025-06-12 12:37:00,49.86672560113154
2025-06-12 03:48:00,2.0
2025-06-12 23:51:00,42.9
2025-06-12 11:13:00,57.6
2025-06-12 17:48:00,2.7
2025-06-12 08:15:00,66.1
2025-06-12 16:58:00,66.6
2025-06-12 06:52:00,60.6
2025-06-12 14:41:00,63.2
2025-06-12 19:37:00,21.0
2025-06-12 08:07:00,49.86672560113154
2025-06-12 16:26:00,31.3
2025-06-12 00:37:00,41.3
2025-06-12 19:31:00,65.1
2025-06-12 12:48:00,50.613932505273034
2025-06-12 07:08:00,0.8
2025-06-12 10:33:00,92.6
2025-06-12 18:20:00,97.6
2025-06-12 03:01:00,41.4
2025-06-12 19:01:00,66.2
2025-06-12 04:56:00,93.5
2025-06-12 11:53:00,85.9
2025-06-12 13:54:00,32.2
2025-06-12 01:54:00,75.3
2025-06-12 05:52:00,57.2
2025-06-12 06:56:00,88.1
2025-06-12 22:06:00,5.1
2025-06-12 06:38:00,82.3
2025-06-12 13:28:00,5.5
2025-06-12 20:35:00,89.3
2025-06-12 13:51:00,50.613932505273034
2025-06-12 11:21:00,68.4
2025-06-12 22:16:00,50.613932505273034
2025-06-12 01:12:00,16.2
2025-06-12 17:04:00,41.4
2025-06-12 01:13:00,3.4
2025-06-12 21:15:00,50.613932505273034
2025-06-12 14:23:00,47.7
2025-06-12 13:50:00,4.6
2025-06-12 06:57:00,1.3
2025-06-12 17:12:00,68.7
2025-06-12 06:12:00,50.613932505273034
2025-06-12 11:13:00,89.9
2025-06-12 16:45:00,96.9
2025-06-12 21:44:00,69.5
2025-06-12 18:00:00,96.7
2025-06-12 12:36:00,50.613932505273034
2025-06-12 19:27:00,39.2
2025-06-12 02:04:00,0.4
2025-06-12 05:41:00,39.0
2025-06-12 13:22:00,13.2
2025-06-12 08:44:00,44.2
2025-06-12 03:28:00,18.5
2025-06-12 00:34:00,27.2
2025-06-12 15:52:00,61.5
2025-06-12 15:05:00,59.4
2025-06-12 02:55:00,17.6
2025-06-12 03:38:00,14.7
2025-06-12 09:26:00,49.1
2025-06-12 11:14:00,36.7
2025-06-12 05:56:00,62.3
2025-06-12 17:05:00,54.6
2025-06-12 13:00:00,19.7
2025-06-12 17:50:00,91.7
2025-06-12 10:55:00,18.8
2025-06-12 09:21:00,87.1
2025-06-12 23:26:00,39.0
2025-06-12 13:35:00,43.8
2025-06-12 11:45:00,0.4
2025-06-12 04:45:00,50.613932505273034
2025-06-12 13:42:00,50.613932505273034
2025-06-12 01:57:00,99.6
2025-06-12 21:09:00,59.7
2025-06-12 14:27:00,32.2
2025-06-12 14:49:00,50.613932505273034
2025-06-12 14:04:00,94.6
2025-06-12 07:10:00,52.1
2025-06-12 00:32:00,77.0
2025-06-12 07:16:00,70.5
2025-06-12 02:43:00,2.8
2025-06-12 13:56:00,47.0
2025-06-12 15:54:00,75.4
2025-06-12 23:53:00,76.7
2025-06-12 11:52:00,47.3
2025-06-12 07:20:00,94.2
2025-06-12 14:19:00,14.8
2025-06-12 09:09:00,7.2
2025-06-12 09:41:00,6.0
2025-06-12 15:23:00,68.7
2025-06-12 14:29:00,7.4
2025-06-12 13:32:00,4.1
2025-06-12 12:32:00,27.2
2025-06-12 15:59:00,82.8
2025-06-12 06:34:00,68.3
2025-06-12 17:02:00,39.6
2025-06-12 18:22:00,10.6
2025-06-12 11:42:00,56.4
2025-06-12 01:02:00,59.7
2025-06-12 15:51:00,50.613932505273034
2025-06-12 06:24:00,5.6
2025-06-12 06:01:00,42.1
2025-06-12 21:01:00,17.8
2025-06-12 02:10:00,60.8
2025-06-12 14:38:00,50.613932505273034
2025-06-12 03:33:00,88.0
2025-06-12 17:20:00,67.5
2025-06-12 22:02:00,28.9
2025-06-12 18:23:00,95.7
2025-06-12 06:49:00,32.0
2025-06-12 06:11:00,50.613932505273034
2025-06-12 03:21:00,13.6
2025-06-12 00:58:00,26.8
2025-06-12 14:42:00,24.5
2025-06-12 12:18:00,31.8
2025-06-12 18:33:00,13.9
2025-06-12 11:15:00,35.8
2025-06-12 16:39:00,64.2
2025-06-12 03:34:00,44.5
2025-06-12 14:20:00,9.4
2025-06-12 05:39:00,46.4
2025-06-12 05:54:00,93.7
2025-06-12 08:16:00,44.6
2025-06-12 08:30:00,85.4
2025-06-12 00:12:00,50.613932505273034
2025-06-12 10:13:00,89.9
2025-06-12 07:31:00,52.8
2025-06-12 04:34:00,15.0
2025-06-12 09:37:00,38.6
2025-06-12 18:07:00,45.7
2025-06-12 20:57:00,81.9
2025-06-12 09:17:00,39.9
2025-06-12 02:10:00,13.0
2025-06-12 08:10:00,2.6
2025-06-12 21:18:00,72.6
2025-06-12 18:42:00,64.1
2025-06-12 01:00:00,78.3
2025-06-12 03:48:00,33.6
2025-06-12 13:02:00,36.9
2025-06-12 12:00:00,51.7
2025-06-12 00:58:00,60.0
2025-06-12 11:31:00,18.5
2025-06-12 23:15:00,42.6
2025-06-12 18:28:00,25.8
2025-06-12 20:19:00,50.613932505273034
2025-06-12 13:07:00,94.4
2025-06-12 04:41:00,97.3
2025-06-12 09:18:00,91.0
2025-06-12 13:02:00,64.2
2025-06-12 19:33:00,50.613932505273034
2025-06-12 05:19:00,31.0
2025-06-12 00:01:00,2.0
2025-06-12 05:47:00,42.2
2025-06-12 14:41:00,10.8
2025-06-12 19:16:00,50.613932505273034
2025-06-12 23:42:00,35.5
2025-06-12 06:10:00,28.1
2025-06-12 15:32:00,50.613932505273034
2025-06-12 14:27:00,63.2
2025-06-12 03:07:00,20.7
2025-06-12 22:32:00,34.5
2025-06-12 08:03:00,50.613932505273034
2025-06-12 10:35:00,25.8
2025-06-12 20:57:00,37.1
2025-06-12 18:25:00,50.613932505273034
2025-06-12 15:34:00,50.613932505273034
2025-06-12 05:18:00,50.613932505273034
2025-06-12 22:06:00,36.6
2025-06-12 20:37:00,85.0
2025-06-12 12:11:00,50.613932505273034
2025-06-12 18:43:00,50.613932505273034
2025-06-12 19:36:00,50.613932505273034
2025-06-12 02:01:00,18.8
2025-06-12 13:44:00,50.613932505273034
2025-06-12 22:35:00,42.0
2025-06-12 12:08:00,54.9
2025-06-12 22:10:00,57.3
2025-06-12 12:54:00,54.7
2025-06-12 05:25:00,80.7
2025-06-12 15:08:00,75.3
2025-06-12 15:49:00,53.9
2025-06-12 09:07:00,99.8
2025-06-12 19:54:00,47.4
2025-06-12 04:16:00,39.6
2025-06-12 01:42:00,74.0
2025-06-12 00:58:00,94.5
2025-06-12 06:28:00,89.8
2025-06-12 22:15:00,5.3
2025-06-12 05:56:00,37.6
2025-06-12 13:33:00,83.8
2025-06-12 22:24:00,50.9
2025-06-12 23:41:00,41.7
2025-06-12 11:06:00,28.0
2025-06-12 04:39:00,50.613932505273034
2025-06-12 18:25:00,20.0
2025-06-12 22:12:00,52.7
2025-06-12 06:42:00,23.9
2025-06-12 18:00:00,48.0
2025-06-12 01:15:00,96.6
2025-06-12 19:18:00,24.7
2025-06-12 00:05:00,87.8
2025-06-12 16:05:00,32.3
2025-06-12 23:22:00,50.5
2025-06-12 03:33:00,100.0
2025-06-12 02:40:00,81.1
2025-06-12 23:30:00,50.613932505273034
2025-06-12 19:30:00,37.2
2025-06-12 00:41:00,52.3
2025-06-12 01:22:00,4.1
2025-06-12 20:48:00,50.613932505273034
2025-06-12 06:58:00,44.1
2025-06-12 08:51:00,5.4
2025-06-12 10:20:00,50.613932505273034
2025-06-12 10:13:00,31.8
2025-06-12 04:01:00,72.4
2025-06-12 05:22:00,4.7
2025-06-12 06:45:00,41.7
2025-06-12 14:57:00,28.7
2025-06-12 08:16:00,99.0
2025-06-12 20:46:00,3.1
2025-06-12 22:31:00,50.613932505273034
2025-06-12 01:57:00,12.3
2025-06-12 04:04:00,85.3
2025-06-12 04:21:00,98.9
2025-06-12 12:01:00,50.613932505273034
2025-06-12 20:54:00,68.8
2025-06-12 16:38:00,16.6
2025-06-12 12:55:00,50.613932505273034
2025-06-12 16:17:00,42.7
2025-06-12 13:17:00,50.613932505273034
2025-06-12 06:57:00,82.4
2025-06-12 17:56:00,72.9
2025-06-12 11:16:00,93.4
2025-06-12 18:28:00,77.8
2025-06-12 12:54:00,69.6
2025-06-12 23:48:00,64.6
2025-06-12 22:10:00,50.613932505273034
2025-06-12 19:50:00,87.4
2025-06-12 19:30:00,26.2
2025-06-12 14:30:00,63.2
2025-06-12 14:50:00,20.4
2025-06-12 03:31:00,56.3
2025-06-12 18:07:00,50.613932505273034
2025-06-12 02:16:00,50.613932505273034
2025-06-12 19:44:00,68.7
2025-06-12 21:15:00,93.9
2025-06-12 19:53:00,60.7
2025-06-12 22:34:00,89.2
2025-06-12 11:29:00,50.613932505273034
2025-06-12 03:54:00,1.3
2025-06-12 17:08:00,19.9
2025-06-12 00:06:00,44.6
2025-06-12 09:37:00,6.5
2025-06-12 09:31:00,83.1
2025-06-12 23:02:00,85.8
2025-06-12 22:01:00,89.4
2025-06-12 17:03:00,82.5
2025-06-12 00:57:00,23.1
2025-06-12 01:48:00,99.7
2025-06-12 08:06:00,10.6
2025-06-12 04:04:00,25.0
2025-06-12 07:46:00,13.3
2025-06-12 00:47:00,19.7
2025-06-12 02:29:00,58.7
2025-06-12 08:20:00,50.613932505273034
2025-06-12 01:16:00,50.613932505273034
2025-06-12 21:02:00,93.5
2025-06-12 22:07:00,50.613932505273034
2025-06-12 18:04:00,99.1
2025-06-12 05:22:00,35.7
2025-06-12 23:06:00,64.3
2025-06-12 02:32:00,24.6
2025-06-12 14:37:00,41.2
2025-06-12 09:53:00,78.6
2025-06-12 04:48:00,68.3
2025-06-12 04:07:00,36.7
2025-06-12 16:41:00,70.1
2025-06-12 19:24:00,34.0
2025-06-12 20:05:00,80.9
2025-06-12 12:39:00,47.8
2025-06-12 01:14:00,95.0
2025-06-12 05:38:00,37.4
2025-06-12 20:01:00,50.613932505273034
2025-06-12 03:54:00,58.4
2025-06-12 01:14:00,78.2
2025-06-12 04:39:00,19.5
2025-06-12 20:54:00,0.5
2025-06-12 11:54:00,25.0
2025-06-12 14:20:00,9.7
2025-06-12 21:34:00,59.7
2025-06-12 16:58:00,9.8
2025-06-12 11:13:00,50.613932505273034
2025-06-12 09:03:00,98.9
2025-06-12 12:48:00,16.8
2025-06-12 05:52:00,53.1
2025-06-12 07:30:00,50.613932505273034
2025-06-12 21:02:00,50.613932505273034
2025-06-12 12:42:00,58.7
2025-06-12 16:54:00,66.9
2025-06-12 08:18:00,88.1
2025-06-12 03:05:00,11.9
2025-06-12 05:54:00,76.1
2025-06-12 12:36:00,6.3
2025-06-12 00:38:00,19.2
2025-06-12 05:24:00,94.3
2025-06-12 21:51:00,8.0
2025-06-12 23:13:00,59.0
2025-06-12 00:30:00,50.613932505273034
2025-06-12 22:00:00,34.2
2025-06-12 01:48:00,57.8
2025-06-12 02:54:00,59.3
2025-06-12 22:31:00,50.613932505273034
2025-06-12 21:04:00,4.1
2025-06-12 10:47:00,83.0
2025-06-12 21:52:00,63.2
2025-06-12 09:12:00,52.0
2025-06-12 03:45:00,44.6
2025-06-12 04:14:00,79.6
2025-06-12 18:29:00,12.0
2025-06-12 09:40:00,89.9
2025-06-12 07:09:00,28.2
2025-06-12 20:47:00,61.2
2025-06-12 02:22:00,45.8
2025-06-12 03:04:00,87.1
2025-06-12 15:02:00,53.6
2025-06-12 10:32:00,29.5
2025-06-12 01:32:00,73.1
2025-06-12 12:50:00,50.613932505273034
2025-06-12 15:17:00,23.2
2025-06-12 11:40:00,50.613932505273034
2025-06-12 15:56:00,71.6
2025-06-12 05:04:00,9.7
2025-06-12 07:34:00,50.3
2025-06-12 21:12:00,28.8
2025-06-12 22:47:00,50.613932505273034
2025-06-12 12:42:00,55.7
2025-06-12 20:10:00,18.1
2025-06-12 17:41:00,37.3
2025-06-12 06:43:00,87.4
2025-06-12 08:51:00,19.0
2025-06-12 03:51:00,36.7
2025-06-12 09:26:00,50.613932505273034
2025-06-12 09:06:00,98.4
2025-06-12 16:06:00,34.4
2025-06-12 08:07:00,33.9
2025-06-12 22:03:00,30.5
2025-06-12 17:18:00,24.6
2025-06-12 20:44:00,37.0
2025-06-12 05:24:00,54.8
2025-06-12 07:56:00,56.7
2025-06-12 00:30:00,89.4
2025-06-12 03:43:00,39.0
2025-06-12 10:57:00,50.613932505273034
2025-06-12 13:52:00,35.1
2025-06-12 18:47:00,79.1
2025-06-12 04:25:00,90.9
2025-06-12 23:20:00,77.1
2025-06-12 01:17:00,56.9
2025-06-12 22:56:00,81.4
2025-06-12 08:39:00,88.5
2025-06-12 15:24:00,12.3
2025-06-12 18:31:00,41.3
2025-06-12 11:26:00,0.9
2025-06-12 05:07:00,5.1
2025-06-12 08:41:00,18.0
2025-06-12 10:25:00,96.3
2025-06-12 16:40:00,39.7
2025-06-12 07:10:00,35.8
2025-06-12 21:59:00,52.6
2025-06-12 16:09:00,50.17195767195767
2025-06-12 01:36:00,18.6
2025-06-12 16:31:00,13.0
2025-06-12 14:24:00,18.5
2025-06-12 15:01:00,49.0
2025-06-12 10:18:00,14.9
2025-06-12 12:15:00,45.6
2025-06-12 19:25:00,41.4
2025-06-12 04:39:00,33.3
2025-06-12 16:12:00,50.17195767195767
2025-06-12 12:05:00,2.6
2025-06-12 14:54:00,67.5
2025-06-12 16:30:00,83.6
2025-06-12 05:00:00,30.2
2025-06-12 06:15:00,23.3
2025-06-12 01:54:00,71.2
2025-06-12 05:13:00,11.2
2025-06-12 16:25:00,50.17195767195767
2025-06-12 05:42:00,76.5
2025-06-12 04:45:00,57.4
2025-06-12 17:49:00,50.4
2025-06-12 07:29:00,0.1
2025-06-12 05:44:00,6.2
2025-06-12 10:45:00,76.3
2025-06-12 09:03:00,4.3
2025-06-12 07:48:00,50.17195767195767
2025-06-12 07:51:00,86.9
2025-06-12 12:14:00,50.17195767195767
2025-06-12 13:44:00,50.17195767195767
2025-06-12 19:57:00,42.5
2025-06-12 07:19:00,50.17195767195767
2025-06-12 06:20:00,44.9
2025-06-12 14:15:00,36.2
2025-06-12 13:00:00,54.9
2025-06-12 11:54:00,59.1
2025-06-12 08:30:00,50.17195767195767
2025-06-12 00:40:00,62.7
2025-06-12 13:04:00,47.8
2025-06-12 15:33:00,50.17195767195767
2025-06-12 15:17:00,55.1
2025-06-12 13:36:00,34.4
2025-06-12 03:48:00,68.6
2025-06-12 15:53:00,62.0
2025-06-12 07:38:00,93.1
2025-06-12 01:30:00,3.3
2025-06-12 11:10:00,67.9
2025-06-12 02:49:00,50.17195767195767
2025-06-12 16:00:00,65.0
2025-06-12 06:56:00,25.7
2025-06-12 19:33:00,24.7
2025-06-12 00:26:00,49.7
2025-06-12 16:54:00,67.0
2025-06-12 18:11:00,59.1
2025-06-12 21:20:00,67.2
2025-06-12 01:31:00,31.2
2025-06-12 08:55:00,58.4
2025-06-12 14:31:00,4.2
2025-06-12 03:30:00,50.17195767195767
2025-06-12 21:51:00,50.17195767195767
2025-06-12 10:06:00,46.9
2025-06-12 01:09:00,90.9
2025-06-12 06:44:00,42.8
2025-06-12 06:35:00,63.5
2025-06-12 03:20:00,28.1
2025-06-12 06:30:00,50.17195767195767
2025-06-12 19:56:00,6.5
2025-06-12 12:12:00,81.9
2025-06-12 16:01:00,50.17195767195767
2025-06-12 04:55:00,25.7
2025-06-12 13:10:00,97.5
2025-06-12 04:50:00,29.7
2025-06-12 06:18:00,30.3
2025-06-12 19:47:00,50.17195767195767
2025-06-12 03:47:00,50.17195767195767
2025-06-12 21:42:00,40.8
2025-06-12 15:14:00,53.6
2025-06-12 01:11:00,89.1
2025-06-12 07:30:00,82.6
2025-06-12 05:26:00,28.5
2025-06-12 00:10:00,50.17195767195767
2025-06-12 22:18:00,62.9
2025-06-12 03:39:00,18.4
2025-06-12 10:56:00,19.7
2025-06-12 22:39:00,50.17195767195767
2025-06-12 15:16:00,13.7
2025-06-12 07:07:00,50.17195767195767
2025-06-12 05:17:00,96.3
2025-06-12 22:30:00,50.17195767195767
2025-06-12 20:27:00,61.1
2025-06-12 23:18:00,37.3
2025-06-12 08:11:00,62.6
2025-06-12 02:35:00,50.17195767195767
2025-06-12 17:16:00,68.8
2025-06-12 13:57:00,50.7
2025-06-12 13:01:00,63.0
2025-06-12 18:48:00,56.6
2025-06-12 13:37:00,76.4
2025-06-12 21:33:00,67.9
2025-06-12 01:16:00,77.6
2025-06-12 07:48:00,51.3
2025-06-12 08:07:00,32.5
2025-06-12 23:33:00,50.17195767195767
2025-06-12 13:55:00,31.6
2025-06-12 14:21:00,57.0
2025-06-12 07:35:00,72.0
2025-06-12 07:50:00,82.1
2025-06-12 08:35:00,97.7
2025-06-12 08:26:00,50.17195767195767
2025-06-12 19:01:00,46.6
2025-06-12 14:20:00,20.6
2025-06-12 02:21:00,47.8
2025-06-12 10:36:00,21.5
2025-06-12 08:35:00,0.9
2025-06-12 00:56:00,7.2
2025-06-12 10:32:00,81.4
2025-06-12 05:45:00,50.17195767195767
2025-06-12 03:32:00,90.3
2025-06-12 21:10:00,38.4
2025-06-12 10:24:00,50.17195767195767
2025-06-12 06:55:00,50.17195767195767
2025-06-12 13:39:00,34.2
2025-06-12 19:47:00,76.5
2025-06-12 04:14:00,50.17195767195767
2025-06-12 00:39:00,22.3
2025-06-12 20:49:00,90.8
2025-06-12 12:42:00,5.9
2025-06-12 11:49:00,73.6
2025-06-12 15:01:00,40.6
2025-06-12 04:26:00,50.17195767195767
2025-06-12 23:51:00,25.3
2025-06-12 09:31:00,30.3
2025-06-12 04:31:00,90.9
2025-06-12 07:37:00,12.4
2025-06-12 02:01:00,50.17195767195767
2025-06-12 13:07:00,86.2
2025-06-12 14:58:00,19.6
2025-06-12 01:34:00,86.1
2025-06-12 11:46:00,84.8
2025-06-12 11:24:00,50.17195767195767
2025-06-12 04:45:00,63.2
2025-06-12 04:29:00,16.0
2025-06-12 03:46:00,55.9
2025-06-12 07:04:00,76.9
2025-06-12 11:02:00,25.7
2025-06-12 10:03:00,50.17195767195767
2025-06-12 13:49:00,50.17195767195767
2025-06-12 08:39:00,57.2
2025-06-12 06:16:00,48.7
2025-06-12 17:18:00,8.9
2025-06-12 11:11:00,77.7
2025-06-12 16:08:00,8.0
2025-06-12 03:55:00,50.17195767195767
2025-06-12 02:07:00,17.9
2025-06-12 20:00:00,86.9
2025-06-12 04:19:00,76.3
2025-06-12 01:50:00,46.1
2025-06-12 03:27:00,82.5
2025-06-12 02:57:00,45.5
2025-06-12 03:08:00,69.8
2025-06-12 04:40:00,35.7
2025-06-12 19:14:00,60.5
2025-06-12 11:15:00,50.17195767195767
2025-06-12 09:36:00,50.17195767195767
2025-06-12 03:25:00,6.3
2025-06-12 16:52:00,50.17195767195767
2025-06-12 16:36:00,10.7
2025-06-12 04:01:00,74.3
2025-06-12 04:47:00,32.2
2025-06-12 14:52:00,50.17195767195767
2025-06-12 08:47:00,76.1
2025-06-12 00:29:00,43.6
2025-06-12 12:06:00,89.1
2025-06-12 16:28:00,40.4
2025-06-12 04:04:00,21.6
2025-06-12 15:58:00,62.1
2025-06-12 02:14:00,50.17195767195767
2025-06-12 23:00:00,91.2
2025-06-12 18:28:00,24.9
2025-06-12 07:38:00,38.0
2025-06-12 21:15:00,48.6
2025-06-12 07:19:00,50.17195767195767
2025-06-12 12:14:00,50.17195767195767
2025-06-12 01:50:00,35.3
2025-06-12 05:29:00,49.7
2025-06-12 17:50:00,77.7
2025-06-12 10:18:00,22.9
2025-06-12 07:41:00,29.2
2025-06-12 12:49:00,92.9
2025-06-12 11:42:00,56.8
2025-06-12 16:06:00,9.6
2025-06-12 14:23:00,50.17195767195767
2025-06-12 21:50:00,12.3
2025-06-12 06:52:00,87.1
2025-06-12 11:34:00,25.9
2025-06-12 10:04:00,54.0
2025-06-12 07:25:00,21.5
2025-06-12 03:49:00,57.0
2025-06-12 06:18:00,55.0
2025-06-12 02:15:00,50.17195767195767
2025-06-12 23:59:00,46.0
2025-06-12 18:51:00,80.3
2025-06-12 19:53:00,31.4
2025-06-12 06:47:00,62.5
2025-06-12 18:04:00,42.0
2025-06-12 04:04:00,35.2
2025-06-12 10:58:00,81.9
2025-06-12 13:46:00,3.1
2025-06-12 23:34:00,62.7
2025-06-12 03:32:00,44.3
2025-06-12 21:43:00,50.17195767195767
2025-06-12 16:21:00,90.6
2025-06-12 01:32:00,67.4
2025-06-12 19:37:00,34.3
2025-06-12 18:41:00,83.4
2025-06-12 16:04:00,48.4
2025-06-12 18:28:00,98.1
2025-06-12 02:58:00,67.9
2025-06-12 07:13:00,15.9
2025-06-12 10:56:00,46.8
2025-06-12 21:11:00,11.5
2025-06-12 09:09:00,52.4
2025-06-12 03:21:00,56.3
2025-06-12 07:41:00,81.7
2025-06-12 17:30:00,15.3
2025-06-12 09:29:00,19.3
2025-06-12 04:32:00,50.17195767195767
2025-06-12 11:18:00,73.5
2025-06-12 15:26:00,86.2
2025-06-12 12:55:00,44.7
2025-06-12 05:14:00,42.0
2025-06-12 10:01:00,68.2
2025-06-12 14:56:00,32.6
2025-06-12 06:53:00,31.4
2025-06-12 17:21:00,69.8
2025-06-12 06:12:00,12.1
2025-06-12 21:52:00,60.3
2025-06-12 12:32:00,77.0
2025-06-12 03:02:00,50.17195767195767
2025-06-12 18:50:00,18.3
2025-06-12 19:41:00,68.8
2025-06-12 09:39:00,71.1
2025-06-12 00:10:00,50.17195767195767
2025-06-12 04:27:00,30.5
2025-06-12 09:40:00,56.1
2025-06-12 18:13:00,13.1
2025-06-12 18:01:00,77.2
2025-06-12 07:17:00,40.0
2025-06-12 20:52:00,32.5
2025-06-12 22:46:00,76.1
2025-06-12 08:34:00,50.17195767195767
2025-06-12 18:33:00,59.1
2025-06-12 20:02:00,10.8
2025-06-12 03:53:00,83.1
2025-06-12 01:20:00,23.5
2025-06-12 21:59:00,14.4
2025-06-12 14:59:00,30.0
2025-06-12 07:58:00,62.6
2025-06-12 03:28:00,66.4
2025-06-12 08:44:00,58.7
2025-06-12 15:13:00,22.6
2025-06-12 06:01:00,3.5
2025-06-12 22:01:00,70.1
2025-06-12 10:21:00,16.3
2025-06-12 01:30:00,58.6
2025-06-12 16:55:00,56.2
2025-06-12 23:36:00,69.6
2025-06-12 21:08:00,50.17195767195767
2025-06-12 21:55:00,51.4
2025-06-12 17:00:00,91.1
2025-06-12 05:56:00,50.3
2025-06-12 12:34:00,25.2
2025-06-12 01:06:00,90.9
2025-06-12 22:46:00,89.2
2025-06-12 22:36:00,99.4
2025-06-12 02:58:00,9.3
2025-06-12 10:10:00,90.3
2025-06-12 20:36:00,1.7
2025-06-12 20:08:00,9.3
2025-06-12 09:36:00,15.5
2025-06-12 03:59:00,48.5
2025-06-12 10:44:00,56.8
2025-06-12 09:25:00,6.5
2025-06-12 21:36:00,68.8
2025-06-12 23:32:00,49.2
2025-06-12 13:09:00,74.5
2025-06-12 09:06:00,30.6
2025-06-12 19:34:00,28.1
2025-06-12 18:12:00,50.17195767195767
2025-06-12 05:07:00,89.3
2025-06-12 23:40:00,61.4
2025-06-12 21:02:00,68.4
2025-06-12 21:11:00,44.3
2025-06-12 21:03:00,71.1
2025-06-12 22:00:00,47.4
2025-06-12 06:22:00,31.8
2025-06-12 09:37:00,19.7
2025-06-12 10:57:00,50.17195767195767
2025-06-12 14:06:00,21.5
2025-06-12 10:55:00,84.6
2025-06-12 03:15:00,18.0
2025-06-12 09:14:00,91.7
2025-06-12 07:34:00,50.8
2025-06-12 21:39:00,26.6
2025-06-12 03:34:00,81.5
2025-06-12 12:08:00,32.3
2025-06-12 00:38:00,88.9
2025-06-12 07:44:00,18.7
2025-06-12 12:41:00,46.4
2025-06-12 06:14:00,96.8
2025-06-12 22:42:00,95.4
2025-06-12 23:13:00,56.7
2025-06-12 04:01:00,0.9
2025-06-12 04:29:00,50.17195767195767
2025-06-12 20:33:00,54.7
2025-06-12 20:11:00,12.8
2025-06-12 03:11:00,45.2
2025-06-12 21:33:00,97.7
2025-06-12 02:19:00,87.6
2025-06-12 02:39:00,33.8
2025-06-12 03:52:00,84.4
2025-06-12 14:45:00,65.0
2025-06-12 14:03:00,41.7
2025-06-12 15:35:00,72.0
2025-06-12 11:40:00,60.2
2025-06-12 05:51:00,20.7
2025-06-12 19:30:00,90.0
2025-06-12 16:53:00,14.1
2025-06-12 20:43:00,49.69252501471454
2025-06-12 13:25:00,37.8
2025-06-12 11:30:00,49.69252501471454
2025-06-12 10:18:00,31.4
2025-06-12 22:10:00,81.6
2025-06-12 10:31:00,28.2
2025-06-12 23:09:00,30.2
2025-06-12 14:07:00,60.4
2025-06-12 15:22:00,70.6
2025-06-12 18:36:00,17.8
2025-06-12 18:43:00,26.7
2025-06-12 16:34:00,85.5
2025-06-12 14:22:00,95.2
2025-06-12 23:25:00,68.4
2025-06-12 06:27:00,24.6
2025-06-12 21:01:00,49.69252501471454
2025-06-12 00:08:00,14.5
2025-06-12 10:29:00,2.5
2025-06-12 09:58:00,25.4
2025-06-12 17:07:00,49.69252501471454
2025-06-12 03:01:00,34.7
2025-06-12 02:27:00,61.3
2025-06-12 19:53:00,93.1
2025-06-12 15:26:00,90.6
2025-06-12 23:27:00,44.2
2025-06-12 06:28:00,49.69252501471454
2025-06-12 12:32:00,49.69252501471454
2025-06-12 09:31:00,71.2
2025-06-12 04:19:00,97.9
2025-06-12 07:27:00,68.3
2025-06-12 07:31:00,4.2
2025-06-12 12:18:00,49.69252501471454
2025-06-12 08:40:00,17.2
2025-06-12 18:31:00,94.4
2025-06-12 01:26:00,89.1
2025-06-12 18:30:00,33.4
2025-06-12 17:04:00,49.69252501471454
2025-06-12 19:27:00,89.1
2025-06-12 13:59:00,73.9
2025-06-12 13:18:00,90.0
2025-06-12 22:12:00,84.1
2025-06-12 23:16:00,75.3
2025-06-12 03:23:00,56.1
2025-06-12 21:39:00,65.3
2025-06-12 05:25:00,37.8
2025-06-12 05:44:00,56.0
2025-06-12 22:29:00,63.3
2025-06-12 22:25:00,57.9
2025-06-12 04:43:00,83.2
2025-06-12 02:00:00,47.7
2025-06-12 16:08:00,97.2
2025-06-12 14:51:00,49.69252501471454
2025-06-12 19:44:00,9.6
2025-06-12 08:04:00,20.1
2025-06-12 02:17:00,49.69252501471454
2025-06-12 04:03:00,79.7
2025-06-12 22:20:00,26.4
2025-06-12 21:12:00,48.6
2025-06-12 18:18:00,7.4
2025-06-12 09:42:00,49.69252501471454
2025-06-12 22:56:00,42.9
2025-06-12 15:52:00,18.9
2025-06-12 09:33:00,73.1
2025-06-12 16:31:00,90.8
2025-06-12 10:37:00,73.7
2025-06-12 23:20:00,37.9
2025-06-12 00:10:00,5.7
2025-06-12 06:12:00,49.69252501471454
2025-06-12 21:42:00,71.0
2025-06-12 20:30:00,32.6
2025-06-12 08:31:00,2.7
2025-06-12 10:00:00,49.69252501471454
2025-06-12 13:29:00,4.2
2025-06-12 17:47:00,21.8
2025-06-12 20:47:00,49.69252501471454
2025-06-12 14:52:00,25.9
2025-06-12 12:23:00,42.5
2025-06-12 23:59:00,33.7
2025-06-12 21:24:00,49.69252501471454
2025-06-12 14:11:00,17.2
2025-06-12 04:07:00,49.69252501471454
2025-06-12 17:02:00,37.4
2025-06-12 15:51:00,17.6
2025-06-12 05:09:00,82.6
2025-06-12 14:18:00,33.2
2025-06-12 11:38:00,88.1
2025-06-12 02:49:00,35.6
2025-06-12 01:06:00,41.4
2025-06-12 01:17:00,50.3
2025-06-12 01:14:00,29.2
2025-06-12 04:26:00,49.69252501471454
2025-06-12 23:24:00,37.3
2025-06-12 02:53:00,49.69252501471454
2025-06-12 08:32:00,1.5
2025-06-12 03:46:00,49.69252501471454
2025-06-12 20:54:00,67.5
2025-06-12 07:06:00,1.1
2025-06-12 04:40:00,96.2
2025-06-12 16:11:00,49.69252501471454
2025-06-12 17:59:00,78.5
2025-06-12 00:14:00,3.4
2025-06-12 04:53:00,51.5
2025-06-12 08:14:00,81.2
2025-06-12 10:10:00,94.6
2025-06-12 17:00:00,94.6
2025-06-12 22:36:00,41.8
2025-06-12 17:50:00,70.3
2025-06-12 02:46:00,38.0
2025-06-12 22:05:00,38.0
2025-06-12 02:13:00,39.6
2025-06-12 10:33:00,58.5
2025-06-12 14:04:00,48.9
2025-06-12 06:27:00,49.69252501471454
2025-06-12 21:58:00,19.0
2025-06-12 22:10:00,51.5
2025-06-12 23:29:00,87.5
2025-06-12 21:49:00,35.2
2025-06-12 12:31:00,60.5
2025-06-12 02:26:00,80.5
2025-06-12 13:39:00,49.69252501471454
2025-06-12 04:49:00,8.5
2025-06-12 10:01:00,49.69252501471454
2025-06-12 00:57:00,95.6
2025-06-12 18:05:00,39.8
2025-06-12 13:02:00,74.5
2025-06-12 01:09:00,10.5
2025-06-12 19:39:00,19.7
2025-06-12 00:25:00,49.69252501471454
2025-06-12 01:19:00,67.7
2025-06-12 13:00:00,34.3
2025-06-12 00:10:00,97.6
2025-06-12 21:51:00,98.3
2025-06-12 07:07:00,60.5
2025-06-12 16:40:00,12.4
2025-06-12 15:42:00,63.2
2025-06-12 03:55:00,88.9
2025-06-12 08:17:00,98.2
2025-06-12 09:44:00,31.6
2025-06-12 18:11:00,92.1
2025-06-12 09:53:00,63.0
2025-06-12 16:00:00,81.5
2025-06-12 05:58:00,56.2
2025-06-12 18:01:00,51.4
2025-06-12 12:40:00,63.1
2025-06-12 22:35:00,7.6
2025-06-12 10:41:00,38.6
2025-06-12 15:01:00,4.6
2025-06-12 23:06:00,7.4
2025-06-12 01:18:00,54.0
2025-06-12 09:20:00,68.8
2025-06-12 07:22:00,13.4
2025-06-12 10:06:00,67.6
2025-06-12 22:31:00,7.5
2025-06-12 02:22:00,61.7
2025-06-12 02:48:00,29.5
2025-06-12 20:47:00,50.7
2025-06-12 12:10:00,10.9
2025-06-12 01:15:00,49.69252501471454
2025-06-12 11:16:00,95.7
2025-06-12 16:27:00,6.7
2025-06-12 15:09:00,63.2
2025-06-12 20:09:00,14.6
2025-06-12 17:10:00,96.5
2025-06-12 02:56:00,38.7
2025-06-12 13:10:00,42.6
2025-06-12 11:53:00,21.4
2025-06-12 23:11:00,83.5
2025-06-12 19:45:00,49.69252501471454
2025-06-12 07:30:00,43.6
2025-06-12 22:34:00,67.6
2025-06-12 04:01:00,31.4
2025-06-12 12:24:00,53.7
2025-06-12 04:03:00,85.9
2025-06-12 01:08:00,90.0
2025-06-12 13:34:00,67.6
2025-06-12 04:35:00,69.1
2025-06-12 19:48:00,94.4
2025-06-12 08:39:00,99.0
2025-06-12 15:35:00,52.5
2025-06-12 16:12:00,29.7
2025-06-12 01:31:00,38.4
2025-06-12 06:27:00,13.0
2025-06-12 12:37:00,20.1
2025-06-12 18:01:00,84.8
2025-06-12 09:56:00,75.5
2025-06-12 01:46:00,73.6
2025-06-12 19:14:00,50.3
2025-06-12 12:59:00,68.8
2025-06-12 16:27:00,33.7
2025-06-12 15:29:00,41.3
2025-06-12 05:38:00,37.9
2025-06-12 09:57:00,43.5
2025-06-12 17:06:00,19.3
2025-06-12 00:26:00,3.9
2025-06-12 19:27:00,78.1
2025-06-12 13:28:00,6.1
2025-06-12 12:42:00,50.9
2025-06-12 04:31:00,44.7
2025-06-12 18:44:00,22.1
2025-06-12 07:30:00,7.0
2025-06-12 10:36:00,49.69252501471454
2025-06-12 21:47:00,77.8
2025-06-12 11:19:00,70.5
2025-06-12 23:04:00,49.69252501471454
2025-06-12 22:25:00,26.4
2025-06-12 08:40:00,12.6
2025-06-12 19:19:00,49.69252501471454
2025-06-12 18:17:00,58.6
2025-06-12 06:23:00,36.5
2025-06-12 10:01:00,92.6
2025-06-12 16:16:00,67.6
2025-06-12 04:56:00,85.8
2025-06-12 12:09:00,90.8
2025-06-12 04:57:00,16.0
2025-06-12 08:40:00,65.7
2025-06-12 15:32:00,49.69252501471454
2025-06-12 19:44:00,6.8
2025-06-12 00:16:00,5.1
2025-06-12 18:37:00,94.1
2025-06-12 04:03:00,1.4
2025-06-12 13:46:00,49.69252501471454
2025-06-12 23:33:00,59.3
2025-06-12 16:27:00,49.69252501471454
2025-06-12 12:24:00,49.69252501471454
2025-06-12 16:36:00,63.3
2025-06-12 21:26:00,7.0
2025-06-12 11:17:00,39.3
2025-06-12 22:30:00,42.7
2025-06-12 04:37:00,17.4
2025-06-12 08:46:00,76.6
2025-06-12 05:29:00,79.1
2025-06-12 08:42:00,83.6
2025-06-12 11:21:00,14.9
2025-06-12 23:08:00,71.8
2025-06-12 13:47:00,28.9
2025-06-12 17:03:00,49.69252501471454
2025-06-12 08:02:00,42.0
2025-06-12 04:53:00,87.4
2025-06-12 18:14:00,36.4
2025-06-12 05:21:00,64.2
2025-06-12 22:47:00,14.3
2025-06-12 16:52:00,55.8
2025-06-12 13:40:00,86.1
2025-06-12 16:41:00,52.0
2025-06-12 17:39:00,84.7
2025-06-12 11:50:00,22.9
2025-06-12 22:40:00,89.4
2025-06-12 22:59:00,49.69252501471454
2025-06-12 02:16:00,72.4
2025-06-12 01:32:00,94.8
2025-06-12 19:49:00,1.9
2025-06-12 05:39:00,92.5
2025-06-12 06:04:00,49.69252501471454
2025-06-12 11:56:00,49.69252501471454
2025-06-12 13:10:00,59.5
2025-06-12 16:32:00,56.1
2025-06-12 17:07:00,73.6
2025-06-12 01:48:00,63.3
2025-06-12 06:07:00,48.8
2025-06-12 02:31:00,66.4
2025-06-12 12:49:00,44.4
2025-06-12 11:40:00,93.0
2025-06-12 18:32:00,65.7
2025-06-12 23:09:00,11.3
2025-06-12 09:53:00,63.1
2025-06-12 10:25:00,48.5
2025-06-12 00:20:00,64.3
2025-06-12 03:29:00,51.6
2025-06-12 20:14:00,49.69252501471454
2025-06-12 11:40:00,89.1
2025-06-12 16:44:00,77.0
2025-06-12 10:35:00,49.69252501471454
2025-06-12 07:20:00,49.69252501471454
2025-06-12 04:59:00,82.3
2025-06-12 19:28:00,49.69252501471454
2025-06-12 20:43:00,50.7
2025-06-12 18:38:00,77.5
2025-06-12 14:34:00,51.7
2025-06-12 09:49:00,31.6
2025-06-12 06:23:00,70.3
2025-06-12 23:57:00,10.9
2025-06-12 00:28:00,49.69252501471454
2025-06-12 12:48:00,63.7
2025-06-12 06:14:00,49.69252501471454
2025-06-12 00:03:00,54.5
2025-06-12 10:11:00,84.2
2025-06-12 01:38:00,9.5
2025-06-12 17:18:00,81.8
2025-06-12 21:27:00,87.3
2025-06-12 15:21:00,47.8
2025-06-12 10:52:00,77.3
2025-06-12 13:44:00,68.6
2025-06-12 08:38:00,60.5
2025-06-12 02:16:00,95.2
2025-06-12 00:06:00,55.1
2025-06-12 06:03:00,90.8
2025-06-12 23:00:00,69.6
2025-06-12 22:09:00,20.7
2025-06-12 19:51:00,82.3
2025-06-12 01:41:00,23.9
2025-06-12 18:06:00,22.6
2025-06-12 12:56:00,30.7
2025-06-12 09:04:00,50.2
2025-06-12 05:05:00,40.9
2025-06-12 16:20:00,58.4
2025-06-12 13:57:00,30.3
2025-06-12 00:10:00,80.7
2025-06-12 20:16:00,49.69252501471454
2025-06-12 19:05:00,3.5
2025-06-12 04:23:00,3.7
2025-06-12 21:42:00,49.69252501471454
2025-06-12 00:36:00,49.69252501471454
2025-06-12 23:20:00,25.8
2025-06-12 17:28:00,92.4
2025-06-12 03:33:00,49.69252501471454
2025-06-12 03:17:00,21.9
2025-06-12 05:12:00,90.6
2025-06-12 03:18:00,28.0
2025-06-12 14:43:00,73.8
2025-06-12 10:41:00,82.1
2025-06-12 12:56:00,77.1
2025-06-12 06:32:00,1.1
2025-06-12 23:28:00,66.6
2025-06-12 18:03:00,0.7
2025-06-12 18:03:00,96.7
2025-06-12 03:00:00,69.0
2025-06-12 03:21:00,36.0
2025-06-12 02:22:00,2.4
2025-06-12 06:26:00,22.0
2025-06-12 04:57:00,28.5
2025-06-12 09:22:00,3.1
2025-06-12 07:40:00,84.1
2025-06-12 03:01:00,65.2
2025-06-12 21:32:00,18.2
2025-06-12 13:17:00,49.88181818181819
2025-06-12 11:25:00,34.1
2025-06-12 08:47:00,49.88181818181819
2025-06-12 19:25:00,37.7
2025-06-12 04:00:00,58.6
2025-06-12 05:24:00,49.88181818181819
2025-06-12 06:24:00,36.0
2025-06-12 01:02:00,91.7
2025-06-12 00:37:00,45.9
2025-06-12 16:56:00,50.9
2025-06-12 12:59:00,49.88181818181819
2025-06-12 02:06:00,95.3
2025-06-12 05:29:00,49.88181818181819
2025-06-12 05:35:00,99.1
2025-06-12 19:57:00,4.4
2025-06-12 17:15:00,57.3
2025-06-12 18:10:00,93.4
2025-06-12 21:02:00,81.0
2025-06-12 16:09:00,92.0
2025-06-12 17:56:00,49.88181818181819
2025-06-12 19:44:00,47.1
2025-06-12 11:30:00,69.5
2025-06-12 00:13:00,1.5
2025-06-12 04:44:00,4.9
2025-06-12 11:59:00,91.1
2025-06-12 06:44:00,84.3
2025-06-12 08:18:00,49.88181818181819
2025-06-12 20:21:00,71.0
2025-06-12 00:29:00,60.8
2025-06-12 07:14:00,9.7
2025-06-12 18:48:00,98.8
2025-06-12 13:05:00,19.1
2025-06-12 17:53:00,76.9
2025-06-12 04:04:00,45.8
2025-06-12 23:04:00,59.2
2025-06-12 17:43:00,49.88181818181819
2025-06-12 01:28:00,63.0
2025-06-12 01:41:00,28.4
2025-06-12 15:35:00,77.2
2025-06-12 01:30:00,14.9
2025-06-12 15:52:00,49.88181818181819
2025-06-12 08:23:00,49.88181818181819
2025-06-12 13:41:00,89.3
2025-06-12 09:13:00,64.7
2025-06-12 11:23:00,89.9
2025-06-12 21:10:00,36.4
2025-06-12 04:42:00,49.88181818181819
2025-06-12 19:16:00,49.9
2025-06-12 00:41:00,37.4
2025-06-12 06:13:00,44.8
2025-06-12 00:26:00,31.9
2025-06-12 23:38:00,33.9
2025-06-12 01:21:00,49.88181818181819
2025-06-12 17:30:00,32.0
2025-06-12 12:37:00,97.7
2025-06-12 12:29:00,36.4
2025-06-12 12:34:00,49.88181818181819
2025-06-12 08:23:00,59.4
2025-06-12 11:27:00,63.9
2025-06-12 18:15:00,6.5
2025-06-12 23:53:00,40.2
2025-06-12 17:56:00,69.2
2025-06-12 18:07:00,68.8
2025-06-12 20:59:00,33.0
2025-06-12 06:24:00,18.2
2025-06-12 15:07:00,24.7
2025-06-12 21:19:00,46.7
2025-06-12 14:05:00,97.0
2025-06-12 21:00:00,30.2
2025-06-12 04:06:00,85.0
2025-06-12 13:21:00,49.88181818181819
2025-06-12 15:05:00,98.4
2025-06-12 12:36:00,95.3
2025-06-12 14:48:00,23.8
2025-06-12 20:55:00,31.7
2025-06-12 04:56:00,48.9
2025-06-12 20:54:00,67.1
2025-06-12 18:41:00,77.2
2025-06-12 06:51:00,2.2
2025-06-12 22:27:00,41.0
2025-06-12 17:53:00,31.8
2025-06-12 08:52:00,16.3
2025-06-12 07:26:00,49.88181818181819
2025-06-12 08:25:00,63.8
2025-06-12 09:03:00,53.7
2025-06-12 21:34:00,13.1
2025-06-12 03:36:00,49.88181818181819
2025-06-12 01:04:00,49.88181818181819
2025-06-12 21:01:00,32.8
2025-06-12 18:57:00,8.6
2025-06-12 20:50:00,49.88181818181819
2025-06-12 23:58:00,2.6
2025-06-12 09:12:00,62.7
2025-06-12 03:26:00,33.1
2025-06-12 05:48:00,49.88181818181819
2025-06-12 15:31:00,38.9
2025-06-12 19:14:00,50.0
2025-06-12 21:06:00,49.88181818181819
2025-06-12 17:04:00,24.6
2025-06-12 02:01:00,16.3
2025-06-12 05:41:00,2.3
2025-06-12 07:05:00,63.5
2025-06-12 23:29:00,21.7
2025-06-12 08:48:00,82.7
2025-06-12 18:05:00,19.0
2025-06-12 02:48:00,30.0
2025-06-12 00:08:00,42.4
2025-06-12 02:50:00,56.0
2025-06-12 22:03:00,61.8
2025-06-12 20:18:00,97.0
2025-06-12 23:53:00,38.2
2025-06-12 05:10:00,97.4
2025-06-12 06:48:00,79.8
2025-06-12 02:49:00,49.88181818181819
2025-06-12 19:25:00,70.8
2025-06-12 13:30:00,57.9
2025-06-12 08:21:00,13.0
2025-06-12 12:41:00,80.9
2025-06-12 16:39:00,68.9
2025-06-12 04:21:00,49.88181818181819
2025-06-12 23:08:00,55.7
2025-06-12 15:14:00,17.4
2025-06-12 17:21:00,48.1
2025-06-12 16:07:00,4.1
2025-06-12 14:05:00,37.3
2025-06-12 22:44:00,26.3
2025-06-12 22:03:00,49.88181818181819
2025-06-12 21:53:00,36.4
2025-06-12 05:04:00,72.6
2025-06-12 04:25:00,97.4
2025-06-12 10:59:00,12.7
2025-06-12 17:24:00,96.9
2025-06-12 22:42:00,15.1
2025-06-12 13:59:00,99.1
2025-06-12 07:13:00,42.0
2025-06-12 15:26:00,36.7
2025-06-12 02:25:00,95.7
2025-06-12 09:05:00,86.9
2025-06-12 12:12:00,44.7
2025-06-12 11:40:00,64.4
2025-06-12 09:01:00,50.1
2025-06-12 08:39:00,71.9
2025-06-12 04:07:00,83.4
2025-06-12 03:13:00,33.7
2025-06-12 14:31:00,49.88181818181819
2025-06-12 03:58:00,9.1
2025-06-12 21:55:00,14.6
2025-06-12 08:35:00,71.0
2025-06-12 09:12:00,49.88181818181819
2025-06-12 17:15:00,12.8
2025-06-12 06:03:00,49.88181818181819
2025-06-12 16:04:00,33.1
2025-06-12 00:20:00,85.9
2025-06-12 14:50:00,88.0
2025-06-12 23:21:00,0.6
2025-06-12 12:42:00,63.6
2025-06-12 00:36:00,31.7
2025-06-12 02:51:00,15.0
2025-06-12 01:22:00,72.5
2025-06-12 18:00:00,56.0
2025-06-12 06:19:00,34.6
2025-06-12 01:31:00,64.1
2025-06-12 16:17:00,97.1
2025-06-12 21:27:00,57.0
2025-06-12 11:52:00,6.2
2025-06-12 20:58:00,54.1
2025-06-12 12:04:00,43.6
2025-06-12 17:23:00,31.5
2025-06-12 09:17:00,14.1
2025-06-12 17:42:00,99.8
2025-06-12 02:41:00,49.88181818181819
2025-06-12 11:31:00,49.88181818181819
2025-06-12 19:37:00,49.88181818181819
2025-06-12 20:31:00,16.5
2025-06-12 11:56:00,56.8
2025-06-12 07:41:00,45.6
2025-06-12 21:54:00,4.9
2025-06-12 19:39:00,98.1
2025-06-12 03:02:00,22.2
2025-06-12 04:07:00,25.6
2025-06-12 06:53:00,32.4
2025-06-12 11:56:00,24.5
2025-06-12 00:34:00,77.6
2025-06-12 00:36:00,99.7
2025-06-12 19:25:00,46.6
2025-06-12 10:20:00,49.88181818181819
2025-06-12 23:11:00,25.1
2025-06-12 05:15:00,13.9
2025-06-12 20:51:00,68.0
2025-06-12 02:34:00,30.3
2025-06-12 03:19:00,49.88181818181819
2025-06-12 19:31:00,83.5
2025-06-12 14:01:00,88.6
2025-06-12 23:31:00,34.4
2025-06-12 11:37:00,4.0
2025-06-12 20:14:00,52.7
2025-06-12 15:27:00,7.4
2025-06-12 23:05:00,32.7
2025-06-12 14:28:00,24.4
2025-06-12 13:14:00,90.5
2025-06-12 01:54:00,50.7
2025-06-12 19:54:00,16.4
2025-06-12 23:35:00,85.1
2025-06-12 14:48:00,49.88181818181819
2025-06-12 14:14:00,13.1
2025-06-12 05:05:00,60.4
2025-06-12 20:51:00,92.4
2025-06-12 01:20:00,24.7
2025-06-12 08:15:00,49.88181818181819
2025-06-12 02:32:00,79.5
2025-06-12 03:44:00,61.0
2025-06-12 10:56:00,49.88181818181819
2025-06-12 11:07:00,16.7
2025-06-12 03:01:00,58.9
2025-06-12 06:06:00,42.8
2025-06-12 06:25:00,49.88181818181819
2025-06-12 09:54:00,58.8
2025-06-12 09:29:00,35.3
2025-06-12 04:16:00,63.1
2025-06-12 13:19:00,93.0
2025-06-12 02:16:00,77.6
2025-06-12 10:11:00,10.6
2025-06-12 09:23:00,92.1
2025-06-12 15:21:00,27.8
2025-06-12 10:51:00,66.3
2025-06-12 21:52:00,20.2
2025-06-12 12:42:00,98.3
2025-06-12 07:40:00,80.4
2025-06-12 10:19:00,71.2
2025-06-12 04:34:00,73.3
2025-06-12 14:27:00,96.1
2025-06-12 01:01:00,97.3
2025-06-12 18:13:00,49.88181818181819
2025-06-12 14:14:00,41.9
2025-06-12 08:05:00,49.88181818181819
2025-06-12 04:40:00,50.8
2025-06-12 02:27:00,58.9
2025-06-12 00:34:00,22.8
2025-06-12 09:59:00,61.8
2025-06-12 14:03:00,47.2
2025-06-12 19:48:00,95.4
2025-06-12 00:49:00,12.8
2025-06-12 23:39:00,28.0
2025-06-12 19:52:00,87.3
2025-06-12 03:29:00,63.3
2025-06-12 15:09:00,73.2
2025-06-12 19:45:00,97.1
2025-06-12 23:37:00,49.88181818181819
2025-06-12 16:21:00,68.6
2025-06-12 17:56:00,82.3
2025-06-12 13:51:00,91.1
2025-06-12 04:35:00,17.0
2025-06-12 11:22:00,6.8
2025-06-12 22:31:00,77.2
2025-06-12 15:35:00,72.6
2025-06-12 12:14:00,49.88181818181819
2025-06-12 21:09:00,63.5
2025-06-12 19:58:00,85.4
2025-06-12 10:13:00,49.88181818181819
2025-06-12 22:02:00,39.5
2025-06-12 10:52:00,39.6
2025-06-12 00:10:00,89.5
2025-06-12 06:31:00,13.6
2025-06-12 19:20:00,96.5
2025-06-12 21:31:00,65.2
2025-06-12 22:24:00,80.3
2025-06-12 22:20:00,98.4
2025-06-12 12:26:00,94.8
2025-06-12 22:27:00,36.0
2025-06-12 21:04:00,77.1
2025-06-12 19:58:00,49.88181818181819
2025-06-12 09:02:00,99.0
2025-06-12 12:26:00,33.8
2025-06-12 16:13:00,11.7
2025-06-12 06:17:00,49.88181818181819
2025-06-12 03:54:00,49.88181818181819
2025-06-12 07:35:00,19.1
2025-06-12 04:11:00,42.2
2025-06-12 04:21:00,28.2
2025-06-12 01:01:00,75.0
2025-06-12 18:31:00,69.6
2025-06-12 17:22:00,82.2
2025-06-12 19:35:00,49.88181818181819
2025-06-12 08:01:00,36.7
2025-06-12 20:15:00,17.7
2025-06-12 04:24:00,13.3
2025-06-12 12:19:00,49.88181818181819
2025-06-12 23:19:00,49.88181818181819
2025-06-12 14:01:00,22.7
2025-06-12 20:41:00,2.8
2025-06-12 06:07:00,12.3
2025-06-12 13:32:00,62.6
2025-06-12 02:35:00,68.1
2025-06-12 01:30:00,33.6
2025-06-12 07:05:00,49.88181818181819
2025-06-12 03:04:00,94.4
2025-06-12 16:49:00,49.88181818181819
2025-06-12 09:12:00,98.3
2025-06-12 11:07:00,55.6
2025-06-12 11:21:00,11.6
2025-06-12 15:51:00,4.3
2025-06-12 08:26:00,72.6
2025-06-12 23:22:00,94.5
2025-06-12 04:31:00,49.88181818181819
2025-06-12 09:33:00,49.88181818181819
2025-06-12 11:12:00,49.88181818181819
2025-06-12 07:47:00,29.8
2025-06-12 20:54:00,49.88181818181819
2025-06-12 18:01:00,2.3
2025-06-12 06:36:00,7.2
2025-06-12 00:44:00,3.7
2025-06-12 07:25:00,27.3
2025-06-12 16:46:00,69.0
2025-06-12 03:10:00,45.9
2025-06-12 10:35:00,30.4
2025-06-12 20:32:00,62.9
2025-06-12 12:18:00,40.1
2025-06-12 11:39:00,47.3
2025-06-12 11:13:00,0.9
2025-06-12 15:01:00,69.8
2025-06-12 07:40:00,6.1
2025-06-12 21:49:00,24.9
2025-06-12 05:38:00,49.88181818181819
2025-06-12 16:10:00,57.1
2025-06-12 20:09:00,13.3
2025-06-12 00:25:00,61.4
2025-06-12 06:21:00,26.0
2025-06-12 23:52:00,5.6
2025-06-12 05:36:00,4.4
2025-06-12 09:20:00,28.6
2025-06-12 19:40:00,69.8
2025-06-12 03:51:00,3.9
2025-06-12 14:52:00,39.1
2025-06-12 23:52:00,78.0
2025-06-12 07:15:00,43.5
2025-06-12 07:52:00,44.0
2025-06-12 18:57:00,36.2
2025-06-12 08:42:00,78.9
2025-06-12 21:32:00,13.2
2025-06-12 20:47:00,38.7
2025-06-12 02:01:00,55.1
2025-06-12 04:57:00,21.6
2025-06-12 18:06:00,49.88181818181819
2025-06-12 21:33:00,49.88181818181819
2025-06-12 05:40:00,67.4
2025-06-12 23:11:00,68.3
2025-06-12 16:01:00,84.3
2025-06-12 21:01:00,62.9
2025-06-12 20:14:00,38.0
2025-06-12 08:30:00,15.1
2025-06-12 12:57:00,2.1
2025-06-12 12:35:00,77.1
2025-06-12 04:58:00,4.5
2025-06-12 06:37:00,12.7
2025-06-12 10:41:00,75.5
2025-06-12 20:38:00,27.2
2025-06-12 00:50:00,24.8
2025-06-12 03:01:00,50.019744401453856
2025-06-12 10:28:00,84.5
2025-06-12 12:32:00,2.2
2025-06-12 07:51:00,47.1
2025-06-12 11:57:00,48.2
2025-06-12 08:08:00,86.7
2025-06-12 13:54:00,50.019744401453856
2025-06-12 05:47:00,65.7
2025-06-12 18:00:00,23.4
2025-06-12 21:01:00,50.0
2025-06-12 12:22:00,64.8
2025-06-12 15:01:00,31.5
2025-06-12 09:59:00,89.5
2025-06-12 01:21:00,44.3
2025-06-12 18:18:00,76.2
2025-06-12 17:52:00,63.5
2025-06-12 08:03:00,64.4
2025-06-12 11:42:00,90.5
2025-06-12 17:34:00,89.3
2025-06-12 21:17:00,55.9
2025-06-12 21:12:00,79.7
2025-06-12 08:14:00,4.2
2025-06-12 07:53:00,85.0
2025-06-12 04:43:00,65.9
2025-06-12 20:24:00,7.0
2025-06-12 15:03:00,80.6
2025-06-12 05:29:00,41.8
2025-06-12 14:35:00,82.5
2025-06-12 16:16:00,20.8
2025-06-12 21:53:00,63.2
2025-06-12 15:37:00,59.7
2025-06-12 13:29:00,52.9
2025-06-12 10:24:00,23.5
2025-06-12 21:10:00,55.0
2025-06-12 20:06:00,66.9
2025-06-12 15:11:00,60.1
2025-06-12 16:25:00,90.2
2025-06-12 23:44:00,44.6
2025-06-12 18:29:00,11.1
2025-06-12 20:04:00,50.019744401453856
2025-06-12 22:55:00,90.7
2025-06-12 06:16:00,55.0
2025-06-12 19:50:00,14.2
2025-06-12 20:08:00,6.1
2025-06-12 00:07:00,50.019744401453856
2025-06-12 13:00:00,43.7
2025-06-12 01:04:00,57.2
2025-06-12 07:25:00,88.9
2025-06-12 12:01:00,90.9
2025-06-12 02:03:00,41.6
2025-06-12 13:22:00,27.0
2025-06-12 16:54:00,61.9
2025-06-12 11:59:00,28.3
2025-06-12 16:22:00,26.9
2025-06-12 20:16:00,96.4
2025-06-12 10:12:00,6.5
2025-06-12 23:53:00,51.5
2025-06-12 05:15:00,50.019744401453856
2025-06-12 03:42:00,9.5
2025-06-12 03:13:00,27.4
2025-06-12 08:34:00,59.7
2025-06-12 01:01:00,67.2
2025-06-12 18:43:00,49.8
2025-06-12 00:29:00,2.9
2025-06-12 02:36:00,84.1
2025-06-12 04:25:00,15.8
2025-06-12 09:46:00,24.0
2025-06-12 00:10:00,50.019744401453856
2025-06-12 13:38:00,63.3
2025-06-12 04:15:00,68.1
2025-06-12 13:52:00,36.3
2025-06-12 04:18:00,77.6
2025-06-12 02:18:00,27.4
2025-06-12 00:26:00,73.6
2025-06-12 21:52:00,50.019744401453856
2025-06-12 20:57:00,24.9
2025-06-12 20:21:00,62.7
2025-06-12 06:58:00,65.3
2025-06-12 07:30:00,78.7
2025-06-12 03:27:00,37.9
2025-06-12 11:11:00,24.7
2025-06-12 23:51:00,55.2
2025-06-12 19:07:00,10.9
2025-06-12 10:05:00,77.6
2025-06-12 12:24:00,10.3
2025-06-12 10:50:00,50.019744401453856
2025-06-12 08:16:00,1.7
2025-06-12 21:59:00,70.7
2025-06-12 09:33:00,57.9
2025-06-12 03:49:00,50.019744401453856
2025-06-12 05:53:00,34.7
2025-06-12 15:12:00,53.9
2025-06-12 23:26:00,68.5
2025-06-12 00:38:00,52.6
2025-06-12 00:30:00,77.7
2025-06-12 03:45:00,10.1
2025-06-12 18:14:00,10.6
2025-06-12 19:05:00,9.8
2025-06-12 03:10:00,48.8
2025-06-12 21:32:00,57.1
2025-06-12 02:09:00,82.0
2025-06-12 00:34:00,99.1
2025-06-12 18:04:00,98.3
2025-06-12 16:48:00,92.4
2025-06-12 20:24:00,19.7
2025-06-12 02:38:00,50.019744401453856
2025-06-12 01:00:00,38.4
2025-06-12 03:50:00,93.9
2025-06-12 09:01:00,8.4
2025-06-12 07:26:00,72.1
2025-06-12 12:58:00,50.019744401453856
2025-06-12 00:37:00,95.3
2025-06-12 17:09:00,80.2
2025-06-12 22:59:00,62.0
2025-06-12 23:09:00,34.4
2025-06-12 20:38:00,53.2
2025-06-12 10:45:00,99.9
2025-06-12 20:56:00,81.5
2025-06-12 06:03:00,85.9
2025-06-12 02:36:00,11.1
2025-06-12 10:24:00,50.019744401453856
2025-06-12 11:56:00,31.9
2025-06-12 10:34:00,34.3
2025-06-12 04:03:00,37.5
2025-06-12 14:41:00,54.0
2025-06-12 20:13:00,50.019744401453856
2025-06-12 17:13:00,52.9
2025-06-12 15:19:00,50.019744401453856
2025-06-12 03:53:00,42.6
2025-06-12 05:46:00,50.019744401453856
2025-06-12 07:07:00,43.1
2025-06-12 06:49:00,29.5
2025-06-12 13:50:00,89.4
2025-06-12 22:16:00,16.0
2025-06-12 16:44:00,39.5
2025-06-12 22:08:00,50.019744401453856
2025-06-12 08:20:00,50.019744401453856
2025-06-12 05:16:00,53.2
2025-06-12 08:13:00,31.9
2025-06-12 01:43:00,82.1
2025-06-12 09:36:00,50.019744401453856
2025-06-12 06:00:00,55.1
2025-06-12 09:42:00,43.8
2025-06-12 09:46:00,75.3
2025-06-12 04:05:00,64.7
2025-06-12 06:26:00,97.9
2025-06-12 11:00:00,34.7
2025-06-12 03:41:00,69.4
2025-06-12 22:29:00,50.9
2025-06-12 12:34:00,54.9
2025-06-12 02:04:00,2.1
2025-06-12 17:09:00,38.9
2025-06-12 11:30:00,56.7
2025-06-12 03:50:00,9.7
2025-06-12 02:28:00,42.2
2025-06-12 21:41:00,68.8
2025-06-12 22:18:00,15.9
2025-06-12 23:52:00,42.6
2025-06-12 04:12:00,68.4
2025-06-12 12:17:00,61.3
2025-06-12 07:05:00,42.9
2025-06-12 09:07:00,98.2
2025-06-12 12:44:00,68.2
2025-06-12 15:28:00,50.019744401453856
2025-06-12 04:29:00,50.019744401453856
2025-06-12 11:41:00,0.2
2025-06-12 21:31:00,50.019744401453856
2025-06-12 18:22:00,10.1
2025-06-12 00:39:00,87.5
2025-06-12 02:44:00,50.019744401453856
2025-06-12 01:59:00,9.3
2025-06-12 08:37:00,5.2
2025-06-12 20:10:00,51.2
2025-06-12 23:38:00,39.5
2025-06-12 01:04:00,28.4
2025-06-12 07:55:00,68.6
2025-06-12 07:06:00,50.019744401453856
2025-06-12 18:09:00,22.3
2025-06-12 18:52:00,2.1
2025-06-12 21:43:00,49.2
2025-06-12 12:26:00,50.019744401453856
2025-06-12 23:14:00,85.5
2025-06-12 16:58:00,79.0
2025-06-12 01:31:00,94.8
2025-06-12 22:13:00,52.0
2025-06-12 11:57:00,84.0
2025-06-12 02:30:00,17.5
2025-06-12 05:18:00,4.0
2025-06-12 10:12:00,50.019744401453856
2025-06-12 14:49:00,50.019744401453856
2025-06-12 17:21:00,29.8
2025-06-12 21:52:00,90.8
2025-06-12 01:59:00,68.3
2025-06-12 01:18:00,48.3
2025-06-12 22:34:00,50.019744401453856
2025-06-12 09:41:00,52.9
2025-06-12 10:08:00,37.2
2025-06-12 04:38:00,40.5
2025-06-12 01:17:00,38.4
2025-06-12 01:40:00,78.6
2025-06-12 16:36:00,22.2
2025-06-12 03:54:00,47.0
2025-06-12 16:28:00,79.6
2025-06-12 07:34:00,56.7
2025-06-12 17:27:00,85.8
2025-06-12 23:15:00,9.7
2025-06-12 14:45:00,66.4
2025-06-12 02:53:00,21.9
2025-06-12 15:32:00,66.3
2025-06-12 04:55:00,2.5
2025-06-12 20:06:00,60.5
2025-06-12 11:20:00,18.7
2025-06-12 08:33:00,71.7
2025-06-12 03:43:00,3.2
2025-06-12 07:01:00,88.9
2025-06-12 22:41:00,26.0
2025-06-12 01:40:00,31.0
2025-06-12 22:43:00,79.2
2025-06-12 20:59:00,50.019744401453856
2025-06-12 22:14:00,84.1
2025-06-12 19:14:00,64.3
2025-06-12 09:46:00,43.9
2025-06-12 15:22:00,50.019744401453856
2025-06-12 15:44:00,52.5
2025-06-12 19:09:00,44.4
2025-06-12 16:20:00,50.019744401453856
2025-06-12 16:04:00,50.019744401453856
2025-06-12 16:05:00,27.6
2025-06-12 18:00:00,35.7
2025-06-12 06:50:00,50.019744401453856
2025-06-12 23:20:00,49.9
2025-06-12 22:30:00,50.7
2025-06-12 11:00:00,50.019744401453856
2025-06-12 03:28:00,50.019744401453856
2025-06-12 21:46:00,56.1
2025-06-12 11:33:00,68.9
2025-06-12 06:58:00,59.8
2025-06-12 20:09:00,62.3
2025-06-12 16:10:00,76.2
2025-06-12 12:06:00,39.1
2025-06-12 12:48:00,41.0
2025-06-12 12:11:00,28.7
2025-06-12 05:04:00,92.0
2025-06-12 02:46:00,57.4
2025-06-12 13:52:00,59.7
2025-06-12 08:53:00,89.9
2025-06-12 10:51:00,7.6
2025-06-12 20:23:00,26.2
2025-06-12 17:59:00,65.7
2025-06-12 12:57:00,93.1
2025-06-12 06:22:00,22.7
2025-06-12 15:05:00,20.3
2025-06-12 16:33:00,50.019744401453856
2025-06-12 01:05:00,18.2
2025-06-12 21:25:00,97.0
2025-06-12 08:49:00,75.0
2025-06-12 02:29:00,82.4
2025-06-12 16:43:00,67.5
2025-06-12 19:13:00,82.4
2025-06-12 04:53:00,39.7
2025-06-12 16:45:00,99.0
2025-06-12 04:23:00,97.9
2025-06-12 13:58:00,43.8
2025-06-12 19:54:00,30.7
2025-06-12 11:29:00,85.8
2025-06-12 22:21:00,57.6
2025-06-12 12:10:00,62.3
2025-06-12 19:24:00,76.3
2025-06-12 15:59:00,23.5
2025-06-12 04:41:00,97.7
2025-06-12 08:14:00,95.8
2025-06-12 05:51:00,20.1
2025-06-12 20:56:00,22.1
2025-06-12 05:05:00,62.6
2025-06-12 23:22:00,47.6
2025-06-12 02:26:00,17.0
2025-06-12 07:00:00,57.6
2025-06-12 02:31:00,75.7
2025-06-12 06:13:00,48.3
2025-06-12 18:00:00,50.019744401453856
2025-06-12 00:41:00,65.7
2025-06-12 02:26:00,50.019744401453856
2025-06-12 08:49:00,26.6
2025-06-12 17:36:00,62.6
2025-06-12 00:24:00,91.3
2025-06-12 11:46:00,50.019744401453856
2025-06-12 12:21:00,68.5
2025-06-12 10:46:00,23.6
2025-06-12 12:37:00,0.2
2025-06-12 16:07:00,56.1
2025-06-12 13:13:00,20.4
2025-06-12 02:39:00,73.9
2025-06-12 07:55:00,2.4
2025-06-12 10:40:00,50.019744401453856
2025-06-12 08:37:00,56.5
2025-06-12 15:24:00,50.019744401453856
2025-06-12 01:20:00,26.3
2025-06-12 15:47:00,84.3
2025-06-12 22:56:00,50.019744401453856
2025-06-12 17:31:00,91.7
2025-06-12 22:01:00,36.8
2025-06-12 11:20:00,6.8
2025-06-12 05:28:00,50.2
2025-06-12 16:10:00,50.019744401453856
2025-06-12 17:11:00,4.7
2025-06-12 12:46:00,7.8
2025-06-12 19:53:00,76.3
2025-06-12 04:53:00,52.8
2025-06-12 04:22:00,7.3
2025-06-12 13:29:00,53.0
2025-06-12 21:36:00,18.0
2025-06-12 04:49:00,27.4
2025-06-12 02:54:00,30.9
2025-06-12 12:17:00,87.6
2025-06-12 14:59:00,37.9
2025-06-12 22:59:00,24.3
2025-06-12 08:07:00,14.6
2025-06-12 05:13:00,6.0
2025-06-12 20:19:00,96.9
2025-06-12 20:30:00,85.8
2025-06-12 13:13:00,50.019744401453856
2025-06-12 09:44:00,75.5
2025-06-12 23:43:00,43.0
2025-06-12 09:08:00,43.0
2025-06-12 09:32:00,8.5
2025-06-12 14:05:00,2.6
2025-06-12 20:11:00,71.0
2025-06-12 18:02:00,69.7
2025-06-12 21:02:00,50.019744401453856
2025-06-12 22:55:00,50.019744401453856
2025-06-12 01:47:00,80.0
2025-06-12 16:18:00,26.0
2025-06-12 12:43:00,48.2
2025-06-12 18:33:00,42.2
2025-06-12 10:21:00,72.0
2025-06-12 08:17:00,63.0
2025-06-12 16:31:00,68.1
2025-06-12 06:16:00,58.0
2025-06-12 16:12:00,49.0
2025-06-12 22:00:00,50.0
2025-06-12 12:35:00,70.1
2025-06-12 21:00:00,86.2
2025-06-12 14:02:00,49.94205948042788
2025-06-12 12:03:00,19.7
2025-06-12 18:39:00,19.2
2025-06-12 18:57:00,73.5
2025-06-12 04:44:00,11.1
2025-06-12 16:48:00,12.0
2025-06-12 19:43:00,22.0
2025-06-12 01:17:00,92.4
2025-06-12 18:23:00,24.3
2025-06-12 04:07:00,13.4
2025-06-12 02:53:00,14.3
2025-06-12 00:24:00,1.2
2025-06-12 18:04:00,16.2
2025-06-12 12:27:00,30.9
2025-06-12 01:00:00,36.6
2025-06-12 08:56:00,94.3
2025-06-12 01:48:00,69.5
2025-06-12 15:32:00,36.7
2025-06-12 11:36:00,8.5
2025-06-12 14:22:00,70.2
2025-06-12 10:31:00,0.8
2025-06-12 16:31:00,14.3
2025-06-12 16:51:00,49.94205948042788
2025-06-12 17:26:00,39.3
2025-06-12 18:09:00,52.1
2025-06-12 07:21:00,35.3
2025-06-12 16:35:00,88.2
2025-06-12 00:08:00,75.6
2025-06-12 20:07:00,49.94205948042788
2025-06-12 03:16:00,70.3
2025-06-12 03:42:00,40.3
2025-06-12 14:35:00,49.94205948042788
2025-06-12 03:57:00,49.94205948042788
2025-06-12 19:43:00,51.4
2025-06-12 08:00:00,22.5
2025-06-12 12:56:00,49.94205948042788
2025-06-12 17:54:00,34.0
2025-06-12 10:43:00,49.94205948042788
2025-06-12 07:01:00,43.8
2025-06-12 16:45:00,62.6
2025-06-12 07:14:00,88.3
2025-06-12 09:57:00,82.1
2025-06-12 11:10:00,37.8
2025-06-12 23:26:00,60.1
2025-06-12 13:17:00,66.6
2025-06-12 12:32:00,38.5
2025-06-12 23:43:00,79.6
2025-06-12 06:04:00,14.3
2025-06-12 15:02:00,68.6
2025-06-12 20:21:00,59.7
2025-06-12 00:02:00,13.0
2025-06-12 10:06:00,49.94205948042788
2025-06-12 14:48:00,23.7
2025-06-12 20:06:00,16.6
2025-06-12 02:19:00,58.3
2025-06-12 09:04:00,4.3
2025-06-12 13:54:00,56.8
2025-06-12 18:50:00,85.8
2025-06-12 09:22:00,36.4
2025-06-12 09:23:00,49.94205948042788
2025-06-12 15:13:00,56.8
2025-06-12 08:40:00,53.5
2025-06-12 12:40:00,87.5
2025-06-12 05:38:00,29.8
2025-06-12 14:17:00,95.8
2025-06-12 21:27:00,46.2
2025-06-12 08:59:00,9.3
2025-06-12 13:42:00,72.8
2025-06-12 23:19:00,32.1
2025-06-12 20:22:00,27.1
2025-06-12 20:09:00,49.94205948042788
2025-06-12 17:16:00,24.1
2025-06-12 12:16:00,93.4
2025-06-12 19:15:00,39.2
2025-06-12 00:19:00,82.4
2025-06-12 04:03:00,8.5
2025-06-12 23:38:00,15.2
2025-06-12 19:21:00,67.7
2025-06-12 09:59:00,12.0
2025-06-12 09:52:00,93.2
2025-06-12 18:59:00,19.1
2025-06-12 08:46:00,42.4
2025-06-12 09:42:00,49.94205948042788
2025-06-12 09:16:00,49.94205948042788
2025-06-12 09:14:00,99.8
2025-06-12 01:16:00,39.6
2025-06-12 16:37:00,13.0
2025-06-12 01:58:00,81.8
2025-06-12 06:56:00,49.94205948042788
2025-06-12 23:39:00,37.9
2025-06-12 12:33:00,67.7
2025-06-12 04:24:00,87.3
2025-06-12 21:09:00,19.9
2025-06-12 06:56:00,38.2
2025-06-12 08:30:00,67.7
2025-06-12 23:04:00,48.2
2025-06-12 12:14:00,35.9
2025-06-12 12:08:00,14.0
2025-06-12 00:39:00,7.4
2025-06-12 08:11:00,47.8
2025-06-12 20:15:00,5.9
2025-06-12 10:27:00,37.7
2025-06-12 16:37:00,44.2
2025-06-12 00:58:00,66.4
2025-06-12 13:56:00,49.94205948042788
2025-06-12 23:27:00,16.9
2025-06-12 23:11:00,93.5
2025-06-12 08:50:00,92.0
2025-06-12 00:30:00,40.3
2025-06-12 02:21:00,49.94205948042788
2025-06-12 10:20:00,23.8
2025-06-12 08:40:00,69.7
2025-06-12 12:55:00,49.3
2025-06-12 08:13:00,92.1
2025-06-12 08:53:00,49.94205948042788
2025-06-12 05:04:00,12.1
2025-06-12 21:30:00,0.3
2025-06-12 07:57:00,61.1
2025-06-12 18:35:00,26.0
2025-06-12 08:23:00,60.9
2025-06-12 20:59:00,88.6
2025-06-12 04:15:00,7.6
2025-06-12 14:42:00,31.6
2025-06-12 03:46:00,49.94205948042788
2025-06-12 00:20:00,49.94205948042788
2025-06-12 11:03:00,66.0
2025-06-12 07:04:00,97.9
2025-06-12 23:56:00,0.4
2025-06-12 06:02:00,47.9
2025-06-12 20:56:00,86.1
2025-06-12 07:50:00,49.94205948042788
2025-06-12 15:11:00,36.4
2025-06-12 19:41:00,49.94205948042788
2025-06-12 09:53:00,64.7
2025-06-12 19:03:00,1.7
2025-06-12 17:28:00,38.0
2025-06-12 12:03:00,1.6
2025-06-12 02:22:00,38.0
2025-06-12 18:39:00,20.5
2025-06-12 18:29:00,85.1
2025-06-12 21:44:00,56.1
2025-06-12 07:14:00,92.5
2025-06-12 14:43:00,97.8
2025-06-12 02:25:00,49.94205948042788
2025-06-12 03:30:00,97.5
2025-06-12 00:17:00,19.3
2025-06-12 10:48:00,42.3
2025-06-12 08:44:00,56.8
2025-06-12 23:22:00,25.0
2025-06-12 13:30:00,24.7
2025-06-12 00:06:00,19.0
2025-06-12 13:07:00,32.0
2025-06-12 03:32:00,89.5
2025-06-12 19:40:00,82.0
2025-06-12 10:02:00,11.7
2025-06-12 10:30:00,34.3
2025-06-12 09:37:00,52.5
2025-06-12 10:23:00,3.4
2025-06-12 03:25:00,49.94205948042788
2025-06-12 05:57:00,31.9
2025-06-12 19:56:00,74.7
2025-06-12 17:16:00,8.9
2025-06-12 00:33:00,88.5
2025-06-12 18:23:00,48.8
2025-06-12 03:57:00,57.4
2025-06-12 01:44:00,95.1
2025-06-12 04:58:00,20.4
2025-06-12 10:24:00,7.9
2025-06-12 06:26:00,76.2
2025-06-12 18:43:00,48.5
2025-06-12 08:40:00,4.2
2025-06-12 04:26:00,13.1
2025-06-12 15:06:00,28.6
2025-06-12 21:36:00,69.4
2025-06-12 21:28:00,23.8
2025-06-12 22:27:00,49.0
2025-06-12 23:45:00,94.9
2025-06-12 11:10:00,22.0
2025-06-12 13:59:00,30.2
2025-06-12 05:15:00,82.8
2025-06-12 14:55:00,54.1
2025-06-12 02:24:00,20.8
2025-06-12 10:46:00,10.3
2025-06-12 06:38:00,79.6
2025-06-12 03:09:00,5.9
2025-06-12 09:06:00,49.94205948042788
2025-06-12 15:51:00,13.0
2025-06-12 00:43:00,49.94205948042788
2025-06-12 20:49:00,49.94205948042788
2025-06-12 03:44:00,43.3
2025-06-12 22:53:00,52.2
2025-06-12 13:59:00,43.7
2025-06-12 06:28:00,28.6
2025-06-12 06:18:00,49.94205948042788
2025-06-12 08:32:00,18.0
2025-06-12 11:52:00,10.8
2025-06-12 02:45:00,49.94205948042788
2025-06-12 09:34:00,27.7
2025-06-12 10:10:00,49.94205948042788
2025-06-12 17:44:00,3.5
2025-06-12 22:50:00,65.8
2025-06-12 06:48:00,2.6
2025-06-12 15:49:00,52.8
2025-06-12 12:49:00,12.5
2025-06-12 11:34:00,1.9
2025-06-12 14:07:00,86.2
2025-06-12 16:39:00,69.7
2025-06-12 11:01:00,13.2
2025-06-12 06:07:00,29.7
2025-06-12 07:40:00,6.7
2025-06-12 10:11:00,89.2
2025-06-12 19:33:00,49.94205948042788
2025-06-12 01:13:00,79.5
2025-06-12 08:01:00,30.6
2025-06-12 23:33:00,56.4
2025-06-12 22:30:00,14.1
2025-06-12 05:29:00,58.2
2025-06-12 12:04:00,49.94205948042788
2025-06-12 11:06:00,49.94205948042788
2025-06-12 20:28:00,49.94205948042788
2025-06-12 16:50:00,74.3
2025-06-12 13:12:00,49.94205948042788
2025-06-12 22:03:00,59.5
2025-06-12 06:08:00,19.0
2025-06-12 01:23:00,78.6
2025-06-12 21:32:00,3.9
2025-06-12 05:23:00,60.1
2025-06-12 15:59:00,25.0
2025-06-12 05:10:00,13.6
2025-06-12 08:56:00,49.2
2025-06-12 10:31:00,41.9
2025-06-12 15:32:00,85.9
2025-06-12 15:49:00,59.5
2025-06-12 05:26:00,3.0
2025-06-12 08:23:00,92.0
2025-06-12 06:23:00,36.1
2025-06-12 02:10:00,90.6
2025-06-12 19:34:00,12.5
2025-06-12 17:59:00,71.1
2025-06-12 23:27:00,29.3
2025-06-12 14:07:00,7.1
2025-06-12 23:20:00,82.0
2025-06-12 03:56:00,42.3
2025-06-12 09:53:00,49.94205948042788
2025-06-12 09:07:00,39.8
2025-06-12 03:09:00,26.7
2025-06-12 06:41:00,48.0
2025-06-12 20:18:00,49.94205948042788
2025-06-12 12:23:00,34.2
2025-06-12 09:51:00,55.6
2025-06-12 18:11:00,8.8
2025-06-12 18:51:00,8.9
2025-06-12 00:30:00,71.0
2025-06-12 09:34:00,83.1
2025-06-12 15:00:00,57.7
2025-06-12 20:56:00,49.94205948042788
2025-06-12 12:22:00,25.1
2025-06-12 06:33:00,29.1
2025-06-12 04:03:00,18.1
2025-06-12 16:35:00,86.8
2025-06-12 22:37:00,28.9
2025-06-12 23:53:00,21.9
2025-06-12 03:35:00,88.8
2025-06-12 05:30:00,13.0
2025-06-12 23:04:00,34.9
2025-06-12 13:21:00,71.7
2025-06-12 17:16:00,68.0
2025-06-12 15:01:00,12.8
2025-06-12 22:58:00,17.8
2025-06-12 09:50:00,84.6
2025-06-12 16:15:00,8.8
2025-06-12 09:46:00,56.3
2025-06-12 07:49:00,8.2
2025-06-12 03:06:00,19.7
2025-06-12 09:07:00,62.2
2025-06-12 03:06:00,84.4
2025-06-12 13:13:00,49.7
2025-06-12 11:00:00,66.3
2025-06-12 18:38:00,49.94205948042788
2025-06-12 17:52:00,75.4
2025-06-12 08:09:00,1.0
2025-06-12 23:27:00,49.94205948042788
2025-06-12 18:18:00,62.4
2025-06-12 14:01:00,47.8
2025-06-12 05:50:00,80.5
2025-06-12 00:38:00,9.8
2025-06-12 21:56:00,49.94205948042788
2025-06-12 23:46:00,21.1
2025-06-12 11:38:00,98.4
2025-06-12 11:38:00,49.94205948042788
2025-06-12 01:13:00,78.2
2025-06-12 00:12:00,47.7
2025-06-12 18:16:00,40.9
2025-06-12 09:16:00,99.4
2025-06-12 03:59:00,56.5
2025-06-12 01:53:00,49.94205948042788
2025-06-12 13:54:00,57.5
2025-06-12 10:43:00,95.6
2025-06-12 19:21:00,19.9
2025-06-12 02:39:00,48.8
2025-06-12 08:48:00,29.8
2025-06-12 01:30:00,10.0
2025-06-12 14:28:00,97.7
2025-06-12 00:54:00,57.8
2025-06-12 18:26:00,90.3
2025-06-12 15:27:00,58.3
2025-06-12 18:01:00,49.94205948042788
2025-06-12 19:46:00,58.2
2025-06-12 14:11:00,64.7
2025-06-12 20:54:00,71.4
2025-06-12 15:09:00,49.94205948042788
2025-06-12 08:48:00,13.5
2025-06-12 17:06:00,58.1
2025-06-12 14:46:00,59.4
2025-06-12 10:45:00,47.4
2025-06-12 14:34:00,50.9
2025-06-12 18:24:00,52.4
2025-06-12 00:08:00,13.0
2025-06-12 09:44:00,49.94205948042788
2025-06-12 10:26:00,49.94205948042788
2025-06-12 07:11:00,49.94205948042788
2025-06-12 16:58:00,49.94205948042788
2025-06-12 19:00:00,21.4
2025-06-12 07:30:00,24.0
2025-06-12 09:27:00,73.3
2025-06-12 04:42:00,30.5
2025-06-12 23:15:00,36.8
2025-06-12 15:48:00,53.7
2025-06-12 10:29:00,17.1
2025-06-12 01:57:00,53.8
2025-06-12 10:48:00,76.0
2025-06-12 00:29:00,49.94205948042788
2025-06-12 07:47:00,33.1
2025-06-12 04:38:00,78.4
2025-06-12 01:27:00,49.94205948042788
2025-06-12 16:45:00,71.6
2025-06-12 07:25:00,97.9
2025-06-12 01:32:00,49.94205948042788
2025-06-12 09:00:00,49.94205948042788
2025-06-12 11:18:00,65.1
2025-06-12 13:51:00,5.8
2025-06-12 14:45:00,34.0
2025-06-12 14:59:00,84.3
2025-06-12 15:31:00,38.0
2025-06-12 12:09:00,51.4
2025-06-12 14:21:00,4.1
2025-06-12 09:39:00,87.6
2025-06-12 18:46:00,14.3
2025-06-12 06:21:00,99.7
2025-06-12 22:55:00,73.4
2025-06-12 06:20:00,0.1
2025-06-12 18:34:00,50.024092836946274
2025-06-12 22:30:00,95.5
2025-06-12 15:52:00,32.7
2025-06-12 22:12:00,22.6
2025-06-12 15:46:00,9.4
2025-06-12 13:36:00,24.0
2025-06-12 17:10:00,81.8
2025-06-12 10:54:00,23.0
2025-06-12 02:30:00,3.8
2025-06-12 06:38:00,49.5
2025-06-12 18:25:00,33.0
2025-06-12 13:26:00,17.5
2025-06-12 01:07:00,50.024092836946274
2025-06-12 17:36:00,34.8
2025-06-12 00:14:00,49.1
2025-06-12 06:20:00,64.1
2025-06-12 13:12:00,19.5
2025-06-12 23:35:00,46.6
2025-06-12 20:55:00,13.7
2025-06-12 12:31:00,76.2
2025-06-12 07:13:00,7.0
2025-06-12 17:06:00,99.0
2025-06-12 10:46:00,60.9
2025-06-12 04:45:00,54.8
2025-06-12 12:36:00,96.5
2025-06-12 20:47:00,17.6
2025-06-12 15:56:00,86.7
2025-06-12 04:31:00,55.7
2025-06-12 08:42:00,14.2
2025-06-12 17:23:00,76.5
2025-06-12 12:36:00,42.4
2025-06-12 12:07:00,46.7
2025-06-12 20:53:00,88.3
2025-06-12 03:03:00,34.6
2025-06-12 22:08:00,10.8
2025-06-12 19:05:00,50.024092836946274
2025-06-12 13:20:00,90.1
2025-06-12 16:27:00,42.5
2025-06-12 12:58:00,50.024092836946274
2025-06-12 07:37:00,76.0
2025-06-12 08:31:00,0.2
2025-06-12 06:22:00,92.5
2025-06-12 05:28:00,75.2
2025-06-12 03:39:00,0.1
2025-06-12 18:07:00,37.4
2025-06-12 17:05:00,14.2
2025-06-12 04:17:00,48.7
2025-06-12 10:12:00,50.024092836946274
2025-06-12 19:15:00,5.2
2025-06-12 08:10:00,9.8
2025-06-12 11:41:00,3.0
2025-06-12 21:31:00,25.2
2025-06-12 03:31:00,50.024092836946274
2025-06-12 05:04:00,80.0
2025-06-12 21:06:00,9.5
2025-06-12 00:09:00,27.8
2025-06-12 15:15:00,62.7
2025-06-12 16:41:00,91.9
2025-06-12 14:13:00,50.024092836946274
2025-06-12 19:12:00,50.024092836946274
2025-06-12 20:06:00,31.9
2025-06-12 09:35:00,54.4
2025-06-12 10:18:00,27.5
2025-06-12 05:15:00,20.5
2025-06-12 01:59:00,64.2
2025-06-12 00:44:00,37.1
2025-06-12 08:55:00,88.7
2025-06-12 21:27:00,73.7
2025-06-12 06:57:00,66.2
2025-06-12 20:35:00,93.7
2025-06-12 11:39:00,81.1
2025-06-12 02:02:00,71.3
2025-06-12 10:50:00,75.4
2025-06-12 02:11:00,78.3
2025-06-12 01:57:00,8.8
2025-06-12 22:22:00,78.3
2025-06-12 19:02:00,31.7
2025-06-12 10:39:00,11.5
2025-06-12 00:47:00,53.9
2025-06-12 02:13:00,61.0
2025-06-12 14:45:00,2.8
2025-06-12 22:56:00,43.3
2025-06-12 21:48:00,88.7
2025-06-12 09:11:00,79.0
2025-06-12 02:43:00,82.2
2025-06-12 16:12:00,19.2
2025-06-12 02:32:00,79.1
2025-06-12 04:48:00,99.5
2025-06-12 18:00:00,24.4
2025-06-12 02:04:00,88.7
2025-06-12 10:12:00,45.7
2025-06-12 00:42:00,65.9
2025-06-12 14:38:00,18.3
2025-06-12 12:50:00,4.5
2025-06-12 21:29:00,2.6
2025-06-12 20:42:00,10.1
2025-06-12 17:48:00,20.2
2025-06-12 08:04:00,50.024092836946274
2025-06-12 01:06:00,50.024092836946274
2025-06-12 02:20:00,12.4
2025-06-12 09:57:00,50.024092836946274
2025-06-12 23:11:00,87.0
2025-06-12 15:01:00,50.024092836946274
2025-06-12 09:45:00,37.0
2025-06-12 06:39:00,68.3
2025-06-12 13:58:00,30.1
2025-06-12 06:38:00,49.7
2025-06-12 11:12:00,36.7
2025-06-12 17:21:00,34.9
2025-06-12 07:03:00,39.6
2025-06-12 06:35:00,50.024092836946274
2025-06-12 07:06:00,91.2
2025-06-12 02:08:00,1.5
2025-06-12 04:24:00,62.4
2025-06-12 21:13:00,59.8
2025-06-12 10:23:00,1.3
2025-06-12 10:36:00,99.7
2025-06-12 07:15:00,74.3
2025-06-12 17:59:00,50.024092836946274
2025-06-12 12:17:00,38.8
2025-06-12 12:27:00,85.0
2025-06-12 06:07:00,87.1
2025-06-12 12:18:00,95.3
2025-06-12 19:11:00,65.6
2025-06-12 13:31:00,14.1
2025-06-12 10:10:00,50.024092836946274
2025-06-12 20:42:00,50.024092836946274
2025-06-12 12:41:00,93.7
2025-06-12 09:22:00,50.024092836946274
2025-06-12 22:57:00,76.8
2025-06-12 10:29:00,38.9
2025-06-12 07:29:00,4.7
2025-06-12 10:56:00,87.7
2025-06-12 03:28:00,65.7
2025-06-12 07:08:00,95.6
2025-06-12 23:53:00,62.3
2025-06-12 14:56:00,50.024092836946274
2025-06-12 03:34:00,78.1
2025-06-12 01:58:00,50.024092836946274
2025-06-12 08:55:00,70.0
2025-06-12 17:43:00,49.3
2025-06-12 03:12:00,67.4
2025-06-12 15:40:00,16.3
2025-06-12 08:39:00,49.2
2025-06-12 14:30:00,30.5
2025-06-12 01:29:00,46.1
2025-06-12 02:29:00,46.9
2025-06-12 12:43:00,6.5
2025-06-12 02:52:00,94.9
2025-06-12 16:12:00,95.4
2025-06-12 22:40:00,82.8
2025-06-12 11:34:00,0.6
2025-06-12 01:24:00,50.024092836946274
2025-06-12 08:21:00,70.9
2025-06-12 07:57:00,5.8
2025-06-12 20:11:00,92.7
2025-06-12 01:20:00,50.024092836946274
2025-06-12 06:44:00,57.1
2025-06-12 21:05:00,82.5
2025-06-12 04:22:00,6.8
2025-06-12 08:27:00,44.2
2025-06-12 18:11:00,72.7
2025-06-12 03:45:00,53.8
2025-06-12 17:50:00,13.1
2025-06-12 14:02:00,4.0
2025-06-12 21:33:00,52.2
2025-06-12 10:54:00,44.7
2025-06-12 22:04:00,68.4
2025-06-12 16:22:00,50.024092836946274
2025-06-12 21:12:00,50.024092836946274
2025-06-12 19:41:00,31.0
2025-06-12 05:59:00,39.6
2025-06-12 02:01:00,27.4
2025-06-12 14:34:00,34.5
2025-06-12 14:30:00,25.6
2025-06-12 11:54:00,50.024092836946274
2025-06-12 07:19:00,4.2
2025-06-12 11:14:00,50.0
2025-06-12 21:36:00,58.2
2025-06-12 18:21:00,50.024092836946274
2025-06-12 19:15:00,53.2
2025-06-12 01:20:00,87.9
2025-06-12 11:26:00,51.6
2025-06-12 09:33:00,91.3
2025-06-12 09:11:00,26.3
2025-06-12 16:44:00,1.6
2025-06-12 12:22:00,9.1
2025-06-12 10:40:00,55.9
2025-06-12 16:21:00,74.3
2025-06-12 23:51:00,82.2
2025-06-12 17:33:00,66.6
2025-06-12 11:37:00,50.024092836946274
2025-06-12 08:33:00,6.9
2025-06-12 20:41:00,81.1
2025-06-12 10:20:00,19.5
2025-06-12 16:24:00,33.5
2025-06-12 15:51:00,50.024092836946274
2025-06-12 13:26:00,1.4
2025-06-12 09:46:00,89.6
2025-06-12 22:00:00,41.3
2025-06-12 20:08:00,38.4
2025-06-12 14:29:00,94.9
2025-06-12 13:00:00,43.8
2025-06-12 09:31:00,62.2
2025-06-12 13:04:00,19.8
2025-06-12 06:03:00,62.9
2025-06-12 23:28:00,54.9
2025-06-12 14:20:00,27.0
2025-06-12 08:10:00,78.9
2025-06-12 07:07:00,50.024092836946274
2025-06-12 04:08:00,50.0
2025-06-12 05:32:00,57.7
2025-06-12 17:33:00,33.1
2025-06-12 00:09:00,13.9
2025-06-12 05:52:00,60.1
2025-06-12 12:01:00,53.9
2025-06-12 17:13:00,50.024092836946274
2025-06-12 20:22:00,50.024092836946274
2025-06-12 05:02:00,50.024092836946274
2025-06-12 03:10:00,16.5
2025-06-12 17:53:00,20.7
2025-06-12 04:17:00,85.2
2025-06-12 04:07:00,47.5
2025-06-12 00:18:00,50.024092836946274
2025-06-12 21:41:00,34.1
2025-06-12 07:11:00,23.0
2025-06-12 23:31:00,19.5
2025-06-12 11:55:00,50.024092836946274
2025-06-12 10:53:00,2.2
2025-06-12 07:42:00,93.5
2025-06-12 04:10:00,80.3
2025-06-12 14:07:00,97.9
2025-06-12 10:20:00,81.2
2025-06-12 10:11:00,8.8
2025-06-12 22:48:00,58.5
2025-06-12 06:38:00,90.7
2025-06-12 17:16:00,27.1
2025-06-12 08:31:00,50.024092836946274
2025-06-12 15:33:00,51.7
2025-06-12 03:46:00,50.024092836946274
2025-06-12 09:27:00,50.024092836946274
2025-06-12 21:18:00,96.6
2025-06-12 16:42:00,50.024092836946274
2025-06-12 00:45:00,14.2
2025-06-12 07:11:00,90.9
2025-06-12 14:08:00,33.9
2025-06-12 13:54:00,77.5
2025-06-12 05:23:00,96.1
2025-06-12 16:28:00,50.024092836946274
2025-06-12 14:16:00,45.0
2025-06-12 05:49:00,50.024092836946274
2025-06-12 10:55:00,77.3
2025-06-12 09:33:00,0.2
2025-06-12 01:51:00,5.5
2025-06-12 07:24:00,98.2
2025-06-12 03:43:00,39.9
2025-06-12 11:59:00,11.5
2025-06-12 23:49:00,50.024092836946274
2025-06-12 22:42:00,90.0
2025-06-12 23:33:00,31.2
2025-06-12 03:41:00,94.6
2025-06-12 23:53:00,93.1
2025-06-12 09:16:00,29.5
2025-06-12 09:21:00,92.8
2025-06-12 23:49:00,85.1
2025-06-12 12:07:00,14.6
2025-06-12 07:18:00,45.4
2025-06-12 09:23:00,70.8
2025-06-12 16:34:00,50.024092836946274
2025-06-12 21:31:00,36.7
2025-06-12 02:59:00,55.2
2025-06-12 14:02:00,50.024092836946274
2025-06-12 10:49:00,84.4
2025-06-12 15:53:00,74.6
2025-06-12 18:44:00,93.4
2025-06-12 20:03:00,80.0
2025-06-12 00:26:00,68.0
2025-06-12 14:02:00,67.3
2025-06-12 20:55:00,75.9
2025-06-12 12:49:00,50.024092836946274
2025-06-12 09:27:00,98.5
2025-06-12 12:44:00,85.4
2025-06-12 09:51:00,45.2
2025-06-12 18:41:00,50.024092836946274
2025-06-12 10:11:00,99.8
2025-06-12 09:24:00,85.3
2025-06-12 04:56:00,62.5
2025-06-12 21:58:00,64.0
2025-06-12 03:27:00,12.5
2025-06-12 18:01:00,71.7
2025-06-12 20:52:00,41.6
2025-06-12 00:04:00,4.7
2025-06-12 03:37:00,7.8
2025-06-12 22:08:00,26.2
2025-06-12 12:58:00,37.4
2025-06-12 07:04:00,71.3
2025-06-12 06:59:00,60.2
2025-06-12 17:28:00,50.6
2025-06-12 03:36:00,11.5
2025-06-12 10:11:00,96.2
2025-06-12 08:20:00,8.5
2025-06-12 19:49:00,66.3
2025-06-12 03:19:00,72.9
2025-06-12 16:58:00,8.9
2025-06-12 14:09:00,14.3
2025-06-12 05:22:00,19.6
2025-06-12 15:56:00,51.8
2025-06-12 14:26:00,26.1
2025-06-12 10:19:00,22.9
2025-06-12 03:36:00,48.0
2025-06-12 12:20:00,3.9
2025-06-12 18:40:00,74.9
2025-06-12 15:43:00,39.4
2025-06-12 00:49:00,89.6
2025-06-12 12:32:00,95.6
2025-06-12 13:44:00,43.8
2025-06-12 18:04:00,50.024092836946274
2025-06-12 13:53:00,11.4
2025-06-12 01:41:00,15.2
2025-06-12 17:36:00,50.024092836946274
2025-06-12 08:03:00,15.7
2025-06-12 09:01:00,50.024092836946274
2025-06-12 23:55:00,65.7
2025-06-12 04:14:00,21.0
2025-06-12 03:14:00,95.8
2025-06-12 11:33:00,81.1
2025-06-12 13:10:00,68.9
2025-06-12 02:25:00,33.0
2025-06-12 22:48:00,63.1
2025-06-12 07:05:00,72.0
2025-06-12 05:34:00,36.9
2025-06-12 06:01:00,42.3
2025-06-12 13:57:00,9.1
2025-06-12 19:16:00,20.6
2025-06-12 06:19:00,92.9
2025-06-12 04:18:00,49.2
2025-06-12 13:28:00,95.5
2025-06-12 20:25:00,55.5
2025-06-12 05:07:00,35.0
2025-06-12 02:31:00,77.1
2025-06-12 14:12:00,8.3
2025-06-12 15:19:00,52.0
2025-06-12 04:18:00,42.3
2025-06-12 06:07:00,77.6
2025-06-12 11:50:00,49.54963144963145
2025-06-12 22:35:00,91.8
2025-06-12 10:05:00,80.1
2025-06-12 12:42:00,49.54963144963145
2025-06-12 21:59:00,31.2
2025-06-12 23:26:00,23.8
2025-06-12 13:15:00,81.8
2025-06-12 21:57:00,65.3
2025-06-12 21:15:00,79.8
2025-06-12 07:31:00,49.54963144963145
2025-06-12 10:59:00,79.4
2025-06-12 06:21:00,30.4
2025-06-12 00:15:00,16.2
2025-06-12 01:32:00,76.0
2025-06-12 23:34:00,46.0
2025-06-12 02:58:00,85.8
2025-06-12 07:00:00,13.4
2025-06-12 10:30:00,26.3
2025-06-12 01:55:00,78.2
2025-06-12 12:30:00,21.5
2025-06-12 05:47:00,49.54963144963145
2025-06-12 05:33:00,51.5
2025-06-12 02:56:00,45.2
2025-06-12 20:47:00,93.9
2025-06-12 22:19:00,96.5
2025-06-12 04:28:00,30.3
2025-06-12 07:32:00,81.5
2025-06-12 06:42:00,17.1
2025-06-12 23:33:00,49.54963144963145
2025-06-12 17:11:00,5.5
2025-06-12 10:45:00,41.5
2025-06-12 09:48:00,61.2
2025-06-12 19:23:00,25.5
2025-06-12 10:11:00,26.5
2025-06-12 11:14:00,69.7
2025-06-12 03:49:00,71.3
2025-06-12 11:27:00,32.8
2025-06-12 14:09:00,7.8
2025-06-12 03:13:00,41.9
2025-06-12 13:13:00,65.7
2025-06-12 17:50:00,9.5
2025-06-12 23:38:00,49.54963144963145
2025-06-12 11:07:00,61.7
2025-06-12 21:34:00,19.6
2025-06-12 01:38:00,24.7
2025-06-12 16:06:00,49.54963144963145
2025-06-12 14:25:00,17.4
2025-06-12 12:15:00,84.5
2025-06-12 21:05:00,17.3
2025-06-12 20:40:00,69.9
2025-06-12 09:41:00,66.0
2025-06-12 16:02:00,44.7
2025-06-12 08:04:00,7.9
2025-06-12 16:25:00,49.54963144963145
2025-06-12 11:59:00,84.9
2025-06-12 15:46:00,49.54963144963145
2025-06-12 01:04:00,60.4
2025-06-12 05:05:00,3.0
2025-06-12 07:24:00,43.3
2025-06-12 16:54:00,13.7
2025-06-12 12:53:00,60.7
2025-06-12 15:02:00,34.5
2025-06-12 01:23:00,27.7
2025-06-12 01:49:00,91.9
2025-06-12 05:18:00,59.6
2025-06-12 16:44:00,20.6
2025-06-12 13:46:00,49.54963144963145
2025-06-12 06:50:00,40.1
2025-06-12 10:23:00,18.3
2025-06-12 05:11:00,11.9
2025-06-12 23:26:00,39.8
2025-06-12 13:54:00,19.4
2025-06-12 07:49:00,22.2
2025-06-12 09:43:00,19.9
2025-06-12 00:15:00,81.2
2025-06-12 10:58:00,37.2
2025-06-12 12:10:00,18.3
2025-06-12 09:06:00,16.6
2025-06-12 23:55:00,84.9
2025-06-12 15:09:00,49.4
2025-06-12 11:44:00,54.0
2025-06-12 11:44:00,79.0
2025-06-12 12:34:00,35.0
2025-06-12 03:25:00,34.6
2025-06-12 14:35:00,98.6
2025-06-12 06:42:00,63.1
2025-06-12 11:01:00,83.8
2025-06-12 15:13:00,49.54963144963145
2025-06-12 16:22:00,1.4
2025-06-12 23:13:00,71.2
2025-06-12 11:08:00,53.7
2025-06-12 16:08:00,49.54963144963145
2025-06-12 03:15:00,47.3
2025-06-12 05:52:00,49.54963144963145
2025-06-12 19:18:00,22.9
2025-06-12 10:27:00,49.5
2025-06-12 11:01:00,49.3
2025-06-12 15:31:00,98.0
2025-06-12 22:03:00,26.8
2025-06-12 05:17:00,40.6
2025-06-12 10:30:00,56.1
2025-06-12 03:39:00,50.6
2025-06-12 11:02:00,74.1
2025-06-12 12:09:00,32.2
2025-06-12 00:27:00,60.5
2025-06-12 20:36:00,73.8
2025-06-12 14:33:00,96.9
2025-06-12 04:25:00,27.1
2025-06-12 19:03:00,49.54963144963145
2025-06-12 22:54:00,50.1
2025-06-12 12:58:00,49.0
2025-06-12 14:22:00,29.5
2025-06-12 02:12:00,49.54963144963145
2025-06-12 02:32:00,60.5
2025-06-12 05:00:00,16.2
2025-06-12 23:40:00,19.1
2025-06-12 05:46:00,95.4
2025-06-12 02:09:00,56.4
2025-06-12 23:35:00,66.7
2025-06-12 20:12:00,44.1
2025-06-12 06:14:00,1.3
2025-06-12 09:01:00,52.1
2025-06-12 09:16:00,50.6
2025-06-12 02:05:00,49.54963144963145
2025-06-12 06:51:00,64.0
2025-06-12 14:57:00,49.54963144963145
2025-06-12 14:30:00,72.1
2025-06-12 18:49:00,73.4
2025-06-12 05:09:00,7.6
2025-06-12 02:35:00,49.54963144963145
2025-06-12 08:46:00,95.5
2025-06-12 01:35:00,87.9
2025-06-12 16:28:00,77.9
2025-06-12 04:08:00,49.54963144963145
2025-06-12 05:40:00,15.1
2025-06-12 15:20:00,79.0
2025-06-12 07:38:00,6.6
2025-06-12 06:15:00,36.5
2025-06-12 04:11:00,67.7
2025-06-12 20:55:00,94.5
2025-06-12 15:43:00,39.9
2025-06-12 23:07:00,49.54963144963145
2025-06-12 02:21:00,82.2
2025-06-12 18:59:00,83.8
2025-06-12 13:53:00,1.7
2025-06-12 20:42:00,49.3
2025-06-12 02:37:00,93.7
2025-06-12 10:58:00,95.2
2025-06-12 13:02:00,85.6
2025-06-12 16:22:00,36.6
2025-06-12 15:23:00,39.2
2025-06-12 18:15:00,93.2
2025-06-12 01:15:00,71.5
2025-06-12 01:57:00,42.5
2025-06-12 23:44:00,49.54963144963145
2025-06-12 13:08:00,41.3
2025-06-12 00:09:00,77.6
2025-06-12 11:39:00,94.7
2025-06-12 14:32:00,49.54963144963145
2025-06-12 14:16:00,49.54963144963145
2025-06-12 17:24:00,0.0
2025-06-12 14:28:00,83.2
2025-06-12 12:38:00,49.54963144963145
2025-06-12 11:20:00,91.6
2025-06-12 18:07:00,72.8
2025-06-12 19:39:00,39.7
2025-06-12 16:34:00,70.5
2025-06-12 11:31:00,97.9
2025-06-12 11:28:00,47.1
2025-06-12 23:40:00,4.4
2025-06-12 04:09:00,70.0
2025-06-12 11:30:00,7.6
2025-06-12 22:51:00,43.8
2025-06-12 19:43:00,50.7
2025-06-12 10:14:00,59.6
2025-06-12 15:26:00,64.6
2025-06-12 01:53:00,49.54963144963145
2025-06-12 02:11:00,68.2
2025-06-12 00:18:00,2.5
2025-06-12 06:41:00,33.5
2025-06-12 06:48:00,0.5
2025-06-12 09:16:00,95.5
2025-06-12 10:04:00,65.0
2025-06-12 22:06:00,28.1
2025-06-12 14:30:00,49.54963144963145
2025-06-12 18:25:00,49.54963144963145
2025-06-12 21:09:00,16.5
2025-06-12 04:22:00,0.5
2025-06-12 13:15:00,68.5
2025-06-12 07:35:00,12.1
2025-06-12 00:11:00,47.0
2025-06-12 02:04:00,3.3
2025-06-12 09:21:00,77.3
2025-06-12 06:24:00,82.1
2025-06-12 20:41:00,32.8
2025-06-12 07:27:00,20.0
2025-06-12 14:01:00,26.6
2025-06-12 23:00:00,29.2
2025-06-12 15:33:00,5.7
2025-06-12 08:10:00,36.3
2025-06-12 22:11:00,12.9
2025-06-12 07:09:00,24.2
2025-06-12 10:04:00,31.1
2025-06-12 00:53:00,49.54963144963145
2025-06-12 13:43:00,16.7
2025-06-12 23:49:00,78.8
2025-06-12 09:32:00,76.6
2025-06-12 18:29:00,49.54963144963145
2025-06-12 11:48:00,49.54963144963145
2025-06-12 11:22:00,37.0
2025-06-12 02:45:00,90.7
2025-06-12 00:50:00,27.3
2025-06-12 05:36:00,18.2
2025-06-12 05:10:00,99.0
2025-06-12 06:39:00,33.8
2025-06-12 22:23:00,19.4
2025-06-12 00:29:00,68.8
2025-06-12 21:42:00,95.8
2025-06-12 11:00:00,44.2
2025-06-12 17:16:00,8.6
2025-06-12 13:04:00,34.6
2025-06-12 00:13:00,54.2
2025-06-12 18:18:00,75.7
2025-06-12 08:37:00,37.3
2025-06-12 01:48:00,45.9
2025-06-12 23:56:00,93.4
2025-06-12 14:48:00,71.8
2025-06-12 02:52:00,2.5
2025-06-12 06:29:00,49.54963144963145
2025-06-12 08:08:00,49.54963144963145
2025-06-12 06:32:00,99.0
2025-06-12 12:59:00,49.54963144963145
2025-06-12 16:21:00,37.8
2025-06-12 05:13:00,23.7
2025-06-12 13:52:00,49.54963144963145
2025-06-12 10:36:00,49.54963144963145
2025-06-12 14:00:00,43.9
2025-06-12 16:14:00,74.5
2025-06-12 19:39:00,49.54963144963145
2025-06-12 17:41:00,97.1
2025-06-12 16:48:00,32.5
2025-06-12 19:31:00,27.6
2025-06-12 02:02:00,24.5
2025-06-12 23:17:00,46.8
2025-06-12 03:14:00,43.1
2025-06-12 15:20:00,45.8
2025-06-12 10:43:00,52.1
2025-06-12 06:25:00,68.5
2025-06-12 11:50:00,90.5
2025-06-12 09:58:00,64.1
2025-06-12 14:09:00,65.7
2025-06-12 17:10:00,35.5
2025-06-12 20:23:00,80.2
2025-06-12 19:34:00,49.54963144963145
2025-06-12 05:17:00,81.6
2025-06-12 10:34:00,92.8
2025-06-12 00:16:00,92.0
2025-06-12 19:47:00,33.5
2025-06-12 11:16:00,87.9
2025-06-12 21:01:00,49.54963144963145
2025-06-12 22:11:00,49.54963144963145
2025-06-12 05:35:00,31.0
2025-06-12 01:23:00,11.9
2025-06-12 20:28:00,19.5
2025-06-12 21:08:00,12.3
2025-06-12 15:27:00,1.0
2025-06-12 09:31:00,51.1
2025-06-12 23:37:00,84.0
2025-06-12 14:37:00,30.7
2025-06-12 03:14:00,82.4
2025-06-12 11:12:00,92.2
2025-06-12 11:55:00,12.2
2025-06-12 06:59:00,73.9
2025-06-12 11:58:00,30.4
2025-06-12 05:13:00,30.2
2025-06-12 00:02:00,13.0
2025-06-12 03:35:00,70.4
2025-06-12 12:46:00,42.3
2025-06-12 13:22:00,12.0
2025-06-12 04:59:00,5.6
2025-06-12 18:28:00,55.4
2025-06-12 14:31:00,49.54963144963145
2025-06-12 08:14:00,10.1
2025-06-12 22:07:00,96.4
2025-06-12 08:19:00,57.0
2025-06-12 00:43:00,65.4
2025-06-12 23:50:00,70.2
2025-06-12 22:22:00,51.2
2025-06-12 01:39:00,49.54963144963145
2025-06-12 01:26:00,20.6
2025-06-12 08:30:00,89.5
2025-06-12 11:35:00,55.2
2025-06-12 21:48:00,46.9
2025-06-12 10:23:00,3.0
2025-06-12 01:39:00,82.1
2025-06-12 15:46:00,90.8
2025-06-12 10:38:00,69.7
2025-06-12 19:50:00,73.1
2025-06-12 16:35:00,29.8
2025-06-12 07:03:00,48.1
2025-06-12 04:27:00,52.0
2025-06-12 11:39:00,42.0
2025-06-12 12:49:00,24.0
2025-06-12 15:06:00,39.2
2025-06-12 04:52:00,27.1
2025-06-12 11:25:00,19.0
2025-06-12 10:00:00,83.5
2025-06-12 07:48:00,100.0
2025-06-12 06:43:00,49.54963144963145
2025-06-12 00:39:00,18.5
2025-06-12 13:22:00,29.7
2025-06-12 18:07:00,39.7
2025-06-12 23:31:00,49.7
2025-06-12 01:28:00,39.1
2025-06-12 01:15:00,10.3
2025-06-12 10:23:00,63.9
2025-06-12 15:19:00,49.54963144963145
2025-06-12 03:02:00,49.54963144963145
2025-06-12 05:08:00,6.8
2025-06-12 13:34:00,51.3
2025-06-12 03:58:00,49.54963144963145
2025-06-12 21:53:00,24.0
2025-06-12 10:29:00,51.9
2025-06-12 13:14:00,72.0
2025-06-12 04:24:00,12.9
2025-06-12 01:27:00,49.54963144963145
2025-06-12 17:08:00,49.54963144963145
2025-06-12 12:00:00,39.7
2025-06-12 11:22:00,3.4
2025-06-12 02:13:00,97.1
2025-06-12 00:41:00,49.54963144963145
2025-06-12 21:10:00,44.0
2025-06-12 12:42:00,90.0
2025-06-12 01:40:00,86.6
2025-06-12 04:32:00,54.3
2025-06-12 21:43:00,60.2
2025-06-12 14:37:00,91.0
2025-06-12 05:01:00,77.3
2025-06-12 22:05:00,59.8
2025-06-12 19:39:00,35.9
2025-06-12 23:58:00,79.2
2025-06-12 21:19:00,80.7
2025-06-12 07:17:00,50.9
2025-06-12 19:58:00,30.4
2025-06-12 04:45:00,88.0
2025-06-12 01:14:00,18.2
2025-06-12 20:42:00,10.9
2025-06-12 16:07:00,98.7
2025-06-12 16:30:00,49.54963144963145
2025-06-12 23:58:00,14.9
2025-06-12 04:06:00,51.4
2025-06-12 05:37:00,77.4
2025-06-12 05:11:00,17.5
2025-06-12 21:35:00,85.2
2025-06-12 21:33:00,92.5
2025-06-12 20:11:00,24.0
2025-06-12 05:54:00,72.9
2025-06-12 11:46:00,91.7
2025-06-12 05:06:00,29.4
2025-06-12 07:48:00,61.9
2025-06-12 19:42:00,49.560128956623686
2025-06-12 21:04:00,46.8
2025-06-12 02:15:00,36.5
2025-06-12 01:07:00,49.560128956623686
2025-06-12 07:55:00,92.3
2025-06-12 15:48:00,68.9
2025-06-12 12:22:00,22.8
2025-06-12 14:53:00,49.560128956623686
2025-06-12 21:40:00,75.3
2025-06-12 03:53:00,12.1
2025-06-12 13:05:00,49.560128956623686
2025-06-12 13:53:00,4.3
2025-06-12 21:34:00,33.6
2025-06-12 01:25:00,8.9
2025-06-12 23:32:00,20.5
2025-06-12 17:41:00,66.7
2025-06-12 20:19:00,51.3
2025-06-12 12:17:00,35.4
2025-06-12 22:11:00,21.7
2025-06-12 15:45:00,49.560128956623686
2025-06-12 04:41:00,36.8
2025-06-12 19:50:00,49.560128956623686
2025-06-12 15:53:00,49.560128956623686
2025-06-12 17:26:00,26.2
2025-06-12 16:35:00,22.5
2025-06-12 07:45:00,44.0
2025-06-12 17:04:00,23.3
2025-06-12 04:05:00,49.560128956623686
2025-06-12 22:58:00,64.9
2025-06-12 05:24:00,43.1
2025-06-12 04:58:00,17.9
2025-06-12 12:41:00,53.6
2025-06-12 21:32:00,58.4
2025-06-12 22:08:00,49.560128956623686
2025-06-12 02:39:00,16.3
2025-06-12 05:08:00,49.560128956623686
2025-06-12 16:23:00,47.7
2025-06-12 16:42:00,44.4
2025-06-12 21:38:00,9.9
2025-06-12 11:33:00,20.8
2025-06-12 11:19:00,72.9
2025-06-12 16:45:00,39.2
2025-06-12 11:05:00,12.9
2025-06-12 11:12:00,95.0
2025-06-12 07:59:00,4.7
2025-06-12 15:57:00,70.6
2025-06-12 22:00:00,13.4
2025-06-12 02:50:00,56.0
2025-06-12 18:12:00,35.3
2025-06-12 15:00:00,40.3
2025-06-12 11:20:00,0.7
2025-06-12 15:17:00,9.3
2025-06-12 15:53:00,96.1
2025-06-12 21:29:00,8.6
2025-06-12 02:00:00,8.3
2025-06-12 22:41:00,51.1
2025-06-12 12:48:00,84.9
2025-06-12 14:44:00,38.1
2025-06-12 16:44:00,26.0
2025-06-12 05:17:00,62.6
2025-06-12 02:54:00,49.560128956623686
2025-06-12 11:26:00,13.9
2025-06-12 01:09:00,6.4
2025-06-12 22:20:00,49.560128956623686
2025-06-12 01:22:00,12.2
2025-06-12 08:47:00,8.4
2025-06-12 01:32:00,10.2
2025-06-12 12:25:00,49.560128956623686
2025-06-12 04:45:00,49.560128956623686
2025-06-12 09:03:00,49.560128956623686
2025-06-12 04:05:00,36.8
2025-06-12 00:57:00,94.5
2025-06-12 17:28:00,49.560128956623686
2025-06-12 18:35:00,70.4
2025-06-12 10:54:00,63.6
2025-06-12 07:33:00,41.9
2025-06-12 17:04:00,15.6
2025-06-12 01:58:00,2.7
2025-06-12 19:55:00,2.1
2025-06-12 10:21:00,97.5
2025-06-12 14:05:00,43.1
2025-06-12 18:57:00,35.7
2025-06-12 00:38:00,68.2
2025-06-12 05:20:00,53.4
2025-06-12 14:00:00,52.4
2025-06-12 05:49:00,20.8
2025-06-12 11:36:00,76.4
2025-06-12 07:11:00,17.7
2025-06-12 08:15:00,16.0
2025-06-12 21:15:00,88.0
2025-06-12 14:08:00,35.2
2025-06-12 02:33:00,49.560128956623686
2025-06-12 15:43:00,9.0
2025-06-12 22:45:00,82.0
2025-06-12 14:43:00,25.0
2025-06-12 06:04:00,76.4
2025-06-12 17:50:00,44.1
2025-06-12 15:07:00,7.2
2025-06-12 19:09:00,23.8
2025-06-12 13:03:00,97.3
2025-06-12 02:03:00,18.0
2025-06-12 12:56:00,33.1
2025-06-12 12:52:00,62.3
2025-06-12 09:35:00,80.3
2025-06-12 07:17:00,49.560128956623686
2025-06-12 23:41:00,75.0
2025-06-12 15:06:00,42.6
2025-06-12 12:13:00,23.1
2025-06-12 20:40:00,41.2
2025-06-12 01:30:00,11.7
2025-06-12 07:11:00,47.2
2025-06-12 15:34:00,87.9
2025-06-12 23:33:00,34.3
2025-06-12 22:45:00,85.6
2025-06-12 23:32:00,49.560128956623686
2025-06-12 05:36:00,77.6
2025-06-12 07:24:00,99.0
2025-06-12 17:32:00,3.8
2025-06-12 14:58:00,49.560128956623686
2025-06-12 16:06:00,29.3
2025-06-12 02:09:00,62.4
2025-06-12 07:25:00,40.4
2025-06-12 04:14:00,26.2
2025-06-12 13:01:00,39.6
2025-06-12 11:13:00,49.560128956623686
2025-06-12 12:32:00,35.2
2025-06-12 04:12:00,34.7
2025-06-12 14:41:00,49.560128956623686
2025-06-12 21:25:00,4.9
2025-06-12 20:49:00,53.6
2025-06-12 21:50:00,61.7
2025-06-12 22:42:00,94.5
2025-06-12 00:40:00,50.8
2025-06-12 17:41:00,49.560128956623686
2025-06-12 00:51:00,49.560128956623686
2025-06-12 23:41:00,40.9
2025-06-12 18:29:00,42.7
2025-06-12 01:50:00,1.8
2025-06-12 07:30:00,47.3
2025-06-12 21:02:00,29.7
2025-06-12 02:18:00,65.6
2025-06-12 09:44:00,49.560128956623686
2025-06-12 09:52:00,43.4
2025-06-12 06:57:00,14.6
2025-06-12 19:54:00,61.2
2025-06-12 06:06:00,49.560128956623686
2025-06-12 22:24:00,1.4
2025-06-12 11:02:00,54.0
2025-06-12 19:53:00,85.9
2025-06-12 15:27:00,64.7
2025-06-12 05:59:00,54.6
2025-06-12 21:34:00,49.560128956623686
2025-06-12 15:03:00,86.7
2025-06-12 21:46:00,84.8
2025-06-12 04:59:00,86.3
2025-06-12 07:04:00,78.1
2025-06-12 14:22:00,44.0
2025-06-12 14:45:00,2.4
2025-06-12 02:13:00,87.0
2025-06-12 12:18:00,20.1
2025-06-12 03:31:00,33.1
2025-06-12 05:40:00,67.1
2025-06-12 21:25:00,4.2
2025-06-12 22:24:00,79.0
2025-06-12 03:59:00,17.5
2025-06-12 12:58:00,77.6
2025-06-12 19:09:00,4.4
2025-06-12 23:40:00,94.3
2025-06-12 06:20:00,37.4
2025-06-12 20:16:00,9.6
2025-06-12 03:29:00,7.9
2025-06-12 15:50:00,36.3
2025-06-12 16:48:00,59.1
2025-06-12 21:18:00,8.0
2025-06-12 08:05:00,66.2
2025-06-12 03:54:00,3.2
2025-06-12 12:44:00,49.560128956623686
2025-06-12 08:09:00,49.560128956623686
2025-06-12 20:42:00,86.9
2025-06-12 03:28:00,34.0
2025-06-12 08:42:00,60.4
2025-06-12 05:49:00,67.7
2025-06-12 22:30:00,79.4
2025-06-12 13:49:00,65.9
2025-06-12 23:50:00,40.0
2025-06-12 00:28:00,53.8
2025-06-12 14:34:00,65.4
2025-06-12 11:43:00,22.4
2025-06-12 12:24:00,49.560128956623686
2025-06-12 17:33:00,96.7
2025-06-12 20:32:00,60.0
2025-06-12 13:43:00,31.7
2025-06-12 05:16:00,49.560128956623686
2025-06-12 00:24:00,49.560128956623686
2025-06-12 06:38:00,49.0
2025-06-12 08:09:00,91.7
2025-06-12 05:58:00,22.9
2025-06-12 17:49:00,24.0
2025-06-12 19:42:00,26.3
2025-06-12 21:47:00,32.2
2025-06-12 07:25:00,72.8
2025-06-12 12:53:00,30.5
2025-06-12 14:04:00,49.560128956623686
2025-06-12 00:31:00,46.5
2025-06-12 20:51:00,67.4
2025-06-12 00:41:00,81.8
2025-06-12 17:58:00,97.1
2025-06-12 14:42:00,9.7
2025-06-12 10:42:00,73.8
2025-06-12 16:07:00,32.6
2025-06-12 22:14:00,40.6
2025-06-12 19:44:00,14.8
2025-06-12 13:02:00,80.2
2025-06-12 01:19:00,11.2
2025-06-12 07:12:00,44.6
2025-06-12 00:00:00,3.0
2025-06-12 19:28:00,92.2
2025-06-12 02:01:00,9.5
2025-06-12 09:46:00,17.3
2025-06-12 00:20:00,49.560128956623686
2025-06-12 08:30:00,39.2
2025-06-12 09:15:00,66.8
2025-06-12 09:21:00,21.7
2025-06-12 21:24:00,49.560128956623686
2025-06-12 21:49:00,84.0
2025-06-12 17:24:00,34.4
2025-06-12 09:38:00,46.5
2025-06-12 21:30:00,24.0
2025-06-12 19:57:00,42.7
2025-06-12 20:51:00,49.560128956623686
2025-06-12 03:54:00,2.5
2025-06-12 10:50:00,49.560128956623686
2025-06-12 14:51:00,85.5
2025-06-12 13:08:00,31.9
2025-06-12 08:13:00,99.5
2025-06-12 15:52:00,85.5
2025-06-12 17:08:00,77.9
2025-06-12 09:13:00,22.7
2025-06-12 20:17:00,0.1
2025-06-12 13:17:00,80.7
2025-06-12 13:10:00,35.3
2025-06-12 23:30:00,9.0
2025-06-12 14:21:00,6.1
2025-06-12 06:41:00,4.3
2025-06-12 14:56:00,28.6
2025-06-12 01:03:00,96.9
2025-06-12 21:15:00,25.6
2025-06-12 21:29:00,49.560128956623686
2025-06-12 10:51:00,25.3
2025-06-12 16:25:00,69.4
2025-06-12 15:10:00,95.1
2025-06-12 22:10:00,49.2
2025-06-12 13:44:00,87.9
2025-06-12 10:26:00,58.1
2025-06-12 11:24:00,24.2
2025-06-12 11:55:00,93.3
2025-06-12 10:13:00,1.7
2025-06-12 00:36:00,2.9
2025-06-12 20:28:00,92.2
2025-06-12 17:41:00,19.9
2025-06-12 17:09:00,49.560128956623686
2025-06-12 08:26:00,24.1
2025-06-12 23:54:00,19.3
2025-06-12 23:11:00,22.1
2025-06-12 13:27:00,49.560128956623686
2025-06-12 15:01:00,50.2
2025-06-12 09:10:00,82.0
2025-06-12 03:21:00,44.0
2025-06-12 14:34:00,45.0
2025-06-12 05:43:00,18.3
2025-06-12 20:53:00,25.0
2025-06-12 01:43:00,64.1
2025-06-12 19:31:00,12.6
2025-06-12 21:38:00,49.560128956623686
2025-06-12 18:01:00,66.6
2025-06-12 00:53:00,53.3
2025-06-12 23:36:00,98.5
2025-06-12 13:41:00,40.2
2025-06-12 00:12:00,91.3
2025-06-12 15:29:00,76.7
2025-06-12 16:58:00,63.7
2025-06-12 08:22:00,49.560128956623686
2025-06-12 04:18:00,60.1
2025-06-12 09:05:00,49.9
2025-06-12 22:25:00,83.0
2025-06-12 20:39:00,35.7
2025-06-12 11:58:00,49.560128956623686
2025-06-12 23:43:00,46.2
2025-06-12 05:00:00,12.2
2025-06-12 22:35:00,23.0
2025-06-12 18:13:00,90.0
2025-06-12 04:22:00,31.9
2025-06-12 04:34:00,4.2
2025-06-12 05:46:00,58.9
2025-06-12 18:34:00,91.3
2025-06-12 03:20:00,59.3
2025-06-12 01:47:00,44.0
2025-06-12 03:42:00,56.9
2025-06-12 01:46:00,49.560128956623686
2025-06-12 21:31:00,36.9
2025-06-12 01:28:00,49.560128956623686
2025-06-12 04:37:00,20.8
2025-06-12 00:34:00,64.8
2025-06-12 16:55:00,88.8
2025-06-12 17:24:00,64.7
2025-06-12 13:46:00,4.8
2025-06-12 22:31:00,94.0
2025-06-12 07:14:00,29.2
2025-06-12 07:43:00,4.5
2025-06-12 02:26:00,14.8
2025-06-12 06:03:00,67.6
2025-06-12 11:07:00,75.3
2025-06-12 22:13:00,19.7
2025-06-12 08:17:00,83.3
2025-06-12 00:23:00,72.7
2025-06-12 02:53:00,41.7
2025-06-12 07:28:00,80.3
2025-06-12 06:28:00,7.4
2025-06-12 16:50:00,3.8
2025-06-12 02:58:00,50.10277843742579
2025-06-12 06:03:00,20.7
2025-06-12 13:07:00,8.4
2025-06-12 14:23:00,90.4
2025-06-12 23:50:00,51.4
2025-06-12 08:19:00,80.3
2025-06-12 09:34:00,30.5
2025-06-12 19:34:00,83.5
2025-06-12 23:00:00,50.10277843742579
2025-06-12 06:55:00,81.2
2025-06-12 06:31:00,74.7
2025-06-12 19:30:00,39.0
2025-06-12 15:44:00,48.7
2025-06-12 18:44:00,72.0
2025-06-12 04:51:00,41.8
2025-06-12 11:06:00,42.1
2025-06-12 00:37:00,14.1
2025-06-12 00:30:00,96.8
2025-06-12 04:42:00,79.8
2025-06-12 00:52:00,23.0
2025-06-12 16:30:00,24.0
2025-06-12 10:49:00,93.1
2025-06-12 08:49:00,55.1
2025-06-12 02:50:00,20.2
2025-06-12 18:32:00,50.10277843742579
2025-06-12 23:59:00,98.7
2025-06-12 11:02:00,68.2
2025-06-12 09:12:00,80.9
2025-06-12 05:40:00,63.6
2025-06-12 17:43:00,50.10277843742579
2025-06-12 10:35:00,7.9
2025-06-12 02:14:00,29.5
2025-06-12 10:20:00,22.7
2025-06-12 21:42:00,48.4
2025-06-12 00:47:00,71.3
2025-06-12 09:00:00,73.2
2025-06-12 14:08:00,34.5
2025-06-12 06:12:00,96.6
2025-06-12 22:18:00,94.8
2025-06-12 06:52:00,4.0
2025-06-12 06:43:00,50.10277843742579
2025-06-12 15:57:00,97.4
2025-06-12 19:35:00,83.8
2025-06-12 04:46:00,50.10277843742579
2025-06-12 23:34:00,86.4
2025-06-12 23:33:00,49.3
2025-06-12 11:18:00,59.2
2025-06-12 03:44:00,10.8
2025-06-12 03:53:00,5.2
2025-06-12 14:22:00,24.1
2025-06-12 17:22:00,79.0
2025-06-12 08:54:00,29.6
2025-06-12 15:04:00,18.7
2025-06-12 17:28:00,83.4
2025-06-12 10:11:00,2.2
2025-06-12 11:39:00,50.10277843742579
2025-06-12 18:09:00,33.4
2025-06-12 07:19:00,39.9
2025-06-12 04:06:00,33.1
2025-06-12 15:14:00,43.1
2025-06-12 01:30:00,16.1
2025-06-12 18:37:00,40.1
2025-06-12 16:11:00,50.10277843742579
2025-06-12 22:55:00,98.5
2025-06-12 05:03:00,84.5
2025-06-12 12:23:00,87.0
2025-06-12 20:07:00,16.1
2025-06-12 15:00:00,82.8
2025-06-12 04:54:00,50.10277843742579
2025-06-12 14:14:00,99.6
2025-06-12 04:46:00,26.4
2025-06-12 06:12:00,32.6
2025-06-12 03:22:00,46.1
2025-06-12 23:05:00,90.0
2025-06-12 19:08:00,56.7
2025-06-12 17:54:00,50.10277843742579
2025-06-12 22:16:00,50.10277843742579
2025-06-12 04:18:00,50.10277843742579
2025-06-12 15:27:00,50.10277843742579
2025-06-12 10:07:00,20.1
2025-06-12 06:03:00,66.3
2025-06-12 16:05:00,32.0
2025-06-12 18:39:00,8.6
2025-06-12 07:03:00,23.2
2025-06-12 03:49:00,15.4
2025-06-12 16:38:00,81.3
2025-06-12 12:49:00,36.2
2025-06-12 13:37:00,66.0
2025-06-12 14:51:00,18.6
2025-06-12 05:09:00,50.10277843742579
2025-06-12 04:36:00,50.10277843742579
2025-06-12 14:57:00,35.4
2025-06-12 19:38:00,50.10277843742579
2025-06-12 16:52:00,96.2
2025-06-12 08:52:00,80.8
2025-06-12 01:57:00,15.7
2025-06-12 12:06:00,78.5
2025-06-12 10:45:00,61.1
2025-06-12 09:18:00,36.9
2025-06-12 20:07:00,50.10277843742579
2025-06-12 02:47:00,65.1
2025-06-12 02:04:00,15.9
2025-06-12 01:24:00,34.7
2025-06-12 10:41:00,95.4
2025-06-12 04:41:00,7.6
2025-06-12 13:17:00,27.2
2025-06-12 03:55:00,50.10277843742579
2025-06-12 14:29:00,53.2
2025-06-12 05:16:00,42.5
2025-06-12 21:16:00,75.7
2025-06-12 09:49:00,83.4
2025-06-12 05:58:00,69.6
2025-06-12 10:22:00,42.8
2025-06-12 05:04:00,10.6
2025-06-12 14:59:00,86.2
2025-06-12 09:33:00,51.5
2025-06-12 22:59:00,39.7
2025-06-12 01:08:00,0.8
2025-06-12 07:48:00,4.5
2025-06-12 00:18:00,26.7
2025-06-12 22:31:00,31.3
2025-06-12 17:02:00,74.9
2025-06-12 07:06:00,45.5
2025-06-12 23:34:00,50.10277843742579
2025-06-12 00:16:00,50.10277843742579
2025-06-12 22:12:00,50.10277843742579
2025-06-12 18:55:00,50.10277843742579
2025-06-12 07:25:00,43.4
2025-06-12 14:07:00,84.5
2025-06-12 18:44:00,90.2
2025-06-12 02:09:00,97.9
2025-06-12 03:26:00,4.0
2025-06-12 10:37:00,86.7
2025-06-12 11:47:00,89.0
2025-06-12 21:50:00,95.5
2025-06-12 20:46:00,89.4
2025-06-12 11:12:00,4.8
2025-06-12 13:25:00,88.6
2025-06-12 14:21:00,50.10277843742579
2025-06-12 18:17:00,68.2
2025-06-12 02:36:00,50.10277843742579
2025-06-12 17:23:00,7.0
2025-06-12 16:09:00,71.0
2025-06-12 16:27:00,28.1
2025-06-12 12:07:00,15.9
2025-06-12 20:21:00,43.0
2025-06-12 19:58:00,64.5
2025-06-12 04:10:00,15.1
2025-06-12 01:09:00,45.2
2025-06-12 14:56:00,50.10277843742579
2025-06-12 18:46:00,50.10277843742579
2025-06-12 03:27:00,99.5
2025-06-12 05:48:00,12.9
2025-06-12 09:41:00,65.9
2025-06-12 11:12:00,3.5
2025-06-12 22:14:00,50.10277843742579
2025-06-12 07:31:00,49.5
2025-06-12 06:49:00,58.4
2025-06-12 04:36:00,55.2
2025-06-12 07:37:00,97.7
2025-06-12 06:59:00,70.7
2025-06-12 16:53:00,50.10277843742579
2025-06-12 04:59:00,13.9
2025-06-12 13:36:00,86.0
2025-06-12 21:27:00,50.10277843742579
2025-06-12 15:08:00,27.3
2025-06-12 05:54:00,50.10277843742579
2025-06-12 15:04:00,59.0
2025-06-12 05:58:00,27.8
2025-06-12 09:00:00,24.8
2025-06-12 08:07:00,26.4
2025-06-12 09:10:00,35.4
2025-06-12 00:01:00,50.10277843742579
2025-06-12 19:35:00,24.7
2025-06-12 21:20:00,10.6
2025-06-12 00:30:00,50.9
2025-06-12 20:56:00,43.3
2025-06-12 13:58:00,18.9
2025-06-12 16:01:00,50.10277843742579
2025-06-12 12:01:00,88.2
2025-06-12 09:15:00,75.7
2025-06-12 03:35:00,50.10277843742579
2025-06-12 03:33:00,97.5
2025-06-12 10:43:00,10.9
2025-06-12 13:33:00,49.7
2025-06-12 23:01:00,16.7
2025-06-12 12:15:00,13.4
2025-06-12 04:35:00,30.0
2025-06-12 07:11:00,35.4
2025-06-12 21:10:00,10.5
2025-06-12 19:00:00,60.4
2025-06-12 22:18:00,50.10277843742579
2025-06-12 14:26:00,50.10277843742579
2025-06-12 14:42:00,50.10277843742579
2025-06-12 12:37:00,48.3
2025-06-12 15:30:00,19.3
2025-06-12 12:36:00,26.7
2025-06-12 20:22:00,48.6
2025-06-12 00:28:00,7.2
2025-06-12 01:12:00,25.8
2025-06-12 12:22:00,43.2
2025-06-12 05:21:00,42.3
2025-06-12 09:09:00,50.10277843742579
2025-06-12 01:16:00,43.3
2025-06-12 22:50:00,19.4
2025-06-12 17:35:00,14.0
2025-06-12 16:44:00,6.6
2025-06-12 19:40:00,24.4
2025-06-12 06:11:00,68.7
2025-06-12 21:34:00,55.9
2025-06-12 22:45:00,50.10277843742579
2025-06-12 21:37:00,4.4
2025-06-12 23:25:00,85.6
2025-06-12 19:18:00,46.1
2025-06-12 15:56:00,15.9
2025-06-12 10:38:00,50.10277843742579
2025-06-12 07:48:00,85.9
2025-06-12 05:32:00,7.3
2025-06-12 07:54:00,39.8
2025-06-12 06:30:00,50.10277843742579
2025-06-12 06:31:00,53.6
2025-06-12 19:32:00,54.9
2025-06-12 11:53:00,36.8
2025-06-12 11:45:00,57.1
2025-06-12 15:53:00,2.6
2025-06-12 14:01:00,84.9
2025-06-12 19:49:00,85.3
2025-06-12 14:39:00,63.3
2025-06-12 14:39:00,39.2
2025-06-12 01:54:00,39.0
2025-06-12 10:48:00,65.3
2025-06-12 17:30:00,30.3
2025-06-12 13:03:00,50.10277843742579
2025-06-12 23:32:00,88.3
2025-06-12 06:48:00,11.1
2025-06-12 19:04:00,40.1
2025-06-12 23:07:00,46.2
2025-06-12 06:20:00,89.6
2025-06-12 13:39:00,93.2
2025-06-12 08:17:00,56.0
2025-06-12 23:49:00,98.0
2025-06-12 19:20:00,17.1
2025-06-12 21:50:00,65.2
2025-06-12 22:53:00,4.2
2025-06-12 01:51:00,50.10277843742579
2025-06-12 15:02:00,41.5
2025-06-12 22:57:00,40.0
2025-06-12 23:55:00,31.4
2025-06-12 20:01:00,53.2
2025-06-12 09:00:00,51.4
2025-06-12 17:01:00,7.2
2025-06-12 12:24:00,22.2
2025-06-12 12:01:00,7.4
2025-06-12 03:37:00,46.9
2025-06-12 20:48:00,53.0
2025-06-12 21:53:00,66.6
2025-06-12 00:23:00,82.3
2025-06-12 03:44:00,18.7
2025-06-12 17:31:00,84.3
2025-06-12 01:19:00,32.0
2025-06-12 03:39:00,50.10277843742579
2025-06-12 11:40:00,50.10277843742579
2025-06-12 14:14:00,58.7
2025-06-12 09:30:00,1.4
2025-06-12 15:35:00,15.2
2025-06-12 17:48:00,9.0
2025-06-12 08:54:00,16.4
2025-06-12 03:14:00,28.5
2025-06-12 10:36:00,50.10277843742579
2025-06-12 16:29:00,19.9
2025-06-12 13:30:00,13.9
2025-06-12 13:18:00,95.9
2025-06-12 11:46:00,24.5
2025-06-12 11:00:00,73.6
2025-06-12 03:03:00,87.5
2025-06-12 03:30:00,65.3
2025-06-12 00:11:00,24.3
2025-06-12 17:15:00,89.1
2025-06-12 13:16:00,12.4
2025-06-12 01:40:00,5.2
2025-06-12 17:10:00,50.10277843742579
2025-06-12 11:07:00,90.4
2025-06-12 05:27:00,50.10277843742579
2025-06-12 19:26:00,0.4
2025-06-12 13:31:00,50.10277843742579
2025-06-12 01:41:00,50.2
2025-06-12 20:40:00,75.6
2025-06-12 16:20:00,37.3
2025-06-12 00:47:00,95.0
2025-06-12 19:57:00,21.3
2025-06-12 21:37:00,65.2
2025-06-12 13:25:00,86.4
2025-06-12 05:35:00,50.10277843742579
2025-06-12 11:23:00,4.0
2025-06-12 21:22:00,59.5
2025-06-12 03:36:00,47.6
2025-06-12 07:22:00,14.7
2025-06-12 00:27:00,97.4
2025-06-12 19:30:00,96.2
2025-06-12 02:18:00,99.3
2025-06-12 00:22:00,30.8
2025-06-12 01:20:00,44.1
2025-06-12 23:08:00,61.3
2025-06-12 04:57:00,4.1
2025-06-12 18:15:00,15.9
2025-06-12 10:16:00,28.2
2025-06-12 22:20:00,37.3
2025-06-12 21:30:00,28.4
2025-06-12 11:56:00,32.1
2025-06-12 06:48:00,50.10277843742579
2025-06-12 15:31:00,64.6
2025-06-12 21:42:00,33.3
2025-06-12 01:16:00,96.3
2025-06-12 13:35:00,59.0
2025-06-12 00:26:00,29.7
2025-06-12 09:17:00,50.10277843742579
2025-06-12 00:51:00,96.8
2025-06-12 21:12:00,20.3
2025-06-12 03:25:00,57.0
2025-06-12 20:48:00,72.5
2025-06-12 00:00:00,18.7
2025-06-12 11:58:00,66.6
2025-06-12 03:07:00,17.4
2025-06-12 05:15:00,25.8
2025-06-12 22:21:00,75.1
2025-06-12 01:31:00,72.6
2025-06-12 13:52:00,62.7
2025-06-12 07:19:00,58.9
2025-06-12 09:08:00,19.8
2025-06-12 00:30:00,6.6
2025-06-12 18:42:00,35.1
2025-06-12 16:24:00,84.0
2025-06-12 08:39:00,18.1
2025-06-12 18:53:00,39.6
2025-06-12 21:00:00,39.6
2025-06-12 10:07:00,54.0
2025-06-12 07:10:00,19.1
2025-06-12 22:25:00,74.6
2025-06-12 13:59:00,53.6
2025-06-12 04:01:00,77.8
2025-06-12 09:10:00,49.2
2025-06-12 13:44:00,49.85036359371334
2025-06-12 14:32:00,13.6
2025-06-12 18:24:00,54.0
2025-06-12 06:30:00,30.8
2025-06-12 00:39:00,11.7
2025-06-12 13:19:00,14.4
2025-06-12 13:30:00,49.85036359371334
2025-06-12 00:42:00,37.5
2025-06-12 06:44:00,24.6
2025-06-12 02:27:00,83.2
2025-06-12 10:07:00,93.3
2025-06-12 12:00:00,96.9
2025-06-12 23:14:00,68.1
2025-06-12 18:53:00,28.8
2025-06-12 18:17:00,69.5
2025-06-12 06:36:00,49.85036359371334
2025-06-12 03:59:00,37.9
2025-06-12 05:00:00,75.8
2025-06-12 03:20:00,84.5
2025-06-12 23:23:00,21.0
2025-06-12 03:58:00,94.0
2025-06-12 03:57:00,41.9
2025-06-12 03:21:00,35.2
2025-06-12 16:10:00,49.85036359371334
2025-06-12 07:48:00,85.1
2025-06-12 17:57:00,57.2
2025-06-12 20:44:00,40.3
2025-06-12 06:58:00,49.85036359371334
2025-06-12 21:56:00,49.85036359371334
2025-06-12 12:52:00,12.7
2025-06-12 00:57:00,4.2
2025-06-12 12:55:00,49.85036359371334
2025-06-12 16:09:00,49.1
2025-06-12 07:32:00,60.8
2025-06-12 08:40:00,96.3
2025-06-12 23:20:00,80.7
2025-06-12 19:46:00,57.7
2025-06-12 03:59:00,39.0
2025-06-12 02:46:00,61.3
2025-06-12 22:19:00,37.5
2025-06-12 00:01:00,77.7
2025-06-12 06:31:00,39.4
2025-06-12 02:44:00,28.3
2025-06-12 03:47:00,96.8
2025-06-12 06:53:00,0.2
2025-06-12 21:18:00,14.6
2025-06-12 22:32:00,77.1
2025-06-12 09:35:00,98.9
2025-06-12 10:29:00,62.6
2025-06-12 18:55:00,22.0
2025-06-12 20:21:00,78.3
2025-06-12 05:35:00,70.6
2025-06-12 01:08:00,49.85036359371334
2025-06-12 07:44:00,49.85036359371334
2025-06-12 20:23:00,68.1
2025-06-12 10:21:00,67.2
2025-06-12 11:10:00,49.85036359371334
2025-06-12 19:33:00,63.9
2025-06-12 20:45:00,38.2
2025-06-12 09:54:00,10.2
2025-06-12 02:35:00,95.9
2025-06-12 03:21:00,3.6
2025-06-12 01:57:00,33.2
2025-06-12 16:18:00,49.85036359371334
2025-06-12 08:29:00,3.8
2025-06-12 07:06:00,36.2
2025-06-12 01:23:00,12.7
2025-06-12 18:43:00,84.3
2025-06-12 23:03:00,49.85036359371334
2025-06-12 21:54:00,2.0
2025-06-12 06:52:00,46.6
2025-06-12 17:20:00,49.85036359371334
2025-06-12 13:20:00,2.6
2025-06-12 04:45:00,49.85036359371334
2025-06-12 20:53:00,49.85036359371334
2025-06-12 10:49:00,18.2
2025-06-12 04:13:00,6.9
2025-06-12 22:03:00,93.5
2025-06-12 05:31:00,59.7
2025-06-12 22:38:00,51.5
2025-06-12 04:51:00,57.4
2025-06-12 16:03:00,49.85036359371334
2025-06-12 23:57:00,94.4
2025-06-12 03:14:00,50.0
2025-06-12 06:19:00,22.2
2025-06-12 15:14:00,84.8
2025-06-12 14:19:00,49.85036359371334
2025-06-12 22:25:00,91.0
2025-06-12 18:42:00,40.9
2025-06-12 09:26:00,21.1
2025-06-12 12:11:00,49.85036359371334
2025-06-12 01:19:00,33.0
2025-06-12 17:57:00,11.5
2025-06-12 16:27:00,29.9
2025-06-12 10:37:00,55.6
2025-06-12 00:03:00,79.1
2025-06-12 13:08:00,13.7
2025-06-12 22:15:00,49.85036359371334
2025-06-12 17:43:00,42.4
2025-06-12 08:36:00,49.85036359371334
2025-06-12 23:12:00,49.85036359371334
2025-06-12 20:15:00,49.85036359371334
2025-06-12 08:12:00,78.7
2025-06-12 13:24:00,90.8
2025-06-12 07:05:00,66.7
2025-06-12 06:52:00,40.0
2025-06-12 19:40:00,49.85036359371334
2025-06-12 03:40:00,74.4
2025-06-12 21:57:00,42.0
2025-06-12 15:57:00,38.3
2025-06-12 06:56:00,90.8
2025-06-12 00:14:00,46.5
2025-06-12 12:21:00,48.6
2025-06-12 11:25:00,56.5
2025-06-12 19:14:00,59.4
2025-06-12 15:54:00,6.4
2025-06-12 21:07:00,14.2
2025-06-12 04:49:00,84.2
2025-06-12 09:01:00,97.4
2025-06-12 20:38:00,79.9
2025-06-12 17:37:00,86.8
2025-06-12 07:35:00,22.5
2025-06-12 13:40:00,14.7
2025-06-12 17:08:00,41.5
2025-06-12 21:10:00,55.4
2025-06-12 01:13:00,88.4
2025-06-12 14:08:00,43.6
2025-06-12 15:07:00,52.1
2025-06-12 23:15:00,49.85036359371334
2025-06-12 09:08:00,5.3
2025-06-12 15:49:00,13.1
2025-06-12 06:14:00,14.6
2025-06-12 17:53:00,36.8
2025-06-12 02:20:00,49.85036359371334
2025-06-12 21:15:00,53.1
2025-06-12 02:50:00,14.0
2025-06-12 04:55:00,68.8
2025-06-12 07:53:00,87.0
2025-06-12 07:10:00,32.7
2025-06-12 06:26:00,21.5
2025-06-12 10:28:00,49.85036359371334
2025-06-12 19:12:00,99.7
2025-06-12 15:23:00,24.5
2025-06-12 14:44:00,29.0
2025-06-12 10:41:00,71.7
2025-06-12 13:50:00,74.9
2025-06-12 02:47:00,89.0
2025-06-12 01:21:00,10.1
2025-06-12 21:23:00,14.1
2025-06-12 07:37:00,22.5
2025-06-12 07:53:00,66.1
2025-06-12 13:45:00,86.5
2025-06-12 04:48:00,54.4
2025-06-12 08:09:00,16.2
2025-06-12 19:15:00,68.4
2025-06-12 00:42:00,3.9
2025-06-12 18:34:00,26.9
2025-06-12 02:18:00,29.0
2025-06-12 07:17:00,91.7
2025-06-12 12:20:00,39.9
2025-06-12 11:52:00,35.9
2025-06-12 18:01:00,6.8
2025-06-12 17:12:00,24.3
2025-06-12 01:17:00,99.2
2025-06-12 00:07:00,59.7
2025-06-12 19:40:00,49.85036359371334
2025-06-12 13:30:00,13.5
2025-06-12 19:25:00,42.3
2025-06-12 00:54:00,61.5
2025-06-12 08:14:00,29.2
2025-06-12 20:23:00,41.8
2025-06-12 23:43:00,49.85036359371334
2025-06-12 00:34:00,1.2
2025-06-12 14:16:00,68.8
2025-06-12 10:14:00,21.8
2025-06-12 04:04:00,94.4
2025-06-12 02:21:00,9.5
2025-06-12 06:17:00,26.6
2025-06-12 16:33:00,49.85036359371334
2025-06-12 14:29:00,37.2
2025-06-12 10:37:00,31.3
2025-06-12 20:36:00,52.6
2025-06-12 09:37:00,25.1
2025-06-12 10:21:00,17.5
2025-06-12 09:55:00,42.8
2025-06-12 17:14:00,12.1
2025-06-12 14:15:00,2.9
2025-06-12 14:17:00,49.85036359371334
2025-06-12 09:37:00,49.5
2025-06-12 23:28:00,24.3
2025-06-12 23:38:00,29.2
2025-06-12 04:52:00,10.8
2025-06-12 13:41:00,91.2
2025-06-12 20:28:00,13.6
2025-06-12 10:42:00,33.4
2025-06-12 08:04:00,65.5
2025-06-12 20:05:00,83.4
2025-06-12 15:23:00,37.2
2025-06-12 16:26:00,52.6
2025-06-12 19:23:00,49.85036359371334
2025-06-12 08:39:00,19.4
2025-06-12 09:00:00,13.6
2025-06-12 00:40:00,86.8
2025-06-12 16:15:00,18.2
2025-06-12 18:03:00,67.2
2025-06-12 01:10:00,79.1
2025-06-12 21:50:00,47.3
2025-06-12 07:16:00,9.2
2025-06-12 09:33:00,8.2
2025-06-12 12:40:00,1.8
2025-06-12 23:08:00,88.1
2025-06-12 06:19:00,87.0
2025-06-12 14:02:00,85.1
2025-06-12 08:15:00,60.8
2025-06-12 14:35:00,49.8
2025-06-12 18:20:00,49.85036359371334
2025-06-12 01:05:00,49.85036359371334
2025-06-12 16:25:00,53.0
2025-06-12 18:02:00,18.9
2025-06-12 12:47:00,10.2
2025-06-12 12:25:00,49.85036359371334
2025-06-12 14:09:00,51.5
2025-06-12 20:27:00,49.85036359371334
2025-06-12 08:57:00,64.6
2025-06-12 09:09:00,57.0
2025-06-12 06:09:00,83.9
2025-06-12 14:02:00,2.7
2025-06-12 12:36:00,71.1
2025-06-12 10:20:00,13.6
2025-06-12 22:42:00,96.8
2025-06-12 05:41:00,49.85036359371334
2025-06-12 04:04:00,80.9
2025-06-12 04:57:00,79.0
2025-06-12 21:32:00,49.85036359371334
2025-06-12 08:36:00,49.6
2025-06-12 22:18:00,76.2
2025-06-12 05:48:00,73.1
2025-06-12 08:09:00,49.85036359371334
2025-06-12 05:58:00,66.2
2025-06-12 01:23:00,28.9
2025-06-12 16:22:00,36.4
2025-06-12 15:59:00,79.1
2025-06-12 00:43:00,97.5
2025-06-12 21:39:00,33.5
2025-06-12 18:42:00,49.85036359371334
2025-06-12 13:48:00,93.4
2025-06-12 20:09:00,79.6
2025-06-12 03:55:00,75.4
2025-06-12 02:53:00,60.9
2025-06-12 23:25:00,51.2
2025-06-12 17:31:00,45.4
2025-06-12 00:33:00,35.0
2025-06-12 02:23:00,64.0
2025-06-12 00:21:00,56.4
2025-06-12 15:44:00,39.5
2025-06-12 04:12:00,28.1
2025-06-12 22:44:00,16.8
2025-06-12 07:45:00,17.9
2025-06-12 22:14:00,46.4
2025-06-12 18:58:00,33.0
2025-06-12 22:08:00,8.4
2025-06-12 15:45:00,94.0
2025-06-12 08:42:00,49.85036359371334
2025-06-12 21:01:00,97.4
2025-06-12 23:06:00,98.9
2025-06-12 20:09:00,64.2
2025-06-12 15:27:00,14.7
2025-06-12 08:19:00,41.0
2025-06-12 17:32:00,30.8
2025-06-12 10:26:00,57.4
2025-06-12 15:32:00,45.6
2025-06-12 11:26:00,68.5
2025-06-12 14:35:00,88.3
2025-06-12 04:19:00,49.85036359371334
2025-06-12 01:02:00,49.85036359371334
2025-06-12 12:44:00,94.2
2025-06-12 23:49:00,15.5
2025-06-12 19:15:00,25.8
2025-06-12 04:45:00,75.8
2025-06-12 02:56:00,49.85036359371334
2025-06-12 20:50:00,26.3
2025-06-12 09:53:00,3.2
2025-06-12 00:54:00,63.2
2025-06-12 19:28:00,9.6
2025-06-12 15:26:00,58.4
2025-06-12 00:30:00,39.5
2025-06-12 19:23:00,76.6
2025-06-12 10:13:00,25.9
2025-06-12 00:31:00,44.8
2025-06-12 15:37:00,51.2
2025-06-12 13:10:00,16.4
2025-06-12 07:05:00,0.5
2025-06-12 14:12:00,62.3
2025-06-12 03:18:00,18.6
2025-06-12 10:23:00,6.5
2025-06-12 03:51:00,49.85036359371334
2025-06-12 21:14:00,92.4
2025-06-12 12:20:00,70.2
2025-06-12 09:14:00,55.6
2025-06-12 06:14:00,34.4
2025-06-12 03:07:00,86.8
2025-06-12 08:23:00,72.8
2025-06-12 15:17:00,35.5
2025-06-12 05:33:00,31.6
2025-06-12 16:06:00,1.9
2025-06-12 23:59:00,78.7
2025-06-12 10:16:00,63.6
2025-06-12 00:25:00,28.5
2025-06-12 15:31:00,0.9
2025-06-12 08:12:00,65.3
2025-06-12 05:10:00,11.3
2025-06-12 03:12:00,26.1
2025-06-12 06:58:00,45.7
2025-06-12 06:03:00,68.6
2025-06-12 01:31:00,21.1
2025-06-12 20:50:00,42.2
2025-06-12 15:17:00,65.0
2025-06-12 13:18:00,49.85036359371334
2025-06-12 08:52:00,23.5
2025-06-12 12:34:00,40.8
2025-06-12 12:04:00,22.3
2025-06-12 03:57:00,74.2
2025-06-12 09:10:00,36.8
2025-06-12 10:28:00,56.5
2025-06-12 06:23:00,49.85036359371334
2025-06-12 13:35:00,63.7
2025-06-12 19:15:00,54.5
2025-06-12 08:36:00,39.5
2025-06-12 15:34:00,67.1
2025-06-12 04:03:00,77.7
2025-06-12 20:50:00,8.4
2025-06-12 07:40:00,19.1
2025-06-12 21:30:00,63.0
2025-06-12 03:36:00,40.9
2025-06-12 02:25:00,86.4
2025-06-12 07:34:00,1.3
2025-06-12 04:16:00,65.0
2025-06-12 01:02:00,21.6
2025-06-12 19:37:00,7.1
2025-06-12 11:08:00,39.3
2025-06-12 21:35:00,26.3
2025-06-12 23:21:00,29.0
2025-06-12 17:41:00,83.0
2025-06-12 01:25:00,49.85036359371334
2025-06-12 20:33:00,24.9
2025-06-12 04:43:00,5.5
2025-06-12 08:54:00,61.4
2025-06-12 19:45:00,99.1
2025-06-12 18:43:00,38.8
2025-06-12 13:22:00,14.1
2025-06-12 15:37:00,51.3
2025-06-12 04:07:00,19.6
2025-06-12 05:48:00,41.1
2025-06-12 01:36:00,25.2
2025-06-12 12:05:00,40.7
2025-06-12 02:21:00,16.3
2025-06-12 22:26:00,93.0
2025-06-12 17:30:00,100.0
2025-06-12 18:29:00,40.1
2025-06-12 02:15:00,68.8
2025-06-12 09:52:00,2.6
2025-06-12 23:16:00,8.2
2025-06-12 07:54:00,11.4
2025-06-12 13:24:00,37.4
2025-06-12 09:24:00,21.4
2025-06-12 08:42:00,51.3
2025-06-12 20:24:00,50.02337935876432
2025-06-12 02:25:00,93.4
2025-06-12 17:25:00,50.02337935876432
2025-06-12 15:36:00,71.3
2025-06-12 12:39:00,60.8
2025-06-12 11:25:00,54.0
2025-06-12 16:46:00,98.7
2025-06-12 02:25:00,18.7
2025-06-12 07:07:00,61.5
2025-06-12 02:09:00,12.5
2025-06-12 13:30:00,39.3
2025-06-12 03:07:00,16.8
2025-06-12 18:42:00,71.3
2025-06-12 19:57:00,50.02337935876432
2025-06-12 08:31:00,50.02337935876432
2025-06-12 12:35:00,7.9
2025-06-12 23:53:00,33.1
2025-06-12 08:34:00,50.02337935876432
2025-06-12 11:47:00,84.6
2025-06-12 12:52:00,33.0
2025-06-12 23:35:00,99.0
2025-06-12 18:49:00,4.6
2025-06-12 06:45:00,50.02337935876432
2025-06-12 08:04:00,58.6
2025-06-12 08:21:00,14.1
2025-06-12 07:26:00,6.1
2025-06-12 04:57:00,50.02337935876432
2025-06-12 18:10:00,52.3
2025-06-12 20:44:00,87.2
2025-06-12 10:39:00,27.2
2025-06-12 02:44:00,58.7
2025-06-12 01:33:00,17.8
2025-06-12 14:27:00,13.7
2025-06-12 16:27:00,94.5
2025-06-12 14:34:00,50.02337935876432
2025-06-12 01:48:00,50.02337935876432
2025-06-12 13:02:00,75.4
2025-06-12 23:08:00,50.02337935876432
2025-06-12 22:24:00,50.02337935876432
2025-06-12 15:53:00,50.02337935876432
2025-06-12 07:00:00,55.2
2025-06-12 09:49:00,14.3
2025-06-12 16:50:00,39.7
2025-06-12 14:35:00,73.9
2025-06-12 05:33:00,25.7
2025-06-12 13:42:00,82.3
2025-06-12 18:41:00,93.9
2025-06-12 05:20:00,62.3
2025-06-12 19:09:00,3.6
2025-06-12 18:05:00,9.5
2025-06-12 23:10:00,34.4
2025-06-12 10:53:00,50.02337935876432
2025-06-12 00:51:00,68.6
2025-06-12 22:25:00,29.0
2025-06-12 09:32:00,36.3
2025-06-12 20:59:00,50.02337935876432
2025-06-12 06:19:00,91.1
2025-06-12 01:17:00,50.02337935876432
2025-06-12 23:48:00,31.5
2025-06-12 12:21:00,47.1
2025-06-12 00:13:00,81.7
2025-06-12 04:40:00,82.1
2025-06-12 18:49:00,69.6
2025-06-12 03:13:00,54.2
2025-06-12 03:55:00,69.2
2025-06-12 09:23:00,92.6
2025-06-12 22:29:00,97.4
2025-06-12 07:48:00,40.8
2025-06-12 17:43:00,94.5
2025-06-12 18:06:00,76.4
2025-06-12 03:29:00,33.2
2025-06-12 02:15:00,17.7
2025-06-12 08:53:00,50.02337935876432
2025-06-12 14:02:00,78.5
2025-06-12 09:29:00,38.2
2025-06-12 06:43:00,50.02337935876432
2025-06-12 14:38:00,50.02337935876432
2025-06-12 09:08:00,61.1
2025-06-12 00:32:00,43.0
2025-06-12 02:57:00,46.8
2025-06-12 09:24:00,13.5
2025-06-12 21:10:00,10.3
2025-06-12 01:49:00,15.9
2025-06-12 07:04:00,46.8
2025-06-12 17:25:00,50.0
2025-06-12 01:28:00,77.0
2025-06-12 20:08:00,50.02337935876432
2025-06-12 08:26:00,81.0
2025-06-12 11:00:00,39.5
2025-06-12 15:27:00,80.7
2025-06-12 10:58:00,25.2
2025-06-12 06:25:00,12.3
2025-06-12 21:00:00,88.8
2025-06-12 09:55:00,44.5
2025-06-12 23:07:00,18.0
2025-06-12 23:51:00,1.5
2025-06-12 07:07:00,50.02337935876432
2025-06-12 05:58:00,13.4
2025-06-12 01:03:00,10.9
2025-06-12 02:54:00,50.02337935876432
2025-06-12 18:16:00,50.02337935876432
2025-06-12 09:11:00,73.3
2025-06-12 11:56:00,16.5
2025-06-12 04:26:00,56.1
2025-06-12 04:22:00,29.3
2025-06-12 00:36:00,50.02337935876432
2025-06-12 02:24:00,84.5
2025-06-12 21:56:00,34.6
2025-06-12 20:36:00,7.5
2025-06-12 14:40:00,96.7
2025-06-12 20:06:00,92.6
2025-06-12 21:30:00,50.02337935876432
2025-06-12 17:16:00,92.7
2025-06-12 10:18:00,91.1
2025-06-12 14:55:00,58.4
2025-06-12 20:06:00,76.0
2025-06-12 23:58:00,19.5
2025-06-12 15:19:00,77.6
2025-06-12 03:05:00,37.2
2025-06-12 10:01:00,72.2
2025-06-12 05:20:00,63.9
2025-06-12 11:13:00,21.4
2025-06-12 03:52:00,22.2
2025-06-12 08:32:00,54.0
2025-06-12 18:38:00,6.6
2025-06-12 21:51:00,97.9
2025-06-12 16:55:00,50.02337935876432
2025-06-12 04:30:00,50.02337935876432
2025-06-12 00:48:00,12.3
2025-06-12 06:53:00,23.7
2025-06-12 16:19:00,94.5
2025-06-12 03:05:00,26.4
2025-06-12 11:48:00,64.1
2025-06-12 19:53:00,86.8
2025-06-12 17:17:00,70.0
2025-06-12 21:46:00,84.5
2025-06-12 12:48:00,50.6
2025-06-12 06:20:00,4.7
2025-06-12 11:38:00,73.3
2025-06-12 14:07:00,28.7
2025-06-12 22:03:00,82.6
2025-06-12 14:06:00,49.6
2025-06-12 10:44:00,63.3
2025-06-12 14:59:00,80.3
2025-06-12 18:32:00,79.2
2025-06-12 08:01:00,8.6
2025-06-12 10:32:00,6.8
2025-06-12 01:54:00,50.02337935876432
2025-06-12 14:43:00,73.3
2025-06-12 06:14:00,89.4
2025-06-12 06:09:00,48.6
2025-06-12 16:44:00,26.7
2025-06-12 13:03:00,28.1
2025-06-12 06:07:00,18.4
2025-06-12 05:12:00,12.8
2025-06-12 02:07:00,93.8
2025-06-12 15:44:00,97.1
2025-06-12 19:36:00,76.8
2025-06-12 19:23:00,10.7
2025-06-12 16:54:00,16.8
2025-06-12 10:20:00,50.02337935876432
2025-06-12 18:22:00,50.02337935876432
2025-06-12 23:52:00,65.9
2025-06-12 06:50:00,62.7
2025-06-12 17:06:00,36.1
2025-06-12 11:38:00,69.7
2025-06-12 02:35:00,1.8
2025-06-12 11:40:00,93.5
2025-06-12 22:11:00,55.4
2025-06-12 04:15:00,56.5
2025-06-12 20:38:00,22.2
2025-06-12 11:24:00,66.3
2025-06-12 17:43:00,4.5
2025-06-12 17:26:00,13.1
2025-06-12 04:19:00,70.9
2025-06-12 02:41:00,42.7
2025-06-12 16:19:00,10.0
2025-06-12 20:56:00,92.9
2025-06-12 15:58:00,4.1
2025-06-12 21:30:00,56.9
2025-06-12 02:37:00,70.8
2025-06-12 12:03:00,47.2
2025-06-12 12:43:00,85.6
2025-06-12 04:28:00,21.1
2025-06-12 18:58:00,50.02337935876432
2025-06-12 01:03:00,84.3
2025-06-12 18:40:00,1.5
2025-06-12 18:17:00,6.0
2025-06-12 18:16:00,20.0
2025-06-12 18:31:00,10.9
2025-06-12 21:22:00,51.6
2025-06-12 06:42:00,28.3
2025-06-12 19:40:00,41.5
2025-06-12 05:31:00,50.02337935876432
2025-06-12 16:48:00,50.02337935876432
2025-06-12 03:37:00,77.6
2025-06-12 02:38:00,53.3
2025-06-12 17:51:00,19.1
2025-06-12 04:47:00,49.6
2025-06-12 10:27:00,50.02337935876432
2025-06-12 17:28:00,55.6
2025-06-12 18:56:00,83.9
2025-06-12 19:53:00,50.02337935876432
2025-06-12 03:31:00,50.02337935876432
2025-06-12 22:50:00,50.02337935876432
2025-06-12 12:49:00,35.1
2025-06-12 09:29:00,39.8
2025-06-12 05:18:00,50.02337935876432
2025-06-12 16:40:00,96.5
2025-06-12 20:44:00,78.1
2025-06-12 01:27:00,45.3
2025-06-12 00:32:00,89.8
2025-06-12 19:43:00,37.8
2025-06-12 08:28:00,22.6
2025-06-12 02:21:00,9.3
2025-06-12 03:58:00,22.4
2025-06-12 04:20:00,88.2
2025-06-12 21:44:00,94.8
2025-06-12 19:56:00,50.02337935876432
2025-06-12 19:36:00,2.1
2025-06-12 19:17:00,98.4
2025-06-12 05:22:00,50.02337935876432
2025-06-12 01:55:00,50.02337935876432
2025-06-12 02:12:00,50.02337935876432
2025-06-12 10:20:00,57.1
2025-06-12 02:11:00,50.02337935876432
2025-06-12 12:10:00,50.6
2025-06-12 17:11:00,68.5
2025-06-12 11:47:00,88.0
2025-06-12 05:51:00,6.0
2025-06-12 20:00:00,41.4
2025-06-12 13:36:00,64.9
2025-06-12 14:40:00,90.5
2025-06-12 04:14:00,99.4
2025-06-12 06:24:00,5.1
2025-06-12 08:26:00,3.8
2025-06-12 23:01:00,50.02337935876432
2025-06-12 09:20:00,50.02337935876432
2025-06-12 18:51:00,31.1
2025-06-12 02:57:00,60.3
2025-06-12 19:26:00,50.02337935876432
2025-06-12 14:42:00,8.1
2025-06-12 22:44:00,78.7
2025-06-12 15:41:00,98.4
2025-06-12 05:39:00,72.5
2025-06-12 15:50:00,73.1
2025-06-12 06:15:00,50.02337935876432
2025-06-12 14:03:00,99.3
2025-06-12 20:53:00,18.1
2025-06-12 16:33:00,79.0
2025-06-12 18:32:00,83.5
2025-06-12 02:12:00,95.1
2025-06-12 03:14:00,35.1
2025-06-12 05:25:00,50.02337935876432
2025-06-12 22:44:00,81.4
2025-06-12 08:33:00,50.02337935876432
2025-06-12 21:23:00,75.3
2025-06-12 08:58:00,50.02337935876432
2025-06-12 16:17:00,28.6
2025-06-12 00:54:00,59.3
2025-06-12 20:11:00,21.3
2025-06-12 21:36:00,78.6
2025-06-12 07:05:00,7.0
2025-06-12 11:56:00,72.2
2025-06-12 07:29:00,50.02337935876432
2025-06-12 19:36:00,97.4
2025-06-12 17:32:00,27.2
2025-06-12 10:58:00,31.0
2025-06-12 12:07:00,62.9
2025-06-12 12:47:00,83.4
2025-06-12 15:58:00,22.0
2025-06-12 09:58:00,50.02337935876432
2025-06-12 11:11:00,20.8
2025-06-12 22:46:00,14.5
2025-06-12 03:43:00,45.5
2025-06-12 18:27:00,83.8
2025-06-12 14:36:00,50.02337935876432
2025-06-12 00:41:00,50.02337935876432
2025-06-12 14:09:00,42.0
2025-06-12 10:18:00,94.4
2025-06-12 20:13:00,76.9
2025-06-12 11:19:00,75.6
2025-06-12 06:51:00,91.9
2025-06-12 21:28:00,93.8
2025-06-12 07:46:00,52.4
2025-06-12 22:46:00,45.8
2025-06-12 10:41:00,8.3
2025-06-12 12:15:00,43.7
2025-06-12 06:35:00,7.7
2025-06-12 23:17:00,79.5
2025-06-12 15:15:00,11.7
2025-06-12 09:45:00,4.3
2025-06-12 00:43:00,90.9
2025-06-12 02:32:00,37.5
2025-06-12 08:17:00,41.1
2025-06-12 10:09:00,93.7
2025-06-12 09:10:00,68.1
2025-06-12 22:51:00,53.8
2025-06-12 10:59:00,74.8
2025-06-12 12:01:00,52.0
2025-06-12 07:03:00,60.3
2025-06-12 20:55:00,22.2
2025-06-12 17:22:00,10.2
2025-06-12 17:46:00,9.9
2025-06-12 12:17:00,79.8
2025-06-12 14:59:00,44.4
2025-06-12 15:44:00,73.1
2025-06-12 18:23:00,47.4
2025-06-12 04:23:00,70.7
2025-06-12 02:48:00,4.3
2025-06-12 09:29:00,26.0
2025-06-12 19:13:00,5.2
2025-06-12 23:27:00,50.19809456598448
2025-06-12 13:08:00,98.9
2025-06-12 12:02:00,50.19809456598448
2025-06-12 19:11:00,23.6
2025-06-12 07:18:00,25.6
2025-06-12 16:23:00,39.4
2025-06-12 12:49:00,50.19809456598448
2025-06-12 11:31:00,29.9
2025-06-12 07:48:00,78.3
2025-06-12 05:45:00,72.0
2025-06-12 13:45:00,95.0
2025-06-12 00:45:00,2.9
2025-06-12 12:40:00,64.6
2025-06-12 05:33:00,33.5
2025-06-12 05:23:00,19.4
2025-06-12 14:24:00,51.1
2025-06-12 05:35:00,45.6
2025-06-12 06:08:00,42.0
2025-06-12 16:40:00,98.6
2025-06-12 16:15:00,15.5
2025-06-12 07:48:00,50.19809456598448
2025-06-12 14:50:00,76.2
2025-06-12 01:59:00,99.0
2025-06-12 02:58:00,99.9
2025-06-12 18:00:00,81.0
2025-06-12 19:54:00,24.9
2025-06-12 13:55:00,98.7
2025-06-12 15:19:00,50.19809456598448
2025-06-12 03:54:00,25.7
2025-06-12 11:22:00,67.6
2025-06-12 16:39:00,74.3
2025-06-12 03:49:00,46.3
2025-06-12 01:06:00,4.7
2025-06-12 06:29:00,16.9
2025-06-12 19:51:00,38.4
2025-06-12 22:16:00,24.0
2025-06-12 04:19:00,73.8
2025-06-12 17:58:00,34.6
2025-06-12 18:45:00,82.0
2025-06-12 03:33:00,8.3
2025-06-12 11:26:00,34.9
2025-06-12 18:18:00,66.4
2025-06-12 11:43:00,50.19809456598448
2025-06-12 22:17:00,58.7
2025-06-12 18:45:00,50.19809456598448
2025-06-12 03:50:00,50.19809456598448
2025-06-12 13:04:00,68.9
2025-06-12 18:45:00,93.0
2025-06-12 16:12:00,62.4
2025-06-12 02:41:00,37.2
2025-06-12 23:45:00,50.19809456598448
2025-06-12 19:14:00,8.5
2025-06-12 12:10:00,59.6
2025-06-12 01:12:00,69.0
2025-06-12 16:53:00,78.4
2025-06-12 11:45:00,19.0
2025-06-12 22:10:00,50.19809456598448
2025-06-12 21:24:00,71.2
2025-06-12 23:57:00,17.7
2025-06-12 02:14:00,69.8
2025-06-12 13:37:00,92.3
2025-06-12 18:05:00,62.9
2025-06-12 22:31:00,52.6
2025-06-12 00:42:00,50.19809456598448
2025-06-12 14:47:00,96.2
2025-06-12 14:50:00,19.6
2025-06-12 19:02:00,55.3
2025-06-12 09:29:00,23.7
2025-06-12 01:03:00,15.7
2025-06-12 09:52:00,57.2
2025-06-12 14:46:00,53.3
2025-06-12 05:08:00,84.0
2025-06-12 05:09:00,7.2
2025-06-12 10:52:00,55.3
2025-06-12 05:28:00,7.2
2025-06-12 22:33:00,17.1
2025-06-12 18:40:00,27.4
2025-06-12 04:24:00,7.1
2025-06-12 08:57:00,12.4
2025-06-12 01:12:00,29.0
2025-06-12 16:46:00,49.4
2025-06-12 07:25:00,71.6
2025-06-12 22:33:00,51.7
2025-06-12 06:11:00,12.4
2025-06-12 20:01:00,50.19809456598448
2025-06-12 07:19:00,66.4
2025-06-12 17:44:00,50.19809456598448
2025-06-12 22:11:00,25.6
2025-06-12 18:36:00,32.3
2025-06-12 14:56:00,51.0
2025-06-12 14:03:00,81.1
2025-06-12 12:47:00,46.2
2025-06-12 06:51:00,62.9
2025-06-12 06:17:00,28.6
2025-06-12 23:59:00,50.19809456598448
2025-06-12 16:12:00,90.5
2025-06-12 17:45:00,36.5
2025-06-12 16:22:00,8.6
2025-06-12 13:19:00,22.5
2025-06-12 18:42:00,74.5
2025-06-12 13:05:00,54.8
2025-06-12 02:41:00,50.19809456598448
2025-06-12 22:15:00,96.1
2025-06-12 22:48:00,9.4
2025-06-12 17:14:00,50.19809456598448
2025-06-12 17:24:00,70.2
2025-06-12 12:05:00,83.6
2025-06-12 20:26:00,16.7
2025-06-12 00:14:00,18.0
2025-06-12 23:33:00,50.19809456598448
2025-06-12 01:33:00,8.7
2025-06-12 13:00:00,81.1
2025-06-12 13:34:00,27.6
2025-06-12 13:46:00,50.19809456598448
2025-06-12 07:48:00,52.6
2025-06-12 06:14:00,76.8
2025-06-12 17:12:00,50.19809456598448
2025-06-12 23:19:00,5.2
2025-06-12 15:48:00,80.3
2025-06-12 12:04:00,60.9
2025-06-12 18:02:00,20.4
2025-06-12 03:25:00,65.5
2025-06-12 00:26:00,50.19809456598448
2025-06-12 13:52:00,33.0
2025-06-12 21:55:00,47.3
2025-06-12 14:08:00,74.9
2025-06-12 20:03:00,50.19809456598448
2025-06-12 19:11:00,49.0
2025-06-12 08:36:00,47.5
2025-06-12 23:02:00,99.2
2025-06-12 12:49:00,96.4
2025-06-12 07:39:00,53.4
2025-06-12 19:54:00,59.0
2025-06-12 01:55:00,85.0
2025-06-12 06:08:00,80.2
2025-06-12 14:34:00,60.2
2025-06-12 09:17:00,94.9
2025-06-12 11:38:00,5.4
2025-06-12 13:48:00,50.19809456598448
2025-06-12 08:07:00,40.4
2025-06-12 13:28:00,38.9
2025-06-12 19:16:00,33.5
2025-06-12 17:32:00,8.5
2025-06-12 13:04:00,50.19809456598448
2025-06-12 06:38:00,65.2
2025-06-12 14:24:00,17.5
2025-06-12 17:52:00,96.0
2025-06-12 06:23:00,48.9
2025-06-12 00:03:00,98.5
2025-06-12 08:12:00,32.2
2025-06-12 17:07:00,50.19809456598448
2025-06-12 21:32:00,31.1
2025-06-12 15:10:00,43.9
2025-06-12 01:57:00,50.19809456598448
2025-06-12 04:35:00,18.3
2025-06-12 21:47:00,45.2
2025-06-12 22:08:00,27.5
2025-06-12 16:58:00,50.19809456598448
2025-06-12 19:29:00,91.1
2025-06-12 09:46:00,12.2
2025-06-12 02:01:00,77.7
2025-06-12 07:07:00,85.6
2025-06-12 00:27:00,49.7
2025-06-12 14:00:00,7.4
2025-06-12 15:45:00,43.2
2025-06-12 10:54:00,58.8
2025-06-12 06:58:00,13.4
2025-06-12 23:39:00,72.7
2025-06-12 11:49:00,58.4
2025-06-12 16:03:00,69.8
2025-06-12 23:22:00,35.1
2025-06-12 21:16:00,77.8
2025-06-12 09:41:00,29.0
2025-06-12 01:51:00,50.19809456598448
2025-06-12 01:23:00,8.9
2025-06-12 20:53:00,98.6
2025-06-12 06:29:00,93.3
2025-06-12 20:29:00,32.7
2025-06-12 05:16:00,43.8
2025-06-12 09:32:00,44.3
2025-06-12 04:16:00,50.19809456598448
2025-06-12 16:43:00,60.6
2025-06-12 21:55:00,28.8
2025-06-12 18:08:00,28.1
2025-06-12 12:47:00,62.6
2025-06-12 00:41:00,36.7
2025-06-12 22:36:00,50.19809456598448
2025-06-12 11:05:00,82.4
2025-06-12 18:56:00,61.0
2025-06-12 00:31:00,89.9
2025-06-12 09:56:00,22.8
2025-06-12 21:24:00,47.4
2025-06-12 10:12:00,50.19809456598448
2025-06-12 06:32:00,9.7
2025-06-12 01:23:00,34.6
2025-06-12 21:13:00,50.19809456598448
2025-06-12 07:59:00,78.0
2025-06-12 06:45:00,74.8
2025-06-12 00:49:00,35.2
2025-06-12 11:06:00,79.8
2025-06-12 12:44:00,67.7
2025-06-12 01:21:00,71.3
2025-06-12 05:58:00,97.1
2025-06-12 11:19:00,64.8
2025-06-12 16:10:00,93.6
2025-06-12 01:32:00,97.3
2025-06-12 21:22:00,2.2
2025-06-12 08:50:00,50.19809456598448
2025-06-12 14:06:00,58.5
2025-06-12 19:41:00,33.7
2025-06-12 19:16:00,92.2
2025-06-12 15:08:00,50.19809456598448
2025-06-12 10:27:00,24.8
2025-06-12 06:56:00,47.0
2025-06-12 17:12:00,7.4
2025-06-12 05:49:00,89.2
2025-06-12 18:15:00,91.0
2025-06-12 03:48:00,69.3
2025-06-12 20:48:00,30.3
2025-06-12 18:15:00,24.5
2025-06-12 14:56:00,99.3
2025-06-12 05:51:00,29.1
2025-06-12 03:37:00,50.19809456598448
2025-06-12 03:22:00,25.9
2025-06-12 16:10:00,33.5
2025-06-12 06:54:00,97.6
2025-06-12 14:04:00,6.9
2025-06-12 19:05:00,37.9
2025-06-12 12:57:00,67.6
2025-06-12 21:59:00,46.1
2025-06-12 23:14:00,32.5
2025-06-12 11:35:00,20.7
2025-06-12 16:31:00,97.0
2025-06-12 21:17:00,53.4
2025-06-12 16:01:00,47.0
2025-06-12 07:48:00,12.4
2025-06-12 02:02:00,93.1
2025-06-12 00:12:00,36.9
2025-06-12 18:26:00,46.6
2025-06-12 21:54:00,51.4
2025-06-12 18:49:00,37.9
2025-06-12 06:39:00,61.4
2025-06-12 19:08:00,63.0
2025-06-12 18:33:00,99.2
2025-06-12 19:55:00,50.19809456598448
2025-06-12 13:36:00,50.19809456598448
2025-06-12 07:36:00,97.8
2025-06-12 20:21:00,51.9
2025-06-12 16:51:00,39.7
2025-06-12 10:25:00,50.19809456598448
2025-06-12 20:43:00,61.1
2025-06-12 22:47:00,50.19809456598448
2025-06-12 11:48:00,56.4
2025-06-12 02:48:00,82.2
2025-06-12 09:27:00,36.0
2025-06-12 01:37:00,62.0
2025-06-12 04:35:00,50.19809456598448
2025-06-12 20:47:00,39.2
2025-06-12 13:56:00,50.19809456598448
2025-06-12 02:16:00,0.6
2025-06-12 07:17:00,5.0
2025-06-12 04:44:00,45.1
2025-06-12 19:23:00,6.3
2025-06-12 09:54:00,79.1
2025-06-12 13:08:00,80.4
2025-06-12 09:26:00,18.7
2025-06-12 02:50:00,36.6
2025-06-12 05:31:00,76.5
2025-06-12 14:58:00,66.6
2025-06-12 04:15:00,50.19809456598448
2025-06-12 05:56:00,57.5
2025-06-12 03:01:00,8.2
2025-06-12 18:34:00,10.2
2025-06-12 09:37:00,3.7
2025-06-12 02:14:00,6.5
2025-06-12 10:41:00,50.19809456598448
2025-06-12 14:14:00,50.19809456598448
2025-06-12 07:03:00,53.5
2025-06-12 09:36:00,33.7
2025-06-12 03:57:00,81.8
2025-06-12 02:12:00,18.9
2025-06-12 12:17:00,50.19809456598448
2025-06-12 18:22:00,45.6
2025-06-12 02:49:00,16.1
2025-06-12 20:47:00,50.19809456598448
2025-06-12 05:04:00,24.1
2025-06-12 08:56:00,78.4
2025-06-12 14:59:00,19.2
2025-06-12 00:39:00,50.19809456598448
2025-06-12 08:27:00,12.6
2025-06-12 04:48:00,50.19809456598448
2025-06-12 03:08:00,19.3
2025-06-12 14:43:00,39.3
2025-06-12 03:04:00,71.1
2025-06-12 18:20:00,73.9
2025-06-12 10:34:00,32.4
2025-06-12 16:38:00,3.9
2025-06-12 16:23:00,95.9
2025-06-12 12:40:00,25.3
2025-06-12 07:40:00,36.1
2025-06-12 13:17:00,50.19809456598448
2025-06-12 12:23:00,47.6
2025-06-12 21:04:00,50.19809456598448
2025-06-12 17:03:00,33.5
2025-06-12 19:33:00,47.3
2025-06-12 10:10:00,59.9
2025-06-12 21:11:00,57.7
2025-06-12 01:54:00,10.5
2025-06-12 16:11:00,84.9
2025-06-12 14:41:00,45.9
2025-06-12 20:48:00,80.5
2025-06-12 10:24:00,83.0
2025-06-12 22:13:00,5.4
2025-06-12 08:21:00,52.5
2025-06-12 05:59:00,80.5
2025-06-12 06:31:00,74.1
2025-06-12 16:14:00,56.0
2025-06-12 04:38:00,66.7
2025-06-12 16:18:00,80.9
2025-06-12 07:58:00,88.7
2025-06-12 01:47:00,49.54486036141751
2025-06-12 14:20:00,89.8
2025-06-12 18:34:00,53.7
2025-06-12 08:35:00,55.5
2025-06-12 12:23:00,96.3
2025-06-12 01:46:00,30.3
2025-06-12 20:29:00,51.2
2025-06-12 12:18:00,26.8
2025-06-12 12:38:00,66.1
2025-06-12 07:21:00,31.5
2025-06-12 16:31:00,90.4
2025-06-12 02:19:00,90.2
2025-06-12 05:49:00,91.5
2025-06-12 23:21:00,4.2
2025-06-12 10:13:00,23.1
2025-06-12 15:19:00,74.2
2025-06-12 23:25:00,32.3
2025-06-12 02:01:00,86.9
2025-06-12 13:40:00,59.8
2025-06-12 05:55:00,98.7
2025-06-12 10:00:00,93.1
2025-06-12 14:42:00,96.0
2025-06-12 11:45:00,17.1
2025-06-12 06:30:00,50.8
2025-06-12 03:27:00,49.54486036141751
2025-06-12 16:29:00,85.8
2025-06-12 20:48:00,33.2
2025-06-12 11:23:00,89.1
2025-06-12 23:37:00,49.54486036141751
2025-06-12 02:09:00,51.3
2025-06-12 00:45:00,47.6
2025-06-12 15:32:00,61.0
2025-06-12 03:28:00,65.9
2025-06-12 00:59:00,11.0
2025-06-12 09:08:00,87.3
2025-06-12 05:51:00,90.6
2025-06-12 00:49:00,83.2
2025-06-12 14:40:00,77.1
2025-06-12 20:38:00,49.54486036141751
2025-06-12 02:16:00,20.3
2025-06-12 04:30:00,8.9
2025-06-12 07:47:00,81.0
2025-06-12 14:47:00,71.5
2025-06-12 06:49:00,23.2
2025-06-12 02:41:00,72.8
2025-06-12 01:41:00,89.2
2025-06-12 08:05:00,65.7
2025-06-12 23:52:00,61.3
2025-06-12 14:07:00,43.7
2025-06-12 18:05:00,0.2
2025-06-12 08:52:00,49.54486036141751
2025-06-12 16:52:00,23.0
2025-06-12 13:46:00,35.4
2025-06-12 19:35:00,9.1
2025-06-12 05:22:00,57.4
2025-06-12 05:34:00,19.9
2025-06-12 21:05:00,23.1
2025-06-12 05:18:00,24.9
2025-06-12 21:08:00,62.7
2025-06-12 21:22:00,84.2
2025-06-12 12:15:00,66.4
2025-06-12 18:26:00,60.0
2025-06-12 06:27:00,49.54486036141751
2025-06-12 11:01:00,78.5
2025-06-12 09:43:00,24.8
2025-06-12 18:20:00,78.5
2025-06-12 15:41:00,25.2
2025-06-12 20:25:00,71.1
2025-06-12 23:01:00,27.1
2025-06-12 17:13:00,29.4
2025-06-12 10:08:00,49.54486036141751
2025-06-12 11:07:00,49.54486036141751
2025-06-12 09:40:00,47.6
2025-06-12 09:21:00,49.54486036141751
2025-06-12 05:22:00,69.0
2025-06-12 13:20:00,98.1
2025-06-12 15:37:00,41.4
2025-06-12 17:46:00,3.6
2025-06-12 20:25:00,61.2
2025-06-12 23:41:00,51.8
2025-06-12 18:28:00,84.4
2025-06-12 12:36:00,68.2
2025-06-12 23:07:00,19.8
2025-06-12 10:05:00,40.0
2025-06-12 09:20:00,60.7
2025-06-12 18:00:00,49.1
2025-06-12 04:33:00,96.3
2025-06-12 15:58:00,30.1
2025-06-12 15:12:00,17.6
2025-06-12 23:13:00,21.1
2025-06-12 07:27:00,95.4
2025-06-12 22:27:00,64.1
2025-06-12 07:48:00,91.8
2025-06-12 15:44:00,45.2
2025-06-12 10:44:00,47.2
2025-06-12 09:31:00,49.54486036141751
2025-06-12 12:07:00,4.2
2025-06-12 21:40:00,10.0
2025-06-12 17:18:00,48.0
2025-06-12 23:40:00,59.9
2025-06-12 18:58:00,49.54486036141751
2025-06-12 16:28:00,46.4
2025-06-12 02:03:00,52.6
2025-06-12 02:01:00,17.4
2025-06-12 15:47:00,56.0
2025-06-12 13:33:00,14.0
2025-06-12 09:14:00,58.8
2025-06-12 05:37:00,2.0
2025-06-12 09:50:00,49.54486036141751
2025-06-12 13:07:00,75.2
2025-06-12 03:11:00,49.54486036141751
2025-06-12 08:05:00,85.3
2025-06-12 13:32:00,84.0
2025-06-12 07:11:00,20.5
2025-06-12 16:12:00,29.1
2025-06-12 08:51:00,43.2
2025-06-12 21:04:00,69.9
2025-06-12 21:47:00,42.7
2025-06-12 13:28:00,21.8
2025-06-12 13:59:00,49.6
2025-06-12 01:23:00,64.7
2025-06-12 17:27:00,28.7
2025-06-12 00:24:00,22.3
2025-06-12 01:50:00,39.7
2025-06-12 12:51:00,85.5
2025-06-12 06:44:00,64.0
2025-06-12 00:39:00,49.54486036141751
2025-06-12 20:02:00,49.54486036141751
2025-06-12 11:50:00,49.54486036141751
2025-06-12 05:11:00,17.9
2025-06-12 04:01:00,36.3
2025-06-12 12:50:00,71.1
2025-06-12 02:00:00,3.6
2025-06-12 21:27:00,60.0
2025-06-12 12:45:00,49.54486036141751
2025-06-12 18:41:00,88.0
2025-06-12 17:50:00,39.0
2025-06-12 20:54:00,88.4
2025-06-12 00:32:00,63.7
2025-06-12 06:02:00,80.4
2025-06-12 06:10:00,99.4
2025-06-12 10:30:00,58.0
2025-06-12 00:24:00,56.8
2025-06-12 02:50:00,0.4
2025-06-12 09:01:00,52.7
2025-06-12 12:07:00,8.0
2025-06-12 15:14:00,86.6
2025-06-12 06:13:00,42.1
2025-06-12 15:04:00,7.9
2025-06-12 21:26:00,31.9
2025-06-12 16:03:00,34.7
2025-06-12 11:27:00,13.8
2025-06-12 07:34:00,65.4
2025-06-12 04:16:00,83.9
2025-06-12 18:09:00,12.7
2025-06-12 01:42:00,50.5
2025-06-12 16:53:00,17.2
2025-06-12 17:42:00,92.4
2025-06-12 03:31:00,23.1
2025-06-12 11:11:00,19.4
2025-06-12 14:41:00,96.4
2025-06-12 21:32:00,21.1
2025-06-12 13:08:00,49.54486036141751
2025-06-12 19:05:00,49.54486036141751
2025-06-12 06:47:00,88.5
2025-06-12 07:58:00,38.2
2025-06-12 06:00:00,15.2
2025-06-12 19:53:00,31.2
2025-06-12 00:48:00,80.5
2025-06-12 03:24:00,37.2
2025-06-12 09:37:00,29.7
2025-06-12 22:33:00,29.5
2025-06-12 09:00:00,1.0
2025-06-12 15:43:00,25.2
2025-06-12 07:51:00,49.54486036141751
2025-06-12 00:09:00,13.1
2025-06-12 18:45:00,90.9
2025-06-12 12:14:00,48.8
2025-06-12 21:14:00,49.54486036141751
2025-06-12 21:43:00,59.3
2025-06-12 16:48:00,99.5
2025-06-12 17:35:00,49.54486036141751
2025-06-12 20:55:00,49.54486036141751
2025-06-12 14:46:00,88.8
2025-06-12 07:58:00,85.2
2025-06-12 21:28:00,18.7
2025-06-12 19:18:00,47.2
2025-06-12 23:21:00,99.1
2025-06-12 02:36:00,35.7
2025-06-12 07:59:00,5.8
2025-06-12 02:49:00,75.1
2025-06-12 07:54:00,72.0
2025-06-12 04:14:00,57.8
2025-06-12 23:24:00,36.5
2025-06-12 00:55:00,98.9
2025-06-12 19:14:00,60.9
2025-06-12 07:14:00,8.4
2025-06-12 02:58:00,4.1
2025-06-12 13:05:00,46.4
2025-06-12 07:00:00,28.3
2025-06-12 21:29:00,94.9
2025-06-12 07:40:00,48.5
2025-06-12 21:27:00,49.54486036141751
2025-06-12 07:47:00,79.2
2025-06-12 01:54:00,6.5
2025-06-12 06:04:00,29.0
2025-06-12 10:26:00,90.3
2025-06-12 08:35:00,93.4
2025-06-12 17:50:00,31.4
2025-06-12 07:03:00,68.9
2025-06-12 01:24:00,84.0
2025-06-12 23:59:00,13.9
2025-06-12 00:56:00,58.2
2025-06-12 00:14:00,80.0
2025-06-12 16:06:00,41.3
2025-06-12 08:04:00,13.2
2025-06-12 19:50:00,22.9
2025-06-12 08:33:00,0.3
2025-06-12 17:38:00,85.4
2025-06-12 12:45:00,91.8
2025-06-12 09:37:00,54.9
2025-06-12 22:14:00,32.0
2025-06-12 21:17:00,93.0
2025-06-12 12:00:00,60.7
2025-06-12 13:10:00,53.1
2025-06-12 16:49:00,39.3
2025-06-12 21:35:00,10.2
2025-06-12 04:35:00,14.0
2025-06-12 20:17:00,56.7
2025-06-12 22:06:00,69.8
2025-06-12 02:40:00,97.1
2025-06-12 07:06:00,6.1
2025-06-12 17:09:00,20.3
2025-06-12 14:22:00,80.2
2025-06-12 10:51:00,80.7
2025-06-12 06:07:00,53.7
2025-06-12 09:22:00,49.54486036141751
2025-06-12 05:13:00,49.54486036141751
2025-06-12 17:00:00,62.5
2025-06-12 08:25:00,59.3
2025-06-12 22:16:00,80.0
2025-06-12 00:58:00,28.4
2025-06-12 23:19:00,49.54486036141751
2025-06-12 04:08:00,49.54486036141751
2025-06-12 07:22:00,33.2
2025-06-12 00:44:00,49.54486036141751
2025-06-12 14:54:00,94.6
2025-06-12 10:22:00,69.6
2025-06-12 16:38:00,12.2
2025-06-12 08:21:00,36.3
2025-06-12 05:40:00,49.54486036141751
2025-06-12 05:00:00,72.4
2025-06-12 00:15:00,19.2
2025-06-12 21:58:00,98.5
2025-06-12 02:07:00,89.2
2025-06-12 09:51:00,49.54486036141751
2025-06-12 12:41:00,63.3
2025-06-12 09:46:00,16.2
2025-06-12 23:07:00,74.3
2025-06-12 13:07:00,53.0
2025-06-12 10:57:00,20.5
2025-06-12 00:31:00,49.54486036141751
2025-06-12 17:18:00,3.5
2025-06-12 16:11:00,44.3
2025-06-12 07:17:00,3.1
2025-06-12 00:24:00,21.4
2025-06-12 20:32:00,47.1
2025-06-12 18:53:00,66.1
2025-06-12 19:05:00,17.3
2025-06-12 20:57:00,43.2
2025-06-12 13:25:00,83.7
2025-06-12 07:23:00,50.1
2025-06-12 13:30:00,62.1
2025-06-12 04:20:00,90.2
2025-06-12 06:28:00,52.4
2025-06-12 18:20:00,1.5
2025-06-12 06:24:00,76.9
2025-06-12 17:04:00,49.54486036141751
2025-06-12 18:38:00,71.7
2025-06-12 13:04:00,67.7
2025-06-12 15:00:00,55.1
2025-06-12 18:04:00,85.4
2025-06-12 07:52:00,47.4
2025-06-12 01:08:00,49.54486036141751
2025-06-12 23:12:00,49.54486036141751
2025-06-12 02:46:00,49.54486036141751
2025-06-12 01:53:00,49.54486036141751
2025-06-12 01:38:00,88.4
2025-06-12 08:00:00,32.1
2025-06-12 00:56:00,81.7
2025-06-12 10:38:00,52.9
2025-06-12 07:09:00,74.0
2025-06-12 22:07:00,41.5
2025-06-12 23:14:00,96.4
2025-06-12 05:05:00,18.0
2025-06-12 13:31:00,32.8
2025-06-12 15:54:00,8.1
2025-06-12 08:22:00,58.1
2025-06-12 03:03:00,45.7
2025-06-12 19:29:00,74.3
2025-06-12 00:22:00,17.6
2025-06-12 20:39:00,21.3
2025-06-12 06:13:00,10.5
2025-06-12 12:47:00,55.0
2025-06-12 21:27:00,93.5
2025-06-12 08:27:00,50.136426804852206
2025-06-12 23:09:00,4.7
2025-06-12 11:52:00,1.2
2025-06-12 09:04:00,50.136426804852206
2025-06-12 17:37:00,40.3
2025-06-12 13:52:00,92.2
2025-06-12 17:35:00,76.0
2025-06-12 11:51:00,49.1
2025-06-12 13:21:00,54.0
2025-06-12 23:01:00,46.9
2025-06-12 06:23:00,17.7
2025-06-12 02:29:00,73.7
2025-06-12 05:18:00,85.0
2025-06-12 15:36:00,19.5
2025-06-12 12:49:00,43.4
2025-06-12 00:53:00,50.136426804852206
2025-06-12 01:39:00,74.8
2025-06-12 07:48:00,42.1
2025-06-12 02:26:00,21.4
2025-06-12 04:17:00,50.136426804852206
2025-06-12 01:46:00,62.2
2025-06-12 19:21:00,16.9
2025-06-12 21:41:00,50.136426804852206
2025-06-12 12:13:00,0.0
2025-06-12 16:36:00,64.4
2025-06-12 08:06:00,22.1
2025-06-12 21:47:00,64.7
2025-06-12 23:48:00,87.1
2025-06-12 07:06:00,50.136426804852206
2025-06-12 00:38:00,28.6
2025-06-12 15:25:00,52.2
2025-06-12 21:19:00,16.6
2025-06-12 11:56:00,9.9
2025-06-12 15:28:00,50.8
2025-06-12 04:25:00,70.0
2025-06-12 07:57:00,60.0
2025-06-12 00:19:00,28.1
2025-06-12 18:14:00,95.8
2025-06-12 15:32:00,46.0
2025-06-12 02:33:00,19.9
2025-06-12 18:25:00,74.6
2025-06-12 05:05:00,14.1
2025-06-12 15:49:00,81.4
2025-06-12 16:28:00,11.5
2025-06-12 11:10:00,94.2
2025-06-12 00:02:00,42.8
2025-06-12 02:12:00,90.3
2025-06-12 18:07:00,18.3
2025-06-12 10:58:00,71.3
2025-06-12 21:27:00,3.5
2025-06-12 23:02:00,50.136426804852206
2025-06-12 03:34:00,50.136426804852206
2025-06-12 01:52:00,90.6
2025-06-12 11:50:00,50.136426804852206
2025-06-12 17:31:00,50.136426804852206
2025-06-12 16:22:00,46.9
2025-06-12 20:10:00,13.0
2025-06-12 23:03:00,50.136426804852206
2025-06-12 00:59:00,17.7
2025-06-12 23:38:00,28.5
2025-06-12 06:32:00,92.1
2025-06-12 17:53:00,92.2
2025-06-12 21:27:00,69.9
2025-06-12 06:00:00,60.3
2025-06-12 10:59:00,50.136426804852206
2025-06-12 16:39:00,77.4
2025-06-12 23:22:00,89.5
2025-06-12 11:06:00,50.136426804852206
2025-06-12 02:21:00,22.6
2025-06-12 07:42:00,9.1
2025-06-12 17:38:00,70.5
2025-06-12 19:01:00,50.136426804852206
2025-06-12 07:50:00,90.6
2025-06-12 19:25:00,74.7
2025-06-12 22:07:00,50.136426804852206
2025-06-12 03:33:00,90.1
2025-06-12 11:37:00,82.9
2025-06-12 11:39:00,17.1
2025-06-12 21:17:00,91.4
2025-06-12 00:36:00,42.2
2025-06-12 08:53:00,64.4
2025-06-12 22:32:00,50.136426804852206
2025-06-12 22:50:00,72.7
2025-06-12 10:21:00,48.3
2025-06-12 04:43:00,39.6
2025-06-12 15:31:00,20.0
2025-06-12 17:46:00,6.0
2025-06-12 09:53:00,50.136426804852206
2025-06-12 16:20:00,57.4
2025-06-12 03:24:00,8.6
2025-06-12 22:48:00,50.136426804852206
2025-06-12 01:04:00,42.7
2025-06-12 18:55:00,34.4
2025-06-12 12:33:00,50.136426804852206
2025-06-12 18:51:00,40.5
2025-06-12 14:33:00,81.0
2025-06-12 10:45:00,50.136426804852206
2025-06-12 09:08:00,91.3
2025-06-12 22:59:00,90.5
2025-06-12 08:33:00,35.7
2025-06-12 12:57:00,48.8
2025-06-12 16:33:00,66.7
2025-06-12 16:59:00,96.5
2025-06-12 00:35:00,72.5
2025-06-12 19:06:00,59.6
2025-06-12 15:34:00,35.1
2025-06-12 10:02:00,10.2
2025-06-12 00:04:00,27.1
2025-06-12 20:32:00,87.7
2025-06-12 08:28:00,77.1
2025-06-12 15:09:00,92.6
2025-06-12 11:05:00,90.3
2025-06-12 13:31:00,97.3
2025-06-12 03:16:00,78.1
2025-06-12 07:29:00,50.136426804852206
2025-06-12 06:59:00,96.0
2025-06-12 21:33:00,7.7
2025-06-12 06:47:00,15.5
2025-06-12 02:41:00,72.9
2025-06-12 23:41:00,76.5
2025-06-12 03:14:00,11.0
2025-06-12 13:51:00,88.2
2025-06-12 04:38:00,4.5
2025-06-12 15:16:00,70.7
2025-06-12 18:03:00,50.136426804852206
2025-06-12 20:02:00,71.7
2025-06-12 03:13:00,49.9
2025-06-12 05:27:00,4.4
2025-06-12 14:12:00,68.2
2025-06-12 22:48:00,12.0
2025-06-12 00:29:00,50.136426804852206
2025-06-12 11:20:00,50.136426804852206
2025-06-12 22:21:00,24.9
2025-06-12 01:40:00,50.136426804852206
2025-06-12 21:58:00,82.2
2025-06-12 01:01:00,65.2
2025-06-12 19:33:00,42.1
2025-06-12 16:42:00,59.3
2025-06-12 04:02:00,50.136426804852206
2025-06-12 00:05:00,70.5
2025-06-12 04:11:00,4.9
2025-06-12 00:48:00,43.4
2025-06-12 06:47:00,20.0
2025-06-12 21:27:00,94.7
2025-06-12 18:11:00,50.136426804852206
2025-06-12 18:00:00,61.0
2025-06-12 15:39:00,4.6
2025-06-12 01:30:00,62.5
2025-06-12 15:34:00,57.5
2025-06-12 06:25:00,50.136426804852206
2025-06-12 20:04:00,24.4
2025-06-12 06:19:00,84.3
2025-06-12 09:13:00,11.1
2025-06-12 04:32:00,57.8
2025-06-12 07:26:00,43.8
2025-06-12 06:40:00,69.9
2025-06-12 00:36:00,43.1
2025-06-12 23:17:00,63.0
2025-06-12 18:54:00,49.9
2025-06-12 11:58:00,41.8
2025-06-12 10:03:00,76.4
2025-06-12 12:45:00,45.6
2025-06-12 21:38:00,35.2
2025-06-12 00:17:00,54.3
2025-06-12 11:06:00,23.7
2025-06-12 05:08:00,83.6
2025-06-12 14:33:00,55.0
2025-06-12 19:02:00,64.1
2025-06-12 20:17:00,78.4
2025-06-12 04:11:00,23.6
2025-06-12 10:35:00,27.0
2025-06-12 10:09:00,50.136426804852206
2025-06-12 16:17:00,85.2
2025-06-12 04:41:00,50.136426804852206
2025-06-12 17:13:00,4.0
2025-06-12 21:54:00,96.8
2025-06-12 14:03:00,44.5
2025-06-12 21:45:00,21.3
2025-06-12 10:36:00,30.6
2025-06-12 09:51:00,74.1
2025-06-12 22:16:00,80.4
2025-06-12 15:35:00,42.2
2025-06-12 15:09:00,2.6
2025-06-12 03:30:00,88.8
2025-06-12 16:39:00,34.5
2025-06-12 07:00:00,42.2
2025-06-12 08:57:00,85.4
2025-06-12 07:14:00,50.136426804852206
2025-06-12 02:08:00,49.1
2025-06-12 19:34:00,44.0
2025-06-12 17:42:00,50.136426804852206
2025-06-12 08:51:00,42.1
2025-06-12 18:33:00,93.6
2025-06-12 21:39:00,79.9
2025-06-12 17:59:00,75.2
2025-06-12 01:07:00,94.9
2025-06-12 00:09:00,50.136426804852206
2025-06-12 16:49:00,59.0
2025-06-12 17:21:00,7.8
2025-06-12 03:19:00,50.136426804852206
2025-06-12 20:05:00,55.6
2025-06-12 23:14:00,50.136426804852206
2025-06-12 13:08:00,62.5
2025-06-12 04:17:00,2.3
2025-06-12 17:25:00,72.1
2025-06-12 01:48:00,50.136426804852206
2025-06-12 05:16:00,27.5
2025-06-12 03:44:00,50.136426804852206
2025-06-12 05:42:00,50.136426804852206
2025-06-12 21:49:00,36.1
2025-06-12 13:07:00,17.5
2025-06-12 09:21:00,15.4
2025-06-12 07:00:00,4.9
2025-06-12 23:21:00,52.5
2025-06-12 08:57:00,32.0
2025-06-12 05:32:00,59.0
2025-06-12 15:25:00,5.0
2025-06-12 16:22:00,3.5
2025-06-12 17:38:00,98.7
2025-06-12 05:54:00,1.8
2025-06-12 17:55:00,30.8
2025-06-12 01:42:00,49.9
2025-06-12 18:24:00,43.1
2025-06-12 23:43:00,50.136426804852206
2025-06-12 05:12:00,67.3
2025-06-12 12:40:00,25.7
2025-06-12 19:57:00,90.4
2025-06-12 04:16:00,50.136426804852206
2025-06-12 12:11:00,23.4
2025-06-12 01:45:00,50.9
2025-06-12 07:51:00,14.3
2025-06-12 17:15:00,50.136426804852206
2025-06-12 10:03:00,31.6
2025-06-12 05:36:00,88.2
2025-06-12 13:33:00,50.136426804852206
2025-06-12 00:02:00,13.0
2025-06-12 12:06:00,48.0
2025-06-12 10:54:00,50.136426804852206
2025-06-12 17:32:00,26.6
2025-06-12 19:12:00,58.6
2025-06-12 07:53:00,23.0
2025-06-12 15:43:00,12.1
2025-06-12 19:43:00,97.6
2025-06-12 02:51:00,31.2
2025-06-12 20:38:00,39.9
2025-06-12 08:17:00,50.136426804852206
2025-06-12 22:29:00,40.8
2025-06-12 00:19:00,50.136426804852206
2025-06-12 11:30:00,45.2
2025-06-12 12:56:00,50.136426804852206
2025-06-12 23:27:00,87.2
2025-06-12 13:12:00,85.7
2025-06-12 13:34:00,52.8
2025-06-12 16:17:00,87.8
2025-06-12 19:27:00,50.136426804852206
2025-06-12 11:36:00,54.9
2025-06-12 07:46:00,71.7
2025-06-12 14:43:00,8.2
2025-06-12 14:24:00,47.1
2025-06-12 23:12:00,37.3
2025-06-12 08:36:00,43.5
2025-06-12 19:50:00,33.1
2025-06-12 18:10:00,29.7
2025-06-12 12:23:00,90.7
2025-06-12 02:59:00,2.8
2025-06-12 04:40:00,50.136426804852206
2025-06-12 10:03:00,52.3
2025-06-12 06:31:00,12.3
2025-06-12 09:36:00,76.4
2025-06-12 21:04:00,50.136426804852206
2025-06-12 23:51:00,62.9
2025-06-12 23:40:00,50.136426804852206
2025-06-12 09:38:00,4.9
2025-06-12 11:55:00,61.2
2025-06-12 17:01:00,89.8
2025-06-12 23:47:00,71.3
2025-06-12 23:28:00,75.7
2025-06-12 23:11:00,78.0
2025-06-12 16:59:00,50.136426804852206
2025-06-12 01:21:00,55.0
2025-06-12 22:10:00,70.4
2025-06-12 03:51:00,40.4
2025-06-12 03:17:00,61.4
2025-06-12 02:01:00,31.5
2025-06-12 09:37:00,44.2
2025-06-12 12:30:00,63.8
2025-06-12 02:03:00,58.9
2025-06-12 19:04:00,50.136426804852206
2025-06-12 14:33:00,5.7
2025-06-12 23:13:00,15.6
2025-06-12 10:33:00,4.8
2025-06-12 17:20:00,88.6
2025-06-12 09:58:00,50.136426804852206
2025-06-12 19:53:00,31.6
2025-06-12 09:17:00,37.5
2025-06-12 01:28:00,25.5
2025-06-12 23:23:00,18.9
2025-06-12 17:00:00,33.7
2025-06-12 19:33:00,93.1
2025-06-12 22:02:00,13.1
2025-06-12 06:14:00,40.6
2025-06-12 13:53:00,35.2
2025-06-12 23:36:00,28.2
2025-06-12 14:18:00,36.7
2025-06-12 23:23:00,50.136426804852206
2025-06-12 07:36:00,50.136426804852206
2025-06-12 05:09:00,18.5
2025-06-12 04:16:00,29.9
2025-06-12 19:12:00,81.3
2025-06-12 15:32:00,4.9
2025-06-12 01:45:00,36.8
2025-06-12 18:08:00,10.4
2025-06-12 14:34:00,69.0
2025-06-12 18:52:00,50.136426804852206
2025-06-12 21:56:00,11.4
2025-06-12 17:55:00,72.7
2025-06-12 20:43:00,1.1
2025-06-12 14:15:00,99.9
2025-06-12 14:20:00,50.136426804852206
2025-06-12 02:30:00,84.1
2025-06-12 16:46:00,94.8
2025-06-12 11:11:00,67.8
2025-06-12 23:20:00,80.0
2025-06-12 05:10:00,86.8
2025-06-12 11:15:00,50.136426804852206
2025-06-12 23:26:00,35.4
2025-06-12 02:54:00,61.3
2025-06-12 12:32:00,90.1
2025-06-12 04:08:00,64.8
2025-06-12 03:55:00,21.7
2025-06-12 21:18:00,37.7
2025-06-12 15:57:00,10.1
2025-06-12 03:43:00,7.9
2025-06-12 10:15:00,50.037891637220255
2025-06-12 11:37:00,30.0
2025-06-12 13:32:00,40.6
2025-06-12 03:23:00,65.5
2025-06-12 19:12:00,37.6
2025-06-12 11:27:00,60.9
2025-06-12 06:43:00,43.5
2025-06-12 19:44:00,56.8
2025-06-12 23:51:00,55.2
2025-06-12 04:05:00,15.5
2025-06-12 14:10:00,26.7
2025-06-12 19:31:00,4.2
2025-06-12 17:01:00,23.0
2025-06-12 02:28:00,50.037891637220255
2025-06-12 14:20:00,96.7
2025-06-12 07:38:00,20.7
2025-06-12 11:34:00,6.9
2025-06-12 11:22:00,50.0
2025-06-12 15:06:00,68.7
2025-06-12 17:56:00,50.037891637220255
2025-06-12 05:38:00,4.9
2025-06-12 02:23:00,39.1
2025-06-12 18:16:00,10.2
2025-06-12 10:02:00,50.037891637220255
2025-06-12 02:39:00,10.9
2025-06-12 21:51:00,47.9
2025-06-12 17:38:00,50.037891637220255
2025-06-12 23:11:00,63.7
2025-06-12 16:36:00,32.9
2025-06-12 11:11:00,50.037891637220255
2025-06-12 11:31:00,83.6
2025-06-12 08:07:00,72.1
2025-06-12 20:58:00,79.4
2025-06-12 11:56:00,43.4
2025-06-12 22:09:00,57.7
2025-06-12 19:20:00,11.0
2025-06-12 17:13:00,76.7
2025-06-12 01:39:00,11.8
2025-06-12 12:09:00,7.3
2025-06-12 13:20:00,66.9
2025-06-12 15:17:00,76.0
2025-06-12 16:48:00,90.1
2025-06-12 00:48:00,23.6
2025-06-12 05:16:00,40.3
2025-06-12 00:56:00,43.1
2025-06-12 19:25:00,95.8
2025-06-12 14:19:00,2.1
2025-06-12 19:25:00,38.6
2025-06-12 07:28:00,58.2
2025-06-12 10:25:00,50.037891637220255
2025-06-12 16:07:00,0.6
2025-06-12 22:54:00,11.4
2025-06-12 10:22:00,10.2
2025-06-12 23:24:00,50.037891637220255
2025-06-12 14:38:00,99.1
2025-06-12 04:21:00,35.0
2025-06-12 14:00:00,50.037891637220255
2025-06-12 22:07:00,65.3
2025-06-12 13:17:00,77.2
2025-06-12 12:45:00,43.8
2025-06-12 14:40:00,50.037891637220255
2025-06-12 04:36:00,87.3
2025-06-12 04:03:00,17.7
2025-06-12 22:14:00,50.037891637220255
2025-06-12 03:18:00,2.2
2025-06-12 10:42:00,7.1
2025-06-12 05:38:00,33.0
2025-06-12 21:01:00,34.5
2025-06-12 06:49:00,94.9
2025-06-12 06:55:00,50.6
2025-06-12 12:38:00,50.037891637220255
2025-06-12 11:39:00,68.6
2025-06-12 11:20:00,11.1
2025-06-12 20:59:00,53.0
2025-06-12 23:42:00,50.037891637220255
2025-06-12 13:49:00,68.1
2025-06-12 20:33:00,20.4
2025-06-12 10:36:00,50.037891637220255
2025-06-12 01:31:00,84.8
2025-06-12 17:22:00,2.5
2025-06-12 19:59:00,50.037891637220255
2025-06-12 00:10:00,76.5
2025-06-12 10:13:00,10.8
2025-06-12 20:38:00,47.8
2025-06-12 12:35:00,13.5
2025-06-12 04:36:00,12.3
2025-06-12 01:20:00,44.3
2025-06-12 13:07:00,58.6
2025-06-12 20:48:00,57.4
2025-06-12 03:04:00,15.3
2025-06-12 06:45:00,19.8
2025-06-12 15:20:00,50.037891637220255
2025-06-12 05:16:00,28.5
2025-06-12 19:07:00,97.6
2025-06-12 20:35:00,20.5
2025-06-12 16:09:00,85.1
2025-06-12 12:51:00,10.5
2025-06-12 07:29:00,40.3
2025-06-12 00:23:00,50.037891637220255
2025-06-12 13:27:00,48.4
2025-06-12 16:27:00,66.9
2025-06-12 23:03:00,50.037891637220255
2025-06-12 07:13:00,50.037891637220255
2025-06-12 00:13:00,82.3
2025-06-12 17:12:00,27.7
2025-06-12 19:37:00,67.6
2025-06-12 13:19:00,48.3
2025-06-12 12:18:00,29.1
2025-06-12 05:09:00,50.037891637220255
2025-06-12 03:13:00,22.3
2025-06-12 00:30:00,50.037891637220255
2025-06-12 23:25:00,65.0
2025-06-12 20:51:00,50.037891637220255
2025-06-12 03:12:00,50.037891637220255
2025-06-12 09:16:00,83.1
2025-06-12 00:38:00,41.6
2025-06-12 02:08:00,50.037891637220255
2025-06-12 14:36:00,50.037891637220255
2025-06-12 23:27:00,18.5
2025-06-12 12:26:00,77.0
2025-06-12 01:48:00,74.9
2025-06-12 04:22:00,42.6
2025-06-12 16:57:00,27.8
2025-06-12 11:15:00,92.1
2025-06-12 23:56:00,50.037891637220255
2025-06-12 05:16:00,50.037891637220255
2025-06-12 14:22:00,82.7
2025-06-12 22:33:00,50.037891637220255
2025-06-12 21:01:00,75.8
2025-06-12 20:01:00,43.3
2025-06-12 17:21:00,36.8
2025-06-12 23:24:00,68.1
2025-06-12 14:13:00,35.3
2025-06-12 11:33:00,35.2
2025-06-12 15:51:00,71.0
2025-06-12 20:46:00,7.6
2025-06-12 05:59:00,50.037891637220255
2025-06-12 06:16:00,68.7
2025-06-12 11:10:00,52.4
2025-06-12 23:49:00,12.9
2025-06-12 09:15:00,39.0
2025-06-12 16:44:00,16.8
2025-06-12 07:26:00,76.1
2025-06-12 10:22:00,84.0
2025-06-12 02:09:00,34.7
2025-06-12 04:13:00,7.5
2025-06-12 17:34:00,80.1
2025-06-12 09:38:00,46.1
2025-06-12 10:39:00,35.9
2025-06-12 15:14:00,16.2
2025-06-12 03:31:00,21.4
2025-06-12 13:45:00,65.5
2025-06-12 09:31:00,5.5
2025-06-12 15:31:00,19.3
2025-06-12 01:55:00,68.4
2025-06-12 16:40:00,46.5
2025-06-12 03:34:00,81.5
2025-06-12 01:43:00,50.037891637220255
2025-06-12 03:45:00,50.037891637220255
2025-06-12 02:50:00,70.2
2025-06-12 15:27:00,75.1
2025-06-12 13:57:00,53.9
2025-06-12 22:26:00,42.6
2025-06-12 11:01:00,18.7
2025-06-12 10:40:00,80.6
2025-06-12 01:42:00,56.9
2025-06-12 19:38:00,99.1
2025-06-12 01:48:00,50.037891637220255
2025-06-12 07:14:00,72.7
2025-06-12 23:56:00,80.2
2025-06-12 03:56:00,91.5
2025-06-12 06:21:00,81.2
2025-06-12 14:04:00,95.1
2025-06-12 03:34:00,38.8
2025-06-12 05:41:00,93.3
2025-06-12 21:39:00,48.9
2025-06-12 18:46:00,42.8
2025-06-12 14:20:00,55.2
2025-06-12 14:57:00,50.037891637220255
2025-06-12 18:10:00,14.1
2025-06-12 18:39:00,42.4
2025-06-12 04:34:00,90.0
2025-06-12 13:08:00,14.4
2025-06-12 01:26:00,51.0
2025-06-12 05:46:00,26.0
2025-06-12 23:41:00,50.037891637220255
2025-06-12 13:01:00,93.6
2025-06-12 14:13:00,85.5
2025-06-12 04:45:00,82.5
2025-06-12 16:47:00,50.037891637220255
2025-06-12 12:02:00,73.0
2025-06-12 07:38:00,36.7
2025-06-12 22:28:00,76.4
2025-06-12 05:37:00,50.037891637220255
2025-06-12 09:37:00,28.9
2025-06-12 06:22:00,47.8
2025-06-12 09:30:00,93.2
2025-06-12 03:48:00,1.7
2025-06-12 11:46:00,84.7
2025-06-12 12:43:00,28.6
2025-06-12 12:20:00,33.5
2025-06-12 21:44:00,20.3
2025-06-12 22:36:00,9.2
2025-06-12 08:14:00,15.8
2025-06-12 15:38:00,81.4
2025-06-12 03:04:00,92.3
2025-06-12 01:53:00,0.8
2025-06-12 15:43:00,81.5
2025-06-12 06:46:00,38.5
2025-06-12 00:26:00,12.9
2025-06-12 15:57:00,81.1
2025-06-12 11:56:00,50.037891637220255
2025-06-12 10:50:00,43.8
2025-06-12 03:25:00,68.4
2025-06-12 21:52:00,69.5
2025-06-12 11:07:00,50.037891637220255
2025-06-12 09:45:00,56.9
2025-06-12 09:36:00,95.0
2025-06-12 19:20:00,11.7
2025-06-12 09:52:00,26.4
2025-06-12 01:58:00,61.7
2025-06-12 06:08:00,68.3
2025-06-12 07:59:00,50.0
2025-06-12 10:06:00,98.1
2025-06-12 15:22:00,17.3
2025-06-12 04:59:00,56.7
2025-06-12 06:22:00,55.0
2025-06-12 18:49:00,60.8
2025-06-12 23:20:00,6.1
2025-06-12 04:58:00,84.6
2025-06-12 00:20:00,10.6
2025-06-12 15:10:00,50.037891637220255
2025-06-12 06:22:00,30.0
2025-06-12 16:30:00,64.9
2025-06-12 19:21:00,12.4
2025-06-12 05:49:00,4.8
2025-06-12 14:08:00,76.0
2025-06-12 11:56:00,50.037891637220255
2025-06-12 16:48:00,21.8
2025-06-12 16:43:00,65.7
2025-06-12 07:51:00,50.037891637220255
2025-06-12 08:39:00,50.037891637220255
2025-06-12 22:39:00,15.8
2025-06-12 04:35:00,70.9
2025-06-12 15:04:00,85.7
2025-06-12 02:30:00,59.8
2025-06-12 03:39:00,52.8
2025-06-12 15:59:00,37.9
2025-06-12 08:54:00,84.2
2025-06-12 02:26:00,26.1
2025-06-12 19:22:00,39.9
2025-06-12 02:42:00,69.4
2025-06-12 02:17:00,50.037891637220255
2025-06-12 00:48:00,24.7
2025-06-12 04:16:00,56.5
2025-06-12 17:59:00,35.5
2025-06-12 02:09:00,27.2
2025-06-12 10:16:00,12.8
2025-06-12 03:57:00,50.037891637220255
2025-06-12 16:47:00,15.5
2025-06-12 13:06:00,85.8
2025-06-12 17:10:00,93.3
2025-06-12 15:15:00,82.7
2025-06-12 22:17:00,0.6
2025-06-12 18:53:00,19.7
2025-06-12 15:09:00,73.8
2025-06-12 03:41:00,26.0
2025-06-12 21:21:00,87.4
2025-06-12 08:50:00,50.037891637220255
2025-06-12 00:30:00,62.5
2025-06-12 13:09:00,90.1
2025-06-12 14:28:00,3.8
2025-06-12 16:37:00,78.7
2025-06-12 21:19:00,15.1
2025-06-12 15:47:00,47.3
2025-06-12 03:44:00,60.3
2025-06-12 08:43:00,93.3
2025-06-12 16:53:00,68.4
2025-06-12 03:01:00,61.8
2025-06-12 19:53:00,44.1
2025-06-12 05:47:00,46.1
2025-06-12 10:44:00,50.037891637220255
2025-06-12 08:00:00,1.7
2025-06-12 07:12:00,50.037891637220255
2025-06-12 19:27:00,17.5
2025-06-12 20:08:00,50.037891637220255
2025-06-12 22:00:00,72.6
2025-06-12 00:45:00,78.2
2025-06-12 21:33:00,81.2
2025-06-12 00:28:00,14.4
2025-06-12 16:00:00,17.1
2025-06-12 16:50:00,50.037891637220255
2025-06-12 09:24:00,50.037891637220255
2025-06-12 18:50:00,37.6
2025-06-12 16:16:00,30.7
2025-06-12 06:33:00,41.0
2025-06-12 23:40:00,42.0
2025-06-12 13:37:00,42.9
2025-06-12 18:45:00,30.9
2025-06-12 20:41:00,75.0
2025-06-12 18:34:00,78.4
2025-06-12 10:39:00,50.037891637220255
2025-06-12 06:41:00,41.7
2025-06-12 06:52:00,42.9
2025-06-12 22:21:00,20.1
2025-06-12 07:18:00,12.1
2025-06-12 13:30:00,84.3
2025-06-12 07:32:00,54.4
2025-06-12 13:58:00,1.8
2025-06-12 05:01:00,8.7
2025-06-12 07:21:00,96.2
2025-06-12 06:15:00,62.3
2025-06-12 04:56:00,15.7
2025-06-12 10:22:00,75.1
2025-06-12 19:13:00,89.8
2025-06-12 01:45:00,40.9
2025-06-12 05:45:00,88.4
2025-06-12 23:22:00,28.2
2025-06-12 17:48:00,72.6
2025-06-12 14:11:00,1.3
2025-06-12 13:09:00,99.5
2025-06-12 09:13:00,99.3
2025-06-12 15:09:00,3.7
2025-06-12 10:57:00,23.3
2025-06-12 05:30:00,41.4
2025-06-12 00:59:00,63.7
2025-06-12 17:33:00,50.037891637220255
2025-06-12 16:09:00,73.8
2025-06-12 08:17:00,49.0
2025-06-12 04:43:00,25.6
2025-06-12 06:32:00,39.5
2025-06-12 17:46:00,62.6
2025-06-12 21:35:00,96.0
2025-06-12 06:58:00,21.3
2025-06-12 10:47:00,79.6
2025-06-12 10:07:00,48.7
2025-06-12 07:10:00,50.037891637220255
2025-06-12 11:41:00,50.037891637220255
2025-06-12 21:12:00,21.0
2025-06-12 21:49:00,5.1
2025-06-12 02:07:00,50.037891637220255
2025-06-12 13:14:00,3.8
2025-06-12 04:49:00,2.7
2025-06-12 19:20:00,99.8
2025-06-12 15:22:00,2.5
2025-06-12 06:53:00,32.2
2025-06-12 15:57:00,43.0
2025-06-12 03:01:00,43.7
2025-06-12 01:32:00,22.1
2025-06-12 02:29:00,21.4
2025-06-12 17:48:00,43.2
2025-06-12 20:21:00,50.60542317173377
2025-06-12 11:54:00,93.9
2025-06-12 08:13:00,98.6
2025-06-12 06:23:00,60.1
2025-06-12 10:33:00,79.7
2025-06-12 19:48:00,50.60542317173377
2025-06-12 03:27:00,1.0
2025-06-12 21:50:00,50.60542317173377
2025-06-12 03:14:00,89.5
2025-06-12 10:19:00,86.2
2025-06-12 12:49:00,42.8
2025-06-12 21:13:00,32.9
2025-06-12 09:21:00,2.9
2025-06-12 11:18:00,50.60542317173377
2025-06-12 10:42:00,82.5
2025-06-12 11:32:00,20.9
2025-06-12 10:49:00,4.9
2025-06-12 00:04:00,74.9
2025-06-12 02:51:00,21.1
2025-06-12 06:04:00,62.1
2025-06-12 16:23:00,11.2
2025-06-12 20:33:00,64.6
2025-06-12 19:09:00,3.2
2025-06-12 11:03:00,67.0
2025-06-12 22:54:00,78.4
2025-06-12 12:03:00,50.60542317173377
2025-06-12 17:27:00,50.60542317173377
2025-06-12 00:46:00,96.1
2025-06-12 10:46:00,19.3
2025-06-12 10:05:00,50.60542317173377
2025-06-12 17:26:00,18.2
2025-06-12 10:42:00,56.5
2025-06-12 10:09:00,80.7
2025-06-12 11:19:00,63.1
2025-06-12 23:54:00,67.3
2025-06-12 19:45:00,45.9
2025-06-12 05:46:00,50.60542317173377
2025-06-12 02:09:00,65.1
2025-06-12 23:09:00,35.1
2025-06-12 00:39:00,96.7
2025-06-12 19:37:00,50.60542317173377
2025-06-12 07:57:00,67.5
2025-06-12 21:13:00,11.0
2025-06-12 07:55:00,82.3
2025-06-12 11:25:00,50.60542317173377
2025-06-12 14:41:00,3.7
2025-06-12 09:13:00,59.9
2025-06-12 12:28:00,86.4
2025-06-12 10:38:00,40.3
2025-06-12 08:58:00,27.7
2025-06-12 13:29:00,99.9
2025-06-12 19:38:00,3.0
2025-06-12 16:02:00,48.5
2025-06-12 06:48:00,50.60542317173377
2025-06-12 23:21:00,12.2
2025-06-12 20:12:00,26.5
2025-06-12 06:45:00,96.3
2025-06-12 14:07:00,50.60542317173377
2025-06-12 08:31:00,54.9
2025-06-12 15:51:00,50.60542317173377
2025-06-12 23:38:00,84.8
2025-06-12 13:06:00,51.4
2025-06-12 20:42:00,71.9
2025-06-12 05:26:00,50.60542317173377
2025-06-12 21:01:00,37.9
2025-06-12 16:12:00,35.2
2025-06-12 05:52:00,14.4
2025-06-12 20:35:00,76.4
2025-06-12 19:07:00,27.4
2025-06-12 10:51:00,45.2
2025-06-12 15:41:00,32.0
2025-06-12 12:34:00,48.2
2025-06-12 11:02:00,59.1
2025-06-12 18:43:00,50.60542317173377
2025-06-12 18:53:00,99.0
2025-06-12 16:55:00,27.6
2025-06-12 22:27:00,17.8
2025-06-12 14:16:00,76.3
2025-06-12 06:38:00,50.60542317173377
2025-06-12 05:09:00,53.1
2025-06-12 13:08:00,46.3
2025-06-12 21:41:00,30.4
2025-06-12 23:27:00,79.3
2025-06-12 19:03:00,85.9
2025-06-12 21:49:00,39.1
2025-06-12 07:45:00,76.2
2025-06-12 09:48:00,64.8
2025-06-12 22:28:00,97.4
2025-06-12 07:35:00,50.60542317173377
2025-06-12 19:36:00,56.8
2025-06-12 08:38:00,57.8
2025-06-12 18:06:00,74.6
2025-06-12 10:48:00,2.8
2025-06-12 11:51:00,10.5
2025-06-12 06:00:00,50.60542317173377
2025-06-12 18:34:00,28.6
2025-06-12 18:43:00,74.5
2025-06-12 07:03:00,57.6
2025-06-12 10:00:00,88.7
2025-06-12 21:51:00,16.5
2025-06-12 00:18:00,51.3
2025-06-12 14:51:00,38.4
2025-06-12 11:08:00,53.7
2025-06-12 00:35:00,84.9
2025-06-12 17:20:00,9.7
2025-06-12 04:53:00,58.7
2025-06-12 13:16:00,9.1
2025-06-12 02:26:00,15.4
2025-06-12 09:23:00,30.9
2025-06-12 21:48:00,62.6
2025-06-12 11:57:00,79.4
2025-06-12 21:55:00,17.9
2025-06-12 14:43:00,50.60542317173377
2025-06-12 09:04:00,73.9
2025-06-12 22:05:00,28.6
2025-06-12 02:00:00,71.3
2025-06-12 18:09:00,25.0
2025-06-12 18:46:00,50.60542317173377
2025-06-12 18:35:00,63.5
2025-06-12 13:03:00,84.6
2025-06-12 22:09:00,75.4
2025-06-12 21:30:00,3.3
2025-06-12 19:36:00,16.3
2025-06-12 07:32:00,50.60542317173377
2025-06-12 02:30:00,6.7
2025-06-12 09:21:00,9.4
2025-06-12 17:51:00,64.9
2025-06-12 21:45:00,65.5
2025-06-12 10:34:00,95.9
2025-06-12 01:45:00,80.4
2025-06-12 09:49:00,8.2
2025-06-12 17:23:00,84.1
2025-06-12 11:41:00,62.5
2025-06-12 21:18:00,1.0
2025-06-12 04:28:00,11.9
2025-06-12 23:26:00,50.60542317173377
2025-06-12 11:05:00,29.4
2025-06-12 04:38:00,74.8
2025-06-12 12:29:00,74.1
2025-06-12 09:54:00,50.60542317173377
2025-06-12 02:23:00,60.7
2025-06-12 13:32:00,50.60542317173377
2025-06-12 22:03:00,34.2
2025-06-12 23:17:00,41.5
2025-06-12 17:36:00,76.8
2025-06-12 07:09:00,0.5
2025-06-12 18:03:00,35.3
2025-06-12 08:14:00,22.0
2025-06-12 08:52:00,25.5
2025-06-12 01:40:00,24.3
2025-06-12 10:51:00,50.60542317173377
2025-06-12 08:57:00,94.3
2025-06-12 10:38:00,50.60542317173377
2025-06-12 19:59:00,29.0
2025-06-12 00:58:00,93.3
2025-06-12 09:59:00,79.2
2025-06-12 21:35:00,83.8
2025-06-12 18:26:00,86.3
2025-06-12 17:52:00,39.6
2025-06-12 23:03:00,52.2
2025-06-12 09:08:00,17.4
2025-06-12 01:06:00,16.0
2025-06-12 18:02:00,47.5
2025-06-12 05:29:00,86.6
2025-06-12 14:27:00,54.7
2025-06-12 20:40:00,83.4
2025-06-12 08:42:00,32.3
2025-06-12 12:24:00,15.6
2025-06-12 09:04:00,7.3
2025-06-12 21:22:00,53.3
2025-06-12 04:26:00,71.3
2025-06-12 17:20:00,15.7
2025-06-12 09:08:00,50.4
2025-06-12 18:50:00,48.5
2025-06-12 20:13:00,32.1
2025-06-12 02:23:00,51.1
2025-06-12 10:18:00,50.60542317173377
2025-06-12 17:48:00,48.2
2025-06-12 11:23:00,97.8
2025-06-12 04:24:00,64.0
2025-06-12 11:14:00,50.3
2025-06-12 21:57:00,27.2
2025-06-12 01:10:00,50.60542317173377
2025-06-12 12:50:00,57.2
2025-06-12 07:08:00,59.3
2025-06-12 10:07:00,50.60542317173377
2025-06-12 03:01:00,35.7
2025-06-12 15:03:00,64.1
2025-06-12 23:18:00,14.8
2025-06-12 12:25:00,60.1
2025-06-12 21:16:00,44.8
2025-06-12 22:47:00,99.6
2025-06-12 05:05:00,27.4
2025-06-12 20:22:00,19.7
2025-06-12 18:00:00,36.5
2025-06-12 01:20:00,20.9
2025-06-12 22:50:00,84.1
2025-06-12 05:41:00,79.6
2025-06-12 20:44:00,32.7
2025-06-12 18:46:00,66.1
2025-06-12 14:23:00,97.1
2025-06-12 10:27:00,68.4
2025-06-12 01:39:00,50.60542317173377
2025-06-12 00:26:00,61.5
2025-06-12 01:01:00,2.0
2025-06-12 05:19:00,86.0
2025-06-12 08:16:00,14.0
2025-06-12 22:01:00,95.3
2025-06-12 01:05:00,41.5
2025-06-12 15:19:00,91.0
2025-06-12 12:46:00,98.4
2025-06-12 17:13:00,1.4
2025-06-12 17:57:00,95.7
2025-06-12 16:44:00,7.2
2025-06-12 10:06:00,50.60542317173377
2025-06-12 16:29:00,19.2
2025-06-12 08:10:00,56.9
2025-06-12 07:12:00,58.6
2025-06-12 00:12:00,51.9
2025-06-12 19:17:00,94.8
2025-06-12 17:04:00,66.2
2025-06-12 04:50:00,94.9
2025-06-12 01:45:00,50.60542317173377
2025-06-12 12:42:00,54.8
2025-06-12 14:31:00,56.5
2025-06-12 14:08:00,19.6
2025-06-12 07:03:00,7.2
2025-06-12 19:46:00,75.8
2025-06-12 09:18:00,32.4
2025-06-12 03:30:00,44.3
2025-06-12 01:16:00,5.8
2025-06-12 06:38:00,39.1
2025-06-12 03:28:00,96.5
2025-06-12 10:34:00,50.60542317173377
2025-06-12 07:10:00,52.6
2025-06-12 14:11:00,77.5
2025-06-12 16:30:00,15.3
2025-06-12 05:05:00,90.2
2025-06-12 07:56:00,50.60542317173377
2025-06-12 05:19:00,56.7
2025-06-12 14:14:00,34.4
2025-06-12 07:36:00,31.8
2025-06-12 11:40:00,46.9
2025-06-12 09:10:00,70.6
2025-06-12 23:22:00,59.8
2025-06-12 04:13:00,9.5
2025-06-12 11:28:00,47.2
2025-06-12 04:33:00,50.60542317173377
2025-06-12 05:30:00,34.4
2025-06-12 04:23:00,35.0
2025-06-12 19:55:00,45.9
2025-06-12 07:21:00,21.5
2025-06-12 13:16:00,10.6
2025-06-12 04:29:00,99.7
2025-06-12 18:39:00,93.9
2025-06-12 05:10:00,97.2
2025-06-12 01:56:00,80.7
2025-06-12 09:34:00,29.9
2025-06-12 17:35:00,0.9
2025-06-12 20:21:00,50.60542317173377
2025-06-12 22:46:00,40.8
2025-06-12 06:48:00,80.5
2025-06-12 08:16:00,50.60542317173377
2025-06-12 05:45:00,35.5
2025-06-12 09:20:00,46.7
2025-06-12 03:16:00,27.4
2025-06-12 02:43:00,59.6
2025-06-12 00:49:00,50.60542317173377
2025-06-12 04:58:00,49.1
2025-06-12 19:29:00,47.0
2025-06-12 17:06:00,95.8
2025-06-12 11:52:00,23.1
2025-06-12 02:46:00,90.1
2025-06-12 13:20:00,98.4
2025-06-12 21:45:00,84.7
2025-06-12 09:20:00,37.1
2025-06-12 07:26:00,82.5
2025-06-12 13:41:00,7.6
2025-06-12 09:24:00,75.1
2025-06-12 20:48:00,35.1
2025-06-12 15:01:00,39.0
2025-06-12 21:46:00,52.3
2025-06-12 17:08:00,26.9
2025-06-12 12:24:00,21.2
2025-06-12 07:52:00,58.2
2025-06-12 10:08:00,9.6
2025-06-12 14:11:00,98.4
2025-06-12 11:22:00,50.60542317173377
2025-06-12 15:05:00,2.4
2025-06-12 02:52:00,15.8
2025-06-12 06:40:00,50.60542317173377
2025-06-12 06:10:00,59.3
2025-06-12 04:21:00,70.9
2025-06-12 23:36:00,50.60542317173377
2025-06-12 20:45:00,50.60542317173377
2025-06-12 12:19:00,50.60542317173377
2025-06-12 23:30:00,61.6
2025-06-12 04:15:00,25.5
2025-06-12 16:51:00,51.7
2025-06-12 23:12:00,52.7
2025-06-12 20:33:00,93.3
2025-06-12 12:23:00,21.2
2025-06-12 13:48:00,16.0
2025-06-12 15:50:00,50.60542317173377
2025-06-12 00:45:00,77.9
2025-06-12 10:15:00,51.5
2025-06-12 02:28:00,15.5
2025-06-12 23:42:00,96.0
2025-06-12 10:04:00,50.60542317173377
2025-06-12 02:27:00,90.4
2025-06-12 22:30:00,41.0
2025-06-12 22:33:00,62.1
2025-06-12 15:25:00,81.0
2025-06-12 06:41:00,72.1
2025-06-12 13:37:00,88.8
2025-06-12 09:54:00,82.1
2025-06-12 18:00:00,11.3
2025-06-12 07:25:00,78.1
2025-06-12 11:03:00,72.1
2025-06-12 05:31:00,20.7
2025-06-12 03:50:00,50.60542317173377
2025-06-12 16:18:00,20.9
2025-06-12 03:39:00,53.8
2025-06-12 11:31:00,90.7
2025-06-12 12:32:00,98.0
2025-06-12 07:47:00,3.1
2025-06-12 22:11:00,49.2
2025-06-12 18:18:00,93.0
2025-06-12 04:19:00,85.5
2025-06-12 21:28:00,65.6
2025-06-12 19:40:00,40.8
2025-06-12 18:27:00,50.60542317173377
2025-06-12 22:48:00,50.60542317173377
2025-06-12 08:30:00,50.60542317173377
2025-06-12 10:17:00,44.9
2025-06-12 07:27:00,65.2
2025-06-12 13:48:00,90.8
2025-06-12 13:23:00,47.7
2025-06-12 16:39:00,90.4
2025-06-12 13:28:00,87.3
2025-06-12 21:00:00,4.1
2025-06-12 06:27:00,50.60542317173377
2025-06-12 01:32:00,23.7
2025-06-12 14:36:00,0.8
2025-06-12 11:23:00,4.9
2025-06-12 06:11:00,25.2
2025-06-12 18:02:00,16.1
2025-06-12 08:17:00,50.4
2025-06-12 09:18:00,50.60542317173377
2025-06-12 09:14:00,53.1
2025-06-12 22:12:00,79.9
2025-06-12 21:53:00,72.6
2025-06-12 04:12:00,14.6
2025-06-12 00:56:00,78.8
2025-06-12 05:04:00,91.3
2025-06-12 05:53:00,98.0
2025-06-12 23:16:00,12.2
2025-06-12 03:00:00,93.6
2025-06-12 23:42:00,17.4
2025-06-12 10:19:00,76.0
2025-06-12 14:28:00,58.7
2025-06-12 13:31:00,3.5
2025-06-12 01:47:00,52.4
2025-06-12 11:45:00,5.7
2025-06-12 20:18:00,76.8
2025-06-12 17:41:00,54.2
2025-06-12 14:25:00,31.9
2025-06-12 18:50:00,75.6
2025-06-12 13:29:00,99.2
2025-06-12 19:24:00,74.5
2025-06-12 13:36:00,29.7
2025-06-12 23:07:00,34.1
2025-06-12 01:55:00,28.5
2025-06-12 15:52:00,6.9
2025-06-12 00:29:00,14.3
2025-06-12 09:47:00,99.5
2025-06-12 17:40:00,53.3
2025-06-12 22:42:00,49.935598591549294
2025-06-12 19:07:00,49.935598591549294
2025-06-12 11:13:00,59.3
2025-06-12 23:13:00,49.935598591549294
2025-06-12 16:13:00,15.1
2025-06-12 06:21:00,49.935598591549294
2025-06-12 10:49:00,13.5
2025-06-12 02:35:00,6.2
2025-06-12 03:42:00,49.935598591549294
2025-06-12 15:10:00,30.2
2025-06-12 10:25:00,86.9
2025-06-12 23:28:00,66.1
2025-06-12 12:29:00,60.6
2025-06-12 04:44:00,76.1
2025-06-12 03:35:00,49.935598591549294
2025-06-12 01:11:00,0.7
2025-06-12 09:27:00,64.7
2025-06-12 19:51:00,59.0
2025-06-12 12:06:00,6.2
2025-06-12 11:27:00,10.1
2025-06-12 04:26:00,1.9
2025-06-12 14:42:00,3.5
2025-06-12 20:26:00,75.0
2025-06-12 20:26:00,6.3
2025-06-12 14:56:00,94.4
2025-06-12 17:13:00,5.5
2025-06-12 16:52:00,49.935598591549294
2025-06-12 22:01:00,98.2
2025-06-12 08:02:00,1.3
2025-06-12 23:58:00,61.8
2025-06-12 03:22:00,35.4
2025-06-12 04:37:00,49.935598591549294
2025-06-12 06:49:00,14.6
2025-06-12 02:23:00,42.6
2025-06-12 14:58:00,87.4
2025-06-12 06:00:00,74.3
2025-06-12 22:46:00,9.1
2025-06-12 12:33:00,96.3
2025-06-12 21:04:00,69.5
2025-06-12 18:12:00,98.0
2025-06-12 15:23:00,21.2
2025-06-12 04:00:00,65.4
2025-06-12 06:38:00,51.2
2025-06-12 19:04:00,44.1
2025-06-12 19:11:00,69.0
2025-06-12 00:03:00,25.7
2025-06-12 15:22:00,63.8
2025-06-12 09:59:00,47.2
2025-06-12 20:21:00,85.5
2025-06-12 07:57:00,67.5
2025-06-12 12:01:00,20.4
2025-06-12 10:08:00,10.3
2025-06-12 02:41:00,7.1
2025-06-12 09:15:00,64.7
2025-06-12 07:38:00,15.9
2025-06-12 07:04:00,92.3
2025-06-12 20:38:00,49.935598591549294
2025-06-12 06:57:00,49.935598591549294
2025-06-12 16:38:00,86.1
2025-06-12 00:06:00,4.1
2025-06-12 20:01:00,3.4
2025-06-12 06:11:00,30.9
2025-06-12 15:02:00,6.1
2025-06-12 03:21:00,66.0
2025-06-12 11:23:00,63.9
2025-06-12 17:27:00,24.6
2025-06-12 22:13:00,79.1
2025-06-12 18:03:00,45.2
2025-06-12 15:39:00,66.0
2025-06-12 01:38:00,17.0
2025-06-12 20:25:00,41.0
2025-06-12 10:03:00,86.4
2025-06-12 13:01:00,35.7
2025-06-12 01:00:00,52.6
2025-06-12 09:26:00,59.0
2025-06-12 04:16:00,74.5
2025-06-12 07:53:00,78.0
2025-06-12 23:20:00,72.1
2025-06-12 21:23:00,49.935598591549294
2025-06-12 05:45:00,49.935598591549294
2025-06-12 09:26:00,62.4
2025-06-12 12:00:00,29.8
2025-06-12 15:00:00,49.935598591549294
2025-06-12 17:28:00,66.7
2025-06-12 03:01:00,76.9
2025-06-12 10:21:00,45.3
2025-06-12 07:43:00,49.935598591549294
2025-06-12 00:32:00,69.1
2025-06-12 11:33:00,11.0
2025-06-12 04:32:00,23.7
2025-06-12 08:13:00,68.1
2025-06-12 00:25:00,100.0
2025-06-12 18:30:00,56.3
2025-06-12 03:45:00,20.4
2025-06-12 08:08:00,39.2
2025-06-12 06:25:00,0.6
2025-06-12 09:51:00,27.6
2025-06-12 13:05:00,18.0
2025-06-12 02:15:00,86.0
2025-06-12 09:30:00,34.8
2025-06-12 09:43:00,50.4
2025-06-12 17:39:00,8.3
2025-06-12 15:12:00,42.1
2025-06-12 21:15:00,49.935598591549294
2025-06-12 20:04:00,49.935598591549294
2025-06-12 05:51:00,73.1
2025-06-12 18:03:00,22.7
2025-06-12 11:11:00,76.1
2025-06-12 13:04:00,75.4
2025-06-12 06:57:00,5.1
2025-06-12 22:56:00,91.8
2025-06-12 20:10:00,94.3
2025-06-12 17:55:00,18.9
2025-06-12 23:31:00,61.1
2025-06-12 08:22:00,57.0
2025-06-12 16:26:00,5.1
2025-06-12 05:28:00,43.7
2025-06-12 00:57:00,49.935598591549294
2025-06-12 09:45:00,14.6
2025-06-12 22:01:00,45.8
2025-06-12 04:29:00,49.935598591549294
2025-06-12 10:46:00,6.3
2025-06-12 23:27:00,38.3
2025-06-12 23:10:00,32.5
2025-06-12 01:56:00,49.935598591549294
2025-06-12 17:33:00,40.3
2025-06-12 09:37:00,30.5
2025-06-12 13:09:00,90.3
2025-06-12 07:55:00,7.0
2025-06-12 05:20:00,68.2
2025-06-12 04:25:00,27.9
2025-06-12 02:29:00,14.9
2025-06-12 14:34:00,2.0
2025-06-12 09:12:00,94.4
2025-06-12 09:13:00,28.2
2025-06-12 19:32:00,83.9
2025-06-12 03:02:00,49.935598591549294
2025-06-12 14:40:00,89.6
2025-06-12 12:10:00,4.8
2025-06-12 10:50:00,95.4
2025-06-12 00:45:00,39.4
2025-06-12 20:10:00,52.7
2025-06-12 04:20:00,44.7
2025-06-12 18:10:00,52.3
2025-06-12 05:59:00,88.5
2025-06-12 23:00:00,41.3
2025-06-12 13:59:00,30.9
2025-06-12 18:47:00,57.8
2025-06-12 15:38:00,71.9
2025-06-12 00:42:00,8.7
2025-06-12 11:13:00,63.3
2025-06-12 13:41:00,45.1
2025-06-12 18:16:00,55.5
2025-06-12 21:34:00,65.8
2025-06-12 15:51:00,79.2
2025-06-12 11:57:00,40.1
2025-06-12 08:41:00,99.3
2025-06-12 19:45:00,45.3
2025-06-12 03:30:00,55.5
2025-06-12 21:53:00,68.2
2025-06-12 11:01:00,28.8
2025-06-12 13:15:00,89.4
2025-06-12 11:35:00,49.6
2025-06-12 04:13:00,54.9
2025-06-12 07:55:00,69.5
2025-06-12 03:33:00,89.0
2025-06-12 16:13:00,49.935598591549294
2025-06-12 14:48:00,81.4
2025-06-12 23:26:00,10.9
2025-06-12 00:37:00,49.935598591549294
2025-06-12 09:13:00,62.4
2025-06-12 21:48:00,26.3
2025-06-12 11:28:00,49.935598591549294
2025-06-12 22:52:00,23.8
2025-06-12 19:51:00,9.6
2025-06-12 06:57:00,49.935598591549294
2025-06-12 00:38:00,99.7
2025-06-12 09:54:00,83.7
2025-06-12 04:34:00,58.1
2025-06-12 13:30:00,35.3
2025-06-12 19:09:00,32.7
2025-06-12 23:35:00,63.6
2025-06-12 04:03:00,49.935598591549294
2025-06-12 15:36:00,24.9
2025-06-12 01:41:00,33.6
2025-06-12 17:55:00,85.0
2025-06-12 04:50:00,41.1
2025-06-12 01:03:00,66.8
2025-06-12 12:23:00,16.8
2025-06-12 01:04:00,85.2
2025-06-12 21:53:00,82.5
2025-06-12 14:18:00,19.9
2025-06-12 09:34:00,49.935598591549294
2025-06-12 23:09:00,88.9
2025-06-12 03:39:00,26.9
2025-06-12 19:30:00,50.0
2025-06-12 06:09:00,31.4
2025-06-12 13:20:00,32.2
2025-06-12 07:27:00,82.7
2025-06-12 06:39:00,51.9
2025-06-12 17:06:00,49.935598591549294
2025-06-12 19:37:00,49.935598591549294
2025-06-12 16:35:00,88.9
2025-06-12 22:25:00,75.3
2025-06-12 08:49:00,24.5
2025-06-12 01:27:00,82.6
2025-06-12 12:00:00,63.8
2025-06-12 15:09:00,93.0
2025-06-12 22:13:00,53.4
2025-06-12 23:07:00,1.9
2025-06-12 20:12:00,34.4
2025-06-12 10:18:00,99.0
2025-06-12 18:51:00,52.9
2025-06-12 23:17:00,5.1
2025-06-12 21:57:00,60.2
2025-06-12 07:00:00,49.935598591549294
2025-06-12 10:23:00,81.0
2025-06-12 20:31:00,67.3
2025-06-12 09:43:00,91.1
2025-06-12 14:39:00,66.1
2025-06-12 02:44:00,49.8
2025-06-12 13:54:00,10.1
2025-06-12 11:00:00,49.935598591549294
2025-06-12 12:52:00,21.3
2025-06-12 00:43:00,75.0
2025-06-12 11:00:00,96.6
2025-06-12 12:31:00,49.935598591549294
2025-06-12 09:46:00,49.935598591549294
2025-06-12 06:12:00,42.5
2025-06-12 00:06:00,71.8
2025-06-12 00:03:00,40.9
2025-06-12 23:58:00,21.0
2025-06-12 15:04:00,46.1
2025-06-12 23:36:00,19.3
2025-06-12 14:19:00,49.935598591549294
2025-06-12 05:42:00,85.1
2025-06-12 17:32:00,46.7
2025-06-12 21:48:00,49.935598591549294
2025-06-12 21:37:00,47.3
2025-06-12 09:48:00,65.8
2025-06-12 08:21:00,63.8
2025-06-12 10:06:00,49.935598591549294
2025-06-12 02:07:00,39.5
2025-06-12 09:38:00,99.7
2025-06-12 15:56:00,49.935598591549294
2025-06-12 18:50:00,64.8
2025-06-12 03:44:00,56.7
2025-06-12 01:42:00,64.7
2025-06-12 20:52:00,30.2
2025-06-12 21:13:00,2.5
2025-06-12 07:14:00,99.8
2025-06-12 05:50:00,30.2
2025-06-12 09:45:00,25.2
2025-06-12 09:19:00,85.4
2025-06-12 18:23:00,20.8
2025-06-12 22:42:00,12.3
2025-06-12 09:15:00,73.0
2025-06-12 20:01:00,20.3
2025-06-12 07:22:00,94.5
2025-06-12 10:49:00,49.3
2025-06-12 02:14:00,19.5
2025-06-12 11:04:00,25.1
2025-06-12 13:55:00,4.0
2025-06-12 14:39:00,97.0
2025-06-12 11:33:00,78.7
2025-06-12 14:06:00,49.935598591549294
2025-06-12 06:50:00,49.935598591549294
2025-06-12 08:56:00,45.0
2025-06-12 04:43:00,68.2
2025-06-12 00:04:00,95.6
2025-06-12 11:59:00,76.9
2025-06-12 03:33:00,0.6
2025-06-12 05:43:00,38.1
2025-06-12 07:24:00,49.935598591549294
2025-06-12 14:35:00,49.935598591549294
2025-06-12 06:52:00,59.1
2025-06-12 10:17:00,82.4
2025-06-12 01:52:00,19.6
2025-06-12 00:51:00,49.935598591549294
2025-06-12 17:49:00,95.9
2025-06-12 14:15:00,92.6
2025-06-12 09:49:00,9.2
2025-06-12 23:24:00,13.1
2025-06-12 19:11:00,17.3
2025-06-12 06:06:00,86.4
2025-06-12 23:46:00,49.935598591549294
2025-06-12 19:40:00,13.6
2025-06-12 01:17:00,11.5
2025-06-12 10:21:00,98.5
2025-06-12 16:12:00,91.6
2025-06-12 11:58:00,51.1
2025-06-12 07:23:00,6.0
2025-06-12 12:33:00,49.935598591549294
2025-06-12 02:54:00,90.3
2025-06-12 16:26:00,30.9
2025-06-12 06:00:00,56.2
2025-06-12 07:47:00,78.2
2025-06-12 16:58:00,34.5
2025-06-12 01:00:00,34.2
2025-06-12 06:10:00,88.9
2025-06-12 10:28:00,76.3
2025-06-12 03:55:00,37.4
2025-06-12 04:14:00,24.9
2025-06-12 00:37:00,90.8
2025-06-12 22:54:00,49.935598591549294
2025-06-12 20:24:00,95.1
2025-06-12 21:27:00,38.8
2025-06-12 04:58:00,51.7
2025-06-12 20:13:00,18.5
2025-06-12 11:16:00,57.8
2025-06-12 21:53:00,25.2
2025-06-12 15:49:00,60.1
2025-06-12 21:49:00,22.6
2025-06-12 17:15:00,49.935598591549294
2025-06-12 14:22:00,65.6
2025-06-12 13:13:00,25.4
2025-06-12 15:17:00,49.935598591549294
2025-06-12 16:33:00,94.7
2025-06-12 13:02:00,87.2
2025-06-12 04:54:00,26.1
2025-06-12 04:00:00,7.4
2025-06-12 21:08:00,17.8
2025-06-12 20:33:00,43.9
2025-06-12 00:47:00,69.6
2025-06-12 02:48:00,69.7
2025-06-12 10:49:00,17.6
2025-06-12 01:21:00,53.7
2025-06-12 13:08:00,51.7
2025-06-12 23:25:00,90.5
2025-06-12 05:38:00,62.8
2025-06-12 17:47:00,38.0
2025-06-12 19:16:00,9.5
2025-06-12 08:40:00,81.1
2025-06-12 21:19:00,24.9
2025-06-12 06:33:00,54.3
2025-06-12 18:46:00,78.9
2025-06-12 22:17:00,96.4
2025-06-12 20:36:00,75.6
2025-06-12 00:49:00,69.1
2025-06-12 04:46:00,42.5
2025-06-12 04:01:00,38.2
2025-06-12 01:58:00,5.0
2025-06-12 19:17:00,57.4
2025-06-12 11:40:00,49.935598591549294
2025-06-12 14:57:00,6.7
2025-06-12 16:19:00,5.7
2025-06-12 21:41:00,61.9
2025-06-12 20:14:00,93.3
2025-06-12 22:46:00,21.5
2025-06-12 17:54:00,34.7
2025-06-12 07:42:00,66.1
2025-06-12 15:54:00,28.2
2025-06-12 09:13:00,65.5
2025-06-12 02:11:00,51.0
2025-06-12 15:52:00,32.0
2025-06-12 08:57:00,85.9
2025-06-12 09:20:00,67.7
2025-06-12 03:04:00,12.2
2025-06-12 10:21:00,49.740225962104276
2025-06-12 17:29:00,3.2
2025-06-12 22:22:00,70.6
2025-06-12 00:20:00,49.740225962104276
2025-06-12 00:57:00,4.4
2025-06-12 13:05:00,19.1
2025-06-12 17:50:00,96.0
2025-06-12 19:46:00,88.6
2025-06-12 13:03:00,73.9
2025-06-12 19:51:00,49.740225962104276
2025-06-12 03:13:00,47.7
2025-06-12 11:01:00,72.1
2025-06-12 15:16:00,49.740225962104276
2025-06-12 22:04:00,76.6
2025-06-12 10:12:00,86.8
2025-06-12 10:01:00,96.2
2025-06-12 12:14:00,26.7
2025-06-12 09:20:00,30.2
2025-06-12 08:51:00,49.740225962104276
2025-06-12 09:35:00,40.8
2025-06-12 00:46:00,84.7
2025-06-12 15:12:00,32.1
2025-06-12 06:17:00,13.4
2025-06-12 11:40:00,49.740225962104276
2025-06-12 03:25:00,85.9
2025-06-12 14:09:00,33.7
2025-06-12 18:27:00,32.2
2025-06-12 20:53:00,49.740225962104276
2025-06-12 16:05:00,49.740225962104276
2025-06-12 05:13:00,40.1
2025-06-12 22:44:00,59.4
2025-06-12 00:29:00,70.2
2025-06-12 06:19:00,94.6
2025-06-12 07:34:00,77.1
2025-06-12 00:07:00,96.0
2025-06-12 04:58:00,19.5
2025-06-12 03:34:00,63.4
2025-06-12 19:15:00,70.8
2025-06-12 21:58:00,49.740225962104276
2025-06-12 13:57:00,66.8
2025-06-12 08:10:00,49.740225962104276
2025-06-12 21:46:00,97.7
2025-06-12 21:51:00,51.1
2025-06-12 18:08:00,55.2
2025-06-12 05:03:00,12.3
2025-06-12 20:10:00,64.2
2025-06-12 04:17:00,62.0
2025-06-12 07:04:00,1.8
2025-06-12 00:43:00,94.1
2025-06-12 04:31:00,32.5
2025-06-12 18:08:00,19.7
2025-06-12 16:22:00,60.7
2025-06-12 19:20:00,11.9
2025-06-12 19:36:00,85.4
2025-06-12 13:11:00,21.3
2025-06-12 07:36:00,3.8
2025-06-12 09:08:00,49.740225962104276
2025-06-12 22:04:00,33.9
2025-06-12 00:42:00,62.0
2025-06-12 07:23:00,9.2
2025-06-12 01:40:00,66.5
2025-06-12 20:35:00,89.6
2025-06-12 03:39:00,41.2
2025-06-12 20:19:00,2.7
2025-06-12 09:17:00,49.740225962104276
2025-06-12 09:43:00,49.740225962104276
2025-06-12 15:47:00,89.0
2025-06-12 14:13:00,50.9
2025-06-12 06:22:00,49.740225962104276
2025-06-12 18:18:00,95.4
2025-06-12 01:41:00,12.6
2025-06-12 21:04:00,98.8
2025-06-12 09:43:00,17.1
2025-06-12 04:44:00,47.3
2025-06-12 12:06:00,49.740225962104276
2025-06-12 08:42:00,34.5
2025-06-12 03:07:00,33.7
2025-06-12 15:55:00,9.7
2025-06-12 12:58:00,49.740225962104276
2025-06-12 22:46:00,49.740225962104276
2025-06-12 15:45:00,27.0
2025-06-12 06:11:00,7.0
2025-06-12 17:04:00,61.3
2025-06-12 09:27:00,40.1
2025-06-12 13:36:00,81.2
2025-06-12 00:52:00,73.1
2025-06-12 11:35:00,87.6
2025-06-12 04:07:00,24.7
2025-06-12 11:39:00,77.5
2025-06-12 15:06:00,83.6
2025-06-12 01:32:00,44.3
2025-06-12 13:20:00,74.7
2025-06-12 17:41:00,35.9
2025-06-12 20:24:00,33.1
2025-06-12 12:13:00,75.6
2025-06-12 09:30:00,9.9
2025-06-12 16:19:00,49.740225962104276
2025-06-12 12:44:00,49.740225962104276
2025-06-12 15:07:00,2.5
2025-06-12 19:56:00,30.7
2025-06-12 09:21:00,10.1
2025-06-12 01:43:00,54.0
2025-06-12 00:33:00,9.9
2025-06-12 20:18:00,49.740225962104276
2025-06-12 21:27:00,16.8
2025-06-12 14:43:00,49.740225962104276
2025-06-12 11:25:00,3.7
2025-06-12 11:13:00,79.6
2025-06-12 05:55:00,79.7
2025-06-12 09:01:00,97.9
2025-06-12 11:15:00,90.7
2025-06-12 13:43:00,37.9
2025-06-12 13:27:00,49.740225962104276
2025-06-12 17:02:00,48.9
2025-06-12 19:39:00,21.8
2025-06-12 06:38:00,40.4
2025-06-12 02:23:00,49.740225962104276
2025-06-12 22:48:00,97.5
2025-06-12 00:32:00,51.5
2025-06-12 07:56:00,55.8
2025-06-12 15:59:00,87.6
2025-06-12 22:30:00,33.4
2025-06-12 04:44:00,18.7
2025-06-12 08:40:00,61.2
2025-06-12 10:25:00,45.5
2025-06-12 05:55:00,94.0
2025-06-12 14:00:00,65.6
2025-06-12 03:31:00,78.7
2025-06-12 11:42:00,2.0
2025-06-12 01:38:00,84.5
2025-06-12 16:27:00,37.2
2025-06-12 13:10:00,89.4
2025-06-12 02:59:00,92.3
2025-06-12 19:16:00,43.4
2025-06-12 05:05:00,59.2
2025-06-12 10:43:00,49.740225962104276
2025-06-12 23:58:00,7.7
2025-06-12 09:55:00,76.0
2025-06-12 13:56:00,25.6
2025-06-12 22:10:00,93.7
2025-06-12 04:49:00,93.9
2025-06-12 02:35:00,49.740225962104276
2025-06-12 07:04:00,38.4
2025-06-12 11:12:00,100.0
2025-06-12 11:12:00,82.3
2025-06-12 23:39:00,15.3
2025-06-12 21:19:00,49.740225962104276
2025-06-12 21:54:00,52.8
2025-06-12 18:42:00,15.4
2025-06-12 14:04:00,49.740225962104276
2025-06-12 07:08:00,70.9
2025-06-12 20:07:00,98.7
2025-06-12 18:03:00,49.740225962104276
2025-06-12 23:15:00,41.5
2025-06-12 03:39:00,59.6
2025-06-12 03:41:00,14.5
2025-06-12 16:55:00,41.4
2025-06-12 06:06:00,96.6
2025-06-12 12:32:00,33.8
2025-06-12 19:18:00,49.740225962104276
2025-06-12 10:07:00,85.5
2025-06-12 08:57:00,20.6
2025-06-12 20:07:00,10.3
2025-06-12 20:43:00,15.6
2025-06-12 06:14:00,21.7
2025-06-12 00:14:00,9.7
2025-06-12 17:44:00,32.7
2025-06-12 02:19:00,98.2
2025-06-12 00:01:00,49.740225962104276
2025-06-12 03:56:00,64.8
2025-06-12 23:18:00,34.7
2025-06-12 04:41:00,5.2
2025-06-12 15:06:00,63.4
2025-06-12 15:50:00,84.5
2025-06-12 22:19:00,59.3
2025-06-12 16:35:00,26.8
2025-06-12 03:42:00,5.0
2025-06-12 04:01:00,34.4
2025-06-12 05:43:00,22.8
2025-06-12 15:41:00,13.2
2025-06-12 18:53:00,7.7
2025-06-12 08:14:00,82.0
2025-06-12 14:07:00,79.8
2025-06-12 06:05:00,17.8
2025-06-12 18:03:00,99.8
2025-06-12 15:24:00,26.5
2025-06-12 04:18:00,80.5
2025-06-12 23:51:00,9.5
2025-06-12 14:42:00,49.740225962104276
2025-06-12 15:19:00,49.740225962104276
2025-06-12 03:21:00,25.7
2025-06-12 03:56:00,49.740225962104276
2025-06-12 03:11:00,29.8
2025-06-12 20:37:00,11.0
2025-06-12 06:47:00,42.8
2025-06-12 05:41:00,73.4
2025-06-12 18:35:00,51.7
2025-06-12 21:18:00,3.5
2025-06-12 07:15:00,85.4
2025-06-12 22:49:00,88.2
2025-06-12 08:18:00,49.740225962104276
2025-06-12 07:15:00,47.8
2025-06-12 08:54:00,5.7
2025-06-12 11:08:00,49.740225962104276
2025-06-12 15:07:00,49.740225962104276
2025-06-12 06:21:00,49.740225962104276
2025-06-12 04:37:00,16.3
2025-06-12 09:08:00,70.5
2025-06-12 17:37:00,5.1
2025-06-12 04:20:00,58.3
2025-06-12 10:46:00,36.3
2025-06-12 08:41:00,7.7
2025-06-12 09:04:00,49.740225962104276
2025-06-12 19:41:00,40.9
2025-06-12 07:04:00,25.6
2025-06-12 00:20:00,60.4
2025-06-12 01:48:00,38.9
2025-06-12 00:38:00,49.740225962104276
2025-06-12 23:38:00,65.0
2025-06-12 23:37:00,6.6
2025-06-12 15:18:00,89.8
2025-06-12 07:07:00,95.8
2025-06-12 03:46:00,37.3
2025-06-12 04:44:00,49.740225962104276
2025-06-12 03:25:00,91.5
2025-06-12 06:18:00,49.740225962104276
2025-06-12 18:07:00,38.4
2025-06-12 13:55:00,49.740225962104276
2025-06-12 20:08:00,96.8
2025-06-12 13:36:00,30.8
2025-06-12 09:41:00,64.2
2025-06-12 01:43:00,10.3
2025-06-12 08:26:00,49.740225962104276
2025-06-12 03:40:00,36.5
2025-06-12 08:11:00,76.5
2025-06-12 05:41:00,50.8
2025-06-12 12:51:00,84.6
2025-06-12 23:19:00,62.8
2025-06-12 11:06:00,67.2
2025-06-12 01:28:00,71.4
2025-06-12 03:31:00,84.2
2025-06-12 09:28:00,7.0
2025-06-12 18:19:00,5.5
2025-06-12 14:06:00,26.7
2025-06-12 09:01:00,47.7
2025-06-12 10:59:00,33.9
2025-06-12 13:27:00,49.4
2025-06-12 19:00:00,87.2
2025-06-12 06:59:00,8.4
2025-06-12 07:21:00,93.8
2025-06-12 18:09:00,63.9
2025-06-12 21:45:00,52.2
2025-06-12 22:46:00,5.2
2025-06-12 03:19:00,65.6
2025-06-12 07:46:00,34.0
2025-06-12 09:42:00,22.2
2025-06-12 04:05:00,14.2
2025-06-12 04:12:00,84.1
2025-06-12 14:12:00,49.740225962104276
2025-06-12 04:20:00,79.9
2025-06-12 12:08:00,49.740225962104276
2025-06-12 11:15:00,74.1
2025-06-12 08:13:00,8.1
2025-06-12 02:09:00,78.1
2025-06-12 04:01:00,3.4
2025-06-12 05:40:00,87.5
2025-06-12 19:16:00,65.9
2025-06-12 11:13:00,30.9
2025-06-12 04:06:00,14.5
2025-06-12 12:27:00,91.0
2025-06-12 14:31:00,53.1
2025-06-12 22:01:00,49.740225962104276
2025-06-12 17:42:00,87.0
2025-06-12 04:56:00,16.6
2025-06-12 12:32:00,56.5
2025-06-12 16:21:00,23.9
2025-06-12 23:53:00,23.7
2025-06-12 02:00:00,14.2
2025-06-12 07:09:00,87.5
2025-06-12 08:47:00,73.1
2025-06-12 05:12:00,50.3
2025-06-12 21:55:00,0.1
2025-06-12 08:58:00,49.740225962104276
2025-06-12 17:36:00,10.9
2025-06-12 23:29:00,49.740225962104276
2025-06-12 19:27:00,16.3
2025-06-12 23:55:00,73.7
2025-06-12 12:24:00,18.0
2025-06-12 09:39:00,76.0
2025-06-12 06:14:00,75.7
2025-06-12 17:02:00,48.9
2025-06-12 19:49:00,25.0
2025-06-12 09:35:00,73.4
2025-06-12 00:12:00,28.9
2025-06-12 15:03:00,1.8
2025-06-12 19:12:00,27.8
2025-06-12 00:47:00,89.5
2025-06-12 14:11:00,86.3
2025-06-12 02:10:00,52.6
2025-06-12 21:47:00,75.2
2025-06-12 03:50:00,14.2
2025-06-12 03:08:00,4.7
2025-06-12 10:42:00,50.9
2025-06-12 19:20:00,65.0
2025-06-12 20:41:00,38.1
2025-06-12 13:51:00,19.6
2025-06-12 06:50:00,62.3
2025-06-12 07:41:00,76.2
2025-06-12 00:11:00,11.6
2025-06-12 04:48:00,29.2
2025-06-12 03:54:00,21.6
2025-06-12 20:55:00,94.1
2025-06-12 20:35:00,58.2
2025-06-12 20:53:00,84.5
2025-06-12 13:47:00,39.2
2025-06-12 15:38:00,67.4
2025-06-12 07:02:00,45.3
2025-06-12 07:57:00,49.740225962104276
2025-06-12 08:42:00,74.1
2025-06-12 03:40:00,39.8
2025-06-12 16:49:00,49.740225962104276
2025-06-12 23:24:00,20.7
2025-06-12 03:52:00,77.7
2025-06-12 04:14:00,59.7
2025-06-12 15:22:00,50.18838223164841
2025-06-12 13:59:00,71.6
2025-06-12 15:08:00,37.8
2025-06-12 12:32:00,1.9
2025-06-12 15:02:00,2.5
2025-06-12 20:43:00,51.0
2025-06-12 23:19:00,93.2
2025-06-12 06:54:00,50.18838223164841
2025-06-12 20:10:00,75.5
2025-06-12 12:18:00,98.5
2025-06-12 09:23:00,39.4
2025-06-12 03:59:00,50.18838223164841
2025-06-12 20:16:00,50.18838223164841
2025-06-12 06:00:00,89.1
2025-06-12 00:35:00,79.2
2025-06-12 17:36:00,51.3
2025-06-12 21:51:00,32.4
2025-06-12 03:33:00,65.7
2025-06-12 12:01:00,21.0
2025-06-12 04:07:00,66.3
2025-06-12 18:13:00,80.4
2025-06-12 06:12:00,26.9
2025-06-12 03:52:00,70.8
2025-06-12 20:04:00,10.1
2025-06-12 18:23:00,58.9
2025-06-12 23:34:00,3.5
2025-06-12 09:16:00,70.7
2025-06-12 07:07:00,83.7
2025-06-12 11:16:00,30.8
2025-06-12 15:00:00,27.0
2025-06-12 09:53:00,50.18838223164841
2025-06-12 17:57:00,70.4
2025-06-12 13:00:00,99.9
2025-06-12 08:20:00,93.9
2025-06-12 19:11:00,14.5
2025-06-12 17:30:00,82.9
2025-06-12 23:59:00,72.1
2025-06-12 03:20:00,50.6
2025-06-12 03:33:00,0.5
2025-06-12 16:29:00,69.6
2025-06-12 08:22:00,50.18838223164841
2025-06-12 01:33:00,50.18838223164841
2025-06-12 15:57:00,48.6
2025-06-12 20:28:00,50.18838223164841
2025-06-12 22:38:00,79.7
2025-06-12 15:29:00,57.9
2025-06-12 13:59:00,50.0
2025-06-12 16:28:00,50.18838223164841
2025-06-12 13:27:00,81.3
2025-06-12 21:16:00,50.18838223164841
2025-06-12 13:37:00,83.8
2025-06-12 05:09:00,69.8
2025-06-12 13:45:00,50.18838223164841
2025-06-12 16:30:00,45.3
2025-06-12 20:15:00,63.7
2025-06-12 17:02:00,50.18838223164841
2025-06-12 03:50:00,72.4
2025-06-12 04:01:00,35.5
2025-06-12 18:27:00,13.2
2025-06-12 11:14:00,2.1
2025-06-12 08:07:00,69.3
2025-06-12 16:51:00,14.3
2025-06-12 11:04:00,58.8
2025-06-12 12:51:00,61.0
2025-06-12 11:27:00,11.0
2025-06-12 03:09:00,39.3
2025-06-12 20:55:00,50.18838223164841
2025-06-12 11:03:00,31.7
2025-06-12 21:16:00,20.9
2025-06-12 21:38:00,66.7
2025-06-12 18:27:00,62.2
2025-06-12 02:34:00,91.9
2025-06-12 02:19:00,19.7
2025-06-12 21:48:00,8.2
2025-06-12 12:07:00,50.18838223164841
2025-06-12 14:34:00,15.0
2025-06-12 21:44:00,5.8
2025-06-12 11:48:00,87.6
2025-06-12 10:24:00,42.7
2025-06-12 22:57:00,92.7
2025-06-12 10:07:00,23.4
2025-06-12 03:23:00,50.18838223164841
2025-06-12 16:52:00,22.3
2025-06-12 06:54:00,74.0
2025-06-12 17:19:00,50.18838223164841
2025-06-12 16:41:00,56.3
2025-06-12 15:58:00,87.6
2025-06-12 12:52:00,83.6
2025-06-12 03:28:00,93.3
2025-06-12 15:38:00,97.8
2025-06-12 17:24:00,50.4
2025-06-12 20:09:00,61.7
2025-06-12 09:17:00,59.6
2025-06-12 18:58:00,20.6
2025-06-12 01:06:00,32.7
2025-06-12 21:09:00,91.4
2025-06-12 19:51:00,18.9
2025-06-12 22:52:00,71.0
2025-06-12 08:19:00,76.2
2025-06-12 15:55:00,25.5
2025-06-12 11:10:00,94.2
2025-06-12 02:42:00,42.8
2025-06-12 17:30:00,76.7
2025-06-12 06:05:00,75.5
2025-06-12 07:06:00,99.9
2025-06-12 12:58:00,50.18838223164841
2025-06-12 02:17:00,83.7
2025-06-12 17:03:00,76.3
2025-06-12 17:27:00,1.8
2025-06-12 08:31:00,18.2
2025-06-12 08:28:00,2.1
2025-06-12 06:53:00,50.18838223164841
2025-06-12 20:11:00,21.7
2025-06-12 08:39:00,98.3
2025-06-12 13:51:00,18.5
2025-06-12 15:58:00,44.7
2025-06-12 02:14:00,89.4
2025-06-12 09:46:00,40.2
2025-06-12 12:09:00,39.1
2025-06-12 04:38:00,2.5
2025-06-12 04:13:00,5.2
2025-06-12 01:16:00,29.7
2025-06-12 10:42:00,7.8
2025-06-12 21:32:00,74.6
2025-06-12 00:01:00,65.4
2025-06-12 15:14:00,72.0
2025-06-12 22:42:00,52.5
2025-06-12 10:24:00,0.9
2025-06-12 02:22:00,81.9
2025-06-12 16:23:00,58.7
2025-06-12 16:15:00,50.18838223164841
2025-06-12 15:21:00,50.18838223164841
2025-06-12 15:10:00,50.18838223164841
2025-06-12 09:45:00,50.18838223164841
2025-06-12 12:48:00,21.0
2025-06-12 19:31:00,25.5
2025-06-12 19:33:00,58.9
2025-06-12 18:25:00,32.8
2025-06-12 23:54:00,75.8
2025-06-12 14:12:00,7.8
2025-06-12 17:31:00,50.18838223164841
2025-06-12 19:35:00,77.0
2025-06-12 00:36:00,22.6
2025-06-12 05:50:00,45.6
2025-06-12 18:51:00,3.0
2025-06-12 07:55:00,40.7
2025-06-12 17:11:00,8.9
2025-06-12 04:45:00,88.7
2025-06-12 02:28:00,73.2
2025-06-12 14:01:00,15.8
2025-06-12 22:44:00,93.3
2025-06-12 05:56:00,92.9
2025-06-12 01:02:00,59.3
2025-06-12 17:40:00,78.6
2025-06-12 17:20:00,2.4
2025-06-12 20:41:00,47.4
2025-06-12 00:42:00,50.18838223164841
2025-06-12 08:37:00,24.7
2025-06-12 15:08:00,26.2
2025-06-12 06:44:00,33.8
2025-06-12 11:59:00,56.0
2025-06-12 17:52:00,44.1
2025-06-12 17:28:00,88.8
2025-06-12 13:20:00,5.3
2025-06-12 07:39:00,24.1
2025-06-12 11:27:00,22.2
2025-06-12 08:45:00,31.2
2025-06-12 13:31:00,44.6
2025-06-12 15:58:00,3.7
2025-06-12 19:37:00,73.8
2025-06-12 08:53:00,33.4
2025-06-12 02:45:00,82.6
2025-06-12 21:43:00,24.7
2025-06-12 01:27:00,70.9
2025-06-12 03:36:00,55.8
2025-06-12 06:13:00,50.18838223164841
2025-06-12 18:51:00,81.2
2025-06-12 05:04:00,72.9
2025-06-12 07:21:00,11.6
2025-06-12 02:43:00,10.6
2025-06-12 12:44:00,98.0
2025-06-12 06:31:00,69.1
2025-06-12 08:41:00,94.2
2025-06-12 18:04:00,36.4
2025-06-12 11:48:00,40.1
2025-06-12 03:28:00,92.6
2025-06-12 00:14:00,47.6
2025-06-12 18:51:00,50.18838223164841
2025-06-12 20:40:00,12.6
2025-06-12 18:23:00,63.2
2025-06-12 14:41:00,47.8
2025-06-12 21:59:00,50.18838223164841
2025-06-12 19:25:00,2.0
2025-06-12 03:32:00,87.6
2025-06-12 01:47:00,31.6
2025-06-12 03:41:00,83.9
2025-06-12 13:08:00,22.9
2025-06-12 01:02:00,50.18838223164841
2025-06-12 19:21:00,60.8
2025-06-12 02:04:00,68.2
2025-06-12 07:33:00,16.5
2025-06-12 05:23:00,51.3
2025-06-12 04:04:00,75.3
2025-06-12 12:25:00,10.2
2025-06-12 20:24:00,50.18838223164841
2025-06-12 12:39:00,5.9
2025-06-12 15:38:00,92.2
2025-06-12 17:20:00,19.2
2025-06-12 22:18:00,50.18838223164841
2025-06-12 06:32:00,50.18838223164841
2025-06-12 12:00:00,21.7
2025-06-12 10:22:00,67.7
2025-06-12 11:57:00,89.4
2025-06-12 03:24:00,2.1
2025-06-12 06:53:00,50.18838223164841
2025-06-12 08:31:00,2.4
2025-06-12 13:21:00,23.7
2025-06-12 23:11:00,53.0
2025-06-12 20:41:00,62.1
2025-06-12 19:33:00,58.7
2025-06-12 08:55:00,76.3
2025-06-12 14:04:00,12.3
2025-06-12 08:25:00,7.3
2025-06-12 10:34:00,50.18838223164841
2025-06-12 11:44:00,32.4
2025-06-12 21:00:00,60.9
2025-06-12 07:07:00,50.18838223164841
2025-06-12 12:44:00,96.8
2025-06-12 22:08:00,73.3
2025-06-12 08:37:00,82.4
2025-06-12 21:59:00,19.4
2025-06-12 01:40:00,50.18838223164841
2025-06-12 15:18:00,83.5
2025-06-12 02:55:00,50.18838223164841
2025-06-12 14:52:00,50.18838223164841
2025-06-12 02:53:00,50.18838223164841
2025-06-12 07:50:00,41.8
2025-06-12 20:31:00,71.7
2025-06-12 01:22:00,50.18838223164841
2025-06-12 18:09:00,79.7
2025-06-12 00:08:00,35.0
2025-06-12 05:28:00,50.18838223164841
2025-06-12 16:28:00,15.7
2025-06-12 10:03:00,50.18838223164841
2025-06-12 19:38:00,58.8
2025-06-12 14:56:00,80.8
2025-06-12 15:03:00,11.4
2025-06-12 13:37:00,50.18838223164841
2025-06-12 18:01:00,50.18838223164841
2025-06-12 01:27:00,11.1
2025-06-12 12:27:00,50.18838223164841
2025-06-12 05:28:00,77.0
2025-06-12 12:10:00,35.7
2025-06-12 09:20:00,50.18838223164841
2025-06-12 04:10:00,93.1
2025-06-12 22:14:00,11.1
2025-06-12 22:21:00,43.1
2025-06-12 01:23:00,34.7
2025-06-12 08:36:00,77.8
2025-06-12 10:57:00,51.9
2025-06-12 17:02:00,79.9
2025-06-12 05:46:00,50.18838223164841
2025-06-12 00:32:00,79.8
2025-06-12 04:40:00,27.1
2025-06-12 17:06:00,69.3
2025-06-12 07:49:00,50.18838223164841
2025-06-12 20:54:00,65.1
2025-06-12 13:27:00,91.8
2025-06-12 20:46:00,85.8
2025-06-12 20:44:00,50.18838223164841
2025-06-12 20:02:00,6.4
2025-06-12 16:59:00,47.2
2025-06-12 05:41:00,76.4
2025-06-12 20:12:00,90.0
2025-06-12 17:04:00,75.8
2025-06-12 09:13:00,43.9
2025-06-12 16:06:00,73.6
2025-06-12 12:13:00,27.8
2025-06-12 13:47:00,27.1
2025-06-12 22:53:00,53.2
2025-06-12 10:56:00,28.1
2025-06-12 12:43:00,66.9
2025-06-12 21:08:00,78.0
2025-06-12 04:00:00,50.18838223164841
2025-06-12 16:07:00,50.18838223164841
2025-06-12 04:23:00,62.0
2025-06-12 15:59:00,54.8
2025-06-12 07:05:00,77.2
2025-06-12 07:05:00,92.2
2025-06-12 13:11:00,18.8
2025-06-12 03:13:00,41.8
2025-06-12 06:31:00,28.2
2025-06-12 14:21:00,92.3
2025-06-12 13:32:00,8.2
2025-06-12 21:23:00,88.0
2025-06-12 22:18:00,83.3
2025-06-12 08:43:00,50.18838223164841
2025-06-12 13:06:00,76.3
2025-06-12 08:26:00,50.18838223164841
2025-06-12 11:07:00,29.4
2025-06-12 23:06:00,85.4
2025-06-12 00:33:00,66.8
2025-06-12 07:02:00,50.18838223164841
2025-06-12 18:28:00,37.1
2025-06-12 00:40:00,8.7
2025-06-12 13:05:00,45.7
2025-06-12 08:17:00,97.0
2025-06-12 23:41:00,53.9
2025-06-12 03:45:00,65.9
2025-06-12 15:34:00,31.6
2025-06-12 10:39:00,79.6
2025-06-12 18:30:00,23.7
2025-06-12 12:45:00,99.2
2025-06-12 00:49:00,14.6
2025-06-12 01:26:00,63.5
2025-06-12 20:13:00,41.5
2025-06-12 08:32:00,91.5
2025-06-12 19:11:00,5.5
2025-06-12 23:13:00,99.8
2025-06-12 05:39:00,50.18838223164841
2025-06-12 11:04:00,22.6
2025-06-12 16:18:00,85.7
2025-06-12 12:31:00,19.7
2025-06-12 01:02:00,26.7
2025-06-12 04:12:00,89.7
2025-06-12 09:48:00,34.3
2025-06-12 15:41:00,63.0
2025-06-12 12:45:00,93.6
2025-06-12 09:24:00,34.2
2025-06-12 21:51:00,31.4
2025-06-12 06:36:00,19.9
2025-06-12 17:00:00,49.927249175694776
2025-06-12 19:05:00,92.3
2025-06-12 22:27:00,49.927249175694776
2025-06-12 18:35:00,13.2
2025-06-12 13:08:00,72.3
2025-06-12 20:29:00,96.4
2025-06-12 12:31:00,90.6
2025-06-12 11:09:00,93.6
2025-06-12 22:58:00,54.2
2025-06-12 12:23:00,51.4
2025-06-12 23:52:00,20.7
2025-06-12 11:04:00,68.2
2025-06-12 20:17:00,52.0
2025-06-12 09:04:00,55.3
2025-06-12 15:36:00,51.4
2025-06-12 06:58:00,89.1
2025-06-12 16:01:00,93.7
2025-06-12 16:19:00,23.9
2025-06-12 02:42:00,68.4
2025-06-12 18:30:00,76.9
2025-06-12 08:37:00,51.7
2025-06-12 21:54:00,80.3
2025-06-12 11:01:00,49.927249175694776
2025-06-12 06:06:00,96.8
2025-06-12 23:25:00,28.1
2025-06-12 18:09:00,93.3
2025-06-12 12:19:00,82.3
2025-06-12 02:51:00,8.0
2025-06-12 04:47:00,49.927249175694776
2025-06-12 06:50:00,54.3
2025-06-12 03:32:00,22.1
2025-06-12 07:46:00,23.0
2025-06-12 01:36:00,16.5
2025-06-12 15:53:00,26.7
2025-06-12 13:49:00,49.927249175694776
2025-06-12 23:43:00,35.6
2025-06-12 19:44:00,64.5
2025-06-12 23:33:00,86.5
2025-06-12 22:21:00,49.927249175694776
2025-06-12 02:09:00,49.927249175694776
2025-06-12 12:05:00,64.0
2025-06-12 18:49:00,99.8
2025-06-12 17:05:00,40.8
2025-06-12 18:16:00,95.4
2025-06-12 12:47:00,49.927249175694776
2025-06-12 16:47:00,49.4
2025-06-12 20:48:00,44.4
2025-06-12 20:21:00,13.7
2025-06-12 18:43:00,80.2
2025-06-12 19:27:00,78.7
2025-06-12 02:17:00,71.3
2025-06-12 14:29:00,8.3
2025-06-12 17:57:00,92.7
2025-06-12 03:15:00,7.8
2025-06-12 22:48:00,49.927249175694776
2025-06-12 19:51:00,8.2
2025-06-12 09:58:00,34.9
2025-06-12 01:18:00,44.5
2025-06-12 18:06:00,7.7
2025-06-12 14:35:00,49.927249175694776
2025-06-12 09:20:00,12.6
2025-06-12 06:07:00,92.0
2025-06-12 10:12:00,93.5
2025-06-12 23:03:00,81.9
2025-06-12 16:12:00,23.2
2025-06-12 00:14:00,90.9
2025-06-12 18:41:00,49.927249175694776
2025-06-12 03:04:00,79.6
2025-06-12 15:43:00,35.9
2025-06-12 06:09:00,22.7
2025-06-12 11:06:00,47.1
2025-06-12 00:04:00,31.7
2025-06-12 01:42:00,41.3
2025-06-12 20:06:00,39.7
2025-06-12 04:12:00,49.927249175694776
2025-06-12 04:21:00,94.6
2025-06-12 15:32:00,6.7
2025-06-12 05:58:00,40.1
2025-06-12 16:16:00,20.6
2025-06-12 15:40:00,94.0
2025-06-12 04:18:00,41.2
2025-06-12 07:06:00,90.3
2025-06-12 17:37:00,77.5
2025-06-12 01:49:00,66.5
2025-06-12 12:11:00,59.4
2025-06-12 21:17:00,50.4
2025-06-12 11:53:00,66.4
2025-06-12 02:38:00,81.7
2025-06-12 00:26:00,80.8
2025-06-12 02:30:00,49.927249175694776
2025-06-12 03:08:00,49.927249175694776
2025-06-12 07:47:00,43.2
2025-06-12 22:16:00,18.9
2025-06-12 15:27:00,48.8
2025-06-12 07:20:00,97.3
2025-06-12 01:03:00,2.7
2025-06-12 03:17:00,98.5
2025-06-12 21:09:00,27.2
2025-06-12 18:30:00,60.5
2025-06-12 16:06:00,3.6
2025-06-12 07:08:00,35.0
2025-06-12 08:38:00,67.4
2025-06-12 07:12:00,82.1
2025-06-12 17:42:00,41.9
2025-06-12 14:06:00,49.927249175694776
2025-06-12 03:54:00,34.6
2025-06-12 07:06:00,69.3
2025-06-12 16:17:00,82.4
2025-06-12 04:29:00,47.6
2025-06-12 07:47:00,20.2
2025-06-12 17:51:00,0.3
2025-06-12 16:07:00,49.927249175694776
2025-06-12 17:19:00,72.2
2025-06-12 17:00:00,31.7
2025-06-12 06:26:00,40.7
2025-06-12 20:33:00,8.0
2025-06-12 17:19:00,4.9
2025-06-12 03:47:00,32.7
2025-06-12 16:47:00,4.5
2025-06-12 14:54:00,61.0
2025-06-12 16:40:00,49.927249175694776
2025-06-12 11:07:00,78.5
2025-06-12 23:40:00,29.0
2025-06-12 21:49:00,77.5
2025-06-12 01:44:00,38.6
2025-06-12 11:00:00,95.5
2025-06-12 16:02:00,11.0
2025-06-12 09:48:00,49.927249175694776
2025-06-12 13:55:00,43.6
2025-06-12 11:55:00,89.7
2025-06-12 12:52:00,49.927249175694776
2025-06-12 14:06:00,76.2
2025-06-12 22:41:00,93.3
2025-06-12 10:10:00,46.0
2025-06-12 08:25:00,49.927249175694776
2025-06-12 22:35:00,45.0
2025-06-12 10:34:00,85.7
2025-06-12 02:41:00,78.4
2025-06-12 02:57:00,92.0
2025-06-12 13:08:00,49.927249175694776
2025-06-12 20:04:00,82.7
2025-06-12 11:45:00,55.9
2025-06-12 06:02:00,61.5
2025-06-12 22:01:00,49.927249175694776
2025-06-12 23:40:00,41.0
2025-06-12 20:13:00,60.0
2025-06-12 22:15:00,64.6
2025-06-12 00:09:00,17.6
2025-06-12 16:19:00,7.3
2025-06-12 01:42:00,67.6
2025-06-12 20:39:00,39.5
2025-06-12 02:29:00,53.6
2025-06-12 00:01:00,49.927249175694776
2025-06-12 15:14:00,88.0
2025-06-12 15:00:00,36.2
2025-06-12 20:11:00,98.3
2025-06-12 08:14:00,9.6
2025-06-12 08:20:00,54.6
2025-06-12 12:19:00,49.927249175694776
2025-06-12 18:47:00,37.4
2025-06-12 09:03:00,96.0
2025-06-12 02:13:00,49.927249175694776
2025-06-12 03:29:00,8.0
2025-06-12 07:31:00,36.3
2025-06-12 02:33:00,49.927249175694776
2025-06-12 07:14:00,33.9
2025-06-12 02:24:00,73.2
2025-06-12 10:08:00,62.7
2025-06-12 15:02:00,97.6
2025-06-12 13:58:00,74.0
2025-06-12 16:27:00,73.7
2025-06-12 03:02:00,1.5
2025-06-12 10:21:00,25.4
2025-06-12 22:44:00,43.5
2025-06-12 22:38:00,25.3
2025-06-12 00:37:00,78.4
2025-06-12 17:23:00,45.6
2025-06-12 13:45:00,2.2
2025-06-12 07:32:00,58.0
2025-06-12 03:15:00,0.7
2025-06-12 20:07:00,28.2
2025-06-12 01:13:00,16.8
2025-06-12 11:45:00,49.927249175694776
2025-06-12 12:34:00,89.3
2025-06-12 03:45:00,49.927249175694776
2025-06-12 15:13:00,49.927249175694776
2025-06-12 20:40:00,6.4
2025-06-12 02:50:00,32.2
2025-06-12 04:55:00,53.9
2025-06-12 06:44:00,16.9
2025-06-12 14:53:00,58.3
2025-06-12 15:44:00,49.927249175694776
2025-06-12 10:12:00,38.3
2025-06-12 06:15:00,6.6
2025-06-12 01:34:00,40.8
2025-06-12 23:22:00,49.927249175694776
2025-06-12 18:30:00,49.927249175694776
2025-06-12 07:12:00,70.3
2025-06-12 17:10:00,25.7
2025-06-12 00:37:00,10.0
2025-06-12 12:42:00,75.8
2025-06-12 11:34:00,97.0
2025-06-12 06:22:00,46.5
2025-06-12 09:33:00,45.9
2025-06-12 09:34:00,48.5
2025-06-12 08:30:00,44.2
2025-06-12 09:30:00,10.0
2025-06-12 05:48:00,37.4
2025-06-12 00:09:00,9.2
2025-06-12 14:47:00,42.6
2025-06-12 22:10:00,19.7
2025-06-12 17:18:00,84.9
2025-06-12 09:40:00,23.8
2025-06-12 00:32:00,15.1
2025-06-12 23:20:00,66.3
2025-06-12 12:43:00,11.8
2025-06-12 17:19:00,30.0
2025-06-12 11:47:00,33.1
2025-06-12 19:34:00,22.4
2025-06-12 02:17:00,72.3
2025-06-12 21:52:00,49.927249175694776
2025-06-12 10:33:00,18.7
2025-06-12 15:32:00,22.6
2025-06-12 05:34:00,25.6
2025-06-12 11:59:00,3.0
2025-06-12 15:24:00,88.3
2025-06-12 10:07:00,49.8
2025-06-12 06:43:00,12.1
2025-06-12 00:49:00,19.2
2025-06-12 02:00:00,37.0
2025-06-12 09:55:00,20.8
2025-06-12 20:47:00,67.1
2025-06-12 02:55:00,98.5
2025-06-12 10:01:00,73.5
2025-06-12 03:23:00,8.3
2025-06-12 20:13:00,33.6
2025-06-12 01:54:00,60.7
2025-06-12 17:40:00,32.9
2025-06-12 20:26:00,4.7
2025-06-12 05:17:00,24.6
2025-06-12 06:53:00,94.8
2025-06-12 11:57:00,94.8
2025-06-12 15:38:00,7.9
2025-06-12 08:52:00,81.7
2025-06-12 06:55:00,49.927249175694776
2025-06-12 16:59:00,41.1
2025-06-12 16:44:00,17.9
2025-06-12 00:00:00,0.1
2025-06-12 06:41:00,86.0
2025-06-12 02:26:00,66.2
2025-06-12 09:40:00,49.927249175694776
2025-06-12 00:01:00,87.7
2025-06-12 05:33:00,73.1
2025-06-12 10:04:00,33.6
2025-06-12 02:29:00,47.4
2025-06-12 23:19:00,47.0
2025-06-12 08:18:00,52.3
2025-06-12 11:35:00,97.1
2025-06-12 22:50:00,4.0
2025-06-12 14:24:00,2.7
2025-06-12 13:40:00,70.5
2025-06-12 23:11:00,31.8
2025-06-12 07:47:00,91.0
2025-06-12 05:57:00,63.6
2025-06-12 15:48:00,26.5
2025-06-12 10:59:00,60.3
2025-06-12 00:33:00,55.8
2025-06-12 16:37:00,32.7
2025-06-12 20:50:00,65.0
2025-06-12 22:15:00,89.2
2025-06-12 15:18:00,49.7
2025-06-12 14:20:00,6.7
2025-06-12 05:18:00,69.0
2025-06-12 17:04:00,19.7
2025-06-12 02:42:00,49.927249175694776
2025-06-12 09:48:00,41.5
2025-06-12 16:40:00,4.2
2025-06-12 04:38:00,44.8
2025-06-12 19:55:00,87.6
2025-06-12 03:46:00,30.0
2025-06-12 13:52:00,94.0
2025-06-12 04:30:00,55.3
2025-06-12 00:18:00,73.1
2025-06-12 05:37:00,31.4
2025-06-12 10:44:00,1.3
2025-06-12 09:53:00,49.927249175694776
2025-06-12 03:48:00,49.927249175694776
2025-06-12 04:04:00,15.4
2025-06-12 12:48:00,3.1
2025-06-12 10:15:00,65.7
2025-06-12 16:11:00,16.3
2025-06-12 13:58:00,2.5
2025-06-12 03:36:00,49.927249175694776
2025-06-12 12:01:00,20.7
2025-06-12 15:50:00,5.7
2025-06-12 17:03:00,22.8
2025-06-12 08:15:00,93.3
2025-06-12 20:23:00,17.2
2025-06-12 19:34:00,40.9
2025-06-12 04:29:00,70.3
2025-06-12 07:51:00,2.8
2025-06-12 22:24:00,12.8
2025-06-12 12:45:00,24.0
2025-06-12 20:23:00,19.7
2025-06-12 18:21:00,9.0
2025-06-12 01:50:00,33.6
2025-06-12 21:10:00,39.9
2025-06-12 17:23:00,77.1
2025-06-12 22:22:00,49.927249175694776
2025-06-12 08:32:00,54.9
2025-06-12 17:12:00,87.3
2025-06-12 14:14:00,30.9
2025-06-12 09:14:00,33.8
2025-06-12 21:45:00,14.8
2025-06-12 08:18:00,52.5
2025-06-12 10:53:00,64.4
2025-06-12 12:01:00,49.72265128325876
2025-06-12 21:06:00,49.72265128325876
2025-06-12 22:32:00,84.0
2025-06-12 15:10:00,0.3
2025-06-12 14:41:00,63.2
2025-06-12 20:34:00,94.3
2025-06-12 10:18:00,62.4
2025-06-12 14:27:00,87.7
2025-06-12 10:52:00,25.6
2025-06-12 20:47:00,9.9
2025-06-12 19:24:00,71.4
2025-06-12 17:37:00,39.5
2025-06-12 17:32:00,49.72265128325876
2025-06-12 17:33:00,98.7
2025-06-12 07:47:00,60.3
2025-06-12 01:32:00,6.8
2025-06-12 18:21:00,2.3
2025-06-12 09:39:00,46.7
2025-06-12 05:06:00,80.3
2025-06-12 12:32:00,49.72265128325876
2025-06-12 09:52:00,13.7
2025-06-12 02:44:00,84.1
2025-06-12 00:21:00,64.1
2025-06-12 00:16:00,49.72265128325876
2025-06-12 06:28:00,49.2
2025-06-12 18:17:00,67.6
2025-06-12 08:16:00,38.4
2025-06-12 00:28:00,57.5
2025-06-12 16:49:00,44.6
2025-06-12 18:46:00,94.2
2025-06-12 22:36:00,49.72265128325876
2025-06-12 12:33:00,76.4
2025-06-12 20:55:00,51.6
2025-06-12 23:18:00,90.6
2025-06-12 15:23:00,74.5
2025-06-12 06:41:00,3.5
2025-06-12 18:39:00,72.3
2025-06-12 22:33:00,49.72265128325876
2025-06-12 14:13:00,0.1
2025-06-12 15:37:00,49.72265128325876
2025-06-12 06:05:00,89.5
2025-06-12 01:22:00,58.7
2025-06-12 02:09:00,85.1
2025-06-12 07:55:00,74.8
2025-06-12 07:45:00,92.4
2025-06-12 03:06:00,0.9
2025-06-12 16:31:00,97.3
2025-06-12 13:08:00,86.3
2025-06-12 10:48:00,80.7
2025-06-12 18:38:00,13.3
2025-06-12 00:27:00,49.72265128325876
2025-06-12 20:36:00,39.7
2025-06-12 17:02:00,45.6
2025-06-12 15:47:00,21.4
2025-06-12 23:50:00,69.5
2025-06-12 11:51:00,6.0
2025-06-12 11:04:00,30.0
2025-06-12 02:13:00,69.0
2025-06-12 05:14:00,40.2
2025-06-12 09:39:00,88.0
2025-06-12 05:04:00,73.6
2025-06-12 17:32:00,8.2
2025-06-12 10:34:00,90.8
2025-06-12 22:12:00,39.9
2025-06-12 15:57:00,49.72265128325876
2025-06-12 14:55:00,82.5
2025-06-12 16:22:00,20.7
2025-06-12 22:48:00,29.8
2025-06-12 05:04:00,79.0
2025-06-12 21:31:00,49.72265128325876
2025-06-12 04:04:00,31.6
2025-06-12 01:44:00,0.6
2025-06-12 09:19:00,10.0
2025-06-12 07:53:00,0.3
2025-06-12 09:02:00,62.5
2025-06-12 22:52:00,17.0
2025-06-12 05:34:00,50.2
2025-06-12 03:23:00,4.7
2025-06-12 11:02:00,77.3
2025-06-12 20:56:00,49.72265128325876
2025-06-12 04:23:00,49.72265128325876
2025-06-12 18:39:00,26.0
2025-06-12 04:10:00,11.4
2025-06-12 04:11:00,85.6
2025-06-12 09:43:00,62.8
2025-06-12 08:44:00,49.72265128325876
2025-06-12 01:51:00,49.72265128325876
2025-06-12 00:45:00,16.7
2025-06-12 01:35:00,15.7
2025-06-12 03:37:00,90.7
2025-06-12 18:58:00,30.7
2025-06-12 11:55:00,28.9
2025-06-12 02:04:00,49.72265128325876
2025-06-12 07:47:00,80.4
2025-06-12 12:17:00,79.1
2025-06-12 20:16:00,14.7
2025-06-12 10:38:00,45.4
2025-06-12 00:10:00,70.7
2025-06-12 14:49:00,86.5
2025-06-12 05:19:00,65.9
2025-06-12 17:00:00,49.0
2025-06-12 19:09:00,71.0
2025-06-12 15:57:00,49.72265128325876
2025-06-12 13:39:00,62.8
2025-06-12 22:05:00,31.7
2025-06-12 17:30:00,49.72265128325876
2025-06-12 02:22:00,74.5
2025-06-12 01:05:00,85.1
2025-06-12 05:14:00,49.72265128325876
2025-06-12 15:03:00,73.8
2025-06-12 12:58:00,49.72265128325876
2025-06-12 21:02:00,60.0
2025-06-12 07:53:00,49.72265128325876
2025-06-12 14:25:00,0.6
2025-06-12 13:00:00,63.3
2025-06-12 17:17:00,67.9
2025-06-12 01:03:00,42.4
2025-06-12 04:13:00,49.72265128325876
2025-06-12 21:32:00,50.0
2025-06-12 00:27:00,99.8
2025-06-12 06:24:00,43.0
2025-06-12 08:53:00,27.5
2025-06-12 10:33:00,52.5
2025-06-12 12:38:00,35.2
2025-06-12 02:51:00,22.7
2025-06-12 03:31:00,62.7
2025-06-12 17:58:00,46.9
2025-06-12 15:59:00,29.5
2025-06-12 09:15:00,94.6
2025-06-12 06:31:00,76.3
2025-06-12 11:29:00,71.5
2025-06-12 20:25:00,49.72265128325876
2025-06-12 19:49:00,1.6
2025-06-12 00:06:00,0.1
2025-06-12 15:19:00,93.4
2025-06-12 18:10:00,30.9
2025-06-12 14:42:00,57.1
2025-06-12 17:52:00,69.7
2025-06-12 11:43:00,37.1
2025-06-12 13:40:00,16.8
2025-06-12 08:57:00,49.72265128325876
2025-06-12 19:38:00,32.1
2025-06-12 21:43:00,41.3
2025-06-12 13:31:00,53.3
2025-06-12 05:16:00,68.1
2025-06-12 00:30:00,59.7
2025-06-12 03:18:00,48.2
2025-06-12 13:09:00,76.6
2025-06-12 11:14:00,71.6
2025-06-12 05:15:00,0.9
2025-06-12 23:57:00,38.8
2025-06-12 09:25:00,24.0
2025-06-12 03:08:00,36.6
2025-06-12 00:23:00,63.1
2025-06-12 19:53:00,81.2
2025-06-12 04:02:00,76.3
2025-06-12 17:52:00,4.6
2025-06-12 02:31:00,47.1
2025-06-12 06:04:00,73.2
2025-06-12 00:27:00,75.7
2025-06-12 00:38:00,95.4
2025-06-12 10:59:00,85.7
2025-06-12 10:22:00,77.9
2025-06-12 00:55:00,62.9
2025-06-12 12:17:00,7.9
2025-06-12 06:51:00,99.3
2025-06-12 14:05:00,39.0
2025-06-12 23:20:00,0.7
2025-06-12 05:36:00,5.1
2025-06-12 02:30:00,12.9
2025-06-12 02:13:00,67.1
2025-06-12 21:53:00,12.1
2025-06-12 23:27:00,85.1
2025-06-12 08:49:00,30.8
2025-06-12 09:41:00,99.5
2025-06-12 16:04:00,22.0
2025-06-12 14:52:00,14.3
2025-06-12 11:18:00,49.1
2025-06-12 05:00:00,61.8
2025-06-12 05:52:00,92.3
2025-06-12 05:44:00,84.6
2025-06-12 10:19:00,89.1
2025-06-12 10:56:00,1.1
2025-06-12 03:11:00,58.6
2025-06-12 01:54:00,48.0
2025-06-12 13:09:00,46.6
2025-06-12 13:52:00,73.4
2025-06-12 20:03:00,1.1
2025-06-12 16:16:00,49.72265128325876
2025-06-12 10:43:00,10.2
2025-06-12 11:00:00,60.9
2025-06-12 17:33:00,46.3
2025-06-12 00:32:00,95.9
2025-06-12 14:51:00,56.6
2025-06-12 19:15:00,62.4
2025-06-12 22:11:00,8.1
2025-06-12 17:43:00,66.4
2025-06-12 20:43:00,0.8
2025-06-12 05:27:00,37.1
2025-06-12 18:36:00,25.3
2025-06-12 04:32:00,0.4
2025-06-12 19:06:00,70.5
2025-06-12 17:10:00,43.3
2025-06-12 14:02:00,54.1
2025-06-12 20:14:00,77.0
2025-06-12 13:39:00,29.3
2025-06-12 11:16:00,49.72265128325876
2025-06-12 13:08:00,44.1
2025-06-12 15:12:00,47.8
2025-06-12 11:27:00,34.8
2025-06-12 01:41:00,47.7
2025-06-12 23:12:00,20.6
2025-06-12 13:10:00,30.3
2025-06-12 15:40:00,13.2
2025-06-12 13:53:00,85.2
2025-06-12 13:25:00,49.72265128325876
2025-06-12 22:57:00,90.3
2025-06-12 19:35:00,18.7
2025-06-12 01:44:00,83.7
2025-06-12 01:38:00,25.8
2025-06-12 04:20:00,88.0
2025-06-12 13:53:00,99.5
2025-06-12 03:30:00,69.6
2025-06-12 06:45:00,61.6
2025-06-12 13:59:00,89.2
2025-06-12 05:50:00,16.9
2025-06-12 08:17:00,27.6
2025-06-12 20:47:00,36.1
2025-06-12 11:51:00,87.5
2025-06-12 12:30:00,58.0
2025-06-12 12:07:00,6.3
2025-06-12 17:24:00,49.72265128325876
2025-06-12 22:12:00,59.9
2025-06-12 23:57:00,9.2
2025-06-12 08:13:00,49.72265128325876
2025-06-12 18:31:00,27.7
2025-06-12 12:08:00,36.6
2025-06-12 07:05:00,65.3
2025-06-12 16:32:00,68.8
2025-06-12 06:18:00,91.0
2025-06-12 12:27:00,62.4
2025-06-12 00:18:00,63.2
2025-06-12 22:18:00,32.1
2025-06-12 19:35:00,80.3
2025-06-12 20:24:00,66.4
2025-06-12 17:55:00,83.1
2025-06-12 19:00:00,3.2
2025-06-12 21:13:00,89.2
2025-06-12 01:04:00,31.6
2025-06-12 05:22:00,21.0
2025-06-12 10:33:00,56.8
2025-06-12 06:46:00,53.8
2025-06-12 19:11:00,72.3
2025-06-12 12:26:00,9.5
2025-06-12 04:19:00,96.7
2025-06-12 20:06:00,63.0
2025-06-12 06:40:00,49.72265128325876
2025-06-12 05:00:00,70.3
2025-06-12 04:56:00,33.7
2025-06-12 20:50:00,58.0
2025-06-12 16:07:00,15.0
2025-06-12 23:55:00,56.0
2025-06-12 02:43:00,50.9
2025-06-12 12:10:00,49.72265128325876
2025-06-12 21:29:00,25.4
2025-06-12 23:10:00,14.5
2025-06-12 12:04:00,81.0
2025-06-12 10:07:00,25.5
2025-06-12 08:26:00,49.72265128325876
2025-06-12 19:26:00,67.1
2025-06-12 18:35:00,49.72265128325876
2025-06-12 07:32:00,48.5
2025-06-12 18:34:00,10.3
2025-06-12 23:48:00,49.72265128325876
2025-06-12 07:19:00,90.4
2025-06-12 09:03:00,70.9
2025-06-12 23:28:00,95.4
2025-06-12 15:47:00,76.7
2025-06-12 05:02:00,2.2
2025-06-12 00:34:00,7.5
2025-06-12 23:29:00,57.7
2025-06-12 19:42:00,50.6
2025-06-12 12:38:00,67.0
2025-06-12 08:51:00,53.1
2025-06-12 12:39:00,10.3
2025-06-12 03:45:00,65.6
2025-06-12 00:45:00,30.3
2025-06-12 01:23:00,72.5
2025-06-12 04:42:00,47.1
2025-06-12 00:42:00,51.3
2025-06-12 09:17:00,4.3
2025-06-12 16:18:00,49.72265128325876
2025-06-12 05:34:00,98.9
2025-06-12 11:21:00,49.72265128325876
2025-06-12 03:57:00,96.7
2025-06-12 09:06:00,76.9
2025-06-12 18:50:00,91.9
2025-06-12 01:55:00,80.5
2025-06-12 03:06:00,84.1
2025-06-12 19:14:00,68.6
2025-06-12 11:25:00,49.2
2025-06-12 03:53:00,24.5
2025-06-12 03:52:00,49.72265128325876
2025-06-12 20:55:00,4.4
2025-06-12 09:42:00,88.3
2025-06-12 14:25:00,49.72265128325876
2025-06-12 10:45:00,38.0
2025-06-12 13:00:00,61.1
2025-06-12 06:50:00,37.9
2025-06-12 10:09:00,78.8
2025-06-12 20:50:00,67.0
2025-06-12 16:29:00,47.8
2025-06-12 23:00:00,49.72265128325876
2025-06-12 15:25:00,49.72265128325876
2025-06-12 09:26:00,96.2
2025-06-12 22:30:00,65.7
2025-06-12 03:26:00,49.72265128325876
2025-06-12 06:46:00,70.2
2025-06-12 03:09:00,14.4
2025-06-12 19:00:00,85.6
2025-06-12 12:18:00,49.72265128325876
2025-06-12 16:16:00,7.4
2025-06-12 00:02:00,70.8
2025-06-12 09:49:00,51.3
2025-06-12 13:54:00,90.7
2025-06-12 18:40:00,26.7
2025-06-12 14:25:00,61.4
2025-06-12 02:37:00,7.5
2025-06-12 07:12:00,75.3
2025-06-12 16:08:00,21.6
2025-06-12 20:02:00,49.72265128325876
2025-06-12 23:02:00,33.2
2025-06-12 00:42:00,83.2
2025-06-12 16:58:00,62.0
2025-06-12 20:09:00,98.8
2025-06-12 15:30:00,27.2
2025-06-12 06:09:00,49.72265128325876
2025-06-12 09:20:00,59.0
2025-06-12 18:13:00,17.8
2025-06-12 18:22:00,22.6
2025-06-12 03:43:00,55.5
2025-06-12 03:23:00,96.3
2025-06-12 01:02:00,37.1
2025-06-12 15:05:00,50.25777465777466
2025-06-12 04:40:00,50.25777465777466
2025-06-12 08:07:00,39.7
2025-06-12 00:40:00,4.0
2025-06-12 23:17:00,57.3
2025-06-12 04:07:00,67.2
2025-06-12 12:47:00,80.5
2025-06-12 04:46:00,50.25777465777466
2025-06-12 14:12:00,50.25777465777466
2025-06-12 08:31:00,58.6
2025-06-12 04:12:00,27.8
2025-06-12 05:03:00,10.4
2025-06-12 10:39:00,33.6
2025-06-12 18:13:00,50.25777465777466
2025-06-12 03:13:00,83.6
2025-06-12 19:45:00,45.3
2025-06-12 20:07:00,97.1
2025-06-12 17:42:00,97.8
2025-06-12 17:35:00,77.1
2025-06-12 10:56:00,40.4
2025-06-12 05:37:00,16.5
2025-06-12 14:06:00,3.4
2025-06-12 10:17:00,44.9
2025-06-12 15:04:00,89.3
2025-06-12 23:26:00,51.5
2025-06-12 13:35:00,45.6
2025-06-12 18:51:00,10.3
2025-06-12 19:33:00,53.7
2025-06-12 17:41:00,64.0
2025-06-12 06:35:00,50.25777465777466
2025-06-12 09:38:00,77.3
2025-06-12 13:05:00,37.4
2025-06-12 05:42:00,75.7
2025-06-12 06:09:00,56.1
2025-06-12 14:52:00,90.3
2025-06-12 18:57:00,48.4
2025-06-12 13:21:00,82.8
2025-06-12 23:54:00,73.0
2025-06-12 22:31:00,92.9
2025-06-12 12:44:00,50.25777465777466
2025-06-12 12:33:00,44.8
2025-06-12 20:11:00,13.9
2025-06-12 17:09:00,36.6
2025-06-12 06:12:00,33.9
2025-06-12 08:42:00,50.25777465777466
2025-06-12 05:50:00,64.3
2025-06-12 08:01:00,93.1
2025-06-12 22:26:00,46.7
2025-06-12 02:37:00,54.9
2025-06-12 01:24:00,10.4
2025-06-12 08:15:00,41.6
2025-06-12 18:32:00,50.25777465777466
2025-06-12 17:30:00,29.7
2025-06-12 00:48:00,98.9
2025-06-12 14:40:00,60.6
2025-06-12 07:19:00,66.5
2025-06-12 21:39:00,89.4
2025-06-12 21:20:00,20.4
2025-06-12 09:15:00,50.25777465777466
2025-06-12 08:10:00,50.25777465777466
2025-06-12 22:04:00,18.7
2025-06-12 20:43:00,50.25777465777466
2025-06-12 12:03:00,16.9
2025-06-12 02:37:00,79.0
2025-06-12 23:03:00,50.25777465777466
2025-06-12 01:31:00,0.7
2025-06-12 15:01:00,30.3
2025-06-12 16:36:00,38.3
2025-06-12 11:14:00,39.7
2025-06-12 13:01:00,44.7
2025-06-12 08:33:00,35.6
2025-06-12 05:52:00,38.0
2025-06-12 00:19:00,50.25777465777466
2025-06-12 02:47:00,77.2
2025-06-12 18:43:00,39.1
2025-06-12 23:48:00,9.1
2025-06-12 12:52:00,44.3
2025-06-12 11:01:00,39.6
2025-06-12 07:11:00,80.6
2025-06-12 18:16:00,50.25777465777466
2025-06-12 18:52:00,50.25777465777466
2025-06-12 01:18:00,9.6
2025-06-12 10:55:00,31.2
2025-06-12 04:04:00,9.8
2025-06-12 13:18:00,50.25777465777466
2025-06-12 06:36:00,15.6
2025-06-12 15:52:00,3.4
2025-06-12 21:19:00,11.5
2025-06-12 20:48:00,45.1
2025-06-12 12:41:00,71.9
2025-06-12 21:42:00,49.3
2025-06-12 05:37:00,71.2
2025-06-12 15:26:00,93.1
2025-06-12 07:45:00,18.5
2025-06-12 15:09:00,19.9
2025-06-12 18:44:00,19.8
2025-06-12 12:21:00,1.4
2025-06-12 00:15:00,89.0
2025-06-12 12:52:00,81.3
2025-06-12 12:56:00,50.7
2025-06-12 22:48:00,68.6
2025-06-12 06:50:00,12.2
2025-06-12 11:45:00,51.8
2025-06-12 12:14:00,44.5
2025-06-12 22:32:00,38.5
2025-06-12 15:35:00,29.5
2025-06-12 08:40:00,1.8
2025-06-12 18:17:00,50.25777465777466
2025-06-12 10:39:00,88.3
2025-06-12 02:31:00,2.1
2025-06-12 18:49:00,19.3
2025-06-12 08:08:00,73.5
2025-06-12 16:39:00,79.3
2025-06-12 09:27:00,62.0
2025-06-12 19:56:00,17.3
2025-06-12 08:13:00,50.25777465777466
2025-06-12 10:33:00,41.8
2025-06-12 17:26:00,23.6
2025-06-12 08:37:00,37.4
2025-06-12 06:21:00,79.6
2025-06-12 09:47:00,97.3
2025-06-12 19:57:00,50.25777465777466
2025-06-12 01:11:00,26.2
2025-06-12 07:45:00,20.6
2025-06-12 22:03:00,95.1
2025-06-12 04:16:00,98.6
2025-06-12 06:25:00,3.4
2025-06-12 18:53:00,91.1
2025-06-12 21:35:00,28.3
2025-06-12 04:10:00,15.3
2025-06-12 21:53:00,75.7
2025-06-12 15:15:00,1.1
2025-06-12 11:13:00,59.5
2025-06-12 04:14:00,3.2
2025-06-12 10:56:00,50.25777465777466
2025-06-12 06:06:00,3.5
2025-06-12 11:06:00,52.8
2025-06-12 06:41:00,69.2
2025-06-12 21:10:00,58.3
2025-06-12 03:24:00,70.7
2025-06-12 16:41:00,0.7
2025-06-12 18:37:00,4.4
2025-06-12 07:24:00,20.1
2025-06-12 18:36:00,29.0
2025-06-12 17:37:00,0.1
2025-06-12 15:14:00,86.8
2025-06-12 12:19:00,10.8
2025-06-12 18:15:00,50.25777465777466
2025-06-12 04:20:00,97.2
2025-06-12 01:47:00,14.8
2025-06-12 15:37:00,84.5
2025-06-12 12:30:00,44.4
2025-06-12 06:37:00,37.2
2025-06-12 17:11:00,29.5
2025-06-12 02:50:00,48.1
2025-06-12 07:14:00,60.7
2025-06-12 16:58:00,50.25777465777466
2025-06-12 11:17:00,53.2
2025-06-12 03:37:00,50.25777465777466
2025-06-12 23:08:00,35.9
2025-06-12 04:48:00,41.5
2025-06-12 09:37:00,72.4
2025-06-12 10:42:00,15.3
2025-06-12 15:13:00,60.7
2025-06-12 06:42:00,28.5
2025-06-12 02:48:00,74.3
2025-06-12 04:27:00,18.1
2025-06-12 06:57:00,41.4
2025-06-12 04:28:00,9.2
2025-06-12 10:52:00,42.7
2025-06-12 01:17:00,47.5
2025-06-12 07:02:00,23.4
2025-06-12 22:53:00,16.3
2025-06-12 06:02:00,42.3
2025-06-12 18:09:00,46.7
2025-06-12 21:00:00,92.8
2025-06-12 08:44:00,74.0
2025-06-12 09:27:00,50.25777465777466
2025-06-12 16:53:00,86.7
2025-06-12 19:44:00,68.5
2025-06-12 05:24:00,86.2
2025-06-12 04:33:00,73.5
2025-06-12 19:48:00,50.3
2025-06-12 16:48:00,82.1
2025-06-12 16:23:00,30.2
2025-06-12 00:56:00,50.25777465777466
2025-06-12 06:18:00,38.4
2025-06-12 07:04:00,43.5
2025-06-12 22:31:00,62.8
2025-06-12 08:14:00,1.0
2025-06-12 01:28:00,77.8
2025-06-12 14:00:00,82.4
2025-06-12 02:08:00,80.3
2025-06-12 08:36:00,25.6
2025-06-12 01:20:00,0.5
2025-06-12 06:55:00,51.4
2025-06-12 12:35:00,27.6
2025-06-12 10:56:00,50.25777465777466
2025-06-12 05:23:00,48.5
2025-06-12 23:17:00,51.1
2025-06-12 12:48:00,66.1
2025-06-12 04:40:00,46.2
2025-06-12 01:09:00,50.25777465777466
2025-06-12 09:06:00,84.7
2025-06-12 17:44:00,50.25777465777466
2025-06-12 14:16:00,73.6
2025-06-12 08:47:00,48.4
2025-06-12 00:29:00,52.4
2025-06-12 20:36:00,10.8
2025-06-12 06:00:00,43.8
2025-06-12 06:40:00,50.25777465777466
2025-06-12 15:00:00,29.7
2025-06-12 18:54:00,10.9
2025-06-12 04:44:00,33.7
2025-06-12 05:04:00,99.0
2025-06-12 07:24:00,31.9
2025-06-12 08:32:00,33.0
2025-06-12 06:32:00,50.25777465777466
2025-06-12 19:02:00,50.25777465777466
2025-06-12 20:25:00,35.8
2025-06-12 15:08:00,24.1
2025-06-12 11:34:00,50.25777465777466
2025-06-12 04:11:00,50.25777465777466
2025-06-12 02:03:00,27.6
2025-06-12 14:49:00,23.5
2025-06-12 19:31:00,35.1
2025-06-12 20:40:00,4.8
2025-06-12 09:21:00,71.0
2025-06-12 20:16:00,99.2
2025-06-12 19:27:00,50.25777465777466
2025-06-12 00:35:00,83.0
2025-06-12 05:30:00,58.7
2025-06-12 19:56:00,6.6
2025-06-12 21:07:00,50.25777465777466
2025-06-12 10:30:00,62.5
2025-06-12 15:55:00,58.4
2025-06-12 23:19:00,53.1
2025-06-12 17:31:00,50.25777465777466
2025-06-12 19:28:00,2.8
2025-06-12 10:40:00,21.1
2025-06-12 20:09:00,50.25777465777466
2025-06-12 02:59:00,45.8
2025-06-12 19:36:00,72.1
2025-06-12 16:02:00,50.25777465777466
2025-06-12 09:28:00,34.9
2025-06-12 19:06:00,72.4
2025-06-12 23:05:00,39.3
2025-06-12 13:40:00,3.2
2025-06-12 18:50:00,75.6
2025-06-12 21:52:00,77.7
2025-06-12 07:11:00,35.9
2025-06-12 12:25:00,50.25777465777466
2025-06-12 00:48:00,33.4
2025-06-12 23:00:00,6.6
2025-06-12 06:33:00,83.7
2025-06-12 05:56:00,21.0
2025-06-12 18:11:00,43.3
2025-06-12 06:38:00,50.25777465777466
2025-06-12 15:46:00,11.3
2025-06-12 22:22:00,50.25777465777466
2025-06-12 09:45:00,6.2
2025-06-12 13:32:00,32.0
2025-06-12 04:36:00,62.2
2025-06-12 23:16:00,70.4
2025-06-12 06:08:00,50.25777465777466
2025-06-12 06:29:00,81.7
2025-06-12 17:57:00,93.1
2025-06-12 05:17:00,34.6
2025-06-12 22:19:00,50.25777465777466
2025-06-12 08:20:00,50.25777465777466
2025-06-12 19:32:00,62.3
2025-06-12 09:29:00,49.7
2025-06-12 23:23:00,2.1
2025-06-12 14:08:00,22.7
2025-06-12 11:42:00,92.9
2025-06-12 23:01:00,24.6
2025-06-12 00:43:00,49.4
2025-06-12 01:56:00,79.8
2025-06-12 00:19:00,74.8
2025-06-12 04:11:00,99.4
2025-06-12 09:07:00,98.0
2025-06-12 09:11:00,62.2
2025-06-12 18:03:00,16.1
2025-06-12 21:26:00,70.2
2025-06-12 19:32:00,70.4
2025-06-12 20:46:00,28.3
2025-06-12 02:25:00,69.8
2025-06-12 07:54:00,25.3
2025-06-12 19:13:00,34.8
2025-06-12 02:27:00,2.3
2025-06-12 01:18:00,44.5
2025-06-12 07:59:00,96.2
2025-06-12 03:41:00,72.6
2025-06-12 17:36:00,74.5
2025-06-12 04:35:00,23.9
2025-06-12 14:46:00,40.9
2025-06-12 10:56:00,80.6
2025-06-12 08:11:00,28.2
2025-06-12 15:06:00,69.4
2025-06-12 05:25:00,50.25777465777466
2025-06-12 21:05:00,29.3
2025-06-12 17:22:00,50.25777465777466
2025-06-12 05:55:00,67.4
2025-06-12 05:25:00,50.25777465777466
2025-06-12 12:08:00,71.9
2025-06-12 20:19:00,15.0
2025-06-12 23:28:00,76.3
2025-06-12 08:29:00,83.8
2025-06-12 01:19:00,58.0
2025-06-12 03:10:00,28.2
2025-06-12 01:21:00,50.25777465777466
2025-06-12 03:28:00,20.3
2025-06-12 10:35:00,36.3
2025-06-12 13:45:00,80.2
2025-06-12 10:11:00,65.5
2025-06-12 01:43:00,84.5
2025-06-12 10:38:00,9.0
2025-06-12 21:19:00,64.2
2025-06-12 04:03:00,8.2
2025-06-12 16:54:00,86.3
2025-06-12 01:36:00,34.7
2025-06-12 15:22:00,50.5
2025-06-12 03:59:00,59.3
2025-06-12 02:37:00,45.4
2025-06-12 11:26:00,77.6
2025-06-12 16:55:00,55.7
2025-06-12 04:23:00,78.1
2025-06-12 04:27:00,50.25777465777466
2025-06-12 11:13:00,50.25777465777466
2025-06-12 16:04:00,68.1
2025-06-12 21:56:00,7.1
2025-06-12 03:21:00,72.5
2025-06-12 05:45:00,50.25777465777466
2025-06-12 19:15:00,52.1
2025-06-12 03:34:00,50.25777465777466
2025-06-12 22:25:00,5.9
2025-06-12 04:33:00,57.3
2025-06-12 01:57:00,35.9
2025-06-12 12:55:00,31.3
2025-06-12 15:03:00,74.5
2025-06-12 12:45:00,50.25777465777466
2025-06-12 07:20:00,69.7
2025-06-12 16:33:00,49.9464552238806
2025-06-12 11:17:00,73.9
2025-06-12 01:59:00,49.5
2025-06-12 23:17:00,34.4
2025-06-12 12:16:00,50.9
2025-06-12 13:14:00,75.1
2025-06-12 08:00:00,49.9464552238806
2025-06-12 02:24:00,25.0
2025-06-12 09:38:00,87.7
2025-06-12 07:22:00,30.6
2025-06-12 14:11:00,49.9464552238806
2025-06-12 01:31:00,54.7
2025-06-12 06:45:00,49.9464552238806
2025-06-12 17:12:00,14.9
2025-06-12 12:04:00,27.6
2025-06-12 16:35:00,14.2
2025-06-12 15:44:00,63.5
2025-06-12 15:18:00,57.6
2025-06-12 10:07:00,96.3
2025-06-12 23:10:00,49.9464552238806
2025-06-12 03:13:00,18.4
2025-06-12 06:20:00,63.9
2025-06-12 07:58:00,55.6
2025-06-12 12:21:00,28.5
2025-06-12 21:51:00,49.9464552238806
2025-06-12 07:04:00,20.2
2025-06-12 22:28:00,49.9464552238806
2025-06-12 06:13:00,66.3
2025-06-12 00:44:00,49.9464552238806
2025-06-12 17:43:00,5.6
2025-06-12 13:53:00,78.1
2025-06-12 19:14:00,92.1
2025-06-12 06:31:00,49.9464552238806
2025-06-12 15:15:00,10.7
2025-06-12 07:34:00,25.6
2025-06-12 17:23:00,60.6
2025-06-12 02:38:00,11.1
2025-06-12 07:50:00,9.0
2025-06-12 09:25:00,37.8
2025-06-12 00:35:00,63.2
2025-06-12 00:03:00,47.6
2025-06-12 13:38:00,11.2
2025-06-12 23:28:00,79.7
2025-06-12 09:06:00,38.3
2025-06-12 08:37:00,33.7
2025-06-12 01:56:00,25.9
2025-06-12 16:55:00,49.9464552238806
2025-06-12 04:12:00,82.7
2025-06-12 09:07:00,62.1
2025-06-12 10:48:00,8.9
2025-06-12 13:34:00,62.1
2025-06-12 16:52:00,29.3
2025-06-12 06:54:00,62.0
2025-06-12 05:37:00,45.3
2025-06-12 13:45:00,24.3
2025-06-12 16:55:00,49.9464552238806
2025-06-12 17:25:00,11.1
2025-06-12 07:55:00,38.3
2025-06-12 22:58:00,49.2
2025-06-12 08:53:00,7.0
2025-06-12 15:40:00,72.5
2025-06-12 16:01:00,81.5
2025-06-12 00:37:00,56.2
2025-06-12 04:58:00,53.1
2025-06-12 04:26:00,57.1
2025-06-12 10:53:00,23.4
2025-06-12 19:22:00,49.9464552238806
2025-06-12 10:55:00,23.8
2025-06-12 09:09:00,100.0
2025-06-12 09:35:00,73.0
2025-06-12 22:44:00,11.7
2025-06-12 10:52:00,24.2
2025-06-12 01:44:00,82.0
2025-06-12 23:07:00,68.4
2025-06-12 11:24:00,92.4
2025-06-12 19:37:00,49.9464552238806
2025-06-12 20:41:00,33.2
2025-06-12 22:34:00,26.5
2025-06-12 09:52:00,58.2
2025-06-12 10:02:00,10.6
2025-06-12 04:54:00,73.5
2025-06-12 10:01:00,73.3
2025-06-12 16:32:00,91.1
2025-06-12 23:45:00,19.0
2025-06-12 00:48:00,49.9464552238806
2025-06-12 15:10:00,1.9
2025-06-12 22:48:00,49.9464552238806
2025-06-12 11:32:00,49.9464552238806
2025-06-12 15:17:00,19.9
2025-06-12 16:40:00,80.6
2025-06-12 16:27:00,27.6
2025-06-12 04:54:00,49.9464552238806
2025-06-12 10:10:00,3.6
2025-06-12 19:59:00,17.4
2025-06-12 04:34:00,89.6
2025-06-12 08:49:00,40.8
2025-06-12 15:28:00,48.8
2025-06-12 15:07:00,36.8
2025-06-12 03:00:00,36.1
2025-06-12 02:23:00,20.0
2025-06-12 12:30:00,5.1
2025-06-12 22:00:00,64.4
2025-06-12 05:11:00,19.2
2025-06-12 12:46:00,84.6
2025-06-12 12:01:00,61.2
2025-06-12 23:39:00,38.5
2025-06-12 23:37:00,49.9464552238806
2025-06-12 18:46:00,49.9464552238806
2025-06-12 17:47:00,49.9464552238806
2025-06-12 01:39:00,30.4
2025-06-12 06:51:00,49.9464552238806
2025-06-12 06:09:00,12.6
2025-06-12 05:27:00,92.5
2025-06-12 16:38:00,95.6
2025-06-12 07:54:00,61.9
2025-06-12 10:27:00,2.2
2025-06-12 18:34:00,70.3
2025-06-12 13:17:00,6.6
2025-06-12 06:03:00,17.2
2025-06-12 07:41:00,64.2
2025-06-12 07:42:00,44.5
2025-06-12 00:08:00,85.2
2025-06-12 08:29:00,100.0
2025-06-12 10:07:00,49.9464552238806
2025-06-12 23:54:00,66.3
2025-06-12 19:14:00,49.9464552238806
2025-06-12 06:01:00,37.1
2025-06-12 09:54:00,51.6
2025-06-12 06:58:00,91.7
2025-06-12 00:18:00,49.9464552238806
2025-06-12 16:38:00,76.5
2025-06-12 17:22:00,93.6
2025-06-12 13:11:00,17.4
2025-06-12 09:30:00,49.9464552238806
2025-06-12 04:56:00,82.1
2025-06-12 14:20:00,46.2
2025-06-12 12:26:00,49.9464552238806
2025-06-12 07:02:00,37.3
2025-06-12 18:41:00,49.9464552238806
2025-06-12 16:15:00,49.9464552238806
2025-06-12 01:45:00,49.9464552238806
2025-06-12 17:58:00,17.0
2025-06-12 06:33:00,73.3
2025-06-12 13:57:00,33.0
2025-06-12 01:50:00,60.7
2025-06-12 03:30:00,65.7
2025-06-12 02:48:00,49.9464552238806
2025-06-12 03:25:00,22.4
2025-06-12 14:17:00,32.0
2025-06-12 03:25:00,85.6
2025-06-12 01:09:00,74.8
2025-06-12 05:21:00,64.9
2025-06-12 14:37:00,49.9464552238806
2025-06-12 18:54:00,49.9464552238806
2025-06-12 03:30:00,3.7
2025-06-12 18:51:00,74.4
2025-06-12 13:35:00,47.8
2025-06-12 06:29:00,26.3
2025-06-12 19:42:00,90.5
2025-06-12 07:11:00,44.0
2025-06-12 02:09:00,71.0
2025-06-12 06:20:00,56.9
2025-06-12 10:55:00,96.5
2025-06-12 07:22:00,6.2
2025-06-12 00:14:00,12.2
2025-06-12 02:46:00,55.1
2025-06-12 15:53:00,96.3
2025-06-12 17:49:00,8.2
2025-06-12 18:40:00,49.9464552238806
2025-06-12 21:00:00,12.5
2025-06-12 16:20:00,43.6
2025-06-12 13:27:00,27.1
2025-06-12 14:49:00,85.3
2025-06-12 01:07:00,46.2
2025-06-12 23:08:00,68.8
2025-06-12 20:18:00,74.9
2025-06-12 14:42:00,49.9464552238806
2025-06-12 06:33:00,38.2
2025-06-12 09:39:00,75.2
2025-06-12 19:49:00,49.9464552238806
2025-06-12 09:23:00,42.8
2025-06-12 15:10:00,49.9464552238806
2025-06-12 06:21:00,84.3
2025-06-12 08:35:00,46.7
2025-06-12 16:14:00,91.9
2025-06-12 00:14:00,60.6
2025-06-12 01:01:00,15.6
2025-06-12 16:57:00,49.9464552238806
2025-06-12 02:23:00,74.4
2025-06-12 13:22:00,41.6
2025-06-12 06:47:00,54.1
2025-06-12 20:20:00,18.6
2025-06-12 17:11:00,37.2
2025-06-12 01:24:00,1.8
2025-06-12 08:27:00,89.5
2025-06-12 14:52:00,49.9464552238806
2025-06-12 05:43:00,49.9464552238806
2025-06-12 23:51:00,99.6
2025-06-12 16:15:00,45.9
2025-06-12 12:35:00,49.9464552238806
2025-06-12 06:53:00,68.6
2025-06-12 01:53:00,89.2
2025-06-12 06:10:00,52.7
2025-06-12 15:54:00,84.9
2025-06-12 00:56:00,50.7
2025-06-12 11:39:00,23.1
2025-06-12 00:34:00,49.9464552238806
2025-06-12 01:06:00,40.7
2025-06-12 21:33:00,24.0
2025-06-12 22:50:00,36.7
2025-06-12 21:46:00,12.3
2025-06-12 06:45:00,71.5
2025-06-12 04:53:00,98.6
2025-06-12 22:44:00,49.9464552238806
2025-06-12 10:46:00,94.3
2025-06-12 13:18:00,83.2
2025-06-12 17:18:00,55.2
2025-06-12 23:17:00,76.3
2025-06-12 09:49:00,49.9464552238806
2025-06-12 03:21:00,92.8
2025-06-12 21:03:00,55.4
2025-06-12 19:17:00,76.7
2025-06-12 11:13:00,33.4
2025-06-12 07:37:00,96.3
2025-06-12 17:26:00,49.9464552238806
2025-06-12 23:02:00,12.0
2025-06-12 05:33:00,65.4
2025-06-12 12:36:00,74.8
2025-06-12 22:20:00,21.2
2025-06-12 03:38:00,43.3
2025-06-12 10:21:00,0.2
2025-06-12 22:46:00,49.9464552238806
2025-06-12 06:33:00,14.1
2025-06-12 16:44:00,37.8
2025-06-12 15:54:00,59.0
2025-06-12 14:16:00,50.9
2025-06-12 20:09:00,82.1
2025-06-12 13:35:00,34.1
2025-06-12 20:19:00,49.9464552238806
2025-06-12 14:48:00,68.2
2025-06-12 09:34:00,39.6
2025-06-12 05:15:00,34.9
2025-06-12 13:01:00,64.8
2025-06-12 22:21:00,51.3
2025-06-12 17:57:00,0.9
2025-06-12 09:52:00,67.2
2025-06-12 10:52:00,71.9
2025-06-12 16:51:00,54.8
2025-06-12 21:47:00,56.0
2025-06-12 06:19:00,49.9464552238806
2025-06-12 09:44:00,76.8
2025-06-12 19:11:00,16.4
2025-06-12 10:39:00,11.3
2025-06-12 05:24:00,45.5
2025-06-12 06:01:00,49.9464552238806
2025-06-12 13:43:00,22.2
2025-06-12 03:04:00,89.0
2025-06-12 22:41:00,4.4
2025-06-12 08:46:00,19.2
2025-06-12 05:20:00,2.6
2025-06-12 18:29:00,49.9464552238806
2025-06-12 12:38:00,19.7
2025-06-12 07:17:00,49.9464552238806
2025-06-12 15:12:00,2.1
2025-06-12 07:26:00,72.4
2025-06-12 09:31:00,11.9
2025-06-12 06:23:00,91.3
2025-06-12 15:16:00,70.5
2025-06-12 15:22:00,8.3
2025-06-12 08:41:00,18.1
2025-06-12 00:00:00,94.5
2025-06-12 02:37:00,49.1
2025-06-12 06:17:00,96.1
2025-06-12 03:24:00,13.1
2025-06-12 05:55:00,47.2
2025-06-12 17:29:00,94.8
2025-06-12 13:50:00,6.6
2025-06-12 07:23:00,68.3
2025-06-12 09:42:00,49.9464552238806
2025-06-12 14:26:00,17.7
2025-06-12 09:34:00,7.1
2025-06-12 18:56:00,49.9464552238806
2025-06-12 04:32:00,49.9464552238806
2025-06-12 12:38:00,68.0
2025-06-12 11:05:00,88.1
2025-06-12 19:30:00,2.0
2025-06-12 20:39:00,49.9464552238806
2025-06-12 17:03:00,36.3
2025-06-12 23:02:00,99.3
2025-06-12 15:09:00,34.5
2025-06-12 19:29:00,46.2
2025-06-12 19:14:00,45.2
2025-06-12 16:46:00,35.6
2025-06-12 02:21:00,49.9464552238806
2025-06-12 20:41:00,49.9464552238806
2025-06-12 09:06:00,77.6
2025-06-12 07:17:00,20.9
2025-06-12 22:32:00,49.9464552238806
2025-06-12 05:02:00,11.2
2025-06-12 06:32:00,45.8
2025-06-12 16:31:00,78.2
2025-06-12 14:41:00,45.6
2025-06-12 19:53:00,49.9464552238806
2025-06-12 17:47:00,48.2
2025-06-12 03:22:00,30.5
2025-06-12 06:40:00,19.3
2025-06-12 05:51:00,89.5
2025-06-12 18:25:00,49.9464552238806
2025-06-12 13:36:00,22.1
2025-06-12 01:47:00,67.1
2025-06-12 15:31:00,5.3
2025-06-12 10:44:00,25.7
2025-06-12 03:03:00,30.7
2025-06-12 07:09:00,52.7
2025-06-12 02:51:00,27.4
2025-06-12 17:40:00,8.3
2025-06-12 01:50:00,67.6
2025-06-12 03:43:00,39.3
2025-06-12 02:42:00,68.9
2025-06-12 15:47:00,99.1
2025-06-12 03:38:00,97.0
2025-06-12 21:38:00,57.6
2025-06-12 17:17:00,85.6
2025-06-12 18:44:00,55.3
2025-06-12 00:48:00,66.8
2025-06-12 15:41:00,49.9464552238806
2025-06-12 17:48:00,11.4
2025-06-12 21:46:00,94.7
2025-06-12 15:21:00,49.9464552238806
2025-06-12 17:04:00,78.2
2025-06-12 07:39:00,99.0
2025-06-12 17:17:00,15.6
2025-06-12 02:59:00,1.5
2025-06-12 15:30:00,49.9464552238806
2025-06-12 14:21:00,15.7
2025-06-12 23:11:00,57.4
2025-06-12 16:42:00,98.2
2025-06-12 22:05:00,49.742524640779
2025-06-12 21:26:00,96.1
2025-06-12 11:03:00,64.5
2025-06-12 16:48:00,66.8
2025-06-12 16:47:00,11.5
2025-06-12 03:35:00,49.742524640779
2025-06-12 23:37:00,12.5
2025-06-12 16:50:00,32.2
2025-06-12 11:27:00,21.7
2025-06-12 23:49:00,78.2
2025-06-12 02:53:00,40.1
2025-06-12 01:43:00,61.7
2025-06-12 07:47:00,70.7
2025-06-12 10:10:00,83.4
2025-06-12 03:26:00,10.0
2025-06-12 00:48:00,28.0
2025-06-12 02:12:00,24.4
2025-06-12 13:15:00,21.3
2025-06-12 09:07:00,49.742524640779
2025-06-12 01:09:00,49.742524640779
2025-06-12 13:28:00,68.2
2025-06-12 07:14:00,49.742524640779
2025-06-12 22:57:00,19.2
2025-06-12 14:32:00,70.4
2025-06-12 17:03:00,2.4
2025-06-12 13:44:00,26.9
2025-06-12 20:09:00,66.0
2025-06-12 09:27:00,42.6
2025-06-12 01:43:00,79.1
2025-06-12 00:09:00,13.3
2025-06-12 08:10:00,81.9
2025-06-12 18:05:00,58.2
2025-06-12 18:38:00,14.3
2025-06-12 06:47:00,30.9
2025-06-12 13:57:00,86.2
2025-06-12 06:34:00,99.0
2025-06-12 21:58:00,84.8
2025-06-12 20:06:00,46.5
2025-06-12 00:04:00,35.3
2025-06-12 21:06:00,50.9
2025-06-12 12:55:00,49.2
2025-06-12 10:32:00,42.8
2025-06-12 13:47:00,65.5
2025-06-12 07:29:00,32.3
2025-06-12 18:51:00,50.7
2025-06-12 19:35:00,4.6
2025-06-12 10:11:00,54.0
2025-06-12 07:35:00,49.742524640779
2025-06-12 12:05:00,30.9
2025-06-12 13:21:00,49.742524640779
2025-06-12 05:08:00,12.2
2025-06-12 08:12:00,43.9
2025-06-12 02:00:00,12.2
2025-06-12 17:46:00,49.742524640779
2025-06-12 15:04:00,53.9
2025-06-12 10:21:00,92.8
2025-06-12 21:45:00,56.9
2025-06-12 16:39:00,0.7
2025-06-12 08:42:00,11.1
2025-06-12 11:27:00,11.8
2025-06-12 00:44:00,22.5
2025-06-12 06:51:00,96.2
2025-06-12 16:43:00,33.3
2025-06-12 13:44:00,82.1
2025-06-12 21:57:00,28.9
2025-06-12 08:19:00,49.742524640779
2025-06-12 04:23:00,99.9
2025-06-12 15:17:00,49.742524640779
2025-06-12 02:31:00,1.1
2025-06-12 20:16:00,8.2
2025-06-12 22:15:00,49.742524640779
2025-06-12 22:32:00,46.2
2025-06-12 13:01:00,53.4
2025-06-12 19:59:00,38.9
2025-06-12 09:35:00,74.5
2025-06-12 13:27:00,85.1
2025-06-12 10:29:00,42.4
2025-06-12 23:06:00,46.7
2025-06-12 23:08:00,15.4
2025-06-12 04:51:00,46.6
2025-06-12 22:35:00,49.742524640779
2025-06-12 16:05:00,6.8
2025-06-12 21:01:00,24.4
2025-06-12 01:30:00,50.1
2025-06-12 18:19:00,9.6
2025-06-12 13:01:00,22.3
2025-06-12 03:41:00,67.7
2025-06-12 02:18:00,92.9
2025-06-12 05:32:00,24.0
2025-06-12 10:47:00,70.7
2025-06-12 13:57:00,23.3
2025-06-12 13:57:00,78.0
2025-06-12 10:41:00,28.0
2025-06-12 21:51:00,7.6
2025-06-12 09:09:00,31.9
2025-06-12 13:07:00,49.742524640779
2025-06-12 10:39:00,48.4
2025-06-12 10:53:00,39.0
2025-06-12 18:38:00,73.8
2025-06-12 00:37:00,17.8
2025-06-12 07:27:00,49.742524640779
2025-06-12 17:24:00,61.6
2025-06-12 17:06:00,35.1
2025-06-12 07:11:00,92.2
2025-06-12 19:59:00,1.6
2025-06-12 10:07:00,96.0
2025-06-12 19:44:00,78.4
2025-06-12 04:05:00,90.3
2025-06-12 13:17:00,88.6
2025-06-12 14:55:00,69.9
2025-06-12 17:57:00,17.7
2025-06-12 21:58:00,57.1
2025-06-12 13:47:00,59.3
2025-06-12 23:53:00,42.6
2025-06-12 17:13:00,60.2
2025-06-12 21:38:00,16.8
2025-06-12 09:09:00,31.9
2025-06-12 03:05:00,26.6
2025-06-12 09:46:00,25.0
2025-06-12 13:23:00,40.1
2025-06-12 19:04:00,67.9
2025-06-12 12:53:00,2.8
2025-06-12 17:59:00,71.1
2025-06-12 22:33:00,20.8
2025-06-12 21:03:00,45.7
2025-06-12 02:08:00,49.742524640779
2025-06-12 11:59:00,10.5
2025-06-12 03:22:00,82.6
2025-06-12 19:52:00,38.1
2025-06-12 22:09:00,48.4
2025-06-12 14:03:00,87.8
2025-06-12 21:12:00,88.6
2025-06-12 17:06:00,42.8
2025-06-12 04:23:00,27.0
2025-06-12 11:36:00,2.4
2025-06-12 20:48:00,49.742524640779
2025-06-12 10:00:00,69.4
2025-06-12 16:21:00,66.7
2025-06-12 07:18:00,25.8
2025-06-12 16:37:00,53.0
2025-06-12 09:40:00,32.3
2025-06-12 19:46:00,49.742524640779
2025-06-12 13:18:00,54.2
2025-06-12 06:06:00,39.6
2025-06-12 15:21:00,80.4
2025-06-12 22:54:00,12.7
2025-06-12 05:27:00,7.8
2025-06-12 01:43:00,93.4
2025-06-12 17:25:00,32.4
2025-06-12 03:24:00,46.1
2025-06-12 09:41:00,49.742524640779
2025-06-12 08:55:00,7.1
2025-06-12 15:33:00,5.5
2025-06-12 21:08:00,71.5
2025-06-12 06:07:00,6.4
2025-06-12 02:09:00,34.1
2025-06-12 12:11:00,55.6
2025-06-12 11:54:00,57.7
2025-06-12 17:35:00,48.0
2025-06-12 05:09:00,49.742524640779
2025-06-12 01:46:00,39.8
2025-06-12 18:22:00,95.2
2025-06-12 02:25:00,87.4
2025-06-12 01:30:00,49.742524640779
2025-06-12 03:47:00,68.1
2025-06-12 15:11:00,86.9
2025-06-12 08:39:00,50.8
2025-06-12 19:05:00,38.5
2025-06-12 14:48:00,85.0
2025-06-12 04:18:00,54.2
2025-06-12 04:35:00,20.0
2025-06-12 04:29:00,73.5
2025-06-12 11:42:00,19.0
2025-06-12 06:09:00,0.2
2025-06-12 07:37:00,27.2
2025-06-12 16:10:00,13.0
2025-06-12 09:27:00,57.6
2025-06-12 13:08:00,76.0
2025-06-12 19:20:00,79.2
2025-06-12 08:54:00,82.1
2025-06-12 09:42:00,71.3
2025-06-12 20:29:00,12.3
2025-06-12 18:03:00,85.0
2025-06-12 08:18:00,14.8
2025-06-12 20:22:00,49.5
2025-06-12 05:53:00,31.3
2025-06-12 05:33:00,87.3
2025-06-12 23:33:00,53.0
2025-06-12 07:14:00,82.9
2025-06-12 01:10:00,35.9
2025-06-12 14:21:00,78.9
2025-06-12 13:44:00,17.0
2025-06-12 04:23:00,69.9
2025-06-12 07:14:00,49.742524640779
2025-06-12 19:34:00,39.5
2025-06-12 03:44:00,21.3
2025-06-12 14:36:00,81.3
2025-06-12 12:35:00,57.0
2025-06-12 07:57:00,0.7
2025-06-12 13:46:00,49.742524640779
2025-06-12 13:39:00,52.1
2025-06-12 21:10:00,20.8
2025-06-12 10:23:00,61.7
2025-06-12 06:05:00,22.9
2025-06-12 18:01:00,49.742524640779
2025-06-12 13:04:00,29.1
2025-06-12 11:27:00,20.7
2025-06-12 01:52:00,91.7
2025-06-12 21:43:00,35.6
2025-06-12 07:06:00,46.1
2025-06-12 10:03:00,49.742524640779
2025-06-12 09:44:00,70.5
2025-06-12 06:13:00,98.3
2025-06-12 11:40:00,13.3
2025-06-12 03:21:00,4.1
2025-06-12 20:27:00,69.0
2025-06-12 23:38:00,70.6
2025-06-12 05:56:00,49.742524640779
2025-06-12 17:00:00,99.3
2025-06-12 23:36:00,93.1
2025-06-12 07:08:00,95.6
2025-06-12 22:23:00,49.742524640779
2025-06-12 23:47:00,49.742524640779
2025-06-12 09:38:00,31.0
2025-06-12 06:05:00,13.6
2025-06-12 19:19:00,49.742524640779
2025-06-12 03:53:00,45.5
2025-06-12 05:02:00,61.4
2025-06-12 10:07:00,92.5
2025-06-12 22:18:00,32.1
2025-06-12 11:51:00,36.0
2025-06-12 08:27:00,44.4
2025-06-12 22:21:00,89.5
2025-06-12 03:33:00,89.5
2025-06-12 11:49:00,1.7
2025-06-12 20:51:00,75.3
2025-06-12 05:28:00,3.1
2025-06-12 16:34:00,25.2
2025-06-12 02:46:00,52.8
2025-06-12 23:01:00,49.742524640779
2025-06-12 05:04:00,42.0
2025-06-12 01:34:00,62.3
2025-06-12 14:39:00,69.2
2025-06-12 04:54:00,36.3
2025-06-12 13:38:00,47.4
2025-06-12 01:02:00,49.742524640779
2025-06-12 18:46:00,23.4
2025-06-12 16:35:00,59.1
2025-06-12 21:52:00,40.1
2025-06-12 00:04:00,89.5
2025-06-12 22:37:00,49.742524640779
2025-06-12 19:36:00,1.1
2025-06-12 15:53:00,96.6
2025-06-12 08:46:00,56.4
2025-06-12 09:41:00,47.6
2025-06-12 07:47:00,12.4
2025-06-12 06:45:00,68.2
2025-06-12 00:41:00,53.9
2025-06-12 13:33:00,49.742524640779
2025-06-12 03:53:00,10.9
2025-06-12 04:42:00,49.742524640779
2025-06-12 03:58:00,3.3
2025-06-12 13:18:00,87.2
2025-06-12 19:40:00,1.0
2025-06-12 17:55:00,17.3
2025-06-12 23:25:00,49.742524640779
2025-06-12 08:11:00,57.3
2025-06-12 21:20:00,49.742524640779
2025-06-12 08:19:00,11.7
2025-06-12 17:22:00,92.3
2025-06-12 22:14:00,5.0
2025-06-12 18:00:00,71.6
2025-06-12 15:29:00,29.4
2025-06-12 22:46:00,62.5
2025-06-12 15:35:00,8.8
2025-06-12 06:32:00,56.0
2025-06-12 14:12:00,90.0
2025-06-12 02:44:00,52.8
2025-06-12 16:36:00,37.9
2025-06-12 03:37:00,6.6
2025-06-12 09:47:00,48.0
2025-06-12 12:06:00,85.5
2025-06-12 08:41:00,30.3
2025-06-12 06:09:00,28.0
2025-06-12 19:31:00,26.4
2025-06-12 18:12:00,49.742524640779
2025-06-12 05:43:00,49.742524640779
2025-06-12 11:27:00,20.2
2025-06-12 17:49:00,49.0
2025-06-12 13:50:00,49.742524640779
2025-06-12 16:06:00,46.9
2025-06-12 21:04:00,67.9
2025-06-12 13:16:00,20.0
2025-06-12 17:27:00,53.0
2025-06-12 00:12:00,98.2
2025-06-12 09:40:00,49.742524640779
2025-06-12 13:22:00,71.7
2025-06-12 20:49:00,38.7
2025-06-12 15:31:00,70.0
2025-06-12 08:46:00,49.742524640779
2025-06-12 01:26:00,22.7
2025-06-12 17:27:00,2.7
2025-06-12 03:53:00,63.5
2025-06-12 06:40:00,61.1
2025-06-12 07:43:00,83.8
2025-06-12 08:56:00,41.0
2025-06-12 12:57:00,65.4
2025-06-12 20:08:00,76.2
2025-06-12 07:23:00,49.742524640779
2025-06-12 08:23:00,72.4
2025-06-12 03:14:00,24.5
2025-06-12 11:54:00,11.4
2025-06-12 08:27:00,78.4
2025-06-12 16:21:00,49.742524640779
2025-06-12 04:43:00,49.742524640779
2025-06-12 16:13:00,62.1
2025-06-12 01:22:00,88.6
2025-06-12 01:59:00,49.742524640779
2025-06-12 23:13:00,15.6
2025-06-12 20:31:00,11.9
2025-06-12 15:23:00,10.4
2025-06-12 04:54:00,28.7
2025-06-12 02:58:00,7.6
2025-06-12 13:55:00,40.2
2025-06-12 11:34:00,49.742524640779
2025-06-12 05:57:00,68.9
2025-06-12 22:24:00,93.2
2025-06-12 02:39:00,60.7
2025-06-12 03:59:00,6.5
2025-06-12 12:12:00,74.4
2025-06-12 09:00:00,50.1
2025-06-12 19:00:00,49.742524640779
2025-06-12 18:17:00,7.2
2025-06-12 16:52:00,6.7
2025-06-12 10:29:00,60.2
2025-06-12 00:19:00,96.6
2025-06-12 17:52:00,64.7
2025-06-12 01:28:00,97.8
2025-06-12 17:42:00,0.0
2025-06-12 19:57:00,13.2
2025-06-12 18:48:00,95.7
2025-06-12 18:20:00,50.09606761356967
2025-06-12 09:31:00,5.9
2025-06-12 11:35:00,50.09606761356967
2025-06-12 06:50:00,44.9
2025-06-12 15:28:00,77.9
2025-06-12 03:12:00,50.09606761356967
2025-06-12 09:00:00,47.7
2025-06-12 05:31:00,42.1
2025-06-12 20:11:00,21.5
2025-06-12 03:21:00,75.7
2025-06-12 06:02:00,1.8
2025-06-12 11:11:00,70.0
2025-06-12 08:41:00,70.6
2025-06-12 23:17:00,45.2
2025-06-12 21:38:00,19.9
2025-06-12 13:09:00,50.09606761356967
2025-06-12 12:36:00,50.09606761356967
2025-06-12 16:09:00,84.1
2025-06-12 12:29:00,17.0
2025-06-12 13:32:00,53.3
2025-06-12 08:08:00,59.5
2025-06-12 10:24:00,32.5
2025-06-12 01:20:00,42.6
2025-06-12 02:43:00,57.6
2025-06-12 15:38:00,42.5
2025-06-12 15:36:00,59.7
2025-06-12 10:04:00,38.0
2025-06-12 17:38:00,35.5
2025-06-12 16:39:00,70.6
2025-06-12 08:55:00,69.7
2025-06-12 15:41:00,70.6
2025-06-12 02:59:00,50.09606761356967
2025-06-12 23:22:00,3.7
2025-06-12 16:02:00,66.5
2025-06-12 09:15:00,49.9
2025-06-12 07:35:00,94.8
2025-06-12 03:51:00,60.8
2025-06-12 07:47:00,9.7
2025-06-12 21:14:00,50.09606761356967
2025-06-12 07:06:00,33.6
2025-06-12 23:41:00,80.7
2025-06-12 15:10:00,11.6
2025-06-12 11:49:00,86.0
2025-06-12 11:50:00,10.3
2025-06-12 16:06:00,29.6
2025-06-12 04:24:00,50.09606761356967
2025-06-12 00:23:00,34.5
2025-06-12 21:44:00,70.6
2025-06-12 20:52:00,64.7
2025-06-12 09:18:00,56.0
2025-06-12 07:04:00,7.5
2025-06-12 08:43:00,32.6
2025-06-12 22:52:00,38.0
2025-06-12 23:31:00,13.6
2025-06-12 14:46:00,31.7
2025-06-12 02:18:00,34.2
2025-06-12 12:05:00,17.9
2025-06-12 10:45:00,48.6
2025-06-12 11:35:00,81.9
2025-06-12 00:31:00,50.09606761356967
2025-06-12 11:18:00,94.2
2025-06-12 21:42:00,38.4
2025-06-12 15:52:00,73.4
2025-06-12 18:18:00,74.9
2025-06-12 05:34:00,53.3
2025-06-12 00:16:00,34.7
2025-06-12 16:41:00,6.1
2025-06-12 06:48:00,83.0
2025-06-12 16:02:00,3.0
2025-06-12 03:51:00,99.7
2025-06-12 19:37:00,57.5
2025-06-12 01:34:00,29.2
2025-06-12 14:22:00,3.5
2025-06-12 08:49:00,21.9
2025-06-12 23:42:00,68.0
2025-06-12 17:17:00,18.7
2025-06-12 18:50:00,48.5
2025-06-12 05:23:00,94.3
2025-06-12 22:12:00,55.4
2025-06-12 20:16:00,50.09606761356967
2025-06-12 06:07:00,24.6
2025-06-12 13:00:00,29.0
2025-06-12 05:42:00,50.09606761356967
2025-06-12 09:49:00,99.0
2025-06-12 10:47:00,96.4
2025-06-12 05:18:00,47.6
2025-06-12 09:52:00,2.8
2025-06-12 03:15:00,91.5
2025-06-12 09:52:00,60.5
2025-06-12 21:53:00,17.2
2025-06-12 10:48:00,19.2
2025-06-12 07:02:00,50.09606761356967
2025-06-12 05:48:00,37.6
2025-06-12 03:33:00,79.9
2025-06-12 14:55:00,13.1
2025-06-12 19:27:00,92.8
2025-06-12 10:57:00,80.2
2025-06-12 02:06:00,72.1
2025-06-12 23:55:00,97.2
2025-06-12 09:31:00,54.4
2025-06-12 23:46:00,51.6
2025-06-12 17:59:00,50.09606761356967
2025-06-12 23:33:00,26.3
2025-06-12 00:46:00,50.09606761356967
2025-06-12 07:09:00,47.7
2025-06-12 07:06:00,79.0
2025-06-12 16:46:00,60.6
2025-06-12 03:12:00,89.4
2025-06-12 17:13:00,41.6
2025-06-12 20:43:00,19.0
2025-06-12 01:56:00,56.8
2025-06-12 21:04:00,26.1
2025-06-12 01:47:00,81.7
2025-06-12 18:18:00,45.0
2025-06-12 07:53:00,24.3
2025-06-12 00:18:00,69.4
2025-06-12 00:24:00,85.0
2025-06-12 04:11:00,53.4
2025-06-12 15:18:00,32.9
2025-06-12 17:23:00,6.8
2025-06-12 18:23:00,59.7
2025-06-12 17:34:00,88.7
2025-06-12 17:31:00,70.9
2025-06-12 12:08:00,46.3
2025-06-12 15:34:00,68.7
2025-06-12 09:06:00,50.09606761356967
2025-06-12 03:22:00,3.1
2025-06-12 10:42:00,50.09606761356967
2025-06-12 04:03:00,57.4
2025-06-12 00:11:00,37.8
2025-06-12 05:17:00,50.09606761356967
2025-06-12 22:49:00,43.7
2025-06-12 19:35:00,5.0
2025-06-12 21:41:00,9.2
2025-06-12 02:46:00,38.9
2025-06-12 01:51:00,61.8
2025-06-12 13:03:00,23.7
2025-06-12 00:04:00,50.09606761356967
2025-06-12 14:18:00,26.6
2025-06-12 19:33:00,47.3
2025-06-12 04:27:00,50.09606761356967
2025-06-12 13:31:00,5.6
2025-06-12 09:10:00,63.6
2025-06-12 15:15:00,69.5
2025-06-12 19:17:00,50.09606761356967
2025-06-12 02:39:00,31.8
2025-06-12 14:43:00,6.0
2025-06-12 12:48:00,50.09606761356967
2025-06-12 19:40:00,79.5
2025-06-12 20:34:00,21.3
2025-06-12 12:24:00,70.7
2025-06-12 18:59:00,50.09606761356967
2025-06-12 10:46:00,71.8
2025-06-12 16:05:00,33.1
2025-06-12 17:00:00,14.8
2025-06-12 13:44:00,51.3
2025-06-12 19:51:00,54.5
2025-06-12 02:02:00,17.0
2025-06-12 19:11:00,27.3
2025-06-12 09:32:00,91.0
2025-06-12 12:48:00,43.0
2025-06-12 01:19:00,77.8
2025-06-12 21:16:00,57.9
2025-06-12 19:14:00,63.6
2025-06-12 02:47:00,12.6
2025-06-12 00:33:00,24.5
2025-06-12 19:28:00,26.2
2025-06-12 06:49:00,50.09606761356967
2025-06-12 01:06:00,83.3
2025-06-12 10:30:00,44.9
2025-06-12 14:29:00,50.09606761356967
2025-06-12 22:50:00,69.2
2025-06-12 04:27:00,39.0
2025-06-12 11:39:00,8.8
2025-06-12 04:43:00,35.2
2025-06-12 17:53:00,77.9
2025-06-12 19:31:00,59.4
2025-06-12 12:24:00,97.7
2025-06-12 02:18:00,87.1
2025-06-12 12:20:00,85.8
2025-06-12 07:48:00,30.0
2025-06-12 18:33:00,50.09606761356967
2025-06-12 09:21:00,96.6
2025-06-12 11:34:00,57.2
2025-06-12 23:11:00,29.4
2025-06-12 08:26:00,2.0
2025-06-12 04:48:00,18.8
2025-06-12 14:24:00,12.8
2025-06-12 17:06:00,80.8
2025-06-12 20:09:00,34.7
2025-06-12 21:35:00,31.1
2025-06-12 13:49:00,83.3
2025-06-12 20:55:00,24.7
2025-06-12 22:39:00,63.4
2025-06-12 21:43:00,59.8
2025-06-12 08:34:00,13.1
2025-06-12 01:14:00,50.2
2025-06-12 06:30:00,82.9
2025-06-12 13:20:00,50.09606761356967
2025-06-12 21:55:00,17.4
2025-06-12 19:38:00,47.5
2025-06-12 15:15:00,69.8
2025-06-12 02:59:00,2.1
2025-06-12 03:23:00,50.09606761356967
2025-06-12 02:55:00,3.3
2025-06-12 10:31:00,84.8
2025-06-12 07:02:00,89.2
2025-06-12 19:31:00,68.8
2025-06-12 05:08:00,29.9
2025-06-12 14:41:00,3.5
2025-06-12 11:58:00,38.9
2025-06-12 06:34:00,56.1
2025-06-12 02:29:00,46.9
2025-06-12 09:53:00,37.5
2025-06-12 03:42:00,2.1
2025-06-12 02:58:00,59.4
2025-06-12 09:20:00,50.09606761356967
2025-06-12 10:58:00,50.09606761356967
2025-06-12 02:11:00,51.4
2025-06-12 05:52:00,29.3
2025-06-12 19:31:00,4.5
2025-06-12 18:53:00,75.1
2025-06-12 04:25:00,98.8
2025-06-12 06:38:00,92.6
2025-06-12 07:58:00,50.09606761356967
2025-06-12 08:43:00,41.5
2025-06-12 09:15:00,50.09606761356967
2025-06-12 12:04:00,38.3
2025-06-12 12:07:00,50.09606761356967
2025-06-12 00:09:00,15.9
2025-06-12 04:39:00,43.2
2025-06-12 04:36:00,25.4
2025-06-12 02:54:00,71.8
2025-06-12 00:48:00,69.5
2025-06-12 11:57:00,72.7
2025-06-12 22:23:00,76.9
2025-06-12 17:22:00,26.4
2025-06-12 05:19:00,15.3
2025-06-12 00:45:00,5.6
2025-06-12 05:35:00,45.3
2025-06-12 23:47:00,1.5
2025-06-12 00:38:00,51.9
2025-06-12 17:47:00,33.7
2025-06-12 18:49:00,1.7
2025-06-12 14:30:00,14.5
2025-06-12 18:03:00,83.9
2025-06-12 10:29:00,2.4
2025-06-12 16:55:00,25.6
2025-06-12 07:48:00,60.7
2025-06-12 16:49:00,50.09606761356967
2025-06-12 05:02:00,35.8
2025-06-12 22:08:00,50.09606761356967
2025-06-12 19:54:00,14.2
2025-06-12 05:28:00,75.9
2025-06-12 18:24:00,30.4
2025-06-12 20:06:00,24.3
2025-06-12 02:56:00,72.1
2025-06-12 19:34:00,62.5
2025-06-12 08:21:00,8.0
2025-06-12 19:02:00,40.9
2025-06-12 23:43:00,79.9
2025-06-12 00:09:00,95.2
2025-06-12 07:47:00,50.09606761356967
2025-06-12 06:21:00,50.09606761356967
2025-06-12 08:26:00,16.7
2025-06-12 12:10:00,70.4
2025-06-12 10:42:00,26.4
2025-06-12 02:43:00,56.8
2025-06-12 23:15:00,25.3
2025-06-12 19:49:00,82.1
2025-06-12 03:55:00,3.4
2025-06-12 07:51:00,4.1
2025-06-12 00:41:00,50.09606761356967
2025-06-12 22:31:00,10.5
2025-06-12 19:33:00,12.1
2025-06-12 14:07:00,50.09606761356967
2025-06-12 06:45:00,98.5
2025-06-12 23:02:00,85.3
2025-06-12 10:17:00,60.4
2025-06-12 00:34:00,51.4
2025-06-12 10:46:00,60.3
2025-06-12 18:36:00,83.9
2025-06-12 02:36:00,38.8
2025-06-12 06:43:00,70.5
2025-06-12 21:09:00,97.4
2025-06-12 19:47:00,16.7
2025-06-12 06:31:00,2.2
2025-06-12 17:16:00,62.9
2025-06-12 15:34:00,43.9
2025-06-12 21:56:00,60.2
2025-06-12 01:07:00,50.09606761356967
2025-06-12 09:16:00,57.8
2025-06-12 17:21:00,50.09606761356967
2025-06-12 20:42:00,80.2
2025-06-12 13:18:00,93.2
2025-06-12 07:39:00,50.09606761356967
2025-06-12 17:12:00,50.09606761356967
2025-06-12 05:33:00,78.6
2025-06-12 12:42:00,10.8
2025-06-12 14:06:00,50.09606761356967
2025-06-12 18:31:00,74.4
2025-06-12 10:04:00,50.09606761356967
2025-06-12 10:29:00,32.1
2025-06-12 15:08:00,25.5
2025-06-12 11:52:00,98.7
2025-06-12 18:11:00,50.09606761356967
2025-06-12 02:51:00,89.6
2025-06-12 15:17:00,92.7
2025-06-12 23:22:00,50.09606761356967
2025-06-12 12:17:00,4.0
2025-06-12 16:53:00,50.09606761356967
2025-06-12 17:19:00,33.0
2025-06-12 16:48:00,78.2
2025-06-12 16:30:00,37.3
2025-06-12 01:01:00,92.6
2025-06-12 06:18:00,35.7
2025-06-12 18:48:00,33.3
2025-06-12 11:48:00,32.1
2025-06-12 22:32:00,17.7
2025-06-12 20:05:00,39.6
2025-06-12 00:04:00,94.1
2025-06-12 16:26:00,6.3
2025-06-12 17:40:00,22.0
2025-06-12 09:42:00,10.1
2025-06-12 20:55:00,30.5
2025-06-12 08:05:00,50.09606761356967
2025-06-12 15:04:00,11.1
2025-06-12 15:27:00,74.9
2025-06-12 07:48:00,46.6
2025-06-12 08:39:00,49.952608030142464
2025-06-12 03:18:00,52.6
2025-06-12 01:15:00,83.6
2025-06-12 08:07:00,7.2
2025-06-12 09:25:00,22.0
2025-06-12 15:34:00,11.1
2025-06-12 13:16:00,91.6
2025-06-12 11:07:00,69.7
2025-06-12 19:58:00,24.3
2025-06-12 15:07:00,24.5
2025-06-12 15:29:00,60.7
2025-06-12 06:33:00,49.952608030142464
2025-06-12 15:50:00,49.952608030142464
2025-06-12 02:47:00,20.4
2025-06-12 12:32:00,98.3
2025-06-12 22:53:00,86.9
2025-06-12 09:15:00,42.9
2025-06-12 06:42:00,60.5
2025-06-12 02:01:00,76.6
2025-06-12 00:44:00,56.1
2025-06-12 09:11:00,20.9
2025-06-12 20:20:00,17.4
2025-06-12 13:21:00,49.952608030142464
2025-06-12 02:23:00,47.8
2025-06-12 07:25:00,49.952608030142464
2025-06-12 19:05:00,11.9
2025-06-12 16:25:00,66.8
2025-06-12 17:12:00,9.3
2025-06-12 03:11:00,42.1
2025-06-12 23:05:00,49.952608030142464
2025-06-12 13:04:00,65.9
2025-06-12 14:41:00,35.0
2025-06-12 15:06:00,95.5
2025-06-12 00:03:00,72.7
2025-06-12 20:02:00,60.8
2025-06-12 20:04:00,54.7
2025-06-12 14:22:00,49.952608030142464
2025-06-12 05:44:00,10.0
2025-06-12 09:46:00,27.4
2025-06-12 09:52:00,67.6
2025-06-12 05:58:00,86.9
2025-06-12 18:42:00,49.952608030142464
2025-06-12 12:39:00,19.2
2025-06-12 12:20:00,51.9
2025-06-12 03:23:00,39.9
2025-06-12 22:03:00,99.1
2025-06-12 05:14:00,49.952608030142464
2025-06-12 20:46:00,16.7
2025-06-12 07:31:00,49.952608030142464
2025-06-12 18:20:00,22.7
2025-06-12 05:17:00,52.2
2025-06-12 12:22:00,49.952608030142464
2025-06-12 11:21:00,49.952608030142464
2025-06-12 18:13:00,62.9
2025-06-12 17:50:00,14.5
2025-06-12 12:49:00,60.3
2025-06-12 17:12:00,42.5
2025-06-12 19:32:00,61.5
2025-06-12 05:43:00,56.2
2025-06-12 23:28:00,92.7
2025-06-12 23:44:00,75.2
2025-06-12 19:33:00,49.952608030142464
2025-06-12 10:19:00,8.8
2025-06-12 10:56:00,59.8
2025-06-12 07:20:00,94.6
2025-06-12 04:46:00,66.2
2025-06-12 01:22:00,87.2
2025-06-12 09:30:00,5.8
2025-06-12 10:38:00,47.1
2025-06-12 06:31:00,15.1
2025-06-12 19:44:00,22.7
2025-06-12 07:02:00,15.9
2025-06-12 22:19:00,34.8
2025-06-12 08:05:00,69.0
2025-06-12 03:42:00,36.5
2025-06-12 12:45:00,51.3
2025-06-12 07:23:00,91.4
2025-06-12 18:20:00,40.3
2025-06-12 22:37:00,33.9
2025-06-12 11:31:00,30.0
2025-06-12 06:59:00,10.1
2025-06-12 16:33:00,27.3
2025-06-12 01:40:00,12.7
2025-06-12 18:34:00,81.8
2025-06-12 04:36:00,60.3
2025-06-12 19:00:00,46.0
2025-06-12 13:57:00,59.3
2025-06-12 02:26:00,30.0
2025-06-12 08:56:00,85.3
2025-06-12 10:57:00,65.9
2025-06-12 03:53:00,62.2
2025-06-12 18:55:00,49.952608030142464
2025-06-12 00:04:00,55.3
2025-06-12 16:46:00,24.7
2025-06-12 07:01:00,79.3
2025-06-12 18:15:00,62.2
2025-06-12 08:24:00,17.5
2025-06-12 00:38:00,29.3
2025-06-12 14:01:00,63.3
2025-06-12 10:40:00,26.6
2025-06-12 05:41:00,81.6
2025-06-12 08:13:00,55.9
2025-06-12 06:57:00,95.9
2025-06-12 02:07:00,16.9
2025-06-12 21:24:00,78.1
2025-06-12 13:37:00,32.5
2025-06-12 19:36:00,9.6
2025-06-12 22:20:00,13.8
2025-06-12 09:25:00,49.952608030142464
2025-06-12 15:24:00,49.952608030142464
2025-06-12 09:10:00,87.9
2025-06-12 04:27:00,39.5
2025-06-12 18:36:00,94.1
2025-06-12 14:21:00,62.8
2025-06-12 05:53:00,92.5
2025-06-12 22:47:00,8.5
2025-06-12 14:12:00,77.3
2025-06-12 10:41:00,49.952608030142464
2025-06-12 21:13:00,48.5
2025-06-12 22:46:00,55.5
2025-06-12 20:02:00,96.0
2025-06-12 19:31:00,76.2
2025-06-12 15:21:00,22.1
2025-06-12 04:26:00,86.0
2025-06-12 09:20:00,54.5
2025-06-12 23:13:00,19.3
2025-06-12 20:47:00,30.5
2025-06-12 09:43:00,24.2
2025-06-12 19:04:00,19.2
2025-06-12 02:36:00,67.2
2025-06-12 08:00:00,85.1
2025-06-12 01:13:00,83.0
2025-06-12 08:51:00,47.0
2025-06-12 10:29:00,26.0
2025-06-12 14:46:00,49.952608030142464
2025-06-12 04:03:00,76.6
2025-06-12 14:21:00,68.3
2025-06-12 17:00:00,49.952608030142464
2025-06-12 22:27:00,54.7
2025-06-12 02:47:00,68.6
2025-06-12 03:57:00,31.0
2025-06-12 15:15:00,23.2
2025-06-12 11:34:00,54.5
2025-06-12 02:03:00,20.2
2025-06-12 00:24:00,86.2
2025-06-12 07:00:00,13.0
2025-06-12 08:42:00,49.952608030142464
2025-06-12 02:16:00,9.6
2025-06-12 05:39:00,13.8
2025-06-12 22:42:00,41.6
2025-06-12 18:22:00,88.3
2025-06-12 14:25:00,55.2
2025-06-12 01:18:00,10.6
2025-06-12 10:40:00,95.8
2025-06-12 04:57:00,92.2
2025-06-12 08:25:00,24.7
2025-06-12 22:59:00,84.6
2025-06-12 05:47:00,7.3
2025-06-12 03:43:00,71.9
2025-06-12 01:02:00,32.1
2025-06-12 23:29:00,32.8
2025-06-12 19:55:00,79.2
2025-06-12 06:18:00,36.4
2025-06-12 17:27:00,96.9
2025-06-12 18:49:00,23.5
2025-06-12 01:36:00,66.1
2025-06-12 15:00:00,15.7
2025-06-12 22:14:00,65.3
2025-06-12 17:54:00,51.9
2025-06-12 18:03:00,68.3
2025-06-12 13:54:00,84.6
2025-06-12 17:35:00,57.9
2025-06-12 17:56:00,15.1
2025-06-12 11:21:00,12.6
2025-06-12 09:19:00,89.9
2025-06-12 18:08:00,0.9
2025-06-12 18:23:00,3.6
2025-06-12 06:03:00,27.9
2025-06-12 04:50:00,92.1
2025-06-12 19:46:00,1.5
2025-06-12 01:31:00,9.7
2025-06-12 14:17:00,49.952608030142464
2025-06-12 22:40:00,38.0
2025-06-12 04:59:00,69.6
2025-06-12 10:33:00,50.7
2025-06-12 02:45:00,79.3
2025-06-12 04:09:00,93.0
2025-06-12 18:28:00,85.0
2025-06-12 04:30:00,91.7
2025-06-12 20:56:00,82.8
2025-06-12 04:40:00,59.7
2025-06-12 10:41:00,54.6
2025-06-12 22:45:00,49.952608030142464
2025-06-12 18:46:00,35.0
2025-06-12 18:37:00,58.3
2025-06-12 15:36:00,49.952608030142464
2025-06-12 21:54:00,27.3
2025-06-12 04:46:00,16.5
2025-06-12 15:14:00,95.1
2025-06-12 09:57:00,83.7
2025-06-12 03:00:00,49.952608030142464
2025-06-12 00:29:00,49.952608030142464
2025-06-12 04:51:00,17.1
2025-06-12 11:44:00,69.0
2025-06-12 11:18:00,58.4
2025-06-12 03:25:00,42.2
2025-06-12 07:41:00,94.8
2025-06-12 22:28:00,66.8
2025-06-12 02:11:00,49.952608030142464
2025-06-12 21:05:00,0.6
2025-06-12 20:36:00,88.9
2025-06-12 17:39:00,87.2
2025-06-12 23:29:00,30.7
2025-06-12 18:36:00,49.952608030142464
2025-06-12 02:54:00,70.2
2025-06-12 16:29:00,49.952608030142464
2025-06-12 03:25:00,20.1
2025-06-12 00:58:00,49.952608030142464
2025-06-12 02:08:00,85.1
2025-06-12 19:03:00,48.6
2025-06-12 11:58:00,49.952608030142464
2025-06-12 02:24:00,77.3
2025-06-12 08:00:00,49.7
2025-06-12 18:59:00,34.5
2025-06-12 15:15:00,29.8
2025-06-12 15:03:00,88.3
2025-06-12 22:57:00,76.2
2025-06-12 00:05:00,49.952608030142464
2025-06-12 15:44:00,35.7
2025-06-12 19:55:00,64.1
2025-06-12 11:20:00,25.2
2025-06-12 18:53:00,27.9
2025-06-12 19:47:00,34.1
2025-06-12 12:51:00,27.8
2025-06-12 02:04:00,49.952608030142464
2025-06-12 08:52:00,99.3
2025-06-12 15:06:00,45.4
2025-06-12 18:27:00,5.0
2025-06-12 22:16:00,49.952608030142464
2025-06-12 20:52:00,49.952608030142464
2025-06-12 01:09:00,87.0
2025-06-12 16:54:00,50.8
2025-06-12 18:39:00,21.5
2025-06-12 02:16:00,48.0
2025-06-12 22:33:00,42.4
2025-06-12 04:14:00,27.9
2025-06-12 00:29:00,71.3
2025-06-12 17:01:00,49.952608030142464
2025-06-12 10:05:00,38.2
2025-06-12 19:43:00,49.952608030142464
2025-06-12 02:12:00,4.7
2025-06-12 02:41:00,49.952608030142464
2025-06-12 21:38:00,49.952608030142464
2025-06-12 11:47:00,49.952608030142464
2025-06-12 21:57:00,22.1
2025-06-12 21:09:00,15.5
2025-06-12 08:17:00,6.9
2025-06-12 13:51:00,34.8
2025-06-12 10:32:00,84.7
2025-06-12 05:47:00,50.1
2025-06-12 16:53:00,95.5
2025-06-12 12:51:00,49.952608030142464
2025-06-12 02:37:00,79.5
2025-06-12 01:30:00,70.2
2025-06-12 15:02:00,0.7
2025-06-12 07:28:00,5.4
2025-06-12 20:35:00,9.6
2025-06-12 10:56:00,36.7
2025-06-12 02:47:00,49.952608030142464
2025-06-12 05:26:00,10.3
2025-06-12 05:31:00,12.0
2025-06-12 21:54:00,57.6
2025-06-12 16:07:00,77.6
2025-06-12 04:14:00,83.7
2025-06-12 04:48:00,10.5
2025-06-12 09:05:00,76.1
2025-06-12 16:24:00,49.952608030142464
2025-06-12 20:47:00,11.7
2025-06-12 18:56:00,27.2
2025-06-12 10:39:00,85.9
2025-06-12 15:35:00,24.9
2025-06-12 21:25:00,85.1
2025-06-12 17:56:00,87.1
2025-06-12 00:16:00,5.9
2025-06-12 12:30:00,45.7
2025-06-12 20:19:00,88.0
2025-06-12 12:13:00,49.952608030142464
2025-06-12 17:51:00,84.3
2025-06-12 18:07:00,21.5
2025-06-12 08:07:00,84.2
2025-06-12 18:48:00,14.2
2025-06-12 20:33:00,3.7
2025-06-12 06:56:00,79.6
2025-06-12 08:22:00,18.7
2025-06-12 02:48:00,20.6
2025-06-12 01:13:00,63.1
2025-06-12 03:32:00,28.4
2025-06-12 16:25:00,17.2
2025-06-12 21:18:00,49.952608030142464
2025-06-12 08:14:00,12.2
2025-06-12 03:07:00,47.7
2025-06-12 14:08:00,77.6
2025-06-12 03:52:00,28.1
2025-06-12 03:10:00,61.4
2025-06-12 00:07:00,82.0
2025-06-12 15:39:00,32.9
2025-06-12 09:37:00,97.9
2025-06-12 18:13:00,29.2
2025-06-12 06:41:00,50.21640523646657
2025-06-12 21:30:00,27.3
2025-06-12 16:21:00,50.21640523646657
2025-06-12 17:38:00,50.21640523646657
2025-06-12 17:00:00,40.3
2025-06-12 02:53:00,93.0
2025-06-12 14:21:00,82.4
2025-06-12 05:45:00,29.4
2025-06-12 18:41:00,59.0
2025-06-12 02:41:00,8.2
2025-06-12 19:55:00,64.1
2025-06-12 00:51:00,93.0
2025-06-12 06:36:00,90.5
2025-06-12 21:20:00,26.0
2025-06-12 15:23:00,76.1
2025-06-12 16:55:00,78.8
2025-06-12 21:42:00,69.5
2025-06-12 15:24:00,18.9
2025-06-12 00:19:00,38.3
2025-06-12 15:47:00,7.8
2025-06-12 13:26:00,55.6
2025-06-12 22:17:00,66.5
2025-06-12 04:26:00,18.8
2025-06-12 00:22:00,91.0
2025-06-12 18:10:00,93.6
2025-06-12 22:14:00,50.21640523646657
2025-06-12 15:50:00,50.21640523646657
2025-06-12 21:34:00,92.1
2025-06-12 21:37:00,97.7
2025-06-12 01:38:00,1.4
2025-06-12 01:51:00,36.8
2025-06-12 18:21:00,16.4
2025-06-12 04:32:00,50.21640523646657
2025-06-12 21:55:00,82.9
2025-06-12 04:27:00,76.5
2025-06-12 00:58:00,34.2
2025-06-12 20:08:00,94.4
2025-06-12 20:11:00,50.21640523646657
2025-06-12 10:52:00,80.4
2025-06-12 09:55:00,50.21640523646657
2025-06-12 03:00:00,97.9
2025-06-12 15:23:00,54.1
2025-06-12 13:29:00,86.4
2025-06-12 00:38:00,76.4
2025-06-12 10:04:00,50.21640523646657
2025-06-12 23:37:00,99.2
2025-06-12 18:39:00,68.1
2025-06-12 20:52:00,4.6
2025-06-12 02:12:00,36.9
2025-06-12 14:03:00,50.21640523646657
2025-06-12 11:03:00,77.8
2025-06-12 08:17:00,11.2
2025-06-12 19:42:00,91.1
2025-06-12 14:37:00,9.6
2025-06-12 13:35:00,50.21640523646657
2025-06-12 06:20:00,26.5
2025-06-12 04:27:00,44.2
2025-06-12 23:09:00,44.6
2025-06-12 05:23:00,34.4
2025-06-12 21:42:00,50.21640523646657
2025-06-12 03:08:00,36.1
2025-06-12 11:11:00,50.21640523646657
2025-06-12 23:30:00,40.3
2025-06-12 07:41:00,19.0
2025-06-12 15:38:00,52.7
2025-06-12 00:31:00,66.7
2025-06-12 14:33:00,83.1
2025-06-12 03:07:00,16.8
2025-06-12 12:40:00,41.1
2025-06-12 12:20:00,50.21640523646657
2025-06-12 22:13:00,17.1
2025-06-12 21:20:00,82.0
2025-06-12 08:07:00,55.2
2025-06-12 14:25:00,9.4
2025-06-12 03:19:00,50.21640523646657
2025-06-12 01:02:00,50.21640523646657
2025-06-12 01:10:00,26.8
2025-06-12 11:36:00,50.21640523646657
2025-06-12 23:16:00,70.2
2025-06-12 23:32:00,60.0
2025-06-12 00:03:00,64.0
2025-06-12 00:27:00,31.5
2025-06-12 06:08:00,75.9
2025-06-12 22:53:00,71.5
2025-06-12 09:42:00,92.7
2025-06-12 10:29:00,35.2
2025-06-12 00:27:00,50.21640523646657
2025-06-12 08:24:00,40.8
2025-06-12 22:18:00,46.6
2025-06-12 05:12:00,81.1
2025-06-12 03:14:00,75.1
2025-06-12 23:17:00,50.21640523646657
2025-06-12 21:41:00,50.21640523646657
2025-06-12 11:58:00,50.21640523646657
2025-06-12 19:00:00,54.8
2025-06-12 11:12:00,30.2
2025-06-12 13:36:00,18.8
2025-06-12 18:12:00,13.4
2025-06-12 03:39:00,50.21640523646657
2025-06-12 12:21:00,51.6
2025-06-12 06:59:00,11.9
2025-06-12 06:21:00,30.9
2025-06-12 03:18:00,97.4
2025-06-12 17:18:00,81.8
2025-06-12 19:16:00,70.3
2025-06-12 21:24:00,98.3
2025-06-12 22:51:00,24.6
2025-06-12 10:55:00,30.8
2025-06-12 19:03:00,57.0
2025-06-12 02:03:00,40.0
2025-06-12 17:38:00,42.4
2025-06-12 16:41:00,30.6
2025-06-12 01:20:00,21.5
2025-06-12 18:21:00,50.21640523646657
2025-06-12 05:14:00,90.3
2025-06-12 13:12:00,23.5
2025-06-12 19:39:00,72.9
2025-06-12 06:28:00,50.21640523646657
2025-06-12 15:54:00,44.3
2025-06-12 16:17:00,60.4
2025-06-12 00:22:00,50.2
2025-06-12 19:23:00,0.1
2025-06-12 19:25:00,28.9
2025-06-12 16:43:00,50.21640523646657
2025-06-12 11:49:00,36.1
2025-06-12 09:50:00,50.21640523646657
2025-06-12 00:33:00,68.0
2025-06-12 05:09:00,50.21640523646657
2025-06-12 16:48:00,36.0
2025-06-12 00:38:00,10.3
2025-06-12 18:52:00,97.5
2025-06-12 08:28:00,76.1
2025-06-12 08:09:00,14.6
2025-06-12 11:13:00,10.1
2025-06-12 13:51:00,11.9
2025-06-12 16:53:00,91.6
2025-06-12 01:59:00,56.1
2025-06-12 03:09:00,67.4
2025-06-12 07:36:00,50.21640523646657
2025-06-12 15:39:00,3.6
2025-06-12 14:12:00,47.6
2025-06-12 11:33:00,12.8
2025-06-12 07:01:00,50.21640523646657
2025-06-12 17:01:00,84.1
2025-06-12 00:05:00,50.21640523646657
2025-06-12 20:21:00,81.4
2025-06-12 08:46:00,94.7
2025-06-12 10:36:00,50.21640523646657
2025-06-12 04:52:00,50.21640523646657
2025-06-12 14:48:00,71.5
2025-06-12 19:55:00,83.7
2025-06-12 02:17:00,89.6
2025-06-12 16:37:00,51.8
2025-06-12 12:54:00,63.7
2025-06-12 12:04:00,50.21640523646657
2025-06-12 06:46:00,82.2
2025-06-12 21:24:00,70.1
2025-06-12 13:33:00,59.0
2025-06-12 21:48:00,33.4
2025-06-12 16:27:00,76.2
2025-06-12 03:41:00,27.6
2025-06-12 05:09:00,50.21640523646657
2025-06-12 17:09:00,88.9
2025-06-12 21:18:00,37.4
2025-06-12 16:22:00,61.0
2025-06-12 06:56:00,40.9
2025-06-12 00:30:00,2.6
2025-06-12 14:36:00,82.3
2025-06-12 23:36:00,79.7
2025-06-12 21:16:00,26.5
2025-06-12 08:58:00,50.21640523646657
2025-06-12 22:41:00,58.8
2025-06-12 07:07:00,60.3
2025-06-12 19:11:00,65.2
2025-06-12 06:13:00,50.21640523646657
2025-06-12 03:13:00,24.0
2025-06-12 16:26:00,67.6
2025-06-12 03:18:00,84.2
2025-06-12 17:46:00,9.4
2025-06-12 04:17:00,22.8
2025-06-12 01:21:00,45.0
2025-06-12 11:07:00,2.1
2025-06-12 01:45:00,42.1
2025-06-12 07:48:00,7.3
2025-06-12 01:32:00,50.21640523646657
2025-06-12 20:31:00,17.7
2025-06-12 05:32:00,13.6
2025-06-12 22:53:00,80.1
2025-06-12 15:44:00,50.6
2025-06-12 23:27:00,62.6
2025-06-12 09:03:00,97.6
2025-06-12 21:44:00,75.4
2025-06-12 05:44:00,83.1
2025-06-12 22:51:00,73.5
2025-06-12 02:02:00,96.9
2025-06-12 01:20:00,66.4
2025-06-12 08:24:00,61.7
2025-06-12 22:26:00,6.0
2025-06-12 17:58:00,5.8
2025-06-12 03:55:00,24.5
2025-06-12 10:47:00,50.21640523646657
2025-06-12 17:45:00,50.21640523646657
2025-06-12 19:50:00,50.21640523646657
2025-06-12 04:11:00,87.0
2025-06-12 19:35:00,64.1
2025-06-12 09:14:00,38.3
2025-06-12 06:57:00,46.0
2025-06-12 12:24:00,3.6
2025-06-12 18:10:00,92.6
2025-06-12 05:58:00,24.2
2025-06-12 02:00:00,34.7
2025-06-12 21:52:00,48.9
2025-06-12 15:22:00,72.1
2025-06-12 19:45:00,16.0
2025-06-12 16:22:00,2.1
2025-06-12 07:57:00,64.3
2025-06-12 06:41:00,67.4
2025-06-12 08:05:00,78.1
2025-06-12 09:01:00,50.21640523646657
2025-06-12 12:46:00,54.4
2025-06-12 15:30:00,11.4
2025-06-12 12:40:00,50.21640523646657
2025-06-12 18:08:00,85.2
2025-06-12 01:37:00,46.6
2025-06-12 22:53:00,50.21640523646657
2025-06-12 18:21:00,14.1
2025-06-12 03:35:00,60.1
2025-06-12 09:02:00,18.6
2025-06-12 01:35:00,70.8
2025-06-12 02:52:00,5.4
2025-06-12 23:19:00,31.5
2025-06-12 20:59:00,58.1
2025-06-12 19:36:00,42.8
2025-06-12 01:07:00,46.9
2025-06-12 17:24:00,3.7
2025-06-12 10:31:00,9.8
2025-06-12 05:02:00,98.3
2025-06-12 21:49:00,12.0
2025-06-12 15:29:00,81.3
2025-06-12 09:02:00,67.2
2025-06-12 16:17:00,36.6
2025-06-12 03:24:00,97.6
2025-06-12 07:16:00,22.4
2025-06-12 14:34:00,31.6
2025-06-12 19:01:00,50.21640523646657
2025-06-12 21:21:00,76.2
2025-06-12 06:46:00,36.6
2025-06-12 15:10:00,4.5
2025-06-12 15:59:00,63.9
2025-06-12 13:19:00,41.1
2025-06-12 13:41:00,40.1
2025-06-12 07:09:00,50.21640523646657
2025-06-12 03:56:00,90.4
2025-06-12 02:45:00,99.2
2025-06-12 07:46:00,50.21640523646657
2025-06-12 08:29:00,50.21640523646657
2025-06-12 23:08:00,78.6
2025-06-12 16:09:00,85.4
2025-06-12 11:16:00,32.4
2025-06-12 04:48:00,50.21640523646657
2025-06-12 23:32:00,34.1
2025-06-12 09:48:00,28.0
2025-06-12 03:21:00,55.7
2025-06-12 04:25:00,50.21640523646657
2025-06-12 07:03:00,93.4
2025-06-12 21:22:00,86.8
2025-06-12 09:13:00,96.3
2025-06-12 16:56:00,30.3
2025-06-12 21:59:00,19.1
2025-06-12 22:09:00,50.21640523646657
2025-06-12 22:23:00,77.9
2025-06-12 12:06:00,50.21640523646657
2025-06-12 07:28:00,25.0
2025-06-12 13:52:00,80.2
2025-06-12 00:52:00,32.2
2025-06-12 22:42:00,54.1
2025-06-12 17:20:00,3.4
2025-06-12 17:56:00,51.7
2025-06-12 08:12:00,50.21640523646657
2025-06-12 21:15:00,91.0
2025-06-12 09:52:00,19.6
2025-06-12 23:41:00,50.9
2025-06-12 05:10:00,87.8
2025-06-12 00:44:00,50.21640523646657
2025-06-12 19:50:00,51.2
2025-06-12 12:48:00,60.1
2025-06-12 11:56:00,34.5
2025-06-12 12:01:00,70.1
2025-06-12 20:51:00,54.3
2025-06-12 08:59:00,61.1
2025-06-12 20:46:00,71.7
2025-06-12 14:13:00,46.5
2025-06-12 14:25:00,61.0
2025-06-12 17:22:00,92.7
2025-06-12 09:33:00,81.4
2025-06-12 17:53:00,76.0
2025-06-12 17:39:00,92.6
2025-06-12 20:24:00,40.5
2025-06-12 19:59:00,79.2
2025-06-12 23:42:00,45.0
2025-06-12 18:16:00,17.0
2025-06-12 01:52:00,42.6
2025-06-12 10:23:00,42.7
2025-06-12 06:23:00,21.0
2025-06-12 06:12:00,56.1
2025-06-12 19:51:00,50.21640523646657
2025-06-12 22:44:00,50.21640523646657
2025-06-12 04:33:00,46.2
2025-06-12 18:47:00,91.5
2025-06-12 23:52:00,34.9
2025-06-12 00:35:00,90.2
2025-06-12 16:24:00,28.1
2025-06-12 02:56:00,22.1
2025-06-12 01:47:00,13.3
2025-06-12 16:37:00,90.4
2025-06-12 13:33:00,50.21640523646657
2025-06-12 01:26:00,92.2
2025-06-12 10:01:00,66.6
2025-06-12 18:56:00,4.9
2025-06-12 18:38:00,62.5
2025-06-12 09:55:00,63.3
2025-06-12 01:20:00,2.0
2025-06-12 10:11:00,39.0
2025-06-12 13:39:00,50.21640523646657
2025-06-12 00:40:00,14.7
2025-06-12 15:27:00,56.6
2025-06-12 09:48:00,10.6
2025-06-12 22:00:00,66.8
2025-06-12 09:36:00,92.5
2025-06-12 02:40:00,22.3
2025-06-12 00:35:00,50.21640523646657
2025-06-12 06:49:00,61.0
2025-06-12 11:17:00,59.7
2025-06-12 23:18:00,32.0
2025-06-12 18:42:00,3.4
2025-06-12 09:45:00,63.7
2025-06-12 21:31:00,8.0
2025-06-12 02:22:00,90.9
2025-06-12 15:16:00,49.70408187272085
2025-06-12 21:16:00,98.2
2025-06-12 14:06:00,93.2
2025-06-12 08:28:00,77.3
2025-06-12 04:54:00,31.3
2025-06-12 02:49:00,19.7
2025-06-12 02:08:00,49.70408187272085
2025-06-12 00:32:00,22.6
2025-06-12 04:47:00,80.3
2025-06-12 13:18:00,44.9
2025-06-12 15:06:00,79.1
2025-06-12 04:15:00,66.0
2025-06-12 23:13:00,72.8
2025-06-12 05:30:00,94.4
2025-06-12 13:56:00,80.3
2025-06-12 17:18:00,57.9
2025-06-12 10:58:00,56.4
2025-06-12 21:31:00,23.9
2025-06-12 06:52:00,49.70408187272085
2025-06-12 16:32:00,49.9
2025-06-12 22:23:00,97.5
2025-06-12 19:41:00,55.6
2025-06-12 21:41:00,49.70408187272085
2025-06-12 10:55:00,3.9
2025-06-12 14:40:00,46.0
2025-06-12 18:35:00,8.8
2025-06-12 14:10:00,77.6
2025-06-12 20:28:00,58.3
2025-06-12 11:02:00,72.7
2025-06-12 03:31:00,64.3
2025-06-12 07:37:00,49.70408187272085
2025-06-12 23:02:00,10.4
2025-06-12 08:04:00,75.1
2025-06-12 10:51:00,70.3
2025-06-12 21:18:00,9.5
2025-06-12 15:48:00,60.5
2025-06-12 10:26:00,49.70408187272085
2025-06-12 19:24:00,97.1
2025-06-12 20:58:00,49.70408187272085
2025-06-12 21:56:00,43.9
2025-06-12 20:21:00,32.1
2025-06-12 03:42:00,31.1
2025-06-12 15:10:00,29.0
2025-06-12 21:22:00,32.2
2025-06-12 03:06:00,49.70408187272085
2025-06-12 04:00:00,4.4
2025-06-12 08:37:00,20.5
2025-06-12 12:57:00,51.7
2025-06-12 19:53:00,24.5
2025-06-12 03:50:00,56.0
2025-06-12 04:56:00,9.8
2025-06-12 20:28:00,15.0
2025-06-12 05:53:00,76.7
2025-06-12 19:29:00,49.3
2025-06-12 16:24:00,82.9
2025-06-12 09:39:00,92.2
2025-06-12 10:41:00,49.70408187272085
2025-06-12 07:37:00,58.2
2025-06-12 05:19:00,46.1
2025-06-12 19:59:00,78.5
2025-06-12 14:12:00,49.70408187272085
2025-06-12 14:16:00,78.4
2025-06-12 02:40:00,49.70408187272085
2025-06-12 00:46:00,56.2
2025-06-12 22:31:00,96.1
2025-06-12 05:08:00,19.7
2025-06-12 04:01:00,14.7
2025-06-12 15:30:00,36.8
2025-06-12 02:38:00,55.1
2025-06-12 20:17:00,96.1
2025-06-12 02:59:00,86.0
2025-06-12 09:46:00,94.7
2025-06-12 14:22:00,46.8
2025-06-12 01:07:00,50.0
2025-06-12 00:37:00,49.70408187272085
2025-06-12 12:53:00,10.3
2025-06-12 23:46:00,47.9
2025-06-12 13:05:00,0.6
2025-06-12 18:19:00,35.1
2025-06-12 04:57:00,22.2
2025-06-12 04:31:00,42.4
2025-06-12 20:25:00,73.7
2025-06-12 23:05:00,89.1
2025-06-12 07:12:00,71.3
2025-06-12 03:20:00,43.0
2025-06-12 22:31:00,44.3
2025-06-12 18:00:00,91.4
2025-06-12 22:17:00,58.8
2025-06-12 14:43:00,49.70408187272085
2025-06-12 23:40:00,26.7
2025-06-12 05:54:00,8.3
2025-06-12 03:24:00,64.3
2025-06-12 17:29:00,49.70408187272085
2025-06-12 12:54:00,64.8
2025-06-12 13:22:00,49.70408187272085
2025-06-12 21:49:00,64.6
2025-06-12 06:05:00,65.6
2025-06-12 03:29:00,49.70408187272085
2025-06-12 23:21:00,49.70408187272085
2025-06-12 05:05:00,81.4
2025-06-12 23:25:00,27.7
2025-06-12 13:52:00,35.1
2025-06-12 06:40:00,61.2
2025-06-12 21:51:00,56.7
2025-06-12 17:22:00,47.0
2025-06-12 13:36:00,31.3
2025-06-12 21:29:00,28.8
2025-06-12 20:36:00,48.0
2025-06-12 12:16:00,3.0
2025-06-12 21:08:00,78.2
2025-06-12 12:50:00,81.0
2025-06-12 14:27:00,97.6
2025-06-12 04:40:00,77.5
2025-06-12 13:33:00,54.3
2025-06-12 20:07:00,17.5
2025-06-12 03:31:00,82.0
2025-06-12 18:42:00,46.0
2025-06-12 16:37:00,72.9
2025-06-12 18:32:00,88.4
2025-06-12 20:13:00,49.70408187272085
2025-06-12 00:56:00,0.5
2025-06-12 07:39:00,35.1
2025-06-12 03:16:00,56.8
2025-06-12 12:10:00,90.3
2025-06-12 22:56:00,49.70408187272085
2025-06-12 03:47:00,49.70408187272085
2025-06-12 20:01:00,23.8
2025-06-12 19:13:00,87.9
2025-06-12 06:41:00,49.70408187272085
2025-06-12 03:26:00,67.9
2025-06-12 22:48:00,50.6
2025-06-12 15:32:00,61.3
2025-06-12 21:16:00,65.8
2025-06-12 08:15:00,74.5
2025-06-12 21:54:00,19.6
2025-06-12 04:14:00,91.0
2025-06-12 21:58:00,49.70408187272085
2025-06-12 23:35:00,49.70408187272085
2025-06-12 20:16:00,12.5
2025-06-12 03:59:00,19.3
2025-06-12 08:26:00,49.70408187272085
2025-06-12 03:12:00,47.3
2025-06-12 14:11:00,61.5
2025-06-12 13:04:00,5.3
2025-06-12 22:33:00,50.6
2025-06-12 01:05:00,82.6
2025-06-12 09:04:00,66.8
2025-06-12 12:52:00,49.70408187272085
2025-06-12 18:16:00,47.9
2025-06-12 03:44:00,63.8
2025-06-12 13:35:00,34.9
2025-06-12 15:23:00,86.2
2025-06-12 15:27:00,41.1
2025-06-12 02:03:00,0.8
2025-06-12 07:09:00,56.8
2025-06-12 10:09:00,31.1
2025-06-12 10:18:00,50.3
2025-06-12 06:21:00,96.0
2025-06-12 15:06:00,79.8
2025-06-12 19:23:00,43.7
2025-06-12 12:57:00,97.7
2025-06-12 06:40:00,49.70408187272085
2025-06-12 15:29:00,49.70408187272085
2025-06-12 00:45:00,49.70408187272085
2025-06-12 04:48:00,24.9
2025-06-12 07:44:00,9.7
2025-06-12 05:52:00,31.8
2025-06-12 23:14:00,2.6
2025-06-12 04:24:00,49.70408187272085
2025-06-12 05:18:00,54.7
2025-06-12 05:07:00,76.4
2025-06-12 03:37:00,49.6
2025-06-12 13:47:00,63.6
2025-06-12 18:36:00,67.8
2025-06-12 06:29:00,56.0
2025-06-12 04:06:00,91.1
2025-06-12 03:49:00,61.9
2025-06-12 17:36:00,18.7
2025-06-12 00:59:00,77.3
2025-06-12 11:20:00,58.7
2025-06-12 07:11:00,29.1
2025-06-12 06:04:00,56.9
2025-06-12 22:18:00,13.5
2025-06-12 22:26:00,24.6
2025-06-12 01:58:00,49.70408187272085
2025-06-12 03:51:00,34.0
2025-06-12 22:44:00,2.6
2025-06-12 23:52:00,20.7
2025-06-12 05:09:00,1.9
2025-06-12 12:44:00,82.4
2025-06-12 01:53:00,10.7
2025-06-12 04:23:00,49.70408187272085
2025-06-12 05:33:00,61.2
2025-06-12 13:14:00,3.2
2025-06-12 22:50:00,49.70408187272085
2025-06-12 06:23:00,90.1
2025-06-12 07:21:00,4.5
2025-06-12 11:15:00,49.70408187272085
2025-06-12 20:48:00,19.9
2025-06-12 19:43:00,49.70408187272085
2025-06-12 07:50:00,25.2
2025-06-12 17:39:00,27.3
2025-06-12 10:51:00,97.9
2025-06-12 06:22:00,16.6
2025-06-12 17:21:00,39.7
2025-06-12 06:31:00,34.8
2025-06-12 08:57:00,87.2
2025-06-12 20:20:00,49.70408187272085
2025-06-12 07:09:00,54.9
2025-06-12 14:58:00,37.2
2025-06-12 16:14:00,34.2
2025-06-12 09:07:00,6.8
2025-06-12 06:59:00,88.6
2025-06-12 01:45:00,49.70408187272085
2025-06-12 17:25:00,33.1
2025-06-12 06:12:00,49.70408187272085
2025-06-12 12:40:00,70.5
2025-06-12 03:24:00,40.3
2025-06-12 17:17:00,85.6
2025-06-12 18:51:00,13.3
2025-06-12 08:29:00,49.70408187272085
2025-06-12 08:16:00,26.0
2025-06-12 18:38:00,8.8
2025-06-12 12:34:00,42.8
2025-06-12 11:57:00,73.4
2025-06-12 10:21:00,60.0
2025-06-12 01:20:00,28.4
2025-06-12 00:03:00,89.4
2025-06-12 03:35:00,76.9
2025-06-12 18:15:00,58.6
2025-06-12 20:59:00,59.1
2025-06-12 17:52:00,22.7
2025-06-12 18:47:00,7.3
2025-06-12 02:54:00,33.2
2025-06-12 13:22:00,34.8
2025-06-12 17:04:00,28.8
2025-06-12 17:43:00,49.70408187272085
2025-06-12 23:36:00,64.3
2025-06-12 05:14:00,14.8
2025-06-12 00:12:00,35.8
2025-06-12 00:14:00,49.70408187272085
2025-06-12 01:50:00,18.1
2025-06-12 03:25:00,19.0
2025-06-12 15:55:00,6.2
2025-06-12 11:51:00,10.1
2025-06-12 13:17:00,47.4
2025-06-12 04:35:00,53.5
2025-06-12 19:24:00,27.7
2025-06-12 01:48:00,83.2
2025-06-12 11:44:00,16.9
2025-06-12 03:37:00,15.9
2025-06-12 22:38:00,2.4
2025-06-12 21:16:00,35.1
2025-06-12 12:00:00,27.3
2025-06-12 06:03:00,75.6
2025-06-12 19:15:00,49.70408187272085
2025-06-12 01:10:00,49.70408187272085
2025-06-12 16:01:00,13.1
2025-06-12 10:06:00,22.5
2025-06-12 23:13:00,6.7
2025-06-12 13:29:00,40.6
2025-06-12 04:28:00,3.8
2025-06-12 17:45:00,51.3
2025-06-12 14:57:00,26.1
2025-06-12 21:26:00,7.9
2025-06-12 07:41:00,49.70408187272085
2025-06-12 16:38:00,79.6
2025-06-12 03:23:00,49.70408187272085
2025-06-12 15:30:00,37.3
2025-06-12 15:34:00,4.9
2025-06-12 02:13:00,73.2
2025-06-12 20:25:00,12.2
2025-06-12 18:25:00,0.2
2025-06-12 18:58:00,15.7
2025-06-12 07:09:00,86.5
2025-06-12 09:55:00,85.3
2025-06-12 00:30:00,33.3
2025-06-12 04:43:00,55.9
2025-06-12 16:26:00,68.9
2025-06-12 12:36:00,87.1
2025-06-12 16:55:00,92.2
2025-06-12 22:08:00,92.3
2025-06-12 08:08:00,15.3
2025-06-12 06:01:00,94.4
2025-06-12 12:36:00,23.9
2025-06-12 08:19:00,55.7
2025-06-12 18:43:00,69.1
2025-06-12 08:56:00,84.0
2025-06-12 08:48:00,91.0
2025-06-12 08:56:00,78.3
2025-06-12 04:37:00,1.6
2025-06-12 04:30:00,55.7
2025-06-12 12:54:00,83.6
2025-06-12 01:17:00,49.70408187272085
2025-06-12 06:57:00,88.9
2025-06-12 16:36:00,8.8
2025-06-12 00:40:00,56.4
2025-06-12 16:35:00,13.9
2025-06-12 22:21:00,23.8
2025-06-12 22:35:00,14.9
2025-06-12 04:51:00,39.6
2025-06-12 14:04:00,49.3
2025-06-12 16:16:00,49.70408187272085
2025-06-12 04:24:00,34.9
2025-06-12 16:54:00,59.6
2025-06-12 17:31:00,4.2
2025-06-12 02:50:00,9.9
2025-06-12 13:39:00,49.70408187272085
2025-06-12 14:14:00,4.8
2025-06-12 08:32:00,59.4
2025-06-12 13:56:00,49.70408187272085
2025-06-12 03:14:00,58.1
2025-06-12 08:57:00,95.6
2025-06-12 17:35:00,50.4
2025-06-12 22:42:00,15.6
2025-06-12 18:37:00,6.2
2025-06-12 20:34:00,59.0
2025-06-12 22:40:00,38.4
2025-06-12 14:18:00,58.7
2025-06-12 08:41:00,85.8
2025-06-12 00:35:00,85.6
2025-06-12 09:40:00,15.3
2025-06-12 23:08:00,14.1
2025-06-12 07:05:00,32.2
2025-06-12 15:41:00,98.8
2025-06-12 22:03:00,62.3
2025-06-12 02:46:00,50.1110094970102
2025-06-12 16:43:00,50.1110094970102
2025-06-12 13:37:00,64.2
2025-06-12 19:28:00,50.1110094970102
2025-06-12 15:35:00,77.9
2025-06-12 08:56:00,83.3
2025-06-12 02:19:00,67.8
2025-06-12 01:07:00,17.3
2025-06-12 13:45:00,73.5
2025-06-12 09:56:00,85.6
2025-06-12 19:25:00,82.4
2025-06-12 04:16:00,24.0
2025-06-12 09:21:00,68.8
2025-06-12 19:13:00,9.4
2025-06-12 06:48:00,47.8
2025-06-12 09:04:00,50.1110094970102
2025-06-12 23:47:00,99.5
2025-06-12 09:07:00,52.3
2025-06-12 17:24:00,94.4
2025-06-12 14:16:00,81.0
2025-06-12 23:47:00,17.9
2025-06-12 02:12:00,19.3
2025-06-12 19:54:00,3.5
2025-06-12 21:21:00,32.3
2025-06-12 07:37:00,50.1110094970102
2025-06-12 16:17:00,16.4
2025-06-12 11:11:00,68.0
2025-06-12 13:36:00,58.4
2025-06-12 22:42:00,92.1
2025-06-12 02:16:00,1.6
2025-06-12 09:53:00,80.8
2025-06-12 09:29:00,27.4
2025-06-12 21:54:00,99.2
2025-06-12 08:02:00,93.1
2025-06-12 01:53:00,94.2
2025-06-12 04:57:00,50.1110094970102
2025-06-12 14:47:00,50.1110094970102
2025-06-12 03:47:00,25.6
2025-06-12 10:31:00,87.9
2025-06-12 08:23:00,50.1110094970102
2025-06-12 21:32:00,47.1
2025-06-12 06:53:00,35.8
2025-06-12 08:58:00,40.1
2025-06-12 03:44:00,50.1110094970102
2025-06-12 23:22:00,41.0
2025-06-12 00:38:00,21.1
2025-06-12 20:53:00,99.1
2025-06-12 05:31:00,50.1110094970102
2025-06-12 04:04:00,34.8
2025-06-12 12:30:00,61.3
2025-06-12 08:53:00,35.0
2025-06-12 12:54:00,78.8
2025-06-12 12:06:00,18.2
2025-06-12 10:09:00,94.1
2025-06-12 16:31:00,12.2
2025-06-12 18:42:00,50.1110094970102
2025-06-12 01:47:00,50.1110094970102
2025-06-12 03:49:00,58.0
2025-06-12 19:31:00,59.0
2025-06-12 15:03:00,52.4
2025-06-12 20:19:00,86.4
2025-06-12 18:16:00,15.5
2025-06-12 12:29:00,4.5
2025-06-12 13:06:00,35.3
2025-06-12 23:02:00,50.1110094970102
2025-06-12 19:48:00,81.9
2025-06-12 14:39:00,92.1
2025-06-12 00:37:00,41.0
2025-06-12 00:40:00,41.6
2025-06-12 16:30:00,33.7
2025-06-12 06:06:00,50.1110094970102
2025-06-12 16:07:00,37.1
2025-06-12 19:54:00,97.9
2025-06-12 15:55:00,21.8
2025-06-12 01:40:00,60.2
2025-06-12 18:41:00,74.0
2025-06-12 14:30:00,30.1
2025-06-12 12:43:00,50.1110094970102
2025-06-12 09:57:00,24.0
2025-06-12 11:00:00,26.0
2025-06-12 11:12:00,50.1110094970102
2025-06-12 02:37:00,78.5
2025-06-12 08:51:00,23.8
2025-06-12 14:35:00,93.8
2025-06-12 12:24:00,75.4
2025-06-12 06:34:00,62.4
2025-06-12 14:09:00,79.6
2025-06-12 10:31:00,27.0
2025-06-12 23:13:00,50.1110094970102
2025-06-12 12:49:00,61.8
2025-06-12 07:05:00,81.2
2025-06-12 13:04:00,85.7
2025-06-12 23:59:00,31.5
2025-06-12 00:11:00,95.6
2025-06-12 12:24:00,70.7
2025-06-12 01:39:00,17.6
2025-06-12 01:10:00,14.7
2025-06-12 10:59:00,50.1110094970102
2025-06-12 09:08:00,74.0
2025-06-12 10:00:00,10.8
2025-06-12 10:14:00,17.9
2025-06-12 04:32:00,27.9
2025-06-12 09:02:00,81.6
2025-06-12 14:32:00,69.2
2025-06-12 08:59:00,60.8
2025-06-12 11:51:00,52.7
2025-06-12 09:41:00,76.2
2025-06-12 00:03:00,21.9
2025-06-12 05:02:00,11.0
2025-06-12 19:12:00,93.4
2025-06-12 14:04:00,50.1110094970102
2025-06-12 15:59:00,21.8
2025-06-12 09:24:00,84.0
2025-06-12 11:33:00,84.7
2025-06-12 03:46:00,62.5
2025-06-12 11:42:00,99.8
2025-06-12 00:13:00,13.4
2025-06-12 17:47:00,14.9
2025-06-12 11:52:00,29.7
2025-06-12 12:57:00,78.3
2025-06-12 15:18:00,94.4
2025-06-12 23:26:00,6.2
2025-06-12 07:08:00,90.3
2025-06-12 14:10:00,93.0
2025-06-12 13:55:00,31.4
2025-06-12 16:43:00,26.2
2025-06-12 17:46:00,15.6
2025-06-12 11:39:00,50.1110094970102
2025-06-12 02:20:00,3.3
2025-06-12 02:31:00,81.9
2025-06-12 21:11:00,36.5
2025-06-12 07:43:00,69.8
2025-06-12 12:05:00,44.1
2025-06-12 15:21:00,15.8
2025-06-12 23:09:00,7.3
2025-06-12 12:19:00,77.2
2025-06-12 21:56:00,59.1
2025-06-12 09:41:00,24.7
2025-06-12 08:23:00,2.2
2025-06-12 14:06:00,88.3
2025-06-12 02:39:00,0.4
2025-06-12 08:07:00,77.3
2025-06-12 23:13:00,50.1110094970102
2025-06-12 01:31:00,50.1110094970102
2025-06-12 00:56:00,35.7
2025-06-12 09:17:00,50.1110094970102
2025-06-12 08:20:00,70.5
2025-06-12 18:28:00,40.9
2025-06-12 11:48:00,21.3
2025-06-12 23:37:00,35.1
2025-06-12 10:09:00,4.8
2025-06-12 18:41:00,46.0
2025-06-12 20:36:00,1.8
2025-06-12 14:52:00,50.1110094970102
2025-06-12 14:39:00,16.3
2025-06-12 20:46:00,61.0
2025-06-12 08:51:00,81.0
2025-06-12 09:03:00,68.8
2025-06-12 12:01:00,54.3
2025-06-12 01:43:00,38.1
2025-06-12 06:30:00,58.9
2025-06-12 03:46:00,35.4
2025-06-12 00:29:00,50.1110094970102
2025-06-12 09:28:00,83.0
2025-06-12 07:42:00,50.1110094970102
2025-06-12 23:11:00,41.1
2025-06-12 23:39:00,77.4
2025-06-12 12:58:00,76.5
2025-06-12 01:28:00,63.3
2025-06-12 23:29:00,50.1110094970102
2025-06-12 23:15:00,74.0
2025-06-12 11:53:00,31.4
2025-06-12 02:01:00,10.2
2025-06-12 04:13:00,69.4
2025-06-12 01:27:00,73.9
2025-06-12 03:29:00,50.4
2025-06-12 21:04:00,25.0
2025-06-12 22:20:00,14.8
2025-06-12 08:41:00,66.5
2025-06-12 05:51:00,94.7
2025-06-12 05:28:00,40.7
2025-06-12 12:03:00,47.4
2025-06-12 12:08:00,21.9
2025-06-12 18:18:00,93.8
2025-06-12 21:54:00,21.9
2025-06-12 21:46:00,74.8
2025-06-12 13:54:00,22.4
2025-06-12 15:56:00,25.8
2025-06-12 00:29:00,54.1
2025-06-12 06:43:00,50.1110094970102
2025-06-12 10:19:00,40.9
2025-06-12 21:26:00,38.4
2025-06-12 00:11:00,5.3
2025-06-12 15:49:00,50.1110094970102
2025-06-12 03:42:00,70.7
2025-06-12 11:13:00,21.1
2025-06-12 16:45:00,39.4
2025-06-12 14:38:00,70.1
2025-06-12 15:34:00,62.8
2025-06-12 10:21:00,49.3
2025-06-12 07:24:00,48.1
2025-06-12 23:40:00,62.2
2025-06-12 08:18:00,67.8
2025-06-12 08:43:00,4.5
2025-06-12 03:05:00,45.3
2025-06-12 00:44:00,7.6
2025-06-12 03:37:00,42.2
2025-06-12 22:26:00,97.4
2025-06-12 10:18:00,66.8
2025-06-12 22:13:00,27.9
2025-06-12 23:28:00,28.0
2025-06-12 04:56:00,19.1
2025-06-12 16:21:00,14.5
2025-06-12 23:36:00,50.1110094970102
2025-06-12 16:06:00,40.5
2025-06-12 06:48:00,74.7
2025-06-12 08:19:00,24.5
2025-06-12 02:21:00,0.4
2025-06-12 10:10:00,94.4
2025-06-12 23:53:00,29.2
2025-06-12 18:20:00,61.5
2025-06-12 12:48:00,79.4
2025-06-12 15:12:00,50.1110094970102
2025-06-12 21:42:00,15.8
2025-06-12 03:32:00,97.4
2025-06-12 00:23:00,72.6
2025-06-12 13:12:00,4.7
2025-06-12 23:59:00,45.7
2025-06-12 06:12:00,11.5
2025-06-12 03:31:00,86.8
2025-06-12 11:15:00,94.7
2025-06-12 09:23:00,81.0
2025-06-12 10:38:00,69.1
2025-06-12 11:46:00,50.1110094970102
2025-06-12 05:51:00,92.4
2025-06-12 12:43:00,2.9
2025-06-12 10:13:00,73.9
2025-06-12 05:50:00,17.4
2025-06-12 14:57:00,50.1110094970102
2025-06-12 14:36:00,16.7
2025-06-12 17:58:00,46.3
2025-06-12 09:11:00,50.1110094970102
2025-06-12 12:20:00,17.7
2025-06-12 09:22:00,26.2
2025-06-12 14:50:00,42.8
2025-06-12 10:19:00,68.9
2025-06-12 04:54:00,38.5
2025-06-12 14:58:00,37.0
2025-06-12 16:47:00,69.4
2025-06-12 17:02:00,50.1110094970102
2025-06-12 20:00:00,47.9
2025-06-12 13:38:00,50.1110094970102
2025-06-12 14:28:00,71.0
2025-06-12 02:47:00,40.6
2025-06-12 16:34:00,6.7
2025-06-12 19:07:00,50.1110094970102
2025-06-12 23:03:00,12.0
2025-06-12 08:08:00,18.6
2025-06-12 11:59:00,86.4
2025-06-12 16:20:00,81.3
2025-06-12 17:34:00,50.1110094970102
2025-06-12 10:08:00,48.0
2025-06-12 00:21:00,97.4
2025-06-12 06:25:00,13.2
2025-06-12 19:24:00,71.0
2025-06-12 13:44:00,28.2
2025-06-12 04:48:00,64.7
2025-06-12 11:39:00,90.5
2025-06-12 22:47:00,49.0
2025-06-12 16:32:00,50.1110094970102
2025-06-12 02:18:00,32.5
2025-06-12 16:22:00,40.8
2025-06-12 02:18:00,28.2
2025-06-12 18:47:00,19.2
2025-06-12 12:25:00,50.1110094970102
2025-06-12 03:56:00,2.5
2025-06-12 06:39:00,50.1110094970102
2025-06-12 21:12:00,89.1
2025-06-12 23:08:00,80.3
2025-06-12 14:59:00,46.9
2025-06-12 04:12:00,50.1110094970102
2025-06-12 09:37:00,51.2
2025-06-12 20:49:00,40.7
2025-06-12 05:10:00,47.5
2025-06-12 21:51:00,50.1110094970102
2025-06-12 22:58:00,20.8
2025-06-12 23:00:00,50.0
2025-06-12 01:41:00,51.8
2025-06-12 17:26:00,99.8
2025-06-12 15:17:00,1.1
2025-06-12 23:22:00,50.1110094970102
2025-06-12 09:39:00,41.8
2025-06-12 10:50:00,36.2
2025-06-12 16:44:00,87.4
2025-06-12 18:01:00,82.9
2025-06-12 05:33:00,34.5
2025-06-12 02:53:00,99.5
2025-06-12 17:40:00,7.6
2025-06-12 16:58:00,61.5
2025-06-12 06:40:00,50.1110094970102
2025-06-12 05:59:00,12.2
2025-06-12 00:53:00,88.9
2025-06-12 02:33:00,64.0
2025-06-12 01:19:00,0.9
2025-06-12 20:21:00,97.0
2025-06-12 15:40:00,55.7
2025-06-12 11:50:00,50.1110094970102
2025-06-12 02:59:00,86.5
2025-06-12 17:58:00,84.8
2025-06-12 05:10:00,1.0
2025-06-12 11:58:00,65.1
2025-06-12 12:41:00,50.1110094970102
2025-06-12 20:51:00,19.6
2025-06-12 11:33:00,20.1
2025-06-12 01:49:00,36.8
2025-06-12 16:10:00,7.8
2025-06-12 20:55:00,37.4
2025-06-12 01:52:00,4.5
2025-06-12 18:41:00,7.4
2025-06-12 18:31:00,50.1110094970102
2025-06-12 15:45:00,50.1110094970102
2025-06-12 01:37:00,50.1110094970102
2025-06-12 19:54:00,82.7
2025-06-12 19:41:00,10.2
2025-06-12 06:07:00,47.1
2025-06-12 01:02:00,69.4
2025-06-12 09:17:00,50.1110094970102
2025-06-12 01:46:00,16.4
2025-06-12 00:27:00,18.4
2025-06-12 04:11:00,9.7
2025-06-12 18:01:00,61.1
2025-06-12 05:18:00,31.3
2025-06-12 02:31:00,64.7
2025-06-12 05:26:00,94.9
2025-06-12 22:34:00,50.1110094970102
2025-06-12 07:19:00,50.1110094970102
2025-06-12 17:23:00,20.6
2025-06-12 17:10:00,11.9
2025-06-12 15:40:00,63.2
2025-06-12 13:55:00,50.1110094970102
2025-06-12 17:10:00,37.4
2025-06-12 08:43:00,6.5
2025-06-12 16:45:00,4.8
2025-06-12 04:00:00,9.4
2025-06-12 16:44:00,12.5
2025-06-12 00:56:00,32.0
2025-06-12 12:35:00,64.1
2025-06-12 20:15:00,87.9
2025-06-12 16:48:00,38.2
2025-06-12 20:16:00,27.5
2025-06-12 21:46:00,50.26990393626991
2025-06-12 16:14:00,28.0
2025-06-12 14:38:00,50.26990393626991
2025-06-12 23:20:00,83.9
2025-06-12 10:55:00,50.26990393626991
2025-06-12 16:42:00,59.8
2025-06-12 17:20:00,40.5
2025-06-12 10:11:00,6.6
2025-06-12 21:07:00,0.1
2025-06-12 08:32:00,29.0
2025-06-12 22:31:00,76.5
2025-06-12 14:44:00,51.3
2025-06-12 05:01:00,50.26990393626991
2025-06-12 03:38:00,50.26990393626991
2025-06-12 17:44:00,50.26990393626991
2025-06-12 05:23:00,65.1
2025-06-12 01:04:00,72.9
2025-06-12 11:54:00,29.2
2025-06-12 05:59:00,71.5
2025-06-12 22:59:00,10.8
2025-06-12 02:00:00,60.8
2025-06-12 14:06:00,11.1
2025-06-12 00:54:00,50.26990393626991
2025-06-12 20:54:00,16.6
2025-06-12 09:32:00,35.5
2025-06-12 13:03:00,30.5
2025-06-12 22:34:00,22.3
2025-06-12 00:38:00,24.8
2025-06-12 06:27:00,9.5
2025-06-12 20:16:00,4.9
2025-06-12 02:54:00,50.26990393626991
2025-06-12 03:22:00,24.2
2025-06-12 01:47:00,69.0
2025-06-12 06:12:00,25.1
2025-06-12 05:45:00,50.26990393626991
2025-06-12 14:42:00,95.5
2025-06-12 22:11:00,46.3
2025-06-12 16:38:00,10.6
2025-06-12 20:24:00,66.0
2025-06-12 13:35:00,1.7
2025-06-12 16:14:00,48.0
2025-06-12 11:41:00,30.1
2025-06-12 09:51:00,19.9
2025-06-12 17:05:00,6.4
2025-06-12 01:55:00,32.4
2025-06-12 00:55:00,49.6
2025-06-12 08:35:00,1.4
2025-06-12 12:12:00,68.0
2025-06-12 00:36:00,79.9
2025-06-12 05:23:00,33.9
2025-06-12 20:43:00,23.5
2025-06-12 10:30:00,29.9
2025-06-12 06:54:00,21.0
2025-06-12 02:33:00,80.0
2025-06-12 20:31:00,21.0
2025-06-12 09:55:00,83.0
2025-06-12 12:10:00,73.8
2025-06-12 04:49:00,50.26990393626991
2025-06-12 20:02:00,25.7
2025-06-12 22:04:00,50.26990393626991
2025-06-12 12:38:00,18.0
2025-06-12 12:53:00,98.0
2025-06-12 07:12:00,96.1
2025-06-12 17:47:00,7.9
2025-06-12 23:04:00,49.0
2025-06-12 07:00:00,57.5
2025-06-12 01:36:00,68.2
2025-06-12 09:43:00,50.26990393626991
2025-06-12 08:45:00,50.26990393626991
2025-06-12 11:11:00,72.2
2025-06-12 06:44:00,22.4
2025-06-12 12:28:00,92.9
2025-06-12 00:08:00,20.0
2025-06-12 20:11:00,16.6
2025-06-12 14:06:00,22.6
2025-06-12 17:45:00,88.5
2025-06-12 11:21:00,52.1
2025-06-12 09:18:00,8.0
2025-06-12 16:55:00,63.9
2025-06-12 04:41:00,2.8
2025-06-12 03:07:00,50.26990393626991
2025-06-12 18:10:00,7.4
2025-06-12 09:04:00,21.1
2025-06-12 19:56:00,70.5
2025-06-12 16:55:00,20.5
2025-06-12 06:46:00,85.2
2025-06-12 10:34:00,50.26990393626991
2025-06-12 03:26:00,63.0
2025-06-12 15:24:00,62.0
2025-06-12 05:59:00,38.3
2025-06-12 21:16:00,96.9
2025-06-12 17:41:00,96.7
2025-06-12 21:45:00,73.8
2025-06-12 22:25:00,33.4
2025-06-12 14:29:00,82.9
2025-06-12 21:11:00,8.5
2025-06-12 10:48:00,57.1
2025-06-12 12:15:00,95.4
2025-06-12 21:27:00,50.26990393626991
2025-06-12 15:02:00,5.8
2025-06-12 04:19:00,18.8
2025-06-12 08:41:00,98.6
2025-06-12 11:53:00,27.6
2025-06-12 11:50:00,94.7
2025-06-12 08:09:00,82.6
2025-06-12 00:53:00,21.7
2025-06-12 18:22:00,78.2
2025-06-12 21:13:00,50.26990393626991
2025-06-12 00:30:00,50.26990393626991
2025-06-12 06:53:00,65.3
2025-06-12 00:32:00,65.5
2025-06-12 13:09:00,69.8
2025-06-12 10:03:00,62.0
2025-06-12 05:32:00,41.5
2025-06-12 15:28:00,50.6
2025-06-12 14:37:00,13.2
2025-06-12 06:22:00,61.8
2025-06-12 08:10:00,49.3
2025-06-12 14:49:00,49.0
2025-06-12 05:28:00,50.26990393626991
2025-06-12 14:21:00,23.4
2025-06-12 11:17:00,65.2
2025-06-12 04:15:00,8.4
2025-06-12 10:57:00,6.0
2025-06-12 12:22:00,18.7
2025-06-12 19:36:00,87.1
2025-06-12 08:53:00,38.7
2025-06-12 10:25:00,35.6
2025-06-12 05:08:00,89.0
2025-06-12 16:58:00,16.8
2025-06-12 00:39:00,8.9
2025-06-12 02:35:00,94.7
2025-06-12 11:25:00,36.9
2025-06-12 16:45:00,19.5
2025-06-12 09:03:00,50.26990393626991
2025-06-12 14:25:00,60.2
2025-06-12 11:56:00,38.8
2025-06-12 14:10:00,14.8
2025-06-12 16:09:00,21.2
2025-06-12 11:38:00,22.7
2025-06-12 01:18:00,35.9
2025-06-12 01:04:00,87.8
2025-06-12 01:10:00,16.0
2025-06-12 01:44:00,52.5
2025-06-12 23:58:00,76.5
2025-06-12 02:03:00,44.2
2025-06-12 22:52:00,86.3
2025-06-12 02:21:00,32.3
2025-06-12 08:13:00,93.0
2025-06-12 12:49:00,50.26990393626991
2025-06-12 11:12:00,53.5
2025-06-12 22:56:00,11.7
2025-06-12 16:49:00,54.2
2025-06-12 17:33:00,50.26990393626991
2025-06-12 00:04:00,18.9
2025-06-12 10:15:00,20.2
2025-06-12 03:44:00,52.0
2025-06-12 01:52:00,5.1
2025-06-12 18:11:00,46.8
2025-06-12 13:17:00,14.4
2025-06-12 20:40:00,15.8
2025-06-12 14:41:00,66.5
2025-06-12 06:10:00,80.1
2025-06-12 02:44:00,20.3
2025-06-12 05:16:00,50.26990393626991
2025-06-12 20:35:00,90.6
2025-06-12 13:00:00,49.2
2025-06-12 10:58:00,10.8
2025-06-12 10:52:00,88.6
2025-06-12 13:14:00,98.4
2025-06-12 14:00:00,18.1
2025-06-12 18:32:00,24.4
2025-06-12 20:49:00,3.7
2025-06-12 18:49:00,62.9
2025-06-12 01:45:00,67.8
2025-06-12 01:30:00,17.4
2025-06-12 03:50:00,30.0
2025-06-12 16:05:00,28.2
2025-06-12 08:31:00,60.1
2025-06-12 10:16:00,50.26990393626991
2025-06-12 19:53:00,81.2
2025-06-12 16:58:00,90.0
2025-06-12 16:58:00,60.4
2025-06-12 16:00:00,38.6
2025-06-12 20:40:00,20.6
2025-06-12 16:27:00,71.3
2025-06-12 05:30:00,50.26990393626991
2025-06-12 16:55:00,97.7
2025-06-12 22:04:00,50.9
2025-06-12 05:38:00,99.0
2025-06-12 02:05:00,56.6
2025-06-12 08:07:00,26.2
2025-06-12 10:18:00,99.2
2025-06-12 00:38:00,39.8
2025-06-12 02:44:00,49.7
2025-06-12 04:09:00,67.8
2025-06-12 05:54:00,50.26990393626991
2025-06-12 13:11:00,18.2
2025-06-12 17:30:00,18.6
2025-06-12 02:42:00,59.7
2025-06-12 02:49:00,68.4
2025-06-12 00:03:00,50.26990393626991
2025-06-12 13:54:00,89.3
2025-06-12 10:36:00,78.2
2025-06-12 02:44:00,98.0
2025-06-12 07:08:00,50.26990393626991
2025-06-12 20:58:00,52.0
2025-06-12 06:42:00,20.8
2025-06-12 15:54:00,33.9
2025-06-12 05:54:00,43.4
2025-06-12 15:19:00,4.0
2025-06-12 15:22:00,84.1
2025-06-12 08:16:00,4.0
2025-06-12 01:38:00,10.6
2025-06-12 08:12:00,81.7
2025-06-12 02:09:00,85.4
2025-06-12 04:35:00,57.2
2025-06-12 05:00:00,50.26990393626991
2025-06-12 22:12:00,99.1
2025-06-12 22:16:00,50.7
2025-06-12 20:23:00,40.2
2025-06-12 01:07:00,89.0
2025-06-12 22:11:00,22.0
2025-06-12 00:04:00,91.3
2025-06-12 05:09:00,42.9
2025-06-12 11:01:00,81.9
2025-06-12 16:48:00,85.7
2025-06-12 09:42:00,42.0
2025-06-12 01:42:00,90.0
2025-06-12 10:55:00,32.6
2025-06-12 01:26:00,61.9
2025-06-12 11:52:00,82.0
2025-06-12 18:22:00,89.9
2025-06-12 15:23:00,79.2
2025-06-12 03:37:00,26.6
2025-06-12 01:24:00,15.9
2025-06-12 13:41:00,76.2
2025-06-12 08:56:00,54.0
2025-06-12 12:55:00,25.8
2025-06-12 08:57:00,50.26990393626991
2025-06-12 05:12:00,92.2
2025-06-12 11:01:00,28.6
2025-06-12 05:53:00,60.1
2025-06-12 05:03:00,78.5
2025-06-12 16:20:00,52.5
2025-06-12 05:42:00,24.5
2025-06-12 01:27:00,37.7
2025-06-12 00:44:00,30.6
2025-06-12 00:59:00,39.8
2025-06-12 06:41:00,14.9
2025-06-12 12:35:00,53.1
2025-06-12 18:02:00,69.1
2025-06-12 15:27:00,26.1
2025-06-12 06:15:00,50.26990393626991
2025-06-12 18:15:00,26.4
2025-06-12 05:31:00,50.26990393626991
2025-06-12 08:24:00,50.26990393626991
2025-06-12 19:20:00,50.26990393626991
2025-06-12 07:31:00,27.2
2025-06-12 15:31:00,0.3
2025-06-12 02:15:00,55.2
2025-06-12 13:48:00,49.2
2025-06-12 12:10:00,16.9
2025-06-12 17:52:00,50.26990393626991
2025-06-12 03:09:00,24.0
2025-06-12 14:18:00,77.4
2025-06-12 06:20:00,11.8
2025-06-12 04:41:00,50.26990393626991
2025-06-12 14:51:00,7.8
2025-06-12 19:24:00,7.7
2025-06-12 19:55:00,32.8
2025-06-12 05:44:00,92.5
2025-06-12 20:50:00,82.6
2025-06-12 12:54:00,32.7
2025-06-12 22:46:00,95.7
2025-06-12 00:49:00,66.8
2025-06-12 01:00:00,86.1
2025-06-12 08:34:00,49.3
2025-06-12 06:08:00,28.4
2025-06-12 05:46:00,79.4
2025-06-12 12:31:00,50.26990393626991
2025-06-12 22:56:00,73.3
2025-06-12 22:03:00,11.7
2025-06-12 00:42:00,87.9
2025-06-12 09:42:00,37.4
2025-06-12 03:01:00,50.26990393626991
2025-06-12 17:14:00,62.3
2025-06-12 19:15:00,50.26990393626991
2025-06-12 14:15:00,63.7
2025-06-12 10:39:00,55.0
2025-06-12 11:42:00,67.6
2025-06-12 20:35:00,74.2
2025-06-12 23:18:00,66.7
2025-06-12 17:32:00,19.6
2025-06-12 12:59:00,10.3
2025-06-12 17:06:00,27.6
2025-06-12 07:25:00,50.26990393626991
2025-06-12 19:14:00,78.4
2025-06-12 13:09:00,74.5
2025-06-12 02:18:00,67.7
2025-06-12 21:17:00,86.3
2025-06-12 18:36:00,8.5
2025-06-12 12:05:00,36.6
2025-06-12 00:45:00,65.0
2025-06-12 20:51:00,77.0
2025-06-12 04:40:00,50.26990393626991
2025-06-12 20:47:00,31.0
2025-06-12 08:12:00,93.0
2025-06-12 22:37:00,19.2
2025-06-12 20:07:00,50.9
2025-06-12 06:35:00,49.3
2025-06-12 10:29:00,90.6
2025-06-12 05:40:00,10.3
2025-06-12 12:20:00,50.26990393626991
2025-06-12 00:26:00,2.5
2025-06-12 14:59:00,18.1
2025-06-12 08:24:00,82.3
2025-06-12 16:05:00,97.3
2025-06-12 18:52:00,85.8
2025-06-12 22:39:00,50.26990393626991
2025-06-12 15:33:00,95.3
2025-06-12 03:17:00,61.2
2025-06-12 22:40:00,50.26990393626991
2025-06-12 06:09:00,88.8
2025-06-12 13:32:00,50.26990393626991
2025-06-12 02:32:00,4.7
2025-06-12 20:11:00,56.0
2025-06-12 00:43:00,77.7
2025-06-12 00:16:00,95.3
2025-06-12 07:44:00,76.1
2025-06-12 21:48:00,49.485271956675305
2025-06-12 05:32:00,49.485271956675305
2025-06-12 13:34:00,83.5
2025-06-12 21:24:00,67.7
2025-06-12 23:50:00,30.6
2025-06-12 09:14:00,93.6
2025-06-12 08:02:00,36.6
2025-06-12 18:22:00,49.485271956675305
2025-06-12 22:45:00,5.1
2025-06-12 05:18:00,36.9
2025-06-12 20:29:00,9.4
2025-06-12 18:56:00,30.1
2025-06-12 12:56:00,51.8
2025-06-12 12:52:00,30.6
2025-06-12 16:59:00,18.2
2025-06-12 02:14:00,62.2
2025-06-12 15:40:00,88.1
2025-06-12 20:30:00,23.1
2025-06-12 17:36:00,90.3
2025-06-12 05:56:00,69.1
2025-06-12 11:13:00,10.5
2025-06-12 01:58:00,55.8
2025-06-12 19:29:00,18.6
2025-06-12 22:47:00,25.4
2025-06-12 07:46:00,73.1
2025-06-12 14:07:00,1.5
2025-06-12 12:11:00,49.485271956675305
2025-06-12 18:08:00,21.7
2025-06-12 21:39:00,27.6
2025-06-12 00:06:00,80.5
2025-06-12 00:26:00,49.485271956675305
2025-06-12 19:17:00,34.3
2025-06-12 04:09:00,66.2
2025-06-12 08:10:00,90.5
2025-06-12 08:19:00,56.1
2025-06-12 08:08:00,49.485271956675305
2025-06-12 17:48:00,73.0
2025-06-12 03:26:00,49.485271956675305
2025-06-12 09:40:00,28.7
2025-06-12 11:57:00,20.7
2025-06-12 10:51:00,45.9
2025-06-12 09:05:00,16.7
2025-06-12 16:37:00,80.1
2025-06-12 04:46:00,49.485271956675305
2025-06-12 03:48:00,43.8
2025-06-12 07:34:00,93.0
2025-06-12 01:53:00,49.485271956675305
2025-06-12 15:26:00,13.3
2025-06-12 01:12:00,47.5
2025-06-12 15:36:00,49.485271956675305
2025-06-12 08:34:00,99.4
2025-06-12 18:08:00,85.1
2025-06-12 17:14:00,26.4
2025-06-12 01:32:00,15.9
2025-06-12 00:08:00,72.4
2025-06-12 14:56:00,31.7
2025-06-12 03:24:00,90.9
2025-06-12 03:33:00,49.485271956675305
2025-06-12 21:28:00,63.3
2025-06-12 15:15:00,3.2
2025-06-12 16:23:00,17.5
2025-06-12 08:09:00,49.485271956675305
2025-06-12 20:58:00,73.3
2025-06-12 08:00:00,49.485271956675305
2025-06-12 22:15:00,79.3
2025-06-12 09:12:00,41.5
2025-06-12 18:44:00,49.485271956675305
2025-06-12 05:27:00,32.3
2025-06-12 13:01:00,49.9
2025-06-12 13:19:00,49.485271956675305
2025-06-12 01:04:00,68.7
2025-06-12 08:53:00,81.1
2025-06-12 19:06:00,50.7
2025-06-12 01:23:00,10.6
2025-06-12 12:10:00,70.7
2025-06-12 16:54:00,8.6
2025-06-12 16:21:00,20.3
2025-06-12 16:16:00,88.4
2025-06-12 21:12:00,87.1
2025-06-12 06:56:00,93.2
2025-06-12 21:26:00,97.8
2025-06-12 00:45:00,69.6
2025-06-12 11:52:00,69.2
2025-06-12 17:03:00,46.6
2025-06-12 06:21:00,39.4
2025-06-12 18:21:00,25.0
2025-06-12 05:36:00,49.485271956675305
2025-06-12 09:39:00,5.9
2025-06-12 16:08:00,63.5
2025-06-12 00:32:00,65.7
2025-06-12 17:58:00,49.485271956675305
2025-06-12 21:03:00,89.5
2025-06-12 00:08:00,72.7
2025-06-12 16:54:00,18.3
2025-06-12 04:15:00,12.2
2025-06-12 09:50:00,45.6
2025-06-12 10:13:00,9.4
2025-06-12 19:10:00,76.5
2025-06-12 20:30:00,39.1
2025-06-12 16:33:00,28.5
2025-06-12 23:13:00,28.1
2025-06-12 05:18:00,73.8
2025-06-12 09:40:00,55.3
2025-06-12 20:24:00,49.485271956675305
2025-06-12 01:56:00,39.1
2025-06-12 20:45:00,49.485271956675305
2025-06-12 02:02:00,17.0
2025-06-12 12:04:00,11.8
2025-06-12 02:49:00,54.2
2025-06-12 02:53:00,49.485271956675305
2025-06-12 00:23:00,64.5
2025-06-12 21:39:00,38.1
2025-06-12 07:30:00,49.485271956675305
2025-06-12 10:17:00,82.5
2025-06-12 03:33:00,49.485271956675305
2025-06-12 10:12:00,77.5
2025-06-12 08:55:00,5.5
2025-06-12 02:57:00,84.2
2025-06-12 15:55:00,49.485271956675305
2025-06-12 13:08:00,48.8
2025-06-12 07:28:00,18.3
2025-06-12 13:54:00,59.5
2025-06-12 11:18:00,49.485271956675305
2025-06-12 12:54:00,49.485271956675305
2025-06-12 07:08:00,60.0
2025-06-12 10:53:00,15.7
2025-06-12 16:47:00,17.8
2025-06-12 14:42:00,49.485271956675305
2025-06-12 03:26:00,95.7
2025-06-12 20:46:00,5.8
2025-06-12 01:29:00,54.4
2025-06-12 08:55:00,78.7
2025-06-12 03:11:00,85.1
2025-06-12 17:49:00,7.0
2025-06-12 18:58:00,50.2
2025-06-12 18:23:00,40.1
2025-06-12 05:48:00,19.9
2025-06-12 05:47:00,49.485271956675305
2025-06-12 01:29:00,45.2
2025-06-12 04:19:00,25.8
2025-06-12 22:01:00,71.4
2025-06-12 12:19:00,98.3
2025-06-12 20:29:00,49.485271956675305
2025-06-12 14:57:00,37.4
2025-06-12 07:34:00,87.2
2025-06-12 01:38:00,9.0
2025-06-12 16:41:00,78.5
2025-06-12 19:41:00,75.3
2025-06-12 06:17:00,59.8
2025-06-12 01:41:00,49.485271956675305
2025-06-12 00:12:00,74.1
2025-06-12 06:35:00,18.5
2025-06-12 09:52:00,48.6
2025-06-12 08:08:00,45.3
2025-06-12 17:48:00,88.1
2025-06-12 10:39:00,52.2
2025-06-12 23:33:00,52.6
2025-06-12 00:22:00,20.7
2025-06-12 01:23:00,46.6
2025-06-12 18:22:00,69.1
2025-06-12 03:52:00,36.8
2025-06-12 10:37:00,6.6
2025-06-12 06:59:00,49.485271956675305
2025-06-12 23:01:00,69.4
2025-06-12 12:52:00,18.9
2025-06-12 00:50:00,9.4
2025-06-12 09:51:00,11.9
2025-06-12 16:40:00,88.4
2025-06-12 06:48:00,72.8
2025-06-12 16:45:00,88.2
2025-06-12 13:29:00,37.6
2025-06-12 09:00:00,74.5
2025-06-12 07:08:00,21.0
2025-06-12 13:30:00,72.0
2025-06-12 17:53:00,42.2
2025-06-12 10:05:00,67.8
2025-06-12 19:16:00,2.9
2025-06-12 09:50:00,39.7
2025-06-12 07:39:00,24.3
2025-06-12 08:59:00,49.485271956675305
2025-06-12 08:45:00,78.0
2025-06-12 06:11:00,96.7
2025-06-12 01:15:00,89.5
2025-06-12 01:50:00,3.3
2025-06-12 17:00:00,27.6
2025-06-12 08:53:00,55.9
2025-06-12 18:33:00,49.485271956675305
2025-06-12 20:41:00,99.1
2025-06-12 22:01:00,1.0
2025-06-12 09:17:00,78.4
2025-06-12 13:35:00,49.485271956675305
2025-06-12 23:16:00,39.5
2025-06-12 06:33:00,49.485271956675305
2025-06-12 23:01:00,49.485271956675305
2025-06-12 22:05:00,93.8
2025-06-12 09:30:00,76.7
2025-06-12 05:39:00,42.1
2025-06-12 09:26:00,37.4
2025-06-12 06:00:00,81.7
2025-06-12 04:14:00,49.485271956675305
2025-06-12 17:13:00,74.7
2025-06-12 12:40:00,22.1
2025-06-12 14:22:00,99.0
2025-06-12 13:10:00,78.2
2025-06-12 18:16:00,55.3
2025-06-12 08:17:00,49.485271956675305
2025-06-12 19:53:00,49.485271956675305
2025-06-12 18:21:00,95.4
2025-06-12 09:09:00,56.8
2025-06-12 15:13:00,77.9
2025-06-12 06:40:00,43.2
2025-06-12 14:07:00,8.1
2025-06-12 10:53:00,99.1
2025-06-12 20:14:00,98.5
2025-06-12 06:55:00,32.5
2025-06-12 06:47:00,70.6
2025-06-12 16:44:00,75.9
2025-06-12 11:48:00,49.4
2025-06-12 03:53:00,49.485271956675305
2025-06-12 11:48:00,28.0
2025-06-12 12:24:00,21.3
2025-06-12 08:09:00,67.7
2025-06-12 21:14:00,96.2
2025-06-12 05:37:00,17.7
2025-06-12 17:54:00,67.3
2025-06-12 03:28:00,42.6
2025-06-12 04:55:00,46.9
2025-06-12 13:01:00,24.4
2025-06-12 09:53:00,75.6
2025-06-12 21:19:00,26.8
2025-06-12 13:56:00,67.8
2025-06-12 13:01:00,24.9
2025-06-12 17:10:00,52.0
2025-06-12 19:13:00,49.485271956675305
2025-06-12 13:55:00,92.4
2025-06-12 01:47:00,0.7
2025-06-12 20:00:00,23.6
2025-06-12 23:02:00,42.7
2025-06-12 15:41:00,70.8
2025-06-12 10:39:00,44.8
2025-06-12 15:37:00,54.4
2025-06-12 09:53:00,32.4
2025-06-12 20:54:00,97.3
2025-06-12 21:19:00,13.3
2025-06-12 12:30:00,10.7
2025-06-12 19:39:00,31.0
2025-06-12 13:51:00,91.3
2025-06-12 04:58:00,17.9
2025-06-12 21:25:00,46.8
2025-06-12 13:31:00,42.6
2025-06-12 05:32:00,93.7
2025-06-12 06:12:00,39.7
2025-06-12 20:06:00,78.1
2025-06-12 13:27:00,7.5
2025-06-12 12:29:00,95.8
2025-06-12 22:45:00,5.2
2025-06-12 00:13:00,98.1
2025-06-12 10:34:00,49.485271956675305
2025-06-12 01:44:00,60.7
2025-06-12 18:11:00,42.0
2025-06-12 04:17:00,79.6
2025-06-12 15:25:00,58.2
2025-06-12 12:29:00,55.0
2025-06-12 13:46:00,90.4
2025-06-12 09:14:00,49.7
2025-06-12 13:10:00,38.3
2025-06-12 10:13:00,61.8
2025-06-12 19:53:00,48.1
2025-06-12 15:18:00,48.2
2025-06-12 07:38:00,45.7
2025-06-12 16:32:00,76.6
2025-06-12 07:21:00,60.3
2025-06-12 11:01:00,18.5
2025-06-12 03:51:00,79.6
2025-06-12 08:49:00,49.485271956675305
2025-06-12 20:26:00,26.2
2025-06-12 07:59:00,44.9
2025-06-12 22:38:00,18.5
2025-06-12 00:39:00,94.9
2025-06-12 15:45:00,54.4
2025-06-12 08:25:00,93.2
2025-06-12 14:11:00,49.485271956675305
2025-06-12 04:58:00,49.485271956675305
2025-06-12 16:24:00,72.1
2025-06-12 07:09:00,25.3
2025-06-12 17:56:00,34.2
2025-06-12 21:06:00,64.4
2025-06-12 17:21:00,9.2
2025-06-12 19:00:00,36.5
2025-06-12 06:05:00,20.6
2025-06-12 15:43:00,38.4
2025-06-12 11:00:00,49.485271956675305
2025-06-12 19:21:00,93.3
2025-06-12 10:29:00,65.7
2025-06-12 18:48:00,41.5
2025-06-12 07:52:00,43.7
2025-06-12 17:49:00,52.4
2025-06-12 15:33:00,79.2
2025-06-12 05:37:00,40.9
2025-06-12 02:47:00,49.485271956675305
2025-06-12 09:27:00,41.9
2025-06-12 17:22:00,50.0997191011236
2025-06-12 21:32:00,50.0997191011236
2025-06-12 12:09:00,63.8
2025-06-12 12:04:00,25.5
2025-06-12 11:07:00,24.7
2025-06-12 19:42:00,27.5
2025-06-12 00:08:00,89.7
2025-06-12 17:10:00,90.7
2025-06-12 09:47:00,60.0
2025-06-12 00:09:00,80.8
2025-06-12 06:55:00,50.4
2025-06-12 07:55:00,34.7
2025-06-12 21:31:00,7.5
2025-06-12 02:25:00,94.5
2025-06-12 02:07:00,5.2
2025-06-12 17:39:00,44.9
2025-06-12 11:27:00,50.0997191011236
2025-06-12 23:38:00,89.1
2025-06-12 09:05:00,55.8
2025-06-12 03:56:00,50.0997191011236
2025-06-12 10:32:00,22.2
2025-06-12 06:58:00,3.9
2025-06-12 12:46:00,18.8
2025-06-12 11:47:00,50.0997191011236
2025-06-12 10:28:00,7.2
2025-06-12 13:36:00,32.9
2025-06-12 13:05:00,10.2
2025-06-12 02:49:00,42.4
2025-06-12 06:15:00,50.0997191011236
2025-06-12 12:04:00,71.5
2025-06-12 16:26:00,26.2
2025-06-12 07:29:00,55.7
2025-06-12 10:48:00,74.3
2025-06-12 20:39:00,30.8
2025-06-12 06:04:00,57.7
2025-06-12 02:02:00,55.9
2025-06-12 12:57:00,80.8
2025-06-12 16:31:00,50.0997191011236
2025-06-12 14:00:00,50.0997191011236
2025-06-12 19:36:00,80.3
2025-06-12 22:14:00,19.6
2025-06-12 01:13:00,3.4
2025-06-12 09:16:00,88.1
2025-06-12 17:18:00,40.5
2025-06-12 03:11:00,50.0997191011236
2025-06-12 10:34:00,46.3
2025-06-12 17:21:00,50.0997191011236
2025-06-12 16:01:00,35.4
2025-06-12 14:35:00,96.9
2025-06-12 15:57:00,81.9
2025-06-12 00:03:00,79.4
2025-06-12 16:41:00,55.6
2025-06-12 21:06:00,13.6
2025-06-12 10:26:00,34.9
2025-06-12 19:58:00,50.0997191011236
2025-06-12 23:11:00,87.2
2025-06-12 18:19:00,47.8
2025-06-12 09:52:00,50.0997191011236
2025-06-12 20:01:00,12.5
2025-06-12 02:43:00,50.0997191011236
2025-06-12 22:26:00,67.2
2025-06-12 21:17:00,83.6
2025-06-12 13:14:00,50.0997191011236
2025-06-12 21:06:00,97.7
2025-06-12 18:04:00,13.1
2025-06-12 15:36:00,96.4
2025-06-12 08:29:00,29.6
2025-06-12 15:02:00,9.8
2025-06-12 12:19:00,70.7
2025-06-12 17:55:00,44.9
2025-06-12 11:59:00,93.2
2025-06-12 15:29:00,47.0
2025-06-12 22:09:00,50.0997191011236
2025-06-12 01:18:00,50.9
2025-06-12 20:41:00,78.6
2025-06-12 19:10:00,96.7
2025-06-12 04:59:00,87.2
2025-06-12 01:11:00,5.6
2025-06-12 14:31:00,37.6
2025-06-12 09:19:00,49.0
2025-06-12 13:07:00,88.0
2025-06-12 12:22:00,8.8
2025-06-12 17:50:00,80.0
2025-06-12 04:51:00,50.0997191011236
2025-06-12 14:07:00,50.0997191011236
2025-06-12 10:05:00,42.5
2025-06-12 13:11:00,28.1
2025-06-12 21:23:00,93.0
2025-06-12 19:48:00,22.5
2025-06-12 15:30:00,49.3
2025-06-12 04:29:00,50.0997191011236
2025-06-12 20:23:00,50.0997191011236
2025-06-12 21:57:00,50.0997191011236
2025-06-12 18:41:00,5.0
2025-06-12 08:44:00,63.7
2025-06-12 14:23:00,89.7
2025-06-12 11:04:00,97.6
2025-06-12 08:15:00,1.7
2025-06-12 23:03:00,36.2
2025-06-12 19:52:00,50.0997191011236
2025-06-12 10:45:00,77.2
2025-06-12 15:59:00,42.7
2025-06-12 20:14:00,99.3
2025-06-12 11:17:00,50.0997191011236
2025-06-12 05:22:00,43.3
2025-06-12 00:02:00,42.4
2025-06-12 08:44:00,40.8
2025-06-12 05:11:00,93.5
2025-06-12 16:59:00,22.2
2025-06-12 18:57:00,15.6
2025-06-12 11:28:00,56.9
2025-06-12 08:20:00,73.7
2025-06-12 08:52:00,27.4
2025-06-12 17:58:00,50.0997191011236
2025-06-12 20:06:00,15.4
2025-06-12 19:54:00,9.8
2025-06-12 02:16:00,50.0997191011236
2025-06-12 08:24:00,8.9
2025-06-12 23:30:00,81.8
2025-06-12 22:42:00,78.3
2025-06-12 15:20:00,50.0997191011236
2025-06-12 12:10:00,59.7
2025-06-12 01:03:00,9.1
2025-06-12 16:46:00,2.3
2025-06-12 17:50:00,50.0997191011236
2025-06-12 11:42:00,50.0997191011236
2025-06-12 21:38:00,27.7
2025-06-12 15:06:00,0.6
2025-06-12 22:46:00,27.3
2025-06-12 20:52:00,58.2
2025-06-12 05:29:00,74.1
2025-06-12 04:28:00,50.0997191011236
2025-06-12 17:45:00,38.1
2025-06-12 02:01:00,22.4
2025-06-12 15:12:00,13.8
2025-06-12 11:22:00,3.9
2025-06-12 14:21:00,5.2
2025-06-12 04:32:00,75.3
2025-06-12 21:54:00,50.0997191011236
2025-06-12 04:13:00,27.7
2025-06-12 01:03:00,98.4
2025-06-12 19:52:00,0.7
2025-06-12 01:03:00,72.8
2025-06-12 01:11:00,74.5
2025-06-12 06:58:00,41.2
2025-06-12 03:43:00,61.4
2025-06-12 20:37:00,81.4
2025-06-12 19:25:00,16.0
2025-06-12 15:55:00,85.7
2025-06-12 01:37:00,50.1
2025-06-12 16:52:00,58.1
2025-06-12 13:06:00,50.0997191011236
2025-06-12 03:26:00,99.9
2025-06-12 19:14:00,42.4
2025-06-12 22:25:00,50.0997191011236
2025-06-12 05:02:00,18.7
2025-06-12 09:02:00,17.6
2025-06-12 09:46:00,50.0997191011236
2025-06-12 05:49:00,14.7
2025-06-12 10:50:00,6.4
2025-06-12 19:31:00,21.7
2025-06-12 12:26:00,33.6
2025-06-12 13:37:00,36.1
2025-06-12 23:47:00,56.3
2025-06-12 15:44:00,49.3
2025-06-12 17:59:00,41.2
2025-06-12 16:32:00,26.2
2025-06-12 21:46:00,50.0997191011236
2025-06-12 14:15:00,7.0
2025-06-12 09:41:00,20.2
2025-06-12 15:53:00,6.4
2025-06-12 18:46:00,81.9
2025-06-12 20:10:00,50.0997191011236
2025-06-12 13:01:00,50.0997191011236
2025-06-12 18:13:00,74.9
2025-06-12 01:13:00,33.3
2025-06-12 18:53:00,59.6
2025-06-12 11:13:00,26.2
2025-06-12 11:03:00,38.1
2025-06-12 12:17:00,88.5
2025-06-12 10:05:00,46.7
2025-06-12 13:15:00,54.3
2025-06-12 00:24:00,26.6
2025-06-12 23:20:00,32.1
2025-06-12 13:31:00,94.6
2025-06-12 09:47:00,38.5
2025-06-12 07:17:00,65.8
2025-06-12 07:08:00,0.3
2025-06-12 06:56:00,53.9
2025-06-12 04:48:00,50.0997191011236
2025-06-12 13:32:00,44.0
2025-06-12 22:03:00,97.9
2025-06-12 12:01:00,51.9
2025-06-12 20:36:00,80.6
2025-06-12 11:21:00,94.5
2025-06-12 17:00:00,50.0997191011236
2025-06-12 13:14:00,5.3
2025-06-12 09:45:00,89.4
2025-06-12 01:19:00,50.0997191011236
2025-06-12 15:31:00,50.0997191011236
2025-06-12 12:24:00,52.1
2025-06-12 17:49:00,50.0997191011236
2025-06-12 01:46:00,62.0
2025-06-12 22:37:00,82.6
2025-06-12 17:35:00,50.0997191011236
2025-06-12 00:03:00,9.4
2025-06-12 19:06:00,47.2
2025-06-12 11:59:00,54.4
2025-06-12 01:45:00,95.3
2025-06-12 20:40:00,50.0997191011236
2025-06-12 14:44:00,99.1
2025-06-12 02:36:00,29.8
2025-06-12 17:04:00,78.5
2025-06-12 19:35:00,62.1
2025-06-12 20:35:00,26.4
2025-06-12 23:16:00,63.2
2025-06-12 03:20:00,21.1
2025-06-12 03:39:00,3.9
2025-06-12 12:09:00,9.0
2025-06-12 16:41:00,71.1
2025-06-12 07:55:00,50.0997191011236
2025-06-12 14:36:00,50.0997191011236
2025-06-12 22:37:00,46.8
2025-06-12 00:58:00,69.5
2025-06-12 18:10:00,51.3
2025-06-12 12:07:00,72.7
2025-06-12 04:25:00,46.4
2025-06-12 01:18:00,7.9
2025-06-12 04:46:00,53.1
2025-06-12 02:25:00,73.2
2025-06-12 10:04:00,64.1
2025-06-12 00:32:00,77.8
2025-06-12 02:07:00,32.1
2025-06-12 14:34:00,34.1
2025-06-12 18:55:00,87.1
2025-06-12 23:25:00,50.0997191011236
2025-06-12 13:33:00,79.5
2025-06-12 16:21:00,77.5
2025-06-12 02:59:00,29.0
2025-06-12 22:34:00,97.1
2025-06-12 18:59:00,40.2
2025-06-12 06:19:00,93.0
2025-06-12 15:27:00,93.6
2025-06-12 00:24:00,37.5
2025-06-12 20:56:00,18.1
2025-06-12 11:24:00,5.0
2025-06-12 13:15:00,26.4
2025-06-12 18:45:00,27.0
2025-06-12 10:32:00,32.9
2025-06-12 19:31:00,76.4
2025-06-12 05:15:00,50.0997191011236
2025-06-12 09:20:00,65.0
2025-06-12 18:03:00,79.6
2025-06-12 14:30:00,8.3
2025-06-12 22:04:00,11.6
2025-06-12 12:49:00,84.3
2025-06-12 09:42:00,97.2
2025-06-12 20:38:00,76.3
2025-06-12 18:24:00,20.7
2025-06-12 03:26:00,1.6
2025-06-12 09:57:00,22.1
2025-06-12 01:07:00,38.3
2025-06-12 16:13:00,13.0
2025-06-12 03:03:00,50.0997191011236
2025-06-12 00:15:00,58.7
2025-06-12 02:26:00,69.2
2025-06-12 02:50:00,92.3
2025-06-12 04:55:00,45.6
2025-06-12 10:14:00,11.5
2025-06-12 15:52:00,47.0
2025-06-12 07:46:00,50.0997191011236
2025-06-12 14:46:00,15.0
2025-06-12 04:07:00,19.2
2025-06-12 21:32:00,76.4
2025-06-12 17:34:00,50.0997191011236
2025-06-12 05:57:00,50.0997191011236
2025-06-12 04:19:00,56.3
2025-06-12 04:53:00,60.2
2025-06-12 12:55:00,93.0
2025-06-12 06:00:00,51.1
2025-06-12 11:42:00,10.5
2025-06-12 11:58:00,50.0997191011236
2025-06-12 19:12:00,77.9
2025-06-12 14:45:00,48.8
2025-06-12 21:21:00,9.8
2025-06-12 06:28:00,8.1
2025-06-12 07:54:00,52.1
2025-06-12 13:08:00,59.4
2025-06-12 20:43:00,50.0997191011236
2025-06-12 20:54:00,50.0997191011236
2025-06-12 18:31:00,42.4
2025-06-12 07:22:00,63.7
2025-06-12 01:02:00,76.4
2025-06-12 13:56:00,45.4
2025-06-12 08:04:00,64.6
2025-06-12 12:13:00,50.0997191011236
2025-06-12 19:08:00,25.7
2025-06-12 16:26:00,19.5
2025-06-12 06:23:00,50.7
2025-06-12 22:01:00,50.0997191011236
2025-06-12 08:19:00,95.2
2025-06-12 11:32:00,80.1
2025-06-12 08:25:00,37.0
2025-06-12 10:21:00,83.0
2025-06-12 03:53:00,29.4
2025-06-12 20:01:00,71.1
2025-06-12 02:13:00,97.6
2025-06-12 08:17:00,50.0997191011236
2025-06-12 14:10:00,20.3
2025-06-12 06:40:00,95.1
2025-06-12 10:15:00,47.2
2025-06-12 03:08:00,79.7
2025-06-12 09:07:00,69.7
2025-06-12 22:44:00,94.9
2025-06-12 02:15:00,50.0997191011236
2025-06-12 02:10:00,50.0997191011236
2025-06-12 03:40:00,50.0997191011236
2025-06-12 03:49:00,72.9
2025-06-12 06:38:00,51.9
2025-06-12 22:33:00,45.5
2025-06-12 08:56:00,74.6
2025-06-12 11:59:00,72.4
2025-06-12 18:03:00,86.6
2025-06-12 06:03:00,45.7
2025-06-12 15:09:00,6.8
2025-06-12 19:47:00,15.9
2025-06-12 05:37:00,0.4
2025-06-12 02:14:00,90.5
2025-06-12 03:06:00,62.7
2025-06-12 16:09:00,86.8
2025-06-12 02:11:00,33.4
2025-06-12 06:15:00,31.7
2025-06-12 15:44:00,95.9
2025-06-12 10:13:00,65.6
2025-06-12 06:57:00,67.5
2025-06-12 19:14:00,36.0
2025-06-12 23:54:00,12.9
2025-06-12 08:26:00,11.9
2025-06-12 11:22:00,96.0
2025-06-12 12:10:00,49.889081537019685
2025-06-12 03:13:00,57.5
2025-06-12 08:19:00,85.1
2025-06-12 17:19:00,52.4
2025-06-12 19:39:00,88.0
2025-06-12 20:29:00,11.7
2025-06-12 22:33:00,67.4
2025-06-12 13:28:00,49.889081537019685
2025-06-12 05:38:00,38.4
2025-06-12 12:27:00,31.6
2025-06-12 20:32:00,81.9
2025-06-12 07:13:00,63.1
2025-06-12 13:39:00,32.6
2025-06-12 23:05:00,76.3
2025-06-12 03:16:00,49.6
2025-06-12 01:45:00,4.8
2025-06-12 23:57:00,49.889081537019685
2025-06-12 04:51:00,99.6
2025-06-12 02:38:00,48.7
2025-06-12 20:17:00,67.3
2025-06-12 02:34:00,64.8
2025-06-12 23:53:00,60.1
2025-06-12 22:03:00,98.9
2025-06-12 17:08:00,75.2
2025-06-12 02:14:00,79.0
2025-06-12 05:42:00,37.5
2025-06-12 15:14:00,47.2
2025-06-12 06:07:00,49.889081537019685
2025-06-12 10:11:00,35.8
2025-06-12 07:21:00,1.6
2025-06-12 10:31:00,5.8
2025-06-12 17:19:00,49.889081537019685
2025-06-12 00:12:00,20.4
2025-06-12 11:32:00,55.4
2025-06-12 16:32:00,27.0
2025-06-12 14:40:00,21.3
2025-06-12 21:56:00,79.1
2025-06-12 04:13:00,81.7
2025-06-12 01:01:00,5.7
2025-06-12 15:39:00,49.889081537019685
2025-06-12 01:07:00,99.2
2025-06-12 21:11:00,20.6
2025-06-12 02:15:00,4.3
2025-06-12 19:54:00,16.5
2025-06-12 19:16:00,15.3
2025-06-12 00:01:00,49.889081537019685
2025-06-12 04:18:00,49.889081537019685
2025-06-12 12:56:00,45.3
2025-06-12 12:38:00,85.4
2025-06-12 15:13:00,57.9
2025-06-12 08:52:00,11.1
2025-06-12 12:16:00,49.889081537019685
2025-06-12 06:24:00,6.1
2025-06-12 05:45:00,49.889081537019685
2025-06-12 19:30:00,62.1
2025-06-12 05:19:00,79.1
2025-06-12 19:29:00,68.8
2025-06-12 07:09:00,92.1
2025-06-12 01:20:00,15.7
2025-06-12 17:57:00,51.5
2025-06-12 22:16:00,33.2
2025-06-12 08:24:00,5.7
2025-06-12 12:21:00,91.2
2025-06-12 17:54:00,28.6
2025-06-12 23:41:00,98.2
2025-06-12 03:49:00,26.9
2025-06-12 16:30:00,14.0
2025-06-12 03:40:00,2.1
2025-06-12 14:47:00,19.1
2025-06-12 06:15:00,71.1
2025-06-12 21:39:00,31.0
2025-06-12 06:20:00,32.7
2025-06-12 10:09:00,49.889081537019685
2025-06-12 16:47:00,83.1
2025-06-12 00:11:00,16.7
2025-06-12 08:09:00,48.5
2025-06-12 12:34:00,34.2
2025-06-12 15:12:00,32.0
2025-06-12 07:39:00,3.3
2025-06-12 16:27:00,44.0
2025-06-12 20:55:00,92.2
2025-06-12 10:50:00,65.2
2025-06-12 23:58:00,25.7
2025-06-12 09:23:00,49.889081537019685
2025-06-12 17:27:00,22.2
2025-06-12 01:07:00,54.3
2025-06-12 14:18:00,49.889081537019685
2025-06-12 09:53:00,2.2
2025-06-12 15:47:00,21.1
2025-06-12 08:35:00,67.8
2025-06-12 18:04:00,38.5
2025-06-12 18:09:00,98.3
2025-06-12 03:15:00,9.2
2025-06-12 14:06:00,49.889081537019685
2025-06-12 09:32:00,73.3
2025-06-12 11:16:00,49.889081537019685
2025-06-12 18:38:00,92.9
2025-06-12 15:39:00,12.7
2025-06-12 19:50:00,38.3
2025-06-12 07:57:00,1.6
2025-06-12 02:00:00,70.9
2025-06-12 13:57:00,97.0
2025-06-12 19:13:00,76.2
2025-06-12 22:02:00,49.889081537019685
2025-06-12 00:56:00,54.6
2025-06-12 04:36:00,54.6
2025-06-12 07:52:00,15.6
2025-06-12 20:56:00,50.0
2025-06-12 21:47:00,58.3
2025-06-12 06:08:00,12.9
2025-06-12 17:48:00,98.5
2025-06-12 16:59:00,4.3
2025-06-12 04:25:00,41.7
2025-06-12 19:48:00,11.4
2025-06-12 02:16:00,49.889081537019685
2025-06-12 06:06:00,97.0
2025-06-12 17:16:00,48.5
2025-06-12 16:55:00,66.7
2025-06-12 06:08:00,48.6
2025-06-12 06:25:00,49.889081537019685
2025-06-12 06:11:00,73.0
2025-06-12 17:49:00,49.889081537019685
2025-06-12 13:09:00,39.1
2025-06-12 09:17:00,97.6
2025-06-12 10:33:00,8.5
2025-06-12 00:57:00,83.0
2025-06-12 17:46:00,35.7
2025-06-12 21:17:00,93.0
2025-06-12 14:39:00,9.5
2025-06-12 13:50:00,54.5
2025-06-12 22:37:00,76.2
2025-06-12 18:40:00,10.5
2025-06-12 18:15:00,34.8
2025-06-12 12:30:00,90.0
2025-06-12 20:17:00,37.6
2025-06-12 20:47:00,13.1
2025-06-12 08:56:00,19.2
2025-06-12 16:41:00,77.1
2025-06-12 02:11:00,19.9
2025-06-12 01:26:00,94.4
2025-06-12 09:22:00,88.8
2025-06-12 03:09:00,49.889081537019685
2025-06-12 17:04:00,49.889081537019685
2025-06-12 08:32:00,13.9
2025-06-12 16:35:00,66.2
2025-06-12 07:37:00,71.2
2025-06-12 10:14:00,38.3
2025-06-12 20:43:00,8.1
2025-06-12 17:53:00,83.9
2025-06-12 11:23:00,49.889081537019685
2025-06-12 07:55:00,49.889081537019685
2025-06-12 11:47:00,77.3
2025-06-12 07:01:00,8.5
2025-06-12 12:37:00,15.6
2025-06-12 13:28:00,46.7
2025-06-12 14:37:00,41.5
2025-06-12 10:19:00,54.0
2025-06-12 12:42:00,66.3
2025-06-12 16:49:00,35.8
2025-06-12 03:22:00,73.2
2025-06-12 06:38:00,49.889081537019685
2025-06-12 16:05:00,54.9
2025-06-12 13:19:00,18.4
2025-06-12 20:02:00,39.5
2025-06-12 03:16:00,41.5
2025-06-12 03:51:00,7.0
2025-06-12 06:24:00,49.889081537019685
2025-06-12 11:54:00,49.889081537019685
2025-06-12 17:28:00,59.1
2025-06-12 17:09:00,76.7
2025-06-12 15:36:00,78.6
2025-06-12 12:08:00,49.889081537019685
2025-06-12 01:47:00,81.9
2025-06-12 23:54:00,38.7
2025-06-12 03:23:00,1.8
2025-06-12 12:59:00,26.8
2025-06-12 10:32:00,77.4
2025-06-12 18:21:00,6.2
2025-06-12 00:28:00,15.7
2025-06-12 11:05:00,74.5
2025-06-12 06:30:00,3.6
2025-06-12 00:22:00,21.8
2025-06-12 07:59:00,43.0
2025-06-12 00:58:00,58.1
2025-06-12 07:27:00,4.3
2025-06-12 08:43:00,49.889081537019685
2025-06-12 06:27:00,14.6
2025-06-12 15:17:00,49.889081537019685
2025-06-12 00:38:00,62.7
2025-06-12 14:53:00,47.4
2025-06-12 07:42:00,50.1
2025-06-12 15:09:00,49.889081537019685
2025-06-12 00:17:00,70.5
2025-06-12 19:46:00,44.9
2025-06-12 05:31:00,92.2
2025-06-12 19:53:00,16.0
2025-06-12 07:04:00,95.3
2025-06-12 19:38:00,52.1
2025-06-12 19:21:00,98.6
2025-06-12 14:28:00,33.2
2025-06-12 15:55:00,99.3
2025-06-12 00:11:00,49.889081537019685
2025-06-12 22:45:00,28.5
2025-06-12 00:03:00,49.889081537019685
2025-06-12 23:08:00,69.8
2025-06-12 03:03:00,92.5
2025-06-12 00:59:00,21.5
2025-06-12 16:35:00,45.0
2025-06-12 06:37:00,33.4
2025-06-12 07:00:00,48.6
2025-06-12 01:44:00,32.1
2025-06-12 13:37:00,82.3
2025-06-12 04:04:00,49.889081537019685
2025-06-12 04:29:00,49.889081537019685
2025-06-12 05:35:00,58.9
2025-06-12 08:06:00,49.889081537019685
2025-06-12 13:01:00,31.7
2025-06-12 02:27:00,47.5
2025-06-12 06:53:00,79.2
2025-06-12 23:13:00,62.0
2025-06-12 21:11:00,78.2
2025-06-12 01:52:00,72.6
2025-06-12 01:58:00,76.7
2025-06-12 08:49:00,90.5
2025-06-12 07:04:00,91.3
2025-06-12 01:37:00,79.9
2025-06-12 08:31:00,86.9
2025-06-12 15:07:00,69.7
2025-06-12 13:32:00,59.5
2025-06-12 15:45:00,52.5
2025-06-12 08:56:00,85.8
2025-06-12 05:10:00,49.889081537019685
2025-06-12 02:00:00,34.8
2025-06-12 05:09:00,71.8
2025-06-12 12:09:00,57.4
2025-06-12 16:00:00,96.1
2025-06-12 06:36:00,98.3
2025-06-12 07:21:00,82.7
2025-06-12 15:58:00,49.889081537019685
2025-06-12 03:12:00,45.9
2025-06-12 03:39:00,49.889081537019685
2025-06-12 08:20:00,90.4
2025-06-12 08:08:00,70.1
2025-06-12 05:23:00,30.1
2025-06-12 05:08:00,5.5
2025-06-12 19:42:00,95.9
2025-06-12 00:17:00,5.2
2025-06-12 16:26:00,19.2
2025-06-12 07:10:00,41.9
2025-06-12 07:13:00,87.2
2025-06-12 10:24:00,60.2
2025-06-12 13:29:00,31.0
2025-06-12 01:31:00,87.5
2025-06-12 01:50:00,41.6
2025-06-12 08:27:00,12.2
2025-06-12 20:04:00,92.2
2025-06-12 08:09:00,49.889081537019685
2025-06-12 11:28:00,80.4
2025-06-12 01:24:00,9.6
2025-06-12 02:19:00,16.7
2025-06-12 13:04:00,96.3
2025-06-12 20:52:00,79.6
2025-06-12 23:58:00,99.8
2025-06-12 08:19:00,25.3
2025-06-12 00:25:00,1.0
2025-06-12 13:46:00,45.8
2025-06-12 02:38:00,39.1
2025-06-12 00:42:00,50.1
2025-06-12 23:15:00,60.3
2025-06-12 15:14:00,31.0
2025-06-12 01:48:00,63.4
2025-06-12 10:22:00,35.6
2025-06-12 20:32:00,49.889081537019685
2025-06-12 13:19:00,70.2
2025-06-12 20:09:00,79.5
2025-06-12 03:30:00,24.4
2025-06-12 11:02:00,81.6
2025-06-12 04:32:00,15.5
2025-06-12 19:58:00,69.3
2025-06-12 15:08:00,11.7
2025-06-12 07:37:00,68.1
2025-06-12 23:18:00,30.5
2025-06-12 00:09:00,70.2
2025-06-12 08:38:00,12.9
2025-06-12 11:37:00,5.3
2025-06-12 00:21:00,25.8
2025-06-12 21:03:00,82.5
2025-06-12 06:57:00,49.889081537019685
2025-06-12 15:40:00,85.8
2025-06-12 04:31:00,12.1
2025-06-12 14:26:00,92.4
2025-06-12 07:28:00,49.889081537019685
2025-06-12 17:45:00,3.7
2025-06-12 19:27:00,55.3
2025-06-12 14:39:00,25.8
2025-06-12 13:46:00,49.889081537019685
2025-06-12 00:58:00,72.9
2025-06-12 05:01:00,49.889081537019685
2025-06-12 12:35:00,80.1
2025-06-12 19:43:00,28.1
2025-06-12 06:26:00,92.1
2025-06-12 12:00:00,72.1
2025-06-12 06:45:00,49.889081537019685
2025-06-12 09:48:00,83.1
2025-06-12 02:38:00,90.3
2025-06-12 07:40:00,78.4
2025-06-12 15:50:00,61.6
2025-06-12 13:52:00,87.7
2025-06-12 11:08:00,71.9
2025-06-12 04:55:00,96.6
2025-06-12 13:45:00,52.9
2025-06-12 15:56:00,88.0
2025-06-12 18:00:00,49.889081537019685
2025-06-12 17:38:00,81.5
2025-06-12 18:41:00,60.7
2025-06-12 21:41:00,23.0
2025-06-12 22:05:00,49.889081537019685
2025-06-12 16:40:00,28.1
2025-06-12 08:21:00,49.889081537019685
2025-06-12 02:29:00,93.9
2025-06-12 20:09:00,12.1
2025-06-12 09:17:00,47.6
2025-06-12 17:02:00,26.9
2025-06-12 23:06:00,63.9
2025-06-12 01:31:00,12.3
2025-06-12 03:05:00,24.7
2025-06-12 13:36:00,77.6
2025-06-12 18:38:00,76.8
2025-06-12 12:46:00,28.7
2025-06-12 03:43:00,87.6
2025-06-12 01:31:00,75.0
2025-06-12 09:58:00,91.0
2025-06-12 09:58:00,11.0
2025-06-12 08:01:00,73.2
2025-06-12 03:31:00,65.6
2025-06-12 21:37:00,92.4
2025-06-12 17:46:00,48.7
2025-06-12 11:22:00,45.9
2025-06-12 01:35:00,37.5
2025-06-12 09:59:00,12.8
2025-06-12 13:53:00,19.9
2025-06-12 15:18:00,60.0
2025-06-12 08:29:00,88.6
2025-06-12 21:56:00,78.8
2025-06-12 01:44:00,4.3
2025-06-12 22:34:00,19.3
2025-06-12 06:39:00,56.9
2025-06-12 11:59:00,22.2
2025-06-12 02:35:00,50.12778039031272
2025-06-12 23:21:00,12.6
2025-06-12 06:39:00,21.4
2025-06-12 05:08:00,78.9
2025-06-12 20:32:00,23.4
2025-06-12 05:31:00,17.2
2025-06-12 02:50:00,95.7
2025-06-12 19:48:00,33.4
2025-06-12 23:11:00,63.8
2025-06-12 03:59:00,23.7
2025-06-12 07:49:00,89.9
2025-06-12 03:09:00,86.6
2025-06-12 10:40:00,14.2
2025-06-12 17:57:00,50.12778039031272
2025-06-12 13:35:00,57.7
2025-06-12 13:20:00,69.0
2025-06-12 01:03:00,91.7
2025-06-12 01:42:00,61.4
2025-06-12 10:42:00,15.8
2025-06-12 12:25:00,95.0
2025-06-12 23:27:00,2.1
2025-06-12 08:18:00,2.4
2025-06-12 15:21:00,40.6
2025-06-12 11:12:00,50.12778039031272
2025-06-12 17:09:00,42.9
2025-06-12 13:00:00,29.0
2025-06-12 22:50:00,34.8
2025-06-12 12:34:00,90.6
2025-06-12 16:02:00,0.6
2025-06-12 13:37:00,34.9
2025-06-12 18:41:00,58.7
2025-06-12 00:13:00,18.3
2025-06-12 04:04:00,81.3
2025-06-12 13:51:00,50.12778039031272
2025-06-12 23:47:00,50.12778039031272
2025-06-12 14:24:00,91.8
2025-06-12 17:59:00,12.5
2025-06-12 01:01:00,16.9
2025-06-12 03:19:00,21.7
2025-06-12 11:27:00,59.3
2025-06-12 05:59:00,79.2
2025-06-12 07:04:00,97.9
2025-06-12 01:19:00,44.8
2025-06-12 12:58:00,67.7
2025-06-12 20:56:00,50.12778039031272
2025-06-12 07:49:00,78.6
2025-06-12 05:12:00,94.8
2025-06-12 19:28:00,3.2
2025-06-12 12:38:00,70.8
2025-06-12 10:33:00,77.0
2025-06-12 20:59:00,69.7
2025-06-12 13:11:00,19.9
2025-06-12 13:29:00,62.8
2025-06-12 04:44:00,39.4
2025-06-12 16:12:00,50.12778039031272
2025-06-12 22:15:00,50.12778039031272
2025-06-12 21:44:00,59.5
2025-06-12 10:53:00,70.4
2025-06-12 05:48:00,26.9
2025-06-12 15:03:00,40.6
2025-06-12 05:09:00,68.2
2025-06-12 22:43:00,49.8
2025-06-12 22:13:00,64.7
2025-06-12 17:07:00,83.8
2025-06-12 09:39:00,13.6
2025-06-12 04:55:00,55.8
2025-06-12 00:24:00,28.5
2025-06-12 12:40:00,38.2
2025-06-12 15:48:00,45.1
2025-06-12 02:47:00,80.3
2025-06-12 21:32:00,62.5
2025-06-12 12:34:00,77.9
2025-06-12 03:10:00,29.9
2025-06-12 08:52:00,50.12778039031272
2025-06-12 21:21:00,40.3
2025-06-12 14:51:00,91.9
2025-06-12 20:59:00,50.12778039031272
2025-06-12 04:55:00,21.1
2025-06-12 18:23:00,72.8
2025-06-12 21:06:00,19.7
2025-06-12 01:17:00,1.3
2025-06-12 13:20:00,27.1
2025-06-12 23:36:00,50.12778039031272
2025-06-12 01:35:00,7.0
2025-06-12 09:20:00,50.12778039031272
2025-06-12 10:47:00,50.12778039031272
2025-06-12 18:48:00,50.12778039031272
2025-06-12 19:03:00,19.4
2025-06-12 00:36:00,20.2
2025-06-12 16:06:00,50.12778039031272
2025-06-12 01:52:00,77.8
2025-06-12 10:21:00,26.5
2025-06-12 16:02:00,80.3
2025-06-12 21:18:00,86.2
2025-06-12 23:19:00,6.9
2025-06-12 19:50:00,48.7
2025-06-12 19:42:00,16.8
2025-06-12 13:28:00,52.8
2025-06-12 06:12:00,17.0
2025-06-12 00:37:00,50.12778039031272
2025-06-12 10:56:00,81.5
2025-06-12 17:16:00,22.8
2025-06-12 16:57:00,47.3
2025-06-12 09:17:00,40.7
2025-06-12 14:05:00,55.3
2025-06-12 14:33:00,99.8
2025-06-12 23:48:00,92.1
2025-06-12 21:20:00,22.0
2025-06-12 11:08:00,53.7
2025-06-12 20:12:00,78.1
2025-06-12 04:17:00,62.8
2025-06-12 06:02:00,20.1
2025-06-12 08:16:00,65.8
2025-06-12 06:17:00,61.7
2025-06-12 02:20:00,20.0
2025-06-12 12:46:00,66.4
2025-06-12 18:04:00,53.8
2025-06-12 23:58:00,62.8
2025-06-12 10:44:00,58.6
2025-06-12 00:42:00,50.12778039031272
2025-06-12 10:59:00,7.8
2025-06-12 15:25:00,10.5
2025-06-12 09:21:00,51.1
2025-06-12 12:33:00,64.3
2025-06-12 16:23:00,57.7
2025-06-12 23:50:00,88.1
2025-06-12 10:49:00,93.7
2025-06-12 10:51:00,3.3
2025-06-12 06:14:00,36.7
2025-06-12 11:58:00,35.2
2025-06-12 06:56:00,65.1
2025-06-12 22:42:00,64.7
2025-06-12 01:16:00,1.2
2025-06-12 10:09:00,78.4
2025-06-12 03:11:00,89.0
2025-06-12 14:23:00,58.5
2025-06-12 21:13:00,45.5
2025-06-12 05:15:00,23.2
2025-06-12 08:48:00,26.3
2025-06-12 13:37:00,54.2
2025-06-12 21:35:00,72.7
2025-06-12 13:37:00,1.0
2025-06-12 18:43:00,50.12778039031272
2025-06-12 16:40:00,21.4
2025-06-12 20:17:00,92.0
2025-06-12 08:52:00,42.6
2025-06-12 03:29:00,40.7
2025-06-12 20:59:00,1.9
2025-06-12 15:24:00,33.8
2025-06-12 08:16:00,27.5
2025-06-12 15:22:00,35.4
2025-06-12 16:47:00,33.1
2025-06-12 17:37:00,74.0
2025-06-12 03:31:00,16.6
2025-06-12 11:07:00,90.8
2025-06-12 04:47:00,61.1
2025-06-12 08:03:00,45.2
2025-06-12 01:52:00,32.3
2025-06-12 09:18:00,26.6
2025-06-12 20:13:00,33.0
2025-06-12 22:12:00,56.5
2025-06-12 14:25:00,45.6
2025-06-12 13:10:00,69.6
2025-06-12 14:34:00,14.3
2025-06-12 21:46:00,44.3
2025-06-12 06:51:00,50.12778039031272
2025-06-12 07:32:00,37.0
2025-06-12 06:53:00,34.3
2025-06-12 01:05:00,98.6
2025-06-12 11:49:00,90.9
2025-06-12 20:06:00,12.7
2025-06-12 16:26:00,58.7
2025-06-12 01:44:00,31.7
2025-06-12 00:19:00,50.12778039031272
2025-06-12 10:12:00,54.4
2025-06-12 17:57:00,77.3
2025-06-12 21:56:00,24.3
2025-06-12 04:24:00,50.12778039031272
2025-06-12 10:06:00,31.1
2025-06-12 21:01:00,37.8
2025-06-12 16:03:00,50.4
2025-06-12 01:01:00,82.2
2025-06-12 17:01:00,68.4
2025-06-12 04:17:00,11.8
2025-06-12 15:00:00,95.1
2025-06-12 16:12:00,35.4
2025-06-12 07:38:00,50.12778039031272
2025-06-12 01:38:00,84.7
2025-06-12 14:18:00,50.12778039031272
2025-06-12 00:44:00,56.7
2025-06-12 20:50:00,27.3
2025-06-12 16:11:00,28.9
2025-06-12 21:19:00,54.7
2025-06-12 05:25:00,50.12778039031272
2025-06-12 22:55:00,21.9
2025-06-12 22:23:00,95.8
2025-06-12 13:20:00,19.3
2025-06-12 14:28:00,38.0
2025-06-12 19:11:00,75.0
2025-06-12 03:38:00,50.12778039031272
2025-06-12 04:46:00,44.4
2025-06-12 12:48:00,62.7
2025-06-12 04:57:00,0.4
2025-06-12 11:13:00,48.6
2025-06-12 16:35:00,69.3
2025-06-12 17:37:00,22.8
2025-06-12 16:25:00,76.0
2025-06-12 02:59:00,87.1
2025-06-12 04:39:00,95.7
2025-06-12 16:02:00,68.4
2025-06-12 01:19:00,13.6
2025-06-12 05:37:00,50.12778039031272
2025-06-12 08:16:00,9.1
2025-06-12 23:31:00,50.12778039031272
2025-06-12 06:45:00,80.7
2025-06-12 00:45:00,50.12778039031272
2025-06-12 02:10:00,73.0
2025-06-12 06:50:00,27.1
2025-06-12 19:44:00,50.12778039031272
2025-06-12 00:42:00,33.9
2025-06-12 04:17:00,53.5
2025-06-12 02:03:00,39.8
2025-06-12 08:50:00,50.12778039031272
2025-06-12 02:12:00,54.8
2025-06-12 17:26:00,99.4
2025-06-12 02:59:00,23.2
2025-06-12 16:47:00,83.4
2025-06-12 22:06:00,73.7
2025-06-12 08:18:00,98.8
2025-06-12 02:55:00,50.12778039031272
2025-06-12 22:28:00,50.12778039031272
2025-06-12 03:56:00,1.7
2025-06-12 04:41:00,3.4
2025-06-12 17:04:00,28.7
2025-06-12 04:53:00,50.12778039031272
2025-06-12 10:21:00,27.6
2025-06-12 12:47:00,89.9
2025-06-12 08:33:00,40.3
2025-06-12 09:16:00,65.9
2025-06-12 22:08:00,50.7
2025-06-12 06:37:00,57.5
2025-06-12 12:12:00,11.0
2025-06-12 10:41:00,26.0
2025-06-12 09:15:00,50.12778039031272
2025-06-12 06:30:00,50.12778039031272
2025-06-12 11:00:00,75.5
2025-06-12 07:54:00,9.0
2025-06-12 11:15:00,13.6
2025-06-12 18:25:00,50.12778039031272
2025-06-12 13:54:00,51.1
2025-06-12 01:01:00,14.2
2025-06-12 13:46:00,66.5
2025-06-12 19:57:00,94.9
2025-06-12 00:24:00,48.7
2025-06-12 14:41:00,19.3
2025-06-12 08:06:00,23.0
2025-06-12 08:41:00,58.6
2025-06-12 20:23:00,32.4
2025-06-12 10:37:00,28.9
2025-06-12 21:40:00,88.8
2025-06-12 10:35:00,50.12778039031272
2025-06-12 08:06:00,23.6
2025-06-12 08:53:00,35.4
2025-06-12 04:25:00,53.8
2025-06-12 23:35:00,92.7
2025-06-12 06:43:00,50.12778039031272
2025-06-12 00:03:00,67.5
2025-06-12 23:32:00,97.9
2025-06-12 21:26:00,2.4
2025-06-12 03:04:00,50.12778039031272
2025-06-12 07:51:00,15.8
2025-06-12 07:42:00,17.9
2025-06-12 23:13:00,50.12778039031272
2025-06-12 03:15:00,76.4
2025-06-12 11:06:00,30.7
2025-06-12 23:35:00,6.3
2025-06-12 04:12:00,59.9
2025-06-12 16:50:00,79.0
2025-06-12 23:12:00,50.12778039031272
2025-06-12 18:04:00,56.3
2025-06-12 19:32:00,71.2
2025-06-12 18:21:00,47.0
2025-06-12 04:26:00,10.9
2025-06-12 01:09:00,80.8
2025-06-12 23:38:00,69.7
2025-06-12 14:51:00,79.4
2025-06-12 18:43:00,95.7
2025-06-12 06:19:00,72.7
2025-06-12 14:56:00,60.2
2025-06-12 16:47:00,46.4
2025-06-12 11:02:00,30.8
2025-06-12 09:18:00,62.9
2025-06-12 23:02:00,31.6
2025-06-12 19:23:00,38.8
2025-06-12 14:14:00,50.12778039031272
2025-06-12 17:35:00,50.12778039031272
2025-06-12 06:25:00,2.7
2025-06-12 23:09:00,50.12778039031272
2025-06-12 19:57:00,50.12778039031272
2025-06-12 17:44:00,78.3
2025-06-12 17:36:00,50.12778039031272
2025-06-12 07:25:00,73.1
2025-06-12 14:23:00,14.7
2025-06-12 22:16:00,20.3
2025-06-12 14:12:00,62.9
2025-06-12 21:17:00,42.8
2025-06-12 03:31:00,84.6
2025-06-12 16:30:00,51.5
2025-06-12 15:13:00,50.12778039031272
2025-06-12 01:13:00,17.8
2025-06-12 14:32:00,50.12778039031272
2025-06-12 01:04:00,75.9
2025-06-12 11:27:00,32.4
2025-06-12 07:52:00,87.6
2025-06-12 19:37:00,89.9
2025-06-12 18:39:00,12.6
2025-06-12 23:43:00,52.5
2025-06-12 20:57:00,50.12778039031272
2025-06-12 19:38:00,95.9
2025-06-12 00:47:00,95.3
2025-06-12 17:03:00,4.5
2025-06-12 13:07:00,61.4
2025-06-12 09:34:00,40.8
2025-06-12 10:49:00,23.9
2025-06-12 20:08:00,88.6
2025-06-12 01:07:00,98.6
2025-06-12 22:34:00,95.4
2025-06-12 00:24:00,79.3
2025-06-12 14:45:00,49.8
2025-06-12 06:54:00,20.1
2025-06-12 04:58:00,50.1655304792927
2025-06-12 06:39:00,76.1
2025-06-12 20:22:00,59.4
2025-06-12 14:40:00,50.1655304792927
2025-06-12 15:07:00,89.7
2025-06-12 15:40:00,97.7
2025-06-12 21:25:00,38.1
2025-06-12 22:31:00,28.4
2025-06-12 00:47:00,84.8
2025-06-12 02:55:00,48.2
2025-06-12 15:01:00,50.1655304792927
2025-06-12 18:56:00,42.7
2025-06-12 03:08:00,63.3
2025-06-12 03:36:00,70.7
2025-06-12 07:55:00,59.4
2025-06-12 14:53:00,61.0
2025-06-12 23:00:00,53.8
2025-06-12 23:01:00,62.5
2025-06-12 11:57:00,10.3
2025-06-12 18:36:00,47.6
2025-06-12 03:44:00,74.4
2025-06-12 17:17:00,54.0
2025-06-12 01:55:00,25.8
2025-06-12 21:08:00,41.6
2025-06-12 17:35:00,45.5
2025-06-12 20:48:00,74.9
2025-06-12 14:15:00,45.4
2025-06-12 23:16:00,51.6
2025-06-12 23:39:00,26.0
2025-06-12 20:57:00,35.2
2025-06-12 20:56:00,10.4
2025-06-12 02:35:00,20.5
2025-06-12 04:03:00,50.1655304792927
2025-06-12 15:40:00,89.8
2025-06-12 21:32:00,36.5
2025-06-12 11:20:00,12.8
2025-06-12 05:04:00,50.1655304792927
2025-06-12 21:33:00,48.7
2025-06-12 17:37:00,56.9
2025-06-12 05:11:00,6.1
2025-06-12 22:50:00,50.1655304792927
2025-06-12 08:57:00,40.0
2025-06-12 03:27:00,20.7
2025-06-12 19:15:00,79.0
2025-06-12 02:43:00,75.1
2025-06-12 10:35:00,99.8
2025-06-12 03:54:00,29.9
2025-06-12 18:54:00,41.0
2025-06-12 17:05:00,50.1655304792927
2025-06-12 10:26:00,14.7
2025-06-12 00:01:00,12.2
2025-06-12 09:41:00,7.3
2025-06-12 07:50:00,17.4
2025-06-12 02:18:00,94.1
2025-06-12 13:38:00,27.3
2025-06-12 23:34:00,65.8
2025-06-12 06:12:00,30.8
2025-06-12 09:49:00,50.1655304792927
2025-06-12 04:53:00,62.7
2025-06-12 02:36:00,17.0
2025-06-12 13:14:00,91.9
2025-06-12 04:35:00,56.5
2025-06-12 05:08:00,78.8
2025-06-12 12:54:00,48.5
2025-06-12 18:29:00,95.2
2025-06-12 14:13:00,91.4
2025-06-12 22:47:00,37.3
2025-06-12 23:17:00,15.0
2025-06-12 21:34:00,50.1655304792927
2025-06-12 17:33:00,74.4
2025-06-12 10:26:00,87.0
2025-06-12 08:29:00,19.7
2025-06-12 03:41:00,46.5
2025-06-12 04:03:00,84.5
2025-06-12 21:46:00,55.6
2025-06-12 17:47:00,72.5
2025-06-12 20:58:00,7.0
2025-06-12 19:10:00,47.1
2025-06-12 22:05:00,63.5
2025-06-12 22:06:00,26.4
2025-06-12 00:52:00,16.5
2025-06-12 01:48:00,50.1655304792927
2025-06-12 00:18:00,2.3
2025-06-12 00:36:00,61.2
2025-06-12 12:48:00,98.8
2025-06-12 03:31:00,89.5
2025-06-12 23:33:00,85.6
2025-06-12 03:48:00,4.3
2025-06-12 18:39:00,60.0
2025-06-12 14:55:00,74.2
2025-06-12 04:47:00,10.5
2025-06-12 11:38:00,24.9
2025-06-12 04:43:00,94.5
2025-06-12 20:29:00,50.1655304792927
2025-06-12 21:51:00,54.7
2025-06-12 17:37:00,31.9
2025-06-12 13:09:00,70.8
2025-06-12 16:36:00,44.7
2025-06-12 23:35:00,41.5
2025-06-12 05:21:00,27.7
2025-06-12 01:29:00,75.9
2025-06-12 14:08:00,2.2
2025-06-12 21:44:00,32.1
2025-06-12 07:13:00,81.0
2025-06-12 05:54:00,89.5
2025-06-12 03:33:00,82.4
2025-06-12 18:59:00,78.1
2025-06-12 03:43:00,68.0
2025-06-12 03:32:00,66.9
2025-06-12 20:32:00,22.6
2025-06-12 00:25:00,40.8
2025-06-12 10:00:00,14.5
2025-06-12 19:55:00,36.4
2025-06-12 14:53:00,36.2
2025-06-12 04:55:00,61.8
2025-06-12 17:21:00,48.7
2025-06-12 14:52:00,23.0
2025-06-12 11:54:00,1.2
2025-06-12 19:31:00,32.9
2025-06-12 08:56:00,42.8
2025-06-12 23:30:00,36.1
2025-06-12 16:22:00,32.7
2025-06-12 00:29:00,96.5
2025-06-12 05:50:00,57.2
2025-06-12 21:05:00,98.7
2025-06-12 15:49:00,5.9
2025-06-12 05:18:00,57.1
2025-06-12 01:55:00,11.8
2025-06-12 21:32:00,45.8
2025-06-12 16:31:00,29.8
2025-06-12 06:54:00,17.3
2025-06-12 03:49:00,44.0
2025-06-12 00:18:00,73.9
2025-06-12 12:38:00,24.7
2025-06-12 13:59:00,34.0
2025-06-12 19:09:00,8.0
2025-06-12 03:33:00,31.3
2025-06-12 01:25:00,87.5
2025-06-12 01:56:00,30.9
2025-06-12 15:54:00,43.0
2025-06-12 18:29:00,18.4
2025-06-12 00:00:00,58.9
2025-06-12 21:01:00,91.3
2025-06-12 14:13:00,74.8
2025-06-12 00:52:00,51.1
2025-06-12 22:46:00,26.3
2025-06-12 03:12:00,63.2
2025-06-12 10:32:00,63.1
2025-06-12 07:37:00,13.9
2025-06-12 19:36:00,93.6
2025-06-12 02:33:00,63.8
2025-06-12 06:24:00,0.5
2025-06-12 11:07:00,55.1
2025-06-12 04:31:00,72.5
2025-06-12 19:27:00,95.7
2025-06-12 22:25:00,96.1
2025-06-12 01:21:00,26.8
2025-06-12 15:43:00,94.5
2025-06-12 13:41:00,43.7
2025-06-12 14:28:00,49.1
2025-06-12 18:56:00,45.4
2025-06-12 03:34:00,97.0
2025-06-12 12:55:00,71.1
2025-06-12 23:17:00,65.8
2025-06-12 15:37:00,49.5
2025-06-12 04:14:00,88.6
2025-06-12 06:40:00,2.7
2025-06-12 00:40:00,77.4
2025-06-12 10:16:00,61.6
2025-06-12 09:06:00,77.9
2025-06-12 23:09:00,50.1655304792927
2025-06-12 01:43:00,68.1
2025-06-12 23:34:00,71.1
2025-06-12 15:47:00,99.1
2025-06-12 04:47:00,52.0
2025-06-12 06:33:00,53.9
2025-06-12 19:27:00,73.1
2025-06-12 09:56:00,20.5
2025-06-12 11:35:00,64.1
2025-06-12 19:56:00,50.1655304792927
2025-06-12 14:35:00,35.7
2025-06-12 19:11:00,6.2
2025-06-12 08:53:00,50.1655304792927
2025-06-12 19:50:00,9.2
2025-06-12 02:45:00,9.0
2025-06-12 05:52:00,1.1
2025-06-12 06:29:00,68.3
2025-06-12 01:41:00,63.1
2025-06-12 04:04:00,86.8
2025-06-12 01:16:00,88.8
2025-06-12 13:46:00,8.9
2025-06-12 15:21:00,77.6
2025-06-12 07:24:00,25.3
2025-06-12 10:54:00,50.1655304792927
2025-06-12 05:41:00,54.8
2025-06-12 06:14:00,95.6
2025-06-12 23:56:00,54.2
2025-06-12 03:10:00,50.2
2025-06-12 17:56:00,63.1
2025-06-12 17:36:00,27.5
2025-06-12 18:52:00,50.1655304792927
2025-06-12 03:14:00,50.1655304792927
2025-06-12 15:59:00,50.1655304792927
2025-06-12 02:40:00,64.4
2025-06-12 21:12:00,17.3
2025-06-12 05:21:00,69.0
2025-06-12 16:40:00,58.9
2025-06-12 23:43:00,51.8
2025-06-12 07:05:00,60.8
2025-06-12 00:16:00,40.4
2025-06-12 19:05:00,94.5
2025-06-12 01:26:00,3.2
2025-06-12 00:55:00,9.3
2025-06-12 14:42:00,7.4
2025-06-12 20:40:00,23.6
2025-06-12 08:20:00,2.2
2025-06-12 00:05:00,53.8
2025-06-12 08:25:00,90.6
2025-06-12 11:20:00,31.1
2025-06-12 17:28:00,92.0
2025-06-12 03:35:00,74.5
2025-06-12 02:57:00,54.4
2025-06-12 04:56:00,64.7
2025-06-12 05:06:00,50.1655304792927
2025-06-12 19:43:00,50.1655304792927
2025-06-12 01:33:00,12.3
2025-06-12 20:16:00,72.1
2025-06-12 06:18:00,53.4
2025-06-12 01:27:00,50.1655304792927
2025-06-12 03:08:00,90.2
2025-06-12 14:07:00,26.4
2025-06-12 08:34:00,54.0
2025-06-12 20:48:00,80.2
2025-06-12 14:53:00,90.2
2025-06-12 19:22:00,15.8
2025-06-12 12:59:00,50.1655304792927
2025-06-12 03:57:00,29.9
2025-06-12 15:23:00,40.9
2025-06-12 15:08:00,14.6
2025-06-12 01:12:00,56.4
2025-06-12 17:23:00,38.3
2025-06-12 05:50:00,62.1
2025-06-12 00:25:00,78.2
2025-06-12 08:15:00,54.6
2025-06-12 02:51:00,27.0
2025-06-12 17:45:00,38.3
2025-06-12 18:52:00,79.4
2025-06-12 18:44:00,43.6
2025-06-12 04:10:00,37.3
2025-06-12 19:59:00,61.5
2025-06-12 13:52:00,73.7
2025-06-12 02:28:00,49.4
2025-06-12 19:51:00,36.8
2025-06-12 00:43:00,25.3
2025-06-12 07:22:00,87.8
2025-06-12 20:03:00,53.5
2025-06-12 12:40:00,14.6
2025-06-12 11:38:00,38.0
2025-06-12 10:06:00,50.1655304792927
2025-06-12 20:49:00,54.8
2025-06-12 18:02:00,3.6
2025-06-12 15:06:00,50.1655304792927
2025-06-12 16:01:00,35.6
2025-06-12 22:54:00,22.4
2025-06-12 14:18:00,71.6
2025-06-12 16:11:00,50.1655304792927
2025-06-12 20:25:00,86.0
2025-06-12 01:32:00,11.5
2025-06-12 03:38:00,10.2
2025-06-12 21:09:00,94.4
2025-06-12 05:43:00,88.3
2025-06-12 01:50:00,94.0
2025-06-12 18:49:00,50.1655304792927
2025-06-12 03:42:00,73.0
2025-06-12 03:25:00,46.0
2025-06-12 00:41:00,13.4
2025-06-12 00:30:00,19.4
2025-06-12 02:30:00,79.4
2025-06-12 17:30:00,89.9
2025-06-12 10:30:00,21.5
2025-06-12 03:24:00,59.7
2025-06-12 23:47:00,50.1655304792927
2025-06-12 19:56:00,38.1
2025-06-12 18:41:00,94.7
2025-06-12 22:19:00,50.1655304792927
2025-06-12 10:49:00,51.1
2025-06-12 03:55:00,50.1655304792927
2025-06-12 23:40:00,56.4
2025-06-12 20:48:00,30.4
2025-06-12 04:49:00,50.1655304792927
2025-06-12 03:39:00,50.1655304792927
2025-06-12 15:37:00,50.1655304792927
2025-06-12 13:14:00,40.1
2025-06-12 06:28:00,83.6
2025-06-12 20:04:00,75.2
2025-06-12 19:14:00,42.9
2025-06-12 13:52:00,34.8
2025-06-12 12:23:00,54.2
2025-06-12 19:21:00,35.9
2025-06-12 02:06:00,88.3
2025-06-12 06:56:00,25.3
2025-06-12 15:28:00,78.8
2025-06-12 23:14:00,64.7
2025-06-12 04:14:00,50.1655304792927
2025-06-12 06:04:00,69.9
2025-06-12 01:59:00,43.8
2025-06-12 00:03:00,19.5
2025-06-12 23:18:00,82.9
2025-06-12 23:07:00,94.2
2025-06-12 13:14:00,6.6
2025-06-12 23:31:00,75.9
2025-06-12 21:39:00,40.1
2025-06-12 07:37:00,1.9
2025-06-12 14:12:00,68.3
2025-06-12 07:43:00,37.5
2025-06-12 02:04:00,50.2
2025-06-12 21:01:00,92.3
2025-06-12 16:49:00,15.1
2025-06-12 22:58:00,67.9
2025-06-12 13:46:00,55.5
2025-06-12 03:25:00,50.1655304792927
2025-06-12 11:53:00,97.2
2025-06-12 03:29:00,32.9
2025-06-12 15:33:00,67.5
2025-06-12 13:42:00,44.6
2025-06-12 17:01:00,50.1655304792927
2025-06-12 12:42:00,50.0
2025-06-12 02:49:00,84.2
2025-06-12 11:53:00,39.8
2025-06-12 19:01:00,55.2
2025-06-12 09:34:00,13.9
2025-06-12 21:57:00,13.0
2025-06-12 04:19:00,85.3
2025-06-12 02:57:00,68.2
2025-06-12 17:31:00,50.16485882352941
2025-06-12 18:36:00,50.16485882352941
2025-06-12 20:34:00,90.4
2025-06-12 01:38:00,57.6
2025-06-12 05:58:00,59.2
2025-06-12 17:59:00,50.16485882352941
2025-06-12 11:47:00,50.16485882352941
2025-06-12 17:08:00,50.16485882352941
2025-06-12 22:39:00,98.1
2025-06-12 15:03:00,6.4
2025-06-12 10:36:00,54.5
2025-06-12 14:41:00,67.3
2025-06-12 00:19:00,99.8
2025-06-12 23:50:00,82.5
2025-06-12 16:58:00,50.16485882352941
2025-06-12 17:30:00,50.16485882352941
2025-06-12 17:33:00,50.16485882352941
2025-06-12 19:51:00,19.6
2025-06-12 10:39:00,38.0
2025-06-12 18:55:00,3.3
2025-06-12 04:10:00,53.3
2025-06-12 03:03:00,28.9
2025-06-12 03:42:00,50.16485882352941
2025-06-12 05:35:00,78.0
2025-06-12 01:40:00,43.4
2025-06-12 19:15:00,74.8
2025-06-12 00:51:00,44.6
2025-06-12 00:49:00,15.7
2025-06-12 09:06:00,63.0
2025-06-12 07:57:00,67.0
2025-06-12 19:07:00,48.0
2025-06-12 00:42:00,99.1
2025-06-12 06:53:00,13.1
2025-06-12 00:52:00,7.9
2025-06-12 04:09:00,59.1
2025-06-12 11:07:00,25.1
2025-06-12 13:18:00,32.7
2025-06-12 10:27:00,3.0
2025-06-12 13:02:00,65.2
2025-06-12 00:09:00,45.9
2025-06-12 02:10:00,74.5
2025-06-12 20:46:00,45.9
2025-06-12 09:07:00,90.2
2025-06-12 21:26:00,35.2
2025-06-12 06:20:00,39.6
2025-06-12 08:43:00,67.5
2025-06-12 14:14:00,70.9
2025-06-12 00:10:00,13.0
2025-06-12 16:11:00,81.9
2025-06-12 03:11:00,48.6
2025-06-12 03:34:00,68.0
2025-06-12 08:21:00,5.9
2025-06-12 21:06:00,79.7
2025-06-12 12:58:00,50.9
2025-06-12 00:10:00,27.0
2025-06-12 12:36:00,50.16485882352941
2025-06-12 07:49:00,41.3
2025-06-12 03:04:00,59.8
2025-06-12 00:58:00,98.5
2025-06-12 16:34:00,63.3
2025-06-12 02:03:00,0.3
2025-06-12 14:09:00,16.7
2025-06-12 03:45:00,19.7
2025-06-12 22:51:00,22.6
2025-06-12 06:10:00,72.0
2025-06-12 15:31:00,29.2
2025-06-12 06:04:00,77.6
2025-06-12 05:28:00,95.1
2025-06-12 09:37:00,26.7
2025-06-12 22:36:00,50.16485882352941
2025-06-12 01:57:00,18.4
2025-06-12 06:20:00,98.9
2025-06-12 22:41:00,50.16485882352941
2025-06-12 01:32:00,85.4
2025-06-12 05:00:00,50.16485882352941
2025-06-12 11:32:00,98.1
2025-06-12 16:15:00,67.7
2025-06-12 01:28:00,86.6
2025-06-12 01:37:00,52.5
2025-06-12 07:40:00,50.1
2025-06-12 04:11:00,2.8
2025-06-12 18:45:00,46.5
2025-06-12 23:21:00,87.8
2025-06-12 20:26:00,24.9
2025-06-12 22:53:00,17.7
2025-06-12 03:23:00,67.4
2025-06-12 10:08:00,54.7
2025-06-12 06:26:00,50.16485882352941
2025-06-12 12:12:00,16.9
2025-06-12 16:11:00,50.16485882352941
2025-06-12 21:45:00,5.3
2025-06-12 03:28:00,84.0
2025-06-12 19:56:00,39.2
2025-06-12 12:26:00,85.8
2025-06-12 07:41:00,38.7
2025-06-12 01:03:00,62.5
2025-06-12 03:37:00,39.7
2025-06-12 20:24:00,50.16485882352941
2025-06-12 04:18:00,70.4
2025-06-12 02:06:00,35.1
2025-06-12 16:40:00,50.16485882352941
2025-06-12 00:25:00,34.4
2025-06-12 07:46:00,17.4
2025-06-12 02:57:00,50.16485882352941
2025-06-12 00:25:00,31.9
2025-06-12 19:09:00,30.8
2025-06-12 09:42:00,65.7
2025-06-12 05:41:00,64.8
2025-06-12 21:48:00,92.8
2025-06-12 23:15:00,17.2
2025-06-12 04:37:00,33.6
2025-06-12 11:02:00,40.7
2025-06-12 07:31:00,90.9
2025-06-12 15:35:00,46.2
2025-06-12 01:00:00,72.6
2025-06-12 23:01:00,65.6
2025-06-12 00:38:00,92.5
2025-06-12 11:17:00,56.7
2025-06-12 06:30:00,53.4
2025-06-12 06:05:00,5.5
2025-06-12 00:15:00,50.16485882352941
2025-06-12 05:57:00,50.16485882352941
2025-06-12 21:34:00,98.1
2025-06-12 17:37:00,66.2
2025-06-12 23:59:00,6.9
2025-06-12 08:38:00,53.2
2025-06-12 07:00:00,44.7
2025-06-12 04:28:00,24.4
2025-06-12 06:08:00,66.9
2025-06-12 12:33:00,87.3
2025-06-12 20:13:00,22.9
2025-06-12 23:38:00,50.16485882352941
2025-06-12 14:47:00,98.1
2025-06-12 20:14:00,96.8
2025-06-12 00:54:00,78.0
2025-06-12 15:34:00,76.8
2025-06-12 00:18:00,20.1
2025-06-12 01:15:00,18.6
2025-06-12 00:16:00,23.4
2025-06-12 19:28:00,3.9
2025-06-12 06:02:00,68.0
2025-06-12 06:27:00,50.16485882352941
2025-06-12 16:49:00,50.16485882352941
2025-06-12 06:25:00,63.3
2025-06-12 18:11:00,50.16485882352941
2025-06-12 02:49:00,29.6
2025-06-12 00:25:00,28.6
2025-06-12 02:46:00,9.5
2025-06-12 16:06:00,40.8
2025-06-12 01:22:00,74.8
2025-06-12 09:39:00,97.7
2025-06-12 18:31:00,50.16485882352941
2025-06-12 08:17:00,50.16485882352941
2025-06-12 00:36:00,49.9
2025-06-12 10:18:00,69.9
2025-06-12 17:32:00,29.0
2025-06-12 06:46:00,21.0
2025-06-12 06:43:00,50.16485882352941
2025-06-12 01:10:00,20.0
2025-06-12 01:40:00,98.0
2025-06-12 06:12:00,14.2
2025-06-12 05:56:00,50.16485882352941
2025-06-12 09:07:00,67.0
2025-06-12 21:42:00,78.6
2025-06-12 01:15:00,15.3
2025-06-12 15:29:00,28.0
2025-06-12 15:50:00,59.3
2025-06-12 08:29:00,50.6
2025-06-12 23:40:00,43.6
2025-06-12 21:46:00,61.4
2025-06-12 20:57:00,69.4
2025-06-12 14:26:00,8.6
2025-06-12 21:49:00,9.9
2025-06-12 20:02:00,68.5
2025-06-12 17:46:00,72.9
2025-06-12 00:23:00,58.5
2025-06-12 03:17:00,50.16485882352941
2025-06-12 10:53:00,40.0
2025-06-12 08:38:00,54.7
2025-06-12 05:36:00,35.9
2025-06-12 09:15:00,95.6
2025-06-12 23:18:00,49.5
2025-06-12 02:34:00,50.8
2025-06-12 07:01:00,22.4
2025-06-12 02:32:00,30.3
2025-06-12 12:50:00,9.5
2025-06-12 08:27:00,99.5
2025-06-12 23:01:00,8.6
2025-06-12 04:13:00,33.3
2025-06-12 16:19:00,88.5
2025-06-12 18:26:00,70.9
2025-06-12 11:48:00,50.16485882352941
2025-06-12 22:43:00,77.8
2025-06-12 03:54:00,45.7
2025-06-12 08:23:00,66.5
2025-06-12 16:57:00,31.4
2025-06-12 19:09:00,60.4
2025-06-12 10:27:00,95.0
2025-06-12 21:35:00,46.0
2025-06-12 00:01:00,84.9
2025-06-12 03:28:00,94.3
2025-06-12 12:59:00,50.16485882352941
2025-06-12 00:12:00,35.7
2025-06-12 19:30:00,45.8
2025-06-12 15:30:00,52.6
2025-06-12 08:35:00,66.0
2025-06-12 08:50:00,50.16485882352941
2025-06-12 07:23:00,87.7
2025-06-12 19:55:00,14.5
2025-06-12 16:07:00,50.16485882352941
2025-06-12 23:36:00,66.9
2025-06-12 16:28:00,88.8
2025-06-12 04:44:00,67.3
2025-06-12 08:10:00,50.16485882352941
2025-06-12 19:55:00,65.2
2025-06-12 11:46:00,70.1
2025-06-12 07:03:00,39.3
2025-06-12 07:14:00,50.16485882352941
2025-06-12 06:34:00,46.8
2025-06-12 23:47:00,91.9
2025-06-12 10:46:00,65.3
2025-06-12 18:53:00,27.1
2025-06-12 00:31:00,7.0
2025-06-12 22:29:00,32.6
2025-06-12 23:24:00,46.0
2025-06-12 22:07:00,15.7
2025-06-12 10:10:00,50.16485882352941
2025-06-12 18:23:00,38.9
2025-06-12 13:56:00,88.8
2025-06-12 03:15:00,19.3
2025-06-12 07:41:00,67.4
2025-06-12 17:35:00,8.6
2025-06-12 09:29:00,34.0
2025-06-12 10:43:00,49.8
2025-06-12 07:02:00,50.16485882352941
2025-06-12 12:51:00,88.0
2025-06-12 19:59:00,22.8
2025-06-12 05:51:00,82.1
2025-06-12 19:11:00,99.9
2025-06-12 18:04:00,76.1
2025-06-12 21:04:00,80.8
2025-06-12 22:24:00,15.1
2025-06-12 17:51:00,44.5
2025-06-12 11:48:00,73.4
2025-06-12 23:03:00,15.2
2025-06-12 01:24:00,71.9
2025-06-12 06:15:00,18.9
2025-06-12 09:01:00,24.1
2025-06-12 07:22:00,29.9
2025-06-12 10:57:00,94.1
2025-06-12 07:48:00,89.1
2025-06-12 16:42:00,71.8
2025-06-12 20:10:00,79.3
2025-06-12 03:37:00,50.16485882352941
2025-06-12 11:28:00,77.3
2025-06-12 07:22:00,50.16485882352941
2025-06-12 07:28:00,45.9
2025-06-12 03:34:00,9.0
2025-06-12 00:35:00,49.8
2025-06-12 12:26:00,20.4
2025-06-12 23:07:00,50.16485882352941
2025-06-12 23:29:00,50.16485882352941
2025-06-12 04:30:00,78.7
2025-06-12 17:52:00,50.16485882352941
2025-06-12 06:03:00,47.3
2025-06-12 06:21:00,95.3
2025-06-12 21:35:00,81.3
2025-06-12 12:50:00,50.16485882352941
2025-06-12 22:45:00,32.0
2025-06-12 09:41:00,50.16485882352941
2025-06-12 04:27:00,79.6
2025-06-12 13:38:00,0.6
2025-06-12 11:42:00,14.7
2025-06-12 20:16:00,24.0
2025-06-12 23:49:00,14.6
2025-06-12 14:00:00,50.16485882352941
2025-06-12 19:31:00,63.3
2025-06-12 05:59:00,67.6
2025-06-12 00:54:00,50.16485882352941
2025-06-12 02:35:00,48.9
2025-06-12 20:20:00,69.3
2025-06-12 00:17:00,16.9
2025-06-12 00:33:00,23.5
2025-06-12 22:04:00,50.16485882352941
2025-06-12 17:20:00,50.16485882352941
2025-06-12 13:44:00,16.2
2025-06-12 02:05:00,18.4
2025-06-12 21:55:00,2.9
2025-06-12 01:17:00,47.9
2025-06-12 20:33:00,82.0
2025-06-12 21:27:00,32.3
2025-06-12 08:39:00,50.16485882352941
2025-06-12 07:58:00,37.7
2025-06-12 00:51:00,77.7
2025-06-12 21:07:00,37.9
2025-06-12 20:53:00,35.5
2025-06-12 17:04:00,84.9
2025-06-12 08:44:00,41.5
2025-06-12 15:40:00,27.5
2025-06-12 16:02:00,31.1
2025-06-12 23:44:00,50.16485882352941
2025-06-12 18:26:00,73.7
2025-06-12 09:46:00,50.16485882352941
2025-06-12 05:57:00,50.16485882352941
2025-06-12 11:56:00,50.16485882352941
2025-06-12 18:15:00,31.0
2025-06-12 16:12:00,50.16485882352941
2025-06-12 04:45:00,64.9
2025-06-12 11:56:00,3.2
2025-06-12 09:00:00,14.9
2025-06-12 11:55:00,69.1
2025-06-12 11:40:00,56.0
2025-06-12 22:20:00,8.3
2025-06-12 21:03:00,16.0
2025-06-12 10:02:00,50.16485882352941
2025-06-12 02:08:00,97.6
2025-06-12 05:30:00,90.7
2025-06-12 08:49:00,4.4
2025-06-12 10:30:00,89.6
2025-06-12 00:13:00,32.5
2025-06-12 22:05:00,13.6
2025-06-12 01:05:00,64.2
2025-06-12 18:27:00,50.16485882352941
2025-06-12 10:17:00,12.1
2025-06-12 13:33:00,50.16485882352941
2025-06-12 13:07:00,50.16485882352941
2025-06-12 10:36:00,58.8
2025-06-12 22:49:00,30.5
2025-06-12 12:59:00,99.0
2025-06-12 04:43:00,78.5
2025-06-12 02:49:00,92.2
2025-06-12 22:31:00,83.1
2025-06-12 19:25:00,78.6
2025-06-12 03:10:00,13.2
2025-06-12 19:51:00,39.7
2025-06-12 06:16:00,50.16485882352941
2025-06-12 06:50:00,50.16485882352941
2025-06-12 07:34:00,77.5
2025-06-12 21:14:00,46.7
2025-06-12 08:34:00,9.5
2025-06-12 21:11:00,1.4
2025-06-12 09:59:00,55.5
2025-06-12 07:05:00,50.9
2025-06-12 20:19:00,49.7
2025-06-12 22:58:00,31.7
2025-06-12 14:36:00,49.40323484760014
2025-06-12 14:54:00,68.6
2025-06-12 09:39:00,25.7
2025-06-12 01:28:00,49.40323484760014
2025-06-12 17:56:00,49.40323484760014
2025-06-12 14:45:00,49.40323484760014
2025-06-12 16:35:00,9.0
2025-06-12 19:05:00,42.8
2025-06-12 19:22:00,52.6
2025-06-12 21:58:00,69.1
2025-06-12 06:43:00,91.4
2025-06-12 08:00:00,62.7
2025-06-12 08:32:00,45.0
2025-06-12 16:49:00,79.9
2025-06-12 04:38:00,33.0
2025-06-12 15:15:00,38.6
2025-06-12 22:58:00,49.40323484760014
2025-06-12 00:01:00,49.40323484760014
2025-06-12 21:08:00,53.4
2025-06-12 08:55:00,84.9
2025-06-12 17:54:00,68.6
2025-06-12 16:54:00,49.40323484760014
2025-06-12 03:36:00,70.3
2025-06-12 17:44:00,29.0
2025-06-12 22:23:00,49.40323484760014
2025-06-12 18:42:00,30.1
2025-06-12 23:25:00,85.4
2025-06-12 23:27:00,59.5
2025-06-12 05:24:00,49.40323484760014
2025-06-12 06:14:00,42.1
2025-06-12 04:56:00,76.0
2025-06-12 06:46:00,14.3
2025-06-12 22:38:00,68.8
2025-06-12 14:28:00,31.8
2025-06-12 09:28:00,33.8
2025-06-12 21:10:00,13.7
2025-06-12 02:39:00,11.0
2025-06-12 17:53:00,6.1
2025-06-12 09:03:00,52.5
2025-06-12 20:13:00,49.40323484760014
2025-06-12 21:06:00,49.40323484760014
2025-06-12 09:13:00,11.1
2025-06-12 05:59:00,50.6
2025-06-12 19:58:00,71.5
2025-06-12 17:50:00,11.8
2025-06-12 11:42:00,48.9
2025-06-12 12:56:00,77.9
2025-06-12 06:01:00,96.6
2025-06-12 04:37:00,40.7
2025-06-12 19:46:00,13.3
2025-06-12 11:10:00,16.6
2025-06-12 13:13:00,96.2
2025-06-12 17:10:00,49.40323484760014
2025-06-12 23:05:00,99.5
2025-06-12 03:28:00,91.3
2025-06-12 06:31:00,64.1
2025-06-12 01:41:00,48.2
2025-06-12 08:46:00,97.5
2025-06-12 14:18:00,22.7
2025-06-12 02:59:00,36.6
2025-06-12 13:50:00,95.5
2025-06-12 16:38:00,28.8
2025-06-12 04:26:00,15.9
2025-06-12 19:00:00,50.3
2025-06-12 00:05:00,70.3
2025-06-12 00:12:00,73.2
2025-06-12 14:55:00,49.40323484760014
2025-06-12 07:56:00,49.40323484760014
2025-06-12 01:44:00,97.8
2025-06-12 06:54:00,13.6
2025-06-12 21:25:00,45.3
2025-06-12 00:16:00,38.6
2025-06-12 13:04:00,56.1
2025-06-12 15:52:00,66.9
2025-06-12 08:08:00,61.3
2025-06-12 03:26:00,95.0
2025-06-12 20:15:00,53.4
2025-06-12 15:24:00,54.6
2025-06-12 03:50:00,88.2
2025-06-12 10:48:00,93.3
2025-06-12 11:14:00,98.1
2025-06-12 08:59:00,50.7
2025-06-12 09:32:00,44.5
2025-06-12 09:07:00,96.6
2025-06-12 21:24:00,39.4
2025-06-12 14:51:00,49.40323484760014
2025-06-12 04:58:00,34.1
2025-06-12 18:08:00,49.40323484760014
2025-06-12 09:53:00,51.2
2025-06-12 23:17:00,76.0
2025-06-12 19:40:00,85.9
2025-06-12 22:15:00,0.7
2025-06-12 08:33:00,81.3
2025-06-12 22:02:00,31.8
2025-06-12 07:32:00,54.7
2025-06-12 10:46:00,49.40323484760014
2025-06-12 20:04:00,72.6
2025-06-12 19:02:00,49.40323484760014
2025-06-12 03:28:00,49.40323484760014
2025-06-12 09:51:00,73.3
2025-06-12 16:03:00,35.7
2025-06-12 22:27:00,58.3
2025-06-12 08:00:00,33.8
2025-06-12 17:51:00,34.8
2025-06-12 01:09:00,79.5
2025-06-12 09:51:00,59.5
2025-06-12 01:56:00,81.0
2025-06-12 05:47:00,92.6
2025-06-12 01:10:00,55.3
2025-06-12 04:25:00,48.8
2025-06-12 22:03:00,62.9
2025-06-12 06:14:00,82.6
2025-06-12 09:18:00,83.4
2025-06-12 23:20:00,49.40323484760014
2025-06-12 11:39:00,70.0
2025-06-12 03:15:00,83.9
2025-06-12 01:04:00,49.40323484760014
2025-06-12 05:17:00,79.6
2025-06-12 00:05:00,13.2
2025-06-12 12:29:00,17.7
2025-06-12 15:35:00,9.7
2025-06-12 06:04:00,8.6
2025-06-12 10:14:00,13.2
2025-06-12 23:58:00,13.3
2025-06-12 01:46:00,64.4
2025-06-12 01:06:00,7.4
2025-06-12 12:37:00,49.1
2025-06-12 17:12:00,44.5
2025-06-12 14:34:00,75.2
2025-06-12 02:34:00,49.0
2025-06-12 09:18:00,12.7
2025-06-12 03:53:00,11.2
2025-06-12 01:33:00,54.4
2025-06-12 20:15:00,65.8
2025-06-12 22:50:00,59.4
2025-06-12 14:09:00,59.7
2025-06-12 08:15:00,61.3
2025-06-12 13:19:00,92.5
2025-06-12 17:23:00,59.5
2025-06-12 22:14:00,19.5
2025-06-12 17:32:00,43.0
2025-06-12 22:28:00,95.8
2025-06-12 14:06:00,49.40323484760014
2025-06-12 19:23:00,49.40323484760014
2025-06-12 08:17:00,42.4
2025-06-12 05:10:00,27.3
2025-06-12 05:50:00,31.3
2025-06-12 06:05:00,17.3
2025-06-12 00:29:00,68.1
2025-06-12 23:45:00,90.9
2025-06-12 19:05:00,3.3
2025-06-12 06:39:00,49.40323484760014
2025-06-12 10:32:00,59.9
2025-06-12 01:22:00,15.5
2025-06-12 08:50:00,6.3
2025-06-12 13:50:00,28.0
2025-06-12 14:11:00,49.40323484760014
2025-06-12 09:16:00,17.9
2025-06-12 12:01:00,33.5
2025-06-12 08:46:00,43.2
2025-06-12 19:21:00,33.7
2025-06-12 20:39:00,23.1
2025-06-12 03:37:00,23.6
2025-06-12 19:31:00,78.2
2025-06-12 17:47:00,49.40323484760014
2025-06-12 03:45:00,12.6
2025-06-12 22:10:00,16.0
2025-06-12 10:36:00,15.5
2025-06-12 09:23:00,6.3
2025-06-12 22:21:00,49.40323484760014
2025-06-12 15:39:00,20.2
2025-06-12 20:41:00,66.3
2025-06-12 04:35:00,70.5
2025-06-12 03:09:00,94.3
2025-06-12 03:26:00,91.2
2025-06-12 21:42:00,22.5
2025-06-12 21:33:00,52.7
2025-06-12 13:56:00,50.3
2025-06-12 08:55:00,4.5
2025-06-12 23:07:00,49.40323484760014
2025-06-12 00:54:00,11.2
2025-06-12 01:22:00,62.8
2025-06-12 04:52:00,87.5
2025-06-12 06:22:00,68.8
2025-06-12 15:19:00,55.4
2025-06-12 13:28:00,76.8
2025-06-12 04:17:00,47.9
2025-06-12 03:29:00,49.40323484760014
2025-06-12 09:45:00,48.6
2025-06-12 11:57:00,54.9
2025-06-12 21:46:00,14.3
2025-06-12 12:14:00,70.2
2025-06-12 10:00:00,47.7
2025-06-12 15:04:00,69.8
2025-06-12 13:18:00,38.1
2025-06-12 11:43:00,64.4
2025-06-12 09:08:00,42.3
2025-06-12 13:44:00,82.1
2025-06-12 06:50:00,86.1
2025-06-12 06:18:00,31.2
2025-06-12 21:19:00,31.6
2025-06-12 21:56:00,31.1
2025-06-12 02:32:00,39.8
2025-06-12 23:52:00,41.5
2025-06-12 14:16:00,18.1
2025-06-12 14:11:00,80.6
2025-06-12 01:24:00,69.1
2025-06-12 11:45:00,49.40323484760014
2025-06-12 01:05:00,76.2
2025-06-12 21:05:00,30.9
2025-06-12 04:16:00,53.3
2025-06-12 22:39:00,49.40323484760014
2025-06-12 11:12:00,64.2
2025-06-12 20:22:00,49.40323484760014
2025-06-12 19:41:00,1.3
2025-06-12 21:13:00,49.40323484760014
2025-06-12 12:02:00,49.40323484760014
2025-06-12 11:17:00,49.40323484760014
2025-06-12 10:28:00,14.1
2025-06-12 09:05:00,84.6
2025-06-12 14:24:00,16.0
2025-06-12 16:12:00,86.2
2025-06-12 20:14:00,6.0
2025-06-12 08:49:00,49.40323484760014
2025-06-12 06:56:00,35.8
2025-06-12 04:59:00,58.1
2025-06-12 20:23:00,49.40323484760014
2025-06-12 18:09:00,93.5
2025-06-12 15:30:00,3.9
2025-06-12 08:13:00,92.9
2025-06-12 09:44:00,94.0
2025-06-12 02:39:00,22.5
2025-06-12 21:18:00,77.2
2025-06-12 19:36:00,88.5
2025-06-12 17:38:00,73.8
2025-06-12 20:17:00,53.3
2025-06-12 05:11:00,47.1
2025-06-12 09:29:00,84.4
2025-06-12 12:05:00,49.40323484760014
2025-06-12 23:40:00,93.2
2025-06-12 09:32:00,19.0
2025-06-12 13:10:00,5.3
2025-06-12 22:14:00,41.1
2025-06-12 23:03:00,91.7
2025-06-12 13:15:00,7.4
2025-06-12 05:57:00,35.4
2025-06-12 06:25:00,77.5
2025-06-12 14:17:00,5.2
2025-06-12 00:50:00,69.6
2025-06-12 15:45:00,62.8
2025-06-12 23:42:00,70.5
2025-06-12 16:08:00,77.5
2025-06-12 11:18:00,24.9
2025-06-12 04:13:00,66.7
2025-06-12 01:47:00,49.8
2025-06-12 19:23:00,63.0
2025-06-12 23:22:00,49.40323484760014
2025-06-12 20:42:00,64.3
2025-06-12 16:08:00,8.3
2025-06-12 05:01:00,97.3
2025-06-12 10:25:00,51.7
2025-06-12 21:47:00,35.0
2025-06-12 03:28:00,48.6
2025-06-12 01:31:00,54.6
2025-06-12 15:16:00,21.1
2025-06-12 13:35:00,14.3
2025-06-12 13:51:00,33.7
2025-06-12 21:06:00,74.3
2025-06-12 00:40:00,86.7
2025-06-12 04:40:00,49.40323484760014
2025-06-12 03:42:00,27.7
2025-06-12 00:30:00,74.8
2025-06-12 18:41:00,83.4
2025-06-12 18:49:00,49.40323484760014
2025-06-12 15:13:00,65.8
2025-06-12 01:35:00,13.7
2025-06-12 07:48:00,49.40323484760014
2025-06-12 17:17:00,54.6
2025-06-12 11:35:00,66.1
2025-06-12 16:25:00,2.6
2025-06-12 22:34:00,86.4
2025-06-12 16:27:00,41.7
2025-06-12 14:55:00,1.3
2025-06-12 14:45:00,50.7
2025-06-12 19:55:00,29.5
2025-06-12 05:19:00,49.40323484760014
2025-06-12 13:47:00,50.4
2025-06-12 03:22:00,7.2
2025-06-12 07:06:00,57.4
2025-06-12 00:18:00,41.8
2025-06-12 17:26:00,58.0
2025-06-12 16:09:00,2.0
2025-06-12 12:27:00,18.8
2025-06-12 06:38:00,49.40323484760014
2025-06-12 07:42:00,21.4
2025-06-12 21:32:00,8.1
2025-06-12 05:42:00,50.6
2025-06-12 08:01:00,52.4
2025-06-12 11:58:00,20.1
2025-06-12 07:43:00,70.1
2025-06-12 16:24:00,48.0
2025-06-12 00:07:00,89.6
2025-06-12 04:17:00,80.6
2025-06-12 04:34:00,75.6
2025-06-12 00:44:00,38.6
2025-06-12 04:15:00,49.40323484760014
2025-06-12 02:09:00,24.7
2025-06-12 01:56:00,13.4
2025-06-12 17:53:00,22.6
2025-06-12 06:18:00,75.1
2025-06-12 12:18:00,51.7
2025-06-12 07:07:00,88.4
2025-06-12 11:55:00,63.8
2025-06-12 23:37:00,9.3
2025-06-12 16:24:00,95.9
2025-06-12 00:30:00,29.0
2025-06-12 23:54:00,39.8
2025-06-12 09:48:00,12.6
2025-06-12 12:18:00,26.3
2025-06-12 05:36:00,91.5
2025-06-12 17:20:00,50.400661703887515
2025-06-12 09:05:00,76.8
2025-06-12 19:03:00,50.400661703887515
2025-06-12 03:13:00,91.9
2025-06-12 08:50:00,56.0
2025-06-12 06:42:00,76.4
2025-06-12 08:22:00,56.1
2025-06-12 03:27:00,73.0
2025-06-12 04:52:00,27.4
2025-06-12 15:56:00,4.1
2025-06-12 05:52:00,75.6
2025-06-12 18:20:00,39.5
2025-06-12 02:20:00,8.4
2025-06-12 11:33:00,27.3
2025-06-12 23:02:00,99.2
2025-06-12 02:36:00,76.8
2025-06-12 23:45:00,93.4
2025-06-12 03:44:00,23.5
2025-06-12 16:34:00,8.0
2025-06-12 21:12:00,79.4
2025-06-12 11:07:00,0.5
2025-06-12 17:50:00,10.8
2025-06-12 23:45:00,52.3
2025-06-12 14:28:00,24.5
2025-06-12 00:41:00,50.400661703887515
2025-06-12 01:21:00,97.1
2025-06-12 09:23:00,23.1
2025-06-12 08:54:00,96.5
2025-06-12 06:38:00,50.400661703887515
2025-06-12 20:18:00,59.4
2025-06-12 20:08:00,3.6
2025-06-12 02:58:00,76.4
2025-06-12 05:22:00,12.0
2025-06-12 07:47:00,50.400661703887515
2025-06-12 22:57:00,71.6
2025-06-12 15:54:00,63.2
2025-06-12 10:10:00,27.2
2025-06-12 18:59:00,95.9
2025-06-12 21:17:00,22.5
2025-06-12 01:36:00,95.2
2025-06-12 19:27:00,39.4
2025-06-12 22:40:00,50.400661703887515
2025-06-12 03:13:00,40.5
2025-06-12 14:56:00,50.400661703887515
2025-06-12 11:10:00,97.9
2025-06-12 09:25:00,74.9
2025-06-12 21:19:00,16.8
2025-06-12 09:13:00,76.3
2025-06-12 22:25:00,91.4
2025-06-12 11:45:00,59.6
2025-06-12 05:19:00,92.2
2025-06-12 22:48:00,20.6
2025-06-12 03:58:00,26.2
2025-06-12 09:12:00,37.0
2025-06-12 06:23:00,88.0
2025-06-12 06:18:00,17.5
2025-06-12 01:20:00,61.6
2025-06-12 22:03:00,75.5
2025-06-12 13:15:00,47.1
2025-06-12 05:00:00,50.400661703887515
2025-06-12 03:22:00,53.9
2025-06-12 16:25:00,14.0
2025-06-12 13:11:00,75.9
2025-06-12 06:37:00,33.1
2025-06-12 13:03:00,50.400661703887515
2025-06-12 07:58:00,88.4
2025-06-12 09:06:00,50.400661703887515
2025-06-12 10:46:00,50.1
2025-06-12 12:17:00,50.400661703887515
2025-06-12 13:46:00,39.7
2025-06-12 14:55:00,66.4
2025-06-12 07:51:00,13.4
2025-06-12 11:25:00,28.9
2025-06-12 13:28:00,17.5
2025-06-12 22:07:00,50.400661703887515
2025-06-12 05:21:00,99.5
2025-06-12 04:39:00,52.2
2025-06-12 08:25:00,20.2
2025-06-12 11:43:00,50.400661703887515
2025-06-12 17:13:00,50.400661703887515
2025-06-12 10:37:00,48.0
2025-06-12 03:25:00,50.8
2025-06-12 13:23:00,70.9
2025-06-12 18:41:00,86.6
2025-06-12 17:01:00,37.4
2025-06-12 22:47:00,80.5
2025-06-12 05:54:00,65.3
2025-06-12 23:31:00,58.3
2025-06-12 11:58:00,18.2
2025-06-12 01:37:00,55.9
2025-06-12 07:46:00,46.0
2025-06-12 08:54:00,50.400661703887515
2025-06-12 20:41:00,97.9
2025-06-12 20:09:00,21.1
2025-06-12 12:21:00,21.9
2025-06-12 10:47:00,50.400661703887515
2025-06-12 05:31:00,36.7
2025-06-12 18:36:00,67.6
2025-06-12 04:51:00,91.7
2025-06-12 03:15:00,25.2
2025-06-12 13:29:00,44.2
2025-06-12 08:13:00,33.0
2025-06-12 12:01:00,33.0
2025-06-12 20:01:00,50.400661703887515
2025-06-12 15:48:00,43.2
2025-06-12 22:49:00,19.4
2025-06-12 23:00:00,81.4
2025-06-12 14:12:00,20.5
2025-06-12 03:37:00,16.6
2025-06-12 19:03:00,77.2
2025-06-12 23:02:00,50.400661703887515
2025-06-12 22:00:00,10.7
2025-06-12 02:12:00,54.0
2025-06-12 13:28:00,63.7
2025-06-12 07:21:00,24.6
2025-06-12 14:53:00,76.0
2025-06-12 06:23:00,12.1
2025-06-12 11:53:00,74.9
2025-06-12 01:12:00,86.5
2025-06-12 17:12:00,97.5
2025-06-12 10:46:00,49.2
2025-06-12 01:09:00,30.6
2025-06-12 04:14:00,50.400661703887515
2025-06-12 07:18:00,20.1
2025-06-12 15:48:00,67.4
2025-06-12 21:39:00,43.7
2025-06-12 13:23:00,86.0
2025-06-12 06:29:00,59.8
2025-06-12 05:59:00,6.1
2025-06-12 09:27:00,10.0
2025-06-12 14:51:00,11.7
2025-06-12 13:08:00,50.400661703887515
2025-06-12 07:59:00,84.0
2025-06-12 11:09:00,67.5
2025-06-12 02:18:00,83.6
2025-06-12 22:38:00,41.6
2025-06-12 22:56:00,27.7
2025-06-12 15:17:00,61.9
2025-06-12 01:11:00,99.1
2025-06-12 15:31:00,50.400661703887515
2025-06-12 21:27:00,50.400661703887515
2025-06-12 22:25:00,50.400661703887515
2025-06-12 21:13:00,42.0
2025-06-12 22:00:00,41.5
2025-06-12 03:39:00,34.9
2025-06-12 13:08:00,59.9
2025-06-12 10:52:00,55.0
2025-06-12 22:10:00,52.3
2025-06-12 03:10:00,50.400661703887515
2025-06-12 04:45:00,16.1
2025-06-12 09:40:00,14.7
2025-06-12 18:47:00,18.7
2025-06-12 21:11:00,11.0
2025-06-12 10:17:00,13.6
2025-06-12 13:25:00,26.3
2025-06-12 09:01:00,47.3
2025-06-12 21:19:00,53.6
2025-06-12 15:30:00,22.3
2025-06-12 07:43:00,47.9
2025-06-12 03:24:00,0.6
2025-06-12 11:06:00,65.3
2025-06-12 00:58:00,50.400661703887515
2025-06-12 05:49:00,27.9
2025-06-12 19:12:00,37.1
2025-06-12 05:41:00,52.2
2025-06-12 06:12:00,40.1
2025-06-12 21:38:00,64.3
2025-06-12 18:22:00,96.4
2025-06-12 10:22:00,68.3
2025-06-12 21:42:00,3.0
2025-06-12 04:54:00,31.7
2025-06-12 04:58:00,56.7
2025-06-12 05:16:00,59.2
2025-06-12 08:26:00,10.6
2025-06-12 13:33:00,74.7
2025-06-12 19:05:00,50.400661703887515
2025-06-12 11:58:00,34.7
2025-06-12 18:56:00,74.4
2025-06-12 10:52:00,67.7
2025-06-12 10:46:00,8.4
2025-06-12 12:06:00,85.8
2025-06-12 14:54:00,15.2
2025-06-12 14:00:00,34.0
2025-06-12 14:45:00,34.7
2025-06-12 07:14:00,15.5
2025-06-12 10:22:00,50.400661703887515
2025-06-12 00:13:00,17.0
2025-06-12 04:24:00,51.0
2025-06-12 00:14:00,82.5
2025-06-12 16:34:00,78.8
2025-06-12 23:25:00,40.7
2025-06-12 15:48:00,80.9
2025-06-12 11:06:00,22.6
2025-06-12 16:18:00,18.8
2025-06-12 09:29:00,88.8
2025-06-12 08:18:00,50.400661703887515
2025-06-12 00:01:00,54.0
2025-06-12 20:15:00,77.4
2025-06-12 23:54:00,15.3
2025-06-12 08:12:00,19.7
2025-06-12 06:28:00,83.1
2025-06-12 21:20:00,56.8
2025-06-12 18:06:00,31.1
2025-06-12 14:31:00,82.7
2025-06-12 02:50:00,27.6
2025-06-12 07:13:00,30.2
2025-06-12 17:13:00,18.5
2025-06-12 04:24:00,50.400661703887515
2025-06-12 09:56:00,91.7
2025-06-12 04:26:00,68.3
2025-06-12 10:54:00,51.9
2025-06-12 13:40:00,7.3
2025-06-12 17:02:00,66.1
2025-06-12 00:58:00,90.0
2025-06-12 15:19:00,50.400661703887515
2025-06-12 11:13:00,70.2
2025-06-12 04:47:00,93.1
2025-06-12 02:19:00,55.5
2025-06-12 01:41:00,50.400661703887515
2025-06-12 03:42:00,46.0
2025-06-12 00:19:00,53.9
2025-06-12 18:04:00,50.400661703887515
2025-06-12 16:29:00,61.7
2025-06-12 00:48:00,50.400661703887515
2025-06-12 13:21:00,90.9
2025-06-12 21:46:00,94.6
2025-06-12 19:52:00,50.400661703887515
2025-06-12 15:20:00,17.5
2025-06-12 15:13:00,48.4
2025-06-12 20:00:00,12.2
2025-06-12 16:03:00,50.400661703887515
2025-06-12 11:52:00,9.6
2025-06-12 16:22:00,20.1
2025-06-12 07:03:00,93.6
2025-06-12 14:37:00,68.9
2025-06-12 00:49:00,1.4
2025-06-12 21:21:00,36.8
2025-06-12 13:19:00,27.6
2025-06-12 06:38:00,51.0
2025-06-12 03:33:00,99.0
2025-06-12 08:27:00,55.9
2025-06-12 23:53:00,12.4
2025-06-12 20:48:00,70.3
2025-06-12 18:05:00,78.0
2025-06-12 03:41:00,41.2
2025-06-12 12:50:00,46.6
2025-06-12 07:51:00,75.8
2025-06-12 08:07:00,32.7
2025-06-12 20:14:00,50.400661703887515
2025-06-12 00:04:00,50.400661703887515
2025-06-12 02:01:00,50.400661703887515
2025-06-12 20:00:00,30.7
2025-06-12 02:23:00,19.7
2025-06-12 19:10:00,74.6
2025-06-12 09:44:00,50.400661703887515
2025-06-12 03:09:00,46.8
2025-06-12 03:02:00,36.2
2025-06-12 19:15:00,81.1
2025-06-12 16:55:00,63.0
2025-06-12 22:28:00,23.0
2025-06-12 12:58:00,50.400661703887515
2025-06-12 01:01:00,50.400661703887515
2025-06-12 18:02:00,82.9
2025-06-12 16:08:00,50.400661703887515
2025-06-12 09:53:00,2.1
2025-06-12 13:07:00,50.400661703887515
2025-06-12 10:41:00,68.7
2025-06-12 12:21:00,29.8
2025-06-12 23:53:00,40.3
2025-06-12 04:56:00,45.8
2025-06-12 15:38:00,50.400661703887515
2025-06-12 12:46:00,46.2
2025-06-12 06:32:00,82.7
2025-06-12 08:57:00,0.0
2025-06-12 12:01:00,51.6
2025-06-12 18:50:00,56.9
2025-06-12 22:17:00,4.5
2025-06-12 06:06:00,89.5
2025-06-12 03:08:00,94.5
2025-06-12 00:24:00,64.5
2025-06-12 05:15:00,85.3
2025-06-12 04:42:00,33.1
2025-06-12 07:39:00,77.2
2025-06-12 10:04:00,71.5
2025-06-12 15:28:00,29.3
2025-06-12 18:33:00,21.9
2025-06-12 01:20:00,81.0
2025-06-12 01:42:00,10.1
2025-06-12 16:57:00,59.9
2025-06-12 05:58:00,40.9
2025-06-12 06:31:00,50.400661703887515
2025-06-12 18:28:00,9.2
2025-06-12 19:14:00,20.0
2025-06-12 19:25:00,39.3
2025-06-12 10:12:00,2.6
2025-06-12 01:37:00,92.1
2025-06-12 07:15:00,10.7
2025-06-12 16:46:00,82.9
2025-06-12 07:38:00,15.5
2025-06-12 04:50:00,52.2
2025-06-12 09:39:00,15.9
2025-06-12 11:00:00,52.4
2025-06-12 21:10:00,14.1
2025-06-12 13:44:00,50.400661703887515
2025-06-12 20:18:00,89.8
2025-06-12 21:40:00,73.9
2025-06-12 07:59:00,24.0
2025-06-12 02:04:00,50.400661703887515
2025-06-12 11:18:00,63.0
2025-06-12 18:22:00,99.2
2025-06-12 17:34:00,3.3
2025-06-12 18:30:00,37.7
2025-06-12 09:06:00,63.3
2025-06-12 01:07:00,73.4
2025-06-12 11:43:00,23.3
2025-06-12 15:13:00,73.9
2025-06-12 01:30:00,3.1
2025-06-12 22:45:00,33.5
2025-06-12 08:53:00,19.6
2025-06-12 02:27:00,50.400661703887515
2025-06-12 06:57:00,97.7
2025-06-12 22:26:00,56.2
2025-06-12 18:02:00,32.2
2025-06-12 07:39:00,29.4
2025-06-12 04:31:00,84.9
2025-06-12 06:08:00,24.2
2025-06-12 09:04:00,62.9
2025-06-12 22:27:00,11.3
2025-06-12 10:56:00,50.400661703887515
2025-06-12 08:22:00,64.4
2025-06-12 11:55:00,93.4
2025-06-12 12:59:00,41.5
2025-06-12 03:32:00,49.84418741885991
2025-06-12 06:54:00,1.0
2025-06-12 15:39:00,19.0
2025-06-12 04:16:00,48.9
2025-06-12 15:19:00,1.4
2025-06-12 06:33:00,82.2
2025-06-12 20:45:00,49.84418741885991
2025-06-12 01:48:00,94.1
2025-06-12 17:55:00,14.5
2025-06-12 02:31:00,46.1
2025-06-12 08:05:00,13.5
2025-06-12 00:33:00,27.4
2025-06-12 10:57:00,84.1
2025-06-12 20:59:00,49.84418741885991
2025-06-12 14:46:00,82.9
2025-06-12 03:47:00,7.4
2025-06-12 03:08:00,49.84418741885991
2025-06-12 22:50:00,49.84418741885991
2025-06-12 06:14:00,6.9
2025-06-12 22:44:00,83.4
2025-06-12 06:59:00,91.0
2025-06-12 15:10:00,2.4
2025-06-12 21:39:00,30.6
2025-06-12 19:08:00,90.7
2025-06-12 07:55:00,32.3
2025-06-12 22:48:00,54.6
2025-06-12 19:39:00,74.8
2025-06-12 01:13:00,49.84418741885991
2025-06-12 20:14:00,49.84418741885991
2025-06-12 03:10:00,62.3
2025-06-12 17:36:00,49.84418741885991
2025-06-12 23:21:00,76.9
2025-06-12 19:44:00,37.9
2025-06-12 03:51:00,80.0
2025-06-12 17:44:00,2.4
2025-06-12 07:11:00,32.9
2025-06-12 08:02:00,66.9
2025-06-12 08:58:00,95.1
2025-06-12 05:56:00,22.9
2025-06-12 20:56:00,73.8
2025-06-12 06:58:00,98.8
2025-06-12 06:11:00,50.0
2025-06-12 16:04:00,68.6
2025-06-12 13:59:00,92.1
2025-06-12 00:50:00,64.8
2025-06-12 09:54:00,74.0
2025-06-12 21:31:00,23.3
2025-06-12 13:15:00,1.6
2025-06-12 20:31:00,43.9
2025-06-12 10:46:00,65.4
2025-06-12 08:36:00,28.0
2025-06-12 14:24:00,23.0
2025-06-12 14:31:00,86.0
2025-06-12 22:11:00,26.0
2025-06-12 16:41:00,49.84418741885991
2025-06-12 01:08:00,34.5
2025-06-12 17:38:00,55.7
2025-06-12 11:46:00,72.5
2025-06-12 13:49:00,39.9
2025-06-12 06:25:00,62.0
2025-06-12 23:46:00,23.3
2025-06-12 09:46:00,86.5
2025-06-12 05:24:00,9.5
2025-06-12 20:59:00,83.9
2025-06-12 10:46:00,74.0
2025-06-12 22:16:00,66.6
2025-06-12 17:53:00,0.5
2025-06-12 19:59:00,57.6
2025-06-12 11:33:00,4.4
2025-06-12 08:26:00,27.9
2025-06-12 11:42:00,32.9
2025-06-12 07:17:00,14.2
2025-06-12 19:04:00,53.6
2025-06-12 13:02:00,41.2
2025-06-12 05:52:00,71.6
2025-06-12 03:02:00,81.8
2025-06-12 20:18:00,92.8
2025-06-12 06:58:00,26.3
2025-06-12 04:29:00,93.1
2025-06-12 14:14:00,49.84418741885991
2025-06-12 01:32:00,49.84418741885991
2025-06-12 19:02:00,49.84418741885991
2025-06-12 23:24:00,9.9
2025-06-12 19:27:00,46.0
2025-06-12 20:53:00,50.2
2025-06-12 15:37:00,49.84418741885991
2025-06-12 09:42:00,96.0
2025-06-12 23:34:00,37.3
2025-06-12 02:01:00,88.6
2025-06-12 22:00:00,46.0
2025-06-12 05:40:00,49.84418741885991
2025-06-12 11:46:00,73.2
2025-06-12 00:10:00,9.0
2025-06-12 06:08:00,49.84418741885991
2025-06-12 18:32:00,92.7
2025-06-12 09:08:00,91.8
2025-06-12 07:46:00,11.4
2025-06-12 08:07:00,57.5
2025-06-12 11:08:00,64.9
2025-06-12 05:08:00,47.0
2025-06-12 04:32:00,49.84418741885991
2025-06-12 07:28:00,94.4
2025-06-12 09:59:00,64.3
2025-06-12 12:27:00,54.0
2025-06-12 16:40:00,49.84418741885991
2025-06-12 02:52:00,32.3
2025-06-12 12:34:00,19.1
2025-06-12 07:27:00,56.9
2025-06-12 11:21:00,47.0
2025-06-12 14:39:00,49.84418741885991
2025-06-12 06:17:00,26.3
2025-06-12 00:46:00,4.4
2025-06-12 06:36:00,98.7
2025-06-12 21:57:00,44.3
2025-06-12 16:29:00,3.2
2025-06-12 00:33:00,84.6
2025-06-12 20:52:00,14.1
2025-06-12 14:11:00,88.2
2025-06-12 07:34:00,68.7
2025-06-12 05:21:00,73.6
2025-06-12 13:55:00,49.84418741885991
2025-06-12 09:18:00,5.8
2025-06-12 01:04:00,30.4
2025-06-12 01:11:00,82.3
2025-06-12 15:18:00,49.84418741885991
2025-06-12 02:54:00,43.5
2025-06-12 11:06:00,9.9
2025-06-12 03:22:00,0.0
2025-06-12 09:18:00,25.9
2025-06-12 14:25:00,95.4
2025-06-12 03:27:00,93.8
2025-06-12 03:39:00,49.84418741885991
2025-06-12 00:11:00,43.6
2025-06-12 20:44:00,68.2
2025-06-12 12:36:00,28.6
2025-06-12 09:17:00,16.5
2025-06-12 06:31:00,13.1
2025-06-12 11:19:00,40.1
2025-06-12 16:02:00,78.8
2025-06-12 09:38:00,11.0
2025-06-12 13:17:00,40.0
2025-06-12 02:26:00,28.9
2025-06-12 01:41:00,92.8
2025-06-12 13:22:00,94.4
2025-06-12 10:12:00,40.8
2025-06-12 09:57:00,78.8
2025-06-12 02:57:00,56.2
2025-06-12 17:44:00,92.6
2025-06-12 11:56:00,0.3
2025-06-12 22:10:00,76.5
2025-06-12 13:30:00,49.2
2025-06-12 06:16:00,31.9
2025-06-12 17:58:00,26.3
2025-06-12 16:36:00,66.6
2025-06-12 19:01:00,64.2
2025-06-12 14:59:00,49.84418741885991
2025-06-12 03:33:00,95.4
2025-06-12 21:29:00,95.4
2025-06-12 06:29:00,82.0
2025-06-12 06:45:00,47.9
2025-06-12 11:27:00,52.6
2025-06-12 19:39:00,49.84418741885991
2025-06-12 23:34:00,65.5
2025-06-12 07:00:00,49.84418741885991
2025-06-12 23:57:00,24.4
2025-06-12 12:05:00,49.84418741885991
2025-06-12 11:57:00,85.7
2025-06-12 21:23:00,19.5
2025-06-12 07:06:00,33.5
2025-06-12 19:32:00,68.1
2025-06-12 01:57:00,47.3
2025-06-12 08:07:00,52.7
2025-06-12 13:01:00,63.9
2025-06-12 01:10:00,7.6
2025-06-12 00:32:00,94.8
2025-06-12 17:40:00,99.8
2025-06-12 13:46:00,57.5
2025-06-12 03:11:00,76.7
2025-06-12 03:51:00,61.8
2025-06-12 11:41:00,60.4
2025-06-12 15:09:00,88.1
2025-06-12 07:41:00,10.5
2025-06-12 08:49:00,34.0
2025-06-12 05:40:00,35.0
2025-06-12 15:44:00,96.2
2025-06-12 06:25:00,49.84418741885991
2025-06-12 06:14:00,39.3
2025-06-12 17:17:00,44.4
2025-06-12 19:06:00,20.2
2025-06-12 05:38:00,67.4
2025-06-12 17:52:00,49.84418741885991
2025-06-12 10:33:00,76.8
2025-06-12 16:35:00,71.7
2025-06-12 01:45:00,51.9
2025-06-12 23:26:00,20.3
2025-06-12 17:17:00,85.4
2025-06-12 16:03:00,17.8
2025-06-12 10:44:00,33.9
2025-06-12 14:14:00,33.5
2025-06-12 18:57:00,49.84418741885991
2025-06-12 01:31:00,67.6
2025-06-12 18:38:00,55.4
2025-06-12 22:33:00,49.84418741885991
2025-06-12 02:50:00,54.3
2025-06-12 16:33:00,49.84418741885991
2025-06-12 13:55:00,31.3
2025-06-12 05:52:00,49.84418741885991
2025-06-12 16:32:00,0.6
2025-06-12 23:20:00,10.7
2025-06-12 19:21:00,7.6
2025-06-12 08:41:00,8.0
2025-06-12 19:06:00,49.84418741885991
2025-06-12 13:36:00,66.3
2025-06-12 22:12:00,65.9
2025-06-12 18:15:00,81.5
2025-06-12 08:36:00,33.1
2025-06-12 15:15:00,49.84418741885991
2025-06-12 11:02:00,77.8
2025-06-12 23:00:00,52.7
2025-06-12 08:38:00,92.9
2025-06-12 20:07:00,58.5
2025-06-12 03:23:00,22.4
2025-06-12 15:24:00,75.4
2025-06-12 14:31:00,98.0
2025-06-12 05:57:00,60.1
2025-06-12 13:37:00,51.1
2025-06-12 19:13:00,25.4
2025-06-12 18:29:00,13.2
2025-06-12 13:24:00,90.8
2025-06-12 02:13:00,49.84418741885991
2025-06-12 15:57:00,99.8
2025-06-12 16:00:00,49.84418741885991
2025-06-12 22:51:00,72.4
2025-06-12 21:22:00,52.2
2025-06-12 07:15:00,63.7
2025-06-12 14:49:00,37.7
2025-06-12 12:22:00,67.9
2025-06-12 22:54:00,13.1
2025-06-12 10:29:00,2.1
2025-06-12 00:45:00,49.84418741885991
2025-06-12 11:55:00,12.3
2025-06-12 23:47:00,49.84418741885991
2025-06-12 18:06:00,73.9
2025-06-12 14:03:00,75.9
2025-06-12 10:58:00,25.6
2025-06-12 06:27:00,46.3
2025-06-12 02:54:00,3.7
2025-06-12 23:35:00,62.1
2025-06-12 06:31:00,47.2
2025-06-12 12:18:00,35.9
2025-06-12 15:49:00,53.4
2025-06-12 21:10:00,60.7
2025-06-12 19:47:00,49.84418741885991
2025-06-12 21:22:00,45.7
2025-06-12 06:26:00,49.84418741885991
2025-06-12 22:34:00,77.2
2025-06-12 05:54:00,66.4
2025-06-12 01:21:00,96.9
2025-06-12 22:26:00,75.4
2025-06-12 20:33:00,30.9
2025-06-12 17:25:00,68.4
2025-06-12 22:45:00,35.6
2025-06-12 02:43:00,38.7
2025-06-12 09:34:00,63.2
2025-06-12 13:12:00,95.1
2025-06-12 20:11:00,29.1
2025-06-12 01:57:00,28.7
2025-06-12 16:16:00,13.8
2025-06-12 06:34:00,37.1
2025-06-12 22:07:00,13.2
2025-06-12 05:32:00,2.0
2025-06-12 12:29:00,32.3
2025-06-12 05:27:00,96.3
2025-06-12 00:34:00,49.84418741885991
2025-06-12 06:41:00,35.1
2025-06-12 19:43:00,20.5
2025-06-12 08:19:00,42.3
2025-06-12 23:08:00,7.3
2025-06-12 04:23:00,29.6
2025-06-12 02:33:00,26.4
2025-06-12 16:34:00,49.84418741885991
2025-06-12 17:50:00,74.6
2025-06-12 21:13:00,52.6
2025-06-12 05:43:00,86.7
2025-06-12 17:31:00,7.8
2025-06-12 09:31:00,10.7
2025-06-12 06:27:00,26.8
2025-06-12 14:14:00,24.4
2025-06-12 00:56:00,55.0
2025-06-12 00:08:00,3.9
2025-06-12 19:00:00,22.9
2025-06-12 18:18:00,49.84418741885991
2025-06-12 16:22:00,35.7
2025-06-12 18:23:00,44.4
2025-06-12 18:27:00,55.2
2025-06-12 16:04:00,96.3
2025-06-12 03:26:00,28.1
2025-06-12 02:53:00,52.9
2025-06-12 09:05:00,54.6
2025-06-12 22:56:00,77.2
2025-06-12 14:04:00,34.0
2025-06-12 14:56:00,96.6
2025-06-12 01:06:00,14.2
2025-06-12 16:16:00,11.3
2025-06-12 10:46:00,65.0
2025-06-12 01:37:00,32.3
2025-06-12 05:07:00,98.1
2025-06-12 02:39:00,38.9
2025-06-12 06:20:00,57.9
2025-06-12 10:50:00,49.84418741885991
2025-06-12 12:31:00,59.9
2025-06-12 01:32:00,43.5
2025-06-12 14:33:00,14.0
2025-06-12 01:14:00,29.3
2025-06-12 18:20:00,94.7
2025-06-12 07:43:00,94.0
2025-06-12 06:28:00,53.7
2025-06-12 05:54:00,89.9
2025-06-12 15:51:00,32.7
2025-06-12 09:51:00,14.0
2025-06-12 07:58:00,64.1
2025-06-12 04:16:00,58.4
2025-06-12 18:59:00,0.6
2025-06-12 18:18:00,58.4
2025-06-12 14:50:00,67.8
2025-06-12 20:01:00,58.5
2025-06-12 06:13:00,3.0
2025-06-12 12:59:00,46.2
2025-06-12 08:01:00,75.6
2025-06-12 21:10:00,18.7
2025-06-12 11:48:00,5.0
2025-06-12 04:37:00,40.1
2025-06-12 13:25:00,59.7
2025-06-12 04:10:00,6.5
2025-06-12 19:06:00,28.0
2025-06-12 04:31:00,61.4
2025-06-12 02:17:00,50.31892714921527
2025-06-12 08:56:00,89.8
2025-06-12 15:39:00,10.0
2025-06-12 04:51:00,54.5
2025-06-12 07:24:00,0.8
2025-06-12 04:19:00,23.2
2025-06-12 01:04:00,65.7
2025-06-12 10:22:00,50.31892714921527
2025-06-12 09:41:00,50.31892714921527
2025-06-12 22:14:00,84.6
2025-06-12 14:31:00,61.6
2025-06-12 22:24:00,4.7
2025-06-12 03:56:00,89.3
2025-06-12 18:14:00,50.31892714921527
2025-06-12 08:30:00,50.31892714921527
2025-06-12 18:00:00,46.8
2025-06-12 13:01:00,94.1
2025-06-12 07:32:00,37.4
2025-06-12 02:46:00,83.4
2025-06-12 06:37:00,64.0
2025-06-12 22:59:00,5.3
2025-06-12 11:49:00,62.1
2025-06-12 17:19:00,50.2
2025-06-12 15:39:00,37.0
2025-06-12 03:56:00,35.2
2025-06-12 10:27:00,32.0
2025-06-12 10:59:00,11.0
2025-06-12 18:32:00,10.0
2025-06-12 06:36:00,66.1
2025-06-12 01:21:00,64.9
2025-06-12 04:43:00,66.1
2025-06-12 16:32:00,62.5
2025-06-12 11:32:00,26.9
2025-06-12 15:36:00,78.6
2025-06-12 05:12:00,19.1
2025-06-12 18:18:00,50.0
2025-06-12 13:31:00,50.31892714921527
2025-06-12 01:30:00,94.9
2025-06-12 08:59:00,26.4
2025-06-12 17:42:00,57.4
2025-06-12 21:13:00,37.8
2025-06-12 08:05:00,60.7
2025-06-12 13:21:00,74.3
2025-06-12 19:03:00,6.7
2025-06-12 03:22:00,83.6
2025-06-12 19:15:00,50.31892714921527
2025-06-12 20:44:00,43.1
2025-06-12 17:28:00,93.3
2025-06-12 11:17:00,44.3
2025-06-12 03:10:00,24.5
2025-06-12 03:11:00,41.2
2025-06-12 01:35:00,50.31892714921527
2025-06-12 14:03:00,88.1
2025-06-12 01:06:00,73.0
2025-06-12 09:29:00,70.9
2025-06-12 00:47:00,17.5
2025-06-12 01:12:00,16.8
2025-06-12 05:16:00,90.7
2025-06-12 02:28:00,35.7
2025-06-12 04:36:00,33.6
2025-06-12 00:41:00,61.0
2025-06-12 21:39:00,61.2
2025-06-12 10:55:00,67.8
2025-06-12 20:22:00,59.2
2025-06-12 00:57:00,21.0
2025-06-12 14:18:00,67.2
2025-06-12 21:11:00,78.6
2025-06-12 23:41:00,51.5
2025-06-12 18:15:00,56.9
2025-06-12 12:45:00,63.1
2025-06-12 14:27:00,46.6
2025-06-12 15:19:00,25.5
2025-06-12 14:03:00,0.5
2025-06-12 08:39:00,73.7
2025-06-12 11:13:00,71.0
2025-06-12 09:45:00,50.31892714921527
2025-06-12 00:26:00,3.1
2025-06-12 03:18:00,4.1
2025-06-12 11:30:00,56.0
2025-06-12 13:29:00,94.7
2025-06-12 05:05:00,61.9
2025-06-12 01:46:00,83.0
2025-06-12 04:42:00,14.1
2025-06-12 08:41:00,50.31892714921527
2025-06-12 21:20:00,32.5
2025-06-12 04:20:00,6.6
2025-06-12 03:21:00,70.6
2025-06-12 18:16:00,91.9
2025-06-12 18:46:00,58.3
2025-06-12 10:09:00,50.31892714921527
2025-06-12 19:43:00,60.1
2025-06-12 14:41:00,85.8
2025-06-12 02:29:00,62.3
2025-06-12 02:07:00,89.1
2025-06-12 11:00:00,74.0
2025-06-12 01:29:00,64.0
2025-06-12 15:28:00,93.9
2025-06-12 02:55:00,5.1
2025-06-12 15:48:00,28.4
2025-06-12 09:39:00,49.9
2025-06-12 22:35:00,15.7
2025-06-12 06:51:00,23.1
2025-06-12 10:12:00,50.31892714921527
2025-06-12 01:47:00,58.2
2025-06-12 01:06:00,20.7
2025-06-12 08:16:00,80.9
2025-06-12 03:23:00,61.9
2025-06-12 08:31:00,38.0
2025-06-12 09:26:00,98.2
2025-06-12 16:15:00,71.4
2025-06-12 12:30:00,95.6
2025-06-12 15:54:00,80.8
2025-06-12 00:24:00,24.3
2025-06-12 20:10:00,84.2
2025-06-12 20:45:00,42.9
2025-06-12 05:33:00,12.9
2025-06-12 00:02:00,50.31892714921527
2025-06-12 10:01:00,96.5
2025-06-12 20:00:00,26.3
2025-06-12 01:07:00,50.31892714921527
2025-06-12 16:05:00,24.7
2025-06-12 05:07:00,55.4
2025-06-12 12:41:00,67.1
2025-06-12 12:20:00,44.7
2025-06-12 19:14:00,4.1
2025-06-12 22:39:00,27.2
2025-06-12 02:23:00,8.7
2025-06-12 10:16:00,49.5
2025-06-12 17:02:00,86.4
2025-06-12 05:37:00,8.6
2025-06-12 03:17:00,15.8
2025-06-12 20:42:00,65.8
2025-06-12 14:40:00,50.31892714921527
2025-06-12 01:05:00,74.3
2025-06-12 00:34:00,99.8
2025-06-12 20:10:00,99.7
2025-06-12 17:02:00,28.3
2025-06-12 13:20:00,92.1
2025-06-12 06:14:00,63.8
2025-06-12 15:26:00,50.31892714921527
2025-06-12 03:16:00,6.4
2025-06-12 11:34:00,50.31892714921527
2025-06-12 03:35:00,39.7
2025-06-12 16:12:00,74.7
2025-06-12 05:51:00,5.4
2025-06-12 19:04:00,36.0
2025-06-12 10:47:00,50.4
2025-06-12 19:27:00,10.3
2025-06-12 11:44:00,50.31892714921527
2025-06-12 17:59:00,50.31892714921527
2025-06-12 08:18:00,51.9
2025-06-12 02:06:00,69.7
2025-06-12 14:29:00,55.4
2025-06-12 03:33:00,74.9
2025-06-12 07:07:00,92.6
2025-06-12 15:05:00,49.8
2025-06-12 18:49:00,80.4
2025-06-12 03:50:00,83.2
2025-06-12 21:03:00,34.8
2025-06-12 09:09:00,37.4
2025-06-12 01:21:00,59.9
2025-06-12 13:29:00,44.2
2025-06-12 08:47:00,8.6
2025-06-12 17:34:00,68.1
2025-06-12 01:22:00,75.9
2025-06-12 18:16:00,44.9
2025-06-12 20:18:00,50.31892714921527
2025-06-12 17:42:00,57.9
2025-06-12 19:29:00,0.9
2025-06-12 04:17:00,87.3
2025-06-12 07:29:00,54.4
2025-06-12 06:39:00,37.0
2025-06-12 04:51:00,56.6
2025-06-12 23:20:00,92.2
2025-06-12 05:40:00,41.4
2025-06-12 04:12:00,49.3
2025-06-12 19:37:00,64.0
2025-06-12 20:42:00,92.0
2025-06-12 10:23:00,91.8
2025-06-12 03:37:00,46.8
2025-06-12 04:56:00,76.6
2025-06-12 09:35:00,50.31892714921527
2025-06-12 17:45:00,72.3
2025-06-12 13:20:00,42.3
2025-06-12 04:43:00,50.31892714921527
2025-06-12 05:43:00,53.7
2025-06-12 14:40:00,32.1
2025-06-12 01:03:00,90.8
2025-06-12 00:55:00,57.8
2025-06-12 11:28:00,74.3
2025-06-12 09:38:00,21.5
2025-06-12 21:42:00,99.7
2025-06-12 13:53:00,59.3
2025-06-12 03:34:00,32.4
2025-06-12 12:16:00,26.1
2025-06-12 11:04:00,50.31892714921527
2025-06-12 06:28:00,53.3
2025-06-12 14:19:00,45.6
2025-06-12 18:23:00,4.9
2025-06-12 04:05:00,68.8
2025-06-12 20:56:00,50.9
2025-06-12 16:37:00,23.0
2025-06-12 17:21:00,7.1
2025-06-12 15:59:00,28.2
2025-06-12 13:37:00,59.5
2025-06-12 00:13:00,86.5
2025-06-12 14:45:00,69.9
2025-06-12 19:57:00,50.31892714921527
2025-06-12 18:27:00,59.4
2025-06-12 08:17:00,68.5
2025-06-12 10:44:00,50.31892714921527
2025-06-12 08:51:00,50.31892714921527
2025-06-12 08:32:00,93.9
2025-06-12 15:35:00,93.8
2025-06-12 06:54:00,50.31892714921527
2025-06-12 06:11:00,56.8
2025-06-12 13:35:00,29.9
2025-06-12 01:07:00,37.3
2025-06-12 21:41:00,97.8
2025-06-12 03:32:00,50.31892714921527
2025-06-12 03:55:00,7.2
2025-06-12 08:27:00,40.0
2025-06-12 18:30:00,8.9
2025-06-12 23:17:00,77.0
2025-06-12 02:22:00,63.8
2025-06-12 21:18:00,24.6
2025-06-12 08:56:00,58.5
2025-06-12 15:19:00,50.31892714921527
2025-06-12 07:06:00,50.31892714921527
2025-06-12 13:17:00,54.1
2025-06-12 13:22:00,85.3
2025-06-12 10:30:00,86.6
2025-06-12 07:55:00,50.31892714921527
2025-06-12 20:53:00,50.31892714921527
2025-06-12 04:22:00,13.3
2025-06-12 00:22:00,71.6
2025-06-12 15:31:00,92.3
2025-06-12 02:22:00,24.3
2025-06-12 17:00:00,67.3
2025-06-12 18:35:00,30.4
2025-06-12 06:10:00,50.31892714921527
2025-06-12 03:08:00,1.9
2025-06-12 04:41:00,70.7
2025-06-12 06:55:00,71.7
2025-06-12 01:59:00,50.31892714921527
2025-06-12 15:38:00,45.2
2025-06-12 10:35:00,50.31892714921527
2025-06-12 14:05:00,41.8
2025-06-12 19:39:00,61.7
2025-06-12 16:54:00,46.7
2025-06-12 11:34:00,67.6
2025-06-12 13:21:00,58.4
2025-06-12 13:00:00,45.5
2025-06-12 21:33:00,91.5
2025-06-12 15:17:00,50.31892714921527
2025-06-12 16:16:00,95.6
2025-06-12 08:27:00,45.2
2025-06-12 18:58:00,62.3
2025-06-12 12:33:00,87.3
2025-06-12 00:46:00,97.3
2025-06-12 06:32:00,61.8
2025-06-12 02:22:00,35.5
2025-06-12 20:38:00,12.6
2025-06-12 01:14:00,36.4
2025-06-12 11:00:00,56.0
2025-06-12 10:04:00,43.2
2025-06-12 08:44:00,4.0
2025-06-12 22:59:00,75.6
2025-06-12 23:13:00,17.4
2025-06-12 11:54:00,31.6
2025-06-12 14:45:00,50.2
2025-06-12 07:10:00,12.6
2025-06-12 19:36:00,63.6
2025-06-12 20:18:00,4.9
2025-06-12 02:53:00,50.31892714921527
2025-06-12 20:11:00,50.31892714921527
2025-06-12 03:14:00,98.3
2025-06-12 08:58:00,12.3
2025-06-12 15:51:00,14.6
2025-06-12 15:19:00,57.5
2025-06-12 05:31:00,40.5
2025-06-12 10:00:00,15.6
2025-06-12 01:53:00,60.9
2025-06-12 07:29:00,30.1
2025-06-12 10:15:00,91.7
2025-06-12 06:37:00,60.6
2025-06-12 00:39:00,98.3
2025-06-12 05:47:00,97.8
2025-06-12 16:13:00,77.0
2025-06-12 04:34:00,29.0
2025-06-12 18:50:00,50.31892714921527
2025-06-12 11:22:00,88.6
2025-06-12 05:16:00,17.5
2025-06-12 04:40:00,24.7
2025-06-12 11:34:00,14.1
2025-06-12 15:32:00,1.8
2025-06-12 16:25:00,41.3
2025-06-12 17:47:00,10.2
2025-06-12 19:29:00,50.31892714921527
2025-06-12 00:52:00,52.2
2025-06-12 14:12:00,30.9
2025-06-12 00:06:00,33.6
2025-06-12 03:48:00,95.7
2025-06-12 11:36:00,64.2
2025-06-12 14:09:00,43.7
2025-06-12 16:54:00,86.2
2025-06-12 22:52:00,68.4
2025-06-12 03:16:00,50.31892714921527
2025-06-12 06:06:00,50.31892714921527
2025-06-12 22:12:00,11.3
2025-06-12 00:25:00,50.31892714921527
2025-06-12 21:57:00,33.0
2025-06-12 14:20:00,41.9
2025-06-12 18:40:00,25.7
2025-06-12 21:54:00,62.9
2025-06-12 14:19:00,87.9
2025-06-12 23:50:00,36.5
2025-06-12 07:36:00,27.5
2025-06-12 17:09:00,9.6
2025-06-12 15:55:00,19.0
2025-06-12 06:30:00,54.9
2025-06-12 02:11:00,55.4
2025-06-12 11:31:00,68.1
2025-06-12 22:08:00,52.4
2025-06-12 23:14:00,98.1
2025-06-12 01:37:00,60.6
2025-06-12 19:49:00,46.6
2025-06-12 03:20:00,45.1
2025-06-12 07:53:00,83.9
2025-06-12 11:22:00,14.4
2025-06-12 22:00:00,51.6
2025-06-12 23:40:00,50.31892714921527
2025-06-12 14:51:00,53.4
2025-06-12 23:15:00,54.2
2025-06-12 13:03:00,50.31892714921527
2025-06-12 11:53:00,91.3
2025-06-12 12:49:00,68.9
2025-06-12 23:20:00,15.0
2025-06-12 19:13:00,7.5
2025-06-12 18:35:00,17.0
2025-06-12 17:30:00,78.4
2025-06-12 22:53:00,50.31892714921527
2025-06-12 16:01:00,76.6
2025-06-12 19:23:00,19.1
2025-06-12 09:39:00,95.3
2025-06-12 16:11:00,6.5
2025-06-12 01:51:00,67.3
2025-06-12 22:50:00,64.2
2025-06-12 03:46:00,69.0
2025-06-12 03:51:00,50.31892714921527
2025-06-12 01:12:00,27.2
2025-06-12 10:21:00,26.8
2025-06-12 01:59:00,50.31892714921527
2025-06-12 01:30:00,24.8
2025-06-12 11:18:00,36.5
2025-06-12 15:08:00,1.1
2025-06-12 23:05:00,50.9
2025-06-12 11:38:00,25.6
2025-06-12 19:16:00,96.0
2025-06-12 19:58:00,99.4
2025-06-12 01:00:00,42.7
2025-06-12 06:33:00,57.1
2025-06-12 14:43:00,97.9
2025-06-12 22:10:00,20.7
2025-06-12 14:38:00,43.7
2025-06-12 09:36:00,88.3
2025-06-12 23:30:00,96.6
2025-06-12 20:07:00,31.1
2025-06-12 20:02:00,8.3
2025-06-12 22:17:00,6.1
2025-06-12 06:43:00,88.8
2025-06-12 17:34:00,30.3
2025-06-12 11:04:00,49.91221338324755
2025-06-12 09:03:00,70.6
2025-06-12 07:51:00,9.1
2025-06-12 07:28:00,23.8
2025-06-12 10:03:00,77.0
2025-06-12 00:04:00,5.4
2025-06-12 14:25:00,42.8
2025-06-12 19:09:00,8.4
2025-06-12 16:40:00,30.0
2025-06-12 16:19:00,34.8
2025-06-12 01:15:00,0.3
2025-06-12 15:42:00,88.4
2025-06-12 02:46:00,5.9
2025-06-12 14:23:00,75.2
2025-06-12 03:40:00,55.7
2025-06-12 22:49:00,57.5
2025-06-12 14:37:00,49.91221338324755
2025-06-12 10:02:00,59.9
2025-06-12 18:33:00,53.7
2025-06-12 08:05:00,47.0
2025-06-12 05:19:00,17.0
2025-06-12 09:06:00,49.91221338324755
2025-06-12 12:44:00,21.3
2025-06-12 01:07:00,33.8
2025-06-12 05:46:00,49.91221338324755
2025-06-12 22:03:00,18.4
2025-06-12 22:01:00,89.7
2025-06-12 14:44:00,47.6
2025-06-12 05:25:00,96.6
2025-06-12 15:43:00,51.1
2025-06-12 06:58:00,63.5
2025-06-12 03:25:00,14.3
2025-06-12 10:26:00,97.7
2025-06-12 07:12:00,39.8
2025-06-12 19:06:00,98.2
2025-06-12 21:04:00,28.6
2025-06-12 18:28:00,4.3
2025-06-12 15:03:00,51.5
2025-06-12 20:47:00,65.4
2025-06-12 17:06:00,31.4
2025-06-12 18:58:00,49.91221338324755
2025-06-12 01:21:00,46.7
2025-06-12 19:12:00,29.9
2025-06-12 06:18:00,90.5
2025-06-12 23:47:00,13.7
2025-06-12 23:20:00,9.4
2025-06-12 01:03:00,49.0
2025-06-12 13:03:00,5.7
2025-06-12 17:07:00,89.0
2025-06-12 04:58:00,97.1
2025-06-12 07:59:00,89.9
2025-06-12 09:00:00,9.9
2025-06-12 20:10:00,49.1
2025-06-12 11:01:00,22.5
2025-06-12 00:42:00,12.0
2025-06-12 22:24:00,18.3
2025-06-12 00:22:00,22.0
2025-06-12 17:44:00,9.8
2025-06-12 09:06:00,59.0
2025-06-12 23:11:00,83.0
2025-06-12 19:03:00,15.6
2025-06-12 05:06:00,15.2
2025-06-12 21:38:00,49.91221338324755
2025-06-12 07:12:00,96.5
2025-06-12 17:37:00,41.5
2025-06-12 04:56:00,3.6
2025-06-12 03:10:00,14.6
2025-06-12 23:35:00,49.91221338324755
2025-06-12 11:34:00,42.5
2025-06-12 06:02:00,49.91221338324755
2025-06-12 07:35:00,87.0
2025-06-12 04:12:00,90.2
2025-06-12 02:32:00,0.2
2025-06-12 14:38:00,83.1
2025-06-12 04:37:00,86.7
2025-06-12 15:05:00,9.3
2025-06-12 10:33:00,6.1
2025-06-12 01:38:00,39.4
2025-06-12 01:55:00,49.91221338324755
2025-06-12 01:01:00,13.4
2025-06-12 10:12:00,49.91221338324755
2025-06-12 08:14:00,99.5
2025-06-12 21:45:00,42.2
2025-06-12 09:42:00,49.91221338324755
2025-06-12 12:48:00,61.5
2025-06-12 12:03:00,62.3
2025-06-12 06:05:00,35.0
2025-06-12 23:13:00,20.5
2025-06-12 15:47:00,16.0
2025-06-12 08:19:00,32.4
2025-06-12 18:07:00,33.3
2025-06-12 15:28:00,49.91221338324755
2025-06-12 03:20:00,11.5
2025-06-12 16:44:00,6.3
2025-06-12 16:48:00,34.8
2025-06-12 17:17:00,89.7
2025-06-12 01:11:00,42.4
2025-06-12 00:58:00,28.2
2025-06-12 12:15:00,6.8
2025-06-12 07:21:00,89.6
2025-06-12 21:06:00,35.9
2025-06-12 04:50:00,49.91221338324755
2025-06-12 05:14:00,23.9
2025-06-12 21:57:00,49.91221338324755
2025-06-12 06:10:00,26.5
2025-06-12 05:27:00,91.6
2025-06-12 18:24:00,61.3
2025-06-12 15:57:00,98.2
2025-06-12 23:04:00,98.3
2025-06-12 10:03:00,60.3
2025-06-12 15:00:00,64.7
2025-06-12 17:59:00,46.3
2025-06-12 00:18:00,62.0
2025-06-12 00:52:00,49.91221338324755
2025-06-12 15:50:00,41.5
2025-06-12 18:09:00,41.6
2025-06-12 07:00:00,80.6
2025-06-12 07:11:00,80.1
2025-06-12 08:15:00,58.3
2025-06-12 10:12:00,93.7
2025-06-12 14:33:00,49.91221338324755
2025-06-12 17:45:00,75.1
2025-06-12 18:04:00,93.9
2025-06-12 08:47:00,74.6
2025-06-12 14:06:00,57.6
2025-06-12 22:19:00,86.7
2025-06-12 17:23:00,41.5
2025-06-12 08:08:00,18.1
2025-06-12 21:32:00,39.8
2025-06-12 11:46:00,92.5
2025-06-12 07:46:00,94.2
2025-06-12 12:12:00,99.7
2025-06-12 10:03:00,36.3
2025-06-12 18:11:00,24.0
2025-06-12 08:58:00,49.91221338324755
2025-06-12 13:15:00,27.0
2025-06-12 19:41:00,78.9
2025-06-12 08:04:00,49.91221338324755
2025-06-12 01:25:00,49.91221338324755
2025-06-12 11:10:00,22.2
2025-06-12 02:08:00,35.9
2025-06-12 07:36:00,23.4
2025-06-12 09:14:00,31.3
2025-06-12 00:25:00,71.6
2025-06-12 16:55:00,47.3
2025-06-12 21:58:00,22.0
2025-06-12 20:12:00,49.91221338324755
2025-06-12 12:26:00,58.5
2025-06-12 17:47:00,78.1
2025-06-12 04:18:00,68.8
2025-06-12 09:55:00,46.2
2025-06-12 22:01:00,49.91221338324755
2025-06-12 02:47:00,20.1
2025-06-12 01:31:00,86.7
2025-06-12 10:57:00,63.0
2025-06-12 04:25:00,64.7
2025-06-12 22:40:00,67.9
2025-06-12 10:07:00,49.91221338324755
2025-06-12 13:44:00,79.9
2025-06-12 18:54:00,49.91221338324755
2025-06-12 08:41:00,49.91221338324755
2025-06-12 21:46:00,0.7
2025-06-12 15:36:00,54.9
2025-06-12 16:07:00,49.91221338324755
2025-06-12 10:43:00,53.5
2025-06-12 12:33:00,5.0
2025-06-12 11:21:00,38.8
2025-06-12 01:07:00,13.7
2025-06-12 15:23:00,16.2
2025-06-12 17:41:00,88.1
2025-06-12 20:11:00,69.5
2025-06-12 23:37:00,28.4
2025-06-12 11:21:00,84.5
2025-06-12 03:15:00,49.91221338324755
2025-06-12 03:20:00,55.5
2025-06-12 15:17:00,24.8
2025-06-12 13:43:00,41.8
2025-06-12 10:33:00,38.9
2025-06-12 15:51:00,16.9
2025-06-12 23:59:00,10.8
2025-06-12 05:52:00,72.8
2025-06-12 09:47:00,44.8
2025-06-12 16:11:00,83.1
2025-06-12 13:21:00,59.1
2025-06-12 11:37:00,25.1
2025-06-12 02:43:00,49.91221338324755
2025-06-12 16:23:00,17.3
2025-06-12 21:08:00,76.6
2025-06-12 15:48:00,94.7
2025-06-12 03:29:00,95.9
2025-06-12 17:05:00,96.7
2025-06-12 11:36:00,82.6
2025-06-12 10:21:00,49.91221338324755
2025-06-12 09:29:00,80.4
2025-06-12 04:16:00,26.1
2025-06-12 05:38:00,83.9
2025-06-12 17:15:00,43.0
2025-06-12 15:13:00,41.6
2025-06-12 07:57:00,88.5
2025-06-12 21:49:00,66.0
2025-06-12 18:51:00,49.91221338324755
2025-06-12 23:01:00,94.0
2025-06-12 14:33:00,85.1
2025-06-12 15:59:00,52.1
2025-06-12 01:54:00,92.2
2025-06-12 19:28:00,55.4
2025-06-12 21:01:00,26.0
2025-06-12 14:07:00,88.6
2025-06-12 22:41:00,52.7
2025-06-12 06:22:00,31.1
2025-06-12 02:36:00,49.91221338324755
2025-06-12 04:22:00,81.4
2025-06-12 14:30:00,91.1
2025-06-12 19:01:00,97.6
2025-06-12 09:59:00,27.6
2025-06-12 18:24:00,92.6
2025-06-12 13:30:00,67.3
2025-06-12 15:27:00,49.91221338324755
2025-06-12 22:10:00,8.7
2025-06-12 19:51:00,67.5
2025-06-12 10:02:00,25.0
2025-06-12 01:56:00,12.0
2025-06-12 20:40:00,49.91221338324755
2025-06-12 23:58:00,49.91221338324755
2025-06-12 15:07:00,53.3
2025-06-12 22:57:00,32.2
2025-06-12 19:55:00,25.7
2025-06-12 13:09:00,49.91221338324755
2025-06-12 00:17:00,68.6
2025-06-12 16:42:00,87.6
2025-06-12 02:08:00,26.5
2025-06-12 19:59:00,48.6
2025-06-12 04:22:00,49.91221338324755
2025-06-12 07:18:00,48.5
2025-06-12 13:15:00,63.7
2025-06-12 07:30:00,49.91221338324755
2025-06-12 00:27:00,79.0
2025-06-12 09:23:00,76.1
2025-06-12 14:47:00,83.2
2025-06-12 19:36:00,49.91221338324755
2025-06-12 14:29:00,69.3
2025-06-12 19:14:00,37.5
2025-06-12 19:07:00,47.6
2025-06-12 14:24:00,10.4
2025-06-12 21:46:00,18.2
2025-06-12 11:38:00,15.6
2025-06-12 21:43:00,7.6
2025-06-12 12:05:00,5.1
2025-06-12 22:01:00,71.2
2025-06-12 02:53:00,13.2
2025-06-12 04:40:00,39.4
2025-06-12 03:32:00,26.7
2025-06-12 09:46:00,49.91221338324755
2025-06-12 23:19:00,53.4
2025-06-12 23:03:00,81.2
2025-06-12 05:19:00,0.8
2025-06-12 13:15:00,86.8
2025-06-12 11:14:00,49.91221338324755
2025-06-12 13:20:00,0.6
2025-06-12 16:19:00,49.91221338324755
2025-06-12 22:31:00,35.6
2025-06-12 12:43:00,45.9
2025-06-12 06:16:00,49.91221338324755
2025-06-12 07:03:00,95.9
2025-06-12 15:07:00,58.3
2025-06-12 08:28:00,39.4
2025-06-12 16:01:00,90.6
2025-06-12 04:53:00,26.0
2025-06-12 22:18:00,40.5
2025-06-12 18:18:00,52.7
2025-06-12 07:52:00,12.6
2025-06-12 20:12:00,6.7
2025-06-12 22:21:00,73.5
2025-06-12 21:11:00,97.0
2025-06-12 14:58:00,35.8
2025-06-12 02:02:00,47.3
2025-06-12 16:48:00,76.0
2025-06-12 08:33:00,15.2
2025-06-12 08:29:00,33.0
2025-06-12 07:43:00,45.6
2025-06-12 06:58:00,49.91221338324755
2025-06-12 21:52:00,57.7
2025-06-12 14:51:00,17.9
2025-06-12 07:44:00,59.9
2025-06-12 21:02:00,3.0
2025-06-12 23:16:00,68.1
2025-06-12 10:22:00,68.2
2025-06-12 06:24:00,80.2
2025-06-12 00:27:00,89.9
2025-06-12 21:30:00,12.1
2025-06-12 18:55:00,39.5
2025-06-12 00:18:00,11.0
2025-06-12 19:41:00,59.9
2025-06-12 09:38:00,41.5
2025-06-12 12:05:00,1.7
2025-06-12 08:01:00,34.1
2025-06-12 02:31:00,49.91221338324755
2025-06-12 19:03:00,13.8
2025-06-12 03:02:00,4.4
2025-06-12 21:43:00,66.7
2025-06-12 06:22:00,28.4
2025-06-12 11:07:00,44.9
2025-06-12 10:42:00,3.6
2025-06-12 07:28:00,12.3
2025-06-12 01:33:00,0.4
2025-06-12 19:02:00,85.4
2025-06-12 16:45:00,8.2
2025-06-12 06:41:00,45.2
2025-06-12 03:20:00,80.8
2025-06-12 02:27:00,77.3
2025-06-12 07:25:00,49.91221338324755
2025-06-12 23:46:00,37.9
2025-06-12 10:13:00,49.91221338324755
2025-06-12 12:15:00,49.91221338324755
2025-06-12 11:04:00,49.91221338324755
2025-06-12 17:41:00,65.4
2025-06-12 14:32:00,26.3
2025-06-12 16:06:00,52.5
2025-06-12 13:16:00,96.1
2025-06-12 16:22:00,95.3
2025-06-12 16:32:00,75.3
2025-06-12 22:01:00,76.9
2025-06-12 21:47:00,50.557353635505194
2025-06-12 10:30:00,14.0
2025-06-12 22:29:00,77.2
2025-06-12 03:37:00,52.2
2025-06-12 22:03:00,47.4
2025-06-12 06:22:00,1.9
2025-06-12 12:19:00,93.7
2025-06-12 11:25:00,52.0
2025-06-12 11:37:00,29.1
2025-06-12 08:17:00,70.3
2025-06-12 11:08:00,90.6
2025-06-12 00:54:00,80.8
2025-06-12 06:36:00,4.1
2025-06-12 20:36:00,96.2
2025-06-12 10:52:00,10.7
2025-06-12 07:44:00,28.7
2025-06-12 13:38:00,45.2
2025-06-12 01:07:00,18.6
2025-06-12 15:00:00,70.1
2025-06-12 10:58:00,64.2
2025-06-12 19:54:00,5.5
2025-06-12 23:52:00,34.9
2025-06-12 02:35:00,58.5
2025-06-12 16:41:00,54.2
2025-06-12 19:36:00,38.6
2025-06-12 03:22:00,46.8
2025-06-12 18:13:00,32.7
2025-06-12 00:18:00,17.9
2025-06-12 22:52:00,33.7
2025-06-12 16:20:00,88.8
2025-06-12 12:05:00,43.9
2025-06-12 05:42:00,68.7
2025-06-12 00:58:00,94.4
2025-06-12 17:16:00,74.2
2025-06-12 10:40:00,58.0
2025-06-12 18:56:00,76.2
2025-06-12 01:10:00,79.3
2025-06-12 02:36:00,47.9
2025-06-12 02:49:00,50.557353635505194
2025-06-12 10:56:00,84.1
2025-06-12 15:06:00,50.557353635505194
2025-06-12 04:31:00,9.6
2025-06-12 02:57:00,50.557353635505194
2025-06-12 01:19:00,58.6
2025-06-12 06:43:00,5.8
2025-06-12 03:07:00,40.0
2025-06-12 04:08:00,4.6
2025-06-12 18:31:00,25.0
2025-06-12 15:38:00,50.557353635505194
2025-06-12 02:27:00,2.1
2025-06-12 07:33:00,34.1
2025-06-12 03:29:00,18.9
2025-06-12 23:29:00,52.7
2025-06-12 15:25:00,1.4
2025-06-12 04:30:00,50.557353635505194
2025-06-12 12:33:00,42.8
2025-06-12 10:25:00,57.5
2025-06-12 02:58:00,83.1
2025-06-12 19:05:00,50.557353635505194
2025-06-12 01:57:00,47.7
2025-06-12 15:02:00,42.7
2025-06-12 01:00:00,15.4
2025-06-12 04:42:00,68.9
2025-06-12 18:27:00,1.2
2025-06-12 10:27:00,50.557353635505194
2025-06-12 00:56:00,84.6
2025-06-12 17:08:00,38.4
2025-06-12 16:20:00,64.5
2025-06-12 21:31:00,24.4
2025-06-12 00:05:00,82.2
2025-06-12 06:40:00,75.8
2025-06-12 06:25:00,5.1
2025-06-12 14:15:00,96.5
2025-06-12 13:50:00,85.9
2025-06-12 23:54:00,23.2
2025-06-12 13:52:00,34.0
2025-06-12 09:22:00,19.3
2025-06-12 05:54:00,6.5
2025-06-12 00:53:00,60.5
2025-06-12 13:10:00,5.7
2025-06-12 23:01:00,50.557353635505194
2025-06-12 21:15:00,13.4
2025-06-12 05:09:00,50.557353635505194
2025-06-12 16:26:00,32.0
2025-06-12 07:44:00,79.5
2025-06-12 05:56:00,50.557353635505194
2025-06-12 01:58:00,26.9
2025-06-12 00:15:00,41.8
2025-06-12 20:01:00,6.1
2025-06-12 03:57:00,9.0
2025-06-12 03:16:00,63.5
2025-06-12 10:17:00,72.3
2025-06-12 17:46:00,90.3
2025-06-12 18:28:00,2.3
2025-06-12 11:38:00,50.557353635505194
2025-06-12 02:59:00,22.6
2025-06-12 10:02:00,50.557353635505194
2025-06-12 02:45:00,80.5
2025-06-12 22:40:00,93.2
2025-06-12 10:34:00,73.2
2025-06-12 12:05:00,34.9
2025-06-12 17:02:00,22.3
2025-06-12 04:37:00,35.7
2025-06-12 02:05:00,67.2
2025-06-12 16:14:00,15.4
2025-06-12 13:42:00,50.557353635505194
2025-06-12 07:57:00,2.3
2025-06-12 12:18:00,56.7
2025-06-12 21:12:00,19.1
2025-06-12 04:29:00,4.7
2025-06-12 22:55:00,23.9
2025-06-12 15:51:00,56.5
2025-06-12 11:41:00,30.9
2025-06-12 13:10:00,8.2
2025-06-12 12:24:00,5.9
2025-06-12 12:08:00,54.5
2025-06-12 15:20:00,81.1
2025-06-12 20:43:00,64.1
2025-06-12 08:21:00,50.557353635505194
2025-06-12 01:02:00,84.6
2025-06-12 02:40:00,7.4
2025-06-12 06:06:00,87.2
2025-06-12 01:19:00,55.6
2025-06-12 00:30:00,10.5
2025-06-12 03:45:00,88.7
2025-06-12 02:33:00,66.0
2025-06-12 09:24:00,50.557353635505194
2025-06-12 07:40:00,22.5
2025-06-12 07:59:00,50.557353635505194
2025-06-12 18:35:00,60.1
2025-06-12 09:01:00,50.557353635505194
2025-06-12 19:40:00,44.5
2025-06-12 19:39:00,94.6
2025-06-12 20:52:00,92.3
2025-06-12 13:38:00,28.4
2025-06-12 04:56:00,5.1
2025-06-12 03:00:00,47.5
2025-06-12 13:54:00,28.3
2025-06-12 08:59:00,99.6
2025-06-12 14:42:00,99.8
2025-06-12 00:34:00,1.1
2025-06-12 10:35:00,79.5
2025-06-12 10:17:00,50.557353635505194
2025-06-12 15:15:00,45.2
2025-06-12 09:53:00,50.557353635505194
2025-06-12 09:46:00,50.557353635505194
2025-06-12 06:27:00,57.0
2025-06-12 06:23:00,25.8
2025-06-12 10:47:00,61.0
2025-06-12 04:32:00,50.557353635505194
2025-06-12 06:21:00,6.9
2025-06-12 04:23:00,92.1
2025-06-12 08:55:00,24.9
2025-06-12 11:10:00,32.7
2025-06-12 00:26:00,86.3
2025-06-12 10:22:00,50.4
2025-06-12 21:03:00,99.1
2025-06-12 03:46:00,50.557353635505194
2025-06-12 13:11:00,26.4
2025-06-12 12:14:00,10.4
2025-06-12 04:29:00,59.4
2025-06-12 03:10:00,60.3
2025-06-12 04:44:00,18.8
2025-06-12 21:37:00,3.7
2025-06-12 15:21:00,1.9
2025-06-12 06:39:00,22.7
2025-06-12 08:25:00,58.0
2025-06-12 02:46:00,50.557353635505194
2025-06-12 19:49:00,50.557353635505194
2025-06-12 20:38:00,33.9
2025-06-12 03:54:00,94.3
2025-06-12 22:54:00,50.557353635505194
2025-06-12 23:03:00,97.2
2025-06-12 02:54:00,41.1
2025-06-12 17:39:00,83.3
2025-06-12 11:00:00,12.8
2025-06-12 18:11:00,29.0
2025-06-12 14:59:00,11.5
2025-06-12 14:14:00,77.4
2025-06-12 09:27:00,47.9
2025-06-12 23:30:00,50.557353635505194
2025-06-12 06:09:00,23.5
2025-06-12 12:08:00,6.7
2025-06-12 23:44:00,50.557353635505194
2025-06-12 07:49:00,22.9
2025-06-12 04:07:00,28.9
2025-06-12 20:28:00,36.4
2025-06-12 05:53:00,98.6
2025-06-12 01:21:00,50.557353635505194
2025-06-12 12:48:00,82.3
2025-06-12 20:59:00,50.557353635505194
2025-06-12 20:05:00,81.5
2025-06-12 07:12:00,41.4
2025-06-12 16:40:00,85.6
2025-06-12 14:57:00,32.8
2025-06-12 00:55:00,49.0
2025-06-12 21:12:00,19.3
2025-06-12 17:46:00,3.9
2025-06-12 07:11:00,50.557353635505194
2025-06-12 02:45:00,50.557353635505194
2025-06-12 05:57:00,1.2
2025-06-12 06:32:00,54.9
2025-06-12 01:54:00,18.9
2025-06-12 19:16:00,94.4
2025-06-12 15:41:00,41.4
2025-06-12 15:52:00,34.9
2025-06-12 09:50:00,44.7
2025-06-12 12:21:00,50.557353635505194
2025-06-12 09:54:00,62.6
2025-06-12 02:11:00,85.9
2025-06-12 08:30:00,94.0
2025-06-12 14:34:00,50.557353635505194
2025-06-12 06:10:00,42.2
2025-06-12 05:00:00,50.557353635505194
2025-06-12 18:04:00,50.557353635505194
2025-06-12 22:58:00,80.2
2025-06-12 13:12:00,50.557353635505194
2025-06-12 00:00:00,37.4
2025-06-12 09:38:00,41.3
2025-06-12 13:50:00,23.6
2025-06-12 20:14:00,82.9
2025-06-12 18:42:00,69.9
2025-06-12 18:51:00,33.6
2025-06-12 22:53:00,50.557353635505194
2025-06-12 16:13:00,50.557353635505194
2025-06-12 02:04:00,50.557353635505194
2025-06-12 07:52:00,92.6
2025-06-12 18:45:00,30.7
2025-06-12 22:14:00,46.6
2025-06-12 12:23:00,75.0
2025-06-12 18:35:00,73.5
2025-06-12 07:10:00,8.6
2025-06-12 14:07:00,51.0
2025-06-12 11:04:00,98.9
2025-06-12 17:00:00,38.1
2025-06-12 12:15:00,77.3
2025-06-12 09:06:00,50.557353635505194
2025-06-12 21:51:00,74.0
2025-06-12 09:33:00,78.6
2025-06-12 05:11:00,70.5
2025-06-12 13:00:00,66.7
2025-06-12 19:49:00,27.5
2025-06-12 18:51:00,11.7
2025-06-12 02:41:00,95.2
2025-06-12 21:44:00,95.3
2025-06-12 16:55:00,57.0
2025-06-12 05:14:00,80.0
2025-06-12 06:32:00,88.4
2025-06-12 09:19:00,78.0
2025-06-12 02:54:00,99.1
2025-06-12 13:10:00,95.8
2025-06-12 06:38:00,62.7
2025-06-12 18:07:00,35.3
2025-06-12 07:02:00,37.1
2025-06-12 15:04:00,52.9
2025-06-12 00:41:00,70.8
2025-06-12 02:44:00,61.7
2025-06-12 10:03:00,70.4
2025-06-12 00:13:00,75.1
2025-06-12 13:18:00,88.1
2025-06-12 20:48:00,70.9
2025-06-12 17:03:00,79.9
2025-06-12 07:32:00,77.5
2025-06-12 11:04:00,57.1
2025-06-12 18:42:00,74.7
2025-06-12 11:40:00,12.9
2025-06-12 22:14:00,20.3
2025-06-12 20:41:00,93.9
2025-06-12 01:40:00,39.2
2025-06-12 15:42:00,87.2
2025-06-12 08:23:00,17.6
2025-06-12 10:52:00,31.4
2025-06-12 16:34:00,67.3
2025-06-12 10:49:00,8.6
2025-06-12 22:59:00,96.5
2025-06-12 22:38:00,50.557353635505194
2025-06-12 11:19:00,13.6
2025-06-12 03:41:00,50.557353635505194
2025-06-12 09:32:00,12.9
2025-06-12 12:10:00,41.0
2025-06-12 15:37:00,54.9
2025-06-12 12:26:00,64.5
2025-06-12 16:54:00,19.6
2025-06-12 13:18:00,23.5
2025-06-12 07:40:00,50.557353635505194
2025-06-12 04:08:00,50.557353635505194
2025-06-12 01:16:00,56.0
2025-06-12 19:00:00,91.2
2025-06-12 18:26:00,93.8
2025-06-12 14:51:00,86.0
2025-06-12 19:29:00,23.9
2025-06-12 19:29:00,54.3
2025-06-12 00:27:00,50.557353635505194
2025-06-12 01:43:00,52.3
2025-06-12 17:13:00,93.2
2025-06-12 13:55:00,30.4
2025-06-12 09:39:00,60.8
2025-06-12 06:56:00,21.9
2025-06-12 01:19:00,54.3
2025-06-12 15:43:00,53.8
2025-06-12 06:50:00,98.2
2025-06-12 20:56:00,76.7
2025-06-12 05:35:00,47.2
2025-06-12 10:46:00,13.2
2025-06-12 14:13:00,25.1
2025-06-12 12:12:00,50.557353635505194
2025-06-12 22:27:00,28.8
2025-06-12 00:07:00,90.1
2025-06-12 22:19:00,28.6
2025-06-12 12:33:00,85.7
2025-06-12 23:04:00,90.0
2025-06-12 21:36:00,1.5
2025-06-12 19:31:00,61.0
2025-06-12 15:40:00,80.6
2025-06-12 20:40:00,42.8
2025-06-12 12:14:00,38.0
2025-06-12 05:20:00,7.1
2025-06-12 16:18:00,42.9
2025-06-12 03:36:00,38.1
2025-06-12 12:48:00,73.0
2025-06-12 21:47:00,49.87196987526477
2025-06-12 07:32:00,67.4
2025-06-12 14:58:00,46.1
2025-06-12 11:01:00,97.8
2025-06-12 06:42:00,49.87196987526477
2025-06-12 21:02:00,64.1
2025-06-12 04:19:00,15.8
2025-06-12 17:20:00,84.1
2025-06-12 04:18:00,49.87196987526477
2025-06-12 22:00:00,62.4
2025-06-12 02:55:00,70.9
2025-06-12 00:25:00,49.87196987526477
2025-06-12 10:12:00,12.9
2025-06-12 06:24:00,77.0
2025-06-12 10:25:00,49.3
2025-06-12 00:36:00,49.87196987526477
2025-06-12 10:55:00,29.6
2025-06-12 16:41:00,48.3
2025-06-12 08:47:00,15.5
2025-06-12 15:07:00,39.7
2025-06-12 03:11:00,49.87196987526477
2025-06-12 07:33:00,16.5
2025-06-12 05:49:00,22.3
2025-06-12 21:32:00,55.6
2025-06-12 01:19:00,45.4
2025-06-12 21:42:00,49.87196987526477
2025-06-12 04:05:00,69.8
2025-06-12 03:35:00,34.3
2025-06-12 13:46:00,1.7
2025-06-12 02:01:00,96.1
2025-06-12 00:46:00,7.9
2025-06-12 18:09:00,61.1
2025-06-12 15:35:00,61.0
2025-06-12 11:00:00,73.5
2025-06-12 23:28:00,1.4
2025-06-12 16:13:00,12.5
2025-06-12 15:57:00,96.7
2025-06-12 11:01:00,85.4
2025-06-12 17:50:00,79.9
2025-06-12 20:47:00,5.8
2025-06-12 20:17:00,84.3
2025-06-12 16:24:00,49.87196987526477
2025-06-12 14:31:00,82.7
2025-06-12 02:17:00,18.8
2025-06-12 18:39:00,77.5
2025-06-12 07:43:00,8.9
2025-06-12 12:57:00,23.1
2025-06-12 09:38:00,81.6
2025-06-12 08:05:00,99.3
2025-06-12 14:15:00,18.8
2025-06-12 08:00:00,49.87196987526477
2025-06-12 15:38:00,49.87196987526477
2025-06-12 13:47:00,75.0
2025-06-12 22:31:00,49.87196987526477
2025-06-12 14:56:00,72.6
2025-06-12 18:03:00,76.9
2025-06-12 21:33:00,97.4
2025-06-12 17:49:00,37.4
2025-06-12 10:39:00,65.8
2025-06-12 22:14:00,2.6
2025-06-12 02:46:00,49.87196987526477
2025-06-12 00:09:00,10.9
2025-06-12 08:03:00,49.87196987526477
2025-06-12 19:06:00,97.8
2025-06-12 14:42:00,1.3
2025-06-12 09:46:00,46.3
2025-06-12 16:38:00,67.2
2025-06-12 15:24:00,15.0
2025-06-12 07:45:00,36.2
2025-06-12 17:10:00,30.6
2025-06-12 11:59:00,62.0
2025-06-12 04:41:00,22.9
2025-06-12 07:36:00,49.87196987526477
2025-06-12 15:08:00,51.0
2025-06-12 20:09:00,61.8
2025-06-12 03:43:00,29.5
2025-06-12 23:23:00,56.4
2025-06-12 08:24:00,74.9
2025-06-12 16:23:00,58.8
2025-06-12 23:21:00,49.87196987526477
2025-06-12 11:52:00,81.6
2025-06-12 07:28:00,21.9
2025-06-12 20:23:00,66.9
2025-06-12 21:26:00,91.0
2025-06-12 19:11:00,4.5
2025-06-12 01:42:00,49.87196987526477
2025-06-12 08:34:00,49.87196987526477
2025-06-12 20:38:00,81.9
2025-06-12 09:37:00,70.9
2025-06-12 02:48:00,54.5
2025-06-12 22:36:00,49.87196987526477
2025-06-12 12:26:00,40.7
2025-06-12 19:32:00,49.87196987526477
2025-06-12 05:47:00,72.7
2025-06-12 10:45:00,49.87196987526477
2025-06-12 22:26:00,59.0
2025-06-12 15:25:00,27.9
2025-06-12 01:55:00,29.7
2025-06-12 02:35:00,14.6
2025-06-12 14:10:00,1.8
2025-06-12 10:27:00,49.87196987526477
2025-06-12 16:38:00,49.87196987526477
2025-06-12 13:55:00,51.2
2025-06-12 16:22:00,13.7
2025-06-12 22:38:00,49.87196987526477
2025-06-12 14:35:00,44.0
2025-06-12 17:45:00,79.4
2025-06-12 20:24:00,81.2
2025-06-12 01:06:00,90.6
2025-06-12 19:45:00,49.87196987526477
2025-06-12 02:17:00,49.87196987526477
2025-06-12 08:56:00,54.1
2025-06-12 13:00:00,95.0
2025-06-12 11:52:00,50.0
2025-06-12 03:37:00,66.7
2025-06-12 13:46:00,83.8
2025-06-12 00:09:00,4.4
2025-06-12 03:23:00,35.6
2025-06-12 20:00:00,9.5
2025-06-12 09:26:00,51.0
2025-06-12 04:42:00,49.87196987526477
2025-06-12 09:18:00,35.3
2025-06-12 07:27:00,49.87196987526477
2025-06-12 22:53:00,36.6
2025-06-12 20:47:00,87.9
2025-06-12 02:39:00,49.87196987526477
2025-06-12 10:07:00,77.4
2025-06-12 19:48:00,16.2
2025-06-12 00:27:00,75.7
2025-06-12 03:47:00,49.87196987526477
2025-06-12 04:26:00,2.3
2025-06-12 03:20:00,77.0
2025-06-12 06:12:00,17.6
2025-06-12 13:37:00,66.2
2025-06-12 02:44:00,5.5
2025-06-12 02:46:00,49.87196987526477
2025-06-12 19:30:00,93.7
2025-06-12 16:10:00,49.87196987526477
2025-06-12 16:51:00,37.5
2025-06-12 10:48:00,45.7
2025-06-12 17:27:00,49.87196987526477
2025-06-12 01:26:00,22.7
2025-06-12 12:00:00,66.7
2025-06-12 12:21:00,14.5
2025-06-12 12:30:00,66.6
2025-06-12 04:17:00,45.5
2025-06-12 02:55:00,49.87196987526477
2025-06-12 09:32:00,39.0
2025-06-12 10:56:00,45.5
2025-06-12 16:37:00,10.0
2025-06-12 04:11:00,59.3
2025-06-12 01:54:00,99.9
2025-06-12 04:57:00,30.3
2025-06-12 19:22:00,78.4
2025-06-12 16:55:00,89.2
2025-06-12 03:10:00,37.9
2025-06-12 11:37:00,93.4
2025-06-12 04:08:00,84.7
2025-06-12 03:41:00,85.1
2025-06-12 06:38:00,30.2
2025-06-12 09:21:00,16.5
2025-06-12 04:38:00,49.87196987526477
2025-06-12 21:13:00,26.9
2025-06-12 18:22:00,94.9
2025-06-12 06:08:00,64.1
2025-06-12 13:56:00,49.87196987526477
2025-06-12 00:01:00,49.87196987526477
2025-06-12 10:43:00,41.7
2025-06-12 15:32:00,26.9
2025-06-12 04:54:00,49.87196987526477
2025-06-12 23:10:00,87.8
2025-06-12 09:34:00,87.5
2025-06-12 20:37:00,95.2
2025-06-12 06:04:00,49.87196987526477
2025-06-12 16:04:00,87.3
2025-06-12 07:24:00,45.7
2025-06-12 03:25:00,91.8
2025-06-12 01:21:00,49.87196987526477
2025-06-12 19:20:00,49.87196987526477
2025-06-12 16:59:00,45.7
2025-06-12 10:47:00,56.7
2025-06-12 01:37:00,49.87196987526477
2025-06-12 03:20:00,76.7
2025-06-12 17:38:00,49.87196987526477
2025-06-12 06:15:00,33.0
2025-06-12 14:22:00,0.6
2025-06-12 19:55:00,78.6
2025-06-12 22:10:00,60.5
2025-06-12 01:09:00,0.8
2025-06-12 19:42:00,14.5
2025-06-12 20:31:00,25.3
2025-06-12 23:04:00,79.7
2025-06-12 10:43:00,63.2
2025-06-12 09:41:00,83.7
2025-06-12 20:46:00,75.0
2025-06-12 22:17:00,62.2
2025-06-12 08:53:00,33.1
2025-06-12 20:22:00,40.5
2025-06-12 16:00:00,75.3
2025-06-12 12:49:00,49.87196987526477
2025-06-12 03:01:00,49.87196987526477
2025-06-12 12:39:00,44.0
2025-06-12 06:33:00,95.5
2025-06-12 16:56:00,26.5
2025-06-12 04:28:00,49.87196987526477
2025-06-12 01:28:00,8.1
2025-06-12 04:11:00,74.5
2025-06-12 19:04:00,49.87196987526477
2025-06-12 08:04:00,37.2
2025-06-12 05:32:00,47.7
2025-06-12 03:41:00,70.1
2025-06-12 00:10:00,69.6
2025-06-12 18:52:00,49.87196987526477
2025-06-12 17:02:00,17.6
2025-06-12 16:01:00,49.87196987526477
2025-06-12 14:43:00,79.3
2025-06-12 00:33:00,57.7
2025-06-12 12:45:00,11.8
2025-06-12 14:04:00,75.7
2025-06-12 20:53:00,34.3
2025-06-12 12:59:00,97.6
2025-06-12 18:41:00,10.3
2025-06-12 03:23:00,49.87196987526477
2025-06-12 09:38:00,74.6
2025-06-12 20:00:00,65.8
2025-06-12 07:36:00,18.2
2025-06-12 13:49:00,16.1
2025-06-12 22:43:00,13.9
2025-06-12 15:15:00,49.87196987526477
2025-06-12 02:28:00,99.4
2025-06-12 21:18:00,97.3
2025-06-12 19:11:00,100.0
2025-06-12 10:02:00,49.87196987526477
2025-06-12 09:23:00,42.7
2025-06-12 06:15:00,84.3
2025-06-12 11:33:00,41.0
2025-06-12 19:10:00,90.2
2025-06-12 20:21:00,94.2
2025-06-12 18:57:00,33.5
2025-06-12 07:10:00,63.5
2025-06-12 12:42:00,12.8
2025-06-12 04:40:00,49.87196987526477
2025-06-12 11:23:00,42.6
2025-06-12 13:07:00,17.9
2025-06-12 01:55:00,94.2
2025-06-12 12:20:00,85.1
2025-06-12 19:58:00,50.6
2025-06-12 14:42:00,92.7
2025-06-12 10:23:00,57.2
2025-06-12 20:36:00,83.8
2025-06-12 09:15:00,93.1
2025-06-12 10:39:00,18.9
2025-06-12 10:46:00,70.5
2025-06-12 10:59:00,37.7
2025-06-12 06:36:00,17.1
2025-06-12 23:09:00,0.8
2025-06-12 15:38:00,38.4
2025-06-12 22:09:00,70.8
2025-06-12 04:49:00,16.2
2025-06-12 20:28:00,33.0
2025-06-12 20:19:00,30.2
2025-06-12 14:12:00,68.3
2025-06-12 16:43:00,72.0
2025-06-12 11:21:00,77.8
2025-06-12 10:40:00,65.0
2025-06-12 04:43:00,48.7
2025-06-12 08:35:00,29.5
2025-06-12 19:20:00,29.8
2025-06-12 18:14:00,40.1
2025-06-12 01:39:00,68.8
2025-06-12 08:57:00,56.5
2025-06-12 22:03:00,49.87196987526477
2025-06-12 19:21:00,69.3
2025-06-12 14:06:00,63.4
2025-06-12 00:45:00,49.87196987526477
2025-06-12 02:29:00,10.1
2025-06-12 15:41:00,97.7
2025-06-12 15:14:00,26.4
2025-06-12 13:24:00,87.7
2025-06-12 06:55:00,30.0
2025-06-12 14:00:00,5.8
2025-06-12 16:42:00,70.4
2025-06-12 15:28:00,73.8
2025-06-12 01:26:00,60.5
2025-06-12 00:21:00,49.87196987526477
2025-06-12 08:53:00,94.7
2025-06-12 17:41:00,49.87196987526477
2025-06-12 13:55:00,68.5
2025-06-12 12:07:00,23.8
2025-06-12 05:25:00,37.4
2025-06-12 01:15:00,14.0
2025-06-12 05:42:00,2.1
2025-06-12 00:05:00,82.7
2025-06-12 17:19:00,42.0
2025-06-12 21:25:00,51.4
2025-06-12 20:49:00,98.7
2025-06-12 10:14:00,89.0
2025-06-12 02:28:00,62.0
2025-06-12 14:39:00,12.2
2025-06-12 21:37:00,53.5
2025-06-12 13:36:00,23.4
2025-06-12 21:40:00,8.0
2025-06-12 17:49:00,49.87196987526477
2025-06-12 18:39:00,87.6
2025-06-12 06:14:00,49.87196987526477
2025-06-12 11:30:00,49.87196987526477
2025-06-12 15:47:00,36.8
2025-06-12 10:37:00,38.0
2025-06-12 11:41:00,64.8
2025-06-12 11:04:00,70.1
2025-06-12 03:19:00,49.93628109892701
2025-06-12 09:22:00,98.7
2025-06-12 09:00:00,49.93628109892701
2025-06-12 23:34:00,30.0
2025-06-12 13:11:00,2.7
2025-06-12 13:46:00,49.93628109892701
2025-06-12 08:40:00,3.5
2025-06-12 14:13:00,93.1
2025-06-12 18:28:00,17.6
2025-06-12 11:39:00,18.9
2025-06-12 00:51:00,49.93628109892701
2025-06-12 14:40:00,13.3
2025-06-12 03:32:00,49.93628109892701
2025-06-12 16:59:00,49.93628109892701
2025-06-12 18:21:00,0.8
2025-06-12 23:12:00,19.7
2025-06-12 17:35:00,93.8
2025-06-12 00:53:00,49.93628109892701
2025-06-12 16:46:00,77.7
2025-06-12 10:32:00,13.0
2025-06-12 05:53:00,74.1
2025-06-12 14:03:00,33.5
2025-06-12 09:57:00,73.5
2025-06-12 22:52:00,49.93628109892701
2025-06-12 18:10:00,92.0
2025-06-12 07:06:00,61.1
2025-06-12 22:22:00,17.5
2025-06-12 08:33:00,5.3
2025-06-12 14:42:00,41.1
2025-06-12 07:12:00,96.2
2025-06-12 12:44:00,56.8
2025-06-12 14:29:00,1.6
2025-06-12 06:31:00,30.3
2025-06-12 17:00:00,0.2
2025-06-12 08:48:00,49.93628109892701
2025-06-12 23:31:00,76.9
2025-06-12 15:53:00,89.7
2025-06-12 16:27:00,30.6
2025-06-12 01:53:00,58.3
2025-06-12 08:57:00,27.2
2025-06-12 12:03:00,49.93628109892701
2025-06-12 23:26:00,39.1
2025-06-12 17:57:00,25.4
2025-06-12 05:23:00,63.5
2025-06-12 03:50:00,40.9
2025-06-12 03:02:00,61.6
2025-06-12 18:14:00,48.9
2025-06-12 00:26:00,92.2
2025-06-12 13:11:00,81.1
2025-06-12 14:37:00,91.7
2025-06-12 15:08:00,49.0
2025-06-12 17:45:00,49.93628109892701
2025-06-12 16:18:00,65.0
2025-06-12 16:28:00,29.9
2025-06-12 05:50:00,49.93628109892701
2025-06-12 07:18:00,49.93628109892701
2025-06-12 16:32:00,19.4
2025-06-12 03:37:00,66.7
2025-06-12 01:12:00,24.9
2025-06-12 03:14:00,49.93628109892701
2025-06-12 07:23:00,10.1
2025-06-12 06:33:00,13.1
2025-06-12 21:33:00,68.5
2025-06-12 04:55:00,39.0
2025-06-12 17:01:00,76.7
2025-06-12 10:43:00,49.93628109892701
2025-06-12 04:29:00,80.4
2025-06-12 19:19:00,79.8
2025-06-12 12:06:00,49.93628109892701
2025-06-12 06:36:00,5.8
2025-06-12 12:37:00,55.1
2025-06-12 10:20:00,59.0
2025-06-12 06:24:00,38.1
2025-06-12 00:46:00,68.0
2025-06-12 02:57:00,49.93628109892701
2025-06-12 08:15:00,4.8
2025-06-12 05:24:00,49.93628109892701
2025-06-12 08:03:00,52.7
2025-06-12 03:06:00,66.4
2025-06-12 10:08:00,82.7
2025-06-12 17:38:00,25.1
2025-06-12 01:29:00,82.6
2025-06-12 22:52:00,74.3
2025-06-12 22:29:00,49.93628109892701
2025-06-12 22:54:00,96.0
2025-06-12 14:09:00,11.0
2025-06-12 16:22:00,65.2
2025-06-12 16:20:00,49.93628109892701
2025-06-12 15:41:00,1.6
2025-06-12 16:10:00,19.0
2025-06-12 07:19:00,75.9
2025-06-12 11:54:00,59.8
2025-06-12 14:54:00,26.1
2025-06-12 03:38:00,64.0
2025-06-12 14:52:00,54.3
2025-06-12 04:26:00,49.93628109892701
2025-06-12 13:35:00,49.93628109892701
2025-06-12 03:40:00,30.5
2025-06-12 06:59:00,55.8
2025-06-12 13:49:00,68.0
2025-06-12 18:06:00,53.6
2025-06-12 06:03:00,89.4
2025-06-12 08:57:00,29.4
2025-06-12 10:11:00,34.9
2025-06-12 20:28:00,41.6
2025-06-12 08:13:00,9.3
2025-06-12 22:38:00,90.1
2025-06-12 20:56:00,7.8
2025-06-12 22:53:00,5.7
2025-06-12 07:37:00,68.4
2025-06-12 19:10:00,84.8
2025-06-12 08:21:00,47.6
2025-06-12 05:49:00,49.93628109892701
2025-06-12 03:48:00,49.93628109892701
2025-06-12 16:24:00,28.7
2025-06-12 12:40:00,8.8
2025-06-12 13:47:00,91.2
2025-06-12 04:57:00,51.5
2025-06-12 05:24:00,52.1
2025-06-12 23:16:00,69.4
2025-06-12 01:52:00,28.0
2025-06-12 20:44:00,65.9
2025-06-12 02:25:00,69.9
2025-06-12 16:58:00,98.8
2025-06-12 12:34:00,49.93628109892701
2025-06-12 21:26:00,8.4
2025-06-12 06:33:00,12.9
2025-06-12 22:44:00,38.6
2025-06-12 09:20:00,49.93628109892701
2025-06-12 23:35:00,51.5
2025-06-12 13:20:00,97.1
2025-06-12 09:30:00,70.9
2025-06-12 09:35:00,49.93628109892701
2025-06-12 15:54:00,88.0
2025-06-12 00:08:00,40.6
2025-06-12 02:49:00,48.4
2025-06-12 02:17:00,28.1
2025-06-12 16:05:00,1.8
2025-06-12 18:18:00,49.93628109892701
2025-06-12 02:09:00,25.8
2025-06-12 19:31:00,49.93628109892701
2025-06-12 17:01:00,49.93628109892701
2025-06-12 19:52:00,49.93628109892701
2025-06-12 20:56:00,3.4
2025-06-12 12:19:00,49.93628109892701
2025-06-12 18:09:00,0.9
2025-06-12 16:50:00,75.8
2025-06-12 14:43:00,49.93628109892701
2025-06-12 16:54:00,5.6
2025-06-12 12:17:00,49.93628109892701
2025-06-12 11:37:00,24.0
2025-06-12 00:59:00,10.4
2025-06-12 08:21:00,35.3
2025-06-12 12:50:00,14.5
2025-06-12 00:37:00,42.9
2025-06-12 21:49:00,24.1
2025-06-12 06:10:00,84.7
2025-06-12 08:44:00,81.9
2025-06-12 05:03:00,49.93628109892701
2025-06-12 23:59:00,35.5
2025-06-12 08:54:00,35.6
2025-06-12 22:26:00,50.9
2025-06-12 20:23:00,75.1
2025-06-12 01:56:00,84.0
2025-06-12 20:12:00,84.5
2025-06-12 05:44:00,77.1
2025-06-12 19:43:00,13.6
2025-06-12 13:10:00,89.9
2025-06-12 11:15:00,54.1
2025-06-12 10:06:00,5.2
2025-06-12 14:59:00,34.7
2025-06-12 01:31:00,82.4
2025-06-12 01:17:00,49.93628109892701
2025-06-12 09:31:00,59.9
2025-06-12 19:48:00,95.1
2025-06-12 23:07:00,44.9
2025-06-12 14:21:00,76.0
2025-06-12 10:03:00,90.1
2025-06-12 18:32:00,49.93628109892701
2025-06-12 05:21:00,56.4
2025-06-12 09:18:00,49.93628109892701
2025-06-12 02:18:00,82.7
2025-06-12 16:18:00,12.2
2025-06-12 07:47:00,49.93628109892701
2025-06-12 04:57:00,49.93628109892701
2025-06-12 03:40:00,25.7
2025-06-12 18:01:00,33.6
2025-06-12 07:22:00,3.5
2025-06-12 19:55:00,59.6
2025-06-12 22:14:00,49.93628109892701
2025-06-12 20:36:00,16.5
2025-06-12 19:10:00,6.0
2025-06-12 16:46:00,31.9
2025-06-12 00:01:00,47.2
2025-06-12 17:33:00,50.2
2025-06-12 20:31:00,62.9
2025-06-12 18:50:00,54.1
2025-06-12 00:48:00,3.3
2025-06-12 09:18:00,98.6
2025-06-12 03:37:00,92.3
2025-06-12 05:07:00,1.8
2025-06-12 11:49:00,92.0
2025-06-12 15:16:00,49.93628109892701
2025-06-12 07:27:00,53.5
2025-06-12 16:53:00,74.0
2025-06-12 14:10:00,30.8
2025-06-12 22:13:00,9.3
2025-06-12 14:47:00,92.0
2025-06-12 03:27:00,32.3
2025-06-12 04:33:00,45.1
2025-06-12 02:10:00,49.2
2025-06-12 09:56:00,21.7
2025-06-12 11:09:00,74.1
2025-06-12 21:35:00,49.93628109892701
2025-06-12 11:25:00,12.8
2025-06-12 01:18:00,37.7
2025-06-12 00:35:00,43.2
2025-06-12 16:21:00,47.2
2025-06-12 05:53:00,42.1
2025-06-12 00:08:00,5.6
2025-06-12 19:28:00,49.93628109892701
2025-06-12 01:10:00,0.5
2025-06-12 13:26:00,78.2
2025-06-12 17:14:00,84.9
2025-06-12 16:17:00,45.5
2025-06-12 05:38:00,27.4
2025-06-12 09:56:00,12.4
2025-06-12 02:34:00,82.6
2025-06-12 12:59:00,23.9
2025-06-12 14:58:00,37.2
2025-06-12 11:00:00,40.2
2025-06-12 04:07:00,46.1
2025-06-12 01:17:00,93.8
2025-06-12 12:32:00,4.9
2025-06-12 03:08:00,2.3
2025-06-12 15:59:00,8.6
2025-06-12 20:28:00,49.93628109892701
2025-06-12 01:28:00,84.4
2025-06-12 16:13:00,49.93628109892701
2025-06-12 01:08:00,49.93628109892701
2025-06-12 07:17:00,49.93628109892701
2025-06-12 15:52:00,5.6
2025-06-12 03:36:00,18.2
2025-06-12 19:47:00,60.7
2025-06-12 02:07:00,66.3
2025-06-12 23:08:00,40.6
2025-06-12 21:02:00,49.93628109892701
2025-06-12 13:15:00,75.3
2025-06-12 22:54:00,25.1
2025-06-12 13:22:00,70.4
2025-06-12 16:45:00,6.8
2025-06-12 18:39:00,41.5
2025-06-12 13:52:00,60.8
2025-06-12 01:40:00,15.4
2025-06-12 01:58:00,49.93628109892701
2025-06-12 23:07:00,57.1
2025-06-12 16:58:00,94.1
2025-06-12 15:26:00,14.6
2025-06-12 03:17:00,81.2
2025-06-12 23:05:00,10.1
2025-06-12 17:35:00,71.5
2025-06-12 01:11:00,27.0
2025-06-12 15:06:00,42.4
2025-06-12 09:09:00,51.2
2025-06-12 05:03:00,57.0
2025-06-12 21:16:00,44.1
2025-06-12 13:30:00,97.8
2025-06-12 14:51:00,58.7
2025-06-12 03:19:00,11.8
2025-06-12 10:54:00,37.4
2025-06-12 16:44:00,49.93628109892701
2025-06-12 04:21:00,74.9
2025-06-12 07:43:00,98.0
2025-06-12 09:04:00,68.9
2025-06-12 12:50:00,38.3
2025-06-12 20:48:00,49.7
2025-06-12 23:33:00,81.4
2025-06-12 05:05:00,18.3
2025-06-12 08:19:00,42.1
2025-06-12 09:58:00,59.1
2025-06-12 08:20:00,6.2
2025-06-12 13:51:00,53.0
2025-06-12 01:25:00,30.7
2025-06-12 13:42:00,48.8
2025-06-12 18:28:00,36.4
2025-06-12 22:12:00,7.9
2025-06-12 10:11:00,1.7
2025-06-12 13:29:00,95.4
2025-06-12 21:20:00,15.1
2025-06-12 07:44:00,66.7
2025-06-12 09:41:00,31.2
2025-06-12 23:54:00,11.8
2025-06-12 21:32:00,32.3
2025-06-12 02:42:00,49.93628109892701
2025-06-12 08:44:00,79.3
2025-06-12 06:18:00,17.0
2025-06-12 08:09:00,92.5
2025-06-12 00:42:00,49.93628109892701
2025-06-12 03:29:00,79.8
2025-06-12 05:35:00,49.93628109892701
2025-06-12 23:38:00,91.8
2025-06-12 23:26:00,3.7
2025-06-12 09:52:00,45.3
2025-06-12 07:07:00,15.9
2025-06-12 01:23:00,55.6
2025-06-12 23:33:00,49.93628109892701
2025-06-12 09:00:00,6.7
2025-06-12 02:52:00,22.8
2025-06-12 22:05:00,55.0
2025-06-12 02:20:00,89.1
2025-06-12 01:41:00,28.3
2025-06-12 04:14:00,49.93628109892701
2025-06-12 12:22:00,84.9
2025-06-12 08:43:00,72.3
2025-06-12 20:02:00,78.1
2025-06-12 09:09:00,45.0
2025-06-12 18:12:00,49.93628109892701
2025-06-12 05:42:00,62.7
2025-06-12 11:06:00,59.1
2025-06-12 21:35:00,38.2
2025-06-12 00:41:00,82.4
2025-06-12 22:54:00,13.2
2025-06-12 15:21:00,30.4
2025-06-12 18:33:00,28.2
2025-06-12 06:08:00,5.7
2025-06-12 05:48:00,88.0
2025-06-12 16:54:00,49.93628109892701
2025-06-12 06:16:00,49.797736698660984
2025-06-12 20:48:00,8.4
2025-06-12 10:46:00,49.797736698660984
2025-06-12 01:04:00,59.8
2025-06-12 17:19:00,47.2
2025-06-12 23:53:00,25.0
2025-06-12 07:38:00,49.797736698660984
2025-06-12 02:32:00,49.797736698660984
2025-06-12 03:40:00,16.6
2025-06-12 15:38:00,5.0
2025-06-12 00:44:00,92.8
2025-06-12 18:03:00,98.1
2025-06-12 14:34:00,49.797736698660984
2025-06-12 04:05:00,70.6
2025-06-12 10:16:00,64.9
2025-06-12 06:38:00,94.9
2025-06-12 21:03:00,60.5
2025-06-12 11:10:00,33.1
2025-06-12 10:09:00,64.6
2025-06-12 11:52:00,10.1
2025-06-12 21:51:00,49.4
2025-06-12 15:37:00,19.1
2025-06-12 17:51:00,54.7
2025-06-12 10:11:00,79.7
2025-06-12 22:11:00,1.3
2025-06-12 10:15:00,46.5
2025-06-12 09:17:00,66.6
2025-06-12 00:06:00,92.3
2025-06-12 09:24:00,8.0
2025-06-12 03:34:00,43.4
2025-06-12 20:47:00,46.8
2025-06-12 06:20:00,91.7
2025-06-12 19:11:00,65.9
2025-06-12 02:05:00,80.8
2025-06-12 10:07:00,59.4
2025-06-12 02:10:00,93.9
2025-06-12 09:25:00,70.5
2025-06-12 09:52:00,63.2
2025-06-12 22:49:00,63.6
2025-06-12 10:53:00,68.3
2025-06-12 06:34:00,87.6
2025-06-12 08:41:00,39.6
2025-06-12 05:19:00,15.6
2025-06-12 10:39:00,49.797736698660984
2025-06-12 23:48:00,33.7
2025-06-12 08:23:00,35.8
2025-06-12 02:02:00,66.8
2025-06-12 07:57:00,55.8
2025-06-12 16:03:00,39.1
2025-06-12 09:33:00,92.7
2025-06-12 06:01:00,0.4
2025-06-12 08:46:00,95.2
2025-06-12 16:09:00,22.0
2025-06-12 05:48:00,38.1
2025-06-12 12:16:00,37.5
2025-06-12 04:28:00,49.797736698660984
2025-06-12 23:49:00,68.3
2025-06-12 00:54:00,49.797736698660984
2025-06-12 16:45:00,6.0
2025-06-12 23:27:00,24.3
2025-06-12 00:25:00,62.7
2025-06-12 00:43:00,73.5
2025-06-12 10:21:00,92.3
2025-06-12 07:24:00,4.6
2025-06-12 00:09:00,60.0
2025-06-12 20:42:00,66.1
2025-06-12 16:58:00,78.9
2025-06-12 13:50:00,5.2
2025-06-12 04:03:00,70.8
2025-06-12 14:50:00,51.9
2025-06-12 18:14:00,72.0
2025-06-12 09:17:00,12.9
2025-06-12 16:29:00,20.1
2025-06-12 06:25:00,31.7
2025-06-12 02:57:00,56.3
2025-06-12 22:21:00,49.797736698660984
2025-06-12 19:52:00,20.3
2025-06-12 03:27:00,37.4
2025-06-12 11:24:00,82.8
2025-06-12 12:16:00,85.1
2025-06-12 14:22:00,43.0
2025-06-12 11:35:00,93.9
2025-06-12 08:19:00,98.8
2025-06-12 15:41:00,49.797736698660984
2025-06-12 14:55:00,2.1
2025-06-12 11:13:00,54.1
2025-06-12 11:51:00,71.1
2025-06-12 21:38:00,9.5
2025-06-12 11:59:00,7.8
2025-06-12 12:11:00,36.8
2025-06-12 10:27:00,99.2
2025-06-12 08:29:00,15.3
2025-06-12 07:40:00,87.2
2025-06-12 07:51:00,49.797736698660984
2025-06-12 12:51:00,25.4
2025-06-12 04:47:00,68.6
2025-06-12 20:15:00,56.6
2025-06-12 03:07:00,53.2
2025-06-12 17:55:00,18.5
2025-06-12 21:27:00,32.8
2025-06-12 18:08:00,49.797736698660984
2025-06-12 03:53:00,49.797736698660984
2025-06-12 21:23:00,71.8
2025-06-12 10:18:00,61.8
2025-06-12 08:17:00,56.2
2025-06-12 07:42:00,49.797736698660984
2025-06-12 09:51:00,0.1
2025-06-12 10:28:00,47.7
2025-06-12 02:13:00,99.8
2025-06-12 04:04:00,85.0
2025-06-12 01:52:00,65.7
2025-06-12 12:48:00,31.4
2025-06-12 11:13:00,82.5
2025-06-12 00:08:00,49.797736698660984
2025-06-12 12:24:00,66.1
2025-06-12 21:19:00,82.2
2025-06-12 21:58:00,7.1
2025-06-12 21:11:00,22.0
2025-06-12 18:21:00,83.5
2025-06-12 13:42:00,49.797736698660984
2025-06-12 01:10:00,97.8
2025-06-12 04:11:00,73.5
2025-06-12 16:49:00,64.4
2025-06-12 20:25:00,47.1
2025-06-12 09:31:00,94.7
2025-06-12 01:19:00,27.2
2025-06-12 08:45:00,86.1
2025-06-12 23:33:00,96.7
2025-06-12 00:20:00,34.9
2025-06-12 07:14:00,42.9
2025-06-12 12:57:00,14.9
2025-06-12 18:35:00,52.6
2025-06-12 02:37:00,17.5
2025-06-12 16:54:00,5.9
2025-06-12 03:44:00,21.6
2025-06-12 04:45:00,12.6
2025-06-12 15:54:00,41.0
2025-06-12 10:11:00,66.7
2025-06-12 17:26:00,59.5
2025-06-12 06:31:00,77.7
2025-06-12 20:43:00,50.9
2025-06-12 09:17:00,16.8
2025-06-12 13:05:00,6.6
2025-06-12 02:45:00,76.3
2025-06-12 09:32:00,41.2
2025-06-12 06:04:00,49.797736698660984
2025-06-12 21:49:00,61.0
2025-06-12 02:13:00,49.797736698660984
2025-06-12 01:12:00,62.7
2025-06-12 15:27:00,32.8
2025-06-12 01:01:00,86.2
2025-06-12 14:58:00,61.7
2025-06-12 04:11:00,28.2
2025-06-12 00:19:00,71.2
2025-06-12 14:37:00,76.1
2025-06-12 11:15:00,49.797736698660984
2025-06-12 04:32:00,78.1
2025-06-12 19:50:00,49.797736698660984
2025-06-12 06:45:00,2.2
2025-06-12 14:57:00,20.4
2025-06-12 00:15:00,50.8
2025-06-12 13:03:00,2.9
2025-06-12 07:48:00,86.6
2025-06-12 20:00:00,49.1
2025-06-12 01:18:00,14.2
2025-06-12 14:09:00,36.0
2025-06-12 10:58:00,71.9
2025-06-12 19:03:00,72.1
2025-06-12 19:30:00,35.8
2025-06-12 22:53:00,49.797736698660984
2025-06-12 23:48:00,23.5
2025-06-12 07:59:00,42.1
2025-06-12 13:11:00,30.9
2025-06-12 07:48:00,67.0
2025-06-12 17:13:00,49.797736698660984
2025-06-12 07:31:00,88.3
2025-06-12 01:59:00,94.7
2025-06-12 19:31:00,49.797736698660984
2025-06-12 06:15:00,49.797736698660984
2025-06-12 11:47:00,71.6
2025-06-12 14:03:00,2.9
2025-06-12 21:34:00,34.5
2025-06-12 00:49:00,58.2
2025-06-12 20:41:00,37.1
2025-06-12 11:24:00,31.6
2025-06-12 02:25:00,23.6
2025-06-12 07:50:00,18.7
2025-06-12 14:37:00,58.0
2025-06-12 23:59:00,49.797736698660984
2025-06-12 04:03:00,74.8
2025-06-12 20:41:00,3.5
2025-06-12 19:05:00,49.797736698660984
2025-06-12 07:43:00,49.797736698660984
2025-06-12 01:41:00,49.797736698660984
2025-06-12 02:45:00,9.6
2025-06-12 03:46:00,86.3
2025-06-12 10:30:00,49.797736698660984
2025-06-12 12:01:00,35.1
2025-06-12 21:47:00,52.5
2025-06-12 00:03:00,99.0
2025-06-12 00:30:00,80.2
2025-06-12 23:58:00,37.0
2025-06-12 14:50:00,21.3
2025-06-12 06:20:00,49.797736698660984
2025-06-12 08:28:00,35.8
2025-06-12 18:07:00,49.797736698660984
2025-06-12 07:53:00,49.797736698660984
2025-06-12 03:44:00,64.7
2025-06-12 11:08:00,31.6
2025-06-12 11:26:00,81.4
2025-06-12 03:04:00,60.8
2025-06-12 22:35:00,65.9
2025-06-12 17:25:00,25.3
2025-06-12 18:48:00,1.6
2025-06-12 06:43:00,49.797736698660984
2025-06-12 00:34:00,49.797736698660984
2025-06-12 00:35:00,96.0
2025-06-12 13:30:00,1.2
2025-06-12 00:26:00,87.3
2025-06-12 00:27:00,23.1
2025-06-12 10:00:00,72.8
2025-06-12 03:40:00,49.797736698660984
2025-06-12 23:13:00,49.797736698660984
2025-06-12 12:28:00,76.0
2025-06-12 08:01:00,37.1
2025-06-12 04:24:00,77.7
2025-06-12 03:30:00,93.2
2025-06-12 21:25:00,49.797736698660984
2025-06-12 09:25:00,7.5
2025-06-12 22:32:00,47.4
2025-06-12 17:47:00,80.2
2025-06-12 19:42:00,59.0
2025-06-12 20:57:00,15.3
2025-06-12 07:48:00,49.797736698660984
2025-06-12 06:45:00,96.1
2025-06-12 23:47:00,49.797736698660984
2025-06-12 12:11:00,54.3
2025-06-12 21:31:00,49.797736698660984
2025-06-12 01:37:00,74.9
2025-06-12 14:46:00,31.1
2025-06-12 07:07:00,35.7
2025-06-12 10:39:00,17.7
2025-06-12 03:28:00,29.7
2025-06-12 17:02:00,29.2
2025-06-12 19:42:00,96.2
2025-06-12 06:58:00,76.8
2025-06-12 14:02:00,51.3
2025-06-12 08:10:00,97.2
2025-06-12 07:14:00,16.5
2025-06-12 08:11:00,58.1
2025-06-12 02:53:00,58.5
2025-06-12 20:29:00,49.797736698660984
2025-06-12 06:36:00,44.2
2025-06-12 22:20:00,10.8
2025-06-12 10:00:00,68.8
2025-06-12 18:26:00,95.1
2025-06-12 05:55:00,49.797736698660984
2025-06-12 21:16:00,31.0
2025-06-12 06:21:00,36.0
2025-06-12 21:52:00,72.8
2025-06-12 19:18:00,14.4
2025-06-12 09:56:00,47.9
2025-06-12 03:07:00,41.6
2025-06-12 04:35:00,61.9
2025-06-12 17:12:00,49.797736698660984
2025-06-12 04:21:00,56.2
2025-06-12 00:02:00,28.0
2025-06-12 12:27:00,93.3
2025-06-12 12:34:00,76.5
2025-06-12 17:55:00,70.0
2025-06-12 13:45:00,45.1
2025-06-12 14:13:00,14.7
2025-06-12 23:05:00,52.5
2025-06-12 16:32:00,32.6
2025-06-12 08:31:00,57.5
2025-06-12 03:18:00,49.797736698660984
2025-06-12 20:19:00,64.3
2025-06-12 21:39:00,1.4
2025-06-12 03:52:00,60.2
2025-06-12 05:37:00,60.5
2025-06-12 06:15:00,49.797736698660984
2025-06-12 16:25:00,42.4
2025-06-12 18:03:00,25.5
2025-06-12 18:11:00,30.1
2025-06-12 22:06:00,31.7
2025-06-12 22:23:00,59.9
2025-06-12 02:47:00,49.797736698660984
2025-06-12 13:58:00,49.797736698660984
2025-06-12 19:23:00,75.9
2025-06-12 03:47:00,17.4
2025-06-12 12:58:00,49.797736698660984
2025-06-12 10:08:00,9.6
2025-06-12 12:33:00,30.5
2025-06-12 21:23:00,76.8
2025-06-12 16:16:00,9.4
2025-06-12 07:01:00,28.4
2025-06-12 03:51:00,6.7
2025-06-12 00:24:00,24.7
2025-06-12 23:18:00,19.4
2025-06-12 17:23:00,49.797736698660984
2025-06-12 10:45:00,57.9
2025-06-12 12:35:00,55.7
2025-06-12 06:23:00,39.6
2025-06-12 09:07:00,42.9
2025-06-12 15:17:00,49.797736698660984
2025-06-12 20:41:00,3.2
2025-06-12 21:34:00,48.0
2025-06-12 01:35:00,91.5
2025-06-12 09:19:00,37.8
2025-06-12 18:55:00,66.3
2025-06-12 00:56:00,79.8
2025-06-12 18:53:00,17.8
2025-06-12 18:39:00,70.6
2025-06-12 20:24:00,94.8
2025-06-12 09:29:00,91.7
2025-06-12 14:10:00,68.3
2025-06-12 20:07:00,49.797736698660984
2025-06-12 21:50:00,92.5
2025-06-12 19:59:00,1.0
2025-06-12 19:45:00,3.1
2025-06-12 17:40:00,49.797736698660984
2025-06-12 10:38:00,61.0
2025-06-12 06:34:00,27.3
2025-06-12 08:13:00,12.6
2025-06-12 06:24:00,74.1
2025-06-12 18:05:00,30.7
2025-06-12 00:28:00,21.1
2025-06-12 17:16:00,41.2
2025-06-12 18:57:00,67.0
2025-06-12 22:40:00,5.8
2025-06-12 13:29:00,27.2
2025-06-12 06:40:00,54.0
2025-06-12 23:58:00,22.1
2025-06-12 09:58:00,90.1
2025-06-12 19:44:00,4.5
2025-06-12 03:22:00,35.5
2025-06-12 03:14:00,17.3
2025-06-12 18:03:00,50.18136565940501
2025-06-12 20:58:00,61.2
2025-06-12 14:47:00,19.4
2025-06-12 14:48:00,50.18136565940501
2025-06-12 11:40:00,53.4
2025-06-12 07:02:00,12.8
2025-06-12 15:09:00,50.18136565940501
2025-06-12 08:47:00,28.3
2025-06-12 05:17:00,18.0
2025-06-12 10:47:00,19.7
2025-06-12 05:38:00,47.1
2025-06-12 14:10:00,33.7
2025-06-12 19:48:00,89.8
2025-06-12 03:57:00,50.18136565940501
2025-06-12 06:47:00,13.0
2025-06-12 06:30:00,23.2
2025-06-12 10:27:00,70.0
2025-06-12 14:02:00,50.18136565940501
2025-06-12 12:04:00,48.3
2025-06-12 17:29:00,49.9
2025-06-12 13:23:00,6.7
2025-06-12 23:33:00,60.4
2025-06-12 00:15:00,50.18136565940501
2025-06-12 12:15:00,96.5
2025-06-12 00:02:00,50.18136565940501
2025-06-12 20:44:00,50.18136565940501
2025-06-12 14:16:00,67.5
2025-06-12 21:25:00,60.0
2025-06-12 23:31:00,35.1
2025-06-12 04:26:00,9.3
2025-06-12 08:09:00,50.18136565940501
2025-06-12 05:21:00,58.8
2025-06-12 14:46:00,14.9
2025-06-12 09:06:00,50.18136565940501
2025-06-12 22:42:00,98.1
2025-06-12 01:29:00,85.4
2025-06-12 16:38:00,99.4
2025-06-12 06:42:00,50.18136565940501
2025-06-12 11:29:00,50.18136565940501
2025-06-12 02:35:00,9.9
2025-06-12 23:53:00,85.9
2025-06-12 09:30:00,14.7
2025-06-12 03:53:00,86.7
2025-06-12 10:00:00,93.9
2025-06-12 15:19:00,4.1
2025-06-12 05:45:00,8.4
2025-06-12 02:09:00,55.3
2025-06-12 20:34:00,9.8
2025-06-12 03:28:00,55.6
2025-06-12 10:47:00,34.0
2025-06-12 06:53:00,44.4
2025-06-12 08:34:00,50.18136565940501
2025-06-12 10:42:00,75.3
2025-06-12 11:16:00,50.18136565940501
2025-06-12 14:03:00,21.8
2025-06-12 20:54:00,50.18136565940501
2025-06-12 14:22:00,30.4
2025-06-12 18:02:00,50.18136565940501
2025-06-12 23:43:00,13.2
2025-06-12 13:46:00,84.7
2025-06-12 16:39:00,89.9
2025-06-12 12:20:00,39.0
2025-06-12 18:57:00,98.6
2025-06-12 20:53:00,36.1
2025-06-12 05:29:00,28.0
2025-06-12 21:20:00,76.0
2025-06-12 12:37:00,42.0
2025-06-12 21:02:00,77.6
2025-06-12 17:12:00,38.9
2025-06-12 07:01:00,84.0
2025-06-12 11:29:00,50.18136565940501
2025-06-12 09:22:00,31.2
2025-06-12 17:22:00,43.7
2025-06-12 04:49:00,73.6
2025-06-12 01:19:00,95.7
2025-06-12 01:33:00,93.0
2025-06-12 09:43:00,69.3
2025-06-12 02:45:00,0.3
2025-06-12 10:56:00,56.8
2025-06-12 20:35:00,50.18136565940501
2025-06-12 21:57:00,13.8
2025-06-12 09:31:00,30.4
2025-06-12 12:13:00,55.7
2025-06-12 03:36:00,50.2
2025-06-12 16:56:00,50.18136565940501
2025-06-12 08:06:00,27.0
2025-06-12 08:50:00,43.2
2025-06-12 12:10:00,5.7
2025-06-12 14:37:00,43.0
2025-06-12 11:08:00,74.4
2025-06-12 03:39:00,52.7
2025-06-12 01:07:00,33.5
2025-06-12 09:20:00,50.18136565940501
2025-06-12 23:56:00,42.9
2025-06-12 02:27:00,99.1
2025-06-12 11:56:00,32.3
2025-06-12 17:04:00,50.18136565940501
2025-06-12 04:21:00,82.0
2025-06-12 14:51:00,86.6
2025-06-12 00:21:00,16.6
2025-06-12 03:27:00,69.4
2025-06-12 06:38:00,53.4
2025-06-12 01:43:00,51.7
2025-06-12 20:16:00,50.18136565940501
2025-06-12 10:17:00,41.2
2025-06-12 00:15:00,62.0
2025-06-12 01:33:00,8.3
2025-06-12 12:16:00,17.1
2025-06-12 04:40:00,50.18136565940501
2025-06-12 18:53:00,80.2
2025-06-12 19:12:00,48.2
2025-06-12 02:23:00,33.2
2025-06-12 04:03:00,59.0
2025-06-12 03:35:00,41.0
2025-06-12 19:48:00,50.18136565940501
2025-06-12 05:03:00,58.7
2025-06-12 02:58:00,46.0
2025-06-12 09:16:00,59.5
2025-06-12 10:07:00,51.8
2025-06-12 05:41:00,43.4
2025-06-12 15:19:00,93.4
2025-06-12 20:09:00,95.3
2025-06-12 02:05:00,3.0
2025-06-12 02:27:00,34.2
2025-06-12 20:51:00,19.4
2025-06-12 05:58:00,50.18136565940501
2025-06-12 16:16:00,50.18136565940501
2025-06-12 05:59:00,77.8
2025-06-12 09:06:00,21.9
2025-06-12 14:11:00,19.8
2025-06-12 16:02:00,89.8
2025-06-12 10:55:00,50.18136565940501
2025-06-12 21:47:00,41.2
2025-06-12 03:43:00,42.0
2025-06-12 11:33:00,50.18136565940501
2025-06-12 16:14:00,50.18136565940501
2025-06-12 06:12:00,15.9
2025-06-12 19:31:00,50.18136565940501
2025-06-12 10:47:00,49.3
2025-06-12 15:51:00,1.4
2025-06-12 15:54:00,18.3
2025-06-12 04:00:00,53.3
2025-06-12 06:09:00,71.6
2025-06-12 21:28:00,10.6
2025-06-12 02:46:00,18.7
2025-06-12 06:44:00,51.7
2025-06-12 17:07:00,51.9
2025-06-12 06:42:00,11.8
2025-06-12 08:16:00,30.5
2025-06-12 06:13:00,42.5
2025-06-12 12:37:00,40.7
2025-06-12 09:53:00,50.18136565940501
2025-06-12 06:51:00,20.5
2025-06-12 11:45:00,50.18136565940501
2025-06-12 21:23:00,52.3
2025-06-12 21:35:00,50.18136565940501
2025-06-12 19:15:00,11.6
2025-06-12 00:49:00,6.8
2025-06-12 21:09:00,9.6
2025-06-12 18:25:00,94.1
2025-06-12 00:40:00,97.6
2025-06-12 18:19:00,41.4
2025-06-12 09:34:00,50.18136565940501
2025-06-12 13:33:00,46.2
2025-06-12 11:07:00,42.3
2025-06-12 09:01:00,2.4
2025-06-12 20:41:00,67.2
2025-06-12 23:25:00,50.18136565940501
2025-06-12 08:58:00,28.3
2025-06-12 08:41:00,92.1
2025-06-12 23:46:00,28.9
2025-06-12 21:44:00,81.7
2025-06-12 16:01:00,20.0
2025-06-12 05:21:00,50.9
2025-06-12 06:21:00,37.9
2025-06-12 18:55:00,50.18136565940501
2025-06-12 06:07:00,64.9
2025-06-12 15:06:00,78.9
2025-06-12 07:59:00,59.8
2025-06-12 09:33:00,54.3
2025-06-12 00:48:00,50.4
2025-06-12 03:35:00,76.9
2025-06-12 07:05:00,32.3
2025-06-12 19:08:00,50.18136565940501
2025-06-12 00:18:00,22.0
2025-06-12 20:08:00,76.6
2025-06-12 19:03:00,89.7
2025-06-12 17:02:00,40.8
2025-06-12 11:18:00,84.5
2025-06-12 15:15:00,98.7
2025-06-12 09:27:00,23.7
2025-06-12 13:42:00,6.2
2025-06-12 13:15:00,48.6
2025-06-12 18:38:00,15.5
2025-06-12 13:42:00,62.6
2025-06-12 19:17:00,50.18136565940501
2025-06-12 11:32:00,95.1
2025-06-12 10:10:00,50.18136565940501
2025-06-12 09:38:00,94.8
2025-06-12 08:52:00,50.18136565940501
2025-06-12 13:41:00,6.5
2025-06-12 09:37:00,26.4
2025-06-12 17:21:00,14.6
2025-06-12 09:44:00,17.8
2025-06-12 16:48:00,35.5
2025-06-12 21:56:00,4.4
2025-06-12 18:35:00,27.7
2025-06-12 18:47:00,75.4
2025-06-12 07:52:00,50.18136565940501
2025-06-12 12:57:00,18.8
2025-06-12 19:46:00,69.5
2025-06-12 11:13:00,11.0
2025-06-12 05:06:00,63.4
2025-06-12 17:27:00,51.9
2025-06-12 19:36:00,12.0
2025-06-12 10:57:00,47.7
2025-06-12 15:26:00,10.1
2025-06-12 15:30:00,23.8
2025-06-12 06:04:00,75.9
2025-06-12 20:30:00,43.4
2025-06-12 18:39:00,22.1
2025-06-12 17:02:00,76.8
2025-06-12 06:01:00,36.9
2025-06-12 16:14:00,12.7
2025-06-12 04:18:00,76.0
2025-06-12 10:26:00,57.3
2025-06-12 03:15:00,60.2
2025-06-12 12:04:00,38.2
2025-06-12 12:19:00,57.1
2025-06-12 16:54:00,14.6
2025-06-12 18:06:00,5.8
2025-06-12 05:33:00,58.9
2025-06-12 21:51:00,83.4
2025-06-12 09:39:00,83.7
2025-06-12 09:37:00,22.5
2025-06-12 06:27:00,57.7
2025-06-12 22:00:00,61.5
2025-06-12 09:51:00,74.7
2025-06-12 12:07:00,4.1
2025-06-12 13:47:00,65.1
2025-06-12 03:37:00,50.18136565940501
2025-06-12 12:56:00,39.5
2025-06-12 17:25:00,63.3
2025-06-12 16:01:00,70.1
2025-06-12 06:27:00,68.0
2025-06-12 22:47:00,65.3
2025-06-12 10:06:00,46.4
2025-06-12 09:31:00,4.1
2025-06-12 14:14:00,70.6
2025-06-12 06:11:00,94.3
2025-06-12 07:30:00,4.4
2025-06-12 14:20:00,61.3
2025-06-12 10:28:00,99.9
2025-06-12 07:23:00,19.8
2025-06-12 23:33:00,94.0
2025-06-12 04:44:00,12.2
2025-06-12 13:54:00,44.9
2025-06-12 06:07:00,84.7
2025-06-12 08:36:00,41.1
2025-06-12 11:32:00,5.0
2025-06-12 20:45:00,30.5
2025-06-12 07:24:00,65.3
2025-06-12 19:18:00,66.4
2025-06-12 14:58:00,26.6
2025-06-12 10:54:00,52.4
2025-06-12 18:19:00,68.5
2025-06-12 21:20:00,12.3
2025-06-12 04:44:00,24.2
2025-06-12 07:21:00,26.8
2025-06-12 02:52:00,54.0
2025-06-12 17:00:00,97.1
2025-06-12 21:14:00,61.0
2025-06-12 21:38:00,75.8
2025-06-12 00:04:00,85.9
2025-06-12 12:54:00,35.5
2025-06-12 18:00:00,16.5
2025-06-12 09:05:00,88.1
2025-06-12 14:49:00,46.6
2025-06-12 03:35:00,54.8
2025-06-12 06:11:00,50.18136565940501
2025-06-12 16:29:00,57.4
2025-06-12 18:01:00,51.2
2025-06-12 06:32:00,21.6
2025-06-12 19:58:00,2.3
2025-06-12 12:05:00,45.6
2025-06-12 01:28:00,94.9
2025-06-12 07:22:00,22.3
2025-06-12 20:20:00,21.1
2025-06-12 17:08:00,81.8
2025-06-12 01:28:00,46.1
2025-06-12 17:01:00,95.8
2025-06-12 05:06:00,12.3
2025-06-12 01:56:00,41.8
2025-06-12 07:02:00,71.2
2025-06-12 23:12:00,11.5
2025-06-12 17:52:00,50.18136565940501
2025-06-12 12:20:00,28.5
2025-06-12 07:26:00,65.3
2025-06-12 11:03:00,96.5
2025-06-12 21:58:00,33.4
2025-06-12 22:45:00,59.4
2025-06-12 11:40:00,53.1
2025-06-12 04:19:00,99.1
2025-06-12 06:56:00,68.4
2025-06-12 17:05:00,94.3
2025-06-12 23:46:00,37.1
2025-06-12 05:51:00,49.7
2025-06-12 04:02:00,20.9
2025-06-12 09:37:00,25.7
2025-06-12 09:33:00,50.18136565940501
2025-06-12 06:19:00,50.18136565940501
2025-06-12 09:57:00,77.7
2025-06-12 05:54:00,72.5
2025-06-12 05:35:00,87.8
2025-06-12 08:16:00,89.1
2025-06-12 10:01:00,84.6
2025-06-12 15:08:00,7.7
2025-06-12 15:02:00,50.18136565940501
2025-06-12 18:32:00,34.0
2025-06-12 19:02:00,44.9
2025-06-12 23:53:00,95.4
2025-06-12 11:24:00,99.1
2025-06-12 04:48:00,49.5
2025-06-12 07:50:00,68.9
2025-06-12 10:44:00,20.6
2025-06-12 14:47:00,75.0
2025-06-12 15:08:00,45.5
2025-06-12 06:12:00,26.6
2025-06-12 23:19:00,99.7
2025-06-12 20:30:00,50.18136565940501
2025-06-12 17:29:00,35.6
2025-06-12 13:47:00,14.7
2025-06-12 01:30:00,93.2
2025-06-12 14:11:00,85.3
2025-06-12 07:02:00,24.7
2025-06-12 18:02:00,49.66792053602915
2025-06-12 17:41:00,39.9
2025-06-12 07:57:00,24.0
2025-06-12 03:56:00,50.5
2025-06-12 18:42:00,3.1
2025-06-12 09:10:00,38.1
2025-06-12 03:58:00,49.66792053602915
2025-06-12 09:52:00,68.7
2025-06-12 04:14:00,41.0
2025-06-12 10:54:00,76.1
2025-06-12 13:23:00,17.3
2025-06-12 14:14:00,15.0
2025-06-12 14:21:00,49.66792053602915
2025-06-12 17:32:00,61.4
2025-06-12 19:12:00,19.1
2025-06-12 23:30:00,44.1
2025-06-12 17:21:00,49.66792053602915
2025-06-12 22:31:00,51.4
2025-06-12 09:09:00,68.6
2025-06-12 17:16:00,16.4
2025-06-12 11:45:00,85.8
2025-06-12 04:45:00,75.9
2025-06-12 18:55:00,15.6
2025-06-12 01:16:00,49.66792053602915
2025-06-12 08:05:00,9.1
2025-06-12 15:24:00,62.8
2025-06-12 06:44:00,55.5
2025-06-12 13:25:00,50.3
2025-06-12 12:42:00,49.66792053602915
2025-06-12 09:00:00,8.6
2025-06-12 15:13:00,49.66792053602915
2025-06-12 00:39:00,44.2
2025-06-12 21:51:00,55.3
2025-06-12 05:04:00,42.4
2025-06-12 15:47:00,49.66792053602915
2025-06-12 20:15:00,44.3
2025-06-12 07:01:00,48.7
2025-06-12 19:40:00,28.4
2025-06-12 19:52:00,36.4
2025-06-12 08:20:00,11.4
2025-06-12 20:09:00,33.8
2025-06-12 12:24:00,32.2
2025-06-12 21:15:00,25.1
2025-06-12 11:19:00,40.1
2025-06-12 16:22:00,63.9
2025-06-12 23:50:00,41.8
2025-06-12 01:13:00,9.9
2025-06-12 20:25:00,25.3
2025-06-12 09:31:00,8.9
2025-06-12 16:39:00,61.2
2025-06-12 16:24:00,49.66792053602915
2025-06-12 06:54:00,58.6
2025-06-12 22:44:00,43.6
2025-06-12 04:00:00,49.66792053602915
2025-06-12 08:24:00,59.3
2025-06-12 05:14:00,26.7
2025-06-12 11:31:00,77.2
2025-06-12 05:07:00,56.3
2025-06-12 08:58:00,34.0
2025-06-12 01:41:00,35.4
2025-06-12 10:13:00,60.6
2025-06-12 16:08:00,49.66792053602915
2025-06-12 00:13:00,60.0
2025-06-12 16:21:00,68.0
2025-06-12 05:06:00,3.7
2025-06-12 11:53:00,53.9
2025-06-12 14:10:00,49.66792053602915
2025-06-12 19:10:00,25.2
2025-06-12 00:10:00,32.6
2025-06-12 21:08:00,71.6
2025-06-12 18:57:00,27.0
2025-06-12 03:54:00,34.3
2025-06-12 07:46:00,14.9
2025-06-12 04:52:00,49.66792053602915
2025-06-12 06:47:00,85.4
2025-06-12 18:14:00,3.9
2025-06-12 19:33:00,64.4
2025-06-12 14:16:00,33.1
2025-06-12 09:20:00,32.7
2025-06-12 08:43:00,67.5
2025-06-12 06:38:00,65.2
2025-06-12 19:10:00,50.9
2025-06-12 08:30:00,82.3
2025-06-12 04:08:00,49.66792053602915
2025-06-12 02:17:00,95.9
2025-06-12 17:50:00,49.66792053602915
2025-06-12 02:52:00,32.9
2025-06-12 22:14:00,36.5
2025-06-12 17:52:00,72.1
2025-06-12 08:33:00,11.4
2025-06-12 09:14:00,96.6
2025-06-12 14:34:00,22.3
2025-06-12 13:00:00,91.2
2025-06-12 22:20:00,90.3
2025-06-12 07:29:00,87.3
2025-06-12 18:34:00,49.66792053602915
2025-06-12 07:17:00,49.66792053602915
2025-06-12 23:29:00,8.8
2025-06-12 16:56:00,49.66792053602915
2025-06-12 23:52:00,87.0
2025-06-12 08:38:00,23.4
2025-06-12 04:16:00,9.5
2025-06-12 21:07:00,49.66792053602915
2025-06-12 18:37:00,12.7
2025-06-12 07:54:00,55.0
2025-06-12 01:27:00,49.5
2025-06-12 18:58:00,83.8
2025-06-12 01:12:00,32.6
2025-06-12 08:47:00,14.2
2025-06-12 11:10:00,52.9
2025-06-12 06:09:00,44.0
2025-06-12 11:06:00,49.66792053602915
2025-06-12 12:54:00,31.4
2025-06-12 02:33:00,49.66792053602915
2025-06-12 13:59:00,37.0
2025-06-12 18:33:00,27.5
2025-06-12 17:31:00,49.66792053602915
2025-06-12 16:10:00,49.66792053602915
2025-06-12 13:13:00,78.9
2025-06-12 21:20:00,68.6
2025-06-12 20:39:00,67.5
2025-06-12 14:46:00,22.6
2025-06-12 16:42:00,66.4
2025-06-12 03:35:00,98.0
2025-06-12 13:43:00,70.6
2025-06-12 10:22:00,73.5
2025-06-12 11:59:00,64.5
2025-06-12 16:58:00,81.0
2025-06-12 09:11:00,83.3
2025-06-12 13:57:00,30.0
2025-06-12 08:59:00,49.66792053602915
2025-06-12 20:57:00,17.4
2025-06-12 23:51:00,25.2
2025-06-12 22:29:00,71.8
2025-06-12 02:03:00,30.1
2025-06-12 13:12:00,14.5
2025-06-12 00:46:00,49.66792053602915
2025-06-12 17:09:00,91.9
2025-06-12 18:09:00,49.66792053602915
2025-06-12 00:54:00,61.3
2025-06-12 09:28:00,49.66792053602915
2025-06-12 09:03:00,42.2
2025-06-12 19:15:00,18.0
2025-06-12 14:17:00,45.8
2025-06-12 11:56:00,83.1
2025-06-12 10:43:00,61.2
2025-06-12 20:18:00,39.8
2025-06-12 18:08:00,49.66792053602915
2025-06-12 03:39:00,44.4
2025-06-12 10:09:00,18.4
2025-06-12 15:38:00,97.6
2025-06-12 13:30:00,10.5
2025-06-12 08:57:00,49.66792053602915
2025-06-12 13:11:00,42.6
2025-06-12 23:41:00,2.3
2025-06-12 15:33:00,23.0
2025-06-12 18:31:00,54.7
2025-06-12 11:01:00,0.5
2025-06-12 06:46:00,3.3
2025-06-12 14:13:00,38.2
2025-06-12 07:15:00,88.0
2025-06-12 22:26:00,49.66792053602915
2025-06-12 23:56:00,35.8
2025-06-12 04:19:00,50.9
2025-06-12 02:42:00,32.1
2025-06-12 00:05:00,58.7
2025-06-12 23:16:00,87.3
2025-06-12 08:47:00,54.8
2025-06-12 21:59:00,76.7
2025-06-12 03:15:00,15.8
2025-06-12 12:34:00,56.2
2025-06-12 04:47:00,49.66792053602915
2025-06-12 18:32:00,25.4
2025-06-12 22:49:00,88.6
2025-06-12 04:43:00,51.8
2025-06-12 08:46:00,49.66792053602915
2025-06-12 00:56:00,7.9
2025-06-12 10:19:00,62.5
2025-06-12 20:28:00,39.3
2025-06-12 16:38:00,42.3
2025-06-12 06:04:00,17.5
2025-06-12 21:54:00,9.0
2025-06-12 00:37:00,32.4
2025-06-12 08:06:00,49.66792053602915
2025-06-12 02:46:00,2.5
2025-06-12 17:20:00,65.7
2025-06-12 11:06:00,25.5
2025-06-12 11:26:00,45.7
2025-06-12 13:18:00,17.7
2025-06-12 01:30:00,49.66792053602915
2025-06-12 19:10:00,12.7
2025-06-12 14:26:00,49.66792053602915
2025-06-12 12:43:00,58.3
2025-06-12 07:20:00,18.9
2025-06-12 12:21:00,3.9
2025-06-12 02:11:00,44.5
2025-06-12 06:49:00,8.1
2025-06-12 13:07:00,29.0
2025-06-12 02:16:00,16.4
2025-06-12 08:04:00,39.3
2025-06-12 01:16:00,68.6
2025-06-12 20:42:00,57.3
2025-06-12 14:20:00,41.3
2025-06-12 01:56:00,68.0
2025-06-12 13:59:00,96.9
2025-06-12 10:32:00,82.9
2025-06-12 13:50:00,51.7
2025-06-12 18:28:00,88.5
2025-06-12 18:01:00,49.66792053602915
2025-06-12 20:13:00,8.3
2025-06-12 03:00:00,9.1
2025-06-12 19:41:00,9.7
2025-06-12 06:10:00,49.66792053602915
2025-06-12 08:53:00,68.1
2025-06-12 08:13:00,24.6
2025-06-12 18:50:00,90.1
2025-06-12 05:10:00,23.8
2025-06-12 13:09:00,8.3
2025-06-12 22:49:00,52.0
2025-06-12 21:04:00,6.9
2025-06-12 08:30:00,60.4
2025-06-12 23:47:00,86.9
2025-06-12 04:58:00,32.3
2025-06-12 21:38:00,49.66792053602915
2025-06-12 04:23:00,49.66792053602915
2025-06-12 19:20:00,64.1
2025-06-12 11:56:00,75.8
2025-06-12 11:56:00,20.6
2025-06-12 20:30:00,6.5
2025-06-12 15:00:00,2.1
2025-06-12 21:18:00,9.2
2025-06-12 21:25:00,49.66792053602915
2025-06-12 17:19:00,57.8
2025-06-12 14:58:00,49.66792053602915
2025-06-12 10:12:00,55.0
2025-06-12 01:14:00,80.5
2025-06-12 15:44:00,30.2
2025-06-12 00:45:00,93.4
2025-06-12 14:51:00,73.4
2025-06-12 03:29:00,49.66792053602915
2025-06-12 11:26:00,82.1
2025-06-12 11:06:00,47.3
2025-06-12 13:35:00,11.5
2025-06-12 05:28:00,17.1
2025-06-12 06:33:00,72.8
2025-06-12 21:25:00,49.66792053602915
2025-06-12 22:38:00,10.6
2025-06-12 09:18:00,49.66792053602915
2025-06-12 09:22:00,83.2
2025-06-12 00:23:00,67.9
2025-06-12 14:46:00,49.66792053602915
2025-06-12 21:49:00,52.3
2025-06-12 05:26:00,80.5
2025-06-12 21:47:00,60.7
2025-06-12 21:11:00,49.66792053602915
2025-06-12 19:37:00,69.6
2025-06-12 10:07:00,9.0
2025-06-12 06:43:00,23.0
2025-06-12 06:57:00,39.2
2025-06-12 08:27:00,31.5
2025-06-12 07:55:00,95.0
2025-06-12 03:23:00,12.9
2025-06-12 00:32:00,64.0
2025-06-12 15:54:00,19.4
2025-06-12 07:36:00,17.9
2025-06-12 03:59:00,78.9
2025-06-12 21:10:00,79.8
2025-06-12 10:06:00,7.5
2025-06-12 06:21:00,2.2
2025-06-12 21:29:00,74.1
2025-06-12 07:45:00,49.66792053602915
2025-06-12 00:15:00,49.66792053602915
2025-06-12 00:06:00,37.2
2025-06-12 02:13:00,16.8
2025-06-12 08:51:00,49.66792053602915
2025-06-12 11:39:00,62.9
2025-06-12 05:28:00,70.4
2025-06-12 22:16:00,69.1
2025-06-12 22:08:00,95.9
2025-06-12 20:35:00,46.1
2025-06-12 14:15:00,49.66792053602915
2025-06-12 18:02:00,31.9
2025-06-12 15:08:00,80.1
2025-06-12 10:43:00,3.6
2025-06-12 05:35:00,58.6
2025-06-12 20:54:00,60.8
2025-06-12 05:05:00,47.7
2025-06-12 03:08:00,10.7
2025-06-12 19:42:00,82.2
2025-06-12 10:29:00,41.0
2025-06-12 18:31:00,19.7
2025-06-12 00:59:00,31.4
2025-06-12 18:52:00,4.7
2025-06-12 16:08:00,17.1
2025-06-12 17:55:00,9.2
2025-06-12 13:18:00,5.3
2025-06-12 15:27:00,65.8
2025-06-12 18:28:00,49.66792053602915
2025-06-12 17:04:00,66.8
2025-06-12 18:46:00,16.6
2025-06-12 07:30:00,42.2
2025-06-12 20:15:00,27.5
2025-06-12 04:11:00,7.2
2025-06-12 04:03:00,49.66792053602915
2025-06-12 07:51:00,56.7
2025-06-12 19:55:00,25.2
2025-06-12 08:36:00,29.8
2025-06-12 18:33:00,49.66792053602915
2025-06-12 23:06:00,77.6
2025-06-12 03:39:00,34.8
2025-06-12 05:30:00,36.7
2025-06-12 16:21:00,72.2
2025-06-12 04:45:00,77.7
2025-06-12 19:08:00,68.4
2025-06-12 19:02:00,20.6
2025-06-12 07:06:00,15.6
2025-06-12 04:16:00,53.3
2025-06-12 02:38:00,13.5
2025-06-12 01:16:00,49.66792053602915
2025-06-12 22:17:00,49.66792053602915
2025-06-12 08:10:00,80.3
2025-06-12 21:26:00,58.6
2025-06-12 07:53:00,68.8
2025-06-12 04:33:00,38.6
2025-06-12 01:41:00,30.4
2025-06-12 03:40:00,45.3
2025-06-12 01:46:00,93.3
2025-06-12 16:47:00,93.6
2025-06-12 17:34:00,91.6
2025-06-12 10:34:00,49.66792053602915
2025-06-12 08:52:00,45.1
2025-06-12 12:05:00,49.66792053602915
2025-06-12 21:38:00,29.2
2025-06-12 01:09:00,77.0
2025-06-12 01:34:00,70.3
2025-06-12 06:35:00,55.0
2025-06-12 05:50:00,3.8
2025-06-12 21:06:00,39.6
2025-06-12 22:18:00,19.0
2025-06-12 01:17:00,88.6
2025-06-12 20:29:00,49.66792053602915
2025-06-12 08:41:00,9.8
2025-06-12 10:25:00,97.7
2025-06-12 15:18:00,59.8
2025-06-12 03:20:00,49.1
2025-06-12 15:14:00,43.0
2025-06-12 08:14:00,6.8
2025-06-12 07:35:00,49.66792053602915
2025-06-12 16:14:00,80.3
2025-06-12 10:03:00,55.0
2025-06-12 11:22:00,49.66792053602915
2025-06-12 07:39:00,54.6
2025-06-12 19:48:00,49.66792053602915
2025-06-12 19:19:00,3.9
2025-06-12 12:25:00,49.66792053602915
2025-06-12 14:52:00,16.5
2025-06-12 23:58:00,66.8
2025-06-12 02:29:00,21.4
2025-06-12 08:04:00,49.66792053602915
2025-06-12 16:27:00,12.1
2025-06-12 06:38:00,17.4
2025-06-12 04:50:00,37.0
2025-06-12 03:50:00,56.5
2025-06-12 18:30:00,26.0
2025-06-12 18:41:00,58.2
2025-06-12 06:35:00,93.4
2025-06-12 10:34:00,33.8
2025-06-12 09:00:00,50.4
2025-06-12 00:01:00,19.2
2025-06-12 22:23:00,93.8
2025-06-12 16:10:00,25.3
2025-06-12 07:36:00,49.82591552591553
2025-06-12 22:57:00,35.7
2025-06-12 23:02:00,75.6
2025-06-12 12:11:00,62.2
2025-06-12 22:42:00,87.8
2025-06-12 00:11:00,89.9
2025-06-12 16:36:00,70.9
2025-06-12 09:19:00,40.5
2025-06-12 09:38:00,49.82591552591553
2025-06-12 11:24:00,10.1
2025-06-12 21:25:00,3.1
2025-06-12 18:42:00,84.1
2025-06-12 04:25:00,91.9
2025-06-12 22:48:00,40.5
2025-06-12 17:57:00,96.1
2025-06-12 15:17:00,76.1
2025-06-12 00:37:00,72.3
2025-06-12 09:01:00,51.0
2025-06-12 17:02:00,30.9
2025-06-12 21:05:00,2.2
2025-06-12 14:43:00,49.82591552591553
2025-06-12 13:39:00,19.2
2025-06-12 09:51:00,100.0
2025-06-12 10:29:00,49.82591552591553
2025-06-12 17:59:00,49.82591552591553
2025-06-12 03:15:00,46.3
2025-06-12 04:50:00,90.4
2025-06-12 18:29:00,93.6
2025-06-12 08:52:00,36.5
2025-06-12 06:47:00,10.5
2025-06-12 21:23:00,48.6
2025-06-12 09:31:00,49.82591552591553
2025-06-12 05:30:00,50.3
2025-06-12 12:22:00,4.0
2025-06-12 02:21:00,17.4
2025-06-12 05:01:00,3.9
2025-06-12 02:12:00,49.82591552591553
2025-06-12 14:22:00,49.82591552591553
2025-06-12 16:19:00,87.0
2025-06-12 14:31:00,44.3
2025-06-12 08:41:00,91.3
2025-06-12 07:03:00,49.82591552591553
2025-06-12 09:15:00,27.2
2025-06-12 06:17:00,49.82591552591553
2025-06-12 22:03:00,25.7
2025-06-12 23:05:00,49.82591552591553
2025-06-12 15:11:00,50.5
2025-06-12 17:46:00,46.4
2025-06-12 15:04:00,93.2
2025-06-12 13:44:00,69.5
2025-06-12 23:09:00,40.2
2025-06-12 13:11:00,98.9
2025-06-12 03:10:00,56.9
2025-06-12 13:27:00,92.9
2025-06-12 16:03:00,55.5
2025-06-12 15:00:00,61.5
2025-06-12 22:03:00,24.5
2025-06-12 14:22:00,91.8
2025-06-12 16:29:00,70.2
2025-06-12 07:32:00,72.4
2025-06-12 05:58:00,64.1
2025-06-12 17:52:00,49.82591552591553
2025-06-12 00:29:00,49.82591552591553
2025-06-12 14:27:00,94.9
2025-06-12 05:24:00,21.1
2025-06-12 02:49:00,46.6
2025-06-12 01:18:00,64.4
2025-06-12 07:38:00,83.2
2025-06-12 00:47:00,82.1
2025-06-12 02:08:00,53.8
2025-06-12 20:11:00,94.6
2025-06-12 04:57:00,24.1
2025-06-12 10:38:00,11.8
2025-06-12 05:17:00,63.6
2025-06-12 08:09:00,40.9
2025-06-12 11:43:00,49.82591552591553
2025-06-12 15:11:00,48.8
2025-06-12 04:23:00,42.9
2025-06-12 23:48:00,59.3
2025-06-12 07:45:00,49.82591552591553
2025-06-12 09:45:00,49.82591552591553
2025-06-12 20:54:00,45.6
2025-06-12 03:33:00,22.4
2025-06-12 10:20:00,38.0
2025-06-12 16:17:00,38.5
2025-06-12 12:06:00,73.9
2025-06-12 13:20:00,49.82591552591553
2025-06-12 00:36:00,49.82591552591553
2025-06-12 14:43:00,5.9
2025-06-12 09:33:00,58.1
2025-06-12 09:56:00,34.4
2025-06-12 15:27:00,86.9
2025-06-12 01:00:00,91.3
2025-06-12 05:41:00,59.9
2025-06-12 12:30:00,50.0
2025-06-12 04:26:00,85.5
2025-06-12 08:20:00,62.2
2025-06-12 01:44:00,70.1
2025-06-12 04:46:00,82.3
2025-06-12 18:48:00,49.82591552591553
2025-06-12 01:29:00,21.0
2025-06-12 12:05:00,19.5
2025-06-12 18:20:00,88.1
2025-06-12 10:44:00,90.9
2025-06-12 02:40:00,55.4
2025-06-12 22:32:00,89.7
2025-06-12 13:19:00,47.8
2025-06-12 17:06:00,32.8
2025-06-12 20:36:00,71.4
2025-06-12 14:18:00,49.82591552591553
2025-06-12 00:01:00,49.82591552591553
2025-06-12 18:04:00,42.7
2025-06-12 22:03:00,56.7
2025-06-12 23:01:00,75.5
2025-06-12 00:33:00,15.0
2025-06-12 19:33:00,79.3
2025-06-12 15:16:00,4.1
2025-06-12 22:19:00,16.7
2025-06-12 08:52:00,68.7
2025-06-12 14:04:00,68.3
2025-06-12 19:46:00,7.1
2025-06-12 18:11:00,49.82591552591553
2025-06-12 06:51:00,77.6
2025-06-12 00:04:00,91.7
2025-06-12 15:53:00,49.82591552591553
2025-06-12 19:23:00,40.3
2025-06-12 23:52:00,71.9
2025-06-12 05:14:00,12.7
2025-06-12 21:37:00,79.4
2025-06-12 17:26:00,2.4
2025-06-12 04:04:00,11.7
2025-06-12 13:33:00,67.6
2025-06-12 07:47:00,80.0
2025-06-12 07:04:00,30.0
2025-06-12 03:57:00,25.6
2025-06-12 22:46:00,21.9
2025-06-12 16:19:00,85.6
2025-06-12 08:40:00,19.1
2025-06-12 23:26:00,16.1
2025-06-12 03:30:00,49.82591552591553
2025-06-12 12:16:00,48.6
2025-06-12 08:51:00,27.2
2025-06-12 15:03:00,16.1
2025-06-12 15:52:00,88.0
2025-06-12 07:37:00,49.82591552591553
2025-06-12 11:23:00,25.4
2025-06-12 23:25:00,7.8
2025-06-12 06:38:00,60.0
2025-06-12 21:02:00,12.7
2025-06-12 20:12:00,73.0
2025-06-12 22:42:00,92.9
2025-06-12 05:52:00,5.0
2025-06-12 08:58:00,49.82591552591553
2025-06-12 10:38:00,26.6
2025-06-12 02:17:00,28.2
2025-06-12 13:49:00,70.1
2025-06-12 22:11:00,39.0
2025-06-12 02:21:00,45.9
2025-06-12 12:35:00,83.9
2025-06-12 11:00:00,49.82591552591553
2025-06-12 01:21:00,97.3
2025-06-12 02:41:00,91.6
2025-06-12 13:47:00,81.7
2025-06-12 11:16:00,87.3
2025-06-12 16:24:00,49.82591552591553
2025-06-12 12:42:00,31.2
2025-06-12 17:11:00,19.3
2025-06-12 22:38:00,32.7
2025-06-12 16:50:00,98.2
2025-06-12 04:48:00,49.82591552591553
2025-06-12 18:46:00,58.1
2025-06-12 03:05:00,50.7
2025-06-12 05:55:00,13.4
2025-06-12 08:10:00,40.6
2025-06-12 15:00:00,34.5
2025-06-12 01:06:00,93.1
2025-06-12 02:46:00,48.9
2025-06-12 05:39:00,74.1
2025-06-12 09:09:00,49.82591552591553
2025-06-12 03:37:00,95.6
2025-06-12 12:45:00,95.0
2025-06-12 00:43:00,25.5
2025-06-12 12:07:00,1.6
2025-06-12 10:56:00,17.2
2025-06-12 09:42:00,16.3
2025-06-12 12:09:00,49.82591552591553
2025-06-12 07:54:00,96.5
2025-06-12 20:42:00,99.2
2025-06-12 03:53:00,84.3
2025-06-12 02:56:00,49.82591552591553
2025-06-12 05:29:00,97.9
2025-06-12 11:09:00,98.7
2025-06-12 06:22:00,52.2
2025-06-12 23:49:00,25.0
2025-06-12 13:12:00,59.0
2025-06-12 23:55:00,77.7
2025-06-12 13:18:00,49.82591552591553
2025-06-12 21:08:00,26.9
2025-06-12 06:31:00,79.5
2025-06-12 23:02:00,49.82591552591553
2025-06-12 23:55:00,11.0
2025-06-12 05:00:00,15.0
2025-06-12 21:42:00,49.5
2025-06-12 10:39:00,90.9
2025-06-12 19:38:00,48.1
2025-06-12 14:05:00,0.4
2025-06-12 20:28:00,66.0
2025-06-12 07:49:00,46.9
2025-06-12 03:00:00,30.5
2025-06-12 05:28:00,79.6
2025-06-12 05:34:00,88.8
2025-06-12 18:32:00,18.9
2025-06-12 09:13:00,77.3
2025-06-12 03:57:00,7.4
2025-06-12 12:27:00,27.4
2025-06-12 08:56:00,50.6
2025-06-12 00:47:00,49.82591552591553
2025-06-12 15:11:00,92.0
2025-06-12 16:58:00,21.5
2025-06-12 23:34:00,37.3
2025-06-12 22:05:00,85.8
2025-06-12 04:16:00,31.3
2025-06-12 04:09:00,2.3
2025-06-12 19:51:00,23.0
2025-06-12 09:40:00,49.82591552591553
2025-06-12 13:21:00,93.9
2025-06-12 22:13:00,66.9
2025-06-12 15:41:00,1.9
2025-06-12 18:34:00,62.1
2025-06-12 22:43:00,6.0
2025-06-12 01:03:00,92.4
2025-06-12 16:29:00,43.2
2025-06-12 10:51:00,17.0
2025-06-12 03:30:00,49.82591552591553
2025-06-12 05:57:00,77.8
2025-06-12 18:04:00,62.3
2025-06-12 23:30:00,30.0
2025-06-12 11:42:00,25.9
2025-06-12 20:44:00,92.5
2025-06-12 00:25:00,49.82591552591553
2025-06-12 14:12:00,37.1
2025-06-12 08:40:00,98.6
2025-06-12 21:54:00,0.4
2025-06-12 21:40:00,78.5
2025-06-12 20:00:00,55.9
2025-06-12 16:19:00,42.0
2025-06-12 19:41:00,56.6
2025-06-12 03:30:00,35.1
2025-06-12 04:03:00,99.3
2025-06-12 16:16:00,49.82591552591553
2025-06-12 15:00:00,49.82591552591553
2025-06-12 16:42:00,90.9
2025-06-12 00:50:00,23.9
2025-06-12 04:33:00,93.9
2025-06-12 10:16:00,74.1
2025-06-12 02:07:00,47.9
2025-06-12 18:27:00,49.82591552591553
2025-06-12 21:28:00,32.6
2025-06-12 18:50:00,76.9
2025-06-12 23:42:00,50.7
2025-06-12 03:39:00,10.6
2025-06-12 19:03:00,55.2
2025-06-12 21:25:00,81.3
2025-06-12 11:47:00,48.7
2025-06-12 17:27:00,49.82591552591553
2025-06-12 12:59:00,18.3
2025-06-12 18:49:00,73.9
2025-06-12 14:15:00,8.7
2025-06-12 00:28:00,31.8
2025-06-12 14:33:00,23.6
2025-06-12 18:09:00,67.7
2025-06-12 20:39:00,75.2
2025-06-12 09:01:00,12.5
2025-06-12 17:23:00,74.8
2025-06-12 08:38:00,49.82591552591553
2025-06-12 12:18:00,83.3
2025-06-12 12:31:00,53.3
2025-06-12 21:47:00,79.7
2025-06-12 15:12:00,49.82591552591553
2025-06-12 18:21:00,5.9
2025-06-12 17:54:00,99.3
2025-06-12 07:12:00,94.0
2025-06-12 07:30:00,69.0
2025-06-12 18:28:00,37.7
2025-06-12 04:39:00,61.8
2025-06-12 08:27:00,81.0
2025-06-12 01:04:00,62.0
2025-06-12 12:53:00,7.3
2025-06-12 16:00:00,20.8
2025-06-12 20:47:00,77.7
2025-06-12 21:42:00,50.7
2025-06-12 06:06:00,49.82591552591553
2025-06-12 18:55:00,60.2
2025-06-12 14:19:00,34.2
2025-06-12 22:17:00,13.1
2025-06-12 23:44:00,77.2
2025-06-12 07:34:00,83.8
2025-06-12 13:21:00,10.3
2025-06-12 17:08:00,12.5
2025-06-12 15:34:00,73.3
2025-06-12 08:21:00,49.82591552591553
2025-06-12 21:07:00,44.3
2025-06-12 15:34:00,43.5
2025-06-12 02:58:00,49.82591552591553
2025-06-12 17:46:00,44.4
2025-06-12 20:24:00,47.0
2025-06-12 03:01:00,87.9
2025-06-12 07:41:00,75.2
2025-06-12 15:20:00,97.6
2025-06-12 10:44:00,49.82591552591553
2025-06-12 15:36:00,57.4
2025-06-12 02:02:00,16.0
2025-06-12 09:21:00,11.4
2025-06-12 21:53:00,60.5
2025-06-12 23:50:00,49.82591552591553
2025-06-12 09:12:00,56.7
2025-06-12 06:03:00,55.7
2025-06-12 18:41:00,65.0
2025-06-12 20:07:00,12.0
2025-06-12 13:54:00,4.6
2025-06-12 10:58:00,43.7
2025-06-12 06:44:00,70.6
2025-06-12 13:22:00,75.4
2025-06-12 10:16:00,53.9
2025-06-12 13:59:00,49.2
2025-06-12 07:51:00,62.0
2025-06-12 08:02:00,90.3
2025-06-12 19:36:00,49.82264106490752
2025-06-12 08:26:00,10.4
2025-06-12 09:47:00,63.8
2025-06-12 17:00:00,82.1
2025-06-12 01:19:00,3.3
2025-06-12 10:26:00,18.8
2025-06-12 13:52:00,89.5
2025-06-12 01:12:00,49.82264106490752
2025-06-12 04:39:00,60.2
2025-06-12 08:50:00,46.0
2025-06-12 11:09:00,5.7
2025-06-12 05:42:00,35.2
2025-06-12 06:40:00,18.3
2025-06-12 01:42:00,54.4
2025-06-12 13:41:00,49.82264106490752
2025-06-12 20:00:00,49.82264106490752
2025-06-12 03:30:00,37.8
2025-06-12 23:13:00,78.8
2025-06-12 18:39:00,49.82264106490752
2025-06-12 13:52:00,34.2
2025-06-12 19:52:00,7.5
2025-06-12 01:37:00,92.3
2025-06-12 16:43:00,36.1
2025-06-12 14:43:00,90.4
2025-06-12 15:31:00,2.1
2025-06-12 04:00:00,49.2
2025-06-12 21:12:00,79.9
2025-06-12 10:53:00,55.7
2025-06-12 08:07:00,85.1
2025-06-12 09:24:00,21.7
2025-06-12 05:36:00,49.1
2025-06-12 17:25:00,20.3
2025-06-12 13:27:00,48.8
2025-06-12 16:35:00,81.7
2025-06-12 01:13:00,49.82264106490752
2025-06-12 17:48:00,12.8
2025-06-12 00:09:00,79.8
2025-06-12 09:09:00,70.5
2025-06-12 13:21:00,78.7
2025-06-12 17:44:00,81.9
2025-06-12 12:51:00,18.1
2025-06-12 18:36:00,46.5
2025-06-12 21:03:00,69.4
2025-06-12 00:40:00,58.1
2025-06-12 06:21:00,49.82264106490752
2025-06-12 14:15:00,11.7
2025-06-12 01:16:00,96.9
2025-06-12 05:02:00,49.82264106490752
2025-06-12 18:57:00,60.4
2025-06-12 15:22:00,2.0
2025-06-12 19:05:00,5.7
2025-06-12 07:04:00,49.82264106490752
2025-06-12 05:03:00,49.82264106490752
2025-06-12 13:43:00,93.2
2025-06-12 13:40:00,67.6
2025-06-12 22:34:00,14.4
2025-06-12 19:20:00,91.9
2025-06-12 11:37:00,13.0
2025-06-12 00:25:00,49.82264106490752
2025-06-12 07:25:00,58.6
2025-06-12 09:18:00,45.6
2025-06-12 08:00:00,49.82264106490752
2025-06-12 11:39:00,80.4
2025-06-12 10:06:00,49.82264106490752
2025-06-12 03:36:00,44.7
2025-06-12 18:58:00,87.9
2025-06-12 22:12:00,49.82264106490752
2025-06-12 19:51:00,16.5
2025-06-12 06:52:00,95.8
2025-06-12 14:29:00,73.7
2025-06-12 15:27:00,20.4
2025-06-12 15:30:00,53.6
2025-06-12 03:09:00,10.3
2025-06-12 08:26:00,0.8
2025-06-12 12:46:00,68.5
2025-06-12 04:59:00,84.7
2025-06-12 13:51:00,74.7
2025-06-12 20:29:00,36.6
2025-06-12 12:40:00,78.4
2025-06-12 10:37:00,57.9
2025-06-12 02:04:00,4.1
2025-06-12 07:21:00,39.5
2025-06-12 17:16:00,38.4
2025-06-12 01:39:00,17.6
2025-06-12 00:06:00,24.7
2025-06-12 21:02:00,49.82264106490752
2025-06-12 15:43:00,10.0
2025-06-12 15:59:00,60.8
2025-06-12 11:32:00,49.82264106490752
2025-06-12 11:43:00,8.4
2025-06-12 16:14:00,76.8
2025-06-12 10:05:00,41.6
2025-06-12 11:34:00,13.1
2025-06-12 03:02:00,68.2
2025-06-12 16:35:00,54.4
2025-06-12 16:24:00,80.1
2025-06-12 18:37:00,47.7
2025-06-12 03:37:00,21.7
2025-06-12 01:50:00,50.0
2025-06-12 02:24:00,62.7
2025-06-12 21:28:00,2.6
2025-06-12 02:37:00,38.8
2025-06-12 11:26:00,27.2
2025-06-12 14:29:00,27.6
2025-06-12 00:45:00,59.5
2025-06-12 23:03:00,82.4
2025-06-12 02:48:00,10.9
2025-06-12 19:09:00,49.82264106490752
2025-06-12 03:50:00,8.6
2025-06-12 01:14:00,68.6
2025-06-12 05:45:00,2.9
2025-06-12 22:33:00,65.2
2025-06-12 22:34:00,28.2
2025-06-12 20:55:00,9.9
2025-06-12 22:19:00,93.3
2025-06-12 22:37:00,49.82264106490752
2025-06-12 06:21:00,80.3
2025-06-12 06:35:00,83.6
2025-06-12 09:53:00,15.0
2025-06-12 13:37:00,5.0
2025-06-12 20:26:00,9.6
2025-06-12 02:35:00,49.82264106490752
2025-06-12 02:38:00,60.4
2025-06-12 02:34:00,29.5
2025-06-12 19:10:00,67.4
2025-06-12 07:59:00,88.5
2025-06-12 17:38:00,87.6
2025-06-12 09:13:00,35.9
2025-06-12 04:17:00,49.82264106490752
2025-06-12 12:07:00,87.3
2025-06-12 04:29:00,59.7
2025-06-12 21:57:00,2.3
2025-06-12 07:01:00,52.7
2025-06-12 17:34:00,15.5
2025-06-12 18:33:00,80.6
2025-06-12 18:23:00,76.3
2025-06-12 22:52:00,20.4
2025-06-12 19:57:00,12.5
2025-06-12 14:59:00,21.6
2025-06-12 22:27:00,6.4
2025-06-12 03:26:00,30.7
2025-06-12 10:00:00,9.0
2025-06-12 17:23:00,27.5
2025-06-12 06:39:00,49.82264106490752
2025-06-12 21:42:00,49.82264106490752
2025-06-12 15:02:00,58.2
2025-06-12 00:26:00,49.82264106490752
2025-06-12 19:32:00,48.7
2025-06-12 07:14:00,49.82264106490752
2025-06-12 11:03:00,2.4
2025-06-12 22:27:00,49.82264106490752
2025-06-12 13:43:00,48.0
2025-06-12 04:58:00,33.3
2025-06-12 23:40:00,1.3
2025-06-12 10:08:00,57.2
2025-06-12 04:00:00,92.2
2025-06-12 14:08:00,34.9
2025-06-12 00:49:00,42.6
2025-06-12 13:45:00,49.82264106490752
2025-06-12 13:59:00,54.0
2025-06-12 14:13:00,49.82264106490752
2025-06-12 00:34:00,88.9
2025-06-12 20:49:00,49.82264106490752
2025-06-12 00:44:00,3.8
2025-06-12 04:15:00,47.3
2025-06-12 19:58:00,4.6
2025-06-12 09:19:00,14.1
2025-06-12 14:06:00,49.82264106490752
2025-06-12 21:10:00,49.82264106490752
2025-06-12 15:11:00,56.2
2025-06-12 17:33:00,96.9
2025-06-12 23:40:00,21.6
2025-06-12 19:53:00,49.82264106490752
2025-06-12 14:34:00,48.5
2025-06-12 21:38:00,48.8
2025-06-12 18:33:00,70.4
2025-06-12 14:05:00,1.2
2025-06-12 01:39:00,49.82264106490752
2025-06-12 10:21:00,49.82264106490752
2025-06-12 23:53:00,8.7
2025-06-12 00:15:00,45.2
2025-06-12 09:06:00,49.82264106490752
2025-06-12 08:20:00,49.82264106490752
2025-06-12 05:54:00,49.82264106490752
2025-06-12 15:31:00,85.7
2025-06-12 15:29:00,11.1
2025-06-12 11:09:00,36.9
2025-06-12 16:15:00,49.82264106490752
2025-06-12 06:04:00,64.7
2025-06-12 22:36:00,68.6
2025-06-12 01:31:00,5.4
2025-06-12 11:44:00,37.7
2025-06-12 10:09:00,94.0
2025-06-12 07:06:00,66.5
2025-06-12 12:37:00,32.4
2025-06-12 17:19:00,3.2
2025-06-12 14:55:00,90.2
2025-06-12 15:39:00,7.9
2025-06-12 19:26:00,49.82264106490752
2025-06-12 07:39:00,49.82264106490752
2025-06-12 06:06:00,5.6
2025-06-12 03:14:00,82.6
2025-06-12 06:32:00,63.2
2025-06-12 17:13:00,23.1
2025-06-12 04:23:00,15.7
2025-06-12 06:33:00,73.7
2025-06-12 23:36:00,49.82264106490752
2025-06-12 02:23:00,8.6
2025-06-12 13:00:00,96.8
2025-06-12 03:16:00,5.5
2025-06-12 05:32:00,56.0
2025-06-12 21:39:00,87.8
2025-06-12 16:30:00,41.0
2025-06-12 10:46:00,55.4
2025-06-12 14:56:00,74.0
2025-06-12 15:55:00,38.4
2025-06-12 17:54:00,49.82264106490752
2025-06-12 14:57:00,52.3
2025-06-12 14:12:00,62.7
2025-06-12 10:18:00,85.8
2025-06-12 09:28:00,91.7
2025-06-12 12:52:00,34.8
2025-06-12 07:11:00,19.5
2025-06-12 17:14:00,9.3
2025-06-12 08:54:00,13.4
2025-06-12 09:59:00,71.8
2025-06-12 03:02:00,94.5
2025-06-12 14:01:00,19.3
2025-06-12 18:46:00,3.1
2025-06-12 07:13:00,49.82264106490752
2025-06-12 02:48:00,79.3
2025-06-12 22:11:00,48.8
2025-06-12 01:16:00,16.4
2025-06-12 12:36:00,3.0
2025-06-12 18:28:00,14.0
2025-06-12 09:14:00,49.82264106490752
2025-06-12 00:52:00,37.4
2025-06-12 21:31:00,96.7
2025-06-12 18:30:00,32.6
2025-06-12 17:01:00,49.82264106490752
2025-06-12 15:32:00,11.4
2025-06-12 07:54:00,28.3
2025-06-12 16:57:00,3.0
2025-06-12 17:51:00,49.82264106490752
2025-06-12 01:55:00,58.3
2025-06-12 06:45:00,81.9
2025-06-12 23:08:00,69.5
2025-06-12 09:19:00,41.4
2025-06-12 08:29:00,15.4
2025-06-12 02:10:00,49.2
2025-06-12 17:10:00,67.3
2025-06-12 06:47:00,61.1
2025-06-12 03:51:00,75.5
2025-06-12 20:01:00,49.82264106490752
2025-06-12 01:13:00,1.7
2025-06-12 16:31:00,49.82264106490752
2025-06-12 20:05:00,88.7
2025-06-12 03:29:00,35.2
2025-06-12 15:25:00,4.6
2025-06-12 19:20:00,52.9
2025-06-12 05:04:00,98.4
2025-06-12 08:02:00,35.1
2025-06-12 13:07:00,86.6
2025-06-12 09:01:00,64.9
2025-06-12 10:43:00,83.5
2025-06-12 10:10:00,9.1
2025-06-12 11:20:00,85.5
2025-06-12 17:24:00,21.5
2025-06-12 00:50:00,66.2
2025-06-12 14:04:00,43.0
2025-06-12 15:45:00,49.82264106490752
2025-06-12 00:19:00,43.6
2025-06-12 19:38:00,46.0
2025-06-12 07:02:00,30.2
2025-06-12 14:05:00,41.1
2025-06-12 23:35:00,49.1
2025-06-12 08:22:00,46.9
2025-06-12 16:33:00,1.8
2025-06-12 02:01:00,3.3
2025-06-12 06:30:00,6.4
2025-06-12 00:16:00,2.8
2025-06-12 13:21:00,49.82264106490752
2025-06-12 19:02:00,19.9
2025-06-12 08:12:00,21.9
2025-06-12 16:18:00,10.0
2025-06-12 21:12:00,53.4
2025-06-12 20:31:00,82.5
2025-06-12 19:42:00,40.1
2025-06-12 04:18:00,49.82264106490752
2025-06-12 19:00:00,86.3
2025-06-12 08:28:00,29.5
2025-06-12 18:36:00,5.2
2025-06-12 14:59:00,55.9
2025-06-12 19:18:00,1.1
2025-06-12 10:07:00,44.6
2025-06-12 05:42:00,80.5
2025-06-12 08:24:00,20.0
2025-06-12 20:19:00,75.0
2025-06-12 22:18:00,52.6
2025-06-12 20:00:00,86.4
2025-06-12 15:14:00,85.5
2025-06-12 20:48:00,50.2
2025-06-12 17:40:00,25.8
2025-06-12 15:49:00,37.8
2025-06-12 21:15:00,49.82264106490752
2025-06-12 07:42:00,8.1
2025-06-12 21:50:00,20.8
2025-06-12 11:50:00,45.5
2025-06-12 01:02:00,49.82264106490752
2025-06-12 19:23:00,24.9
2025-06-12 15:11:00,49.82264106490752
2025-06-12 15:30:00,36.4
2025-06-12 20:36:00,22.8
2025-06-12 04:50:00,46.9
2025-06-12 18:43:00,1.8
2025-06-12 19:36:00,19.7
2025-06-12 16:38:00,41.2
2025-06-12 13:17:00,26.4
2025-06-12 00:54:00,73.1
2025-06-12 15:38:00,80.8
2025-06-12 18:56:00,86.4
2025-06-12 16:09:00,91.8
2025-06-12 11:46:00,49.82264106490752
2025-06-12 22:41:00,49.82264106490752
2025-06-12 06:07:00,53.9
2025-06-12 08:08:00,11.1
2025-06-12 14:41:00,14.6
2025-06-12 05:28:00,90.1
2025-06-12 11:28:00,57.7
2025-06-12 10:02:00,57.8
2025-06-12 17:29:00,63.6
2025-06-12 11:58:00,30.8
2025-06-12 06:15:00,21.5
2025-06-12 11:23:00,2.9
2025-06-12 01:36:00,86.9
2025-06-12 00:35:00,18.1
2025-06-12 00:52:00,63.3
2025-06-12 19:21:00,73.4
2025-06-12 12:34:00,95.7
2025-06-12 15:33:00,38.5
2025-06-12 21:00:00,66.0
2025-06-12 11:03:00,78.9
2025-06-12 17:56:00,92.3
2025-06-12 03:18:00,18.2
2025-06-12 15:16:00,9.6
2025-06-12 04:07:00,60.9
2025-06-12 13:07:00,33.4
2025-06-12 14:25:00,94.4
2025-06-12 02:01:00,0.6
2025-06-12 12:20:00,49.73505924170616
2025-06-12 23:05:00,91.6
2025-06-12 05:28:00,98.5
2025-06-12 05:58:00,34.4
2025-06-12 18:34:00,52.0
2025-06-12 16:39:00,76.3
2025-06-12 03:39:00,62.8
2025-06-12 13:23:00,36.3
2025-06-12 19:01:00,30.9
2025-06-12 22:44:00,68.7
2025-06-12 11:04:00,16.4
2025-06-12 09:24:00,19.4
2025-06-12 14:12:00,49.73505924170616
2025-06-12 01:04:00,48.3
2025-06-12 14:31:00,50.9
2025-06-12 20:49:00,49.73505924170616
2025-06-12 06:52:00,20.6
2025-06-12 04:08:00,60.7
2025-06-12 14:34:00,45.9
2025-06-12 00:10:00,24.3
2025-06-12 06:42:00,49.73505924170616
2025-06-12 00:25:00,15.3
2025-06-12 19:44:00,76.8
2025-06-12 17:55:00,26.9
2025-06-12 22:39:00,96.9
2025-06-12 10:45:00,64.5
2025-06-12 22:10:00,2.6
2025-06-12 21:46:00,72.7
2025-06-12 11:36:00,1.8
2025-06-12 10:14:00,6.1
2025-06-12 20:42:00,49.73505924170616
2025-06-12 21:54:00,82.6
2025-06-12 17:26:00,92.9
2025-06-12 15:07:00,78.4
2025-06-12 10:11:00,81.4
2025-06-12 06:47:00,71.5
2025-06-12 16:37:00,92.4
2025-06-12 07:54:00,15.3
2025-06-12 06:12:00,49.6
2025-06-12 07:36:00,49.73505924170616
2025-06-12 16:56:00,57.3
2025-06-12 01:39:00,68.1
2025-06-12 20:09:00,62.6
2025-06-12 21:23:00,52.0
2025-06-12 19:14:00,91.2
2025-06-12 15:54:00,70.5
2025-06-12 08:14:00,49.73505924170616
2025-06-12 11:48:00,22.4
2025-06-12 19:45:00,7.8
2025-06-12 15:11:00,3.2
2025-06-12 09:50:00,49.73505924170616
2025-06-12 04:14:00,31.3
2025-06-12 00:35:00,30.5
2025-06-12 19:58:00,85.5
2025-06-12 02:22:00,17.7
2025-06-12 22:20:00,7.3
2025-06-12 12:49:00,52.0
2025-06-12 05:25:00,29.4
2025-06-12 07:48:00,83.5
2025-06-12 12:18:00,49.73505924170616
2025-06-12 15:25:00,83.0
2025-06-12 19:06:00,59.5
2025-06-12 22:39:00,84.9
2025-06-12 07:13:00,49.73505924170616
2025-06-12 01:28:00,86.0
2025-06-12 16:55:00,86.0
2025-06-12 05:56:00,70.1
2025-06-12 18:12:00,36.2
2025-06-12 09:35:00,51.0
2025-06-12 00:14:00,34.2
2025-06-12 13:01:00,13.4
2025-06-12 07:17:00,71.3
2025-06-12 13:20:00,36.1
2025-06-12 19:04:00,58.1
2025-06-12 10:53:00,9.2
2025-06-12 04:00:00,87.3
2025-06-12 19:53:00,48.7
2025-06-12 14:26:00,58.8
2025-06-12 02:14:00,97.1
2025-06-12 07:39:00,74.2
2025-06-12 00:03:00,15.8
2025-06-12 12:05:00,17.2
2025-06-12 09:22:00,49.73505924170616
2025-06-12 06:49:00,28.2
2025-06-12 02:49:00,70.2
2025-06-12 22:44:00,12.4
2025-06-12 16:42:00,75.8
2025-06-12 21:25:00,34.8
2025-06-12 07:44:00,28.7
2025-06-12 05:39:00,74.3
2025-06-12 17:22:00,91.9
2025-06-12 10:26:00,2.7
2025-06-12 08:49:00,57.0
2025-06-12 00:58:00,2.1
2025-06-12 10:07:00,45.1
2025-06-12 19:18:00,36.2
2025-06-12 07:08:00,29.4
2025-06-12 08:52:00,0.9
2025-06-12 12:48:00,4.3
2025-06-12 09:39:00,35.5
2025-06-12 14:36:00,26.0
2025-06-12 02:37:00,79.9
2025-06-12 22:49:00,59.1
2025-06-12 01:04:00,38.4
2025-06-12 15:15:00,26.5
2025-06-12 02:17:00,15.8
2025-06-12 04:22:00,11.2
2025-06-12 21:36:00,67.9
2025-06-12 03:21:00,32.6
2025-06-12 13:32:00,61.4
2025-06-12 21:36:00,82.4
2025-06-12 18:57:00,17.7
2025-06-12 01:57:00,34.7
2025-06-12 08:00:00,35.6
2025-06-12 16:01:00,49.73505924170616
2025-06-12 22:19:00,16.0
2025-06-12 20:09:00,49.73505924170616
2025-06-12 08:08:00,1.0
2025-06-12 05:37:00,20.3
2025-06-12 18:05:00,33.7
2025-06-12 04:45:00,36.9
2025-06-12 12:54:00,21.2
2025-06-12 05:37:00,5.9
2025-06-12 04:38:00,28.8
2025-06-12 16:55:00,24.8
2025-06-12 15:59:00,50.1
2025-06-12 05:40:00,48.4
2025-06-12 05:34:00,61.7
2025-06-12 06:17:00,20.8
2025-06-12 15:56:00,42.6
2025-06-12 05:33:00,31.6
2025-06-12 03:04:00,44.1
2025-06-12 08:07:00,51.2
2025-06-12 15:29:00,10.2
2025-06-12 18:04:00,6.4
2025-06-12 20:50:00,49.73505924170616
2025-06-12 01:14:00,49.73505924170616
2025-06-12 15:14:00,12.3
2025-06-12 05:46:00,49.73505924170616
2025-06-12 03:13:00,81.1
2025-06-12 05:34:00,49.73505924170616
2025-06-12 08:11:00,91.2
2025-06-12 13:26:00,49.73505924170616
2025-06-12 05:45:00,51.8
2025-06-12 02:34:00,82.4
2025-06-12 13:14:00,14.5
2025-06-12 12:34:00,77.0
2025-06-12 05:16:00,25.3
2025-06-12 13:36:00,44.5
2025-06-12 08:11:00,30.5
2025-06-12 18:20:00,62.8
2025-06-12 12:26:00,16.8
2025-06-12 06:22:00,3.3
2025-06-12 12:31:00,49.4
2025-06-12 08:55:00,91.4
2025-06-12 10:54:00,92.8
2025-06-12 17:54:00,49.73505924170616
2025-06-12 21:08:00,90.4
2025-06-12 23:10:00,52.8
2025-06-12 14:00:00,67.2
2025-06-12 09:59:00,86.1
2025-06-12 12:51:00,44.4
2025-06-12 17:48:00,42.9
2025-06-12 21:20:00,0.3
2025-06-12 06:47:00,38.1
2025-06-12 11:38:00,25.2
2025-06-12 10:38:00,25.9
2025-06-12 20:02:00,36.3
2025-06-12 11:48:00,49.73505924170616
2025-06-12 11:33:00,43.4
2025-06-12 00:33:00,2.8
2025-06-12 19:19:00,23.1
2025-06-12 17:17:00,40.2
2025-06-12 23:30:00,18.5
2025-06-12 06:21:00,88.1
2025-06-12 17:47:00,49.73505924170616
2025-06-12 05:19:00,93.8
2025-06-12 12:15:00,72.8
2025-06-12 09:03:00,46.6
2025-06-12 21:00:00,49.73505924170616
2025-06-12 22:34:00,42.9
2025-06-12 17:33:00,10.3
2025-06-12 16:33:00,49.73505924170616
2025-06-12 11:24:00,32.9
2025-06-12 21:24:00,10.8
2025-06-12 14:58:00,85.1
2025-06-12 12:00:00,12.1
2025-06-12 13:48:00,62.7
2025-06-12 18:02:00,30.3
2025-06-12 01:01:00,47.2
2025-06-12 16:04:00,0.2
2025-06-12 06:32:00,70.6
2025-06-12 15:58:00,31.2
2025-06-12 20:48:00,9.5
2025-06-12 00:28:00,47.0
2025-06-12 07:23:00,49.73505924170616
2025-06-12 11:44:00,5.2
2025-06-12 07:45:00,54.4
2025-06-12 03:40:00,25.2
2025-06-12 15:40:00,53.6
2025-06-12 20:17:00,44.2
2025-06-12 22:46:00,42.5
2025-06-12 07:34:00,82.5
2025-06-12 11:05:00,49.73505924170616
2025-06-12 07:44:00,4.9
2025-06-12 01:08:00,49.73505924170616
2025-06-12 06:50:00,49.0
2025-06-12 16:14:00,49.73505924170616
2025-06-12 21:14:00,22.3
2025-06-12 14:22:00,84.3
2025-06-12 12:19:00,5.6
2025-06-12 21:40:00,74.6
2025-06-12 23:37:00,35.8
2025-06-12 06:52:00,97.0
2025-06-12 13:53:00,1.3
2025-06-12 06:44:00,48.1
2025-06-12 04:25:00,49.73505924170616
2025-06-12 04:57:00,54.3
2025-06-12 08:55:00,15.9
2025-06-12 17:10:00,49.73505924170616
2025-06-12 18:28:00,0.9
2025-06-12 10:30:00,16.4
2025-06-12 02:12:00,38.5
2025-06-12 19:49:00,41.2
2025-06-12 23:54:00,49.73505924170616
2025-06-12 14:33:00,45.6
2025-06-12 11:03:00,92.1
2025-06-12 21:34:00,16.0
2025-06-12 05:05:00,4.3
2025-06-12 17:02:00,27.9
2025-06-12 11:55:00,92.1
2025-06-12 13:22:00,97.9
2025-06-12 14:39:00,55.9
2025-06-12 00:26:00,83.0
2025-06-12 02:08:00,53.8
2025-06-12 14:00:00,88.0
2025-06-12 17:02:00,74.8
2025-06-12 12:44:00,99.7
2025-06-12 10:17:00,82.4
2025-06-12 04:25:00,24.5
2025-06-12 10:07:00,44.6
2025-06-12 09:41:00,5.0
2025-06-12 22:54:00,49.73505924170616
2025-06-12 04:32:00,88.8
2025-06-12 17:05:00,88.6
2025-06-12 01:32:00,6.9
2025-06-12 00:27:00,41.8
2025-06-12 03:36:00,74.6
2025-06-12 02:59:00,20.0
2025-06-12 22:00:00,17.5
2025-06-12 22:26:00,90.2
2025-06-12 12:26:00,90.0
2025-06-12 08:01:00,49.73505924170616
2025-06-12 06:57:00,93.2
2025-06-12 20:36:00,35.7
2025-06-12 11:25:00,49.73505924170616
2025-06-12 17:52:00,49.73505924170616
2025-06-12 21:49:00,77.9
2025-06-12 19:06:00,4.7
2025-06-12 00:18:00,87.5
2025-06-12 19:14:00,67.5
2025-06-12 00:53:00,83.0
2025-06-12 16:59:00,91.8
2025-06-12 14:18:00,3.4
2025-06-12 14:08:00,36.7
2025-06-12 12:16:00,38.0
2025-06-12 08:00:00,82.9
2025-06-12 05:16:00,30.8
2025-06-12 23:46:00,29.9
2025-06-12 10:54:00,29.3
2025-06-12 21:27:00,67.5
2025-06-12 00:40:00,41.9
2025-06-12 09:36:00,49.73505924170616
2025-06-12 20:58:00,49.73505924170616
2025-06-12 13:35:00,31.9
2025-06-12 16:51:00,69.3
2025-06-12 10:55:00,48.7
2025-06-12 21:31:00,22.4
2025-06-12 02:50:00,80.6
2025-06-12 08:40:00,67.5
2025-06-12 13:25:00,85.6
2025-06-12 08:05:00,70.6
2025-06-12 05:42:00,92.8
2025-06-12 19:19:00,66.6
2025-06-12 14:42:00,18.4
2025-06-12 23:15:00,28.3
2025-06-12 00:37:00,54.1
2025-06-12 16:16:00,2.3
2025-06-12 01:09:00,60.1
2025-06-12 00:41:00,50.04950773558369
2025-06-12 00:03:00,43.2
2025-06-12 19:56:00,31.0
2025-06-12 11:14:00,25.4
2025-06-12 02:51:00,92.8
2025-06-12 09:02:00,30.9
2025-06-12 10:58:00,84.2
2025-06-12 17:23:00,81.0
2025-06-12 19:03:00,13.2
2025-06-12 22:36:00,39.7
2025-06-12 08:21:00,40.0
2025-06-12 07:19:00,36.9
2025-06-12 06:46:00,49.6
2025-06-12 13:59:00,93.4
2025-06-12 22:36:00,78.5
2025-06-12 11:01:00,18.1
2025-06-12 05:10:00,33.7
2025-06-12 12:22:00,21.5
2025-06-12 23:42:00,26.2
2025-06-12 06:00:00,27.5
2025-06-12 19:32:00,50.04950773558369
2025-06-12 04:46:00,51.2
2025-06-12 13:59:00,50.04950773558369
2025-06-12 03:11:00,58.4
2025-06-12 08:40:00,78.6
2025-06-12 16:25:00,50.04950773558369
2025-06-12 13:29:00,94.6
2025-06-12 13:47:00,50.04950773558369
2025-06-12 14:52:00,25.7
2025-06-12 16:33:00,73.7
2025-06-12 06:21:00,21.1
2025-06-12 14:05:00,50.04950773558369
2025-06-12 21:46:00,60.6
2025-06-12 06:56:00,96.1
2025-06-12 14:09:00,38.2
2025-06-12 18:16:00,50.04950773558369
2025-06-12 01:55:00,35.9
2025-06-12 15:54:00,39.2
2025-06-12 18:41:00,80.2
2025-06-12 02:19:00,87.9
2025-06-12 11:37:00,86.4
2025-06-12 18:06:00,89.4
2025-06-12 20:17:00,90.3
2025-06-12 01:29:00,26.1
2025-06-12 12:43:00,93.3
2025-06-12 01:36:00,37.8
2025-06-12 09:22:00,76.2
2025-06-12 13:05:00,30.6
2025-06-12 08:18:00,77.8
2025-06-12 01:00:00,27.9
2025-06-12 20:47:00,52.7
2025-06-12 22:40:00,6.2
2025-06-12 02:27:00,1.6
2025-06-12 18:04:00,58.7
2025-06-12 13:02:00,92.4
2025-06-12 17:54:00,44.1
2025-06-12 19:30:00,50.04950773558369
2025-06-12 01:03:00,71.1
2025-06-12 05:34:00,71.0
2025-06-12 17:46:00,13.0
2025-06-12 08:00:00,9.5
2025-06-12 09:38:00,86.4
2025-06-12 18:53:00,53.5
2025-06-12 20:05:00,30.2
2025-06-12 07:14:00,36.8
2025-06-12 14:00:00,99.1
2025-06-12 20:55:00,84.4
2025-06-12 04:52:00,36.7
2025-06-12 02:50:00,61.7
2025-06-12 09:02:00,28.6
2025-06-12 05:34:00,21.1
2025-06-12 15:41:00,50.04950773558369
2025-06-12 14:07:00,50.04950773558369
2025-06-12 15:16:00,46.1
2025-06-12 01:03:00,79.7
2025-06-12 01:41:00,50.04950773558369
2025-06-12 06:44:00,21.9
2025-06-12 17:05:00,7.0
2025-06-12 05:41:00,4.1
2025-06-12 17:47:00,75.8
2025-06-12 22:27:00,88.6
2025-06-12 02:06:00,47.9
2025-06-12 01:51:00,88.8
2025-06-12 23:54:00,51.6
2025-06-12 23:03:00,98.8
2025-06-12 03:41:00,10.1
2025-06-12 20:34:00,97.7
2025-06-12 20:40:00,73.5
2025-06-12 06:04:00,78.5
2025-06-12 02:58:00,50.04950773558369
2025-06-12 01:27:00,63.8
2025-06-12 14:38:00,72.5
2025-06-12 15:32:00,53.3
2025-06-12 00:42:00,60.5
2025-06-12 08:56:00,28.5
2025-06-12 09:26:00,94.7
2025-06-12 16:28:00,52.9
2025-06-12 12:52:00,50.04950773558369
2025-06-12 10:53:00,50.04950773558369
2025-06-12 07:32:00,6.1
2025-06-12 17:55:00,19.2
2025-06-12 09:12:00,59.0
2025-06-12 02:01:00,16.7
2025-06-12 01:16:00,50.04950773558369
2025-06-12 23:16:00,30.3
2025-06-12 17:22:00,42.8
2025-06-12 04:45:00,68.1
2025-06-12 23:17:00,51.2
2025-06-12 20:52:00,50.04950773558369
2025-06-12 07:48:00,81.7
2025-06-12 19:51:00,50.04950773558369
2025-06-12 16:34:00,88.5
2025-06-12 02:35:00,97.0
2025-06-12 03:32:00,37.9
2025-06-12 02:28:00,50.04950773558369
2025-06-12 06:48:00,97.3
2025-06-12 19:26:00,69.9
2025-06-12 14:38:00,68.9
2025-06-12 11:26:00,53.0
2025-06-12 12:31:00,19.1
2025-06-12 09:30:00,80.0
2025-06-12 15:32:00,27.3
2025-06-12 20:58:00,21.8
2025-06-12 19:46:00,41.6
2025-06-12 07:44:00,77.1
2025-06-12 12:07:00,50.04950773558369
2025-06-12 16:31:00,53.8
2025-06-12 13:28:00,32.0
2025-06-12 04:39:00,22.5
2025-06-12 16:42:00,12.0
2025-06-12 15:28:00,50.04950773558369
2025-06-12 06:19:00,73.2
2025-06-12 20:05:00,50.04950773558369
2025-06-12 14:40:00,25.7
2025-06-12 08:53:00,50.04950773558369
2025-06-12 03:41:00,23.7
2025-06-12 10:47:00,72.0
2025-06-12 06:34:00,5.1
2025-06-12 18:35:00,80.4
2025-06-12 03:28:00,50.04950773558369
2025-06-12 16:26:00,95.2
2025-06-12 10:43:00,50.04950773558369
2025-06-12 02:31:00,15.1
2025-06-12 23:39:00,98.1
2025-06-12 03:45:00,55.1
2025-06-12 23:51:00,23.6
2025-06-12 09:36:00,28.8
2025-06-12 05:55:00,50.04950773558369
2025-06-12 14:07:00,69.1
2025-06-12 06:18:00,35.5
2025-06-12 11:15:00,1.8
2025-06-12 02:05:00,68.9
2025-06-12 17:53:00,6.6
2025-06-12 03:32:00,12.4
2025-06-12 22:51:00,16.4
2025-06-12 22:51:00,76.0
2025-06-12 00:07:00,42.8
2025-06-12 05:05:00,53.7
2025-06-12 06:58:00,2.0
2025-06-12 15:11:00,73.3
2025-06-12 14:40:00,41.5
2025-06-12 09:27:00,50.04950773558369
2025-06-12 18:09:00,64.2
2025-06-12 15:40:00,40.2
2025-06-12 16:26:00,50.04950773558369
2025-06-12 04:20:00,99.5
2025-06-12 05:00:00,4.0
2025-06-12 09:26:00,32.3
2025-06-12 02:28:00,95.2
2025-06-12 17:22:00,95.3
2025-06-12 10:22:00,97.0
2025-06-12 05:12:00,10.9
2025-06-12 12:08:00,29.4
2025-06-12 00:51:00,77.5
2025-06-12 07:27:00,50.04950773558369
2025-06-12 12:19:00,84.8
2025-06-12 03:42:00,50.04950773558369
2025-06-12 23:41:00,84.6
2025-06-12 04:30:00,63.0
2025-06-12 09:45:00,48.7
2025-06-12 23:13:00,78.4
2025-06-12 08:23:00,71.5
2025-06-12 16:09:00,50.04950773558369
2025-06-12 13:23:00,50.04950773558369
2025-06-12 15:13:00,81.2
2025-06-12 04:00:00,57.9
2025-06-12 14:09:00,45.4
2025-06-12 01:37:00,22.4
2025-06-12 11:45:00,91.5
2025-06-12 19:01:00,2.3
2025-06-12 23:36:00,50.04950773558369
2025-06-12 09:52:00,13.3
2025-06-12 13:00:00,77.4
2025-06-12 01:46:00,50.04950773558369
2025-06-12 18:25:00,12.2
2025-06-12 14:11:00,52.4
2025-06-12 15:41:00,84.8
2025-06-12 19:56:00,22.8
2025-06-12 02:09:00,64.9
2025-06-12 23:49:00,50.04950773558369
2025-06-12 06:47:00,70.8
2025-06-12 20:23:00,50.04950773558369
2025-06-12 19:04:00,69.2
2025-06-12 11:33:00,57.6
2025-06-12 08:47:00,0.4
2025-06-12 14:50:00,5.8
2025-06-12 18:02:00,95.0
2025-06-12 13:42:00,81.0
2025-06-12 19:54:00,43.5
2025-06-12 22:14:00,68.0
2025-06-12 18:06:00,46.6
2025-06-12 06:23:00,26.4
2025-06-12 13:46:00,67.6
2025-06-12 10:11:00,31.1
2025-06-12 06:37:00,50.04950773558369
2025-06-12 10:41:00,48.9
2025-06-12 15:20:00,50.04950773558369
2025-06-12 18:02:00,84.7
2025-06-12 05:29:00,50.04950773558369
2025-06-12 19:33:00,50.04950773558369
2025-06-12 22:23:00,12.3
2025-06-12 16:41:00,7.4
2025-06-12 19:30:00,50.04950773558369
2025-06-12 06:35:00,53.7
2025-06-12 20:19:00,50.04950773558369
2025-06-12 10:28:00,50.04950773558369
2025-06-12 04:41:00,78.1
2025-06-12 17:31:00,72.7
2025-06-12 20:10:00,61.3
2025-06-12 17:59:00,9.0
2025-06-12 05:36:00,90.0
2025-06-12 23:36:00,50.04950773558369
2025-06-12 15:05:00,95.2
2025-06-12 17:01:00,38.9
2025-06-12 14:37:00,61.6
2025-06-12 09:42:00,16.8
2025-06-12 19:20:00,50.04950773558369
2025-06-12 08:24:00,40.7
2025-06-12 02:19:00,44.9
2025-06-12 23:04:00,64.1
2025-06-12 15:45:00,95.3
2025-06-12 16:24:00,93.9
2025-06-12 20:43:00,60.6
2025-06-12 09:15:00,95.9
2025-06-12 03:58:00,40.2
2025-06-12 20:58:00,48.4
2025-06-12 06:32:00,48.9
2025-06-12 04:50:00,50.04950773558369
2025-06-12 05:16:00,71.6
2025-06-12 18:30:00,79.7
2025-06-12 03:15:00,7.9
2025-06-12 11:24:00,91.5
2025-06-12 19:42:00,50.04950773558369
2025-06-12 08:47:00,10.2
2025-06-12 18:08:00,60.0
2025-06-12 14:36:00,10.2
2025-06-12 21:01:00,36.7
2025-06-12 01:17:00,50.04950773558369
2025-06-12 08:00:00,34.1
2025-06-12 17:15:00,21.5
2025-06-12 15:49:00,87.1
2025-06-12 17:41:00,2.7
2025-06-12 21:38:00,50.04950773558369
2025-06-12 00:19:00,56.5
2025-06-12 07:09:00,89.5
2025-06-12 10:45:00,24.7
2025-06-12 02:59:00,7.6
2025-06-12 06:48:00,60.3
2025-06-12 01:36:00,35.5
2025-06-12 07:56:00,79.0
2025-06-12 07:34:00,50.04950773558369
2025-06-12 01:48:00,24.7
2025-06-12 10:25:00,51.3
2025-06-12 08:29:00,74.8
2025-06-12 13:35:00,53.2
2025-06-12 01:20:00,50.04950773558369
2025-06-12 16:40:00,82.3
2025-06-12 02:47:00,76.1
2025-06-12 21:43:00,45.2
2025-06-12 05:05:00,93.2
2025-06-12 07:08:00,12.8
2025-06-12 08:12:00,1.0
2025-06-12 07:01:00,13.0
2025-06-12 08:26:00,91.4
2025-06-12 21:01:00,99.4
2025-06-12 08:07:00,50.04950773558369
2025-06-12 12:11:00,87.6
2025-06-12 20:16:00,50.04950773558369
2025-06-12 14:16:00,74.2
2025-06-12 15:38:00,74.1
2025-06-12 12:03:00,94.2
2025-06-12 18:36:00,56.1
2025-06-12 08:29:00,46.1
2025-06-12 19:57:00,65.8
2025-06-12 05:50:00,19.6
2025-06-12 00:13:00,61.0
2025-06-12 07:35:00,25.1
2025-06-12 10:43:00,51.0
2025-06-12 04:36:00,6.4
2025-06-12 03:37:00,70.9
2025-06-12 05:48:00,46.8
2025-06-12 08:48:00,9.3
2025-06-12 00:15:00,3.1
2025-06-12 11:47:00,98.2
2025-06-12 16:41:00,35.4
2025-06-12 23:56:00,33.6
2025-06-12 15:19:00,85.1
2025-06-12 08:57:00,50.04950773558369
2025-06-12 10:59:00,51.5
2025-06-12 09:39:00,11.1
2025-06-12 14:05:00,50.04950773558369
2025-06-12 22:39:00,75.1
2025-06-12 12:03:00,50.04950773558369
2025-06-12 12:49:00,50.04950773558369
2025-06-12 15:58:00,68.0
2025-06-12 22:56:00,97.5
2025-06-12 23:32:00,49.9
2025-06-12 12:32:00,19.5
2025-06-12 13:57:00,50.04950773558369
2025-06-12 18:26:00,26.1
2025-06-12 14:00:00,83.8
2025-06-12 13:31:00,61.1
2025-06-12 11:56:00,83.0
2025-06-12 16:27:00,50.04950773558369
2025-06-12 01:02:00,42.5
2025-06-12 09:08:00,50.04950773558369
2025-06-12 22:43:00,52.1
2025-06-12 23:43:00,64.1
2025-06-12 16:08:00,62.1
2025-06-12 15:21:00,85.5
2025-06-12 01:39:00,50.04950773558369
2025-06-12 05:02:00,37.1
2025-06-12 21:11:00,0.5
2025-06-12 04:36:00,31.0
2025-06-12 03:10:00,62.2
2025-06-12 01:12:00,49.64720650636492
2025-06-12 12:13:00,71.5
2025-06-12 09:28:00,85.2
2025-06-12 17:32:00,94.5
2025-06-12 22:11:00,6.0
2025-06-12 05:25:00,11.0
2025-06-12 02:18:00,21.5
2025-06-12 07:23:00,16.6
2025-06-12 02:06:00,67.0
2025-06-12 10:16:00,9.4
2025-06-12 12:01:00,57.6
2025-06-12 23:22:00,76.5
2025-06-12 00:46:00,49.64720650636492
2025-06-12 10:02:00,52.6
2025-06-12 13:15:00,26.0
2025-06-12 07:13:00,99.1
2025-06-12 14:37:00,76.3
2025-06-12 13:16:00,49.64720650636492
2025-06-12 02:25:00,8.3
2025-06-12 16:04:00,68.6
2025-06-12 14:44:00,63.0
2025-06-12 20:48:00,95.8
2025-06-12 08:57:00,43.8
2025-06-12 02:08:00,59.0
2025-06-12 08:03:00,25.6
2025-06-12 12:30:00,24.9
2025-06-12 17:36:00,49.64720650636492
2025-06-12 07:12:00,91.2
2025-06-12 03:24:00,12.9
2025-06-12 23:19:00,15.5
2025-06-12 18:51:00,38.2
2025-06-12 02:04:00,92.1
2025-06-12 19:09:00,0.4
2025-06-12 20:52:00,93.3
2025-06-12 05:57:00,43.7
2025-06-12 10:10:00,34.4
2025-06-12 22:59:00,49.64720650636492
2025-06-12 21:23:00,12.3
2025-06-12 04:23:00,7.0
2025-06-12 05:51:00,67.6
2025-06-12 22:43:00,14.4
2025-06-12 16:05:00,20.0
2025-06-12 16:11:00,49.64720650636492
2025-06-12 19:46:00,49.64720650636492
2025-06-12 05:26:00,41.6
2025-06-12 00:05:00,49.64720650636492
2025-06-12 15:32:00,49.64720650636492
2025-06-12 15:57:00,49.64720650636492
2025-06-12 06:45:00,82.6
2025-06-12 00:07:00,49.64720650636492
2025-06-12 21:34:00,12.5
2025-06-12 08:59:00,39.0
2025-06-12 05:27:00,32.4
2025-06-12 07:05:00,16.5
2025-06-12 14:54:00,35.9
2025-06-12 09:47:00,75.0
2025-06-12 10:06:00,84.7
2025-06-12 22:44:00,8.9
2025-06-12 07:16:00,39.2
2025-06-12 14:24:00,0.5
2025-06-12 16:53:00,93.4
2025-06-12 05:57:00,49.64720650636492
2025-06-12 09:28:00,50.5
2025-06-12 17:23:00,81.2
2025-06-12 20:29:00,49.64720650636492
2025-06-12 00:53:00,57.3
2025-06-12 19:16:00,29.5
2025-06-12 06:40:00,49.64720650636492
2025-06-12 11:59:00,45.6
2025-06-12 03:51:00,27.2
2025-06-12 12:30:00,13.3
2025-06-12 17:02:00,23.0
2025-06-12 17:13:00,10.2
2025-06-12 00:36:00,63.1
2025-06-12 01:07:00,45.4
2025-06-12 04:16:00,49.64720650636492
2025-06-12 18:55:00,63.6
2025-06-12 19:36:00,23.7
2025-06-12 00:25:00,50.7
2025-06-12 06:15:00,49.64720650636492
2025-06-12 04:04:00,86.2
2025-06-12 21:42:00,90.1
2025-06-12 03:49:00,49.64720650636492
2025-06-12 03:23:00,38.0
2025-06-12 13:28:00,32.1
2025-06-12 12:07:00,49.64720650636492
2025-06-12 22:33:00,40.2
2025-06-12 06:28:00,29.9
2025-06-12 13:35:00,72.1
2025-06-12 21:19:00,13.6
2025-06-12 21:44:00,72.8
2025-06-12 16:02:00,65.4
2025-06-12 23:49:00,38.3
2025-06-12 22:07:00,54.0
2025-06-12 05:57:00,97.0
2025-06-12 03:50:00,88.2
2025-06-12 16:15:00,41.8
2025-06-12 03:19:00,49.64720650636492
2025-06-12 19:34:00,23.0
2025-06-12 15:08:00,49.64720650636492
2025-06-12 09:03:00,87.4
2025-06-12 20:08:00,89.6
2025-06-12 06:13:00,6.2
2025-06-12 10:12:00,27.6
2025-06-12 13:42:00,49.64720650636492
2025-06-12 16:59:00,32.3
2025-06-12 08:37:00,69.6
2025-06-12 22:22:00,49.64720650636492
2025-06-12 07:55:00,65.2
2025-06-12 04:21:00,35.5
2025-06-12 21:59:00,86.7
2025-06-12 21:57:00,87.6
2025-06-12 23:04:00,49.64720650636492
2025-06-12 15:57:00,5.4
2025-06-12 06:20:00,84.8
2025-06-12 13:20:00,71.4
2025-06-12 17:40:00,21.6
2025-06-12 00:57:00,49.64720650636492
2025-06-12 15:38:00,45.8
2025-06-12 19:34:00,15.8
2025-06-12 04:43:00,52.6
2025-06-12 21:22:00,49.64720650636492
2025-06-12 22:17:00,88.0
2025-06-12 06:42:00,63.6
2025-06-12 19:19:00,31.2
2025-06-12 01:57:00,33.6
2025-06-12 14:21:00,27.7
2025-06-12 00:53:00,97.2
2025-06-12 13:33:00,49.64720650636492
2025-06-12 12:53:00,56.4
2025-06-12 17:52:00,49.9
2025-06-12 02:38:00,95.5
2025-06-12 13:37:00,83.5
2025-06-12 07:23:00,13.0
2025-06-12 22:20:00,77.3
2025-06-12 02:35:00,39.4
2025-06-12 14:31:00,51.4
2025-06-12 01:20:00,27.3
2025-06-12 10:51:00,51.6
2025-06-12 12:59:00,29.7
2025-06-12 09:30:00,14.5
2025-06-12 06:17:00,12.7
2025-06-12 08:59:00,27.2
2025-06-12 03:27:00,49.64720650636492
2025-06-12 07:09:00,27.8
2025-06-12 10:02:00,25.6
2025-06-12 18:26:00,49.64720650636492
2025-06-12 18:09:00,68.2
2025-06-12 02:51:00,71.7
2025-06-12 05:10:00,19.9
2025-06-12 23:13:00,57.0
2025-06-12 18:41:00,6.9
2025-06-12 10:04:00,35.7
2025-06-12 13:48:00,72.9
2025-06-12 01:58:00,97.7
2025-06-12 14:56:00,83.5
2025-06-12 06:30:00,49.64720650636492
2025-06-12 20:40:00,80.0
2025-06-12 11:25:00,33.5
2025-06-12 21:47:00,36.6
2025-06-12 00:47:00,49.64720650636492
2025-06-12 16:05:00,11.7
2025-06-12 01:46:00,91.6
2025-06-12 14:42:00,78.5
2025-06-12 01:16:00,11.9
2025-06-12 15:14:00,64.7
2025-06-12 07:59:00,49.64720650636492
2025-06-12 20:50:00,2.8
2025-06-12 19:18:00,30.6
2025-06-12 13:26:00,38.6
2025-06-12 12:00:00,46.7
2025-06-12 08:10:00,1.2
2025-06-12 08:08:00,49.64720650636492
2025-06-12 00:18:00,47.4
2025-06-12 10:00:00,32.2
2025-06-12 21:41:00,91.8
2025-06-12 18:47:00,71.8
2025-06-12 12:39:00,49.64720650636492
2025-06-12 21:27:00,87.9
2025-06-12 03:59:00,36.4
2025-06-12 22:52:00,64.4
2025-06-12 12:20:00,82.2
2025-06-12 09:58:00,97.9
2025-06-12 10:49:00,94.8
2025-06-12 02:38:00,49.64720650636492
2025-06-12 18:23:00,45.2
2025-06-12 16:55:00,24.9
2025-06-12 07:47:00,49.64720650636492
2025-06-12 02:17:00,49.64720650636492
2025-06-12 15:12:00,38.0
2025-06-12 06:51:00,89.2
2025-06-12 00:19:00,36.5
2025-06-12 14:07:00,2.6
2025-06-12 04:36:00,49.64720650636492
2025-06-12 08:17:00,69.9
2025-06-12 18:51:00,38.8
2025-06-12 15:32:00,40.1
2025-06-12 12:37:00,49.7
2025-06-12 14:31:00,48.1
2025-06-12 05:25:00,49.64720650636492
2025-06-12 22:53:00,87.0
2025-06-12 13:09:00,91.9
2025-06-12 10:05:00,69.9
2025-06-12 18:00:00,49.64720650636492
2025-06-12 03:31:00,69.4
2025-06-12 08:13:00,52.8
2025-06-12 09:03:00,37.7
2025-06-12 17:01:00,59.0
2025-06-12 10:57:00,13.9
2025-06-12 12:45:00,48.8
2025-06-12 13:52:00,7.3
2025-06-12 04:26:00,3.5
2025-06-12 15:02:00,44.1
2025-06-12 03:54:00,49.64720650636492
2025-06-12 20:12:00,49.64720650636492
2025-06-12 07:36:00,62.9
2025-06-12 22:20:00,49.64720650636492
2025-06-12 06:21:00,90.1
2025-06-12 05:16:00,60.1
2025-06-12 20:53:00,51.3
2025-06-12 02:26:00,5.4
2025-06-12 00:50:00,49.64720650636492
2025-06-12 17:14:00,18.3
2025-06-12 10:52:00,6.8
2025-06-12 11:11:00,17.1
2025-06-12 14:03:00,65.9
2025-06-12 16:10:00,49.64720650636492
2025-06-12 12:40:00,0.0
2025-06-12 04:43:00,65.2
2025-06-12 06:07:00,14.5
2025-06-12 06:05:00,49.64720650636492
2025-06-12 20:41:00,34.3
2025-06-12 00:03:00,11.0
2025-06-12 22:19:00,66.4
2025-06-12 17:18:00,49.64720650636492
2025-06-12 06:44:00,86.6
2025-06-12 11:09:00,46.4
2025-06-12 10:07:00,93.2
2025-06-12 14:41:00,39.0
2025-06-12 06:20:00,82.1
2025-06-12 07:42:00,84.3
2025-06-12 02:30:00,36.0
2025-06-12 13:15:00,86.1
2025-06-12 15:03:00,12.1
2025-06-12 15:45:00,96.4
2025-06-12 19:58:00,94.3
2025-06-12 09:10:00,6.2
2025-06-12 00:30:00,49.64720650636492
2025-06-12 15:16:00,35.5
2025-06-12 09:18:00,43.1
2025-06-12 02:56:00,52.2
2025-06-12 21:30:00,97.7
2025-06-12 01:05:00,33.5
2025-06-12 18:33:00,26.9
2025-06-12 00:20:00,14.9
2025-06-12 02:54:00,49.6
2025-06-12 14:17:00,94.3
2025-06-12 08:08:00,39.8
2025-06-12 20:10:00,49.64720650636492
2025-06-12 09:44:00,72.0
2025-06-12 04:10:00,60.6
2025-06-12 19:20:00,81.6
2025-06-12 07:41:00,47.5
2025-06-12 11:32:00,84.7
2025-06-12 05:16:00,14.5
2025-06-12 05:43:00,41.3
2025-06-12 06:43:00,51.8
2025-06-12 01:19:00,24.2
2025-06-12 15:39:00,65.2
2025-06-12 01:19:00,35.5
2025-06-12 19:07:00,72.6
2025-06-12 13:16:00,33.5
2025-06-12 23:55:00,92.3
2025-06-12 05:52:00,28.2
2025-06-12 07:48:00,3.1
2025-06-12 04:59:00,21.2
2025-06-12 12:37:00,0.9
2025-06-12 15:37:00,80.2
2025-06-12 01:21:00,88.0
2025-06-12 20:46:00,55.5
2025-06-12 01:47:00,74.6
2025-06-12 02:36:00,24.0
2025-06-12 14:14:00,66.0
2025-06-12 11:00:00,3.8
2025-06-12 08:39:00,69.2
2025-06-12 13:59:00,26.7
2025-06-12 07:30:00,90.3
2025-06-12 10:10:00,23.6
2025-06-12 14:28:00,97.8
2025-06-12 05:07:00,45.5
2025-06-12 01:21:00,36.2
2025-06-12 15:59:00,61.8
2025-06-12 01:25:00,82.5
2025-06-12 15:44:00,49.64720650636492
2025-06-12 21:50:00,0.6
2025-06-12 09:20:00,11.5
2025-06-12 20:58:00,3.7
2025-06-12 09:54:00,45.2
2025-06-12 21:08:00,99.1
2025-06-12 14:10:00,82.8
2025-06-12 14:26:00,21.6
2025-06-12 18:42:00,35.4
2025-06-12 08:37:00,64.4
2025-06-12 14:45:00,4.8
2025-06-12 10:40:00,35.3
2025-06-12 08:45:00,44.6
2025-06-12 16:20:00,68.5
2025-06-12 18:14:00,37.7
2025-06-12 01:11:00,65.1
2025-06-12 04:11:00,91.7
2025-06-12 03:20:00,38.8
2025-06-12 14:33:00,9.6
2025-06-12 20:32:00,35.6
2025-06-12 21:22:00,76.4
2025-06-12 08:52:00,36.6
2025-06-12 02:13:00,54.5
2025-06-12 09:48:00,46.7
2025-06-12 01:54:00,33.1
2025-06-12 20:43:00,6.5
2025-06-12 14:23:00,2.3
2025-06-12 06:23:00,43.6
2025-06-12 02:58:00,47.2
2025-06-12 16:54:00,16.8
2025-06-12 02:14:00,1.6
2025-06-12 22:23:00,71.1
2025-06-12 14:55:00,76.5
2025-06-12 07:08:00,13.9
2025-06-12 21:13:00,56.1
2025-06-12 00:54:00,20.4
2025-06-12 07:44:00,49.44888862615275
2025-06-12 15:40:00,88.6
2025-06-12 06:52:00,55.1
2025-06-12 23:38:00,49.44888862615275
2025-06-12 21:43:00,49.44888862615275
2025-06-12 10:43:00,44.0
2025-06-12 04:10:00,48.4
2025-06-12 12:50:00,1.8
2025-06-12 22:47:00,49.8
2025-06-12 00:57:00,85.5
2025-06-12 04:43:00,7.9
2025-06-12 05:10:00,49.44888862615275
2025-06-12 19:48:00,62.4
2025-06-12 04:36:00,33.7
2025-06-12 21:45:00,90.2
2025-06-12 22:45:00,40.6
2025-06-12 11:39:00,29.2
2025-06-12 20:21:00,23.3
2025-06-12 03:43:00,43.1
2025-06-12 22:22:00,16.0
2025-06-12 19:14:00,41.2
2025-06-12 20:14:00,89.5
2025-06-12 23:50:00,77.4
2025-06-12 20:42:00,47.1
2025-06-12 01:57:00,47.2
2025-06-12 14:38:00,9.6
2025-06-12 18:07:00,71.7
2025-06-12 09:32:00,18.7
2025-06-12 05:01:00,93.2
2025-06-12 10:44:00,86.4
2025-06-12 13:59:00,81.9
2025-06-12 00:51:00,60.8
2025-06-12 12:45:00,49.44888862615275
2025-06-12 01:36:00,74.9
2025-06-12 19:52:00,81.2
2025-06-12 22:20:00,66.1
2025-06-12 07:02:00,35.8
2025-06-12 18:21:00,67.6
2025-06-12 01:21:00,21.4
2025-06-12 20:53:00,39.6
2025-06-12 21:15:00,68.8
2025-06-12 17:29:00,73.9
2025-06-12 16:30:00,38.6
2025-06-12 15:55:00,98.6
2025-06-12 14:10:00,27.8
2025-06-12 12:51:00,83.6
2025-06-12 22:37:00,49.44888862615275
2025-06-12 17:37:00,58.6
2025-06-12 14:52:00,24.8
2025-06-12 09:19:00,21.8
2025-06-12 18:47:00,49.44888862615275
2025-06-12 12:31:00,49.44888862615275
2025-06-12 01:01:00,19.8
2025-06-12 17:12:00,49.44888862615275
2025-06-12 10:54:00,7.6
2025-06-12 01:24:00,63.7
2025-06-12 17:06:00,49.1
2025-06-12 09:58:00,58.7
2025-06-12 19:59:00,76.9
2025-06-12 10:32:00,21.4
2025-06-12 09:03:00,39.1
2025-06-12 05:26:00,55.4
2025-06-12 19:02:00,49.44888862615275
2025-06-12 02:18:00,42.1
2025-06-12 11:48:00,1.2
2025-06-12 12:10:00,49.44888862615275
2025-06-12 03:05:00,46.7
2025-06-12 04:39:00,28.2
2025-06-12 17:27:00,80.6
2025-06-12 18:10:00,49.44888862615275
2025-06-12 07:17:00,87.6
2025-06-12 17:31:00,80.1
2025-06-12 23:35:00,97.6
2025-06-12 08:39:00,75.5
2025-06-12 16:35:00,66.6
2025-06-12 09:12:00,1.6
2025-06-12 06:46:00,49.44888862615275
2025-06-12 17:26:00,3.1
2025-06-12 06:19:00,49.44888862615275
2025-06-12 05:37:00,99.4
2025-06-12 02:42:00,74.6
2025-06-12 04:09:00,8.9
2025-06-12 06:10:00,41.0
2025-06-12 20:31:00,26.0
2025-06-12 03:27:00,2.0
2025-06-12 15:31:00,75.4
2025-06-12 01:42:00,62.9
2025-06-12 08:52:00,12.5
2025-06-12 08:04:00,49.44888862615275
2025-06-12 15:18:00,37.0
2025-06-12 17:10:00,79.3
2025-06-12 20:23:00,69.2
2025-06-12 18:10:00,41.1
2025-06-12 18:43:00,30.1
2025-06-12 18:44:00,76.6
2025-06-12 13:27:00,67.3
2025-06-12 06:40:00,61.5
2025-06-12 14:25:00,88.0
2025-06-12 14:36:00,26.9
2025-06-12 03:02:00,25.4
2025-06-12 20:47:00,35.8
2025-06-12 10:52:00,75.1
2025-06-12 00:21:00,57.0
2025-06-12 20:09:00,53.1
2025-06-12 12:06:00,92.9
2025-06-12 03:27:00,49.44888862615275
2025-06-12 10:10:00,6.0
2025-06-12 06:33:00,49.6
2025-06-12 17:30:00,64.0
2025-06-12 03:14:00,43.2
2025-06-12 09:48:00,35.2
2025-06-12 20:34:00,95.5
2025-06-12 17:40:00,49.44888862615275
2025-06-12 21:14:00,49.44888862615275
2025-06-12 04:01:00,20.6
2025-06-12 08:33:00,78.8
2025-06-12 13:06:00,54.8
2025-06-12 18:44:00,20.8
2025-06-12 20:45:00,40.7
2025-06-12 21:17:00,49.44888862615275
2025-06-12 21:37:00,35.8
2025-06-12 01:47:00,3.6
2025-06-12 16:06:00,57.4
2025-06-12 17:17:00,91.1
2025-06-12 08:29:00,14.7
2025-06-12 18:45:00,56.4
2025-06-12 23:25:00,96.2
2025-06-12 13:53:00,77.2
2025-06-12 20:03:00,71.0
2025-06-12 05:41:00,7.4
2025-06-12 13:25:00,61.6
2025-06-12 04:35:00,54.0
2025-06-12 19:18:00,57.0
2025-06-12 07:02:00,96.1
2025-06-12 17:02:00,17.2
2025-06-12 09:40:00,11.5
2025-06-12 18:55:00,17.8
2025-06-12 13:45:00,26.7
2025-06-12 09:33:00,38.9
2025-06-12 14:30:00,49.44888862615275
2025-06-12 20:21:00,86.5
2025-06-12 16:20:00,48.7
2025-06-12 17:43:00,87.0
2025-06-12 10:03:00,6.7
2025-06-12 10:04:00,58.6
2025-06-12 04:54:00,75.5
2025-06-12 14:14:00,57.8
2025-06-12 22:47:00,49.44888862615275
2025-06-12 11:13:00,81.8
2025-06-12 03:42:00,5.3
2025-06-12 17:18:00,37.1
2025-06-12 09:58:00,49.44888862615275
2025-06-12 14:38:00,36.6
2025-06-12 22:27:00,49.44888862615275
2025-06-12 02:47:00,38.1
2025-06-12 00:08:00,64.5
2025-06-12 11:45:00,49.44888862615275
2025-06-12 14:15:00,49.7
2025-06-12 03:56:00,32.9
2025-06-12 13:02:00,22.9
2025-06-12 07:47:00,36.0
2025-06-12 15:15:00,51.2
2025-06-12 02:43:00,42.5
2025-06-12 19:47:00,53.6
2025-06-12 21:37:00,49.44888862615275
2025-06-12 21:55:00,39.0
2025-06-12 00:47:00,56.3
2025-06-12 14:58:00,14.8
2025-06-12 00:51:00,49.44888862615275
2025-06-12 05:33:00,54.2
2025-06-12 14:58:00,81.6
2025-06-12 12:54:00,99.3
2025-06-12 05:00:00,2.6
2025-06-12 21:54:00,43.0
2025-06-12 16:23:00,6.4
2025-06-12 00:58:00,49.44888862615275
2025-06-12 07:04:00,71.3
2025-06-12 16:22:00,30.7
2025-06-12 10:45:00,97.8
2025-06-12 13:09:00,17.6
2025-06-12 17:19:00,56.8
2025-06-12 22:02:00,23.6
2025-06-12 05:48:00,62.3
2025-06-12 02:26:00,25.5
2025-06-12 18:01:00,75.8
2025-06-12 17:07:00,24.2
2025-06-12 15:16:00,78.4
2025-06-12 17:27:00,52.6
2025-06-12 12:54:00,49.44888862615275
2025-06-12 21:28:00,57.6
2025-06-12 14:57:00,25.0
2025-06-12 12:40:00,49.44888862615275
2025-06-12 12:42:00,87.3
2025-06-12 18:57:00,49.44888862615275
2025-06-12 10:05:00,49.44888862615275
2025-06-12 10:47:00,49.44888862615275
2025-06-12 19:40:00,4.9
2025-06-12 10:36:00,49.44888862615275
2025-06-12 14:33:00,81.1
2025-06-12 07:45:00,89.3
2025-06-12 04:48:00,61.0
2025-06-12 04:55:00,17.1
2025-06-12 06:08:00,32.2
2025-06-12 16:22:00,49.44888862615275
2025-06-12 16:46:00,28.4
2025-06-12 09:05:00,0.0
2025-06-12 15:52:00,13.3
2025-06-12 13:07:00,49.44888862615275
2025-06-12 07:18:00,66.9
2025-06-12 12:49:00,49.44888862615275
2025-06-12 13:53:00,87.3
2025-06-12 10:44:00,38.5
2025-06-12 10:24:00,40.3
2025-06-12 13:18:00,49.44888862615275
2025-06-12 20:26:00,77.9
2025-06-12 12:22:00,97.2
2025-06-12 22:03:00,56.5
2025-06-12 06:05:00,72.4
2025-06-12 18:30:00,28.6
2025-06-12 10:36:00,83.5
2025-06-12 21:55:00,49.44888862615275
2025-06-12 22:52:00,86.6
2025-06-12 20:18:00,48.9
2025-06-12 15:49:00,93.6
2025-06-12 23:55:00,14.8
2025-06-12 00:32:00,13.8
2025-06-12 20:15:00,59.4
2025-06-12 10:21:00,49.44888862615275
2025-06-12 18:10:00,44.8
2025-06-12 10:21:00,20.3
2025-06-12 07:27:00,49.44888862615275
2025-06-12 03:46:00,94.4
2025-06-12 15:13:00,40.8
2025-06-12 15:20:00,32.3
2025-06-12 18:56:00,27.8
2025-06-12 19:53:00,77.8
2025-06-12 07:09:00,93.8
2025-06-12 14:09:00,2.1
2025-06-12 12:24:00,21.3
2025-06-12 11:50:00,55.8
2025-06-12 22:12:00,7.2
2025-06-12 02:05:00,71.4
2025-06-12 13:27:00,69.0
2025-06-12 03:39:00,11.9
2025-06-12 21:20:00,85.8
2025-06-12 04:10:00,80.8
2025-06-12 05:25:00,69.2
2025-06-12 02:24:00,50.6
2025-06-12 06:51:00,77.1
2025-06-12 03:53:00,42.9
2025-06-12 08:31:00,25.0
2025-06-12 12:03:00,49.44888862615275
2025-06-12 20:04:00,34.4
2025-06-12 15:15:00,8.3
2025-06-12 06:42:00,91.2
2025-06-12 14:42:00,8.0
2025-06-12 10:25:00,1.9
2025-06-12 20:52:00,0.7
2025-06-12 12:24:00,45.3
2025-06-12 15:45:00,53.3
2025-06-12 20:36:00,58.7
2025-06-12 08:04:00,72.5
2025-06-12 22:21:00,52.2
2025-06-12 05:26:00,51.9
2025-06-12 04:57:00,49.44888862615275
2025-06-12 06:46:00,14.0
2025-06-12 23:06:00,24.6
2025-06-12 21:49:00,35.9
2025-06-12 14:49:00,69.7
2025-06-12 23:53:00,67.8
2025-06-12 06:49:00,57.3
2025-06-12 14:34:00,77.3
2025-06-12 09:49:00,49.44888862615275
2025-06-12 11:35:00,43.0
2025-06-12 09:00:00,49.44888862615275
2025-06-12 13:35:00,78.3
2025-06-12 13:12:00,55.7
2025-06-12 20:39:00,44.3
2025-06-12 19:48:00,88.4
2025-06-12 14:02:00,10.2
2025-06-12 12:45:00,29.5
2025-06-12 19:01:00,4.7
2025-06-12 18:37:00,80.9
2025-06-12 06:53:00,99.4
2025-06-12 23:37:00,37.2
2025-06-12 01:45:00,44.7
2025-06-12 13:56:00,14.7
2025-06-12 07:33:00,50.4
2025-06-12 23:55:00,84.4
2025-06-12 12:41:00,85.4
2025-06-12 13:20:00,5.5
2025-06-12 22:06:00,87.7
2025-06-12 11:42:00,49.44888862615275
2025-06-12 01:50:00,53.1
2025-06-12 17:57:00,49.44888862615275
2025-06-12 01:06:00,49.44888862615275
2025-06-12 07:38:00,38.4
2025-06-12 21:04:00,39.8
2025-06-12 10:36:00,34.1
2025-06-12 09:18:00,55.1
2025-06-12 22:21:00,5.8
2025-06-12 11:53:00,51.3
2025-06-12 14:29:00,26.0
2025-06-12 06:12:00,98.2
2025-06-12 20:38:00,14.1
2025-06-12 10:44:00,49.4
2025-06-12 03:28:00,49.44888862615275
2025-06-12 07:56:00,98.0
2025-06-12 00:11:00,86.1
2025-06-12 11:20:00,83.4
2025-06-12 17:33:00,49.44888862615275
2025-06-12 03:02:00,49.44888862615275
2025-06-12 12:06:00,49.44888862615275
2025-06-12 19:37:00,61.3
2025-06-12 03:17:00,26.8
2025-06-12 00:49:00,60.1
2025-06-12 14:00:00,3.2
2025-06-12 21:01:00,64.9
2025-06-12 14:37:00,77.3
2025-06-12 00:53:00,49.44888862615275
2025-06-12 19:55:00,22.9
2025-06-12 05:10:00,51.7
2025-06-12 12:10:00,49.44888862615275
2025-06-12 19:32:00,33.2
2025-06-12 12:10:00,9.0
2025-06-12 16:42:00,49.44888862615275
2025-06-12 12:50:00,74.9
2025-06-12 16:36:00,84.1
2025-06-12 22:55:00,95.4
2025-06-12 17:52:00,72.5
2025-06-12 10:06:00,70.6
2025-06-12 07:38:00,96.9
2025-06-12 03:25:00,58.7
2025-06-12 15:23:00,59.1
2025-06-12 22:26:00,34.5
2025-06-12 12:00:00,92.6
2025-06-12 15:26:00,91.5
2025-06-12 02:09:00,85.1
2025-06-12 01:06:00,57.1
2025-06-12 02:27:00,55.4
2025-06-12 22:45:00,76.1
2025-06-12 04:33:00,11.2
2025-06-12 14:42:00,87.7
2025-06-12 03:13:00,47.9
2025-06-12 08:49:00,8.0
2025-06-12 02:51:00,23.5
2025-06-12 05:17:00,84.4
2025-06-12 07:35:00,66.3
2025-06-12 11:04:00,92.9
2025-06-12 18:58:00,45.5
2025-06-12 09:51:00,98.6
2025-06-12 08:12:00,98.8
2025-06-12 14:42:00,19.2
2025-06-12 06:03:00,49.953150620754265
2025-06-12 00:04:00,16.0
2025-06-12 00:22:00,96.9
2025-06-12 21:40:00,49.953150620754265
2025-06-12 03:36:00,1.2
2025-06-12 11:39:00,64.0
2025-06-12 09:39:00,85.2
2025-06-12 05:41:00,62.4
2025-06-12 15:12:00,49.953150620754265
2025-06-12 22:51:00,31.8
2025-06-12 12:37:00,22.2
2025-06-12 02:06:00,47.4
2025-06-12 09:11:00,7.5
2025-06-12 19:24:00,35.7
2025-06-12 13:24:00,70.2
2025-06-12 19:36:00,77.4
2025-06-12 10:37:00,46.7
2025-06-12 05:54:00,49.953150620754265
2025-06-12 17:03:00,63.2
2025-06-12 22:14:00,39.9
2025-06-12 07:59:00,18.7
2025-06-12 10:24:00,23.6
2025-06-12 14:09:00,48.4
2025-06-12 03:38:00,63.8
2025-06-12 17:39:00,83.4
2025-06-12 01:19:00,49.953150620754265
2025-06-12 16:56:00,38.0
2025-06-12 18:23:00,24.6
2025-06-12 03:09:00,49.953150620754265
2025-06-12 07:32:00,57.5
2025-06-12 23:41:00,52.2
2025-06-12 14:03:00,32.5
2025-06-12 21:18:00,28.8
2025-06-12 12:13:00,74.6
2025-06-12 00:13:00,90.1
2025-06-12 03:38:00,49.953150620754265
2025-06-12 13:03:00,45.7
2025-06-12 03:09:00,49.953150620754265
2025-06-12 23:04:00,40.7
2025-06-12 23:14:00,71.4
2025-06-12 01:51:00,49.953150620754265
2025-06-12 07:06:00,49.953150620754265
2025-06-12 15:18:00,71.8
2025-06-12 20:00:00,94.7
2025-06-12 07:49:00,24.3
2025-06-12 05:50:00,1.9
2025-06-12 16:53:00,83.9
2025-06-12 20:50:00,36.0
2025-06-12 23:32:00,1.4
2025-06-12 06:47:00,87.2
2025-06-12 16:00:00,68.6
2025-06-12 00:33:00,73.7
2025-06-12 18:12:00,99.0
2025-06-12 01:17:00,98.2
2025-06-12 21:00:00,67.6
2025-06-12 08:32:00,30.6
2025-06-12 15:59:00,97.8
2025-06-12 20:25:00,26.8
2025-06-12 19:25:00,49.953150620754265
2025-06-12 18:32:00,1.5
2025-06-12 01:06:00,27.4
2025-06-12 16:37:00,99.5
2025-06-12 17:44:00,21.2
2025-06-12 22:30:00,61.1
2025-06-12 04:02:00,98.9
2025-06-12 23:41:00,49.953150620754265
2025-06-12 11:34:00,60.1
2025-06-12 12:58:00,53.0
2025-06-12 04:50:00,73.9
2025-06-12 18:40:00,74.7
2025-06-12 15:15:00,3.5
2025-06-12 05:19:00,18.5
2025-06-12 05:45:00,21.8
2025-06-12 18:10:00,77.3
2025-06-12 09:17:00,52.9
2025-06-12 15:37:00,6.8
2025-06-12 10:58:00,94.1
2025-06-12 23:31:00,76.8
2025-06-12 12:43:00,99.9
2025-06-12 13:56:00,13.9
2025-06-12 09:12:00,4.7
2025-06-12 12:32:00,93.0
2025-06-12 19:49:00,49.953150620754265
2025-06-12 22:41:00,14.5
2025-06-12 08:16:00,51.1
2025-06-12 00:41:00,82.8
2025-06-12 13:38:00,21.6
2025-06-12 08:19:00,91.5
2025-06-12 20:10:00,100.0
2025-06-12 05:03:00,16.1
2025-06-12 23:03:00,16.7
2025-06-12 03:48:00,68.9
2025-06-12 20:01:00,9.3
2025-06-12 19:06:00,82.0
2025-06-12 06:21:00,49.953150620754265
2025-06-12 17:43:00,91.8
2025-06-12 07:23:00,55.3
2025-06-12 12:07:00,94.0
2025-06-12 10:09:00,3.2
2025-06-12 10:08:00,49.953150620754265
2025-06-12 05:24:00,49.953150620754265
2025-06-12 03:24:00,58.6
2025-06-12 11:36:00,68.0
2025-06-12 06:23:00,78.5
2025-06-12 22:20:00,61.6
2025-06-12 07:19:00,49.953150620754265
2025-06-12 07:00:00,6.1
2025-06-12 16:44:00,15.9
2025-06-12 13:24:00,37.3
2025-06-12 07:58:00,24.1
2025-06-12 16:21:00,8.3
2025-06-12 10:38:00,49.953150620754265
2025-06-12 15:50:00,60.9
2025-06-12 13:45:00,20.0
2025-06-12 01:37:00,94.0
2025-06-12 00:36:00,71.1
2025-06-12 17:02:00,31.1
2025-06-12 02:00:00,92.8
2025-06-12 19:16:00,69.8
2025-06-12 01:21:00,12.8
2025-06-12 13:26:00,5.8
2025-06-12 22:13:00,7.1
2025-06-12 12:09:00,33.1
2025-06-12 09:34:00,49.953150620754265
2025-06-12 03:18:00,46.7
2025-06-12 19:40:00,62.2
2025-06-12 00:35:00,46.7
2025-06-12 06:30:00,85.4
2025-06-12 21:54:00,35.8
2025-06-12 09:36:00,49.953150620754265
2025-06-12 13:47:00,64.1
2025-06-12 21:59:00,6.0
2025-06-12 23:35:00,49.953150620754265
2025-06-12 08:28:00,24.8
2025-06-12 02:00:00,94.4
2025-06-12 01:22:00,47.9
2025-06-12 07:43:00,56.1
2025-06-12 01:16:00,12.0
2025-06-12 16:07:00,49.0
2025-06-12 19:27:00,8.6
2025-06-12 07:29:00,56.2
2025-06-12 19:15:00,49.953150620754265
2025-06-12 01:10:00,22.9
2025-06-12 06:52:00,7.8
2025-06-12 08:55:00,10.8
2025-06-12 14:14:00,21.9
2025-06-12 06:29:00,50.2
2025-06-12 04:49:00,77.6
2025-06-12 08:38:00,49.953150620754265
2025-06-12 13:41:00,82.7
2025-06-12 07:31:00,77.0
2025-06-12 01:48:00,45.8
2025-06-12 04:21:00,51.9
2025-06-12 07:30:00,19.5
2025-06-12 00:57:00,49.953150620754265
2025-06-12 10:01:00,93.3
2025-06-12 23:04:00,20.8
2025-06-12 19:55:00,56.1
2025-06-12 18:37:00,41.9
2025-06-12 23:09:00,57.1
2025-06-12 10:25:00,37.5
2025-06-12 08:02:00,53.4
2025-06-12 03:30:00,20.0
2025-06-12 19:32:00,54.4
2025-06-12 13:35:00,74.9
2025-06-12 03:18:00,24.5
2025-06-12 22:19:00,21.4
2025-06-12 15:00:00,7.7
2025-06-12 07:10:00,57.7
2025-06-12 14:31:00,53.1
2025-06-12 16:59:00,14.9
2025-06-12 12:57:00,49.953150620754265
2025-06-12 21:52:00,34.1
2025-06-12 18:12:00,49.953150620754265
2025-06-12 06:27:00,10.2
2025-06-12 10:48:00,49.953150620754265
2025-06-12 18:24:00,52.6
2025-06-12 06:36:00,33.9
2025-06-12 06:05:00,49.953150620754265
2025-06-12 21:14:00,15.0
2025-06-12 04:06:00,42.0
2025-06-12 09:27:00,56.3
2025-06-12 19:23:00,46.0
2025-06-12 01:26:00,76.0
2025-06-12 18:32:00,63.4
2025-06-12 04:12:00,68.2
2025-06-12 02:08:00,42.9
2025-06-12 12:55:00,21.2
2025-06-12 21:31:00,75.7
2025-06-12 15:38:00,49.953150620754265
2025-06-12 19:58:00,86.5
2025-06-12 14:02:00,92.6
2025-06-12 18:29:00,90.4
2025-06-12 00:28:00,77.0
2025-06-12 14:40:00,39.2
2025-06-12 13:21:00,0.6
2025-06-12 13:39:00,36.1
2025-06-12 22:23:00,79.8
2025-06-12 16:35:00,8.7
2025-06-12 20:28:00,49.953150620754265
2025-06-12 10:23:00,33.5
2025-06-12 01:27:00,49.953150620754265
2025-06-12 12:37:00,49.953150620754265
2025-06-12 05:35:00,82.8
2025-06-12 03:51:00,41.9
2025-06-12 22:14:00,70.6
2025-06-12 21:17:00,49.953150620754265
2025-06-12 06:58:00,75.0
2025-06-12 09:48:00,53.9
2025-06-12 21:25:00,49.953150620754265
2025-06-12 03:48:00,7.4
2025-06-12 00:35:00,78.9
2025-06-12 06:09:00,86.5
2025-06-12 21:17:00,68.3
2025-06-12 00:57:00,49.9
2025-06-12 20:23:00,56.1
2025-06-12 12:19:00,76.2
2025-06-12 11:53:00,59.8
2025-06-12 14:21:00,19.8
2025-06-12 17:22:00,93.2
2025-06-12 22:58:00,92.5
2025-06-12 00:39:00,50.1
2025-06-12 13:14:00,8.9
2025-06-12 01:11:00,66.1
2025-06-12 22:30:00,95.8
2025-06-12 07:32:00,87.6
2025-06-12 02:44:00,25.7
2025-06-12 14:36:00,77.6
2025-06-12 15:23:00,49.953150620754265
2025-06-12 22:43:00,49.953150620754265
2025-06-12 20:52:00,89.9
2025-06-12 04:47:00,49.953150620754265
2025-06-12 02:10:00,80.1
2025-06-12 05:42:00,49.953150620754265
2025-06-12 11:32:00,2.2
2025-06-12 07:26:00,8.2
2025-06-12 02:03:00,49.953150620754265
2025-06-12 05:15:00,26.4
2025-06-12 10:42:00,10.3
2025-06-12 14:09:00,49.953150620754265
2025-06-12 04:08:00,73.0
2025-06-12 03:09:00,44.8
2025-06-12 09:15:00,54.8
2025-06-12 15:13:00,52.6
2025-06-12 09:22:00,97.6
2025-06-12 05:08:00,76.9
2025-06-12 05:43:00,34.3
2025-06-12 18:18:00,55.8
2025-06-12 22:09:00,63.3
2025-06-12 16:40:00,49.953150620754265
2025-06-12 14:49:00,49.953150620754265
2025-06-12 19:19:00,15.4
2025-06-12 19:28:00,91.1
2025-06-12 03:52:00,6.9
2025-06-12 10:56:00,13.8
2025-06-12 05:30:00,28.1
2025-06-12 06:05:00,14.5
2025-06-12 09:52:00,13.3
2025-06-12 01:04:00,49.953150620754265
2025-06-12 06:57:00,2.5
2025-06-12 02:17:00,49.953150620754265
2025-06-12 01:21:00,49.953150620754265
2025-06-12 07:16:00,64.4
2025-06-12 14:24:00,79.8
2025-06-12 04:29:00,93.3
2025-06-12 07:22:00,40.3
2025-06-12 11:13:00,79.8
2025-06-12 17:45:00,77.7
2025-06-12 13:55:00,61.7
2025-06-12 04:30:00,52.1
2025-06-12 04:15:00,49.953150620754265
2025-06-12 04:38:00,69.0
2025-06-12 23:28:00,74.8
2025-06-12 05:47:00,46.2
2025-06-12 21:14:00,73.4
2025-06-12 02:42:00,27.6
2025-06-12 17:26:00,93.9
2025-06-12 07:56:00,14.5
2025-06-12 14:25:00,9.2
2025-06-12 06:53:00,27.1
2025-06-12 01:18:00,9.7
2025-06-12 07:13:00,49.953150620754265
2025-06-12 05:37:00,16.9
2025-06-12 21:49:00,16.5
2025-06-12 19:34:00,83.0
2025-06-12 06:42:00,49.953150620754265
2025-06-12 14:28:00,19.5
2025-06-12 02:34:00,21.5
2025-06-12 09:15:00,35.9
2025-06-12 07:20:00,1.1
2025-06-12 03:11:00,74.8
2025-06-12 08:47:00,1.7
2025-06-12 16:57:00,59.3
2025-06-12 00:18:00,20.1
2025-06-12 23:15:00,49.58899212042808
2025-06-12 17:14:00,6.3
2025-06-12 00:09:00,49.58899212042808
2025-06-12 17:55:00,45.9
2025-06-12 21:38:00,73.6
2025-06-12 09:18:00,34.0
2025-06-12 05:12:00,40.6
2025-06-12 13:03:00,3.4
2025-06-12 03:36:00,5.0
2025-06-12 00:20:00,39.7
2025-06-12 06:29:00,49.58899212042808
2025-06-12 12:00:00,26.4
2025-06-12 02:58:00,74.1
2025-06-12 06:45:00,10.0
2025-06-12 20:26:00,29.6
2025-06-12 04:43:00,87.2
2025-06-12 03:27:00,49.9
2025-06-12 09:48:00,63.1
2025-06-12 19:00:00,49.58899212042808
2025-06-12 01:33:00,29.5
2025-06-12 18:25:00,49.58899212042808
2025-06-12 08:02:00,25.1
2025-06-12 02:54:00,65.6
2025-06-12 11:38:00,6.3
2025-06-12 02:40:00,81.1
2025-06-12 04:30:00,67.9
2025-06-12 10:24:00,49.58899212042808
2025-06-12 13:55:00,24.8
2025-06-12 08:47:00,49.58899212042808
2025-06-12 01:37:00,43.6
2025-06-12 09:08:00,7.0
2025-06-12 23:50:00,98.5
2025-06-12 19:56:00,98.4
2025-06-12 01:47:00,76.6
2025-06-12 13:12:00,39.6
2025-06-12 18:08:00,45.6
2025-06-12 11:06:00,38.5
2025-06-12 14:38:00,49.58899212042808
2025-06-12 22:50:00,9.3
2025-06-12 08:30:00,65.5
2025-06-12 01:53:00,49.58899212042808
2025-06-12 00:55:00,57.1
2025-06-12 23:33:00,71.5
2025-06-12 11:24:00,73.9
2025-06-12 15:09:00,85.2
2025-06-12 17:30:00,21.9
2025-06-12 01:23:00,35.9
2025-06-12 20:01:00,72.9
2025-06-12 07:33:00,15.5
2025-06-12 05:09:00,49.58899212042808
2025-06-12 06:52:00,11.4
2025-06-12 08:16:00,59.4
2025-06-12 16:35:00,49.58899212042808
2025-06-12 09:14:00,50.9
2025-06-12 23:09:00,47.7
2025-06-12 10:49:00,74.3
2025-06-12 09:33:00,31.8
2025-06-12 07:54:00,80.8
2025-06-12 08:39:00,34.1
2025-06-12 02:03:00,72.7
2025-06-12 18:33:00,70.1
2025-06-12 10:20:00,91.6
2025-06-12 10:27:00,86.6
2025-06-12 06:56:00,68.2
2025-06-12 11:33:00,40.8
2025-06-12 07:12:00,45.9
2025-06-12 05:28:00,52.8
2025-06-12 12:47:00,45.3
2025-06-12 01:39:00,96.5
2025-06-12 10:59:00,79.6
2025-06-12 20:45:00,19.2
2025-06-12 03:50:00,49.58899212042808
2025-06-12 14:37:00,44.3
2025-06-12 10:49:00,66.6
2025-06-12 11:07:00,49.58899212042808
2025-06-12 01:55:00,99.3
2025-06-12 10:02:00,85.0
2025-06-12 07:19:00,81.1
2025-06-12 00:57:00,83.6
2025-06-12 10:46:00,53.9
2025-06-12 09:30:00,49.8
2025-06-12 15:32:00,83.5
2025-06-12 01:50:00,32.4
2025-06-12 11:35:00,20.6
2025-06-12 07:29:00,44.1
2025-06-12 22:47:00,97.8
2025-06-12 23:19:00,24.4
2025-06-12 09:02:00,42.5
2025-06-12 19:47:00,49.58899212042808
2025-06-12 17:11:00,49.58899212042808
2025-06-12 01:38:00,8.7
2025-06-12 02:09:00,3.9
2025-06-12 06:08:00,61.2
2025-06-12 08:53:00,49.58899212042808
2025-06-12 18:19:00,99.6
2025-06-12 16:55:00,25.2
2025-06-12 23:45:00,24.8
2025-06-12 17:33:00,20.4
2025-06-12 21:51:00,66.4
2025-06-12 23:38:00,49.58899212042808
2025-06-12 14:05:00,68.2
2025-06-12 20:05:00,49.58899212042808
2025-06-12 16:30:00,84.5
2025-06-12 16:03:00,32.6
2025-06-12 04:50:00,12.4
2025-06-12 04:30:00,49.58899212042808
2025-06-12 08:09:00,26.4
2025-06-12 22:07:00,49.58899212042808
2025-06-12 02:58:00,49.58899212042808
2025-06-12 04:42:00,30.2
2025-06-12 08:00:00,36.5
2025-06-12 09:22:00,99.7
2025-06-12 17:37:00,28.7
2025-06-12 21:58:00,68.8
2025-06-12 20:37:00,35.6
2025-06-12 21:07:00,66.9
2025-06-12 09:39:00,74.8
2025-06-12 18:32:00,86.5
2025-06-12 19:56:00,66.6
2025-06-12 16:03:00,59.6
2025-06-12 13:18:00,29.1
2025-06-12 06:42:00,89.9
2025-06-12 17:04:00,76.8
2025-06-12 01:15:00,16.2
2025-06-12 07:59:00,59.5
2025-06-12 08:20:00,21.5
2025-06-12 04:49:00,74.5
2025-06-12 09:44:00,34.4
2025-06-12 00:25:00,76.6
2025-06-12 01:24:00,49.58899212042808
2025-06-12 00:59:00,49.58899212042808
2025-06-12 18:05:00,1.1
2025-06-12 21:19:00,49.58899212042808
2025-06-12 18:26:00,73.1
2025-06-12 07:24:00,62.0
2025-06-12 14:15:00,18.4
2025-06-12 14:49:00,0.1
2025-06-12 04:06:00,71.7
2025-06-12 11:55:00,49.0
2025-06-12 16:17:00,84.5
2025-06-12 16:41:00,57.5
2025-06-12 06:19:00,43.6
2025-06-12 18:47:00,97.1
2025-06-12 14:43:00,28.9
2025-06-12 13:48:00,11.8
2025-06-12 16:13:00,78.6
2025-06-12 23:12:00,49.58899212042808
2025-06-12 23:55:00,48.9
2025-06-12 17:42:00,17.5
2025-06-12 19:38:00,75.4
2025-06-12 05:13:00,58.5
2025-06-12 19:03:00,95.1
2025-06-12 16:40:00,55.3
2025-06-12 21:42:00,46.2
2025-06-12 23:35:00,40.1
2025-06-12 19:43:00,35.2
2025-06-12 09:40:00,16.6
2025-06-12 17:47:00,51.6
2025-06-12 19:00:00,41.8
2025-06-12 14:29:00,96.0
2025-06-12 22:36:00,49.58899212042808
2025-06-12 14:33:00,12.8
2025-06-12 10:04:00,79.5
2025-06-12 07:50:00,80.0
2025-06-12 12:07:00,93.2
2025-06-12 04:58:00,49.58899212042808
2025-06-12 22:03:00,28.6
2025-06-12 03:16:00,19.6
2025-06-12 23:08:00,83.8
2025-06-12 15:08:00,89.9
2025-06-12 16:20:00,57.5
2025-06-12 02:07:00,86.4
2025-06-12 20:39:00,71.8
2025-06-12 02:06:00,6.9
2025-06-12 13:21:00,62.8
2025-06-12 20:12:00,92.2
2025-06-12 17:05:00,37.2
2025-06-12 07:04:00,51.6
2025-06-12 18:20:00,13.0
2025-06-12 17:06:00,71.8
2025-06-12 02:57:00,58.7
2025-06-12 01:15:00,49.58899212042808
2025-06-12 18:13:00,49.58899212042808
2025-06-12 08:55:00,97.3
2025-06-12 07:49:00,88.5
2025-06-12 12:33:00,75.6
2025-06-12 23:00:00,49.58899212042808
2025-06-12 17:51:00,37.0
2025-06-12 22:14:00,63.9
2025-06-12 21:35:00,11.1
2025-06-12 05:03:00,33.9
2025-06-12 17:15:00,22.1
2025-06-12 21:28:00,49.58899212042808
2025-06-12 14:22:00,68.8
2025-06-12 10:00:00,47.7
2025-06-12 13:37:00,93.9
2025-06-12 01:20:00,20.2
2025-06-12 22:41:00,92.4
2025-06-12 08:40:00,3.4
2025-06-12 08:30:00,71.3
2025-06-12 05:53:00,27.6
2025-06-12 16:37:00,64.8
2025-06-12 11:49:00,96.7
2025-06-12 10:52:00,100.0
2025-06-12 03:37:00,49.58899212042808
2025-06-12 05:12:00,82.7
2025-06-12 23:27:00,49.58899212042808
2025-06-12 03:07:00,35.2
2025-06-12 21:23:00,1.9
2025-06-12 16:51:00,7.0
2025-06-12 18:39:00,81.2
2025-06-12 23:51:00,9.3
2025-06-12 00:17:00,82.2
2025-06-12 14:40:00,19.0
2025-06-12 17:42:00,35.5
2025-06-12 02:36:00,93.4
2025-06-12 07:42:00,49.58899212042808
2025-06-12 07:20:00,6.8
2025-06-12 19:08:00,22.9
2025-06-12 16:43:00,84.2
2025-06-12 17:08:00,3.2
2025-06-12 16:42:00,45.4
2025-06-12 07:41:00,23.6
2025-06-12 18:48:00,72.3
2025-06-12 06:39:00,52.8
2025-06-12 01:58:00,78.8
2025-06-12 18:53:00,30.3
2025-06-12 17:42:00,2.7
2025-06-12 07:37:00,95.2
2025-06-12 17:50:00,49.58899212042808
2025-06-12 15:51:00,25.8
2025-06-12 04:32:00,41.7
2025-06-12 03:19:00,48.1
2025-06-12 23:53:00,56.1
2025-06-12 07:56:00,98.8
2025-06-12 06:02:00,25.8
2025-06-12 21:26:00,55.5
2025-06-12 15:07:00,49.58899212042808
2025-06-12 02:41:00,53.1
2025-06-12 10:27:00,49.58899212042808
2025-06-12 12:34:00,49.58899212042808
2025-06-12 00:28:00,40.6
2025-06-12 13:01:00,16.9
2025-06-12 07:54:00,92.2
2025-06-12 12:05:00,49.58899212042808
2025-06-12 01:51:00,97.5
2025-06-12 04:51:00,35.8
2025-06-12 15:19:00,70.6
2025-06-12 01:30:00,49.58899212042808
2025-06-12 05:10:00,60.8
2025-06-12 19:10:00,12.0
2025-06-12 00:29:00,95.7
2025-06-12 05:57:00,46.5
2025-06-12 22:14:00,58.4
2025-06-12 23:11:00,7.3
2025-06-12 21:37:00,61.8
2025-06-12 23:04:00,15.9
2025-06-12 21:26:00,11.0
2025-06-12 01:39:00,95.1
2025-06-12 17:02:00,41.9
2025-06-12 19:54:00,67.6
2025-06-12 00:31:00,89.9
2025-06-12 23:50:00,17.0
2025-06-12 19:11:00,49.58899212042808
2025-06-12 04:04:00,97.8
2025-06-12 18:04:00,83.1
2025-06-12 09:39:00,16.9
2025-06-12 03:05:00,49.58899212042808
2025-06-12 03:22:00,70.7
2025-06-12 05:53:00,45.5
2025-06-12 03:46:00,32.5
2025-06-12 16:17:00,49.58899212042808
2025-06-12 04:33:00,96.3
2025-06-12 01:21:00,23.1
2025-06-12 16:13:00,49.58899212042808
2025-06-12 11:15:00,43.0
2025-06-12 01:28:00,23.5
2025-06-12 16:35:00,49.58899212042808
2025-06-12 21:36:00,49.58899212042808
2025-06-12 20:50:00,65.8
2025-06-12 02:21:00,73.2
2025-06-12 02:25:00,85.9
2025-06-12 02:42:00,73.9
2025-06-12 19:53:00,97.3
2025-06-12 20:05:00,55.7
2025-06-12 19:10:00,2.5
2025-06-12 20:26:00,82.7
2025-06-12 02:08:00,4.0
2025-06-12 23:25:00,49.2
2025-06-12 21:53:00,20.2
2025-06-12 02:23:00,21.7
2025-06-12 22:05:00,65.5
2025-06-12 20:27:00,16.3
2025-06-12 08:35:00,26.7
2025-06-12 13:00:00,89.8
2025-06-12 06:41:00,11.1
2025-06-12 11:31:00,33.7
2025-06-12 10:41:00,92.7
2025-06-12 22:51:00,49.1
2025-06-12 00:10:00,86.9
2025-06-12 13:22:00,66.0
2025-06-12 03:38:00,49.58899212042808
2025-06-12 20:42:00,49.58899212042808
2025-06-12 00:14:00,26.7
2025-06-12 04:16:00,79.3
2025-06-12 19:20:00,67.8
2025-06-12 22:07:00,49.58899212042808
2025-06-12 13:31:00,79.9
2025-06-12 21:15:00,74.1
2025-06-12 19:39:00,38.7
2025-06-12 10:47:00,49.58899212042808
2025-06-12 01:11:00,60.7
2025-06-12 05:56:00,81.7
2025-06-12 02:57:00,78.6
2025-06-12 04:26:00,69.3
2025-06-12 11:26:00,32.2
2025-06-12 06:27:00,47.8
2025-06-12 22:42:00,25.1
2025-06-12 12:46:00,26.2
2025-06-12 22:24:00,23.3
2025-06-12 21:01:00,47.7
2025-06-12 13:39:00,15.8
2025-06-12 09:44:00,99.6
2025-06-12 20:33:00,14.5
2025-06-12 18:05:00,49.58899212042808
2025-06-12 06:49:00,59.2
2025-06-12 00:41:00,7.1
2025-06-12 23:34:00,92.0
2025-06-12 00:39:00,58.1
2025-06-12 21:52:00,89.0
2025-06-12 00:12:00,67.3
2025-06-12 20:26:00,18.4
2025-06-12 17:40:00,66.2
2025-06-12 21:40:00,37.9
2025-06-12 19:02:00,93.4
2025-06-12 08:28:00,90.6
2025-06-12 01:07:00,42.4
2025-06-12 01:20:00,13.7
2025-06-12 08:06:00,86.4
2025-06-12 08:00:00,49.58899212042808
2025-06-12 08:44:00,56.0
2025-06-12 11:07:00,27.1
2025-06-12 11:42:00,70.3
2025-06-12 06:06:00,83.3
2025-06-12 00:34:00,54.6
2025-06-12 04:51:00,66.2
2025-06-12 06:05:00,87.9
2025-06-12 02:16:00,20.6
2025-06-12 03:29:00,91.8
2025-06-12 17:08:00,32.4
2025-06-12 05:58:00,49.58899212042808
2025-06-12 19:36:00,24.2
2025-06-12 23:56:00,56.7
2025-06-12 10:21:00,24.5
2025-06-12 07:08:00,0.2
2025-06-12 19:50:00,61.0
2025-06-12 03:02:00,21.2
2025-06-12 07:05:00,58.2
2025-06-12 07:05:00,50.2977004785806
2025-06-12 20:58:00,88.1
2025-06-12 05:05:00,12.3
2025-06-12 09:49:00,50.2977004785806
2025-06-12 15:19:00,60.3
2025-06-12 14:30:00,71.4
2025-06-12 00:44:00,37.2
2025-06-12 21:24:00,37.9
2025-06-12 01:49:00,24.3
2025-06-12 23:46:00,60.7
2025-06-12 12:56:00,81.2
2025-06-12 21:52:00,65.8
2025-06-12 18:40:00,41.7
2025-06-12 05:08:00,37.0
2025-06-12 08:39:00,89.5
2025-06-12 02:27:00,97.8
2025-06-12 08:45:00,50.2977004785806
2025-06-12 10:38:00,20.6
2025-06-12 00:29:00,60.8
2025-06-12 10:57:00,17.7
2025-06-12 10:14:00,55.6
2025-06-12 23:44:00,80.5
2025-06-12 14:59:00,64.8
2025-06-12 22:53:00,45.3
2025-06-12 14:22:00,34.5
2025-06-12 19:23:00,60.2
2025-06-12 15:24:00,17.9
2025-06-12 05:00:00,22.8
2025-06-12 21:08:00,33.8
2025-06-12 11:15:00,75.4
2025-06-12 22:48:00,50.2977004785806
2025-06-12 09:56:00,50.2977004785806
2025-06-12 00:18:00,94.5
2025-06-12 22:17:00,68.7
2025-06-12 06:22:00,17.0
2025-06-12 21:55:00,61.4
2025-06-12 12:36:00,56.8
2025-06-12 18:51:00,50.2977004785806
2025-06-12 21:54:00,50.2977004785806
2025-06-12 23:49:00,28.2
2025-06-12 18:06:00,64.0
2025-06-12 22:46:00,55.5
2025-06-12 16:14:00,50.2977004785806
2025-06-12 05:20:00,77.9
2025-06-12 12:48:00,62.6
2025-06-12 03:07:00,10.8
2025-06-12 09:10:00,57.0
2025-06-12 13:07:00,72.6
2025-06-12 02:04:00,31.9
2025-06-12 09:44:00,66.7
2025-06-12 09:42:00,80.1
2025-06-12 16:13:00,50.2977004785806
2025-06-12 22:48:00,43.4
2025-06-12 19:49:00,35.2
2025-06-12 21:06:00,30.3
2025-06-12 08:43:00,20.4
2025-06-12 05:10:00,41.0
2025-06-12 05:09:00,46.6
2025-06-12 14:51:00,1.5
2025-06-12 14:09:00,32.1
2025-06-12 09:56:00,50.2977004785806
2025-06-12 18:00:00,92.7
2025-06-12 21:54:00,44.1
2025-06-12 20:05:00,18.7
2025-06-12 20:09:00,26.0
2025-06-12 08:13:00,49.8
2025-06-12 12:34:00,92.7
2025-06-12 23:10:00,50.2977004785806
2025-06-12 02:43:00,32.6
2025-06-12 01:19:00,74.6
2025-06-12 06:55:00,51.9
2025-06-12 08:35:00,99.8
2025-06-12 01:46:00,80.6
2025-06-12 03:37:00,65.8
2025-06-12 06:18:00,35.0
2025-06-12 19:31:00,2.6
2025-06-12 10:15:00,88.6
2025-06-12 12:17:00,50.3
2025-06-12 19:41:00,71.4
2025-06-12 13:09:00,11.7
2025-06-12 02:44:00,20.4
2025-06-12 21:16:00,98.7
2025-06-12 17:04:00,10.7
2025-06-12 07:14:00,71.1
2025-06-12 09:40:00,50.2977004785806
2025-06-12 14:10:00,64.3
2025-06-12 16:14:00,87.4
2025-06-12 17:53:00,50.2977004785806
2025-06-12 19:30:00,39.9
2025-06-12 20:02:00,92.7
2025-06-12 03:09:00,21.3
2025-06-12 01:05:00,94.6
2025-06-12 02:48:00,66.6
2025-06-12 18:32:00,38.6
2025-06-12 13:12:00,50.9
2025-06-12 06:59:00,1.1
2025-06-12 16:41:00,19.1
2025-06-12 14:17:00,65.3
2025-06-12 09:07:00,50.2977004785806
2025-06-12 10:46:00,38.0
2025-06-12 00:55:00,85.1
2025-06-12 20:44:00,1.8
2025-06-12 09:33:00,18.5
2025-06-12 09:54:00,61.9
2025-06-12 00:00:00,50.2977004785806
2025-06-12 12:35:00,77.8
2025-06-12 04:58:00,97.0
2025-06-12 12:06:00,69.1
2025-06-12 12:54:00,50.2977004785806
2025-06-12 03:46:00,60.9
2025-06-12 11:57:00,99.1
2025-06-12 10:20:00,35.1
2025-06-12 18:14:00,2.1
2025-06-12 03:16:00,11.8
2025-06-12 03:28:00,66.5
2025-06-12 07:26:00,2.7
2025-06-12 02:58:00,73.0
2025-06-12 13:12:00,48.9
2025-06-12 10:57:00,42.8
2025-06-12 08:12:00,29.4
2025-06-12 16:34:00,82.3
2025-06-12 11:01:00,50.2977004785806
2025-06-12 18:49:00,93.3
2025-06-12 03:36:00,29.8
2025-06-12 03:13:00,62.7
2025-06-12 06:20:00,50.2977004785806
2025-06-12 02:22:00,13.6
2025-06-12 06:23:00,64.7
2025-06-12 14:41:00,93.8
2025-06-12 01:29:00,10.5
2025-06-12 21:09:00,11.9
2025-06-12 11:05:00,73.9
2025-06-12 19:06:00,27.2
2025-06-12 23:03:00,9.9
2025-06-12 17:00:00,43.2
2025-06-12 04:30:00,0.4
2025-06-12 22:12:00,40.1
2025-06-12 00:42:00,28.9
2025-06-12 07:42:00,37.2
2025-06-12 01:29:00,81.3
2025-06-12 18:57:00,47.5
2025-06-12 00:51:00,50.2977004785806
2025-06-12 06:57:00,16.9
2025-06-12 12:52:00,51.7
2025-06-12 00:20:00,73.5
2025-06-12 06:53:00,89.0
2025-06-12 06:40:00,62.7
2025-06-12 23:14:00,98.2
2025-06-12 15:12:00,82.6
2025-06-12 17:01:00,25.6
2025-06-12 21:58:00,10.2
2025-06-12 12:02:00,98.5
2025-06-12 16:31:00,34.5
2025-06-12 02:36:00,70.3
2025-06-12 05:08:00,50.2977004785806
2025-06-12 19:48:00,70.9
2025-06-12 04:41:00,32.0
2025-06-12 03:03:00,90.8
2025-06-12 17:33:00,14.5
2025-06-12 16:39:00,98.2
2025-06-12 02:05:00,19.6
2025-06-12 01:22:00,68.6
2025-06-12 13:05:00,11.4
2025-06-12 09:09:00,36.6
2025-06-12 19:22:00,11.8
2025-06-12 20:34:00,61.4
2025-06-12 11:18:00,61.8
2025-06-12 16:47:00,35.2
2025-06-12 10:07:00,90.4
2025-06-12 13:42:00,99.7
2025-06-12 16:04:00,3.8
2025-06-12 06:10:00,95.0
2025-06-12 01:19:00,82.3
2025-06-12 15:11:00,96.1
2025-06-12 21:10:00,50.2977004785806
2025-06-12 15:02:00,65.0
2025-06-12 09:22:00,9.7
2025-06-12 23:39:00,50.2977004785806
2025-06-12 03:32:00,50.2977004785806
2025-06-12 23:57:00,91.6
2025-06-12 10:06:00,79.8
2025-06-12 04:50:00,65.9
2025-06-12 00:49:00,58.6
2025-06-12 22:02:00,98.2
2025-06-12 15:47:00,92.5
2025-06-12 00:19:00,13.2
2025-06-12 09:00:00,68.7
2025-06-12 01:54:00,54.2
2025-06-12 09:32:00,50.2977004785806
2025-06-12 22:07:00,50.2977004785806
2025-06-12 23:28:00,7.4
2025-06-12 22:41:00,78.2
2025-06-12 11:57:00,31.1
2025-06-12 14:52:00,84.0
2025-06-12 03:04:00,37.7
2025-06-12 18:21:00,93.6
2025-06-12 13:44:00,16.3
2025-06-12 21:15:00,5.0
2025-06-12 14:11:00,21.0
2025-06-12 23:22:00,30.1
2025-06-12 17:24:00,4.9
2025-06-12 08:16:00,72.6
2025-06-12 04:22:00,50.2977004785806
2025-06-12 21:50:00,59.0
2025-06-12 12:28:00,61.4
2025-06-12 06:45:00,50.2977004785806
2025-06-12 15:21:00,58.8
2025-06-12 11:47:00,50.2977004785806
2025-06-12 17:22:00,82.4
2025-06-12 20:09:00,63.3
2025-06-12 17:36:00,57.6
2025-06-12 03:14:00,48.4
2025-06-12 20:15:00,23.8
2025-06-12 00:40:00,47.2
2025-06-12 01:12:00,95.2
2025-06-12 15:22:00,65.8
2025-06-12 16:54:00,94.8
2025-06-12 00:13:00,14.4
2025-06-12 23:44:00,50.2977004785806
2025-06-12 10:51:00,11.1
2025-06-12 22:20:00,96.1
2025-06-12 05:19:00,36.6
2025-06-12 13:27:00,30.3
2025-06-12 13:21:00,50.2977004785806
2025-06-12 03:43:00,50.2977004785806
2025-06-12 10:15:00,41.1
2025-06-12 06:11:00,91.2
2025-06-12 19:19:00,6.0
2025-06-12 16:23:00,26.6
2025-06-12 10:46:00,85.1
2025-06-12 08:10:00,40.1
2025-06-12 00:04:00,28.5
2025-06-12 07:04:00,45.3
2025-06-12 01:47:00,73.1
2025-06-12 08:05:00,50.2977004785806
2025-06-12 08:06:00,50.2977004785806
2025-06-12 07:20:00,97.8
2025-06-12 16:46:00,14.8
2025-06-12 15:48:00,73.8
2025-06-12 02:32:00,75.4
2025-06-12 22:17:00,7.2
2025-06-12 01:25:00,8.1
2025-06-12 06:33:00,0.6
2025-06-12 06:08:00,69.5
2025-06-12 07:51:00,2.7
2025-06-12 21:08:00,75.5
2025-06-12 23:24:00,98.4
2025-06-12 16:01:00,50.2977004785806
2025-06-12 04:21:00,82.1
2025-06-12 20:43:00,76.2
2025-06-12 12:41:00,6.3
2025-06-12 09:38:00,12.9
2025-06-12 00:59:00,12.5
2025-06-12 17:15:00,50.2977004785806
2025-06-12 00:35:00,73.4
2025-06-12 12:26:00,52.8
2025-06-12 21:37:00,50.2977004785806
2025-06-12 06:35:00,50.2977004785806
2025-06-12 19:58:00,40.1
2025-06-12 12:26:00,58.4
2025-06-12 11:20:00,22.1
2025-06-12 21:19:00,58.6
2025-06-12 09:03:00,94.8
2025-06-12 17:15:00,76.9
2025-06-12 01:59:00,30.6
2025-06-12 13:16:00,50.2977004785806
2025-06-12 18:48:00,28.9
2025-06-12 17:21:00,83.5
2025-06-12 00:33:00,97.6
2025-06-12 06:19:00,32.9
2025-06-12 23:55:00,15.2
2025-06-12 15:15:00,75.8
2025-06-12 12:05:00,60.7
2025-06-12 02:38:00,14.5
2025-06-12 21:39:00,50.2977004785806
2025-06-12 12:16:00,8.7
2025-06-12 21:04:00,69.4
2025-06-12 13:15:00,79.3
2025-06-12 22:28:00,43.3
2025-06-12 23:24:00,70.0
2025-06-12 04:12:00,39.0
2025-06-12 16:37:00,92.4
2025-06-12 20:56:00,98.2
2025-06-12 23:32:00,50.2977004785806
2025-06-12 20:37:00,94.3
2025-06-12 23:32:00,59.6
2025-06-12 02:35:00,2.2
2025-06-12 07:15:00,80.1
2025-06-12 03:38:00,75.4
2025-06-12 00:57:00,51.2
2025-06-12 19:57:00,14.5
2025-06-12 11:03:00,55.7
2025-06-12 18:44:00,81.5
2025-06-12 00:53:00,25.9
2025-06-12 13:06:00,74.6
2025-06-12 19:19:00,50.2977004785806
2025-06-12 11:30:00,5.0
2025-06-12 07:31:00,17.7
2025-06-12 00:28:00,3.1
2025-06-12 20:40:00,76.5
2025-06-12 21:26:00,50.2977004785806
2025-06-12 06:57:00,98.3
2025-06-12 11:25:00,28.7
2025-06-12 07:19:00,50.2977004785806
2025-06-12 14:16:00,43.3
2025-06-12 21:46:00,8.8
2025-06-12 05:08:00,46.9
2025-06-12 02:07:00,28.1
2025-06-12 02:19:00,16.4
2025-06-12 07:00:00,50.2977004785806
2025-06-12 07:04:00,51.1
2025-06-12 17:08:00,24.2
2025-06-12 17:40:00,8.9
2025-06-12 22:30:00,13.1
2025-06-12 08:24:00,60.1
2025-06-12 08:46:00,22.0
2025-06-12 13:08:00,50.2977004785806
2025-06-12 18:24:00,48.0
2025-06-12 07:23:00,50.2977004785806
2025-06-12 02:26:00,18.3
2025-06-12 13:23:00,32.8
2025-06-12 09:03:00,98.7
2025-06-12 06:20:00,44.8
2025-06-12 09:30:00,46.7
2025-06-12 10:22:00,92.7
2025-06-12 03:57:00,50.2977004785806
2025-06-12 01:04:00,49.82536769031651
2025-06-12 08:03:00,86.6
2025-06-12 21:08:00,9.3
2025-06-12 10:01:00,89.9
2025-06-12 20:53:00,2.3
2025-06-12 18:15:00,51.9
2025-06-12 05:11:00,54.0
2025-06-12 18:18:00,50.1
2025-06-12 12:01:00,59.9
2025-06-12 14:50:00,60.9
2025-06-12 08:19:00,70.1
2025-06-12 09:58:00,49.82536769031651
2025-06-12 01:46:00,58.9
2025-06-12 02:01:00,87.5
2025-06-12 01:59:00,33.7
2025-06-12 01:09:00,98.8
2025-06-12 23:35:00,49.82536769031651
2025-06-12 21:53:00,43.0
2025-06-12 02:39:00,34.7
2025-06-12 13:13:00,77.7
2025-06-12 18:52:00,47.0
2025-06-12 16:39:00,49.82536769031651
2025-06-12 18:51:00,78.7
2025-06-12 12:11:00,40.4
2025-06-12 09:55:00,62.2
2025-06-12 13:19:00,44.2
2025-06-12 07:51:00,86.9
2025-06-12 19:32:00,41.1
2025-06-12 10:59:00,49.82536769031651
2025-06-12 08:21:00,62.2
2025-06-12 05:01:00,92.3
2025-06-12 03:50:00,0.8
2025-06-12 07:53:00,66.3
2025-06-12 11:08:00,87.4
2025-06-12 07:02:00,18.9
2025-06-12 03:25:00,49.82536769031651
2025-06-12 23:22:00,74.3
2025-06-12 19:00:00,13.8
2025-06-12 06:07:00,40.1
2025-06-12 12:40:00,72.8
2025-06-12 18:50:00,47.2
2025-06-12 04:30:00,8.2
2025-06-12 06:03:00,83.3
2025-06-12 02:19:00,49.82536769031651
2025-06-12 10:13:00,12.8
2025-06-12 18:34:00,55.9
2025-06-12 15:01:00,49.82536769031651
2025-06-12 02:05:00,34.6
2025-06-12 18:20:00,52.2
2025-06-12 21:39:00,64.6
2025-06-12 20:39:00,25.3
2025-06-12 21:12:00,44.3
2025-06-12 08:53:00,98.9
2025-06-12 18:43:00,81.4
2025-06-12 15:21:00,44.3
2025-06-12 05:39:00,93.5
2025-06-12 18:20:00,22.6
2025-06-12 14:13:00,7.3
2025-06-12 15:17:00,88.7
2025-06-12 07:18:00,14.8
2025-06-12 10:59:00,84.5
2025-06-12 08:03:00,77.3
2025-06-12 20:27:00,26.1
2025-06-12 12:02:00,5.1
2025-06-12 08:34:00,88.8
2025-06-12 01:37:00,49.82536769031651
2025-06-12 21:42:00,49.82536769031651
2025-06-12 10:09:00,1.8
2025-06-12 23:02:00,77.6
2025-06-12 00:38:00,7.4
2025-06-12 23:04:00,15.8
2025-06-12 08:20:00,70.7
2025-06-12 09:53:00,58.7
2025-06-12 20:27:00,72.9
2025-06-12 12:39:00,89.3
2025-06-12 14:07:00,82.9
2025-06-12 13:08:00,17.0
2025-06-12 09:03:00,62.1
2025-06-12 14:25:00,82.8
2025-06-12 07:30:00,54.8
2025-06-12 05:19:00,47.2
2025-06-12 22:34:00,11.6
2025-06-12 01:12:00,49.82536769031651
2025-06-12 03:17:00,81.2
2025-06-12 23:56:00,40.2
2025-06-12 08:51:00,34.2
2025-06-12 19:22:00,55.0
2025-06-12 00:10:00,3.5
2025-06-12 17:42:00,19.8
2025-06-12 09:48:00,78.8
2025-06-12 05:36:00,37.3
2025-06-12 02:05:00,72.1
2025-06-12 05:46:00,52.1
2025-06-12 22:57:00,96.0
2025-06-12 15:56:00,90.6
2025-06-12 02:13:00,21.1
2025-06-12 01:18:00,83.8
2025-06-12 21:54:00,64.3
2025-06-12 09:15:00,72.5
2025-06-12 05:47:00,86.2
2025-06-12 16:24:00,12.0
2025-06-12 20:16:00,49.82536769031651
2025-06-12 23:16:00,21.4
2025-06-12 14:01:00,38.5
2025-06-12 08:35:00,7.3
2025-06-12 01:10:00,91.6
2025-06-12 12:29:00,2.5
2025-06-12 23:22:00,98.8
2025-06-12 00:44:00,8.4
2025-06-12 04:28:00,68.4
2025-06-12 01:50:00,53.0
2025-06-12 07:22:00,49.82536769031651
2025-06-12 19:31:00,36.8
2025-06-12 18:59:00,49.82536769031651
2025-06-12 16:31:00,49.82536769031651
2025-06-12 16:32:00,30.5
2025-06-12 08:18:00,89.1
2025-06-12 11:19:00,47.8
2025-06-12 23:28:00,76.6
2025-06-12 05:57:00,1.5
2025-06-12 20:08:00,49.82536769031651
2025-06-12 21:55:00,4.0
2025-06-12 00:01:00,35.4
2025-06-12 00:24:00,65.9
2025-06-12 13:49:00,49.82536769031651
2025-06-12 08:44:00,16.5
2025-06-12 20:44:00,49.82536769031651
2025-06-12 10:23:00,77.0
2025-06-12 09:16:00,67.1
2025-06-12 00:18:00,51.9
2025-06-12 15:16:00,22.9
2025-06-12 18:57:00,13.4
2025-06-12 22:55:00,38.1
2025-06-12 09:13:00,97.3
2025-06-12 07:41:00,92.9
2025-06-12 01:35:00,61.6
2025-06-12 16:55:00,49.82536769031651
2025-06-12 16:04:00,42.2
2025-06-12 14:48:00,4.5
2025-06-12 08:40:00,65.0
2025-06-12 23:04:00,59.6
2025-06-12 22:16:00,67.6
2025-06-12 01:49:00,49.82536769031651
2025-06-12 09:46:00,2.8
2025-06-12 06:44:00,96.8
2025-06-12 03:41:00,30.4
2025-06-12 22:41:00,76.6
2025-06-12 13:46:00,92.4
2025-06-12 03:43:00,21.6
2025-06-12 22:26:00,65.4
2025-06-12 18:59:00,66.5
2025-06-12 23:26:00,6.8
2025-06-12 17:16:00,49.82536769031651
2025-06-12 12:42:00,15.6
2025-06-12 19:29:00,68.9
2025-06-12 06:55:00,49.82536769031651
2025-06-12 15:21:00,85.6
2025-06-12 19:25:00,68.4
2025-06-12 02:36:00,0.8
2025-06-12 05:31:00,11.5
2025-06-12 02:34:00,70.7
2025-06-12 11:26:00,60.9
2025-06-12 19:13:00,49.82536769031651
2025-06-12 04:20:00,49.82536769031651
2025-06-12 18:48:00,8.7
2025-06-12 20:07:00,59.1
2025-06-12 06:26:00,44.5
2025-06-12 07:22:00,75.9
2025-06-12 16:23:00,92.8
2025-06-12 17:43:00,49.82536769031651
2025-06-12 17:17:00,31.0
2025-06-12 19:10:00,49.82536769031651
2025-06-12 23:53:00,49.82536769031651
2025-06-12 07:43:00,90.3
2025-06-12 14:57:00,98.9
2025-06-12 07:34:00,75.8
2025-06-12 08:50:00,37.6
2025-06-12 08:05:00,23.6
2025-06-12 20:12:00,75.9
2025-06-12 20:09:00,49.82536769031651
2025-06-12 15:08:00,82.6
2025-06-12 16:12:00,32.9
2025-06-12 15:12:00,37.3
2025-06-12 05:19:00,49.82536769031651
2025-06-12 16:32:00,52.9
2025-06-12 20:10:00,61.5
2025-06-12 19:35:00,27.4
2025-06-12 13:16:00,12.1
2025-06-12 04:00:00,40.7
2025-06-12 18:33:00,6.3
2025-06-12 06:19:00,89.3
2025-06-12 15:56:00,27.4
2025-06-12 15:01:00,98.3
2025-06-12 07:36:00,93.7
2025-06-12 11:48:00,49.82536769031651
2025-06-12 17:31:00,99.9
2025-06-12 22:49:00,49.82536769031651
2025-06-12 11:19:00,49.82536769031651
2025-06-12 05:11:00,11.3
2025-06-12 08:48:00,4.3
2025-06-12 03:57:00,75.0
2025-06-12 00:16:00,21.7
2025-06-12 09:04:00,49.82536769031651
2025-06-12 01:15:00,72.5
2025-06-12 09:55:00,79.5
2025-06-12 08:27:00,96.1
2025-06-12 06:40:00,73.1
2025-06-12 14:19:00,20.4
2025-06-12 05:51:00,82.0
2025-06-12 03:21:00,44.2
2025-06-12 13:46:00,5.0
2025-06-12 20:20:00,48.7
2025-06-12 15:56:00,49.82536769031651
2025-06-12 06:12:00,55.4
2025-06-12 06:51:00,82.6
2025-06-12 18:38:00,18.6
2025-06-12 14:15:00,49.82536769031651
2025-06-12 21:38:00,23.6
2025-06-12 16:18:00,56.3
2025-06-12 13:41:00,95.7
2025-06-12 07:21:00,7.2
2025-06-12 22:09:00,79.5
2025-06-12 08:35:00,44.3
2025-06-12 11:23:00,74.0
2025-06-12 08:33:00,52.3
2025-06-12 08:21:00,74.0
2025-06-12 03:21:00,42.4
2025-06-12 05:47:00,86.6
2025-06-12 19:38:00,54.5
2025-06-12 02:54:00,4.0
2025-06-12 19:21:00,74.5
2025-06-12 02:08:00,46.5
2025-06-12 10:35:00,14.2
2025-06-12 12:00:00,96.4
2025-06-12 03:18:00,29.5
2025-06-12 04:38:00,40.9
2025-06-12 15:51:00,93.3
2025-06-12 10:23:00,18.0
2025-06-12 00:09:00,96.1
2025-06-12 17:32:00,65.6
2025-06-12 18:46:00,74.3
2025-06-12 00:03:00,35.7
2025-06-12 16:33:00,49.0
2025-06-12 21:12:00,49.82536769031651
2025-06-12 05:14:00,77.2
2025-06-12 14:23:00,84.2
2025-06-12 11:49:00,73.3
2025-06-12 11:45:00,3.5
2025-06-12 16:12:00,50.9
2025-06-12 17:05:00,89.3
2025-06-12 16:32:00,8.5
2025-06-12 01:26:00,50.9
2025-06-12 16:28:00,7.7
2025-06-12 13:47:00,45.7
2025-06-12 12:35:00,19.2
2025-06-12 08:41:00,19.6
2025-06-12 22:32:00,49.82536769031651
2025-06-12 22:57:00,54.9
2025-06-12 15:59:00,49.82536769031651
2025-06-12 11:07:00,5.8
2025-06-12 07:55:00,39.3
2025-06-12 17:56:00,37.7
2025-06-12 00:55:00,75.8
2025-06-12 13:16:00,32.2
2025-06-12 18:52:00,49.82536769031651
2025-06-12 10:29:00,71.9
2025-06-12 12:44:00,49.3
2025-06-12 22:06:00,95.4
2025-06-12 12:08:00,27.3
2025-06-12 03:38:00,58.4
2025-06-12 18:08:00,24.0
2025-06-12 11:28:00,18.4
2025-06-12 17:20:00,61.3
2025-06-12 09:28:00,49.82536769031651
2025-06-12 21:53:00,25.1
2025-06-12 11:58:00,76.0
2025-06-12 15:54:00,45.4
2025-06-12 03:19:00,49.82536769031651
2025-06-12 15:21:00,49.82536769031651
2025-06-12 11:22:00,85.0
2025-06-12 09:25:00,32.5
2025-06-12 08:54:00,62.0
2025-06-12 10:23:00,27.7
2025-06-12 03:26:00,59.5
2025-06-12 00:44:00,65.8
2025-06-12 10:25:00,76.4
2025-06-12 08:28:00,93.9
2025-06-12 14:43:00,32.4
2025-06-12 01:19:00,48.7
2025-06-12 19:47:00,34.2
2025-06-12 17:06:00,82.8
2025-06-12 04:02:00,49.82536769031651
2025-06-12 07:56:00,6.3
2025-06-12 11:54:00,32.6
2025-06-12 22:19:00,26.7
2025-06-12 08:36:00,27.2
2025-06-12 12:47:00,38.2
2025-06-12 13:22:00,81.9
2025-06-12 21:17:00,93.8
2025-06-12 16:08:00,92.7
2025-06-12 12:45:00,97.3
2025-06-12 10:45:00,75.8
2025-06-12 06:40:00,49.82536769031651
2025-06-12 10:07:00,75.5
2025-06-12 14:31:00,25.0
2025-06-12 14:32:00,73.7
2025-06-12 07:15:00,90.3
2025-06-12 15:08:00,1.2
2025-06-12 20:41:00,84.1
2025-06-12 13:16:00,69.4
2025-06-12 05:55:00,36.1
2025-06-12 05:58:00,6.3
2025-06-12 10:14:00,98.1
2025-06-12 09:04:00,63.7
2025-06-12 17:21:00,34.3
2025-06-12 05:11:00,95.6
2025-06-12 12:24:00,8.0
2025-06-12 06:15:00,86.5
2025-06-12 17:23:00,67.8
2025-06-12 23:31:00,20.8
2025-06-12 02:30:00,25.9
2025-06-12 04:35:00,71.6
2025-06-12 04:51:00,59.9
2025-06-12 18:21:00,67.1
2025-06-12 11:01:00,77.0
2025-06-12 14:12:00,59.5
2025-06-12 23:34:00,49.82536769031651
2025-06-12 00:13:00,49.82536769031651
2025-06-12 23:38:00,94.0
2025-06-12 10:42:00,43.1
2025-06-12 23:50:00,50.7
2025-06-12 04:21:00,17.5
2025-06-12 15:21:00,16.5
2025-06-12 18:41:00,98.2
2025-06-12 16:45:00,45.5
2025-06-12 03:10:00,49.82536769031651
2025-06-12 21:08:00,49.82536769031651
2025-06-12 12:05:00,17.2
2025-06-12 00:46:00,35.4
2025-06-12 09:24:00,7.7
2025-06-12 23:29:00,50.10362276498773
2025-06-12 18:34:00,72.7
2025-06-12 06:39:00,60.8
2025-06-12 05:37:00,88.7
2025-06-12 13:07:00,69.3
2025-06-12 21:45:00,70.4
2025-06-12 13:32:00,81.6
2025-06-12 02:58:00,89.3
2025-06-12 01:44:00,96.6
2025-06-12 20:50:00,50.10362276498773
2025-06-12 02:30:00,7.1
2025-06-12 13:05:00,22.4
2025-06-12 14:45:00,72.6
2025-06-12 21:46:00,14.7
2025-06-12 22:33:00,81.2
2025-06-12 11:31:00,50.6
2025-06-12 00:15:00,55.6
2025-06-12 11:48:00,92.2
2025-06-12 17:35:00,50.10362276498773
2025-06-12 09:33:00,50.10362276498773
2025-06-12 07:12:00,43.1
2025-06-12 07:58:00,87.0
2025-06-12 14:51:00,82.8
2025-06-12 05:52:00,58.9
2025-06-12 06:32:00,77.1
2025-06-12 00:59:00,72.5
2025-06-12 18:17:00,4.9
2025-06-12 21:20:00,99.4
2025-06-12 19:43:00,15.8
2025-06-12 03:20:00,81.0
2025-06-12 20:35:00,23.1
2025-06-12 17:17:00,31.7
2025-06-12 09:29:00,13.8
2025-06-12 17:16:00,10.4
2025-06-12 21:47:00,50.10362276498773
2025-06-12 08:45:00,50.10362276498773
2025-06-12 10:04:00,15.0
2025-06-12 16:18:00,85.8
2025-06-12 09:45:00,92.4
2025-06-12 04:07:00,46.1
2025-06-12 07:29:00,54.2
2025-06-12 12:45:00,51.7
2025-06-12 08:10:00,50.10362276498773
2025-06-12 17:02:00,78.3
2025-06-12 12:46:00,84.4
2025-06-12 18:56:00,58.6
2025-06-12 22:31:00,27.1
2025-06-12 10:48:00,6.5
2025-06-12 05:35:00,26.1
2025-06-12 14:02:00,94.6
2025-06-12 12:35:00,50.10362276498773
2025-06-12 01:24:00,29.1
2025-06-12 04:52:00,50.10362276498773
2025-06-12 19:16:00,48.9
2025-06-12 04:48:00,9.0
2025-06-12 08:45:00,49.0
2025-06-12 15:56:00,93.7
2025-06-12 04:35:00,50.10362276498773
2025-06-12 11:55:00,0.7
2025-06-12 20:06:00,44.2
2025-06-12 04:01:00,50.10362276498773
2025-06-12 05:58:00,77.2
2025-06-12 04:01:00,24.4
2025-06-12 22:05:00,4.3
2025-06-12 11:04:00,50.10362276498773
2025-06-12 08:17:00,4.4
2025-06-12 14:37:00,50.10362276498773
2025-06-12 11:02:00,69.9
2025-06-12 08:09:00,23.9
2025-06-12 06:48:00,50.10362276498773
2025-06-12 23:29:00,43.1
2025-06-12 05:13:00,68.0
2025-06-12 07:01:00,42.7
2025-06-12 08:23:00,50.10362276498773
2025-06-12 13:42:00,43.7
2025-06-12 23:23:00,6.4
2025-06-12 19:03:00,50.10362276498773
2025-06-12 18:30:00,51.9
2025-06-12 06:02:00,24.1
2025-06-12 02:42:00,43.7
2025-06-12 06:45:00,39.1
2025-06-12 18:10:00,9.7
2025-06-12 01:13:00,81.7
2025-06-12 02:15:00,51.8
2025-06-12 06:32:00,94.7
2025-06-12 14:46:00,94.2
2025-06-12 09:58:00,33.6
2025-06-12 09:00:00,51.4
2025-06-12 20:18:00,4.3
2025-06-12 17:34:00,21.0
2025-06-12 14:12:00,57.5
2025-06-12 14:11:00,29.9
2025-06-12 07:40:00,51.1
2025-06-12 05:45:00,46.6
2025-06-12 12:06:00,37.1
2025-06-12 00:29:00,65.1
2025-06-12 09:27:00,85.9
2025-06-12 22:09:00,97.2
2025-06-12 14:07:00,50.10362276498773
2025-06-12 23:04:00,1.6
2025-06-12 08:43:00,77.9
2025-06-12 04:26:00,25.2
2025-06-12 19:08:00,50.10362276498773
2025-06-12 11:25:00,9.2
2025-06-12 12:22:00,36.8
2025-06-12 19:02:00,10.2
2025-06-12 10:22:00,5.4
2025-06-12 14:44:00,3.7
2025-06-12 00:33:00,70.2
2025-06-12 15:06:00,30.9
2025-06-12 06:15:00,32.8
2025-06-12 08:27:00,74.4
2025-06-12 07:24:00,85.0
2025-06-12 14:13:00,50.10362276498773
2025-06-12 21:58:00,66.2
2025-06-12 03:28:00,70.8
2025-06-12 21:35:00,71.4
2025-06-12 12:16:00,2.3
2025-06-12 18:52:00,10.8
2025-06-12 20:19:00,89.3
2025-06-12 14:58:00,88.5
2025-06-12 06:29:00,35.4
2025-06-12 09:24:00,33.3
2025-06-12 01:53:00,95.9
2025-06-12 21:41:00,32.5
2025-06-12 02:41:00,50.10362276498773
2025-06-12 02:54:00,26.2
2025-06-12 23:34:00,52.6
2025-06-12 16:16:00,88.6
2025-06-12 05:34:00,2.4
2025-06-12 21:57:00,81.2
2025-06-12 03:42:00,50.10362276498773
2025-06-12 11:44:00,42.0
2025-06-12 13:07:00,73.3
2025-06-12 21:26:00,17.0
2025-06-12 07:14:00,50.10362276498773
2025-06-12 16:35:00,50.10362276498773
2025-06-12 15:35:00,57.9
2025-06-12 22:01:00,13.9
2025-06-12 09:59:00,4.5
2025-06-12 11:01:00,75.7
2025-06-12 02:59:00,88.9
2025-06-12 09:22:00,50.10362276498773
2025-06-12 07:23:00,50.10362276498773
2025-06-12 15:45:00,96.7
2025-06-12 10:20:00,83.3
2025-06-12 05:50:00,7.5
2025-06-12 16:11:00,98.8
2025-06-12 01:52:00,72.8
2025-06-12 07:56:00,38.9
2025-06-12 15:24:00,49.1
2025-06-12 07:54:00,50.10362276498773
2025-06-12 21:30:00,50.10362276498773
2025-06-12 07:37:00,36.7
2025-06-12 10:53:00,45.9
2025-06-12 15:23:00,16.7
2025-06-12 14:34:00,56.6
2025-06-12 09:31:00,38.1
2025-06-12 04:02:00,50.3
2025-06-12 00:31:00,50.10362276498773
2025-06-12 22:39:00,17.2
2025-06-12 00:52:00,57.3
2025-06-12 11:57:00,6.8
2025-06-12 19:20:00,74.3
2025-06-12 07:37:00,96.1
2025-06-12 10:52:00,50.10362276498773
2025-06-12 18:16:00,50.10362276498773
2025-06-12 19:07:00,50.10362276498773
2025-06-12 23:53:00,34.9
2025-06-12 03:38:00,31.2
2025-06-12 17:40:00,81.7
2025-06-12 17:54:00,43.4
2025-06-12 22:30:00,5.3
2025-06-12 19:28:00,62.3
2025-06-12 14:02:00,50.10362276498773
2025-06-12 08:05:00,96.1
2025-06-12 11:29:00,16.4
2025-06-12 10:44:00,78.0
2025-06-12 04:13:00,50.10362276498773
2025-06-12 21:45:00,53.1
2025-06-12 19:52:00,16.5
2025-06-12 17:46:00,49.0
2025-06-12 19:21:00,9.9
2025-06-12 20:15:00,49.7
2025-06-12 19:05:00,43.9
2025-06-12 19:15:00,51.9
2025-06-12 06:51:00,50.10362276498773
2025-06-12 04:38:00,50.10362276498773
2025-06-12 02:26:00,2.9
2025-06-12 01:35:00,44.6
2025-06-12 03:09:00,3.1
2025-06-12 21:47:00,89.2
2025-06-12 17:25:00,49.2
2025-06-12 22:10:00,15.9
2025-06-12 17:36:00,81.8
2025-06-12 07:06:00,83.3
2025-06-12 00:27:00,32.3
2025-06-12 14:30:00,63.1
2025-06-12 08:26:00,63.0
2025-06-12 09:17:00,50.10362276498773
2025-06-12 02:26:00,16.6
2025-06-12 18:30:00,50.10362276498773
2025-06-12 05:51:00,50.10362276498773
2025-06-12 20:21:00,50.10362276498773
2025-06-12 08:58:00,19.8
2025-06-12 20:58:00,50.10362276498773
2025-06-12 06:04:00,50.10362276498773
2025-06-12 18:51:00,50.10362276498773
2025-06-12 10:56:00,50.10362276498773
2025-06-12 11:07:00,50.10362276498773
2025-06-12 22:52:00,50.10362276498773
2025-06-12 12:59:00,62.4
2025-06-12 16:14:00,48.6
2025-06-12 21:47:00,2.8
2025-06-12 20:39:00,11.8
2025-06-12 03:18:00,75.3
2025-06-12 22:35:00,50.10362276498773
2025-06-12 14:07:00,71.7
2025-06-12 17:37:00,53.0
2025-06-12 20:44:00,59.7
2025-06-12 02:26:00,86.1
2025-06-12 03:17:00,6.9
2025-06-12 08:00:00,20.0
2025-06-12 21:03:00,38.8
2025-06-12 05:50:00,5.5
2025-06-12 00:48:00,87.4
2025-06-12 04:35:00,10.9
2025-06-12 07:42:00,78.8
2025-06-12 12:27:00,84.5
2025-06-12 15:14:00,50.10362276498773
2025-06-12 06:49:00,43.3
2025-06-12 13:10:00,50.10362276498773
2025-06-12 14:39:00,45.7
2025-06-12 05:26:00,29.9
2025-06-12 02:52:00,78.2
2025-06-12 21:29:00,88.3
2025-06-12 07:33:00,50.10362276498773
2025-06-12 04:03:00,50.10362276498773
2025-06-12 19:18:00,6.1
2025-06-12 02:02:00,58.4
2025-06-12 19:21:00,49.5
2025-06-12 03:57:00,43.4
2025-06-12 10:35:00,47.9
2025-06-12 18:26:00,25.0
2025-06-12 01:18:00,54.9
2025-06-12 19:58:00,98.2
2025-06-12 07:52:00,37.4
2025-06-12 08:56:00,26.6
2025-06-12 11:06:00,37.0
2025-06-12 21:45:00,50.10362276498773
2025-06-12 07:31:00,50.0
2025-06-12 07:05:00,6.7
2025-06-12 20:07:00,45.7
2025-06-12 20:27:00,75.5
2025-06-12 08:02:00,31.2
2025-06-12 00:06:00,54.2
2025-06-12 15:34:00,50.10362276498773
2025-06-12 05:02:00,0.2
2025-06-12 20:19:00,19.6
2025-06-12 12:43:00,69.6
2025-06-12 00:17:00,53.9
2025-06-12 07:56:00,62.3
2025-06-12 23:54:00,37.5
2025-06-12 16:47:00,38.4
2025-06-12 16:43:00,5.8
2025-06-12 19:37:00,97.6
2025-06-12 22:47:00,17.8
2025-06-12 15:37:00,79.4
2025-06-12 06:07:00,98.4
2025-06-12 12:19:00,21.8
2025-06-12 16:51:00,43.8
2025-06-12 01:40:00,50.10362276498773
2025-06-12 01:33:00,83.7
2025-06-12 02:44:00,50.10362276498773
2025-06-12 14:07:00,63.1
2025-06-12 03:44:00,13.6
2025-06-12 13:43:00,71.0
2025-06-12 10:41:00,40.3
2025-06-12 06:08:00,22.3
2025-06-12 02:32:00,71.0
2025-06-12 00:20:00,76.6
2025-06-12 19:54:00,50.10362276498773
2025-06-12 18:40:00,50.10362276498773
2025-06-12 04:40:00,56.4
2025-06-12 20:42:00,59.9
2025-06-12 05:07:00,37.6
2025-06-12 10:52:00,63.4
2025-06-12 12:57:00,50.10362276498773
2025-06-12 04:51:00,50.10362276498773
2025-06-12 17:58:00,3.7
2025-06-12 07:45:00,44.0
2025-06-12 02:23:00,58.1
2025-06-12 20:33:00,92.4
2025-06-12 00:00:00,61.6
2025-06-12 08:28:00,73.2
2025-06-12 00:06:00,84.6
2025-06-12 00:35:00,44.3
2025-06-12 13:15:00,10.9
2025-06-12 08:42:00,63.0
2025-06-12 06:30:00,24.1
2025-06-12 18:56:00,71.5
2025-06-12 19:18:00,34.6
2025-06-12 16:20:00,83.4
2025-06-12 12:08:00,32.7
2025-06-12 08:11:00,35.3
2025-06-12 07:00:00,72.6
2025-06-12 01:54:00,23.2
2025-06-12 09:28:00,50.10362276498773
2025-06-12 21:30:00,37.1
2025-06-12 08:43:00,40.0
2025-06-12 15:11:00,42.3
2025-06-12 08:18:00,72.3
2025-06-12 14:25:00,27.3
2025-06-12 23:57:00,44.0
2025-06-12 20:40:00,97.4
2025-06-12 22:51:00,50.10362276498773
2025-06-12 13:31:00,6.6
2025-06-12 20:22:00,69.3
2025-06-12 04:02:00,12.0
2025-06-12 18:08:00,84.7
2025-06-12 10:15:00,51.1
2025-06-12 17:35:00,46.9
2025-06-12 19:34:00,86.0
2025-06-12 16:26:00,51.4
2025-06-12 19:18:00,37.2
2025-06-12 15:02:00,27.2
2025-06-12 21:49:00,63.0
2025-06-12 17:53:00,73.1
2025-06-12 11:32:00,35.1
2025-06-12 18:24:00,99.2
2025-06-12 11:18:00,62.2
2025-06-12 23:22:00,20.1
2025-06-12 09:59:00,85.5
2025-06-12 13:11:00,56.7
2025-06-12 19:06:00,34.8
2025-06-12 05:47:00,79.3
2025-06-12 12:03:00,50.10362276498773
2025-06-12 07:57:00,77.8
2025-06-12 15:21:00,60.9
2025-06-12 15:44:00,98.8
2025-06-12 12:18:00,97.0
2025-06-12 19:51:00,13.3
2025-06-12 17:10:00,13.0
2025-06-12 20:13:00,50.10362276498773
2025-06-12 20:58:00,81.3
2025-06-12 01:40:00,43.4
2025-06-12 05:45:00,52.8
2025-06-12 18:29:00,5.9
2025-06-12 05:04:00,43.8
2025-06-12 21:53:00,82.1
2025-06-12 18:14:00,34.6
2025-06-12 13:08:00,78.8
2025-06-12 13:30:00,2.1
2025-06-12 04:11:00,56.6
2025-06-12 06:38:00,93.4
2025-06-12 23:20:00,83.0
2025-06-12 06:22:00,53.3
2025-06-12 03:33:00,40.5
2025-06-12 02:31:00,50.12327810650887
2025-06-12 22:41:00,63.5
2025-06-12 09:16:00,74.3
2025-06-12 02:38:00,4.2
2025-06-12 08:38:00,17.2
2025-06-12 07:23:00,88.7
2025-06-12 10:31:00,75.1
2025-06-12 10:12:00,50.12327810650887
2025-06-12 12:55:00,83.4
2025-06-12 21:52:00,22.0
2025-06-12 03:22:00,50.12327810650887
2025-06-12 17:11:00,50.12327810650887
2025-06-12 19:56:00,50.3
2025-06-12 17:52:00,16.1
2025-06-12 23:05:00,40.7
2025-06-12 18:55:00,15.5
2025-06-12 00:30:00,2.1
2025-06-12 05:47:00,8.5
2025-06-12 08:37:00,13.1
2025-06-12 23:05:00,3.7
2025-06-12 16:31:00,72.8
2025-06-12 21:59:00,49.3
2025-06-12 13:27:00,50.12327810650887
2025-06-12 03:30:00,14.2
2025-06-12 17:02:00,88.0
2025-06-12 17:47:00,50.12327810650887
2025-06-12 05:17:00,34.3
2025-06-12 05:28:00,69.6
2025-06-12 03:47:00,9.1
2025-06-12 02:18:00,32.8
2025-06-12 14:43:00,50.12327810650887
2025-06-12 23:00:00,17.0
2025-06-12 09:10:00,92.7
2025-06-12 03:32:00,12.8
2025-06-12 07:55:00,52.9
2025-06-12 12:20:00,1.7
2025-06-12 20:37:00,39.1
2025-06-12 05:24:00,27.9
2025-06-12 03:53:00,50.12327810650887
2025-06-12 20:08:00,10.6
2025-06-12 12:31:00,71.9
2025-06-12 18:57:00,9.3
2025-06-12 21:50:00,34.5
2025-06-12 08:14:00,14.6
2025-06-12 08:05:00,67.4
2025-06-12 04:52:00,50.12327810650887
2025-06-12 04:41:00,45.5
2025-06-12 17:08:00,21.4
2025-06-12 11:31:00,90.3
2025-06-12 02:24:00,50.12327810650887
2025-06-12 01:38:00,69.7
2025-06-12 01:12:00,71.4
2025-06-12 18:18:00,5.3
2025-06-12 16:32:00,66.4
2025-06-12 12:39:00,64.2
2025-06-12 23:52:00,37.7
2025-06-12 13:32:00,2.9
2025-06-12 08:57:00,9.2
2025-06-12 23:25:00,56.7
2025-06-12 11:47:00,50.12327810650887
2025-06-12 04:39:00,67.4
2025-06-12 02:43:00,35.2
2025-06-12 17:29:00,36.9
2025-06-12 21:14:00,91.1
2025-06-12 17:32:00,55.3
2025-06-12 23:46:00,16.7
2025-06-12 21:58:00,2.3
2025-06-12 15:18:00,41.1
2025-06-12 08:00:00,48.2
2025-06-12 22:42:00,8.3
2025-06-12 05:22:00,97.5
2025-06-12 14:08:00,50.8
2025-06-12 01:41:00,51.7
2025-06-12 01:48:00,3.5
2025-06-12 06:41:00,50.12327810650887
2025-06-12 15:47:00,77.0
2025-06-12 16:57:00,98.4
2025-06-12 13:25:00,86.3
2025-06-12 10:55:00,84.2
2025-06-12 14:53:00,61.8
2025-06-12 16:26:00,76.6
2025-06-12 06:08:00,38.0
2025-06-12 17:21:00,91.4
2025-06-12 19:24:00,82.5
2025-06-12 02:46:00,24.1
2025-06-12 03:22:00,13.1
2025-06-12 06:13:00,83.9
2025-06-12 18:14:00,1.6
2025-06-12 04:43:00,35.8
2025-06-12 00:13:00,0.1
2025-06-12 11:36:00,93.5
2025-06-12 11:10:00,52.8
2025-06-12 15:30:00,92.0
2025-06-12 18:21:00,55.2
2025-06-12 05:13:00,54.7
2025-06-12 09:52:00,7.2
2025-06-12 18:34:00,99.1
2025-06-12 10:22:00,89.0
2025-06-12 15:36:00,1.4
2025-06-12 11:55:00,52.8
2025-06-12 11:50:00,64.0
2025-06-12 08:07:00,89.1
2025-06-12 03:35:00,70.7
2025-06-12 04:37:00,90.6
2025-06-12 14:13:00,89.7
2025-06-12 16:14:00,65.4
2025-06-12 03:59:00,50.12327810650887
2025-06-12 09:47:00,10.7
2025-06-12 19:15:00,34.9
2025-06-12 14:25:00,3.0
2025-06-12 02:11:00,49.2
2025-06-12 14:26:00,81.6
2025-06-12 02:37:00,58.5
2025-06-12 10:53:00,16.8
2025-06-12 06:10:00,50.12327810650887
2025-06-12 02:28:00,32.4
2025-06-12 02:29:00,30.1
2025-06-12 08:56:00,0.4
2025-06-12 14:45:00,88.5
2025-06-12 20:03:00,39.6
2025-06-12 10:42:00,93.4
2025-06-12 21:30:00,98.5
2025-06-12 13:45:00,53.9
2025-06-12 21:33:00,69.1
2025-06-12 01:07:00,66.8
2025-06-12 09:34:00,95.9
2025-06-12 22:08:00,7.5
2025-06-12 07:29:00,71.8
2025-06-12 03:41:00,90.0
2025-06-12 11:44:00,11.8
2025-06-12 01:31:00,50.12327810650887
2025-06-12 15:58:00,85.5
2025-06-12 14:38:00,59.9
2025-06-12 16:13:00,24.6
2025-06-12 10:18:00,50.12327810650887
2025-06-12 00:25:00,68.6
2025-06-12 15:52:00,68.0
2025-06-12 04:00:00,38.4
2025-06-12 05:28:00,38.8
2025-06-12 04:16:00,69.8
2025-06-12 10:46:00,81.6
2025-06-12 15:09:00,50.12327810650887
2025-06-12 03:30:00,16.8
2025-06-12 14:15:00,13.1
2025-06-12 08:52:00,34.6
2025-06-12 07:46:00,50.12327810650887
2025-06-12 05:38:00,72.8
2025-06-12 00:37:00,76.0
2025-06-12 17:39:00,85.7
2025-06-12 14:24:00,50.12327810650887
2025-06-12 08:14:00,14.8
2025-06-12 10:23:00,95.0
2025-06-12 01:28:00,0.3
2025-06-12 05:22:00,77.2
2025-06-12 00:12:00,88.3
2025-06-12 09:31:00,3.6
2025-06-12 06:30:00,16.9
2025-06-12 23:58:00,4.5
2025-06-12 12:39:00,50.12327810650887
2025-06-12 05:33:00,25.9
2025-06-12 15:25:00,77.5
2025-06-12 00:51:00,1.5
2025-06-12 12:56:00,76.2
2025-06-12 17:48:00,70.0
2025-06-12 12:48:00,50.12327810650887
2025-06-12 21:42:00,75.2
2025-06-12 16:04:00,9.8
2025-06-12 14:20:00,35.0
2025-06-12 13:06:00,21.8
2025-06-12 22:49:00,71.8
2025-06-12 10:23:00,32.5
2025-06-12 03:28:00,50.3
2025-06-12 05:42:00,50.12327810650887
2025-06-12 23:53:00,48.4
2025-06-12 10:18:00,50.12327810650887
2025-06-12 01:20:00,84.7
2025-06-12 10:16:00,67.4
2025-06-12 04:38:00,71.8
2025-06-12 17:14:00,42.8
2025-06-12 03:46:00,49.3
2025-06-12 13:38:00,36.0
2025-06-12 02:02:00,31.8
2025-06-12 21:15:00,90.3
2025-06-12 14:01:00,98.3
2025-06-12 05:50:00,96.7
2025-06-12 10:49:00,60.1
2025-06-12 22:12:00,30.8
2025-06-12 09:08:00,22.8
2025-06-12 10:01:00,48.0
2025-06-12 23:49:00,29.7
2025-06-12 11:18:00,92.8
2025-06-12 04:23:00,20.4
2025-06-12 22:45:00,50.12327810650887
2025-06-12 00:31:00,28.8
2025-06-12 21:44:00,30.6
2025-06-12 21:57:00,0.5
2025-06-12 00:35:00,43.2
2025-06-12 12:13:00,74.4
2025-06-12 21:37:00,88.7
2025-06-12 22:26:00,3.7
2025-06-12 22:22:00,48.1
2025-06-12 06:04:00,53.1
2025-06-12 21:51:00,43.5
2025-06-12 03:18:00,9.2
2025-06-12 20:24:00,50.12327810650887
2025-06-12 15:34:00,57.7
2025-06-12 20:00:00,69.9
2025-06-12 11:45:00,98.1
2025-06-12 10:30:00,73.2
2025-06-12 03:09:00,88.9
2025-06-12 01:17:00,50.12327810650887
2025-06-12 18:46:00,37.2
2025-06-12 01:08:00,33.1
2025-06-12 01:56:00,2.8
2025-06-12 01:07:00,52.1
2025-06-12 19:17:00,28.3
2025-06-12 10:20:00,95.1
2025-06-12 05:20:00,30.2
2025-06-12 14:17:00,50.12327810650887
2025-06-12 18:14:00,96.1
2025-06-12 14:52:00,50.12327810650887
2025-06-12 07:22:00,89.9
2025-06-12 22:39:00,39.7
2025-06-12 02:49:00,98.4
2025-06-12 10:25:00,8.1
2025-06-12 11:17:00,5.3
2025-06-12 10:54:00,63.8
2025-06-12 22:17:00,91.1
2025-06-12 07:01:00,80.8
2025-06-12 15:27:00,8.4
2025-06-12 22:43:00,11.0
2025-06-12 00:36:00,67.5
2025-06-12 14:42:00,68.6
2025-06-12 04:29:00,32.2
2025-06-12 23:03:00,91.8
2025-06-12 01:50:00,95.2
2025-06-12 09:50:00,54.0
2025-06-12 06:56:00,66.5
2025-06-12 02:54:00,50.12327810650887
2025-06-12 16:30:00,36.8
2025-06-12 05:42:00,90.3
2025-06-12 01:52:00,77.6
2025-06-12 17:55:00,70.9
2025-06-12 12:16:00,93.5
2025-06-12 22:01:00,77.7
2025-06-12 09:35:00,35.1
2025-06-12 19:12:00,57.1
2025-06-12 10:56:00,11.4
2025-06-12 02:44:00,41.8
2025-06-12 23:34:00,59.9
2025-06-12 23:14:00,34.5
2025-06-12 10:03:00,53.4
2025-06-12 04:29:00,19.7
2025-06-12 03:51:00,50.12327810650887
2025-06-12 13:35:00,16.3
2025-06-12 21:05:00,68.2
2025-06-12 20:30:00,29.3
2025-06-12 18:19:00,94.7
2025-06-12 23:08:00,80.9
2025-06-12 09:00:00,68.0
2025-06-12 01:50:00,50.12327810650887
2025-06-12 17:54:00,72.2
2025-06-12 02:54:00,15.7
2025-06-12 13:33:00,10.1
2025-06-12 09:23:00,39.1
2025-06-12 03:03:00,6.6
2025-06-12 17:21:00,52.9
2025-06-12 09:59:00,10.9
2025-06-12 14:17:00,85.9
2025-06-12 11:56:00,86.8
2025-06-12 10:51:00,4.0
2025-06-12 07:30:00,45.5
2025-06-12 16:41:00,50.12327810650887
2025-06-12 03:30:00,43.1
2025-06-12 12:13:00,50.12327810650887
2025-06-12 23:35:00,50.12327810650887
2025-06-12 12:36:00,46.1
2025-06-12 09:46:00,95.1
2025-06-12 00:01:00,63.7
2025-06-12 14:24:00,48.1
2025-06-12 07:18:00,54.9
2025-06-12 15:28:00,0.3
2025-06-12 21:55:00,91.9
2025-06-12 17:06:00,50.12327810650887
2025-06-12 02:37:00,71.7
2025-06-12 10:54:00,7.9
2025-06-12 20:34:00,50.12327810650887
2025-06-12 09:53:00,29.9
2025-06-12 10:00:00,90.4
2025-06-12 01:20:00,44.3
2025-06-12 07:00:00,77.9
2025-06-12 22:51:00,66.0
2025-06-12 22:16:00,75.6
2025-06-12 23:33:00,20.5
2025-06-12 21:16:00,10.2
2025-06-12 15:39:00,50.12327810650887
2025-06-12 22:25:00,0.3
2025-06-12 20:17:00,66.1
2025-06-12 09:12:00,18.0
2025-06-12 15:40:00,77.4
2025-06-12 19:34:00,77.9
2025-06-12 14:48:00,49.63956792297757
2025-06-12 02:38:00,14.1
2025-06-12 14:09:00,66.0
2025-06-12 18:30:00,71.3
2025-06-12 23:29:00,32.2
2025-06-12 00:30:00,34.7
2025-06-12 05:00:00,12.8
2025-06-12 22:37:00,97.1
2025-06-12 02:54:00,20.1
2025-06-12 14:39:00,45.8
2025-06-12 22:48:00,73.1
2025-06-12 14:55:00,89.2
2025-06-12 08:28:00,81.3
2025-06-12 23:11:00,90.3
2025-06-12 07:51:00,10.3
2025-06-12 23:50:00,61.3
2025-06-12 18:19:00,22.0
2025-06-12 22:33:00,41.9
2025-06-12 02:45:00,31.2
2025-06-12 17:50:00,24.2
2025-06-12 10:55:00,9.0
2025-06-12 20:55:00,49.63956792297757
2025-06-12 08:13:00,98.4
2025-06-12 04:33:00,97.1
2025-06-12 05:29:00,2.7
2025-06-12 14:42:00,17.3
2025-06-12 18:43:00,10.2
2025-06-12 13:52:00,66.7
2025-06-12 04:35:00,12.4
2025-06-12 21:28:00,49.0
2025-06-12 03:08:00,95.1
2025-06-12 20:35:00,16.4
2025-06-12 07:42:00,19.5
2025-06-12 21:52:00,29.6
2025-06-12 15:26:00,89.1
2025-06-12 03:33:00,83.5
2025-06-12 20:56:00,13.0
2025-06-12 23:45:00,43.3
2025-06-12 05:41:00,50.5
2025-06-12 16:48:00,8.7
2025-06-12 07:16:00,5.6
2025-06-12 14:39:00,96.2
2025-06-12 14:48:00,31.4
2025-06-12 16:55:00,45.8
2025-06-12 17:52:00,46.8
2025-06-12 10:57:00,49.63956792297757
2025-06-12 10:38:00,76.6
2025-06-12 13:52:00,94.4
2025-06-12 17:34:00,63.9
2025-06-12 05:05:00,41.3
2025-06-12 01:42:00,73.8
2025-06-12 00:27:00,84.8
2025-06-12 08:16:00,58.9
2025-06-12 09:11:00,2.1
2025-06-12 02:39:00,19.8
2025-06-12 13:27:00,49.63956792297757
2025-06-12 02:56:00,37.0
2025-06-12 16:14:00,0.7
2025-06-12 00:45:00,20.9
2025-06-12 17:19:00,88.9
2025-06-12 15:19:00,52.3
2025-06-12 05:39:00,55.9
2025-06-12 08:33:00,3.0
2025-06-12 09:00:00,3.1
2025-06-12 19:38:00,16.8
2025-06-12 05:30:00,83.9
2025-06-12 03:43:00,80.3
2025-06-12 07:41:00,47.5
2025-06-12 15:13:00,42.4
2025-06-12 07:25:00,97.6
2025-06-12 00:25:00,12.8
2025-06-12 03:47:00,62.8
2025-06-12 14:51:00,4.5
2025-06-12 13:53:00,27.1
2025-06-12 07:16:00,89.5
2025-06-12 14:27:00,49.9
2025-06-12 04:58:00,40.2
2025-06-12 20:31:00,47.1
2025-06-12 22:55:00,77.6
2025-06-12 00:21:00,46.6
2025-06-12 13:29:00,80.4
2025-06-12 05:46:00,49.63956792297757
2025-06-12 00:26:00,49.63956792297757
2025-06-12 11:02:00,9.6
2025-06-12 01:42:00,49.63956792297757
2025-06-12 07:15:00,77.0
2025-06-12 21:00:00,70.2
2025-06-12 08:56:00,13.0
2025-06-12 22:24:00,14.3
2025-06-12 13:43:00,82.0
2025-06-12 17:20:00,38.0
2025-06-12 06:12:00,54.0
2025-06-12 23:09:00,34.0
2025-06-12 17:09:00,50.1
2025-06-12 22:42:00,49.63956792297757
2025-06-12 10:31:00,76.7
2025-06-12 13:37:00,24.9
2025-06-12 21:24:00,40.6
2025-06-12 20:55:00,22.3
2025-06-12 02:13:00,44.3
2025-06-12 18:20:00,3.8
2025-06-12 23:15:00,27.6
2025-06-12 01:46:00,22.8
2025-06-12 13:01:00,49.63956792297757
2025-06-12 12:10:00,72.4
2025-06-12 12:43:00,97.4
2025-06-12 14:23:00,24.5
2025-06-12 03:22:00,93.3
2025-06-12 14:56:00,58.0
2025-06-12 16:15:00,98.0
2025-06-12 13:45:00,38.7
2025-06-12 10:54:00,28.1
2025-06-12 01:52:00,98.0
2025-06-12 16:55:00,0.8
2025-06-12 14:11:00,99.7
2025-06-12 03:21:00,37.0
2025-06-12 15:21:00,75.2
2025-06-12 13:01:00,71.6
2025-06-12 09:29:00,38.8
2025-06-12 06:29:00,94.6
2025-06-12 00:04:00,23.1
2025-06-12 21:31:00,18.9
2025-06-12 19:52:00,9.6
2025-06-12 15:08:00,56.0
2025-06-12 02:43:00,8.3
2025-06-12 11:35:00,22.0
2025-06-12 22:05:00,26.0
2025-06-12 13:09:00,49.63956792297757
2025-06-12 04:06:00,62.5
2025-06-12 11:31:00,49.63956792297757
2025-06-12 02:56:00,22.8
2025-06-12 09:02:00,95.4
2025-06-12 15:13:00,71.7
2025-06-12 16:53:00,49.63956792297757
2025-06-12 05:00:00,36.5
2025-06-12 00:43:00,49.63956792297757
2025-06-12 14:42:00,65.4
2025-06-12 14:56:00,8.9
2025-06-12 01:50:00,49.63956792297757
2025-06-12 05:54:00,22.2
2025-06-12 13:45:00,14.3
2025-06-12 16:42:00,80.2
2025-06-12 16:33:00,22.3
2025-06-12 17:23:00,19.5
2025-06-12 10:44:00,62.0
2025-06-12 01:26:00,2.0
2025-06-12 02:27:00,69.1
2025-06-12 12:02:00,49.63956792297757
2025-06-12 18:59:00,43.5
2025-06-12 21:27:00,32.8
2025-06-12 13:38:00,19.9
2025-06-12 18:51:00,53.2
2025-06-12 05:51:00,19.3
2025-06-12 01:08:00,25.3
2025-06-12 21:02:00,97.9
2025-06-12 02:24:00,45.0
2025-06-12 08:28:00,49.63956792297757
2025-06-12 11:26:00,0.5
2025-06-12 18:08:00,69.0
2025-06-12 22:48:00,89.2
2025-06-12 13:52:00,74.1
2025-06-12 17:15:00,49.63956792297757
2025-06-12 06:58:00,5.4
2025-06-12 10:22:00,68.0
2025-06-12 14:44:00,79.3
2025-06-12 20:36:00,43.4
2025-06-12 22:36:00,49.63956792297757
2025-06-12 12:38:00,21.2
2025-06-12 16:27:00,12.8
2025-06-12 07:36:00,55.5
2025-06-12 23:59:00,49.63956792297757
2025-06-12 11:39:00,28.2
2025-06-12 11:13:00,66.7
2025-06-12 15:40:00,90.6
2025-06-12 06:16:00,81.5
2025-06-12 14:58:00,19.5
2025-06-12 20:51:00,71.3
2025-06-12 08:34:00,29.5
2025-06-12 05:50:00,21.0
2025-06-12 10:59:00,54.6
2025-06-12 18:05:00,13.7
2025-06-12 07:36:00,45.5
2025-06-12 13:00:00,83.5
2025-06-12 20:17:00,6.1
2025-06-12 19:45:00,61.4
2025-06-12 07:56:00,41.7
2025-06-12 04:45:00,19.3
2025-06-12 16:12:00,92.4
2025-06-12 23:01:00,49.63956792297757
2025-06-12 12:09:00,60.3
2025-06-12 10:24:00,96.8
2025-06-12 19:37:00,92.7
2025-06-12 19:00:00,93.5
2025-06-12 15:06:00,17.0
2025-06-12 11:47:00,82.3
2025-06-12 12:24:00,41.9
2025-06-12 10:04:00,0.0
2025-06-12 23:55:00,49.63956792297757
2025-06-12 05:18:00,57.3
2025-06-12 09:15:00,58.6
2025-06-12 04:04:00,5.5
2025-06-12 13:25:00,58.8
2025-06-12 20:36:00,23.5
2025-06-12 01:03:00,49.63956792297757
2025-06-12 09:15:00,8.9
2025-06-12 11:23:00,49.63956792297757
2025-06-12 06:53:00,91.7
2025-06-12 02:37:00,38.2
2025-06-12 05:55:00,85.2
2025-06-12 23:00:00,0.5
2025-06-12 00:33:00,86.6
2025-06-12 04:12:00,16.8
2025-06-12 15:00:00,7.9
2025-06-12 15:52:00,95.8
2025-06-12 09:24:00,97.0
2025-06-12 21:36:00,76.1
2025-06-12 03:52:00,24.6
2025-06-12 01:01:00,81.5
2025-06-12 15:45:00,79.9
2025-06-12 06:18:00,49.63956792297757
2025-06-12 13:51:00,80.3
2025-06-12 06:22:00,77.1
2025-06-12 21:39:00,49.63956792297757
2025-06-12 08:17:00,48.0
2025-06-12 07:02:00,1.2
2025-06-12 06:13:00,58.2
2025-06-12 23:29:00,41.6
2025-06-12 16:30:00,4.6
2025-06-12 04:54:00,34.3
2025-06-12 04:48:00,38.2
2025-06-12 04:31:00,98.6
2025-06-12 15:12:00,49.63956792297757
2025-06-12 17:45:00,73.9
2025-06-12 15:52:00,42.6
2025-06-12 08:14:00,15.6
2025-06-12 22:09:00,49.63956792297757
2025-06-12 15:36:00,97.2
2025-06-12 22:23:00,55.2
2025-06-12 09:37:00,28.7
2025-06-12 19:30:00,49.63956792297757
2025-06-12 18:07:00,91.4
2025-06-12 18:58:00,49.63956792297757
2025-06-12 04:00:00,4.7
2025-06-12 22:23:00,49.63956792297757
2025-06-12 02:33:00,16.2
2025-06-12 10:32:00,70.1
2025-06-12 11:14:00,19.5
2025-06-12 23:28:00,87.8
2025-06-12 08:44:00,57.6
2025-06-12 03:56:00,1.6
2025-06-12 09:48:00,69.5
2025-06-12 01:52:00,51.5
2025-06-12 20:28:00,54.6
2025-06-12 01:04:00,82.9
2025-06-12 20:16:00,30.8
2025-06-12 14:53:00,37.4
2025-06-12 16:07:00,78.6
2025-06-12 01:30:00,77.0
2025-06-12 06:41:00,30.7
2025-06-12 18:55:00,18.2
2025-06-12 18:41:00,8.1
2025-06-12 21:28:00,44.1
2025-06-12 02:39:00,49.63956792297757
2025-06-12 05:34:00,65.6
2025-06-12 07:02:00,99.5
2025-06-12 11:11:00,49.63956792297757
2025-06-12 20:44:00,3.7
2025-06-12 01:51:00,49.63956792297757
2025-06-12 06:29:00,49.63956792297757
2025-06-12 05:16:00,69.0
2025-06-12 13:26:00,3.1
2025-06-12 08:43:00,49.63956792297757
2025-06-12 21:05:00,49.63956792297757
2025-06-12 21:47:00,88.0
2025-06-12 19:23:00,5.6
2025-06-12 07:08:00,84.1
2025-06-12 00:12:00,63.7
2025-06-12 07:07:00,93.5
2025-06-12 09:01:00,15.4
2025-06-12 06:18:00,30.0
2025-06-12 18:17:00,23.6
2025-06-12 03:42:00,56.3
2025-06-12 03:28:00,79.3
2025-06-12 01:59:00,59.0
2025-06-12 03:42:00,38.7
2025-06-12 05:07:00,60.9
2025-06-12 15:51:00,15.4
2025-06-12 15:49:00,48.2
2025-06-12 13:59:00,31.4
2025-06-12 08:56:00,28.7
2025-06-12 13:55:00,52.2
2025-06-12 18:33:00,56.8
2025-06-12 03:40:00,49.63956792297757
2025-06-12 12:14:00,3.0
2025-06-12 22:24:00,40.1
2025-06-12 10:25:00,39.9
2025-06-12 00:23:00,19.8
2025-06-12 23:17:00,10.7
2025-06-12 09:19:00,73.4
2025-06-12 11:49:00,37.6
2025-06-12 12:59:00,49.63956792297757
2025-06-12 23:38:00,57.8
2025-06-12 21:08:00,28.9
2025-06-12 02:59:00,41.3
2025-06-12 03:45:00,64.6
2025-06-12 13:40:00,64.7
2025-06-12 14:37:00,49.8
2025-06-12 12:51:00,88.4
2025-06-12 05:06:00,50.29152382078261
2025-06-12 02:47:00,51.4
2025-06-12 01:20:00,72.9
2025-06-12 16:46:00,82.7
2025-06-12 01:35:00,64.0
2025-06-12 19:38:00,87.2
2025-06-12 15:48:00,20.2
2025-06-12 07:19:00,10.7
2025-06-12 04:11:00,48.2
2025-06-12 19:32:00,66.4
2025-06-12 02:06:00,39.6
2025-06-12 00:33:00,79.9
2025-06-12 02:02:00,55.0
2025-06-12 00:52:00,48.3
2025-06-12 18:01:00,94.8
2025-06-12 18:20:00,77.7
2025-06-12 18:21:00,85.6
2025-06-12 14:34:00,91.0
2025-06-12 11:50:00,5.7
2025-06-12 18:39:00,82.6
2025-06-12 16:56:00,40.7
2025-06-12 03:37:00,10.4
2025-06-12 02:51:00,50.29152382078261
2025-06-12 22:32:00,20.9
2025-06-12 14:19:00,89.8
2025-06-12 11:20:00,80.3
2025-06-12 21:11:00,87.0
2025-06-12 01:51:00,6.7
2025-06-12 20:13:00,8.0
2025-06-12 17:49:00,98.1
2025-06-12 05:40:00,39.4
2025-06-12 13:16:00,73.4
2025-06-12 02:35:00,29.0
2025-06-12 01:49:00,65.9
2025-06-12 14:17:00,50.29152382078261
2025-06-12 00:12:00,59.6
2025-06-12 22:13:00,30.1
2025-06-12 14:48:00,64.7
2025-06-12 18:16:00,34.5
2025-06-12 03:51:00,32.9
2025-06-12 22:52:00,43.6
2025-06-12 18:20:00,50.29152382078261
2025-06-12 19:24:00,46.9
2025-06-12 13:45:00,50.29152382078261
2025-06-12 17:43:00,91.9
2025-06-12 19:12:00,50.29152382078261
2025-06-12 06:11:00,35.1
2025-06-12 15:39:00,67.6
2025-06-12 09:47:00,3.9
2025-06-12 00:19:00,26.0
2025-06-12 13:53:00,65.3
2025-06-12 12:37:00,2.9
2025-06-12 04:21:00,90.0
2025-06-12 15:41:00,99.9
2025-06-12 10:32:00,24.0
2025-06-12 16:07:00,42.3
2025-06-12 23:58:00,15.5
2025-06-12 09:35:00,71.6
2025-06-12 13:46:00,59.7
2025-06-12 21:16:00,64.3
2025-06-12 16:53:00,69.2
2025-06-12 09:55:00,37.8
2025-06-12 20:33:00,22.8
2025-06-12 07:11:00,91.6
2025-06-12 01:43:00,62.1
2025-06-12 10:33:00,96.3
2025-06-12 10:26:00,0.7
2025-06-12 17:12:00,98.9
2025-06-12 15:00:00,91.2
2025-06-12 19:38:00,4.2
2025-06-12 15:11:00,79.6
2025-06-12 12:07:00,62.6
2025-06-12 20:24:00,86.9
2025-06-12 00:05:00,70.1
2025-06-12 22:07:00,50.29152382078261
2025-06-12 18:27:00,45.1
2025-06-12 09:26:00,50.29152382078261
2025-06-12 11:25:00,26.8
2025-06-12 01:33:00,83.2
2025-06-12 14:30:00,50.29152382078261
2025-06-12 07:27:00,61.6
2025-06-12 14:09:00,50.29152382078261
2025-06-12 06:38:00,50.29152382078261
2025-06-12 04:53:00,15.8
2025-06-12 05:09:00,70.7
2025-06-12 22:15:00,50.29152382078261
2025-06-12 10:20:00,9.0
2025-06-12 17:54:00,7.0
2025-06-12 03:42:00,43.6
2025-06-12 06:38:00,34.6
2025-06-12 09:45:00,9.8
2025-06-12 15:40:00,66.6
2025-06-12 02:52:00,50.29152382078261
2025-06-12 07:15:00,71.8
2025-06-12 07:50:00,50.29152382078261
2025-06-12 00:06:00,67.8
2025-06-12 02:23:00,31.5
2025-06-12 19:22:00,72.0
2025-06-12 16:27:00,30.0
2025-06-12 19:06:00,51.6
2025-06-12 15:30:00,98.3
2025-06-12 05:07:00,50.29152382078261
2025-06-12 03:41:00,21.7
2025-06-12 09:59:00,30.4
2025-06-12 04:39:00,50.29152382078261
2025-06-12 12:14:00,84.8
2025-06-12 06:11:00,9.0
2025-06-12 11:26:00,50.29152382078261
2025-06-12 13:08:00,74.7
2025-06-12 07:06:00,52.4
2025-06-12 06:00:00,41.8
2025-06-12 04:10:00,60.6
2025-06-12 03:28:00,30.9
2025-06-12 02:30:00,47.4
2025-06-12 18:09:00,23.2
2025-06-12 13:09:00,61.1
2025-06-12 07:57:00,42.7
2025-06-12 22:16:00,93.4
2025-06-12 00:40:00,14.4
2025-06-12 12:48:00,19.4
2025-06-12 20:02:00,93.7
2025-06-12 17:33:00,78.2
2025-06-12 04:05:00,44.3
2025-06-12 18:09:00,77.3
2025-06-12 12:25:00,64.6
2025-06-12 00:43:00,50.29152382078261
2025-06-12 21:13:00,27.4
2025-06-12 10:07:00,46.3
2025-06-12 21:07:00,45.4
2025-06-12 14:04:00,91.0
2025-06-12 18:17:00,50.29152382078261
2025-06-12 20:48:00,4.8
2025-06-12 18:19:00,37.9
2025-06-12 00:25:00,59.7
2025-06-12 19:22:00,50.29152382078261
2025-06-12 11:20:00,79.8
2025-06-12 08:55:00,50.0
2025-06-12 21:32:00,67.5
2025-06-12 09:17:00,50.29152382078261
2025-06-12 05:22:00,62.5
2025-06-12 09:37:00,19.6
2025-06-12 13:01:00,63.1
2025-06-12 21:10:00,10.2
2025-06-12 02:42:00,6.2
2025-06-12 07:18:00,50.29152382078261
2025-06-12 01:36:00,50.29152382078261
2025-06-12 02:11:00,47.3
2025-06-12 22:10:00,50.29152382078261
2025-06-12 19:37:00,52.0
2025-06-12 14:08:00,29.3
2025-06-12 01:47:00,10.3
2025-06-12 23:29:00,1.9
2025-06-12 23:58:00,23.4
2025-06-12 09:58:00,44.5
2025-06-12 09:09:00,50.29152382078261
2025-06-12 03:46:00,66.6
2025-06-12 23:04:00,65.9
2025-06-12 20:25:00,63.4
2025-06-12 17:31:00,20.8
2025-06-12 03:41:00,50.29152382078261
2025-06-12 17:03:00,47.2
2025-06-12 04:22:00,30.4
2025-06-12 10:39:00,34.8
2025-06-12 17:57:00,13.8
2025-06-12 01:27:00,50.29152382078261
2025-06-12 18:52:00,50.29152382078261
2025-06-12 02:07:00,25.9
2025-06-12 06:30:00,88.4
2025-06-12 01:38:00,99.3
2025-06-12 11:51:00,74.6
2025-06-12 21:36:00,32.3
2025-06-12 21:24:00,23.8
2025-06-12 02:59:00,65.2
2025-06-12 12:39:00,56.5
2025-06-12 10:22:00,3.0
2025-06-12 12:08:00,27.8
2025-06-12 12:07:00,34.6
2025-06-12 21:27:00,69.6
2025-06-12 11:47:00,50.29152382078261
2025-06-12 00:20:00,50.29152382078261
2025-06-12 12:32:00,38.9
2025-06-12 20:58:00,62.1
2025-06-12 00:56:00,89.8
2025-06-12 03:24:00,50.29152382078261
2025-06-12 02:54:00,62.2
2025-06-12 19:48:00,46.4
2025-06-12 04:34:00,50.29152382078261
2025-06-12 13:17:00,50.29152382078261
2025-06-12 02:04:00,65.7
2025-06-12 14:24:00,62.2
2025-06-12 23:09:00,2.7
2025-06-12 23:26:00,33.0
2025-06-12 19:33:00,67.2
2025-06-12 08:43:00,50.29152382078261
2025-06-12 13:14:00,21.7
2025-06-12 09:15:00,11.0
2025-06-12 12:22:00,52.4
2025-06-12 14:11:00,50.29152382078261
2025-06-12 13:30:00,49.8
2025-06-12 19:57:00,50.29152382078261
2025-06-12 22:42:00,1.5
2025-06-12 03:30:00,36.6
2025-06-12 10:31:00,32.9
2025-06-12 07:10:00,64.8
2025-06-12 13:59:00,48.9
2025-06-12 12:28:00,62.0
2025-06-12 22:26:00,50.29152382078261
2025-06-12 22:55:00,62.3
2025-06-12 05:50:00,25.3
2025-06-12 20:45:00,20.9
2025-06-12 09:20:00,29.9
2025-06-12 11:55:00,88.6
2025-06-12 04:33:00,46.7
2025-06-12 04:33:00,50.29152382078261
2025-06-12 09:57:00,35.1
2025-06-12 23:35:00,21.7
2025-06-12 10:06:00,74.0
2025-06-12 04:47:00,17.8
2025-06-12 10:05:00,76.4
2025-06-12 07:33:00,97.7
2025-06-12 08:14:00,50.29152382078261
2025-06-12 09:09:00,9.0
2025-06-12 05:27:00,32.1
2025-06-12 22:59:00,50.29152382078261
2025-06-12 12:23:00,2.7
2025-06-12 09:56:00,51.1
2025-06-12 03:20:00,28.3
2025-06-12 03:26:00,11.1
2025-06-12 05:04:00,50.29152382078261
2025-06-12 07:40:00,30.0
2025-06-12 22:33:00,24.9
2025-06-12 04:14:00,50.29152382078261
2025-06-12 00:12:00,36.1
2025-06-12 15:53:00,8.3
2025-06-12 03:01:00,53.3
2025-06-12 00:55:00,49.1
2025-06-12 03:44:00,65.0
2025-06-12 05:21:00,43.1
2025-06-12 10:14:00,44.6
2025-06-12 01:10:00,66.2
2025-06-12 23:01:00,29.3
2025-06-12 04:56:00,50.29152382078261
2025-06-12 02:30:00,50.29152382078261
2025-06-12 16:37:00,17.4
2025-06-12 03:10:00,8.7
2025-06-12 14:10:00,22.9
2025-06-12 23:59:00,74.8
2025-06-12 19:34:00,97.8
2025-06-12 12:50:00,77.7
2025-06-12 00:09:00,50.29152382078261
2025-06-12 22:33:00,23.1
2025-06-12 06:52:00,17.8
2025-06-12 09:52:00,7.7
2025-06-12 10:20:00,18.4
2025-06-12 05:57:00,90.4
2025-06-12 19:23:00,50.29152382078261
2025-06-12 17:22:00,22.3
2025-06-12 22:54:00,81.0
2025-06-12 01:56:00,78.5
2025-06-12 11:00:00,8.5
2025-06-12 17:05:00,17.1
2025-06-12 18:12:00,25.3
2025-06-12 11:49:00,80.4
2025-06-12 01:59:00,67.9
2025-06-12 18:33:00,50.29152382078261
2025-06-12 22:58:00,61.9
2025-06-12 00:09:00,50.29152382078261
2025-06-12 00:54:00,49.0
2025-06-12 17:37:00,33.7
2025-06-12 04:11:00,73.3
2025-06-12 21:59:00,45.4
2025-06-12 17:54:00,13.8
2025-06-12 23:47:00,45.9
2025-06-12 15:49:00,52.5
2025-06-12 07:20:00,50.29152382078261
2025-06-12 08:16:00,50.29152382078261
2025-06-12 18:04:00,99.4
2025-06-12 10:33:00,50.29152382078261
2025-06-12 14:55:00,50.29152382078261
2025-06-12 02:37:00,85.8
2025-06-12 18:30:00,35.0
2025-06-12 03:09:00,20.1
2025-06-12 15:34:00,10.2
2025-06-12 00:55:00,33.0
2025-06-12 02:03:00,72.3
2025-06-12 10:13:00,93.8
2025-06-12 00:02:00,50.29152382078261
2025-06-12 05:08:00,95.8
2025-06-12 11:13:00,63.1
2025-06-12 23:32:00,81.1
2025-06-12 12:41:00,48.0
2025-06-12 17:44:00,92.5
2025-06-12 06:12:00,15.9
2025-06-12 01:21:00,19.2
2025-06-12 15:56:00,52.1
2025-06-12 18:59:00,40.1
2025-06-12 07:16:00,62.5
2025-06-12 20:11:00,53.0
2025-06-12 01:34:00,99.9
2025-06-12 03:13:00,62.0
2025-06-12 12:16:00,60.3
2025-06-12 17:36:00,25.4
2025-06-12 09:10:00,90.2
2025-06-12 05:49:00,63.9
2025-06-12 07:11:00,67.2
2025-06-12 02:02:00,78.3
2025-06-12 07:54:00,1.9
2025-06-12 08:03:00,6.1
2025-06-12 20:00:00,50.29152382078261
2025-06-12 02:11:00,50.29152382078261
2025-06-12 23:32:00,32.2
2025-06-12 19:15:00,97.7
2025-06-12 07:14:00,73.5
2025-06-12 05:10:00,58.9
2025-06-12 14:07:00,19.0
2025-06-12 15:14:00,50.29152382078261
2025-06-12 18:55:00,81.3
2025-06-12 19:51:00,12.2
2025-06-12 06:04:00,50.15830883217688
2025-06-12 18:43:00,92.7
2025-06-12 14:58:00,2.2
2025-06-12 19:42:00,80.5
2025-06-12 12:01:00,45.4
2025-06-12 07:25:00,15.7
2025-06-12 02:08:00,51.5
2025-06-12 17:31:00,3.7
2025-06-12 07:43:00,27.7
2025-06-12 22:12:00,13.3
2025-06-12 06:26:00,97.1
2025-06-12 04:18:00,77.3
2025-06-12 12:13:00,36.1
2025-06-12 21:20:00,38.6
2025-06-12 04:30:00,50.15830883217688
2025-06-12 05:10:00,1.3
2025-06-12 12:22:00,14.3
2025-06-12 01:56:00,41.1
2025-06-12 08:52:00,16.9
2025-06-12 02:58:00,50.15830883217688
2025-06-12 05:36:00,39.3
2025-06-12 00:40:00,42.6
2025-06-12 02:13:00,78.1
2025-06-12 19:02:00,50.15830883217688
2025-06-12 23:22:00,50.15830883217688
2025-06-12 03:16:00,88.0
2025-06-12 14:13:00,13.0
2025-06-12 00:51:00,9.5
2025-06-12 09:50:00,77.8
2025-06-12 21:43:00,93.4
2025-06-12 08:48:00,50.15830883217688
2025-06-12 09:59:00,18.6
2025-06-12 05:32:00,41.0
2025-06-12 14:16:00,97.0
2025-06-12 05:45:00,50.15830883217688
2025-06-12 01:08:00,82.5
2025-06-12 11:18:00,92.6
2025-06-12 18:33:00,97.5
2025-06-12 09:54:00,50.15830883217688
2025-06-12 05:21:00,20.2
2025-06-12 14:33:00,81.9
2025-06-12 18:44:00,99.1
2025-06-12 07:07:00,89.1
2025-06-12 09:57:00,58.8
2025-06-12 23:27:00,50.15830883217688
2025-06-12 12:32:00,32.2
2025-06-12 03:36:00,61.3
2025-06-12 13:12:00,45.5
2025-06-12 06:25:00,50.15830883217688
2025-06-12 20:50:00,38.4
2025-06-12 20:45:00,50.15830883217688
2025-06-12 22:10:00,49.9
2025-06-12 22:16:00,30.9
2025-06-12 09:40:00,86.0
2025-06-12 02:31:00,64.6
2025-06-12 08:00:00,50.15830883217688
2025-06-12 19:12:00,46.1
2025-06-12 18:27:00,50.15830883217688
2025-06-12 08:03:00,80.5
2025-06-12 18:23:00,51.3
2025-06-12 18:15:00,75.9
2025-06-12 05:09:00,3.3
2025-06-12 17:39:00,38.9
2025-06-12 12:24:00,21.4
2025-06-12 03:51:00,50.15830883217688
2025-06-12 00:38:00,50.15830883217688
2025-06-12 07:13:00,14.9
2025-06-12 10:12:00,66.1
2025-06-12 03:16:00,50.15830883217688
2025-06-12 15:33:00,50.3
2025-06-12 07:22:00,47.0
2025-06-12 01:04:00,78.0
2025-06-12 02:07:00,20.1
2025-06-12 06:21:00,45.8
2025-06-12 04:07:00,3.9
2025-06-12 14:53:00,16.8
2025-06-12 23:39:00,74.7
2025-06-12 08:26:00,63.8
2025-06-12 02:42:00,59.2
2025-06-12 06:53:00,54.9
2025-06-12 16:42:00,72.1
2025-06-12 12:17:00,50.15830883217688
2025-06-12 19:01:00,37.4
2025-06-12 06:40:00,62.4
2025-06-12 07:42:00,12.0
2025-06-12 18:07:00,0.6
2025-06-12 16:51:00,90.6
2025-06-12 04:23:00,45.8
2025-06-12 04:04:00,99.9
2025-06-12 07:25:00,91.8
2025-06-12 22:59:00,97.5
2025-06-12 05:18:00,28.4
2025-06-12 17:12:00,61.7
2025-06-12 18:47:00,89.4
2025-06-12 18:51:00,93.9
2025-06-12 19:18:00,99.0
2025-06-12 05:48:00,71.1
2025-06-12 12:24:00,26.1
2025-06-12 06:16:00,50.15830883217688
2025-06-12 05:22:00,50.15830883217688
2025-06-12 05:54:00,37.3
2025-06-12 18:10:00,8.6
2025-06-12 12:33:00,6.2
2025-06-12 21:25:00,19.9
2025-06-12 10:57:00,50.15830883217688
2025-06-12 02:07:00,88.2
2025-06-12 22:20:00,44.5
2025-06-12 12:50:00,33.6
2025-06-12 00:11:00,47.2
2025-06-12 04:45:00,74.4
2025-06-12 13:55:00,4.5
2025-06-12 06:28:00,66.8
2025-06-12 03:10:00,10.3
2025-06-12 23:28:00,75.7
2025-06-12 04:58:00,59.4
2025-06-12 03:41:00,79.7
2025-06-12 21:08:00,58.0
2025-06-12 20:42:00,28.6
2025-06-12 21:04:00,50.15830883217688
2025-06-12 13:35:00,34.0
2025-06-12 04:10:00,55.2
2025-06-12 13:16:00,8.4
2025-06-12 12:24:00,33.1
2025-06-12 07:20:00,43.1
2025-06-12 18:06:00,66.5
2025-06-12 07:14:00,65.5
2025-06-12 13:47:00,28.7
2025-06-12 03:01:00,51.8
2025-06-12 21:50:00,7.9
2025-06-12 07:28:00,97.7
2025-06-12 07:00:00,15.9
2025-06-12 23:51:00,1.3
2025-06-12 06:45:00,8.0
2025-06-12 11:31:00,61.8
2025-06-12 06:28:00,0.7
2025-06-12 01:10:00,5.6
2025-06-12 05:42:00,6.1
2025-06-12 16:39:00,48.3
2025-06-12 21:58:00,30.6
2025-06-12 17:36:00,95.8
2025-06-12 09:30:00,36.7
2025-06-12 20:49:00,55.7
2025-06-12 09:32:00,50.15830883217688
2025-06-12 00:28:00,50.15830883217688
2025-06-12 10:29:00,24.6
2025-06-12 16:46:00,67.8
2025-06-12 07:16:00,50.15830883217688
2025-06-12 03:05:00,42.7
2025-06-12 16:08:00,90.8
2025-06-12 02:22:00,24.2
2025-06-12 00:13:00,56.2
2025-06-12 07:56:00,38.5
2025-06-12 22:50:00,85.0
2025-06-12 23:36:00,92.8
2025-06-12 01:35:00,32.3
2025-06-12 14:33:00,37.8
2025-06-12 18:47:00,1.9
2025-06-12 04:04:00,50.15830883217688
2025-06-12 09:29:00,84.9
2025-06-12 16:20:00,15.5
2025-06-12 11:39:00,46.7
2025-06-12 23:05:00,81.7
2025-06-12 10:48:00,50.15830883217688
2025-06-12 07:17:00,29.5
2025-06-12 23:36:00,32.1
2025-06-12 00:21:00,62.4
2025-06-12 17:18:00,79.7
2025-06-12 17:33:00,90.8
2025-06-12 10:14:00,3.2
2025-06-12 17:00:00,8.8
2025-06-12 07:46:00,74.6
2025-06-12 05:15:00,33.4
2025-06-12 15:08:00,60.7
2025-06-12 00:18:00,95.0
2025-06-12 13:11:00,49.3
2025-06-12 19:23:00,50.15830883217688
2025-06-12 17:28:00,44.9
2025-06-12 16:15:00,25.8
2025-06-12 06:55:00,96.6
2025-06-12 00:29:00,59.5
2025-06-12 21:32:00,50.15830883217688
2025-06-12 22:39:00,77.9
2025-06-12 01:32:00,83.5
2025-06-12 09:32:00,58.8
2025-06-12 15:16:00,97.0
2025-06-12 04:06:00,14.3
2025-06-12 20:56:00,86.7
2025-06-12 14:00:00,84.5
2025-06-12 08:39:00,58.1
2025-06-12 23:49:00,29.2
2025-06-12 07:24:00,92.2
2025-06-12 20:48:00,54.5
2025-06-12 17:05:00,98.8
2025-06-12 19:17:00,12.3
2025-06-12 20:18:00,50.15830883217688
2025-06-12 17:19:00,50.15830883217688
2025-06-12 18:36:00,22.0
2025-06-12 08:49:00,43.4
2025-06-12 18:45:00,48.1
2025-06-12 00:50:00,79.5
2025-06-12 10:23:00,41.1
2025-06-12 14:19:00,71.0
2025-06-12 07:20:00,26.6
2025-06-12 03:10:00,14.2
2025-06-12 01:18:00,55.1
2025-06-12 17:35:00,50.15830883217688
2025-06-12 19:56:00,57.2
2025-06-12 22:52:00,92.8
2025-06-12 06:42:00,84.5
2025-06-12 20:28:00,84.2
2025-06-12 08:03:00,50.15830883217688
2025-06-12 04:28:00,25.8
2025-06-12 12:24:00,57.9
2025-06-12 05:07:00,50.15830883217688
2025-06-12 20:28:00,19.0
2025-06-12 16:02:00,43.5
2025-06-12 10:32:00,74.3
2025-06-12 12:56:00,9.7
2025-06-12 11:11:00,2.9
2025-06-12 08:15:00,70.0
2025-06-12 06:13:00,50.15830883217688
2025-06-12 09:51:00,78.8
2025-06-12 19:55:00,59.5
2025-06-12 01:46:00,90.1
2025-06-12 01:44:00,46.2
2025-06-12 11:57:00,39.2
2025-06-12 23:29:00,6.6
2025-06-12 20:43:00,39.8
2025-06-12 03:06:00,50.15830883217688
2025-06-12 14:19:00,64.1
2025-06-12 12:59:00,8.4
2025-06-12 03:20:00,69.2
2025-06-12 01:04:00,4.9
2025-06-12 12:16:00,50.15830883217688
2025-06-12 05:28:00,86.4
2025-06-12 07:59:00,90.7
2025-06-12 22:28:00,64.9
2025-06-12 21:52:00,66.7
2025-06-12 21:08:00,12.5
2025-06-12 03:38:00,54.0
2025-06-12 21:10:00,1.3
2025-06-12 00:33:00,43.6
2025-06-12 19:31:00,59.0
2025-06-12 03:46:00,50.15830883217688
2025-06-12 22:47:00,48.5
2025-06-12 17:14:00,83.4
2025-06-12 08:18:00,61.7
2025-06-12 20:35:00,6.5
2025-06-12 06:18:00,80.5
2025-06-12 09:18:00,86.3
2025-06-12 09:05:00,37.2
2025-06-12 21:28:00,39.2
2025-06-12 13:57:00,40.0
2025-06-12 21:18:00,75.4
2025-06-12 19:02:00,50.15830883217688
2025-06-12 14:50:00,98.8
2025-06-12 17:03:00,56.9
2025-06-12 19:33:00,72.5
2025-06-12 01:06:00,37.6
2025-06-12 12:22:00,50.15830883217688
2025-06-12 04:56:00,50.15830883217688
2025-06-12 11:16:00,50.15830883217688
2025-06-12 22:05:00,30.0
2025-06-12 11:33:00,69.3
2025-06-12 03:34:00,32.8
2025-06-12 14:19:00,97.0
2025-06-12 17:14:00,57.8
2025-06-12 16:17:00,16.6
2025-06-12 13:31:00,50.15830883217688
2025-06-12 23:27:00,84.3
2025-06-12 05:44:00,12.8
2025-06-12 08:58:00,28.3
2025-06-12 16:39:00,65.6
2025-06-12 17:52:00,66.4
2025-06-12 10:57:00,62.7
2025-06-12 19:35:00,27.1
2025-06-12 04:14:00,97.5
2025-06-12 03:23:00,85.2
2025-06-12 19:03:00,4.7
2025-06-12 06:12:00,50.15830883217688
2025-06-12 07:09:00,81.9
2025-06-12 06:09:00,86.8
2025-06-12 01:30:00,17.4
2025-06-12 15:08:00,41.1
2025-06-12 15:42:00,50.15830883217688
2025-06-12 12:03:00,59.8
2025-06-12 11:43:00,50.15830883217688
2025-06-12 05:27:00,25.2
2025-06-12 10:03:00,70.5
2025-06-12 13:37:00,85.5
2025-06-12 08:55:00,97.2
2025-06-12 10:09:00,22.4
2025-06-12 20:35:00,50.15830883217688
2025-06-12 19:45:00,8.3
2025-06-12 11:07:00,50.15830883217688
2025-06-12 15:15:00,82.9
2025-06-12 17:36:00,50.15830883217688
2025-06-12 06:44:00,61.0
2025-06-12 15:32:00,75.3
2025-06-12 19:38:00,69.4
2025-06-12 03:17:00,42.9
2025-06-12 00:44:00,45.2
2025-06-12 13:54:00,50.15830883217688
2025-06-12 01:07:00,92.1
2025-06-12 09:04:00,83.2
2025-06-12 03:12:00,89.1
2025-06-12 06:05:00,40.7
2025-06-12 09:05:00,33.8
2025-06-12 19:19:00,68.8
2025-06-12 05:57:00,92.9
2025-06-12 06:46:00,50.15830883217688
2025-06-12 08:10:00,94.9
2025-06-12 08:36:00,81.2
2025-06-12 21:41:00,42.3
2025-06-12 23:53:00,46.9
2025-06-12 09:27:00,16.9
2025-06-12 19:13:00,52.2
2025-06-12 05:59:00,85.0
2025-06-12 07:21:00,29.6
2025-06-12 09:11:00,15.9
2025-06-12 20:36:00,12.8
2025-06-12 06:19:00,76.9
2025-06-12 00:42:00,63.4
2025-06-12 03:22:00,98.4
2025-06-12 14:02:00,32.1
2025-06-12 10:06:00,3.4
2025-06-12 04:28:00,96.6
2025-06-12 18:39:00,51.2
2025-06-12 13:06:00,36.5
2025-06-12 07:09:00,92.1
2025-06-12 21:22:00,61.6
2025-06-12 02:30:00,31.5
2025-06-12 10:44:00,68.5
2025-06-12 02:12:00,4.6
2025-06-12 13:43:00,50.5
2025-06-12 03:18:00,50.8
2025-06-12 08:57:00,75.9
2025-06-12 07:11:00,19.9
2025-06-12 22:45:00,20.9
2025-06-12 14:51:00,83.4
2025-06-12 13:17:00,50.05645730416373
2025-06-12 18:18:00,47.7
2025-06-12 10:43:00,52.3
2025-06-12 01:47:00,36.0
2025-06-12 10:14:00,62.1
2025-06-12 09:55:00,50.05645730416373
2025-06-12 07:00:00,40.3
2025-06-12 14:13:00,1.5
2025-06-12 11:30:00,25.3
2025-06-12 08:54:00,80.8
2025-06-12 17:34:00,80.2
2025-06-12 22:40:00,64.2
2025-06-12 06:13:00,88.4
2025-06-12 03:56:00,41.7
2025-06-12 02:16:00,17.3
2025-06-12 04:16:00,47.6
2025-06-12 21:14:00,7.9
2025-06-12 07:05:00,50.05645730416373
2025-06-12 01:50:00,41.1
2025-06-12 23:32:00,9.2
2025-06-12 11:52:00,28.0
2025-06-12 23:50:00,47.1
2025-06-12 22:40:00,48.2
2025-06-12 15:22:00,3.9
2025-06-12 16:00:00,87.0
2025-06-12 00:44:00,73.7
2025-06-12 16:10:00,72.3
2025-06-12 14:14:00,5.2
2025-06-12 19:45:00,55.2
2025-06-12 02:54:00,50.05645730416373
2025-06-12 22:42:00,81.9
2025-06-12 12:02:00,50.05645730416373
2025-06-12 18:55:00,50.05645730416373
2025-06-12 18:44:00,50.9
2025-06-12 02:50:00,25.6
2025-06-12 10:27:00,50.05645730416373
2025-06-12 10:45:00,58.5
2025-06-12 15:17:00,36.6
2025-06-12 08:28:00,17.8
2025-06-12 11:45:00,45.4
2025-06-12 03:12:00,42.9
2025-06-12 23:58:00,50.05645730416373
2025-06-12 22:56:00,64.3
2025-06-12 22:08:00,31.8
2025-06-12 20:29:00,50.05645730416373
2025-06-12 06:22:00,85.3
2025-06-12 00:47:00,37.4
2025-06-12 00:35:00,79.9
2025-06-12 14:30:00,47.9
2025-06-12 21:49:00,69.3
2025-06-12 20:49:00,50.05645730416373
2025-06-12 14:47:00,68.6
2025-06-12 23:07:00,17.7
2025-06-12 06:52:00,59.1
2025-06-12 19:24:00,75.8
2025-06-12 02:09:00,68.1
2025-06-12 12:27:00,58.4
2025-06-12 20:22:00,50.05645730416373
2025-06-12 06:17:00,50.05645730416373
2025-06-12 20:32:00,56.9
2025-06-12 17:01:00,85.7
2025-06-12 04:06:00,19.9
2025-06-12 12:23:00,41.1
2025-06-12 06:39:00,57.0
2025-06-12 03:51:00,44.6
2025-06-12 13:08:00,73.1
2025-06-12 04:37:00,90.5
2025-06-12 04:25:00,30.6
2025-06-12 11:03:00,26.9
2025-06-12 03:21:00,76.1
2025-06-12 22:24:00,69.7
2025-06-12 03:09:00,83.9
2025-06-12 22:20:00,30.9
2025-06-12 12:04:00,22.5
2025-06-12 22:15:00,28.7
2025-06-12 23:30:00,80.1
2025-06-12 22:01:00,93.3
2025-06-12 21:06:00,50.05645730416373
2025-06-12 01:33:00,17.5
2025-06-12 04:48:00,47.1
2025-06-12 19:34:00,99.7
2025-06-12 18:17:00,39.3
2025-06-12 11:25:00,24.8
2025-06-12 14:42:00,97.3
2025-06-12 03:11:00,39.1
2025-06-12 01:33:00,50.05645730416373
2025-06-12 16:29:00,50.05645730416373
2025-06-12 06:33:00,50.05645730416373
2025-06-12 06:13:00,11.8
2025-06-12 22:09:00,50.05645730416373
2025-06-12 18:16:00,94.8
2025-06-12 03:16:00,60.1
2025-06-12 16:36:00,31.6
2025-06-12 18:32:00,95.5
2025-06-12 17:30:00,60.3
2025-06-12 22:29:00,64.7
2025-06-12 09:17:00,25.1
2025-06-12 11:59:00,50.05645730416373
2025-06-12 16:00:00,69.1
2025-06-12 10:26:00,26.4
2025-06-12 16:40:00,76.3
2025-06-12 09:07:00,80.2
2025-06-12 12:06:00,19.2
2025-06-12 18:47:00,22.2
2025-06-12 11:11:00,43.6
2025-06-12 21:49:00,68.7
2025-06-12 04:07:00,73.9
2025-06-12 17:40:00,95.8
2025-06-12 08:37:00,93.6
2025-06-12 01:11:00,43.6
2025-06-12 21:34:00,60.1
2025-06-12 16:20:00,23.2
2025-06-12 12:52:00,5.3
2025-06-12 17:38:00,12.7
2025-06-12 14:44:00,49.5
2025-06-12 13:14:00,50.05645730416373
2025-06-12 08:16:00,86.4
2025-06-12 13:28:00,20.4
2025-06-12 05:41:00,13.8
2025-06-12 08:17:00,51.2
2025-06-12 03:20:00,72.6
2025-06-12 14:57:00,50.05645730416373
2025-06-12 05:37:00,37.0
2025-06-12 15:53:00,64.5
2025-06-12 11:01:00,2.8
2025-06-12 07:10:00,47.0
2025-06-12 11:43:00,93.3
2025-06-12 08:16:00,85.6
2025-06-12 20:31:00,91.6
2025-06-12 09:56:00,13.4
2025-06-12 05:58:00,95.3
2025-06-12 14:20:00,50.05645730416373
2025-06-12 01:38:00,6.6
2025-06-12 05:17:00,56.3
2025-06-12 02:44:00,92.7
2025-06-12 08:43:00,49.2
2025-06-12 19:17:00,55.5
2025-06-12 23:23:00,97.4
2025-06-12 13:35:00,11.6
2025-06-12 23:13:00,87.8
2025-06-12 16:39:00,15.8
2025-06-12 02:34:00,61.3
2025-06-12 07:25:00,51.6
2025-06-12 12:49:00,21.9
2025-06-12 09:55:00,70.9
2025-06-12 08:21:00,29.2
2025-06-12 18:58:00,11.3
2025-06-12 07:38:00,47.9
2025-06-12 15:39:00,9.5
2025-06-12 07:45:00,7.9
2025-06-12 03:01:00,16.4
2025-06-12 18:00:00,59.3
2025-06-12 14:03:00,16.5
2025-06-12 12:39:00,28.2
2025-06-12 01:13:00,50.05645730416373
2025-06-12 04:33:00,50.05645730416373
2025-06-12 04:13:00,89.7
2025-06-12 06:29:00,32.8
2025-06-12 14:23:00,20.3
2025-06-12 02:31:00,50.05645730416373
2025-06-12 07:04:00,68.8
2025-06-12 21:49:00,31.0
2025-06-12 06:35:00,33.6
2025-06-12 16:19:00,85.4
2025-06-12 08:28:00,50.05645730416373
2025-06-12 08:30:00,50.05645730416373
2025-06-12 10:00:00,77.8
2025-06-12 04:40:00,50.05645730416373
2025-06-12 21:05:00,15.9
2025-06-12 15:59:00,92.1
2025-06-12 01:42:00,87.2
2025-06-12 01:56:00,60.1
2025-06-12 20:13:00,31.1
2025-06-12 13:21:00,63.3
2025-06-12 21:33:00,5.1
2025-06-12 00:07:00,38.8
2025-06-12 19:42:00,50.05645730416373
2025-06-12 01:21:00,31.6
2025-06-12 08:42:00,28.7
2025-06-12 18:43:00,35.9
2025-06-12 09:48:00,49.7
2025-06-12 19:00:00,43.5
2025-06-12 15:18:00,50.05645730416373
2025-06-12 07:54:00,50.05645730416373
2025-06-12 19:23:00,35.4
2025-06-12 11:26:00,12.4
2025-06-12 03:14:00,21.6
2025-06-12 05:16:00,71.8
2025-06-12 21:47:00,74.7
2025-06-12 14:08:00,50.05645730416373
2025-06-12 19:45:00,50.05645730416373
2025-06-12 22:50:00,38.4
2025-06-12 22:07:00,80.3
2025-06-12 18:41:00,1.9
2025-06-12 15:51:00,50.05645730416373
2025-06-12 15:52:00,69.5
2025-06-12 19:26:00,50.05645730416373
2025-06-12 08:22:00,68.0
2025-06-12 16:41:00,50.05645730416373
2025-06-12 00:52:00,2.8
2025-06-12 00:22:00,50.05645730416373
2025-06-12 09:16:00,83.5
2025-06-12 04:11:00,97.0
2025-06-12 09:35:00,27.4
2025-06-12 01:15:00,35.3
2025-06-12 09:37:00,71.5
2025-06-12 00:10:00,76.5
2025-06-12 06:58:00,90.1
2025-06-12 11:41:00,58.3
2025-06-12 20:53:00,0.7
2025-06-12 05:19:00,18.9
2025-06-12 16:54:00,50.05645730416373
2025-06-12 11:37:00,27.3
2025-06-12 14:28:00,50.05645730416373
2025-06-12 21:19:00,67.6
2025-06-12 19:21:00,46.6
2025-06-12 06:28:00,37.3
2025-06-12 01:48:00,67.8
2025-06-12 03:50:00,50.05645730416373
2025-06-12 21:04:00,98.1
2025-06-12 18:56:00,73.2
2025-06-12 21:43:00,58.7
2025-06-12 18:21:00,32.7
2025-06-12 13:15:00,61.5
2025-06-12 23:41:00,21.4
2025-06-12 05:51:00,16.5
2025-06-12 06:20:00,87.4
2025-06-12 13:05:00,56.6
2025-06-12 00:23:00,27.6
2025-06-12 18:39:00,56.5
2025-06-12 18:28:00,91.5
2025-06-12 02:57:00,50.05645730416373
2025-06-12 07:16:00,86.9
2025-06-12 00:14:00,4.7
2025-06-12 21:22:00,48.2
2025-06-12 04:08:00,18.3
2025-06-12 02:12:00,97.4
2025-06-12 18:11:00,8.6
2025-06-12 10:38:00,1.2
2025-06-12 03:54:00,12.2
2025-06-12 00:01:00,89.9
2025-06-12 03:01:00,88.2
2025-06-12 16:08:00,50.05645730416373
2025-06-12 10:11:00,39.3
2025-06-12 22:21:00,64.9
2025-06-12 23:57:00,7.1
2025-06-12 17:27:00,15.5
2025-06-12 16:52:00,75.6
2025-06-12 05:04:00,77.5
2025-06-12 01:23:00,63.1
2025-06-12 03:15:00,0.9
2025-06-12 03:52:00,50.05645730416373
2025-06-12 15:45:00,9.9
2025-06-12 23:29:00,50.05645730416373
2025-06-12 02:10:00,92.8
2025-06-12 23:53:00,58.2
2025-06-12 02:33:00,38.7
2025-06-12 03:57:00,50.05645730416373
2025-06-12 01:03:00,28.1
2025-06-12 20:25:00,72.1
2025-06-12 18:55:00,50.05645730416373
2025-06-12 00:02:00,61.0
2025-06-12 19:15:00,24.9
2025-06-12 15:25:00,43.3
2025-06-12 07:07:00,73.3
2025-06-12 06:54:00,62.9
2025-06-12 16:18:00,60.1
2025-06-12 02:00:00,9.8
2025-06-12 21:43:00,55.1
2025-06-12 23:02:00,50.05645730416373
2025-06-12 12:09:00,77.7
2025-06-12 19:58:00,28.4
2025-06-12 06:37:00,64.6
2025-06-12 15:44:00,40.8
2025-06-12 13:53:00,14.8
2025-06-12 11:07:00,28.6
2025-06-12 09:25:00,64.2
2025-06-12 08:57:00,33.8
2025-06-12 15:35:00,31.3
2025-06-12 09:38:00,56.2
2025-06-12 00:36:00,3.7
2025-06-12 21:23:00,50.05645730416373
2025-06-12 23:42:00,67.8
2025-06-12 15:19:00,26.2
2025-06-12 17:34:00,50.05645730416373
2025-06-12 03:04:00,37.7
2025-06-12 23:11:00,28.0
2025-06-12 20:58:00,66.4
2025-06-12 01:17:00,70.7
2025-06-12 06:19:00,59.1
2025-06-12 11:19:00,3.8
2025-06-12 08:16:00,50.2
2025-06-12 05:57:00,7.9
2025-06-12 11:18:00,67.6
2025-06-12 18:03:00,34.8
2025-06-12 06:08:00,23.2
2025-06-12 11:02:00,50.05645730416373
2025-06-12 15:03:00,50.05645730416373
2025-06-12 17:08:00,50.05645730416373
2025-06-12 05:49:00,36.4
2025-06-12 02:58:00,64.5
2025-06-12 12:45:00,8.0
2025-06-12 11:05:00,21.4
2025-06-12 01:11:00,95.3
2025-06-12 03:36:00,98.7
2025-06-12 03:09:00,66.3
2025-06-12 12:02:00,71.3
2025-06-12 21:25:00,55.2
2025-06-12 20:38:00,96.6
2025-06-12 14:18:00,24.1
2025-06-12 02:36:00,50.05645730416373
2025-06-12 19:36:00,68.1
2025-06-12 00:38:00,27.5
2025-06-12 22:28:00,99.1
2025-06-12 15:58:00,11.3
2025-06-12 15:50:00,85.0
2025-06-12 12:35:00,14.6
2025-06-12 06:39:00,43.6
2025-06-12 13:09:00,87.8
2025-06-12 02:36:00,47.5
2025-06-12 08:13:00,15.2
2025-06-12 01:51:00,43.3
2025-06-12 18:39:00,66.8
2025-06-12 22:07:00,47.2
2025-06-12 10:47:00,20.5
2025-06-12 16:04:00,10.8
2025-06-12 23:39:00,69.0
2025-06-12 05:39:00,40.8
2025-06-12 05:08:00,29.4
2025-06-12 18:00:00,97.6
2025-06-12 08:27:00,38.3
2025-06-12 21:44:00,1.1
2025-06-12 10:24:00,20.3
2025-06-12 23:41:00,50.05645730416373
2025-06-12 14:18:00,50.05645730416373
2025-06-12 17:41:00,71.1
2025-06-12 15:52:00,50.05645730416373
2025-06-12 14:03:00,22.2
2025-06-12 14:58:00,49.90502819548872
2025-06-12 12:45:00,95.3
2025-06-12 01:00:00,84.1
2025-06-12 12:12:00,42.1
2025-06-12 12:34:00,49.90502819548872
2025-06-12 20:12:00,5.9
2025-06-12 08:58:00,98.1
2025-06-12 07:12:00,44.1
2025-06-12 13:03:00,5.7
2025-06-12 15:14:00,83.2
2025-06-12 08:58:00,78.6
2025-06-12 15:48:00,26.8
2025-06-12 04:23:00,19.6
2025-06-12 18:24:00,72.0
2025-06-12 22:15:00,61.1
2025-06-12 01:28:00,28.3
2025-06-12 01:44:00,52.4
2025-06-12 07:32:00,49.90502819548872
2025-06-12 19:17:00,54.5
2025-06-12 10:51:00,49.0
2025-06-12 01:03:00,94.7
2025-06-12 22:46:00,5.8
2025-06-12 09:21:00,57.3
2025-06-12 22:39:00,49.90502819548872
2025-06-12 20:49:00,49.90502819548872
2025-06-12 14:40:00,68.5
2025-06-12 13:42:00,59.4
2025-06-12 02:08:00,62.5
2025-06-12 20:22:00,90.5
2025-06-12 03:35:00,49.90502819548872
2025-06-12 22:11:00,42.9
2025-06-12 03:50:00,11.8
2025-06-12 01:34:00,49.90502819548872
2025-06-12 16:35:00,27.7
2025-06-12 10:12:00,1.3
2025-06-12 01:05:00,14.2
2025-06-12 11:20:00,24.9
2025-06-12 08:32:00,53.2
2025-06-12 19:23:00,50.0
2025-06-12 09:29:00,42.7
2025-06-12 15:42:00,5.4
2025-06-12 09:34:00,76.8
2025-06-12 22:42:00,61.5
2025-06-12 14:06:00,11.8
2025-06-12 23:34:00,9.1
2025-06-12 10:14:00,49.90502819548872
2025-06-12 20:55:00,46.5
2025-06-12 10:42:00,4.5
2025-06-12 13:53:00,61.0
2025-06-12 23:11:00,84.9
2025-06-12 12:33:00,73.8
2025-06-12 09:47:00,33.7
2025-06-12 09:12:00,57.8
2025-06-12 06:18:00,49.90502819548872
2025-06-12 06:19:00,3.5
2025-06-12 17:23:00,49.90502819548872
2025-06-12 16:01:00,1.6
2025-06-12 07:03:00,27.1
2025-06-12 16:02:00,49.90502819548872
2025-06-12 16:40:00,85.6
2025-06-12 00:02:00,80.8
2025-06-12 07:08:00,58.9
2025-06-12 00:44:00,75.4
2025-06-12 05:55:00,47.0
2025-06-12 16:36:00,44.6
2025-06-12 04:49:00,8.4
2025-06-12 16:57:00,60.3
2025-06-12 14:24:00,23.3
2025-06-12 01:46:00,79.6
2025-06-12 09:08:00,63.1
2025-06-12 08:12:00,78.5
2025-06-12 12:20:00,46.3
2025-06-12 09:55:00,49.90502819548872
2025-06-12 21:01:00,52.9
2025-06-12 00:57:00,39.7
2025-06-12 19:50:00,70.0
2025-06-12 03:20:00,3.4
2025-06-12 15:07:00,49.90502819548872
2025-06-12 16:56:00,60.5
2025-06-12 04:25:00,49.90502819548872
2025-06-12 02:06:00,64.5
2025-06-12 03:38:00,49.90502819548872
2025-06-12 14:07:00,49.90502819548872
2025-06-12 19:48:00,5.0
2025-06-12 20:25:00,86.4
2025-06-12 13:03:00,49.90502819548872
2025-06-12 04:50:00,34.5
2025-06-12 15:54:00,3.5
2025-06-12 19:42:00,89.7
2025-06-12 23:16:00,49.90502819548872
2025-06-12 14:37:00,3.3
2025-06-12 23:47:00,92.9
2025-06-12 05:43:00,19.6
2025-06-12 02:38:00,4.6
2025-06-12 20:26:00,68.1
2025-06-12 21:22:00,76.8
2025-06-12 08:27:00,80.0
2025-06-12 19:15:00,23.4
2025-06-12 11:53:00,51.7
2025-06-12 07:25:00,72.5
2025-06-12 17:34:00,39.0
2025-06-12 19:26:00,28.9
2025-06-12 22:42:00,66.7
2025-06-12 03:22:00,80.8
2025-06-12 17:56:00,51.3
2025-06-12 11:03:00,49.90502819548872
2025-06-12 07:13:00,15.1
2025-06-12 01:33:00,89.1
2025-06-12 19:45:00,23.0
2025-06-12 20:51:00,17.6
2025-06-12 22:24:00,53.9
2025-06-12 14:18:00,89.2
2025-06-12 22:15:00,89.7
2025-06-12 19:22:00,94.1
2025-06-12 06:26:00,49.90502819548872
2025-06-12 19:08:00,67.7
2025-06-12 18:41:00,94.7
2025-06-12 22:36:00,11.6
2025-06-12 05:40:00,29.1
2025-06-12 10:21:00,66.4
2025-06-12 12:45:00,36.8
2025-06-12 11:59:00,59.1
2025-06-12 09:23:00,76.8
2025-06-12 19:24:00,92.2
2025-06-12 22:38:00,49.90502819548872
2025-06-12 15:09:00,29.7
2025-06-12 18:23:00,41.9
2025-06-12 18:59:00,49.90502819548872
2025-06-12 02:40:00,24.7
2025-06-12 19:31:00,9.3
2025-06-12 03:15:00,94.4
2025-06-12 12:02:00,70.4
2025-06-12 06:06:00,19.9
2025-06-12 06:36:00,86.0
2025-06-12 18:05:00,8.0
2025-06-12 10:05:00,49.90502819548872
2025-06-12 19:09:00,59.6
2025-06-12 16:05:00,97.6
2025-06-12 20:53:00,98.9
2025-06-12 09:39:00,49.90502819548872
2025-06-12 18:41:00,33.3
2025-06-12 00:35:00,86.2
2025-06-12 05:13:00,54.4
2025-06-12 03:27:00,73.6
2025-06-12 17:07:00,84.0
2025-06-12 21:57:00,96.1
2025-06-12 10:55:00,89.4
2025-06-12 08:56:00,99.1
2025-06-12 18:46:00,47.0
2025-06-12 05:10:00,42.3
2025-06-12 06:01:00,14.4
2025-06-12 02:43:00,21.8
2025-06-12 22:13:00,29.3
2025-06-12 19:59:00,49.90502819548872
2025-06-12 22:43:00,92.5
2025-06-12 17:26:00,49.90502819548872
2025-06-12 19:13:00,32.2
2025-06-12 07:25:00,29.6
2025-06-12 06:01:00,18.7
2025-06-12 17:05:00,85.0
2025-06-12 10:20:00,4.0
2025-06-12 15:27:00,14.3
2025-06-12 08:43:00,36.1
2025-06-12 06:42:00,13.9
2025-06-12 09:44:00,31.6
2025-06-12 05:35:00,50.1
2025-06-12 00:57:00,49.90502819548872
2025-06-12 21:04:00,11.3
2025-06-12 15:33:00,49.90502819548872
2025-06-12 09:46:00,49.90502819548872
2025-06-12 06:38:00,68.9
2025-06-12 02:10:00,29.8
2025-06-12 01:14:00,33.0
2025-06-12 03:02:00,24.5
2025-06-12 05:17:00,49.90502819548872
2025-06-12 05:23:00,49.90502819548872
2025-06-12 00:52:00,87.9
2025-06-12 08:17:00,83.2
2025-06-12 07:03:00,57.6
2025-06-12 17:38:00,88.8
2025-06-12 00:22:00,90.2
2025-06-12 19:38:00,3.8
2025-06-12 06:12:00,88.0
2025-06-12 21:02:00,49.90502819548872
2025-06-12 23:18:00,61.2
2025-06-12 12:53:00,76.6
2025-06-12 20:38:00,63.0
2025-06-12 20:08:00,33.5
2025-06-12 13:20:00,0.2
2025-06-12 19:26:00,49.90502819548872
2025-06-12 11:21:00,6.7
2025-06-12 11:48:00,16.2
2025-06-12 03:54:00,53.7
2025-06-12 01:18:00,13.2
2025-06-12 06:09:00,30.3
2025-06-12 15:55:00,19.5
2025-06-12 02:00:00,58.7
2025-06-12 00:02:00,76.6
2025-06-12 16:54:00,60.3
2025-06-12 05:47:00,37.7
2025-06-12 01:11:00,80.8
2025-06-12 12:59:00,52.2
2025-06-12 10:23:00,32.6
2025-06-12 21:45:00,8.5
2025-06-12 10:11:00,49.90502819548872
2025-06-12 19:53:00,62.2
2025-06-12 05:01:00,41.8
2025-06-12 17:03:00,52.2
2025-06-12 19:30:00,29.7
2025-06-12 20:14:00,84.5
2025-06-12 20:50:00,48.0
2025-06-12 18:20:00,49.6
2025-06-12 21:56:00,39.3
2025-06-12 11:45:00,54.0
2025-06-12 13:05:00,15.3
2025-06-12 00:54:00,41.9
2025-06-12 20:01:00,96.3
2025-06-12 13:55:00,41.0
2025-06-12 23:57:00,70.0
2025-06-12 05:07:00,30.4
2025-06-12 22:50:00,88.9
2025-06-12 15:03:00,76.1
2025-06-12 20:16:00,70.5
2025-06-12 09:29:00,49.90502819548872
2025-06-12 02:19:00,1.1
2025-06-12 08:04:00,35.3
2025-06-12 10:10:00,76.7
2025-06-12 11:30:00,76.4
2025-06-12 18:01:00,35.7
2025-06-12 15:18:00,25.3
2025-06-12 02:53:00,32.0
2025-06-12 06:02:00,55.0
2025-06-12 08:30:00,12.0
2025-06-12 15:17:00,8.4
2025-06-12 13:39:00,90.4
2025-06-12 16:28:00,83.9
2025-06-12 22:06:00,43.5
2025-06-12 14:37:00,49.90502819548872
2025-06-12 22:00:00,49.90502819548872
2025-06-12 18:18:00,28.0
2025-06-12 07:07:00,49.90502819548872
2025-06-12 05:08:00,14.6
2025-06-12 23:26:00,11.5
2025-06-12 13:06:00,49.90502819548872
2025-06-12 16:02:00,19.3
2025-06-12 03:29:00,29.2
2025-06-12 20:34:00,14.8
2025-06-12 22:44:00,75.1
2025-06-12 02:09:00,7.9
2025-06-12 01:15:00,49.90502819548872
2025-06-12 05:21:00,75.3
2025-06-12 17:54:00,45.7
2025-06-12 19:22:00,65.7
2025-06-12 22:36:00,49.90502819548872
2025-06-12 20:39:00,81.0
2025-06-12 06:31:00,49.90502819548872
2025-06-12 18:46:00,5.1
2025-06-12 02:17:00,64.6
2025-06-12 17:14:00,32.9
2025-06-12 21:36:00,49.90502819548872
2025-06-12 12:52:00,57.0
2025-06-12 02:24:00,9.7
2025-06-12 21:49:00,49.90502819548872
2025-06-12 02:32:00,44.1
2025-06-12 00:27:00,47.6
2025-06-12 10:53:00,68.1
2025-06-12 19:57:00,40.3
2025-06-12 11:02:00,68.4
2025-06-12 23:58:00,87.2
2025-06-12 16:40:00,89.6
2025-06-12 01:24:00,97.7
2025-06-12 22:54:00,56.3
2025-06-12 13:57:00,0.2
2025-06-12 15:34:00,19.2
2025-06-12 11:58:00,82.2
2025-06-12 09:24:00,57.9
2025-06-12 21:36:00,49.90502819548872
2025-06-12 20:18:00,5.3
2025-06-12 10:43:00,35.4
2025-06-12 16:12:00,69.0
2025-06-12 21:25:00,44.3
2025-06-12 19:10:00,63.8
2025-06-12 22:58:00,34.0
2025-06-12 21:01:00,73.6
2025-06-12 23:10:00,78.5
2025-06-12 16:32:00,71.4
2025-06-12 13:56:00,16.0
2025-06-12 13:42:00,16.1
2025-06-12 20:06:00,19.3
2025-06-12 23:28:00,14.6
2025-06-12 08:12:00,91.3
2025-06-12 11:17:00,49.90502819548872
2025-06-12 23:45:00,59.9
2025-06-12 03:00:00,51.9
2025-06-12 11:55:00,49.90502819548872
2025-06-12 08:33:00,7.2
2025-06-12 16:57:00,67.4
2025-06-12 09:02:00,49.90502819548872
2025-06-12 09:26:00,3.9
2025-06-12 01:27:00,86.2
2025-06-12 00:43:00,35.6
2025-06-12 19:11:00,91.5
2025-06-12 12:45:00,84.5
2025-06-12 03:44:00,52.7
2025-06-12 14:43:00,76.5
2025-06-12 01:04:00,49.90502819548872
2025-06-12 20:14:00,65.6
2025-06-12 14:43:00,80.8
2025-06-12 21:44:00,50.475078938135894
2025-06-12 02:21:00,40.3
2025-06-12 19:06:00,99.2
2025-06-12 16:14:00,85.5
2025-06-12 15:40:00,62.3
2025-06-12 22:29:00,66.5
2025-06-12 15:26:00,6.3
2025-06-12 12:54:00,76.2
2025-06-12 11:24:00,66.9
2025-06-12 19:12:00,85.2
2025-06-12 03:03:00,38.7
2025-06-12 16:23:00,32.4
2025-06-12 06:12:00,13.2
2025-06-12 06:57:00,73.6
2025-06-12 15:06:00,94.2
2025-06-12 17:38:00,50.475078938135894
2025-06-12 16:16:00,32.4
2025-06-12 01:52:00,73.6
2025-06-12 06:02:00,20.2
2025-06-12 02:10:00,50.475078938135894
2025-06-12 12:52:00,67.8
2025-06-12 18:41:00,64.1
2025-06-12 05:46:00,50.475078938135894
2025-06-12 01:08:00,65.7
2025-06-12 04:32:00,94.7
2025-06-12 01:04:00,84.4
2025-06-12 00:30:00,96.6
2025-06-12 15:26:00,92.5
2025-06-12 18:27:00,50.475078938135894
2025-06-12 08:06:00,91.1
2025-06-12 13:13:00,1.1
2025-06-12 11:55:00,76.1
2025-06-12 20:01:00,50.475078938135894
2025-06-12 16:03:00,50.475078938135894
2025-06-12 18:51:00,0.7
2025-06-12 15:58:00,32.9
2025-06-12 21:56:00,55.9
2025-06-12 00:03:00,98.7
2025-06-12 06:06:00,98.0
2025-06-12 00:28:00,90.3
2025-06-12 19:31:00,50.2
2025-06-12 12:46:00,89.9
2025-06-12 19:04:00,50.475078938135894
2025-06-12 04:12:00,50.475078938135894
2025-06-12 06:42:00,61.2
2025-06-12 04:04:00,50.2
2025-06-12 16:52:00,16.3
2025-06-12 19:07:00,71.2
2025-06-12 07:44:00,18.1
2025-06-12 18:24:00,31.2
2025-06-12 09:22:00,87.5
2025-06-12 10:50:00,65.0
2025-06-12 22:41:00,39.3
2025-06-12 01:29:00,9.2
2025-06-12 22:09:00,50.475078938135894
2025-06-12 10:12:00,50.475078938135894
2025-06-12 13:04:00,89.0
2025-06-12 15:23:00,19.9
2025-06-12 22:33:00,98.7
2025-06-12 14:49:00,50.475078938135894
2025-06-12 07:19:00,45.7
2025-06-12 04:59:00,60.1
2025-06-12 13:06:00,69.1
2025-06-12 07:52:00,91.7
2025-06-12 22:16:00,22.0
2025-06-12 18:59:00,53.6
2025-06-12 18:55:00,23.7
2025-06-12 06:17:00,44.2
2025-06-12 05:39:00,12.7
2025-06-12 18:10:00,50.475078938135894
2025-06-12 19:28:00,99.5
2025-06-12 14:00:00,84.5
2025-06-12 00:43:00,67.4
2025-06-12 02:35:00,69.5
2025-06-12 20:18:00,19.9
2025-06-12 23:39:00,99.7
2025-06-12 05:38:00,43.4
2025-06-12 00:30:00,92.3
2025-06-12 17:06:00,81.7
2025-06-12 13:55:00,89.7
2025-06-12 12:32:00,48.1
2025-06-12 20:07:00,50.475078938135894
2025-06-12 06:56:00,7.9
2025-06-12 20:36:00,29.0
2025-06-12 02:44:00,63.2
2025-06-12 11:07:00,50.475078938135894
2025-06-12 12:51:00,53.0
2025-06-12 14:03:00,75.0
2025-06-12 22:38:00,54.2
2025-06-12 10:57:00,19.1
2025-06-12 12:36:00,61.6
2025-06-12 00:42:00,50.475078938135894
2025-06-12 20:51:00,58.1
2025-06-12 04:50:00,5.2
2025-06-12 14:16:00,50.475078938135894
2025-06-12 00:34:00,35.8
2025-06-12 02:42:00,27.4
2025-06-12 05:40:00,84.3
2025-06-12 07:30:00,54.6
2025-06-12 23:45:00,95.1
2025-06-12 04:23:00,45.2
2025-06-12 01:43:00,25.7
2025-06-12 01:15:00,50.475078938135894
2025-06-12 10:51:00,39.5
2025-06-12 15:57:00,74.8
2025-06-12 23:30:00,16.5
2025-06-12 14:18:00,30.5
2025-06-12 06:10:00,64.6
2025-06-12 17:10:00,6.2
2025-06-12 05:39:00,43.3
2025-06-12 16:10:00,37.6
2025-06-12 01:53:00,8.7
2025-06-12 23:43:00,50.475078938135894
2025-06-12 20:30:00,8.8
2025-06-12 06:31:00,38.0
2025-06-12 19:41:00,50.475078938135894
2025-06-12 16:46:00,65.6
2025-06-12 20:37:00,15.1
2025-06-12 14:39:00,38.0
2025-06-12 23:24:00,42.8
2025-06-12 07:34:00,20.3
2025-06-12 02:56:00,45.3
2025-06-12 15:19:00,83.6
2025-06-12 06:55:00,50.475078938135894
2025-06-12 21:12:00,74.9
2025-06-12 21:17:00,12.5
2025-06-12 09:14:00,91.1
2025-06-12 03:24:00,32.9
2025-06-12 05:06:00,53.8
2025-06-12 17:43:00,69.9
2025-06-12 05:47:00,10.6
2025-06-12 14:58:00,36.0
2025-06-12 12:59:00,18.9
2025-06-12 08:02:00,49.4
2025-06-12 13:15:00,50.475078938135894
2025-06-12 09:56:00,50.475078938135894
2025-06-12 22:41:00,29.2
2025-06-12 09:13:00,36.8
2025-06-12 09:13:00,15.6
2025-06-12 04:20:00,50.475078938135894
2025-06-12 09:36:00,3.1
2025-06-12 08:58:00,61.2
2025-06-12 13:56:00,48.1
2025-06-12 22:02:00,24.5
2025-06-12 20:00:00,97.3
2025-06-12 17:08:00,18.0
2025-06-12 02:40:00,72.1
2025-06-12 01:01:00,59.3
2025-06-12 13:47:00,58.5
2025-06-12 00:02:00,50.475078938135894
2025-06-12 01:07:00,75.3
2025-06-12 15:49:00,13.9
2025-06-12 21:37:00,33.0
2025-06-12 20:40:00,98.6
2025-06-12 13:23:00,34.2
2025-06-12 09:36:00,39.7
2025-06-12 09:48:00,12.3
2025-06-12 17:55:00,63.1
2025-06-12 10:55:00,26.4
2025-06-12 07:08:00,79.3
2025-06-12 03:27:00,72.0
2025-06-12 16:13:00,50.475078938135894
2025-06-12 12:50:00,20.8
2025-06-12 21:21:00,50.475078938135894
2025-06-12 09:27:00,42.3
2025-06-12 22:29:00,38.8
2025-06-12 01:00:00,93.1
2025-06-12 05:13:00,40.5
2025-06-12 19:02:00,60.8
2025-06-12 11:58:00,50.475078938135894
2025-06-12 05:32:00,75.4
2025-06-12 10:30:00,47.4
2025-06-12 08:54:00,20.1
2025-06-12 15:13:00,76.9
2025-06-12 23:05:00,10.7
2025-06-12 17:08:00,33.4
2025-06-12 06:45:00,17.1
2025-06-12 19:26:00,21.4
2025-06-12 09:06:00,50.475078938135894
2025-06-12 07:27:00,50.475078938135894
2025-06-12 01:36:00,50.475078938135894
2025-06-12 21:58:00,58.8
2025-06-12 03:20:00,93.5
2025-06-12 17:31:00,97.1
2025-06-12 03:29:00,68.7
2025-06-12 01:09:00,67.5
2025-06-12 09:34:00,93.2
2025-06-12 13:47:00,50.475078938135894
2025-06-12 11:34:00,80.3
2025-06-12 04:15:00,7.5
2025-06-12 19:00:00,79.8
2025-06-12 10:40:00,50.475078938135894
2025-06-12 16:19:00,0.5
2025-06-12 01:28:00,9.4
2025-06-12 06:41:00,21.6
2025-06-12 09:08:00,31.9
2025-06-12 17:01:00,0.9
2025-06-12 07:31:00,55.6
2025-06-12 21:01:00,15.5
2025-06-12 10:21:00,88.8
2025-06-12 05:59:00,29.6
2025-06-12 03:41:00,14.1
2025-06-12 18:52:00,76.1
2025-06-12 13:57:00,19.0
2025-06-12 15:22:00,95.8
2025-06-12 17:29:00,82.3
2025-06-12 09:30:00,35.0
2025-06-12 02:36:00,47.1
2025-06-12 18:59:00,68.9
2025-06-12 04:46:00,99.4
2025-06-12 02:48:00,10.0
2025-06-12 04:41:00,50.475078938135894
2025-06-12 22:08:00,61.3
2025-06-12 12:15:00,63.0
2025-06-12 20:52:00,70.7
2025-06-12 23:08:00,96.0
2025-06-12 12:28:00,50.475078938135894
2025-06-12 02:26:00,86.4
2025-06-12 23:51:00,57.7
2025-06-12 13:26:00,85.2
2025-06-12 17:49:00,59.8
2025-06-12 20:09:00,49.8
2025-06-12 20:09:00,73.2
2025-06-12 03:01:00,30.4
2025-06-12 04:55:00,50.475078938135894
2025-06-12 11:54:00,84.3
2025-06-12 09:47:00,7.4
2025-06-12 08:17:00,59.8
2025-06-12 17:03:00,38.1
2025-06-12 01:46:00,50.475078938135894
2025-06-12 16:46:00,54.9
2025-06-12 15:09:00,50.475078938135894
2025-06-12 05:25:00,11.8
2025-06-12 16:40:00,46.5
2025-06-12 00:47:00,13.6
2025-06-12 17:40:00,13.1
2025-06-12 07:12:00,79.0
2025-06-12 19:47:00,76.2
2025-06-12 09:31:00,11.4
2025-06-12 10:38:00,14.5
2025-06-12 15:12:00,99.2
2025-06-12 13:34:00,0.8
2025-06-12 16:44:00,11.9
2025-06-12 18:16:00,37.2
2025-06-12 19:15:00,33.0
2025-06-12 09:29:00,93.6
2025-06-12 02:14:00,30.8
2025-06-12 08:59:00,37.2
2025-06-12 19:51:00,48.0
2025-06-12 16:05:00,26.0
2025-06-12 00:44:00,4.3
2025-06-12 03:06:00,43.9
2025-06-12 10:56:00,47.8
2025-06-12 22:17:00,57.5
2025-06-12 03:32:00,59.2
2025-06-12 04:03:00,2.4
2025-06-12 01:17:00,58.1
2025-06-12 16:38:00,55.0
2025-06-12 11:38:00,12.0
2025-06-12 23:30:00,89.5
2025-06-12 15:53:00,50.475078938135894
2025-06-12 02:32:00,50.3
2025-06-12 03:29:00,43.1
2025-06-12 08:39:00,20.2
2025-06-12 17:00:00,50.475078938135894
2025-06-12 10:30:00,47.5
2025-06-12 00:05:00,17.6
2025-06-12 10:54:00,50.475078938135894
2025-06-12 04:55:00,31.3
2025-06-12 08:13:00,68.5
2025-06-12 22:32:00,28.4
2025-06-12 13:43:00,49.5
2025-06-12 18:52:00,81.3
2025-06-12 01:30:00,16.0
2025-06-12 12:33:00,64.8
2025-06-12 14:44:00,93.7
2025-06-12 21:48:00,26.9
2025-06-12 07:23:00,41.9
2025-06-12 18:22:00,59.9
2025-06-12 09:28:00,96.0
2025-06-12 14:17:00,76.1
2025-06-12 04:29:00,63.1
2025-06-12 12:14:00,46.4
2025-06-12 13:30:00,45.6
2025-06-12 03:38:00,1.0
2025-06-12 12:36:00,76.8
2025-06-12 06:48:00,88.7
2025-06-12 11:14:00,13.4
2025-06-12 19:17:00,89.5
2025-06-12 13:41:00,53.4
2025-06-12 05:25:00,50.475078938135894
2025-06-12 01:43:00,54.8
2025-06-12 16:29:00,65.2
2025-06-12 03:10:00,59.5
2025-06-12 22:56:00,17.0
2025-06-12 15:34:00,53.7
2025-06-12 22:09:00,63.2
2025-06-12 14:08:00,14.4
2025-06-12 10:36:00,50.475078938135894
2025-06-12 12:30:00,50.475078938135894
2025-06-12 02:11:00,50.475078938135894
2025-06-12 01:15:00,27.1
2025-06-12 01:58:00,77.6
2025-06-12 03:11:00,31.1
2025-06-12 17:08:00,53.3
2025-06-12 07:15:00,64.3
2025-06-12 09:11:00,85.3
2025-06-12 01:15:00,25.6
2025-06-12 21:51:00,82.5
2025-06-12 14:55:00,24.3
2025-06-12 01:09:00,16.8
2025-06-12 21:28:00,75.2
2025-06-12 19:37:00,93.2
2025-06-12 09:20:00,82.1
2025-06-12 00:14:00,50.475078938135894
2025-06-12 15:27:00,80.6
2025-06-12 14:45:00,38.7
2025-06-12 03:33:00,50.1
2025-06-12 13:19:00,65.8
2025-06-12 22:07:00,18.1
2025-06-12 00:00:00,38.5
2025-06-12 01:45:00,21.8
2025-06-12 02:50:00,4.3
2025-06-12 06:19:00,87.1
2025-06-12 02:50:00,12.1
2025-06-12 20:49:00,2.7
2025-06-12 15:47:00,53.8
2025-06-12 22:59:00,50.492298592215775
2025-06-12 04:42:00,65.4
2025-06-12 16:20:00,92.5
2025-06-12 13:49:00,50.492298592215775
2025-06-12 02:49:00,95.3
2025-06-12 16:55:00,15.6
2025-06-12 12:14:00,58.9
2025-06-12 12:46:00,50.492298592215775
2025-06-12 12:40:00,14.5
2025-06-12 15:28:00,46.3
2025-06-12 11:32:00,96.7
2025-06-12 18:19:00,50.492298592215775
2025-06-12 17:59:00,29.7
2025-06-12 22:48:00,73.7
2025-06-12 03:24:00,35.5
2025-06-12 18:53:00,62.6
2025-06-12 12:48:00,63.6
2025-06-12 02:19:00,2.8
2025-06-12 20:27:00,33.7
2025-06-12 04:37:00,59.9
2025-06-12 14:01:00,30.9
2025-06-12 18:53:00,36.5
2025-06-12 15:10:00,7.3
2025-06-12 19:17:00,54.2
2025-06-12 18:07:00,66.3
2025-06-12 07:26:00,78.3
2025-06-12 19:49:00,30.8
2025-06-12 14:14:00,88.2
2025-06-12 12:03:00,60.7
2025-06-12 06:38:00,98.1
2025-06-12 14:23:00,50.492298592215775
2025-06-12 00:28:00,87.6
2025-06-12 14:31:00,19.5
2025-06-12 23:41:00,84.1
2025-06-12 05:50:00,50.492298592215775
2025-06-12 11:16:00,88.3
2025-06-12 09:15:00,45.1
2025-06-12 05:45:00,20.6
2025-06-12 17:16:00,19.1
2025-06-12 01:48:00,69.4
2025-06-12 17:44:00,59.9
2025-06-12 11:21:00,95.3
2025-06-12 00:52:00,51.1
2025-06-12 15:25:00,81.4
2025-06-12 10:24:00,3.9
2025-06-12 22:14:00,37.8
2025-06-12 14:42:00,14.2
2025-06-12 23:49:00,62.9
2025-06-12 02:38:00,82.7
2025-06-12 14:28:00,26.0
2025-06-12 21:05:00,5.9
2025-06-12 03:08:00,50.492298592215775
2025-06-12 17:55:00,36.2
2025-06-12 21:06:00,46.1
2025-06-12 04:26:00,69.9
2025-06-12 08:24:00,50.492298592215775
2025-06-12 23:30:00,72.1
2025-06-12 15:24:00,89.5
2025-06-12 18:56:00,99.8
2025-06-12 16:16:00,95.4
2025-06-12 15:57:00,14.7
2025-06-12 01:31:00,75.4
2025-06-12 12:55:00,10.5
2025-06-12 17:22:00,89.6
2025-06-12 23:07:00,35.6
2025-06-12 15:00:00,17.9
2025-06-12 06:05:00,50.492298592215775
2025-06-12 21:16:00,14.6
2025-06-12 15:08:00,9.7
2025-06-12 09:18:00,25.1
2025-06-12 13:11:00,65.9
2025-06-12 20:39:00,49.6
2025-06-12 15:25:00,20.7
2025-06-12 14:31:00,54.5
2025-06-12 15:26:00,55.6
2025-06-12 02:24:00,70.3
2025-06-12 20:15:00,52.2
2025-06-12 16:13:00,54.1
2025-06-12 08:56:00,39.8
2025-06-12 07:29:00,49.2
2025-06-12 08:50:00,5.1
2025-06-12 13:41:00,36.6
2025-06-12 17:30:00,64.3
2025-06-12 20:15:00,73.9
2025-06-12 10:29:00,57.0
2025-06-12 18:22:00,80.6
2025-06-12 10:18:00,50.492298592215775
2025-06-12 17:06:00,13.5
2025-06-12 14:31:00,27.4
2025-06-12 10:31:00,59.0
2025-06-12 04:12:00,50.492298592215775
2025-06-12 15:46:00,62.7
2025-06-12 20:19:00,24.3
2025-06-12 20:09:00,50.492298592215775
2025-06-12 11:15:00,6.3
2025-06-12 02:00:00,50.492298592215775
2025-06-12 05:51:00,93.7
2025-06-12 10:30:00,38.1
2025-06-12 09:51:00,86.5
2025-06-12 22:25:00,70.1
2025-06-12 15:16:00,32.3
2025-06-12 20:38:00,4.5
2025-06-12 19:31:00,13.8
2025-06-12 20:13:00,50.492298592215775
2025-06-12 06:04:00,73.4
2025-06-12 23:06:00,69.4
2025-06-12 21:51:00,17.2
2025-06-12 22:36:00,79.4
2025-06-12 00:16:00,62.3
2025-06-12 18:15:00,93.8
2025-06-12 01:38:00,99.0
2025-06-12 08:36:00,4.0
2025-06-12 01:46:00,50.492298592215775
2025-06-12 10:20:00,98.5
2025-06-12 19:09:00,76.2
2025-06-12 05:53:00,13.9
2025-06-12 16:42:00,88.3
2025-06-12 03:39:00,83.3
2025-06-12 04:04:00,52.9
2025-06-12 20:59:00,35.9
2025-06-12 15:53:00,31.4
2025-06-12 15:34:00,81.0
2025-06-12 22:57:00,30.2
2025-06-12 09:42:00,6.7
2025-06-12 13:44:00,36.7
2025-06-12 11:44:00,29.9
2025-06-12 07:32:00,71.8
2025-06-12 01:27:00,27.3
2025-06-12 18:45:00,17.9
2025-06-12 16:53:00,87.3
2025-06-12 08:31:00,49.3
2025-06-12 14:51:00,72.1
2025-06-12 15:31:00,37.2
2025-06-12 23:07:00,98.8
2025-06-12 22:30:00,98.5
2025-06-12 14:36:00,82.3
2025-06-12 23:37:00,65.7
2025-06-12 20:45:00,50.492298592215775
2025-06-12 10:58:00,96.0
2025-06-12 15:10:00,84.9
2025-06-12 23:56:00,34.2
2025-06-12 15:18:00,82.6
2025-06-12 10:16:00,79.5
2025-06-12 08:37:00,8.8
2025-06-12 06:52:00,54.5
2025-06-12 08:02:00,79.7
2025-06-12 14:09:00,55.8
2025-06-12 06:59:00,95.8
2025-06-12 01:05:00,87.8
2025-06-12 17:19:00,33.7
2025-06-12 06:41:00,58.4
2025-06-12 06:59:00,38.5
2025-06-12 23:02:00,40.2
2025-06-12 06:12:00,95.4
2025-06-12 22:00:00,62.8
2025-06-12 17:34:00,50.492298592215775
2025-06-12 10:23:00,92.6
2025-06-12 00:36:00,15.5
2025-06-12 16:37:00,50.492298592215775
2025-06-12 06:08:00,50.492298592215775
2025-06-12 03:45:00,22.5
2025-06-12 21:49:00,95.1
2025-06-12 22:20:00,50.492298592215775
2025-06-12 11:34:00,97.4
2025-06-12 16:37:00,50.492298592215775
2025-06-12 14:08:00,50.492298592215775
2025-06-12 09:23:00,47.6
2025-06-12 13:36:00,9.6
2025-06-12 12:44:00,83.8
2025-06-12 08:21:00,80.2
2025-06-12 19:07:00,47.5
2025-06-12 03:21:00,50.492298592215775
2025-06-12 02:51:00,11.7
2025-06-12 08:58:00,50.492298592215775
2025-06-12 07:49:00,50.492298592215775
2025-06-12 18:40:00,61.0
2025-06-12 12:17:00,43.8
2025-06-12 20:47:00,91.9
2025-06-12 15:59:00,59.7
2025-06-12 13:52:00,67.1
2025-06-12 17:13:00,26.7
2025-06-12 07:46:00,73.6
2025-06-12 06:05:00,81.9
2025-06-12 18:22:00,91.1
2025-06-12 04:15:00,50.492298592215775
2025-06-12 09:54:00,79.3
2025-06-12 03:45:00,42.1
2025-06-12 17:33:00,77.7
2025-06-12 11:05:00,97.0
2025-06-12 15:47:00,34.3
2025-06-12 07:50:00,50.492298592215775
2025-06-12 04:34:00,47.8
2025-06-12 08:03:00,48.3
2025-06-12 08:22:00,27.4
2025-06-12 02:30:00,12.2
2025-06-12 05:26:00,59.3
2025-06-12 12:13:00,92.1
2025-06-12 09:25:00,68.2
2025-06-12 08:34:00,41.4
2025-06-12 23:17:00,50.492298592215775
2025-06-12 21:20:00,46.0
2025-06-12 19:14:00,50.492298592215775
2025-06-12 01:32:00,74.0
2025-06-12 01:11:00,34.5
2025-06-12 21:14:00,20.5
2025-06-12 07:41:00,64.8
2025-06-12 20:20:00,42.4
2025-06-12 11:57:00,99.8
2025-06-12 07:16:00,27.6
2025-06-12 12:30:00,4.5
2025-06-12 22:13:00,76.5
2025-06-12 08:52:00,61.6
2025-06-12 04:45:00,72.9
2025-06-12 23:14:00,87.0
2025-06-12 18:02:00,31.2
2025-06-12 10:05:00,91.8
2025-06-12 10:04:00,50.492298592215775
2025-06-12 05:19:00,56.2
2025-06-12 04:36:00,81.1
2025-06-12 19:07:00,42.2
2025-06-12 13:32:00,57.5
2025-06-12 12:21:00,95.8
2025-06-12 10:03:00,39.8
2025-06-12 15:05:00,21.7
2025-06-12 02:44:00,50.492298592215775
2025-06-12 05:45:00,50.492298592215775
2025-06-12 05:12:00,8.0
2025-06-12 19:40:00,84.9
2025-06-12 03:47:00,2.1
2025-06-12 02:12:00,14.7
2025-06-12 01:37:00,82.2
2025-06-12 19:04:00,50.492298592215775
2025-06-12 20:36:00,48.7
2025-06-12 22:39:00,13.9
2025-06-12 07:26:00,16.8
2025-06-12 23:49:00,8.8
2025-06-12 11:48:00,37.7
2025-06-12 21:10:00,29.9
2025-06-12 15:20:00,50.492298592215775
2025-06-12 15:56:00,51.5
2025-06-12 06:58:00,7.8
2025-06-12 16:53:00,9.1
2025-06-12 08:27:00,82.5
2025-06-12 21:19:00,10.4
2025-06-12 07:28:00,11.1
2025-06-12 19:57:00,27.3
2025-06-12 00:35:00,11.6
2025-06-12 20:30:00,50.492298592215775
2025-06-12 02:32:00,78.6
2025-06-12 06:39:00,86.5
2025-06-12 11:24:00,95.4
2025-06-12 13:28:00,0.2
2025-06-12 00:57:00,73.8
2025-06-12 19:34:00,50.492298592215775
2025-06-12 15:04:00,50.492298592215775
2025-06-12 12:45:00,13.3
2025-06-12 16:01:00,50.492298592215775
2025-06-12 11:01:00,47.7
2025-06-12 11:47:00,79.8
2025-06-12 07:49:00,18.9
2025-06-12 01:39:00,45.2
2025-06-12 00:14:00,76.6
2025-06-12 12:16:00,46.5
2025-06-12 00:13:00,50.492298592215775
2025-06-12 21:45:00,34.7
2025-06-12 16:02:00,51.6
2025-06-12 22:06:00,64.1
2025-06-12 12:35:00,7.5
2025-06-12 11:19:00,30.9
2025-06-12 02:41:00,57.6
2025-06-12 07:08:00,36.4
2025-06-12 14:39:00,74.1
2025-06-12 03:12:00,88.5
2025-06-12 06:44:00,95.2
2025-06-12 07:16:00,52.9
2025-06-12 11:18:00,50.492298592215775
2025-06-12 14:14:00,8.0
2025-06-12 10:08:00,18.0
2025-06-12 19:11:00,69.1
2025-06-12 19:06:00,42.6
2025-06-12 20:28:00,4.8
2025-06-12 22:37:00,50.492298592215775
2025-06-12 01:01:00,27.9
2025-06-12 03:21:00,4.4
2025-06-12 12:07:00,5.1
2025-06-12 18:19:00,19.1
2025-06-12 23:41:00,95.6
2025-06-12 19:09:00,91.2
2025-06-12 02:31:00,53.7
2025-06-12 14:00:00,86.2
2025-06-12 12:33:00,69.2
2025-06-12 12:03:00,50.492298592215775
2025-06-12 03:17:00,50.492298592215775
2025-06-12 00:58:00,69.7
2025-06-12 16:19:00,50.492298592215775
2025-06-12 07:19:00,44.2
2025-06-12 02:05:00,67.3
2025-06-12 09:39:00,68.9
2025-06-12 22:38:00,64.3
2025-06-12 16:08:00,71.8
2025-06-12 05:53:00,2.5
2025-06-12 16:27:00,12.7
2025-06-12 03:38:00,88.8
2025-06-12 04:04:00,68.8
2025-06-12 15:16:00,48.7
2025-06-12 21:56:00,50.492298592215775
2025-06-12 20:26:00,0.9
2025-06-12 08:35:00,58.4
2025-06-12 11:01:00,32.4
2025-06-12 03:52:00,26.8
2025-06-12 17:38:00,50.492298592215775
2025-06-12 19:19:00,27.3
2025-06-12 07:28:00,50.492298592215775
2025-06-12 16:08:00,25.9
2025-06-12 06:32:00,50.492298592215775
2025-06-12 20:09:00,86.1
2025-06-12 06:12:00,84.8
2025-06-12 21:55:00,50.492298592215775
2025-06-12 03:04:00,76.7
2025-06-12 09:52:00,4.7
2025-06-12 14:09:00,60.1
2025-06-12 01:06:00,46.0
2025-06-12 18:56:00,53.5
2025-06-12 21:41:00,83.4
2025-06-12 10:25:00,42.3
2025-06-12 07:31:00,88.5
2025-06-12 21:37:00,20.5
2025-06-12 02:00:00,74.1
2025-06-12 01:02:00,77.4
2025-06-12 03:37:00,8.6
2025-06-12 01:38:00,86.1
2025-06-12 17:15:00,95.0
2025-06-12 23:26:00,50.492298592215775
2025-06-12 14:12:00,50.492298592215775
2025-06-12 16:56:00,88.5
2025-06-12 18:07:00,15.4
2025-06-12 12:39:00,61.5
2025-06-12 14:11:00,69.6
2025-06-12 11:17:00,91.1
2025-06-12 01:31:00,83.4
2025-06-12 06:51:00,91.8
2025-06-12 17:37:00,99.8
2025-06-12 10:18:00,97.9
2025-06-12 14:19:00,17.0
2025-06-12 01:16:00,52.2
2025-06-12 19:59:00,22.9
2025-06-12 13:40:00,89.4
2025-06-12 04:56:00,50.492298592215775
2025-06-12 03:40:00,87.5
2025-06-12 08:03:00,28.4
2025-06-12 05:47:00,65.8
2025-06-12 15:37:00,50.492298592215775
2025-06-12 02:47:00,27.9
2025-06-12 10:32:00,50.8
2025-06-12 11:29:00,27.6
2025-06-12 02:06:00,3.7
2025-06-12 17:04:00,80.8
2025-06-12 01:35:00,50.492298592215775
2025-06-12 14:29:00,64.2
2025-06-12 14:58:00,74.3
2025-06-12 19:55:00,50.190676567656766
2025-06-12 09:24:00,73.7
2025-06-12 20:19:00,50.190676567656766
2025-06-12 02:35:00,50.190676567656766
2025-06-12 06:38:00,11.2
2025-06-12 13:05:00,18.5
2025-06-12 06:41:00,95.7
2025-06-12 05:04:00,98.7
2025-06-12 17:06:00,9.3
2025-06-12 13:44:00,14.4
2025-06-12 00:02:00,81.0
2025-06-12 18:42:00,39.7
2025-06-12 02:55:00,20.2
2025-06-12 17:18:00,19.1
2025-06-12 13:42:00,68.4
2025-06-12 12:05:00,2.0
2025-06-12 23:55:00,50.190676567656766
2025-06-12 15:15:00,32.2
2025-06-12 18:02:00,49.3
2025-06-12 03:51:00,50.190676567656766
2025-06-12 09:17:00,50.190676567656766
2025-06-12 22:24:00,15.5
2025-06-12 04:38:00,51.7
2025-06-12 09:31:00,22.5
2025-06-12 16:17:00,17.3
2025-06-12 13:01:00,68.5
2025-06-12 07:21:00,60.8
2025-06-12 19:41:00,27.9
2025-06-12 02:42:00,20.4
2025-06-12 00:37:00,36.2
2025-06-12 23:09:00,61.4
2025-06-12 09:00:00,92.0
2025-06-12 00:11:00,16.9
2025-06-12 11:11:00,25.7
2025-06-12 22:27:00,5.3
2025-06-12 15:31:00,41.6
2025-06-12 16:53:00,74.8
2025-06-12 14:52:00,2.1
2025-06-12 09:04:00,50.190676567656766
2025-06-12 14:04:00,88.5
2025-06-12 11:24:00,36.7
2025-06-12 21:50:00,39.7
2025-06-12 04:57:00,50.190676567656766
2025-06-12 18:10:00,58.1
2025-06-12 07:24:00,99.2
2025-06-12 04:35:00,21.8
2025-06-12 04:04:00,15.0
2025-06-12 03:18:00,56.9
2025-06-12 19:58:00,19.2
2025-06-12 10:54:00,50.190676567656766
2025-06-12 04:36:00,50.190676567656766
2025-06-12 14:08:00,50.190676567656766
2025-06-12 18:03:00,88.7
2025-06-12 01:49:00,14.7
2025-06-12 03:52:00,22.3
2025-06-12 00:40:00,17.2
2025-06-12 13:40:00,50.190676567656766
2025-06-12 18:18:00,73.6
2025-06-12 15:53:00,47.6
2025-06-12 15:11:00,66.8
2025-06-12 17:19:00,72.0
2025-06-12 05:07:00,9.4
2025-06-12 18:21:00,89.6
2025-06-12 15:54:00,30.5
2025-06-12 01:26:00,50.190676567656766
2025-06-12 01:51:00,43.0
2025-06-12 20:30:00,51.3
2025-06-12 07:49:00,74.2
2025-06-12 05:45:00,9.7
2025-06-12 21:35:00,50.190676567656766
2025-06-12 10:34:00,50.190676567656766
2025-06-12 19:08:00,54.4
2025-06-12 01:08:00,75.3
2025-06-12 00:02:00,18.6
2025-06-12 11:55:00,50.190676567656766
2025-06-12 08:32:00,0.1
2025-06-12 08:24:00,25.9
2025-06-12 00:43:00,1.5
2025-06-12 23:55:00,87.0
2025-06-12 21:07:00,22.1
2025-06-12 13:18:00,1.6
2025-06-12 05:19:00,50.190676567656766
2025-06-12 03:04:00,83.6
2025-06-12 23:03:00,50.190676567656766
2025-06-12 14:48:00,50.190676567656766
2025-06-12 00:32:00,29.0
2025-06-12 22:57:00,82.9
2025-06-12 16:59:00,44.6
2025-06-12 07:12:00,52.9
2025-06-12 12:57:00,50.8
2025-06-12 04:17:00,46.1
2025-06-12 09:10:00,13.0
2025-06-12 14:45:00,62.8
2025-06-12 18:40:00,82.6
2025-06-12 15:36:00,98.7
2025-06-12 15:41:00,19.2
2025-06-12 03:50:00,24.1
2025-06-12 18:09:00,50.190676567656766
2025-06-12 22:30:00,50.190676567656766
2025-06-12 04:34:00,50.190676567656766
2025-06-12 21:29:00,44.9
2025-06-12 14:39:00,75.1
2025-06-12 11:22:00,5.8
2025-06-12 00:50:00,95.3
2025-06-12 06:50:00,52.7
2025-06-12 15:33:00,50.190676567656766
2025-06-12 03:34:00,50.190676567656766
2025-06-12 20:50:00,83.0
2025-06-12 09:50:00,97.2
2025-06-12 14:22:00,95.0
2025-06-12 12:53:00,50.190676567656766
2025-06-12 12:25:00,13.3
2025-06-12 20:39:00,18.1
2025-06-12 22:36:00,25.5
2025-06-12 22:52:00,35.9
2025-06-12 05:38:00,88.0
2025-06-12 01:52:00,83.9
2025-06-12 07:18:00,40.0
2025-06-12 10:03:00,56.6
2025-06-12 06:57:00,50.190676567656766
2025-06-12 08:57:00,24.8
2025-06-12 09:44:00,89.7
2025-06-12 00:01:00,50.190676567656766
2025-06-12 05:58:00,32.4
2025-06-12 08:59:00,35.9
2025-06-12 00:35:00,76.4
2025-06-12 06:37:00,50.190676567656766
2025-06-12 17:27:00,50.190676567656766
2025-06-12 20:58:00,50.190676567656766
2025-06-12 02:44:00,34.9
2025-06-12 14:55:00,92.7
2025-06-12 07:24:00,54.4
2025-06-12 20:35:00,50.190676567656766
2025-06-12 09:26:00,94.3
2025-06-12 23:36:00,22.4
2025-06-12 15:12:00,66.7
2025-06-12 19:54:00,68.7
2025-06-12 12:10:00,20.1
2025-06-12 23:44:00,59.0
2025-06-12 13:34:00,29.7
2025-06-12 19:18:00,35.5
2025-06-12 19:43:00,42.2
2025-06-12 06:49:00,50.190676567656766
2025-06-12 07:47:00,61.6
2025-06-12 07:02:00,21.0
2025-06-12 23:03:00,5.2
2025-06-12 03:50:00,37.6
2025-06-12 01:34:00,42.4
2025-06-12 21:24:00,89.2
2025-06-12 09:29:00,21.6
2025-06-12 18:25:00,62.9
2025-06-12 10:19:00,32.4
2025-06-12 17:58:00,31.3
2025-06-12 13:15:00,50.190676567656766
2025-06-12 22:16:00,50.190676567656766
2025-06-12 10:39:00,50.190676567656766
2025-06-12 20:35:00,26.6
2025-06-12 13:19:00,94.2
2025-06-12 20:10:00,51.8
2025-06-12 05:28:00,14.2
2025-06-12 20:04:00,90.7
2025-06-12 03:54:00,95.1
2025-06-12 04:04:00,71.0
2025-06-12 17:03:00,63.6
2025-06-12 04:23:00,9.9
2025-06-12 19:17:00,19.8
2025-06-12 11:15:00,60.6
2025-06-12 05:55:00,36.6
2025-06-12 03:19:00,66.6
2025-06-12 17:42:00,94.2
2025-06-12 10:21:00,50.190676567656766
2025-06-12 07:16:00,9.7
2025-06-12 14:23:00,51.6
2025-06-12 07:38:00,50.190676567656766
2025-06-12 03:27:00,43.1
2025-06-12 08:31:00,61.8
2025-06-12 01:35:00,54.3
2025-06-12 03:48:00,50.190676567656766
2025-06-12 02:56:00,95.7
2025-06-12 08:45:00,50.190676567656766
2025-06-12 02:29:00,8.5
2025-06-12 19:19:00,19.9
2025-06-12 05:03:00,13.8
2025-06-12 19:05:00,50.190676567656766
2025-06-12 23:46:00,50.190676567656766
2025-06-12 21:57:00,45.6
2025-06-12 04:16:00,17.8
2025-06-12 03:21:00,48.8
2025-06-12 17:23:00,48.8
2025-06-12 06:29:00,5.0
2025-06-12 05:51:00,50.190676567656766
2025-06-12 03:05:00,92.8
2025-06-12 03:11:00,45.8
2025-06-12 16:00:00,50.190676567656766
2025-06-12 16:03:00,25.6
2025-06-12 01:19:00,83.1
2025-06-12 15:10:00,39.9
2025-06-12 22:24:00,49.9
2025-06-12 11:54:00,87.0
2025-06-12 17:57:00,8.1
2025-06-12 07:34:00,13.0
2025-06-12 07:37:00,2.1
2025-06-12 03:07:00,50.190676567656766
2025-06-12 00:37:00,86.0
2025-06-12 10:32:00,57.0
2025-06-12 06:54:00,80.7
2025-06-12 02:59:00,15.1
2025-06-12 21:36:00,11.4
2025-06-12 08:23:00,18.8
2025-06-12 18:10:00,50.190676567656766
2025-06-12 17:39:00,50.7
2025-06-12 11:20:00,50.190676567656766
2025-06-12 20:13:00,88.1
2025-06-12 10:24:00,9.8
2025-06-12 17:24:00,88.3
2025-06-12 02:39:00,69.7
2025-06-12 09:33:00,29.2
2025-06-12 04:16:00,96.9
2025-06-12 10:51:00,82.3
2025-06-12 16:55:00,80.7
2025-06-12 22:27:00,78.1
2025-06-12 07:06:00,74.0
2025-06-12 17:30:00,100.0
2025-06-12 12:49:00,46.8
2025-06-12 17:23:00,12.3
2025-06-12 13:03:00,67.6
2025-06-12 08:34:00,50.190676567656766
2025-06-12 00:07:00,89.2
2025-06-12 11:47:00,10.3
2025-06-12 13:41:00,40.3
2025-06-12 13:04:00,43.5
2025-06-12 08:19:00,19.5
2025-06-12 23:48:00,50.190676567656766
2025-06-12 07:49:00,50.190676567656766
2025-06-12 12:29:00,98.2
2025-06-12 11:33:00,64.5
2025-06-12 14:45:00,58.9
2025-06-12 13:17:00,20.8
2025-06-12 11:25:00,50.190676567656766
2025-06-12 21:20:00,24.0
2025-06-12 12:59:00,50.190676567656766
2025-06-12 14:39:00,97.4
2025-06-12 20:53:00,43.0
2025-06-12 21:49:00,45.9
2025-06-12 23:09:00,4.3
2025-06-12 15:50:00,50.190676567656766
2025-06-12 10:18:00,80.6
2025-06-12 09:06:00,95.1
2025-06-12 00:42:00,24.1
2025-06-12 19:08:00,50.190676567656766
2025-06-12 04:08:00,30.7
2025-06-12 05:02:00,33.9
2025-06-12 03:18:00,57.2
2025-06-12 06:39:00,4.9
2025-06-12 07:16:00,86.7
2025-06-12 07:15:00,46.7
2025-06-12 18:55:00,19.7
2025-06-12 21:30:00,69.0
2025-06-12 10:45:00,31.2
2025-06-12 13:40:00,91.6
2025-06-12 09:27:00,50.190676567656766
2025-06-12 06:55:00,57.3
2025-06-12 05:02:00,14.2
2025-06-12 09:51:00,62.2
2025-06-12 00:53:00,13.0
2025-06-12 20:27:00,98.3
2025-06-12 17:05:00,5.0
2025-06-12 12:33:00,58.0
2025-06-12 13:51:00,80.2
2025-06-12 14:24:00,2.8
2025-06-12 01:48:00,14.2
2025-06-12 19:39:00,32.4
2025-06-12 03:35:00,97.0
2025-06-12 08:22:00,50.190676567656766
2025-06-12 06:35:00,51.0
2025-06-12 15:12:00,20.0
2025-06-12 11:51:00,57.4
2025-06-12 19:21:00,29.4
2025-06-12 14:40:00,3.8
2025-06-12 17:53:00,18.1
2025-06-12 17:29:00,50.190676567656766
2025-06-12 22:27:00,48.7
2025-06-12 04:11:00,4.6
2025-06-12 19:41:00,88.7
2025-06-12 00:06:00,25.8
2025-06-12 05:13:00,14.6
2025-06-12 03:12:00,96.5
2025-06-12 03:48:00,45.3
2025-06-12 13:49:00,34.4
2025-06-12 06:25:00,59.3
2025-06-12 12:53:00,47.1
2025-06-12 23:42:00,42.5
2025-06-12 12:56:00,25.1
2025-06-12 21:28:00,50.8
2025-06-12 22:00:00,50.7
2025-06-12 08:57:00,15.3
2025-06-12 22:00:00,97.5
2025-06-12 10:18:00,50.190676567656766
2025-06-12 02:11:00,7.3
2025-06-12 19:28:00,50.190676567656766
2025-06-12 02:59:00,61.0
2025-06-12 11:43:00,54.3
2025-06-12 21:23:00,81.2
2025-06-12 23:04:00,29.8
2025-06-12 03:47:00,13.3
2025-06-12 00:10:00,10.7
2025-06-12 09:41:00,15.8
2025-06-12 16:59:00,5.8
2025-06-12 17:37:00,60.5
2025-06-12 11:46:00,95.9
2025-06-12 10:46:00,28.4
2025-06-12 00:56:00,50.190676567656766
2025-06-12 08:28:00,60.6
2025-06-12 09:35:00,33.6
2025-06-12 21:07:00,16.5
2025-06-12 14:50:00,86.8
2025-06-12 19:17:00,75.9
2025-06-12 05:53:00,12.4
2025-06-12 02:34:00,96.2
2025-06-12 12:45:00,4.4
2025-06-12 17:21:00,53.2
2025-06-12 02:31:00,60.6
2025-06-12 17:09:00,34.0
2025-06-12 07:11:00,7.4
2025-06-12 03:16:00,54.0
2025-06-12 07:11:00,50.190676567656766
2025-06-12 15:29:00,50.190676567656766
2025-06-12 18:29:00,40.9
2025-06-12 16:33:00,52.3
2025-06-12 05:06:00,22.1
2025-06-12 01:58:00,97.9
2025-06-12 15:33:00,65.3
2025-06-12 17:35:00,78.8
2025-06-12 11:31:00,6.6
2025-06-12 22:54:00,27.2
2025-06-12 06:14:00,66.0
2025-06-12 03:22:00,36.0
2025-06-12 15:15:00,74.5
2025-06-12 04:41:00,91.0
2025-06-12 07:33:00,49.0
2025-06-12 21:18:00,65.7
2025-06-12 10:34:00,18.3
2025-06-12 16:50:00,50.190676567656766
2025-06-12 20:54:00,99.9
2025-06-12 21:36:00,15.7
2025-06-12 02:42:00,23.7
2025-06-12 13:17:00,19.0
2025-06-12 18:07:00,49.69925181201777
2025-06-12 01:02:00,13.4
2025-06-12 01:29:00,58.5
2025-06-12 11:59:00,99.1
2025-06-12 17:44:00,17.3
2025-06-12 20:25:00,49.69925181201777
2025-06-12 09:33:00,42.7
2025-06-12 22:28:00,28.6
2025-06-12 19:53:00,49.69925181201777
2025-06-12 17:03:00,0.2
2025-06-12 08:49:00,1.9
2025-06-12 19:25:00,63.5
2025-06-12 10:56:00,96.5
2025-06-12 16:19:00,49.69925181201777
2025-06-12 20:04:00,76.2
2025-06-12 22:53:00,49.69925181201777
2025-06-12 20:31:00,69.7
2025-06-12 01:09:00,6.0
2025-06-12 15:12:00,47.5
2025-06-12 05:00:00,49.69925181201777
2025-06-12 07:26:00,29.5
2025-06-12 02:13:00,0.8
2025-06-12 16:35:00,44.7
2025-06-12 23:17:00,31.7
2025-06-12 02:51:00,61.3
2025-06-12 20:27:00,21.9
2025-06-12 12:18:00,49.3
2025-06-12 14:27:00,48.8
2025-06-12 09:54:00,66.3
2025-06-12 11:03:00,50.4
2025-06-12 09:06:00,94.6
2025-06-12 02:36:00,20.1
2025-06-12 20:22:00,36.8
2025-06-12 17:28:00,49.69925181201777
2025-06-12 21:37:00,23.2
2025-06-12 20:00:00,76.5
2025-06-12 23:53:00,18.1
2025-06-12 08:53:00,100.0
2025-06-12 16:47:00,71.1
2025-06-12 14:50:00,87.0
2025-06-12 15:28:00,69.4
2025-06-12 19:32:00,36.3
2025-06-12 13:07:00,86.8
2025-06-12 15:16:00,20.1
2025-06-12 07:27:00,35.3
2025-06-12 06:10:00,49.69925181201777
2025-06-12 21:18:00,18.6
2025-06-12 23:50:00,65.9
2025-06-12 08:44:00,84.8
2025-06-12 16:05:00,89.6
2025-06-12 15:58:00,25.0
2025-06-12 01:17:00,17.8
2025-06-12 22:43:00,51.2
2025-06-12 07:17:00,49.69925181201777
2025-06-12 20:08:00,41.0
2025-06-12 11:50:00,49.9
2025-06-12 21:38:00,4.7
2025-06-12 04:18:00,79.4
2025-06-12 13:33:00,92.6
2025-06-12 08:22:00,29.4
2025-06-12 14:40:00,8.6
2025-06-12 04:04:00,70.5
2025-06-12 01:41:00,85.2
2025-06-12 19:04:00,4.1
2025-06-12 23:03:00,49.69925181201777
2025-06-12 14:25:00,23.8
2025-06-12 01:12:00,15.0
2025-06-12 05:56:00,45.3
2025-06-12 20:42:00,48.9
2025-06-12 22:18:00,30.2
2025-06-12 14:26:00,34.1
2025-06-12 22:22:00,29.0
2025-06-12 17:46:00,78.2
2025-06-12 12:56:00,80.6
2025-06-12 01:00:00,8.8
2025-06-12 23:41:00,98.9
2025-06-12 06:12:00,49.69925181201777
2025-06-12 02:53:00,41.6
2025-06-12 13:53:00,53.2
2025-06-12 11:49:00,10.0
2025-06-12 22:22:00,21.2
2025-06-12 02:46:00,24.3
2025-06-12 21:44:00,28.1
2025-06-12 19:05:00,40.0
2025-06-12 06:30:00,60.6
2025-06-12 03:08:00,26.1
2025-06-12 17:13:00,1.1
2025-06-12 16:58:00,43.4
2025-06-12 03:12:00,29.6
2025-06-12 03:56:00,81.8
2025-06-12 20:08:00,49.69925181201777
2025-06-12 21:25:00,90.2
2025-06-12 06:29:00,49.69925181201777
2025-06-12 10:35:00,63.0
2025-06-12 10:25:00,30.2
2025-06-12 04:53:00,60.0
2025-06-12 22:43:00,90.8
2025-06-12 18:13:00,86.4
2025-06-12 13:37:00,79.2
2025-06-12 03:36:00,49.69925181201777
2025-06-12 09:09:00,26.1
2025-06-12 03:07:00,64.0
2025-06-12 10:33:00,47.0
2025-06-12 19:58:00,39.7
2025-06-12 12:44:00,49.69925181201777
2025-06-12 16:26:00,68.5
2025-06-12 01:39:00,81.5
2025-06-12 22:32:00,42.8
2025-06-12 15:22:00,26.9
2025-06-12 02:15:00,49.69925181201777
2025-06-12 23:34:00,29.5
2025-06-12 04:14:00,26.5
2025-06-12 07:39:00,58.1
2025-06-12 05:22:00,49.69925181201777
2025-06-12 22:30:00,60.1
2025-06-12 17:28:00,63.9
2025-06-12 20:08:00,98.6
2025-06-12 20:35:00,86.2
2025-06-12 01:04:00,69.4
2025-06-12 04:48:00,59.6
2025-06-12 20:55:00,98.2
2025-06-12 11:41:00,49.69925181201777
2025-06-12 04:34:00,17.0
2025-06-12 18:58:00,25.6
2025-06-12 17:58:00,91.0
2025-06-12 03:04:00,79.8
2025-06-12 22:49:00,10.9
2025-06-12 08:26:00,45.2
2025-06-12 02:47:00,64.4
2025-06-12 10:25:00,49.69925181201777
2025-06-12 04:01:00,61.5
2025-06-12 04:36:00,43.4
2025-06-12 14:18:00,49.69925181201777
2025-06-12 07:41:00,13.1
2025-06-12 01:23:00,98.6
2025-06-12 14:47:00,68.5
2025-06-12 13:03:00,25.2
2025-06-12 16:43:00,12.2
2025-06-12 06:12:00,72.2
2025-06-12 18:48:00,71.6
2025-06-12 06:54:00,60.6
2025-06-12 22:30:00,67.5
2025-06-12 16:58:00,73.8
2025-06-12 19:15:00,13.9
2025-06-12 19:33:00,49.69925181201777
2025-06-12 19:36:00,0.7
2025-06-12 01:02:00,23.0
2025-06-12 11:07:00,85.0
2025-06-12 19:23:00,49.69925181201777
2025-06-12 11:11:00,68.8
2025-06-12 17:48:00,95.6
2025-06-12 04:22:00,61.0
2025-06-12 09:12:00,24.1
2025-06-12 11:34:00,79.7
2025-06-12 15:46:00,27.7
2025-06-12 08:15:00,49.69925181201777
2025-06-12 17:40:00,41.7
2025-06-12 22:20:00,37.6
2025-06-12 11:54:00,94.2
2025-06-12 17:18:00,24.7
2025-06-12 16:22:00,49.69925181201777
2025-06-12 22:50:00,65.3
2025-06-12 01:40:00,95.9
2025-06-12 04:46:00,49.69925181201777
2025-06-12 14:04:00,49.69925181201777
2025-06-12 20:45:00,45.0
2025-06-12 10:38:00,22.2
2025-06-12 04:16:00,49.69925181201777
2025-06-12 06:07:00,10.9
2025-06-12 07:20:00,71.9
2025-06-12 23:49:00,87.7
2025-06-12 15:58:00,74.1
2025-06-12 13:12:00,99.1
2025-06-12 15:20:00,45.9
2025-06-12 01:30:00,54.2
2025-06-12 01:01:00,50.6
2025-06-12 05:41:00,50.8
2025-06-12 22:20:00,49.69925181201777
2025-06-12 04:58:00,51.8
2025-06-12 22:08:00,53.8
2025-06-12 05:49:00,53.6
2025-06-12 01:51:00,49.69925181201777
2025-06-12 12:33:00,11.9
2025-06-12 22:26:00,36.4
2025-06-12 22:43:00,8.2
2025-06-12 11:27:00,83.9
2025-06-12 12:02:00,19.2
2025-06-12 07:21:00,70.3
2025-06-12 21:05:00,94.9
2025-06-12 19:02:00,95.7
2025-06-12 11:36:00,49.69925181201777
2025-06-12 11:46:00,26.9
2025-06-12 02:30:00,90.0
2025-06-12 11:30:00,61.2
2025-06-12 04:09:00,9.6
2025-06-12 16:20:00,38.5
2025-06-12 00:03:00,61.7
2025-06-12 10:02:00,93.1
2025-06-12 21:17:00,94.9
2025-06-12 18:35:00,49.69925181201777
2025-06-12 04:29:00,55.5
2025-06-12 17:56:00,49.69925181201777
2025-06-12 20:03:00,96.3
2025-06-12 08:11:00,38.6
2025-06-12 17:42:00,47.7
2025-06-12 08:32:00,49.69925181201777
2025-06-12 07:20:00,53.8
2025-06-12 15:04:00,60.4
2025-06-12 09:18:00,49.69925181201777
2025-06-12 02:22:00,28.7
2025-06-12 23:23:00,33.9
2025-06-12 11:11:00,83.6
2025-06-12 13:54:00,73.6
2025-06-12 03:02:00,87.7
2025-06-12 17:43:00,99.0
2025-06-12 03:36:00,52.7
2025-06-12 17:26:00,56.4
2025-06-12 06:14:00,9.9
2025-06-12 16:39:00,69.5
2025-06-12 18:53:00,78.5
2025-06-12 19:55:00,82.9
2025-06-12 17:56:00,56.9
2025-06-12 16:29:00,45.1
2025-06-12 09:20:00,58.0
2025-06-12 01:30:00,39.3
2025-06-12 03:09:00,52.5
2025-06-12 06:27:00,76.8
2025-06-12 14:08:00,14.6
2025-06-12 01:33:00,18.1
2025-06-12 19:36:00,49.69925181201777
2025-06-12 08:03:00,0.4
2025-06-12 06:35:00,74.1
2025-06-12 03:50:00,79.3
2025-06-12 02:11:00,96.5
2025-06-12 04:59:00,87.6
2025-06-12 14:22:00,46.5
2025-06-12 06:56:00,99.4
2025-06-12 05:09:00,49.69925181201777
2025-06-12 23:41:00,71.4
2025-06-12 16:19:00,49.69925181201777
2025-06-12 01:57:00,2.8
2025-06-12 15:38:00,49.69925181201777
2025-06-12 15:55:00,49.69925181201777
2025-06-12 14:58:00,57.3
2025-06-12 05:23:00,67.7
2025-06-12 22:17:00,6.6
2025-06-12 04:20:00,69.4
2025-06-12 16:37:00,35.2
2025-06-12 07:43:00,63.8
2025-06-12 15:00:00,5.5
2025-06-12 14:35:00,67.1
2025-06-12 12:56:00,37.5
2025-06-12 17:48:00,16.9
2025-06-12 07:13:00,69.7
2025-06-12 00:08:00,83.9
2025-06-12 01:47:00,4.3
2025-06-12 22:41:00,22.2
2025-06-12 16:38:00,50.2
2025-06-12 23:01:00,19.4
2025-06-12 22:06:00,88.1
2025-06-12 03:36:00,70.6
2025-06-12 17:18:00,48.0
2025-06-12 23:49:00,54.8
2025-06-12 15:54:00,35.4
2025-06-12 01:39:00,53.5
2025-06-12 01:04:00,82.0
2025-06-12 15:30:00,36.5
2025-06-12 06:11:00,18.6
2025-06-12 22:39:00,58.2
2025-06-12 11:42:00,23.5
2025-06-12 05:59:00,3.2
2025-06-12 10:34:00,75.5
2025-06-12 01:16:00,49.69925181201777
2025-06-12 04:01:00,17.5
2025-06-12 08:11:00,76.1
2025-06-12 07:31:00,49.69925181201777
2025-06-12 17:05:00,27.8
2025-06-12 02:15:00,25.0
2025-06-12 23:53:00,49.69925181201777
2025-06-12 06:32:00,93.6
2025-06-12 18:55:00,6.4
2025-06-12 11:05:00,42.0
2025-06-12 15:08:00,49.69925181201777
2025-06-12 11:56:00,44.1
2025-06-12 09:24:00,69.6
2025-06-12 22:39:00,96.4
2025-06-12 08:17:00,28.3
2025-06-12 08:41:00,49.69925181201777
2025-06-12 17:49:00,61.2
2025-06-12 10:48:00,83.6
2025-06-12 04:25:00,34.4
2025-06-12 10:34:00,49.69925181201777
2025-06-12 17:39:00,24.1
2025-06-12 00:47:00,79.0
2025-06-12 03:52:00,18.3
2025-06-12 12:55:00,49.69925181201777
2025-06-12 13:40:00,83.0
2025-06-12 18:16:00,84.2
2025-06-12 19:38:00,72.4
2025-06-12 13:16:00,85.6
2025-06-12 05:01:00,2.7
2025-06-12 10:16:00,9.8
2025-06-12 11:39:00,1.7
2025-06-12 10:45:00,63.2
2025-06-12 14:46:00,74.5
2025-06-12 07:56:00,9.6
2025-06-12 14:41:00,85.5
2025-06-12 20:35:00,93.5
2025-06-12 23:57:00,97.7
2025-06-12 15:56:00,9.7
2025-06-12 03:54:00,22.1
2025-06-12 02:30:00,49.69925181201777
2025-06-12 08:28:00,18.7
2025-06-12 20:14:00,1.7
2025-06-12 02:06:00,8.5
2025-06-12 05:10:00,39.8
2025-06-12 08:19:00,79.3
2025-06-12 12:33:00,92.1
2025-06-12 17:41:00,18.2
2025-06-12 02:19:00,86.6
2025-06-12 17:19:00,49.69925181201777
2025-06-12 20:14:00,61.6
2025-06-12 16:08:00,82.5
2025-06-12 09:37:00,91.4
2025-06-12 15:02:00,54.1
2025-06-12 19:27:00,49.69925181201777
2025-06-12 18:47:00,97.5
2025-06-12 01:16:00,10.7
2025-06-12 15:00:00,29.0
2025-06-12 14:02:00,27.7
2025-06-12 01:29:00,49.69925181201777
2025-06-12 13:10:00,11.8
2025-06-12 12:27:00,30.6
2025-06-12 22:40:00,29.7
2025-06-12 08:11:00,20.8
2025-06-12 11:20:00,61.8
2025-06-12 08:53:00,74.9
2025-06-12 15:22:00,92.7
2025-06-12 14:58:00,20.4
2025-06-12 10:47:00,46.5
2025-06-12 18:37:00,50.9
2025-06-12 12:31:00,49.69925181201777
2025-06-12 16:22:00,71.3
2025-06-12 12:53:00,49.69925181201777
2025-06-12 00:17:00,4.1
2025-06-12 19:52:00,33.4
2025-06-12 15:45:00,81.9
2025-06-12 13:15:00,48.5
2025-06-12 16:04:00,87.9
2025-06-12 20:44:00,65.2
2025-06-12 23:35:00,8.1
2025-06-12 05:05:00,67.1
2025-06-12 00:36:00,98.8
2025-06-12 02:31:00,39.6
2025-06-12 19:14:00,50.15234640140434
2025-06-12 05:52:00,83.9
2025-06-12 18:40:00,11.3
2025-06-12 09:54:00,21.8
2025-06-12 14:14:00,94.8
2025-06-12 05:54:00,4.5
2025-06-12 18:17:00,50.15234640140434
2025-06-12 11:11:00,8.0
2025-06-12 13:54:00,36.6
2025-06-12 14:27:00,67.6
2025-06-12 06:49:00,50.15234640140434
2025-06-12 14:35:00,88.8
2025-06-12 18:56:00,57.9
2025-06-12 23:18:00,82.4
2025-06-12 23:50:00,42.8
2025-06-12 18:18:00,5.6
2025-06-12 06:48:00,50.15234640140434
2025-06-12 21:48:00,50.15234640140434
2025-06-12 15:33:00,67.3
2025-06-12 10:10:00,61.4
2025-06-12 22:32:00,71.9
2025-06-12 11:37:00,14.7
2025-06-12 11:24:00,65.7
2025-06-12 20:05:00,9.6
2025-06-12 05:29:00,16.9
2025-06-12 02:20:00,12.8
2025-06-12 15:33:00,59.6
2025-06-12 18:32:00,10.4
2025-06-12 23:22:00,49.3
2025-06-12 11:16:00,50.15234640140434
2025-06-12 13:37:00,58.7
2025-06-12 12:27:00,59.0
2025-06-12 05:46:00,33.5
2025-06-12 12:49:00,50.15234640140434
2025-06-12 16:04:00,22.2
2025-06-12 09:40:00,50.15234640140434
2025-06-12 17:25:00,67.9
2025-06-12 18:49:00,72.3
2025-06-12 15:24:00,16.4
2025-06-12 23:36:00,35.9
2025-06-12 22:53:00,4.5
2025-06-12 15:13:00,39.8
2025-06-12 13:26:00,83.4
2025-06-12 16:57:00,90.5
2025-06-12 21:13:00,78.4
2025-06-12 16:29:00,35.5
2025-06-12 19:36:00,97.3
2025-06-12 14:09:00,50.15234640140434
2025-06-12 12:08:00,50.7
2025-06-12 13:58:00,71.8
2025-06-12 08:09:00,47.4
2025-06-12 23:01:00,89.5
2025-06-12 21:53:00,93.1
2025-06-12 07:09:00,61.0
2025-06-12 23:15:00,50.15234640140434
2025-06-12 02:59:00,50.15234640140434
2025-06-12 04:36:00,43.4
2025-06-12 01:57:00,68.6
2025-06-12 15:31:00,50.15234640140434
2025-06-12 18:58:00,42.8
2025-06-12 19:53:00,94.6
2025-06-12 15:02:00,51.7
2025-06-12 05:47:00,98.8
2025-06-12 15:19:00,50.5
2025-06-12 03:08:00,0.0
2025-06-12 13:21:00,50.15234640140434
2025-06-12 11:36:00,18.8
2025-06-12 10:38:00,87.9
2025-06-12 12:49:00,50.15234640140434
2025-06-12 17:06:00,68.6
2025-06-12 10:05:00,87.4
2025-06-12 01:18:00,63.9
2025-06-12 22:38:00,75.3
2025-06-12 13:32:00,50.15234640140434
2025-06-12 15:47:00,50.15234640140434
2025-06-12 12:31:00,4.8
2025-06-12 14:15:00,87.5
2025-06-12 10:52:00,15.2
2025-06-12 21:21:00,25.1
2025-06-12 21:22:00,50.15234640140434
2025-06-12 22:30:00,7.2
2025-06-12 02:19:00,50.15234640140434
2025-06-12 23:40:00,89.0
2025-06-12 10:36:00,50.15234640140434
2025-06-12 05:37:00,91.1
2025-06-12 17:59:00,47.4
2025-06-12 11:01:00,3.7
2025-06-12 11:03:00,97.0
2025-06-12 19:01:00,5.1
2025-06-12 05:44:00,50.15234640140434
2025-06-12 10:15:00,90.6
2025-06-12 00:40:00,21.2
2025-06-12 19:57:00,11.3
2025-06-12 07:06:00,87.0
2025-06-12 10:49:00,99.0
2025-06-12 22:21:00,89.9
2025-06-12 00:17:00,6.5
2025-06-12 10:17:00,95.0
2025-06-12 04:50:00,58.5
2025-06-12 13:47:00,43.2
2025-06-12 11:51:00,57.0
2025-06-12 22:35:00,84.9
2025-06-12 10:15:00,90.0
2025-06-12 01:42:00,34.6
2025-06-12 20:46:00,3.8
2025-06-12 23:05:00,13.6
2025-06-12 02:52:00,46.5
2025-06-12 02:17:00,16.5
2025-06-12 22:06:00,67.0
2025-06-12 06:51:00,89.1
2025-06-12 08:16:00,32.9
2025-06-12 11:48:00,34.7
2025-06-12 10:39:00,15.3
2025-06-12 22:20:00,68.5
2025-06-12 02:16:00,23.0
2025-06-12 11:33:00,98.5
2025-06-12 19:07:00,72.8
2025-06-12 17:58:00,50.15234640140434
2025-06-12 08:23:00,62.4
2025-06-12 16:30:00,28.6
2025-06-12 10:18:00,14.7
2025-06-12 20:58:00,7.6
2025-06-12 03:06:00,50.15234640140434
2025-06-12 12:04:00,54.4
2025-06-12 19:13:00,50.15234640140434
2025-06-12 05:21:00,50.15234640140434
2025-06-12 02:56:00,50.15234640140434
2025-06-12 16:52:00,88.5
2025-06-12 11:58:00,11.8
2025-06-12 04:33:00,66.5
2025-06-12 08:55:00,50.15234640140434
2025-06-12 10:23:00,6.5
2025-06-12 20:03:00,44.4
2025-06-12 09:53:00,0.8
2025-06-12 02:34:00,69.3
2025-06-12 19:13:00,22.5
2025-06-12 00:47:00,50.4
2025-06-12 11:02:00,19.2
2025-06-12 11:04:00,46.2
2025-06-12 10:57:00,47.9
2025-06-12 02:16:00,50.15234640140434
2025-06-12 05:43:00,39.9
2025-06-12 07:12:00,50.15234640140434
2025-06-12 08:46:00,27.4
2025-06-12 02:17:00,89.1
2025-06-12 11:46:00,72.4
2025-06-12 04:02:00,68.6
2025-06-12 05:18:00,48.5
2025-06-12 15:30:00,57.7
2025-06-12 17:44:00,55.7
2025-06-12 17:11:00,2.4
2025-06-12 15:29:00,43.2
2025-06-12 19:59:00,40.9
2025-06-12 02:40:00,13.4
2025-06-12 05:03:00,76.5
2025-06-12 21:11:00,50.15234640140434
2025-06-12 22:17:00,4.6
2025-06-12 20:36:00,37.9
2025-06-12 05:36:00,40.6
2025-06-12 04:48:00,50.15234640140434
2025-06-12 16:07:00,70.8
2025-06-12 11:25:00,54.3
2025-06-12 19:39:00,11.8
2025-06-12 19:14:00,93.2
2025-06-12 15:00:00,37.8
2025-06-12 13:08:00,19.4
2025-06-12 19:02:00,56.3
2025-06-12 07:46:00,43.8
2025-06-12 07:38:00,76.8
2025-06-12 12:27:00,28.9
2025-06-12 19:35:00,18.2
2025-06-12 23:55:00,50.15234640140434
2025-06-12 15:42:00,98.0
2025-06-12 09:49:00,33.3
2025-06-12 23:22:00,63.4
2025-06-12 05:02:00,67.1
2025-06-12 14:38:00,50.15234640140434
2025-06-12 15:57:00,32.3
2025-06-12 17:38:00,59.7
2025-06-12 10:03:00,50.15234640140434
2025-06-12 01:06:00,26.6
2025-06-12 19:03:00,60.0
2025-06-12 11:44:00,19.9
2025-06-12 20:34:00,14.8
2025-06-12 23:20:00,52.4
2025-06-12 10:49:00,50.15234640140434
2025-06-12 17:06:00,89.6
2025-06-12 07:12:00,78.3
2025-06-12 02:10:00,15.3
2025-06-12 09:39:00,49.2
2025-06-12 03:15:00,21.3
2025-06-12 06:07:00,60.8
2025-06-12 08:43:00,62.1
2025-06-12 00:40:00,66.4
2025-06-12 14:09:00,84.5
2025-06-12 12:10:00,50.15234640140434
2025-06-12 07:52:00,32.3
2025-06-12 00:11:00,44.5
2025-06-12 11:06:00,25.7
2025-06-12 08:32:00,50.15234640140434
2025-06-12 08:26:00,50.15234640140434
2025-06-12 07:04:00,45.4
2025-06-12 23:20:00,50.15234640140434
2025-06-12 12:18:00,50.15234640140434
2025-06-12 04:11:00,77.9
2025-06-12 14:44:00,59.5
2025-06-12 13:00:00,45.3
2025-06-12 21:54:00,50.15234640140434
2025-06-12 20:39:00,13.7
2025-06-12 08:53:00,61.1
2025-06-12 03:45:00,96.6
2025-06-12 14:36:00,50.15234640140434
2025-06-12 10:51:00,95.4
2025-06-12 14:37:00,50.15234640140434
2025-06-12 08:26:00,52.3
2025-06-12 20:58:00,54.9
2025-06-12 15:34:00,50.15234640140434
2025-06-12 12:12:00,80.7
2025-06-12 12:05:00,14.5
2025-06-12 19:23:00,50.15234640140434
2025-06-12 23:14:00,94.6
2025-06-12 20:52:00,17.7
2025-06-12 13:24:00,85.7
2025-06-12 02:06:00,57.8
2025-06-12 12:20:00,35.7
2025-06-12 01:01:00,51.0
2025-06-12 16:01:00,85.9
2025-06-12 09:53:00,32.9
2025-06-12 22:31:00,4.1
2025-06-12 16:44:00,50.15234640140434
2025-06-12 06:43:00,50.15234640140434
2025-06-12 19:29:00,34.9
2025-06-12 03:08:00,92.4
2025-06-12 12:56:00,61.4
2025-06-12 19:28:00,73.5
2025-06-12 11:13:00,54.8
2025-06-12 09:36:00,70.6
2025-06-12 02:28:00,88.3
2025-06-12 18:40:00,73.5
2025-06-12 07:42:00,99.5
2025-06-12 04:09:00,6.3
2025-06-12 23:58:00,67.5
2025-06-12 23:07:00,40.1
2025-06-12 13:45:00,10.2
2025-06-12 04:45:00,34.2
2025-06-12 13:44:00,99.2
2025-06-12 10:13:00,63.8
2025-06-12 22:46:00,68.1
2025-06-12 18:50:00,50.15234640140434
2025-06-12 09:06:00,33.2
2025-06-12 01:47:00,86.8
2025-06-12 21:25:00,26.2
2025-06-12 06:32:00,86.4
2025-06-12 12:47:00,50.15234640140434
2025-06-12 01:55:00,71.3
2025-06-12 12:24:00,11.1
2025-06-12 11:21:00,40.6
2025-06-12 19:50:00,47.5
2025-06-12 16:43:00,65.7
2025-06-12 12:18:00,19.2
2025-06-12 15:14:00,50.15234640140434
2025-06-12 00:42:00,67.3
2025-06-12 20:27:00,59.0
2025-06-12 12:03:00,50.8
2025-06-12 23:31:00,66.0
2025-06-12 10:55:00,65.2
2025-06-12 20:27:00,13.0
2025-06-12 18:30:00,19.9
2025-06-12 23:16:00,61.0
2025-06-12 18:12:00,9.2
2025-06-12 04:44:00,61.5
2025-06-12 11:05:00,39.2
2025-06-12 05:25:00,9.6
2025-06-12 06:37:00,16.6
2025-06-12 13:23:00,89.3
2025-06-12 21:44:00,82.8
2025-06-12 03:12:00,37.6
2025-06-12 18:58:00,97.1
2025-06-12 12:59:00,73.9
2025-06-12 06:07:00,18.6
2025-06-12 14:20:00,50.15234640140434
2025-06-12 10:57:00,28.2
2025-06-12 03:18:00,83.4
2025-06-12 02:16:00,39.7
2025-06-12 19:48:00,27.3
2025-06-12 18:06:00,69.2
2025-06-12 00:50:00,82.2
2025-06-12 22:15:00,17.0
2025-06-12 18:45:00,6.9
2025-06-12 01:15:00,5.3
2025-06-12 21:32:00,50.15234640140434
2025-06-12 03:17:00,94.9
2025-06-12 23:24:00,41.2
2025-06-12 01:34:00,43.8
2025-06-12 12:57:00,53.2
2025-06-12 10:43:00,50.15234640140434
2025-06-12 21:25:00,43.1
2025-06-12 03:54:00,53.2
2025-06-12 20:36:00,13.6
2025-06-12 19:37:00,50.15234640140434
2025-06-12 04:46:00,22.2
2025-06-12 14:22:00,50.15234640140434
2025-06-12 13:44:00,21.6
2025-06-12 17:03:00,50.15234640140434
2025-06-12 15:57:00,50.15234640140434
2025-06-12 07:20:00,72.6
2025-06-12 02:11:00,59.5
2025-06-12 21:59:00,62.0
2025-06-12 08:24:00,88.3
2025-06-12 08:45:00,70.5
2025-06-12 22:41:00,69.4
2025-06-12 01:33:00,23.2
2025-06-12 08:13:00,14.1
2025-06-12 12:02:00,50.15234640140434
2025-06-12 19:39:00,54.0
2025-06-12 06:20:00,43.0
2025-06-12 22:48:00,36.8
2025-06-12 17:00:00,67.7
2025-06-12 06:51:00,18.3
2025-06-12 17:36:00,81.0
2025-06-12 06:53:00,41.8
2025-06-12 03:14:00,76.9
2025-06-12 22:21:00,61.5
2025-06-12 06:53:00,50.15234640140434
2025-06-12 20:06:00,89.5
2025-06-12 11:30:00,76.4
2025-06-12 11:03:00,61.9
2025-06-12 07:42:00,56.6
2025-06-12 02:38:00,88.4
2025-06-12 12:29:00,28.1
2025-06-12 11:00:00,24.4
2025-06-12 17:27:00,74.5
2025-06-12 00:41:00,57.1
2025-06-12 10:04:00,22.7
2025-06-12 01:49:00,14.2
2025-06-12 11:30:00,50.15234640140434
2025-06-12 00:03:00,75.5
2025-06-12 10:33:00,49.8
2025-06-12 07:23:00,20.7
2025-06-12 02:06:00,70.4
2025-06-12 09:36:00,43.7
2025-06-12 15:21:00,75.4
2025-06-12 07:11:00,69.2
2025-06-12 20:29:00,50.15747328871669
2025-06-12 11:37:00,15.4
2025-06-12 12:08:00,90.0
2025-06-12 00:04:00,91.5
2025-06-12 05:31:00,10.5
2025-06-12 00:28:00,82.5
2025-06-12 00:53:00,32.5
2025-06-12 22:32:00,68.4
2025-06-12 23:41:00,35.7
2025-06-12 10:27:00,95.4
2025-06-12 10:14:00,85.3
2025-06-12 17:25:00,31.5
2025-06-12 16:44:00,42.4
2025-06-12 14:11:00,50.15747328871669
2025-06-12 15:30:00,93.1
2025-06-12 10:25:00,8.5
2025-06-12 09:18:00,46.8
2025-06-12 02:10:00,30.6
2025-06-12 09:18:00,53.3
2025-06-12 16:39:00,11.5
2025-06-12 21:27:00,97.9
2025-06-12 03:01:00,40.6
2025-06-12 16:29:00,56.7
2025-06-12 16:36:00,88.8
2025-06-12 05:00:00,16.4
2025-06-12 03:51:00,27.6
2025-06-12 21:19:00,74.9
2025-06-12 12:48:00,37.7
2025-06-12 08:16:00,48.9
2025-06-12 17:31:00,45.4
2025-06-12 13:44:00,3.8
2025-06-12 01:27:00,69.3
2025-06-12 12:32:00,77.7
2025-06-12 23:57:00,6.9
2025-06-12 18:44:00,26.4
2025-06-12 16:13:00,34.8
2025-06-12 17:51:00,15.2
2025-06-12 08:08:00,98.8
2025-06-12 02:10:00,10.2
2025-06-12 09:51:00,48.6
2025-06-12 01:52:00,43.3
2025-06-12 21:25:00,47.9
2025-06-12 18:55:00,73.8
2025-06-12 19:48:00,29.4
2025-06-12 12:19:00,62.8
2025-06-12 17:04:00,15.8
2025-06-12 19:39:00,73.9
2025-06-12 19:52:00,50.15747328871669
2025-06-12 20:43:00,70.5
2025-06-12 18:46:00,85.5
2025-06-12 22:54:00,75.8
2025-06-12 20:56:00,74.7
2025-06-12 13:37:00,57.9
2025-06-12 07:42:00,62.7
2025-06-12 02:53:00,79.5
2025-06-12 01:39:00,6.5
2025-06-12 11:01:00,50.15747328871669
2025-06-12 23:27:00,34.9
2025-06-12 01:47:00,10.6
2025-06-12 11:53:00,32.0
2025-06-12 22:06:00,83.5
2025-06-12 06:45:00,70.0
2025-06-12 14:27:00,45.0
2025-06-12 22:48:00,47.8
2025-06-12 14:57:00,32.5
2025-06-12 15:45:00,5.3
2025-06-12 13:07:00,50.15747328871669
2025-06-12 16:50:00,50.15747328871669
2025-06-12 05:33:00,53.6
2025-06-12 20:49:00,50.15747328871669
2025-06-12 08:54:00,63.7
2025-06-12 04:03:00,50.15747328871669
2025-06-12 12:52:00,96.4
2025-06-12 20:46:00,54.8
2025-06-12 10:03:00,16.0
2025-06-12 17:49:00,33.1
2025-06-12 21:52:00,8.0
2025-06-12 20:14:00,79.7
2025-06-12 07:36:00,96.5
2025-06-12 01:50:00,70.3
2025-06-12 16:20:00,95.6
2025-06-12 03:10:00,63.5
2025-06-12 07:34:00,67.8
2025-06-12 18:48:00,2.6
2025-06-12 10:14:00,36.9
2025-06-12 01:48:00,16.5
2025-06-12 12:28:00,50.15747328871669
2025-06-12 11:55:00,35.4
2025-06-12 16:15:00,10.1
2025-06-12 08:58:00,77.0
2025-06-12 16:18:00,43.0
2025-06-12 01:55:00,54.7
2025-06-12 21:59:00,1.9
2025-06-12 19:09:00,78.6
2025-06-12 09:02:00,73.3
2025-06-12 22:10:00,90.5
2025-06-12 15:29:00,54.9
2025-06-12 04:33:00,50.15747328871669
2025-06-12 11:59:00,81.6
2025-06-12 03:02:00,97.6
2025-06-12 12:34:00,65.8
2025-06-12 17:28:00,4.6
2025-06-12 12:15:00,73.8
2025-06-12 06:45:00,81.9
2025-06-12 03:11:00,50.15747328871669
2025-06-12 10:12:00,32.9
2025-06-12 04:54:00,18.2
2025-06-12 21:34:00,68.5
2025-06-12 18:42:00,23.5
2025-06-12 21:02:00,50.15747328871669
2025-06-12 10:39:00,74.5
2025-06-12 08:39:00,81.0
2025-06-12 09:41:00,26.3
2025-06-12 04:34:00,30.0
2025-06-12 10:32:00,59.3
2025-06-12 19:05:00,47.4
2025-06-12 19:44:00,55.5
2025-06-12 13:29:00,40.3
2025-06-12 20:25:00,3.1
2025-06-12 18:45:00,28.5
2025-06-12 07:24:00,50.15747328871669
2025-06-12 02:28:00,18.2
2025-06-12 02:06:00,79.2
2025-06-12 15:33:00,96.6
2025-06-12 08:41:00,58.0
2025-06-12 03:31:00,74.2
2025-06-12 18:05:00,14.9
2025-06-12 13:54:00,59.1
2025-06-12 04:57:00,25.4
2025-06-12 07:15:00,50.15747328871669
2025-06-12 20:58:00,52.0
2025-06-12 05:05:00,46.4
2025-06-12 09:45:00,22.9
2025-06-12 02:12:00,50.15747328871669
2025-06-12 14:03:00,21.7
2025-06-12 08:30:00,35.3
2025-06-12 03:19:00,51.6
2025-06-12 09:13:00,48.8
2025-06-12 12:02:00,99.7
2025-06-12 11:17:00,33.2
2025-06-12 13:53:00,50.15747328871669
2025-06-12 22:27:00,98.9
2025-06-12 10:43:00,26.4
2025-06-12 14:53:00,54.0
2025-06-12 06:51:00,60.2
2025-06-12 09:09:00,78.2
2025-06-12 12:47:00,1.5
2025-06-12 01:35:00,5.2
2025-06-12 07:30:00,50.15747328871669
2025-06-12 02:37:00,46.6
2025-06-12 15:28:00,50.15747328871669
2025-06-12 15:20:00,59.8
2025-06-12 10:05:00,50.2
2025-06-12 08:33:00,77.6
2025-06-12 11:08:00,15.8
2025-06-12 21:11:00,84.5
2025-06-12 03:52:00,65.9
2025-06-12 09:49:00,67.9
2025-06-12 17:45:00,48.8
2025-06-12 05:38:00,24.3
2025-06-12 05:14:00,23.4
2025-06-12 14:10:00,50.15747328871669
2025-06-12 19:38:00,10.2
2025-06-12 04:27:00,37.5
2025-06-12 17:03:00,20.2
2025-06-12 12:18:00,40.0
2025-06-12 23:52:00,79.3
2025-06-12 06:45:00,76.5
2025-06-12 16:13:00,75.6
2025-06-12 15:44:00,50.15747328871669
2025-06-12 20:22:00,20.3
2025-06-12 05:55:00,41.0
2025-06-12 21:28:00,50.15747328871669
2025-06-12 07:06:00,95.1
2025-06-12 11:11:00,93.4
2025-06-12 23:34:00,30.2
2025-06-12 03:07:00,58.8
2025-06-12 17:49:00,40.2
2025-06-12 05:27:00,44.3
2025-06-12 05:51:00,69.3
2025-06-12 06:51:00,57.9
2025-06-12 05:14:00,50.15747328871669
2025-06-12 18:18:00,45.3
2025-06-12 02:45:00,93.8
2025-06-12 14:46:00,37.2
2025-06-12 20:58:00,49.0
2025-06-12 03:13:00,41.7
2025-06-12 21:50:00,66.2
2025-06-12 22:32:00,40.9
2025-06-12 13:43:00,92.1
2025-06-12 21:05:00,49.0
2025-06-12 12:49:00,60.0
2025-06-12 06:33:00,85.5
2025-06-12 23:23:00,50.15747328871669
2025-06-12 00:21:00,93.3
2025-06-12 17:21:00,34.3
2025-06-12 16:23:00,50.15747328871669
2025-06-12 14:23:00,6.3
2025-06-12 14:45:00,11.8
2025-06-12 00:03:00,49.4
2025-06-12 23:40:00,14.8
2025-06-12 18:41:00,92.7
2025-06-12 14:27:00,42.9
2025-06-12 21:20:00,73.7
2025-06-12 03:56:00,2.0
2025-06-12 11:18:00,15.6
2025-06-12 06:43:00,50.15747328871669
2025-06-12 16:21:00,58.7
2025-06-12 08:52:00,86.6
2025-06-12 22:43:00,70.6
2025-06-12 01:49:00,67.2
2025-06-12 11:23:00,50.15747328871669
2025-06-12 12:37:00,75.1
2025-06-12 01:36:00,93.6
2025-06-12 09:23:00,50.15747328871669
2025-06-12 14:21:00,71.8
2025-06-12 05:07:00,19.3
2025-06-12 15:07:00,50.15747328871669
2025-06-12 01:00:00,78.4
2025-06-12 19:54:00,6.9
2025-06-12 03:07:00,80.8
2025-06-12 17:34:00,50.15747328871669
2025-06-12 13:34:00,92.6
2025-06-12 05:33:00,60.2
2025-06-12 11:55:00,19.7
2025-06-12 07:26:00,50.15747328871669
2025-06-12 23:59:00,50.15747328871669
2025-06-12 21:08:00,6.6
2025-06-12 16:54:00,87.7
2025-06-12 12:51:00,50.15747328871669
2025-06-12 12:09:00,70.7
2025-06-12 05:30:00,23.1
2025-06-12 16:02:00,83.1
2025-06-12 12:39:00,50.15747328871669
2025-06-12 04:52:00,1.6
2025-06-12 19:04:00,50.15747328871669
2025-06-12 09:22:00,50.15747328871669
2025-06-12 04:19:00,59.9
2025-06-12 00:45:00,13.1
2025-06-12 16:12:00,67.0
2025-06-12 04:14:00,47.5
2025-06-12 04:46:00,8.7
2025-06-12 04:13:00,26.5
2025-06-12 06:57:00,61.2
2025-06-12 21:43:00,17.0
2025-06-12 07:18:00,50.15747328871669
2025-06-12 10:34:00,93.5
2025-06-12 00:13:00,62.7
2025-06-12 04:33:00,80.1
2025-06-12 19:35:00,3.6
2025-06-12 21:18:00,87.8
2025-06-12 01:17:00,69.4
2025-06-12 15:51:00,7.9
2025-06-12 11:33:00,67.1
2025-06-12 22:46:00,72.4
2025-06-12 19:18:00,81.7
2025-06-12 00:14:00,37.8
2025-06-12 18:31:00,76.3
2025-06-12 15:13:00,6.9
2025-06-12 14:21:00,57.5
2025-06-12 02:12:00,73.8
2025-06-12 18:11:00,6.5
2025-06-12 18:04:00,62.6
2025-06-12 05:45:00,68.5
2025-06-12 03:42:00,30.3
2025-06-12 04:58:00,50.15747328871669
2025-06-12 16:22:00,66.4
2025-06-12 13:38:00,67.8
2025-06-12 12:27:00,45.4
2025-06-12 16:35:00,91.8
2025-06-12 18:33:00,8.0
2025-06-12 09:27:00,50.15747328871669
2025-06-12 07:36:00,63.8
2025-06-12 18:54:00,31.9
2025-06-12 22:29:00,35.8
2025-06-12 06:56:00,41.0
2025-06-12 11:05:00,86.0
2025-06-12 05:39:00,78.4
2025-06-12 10:15:00,94.5
2025-06-12 17:39:00,5.6
2025-06-12 02:56:00,40.4
2025-06-12 09:59:00,9.3
2025-06-12 07:49:00,50.15747328871669
2025-06-12 00:36:00,70.8
2025-06-12 06:26:00,17.3
2025-06-12 15:35:00,2.5
2025-06-12 12:48:00,81.8
2025-06-12 20:15:00,98.9
2025-06-12 21:09:00,63.6
2025-06-12 22:10:00,97.2
2025-06-12 08:18:00,52.1
2025-06-12 05:22:00,50.15747328871669
2025-06-12 01:05:00,82.1
2025-06-12 07:20:00,50.15747328871669
2025-06-12 13:47:00,50.3
2025-06-12 01:41:00,50.15747328871669
2025-06-12 22:52:00,39.0
2025-06-12 01:25:00,6.2
2025-06-12 14:10:00,73.9
2025-06-12 09:05:00,47.6
2025-06-12 13:30:00,79.3
2025-06-12 00:39:00,77.3
2025-06-12 21:11:00,81.8
2025-06-12 17:48:00,24.0
2025-06-12 02:17:00,24.8
2025-06-12 02:03:00,15.4
2025-06-12 20:33:00,82.9
2025-06-12 19:37:00,54.6
2025-06-12 00:17:00,56.0
2025-06-12 12:12:00,76.9
2025-06-12 04:09:00,79.6
2025-06-12 21:02:00,50.15747328871669
2025-06-12 04:09:00,7.1
2025-06-12 07:22:00,70.4
2025-06-12 14:59:00,63.0
2025-06-12 06:09:00,33.4
2025-06-12 01:34:00,0.9
2025-06-12 09:14:00,50.15747328871669
2025-06-12 18:34:00,60.5
2025-06-12 22:00:00,41.8
2025-06-12 14:54:00,26.7
2025-06-12 08:24:00,16.5
2025-06-12 12:49:00,92.3
2025-06-12 01:36:00,20.3
2025-06-12 09:08:00,37.6
2025-06-12 05:48:00,70.5
2025-06-12 10:06:00,89.2
2025-06-12 23:23:00,86.2
2025-06-12 21:08:00,50.15747328871669
2025-06-12 12:10:00,99.9
2025-06-12 21:44:00,33.4
2025-06-12 05:17:00,50.15747328871669
2025-06-12 22:44:00,11.9
2025-06-12 09:00:00,61.6
2025-06-12 17:24:00,64.9
2025-06-12 16:50:00,34.3
2025-06-12 07:07:00,75.1
2025-06-12 13:44:00,89.5
2025-06-12 15:37:00,79.2
2025-06-12 04:23:00,40.2
2025-06-12 01:31:00,68.5
2025-06-12 23:28:00,13.7
2025-06-12 05:10:00,50.15747328871669
2025-06-12 21:50:00,50.15747328871669
2025-06-12 16:28:00,40.5
2025-06-12 22:06:00,50.15747328871669
2025-06-12 11:18:00,50.15747328871669
2025-06-12 13:51:00,99.2
2025-06-12 18:06:00,11.1
2025-06-12 03:36:00,50.15747328871669
2025-06-12 10:24:00,68.2
2025-06-12 10:37:00,69.9
2025-06-12 17:50:00,48.4
2025-06-12 13:33:00,50.15747328871669
2025-06-12 14:17:00,20.4
2025-06-12 18:05:00,24.7
2025-06-12 22:23:00,27.0
2025-06-12 04:00:00,95.1
2025-06-12 15:22:00,61.8
2025-06-12 04:31:00,2.5
2025-06-12 23:36:00,50.07997412982127
2025-06-12 10:21:00,75.8
2025-06-12 14:22:00,81.7
2025-06-12 03:13:00,18.8
2025-06-12 00:40:00,63.2
2025-06-12 18:41:00,16.8
2025-06-12 00:12:00,26.5
2025-06-12 01:19:00,49.5
2025-06-12 07:38:00,50.07997412982127
2025-06-12 03:38:00,94.4
2025-06-12 21:36:00,50.07997412982127
2025-06-12 14:05:00,36.1
2025-06-12 06:37:00,50.07997412982127
2025-06-12 18:35:00,50.07997412982127
2025-06-12 18:18:00,3.9
2025-06-12 20:31:00,68.4
2025-06-12 18:19:00,36.8
2025-06-12 23:53:00,61.6
2025-06-12 09:28:00,6.4
2025-06-12 14:00:00,94.0
2025-06-12 00:44:00,37.4
2025-06-12 05:52:00,50.07997412982127
2025-06-12 10:41:00,17.8
2025-06-12 00:18:00,77.8
2025-06-12 12:41:00,5.6
2025-06-12 01:13:00,74.4
2025-06-12 19:58:00,57.5
2025-06-12 23:51:00,90.2
2025-06-12 05:37:00,36.3
2025-06-12 17:16:00,50.07997412982127
2025-06-12 04:40:00,15.2
2025-06-12 15:33:00,54.6
2025-06-12 08:33:00,50.07997412982127
2025-06-12 22:55:00,57.8
2025-06-12 09:58:00,99.4
2025-06-12 16:34:00,50.07997412982127
2025-06-12 09:14:00,17.4
2025-06-12 02:47:00,50.07997412982127
2025-06-12 12:20:00,50.07997412982127
2025-06-12 09:56:00,50.07997412982127
2025-06-12 06:30:00,32.2
2025-06-12 07:01:00,86.7
2025-06-12 03:27:00,71.4
2025-06-12 10:56:00,31.2
2025-06-12 23:02:00,50.07997412982127
2025-06-12 01:59:00,68.0
2025-06-12 19:13:00,50.07997412982127
2025-06-12 14:29:00,30.5
2025-06-12 18:45:00,16.4
2025-06-12 12:03:00,82.0
2025-06-12 10:07:00,59.5
2025-06-12 11:58:00,56.7
2025-06-12 01:15:00,21.0
2025-06-12 16:43:00,15.4
2025-06-12 11:03:00,50.07997412982127
2025-06-12 18:41:00,81.0
2025-06-12 20:21:00,21.0
2025-06-12 06:47:00,80.4
2025-06-12 20:37:00,29.8
2025-06-12 23:11:00,60.8
2025-06-12 06:50:00,94.4
2025-06-12 21:12:00,57.5
2025-06-12 02:14:00,75.3
2025-06-12 08:40:00,97.4
2025-06-12 20:08:00,66.6
2025-06-12 22:04:00,58.1
2025-06-12 09:47:00,93.1
2025-06-12 20:55:00,50.07997412982127
2025-06-12 01:22:00,10.3
2025-06-12 16:53:00,45.8
2025-06-12 19:35:00,2.6
2025-06-12 23:12:00,50.07997412982127
2025-06-12 18:42:00,87.3
2025-06-12 10:20:00,50.07997412982127
2025-06-12 01:32:00,58.2
2025-06-12 14:22:00,40.6
2025-06-12 22:34:00,44.5
2025-06-12 18:15:00,29.7
2025-06-12 02:54:00,26.1
2025-06-12 04:30:00,66.7
2025-06-12 09:59:00,50.07997412982127
2025-06-12 00:47:00,33.8
2025-06-12 04:18:00,50.07997412982127
2025-06-12 01:18:00,46.0
2025-06-12 21:21:00,50.07997412982127
2025-06-12 10:02:00,82.5
2025-06-12 18:17:00,50.07997412982127
2025-06-12 21:17:00,50.07997412982127
2025-06-12 18:16:00,12.6
2025-06-12 09:06:00,50.07997412982127
2025-06-12 13:55:00,56.3
2025-06-12 20:52:00,50.07997412982127
2025-06-12 20:26:00,16.3
2025-06-12 18:28:00,92.1
2025-06-12 18:22:00,90.5
2025-06-12 15:44:00,21.9
2025-06-12 07:10:00,30.1
2025-06-12 17:05:00,70.2
2025-06-12 14:44:00,1.1
2025-06-12 02:47:00,4.3
2025-06-12 04:27:00,62.3
2025-06-12 17:48:00,8.6
2025-06-12 09:35:00,54.5
2025-06-12 11:59:00,27.4
2025-06-12 05:05:00,81.0
2025-06-12 19:02:00,50.07997412982127
2025-06-12 16:14:00,34.9
2025-06-12 02:16:00,50.07997412982127
2025-06-12 02:22:00,50.07997412982127
2025-06-12 11:00:00,82.8
2025-06-12 21:13:00,58.3
2025-06-12 05:37:00,91.6
2025-06-12 18:45:00,53.2
2025-06-12 15:19:00,65.8
2025-06-12 15:05:00,41.1
2025-06-12 09:59:00,60.0
2025-06-12 09:04:00,50.07997412982127
2025-06-12 19:54:00,30.1
2025-06-12 05:26:00,5.1
2025-06-12 21:55:00,64.6
2025-06-12 08:08:00,5.3
2025-06-12 18:47:00,2.1
2025-06-12 00:22:00,4.5
2025-06-12 08:38:00,57.5
2025-06-12 03:38:00,34.5
2025-06-12 00:44:00,12.6
2025-06-12 23:06:00,97.8
2025-06-12 18:22:00,50.3
2025-06-12 02:44:00,67.3
2025-06-12 01:20:00,50.07997412982127
2025-06-12 15:43:00,40.8
2025-06-12 23:04:00,4.4
2025-06-12 10:37:00,50.07997412982127
2025-06-12 06:06:00,94.1
2025-06-12 21:58:00,96.9
2025-06-12 06:01:00,33.8
2025-06-12 15:24:00,99.6
2025-06-12 20:55:00,68.5
2025-06-12 00:08:00,74.6
2025-06-12 07:49:00,78.0
2025-06-12 21:14:00,50.07997412982127
2025-06-12 11:18:00,28.9
2025-06-12 08:23:00,55.2
2025-06-12 02:16:00,33.2
2025-06-12 11:57:00,81.5
2025-06-12 09:13:00,39.5
2025-06-12 15:38:00,45.5
2025-06-12 15:51:00,50.07997412982127
2025-06-12 12:57:00,50.07997412982127
2025-06-12 04:32:00,13.8
2025-06-12 12:37:00,42.7
2025-06-12 23:43:00,85.9
2025-06-12 13:52:00,80.0
2025-06-12 07:14:00,13.8
2025-06-12 01:55:00,62.9
2025-06-12 14:00:00,83.3
2025-06-12 21:46:00,80.3
2025-06-12 23:54:00,95.8
2025-06-12 09:42:00,30.7
2025-06-12 09:38:00,89.8
2025-06-12 07:01:00,52.7
2025-06-12 09:37:00,85.5
2025-06-12 23:21:00,50.07997412982127
2025-06-12 14:19:00,8.3
2025-06-12 01:53:00,76.9
2025-06-12 20:20:00,85.5
2025-06-12 21:13:00,37.1
2025-06-12 06:25:00,93.4
2025-06-12 21:18:00,17.4
2025-06-12 03:08:00,50.07997412982127
2025-06-12 03:48:00,46.5
2025-06-12 13:12:00,2.5
2025-06-12 15:03:00,11.4
2025-06-12 06:24:00,43.3
2025-06-12 15:30:00,80.2
2025-06-12 16:06:00,38.5
2025-06-12 18:36:00,50.07997412982127
2025-06-12 07:14:00,5.7
2025-06-12 11:58:00,52.6
2025-06-12 10:29:00,61.7
2025-06-12 12:36:00,11.0
2025-06-12 15:38:00,93.5
2025-06-12 03:53:00,61.4
2025-06-12 20:41:00,51.0
2025-06-12 11:41:00,41.8
2025-06-12 00:19:00,24.1
2025-06-12 01:48:00,38.3
2025-06-12 20:25:00,42.8
2025-06-12 02:29:00,22.6
2025-06-12 07:57:00,50.07997412982127
2025-06-12 19:26:00,94.4
2025-06-12 00:23:00,77.2
2025-06-12 10:24:00,13.6
2025-06-12 10:37:00,72.9
2025-06-12 10:43:00,32.9
2025-06-12 19:13:00,5.4
2025-06-12 18:39:00,88.0
2025-06-12 03:12:00,29.8
2025-06-12 16:51:00,90.9
2025-06-12 03:18:00,50.07997412982127
2025-06-12 22:29:00,67.0
2025-06-12 00:15:00,17.5
2025-06-12 03:05:00,22.2
2025-06-12 14:43:00,97.6
2025-06-12 15:56:00,55.4
2025-06-12 22:07:00,81.3
2025-06-12 08:21:00,54.1
2025-06-12 23:47:00,61.6
2025-06-12 18:22:00,89.1
2025-06-12 16:03:00,93.5
2025-06-12 21:44:00,1.5
2025-06-12 08:36:00,50.07997412982127
2025-06-12 17:28:00,65.2
2025-06-12 09:25:00,50.07997412982127
2025-06-12 10:08:00,57.6
2025-06-12 08:38:00,73.9
2025-06-12 03:45:00,50.07997412982127
2025-06-12 09:01:00,50.07997412982127
2025-06-12 15:16:00,27.3
2025-06-12 01:19:00,50.07997412982127
2025-06-12 23:18:00,50.07997412982127
2025-06-12 22:15:00,51.9
2025-06-12 04:50:00,17.6
2025-06-12 18:38:00,92.6
2025-06-12 15:08:00,97.2
2025-06-12 04:00:00,26.6
2025-06-12 08:30:00,43.1
2025-06-12 07:13:00,94.0
2025-06-12 08:05:00,45.8
2025-06-12 19:58:00,14.5
2025-06-12 18:34:00,27.5
2025-06-12 09:13:00,56.9
2025-06-12 15:07:00,29.8
2025-06-12 20:37:00,12.4
2025-06-12 16:08:00,15.0
2025-06-12 21:30:00,30.2
2025-06-12 03:51:00,64.7
2025-06-12 10:09:00,47.2
2025-06-12 15:16:00,50.07997412982127
2025-06-12 17:14:00,30.6
2025-06-12 03:21:00,32.8
2025-06-12 08:54:00,66.3
2025-06-12 03:21:00,17.7
2025-06-12 23:09:00,11.6
2025-06-12 03:47:00,88.0
2025-06-12 10:33:00,37.4
2025-06-12 06:07:00,13.7
2025-06-12 18:16:00,91.6
2025-06-12 12:08:00,20.6
2025-06-12 12:32:00,25.6
2025-06-12 23:05:00,64.7
2025-06-12 04:13:00,6.1
2025-06-12 06:48:00,18.0
2025-06-12 12:38:00,97.4
2025-06-12 02:10:00,50.07997412982127
2025-06-12 23:48:00,75.6
2025-06-12 01:37:00,2.4
2025-06-12 20:39:00,65.4
2025-06-12 17:51:00,11.4
2025-06-12 02:10:00,33.3
2025-06-12 15:54:00,80.6
2025-06-12 07:11:00,25.0
2025-06-12 14:18:00,50.07997412982127
2025-06-12 09:47:00,27.0
2025-06-12 16:08:00,16.3
2025-06-12 19:59:00,94.7
2025-06-12 20:04:00,4.5
2025-06-12 00:59:00,44.4
2025-06-12 14:44:00,50.07997412982127
2025-06-12 12:28:00,26.0
2025-06-12 15:40:00,87.5
2025-06-12 21:49:00,88.7
2025-06-12 08:42:00,13.3
2025-06-12 01:38:00,97.7
2025-06-12 18:42:00,78.0
2025-06-12 12:27:00,18.3
2025-06-12 21:44:00,79.4
2025-06-12 22:42:00,68.5
2025-06-12 10:38:00,75.7
2025-06-12 00:13:00,70.7
2025-06-12 03:24:00,20.1
2025-06-12 06:12:00,70.2
2025-06-12 00:08:00,13.4
2025-06-12 12:34:00,99.5
2025-06-12 16:08:00,50.07997412982127
2025-06-12 00:49:00,6.9
2025-06-12 22:59:00,42.3
2025-06-12 03:17:00,87.9
2025-06-12 22:11:00,22.3
2025-06-12 07:56:00,50.07997412982127
2025-06-12 06:41:00,50.07997412982127
2025-06-12 21:49:00,47.6
2025-06-12 13:55:00,34.0
2025-06-12 05:11:00,65.2
2025-06-12 06:49:00,54.5
2025-06-12 08:55:00,50.07997412982127
2025-06-12 09:03:00,11.1
2025-06-12 05:55:00,84.4
2025-06-12 23:26:00,59.8
2025-06-12 13:33:00,26.5
2025-06-12 18:24:00,35.3
2025-06-12 14:46:00,20.7
2025-06-12 01:45:00,40.6
2025-06-12 10:12:00,66.0
2025-06-12 17:16:00,50.07997412982127
2025-06-12 15:00:00,59.1
2025-06-12 22:38:00,50.07997412982127
2025-06-12 17:54:00,50.07997412982127
2025-06-12 07:22:00,50.07997412982127
2025-06-12 00:23:00,10.8
2025-06-12 07:20:00,50.07997412982127
2025-06-12 05:54:00,14.1
2025-06-12 05:55:00,50.07997412982127
2025-06-12 10:59:00,88.2
2025-06-12 00:28:00,91.5
2025-06-12 07:54:00,73.0
2025-06-12 12:05:00,55.9
2025-06-12 00:23:00,51.1
2025-06-12 12:36:00,57.8
2025-06-12 02:48:00,99.4
2025-06-12 23:18:00,64.7
2025-06-12 21:55:00,95.4
2025-06-12 16:45:00,2.7
2025-06-12 14:18:00,55.4
2025-06-12 21:18:00,54.4
2025-06-12 11:46:00,56.8
2025-06-12 15:14:00,48.8
2025-06-12 13:39:00,50.07997412982127
2025-06-12 18:05:00,31.6
2025-06-12 19:32:00,2.2
2025-06-12 18:56:00,16.9
2025-06-12 18:42:00,45.3
2025-06-12 23:46:00,43.3
2025-06-12 13:17:00,54.2
2025-06-12 13:31:00,58.9
2025-06-12 03:08:00,17.9
2025-06-12 14:42:00,83.2
2025-06-12 13:16:00,76.2
2025-06-12 22:29:00,42.9
2025-06-12 08:08:00,27.8
2025-06-12 03:41:00,90.2
2025-06-12 19:19:00,24.4
2025-06-12 19:29:00,48.4
2025-06-12 09:25:00,49.822039706925075
2025-06-12 02:16:00,16.3
2025-06-12 21:46:00,3.6
2025-06-12 13:16:00,72.6
2025-06-12 10:06:00,8.6
2025-06-12 14:34:00,9.8
2025-06-12 23:49:00,49.822039706925075
2025-06-12 10:59:00,54.5
2025-06-12 08:48:00,7.6
2025-06-12 04:33:00,49.822039706925075
2025-06-12 13:37:00,43.2
2025-06-12 04:35:00,81.6
2025-06-12 11:28:00,26.1
2025-06-12 14:31:00,7.9
2025-06-12 04:08:00,84.8
2025-06-12 23:14:00,87.7
2025-06-12 03:37:00,19.6
2025-06-12 16:25:00,5.6
2025-06-12 01:47:00,67.0
2025-06-12 11:53:00,28.9
2025-06-12 11:46:00,98.8
2025-06-12 17:31:00,49.822039706925075
2025-06-12 05:26:00,33.0
2025-06-12 19:32:00,44.3
2025-06-12 20:26:00,79.4
2025-06-12 00:40:00,13.3
2025-06-12 11:48:00,45.1
2025-06-12 11:33:00,11.8
2025-06-12 08:31:00,32.9
2025-06-12 01:55:00,13.0
2025-06-12 19:50:00,91.4
2025-06-12 14:00:00,26.9
2025-06-12 09:53:00,46.0
2025-06-12 18:56:00,18.5
2025-06-12 22:57:00,46.7
2025-06-12 13:22:00,7.3
2025-06-12 07:55:00,45.9
2025-06-12 09:54:00,49.822039706925075
2025-06-12 02:20:00,43.1
2025-06-12 06:25:00,67.6
2025-06-12 12:40:00,49.822039706925075
2025-06-12 11:02:00,74.7
2025-06-12 21:43:00,94.5
2025-06-12 23:24:00,78.9
2025-06-12 17:57:00,92.8
2025-06-12 09:27:00,49.822039706925075
2025-06-12 21:46:00,19.9
2025-06-12 06:23:00,81.1
2025-06-12 05:28:00,89.8
2025-06-12 07:40:00,16.9
2025-06-12 18:13:00,74.9
2025-06-12 09:35:00,49.822039706925075
2025-06-12 23:08:00,81.1
2025-06-12 16:23:00,84.0
2025-06-12 13:26:00,17.6
2025-06-12 15:12:00,65.5
2025-06-12 03:29:00,70.3
2025-06-12 14:26:00,49.822039706925075
2025-06-12 18:15:00,85.3
2025-06-12 09:04:00,49.822039706925075
2025-06-12 12:34:00,88.2
2025-06-12 22:43:00,19.1
2025-06-12 06:43:00,95.3
2025-06-12 06:30:00,94.8
2025-06-12 07:12:00,49.822039706925075
2025-06-12 04:36:00,72.1
2025-06-12 07:44:00,63.0
2025-06-12 19:17:00,27.3
2025-06-12 16:09:00,77.1
2025-06-12 09:37:00,51.6
2025-06-12 01:22:00,31.1
2025-06-12 11:46:00,49.822039706925075
2025-06-12 03:47:00,6.6
2025-06-12 11:41:00,69.1
2025-06-12 09:32:00,64.2
2025-06-12 12:03:00,78.1
2025-06-12 02:31:00,50.8
2025-06-12 03:52:00,31.6
2025-06-12 02:01:00,88.2
2025-06-12 21:48:00,70.0
2025-06-12 21:17:00,44.9
2025-06-12 23:31:00,22.8
2025-06-12 00:01:00,24.0
2025-06-12 20:35:00,49.822039706925075
2025-06-12 10:34:00,52.9
2025-06-12 20:22:00,19.0
2025-06-12 18:48:00,52.1
2025-06-12 07:46:00,82.1
2025-06-12 19:37:00,90.4
2025-06-12 15:48:00,23.8
2025-06-12 03:15:00,49.6
2025-06-12 10:49:00,49.822039706925075
2025-06-12 23:13:00,9.7
2025-06-12 22:47:00,76.9
2025-06-12 01:34:00,5.5
2025-06-12 19:57:00,21.9
2025-06-12 00:27:00,9.4
2025-06-12 21:04:00,58.3
2025-06-12 00:29:00,49.822039706925075
2025-06-12 20:16:00,60.0
2025-06-12 09:23:00,27.3
2025-06-12 09:53:00,29.2
2025-06-12 12:57:00,40.4
2025-06-12 09:52:00,45.0
2025-06-12 18:11:00,19.1
2025-06-12 07:23:00,4.2
2025-06-12 06:20:00,90.5
2025-06-12 03:49:00,92.8
2025-06-12 15:37:00,62.6
2025-06-12 14:56:00,72.8
2025-06-12 01:12:00,49.822039706925075
2025-06-12 04:32:00,79.5
2025-06-12 01:55:00,26.4
2025-06-12 17:44:00,48.9
2025-06-12 19:04:00,6.9
2025-06-12 12:15:00,90.8
2025-06-12 05:29:00,86.7
2025-06-12 21:35:00,49.822039706925075
2025-06-12 01:38:00,48.5
2025-06-12 06:14:00,21.1
2025-06-12 18:50:00,60.8
2025-06-12 04:46:00,52.9
2025-06-12 03:36:00,34.3
2025-06-12 06:05:00,73.7
2025-06-12 21:52:00,2.4
2025-06-12 17:37:00,49.822039706925075
2025-06-12 13:19:00,37.3
2025-06-12 06:24:00,59.7
2025-06-12 00:20:00,12.1
2025-06-12 13:49:00,49.822039706925075
2025-06-12 12:11:00,92.0
2025-06-12 14:54:00,49.822039706925075
2025-06-12 05:53:00,5.5
2025-06-12 21:57:00,49.822039706925075
2025-06-12 22:39:00,89.0
2025-06-12 13:16:00,69.2
2025-06-12 09:07:00,42.9
2025-06-12 09:43:00,80.5
2025-06-12 09:54:00,4.5
2025-06-12 23:38:00,59.5
2025-06-12 07:04:00,49.822039706925075
2025-06-12 16:45:00,87.2
2025-06-12 19:43:00,67.9
2025-06-12 10:27:00,6.2
2025-06-12 11:05:00,24.7
2025-06-12 15:05:00,49.822039706925075
2025-06-12 01:50:00,49.4
2025-06-12 12:13:00,68.1
2025-06-12 09:03:00,43.1
2025-06-12 00:04:00,6.0
2025-06-12 11:42:00,17.4
2025-06-12 00:57:00,85.3
2025-06-12 02:20:00,15.5
2025-06-12 12:40:00,51.5
2025-06-12 09:26:00,55.8
2025-06-12 12:55:00,16.3
2025-06-12 22:40:00,81.7
2025-06-12 04:48:00,56.0
2025-06-12 14:43:00,49.822039706925075
2025-06-12 15:28:00,4.1
2025-06-12 17:07:00,90.7
2025-06-12 11:49:00,16.3
2025-06-12 05:29:00,6.4
2025-06-12 19:00:00,50.9
2025-06-12 17:18:00,88.5
2025-06-12 02:36:00,28.1
2025-06-12 09:39:00,57.1
2025-06-12 01:40:00,18.5
2025-06-12 16:19:00,1.7
2025-06-12 12:02:00,60.8
2025-06-12 01:13:00,94.4
2025-06-12 10:40:00,75.4
2025-06-12 04:24:00,26.5
2025-06-12 14:43:00,70.4
2025-06-12 04:37:00,49.822039706925075
2025-06-12 18:25:00,28.7
2025-06-12 20:46:00,54.7
2025-06-12 14:27:00,26.8
2025-06-12 13:11:00,51.6
2025-06-12 11:36:00,79.0
2025-06-12 07:18:00,71.6
2025-06-12 09:24:00,45.4
2025-06-12 14:35:00,30.7
2025-06-12 17:31:00,25.4
2025-06-12 04:15:00,49.4
2025-06-12 21:56:00,1.3
2025-06-12 12:10:00,95.3
2025-06-12 02:58:00,26.0
2025-06-12 22:16:00,53.7
2025-06-12 21:45:00,49.822039706925075
2025-06-12 07:49:00,35.6
2025-06-12 07:56:00,49.822039706925075
2025-06-12 12:23:00,79.3
2025-06-12 23:03:00,11.0
2025-06-12 09:11:00,44.0
2025-06-12 14:02:00,84.0
2025-06-12 16:23:00,24.1
2025-06-12 09:47:00,14.6
2025-06-12 01:41:00,49.822039706925075
2025-06-12 00:25:00,71.9
2025-06-12 04:13:00,49.822039706925075
2025-06-12 01:11:00,91.2
2025-06-12 10:51:00,63.5
2025-06-12 07:39:00,69.8
2025-06-12 08:13:00,70.4
2025-06-12 18:27:00,55.4
2025-06-12 22:58:00,98.7
2025-06-12 13:14:00,80.2
2025-06-12 23:02:00,49.822039706925075
2025-06-12 23:34:00,60.9
2025-06-12 23:54:00,89.8
2025-06-12 07:16:00,18.8
2025-06-12 05:00:00,49.822039706925075
2025-06-12 22:08:00,98.1
2025-06-12 23:54:00,55.0
2025-06-12 15:21:00,97.3
2025-06-12 18:27:00,92.1
2025-06-12 19:13:00,65.3
2025-06-12 14:02:00,69.3
2025-06-12 22:47:00,49.822039706925075
2025-06-12 04:34:00,53.1
2025-06-12 20:12:00,74.3
2025-06-12 13:11:00,87.1
2025-06-12 20:10:00,76.4
2025-06-12 17:59:00,71.0
2025-06-12 05:26:00,96.8
2025-06-12 08:30:00,49.822039706925075
2025-06-12 01:11:00,1.2
2025-06-12 22:47:00,69.3
2025-06-12 16:20:00,49.822039706925075
2025-06-12 21:58:00,49.822039706925075
2025-06-12 22:16:00,85.2
2025-06-12 06:13:00,11.9
2025-06-12 17:52:00,31.5
2025-06-12 09:29:00,21.9
2025-06-12 15:11:00,36.0
2025-06-12 04:13:00,13.9
2025-06-12 17:10:00,67.7
2025-06-12 11:23:00,72.3
2025-06-12 02:24:00,90.4
2025-06-12 14:43:00,8.7
2025-06-12 19:07:00,14.6
2025-06-12 11:23:00,86.4
2025-06-12 07:17:00,33.7
2025-06-12 06:30:00,91.6
2025-06-12 14:07:00,49.822039706925075
2025-06-12 13:47:00,36.3
2025-06-12 12:02:00,28.3
2025-06-12 03:44:00,96.8
2025-06-12 01:20:00,56.2
2025-06-12 16:37:00,82.9
2025-06-12 01:18:00,58.2
2025-06-12 17:14:00,63.3
2025-06-12 10:06:00,41.7
2025-06-12 04:01:00,34.9
2025-06-12 10:05:00,25.0
2025-06-12 11:44:00,88.1
2025-06-12 06:59:00,72.0
2025-06-12 23:51:00,31.2
2025-06-12 18:46:00,67.8
2025-06-12 10:06:00,66.7
2025-06-12 16:36:00,53.9
2025-06-12 13:33:00,62.8
2025-06-12 04:12:00,49.822039706925075
2025-06-12 23:02:00,70.9
2025-06-12 12:17:00,48.4
2025-06-12 22:59:00,67.2
2025-06-12 06:06:00,33.9
2025-06-12 14:22:00,49.822039706925075
2025-06-12 11:03:00,42.7
2025-06-12 01:30:00,32.2
2025-06-12 14:20:00,38.8
2025-06-12 16:35:00,71.7
2025-06-12 15:07:00,25.7
2025-06-12 21:00:00,87.3
2025-06-12 01:57:00,49.822039706925075
2025-06-12 21:03:00,52.1
2025-06-12 05:50:00,73.5
2025-06-12 21:17:00,49.822039706925075
2025-06-12 04:43:00,78.8
2025-06-12 16:51:00,63.0
2025-06-12 22:55:00,49.822039706925075
2025-06-12 22:03:00,49.4
2025-06-12 15:43:00,49.822039706925075
2025-06-12 06:05:00,49.822039706925075
2025-06-12 21:30:00,13.5
2025-06-12 04:39:00,41.2
2025-06-12 08:49:00,91.5
2025-06-12 20:12:00,8.8
2025-06-12 04:24:00,26.9
2025-06-12 00:25:00,86.0
2025-06-12 23:00:00,22.0
2025-06-12 21:11:00,23.8
2025-06-12 18:47:00,68.3
2025-06-12 16:34:00,81.9
2025-06-12 08:48:00,36.0
2025-06-12 02:17:00,49.822039706925075
2025-06-12 01:33:00,77.4
2025-06-12 14:28:00,84.7
2025-06-12 05:31:00,74.1
2025-06-12 18:35:00,61.2
2025-06-12 21:24:00,97.6
2025-06-12 00:45:00,27.9
2025-06-12 20:01:00,91.3
2025-06-12 06:10:00,6.3
2025-06-12 10:53:00,9.4
2025-06-12 12:30:00,30.9
2025-06-12 04:44:00,61.5
2025-06-12 11:30:00,20.3
2025-06-12 22:07:00,73.8
2025-06-12 12:34:00,50.313785814936594
2025-06-12 02:56:00,95.5
2025-06-12 10:49:00,0.3
2025-06-12 21:31:00,77.5
2025-06-12 14:32:00,50.313785814936594
2025-06-12 12:36:00,50.313785814936594
2025-06-12 06:43:00,6.1
2025-06-12 15:17:00,50.313785814936594
2025-06-12 08:56:00,65.3
2025-06-12 11:00:00,11.0
2025-06-12 13:22:00,50.313785814936594
2025-06-12 07:16:00,23.4
2025-06-12 04:53:00,46.9
2025-06-12 13:56:00,37.6
2025-06-12 06:19:00,54.0
2025-06-12 10:35:00,50.4
2025-06-12 08:22:00,94.2
2025-06-12 02:05:00,23.1
2025-06-12 23:32:00,43.2
2025-06-12 18:05:00,33.5
2025-06-12 09:52:00,50.313785814936594
2025-06-12 13:18:00,22.7
2025-06-12 23:37:00,24.7
2025-06-12 04:46:00,3.4
2025-06-12 03:22:00,54.0
2025-06-12 19:39:00,50.313785814936594
2025-06-12 18:31:00,63.2
2025-06-12 02:32:00,32.9
2025-06-12 23:02:00,86.1
2025-06-12 08:01:00,64.8
2025-06-12 02:53:00,50.313785814936594
2025-06-12 23:45:00,67.6
2025-06-12 13:23:00,47.2
2025-06-12 09:18:00,94.6
2025-06-12 18:50:00,24.5
2025-06-12 03:58:00,3.5
2025-06-12 02:45:00,51.3
2025-06-12 15:43:00,72.6
2025-06-12 06:28:00,18.5
2025-06-12 01:05:00,64.4
2025-06-12 02:48:00,98.7
2025-06-12 07:16:00,14.3
2025-06-12 08:32:00,58.2
2025-06-12 01:46:00,50.313785814936594
2025-06-12 06:58:00,68.1
2025-06-12 09:09:00,40.3
2025-06-12 13:01:00,90.3
2025-06-12 11:51:00,50.313785814936594
2025-06-12 10:24:00,86.8
2025-06-12 13:59:00,63.7
2025-06-12 03:02:00,69.7
2025-06-12 02:42:00,3.1
2025-06-12 03:31:00,53.1
2025-06-12 09:48:00,47.2
2025-06-12 07:11:00,88.9
2025-06-12 07:56:00,50.313785814936594
2025-06-12 08:25:00,13.4
2025-06-12 01:50:00,40.4
2025-06-12 08:33:00,90.3
2025-06-12 10:53:00,39.2
2025-06-12 11:44:00,28.3
2025-06-12 17:09:00,63.0
2025-06-12 13:22:00,4.9
2025-06-12 17:33:00,28.5
2025-06-12 14:10:00,23.7
2025-06-12 13:58:00,21.9
2025-06-12 08:05:00,40.1
2025-06-12 11:39:00,85.2
2025-06-12 06:42:00,84.3
2025-06-12 18:54:00,69.4
2025-06-12 22:23:00,50.313785814936594
2025-06-12 11:43:00,37.7
2025-06-12 21:30:00,52.5
2025-06-12 03:33:00,8.7
2025-06-12 00:37:00,50.313785814936594
2025-06-12 23:58:00,43.4
2025-06-12 22:43:00,42.1
2025-06-12 04:02:00,48.7
2025-06-12 12:04:00,14.2
2025-06-12 16:25:00,2.5
2025-06-12 16:34:00,47.3
2025-06-12 02:08:00,0.8
2025-06-12 02:00:00,50.313785814936594
2025-06-12 19:30:00,20.4
2025-06-12 05:59:00,81.5
2025-06-12 20:20:00,75.1
2025-06-12 05:01:00,88.7
2025-06-12 16:02:00,30.0
2025-06-12 22:52:00,49.7
2025-06-12 00:29:00,37.0
2025-06-12 23:33:00,65.1
2025-06-12 18:42:00,18.4
2025-06-12 22:59:00,66.4
2025-06-12 21:44:00,58.8
2025-06-12 08:27:00,60.3
2025-06-12 04:30:00,71.6
2025-06-12 11:20:00,12.8
2025-06-12 22:49:00,57.8
2025-06-12 00:39:00,67.5
2025-06-12 19:36:00,31.0
2025-06-12 20:21:00,46.4
2025-06-12 07:58:00,69.3
2025-06-12 06:06:00,69.1
2025-06-12 04:50:00,29.4
2025-06-12 22:32:00,30.6
2025-06-12 05:51:00,91.9
2025-06-12 16:59:00,80.0
2025-06-12 01:15:00,40.8
2025-06-12 18:08:00,56.3
2025-06-12 12:40:00,11.7
2025-06-12 17:58:00,58.0
2025-06-12 08:57:00,59.2
2025-06-12 08:12:00,34.5
2025-06-12 03:18:00,18.4
2025-06-12 18:36:00,88.1
2025-06-12 16:25:00,99.3
2025-06-12 12:17:00,82.9
2025-06-12 16:48:00,50.313785814936594
2025-06-12 05:21:00,50.313785814936594
2025-06-12 00:46:00,50.313785814936594
2025-06-12 01:11:00,50.313785814936594
2025-06-12 08:52:00,10.3
2025-06-12 08:05:00,53.5
2025-06-12 17:11:00,15.4
2025-06-12 04:49:00,50.313785814936594
2025-06-12 08:01:00,50.313785814936594
2025-06-12 09:54:00,88.0
2025-06-12 17:35:00,94.9
2025-06-12 14:27:00,50.313785814936594
2025-06-12 18:20:00,88.9
2025-06-12 18:41:00,42.5
2025-06-12 18:14:00,94.6
2025-06-12 11:05:00,32.9
2025-06-12 03:18:00,67.8
2025-06-12 03:25:00,4.5
2025-06-12 09:10:00,50.313785814936594
2025-06-12 21:08:00,5.4
2025-06-12 07:15:00,23.5
2025-06-12 12:09:00,42.7
2025-06-12 00:26:00,54.5
2025-06-12 22:45:00,13.7
2025-06-12 22:46:00,9.5
2025-06-12 21:56:00,16.1
2025-06-12 19:22:00,81.2
2025-06-12 05:35:00,56.2
2025-06-12 07:38:00,84.8
2025-06-12 23:48:00,55.0
2025-06-12 04:18:00,22.4
2025-06-12 08:38:00,50.313785814936594
2025-06-12 08:43:00,59.3
2025-06-12 12:02:00,60.4
2025-06-12 09:10:00,89.1
2025-06-12 19:34:00,96.9
2025-06-12 01:49:00,55.4
2025-06-12 03:32:00,11.4
2025-06-12 21:34:00,89.3
2025-06-12 14:51:00,50.313785814936594
2025-06-12 11:20:00,84.9
2025-06-12 10:38:00,63.1
2025-06-12 07:21:00,60.9
2025-06-12 17:56:00,57.5
2025-06-12 10:14:00,32.7
2025-06-12 12:19:00,50.313785814936594
2025-06-12 12:34:00,50.313785814936594
2025-06-12 02:14:00,8.6
2025-06-12 01:38:00,30.7
2025-06-12 22:04:00,11.5
2025-06-12 12:58:00,64.7
2025-06-12 20:25:00,63.3
2025-06-12 04:04:00,50.313785814936594
2025-06-12 19:12:00,50.313785814936594
2025-06-12 03:33:00,43.2
2025-06-12 08:45:00,21.2
2025-06-12 05:11:00,87.8
2025-06-12 09:23:00,85.9
2025-06-12 11:37:00,49.9
2025-06-12 15:23:00,19.9
2025-06-12 10:48:00,90.0
2025-06-12 11:32:00,0.5
2025-06-12 19:19:00,8.2
2025-06-12 06:58:00,64.5
2025-06-12 06:08:00,39.4
2025-06-12 04:25:00,25.6
2025-06-12 06:22:00,19.9
2025-06-12 17:00:00,17.0
2025-06-12 12:03:00,48.7
2025-06-12 08:02:00,76.3
2025-06-12 12:02:00,79.6
2025-06-12 20:12:00,50.313785814936594
2025-06-12 01:20:00,99.3
2025-06-12 15:09:00,99.8
2025-06-12 09:07:00,0.2
2025-06-12 19:39:00,2.5
2025-06-12 20:35:00,81.9
2025-06-12 13:08:00,50.313785814936594
2025-06-12 04:35:00,34.3
2025-06-12 21:20:00,50.313785814936594
2025-06-12 10:45:00,84.6
2025-06-12 21:44:00,38.8
2025-06-12 10:51:00,64.1
2025-06-12 16:57:00,93.1
2025-06-12 21:46:00,13.0
2025-06-12 10:15:00,88.8
2025-06-12 19:40:00,66.1
2025-06-12 04:08:00,63.8
2025-06-12 04:58:00,76.0
2025-06-12 14:31:00,51.3
2025-06-12 21:49:00,36.6
2025-06-12 05:37:00,72.7
2025-06-12 14:56:00,78.7
2025-06-12 18:52:00,59.9
2025-06-12 21:01:00,83.8
2025-06-12 17:17:00,8.8
2025-06-12 01:31:00,48.5
2025-06-12 20:05:00,82.1
2025-06-12 17:30:00,30.1
2025-06-12 04:24:00,68.2
2025-06-12 16:20:00,61.2
2025-06-12 05:14:00,90.6
2025-06-12 00:17:00,11.0
2025-06-12 06:18:00,2.4
2025-06-12 12:49:00,73.5
2025-06-12 12:46:00,24.7
2025-06-12 10:08:00,8.4
2025-06-12 02:24:00,50.313785814936594
2025-06-12 02:16:00,50.313785814936594
2025-06-12 10:51:00,69.5
2025-06-12 17:15:00,39.9
2025-06-12 04:28:00,85.9
2025-06-12 17:14:00,77.5
2025-06-12 11:45:00,3.0
2025-06-12 16:22:00,35.6
2025-06-12 19:39:00,36.0
2025-06-12 07:49:00,50.313785814936594
2025-06-12 12:55:00,88.1
2025-06-12 21:46:00,83.7
2025-06-12 19:12:00,55.6
2025-06-12 13:17:00,89.0
2025-06-12 13:59:00,32.0
2025-06-12 04:09:00,33.7
2025-06-12 05:21:00,95.9
2025-06-12 19:02:00,66.3
2025-06-12 02:59:00,7.0
2025-06-12 11:53:00,22.3
2025-06-12 05:48:00,16.0
2025-06-12 05:59:00,50.313785814936594
2025-06-12 02:05:00,50.5
2025-06-12 11:22:00,75.9
2025-06-12 20:48:00,50.313785814936594
2025-06-12 12:57:00,99.3
2025-06-12 21:34:00,25.8
2025-06-12 16:56:00,59.7
2025-06-12 23:29:00,4.1
2025-06-12 21:34:00,68.8
2025-06-12 19:28:00,0.3
2025-06-12 05:43:00,86.4
2025-06-12 13:20:00,50.313785814936594
2025-06-12 10:25:00,32.3
2025-06-12 04:46:00,41.8
2025-06-12 20:23:00,97.8
2025-06-12 20:57:00,93.8
2025-06-12 05:36:00,79.8
2025-06-12 18:20:00,50.313785814936594
2025-06-12 04:12:00,22.3
2025-06-12 09:21:00,81.6
2025-06-12 17:29:00,41.1
2025-06-12 01:02:00,60.7
2025-06-12 23:56:00,74.9
2025-06-12 01:13:00,93.7
2025-06-12 16:57:00,51.2
2025-06-12 05:27:00,36.3
2025-06-12 11:52:00,68.5
2025-06-12 14:12:00,50.313785814936594
2025-06-12 00:09:00,32.1
2025-06-12 03:48:00,61.5
2025-06-12 09:23:00,65.7
2025-06-12 01:39:00,93.1
2025-06-12 13:30:00,43.6
2025-06-12 15:14:00,90.4
2025-06-12 09:38:00,26.6
2025-06-12 08:58:00,50.313785814936594
2025-06-12 06:22:00,70.7
2025-06-12 01:02:00,71.5
2025-06-12 21:54:00,50.6
2025-06-12 19:48:00,70.9
2025-06-12 05:03:00,25.2
2025-06-12 04:23:00,23.0
2025-06-12 19:04:00,50.313785814936594
2025-06-12 05:28:00,64.6
2025-06-12 10:30:00,58.2
2025-06-12 18:04:00,85.8
2025-06-12 08:33:00,39.3
2025-06-12 22:54:00,19.6
2025-06-12 01:53:00,49.947505013566115
2025-06-12 03:18:00,51.2
2025-06-12 08:14:00,40.7
2025-06-12 03:15:00,25.1
2025-06-12 16:54:00,49.947505013566115
2025-06-12 06:34:00,17.4
2025-06-12 10:29:00,41.9
2025-06-12 06:43:00,76.1
2025-06-12 13:01:00,69.8
2025-06-12 22:26:00,9.2
2025-06-12 05:30:00,85.0
2025-06-12 22:07:00,7.7
2025-06-12 09:05:00,31.2
2025-06-12 20:24:00,34.6
2025-06-12 15:03:00,55.6
2025-06-12 10:32:00,54.8
2025-06-12 18:16:00,0.1
2025-06-12 08:24:00,20.3
2025-06-12 20:09:00,76.2
2025-06-12 01:24:00,5.2
2025-06-12 13:16:00,22.9
2025-06-12 01:13:00,29.4
2025-06-12 02:38:00,45.4
2025-06-12 14:57:00,1.7
2025-06-12 10:12:00,49.947505013566115
2025-06-12 13:29:00,49.947505013566115
2025-06-12 05:03:00,75.2
2025-06-12 02:01:00,40.6
2025-06-12 22:17:00,49.0
2025-06-12 20:12:00,24.7
2025-06-12 06:11:00,9.1
2025-06-12 19:50:00,31.5
2025-06-12 17:12:00,49.6
2025-06-12 06:05:00,53.1
2025-06-12 16:55:00,20.1
2025-06-12 02:35:00,49.947505013566115
2025-06-12 23:14:00,74.2
2025-06-12 03:45:00,12.9
2025-06-12 02:00:00,27.9
2025-06-12 06:55:00,26.3
2025-06-12 01:10:00,49.947505013566115
2025-06-12 23:54:00,39.8
2025-06-12 06:46:00,49.947505013566115
2025-06-12 02:01:00,72.3
2025-06-12 09:23:00,76.2
2025-06-12 01:51:00,29.7
2025-06-12 23:34:00,36.6
2025-06-12 02:47:00,27.1
2025-06-12 05:47:00,28.1
2025-06-12 07:52:00,36.0
2025-06-12 00:11:00,49.947505013566115
2025-06-12 14:08:00,49.947505013566115
2025-06-12 08:15:00,76.7
2025-06-12 20:06:00,49.947505013566115
2025-06-12 00:16:00,49.947505013566115
2025-06-12 05:37:00,93.0
2025-06-12 09:41:00,70.2
2025-06-12 05:29:00,93.1
2025-06-12 02:18:00,54.0
2025-06-12 07:35:00,49.947505013566115
2025-06-12 10:06:00,97.7
2025-06-12 06:40:00,85.9
2025-06-12 15:02:00,86.1
2025-06-12 22:56:00,79.9
2025-06-12 02:48:00,85.0
2025-06-12 07:02:00,5.5
2025-06-12 14:09:00,21.0
2025-06-12 09:19:00,33.8
2025-06-12 07:03:00,49.947505013566115
2025-06-12 10:41:00,32.6
2025-06-12 19:09:00,22.0
2025-06-12 18:37:00,42.4
2025-06-12 00:43:00,36.9
2025-06-12 16:33:00,22.6
2025-06-12 20:01:00,49.947505013566115
2025-06-12 03:26:00,69.8
2025-06-12 15:20:00,27.4
2025-06-12 05:27:00,60.3
2025-06-12 18:35:00,69.0
2025-06-12 14:05:00,67.7
2025-06-12 18:46:00,49.947505013566115
2025-06-12 17:11:00,55.3
2025-06-12 03:35:00,49.947505013566115
2025-06-12 05:43:00,6.8
2025-06-12 10:06:00,45.5
2025-06-12 05:01:00,49.947505013566115
2025-06-12 19:17:00,98.5
2025-06-12 16:46:00,29.2
2025-06-12 05:38:00,4.3
2025-06-12 07:50:00,63.7
2025-06-12 21:06:00,89.7
2025-06-12 06:52:00,77.2
2025-06-12 08:59:00,49.947505013566115
2025-06-12 21:06:00,33.4
2025-06-12 06:57:00,49.947505013566115
2025-06-12 06:58:00,92.8
2025-06-12 23:31:00,13.3
2025-06-12 01:08:00,49.947505013566115
2025-06-12 00:17:00,55.7
2025-06-12 10:53:00,1.9
2025-06-12 09:09:00,12.7
2025-06-12 04:46:00,49.947505013566115
2025-06-12 05:12:00,61.2
2025-06-12 16:30:00,45.3
2025-06-12 09:33:00,49.947505013566115
2025-06-12 08:12:00,34.4
2025-06-12 22:25:00,49.947505013566115
2025-06-12 06:17:00,16.7
2025-06-12 23:08:00,61.7
2025-06-12 04:19:00,17.3
2025-06-12 01:15:00,30.4
2025-06-12 07:11:00,37.8
2025-06-12 06:04:00,16.6
2025-06-12 01:05:00,17.9
2025-06-12 01:39:00,36.5
2025-06-12 21:34:00,85.5
2025-06-12 03:28:00,68.3
2025-06-12 21:52:00,49.947505013566115
2025-06-12 12:47:00,89.0
2025-06-12 07:13:00,1.3
2025-06-12 19:45:00,78.4
2025-06-12 03:37:00,31.2
2025-06-12 01:30:00,49.947505013566115
2025-06-12 17:51:00,39.1
2025-06-12 19:06:00,50.7
2025-06-12 12:06:00,19.5
2025-06-12 01:40:00,49.947505013566115
2025-06-12 21:09:00,63.9
2025-06-12 12:20:00,20.5
2025-06-12 14:11:00,71.4
2025-06-12 10:43:00,49.947505013566115
2025-06-12 13:02:00,68.6
2025-06-12 17:22:00,1.0
2025-06-12 15:56:00,77.6
2025-06-12 10:40:00,91.7
2025-06-12 19:15:00,80.6
2025-06-12 02:58:00,27.2
2025-06-12 07:25:00,8.9
2025-06-12 19:51:00,39.3
2025-06-12 12:59:00,11.0
2025-06-12 03:31:00,50.1
2025-06-12 15:43:00,63.1
2025-06-12 19:03:00,5.1
2025-06-12 23:06:00,71.0
2025-06-12 08:07:00,81.3
2025-06-12 20:51:00,89.8
2025-06-12 11:20:00,76.5
2025-06-12 02:17:00,6.5
2025-06-12 01:56:00,80.7
2025-06-12 16:34:00,93.9
2025-06-12 09:44:00,49.947505013566115
2025-06-12 09:53:00,49.947505013566115
2025-06-12 08:19:00,12.1
2025-06-12 16:27:00,67.5
2025-06-12 20:42:00,21.5
2025-06-12 12:36:00,78.4
2025-06-12 23:42:00,56.0
2025-06-12 00:03:00,49.947505013566115
2025-06-12 00:35:00,8.5
2025-06-12 05:29:00,12.7
2025-06-12 12:53:00,73.7
2025-06-12 12:56:00,9.1
2025-06-12 21:31:00,5.6
2025-06-12 05:48:00,3.8
2025-06-12 04:19:00,32.9
2025-06-12 19:23:00,51.2
2025-06-12 18:46:00,49.947505013566115
2025-06-12 07:03:00,1.5
2025-06-12 23:32:00,64.7
2025-06-12 00:19:00,28.2
2025-06-12 17:51:00,68.5
2025-06-12 05:22:00,3.9
2025-06-12 21:31:00,49.947505013566115
2025-06-12 10:16:00,49.947505013566115
2025-06-12 20:29:00,53.0
2025-06-12 23:36:00,43.3
2025-06-12 10:39:00,25.1
2025-06-12 20:56:00,1.0
2025-06-12 22:27:00,22.6
2025-06-12 17:22:00,6.0
2025-06-12 02:00:00,49.947505013566115
2025-06-12 09:48:00,79.3
2025-06-12 00:27:00,86.0
2025-06-12 22:08:00,5.6
2025-06-12 18:03:00,86.9
2025-06-12 17:30:00,7.6
2025-06-12 22:53:00,49.5
2025-06-12 14:39:00,49.947505013566115
2025-06-12 14:03:00,49.947505013566115
2025-06-12 23:09:00,29.9
2025-06-12 20:26:00,73.5
2025-06-12 15:38:00,49.947505013566115
2025-06-12 15:41:00,70.8
2025-06-12 05:28:00,83.0
2025-06-12 15:38:00,79.5
2025-06-12 19:47:00,49.947505013566115
2025-06-12 12:04:00,51.7
2025-06-12 08:03:00,30.5
2025-06-12 21:14:00,49.947505013566115
2025-06-12 11:26:00,41.3
2025-06-12 19:45:00,50.4
2025-06-12 14:43:00,49.947505013566115
2025-06-12 00:45:00,52.9
2025-06-12 08:56:00,2.7
2025-06-12 22:30:00,78.4
2025-06-12 12:06:00,84.5
2025-06-12 21:16:00,32.4
2025-06-12 01:02:00,81.1
2025-06-12 13:09:00,67.7
2025-06-12 05:46:00,97.8
2025-06-12 22:09:00,84.3
2025-06-12 03:21:00,84.9
2025-06-12 05:34:00,64.6
2025-06-12 18:50:00,42.3
2025-06-12 17:07:00,53.1
2025-06-12 00:28:00,49.947505013566115
2025-06-12 16:53:00,92.0
2025-06-12 06:09:00,84.3
2025-06-12 15:04:00,30.1
2025-06-12 14:21:00,24.9
2025-06-12 20:06:00,67.5
2025-06-12 19:36:00,8.2
2025-06-12 00:04:00,45.4
2025-06-12 14:50:00,42.6
2025-06-12 03:19:00,3.0
2025-06-12 14:59:00,5.3
2025-06-12 10:51:00,39.0
2025-06-12 06:04:00,80.7
2025-06-12 10:03:00,2.0
2025-06-12 14:02:00,49.947505013566115
2025-06-12 18:44:00,55.5
2025-06-12 22:15:00,89.0
2025-06-12 04:50:00,86.2
2025-06-12 13:40:00,15.3
2025-06-12 14:37:00,49.947505013566115
2025-06-12 17:12:00,72.0
2025-06-12 02:04:00,61.7
2025-06-12 02:40:00,19.4
2025-06-12 13:05:00,90.3
2025-06-12 09:49:00,60.1
2025-06-12 11:49:00,18.9
2025-06-12 01:44:00,16.3
2025-06-12 15:32:00,73.0
2025-06-12 12:54:00,63.9
2025-06-12 02:05:00,10.9
2025-06-12 06:01:00,54.3
2025-06-12 15:46:00,76.4
2025-06-12 10:35:00,3.6
2025-06-12 04:33:00,49.947505013566115
2025-06-12 00:46:00,96.2
2025-06-12 18:24:00,49.947505013566115
2025-06-12 14:39:00,61.7
2025-06-12 14:05:00,63.0
2025-06-12 00:10:00,4.3
2025-06-12 18:04:00,82.5
2025-06-12 06:52:00,85.8
2025-06-12 21:15:00,15.7
2025-06-12 10:05:00,11.1
2025-06-12 12:05:00,76.4
2025-06-12 20:04:00,39.4
2025-06-12 10:44:00,49.947505013566115
2025-06-12 13:31:00,56.1
2025-06-12 16:50:00,98.3
2025-06-12 04:48:00,41.7
2025-06-12 02:19:00,3.6
2025-06-12 11:56:00,37.4
2025-06-12 15:08:00,74.0
2025-06-12 07:58:00,89.2
2025-06-12 12:28:00,81.2
2025-06-12 12:17:00,90.0
2025-06-12 04:14:00,32.2
2025-06-12 09:09:00,65.1
2025-06-12 00:02:00,84.8
2025-06-12 02:33:00,95.1
2025-06-12 20:32:00,57.1
2025-06-12 02:22:00,95.0
2025-06-12 00:19:00,49.947505013566115
2025-06-12 03:41:00,25.8
2025-06-12 00:12:00,36.3
2025-06-12 12:24:00,63.9
2025-06-12 20:18:00,49.947505013566115
2025-06-12 09:38:00,44.5
2025-06-12 05:22:00,95.8
2025-06-12 11:52:00,49.947505013566115
2025-06-12 23:35:00,43.0
2025-06-12 17:48:00,41.1
2025-06-12 16:44:00,96.7
2025-06-12 00:54:00,57.9
2025-06-12 19:07:00,49.947505013566115
2025-06-12 04:09:00,41.8
2025-06-12 22:18:00,49.947505013566115
2025-06-12 16:45:00,38.3
2025-06-12 02:19:00,72.3
2025-06-12 04:33:00,95.3
2025-06-12 07:58:00,93.5
2025-06-12 03:16:00,49.947505013566115
2025-06-12 19:37:00,48.0
2025-06-12 00:38:00,49.947505013566115
2025-06-12 14:33:00,13.7
2025-06-12 22:43:00,56.8
2025-06-12 21:05:00,96.9
2025-06-12 09:59:00,85.2
2025-06-12 14:52:00,49.947505013566115
2025-06-12 23:25:00,43.2
2025-06-12 18:57:00,77.9
2025-06-12 14:49:00,93.1
2025-06-12 11:01:00,42.3
2025-06-12 05:39:00,17.8
2025-06-12 16:26:00,59.0
2025-06-12 05:12:00,85.8
2025-06-12 23:23:00,8.2
2025-06-12 11:02:00,20.7
2025-06-12 19:01:00,5.1
2025-06-12 12:25:00,10.1
2025-06-12 18:27:00,7.4
2025-06-12 12:45:00,49.947505013566115
2025-06-12 06:43:00,30.4
2025-06-12 16:27:00,18.8
2025-06-12 17:00:00,49.947505013566115
2025-06-12 01:01:00,35.3
2025-06-12 21:23:00,70.7
2025-06-12 06:33:00,56.8
2025-06-12 10:22:00,19.1
2025-06-12 09:59:00,55.5
2025-06-12 21:07:00,20.8
2025-06-12 08:51:00,57.9
2025-06-12 21:55:00,76.3
2025-06-12 13:45:00,36.4
2025-06-12 15:09:00,96.8
2025-06-12 21:57:00,95.0
2025-06-12 08:43:00,32.4
2025-06-12 07:50:00,27.7
2025-06-12 04:55:00,91.6
2025-06-12 13:38:00,3.0
2025-06-12 09:53:00,49.0
2025-06-12 07:58:00,99.5
2025-06-12 00:05:00,50.31471380077256
2025-06-12 09:51:00,75.5
2025-06-12 15:19:00,49.4
2025-06-12 01:51:00,81.3
2025-06-12 03:21:00,22.5
2025-06-12 18:19:00,49.9
2025-06-12 10:03:00,58.9
2025-06-12 21:48:00,61.5
2025-06-12 22:41:00,7.7
2025-06-12 12:25:00,8.4
2025-06-12 17:47:00,50.31471380077256
2025-06-12 10:45:00,48.0
2025-06-12 01:00:00,65.6
2025-06-12 15:21:00,89.0
2025-06-12 02:34:00,36.8
2025-06-12 00:04:00,48.2
2025-06-12 23:07:00,40.3
2025-06-12 06:32:00,16.0
2025-06-12 14:32:00,50.31471380077256
2025-06-12 19:39:00,15.6
2025-06-12 13:19:00,50.31471380077256
2025-06-12 19:02:00,92.7
2025-06-12 06:54:00,7.1
2025-06-12 01:00:00,93.0
2025-06-12 10:01:00,23.8
2025-06-12 13:44:00,87.3
2025-06-12 14:38:00,4.8
2025-06-12 00:54:00,78.2
2025-06-12 22:29:00,98.0
2025-06-12 15:23:00,50.31471380077256
2025-06-12 18:06:00,2.2
2025-06-12 12:56:00,99.4
2025-06-12 06:13:00,50.31471380077256
2025-06-12 07:58:00,50.31471380077256
2025-06-12 13:17:00,72.9
2025-06-12 18:54:00,54.9
2025-06-12 15:27:00,68.2
2025-06-12 00:26:00,21.2
2025-06-12 00:41:00,3.9
2025-06-12 22:54:00,92.1
2025-06-12 12:15:00,51.2
2025-06-12 07:55:00,37.2
2025-06-12 21:08:00,50.31471380077256
2025-06-12 06:29:00,98.2
2025-06-12 20:47:00,92.8
2025-06-12 02:00:00,70.2
2025-06-12 07:29:00,53.7
2025-06-12 00:50:00,66.4
2025-06-12 07:08:00,40.9
2025-06-12 00:26:00,67.1
2025-06-12 06:33:00,4.0
2025-06-12 07:02:00,90.4
2025-06-12 06:12:00,19.4
2025-06-12 22:27:00,93.3
2025-06-12 03:52:00,50.31471380077256
2025-06-12 18:37:00,6.7
2025-06-12 14:07:00,23.4
2025-06-12 06:37:00,46.4
2025-06-12 11:15:00,11.2
2025-06-12 11:10:00,14.3
2025-06-12 15:25:00,55.9
2025-06-12 12:33:00,75.5
2025-06-12 15:42:00,75.6
2025-06-12 18:15:00,37.7
2025-06-12 01:59:00,50.31471380077256
2025-06-12 05:26:00,29.0
2025-06-12 10:55:00,50.31471380077256
2025-06-12 14:37:00,10.0
2025-06-12 04:25:00,95.0
2025-06-12 13:17:00,87.8
2025-06-12 09:27:00,23.1
2025-06-12 07:27:00,50.31471380077256
2025-06-12 21:12:00,50.31471380077256
2025-06-12 22:41:00,50.31471380077256
2025-06-12 18:48:00,5.1
2025-06-12 23:05:00,28.2
2025-06-12 14:35:00,37.8
2025-06-12 01:39:00,70.9
2025-06-12 07:59:00,41.0
2025-06-12 23:59:00,16.0
2025-06-12 00:58:00,80.9
2025-06-12 07:04:00,54.9
2025-06-12 21:23:00,26.9
2025-06-12 13:59:00,50.31471380077256
2025-06-12 11:55:00,46.3
2025-06-12 15:37:00,31.9
2025-06-12 07:11:00,44.8
2025-06-12 08:29:00,76.8
2025-06-12 14:35:00,50.31471380077256
2025-06-12 19:07:00,89.5
2025-06-12 17:52:00,50.31471380077256
2025-06-12 03:18:00,3.7
2025-06-12 05:33:00,15.4
2025-06-12 03:11:00,57.6
2025-06-12 09:08:00,68.0
2025-06-12 18:30:00,14.5
2025-06-12 22:36:00,72.6
2025-06-12 12:34:00,60.7
2025-06-12 22:48:00,85.2
2025-06-12 16:47:00,28.1
2025-06-12 18:14:00,48.1
2025-06-12 09:21:00,73.8
2025-06-12 01:44:00,26.2
2025-06-12 21:15:00,63.1
2025-06-12 11:24:00,50.31471380077256
2025-06-12 19:32:00,45.0
2025-06-12 05:36:00,50.31471380077256
2025-06-12 11:49:00,1.3
2025-06-12 10:20:00,50.31471380077256
2025-06-12 22:57:00,83.0
2025-06-12 06:00:00,45.2
2025-06-12 17:59:00,41.8
2025-06-12 13:01:00,39.8
2025-06-12 05:40:00,28.4
2025-06-12 15:10:00,84.8
2025-06-12 02:43:00,84.9
2025-06-12 12:39:00,93.0
2025-06-12 04:48:00,43.0
2025-06-12 01:45:00,8.4
2025-06-12 03:56:00,83.7
2025-06-12 16:57:00,12.9
2025-06-12 23:08:00,86.7
2025-06-12 10:26:00,26.8
2025-06-12 07:03:00,50.31471380077256
2025-06-12 22:35:00,3.7
2025-06-12 22:41:00,96.3
2025-06-12 19:14:00,71.8
2025-06-12 05:04:00,70.4
2025-06-12 18:43:00,73.7
2025-06-12 19:11:00,0.7
2025-06-12 14:00:00,26.1
2025-06-12 10:19:00,42.2
2025-06-12 05:04:00,29.6
2025-06-12 06:59:00,60.4
2025-06-12 23:54:00,45.7
2025-06-12 14:24:00,59.0
2025-06-12 11:37:00,59.2
2025-06-12 00:44:00,80.8
2025-06-12 22:39:00,6.2
2025-06-12 13:50:00,34.6
2025-06-12 06:18:00,82.8
2025-06-12 21:51:00,50.31471380077256
2025-06-12 23:36:00,5.1
2025-06-12 02:17:00,63.0
2025-06-12 08:25:00,50.31471380077256
2025-06-12 20:23:00,88.1
2025-06-12 14:23:00,35.7
2025-06-12 16:33:00,67.0
2025-06-12 04:16:00,6.5
2025-06-12 06:55:00,94.3
2025-06-12 10:37:00,50.31471380077256
2025-06-12 23:13:00,28.7
2025-06-12 18:38:00,87.3
2025-06-12 23:08:00,1.2
2025-06-12 14:01:00,55.2
2025-06-12 16:24:00,19.4
2025-06-12 09:49:00,44.4
2025-06-12 22:39:00,0.6
2025-06-12 01:08:00,81.5
2025-06-12 18:16:00,9.1
2025-06-12 16:29:00,44.7
2025-06-12 09:23:00,97.6
2025-06-12 18:35:00,50.31471380077256
2025-06-12 22:21:00,83.6
2025-06-12 18:32:00,27.1
2025-06-12 02:52:00,8.0
2025-06-12 12:06:00,37.9
2025-06-12 20:04:00,65.2
2025-06-12 15:29:00,83.4
2025-06-12 08:07:00,73.3
2025-06-12 07:23:00,50.8
2025-06-12 00:29:00,35.5
2025-06-12 12:46:00,37.4
2025-06-12 18:52:00,19.0
2025-06-12 00:28:00,50.31471380077256
2025-06-12 03:37:00,68.4
2025-06-12 12:44:00,58.6
2025-06-12 12:47:00,32.7
2025-06-12 09:58:00,3.4
2025-06-12 07:22:00,42.7
2025-06-12 21:18:00,13.7
2025-06-12 10:33:00,50.31471380077256
2025-06-12 17:09:00,1.0
2025-06-12 03:48:00,68.1
2025-06-12 02:06:00,50.31471380077256
2025-06-12 04:03:00,7.4
2025-06-12 06:14:00,22.9
2025-06-12 15:48:00,63.9
2025-06-12 07:34:00,92.9
2025-06-12 06:30:00,48.7
2025-06-12 11:27:00,64.0
2025-06-12 16:43:00,20.6
2025-06-12 07:08:00,59.6
2025-06-12 23:29:00,66.7
2025-06-12 01:57:00,76.5
2025-06-12 21:51:00,50.31471380077256
2025-06-12 20:58:00,65.8
2025-06-12 09:15:00,59.3
2025-06-12 06:13:00,23.1
2025-06-12 19:23:00,40.4
2025-06-12 08:54:00,50.31471380077256
2025-06-12 18:17:00,11.0
2025-06-12 03:58:00,95.6
2025-06-12 05:36:00,51.6
2025-06-12 04:17:00,99.5
2025-06-12 13:52:00,69.5
2025-06-12 20:18:00,62.2
2025-06-12 00:04:00,59.8
2025-06-12 08:41:00,69.1
2025-06-12 08:02:00,37.7
2025-06-12 06:41:00,13.9
2025-06-12 14:52:00,53.8
2025-06-12 23:14:00,55.2
2025-06-12 09:16:00,37.2
2025-06-12 03:16:00,74.3
2025-06-12 21:50:00,30.9
2025-06-12 18:48:00,22.0
2025-06-12 13:37:00,84.5
2025-06-12 23:48:00,53.4
2025-06-12 09:51:00,50.31471380077256
2025-06-12 04:10:00,98.2
2025-06-12 18:04:00,50.31471380077256
2025-06-12 20:29:00,66.3
2025-06-12 03:54:00,6.6
2025-06-12 20:29:00,96.1
2025-06-12 11:48:00,38.9
2025-06-12 01:39:00,93.9
2025-06-12 18:51:00,36.3
2025-06-12 20:46:00,89.8
2025-06-12 01:38:00,30.8
2025-06-12 18:41:00,42.2
2025-06-12 18:37:00,20.4
2025-06-12 09:34:00,16.7
2025-06-12 06:14:00,50.31471380077256
2025-06-12 06:58:00,51.0
2025-06-12 12:52:00,95.4
2025-06-12 06:46:00,52.3
2025-06-12 10:50:00,14.9
2025-06-12 17:18:00,50.31471380077256
2025-06-12 23:47:00,10.7
2025-06-12 17:25:00,50.4
2025-06-12 11:51:00,24.3
2025-06-12 11:19:00,24.5
2025-06-12 10:57:00,50.31471380077256
2025-06-12 19:25:00,50.31471380077256
2025-06-12 13:08:00,30.8
2025-06-12 17:39:00,50.31471380077256
2025-06-12 23:38:00,19.4
2025-06-12 00:41:00,78.8
2025-06-12 02:56:00,11.4
2025-06-12 16:19:00,79.8
2025-06-12 01:43:00,1.3
2025-06-12 03:03:00,78.8
2025-06-12 12:10:00,44.0
2025-06-12 10:13:00,1.8
2025-06-12 02:24:00,50.31471380077256
2025-06-12 07:37:00,64.0
2025-06-12 06:26:00,68.8
2025-06-12 00:32:00,90.8
2025-06-12 19:53:00,26.7
2025-06-12 18:34:00,86.1
2025-06-12 10:46:00,19.7
2025-06-12 16:08:00,71.7
2025-06-12 15:45:00,18.4
2025-06-12 12:25:00,79.5
2025-06-12 05:58:00,67.1
2025-06-12 02:43:00,72.4
2025-06-12 00:39:00,40.7
2025-06-12 19:28:00,22.3
2025-06-12 23:47:00,29.6
2025-06-12 21:43:00,86.4
2025-06-12 08:29:00,65.5
2025-06-12 03:12:00,50.31471380077256
2025-06-12 13:33:00,56.4
2025-06-12 13:30:00,9.5
2025-06-12 02:57:00,17.9
2025-06-12 05:15:00,61.5
2025-06-12 22:21:00,74.5
2025-06-12 03:21:00,95.2
2025-06-12 12:25:00,43.5
2025-06-12 17:22:00,3.9
2025-06-12 21:57:00,73.8
2025-06-12 14:01:00,10.3
2025-06-12 07:57:00,97.9
2025-06-12 18:55:00,93.0
2025-06-12 16:44:00,84.6
2025-06-12 01:43:00,50.31471380077256
2025-06-12 10:43:00,39.2
2025-06-12 01:16:00,78.1
2025-06-12 19:23:00,38.0
2025-06-12 00:12:00,26.3
2025-06-12 16:59:00,50.31471380077256
2025-06-12 23:00:00,50.31471380077256
2025-06-12 14:43:00,88.9
2025-06-12 17:53:00,20.1
2025-06-12 10:54:00,50.4
2025-06-12 23:51:00,84.3
2025-06-12 15:47:00,43.3
2025-06-12 18:08:00,23.8
2025-06-12 13:59:00,50.31471380077256
2025-06-12 00:07:00,20.8
2025-06-12 06:14:00,85.3
2025-06-12 09:33:00,43.0
2025-06-12 00:52:00,72.7
2025-06-12 12:02:00,43.2
2025-06-12 17:18:00,3.2
2025-06-12 01:29:00,55.4
2025-06-12 21:39:00,41.2
2025-06-12 07:06:00,26.9
2025-06-12 07:52:00,7.5
2025-06-12 07:00:00,48.5
2025-06-12 16:08:00,46.9
2025-06-12 18:23:00,45.3
2025-06-12 05:33:00,47.2
2025-06-12 13:15:00,50.31471380077256
2025-06-12 18:42:00,16.7
2025-06-12 16:22:00,28.7
2025-06-12 06:54:00,78.1
2025-06-12 20:22:00,32.2
2025-06-12 01:10:00,23.5
2025-06-12 11:19:00,89.1
2025-06-12 20:50:00,21.9
2025-06-12 13:14:00,9.2
2025-06-12 13:00:00,51.9
2025-06-12 00:12:00,37.8
2025-06-12 09:01:00,33.5
2025-06-12 20:01:00,40.5
2025-06-12 18:43:00,11.4
2025-06-12 01:30:00,5.1
2025-06-12 04:52:00,73.0
2025-06-12 19:36:00,49.873700916999766
2025-06-12 13:26:00,49.873700916999766
2025-06-12 16:55:00,34.9
2025-06-12 05:42:00,53.3
2025-06-12 01:34:00,83.7
2025-06-12 17:11:00,24.1
2025-06-12 22:04:00,65.4
2025-06-12 14:06:00,26.5
2025-06-12 03:51:00,68.6
2025-06-12 22:25:00,1.3
2025-06-12 20:49:00,52.0
2025-06-12 14:24:00,63.9
2025-06-12 00:52:00,15.4
2025-06-12 08:08:00,76.5
2025-06-12 13:00:00,49.873700916999766
2025-06-12 01:43:00,9.2
2025-06-12 19:38:00,34.8
2025-06-12 15:18:00,15.7
2025-06-12 19:57:00,49.873700916999766
2025-06-12 08:09:00,66.1
2025-06-12 10:17:00,28.0
2025-06-12 13:54:00,49.873700916999766
2025-06-12 07:45:00,49.873700916999766
2025-06-12 11:14:00,81.0
2025-06-12 14:38:00,15.8
2025-06-12 13:44:00,53.6
2025-06-12 15:28:00,49.873700916999766
2025-06-12 08:35:00,81.1
2025-06-12 07:38:00,82.4
2025-06-12 08:36:00,49.873700916999766
2025-06-12 21:08:00,92.8
2025-06-12 15:55:00,24.4
2025-06-12 09:05:00,65.6
2025-06-12 02:11:00,5.3
2025-06-12 18:17:00,46.1
2025-06-12 11:48:00,97.6
2025-06-12 00:10:00,66.9
2025-06-12 19:49:00,68.7
2025-06-12 04:44:00,49.873700916999766
2025-06-12 06:46:00,49.873700916999766
2025-06-12 06:11:00,84.1
2025-06-12 01:29:00,35.1
2025-06-12 14:51:00,9.7
2025-06-12 03:32:00,36.2
2025-06-12 21:30:00,39.4
2025-06-12 20:02:00,95.7
2025-06-12 09:11:00,50.5
2025-06-12 01:23:00,52.5
2025-06-12 08:10:00,22.3
2025-06-12 11:43:00,41.4
2025-06-12 14:00:00,80.4
2025-06-12 12:32:00,73.8
2025-06-12 11:24:00,93.4
2025-06-12 11:00:00,2.9
2025-06-12 11:00:00,63.3
2025-06-12 23:15:00,65.2
2025-06-12 00:57:00,68.0
2025-06-12 15:46:00,87.4
2025-06-12 10:20:00,55.6
2025-06-12 08:58:00,49.873700916999766
2025-06-12 22:58:00,52.3
2025-06-12 21:58:00,50.5
2025-06-12 16:42:00,2.0
2025-06-12 09:39:00,64.1
2025-06-12 15:37:00,26.2
2025-06-12 14:38:00,49.873700916999766
2025-06-12 17:12:00,18.4
2025-06-12 06:02:00,89.5
2025-06-12 13:24:00,19.4
2025-06-12 19:03:00,32.5
2025-06-12 05:26:00,88.3
2025-06-12 01:26:00,54.7
2025-06-12 02:56:00,23.4
2025-06-12 10:09:00,3.0
2025-06-12 13:42:00,47.8
2025-06-12 17:08:00,80.4
2025-06-12 00:48:00,45.1
2025-06-12 12:53:00,88.9
2025-06-12 20:33:00,49.7
2025-06-12 17:59:00,46.9
2025-06-12 01:53:00,69.6
2025-06-12 09:41:00,68.6
2025-06-12 10:51:00,63.4
2025-06-12 04:58:00,49.873700916999766
2025-06-12 14:12:00,51.5
2025-06-12 13:17:00,88.2
2025-06-12 20:55:00,38.1
2025-06-12 17:41:00,42.7
2025-06-12 10:30:00,64.8
2025-06-12 00:22:00,37.7
2025-06-12 04:01:00,4.1
2025-06-12 08:37:00,82.0
2025-06-12 02:13:00,64.5
2025-06-12 13:29:00,69.3
2025-06-12 09:08:00,57.7
2025-06-12 12:34:00,19.5
2025-06-12 16:40:00,7.4
2025-06-12 11:35:00,59.8
2025-06-12 06:13:00,98.4
2025-06-12 12:41:00,40.4
2025-06-12 13:43:00,80.4
2025-06-12 18:06:00,32.6
2025-06-12 09:23:00,84.6
2025-06-12 20:13:00,87.3
2025-06-12 12:50:00,76.8
2025-06-12 05:33:00,49.873700916999766
2025-06-12 01:53:00,90.9
2025-06-12 19:43:00,33.9
2025-06-12 12:02:00,8.1
2025-06-12 09:03:00,82.5
2025-06-12 22:49:00,79.5
2025-06-12 18:55:00,52.4
2025-06-12 18:52:00,49.873700916999766
2025-06-12 16:53:00,14.7
2025-06-12 23:06:00,69.8
2025-06-12 23:28:00,41.8
2025-06-12 05:01:00,17.5
2025-06-12 14:13:00,55.0
2025-06-12 19:54:00,6.0
2025-06-12 04:42:00,0.1
2025-06-12 06:27:00,11.9
2025-06-12 03:43:00,49.873700916999766
2025-06-12 02:08:00,71.2
2025-06-12 13:59:00,48.4
2025-06-12 04:31:00,57.5
2025-06-12 11:04:00,49.873700916999766
2025-06-12 20:45:00,81.5
2025-06-12 19:41:00,84.2
2025-06-12 10:55:00,49.873700916999766
2025-06-12 10:39:00,49.873700916999766
2025-06-12 11:37:00,70.0
2025-06-12 03:32:00,2.1
2025-06-12 07:03:00,49.873700916999766
2025-06-12 02:38:00,52.8
2025-06-12 11:27:00,5.3
2025-06-12 15:06:00,49.873700916999766
2025-06-12 09:56:00,54.7
2025-06-12 02:25:00,49.873700916999766
2025-06-12 10:13:00,10.0
2025-06-12 22:31:00,29.5
2025-06-12 08:00:00,61.8
2025-06-12 22:56:00,16.0
2025-06-12 05:10:00,1.2
2025-06-12 19:08:00,0.7
2025-06-12 16:24:00,49.873700916999766
2025-06-12 17:27:00,58.0
2025-06-12 11:11:00,17.2
2025-06-12 21:47:00,49.873700916999766
2025-06-12 13:44:00,11.0
2025-06-12 13:12:00,80.3
2025-06-12 08:18:00,47.8
2025-06-12 01:25:00,3.2
2025-06-12 18:12:00,29.9
2025-06-12 11:38:00,26.3
2025-06-12 14:34:00,44.8
2025-06-12 20:21:00,76.7
2025-06-12 18:18:00,3.4
2025-06-12 01:02:00,73.9
2025-06-12 01:35:00,52.0
2025-06-12 02:53:00,6.5
2025-06-12 18:48:00,23.2
2025-06-12 14:57:00,86.5
2025-06-12 20:46:00,91.0
2025-06-12 09:47:00,39.9
2025-06-12 02:50:00,49.873700916999766
2025-06-12 14:37:00,49.873700916999766
2025-06-12 00:44:00,26.0
2025-06-12 01:00:00,68.7
2025-06-12 20:46:00,34.1
2025-06-12 15:04:00,93.0
2025-06-12 01:07:00,20.0
2025-06-12 17:33:00,78.9
2025-06-12 22:33:00,12.1
2025-06-12 04:37:00,49.873700916999766
2025-06-12 17:00:00,34.8
2025-06-12 08:41:00,8.0
2025-06-12 23:10:00,2.5
2025-06-12 12:59:00,96.9
2025-06-12 05:04:00,56.2
2025-06-12 15:49:00,66.6
2025-06-12 08:14:00,4.0
2025-06-12 01:47:00,56.4
2025-06-12 05:01:00,49.873700916999766
2025-06-12 02:20:00,75.3
2025-06-12 10:31:00,50.3
2025-06-12 11:42:00,69.9
2025-06-12 18:26:00,74.7
2025-06-12 13:11:00,99.8
2025-06-12 15:06:00,49.873700916999766
2025-06-12 18:33:00,75.4
2025-06-12 23:26:00,3.8
2025-06-12 16:19:00,71.5
2025-06-12 11:09:00,6.4
2025-06-12 14:34:00,61.9
2025-06-12 07:11:00,78.8
2025-06-12 11:04:00,68.1
2025-06-12 19:12:00,82.5
2025-06-12 16:51:00,16.3
2025-06-12 23:34:00,1.2
2025-06-12 16:29:00,76.5
2025-06-12 18:17:00,28.9
2025-06-12 18:47:00,42.0
2025-06-12 08:09:00,86.7
2025-06-12 19:52:00,22.6
2025-06-12 00:37:00,86.5
2025-06-12 11:26:00,19.6
2025-06-12 13:17:00,49.873700916999766
2025-06-12 16:43:00,63.4
2025-06-12 07:49:00,53.8
2025-06-12 21:03:00,28.8
2025-06-12 08:47:00,50.3
2025-06-12 02:53:00,28.2
2025-06-12 14:20:00,45.1
2025-06-12 10:13:00,35.6
2025-06-12 20:29:00,58.4
2025-06-12 18:09:00,85.2
2025-06-12 13:52:00,4.1
2025-06-12 22:02:00,49.1
2025-06-12 17:59:00,22.3
2025-06-12 00:45:00,29.9
2025-06-12 21:25:00,93.9
2025-06-12 06:11:00,83.4
2025-06-12 02:33:00,19.1
2025-06-12 18:56:00,87.5
2025-06-12 04:03:00,6.9
2025-06-12 08:27:00,83.7
2025-06-12 01:33:00,45.3
2025-06-12 17:43:00,17.1
2025-06-12 15:03:00,67.5
2025-06-12 11:31:00,34.0
2025-06-12 18:46:00,45.7
2025-06-12 00:31:00,80.9
2025-06-12 16:05:00,74.6
2025-06-12 20:19:00,49.873700916999766
2025-06-12 11:29:00,49.873700916999766
2025-06-12 13:08:00,64.9
2025-06-12 01:19:00,49.873700916999766
2025-06-12 11:24:00,34.7
2025-06-12 03:36:00,12.2
2025-06-12 23:19:00,95.5
2025-06-12 05:04:00,68.5
2025-06-12 07:48:00,38.6
2025-06-12 18:23:00,25.7
2025-06-12 22:17:00,16.6
2025-06-12 06:02:00,49.873700916999766
2025-06-12 06:08:00,91.2
2025-06-12 17:42:00,1.8
2025-06-12 14:46:00,80.2
2025-06-12 13:39:00,11.9
2025-06-12 21:11:00,66.9
2025-06-12 00:29:00,46.2
2025-06-12 11:05:00,36.3
2025-06-12 03:19:00,70.4
2025-06-12 12:15:00,71.4
2025-06-12 19:46:00,35.3
2025-06-12 03:25:00,28.2
2025-06-12 07:39:00,49.5
2025-06-12 05:43:00,45.7
2025-06-12 01:42:00,21.8
2025-06-12 02:02:00,49.873700916999766
2025-06-12 06:35:00,83.0
2025-06-12 05:09:00,17.5
2025-06-12 22:24:00,34.7
2025-06-12 05:19:00,11.0
2025-06-12 09:26:00,94.6
2025-06-12 13:06:00,91.6
2025-06-12 16:40:00,82.6
2025-06-12 23:07:00,88.7
2025-06-12 03:08:00,15.9
2025-06-12 10:50:00,88.0
2025-06-12 21:11:00,55.0
2025-06-12 00:15:00,21.2
2025-06-12 03:59:00,22.6
2025-06-12 03:41:00,4.6
2025-06-12 03:36:00,51.4
2025-06-12 12:34:00,43.5
2025-06-12 11:33:00,31.2
2025-06-12 09:43:00,90.0
2025-06-12 00:24:00,69.8
2025-06-12 07:15:00,74.2
2025-06-12 17:31:00,42.1
2025-06-12 08:44:00,20.4
2025-06-12 02:10:00,12.0
2025-06-12 00:23:00,53.1
2025-06-12 09:38:00,49.873700916999766
2025-06-12 13:17:00,38.9
2025-06-12 05:45:00,23.2
2025-06-12 14:35:00,17.9
2025-06-12 16:13:00,35.3
2025-06-12 05:14:00,60.1
2025-06-12 11:17:00,97.9
2025-06-12 20:43:00,60.4
2025-06-12 01:58:00,62.5
2025-06-12 06:18:00,49.873700916999766
2025-06-12 01:15:00,82.1
2025-06-12 10:59:00,63.8
2025-06-12 23:07:00,45.7
2025-06-12 10:12:00,88.8
2025-06-12 20:48:00,56.1
2025-06-12 21:57:00,12.2
2025-06-12 17:51:00,95.6
2025-06-12 17:20:00,10.4
2025-06-12 03:49:00,65.8
2025-06-12 14:32:00,99.9
2025-06-12 22:36:00,36.5
2025-06-12 02:05:00,53.8
2025-06-12 14:26:00,37.8
2025-06-12 06:49:00,46.4
2025-06-12 00:41:00,14.5
2025-06-12 05:23:00,33.5
2025-06-12 13:37:00,94.0
2025-06-12 14:58:00,78.3
2025-06-12 13:04:00,66.8
2025-06-12 07:50:00,3.1
2025-06-12 11:04:00,82.2
2025-06-12 05:52:00,98.8
2025-06-12 15:04:00,19.2
2025-06-12 14:43:00,67.3
2025-06-12 01:41:00,21.0
2025-06-12 22:12:00,14.9
2025-06-12 21:01:00,11.0
2025-06-12 17:07:00,82.8
2025-06-12 12:35:00,84.0
2025-06-12 10:59:00,35.1
2025-06-12 20:12:00,49.660353652861794
2025-06-12 01:47:00,40.2
2025-06-12 15:12:00,47.1
2025-06-12 09:04:00,0.9
2025-06-12 18:18:00,58.1
2025-06-12 20:40:00,12.6
2025-06-12 11:06:00,87.0
2025-06-12 08:38:00,49.660353652861794
2025-06-12 06:46:00,1.0
2025-06-12 17:57:00,96.9
2025-06-12 07:25:00,63.5
2025-06-12 06:16:00,2.1
2025-06-12 04:06:00,76.0
2025-06-12 03:30:00,0.9
2025-06-12 19:35:00,49.660353652861794
2025-06-12 23:28:00,93.6
2025-06-12 04:32:00,49.660353652861794
2025-06-12 04:50:00,87.6
2025-06-12 17:17:00,73.0
2025-06-12 18:05:00,3.1
2025-06-12 11:37:00,50.2
2025-06-12 09:31:00,49.0
2025-06-12 12:37:00,76.6
2025-06-12 18:16:00,3.9
2025-06-12 11:22:00,82.6
2025-06-12 16:28:00,98.3
2025-06-12 13:02:00,54.6
2025-06-12 20:57:00,52.4
2025-06-12 14:36:00,22.2
2025-06-12 08:48:00,0.8
2025-06-12 06:06:00,59.4
2025-06-12 22:01:00,0.6
2025-06-12 22:48:00,49.660353652861794
2025-06-12 18:17:00,0.4
2025-06-12 12:37:00,70.6
2025-06-12 23:45:00,38.5
2025-06-12 05:43:00,49.660353652861794
2025-06-12 21:42:00,49.6
2025-06-12 22:14:00,49.660353652861794
2025-06-12 22:08:00,85.7
2025-06-12 14:20:00,70.7
2025-06-12 04:03:00,95.8
2025-06-12 03:31:00,88.8
2025-06-12 23:41:00,49.660353652861794
2025-06-12 12:38:00,29.8
2025-06-12 08:45:00,59.3
2025-06-12 19:24:00,61.1
2025-06-12 08:04:00,49.660353652861794
2025-06-12 07:02:00,43.2
2025-06-12 12:55:00,71.1
2025-06-12 10:52:00,59.7
2025-06-12 16:19:00,57.2
2025-06-12 00:21:00,49.660353652861794
2025-06-12 04:22:00,68.5
2025-06-12 10:31:00,75.0
2025-06-12 17:02:00,52.4
2025-06-12 22:36:00,96.5
2025-06-12 20:11:00,49.660353652861794
2025-06-12 08:51:00,1.8
2025-06-12 01:29:00,49.660353652861794
2025-06-12 13:02:00,49.660353652861794
2025-06-12 03:16:00,67.7
2025-06-12 08:25:00,53.0
2025-06-12 19:06:00,29.8
2025-06-12 17:02:00,13.4
2025-06-12 00:46:00,13.2
2025-06-12 03:30:00,58.4
2025-06-12 14:16:00,72.7
2025-06-12 18:44:00,48.2
2025-06-12 03:45:00,67.4
2025-06-12 08:59:00,92.8
2025-06-12 09:06:00,20.6
2025-06-12 21:44:00,24.2
2025-06-12 14:37:00,72.5
2025-06-12 12:05:00,40.2
2025-06-12 17:20:00,24.8
2025-06-12 06:54:00,62.2
2025-06-12 06:07:00,85.6
2025-06-12 06:11:00,1.9
2025-06-12 01:09:00,16.3
2025-06-12 06:49:00,89.9
2025-06-12 19:41:00,0.5
2025-06-12 03:02:00,52.0
2025-06-12 00:01:00,18.5
2025-06-12 16:33:00,81.1
2025-06-12 04:17:00,53.4
2025-06-12 21:14:00,49.660353652861794
2025-06-12 14:57:00,2.3
2025-06-12 05:17:00,78.7
2025-06-12 22:10:00,89.2
2025-06-12 10:04:00,66.8
2025-06-12 10:08:00,84.4
2025-06-12 20:45:00,48.5
2025-06-12 01:32:00,68.4
2025-06-12 06:43:00,14.3
2025-06-12 06:39:00,54.5
2025-06-12 16:34:00,63.6
2025-06-12 09:22:00,42.5
2025-06-12 16:29:00,6.5
2025-06-12 14:07:00,61.3
2025-06-12 23:24:00,49.660353652861794
2025-06-12 22:19:00,46.1
2025-06-12 12:41:00,70.2
2025-06-12 17:46:00,49.660353652861794
2025-06-12 08:19:00,14.5
2025-06-12 17:27:00,52.7
2025-06-12 04:27:00,49.660353652861794
2025-06-12 06:33:00,3.4
2025-06-12 15:38:00,68.6
2025-06-12 08:45:00,70.5
2025-06-12 12:22:00,27.4
2025-06-12 15:50:00,32.5
2025-06-12 13:36:00,23.1
2025-06-12 17:42:00,49.660353652861794
2025-06-12 07:08:00,91.1
2025-06-12 14:38:00,87.0
2025-06-12 11:05:00,57.5
2025-06-12 11:09:00,50.4
2025-06-12 12:03:00,44.1
2025-06-12 18:48:00,13.9
2025-06-12 13:27:00,49.6
2025-06-12 06:02:00,27.4
2025-06-12 06:44:00,66.3
2025-06-12 20:14:00,81.7
2025-06-12 20:52:00,34.7
2025-06-12 03:46:00,49.660353652861794
2025-06-12 19:34:00,52.0
2025-06-12 04:45:00,36.4
2025-06-12 07:04:00,13.8
2025-06-12 21:39:00,58.5
2025-06-12 20:52:00,60.7
2025-06-12 02:06:00,33.4
2025-06-12 23:18:00,61.7
2025-06-12 10:39:00,20.1
2025-06-12 19:11:00,3.2
2025-06-12 05:08:00,37.0
2025-06-12 01:49:00,17.4
2025-06-12 04:43:00,78.5
2025-06-12 21:04:00,71.0
2025-06-12 06:07:00,49.660353652861794
2025-06-12 06:10:00,41.4
2025-06-12 19:27:00,48.1
2025-06-12 23:25:00,80.7
2025-06-12 23:23:00,11.0
2025-06-12 00:04:00,18.2
2025-06-12 18:51:00,49.660353652861794
2025-06-12 07:19:00,16.3
2025-06-12 14:23:00,72.3
2025-06-12 15:40:00,19.3
2025-06-12 23:03:00,78.4
2025-06-12 06:14:00,79.2
2025-06-12 21:32:00,0.8
2025-06-12 11:42:00,64.9
2025-06-12 11:03:00,14.7
2025-06-12 05:08:00,49.660353652861794
2025-06-12 19:58:00,94.7
2025-06-12 14:39:00,49.660353652861794
2025-06-12 15:08:00,98.0
2025-06-12 06:13:00,52.7
2025-06-12 19:21:00,32.1
2025-06-12 00:59:00,49.660353652861794
2025-06-12 04:32:00,8.4
2025-06-12 18:50:00,49.660353652861794
2025-06-12 14:35:00,18.3
2025-06-12 08:15:00,56.1
2025-06-12 22:51:00,67.1
2025-06-12 14:30:00,28.6
2025-06-12 14:43:00,49.0
2025-06-12 09:18:00,91.7
2025-06-12 14:50:00,26.2
2025-06-12 14:08:00,61.3
2025-06-12 15:31:00,49.660353652861794
2025-06-12 10:43:00,78.7
2025-06-12 22:32:00,11.9
2025-06-12 13:59:00,64.9
2025-06-12 08:44:00,22.9
2025-06-12 05:16:00,49.660353652861794
2025-06-12 20:35:00,49.6
2025-06-12 13:14:00,49.660353652861794
2025-06-12 10:47:00,61.8
2025-06-12 19:49:00,15.4
2025-06-12 16:23:00,50.8
2025-06-12 18:37:00,37.2
2025-06-12 23:36:00,17.0
2025-06-12 13:17:00,49.660353652861794
2025-06-12 15:53:00,58.6
2025-06-12 01:46:00,49.660353652861794
2025-06-12 11:22:00,85.1
2025-06-12 07:55:00,24.9
2025-06-12 05:27:00,46.7
2025-06-12 09:46:00,82.1
2025-06-12 00:59:00,38.0
2025-06-12 21:35:00,55.6
2025-06-12 23:16:00,70.4
2025-06-12 16:54:00,92.3
2025-06-12 20:50:00,19.5
2025-06-12 11:35:00,95.4
2025-06-12 00:52:00,82.4
2025-06-12 02:45:00,29.8
2025-06-12 08:21:00,32.1
2025-06-12 10:30:00,28.2
2025-06-12 22:15:00,6.9
2025-06-12 21:24:00,41.5
2025-06-12 00:08:00,56.8
2025-06-12 06:58:00,26.6
2025-06-12 16:49:00,53.8
2025-06-12 17:25:00,86.6
2025-06-12 02:24:00,56.6
2025-06-12 02:56:00,36.9
2025-06-12 01:27:00,57.0
2025-06-12 15:41:00,49.660353652861794
2025-06-12 10:45:00,49.660353652861794
2025-06-12 06:34:00,61.8
2025-06-12 12:20:00,48.1
2025-06-12 07:49:00,96.1
2025-06-12 01:39:00,46.7
2025-06-12 11:27:00,99.3
2025-06-12 08:31:00,11.7
2025-06-12 07:16:00,38.1
2025-06-12 20:26:00,62.2
2025-06-12 19:48:00,49.660353652861794
2025-06-12 21:32:00,44.3
2025-06-12 16:42:00,55.0
2025-06-12 07:10:00,87.0
2025-06-12 02:39:00,8.9
2025-06-12 23:24:00,75.4
2025-06-12 11:40:00,58.6
2025-06-12 16:28:00,82.9
2025-06-12 15:28:00,24.5
2025-06-12 21:23:00,7.0
2025-06-12 00:14:00,20.4
2025-06-12 21:14:00,57.0
2025-06-12 16:48:00,73.9
2025-06-12 08:08:00,11.7
2025-06-12 07:59:00,86.8
2025-06-12 08:16:00,34.6
2025-06-12 01:25:00,2.0
2025-06-12 03:52:00,33.5
2025-06-12 23:19:00,49.9
2025-06-12 11:51:00,46.4
2025-06-12 18:48:00,7.5
2025-06-12 23:00:00,13.2
2025-06-12 08:35:00,49.660353652861794
2025-06-12 00:20:00,9.8
2025-06-12 20:00:00,58.4
2025-06-12 07:09:00,27.8
2025-06-12 15:47:00,73.4
2025-06-12 01:47:00,66.9
2025-06-12 22:41:00,77.4
2025-06-12 02:57:00,59.3
2025-06-12 10:36:00,7.7
2025-06-12 00:56:00,58.8
2025-06-12 21:43:00,49.660353652861794
2025-06-12 06:32:00,25.7
2025-06-12 16:34:00,98.3
2025-06-12 23:44:00,27.0
2025-06-12 03:49:00,17.2
2025-06-12 05:25:00,44.4
2025-06-12 09:55:00,67.5
2025-06-12 19:48:00,90.0
2025-06-12 10:03:00,55.3
2025-06-12 20:18:00,26.9
2025-06-12 08:03:00,7.4
2025-06-12 01:27:00,54.3
2025-06-12 12:44:00,95.6
2025-06-12 01:33:00,57.7
2025-06-12 22:51:00,53.2
2025-06-12 23:11:00,94.9
2025-06-12 02:22:00,89.8
2025-06-12 02:05:00,45.2
2025-06-12 13:27:00,65.1
2025-06-12 22:01:00,88.1
2025-06-12 18:37:00,32.6
2025-06-12 12:59:00,43.4
2025-06-12 23:03:00,78.3
2025-06-12 15:24:00,44.3
2025-06-12 10:07:00,30.2
2025-06-12 23:17:00,90.8
2025-06-12 07:53:00,81.9
2025-06-12 08:01:00,96.7
2025-06-12 18:17:00,7.7
2025-06-12 22:14:00,49.1
2025-06-12 22:32:00,60.7
2025-06-12 08:29:00,84.6
2025-06-12 13:19:00,81.2
2025-06-12 00:18:00,72.2
2025-06-12 09:37:00,78.7
2025-06-12 04:51:00,43.5
2025-06-12 10:31:00,49.660353652861794
2025-06-12 14:07:00,88.9
2025-06-12 09:56:00,34.1
2025-06-12 09:01:00,77.5
2025-06-12 06:29:00,49.660353652861794
2025-06-12 19:31:00,59.1
2025-06-12 11:14:00,34.0
2025-06-12 14:47:00,34.4
2025-06-12 20:38:00,33.3
2025-06-12 15:24:00,92.4
2025-06-12 09:53:00,61.8
2025-06-12 17:51:00,49.660353652861794
2025-06-12 07:20:00,57.9
2025-06-12 23:55:00,62.5
2025-06-12 04:44:00,88.2
2025-06-12 05:06:00,20.3
2025-06-12 23:27:00,34.3
2025-06-12 08:39:00,50.5
2025-06-12 04:16:00,76.5
2025-06-12 15:59:00,49.660353652861794
2025-06-12 15:33:00,33.8
2025-06-12 01:50:00,30.1
2025-06-12 23:00:00,18.3
2025-06-12 16:46:00,30.7
2025-06-12 20:20:00,22.0
2025-06-12 16:16:00,49.9804001872221
2025-06-12 20:04:00,64.6
2025-06-12 16:13:00,49.9804001872221
2025-06-12 18:00:00,67.9
2025-06-12 02:12:00,30.2
2025-06-12 20:06:00,49.9804001872221
2025-06-12 12:30:00,3.7
2025-06-12 13:07:00,49.9804001872221
2025-06-12 20:27:00,70.2
2025-06-12 08:44:00,17.2
2025-06-12 10:41:00,38.0
2025-06-12 02:58:00,49.9804001872221
2025-06-12 15:30:00,37.2
2025-06-12 14:07:00,10.2
2025-06-12 04:47:00,40.7
2025-06-12 14:07:00,91.2
2025-06-12 01:30:00,19.6
2025-06-12 23:35:00,49.9804001872221
2025-06-12 12:26:00,87.1
2025-06-12 19:04:00,61.7
2025-06-12 14:29:00,23.8
2025-06-12 09:48:00,19.5
2025-06-12 09:58:00,49.9804001872221
2025-06-12 01:33:00,31.8
2025-06-12 03:59:00,49.7
2025-06-12 15:31:00,35.3
2025-06-12 04:19:00,92.6
2025-06-12 21:10:00,49.9804001872221
2025-06-12 18:05:00,64.9
2025-06-12 02:22:00,49.9804001872221
2025-06-12 00:11:00,59.7
2025-06-12 17:01:00,86.8
2025-06-12 15:07:00,88.5
2025-06-12 01:19:00,88.5
2025-06-12 16:47:00,49.9804001872221
2025-06-12 05:36:00,67.0
2025-06-12 00:23:00,58.3
2025-06-12 09:45:00,24.2
2025-06-12 10:55:00,70.6
2025-06-12 13:21:00,49.9804001872221
2025-06-12 10:29:00,0.6
2025-06-12 09:38:00,62.7
2025-06-12 02:44:00,63.5
2025-06-12 17:31:00,28.3
2025-06-12 15:09:00,41.8
2025-06-12 08:41:00,49.9804001872221
2025-06-12 15:12:00,76.7
2025-06-12 07:08:00,43.1
2025-06-12 19:52:00,71.0
2025-06-12 09:15:00,61.4
2025-06-12 11:55:00,38.8
2025-06-12 07:48:00,49.9804001872221
2025-06-12 12:11:00,62.3
2025-06-12 08:41:00,81.6
2025-06-12 12:17:00,63.3
2025-06-12 02:09:00,65.1
2025-06-12 06:44:00,91.6
2025-06-12 08:09:00,1.5
2025-06-12 11:09:00,84.3
2025-06-12 09:51:00,78.3
2025-06-12 12:11:00,51.8
2025-06-12 23:36:00,94.9
2025-06-12 05:33:00,28.0
2025-06-12 02:51:00,90.6
2025-06-12 13:24:00,43.7
2025-06-12 11:02:00,49.9804001872221
2025-06-12 16:16:00,38.4
2025-06-12 00:58:00,8.3
2025-06-12 19:13:00,82.4
2025-06-12 17:29:00,82.9
2025-06-12 03:10:00,69.1
2025-06-12 02:52:00,51.1
2025-06-12 09:45:00,49.9804001872221
2025-06-12 08:04:00,39.0
2025-06-12 11:05:00,15.1
2025-06-12 21:25:00,37.1
2025-06-12 01:07:00,64.1
2025-06-12 18:59:00,43.5
2025-06-12 12:55:00,40.4
2025-06-12 08:33:00,40.4
2025-06-12 21:55:00,65.2
2025-06-12 12:10:00,18.0
2025-06-12 17:27:00,96.4
2025-06-12 10:36:00,91.2
2025-06-12 19:48:00,45.4
2025-06-12 08:24:00,5.2
2025-06-12 15:48:00,59.3
2025-06-12 23:40:00,91.6
2025-06-12 20:14:00,51.8
2025-06-12 02:38:00,17.9
2025-06-12 06:58:00,21.7
2025-06-12 03:47:00,13.1
2025-06-12 16:18:00,49.9804001872221
2025-06-12 03:51:00,60.8
2025-06-12 16:31:00,45.4
2025-06-12 07:03:00,69.6
2025-06-12 00:06:00,46.4
2025-06-12 00:51:00,63.9
2025-06-12 20:08:00,77.6
2025-06-12 12:15:00,75.3
2025-06-12 15:48:00,34.9
2025-06-12 15:33:00,33.9
2025-06-12 07:52:00,49.9804001872221
2025-06-12 03:46:00,52.5
2025-06-12 04:22:00,49.9804001872221
2025-06-12 01:00:00,11.1
2025-06-12 22:49:00,49.9804001872221
2025-06-12 04:20:00,29.1
2025-06-12 09:15:00,37.7
2025-06-12 09:13:00,9.8
2025-06-12 14:31:00,88.0
2025-06-12 19:06:00,50.8
2025-06-12 18:27:00,40.7
2025-06-12 22:48:00,75.6
2025-06-12 00:20:00,54.3
2025-06-12 19:50:00,88.2
2025-06-12 19:37:00,18.7
2025-06-12 07:06:00,65.1
2025-06-12 14:30:00,71.6
2025-06-12 06:06:00,88.6
2025-06-12 06:55:00,34.4
2025-06-12 02:18:00,21.4
2025-06-12 01:02:00,9.3
2025-06-12 05:00:00,84.6
2025-06-12 08:16:00,49.9804001872221
2025-06-12 18:29:00,12.7
2025-06-12 03:55:00,52.9
2025-06-12 10:30:00,41.4
2025-06-12 13:38:00,49.1
2025-06-12 23:49:00,27.8
2025-06-12 08:07:00,86.0
2025-06-12 16:13:00,49.9804001872221
2025-06-12 05:46:00,46.9
2025-06-12 00:30:00,6.4
2025-06-12 06:06:00,49.9804001872221
2025-06-12 18:56:00,76.6
2025-06-12 08:33:00,17.1
2025-06-12 00:28:00,76.7
2025-06-12 13:18:00,49.9804001872221
2025-06-12 05:30:00,45.3
2025-06-12 03:20:00,68.0
2025-06-12 15:54:00,55.9
2025-06-12 06:55:00,49.9804001872221
2025-06-12 21:31:00,49.9804001872221
2025-06-12 11:20:00,64.2
2025-06-12 00:36:00,77.3
2025-06-12 07:38:00,49.9804001872221
2025-06-12 19:45:00,24.5
2025-06-12 03:16:00,55.7
2025-06-12 18:46:00,72.3
2025-06-12 15:34:00,89.3
2025-06-12 14:20:00,49.9804001872221
2025-06-12 21:13:00,24.2
2025-06-12 22:01:00,87.9
2025-06-12 23:06:00,98.5
2025-06-12 12:00:00,14.4
2025-06-12 00:50:00,63.0
2025-06-12 05:07:00,82.8
2025-06-12 02:02:00,82.9
2025-06-12 23:34:00,61.3
2025-06-12 08:56:00,7.7
2025-06-12 08:54:00,78.3
2025-06-12 21:13:00,3.8
2025-06-12 03:57:00,78.6
2025-06-12 13:22:00,86.1
2025-06-12 07:42:00,9.2
2025-06-12 22:30:00,31.0
2025-06-12 04:48:00,79.5
2025-06-12 14:12:00,68.9
2025-06-12 23:40:00,44.7
2025-06-12 11:22:00,93.9
2025-06-12 16:49:00,49.9804001872221
2025-06-12 16:12:00,49.9804001872221
2025-06-12 04:36:00,95.3
2025-06-12 07:49:00,63.3
2025-06-12 10:14:00,0.9
2025-06-12 22:52:00,44.8
2025-06-12 01:05:00,65.9
2025-06-12 19:38:00,65.5
2025-06-12 02:26:00,90.9
2025-06-12 18:58:00,24.5
2025-06-12 06:24:00,46.7
2025-06-12 10:09:00,2.6
2025-06-12 15:49:00,45.7
2025-06-12 18:06:00,12.3
2025-06-12 06:45:00,49.9804001872221
2025-06-12 18:40:00,49.9804001872221
2025-06-12 16:33:00,73.0
2025-06-12 09:27:00,15.5
2025-06-12 02:00:00,1.3
2025-06-12 00:35:00,46.9
2025-06-12 14:43:00,71.1
2025-06-12 08:43:00,13.7
2025-06-12 03:48:00,39.6
2025-06-12 15:26:00,29.9
2025-06-12 08:36:00,22.5
2025-06-12 17:46:00,55.9
2025-06-12 14:40:00,4.7
2025-06-12 06:20:00,87.2
2025-06-12 10:14:00,18.1
2025-06-12 15:17:00,71.2
2025-06-12 15:49:00,92.8
2025-06-12 05:50:00,70.0
2025-06-12 22:30:00,36.6
2025-06-12 07:04:00,16.3
2025-06-12 06:49:00,2.8
2025-06-12 07:20:00,26.7
2025-06-12 15:45:00,65.9
2025-06-12 04:06:00,80.6
2025-06-12 14:33:00,35.2
2025-06-12 13:34:00,89.3
2025-06-12 06:35:00,15.7
2025-06-12 08:29:00,10.4
2025-06-12 11:07:00,85.3
2025-06-12 10:30:00,9.2
2025-06-12 09:26:00,78.8
2025-06-12 22:54:00,81.8
2025-06-12 14:06:00,49.9804001872221
2025-06-12 11:37:00,28.4
2025-06-12 09:48:00,49.9804001872221
2025-06-12 16:48:00,86.8
2025-06-12 02:01:00,6.3
2025-06-12 21:41:00,35.8
2025-06-12 09:18:00,97.2
2025-06-12 19:52:00,19.1
2025-06-12 20:02:00,42.1
2025-06-12 23:43:00,11.9
2025-06-12 03:49:00,94.9
2025-06-12 09:15:00,8.8
2025-06-12 04:45:00,61.3
2025-06-12 23:01:00,64.5
2025-06-12 01:56:00,17.8
2025-06-12 08:07:00,34.3
2025-06-12 09:26:00,49.9804001872221
2025-06-12 03:07:00,56.2
2025-06-12 09:39:00,60.5
2025-06-12 02:47:00,83.1
2025-06-12 23:58:00,51.3
2025-06-12 00:53:00,85.4
2025-06-12 02:37:00,38.5
2025-06-12 17:04:00,12.9
2025-06-12 01:45:00,63.4
2025-06-12 11:51:00,96.9
2025-06-12 16:36:00,33.9
2025-06-12 03:00:00,0.3
2025-06-12 06:53:00,49.9804001872221
2025-06-12 04:35:00,67.1
2025-06-12 03:35:00,47.2
2025-06-12 19:59:00,18.7
2025-06-12 14:50:00,69.6
2025-06-12 19:14:00,65.4
2025-06-12 07:17:00,84.1
2025-06-12 05:59:00,57.8
2025-06-12 18:45:00,49.9804001872221
2025-06-12 21:22:00,50.5
2025-06-12 01:52:00,60.5
2025-06-12 15:48:00,39.3
2025-06-12 23:52:00,49.9804001872221
2025-06-12 02:36:00,82.0
2025-06-12 05:42:00,86.5
2025-06-12 08:24:00,8.0
2025-06-12 13:09:00,21.9
2025-06-12 14:33:00,51.2
2025-06-12 05:47:00,62.3
2025-06-12 04:57:00,49.9804001872221
2025-06-12 15:46:00,34.8
2025-06-12 04:22:00,7.1
2025-06-12 08:41:00,57.0
2025-06-12 10:19:00,49.9804001872221
2025-06-12 19:58:00,11.1
2025-06-12 23:37:00,26.7
2025-06-12 01:21:00,87.7
2025-06-12 20:25:00,18.1
2025-06-12 00:44:00,72.5
2025-06-12 00:00:00,41.2
2025-06-12 11:35:00,91.7
2025-06-12 05:02:00,72.1
2025-06-12 12:57:00,68.2
2025-06-12 15:20:00,32.1
2025-06-12 12:26:00,57.8
2025-06-12 12:12:00,51.1
2025-06-12 11:46:00,32.9
2025-06-12 23:25:00,98.7
2025-06-12 18:09:00,62.4
2025-06-12 11:44:00,47.9
2025-06-12 23:01:00,22.7
2025-06-12 19:55:00,82.8
2025-06-12 12:56:00,29.9
2025-06-12 09:55:00,31.8
2025-06-12 16:52:00,38.6
2025-06-12 00:50:00,48.9
2025-06-12 16:26:00,41.8
2025-06-12 17:23:00,30.6
2025-06-12 13:07:00,53.9
2025-06-12 00:50:00,49.9804001872221
2025-06-12 04:30:00,74.6
2025-06-12 11:37:00,19.2
2025-06-12 14:39:00,43.4
2025-06-12 12:55:00,26.0
2025-06-12 12:43:00,66.4
2025-06-12 19:10:00,76.9
2025-06-12 08:29:00,60.7
2025-06-12 01:54:00,77.4
2025-06-12 17:30:00,49.9804001872221
2025-06-12 03:47:00,17.2
2025-06-12 12:59:00,54.4
2025-06-12 14:33:00,30.3
2025-06-12 14:43:00,29.4
2025-06-12 10:48:00,87.6
2025-06-12 11:32:00,10.6
2025-06-12 15:11:00,49.9804001872221
2025-06-12 20:26:00,3.3
2025-06-12 15:33:00,55.7
2025-06-12 15:27:00,70.0
2025-06-12 11:18:00,49.9804001872221
2025-06-12 17:47:00,11.4
2025-06-12 19:40:00,63.0
2025-06-12 00:14:00,76.3
2025-06-12 08:57:00,5.3
2025-06-12 17:58:00,5.8
2025-06-12 16:25:00,42.2
2025-06-12 03:33:00,49.9804001872221
2025-06-12 15:44:00,92.1
2025-06-12 23:12:00,47.1
2025-06-12 05:17:00,49.9804001872221
2025-06-12 09:19:00,93.5
2025-06-12 12:37:00,30.9
2025-06-12 21:41:00,49.9804001872221
2025-06-12 03:06:00,86.5
2025-06-12 03:29:00,6.7
2025-06-12 18:40:00,21.6
2025-06-12 17:43:00,35.4
2025-06-12 13:26:00,20.2
2025-06-12 01:36:00,49.9804001872221
2025-06-12 19:04:00,71.1
2025-06-12 22:40:00,40.9
2025-06-12 08:38:00,39.3
2025-06-12 08:02:00,8.6
2025-06-12 05:25:00,31.2
2025-06-12 04:38:00,49.9804001872221
2025-06-12 16:33:00,51.1
2025-06-12 22:38:00,13.5
2025-06-12 21:36:00,59.7
2025-06-12 02:21:00,99.4
2025-06-12 02:40:00,52.2
2025-06-12 07:30:00,61.5
2025-06-12 07:29:00,82.5
2025-06-12 04:05:00,73.5
2025-06-12 23:53:00,48.7
2025-06-12 06:13:00,91.1
2025-06-12 16:52:00,62.8
2025-06-12 17:30:00,83.4
2025-06-12 10:37:00,12.1
2025-06-12 10:57:00,71.1
2025-06-12 02:40:00,68.9
2025-06-12 13:32:00,32.3
2025-06-12 00:38:00,37.9
2025-06-12 11:36:00,5.9
2025-06-12 04:28:00,13.0
2025-06-12 10:57:00,19.5
2025-06-12 13:48:00,86.1
2025-06-12 17:52:00,83.0
2025-06-12 06:56:00,49.6
2025-06-12 06:39:00,52.6
2025-06-12 14:14:00,49.659483264826775
2025-06-12 22:04:00,49.659483264826775
2025-06-12 10:04:00,41.4
2025-06-12 18:24:00,49.659483264826775
2025-06-12 10:28:00,45.3
2025-06-12 03:07:00,97.0
2025-06-12 04:09:00,62.5
2025-06-12 20:19:00,49.659483264826775
2025-06-12 05:35:00,52.4
2025-06-12 11:13:00,51.0
2025-06-12 01:12:00,53.5
2025-06-12 08:26:00,12.1
2025-06-12 11:32:00,72.8
2025-06-12 19:21:00,49.659483264826775
2025-06-12 22:35:00,49.659483264826775
2025-06-12 00:20:00,49.659483264826775
2025-06-12 00:34:00,49.659483264826775
2025-06-12 08:55:00,75.8
2025-06-12 02:39:00,0.0
2025-06-12 10:47:00,88.3
2025-06-12 11:55:00,91.2
2025-06-12 20:18:00,77.6
2025-06-12 16:35:00,49.659483264826775
2025-06-12 12:51:00,49.659483264826775
2025-06-12 21:33:00,64.2
2025-06-12 16:50:00,75.0
2025-06-12 03:40:00,80.0
2025-06-12 01:31:00,5.1
2025-06-12 15:45:00,97.2
2025-06-12 15:56:00,65.8
2025-06-12 12:16:00,69.4
2025-06-12 02:23:00,60.8
2025-06-12 01:17:00,96.2
2025-06-12 03:45:00,76.8
2025-06-12 16:27:00,79.2
2025-06-12 07:30:00,77.0
2025-06-12 09:34:00,46.8
2025-06-12 20:09:00,7.1
2025-06-12 05:45:00,2.4
2025-06-12 03:00:00,49.659483264826775
2025-06-12 08:10:00,82.3
2025-06-12 06:16:00,51.6
2025-06-12 06:55:00,82.6
2025-06-12 23:19:00,62.2
2025-06-12 00:24:00,83.4
2025-06-12 08:28:00,92.4
2025-06-12 07:05:00,49.659483264826775
2025-06-12 03:06:00,2.2
2025-06-12 09:02:00,49.659483264826775
2025-06-12 16:45:00,67.0
2025-06-12 20:38:00,49.659483264826775
2025-06-12 08:28:00,54.6
2025-06-12 01:10:00,84.9
2025-06-12 19:10:00,76.0
2025-06-12 06:39:00,31.5
2025-06-12 17:53:00,55.6
2025-06-12 17:16:00,39.9
2025-06-12 06:56:00,55.2
2025-06-12 19:58:00,36.5
2025-06-12 02:59:00,13.7
2025-06-12 13:46:00,10.0
2025-06-12 20:15:00,62.6
2025-06-12 12:45:00,34.2
2025-06-12 23:33:00,49.659483264826775
2025-06-12 02:51:00,32.0
2025-06-12 14:41:00,97.2
2025-06-12 07:28:00,18.3
2025-06-12 17:13:00,63.8
2025-06-12 06:06:00,96.7
2025-06-12 07:25:00,16.3
2025-06-12 14:39:00,31.0
2025-06-12 09:33:00,35.7
2025-06-12 10:18:00,49.659483264826775
2025-06-12 03:14:00,32.3
2025-06-12 23:18:00,49.659483264826775
2025-06-12 13:23:00,26.1
2025-06-12 20:35:00,2.7
2025-06-12 00:56:00,49.659483264826775
2025-06-12 14:44:00,8.5
2025-06-12 07:53:00,98.4
2025-06-12 09:59:00,82.7
2025-06-12 03:26:00,90.9
2025-06-12 03:01:00,80.0
2025-06-12 07:18:00,49.659483264826775
2025-06-12 22:08:00,85.4
2025-06-12 18:10:00,71.4
2025-06-12 12:51:00,74.7
2025-06-12 01:08:00,46.3
2025-06-12 07:32:00,88.0
2025-06-12 18:18:00,49.659483264826775
2025-06-12 09:17:00,49.659483264826775
2025-06-12 14:06:00,86.8
2025-06-12 13:43:00,61.3
2025-06-12 15:05:00,8.0
2025-06-12 10:11:00,74.3
2025-06-12 21:10:00,65.9
2025-06-12 14:59:00,57.8
2025-06-12 09:40:00,50.0
2025-06-12 03:09:00,70.2
2025-06-12 13:35:00,25.6
2025-06-12 02:54:00,52.4
2025-06-12 11:39:00,46.4
2025-06-12 06:53:00,69.8
2025-06-12 13:37:00,23.5
2025-06-12 15:41:00,82.6
2025-06-12 14:35:00,51.5
2025-06-12 17:05:00,36.1
2025-06-12 12:15:00,19.5
2025-06-12 06:28:00,64.0
2025-06-12 07:08:00,94.1
2025-06-12 21:37:00,49.7
2025-06-12 10:33:00,49.659483264826775
2025-06-12 08:23:00,6.4
2025-06-12 12:30:00,2.3
2025-06-12 06:08:00,58.1
2025-06-12 11:31:00,49.659483264826775
2025-06-12 07:07:00,0.2
2025-06-12 12:52:00,79.5
2025-06-12 06:09:00,49.659483264826775
2025-06-12 21:21:00,30.9
2025-06-12 20:56:00,84.6
2025-06-12 12:53:00,62.3
2025-06-12 22:12:00,95.9
2025-06-12 20:17:00,43.2
2025-06-12 09:54:00,73.5
2025-06-12 10:38:00,4.4
2025-06-12 19:17:00,8.0
2025-06-12 16:26:00,49.659483264826775
2025-06-12 13:02:00,49.659483264826775
2025-06-12 17:08:00,31.7
2025-06-12 06:02:00,90.1
2025-06-12 20:55:00,49.659483264826775
2025-06-12 18:50:00,41.6
2025-06-12 01:57:00,42.9
2025-06-12 17:53:00,12.8
2025-06-12 16:11:00,67.1
2025-06-12 21:50:00,54.3
2025-06-12 18:26:00,30.8
2025-06-12 15:54:00,34.3
2025-06-12 17:23:00,37.8
2025-06-12 03:04:00,32.2
2025-06-12 13:06:00,25.3
2025-06-12 20:18:00,90.2
2025-06-12 03:18:00,64.2
2025-06-12 08:03:00,13.1
2025-06-12 19:30:00,49.659483264826775
2025-06-12 01:49:00,71.9
2025-06-12 08:25:00,95.4
2025-06-12 06:19:00,8.0
2025-06-12 17:01:00,49.659483264826775
2025-06-12 10:40:00,19.1
2025-06-12 13:48:00,1.5
2025-06-12 15:06:00,97.6
2025-06-12 08:52:00,99.6
2025-06-12 12:03:00,60.1
2025-06-12 18:57:00,15.4
2025-06-12 17:52:00,0.4
2025-06-12 16:05:00,83.2
2025-06-12 16:24:00,41.3
2025-06-12 16:04:00,49.659483264826775
2025-06-12 00:58:00,84.3
2025-06-12 13:31:00,60.4
2025-06-12 04:52:00,36.6
2025-06-12 18:00:00,51.1
2025-06-12 06:25:00,85.9
2025-06-12 17:52:00,49.659483264826775
2025-06-12 06:02:00,45.5
2025-06-12 05:55:00,14.7
2025-06-12 07:11:00,28.1
2025-06-12 16:43:00,35.3
2025-06-12 11:54:00,95.0
2025-06-12 14:27:00,94.2
2025-06-12 18:13:00,73.0
2025-06-12 10:10:00,38.8
2025-06-12 21:36:00,58.2
2025-06-12 13:07:00,39.2
2025-06-12 02:31:00,56.8
2025-06-12 19:45:00,42.6
2025-06-12 04:27:00,88.2
2025-06-12 16:10:00,55.5
2025-06-12 05:48:00,62.7
2025-06-12 14:39:00,49.659483264826775
2025-06-12 07:05:00,20.6
2025-06-12 21:31:00,49.659483264826775
2025-06-12 02:02:00,51.7
2025-06-12 19:55:00,49.6
2025-06-12 09:49:00,71.6
2025-06-12 03:37:00,47.3
2025-06-12 22:56:00,49.659483264826775
2025-06-12 15:29:00,24.9
2025-06-12 07:46:00,10.6
2025-06-12 18:15:00,18.1
2025-06-12 04:12:00,7.8
2025-06-12 21:12:00,53.6
2025-06-12 07:12:00,96.9
2025-06-12 05:32:00,57.1
2025-06-12 19:35:00,0.9
2025-06-12 05:50:00,49.659483264826775
2025-06-12 09:51:00,9.8
2025-06-12 10:19:00,64.7
2025-06-12 19:50:00,44.2
2025-06-12 16:54:00,54.4
2025-06-12 16:06:00,72.3
2025-06-12 14:49:00,45.2
2025-06-12 02:30:00,81.6
2025-06-12 12:11:00,84.1
2025-06-12 22:07:00,30.3
2025-06-12 08:32:00,72.3
2025-06-12 07:40:00,27.7
2025-06-12 21:04:00,28.0
2025-06-12 05:22:00,81.8
2025-06-12 18:56:00,49.659483264826775
2025-06-12 11:17:00,66.8
2025-06-12 23:41:00,41.2
2025-06-12 22:36:00,49.659483264826775
2025-06-12 17:10:00,49.659483264826775
2025-06-12 01:43:00,44.7
2025-06-12 02:26:00,16.8
2025-06-12 04:36:00,92.8
2025-06-12 14:18:00,1.8
2025-06-12 18:04:00,6.7
2025-06-12 02:24:00,47.5
2025-06-12 22:57:00,58.5
2025-06-12 07:27:00,49.659483264826775
2025-06-12 03:12:00,49.659483264826775
2025-06-12 20:53:00,62.5
2025-06-12 11:41:00,49.659483264826775
2025-06-12 08:28:00,44.9
2025-06-12 16:16:00,49.659483264826775
2025-06-12 07:51:00,33.0
2025-06-12 06:39:00,68.3
2025-06-12 00:24:00,4.5
2025-06-12 01:07:00,32.4
2025-06-12 14:11:00,69.1
2025-06-12 14:46:00,26.1
2025-06-12 18:11:00,44.7
2025-06-12 22:10:00,49.659483264826775
2025-06-12 19:28:00,25.0
2025-06-12 17:09:00,46.8
2025-06-12 03:22:00,55.8
2025-06-12 15:50:00,96.6
2025-06-12 02:58:00,73.8
2025-06-12 16:43:00,49.659483264826775
2025-06-12 08:27:00,96.7
2025-06-12 06:54:00,99.5
2025-06-12 03:52:00,96.1
2025-06-12 22:06:00,67.4
2025-06-12 16:02:00,49.659483264826775
2025-06-12 13:54:00,26.9
2025-06-12 05:27:00,42.8
2025-06-12 00:15:00,40.1
2025-06-12 15:37:00,38.9
2025-06-12 13:31:00,49.659483264826775
2025-06-12 15:07:00,46.1
2025-06-12 05:12:00,82.6
2025-06-12 15:08:00,21.0
2025-06-12 21:30:00,97.3
2025-06-12 11:25:00,76.5
2025-06-12 21:16:00,94.8
2025-06-12 14:40:00,22.4
2025-06-12 17:03:00,70.5
2025-06-12 02:32:00,85.0
2025-06-12 01:56:00,70.7
2025-06-12 04:23:00,25.4
2025-06-12 17:26:00,45.4
2025-06-12 02:38:00,88.8
2025-06-12 07:14:00,26.1
2025-06-12 06:59:00,49.659483264826775
2025-06-12 18:10:00,76.1
2025-06-12 14:25:00,48.2
2025-06-12 19:39:00,72.9
2025-06-12 04:23:00,88.8
2025-06-12 03:16:00,4.8
2025-06-12 14:12:00,62.0
2025-06-12 19:53:00,49.659483264826775
2025-06-12 09:41:00,80.0
2025-06-12 23:40:00,56.1
2025-06-12 14:02:00,54.2
2025-06-12 06:19:00,28.7
2025-06-12 13:02:00,85.3
2025-06-12 15:10:00,6.5
2025-06-12 01:16:00,4.1
2025-06-12 23:36:00,28.5
2025-06-12 21:56:00,39.0
2025-06-12 01:08:00,49.659483264826775
2025-06-12 18:06:00,9.4
2025-06-12 16:51:00,45.1
2025-06-12 05:42:00,31.7
2025-06-12 09:51:00,97.3
2025-06-12 16:15:00,69.8
2025-06-12 02:58:00,25.7
2025-06-12 03:32:00,20.8
2025-06-12 04:39:00,22.6
2025-06-12 05:33:00,40.5
2025-06-12 21:08:00,99.8
2025-06-12 15:46:00,55.9
2025-06-12 02:28:00,49.659483264826775
2025-06-12 05:34:00,73.5
2025-06-12 04:24:00,15.3
2025-06-12 10:20:00,21.4
2025-06-12 12:01:00,33.1
2025-06-12 02:40:00,49.659483264826775
2025-06-12 04:05:00,68.8
2025-06-12 06:36:00,94.1
2025-06-12 04:45:00,45.4
2025-06-12 02:54:00,19.0
2025-06-12 14:48:00,49.732274758880266
2025-06-12 08:48:00,32.3
2025-06-12 20:46:00,89.2
2025-06-12 01:49:00,17.6
2025-06-12 21:46:00,17.8
2025-06-12 06:52:00,81.2
2025-06-12 22:00:00,64.5
2025-06-12 21:32:00,87.5
2025-06-12 05:23:00,49.732274758880266
2025-06-12 12:36:00,19.8
2025-06-12 10:28:00,0.2
2025-06-12 15:18:00,40.5
2025-06-12 18:15:00,17.9
2025-06-12 19:20:00,49.2
2025-06-12 17:13:00,70.8
2025-06-12 04:16:00,14.2
2025-06-12 14:02:00,16.4
2025-06-12 20:50:00,49.732274758880266
2025-06-12 01:04:00,70.5
2025-06-12 13:05:00,62.5
2025-06-12 23:21:00,58.8
2025-06-12 11:26:00,38.1
2025-06-12 16:03:00,91.7
2025-06-12 01:39:00,12.1
2025-06-12 05:11:00,80.2
2025-06-12 07:58:00,42.8
2025-06-12 21:01:00,83.9
2025-06-12 06:22:00,16.6
2025-06-12 19:43:00,10.1
2025-06-12 07:37:00,8.9
2025-06-12 08:36:00,41.5
2025-06-12 16:41:00,49.732274758880266
2025-06-12 13:38:00,49.732274758880266
2025-06-12 18:06:00,49.732274758880266
2025-06-12 11:35:00,72.9
2025-06-12 18:56:00,63.2
2025-06-12 18:17:00,49.732274758880266
2025-06-12 01:03:00,81.7
2025-06-12 09:45:00,49.732274758880266
2025-06-12 01:46:00,42.7
2025-06-12 13:08:00,60.6
2025-06-12 11:12:00,88.5
2025-06-12 01:25:00,49.732274758880266
2025-06-12 12:46:00,55.1
2025-06-12 17:14:00,20.3
2025-06-12 02:30:00,58.4
2025-06-12 23:49:00,12.7
2025-06-12 04:26:00,23.4
2025-06-12 05:58:00,98.8
2025-06-12 21:35:00,73.5
2025-06-12 19:56:00,15.4
2025-06-12 10:14:00,49.732274758880266
2025-06-12 06:28:00,89.6
2025-06-12 13:50:00,49.732274758880266
2025-06-12 14:32:00,46.6
2025-06-12 06:02:00,60.9
2025-06-12 07:14:00,52.8
2025-06-12 07:38:00,95.4
2025-06-12 03:43:00,51.8
2025-06-12 21:18:00,1.1
2025-06-12 16:59:00,94.5
2025-06-12 21:36:00,49.2
2025-06-12 17:40:00,8.8
2025-06-12 14:01:00,14.6
2025-06-12 17:17:00,68.1
2025-06-12 23:03:00,49.732274758880266
2025-06-12 04:20:00,19.8
2025-06-12 05:15:00,92.9
2025-06-12 23:26:00,51.2
2025-06-12 17:24:00,89.8
2025-06-12 13:44:00,49.732274758880266
2025-06-12 16:50:00,99.5
2025-06-12 11:08:00,49.732274758880266
2025-06-12 10:36:00,18.6
2025-06-12 18:31:00,67.7
2025-06-12 10:48:00,49.732274758880266
2025-06-12 08:09:00,62.3
2025-06-12 14:43:00,18.2
2025-06-12 08:05:00,15.6
2025-06-12 04:33:00,51.8
2025-06-12 23:08:00,49.732274758880266
2025-06-12 09:59:00,38.9
2025-06-12 18:28:00,41.7
2025-06-12 05:54:00,44.7
2025-06-12 02:15:00,82.6
2025-06-12 21:58:00,59.9
2025-06-12 18:52:00,75.5
2025-06-12 07:01:00,16.2
2025-06-12 11:39:00,7.9
2025-06-12 19:41:00,85.0
2025-06-12 23:53:00,74.9
2025-06-12 11:53:00,90.4
2025-06-12 13:43:00,49.732274758880266
2025-06-12 15:47:00,6.3
2025-06-12 00:31:00,42.1
2025-06-12 17:40:00,49.732274758880266
2025-06-12 09:40:00,56.4
2025-06-12 21:53:00,70.1
2025-06-12 06:58:00,72.7
2025-06-12 23:10:00,88.8
2025-06-12 01:12:00,46.7
2025-06-12 07:28:00,62.9
2025-06-12 03:40:00,80.0
2025-06-12 18:02:00,49.732274758880266
2025-06-12 13:42:00,52.0
2025-06-12 00:18:00,68.4
2025-06-12 06:58:00,84.9
2025-06-12 18:34:00,32.5
2025-06-12 05:26:00,80.2
2025-06-12 10:28:00,43.8
2025-06-12 11:16:00,48.4
2025-06-12 21:26:00,80.0
2025-06-12 02:08:00,66.3
2025-06-12 00:52:00,48.0
2025-06-12 15:50:00,19.9
2025-06-12 08:34:00,61.7
2025-06-12 17:44:00,82.9
2025-06-12 10:26:00,8.2
2025-06-12 11:18:00,64.1
2025-06-12 09:21:00,66.7
2025-06-12 08:02:00,43.4
2025-06-12 00:25:00,25.2
2025-06-12 02:02:00,49.732274758880266
2025-06-12 16:22:00,17.0
2025-06-12 06:44:00,7.7
2025-06-12 19:09:00,76.6
2025-06-12 13:19:00,49.732274758880266
2025-06-12 10:49:00,48.5
2025-06-12 20:14:00,30.5
2025-06-12 03:00:00,43.1
2025-06-12 05:24:00,63.5
2025-06-12 18:41:00,76.4
2025-06-12 07:20:00,50.8
2025-06-12 04:07:00,31.1
2025-06-12 02:07:00,63.4
2025-06-12 08:21:00,37.4
2025-06-12 13:29:00,76.8
2025-06-12 14:46:00,66.6
2025-06-12 22:18:00,48.2
2025-06-12 18:05:00,96.6
2025-06-12 03:32:00,49.732274758880266
2025-06-12 11:32:00,46.0
2025-06-12 18:25:00,60.2
2025-06-12 20:10:00,55.9
2025-06-12 04:36:00,6.6
2025-06-12 19:09:00,24.8
2025-06-12 02:54:00,49.732274758880266
2025-06-12 16:21:00,11.9
2025-06-12 19:29:00,42.8
2025-06-12 08:05:00,42.0
2025-06-12 10:17:00,48.0
2025-06-12 12:48:00,71.6
2025-06-12 03:33:00,11.5
2025-06-12 20:53:00,49.732274758880266
2025-06-12 18:26:00,7.5
2025-06-12 23:00:00,93.5
2025-06-12 11:57:00,7.1
2025-06-12 20:48:00,37.1
2025-06-12 15:42:00,54.5
2025-06-12 03:34:00,21.0
2025-06-12 19:04:00,54.5
2025-06-12 15:14:00,31.4
2025-06-12 14:30:00,94.2
2025-06-12 17:35:00,93.5
2025-06-12 00:25:00,49.732274758880266
2025-06-12 22:18:00,75.1
2025-06-12 01:08:00,15.2
2025-06-12 15:42:00,63.0
2025-06-12 04:25:00,49.732274758880266
2025-06-12 10:21:00,30.3
2025-06-12 02:55:00,49.732274758880266
2025-06-12 04:29:00,86.2
2025-06-12 03:58:00,12.6
2025-06-12 00:27:00,89.4
2025-06-12 16:49:00,90.0
2025-06-12 07:08:00,42.8
2025-06-12 05:46:00,49.732274758880266
2025-06-12 18:20:00,59.3
2025-06-12 01:16:00,49.732274758880266
2025-06-12 16:22:00,47.9
2025-06-12 13:21:00,25.5
2025-06-12 02:16:00,80.6
2025-06-12 16:14:00,44.3
2025-06-12 06:28:00,7.8
2025-06-12 15:03:00,42.7
2025-06-12 15:26:00,63.1
2025-06-12 11:39:00,30.0
2025-06-12 20:17:00,49.732274758880266
2025-06-12 08:52:00,76.5
2025-06-12 12:12:00,76.1
2025-06-12 12:48:00,65.9
2025-06-12 07:54:00,39.8
2025-06-12 10:59:00,63.6
2025-06-12 20:24:00,97.9
2025-06-12 22:19:00,37.9
2025-06-12 18:32:00,57.6
2025-06-12 12:56:00,33.8
2025-06-12 17:07:00,49.732274758880266
2025-06-12 21:22:00,3.3
2025-06-12 03:54:00,76.1
2025-06-12 17:42:00,58.6
2025-06-12 18:54:00,30.1
2025-06-12 01:20:00,39.2
2025-06-12 22:21:00,10.4
2025-06-12 10:49:00,70.5
2025-06-12 21:24:00,15.1
2025-06-12 06:32:00,79.1
2025-06-12 23:58:00,77.5
2025-06-12 00:36:00,49.732274758880266
2025-06-12 06:45:00,43.7
2025-06-12 14:20:00,0.3
2025-06-12 15:32:00,40.1
2025-06-12 11:58:00,49.732274758880266
2025-06-12 10:24:00,49.732274758880266
2025-06-12 13:15:00,76.8
2025-06-12 04:23:00,10.5
2025-06-12 23:29:00,60.8
2025-06-12 22:23:00,7.5
2025-06-12 12:53:00,34.9
2025-06-12 21:00:00,81.9
2025-06-12 19:07:00,12.5
2025-06-12 22:14:00,15.8
2025-06-12 20:27:00,51.2
2025-06-12 16:49:00,42.9
2025-06-12 10:29:00,45.2
2025-06-12 15:58:00,52.6
2025-06-12 17:56:00,49.732274758880266
2025-06-12 21:18:00,24.2
2025-06-12 04:49:00,58.9
2025-06-12 06:54:00,94.1
2025-06-12 21:27:00,79.8
2025-06-12 09:28:00,31.2
2025-06-12 20:14:00,68.2
2025-06-12 08:19:00,57.5
2025-06-12 06:30:00,49.732274758880266
2025-06-12 18:46:00,49.732274758880266
2025-06-12 06:05:00,49.732274758880266
2025-06-12 10:31:00,49.732274758880266
2025-06-12 18:19:00,52.0
2025-06-12 23:19:00,47.5
2025-06-12 10:45:00,49.732274758880266
2025-06-12 12:31:00,49.732274758880266
2025-06-12 13:06:00,4.6
2025-06-12 08:54:00,76.1
2025-06-12 10:02:00,33.2
2025-06-12 08:38:00,49.4
2025-06-12 08:45:00,97.3
2025-06-12 07:37:00,70.9
2025-06-12 16:35:00,15.6
2025-06-12 22:14:00,5.9
2025-06-12 00:36:00,96.3
2025-06-12 00:21:00,90.3
2025-06-12 12:11:00,36.8
2025-06-12 06:35:00,30.3
2025-06-12 21:37:00,83.7
2025-06-12 21:52:00,32.5
2025-06-12 05:14:00,71.1
2025-06-12 04:35:00,67.1
2025-06-12 09:51:00,87.9
2025-06-12 18:48:00,5.4
2025-06-12 11:17:00,74.2
2025-06-12 16:28:00,89.4
2025-06-12 21:45:00,31.5
2025-06-12 23:58:00,37.5
2025-06-12 17:31:00,97.5
2025-06-12 15:46:00,64.7
2025-06-12 09:51:00,70.5
2025-06-12 15:08:00,43.0
2025-06-12 12:36:00,28.4
2025-06-12 21:26:00,23.0
2025-06-12 15:28:00,42.7
2025-06-12 16:40:00,49.732274758880266
2025-06-12 10:44:00,22.6
2025-06-12 21:10:00,12.2
2025-06-12 06:58:00,52.3
2025-06-12 05:24:00,32.0
2025-06-12 08:18:00,49.6
2025-06-12 07:22:00,29.2
2025-06-12 16:09:00,78.6
2025-06-12 08:45:00,10.6
2025-06-12 21:13:00,69.1
2025-06-12 13:16:00,42.7
2025-06-12 16:07:00,1.4
2025-06-12 22:13:00,99.2
2025-06-12 19:36:00,34.0
2025-06-12 02:39:00,56.3
2025-06-12 22:00:00,57.4
2025-06-12 02:52:00,56.1
2025-06-12 17:07:00,42.0
2025-06-12 00:37:00,73.4
2025-06-12 03:33:00,13.5
2025-06-12 19:40:00,49.732274758880266
2025-06-12 15:35:00,85.5
2025-06-12 15:29:00,49.732274758880266
2025-06-12 11:40:00,49.732274758880266
2025-06-12 02:23:00,2.9
2025-06-12 04:05:00,97.7
2025-06-12 21:34:00,49.732274758880266
2025-06-12 17:57:00,49.732274758880266
2025-06-12 15:10:00,34.7
2025-06-12 08:29:00,58.2
2025-06-12 06:28:00,49.732274758880266
2025-06-12 17:23:00,71.7
2025-06-12 03:15:00,98.6
2025-06-12 11:45:00,16.1
2025-06-12 13:32:00,82.6
2025-06-12 18:20:00,11.4
2025-06-12 22:07:00,43.0
2025-06-12 02:06:00,8.9
2025-06-12 15:31:00,88.5
2025-06-12 03:04:00,81.7
2025-06-12 23:03:00,21.6
2025-06-12 14:01:00,53.6
2025-06-12 08:26:00,68.8
2025-06-12 08:12:00,58.8
2025-06-12 02:45:00,55.5
2025-06-12 19:45:00,28.0
2025-06-12 02:53:00,49.732274758880266
2025-06-12 02:35:00,12.6
2025-06-12 19:22:00,2.9
2025-06-12 20:03:00,6.6
2025-06-12 19:31:00,49.38053801169591
2025-06-12 08:09:00,72.3
2025-06-12 07:43:00,49.38053801169591
2025-06-12 11:24:00,4.0
2025-06-12 12:11:00,49.38053801169591
2025-06-12 13:07:00,32.7
2025-06-12 01:01:00,88.7
2025-06-12 22:13:00,10.3
2025-06-12 11:22:00,73.3
2025-06-12 19:52:00,24.8
2025-06-12 15:58:00,81.5
2025-06-12 16:44:00,70.8
2025-06-12 21:48:00,99.5
2025-06-12 11:58:00,19.6
2025-06-12 15:44:00,17.3
2025-06-12 01:09:00,87.9
2025-06-12 10:42:00,70.9
2025-06-12 02:11:00,5.4
2025-06-12 09:34:00,82.0
2025-06-12 02:52:00,1.3
2025-06-12 09:28:00,52.3
2025-06-12 15:01:00,82.6
2025-06-12 21:52:00,64.7
2025-06-12 09:45:00,64.0
2025-06-12 15:06:00,49.38053801169591
2025-06-12 23:32:00,17.5
2025-06-12 02:31:00,58.7
2025-06-12 23:43:00,96.8
2025-06-12 02:06:00,14.2
2025-06-12 19:21:00,45.4
2025-06-12 20:23:00,33.7
2025-06-12 17:21:00,49.38053801169591
2025-06-12 05:55:00,32.7
2025-06-12 01:09:00,86.7
2025-06-12 20:25:00,33.2
2025-06-12 12:43:00,14.4
2025-06-12 05:29:00,17.4
2025-06-12 18:21:00,36.2
2025-06-12 16:17:00,24.5
2025-06-12 17:37:00,41.8
2025-06-12 19:25:00,84.4
2025-06-12 22:18:00,54.8
2025-06-12 21:11:00,42.4
2025-06-12 05:48:00,67.2
2025-06-12 10:27:00,15.3
2025-06-12 04:27:00,84.6
2025-06-12 07:19:00,96.1
2025-06-12 02:57:00,73.3
2025-06-12 23:36:00,36.9
2025-06-12 17:57:00,15.8
2025-06-12 05:59:00,71.0
2025-06-12 20:55:00,95.4
2025-06-12 08:12:00,85.4
2025-06-12 19:33:00,50.9
2025-06-12 04:28:00,55.7
2025-06-12 14:48:00,97.4
2025-06-12 13:23:00,50.2
2025-06-12 11:11:00,63.5
2025-06-12 23:37:00,56.1
2025-06-12 01:32:00,8.8
2025-06-12 03:05:00,69.9
2025-06-12 03:56:00,14.0
2025-06-12 23:38:00,49.38053801169591
2025-06-12 12:34:00,9.4
2025-06-12 16:30:00,86.8
2025-06-12 16:57:00,49.38053801169591
2025-06-12 15:15:00,76.4
2025-06-12 12:22:00,14.5
2025-06-12 18:57:00,45.8
2025-06-12 23:36:00,19.4
2025-06-12 12:40:00,49.38053801169591
2025-06-12 20:42:00,29.8
2025-06-12 11:22:00,84.0
2025-06-12 19:03:00,44.2
2025-06-12 13:12:00,14.2
2025-06-12 18:09:00,49.5
2025-06-12 08:00:00,33.3
2025-06-12 05:54:00,78.1
2025-06-12 19:17:00,36.6
2025-06-12 08:44:00,29.1
2025-06-12 06:06:00,6.9
2025-06-12 03:48:00,92.9
2025-06-12 20:45:00,83.9
2025-06-12 21:47:00,71.2
2025-06-12 10:50:00,49.38053801169591
2025-06-12 23:07:00,22.5
2025-06-12 20:16:00,75.9
2025-06-12 21:54:00,49.38053801169591
2025-06-12 16:44:00,41.6
2025-06-12 11:57:00,75.0
2025-06-12 02:40:00,49.38053801169591
2025-06-12 19:08:00,20.3
2025-06-12 02:54:00,9.7
2025-06-12 06:00:00,89.1
2025-06-12 14:41:00,25.4
2025-06-12 21:15:00,45.0
2025-06-12 19:37:00,15.4
2025-06-12 17:28:00,49.38053801169591
2025-06-12 15:11:00,46.3
2025-06-12 13:35:00,8.6
2025-06-12 17:17:00,82.4
2025-06-12 18:53:00,4.4
2025-06-12 10:46:00,44.2
2025-06-12 20:50:00,49.38053801169591
2025-06-12 22:12:00,74.2
2025-06-12 17:35:00,47.1
2025-06-12 07:01:00,49.38053801169591
2025-06-12 07:11:00,63.2
2025-06-12 17:31:00,52.8
2025-06-12 06:51:00,49.38053801169591
2025-06-12 21:46:00,49.38053801169591
2025-06-12 20:44:00,49.38053801169591
2025-06-12 01:28:00,49.38053801169591
2025-06-12 18:16:00,33.3
2025-06-12 00:15:00,49.38053801169591
2025-06-12 13:12:00,68.1
2025-06-12 13:39:00,86.1
2025-06-12 17:46:00,52.3
2025-06-12 16:43:00,98.0
2025-06-12 12:54:00,49.38053801169591
2025-06-12 05:58:00,79.2
2025-06-12 09:52:00,49.38053801169591
2025-06-12 12:32:00,25.8
2025-06-12 14:08:00,49.2
2025-06-12 04:00:00,49.38053801169591
2025-06-12 14:21:00,49.38053801169591
2025-06-12 11:45:00,49.38053801169591
2025-06-12 08:51:00,75.0
2025-06-12 08:06:00,73.7
2025-06-12 22:27:00,80.7
2025-06-12 00:29:00,67.4
2025-06-12 19:36:00,88.7
2025-06-12 16:45:00,42.5
2025-06-12 14:17:00,59.6
2025-06-12 22:55:00,69.3
2025-06-12 14:51:00,50.0
2025-06-12 16:17:00,54.7
2025-06-12 11:46:00,49.38053801169591
2025-06-12 01:10:00,49.1
2025-06-12 08:54:00,17.5
2025-06-12 07:06:00,97.2
2025-06-12 06:33:00,3.0
2025-06-12 16:24:00,52.2
2025-06-12 14:25:00,87.9
2025-06-12 14:24:00,76.2
2025-06-12 10:27:00,68.6
2025-06-12 23:29:00,57.7
2025-06-12 16:31:00,82.3
2025-06-12 08:45:00,49.38053801169591
2025-06-12 22:39:00,74.3
2025-06-12 05:04:00,4.6
2025-06-12 15:57:00,13.3
2025-06-12 14:26:00,30.7
2025-06-12 14:23:00,17.3
2025-06-12 23:41:00,29.3
2025-06-12 14:19:00,49.38053801169591
2025-06-12 23:12:00,84.4
2025-06-12 05:08:00,87.9
2025-06-12 16:26:00,21.0
2025-06-12 08:29:00,23.9
2025-06-12 05:23:00,29.0
2025-06-12 02:36:00,49.38053801169591
2025-06-12 17:32:00,26.2
2025-06-12 14:11:00,92.0
2025-06-12 09:55:00,96.5
2025-06-12 11:00:00,37.5
2025-06-12 10:32:00,60.7
2025-06-12 16:51:00,96.6
2025-06-12 08:22:00,2.2
2025-06-12 10:18:00,37.7
2025-06-12 13:30:00,14.5
2025-06-12 11:00:00,79.6
2025-06-12 13:02:00,32.2
2025-06-12 21:32:00,77.8
2025-06-12 01:31:00,47.5
2025-06-12 07:49:00,18.2
2025-06-12 10:09:00,94.2
2025-06-12 15:28:00,53.5
2025-06-12 05:15:00,93.9
2025-06-12 02:02:00,7.2
2025-06-12 16:34:00,37.7
2025-06-12 18:06:00,42.9
2025-06-12 12:23:00,53.4
2025-06-12 06:40:00,61.9
2025-06-12 01:05:00,46.7
2025-06-12 22:35:00,40.7
2025-06-12 12:27:00,59.5
2025-06-12 08:28:00,13.1
2025-06-12 21:54:00,28.2
2025-06-12 20:57:00,59.5
2025-06-12 10:08:00,46.6
2025-06-12 18:22:00,84.5
2025-06-12 13:52:00,48.8
2025-06-12 00:16:00,39.5
2025-06-12 05:18:00,4.5
2025-06-12 20:21:00,16.6
2025-06-12 19:15:00,49.38053801169591
2025-06-12 09:49:00,32.2
2025-06-12 07:31:00,90.5
2025-06-12 15:34:00,27.7
2025-06-12 17:52:00,77.0
2025-06-12 19:24:00,1.7
2025-06-12 19:47:00,58.1
2025-06-12 15:21:00,47.2
2025-06-12 04:39:00,60.9
2025-06-12 21:15:00,68.7
2025-06-12 03:06:00,23.8
2025-06-12 23:54:00,0.6
2025-06-12 20:28:00,24.1
2025-06-12 19:17:00,49.38053801169591
2025-06-12 00:28:00,40.3
2025-06-12 21:14:00,67.6
2025-06-12 05:56:00,49.38053801169591
2025-06-12 09:57:00,27.1
2025-06-12 03:48:00,4.4
2025-06-12 22:01:00,90.9
2025-06-12 18:27:00,0.4
2025-06-12 14:07:00,18.3
2025-06-12 19:58:00,49.38053801169591
2025-06-12 08:02:00,69.4
2025-06-12 03:57:00,77.7
2025-06-12 22:36:00,86.3
2025-06-12 20:09:00,25.0
2025-06-12 12:21:00,62.9
2025-06-12 06:03:00,8.0
2025-06-12 20:47:00,27.2
2025-06-12 07:42:00,88.4
2025-06-12 04:26:00,11.9
2025-06-12 09:46:00,90.5
2025-06-12 11:19:00,94.0
2025-06-12 05:06:00,21.3
2025-06-12 01:54:00,64.4
2025-06-12 18:11:00,83.8
2025-06-12 03:51:00,68.3
2025-06-12 21:12:00,76.8
2025-06-12 07:03:00,22.4
2025-06-12 10:49:00,1.4
2025-06-12 00:06:00,4.3
2025-06-12 02:49:00,39.6
2025-06-12 23:27:00,0.9
2025-06-12 14:41:00,75.3
2025-06-12 12:01:00,27.9
2025-06-12 03:56:00,55.5
2025-06-12 02:31:00,40.3
2025-06-12 10:36:00,42.4
2025-06-12 02:52:00,56.9
2025-06-12 11:16:00,49.38053801169591
2025-06-12 19:11:00,79.9
2025-06-12 16:33:00,49.38053801169591
2025-06-12 18:17:00,56.7
2025-06-12 16:29:00,49.38053801169591
2025-06-12 01:27:00,42.0
2025-06-12 17:08:00,23.7
2025-06-12 09:59:00,78.1
2025-06-12 13:11:00,67.3
2025-06-12 14:27:00,50.7
2025-06-12 04:42:00,9.3
2025-06-12 18:01:00,52.6
2025-06-12 08:52:00,43.6
2025-06-12 07:42:00,47.9
2025-06-12 03:00:00,37.5
2025-06-12 11:17:00,29.3
2025-06-12 15:12:00,30.4
2025-06-12 10:30:00,62.5
2025-06-12 02:49:00,55.5
2025-06-12 20:29:00,87.9
2025-06-12 05:30:00,87.8
2025-06-12 18:00:00,94.5
2025-06-12 15:12:00,28.7
2025-06-12 01:18:00,59.3
2025-06-12 08:16:00,22.1
2025-06-12 02:52:00,0.2
2025-06-12 09:53:00,49.38053801169591
2025-06-12 23:48:00,98.7
2025-06-12 03:57:00,73.8
2025-06-12 19:20:00,49.38053801169591
2025-06-12 01:43:00,44.7
2025-06-12 03:24:00,66.0
2025-06-12 07:05:00,22.7
2025-06-12 02:43:00,17.5
2025-06-12 12:44:00,49.38053801169591
2025-06-12 22:20:00,71.5
2025-06-12 07:32:00,50.4
2025-06-12 20:45:00,49.38053801169591
2025-06-12 19:24:00,85.0
2025-06-12 04:31:00,80.3
2025-06-12 08:20:00,88.9
2025-06-12 07:12:00,51.0
2025-06-12 04:20:00,39.6
2025-06-12 17:45:00,49.38053801169591
2025-06-12 05:35:00,11.3
2025-06-12 00:51:00,86.0
2025-06-12 21:06:00,33.0
2025-06-12 05:12:00,63.0
2025-06-12 07:17:00,7.2
2025-06-12 15:47:00,6.8
2025-06-12 11:59:00,39.7
2025-06-12 05:31:00,1.7
2025-06-12 11:13:00,55.8
2025-06-12 16:42:00,49.38053801169591
2025-06-12 19:01:00,22.3
2025-06-12 03:41:00,32.0
2025-06-12 14:01:00,85.0
2025-06-12 14:52:00,39.4
2025-06-12 14:13:00,49.38053801169591
2025-06-12 01:49:00,49.38053801169591
2025-06-12 12:02:00,81.6
2025-06-12 16:52:00,79.6
2025-06-12 04:06:00,98.0
2025-06-12 19:59:00,7.6
2025-06-12 22:59:00,49.38053801169591
2025-06-12 03:40:00,49.38053801169591
2025-06-12 09:09:00,17.0
2025-06-12 05:52:00,31.4
2025-06-12 00:11:00,99.0
2025-06-12 20:55:00,39.2
2025-06-12 00:25:00,92.0
2025-06-12 19:15:00,4.3
2025-06-12 14:54:00,85.4
2025-06-12 18:45:00,52.2
2025-06-12 12:33:00,41.1
2025-06-12 17:55:00,26.4
2025-06-12 15:50:00,2.0
2025-06-12 01:56:00,63.5
2025-06-12 18:44:00,19.3
2025-06-12 23:24:00,28.3
2025-06-12 19:09:00,44.4
2025-06-12 17:57:00,88.1
2025-06-12 16:12:00,49.38053801169591
2025-06-12 15:16:00,46.6
2025-06-12 05:11:00,44.4
2025-06-12 01:03:00,0.9
2025-06-12 23:30:00,44.6
2025-06-12 05:50:00,0.7
2025-06-12 20:57:00,66.1
2025-06-12 13:06:00,17.6
2025-06-12 18:07:00,83.8
2025-06-12 10:51:00,80.2
2025-06-12 13:52:00,31.7
2025-06-12 07:00:00,78.2
2025-06-12 07:58:00,24.6
2025-06-12 12:31:00,73.4
2025-06-12 08:36:00,25.3
2025-06-12 08:06:00,70.0
2025-06-12 22:35:00,49.38053801169591
2025-06-12 08:33:00,70.7
2025-06-12 06:51:00,52.2
2025-06-12 23:39:00,50.4
2025-06-12 12:21:00,63.8
2025-06-12 01:37:00,7.3
2025-06-12 00:26:00,84.9
2025-06-12 09:52:00,78.5
2025-06-12 17:47:00,61.1
2025-06-12 07:31:00,20.0
2025-06-12 11:45:00,57.0
2025-06-12 07:42:00,95.9
2025-06-12 20:53:00,57.5
2025-06-12 22:03:00,26.6
2025-06-12 05:48:00,0.8
2025-06-12 05:46:00,65.3
2025-06-12 11:03:00,92.4
2025-06-12 05:04:00,49.594186729301235
2025-06-12 07:59:00,26.3
2025-06-12 19:51:00,49.594186729301235
2025-06-12 00:54:00,99.5
2025-06-12 17:48:00,56.9
2025-06-12 21:11:00,38.5
2025-06-12 09:42:00,59.9
2025-06-12 16:14:00,14.1
2025-06-12 02:21:00,14.9
2025-06-12 19:41:00,77.3
2025-06-12 08:08:00,66.0
2025-06-12 13:29:00,49.594186729301235
2025-06-12 03:44:00,40.5
2025-06-12 02:40:00,79.6
2025-06-12 01:41:00,25.0
2025-06-12 11:59:00,43.8
2025-06-12 03:26:00,61.6
2025-06-12 06:37:00,48.5
2025-06-12 22:10:00,44.7
2025-06-12 07:50:00,39.3
2025-06-12 23:24:00,24.5
2025-06-12 23:04:00,32.1
2025-06-12 16:16:00,17.3
2025-06-12 04:13:00,56.7
2025-06-12 08:00:00,49.594186729301235
2025-06-12 11:17:00,86.9
2025-06-12 13:05:00,49.594186729301235
2025-06-12 19:05:00,14.4
2025-06-12 13:21:00,60.9
2025-06-12 14:51:00,15.4
2025-06-12 17:35:00,64.6
2025-06-12 13:24:00,85.7
2025-06-12 10:44:00,61.6
2025-06-12 22:11:00,76.2
2025-06-12 21:15:00,12.9
2025-06-12 10:52:00,69.3
2025-06-12 04:59:00,49.594186729301235
2025-06-12 10:35:00,52.4
2025-06-12 07:45:00,72.2
2025-06-12 19:04:00,54.4
2025-06-12 04:59:00,5.8
2025-06-12 07:01:00,54.7
2025-06-12 23:36:00,70.8
2025-06-12 17:38:00,49.594186729301235
2025-06-12 10:26:00,49.594186729301235
2025-06-12 05:32:00,49.594186729301235
2025-06-12 09:27:00,93.0
2025-06-12 10:39:00,66.9
2025-06-12 16:55:00,28.3
2025-06-12 17:27:00,63.4
2025-06-12 14:46:00,0.9
2025-06-12 14:43:00,60.4
2025-06-12 15:15:00,13.2
2025-06-12 20:00:00,66.4
2025-06-12 10:50:00,71.5
2025-06-12 10:47:00,87.6
2025-06-12 02:13:00,44.5
2025-06-12 01:28:00,64.9
2025-06-12 23:31:00,1.7
2025-06-12 16:01:00,26.7
2025-06-12 03:13:00,28.4
2025-06-12 01:52:00,49.594186729301235
2025-06-12 02:56:00,1.6
2025-06-12 13:51:00,86.3
2025-06-12 23:33:00,9.4
2025-06-12 19:41:00,87.5
2025-06-12 16:58:00,14.2
2025-06-12 15:54:00,92.4
2025-06-12 11:38:00,11.7
2025-06-12 09:58:00,49.594186729301235
2025-06-12 21:28:00,32.4
2025-06-12 22:05:00,49.594186729301235
2025-06-12 03:42:00,49.594186729301235
2025-06-12 17:46:00,43.5
2025-06-12 12:07:00,67.8
2025-06-12 14:08:00,49.594186729301235
2025-06-12 08:52:00,50.9
2025-06-12 06:59:00,0.8
2025-06-12 21:27:00,5.2
2025-06-12 09:45:00,49.594186729301235
2025-06-12 08:03:00,49.594186729301235
2025-06-12 17:33:00,49.594186729301235
2025-06-12 02:11:00,64.3
2025-06-12 23:09:00,96.1
2025-06-12 02:18:00,0.5
2025-06-12 16:24:00,62.2
2025-06-12 00:10:00,41.4
2025-06-12 06:54:00,1.5
2025-06-12 05:22:00,49.594186729301235
2025-06-12 23:52:00,90.8
2025-06-12 00:16:00,72.5
2025-06-12 02:58:00,81.1
2025-06-12 05:19:00,56.4
2025-06-12 11:54:00,50.5
2025-06-12 08:18:00,80.6
2025-06-12 22:29:00,74.3
2025-06-12 01:57:00,83.1
2025-06-12 09:05:00,49.594186729301235
2025-06-12 09:49:00,48.7
2025-06-12 10:59:00,49.4
2025-06-12 00:11:00,23.2
2025-06-12 13:30:00,32.1
2025-06-12 12:01:00,99.6
2025-06-12 22:54:00,78.3
2025-06-12 02:37:00,2.7
2025-06-12 06:02:00,7.0
2025-06-12 22:38:00,27.8
2025-06-12 03:14:00,82.4
2025-06-12 22:37:00,49.594186729301235
2025-06-12 10:14:00,21.3
2025-06-12 14:39:00,91.9
2025-06-12 09:43:00,36.8
2025-06-12 07:36:00,26.7
2025-06-12 16:39:00,60.6
2025-06-12 04:30:00,55.9
2025-06-12 10:22:00,10.7
2025-06-12 05:22:00,81.0
2025-06-12 15:29:00,50.3
2025-06-12 21:17:00,79.0
2025-06-12 07:23:00,20.0
2025-06-12 02:52:00,71.6
2025-06-12 11:02:00,49.594186729301235
2025-06-12 18:24:00,86.3
2025-06-12 00:21:00,39.1
2025-06-12 19:46:00,54.8
2025-06-12 07:09:00,18.4
2025-06-12 04:45:00,95.4
2025-06-12 10:55:00,42.3
2025-06-12 03:27:00,17.6
2025-06-12 06:01:00,12.8
2025-06-12 13:02:00,49.594186729301235
2025-06-12 21:34:00,5.3
2025-06-12 13:18:00,88.5
2025-06-12 00:08:00,72.2
2025-06-12 14:30:00,49.594186729301235
2025-06-12 02:02:00,18.3
2025-06-12 00:33:00,43.6
2025-06-12 00:23:00,1.4
2025-06-12 12:14:00,54.3
2025-06-12 11:55:00,65.9
2025-06-12 19:56:00,18.0
2025-06-12 13:28:00,49.594186729301235
2025-06-12 00:43:00,63.9
2025-06-12 15:06:00,35.9
2025-06-12 03:57:00,38.2
2025-06-12 02:43:00,7.7
2025-06-12 08:54:00,77.0
2025-06-12 10:51:00,49.594186729301235
2025-06-12 11:38:00,38.8
2025-06-12 21:23:00,90.4
2025-06-12 02:03:00,55.0
2025-06-12 02:02:00,3.9
2025-06-12 04:58:00,49.594186729301235
2025-06-12 17:00:00,8.2
2025-06-12 20:26:00,70.9
2025-06-12 19:49:00,57.5
2025-06-12 14:50:00,8.6
2025-06-12 22:29:00,53.8
2025-06-12 14:56:00,24.7
2025-06-12 18:35:00,24.3
2025-06-12 01:04:00,66.4
2025-06-12 00:08:00,69.2
2025-06-12 02:08:00,62.9
2025-06-12 19:51:00,56.7
2025-06-12 21:42:00,93.1
2025-06-12 10:45:00,87.6
2025-06-12 05:55:00,23.6
2025-06-12 13:03:00,68.8
2025-06-12 16:08:00,66.3
2025-06-12 04:04:00,63.8
2025-06-12 00:37:00,66.7
2025-06-12 09:45:00,49.594186729301235
2025-06-12 02:29:00,88.5
2025-06-12 08:47:00,49.594186729301235
2025-06-12 14:25:00,40.4
2025-06-12 20:06:00,76.4
2025-06-12 04:52:00,52.5
2025-06-12 17:30:00,82.1
2025-06-12 23:24:00,87.0
2025-06-12 16:56:00,31.6
2025-06-12 20:29:00,33.5
2025-06-12 00:51:00,90.9
2025-06-12 06:53:00,51.1
2025-06-12 06:48:00,64.4
2025-06-12 15:01:00,25.8
2025-06-12 08:32:00,20.2
2025-06-12 13:14:00,37.8
2025-06-12 19:34:00,4.4
2025-06-12 20:57:00,12.6
2025-06-12 04:39:00,49.594186729301235
2025-06-12 23:12:00,6.1
2025-06-12 01:54:00,98.1
2025-06-12 23:14:00,6.6
2025-06-12 17:18:00,49.594186729301235
2025-06-12 19:07:00,34.4
2025-06-12 20:32:00,76.6
2025-06-12 07:10:00,81.5
2025-06-12 09:35:00,63.2
2025-06-12 00:16:00,75.6
2025-06-12 01:49:00,31.2
2025-06-12 21:26:00,49.594186729301235
2025-06-12 11:36:00,15.2
2025-06-12 11:31:00,91.9
2025-06-12 20:36:00,1.4
2025-06-12 14:49:00,66.3
2025-06-12 16:48:00,78.8
2025-06-12 18:08:00,87.7
2025-06-12 02:17:00,49.594186729301235
2025-06-12 14:46:00,15.1
2025-06-12 06:17:00,54.3
2025-06-12 15:30:00,87.8
2025-06-12 01:20:00,79.4
2025-06-12 21:44:00,55.6
2025-06-12 02:15:00,99.9
2025-06-12 02:30:00,28.9
2025-06-12 11:40:00,53.7
2025-06-12 22:40:00,26.7
2025-06-12 14:31:00,58.0
2025-06-12 04:10:00,86.6
2025-06-12 14:42:00,49.594186729301235
2025-06-12 02:39:00,46.5
2025-06-12 22:03:00,49.594186729301235
2025-06-12 16:07:00,35.7
2025-06-12 16:22:00,83.3
2025-06-12 19:46:00,9.7
2025-06-12 20:38:00,49.594186729301235
2025-06-12 11:58:00,49.594186729301235
2025-06-12 17:15:00,44.1
2025-06-12 16:30:00,0.2
2025-06-12 11:00:00,55.4
2025-06-12 20:07:00,50.3
2025-06-12 17:23:00,22.8
2025-06-12 07:09:00,43.2
2025-06-12 22:50:00,17.6
2025-06-12 06:10:00,87.4
2025-06-12 18:08:00,87.3
2025-06-12 12:50:00,43.0
2025-06-12 12:20:00,92.1
2025-06-12 14:35:00,40.4
2025-06-12 17:46:00,53.6
2025-06-12 16:55:00,18.3
2025-06-12 17:05:00,96.6
2025-06-12 05:15:00,27.5
2025-06-12 11:05:00,16.8
2025-06-12 21:05:00,24.0
2025-06-12 12:18:00,20.5
2025-06-12 06:19:00,33.9
2025-06-12 18:43:00,94.6
2025-06-12 14:21:00,8.7
2025-06-12 08:09:00,27.7
2025-06-12 07:48:00,96.6
2025-06-12 21:38:00,49.594186729301235
2025-06-12 20:36:00,49.594186729301235
2025-06-12 10:18:00,44.1
2025-06-12 00:42:00,91.3
2025-06-12 05:02:00,77.5
2025-06-12 12:51:00,99.1
2025-06-12 13:52:00,49.594186729301235
2025-06-12 18:56:00,8.0
2025-06-12 12:00:00,0.4
2025-06-12 00:46:00,69.2
2025-06-12 00:03:00,49.3
2025-06-12 00:31:00,17.2
2025-06-12 09:30:00,74.5
2025-06-12 14:31:00,32.5
2025-06-12 02:26:00,20.7
2025-06-12 20:42:00,98.4
2025-06-12 15:06:00,64.1
2025-06-12 12:43:00,49.594186729301235
2025-06-12 19:48:00,21.4
2025-06-12 01:31:00,46.3
2025-06-12 03:38:00,94.3
2025-06-12 04:10:00,49.594186729301235
2025-06-12 14:51:00,7.9
2025-06-12 01:19:00,83.3
2025-06-12 02:08:00,56.5
2025-06-12 17:52:00,98.1
2025-06-12 00:41:00,14.6
2025-06-12 02:13:00,7.9
2025-06-12 02:31:00,49.594186729301235
2025-06-12 08:46:00,41.8
2025-06-12 19:35:00,83.3
2025-06-12 17:41:00,2.4
2025-06-12 05:40:00,67.3
2025-06-12 13:12:00,49.594186729301235
2025-06-12 10:49:00,49.594186729301235
2025-06-12 22:31:00,12.9
2025-06-12 15:22:00,56.9
2025-06-12 03:13:00,49.594186729301235
2025-06-12 13:33:00,49.594186729301235
2025-06-12 13:32:00,34.9
2025-06-12 01:20:00,34.7
2025-06-12 12:21:00,23.0
2025-06-12 22:13:00,87.2
2025-06-12 22:48:00,50.03812089971884
2025-06-12 09:51:00,50.03812089971884
2025-06-12 01:38:00,96.1
2025-06-12 15:59:00,50.03812089971884
2025-06-12 23:56:00,50.03812089971884
2025-06-12 00:16:00,28.8
2025-06-12 15:02:00,60.7
2025-06-12 05:01:00,84.0
2025-06-12 18:31:00,24.9
2025-06-12 10:30:00,50.03812089971884
2025-06-12 07:07:00,91.0
2025-06-12 00:00:00,12.2
2025-06-12 10:49:00,89.1
2025-06-12 10:01:00,5.4
2025-06-12 22:58:00,94.8
2025-06-12 23:14:00,16.1
2025-06-12 13:42:00,50.03812089971884
2025-06-12 12:56:00,60.6
2025-06-12 13:21:00,96.1
2025-06-12 22:54:00,80.6
2025-06-12 14:30:00,50.03812089971884
2025-06-12 16:14:00,80.5
2025-06-12 22:32:00,44.6
2025-06-12 04:38:00,50.03812089971884
2025-06-12 15:32:00,27.8
2025-06-12 10:17:00,62.9
2025-06-12 06:57:00,47.8
2025-06-12 04:33:00,89.3
2025-06-12 04:45:00,41.6
2025-06-12 01:53:00,74.4
2025-06-12 00:49:00,23.3
2025-06-12 16:12:00,69.4
2025-06-12 11:50:00,80.4
2025-06-12 21:59:00,78.7
2025-06-12 19:53:00,5.6
2025-06-12 10:44:00,50.03812089971884
2025-06-12 04:07:00,49.3
2025-06-12 06:35:00,50.03812089971884
2025-06-12 12:49:00,50.03812089971884
2025-06-12 07:12:00,58.8
2025-06-12 08:06:00,18.9
2025-06-12 01:53:00,44.5
2025-06-12 06:49:00,50.03812089971884
2025-06-12 19:18:00,50.03812089971884
2025-06-12 05:16:00,61.3
2025-06-12 12:14:00,36.6
2025-06-12 05:02:00,74.0
2025-06-12 13:03:00,68.9
2025-06-12 08:04:00,12.5
2025-06-12 02:32:00,13.3
2025-06-12 00:42:00,37.2
2025-06-12 09:32:00,40.0
2025-06-12 09:45:00,56.2
2025-06-12 05:03:00,50.03812089971884
2025-06-12 02:42:00,82.4
2025-06-12 18:21:00,29.2
2025-06-12 18:55:00,38.5
2025-06-12 00:17:00,11.3
2025-06-12 17:45:00,19.8
2025-06-12 13:35:00,16.7
2025-06-12 16:30:00,33.9
2025-06-12 05:30:00,99.3
2025-06-12 22:15:00,57.3
2025-06-12 19:10:00,41.5
2025-06-12 22:08:00,30.3
2025-06-12 22:57:00,98.5
2025-06-12 07:36:00,41.9
2025-06-12 11:45:00,44.7
2025-06-12 12:31:00,75.3
2025-06-12 21:48:00,75.8
2025-06-12 03:24:00,74.9
2025-06-12 04:58:00,87.2
2025-06-12 12:24:00,50.03812089971884
2025-06-12 13:43:00,95.5
2025-06-12 00:28:00,47.2
2025-06-12 06:40:00,78.3
2025-06-12 08:45:00,50.03812089971884
2025-06-12 09:19:00,89.6
2025-06-12 00:32:00,64.3
2025-06-12 16:14:00,33.3
2025-06-12 04:31:00,97.7
2025-06-12 11:18:00,69.0
2025-06-12 02:00:00,35.0
2025-06-12 18:01:00,9.9
2025-06-12 18:52:00,50.03812089971884
2025-06-12 04:22:00,18.2
2025-06-12 04:21:00,42.2
2025-06-12 05:42:00,50.03812089971884
2025-06-12 12:39:00,2.2
2025-06-12 20:41:00,82.8
2025-06-12 07:32:00,97.9
2025-06-12 22:49:00,83.4
2025-06-12 17:17:00,50.03812089971884
2025-06-12 11:26:00,50.2
2025-06-12 13:43:00,50.03812089971884
2025-06-12 03:42:00,45.9
2025-06-12 21:26:00,50.03812089971884
2025-06-12 17:29:00,50.03812089971884
2025-06-12 11:01:00,11.4
2025-06-12 21:28:00,44.0
2025-06-12 20:02:00,44.3
2025-06-12 03:14:00,50.03812089971884
2025-06-12 03:23:00,88.8
2025-06-12 23:19:00,95.6
2025-06-12 04:35:00,50.03812089971884
2025-06-12 11:51:00,50.03812089971884
2025-06-12 23:49:00,95.2
2025-06-12 10:39:00,52.4
2025-06-12 23:19:00,17.6
2025-06-12 04:08:00,50.03812089971884
2025-06-12 08:06:00,34.3
2025-06-12 19:32:00,91.3
2025-06-12 08:03:00,50.03812089971884
2025-06-12 06:04:00,50.03812089971884
2025-06-12 09:34:00,77.1
2025-06-12 19:12:00,50.03812089971884
2025-06-12 16:45:00,64.6
2025-06-12 07:30:00,96.4
2025-06-12 08:46:00,60.4
2025-06-12 16:16:00,50.03812089971884
2025-06-12 23:18:00,6.3
2025-06-12 18:47:00,16.2
2025-06-12 06:21:00,92.6
2025-06-12 11:17:00,59.1
2025-06-12 22:49:00,80.2
2025-06-12 06:42:00,50.03812089971884
2025-06-12 04:01:00,25.6
2025-06-12 04:20:00,77.8
2025-06-12 17:17:00,67.7
2025-06-12 02:19:00,32.8
2025-06-12 20:40:00,7.8
2025-06-12 01:32:00,80.8
2025-06-12 18:34:00,68.2
2025-06-12 03:03:00,50.03812089971884
2025-06-12 03:28:00,50.03812089971884
2025-06-12 19:14:00,29.5
2025-06-12 20:10:00,1.7
2025-06-12 11:35:00,50.03812089971884
2025-06-12 07:39:00,42.9
2025-06-12 17:59:00,52.1
2025-06-12 15:28:00,67.0
2025-06-12 21:42:00,71.3
2025-06-12 08:46:00,86.9
2025-06-12 18:47:00,37.9
2025-06-12 01:31:00,67.1
2025-06-12 07:04:00,99.5
2025-06-12 22:04:00,78.0
2025-06-12 00:03:00,24.9
2025-06-12 20:40:00,97.2
2025-06-12 10:48:00,55.1
2025-06-12 20:47:00,92.6
2025-06-12 08:24:00,18.4
2025-06-12 19:45:00,55.0
2025-06-12 07:38:00,13.4
2025-06-12 08:56:00,31.7
2025-06-12 10:59:00,22.5
2025-06-12 02:14:00,52.9
2025-06-12 14:59:00,63.2
2025-06-12 18:04:00,50.03812089971884
2025-06-12 20:29:00,12.7
2025-06-12 06:26:00,38.3
2025-06-12 02:38:00,16.8
2025-06-12 03:31:00,83.5
2025-06-12 10:12:00,73.0
2025-06-12 05:15:00,3.1
2025-06-12 10:48:00,37.9
2025-06-12 02:37:00,50.03812089971884
2025-06-12 20:27:00,56.1
2025-06-12 14:39:00,22.2
2025-06-12 20:26:00,19.1
2025-06-12 19:43:00,17.6
2025-06-12 22:16:00,73.4
2025-06-12 02:47:00,32.1
2025-06-12 13:34:00,22.6
2025-06-12 06:35:00,75.7
2025-06-12 21:54:00,52.6
2025-06-12 01:29:00,83.9
2025-06-12 14:20:00,80.6
2025-06-12 13:41:00,3.5
2025-06-12 02:18:00,73.4
2025-06-12 09:43:00,5.5
2025-06-12 21:53:00,87.5
2025-06-12 02:58:00,96.2
2025-06-12 01:20:00,81.3
2025-06-12 08:11:00,52.4
2025-06-12 17:36:00,50.03812089971884
2025-06-12 06:07:00,16.1
2025-06-12 02:15:00,73.9
2025-06-12 14:27:00,3.4
2025-06-12 23:46:00,31.5
2025-06-12 18:45:00,10.0
2025-06-12 09:24:00,30.5
2025-06-12 17:16:00,62.3
2025-06-12 19:28:00,27.3
2025-06-12 14:08:00,50.03812089971884
2025-06-12 21:44:00,68.4
2025-06-12 05:08:00,71.5
2025-06-12 15:50:00,2.0
2025-06-12 18:01:00,83.4
2025-06-12 12:02:00,59.5
2025-06-12 11:30:00,81.1
2025-06-12 02:15:00,90.2
2025-06-12 17:37:00,32.7
2025-06-12 06:55:00,0.4
2025-06-12 20:34:00,94.6
2025-06-12 03:59:00,89.7
2025-06-12 13:48:00,50.03812089971884
2025-06-12 03:55:00,99.0
2025-06-12 07:19:00,42.8
2025-06-12 05:50:00,46.3
2025-06-12 11:42:00,84.6
2025-06-12 15:39:00,86.1
2025-06-12 07:47:00,56.6
2025-06-12 06:52:00,79.9
2025-06-12 02:29:00,3.8
2025-06-12 19:33:00,73.7
2025-06-12 21:02:00,59.2
2025-06-12 09:43:00,57.8
2025-06-12 07:21:00,13.3
2025-06-12 12:58:00,95.4
2025-06-12 15:25:00,28.7
2025-06-12 15:57:00,32.7
2025-06-12 03:33:00,19.3
2025-06-12 01:03:00,18.4
2025-06-12 23:52:00,50.03812089971884
2025-06-12 01:04:00,42.2
2025-06-12 07:57:00,20.7
2025-06-12 18:11:00,29.2
2025-06-12 12:53:00,94.2
2025-06-12 06:21:00,50.03812089971884
2025-06-12 10:59:00,47.4
2025-06-12 02:12:00,92.3
2025-06-12 09:52:00,50.03812089971884
2025-06-12 13:19:00,79.0
2025-06-12 11:28:00,50.03812089971884
2025-06-12 12:09:00,79.7
2025-06-12 18:26:00,58.8
2025-06-12 03:12:00,50.03812089971884
2025-06-12 06:01:00,99.1
2025-06-12 17:28:00,59.8
2025-06-12 06:25:00,26.2
2025-06-12 14:42:00,59.5
2025-06-12 18:14:00,50.03812089971884
2025-06-12 16:42:00,73.3
2025-06-12 00:21:00,5.3
2025-06-12 14:46:00,38.0
2025-06-12 16:23:00,89.1
2025-06-12 22:02:00,89.9
2025-06-12 17:33:00,49.0
2025-06-12 19:28:00,89.9
2025-06-12 14:56:00,3.7
2025-06-12 22:18:00,70.8
2025-06-12 18:13:00,63.2
2025-06-12 22:13:00,82.4
2025-06-12 01:12:00,90.9
2025-06-12 08:08:00,55.5
2025-06-12 17:12:00,72.3
2025-06-12 18:16:00,53.9
2025-06-12 12:28:00,5.7
2025-06-12 12:46:00,34.7
2025-06-12 14:36:00,70.9
2025-06-12 08:30:00,28.0
2025-06-12 06:39:00,50.03812089971884
2025-06-12 11:53:00,97.8
2025-06-12 13:00:00,98.7
2025-06-12 14:20:00,99.4
2025-06-12 21:07:00,60.5
2025-06-12 15:11:00,78.7
2025-06-12 15:24:00,23.5
2025-06-12 04:06:00,62.6
2025-06-12 02:11:00,82.6
2025-06-12 11:16:00,29.2
2025-06-12 16:29:00,18.8
2025-06-12 11:13:00,16.6
2025-06-12 11:45:00,51.2
2025-06-12 18:01:00,86.8
2025-06-12 14:14:00,74.3
2025-06-12 07:31:00,33.7
2025-06-12 11:13:00,19.2
2025-06-12 10:25:00,43.9
2025-06-12 12:15:00,28.4
2025-06-12 14:52:00,74.1
2025-06-12 12:41:00,21.5
2025-06-12 14:58:00,7.9
2025-06-12 11:31:00,88.9
2025-06-12 18:42:00,30.2
2025-06-12 08:43:00,30.9
2025-06-12 04:11:00,20.1
2025-06-12 04:45:00,28.5
2025-06-12 00:57:00,77.4
2025-06-12 12:07:00,18.7
2025-06-12 21:48:00,78.7
2025-06-12 02:05:00,60.1
2025-06-12 21:36:00,26.4
2025-06-12 05:26:00,46.2
2025-06-12 08:13:00,58.4
2025-06-12 08:26:00,1.7
2025-06-12 13:07:00,41.3
2025-06-12 18:24:00,74.1
2025-06-12 18:13:00,45.3
2025-06-12 18:39:00,53.8
2025-06-12 20:28:00,0.7
2025-06-12 15:32:00,27.8
2025-06-12 01:23:00,50.03812089971884
2025-06-12 12:00:00,50.03812089971884
2025-06-12 02:08:00,88.9
2025-06-12 19:23:00,65.9
2025-06-12 07:05:00,31.4
2025-06-12 23:07:00,6.3
2025-06-12 15:14:00,50.03812089971884
2025-06-12 10:14:00,92.1
2025-06-12 08:33:00,40.2
2025-06-12 00:20:00,50.03812089971884
2025-06-12 08:03:00,18.8
2025-06-12 19:22:00,28.1
2025-06-12 06:55:00,78.2
2025-06-12 01:43:00,62.1
2025-06-12 11:15:00,53.3
2025-06-12 05:27:00,50.03812089971884
2025-06-12 09:09:00,23.1
2025-06-12 03:30:00,0.4
2025-06-12 14:34:00,40.4
2025-06-12 19:13:00,78.1
2025-06-12 23:02:00,40.6
2025-06-12 00:40:00,68.6
2025-06-12 20:55:00,64.7
2025-06-12 07:41:00,46.9
2025-06-12 06:54:00,15.5
2025-06-12 03:08:00,50.03812089971884
2025-06-12 11:15:00,65.7
2025-06-12 11:55:00,87.9
2025-06-12 17:33:00,4.6
2025-06-12 05:35:00,49.697634180790956
2025-06-12 13:40:00,84.1
2025-06-12 14:09:00,49.697634180790956
2025-06-12 06:32:00,59.4
2025-06-12 21:26:00,78.5
2025-06-12 08:56:00,8.8
2025-06-12 15:24:00,30.9
2025-06-12 19:47:00,49.697634180790956
2025-06-12 08:31:00,54.7
2025-06-12 10:55:00,93.1
2025-06-12 13:53:00,58.8
2025-06-12 16:16:00,89.3
2025-06-12 00:37:00,76.7
2025-06-12 06:35:00,33.3
2025-06-12 08:42:00,7.0
2025-06-12 20:52:00,49.697634180790956
2025-06-12 21:25:00,75.2
2025-06-12 11:36:00,15.8
2025-06-12 16:27:00,49.6
2025-06-12 09:06:00,78.0
2025-06-12 11:17:00,55.4
2025-06-12 21:10:00,63.9
2025-06-12 09:24:00,25.9
2025-06-12 06:48:00,60.8
2025-06-12 09:14:00,79.3
2025-06-12 23:09:00,6.8
2025-06-12 23:04:00,92.1
2025-06-12 20:37:00,61.5
2025-06-12 22:19:00,48.1
2025-06-12 17:13:00,36.3
2025-06-12 22:08:00,81.4
2025-06-12 04:40:00,96.4
2025-06-12 13:49:00,48.7
2025-06-12 22:25:00,83.0
2025-06-12 08:13:00,25.7
2025-06-12 04:09:00,82.4
2025-06-12 18:37:00,10.3
2025-06-12 15:54:00,79.5
2025-06-12 01:39:00,49.697634180790956
2025-06-12 22:31:00,12.3
2025-06-12 19:03:00,36.2
2025-06-12 17:39:00,95.9
2025-06-12 18:22:00,40.8
2025-06-12 20:44:00,74.9
2025-06-12 10:30:00,98.4
2025-06-12 21:55:00,67.9
2025-06-12 20:50:00,22.6
2025-06-12 01:26:00,40.3
2025-06-12 01:34:00,5.2
2025-06-12 07:58:00,49.697634180790956
2025-06-12 03:33:00,95.9
2025-06-12 03:52:00,11.8
2025-06-12 06:32:00,96.6
2025-06-12 04:04:00,48.9
2025-06-12 11:52:00,42.5
2025-06-12 01:38:00,88.9
2025-06-12 06:08:00,40.9
2025-06-12 01:27:00,68.0
2025-06-12 02:10:00,20.2
2025-06-12 19:19:00,49.697634180790956
2025-06-12 19:37:00,76.7
2025-06-12 08:19:00,3.6
2025-06-12 08:12:00,96.7
2025-06-12 23:37:00,5.9
2025-06-12 17:06:00,35.8
2025-06-12 06:51:00,49.697634180790956
2025-06-12 10:47:00,98.2
2025-06-12 14:56:00,34.9
2025-06-12 16:47:00,60.1
2025-06-12 18:10:00,29.0
2025-06-12 02:03:00,58.1
2025-06-12 21:06:00,73.2
2025-06-12 08:20:00,87.2
2025-06-12 20:50:00,91.8
2025-06-12 05:12:00,53.9
2025-06-12 09:29:00,6.0
2025-06-12 11:32:00,85.4
2025-06-12 08:39:00,51.0
2025-06-12 15:52:00,42.2
2025-06-12 00:33:00,11.8
2025-06-12 21:08:00,60.6
2025-06-12 09:48:00,36.7
2025-06-12 12:32:00,0.1
2025-06-12 23:17:00,89.1
2025-06-12 01:24:00,74.5
2025-06-12 04:16:00,28.1
2025-06-12 06:30:00,54.9
2025-06-12 03:37:00,53.4
2025-06-12 17:12:00,64.8
2025-06-12 06:50:00,49.697634180790956
2025-06-12 09:07:00,49.697634180790956
2025-06-12 06:20:00,95.8
2025-06-12 21:16:00,21.6
2025-06-12 19:39:00,94.7
2025-06-12 14:05:00,75.7
2025-06-12 05:07:00,18.6
2025-06-12 08:44:00,3.3
2025-06-12 09:15:00,29.8
2025-06-12 03:22:00,55.0
2025-06-12 08:54:00,49.697634180790956
2025-06-12 00:02:00,49.697634180790956
2025-06-12 16:01:00,3.5
2025-06-12 22:21:00,63.0
2025-06-12 14:59:00,34.1
2025-06-12 18:00:00,26.4
2025-06-12 13:29:00,3.7
2025-06-12 11:51:00,75.2
2025-06-12 15:45:00,15.3
2025-06-12 19:36:00,5.2
2025-06-12 07:10:00,46.7
2025-06-12 01:55:00,11.8
2025-06-12 09:19:00,12.6
2025-06-12 01:13:00,49.697634180790956
2025-06-12 14:28:00,3.2
2025-06-12 01:06:00,29.4
2025-06-12 21:37:00,15.4
2025-06-12 14:43:00,29.1
2025-06-12 01:02:00,49.697634180790956
2025-06-12 19:03:00,4.8
2025-06-12 09:20:00,35.8
2025-06-12 01:30:00,18.7
2025-06-12 09:55:00,83.2
2025-06-12 01:03:00,84.8
2025-06-12 13:41:00,41.6
2025-06-12 14:02:00,38.4
2025-06-12 01:50:00,84.5
2025-06-12 13:31:00,0.6
2025-06-12 03:02:00,49.697634180790956
2025-06-12 21:58:00,58.3
2025-06-12 09:23:00,49.697634180790956
2025-06-12 08:35:00,53.5
2025-06-12 14:12:00,88.0
2025-06-12 05:15:00,40.2
2025-06-12 07:58:00,22.1
2025-06-12 13:35:00,94.8
2025-06-12 09:11:00,99.0
2025-06-12 17:47:00,69.6
2025-06-12 19:00:00,1.0
2025-06-12 05:23:00,74.9
2025-06-12 05:15:00,58.3
2025-06-12 06:42:00,18.9
2025-06-12 04:45:00,60.6
2025-06-12 15:57:00,38.2
2025-06-12 16:32:00,18.3
2025-06-12 04:37:00,88.0
2025-06-12 12:43:00,41.2
2025-06-12 07:35:00,17.7
2025-06-12 12:26:00,49.697634180790956
2025-06-12 19:42:00,73.3
2025-06-12 08:03:00,97.4
2025-06-12 22:42:00,97.6
2025-06-12 21:17:00,63.9
2025-06-12 18:44:00,49.697634180790956
2025-06-12 09:39:00,45.4
2025-06-12 19:40:00,71.9
2025-06-12 11:51:00,72.0
2025-06-12 18:26:00,41.8
2025-06-12 14:37:00,88.6
2025-06-12 23:10:00,5.0
2025-06-12 02:29:00,43.5
2025-06-12 22:36:00,50.6
2025-06-12 18:35:00,0.7
2025-06-12 19:56:00,12.7
2025-06-12 22:56:00,67.5
2025-06-12 13:40:00,76.7
2025-06-12 06:14:00,61.9
2025-06-12 12:34:00,57.5
2025-06-12 06:17:00,7.3
2025-06-12 22:42:00,16.8
2025-06-12 08:55:00,13.6
2025-06-12 02:47:00,49.697634180790956
2025-06-12 09:17:00,10.2
2025-06-12 06:08:00,61.6
2025-06-12 11:55:00,15.1
2025-06-12 03:17:00,62.9
2025-06-12 13:10:00,43.4
2025-06-12 11:37:00,62.0
2025-06-12 05:46:00,49.4
2025-06-12 08:17:00,44.4
2025-06-12 18:19:00,5.8
2025-06-12 02:23:00,84.5
2025-06-12 09:50:00,8.4
2025-06-12 03:56:00,78.5
2025-06-12 18:49:00,49.697634180790956
2025-06-12 14:24:00,71.3
2025-06-12 19:59:00,73.9
2025-06-12 08:32:00,30.0
2025-06-12 10:37:00,72.4
2025-06-12 17:20:00,97.5
2025-06-12 12:46:00,49.697634180790956
2025-06-12 21:55:00,18.7
2025-06-12 23:11:00,49.697634180790956
2025-06-12 00:58:00,93.7
2025-06-12 18:11:00,49.697634180790956
2025-06-12 16:41:00,89.5
2025-06-12 12:15:00,82.1
2025-06-12 20:56:00,52.2
2025-06-12 10:43:00,43.2
2025-06-12 20:40:00,15.8
2025-06-12 08:49:00,42.6
2025-06-12 04:30:00,93.5
2025-06-12 20:21:00,7.6
2025-06-12 20:27:00,28.8
2025-06-12 12:41:00,21.2
2025-06-12 06:17:00,49.697634180790956
2025-06-12 17:08:00,24.8
2025-06-12 06:28:00,49.697634180790956
2025-06-12 12:53:00,35.8
2025-06-12 16:10:00,49.697634180790956
2025-06-12 23:08:00,49.697634180790956
2025-06-12 18:02:00,3.7
2025-06-12 13:31:00,62.1
2025-06-12 10:47:00,99.2
2025-06-12 16:31:00,6.9
2025-06-12 16:58:00,55.5
2025-06-12 18:45:00,49.697634180790956
2025-06-12 23:36:00,57.1
2025-06-12 06:15:00,13.1
2025-06-12 14:27:00,94.5
2025-06-12 03:01:00,72.8
2025-06-12 13:21:00,28.7
2025-06-12 12:24:00,64.1
2025-06-12 09:58:00,25.8
2025-06-12 02:05:00,1.4
2025-06-12 07:15:00,1.8
2025-06-12 20:20:00,2.6
2025-06-12 13:50:00,46.9
2025-06-12 17:02:00,49.697634180790956
2025-06-12 08:55:00,68.6
2025-06-12 00:34:00,49.697634180790956
2025-06-12 21:18:00,51.8
2025-06-12 13:47:00,33.7
2025-06-12 09:53:00,49.697634180790956
2025-06-12 10:56:00,75.6
2025-06-12 10:13:00,62.2
2025-06-12 08:50:00,46.1
2025-06-12 04:47:00,75.1
2025-06-12 10:28:00,24.5
2025-06-12 05:50:00,3.5
2025-06-12 15:47:00,49.697634180790956
2025-06-12 11:29:00,49.697634180790956
2025-06-12 11:50:00,70.5
2025-06-12 17:38:00,57.7
2025-06-12 22:59:00,64.9
2025-06-12 22:04:00,14.9
2025-06-12 18:32:00,23.4
2025-06-12 18:17:00,8.3
2025-06-12 18:43:00,41.5
2025-06-12 23:48:00,45.2
2025-06-12 01:26:00,85.2
2025-06-12 23:23:00,55.1
2025-06-12 00:33:00,39.3
2025-06-12 21:14:00,19.3
2025-06-12 14:14:00,4.6
2025-06-12 04:53:00,73.6
2025-06-12 15:27:00,84.9
2025-06-12 11:08:00,99.3
2025-06-12 23:43:00,80.8
2025-06-12 07:10:00,49.697634180790956
2025-06-12 15:10:00,28.6
2025-06-12 18:14:00,75.0
2025-06-12 14:51:00,49.697634180790956
2025-06-12 19:16:00,15.6
2025-06-12 20:50:00,52.8
2025-06-12 15:23:00,83.2
2025-06-12 12:59:00,76.6
2025-06-12 07:19:00,48.4
2025-06-12 21:03:00,49.697634180790956
2025-06-12 19:55:00,29.1
2025-06-12 20:57:00,19.4
2025-06-12 22:14:00,74.1
2025-06-12 16:37:00,12.7
2025-06-12 17:17:00,89.8
2025-06-12 05:05:00,13.6
2025-06-12 09:09:00,36.8
2025-06-12 07:21:00,49.697634180790956
2025-06-12 15:15:00,49.697634180790956
2025-06-12 22:48:00,56.6
2025-06-12 09:31:00,52.2
2025-06-12 15:03:00,11.6
2025-06-12 13:22:00,45.7
2025-06-12 14:52:00,48.6
2025-06-12 17:38:00,49.697634180790956
2025-06-12 11:34:00,5.6
2025-06-12 03:19:00,47.0
2025-06-12 00:42:00,52.2
2025-06-12 20:00:00,49.697634180790956
2025-06-12 10:15:00,84.0
2025-06-12 17:48:00,60.0
2025-06-12 23:30:00,37.9
2025-06-12 08:43:00,13.4
2025-06-12 12:25:00,76.8
2025-06-12 13:46:00,81.3
2025-06-12 17:17:00,54.5
2025-06-12 20:21:00,49.697634180790956
2025-06-12 10:35:00,88.4
2025-06-12 07:33:00,96.8
2025-06-12 11:06:00,88.2
2025-06-12 09:10:00,49.697634180790956
2025-06-12 23:25:00,81.5
2025-06-12 14:04:00,9.1
2025-06-12 17:54:00,65.7
2025-06-12 13:04:00,80.2
2025-06-12 18:09:00,15.3
2025-06-12 14:05:00,17.6
2025-06-12 03:18:00,66.0
2025-06-12 14:55:00,36.6
2025-06-12 10:07:00,49.697634180790956
2025-06-12 06:34:00,74.5
2025-06-12 17:04:00,79.9
2025-06-12 09:02:00,64.9
2025-06-12 17:43:00,49.697634180790956
2025-06-12 23:09:00,95.4
2025-06-12 09:37:00,49.81454693687398
2025-06-12 01:06:00,84.7
2025-06-12 18:30:00,11.8
2025-06-12 05:25:00,30.0
2025-06-12 03:26:00,75.8
2025-06-12 12:10:00,84.4
2025-06-12 14:17:00,11.6
2025-06-12 23:27:00,89.6
2025-06-12 09:01:00,29.8
2025-06-12 18:55:00,47.4
2025-06-12 10:41:00,21.0
2025-06-12 15:27:00,37.8
2025-06-12 05:27:00,16.4
2025-06-12 02:04:00,96.2
2025-06-12 08:19:00,30.9
2025-06-12 19:27:00,95.5
2025-06-12 05:35:00,77.1
2025-06-12 20:09:00,68.5
2025-06-12 12:08:00,32.2
2025-06-12 06:55:00,49.81454693687398
2025-06-12 21:48:00,66.1
2025-06-12 03:33:00,53.8
2025-06-12 11:48:00,49.81454693687398
2025-06-12 03:19:00,70.7
2025-06-12 16:26:00,18.3
2025-06-12 06:45:00,71.9
2025-06-12 00:07:00,18.8
2025-06-12 18:09:00,2.3
2025-06-12 03:06:00,63.0
2025-06-12 21:11:00,80.0
2025-06-12 02:51:00,99.7
2025-06-12 02:33:00,10.9
2025-06-12 01:29:00,86.4
2025-06-12 08:20:00,49.81454693687398
2025-06-12 16:08:00,19.0
2025-06-12 07:56:00,92.5
2025-06-12 02:11:00,21.8
2025-06-12 08:47:00,36.4
2025-06-12 00:41:00,15.7
2025-06-12 02:26:00,7.9
2025-06-12 18:44:00,10.4
2025-06-12 16:37:00,73.2
2025-06-12 11:27:00,12.8
2025-06-12 18:45:00,19.2
2025-06-12 10:10:00,40.7
2025-06-12 21:51:00,76.8
2025-06-12 17:25:00,60.5
2025-06-12 00:57:00,17.0
2025-06-12 19:54:00,15.6
2025-06-12 06:57:00,6.2
2025-06-12 16:28:00,15.2
2025-06-12 16:00:00,47.3
2025-06-12 15:10:00,58.1
2025-06-12 16:51:00,7.0
2025-06-12 10:46:00,72.4
2025-06-12 12:06:00,95.5
2025-06-12 10:10:00,82.7
2025-06-12 18:54:00,35.3
2025-06-12 12:20:00,10.4
2025-06-12 10:00:00,49.81454693687398
2025-06-12 11:27:00,23.5
2025-06-12 03:39:00,4.2
2025-06-12 01:01:00,49.81454693687398
2025-06-12 03:34:00,25.0
2025-06-12 13:28:00,42.5
2025-06-12 23:49:00,5.1
2025-06-12 08:26:00,66.4
2025-06-12 19:05:00,79.3
2025-06-12 20:00:00,0.9
2025-06-12 04:23:00,96.0
2025-06-12 17:25:00,49.81454693687398
2025-06-12 23:27:00,3.9
2025-06-12 07:59:00,25.3
2025-06-12 05:53:00,62.1
2025-06-12 22:18:00,13.4
2025-06-12 19:08:00,85.1
2025-06-12 00:23:00,49.6
2025-06-12 13:35:00,52.4
2025-06-12 08:45:00,1.6
2025-06-12 03:00:00,31.0
2025-06-12 18:48:00,27.3
2025-06-12 11:52:00,11.6
2025-06-12 08:08:00,33.0
2025-06-12 16:23:00,49.81454693687398
2025-06-12 09:23:00,49.81454693687398
2025-06-12 03:21:00,98.9
2025-06-12 08:21:00,12.4
2025-06-12 08:31:00,94.0
2025-06-12 19:37:00,1.1
2025-06-12 02:21:00,80.2
2025-06-12 06:09:00,62.0
2025-06-12 19:24:00,37.7
2025-06-12 08:07:00,18.9
2025-06-12 18:40:00,12.0
2025-06-12 22:02:00,38.9
2025-06-12 16:56:00,42.7
2025-06-12 04:31:00,89.4
2025-06-12 04:22:00,16.6
2025-06-12 17:56:00,16.2
2025-06-12 22:34:00,71.4
2025-06-12 16:31:00,36.5
2025-06-12 19:29:00,49.81454693687398
2025-06-12 13:43:00,77.2
2025-06-12 19:57:00,81.5
2025-06-12 18:10:00,17.1
2025-06-12 00:19:00,72.0
2025-06-12 23:49:00,14.4
2025-06-12 22:16:00,86.2
2025-06-12 17:24:00,79.7
2025-06-12 15:57:00,77.8
2025-06-12 06:11:00,53.4
2025-06-12 08:52:00,21.8
2025-06-12 15:37:00,29.8
2025-06-12 14:24:00,5.7
2025-06-12 02:15:00,86.4
2025-06-12 05:58:00,9.0
2025-06-12 14:52:00,49.81454693687398
2025-06-12 04:12:00,17.4
2025-06-12 13:38:00,33.4
2025-06-12 01:28:00,63.4
2025-06-12 20:57:00,25.3
2025-06-12 17:03:00,49.81454693687398
2025-06-12 21:55:00,49.81454693687398
2025-06-12 14:19:00,49.81454693687398
2025-06-12 22:13:00,49.81454693687398
2025-06-12 05:06:00,86.3
2025-06-12 02:53:00,10.6
2025-06-12 00:54:00,36.7
2025-06-12 19:27:00,33.3
2025-06-12 02:20:00,52.0
2025-06-12 04:55:00,15.0
2025-06-12 21:09:00,24.0
2025-06-12 13:09:00,23.7
2025-06-12 15:36:00,40.8
2025-06-12 00:47:00,74.1
2025-06-12 15:44:00,77.0
2025-06-12 03:36:00,14.5
2025-06-12 09:36:00,7.1
2025-06-12 21:40:00,24.0
2025-06-12 18:39:00,49.81454693687398
2025-06-12 04:18:00,39.0
2025-06-12 19:42:00,48.0
2025-06-12 17:24:00,6.0
2025-06-12 20:36:00,44.1
2025-06-12 08:15:00,49.81454693687398
2025-06-12 07:34:00,16.5
2025-06-12 04:24:00,49.81454693687398
2025-06-12 00:22:00,90.0
2025-06-12 00:50:00,30.7
2025-06-12 16:34:00,69.4
2025-06-12 07:29:00,0.7
2025-06-12 13:27:00,64.2
2025-06-12 04:27:00,33.4
2025-06-12 06:44:00,49.81454693687398
2025-06-12 17:14:00,6.3
2025-06-12 21:36:00,16.7
2025-06-12 21:22:00,49.81454693687398
2025-06-12 02:39:00,74.5
2025-06-12 12:13:00,74.5
2025-06-12 04:37:00,49.81454693687398
2025-06-12 11:32:00,95.4
2025-06-12 21:12:00,21.6
2025-06-12 04:15:00,99.5
2025-06-12 12:48:00,30.6
2025-06-12 00:14:00,69.8
2025-06-12 04:07:00,26.5
2025-06-12 10:34:00,83.9
2025-06-12 11:35:00,34.1
2025-06-12 19:22:00,94.2
2025-06-12 05:18:00,19.5
2025-06-12 05:37:00,23.5
2025-06-12 22:39:00,37.9
2025-06-12 16:27:00,18.9
2025-06-12 13:40:00,49.81454693687398
2025-06-12 16:27:00,52.9
2025-06-12 04:24:00,66.2
2025-06-12 01:09:00,36.6
2025-06-12 03:29:00,32.6
2025-06-12 16:11:00,26.1
2025-06-12 22:40:00,3.7
2025-06-12 16:20:00,49.81454693687398
2025-06-12 22:35:00,71.2
2025-06-12 01:15:00,54.7
2025-06-12 17:15:00,96.9
2025-06-12 07:16:00,5.8
2025-06-12 06:37:00,81.0
2025-06-12 23:47:00,45.9
2025-06-12 10:31:00,37.4
2025-06-12 09:30:00,9.0
2025-06-12 15:16:00,87.7
2025-06-12 01:25:00,29.3
2025-06-12 02:14:00,49.81454693687398
2025-06-12 15:10:00,24.7
2025-06-12 12:07:00,18.0
2025-06-12 16:36:00,49.81454693687398
2025-06-12 23:57:00,60.2
2025-06-12 17:49:00,33.0
2025-06-12 08:50:00,49.81454693687398
2025-06-12 06:09:00,35.0
2025-06-12 07:48:00,22.9
2025-06-12 02:34:00,81.1
2025-06-12 13:54:00,55.5
2025-06-12 17:26:00,95.1
2025-06-12 03:21:00,49.81454693687398
2025-06-12 14:07:00,49.81454693687398
2025-06-12 09:51:00,60.3
2025-06-12 21:21:00,26.3
2025-06-12 17:49:00,61.5
2025-06-12 18:07:00,10.1
2025-06-12 23:38:00,1.0
2025-06-12 06:59:00,49.81454693687398
2025-06-12 06:53:00,55.8
2025-06-12 17:01:00,62.3
2025-06-12 18:40:00,26.6
2025-06-12 04:58:00,24.4
2025-06-12 19:51:00,4.8
2025-06-12 23:48:00,7.5
2025-06-12 17:56:00,46.8
2025-06-12 07:46:00,7.3
2025-06-12 19:25:00,17.9
2025-06-12 04:15:00,77.2
2025-06-12 01:31:00,6.0
2025-06-12 13:21:00,35.4
2025-06-12 15:02:00,36.0
2025-06-12 00:34:00,70.7
2025-06-12 15:20:00,15.9
2025-06-12 05:45:00,12.1
2025-06-12 10:38:00,51.7
2025-06-12 03:00:00,79.5
2025-06-12 01:49:00,49.81454693687398
2025-06-12 15:44:00,15.7
2025-06-12 04:27:00,34.3
2025-06-12 08:50:00,49.9
2025-06-12 11:27:00,43.4
2025-06-12 06:51:00,49.81454693687398
2025-06-12 21:32:00,30.7
2025-06-12 13:51:00,58.6
2025-06-12 23:35:00,68.2
2025-06-12 18:41:00,73.9
2025-06-12 13:49:00,28.1
2025-06-12 04:05:00,9.3
2025-06-12 03:21:00,49.81454693687398
2025-06-12 03:00:00,61.9
2025-06-12 21:53:00,60.0
2025-06-12 21:44:00,26.1
2025-06-12 15:45:00,76.5
2025-06-12 18:34:00,14.6
2025-06-12 20:24:00,87.9
2025-06-12 00:45:00,94.2
2025-06-12 13:54:00,0.0
2025-06-12 21:18:00,49.81454693687398
2025-06-12 22:20:00,40.6
2025-06-12 21:03:00,81.7
2025-06-12 07:10:00,49.1
2025-06-12 22:56:00,49.3
2025-06-12 09:30:00,83.0
2025-06-12 01:25:00,55.0
2025-06-12 09:17:00,52.7
2025-06-12 06:15:00,19.5
2025-06-12 22:51:00,55.1
2025-06-12 21:46:00,49.81454693687398
2025-06-12 06:11:00,26.0
2025-06-12 08:58:00,5.7
2025-06-12 05:02:00,93.4
2025-06-12 00:01:00,69.7
2025-06-12 13:18:00,65.4
2025-06-12 04:47:00,14.8
2025-06-12 06:07:00,76.7
2025-06-12 09:04:00,48.8
2025-06-12 11:14:00,25.8
2025-06-12 01:07:00,53.7
2025-06-12 16:16:00,21.4
2025-06-12 02:48:00,72.4
2025-06-12 10:22:00,90.0
2025-06-12 02:37:00,53.0
2025-06-12 06:00:00,49.81454693687398
2025-06-12 10:06:00,12.0
2025-06-12 08:33:00,13.1
2025-06-12 06:43:00,85.4
2025-06-12 15:51:00,86.4
2025-06-12 00:02:00,7.5
2025-06-12 21:25:00,88.5
2025-06-12 15:49:00,58.8
2025-06-12 15:38:00,49.81454693687398
2025-06-12 09:48:00,70.1
2025-06-12 16:51:00,93.5
2025-06-12 07:29:00,32.5
2025-06-12 00:51:00,60.5
2025-06-12 16:15:00,49.81454693687398
2025-06-12 17:26:00,49.81454693687398
2025-06-12 01:08:00,44.5
2025-06-12 13:45:00,54.1
2025-06-12 15:32:00,49.81454693687398
2025-06-12 15:01:00,82.7
2025-06-12 01:42:00,49.81454693687398
2025-06-12 23:28:00,37.2
2025-06-12 14:00:00,51.5
2025-06-12 13:18:00,71.2
2025-06-12 22:28:00,18.5
2025-06-12 06:40:00,35.4
2025-06-12 13:18:00,18.9
2025-06-12 07:54:00,95.5
2025-06-12 23:15:00,49.81454693687398
2025-06-12 19:29:00,50.5
2025-06-12 09:44:00,49.81454693687398
2025-06-12 02:50:00,30.4
2025-06-12 06:08:00,40.9
2025-06-12 03:12:00,88.9
2025-06-12 02:05:00,89.5
2025-06-12 04:38:00,1.9
2025-06-12 07:44:00,12.8
2025-06-12 04:09:00,5.2
2025-06-12 07:40:00,64.3
2025-06-12 23:41:00,49.81454693687398
2025-06-12 14:56:00,74.3
2025-06-12 21:44:00,5.3
2025-06-12 01:23:00,72.7
2025-06-12 03:56:00,86.4
2025-06-12 00:29:00,5.8
2025-06-12 12:29:00,28.8
2025-06-12 13:28:00,21.9
2025-06-12 12:40:00,56.3
2025-06-12 15:43:00,20.8
2025-06-12 17:29:00,67.6
2025-06-12 23:50:00,63.9
2025-06-12 16:22:00,0.4
2025-06-12 04:11:00,67.3
2025-06-12 14:08:00,50.17466168922071
2025-06-12 11:34:00,3.8
2025-06-12 06:34:00,13.9
2025-06-12 15:42:00,11.0
2025-06-12 07:51:00,51.6
2025-06-12 23:00:00,53.2
2025-06-12 22:30:00,50.3
2025-06-12 21:32:00,38.0
2025-06-12 19:11:00,48.6
2025-06-12 01:39:00,30.6
2025-06-12 15:36:00,18.5
2025-06-12 06:25:00,20.5
2025-06-12 01:21:00,52.3
2025-06-12 01:45:00,91.7
2025-06-12 02:15:00,99.4
2025-06-12 00:14:00,74.1
2025-06-12 01:48:00,44.4
2025-06-12 18:30:00,2.0
2025-06-12 00:12:00,23.1
2025-06-12 02:25:00,50.17466168922071
2025-06-12 07:37:00,6.0
2025-06-12 11:05:00,48.0
2025-06-12 22:54:00,50.17466168922071
2025-06-12 03:50:00,42.3
2025-06-12 21:50:00,91.1
2025-06-12 17:58:00,53.0
2025-06-12 09:30:00,2.6
2025-06-12 21:22:00,44.4
2025-06-12 16:19:00,3.0
2025-06-12 21:51:00,5.4
2025-06-12 19:38:00,24.5
2025-06-12 21:58:00,50.17466168922071
2025-06-12 16:11:00,68.3
2025-06-12 10:51:00,31.4
2025-06-12 13:05:00,47.3
2025-06-12 01:11:00,88.5
2025-06-12 13:50:00,3.5
2025-06-12 02:50:00,58.9
2025-06-12 22:44:00,66.9
2025-06-12 00:19:00,67.5
2025-06-12 00:10:00,97.4
2025-06-12 14:17:00,66.3
2025-06-12 02:41:00,57.0
2025-06-12 00:09:00,16.0
2025-06-12 01:49:00,53.7
2025-06-12 05:01:00,50.17466168922071
2025-06-12 05:46:00,70.3
2025-06-12 20:24:00,51.5
2025-06-12 03:36:00,95.2
2025-06-12 19:29:00,94.8
2025-06-12 21:00:00,95.8
2025-06-12 16:41:00,60.7
2025-06-12 15:27:00,47.5
2025-06-12 19:28:00,14.7
2025-06-12 20:31:00,55.9
2025-06-12 06:28:00,30.5
2025-06-12 07:54:00,25.6
2025-06-12 10:45:00,0.9
2025-06-12 12:12:00,64.9
2025-06-12 14:26:00,50.17466168922071
2025-06-12 05:58:00,66.1
2025-06-12 10:42:00,22.2
2025-06-12 11:58:00,44.7
2025-06-12 22:34:00,40.7
2025-06-12 21:32:00,31.4
2025-06-12 00:05:00,29.4
2025-06-12 16:30:00,80.5
2025-06-12 11:09:00,56.4
2025-06-12 14:14:00,12.2
2025-06-12 12:34:00,73.2
2025-06-12 20:48:00,93.6
2025-06-12 02:23:00,92.0
2025-06-12 00:57:00,11.2
2025-06-12 14:34:00,71.8
2025-06-12 05:04:00,71.3
2025-06-12 08:48:00,42.9
2025-06-12 18:36:00,49.6
2025-06-12 19:29:00,1.5
2025-06-12 21:14:00,10.6
2025-06-12 08:24:00,31.9
2025-06-12 15:16:00,58.8
2025-06-12 06:31:00,92.4
2025-06-12 10:12:00,36.1
2025-06-12 04:05:00,89.6
2025-06-12 04:47:00,91.4
2025-06-12 16:23:00,30.8
2025-06-12 10:55:00,71.7
2025-06-12 22:09:00,24.5
2025-06-12 20:43:00,81.2
2025-06-12 19:57:00,5.1
2025-06-12 11:14:00,74.1
2025-06-12 07:32:00,94.8
2025-06-12 15:08:00,83.7
2025-06-12 04:07:00,50.17466168922071
2025-06-12 02:42:00,26.5
2025-06-12 06:07:00,50.17466168922071
2025-06-12 17:01:00,11.0
2025-06-12 02:01:00,89.0
2025-06-12 02:09:00,81.7
2025-06-12 02:50:00,39.5
2025-06-12 20:10:00,61.5
2025-06-12 07:47:00,50.17466168922071
2025-06-12 09:30:00,14.3
2025-06-12 23:52:00,27.3
2025-06-12 15:54:00,20.5
2025-06-12 23:12:00,19.4
2025-06-12 23:20:00,44.8
2025-06-12 16:44:00,38.6
2025-06-12 20:55:00,54.7
2025-06-12 03:40:00,63.1
2025-06-12 23:25:00,55.7
2025-06-12 04:36:00,37.4
2025-06-12 05:37:00,2.1
2025-06-12 19:04:00,52.5
2025-06-12 04:06:00,50.1
2025-06-12 21:47:00,18.3
2025-06-12 13:31:00,71.6
2025-06-12 00:30:00,19.4
2025-06-12 23:21:00,46.6
2025-06-12 19:25:00,50.17466168922071
2025-06-12 22:47:00,24.7
2025-06-12 22:21:00,93.4
2025-06-12 13:48:00,66.2
2025-06-12 14:15:00,61.8
2025-06-12 05:10:00,37.3
2025-06-12 21:36:00,3.2
2025-06-12 14:16:00,92.5
2025-06-12 22:09:00,5.4
2025-06-12 17:57:00,71.3
2025-06-12 15:38:00,57.4
2025-06-12 10:24:00,12.3
2025-06-12 07:37:00,83.2
2025-06-12 06:36:00,19.3
2025-06-12 15:17:00,22.2
2025-06-12 22:57:00,8.6
2025-06-12 14:38:00,26.2
2025-06-12 14:28:00,52.6
2025-06-12 22:50:00,21.0
2025-06-12 21:33:00,67.9
2025-06-12 16:14:00,11.9
2025-06-12 09:14:00,67.5
2025-06-12 18:01:00,15.2
2025-06-12 12:26:00,74.9
2025-06-12 07:48:00,2.7
2025-06-12 21:01:00,6.9
2025-06-12 05:48:00,60.1
2025-06-12 07:59:00,38.3
2025-06-12 19:59:00,9.4
2025-06-12 12:57:00,47.5
2025-06-12 06:42:00,50.17466168922071
2025-06-12 08:25:00,41.8
2025-06-12 19:30:00,74.1
2025-06-12 15:04:00,42.6
2025-06-12 23:29:00,41.2
2025-06-12 02:57:00,39.7
2025-06-12 20:23:00,50.17466168922071
2025-06-12 13:08:00,84.2
2025-06-12 10:49:00,60.5
2025-06-12 15:00:00,50.17466168922071
2025-06-12 05:51:00,50.17466168922071
2025-06-12 16:07:00,50.17466168922071
2025-06-12 21:15:00,67.7
2025-06-12 18:14:00,99.8
2025-06-12 20:35:00,70.1
2025-06-12 06:20:00,84.2
2025-06-12 16:57:00,29.4
2025-06-12 17:55:00,10.1
2025-06-12 17:08:00,68.6
2025-06-12 11:13:00,50.17466168922071
2025-06-12 02:22:00,40.6
2025-06-12 06:23:00,3.6
2025-06-12 04:52:00,17.5
2025-06-12 20:49:00,22.4
2025-06-12 10:47:00,50.17466168922071
2025-06-12 16:45:00,86.8
2025-06-12 20:47:00,90.2
2025-06-12 10:56:00,77.6
2025-06-12 10:26:00,70.6
2025-06-12 08:31:00,93.1
2025-06-12 22:16:00,63.4
2025-06-12 19:22:00,81.6
2025-06-12 14:43:00,50.17466168922071
2025-06-12 09:01:00,78.5
2025-06-12 01:55:00,23.4
2025-06-12 02:34:00,73.8
2025-06-12 14:07:00,24.3
2025-06-12 15:29:00,27.6
2025-06-12 01:27:00,95.6
2025-06-12 01:35:00,45.0
2025-06-12 08:53:00,81.2
2025-06-12 13:17:00,74.3
2025-06-12 04:44:00,14.7
2025-06-12 03:23:00,63.6
2025-06-12 04:12:00,91.4
2025-06-12 19:26:00,98.7
2025-06-12 10:13:00,50.17466168922071
2025-06-12 13:05:00,70.1
2025-06-12 06:27:00,83.2
2025-06-12 04:46:00,52.8
2025-06-12 00:23:00,5.9
2025-06-12 09:52:00,23.7
2025-06-12 15:23:00,92.6
2025-06-12 07:04:00,20.4
2025-06-12 10:04:00,54.3
2025-06-12 15:59:00,91.4
2025-06-12 19:43:00,71.6
2025-06-12 22:02:00,50.17466168922071
2025-06-12 20:37:00,30.6
2025-06-12 22:23:00,4.8
2025-06-12 03:01:00,79.1
2025-06-12 00:11:00,37.0
2025-06-12 00:24:00,10.8
2025-06-12 05:54:00,36.2
2025-06-12 17:26:00,50.17466168922071
2025-06-12 19:44:00,50.17466168922071
2025-06-12 13:27:00,14.1
2025-06-12 16:06:00,42.2
2025-06-12 11:52:00,3.8
2025-06-12 10:10:00,71.9
2025-06-12 17:08:00,50.17466168922071
2025-06-12 09:56:00,50.6
2025-06-12 00:56:00,2.4
2025-06-12 03:48:00,62.8
2025-06-12 15:26:00,49.9
2025-06-12 19:18:00,22.0
2025-06-12 04:01:00,50.17466168922071
2025-06-12 21:21:00,75.1
2025-06-12 00:55:00,71.1
2025-06-12 18:05:00,35.1
2025-06-12 11:59:00,65.5
2025-06-12 17:41:00,50.17466168922071
2025-06-12 00:27:00,50.17466168922071
2025-06-12 12:29:00,25.8
2025-06-12 00:43:00,5.0
2025-06-12 17:29:00,30.9
2025-06-12 09:40:00,23.8
2025-06-12 23:34:00,74.9
2025-06-12 13:45:00,18.2
2025-06-12 08:37:00,82.4
2025-06-12 02:56:00,18.4
2025-06-12 16:18:00,76.3
2025-06-12 17:54:00,58.5
2025-06-12 13:02:00,85.0
2025-06-12 20:29:00,50.17466168922071
2025-06-12 14:29:00,86.3
2025-06-12 09:07:00,28.5
2025-06-12 04:40:00,46.7
2025-06-12 03:41:00,55.0
2025-06-12 05:37:00,38.8
2025-06-12 16:09:00,16.5
2025-06-12 21:01:00,51.0
2025-06-12 21:29:00,21.1
2025-06-12 04:10:00,25.5
2025-06-12 03:02:00,50.17466168922071
2025-06-12 10:51:00,50.17466168922071
2025-06-12 18:36:00,46.7
2025-06-12 18:57:00,50.17466168922071
2025-06-12 21:03:00,36.9
2025-06-12 15:43:00,30.5
2025-06-12 19:11:00,50.17466168922071
2025-06-12 12:14:00,9.0
2025-06-12 07:37:00,50.17466168922071
2025-06-12 02:46:00,23.9
2025-06-12 19:33:00,52.1
2025-06-12 15:17:00,47.3
2025-06-12 20:14:00,75.3
2025-06-12 22:41:00,93.7
2025-06-12 16:20:00,28.2
2025-06-12 07:05:00,50.17466168922071
2025-06-12 12:22:00,41.7
2025-06-12 18:20:00,84.5
2025-06-12 15:56:00,84.7
2025-06-12 09:37:00,4.8
2025-06-12 10:39:00,73.2
2025-06-12 18:27:00,18.1
2025-06-12 09:17:00,68.6
2025-06-12 00:40:00,4.8
2025-06-12 12:25:00,50.17466168922071
2025-06-12 04:25:00,83.7
2025-06-12 22:51:00,3.1
2025-06-12 02:17:00,40.2
2025-06-12 09:43:00,54.9
2025-06-12 02:15:00,43.3
2025-06-12 20:53:00,50.17466168922071
2025-06-12 00:24:00,15.3
2025-06-12 13:11:00,23.8
2025-06-12 02:34:00,77.4
2025-06-12 23:18:00,44.3
2025-06-12 11:19:00,50.17466168922071
2025-06-12 11:30:00,50.17466168922071
2025-06-12 15:25:00,77.7
2025-06-12 19:59:00,50.17466168922071
2025-06-12 00:24:00,18.4
2025-06-12 18:18:00,27.8
2025-06-12 10:33:00,34.2
2025-06-12 12:07:00,81.9
2025-06-12 23:12:00,54.5
2025-06-12 18:49:00,97.1
2025-06-12 21:33:00,12.3
2025-06-12 06:49:00,56.6
2025-06-12 09:00:00,78.3
2025-06-12 16:26:00,31.5
2025-06-12 09:46:00,51.4
2025-06-12 08:01:00,58.0
2025-06-12 01:52:00,92.3
2025-06-12 09:30:00,16.0
2025-06-12 11:43:00,14.3
2025-06-12 13:49:00,34.6
2025-06-12 18:39:00,1.9
2025-06-12 01:00:00,11.8
2025-06-12 02:04:00,97.1
2025-06-12 16:35:00,15.4
2025-06-12 14:51:00,52.6
2025-06-12 06:29:00,50.17466168922071
2025-06-12 14:16:00,79.6
2025-06-12 05:53:00,34.9
2025-06-12 02:25:00,54.9
2025-06-12 15:59:00,55.2
2025-06-12 16:11:00,78.7
2025-06-12 22:13:00,50.17466168922071
2025-06-12 18:48:00,50.17466168922071
2025-06-12 11:23:00,90.9
2025-06-12 10:16:00,21.7
2025-06-12 09:07:00,20.7
2025-06-12 10:34:00,78.1
2025-06-12 10:03:00,39.8
2025-06-12 12:04:00,9.1
2025-06-12 04:51:00,21.9
2025-06-12 01:12:00,96.7
2025-06-12 10:32:00,64.4
2025-06-12 03:11:00,60.4
2025-06-12 02:01:00,52.9
2025-06-12 16:54:00,92.5
2025-06-12 04:42:00,50.17466168922071
2025-06-12 03:15:00,41.1
2025-06-12 18:57:00,1.0
2025-06-12 03:44:00,80.7
2025-06-12 13:00:00,50.17466168922071
2025-06-12 12:00:00,33.4
2025-06-12 13:15:00,93.3
2025-06-12 15:48:00,87.3
2025-06-12 16:28:00,33.2
2025-06-12 21:17:00,49.28634215500945
2025-06-12 08:03:00,16.3
2025-06-12 23:13:00,99.4
2025-06-12 01:23:00,18.8
2025-06-12 10:18:00,63.2
2025-06-12 18:02:00,49.28634215500945
2025-06-12 15:56:00,97.5
2025-06-12 00:24:00,6.2
2025-06-12 04:18:00,62.6
2025-06-12 03:31:00,20.4
2025-06-12 18:30:00,58.0
2025-06-12 00:36:00,39.3
2025-06-12 21:09:00,3.3
2025-06-12 22:14:00,7.4
2025-06-12 13:03:00,13.2
2025-06-12 07:54:00,59.8
2025-06-12 17:41:00,49.28634215500945
2025-06-12 10:39:00,55.0
2025-06-12 06:30:00,24.2
2025-06-12 01:50:00,67.2
2025-06-12 07:55:00,49.28634215500945
2025-06-12 13:16:00,93.3
2025-06-12 18:25:00,49.28634215500945
2025-06-12 03:51:00,26.0
2025-06-12 12:18:00,54.2
2025-06-12 03:08:00,40.2
2025-06-12 21:34:00,63.8
2025-06-12 22:35:00,95.2
2025-06-12 08:15:00,70.7
2025-06-12 08:11:00,93.9
2025-06-12 14:42:00,45.8
2025-06-12 10:20:00,8.8
2025-06-12 12:20:00,10.5
2025-06-12 20:00:00,87.4
2025-06-12 08:24:00,49.28634215500945
2025-06-12 00:53:00,26.7
2025-06-12 13:46:00,49.28634215500945
2025-06-12 19:10:00,31.0
2025-06-12 10:42:00,49.28634215500945
2025-06-12 07:32:00,23.6
2025-06-12 19:45:00,34.0
2025-06-12 16:43:00,97.7
2025-06-12 03:36:00,16.8
2025-06-12 02:56:00,14.5
2025-06-12 08:15:00,49.28634215500945
2025-06-12 06:30:00,49.28634215500945
2025-06-12 03:45:00,49.28634215500945
2025-06-12 01:45:00,33.5
2025-06-12 06:58:00,62.3
2025-06-12 22:25:00,61.9
2025-06-12 03:08:00,49.28634215500945
2025-06-12 14:00:00,25.3
2025-06-12 00:02:00,72.1
2025-06-12 19:35:00,11.4
2025-06-12 16:49:00,13.1
2025-06-12 04:01:00,49.28634215500945
2025-06-12 14:58:00,22.3
2025-06-12 21:32:00,49.28634215500945
2025-06-12 20:50:00,34.0
2025-06-12 02:29:00,2.5
2025-06-12 22:08:00,30.4
2025-06-12 19:31:00,45.2
2025-06-12 10:50:00,49.28634215500945
2025-06-12 02:10:00,56.0
2025-06-12 01:24:00,71.1
2025-06-12 11:05:00,19.8
2025-06-12 12:36:00,47.2
2025-06-12 09:45:00,39.4
2025-06-12 15:30:00,49.28634215500945
2025-06-12 12:14:00,4.7
2025-06-12 13:52:00,32.8
2025-06-12 09:27:00,49.28634215500945
2025-06-12 02:40:00,39.5
2025-06-12 17:56:00,52.7
2025-06-12 19:31:00,41.2
2025-06-12 00:02:00,49.28634215500945
2025-06-12 12:33:00,49.28634215500945
2025-06-12 18:48:00,49.9
2025-06-12 06:16:00,29.9
2025-06-12 23:17:00,72.2
2025-06-12 06:39:00,47.5
2025-06-12 06:40:00,45.6
2025-06-12 22:59:00,87.0
2025-06-12 00:20:00,89.7
2025-06-12 10:41:00,47.7
2025-06-12 10:14:00,86.3
2025-06-12 16:07:00,49.28634215500945
2025-06-12 23:58:00,72.0
2025-06-12 18:51:00,68.5
2025-06-12 19:49:00,77.9
2025-06-12 08:18:00,95.1
2025-06-12 23:10:00,94.7
2025-06-12 19:38:00,48.8
2025-06-12 14:49:00,61.1
2025-06-12 15:03:00,24.0
2025-06-12 20:56:00,53.1
2025-06-12 09:37:00,49.28634215500945
2025-06-12 16:40:00,2.8
2025-06-12 09:15:00,58.4
2025-06-12 10:47:00,92.2
2025-06-12 08:11:00,10.9
2025-06-12 11:26:00,67.2
2025-06-12 19:43:00,98.4
2025-06-12 17:17:00,42.6
2025-06-12 12:20:00,72.0
2025-06-12 08:00:00,77.9
2025-06-12 22:46:00,78.9
2025-06-12 23:59:00,16.0
2025-06-12 15:03:00,1.0
2025-06-12 01:39:00,49.28634215500945
2025-06-12 17:29:00,27.2
2025-06-12 04:27:00,13.7
2025-06-12 05:24:00,66.7
2025-06-12 02:40:00,42.4
2025-06-12 04:02:00,49.28634215500945
2025-06-12 19:00:00,52.9
2025-06-12 15:06:00,49.28634215500945
2025-06-12 05:58:00,49.28634215500945
2025-06-12 09:45:00,17.5
2025-06-12 10:45:00,49.28634215500945
2025-06-12 11:19:00,49.28634215500945
2025-06-12 19:17:00,24.3
2025-06-12 12:04:00,88.5
2025-06-12 08:39:00,50.6
2025-06-12 00:48:00,1.6
2025-06-12 03:38:00,80.4
2025-06-12 23:48:00,42.7
2025-06-12 16:18:00,40.3
2025-06-12 01:23:00,95.4
2025-06-12 07:14:00,30.2
2025-06-12 13:31:00,49.28634215500945
2025-06-12 18:59:00,52.1
2025-06-12 04:19:00,97.6
2025-06-12 00:55:00,92.0
2025-06-12 09:02:00,49.28634215500945
2025-06-12 23:03:00,38.6
2025-06-12 17:37:00,89.9
2025-06-12 13:17:00,41.9
2025-06-12 15:04:00,51.9
2025-06-12 15:45:00,41.7
2025-06-12 07:36:00,15.9
2025-06-12 18:44:00,6.4
2025-06-12 16:00:00,9.4
2025-06-12 17:20:00,33.8
2025-06-12 16:28:00,82.9
2025-06-12 09:50:00,35.0
2025-06-12 22:55:00,84.8
2025-06-12 15:02:00,49.28634215500945
2025-06-12 18:36:00,43.4
2025-06-12 18:53:00,12.1
2025-06-12 21:42:00,79.1
2025-06-12 19:11:00,9.9
2025-06-12 13:34:00,67.5
2025-06-12 05:25:00,60.0
2025-06-12 02:23:00,20.0
2025-06-12 13:04:00,72.2
2025-06-12 18:36:00,63.4
2025-06-12 07:53:00,49.28634215500945
2025-06-12 03:56:00,9.5
2025-06-12 03:47:00,24.3
2025-06-12 20:10:00,99.4
2025-06-12 08:53:00,50.1
2025-06-12 22:31:00,62.9
2025-06-12 18:17:00,96.2
2025-06-12 13:47:00,86.4
2025-06-12 02:43:00,49.28634215500945
2025-06-12 17:36:00,49.28634215500945
2025-06-12 12:07:00,35.1
2025-06-12 10:30:00,39.3
2025-06-12 22:12:00,16.8
2025-06-12 17:27:00,64.1
2025-06-12 23:14:00,81.2
2025-06-12 15:14:00,9.5
2025-06-12 23:11:00,49.28634215500945
2025-06-12 05:16:00,49.28634215500945
2025-06-12 03:58:00,49.28634215500945
2025-06-12 07:19:00,23.4
2025-06-12 21:19:00,38.9
2025-06-12 02:57:00,82.6
2025-06-12 14:01:00,20.0
2025-06-12 01:00:00,66.0
2025-06-12 17:47:00,49.28634215500945
2025-06-12 00:11:00,94.6
2025-06-12 21:16:00,12.6
2025-06-12 13:41:00,65.4
2025-06-12 22:18:00,57.6
2025-06-12 14:10:00,99.6
2025-06-12 07:27:00,31.1
2025-06-12 01:29:00,49.28634215500945
2025-06-12 02:31:00,49.28634215500945
2025-06-12 19:25:00,49.28634215500945
2025-06-12 15:32:00,49.28634215500945
2025-06-12 02:11:00,27.5
2025-06-12 07:19:00,5.2
2025-06-12 11:12:00,43.0
2025-06-12 06:11:00,34.4
2025-06-12 18:20:00,69.5
2025-06-12 04:31:00,60.6
2025-06-12 04:01:00,8.5
2025-06-12 06:43:00,49.28634215500945
2025-06-12 19:35:00,96.4
2025-06-12 10:56:00,92.6
2025-06-12 11:58:00,59.1
2025-06-12 23:10:00,99.1
2025-06-12 23:29:00,15.3
2025-06-12 23:49:00,39.7
2025-06-12 15:39:00,16.8
2025-06-12 02:46:00,88.7
2025-06-12 17:18:00,49.28634215500945
2025-06-12 17:34:00,70.9
2025-06-12 19:32:00,6.6
2025-06-12 14:02:00,0.3
2025-06-12 09:15:00,31.3
2025-06-12 17:55:00,49.28634215500945
2025-06-12 05:40:00,7.8
2025-06-12 00:05:00,44.6
2025-06-12 08:51:00,31.2
2025-06-12 22:10:00,86.0
2025-06-12 21:27:00,18.4
2025-06-12 00:58:00,18.1
2025-06-12 13:56:00,53.9
2025-06-12 01:48:00,88.4
2025-06-12 06:32:00,74.8
2025-06-12 06:42:00,43.7
2025-06-12 01:19:00,72.4
2025-06-12 14:37:00,49.28634215500945
2025-06-12 05:44:00,34.2
2025-06-12 17:29:00,78.9
2025-06-12 22:25:00,43.5
2025-06-12 03:15:00,28.7
2025-06-12 02:20:00,49.28634215500945
2025-06-12 09:11:00,25.1
2025-06-12 20:17:00,72.4
2025-06-12 01:15:00,29.8
2025-06-12 14:28:00,49.28634215500945
2025-06-12 15:09:00,9.5
2025-06-12 04:06:00,65.6
2025-06-12 10:33:00,75.8
2025-06-12 15:42:00,68.3
2025-06-12 12:50:00,6.9
2025-06-12 06:01:00,49.28634215500945
2025-06-12 22:37:00,78.7
2025-06-12 05:39:00,37.2
2025-06-12 01:37:00,93.3
2025-06-12 03:04:00,44.8
2025-06-12 14:11:00,49.28634215500945
2025-06-12 01:31:00,71.5
2025-06-12 02:02:00,58.1
2025-06-12 20:04:00,49.28634215500945
2025-06-12 18:59:00,83.1
2025-06-12 03:39:00,44.6
2025-06-12 00:14:00,48.5
2025-06-12 14:46:00,75.8
2025-06-12 21:46:00,44.3
2025-06-12 09:34:00,42.1
2025-06-12 08:39:00,18.5
2025-06-12 05:37:00,49.28634215500945
2025-06-12 13:09:00,30.2
2025-06-12 04:53:00,97.0
2025-06-12 09:14:00,24.1
2025-06-12 11:13:00,95.6
2025-06-12 04:38:00,60.1
2025-06-12 06:21:00,4.4
2025-06-12 16:48:00,2.4
2025-06-12 09:33:00,72.5
2025-06-12 04:39:00,26.4
2025-06-12 20:06:00,49.28634215500945
2025-06-12 15:42:00,82.2
2025-06-12 03:54:00,49.28634215500945
2025-06-12 15:08:00,4.2
2025-06-12 20:57:00,3.8
2025-06-12 17:16:00,36.9
2025-06-12 05:33:00,78.0
2025-06-12 00:18:00,21.4
2025-06-12 16:22:00,75.0
2025-06-12 16:17:00,37.1
2025-06-12 03:42:00,58.6
2025-06-12 21:09:00,71.3
2025-06-12 07:31:00,80.8
2025-06-12 17:05:00,49.28634215500945
2025-06-12 16:53:00,6.9
2025-06-12 06:13:00,92.3
2025-06-12 22:59:00,13.4
2025-06-12 09:11:00,53.1
2025-06-12 03:59:00,49.28634215500945
2025-06-12 21:30:00,56.0
2025-06-12 11:41:00,40.8
2025-06-12 15:16:00,15.2
2025-06-12 12:00:00,50.6
2025-06-12 23:14:00,43.0
2025-06-12 08:25:00,39.4
2025-06-12 22:50:00,91.8
2025-06-12 06:52:00,20.6
2025-06-12 12:39:00,64.3
2025-06-12 21:07:00,34.4
2025-06-12 06:44:00,42.3
2025-06-12 08:35:00,17.0
2025-06-12 06:49:00,81.5
2025-06-12 23:57:00,46.8
2025-06-12 19:46:00,49.28634215500945
2025-06-12 04:04:00,49.28634215500945
2025-06-12 13:37:00,49.28634215500945
2025-06-12 20:26:00,18.4
2025-06-12 05:07:00,51.3
2025-06-12 11:49:00,25.4
2025-06-12 19:42:00,79.3
2025-06-12 16:46:00,47.9
2025-06-12 23:04:00,13.7
2025-06-12 11:10:00,49.28634215500945
2025-06-12 17:44:00,33.7
2025-06-12 17:53:00,90.6
2025-06-12 06:57:00,49.28634215500945
2025-06-12 12:54:00,51.5
2025-06-12 14:54:00,28.4
2025-06-12 11:35:00,93.8
2025-06-12 13:31:00,65.4
2025-06-12 20:17:00,49.28634215500945
2025-06-12 00:21:00,70.2
2025-06-12 14:39:00,49.28634215500945
2025-06-12 14:58:00,26.7
2025-06-12 02:09:00,19.0
2025-06-12 23:35:00,29.8
2025-06-12 17:18:00,49.28634215500945
2025-06-12 00:40:00,51.7
2025-06-12 08:30:00,49.28634215500945
2025-06-12 10:56:00,1.8
2025-06-12 18:02:00,98.1
2025-06-12 06:49:00,57.1
2025-06-12 04:44:00,49.28634215500945
2025-06-12 22:57:00,99.3
2025-06-12 02:53:00,73.4
2025-06-12 23:25:00,20.5
2025-06-12 13:43:00,49.28634215500945
2025-06-12 01:17:00,61.3
2025-06-12 15:55:00,5.7
2025-06-12 17:44:00,45.7
2025-06-12 08:46:00,49.28634215500945
2025-06-12 08:52:00,38.5
2025-06-12 15:15:00,97.5
2025-06-12 09:11:00,35.4
2025-06-12 19:01:00,85.2
2025-06-12 15:37:00,72.4
2025-06-12 11:08:00,49.28634215500945
2025-06-12 21:04:00,59.8
2025-06-12 20:33:00,13.5
2025-06-12 06:40:00,45.4
2025-06-12 19:11:00,41.2
2025-06-12 07:23:00,37.4
2025-06-12 00:30:00,32.7
2025-06-12 10:06:00,51.8
2025-06-12 16:10:00,28.0
2025-06-12 10:22:00,42.3
2025-06-12 08:21:00,41.8
2025-06-12 07:56:00,50.0812925170068
2025-06-12 17:21:00,1.6
2025-06-12 16:36:00,26.8
2025-06-12 21:16:00,81.7
2025-06-12 10:39:00,27.3
2025-06-12 19:55:00,91.7
2025-06-12 00:02:00,69.0
2025-06-12 21:14:00,71.0
2025-06-12 04:16:00,64.0
2025-06-12 12:31:00,99.5
2025-06-12 06:51:00,16.5
2025-06-12 02:57:00,58.1
2025-06-12 08:22:00,12.1
2025-06-12 03:21:00,52.3
2025-06-12 16:47:00,5.0
2025-06-12 02:37:00,64.5
2025-06-12 15:50:00,94.5
2025-06-12 11:55:00,70.1
2025-06-12 03:30:00,96.1
2025-06-12 09:16:00,34.0
2025-06-12 23:47:00,50.0812925170068
2025-06-12 13:42:00,94.7
2025-06-12 04:21:00,26.8
2025-06-12 03:43:00,3.6
2025-06-12 09:04:00,77.5
2025-06-12 20:47:00,55.8
2025-06-12 01:33:00,67.9
2025-06-12 01:51:00,94.2
2025-06-12 06:43:00,4.1
2025-06-12 08:53:00,68.1
2025-06-12 08:16:00,7.6
2025-06-12 20:43:00,3.4
2025-06-12 15:25:00,98.0
2025-06-12 05:30:00,50.0812925170068
2025-06-12 22:57:00,77.6
2025-06-12 17:14:00,21.7
2025-06-12 17:09:00,49.3
2025-06-12 21:29:00,60.4
2025-06-12 19:01:00,39.9
2025-06-12 22:04:00,8.9
2025-06-12 21:59:00,77.8
2025-06-12 17:02:00,50.0812925170068
2025-06-12 19:14:00,75.3
2025-06-12 17:55:00,50.0812925170068
2025-06-12 13:25:00,3.3
2025-06-12 08:29:00,28.0
2025-06-12 09:17:00,81.7
2025-06-12 13:02:00,69.9
2025-06-12 00:57:00,61.8
2025-06-12 13:45:00,84.0
2025-06-12 00:12:00,93.3
2025-06-12 22:08:00,99.2
2025-06-12 05:21:00,72.0
2025-06-12 02:25:00,52.1
2025-06-12 17:04:00,11.1
2025-06-12 01:34:00,46.8
2025-06-12 12:03:00,67.4
2025-06-12 02:50:00,50.0812925170068
2025-06-12 10:27:00,77.4
2025-06-12 18:42:00,77.0
2025-06-12 06:18:00,66.3
2025-06-12 23:25:00,38.7
2025-06-12 20:43:00,36.6
2025-06-12 16:56:00,4.9
2025-06-12 22:49:00,5.6
2025-06-12 02:45:00,50.0812925170068
2025-06-12 00:26:00,50.0812925170068
2025-06-12 10:22:00,39.2
2025-06-12 06:18:00,41.9
2025-06-12 09:43:00,5.5
2025-06-12 20:31:00,37.4
2025-06-12 19:55:00,96.9
2025-06-12 20:21:00,12.7
2025-06-12 02:28:00,72.2
2025-06-12 16:33:00,89.4
2025-06-12 03:10:00,67.3
2025-06-12 22:59:00,5.4
2025-06-12 23:07:00,71.5
2025-06-12 19:04:00,77.6
2025-06-12 20:59:00,35.2
2025-06-12 23:25:00,25.3
2025-06-12 01:50:00,50.0812925170068
2025-06-12 03:10:00,75.7
2025-06-12 20:04:00,13.8
2025-06-12 12:20:00,23.4
2025-06-12 03:23:00,38.3
2025-06-12 04:26:00,64.1
2025-06-12 19:36:00,58.1
2025-06-12 17:54:00,35.7
2025-06-12 04:13:00,69.5
2025-06-12 10:47:00,50.0812925170068
2025-06-12 22:01:00,96.3
2025-06-12 03:43:00,50.0812925170068
2025-06-12 06:56:00,62.1
2025-06-12 22:20:00,28.6
2025-06-12 17:27:00,0.5
2025-06-12 04:05:00,56.7
2025-06-12 11:47:00,84.2
2025-06-12 11:50:00,50.0812925170068
2025-06-12 04:06:00,61.6
2025-06-12 11:51:00,57.3
2025-06-12 07:59:00,72.1
2025-06-12 04:19:00,33.6
2025-06-12 12:59:00,39.5
2025-06-12 22:23:00,88.2
2025-06-12 17:10:00,46.8
2025-06-12 07:29:00,6.2
2025-06-12 08:08:00,93.0
2025-06-12 18:16:00,69.0
2025-06-12 02:10:00,71.5
2025-06-12 22:53:00,50.0812925170068
2025-06-12 08:16:00,89.1
2025-06-12 05:53:00,82.3
2025-06-12 21:12:00,33.8
2025-06-12 11:53:00,91.5
2025-06-12 19:40:00,97.6
2025-06-12 08:20:00,40.0
2025-06-12 21:56:00,59.8
2025-06-12 12:01:00,92.0
2025-06-12 21:07:00,35.5
2025-06-12 23:27:00,44.9
2025-06-12 11:58:00,16.3
2025-06-12 08:28:00,81.7
2025-06-12 20:20:00,80.5
2025-06-12 22:52:00,93.2
2025-06-12 19:32:00,20.7
2025-06-12 03:04:00,32.4
2025-06-12 15:02:00,91.5
2025-06-12 09:14:00,26.6
2025-06-12 05:39:00,45.9
2025-06-12 04:09:00,69.4
2025-06-12 14:22:00,76.9
2025-06-12 08:40:00,61.9
2025-06-12 18:03:00,5.7
2025-06-12 15:50:00,50.0812925170068
2025-06-12 21:23:00,58.6
2025-06-12 10:36:00,26.6
2025-06-12 09:58:00,12.4
2025-06-12 16:01:00,81.3
2025-06-12 15:21:00,20.8
2025-06-12 22:13:00,22.7
2025-06-12 11:06:00,60.7
2025-06-12 23:33:00,50.0812925170068
2025-06-12 09:29:00,7.6
2025-06-12 01:20:00,12.4
2025-06-12 04:17:00,53.2
2025-06-12 20:31:00,2.1
2025-06-12 14:17:00,8.0
2025-06-12 07:09:00,30.8
2025-06-12 13:35:00,36.8
2025-06-12 13:22:00,81.7
2025-06-12 15:55:00,28.8
2025-06-12 10:23:00,8.2
2025-06-12 21:03:00,76.8
2025-06-12 22:37:00,28.9
2025-06-12 01:00:00,8.8
2025-06-12 07:35:00,23.5
2025-06-12 01:52:00,82.8
2025-06-12 03:32:00,81.9
2025-06-12 05:45:00,32.7
2025-06-12 23:58:00,22.1
2025-06-12 11:45:00,6.2
2025-06-12 21:20:00,82.0
2025-06-12 16:10:00,55.8
2025-06-12 19:09:00,75.2
2025-06-12 20:19:00,44.2
2025-06-12 12:31:00,44.7
2025-06-12 02:13:00,55.9
2025-06-12 04:58:00,64.8
2025-06-12 13:58:00,60.6
2025-06-12 14:31:00,53.5
2025-06-12 16:26:00,46.6
2025-06-12 04:21:00,85.0
2025-06-12 10:00:00,41.2
2025-06-12 03:02:00,65.5
2025-06-12 13:02:00,96.1
2025-06-12 01:46:00,50.0812925170068
2025-06-12 12:50:00,62.2
2025-06-12 05:13:00,17.9
2025-06-12 06:59:00,53.8
2025-06-12 08:39:00,11.5
2025-06-12 14:04:00,66.1
2025-06-12 21:28:00,50.0812925170068
2025-06-12 17:09:00,33.0
2025-06-12 09:12:00,57.7
2025-06-12 16:46:00,28.5
2025-06-12 20:18:00,30.8
2025-06-12 18:42:00,58.6
2025-06-12 09:51:00,36.4
2025-06-12 03:25:00,82.3
2025-06-12 01:00:00,42.9
2025-06-12 07:47:00,77.4
2025-06-12 11:34:00,67.7
2025-06-12 23:35:00,43.2
2025-06-12 03:29:00,2.3
2025-06-12 14:55:00,15.2
2025-06-12 11:58:00,62.3
2025-06-12 07:01:00,97.1
2025-06-12 03:55:00,45.7
2025-06-12 00:52:00,50.0812925170068
2025-06-12 08:14:00,91.0
2025-06-12 15:59:00,50.0812925170068
2025-06-12 10:45:00,26.7
2025-06-12 04:41:00,30.8
2025-06-12 19:11:00,8.9
2025-06-12 15:42:00,4.4
2025-06-12 16:11:00,4.3
2025-06-12 05:04:00,71.0
2025-06-12 00:44:00,50.0812925170068
2025-06-12 01:09:00,50.0812925170068
2025-06-12 14:00:00,14.9
2025-06-12 08:44:00,0.4
2025-06-12 07:47:00,92.2
2025-06-12 03:25:00,50.0812925170068
2025-06-12 19:31:00,6.2
2025-06-12 23:37:00,53.4
2025-06-12 08:19:00,50.0812925170068
2025-06-12 14:29:00,5.7
2025-06-12 01:28:00,73.6
2025-06-12 12:16:00,24.7
2025-06-12 13:53:00,16.5
2025-06-12 15:36:00,63.7
2025-06-12 17:12:00,47.1
2025-06-12 03:43:00,17.5
2025-06-12 00:59:00,81.8
2025-06-12 16:06:00,62.7
2025-06-12 12:56:00,29.9
2025-06-12 09:43:00,38.1
2025-06-12 21:30:00,51.0
2025-06-12 19:18:00,50.0812925170068
2025-06-12 02:11:00,31.5
2025-06-12 07:27:00,43.8
2025-06-12 03:30:00,70.1
2025-06-12 14:13:00,19.2
2025-06-12 20:09:00,91.5
2025-06-12 14:13:00,53.6
2025-06-12 23:35:00,50.0812925170068
2025-06-12 19:48:00,17.6
2025-06-12 22:12:00,67.4
2025-06-12 19:36:00,47.5
2025-06-12 08:01:00,33.6
2025-06-12 05:08:00,20.8
2025-06-12 00:09:00,34.2
2025-06-12 03:44:00,32.0
2025-06-12 08:11:00,51.8
2025-06-12 13:55:00,14.7
2025-06-12 03:24:00,28.1
2025-06-12 04:01:00,3.6
2025-06-12 15:28:00,39.3
2025-06-12 01:48:00,93.8
2025-06-12 00:57:00,50.0812925170068
2025-06-12 08:54:00,64.8
2025-06-12 20:42:00,50.0812925170068
2025-06-12 08:06:00,2.5
2025-06-12 13:24:00,41.3
2025-06-12 23:05:00,50.0812925170068
2025-06-12 22:02:00,49.0
2025-06-12 21:20:00,2.1
2025-06-12 22:46:00,3.6
2025-06-12 06:26:00,1.1
2025-06-12 11:51:00,26.2
2025-06-12 18:18:00,50.6
2025-06-12 10:29:00,34.0
2025-06-12 23:11:00,68.2
2025-06-12 18:18:00,49.9
2025-06-12 22:53:00,50.0812925170068
2025-06-12 04:01:00,80.9
2025-06-12 14:09:00,73.4
2025-06-12 12:34:00,49.7
2025-06-12 02:13:00,10.8
2025-06-12 08:29:00,87.0
2025-06-12 20:31:00,50.2
2025-06-12 23:04:00,85.7
2025-06-12 08:09:00,44.5
2025-06-12 04:11:00,50.0812925170068
2025-06-12 16:07:00,91.7
2025-06-12 12:09:00,50.0812925170068
2025-06-12 18:31:00,9.2
2025-06-12 01:00:00,50.0812925170068
2025-06-12 03:01:00,50.0812925170068
2025-06-12 02:05:00,77.6
2025-06-12 07:25:00,50.0812925170068
2025-06-12 02:14:00,61.8
2025-06-12 10:48:00,21.9
2025-06-12 03:26:00,0.7
2025-06-12 22:02:00,55.0
2025-06-12 16:54:00,50.0812925170068
2025-06-12 18:51:00,50.0812925170068
2025-06-12 11:13:00,87.2
2025-06-12 14:56:00,24.1
2025-06-12 02:37:00,71.4
2025-06-12 04:33:00,17.8
2025-06-12 02:34:00,23.6
2025-06-12 09:55:00,20.5
2025-06-12 09:21:00,6.2
2025-06-12 11:31:00,69.6
2025-06-12 17:08:00,54.4
2025-06-12 07:14:00,50.0812925170068
2025-06-12 03:22:00,60.8
2025-06-12 15:29:00,50.0812925170068
2025-06-12 12:52:00,98.4
2025-06-12 15:46:00,70.1
2025-06-12 05:15:00,82.2
2025-06-12 04:44:00,50.0812925170068
2025-06-12 05:24:00,67.1
2025-06-12 04:00:00,86.2
2025-06-12 06:40:00,84.8
2025-06-12 10:43:00,97.1
2025-06-12 14:32:00,50.0812925170068
2025-06-12 04:25:00,88.3
2025-06-12 08:18:00,48.8
2025-06-12 10:00:00,34.1
2025-06-12 11:22:00,75.8
2025-06-12 23:47:00,71.0
2025-06-12 03:34:00,36.9
2025-06-12 03:55:00,37.7
2025-06-12 05:16:00,45.3
2025-06-12 11:26:00,41.4
2025-06-12 15:40:00,36.6
2025-06-12 22:06:00,1.3
2025-06-12 23:27:00,50.0812925170068
2025-06-12 09:47:00,51.1
2025-06-12 22:12:00,94.4
2025-06-12 16:48:00,49.0
2025-06-12 23:01:00,74.8
2025-06-12 23:31:00,50.0812925170068
2025-06-12 00:53:00,75.8
2025-06-12 13:22:00,45.6
2025-06-12 18:39:00,50.0812925170068
2025-06-12 04:44:00,77.2
2025-06-12 11:38:00,82.3
2025-06-12 15:35:00,39.6
2025-06-12 10:03:00,50.0812925170068
2025-06-12 13:47:00,65.8
2025-06-12 13:58:00,46.9
2025-06-12 22:44:00,96.1
2025-06-12 10:13:00,8.3
2025-06-12 22:22:00,84.3
2025-06-12 01:36:00,33.4
2025-06-12 04:06:00,23.9
2025-06-12 10:13:00,27.7
2025-06-12 22:22:00,5.5
2025-06-12 17:59:00,98.7
2025-06-12 00:00:00,80.2
2025-06-12 20:20:00,49.63695830886671
2025-06-12 03:34:00,59.3
2025-06-12 00:42:00,85.0
2025-06-12 23:39:00,66.8
2025-06-12 12:06:00,99.2
2025-06-12 08:38:00,71.8
2025-06-12 03:32:00,71.7
2025-06-12 18:06:00,68.9
2025-06-12 18:19:00,79.7
2025-06-12 02:12:00,49.63695830886671
2025-06-12 08:47:00,58.8
2025-06-12 18:11:00,12.1
2025-06-12 23:32:00,16.6
2025-06-12 16:29:00,57.0
2025-06-12 21:03:00,6.0
2025-06-12 10:28:00,49.63695830886671
2025-06-12 07:00:00,61.4
2025-06-12 19:16:00,38.4
2025-06-12 19:36:00,87.8
2025-06-12 14:37:00,92.1
2025-06-12 11:17:00,28.7
2025-06-12 20:01:00,49.63695830886671
2025-06-12 09:16:00,36.2
2025-06-12 19:54:00,17.0
2025-06-12 11:49:00,18.3
2025-06-12 12:52:00,1.5
2025-06-12 10:39:00,49.63695830886671
2025-06-12 05:59:00,40.3
2025-06-12 22:59:00,75.3
2025-06-12 09:17:00,75.7
2025-06-12 01:51:00,20.8
2025-06-12 19:38:00,94.2
2025-06-12 11:33:00,26.7
2025-06-12 23:55:00,30.8
2025-06-12 15:52:00,48.9
2025-06-12 05:56:00,23.0
2025-06-12 16:22:00,13.3
2025-06-12 01:47:00,58.6
2025-06-12 12:54:00,32.4
2025-06-12 14:12:00,55.5
2025-06-12 06:31:00,38.8
2025-06-12 13:32:00,69.6
2025-06-12 16:21:00,68.3
2025-06-12 08:10:00,83.2
2025-06-12 21:05:00,82.2
2025-06-12 11:36:00,39.5
2025-06-12 10:04:00,60.1
2025-06-12 01:26:00,32.7
2025-06-12 22:49:00,57.3
2025-06-12 14:40:00,86.2
2025-06-12 05:32:00,37.4
2025-06-12 13:49:00,40.2
2025-06-12 16:28:00,39.0
2025-06-12 05:37:00,46.1
2025-06-12 03:14:00,76.4
2025-06-12 13:22:00,44.9
2025-06-12 03:35:00,30.6
2025-06-12 01:19:00,30.5
2025-06-12 22:35:00,38.8
2025-06-12 12:54:00,32.8
2025-06-12 23:29:00,57.6
2025-06-12 13:50:00,18.6
2025-06-12 08:42:00,82.5
2025-06-12 07:50:00,72.7
2025-06-12 09:51:00,32.6
2025-06-12 02:05:00,84.4
2025-06-12 18:38:00,30.4
2025-06-12 00:11:00,72.1
2025-06-12 22:09:00,81.4
2025-06-12 11:46:00,68.5
2025-06-12 07:29:00,72.0
2025-06-12 05:38:00,19.7
2025-06-12 10:23:00,35.9
2025-06-12 11:20:00,36.1
2025-06-12 17:46:00,73.8
2025-06-12 17:38:00,50.3
2025-06-12 06:34:00,69.7
2025-06-12 08:22:00,86.0
2025-06-12 12:24:00,55.2
2025-06-12 07:39:00,0.9
2025-06-12 01:52:00,57.0
2025-06-12 00:14:00,1.5
2025-06-12 04:46:00,49.63695830886671
2025-06-12 22:11:00,49.63695830886671
2025-06-12 04:45:00,83.6
2025-06-12 19:46:00,49.63695830886671
2025-06-12 21:32:00,15.6
2025-06-12 05:24:00,47.4
2025-06-12 02:25:00,25.9
2025-06-12 10:14:00,33.7
2025-06-12 21:35:00,13.7
2025-06-12 07:43:00,67.5
2025-06-12 17:06:00,68.0
2025-06-12 10:07:00,80.2
2025-06-12 03:28:00,49.63695830886671
2025-06-12 08:49:00,21.3
2025-06-12 16:29:00,72.2
2025-06-12 08:02:00,54.2
2025-06-12 07:42:00,15.5
2025-06-12 20:53:00,48.1
2025-06-12 13:17:00,13.4
2025-06-12 08:38:00,34.6
2025-06-12 23:54:00,94.2
2025-06-12 03:49:00,66.8
2025-06-12 19:34:00,33.8
2025-06-12 01:40:00,8.0
2025-06-12 07:36:00,98.6
2025-06-12 23:14:00,49.63695830886671
2025-06-12 13:18:00,62.2
2025-06-12 20:33:00,85.0
2025-06-12 10:59:00,49.63695830886671
2025-06-12 06:06:00,89.3
2025-06-12 06:47:00,12.6
2025-06-12 05:44:00,36.2
2025-06-12 10:23:00,29.4
2025-06-12 03:44:00,49.2
2025-06-12 07:09:00,59.6
2025-06-12 06:01:00,1.4
2025-06-12 13:27:00,22.6
2025-06-12 20:28:00,50.7
2025-06-12 13:49:00,84.1
2025-06-12 01:17:00,67.7
2025-06-12 18:51:00,91.2
2025-06-12 13:47:00,49.63695830886671
2025-06-12 16:14:00,94.6
2025-06-12 17:53:00,50.1
2025-06-12 17:07:00,5.9
2025-06-12 09:14:00,28.1
2025-06-12 10:24:00,29.9
2025-06-12 08:46:00,72.3
2025-06-12 09:06:00,20.2
2025-06-12 22:12:00,82.4
2025-06-12 23:43:00,24.1
2025-06-12 09:41:00,34.0
2025-06-12 10:52:00,23.7
2025-06-12 00:05:00,10.7
2025-06-12 04:24:00,49.63695830886671
2025-06-12 00:27:00,88.5
2025-06-12 00:21:00,98.1
2025-06-12 10:45:00,2.2
2025-06-12 20:53:00,3.3
2025-06-12 02:27:00,49.63695830886671
2025-06-12 17:56:00,78.2
2025-06-12 13:48:00,86.0
2025-06-12 00:47:00,45.2
2025-06-12 06:54:00,59.7
2025-06-12 11:08:00,83.0
2025-06-12 06:35:00,73.9
2025-06-12 17:38:00,50.7
2025-06-12 20:24:00,3.6
2025-06-12 03:56:00,25.9
2025-06-12 02:00:00,86.6
2025-06-12 12:37:00,49.63695830886671
2025-06-12 08:32:00,27.9
2025-06-12 08:15:00,49.63695830886671
2025-06-12 18:50:00,7.1
2025-06-12 18:12:00,87.0
2025-06-12 08:41:00,38.1
2025-06-12 08:55:00,12.7
2025-06-12 07:52:00,1.9
2025-06-12 21:03:00,26.0
2025-06-12 05:04:00,5.5
2025-06-12 09:39:00,61.9
2025-06-12 17:09:00,79.6
2025-06-12 16:14:00,37.9
2025-06-12 01:44:00,49.63695830886671
2025-06-12 04:45:00,60.3
2025-06-12 18:12:00,39.1
2025-06-12 16:54:00,96.3
2025-06-12 01:56:00,49.63695830886671
2025-06-12 18:09:00,33.7
2025-06-12 10:19:00,73.8
2025-06-12 00:14:00,67.4
2025-06-12 05:07:00,64.8
2025-06-12 23:32:00,90.5
2025-06-12 15:55:00,56.1
2025-06-12 13:19:00,4.4
2025-06-12 07:44:00,84.0
2025-06-12 18:55:00,26.0
2025-06-12 11:49:00,85.8
2025-06-12 20:07:00,21.8
2025-06-12 02:26:00,49.63695830886671
2025-06-12 16:34:00,75.7
2025-06-12 11:00:00,91.7
2025-06-12 00:49:00,49.63695830886671
2025-06-12 18:15:00,49.63695830886671
2025-06-12 19:05:00,87.6
2025-06-12 10:26:00,49.63695830886671
2025-06-12 11:37:00,7.2
2025-06-12 19:54:00,49.63695830886671
2025-06-12 01:34:00,99.1
2025-06-12 06:18:00,92.7
2025-06-12 12:15:00,8.0
2025-06-12 05:51:00,52.4
2025-06-12 09:17:00,93.7
2025-06-12 05:47:00,21.3
2025-06-12 05:24:00,51.4
2025-06-12 06:32:00,26.3
2025-06-12 12:31:00,88.4
2025-06-12 10:07:00,45.9
2025-06-12 07:29:00,50.0
2025-06-12 11:05:00,56.6
2025-06-12 23:41:00,88.6
2025-06-12 05:04:00,51.3
2025-06-12 16:15:00,49.63695830886671
2025-06-12 08:23:00,13.4
2025-06-12 05:33:00,37.4
2025-06-12 18:13:00,93.2
2025-06-12 08:44:00,65.1
2025-06-12 07:51:00,97.9
2025-06-12 00:58:00,6.8
2025-06-12 07:16:00,28.4
2025-06-12 04:43:00,49.63695830886671
2025-06-12 20:23:00,16.4
2025-06-12 12:23:00,55.8
2025-06-12 09:00:00,48.1
2025-06-12 21:46:00,91.9
2025-06-12 11:48:00,92.6
2025-06-12 18:21:00,28.9
2025-06-12 14:36:00,96.0
2025-06-12 14:22:00,68.9
2025-06-12 13:29:00,12.5
2025-06-12 17:11:00,49.63695830886671
2025-06-12 18:30:00,4.7
2025-06-12 01:27:00,81.7
2025-06-12 17:51:00,46.1
2025-06-12 21:30:00,60.1
2025-06-12 16:19:00,44.7
2025-06-12 02:07:00,43.6
2025-06-12 23:47:00,78.5
2025-06-12 10:13:00,38.0
2025-06-12 02:47:00,80.6
2025-06-12 19:19:00,35.2
2025-06-12 21:04:00,0.2
2025-06-12 03:13:00,41.4
2025-06-12 15:14:00,53.6
2025-06-12 20:07:00,65.1
2025-06-12 11:42:00,78.7
2025-06-12 02:06:00,22.9
2025-06-12 18:51:00,97.8
2025-06-12 12:04:00,60.6
2025-06-12 08:13:00,49.1
2025-06-12 02:37:00,44.7
2025-06-12 16:24:00,39.5
2025-06-12 07:36:00,67.3
2025-06-12 21:23:00,95.3
2025-06-12 00:15:00,58.2
2025-06-12 17:57:00,33.5
2025-06-12 16:31:00,10.5
2025-06-12 06:10:00,94.9
2025-06-12 10:06:00,49.63695830886671
2025-06-12 16:27:00,43.5
2025-06-12 06:47:00,49.63695830886671
2025-06-12 15:38:00,47.3
2025-06-12 23:30:00,4.7
2025-06-12 11:39:00,49.63695830886671
2025-06-12 15:52:00,74.9
2025-06-12 04:54:00,31.0
2025-06-12 00:59:00,54.1
2025-06-12 23:15:00,65.2
2025-06-12 10:57:00,88.0
2025-06-12 23:57:00,49.63695830886671
2025-06-12 14:13:00,49.63695830886671
2025-06-12 12:56:00,60.5
2025-06-12 02:41:00,49.63695830886671
2025-06-12 05:28:00,49.63695830886671
2025-06-12 13:05:00,17.6
2025-06-12 23:07:00,58.0
2025-06-12 12:51:00,47.5
2025-06-12 21:58:00,80.1
2025-06-12 01:58:00,32.4
2025-06-12 14:13:00,62.8
2025-06-12 22:21:00,45.1
2025-06-12 02:20:00,69.2
2025-06-12 02:19:00,21.3
2025-06-12 17:56:00,30.9
2025-06-12 23:55:00,59.6
2025-06-12 07:49:00,91.4
2025-06-12 00:18:00,68.1
2025-06-12 14:07:00,72.7
2025-06-12 16:21:00,49.63695830886671
2025-06-12 20:46:00,10.9
2025-06-12 07:46:00,27.2
2025-06-12 10:33:00,49.63695830886671
2025-06-12 22:08:00,4.1
2025-06-12 18:53:00,86.1
2025-06-12 07:17:00,20.7
2025-06-12 19:28:00,10.5
2025-06-12 19:21:00,68.8
2025-06-12 19:45:00,80.9
2025-06-12 16:51:00,70.0
2025-06-12 10:44:00,49.63695830886671
2025-06-12 08:43:00,52.5
2025-06-12 23:40:00,20.4
2025-06-12 01:25:00,87.4
2025-06-12 19:08:00,49.63695830886671
2025-06-12 12:12:00,19.1
2025-06-12 17:54:00,14.5
2025-06-12 11:59:00,90.3
2025-06-12 12:53:00,49.63695830886671
2025-06-12 20:28:00,5.5
2025-06-12 13:02:00,6.4
2025-06-12 00:10:00,49.63695830886671
2025-06-12 03:26:00,23.7
2025-06-12 07:25:00,49.63695830886671
2025-06-12 10:36:00,66.0
2025-06-12 10:20:00,41.6
2025-06-12 10:20:00,51.6
2025-06-12 07:23:00,12.2
2025-06-12 18:35:00,63.5
2025-06-12 22:01:00,75.3
2025-06-12 10:09:00,9.5
2025-06-12 15:41:00,87.9
2025-06-12 09:23:00,94.4
2025-06-12 17:02:00,79.7
2025-06-12 10:01:00,49.63695830886671
2025-06-12 12:40:00,80.2
2025-06-12 11:03:00,80.6
2025-06-12 00:21:00,49.63695830886671
2025-06-12 19:20:00,75.6
2025-06-12 04:55:00,75.2
2025-06-12 02:35:00,29.6
2025-06-12 16:39:00,88.1
2025-06-12 06:10:00,75.1
2025-06-12 09:02:00,40.5
2025-06-12 18:53:00,41.2
2025-06-12 14:42:00,47.3
2025-06-12 22:24:00,81.7
2025-06-12 21:42:00,49.63695830886671
2025-06-12 03:32:00,9.6
2025-06-12 11:39:00,83.7
2025-06-12 08:00:00,56.7
2025-06-12 13:54:00,61.9
2025-06-12 07:27:00,94.4
2025-06-12 08:39:00,47.7
2025-06-12 18:42:00,99.0
2025-06-12 04:58:00,49.63695830886671
2025-06-12 11:18:00,4.9
2025-06-12 10:32:00,22.2
2025-06-12 10:18:00,83.8
2025-06-12 09:39:00,56.9
2025-06-12 18:45:00,84.2
2025-06-12 22:05:00,16.8
2025-06-12 14:13:00,83.2
2025-06-12 06:58:00,49.63695830886671
2025-06-12 11:16:00,60.1
2025-06-12 02:25:00,11.7
2025-06-12 07:48:00,61.9
2025-06-12 13:46:00,30.6
2025-06-12 09:02:00,2.5
2025-06-12 09:58:00,1.1
2025-06-12 17:34:00,38.9
2025-06-12 20:31:00,49.63695830886671
2025-06-12 09:22:00,89.7
2025-06-12 05:52:00,96.4
2025-06-12 18:29:00,47.4
2025-06-12 05:38:00,50.5
2025-06-12 23:34:00,78.6
2025-06-12 13:37:00,30.9
2025-06-12 01:40:00,45.2
2025-06-12 18:50:00,96.0
2025-06-12 15:59:00,67.0
2025-06-12 04:05:00,96.9
2025-06-12 21:51:00,58.2
2025-06-12 20:03:00,72.9
2025-06-12 01:23:00,58.2
2025-06-12 12:48:00,50.41405513666353
2025-06-12 17:38:00,12.5
2025-06-12 19:45:00,53.5
2025-06-12 10:55:00,38.2
2025-06-12 17:52:00,1.5
2025-06-12 06:29:00,47.1
2025-06-12 02:06:00,16.1
2025-06-12 21:26:00,15.4
2025-06-12 00:50:00,88.4
2025-06-12 08:39:00,95.1
2025-06-12 06:22:00,99.4
2025-06-12 06:05:00,50.41405513666353
2025-06-12 01:37:00,40.5
2025-06-12 03:30:00,76.5
2025-06-12 20:29:00,4.6
2025-06-12 01:34:00,15.7
2025-06-12 19:24:00,92.7
2025-06-12 08:12:00,97.5
2025-06-12 01:16:00,99.5
2025-06-12 09:50:00,11.5
2025-06-12 06:23:00,89.4
2025-06-12 13:16:00,47.4
2025-06-12 04:07:00,58.2
2025-06-12 20:29:00,50.41405513666353
2025-06-12 05:41:00,56.5
2025-06-12 21:54:00,42.8
2025-06-12 08:47:00,94.6
2025-06-12 21:47:00,95.6
2025-06-12 03:05:00,28.7
2025-06-12 21:27:00,39.6
2025-06-12 20:30:00,51.1
2025-06-12 10:06:00,9.4
2025-06-12 11:25:00,50.41405513666353
2025-06-12 16:26:00,93.5
2025-06-12 13:24:00,60.6
2025-06-12 20:42:00,51.7
2025-06-12 04:10:00,71.7
2025-06-12 16:16:00,81.0
2025-06-12 14:49:00,19.7
2025-06-12 21:39:00,84.2
2025-06-12 13:32:00,64.6
2025-06-12 15:55:00,66.9
2025-06-12 22:45:00,50.41405513666353
2025-06-12 17:07:00,50.41405513666353
2025-06-12 21:18:00,83.9
2025-06-12 13:01:00,44.3
2025-06-12 09:02:00,33.7
2025-06-12 08:50:00,50.41405513666353
2025-06-12 01:40:00,43.1
2025-06-12 17:15:00,63.7
2025-06-12 19:26:00,50.41405513666353
2025-06-12 11:19:00,85.7
2025-06-12 07:20:00,33.1
2025-06-12 11:51:00,50.41405513666353
2025-06-12 10:49:00,98.3
2025-06-12 23:09:00,8.0
2025-06-12 06:05:00,94.2
2025-06-12 05:45:00,50.41405513666353
2025-06-12 08:31:00,100.0
2025-06-12 20:41:00,51.2
2025-06-12 00:07:00,0.7
2025-06-12 15:13:00,99.2
2025-06-12 19:22:00,97.8
2025-06-12 18:24:00,27.6
2025-06-12 21:07:00,40.6
2025-06-12 08:04:00,16.1
2025-06-12 01:30:00,15.9
2025-06-12 22:59:00,44.0
2025-06-12 21:15:00,64.9
2025-06-12 04:05:00,58.4
2025-06-12 14:39:00,12.9
2025-06-12 19:47:00,51.4
2025-06-12 12:00:00,18.5
2025-06-12 02:49:00,27.7
2025-06-12 23:12:00,94.2
2025-06-12 14:47:00,83.1
2025-06-12 20:51:00,75.4
2025-06-12 01:56:00,13.9
2025-06-12 09:45:00,81.7
2025-06-12 01:40:00,53.5
2025-06-12 13:10:00,50.41405513666353
2025-06-12 13:17:00,45.7
2025-06-12 16:44:00,68.9
2025-06-12 17:58:00,31.7
2025-06-12 06:43:00,92.9
2025-06-12 07:39:00,60.3
2025-06-12 10:59:00,79.4
2025-06-12 08:11:00,30.1
2025-06-12 17:09:00,79.7
2025-06-12 22:29:00,62.9
2025-06-12 12:45:00,32.8
2025-06-12 15:46:00,50.41405513666353
2025-06-12 05:33:00,89.8
2025-06-12 15:17:00,71.9
2025-06-12 01:15:00,99.8
2025-06-12 06:49:00,4.8
2025-06-12 07:46:00,93.3
2025-06-12 18:10:00,88.6
2025-06-12 23:19:00,13.3
2025-06-12 17:01:00,23.8
2025-06-12 03:06:00,47.1
2025-06-12 06:42:00,48.9
2025-06-12 16:04:00,57.8
2025-06-12 17:56:00,4.2
2025-06-12 22:31:00,32.8
2025-06-12 17:34:00,84.0
2025-06-12 17:28:00,50.41405513666353
2025-06-12 05:00:00,49.5
2025-06-12 18:09:00,21.0
2025-06-12 09:00:00,80.3
2025-06-12 01:16:00,79.6
2025-06-12 08:15:00,15.8
2025-06-12 16:28:00,63.6
2025-06-12 03:59:00,50.41405513666353
2025-06-12 20:07:00,32.3
2025-06-12 04:46:00,7.9
2025-06-12 12:38:00,30.1
2025-06-12 20:12:00,70.6
2025-06-12 10:45:00,27.5
2025-06-12 08:47:00,90.9
2025-06-12 19:53:00,56.6
2025-06-12 12:21:00,70.9
2025-06-12 14:13:00,50.41405513666353
2025-06-12 07:57:00,5.6
2025-06-12 22:52:00,82.6
2025-06-12 14:08:00,56.0
2025-06-12 05:02:00,39.2
2025-06-12 13:02:00,7.3
2025-06-12 04:59:00,94.7
2025-06-12 18:48:00,1.6
2025-06-12 08:07:00,50.41405513666353
2025-06-12 09:20:00,68.0
2025-06-12 01:54:00,16.4
2025-06-12 10:39:00,6.8
2025-06-12 06:53:00,2.3
2025-06-12 11:59:00,52.0
2025-06-12 00:34:00,45.6
2025-06-12 00:20:00,22.1
2025-06-12 21:19:00,98.7
2025-06-12 16:15:00,96.7
2025-06-12 01:27:00,50.41405513666353
2025-06-12 17:26:00,12.1
2025-06-12 14:58:00,22.2
2025-06-12 08:57:00,83.7
2025-06-12 08:52:00,67.8
2025-06-12 01:02:00,68.0
2025-06-12 18:13:00,41.3
2025-06-12 08:47:00,29.0
2025-06-12 14:11:00,39.8
2025-06-12 00:19:00,44.8
2025-06-12 20:18:00,91.1
2025-06-12 08:34:00,40.4
2025-06-12 04:43:00,50.41405513666353
2025-06-12 04:40:00,5.2
2025-06-12 04:26:00,32.3
2025-06-12 22:48:00,50.41405513666353
2025-06-12 21:11:00,57.1
2025-06-12 12:17:00,42.8
2025-06-12 22:20:00,19.1
2025-06-12 22:23:00,30.2
2025-06-12 06:40:00,33.4
2025-06-12 12:57:00,39.6
2025-06-12 11:06:00,78.9
2025-06-12 01:49:00,20.1
2025-06-12 05:34:00,81.1
2025-06-12 17:01:00,64.4
2025-06-12 15:13:00,83.1
2025-06-12 16:22:00,34.4
2025-06-12 04:56:00,18.9
2025-06-12 23:20:00,34.5
2025-06-12 19:22:00,50.41405513666353
2025-06-12 23:16:00,58.0
2025-06-12 06:51:00,3.2
2025-06-12 08:57:00,65.2
2025-06-12 16:00:00,20.9
2025-06-12 10:23:00,3.2
2025-06-12 17:00:00,86.5
2025-06-12 20:11:00,90.5
2025-06-12 23:48:00,2.4
2025-06-12 01:51:00,17.6
2025-06-12 11:55:00,14.7
2025-06-12 23:39:00,3.2
2025-06-12 21:03:00,41.5
2025-06-12 18:47:00,12.8
2025-06-12 11:07:00,51.2
2025-06-12 21:10:00,2.0
2025-06-12 03:46:00,23.2
2025-06-12 11:32:00,68.2
2025-06-12 02:34:00,35.8
2025-06-12 07:49:00,47.9
2025-06-12 13:19:00,64.2
2025-06-12 11:07:00,44.8
2025-06-12 01:03:00,49.4
2025-06-12 13:54:00,94.9
2025-06-12 06:54:00,61.1
2025-06-12 17:03:00,81.7
2025-06-12 12:58:00,4.2
2025-06-12 20:17:00,62.8
2025-06-12 07:38:00,31.6
2025-06-12 06:44:00,24.8
2025-06-12 09:54:00,81.2
2025-06-12 11:24:00,14.9
2025-06-12 10:43:00,25.5
2025-06-12 10:39:00,58.5
2025-06-12 17:35:00,50.41405513666353
2025-06-12 07:11:00,50.41405513666353
2025-06-12 17:21:00,27.4
2025-06-12 01:44:00,47.8
2025-06-12 09:39:00,63.2
2025-06-12 20:08:00,14.9
2025-06-12 16:38:00,13.3
2025-06-12 08:54:00,88.6
2025-06-12 21:19:00,11.5
2025-06-12 15:35:00,47.7
2025-06-12 16:25:00,8.6
2025-06-12 02:05:00,74.9
2025-06-12 05:42:00,35.2
2025-06-12 22:45:00,51.1
2025-06-12 06:54:00,50.41405513666353
2025-06-12 06:59:00,50.41405513666353
2025-06-12 13:08:00,46.2
2025-06-12 23:14:00,43.7
2025-06-12 01:53:00,24.6
2025-06-12 22:09:00,64.0
2025-06-12 06:57:00,86.5
2025-06-12 04:53:00,50.41405513666353
2025-06-12 07:16:00,70.8
2025-06-12 21:56:00,69.7
2025-06-12 06:58:00,27.1
2025-06-12 20:33:00,61.5
2025-06-12 18:54:00,77.5
2025-06-12 13:20:00,23.5
2025-06-12 20:23:00,44.5
2025-06-12 03:44:00,50.41405513666353
2025-06-12 04:22:00,76.8
2025-06-12 23:12:00,6.7
2025-06-12 23:43:00,5.6
2025-06-12 19:34:00,85.3
2025-06-12 18:38:00,46.4
2025-06-12 12:00:00,90.0
2025-06-12 12:50:00,66.7
2025-06-12 02:51:00,66.2
2025-06-12 05:48:00,7.6
2025-06-12 20:29:00,99.4
2025-06-12 20:46:00,20.1
2025-06-12 22:06:00,17.7
2025-06-12 03:36:00,84.0
2025-06-12 14:31:00,86.5
2025-06-12 02:21:00,50.41405513666353
2025-06-12 22:29:00,90.8
2025-06-12 15:08:00,70.5
2025-06-12 05:26:00,74.1
2025-06-12 15:27:00,90.6
2025-06-12 23:09:00,97.0
2025-06-12 00:25:00,0.4
2025-06-12 11:25:00,68.4
2025-06-12 00:05:00,33.5
2025-06-12 07:13:00,37.8
2025-06-12 22:21:00,84.3
2025-06-12 00:38:00,17.6
2025-06-12 02:43:00,29.8
2025-06-12 20:26:00,50.41405513666353
2025-06-12 04:05:00,50.41405513666353
2025-06-12 17:45:00,31.5
2025-06-12 21:05:00,67.5
2025-06-12 00:15:00,92.2
2025-06-12 12:58:00,59.2
2025-06-12 15:22:00,88.5
2025-06-12 06:16:00,49.2
2025-06-12 15:47:00,15.1
2025-06-12 11:25:00,22.5
2025-06-12 04:57:00,48.8
2025-06-12 13:46:00,53.9
2025-06-12 05:44:00,50.41405513666353
2025-06-12 07:18:00,50.41405513666353
2025-06-12 02:56:00,50.41405513666353
2025-06-12 14:47:00,56.2
2025-06-12 14:22:00,68.5
2025-06-12 04:01:00,50.41405513666353
2025-06-12 22:37:00,26.7
2025-06-12 15:09:00,38.7
2025-06-12 20:37:00,59.4
2025-06-12 11:42:00,87.1
2025-06-12 14:51:00,50.41405513666353
2025-06-12 23:35:00,25.5
2025-06-12 12:10:00,41.5
2025-06-12 07:02:00,12.6
2025-06-12 02:59:00,59.2
2025-06-12 15:02:00,72.5
2025-06-12 00:21:00,0.0
2025-06-12 13:06:00,77.1
2025-06-12 23:06:00,45.4
2025-06-12 07:13:00,70.3
2025-06-12 15:18:00,27.5
2025-06-12 00:33:00,30.5
2025-06-12 19:09:00,89.7
2025-06-12 13:37:00,54.0
2025-06-12 06:01:00,73.5
2025-06-12 01:40:00,88.0
2025-06-12 07:37:00,12.1
2025-06-12 01:23:00,77.9
2025-06-12 20:30:00,53.5
2025-06-12 22:50:00,3.3
2025-06-12 13:09:00,19.6
2025-06-12 02:17:00,94.8
2025-06-12 23:57:00,34.3
2025-06-12 06:40:00,35.0
2025-06-12 06:37:00,48.3
2025-06-12 22:42:00,74.7
2025-06-12 00:07:00,9.4
2025-06-12 17:37:00,79.8
2025-06-12 09:59:00,11.9
2025-06-12 12:23:00,96.2
2025-06-12 02:09:00,49.776157380139004
2025-06-12 00:24:00,8.4
2025-06-12 15:24:00,42.3
2025-06-12 01:11:00,6.2
2025-06-12 08:46:00,71.6
2025-06-12 07:13:00,43.7
2025-06-12 18:24:00,81.0
2025-06-12 14:10:00,47.0
2025-06-12 21:08:00,39.9
2025-06-12 07:03:00,14.3
2025-06-12 09:53:00,7.7
2025-06-12 21:58:00,67.5
2025-06-12 10:08:00,18.4
2025-06-12 09:01:00,46.7
2025-06-12 16:26:00,57.2
2025-06-12 09:31:00,27.5
2025-06-12 23:42:00,69.0
2025-06-12 03:30:00,43.6
2025-06-12 23:59:00,30.3
2025-06-12 13:16:00,25.4
2025-06-12 07:29:00,68.3
2025-06-12 22:14:00,49.776157380139004
2025-06-12 14:03:00,20.5
2025-06-12 02:01:00,56.2
2025-06-12 15:58:00,49.776157380139004
2025-06-12 13:21:00,26.8
2025-06-12 02:27:00,12.2
2025-06-12 19:32:00,13.6
2025-06-12 08:57:00,49.776157380139004
2025-06-12 02:27:00,34.9
2025-06-12 06:55:00,91.5
2025-06-12 03:04:00,2.0
2025-06-12 05:27:00,53.6
2025-06-12 14:15:00,49.776157380139004
2025-06-12 10:14:00,24.5
2025-06-12 14:01:00,89.8
2025-06-12 17:23:00,49.776157380139004
2025-06-12 09:31:00,93.4
2025-06-12 04:49:00,23.1
2025-06-12 21:09:00,70.8
2025-06-12 21:05:00,62.0
2025-06-12 14:34:00,44.4
2025-06-12 15:41:00,16.3
2025-06-12 13:52:00,78.6
2025-06-12 19:04:00,32.8
2025-06-12 15:01:00,41.9
2025-06-12 07:05:00,28.5
2025-06-12 00:46:00,49.776157380139004
2025-06-12 04:56:00,49.0
2025-06-12 12:16:00,45.0
2025-06-12 12:37:00,49.776157380139004
2025-06-12 13:28:00,44.2
2025-06-12 14:28:00,90.1
2025-06-12 04:37:00,66.8
2025-06-12 23:26:00,40.1
2025-06-12 10:03:00,49.776157380139004
2025-06-12 09:56:00,92.9
2025-06-12 13:31:00,9.0
2025-06-12 04:32:00,70.1
2025-06-12 23:18:00,43.2
2025-06-12 05:18:00,71.4
2025-06-12 07:50:00,95.4
2025-06-12 07:54:00,74.3
2025-06-12 00:17:00,28.7
2025-06-12 01:51:00,65.8
2025-06-12 17:55:00,56.7
2025-06-12 13:42:00,7.2
2025-06-12 13:04:00,59.7
2025-06-12 04:22:00,57.1
2025-06-12 07:50:00,22.7
2025-06-12 23:26:00,64.1
2025-06-12 12:18:00,45.2
2025-06-12 16:19:00,44.8
2025-06-12 18:37:00,29.5
2025-06-12 14:54:00,35.1
2025-06-12 20:31:00,87.7
2025-06-12 22:40:00,51.3
2025-06-12 10:43:00,99.5
2025-06-12 14:17:00,2.5
2025-06-12 12:33:00,90.9
2025-06-12 07:38:00,64.8
2025-06-12 23:43:00,25.6
2025-06-12 13:49:00,60.9
2025-06-12 15:35:00,49.776157380139004
2025-06-12 06:08:00,81.9
2025-06-12 01:35:00,49.776157380139004
2025-06-12 01:14:00,17.8
2025-06-12 08:45:00,47.4
2025-06-12 21:48:00,57.2
2025-06-12 07:28:00,88.3
2025-06-12 09:32:00,49.776157380139004
2025-06-12 18:30:00,49.776157380139004
2025-06-12 19:46:00,83.5
2025-06-12 21:35:00,34.0
2025-06-12 02:48:00,45.5
2025-06-12 09:27:00,34.9
2025-06-12 18:54:00,65.4
2025-06-12 08:00:00,70.3
2025-06-12 18:36:00,43.9
2025-06-12 20:23:00,19.8
2025-06-12 05:46:00,58.8
2025-06-12 04:41:00,34.3
2025-06-12 01:49:00,49.776157380139004
2025-06-12 23:18:00,74.1
2025-06-12 02:07:00,23.1
2025-06-12 03:48:00,97.5
2025-06-12 23:26:00,20.9
2025-06-12 11:21:00,22.0
2025-06-12 07:18:00,49.776157380139004
2025-06-12 12:28:00,62.7
2025-06-12 03:10:00,2.9
2025-06-12 23:19:00,72.6
2025-06-12 12:28:00,94.7
2025-06-12 18:04:00,63.0
2025-06-12 22:30:00,39.9
2025-06-12 09:53:00,63.8
2025-06-12 09:29:00,6.7
2025-06-12 06:15:00,0.5
2025-06-12 15:02:00,53.6
2025-06-12 03:20:00,79.8
2025-06-12 04:45:00,77.9
2025-06-12 17:31:00,50.8
2025-06-12 18:31:00,90.4
2025-06-12 17:50:00,16.9
2025-06-12 03:17:00,44.7
2025-06-12 12:13:00,54.7
2025-06-12 19:16:00,95.5
2025-06-12 11:35:00,38.1
2025-06-12 22:40:00,60.1
2025-06-12 00:03:00,26.4
2025-06-12 06:35:00,87.0
2025-06-12 00:04:00,89.7
2025-06-12 17:05:00,32.9
2025-06-12 02:31:00,49.776157380139004
2025-06-12 01:17:00,21.2
2025-06-12 16:24:00,11.9
2025-06-12 18:54:00,70.2
2025-06-12 21:48:00,51.7
2025-06-12 04:19:00,16.4
2025-06-12 08:40:00,50.2
2025-06-12 13:08:00,70.6
2025-06-12 04:45:00,22.5
2025-06-12 01:33:00,40.5
2025-06-12 18:03:00,96.1
2025-06-12 21:21:00,14.0
2025-06-12 15:45:00,66.7
2025-06-12 17:04:00,59.7
2025-06-12 16:39:00,44.5
2025-06-12 07:39:00,49.776157380139004
2025-06-12 04:30:00,85.1
2025-06-12 04:52:00,48.8
2025-06-12 07:38:00,11.3
2025-06-12 21:18:00,29.3
2025-06-12 09:49:00,11.5
2025-06-12 07:03:00,23.8
2025-06-12 17:46:00,58.0
2025-06-12 08:31:00,91.2
2025-06-12 13:19:00,91.0
2025-06-12 21:02:00,96.4
2025-06-12 15:28:00,4.4
2025-06-12 20:08:00,61.8
2025-06-12 17:11:00,91.8
2025-06-12 10:53:00,30.5
2025-06-12 15:32:00,49.776157380139004
2025-06-12 23:20:00,24.3
2025-06-12 20:34:00,28.7
2025-06-12 01:45:00,4.1
2025-06-12 13:00:00,49.776157380139004
2025-06-12 22:32:00,15.0
2025-06-12 12:19:00,49.776157380139004
2025-06-12 04:59:00,0.7
2025-06-12 18:19:00,24.0
2025-06-12 05:00:00,28.1
2025-06-12 00:57:00,49.776157380139004
2025-06-12 07:14:00,49.776157380139004
2025-06-12 19:48:00,5.3
2025-06-12 00:25:00,49.776157380139004
2025-06-12 00:28:00,73.1
2025-06-12 16:13:00,49.776157380139004
2025-06-12 20:49:00,15.2
2025-06-12 22:21:00,48.0
2025-06-12 14:36:00,79.4
2025-06-12 14:54:00,37.2
2025-06-12 17:32:00,8.9
2025-06-12 15:50:00,44.1
2025-06-12 11:37:00,52.0
2025-06-12 10:52:00,42.7
2025-06-12 10:19:00,46.3
2025-06-12 00:32:00,57.4
2025-06-12 19:44:00,88.3
2025-06-12 19:12:00,95.1
2025-06-12 01:37:00,71.0
2025-06-12 20:08:00,49.776157380139004
2025-06-12 20:20:00,90.9
2025-06-12 22:41:00,49.776157380139004
2025-06-12 21:54:00,50.0
2025-06-12 09:32:00,100.0
2025-06-12 00:42:00,30.9
2025-06-12 13:00:00,39.1
2025-06-12 23:35:00,49.776157380139004
2025-06-12 19:12:00,7.0
2025-06-12 05:57:00,93.1
2025-06-12 20:24:00,83.6
2025-06-12 02:08:00,40.0
2025-06-12 01:27:00,98.0
2025-06-12 22:22:00,63.2
2025-06-12 19:44:00,49.776157380139004
2025-06-12 22:48:00,49.776157380139004
2025-06-12 13:00:00,49.3
2025-06-12 16:51:00,26.7
2025-06-12 19:04:00,49.776157380139004
2025-06-12 13:17:00,1.1
2025-06-12 02:28:00,96.7
2025-06-12 14:08:00,66.5
2025-06-12 20:34:00,16.8
2025-06-12 12:01:00,35.8
2025-06-12 08:39:00,85.8
2025-06-12 03:32:00,43.9
2025-06-12 00:22:00,64.2
2025-06-12 18:44:00,49.3
2025-06-12 11:10:00,51.8
2025-06-12 12:56:00,96.9
2025-06-12 06:33:00,85.8
2025-06-12 13:07:00,10.6
2025-06-12 11:47:00,90.3
2025-06-12 08:48:00,74.5
2025-06-12 13:58:00,52.7
2025-06-12 22:30:00,21.1
2025-06-12 15:02:00,12.7
2025-06-12 07:54:00,49.776157380139004
2025-06-12 04:07:00,28.2
2025-06-12 06:36:00,98.7
2025-06-12 23:20:00,36.2
2025-06-12 22:41:00,22.5
2025-06-12 18:22:00,85.0
2025-06-12 22:03:00,49.776157380139004
2025-06-12 16:20:00,82.4
2025-06-12 12:08:00,23.7
2025-06-12 01:49:00,83.2
2025-06-12 15:39:00,49.776157380139004
2025-06-12 05:31:00,49.3
2025-06-12 13:40:00,19.7
2025-06-12 22:37:00,95.4
2025-06-12 08:01:00,5.2
2025-06-12 20:00:00,19.9
2025-06-12 20:02:00,63.8
2025-06-12 14:20:00,62.3
2025-06-12 02:09:00,49.776157380139004
2025-06-12 23:14:00,71.3
2025-06-12 04:38:00,43.0
2025-06-12 18:34:00,35.3
2025-06-12 21:51:00,19.5
2025-06-12 18:33:00,25.6
2025-06-12 00:46:00,62.4
2025-06-12 20:16:00,49.776157380139004
2025-06-12 19:53:00,71.5
2025-06-12 10:16:00,36.0
2025-06-12 14:32:00,49.776157380139004
2025-06-12 00:00:00,68.3
2025-06-12 20:09:00,11.4
2025-06-12 17:02:00,85.9
2025-06-12 18:11:00,49.776157380139004
2025-06-12 05:11:00,56.1
2025-06-12 06:58:00,64.7
2025-06-12 21:17:00,67.2
2025-06-12 21:15:00,49.776157380139004
2025-06-12 15:23:00,49.1
2025-06-12 12:34:00,45.6
2025-06-12 04:06:00,66.8
2025-06-12 12:49:00,65.9
2025-06-12 04:54:00,3.3
2025-06-12 22:27:00,26.9
2025-06-12 06:03:00,58.2
2025-06-12 22:37:00,24.8
2025-06-12 13:44:00,4.3
2025-06-12 19:23:00,11.1
2025-06-12 05:44:00,49.776157380139004
2025-06-12 21:56:00,34.9
2025-06-12 14:13:00,49.776157380139004
2025-06-12 10:35:00,3.4
2025-06-12 06:54:00,49.776157380139004
2025-06-12 18:50:00,65.8
2025-06-12 16:56:00,24.3
2025-06-12 04:29:00,77.6
2025-06-12 19:22:00,82.6
2025-06-12 21:13:00,3.9
2025-06-12 06:16:00,59.7
2025-06-12 06:16:00,89.1
2025-06-12 18:38:00,49.776157380139004
2025-06-12 21:13:00,49.776157380139004
2025-06-12 12:09:00,33.4
2025-06-12 13:39:00,72.2
2025-06-12 05:00:00,24.4
2025-06-12 22:58:00,1.3
2025-06-12 19:27:00,8.8
2025-06-12 22:50:00,84.6
2025-06-12 02:24:00,61.3
2025-06-12 14:28:00,56.4
2025-06-12 16:51:00,0.5
2025-06-12 13:11:00,59.5
2025-06-12 01:59:00,60.4
2025-06-12 06:17:00,31.1
2025-06-12 04:54:00,21.1
2025-06-12 00:00:00,88.8
2025-06-12 14:36:00,21.0
2025-06-12 10:36:00,10.0
2025-06-12 03:48:00,59.3
2025-06-12 19:51:00,98.8
2025-06-12 11:27:00,49.776157380139004
2025-06-12 14:04:00,84.5
2025-06-12 12:05:00,49.776157380139004
2025-06-12 14:29:00,62.6
2025-06-12 16:52:00,22.4
2025-06-12 16:06:00,74.1
2025-06-12 21:17:00,90.7
2025-06-12 02:50:00,65.4
2025-06-12 23:09:00,92.5
2025-06-12 12:42:00,33.8
2025-06-12 22:32:00,37.6
2025-06-12 01:29:00,46.9
2025-06-12 18:16:00,95.0
2025-06-12 07:13:00,35.6
2025-06-12 11:14:00,85.0
2025-06-12 15:09:00,49.81767540251498
2025-06-12 21:47:00,32.2
2025-06-12 18:36:00,12.9
2025-06-12 06:57:00,49.81767540251498
2025-06-12 13:26:00,18.0
2025-06-12 09:26:00,26.7
2025-06-12 22:24:00,84.6
2025-06-12 22:11:00,59.4
2025-06-12 23:13:00,35.1
2025-06-12 11:01:00,25.0
2025-06-12 09:32:00,6.9
2025-06-12 06:36:00,49.81767540251498
2025-06-12 23:05:00,71.4
2025-06-12 19:18:00,98.1
2025-06-12 16:37:00,17.1
2025-06-12 05:15:00,66.6
2025-06-12 17:51:00,49.81767540251498
2025-06-12 03:19:00,49.81767540251498
2025-06-12 18:07:00,33.9
2025-06-12 03:58:00,56.9
2025-06-12 16:19:00,49.81767540251498
2025-06-12 04:24:00,74.8
2025-06-12 07:18:00,93.8
2025-06-12 04:13:00,38.3
2025-06-12 07:24:00,72.4
2025-06-12 20:54:00,69.4
2025-06-12 23:57:00,64.6
2025-06-12 22:44:00,83.6
2025-06-12 02:56:00,66.7
2025-06-12 10:59:00,31.8
2025-06-12 04:28:00,71.6
2025-06-12 12:40:00,55.2
2025-06-12 06:40:00,24.5
2025-06-12 23:53:00,29.2
2025-06-12 20:52:00,33.1
2025-06-12 06:37:00,49.81767540251498
2025-06-12 18:34:00,29.3
2025-06-12 01:45:00,40.5
2025-06-12 11:33:00,31.4
2025-06-12 00:31:00,87.1
2025-06-12 06:19:00,41.8
2025-06-12 17:02:00,0.4
2025-06-12 15:09:00,74.5
2025-06-12 05:43:00,0.3
2025-06-12 01:16:00,49.81767540251498
2025-06-12 12:30:00,47.9
2025-06-12 04:01:00,35.4
2025-06-12 23:34:00,11.3
2025-06-12 21:48:00,38.5
2025-06-12 13:37:00,60.0
2025-06-12 07:33:00,50.4
2025-06-12 02:22:00,20.3
2025-06-12 08:38:00,95.0
2025-06-12 02:33:00,49.81767540251498
2025-06-12 14:05:00,27.1
2025-06-12 19:53:00,82.6
2025-06-12 07:51:00,24.2
2025-06-12 19:38:00,48.5
2025-06-12 19:43:00,44.9
2025-06-12 11:57:00,40.0
2025-06-12 03:53:00,74.3
2025-06-12 01:59:00,49.81767540251498
2025-06-12 08:47:00,49.81767540251498
2025-06-12 02:59:00,35.5
2025-06-12 09:59:00,92.4
2025-06-12 10:26:00,15.8
2025-06-12 23:02:00,70.6
2025-06-12 07:35:00,35.9
2025-06-12 11:57:00,49.8
2025-06-12 03:14:00,30.4
2025-06-12 20:04:00,59.2
2025-06-12 08:34:00,69.0
2025-06-12 08:07:00,49.81767540251498
2025-06-12 14:08:00,13.7
2025-06-12 06:38:00,12.3
2025-06-12 07:11:00,88.7
2025-06-12 00:35:00,63.8
2025-06-12 22:07:00,33.9
2025-06-12 12:29:00,72.2
2025-06-12 23:51:00,60.1
2025-06-12 15:00:00,49.81767540251498
2025-06-12 16:03:00,77.7
2025-06-12 16:07:00,30.1
2025-06-12 07:30:00,37.7
2025-06-12 14:03:00,98.8
2025-06-12 21:23:00,49.81767540251498
2025-06-12 16:40:00,97.1
2025-06-12 11:36:00,29.3
2025-06-12 09:20:00,65.9
2025-06-12 19:21:00,99.3
2025-06-12 07:15:00,3.8
2025-06-12 11:43:00,25.0
2025-06-12 23:30:00,66.8
2025-06-12 01:35:00,42.8
2025-06-12 07:45:00,55.2
2025-06-12 01:30:00,68.1
2025-06-12 06:53:00,31.0
2025-06-12 20:45:00,62.4
2025-06-12 01:56:00,69.0
2025-06-12 06:05:00,28.4
2025-06-12 13:48:00,27.4
2025-06-12 07:27:00,48.4
2025-06-12 20:16:00,82.9
2025-06-12 18:19:00,26.8
2025-06-12 10:05:00,43.6
2025-06-12 07:57:00,78.1
2025-06-12 05:59:00,3.8
2025-06-12 23:01:00,90.4
2025-06-12 00:54:00,99.2
2025-06-12 07:11:00,29.1
2025-06-12 17:57:00,60.7
2025-06-12 00:11:00,49.5
2025-06-12 01:20:00,37.0
2025-06-12 00:35:00,65.4
2025-06-12 20:59:00,54.7
2025-06-12 09:09:00,49.81767540251498
2025-06-12 02:10:00,7.9
2025-06-12 05:28:00,81.9
2025-06-12 17:57:00,1.9
2025-06-12 12:22:00,19.2
2025-06-12 22:57:00,67.7
2025-06-12 12:19:00,28.8
2025-06-12 09:59:00,14.8
2025-06-12 16:17:00,23.1
2025-06-12 03:39:00,19.0
2025-06-12 08:29:00,56.6
2025-06-12 19:15:00,94.9
2025-06-12 13:16:00,83.0
2025-06-12 20:53:00,96.6
2025-06-12 14:09:00,80.5
2025-06-12 16:34:00,49.81767540251498
2025-06-12 12:45:00,88.0
2025-06-12 04:25:00,39.7
2025-06-12 09:19:00,32.5
2025-06-12 14:29:00,52.8
2025-06-12 05:19:00,8.5
2025-06-12 16:14:00,52.2
2025-06-12 01:28:00,40.7
2025-06-12 08:57:00,84.7
2025-06-12 07:45:00,90.6
2025-06-12 08:25:00,39.8
2025-06-12 21:32:00,39.3
2025-06-12 10:03:00,7.9
2025-06-12 07:47:00,5.4
2025-06-12 17:44:00,95.8
2025-06-12 17:51:00,33.9
2025-06-12 18:02:00,49.81767540251498
2025-06-12 14:28:00,69.3
2025-06-12 17:23:00,49.81767540251498
2025-06-12 07:52:00,32.4
2025-06-12 11:00:00,72.1
2025-06-12 23:21:00,52.7
2025-06-12 02:59:00,49.81767540251498
2025-06-12 04:35:00,46.2
2025-06-12 17:19:00,79.4
2025-06-12 07:55:00,49.81767540251498
2025-06-12 02:36:00,49.81767540251498
2025-06-12 04:11:00,12.9
2025-06-12 01:11:00,83.6
2025-06-12 00:07:00,51.8
2025-06-12 08:33:00,49.81767540251498
2025-06-12 16:11:00,1.5
2025-06-12 01:26:00,40.2
2025-06-12 21:20:00,45.6
2025-06-12 13:54:00,14.0
2025-06-12 11:39:00,69.6
2025-06-12 16:20:00,49.81767540251498
2025-06-12 14:58:00,82.4
2025-06-12 10:15:00,67.1
2025-06-12 05:59:00,18.5
2025-06-12 13:41:00,81.0
2025-06-12 01:15:00,49.81767540251498
2025-06-12 11:40:00,92.1
2025-06-12 09:03:00,88.1
2025-06-12 03:09:00,18.5
2025-06-12 03:15:00,20.1
2025-06-12 12:26:00,29.5
2025-06-12 04:52:00,49.81767540251498
2025-06-12 19:32:00,61.0
2025-06-12 19:02:00,54.3
2025-06-12 09:29:00,72.6
2025-06-12 02:43:00,72.5
2025-06-12 00:19:00,84.5
2025-06-12 20:57:00,50.7
2025-06-12 00:10:00,25.9
2025-06-12 20:15:00,90.8
2025-06-12 13:34:00,13.7
2025-06-12 04:34:00,7.4
2025-06-12 18:36:00,72.9
2025-06-12 20:11:00,49.81767540251498
2025-06-12 13:21:00,49.81767540251498
2025-06-12 23:00:00,47.1
2025-06-12 05:12:00,82.0
2025-06-12 12:49:00,26.1
2025-06-12 11:40:00,2.5
2025-06-12 16:38:00,49.81767540251498
2025-06-12 16:27:00,49.81767540251498
2025-06-12 21:40:00,26.9
2025-06-12 05:25:00,53.2
2025-06-12 01:44:00,95.3
2025-06-12 15:09:00,7.3
2025-06-12 22:58:00,96.4
2025-06-12 13:54:00,0.5
2025-06-12 08:05:00,15.6
2025-06-12 22:59:00,49.81767540251498
2025-06-12 22:49:00,67.9
2025-06-12 21:02:00,49.81767540251498
2025-06-12 00:19:00,7.5
2025-06-12 11:58:00,86.8
2025-06-12 06:23:00,58.9
2025-06-12 11:26:00,49.81767540251498
2025-06-12 09:11:00,62.5
2025-06-12 21:37:00,81.4
2025-06-12 16:55:00,49.81767540251498
2025-06-12 02:03:00,93.7
2025-06-12 13:51:00,47.8
2025-06-12 01:33:00,86.0
2025-06-12 18:06:00,0.6
2025-06-12 19:23:00,49.81767540251498
2025-06-12 18:35:00,13.1
2025-06-12 08:44:00,23.1
2025-06-12 05:50:00,49.81767540251498
2025-06-12 14:06:00,95.1
2025-06-12 05:42:00,98.3
2025-06-12 00:18:00,60.7
2025-06-12 21:16:00,7.2
2025-06-12 19:24:00,61.6
2025-06-12 01:20:00,46.6
2025-06-12 08:00:00,70.3
2025-06-12 01:25:00,58.1
2025-06-12 12:19:00,81.1
2025-06-12 02:27:00,49.81767540251498
2025-06-12 05:33:00,24.8
2025-06-12 10:55:00,45.4
2025-06-12 18:55:00,63.7
2025-06-12 23:55:00,49.81767540251498
2025-06-12 16:38:00,71.6
2025-06-12 12:58:00,49.81767540251498
2025-06-12 06:22:00,49.81767540251498
2025-06-12 09:21:00,94.4
2025-06-12 17:15:00,48.1
2025-06-12 16:29:00,0.6
2025-06-12 13:35:00,87.0
2025-06-12 20:34:00,92.1
2025-06-12 04:24:00,84.4
2025-06-12 14:36:00,40.7
2025-06-12 00:21:00,24.2
2025-06-12 17:03:00,21.6
2025-06-12 01:54:00,91.9
2025-06-12 16:59:00,34.7
2025-06-12 18:50:00,7.6
2025-06-12 09:13:00,10.8
2025-06-12 23:48:00,35.9
2025-06-12 16:17:00,23.1
2025-06-12 16:04:00,54.8
2025-06-12 20:08:00,89.1
2025-06-12 19:47:00,66.8
2025-06-12 18:00:00,0.4
2025-06-12 10:14:00,23.3
2025-06-12 04:51:00,86.6
2025-06-12 17:49:00,16.7
2025-06-12 05:24:00,93.4
2025-06-12 16:42:00,9.7
2025-06-12 12:01:00,80.0
2025-06-12 12:58:00,55.7
2025-06-12 12:15:00,91.9
2025-06-12 14:24:00,49.81767540251498
2025-06-12 11:12:00,37.3
2025-06-12 23:40:00,61.1
2025-06-12 09:05:00,97.0
2025-06-12 15:48:00,62.2
2025-06-12 17:10:00,49.81767540251498
2025-06-12 01:52:00,51.0
2025-06-12 06:35:00,49.81767540251498
2025-06-12 22:10:00,88.7
2025-06-12 17:46:00,39.0
2025-06-12 23:22:00,79.3
2025-06-12 14:19:00,98.6
2025-06-12 10:10:00,80.5
2025-06-12 11:40:00,29.0
2025-06-12 23:16:00,49.81767540251498
2025-06-12 18:53:00,49.81767540251498
2025-06-12 03:11:00,94.2
2025-06-12 02:08:00,76.4
2025-06-12 10:52:00,49.81767540251498
2025-06-12 13:45:00,56.1
2025-06-12 19:00:00,49.81767540251498
2025-06-12 06:00:00,55.3
2025-06-12 08:48:00,66.0
2025-06-12 11:13:00,49.81767540251498
2025-06-12 23:57:00,23.2
2025-06-12 09:24:00,32.6
2025-06-12 23:27:00,49.81767540251498
2025-06-12 06:37:00,32.6
2025-06-12 00:55:00,36.8
2025-06-12 12:35:00,72.6
2025-06-12 11:15:00,49.81767540251498
2025-06-12 10:49:00,49.9
2025-06-12 21:14:00,67.2
2025-06-12 03:22:00,13.4
2025-06-12 19:23:00,26.6
2025-06-12 19:24:00,52.9
2025-06-12 17:53:00,49.81767540251498
2025-06-12 22:05:00,89.1
2025-06-12 08:30:00,96.2
2025-06-12 13:07:00,83.5
2025-06-12 07:33:00,11.8
2025-06-12 08:24:00,13.9
2025-06-12 03:16:00,0.0
2025-06-12 09:34:00,39.1
2025-06-12 06:21:00,71.6
2025-06-12 10:15:00,97.4
2025-06-12 17:47:00,69.1
2025-06-12 15:05:00,66.2
2025-06-12 13:07:00,49.81767540251498
2025-06-12 20:50:00,47.9
2025-06-12 17:13:00,49.81767540251498
2025-06-12 15:43:00,37.4
2025-06-12 02:27:00,49.81767540251498
2025-06-12 21:54:00,49.81767540251498
2025-06-12 18:10:00,64.2
2025-06-12 04:18:00,16.8
2025-06-12 14:42:00,12.8
2025-06-12 04:03:00,50.0
2025-06-12 23:45:00,77.5
2025-06-12 01:58:00,49.81767540251498
2025-06-12 14:44:00,59.0
2025-06-12 08:50:00,9.0
2025-06-12 06:54:00,74.9
2025-06-12 18:23:00,96.8
2025-06-12 10:41:00,67.6
2025-06-12 13:10:00,64.9
2025-06-12 10:44:00,24.0
2025-06-12 07:32:00,65.7
2025-06-12 21:58:00,49.81767540251498
2025-06-12 17:22:00,10.9
2025-06-12 13:20:00,86.8
2025-06-12 14:09:00,54.9
2025-06-12 08:04:00,14.1
2025-06-12 00:08:00,68.7
2025-06-12 03:52:00,49.791111632270166
2025-06-12 19:00:00,66.4
2025-06-12 17:02:00,94.5
2025-06-12 11:04:00,49.791111632270166
2025-06-12 11:44:00,19.2
2025-06-12 05:43:00,5.3
2025-06-12 01:16:00,16.2
2025-06-12 00:39:00,66.1
2025-06-12 10:17:00,32.6
2025-06-12 18:01:00,72.4
2025-06-12 17:29:00,75.5
2025-06-12 03:48:00,60.8
2025-06-12 20:25:00,49.791111632270166
2025-06-12 12:11:00,73.2
2025-06-12 22:03:00,71.1
2025-06-12 00:32:00,26.3
2025-06-12 20:32:00,53.5
2025-06-12 05:39:00,11.0
2025-06-12 01:02:00,96.9
2025-06-12 21:10:00,44.1
2025-06-12 02:02:00,13.5
2025-06-12 15:38:00,11.1
2025-06-12 23:00:00,88.7
2025-06-12 03:53:00,49.791111632270166
2025-06-12 03:29:00,52.7
2025-06-12 11:59:00,56.7
2025-06-12 23:12:00,6.6
2025-06-12 19:55:00,79.4
2025-06-12 11:33:00,31.0
2025-06-12 09:57:00,46.2
2025-06-12 07:01:00,93.4
2025-06-12 18:18:00,7.0
2025-06-12 12:11:00,3.2
2025-06-12 03:04:00,80.4
2025-06-12 14:11:00,49.791111632270166
2025-06-12 21:14:00,72.2
2025-06-12 21:50:00,62.0
2025-06-12 04:00:00,25.7
2025-06-12 18:36:00,94.9
2025-06-12 20:52:00,1.3
2025-06-12 17:10:00,94.6
2025-06-12 19:47:00,41.5
2025-06-12 19:42:00,49.791111632270166
2025-06-12 14:45:00,78.4
2025-06-12 21:14:00,85.3
2025-06-12 12:35:00,60.3
2025-06-12 17:47:00,46.8
2025-06-12 21:33:00,62.1
2025-06-12 08:40:00,42.6
2025-06-12 20:16:00,97.5
2025-06-12 04:38:00,90.2
2025-06-12 03:20:00,49.791111632270166
2025-06-12 09:42:00,99.8
2025-06-12 12:40:00,53.9
2025-06-12 13:15:00,40.8
2025-06-12 13:47:00,23.9
2025-06-12 16:55:00,49.791111632270166
2025-06-12 18:40:00,27.4
2025-06-12 21:25:00,49.791111632270166
2025-06-12 06:04:00,49.791111632270166
2025-06-12 23:16:00,60.0
2025-06-12 02:58:00,52.6
2025-06-12 11:33:00,2.2
2025-06-12 12:39:00,25.6
2025-06-12 12:44:00,49.791111632270166
2025-06-12 04:09:00,43.1
2025-06-12 14:56:00,94.6
2025-06-12 03:42:00,64.8
2025-06-12 13:59:00,49.791111632270166
2025-06-12 05:22:00,33.5
2025-06-12 03:36:00,49.791111632270166
2025-06-12 10:07:00,7.0
2025-06-12 02:10:00,12.3
2025-06-12 19:36:00,20.7
2025-06-12 13:14:00,35.2
2025-06-12 19:33:00,43.3
2025-06-12 03:19:00,73.5
2025-06-12 20:12:00,40.9
2025-06-12 10:28:00,43.1
2025-06-12 02:04:00,82.3
2025-06-12 12:44:00,54.8
2025-06-12 04:41:00,59.2
2025-06-12 22:57:00,51.9
2025-06-12 13:05:00,47.6
2025-06-12 19:38:00,22.2
2025-06-12 12:09:00,44.5
2025-06-12 16:53:00,35.8
2025-06-12 12:39:00,73.7
2025-06-12 19:57:00,59.1
2025-06-12 11:18:00,68.2
2025-06-12 15:56:00,87.9
2025-06-12 22:53:00,49.791111632270166
2025-06-12 22:36:00,2.6
2025-06-12 00:07:00,78.5
2025-06-12 02:59:00,12.5
2025-06-12 10:20:00,15.2
2025-06-12 00:04:00,10.9
2025-06-12 09:09:00,89.3
2025-06-12 01:40:00,49.791111632270166
2025-06-12 03:09:00,9.3
2025-06-12 22:54:00,4.9
2025-06-12 01:49:00,40.0
2025-06-12 02:13:00,15.7
2025-06-12 08:03:00,49.791111632270166
2025-06-12 05:50:00,14.5
2025-06-12 14:30:00,2.0
2025-06-12 06:43:00,46.3
2025-06-12 06:59:00,3.6
2025-06-12 19:02:00,3.7
2025-06-12 07:10:00,73.2
2025-06-12 01:45:00,8.7
2025-06-12 08:06:00,60.3
2025-06-12 05:01:00,22.9
2025-06-12 06:43:00,69.3
2025-06-12 15:07:00,13.9
2025-06-12 19:40:00,62.0
2025-06-12 23:00:00,33.5
2025-06-12 03:00:00,67.5
2025-06-12 23:01:00,69.4
2025-06-12 06:52:00,2.6
2025-06-12 11:10:00,94.2
2025-06-12 20:09:00,83.9
2025-06-12 11:26:00,61.2
2025-06-12 14:01:00,20.7
2025-06-12 07:34:00,42.5
2025-06-12 17:59:00,59.6
2025-06-12 06:56:00,54.9
2025-06-12 05:41:00,34.9
2025-06-12 21:47:00,95.1
2025-06-12 12:35:00,58.9
2025-06-12 21:08:00,49.791111632270166
2025-06-12 07:34:00,27.4
2025-06-12 16:05:00,67.3
2025-06-12 06:38:00,74.0
2025-06-12 16:21:00,30.4
2025-06-12 21:11:00,16.8
2025-06-12 18:18:00,89.6
2025-06-12 20:39:00,57.8
2025-06-12 07:59:00,65.4
2025-06-12 16:50:00,60.8
2025-06-12 06:18:00,18.7
2025-06-12 13:57:00,16.4
2025-06-12 06:41:00,49.791111632270166
2025-06-12 19:19:00,41.1
2025-06-12 09:24:00,7.2
2025-06-12 05:54:00,19.2
2025-06-12 12:16:00,49.791111632270166
2025-06-12 05:34:00,10.5
2025-06-12 12:59:00,82.6
2025-06-12 07:34:00,33.8
2025-06-12 16:39:00,40.0
2025-06-12 03:08:00,83.1
2025-06-12 10:17:00,28.9
2025-06-12 23:38:00,51.9
2025-06-12 17:30:00,21.2
2025-06-12 01:47:00,75.5
2025-06-12 02:55:00,59.2
2025-06-12 05:18:00,58.0
2025-06-12 08:51:00,54.1
2025-06-12 11:55:00,50.0
2025-06-12 02:52:00,49.791111632270166
2025-06-12 00:38:00,64.8
2025-06-12 04:25:00,77.8
2025-06-12 13:57:00,54.5
2025-06-12 15:06:00,6.0
2025-06-12 08:27:00,49.791111632270166
2025-06-12 04:49:00,61.2
2025-06-12 12:13:00,45.7
2025-06-12 20:17:00,12.7
2025-06-12 23:02:00,67.0
2025-06-12 02:01:00,49.791111632270166
2025-06-12 19:40:00,78.9
2025-06-12 23:14:00,73.9
2025-06-12 19:43:00,63.4
2025-06-12 23:44:00,30.1
2025-06-12 10:23:00,30.5
2025-06-12 02:51:00,33.7
2025-06-12 16:25:00,99.8
2025-06-12 14:57:00,54.2
2025-06-12 19:54:00,28.3
2025-06-12 06:32:00,21.6
2025-06-12 22:08:00,95.5
2025-06-12 00:32:00,24.8
2025-06-12 07:36:00,49.791111632270166
2025-06-12 06:33:00,29.6
2025-06-12 15:17:00,49.791111632270166
2025-06-12 10:35:00,39.4
2025-06-12 00:10:00,14.8
2025-06-12 20:08:00,96.7
2025-06-12 02:28:00,24.0
2025-06-12 00:00:00,99.6
2025-06-12 08:03:00,47.5
2025-06-12 07:37:00,76.9
2025-06-12 06:21:00,46.7
2025-06-12 11:05:00,70.1
2025-06-12 04:47:00,97.8
2025-06-12 06:03:00,79.9
2025-06-12 00:20:00,42.9
2025-06-12 06:21:00,87.0
2025-06-12 11:35:00,31.1
2025-06-12 07:05:00,36.3
2025-06-12 02:51:00,80.6
2025-06-12 06:53:00,49.791111632270166
2025-06-12 18:03:00,84.5
2025-06-12 14:23:00,38.1
2025-06-12 02:54:00,68.0
2025-06-12 06:00:00,72.1
2025-06-12 07:37:00,67.5
2025-06-12 19:23:00,97.0
2025-06-12 16:46:00,49.791111632270166
2025-06-12 17:43:00,49.791111632270166
2025-06-12 04:09:00,47.3
2025-06-12 18:05:00,21.8
2025-06-12 05:40:00,90.5
2025-06-12 13:33:00,49.791111632270166
2025-06-12 13:14:00,38.9
2025-06-12 18:52:00,6.2
2025-06-12 16:09:00,14.2
2025-06-12 03:31:00,19.6
2025-06-12 09:06:00,86.6
2025-06-12 10:37:00,77.7
2025-06-12 22:24:00,39.8
2025-06-12 06:11:00,2.8
2025-06-12 08:17:00,49.791111632270166
2025-06-12 21:32:00,80.5
2025-06-12 01:31:00,46.0
2025-06-12 15:20:00,49.791111632270166
2025-06-12 01:58:00,80.2
2025-06-12 12:43:00,17.6
2025-06-12 19:22:00,98.7
2025-06-12 07:06:00,49.791111632270166
2025-06-12 02:20:00,29.1
2025-06-12 06:41:00,49.791111632270166
2025-06-12 19:41:00,66.7
2025-06-12 05:39:00,90.1
2025-06-12 21:14:00,37.4
2025-06-12 02:08:00,49.791111632270166
2025-06-12 04:34:00,74.3
2025-06-12 02:30:00,49.791111632270166
2025-06-12 04:31:00,95.1
2025-06-12 19:37:00,96.2
2025-06-12 10:15:00,9.7
2025-06-12 18:56:00,66.8
2025-06-12 14:16:00,68.7
2025-06-12 05:56:00,39.5
2025-06-12 17:30:00,37.8
2025-06-12 18:17:00,51.1
2025-06-12 16:31:00,6.5
2025-06-12 13:31:00,49.791111632270166
2025-06-12 23:41:00,82.8
2025-06-12 11:08:00,49.791111632270166
2025-06-12 12:52:00,95.4
2025-06-12 19:53:00,49.791111632270166
2025-06-12 22:22:00,99.8
2025-06-12 16:11:00,69.6
2025-06-12 02:30:00,59.3
2025-06-12 06:56:00,52.9
2025-06-12 22:53:00,2.0
2025-06-12 20:26:00,6.1
2025-06-12 08:38:00,46.3
2025-06-12 06:32:00,22.1
2025-06-12 17:56:00,5.3
2025-06-12 09:43:00,20.7
2025-06-12 22:40:00,49.791111632270166
2025-06-12 10:34:00,44.4
2025-06-12 03:36:00,99.5
2025-06-12 02:21:00,47.8
2025-06-12 19:49:00,76.4
2025-06-12 09:04:00,14.1
2025-06-12 12:21:00,89.8
2025-06-12 21:02:00,53.0
2025-06-12 10:04:00,28.0
2025-06-12 04:25:00,28.0
2025-06-12 09:40:00,2.5
2025-06-12 12:56:00,49.791111632270166
2025-06-12 23:10:00,61.8
2025-06-12 20:43:00,7.9
2025-06-12 10:59:00,1.7
2025-06-12 15:06:00,9.4
2025-06-12 12:46:00,16.1
2025-06-12 08:56:00,33.5
2025-06-12 09:46:00,72.9
2025-06-12 09:05:00,4.5
2025-06-12 15:00:00,63.5
2025-06-12 20:17:00,26.9
2025-06-12 23:23:00,91.3
2025-06-12 07:22:00,70.6
2025-06-12 01:33:00,5.6
2025-06-12 15:31:00,55.3
2025-06-12 16:42:00,97.9
2025-06-12 19:15:00,65.5
2025-06-12 06:01:00,4.8
2025-06-12 23:35:00,59.7
2025-06-12 16:25:00,0.8
2025-06-12 12:08:00,36.0
2025-06-12 16:36:00,98.5
2025-06-12 21:21:00,73.0
2025-06-12 08:13:00,6.6
2025-06-12 07:43:00,77.0
2025-06-12 09:55:00,17.6
2025-06-12 13:10:00,52.4
2025-06-12 15:00:00,20.4
2025-06-12 08:25:00,55.2
2025-06-12 18:30:00,38.6
2025-06-12 03:23:00,94.1
2025-06-12 19:55:00,20.5
2025-06-12 04:55:00,49.6
2025-06-12 07:53:00,88.5
2025-06-12 02:34:00,2.5
2025-06-12 13:01:00,14.4
2025-06-12 16:10:00,29.1
2025-06-12 14:24:00,50.406503298774744
2025-06-12 00:26:00,9.9
2025-06-12 04:16:00,6.6
2025-06-12 23:43:00,5.8
2025-06-12 03:41:00,50.406503298774744
2025-06-12 15:06:00,79.8
2025-06-12 14:46:00,64.5
2025-06-12 10:46:00,56.3
2025-06-12 00:29:00,64.9
2025-06-12 11:11:00,50.406503298774744
2025-06-12 02:19:00,50.406503298774744
2025-06-12 04:35:00,41.3
2025-06-12 00:52:00,50.406503298774744
2025-06-12 01:34:00,50.406503298774744
2025-06-12 04:40:00,78.6
2025-06-12 14:08:00,12.0
2025-06-12 12:35:00,18.0
2025-06-12 19:37:00,50.406503298774744
2025-06-12 19:29:00,68.8
2025-06-12 08:54:00,15.7
2025-06-12 14:31:00,38.8
2025-06-12 00:28:00,9.4
2025-06-12 11:38:00,1.4
2025-06-12 19:58:00,58.7
2025-06-12 07:37:00,41.8
2025-06-12 00:15:00,43.6
2025-06-12 18:59:00,78.5
2025-06-12 02:51:00,49.8
2025-06-12 11:59:00,78.8
2025-06-12 21:50:00,35.5
2025-06-12 07:56:00,50.406503298774744
2025-06-12 16:18:00,3.7
2025-06-12 17:00:00,18.3
2025-06-12 13:49:00,50.406503298774744
2025-06-12 03:46:00,89.8
2025-06-12 03:33:00,44.2
2025-06-12 17:39:00,50.406503298774744
2025-06-12 20:54:00,50.406503298774744
2025-06-12 13:16:00,90.7
2025-06-12 13:33:00,18.6
2025-06-12 06:13:00,18.3
2025-06-12 09:29:00,50.406503298774744
2025-06-12 12:24:00,34.7
2025-06-12 12:00:00,1.1
2025-06-12 07:11:00,50.406503298774744
2025-06-12 20:23:00,38.5
2025-06-12 06:53:00,92.9
2025-06-12 03:43:00,57.1
2025-06-12 09:23:00,30.6
2025-06-12 21:35:00,95.8
2025-06-12 00:59:00,25.9
2025-06-12 01:08:00,50.406503298774744
2025-06-12 06:30:00,50.406503298774744
2025-06-12 02:14:00,60.5
2025-06-12 19:52:00,33.0
2025-06-12 01:52:00,60.5
2025-06-12 03:48:00,50.406503298774744
2025-06-12 21:36:00,50.406503298774744
2025-06-12 15:29:00,50.406503298774744
2025-06-12 15:47:00,95.2
2025-06-12 14:35:00,84.7
2025-06-12 11:01:00,90.6
2025-06-12 03:11:00,65.3
2025-06-12 19:45:00,0.3
2025-06-12 04:36:00,73.9
2025-06-12 02:40:00,50.406503298774744
2025-06-12 23:10:00,69.9
2025-06-12 02:37:00,70.4
2025-06-12 12:36:00,40.7
2025-06-12 18:07:00,11.8
2025-06-12 03:40:00,78.0
2025-06-12 11:11:00,36.4
2025-06-12 11:08:00,2.8
2025-06-12 01:02:00,50.406503298774744
2025-06-12 16:00:00,65.5
2025-06-12 15:50:00,30.2
2025-06-12 07:48:00,50.406503298774744
2025-06-12 22:36:00,19.7
2025-06-12 01:33:00,63.7
2025-06-12 08:59:00,91.8
2025-06-12 21:52:00,50.406503298774744
2025-06-12 11:21:00,82.5
2025-06-12 20:03:00,57.5
2025-06-12 11:22:00,50.406503298774744
2025-06-12 06:30:00,61.9
2025-06-12 08:18:00,65.0
2025-06-12 15:14:00,14.0
2025-06-12 19:17:00,21.9
2025-06-12 17:06:00,50.406503298774744
2025-06-12 23:57:00,86.0
2025-06-12 02:06:00,65.7
2025-06-12 12:39:00,53.4
2025-06-12 05:13:00,68.2
2025-06-12 09:16:00,77.1
2025-06-12 02:06:00,91.1
2025-06-12 21:01:00,48.1
2025-06-12 16:38:00,86.5
2025-06-12 08:52:00,13.8
2025-06-12 15:38:00,51.1
2025-06-12 06:20:00,4.0
2025-06-12 14:26:00,50.406503298774744
2025-06-12 01:15:00,37.7
2025-06-12 04:16:00,56.1
2025-06-12 18:16:00,80.9
2025-06-12 03:15:00,4.0
2025-06-12 04:53:00,35.3
2025-06-12 02:36:00,73.9
2025-06-12 16:23:00,48.5
2025-06-12 14:44:00,15.7
2025-06-12 13:11:00,50.406503298774744
2025-06-12 04:48:00,74.7
2025-06-12 00:35:00,11.4
2025-06-12 07:55:00,64.2
2025-06-12 00:15:00,85.0
2025-06-12 08:36:00,58.9
2025-06-12 21:47:00,75.3
2025-06-12 01:46:00,84.2
2025-06-12 09:18:00,76.1
2025-06-12 06:14:00,81.1
2025-06-12 04:14:00,50.406503298774744
2025-06-12 02:47:00,50.406503298774744
2025-06-12 16:14:00,92.7
2025-06-12 21:47:00,87.4
2025-06-12 14:31:00,52.7
2025-06-12 03:38:00,18.5
2025-06-12 14:18:00,8.7
2025-06-12 12:49:00,15.6
2025-06-12 17:46:00,83.0
2025-06-12 13:24:00,45.7
2025-06-12 21:43:00,83.8
2025-06-12 17:35:00,50.406503298774744
2025-06-12 02:33:00,50.406503298774744
2025-06-12 16:05:00,50.406503298774744
2025-06-12 19:19:00,2.5
2025-06-12 13:45:00,13.1
2025-06-12 22:15:00,37.6
2025-06-12 21:07:00,89.2
2025-06-12 23:15:00,8.2
2025-06-12 22:40:00,99.2
2025-06-12 20:03:00,20.8
2025-06-12 04:32:00,73.1
2025-06-12 14:34:00,50.406503298774744
2025-06-12 08:03:00,13.4
2025-06-12 01:06:00,10.7
2025-06-12 03:57:00,27.5
2025-06-12 02:36:00,0.3
2025-06-12 20:00:00,5.0
2025-06-12 11:41:00,90.6
2025-06-12 14:58:00,23.3
2025-06-12 02:59:00,13.6
2025-06-12 16:10:00,42.8
2025-06-12 05:41:00,74.9
2025-06-12 13:34:00,45.4
2025-06-12 23:32:00,3.3
2025-06-12 01:00:00,31.1
2025-06-12 02:07:00,32.9
2025-06-12 16:33:00,21.9
2025-06-12 16:06:00,37.8
2025-06-12 20:24:00,16.7
2025-06-12 04:29:00,14.5
2025-06-12 12:44:00,50.406503298774744
2025-06-12 14:19:00,91.1
2025-06-12 17:30:00,76.7
2025-06-12 14:42:00,15.2
2025-06-12 08:00:00,21.7
2025-06-12 09:23:00,50.406503298774744
2025-06-12 14:20:00,17.6
2025-06-12 20:00:00,50.406503298774744
2025-06-12 15:31:00,0.1
2025-06-12 19:55:00,88.7
2025-06-12 11:28:00,50.406503298774744
2025-06-12 05:50:00,7.3
2025-06-12 08:23:00,64.9
2025-06-12 21:44:00,50.406503298774744
2025-06-12 14:11:00,80.4
2025-06-12 09:06:00,31.1
2025-06-12 06:12:00,80.0
2025-06-12 00:38:00,27.0
2025-06-12 15:46:00,50.406503298774744
2025-06-12 07:57:00,12.3
2025-06-12 02:39:00,53.5
2025-06-12 06:15:00,58.9
2025-06-12 19:04:00,46.3
2025-06-12 23:44:00,61.2
2025-06-12 00:49:00,22.6
2025-06-12 13:14:00,23.4
2025-06-12 01:37:00,30.3
2025-06-12 22:27:00,14.6
2025-06-12 17:57:00,23.7
2025-06-12 18:34:00,48.1
2025-06-12 04:51:00,31.6
2025-06-12 18:49:00,50.406503298774744
2025-06-12 03:05:00,28.8
2025-06-12 23:47:00,50.406503298774744
2025-06-12 09:14:00,50.406503298774744
2025-06-12 14:41:00,92.7
2025-06-12 16:21:00,52.3
2025-06-12 07:16:00,78.2
2025-06-12 19:20:00,78.3
2025-06-12 04:00:00,95.4
2025-06-12 06:12:00,70.3
2025-06-12 14:50:00,79.5
2025-06-12 18:40:00,2.5
2025-06-12 18:15:00,79.0
2025-06-12 02:48:00,45.1
2025-06-12 13:28:00,4.5
2025-06-12 11:32:00,20.6
2025-06-12 21:17:00,35.7
2025-06-12 22:23:00,45.4
2025-06-12 09:10:00,33.8
2025-06-12 13:26:00,99.2
2025-06-12 05:15:00,39.6
2025-06-12 23:34:00,21.0
2025-06-12 23:22:00,50.406503298774744
2025-06-12 08:18:00,42.2
2025-06-12 07:28:00,50.406503298774744
2025-06-12 11:13:00,76.6
2025-06-12 21:35:00,5.0
2025-06-12 22:17:00,57.3
2025-06-12 07:44:00,50.406503298774744
2025-06-12 20:55:00,67.9
2025-06-12 10:57:00,69.6
2025-06-12 22:16:00,83.6
2025-06-12 03:06:00,30.0
2025-06-12 11:32:00,90.2
2025-06-12 15:40:00,50.406503298774744
2025-06-12 21:03:00,49.1
2025-06-12 20:20:00,42.1
2025-06-12 09:22:00,50.0
2025-06-12 17:46:00,1.2
2025-06-12 14:21:00,6.1
2025-06-12 11:54:00,69.3
2025-06-12 18:25:00,51.0
2025-06-12 21:46:00,1.3
2025-06-12 00:34:00,47.8
2025-06-12 08:39:00,78.5
2025-06-12 19:57:00,42.9
2025-06-12 06:39:00,60.8
2025-06-12 20:51:00,28.3
2025-06-12 01:33:00,34.5
2025-06-12 16:21:00,77.1
2025-06-12 19:15:00,77.6
2025-06-12 09:53:00,65.7
2025-06-12 08:03:00,66.4
2025-06-12 14:04:00,74.4
2025-06-12 01:14:00,19.7
2025-06-12 22:55:00,81.2
2025-06-12 00:13:00,21.4
2025-06-12 02:20:00,15.2
2025-06-12 00:24:00,99.7
2025-06-12 08:35:00,8.2
2025-06-12 18:14:00,81.8
2025-06-12 04:41:00,49.0
2025-06-12 23:53:00,76.7
2025-06-12 12:52:00,50.406503298774744
2025-06-12 21:46:00,4.0
2025-06-12 19:44:00,48.3
2025-06-12 14:07:00,99.7
2025-06-12 04:05:00,93.2
2025-06-12 04:38:00,50.406503298774744
2025-06-12 10:48:00,97.8
2025-06-12 10:31:00,50.406503298774744
2025-06-12 13:31:00,50.406503298774744
2025-06-12 05:03:00,21.8
2025-06-12 12:56:00,46.2
2025-06-12 11:48:00,77.5
2025-06-12 05:41:00,87.4
2025-06-12 06:08:00,50.406503298774744
2025-06-12 12:20:00,62.4
2025-06-12 22:48:00,22.0
2025-06-12 12:44:00,81.9
2025-06-12 17:42:00,13.4
2025-06-12 07:54:00,35.9
2025-06-12 18:25:00,50.406503298774744
2025-06-12 04:04:00,23.1
2025-06-12 02:49:00,73.7
2025-06-12 00:36:00,71.1
2025-06-12 03:31:00,10.1
2025-06-12 15:46:00,50.406503298774744
2025-06-12 21:50:00,30.8
2025-06-12 20:51:00,11.5
2025-06-12 04:37:00,28.5
2025-06-12 12:49:00,11.7
2025-06-12 11:26:00,35.3
2025-06-12 13:04:00,95.6
2025-06-12 12:47:00,46.3
2025-06-12 18:00:00,77.9
2025-06-12 05:18:00,79.3
2025-06-12 06:55:00,70.3
2025-06-12 18:07:00,34.3
2025-06-12 21:36:00,73.2
2025-06-12 07:12:00,92.7
2025-06-12 22:55:00,56.7
2025-06-12 18:33:00,85.0
2025-06-12 08:12:00,21.0
2025-06-12 22:09:00,77.8
2025-06-12 05:55:00,24.8
2025-06-12 12:26:00,85.0
2025-06-12 22:00:00,89.7
2025-06-12 18:11:00,33.3
2025-06-12 08:48:00,42.0
2025-06-12 07:08:00,61.8
2025-06-12 03:19:00,10.3
2025-06-12 17:32:00,98.8
2025-06-12 06:25:00,24.9
2025-06-12 19:46:00,73.9
2025-06-12 06:37:00,12.0
2025-06-12 05:05:00,14.4
2025-06-12 11:48:00,67.2
2025-06-12 00:24:00,75.4
2025-06-12 04:13:00,19.6
2025-06-12 18:40:00,24.3
2025-06-12 20:05:00,11.7
2025-06-12 04:05:00,92.4
2025-06-12 14:06:00,41.9
2025-06-12 19:37:00,6.2
2025-06-12 04:45:00,61.3
2025-06-12 22:35:00,13.1
2025-06-12 10:04:00,75.4
2025-06-12 13:40:00,50.406503298774744
2025-06-12 17:10:00,33.8
2025-06-12 14:38:00,70.5
2025-06-12 19:07:00,50.406503298774744
2025-06-12 10:32:00,29.6
2025-06-12 03:23:00,31.5
2025-06-12 13:24:00,47.2
2025-06-12 09:25:00,50.406503298774744
2025-06-12 20:02:00,50.406503298774744
2025-06-12 04:25:00,16.6
2025-06-12 01:20:00,55.5
2025-06-12 01:54:00,70.5
2025-06-12 03:26:00,16.2
2025-06-12 02:29:00,80.8
2025-06-12 19:07:00,40.8
2025-06-12 06:06:00,36.7
2025-06-12 18:10:00,2.2
2025-06-12 00:54:00,56.0
2025-06-12 13:49:00,50.406503298774744
2025-06-12 04:18:00,50.406503298774744
2025-06-12 13:44:00,72.7
2025-06-12 19:28:00,56.1
2025-06-12 20:58:00,7.3
2025-06-12 06:40:00,20.3
2025-06-12 05:36:00,36.3
2025-06-12 10:55:00,79.9
2025-06-12 16:20:00,30.9
2025-06-12 09:19:00,94.5
2025-06-12 19:35:00,92.9
2025-06-12 23:58:00,49.4
2025-06-12 07:18:00,68.0
2025-06-12 22:31:00,59.9
2025-06-12 14:05:00,60.9
2025-06-12 13:12:00,5.4
2025-06-12 19:50:00,6.0
2025-06-12 21:52:00,67.5
2025-06-12 17:25:00,34.6
2025-06-12 09:14:00,25.7
2025-06-12 07:42:00,79.0
2025-06-12 10:16:00,73.4
2025-06-12 15:41:00,50.3160582227961
2025-06-12 03:59:00,8.5
2025-06-12 07:29:00,43.5
2025-06-12 13:20:00,50.3160582227961
2025-06-12 14:53:00,7.4
2025-06-12 00:13:00,29.6
2025-06-12 04:18:00,66.6
2025-06-12 06:24:00,66.4
2025-06-12 12:53:00,50.3160582227961
2025-06-12 00:39:00,50.3160582227961
2025-06-12 23:27:00,88.6
2025-06-12 09:14:00,50.3160582227961
2025-06-12 01:42:00,58.7
2025-06-12 00:25:00,69.6
2025-06-12 23:46:00,20.0
2025-06-12 20:35:00,93.4
2025-06-12 17:41:00,50.3160582227961
2025-06-12 12:51:00,26.9
2025-06-12 15:28:00,84.9
2025-06-12 08:56:00,50.3160582227961
2025-06-12 23:59:00,50.3160582227961
2025-06-12 12:06:00,73.1
2025-06-12 10:38:00,99.9
2025-06-12 10:27:00,22.6
2025-06-12 00:06:00,3.6
2025-06-12 05:57:00,25.9
2025-06-12 10:22:00,73.0
2025-06-12 09:07:00,74.9
2025-06-12 01:04:00,21.8
2025-06-12 19:39:00,96.3
2025-06-12 13:20:00,5.1
2025-06-12 08:03:00,89.9
2025-06-12 04:37:00,64.2
2025-06-12 20:16:00,15.3
2025-06-12 22:12:00,80.8
2025-06-12 18:50:00,86.8
2025-06-12 14:16:00,50.3160582227961
2025-06-12 06:33:00,28.7
2025-06-12 05:19:00,78.4
2025-06-12 13:24:00,50.3160582227961
2025-06-12 14:13:00,50.3160582227961
2025-06-12 21:00:00,51.4
2025-06-12 12:16:00,38.9
2025-06-12 16:54:00,55.7
2025-06-12 19:57:00,2.1
2025-06-12 06:52:00,50.3160582227961
2025-06-12 13:56:00,50.3160582227961
2025-06-12 19:02:00,3.0
2025-06-12 07:31:00,84.4
2025-06-12 12:22:00,4.9
2025-06-12 15:12:00,70.0
2025-06-12 00:14:00,15.2
2025-06-12 02:35:00,89.8
2025-06-12 20:44:00,33.9
2025-06-12 07:16:00,0.2
2025-06-12 21:05:00,48.2
2025-06-12 12:37:00,55.4
2025-06-12 08:32:00,50.3160582227961
2025-06-12 19:34:00,89.6
2025-06-12 14:22:00,87.6
2025-06-12 19:20:00,24.3
2025-06-12 01:49:00,34.8
2025-06-12 02:57:00,60.4
2025-06-12 07:02:00,97.0
2025-06-12 19:56:00,55.3
2025-06-12 21:19:00,99.4
2025-06-12 12:27:00,22.8
2025-06-12 18:57:00,50.3160582227961
2025-06-12 04:04:00,50.3160582227961
2025-06-12 15:13:00,71.8
2025-06-12 08:54:00,1.7
2025-06-12 00:43:00,2.3
2025-06-12 09:57:00,26.2
2025-06-12 06:54:00,16.9
2025-06-12 22:15:00,13.3
2025-06-12 00:55:00,0.2
2025-06-12 19:22:00,70.9
2025-06-12 06:20:00,47.2
2025-06-12 14:16:00,5.9
2025-06-12 07:52:00,66.9
2025-06-12 22:28:00,85.8
2025-06-12 16:13:00,92.1
2025-06-12 12:09:00,58.9
2025-06-12 21:24:00,99.9
2025-06-12 22:05:00,61.7
2025-06-12 07:55:00,25.1
2025-06-12 07:05:00,40.2
2025-06-12 15:36:00,75.9
2025-06-12 19:47:00,43.4
2025-06-12 00:32:00,96.8
2025-06-12 05:24:00,54.6
2025-06-12 04:43:00,42.5
2025-06-12 21:02:00,0.8
2025-06-12 20:53:00,65.0
2025-06-12 14:13:00,83.8
2025-06-12 01:11:00,65.2
2025-06-12 21:05:00,50.3160582227961
2025-06-12 11:40:00,21.6
2025-06-12 19:06:00,4.1
2025-06-12 10:28:00,46.1
2025-06-12 03:30:00,54.4
2025-06-12 17:55:00,27.9
2025-06-12 02:06:00,50.3160582227961
2025-06-12 19:29:00,50.3160582227961
2025-06-12 22:41:00,45.1
2025-06-12 10:15:00,31.2
2025-06-12 06:49:00,56.7
2025-06-12 01:23:00,70.7
2025-06-12 07:49:00,46.0
2025-06-12 01:58:00,48.0
2025-06-12 01:28:00,80.1
2025-06-12 14:35:00,50.3160582227961
2025-06-12 08:23:00,8.7
2025-06-12 13:11:00,19.6
2025-06-12 18:24:00,2.4
2025-06-12 02:26:00,44.1
2025-06-12 19:38:00,80.3
2025-06-12 15:30:00,50.3160582227961
2025-06-12 22:59:00,78.2
2025-06-12 03:57:00,31.2
2025-06-12 11:08:00,44.4
2025-06-12 21:57:00,20.5
2025-06-12 16:08:00,50.3160582227961
2025-06-12 15:54:00,77.6
2025-06-12 18:44:00,55.4
2025-06-12 20:56:00,85.6
2025-06-12 20:29:00,50.3160582227961
2025-06-12 14:44:00,19.7
2025-06-12 15:38:00,46.1
2025-06-12 20:15:00,88.0
2025-06-12 23:30:00,95.9
2025-06-12 00:28:00,50.3160582227961
2025-06-12 11:09:00,70.1
2025-06-12 04:45:00,98.5
2025-06-12 05:30:00,19.9
2025-06-12 20:07:00,95.0
2025-06-12 10:01:00,50.3160582227961
2025-06-12 16:55:00,50.3160582227961
2025-06-12 05:25:00,90.6
2025-06-12 17:11:00,7.8
2025-06-12 06:44:00,34.2
2025-06-12 23:48:00,1.2
2025-06-12 04:15:00,50.3160582227961
2025-06-12 06:14:00,58.2
2025-06-12 14:43:00,46.9
2025-06-12 11:43:00,50.3160582227961
2025-06-12 21:26:00,96.4
2025-06-12 02:19:00,68.6
2025-06-12 08:02:00,89.0
2025-06-12 09:32:00,51.9
2025-06-12 05:21:00,18.5
2025-06-12 00:13:00,80.6
2025-06-12 09:44:00,30.1
2025-06-12 20:39:00,98.6
2025-06-12 05:03:00,89.6
2025-06-12 22:14:00,16.2
2025-06-12 22:05:00,40.9
2025-06-12 20:21:00,2.2
2025-06-12 22:12:00,68.4
2025-06-12 19:05:00,96.1
2025-06-12 16:25:00,71.0
2025-06-12 02:42:00,92.1
2025-06-12 22:52:00,64.4
2025-06-12 03:53:00,7.1
2025-06-12 20:58:00,3.5
2025-06-12 21:48:00,32.4
2025-06-12 12:34:00,33.7
2025-06-12 19:25:00,3.9
2025-06-12 04:38:00,50.3160582227961
2025-06-12 17:09:00,7.9
2025-06-12 19:36:00,33.8
2025-06-12 13:48:00,26.4
2025-06-12 10:46:00,3.8
2025-06-12 13:58:00,45.7
2025-06-12 11:35:00,50.3160582227961
2025-06-12 05:50:00,41.6
2025-06-12 23:48:00,75.1
2025-06-12 06:07:00,50.3160582227961
2025-06-12 10:02:00,77.4
2025-06-12 10:47:00,50.3160582227961
2025-06-12 01:01:00,98.2
2025-06-12 12:30:00,20.0
2025-06-12 04:42:00,20.0
2025-06-12 21:23:00,50.3160582227961
2025-06-12 23:32:00,6.8
2025-06-12 09:35:00,98.2
2025-06-12 10:51:00,53.5
2025-06-12 23:15:00,11.1
2025-06-12 01:06:00,88.1
2025-06-12 10:07:00,16.6
2025-06-12 01:59:00,88.5
2025-06-12 18:34:00,89.8
2025-06-12 14:51:00,94.6
2025-06-12 15:55:00,66.5
2025-06-12 03:47:00,25.4
2025-06-12 16:16:00,63.1
2025-06-12 09:56:00,63.8
2025-06-12 14:37:00,32.3
2025-06-12 18:13:00,50.3160582227961
2025-06-12 17:15:00,88.2
2025-06-12 20:15:00,10.2
2025-06-12 03:31:00,39.9
2025-06-12 15:03:00,85.9
2025-06-12 20:27:00,93.6
2025-06-12 02:45:00,81.0
2025-06-12 20:13:00,18.5
2025-06-12 10:32:00,45.8
2025-06-12 12:24:00,47.1
2025-06-12 18:57:00,5.9
2025-06-12 04:11:00,55.7
2025-06-12 06:45:00,39.7
2025-06-12 20:05:00,88.6
2025-06-12 21:06:00,50.3160582227961
2025-06-12 23:56:00,11.8
2025-06-12 08:31:00,46.2
2025-06-12 13:29:00,25.1
2025-06-12 19:07:00,93.0
2025-06-12 10:22:00,50.3160582227961
2025-06-12 23:50:00,47.1
2025-06-12 08:13:00,71.6
2025-06-12 00:26:00,65.1
2025-06-12 06:13:00,96.8
2025-06-12 10:13:00,78.2
2025-06-12 01:27:00,27.9
2025-06-12 23:12:00,95.7
2025-06-12 02:28:00,3.0
2025-06-12 18:06:00,61.5
2025-06-12 14:46:00,8.7
2025-06-12 09:13:00,30.7
2025-06-12 05:25:00,4.4
2025-06-12 05:40:00,74.8
2025-06-12 04:54:00,27.7
2025-06-12 15:13:00,55.5
2025-06-12 20:48:00,37.1
2025-06-12 17:47:00,50.3
2025-06-12 12:08:00,73.4
2025-06-12 05:32:00,50.3160582227961
2025-06-12 11:21:00,62.7
2025-06-12 14:29:00,47.8
2025-06-12 00:12:00,78.8
2025-06-12 16:06:00,47.4
2025-06-12 08:22:00,39.7
2025-06-12 13:18:00,96.7
2025-06-12 03:09:00,52.4
2025-06-12 05:00:00,83.6
2025-06-12 17:44:00,70.1
2025-06-12 20:12:00,35.9
2025-06-12 04:00:00,28.0
2025-06-12 06:38:00,35.2
2025-06-12 07:15:00,5.6
2025-06-12 14:18:00,45.4
2025-06-12 08:28:00,83.2
2025-06-12 08:28:00,57.9
2025-06-12 12:17:00,13.9
2025-06-12 05:20:00,50.3160582227961
2025-06-12 04:35:00,35.9
2025-06-12 23:40:00,52.6
2025-06-12 08:52:00,38.8
2025-06-12 23:16:00,80.9
2025-06-12 14:10:00,27.4
2025-06-12 08:17:00,1.0
2025-06-12 09:37:00,56.9
2025-06-12 03:45:00,93.7
2025-06-12 05:30:00,50.3160582227961
2025-06-12 11:20:00,50.4
2025-06-12 12:29:00,18.0
2025-06-12 20:31:00,63.6
2025-06-12 05:39:00,91.6
2025-06-12 11:52:00,86.2
2025-06-12 20:11:00,50.3160582227961
2025-06-12 12:01:00,30.8
2025-06-12 01:21:00,82.3
2025-06-12 06:43:00,7.6
2025-06-12 03:46:00,86.8
2025-06-12 14:24:00,76.9
2025-06-12 03:11:00,49.3
2025-06-12 09:23:00,36.6
2025-06-12 02:48:00,78.9
2025-06-12 23:12:00,67.4
2025-06-12 21:55:00,77.3
2025-06-12 14:58:00,26.4
2025-06-12 21:04:00,14.0
2025-06-12 21:12:00,32.7
2025-06-12 21:08:00,47.1
2025-06-12 12:23:00,87.6
2025-06-12 14:07:00,67.4
2025-06-12 08:22:00,78.1
2025-06-12 05:48:00,51.6
2025-06-12 08:30:00,37.5
2025-06-12 20:25:00,86.7
2025-06-12 08:56:00,78.2
2025-06-12 23:55:00,86.7
2025-06-12 17:25:00,56.1
2025-06-12 14:08:00,33.4
2025-06-12 23:51:00,55.9
2025-06-12 04:55:00,56.3
2025-06-12 09:31:00,50.3160582227961
2025-06-12 03:08:00,64.5
2025-06-12 21:08:00,84.4
2025-06-12 02:55:00,50.3160582227961
2025-06-12 14:29:00,57.9
2025-06-12 15:56:00,88.5
2025-06-12 19:06:00,51.6
2025-06-12 04:53:00,89.1
2025-06-12 05:57:00,50.3160582227961
2025-06-12 10:13:00,83.9
2025-06-12 19:22:00,50.3160582227961
2025-06-12 10:03:00,40.1
2025-06-12 00:50:00,30.8
2025-06-12 18:11:00,36.4
2025-06-12 06:59:00,42.5
2025-06-12 15:50:00,27.1
2025-06-12 22:17:00,1.0
2025-06-12 12:52:00,74.5
2025-06-12 08:44:00,24.8
2025-06-12 06:44:00,13.8
2025-06-12 09:10:00,99.6
2025-06-12 22:44:00,83.7
2025-06-12 20:56:00,77.9
2025-06-12 14:03:00,72.5
2025-06-12 06:16:00,89.5
2025-06-12 16:27:00,35.7
2025-06-12 08:04:00,21.1
2025-06-12 13:24:00,78.2
2025-06-12 17:41:00,53.7
2025-06-12 17:13:00,78.2
2025-06-12 11:37:00,42.7
2025-06-12 09:53:00,92.3
2025-06-12 18:22:00,20.3
2025-06-12 05:45:00,16.9
2025-06-12 03:49:00,24.1
2025-06-12 18:26:00,35.0
2025-06-12 16:40:00,86.6
2025-06-12 04:00:00,19.1
2025-06-12 21:47:00,75.7
2025-06-12 06:00:00,33.4
2025-06-12 13:41:00,37.7
2025-06-12 18:57:00,23.1
2025-06-12 10:59:00,60.8
2025-06-12 09:11:00,82.2
2025-06-12 16:37:00,53.3
2025-06-12 10:44:00,50.04954009433962
2025-06-12 20:33:00,4.3
2025-06-12 14:43:00,87.4
2025-06-12 16:58:00,5.8
2025-06-12 22:16:00,97.1
2025-06-12 16:48:00,27.4
2025-06-12 16:26:00,21.3
2025-06-12 19:28:00,94.4
2025-06-12 22:59:00,27.4
2025-06-12 14:48:00,50.04954009433962
2025-06-12 03:55:00,11.9
2025-06-12 05:50:00,96.8
2025-06-12 05:15:00,75.6
2025-06-12 07:15:00,82.4
2025-06-12 03:34:00,36.3
2025-06-12 23:07:00,76.4
2025-06-12 22:57:00,30.2
2025-06-12 08:41:00,72.7
2025-06-12 09:52:00,76.6
2025-06-12 09:47:00,50.04954009433962
2025-06-12 02:03:00,94.3
2025-06-12 01:07:00,24.7
2025-06-12 23:05:00,94.6
2025-06-12 23:49:00,75.5
2025-06-12 07:43:00,4.4
2025-06-12 13:28:00,96.8
2025-06-12 01:57:00,50.04954009433962
2025-06-12 08:41:00,8.4
2025-06-12 04:20:00,74.1
2025-06-12 10:01:00,69.7
2025-06-12 14:40:00,14.5
2025-06-12 13:50:00,5.1
2025-06-12 02:09:00,31.9
2025-06-12 15:41:00,15.4
2025-06-12 07:17:00,79.9
2025-06-12 18:11:00,33.9
2025-06-12 18:03:00,49.9
2025-06-12 06:13:00,60.5
2025-06-12 21:53:00,98.9
2025-06-12 18:04:00,42.1
2025-06-12 17:46:00,24.2
2025-06-12 15:55:00,50.04954009433962
2025-06-12 11:16:00,10.6
2025-06-12 02:22:00,61.5
2025-06-12 01:43:00,19.2
2025-06-12 15:38:00,50.04954009433962
2025-06-12 22:27:00,10.3
2025-06-12 17:48:00,66.7
2025-06-12 15:58:00,20.5
2025-06-12 08:07:00,58.6
2025-06-12 09:27:00,14.6
2025-06-12 07:18:00,47.1
2025-06-12 22:35:00,34.0
2025-06-12 14:51:00,79.6
2025-06-12 12:54:00,2.5
2025-06-12 05:50:00,50.04954009433962
2025-06-12 05:30:00,15.8
2025-06-12 15:00:00,68.9
2025-06-12 08:24:00,50.04954009433962
2025-06-12 05:06:00,33.7
2025-06-12 02:42:00,67.1
2025-06-12 03:41:00,50.04954009433962
2025-06-12 03:52:00,38.9
2025-06-12 04:28:00,50.04954009433962
2025-06-12 16:45:00,89.1
2025-06-12 12:21:00,4.9
2025-06-12 05:59:00,97.3
2025-06-12 23:31:00,50.04954009433962
2025-06-12 20:52:00,78.0
2025-06-12 03:47:00,78.2
2025-06-12 04:13:00,90.9
2025-06-12 03:56:00,31.2
2025-06-12 13:43:00,40.6
2025-06-12 12:04:00,45.8
2025-06-12 23:55:00,91.2
2025-06-12 20:04:00,45.1
2025-06-12 07:34:00,92.5
2025-06-12 06:01:00,88.5
2025-06-12 12:03:00,50.04954009433962
2025-06-12 12:21:00,54.8
2025-06-12 21:13:00,16.7
2025-06-12 01:55:00,22.6
2025-06-12 14:19:00,49.0
2025-06-12 05:55:00,54.0
2025-06-12 14:24:00,77.3
2025-06-12 14:31:00,80.7
2025-06-12 16:44:00,55.1
2025-06-12 14:48:00,49.3
2025-06-12 04:10:00,50.04954009433962
2025-06-12 03:56:00,52.4
2025-06-12 19:58:00,53.7
2025-06-12 10:09:00,61.7
2025-06-12 14:08:00,35.6
2025-06-12 22:08:00,55.7
2025-06-12 08:45:00,0.4
2025-06-12 00:46:00,50.6
2025-06-12 22:27:00,42.3
2025-06-12 14:05:00,19.1
2025-06-12 07:31:00,96.9
2025-06-12 23:16:00,82.4
2025-06-12 22:12:00,66.5
2025-06-12 11:03:00,8.0
2025-06-12 05:03:00,98.1
2025-06-12 13:11:00,90.1
2025-06-12 23:20:00,58.1
2025-06-12 00:37:00,9.7
2025-06-12 06:11:00,1.9
2025-06-12 07:14:00,53.5
2025-06-12 01:34:00,94.6
2025-06-12 02:46:00,18.7
2025-06-12 02:36:00,50.04954009433962
2025-06-12 01:46:00,98.5
2025-06-12 10:25:00,50.04954009433962
2025-06-12 04:37:00,36.0
2025-06-12 00:43:00,42.3
2025-06-12 02:14:00,12.5
2025-06-12 00:02:00,29.4
2025-06-12 08:09:00,50.04954009433962
2025-06-12 17:52:00,78.9
2025-06-12 07:56:00,94.3
2025-06-12 00:24:00,86.3
2025-06-12 05:28:00,50.04954009433962
2025-06-12 03:33:00,32.5
2025-06-12 06:04:00,50.04954009433962
2025-06-12 01:20:00,50.04954009433962
2025-06-12 19:55:00,91.7
2025-06-12 13:34:00,38.9
2025-06-12 20:20:00,31.9
2025-06-12 05:17:00,58.6
2025-06-12 07:43:00,50.1
2025-06-12 05:23:00,35.6
2025-06-12 09:30:00,86.7
2025-06-12 16:06:00,1.8
2025-06-12 19:49:00,96.6
2025-06-12 10:23:00,32.5
2025-06-12 11:26:00,77.2
2025-06-12 08:36:00,80.8
2025-06-12 00:31:00,34.6
2025-06-12 23:12:00,47.3
2025-06-12 21:12:00,21.7
2025-06-12 12:53:00,31.7
2025-06-12 08:29:00,24.5
2025-06-12 17:09:00,2.2
2025-06-12 19:21:00,87.5
2025-06-12 01:32:00,19.5
2025-06-12 10:47:00,52.5
2025-06-12 02:38:00,72.3
2025-06-12 23:30:00,9.4
2025-06-12 03:08:00,40.9
2025-06-12 11:06:00,89.6
2025-06-12 16:39:00,34.1
2025-06-12 09:06:00,67.4
2025-06-12 21:50:00,98.2
2025-06-12 03:45:00,60.7
2025-06-12 18:20:00,75.4
2025-06-12 00:41:00,42.8
2025-06-12 07:03:00,56.5
2025-06-12 18:17:00,54.1
2025-06-12 15:40:00,44.0
2025-06-12 07:31:00,84.0
2025-06-12 06:45:00,46.7
2025-06-12 17:59:00,96.2
2025-06-12 01:25:00,97.2
2025-06-12 08:00:00,17.9
2025-06-12 22:51:00,50.04954009433962
2025-06-12 09:40:00,9.7
2025-06-12 21:10:00,97.1
2025-06-12 20:41:00,60.7
2025-06-12 15:11:00,6.4
2025-06-12 22:30:00,58.8
2025-06-12 13:09:00,82.5
2025-06-12 21:44:00,59.0
2025-06-12 04:52:00,70.9
2025-06-12 00:41:00,99.7
2025-06-12 00:48:00,25.1
2025-06-12 07:14:00,46.4
2025-06-12 13:29:00,65.3
2025-06-12 09:16:00,82.7
2025-06-12 12:16:00,21.9
2025-06-12 20:36:00,50.04954009433962
2025-06-12 06:39:00,69.4
2025-06-12 07:48:00,6.6
2025-06-12 15:36:00,91.8
2025-06-12 07:31:00,50.04954009433962
2025-06-12 20:24:00,97.5
2025-06-12 20:18:00,56.4
2025-06-12 04:56:00,80.2
2025-06-12 07:10:00,50.04954009433962
2025-06-12 23:19:00,25.1
2025-06-12 09:58:00,68.1
2025-06-12 07:33:00,36.1
2025-06-12 02:40:00,0.1
2025-06-12 21:42:00,50.04954009433962
2025-06-12 03:48:00,48.5
2025-06-12 10:45:00,32.0
2025-06-12 16:01:00,76.3
2025-06-12 10:15:00,26.1
2025-06-12 11:42:00,98.9
2025-06-12 04:39:00,44.8
2025-06-12 14:03:00,35.9
2025-06-12 03:56:00,50.04954009433962
2025-06-12 11:34:00,15.6
2025-06-12 15:49:00,20.7
2025-06-12 11:34:00,73.2
2025-06-12 23:22:00,50.04954009433962
2025-06-12 19:54:00,50.04954009433962
2025-06-12 08:02:00,64.4
2025-06-12 08:04:00,34.9
2025-06-12 05:20:00,86.0
2025-06-12 17:09:00,50.04954009433962
2025-06-12 09:07:00,19.5
2025-06-12 06:17:00,33.9
2025-06-12 00:15:00,57.7
2025-06-12 21:13:00,8.4
2025-06-12 12:20:00,85.6
2025-06-12 00:14:00,50.04954009433962
2025-06-12 21:19:00,58.4
2025-06-12 17:45:00,50.04954009433962
2025-06-12 21:48:00,31.0
2025-06-12 06:55:00,59.8
2025-06-12 05:28:00,54.9
2025-06-12 06:51:00,57.6
2025-06-12 12:49:00,9.8
2025-06-12 22:57:00,91.0
2025-06-12 07:02:00,65.7
2025-06-12 21:06:00,50.04954009433962
2025-06-12 07:26:00,7.1
2025-06-12 14:37:00,42.6
2025-06-12 09:02:00,84.9
2025-06-12 18:45:00,41.3
2025-06-12 11:54:00,36.1
2025-06-12 10:20:00,77.8
2025-06-12 07:59:00,20.1
2025-06-12 14:42:00,76.4
2025-06-12 07:06:00,34.4
2025-06-12 02:53:00,30.8
2025-06-12 15:07:00,97.5
2025-06-12 04:00:00,82.2
2025-06-12 03:25:00,41.4
2025-06-12 17:48:00,62.5
2025-06-12 09:29:00,83.0
2025-06-12 14:36:00,59.0
2025-06-12 20:09:00,46.4
2025-06-12 22:47:00,18.5
2025-06-12 10:13:00,85.3
2025-06-12 00:53:00,74.8
2025-06-12 18:59:00,42.8
2025-06-12 23:44:00,50.04954009433962
2025-06-12 14:27:00,34.9
2025-06-12 15:24:00,61.7
2025-06-12 15:47:00,50.04954009433962
2025-06-12 16:15:00,61.9
2025-06-12 07:27:00,50.04954009433962
2025-06-12 06:18:00,5.2
2025-06-12 19:41:00,2.4
2025-06-12 07:20:00,30.6
2025-06-12 16:48:00,95.2
2025-06-12 09:28:00,26.9
2025-06-12 05:47:00,50.04954009433962
2025-06-12 13:41:00,2.2
2025-06-12 21:47:00,11.8
2025-06-12 14:23:00,21.3
2025-06-12 06:05:00,32.6
2025-06-12 19:57:00,51.6
2025-06-12 21:51:00,50.04954009433962
2025-06-12 09:05:00,11.0
2025-06-12 08:50:00,50.04954009433962
2025-06-12 02:12:00,39.7
2025-06-12 19:55:00,57.0
2025-06-12 20:58:00,27.4
2025-06-12 19:39:00,26.6
2025-06-12 15:14:00,50.04954009433962
2025-06-12 21:51:00,32.2
2025-06-12 10:02:00,31.8
2025-06-12 05:20:00,7.9
2025-06-12 20:16:00,77.4
2025-06-12 06:39:00,31.1
2025-06-12 02:03:00,18.4
2025-06-12 21:29:00,47.8
2025-06-12 21:37:00,2.1
2025-06-12 03:34:00,28.2
2025-06-12 19:51:00,8.2
2025-06-12 18:29:00,50.04954009433962
2025-06-12 14:30:00,67.7
2025-06-12 03:09:00,20.1
2025-06-12 20:34:00,16.2
2025-06-12 13:42:00,50.04954009433962
2025-06-12 04:22:00,60.6
2025-06-12 03:37:00,54.5
2025-06-12 20:43:00,0.6
2025-06-12 23:42:00,77.6
2025-06-12 19:29:00,50.04954009433962
2025-06-12 00:00:00,26.5
2025-06-12 17:40:00,31.6
2025-06-12 13:35:00,88.8
2025-06-12 20:33:00,17.7
2025-06-12 08:42:00,55.6
2025-06-12 15:36:00,65.8
2025-06-12 16:17:00,73.7
2025-06-12 02:28:00,35.8
2025-06-12 15:53:00,25.5
2025-06-12 00:52:00,23.6
2025-06-12 21:28:00,50.04954009433962
2025-06-12 00:21:00,48.8
2025-06-12 18:15:00,77.7
2025-06-12 08:59:00,78.4
2025-06-12 20:11:00,92.2
2025-06-12 22:15:00,26.9
2025-06-12 01:26:00,85.2
2025-06-12 02:43:00,61.3
2025-06-12 19:58:00,32.9
2025-06-12 19:52:00,6.6
2025-06-12 20:14:00,1.5
2025-06-12 18:40:00,76.0
2025-06-12 01:44:00,7.7
2025-06-12 09:13:00,50.04954009433962
2025-06-12 02:08:00,27.8
2025-06-12 09:48:00,27.2
2025-06-12 20:41:00,4.9
2025-06-12 19:43:00,50.04954009433962
2025-06-12 14:17:00,36.2
2025-06-12 20:20:00,50.04954009433962
2025-06-12 09:02:00,73.9
2025-06-12 04:17:00,4.4
2025-06-12 16:03:00,77.4
2025-06-12 01:18:00,50.06682414078186
2025-06-12 10:44:00,93.5
2025-06-12 10:01:00,20.7
2025-06-12 03:10:00,90.9
2025-06-12 06:40:00,46.4
2025-06-12 21:08:00,68.0
2025-06-12 03:50:00,9.8
2025-06-12 11:39:00,41.7
2025-06-12 02:01:00,50.06682414078186
2025-06-12 07:32:00,72.5
2025-06-12 21:02:00,82.0
2025-06-12 21:29:00,29.5
2025-06-12 07:59:00,61.1
2025-06-12 13:14:00,95.4
2025-06-12 00:30:00,91.8
2025-06-12 15:36:00,50.06682414078186
2025-06-12 02:49:00,50.06682414078186
2025-06-12 02:15:00,12.3
2025-06-12 05:33:00,62.3
2025-06-12 08:36:00,13.4
2025-06-12 19:30:00,22.7
2025-06-12 08:10:00,79.4
2025-06-12 19:32:00,36.6
2025-06-12 22:28:00,66.8
2025-06-12 12:37:00,25.1
2025-06-12 05:14:00,3.4
2025-06-12 14:45:00,50.06682414078186
2025-06-12 11:33:00,87.2
2025-06-12 15:31:00,76.2
2025-06-12 18:02:00,80.2
2025-06-12 04:15:00,35.9
2025-06-12 20:12:00,50.06682414078186
2025-06-12 00:00:00,15.8
2025-06-12 20:37:00,12.0
2025-06-12 04:34:00,94.6
2025-06-12 07:08:00,70.5
2025-06-12 05:51:00,33.0
2025-06-12 08:04:00,80.7
2025-06-12 11:31:00,10.2
2025-06-12 05:53:00,84.7
2025-06-12 07:25:00,40.0
2025-06-12 21:43:00,89.6
2025-06-12 16:00:00,51.9
2025-06-12 01:27:00,64.0
2025-06-12 22:31:00,16.2
2025-06-12 13:15:00,25.7
2025-06-12 14:25:00,82.4
2025-06-12 22:41:00,50.06682414078186
2025-06-12 03:08:00,40.0
2025-06-12 11:34:00,22.4
2025-06-12 06:35:00,62.9
2025-06-12 00:47:00,50.6
2025-06-12 19:58:00,92.1
2025-06-12 14:28:00,68.6
2025-06-12 13:42:00,52.8
2025-06-12 07:15:00,7.5
2025-06-12 19:24:00,82.0
2025-06-12 04:14:00,7.3
2025-06-12 20:08:00,19.9
2025-06-12 19:14:00,48.1
2025-06-12 22:41:00,28.5
2025-06-12 18:52:00,15.6
2025-06-12 02:14:00,95.6
2025-06-12 15:55:00,92.8
2025-06-12 16:39:00,50.06682414078186
2025-06-12 00:01:00,50.06682414078186
2025-06-12 01:06:00,52.7
2025-06-12 03:54:00,38.2
2025-06-12 16:28:00,50.06682414078186
2025-06-12 17:02:00,90.1
2025-06-12 01:51:00,75.5
2025-06-12 13:17:00,39.3
2025-06-12 10:47:00,50.06682414078186
2025-06-12 00:36:00,50.06682414078186
2025-06-12 12:22:00,69.8
2025-06-12 02:58:00,70.2
2025-06-12 01:31:00,19.9
2025-06-12 00:04:00,52.2
2025-06-12 21:07:00,27.8
2025-06-12 09:43:00,79.1
2025-06-12 03:10:00,50.06682414078186
2025-06-12 22:26:00,71.5
2025-06-12 14:09:00,4.0
2025-06-12 20:12:00,93.6
2025-06-12 20:35:00,41.4
2025-06-12 20:26:00,50.06682414078186
2025-06-12 06:45:00,7.2
2025-06-12 05:36:00,18.6
2025-06-12 20:54:00,64.1
2025-06-12 18:55:00,50.2
2025-06-12 00:39:00,15.0
2025-06-12 04:09:00,89.9
2025-06-12 13:56:00,69.5
2025-06-12 12:22:00,44.0
2025-06-12 13:58:00,95.0
2025-06-12 05:42:00,1.2
2025-06-12 13:53:00,46.3
2025-06-12 16:16:00,50.06682414078186
2025-06-12 15:16:00,97.5
2025-06-12 09:38:00,70.5
2025-06-12 10:13:00,10.7
2025-06-12 15:04:00,22.3
2025-06-12 14:17:00,97.4
2025-06-12 08:09:00,70.9
2025-06-12 09:32:00,50.06682414078186
2025-06-12 13:26:00,98.9
2025-06-12 12:50:00,9.8
2025-06-12 04:10:00,22.4
2025-06-12 06:26:00,26.7
2025-06-12 13:32:00,77.9
2025-06-12 00:38:00,1.9
2025-06-12 06:35:00,2.2
2025-06-12 06:18:00,50.06682414078186
2025-06-12 11:30:00,14.1
2025-06-12 19:35:00,47.7
2025-06-12 08:27:00,87.0
2025-06-12 23:30:00,12.9
2025-06-12 07:13:00,7.0
2025-06-12 07:32:00,82.3
2025-06-12 19:17:00,12.1
2025-06-12 03:58:00,64.3
2025-06-12 06:41:00,50.06682414078186
2025-06-12 10:19:00,74.1
2025-06-12 19:47:00,43.5
2025-06-12 11:36:00,47.9
2025-06-12 14:47:00,92.5
2025-06-12 12:22:00,22.6
2025-06-12 11:56:00,80.3
2025-06-12 10:36:00,67.8
2025-06-12 06:33:00,99.1
2025-06-12 16:25:00,10.9
2025-06-12 09:57:00,40.2
2025-06-12 08:20:00,99.3
2025-06-12 01:05:00,19.1
2025-06-12 19:14:00,26.5
2025-06-12 06:15:00,24.9
2025-06-12 16:57:00,31.4
2025-06-12 20:39:00,57.7
2025-06-12 14:44:00,84.5
2025-06-12 07:34:00,50.06682414078186
2025-06-12 02:33:00,76.8
2025-06-12 06:47:00,80.4
2025-06-12 23:49:00,57.5
2025-06-12 22:57:00,50.06682414078186
2025-06-12 22:46:00,39.8
2025-06-12 07:01:00,35.1
2025-06-12 00:24:00,17.8
2025-06-12 12:29:00,63.7
2025-06-12 03:03:00,46.6
2025-06-12 06:29:00,47.9
2025-06-12 10:16:00,22.9
2025-06-12 11:53:00,30.7
2025-06-12 17:03:00,29.8
2025-06-12 06:25:00,88.6
2025-06-12 16:10:00,21.2
2025-06-12 22:55:00,2.5
2025-06-12 07:14:00,43.3
2025-06-12 18:04:00,50.06682414078186
2025-06-12 13:32:00,28.4
2025-06-12 00:31:00,50.06682414078186
2025-06-12 06:32:00,96.3
2025-06-12 00:49:00,50.3
2025-06-12 15:59:00,50.06682414078186
2025-06-12 10:13:00,49.7
2025-06-12 22:06:00,10.5
2025-06-12 13:50:00,30.9
2025-06-12 07:14:00,85.4
2025-06-12 22:57:00,19.0
2025-06-12 04:44:00,6.4
2025-06-12 05:31:00,87.1
2025-06-12 08:58:00,9.9
2025-06-12 03:36:00,70.9
2025-06-12 00:39:00,16.5
2025-06-12 10:42:00,19.6
2025-06-12 09:38:00,50.06682414078186
2025-06-12 17:39:00,96.0
2025-06-12 02:56:00,89.2
2025-06-12 02:10:00,92.6
2025-06-12 17:58:00,14.1
2025-06-12 19:12:00,35.1
2025-06-12 05:53:00,43.0
2025-06-12 03:38:00,60.8
2025-06-12 08:07:00,52.7
2025-06-12 10:13:00,3.6
2025-06-12 13:31:00,78.4
2025-06-12 01:12:00,50.06682414078186
2025-06-12 05:46:00,50.06682414078186
2025-06-12 19:41:00,88.2
2025-06-12 02:40:00,64.7
2025-06-12 01:36:00,30.1
2025-06-12 12:00:00,80.3
2025-06-12 15:44:00,38.8
2025-06-12 03:42:00,28.7
2025-06-12 16:32:00,54.9
2025-06-12 01:46:00,79.1
2025-06-12 18:22:00,5.3
2025-06-12 08:27:00,78.6
2025-06-12 13:30:00,50.06682414078186
2025-06-12 00:35:00,9.2
2025-06-12 00:08:00,64.2
2025-06-12 11:36:00,11.5
2025-06-12 18:14:00,87.3
2025-06-12 01:24:00,39.0
2025-06-12 21:56:00,21.4
2025-06-12 16:59:00,5.0
2025-06-12 20:15:00,6.0
2025-06-12 03:45:00,86.8
2025-06-12 05:32:00,82.9
2025-06-12 11:14:00,27.1
2025-06-12 07:18:00,72.1
2025-06-12 18:46:00,41.7
2025-06-12 23:03:00,47.5
2025-06-12 22:31:00,29.7
2025-06-12 22:18:00,11.9
2025-06-12 12:18:00,50.0
2025-06-12 13:24:00,48.6
2025-06-12 10:39:00,32.4
2025-06-12 06:17:00,71.4
2025-06-12 18:12:00,60.5
2025-06-12 05:10:00,41.8
2025-06-12 00:16:00,4.4
2025-06-12 21:11:00,79.9
2025-06-12 06:08:00,38.7
2025-06-12 00:23:00,93.2
2025-06-12 22:37:00,5.3
2025-06-12 13:29:00,98.2
2025-06-12 15:09:00,92.0
2025-06-12 07:56:00,93.2
2025-06-12 17:45:00,52.9
2025-06-12 10:34:00,65.7
2025-06-12 13:50:00,54.8
2025-06-12 08:45:00,68.9
2025-06-12 20:44:00,14.3
2025-06-12 18:55:00,96.3
2025-06-12 16:54:00,50.06682414078186
2025-06-12 22:47:00,31.8
2025-06-12 09:46:00,50.06682414078186
2025-06-12 04:38:00,84.9
2025-06-12 11:06:00,71.0
2025-06-12 12:32:00,50.06682414078186
2025-06-12 04:44:00,48.2
2025-06-12 16:42:00,78.7
2025-06-12 02:37:00,8.1
2025-06-12 03:21:00,50.06682414078186
2025-06-12 22:46:00,72.3
2025-06-12 01:13:00,58.0
2025-06-12 03:18:00,41.1
2025-06-12 03:29:00,50.06682414078186
2025-06-12 16:45:00,30.3
2025-06-12 05:14:00,50.06682414078186
2025-06-12 00:55:00,29.8
2025-06-12 02:17:00,47.9
2025-06-12 15:30:00,41.1
2025-06-12 15:22:00,50.06682414078186
2025-06-12 13:26:00,56.0
2025-06-12 03:26:00,98.4
2025-06-12 23:29:00,64.6
2025-06-12 19:59:00,50.06682414078186
2025-06-12 09:20:00,77.4
2025-06-12 11:41:00,50.06682414078186
2025-06-12 21:57:00,71.5
2025-06-12 17:17:00,71.9
2025-06-12 11:36:00,17.8
2025-06-12 09:32:00,54.2
2025-06-12 03:50:00,64.5
2025-06-12 10:44:00,34.6
2025-06-12 07:06:00,28.9
2025-06-12 06:20:00,59.4
2025-06-12 15:22:00,50.06682414078186
2025-06-12 14:37:00,50.06682414078186
2025-06-12 08:13:00,21.4
2025-06-12 23:27:00,52.3
2025-06-12 04:47:00,55.9
2025-06-12 00:59:00,92.5
2025-06-12 22:54:00,13.8
2025-06-12 12:35:00,98.9
2025-06-12 21:05:00,50.06682414078186
2025-06-12 10:44:00,8.0
2025-06-12 03:02:00,11.7
2025-06-12 18:27:00,40.1
2025-06-12 18:33:00,56.6
2025-06-12 14:18:00,50.06682414078186
2025-06-12 08:47:00,42.7
2025-06-12 06:51:00,17.1
2025-06-12 15:40:00,81.0
2025-06-12 12:48:00,40.2
2025-06-12 00:46:00,21.1
2025-06-12 04:41:00,90.1
2025-06-12 05:53:00,69.6
2025-06-12 04:48:00,78.9
2025-06-12 03:04:00,60.0
2025-06-12 20:01:00,54.6
2025-06-12 22:05:00,43.9
2025-06-12 05:04:00,4.4
2025-06-12 02:02:00,42.9
2025-06-12 11:35:00,51.6
2025-06-12 08:21:00,32.3
2025-06-12 04:13:00,81.7
2025-06-12 23:41:00,14.0
2025-06-12 18:56:00,72.1
2025-06-12 08:11:00,13.5
2025-06-12 15:54:00,64.7
2025-06-12 14:14:00,52.8
2025-06-12 07:34:00,92.4
2025-06-12 18:40:00,90.8
2025-06-12 21:40:00,76.2
2025-06-12 07:40:00,27.3
2025-06-12 09:25:00,99.6
2025-06-12 00:43:00,95.1
2025-06-12 19:52:00,50.06682414078186
2025-06-12 23:42:00,26.8
2025-06-12 20:20:00,20.0
2025-06-12 09:58:00,4.2
2025-06-12 10:43:00,63.8
2025-06-12 07:06:00,22.2
2025-06-12 03:52:00,55.9
2025-06-12 11:02:00,53.7
2025-06-12 15:55:00,40.7
2025-06-12 00:41:00,40.7
2025-06-12 01:17:00,49.6
2025-06-12 06:43:00,30.2
2025-06-12 09:26:00,1.7
2025-06-12 16:19:00,50.06682414078186
2025-06-12 18:54:00,17.8
2025-06-12 06:31:00,92.7
2025-06-12 21:54:00,85.2
2025-06-12 04:04:00,54.2
2025-06-12 04:09:00,35.0
2025-06-12 07:50:00,23.4
2025-06-12 14:53:00,16.9
2025-06-12 20:30:00,69.2
2025-06-12 03:20:00,49.378098152289034
2025-06-12 15:04:00,39.7
2025-06-12 18:04:00,94.1
2025-06-12 20:58:00,39.6
2025-06-12 12:59:00,45.6
2025-06-12 06:58:00,49.378098152289034
2025-06-12 02:53:00,37.0
2025-06-12 04:42:00,49.378098152289034
2025-06-12 14:16:00,35.5
2025-06-12 10:29:00,49.378098152289034
2025-06-12 01:10:00,41.1
2025-06-12 20:37:00,31.6
2025-06-12 06:11:00,4.2
2025-06-12 21:32:00,39.7
2025-06-12 03:28:00,49.378098152289034
2025-06-12 15:14:00,49.378098152289034
2025-06-12 19:29:00,88.0
2025-06-12 02:59:00,4.3
2025-06-12 15:09:00,49.378098152289034
2025-06-12 20:12:00,81.5
2025-06-12 08:58:00,74.0
2025-06-12 23:24:00,36.6
2025-06-12 23:16:00,49.378098152289034
2025-06-12 20:06:00,46.4
2025-06-12 19:22:00,7.9
2025-06-12 17:20:00,83.8
2025-06-12 05:24:00,38.0
2025-06-12 08:16:00,82.7
2025-06-12 15:18:00,7.0
2025-06-12 09:23:00,21.9
2025-06-12 03:01:00,17.2
2025-06-12 19:00:00,49.378098152289034
2025-06-12 06:27:00,98.9
2025-06-12 02:53:00,95.7
2025-06-12 17:30:00,49.378098152289034
2025-06-12 05:08:00,76.9
2025-06-12 18:13:00,75.0
2025-06-12 04:11:00,49.378098152289034
2025-06-12 11:29:00,18.1
2025-06-12 15:47:00,49.378098152289034
2025-06-12 22:21:00,49.378098152289034
2025-06-12 21:19:00,13.5
2025-06-12 18:54:00,49.378098152289034
2025-06-12 06:19:00,49.378098152289034
2025-06-12 20:29:00,41.3
2025-06-12 03:29:00,53.3
2025-06-12 17:45:00,15.7
2025-06-12 15:22:00,47.6
2025-06-12 03:40:00,23.7
2025-06-12 05:52:00,91.0
2025-06-12 23:52:00,49.378098152289034
2025-06-12 22:16:00,48.7
2025-06-12 08:44:00,74.6
2025-06-12 08:09:00,42.4
2025-06-12 13:03:00,49.378098152289034
2025-06-12 18:23:00,83.3
2025-06-12 22:22:00,49.378098152289034
2025-06-12 20:55:00,49.378098152289034
2025-06-12 18:05:00,18.0
2025-06-12 03:39:00,3.7
2025-06-12 04:15:00,95.9
2025-06-12 08:54:00,43.2
2025-06-12 09:48:00,64.9
2025-06-12 11:35:00,52.2
2025-06-12 07:35:00,79.2
2025-06-12 03:32:00,2.7
2025-06-12 09:18:00,49.378098152289034
2025-06-12 18:40:00,49.378098152289034
2025-06-12 17:03:00,49.378098152289034
2025-06-12 07:36:00,7.4
2025-06-12 04:03:00,81.7
2025-06-12 22:47:00,49.378098152289034
2025-06-12 21:15:00,49.378098152289034
2025-06-12 09:28:00,67.3
2025-06-12 21:24:00,95.8
2025-06-12 00:08:00,62.2
2025-06-12 12:41:00,56.5
2025-06-12 18:59:00,43.8
2025-06-12 01:46:00,62.6
2025-06-12 08:11:00,53.4
2025-06-12 11:26:00,55.8
2025-06-12 10:33:00,33.6
2025-06-12 14:06:00,62.3
2025-06-12 15:31:00,1.1
2025-06-12 14:40:00,45.3
2025-06-12 07:31:00,75.4
2025-06-12 00:20:00,97.3
2025-06-12 03:46:00,85.3
2025-06-12 21:58:00,49.378098152289034
2025-06-12 23:34:00,84.5
2025-06-12 05:15:00,49.378098152289034
2025-06-12 13:53:00,49.378098152289034
2025-06-12 08:51:00,57.7
2025-06-12 04:18:00,49.378098152289034
2025-06-12 16:56:00,49.378098152289034
2025-06-12 21:06:00,68.3
2025-06-12 11:02:00,83.3
2025-06-12 17:59:00,36.4
2025-06-12 23:04:00,8.9
2025-06-12 06:04:00,65.7
2025-06-12 13:49:00,49.378098152289034
2025-06-12 21:09:00,21.1
2025-06-12 21:26:00,62.3
2025-06-12 06:01:00,49.378098152289034
2025-06-12 08:04:00,52.0
2025-06-12 08:36:00,83.4
2025-06-12 05:22:00,22.1
2025-06-12 07:40:00,49.378098152289034
2025-06-12 14:17:00,99.9
2025-06-12 09:59:00,61.9
2025-06-12 03:13:00,38.2
2025-06-12 09:31:00,9.3
2025-06-12 00:24:00,82.5
2025-06-12 04:02:00,75.8
2025-06-12 13:56:00,81.9
2025-06-12 14:13:00,30.7
2025-06-12 19:19:00,17.1
2025-06-12 16:28:00,51.4
2025-06-12 08:34:00,78.3
2025-06-12 05:22:00,37.4
2025-06-12 22:05:00,26.7
2025-06-12 20:08:00,59.8
2025-06-12 14:27:00,75.4
2025-06-12 09:51:00,43.6
2025-06-12 14:52:00,71.3
2025-06-12 20:03:00,49.378098152289034
2025-06-12 23:30:00,71.1
2025-06-12 13:14:00,54.8
2025-06-12 23:04:00,20.8
2025-06-12 00:22:00,23.9
2025-06-12 20:53:00,41.2
2025-06-12 10:43:00,49.378098152289034
2025-06-12 03:39:00,80.2
2025-06-12 22:46:00,18.5
2025-06-12 15:56:00,49.378098152289034
2025-06-12 05:09:00,56.6
2025-06-12 11:36:00,22.3
2025-06-12 23:36:00,37.5
2025-06-12 18:33:00,65.2
2025-06-12 18:35:00,49.378098152289034
2025-06-12 18:04:00,44.0
2025-06-12 22:52:00,90.3
2025-06-12 16:58:00,79.3
2025-06-12 23:27:00,5.1
2025-06-12 14:26:00,68.3
2025-06-12 14:43:00,71.9
2025-06-12 02:49:00,60.0
2025-06-12 00:48:00,83.5
2025-06-12 23:22:00,48.0
2025-06-12 06:21:00,93.8
2025-06-12 10:57:00,45.0
2025-06-12 00:57:00,93.3
2025-06-12 16:21:00,29.0
2025-06-12 11:05:00,41.5
2025-06-12 10:22:00,38.4
2025-06-12 03:30:00,76.6
2025-06-12 15:25:00,74.8
2025-06-12 16:55:00,63.8
2025-06-12 11:24:00,45.2
2025-06-12 07:59:00,49.378098152289034
2025-06-12 07:40:00,43.8
2025-06-12 15:16:00,55.1
2025-06-12 17:56:00,38.2
2025-06-12 14:45:00,82.5
2025-06-12 16:49:00,49.378098152289034
2025-06-12 08:33:00,58.4
2025-06-12 05:34:00,37.9
2025-06-12 04:50:00,53.2
2025-06-12 15:37:00,49.378098152289034
2025-06-12 09:08:00,94.7
2025-06-12 12:06:00,22.3
2025-06-12 05:58:00,23.5
2025-06-12 09:11:00,16.2
2025-06-12 11:34:00,28.6
2025-06-12 04:47:00,43.4
2025-06-12 06:39:00,15.1
2025-06-12 01:14:00,21.9
2025-06-12 03:21:00,33.4
2025-06-12 03:05:00,16.3
2025-06-12 02:18:00,49.8
2025-06-12 10:31:00,79.5
2025-06-12 14:44:00,59.9
2025-06-12 21:35:00,49.378098152289034
2025-06-12 21:29:00,87.3
2025-06-12 18:33:00,59.6
2025-06-12 21:21:00,46.8
2025-06-12 19:37:00,22.6
2025-06-12 20:34:00,0.8
2025-06-12 07:47:00,37.3
2025-06-12 02:56:00,18.6
2025-06-12 05:43:00,60.7
2025-06-12 13:13:00,49.378098152289034
2025-06-12 16:59:00,89.9
2025-06-12 01:30:00,49.378098152289034
2025-06-12 14:49:00,6.3
2025-06-12 15:07:00,19.0
2025-06-12 12:59:00,33.4
2025-06-12 11:22:00,49.378098152289034
2025-06-12 02:29:00,49.378098152289034
2025-06-12 02:00:00,26.6
2025-06-12 19:10:00,0.0
2025-06-12 21:03:00,49.378098152289034
2025-06-12 03:20:00,60.0
2025-06-12 23:21:00,3.2
2025-06-12 07:55:00,39.3
2025-06-12 07:11:00,22.8
2025-06-12 05:48:00,49.378098152289034
2025-06-12 11:41:00,73.7
2025-06-12 12:27:00,19.5
2025-06-12 01:48:00,29.3
2025-06-12 12:35:00,85.5
2025-06-12 10:03:00,57.7
2025-06-12 04:19:00,48.2
2025-06-12 21:23:00,64.1
2025-06-12 07:43:00,32.9
2025-06-12 09:48:00,63.5
2025-06-12 04:47:00,79.6
2025-06-12 00:19:00,29.3
2025-06-12 13:34:00,76.6
2025-06-12 11:11:00,23.9
2025-06-12 06:05:00,63.4
2025-06-12 18:30:00,31.4
2025-06-12 17:23:00,93.2
2025-06-12 03:02:00,54.8
2025-06-12 22:42:00,1.3
2025-06-12 21:07:00,30.8
2025-06-12 01:15:00,40.2
2025-06-12 23:05:00,55.5
2025-06-12 22:32:00,94.6
2025-06-12 17:50:00,23.7
2025-06-12 16:09:00,29.7
2025-06-12 21:08:00,58.3
2025-06-12 02:24:00,55.0
2025-06-12 08:00:00,6.1
2025-06-12 22:05:00,35.8
2025-06-12 02:49:00,55.9
2025-06-12 22:08:00,2.4
2025-06-12 23:46:00,12.3
2025-06-12 12:57:00,22.4
2025-06-12 03:11:00,13.9
2025-06-12 16:38:00,49.378098152289034
2025-06-12 00:11:00,88.2
2025-06-12 00:00:00,58.2
2025-06-12 15:30:00,18.2
2025-06-12 02:05:00,66.9
2025-06-12 23:07:00,94.2
2025-06-12 19:11:00,51.0
2025-06-12 01:11:00,2.4
2025-06-12 11:07:00,83.1
2025-06-12 18:27:00,55.2
2025-06-12 00:40:00,46.5
2025-06-12 00:10:00,29.5
2025-06-12 11:47:00,4.8
2025-06-12 01:17:00,49.378098152289034
2025-06-12 04:13:00,68.7
2025-06-12 03:08:00,71.7
2025-06-12 12:17:00,95.7
2025-06-12 21:19:00,63.0
2025-06-12 16:05:00,34.8
2025-06-12 02:34:00,63.7
2025-06-12 18:27:00,78.5
2025-06-12 00:02:00,96.2
2025-06-12 01:59:00,49.378098152289034
2025-06-12 06:28:00,7.0
2025-06-12 15:29:00,73.8
2025-06-12 14:28:00,75.0
2025-06-12 11:16:00,93.6
2025-06-12 16:42:00,31.0
2025-06-12 02:31:00,83.3
2025-06-12 07:18:00,68.0
2025-06-12 09:30:00,10.5
2025-06-12 06:08:00,49.378098152289034
2025-06-12 20:28:00,91.7
2025-06-12 05:17:00,21.6
2025-06-12 03:59:00,32.7
2025-06-12 22:10:00,24.0
2025-06-12 15:37:00,49.378098152289034
2025-06-12 14:15:00,16.4
2025-06-12 23:58:00,28.6
2025-06-12 14:24:00,1.9
2025-06-12 01:09:00,11.9
2025-06-12 16:58:00,82.8
2025-06-12 11:15:00,49.378098152289034
2025-06-12 08:50:00,24.1
2025-06-12 13:51:00,75.9
2025-06-12 09:12:00,88.1
2025-06-12 21:28:00,35.8
2025-06-12 19:30:00,86.2
2025-06-12 09:09:00,40.9
2025-06-12 01:56:00,87.4
2025-06-12 13:25:00,11.2
2025-06-12 19:59:00,49.378098152289034
2025-06-12 20:42:00,45.5
2025-06-12 11:21:00,13.1
2025-06-12 08:10:00,49.378098152289034
2025-06-12 09:19:00,49.378098152289034
2025-06-12 19:44:00,71.3
2025-06-12 17:01:00,49.378098152289034
2025-06-12 09:03:00,51.7
2025-06-12 04:28:00,9.6
2025-06-12 21:22:00,99.5
2025-06-12 14:14:00,96.8
2025-06-12 09:23:00,66.4
2025-06-12 17:24:00,60.2
2025-06-12 07:33:00,23.0
2025-06-12 03:57:00,98.3
2025-06-12 12:53:00,49.378098152289034
2025-06-12 00:38:00,99.3
2025-06-12 16:14:00,49.378098152289034
2025-06-12 18:34:00,75.7
2025-06-12 04:02:00,62.7
2025-06-12 02:16:00,17.6
2025-06-12 11:43:00,31.0
2025-06-12 20:30:00,57.6
2025-06-12 22:48:00,1.8
2025-06-12 19:23:00,47.1
2025-06-12 15:57:00,49.378098152289034
2025-06-12 16:06:00,16.4
2025-06-12 02:03:00,69.0
2025-06-12 06:25:00,88.7
2025-06-12 11:07:00,18.7
2025-06-12 14:16:00,78.4
2025-06-12 07:42:00,84.7
2025-06-12 05:23:00,11.3
2025-06-12 07:20:00,15.2
2025-06-12 10:27:00,9.8
2025-06-12 15:38:00,95.9
2025-06-12 11:56:00,98.8
2025-06-12 08:00:00,49.86672560113154
2025-06-12 08:51:00,37.7
2025-06-12 01:31:00,11.9
2025-06-12 16:07:00,9.5
2025-06-12 17:33:00,95.0
2025-06-12 23:37:00,25.5
2025-06-12 17:46:00,6.6
2025-06-12 22:54:00,69.0
2025-06-12 19:03:00,35.5
2025-06-12 23:39:00,97.0
2025-06-12 19:03:00,3.6
2025-06-12 00:31:00,49.86672560113154
2025-06-12 00:30:00,57.9
2025-06-12 05:21:00,37.0
2025-06-12 06:25:00,99.7
2025-06-12 23:59:00,83.1
2025-06-12 11:39:00,49.86672560113154
2025-06-12 07:56:00,17.2
2025-06-12 20:19:00,61.5
2025-06-12 16:58:00,11.5
2025-06-12 14:52:00,69.8
2025-06-12 01:23:00,49.86672560113154
2025-06-12 09:51:00,35.6
2025-06-12 13:31:00,49.86672560113154
2025-06-12 17:13:00,79.3
2025-06-12 08:07:00,90.2
2025-06-12 04:21:00,26.4
2025-06-12 07:18:00,22.6
2025-06-12 16:35:00,95.3
2025-06-12 01:46:00,97.3
2025-06-12 12:51:00,49.86672560113154
2025-06-12 23:12:00,49.86672560113154
2025-06-12 07:11:00,2.8
2025-06-12 08:59:00,53.6
2025-06-12 19:07:00,26.9
2025-06-12 07:22:00,35.7
2025-06-12 02:15:00,60.1
2025-06-12 04:52:00,17.3
2025-06-12 14:16:00,49.86672560113154
2025-06-12 08:57:00,71.5
2025-06-12 06:27:00,15.4
2025-06-12 18:23:00,82.0
2025-06-12 05:05:00,7.0
2025-06-12 22:44:00,31.4
2025-06-12 17:05:00,61.5
2025-06-12 23:26:00,90.5
2025-06-12 13:01:00,88.8
2025-06-12 12:07:00,77.9
2025-06-12 09:23:00,49.86672560113154
2025-06-12 22:35:00,95.9
2025-06-12 18:36:00,49.86672560113154
2025-06-12 16:44:00,67.3
2025-06-12 14:16:00,97.1
2025-06-12 18:17:00,49.86672560113154
2025-06-12 14:35:00,3.5
2025-06-12 04:45:00,45.8
2025-06-12 01:58:00,56.5
2025-06-12 06:48:00,49.86672560113154
2025-06-12 20:59:00,15.5
2025-06-12 03:28:00,84.7
2025-06-12 20:02:00,49.86672560113154
2025-06-12 12:32:00,53.5
2025-06-12 11:28:00,49.86672560113154
2025-06-12 00:26:00,62.3
2025-06-12 01:26:00,9.8
2025-06-12 19:41:00,21.2
2025-06-12 22:00:00,82.2
2025-06-12 20:23:00,49.86672560113154
2025-06-12 21:46:00,49.86672560113154
2025-06-12 05:12:00,49.86672560113154
2025-06-12 04:44:00,63.0
2025-06-12 05:36:00,41.6
2025-06-12 11:03:00,33.2
2025-06-12 17:29:00,97.7
2025-06-12 07:00:00,49.86672560113154
2025-06-12 12:52:00,47.5
2025-06-12 20:16:00,41.8
2025-06-12 05:12:00,49.86672560113154
2025-06-12 06:10:00,54.7
2025-06-12 02:13:00,49.86672560113154
2025-06-12 17:31:00,13.1
2025-06-12 21:37:00,10.9
2025-06-12 16:32:00,46.1
2025-06-12 06:16:00,68.8
2025-06-12 04:50:00,34.6
2025-06-12 22:13:00,86.4
2025-06-12 02:36:00,70.3
2025-06-12 08:00:00,30.4
2025-06-12 13:41:00,8.7
2025-06-12 19:54:00,63.5
2025-06-12 08:06:00,57.9
2025-06-12 04:35:00,15.7
2025-06-12 15:06:00,49.86672560113154
2025-06-12 17:07:00,13.3
2025-06-12 17:20:00,49.86672560113154
2025-06-12 09:49:00,2.7
2025-06-12 05:08:00,58.3
2025-06-12 18:26:00,11.8
2025-06-12 19:11:00,49.86672560113154
2025-06-12 08:46:00,97.1
2025-06-12 23:11:00,49.86672560113154
2025-06-12 16:16:00,38.5
2025-06-12 18:09:00,50.6
2025-06-12 09:41:00,37.3
2025-06-12 16:32:00,54.7
2025-06-12 10:28:00,49.86672560113154
2025-06-12 21:19:00,9.3
2025-06-12 15:42:00,2.9
2025-06-12 04:18:00,4.4
2025-06-12 23:41:00,17.2
2025-06-12 00:32:00,36.8
2025-06-12 11:14:00,6.7
2025-06-12 16:01:00,57.0
2025-06-12 08:43:00,10.5
2025-06-12 01:04:00,0.9
2025-06-12 13:09:00,12.4
2025-06-12 00:51:00,14.9
2025-06-12 03:01:00,61.2
2025-06-12 13:26:00,52.0
2025-06-12 19:04:00,15.3
2025-06-12 18:46:00,45.0
2025-06-12 05:13:00,51.4
2025-06-12 23:58:00,50.8
2025-06-12 17:57:00,77.4
2025-06-12 07:30:00,49.86672560113154
2025-06-12 20:18:00,49.86672560113154
2025-06-12 16:09:00,14.2
2025-06-12 13:15:00,81.5
2025-06-12 11:06:00,77.6
2025-06-12 22:25:00,88.5
2025-06-12 11:13:00,47.7
2025-06-12 18:11:00,18.0
2025-06-12 23:22:00,88.3
2025-06-12 00:18:00,98.4
2025-06-12 12:44:00,83.8
2025-06-12 10:13:00,20.3
2025-06-12 17:06:00,25.0
2025-06-12 21:29:00,40.4
2025-06-12 04:05:00,3.9
2025-06-12 21:15:00,81.5
2025-06-12 07:21:00,61.3
2025-06-12 19:51:00,49.86672560113154
2025-06-12 11:42:00,98.6
2025-06-12 02:38:00,57.8
2025-06-12 18:45:00,18.7
2025-06-12 03:56:00,49.4
2025-06-12 23:25:00,99.4
2025-06-12 03:44:00,28.4
2025-06-12 02:52:00,7.1
2025-06-12 05:38:00,82.4
2025-06-12 08:35:00,31.8
2025-06-12 01:14:00,49.86672560113154
2025-06-12 20:10:00,94.0
2025-06-12 04:17:00,19.5
2025-06-12 11:51:00,85.1
2025-06-12 07:27:00,11.6
2025-06-12 13:53:00,24.4
2025-06-12 17:00:00,11.2
2025-06-12 18:12:00,16.8
2025-06-12 01:57:00,75.0
2025-06-12 15:15:00,42.0
2025-06-12 04:19:00,65.1
2025-06-12 10:41:00,70.2
2025-06-12 02:38:00,34.6
2025-06-12 18:50:00,11.6
2025-06-12 11:09:00,72.9
2025-06-12 21:56:00,57.3
2025-06-12 15:33:00,91.5
2025-06-12 01:54:00,97.5
2025-06-12 13:56:00,31.3
2025-06-12 05:00:00,43.4
2025-06-12 08:32:00,89.6
2025-06-12 08:01:00,65.5
2025-06-12 00:22:00,49.86672560113154
2025-06-12 02:36:00,75.9
2025-06-12 23:53:00,97.9
2025-06-12 20:38:00,18.7
2025-06-12 16:25:00,99.0
2025-06-12 01:00:00,49.86672560113154
2025-06-12 17:20:00,80.7
2025-06-12 14:20:00,47.1
2025-06-12 16:55:00,59.4
2025-06-12 01:28:00,92.3
2025-06-12 11:34:00,63.5
2025-06-12 19:54:00,49.86672560113154
2025-06-12 07:26:00,92.9
2025-06-12 18:49:00,49.86672560113154
2025-06-12 12:53:00,53.9
2025-06-12 15:58:00,77.5
2025-06-12 05:06:00,56.3
2025-06-12 14:19:00,25.4
2025-06-12 16:49:00,30.7
2025-06-12 03:56:00,44.6
2025-06-12 20:23:00,61.7
2025-06-12 08:44:00,85.5
2025-06-12 22:43:00,67.9
2025-06-12 02:39:00,92.7
2025-06-12 15:11:00,61.8
2025-06-12 18:43:00,44.4
2025-06-12 12:36:00,63.7
2025-06-12 01:59:00,72.5
2025-06-12 01:39:00,25.7
2025-06-12 07:06:00,71.8
2025-06-12 12:42:00,60.3
2025-06-12 07:56:00,52.4
2025-06-12 10:07:00,40.8
2025-06-12 00:55:00,49.86672560113154
2025-06-12 13:35:00,73.0
2025-06-12 04:47:00,82.1
2025-06-12 11:39:00,16.7
2025-06-12 05:25:00,89.0
2025-06-12 07:16:00,22.6
2025-06-12 20:47:00,37.8
2025-06-12 21:38:00,46.9
2025-06-12 08:34:00,36.0
2025-06-12 10:10:00,77.3
2025-06-12 18:44:00,52.7
2025-06-12 05:04:00,14.4
2025-06-12 04:30:00,33.9
2025-06-12 01:44:00,49.86672560113154
2025-06-12 09:35:00,19.5
2025-06-12 12:43:00,11.3
2025-06-12 22:31:00,49.86672560113154
2025-06-12 22:14:00,8.8
2025-06-12 14:41:00,49.86672560113154
2025-06-12 00:18:00,65.1
2025-06-12 10:23:00,44.6
2025-06-12 20:35:00,50.9
2025-06-12 13:27:00,64.7
2025-06-12 07:31:00,77.8
2025-06-12 05:51:00,40.2
2025-06-12 05:04:00,36.6
2025-06-12 06:39:00,49.86672560113154
2025-06-12 05:02:00,98.3
2025-06-12 22:00:00,88.3
2025-06-12 14:53:00,7.8
2025-06-12 01:22:00,47.3
2025-06-12 09:33:00,20.2
2025-06-12 18:22:00,14.5
2025-06-12 09:13:00,59.3
2025-06-12 04:30:00,7.1
2025-06-12 05:40:00,81.5
2025-06-12 17:26:00,63.6
2025-06-12 03:26:00,0.3
2025-06-12 19:06:00,53.5
2025-06-12 04:36:00,31.7
2025-06-12 03:29:00,49.86672560113154
2025-06-12 19:02:00,49.86672560113154
2025-06-12 01:37:00,1.5
2025-06-12 01:27:00,76.6
2025-06-12 23:32:00,43.0
2025-06-12 04:45:00,7.7
2025-06-12 06:14:00,18.1
2025-06-12 08:35:00,16.7
2025-06-12 17:23:00,49.86672560113154
2025-06-12 01:07:00,95.1
2025-06-12 20:24:00,49.86672560113154
2025-06-12 08:36:00,57.1
2025-06-12 12:50:00,49.86672560113154
2025-06-12 14:04:00,9.1
2025-06-12 16:24:00,49.86672560113154
2025-06-12 22:54:00,49.86672560113154
2025-06-12 20:00:00,43.2
2025-06-12 03:06:00,87.6
2025-06-12 11:00:00,15.6
2025-06-12 20:18:00,51.4
2025-06-12 18:59:00,13.5
2025-06-12 05:49:00,91.1
2025-06-12 20:37:00,49.86672560113154
2025-06-12 20:05:00,32.6
2025-06-12 19:49:00,18.1
2025-06-12 10:15:00,92.4
2025-06-12 14:54:00,13.4
2025-06-12 04:09:00,6.6
2025-06-12 09:08:00,15.0
2025-06-12 13:28:00,76.6
2025-06-12 14:13:00,29.5
2025-06-12 23:45:00,91.1
2025-06-12 05:53:00,52.1
2025-06-12 01:25:00,9.2
2025-06-12 06:04:00,41.6
2025-06-12 06:21:00,81.0
2025-06-12 17:24:00,62.4
2025-06-12 10:29:00,49.2
2025-06-12 06:29:00,76.6
2025-06-12 23:58:00,50.9
2025-06-12 16:04:00,37.1
2025-06-12 16:02:00,92.0
2025-06-12 08:17:00,73.9
2025-06-12 01:05:00,64.8
2025-06-12 10:01:00,64.4
2025-06-12 06:01:00,49.86672560113154
2025-06-12 00:34:00,11.1
2025-06-12 11:16:00,49.86672560113154
2025-06-12 05:27:00,69.7
2025-06-12 18:31:00,11.2
2025-06-12 07:54:00,37.4
2025-06-12 00:59:00,40.5
2025-06-12 05:00:00,76.4
2025-06-12 01:39:00,97.0
2025-06-12 09:14:00,25.8
2025-06-12 21:04:00,49.86672560113154
2025-06-12 15:21:00,57.2
2025-06-12 13:02:00,11.6
2025-06-12 18:44:00,66.5
2025-06-12 11:34:00,92.8
2025-06-12 11:55:00,70.1
2025-06-12 18:29:00,18.1
2025-06-12 04:31:00,9.2
2025-06-12 03:47:00,28.5
2025-06-12 07:44:00,49.86672560113154
2025-06-12 23:55:00,42.6
2025-06-12 07:57:00,49.86672560113154
2025-06-12 00:07:00,31.2
2025-06-12 16:35:00,96.8
2025-06-12 23:08:00,11.8
2025-06-12 10:33:00,71.4
2025-06-12 18:03:00,21.2
2025-06-12 21:30:00,56.1
2025-06-12 05:34:00,49.86672560113154
2025-06-12 11:28:00,68.8
2025-06-12 12:37:00,49.86672560113154
2025-06-12 03:48:00,2.0
2025-06-12 23:51:00,42.9
2025-06-12 11:13:00,57.6
2025-06-12 17:48:00,2.7
2025-06-12 08:15:00,66.1
2025-06-12 16:58:00,66.6
2025-06-12 06:52:00,60.6
2025-06-12 14:41:00,63.2
2025-06-12 19:37:00,21.0
2025-06-12 08:07:00,49.86672560113154
2025-06-12 16:26:00,31.3
2025-06-12 00:37:00,41.3
2025-06-12 19:31:00,65.1
2025-06-12 12:48:00,50.613932505273034
2025-06-12 07:08:00,0.8
2025-06-12 10:33:00,92.6
2025-06-12 18:20:00,97.6
2025-06-12 03:01:00,41.4
2025-06-12 19:01:00,66.2
2025-06-12 04:56:00,93.5
2025-06-12 11:53:00,85.9
2025-06-12 13:54:00,32.2
2025-06-12 01:54:00,75.3
2025-06-12 05:52:00,57.2
2025-06-12 06:56:00,88.1
2025-06-12 22:06:00,5.1
2025-06-12 06:38:00,82.3
2025-06-12 13:28:00,5.5
2025-06-12 20:35:00,89.3
2025-06-12 13:51:00,50.613932505273034
2025-06-12 11:21:00,68.4
2025-06-12 22:16:00,50.613932505273034
2025-06-12 01:12:00,16.2
2025-06-12 17:04:00,41.4
2025-06-12 01:13:00,3.4
2025-06-12 21:15:00,50.613932505273034
2025-06-12 14:23:00,47.7
2025-06-12 13:50:00,4.6
2025-06-12 06:57:00,1.3
2025-06-12 17:12:00,68.7
2025-06-12 06:12:00,50.613932505273034
2025-06-12 11:13:00,89.9
2025-06-12 16:45:00,96.9
2025-06-12 21:44:00,69.5
2025-06-12 18:00:00,96.7
2025-06-12 12:36:00,50.613932505273034
2025-06-12 19:27:00,39.2
2025-06-12 02:04:00,0.4
2025-06-12 05:41:00,39.0
2025-06-12 13:22:00,13.2
2025-06-12 08:44:00,44.2
2025-06-12 03:28:00,18.5
2025-06-12 00:34:00,27.2
2025-06-12 15:52:00,61.5
2025-06-12 15:05:00,59.4
2025-06-12 02:55:00,17.6
2025-06-12 03:38:00,14.7
2025-06-12 09:26:00,49.1
2025-06-12 11:14:00,36.7
2025-06-12 05:56:00,62.3
2025-06-12 17:05:00,54.6
2025-06-12 13:00:00,19.7
2025-06-12 17:50:00,91.7
2025-06-12 10:55:00,18.8
2025-06-12 09:21:00,87.1
2025-06-12 23:26:00,39.0
2025-06-12 13:35:00,43.8
2025-06-12 11:45:00,0.4
2025-06-12 04:45:00,50.613932505273034
2025-06-12 13:42:00,50.613932505273034
2025-06-12 01:57:00,99.6
2025-06-12 21:09:00,59.7
2025-06-12 14:27:00,32.2
2025-06-12 14:49:00,50.613932505273034
2025-06-12 14:04:00,94.6
2025-06-12 07:10:00,52.1
2025-06-12 00:32:00,77.0
2025-06-12 07:16:00,70.5
2025-06-12 02:43:00,2.8
2025-06-12 13:56:00,47.0
2025-06-12 15:54:00,75.4
2025-06-12 23:53:00,76.7
2025-06-12 11:52:00,47.3
2025-06-12 07:20:00,94.2
2025-06-12 14:19:00,14.8
2025-06-12 09:09:00,7.2
2025-06-12 09:41:00,6.0
2025-06-12 15:23:00,68.7
2025-06-12 14:29:00,7.4
2025-06-12 13:32:00,4.1
2025-06-12 12:32:00,27.2
2025-06-12 15:59:00,82.8
2025-06-12 06:34:00,68.3
2025-06-12 17:02:00,39.6
2025-06-12 18:22:00,10.6
2025-06-12 11:42:00,56.4
2025-06-12 01:02:00,59.7
2025-06-12 15:51:00,50.613932505273034
2025-06-12 06:24:00,5.6
2025-06-12 06:01:00,42.1
2025-06-12 21:01:00,17.8
2025-06-12 02:10:00,60.8
2025-06-12 14:38:00,50.613932505273034
2025-06-12 03:33:00,88.0
2025-06-12 17:20:00,67.5
2025-06-12 22:02:00,28.9
2025-06-12 18:23:00,95.7
2025-06-12 06:49:00,32.0
2025-06-12 06:11:00,50.613932505273034
2025-06-12 03:21:00,13.6
2025-06-12 00:58:00,26.8
2025-06-12 14:42:00,24.5
2025-06-12 12:18:00,31.8
2025-06-12 18:33:00,13.9
2025-06-12 11:15:00,35.8
2025-06-12 16:39:00,64.2
2025-06-12 03:34:00,44.5
2025-06-12 14:20:00,9.4
2025-06-12 05:39:00,46.4
2025-06-12 05:54:00,93.7
2025-06-12 08:16:00,44.6
2025-06-12 08:30:00,85.4
2025-06-12 00:12:00,50.613932505273034
2025-06-12 10:13:00,89.9
2025-06-12 07:31:00,52.8
2025-06-12 04:34:00,15.0
2025-06-12 09:37:00,38.6
2025-06-12 18:07:00,45.7
2025-06-12 20:57:00,81.9
2025-06-12 09:17:00,39.9
2025-06-12 02:10:00,13.0
2025-06-12 08:10:00,2.6
2025-06-12 21:18:00,72.6
2025-06-12 18:42:00,64.1
2025-06-12 01:00:00,78.3
2025-06-12 03:48:00,33.6
2025-06-12 13:02:00,36.9
2025-06-12 12:00:00,51.7
2025-06-12 00:58:00,60.0
2025-06-12 11:31:00,18.5
2025-06-12 23:15:00,42.6
2025-06-12 18:28:00,25.8
2025-06-12 20:19:00,50.613932505273034
2025-06-12 13:07:00,94.4
2025-06-12 04:41:00,97.3
2025-06-12 09:18:00,91.0
2025-06-12 13:02:00,64.2
2025-06-12 19:33:00,50.613932505273034
2025-06-12 05:19:00,31.0
2025-06-12 00:01:00,2.0
2025-06-12 05:47:00,42.2
2025-06-12 14:41:00,10.8
2025-06-12 19:16:00,50.613932505273034
2025-06-12 23:42:00,35.5
2025-06-12 06:10:00,28.1
2025-06-12 15:32:00,50.613932505273034
2025-06-12 14:27:00,63.2
2025-06-12 03:07:00,20.7
2025-06-12 22:32:00,34.5
2025-06-12 08:03:00,50.613932505273034
2025-06-12 10:35:00,25.8
2025-06-12 20:57:00,37.1
2025-06-12 18:25:00,50.613932505273034
2025-06-12 15:34:00,50.613932505273034
2025-06-12 05:18:00,50.613932505273034
2025-06-12 22:06:00,36.6
2025-06-12 20:37:00,85.0
2025-06-12 12:11:00,50.613932505273034
2025-06-12 18:43:00,50.613932505273034
2025-06-12 19:36:00,50.613932505273034
2025-06-12 02:01:00,18.8
2025-06-12 13:44:00,50.613932505273034
2025-06-12 22:35:00,42.0
2025-06-12 12:08:00,54.9
2025-06-12 22:10:00,57.3
2025-06-12 12:54:00,54.7
2025-06-12 05:25:00,80.7
2025-06-12 15:08:00,75.3
2025-06-12 15:49:00,53.9
2025-06-12 09:07:00,99.8
2025-06-12 19:54:00,47.4
2025-06-12 04:16:00,39.6
2025-06-12 01:42:00,74.0
2025-06-12 00:58:00,94.5
2025-06-12 06:28:00,89.8
2025-06-12 22:15:00,5.3
2025-06-12 05:56:00,37.6
2025-06-12 13:33:00,83.8
2025-06-12 22:24:00,50.9
2025-06-12 23:41:00,41.7
2025-06-12 11:06:00,28.0
2025-06-12 04:39:00,50.613932505273034
2025-06-12 18:25:00,20.0
2025-06-12 22:12:00,52.7
2025-06-12 06:42:00,23.9
2025-06-12 18:00:00,48.0
2025-06-12 01:15:00,96.6
2025-06-12 19:18:00,24.7
2025-06-12 00:05:00,87.8
2025-06-12 16:05:00,32.3
2025-06-12 23:22:00,50.5
2025-06-12 03:33:00,100.0
2025-06-12 02:40:00,81.1
2025-06-12 23:30:00,50.613932505273034
2025-06-12 19:30:00,37.2
2025-06-12 00:41:00,52.3
2025-06-12 01:22:00,4.1
2025-06-12 20:48:00,50.613932505273034
2025-06-12 06:58:00,44.1
2025-06-12 08:51:00,5.4
2025-06-12 10:20:00,50.613932505273034
2025-06-12 10:13:00,31.8
2025-06-12 04:01:00,72.4
2025-06-12 05:22:00,4.7
2025-06-12 06:45:00,41.7
2025-06-12 14:57:00,28.7
2025-06-12 08:16:00,99.0
2025-06-12 20:46:00,3.1
2025-06-12 22:31:00,50.613932505273034
2025-06-12 01:57:00,12.3
2025-06-12 04:04:00,85.3
2025-06-12 04:21:00,98.9
2025-06-12 12:01:00,50.613932505273034
2025-06-12 20:54:00,68.8
2025-06-12 16:38:00,16.6
2025-06-12 12:55:00,50.613932505273034
2025-06-12 16:17:00,42.7
2025-06-12 13:17:00,50.613932505273034
2025-06-12 06:57:00,82.4
2025-06-12 17:56:00,72.9
2025-06-12 11:16:00,93.4
2025-06-12 18:28:00,77.8
2025-06-12 12:54:00,69.6
2025-06-12 23:48:00,64.6
2025-06-12 22:10:00,50.613932505273034
2025-06-12 19:50:00,87.4
2025-06-12 19:30:00,26.2
2025-06-12 14:30:00,63.2
2025-06-12 14:50:00,20.4
2025-06-12 03:31:00,56.3
2025-06-12 18:07:00,50.613932505273034
2025-06-12 02:16:00,50.613932505273034
2025-06-12 19:44:00,68.7
2025-06-12 21:15:00,93.9
2025-06-12 19:53:00,60.7
2025-06-12 22:34:00,89.2
2025-06-12 11:29:00,50.613932505273034
2025-06-12 03:54:00,1.3
2025-06-12 17:08:00,19.9
2025-06-12 00:06:00,44.6
2025-06-12 09:37:00,6.5
2025-06-12 09:31:00,83.1
2025-06-12 23:02:00,85.8
2025-06-12 22:01:00,89.4
2025-06-12 17:03:00,82.5
2025-06-12 00:57:00,23.1
2025-06-12 01:48:00,99.7
2025-06-12 08:06:00,10.6
2025-06-12 04:04:00,25.0
2025-06-12 07:46:00,13.3
2025-06-12 00:47:00,19.7
2025-06-12 02:29:00,58.7
2025-06-12 08:20:00,50.613932505273034
2025-06-12 01:16:00,50.613932505273034
2025-06-12 21:02:00,93.5
2025-06-12 22:07:00,50.613932505273034
2025-06-12 18:04:00,99.1
2025-06-12 05:22:00,35.7
2025-06-12 23:06:00,64.3
2025-06-12 02:32:00,24.6
2025-06-12 14:37:00,41.2
2025-06-12 09:53:00,78.6
2025-06-12 04:48:00,68.3
2025-06-12 04:07:00,36.7
2025-06-12 16:41:00,70.1
2025-06-12 19:24:00,34.0
2025-06-12 20:05:00,80.9
2025-06-12 12:39:00,47.8
2025-06-12 01:14:00,95.0
2025-06-12 05:38:00,37.4
2025-06-12 20:01:00,50.613932505273034
2025-06-12 03:54:00,58.4
2025-06-12 01:14:00,78.2
2025-06-12 04:39:00,19.5
2025-06-12 20:54:00,0.5
2025-06-12 11:54:00,25.0
2025-06-12 14:20:00,9.7
2025-06-12 21:34:00,59.7
2025-06-12 16:58:00,9.8
2025-06-12 11:13:00,50.613932505273034
2025-06-12 09:03:00,98.9
2025-06-12 12:48:00,16.8
2025-06-12 05:52:00,53.1
2025-06-12 07:30:00,50.613932505273034
2025-06-12 21:02:00,50.613932505273034
2025-06-12 12:42:00,58.7
2025-06-12 16:54:00,66.9
2025-06-12 08:18:00,88.1
2025-06-12 03:05:00,11.9
2025-06-12 05:54:00,76.1
2025-06-12 12:36:00,6.3
2025-06-12 00:38:00,19.2
2025-06-12 05:24:00,94.3
2025-06-12 21:51:00,8.0
2025-06-12 23:13:00,59.0
2025-06-12 00:30:00,50.613932505273034
2025-06-12 22:00:00,34.2
2025-06-12 01:48:00,57.8
2025-06-12 02:54:00,59.3
2025-06-12 22:31:00,50.613932505273034
2025-06-12 21:04:00,4.1
2025-06-12 10:47:00,83.0
2025-06-12 21:52:00,63.2
2025-06-12 09:12:00,52.0
2025-06-12 03:45:00,44.6
2025-06-12 04:14:00,79.6
2025-06-12 18:29:00,12.0
2025-06-12 09:40:00,89.9
2025-06-12 07:09:00,28.2
2025-06-12 20:47:00,61.2
2025-06-12 02:22:00,45.8
2025-06-12 03:04:00,87.1
2025-06-12 15:02:00,53.6
2025-06-12 10:32:00,29.5
2025-06-12 01:32:00,73.1
2025-06-12 12:50:00,50.613932505273034
2025-06-12 15:17:00,23.2
2025-06-12 11:40:00,50.613932505273034
2025-06-12 15:56:00,71.6
2025-06-12 05:04:00,9.7
2025-06-12 07:34:00,50.3
2025-06-12 21:12:00,28.8
2025-06-12 22:47:00,50.613932505273034
2025-06-12 12:42:00,55.7
2025-06-12 20:10:00,18.1
2025-06-12 17:41:00,37.3
2025-06-12 06:43:00,87.4
2025-06-12 08:51:00,19.0
2025-06-12 03:51:00,36.7
2025-06-12 09:26:00,50.613932505273034
2025-06-12 09:06:00,98.4
2025-06-12 16:06:00,34.4
2025-06-12 08:07:00,33.9
2025-06-12 22:03:00,30.5
2025-06-12 17:18:00,24.6
2025-06-12 20:44:00,37.0
2025-06-12 05:24:00,54.8
2025-06-12 07:56:00,56.7
2025-06-12 00:30:00,89.4
2025-06-12 03:43:00,39.0
2025-06-12 10:57:00,50.613932505273034
2025-06-12 13:52:00,35.1
2025-06-12 18:47:00,79.1
2025-06-12 04:25:00,90.9
2025-06-12 23:20:00,77.1
2025-06-12 01:17:00,56.9
2025-06-12 22:56:00,81.4
2025-06-12 08:39:00,88.5
2025-06-12 15:24:00,12.3
2025-06-12 18:31:00,41.3
2025-06-12 11:26:00,0.9
2025-06-12 05:07:00,5.1
2025-06-12 08:41:00,18.0
2025-06-12 10:25:00,96.3
2025-06-12 16:40:00,39.7
2025-06-12 07:10:00,35.8
2025-06-12 21:59:00,52.6
2025-06-12 16:09:00,50.17195767195767
2025-06-12 01:36:00,18.6
2025-06-12 16:31:00,13.0
2025-06-12 14:24:00,18.5
2025-06-12 15:01:00,49.0
2025-06-12 10:18:00,14.9
2025-06-12 12:15:00,45.6
2025-06-12 19:25:00,41.4
2025-06-12 04:39:00,33.3
2025-06-12 16:12:00,50.17195767195767
2025-06-12 12:05:00,2.6
2025-06-12 14:54:00,67.5
2025-06-12 16:30:00,83.6
2025-06-12 05:00:00,30.2
2025-06-12 06:15:00,23.3
2025-06-12 01:54:00,71.2
2025-06-12 05:13:00,11.2
2025-06-12 16:25:00,50.17195767195767
2025-06-12 05:42:00,76.5
2025-06-12 04:45:00,57.4
2025-06-12 17:49:00,50.4
2025-06-12 07:29:00,0.1
2025-06-12 05:44:00,6.2
2025-06-12 10:45:00,76.3
2025-06-12 09:03:00,4.3
2025-06-12 07:48:00,50.17195767195767
2025-06-12 07:51:00,86.9
2025-06-12 12:14:00,50.17195767195767
2025-06-12 13:44:00,50.17195767195767
2025-06-12 19:57:00,42.5
2025-06-12 07:19:00,50.17195767195767
2025-06-12 06:20:00,44.9
2025-06-12 14:15:00,36.2
2025-06-12 13:00:00,54.9
2025-06-12 11:54:00,59.1
2025-06-12 08:30:00,50.17195767195767
2025-06-12 00:40:00,62.7
2025-06-12 13:04:00,47.8
2025-06-12 15:33:00,50.17195767195767
2025-06-12 15:17:00,55.1
2025-06-12 13:36:00,34.4
2025-06-12 03:48:00,68.6
2025-06-12 15:53:00,62.0
2025-06-12 07:38:00,93.1
2025-06-12 01:30:00,3.3
2025-06-12 11:10:00,67.9
2025-06-12 02:49:00,50.17195767195767
2025-06-12 16:00:00,65.0
2025-06-12 06:56:00,25.7
2025-06-12 19:33:00,24.7
2025-06-12 00:26:00,49.7
2025-06-12 16:54:00,67.0
2025-06-12 18:11:00,59.1
2025-06-12 21:20:00,67.2
2025-06-12 01:31:00,31.2
2025-06-12 08:55:00,58.4
2025-06-12 14:31:00,4.2
2025-06-12 03:30:00,50.17195767195767
2025-06-12 21:51:00,50.17195767195767
2025-06-12 10:06:00,46.9
2025-06-12 01:09:00,90.9
2025-06-12 06:44:00,42.8
2025-06-12 06:35:00,63.5
2025-06-12 03:20:00,28.1
2025-06-12 06:30:00,50.17195767195767
2025-06-12 19:56:00,6.5
2025-06-12 12:12:00,81.9
2025-06-12 16:01:00,50.17195767195767
2025-06-12 04:55:00,25.7
2025-06-12 13:10:00,97.5
2025-06-12 04:50:00,29.7
2025-06-12 06:18:00,30.3
2025-06-12 19:47:00,50.17195767195767
2025-06-12 03:47:00,50.17195767195767
2025-06-12 21:42:00,40.8
2025-06-12 15:14:00,53.6
2025-06-12 01:11:00,89.1
2025-06-12 07:30:00,82.6
2025-06-12 05:26:00,28.5
2025-06-12 00:10:00,50.17195767195767
2025-06-12 22:18:00,62.9
2025-06-12 03:39:00,18.4
2025-06-12 10:56:00,19.7
2025-06-12 22:39:00,50.17195767195767
2025-06-12 15:16:00,13.7
2025-06-12 07:07:00,50.17195767195767
2025-06-12 05:17:00,96.3
2025-06-12 22:30:00,50.17195767195767
2025-06-12 20:27:00,61.1
2025-06-12 23:18:00,37.3
2025-06-12 08:11:00,62.6
2025-06-12 02:35:00,50.17195767195767
2025-06-12 17:16:00,68.8
2025-06-12 13:57:00,50.7
2025-06-12 13:01:00,63.0
2025-06-12 18:48:00,56.6
2025-06-12 13:37:00,76.4
2025-06-12 21:33:00,67.9
2025-06-12 01:16:00,77.6
2025-06-12 07:48:00,51.3
2025-06-12 08:07:00,32.5
2025-06-12 23:33:00,50.17195767195767
2025-06-12 13:55:00,31.6
2025-06-12 14:21:00,57.0
2025-06-12 07:35:00,72.0
2025-06-12 07:50:00,82.1
2025-06-12 08:35:00,97.7
2025-06-12 08:26:00,50.17195767195767
2025-06-12 19:01:00,46.6
2025-06-12 14:20:00,20.6
2025-06-12 02:21:00,47.8
2025-06-12 10:36:00,21.5
2025-06-12 08:35:00,0.9
2025-06-12 00:56:00,7.2
2025-06-12 10:32:00,81.4
2025-06-12 05:45:00,50.17195767195767
2025-06-12 03:32:00,90.3
2025-06-12 21:10:00,38.4
2025-06-12 10:24:00,50.17195767195767
2025-06-12 06:55:00,50.17195767195767
2025-06-12 13:39:00,34.2
2025-06-12 19:47:00,76.5
2025-06-12 04:14:00,50.17195767195767
2025-06-12 00:39:00,22.3
2025-06-12 20:49:00,90.8
2025-06-12 12:42:00,5.9
2025-06-12 11:49:00,73.6
2025-06-12 15:01:00,40.6
2025-06-12 04:26:00,50.17195767195767
2025-06-12 23:51:00,25.3
2025-06-12 09:31:00,30.3
2025-06-12 04:31:00,90.9
2025-06-12 07:37:00,12.4
2025-06-12 02:01:00,50.17195767195767
2025-06-12 13:07:00,86.2
2025-06-12 14:58:00,19.6
2025-06-12 01:34:00,86.1
2025-06-12 11:46:00,84.8
2025-06-12 11:24:00,50.17195767195767
2025-06-12 04:45:00,63.2
2025-06-12 04:29:00,16.0
2025-06-12 03:46:00,55.9
2025-06-12 07:04:00,76.9
2025-06-12 11:02:00,25.7
2025-06-12 10:03:00,50.17195767195767
2025-06-12 13:49:00,50.17195767195767
2025-06-12 08:39:00,57.2
2025-06-12 06:16:00,48.7
2025-06-12 17:18:00,8.9
2025-06-12 11:11:00,77.7
2025-06-12 16:08:00,8.0
2025-06-12 03:55:00,50.17195767195767
2025-06-12 02:07:00,17.9
2025-06-12 20:00:00,86.9
2025-06-12 04:19:00,76.3
2025-06-12 01:50:00,46.1
2025-06-12 03:27:00,82.5
2025-06-12 02:57:00,45.5
2025-06-12 03:08:00,69.8
2025-06-12 04:40:00,35.7
2025-06-12 19:14:00,60.5
2025-06-12 11:15:00,50.17195767195767
2025-06-12 09:36:00,50.17195767195767
2025-06-12 03:25:00,6.3
2025-06-12 16:52:00,50.17195767195767
2025-06-12 16:36:00,10.7
2025-06-12 04:01:00,74.3
2025-06-12 04:47:00,32.2
2025-06-12 14:52:00,50.17195767195767
2025-06-12 08:47:00,76.1
2025-06-12 00:29:00,43.6
2025-06-12 12:06:00,89.1
2025-06-12 16:28:00,40.4
2025-06-12 04:04:00,21.6
2025-06-12 15:58:00,62.1
2025-06-12 02:14:00,50.17195767195767
2025-06-12 23:00:00,91.2
2025-06-12 18:28:00,24.9
2025-06-12 07:38:00,38.0
2025-06-12 21:15:00,48.6
2025-06-12 07:19:00,50.17195767195767
2025-06-12 12:14:00,50.17195767195767
2025-06-12 01:50:00,35.3
2025-06-12 05:29:00,49.7
2025-06-12 17:50:00,77.7
2025-06-12 10:18:00,22.9
2025-06-12 07:41:00,29.2
2025-06-12 12:49:00,92.9
2025-06-12 11:42:00,56.8
2025-06-12 16:06:00,9.6
2025-06-12 14:23:00,50.17195767195767
2025-06-12 21:50:00,12.3
2025-06-12 06:52:00,87.1
2025-06-12 11:34:00,25.9
2025-06-12 10:04:00,54.0
2025-06-12 07:25:00,21.5
2025-06-12 03:49:00,57.0
2025-06-12 06:18:00,55.0
2025-06-12 02:15:00,50.17195767195767
2025-06-12 23:59:00,46.0
2025-06-12 18:51:00,80.3
2025-06-12 19:53:00,31.4
2025-06-12 06:47:00,62.5
2025-06-12 18:04:00,42.0
2025-06-12 04:04:00,35.2
2025-06-12 10:58:00,81.9
2025-06-12 13:46:00,3.1
2025-06-12 23:34:00,62.7
2025-06-12 03:32:00,44.3
2025-06-12 21:43:00,50.17195767195767
2025-06-12 16:21:00,90.6
2025-06-12 01:32:00,67.4
2025-06-12 19:37:00,34.3
2025-06-12 18:41:00,83.4
2025-06-12 16:04:00,48.4
2025-06-12 18:28:00,98.1
2025-06-12 02:58:00,67.9
2025-06-12 07:13:00,15.9
2025-06-12 10:56:00,46.8
2025-06-12 21:11:00,11.5
2025-06-12 09:09:00,52.4
2025-06-12 03:21:00,56.3
2025-06-12 07:41:00,81.7
2025-06-12 17:30:00,15.3
2025-06-12 09:29:00,19.3
2025-06-12 04:32:00,50.17195767195767
2025-06-12 11:18:00,73.5
2025-06-12 15:26:00,86.2
2025-06-12 12:55:00,44.7
2025-06-12 05:14:00,42.0
2025-06-12 10:01:00,68.2
2025-06-12 14:56:00,32.6
2025-06-12 06:53:00,31.4
2025-06-12 17:21:00,69.8
2025-06-12 06:12:00,12.1
2025-06-12 21:52:00,60.3
2025-06-12 12:32:00,77.0
2025-06-12 03:02:00,50.17195767195767
2025-06-12 18:50:00,18.3
2025-06-12 19:41:00,68.8
2025-06-12 09:39:00,71.1
2025-06-12 00:10:00,50.17195767195767
2025-06-12 04:27:00,30.5
2025-06-12 09:40:00,56.1
2025-06-12 18:13:00,13.1
2025-06-12 18:01:00,77.2
2025-06-12 07:17:00,40.0
2025-06-12 20:52:00,32.5
2025-06-12 22:46:00,76.1
2025-06-12 08:34:00,50.17195767195767
2025-06-12 18:33:00,59.1
2025-06-12 20:02:00,10.8
2025-06-12 03:53:00,83.1
2025-06-12 01:20:00,23.5
2025-06-12 21:59:00,14.4
2025-06-12 14:59:00,30.0
2025-06-12 07:58:00,62.6
2025-06-12 03:28:00,66.4
2025-06-12 08:44:00,58.7
2025-06-12 15:13:00,22.6
2025-06-12 06:01:00,3.5
2025-06-12 22:01:00,70.1
2025-06-12 10:21:00,16.3
2025-06-12 01:30:00,58.6
2025-06-12 16:55:00,56.2
2025-06-12 23:36:00,69.6
2025-06-12 21:08:00,50.17195767195767
2025-06-12 21:55:00,51.4
2025-06-12 17:00:00,91.1
2025-06-12 05:56:00,50.3
2025-06-12 12:34:00,25.2
2025-06-12 01:06:00,90.9
2025-06-12 22:46:00,89.2
2025-06-12 22:36:00,99.4
2025-06-12 02:58:00,9.3
2025-06-12 10:10:00,90.3
2025-06-12 20:36:00,1.7
2025-06-12 20:08:00,9.3
2025-06-12 09:36:00,15.5
2025-06-12 03:59:00,48.5
2025-06-12 10:44:00,56.8
2025-06-12 09:25:00,6.5
2025-06-12 21:36:00,68.8
2025-06-12 23:32:00,49.2
2025-06-12 13:09:00,74.5
2025-06-12 09:06:00,30.6
2025-06-12 19:34:00,28.1
2025-06-12 18:12:00,50.17195767195767
2025-06-12 05:07:00,89.3
2025-06-12 23:40:00,61.4
2025-06-12 21:02:00,68.4
2025-06-12 21:11:00,44.3
2025-06-12 21:03:00,71.1
2025-06-12 22:00:00,47.4
2025-06-12 06:22:00,31.8
2025-06-12 09:37:00,19.7
2025-06-12 10:57:00,50.17195767195767
2025-06-12 14:06:00,21.5
2025-06-12 10:55:00,84.6
2025-06-12 03:15:00,18.0
2025-06-12 09:14:00,91.7
2025-06-12 07:34:00,50.8
2025-06-12 21:39:00,26.6
2025-06-12 03:34:00,81.5
2025-06-12 12:08:00,32.3
2025-06-12 00:38:00,88.9
2025-06-12 07:44:00,18.7
2025-06-12 12:41:00,46.4
2025-06-12 06:14:00,96.8
2025-06-12 22:42:00,95.4
2025-06-12 23:13:00,56.7
2025-06-12 04:01:00,0.9
2025-06-12 04:29:00,50.17195767195767
2025-06-12 20:33:00,54.7
2025-06-12 20:11:00,12.8
2025-06-12 03:11:00,45.2
2025-06-12 21:33:00,97.7
2025-06-12 02:19:00,87.6
2025-06-12 02:39:00,33.8
2025-06-12 03:52:00,84.4
2025-06-12 14:45:00,65.0
2025-06-12 14:03:00,41.7
2025-06-12 15:35:00,72.0
2025-06-12 11:40:00,60.2
2025-06-12 05:51:00,20.7
2025-06-12 19:30:00,90.0
2025-06-12 16:53:00,14.1
2025-06-12 20:43:00,49.69252501471454
2025-06-12 13:25:00,37.8
2025-06-12 11:30:00,49.69252501471454
2025-06-12 10:18:00,31.4
2025-06-12 22:10:00,81.6
2025-06-12 10:31:00,28.2
2025-06-12 23:09:00,30.2
2025-06-12 14:07:00,60.4
2025-06-12 15:22:00,70.6
2025-06-12 18:36:00,17.8
2025-06-12 18:43:00,26.7
2025-06-12 16:34:00,85.5
2025-06-12 14:22:00,95.2
2025-06-12 23:25:00,68.4
2025-06-12 06:27:00,24.6
2025-06-12 21:01:00,49.69252501471454
2025-06-12 00:08:00,14.5
2025-06-12 10:29:00,2.5
2025-06-12 09:58:00,25.4
2025-06-12 17:07:00,49.69252501471454
2025-06-12 03:01:00,34.7
2025-06-12 02:27:00,61.3
2025-06-12 19:53:00,93.1
2025-06-12 15:26:00,90.6
2025-06-12 23:27:00,44.2
2025-06-12 06:28:00,49.69252501471454
2025-06-12 12:32:00,49.69252501471454
2025-06-12 09:31:00,71.2
2025-06-12 04:19:00,97.9
2025-06-12 07:27:00,68.3
2025-06-12 07:31:00,4.2
2025-06-12 12:18:00,49.69252501471454
2025-06-12 08:40:00,17.2
2025-06-12 18:31:00,94.4
2025-06-12 01:26:00,89.1
2025-06-12 18:30:00,33.4
2025-06-12 17:04:00,49.69252501471454
2025-06-12 19:27:00,89.1
2025-06-12 13:59:00,73.9
2025-06-12 13:18:00,90.0
2025-06-12 22:12:00,84.1
2025-06-12 23:16:00,75.3
2025-06-12 03:23:00,56.1
2025-06-12 21:39:00,65.3
2025-06-12 05:25:00,37.8
2025-06-12 05:44:00,56.0
2025-06-12 22:29:00,63.3
2025-06-12 22:25:00,57.9
2025-06-12 04:43:00,83.2
2025-06-12 02:00:00,47.7
2025-06-12 16:08:00,97.2
2025-06-12 14:51:00,49.69252501471454
2025-06-12 19:44:00,9.6
2025-06-12 08:04:00,20.1
2025-06-12 02:17:00,49.69252501471454
2025-06-12 04:03:00,79.7
2025-06-12 22:20:00,26.4
2025-06-12 21:12:00,48.6
2025-06-12 18:18:00,7.4
2025-06-12 09:42:00,49.69252501471454
2025-06-12 22:56:00,42.9
2025-06-12 15:52:00,18.9
2025-06-12 09:33:00,73.1
2025-06-12 16:31:00,90.8
2025-06-12 10:37:00,73.7
2025-06-12 23:20:00,37.9
2025-06-12 00:10:00,5.7
2025-06-12 06:12:00,49.69252501471454
2025-06-12 21:42:00,71.0
2025-06-12 20:30:00,32.6
2025-06-12 08:31:00,2.7
2025-06-12 10:00:00,49.69252501471454
2025-06-12 13:29:00,4.2
2025-06-12 17:47:00,21.8
2025-06-12 20:47:00,49.69252501471454
2025-06-12 14:52:00,25.9
2025-06-12 12:23:00,42.5
2025-06-12 23:59:00,33.7
2025-06-12 21:24:00,49.69252501471454
2025-06-12 14:11:00,17.2
2025-06-12 04:07:00,49.69252501471454
2025-06-12 17:02:00,37.4
2025-06-12 15:51:00,17.6
2025-06-12 05:09:00,82.6
2025-06-12 14:18:00,33.2
2025-06-12 11:38:00,88.1
2025-06-12 02:49:00,35.6
2025-06-12 01:06:00,41.4
2025-06-12 01:17:00,50.3
2025-06-12 01:14:00,29.2
2025-06-12 04:26:00,49.69252501471454
2025-06-12 23:24:00,37.3
2025-06-12 02:53:00,49.69252501471454
2025-06-12 08:32:00,1.5
2025-06-12 03:46:00,49.69252501471454
2025-06-12 20:54:00,67.5
2025-06-12 07:06:00,1.1
2025-06-12 04:40:00,96.2
2025-06-12 16:11:00,49.69252501471454
2025-06-12 17:59:00,78.5
2025-06-12 00:14:00,3.4
2025-06-12 04:53:00,51.5
2025-06-12 08:14:00,81.2
2025-06-12 10:10:00,94.6
2025-06-12 17:00:00,94.6
2025-06-12 22:36:00,41.8
2025-06-12 17:50:00,70.3
2025-06-12 02:46:00,38.0
2025-06-12 22:05:00,38.0
2025-06-12 02:13:00,39.6
2025-06-12 10:33:00,58.5
2025-06-12 14:04:00,48.9
2025-06-12 06:27:00,49.69252501471454
2025-06-12 21:58:00,19.0
2025-06-12 22:10:00,51.5
2025-06-12 23:29:00,87.5
2025-06-12 21:49:00,35.2
2025-06-12 12:31:00,60.5
2025-06-12 02:26:00,80.5
2025-06-12 13:39:00,49.69252501471454
2025-06-12 04:49:00,8.5
2025-06-12 10:01:00,49.69252501471454
2025-06-12 00:57:00,95.6
2025-06-12 18:05:00,39.8
2025-06-12 13:02:00,74.5
2025-06-12 01:09:00,10.5
2025-06-12 19:39:00,19.7
2025-06-12 00:25:00,49.69252501471454
2025-06-12 01:19:00,67.7
2025-06-12 13:00:00,34.3
2025-06-12 00:10:00,97.6
2025-06-12 21:51:00,98.3
2025-06-12 07:07:00,60.5
2025-06-12 16:40:00,12.4
2025-06-12 15:42:00,63.2
2025-06-12 03:55:00,88.9
2025-06-12 08:17:00,98.2
2025-06-12 09:44:00,31.6
2025-06-12 18:11:00,92.1
2025-06-12 09:53:00,63.0
2025-06-12 16:00:00,81.5
2025-06-12 05:58:00,56.2
2025-06-12 18:01:00,51.4
2025-06-12 12:40:00,63.1
2025-06-12 22:35:00,7.6
2025-06-12 10:41:00,38.6
2025-06-12 15:01:00,4.6
2025-06-12 23:06:00,7.4
2025-06-12 01:18:00,54.0
2025-06-12 09:20:00,68.8
2025-06-12 07:22:00,13.4
2025-06-12 10:06:00,67.6
2025-06-12 22:31:00,7.5
2025-06-12 02:22:00,61.7
2025-06-12 02:48:00,29.5
2025-06-12 20:47:00,50.7
2025-06-12 12:10:00,10.9
2025-06-12 01:15:00,49.69252501471454
2025-06-12 11:16:00,95.7
2025-06-12 16:27:00,6.7
2025-06-12 15:09:00,63.2
2025-06-12 20:09:00,14.6
2025-06-12 17:10:00,96.5
2025-06-12 02:56:00,38.7
2025-06-12 13:10:00,42.6
2025-06-12 11:53:00,21.4
2025-06-12 23:11:00,83.5
2025-06-12 19:45:00,49.69252501471454
2025-06-12 07:30:00,43.6
2025-06-12 22:34:00,67.6
2025-06-12 04:01:00,31.4
2025-06-12 12:24:00,53.7
2025-06-12 04:03:00,85.9
2025-06-12 01:08:00,90.0
2025-06-12 13:34:00,67.6
2025-06-12 04:35:00,69.1
2025-06-12 19:48:00,94.4
2025-06-12 08:39:00,99.0
2025-06-12 15:35:00,52.5
2025-06-12 16:12:00,29.7
2025-06-12 01:31:00,38.4
2025-06-12 06:27:00,13.0
2025-06-12 12:37:00,20.1
2025-06-12 18:01:00,84.8
2025-06-12 09:56:00,75.5
2025-06-12 01:46:00,73.6
2025-06-12 19:14:00,50.3
2025-06-12 12:59:00,68.8
2025-06-12 16:27:00,33.7
2025-06-12 15:29:00,41.3
2025-06-12 05:38:00,37.9
2025-06-12 09:57:00,43.5
2025-06-12 17:06:00,19.3
2025-06-12 00:26:00,3.9
2025-06-12 19:27:00,78.1
2025-06-12 13:28:00,6.1
2025-06-12 12:42:00,50.9
2025-06-12 04:31:00,44.7
2025-06-12 18:44:00,22.1
2025-06-12 07:30:00,7.0
2025-06-12 10:36:00,49.69252501471454
2025-06-12 21:47:00,77.8
2025-06-12 11:19:00,70.5
2025-06-12 23:04:00,49.69252501471454
2025-06-12 22:25:00,26.4
2025-06-12 08:40:00,12.6
2025-06-12 19:19:00,49.69252501471454
2025-06-12 18:17:00,58.6
2025-06-12 06:23:00,36.5
2025-06-12 10:01:00,92.6
2025-06-12 16:16:00,67.6
2025-06-12 04:56:00,85.8
2025-06-12 12:09:00,90.8
2025-06-12 04:57:00,16.0
2025-06-12 08:40:00,65.7
2025-06-12 15:32:00,49.69252501471454
2025-06-12 19:44:00,6.8
2025-06-12 00:16:00,5.1
2025-06-12 18:37:00,94.1
2025-06-12 04:03:00,1.4
2025-06-12 13:46:00,49.69252501471454
2025-06-12 23:33:00,59.3
2025-06-12 16:27:00,49.69252501471454
2025-06-12 12:24:00,49.69252501471454
2025-06-12 16:36:00,63.3
2025-06-12 21:26:00,7.0
2025-06-12 11:17:00,39.3
2025-06-12 22:30:00,42.7
2025-06-12 04:37:00,17.4
2025-06-12 08:46:00,76.6
2025-06-12 05:29:00,79.1
2025-06-12 08:42:00,83.6
2025-06-12 11:21:00,14.9
2025-06-12 23:08:00,71.8
2025-06-12 13:47:00,28.9
2025-06-12 17:03:00,49.69252501471454
2025-06-12 08:02:00,42.0
2025-06-12 04:53:00,87.4
2025-06-12 18:14:00,36.4
2025-06-12 05:21:00,64.2
2025-06-12 22:47:00,14.3
2025-06-12 16:52:00,55.8
2025-06-12 13:40:00,86.1
2025-06-12 16:41:00,52.0
2025-06-12 17:39:00,84.7
2025-06-12 11:50:00,22.9
2025-06-12 22:40:00,89.4
2025-06-12 22:59:00,49.69252501471454
2025-06-12 02:16:00,72.4
2025-06-12 01:32:00,94.8
2025-06-12 19:49:00,1.9
2025-06-12 05:39:00,92.5
2025-06-12 06:04:00,49.69252501471454
2025-06-12 11:56:00,49.69252501471454
2025-06-12 13:10:00,59.5
2025-06-12 16:32:00,56.1
2025-06-12 17:07:00,73.6
2025-06-12 01:48:00,63.3
2025-06-12 06:07:00,48.8
2025-06-12 02:31:00,66.4
2025-06-12 12:49:00,44.4
2025-06-12 11:40:00,93.0
2025-06-12 18:32:00,65.7
2025-06-12 23:09:00,11.3
2025-06-12 09:53:00,63.1
2025-06-12 10:25:00,48.5
2025-06-12 00:20:00,64.3
2025-06-12 03:29:00,51.6
2025-06-12 20:14:00,49.69252501471454
2025-06-12 11:40:00,89.1
2025-06-12 16:44:00,77.0
2025-06-12 10:35:00,49.69252501471454
2025-06-12 07:20:00,49.69252501471454
2025-06-12 04:59:00,82.3
2025-06-12 19:28:00,49.69252501471454
2025-06-12 20:43:00,50.7
2025-06-12 18:38:00,77.5
2025-06-12 14:34:00,51.7
2025-06-12 09:49:00,31.6
2025-06-12 06:23:00,70.3
2025-06-12 23:57:00,10.9
2025-06-12 00:28:00,49.69252501471454
2025-06-12 12:48:00,63.7
2025-06-12 06:14:00,49.69252501471454
2025-06-12 00:03:00,54.5
2025-06-12 10:11:00,84.2
2025-06-12 01:38:00,9.5
2025-06-12 17:18:00,81.8
2025-06-12 21:27:00,87.3
2025-06-12 15:21:00,47.8
2025-06-12 10:52:00,77.3
2025-06-12 13:44:00,68.6
2025-06-12 08:38:00,60.5
2025-06-12 02:16:00,95.2
2025-06-12 00:06:00,55.1
2025-06-12 06:03:00,90.8
2025-06-12 23:00:00,69.6
2025-06-12 22:09:00,20.7
2025-06-12 19:51:00,82.3
2025-06-12 01:41:00,23.9
2025-06-12 18:06:00,22.6
2025-06-12 12:56:00,30.7
2025-06-12 09:04:00,50.2
2025-06-12 05:05:00,40.9
2025-06-12 16:20:00,58.4
2025-06-12 13:57:00,30.3
2025-06-12 00:10:00,80.7
2025-06-12 20:16:00,49.69252501471454
2025-06-12 19:05:00,3.5
2025-06-12 04:23:00,3.7
2025-06-12 21:42:00,49.69252501471454
2025-06-12 00:36:00,49.69252501471454
2025-06-12 23:20:00,25.8
2025-06-12 17:28:00,92.4
2025-06-12 03:33:00,49.69252501471454
2025-06-12 03:17:00,21.9
2025-06-12 05:12:00,90.6
2025-06-12 03:18:00,28.0
2025-06-12 14:43:00,73.8
2025-06-12 10:41:00,82.1
2025-06-12 12:56:00,77.1
2025-06-12 06:32:00,1.1
2025-06-12 23:28:00,66.6
2025-06-12 18:03:00,0.7
2025-06-12 18:03:00,96.7
2025-06-12 03:00:00,69.0
2025-06-12 03:21:00,36.0
2025-06-12 02:22:00,2.4
2025-06-12 06:26:00,22.0
2025-06-12 04:57:00,28.5
2025-06-12 09:22:00,3.1
2025-06-12 07:40:00,84.1
2025-06-12 03:01:00,65.2
2025-06-12 21:32:00,18.2
2025-06-12 13:17:00,49.88181818181819
2025-06-12 11:25:00,34.1
2025-06-12 08:47:00,49.88181818181819
2025-06-12 19:25:00,37.7
2025-06-12 04:00:00,58.6
2025-06-12 05:24:00,49.88181818181819
2025-06-12 06:24:00,36.0
2025-06-12 01:02:00,91.7
2025-06-12 00:37:00,45.9
2025-06-12 16:56:00,50.9
2025-06-12 12:59:00,49.88181818181819
2025-06-12 02:06:00,95.3
2025-06-12 05:29:00,49.88181818181819
2025-06-12 05:35:00,99.1
2025-06-12 19:57:00,4.4
2025-06-12 17:15:00,57.3
2025-06-12 18:10:00,93.4
2025-06-12 21:02:00,81.0
2025-06-12 16:09:00,92.0
2025-06-12 17:56:00,49.88181818181819
2025-06-12 19:44:00,47.1
2025-06-12 11:30:00,69.5
2025-06-12 00:13:00,1.5
2025-06-12 04:44:00,4.9
2025-06-12 11:59:00,91.1
2025-06-12 06:44:00,84.3
2025-06-12 08:18:00,49.88181818181819
2025-06-12 20:21:00,71.0
2025-06-12 00:29:00,60.8
2025-06-12 07:14:00,9.7
2025-06-12 18:48:00,98.8
2025-06-12 13:05:00,19.1
2025-06-12 17:53:00,76.9
2025-06-12 04:04:00,45.8
2025-06-12 23:04:00,59.2
2025-06-12 17:43:00,49.88181818181819
2025-06-12 01:28:00,63.0
2025-06-12 01:41:00,28.4
2025-06-12 15:35:00,77.2
2025-06-12 01:30:00,14.9
2025-06-12 15:52:00,49.88181818181819
2025-06-12 08:23:00,49.88181818181819
2025-06-12 13:41:00,89.3
2025-06-12 09:13:00,64.7
2025-06-12 11:23:00,89.9
2025-06-12 21:10:00,36.4
2025-06-12 04:42:00,49.88181818181819
2025-06-12 19:16:00,49.9
2025-06-12 00:41:00,37.4
2025-06-12 06:13:00,44.8
2025-06-12 00:26:00,31.9
2025-06-12 23:38:00,33.9
2025-06-12 01:21:00,49.88181818181819
2025-06-12 17:30:00,32.0
2025-06-12 12:37:00,97.7
2025-06-12 12:29:00,36.4
2025-06-12 12:34:00,49.88181818181819
2025-06-12 08:23:00,59.4
2025-06-12 11:27:00,63.9
2025-06-12 18:15:00,6.5
2025-06-12 23:53:00,40.2
2025-06-12 17:56:00,69.2
2025-06-12 18:07:00,68.8
2025-06-12 20:59:00,33.0
2025-06-12 06:24:00,18.2
2025-06-12 15:07:00,24.7
2025-06-12 21:19:00,46.7
2025-06-12 14:05:00,97.0
2025-06-12 21:00:00,30.2
2025-06-12 04:06:00,85.0
2025-06-12 13:21:00,49.88181818181819
2025-06-12 15:05:00,98.4
2025-06-12 12:36:00,95.3
2025-06-12 14:48:00,23.8
2025-06-12 20:55:00,31.7
2025-06-12 04:56:00,48.9
2025-06-12 20:54:00,67.1
2025-06-12 18:41:00,77.2
2025-06-12 06:51:00,2.2
2025-06-12 22:27:00,41.0
2025-06-12 17:53:00,31.8
2025-06-12 08:52:00,16.3
2025-06-12 07:26:00,49.88181818181819
2025-06-12 08:25:00,63.8
2025-06-12 09:03:00,53.7
2025-06-12 21:34:00,13.1
2025-06-12 03:36:00,49.88181818181819
2025-06-12 01:04:00,49.88181818181819
2025-06-12 21:01:00,32.8
2025-06-12 18:57:00,8.6
2025-06-12 20:50:00,49.88181818181819
2025-06-12 23:58:00,2.6
2025-06-12 09:12:00,62.7
2025-06-12 03:26:00,33.1
2025-06-12 05:48:00,49.88181818181819
2025-06-12 15:31:00,38.9
2025-06-12 19:14:00,50.0
2025-06-12 21:06:00,49.88181818181819
2025-06-12 17:04:00,24.6
2025-06-12 02:01:00,16.3
2025-06-12 05:41:00,2.3
2025-06-12 07:05:00,63.5
2025-06-12 23:29:00,21.7
2025-06-12 08:48:00,82.7
2025-06-12 18:05:00,19.0
2025-06-12 02:48:00,30.0
2025-06-12 00:08:00,42.4
2025-06-12 02:50:00,56.0
2025-06-12 22:03:00,61.8
2025-06-12 20:18:00,97.0
2025-06-12 23:53:00,38.2
2025-06-12 05:10:00,97.4
2025-06-12 06:48:00,79.8
2025-06-12 02:49:00,49.88181818181819
2025-06-12 19:25:00,70.8
2025-06-12 13:30:00,57.9
2025-06-12 08:21:00,13.0
2025-06-12 12:41:00,80.9
2025-06-12 16:39:00,68.9
2025-06-12 04:21:00,49.88181818181819
2025-06-12 23:08:00,55.7
2025-06-12 15:14:00,17.4
2025-06-12 17:21:00,48.1
2025-06-12 16:07:00,4.1
2025-06-12 14:05:00,37.3
2025-06-12 22:44:00,26.3
2025-06-12 22:03:00,49.88181818181819
2025-06-12 21:53:00,36.4
2025-06-12 05:04:00,72.6
2025-06-12 04:25:00,97.4
2025-06-12 10:59:00,12.7
2025-06-12 17:24:00,96.9
2025-06-12 22:42:00,15.1
2025-06-12 13:59:00,99.1
2025-06-12 07:13:00,42.0
2025-06-12 15:26:00,36.7
2025-06-12 02:25:00,95.7
2025-06-12 09:05:00,86.9
2025-06-12 12:12:00,44.7
2025-06-12 11:40:00,64.4
2025-06-12 09:01:00,50.1
2025-06-12 08:39:00,71.9
2025-06-12 04:07:00,83.4
2025-06-12 03:13:00,33.7
2025-06-12 14:31:00,49.88181818181819
2025-06-12 03:58:00,9.1
2025-06-12 21:55:00,14.6
2025-06-12 08:35:00,71.0
2025-06-12 09:12:00,49.88181818181819
2025-06-12 17:15:00,12.8
2025-06-12 06:03:00,49.88181818181819
2025-06-12 16:04:00,33.1
2025-06-12 00:20:00,85.9
2025-06-12 14:50:00,88.0
2025-06-12 23:21:00,0.6
2025-06-12 12:42:00,63.6
2025-06-12 00:36:00,31.7
2025-06-12 02:51:00,15.0
2025-06-12 01:22:00,72.5
2025-06-12 18:00:00,56.0
2025-06-12 06:19:00,34.6
2025-06-12 01:31:00,64.1
2025-06-12 16:17:00,97.1
2025-06-12 21:27:00,57.0
2025-06-12 11:52:00,6.2
2025-06-12 20:58:00,54.1
2025-06-12 12:04:00,43.6
2025-06-12 17:23:00,31.5
2025-06-12 09:17:00,14.1
2025-06-12 17:42:00,99.8
2025-06-12 02:41:00,49.88181818181819
2025-06-12 11:31:00,49.88181818181819
2025-06-12 19:37:00,49.88181818181819
2025-06-12 20:31:00,16.5
2025-06-12 11:56:00,56.8
2025-06-12 07:41:00,45.6
2025-06-12 21:54:00,4.9
2025-06-12 19:39:00,98.1
2025-06-12 03:02:00,22.2
2025-06-12 04:07:00,25.6
2025-06-12 06:53:00,32.4
2025-06-12 11:56:00,24.5
2025-06-12 00:34:00,77.6
2025-06-12 00:36:00,99.7
2025-06-12 19:25:00,46.6
2025-06-12 10:20:00,49.88181818181819
2025-06-12 23:11:00,25.1
2025-06-12 05:15:00,13.9
2025-06-12 20:51:00,68.0
2025-06-12 02:34:00,30.3
2025-06-12 03:19:00,49.88181818181819
2025-06-12 19:31:00,83.5
2025-06-12 14:01:00,88.6
2025-06-12 23:31:00,34.4
2025-06-12 11:37:00,4.0
2025-06-12 20:14:00,52.7
2025-06-12 15:27:00,7.4
2025-06-12 23:05:00,32.7
2025-06-12 14:28:00,24.4
2025-06-12 13:14:00,90.5
2025-06-12 01:54:00,50.7
2025-06-12 19:54:00,16.4
2025-06-12 23:35:00,85.1
2025-06-12 14:48:00,49.88181818181819
2025-06-12 14:14:00,13.1
2025-06-12 05:05:00,60.4
2025-06-12 20:51:00,92.4
2025-06-12 01:20:00,24.7
2025-06-12 08:15:00,49.88181818181819
2025-06-12 02:32:00,79.5
2025-06-12 03:44:00,61.0
2025-06-12 10:56:00,49.88181818181819
2025-06-12 11:07:00,16.7
2025-06-12 03:01:00,58.9
2025-06-12 06:06:00,42.8
2025-06-12 06:25:00,49.88181818181819
2025-06-12 09:54:00,58.8
2025-06-12 09:29:00,35.3
2025-06-12 04:16:00,63.1
2025-06-12 13:19:00,93.0
2025-06-12 02:16:00,77.6
2025-06-12 10:11:00,10.6
2025-06-12 09:23:00,92.1
2025-06-12 15:21:00,27.8
2025-06-12 10:51:00,66.3
2025-06-12 21:52:00,20.2
2025-06-12 12:42:00,98.3
2025-06-12 07:40:00,80.4
2025-06-12 10:19:00,71.2
2025-06-12 04:34:00,73.3
2025-06-12 14:27:00,96.1
2025-06-12 01:01:00,97.3
2025-06-12 18:13:00,49.88181818181819
2025-06-12 14:14:00,41.9
2025-06-12 08:05:00,49.88181818181819
2025-06-12 04:40:00,50.8
2025-06-12 02:27:00,58.9
2025-06-12 00:34:00,22.8
2025-06-12 09:59:00,61.8
2025-06-12 14:03:00,47.2
2025-06-12 19:48:00,95.4
2025-06-12 00:49:00,12.8
2025-06-12 23:39:00,28.0
2025-06-12 19:52:00,87.3
2025-06-12 03:29:00,63.3
2025-06-12 15:09:00,73.2
2025-06-12 19:45:00,97.1
2025-06-12 23:37:00,49.88181818181819
2025-06-12 16:21:00,68.6
2025-06-12 17:56:00,82.3
2025-06-12 13:51:00,91.1
2025-06-12 04:35:00,17.0
2025-06-12 11:22:00,6.8
2025-06-12 22:31:00,77.2
2025-06-12 15:35:00,72.6
2025-06-12 12:14:00,49.88181818181819
2025-06-12 21:09:00,63.5
2025-06-12 19:58:00,85.4
2025-06-12 10:13:00,49.88181818181819
2025-06-12 22:02:00,39.5
2025-06-12 10:52:00,39.6
2025-06-12 00:10:00,89.5
2025-06-12 06:31:00,13.6
2025-06-12 19:20:00,96.5
2025-06-12 21:31:00,65.2
2025-06-12 22:24:00,80.3
2025-06-12 22:20:00,98.4
2025-06-12 12:26:00,94.8
2025-06-12 22:27:00,36.0
2025-06-12 21:04:00,77.1
2025-06-12 19:58:00,49.88181818181819
2025-06-12 09:02:00,99.0
2025-06-12 12:26:00,33.8
2025-06-12 16:13:00,11.7
2025-06-12 06:17:00,49.88181818181819
2025-06-12 03:54:00,49.88181818181819
2025-06-12 07:35:00,19.1
2025-06-12 04:11:00,42.2
2025-06-12 04:21:00,28.2
2025-06-12 01:01:00,75.0
2025-06-12 18:31:00,69.6
2025-06-12 17:22:00,82.2
2025-06-12 19:35:00,49.88181818181819
2025-06-12 08:01:00,36.7
2025-06-12 20:15:00,17.7
2025-06-12 04:24:00,13.3
2025-06-12 12:19:00,49.88181818181819
2025-06-12 23:19:00,49.88181818181819
2025-06-12 14:01:00,22.7
2025-06-12 20:41:00,2.8
2025-06-12 06:07:00,12.3
2025-06-12 13:32:00,62.6
2025-06-12 02:35:00,68.1
2025-06-12 01:30:00,33.6
2025-06-12 07:05:00,49.88181818181819
2025-06-12 03:04:00,94.4
2025-06-12 16:49:00,49.88181818181819
2025-06-12 09:12:00,98.3
2025-06-12 11:07:00,55.6
2025-06-12 11:21:00,11.6
2025-06-12 15:51:00,4.3
2025-06-12 08:26:00,72.6
2025-06-12 23:22:00,94.5
2025-06-12 04:31:00,49.88181818181819
2025-06-12 09:33:00,49.88181818181819
2025-06-12 11:12:00,49.88181818181819
2025-06-12 07:47:00,29.8
2025-06-12 20:54:00,49.88181818181819
2025-06-12 18:01:00,2.3
2025-06-12 06:36:00,7.2
2025-06-12 00:44:00,3.7
2025-06-12 07:25:00,27.3
2025-06-12 16:46:00,69.0
2025-06-12 03:10:00,45.9
2025-06-12 10:35:00,30.4
2025-06-12 20:32:00,62.9
2025-06-12 12:18:00,40.1
2025-06-12 11:39:00,47.3
2025-06-12 11:13:00,0.9
2025-06-12 15:01:00,69.8
2025-06-12 07:40:00,6.1
2025-06-12 21:49:00,24.9
2025-06-12 05:38:00,49.88181818181819
2025-06-12 16:10:00,57.1
2025-06-12 20:09:00,13.3
2025-06-12 00:25:00,61.4
2025-06-12 06:21:00,26.0
2025-06-12 23:52:00,5.6
2025-06-12 05:36:00,4.4
2025-06-12 09:20:00,28.6
2025-06-12 19:40:00,69.8
2025-06-12 03:51:00,3.9
2025-06-12 14:52:00,39.1
2025-06-12 23:52:00,78.0
2025-06-12 07:15:00,43.5
2025-06-12 07:52:00,44.0
2025-06-12 18:57:00,36.2
2025-06-12 08:42:00,78.9
2025-06-12 21:32:00,13.2
2025-06-12 20:47:00,38.7
2025-06-12 02:01:00,55.1
2025-06-12 04:57:00,21.6
2025-06-12 18:06:00,49.88181818181819
2025-06-12 21:33:00,49.88181818181819
2025-06-12 05:40:00,67.4
2025-06-12 23:11:00,68.3
2025-06-12 16:01:00,84.3
2025-06-12 21:01:00,62.9
2025-06-12 20:14:00,38.0
2025-06-12 08:30:00,15.1
2025-06-12 12:57:00,2.1
2025-06-12 12:35:00,77.1
2025-06-12 04:58:00,4.5
2025-06-12 06:37:00,12.7
2025-06-12 10:41:00,75.5
2025-06-12 20:38:00,27.2
2025-06-12 00:50:00,24.8
2025-06-12 03:01:00,50.019744401453856
2025-06-12 10:28:00,84.5
2025-06-12 12:32:00,2.2
2025-06-12 07:51:00,47.1
2025-06-12 11:57:00,48.2
2025-06-12 08:08:00,86.7
2025-06-12 13:54:00,50.019744401453856
2025-06-12 05:47:00,65.7
2025-06-12 18:00:00,23.4
2025-06-12 21:01:00,50.0
2025-06-12 12:22:00,64.8
2025-06-12 15:01:00,31.5
2025-06-12 09:59:00,89.5
2025-06-12 01:21:00,44.3
2025-06-12 18:18:00,76.2
2025-06-12 17:52:00,63.5
2025-06-12 08:03:00,64.4
2025-06-12 11:42:00,90.5
2025-06-12 17:34:00,89.3
2025-06-12 21:17:00,55.9
2025-06-12 21:12:00,79.7
2025-06-12 08:14:00,4.2
2025-06-12 07:53:00,85.0
2025-06-12 04:43:00,65.9
2025-06-12 20:24:00,7.0
2025-06-12 15:03:00,80.6
2025-06-12 05:29:00,41.8
2025-06-12 14:35:00,82.5
2025-06-12 16:16:00,20.8
2025-06-12 21:53:00,63.2
2025-06-12 15:37:00,59.7
2025-06-12 13:29:00,52.9
2025-06-12 10:24:00,23.5
2025-06-12 21:10:00,55.0
2025-06-12 20:06:00,66.9
2025-06-12 15:11:00,60.1
2025-06-12 16:25:00,90.2
2025-06-12 23:44:00,44.6
2025-06-12 18:29:00,11.1
2025-06-12 20:04:00,50.019744401453856
2025-06-12 22:55:00,90.7
2025-06-12 06:16:00,55.0
2025-06-12 19:50:00,14.2
2025-06-12 20:08:00,6.1
2025-06-12 00:07:00,50.019744401453856
2025-06-12 13:00:00,43.7
2025-06-12 01:04:00,57.2
2025-06-12 07:25:00,88.9
2025-06-12 12:01:00,90.9
2025-06-12 02:03:00,41.6
2025-06-12 13:22:00,27.0
2025-06-12 16:54:00,61.9
2025-06-12 11:59:00,28.3
2025-06-12 16:22:00,26.9
2025-06-12 20:16:00,96.4
2025-06-12 10:12:00,6.5
2025-06-12 23:53:00,51.5
2025-06-12 05:15:00,50.019744401453856
2025-06-12 03:42:00,9.5
2025-06-12 03:13:00,27.4
2025-06-12 08:34:00,59.7
2025-06-12 01:01:00,67.2
2025-06-12 18:43:00,49.8
2025-06-12 00:29:00,2.9
2025-06-12 02:36:00,84.1
2025-06-12 04:25:00,15.8
2025-06-12 09:46:00,24.0
2025-06-12 00:10:00,50.019744401453856
2025-06-12 13:38:00,63.3
2025-06-12 04:15:00,68.1
2025-06-12 13:52:00,36.3
2025-06-12 04:18:00,77.6
2025-06-12 02:18:00,27.4
2025-06-12 00:26:00,73.6
2025-06-12 21:52:00,50.019744401453856
2025-06-12 20:57:00,24.9
2025-06-12 20:21:00,62.7
2025-06-12 06:58:00,65.3
2025-06-12 07:30:00,78.7
2025-06-12 03:27:00,37.9
2025-06-12 11:11:00,24.7
2025-06-12 23:51:00,55.2
2025-06-12 19:07:00,10.9
2025-06-12 10:05:00,77.6
2025-06-12 12:24:00,10.3
2025-06-12 10:50:00,50.019744401453856
2025-06-12 08:16:00,1.7
2025-06-12 21:59:00,70.7
2025-06-12 09:33:00,57.9
2025-06-12 03:49:00,50.019744401453856
2025-06-12 05:53:00,34.7
2025-06-12 15:12:00,53.9
2025-06-12 23:26:00,68.5
2025-06-12 00:38:00,52.6
2025-06-12 00:30:00,77.7
2025-06-12 03:45:00,10.1
2025-06-12 18:14:00,10.6
2025-06-12 19:05:00,9.8
2025-06-12 03:10:00,48.8
2025-06-12 21:32:00,57.1
2025-06-12 02:09:00,82.0
2025-06-12 00:34:00,99.1
2025-06-12 18:04:00,98.3
2025-06-12 16:48:00,92.4
2025-06-12 20:24:00,19.7
2025-06-12 02:38:00,50.019744401453856
2025-06-12 01:00:00,38.4
2025-06-12 03:50:00,93.9
2025-06-12 09:01:00,8.4
2025-06-12 07:26:00,72.1
2025-06-12 12:58:00,50.019744401453856
2025-06-12 00:37:00,95.3
2025-06-12 17:09:00,80.2
2025-06-12 22:59:00,62.0
2025-06-12 23:09:00,34.4
2025-06-12 20:38:00,53.2
2025-06-12 10:45:00,99.9
2025-06-12 20:56:00,81.5
2025-06-12 06:03:00,85.9
2025-06-12 02:36:00,11.1
2025-06-12 10:24:00,50.019744401453856
2025-06-12 11:56:00,31.9
2025-06-12 10:34:00,34.3
2025-06-12 04:03:00,37.5
2025-06-12 14:41:00,54.0
2025-06-12 20:13:00,50.019744401453856
2025-06-12 17:13:00,52.9
2025-06-12 15:19:00,50.019744401453856
2025-06-12 03:53:00,42.6
2025-06-12 05:46:00,50.019744401453856
2025-06-12 07:07:00,43.1
2025-06-12 06:49:00,29.5
2025-06-12 13:50:00,89.4
2025-06-12 22:16:00,16.0
2025-06-12 16:44:00,39.5
2025-06-12 22:08:00,50.019744401453856
2025-06-12 08:20:00,50.019744401453856
2025-06-12 05:16:00,53.2
2025-06-12 08:13:00,31.9
2025-06-12 01:43:00,82.1
2025-06-12 09:36:00,50.019744401453856
2025-06-12 06:00:00,55.1
2025-06-12 09:42:00,43.8
2025-06-12 09:46:00,75.3
2025-06-12 04:05:00,64.7
2025-06-12 06:26:00,97.9
2025-06-12 11:00:00,34.7
2025-06-12 03:41:00,69.4
2025-06-12 22:29:00,50.9
2025-06-12 12:34:00,54.9
2025-06-12 02:04:00,2.1
2025-06-12 17:09:00,38.9
2025-06-12 11:30:00,56.7
2025-06-12 03:50:00,9.7
2025-06-12 02:28:00,42.2
2025-06-12 21:41:00,68.8
2025-06-12 22:18:00,15.9
2025-06-12 23:52:00,42.6
2025-06-12 04:12:00,68.4
2025-06-12 12:17:00,61.3
2025-06-12 07:05:00,42.9
2025-06-12 09:07:00,98.2
2025-06-12 12:44:00,68.2
2025-06-12 15:28:00,50.019744401453856
2025-06-12 04:29:00,50.019744401453856
2025-06-12 11:41:00,0.2
2025-06-12 21:31:00,50.019744401453856
2025-06-12 18:22:00,10.1
2025-06-12 00:39:00,87.5
2025-06-12 02:44:00,50.019744401453856
2025-06-12 01:59:00,9.3
2025-06-12 08:37:00,5.2
2025-06-12 20:10:00,51.2
2025-06-12 23:38:00,39.5
2025-06-12 01:04:00,28.4
2025-06-12 07:55:00,68.6
2025-06-12 07:06:00,50.019744401453856
2025-06-12 18:09:00,22.3
2025-06-12 18:52:00,2.1
2025-06-12 21:43:00,49.2
2025-06-12 12:26:00,50.019744401453856
2025-06-12 23:14:00,85.5
2025-06-12 16:58:00,79.0
2025-06-12 01:31:00,94.8
2025-06-12 22:13:00,52.0
2025-06-12 11:57:00,84.0
2025-06-12 02:30:00,17.5
2025-06-12 05:18:00,4.0
2025-06-12 10:12:00,50.019744401453856
2025-06-12 14:49:00,50.019744401453856
2025-06-12 17:21:00,29.8
2025-06-12 21:52:00,90.8
2025-06-12 01:59:00,68.3
2025-06-12 01:18:00,48.3
2025-06-12 22:34:00,50.019744401453856
2025-06-12 09:41:00,52.9
2025-06-12 10:08:00,37.2
2025-06-12 04:38:00,40.5
2025-06-12 01:17:00,38.4
2025-06-12 01:40:00,78.6
2025-06-12 16:36:00,22.2
2025-06-12 03:54:00,47.0
2025-06-12 16:28:00,79.6
2025-06-12 07:34:00,56.7
2025-06-12 17:27:00,85.8
2025-06-12 23:15:00,9.7
2025-06-12 14:45:00,66.4
2025-06-12 02:53:00,21.9
2025-06-12 15:32:00,66.3
2025-06-12 04:55:00,2.5
2025-06-12 20:06:00,60.5
2025-06-12 11:20:00,18.7
2025-06-12 08:33:00,71.7
2025-06-12 03:43:00,3.2
2025-06-12 07:01:00,88.9
2025-06-12 22:41:00,26.0
2025-06-12 01:40:00,31.0
2025-06-12 22:43:00,79.2
2025-06-12 20:59:00,50.019744401453856
2025-06-12 22:14:00,84.1
2025-06-12 19:14:00,64.3
2025-06-12 09:46:00,43.9
2025-06-12 15:22:00,50.019744401453856
2025-06-12 15:44:00,52.5
2025-06-12 19:09:00,44.4
2025-06-12 16:20:00,50.019744401453856
2025-06-12 16:04:00,50.019744401453856
2025-06-12 16:05:00,27.6
2025-06-12 18:00:00,35.7
2025-06-12 06:50:00,50.019744401453856
2025-06-12 23:20:00,49.9
2025-06-12 22:30:00,50.7
2025-06-12 11:00:00,50.019744401453856
2025-06-12 03:28:00,50.019744401453856
2025-06-12 21:46:00,56.1
2025-06-12 11:33:00,68.9
2025-06-12 06:58:00,59.8
2025-06-12 20:09:00,62.3
2025-06-12 16:10:00,76.2
2025-06-12 12:06:00,39.1
2025-06-12 12:48:00,41.0
2025-06-12 12:11:00,28.7
2025-06-12 05:04:00,92.0
2025-06-12 02:46:00,57.4
2025-06-12 13:52:00,59.7
2025-06-12 08:53:00,89.9
2025-06-12 10:51:00,7.6
2025-06-12 20:23:00,26.2
2025-06-12 17:59:00,65.7
2025-06-12 12:57:00,93.1
2025-06-12 06:22:00,22.7
2025-06-12 15:05:00,20.3
2025-06-12 16:33:00,50.019744401453856
2025-06-12 01:05:00,18.2
2025-06-12 21:25:00,97.0
2025-06-12 08:49:00,75.0
2025-06-12 02:29:00,82.4
2025-06-12 16:43:00,67.5
2025-06-12 19:13:00,82.4
2025-06-12 04:53:00,39.7
2025-06-12 16:45:00,99.0
2025-06-12 04:23:00,97.9
2025-06-12 13:58:00,43.8
2025-06-12 19:54:00,30.7
2025-06-12 11:29:00,85.8
2025-06-12 22:21:00,57.6
2025-06-12 12:10:00,62.3
2025-06-12 19:24:00,76.3
2025-06-12 15:59:00,23.5
2025-06-12 04:41:00,97.7
2025-06-12 08:14:00,95.8
2025-06-12 05:51:00,20.1
2025-06-12 20:56:00,22.1
2025-06-12 05:05:00,62.6
2025-06-12 23:22:00,47.6
2025-06-12 02:26:00,17.0
2025-06-12 07:00:00,57.6
2025-06-12 02:31:00,75.7
2025-06-12 06:13:00,48.3
2025-06-12 18:00:00,50.019744401453856
2025-06-12 00:41:00,65.7
2025-06-12 02:26:00,50.019744401453856
2025-06-12 08:49:00,26.6
2025-06-12 17:36:00,62.6
2025-06-12 00:24:00,91.3
2025-06-12 11:46:00,50.019744401453856
2025-06-12 12:21:00,68.5
2025-06-12 10:46:00,23.6
2025-06-12 12:37:00,0.2
2025-06-12 16:07:00,56.1
2025-06-12 13:13:00,20.4
2025-06-12 02:39:00,73.9
2025-06-12 07:55:00,2.4
2025-06-12 10:40:00,50.019744401453856
2025-06-12 08:37:00,56.5
2025-06-12 15:24:00,50.019744401453856
2025-06-12 01:20:00,26.3
2025-06-12 15:47:00,84.3
2025-06-12 22:56:00,50.019744401453856
2025-06-12 17:31:00,91.7
2025-06-12 22:01:00,36.8
2025-06-12 11:20:00,6.8
2025-06-12 05:28:00,50.2
2025-06-12 16:10:00,50.019744401453856
2025-06-12 17:11:00,4.7
2025-06-12 12:46:00,7.8
2025-06-12 19:53:00,76.3
2025-06-12 04:53:00,52.8
2025-06-12 04:22:00,7.3
2025-06-12 13:29:00,53.0
2025-06-12 21:36:00,18.0
2025-06-12 04:49:00,27.4
2025-06-12 02:54:00,30.9
2025-06-12 12:17:00,87.6
2025-06-12 14:59:00,37.9
2025-06-12 22:59:00,24.3
2025-06-12 08:07:00,14.6
2025-06-12 05:13:00,6.0
2025-06-12 20:19:00,96.9
2025-06-12 20:30:00,85.8
2025-06-12 13:13:00,50.019744401453856
2025-06-12 09:44:00,75.5
2025-06-12 23:43:00,43.0
2025-06-12 09:08:00,43.0
2025-06-12 09:32:00,8.5
2025-06-12 14:05:00,2.6
2025-06-12 20:11:00,71.0
2025-06-12 18:02:00,69.7
2025-06-12 21:02:00,50.019744401453856
2025-06-12 22:55:00,50.019744401453856
2025-06-12 01:47:00,80.0
2025-06-12 16:18:00,26.0
2025-06-12 12:43:00,48.2
2025-06-12 18:33:00,42.2
2025-06-12 10:21:00,72.0
2025-06-12 08:17:00,63.0
2025-06-12 16:31:00,68.1
2025-06-12 06:16:00,58.0
2025-06-12 16:12:00,49.0
2025-06-12 22:00:00,50.0
2025-06-12 12:35:00,70.1
2025-06-12 21:00:00,86.2
2025-06-12 14:02:00,49.94205948042788
2025-06-12 12:03:00,19.7
2025-06-12 18:39:00,19.2
2025-06-12 18:57:00,73.5
2025-06-12 04:44:00,11.1
2025-06-12 16:48:00,12.0
2025-06-12 19:43:00,22.0
2025-06-12 01:17:00,92.4
2025-06-12 18:23:00,24.3
2025-06-12 04:07:00,13.4
2025-06-12 02:53:00,14.3
2025-06-12 00:24:00,1.2
2025-06-12 18:04:00,16.2
2025-06-12 12:27:00,30.9
2025-06-12 01:00:00,36.6
2025-06-12 08:56:00,94.3
2025-06-12 01:48:00,69.5
2025-06-12 15:32:00,36.7
2025-06-12 11:36:00,8.5
2025-06-12 14:22:00,70.2
2025-06-12 10:31:00,0.8
2025-06-12 16:31:00,14.3
2025-06-12 16:51:00,49.94205948042788
2025-06-12 17:26:00,39.3
2025-06-12 18:09:00,52.1
2025-06-12 07:21:00,35.3
2025-06-12 16:35:00,88.2
2025-06-12 00:08:00,75.6
2025-06-12 20:07:00,49.94205948042788
2025-06-12 03:16:00,70.3
2025-06-12 03:42:00,40.3
2025-06-12 14:35:00,49.94205948042788
2025-06-12 03:57:00,49.94205948042788
2025-06-12 19:43:00,51.4
2025-06-12 08:00:00,22.5
2025-06-12 12:56:00,49.94205948042788
2025-06-12 17:54:00,34.0
2025-06-12 10:43:00,49.94205948042788
2025-06-12 07:01:00,43.8
2025-06-12 16:45:00,62.6
2025-06-12 07:14:00,88.3
2025-06-12 09:57:00,82.1
2025-06-12 11:10:00,37.8
2025-06-12 23:26:00,60.1
2025-06-12 13:17:00,66.6
2025-06-12 12:32:00,38.5
2025-06-12 23:43:00,79.6
2025-06-12 06:04:00,14.3
2025-06-12 15:02:00,68.6
2025-06-12 20:21:00,59.7
2025-06-12 00:02:00,13.0
2025-06-12 10:06:00,49.94205948042788
2025-06-12 14:48:00,23.7
2025-06-12 20:06:00,16.6
2025-06-12 02:19:00,58.3
2025-06-12 09:04:00,4.3
2025-06-12 13:54:00,56.8
2025-06-12 18:50:00,85.8
2025-06-12 09:22:00,36.4
2025-06-12 09:23:00,49.94205948042788
2025-06-12 15:13:00,56.8
2025-06-12 08:40:00,53.5
2025-06-12 12:40:00,87.5
2025-06-12 05:38:00,29.8
2025-06-12 14:17:00,95.8
2025-06-12 21:27:00,46.2
2025-06-12 08:59:00,9.3
2025-06-12 13:42:00,72.8
2025-06-12 23:19:00,32.1
2025-06-12 20:22:00,27.1
2025-06-12 20:09:00,49.94205948042788
2025-06-12 17:16:00,24.1
2025-06-12 12:16:00,93.4
2025-06-12 19:15:00,39.2
2025-06-12 00:19:00,82.4
2025-06-12 04:03:00,8.5
2025-06-12 23:38:00,15.2
2025-06-12 19:21:00,67.7
2025-06-12 09:59:00,12.0
2025-06-12 09:52:00,93.2
2025-06-12 18:59:00,19.1
2025-06-12 08:46:00,42.4
2025-06-12 09:42:00,49.94205948042788
2025-06-12 09:16:00,49.94205948042788
2025-06-12 09:14:00,99.8
2025-06-12 01:16:00,39.6
2025-06-12 16:37:00,13.0
2025-06-12 01:58:00,81.8
2025-06-12 06:56:00,49.94205948042788
2025-06-12 23:39:00,37.9
2025-06-12 12:33:00,67.7
2025-06-12 04:24:00,87.3
2025-06-12 21:09:00,19.9
2025-06-12 06:56:00,38.2
2025-06-12 08:30:00,67.7
2025-06-12 23:04:00,48.2
2025-06-12 12:14:00,35.9
2025-06-12 12:08:00,14.0
2025-06-12 00:39:00,7.4
2025-06-12 08:11:00,47.8
2025-06-12 20:15:00,5.9
2025-06-12 10:27:00,37.7
2025-06-12 16:37:00,44.2
2025-06-12 00:58:00,66.4
2025-06-12 13:56:00,49.94205948042788
2025-06-12 23:27:00,16.9
2025-06-12 23:11:00,93.5
2025-06-12 08:50:00,92.0
2025-06-12 00:30:00,40.3
2025-06-12 02:21:00,49.94205948042788
2025-06-12 10:20:00,23.8
2025-06-12 08:40:00,69.7
2025-06-12 12:55:00,49.3
2025-06-12 08:13:00,92.1
2025-06-12 08:53:00,49.94205948042788
2025-06-12 05:04:00,12.1
2025-06-12 21:30:00,0.3
2025-06-12 07:57:00,61.1
2025-06-12 18:35:00,26.0
2025-06-12 08:23:00,60.9
2025-06-12 20:59:00,88.6
2025-06-12 04:15:00,7.6
2025-06-12 14:42:00,31.6
2025-06-12 03:46:00,49.94205948042788
2025-06-12 00:20:00,49.94205948042788
2025-06-12 11:03:00,66.0
2025-06-12 07:04:00,97.9
2025-06-12 23:56:00,0.4
2025-06-12 06:02:00,47.9
2025-06-12 20:56:00,86.1
2025-06-12 07:50:00,49.94205948042788
2025-06-12 15:11:00,36.4
2025-06-12 19:41:00,49.94205948042788
2025-06-12 09:53:00,64.7
2025-06-12 19:03:00,1.7
2025-06-12 17:28:00,38.0
2025-06-12 12:03:00,1.6
2025-06-12 02:22:00,38.0
2025-06-12 18:39:00,20.5
2025-06-12 18:29:00,85.1
2025-06-12 21:44:00,56.1
2025-06-12 07:14:00,92.5
2025-06-12 14:43:00,97.8
2025-06-12 02:25:00,49.94205948042788
2025-06-12 03:30:00,97.5
2025-06-12 00:17:00,19.3
2025-06-12 10:48:00,42.3
2025-06-12 08:44:00,56.8
2025-06-12 23:22:00,25.0
2025-06-12 13:30:00,24.7
2025-06-12 00:06:00,19.0
2025-06-12 13:07:00,32.0
2025-06-12 03:32:00,89.5
2025-06-12 19:40:00,82.0
2025-06-12 10:02:00,11.7
2025-06-12 10:30:00,34.3
2025-06-12 09:37:00,52.5
2025-06-12 10:23:00,3.4
2025-06-12 03:25:00,49.94205948042788
2025-06-12 05:57:00,31.9
2025-06-12 19:56:00,74.7
2025-06-12 17:16:00,8.9
2025-06-12 00:33:00,88.5
2025-06-12 18:23:00,48.8
2025-06-12 03:57:00,57.4
2025-06-12 01:44:00,95.1
2025-06-12 04:58:00,20.4
2025-06-12 10:24:00,7.9
2025-06-12 06:26:00,76.2
2025-06-12 18:43:00,48.5
2025-06-12 08:40:00,4.2
2025-06-12 04:26:00,13.1
2025-06-12 15:06:00,28.6
2025-06-12 21:36:00,69.4
2025-06-12 21:28:00,23.8
2025-06-12 22:27:00,49.0
2025-06-12 23:45:00,94.9
2025-06-12 11:10:00,22.0
2025-06-12 13:59:00,30.2
2025-06-12 05:15:00,82.8
2025-06-12 14:55:00,54.1
2025-06-12 02:24:00,20.8
2025-06-12 10:46:00,10.3
2025-06-12 06:38:00,79.6
2025-06-12 03:09:00,5.9
2025-06-12 09:06:00,49.94205948042788
2025-06-12 15:51:00,13.0
2025-06-12 00:43:00,49.94205948042788
2025-06-12 20:49:00,49.94205948042788
2025-06-12 03:44:00,43.3
2025-06-12 22:53:00,52.2
2025-06-12 13:59:00,43.7
2025-06-12 06:28:00,28.6
2025-06-12 06:18:00,49.94205948042788
2025-06-12 08:32:00,18.0
2025-06-12 11:52:00,10.8
2025-06-12 02:45:00,49.94205948042788
2025-06-12 09:34:00,27.7
2025-06-12 10:10:00,49.94205948042788
2025-06-12 17:44:00,3.5
2025-06-12 22:50:00,65.8
2025-06-12 06:48:00,2.6
2025-06-12 15:49:00,52.8
2025-06-12 12:49:00,12.5
2025-06-12 11:34:00,1.9
2025-06-12 14:07:00,86.2
2025-06-12 16:39:00,69.7
2025-06-12 11:01:00,13.2
2025-06-12 06:07:00,29.7
2025-06-12 07:40:00,6.7
2025-06-12 10:11:00,89.2
2025-06-12 19:33:00,49.94205948042788
2025-06-12 01:13:00,79.5
2025-06-12 08:01:00,30.6
2025-06-12 23:33:00,56.4
2025-06-12 22:30:00,14.1
2025-06-12 05:29:00,58.2
2025-06-12 12:04:00,49.94205948042788
2025-06-12 11:06:00,49.94205948042788
2025-06-12 20:28:00,49.94205948042788
2025-06-12 16:50:00,74.3
2025-06-12 13:12:00,49.94205948042788
2025-06-12 22:03:00,59.5
2025-06-12 06:08:00,19.0
2025-06-12 01:23:00,78.6
2025-06-12 21:32:00,3.9
2025-06-12 05:23:00,60.1
2025-06-12 15:59:00,25.0
2025-06-12 05:10:00,13.6
2025-06-12 08:56:00,49.2
2025-06-12 10:31:00,41.9
2025-06-12 15:32:00,85.9
2025-06-12 15:49:00,59.5
2025-06-12 05:26:00,3.0
2025-06-12 08:23:00,92.0
2025-06-12 06:23:00,36.1
2025-06-12 02:10:00,90.6
2025-06-12 19:34:00,12.5
2025-06-12 17:59:00,71.1
2025-06-12 23:27:00,29.3
2025-06-12 14:07:00,7.1
2025-06-12 23:20:00,82.0
2025-06-12 03:56:00,42.3
2025-06-12 09:53:00,49.94205948042788
2025-06-12 09:07:00,39.8
2025-06-12 03:09:00,26.7
2025-06-12 06:41:00,48.0
2025-06-12 20:18:00,49.94205948042788
2025-06-12 12:23:00,34.2
2025-06-12 09:51:00,55.6
2025-06-12 18:11:00,8.8
2025-06-12 18:51:00,8.9
2025-06-12 00:30:00,71.0
2025-06-12 09:34:00,83.1
2025-06-12 15:00:00,57.7
2025-06-12 20:56:00,49.94205948042788
2025-06-12 12:22:00,25.1
2025-06-12 06:33:00,29.1
2025-06-12 04:03:00,18.1
2025-06-12 16:35:00,86.8
2025-06-12 22:37:00,28.9
2025-06-12 23:53:00,21.9
2025-06-12 03:35:00,88.8
2025-06-12 05:30:00,13.0
2025-06-12 23:04:00,34.9
2025-06-12 13:21:00,71.7
2025-06-12 17:16:00,68.0
2025-06-12 15:01:00,12.8
2025-06-12 22:58:00,17.8
2025-06-12 09:50:00,84.6
2025-06-12 16:15:00,8.8
2025-06-12 09:46:00,56.3
2025-06-12 07:49:00,8.2
2025-06-12 03:06:00,19.7
2025-06-12 09:07:00,62.2
2025-06-12 03:06:00,84.4
2025-06-12 13:13:00,49.7
2025-06-12 11:00:00,66.3
2025-06-12 18:38:00,49.94205948042788
2025-06-12 17:52:00,75.4
2025-06-12 08:09:00,1.0
2025-06-12 23:27:00,49.94205948042788
2025-06-12 18:18:00,62.4
2025-06-12 14:01:00,47.8
2025-06-12 05:50:00,80.5
2025-06-12 00:38:00,9.8
2025-06-12 21:56:00,49.94205948042788
2025-06-12 23:46:00,21.1
2025-06-12 11:38:00,98.4
2025-06-12 11:38:00,49.94205948042788
2025-06-12 01:13:00,78.2
2025-06-12 00:12:00,47.7
2025-06-12 18:16:00,40.9
2025-06-12 09:16:00,99.4
2025-06-12 03:59:00,56.5
2025-06-12 01:53:00,49.94205948042788
2025-06-12 13:54:00,57.5
2025-06-12 10:43:00,95.6
2025-06-12 19:21:00,19.9
2025-06-12 02:39:00,48.8
2025-06-12 08:48:00,29.8
2025-06-12 01:30:00,10.0
2025-06-12 14:28:00,97.7
2025-06-12 00:54:00,57.8
2025-06-12 18:26:00,90.3
2025-06-12 15:27:00,58.3
2025-06-12 18:01:00,49.94205948042788
2025-06-12 19:46:00,58.2
2025-06-12 14:11:00,64.7
2025-06-12 20:54:00,71.4
2025-06-12 15:09:00,49.94205948042788
2025-06-12 08:48:00,13.5
2025-06-12 17:06:00,58.1
2025-06-12 14:46:00,59.4
2025-06-12 10:45:00,47.4
2025-06-12 14:34:00,50.9
2025-06-12 18:24:00,52.4
2025-06-12 00:08:00,13.0
2025-06-12 09:44:00,49.94205948042788
2025-06-12 10:26:00,49.94205948042788
2025-06-12 07:11:00,49.94205948042788
2025-06-12 16:58:00,49.94205948042788
2025-06-12 19:00:00,21.4
2025-06-12 07:30:00,24.0
2025-06-12 09:27:00,73.3
2025-06-12 04:42:00,30.5
2025-06-12 23:15:00,36.8
2025-06-12 15:48:00,53.7
2025-06-12 10:29:00,17.1
2025-06-12 01:57:00,53.8
2025-06-12 10:48:00,76.0
2025-06-12 00:29:00,49.94205948042788
2025-06-12 07:47:00,33.1
2025-06-12 04:38:00,78.4
2025-06-12 01:27:00,49.94205948042788
2025-06-12 16:45:00,71.6
2025-06-12 07:25:00,97.9
2025-06-12 01:32:00,49.94205948042788
2025-06-12 09:00:00,49.94205948042788
2025-06-12 11:18:00,65.1
2025-06-12 13:51:00,5.8
2025-06-12 14:45:00,34.0
2025-06-12 14:59:00,84.3
2025-06-12 15:31:00,38.0
2025-06-12 12:09:00,51.4
2025-06-12 14:21:00,4.1
2025-06-12 09:39:00,87.6
2025-06-12 18:46:00,14.3
2025-06-12 06:21:00,99.7
2025-06-12 22:55:00,73.4
2025-06-12 06:20:00,0.1
2025-06-12 18:34:00,50.024092836946274
2025-06-12 22:30:00,95.5
2025-06-12 15:52:00,32.7
2025-06-12 22:12:00,22.6
2025-06-12 15:46:00,9.4
2025-06-12 13:36:00,24.0
2025-06-12 17:10:00,81.8
2025-06-12 10:54:00,23.0
2025-06-12 02:30:00,3.8
2025-06-12 06:38:00,49.5
2025-06-12 18:25:00,33.0
2025-06-12 13:26:00,17.5
2025-06-12 01:07:00,50.024092836946274
2025-06-12 17:36:00,34.8
2025-06-12 00:14:00,49.1
2025-06-12 06:20:00,64.1
2025-06-12 13:12:00,19.5
2025-06-12 23:35:00,46.6
2025-06-12 20:55:00,13.7
2025-06-12 12:31:00,76.2
2025-06-12 07:13:00,7.0
2025-06-12 17:06:00,99.0
2025-06-12 10:46:00,60.9
2025-06-12 04:45:00,54.8
2025-06-12 12:36:00,96.5
2025-06-12 20:47:00,17.6
2025-06-12 15:56:00,86.7
2025-06-12 04:31:00,55.7
2025-06-12 08:42:00,14.2
2025-06-12 17:23:00,76.5
2025-06-12 12:36:00,42.4
2025-06-12 12:07:00,46.7
2025-06-12 20:53:00,88.3
2025-06-12 03:03:00,34.6
2025-06-12 22:08:00,10.8
2025-06-12 19:05:00,50.024092836946274
2025-06-12 13:20:00,90.1
2025-06-12 16:27:00,42.5
2025-06-12 12:58:00,50.024092836946274
2025-06-12 07:37:00,76.0
2025-06-12 08:31:00,0.2
2025-06-12 06:22:00,92.5
2025-06-12 05:28:00,75.2
2025-06-12 03:39:00,0.1
2025-06-12 18:07:00,37.4
2025-06-12 17:05:00,14.2
2025-06-12 04:17:00,48.7
2025-06-12 10:12:00,50.024092836946274
2025-06-12 19:15:00,5.2
2025-06-12 08:10:00,9.8
2025-06-12 11:41:00,3.0
2025-06-12 21:31:00,25.2
2025-06-12 03:31:00,50.024092836946274
2025-06-12 05:04:00,80.0
2025-06-12 21:06:00,9.5
2025-06-12 00:09:00,27.8
2025-06-12 15:15:00,62.7
2025-06-12 16:41:00,91.9
2025-06-12 14:13:00,50.024092836946274
2025-06-12 19:12:00,50.024092836946274
2025-06-12 20:06:00,31.9
2025-06-12 09:35:00,54.4
2025-06-12 10:18:00,27.5
2025-06-12 05:15:00,20.5
2025-06-12 01:59:00,64.2
2025-06-12 00:44:00,37.1
2025-06-12 08:55:00,88.7
2025-06-12 21:27:00,73.7
2025-06-12 06:57:00,66.2
2025-06-12 20:35:00,93.7
2025-06-12 11:39:00,81.1
2025-06-12 02:02:00,71.3
2025-06-12 10:50:00,75.4
2025-06-12 02:11:00,78.3
2025-06-12 01:57:00,8.8
2025-06-12 22:22:00,78.3
2025-06-12 19:02:00,31.7
2025-06-12 10:39:00,11.5
2025-06-12 00:47:00,53.9
2025-06-12 02:13:00,61.0
2025-06-12 14:45:00,2.8
2025-06-12 22:56:00,43.3
2025-06-12 21:48:00,88.7
2025-06-12 09:11:00,79.0
2025-06-12 02:43:00,82.2
2025-06-12 16:12:00,19.2
2025-06-12 02:32:00,79.1
2025-06-12 04:48:00,99.5
2025-06-12 18:00:00,24.4
2025-06-12 02:04:00,88.7
2025-06-12 10:12:00,45.7
2025-06-12 00:42:00,65.9
2025-06-12 14:38:00,18.3
2025-06-12 12:50:00,4.5
2025-06-12 21:29:00,2.6
2025-06-12 20:42:00,10.1
2025-06-12 17:48:00,20.2
2025-06-12 08:04:00,50.024092836946274
2025-06-12 01:06:00,50.024092836946274
2025-06-12 02:20:00,12.4
2025-06-12 09:57:00,50.024092836946274
2025-06-12 23:11:00,87.0
2025-06-12 15:01:00,50.024092836946274
2025-06-12 09:45:00,37.0
2025-06-12 06:39:00,68.3
2025-06-12 13:58:00,30.1
2025-06-12 06:38:00,49.7
2025-06-12 11:12:00,36.7
2025-06-12 17:21:00,34.9
2025-06-12 07:03:00,39.6
2025-06-12 06:35:00,50.024092836946274
2025-06-12 07:06:00,91.2
2025-06-12 02:08:00,1.5
2025-06-12 04:24:00,62.4
2025-06-12 21:13:00,59.8
2025-06-12 10:23:00,1.3
2025-06-12 10:36:00,99.7
2025-06-12 07:15:00,74.3
2025-06-12 17:59:00,50.024092836946274
2025-06-12 12:17:00,38.8
2025-06-12 12:27:00,85.0
2025-06-12 06:07:00,87.1
2025-06-12 12:18:00,95.3
2025-06-12 19:11:00,65.6
2025-06-12 13:31:00,14.1
2025-06-12 10:10:00,50.024092836946274
2025-06-12 20:42:00,50.024092836946274
2025-06-12 12:41:00,93.7
2025-06-12 09:22:00,50.024092836946274
2025-06-12 22:57:00,76.8
2025-06-12 10:29:00,38.9
2025-06-12 07:29:00,4.7
2025-06-12 10:56:00,87.7
2025-06-12 03:28:00,65.7
2025-06-12 07:08:00,95.6
2025-06-12 23:53:00,62.3
2025-06-12 14:56:00,50.024092836946274
2025-06-12 03:34:00,78.1
2025-06-12 01:58:00,50.024092836946274
2025-06-12 08:55:00,70.0
2025-06-12 17:43:00,49.3
2025-06-12 03:12:00,67.4
2025-06-12 15:40:00,16.3
2025-06-12 08:39:00,49.2
2025-06-12 14:30:00,30.5
2025-06-12 01:29:00,46.1
2025-06-12 02:29:00,46.9
2025-06-12 12:43:00,6.5
2025-06-12 02:52:00,94.9
2025-06-12 16:12:00,95.4
2025-06-12 22:40:00,82.8
2025-06-12 11:34:00,0.6
2025-06-12 01:24:00,50.024092836946274
2025-06-12 08:21:00,70.9
2025-06-12 07:57:00,5.8
2025-06-12 20:11:00,92.7
2025-06-12 01:20:00,50.024092836946274
2025-06-12 06:44:00,57.1
2025-06-12 21:05:00,82.5
2025-06-12 04:22:00,6.8
2025-06-12 08:27:00,44.2
2025-06-12 18:11:00,72.7
2025-06-12 03:45:00,53.8
2025-06-12 17:50:00,13.1
2025-06-12 14:02:00,4.0
2025-06-12 21:33:00,52.2
2025-06-12 10:54:00,44.7
2025-06-12 22:04:00,68.4
2025-06-12 16:22:00,50.024092836946274
2025-06-12 21:12:00,50.024092836946274
2025-06-12 19:41:00,31.0
2025-06-12 05:59:00,39.6
2025-06-12 02:01:00,27.4
2025-06-12 14:34:00,34.5
2025-06-12 14:30:00,25.6
2025-06-12 11:54:00,50.024092836946274
2025-06-12 07:19:00,4.2
2025-06-12 11:14:00,50.0
2025-06-12 21:36:00,58.2
2025-06-12 18:21:00,50.024092836946274
2025-06-12 19:15:00,53.2
2025-06-12 01:20:00,87.9
2025-06-12 11:26:00,51.6
2025-06-12 09:33:00,91.3
2025-06-12 09:11:00,26.3
2025-06-12 16:44:00,1.6
2025-06-12 12:22:00,9.1
2025-06-12 10:40:00,55.9
2025-06-12 16:21:00,74.3
2025-06-12 23:51:00,82.2
2025-06-12 17:33:00,66.6
2025-06-12 11:37:00,50.024092836946274
2025-06-12 08:33:00,6.9
2025-06-12 20:41:00,81.1
2025-06-12 10:20:00,19.5
2025-06-12 16:24:00,33.5
2025-06-12 15:51:00,50.024092836946274
2025-06-12 13:26:00,1.4
2025-06-12 09:46:00,89.6
2025-06-12 22:00:00,41.3
2025-06-12 20:08:00,38.4
2025-06-12 14:29:00,94.9
2025-06-12 13:00:00,43.8
2025-06-12 09:31:00,62.2
2025-06-12 13:04:00,19.8
2025-06-12 06:03:00,62.9
2025-06-12 23:28:00,54.9
2025-06-12 14:20:00,27.0
2025-06-12 08:10:00,78.9
2025-06-12 07:07:00,50.024092836946274
2025-06-12 04:08:00,50.0
2025-06-12 05:32:00,57.7
2025-06-12 17:33:00,33.1
2025-06-12 00:09:00,13.9
2025-06-12 05:52:00,60.1
2025-06-12 12:01:00,53.9
2025-06-12 17:13:00,50.024092836946274
2025-06-12 20:22:00,50.024092836946274
2025-06-12 05:02:00,50.024092836946274
2025-06-12 03:10:00,16.5
2025-06-12 17:53:00,20.7
2025-06-12 04:17:00,85.2
2025-06-12 04:07:00,47.5
2025-06-12 00:18:00,50.024092836946274
2025-06-12 21:41:00,34.1
2025-06-12 07:11:00,23.0
2025-06-12 23:31:00,19.5
2025-06-12 11:55:00,50.024092836946274
2025-06-12 10:53:00,2.2
2025-06-12 07:42:00,93.5
2025-06-12 04:10:00,80.3
2025-06-12 14:07:00,97.9
2025-06-12 10:20:00,81.2
2025-06-12 10:11:00,8.8
2025-06-12 22:48:00,58.5
2025-06-12 06:38:00,90.7
2025-06-12 17:16:00,27.1
2025-06-12 08:31:00,50.024092836946274
2025-06-12 15:33:00,51.7
2025-06-12 03:46:00,50.024092836946274
2025-06-12 09:27:00,50.024092836946274
2025-06-12 21:18:00,96.6
2025-06-12 16:42:00,50.024092836946274
2025-06-12 00:45:00,14.2
2025-06-12 07:11:00,90.9
2025-06-12 14:08:00,33.9
2025-06-12 13:54:00,77.5
2025-06-12 05:23:00,96.1
2025-06-12 16:28:00,50.024092836946274
2025-06-12 14:16:00,45.0
2025-06-12 05:49:00,50.024092836946274
2025-06-12 10:55:00,77.3
2025-06-12 09:33:00,0.2
2025-06-12 01:51:00,5.5
2025-06-12 07:24:00,98.2
2025-06-12 03:43:00,39.9
2025-06-12 11:59:00,11.5
2025-06-12 23:49:00,50.024092836946274
2025-06-12 22:42:00,90.0
2025-06-12 23:33:00,31.2
2025-06-12 03:41:00,94.6
2025-06-12 23:53:00,93.1
2025-06-12 09:16:00,29.5
2025-06-12 09:21:00,92.8
2025-06-12 23:49:00,85.1
2025-06-12 12:07:00,14.6
2025-06-12 07:18:00,45.4
2025-06-12 09:23:00,70.8
2025-06-12 16:34:00,50.024092836946274
2025-06-12 21:31:00,36.7
2025-06-12 02:59:00,55.2
2025-06-12 14:02:00,50.024092836946274
2025-06-12 10:49:00,84.4
2025-06-12 15:53:00,74.6
2025-06-12 18:44:00,93.4
2025-06-12 20:03:00,80.0
2025-06-12 00:26:00,68.0
2025-06-12 14:02:00,67.3
2025-06-12 20:55:00,75.9
2025-06-12 12:49:00,50.024092836946274
2025-06-12 09:27:00,98.5
2025-06-12 12:44:00,85.4
2025-06-12 09:51:00,45.2
2025-06-12 18:41:00,50.024092836946274
2025-06-12 10:11:00,99.8
2025-06-12 09:24:00,85.3
2025-06-12 04:56:00,62.5
2025-06-12 21:58:00,64.0
2025-06-12 03:27:00,12.5
2025-06-12 18:01:00,71.7
2025-06-12 20:52:00,41.6
2025-06-12 00:04:00,4.7
2025-06-12 03:37:00,7.8
2025-06-12 22:08:00,26.2
2025-06-12 12:58:00,37.4
2025-06-12 07:04:00,71.3
2025-06-12 06:59:00,60.2
2025-06-12 17:28:00,50.6
2025-06-12 03:36:00,11.5
2025-06-12 10:11:00,96.2
2025-06-12 08:20:00,8.5
2025-06-12 19:49:00,66.3
2025-06-12 03:19:00,72.9
2025-06-12 16:58:00,8.9
2025-06-12 14:09:00,14.3
2025-06-12 05:22:00,19.6
2025-06-12 15:56:00,51.8
2025-06-12 14:26:00,26.1
2025-06-12 10:19:00,22.9
2025-06-12 03:36:00,48.0
2025-06-12 12:20:00,3.9
2025-06-12 18:40:00,74.9
2025-06-12 15:43:00,39.4
2025-06-12 00:49:00,89.6
2025-06-12 12:32:00,95.6
2025-06-12 13:44:00,43.8
2025-06-12 18:04:00,50.024092836946274
2025-06-12 13:53:00,11.4
2025-06-12 01:41:00,15.2
2025-06-12 17:36:00,50.024092836946274
2025-06-12 08:03:00,15.7
2025-06-12 09:01:00,50.024092836946274
2025-06-12 23:55:00,65.7
2025-06-12 04:14:00,21.0
2025-06-12 03:14:00,95.8
2025-06-12 11:33:00,81.1
2025-06-12 13:10:00,68.9
2025-06-12 02:25:00,33.0
2025-06-12 22:48:00,63.1
2025-06-12 07:05:00,72.0
2025-06-12 05:34:00,36.9
2025-06-12 06:01:00,42.3
2025-06-12 13:57:00,9.1
2025-06-12 19:16:00,20.6
2025-06-12 06:19:00,92.9
2025-06-12 04:18:00,49.2
2025-06-12 13:28:00,95.5
2025-06-12 20:25:00,55.5
2025-06-12 05:07:00,35.0
2025-06-12 02:31:00,77.1
2025-06-12 14:12:00,8.3
2025-06-12 15:19:00,52.0
2025-06-12 04:18:00,42.3
2025-06-12 06:07:00,77.6
2025-06-12 11:50:00,49.54963144963145
2025-06-12 22:35:00,91.8
2025-06-12 10:05:00,80.1
2025-06-12 12:42:00,49.54963144963145
2025-06-12 21:59:00,31.2
2025-06-12 23:26:00,23.8
2025-06-12 13:15:00,81.8
2025-06-12 21:57:00,65.3
2025-06-12 21:15:00,79.8
2025-06-12 07:31:00,49.54963144963145
2025-06-12 10:59:00,79.4
2025-06-12 06:21:00,30.4
2025-06-12 00:15:00,16.2
2025-06-12 01:32:00,76.0
2025-06-12 23:34:00,46.0
2025-06-12 02:58:00,85.8
2025-06-12 07:00:00,13.4
2025-06-12 10:30:00,26.3
2025-06-12 01:55:00,78.2
2025-06-12 12:30:00,21.5
2025-06-12 05:47:00,49.54963144963145
2025-06-12 05:33:00,51.5
2025-06-12 02:56:00,45.2
2025-06-12 20:47:00,93.9
2025-06-12 22:19:00,96.5
2025-06-12 04:28:00,30.3
2025-06-12 07:32:00,81.5
2025-06-12 06:42:00,17.1
2025-06-12 23:33:00,49.54963144963145
2025-06-12 17:11:00,5.5
2025-06-12 10:45:00,41.5
2025-06-12 09:48:00,61.2
2025-06-12 19:23:00,25.5
2025-06-12 10:11:00,26.5
2025-06-12 11:14:00,69.7
2025-06-12 03:49:00,71.3
2025-06-12 11:27:00,32.8
2025-06-12 14:09:00,7.8
2025-06-12 03:13:00,41.9
2025-06-12 13:13:00,65.7
2025-06-12 17:50:00,9.5
2025-06-12 23:38:00,49.54963144963145
2025-06-12 11:07:00,61.7
2025-06-12 21:34:00,19.6
2025-06-12 01:38:00,24.7
2025-06-12 16:06:00,49.54963144963145
2025-06-12 14:25:00,17.4
2025-06-12 12:15:00,84.5
2025-06-12 21:05:00,17.3
2025-06-12 20:40:00,69.9
2025-06-12 09:41:00,66.0
2025-06-12 16:02:00,44.7
2025-06-12 08:04:00,7.9
2025-06-12 16:25:00,49.54963144963145
2025-06-12 11:59:00,84.9
2025-06-12 15:46:00,49.54963144963145
2025-06-12 01:04:00,60.4
2025-06-12 05:05:00,3.0
2025-06-12 07:24:00,43.3
2025-06-12 16:54:00,13.7
2025-06-12 12:53:00,60.7
2025-06-12 15:02:00,34.5
2025-06-12 01:23:00,27.7
2025-06-12 01:49:00,91.9
2025-06-12 05:18:00,59.6
2025-06-12 16:44:00,20.6
2025-06-12 13:46:00,49.54963144963145
2025-06-12 06:50:00,40.1
2025-06-12 10:23:00,18.3
2025-06-12 05:11:00,11.9
2025-06-12 23:26:00,39.8
2025-06-12 13:54:00,19.4
2025-06-12 07:49:00,22.2
2025-06-12 09:43:00,19.9
2025-06-12 00:15:00,81.2
2025-06-12 10:58:00,37.2
2025-06-12 12:10:00,18.3
2025-06-12 09:06:00,16.6
2025-06-12 23:55:00,84.9
2025-06-12 15:09:00,49.4
2025-06-12 11:44:00,54.0
2025-06-12 11:44:00,79.0
2025-06-12 12:34:00,35.0
2025-06-12 03:25:00,34.6
2025-06-12 14:35:00,98.6
2025-06-12 06:42:00,63.1
2025-06-12 11:01:00,83.8
2025-06-12 15:13:00,49.54963144963145
2025-06-12 16:22:00,1.4
2025-06-12 23:13:00,71.2
2025-06-12 11:08:00,53.7
2025-06-12 16:08:00,49.54963144963145
2025-06-12 03:15:00,47.3
2025-06-12 05:52:00,49.54963144963145
2025-06-12 19:18:00,22.9
2025-06-12 10:27:00,49.5
2025-06-12 11:01:00,49.3
2025-06-12 15:31:00,98.0
2025-06-12 22:03:00,26.8
2025-06-12 05:17:00,40.6
2025-06-12 10:30:00,56.1
2025-06-12 03:39:00,50.6
2025-06-12 11:02:00,74.1
2025-06-12 12:09:00,32.2
2025-06-12 00:27:00,60.5
2025-06-12 20:36:00,73.8
2025-06-12 14:33:00,96.9
2025-06-12 04:25:00,27.1
2025-06-12 19:03:00,49.54963144963145
2025-06-12 22:54:00,50.1
2025-06-12 12:58:00,49.0
2025-06-12 14:22:00,29.5
2025-06-12 02:12:00,49.54963144963145
2025-06-12 02:32:00,60.5
2025-06-12 05:00:00,16.2
2025-06-12 23:40:00,19.1
2025-06-12 05:46:00,95.4
2025-06-12 02:09:00,56.4
2025-06-12 23:35:00,66.7
2025-06-12 20:12:00,44.1
2025-06-12 06:14:00,1.3
2025-06-12 09:01:00,52.1
2025-06-12 09:16:00,50.6
2025-06-12 02:05:00,49.54963144963145
2025-06-12 06:51:00,64.0
2025-06-12 14:57:00,49.54963144963145
2025-06-12 14:30:00,72.1
2025-06-12 18:49:00,73.4
2025-06-12 05:09:00,7.6
2025-06-12 02:35:00,49.54963144963145
2025-06-12 08:46:00,95.5
2025-06-12 01:35:00,87.9
2025-06-12 16:28:00,77.9
2025-06-12 04:08:00,49.54963144963145
2025-06-12 05:40:00,15.1
2025-06-12 15:20:00,79.0
2025-06-12 07:38:00,6.6
2025-06-12 06:15:00,36.5
2025-06-12 04:11:00,67.7
2025-06-12 20:55:00,94.5
2025-06-12 15:43:00,39.9
2025-06-12 23:07:00,49.54963144963145
2025-06-12 02:21:00,82.2
2025-06-12 18:59:00,83.8
2025-06-12 13:53:00,1.7
2025-06-12 20:42:00,49.3
2025-06-12 02:37:00,93.7
2025-06-12 10:58:00,95.2
2025-06-12 13:02:00,85.6
2025-06-12 16:22:00,36.6
2025-06-12 15:23:00,39.2
2025-06-12 18:15:00,93.2
2025-06-12 01:15:00,71.5
2025-06-12 01:57:00,42.5
2025-06-12 23:44:00,49.54963144963145
2025-06-12 13:08:00,41.3
2025-06-12 00:09:00,77.6
2025-06-12 11:39:00,94.7
2025-06-12 14:32:00,49.54963144963145
2025-06-12 14:16:00,49.54963144963145
2025-06-12 17:24:00,0.0
2025-06-12 14:28:00,83.2
2025-06-12 12:38:00,49.54963144963145
2025-06-12 11:20:00,91.6
2025-06-12 18:07:00,72.8
2025-06-12 19:39:00,39.7
2025-06-12 16:34:00,70.5
2025-06-12 11:31:00,97.9
2025-06-12 11:28:00,47.1
2025-06-12 23:40:00,4.4
2025-06-12 04:09:00,70.0
2025-06-12 11:30:00,7.6
2025-06-12 22:51:00,43.8
2025-06-12 19:43:00,50.7
2025-06-12 10:14:00,59.6
2025-06-12 15:26:00,64.6
2025-06-12 01:53:00,49.54963144963145
2025-06-12 02:11:00,68.2
2025-06-12 00:18:00,2.5
2025-06-12 06:41:00,33.5
2025-06-12 06:48:00,0.5
2025-06-12 09:16:00,95.5
2025-06-12 10:04:00,65.0
2025-06-12 22:06:00,28.1
2025-06-12 14:30:00,49.54963144963145
2025-06-12 18:25:00,49.54963144963145
2025-06-12 21:09:00,16.5
2025-06-12 04:22:00,0.5
2025-06-12 13:15:00,68.5
2025-06-12 07:35:00,12.1
2025-06-12 00:11:00,47.0
2025-06-12 02:04:00,3.3
2025-06-12 09:21:00,77.3
2025-06-12 06:24:00,82.1
2025-06-12 20:41:00,32.8
2025-06-12 07:27:00,20.0
2025-06-12 14:01:00,26.6
2025-06-12 23:00:00,29.2
2025-06-12 15:33:00,5.7
2025-06-12 08:10:00,36.3
2025-06-12 22:11:00,12.9
2025-06-12 07:09:00,24.2
2025-06-12 10:04:00,31.1
2025-06-12 00:53:00,49.54963144963145
2025-06-12 13:43:00,16.7
2025-06-12 23:49:00,78.8
2025-06-12 09:32:00,76.6
2025-06-12 18:29:00,49.54963144963145
2025-06-12 11:48:00,49.54963144963145
2025-06-12 11:22:00,37.0
2025-06-12 02:45:00,90.7
2025-06-12 00:50:00,27.3
2025-06-12 05:36:00,18.2
2025-06-12 05:10:00,99.0
2025-06-12 06:39:00,33.8
2025-06-12 22:23:00,19.4
2025-06-12 00:29:00,68.8
2025-06-12 21:42:00,95.8
2025-06-12 11:00:00,44.2
2025-06-12 17:16:00,8.6
2025-06-12 13:04:00,34.6
2025-06-12 00:13:00,54.2
2025-06-12 18:18:00,75.7
2025-06-12 08:37:00,37.3
2025-06-12 01:48:00,45.9
2025-06-12 23:56:00,93.4
2025-06-12 14:48:00,71.8
2025-06-12 02:52:00,2.5
2025-06-12 06:29:00,49.54963144963145
2025-06-12 08:08:00,49.54963144963145
2025-06-12 06:32:00,99.0
2025-06-12 12:59:00,49.54963144963145
2025-06-12 16:21:00,37.8
2025-06-12 05:13:00,23.7
2025-06-12 13:52:00,49.54963144963145
2025-06-12 10:36:00,49.54963144963145
2025-06-12 14:00:00,43.9
2025-06-12 16:14:00,74.5
2025-06-12 19:39:00,49.54963144963145
2025-06-12 17:41:00,97.1
2025-06-12 16:48:00,32.5
2025-06-12 19:31:00,27.6
2025-06-12 02:02:00,24.5
2025-06-12 23:17:00,46.8
2025-06-12 03:14:00,43.1
2025-06-12 15:20:00,45.8
2025-06-12 10:43:00,52.1
2025-06-12 06:25:00,68.5
2025-06-12 11:50:00,90.5
2025-06-12 09:58:00,64.1
2025-06-12 14:09:00,65.7
2025-06-12 17:10:00,35.5
2025-06-12 20:23:00,80.2
2025-06-12 19:34:00,49.54963144963145
2025-06-12 05:17:00,81.6
2025-06-12 10:34:00,92.8
2025-06-12 00:16:00,92.0
2025-06-12 19:47:00,33.5
2025-06-12 11:16:00,87.9
2025-06-12 21:01:00,49.54963144963145
2025-06-12 22:11:00,49.54963144963145
2025-06-12 05:35:00,31.0
2025-06-12 01:23:00,11.9
2025-06-12 20:28:00,19.5
2025-06-12 21:08:00,12.3
2025-06-12 15:27:00,1.0
2025-06-12 09:31:00,51.1
2025-06-12 23:37:00,84.0
2025-06-12 14:37:00,30.7
2025-06-12 03:14:00,82.4
2025-06-12 11:12:00,92.2
2025-06-12 11:55:00,12.2
2025-06-12 06:59:00,73.9
2025-06-12 11:58:00,30.4
2025-06-12 05:13:00,30.2
2025-06-12 00:02:00,13.0
2025-06-12 03:35:00,70.4
2025-06-12 12:46:00,42.3
2025-06-12 13:22:00,12.0
2025-06-12 04:59:00,5.6
2025-06-12 18:28:00,55.4
2025-06-12 14:31:00,49.54963144963145
2025-06-12 08:14:00,10.1
2025-06-12 22:07:00,96.4
2025-06-12 08:19:00,57.0
2025-06-12 00:43:00,65.4
2025-06-12 23:50:00,70.2
2025-06-12 22:22:00,51.2
2025-06-12 01:39:00,49.54963144963145
2025-06-12 01:26:00,20.6
2025-06-12 08:30:00,89.5
2025-06-12 11:35:00,55.2
2025-06-12 21:48:00,46.9
2025-06-12 10:23:00,3.0
2025-06-12 01:39:00,82.1
2025-06-12 15:46:00,90.8
2025-06-12 10:38:00,69.7
2025-06-12 19:50:00,73.1
2025-06-12 16:35:00,29.8
2025-06-12 07:03:00,48.1
2025-06-12 04:27:00,52.0
2025-06-12 11:39:00,42.0
2025-06-12 12:49:00,24.0
2025-06-12 15:06:00,39.2
2025-06-12 04:52:00,27.1
2025-06-12 11:25:00,19.0
2025-06-12 10:00:00,83.5
2025-06-12 07:48:00,100.0
2025-06-12 06:43:00,49.54963144963145
2025-06-12 00:39:00,18.5
2025-06-12 13:22:00,29.7
2025-06-12 18:07:00,39.7
2025-06-12 23:31:00,49.7
2025-06-12 01:28:00,39.1
2025-06-12 01:15:00,10.3
2025-06-12 10:23:00,63.9
2025-06-12 15:19:00,49.54963144963145
2025-06-12 03:02:00,49.54963144963145
2025-06-12 05:08:00,6.8
2025-06-12 13:34:00,51.3
2025-06-12 03:58:00,49.54963144963145
2025-06-12 21:53:00,24.0
2025-06-12 10:29:00,51.9
2025-06-12 13:14:00,72.0
2025-06-12 04:24:00,12.9
2025-06-12 01:27:00,49.54963144963145
2025-06-12 17:08:00,49.54963144963145
2025-06-12 12:00:00,39.7
2025-06-12 11:22:00,3.4
2025-06-12 02:13:00,97.1
2025-06-12 00:41:00,49.54963144963145
2025-06-12 21:10:00,44.0
2025-06-12 12:42:00,90.0
2025-06-12 01:40:00,86.6
2025-06-12 04:32:00,54.3
2025-06-12 21:43:00,60.2
2025-06-12 14:37:00,91.0
2025-06-12 05:01:00,77.3
2025-06-12 22:05:00,59.8
2025-06-12 19:39:00,35.9
2025-06-12 23:58:00,79.2
2025-06-12 21:19:00,80.7
2025-06-12 07:17:00,50.9
2025-06-12 19:58:00,30.4
2025-06-12 04:45:00,88.0
2025-06-12 01:14:00,18.2
2025-06-12 20:42:00,10.9
2025-06-12 16:07:00,98.7
2025-06-12 16:30:00,49.54963144963145
2025-06-12 23:58:00,14.9
2025-06-12 04:06:00,51.4
2025-06-12 05:37:00,77.4
2025-06-12 05:11:00,17.5
2025-06-12 21:35:00,85.2
2025-06-12 21:33:00,92.5
2025-06-12 20:11:00,24.0
2025-06-12 05:54:00,72.9
2025-06-12 11:46:00,91.7
2025-06-12 05:06:00,29.4
2025-06-12 07:48:00,61.9
2025-06-12 19:42:00,49.560128956623686
2025-06-12 21:04:00,46.8
2025-06-12 02:15:00,36.5
2025-06-12 01:07:00,49.560128956623686
2025-06-12 07:55:00,92.3
2025-06-12 15:48:00,68.9
2025-06-12 12:22:00,22.8
2025-06-12 14:53:00,49.560128956623686
2025-06-12 21:40:00,75.3
2025-06-12 03:53:00,12.1
2025-06-12 13:05:00,49.560128956623686
2025-06-12 13:53:00,4.3
2025-06-12 21:34:00,33.6
2025-06-12 01:25:00,8.9
2025-06-12 23:32:00,20.5
2025-06-12 17:41:00,66.7
2025-06-12 20:19:00,51.3
2025-06-12 12:17:00,35.4
2025-06-12 22:11:00,21.7
2025-06-12 15:45:00,49.560128956623686
2025-06-12 04:41:00,36.8
2025-06-12 19:50:00,49.560128956623686
2025-06-12 15:53:00,49.560128956623686
2025-06-12 17:26:00,26.2
2025-06-12 16:35:00,22.5
2025-06-12 07:45:00,44.0
2025-06-12 17:04:00,23.3
2025-06-12 04:05:00,49.560128956623686
2025-06-12 22:58:00,64.9
2025-06-12 05:24:00,43.1
2025-06-12 04:58:00,17.9
2025-06-12 12:41:00,53.6
2025-06-12 21:32:00,58.4
2025-06-12 22:08:00,49.560128956623686
2025-06-12 02:39:00,16.3
2025-06-12 05:08:00,49.560128956623686
2025-06-12 16:23:00,47.7
2025-06-12 16:42:00,44.4
2025-06-12 21:38:00,9.9
2025-06-12 11:33:00,20.8
2025-06-12 11:19:00,72.9
2025-06-12 16:45:00,39.2
2025-06-12 11:05:00,12.9
2025-06-12 11:12:00,95.0
2025-06-12 07:59:00,4.7
2025-06-12 15:57:00,70.6
2025-06-12 22:00:00,13.4
2025-06-12 02:50:00,56.0
2025-06-12 18:12:00,35.3
2025-06-12 15:00:00,40.3
2025-06-12 11:20:00,0.7
2025-06-12 15:17:00,9.3
2025-06-12 15:53:00,96.1
2025-06-12 21:29:00,8.6
2025-06-12 02:00:00,8.3
2025-06-12 22:41:00,51.1
2025-06-12 12:48:00,84.9
2025-06-12 14:44:00,38.1
2025-06-12 16:44:00,26.0
2025-06-12 05:17:00,62.6
2025-06-12 02:54:00,49.560128956623686
2025-06-12 11:26:00,13.9
2025-06-12 01:09:00,6.4
2025-06-12 22:20:00,49.560128956623686
2025-06-12 01:22:00,12.2
2025-06-12 08:47:00,8.4
2025-06-12 01:32:00,10.2
2025-06-12 12:25:00,49.560128956623686
2025-06-12 04:45:00,49.560128956623686
2025-06-12 09:03:00,49.560128956623686
2025-06-12 04:05:00,36.8
2025-06-12 00:57:00,94.5
2025-06-12 17:28:00,49.560128956623686
2025-06-12 18:35:00,70.4
2025-06-12 10:54:00,63.6
2025-06-12 07:33:00,41.9
2025-06-12 17:04:00,15.6
2025-06-12 01:58:00,2.7
2025-06-12 19:55:00,2.1
2025-06-12 10:21:00,97.5
2025-06-12 14:05:00,43.1
2025-06-12 18:57:00,35.7
2025-06-12 00:38:00,68.2
2025-06-12 05:20:00,53.4
2025-06-12 14:00:00,52.4
2025-06-12 05:49:00,20.8
2025-06-12 11:36:00,76.4
2025-06-12 07:11:00,17.7
2025-06-12 08:15:00,16.0
2025-06-12 21:15:00,88.0
2025-06-12 14:08:00,35.2
2025-06-12 02:33:00,49.560128956623686
2025-06-12 15:43:00,9.0
2025-06-12 22:45:00,82.0
2025-06-12 14:43:00,25.0
2025-06-12 06:04:00,76.4
2025-06-12 17:50:00,44.1
2025-06-12 15:07:00,7.2
2025-06-12 19:09:00,23.8
2025-06-12 13:03:00,97.3
2025-06-12 02:03:00,18.0
2025-06-12 12:56:00,33.1
2025-06-12 12:52:00,62.3
2025-06-12 09:35:00,80.3
2025-06-12 07:17:00,49.560128956623686
2025-06-12 23:41:00,75.0
2025-06-12 15:06:00,42.6
2025-06-12 12:13:00,23.1
2025-06-12 20:40:00,41.2
2025-06-12 01:30:00,11.7
2025-06-12 07:11:00,47.2
2025-06-12 15:34:00,87.9
2025-06-12 23:33:00,34.3
2025-06-12 22:45:00,85.6
2025-06-12 23:32:00,49.560128956623686
2025-06-12 05:36:00,77.6
2025-06-12 07:24:00,99.0
2025-06-12 17:32:00,3.8
2025-06-12 14:58:00,49.560128956623686
2025-06-12 16:06:00,29.3
2025-06-12 02:09:00,62.4
2025-06-12 07:25:00,40.4
2025-06-12 04:14:00,26.2
2025-06-12 13:01:00,39.6
2025-06-12 11:13:00,49.560128956623686
2025-06-12 12:32:00,35.2
2025-06-12 04:12:00,34.7
2025-06-12 14:41:00,49.560128956623686
2025-06-12 21:25:00,4.9
2025-06-12 20:49:00,53.6
2025-06-12 21:50:00,61.7
2025-06-12 22:42:00,94.5
2025-06-12 00:40:00,50.8
2025-06-12 17:41:00,49.560128956623686
2025-06-12 00:51:00,49.560128956623686
2025-06-12 23:41:00,40.9
2025-06-12 18:29:00,42.7
2025-06-12 01:50:00,1.8
2025-06-12 07:30:00,47.3
2025-06-12 21:02:00,29.7
2025-06-12 02:18:00,65.6
2025-06-12 09:44:00,49.560128956623686
2025-06-12 09:52:00,43.4
2025-06-12 06:57:00,14.6
2025-06-12 19:54:00,61.2
2025-06-12 06:06:00,49.560128956623686
2025-06-12 22:24:00,1.4
2025-06-12 11:02:00,54.0
2025-06-12 19:53:00,85.9
2025-06-12 15:27:00,64.7
2025-06-12 05:59:00,54.6
2025-06-12 21:34:00,49.560128956623686
2025-06-12 15:03:00,86.7
2025-06-12 21:46:00,84.8
2025-06-12 04:59:00,86.3
2025-06-12 07:04:00,78.1
2025-06-12 14:22:00,44.0
2025-06-12 14:45:00,2.4
2025-06-12 02:13:00,87.0
2025-06-12 12:18:00,20.1
2025-06-12 03:31:00,33.1
2025-06-12 05:40:00,67.1
2025-06-12 21:25:00,4.2
2025-06-12 22:24:00,79.0
2025-06-12 03:59:00,17.5
2025-06-12 12:58:00,77.6
2025-06-12 19:09:00,4.4
2025-06-12 23:40:00,94.3
2025-06-12 06:20:00,37.4
2025-06-12 20:16:00,9.6
2025-06-12 03:29:00,7.9
2025-06-12 15:50:00,36.3
2025-06-12 16:48:00,59.1
2025-06-12 21:18:00,8.0
2025-06-12 08:05:00,66.2
2025-06-12 03:54:00,3.2
2025-06-12 12:44:00,49.560128956623686
2025-06-12 08:09:00,49.560128956623686
2025-06-12 20:42:00,86.9
2025-06-12 03:28:00,34.0
2025-06-12 08:42:00,60.4
2025-06-12 05:49:00,67.7
2025-06-12 22:30:00,79.4
2025-06-12 13:49:00,65.9
2025-06-12 23:50:00,40.0
2025-06-12 00:28:00,53.8
2025-06-12 14:34:00,65.4
2025-06-12 11:43:00,22.4
2025-06-12 12:24:00,49.560128956623686
2025-06-12 17:33:00,96.7
2025-06-12 20:32:00,60.0
2025-06-12 13:43:00,31.7
2025-06-12 05:16:00,49.560128956623686
2025-06-12 00:24:00,49.560128956623686
2025-06-12 06:38:00,49.0
2025-06-12 08:09:00,91.7
2025-06-12 05:58:00,22.9
2025-06-12 17:49:00,24.0
2025-06-12 19:42:00,26.3
2025-06-12 21:47:00,32.2
2025-06-12 07:25:00,72.8
2025-06-12 12:53:00,30.5
2025-06-12 14:04:00,49.560128956623686
2025-06-12 00:31:00,46.5
2025-06-12 20:51:00,67.4
2025-06-12 00:41:00,81.8
2025-06-12 17:58:00,97.1
2025-06-12 14:42:00,9.7
2025-06-12 10:42:00,73.8
2025-06-12 16:07:00,32.6
2025-06-12 22:14:00,40.6
2025-06-12 19:44:00,14.8
2025-06-12 13:02:00,80.2
2025-06-12 01:19:00,11.2
2025-06-12 07:12:00,44.6
2025-06-12 00:00:00,3.0
2025-06-12 19:28:00,92.2
2025-06-12 02:01:00,9.5
2025-06-12 09:46:00,17.3
2025-06-12 00:20:00,49.560128956623686
2025-06-12 08:30:00,39.2
2025-06-12 09:15:00,66.8
2025-06-12 09:21:00,21.7
2025-06-12 21:24:00,49.560128956623686
2025-06-12 21:49:00,84.0
2025-06-12 17:24:00,34.4
2025-06-12 09:38:00,46.5
2025-06-12 21:30:00,24.0
2025-06-12 19:57:00,42.7
2025-06-12 20:51:00,49.560128956623686
2025-06-12 03:54:00,2.5
2025-06-12 10:50:00,49.560128956623686
2025-06-12 14:51:00,85.5
2025-06-12 13:08:00,31.9
2025-06-12 08:13:00,99.5
2025-06-12 15:52:00,85.5
2025-06-12 17:08:00,77.9
2025-06-12 09:13:00,22.7
2025-06-12 20:17:00,0.1
2025-06-12 13:17:00,80.7
2025-06-12 13:10:00,35.3
2025-06-12 23:30:00,9.0
2025-06-12 14:21:00,6.1
2025-06-12 06:41:00,4.3
2025-06-12 14:56:00,28.6
2025-06-12 01:03:00,96.9
2025-06-12 21:15:00,25.6
2025-06-12 21:29:00,49.560128956623686
2025-06-12 10:51:00,25.3
2025-06-12 16:25:00,69.4
2025-06-12 15:10:00,95.1
2025-06-12 22:10:00,49.2
2025-06-12 13:44:00,87.9
2025-06-12 10:26:00,58.1
2025-06-12 11:24:00,24.2
2025-06-12 11:55:00,93.3
2025-06-12 10:13:00,1.7
2025-06-12 00:36:00,2.9
2025-06-12 20:28:00,92.2
2025-06-12 17:41:00,19.9
2025-06-12 17:09:00,49.560128956623686
2025-06-12 08:26:00,24.1
2025-06-12 23:54:00,19.3
2025-06-12 23:11:00,22.1
2025-06-12 13:27:00,49.560128956623686
2025-06-12 15:01:00,50.2
2025-06-12 09:10:00,82.0
2025-06-12 03:21:00,44.0
2025-06-12 14:34:00,45.0
2025-06-12 05:43:00,18.3
2025-06-12 20:53:00,25.0
2025-06-12 01:43:00,64.1
2025-06-12 19:31:00,12.6
2025-06-12 21:38:00,49.560128956623686
2025-06-12 18:01:00,66.6
2025-06-12 00:53:00,53.3
2025-06-12 23:36:00,98.5
2025-06-12 13:41:00,40.2
2025-06-12 00:12:00,91.3
2025-06-12 15:29:00,76.7
2025-06-12 16:58:00,63.7
2025-06-12 08:22:00,49.560128956623686
2025-06-12 04:18:00,60.1
2025-06-12 09:05:00,49.9
2025-06-12 22:25:00,83.0
2025-06-12 20:39:00,35.7
2025-06-12 11:58:00,49.560128956623686
2025-06-12 23:43:00,46.2
2025-06-12 05:00:00,12.2
2025-06-12 22:35:00,23.0
2025-06-12 18:13:00,90.0
2025-06-12 04:22:00,31.9
2025-06-12 04:34:00,4.2
2025-06-12 05:46:00,58.9
2025-06-12 18:34:00,91.3
2025-06-12 03:20:00,59.3
2025-06-12 01:47:00,44.0
2025-06-12 03:42:00,56.9
2025-06-12 01:46:00,49.560128956623686
2025-06-12 21:31:00,36.9
2025-06-12 01:28:00,49.560128956623686
2025-06-12 04:37:00,20.8
2025-06-12 00:34:00,64.8
2025-06-12 16:55:00,88.8
2025-06-12 17:24:00,64.7
2025-06-12 13:46:00,4.8
2025-06-12 22:31:00,94.0
2025-06-12 07:14:00,29.2
2025-06-12 07:43:00,4.5
2025-06-12 02:26:00,14.8
2025-06-12 06:03:00,67.6
2025-06-12 11:07:00,75.3
2025-06-12 22:13:00,19.7
2025-06-12 08:17:00,83.3
2025-06-12 00:23:00,72.7
2025-06-12 02:53:00,41.7
2025-06-12 07:28:00,80.3
2025-06-12 06:28:00,7.4
2025-06-12 16:50:00,3.8
2025-06-12 02:58:00,50.10277843742579
2025-06-12 06:03:00,20.7
2025-06-12 13:07:00,8.4
2025-06-12 14:23:00,90.4
2025-06-12 23:50:00,51.4
2025-06-12 08:19:00,80.3
2025-06-12 09:34:00,30.5
2025-06-12 19:34:00,83.5
2025-06-12 23:00:00,50.10277843742579
2025-06-12 06:55:00,81.2
2025-06-12 06:31:00,74.7
2025-06-12 19:30:00,39.0
2025-06-12 15:44:00,48.7
2025-06-12 18:44:00,72.0
2025-06-12 04:51:00,41.8
2025-06-12 11:06:00,42.1
2025-06-12 00:37:00,14.1
2025-06-12 00:30:00,96.8
2025-06-12 04:42:00,79.8
2025-06-12 00:52:00,23.0
2025-06-12 16:30:00,24.0
2025-06-12 10:49:00,93.1
2025-06-12 08:49:00,55.1
2025-06-12 02:50:00,20.2
2025-06-12 18:32:00,50.10277843742579
2025-06-12 23:59:00,98.7
2025-06-12 11:02:00,68.2
2025-06-12 09:12:00,80.9
2025-06-12 05:40:00,63.6
2025-06-12 17:43:00,50.10277843742579
2025-06-12 10:35:00,7.9
2025-06-12 02:14:00,29.5
2025-06-12 10:20:00,22.7
2025-06-12 21:42:00,48.4
2025-06-12 00:47:00,71.3
2025-06-12 09:00:00,73.2
2025-06-12 14:08:00,34.5
2025-06-12 06:12:00,96.6
2025-06-12 22:18:00,94.8
2025-06-12 06:52:00,4.0
2025-06-12 06:43:00,50.10277843742579
2025-06-12 15:57:00,97.4
2025-06-12 19:35:00,83.8
2025-06-12 04:46:00,50.10277843742579
2025-06-12 23:34:00,86.4
2025-06-12 23:33:00,49.3
2025-06-12 11:18:00,59.2
2025-06-12 03:44:00,10.8
2025-06-12 03:53:00,5.2
2025-06-12 14:22:00,24.1
2025-06-12 17:22:00,79.0
2025-06-12 08:54:00,29.6
2025-06-12 15:04:00,18.7
2025-06-12 17:28:00,83.4
2025-06-12 10:11:00,2.2
2025-06-12 11:39:00,50.10277843742579
2025-06-12 18:09:00,33.4
2025-06-12 07:19:00,39.9
2025-06-12 04:06:00,33.1
2025-06-12 15:14:00,43.1
2025-06-12 01:30:00,16.1
2025-06-12 18:37:00,40.1
2025-06-12 16:11:00,50.10277843742579
2025-06-12 22:55:00,98.5
2025-06-12 05:03:00,84.5
2025-06-12 12:23:00,87.0
2025-06-12 20:07:00,16.1
2025-06-12 15:00:00,82.8
2025-06-12 04:54:00,50.10277843742579
2025-06-12 14:14:00,99.6
2025-06-12 04:46:00,26.4
2025-06-12 06:12:00,32.6
2025-06-12 03:22:00,46.1
2025-06-12 23:05:00,90.0
2025-06-12 19:08:00,56.7
2025-06-12 17:54:00,50.10277843742579
2025-06-12 22:16:00,50.10277843742579
2025-06-12 04:18:00,50.10277843742579
2025-06-12 15:27:00,50.10277843742579
2025-06-12 10:07:00,20.1
2025-06-12 06:03:00,66.3
2025-06-12 16:05:00,32.0
2025-06-12 18:39:00,8.6
2025-06-12 07:03:00,23.2
2025-06-12 03:49:00,15.4
2025-06-12 16:38:00,81.3
2025-06-12 12:49:00,36.2
2025-06-12 13:37:00,66.0
2025-06-12 14:51:00,18.6
2025-06-12 05:09:00,50.10277843742579
2025-06-12 04:36:00,50.10277843742579
2025-06-12 14:57:00,35.4
2025-06-12 19:38:00,50.10277843742579
2025-06-12 16:52:00,96.2
2025-06-12 08:52:00,80.8
2025-06-12 01:57:00,15.7
2025-06-12 12:06:00,78.5
2025-06-12 10:45:00,61.1
2025-06-12 09:18:00,36.9
2025-06-12 20:07:00,50.10277843742579
2025-06-12 02:47:00,65.1
2025-06-12 02:04:00,15.9
2025-06-12 01:24:00,34.7
2025-06-12 10:41:00,95.4
2025-06-12 04:41:00,7.6
2025-06-12 13:17:00,27.2
2025-06-12 03:55:00,50.10277843742579
2025-06-12 14:29:00,53.2
2025-06-12 05:16:00,42.5
2025-06-12 21:16:00,75.7
2025-06-12 09:49:00,83.4
2025-06-12 05:58:00,69.6
2025-06-12 10:22:00,42.8
2025-06-12 05:04:00,10.6
2025-06-12 14:59:00,86.2
2025-06-12 09:33:00,51.5
2025-06-12 22:59:00,39.7
2025-06-12 01:08:00,0.8
2025-06-12 07:48:00,4.5
2025-06-12 00:18:00,26.7
2025-06-12 22:31:00,31.3
2025-06-12 17:02:00,74.9
2025-06-12 07:06:00,45.5
2025-06-12 23:34:00,50.10277843742579
2025-06-12 00:16:00,50.10277843742579
2025-06-12 22:12:00,50.10277843742579
2025-06-12 18:55:00,50.10277843742579
2025-06-12 07:25:00,43.4
2025-06-12 14:07:00,84.5
2025-06-12 18:44:00,90.2
2025-06-12 02:09:00,97.9
2025-06-12 03:26:00,4.0
2025-06-12 10:37:00,86.7
2025-06-12 11:47:00,89.0
2025-06-12 21:50:00,95.5
2025-06-12 20:46:00,89.4
2025-06-12 11:12:00,4.8
2025-06-12 13:25:00,88.6
2025-06-12 14:21:00,50.10277843742579
2025-06-12 18:17:00,68.2
2025-06-12 02:36:00,50.10277843742579
2025-06-12 17:23:00,7.0
2025-06-12 16:09:00,71.0
2025-06-12 16:27:00,28.1
2025-06-12 12:07:00,15.9
2025-06-12 20:21:00,43.0
2025-06-12 19:58:00,64.5
2025-06-12 04:10:00,15.1
2025-06-12 01:09:00,45.2
2025-06-12 14:56:00,50.10277843742579
2025-06-12 18:46:00,50.10277843742579
2025-06-12 03:27:00,99.5
2025-06-12 05:48:00,12.9
2025-06-12 09:41:00,65.9
2025-06-12 11:12:00,3.5
2025-06-12 22:14:00,50.10277843742579
2025-06-12 07:31:00,49.5
2025-06-12 06:49:00,58.4
2025-06-12 04:36:00,55.2
2025-06-12 07:37:00,97.7
2025-06-12 06:59:00,70.7
2025-06-12 16:53:00,50.10277843742579
2025-06-12 04:59:00,13.9
2025-06-12 13:36:00,86.0
2025-06-12 21:27:00,50.10277843742579
2025-06-12 15:08:00,27.3
2025-06-12 05:54:00,50.10277843742579
2025-06-12 15:04:00,59.0
2025-06-12 05:58:00,27.8
2025-06-12 09:00:00,24.8
2025-06-12 08:07:00,26.4
2025-06-12 09:10:00,35.4
2025-06-12 00:01:00,50.10277843742579
2025-06-12 19:35:00,24.7
2025-06-12 21:20:00,10.6
2025-06-12 00:30:00,50.9
2025-06-12 20:56:00,43.3
2025-06-12 13:58:00,18.9
2025-06-12 16:01:00,50.10277843742579
2025-06-12 12:01:00,88.2
2025-06-12 09:15:00,75.7
2025-06-12 03:35:00,50.10277843742579
2025-06-12 03:33:00,97.5
2025-06-12 10:43:00,10.9
2025-06-12 13:33:00,49.7
2025-06-12 23:01:00,16.7
2025-06-12 12:15:00,13.4
2025-06-12 04:35:00,30.0
2025-06-12 07:11:00,35.4
2025-06-12 21:10:00,10.5
2025-06-12 19:00:00,60.4
2025-06-12 22:18:00,50.10277843742579
2025-06-12 14:26:00,50.10277843742579
2025-06-12 14:42:00,50.10277843742579
2025-06-12 12:37:00,48.3
2025-06-12 15:30:00,19.3
2025-06-12 12:36:00,26.7
2025-06-12 20:22:00,48.6
2025-06-12 00:28:00,7.2
2025-06-12 01:12:00,25.8
2025-06-12 12:22:00,43.2
2025-06-12 05:21:00,42.3
2025-06-12 09:09:00,50.10277843742579
2025-06-12 01:16:00,43.3
2025-06-12 22:50:00,19.4
2025-06-12 17:35:00,14.0
2025-06-12 16:44:00,6.6
2025-06-12 19:40:00,24.4
2025-06-12 06:11:00,68.7
2025-06-12 21:34:00,55.9
2025-06-12 22:45:00,50.10277843742579
2025-06-12 21:37:00,4.4
2025-06-12 23:25:00,85.6
2025-06-12 19:18:00,46.1
2025-06-12 15:56:00,15.9
2025-06-12 10:38:00,50.10277843742579
2025-06-12 07:48:00,85.9
2025-06-12 05:32:00,7.3
2025-06-12 07:54:00,39.8
2025-06-12 06:30:00,50.10277843742579
2025-06-12 06:31:00,53.6
2025-06-12 19:32:00,54.9
2025-06-12 11:53:00,36.8
2025-06-12 11:45:00,57.1
2025-06-12 15:53:00,2.6
2025-06-12 14:01:00,84.9
2025-06-12 19:49:00,85.3
2025-06-12 14:39:00,63.3
2025-06-12 14:39:00,39.2
2025-06-12 01:54:00,39.0
2025-06-12 10:48:00,65.3
2025-06-12 17:30:00,30.3
2025-06-12 13:03:00,50.10277843742579
2025-06-12 23:32:00,88.3
2025-06-12 06:48:00,11.1
2025-06-12 19:04:00,40.1
2025-06-12 23:07:00,46.2
2025-06-12 06:20:00,89.6
2025-06-12 13:39:00,93.2
2025-06-12 08:17:00,56.0
2025-06-12 23:49:00,98.0
2025-06-12 19:20:00,17.1
2025-06-12 21:50:00,65.2
2025-06-12 22:53:00,4.2
2025-06-12 01:51:00,50.10277843742579
2025-06-12 15:02:00,41.5
2025-06-12 22:57:00,40.0
2025-06-12 23:55:00,31.4
2025-06-12 20:01:00,53.2
2025-06-12 09:00:00,51.4
2025-06-12 17:01:00,7.2
2025-06-12 12:24:00,22.2
2025-06-12 12:01:00,7.4
2025-06-12 03:37:00,46.9
2025-06-12 20:48:00,53.0
2025-06-12 21:53:00,66.6
2025-06-12 00:23:00,82.3
2025-06-12 03:44:00,18.7
2025-06-12 17:31:00,84.3
2025-06-12 01:19:00,32.0
2025-06-12 03:39:00,50.10277843742579
2025-06-12 11:40:00,50.10277843742579
2025-06-12 14:14:00,58.7
2025-06-12 09:30:00,1.4
2025-06-12 15:35:00,15.2
2025-06-12 17:48:00,9.0
2025-06-12 08:54:00,16.4
2025-06-12 03:14:00,28.5
2025-06-12 10:36:00,50.10277843742579
2025-06-12 16:29:00,19.9
2025-06-12 13:30:00,13.9
2025-06-12 13:18:00,95.9
2025-06-12 11:46:00,24.5
2025-06-12 11:00:00,73.6
2025-06-12 03:03:00,87.5
2025-06-12 03:30:00,65.3
2025-06-12 00:11:00,24.3
2025-06-12 17:15:00,89.1
2025-06-12 13:16:00,12.4
2025-06-12 01:40:00,5.2
2025-06-12 17:10:00,50.10277843742579
2025-06-12 11:07:00,90.4
2025-06-12 05:27:00,50.10277843742579
2025-06-12 19:26:00,0.4
2025-06-12 13:31:00,50.10277843742579
2025-06-12 01:41:00,50.2
2025-06-12 20:40:00,75.6
2025-06-12 16:20:00,37.3
2025-06-12 00:47:00,95.0
2025-06-12 19:57:00,21.3
2025-06-12 21:37:00,65.2
2025-06-12 13:25:00,86.4
2025-06-12 05:35:00,50.10277843742579
2025-06-12 11:23:00,4.0
2025-06-12 21:22:00,59.5
2025-06-12 03:36:00,47.6
2025-06-12 07:22:00,14.7
2025-06-12 00:27:00,97.4
2025-06-12 19:30:00,96.2
2025-06-12 02:18:00,99.3
2025-06-12 00:22:00,30.8
2025-06-12 01:20:00,44.1
2025-06-12 23:08:00,61.3
2025-06-12 04:57:00,4.1
2025-06-12 18:15:00,15.9
2025-06-12 10:16:00,28.2
2025-06-12 22:20:00,37.3
2025-06-12 21:30:00,28.4
2025-06-12 11:56:00,32.1
2025-06-12 06:48:00,50.10277843742579
2025-06-12 15:31:00,64.6
2025-06-12 21:42:00,33.3
2025-06-12 01:16:00,96.3
2025-06-12 13:35:00,59.0
2025-06-12 00:26:00,29.7
2025-06-12 09:17:00,50.10277843742579
2025-06-12 00:51:00,96.8
2025-06-12 21:12:00,20.3
2025-06-12 03:25:00,57.0
2025-06-12 20:48:00,72.5
2025-06-12 00:00:00,18.7
2025-06-12 11:58:00,66.6
2025-06-12 03:07:00,17.4
2025-06-12 05:15:00,25.8
2025-06-12 22:21:00,75.1
2025-06-12 01:31:00,72.6
2025-06-12 13:52:00,62.7
2025-06-12 07:19:00,58.9
2025-06-12 09:08:00,19.8
2025-06-12 00:30:00,6.6
2025-06-12 18:42:00,35.1
2025-06-12 16:24:00,84.0
2025-06-12 08:39:00,18.1
2025-06-12 18:53:00,39.6
2025-06-12 21:00:00,39.6
2025-06-12 10:07:00,54.0
2025-06-12 07:10:00,19.1
2025-06-12 22:25:00,74.6
2025-06-12 13:59:00,53.6
2025-06-12 04:01:00,77.8
2025-06-12 09:10:00,49.2
2025-06-12 13:44:00,49.85036359371334
2025-06-12 14:32:00,13.6
2025-06-12 18:24:00,54.0
2025-06-12 06:30:00,30.8
2025-06-12 00:39:00,11.7
2025-06-12 13:19:00,14.4
2025-06-12 13:30:00,49.85036359371334
2025-06-12 00:42:00,37.5
2025-06-12 06:44:00,24.6
2025-06-12 02:27:00,83.2
2025-06-12 10:07:00,93.3
2025-06-12 12:00:00,96.9
2025-06-12 23:14:00,68.1
2025-06-12 18:53:00,28.8
2025-06-12 18:17:00,69.5
2025-06-12 06:36:00,49.85036359371334
2025-06-12 03:59:00,37.9
2025-06-12 05:00:00,75.8
2025-06-12 03:20:00,84.5
2025-06-12 23:23:00,21.0
2025-06-12 03:58:00,94.0
2025-06-12 03:57:00,41.9
2025-06-12 03:21:00,35.2
2025-06-12 16:10:00,49.85036359371334
2025-06-12 07:48:00,85.1
2025-06-12 17:57:00,57.2
2025-06-12 20:44:00,40.3
2025-06-12 06:58:00,49.85036359371334
2025-06-12 21:56:00,49.85036359371334
2025-06-12 12:52:00,12.7
2025-06-12 00:57:00,4.2
2025-06-12 12:55:00,49.85036359371334
2025-06-12 16:09:00,49.1
2025-06-12 07:32:00,60.8
2025-06-12 08:40:00,96.3
2025-06-12 23:20:00,80.7
2025-06-12 19:46:00,57.7
2025-06-12 03:59:00,39.0
2025-06-12 02:46:00,61.3
2025-06-12 22:19:00,37.5
2025-06-12 00:01:00,77.7
2025-06-12 06:31:00,39.4
2025-06-12 02:44:00,28.3
2025-06-12 03:47:00,96.8
2025-06-12 06:53:00,0.2
2025-06-12 21:18:00,14.6
2025-06-12 22:32:00,77.1
2025-06-12 09:35:00,98.9
2025-06-12 10:29:00,62.6
2025-06-12 18:55:00,22.0
2025-06-12 20:21:00,78.3
2025-06-12 05:35:00,70.6
2025-06-12 01:08:00,49.85036359371334
2025-06-12 07:44:00,49.85036359371334
2025-06-12 20:23:00,68.1
2025-06-12 10:21:00,67.2
2025-06-12 11:10:00,49.85036359371334
2025-06-12 19:33:00,63.9
2025-06-12 20:45:00,38.2
2025-06-12 09:54:00,10.2
2025-06-12 02:35:00,95.9
2025-06-12 03:21:00,3.6
2025-06-12 01:57:00,33.2
2025-06-12 16:18:00,49.85036359371334
2025-06-12 08:29:00,3.8
2025-06-12 07:06:00,36.2
2025-06-12 01:23:00,12.7
2025-06-12 18:43:00,84.3
2025-06-12 23:03:00,49.85036359371334
2025-06-12 21:54:00,2.0
2025-06-12 06:52:00,46.6
2025-06-12 17:20:00,49.85036359371334
2025-06-12 13:20:00,2.6
2025-06-12 04:45:00,49.85036359371334
2025-06-12 20:53:00,49.85036359371334
2025-06-12 10:49:00,18.2
2025-06-12 04:13:00,6.9
2025-06-12 22:03:00,93.5
2025-06-12 05:31:00,59.7
2025-06-12 22:38:00,51.5
2025-06-12 04:51:00,57.4
2025-06-12 16:03:00,49.85036359371334
2025-06-12 23:57:00,94.4
2025-06-12 03:14:00,50.0
2025-06-12 06:19:00,22.2
2025-06-12 15:14:00,84.8
2025-06-12 14:19:00,49.85036359371334
2025-06-12 22:25:00,91.0
2025-06-12 18:42:00,40.9
2025-06-12 09:26:00,21.1
2025-06-12 12:11:00,49.85036359371334
2025-06-12 01:19:00,33.0
2025-06-12 17:57:00,11.5
2025-06-12 16:27:00,29.9
2025-06-12 10:37:00,55.6
2025-06-12 00:03:00,79.1
2025-06-12 13:08:00,13.7
2025-06-12 22:15:00,49.85036359371334
2025-06-12 17:43:00,42.4
2025-06-12 08:36:00,49.85036359371334
2025-06-12 23:12:00,49.85036359371334
2025-06-12 20:15:00,49.85036359371334
2025-06-12 08:12:00,78.7
2025-06-12 13:24:00,90.8
2025-06-12 07:05:00,66.7
2025-06-12 06:52:00,40.0
2025-06-12 19:40:00,49.85036359371334
2025-06-12 03:40:00,74.4
2025-06-12 21:57:00,42.0
2025-06-12 15:57:00,38.3
2025-06-12 06:56:00,90.8
2025-06-12 00:14:00,46.5
2025-06-12 12:21:00,48.6
2025-06-12 11:25:00,56.5
2025-06-12 19:14:00,59.4
2025-06-12 15:54:00,6.4
2025-06-12 21:07:00,14.2
2025-06-12 04:49:00,84.2
2025-06-12 09:01:00,97.4
2025-06-12 20:38:00,79.9
2025-06-12 17:37:00,86.8
2025-06-12 07:35:00,22.5
2025-06-12 13:40:00,14.7
2025-06-12 17:08:00,41.5
2025-06-12 21:10:00,55.4
2025-06-12 01:13:00,88.4
2025-06-12 14:08:00,43.6
2025-06-12 15:07:00,52.1
2025-06-12 23:15:00,49.85036359371334
2025-06-12 09:08:00,5.3
2025-06-12 15:49:00,13.1
2025-06-12 06:14:00,14.6
2025-06-12 17:53:00,36.8
2025-06-12 02:20:00,49.85036359371334
2025-06-12 21:15:00,53.1
2025-06-12 02:50:00,14.0
2025-06-12 04:55:00,68.8
2025-06-12 07:53:00,87.0
2025-06-12 07:10:00,32.7
2025-06-12 06:26:00,21.5
2025-06-12 10:28:00,49.85036359371334
2025-06-12 19:12:00,99.7
2025-06-12 15:23:00,24.5
2025-06-12 14:44:00,29.0
2025-06-12 10:41:00,71.7
2025-06-12 13:50:00,74.9
2025-06-12 02:47:00,89.0
2025-06-12 01:21:00,10.1
2025-06-12 21:23:00,14.1
2025-06-12 07:37:00,22.5
2025-06-12 07:53:00,66.1
2025-06-12 13:45:00,86.5
2025-06-12 04:48:00,54.4
2025-06-12 08:09:00,16.2
2025-06-12 19:15:00,68.4
2025-06-12 00:42:00,3.9
2025-06-12 18:34:00,26.9
2025-06-12 02:18:00,29.0
2025-06-12 07:17:00,91.7
2025-06-12 12:20:00,39.9
2025-06-12 11:52:00,35.9
2025-06-12 18:01:00,6.8
2025-06-12 17:12:00,24.3
2025-06-12 01:17:00,99.2
2025-06-12 00:07:00,59.7
2025-06-12 19:40:00,49.85036359371334
2025-06-12 13:30:00,13.5
2025-06-12 19:25:00,42.3
2025-06-12 00:54:00,61.5
2025-06-12 08:14:00,29.2
2025-06-12 20:23:00,41.8
2025-06-12 23:43:00,49.85036359371334
2025-06-12 00:34:00,1.2
2025-06-12 14:16:00,68.8
2025-06-12 10:14:00,21.8
2025-06-12 04:04:00,94.4
2025-06-12 02:21:00,9.5
2025-06-12 06:17:00,26.6
2025-06-12 16:33:00,49.85036359371334
2025-06-12 14:29:00,37.2
2025-06-12 10:37:00,31.3
2025-06-12 20:36:00,52.6
2025-06-12 09:37:00,25.1
2025-06-12 10:21:00,17.5
2025-06-12 09:55:00,42.8
2025-06-12 17:14:00,12.1
2025-06-12 14:15:00,2.9
2025-06-12 14:17:00,49.85036359371334
2025-06-12 09:37:00,49.5
2025-06-12 23:28:00,24.3
2025-06-12 23:38:00,29.2
2025-06-12 04:52:00,10.8
2025-06-12 13:41:00,91.2
2025-06-12 20:28:00,13.6
2025-06-12 10:42:00,33.4
2025-06-12 08:04:00,65.5
2025-06-12 20:05:00,83.4
2025-06-12 15:23:00,37.2
2025-06-12 16:26:00,52.6
2025-06-12 19:23:00,49.85036359371334
2025-06-12 08:39:00,19.4
2025-06-12 09:00:00,13.6
2025-06-12 00:40:00,86.8
2025-06-12 16:15:00,18.2
2025-06-12 18:03:00,67.2
2025-06-12 01:10:00,79.1
2025-06-12 21:50:00,47.3
2025-06-12 07:16:00,9.2
2025-06-12 09:33:00,8.2
2025-06-12 12:40:00,1.8
2025-06-12 23:08:00,88.1
2025-06-12 06:19:00,87.0
2025-06-12 14:02:00,85.1
2025-06-12 08:15:00,60.8
2025-06-12 14:35:00,49.8
2025-06-12 18:20:00,49.85036359371334
2025-06-12 01:05:00,49.85036359371334
2025-06-12 16:25:00,53.0
2025-06-12 18:02:00,18.9
2025-06-12 12:47:00,10.2
2025-06-12 12:25:00,49.85036359371334
2025-06-12 14:09:00,51.5
2025-06-12 20:27:00,49.85036359371334
2025-06-12 08:57:00,64.6
2025-06-12 09:09:00,57.0
2025-06-12 06:09:00,83.9
2025-06-12 14:02:00,2.7
2025-06-12 12:36:00,71.1
2025-06-12 10:20:00,13.6
2025-06-12 22:42:00,96.8
2025-06-12 05:41:00,49.85036359371334
2025-06-12 04:04:00,80.9
2025-06-12 04:57:00,79.0
2025-06-12 21:32:00,49.85036359371334
2025-06-12 08:36:00,49.6
2025-06-12 22:18:00,76.2
2025-06-12 05:48:00,73.1
2025-06-12 08:09:00,49.85036359371334
2025-06-12 05:58:00,66.2
2025-06-12 01:23:00,28.9
2025-06-12 16:22:00,36.4
2025-06-12 15:59:00,79.1
2025-06-12 00:43:00,97.5
2025-06-12 21:39:00,33.5
2025-06-12 18:42:00,49.85036359371334
2025-06-12 13:48:00,93.4
2025-06-12 20:09:00,79.6
2025-06-12 03:55:00,75.4
2025-06-12 02:53:00,60.9
2025-06-12 23:25:00,51.2
2025-06-12 17:31:00,45.4
2025-06-12 00:33:00,35.0
2025-06-12 02:23:00,64.0
2025-06-12 00:21:00,56.4
2025-06-12 15:44:00,39.5
2025-06-12 04:12:00,28.1
2025-06-12 22:44:00,16.8
2025-06-12 07:45:00,17.9
2025-06-12 22:14:00,46.4
2025-06-12 18:58:00,33.0
2025-06-12 22:08:00,8.4
2025-06-12 15:45:00,94.0
2025-06-12 08:42:00,49.85036359371334
2025-06-12 21:01:00,97.4
2025-06-12 23:06:00,98.9
2025-06-12 20:09:00,64.2
2025-06-12 15:27:00,14.7
2025-06-12 08:19:00,41.0
2025-06-12 17:32:00,30.8
2025-06-12 10:26:00,57.4
2025-06-12 15:32:00,45.6
2025-06-12 11:26:00,68.5
2025-06-12 14:35:00,88.3
2025-06-12 04:19:00,49.85036359371334
2025-06-12 01:02:00,49.85036359371334
2025-06-12 12:44:00,94.2
2025-06-12 23:49:00,15.5
2025-06-12 19:15:00,25.8
2025-06-12 04:45:00,75.8
2025-06-12 02:56:00,49.85036359371334
2025-06-12 20:50:00,26.3
2025-06-12 09:53:00,3.2
2025-06-12 00:54:00,63.2
2025-06-12 19:28:00,9.6
2025-06-12 15:26:00,58.4
2025-06-12 00:30:00,39.5
2025-06-12 19:23:00,76.6
2025-06-12 10:13:00,25.9
2025-06-12 00:31:00,44.8
2025-06-12 15:37:00,51.2
2025-06-12 13:10:00,16.4
2025-06-12 07:05:00,0.5
2025-06-12 14:12:00,62.3
2025-06-12 03:18:00,18.6
2025-06-12 10:23:00,6.5
2025-06-12 03:51:00,49.85036359371334
2025-06-12 21:14:00,92.4
2025-06-12 12:20:00,70.2
2025-06-12 09:14:00,55.6
2025-06-12 06:14:00,34.4
2025-06-12 03:07:00,86.8
2025-06-12 08:23:00,72.8
2025-06-12 15:17:00,35.5
2025-06-12 05:33:00,31.6
2025-06-12 16:06:00,1.9
2025-06-12 23:59:00,78.7
2025-06-12 10:16:00,63.6
2025-06-12 00:25:00,28.5
2025-06-12 15:31:00,0.9
2025-06-12 08:12:00,65.3
2025-06-12 05:10:00,11.3
2025-06-12 03:12:00,26.1
2025-06-12 06:58:00,45.7
2025-06-12 06:03:00,68.6
2025-06-12 01:31:00,21.1
2025-06-12 20:50:00,42.2
2025-06-12 15:17:00,65.0
2025-06-12 13:18:00,49.85036359371334
2025-06-12 08:52:00,23.5
2025-06-12 12:34:00,40.8
2025-06-12 12:04:00,22.3
2025-06-12 03:57:00,74.2
2025-06-12 09:10:00,36.8
2025-06-12 10:28:00,56.5
2025-06-12 06:23:00,49.85036359371334
2025-06-12 13:35:00,63.7
2025-06-12 19:15:00,54.5
2025-06-12 08:36:00,39.5
2025-06-12 15:34:00,67.1
2025-06-12 04:03:00,77.7
2025-06-12 20:50:00,8.4
2025-06-12 07:40:00,19.1
2025-06-12 21:30:00,63.0
2025-06-12 03:36:00,40.9
2025-06-12 02:25:00,86.4
2025-06-12 07:34:00,1.3
2025-06-12 04:16:00,65.0
2025-06-12 01:02:00,21.6
2025-06-12 19:37:00,7.1
2025-06-12 11:08:00,39.3
2025-06-12 21:35:00,26.3
2025-06-12 23:21:00,29.0
2025-06-12 17:41:00,83.0
2025-06-12 01:25:00,49.85036359371334
2025-06-12 20:33:00,24.9
2025-06-12 04:43:00,5.5
2025-06-12 08:54:00,61.4
2025-06-12 19:45:00,99.1
2025-06-12 18:43:00,38.8
2025-06-12 13:22:00,14.1
2025-06-12 15:37:00,51.3
2025-06-12 04:07:00,19.6
2025-06-12 05:48:00,41.1
2025-06-12 01:36:00,25.2
2025-06-12 12:05:00,40.7
2025-06-12 02:21:00,16.3
2025-06-12 22:26:00,93.0
2025-06-12 17:30:00,100.0
2025-06-12 18:29:00,40.1
2025-06-12 02:15:00,68.8
2025-06-12 09:52:00,2.6
2025-06-12 23:16:00,8.2
2025-06-12 07:54:00,11.4
2025-06-12 13:24:00,37.4
2025-06-12 09:24:00,21.4
2025-06-12 08:42:00,51.3
2025-06-12 20:24:00,50.02337935876432
2025-06-12 02:25:00,93.4
2025-06-12 17:25:00,50.02337935876432
2025-06-12 15:36:00,71.3
2025-06-12 12:39:00,60.8
2025-06-12 11:25:00,54.0
2025-06-12 16:46:00,98.7
2025-06-12 02:25:00,18.7
2025-06-12 07:07:00,61.5
2025-06-12 02:09:00,12.5
2025-06-12 13:30:00,39.3
2025-06-12 03:07:00,16.8
2025-06-12 18:42:00,71.3
2025-06-12 19:57:00,50.02337935876432
2025-06-12 08:31:00,50.02337935876432
2025-06-12 12:35:00,7.9
2025-06-12 23:53:00,33.1
2025-06-12 08:34:00,50.02337935876432
2025-06-12 11:47:00,84.6
2025-06-12 12:52:00,33.0
2025-06-12 23:35:00,99.0
2025-06-12 18:49:00,4.6
2025-06-12 06:45:00,50.02337935876432
2025-06-12 08:04:00,58.6
2025-06-12 08:21:00,14.1
2025-06-12 07:26:00,6.1
2025-06-12 04:57:00,50.02337935876432
2025-06-12 18:10:00,52.3
2025-06-12 20:44:00,87.2
2025-06-12 10:39:00,27.2
2025-06-12 02:44:00,58.7
2025-06-12 01:33:00,17.8
2025-06-12 14:27:00,13.7
2025-06-12 16:27:00,94.5
2025-06-12 14:34:00,50.02337935876432
2025-06-12 01:48:00,50.02337935876432
2025-06-12 13:02:00,75.4
2025-06-12 23:08:00,50.02337935876432
2025-06-12 22:24:00,50.02337935876432
2025-06-12 15:53:00,50.02337935876432
2025-06-12 07:00:00,55.2
2025-06-12 09:49:00,14.3
2025-06-12 16:50:00,39.7
2025-06-12 14:35:00,73.9
2025-06-12 05:33:00,25.7
2025-06-12 13:42:00,82.3
2025-06-12 18:41:00,93.9
2025-06-12 05:20:00,62.3
2025-06-12 19:09:00,3.6
2025-06-12 18:05:00,9.5
2025-06-12 23:10:00,34.4
2025-06-12 10:53:00,50.02337935876432
2025-06-12 00:51:00,68.6
2025-06-12 22:25:00,29.0
2025-06-12 09:32:00,36.3
2025-06-12 20:59:00,50.02337935876432
2025-06-12 06:19:00,91.1
2025-06-12 01:17:00,50.02337935876432
2025-06-12 23:48:00,31.5
2025-06-12 12:21:00,47.1
2025-06-12 00:13:00,81.7
2025-06-12 04:40:00,82.1
2025-06-12 18:49:00,69.6
2025-06-12 03:13:00,54.2
2025-06-12 03:55:00,69.2
2025-06-12 09:23:00,92.6
2025-06-12 22:29:00,97.4
2025-06-12 07:48:00,40.8
2025-06-12 17:43:00,94.5
2025-06-12 18:06:00,76.4
2025-06-12 03:29:00,33.2
2025-06-12 02:15:00,17.7
2025-06-12 08:53:00,50.02337935876432
2025-06-12 14:02:00,78.5
2025-06-12 09:29:00,38.2
2025-06-12 06:43:00,50.02337935876432
2025-06-12 14:38:00,50.02337935876432
2025-06-12 09:08:00,61.1
2025-06-12 00:32:00,43.0
2025-06-12 02:57:00,46.8
2025-06-12 09:24:00,13.5
2025-06-12 21:10:00,10.3
2025-06-12 01:49:00,15.9
2025-06-12 07:04:00,46.8
2025-06-12 17:25:00,50.0
2025-06-12 01:28:00,77.0
2025-06-12 20:08:00,50.02337935876432
2025-06-12 08:26:00,81.0
2025-06-12 11:00:00,39.5
2025-06-12 15:27:00,80.7
2025-06-12 10:58:00,25.2
2025-06-12 06:25:00,12.3
2025-06-12 21:00:00,88.8
2025-06-12 09:55:00,44.5
2025-06-12 23:07:00,18.0
2025-06-12 23:51:00,1.5
2025-06-12 07:07:00,50.02337935876432
2025-06-12 05:58:00,13.4
2025-06-12 01:03:00,10.9
2025-06-12 02:54:00,50.02337935876432
2025-06-12 18:16:00,50.02337935876432
2025-06-12 09:11:00,73.3
2025-06-12 11:56:00,16.5
2025-06-12 04:26:00,56.1
2025-06-12 04:22:00,29.3
2025-06-12 00:36:00,50.02337935876432
2025-06-12 02:24:00,84.5
2025-06-12 21:56:00,34.6
2025-06-12 20:36:00,7.5
2025-06-12 14:40:00,96.7
2025-06-12 20:06:00,92.6
2025-06-12 21:30:00,50.02337935876432
2025-06-12 17:16:00,92.7
2025-06-12 10:18:00,91.1
2025-06-12 14:55:00,58.4
2025-06-12 20:06:00,76.0
2025-06-12 23:58:00,19.5
2025-06-12 15:19:00,77.6
2025-06-12 03:05:00,37.2
2025-06-12 10:01:00,72.2
2025-06-12 05:20:00,63.9
2025-06-12 11:13:00,21.4
2025-06-12 03:52:00,22.2
2025-06-12 08:32:00,54.0
2025-06-12 18:38:00,6.6
2025-06-12 21:51:00,97.9
2025-06-12 16:55:00,50.02337935876432
2025-06-12 04:30:00,50.02337935876432
2025-06-12 00:48:00,12.3
2025-06-12 06:53:00,23.7
2025-06-12 16:19:00,94.5
2025-06-12 03:05:00,26.4
2025-06-12 11:48:00,64.1
2025-06-12 19:53:00,86.8
2025-06-12 17:17:00,70.0
2025-06-12 21:46:00,84.5
2025-06-12 12:48:00,50.6
2025-06-12 06:20:00,4.7
2025-06-12 11:38:00,73.3
2025-06-12 14:07:00,28.7
2025-06-12 22:03:00,82.6
2025-06-12 14:06:00,49.6
2025-06-12 10:44:00,63.3
2025-06-12 14:59:00,80.3
2025-06-12 18:32:00,79.2
2025-06-12 08:01:00,8.6
2025-06-12 10:32:00,6.8
2025-06-12 01:54:00,50.02337935876432
2025-06-12 14:43:00,73.3
2025-06-12 06:14:00,89.4
2025-06-12 06:09:00,48.6
2025-06-12 16:44:00,26.7
2025-06-12 13:03:00,28.1
2025-06-12 06:07:00,18.4
2025-06-12 05:12:00,12.8
2025-06-12 02:07:00,93.8
2025-06-12 15:44:00,97.1
2025-06-12 19:36:00,76.8
2025-06-12 19:23:00,10.7
2025-06-12 16:54:00,16.8
2025-06-12 10:20:00,50.02337935876432
2025-06-12 18:22:00,50.02337935876432
2025-06-12 23:52:00,65.9
2025-06-12 06:50:00,62.7
2025-06-12 17:06:00,36.1
2025-06-12 11:38:00,69.7
2025-06-12 02:35:00,1.8
2025-06-12 11:40:00,93.5
2025-06-12 22:11:00,55.4
2025-06-12 04:15:00,56.5
2025-06-12 20:38:00,22.2
2025-06-12 11:24:00,66.3
2025-06-12 17:43:00,4.5
2025-06-12 17:26:00,13.1
2025-06-12 04:19:00,70.9
2025-06-12 02:41:00,42.7
2025-06-12 16:19:00,10.0
2025-06-12 20:56:00,92.9
2025-06-12 15:58:00,4.1
2025-06-12 21:30:00,56.9
2025-06-12 02:37:00,70.8
2025-06-12 12:03:00,47.2
2025-06-12 12:43:00,85.6
2025-06-12 04:28:00,21.1
2025-06-12 18:58:00,50.02337935876432
2025-06-12 01:03:00,84.3
2025-06-12 18:40:00,1.5
2025-06-12 18:17:00,6.0
2025-06-12 18:16:00,20.0
2025-06-12 18:31:00,10.9
2025-06-12 21:22:00,51.6
2025-06-12 06:42:00,28.3
2025-06-12 19:40:00,41.5
2025-06-12 05:31:00,50.02337935876432
2025-06-12 16:48:00,50.02337935876432
2025-06-12 03:37:00,77.6
2025-06-12 02:38:00,53.3
2025-06-12 17:51:00,19.1
2025-06-12 04:47:00,49.6
2025-06-12 10:27:00,50.02337935876432
2025-06-12 17:28:00,55.6
2025-06-12 18:56:00,83.9
2025-06-12 19:53:00,50.02337935876432
2025-06-12 03:31:00,50.02337935876432
2025-06-12 22:50:00,50.02337935876432
2025-06-12 12:49:00,35.1
2025-06-12 09:29:00,39.8
2025-06-12 05:18:00,50.02337935876432
2025-06-12 16:40:00,96.5
2025-06-12 20:44:00,78.1
2025-06-12 01:27:00,45.3
2025-06-12 00:32:00,89.8
2025-06-12 19:43:00,37.8
2025-06-12 08:28:00,22.6
2025-06-12 02:21:00,9.3
2025-06-12 03:58:00,22.4
2025-06-12 04:20:00,88.2
2025-06-12 21:44:00,94.8
2025-06-12 19:56:00,50.02337935876432
2025-06-12 19:36:00,2.1
2025-06-12 19:17:00,98.4
2025-06-12 05:22:00,50.02337935876432
2025-06-12 01:55:00,50.02337935876432
2025-06-12 02:12:00,50.02337935876432
2025-06-12 10:20:00,57.1
2025-06-12 02:11:00,50.02337935876432
2025-06-12 12:10:00,50.6
2025-06-12 17:11:00,68.5
2025-06-12 11:47:00,88.0
2025-06-12 05:51:00,6.0
2025-06-12 20:00:00,41.4
2025-06-12 13:36:00,64.9
2025-06-12 14:40:00,90.5
2025-06-12 04:14:00,99.4
2025-06-12 06:24:00,5.1
2025-06-12 08:26:00,3.8
2025-06-12 23:01:00,50.02337935876432
2025-06-12 09:20:00,50.02337935876432
2025-06-12 18:51:00,31.1
2025-06-12 02:57:00,60.3
2025-06-12 19:26:00,50.02337935876432
2025-06-12 14:42:00,8.1
2025-06-12 22:44:00,78.7
2025-06-12 15:41:00,98.4
2025-06-12 05:39:00,72.5
2025-06-12 15:50:00,73.1
2025-06-12 06:15:00,50.02337935876432
2025-06-12 14:03:00,99.3
2025-06-12 20:53:00,18.1
2025-06-12 16:33:00,79.0
2025-06-12 18:32:00,83.5
2025-06-12 02:12:00,95.1
2025-06-12 03:14:00,35.1
2025-06-12 05:25:00,50.02337935876432
2025-06-12 22:44:00,81.4
2025-06-12 08:33:00,50.02337935876432
2025-06-12 21:23:00,75.3
2025-06-12 08:58:00,50.02337935876432
2025-06-12 16:17:00,28.6
2025-06-12 00:54:00,59.3
2025-06-12 20:11:00,21.3
2025-06-12 21:36:00,78.6
2025-06-12 07:05:00,7.0
2025-06-12 11:56:00,72.2
2025-06-12 07:29:00,50.02337935876432
2025-06-12 19:36:00,97.4
2025-06-12 17:32:00,27.2
2025-06-12 10:58:00,31.0
2025-06-12 12:07:00,62.9
2025-06-12 12:47:00,83.4
2025-06-12 15:58:00,22.0
2025-06-12 09:58:00,50.02337935876432
2025-06-12 11:11:00,20.8
2025-06-12 22:46:00,14.5
2025-06-12 03:43:00,45.5
2025-06-12 18:27:00,83.8
2025-06-12 14:36:00,50.02337935876432
2025-06-12 00:41:00,50.02337935876432
2025-06-12 14:09:00,42.0
2025-06-12 10:18:00,94.4
2025-06-12 20:13:00,76.9
2025-06-12 11:19:00,75.6
2025-06-12 06:51:00,91.9
2025-06-12 21:28:00,93.8
2025-06-12 07:46:00,52.4
2025-06-12 22:46:00,45.8
2025-06-12 10:41:00,8.3
2025-06-12 12:15:00,43.7
2025-06-12 06:35:00,7.7
2025-06-12 23:17:00,79.5
2025-06-12 15:15:00,11.7
2025-06-12 09:45:00,4.3
2025-06-12 00:43:00,90.9
2025-06-12 02:32:00,37.5
2025-06-12 08:17:00,41.1
2025-06-12 10:09:00,93.7
2025-06-12 09:10:00,68.1
2025-06-12 22:51:00,53.8
2025-06-12 10:59:00,74.8
2025-06-12 12:01:00,52.0
2025-06-12 07:03:00,60.3
2025-06-12 20:55:00,22.2
2025-06-12 17:22:00,10.2
2025-06-12 17:46:00,9.9
2025-06-12 12:17:00,79.8
2025-06-12 14:59:00,44.4
2025-06-12 15:44:00,73.1
2025-06-12 18:23:00,47.4
2025-06-12 04:23:00,70.7
2025-06-12 02:48:00,4.3
2025-06-12 09:29:00,26.0
2025-06-12 19:13:00,5.2
2025-06-12 23:27:00,50.19809456598448
2025-06-12 13:08:00,98.9
2025-06-12 12:02:00,50.19809456598448
2025-06-12 19:11:00,23.6
2025-06-12 07:18:00,25.6
2025-06-12 16:23:00,39.4
2025-06-12 12:49:00,50.19809456598448
2025-06-12 11:31:00,29.9
2025-06-12 07:48:00,78.3
2025-06-12 05:45:00,72.0
2025-06-12 13:45:00,95.0
2025-06-12 00:45:00,2.9
2025-06-12 12:40:00,64.6
2025-06-12 05:33:00,33.5
2025-06-12 05:23:00,19.4
2025-06-12 14:24:00,51.1
2025-06-12 05:35:00,45.6
2025-06-12 06:08:00,42.0
2025-06-12 16:40:00,98.6
2025-06-12 16:15:00,15.5
2025-06-12 07:48:00,50.19809456598448
2025-06-12 14:50:00,76.2
2025-06-12 01:59:00,99.0
2025-06-12 02:58:00,99.9
2025-06-12 18:00:00,81.0
2025-06-12 19:54:00,24.9
2025-06-12 13:55:00,98.7
2025-06-12 15:19:00,50.19809456598448
2025-06-12 03:54:00,25.7
2025-06-12 11:22:00,67.6
2025-06-12 16:39:00,74.3
2025-06-12 03:49:00,46.3
2025-06-12 01:06:00,4.7
2025-06-12 06:29:00,16.9
2025-06-12 19:51:00,38.4
2025-06-12 22:16:00,24.0
2025-06-12 04:19:00,73.8
2025-06-12 17:58:00,34.6
2025-06-12 18:45:00,82.0
2025-06-12 03:33:00,8.3
2025-06-12 11:26:00,34.9
2025-06-12 18:18:00,66.4
2025-06-12 11:43:00,50.19809456598448
2025-06-12 22:17:00,58.7
2025-06-12 18:45:00,50.19809456598448
2025-06-12 03:50:00,50.19809456598448
2025-06-12 13:04:00,68.9
2025-06-12 18:45:00,93.0
2025-06-12 16:12:00,62.4
2025-06-12 02:41:00,37.2
2025-06-12 23:45:00,50.19809456598448
2025-06-12 19:14:00,8.5
2025-06-12 12:10:00,59.6
2025-06-12 01:12:00,69.0
2025-06-12 16:53:00,78.4
2025-06-12 11:45:00,19.0
2025-06-12 22:10:00,50.19809456598448
2025-06-12 21:24:00,71.2
2025-06-12 23:57:00,17.7
2025-06-12 02:14:00,69.8
2025-06-12 13:37:00,92.3
2025-06-12 18:05:00,62.9
2025-06-12 22:31:00,52.6
2025-06-12 00:42:00,50.19809456598448
2025-06-12 14:47:00,96.2
2025-06-12 14:50:00,19.6
2025-06-12 19:02:00,55.3
2025-06-12 09:29:00,23.7
2025-06-12 01:03:00,15.7
2025-06-12 09:52:00,57.2
2025-06-12 14:46:00,53.3
2025-06-12 05:08:00,84.0
2025-06-12 05:09:00,7.2
2025-06-12 10:52:00,55.3
2025-06-12 05:28:00,7.2
2025-06-12 22:33:00,17.1
2025-06-12 18:40:00,27.4
2025-06-12 04:24:00,7.1
2025-06-12 08:57:00,12.4
2025-06-12 01:12:00,29.0
2025-06-12 16:46:00,49.4
2025-06-12 07:25:00,71.6
2025-06-12 22:33:00,51.7
2025-06-12 06:11:00,12.4
2025-06-12 20:01:00,50.19809456598448
2025-06-12 07:19:00,66.4
2025-06-12 17:44:00,50.19809456598448
2025-06-12 22:11:00,25.6
2025-06-12 18:36:00,32.3
2025-06-12 14:56:00,51.0
2025-06-12 14:03:00,81.1
2025-06-12 12:47:00,46.2
2025-06-12 06:51:00,62.9
2025-06-12 06:17:00,28.6
2025-06-12 23:59:00,50.19809456598448
2025-06-12 16:12:00,90.5
2025-06-12 17:45:00,36.5
2025-06-12 16:22:00,8.6
2025-06-12 13:19:00,22.5
2025-06-12 18:42:00,74.5
2025-06-12 13:05:00,54.8
2025-06-12 02:41:00,50.19809456598448
2025-06-12 22:15:00,96.1
2025-06-12 22:48:00,9.4
2025-06-12 17:14:00,50.19809456598448
2025-06-12 17:24:00,70.2
2025-06-12 12:05:00,83.6
2025-06-12 20:26:00,16.7
2025-06-12 00:14:00,18.0
2025-06-12 23:33:00,50.19809456598448
2025-06-12 01:33:00,8.7
2025-06-12 13:00:00,81.1
2025-06-12 13:34:00,27.6
2025-06-12 13:46:00,50.19809456598448
2025-06-12 07:48:00,52.6
2025-06-12 06:14:00,76.8
2025-06-12 17:12:00,50.19809456598448
2025-06-12 23:19:00,5.2
2025-06-12 15:48:00,80.3
2025-06-12 12:04:00,60.9
2025-06-12 18:02:00,20.4
2025-06-12 03:25:00,65.5
2025-06-12 00:26:00,50.19809456598448
2025-06-12 13:52:00,33.0
2025-06-12 21:55:00,47.3
2025-06-12 14:08:00,74.9
2025-06-12 20:03:00,50.19809456598448
2025-06-12 19:11:00,49.0
2025-06-12 08:36:00,47.5
2025-06-12 23:02:00,99.2
2025-06-12 12:49:00,96.4
2025-06-12 07:39:00,53.4
2025-06-12 19:54:00,59.0
2025-06-12 01:55:00,85.0
2025-06-12 06:08:00,80.2
2025-06-12 14:34:00,60.2
2025-06-12 09:17:00,94.9
2025-06-12 11:38:00,5.4
2025-06-12 13:48:00,50.19809456598448
2025-06-12 08:07:00,40.4
2025-06-12 13:28:00,38.9
2025-06-12 19:16:00,33.5
2025-06-12 17:32:00,8.5
2025-06-12 13:04:00,50.19809456598448
2025-06-12 06:38:00,65.2
2025-06-12 14:24:00,17.5
2025-06-12 17:52:00,96.0
2025-06-12 06:23:00,48.9
2025-06-12 00:03:00,98.5
2025-06-12 08:12:00,32.2
2025-06-12 17:07:00,50.19809456598448
2025-06-12 21:32:00,31.1
2025-06-12 15:10:00,43.9
2025-06-12 01:57:00,50.19809456598448
2025-06-12 04:35:00,18.3
2025-06-12 21:47:00,45.2
2025-06-12 22:08:00,27.5
2025-06-12 16:58:00,50.19809456598448
2025-06-12 19:29:00,91.1
2025-06-12 09:46:00,12.2
2025-06-12 02:01:00,77.7
2025-06-12 07:07:00,85.6
2025-06-12 00:27:00,49.7
2025-06-12 14:00:00,7.4
2025-06-12 15:45:00,43.2
2025-06-12 10:54:00,58.8
2025-06-12 06:58:00,13.4
2025-06-12 23:39:00,72.7
2025-06-12 11:49:00,58.4
2025-06-12 16:03:00,69.8
2025-06-12 23:22:00,35.1
2025-06-12 21:16:00,77.8
2025-06-12 09:41:00,29.0
2025-06-12 01:51:00,50.19809456598448
2025-06-12 01:23:00,8.9
2025-06-12 20:53:00,98.6
2025-06-12 06:29:00,93.3
2025-06-12 20:29:00,32.7
2025-06-12 05:16:00,43.8
2025-06-12 09:32:00,44.3
2025-06-12 04:16:00,50.19809456598448
2025-06-12 16:43:00,60.6
2025-06-12 21:55:00,28.8
2025-06-12 18:08:00,28.1
2025-06-12 12:47:00,62.6
2025-06-12 00:41:00,36.7
2025-06-12 22:36:00,50.19809456598448
2025-06-12 11:05:00,82.4
2025-06-12 18:56:00,61.0
2025-06-12 00:31:00,89.9
2025-06-12 09:56:00,22.8
2025-06-12 21:24:00,47.4
2025-06-12 10:12:00,50.19809456598448
2025-06-12 06:32:00,9.7
2025-06-12 01:23:00,34.6
2025-06-12 21:13:00,50.19809456598448
2025-06-12 07:59:00,78.0
2025-06-12 06:45:00,74.8
2025-06-12 00:49:00,35.2
2025-06-12 11:06:00,79.8
2025-06-12 12:44:00,67.7
2025-06-12 01:21:00,71.3
2025-06-12 05:58:00,97.1
2025-06-12 11:19:00,64.8
2025-06-12 16:10:00,93.6
2025-06-12 01:32:00,97.3
2025-06-12 21:22:00,2.2
2025-06-12 08:50:00,50.19809456598448
2025-06-12 14:06:00,58.5
2025-06-12 19:41:00,33.7
2025-06-12 19:16:00,92.2
2025-06-12 15:08:00,50.19809456598448
2025-06-12 10:27:00,24.8
2025-06-12 06:56:00,47.0
2025-06-12 17:12:00,7.4
2025-06-12 05:49:00,89.2
2025-06-12 18:15:00,91.0
2025-06-12 03:48:00,69.3
2025-06-12 20:48:00,30.3
2025-06-12 18:15:00,24.5
2025-06-12 14:56:00,99.3
2025-06-12 05:51:00,29.1
2025-06-12 03:37:00,50.19809456598448
2025-06-12 03:22:00,25.9
2025-06-12 16:10:00,33.5
2025-06-12 06:54:00,97.6
2025-06-12 14:04:00,6.9
2025-06-12 19:05:00,37.9
2025-06-12 12:57:00,67.6
2025-06-12 21:59:00,46.1
2025-06-12 23:14:00,32.5
2025-06-12 11:35:00,20.7
2025-06-12 16:31:00,97.0
2025-06-12 21:17:00,53.4
2025-06-12 16:01:00,47.0
2025-06-12 07:48:00,12.4
2025-06-12 02:02:00,93.1
2025-06-12 00:12:00,36.9
2025-06-12 18:26:00,46.6
2025-06-12 21:54:00,51.4
2025-06-12 18:49:00,37.9
2025-06-12 06:39:00,61.4
2025-06-12 19:08:00,63.0
2025-06-12 18:33:00,99.2
2025-06-12 19:55:00,50.19809456598448
2025-06-12 13:36:00,50.19809456598448
2025-06-12 07:36:00,97.8
2025-06-12 20:21:00,51.9
2025-06-12 16:51:00,39.7
2025-06-12 10:25:00,50.19809456598448
2025-06-12 20:43:00,61.1
2025-06-12 22:47:00,50.19809456598448
2025-06-12 11:48:00,56.4
2025-06-12 02:48:00,82.2
2025-06-12 09:27:00,36.0
2025-06-12 01:37:00,62.0
2025-06-12 04:35:00,50.19809456598448
2025-06-12 20:47:00,39.2
2025-06-12 13:56:00,50.19809456598448
2025-06-12 02:16:00,0.6
2025-06-12 07:17:00,5.0
2025-06-12 04:44:00,45.1
2025-06-12 19:23:00,6.3
2025-06-12 09:54:00,79.1
2025-06-12 13:08:00,80.4
2025-06-12 09:26:00,18.7
2025-06-12 02:50:00,36.6
2025-06-12 05:31:00,76.5
2025-06-12 14:58:00,66.6
2025-06-12 04:15:00,50.19809456598448
2025-06-12 05:56:00,57.5
2025-06-12 03:01:00,8.2
2025-06-12 18:34:00,10.2
2025-06-12 09:37:00,3.7
2025-06-12 02:14:00,6.5
2025-06-12 10:41:00,50.19809456598448
2025-06-12 14:14:00,50.19809456598448
2025-06-12 07:03:00,53.5
2025-06-12 09:36:00,33.7
2025-06-12 03:57:00,81.8
2025-06-12 02:12:00,18.9
2025-06-12 12:17:00,50.19809456598448
2025-06-12 18:22:00,45.6
2025-06-12 02:49:00,16.1
2025-06-12 20:47:00,50.19809456598448
2025-06-12 05:04:00,24.1
2025-06-12 08:56:00,78.4
2025-06-12 14:59:00,19.2
2025-06-12 00:39:00,50.19809456598448
2025-06-12 08:27:00,12.6
2025-06-12 04:48:00,50.19809456598448
2025-06-12 03:08:00,19.3
2025-06-12 14:43:00,39.3
2025-06-12 03:04:00,71.1
2025-06-12 18:20:00,73.9
2025-06-12 10:34:00,32.4
2025-06-12 16:38:00,3.9
2025-06-12 16:23:00,95.9
2025-06-12 12:40:00,25.3
2025-06-12 07:40:00,36.1
2025-06-12 13:17:00,50.19809456598448
2025-06-12 12:23:00,47.6
2025-06-12 21:04:00,50.19809456598448
2025-06-12 17:03:00,33.5
2025-06-12 19:33:00,47.3
2025-06-12 10:10:00,59.9
2025-06-12 21:11:00,57.7
2025-06-12 01:54:00,10.5
2025-06-12 16:11:00,84.9
2025-06-12 14:41:00,45.9
2025-06-12 20:48:00,80.5
2025-06-12 10:24:00,83.0
2025-06-12 22:13:00,5.4
2025-06-12 08:21:00,52.5
2025-06-12 05:59:00,80.5
2025-06-12 06:31:00,74.1
2025-06-12 16:14:00,56.0
2025-06-12 04:38:00,66.7
2025-06-12 16:18:00,80.9
2025-06-12 07:58:00,88.7
2025-06-12 01:47:00,49.54486036141751
2025-06-12 14:20:00,89.8
2025-06-12 18:34:00,53.7
2025-06-12 08:35:00,55.5
2025-06-12 12:23:00,96.3
2025-06-12 01:46:00,30.3
2025-06-12 20:29:00,51.2
2025-06-12 12:18:00,26.8
2025-06-12 12:38:00,66.1
2025-06-12 07:21:00,31.5
2025-06-12 16:31:00,90.4
2025-06-12 02:19:00,90.2
2025-06-12 05:49:00,91.5
2025-06-12 23:21:00,4.2
2025-06-12 10:13:00,23.1
2025-06-12 15:19:00,74.2
2025-06-12 23:25:00,32.3
2025-06-12 02:01:00,86.9
2025-06-12 13:40:00,59.8
2025-06-12 05:55:00,98.7
2025-06-12 10:00:00,93.1
2025-06-12 14:42:00,96.0
2025-06-12 11:45:00,17.1
2025-06-12 06:30:00,50.8
2025-06-12 03:27:00,49.54486036141751
2025-06-12 16:29:00,85.8
2025-06-12 20:48:00,33.2
2025-06-12 11:23:00,89.1
2025-06-12 23:37:00,49.54486036141751
2025-06-12 02:09:00,51.3
2025-06-12 00:45:00,47.6
2025-06-12 15:32:00,61.0
2025-06-12 03:28:00,65.9
2025-06-12 00:59:00,11.0
2025-06-12 09:08:00,87.3
2025-06-12 05:51:00,90.6
2025-06-12 00:49:00,83.2
2025-06-12 14:40:00,77.1
2025-06-12 20:38:00,49.54486036141751
2025-06-12 02:16:00,20.3
2025-06-12 04:30:00,8.9
2025-06-12 07:47:00,81.0
2025-06-12 14:47:00,71.5
2025-06-12 06:49:00,23.2
2025-06-12 02:41:00,72.8
2025-06-12 01:41:00,89.2
2025-06-12 08:05:00,65.7
2025-06-12 23:52:00,61.3
2025-06-12 14:07:00,43.7
2025-06-12 18:05:00,0.2
2025-06-12 08:52:00,49.54486036141751
2025-06-12 16:52:00,23.0
2025-06-12 13:46:00,35.4
2025-06-12 19:35:00,9.1
2025-06-12 05:22:00,57.4
2025-06-12 05:34:00,19.9
2025-06-12 21:05:00,23.1
2025-06-12 05:18:00,24.9
2025-06-12 21:08:00,62.7
2025-06-12 21:22:00,84.2
2025-06-12 12:15:00,66.4
2025-06-12 18:26:00,60.0
2025-06-12 06:27:00,49.54486036141751
2025-06-12 11:01:00,78.5
2025-06-12 09:43:00,24.8
2025-06-12 18:20:00,78.5
2025-06-12 15:41:00,25.2
2025-06-12 20:25:00,71.1
2025-06-12 23:01:00,27.1
2025-06-12 17:13:00,29.4
2025-06-12 10:08:00,49.54486036141751
2025-06-12 11:07:00,49.54486036141751
2025-06-12 09:40:00,47.6
2025-06-12 09:21:00,49.54486036141751
2025-06-12 05:22:00,69.0
2025-06-12 13:20:00,98.1
2025-06-12 15:37:00,41.4
2025-06-12 17:46:00,3.6
2025-06-12 20:25:00,61.2
2025-06-12 23:41:00,51.8
2025-06-12 18:28:00,84.4
2025-06-12 12:36:00,68.2
2025-06-12 23:07:00,19.8
2025-06-12 10:05:00,40.0
2025-06-12 09:20:00,60.7
2025-06-12 18:00:00,49.1
2025-06-12 04:33:00,96.3
2025-06-12 15:58:00,30.1
2025-06-12 15:12:00,17.6
2025-06-12 23:13:00,21.1
2025-06-12 07:27:00,95.4
2025-06-12 22:27:00,64.1
2025-06-12 07:48:00,91.8
2025-06-12 15:44:00,45.2
2025-06-12 10:44:00,47.2
2025-06-12 09:31:00,49.54486036141751
2025-06-12 12:07:00,4.2
2025-06-12 21:40:00,10.0
2025-06-12 17:18:00,48.0
2025-06-12 23:40:00,59.9
2025-06-12 18:58:00,49.54486036141751
2025-06-12 16:28:00,46.4
2025-06-12 02:03:00,52.6
2025-06-12 02:01:00,17.4
2025-06-12 15:47:00,56.0
2025-06-12 13:33:00,14.0
2025-06-12 09:14:00,58.8
2025-06-12 05:37:00,2.0
2025-06-12 09:50:00,49.54486036141751
2025-06-12 13:07:00,75.2
2025-06-12 03:11:00,49.54486036141751
2025-06-12 08:05:00,85.3
2025-06-12 13:32:00,84.0
2025-06-12 07:11:00,20.5
2025-06-12 16:12:00,29.1
2025-06-12 08:51:00,43.2
2025-06-12 21:04:00,69.9
2025-06-12 21:47:00,42.7
2025-06-12 13:28:00,21.8
2025-06-12 13:59:00,49.6
2025-06-12 01:23:00,64.7
2025-06-12 17:27:00,28.7
2025-06-12 00:24:00,22.3
2025-06-12 01:50:00,39.7
2025-06-12 12:51:00,85.5
2025-06-12 06:44:00,64.0
2025-06-12 00:39:00,49.54486036141751
2025-06-12 20:02:00,49.54486036141751
2025-06-12 11:50:00,49.54486036141751
2025-06-12 05:11:00,17.9
2025-06-12 04:01:00,36.3
2025-06-12 12:50:00,71.1
2025-06-12 02:00:00,3.6
2025-06-12 21:27:00,60.0
2025-06-12 12:45:00,49.54486036141751
2025-06-12 18:41:00,88.0
2025-06-12 17:50:00,39.0
2025-06-12 20:54:00,88.4
2025-06-12 00:32:00,63.7
2025-06-12 06:02:00,80.4
2025-06-12 06:10:00,99.4
2025-06-12 10:30:00,58.0
2025-06-12 00:24:00,56.8
2025-06-12 02:50:00,0.4
2025-06-12 09:01:00,52.7
2025-06-12 12:07:00,8.0
2025-06-12 15:14:00,86.6
2025-06-12 06:13:00,42.1
2025-06-12 15:04:00,7.9
2025-06-12 21:26:00,31.9
2025-06-12 16:03:00,34.7
2025-06-12 11:27:00,13.8
2025-06-12 07:34:00,65.4
2025-06-12 04:16:00,83.9
2025-06-12 18:09:00,12.7
2025-06-12 01:42:00,50.5
2025-06-12 16:53:00,17.2
2025-06-12 17:42:00,92.4
2025-06-12 03:31:00,23.1
2025-06-12 11:11:00,19.4
2025-06-12 14:41:00,96.4
2025-06-12 21:32:00,21.1
2025-06-12 13:08:00,49.54486036141751
2025-06-12 19:05:00,49.54486036141751
2025-06-12 06:47:00,88.5
2025-06-12 07:58:00,38.2
2025-06-12 06:00:00,15.2
2025-06-12 19:53:00,31.2
2025-06-12 00:48:00,80.5
2025-06-12 03:24:00,37.2
2025-06-12 09:37:00,29.7
2025-06-12 22:33:00,29.5
2025-06-12 09:00:00,1.0
2025-06-12 15:43:00,25.2
2025-06-12 07:51:00,49.54486036141751
2025-06-12 00:09:00,13.1
2025-06-12 18:45:00,90.9
2025-06-12 12:14:00,48.8
2025-06-12 21:14:00,49.54486036141751
2025-06-12 21:43:00,59.3
2025-06-12 16:48:00,99.5
2025-06-12 17:35:00,49.54486036141751
2025-06-12 20:55:00,49.54486036141751
2025-06-12 14:46:00,88.8
2025-06-12 07:58:00,85.2
2025-06-12 21:28:00,18.7
2025-06-12 19:18:00,47.2
2025-06-12 23:21:00,99.1
2025-06-12 02:36:00,35.7
2025-06-12 07:59:00,5.8
2025-06-12 02:49:00,75.1
2025-06-12 07:54:00,72.0
2025-06-12 04:14:00,57.8
2025-06-12 23:24:00,36.5
2025-06-12 00:55:00,98.9
2025-06-12 19:14:00,60.9
2025-06-12 07:14:00,8.4
2025-06-12 02:58:00,4.1
2025-06-12 13:05:00,46.4
2025-06-12 07:00:00,28.3
2025-06-12 21:29:00,94.9
2025-06-12 07:40:00,48.5
2025-06-12 21:27:00,49.54486036141751
2025-06-12 07:47:00,79.2
2025-06-12 01:54:00,6.5
2025-06-12 06:04:00,29.0
2025-06-12 10:26:00,90.3
2025-06-12 08:35:00,93.4
2025-06-12 17:50:00,31.4
2025-06-12 07:03:00,68.9
2025-06-12 01:24:00,84.0
2025-06-12 23:59:00,13.9
2025-06-12 00:56:00,58.2
2025-06-12 00:14:00,80.0
2025-06-12 16:06:00,41.3
2025-06-12 08:04:00,13.2
2025-06-12 19:50:00,22.9
2025-06-12 08:33:00,0.3
2025-06-12 17:38:00,85.4
2025-06-12 12:45:00,91.8
2025-06-12 09:37:00,54.9
2025-06-12 22:14:00,32.0
2025-06-12 21:17:00,93.0
2025-06-12 12:00:00,60.7
2025-06-12 13:10:00,53.1
2025-06-12 16:49:00,39.3
2025-06-12 21:35:00,10.2
2025-06-12 04:35:00,14.0
2025-06-12 20:17:00,56.7
2025-06-12 22:06:00,69.8
2025-06-12 02:40:00,97.1
2025-06-12 07:06:00,6.1
2025-06-12 17:09:00,20.3
2025-06-12 14:22:00,80.2
2025-06-12 10:51:00,80.7
2025-06-12 06:07:00,53.7
2025-06-12 09:22:00,49.54486036141751
2025-06-12 05:13:00,49.54486036141751
2025-06-12 17:00:00,62.5
2025-06-12 08:25:00,59.3
2025-06-12 22:16:00,80.0
2025-06-12 00:58:00,28.4
2025-06-12 23:19:00,49.54486036141751
2025-06-12 04:08:00,49.54486036141751
2025-06-12 07:22:00,33.2
2025-06-12 00:44:00,49.54486036141751
2025-06-12 14:54:00,94.6
2025-06-12 10:22:00,69.6
2025-06-12 16:38:00,12.2
2025-06-12 08:21:00,36.3
2025-06-12 05:40:00,49.54486036141751
2025-06-12 05:00:00,72.4
2025-06-12 00:15:00,19.2
2025-06-12 21:58:00,98.5
2025-06-12 02:07:00,89.2
2025-06-12 09:51:00,49.54486036141751
2025-06-12 12:41:00,63.3
2025-06-12 09:46:00,16.2
2025-06-12 23:07:00,74.3
2025-06-12 13:07:00,53.0
2025-06-12 10:57:00,20.5
2025-06-12 00:31:00,49.54486036141751
2025-06-12 17:18:00,3.5
2025-06-12 16:11:00,44.3
2025-06-12 07:17:00,3.1
2025-06-12 00:24:00,21.4
2025-06-12 20:32:00,47.1
2025-06-12 18:53:00,66.1
2025-06-12 19:05:00,17.3
2025-06-12 20:57:00,43.2
2025-06-12 13:25:00,83.7
2025-06-12 07:23:00,50.1
2025-06-12 13:30:00,62.1
2025-06-12 04:20:00,90.2
2025-06-12 06:28:00,52.4
2025-06-12 18:20:00,1.5
2025-06-12 06:24:00,76.9
2025-06-12 17:04:00,49.54486036141751
2025-06-12 18:38:00,71.7
2025-06-12 13:04:00,67.7
2025-06-12 15:00:00,55.1
2025-06-12 18:04:00,85.4
2025-06-12 07:52:00,47.4
2025-06-12 01:08:00,49.54486036141751
2025-06-12 23:12:00,49.54486036141751
2025-06-12 02:46:00,49.54486036141751
2025-06-12 01:53:00,49.54486036141751
2025-06-12 01:38:00,88.4
2025-06-12 08:00:00,32.1
2025-06-12 00:56:00,81.7
2025-06-12 10:38:00,52.9
2025-06-12 07:09:00,74.0
2025-06-12 22:07:00,41.5
2025-06-12 23:14:00,96.4
2025-06-12 05:05:00,18.0
2025-06-12 13:31:00,32.8
2025-06-12 15:54:00,8.1
2025-06-12 08:22:00,58.1
2025-06-12 03:03:00,45.7
2025-06-12 19:29:00,74.3
2025-06-12 00:22:00,17.6
2025-06-12 20:39:00,21.3
2025-06-12 06:13:00,10.5
2025-06-12 12:47:00,55.0
2025-06-12 21:27:00,93.5
2025-06-12 08:27:00,50.136426804852206
2025-06-12 23:09:00,4.7
2025-06-12 11:52:00,1.2
2025-06-12 09:04:00,50.136426804852206
2025-06-12 17:37:00,40.3
2025-06-12 13:52:00,92.2
2025-06-12 17:35:00,76.0
2025-06-12 11:51:00,49.1
2025-06-12 13:21:00,54.0
2025-06-12 23:01:00,46.9
2025-06-12 06:23:00,17.7
2025-06-12 02:29:00,73.7
2025-06-12 05:18:00,85.0
2025-06-12 15:36:00,19.5
2025-06-12 12:49:00,43.4
2025-06-12 00:53:00,50.136426804852206
2025-06-12 01:39:00,74.8
2025-06-12 07:48:00,42.1
2025-06-12 02:26:00,21.4
2025-06-12 04:17:00,50.136426804852206
2025-06-12 01:46:00,62.2
2025-06-12 19:21:00,16.9
2025-06-12 21:41:00,50.136426804852206
2025-06-12 12:13:00,0.0
2025-06-12 16:36:00,64.4
2025-06-12 08:06:00,22.1
2025-06-12 21:47:00,64.7
2025-06-12 23:48:00,87.1
2025-06-12 07:06:00,50.136426804852206
2025-06-12 00:38:00,28.6
2025-06-12 15:25:00,52.2
2025-06-12 21:19:00,16.6
2025-06-12 11:56:00,9.9
2025-06-12 15:28:00,50.8
2025-06-12 04:25:00,70.0
2025-06-12 07:57:00,60.0
2025-06-12 00:19:00,28.1
2025-06-12 18:14:00,95.8
2025-06-12 15:32:00,46.0
2025-06-12 02:33:00,19.9
2025-06-12 18:25:00,74.6
2025-06-12 05:05:00,14.1
2025-06-12 15:49:00,81.4
2025-06-12 16:28:00,11.5
2025-06-12 11:10:00,94.2
2025-06-12 00:02:00,42.8
2025-06-12 02:12:00,90.3
2025-06-12 18:07:00,18.3
2025-06-12 10:58:00,71.3
2025-06-12 21:27:00,3.5
2025-06-12 23:02:00,50.136426804852206
2025-06-12 03:34:00,50.136426804852206
2025-06-12 01:52:00,90.6
2025-06-12 11:50:00,50.136426804852206
2025-06-12 17:31:00,50.136426804852206
2025-06-12 16:22:00,46.9
2025-06-12 20:10:00,13.0
2025-06-12 23:03:00,50.136426804852206
2025-06-12 00:59:00,17.7
2025-06-12 23:38:00,28.5
2025-06-12 06:32:00,92.1
2025-06-12 17:53:00,92.2
2025-06-12 21:27:00,69.9
2025-06-12 06:00:00,60.3
2025-06-12 10:59:00,50.136426804852206
2025-06-12 16:39:00,77.4
2025-06-12 23:22:00,89.5
2025-06-12 11:06:00,50.136426804852206
2025-06-12 02:21:00,22.6
2025-06-12 07:42:00,9.1
2025-06-12 17:38:00,70.5
2025-06-12 19:01:00,50.136426804852206
2025-06-12 07:50:00,90.6
2025-06-12 19:25:00,74.7
2025-06-12 22:07:00,50.136426804852206
2025-06-12 03:33:00,90.1
2025-06-12 11:37:00,82.9
2025-06-12 11:39:00,17.1
2025-06-12 21:17:00,91.4
2025-06-12 00:36:00,42.2
2025-06-12 08:53:00,64.4
2025-06-12 22:32:00,50.136426804852206
2025-06-12 22:50:00,72.7
2025-06-12 10:21:00,48.3
2025-06-12 04:43:00,39.6
2025-06-12 15:31:00,20.0
2025-06-12 17:46:00,6.0
2025-06-12 09:53:00,50.136426804852206
2025-06-12 16:20:00,57.4
2025-06-12 03:24:00,8.6
2025-06-12 22:48:00,50.136426804852206
2025-06-12 01:04:00,42.7
2025-06-12 18:55:00,34.4
2025-06-12 12:33:00,50.136426804852206
2025-06-12 18:51:00,40.5
2025-06-12 14:33:00,81.0
2025-06-12 10:45:00,50.136426804852206
2025-06-12 09:08:00,91.3
2025-06-12 22:59:00,90.5
2025-06-12 08:33:00,35.7
2025-06-12 12:57:00,48.8
2025-06-12 16:33:00,66.7
2025-06-12 16:59:00,96.5
2025-06-12 00:35:00,72.5
2025-06-12 19:06:00,59.6
2025-06-12 15:34:00,35.1
2025-06-12 10:02:00,10.2
2025-06-12 00:04:00,27.1
2025-06-12 20:32:00,87.7
2025-06-12 08:28:00,77.1
2025-06-12 15:09:00,92.6
2025-06-12 11:05:00,90.3
2025-06-12 13:31:00,97.3
2025-06-12 03:16:00,78.1
2025-06-12 07:29:00,50.136426804852206
2025-06-12 06:59:00,96.0
2025-06-12 21:33:00,7.7
2025-06-12 06:47:00,15.5
2025-06-12 02:41:00,72.9
2025-06-12 23:41:00,76.5
2025-06-12 03:14:00,11.0
2025-06-12 13:51:00,88.2
2025-06-12 04:38:00,4.5
2025-06-12 15:16:00,70.7
2025-06-12 18:03:00,50.136426804852206
2025-06-12 20:02:00,71.7
2025-06-12 03:13:00,49.9
2025-06-12 05:27:00,4.4
2025-06-12 14:12:00,68.2
2025-06-12 22:48:00,12.0
2025-06-12 00:29:00,50.136426804852206
2025-06-12 11:20:00,50.136426804852206
2025-06-12 22:21:00,24.9
2025-06-12 01:40:00,50.136426804852206
2025-06-12 21:58:00,82.2
2025-06-12 01:01:00,65.2
2025-06-12 19:33:00,42.1
2025-06-12 16:42:00,59.3
2025-06-12 04:02:00,50.136426804852206
2025-06-12 00:05:00,70.5
2025-06-12 04:11:00,4.9
2025-06-12 00:48:00,43.4
2025-06-12 06:47:00,20.0
2025-06-12 21:27:00,94.7
2025-06-12 18:11:00,50.136426804852206
2025-06-12 18:00:00,61.0
2025-06-12 15:39:00,4.6
2025-06-12 01:30:00,62.5
2025-06-12 15:34:00,57.5
2025-06-12 06:25:00,50.136426804852206
2025-06-12 20:04:00,24.4
2025-06-12 06:19:00,84.3
2025-06-12 09:13:00,11.1
2025-06-12 04:32:00,57.8
2025-06-12 07:26:00,43.8
2025-06-12 06:40:00,69.9
2025-06-12 00:36:00,43.1
2025-06-12 23:17:00,63.0
2025-06-12 18:54:00,49.9
2025-06-12 11:58:00,41.8
2025-06-12 10:03:00,76.4
2025-06-12 12:45:00,45.6
2025-06-12 21:38:00,35.2
2025-06-12 00:17:00,54.3
2025-06-12 11:06:00,23.7
2025-06-12 05:08:00,83.6
2025-06-12 14:33:00,55.0
2025-06-12 19:02:00,64.1
2025-06-12 20:17:00,78.4
2025-06-12 04:11:00,23.6
2025-06-12 10:35:00,27.0
2025-06-12 10:09:00,50.136426804852206
2025-06-12 16:17:00,85.2
2025-06-12 04:41:00,50.136426804852206
2025-06-12 17:13:00,4.0
2025-06-12 21:54:00,96.8
2025-06-12 14:03:00,44.5
2025-06-12 21:45:00,21.3
2025-06-12 10:36:00,30.6
2025-06-12 09:51:00,74.1
2025-06-12 22:16:00,80.4
2025-06-12 15:35:00,42.2
2025-06-12 15:09:00,2.6
2025-06-12 03:30:00,88.8
2025-06-12 16:39:00,34.5
2025-06-12 07:00:00,42.2
2025-06-12 08:57:00,85.4
2025-06-12 07:14:00,50.136426804852206
2025-06-12 02:08:00,49.1
2025-06-12 19:34:00,44.0
2025-06-12 17:42:00,50.136426804852206
2025-06-12 08:51:00,42.1
2025-06-12 18:33:00,93.6
2025-06-12 21:39:00,79.9
2025-06-12 17:59:00,75.2
2025-06-12 01:07:00,94.9
2025-06-12 00:09:00,50.136426804852206
2025-06-12 16:49:00,59.0
2025-06-12 17:21:00,7.8
2025-06-12 03:19:00,50.136426804852206
2025-06-12 20:05:00,55.6
2025-06-12 23:14:00,50.136426804852206
2025-06-12 13:08:00,62.5
2025-06-12 04:17:00,2.3
2025-06-12 17:25:00,72.1
2025-06-12 01:48:00,50.136426804852206
2025-06-12 05:16:00,27.5
2025-06-12 03:44:00,50.136426804852206
2025-06-12 05:42:00,50.136426804852206
2025-06-12 21:49:00,36.1
2025-06-12 13:07:00,17.5
2025-06-12 09:21:00,15.4
2025-06-12 07:00:00,4.9
2025-06-12 23:21:00,52.5
2025-06-12 08:57:00,32.0
2025-06-12 05:32:00,59.0
2025-06-12 15:25:00,5.0
2025-06-12 16:22:00,3.5
2025-06-12 17:38:00,98.7
2025-06-12 05:54:00,1.8
2025-06-12 17:55:00,30.8
2025-06-12 01:42:00,49.9
2025-06-12 18:24:00,43.1
2025-06-12 23:43:00,50.136426804852206
2025-06-12 05:12:00,67.3
2025-06-12 12:40:00,25.7
2025-06-12 19:57:00,90.4
2025-06-12 04:16:00,50.136426804852206
2025-06-12 12:11:00,23.4
2025-06-12 01:45:00,50.9
2025-06-12 07:51:00,14.3
2025-06-12 17:15:00,50.136426804852206
2025-06-12 10:03:00,31.6
2025-06-12 05:36:00,88.2
2025-06-12 13:33:00,50.136426804852206
2025-06-12 00:02:00,13.0
2025-06-12 12:06:00,48.0
2025-06-12 10:54:00,50.136426804852206
2025-06-12 17:32:00,26.6
2025-06-12 19:12:00,58.6
2025-06-12 07:53:00,23.0
2025-06-12 15:43:00,12.1
2025-06-12 19:43:00,97.6
2025-06-12 02:51:00,31.2
2025-06-12 20:38:00,39.9
2025-06-12 08:17:00,50.136426804852206
2025-06-12 22:29:00,40.8
2025-06-12 00:19:00,50.136426804852206
2025-06-12 11:30:00,45.2
2025-06-12 12:56:00,50.136426804852206
2025-06-12 23:27:00,87.2
2025-06-12 13:12:00,85.7
2025-06-12 13:34:00,52.8
2025-06-12 16:17:00,87.8
2025-06-12 19:27:00,50.136426804852206
2025-06-12 11:36:00,54.9
2025-06-12 07:46:00,71.7
2025-06-12 14:43:00,8.2
2025-06-12 14:24:00,47.1
2025-06-12 23:12:00,37.3
2025-06-12 08:36:00,43.5
2025-06-12 19:50:00,33.1
2025-06-12 18:10:00,29.7
2025-06-12 12:23:00,90.7
2025-06-12 02:59:00,2.8
2025-06-12 04:40:00,50.136426804852206
2025-06-12 10:03:00,52.3
2025-06-12 06:31:00,12.3
2025-06-12 09:36:00,76.4
2025-06-12 21:04:00,50.136426804852206
2025-06-12 23:51:00,62.9
2025-06-12 23:40:00,50.136426804852206
2025-06-12 09:38:00,4.9
2025-06-12 11:55:00,61.2
2025-06-12 17:01:00,89.8
2025-06-12 23:47:00,71.3
2025-06-12 23:28:00,75.7
2025-06-12 23:11:00,78.0
2025-06-12 16:59:00,50.136426804852206
2025-06-12 01:21:00,55.0
2025-06-12 22:10:00,70.4
2025-06-12 03:51:00,40.4
2025-06-12 03:17:00,61.4
2025-06-12 02:01:00,31.5
2025-06-12 09:37:00,44.2
2025-06-12 12:30:00,63.8
2025-06-12 02:03:00,58.9
2025-06-12 19:04:00,50.136426804852206
2025-06-12 14:33:00,5.7
2025-06-12 23:13:00,15.6
2025-06-12 10:33:00,4.8
2025-06-12 17:20:00,88.6
2025-06-12 09:58:00,50.136426804852206
2025-06-12 19:53:00,31.6
2025-06-12 09:17:00,37.5
2025-06-12 01:28:00,25.5
2025-06-12 23:23:00,18.9
2025-06-12 17:00:00,33.7
2025-06-12 19:33:00,93.1
2025-06-12 22:02:00,13.1
2025-06-12 06:14:00,40.6
2025-06-12 13:53:00,35.2
2025-06-12 23:36:00,28.2
2025-06-12 14:18:00,36.7
2025-06-12 23:23:00,50.136426804852206
2025-06-12 07:36:00,50.136426804852206
2025-06-12 05:09:00,18.5
2025-06-12 04:16:00,29.9
2025-06-12 19:12:00,81.3
2025-06-12 15:32:00,4.9
2025-06-12 01:45:00,36.8
2025-06-12 18:08:00,10.4
2025-06-12 14:34:00,69.0
2025-06-12 18:52:00,50.136426804852206
2025-06-12 21:56:00,11.4
2025-06-12 17:55:00,72.7
2025-06-12 20:43:00,1.1
2025-06-12 14:15:00,99.9
2025-06-12 14:20:00,50.136426804852206
2025-06-12 02:30:00,84.1
2025-06-12 16:46:00,94.8
2025-06-12 11:11:00,67.8
2025-06-12 23:20:00,80.0
2025-06-12 05:10:00,86.8
2025-06-12 11:15:00,50.136426804852206
2025-06-12 23:26:00,35.4
2025-06-12 02:54:00,61.3
2025-06-12 12:32:00,90.1
2025-06-12 04:08:00,64.8
2025-06-12 03:55:00,21.7
2025-06-12 21:18:00,37.7
2025-06-12 15:57:00,10.1
2025-06-12 03:43:00,7.9
2025-06-12 10:15:00,50.037891637220255
2025-06-12 11:37:00,30.0
2025-06-12 13:32:00,40.6
2025-06-12 03:23:00,65.5
2025-06-12 19:12:00,37.6
2025-06-12 11:27:00,60.9
2025-06-12 06:43:00,43.5
2025-06-12 19:44:00,56.8
2025-06-12 23:51:00,55.2
2025-06-12 04:05:00,15.5
2025-06-12 14:10:00,26.7
2025-06-12 19:31:00,4.2
2025-06-12 17:01:00,23.0
2025-06-12 02:28:00,50.037891637220255
2025-06-12 14:20:00,96.7
2025-06-12 07:38:00,20.7
2025-06-12 11:34:00,6.9
2025-06-12 11:22:00,50.0
2025-06-12 15:06:00,68.7
2025-06-12 17:56:00,50.037891637220255
2025-06-12 05:38:00,4.9
2025-06-12 02:23:00,39.1
2025-06-12 18:16:00,10.2
2025-06-12 10:02:00,50.037891637220255
2025-06-12 02:39:00,10.9
2025-06-12 21:51:00,47.9
2025-06-12 17:38:00,50.037891637220255
2025-06-12 23:11:00,63.7
2025-06-12 16:36:00,32.9
2025-06-12 11:11:00,50.037891637220255
2025-06-12 11:31:00,83.6
2025-06-12 08:07:00,72.1
2025-06-12 20:58:00,79.4
2025-06-12 11:56:00,43.4
2025-06-12 22:09:00,57.7
2025-06-12 19:20:00,11.0
2025-06-12 17:13:00,76.7
2025-06-12 01:39:00,11.8
2025-06-12 12:09:00,7.3
2025-06-12 13:20:00,66.9
2025-06-12 15:17:00,76.0
2025-06-12 16:48:00,90.1
2025-06-12 00:48:00,23.6
2025-06-12 05:16:00,40.3
2025-06-12 00:56:00,43.1
2025-06-12 19:25:00,95.8
2025-06-12 14:19:00,2.1
2025-06-12 19:25:00,38.6
2025-06-12 07:28:00,58.2
2025-06-12 10:25:00,50.037891637220255
2025-06-12 16:07:00,0.6
2025-06-12 22:54:00,11.4
2025-06-12 10:22:00,10.2
2025-06-12 23:24:00,50.037891637220255
2025-06-12 14:38:00,99.1
2025-06-12 04:21:00,35.0
2025-06-12 14:00:00,50.037891637220255
2025-06-12 22:07:00,65.3
2025-06-12 13:17:00,77.2
2025-06-12 12:45:00,43.8
2025-06-12 14:40:00,50.037891637220255
2025-06-12 04:36:00,87.3
2025-06-12 04:03:00,17.7
2025-06-12 22:14:00,50.037891637220255
2025-06-12 03:18:00,2.2
2025-06-12 10:42:00,7.1
2025-06-12 05:38:00,33.0
2025-06-12 21:01:00,34.5
2025-06-12 06:49:00,94.9
2025-06-12 06:55:00,50.6
2025-06-12 12:38:00,50.037891637220255
2025-06-12 11:39:00,68.6
2025-06-12 11:20:00,11.1
2025-06-12 20:59:00,53.0
2025-06-12 23:42:00,50.037891637220255
2025-06-12 13:49:00,68.1
2025-06-12 20:33:00,20.4
2025-06-12 10:36:00,50.037891637220255
2025-06-12 01:31:00,84.8
2025-06-12 17:22:00,2.5
2025-06-12 19:59:00,50.037891637220255
2025-06-12 00:10:00,76.5
2025-06-12 10:13:00,10.8
2025-06-12 20:38:00,47.8
2025-06-12 12:35:00,13.5
2025-06-12 04:36:00,12.3
2025-06-12 01:20:00,44.3
2025-06-12 13:07:00,58.6
2025-06-12 20:48:00,57.4
2025-06-12 03:04:00,15.3
2025-06-12 06:45:00,19.8
2025-06-12 15:20:00,50.037891637220255
2025-06-12 05:16:00,28.5
2025-06-12 19:07:00,97.6
2025-06-12 20:35:00,20.5
2025-06-12 16:09:00,85.1
2025-06-12 12:51:00,10.5
2025-06-12 07:29:00,40.3
2025-06-12 00:23:00,50.037891637220255
2025-06-12 13:27:00,48.4
2025-06-12 16:27:00,66.9
2025-06-12 23:03:00,50.037891637220255
2025-06-12 07:13:00,50.037891637220255
2025-06-12 00:13:00,82.3
2025-06-12 17:12:00,27.7
2025-06-12 19:37:00,67.6
2025-06-12 13:19:00,48.3
2025-06-12 12:18:00,29.1
2025-06-12 05:09:00,50.037891637220255
2025-06-12 03:13:00,22.3
2025-06-12 00:30:00,50.037891637220255
2025-06-12 23:25:00,65.0
2025-06-12 20:51:00,50.037891637220255
2025-06-12 03:12:00,50.037891637220255
2025-06-12 09:16:00,83.1
2025-06-12 00:38:00,41.6
2025-06-12 02:08:00,50.037891637220255
2025-06-12 14:36:00,50.037891637220255
2025-06-12 23:27:00,18.5
2025-06-12 12:26:00,77.0
2025-06-12 01:48:00,74.9
2025-06-12 04:22:00,42.6
2025-06-12 16:57:00,27.8
2025-06-12 11:15:00,92.1
2025-06-12 23:56:00,50.037891637220255
2025-06-12 05:16:00,50.037891637220255
2025-06-12 14:22:00,82.7
2025-06-12 22:33:00,50.037891637220255
2025-06-12 21:01:00,75.8
2025-06-12 20:01:00,43.3
2025-06-12 17:21:00,36.8
2025-06-12 23:24:00,68.1
2025-06-12 14:13:00,35.3
2025-06-12 11:33:00,35.2
2025-06-12 15:51:00,71.0
2025-06-12 20:46:00,7.6
2025-06-12 05:59:00,50.037891637220255
2025-06-12 06:16:00,68.7
2025-06-12 11:10:00,52.4
2025-06-12 23:49:00,12.9
2025-06-12 09:15:00,39.0
2025-06-12 16:44:00,16.8
2025-06-12 07:26:00,76.1
2025-06-12 10:22:00,84.0
2025-06-12 02:09:00,34.7
2025-06-12 04:13:00,7.5
2025-06-12 17:34:00,80.1
2025-06-12 09:38:00,46.1
2025-06-12 10:39:00,35.9
2025-06-12 15:14:00,16.2
2025-06-12 03:31:00,21.4
2025-06-12 13:45:00,65.5
2025-06-12 09:31:00,5.5
2025-06-12 15:31:00,19.3
2025-06-12 01:55:00,68.4
2025-06-12 16:40:00,46.5
2025-06-12 03:34:00,81.5
2025-06-12 01:43:00,50.037891637220255
2025-06-12 03:45:00,50.037891637220255
2025-06-12 02:50:00,70.2
2025-06-12 15:27:00,75.1
2025-06-12 13:57:00,53.9
2025-06-12 22:26:00,42.6
2025-06-12 11:01:00,18.7
2025-06-12 10:40:00,80.6
2025-06-12 01:42:00,56.9
2025-06-12 19:38:00,99.1
2025-06-12 01:48:00,50.037891637220255
2025-06-12 07:14:00,72.7
2025-06-12 23:56:00,80.2
2025-06-12 03:56:00,91.5
2025-06-12 06:21:00,81.2
2025-06-12 14:04:00,95.1
2025-06-12 03:34:00,38.8
2025-06-12 05:41:00,93.3
2025-06-12 21:39:00,48.9
2025-06-12 18:46:00,42.8
2025-06-12 14:20:00,55.2
2025-06-12 14:57:00,50.037891637220255
2025-06-12 18:10:00,14.1
2025-06-12 18:39:00,42.4
2025-06-12 04:34:00,90.0
2025-06-12 13:08:00,14.4
2025-06-12 01:26:00,51.0
2025-06-12 05:46:00,26.0
2025-06-12 23:41:00,50.037891637220255
2025-06-12 13:01:00,93.6
2025-06-12 14:13:00,85.5
2025-06-12 04:45:00,82.5
2025-06-12 16:47:00,50.037891637220255
2025-06-12 12:02:00,73.0
2025-06-12 07:38:00,36.7
2025-06-12 22:28:00,76.4
2025-06-12 05:37:00,50.037891637220255
2025-06-12 09:37:00,28.9
2025-06-12 06:22:00,47.8
2025-06-12 09:30:00,93.2
2025-06-12 03:48:00,1.7
2025-06-12 11:46:00,84.7
2025-06-12 12:43:00,28.6
2025-06-12 12:20:00,33.5
2025-06-12 21:44:00,20.3
2025-06-12 22:36:00,9.2
2025-06-12 08:14:00,15.8
2025-06-12 15:38:00,81.4
2025-06-12 03:04:00,92.3
2025-06-12 01:53:00,0.8
2025-06-12 15:43:00,81.5
2025-06-12 06:46:00,38.5
2025-06-12 00:26:00,12.9
2025-06-12 15:57:00,81.1
2025-06-12 11:56:00,50.037891637220255
2025-06-12 10:50:00,43.8
2025-06-12 03:25:00,68.4
2025-06-12 21:52:00,69.5
2025-06-12 11:07:00,50.037891637220255
2025-06-12 09:45:00,56.9
2025-06-12 09:36:00,95.0
2025-06-12 19:20:00,11.7
2025-06-12 09:52:00,26.4
2025-06-12 01:58:00,61.7
2025-06-12 06:08:00,68.3
2025-06-12 07:59:00,50.0
2025-06-12 10:06:00,98.1
2025-06-12 15:22:00,17.3
2025-06-12 04:59:00,56.7
2025-06-12 06:22:00,55.0
2025-06-12 18:49:00,60.8
2025-06-12 23:20:00,6.1
2025-06-12 04:58:00,84.6
2025-06-12 00:20:00,10.6
2025-06-12 15:10:00,50.037891637220255
2025-06-12 06:22:00,30.0
2025-06-12 16:30:00,64.9
2025-06-12 19:21:00,12.4
2025-06-12 05:49:00,4.8
2025-06-12 14:08:00,76.0
2025-06-12 11:56:00,50.037891637220255
2025-06-12 16:48:00,21.8
2025-06-12 16:43:00,65.7
2025-06-12 07:51:00,50.037891637220255
2025-06-12 08:39:00,50.037891637220255
2025-06-12 22:39:00,15.8
2025-06-12 04:35:00,70.9
2025-06-12 15:04:00,85.7
2025-06-12 02:30:00,59.8
2025-06-12 03:39:00,52.8
2025-06-12 15:59:00,37.9
2025-06-12 08:54:00,84.2
2025-06-12 02:26:00,26.1
2025-06-12 19:22:00,39.9
2025-06-12 02:42:00,69.4
2025-06-12 02:17:00,50.037891637220255
2025-06-12 00:48:00,24.7
2025-06-12 04:16:00,56.5
2025-06-12 17:59:00,35.5
2025-06-12 02:09:00,27.2
2025-06-12 10:16:00,12.8
2025-06-12 03:57:00,50.037891637220255
2025-06-12 16:47:00,15.5
2025-06-12 13:06:00,85.8
2025-06-12 17:10:00,93.3
2025-06-12 15:15:00,82.7
2025-06-12 22:17:00,0.6
2025-06-12 18:53:00,19.7
2025-06-12 15:09:00,73.8
2025-06-12 03:41:00,26.0
2025-06-12 21:21:00,87.4
2025-06-12 08:50:00,50.037891637220255
2025-06-12 00:30:00,62.5
2025-06-12 13:09:00,90.1
2025-06-12 14:28:00,3.8
2025-06-12 16:37:00,78.7
2025-06-12 21:19:00,15.1
2025-06-12 15:47:00,47.3
2025-06-12 03:44:00,60.3
2025-06-12 08:43:00,93.3
2025-06-12 16:53:00,68.4
2025-06-12 03:01:00,61.8
2025-06-12 19:53:00,44.1
2025-06-12 05:47:00,46.1
2025-06-12 10:44:00,50.037891637220255
2025-06-12 08:00:00,1.7
2025-06-12 07:12:00,50.037891637220255
2025-06-12 19:27:00,17.5
2025-06-12 20:08:00,50.037891637220255
2025-06-12 22:00:00,72.6
2025-06-12 00:45:00,78.2
2025-06-12 21:33:00,81.2
2025-06-12 00:28:00,14.4
2025-06-12 16:00:00,17.1
2025-06-12 16:50:00,50.037891637220255
2025-06-12 09:24:00,50.037891637220255
2025-06-12 18:50:00,37.6
2025-06-12 16:16:00,30.7
2025-06-12 06:33:00,41.0
2025-06-12 23:40:00,42.0
2025-06-12 13:37:00,42.9
2025-06-12 18:45:00,30.9
2025-06-12 20:41:00,75.0
2025-06-12 18:34:00,78.4
2025-06-12 10:39:00,50.037891637220255
2025-06-12 06:41:00,41.7
2025-06-12 06:52:00,42.9
2025-06-12 22:21:00,20.1
2025-06-12 07:18:00,12.1
2025-06-12 13:30:00,84.3
2025-06-12 07:32:00,54.4
2025-06-12 13:58:00,1.8
2025-06-12 05:01:00,8.7
2025-06-12 07:21:00,96.2
2025-06-12 06:15:00,62.3
2025-06-12 04:56:00,15.7
2025-06-12 10:22:00,75.1
2025-06-12 19:13:00,89.8
2025-06-12 01:45:00,40.9
2025-06-12 05:45:00,88.4
2025-06-12 23:22:00,28.2
2025-06-12 17:48:00,72.6
2025-06-12 14:11:00,1.3
2025-06-12 13:09:00,99.5
2025-06-12 09:13:00,99.3
2025-06-12 15:09:00,3.7
2025-06-12 10:57:00,23.3
2025-06-12 05:30:00,41.4
2025-06-12 00:59:00,63.7
2025-06-12 17:33:00,50.037891637220255
2025-06-12 16:09:00,73.8
2025-06-12 08:17:00,49.0
2025-06-12 04:43:00,25.6
2025-06-12 06:32:00,39.5
2025-06-12 17:46:00,62.6
2025-06-12 21:35:00,96.0
2025-06-12 06:58:00,21.3
2025-06-12 10:47:00,79.6
2025-06-12 10:07:00,48.7
2025-06-12 07:10:00,50.037891637220255
2025-06-12 11:41:00,50.037891637220255
2025-06-12 21:12:00,21.0
2025-06-12 21:49:00,5.1
2025-06-12 02:07:00,50.037891637220255
2025-06-12 13:14:00,3.8
2025-06-12 04:49:00,2.7
2025-06-12 19:20:00,99.8
2025-06-12 15:22:00,2.5
2025-06-12 06:53:00,32.2
2025-06-12 15:57:00,43.0
2025-06-12 03:01:00,43.7
2025-06-12 01:32:00,22.1
2025-06-12 02:29:00,21.4
2025-06-12 17:48:00,43.2
2025-06-12 20:21:00,50.60542317173377
2025-06-12 11:54:00,93.9
2025-06-12 08:13:00,98.6
2025-06-12 06:23:00,60.1
2025-06-12 10:33:00,79.7
2025-06-12 19:48:00,50.60542317173377
2025-06-12 03:27:00,1.0
2025-06-12 21:50:00,50.60542317173377
2025-06-12 03:14:00,89.5
2025-06-12 10:19:00,86.2
2025-06-12 12:49:00,42.8
2025-06-12 21:13:00,32.9
2025-06-12 09:21:00,2.9
2025-06-12 11:18:00,50.60542317173377
2025-06-12 10:42:00,82.5
2025-06-12 11:32:00,20.9
2025-06-12 10:49:00,4.9
2025-06-12 00:04:00,74.9
2025-06-12 02:51:00,21.1
2025-06-12 06:04:00,62.1
2025-06-12 16:23:00,11.2
2025-06-12 20:33:00,64.6
2025-06-12 19:09:00,3.2
2025-06-12 11:03:00,67.0
2025-06-12 22:54:00,78.4
2025-06-12 12:03:00,50.60542317173377
2025-06-12 17:27:00,50.60542317173377
2025-06-12 00:46:00,96.1
2025-06-12 10:46:00,19.3
2025-06-12 10:05:00,50.60542317173377
2025-06-12 17:26:00,18.2
2025-06-12 10:42:00,56.5
2025-06-12 10:09:00,80.7
2025-06-12 11:19:00,63.1
2025-06-12 23:54:00,67.3
2025-06-12 19:45:00,45.9
2025-06-12 05:46:00,50.60542317173377
2025-06-12 02:09:00,65.1
2025-06-12 23:09:00,35.1
2025-06-12 00:39:00,96.7
2025-06-12 19:37:00,50.60542317173377
2025-06-12 07:57:00,67.5
2025-06-12 21:13:00,11.0
2025-06-12 07:55:00,82.3
2025-06-12 11:25:00,50.60542317173377
2025-06-12 14:41:00,3.7
2025-06-12 09:13:00,59.9
2025-06-12 12:28:00,86.4
2025-06-12 10:38:00,40.3
2025-06-12 08:58:00,27.7
2025-06-12 13:29:00,99.9
2025-06-12 19:38:00,3.0
2025-06-12 16:02:00,48.5
2025-06-12 06:48:00,50.60542317173377
2025-06-12 23:21:00,12.2
2025-06-12 20:12:00,26.5
2025-06-12 06:45:00,96.3
2025-06-12 14:07:00,50.60542317173377
2025-06-12 08:31:00,54.9
2025-06-12 15:51:00,50.60542317173377
2025-06-12 23:38:00,84.8
2025-06-12 13:06:00,51.4
2025-06-12 20:42:00,71.9
2025-06-12 05:26:00,50.60542317173377
2025-06-12 21:01:00,37.9
2025-06-12 16:12:00,35.2
2025-06-12 05:52:00,14.4
2025-06-12 20:35:00,76.4
2025-06-12 19:07:00,27.4
2025-06-12 10:51:00,45.2
2025-06-12 15:41:00,32.0
2025-06-12 12:34:00,48.2
2025-06-12 11:02:00,59.1
2025-06-12 18:43:00,50.60542317173377
2025-06-12 18:53:00,99.0
2025-06-12 16:55:00,27.6
2025-06-12 22:27:00,17.8
2025-06-12 14:16:00,76.3
2025-06-12 06:38:00,50.60542317173377
2025-06-12 05:09:00,53.1
2025-06-12 13:08:00,46.3
2025-06-12 21:41:00,30.4
2025-06-12 23:27:00,79.3
2025-06-12 19:03:00,85.9
2025-06-12 21:49:00,39.1
2025-06-12 07:45:00,76.2
2025-06-12 09:48:00,64.8
2025-06-12 22:28:00,97.4
2025-06-12 07:35:00,50.60542317173377
2025-06-12 19:36:00,56.8
2025-06-12 08:38:00,57.8
2025-06-12 18:06:00,74.6
2025-06-12 10:48:00,2.8
2025-06-12 11:51:00,10.5
2025-06-12 06:00:00,50.60542317173377
2025-06-12 18:34:00,28.6
2025-06-12 18:43:00,74.5
2025-06-12 07:03:00,57.6
2025-06-12 10:00:00,88.7
2025-06-12 21:51:00,16.5
2025-06-12 00:18:00,51.3
2025-06-12 14:51:00,38.4
2025-06-12 11:08:00,53.7
2025-06-12 00:35:00,84.9
2025-06-12 17:20:00,9.7
2025-06-12 04:53:00,58.7
2025-06-12 13:16:00,9.1
2025-06-12 02:26:00,15.4
2025-06-12 09:23:00,30.9
2025-06-12 21:48:00,62.6
2025-06-12 11:57:00,79.4
2025-06-12 21:55:00,17.9
2025-06-12 14:43:00,50.60542317173377
2025-06-12 09:04:00,73.9
2025-06-12 22:05:00,28.6
2025-06-12 02:00:00,71.3
2025-06-12 18:09:00,25.0
2025-06-12 18:46:00,50.60542317173377
2025-06-12 18:35:00,63.5
2025-06-12 13:03:00,84.6
2025-06-12 22:09:00,75.4
2025-06-12 21:30:00,3.3
2025-06-12 19:36:00,16.3
2025-06-12 07:32:00,50.60542317173377
2025-06-12 02:30:00,6.7
2025-06-12 09:21:00,9.4
2025-06-12 17:51:00,64.9
2025-06-12 21:45:00,65.5
2025-06-12 10:34:00,95.9
2025-06-12 01:45:00,80.4
2025-06-12 09:49:00,8.2
2025-06-12 17:23:00,84.1
2025-06-12 11:41:00,62.5
2025-06-12 21:18:00,1.0
2025-06-12 04:28:00,11.9
2025-06-12 23:26:00,50.60542317173377
2025-06-12 11:05:00,29.4
2025-06-12 04:38:00,74.8
2025-06-12 12:29:00,74.1
2025-06-12 09:54:00,50.60542317173377
2025-06-12 02:23:00,60.7
2025-06-12 13:32:00,50.60542317173377
2025-06-12 22:03:00,34.2
2025-06-12 23:17:00,41.5
2025-06-12 17:36:00,76.8
2025-06-12 07:09:00,0.5
2025-06-12 18:03:00,35.3
2025-06-12 08:14:00,22.0
2025-06-12 08:52:00,25.5
2025-06-12 01:40:00,24.3
2025-06-12 10:51:00,50.60542317173377
2025-06-12 08:57:00,94.3
2025-06-12 10:38:00,50.60542317173377
2025-06-12 19:59:00,29.0
2025-06-12 00:58:00,93.3
2025-06-12 09:59:00,79.2
2025-06-12 21:35:00,83.8
2025-06-12 18:26:00,86.3
2025-06-12 17:52:00,39.6
2025-06-12 23:03:00,52.2
2025-06-12 09:08:00,17.4
2025-06-12 01:06:00,16.0
2025-06-12 18:02:00,47.5
2025-06-12 05:29:00,86.6
2025-06-12 14:27:00,54.7
2025-06-12 20:40:00,83.4
2025-06-12 08:42:00,32.3
2025-06-12 12:24:00,15.6
2025-06-12 09:04:00,7.3
2025-06-12 21:22:00,53.3
2025-06-12 04:26:00,71.3
2025-06-12 17:20:00,15.7
2025-06-12 09:08:00,50.4
2025-06-12 18:50:00,48.5
2025-06-12 20:13:00,32.1
2025-06-12 02:23:00,51.1
2025-06-12 10:18:00,50.60542317173377
2025-06-12 17:48:00,48.2
2025-06-12 11:23:00,97.8
2025-06-12 04:24:00,64.0
2025-06-12 11:14:00,50.3
2025-06-12 21:57:00,27.2
2025-06-12 01:10:00,50.60542317173377
2025-06-12 12:50:00,57.2
2025-06-12 07:08:00,59.3
2025-06-12 10:07:00,50.60542317173377
2025-06-12 03:01:00,35.7
2025-06-12 15:03:00,64.1
2025-06-12 23:18:00,14.8
2025-06-12 12:25:00,60.1
2025-06-12 21:16:00,44.8
2025-06-12 22:47:00,99.6
2025-06-12 05:05:00,27.4
2025-06-12 20:22:00,19.7
2025-06-12 18:00:00,36.5
2025-06-12 01:20:00,20.9
2025-06-12 22:50:00,84.1
2025-06-12 05:41:00,79.6
2025-06-12 20:44:00,32.7
2025-06-12 18:46:00,66.1
2025-06-12 14:23:00,97.1
2025-06-12 10:27:00,68.4
2025-06-12 01:39:00,50.60542317173377
2025-06-12 00:26:00,61.5
2025-06-12 01:01:00,2.0
2025-06-12 05:19:00,86.0
2025-06-12 08:16:00,14.0
2025-06-12 22:01:00,95.3
2025-06-12 01:05:00,41.5
2025-06-12 15:19:00,91.0
2025-06-12 12:46:00,98.4
2025-06-12 17:13:00,1.4
2025-06-12 17:57:00,95.7
2025-06-12 16:44:00,7.2
2025-06-12 10:06:00,50.60542317173377
2025-06-12 16:29:00,19.2
2025-06-12 08:10:00,56.9
2025-06-12 07:12:00,58.6
2025-06-12 00:12:00,51.9
2025-06-12 19:17:00,94.8
2025-06-12 17:04:00,66.2
2025-06-12 04:50:00,94.9
2025-06-12 01:45:00,50.60542317173377
2025-06-12 12:42:00,54.8
2025-06-12 14:31:00,56.5
2025-06-12 14:08:00,19.6
2025-06-12 07:03:00,7.2
2025-06-12 19:46:00,75.8
2025-06-12 09:18:00,32.4
2025-06-12 03:30:00,44.3
2025-06-12 01:16:00,5.8
2025-06-12 06:38:00,39.1
2025-06-12 03:28:00,96.5
2025-06-12 10:34:00,50.60542317173377
2025-06-12 07:10:00,52.6
2025-06-12 14:11:00,77.5
2025-06-12 16:30:00,15.3
2025-06-12 05:05:00,90.2
2025-06-12 07:56:00,50.60542317173377
2025-06-12 05:19:00,56.7
2025-06-12 14:14:00,34.4
2025-06-12 07:36:00,31.8
2025-06-12 11:40:00,46.9
2025-06-12 09:10:00,70.6
2025-06-12 23:22:00,59.8
2025-06-12 04:13:00,9.5
2025-06-12 11:28:00,47.2
2025-06-12 04:33:00,50.60542317173377
2025-06-12 05:30:00,34.4
2025-06-12 04:23:00,35.0
2025-06-12 19:55:00,45.9
2025-06-12 07:21:00,21.5
2025-06-12 13:16:00,10.6
2025-06-12 04:29:00,99.7
2025-06-12 18:39:00,93.9
2025-06-12 05:10:00,97.2
2025-06-12 01:56:00,80.7
2025-06-12 09:34:00,29.9
2025-06-12 17:35:00,0.9
2025-06-12 20:21:00,50.60542317173377
2025-06-12 22:46:00,40.8
2025-06-12 06:48:00,80.5
2025-06-12 08:16:00,50.60542317173377
2025-06-12 05:45:00,35.5
2025-06-12 09:20:00,46.7
2025-06-12 03:16:00,27.4
2025-06-12 02:43:00,59.6
2025-06-12 00:49:00,50.60542317173377
2025-06-12 04:58:00,49.1
2025-06-12 19:29:00,47.0
2025-06-12 17:06:00,95.8
2025-06-12 11:52:00,23.1
2025-06-12 02:46:00,90.1
2025-06-12 13:20:00,98.4
2025-06-12 21:45:00,84.7
2025-06-12 09:20:00,37.1
2025-06-12 07:26:00,82.5
2025-06-12 13:41:00,7.6
2025-06-12 09:24:00,75.1
2025-06-12 20:48:00,35.1
2025-06-12 15:01:00,39.0
2025-06-12 21:46:00,52.3
2025-06-12 17:08:00,26.9
2025-06-12 12:24:00,21.2
2025-06-12 07:52:00,58.2
2025-06-12 10:08:00,9.6
2025-06-12 14:11:00,98.4
2025-06-12 11:22:00,50.60542317173377
2025-06-12 15:05:00,2.4
2025-06-12 02:52:00,15.8
2025-06-12 06:40:00,50.60542317173377
2025-06-12 06:10:00,59.3
2025-06-12 04:21:00,70.9
2025-06-12 23:36:00,50.60542317173377
2025-06-12 20:45:00,50.60542317173377
2025-06-12 12:19:00,50.60542317173377
2025-06-12 23:30:00,61.6
2025-06-12 04:15:00,25.5
2025-06-12 16:51:00,51.7
2025-06-12 23:12:00,52.7
2025-06-12 20:33:00,93.3
2025-06-12 12:23:00,21.2
2025-06-12 13:48:00,16.0
2025-06-12 15:50:00,50.60542317173377
2025-06-12 00:45:00,77.9
2025-06-12 10:15:00,51.5
2025-06-12 02:28:00,15.5
2025-06-12 23:42:00,96.0
2025-06-12 10:04:00,50.60542317173377
2025-06-12 02:27:00,90.4
2025-06-12 22:30:00,41.0
2025-06-12 22:33:00,62.1
2025-06-12 15:25:00,81.0
2025-06-12 06:41:00,72.1
2025-06-12 13:37:00,88.8
2025-06-12 09:54:00,82.1
2025-06-12 18:00:00,11.3
2025-06-12 07:25:00,78.1
2025-06-12 11:03:00,72.1
2025-06-12 05:31:00,20.7
2025-06-12 03:50:00,50.60542317173377
2025-06-12 16:18:00,20.9
2025-06-12 03:39:00,53.8
2025-06-12 11:31:00,90.7
2025-06-12 12:32:00,98.0
2025-06-12 07:47:00,3.1
2025-06-12 22:11:00,49.2
2025-06-12 18:18:00,93.0
2025-06-12 04:19:00,85.5
2025-06-12 21:28:00,65.6
2025-06-12 19:40:00,40.8
2025-06-12 18:27:00,50.60542317173377
2025-06-12 22:48:00,50.60542317173377
2025-06-12 08:30:00,50.60542317173377
2025-06-12 10:17:00,44.9
2025-06-12 07:27:00,65.2
2025-06-12 13:48:00,90.8
2025-06-12 13:23:00,47.7
2025-06-12 16:39:00,90.4
2025-06-12 13:28:00,87.3
2025-06-12 21:00:00,4.1
2025-06-12 06:27:00,50.60542317173377
2025-06-12 01:32:00,23.7
2025-06-12 14:36:00,0.8
2025-06-12 11:23:00,4.9
2025-06-12 06:11:00,25.2
2025-06-12 18:02:00,16.1
2025-06-12 08:17:00,50.4
2025-06-12 09:18:00,50.60542317173377
2025-06-12 09:14:00,53.1
2025-06-12 22:12:00,79.9
2025-06-12 21:53:00,72.6
2025-06-12 04:12:00,14.6
2025-06-12 00:56:00,78.8
2025-06-12 05:04:00,91.3
2025-06-12 05:53:00,98.0
2025-06-12 23:16:00,12.2
2025-06-12 03:00:00,93.6
2025-06-12 23:42:00,17.4
2025-06-12 10:19:00,76.0
2025-06-12 14:28:00,58.7
2025-06-12 13:31:00,3.5
2025-06-12 01:47:00,52.4
2025-06-12 11:45:00,5.7
2025-06-12 20:18:00,76.8
2025-06-12 17:41:00,54.2
2025-06-12 14:25:00,31.9
2025-06-12 18:50:00,75.6
2025-06-12 13:29:00,99.2
2025-06-12 19:24:00,74.5
2025-06-12 13:36:00,29.7
2025-06-12 23:07:00,34.1
2025-06-12 01:55:00,28.5
2025-06-12 15:52:00,6.9
2025-06-12 00:29:00,14.3
2025-06-12 09:47:00,99.5
2025-06-12 17:40:00,53.3
2025-06-12 22:42:00,49.935598591549294
2025-06-12 19:07:00,49.935598591549294
2025-06-12 11:13:00,59.3
2025-06-12 23:13:00,49.935598591549294
2025-06-12 16:13:00,15.1
2025-06-12 06:21:00,49.935598591549294
2025-06-12 10:49:00,13.5
2025-06-12 02:35:00,6.2
2025-06-12 03:42:00,49.935598591549294
2025-06-12 15:10:00,30.2
2025-06-12 10:25:00,86.9
2025-06-12 23:28:00,66.1
2025-06-12 12:29:00,60.6
2025-06-12 04:44:00,76.1
2025-06-12 03:35:00,49.935598591549294
2025-06-12 01:11:00,0.7
2025-06-12 09:27:00,64.7
2025-06-12 19:51:00,59.0
2025-06-12 12:06:00,6.2
2025-06-12 11:27:00,10.1
2025-06-12 04:26:00,1.9
2025-06-12 14:42:00,3.5
2025-06-12 20:26:00,75.0
2025-06-12 20:26:00,6.3
2025-06-12 14:56:00,94.4
2025-06-12 17:13:00,5.5
2025-06-12 16:52:00,49.935598591549294
2025-06-12 22:01:00,98.2
2025-06-12 08:02:00,1.3
2025-06-12 23:58:00,61.8
2025-06-12 03:22:00,35.4
2025-06-12 04:37:00,49.935598591549294
2025-06-12 06:49:00,14.6
2025-06-12 02:23:00,42.6
2025-06-12 14:58:00,87.4
2025-06-12 06:00:00,74.3
2025-06-12 22:46:00,9.1
2025-06-12 12:33:00,96.3
2025-06-12 21:04:00,69.5
2025-06-12 18:12:00,98.0
2025-06-12 15:23:00,21.2
2025-06-12 04:00:00,65.4
2025-06-12 06:38:00,51.2
2025-06-12 19:04:00,44.1
2025-06-12 19:11:00,69.0
2025-06-12 00:03:00,25.7
2025-06-12 15:22:00,63.8
2025-06-12 09:59:00,47.2
2025-06-12 20:21:00,85.5
2025-06-12 07:57:00,67.5
2025-06-12 12:01:00,20.4
2025-06-12 10:08:00,10.3
2025-06-12 02:41:00,7.1
2025-06-12 09:15:00,64.7
2025-06-12 07:38:00,15.9
2025-06-12 07:04:00,92.3
2025-06-12 20:38:00,49.935598591549294
2025-06-12 06:57:00,49.935598591549294
2025-06-12 16:38:00,86.1
2025-06-12 00:06:00,4.1
2025-06-12 20:01:00,3.4
2025-06-12 06:11:00,30.9
2025-06-12 15:02:00,6.1
2025-06-12 03:21:00,66.0
2025-06-12 11:23:00,63.9
2025-06-12 17:27:00,24.6
2025-06-12 22:13:00,79.1
2025-06-12 18:03:00,45.2
2025-06-12 15:39:00,66.0
2025-06-12 01:38:00,17.0
2025-06-12 20:25:00,41.0
2025-06-12 10:03:00,86.4
2025-06-12 13:01:00,35.7
2025-06-12 01:00:00,52.6
2025-06-12 09:26:00,59.0
2025-06-12 04:16:00,74.5
2025-06-12 07:53:00,78.0
2025-06-12 23:20:00,72.1
2025-06-12 21:23:00,49.935598591549294
2025-06-12 05:45:00,49.935598591549294
2025-06-12 09:26:00,62.4
2025-06-12 12:00:00,29.8
2025-06-12 15:00:00,49.935598591549294
2025-06-12 17:28:00,66.7
2025-06-12 03:01:00,76.9
2025-06-12 10:21:00,45.3
2025-06-12 07:43:00,49.935598591549294
2025-06-12 00:32:00,69.1
2025-06-12 11:33:00,11.0
2025-06-12 04:32:00,23.7
2025-06-12 08:13:00,68.1
2025-06-12 00:25:00,100.0
2025-06-12 18:30:00,56.3
2025-06-12 03:45:00,20.4
2025-06-12 08:08:00,39.2
2025-06-12 06:25:00,0.6
2025-06-12 09:51:00,27.6
2025-06-12 13:05:00,18.0
2025-06-12 02:15:00,86.0
2025-06-12 09:30:00,34.8
2025-06-12 09:43:00,50.4
2025-06-12 17:39:00,8.3
2025-06-12 15:12:00,42.1
2025-06-12 21:15:00,49.935598591549294
2025-06-12 20:04:00,49.935598591549294
2025-06-12 05:51:00,73.1
2025-06-12 18:03:00,22.7
2025-06-12 11:11:00,76.1
2025-06-12 13:04:00,75.4
2025-06-12 06:57:00,5.1
2025-06-12 22:56:00,91.8
2025-06-12 20:10:00,94.3
2025-06-12 17:55:00,18.9
2025-06-12 23:31:00,61.1
2025-06-12 08:22:00,57.0
2025-06-12 16:26:00,5.1
2025-06-12 05:28:00,43.7
2025-06-12 00:57:00,49.935598591549294
2025-06-12 09:45:00,14.6
2025-06-12 22:01:00,45.8
2025-06-12 04:29:00,49.935598591549294
2025-06-12 10:46:00,6.3
2025-06-12 23:27:00,38.3
2025-06-12 23:10:00,32.5
2025-06-12 01:56:00,49.935598591549294
2025-06-12 17:33:00,40.3
2025-06-12 09:37:00,30.5
2025-06-12 13:09:00,90.3
2025-06-12 07:55:00,7.0
2025-06-12 05:20:00,68.2
2025-06-12 04:25:00,27.9
2025-06-12 02:29:00,14.9
2025-06-12 14:34:00,2.0
2025-06-12 09:12:00,94.4
2025-06-12 09:13:00,28.2
2025-06-12 19:32:00,83.9
2025-06-12 03:02:00,49.935598591549294
2025-06-12 14:40:00,89.6
2025-06-12 12:10:00,4.8
2025-06-12 10:50:00,95.4
2025-06-12 00:45:00,39.4
2025-06-12 20:10:00,52.7
2025-06-12 04:20:00,44.7
2025-06-12 18:10:00,52.3
2025-06-12 05:59:00,88.5
2025-06-12 23:00:00,41.3
2025-06-12 13:59:00,30.9
2025-06-12 18:47:00,57.8
2025-06-12 15:38:00,71.9
2025-06-12 00:42:00,8.7
2025-06-12 11:13:00,63.3
2025-06-12 13:41:00,45.1
2025-06-12 18:16:00,55.5
2025-06-12 21:34:00,65.8
2025-06-12 15:51:00,79.2
2025-06-12 11:57:00,40.1
2025-06-12 08:41:00,99.3
2025-06-12 19:45:00,45.3
2025-06-12 03:30:00,55.5
2025-06-12 21:53:00,68.2
2025-06-12 11:01:00,28.8
2025-06-12 13:15:00,89.4
2025-06-12 11:35:00,49.6
2025-06-12 04:13:00,54.9
2025-06-12 07:55:00,69.5
2025-06-12 03:33:00,89.0
2025-06-12 16:13:00,49.935598591549294
2025-06-12 14:48:00,81.4
2025-06-12 23:26:00,10.9
2025-06-12 00:37:00,49.935598591549294
2025-06-12 09:13:00,62.4
2025-06-12 21:48:00,26.3
2025-06-12 11:28:00,49.935598591549294
2025-06-12 22:52:00,23.8
2025-06-12 19:51:00,9.6
2025-06-12 06:57:00,49.935598591549294
2025-06-12 00:38:00,99.7
2025-06-12 09:54:00,83.7
2025-06-12 04:34:00,58.1
2025-06-12 13:30:00,35.3
2025-06-12 19:09:00,32.7
2025-06-12 23:35:00,63.6
2025-06-12 04:03:00,49.935598591549294
2025-06-12 15:36:00,24.9
2025-06-12 01:41:00,33.6
2025-06-12 17:55:00,85.0
2025-06-12 04:50:00,41.1
2025-06-12 01:03:00,66.8
2025-06-12 12:23:00,16.8
2025-06-12 01:04:00,85.2
2025-06-12 21:53:00,82.5
2025-06-12 14:18:00,19.9
2025-06-12 09:34:00,49.935598591549294
2025-06-12 23:09:00,88.9
2025-06-12 03:39:00,26.9
2025-06-12 19:30:00,50.0
2025-06-12 06:09:00,31.4
2025-06-12 13:20:00,32.2
2025-06-12 07:27:00,82.7
2025-06-12 06:39:00,51.9
2025-06-12 17:06:00,49.935598591549294
2025-06-12 19:37:00,49.935598591549294
2025-06-12 16:35:00,88.9
2025-06-12 22:25:00,75.3
2025-06-12 08:49:00,24.5
2025-06-12 01:27:00,82.6
2025-06-12 12:00:00,63.8
2025-06-12 15:09:00,93.0
2025-06-12 22:13:00,53.4
2025-06-12 23:07:00,1.9
2025-06-12 20:12:00,34.4
2025-06-12 10:18:00,99.0
2025-06-12 18:51:00,52.9
2025-06-12 23:17:00,5.1
2025-06-12 21:57:00,60.2
2025-06-12 07:00:00,49.935598591549294
2025-06-12 10:23:00,81.0
2025-06-12 20:31:00,67.3
2025-06-12 09:43:00,91.1
2025-06-12 14:39:00,66.1
2025-06-12 02:44:00,49.8
2025-06-12 13:54:00,10.1
2025-06-12 11:00:00,49.935598591549294
2025-06-12 12:52:00,21.3
2025-06-12 00:43:00,75.0
2025-06-12 11:00:00,96.6
2025-06-12 12:31:00,49.935598591549294
2025-06-12 09:46:00,49.935598591549294
2025-06-12 06:12:00,42.5
2025-06-12 00:06:00,71.8
2025-06-12 00:03:00,40.9
2025-06-12 23:58:00,21.0
2025-06-12 15:04:00,46.1
2025-06-12 23:36:00,19.3
2025-06-12 14:19:00,49.935598591549294
2025-06-12 05:42:00,85.1
2025-06-12 17:32:00,46.7
2025-06-12 21:48:00,49.935598591549294
2025-06-12 21:37:00,47.3
2025-06-12 09:48:00,65.8
2025-06-12 08:21:00,63.8
2025-06-12 10:06:00,49.935598591549294
2025-06-12 02:07:00,39.5
2025-06-12 09:38:00,99.7
2025-06-12 15:56:00,49.935598591549294
2025-06-12 18:50:00,64.8
2025-06-12 03:44:00,56.7
2025-06-12 01:42:00,64.7
2025-06-12 20:52:00,30.2
2025-06-12 21:13:00,2.5
2025-06-12 07:14:00,99.8
2025-06-12 05:50:00,30.2
2025-06-12 09:45:00,25.2
2025-06-12 09:19:00,85.4
2025-06-12 18:23:00,20.8
2025-06-12 22:42:00,12.3
2025-06-12 09:15:00,73.0
2025-06-12 20:01:00,20.3
2025-06-12 07:22:00,94.5
2025-06-12 10:49:00,49.3
2025-06-12 02:14:00,19.5
2025-06-12 11:04:00,25.1
2025-06-12 13:55:00,4.0
2025-06-12 14:39:00,97.0
2025-06-12 11:33:00,78.7
2025-06-12 14:06:00,49.935598591549294
2025-06-12 06:50:00,49.935598591549294
2025-06-12 08:56:00,45.0
2025-06-12 04:43:00,68.2
2025-06-12 00:04:00,95.6
2025-06-12 11:59:00,76.9
2025-06-12 03:33:00,0.6
2025-06-12 05:43:00,38.1
2025-06-12 07:24:00,49.935598591549294
2025-06-12 14:35:00,49.935598591549294
2025-06-12 06:52:00,59.1
2025-06-12 10:17:00,82.4
2025-06-12 01:52:00,19.6
2025-06-12 00:51:00,49.935598591549294
2025-06-12 17:49:00,95.9
2025-06-12 14:15:00,92.6
2025-06-12 09:49:00,9.2
2025-06-12 23:24:00,13.1
2025-06-12 19:11:00,17.3
2025-06-12 06:06:00,86.4
2025-06-12 23:46:00,49.935598591549294
2025-06-12 19:40:00,13.6
2025-06-12 01:17:00,11.5
2025-06-12 10:21:00,98.5
2025-06-12 16:12:00,91.6
2025-06-12 11:58:00,51.1
2025-06-12 07:23:00,6.0
2025-06-12 12:33:00,49.935598591549294
2025-06-12 02:54:00,90.3
2025-06-12 16:26:00,30.9
2025-06-12 06:00:00,56.2
2025-06-12 07:47:00,78.2
2025-06-12 16:58:00,34.5
2025-06-12 01:00:00,34.2
2025-06-12 06:10:00,88.9
2025-06-12 10:28:00,76.3
2025-06-12 03:55:00,37.4
2025-06-12 04:14:00,24.9
2025-06-12 00:37:00,90.8
2025-06-12 22:54:00,49.935598591549294
2025-06-12 20:24:00,95.1
2025-06-12 21:27:00,38.8
2025-06-12 04:58:00,51.7
2025-06-12 20:13:00,18.5
2025-06-12 11:16:00,57.8
2025-06-12 21:53:00,25.2
2025-06-12 15:49:00,60.1
2025-06-12 21:49:00,22.6
2025-06-12 17:15:00,49.935598591549294
2025-06-12 14:22:00,65.6
2025-06-12 13:13:00,25.4
2025-06-12 15:17:00,49.935598591549294
2025-06-12 16:33:00,94.7
2025-06-12 13:02:00,87.2
2025-06-12 04:54:00,26.1
2025-06-12 04:00:00,7.4
2025-06-12 21:08:00,17.8
2025-06-12 20:33:00,43.9
2025-06-12 00:47:00,69.6
2025-06-12 02:48:00,69.7
2025-06-12 10:49:00,17.6
2025-06-12 01:21:00,53.7
2025-06-12 13:08:00,51.7
2025-06-12 23:25:00,90.5
2025-06-12 05:38:00,62.8
2025-06-12 17:47:00,38.0
2025-06-12 19:16:00,9.5
2025-06-12 08:40:00,81.1
2025-06-12 21:19:00,24.9
2025-06-12 06:33:00,54.3
2025-06-12 18:46:00,78.9
2025-06-12 22:17:00,96.4
2025-06-12 20:36:00,75.6
2025-06-12 00:49:00,69.1
2025-06-12 04:46:00,42.5
2025-06-12 04:01:00,38.2
2025-06-12 01:58:00,5.0
2025-06-12 19:17:00,57.4
2025-06-12 11:40:00,49.935598591549294
2025-06-12 14:57:00,6.7
2025-06-12 16:19:00,5.7
2025-06-12 21:41:00,61.9
2025-06-12 20:14:00,93.3
2025-06-12 22:46:00,21.5
2025-06-12 17:54:00,34.7
2025-06-12 07:42:00,66.1
2025-06-12 15:54:00,28.2
2025-06-12 09:13:00,65.5
2025-06-12 02:11:00,51.0
2025-06-12 15:52:00,32.0
2025-06-12 08:57:00,85.9
2025-06-12 09:20:00,67.7
2025-06-12 03:04:00,12.2
2025-06-12 10:21:00,49.740225962104276
2025-06-12 17:29:00,3.2
2025-06-12 22:22:00,70.6
2025-06-12 00:20:00,49.740225962104276
2025-06-12 00:57:00,4.4
2025-06-12 13:05:00,19.1
2025-06-12 17:50:00,96.0
2025-06-12 19:46:00,88.6
2025-06-12 13:03:00,73.9
2025-06-12 19:51:00,49.740225962104276
2025-06-12 03:13:00,47.7
2025-06-12 11:01:00,72.1
2025-06-12 15:16:00,49.740225962104276
2025-06-12 22:04:00,76.6
2025-06-12 10:12:00,86.8
2025-06-12 10:01:00,96.2
2025-06-12 12:14:00,26.7
2025-06-12 09:20:00,30.2
2025-06-12 08:51:00,49.740225962104276
2025-06-12 09:35:00,40.8
2025-06-12 00:46:00,84.7
2025-06-12 15:12:00,32.1
2025-06-12 06:17:00,13.4
2025-06-12 11:40:00,49.740225962104276
2025-06-12 03:25:00,85.9
2025-06-12 14:09:00,33.7
2025-06-12 18:27:00,32.2
2025-06-12 20:53:00,49.740225962104276
2025-06-12 16:05:00,49.740225962104276
2025-06-12 05:13:00,40.1
2025-06-12 22:44:00,59.4
2025-06-12 00:29:00,70.2
2025-06-12 06:19:00,94.6
2025-06-12 07:34:00,77.1
2025-06-12 00:07:00,96.0
2025-06-12 04:58:00,19.5
2025-06-12 03:34:00,63.4
2025-06-12 19:15:00,70.8
2025-06-12 21:58:00,49.740225962104276
2025-06-12 13:57:00,66.8
2025-06-12 08:10:00,49.740225962104276
2025-06-12 21:46:00,97.7
2025-06-12 21:51:00,51.1
2025-06-12 18:08:00,55.2
2025-06-12 05:03:00,12.3
2025-06-12 20:10:00,64.2
2025-06-12 04:17:00,62.0
2025-06-12 07:04:00,1.8
2025-06-12 00:43:00,94.1
2025-06-12 04:31:00,32.5
2025-06-12 18:08:00,19.7
2025-06-12 16:22:00,60.7
2025-06-12 19:20:00,11.9
2025-06-12 19:36:00,85.4
2025-06-12 13:11:00,21.3
2025-06-12 07:36:00,3.8
2025-06-12 09:08:00,49.740225962104276
2025-06-12 22:04:00,33.9
2025-06-12 00:42:00,62.0
2025-06-12 07:23:00,9.2
2025-06-12 01:40:00,66.5
2025-06-12 20:35:00,89.6
2025-06-12 03:39:00,41.2
2025-06-12 20:19:00,2.7
2025-06-12 09:17:00,49.740225962104276
2025-06-12 09:43:00,49.740225962104276
2025-06-12 15:47:00,89.0
2025-06-12 14:13:00,50.9
2025-06-12 06:22:00,49.740225962104276
2025-06-12 18:18:00,95.4
2025-06-12 01:41:00,12.6
2025-06-12 21:04:00,98.8
2025-06-12 09:43:00,17.1
2025-06-12 04:44:00,47.3
2025-06-12 12:06:00,49.740225962104276
2025-06-12 08:42:00,34.5
2025-06-12 03:07:00,33.7
2025-06-12 15:55:00,9.7
2025-06-12 12:58:00,49.740225962104276
2025-06-12 22:46:00,49.740225962104276
2025-06-12 15:45:00,27.0
2025-06-12 06:11:00,7.0
2025-06-12 17:04:00,61.3
2025-06-12 09:27:00,40.1
2025-06-12 13:36:00,81.2
2025-06-12 00:52:00,73.1
2025-06-12 11:35:00,87.6
2025-06-12 04:07:00,24.7
2025-06-12 11:39:00,77.5
2025-06-12 15:06:00,83.6
2025-06-12 01:32:00,44.3
2025-06-12 13:20:00,74.7
2025-06-12 17:41:00,35.9
2025-06-12 20:24:00,33.1
2025-06-12 12:13:00,75.6
2025-06-12 09:30:00,9.9
2025-06-12 16:19:00,49.740225962104276
2025-06-12 12:44:00,49.740225962104276
2025-06-12 15:07:00,2.5
2025-06-12 19:56:00,30.7
2025-06-12 09:21:00,10.1
2025-06-12 01:43:00,54.0
2025-06-12 00:33:00,9.9
2025-06-12 20:18:00,49.740225962104276
2025-06-12 21:27:00,16.8
2025-06-12 14:43:00,49.740225962104276
2025-06-12 11:25:00,3.7
2025-06-12 11:13:00,79.6
2025-06-12 05:55:00,79.7
2025-06-12 09:01:00,97.9
2025-06-12 11:15:00,90.7
2025-06-12 13:43:00,37.9
2025-06-12 13:27:00,49.740225962104276
2025-06-12 17:02:00,48.9
2025-06-12 19:39:00,21.8
2025-06-12 06:38:00,40.4
2025-06-12 02:23:00,49.740225962104276
2025-06-12 22:48:00,97.5
2025-06-12 00:32:00,51.5
2025-06-12 07:56:00,55.8
2025-06-12 15:59:00,87.6
2025-06-12 22:30:00,33.4
2025-06-12 04:44:00,18.7
2025-06-12 08:40:00,61.2
2025-06-12 10:25:00,45.5
2025-06-12 05:55:00,94.0
2025-06-12 14:00:00,65.6
2025-06-12 03:31:00,78.7
2025-06-12 11:42:00,2.0
2025-06-12 01:38:00,84.5
2025-06-12 16:27:00,37.2
2025-06-12 13:10:00,89.4
2025-06-12 02:59:00,92.3
2025-06-12 19:16:00,43.4
2025-06-12 05:05:00,59.2
2025-06-12 10:43:00,49.740225962104276
2025-06-12 23:58:00,7.7
2025-06-12 09:55:00,76.0
2025-06-12 13:56:00,25.6
2025-06-12 22:10:00,93.7
2025-06-12 04:49:00,93.9
2025-06-12 02:35:00,49.740225962104276
2025-06-12 07:04:00,38.4
2025-06-12 11:12:00,100.0
2025-06-12 11:12:00,82.3
2025-06-12 23:39:00,15.3
2025-06-12 21:19:00,49.740225962104276
2025-06-12 21:54:00,52.8
2025-06-12 18:42:00,15.4
2025-06-12 14:04:00,49.740225962104276
2025-06-12 07:08:00,70.9
2025-06-12 20:07:00,98.7
2025-06-12 18:03:00,49.740225962104276
2025-06-12 23:15:00,41.5
2025-06-12 03:39:00,59.6
2025-06-12 03:41:00,14.5
2025-06-12 16:55:00,41.4
2025-06-12 06:06:00,96.6
2025-06-12 12:32:00,33.8
2025-06-12 19:18:00,49.740225962104276
2025-06-12 10:07:00,85.5
2025-06-12 08:57:00,20.6
2025-06-12 20:07:00,10.3
2025-06-12 20:43:00,15.6
2025-06-12 06:14:00,21.7
2025-06-12 00:14:00,9.7
2025-06-12 17:44:00,32.7
2025-06-12 02:19:00,98.2
2025-06-12 00:01:00,49.740225962104276
2025-06-12 03:56:00,64.8
2025-06-12 23:18:00,34.7
2025-06-12 04:41:00,5.2
2025-06-12 15:06:00,63.4
2025-06-12 15:50:00,84.5
2025-06-12 22:19:00,59.3
2025-06-12 16:35:00,26.8
2025-06-12 03:42:00,5.0
2025-06-12 04:01:00,34.4
2025-06-12 05:43:00,22.8
2025-06-12 15:41:00,13.2
2025-06-12 18:53:00,7.7
2025-06-12 08:14:00,82.0
2025-06-12 14:07:00,79.8
2025-06-12 06:05:00,17.8
2025-06-12 18:03:00,99.8
2025-06-12 15:24:00,26.5
2025-06-12 04:18:00,80.5
2025-06-12 23:51:00,9.5
2025-06-12 14:42:00,49.740225962104276
2025-06-12 15:19:00,49.740225962104276
2025-06-12 03:21:00,25.7
2025-06-12 03:56:00,49.740225962104276
2025-06-12 03:11:00,29.8
2025-06-12 20:37:00,11.0
2025-06-12 06:47:00,42.8
2025-06-12 05:41:00,73.4
2025-06-12 18:35:00,51.7
2025-06-12 21:18:00,3.5
2025-06-12 07:15:00,85.4
2025-06-12 22:49:00,88.2
2025-06-12 08:18:00,49.740225962104276
2025-06-12 07:15:00,47.8
2025-06-12 08:54:00,5.7
2025-06-12 11:08:00,49.740225962104276
2025-06-12 15:07:00,49.740225962104276
2025-06-12 06:21:00,49.740225962104276
2025-06-12 04:37:00,16.3
2025-06-12 09:08:00,70.5
2025-06-12 17:37:00,5.1
2025-06-12 04:20:00,58.3
2025-06-12 10:46:00,36.3
2025-06-12 08:41:00,7.7
2025-06-12 09:04:00,49.740225962104276
2025-06-12 19:41:00,40.9
2025-06-12 07:04:00,25.6
2025-06-12 00:20:00,60.4
2025-06-12 01:48:00,38.9
2025-06-12 00:38:00,49.740225962104276
2025-06-12 23:38:00,65.0
2025-06-12 23:37:00,6.6
2025-06-12 15:18:00,89.8
2025-06-12 07:07:00,95.8
2025-06-12 03:46:00,37.3
2025-06-12 04:44:00,49.740225962104276
2025-06-12 03:25:00,91.5
2025-06-12 06:18:00,49.740225962104276
2025-06-12 18:07:00,38.4
2025-06-12 13:55:00,49.740225962104276
2025-06-12 20:08:00,96.8
2025-06-12 13:36:00,30.8
2025-06-12 09:41:00,64.2
2025-06-12 01:43:00,10.3
2025-06-12 08:26:00,49.740225962104276
2025-06-12 03:40:00,36.5
2025-06-12 08:11:00,76.5
2025-06-12 05:41:00,50.8
2025-06-12 12:51:00,84.6
2025-06-12 23:19:00,62.8
2025-06-12 11:06:00,67.2
2025-06-12 01:28:00,71.4
2025-06-12 03:31:00,84.2
2025-06-12 09:28:00,7.0
2025-06-12 18:19:00,5.5
2025-06-12 14:06:00,26.7
2025-06-12 09:01:00,47.7
2025-06-12 10:59:00,33.9
2025-06-12 13:27:00,49.4
2025-06-12 19:00:00,87.2
2025-06-12 06:59:00,8.4
2025-06-12 07:21:00,93.8
2025-06-12 18:09:00,63.9
2025-06-12 21:45:00,52.2
2025-06-12 22:46:00,5.2
2025-06-12 03:19:00,65.6
2025-06-12 07:46:00,34.0
2025-06-12 09:42:00,22.2
2025-06-12 04:05:00,14.2
2025-06-12 04:12:00,84.1
2025-06-12 14:12:00,49.740225962104276
2025-06-12 04:20:00,79.9
2025-06-12 12:08:00,49.740225962104276
2025-06-12 11:15:00,74.1
2025-06-12 08:13:00,8.1
2025-06-12 02:09:00,78.1
2025-06-12 04:01:00,3.4
2025-06-12 05:40:00,87.5
2025-06-12 19:16:00,65.9
2025-06-12 11:13:00,30.9
2025-06-12 04:06:00,14.5
2025-06-12 12:27:00,91.0
2025-06-12 14:31:00,53.1
2025-06-12 22:01:00,49.740225962104276
2025-06-12 17:42:00,87.0
2025-06-12 04:56:00,16.6
2025-06-12 12:32:00,56.5
2025-06-12 16:21:00,23.9
2025-06-12 23:53:00,23.7
2025-06-12 02:00:00,14.2
2025-06-12 07:09:00,87.5
2025-06-12 08:47:00,73.1
2025-06-12 05:12:00,50.3
2025-06-12 21:55:00,0.1
2025-06-12 08:58:00,49.740225962104276
2025-06-12 17:36:00,10.9
2025-06-12 23:29:00,49.740225962104276
2025-06-12 19:27:00,16.3
2025-06-12 23:55:00,73.7
2025-06-12 12:24:00,18.0
2025-06-12 09:39:00,76.0
2025-06-12 06:14:00,75.7
2025-06-12 17:02:00,48.9
2025-06-12 19:49:00,25.0
2025-06-12 09:35:00,73.4
2025-06-12 00:12:00,28.9
2025-06-12 15:03:00,1.8
2025-06-12 19:12:00,27.8
2025-06-12 00:47:00,89.5
2025-06-12 14:11:00,86.3
2025-06-12 02:10:00,52.6
2025-06-12 21:47:00,75.2
2025-06-12 03:50:00,14.2
2025-06-12 03:08:00,4.7
2025-06-12 10:42:00,50.9
2025-06-12 19:20:00,65.0
2025-06-12 20:41:00,38.1
2025-06-12 13:51:00,19.6
2025-06-12 06:50:00,62.3
2025-06-12 07:41:00,76.2
2025-06-12 00:11:00,11.6
2025-06-12 04:48:00,29.2
2025-06-12 03:54:00,21.6
2025-06-12 20:55:00,94.1
2025-06-12 20:35:00,58.2
2025-06-12 20:53:00,84.5
2025-06-12 13:47:00,39.2
2025-06-12 15:38:00,67.4
2025-06-12 07:02:00,45.3
2025-06-12 07:57:00,49.740225962104276
2025-06-12 08:42:00,74.1
2025-06-12 03:40:00,39.8
2025-06-12 16:49:00,49.740225962104276
2025-06-12 23:24:00,20.7
2025-06-12 03:52:00,77.7
2025-06-12 04:14:00,59.7
2025-06-12 15:22:00,50.18838223164841
2025-06-12 13:59:00,71.6
2025-06-12 15:08:00,37.8
2025-06-12 12:32:00,1.9
2025-06-12 15:02:00,2.5
2025-06-12 20:43:00,51.0
2025-06-12 23:19:00,93.2
2025-06-12 06:54:00,50.18838223164841
2025-06-12 20:10:00,75.5
2025-06-12 12:18:00,98.5
2025-06-12 09:23:00,39.4
2025-06-12 03:59:00,50.18838223164841
2025-06-12 20:16:00,50.18838223164841
2025-06-12 06:00:00,89.1
2025-06-12 00:35:00,79.2
2025-06-12 17:36:00,51.3
2025-06-12 21:51:00,32.4
2025-06-12 03:33:00,65.7
2025-06-12 12:01:00,21.0
2025-06-12 04:07:00,66.3
2025-06-12 18:13:00,80.4
2025-06-12 06:12:00,26.9
2025-06-12 03:52:00,70.8
2025-06-12 20:04:00,10.1
2025-06-12 18:23:00,58.9
2025-06-12 23:34:00,3.5
2025-06-12 09:16:00,70.7
2025-06-12 07:07:00,83.7
2025-06-12 11:16:00,30.8
2025-06-12 15:00:00,27.0
2025-06-12 09:53:00,50.18838223164841
2025-06-12 17:57:00,70.4
2025-06-12 13:00:00,99.9
2025-06-12 08:20:00,93.9
2025-06-12 19:11:00,14.5
2025-06-12 17:30:00,82.9
2025-06-12 23:59:00,72.1
2025-06-12 03:20:00,50.6
2025-06-12 03:33:00,0.5
2025-06-12 16:29:00,69.6
2025-06-12 08:22:00,50.18838223164841
2025-06-12 01:33:00,50.18838223164841
2025-06-12 15:57:00,48.6
2025-06-12 20:28:00,50.18838223164841
2025-06-12 22:38:00,79.7
2025-06-12 15:29:00,57.9
2025-06-12 13:59:00,50.0
2025-06-12 16:28:00,50.18838223164841
2025-06-12 13:27:00,81.3
2025-06-12 21:16:00,50.18838223164841
2025-06-12 13:37:00,83.8
2025-06-12 05:09:00,69.8
2025-06-12 13:45:00,50.18838223164841
2025-06-12 16:30:00,45.3
2025-06-12 20:15:00,63.7
2025-06-12 17:02:00,50.18838223164841
2025-06-12 03:50:00,72.4
2025-06-12 04:01:00,35.5
2025-06-12 18:27:00,13.2
2025-06-12 11:14:00,2.1
2025-06-12 08:07:00,69.3
2025-06-12 16:51:00,14.3
2025-06-12 11:04:00,58.8
2025-06-12 12:51:00,61.0
2025-06-12 11:27:00,11.0
2025-06-12 03:09:00,39.3
2025-06-12 20:55:00,50.18838223164841
2025-06-12 11:03:00,31.7
2025-06-12 21:16:00,20.9
2025-06-12 21:38:00,66.7
2025-06-12 18:27:00,62.2
2025-06-12 02:34:00,91.9
2025-06-12 02:19:00,19.7
2025-06-12 21:48:00,8.2
2025-06-12 12:07:00,50.18838223164841
2025-06-12 14:34:00,15.0
2025-06-12 21:44:00,5.8
2025-06-12 11:48:00,87.6
2025-06-12 10:24:00,42.7
2025-06-12 22:57:00,92.7
2025-06-12 10:07:00,23.4
2025-06-12 03:23:00,50.18838223164841
2025-06-12 16:52:00,22.3
2025-06-12 06:54:00,74.0
2025-06-12 17:19:00,50.18838223164841
2025-06-12 16:41:00,56.3
2025-06-12 15:58:00,87.6
2025-06-12 12:52:00,83.6
2025-06-12 03:28:00,93.3
2025-06-12 15:38:00,97.8
2025-06-12 17:24:00,50.4
2025-06-12 20:09:00,61.7
2025-06-12 09:17:00,59.6
2025-06-12 18:58:00,20.6
2025-06-12 01:06:00,32.7
2025-06-12 21:09:00,91.4
2025-06-12 19:51:00,18.9
2025-06-12 22:52:00,71.0
2025-06-12 08:19:00,76.2
2025-06-12 15:55:00,25.5
2025-06-12 11:10:00,94.2
2025-06-12 02:42:00,42.8
2025-06-12 17:30:00,76.7
2025-06-12 06:05:00,75.5
2025-06-12 07:06:00,99.9
2025-06-12 12:58:00,50.18838223164841
2025-06-12 02:17:00,83.7
2025-06-12 17:03:00,76.3
2025-06-12 17:27:00,1.8
2025-06-12 08:31:00,18.2
2025-06-12 08:28:00,2.1
2025-06-12 06:53:00,50.18838223164841
2025-06-12 20:11:00,21.7
2025-06-12 08:39:00,98.3
2025-06-12 13:51:00,18.5
2025-06-12 15:58:00,44.7
2025-06-12 02:14:00,89.4
2025-06-12 09:46:00,40.2
2025-06-12 12:09:00,39.1
2025-06-12 04:38:00,2.5
2025-06-12 04:13:00,5.2
2025-06-12 01:16:00,29.7
2025-06-12 10:42:00,7.8
2025-06-12 21:32:00,74.6
2025-06-12 00:01:00,65.4
2025-06-12 15:14:00,72.0
2025-06-12 22:42:00,52.5
2025-06-12 10:24:00,0.9
2025-06-12 02:22:00,81.9
2025-06-12 16:23:00,58.7
2025-06-12 16:15:00,50.18838223164841
2025-06-12 15:21:00,50.18838223164841
2025-06-12 15:10:00,50.18838223164841
2025-06-12 09:45:00,50.18838223164841
2025-06-12 12:48:00,21.0
2025-06-12 19:31:00,25.5
2025-06-12 19:33:00,58.9
2025-06-12 18:25:00,32.8
2025-06-12 23:54:00,75.8
2025-06-12 14:12:00,7.8
2025-06-12 17:31:00,50.18838223164841
2025-06-12 19:35:00,77.0
2025-06-12 00:36:00,22.6
2025-06-12 05:50:00,45.6
2025-06-12 18:51:00,3.0
2025-06-12 07:55:00,40.7
2025-06-12 17:11:00,8.9
2025-06-12 04:45:00,88.7
2025-06-12 02:28:00,73.2
2025-06-12 14:01:00,15.8
2025-06-12 22:44:00,93.3
2025-06-12 05:56:00,92.9
2025-06-12 01:02:00,59.3
2025-06-12 17:40:00,78.6
2025-06-12 17:20:00,2.4
2025-06-12 20:41:00,47.4
2025-06-12 00:42:00,50.18838223164841
2025-06-12 08:37:00,24.7
2025-06-12 15:08:00,26.2
2025-06-12 06:44:00,33.8
2025-06-12 11:59:00,56.0
2025-06-12 17:52:00,44.1
2025-06-12 17:28:00,88.8
2025-06-12 13:20:00,5.3
2025-06-12 07:39:00,24.1
2025-06-12 11:27:00,22.2
2025-06-12 08:45:00,31.2
2025-06-12 13:31:00,44.6
2025-06-12 15:58:00,3.7
2025-06-12 19:37:00,73.8
2025-06-12 08:53:00,33.4
2025-06-12 02:45:00,82.6
2025-06-12 21:43:00,24.7
2025-06-12 01:27:00,70.9
2025-06-12 03:36:00,55.8
2025-06-12 06:13:00,50.18838223164841
2025-06-12 18:51:00,81.2
2025-06-12 05:04:00,72.9
2025-06-12 07:21:00,11.6
2025-06-12 02:43:00,10.6
2025-06-12 12:44:00,98.0
2025-06-12 06:31:00,69.1
2025-06-12 08:41:00,94.2
2025-06-12 18:04:00,36.4
2025-06-12 11:48:00,40.1
2025-06-12 03:28:00,92.6
2025-06-12 00:14:00,47.6
2025-06-12 18:51:00,50.18838223164841
2025-06-12 20:40:00,12.6
2025-06-12 18:23:00,63.2
2025-06-12 14:41:00,47.8
2025-06-12 21:59:00,50.18838223164841
2025-06-12 19:25:00,2.0
2025-06-12 03:32:00,87.6
2025-06-12 01:47:00,31.6
2025-06-12 03:41:00,83.9
2025-06-12 13:08:00,22.9
2025-06-12 01:02:00,50.18838223164841
2025-06-12 19:21:00,60.8
2025-06-12 02:04:00,68.2
2025-06-12 07:33:00,16.5
2025-06-12 05:23:00,51.3
2025-06-12 04:04:00,75.3
2025-06-12 12:25:00,10.2
2025-06-12 20:24:00,50.18838223164841
2025-06-12 12:39:00,5.9
2025-06-12 15:38:00,92.2
2025-06-12 17:20:00,19.2
2025-06-12 22:18:00,50.18838223164841
2025-06-12 06:32:00,50.18838223164841
2025-06-12 12:00:00,21.7
2025-06-12 10:22:00,67.7
2025-06-12 11:57:00,89.4
2025-06-12 03:24:00,2.1
2025-06-12 06:53:00,50.18838223164841
2025-06-12 08:31:00,2.4
2025-06-12 13:21:00,23.7
2025-06-12 23:11:00,53.0
2025-06-12 20:41:00,62.1
2025-06-12 19:33:00,58.7
2025-06-12 08:55:00,76.3
2025-06-12 14:04:00,12.3
2025-06-12 08:25:00,7.3
2025-06-12 10:34:00,50.18838223164841
2025-06-12 11:44:00,32.4
2025-06-12 21:00:00,60.9
2025-06-12 07:07:00,50.18838223164841
2025-06-12 12:44:00,96.8
2025-06-12 22:08:00,73.3
2025-06-12 08:37:00,82.4
2025-06-12 21:59:00,19.4
2025-06-12 01:40:00,50.18838223164841
2025-06-12 15:18:00,83.5
2025-06-12 02:55:00,50.18838223164841
2025-06-12 14:52:00,50.18838223164841
2025-06-12 02:53:00,50.18838223164841
2025-06-12 07:50:00,41.8
2025-06-12 20:31:00,71.7
2025-06-12 01:22:00,50.18838223164841
2025-06-12 18:09:00,79.7
2025-06-12 00:08:00,35.0
2025-06-12 05:28:00,50.18838223164841
2025-06-12 16:28:00,15.7
2025-06-12 10:03:00,50.18838223164841
2025-06-12 19:38:00,58.8
2025-06-12 14:56:00,80.8
2025-06-12 15:03:00,11.4
2025-06-12 13:37:00,50.18838223164841
2025-06-12 18:01:00,50.18838223164841
2025-06-12 01:27:00,11.1
2025-06-12 12:27:00,50.18838223164841
2025-06-12 05:28:00,77.0
2025-06-12 12:10:00,35.7
2025-06-12 09:20:00,50.18838223164841
2025-06-12 04:10:00,93.1
2025-06-12 22:14:00,11.1
2025-06-12 22:21:00,43.1
2025-06-12 01:23:00,34.7
2025-06-12 08:36:00,77.8
2025-06-12 10:57:00,51.9
2025-06-12 17:02:00,79.9
2025-06-12 05:46:00,50.18838223164841
2025-06-12 00:32:00,79.8
2025-06-12 04:40:00,27.1
2025-06-12 17:06:00,69.3
2025-06-12 07:49:00,50.18838223164841
2025-06-12 20:54:00,65.1
2025-06-12 13:27:00,91.8
2025-06-12 20:46:00,85.8
2025-06-12 20:44:00,50.18838223164841
2025-06-12 20:02:00,6.4
2025-06-12 16:59:00,47.2
2025-06-12 05:41:00,76.4
2025-06-12 20:12:00,90.0
2025-06-12 17:04:00,75.8
2025-06-12 09:13:00,43.9
2025-06-12 16:06:00,73.6
2025-06-12 12:13:00,27.8
2025-06-12 13:47:00,27.1
2025-06-12 22:53:00,53.2
2025-06-12 10:56:00,28.1
2025-06-12 12:43:00,66.9
2025-06-12 21:08:00,78.0
2025-06-12 04:00:00,50.18838223164841
2025-06-12 16:07:00,50.18838223164841
2025-06-12 04:23:00,62.0
2025-06-12 15:59:00,54.8
2025-06-12 07:05:00,77.2
2025-06-12 07:05:00,92.2
2025-06-12 13:11:00,18.8
2025-06-12 03:13:00,41.8
2025-06-12 06:31:00,28.2
2025-06-12 14:21:00,92.3
2025-06-12 13:32:00,8.2
2025-06-12 21:23:00,88.0
2025-06-12 22:18:00,83.3
2025-06-12 08:43:00,50.18838223164841
2025-06-12 13:06:00,76.3
2025-06-12 08:26:00,50.18838223164841
2025-06-12 11:07:00,29.4
2025-06-12 23:06:00,85.4
2025-06-12 00:33:00,66.8
2025-06-12 07:02:00,50.18838223164841
2025-06-12 18:28:00,37.1
2025-06-12 00:40:00,8.7
2025-06-12 13:05:00,45.7
2025-06-12 08:17:00,97.0
2025-06-12 23:41:00,53.9
2025-06-12 03:45:00,65.9
2025-06-12 15:34:00,31.6
2025-06-12 10:39:00,79.6
2025-06-12 18:30:00,23.7
2025-06-12 12:45:00,99.2
2025-06-12 00:49:00,14.6
2025-06-12 01:26:00,63.5
2025-06-12 20:13:00,41.5
2025-06-12 08:32:00,91.5
2025-06-12 19:11:00,5.5
2025-06-12 23:13:00,99.8
2025-06-12 05:39:00,50.18838223164841
2025-06-12 11:04:00,22.6
2025-06-12 16:18:00,85.7
2025-06-12 12:31:00,19.7
2025-06-12 01:02:00,26.7
2025-06-12 04:12:00,89.7
2025-06-12 09:48:00,34.3
2025-06-12 15:41:00,63.0
2025-06-12 12:45:00,93.6
2025-06-12 09:24:00,34.2
2025-06-12 21:51:00,31.4
2025-06-12 06:36:00,19.9
2025-06-12 17:00:00,49.927249175694776
2025-06-12 19:05:00,92.3
2025-06-12 22:27:00,49.927249175694776
2025-06-12 18:35:00,13.2
2025-06-12 13:08:00,72.3
2025-06-12 20:29:00,96.4
2025-06-12 12:31:00,90.6
2025-06-12 11:09:00,93.6
2025-06-12 22:58:00,54.2
2025-06-12 12:23:00,51.4
2025-06-12 23:52:00,20.7
2025-06-12 11:04:00,68.2
2025-06-12 20:17:00,52.0
2025-06-12 09:04:00,55.3
2025-06-12 15:36:00,51.4
2025-06-12 06:58:00,89.1
2025-06-12 16:01:00,93.7
2025-06-12 16:19:00,23.9
2025-06-12 02:42:00,68.4
2025-06-12 18:30:00,76.9
2025-06-12 08:37:00,51.7
2025-06-12 21:54:00,80.3
2025-06-12 11:01:00,49.927249175694776
2025-06-12 06:06:00,96.8
2025-06-12 23:25:00,28.1
2025-06-12 18:09:00,93.3
2025-06-12 12:19:00,82.3
2025-06-12 02:51:00,8.0
2025-06-12 04:47:00,49.927249175694776
2025-06-12 06:50:00,54.3
2025-06-12 03:32:00,22.1
2025-06-12 07:46:00,23.0
2025-06-12 01:36:00,16.5
2025-06-12 15:53:00,26.7
2025-06-12 13:49:00,49.927249175694776
2025-06-12 23:43:00,35.6
2025-06-12 19:44:00,64.5
2025-06-12 23:33:00,86.5
2025-06-12 22:21:00,49.927249175694776
2025-06-12 02:09:00,49.927249175694776
2025-06-12 12:05:00,64.0
2025-06-12 18:49:00,99.8
2025-06-12 17:05:00,40.8
2025-06-12 18:16:00,95.4
2025-06-12 12:47:00,49.927249175694776
2025-06-12 16:47:00,49.4
2025-06-12 20:48:00,44.4
2025-06-12 20:21:00,13.7
2025-06-12 18:43:00,80.2
2025-06-12 19:27:00,78.7
2025-06-12 02:17:00,71.3
2025-06-12 14:29:00,8.3
2025-06-12 17:57:00,92.7
2025-06-12 03:15:00,7.8
2025-06-12 22:48:00,49.927249175694776
2025-06-12 19:51:00,8.2
2025-06-12 09:58:00,34.9
2025-06-12 01:18:00,44.5
2025-06-12 18:06:00,7.7
2025-06-12 14:35:00,49.927249175694776
2025-06-12 09:20:00,12.6
2025-06-12 06:07:00,92.0
2025-06-12 10:12:00,93.5
2025-06-12 23:03:00,81.9
2025-06-12 16:12:00,23.2
2025-06-12 00:14:00,90.9
2025-06-12 18:41:00,49.927249175694776
2025-06-12 03:04:00,79.6
2025-06-12 15:43:00,35.9
2025-06-12 06:09:00,22.7
2025-06-12 11:06:00,47.1
2025-06-12 00:04:00,31.7
2025-06-12 01:42:00,41.3
2025-06-12 20:06:00,39.7
2025-06-12 04:12:00,49.927249175694776
2025-06-12 04:21:00,94.6
2025-06-12 15:32:00,6.7
2025-06-12 05:58:00,40.1
2025-06-12 16:16:00,20.6
2025-06-12 15:40:00,94.0
2025-06-12 04:18:00,41.2
2025-06-12 07:06:00,90.3
2025-06-12 17:37:00,77.5
2025-06-12 01:49:00,66.5
2025-06-12 12:11:00,59.4
2025-06-12 21:17:00,50.4
2025-06-12 11:53:00,66.4
2025-06-12 02:38:00,81.7
2025-06-12 00:26:00,80.8
2025-06-12 02:30:00,49.927249175694776
2025-06-12 03:08:00,49.927249175694776
2025-06-12 07:47:00,43.2
2025-06-12 22:16:00,18.9
2025-06-12 15:27:00,48.8
2025-06-12 07:20:00,97.3
2025-06-12 01:03:00,2.7
2025-06-12 03:17:00,98.5
2025-06-12 21:09:00,27.2
2025-06-12 18:30:00,60.5
2025-06-12 16:06:00,3.6
2025-06-12 07:08:00,35.0
2025-06-12 08:38:00,67.4
2025-06-12 07:12:00,82.1
2025-06-12 17:42:00,41.9
2025-06-12 14:06:00,49.927249175694776
2025-06-12 03:54:00,34.6
2025-06-12 07:06:00,69.3
2025-06-12 16:17:00,82.4
2025-06-12 04:29:00,47.6
2025-06-12 07:47:00,20.2
2025-06-12 17:51:00,0.3
2025-06-12 16:07:00,49.927249175694776
2025-06-12 17:19:00,72.2
2025-06-12 17:00:00,31.7
2025-06-12 06:26:00,40.7
2025-06-12 20:33:00,8.0
2025-06-12 17:19:00,4.9
2025-06-12 03:47:00,32.7
2025-06-12 16:47:00,4.5
2025-06-12 14:54:00,61.0
2025-06-12 16:40:00,49.927249175694776
2025-06-12 11:07:00,78.5
2025-06-12 23:40:00,29.0
2025-06-12 21:49:00,77.5
2025-06-12 01:44:00,38.6
2025-06-12 11:00:00,95.5
2025-06-12 16:02:00,11.0
2025-06-12 09:48:00,49.927249175694776
2025-06-12 13:55:00,43.6
2025-06-12 11:55:00,89.7
2025-06-12 12:52:00,49.927249175694776
2025-06-12 14:06:00,76.2
2025-06-12 22:41:00,93.3
2025-06-12 10:10:00,46.0
2025-06-12 08:25:00,49.927249175694776
2025-06-12 22:35:00,45.0
2025-06-12 10:34:00,85.7
2025-06-12 02:41:00,78.4
2025-06-12 02:57:00,92.0
2025-06-12 13:08:00,49.927249175694776
2025-06-12 20:04:00,82.7
2025-06-12 11:45:00,55.9
2025-06-12 06:02:00,61.5
2025-06-12 22:01:00,49.927249175694776
2025-06-12 23:40:00,41.0
2025-06-12 20:13:00,60.0
2025-06-12 22:15:00,64.6
2025-06-12 00:09:00,17.6
2025-06-12 16:19:00,7.3
2025-06-12 01:42:00,67.6
2025-06-12 20:39:00,39.5
2025-06-12 02:29:00,53.6
2025-06-12 00:01:00,49.927249175694776
2025-06-12 15:14:00,88.0
2025-06-12 15:00:00,36.2
2025-06-12 20:11:00,98.3
2025-06-12 08:14:00,9.6
2025-06-12 08:20:00,54.6
2025-06-12 12:19:00,49.927249175694776
2025-06-12 18:47:00,37.4
2025-06-12 09:03:00,96.0
2025-06-12 02:13:00,49.927249175694776
2025-06-12 03:29:00,8.0
2025-06-12 07:31:00,36.3
2025-06-12 02:33:00,49.927249175694776
2025-06-12 07:14:00,33.9
2025-06-12 02:24:00,73.2
2025-06-12 10:08:00,62.7
2025-06-12 15:02:00,97.6
2025-06-12 13:58:00,74.0
2025-06-12 16:27:00,73.7
2025-06-12 03:02:00,1.5
2025-06-12 10:21:00,25.4
2025-06-12 22:44:00,43.5
2025-06-12 22:38:00,25.3
2025-06-12 00:37:00,78.4
2025-06-12 17:23:00,45.6
2025-06-12 13:45:00,2.2
2025-06-12 07:32:00,58.0
2025-06-12 03:15:00,0.7
2025-06-12 20:07:00,28.2
2025-06-12 01:13:00,16.8
2025-06-12 11:45:00,49.927249175694776
2025-06-12 12:34:00,89.3
2025-06-12 03:45:00,49.927249175694776
2025-06-12 15:13:00,49.927249175694776
2025-06-12 20:40:00,6.4
2025-06-12 02:50:00,32.2
2025-06-12 04:55:00,53.9
2025-06-12 06:44:00,16.9
2025-06-12 14:53:00,58.3
2025-06-12 15:44:00,49.927249175694776
2025-06-12 10:12:00,38.3
2025-06-12 06:15:00,6.6
2025-06-12 01:34:00,40.8
2025-06-12 23:22:00,49.927249175694776
2025-06-12 18:30:00,49.927249175694776
2025-06-12 07:12:00,70.3
2025-06-12 17:10:00,25.7
2025-06-12 00:37:00,10.0
2025-06-12 12:42:00,75.8
2025-06-12 11:34:00,97.0
2025-06-12 06:22:00,46.5
2025-06-12 09:33:00,45.9
2025-06-12 09:34:00,48.5
2025-06-12 08:30:00,44.2
2025-06-12 09:30:00,10.0
2025-06-12 05:48:00,37.4
2025-06-12 00:09:00,9.2
2025-06-12 14:47:00,42.6
2025-06-12 22:10:00,19.7
2025-06-12 17:18:00,84.9
2025-06-12 09:40:00,23.8
2025-06-12 00:32:00,15.1
2025-06-12 23:20:00,66.3
2025-06-12 12:43:00,11.8
2025-06-12 17:19:00,30.0
2025-06-12 11:47:00,33.1
2025-06-12 19:34:00,22.4
2025-06-12 02:17:00,72.3
2025-06-12 21:52:00,49.927249175694776
2025-06-12 10:33:00,18.7
2025-06-12 15:32:00,22.6
2025-06-12 05:34:00,25.6
2025-06-12 11:59:00,3.0
2025-06-12 15:24:00,88.3
2025-06-12 10:07:00,49.8
2025-06-12 06:43:00,12.1
2025-06-12 00:49:00,19.2
2025-06-12 02:00:00,37.0
2025-06-12 09:55:00,20.8
2025-06-12 20:47:00,67.1
2025-06-12 02:55:00,98.5
2025-06-12 10:01:00,73.5
2025-06-12 03:23:00,8.3
2025-06-12 20:13:00,33.6
2025-06-12 01:54:00,60.7
2025-06-12 17:40:00,32.9
2025-06-12 20:26:00,4.7
2025-06-12 05:17:00,24.6
2025-06-12 06:53:00,94.8
2025-06-12 11:57:00,94.8
2025-06-12 15:38:00,7.9
2025-06-12 08:52:00,81.7
2025-06-12 06:55:00,49.927249175694776
2025-06-12 16:59:00,41.1
2025-06-12 16:44:00,17.9
2025-06-12 00:00:00,0.1
2025-06-12 06:41:00,86.0
2025-06-12 02:26:00,66.2
2025-06-12 09:40:00,49.927249175694776
2025-06-12 00:01:00,87.7
2025-06-12 05:33:00,73.1
2025-06-12 10:04:00,33.6
2025-06-12 02:29:00,47.4
2025-06-12 23:19:00,47.0
2025-06-12 08:18:00,52.3
2025-06-12 11:35:00,97.1
2025-06-12 22:50:00,4.0
2025-06-12 14:24:00,2.7
2025-06-12 13:40:00,70.5
2025-06-12 23:11:00,31.8
2025-06-12 07:47:00,91.0
2025-06-12 05:57:00,63.6
2025-06-12 15:48:00,26.5
2025-06-12 10:59:00,60.3
2025-06-12 00:33:00,55.8
2025-06-12 16:37:00,32.7
2025-06-12 20:50:00,65.0
2025-06-12 22:15:00,89.2
2025-06-12 15:18:00,49.7
2025-06-12 14:20:00,6.7
2025-06-12 05:18:00,69.0
2025-06-12 17:04:00,19.7
2025-06-12 02:42:00,49.927249175694776
2025-06-12 09:48:00,41.5
2025-06-12 16:40:00,4.2
2025-06-12 04:38:00,44.8
2025-06-12 19:55:00,87.6
2025-06-12 03:46:00,30.0
2025-06-12 13:52:00,94.0
2025-06-12 04:30:00,55.3
2025-06-12 00:18:00,73.1
2025-06-12 05:37:00,31.4
2025-06-12 10:44:00,1.3
2025-06-12 09:53:00,49.927249175694776
2025-06-12 03:48:00,49.927249175694776
2025-06-12 04:04:00,15.4
2025-06-12 12:48:00,3.1
2025-06-12 10:15:00,65.7
2025-06-12 16:11:00,16.3
2025-06-12 13:58:00,2.5
2025-06-12 03:36:00,49.927249175694776
2025-06-12 12:01:00,20.7
2025-06-12 15:50:00,5.7
2025-06-12 17:03:00,22.8
2025-06-12 08:15:00,93.3
2025-06-12 20:23:00,17.2
2025-06-12 19:34:00,40.9
2025-06-12 04:29:00,70.3
2025-06-12 07:51:00,2.8
2025-06-12 22:24:00,12.8
2025-06-12 12:45:00,24.0
2025-06-12 20:23:00,19.7
2025-06-12 18:21:00,9.0
2025-06-12 01:50:00,33.6
2025-06-12 21:10:00,39.9
2025-06-12 17:23:00,77.1
2025-06-12 22:22:00,49.927249175694776
2025-06-12 08:32:00,54.9
2025-06-12 17:12:00,87.3
2025-06-12 14:14:00,30.9
2025-06-12 09:14:00,33.8
2025-06-12 21:45:00,14.8
2025-06-12 08:18:00,52.5
2025-06-12 10:53:00,64.4
2025-06-12 12:01:00,49.72265128325876
2025-06-12 21:06:00,49.72265128325876
2025-06-12 22:32:00,84.0
2025-06-12 15:10:00,0.3
2025-06-12 14:41:00,63.2
2025-06-12 20:34:00,94.3
2025-06-12 10:18:00,62.4
2025-06-12 14:27:00,87.7
2025-06-12 10:52:00,25.6
2025-06-12 20:47:00,9.9
2025-06-12 19:24:00,71.4
2025-06-12 17:37:00,39.5
2025-06-12 17:32:00,49.72265128325876
2025-06-12 17:33:00,98.7
2025-06-12 07:47:00,60.3
2025-06-12 01:32:00,6.8
2025-06-12 18:21:00,2.3
2025-06-12 09:39:00,46.7
2025-06-12 05:06:00,80.3
2025-06-12 12:32:00,49.72265128325876
2025-06-12 09:52:00,13.7
2025-06-12 02:44:00,84.1
2025-06-12 00:21:00,64.1
2025-06-12 00:16:00,49.72265128325876
2025-06-12 06:28:00,49.2
2025-06-12 18:17:00,67.6
2025-06-12 08:16:00,38.4
2025-06-12 00:28:00,57.5
2025-06-12 16:49:00,44.6
2025-06-12 18:46:00,94.2
2025-06-12 22:36:00,49.72265128325876
2025-06-12 12:33:00,76.4
2025-06-12 20:55:00,51.6
2025-06-12 23:18:00,90.6
2025-06-12 15:23:00,74.5
2025-06-12 06:41:00,3.5
2025-06-12 18:39:00,72.3
2025-06-12 22:33:00,49.72265128325876
2025-06-12 14:13:00,0.1
2025-06-12 15:37:00,49.72265128325876
2025-06-12 06:05:00,89.5
2025-06-12 01:22:00,58.7
2025-06-12 02:09:00,85.1
2025-06-12 07:55:00,74.8
2025-06-12 07:45:00,92.4
2025-06-12 03:06:00,0.9
2025-06-12 16:31:00,97.3
2025-06-12 13:08:00,86.3
2025-06-12 10:48:00,80.7
2025-06-12 18:38:00,13.3
2025-06-12 00:27:00,49.72265128325876
2025-06-12 20:36:00,39.7
2025-06-12 17:02:00,45.6
2025-06-12 15:47:00,21.4
2025-06-12 23:50:00,69.5
2025-06-12 11:51:00,6.0
2025-06-12 11:04:00,30.0
2025-06-12 02:13:00,69.0
2025-06-12 05:14:00,40.2
2025-06-12 09:39:00,88.0
2025-06-12 05:04:00,73.6
2025-06-12 17:32:00,8.2
2025-06-12 10:34:00,90.8
2025-06-12 22:12:00,39.9
2025-06-12 15:57:00,49.72265128325876
2025-06-12 14:55:00,82.5
2025-06-12 16:22:00,20.7
2025-06-12 22:48:00,29.8
2025-06-12 05:04:00,79.0
2025-06-12 21:31:00,49.72265128325876
2025-06-12 04:04:00,31.6
2025-06-12 01:44:00,0.6
2025-06-12 09:19:00,10.0
2025-06-12 07:53:00,0.3
2025-06-12 09:02:00,62.5
2025-06-12 22:52:00,17.0
2025-06-12 05:34:00,50.2
2025-06-12 03:23:00,4.7
2025-06-12 11:02:00,77.3
2025-06-12 20:56:00,49.72265128325876
2025-06-12 04:23:00,49.72265128325876
2025-06-12 18:39:00,26.0
2025-06-12 04:10:00,11.4
2025-06-12 04:11:00,85.6
2025-06-12 09:43:00,62.8
2025-06-12 08:44:00,49.72265128325876
2025-06-12 01:51:00,49.72265128325876
2025-06-12 00:45:00,16.7
2025-06-12 01:35:00,15.7
2025-06-12 03:37:00,90.7
2025-06-12 18:58:00,30.7
2025-06-12 11:55:00,28.9
2025-06-12 02:04:00,49.72265128325876
2025-06-12 07:47:00,80.4
2025-06-12 12:17:00,79.1
2025-06-12 20:16:00,14.7
2025-06-12 10:38:00,45.4
2025-06-12 00:10:00,70.7
2025-06-12 14:49:00,86.5
2025-06-12 05:19:00,65.9
2025-06-12 17:00:00,49.0
2025-06-12 19:09:00,71.0
2025-06-12 15:57:00,49.72265128325876
2025-06-12 13:39:00,62.8
2025-06-12 22:05:00,31.7
2025-06-12 17:30:00,49.72265128325876
2025-06-12 02:22:00,74.5
2025-06-12 01:05:00,85.1
2025-06-12 05:14:00,49.72265128325876
2025-06-12 15:03:00,73.8
2025-06-12 12:58:00,49.72265128325876
2025-06-12 21:02:00,60.0
2025-06-12 07:53:00,49.72265128325876
2025-06-12 14:25:00,0.6
2025-06-12 13:00:00,63.3
2025-06-12 17:17:00,67.9
2025-06-12 01:03:00,42.4
2025-06-12 04:13:00,49.72265128325876
2025-06-12 21:32:00,50.0
2025-06-12 00:27:00,99.8
2025-06-12 06:24:00,43.0
2025-06-12 08:53:00,27.5
2025-06-12 10:33:00,52.5
2025-06-12 12:38:00,35.2
2025-06-12 02:51:00,22.7
2025-06-12 03:31:00,62.7
2025-06-12 17:58:00,46.9
2025-06-12 15:59:00,29.5
2025-06-12 09:15:00,94.6
2025-06-12 06:31:00,76.3
2025-06-12 11:29:00,71.5
2025-06-12 20:25:00,49.72265128325876
2025-06-12 19:49:00,1.6
2025-06-12 00:06:00,0.1
2025-06-12 15:19:00,93.4
2025-06-12 18:10:00,30.9
2025-06-12 14:42:00,57.1
2025-06-12 17:52:00,69.7
2025-06-12 11:43:00,37.1
2025-06-12 13:40:00,16.8
2025-06-12 08:57:00,49.72265128325876
2025-06-12 19:38:00,32.1
2025-06-12 21:43:00,41.3
2025-06-12 13:31:00,53.3
2025-06-12 05:16:00,68.1
2025-06-12 00:30:00,59.7
2025-06-12 03:18:00,48.2
2025-06-12 13:09:00,76.6
2025-06-12 11:14:00,71.6
2025-06-12 05:15:00,0.9
2025-06-12 23:57:00,38.8
2025-06-12 09:25:00,24.0
2025-06-12 03:08:00,36.6
2025-06-12 00:23:00,63.1
2025-06-12 19:53:00,81.2
2025-06-12 04:02:00,76.3
2025-06-12 17:52:00,4.6
2025-06-12 02:31:00,47.1
2025-06-12 06:04:00,73.2
2025-06-12 00:27:00,75.7
2025-06-12 00:38:00,95.4
2025-06-12 10:59:00,85.7
2025-06-12 10:22:00,77.9
2025-06-12 00:55:00,62.9
2025-06-12 12:17:00,7.9
2025-06-12 06:51:00,99.3
2025-06-12 14:05:00,39.0
2025-06-12 23:20:00,0.7
2025-06-12 05:36:00,5.1
2025-06-12 02:30:00,12.9
2025-06-12 02:13:00,67.1
2025-06-12 21:53:00,12.1
2025-06-12 23:27:00,85.1
2025-06-12 08:49:00,30.8
2025-06-12 09:41:00,99.5
2025-06-12 16:04:00,22.0
2025-06-12 14:52:00,14.3
2025-06-12 11:18:00,49.1
2025-06-12 05:00:00,61.8
2025-06-12 05:52:00,92.3
2025-06-12 05:44:00,84.6
2025-06-12 10:19:00,89.1
2025-06-12 10:56:00,1.1
2025-06-12 03:11:00,58.6
2025-06-12 01:54:00,48.0
2025-06-12 13:09:00,46.6
2025-06-12 13:52:00,73.4
2025-06-12 20:03:00,1.1
2025-06-12 16:16:00,49.72265128325876
2025-06-12 10:43:00,10.2
2025-06-12 11:00:00,60.9
2025-06-12 17:33:00,46.3
2025-06-12 00:32:00,95.9
2025-06-12 14:51:00,56.6
2025-06-12 19:15:00,62.4
2025-06-12 22:11:00,8.1
2025-06-12 17:43:00,66.4
2025-06-12 20:43:00,0.8
2025-06-12 05:27:00,37.1
2025-06-12 18:36:00,25.3
2025-06-12 04:32:00,0.4
2025-06-12 19:06:00,70.5
2025-06-12 17:10:00,43.3
2025-06-12 14:02:00,54.1
2025-06-12 20:14:00,77.0
2025-06-12 13:39:00,29.3
2025-06-12 11:16:00,49.72265128325876
2025-06-12 13:08:00,44.1
2025-06-12 15:12:00,47.8
2025-06-12 11:27:00,34.8
2025-06-12 01:41:00,47.7
2025-06-12 23:12:00,20.6
2025-06-12 13:10:00,30.3
2025-06-12 15:40:00,13.2
2025-06-12 13:53:00,85.2
2025-06-12 13:25:00,49.72265128325876
2025-06-12 22:57:00,90.3
2025-06-12 19:35:00,18.7
2025-06-12 01:44:00,83.7
2025-06-12 01:38:00,25.8
2025-06-12 04:20:00,88.0
2025-06-12 13:53:00,99.5
2025-06-12 03:30:00,69.6
2025-06-12 06:45:00,61.6
2025-06-12 13:59:00,89.2
2025-06-12 05:50:00,16.9
2025-06-12 08:17:00,27.6
2025-06-12 20:47:00,36.1
2025-06-12 11:51:00,87.5
2025-06-12 12:30:00,58.0
2025-06-12 12:07:00,6.3
2025-06-12 17:24:00,49.72265128325876
2025-06-12 22:12:00,59.9
2025-06-12 23:57:00,9.2
2025-06-12 08:13:00,49.72265128325876
2025-06-12 18:31:00,27.7
2025-06-12 12:08:00,36.6
2025-06-12 07:05:00,65.3
2025-06-12 16:32:00,68.8
2025-06-12 06:18:00,91.0
2025-06-12 12:27:00,62.4
2025-06-12 00:18:00,63.2
2025-06-12 22:18:00,32.1
2025-06-12 19:35:00,80.3
2025-06-12 20:24:00,66.4
2025-06-12 17:55:00,83.1
2025-06-12 19:00:00,3.2
2025-06-12 21:13:00,89.2
2025-06-12 01:04:00,31.6
2025-06-12 05:22:00,21.0
2025-06-12 10:33:00,56.8
2025-06-12 06:46:00,53.8
2025-06-12 19:11:00,72.3
2025-06-12 12:26:00,9.5
2025-06-12 04:19:00,96.7
2025-06-12 20:06:00,63.0
2025-06-12 06:40:00,49.72265128325876
2025-06-12 05:00:00,70.3
2025-06-12 04:56:00,33.7
2025-06-12 20:50:00,58.0
2025-06-12 16:07:00,15.0
2025-06-12 23:55:00,56.0
2025-06-12 02:43:00,50.9
2025-06-12 12:10:00,49.72265128325876
2025-06-12 21:29:00,25.4
2025-06-12 23:10:00,14.5
2025-06-12 12:04:00,81.0
2025-06-12 10:07:00,25.5
2025-06-12 08:26:00,49.72265128325876
2025-06-12 19:26:00,67.1
2025-06-12 18:35:00,49.72265128325876
2025-06-12 07:32:00,48.5
2025-06-12 18:34:00,10.3
2025-06-12 23:48:00,49.72265128325876
2025-06-12 07:19:00,90.4
2025-06-12 09:03:00,70.9
2025-06-12 23:28:00,95.4
2025-06-12 15:47:00,76.7
2025-06-12 05:02:00,2.2
2025-06-12 00:34:00,7.5
2025-06-12 23:29:00,57.7
2025-06-12 19:42:00,50.6
2025-06-12 12:38:00,67.0
2025-06-12 08:51:00,53.1
2025-06-12 12:39:00,10.3
2025-06-12 03:45:00,65.6
2025-06-12 00:45:00,30.3
2025-06-12 01:23:00,72.5
2025-06-12 04:42:00,47.1
2025-06-12 00:42:00,51.3
2025-06-12 09:17:00,4.3
2025-06-12 16:18:00,49.72265128325876
2025-06-12 05:34:00,98.9
2025-06-12 11:21:00,49.72265128325876
2025-06-12 03:57:00,96.7
2025-06-12 09:06:00,76.9
2025-06-12 18:50:00,91.9
2025-06-12 01:55:00,80.5
2025-06-12 03:06:00,84.1
2025-06-12 19:14:00,68.6
2025-06-12 11:25:00,49.2
2025-06-12 03:53:00,24.5
2025-06-12 03:52:00,49.72265128325876
2025-06-12 20:55:00,4.4
2025-06-12 09:42:00,88.3
2025-06-12 14:25:00,49.72265128325876
2025-06-12 10:45:00,38.0
2025-06-12 13:00:00,61.1
2025-06-12 06:50:00,37.9
2025-06-12 10:09:00,78.8
2025-06-12 20:50:00,67.0
2025-06-12 16:29:00,47.8
2025-06-12 23:00:00,49.72265128325876
2025-06-12 15:25:00,49.72265128325876
2025-06-12 09:26:00,96.2
2025-06-12 22:30:00,65.7
2025-06-12 03:26:00,49.72265128325876
2025-06-12 06:46:00,70.2
2025-06-12 03:09:00,14.4
2025-06-12 19:00:00,85.6
2025-06-12 12:18:00,49.72265128325876
2025-06-12 16:16:00,7.4
2025-06-12 00:02:00,70.8
2025-06-12 09:49:00,51.3
2025-06-12 13:54:00,90.7
2025-06-12 18:40:00,26.7
2025-06-12 14:25:00,61.4
2025-06-12 02:37:00,7.5
2025-06-12 07:12:00,75.3
2025-06-12 16:08:00,21.6
2025-06-12 20:02:00,49.72265128325876
2025-06-12 23:02:00,33.2
2025-06-12 00:42:00,83.2
2025-06-12 16:58:00,62.0
2025-06-12 20:09:00,98.8
2025-06-12 15:30:00,27.2
2025-06-12 06:09:00,49.72265128325876
2025-06-12 09:20:00,59.0
2025-06-12 18:13:00,17.8
2025-06-12 18:22:00,22.6
2025-06-12 03:43:00,55.5
2025-06-12 03:23:00,96.3
2025-06-12 01:02:00,37.1
2025-06-12 15:05:00,50.25777465777466
2025-06-12 04:40:00,50.25777465777466
2025-06-12 08:07:00,39.7
2025-06-12 00:40:00,4.0
2025-06-12 23:17:00,57.3
2025-06-12 04:07:00,67.2
2025-06-12 12:47:00,80.5
2025-06-12 04:46:00,50.25777465777466
2025-06-12 14:12:00,50.25777465777466
2025-06-12 08:31:00,58.6
2025-06-12 04:12:00,27.8
2025-06-12 05:03:00,10.4
2025-06-12 10:39:00,33.6
2025-06-12 18:13:00,50.25777465777466
2025-06-12 03:13:00,83.6
2025-06-12 19:45:00,45.3
2025-06-12 20:07:00,97.1
2025-06-12 17:42:00,97.8
2025-06-12 17:35:00,77.1
2025-06-12 10:56:00,40.4
2025-06-12 05:37:00,16.5
2025-06-12 14:06:00,3.4
2025-06-12 10:17:00,44.9
2025-06-12 15:04:00,89.3
2025-06-12 23:26:00,51.5
2025-06-12 13:35:00,45.6
2025-06-12 18:51:00,10.3
2025-06-12 19:33:00,53.7
2025-06-12 17:41:00,64.0
2025-06-12 06:35:00,50.25777465777466
2025-06-12 09:38:00,77.3
2025-06-12 13:05:00,37.4
2025-06-12 05:42:00,75.7
2025-06-12 06:09:00,56.1
2025-06-12 14:52:00,90.3
2025-06-12 18:57:00,48.4
2025-06-12 13:21:00,82.8
2025-06-12 23:54:00,73.0
2025-06-12 22:31:00,92.9
2025-06-12 12:44:00,50.25777465777466
2025-06-12 12:33:00,44.8
2025-06-12 20:11:00,13.9
2025-06-12 17:09:00,36.6
2025-06-12 06:12:00,33.9
2025-06-12 08:42:00,50.25777465777466
2025-06-12 05:50:00,64.3
2025-06-12 08:01:00,93.1
2025-06-12 22:26:00,46.7
2025-06-12 02:37:00,54.9
2025-06-12 01:24:00,10.4
2025-06-12 08:15:00,41.6
2025-06-12 18:32:00,50.25777465777466
2025-06-12 17:30:00,29.7
2025-06-12 00:48:00,98.9
2025-06-12 14:40:00,60.6
2025-06-12 07:19:00,66.5
2025-06-12 21:39:00,89.4
2025-06-12 21:20:00,20.4
2025-06-12 09:15:00,50.25777465777466
2025-06-12 08:10:00,50.25777465777466
2025-06-12 22:04:00,18.7
2025-06-12 20:43:00,50.25777465777466
2025-06-12 12:03:00,16.9
2025-06-12 02:37:00,79.0
2025-06-12 23:03:00,50.25777465777466
2025-06-12 01:31:00,0.7
2025-06-12 15:01:00,30.3
2025-06-12 16:36:00,38.3
2025-06-12 11:14:00,39.7
2025-06-12 13:01:00,44.7
2025-06-12 08:33:00,35.6
2025-06-12 05:52:00,38.0
2025-06-12 00:19:00,50.25777465777466
2025-06-12 02:47:00,77.2
2025-06-12 18:43:00,39.1
2025-06-12 23:48:00,9.1
2025-06-12 12:52:00,44.3
2025-06-12 11:01:00,39.6
2025-06-12 07:11:00,80.6
2025-06-12 18:16:00,50.25777465777466
2025-06-12 18:52:00,50.25777465777466
2025-06-12 01:18:00,9.6
2025-06-12 10:55:00,31.2
2025-06-12 04:04:00,9.8
2025-06-12 13:18:00,50.25777465777466
2025-06-12 06:36:00,15.6
2025-06-12 15:52:00,3.4
2025-06-12 21:19:00,11.5
2025-06-12 20:48:00,45.1
2025-06-12 12:41:00,71.9
2025-06-12 21:42:00,49.3
2025-06-12 05:37:00,71.2
2025-06-12 15:26:00,93.1
2025-06-12 07:45:00,18.5
2025-06-12 15:09:00,19.9
2025-06-12 18:44:00,19.8
2025-06-12 12:21:00,1.4
2025-06-12 00:15:00,89.0
2025-06-12 12:52:00,81.3
2025-06-12 12:56:00,50.7
2025-06-12 22:48:00,68.6
2025-06-12 06:50:00,12.2
2025-06-12 11:45:00,51.8
2025-06-12 12:14:00,44.5
2025-06-12 22:32:00,38.5
2025-06-12 15:35:00,29.5
2025-06-12 08:40:00,1.8
2025-06-12 18:17:00,50.25777465777466
2025-06-12 10:39:00,88.3
2025-06-12 02:31:00,2.1
2025-06-12 18:49:00,19.3
2025-06-12 08:08:00,73.5
2025-06-12 16:39:00,79.3
2025-06-12 09:27:00,62.0
2025-06-12 19:56:00,17.3
2025-06-12 08:13:00,50.25777465777466
2025-06-12 10:33:00,41.8
2025-06-12 17:26:00,23.6
2025-06-12 08:37:00,37.4
2025-06-12 06:21:00,79.6
2025-06-12 09:47:00,97.3
2025-06-12 19:57:00,50.25777465777466
2025-06-12 01:11:00,26.2
2025-06-12 07:45:00,20.6
2025-06-12 22:03:00,95.1
2025-06-12 04:16:00,98.6
2025-06-12 06:25:00,3.4
2025-06-12 18:53:00,91.1
2025-06-12 21:35:00,28.3
2025-06-12 04:10:00,15.3
2025-06-12 21:53:00,75.7
2025-06-12 15:15:00,1.1
2025-06-12 11:13:00,59.5
2025-06-12 04:14:00,3.2
2025-06-12 10:56:00,50.25777465777466
2025-06-12 06:06:00,3.5
2025-06-12 11:06:00,52.8
2025-06-12 06:41:00,69.2
2025-06-12 21:10:00,58.3
2025-06-12 03:24:00,70.7
2025-06-12 16:41:00,0.7
2025-06-12 18:37:00,4.4
2025-06-12 07:24:00,20.1
2025-06-12 18:36:00,29.0
2025-06-12 17:37:00,0.1
2025-06-12 15:14:00,86.8
2025-06-12 12:19:00,10.8
2025-06-12 18:15:00,50.25777465777466
2025-06-12 04:20:00,97.2
2025-06-12 01:47:00,14.8
2025-06-12 15:37:00,84.5
2025-06-12 12:30:00,44.4
2025-06-12 06:37:00,37.2
2025-06-12 17:11:00,29.5
2025-06-12 02:50:00,48.1
2025-06-12 07:14:00,60.7
2025-06-12 16:58:00,50.25777465777466
2025-06-12 11:17:00,53.2
2025-06-12 03:37:00,50.25777465777466
2025-06-12 23:08:00,35.9
2025-06-12 04:48:00,41.5
2025-06-12 09:37:00,72.4
2025-06-12 10:42:00,15.3
2025-06-12 15:13:00,60.7
2025-06-12 06:42:00,28.5
2025-06-12 02:48:00,74.3
2025-06-12 04:27:00,18.1
2025-06-12 06:57:00,41.4
2025-06-12 04:28:00,9.2
2025-06-12 10:52:00,42.7
2025-06-12 01:17:00,47.5
2025-06-12 07:02:00,23.4
2025-06-12 22:53:00,16.3
2025-06-12 06:02:00,42.3
2025-06-12 18:09:00,46.7
2025-06-12 21:00:00,92.8
2025-06-12 08:44:00,74.0
2025-06-12 09:27:00,50.25777465777466
2025-06-12 16:53:00,86.7
2025-06-12 19:44:00,68.5
2025-06-12 05:24:00,86.2
2025-06-12 04:33:00,73.5
2025-06-12 19:48:00,50.3
2025-06-12 16:48:00,82.1
2025-06-12 16:23:00,30.2
2025-06-12 00:56:00,50.25777465777466
2025-06-12 06:18:00,38.4
2025-06-12 07:04:00,43.5
2025-06-12 22:31:00,62.8
2025-06-12 08:14:00,1.0
2025-06-12 01:28:00,77.8
2025-06-12 14:00:00,82.4
2025-06-12 02:08:00,80.3
2025-06-12 08:36:00,25.6
2025-06-12 01:20:00,0.5
2025-06-12 06:55:00,51.4
2025-06-12 12:35:00,27.6
2025-06-12 10:56:00,50.25777465777466
2025-06-12 05:23:00,48.5
2025-06-12 23:17:00,51.1
2025-06-12 12:48:00,66.1
2025-06-12 04:40:00,46.2
2025-06-12 01:09:00,50.25777465777466
2025-06-12 09:06:00,84.7
2025-06-12 17:44:00,50.25777465777466
2025-06-12 14:16:00,73.6
2025-06-12 08:47:00,48.4
2025-06-12 00:29:00,52.4
2025-06-12 20:36:00,10.8
2025-06-12 06:00:00,43.8
2025-06-12 06:40:00,50.25777465777466
2025-06-12 15:00:00,29.7
2025-06-12 18:54:00,10.9
2025-06-12 04:44:00,33.7
2025-06-12 05:04:00,99.0
2025-06-12 07:24:00,31.9
2025-06-12 08:32:00,33.0
2025-06-12 06:32:00,50.25777465777466
2025-06-12 19:02:00,50.25777465777466
2025-06-12 20:25:00,35.8
2025-06-12 15:08:00,24.1
2025-06-12 11:34:00,50.25777465777466
2025-06-12 04:11:00,50.25777465777466
2025-06-12 02:03:00,27.6
2025-06-12 14:49:00,23.5
2025-06-12 19:31:00,35.1
2025-06-12 20:40:00,4.8
2025-06-12 09:21:00,71.0
2025-06-12 20:16:00,99.2
2025-06-12 19:27:00,50.25777465777466
2025-06-12 00:35:00,83.0
2025-06-12 05:30:00,58.7
2025-06-12 19:56:00,6.6
2025-06-12 21:07:00,50.25777465777466
2025-06-12 10:30:00,62.5
2025-06-12 15:55:00,58.4
2025-06-12 23:19:00,53.1
2025-06-12 17:31:00,50.25777465777466
2025-06-12 19:28:00,2.8
2025-06-12 10:40:00,21.1
2025-06-12 20:09:00,50.25777465777466
2025-06-12 02:59:00,45.8
2025-06-12 19:36:00,72.1
2025-06-12 16:02:00,50.25777465777466
2025-06-12 09:28:00,34.9
2025-06-12 19:06:00,72.4
2025-06-12 23:05:00,39.3
2025-06-12 13:40:00,3.2
2025-06-12 18:50:00,75.6
2025-06-12 21:52:00,77.7
2025-06-12 07:11:00,35.9
2025-06-12 12:25:00,50.25777465777466
2025-06-12 00:48:00,33.4
2025-06-12 23:00:00,6.6
2025-06-12 06:33:00,83.7
2025-06-12 05:56:00,21.0
2025-06-12 18:11:00,43.3
2025-06-12 06:38:00,50.25777465777466
2025-06-12 15:46:00,11.3
2025-06-12 22:22:00,50.25777465777466
2025-06-12 09:45:00,6.2
2025-06-12 13:32:00,32.0
2025-06-12 04:36:00,62.2
2025-06-12 23:16:00,70.4
2025-06-12 06:08:00,50.25777465777466
2025-06-12 06:29:00,81.7
2025-06-12 17:57:00,93.1
2025-06-12 05:17:00,34.6
2025-06-12 22:19:00,50.25777465777466
2025-06-12 08:20:00,50.25777465777466
2025-06-12 19:32:00,62.3
2025-06-12 09:29:00,49.7
2025-06-12 23:23:00,2.1
2025-06-12 14:08:00,22.7
2025-06-12 11:42:00,92.9
2025-06-12 23:01:00,24.6
2025-06-12 00:43:00,49.4
2025-06-12 01:56:00,79.8
2025-06-12 00:19:00,74.8
2025-06-12 04:11:00,99.4
2025-06-12 09:07:00,98.0
2025-06-12 09:11:00,62.2
2025-06-12 18:03:00,16.1
2025-06-12 21:26:00,70.2
2025-06-12 19:32:00,70.4
2025-06-12 20:46:00,28.3
2025-06-12 02:25:00,69.8
2025-06-12 07:54:00,25.3
2025-06-12 19:13:00,34.8
2025-06-12 02:27:00,2.3
2025-06-12 01:18:00,44.5
2025-06-12 07:59:00,96.2
2025-06-12 03:41:00,72.6
2025-06-12 17:36:00,74.5
2025-06-12 04:35:00,23.9
2025-06-12 14:46:00,40.9
2025-06-12 10:56:00,80.6
2025-06-12 08:11:00,28.2
2025-06-12 15:06:00,69.4
2025-06-12 05:25:00,50.25777465777466
2025-06-12 21:05:00,29.3
2025-06-12 17:22:00,50.25777465777466
2025-06-12 05:55:00,67.4
2025-06-12 05:25:00,50.25777465777466
2025-06-12 12:08:00,71.9
2025-06-12 20:19:00,15.0
2025-06-12 23:28:00,76.3
2025-06-12 08:29:00,83.8
2025-06-12 01:19:00,58.0
2025-06-12 03:10:00,28.2
2025-06-12 01:21:00,50.25777465777466
2025-06-12 03:28:00,20.3
2025-06-12 10:35:00,36.3
2025-06-12 13:45:00,80.2
2025-06-12 10:11:00,65.5
2025-06-12 01:43:00,84.5
2025-06-12 10:38:00,9.0
2025-06-12 21:19:00,64.2
2025-06-12 04:03:00,8.2
2025-06-12 16:54:00,86.3
2025-06-12 01:36:00,34.7
2025-06-12 15:22:00,50.5
2025-06-12 03:59:00,59.3
2025-06-12 02:37:00,45.4
2025-06-12 11:26:00,77.6
2025-06-12 16:55:00,55.7
2025-06-12 04:23:00,78.1
2025-06-12 04:27:00,50.25777465777466
2025-06-12 11:13:00,50.25777465777466
2025-06-12 16:04:00,68.1
2025-06-12 21:56:00,7.1
2025-06-12 03:21:00,72.5
2025-06-12 05:45:00,50.25777465777466
2025-06-12 19:15:00,52.1
2025-06-12 03:34:00,50.25777465777466
2025-06-12 22:25:00,5.9
2025-06-12 04:33:00,57.3
2025-06-12 01:57:00,35.9
2025-06-12 12:55:00,31.3
2025-06-12 15:03:00,74.5
2025-06-12 12:45:00,50.25777465777466
2025-06-12 07:20:00,69.7
2025-06-12 16:33:00,49.9464552238806
2025-06-12 11:17:00,73.9
2025-06-12 01:59:00,49.5
2025-06-12 23:17:00,34.4
2025-06-12 12:16:00,50.9
2025-06-12 13:14:00,75.1
2025-06-12 08:00:00,49.9464552238806
2025-06-12 02:24:00,25.0
2025-06-12 09:38:00,87.7
2025-06-12 07:22:00,30.6
2025-06-12 14:11:00,49.9464552238806
2025-06-12 01:31:00,54.7
2025-06-12 06:45:00,49.9464552238806
2025-06-12 17:12:00,14.9
2025-06-12 12:04:00,27.6
2025-06-12 16:35:00,14.2
2025-06-12 15:44:00,63.5
2025-06-12 15:18:00,57.6
2025-06-12 10:07:00,96.3
2025-06-12 23:10:00,49.9464552238806
2025-06-12 03:13:00,18.4
2025-06-12 06:20:00,63.9
2025-06-12 07:58:00,55.6
2025-06-12 12:21:00,28.5
2025-06-12 21:51:00,49.9464552238806
2025-06-12 07:04:00,20.2
2025-06-12 22:28:00,49.9464552238806
2025-06-12 06:13:00,66.3
2025-06-12 00:44:00,49.9464552238806
2025-06-12 17:43:00,5.6
2025-06-12 13:53:00,78.1
2025-06-12 19:14:00,92.1
2025-06-12 06:31:00,49.9464552238806
2025-06-12 15:15:00,10.7
2025-06-12 07:34:00,25.6
2025-06-12 17:23:00,60.6
2025-06-12 02:38:00,11.1
2025-06-12 07:50:00,9.0
2025-06-12 09:25:00,37.8
2025-06-12 00:35:00,63.2
2025-06-12 00:03:00,47.6
2025-06-12 13:38:00,11.2
2025-06-12 23:28:00,79.7
2025-06-12 09:06:00,38.3
2025-06-12 08:37:00,33.7
2025-06-12 01:56:00,25.9
2025-06-12 16:55:00,49.9464552238806
2025-06-12 04:12:00,82.7
2025-06-12 09:07:00,62.1
2025-06-12 10:48:00,8.9
2025-06-12 13:34:00,62.1
2025-06-12 16:52:00,29.3
2025-06-12 06:54:00,62.0
2025-06-12 05:37:00,45.3
2025-06-12 13:45:00,24.3
2025-06-12 16:55:00,49.9464552238806
2025-06-12 17:25:00,11.1
2025-06-12 07:55:00,38.3
2025-06-12 22:58:00,49.2
2025-06-12 08:53:00,7.0
2025-06-12 15:40:00,72.5
2025-06-12 16:01:00,81.5
2025-06-12 00:37:00,56.2
2025-06-12 04:58:00,53.1
2025-06-12 04:26:00,57.1
2025-06-12 10:53:00,23.4
2025-06-12 19:22:00,49.9464552238806
2025-06-12 10:55:00,23.8
2025-06-12 09:09:00,100.0
2025-06-12 09:35:00,73.0
2025-06-12 22:44:00,11.7
2025-06-12 10:52:00,24.2
2025-06-12 01:44:00,82.0
2025-06-12 23:07:00,68.4
2025-06-12 11:24:00,92.4
2025-06-12 19:37:00,49.9464552238806
2025-06-12 20:41:00,33.2
2025-06-12 22:34:00,26.5
2025-06-12 09:52:00,58.2
2025-06-12 10:02:00,10.6
2025-06-12 04:54:00,73.5
2025-06-12 10:01:00,73.3
2025-06-12 16:32:00,91.1
2025-06-12 23:45:00,19.0
2025-06-12 00:48:00,49.9464552238806
2025-06-12 15:10:00,1.9
2025-06-12 22:48:00,49.9464552238806
2025-06-12 11:32:00,49.9464552238806
2025-06-12 15:17:00,19.9
2025-06-12 16:40:00,80.6
2025-06-12 16:27:00,27.6
2025-06-12 04:54:00,49.9464552238806
2025-06-12 10:10:00,3.6
2025-06-12 19:59:00,17.4
2025-06-12 04:34:00,89.6
2025-06-12 08:49:00,40.8
2025-06-12 15:28:00,48.8
2025-06-12 15:07:00,36.8
2025-06-12 03:00:00,36.1
2025-06-12 02:23:00,20.0
2025-06-12 12:30:00,5.1
2025-06-12 22:00:00,64.4
2025-06-12 05:11:00,19.2
2025-06-12 12:46:00,84.6
2025-06-12 12:01:00,61.2
2025-06-12 23:39:00,38.5
2025-06-12 23:37:00,49.9464552238806
2025-06-12 18:46:00,49.9464552238806
2025-06-12 17:47:00,49.9464552238806
2025-06-12 01:39:00,30.4
2025-06-12 06:51:00,49.9464552238806
2025-06-12 06:09:00,12.6
2025-06-12 05:27:00,92.5
2025-06-12 16:38:00,95.6
2025-06-12 07:54:00,61.9
2025-06-12 10:27:00,2.2
2025-06-12 18:34:00,70.3
2025-06-12 13:17:00,6.6
2025-06-12 06:03:00,17.2
2025-06-12 07:41:00,64.2
2025-06-12 07:42:00,44.5
2025-06-12 00:08:00,85.2
2025-06-12 08:29:00,100.0
2025-06-12 10:07:00,49.9464552238806
2025-06-12 23:54:00,66.3
2025-06-12 19:14:00,49.9464552238806
2025-06-12 06:01:00,37.1
2025-06-12 09:54:00,51.6
2025-06-12 06:58:00,91.7
2025-06-12 00:18:00,49.9464552238806
2025-06-12 16:38:00,76.5
2025-06-12 17:22:00,93.6
2025-06-12 13:11:00,17.4
2025-06-12 09:30:00,49.9464552238806
2025-06-12 04:56:00,82.1
2025-06-12 14:20:00,46.2
2025-06-12 12:26:00,49.9464552238806
2025-06-12 07:02:00,37.3
2025-06-12 18:41:00,49.9464552238806
2025-06-12 16:15:00,49.9464552238806
2025-06-12 01:45:00,49.9464552238806
2025-06-12 17:58:00,17.0
2025-06-12 06:33:00,73.3
2025-06-12 13:57:00,33.0
2025-06-12 01:50:00,60.7
2025-06-12 03:30:00,65.7
2025-06-12 02:48:00,49.9464552238806
2025-06-12 03:25:00,22.4
2025-06-12 14:17:00,32.0
2025-06-12 03:25:00,85.6
2025-06-12 01:09:00,74.8
2025-06-12 05:21:00,64.9
2025-06-12 14:37:00,49.9464552238806
2025-06-12 18:54:00,49.9464552238806
2025-06-12 03:30:00,3.7
2025-06-12 18:51:00,74.4
2025-06-12 13:35:00,47.8
2025-06-12 06:29:00,26.3
2025-06-12 19:42:00,90.5
2025-06-12 07:11:00,44.0
2025-06-12 02:09:00,71.0
2025-06-12 06:20:00,56.9
2025-06-12 10:55:00,96.5
2025-06-12 07:22:00,6.2
2025-06-12 00:14:00,12.2
2025-06-12 02:46:00,55.1
2025-06-12 15:53:00,96.3
2025-06-12 17:49:00,8.2
2025-06-12 18:40:00,49.9464552238806
2025-06-12 21:00:00,12.5
2025-06-12 16:20:00,43.6
2025-06-12 13:27:00,27.1
2025-06-12 14:49:00,85.3
2025-06-12 01:07:00,46.2
2025-06-12 23:08:00,68.8
2025-06-12 20:18:00,74.9
2025-06-12 14:42:00,49.9464552238806
2025-06-12 06:33:00,38.2
2025-06-12 09:39:00,75.2
2025-06-12 19:49:00,49.9464552238806
2025-06-12 09:23:00,42.8
2025-06-12 15:10:00,49.9464552238806
2025-06-12 06:21:00,84.3
2025-06-12 08:35:00,46.7
2025-06-12 16:14:00,91.9
2025-06-12 00:14:00,60.6
2025-06-12 01:01:00,15.6
2025-06-12 16:57:00,49.9464552238806
2025-06-12 02:23:00,74.4
2025-06-12 13:22:00,41.6
2025-06-12 06:47:00,54.1
2025-06-12 20:20:00,18.6
2025-06-12 17:11:00,37.2
2025-06-12 01:24:00,1.8
2025-06-12 08:27:00,89.5
2025-06-12 14:52:00,49.9464552238806
2025-06-12 05:43:00,49.9464552238806
2025-06-12 23:51:00,99.6
2025-06-12 16:15:00,45.9
2025-06-12 12:35:00,49.9464552238806
2025-06-12 06:53:00,68.6
2025-06-12 01:53:00,89.2
2025-06-12 06:10:00,52.7
2025-06-12 15:54:00,84.9
2025-06-12 00:56:00,50.7
2025-06-12 11:39:00,23.1
2025-06-12 00:34:00,49.9464552238806
2025-06-12 01:06:00,40.7
2025-06-12 21:33:00,24.0
2025-06-12 22:50:00,36.7
2025-06-12 21:46:00,12.3
2025-06-12 06:45:00,71.5
2025-06-12 04:53:00,98.6
2025-06-12 22:44:00,49.9464552238806
2025-06-12 10:46:00,94.3
2025-06-12 13:18:00,83.2
2025-06-12 17:18:00,55.2
2025-06-12 23:17:00,76.3
2025-06-12 09:49:00,49.9464552238806
2025-06-12 03:21:00,92.8
2025-06-12 21:03:00,55.4
2025-06-12 19:17:00,76.7
2025-06-12 11:13:00,33.4
2025-06-12 07:37:00,96.3
2025-06-12 17:26:00,49.9464552238806
2025-06-12 23:02:00,12.0
2025-06-12 05:33:00,65.4
2025-06-12 12:36:00,74.8
2025-06-12 22:20:00,21.2
2025-06-12 03:38:00,43.3
2025-06-12 10:21:00,0.2
2025-06-12 22:46:00,49.9464552238806
2025-06-12 06:33:00,14.1
2025-06-12 16:44:00,37.8
2025-06-12 15:54:00,59.0
2025-06-12 14:16:00,50.9
2025-06-12 20:09:00,82.1
2025-06-12 13:35:00,34.1
2025-06-12 20:19:00,49.9464552238806
2025-06-12 14:48:00,68.2
2025-06-12 09:34:00,39.6
2025-06-12 05:15:00,34.9
2025-06-12 13:01:00,64.8
2025-06-12 22:21:00,51.3
2025-06-12 17:57:00,0.9
2025-06-12 09:52:00,67.2
2025-06-12 10:52:00,71.9
2025-06-12 16:51:00,54.8
2025-06-12 21:47:00,56.0
2025-06-12 06:19:00,49.9464552238806
2025-06-12 09:44:00,76.8
2025-06-12 19:11:00,16.4
2025-06-12 10:39:00,11.3
2025-06-12 05:24:00,45.5
2025-06-12 06:01:00,49.9464552238806
2025-06-12 13:43:00,22.2
2025-06-12 03:04:00,89.0
2025-06-12 22:41:00,4.4
2025-06-12 08:46:00,19.2
2025-06-12 05:20:00,2.6
2025-06-12 18:29:00,49.9464552238806
2025-06-12 12:38:00,19.7
2025-06-12 07:17:00,49.9464552238806
2025-06-12 15:12:00,2.1
2025-06-12 07:26:00,72.4
2025-06-12 09:31:00,11.9
2025-06-12 06:23:00,91.3
2025-06-12 15:16:00,70.5
2025-06-12 15:22:00,8.3
2025-06-12 08:41:00,18.1
2025-06-12 00:00:00,94.5
2025-06-12 02:37:00,49.1
2025-06-12 06:17:00,96.1
2025-06-12 03:24:00,13.1
2025-06-12 05:55:00,47.2
2025-06-12 17:29:00,94.8
2025-06-12 13:50:00,6.6
2025-06-12 07:23:00,68.3
2025-06-12 09:42:00,49.9464552238806
2025-06-12 14:26:00,17.7
2025-06-12 09:34:00,7.1
2025-06-12 18:56:00,49.9464552238806
2025-06-12 04:32:00,49.9464552238806
2025-06-12 12:38:00,68.0
2025-06-12 11:05:00,88.1
2025-06-12 19:30:00,2.0
2025-06-12 20:39:00,49.9464552238806
2025-06-12 17:03:00,36.3
2025-06-12 23:02:00,99.3
2025-06-12 15:09:00,34.5
2025-06-12 19:29:00,46.2
2025-06-12 19:14:00,45.2
2025-06-12 16:46:00,35.6
2025-06-12 02:21:00,49.9464552238806
2025-06-12 20:41:00,49.9464552238806
2025-06-12 09:06:00,77.6
2025-06-12 07:17:00,20.9
2025-06-12 22:32:00,49.9464552238806
2025-06-12 05:02:00,11.2
2025-06-12 06:32:00,45.8
2025-06-12 16:31:00,78.2
2025-06-12 14:41:00,45.6
2025-06-12 19:53:00,49.9464552238806
2025-06-12 17:47:00,48.2
2025-06-12 03:22:00,30.5
2025-06-12 06:40:00,19.3
2025-06-12 05:51:00,89.5
2025-06-12 18:25:00,49.9464552238806
2025-06-12 13:36:00,22.1
2025-06-12 01:47:00,67.1
2025-06-12 15:31:00,5.3
2025-06-12 10:44:00,25.7
2025-06-12 03:03:00,30.7
2025-06-12 07:09:00,52.7
2025-06-12 02:51:00,27.4
2025-06-12 17:40:00,8.3
2025-06-12 01:50:00,67.6
2025-06-12 03:43:00,39.3
2025-06-12 02:42:00,68.9
2025-06-12 15:47:00,99.1
2025-06-12 03:38:00,97.0
2025-06-12 21:38:00,57.6
2025-06-12 17:17:00,85.6
2025-06-12 18:44:00,55.3
2025-06-12 00:48:00,66.8
2025-06-12 15:41:00,49.9464552238806
2025-06-12 17:48:00,11.4
2025-06-12 21:46:00,94.7
2025-06-12 15:21:00,49.9464552238806
2025-06-12 17:04:00,78.2
2025-06-12 07:39:00,99.0
2025-06-12 17:17:00,15.6
2025-06-12 02:59:00,1.5
2025-06-12 15:30:00,49.9464552238806
2025-06-12 14:21:00,15.7
2025-06-12 23:11:00,57.4
2025-06-12 16:42:00,98.2
2025-06-12 22:05:00,49.742524640779
2025-06-12 21:26:00,96.1
2025-06-12 11:03:00,64.5
2025-06-12 16:48:00,66.8
2025-06-12 16:47:00,11.5
2025-06-12 03:35:00,49.742524640779
2025-06-12 23:37:00,12.5
2025-06-12 16:50:00,32.2
2025-06-12 11:27:00,21.7
2025-06-12 23:49:00,78.2
2025-06-12 02:53:00,40.1
2025-06-12 01:43:00,61.7
2025-06-12 07:47:00,70.7
2025-06-12 10:10:00,83.4
2025-06-12 03:26:00,10.0
2025-06-12 00:48:00,28.0
2025-06-12 02:12:00,24.4
2025-06-12 13:15:00,21.3
2025-06-12 09:07:00,49.742524640779
2025-06-12 01:09:00,49.742524640779
2025-06-12 13:28:00,68.2
2025-06-12 07:14:00,49.742524640779
2025-06-12 22:57:00,19.2
2025-06-12 14:32:00,70.4
2025-06-12 17:03:00,2.4
2025-06-12 13:44:00,26.9
2025-06-12 20:09:00,66.0
2025-06-12 09:27:00,42.6
2025-06-12 01:43:00,79.1
2025-06-12 00:09:00,13.3
2025-06-12 08:10:00,81.9
2025-06-12 18:05:00,58.2
2025-06-12 18:38:00,14.3
2025-06-12 06:47:00,30.9
2025-06-12 13:57:00,86.2
2025-06-12 06:34:00,99.0
2025-06-12 21:58:00,84.8
2025-06-12 20:06:00,46.5
2025-06-12 00:04:00,35.3
2025-06-12 21:06:00,50.9
2025-06-12 12:55:00,49.2
2025-06-12 10:32:00,42.8
2025-06-12 13:47:00,65.5
2025-06-12 07:29:00,32.3
2025-06-12 18:51:00,50.7
2025-06-12 19:35:00,4.6
2025-06-12 10:11:00,54.0
2025-06-12 07:35:00,49.742524640779
2025-06-12 12:05:00,30.9
2025-06-12 13:21:00,49.742524640779
2025-06-12 05:08:00,12.2
2025-06-12 08:12:00,43.9
2025-06-12 02:00:00,12.2
2025-06-12 17:46:00,49.742524640779
2025-06-12 15:04:00,53.9
2025-06-12 10:21:00,92.8
2025-06-12 21:45:00,56.9
2025-06-12 16:39:00,0.7
2025-06-12 08:42:00,11.1
2025-06-12 11:27:00,11.8
2025-06-12 00:44:00,22.5
2025-06-12 06:51:00,96.2
2025-06-12 16:43:00,33.3
2025-06-12 13:44:00,82.1
2025-06-12 21:57:00,28.9
2025-06-12 08:19:00,49.742524640779
2025-06-12 04:23:00,99.9
2025-06-12 15:17:00,49.742524640779
2025-06-12 02:31:00,1.1
2025-06-12 20:16:00,8.2
2025-06-12 22:15:00,49.742524640779
2025-06-12 22:32:00,46.2
2025-06-12 13:01:00,53.4
2025-06-12 19:59:00,38.9
2025-06-12 09:35:00,74.5
2025-06-12 13:27:00,85.1
2025-06-12 10:29:00,42.4
2025-06-12 23:06:00,46.7
2025-06-12 23:08:00,15.4
2025-06-12 04:51:00,46.6
2025-06-12 22:35:00,49.742524640779
2025-06-12 16:05:00,6.8
2025-06-12 21:01:00,24.4
2025-06-12 01:30:00,50.1
2025-06-12 18:19:00,9.6
2025-06-12 13:01:00,22.3
2025-06-12 03:41:00,67.7
2025-06-12 02:18:00,92.9
2025-06-12 05:32:00,24.0
2025-06-12 10:47:00,70.7
2025-06-12 13:57:00,23.3
2025-06-12 13:57:00,78.0
2025-06-12 10:41:00,28.0
2025-06-12 21:51:00,7.6
2025-06-12 09:09:00,31.9
2025-06-12 13:07:00,49.742524640779
2025-06-12 10:39:00,48.4
2025-06-12 10:53:00,39.0
2025-06-12 18:38:00,73.8
2025-06-12 00:37:00,17.8
2025-06-12 07:27:00,49.742524640779
2025-06-12 17:24:00,61.6
2025-06-12 17:06:00,35.1
2025-06-12 07:11:00,92.2
2025-06-12 19:59:00,1.6
2025-06-12 10:07:00,96.0
2025-06-12 19:44:00,78.4
2025-06-12 04:05:00,90.3
2025-06-12 13:17:00,88.6
2025-06-12 14:55:00,69.9
2025-06-12 17:57:00,17.7
2025-06-12 21:58:00,57.1
2025-06-12 13:47:00,59.3
2025-06-12 23:53:00,42.6
2025-06-12 17:13:00,60.2
2025-06-12 21:38:00,16.8
2025-06-12 09:09:00,31.9
2025-06-12 03:05:00,26.6
2025-06-12 09:46:00,25.0
2025-06-12 13:23:00,40.1
2025-06-12 19:04:00,67.9
2025-06-12 12:53:00,2.8
2025-06-12 17:59:00,71.1
2025-06-12 22:33:00,20.8
2025-06-12 21:03:00,45.7
2025-06-12 02:08:00,49.742524640779
2025-06-12 11:59:00,10.5
2025-06-12 03:22:00,82.6
2025-06-12 19:52:00,38.1
2025-06-12 22:09:00,48.4
2025-06-12 14:03:00,87.8
2025-06-12 21:12:00,88.6
2025-06-12 17:06:00,42.8
2025-06-12 04:23:00,27.0
2025-06-12 11:36:00,2.4
2025-06-12 20:48:00,49.742524640779
2025-06-12 10:00:00,69.4
2025-06-12 16:21:00,66.7
2025-06-12 07:18:00,25.8
2025-06-12 16:37:00,53.0
2025-06-12 09:40:00,32.3
2025-06-12 19:46:00,49.742524640779
2025-06-12 13:18:00,54.2
2025-06-12 06:06:00,39.6
2025-06-12 15:21:00,80.4
2025-06-12 22:54:00,12.7
2025-06-12 05:27:00,7.8
2025-06-12 01:43:00,93.4
2025-06-12 17:25:00,32.4
2025-06-12 03:24:00,46.1
2025-06-12 09:41:00,49.742524640779
2025-06-12 08:55:00,7.1
2025-06-12 15:33:00,5.5
2025-06-12 21:08:00,71.5
2025-06-12 06:07:00,6.4
2025-06-12 02:09:00,34.1
2025-06-12 12:11:00,55.6
2025-06-12 11:54:00,57.7
2025-06-12 17:35:00,48.0
2025-06-12 05:09:00,49.742524640779
2025-06-12 01:46:00,39.8
2025-06-12 18:22:00,95.2
2025-06-12 02:25:00,87.4
2025-06-12 01:30:00,49.742524640779
2025-06-12 03:47:00,68.1
2025-06-12 15:11:00,86.9
2025-06-12 08:39:00,50.8
2025-06-12 19:05:00,38.5
2025-06-12 14:48:00,85.0
2025-06-12 04:18:00,54.2
2025-06-12 04:35:00,20.0
2025-06-12 04:29:00,73.5
2025-06-12 11:42:00,19.0
2025-06-12 06:09:00,0.2
2025-06-12 07:37:00,27.2
2025-06-12 16:10:00,13.0
2025-06-12 09:27:00,57.6
2025-06-12 13:08:00,76.0
2025-06-12 19:20:00,79.2
2025-06-12 08:54:00,82.1
2025-06-12 09:42:00,71.3
2025-06-12 20:29:00,12.3
2025-06-12 18:03:00,85.0
2025-06-12 08:18:00,14.8
2025-06-12 20:22:00,49.5
2025-06-12 05:53:00,31.3
2025-06-12 05:33:00,87.3
2025-06-12 23:33:00,53.0
2025-06-12 07:14:00,82.9
2025-06-12 01:10:00,35.9
2025-06-12 14:21:00,78.9
2025-06-12 13:44:00,17.0
2025-06-12 04:23:00,69.9
2025-06-12 07:14:00,49.742524640779
2025-06-12 19:34:00,39.5
2025-06-12 03:44:00,21.3
2025-06-12 14:36:00,81.3
2025-06-12 12:35:00,57.0
2025-06-12 07:57:00,0.7
2025-06-12 13:46:00,49.742524640779
2025-06-12 13:39:00,52.1
2025-06-12 21:10:00,20.8
2025-06-12 10:23:00,61.7
2025-06-12 06:05:00,22.9
2025-06-12 18:01:00,49.742524640779
2025-06-12 13:04:00,29.1
2025-06-12 11:27:00,20.7
2025-06-12 01:52:00,91.7
2025-06-12 21:43:00,35.6
2025-06-12 07:06:00,46.1
2025-06-12 10:03:00,49.742524640779
2025-06-12 09:44:00,70.5
2025-06-12 06:13:00,98.3
2025-06-12 11:40:00,13.3
2025-06-12 03:21:00,4.1
2025-06-12 20:27:00,69.0
2025-06-12 23:38:00,70.6
2025-06-12 05:56:00,49.742524640779
2025-06-12 17:00:00,99.3
2025-06-12 23:36:00,93.1
2025-06-12 07:08:00,95.6
2025-06-12 22:23:00,49.742524640779
2025-06-12 23:47:00,49.742524640779
2025-06-12 09:38:00,31.0
2025-06-12 06:05:00,13.6
2025-06-12 19:19:00,49.742524640779
2025-06-12 03:53:00,45.5
2025-06-12 05:02:00,61.4
2025-06-12 10:07:00,92.5
2025-06-12 22:18:00,32.1
2025-06-12 11:51:00,36.0
2025-06-12 08:27:00,44.4
2025-06-12 22:21:00,89.5
2025-06-12 03:33:00,89.5
2025-06-12 11:49:00,1.7
2025-06-12 20:51:00,75.3
2025-06-12 05:28:00,3.1
2025-06-12 16:34:00,25.2
2025-06-12 02:46:00,52.8
2025-06-12 23:01:00,49.742524640779
2025-06-12 05:04:00,42.0
2025-06-12 01:34:00,62.3
2025-06-12 14:39:00,69.2
2025-06-12 04:54:00,36.3
2025-06-12 13:38:00,47.4
2025-06-12 01:02:00,49.742524640779
2025-06-12 18:46:00,23.4
2025-06-12 16:35:00,59.1
2025-06-12 21:52:00,40.1
2025-06-12 00:04:00,89.5
2025-06-12 22:37:00,49.742524640779
2025-06-12 19:36:00,1.1
2025-06-12 15:53:00,96.6
2025-06-12 08:46:00,56.4
2025-06-12 09:41:00,47.6
2025-06-12 07:47:00,12.4
2025-06-12 06:45:00,68.2
2025-06-12 00:41:00,53.9
2025-06-12 13:33:00,49.742524640779
2025-06-12 03:53:00,10.9
2025-06-12 04:42:00,49.742524640779
2025-06-12 03:58:00,3.3
2025-06-12 13:18:00,87.2
2025-06-12 19:40:00,1.0
2025-06-12 17:55:00,17.3
2025-06-12 23:25:00,49.742524640779
2025-06-12 08:11:00,57.3
2025-06-12 21:20:00,49.742524640779
2025-06-12 08:19:00,11.7
2025-06-12 17:22:00,92.3
2025-06-12 22:14:00,5.0
2025-06-12 18:00:00,71.6
2025-06-12 15:29:00,29.4
2025-06-12 22:46:00,62.5
2025-06-12 15:35:00,8.8
2025-06-12 06:32:00,56.0
2025-06-12 14:12:00,90.0
2025-06-12 02:44:00,52.8
2025-06-12 16:36:00,37.9
2025-06-12 03:37:00,6.6
2025-06-12 09:47:00,48.0
2025-06-12 12:06:00,85.5
2025-06-12 08:41:00,30.3
2025-06-12 06:09:00,28.0
2025-06-12 19:31:00,26.4
2025-06-12 18:12:00,49.742524640779
2025-06-12 05:43:00,49.742524640779
2025-06-12 11:27:00,20.2
2025-06-12 17:49:00,49.0
2025-06-12 13:50:00,49.742524640779
2025-06-12 16:06:00,46.9
2025-06-12 21:04:00,67.9
2025-06-12 13:16:00,20.0
2025-06-12 17:27:00,53.0
2025-06-12 00:12:00,98.2
2025-06-12 09:40:00,49.742524640779
2025-06-12 13:22:00,71.7
2025-06-12 20:49:00,38.7
2025-06-12 15:31:00,70.0
2025-06-12 08:46:00,49.742524640779
2025-06-12 01:26:00,22.7
2025-06-12 17:27:00,2.7
2025-06-12 03:53:00,63.5
2025-06-12 06:40:00,61.1
2025-06-12 07:43:00,83.8
2025-06-12 08:56:00,41.0
2025-06-12 12:57:00,65.4
2025-06-12 20:08:00,76.2
2025-06-12 07:23:00,49.742524640779
2025-06-12 08:23:00,72.4
2025-06-12 03:14:00,24.5
2025-06-12 11:54:00,11.4
2025-06-12 08:27:00,78.4
2025-06-12 16:21:00,49.742524640779
2025-06-12 04:43:00,49.742524640779
2025-06-12 16:13:00,62.1
2025-06-12 01:22:00,88.6
2025-06-12 01:59:00,49.742524640779
2025-06-12 23:13:00,15.6
2025-06-12 20:31:00,11.9
2025-06-12 15:23:00,10.4
2025-06-12 04:54:00,28.7
2025-06-12 02:58:00,7.6
2025-06-12 13:55:00,40.2
2025-06-12 11:34:00,49.742524640779
2025-06-12 05:57:00,68.9
2025-06-12 22:24:00,93.2
2025-06-12 02:39:00,60.7
2025-06-12 03:59:00,6.5
2025-06-12 12:12:00,74.4
2025-06-12 09:00:00,50.1
2025-06-12 19:00:00,49.742524640779
2025-06-12 18:17:00,7.2
2025-06-12 16:52:00,6.7
2025-06-12 10:29:00,60.2
2025-06-12 00:19:00,96.6
2025-06-12 17:52:00,64.7
2025-06-12 01:28:00,97.8
2025-06-12 17:42:00,0.0
2025-06-12 19:57:00,13.2
2025-06-12 18:48:00,95.7
2025-06-12 18:20:00,50.09606761356967
2025-06-12 09:31:00,5.9
2025-06-12 11:35:00,50.09606761356967
2025-06-12 06:50:00,44.9
2025-06-12 15:28:00,77.9
2025-06-12 03:12:00,50.09606761356967
2025-06-12 09:00:00,47.7
2025-06-12 05:31:00,42.1
2025-06-12 20:11:00,21.5
2025-06-12 03:21:00,75.7
2025-06-12 06:02:00,1.8
2025-06-12 11:11:00,70.0
2025-06-12 08:41:00,70.6
2025-06-12 23:17:00,45.2
2025-06-12 21:38:00,19.9
2025-06-12 13:09:00,50.09606761356967
2025-06-12 12:36:00,50.09606761356967
2025-06-12 16:09:00,84.1
2025-06-12 12:29:00,17.0
2025-06-12 13:32:00,53.3
2025-06-12 08:08:00,59.5
2025-06-12 10:24:00,32.5
2025-06-12 01:20:00,42.6
2025-06-12 02:43:00,57.6
2025-06-12 15:38:00,42.5
2025-06-12 15:36:00,59.7
2025-06-12 10:04:00,38.0
2025-06-12 17:38:00,35.5
2025-06-12 16:39:00,70.6
2025-06-12 08:55:00,69.7
2025-06-12 15:41:00,70.6
2025-06-12 02:59:00,50.09606761356967
2025-06-12 23:22:00,3.7
2025-06-12 16:02:00,66.5
2025-06-12 09:15:00,49.9
2025-06-12 07:35:00,94.8
2025-06-12 03:51:00,60.8
2025-06-12 07:47:00,9.7
2025-06-12 21:14:00,50.09606761356967
2025-06-12 07:06:00,33.6
2025-06-12 23:41:00,80.7
2025-06-12 15:10:00,11.6
2025-06-12 11:49:00,86.0
2025-06-12 11:50:00,10.3
2025-06-12 16:06:00,29.6
2025-06-12 04:24:00,50.09606761356967
2025-06-12 00:23:00,34.5
2025-06-12 21:44:00,70.6
2025-06-12 20:52:00,64.7
2025-06-12 09:18:00,56.0
2025-06-12 07:04:00,7.5
2025-06-12 08:43:00,32.6
2025-06-12 22:52:00,38.0
2025-06-12 23:31:00,13.6
2025-06-12 14:46:00,31.7
2025-06-12 02:18:00,34.2
2025-06-12 12:05:00,17.9
2025-06-12 10:45:00,48.6
2025-06-12 11:35:00,81.9
2025-06-12 00:31:00,50.09606761356967
2025-06-12 11:18:00,94.2
2025-06-12 21:42:00,38.4
2025-06-12 15:52:00,73.4
2025-06-12 18:18:00,74.9
2025-06-12 05:34:00,53.3
2025-06-12 00:16:00,34.7
2025-06-12 16:41:00,6.1
2025-06-12 06:48:00,83.0
2025-06-12 16:02:00,3.0
2025-06-12 03:51:00,99.7
2025-06-12 19:37:00,57.5
2025-06-12 01:34:00,29.2
2025-06-12 14:22:00,3.5
2025-06-12 08:49:00,21.9
2025-06-12 23:42:00,68.0
2025-06-12 17:17:00,18.7
2025-06-12 18:50:00,48.5
2025-06-12 05:23:00,94.3
2025-06-12 22:12:00,55.4
2025-06-12 20:16:00,50.09606761356967
2025-06-12 06:07:00,24.6
2025-06-12 13:00:00,29.0
2025-06-12 05:42:00,50.09606761356967
2025-06-12 09:49:00,99.0
2025-06-12 10:47:00,96.4
2025-06-12 05:18:00,47.6
2025-06-12 09:52:00,2.8
2025-06-12 03:15:00,91.5
2025-06-12 09:52:00,60.5
2025-06-12 21:53:00,17.2
2025-06-12 10:48:00,19.2
2025-06-12 07:02:00,50.09606761356967
2025-06-12 05:48:00,37.6
2025-06-12 03:33:00,79.9
2025-06-12 14:55:00,13.1
2025-06-12 19:27:00,92.8
2025-06-12 10:57:00,80.2
2025-06-12 02:06:00,72.1
2025-06-12 23:55:00,97.2
2025-06-12 09:31:00,54.4
2025-06-12 23:46:00,51.6
2025-06-12 17:59:00,50.09606761356967
2025-06-12 23:33:00,26.3
2025-06-12 00:46:00,50.09606761356967
2025-06-12 07:09:00,47.7
2025-06-12 07:06:00,79.0
2025-06-12 16:46:00,60.6
2025-06-12 03:12:00,89.4
2025-06-12 17:13:00,41.6
2025-06-12 20:43:00,19.0
2025-06-12 01:56:00,56.8
2025-06-12 21:04:00,26.1
2025-06-12 01:47:00,81.7
2025-06-12 18:18:00,45.0
2025-06-12 07:53:00,24.3
2025-06-12 00:18:00,69.4
2025-06-12 00:24:00,85.0
2025-06-12 04:11:00,53.4
2025-06-12 15:18:00,32.9
2025-06-12 17:23:00,6.8
2025-06-12 18:23:00,59.7
2025-06-12 17:34:00,88.7
2025-06-12 17:31:00,70.9
2025-06-12 12:08:00,46.3
2025-06-12 15:34:00,68.7
2025-06-12 09:06:00,50.09606761356967
2025-06-12 03:22:00,3.1
2025-06-12 10:42:00,50.09606761356967
2025-06-12 04:03:00,57.4
2025-06-12 00:11:00,37.8
2025-06-12 05:17:00,50.09606761356967
2025-06-12 22:49:00,43.7
2025-06-12 19:35:00,5.0
2025-06-12 21:41:00,9.2
2025-06-12 02:46:00,38.9
2025-06-12 01:51:00,61.8
2025-06-12 13:03:00,23.7
2025-06-12 00:04:00,50.09606761356967
2025-06-12 14:18:00,26.6
2025-06-12 19:33:00,47.3
2025-06-12 04:27:00,50.09606761356967
2025-06-12 13:31:00,5.6
2025-06-12 09:10:00,63.6
2025-06-12 15:15:00,69.5
2025-06-12 19:17:00,50.09606761356967
2025-06-12 02:39:00,31.8
2025-06-12 14:43:00,6.0
2025-06-12 12:48:00,50.09606761356967
2025-06-12 19:40:00,79.5
2025-06-12 20:34:00,21.3
2025-06-12 12:24:00,70.7
2025-06-12 18:59:00,50.09606761356967
2025-06-12 10:46:00,71.8
2025-06-12 16:05:00,33.1
2025-06-12 17:00:00,14.8
2025-06-12 13:44:00,51.3
2025-06-12 19:51:00,54.5
2025-06-12 02:02:00,17.0
2025-06-12 19:11:00,27.3
2025-06-12 09:32:00,91.0
2025-06-12 12:48:00,43.0
2025-06-12 01:19:00,77.8
2025-06-12 21:16:00,57.9
2025-06-12 19:14:00,63.6
2025-06-12 02:47:00,12.6
2025-06-12 00:33:00,24.5
2025-06-12 19:28:00,26.2
2025-06-12 06:49:00,50.09606761356967
2025-06-12 01:06:00,83.3
2025-06-12 10:30:00,44.9
2025-06-12 14:29:00,50.09606761356967
2025-06-12 22:50:00,69.2
2025-06-12 04:27:00,39.0
2025-06-12 11:39:00,8.8
2025-06-12 04:43:00,35.2
2025-06-12 17:53:00,77.9
2025-06-12 19:31:00,59.4
2025-06-12 12:24:00,97.7
2025-06-12 02:18:00,87.1
2025-06-12 12:20:00,85.8
2025-06-12 07:48:00,30.0
2025-06-12 18:33:00,50.09606761356967
2025-06-12 09:21:00,96.6
2025-06-12 11:34:00,57.2
2025-06-12 23:11:00,29.4
2025-06-12 08:26:00,2.0
2025-06-12 04:48:00,18.8
2025-06-12 14:24:00,12.8
2025-06-12 17:06:00,80.8
2025-06-12 20:09:00,34.7
2025-06-12 21:35:00,31.1
2025-06-12 13:49:00,83.3
2025-06-12 20:55:00,24.7
2025-06-12 22:39:00,63.4
2025-06-12 21:43:00,59.8
2025-06-12 08:34:00,13.1
2025-06-12 01:14:00,50.2
2025-06-12 06:30:00,82.9
2025-06-12 13:20:00,50.09606761356967
2025-06-12 21:55:00,17.4
2025-06-12 19:38:00,47.5
2025-06-12 15:15:00,69.8
2025-06-12 02:59:00,2.1
2025-06-12 03:23:00,50.09606761356967
2025-06-12 02:55:00,3.3
2025-06-12 10:31:00,84.8
2025-06-12 07:02:00,89.2
2025-06-12 19:31:00,68.8
2025-06-12 05:08:00,29.9
2025-06-12 14:41:00,3.5
2025-06-12 11:58:00,38.9
2025-06-12 06:34:00,56.1
2025-06-12 02:29:00,46.9
2025-06-12 09:53:00,37.5
2025-06-12 03:42:00,2.1
2025-06-12 02:58:00,59.4
2025-06-12 09:20:00,50.09606761356967
2025-06-12 10:58:00,50.09606761356967
2025-06-12 02:11:00,51.4
2025-06-12 05:52:00,29.3
2025-06-12 19:31:00,4.5
2025-06-12 18:53:00,75.1
2025-06-12 04:25:00,98.8
2025-06-12 06:38:00,92.6
2025-06-12 07:58:00,50.09606761356967
2025-06-12 08:43:00,41.5
2025-06-12 09:15:00,50.09606761356967
2025-06-12 12:04:00,38.3
2025-06-12 12:07:00,50.09606761356967
2025-06-12 00:09:00,15.9
2025-06-12 04:39:00,43.2
2025-06-12 04:36:00,25.4
2025-06-12 02:54:00,71.8
2025-06-12 00:48:00,69.5
2025-06-12 11:57:00,72.7
2025-06-12 22:23:00,76.9
2025-06-12 17:22:00,26.4
2025-06-12 05:19:00,15.3
2025-06-12 00:45:00,5.6
2025-06-12 05:35:00,45.3
2025-06-12 23:47:00,1.5
2025-06-12 00:38:00,51.9
2025-06-12 17:47:00,33.7
2025-06-12 18:49:00,1.7
2025-06-12 14:30:00,14.5
2025-06-12 18:03:00,83.9
2025-06-12 10:29:00,2.4
2025-06-12 16:55:00,25.6
2025-06-12 07:48:00,60.7
2025-06-12 16:49:00,50.09606761356967
2025-06-12 05:02:00,35.8
2025-06-12 22:08:00,50.09606761356967
2025-06-12 19:54:00,14.2
2025-06-12 05:28:00,75.9
2025-06-12 18:24:00,30.4
2025-06-12 20:06:00,24.3
2025-06-12 02:56:00,72.1
2025-06-12 19:34:00,62.5
2025-06-12 08:21:00,8.0
2025-06-12 19:02:00,40.9
2025-06-12 23:43:00,79.9
2025-06-12 00:09:00,95.2
2025-06-12 07:47:00,50.09606761356967
2025-06-12 06:21:00,50.09606761356967
2025-06-12 08:26:00,16.7
2025-06-12 12:10:00,70.4
2025-06-12 10:42:00,26.4
2025-06-12 02:43:00,56.8
2025-06-12 23:15:00,25.3
2025-06-12 19:49:00,82.1
2025-06-12 03:55:00,3.4
2025-06-12 07:51:00,4.1
2025-06-12 00:41:00,50.09606761356967
2025-06-12 22:31:00,10.5
2025-06-12 19:33:00,12.1
2025-06-12 14:07:00,50.09606761356967
2025-06-12 06:45:00,98.5
2025-06-12 23:02:00,85.3
2025-06-12 10:17:00,60.4
2025-06-12 00:34:00,51.4
2025-06-12 10:46:00,60.3
2025-06-12 18:36:00,83.9
2025-06-12 02:36:00,38.8
2025-06-12 06:43:00,70.5
2025-06-12 21:09:00,97.4
2025-06-12 19:47:00,16.7
2025-06-12 06:31:00,2.2
2025-06-12 17:16:00,62.9
2025-06-12 15:34:00,43.9
2025-06-12 21:56:00,60.2
2025-06-12 01:07:00,50.09606761356967
2025-06-12 09:16:00,57.8
2025-06-12 17:21:00,50.09606761356967
2025-06-12 20:42:00,80.2
2025-06-12 13:18:00,93.2
2025-06-12 07:39:00,50.09606761356967
2025-06-12 17:12:00,50.09606761356967
2025-06-12 05:33:00,78.6
2025-06-12 12:42:00,10.8
2025-06-12 14:06:00,50.09606761356967
2025-06-12 18:31:00,74.4
2025-06-12 10:04:00,50.09606761356967
2025-06-12 10:29:00,32.1
2025-06-12 15:08:00,25.5
2025-06-12 11:52:00,98.7
2025-06-12 18:11:00,50.09606761356967
2025-06-12 02:51:00,89.6
2025-06-12 15:17:00,92.7
2025-06-12 23:22:00,50.09606761356967
2025-06-12 12:17:00,4.0
2025-06-12 16:53:00,50.09606761356967
2025-06-12 17:19:00,33.0
2025-06-12 16:48:00,78.2
2025-06-12 16:30:00,37.3
2025-06-12 01:01:00,92.6
2025-06-12 06:18:00,35.7
2025-06-12 18:48:00,33.3
2025-06-12 11:48:00,32.1
2025-06-12 22:32:00,17.7
2025-06-12 20:05:00,39.6
2025-06-12 00:04:00,94.1
2025-06-12 16:26:00,6.3
2025-06-12 17:40:00,22.0
2025-06-12 09:42:00,10.1
2025-06-12 20:55:00,30.5
2025-06-12 08:05:00,50.09606761356967
2025-06-12 15:04:00,11.1
2025-06-12 15:27:00,74.9
2025-06-12 07:48:00,46.6
2025-06-12 08:39:00,49.952608030142464
2025-06-12 03:18:00,52.6
2025-06-12 01:15:00,83.6
2025-06-12 08:07:00,7.2
2025-06-12 09:25:00,22.0
2025-06-12 15:34:00,11.1
2025-06-12 13:16:00,91.6
2025-06-12 11:07:00,69.7
2025-06-12 19:58:00,24.3
2025-06-12 15:07:00,24.5
2025-06-12 15:29:00,60.7
2025-06-12 06:33:00,49.952608030142464
2025-06-12 15:50:00,49.952608030142464
2025-06-12 02:47:00,20.4
2025-06-12 12:32:00,98.3
2025-06-12 22:53:00,86.9
2025-06-12 09:15:00,42.9
2025-06-12 06:42:00,60.5
2025-06-12 02:01:00,76.6
2025-06-12 00:44:00,56.1
2025-06-12 09:11:00,20.9
2025-06-12 20:20:00,17.4
2025-06-12 13:21:00,49.952608030142464
2025-06-12 02:23:00,47.8
2025-06-12 07:25:00,49.952608030142464
2025-06-12 19:05:00,11.9
2025-06-12 16:25:00,66.8
2025-06-12 17:12:00,9.3
2025-06-12 03:11:00,42.1
2025-06-12 23:05:00,49.952608030142464
2025-06-12 13:04:00,65.9
2025-06-12 14:41:00,35.0
2025-06-12 15:06:00,95.5
2025-06-12 00:03:00,72.7
2025-06-12 20:02:00,60.8
2025-06-12 20:04:00,54.7
2025-06-12 14:22:00,49.952608030142464
2025-06-12 05:44:00,10.0
2025-06-12 09:46:00,27.4
2025-06-12 09:52:00,67.6
2025-06-12 05:58:00,86.9
2025-06-12 18:42:00,49.952608030142464
2025-06-12 12:39:00,19.2
2025-06-12 12:20:00,51.9
2025-06-12 03:23:00,39.9
2025-06-12 22:03:00,99.1
2025-06-12 05:14:00,49.952608030142464
2025-06-12 20:46:00,16.7
2025-06-12 07:31:00,49.952608030142464
2025-06-12 18:20:00,22.7
2025-06-12 05:17:00,52.2
2025-06-12 12:22:00,49.952608030142464
2025-06-12 11:21:00,49.952608030142464
2025-06-12 18:13:00,62.9
2025-06-12 17:50:00,14.5
2025-06-12 12:49:00,60.3
2025-06-12 17:12:00,42.5
2025-06-12 19:32:00,61.5
2025-06-12 05:43:00,56.2
2025-06-12 23:28:00,92.7
2025-06-12 23:44:00,75.2
2025-06-12 19:33:00,49.952608030142464
2025-06-12 10:19:00,8.8
2025-06-12 10:56:00,59.8
2025-06-12 07:20:00,94.6
2025-06-12 04:46:00,66.2
2025-06-12 01:22:00,87.2
2025-06-12 09:30:00,5.8
2025-06-12 10:38:00,47.1
2025-06-12 06:31:00,15.1
2025-06-12 19:44:00,22.7
2025-06-12 07:02:00,15.9
2025-06-12 22:19:00,34.8
2025-06-12 08:05:00,69.0
2025-06-12 03:42:00,36.5
2025-06-12 12:45:00,51.3
2025-06-12 07:23:00,91.4
2025-06-12 18:20:00,40.3
2025-06-12 22:37:00,33.9
2025-06-12 11:31:00,30.0
2025-06-12 06:59:00,10.1
2025-06-12 16:33:00,27.3
2025-06-12 01:40:00,12.7
2025-06-12 18:34:00,81.8
2025-06-12 04:36:00,60.3
2025-06-12 19:00:00,46.0
2025-06-12 13:57:00,59.3
2025-06-12 02:26:00,30.0
2025-06-12 08:56:00,85.3
2025-06-12 10:57:00,65.9
2025-06-12 03:53:00,62.2
2025-06-12 18:55:00,49.952608030142464
2025-06-12 00:04:00,55.3
2025-06-12 16:46:00,24.7
2025-06-12 07:01:00,79.3
2025-06-12 18:15:00,62.2
2025-06-12 08:24:00,17.5
2025-06-12 00:38:00,29.3
2025-06-12 14:01:00,63.3
2025-06-12 10:40:00,26.6
2025-06-12 05:41:00,81.6
2025-06-12 08:13:00,55.9
2025-06-12 06:57:00,95.9
2025-06-12 02:07:00,16.9
2025-06-12 21:24:00,78.1
2025-06-12 13:37:00,32.5
2025-06-12 19:36:00,9.6
2025-06-12 22:20:00,13.8
2025-06-12 09:25:00,49.952608030142464
2025-06-12 15:24:00,49.952608030142464
2025-06-12 09:10:00,87.9
2025-06-12 04:27:00,39.5
2025-06-12 18:36:00,94.1
2025-06-12 14:21:00,62.8
2025-06-12 05:53:00,92.5
2025-06-12 22:47:00,8.5
2025-06-12 14:12:00,77.3
2025-06-12 10:41:00,49.952608030142464
2025-06-12 21:13:00,48.5
2025-06-12 22:46:00,55.5
2025-06-12 20:02:00,96.0
2025-06-12 19:31:00,76.2
2025-06-12 15:21:00,22.1
2025-06-12 04:26:00,86.0
2025-06-12 09:20:00,54.5
2025-06-12 23:13:00,19.3
2025-06-12 20:47:00,30.5
2025-06-12 09:43:00,24.2
2025-06-12 19:04:00,19.2
2025-06-12 02:36:00,67.2
2025-06-12 08:00:00,85.1
2025-06-12 01:13:00,83.0
2025-06-12 08:51:00,47.0
2025-06-12 10:29:00,26.0
2025-06-12 14:46:00,49.952608030142464
2025-06-12 04:03:00,76.6
2025-06-12 14:21:00,68.3
2025-06-12 17:00:00,49.952608030142464
2025-06-12 22:27:00,54.7
2025-06-12 02:47:00,68.6
2025-06-12 03:57:00,31.0
2025-06-12 15:15:00,23.2
2025-06-12 11:34:00,54.5
2025-06-12 02:03:00,20.2
2025-06-12 00:24:00,86.2
2025-06-12 07:00:00,13.0
2025-06-12 08:42:00,49.952608030142464
2025-06-12 02:16:00,9.6
2025-06-12 05:39:00,13.8
2025-06-12 22:42:00,41.6
2025-06-12 18:22:00,88.3
2025-06-12 14:25:00,55.2
2025-06-12 01:18:00,10.6
2025-06-12 10:40:00,95.8
2025-06-12 04:57:00,92.2
2025-06-12 08:25:00,24.7
2025-06-12 22:59:00,84.6
2025-06-12 05:47:00,7.3
2025-06-12 03:43:00,71.9
2025-06-12 01:02:00,32.1
2025-06-12 23:29:00,32.8
2025-06-12 19:55:00,79.2
2025-06-12 06:18:00,36.4
2025-06-12 17:27:00,96.9
2025-06-12 18:49:00,23.5
2025-06-12 01:36:00,66.1
2025-06-12 15:00:00,15.7
2025-06-12 22:14:00,65.3
2025-06-12 17:54:00,51.9
2025-06-12 18:03:00,68.3
2025-06-12 13:54:00,84.6
2025-06-12 17:35:00,57.9
2025-06-12 17:56:00,15.1
2025-06-12 11:21:00,12.6
2025-06-12 09:19:00,89.9
2025-06-12 18:08:00,0.9
2025-06-12 18:23:00,3.6
2025-06-12 06:03:00,27.9
2025-06-12 04:50:00,92.1
2025-06-12 19:46:00,1.5
2025-06-12 01:31:00,9.7
2025-06-12 14:17:00,49.952608030142464
2025-06-12 22:40:00,38.0
2025-06-12 04:59:00,69.6
2025-06-12 10:33:00,50.7
2025-06-12 02:45:00,79.3
2025-06-12 04:09:00,93.0
2025-06-12 18:28:00,85.0
2025-06-12 04:30:00,91.7
2025-06-12 20:56:00,82.8
2025-06-12 04:40:00,59.7
2025-06-12 10:41:00,54.6
2025-06-12 22:45:00,49.952608030142464
2025-06-12 18:46:00,35.0
2025-06-12 18:37:00,58.3
2025-06-12 15:36:00,49.952608030142464
2025-06-12 21:54:00,27.3
2025-06-12 04:46:00,16.5
2025-06-12 15:14:00,95.1
2025-06-12 09:57:00,83.7
2025-06-12 03:00:00,49.952608030142464
2025-06-12 00:29:00,49.952608030142464
2025-06-12 04:51:00,17.1
2025-06-12 11:44:00,69.0
2025-06-12 11:18:00,58.4
2025-06-12 03:25:00,42.2
2025-06-12 07:41:00,94.8
2025-06-12 22:28:00,66.8
2025-06-12 02:11:00,49.952608030142464
2025-06-12 21:05:00,0.6
2025-06-12 20:36:00,88.9
2025-06-12 17:39:00,87.2
2025-06-12 23:29:00,30.7
2025-06-12 18:36:00,49.952608030142464
2025-06-12 02:54:00,70.2
2025-06-12 16:29:00,49.952608030142464
2025-06-12 03:25:00,20.1
2025-06-12 00:58:00,49.952608030142464
2025-06-12 02:08:00,85.1
2025-06-12 19:03:00,48.6
2025-06-12 11:58:00,49.952608030142464
2025-06-12 02:24:00,77.3
2025-06-12 08:00:00,49.7
2025-06-12 18:59:00,34.5
2025-06-12 15:15:00,29.8
2025-06-12 15:03:00,88.3
2025-06-12 22:57:00,76.2
2025-06-12 00:05:00,49.952608030142464
2025-06-12 15:44:00,35.7
2025-06-12 19:55:00,64.1
2025-06-12 11:20:00,25.2
2025-06-12 18:53:00,27.9
2025-06-12 19:47:00,34.1
2025-06-12 12:51:00,27.8
2025-06-12 02:04:00,49.952608030142464
2025-06-12 08:52:00,99.3
2025-06-12 15:06:00,45.4
2025-06-12 18:27:00,5.0
2025-06-12 22:16:00,49.952608030142464
2025-06-12 20:52:00,49.952608030142464
2025-06-12 01:09:00,87.0
2025-06-12 16:54:00,50.8
2025-06-12 18:39:00,21.5
2025-06-12 02:16:00,48.0
2025-06-12 22:33:00,42.4
2025-06-12 04:14:00,27.9
2025-06-12 00:29:00,71.3
2025-06-12 17:01:00,49.952608030142464
2025-06-12 10:05:00,38.2
2025-06-12 19:43:00,49.952608030142464
2025-06-12 02:12:00,4.7
2025-06-12 02:41:00,49.952608030142464
2025-06-12 21:38:00,49.952608030142464
2025-06-12 11:47:00,49.952608030142464
2025-06-12 21:57:00,22.1
2025-06-12 21:09:00,15.5
2025-06-12 08:17:00,6.9
2025-06-12 13:51:00,34.8
2025-06-12 10:32:00,84.7
2025-06-12 05:47:00,50.1
2025-06-12 16:53:00,95.5
2025-06-12 12:51:00,49.952608030142464
2025-06-12 02:37:00,79.5
2025-06-12 01:30:00,70.2
2025-06-12 15:02:00,0.7
2025-06-12 07:28:00,5.4
2025-06-12 20:35:00,9.6
2025-06-12 10:56:00,36.7
2025-06-12 02:47:00,49.952608030142464
2025-06-12 05:26:00,10.3
2025-06-12 05:31:00,12.0
2025-06-12 21:54:00,57.6
2025-06-12 16:07:00,77.6
2025-06-12 04:14:00,83.7
2025-06-12 04:48:00,10.5
2025-06-12 09:05:00,76.1
2025-06-12 16:24:00,49.952608030142464
2025-06-12 20:47:00,11.7
2025-06-12 18:56:00,27.2
2025-06-12 10:39:00,85.9
2025-06-12 15:35:00,24.9
2025-06-12 21:25:00,85.1
2025-06-12 17:56:00,87.1
2025-06-12 00:16:00,5.9
2025-06-12 12:30:00,45.7
2025-06-12 20:19:00,88.0
2025-06-12 12:13:00,49.952608030142464
2025-06-12 17:51:00,84.3
2025-06-12 18:07:00,21.5
2025-06-12 08:07:00,84.2
2025-06-12 18:48:00,14.2
2025-06-12 20:33:00,3.7
2025-06-12 06:56:00,79.6
2025-06-12 08:22:00,18.7
2025-06-12 02:48:00,20.6
2025-06-12 01:13:00,63.1
2025-06-12 03:32:00,28.4
2025-06-12 16:25:00,17.2
2025-06-12 21:18:00,49.952608030142464
2025-06-12 08:14:00,12.2
2025-06-12 03:07:00,47.7
2025-06-12 14:08:00,77.6
2025-06-12 03:52:00,28.1
2025-06-12 03:10:00,61.4
2025-06-12 00:07:00,82.0
2025-06-12 15:39:00,32.9
2025-06-12 09:37:00,97.9
2025-06-12 18:13:00,29.2
2025-06-12 06:41:00,50.21640523646657
2025-06-12 21:30:00,27.3
2025-06-12 16:21:00,50.21640523646657
2025-06-12 17:38:00,50.21640523646657
2025-06-12 17:00:00,40.3
2025-06-12 02:53:00,93.0
2025-06-12 14:21:00,82.4
2025-06-12 05:45:00,29.4
2025-06-12 18:41:00,59.0
2025-06-12 02:41:00,8.2
2025-06-12 19:55:00,64.1
2025-06-12 00:51:00,93.0
2025-06-12 06:36:00,90.5
2025-06-12 21:20:00,26.0
2025-06-12 15:23:00,76.1
2025-06-12 16:55:00,78.8
2025-06-12 21:42:00,69.5
2025-06-12 15:24:00,18.9
2025-06-12 00:19:00,38.3
2025-06-12 15:47:00,7.8
2025-06-12 13:26:00,55.6
2025-06-12 22:17:00,66.5
2025-06-12 04:26:00,18.8
2025-06-12 00:22:00,91.0
2025-06-12 18:10:00,93.6
2025-06-12 22:14:00,50.21640523646657
2025-06-12 15:50:00,50.21640523646657
2025-06-12 21:34:00,92.1
2025-06-12 21:37:00,97.7
2025-06-12 01:38:00,1.4
2025-06-12 01:51:00,36.8
2025-06-12 18:21:00,16.4
2025-06-12 04:32:00,50.21640523646657
2025-06-12 21:55:00,82.9
2025-06-12 04:27:00,76.5
2025-06-12 00:58:00,34.2
2025-06-12 20:08:00,94.4
2025-06-12 20:11:00,50.21640523646657
2025-06-12 10:52:00,80.4
2025-06-12 09:55:00,50.21640523646657
2025-06-12 03:00:00,97.9
2025-06-12 15:23:00,54.1
2025-06-12 13:29:00,86.4
2025-06-12 00:38:00,76.4
2025-06-12 10:04:00,50.21640523646657
2025-06-12 23:37:00,99.2
2025-06-12 18:39:00,68.1
2025-06-12 20:52:00,4.6
2025-06-12 02:12:00,36.9
2025-06-12 14:03:00,50.21640523646657
2025-06-12 11:03:00,77.8
2025-06-12 08:17:00,11.2
2025-06-12 19:42:00,91.1
2025-06-12 14:37:00,9.6
2025-06-12 13:35:00,50.21640523646657
2025-06-12 06:20:00,26.5
2025-06-12 04:27:00,44.2
2025-06-12 23:09:00,44.6
2025-06-12 05:23:00,34.4
2025-06-12 21:42:00,50.21640523646657
2025-06-12 03:08:00,36.1
2025-06-12 11:11:00,50.21640523646657
2025-06-12 23:30:00,40.3
2025-06-12 07:41:00,19.0
2025-06-12 15:38:00,52.7
2025-06-12 00:31:00,66.7
2025-06-12 14:33:00,83.1
2025-06-12 03:07:00,16.8
2025-06-12 12:40:00,41.1
2025-06-12 12:20:00,50.21640523646657
2025-06-12 22:13:00,17.1
2025-06-12 21:20:00,82.0
2025-06-12 08:07:00,55.2
2025-06-12 14:25:00,9.4
2025-06-12 03:19:00,50.21640523646657
2025-06-12 01:02:00,50.21640523646657
2025-06-12 01:10:00,26.8
2025-06-12 11:36:00,50.21640523646657
2025-06-12 23:16:00,70.2
2025-06-12 23:32:00,60.0
2025-06-12 00:03:00,64.0
2025-06-12 00:27:00,31.5
2025-06-12 06:08:00,75.9
2025-06-12 22:53:00,71.5
2025-06-12 09:42:00,92.7
2025-06-12 10:29:00,35.2
2025-06-12 00:27:00,50.21640523646657
2025-06-12 08:24:00,40.8
2025-06-12 22:18:00,46.6
2025-06-12 05:12:00,81.1
2025-06-12 03:14:00,75.1
2025-06-12 23:17:00,50.21640523646657
2025-06-12 21:41:00,50.21640523646657
2025-06-12 11:58:00,50.21640523646657
2025-06-12 19:00:00,54.8
2025-06-12 11:12:00,30.2
2025-06-12 13:36:00,18.8
2025-06-12 18:12:00,13.4
2025-06-12 03:39:00,50.21640523646657
2025-06-12 12:21:00,51.6
2025-06-12 06:59:00,11.9
2025-06-12 06:21:00,30.9
2025-06-12 03:18:00,97.4
2025-06-12 17:18:00,81.8
2025-06-12 19:16:00,70.3
2025-06-12 21:24:00,98.3
2025-06-12 22:51:00,24.6
2025-06-12 10:55:00,30.8
2025-06-12 19:03:00,57.0
2025-06-12 02:03:00,40.0
2025-06-12 17:38:00,42.4
2025-06-12 16:41:00,30.6
2025-06-12 01:20:00,21.5
2025-06-12 18:21:00,50.21640523646657
2025-06-12 05:14:00,90.3
2025-06-12 13:12:00,23.5
2025-06-12 19:39:00,72.9
2025-06-12 06:28:00,50.21640523646657
2025-06-12 15:54:00,44.3
2025-06-12 16:17:00,60.4
2025-06-12 00:22:00,50.2
2025-06-12 19:23:00,0.1
2025-06-12 19:25:00,28.9
2025-06-12 16:43:00,50.21640523646657
2025-06-12 11:49:00,36.1
2025-06-12 09:50:00,50.21640523646657
2025-06-12 00:33:00,68.0
2025-06-12 05:09:00,50.21640523646657
2025-06-12 16:48:00,36.0
2025-06-12 00:38:00,10.3
2025-06-12 18:52:00,97.5
2025-06-12 08:28:00,76.1
2025-06-12 08:09:00,14.6
2025-06-12 11:13:00,10.1
2025-06-12 13:51:00,11.9
2025-06-12 16:53:00,91.6
2025-06-12 01:59:00,56.1
2025-06-12 03:09:00,67.4
2025-06-12 07:36:00,50.21640523646657
2025-06-12 15:39:00,3.6
2025-06-12 14:12:00,47.6
2025-06-12 11:33:00,12.8
2025-06-12 07:01:00,50.21640523646657
2025-06-12 17:01:00,84.1
2025-06-12 00:05:00,50.21640523646657
2025-06-12 20:21:00,81.4
2025-06-12 08:46:00,94.7
2025-06-12 10:36:00,50.21640523646657
2025-06-12 04:52:00,50.21640523646657
2025-06-12 14:48:00,71.5
2025-06-12 19:55:00,83.7
2025-06-12 02:17:00,89.6
2025-06-12 16:37:00,51.8
2025-06-12 12:54:00,63.7
2025-06-12 12:04:00,50.21640523646657
2025-06-12 06:46:00,82.2
2025-06-12 21:24:00,70.1
2025-06-12 13:33:00,59.0
2025-06-12 21:48:00,33.4
2025-06-12 16:27:00,76.2
2025-06-12 03:41:00,27.6
2025-06-12 05:09:00,50.21640523646657
2025-06-12 17:09:00,88.9
2025-06-12 21:18:00,37.4
2025-06-12 16:22:00,61.0
2025-06-12 06:56:00,40.9
2025-06-12 00:30:00,2.6
2025-06-12 14:36:00,82.3
2025-06-12 23:36:00,79.7
2025-06-12 21:16:00,26.5
2025-06-12 08:58:00,50.21640523646657
2025-06-12 22:41:00,58.8
2025-06-12 07:07:00,60.3
2025-06-12 19:11:00,65.2
2025-06-12 06:13:00,50.21640523646657
2025-06-12 03:13:00,24.0
2025-06-12 16:26:00,67.6
2025-06-12 03:18:00,84.2
2025-06-12 17:46:00,9.4
2025-06-12 04:17:00,22.8
2025-06-12 01:21:00,45.0
2025-06-12 11:07:00,2.1
2025-06-12 01:45:00,42.1
2025-06-12 07:48:00,7.3
2025-06-12 01:32:00,50.21640523646657
2025-06-12 20:31:00,17.7
2025-06-12 05:32:00,13.6
2025-06-12 22:53:00,80.1
2025-06-12 15:44:00,50.6
2025-06-12 23:27:00,62.6
2025-06-12 09:03:00,97.6
2025-06-12 21:44:00,75.4
2025-06-12 05:44:00,83.1
2025-06-12 22:51:00,73.5
2025-06-12 02:02:00,96.9
2025-06-12 01:20:00,66.4
2025-06-12 08:24:00,61.7
2025-06-12 22:26:00,6.0
2025-06-12 17:58:00,5.8
2025-06-12 03:55:00,24.5
2025-06-12 10:47:00,50.21640523646657
2025-06-12 17:45:00,50.21640523646657
2025-06-12 19:50:00,50.21640523646657
2025-06-12 04:11:00,87.0
2025-06-12 19:35:00,64.1
2025-06-12 09:14:00,38.3
2025-06-12 06:57:00,46.0
2025-06-12 12:24:00,3.6
2025-06-12 18:10:00,92.6
2025-06-12 05:58:00,24.2
2025-06-12 02:00:00,34.7
2025-06-12 21:52:00,48.9
2025-06-12 15:22:00,72.1
2025-06-12 19:45:00,16.0
2025-06-12 16:22:00,2.1
2025-06-12 07:57:00,64.3
2025-06-12 06:41:00,67.4
2025-06-12 08:05:00,78.1
2025-06-12 09:01:00,50.21640523646657
2025-06-12 12:46:00,54.4
2025-06-12 15:30:00,11.4
2025-06-12 12:40:00,50.21640523646657
2025-06-12 18:08:00,85.2
2025-06-12 01:37:00,46.6
2025-06-12 22:53:00,50.21640523646657
2025-06-12 18:21:00,14.1
2025-06-12 03:35:00,60.1
2025-06-12 09:02:00,18.6
2025-06-12 01:35:00,70.8
2025-06-12 02:52:00,5.4
2025-06-12 23:19:00,31.5
2025-06-12 20:59:00,58.1
2025-06-12 19:36:00,42.8
2025-06-12 01:07:00,46.9
2025-06-12 17:24:00,3.7
2025-06-12 10:31:00,9.8
2025-06-12 05:02:00,98.3
2025-06-12 21:49:00,12.0
2025-06-12 15:29:00,81.3
2025-06-12 09:02:00,67.2
2025-06-12 16:17:00,36.6
2025-06-12 03:24:00,97.6
2025-06-12 07:16:00,22.4
2025-06-12 14:34:00,31.6
2025-06-12 19:01:00,50.21640523646657
2025-06-12 21:21:00,76.2
2025-06-12 06:46:00,36.6
2025-06-12 15:10:00,4.5
2025-06-12 15:59:00,63.9
2025-06-12 13:19:00,41.1
2025-06-12 13:41:00,40.1
2025-06-12 07:09:00,50.21640523646657
2025-06-12 03:56:00,90.4
2025-06-12 02:45:00,99.2
2025-06-12 07:46:00,50.21640523646657
2025-06-12 08:29:00,50.21640523646657
2025-06-12 23:08:00,78.6
2025-06-12 16:09:00,85.4
2025-06-12 11:16:00,32.4
2025-06-12 04:48:00,50.21640523646657
2025-06-12 23:32:00,34.1
2025-06-12 09:48:00,28.0
2025-06-12 03:21:00,55.7
2025-06-12 04:25:00,50.21640523646657
2025-06-12 07:03:00,93.4
2025-06-12 21:22:00,86.8
2025-06-12 09:13:00,96.3
2025-06-12 16:56:00,30.3
2025-06-12 21:59:00,19.1
2025-06-12 22:09:00,50.21640523646657
2025-06-12 22:23:00,77.9
2025-06-12 12:06:00,50.21640523646657
2025-06-12 07:28:00,25.0
2025-06-12 13:52:00,80.2
2025-06-12 00:52:00,32.2
2025-06-12 22:42:00,54.1
2025-06-12 17:20:00,3.4
2025-06-12 17:56:00,51.7
2025-06-12 08:12:00,50.21640523646657
2025-06-12 21:15:00,91.0
2025-06-12 09:52:00,19.6
2025-06-12 23:41:00,50.9
2025-06-12 05:10:00,87.8
2025-06-12 00:44:00,50.21640523646657
2025-06-12 19:50:00,51.2
2025-06-12 12:48:00,60.1
2025-06-12 11:56:00,34.5
2025-06-12 12:01:00,70.1
2025-06-12 20:51:00,54.3
2025-06-12 08:59:00,61.1
2025-06-12 20:46:00,71.7
2025-06-12 14:13:00,46.5
2025-06-12 14:25:00,61.0
2025-06-12 17:22:00,92.7
2025-06-12 09:33:00,81.4
2025-06-12 17:53:00,76.0
2025-06-12 17:39:00,92.6
2025-06-12 20:24:00,40.5
2025-06-12 19:59:00,79.2
2025-06-12 23:42:00,45.0
2025-06-12 18:16:00,17.0
2025-06-12 01:52:00,42.6
2025-06-12 10:23:00,42.7
2025-06-12 06:23:00,21.0
2025-06-12 06:12:00,56.1
2025-06-12 19:51:00,50.21640523646657
2025-06-12 22:44:00,50.21640523646657
2025-06-12 04:33:00,46.2
2025-06-12 18:47:00,91.5
2025-06-12 23:52:00,34.9
2025-06-12 00:35:00,90.2
2025-06-12 16:24:00,28.1
2025-06-12 02:56:00,22.1
2025-06-12 01:47:00,13.3
2025-06-12 16:37:00,90.4
2025-06-12 13:33:00,50.21640523646657
2025-06-12 01:26:00,92.2
2025-06-12 10:01:00,66.6
2025-06-12 18:56:00,4.9
2025-06-12 18:38:00,62.5
2025-06-12 09:55:00,63.3
2025-06-12 01:20:00,2.0
2025-06-12 10:11:00,39.0
2025-06-12 13:39:00,50.21640523646657
2025-06-12 00:40:00,14.7
2025-06-12 15:27:00,56.6
2025-06-12 09:48:00,10.6
2025-06-12 22:00:00,66.8
2025-06-12 09:36:00,92.5
2025-06-12 02:40:00,22.3
2025-06-12 00:35:00,50.21640523646657
2025-06-12 06:49:00,61.0
2025-06-12 11:17:00,59.7
2025-06-12 23:18:00,32.0
2025-06-12 18:42:00,3.4
2025-06-12 09:45:00,63.7
2025-06-12 21:31:00,8.0
2025-06-12 02:22:00,90.9
2025-06-12 15:16:00,49.70408187272085
2025-06-12 21:16:00,98.2
2025-06-12 14:06:00,93.2
2025-06-12 08:28:00,77.3
2025-06-12 04:54:00,31.3
2025-06-12 02:49:00,19.7
2025-06-12 02:08:00,49.70408187272085
2025-06-12 00:32:00,22.6
2025-06-12 04:47:00,80.3
2025-06-12 13:18:00,44.9
2025-06-12 15:06:00,79.1
2025-06-12 04:15:00,66.0
2025-06-12 23:13:00,72.8
2025-06-12 05:30:00,94.4
2025-06-12 13:56:00,80.3
2025-06-12 17:18:00,57.9
2025-06-12 10:58:00,56.4
2025-06-12 21:31:00,23.9
2025-06-12 06:52:00,49.70408187272085
2025-06-12 16:32:00,49.9
2025-06-12 22:23:00,97.5
2025-06-12 19:41:00,55.6
2025-06-12 21:41:00,49.70408187272085
2025-06-12 10:55:00,3.9
2025-06-12 14:40:00,46.0
2025-06-12 18:35:00,8.8
2025-06-12 14:10:00,77.6
2025-06-12 20:28:00,58.3
2025-06-12 11:02:00,72.7
2025-06-12 03:31:00,64.3
2025-06-12 07:37:00,49.70408187272085
2025-06-12 23:02:00,10.4
2025-06-12 08:04:00,75.1
2025-06-12 10:51:00,70.3
2025-06-12 21:18:00,9.5
2025-06-12 15:48:00,60.5
2025-06-12 10:26:00,49.70408187272085
2025-06-12 19:24:00,97.1
2025-06-12 20:58:00,49.70408187272085
2025-06-12 21:56:00,43.9
2025-06-12 20:21:00,32.1
2025-06-12 03:42:00,31.1
2025-06-12 15:10:00,29.0
2025-06-12 21:22:00,32.2
2025-06-12 03:06:00,49.70408187272085
2025-06-12 04:00:00,4.4
2025-06-12 08:37:00,20.5
2025-06-12 12:57:00,51.7
2025-06-12 19:53:00,24.5
2025-06-12 03:50:00,56.0
2025-06-12 04:56:00,9.8
2025-06-12 20:28:00,15.0
2025-06-12 05:53:00,76.7
2025-06-12 19:29:00,49.3
2025-06-12 16:24:00,82.9
2025-06-12 09:39:00,92.2
2025-06-12 10:41:00,49.70408187272085
2025-06-12 07:37:00,58.2
2025-06-12 05:19:00,46.1
2025-06-12 19:59:00,78.5
2025-06-12 14:12:00,49.70408187272085
2025-06-12 14:16:00,78.4
2025-06-12 02:40:00,49.70408187272085
2025-06-12 00:46:00,56.2
2025-06-12 22:31:00,96.1
2025-06-12 05:08:00,19.7
2025-06-12 04:01:00,14.7
2025-06-12 15:30:00,36.8
2025-06-12 02:38:00,55.1
2025-06-12 20:17:00,96.1
2025-06-12 02:59:00,86.0
2025-06-12 09:46:00,94.7
2025-06-12 14:22:00,46.8
2025-06-12 01:07:00,50.0
2025-06-12 00:37:00,49.70408187272085
2025-06-12 12:53:00,10.3
2025-06-12 23:46:00,47.9
2025-06-12 13:05:00,0.6
2025-06-12 18:19:00,35.1
2025-06-12 04:57:00,22.2
2025-06-12 04:31:00,42.4
2025-06-12 20:25:00,73.7
2025-06-12 23:05:00,89.1
2025-06-12 07:12:00,71.3
2025-06-12 03:20:00,43.0
2025-06-12 22:31:00,44.3
2025-06-12 18:00:00,91.4
2025-06-12 22:17:00,58.8
2025-06-12 14:43:00,49.70408187272085
2025-06-12 23:40:00,26.7
2025-06-12 05:54:00,8.3
2025-06-12 03:24:00,64.3
2025-06-12 17:29:00,49.70408187272085
2025-06-12 12:54:00,64.8
2025-06-12 13:22:00,49.70408187272085
2025-06-12 21:49:00,64.6
2025-06-12 06:05:00,65.6
2025-06-12 03:29:00,49.70408187272085
2025-06-12 23:21:00,49.70408187272085
2025-06-12 05:05:00,81.4
2025-06-12 23:25:00,27.7
2025-06-12 13:52:00,35.1
2025-06-12 06:40:00,61.2
2025-06-12 21:51:00,56.7
2025-06-12 17:22:00,47.0
2025-06-12 13:36:00,31.3
2025-06-12 21:29:00,28.8
2025-06-12 20:36:00,48.0
2025-06-12 12:16:00,3.0
2025-06-12 21:08:00,78.2
2025-06-12 12:50:00,81.0
2025-06-12 14:27:00,97.6
2025-06-12 04:40:00,77.5
2025-06-12 13:33:00,54.3
2025-06-12 20:07:00,17.5
2025-06-12 03:31:00,82.0
2025-06-12 18:42:00,46.0
2025-06-12 16:37:00,72.9
2025-06-12 18:32:00,88.4
2025-06-12 20:13:00,49.70408187272085
2025-06-12 00:56:00,0.5
2025-06-12 07:39:00,35.1
2025-06-12 03:16:00,56.8
2025-06-12 12:10:00,90.3
2025-06-12 22:56:00,49.70408187272085
2025-06-12 03:47:00,49.70408187272085
2025-06-12 20:01:00,23.8
2025-06-12 19:13:00,87.9
2025-06-12 06:41:00,49.70408187272085
2025-06-12 03:26:00,67.9
2025-06-12 22:48:00,50.6
2025-06-12 15:32:00,61.3
2025-06-12 21:16:00,65.8
2025-06-12 08:15:00,74.5
2025-06-12 21:54:00,19.6
2025-06-12 04:14:00,91.0
2025-06-12 21:58:00,49.70408187272085
2025-06-12 23:35:00,49.70408187272085
2025-06-12 20:16:00,12.5
2025-06-12 03:59:00,19.3
2025-06-12 08:26:00,49.70408187272085
2025-06-12 03:12:00,47.3
2025-06-12 14:11:00,61.5
2025-06-12 13:04:00,5.3
2025-06-12 22:33:00,50.6
2025-06-12 01:05:00,82.6
2025-06-12 09:04:00,66.8
2025-06-12 12:52:00,49.70408187272085
2025-06-12 18:16:00,47.9
2025-06-12 03:44:00,63.8
2025-06-12 13:35:00,34.9
2025-06-12 15:23:00,86.2
2025-06-12 15:27:00,41.1
2025-06-12 02:03:00,0.8
2025-06-12 07:09:00,56.8
2025-06-12 10:09:00,31.1
2025-06-12 10:18:00,50.3
2025-06-12 06:21:00,96.0
2025-06-12 15:06:00,79.8
2025-06-12 19:23:00,43.7
2025-06-12 12:57:00,97.7
2025-06-12 06:40:00,49.70408187272085
2025-06-12 15:29:00,49.70408187272085
2025-06-12 00:45:00,49.70408187272085
2025-06-12 04:48:00,24.9
2025-06-12 07:44:00,9.7
2025-06-12 05:52:00,31.8
2025-06-12 23:14:00,2.6
2025-06-12 04:24:00,49.70408187272085
2025-06-12 05:18:00,54.7
2025-06-12 05:07:00,76.4
2025-06-12 03:37:00,49.6
2025-06-12 13:47:00,63.6
2025-06-12 18:36:00,67.8
2025-06-12 06:29:00,56.0
2025-06-12 04:06:00,91.1
2025-06-12 03:49:00,61.9
2025-06-12 17:36:00,18.7
2025-06-12 00:59:00,77.3
2025-06-12 11:20:00,58.7
2025-06-12 07:11:00,29.1
2025-06-12 06:04:00,56.9
2025-06-12 22:18:00,13.5
2025-06-12 22:26:00,24.6
2025-06-12 01:58:00,49.70408187272085
2025-06-12 03:51:00,34.0
2025-06-12 22:44:00,2.6
2025-06-12 23:52:00,20.7
2025-06-12 05:09:00,1.9
2025-06-12 12:44:00,82.4
2025-06-12 01:53:00,10.7
2025-06-12 04:23:00,49.70408187272085
2025-06-12 05:33:00,61.2
2025-06-12 13:14:00,3.2
2025-06-12 22:50:00,49.70408187272085
2025-06-12 06:23:00,90.1
2025-06-12 07:21:00,4.5
2025-06-12 11:15:00,49.70408187272085
2025-06-12 20:48:00,19.9
2025-06-12 19:43:00,49.70408187272085
2025-06-12 07:50:00,25.2
2025-06-12 17:39:00,27.3
2025-06-12 10:51:00,97.9
2025-06-12 06:22:00,16.6
2025-06-12 17:21:00,39.7
2025-06-12 06:31:00,34.8
2025-06-12 08:57:00,87.2
2025-06-12 20:20:00,49.70408187272085
2025-06-12 07:09:00,54.9
2025-06-12 14:58:00,37.2
2025-06-12 16:14:00,34.2
2025-06-12 09:07:00,6.8
2025-06-12 06:59:00,88.6
2025-06-12 01:45:00,49.70408187272085
2025-06-12 17:25:00,33.1
2025-06-12 06:12:00,49.70408187272085
2025-06-12 12:40:00,70.5
2025-06-12 03:24:00,40.3
2025-06-12 17:17:00,85.6
2025-06-12 18:51:00,13.3
2025-06-12 08:29:00,49.70408187272085
2025-06-12 08:16:00,26.0
2025-06-12 18:38:00,8.8
2025-06-12 12:34:00,42.8
2025-06-12 11:57:00,73.4
2025-06-12 10:21:00,60.0
2025-06-12 01:20:00,28.4
2025-06-12 00:03:00,89.4
2025-06-12 03:35:00,76.9
2025-06-12 18:15:00,58.6
2025-06-12 20:59:00,59.1
2025-06-12 17:52:00,22.7
2025-06-12 18:47:00,7.3
2025-06-12 02:54:00,33.2
2025-06-12 13:22:00,34.8
2025-06-12 17:04:00,28.8
2025-06-12 17:43:00,49.70408187272085
2025-06-12 23:36:00,64.3
2025-06-12 05:14:00,14.8
2025-06-12 00:12:00,35.8
2025-06-12 00:14:00,49.70408187272085
2025-06-12 01:50:00,18.1
2025-06-12 03:25:00,19.0
2025-06-12 15:55:00,6.2
2025-06-12 11:51:00,10.1
2025-06-12 13:17:00,47.4
2025-06-12 04:35:00,53.5
2025-06-12 19:24:00,27.7
2025-06-12 01:48:00,83.2
2025-06-12 11:44:00,16.9
2025-06-12 03:37:00,15.9
2025-06-12 22:38:00,2.4
2025-06-12 21:16:00,35.1
2025-06-12 12:00:00,27.3
2025-06-12 06:03:00,75.6
2025-06-12 19:15:00,49.70408187272085
2025-06-12 01:10:00,49.70408187272085
2025-06-12 16:01:00,13.1
2025-06-12 10:06:00,22.5
2025-06-12 23:13:00,6.7
2025-06-12 13:29:00,40.6
2025-06-12 04:28:00,3.8
2025-06-12 17:45:00,51.3
2025-06-12 14:57:00,26.1
2025-06-12 21:26:00,7.9
2025-06-12 07:41:00,49.70408187272085
2025-06-12 16:38:00,79.6
2025-06-12 03:23:00,49.70408187272085
2025-06-12 15:30:00,37.3
2025-06-12 15:34:00,4.9
2025-06-12 02:13:00,73.2
2025-06-12 20:25:00,12.2
2025-06-12 18:25:00,0.2
2025-06-12 18:58:00,15.7
2025-06-12 07:09:00,86.5
2025-06-12 09:55:00,85.3
2025-06-12 00:30:00,33.3
2025-06-12 04:43:00,55.9
2025-06-12 16:26:00,68.9
2025-06-12 12:36:00,87.1
2025-06-12 16:55:00,92.2
2025-06-12 22:08:00,92.3
2025-06-12 08:08:00,15.3
2025-06-12 06:01:00,94.4
2025-06-12 12:36:00,23.9
2025-06-12 08:19:00,55.7
2025-06-12 18:43:00,69.1
2025-06-12 08:56:00,84.0
2025-06-12 08:48:00,91.0
2025-06-12 08:56:00,78.3
2025-06-12 04:37:00,1.6
2025-06-12 04:30:00,55.7
2025-06-12 12:54:00,83.6
2025-06-12 01:17:00,49.70408187272085
2025-06-12 06:57:00,88.9
2025-06-12 16:36:00,8.8
2025-06-12 00:40:00,56.4
2025-06-12 16:35:00,13.9
2025-06-12 22:21:00,23.8
2025-06-12 22:35:00,14.9
2025-06-12 04:51:00,39.6
2025-06-12 14:04:00,49.3
2025-06-12 16:16:00,49.70408187272085
2025-06-12 04:24:00,34.9
2025-06-12 16:54:00,59.6
2025-06-12 17:31:00,4.2
2025-06-12 02:50:00,9.9
2025-06-12 13:39:00,49.70408187272085
2025-06-12 14:14:00,4.8
2025-06-12 08:32:00,59.4
2025-06-12 13:56:00,49.70408187272085
2025-06-12 03:14:00,58.1
2025-06-12 08:57:00,95.6
2025-06-12 17:35:00,50.4
2025-06-12 22:42:00,15.6
2025-06-12 18:37:00,6.2
2025-06-12 20:34:00,59.0
2025-06-12 22:40:00,38.4
2025-06-12 14:18:00,58.7
2025-06-12 08:41:00,85.8
2025-06-12 00:35:00,85.6
2025-06-12 09:40:00,15.3
2025-06-12 23:08:00,14.1
2025-06-12 07:05:00,32.2
2025-06-12 15:41:00,98.8
2025-06-12 22:03:00,62.3
2025-06-12 02:46:00,50.1110094970102
2025-06-12 16:43:00,50.1110094970102
2025-06-12 13:37:00,64.2
2025-06-12 19:28:00,50.1110094970102
2025-06-12 15:35:00,77.9
2025-06-12 08:56:00,83.3
2025-06-12 02:19:00,67.8
2025-06-12 01:07:00,17.3
2025-06-12 13:45:00,73.5
2025-06-12 09:56:00,85.6
2025-06-12 19:25:00,82.4
2025-06-12 04:16:00,24.0
2025-06-12 09:21:00,68.8
2025-06-12 19:13:00,9.4
2025-06-12 06:48:00,47.8
2025-06-12 09:04:00,50.1110094970102
2025-06-12 23:47:00,99.5
2025-06-12 09:07:00,52.3
2025-06-12 17:24:00,94.4
2025-06-12 14:16:00,81.0
2025-06-12 23:47:00,17.9
2025-06-12 02:12:00,19.3
2025-06-12 19:54:00,3.5
2025-06-12 21:21:00,32.3
2025-06-12 07:37:00,50.1110094970102
2025-06-12 16:17:00,16.4
2025-06-12 11:11:00,68.0
2025-06-12 13:36:00,58.4
2025-06-12 22:42:00,92.1
2025-06-12 02:16:00,1.6
2025-06-12 09:53:00,80.8
2025-06-12 09:29:00,27.4
2025-06-12 21:54:00,99.2
2025-06-12 08:02:00,93.1
2025-06-12 01:53:00,94.2
2025-06-12 04:57:00,50.1110094970102
2025-06-12 14:47:00,50.1110094970102
2025-06-12 03:47:00,25.6
2025-06-12 10:31:00,87.9
2025-06-12 08:23:00,50.1110094970102
2025-06-12 21:32:00,47.1
2025-06-12 06:53:00,35.8
2025-06-12 08:58:00,40.1
2025-06-12 03:44:00,50.1110094970102
2025-06-12 23:22:00,41.0
2025-06-12 00:38:00,21.1
2025-06-12 20:53:00,99.1
2025-06-12 05:31:00,50.1110094970102
2025-06-12 04:04:00,34.8
2025-06-12 12:30:00,61.3
2025-06-12 08:53:00,35.0
2025-06-12 12:54:00,78.8
2025-06-12 12:06:00,18.2
2025-06-12 10:09:00,94.1
2025-06-12 16:31:00,12.2
2025-06-12 18:42:00,50.1110094970102
2025-06-12 01:47:00,50.1110094970102
2025-06-12 03:49:00,58.0
2025-06-12 19:31:00,59.0
2025-06-12 15:03:00,52.4
2025-06-12 20:19:00,86.4
2025-06-12 18:16:00,15.5
2025-06-12 12:29:00,4.5
2025-06-12 13:06:00,35.3
2025-06-12 23:02:00,50.1110094970102
2025-06-12 19:48:00,81.9
2025-06-12 14:39:00,92.1
2025-06-12 00:37:00,41.0
2025-06-12 00:40:00,41.6
2025-06-12 16:30:00,33.7
2025-06-12 06:06:00,50.1110094970102
2025-06-12 16:07:00,37.1
2025-06-12 19:54:00,97.9
2025-06-12 15:55:00,21.8
2025-06-12 01:40:00,60.2
2025-06-12 18:41:00,74.0
2025-06-12 14:30:00,30.1
2025-06-12 12:43:00,50.1110094970102
2025-06-12 09:57:00,24.0
2025-06-12 11:00:00,26.0
2025-06-12 11:12:00,50.1110094970102
2025-06-12 02:37:00,78.5
2025-06-12 08:51:00,23.8
2025-06-12 14:35:00,93.8
2025-06-12 12:24:00,75.4
2025-06-12 06:34:00,62.4
2025-06-12 14:09:00,79.6
2025-06-12 10:31:00,27.0
2025-06-12 23:13:00,50.1110094970102
2025-06-12 12:49:00,61.8
2025-06-12 07:05:00,81.2
2025-06-12 13:04:00,85.7
2025-06-12 23:59:00,31.5
2025-06-12 00:11:00,95.6
2025-06-12 12:24:00,70.7
2025-06-12 01:39:00,17.6
2025-06-12 01:10:00,14.7
2025-06-12 10:59:00,50.1110094970102
2025-06-12 09:08:00,74.0
2025-06-12 10:00:00,10.8
2025-06-12 10:14:00,17.9
2025-06-12 04:32:00,27.9
2025-06-12 09:02:00,81.6
2025-06-12 14:32:00,69.2
2025-06-12 08:59:00,60.8
2025-06-12 11:51:00,52.7
2025-06-12 09:41:00,76.2
2025-06-12 00:03:00,21.9
2025-06-12 05:02:00,11.0
2025-06-12 19:12:00,93.4
2025-06-12 14:04:00,50.1110094970102
2025-06-12 15:59:00,21.8
2025-06-12 09:24:00,84.0
2025-06-12 11:33:00,84.7
2025-06-12 03:46:00,62.5
2025-06-12 11:42:00,99.8
2025-06-12 00:13:00,13.4
2025-06-12 17:47:00,14.9
2025-06-12 11:52:00,29.7
2025-06-12 12:57:00,78.3
2025-06-12 15:18:00,94.4
2025-06-12 23:26:00,6.2
2025-06-12 07:08:00,90.3
2025-06-12 14:10:00,93.0
2025-06-12 13:55:00,31.4
2025-06-12 16:43:00,26.2
2025-06-12 17:46:00,15.6
2025-06-12 11:39:00,50.1110094970102
2025-06-12 02:20:00,3.3
2025-06-12 02:31:00,81.9
2025-06-12 21:11:00,36.5
2025-06-12 07:43:00,69.8
2025-06-12 12:05:00,44.1
2025-06-12 15:21:00,15.8
2025-06-12 23:09:00,7.3
2025-06-12 12:19:00,77.2
2025-06-12 21:56:00,59.1
2025-06-12 09:41:00,24.7
2025-06-12 08:23:00,2.2
2025-06-12 14:06:00,88.3
2025-06-12 02:39:00,0.4
2025-06-12 08:07:00,77.3
2025-06-12 23:13:00,50.1110094970102
2025-06-12 01:31:00,50.1110094970102
2025-06-12 00:56:00,35.7
2025-06-12 09:17:00,50.1110094970102
2025-06-12 08:20:00,70.5
2025-06-12 18:28:00,40.9
2025-06-12 11:48:00,21.3
2025-06-12 23:37:00,35.1
2025-06-12 10:09:00,4.8
2025-06-12 18:41:00,46.0
2025-06-12 20:36:00,1.8
2025-06-12 14:52:00,50.1110094970102
2025-06-12 14:39:00,16.3
2025-06-12 20:46:00,61.0
2025-06-12 08:51:00,81.0
2025-06-12 09:03:00,68.8
2025-06-12 12:01:00,54.3
2025-06-12 01:43:00,38.1
2025-06-12 06:30:00,58.9
2025-06-12 03:46:00,35.4
2025-06-12 00:29:00,50.1110094970102
2025-06-12 09:28:00,83.0
2025-06-12 07:42:00,50.1110094970102
2025-06-12 23:11:00,41.1
2025-06-12 23:39:00,77.4
2025-06-12 12:58:00,76.5
2025-06-12 01:28:00,63.3
2025-06-12 23:29:00,50.1110094970102
2025-06-12 23:15:00,74.0
2025-06-12 11:53:00,31.4
2025-06-12 02:01:00,10.2
2025-06-12 04:13:00,69.4
2025-06-12 01:27:00,73.9
2025-06-12 03:29:00,50.4
2025-06-12 21:04:00,25.0
2025-06-12 22:20:00,14.8
2025-06-12 08:41:00,66.5
2025-06-12 05:51:00,94.7
2025-06-12 05:28:00,40.7
2025-06-12 12:03:00,47.4
2025-06-12 12:08:00,21.9
2025-06-12 18:18:00,93.8
2025-06-12 21:54:00,21.9
2025-06-12 21:46:00,74.8
2025-06-12 13:54:00,22.4
2025-06-12 15:56:00,25.8
2025-06-12 00:29:00,54.1
2025-06-12 06:43:00,50.1110094970102
2025-06-12 10:19:00,40.9
2025-06-12 21:26:00,38.4
2025-06-12 00:11:00,5.3
2025-06-12 15:49:00,50.1110094970102
2025-06-12 03:42:00,70.7
2025-06-12 11:13:00,21.1
2025-06-12 16:45:00,39.4
2025-06-12 14:38:00,70.1
2025-06-12 15:34:00,62.8
2025-06-12 10:21:00,49.3
2025-06-12 07:24:00,48.1
2025-06-12 23:40:00,62.2
2025-06-12 08:18:00,67.8
2025-06-12 08:43:00,4.5
2025-06-12 03:05:00,45.3
2025-06-12 00:44:00,7.6
2025-06-12 03:37:00,42.2
2025-06-12 22:26:00,97.4
2025-06-12 10:18:00,66.8
2025-06-12 22:13:00,27.9
2025-06-12 23:28:00,28.0
2025-06-12 04:56:00,19.1
2025-06-12 16:21:00,14.5
2025-06-12 23:36:00,50.1110094970102
2025-06-12 16:06:00,40.5
2025-06-12 06:48:00,74.7
2025-06-12 08:19:00,24.5
2025-06-12 02:21:00,0.4
2025-06-12 10:10:00,94.4
2025-06-12 23:53:00,29.2
2025-06-12 18:20:00,61.5
2025-06-12 12:48:00,79.4
2025-06-12 15:12:00,50.1110094970102
2025-06-12 21:42:00,15.8
2025-06-12 03:32:00,97.4
2025-06-12 00:23:00,72.6
2025-06-12 13:12:00,4.7
2025-06-12 23:59:00,45.7
2025-06-12 06:12:00,11.5
2025-06-12 03:31:00,86.8
2025-06-12 11:15:00,94.7
2025-06-12 09:23:00,81.0
2025-06-12 10:38:00,69.1
2025-06-12 11:46:00,50.1110094970102
2025-06-12 05:51:00,92.4
2025-06-12 12:43:00,2.9
2025-06-12 10:13:00,73.9
2025-06-12 05:50:00,17.4
2025-06-12 14:57:00,50.1110094970102
2025-06-12 14:36:00,16.7
2025-06-12 17:58:00,46.3
2025-06-12 09:11:00,50.1110094970102
2025-06-12 12:20:00,17.7
2025-06-12 09:22:00,26.2
2025-06-12 14:50:00,42.8
2025-06-12 10:19:00,68.9
2025-06-12 04:54:00,38.5
2025-06-12 14:58:00,37.0
2025-06-12 16:47:00,69.4
2025-06-12 17:02:00,50.1110094970102
2025-06-12 20:00:00,47.9
2025-06-12 13:38:00,50.1110094970102
2025-06-12 14:28:00,71.0
2025-06-12 02:47:00,40.6
2025-06-12 16:34:00,6.7
2025-06-12 19:07:00,50.1110094970102
2025-06-12 23:03:00,12.0
2025-06-12 08:08:00,18.6
2025-06-12 11:59:00,86.4
2025-06-12 16:20:00,81.3
2025-06-12 17:34:00,50.1110094970102
2025-06-12 10:08:00,48.0
2025-06-12 00:21:00,97.4
2025-06-12 06:25:00,13.2
2025-06-12 19:24:00,71.0
2025-06-12 13:44:00,28.2
2025-06-12 04:48:00,64.7
2025-06-12 11:39:00,90.5
2025-06-12 22:47:00,49.0
2025-06-12 16:32:00,50.1110094970102
2025-06-12 02:18:00,32.5
2025-06-12 16:22:00,40.8
2025-06-12 02:18:00,28.2
2025-06-12 18:47:00,19.2
2025-06-12 12:25:00,50.1110094970102
2025-06-12 03:56:00,2.5
2025-06-12 06:39:00,50.1110094970102
2025-06-12 21:12:00,89.1
2025-06-12 23:08:00,80.3
2025-06-12 14:59:00,46.9
2025-06-12 04:12:00,50.1110094970102
2025-06-12 09:37:00,51.2
2025-06-12 20:49:00,40.7
2025-06-12 05:10:00,47.5
2025-06-12 21:51:00,50.1110094970102
2025-06-12 22:58:00,20.8
2025-06-12 23:00:00,50.0
2025-06-12 01:41:00,51.8
2025-06-12 17:26:00,99.8
2025-06-12 15:17:00,1.1
2025-06-12 23:22:00,50.1110094970102
2025-06-12 09:39:00,41.8
2025-06-12 10:50:00,36.2
2025-06-12 16:44:00,87.4
2025-06-12 18:01:00,82.9
2025-06-12 05:33:00,34.5
2025-06-12 02:53:00,99.5
2025-06-12 17:40:00,7.6
2025-06-12 16:58:00,61.5
2025-06-12 06:40:00,50.1110094970102
2025-06-12 05:59:00,12.2
2025-06-12 00:53:00,88.9
2025-06-12 02:33:00,64.0
2025-06-12 01:19:00,0.9
2025-06-12 20:21:00,97.0
2025-06-12 15:40:00,55.7
2025-06-12 11:50:00,50.1110094970102
2025-06-12 02:59:00,86.5
2025-06-12 17:58:00,84.8
2025-06-12 05:10:00,1.0
2025-06-12 11:58:00,65.1
2025-06-12 12:41:00,50.1110094970102
2025-06-12 20:51:00,19.6
2025-06-12 11:33:00,20.1
2025-06-12 01:49:00,36.8
2025-06-12 16:10:00,7.8
2025-06-12 20:55:00,37.4
2025-06-12 01:52:00,4.5
2025-06-12 18:41:00,7.4
2025-06-12 18:31:00,50.1110094970102
2025-06-12 15:45:00,50.1110094970102
2025-06-12 01:37:00,50.1110094970102
2025-06-12 19:54:00,82.7
2025-06-12 19:41:00,10.2
2025-06-12 06:07:00,47.1
2025-06-12 01:02:00,69.4
2025-06-12 09:17:00,50.1110094970102
2025-06-12 01:46:00,16.4
2025-06-12 00:27:00,18.4
2025-06-12 04:11:00,9.7
2025-06-12 18:01:00,61.1
2025-06-12 05:18:00,31.3
2025-06-12 02:31:00,64.7
2025-06-12 05:26:00,94.9
2025-06-12 22:34:00,50.1110094970102
2025-06-12 07:19:00,50.1110094970102
2025-06-12 17:23:00,20.6
2025-06-12 17:10:00,11.9
2025-06-12 15:40:00,63.2
2025-06-12 13:55:00,50.1110094970102
2025-06-12 17:10:00,37.4
2025-06-12 08:43:00,6.5
2025-06-12 16:45:00,4.8
2025-06-12 04:00:00,9.4
2025-06-12 16:44:00,12.5
2025-06-12 00:56:00,32.0
2025-06-12 12:35:00,64.1
2025-06-12 20:15:00,87.9
2025-06-12 16:48:00,38.2
2025-06-12 20:16:00,27.5
2025-06-12 21:46:00,50.26990393626991
2025-06-12 16:14:00,28.0
2025-06-12 14:38:00,50.26990393626991
2025-06-12 23:20:00,83.9
2025-06-12 10:55:00,50.26990393626991
2025-06-12 16:42:00,59.8
2025-06-12 17:20:00,40.5
2025-06-12 10:11:00,6.6
2025-06-12 21:07:00,0.1
2025-06-12 08:32:00,29.0
2025-06-12 22:31:00,76.5
2025-06-12 14:44:00,51.3
2025-06-12 05:01:00,50.26990393626991
2025-06-12 03:38:00,50.26990393626991
2025-06-12 17:44:00,50.26990393626991
2025-06-12 05:23:00,65.1
2025-06-12 01:04:00,72.9
2025-06-12 11:54:00,29.2
2025-06-12 05:59:00,71.5
2025-06-12 22:59:00,10.8
2025-06-12 02:00:00,60.8
2025-06-12 14:06:00,11.1
2025-06-12 00:54:00,50.26990393626991
2025-06-12 20:54:00,16.6
2025-06-12 09:32:00,35.5
2025-06-12 13:03:00,30.5
2025-06-12 22:34:00,22.3
2025-06-12 00:38:00,24.8
2025-06-12 06:27:00,9.5
2025-06-12 20:16:00,4.9
2025-06-12 02:54:00,50.26990393626991
2025-06-12 03:22:00,24.2
2025-06-12 01:47:00,69.0
2025-06-12 06:12:00,25.1
2025-06-12 05:45:00,50.26990393626991
2025-06-12 14:42:00,95.5
2025-06-12 22:11:00,46.3
2025-06-12 16:38:00,10.6
2025-06-12 20:24:00,66.0
2025-06-12 13:35:00,1.7
2025-06-12 16:14:00,48.0
2025-06-12 11:41:00,30.1
2025-06-12 09:51:00,19.9
2025-06-12 17:05:00,6.4
2025-06-12 01:55:00,32.4
2025-06-12 00:55:00,49.6
2025-06-12 08:35:00,1.4
2025-06-12 12:12:00,68.0
2025-06-12 00:36:00,79.9
2025-06-12 05:23:00,33.9
2025-06-12 20:43:00,23.5
2025-06-12 10:30:00,29.9
2025-06-12 06:54:00,21.0
2025-06-12 02:33:00,80.0
2025-06-12 20:31:00,21.0
2025-06-12 09:55:00,83.0
2025-06-12 12:10:00,73.8
2025-06-12 04:49:00,50.26990393626991
2025-06-12 20:02:00,25.7
2025-06-12 22:04:00,50.26990393626991
2025-06-12 12:38:00,18.0
2025-06-12 12:53:00,98.0
2025-06-12 07:12:00,96.1
2025-06-12 17:47:00,7.9
2025-06-12 23:04:00,49.0
2025-06-12 07:00:00,57.5
2025-06-12 01:36:00,68.2
2025-06-12 09:43:00,50.26990393626991
2025-06-12 08:45:00,50.26990393626991
2025-06-12 11:11:00,72.2
2025-06-12 06:44:00,22.4
2025-06-12 12:28:00,92.9
2025-06-12 00:08:00,20.0
2025-06-12 20:11:00,16.6
2025-06-12 14:06:00,22.6
2025-06-12 17:45:00,88.5
2025-06-12 11:21:00,52.1
2025-06-12 09:18:00,8.0
2025-06-12 16:55:00,63.9
2025-06-12 04:41:00,2.8
2025-06-12 03:07:00,50.26990393626991
2025-06-12 18:10:00,7.4
2025-06-12 09:04:00,21.1
2025-06-12 19:56:00,70.5
2025-06-12 16:55:00,20.5
2025-06-12 06:46:00,85.2
2025-06-12 10:34:00,50.26990393626991
2025-06-12 03:26:00,63.0
2025-06-12 15:24:00,62.0
2025-06-12 05:59:00,38.3
2025-06-12 21:16:00,96.9
2025-06-12 17:41:00,96.7
2025-06-12 21:45:00,73.8
2025-06-12 22:25:00,33.4
2025-06-12 14:29:00,82.9
2025-06-12 21:11:00,8.5
2025-06-12 10:48:00,57.1
2025-06-12 12:15:00,95.4
2025-06-12 21:27:00,50.26990393626991
2025-06-12 15:02:00,5.8
2025-06-12 04:19:00,18.8
2025-06-12 08:41:00,98.6
2025-06-12 11:53:00,27.6
2025-06-12 11:50:00,94.7
2025-06-12 08:09:00,82.6
2025-06-12 00:53:00,21.7
2025-06-12 18:22:00,78.2
2025-06-12 21:13:00,50.26990393626991
2025-06-12 00:30:00,50.26990393626991
2025-06-12 06:53:00,65.3
2025-06-12 00:32:00,65.5
2025-06-12 13:09:00,69.8
2025-06-12 10:03:00,62.0
2025-06-12 05:32:00,41.5
2025-06-12 15:28:00,50.6
2025-06-12 14:37:00,13.2
2025-06-12 06:22:00,61.8
2025-06-12 08:10:00,49.3
2025-06-12 14:49:00,49.0
2025-06-12 05:28:00,50.26990393626991
2025-06-12 14:21:00,23.4
2025-06-12 11:17:00,65.2
2025-06-12 04:15:00,8.4
2025-06-12 10:57:00,6.0
2025-06-12 12:22:00,18.7
2025-06-12 19:36:00,87.1
2025-06-12 08:53:00,38.7
2025-06-12 10:25:00,35.6
2025-06-12 05:08:00,89.0
2025-06-12 16:58:00,16.8
2025-06-12 00:39:00,8.9
2025-06-12 02:35:00,94.7
2025-06-12 11:25:00,36.9
2025-06-12 16:45:00,19.5
2025-06-12 09:03:00,50.26990393626991
2025-06-12 14:25:00,60.2
2025-06-12 11:56:00,38.8
2025-06-12 14:10:00,14.8
2025-06-12 16:09:00,21.2
2025-06-12 11:38:00,22.7
2025-06-12 01:18:00,35.9
2025-06-12 01:04:00,87.8
2025-06-12 01:10:00,16.0
2025-06-12 01:44:00,52.5
2025-06-12 23:58:00,76.5
2025-06-12 02:03:00,44.2
2025-06-12 22:52:00,86.3
2025-06-12 02:21:00,32.3
2025-06-12 08:13:00,93.0
2025-06-12 12:49:00,50.26990393626991
2025-06-12 11:12:00,53.5
2025-06-12 22:56:00,11.7
2025-06-12 16:49:00,54.2
2025-06-12 17:33:00,50.26990393626991
2025-06-12 00:04:00,18.9
2025-06-12 10:15:00,20.2
2025-06-12 03:44:00,52.0
2025-06-12 01:52:00,5.1
2025-06-12 18:11:00,46.8
2025-06-12 13:17:00,14.4
2025-06-12 20:40:00,15.8
2025-06-12 14:41:00,66.5
2025-06-12 06:10:00,80.1
2025-06-12 02:44:00,20.3
2025-06-12 05:16:00,50.26990393626991
2025-06-12 20:35:00,90.6
2025-06-12 13:00:00,49.2
2025-06-12 10:58:00,10.8
2025-06-12 10:52:00,88.6
2025-06-12 13:14:00,98.4
2025-06-12 14:00:00,18.1
2025-06-12 18:32:00,24.4
2025-06-12 20:49:00,3.7
2025-06-12 18:49:00,62.9
2025-06-12 01:45:00,67.8
2025-06-12 01:30:00,17.4
2025-06-12 03:50:00,30.0
2025-06-12 16:05:00,28.2
2025-06-12 08:31:00,60.1
2025-06-12 10:16:00,50.26990393626991
2025-06-12 19:53:00,81.2
2025-06-12 16:58:00,90.0
2025-06-12 16:58:00,60.4
2025-06-12 16:00:00,38.6
2025-06-12 20:40:00,20.6
2025-06-12 16:27:00,71.3
2025-06-12 05:30:00,50.26990393626991
2025-06-12 16:55:00,97.7
2025-06-12 22:04:00,50.9
2025-06-12 05:38:00,99.0
2025-06-12 02:05:00,56.6
2025-06-12 08:07:00,26.2
2025-06-12 10:18:00,99.2
2025-06-12 00:38:00,39.8
2025-06-12 02:44:00,49.7
2025-06-12 04:09:00,67.8
2025-06-12 05:54:00,50.26990393626991
2025-06-12 13:11:00,18.2
2025-06-12 17:30:00,18.6
2025-06-12 02:42:00,59.7
2025-06-12 02:49:00,68.4
2025-06-12 00:03:00,50.26990393626991
2025-06-12 13:54:00,89.3
2025-06-12 10:36:00,78.2
2025-06-12 02:44:00,98.0
2025-06-12 07:08:00,50.26990393626991
2025-06-12 20:58:00,52.0
2025-06-12 06:42:00,20.8
2025-06-12 15:54:00,33.9
2025-06-12 05:54:00,43.4
2025-06-12 15:19:00,4.0
2025-06-12 15:22:00,84.1
2025-06-12 08:16:00,4.0
2025-06-12 01:38:00,10.6
2025-06-12 08:12:00,81.7
2025-06-12 02:09:00,85.4
2025-06-12 04:35:00,57.2
2025-06-12 05:00:00,50.26990393626991
2025-06-12 22:12:00,99.1
2025-06-12 22:16:00,50.7
2025-06-12 20:23:00,40.2
2025-06-12 01:07:00,89.0
2025-06-12 22:11:00,22.0
2025-06-12 00:04:00,91.3
2025-06-12 05:09:00,42.9
2025-06-12 11:01:00,81.9
2025-06-12 16:48:00,85.7
2025-06-12 09:42:00,42.0
2025-06-12 01:42:00,90.0
2025-06-12 10:55:00,32.6
2025-06-12 01:26:00,61.9
2025-06-12 11:52:00,82.0
2025-06-12 18:22:00,89.9
2025-06-12 15:23:00,79.2
2025-06-12 03:37:00,26.6
2025-06-12 01:24:00,15.9
2025-06-12 13:41:00,76.2
2025-06-12 08:56:00,54.0
2025-06-12 12:55:00,25.8
2025-06-12 08:57:00,50.26990393626991
2025-06-12 05:12:00,92.2
2025-06-12 11:01:00,28.6
2025-06-12 05:53:00,60.1
2025-06-12 05:03:00,78.5
2025-06-12 16:20:00,52.5
2025-06-12 05:42:00,24.5
2025-06-12 01:27:00,37.7
2025-06-12 00:44:00,30.6
2025-06-12 00:59:00,39.8
2025-06-12 06:41:00,14.9
2025-06-12 12:35:00,53.1
2025-06-12 18:02:00,69.1
2025-06-12 15:27:00,26.1
2025-06-12 06:15:00,50.26990393626991
2025-06-12 18:15:00,26.4
2025-06-12 05:31:00,50.26990393626991
2025-06-12 08:24:00,50.26990393626991
2025-06-12 19:20:00,50.26990393626991
2025-06-12 07:31:00,27.2
2025-06-12 15:31:00,0.3
2025-06-12 02:15:00,55.2
2025-06-12 13:48:00,49.2
2025-06-12 12:10:00,16.9
2025-06-12 17:52:00,50.26990393626991
2025-06-12 03:09:00,24.0
2025-06-12 14:18:00,77.4
2025-06-12 06:20:00,11.8
2025-06-12 04:41:00,50.26990393626991
2025-06-12 14:51:00,7.8
2025-06-12 19:24:00,7.7
2025-06-12 19:55:00,32.8
2025-06-12 05:44:00,92.5
2025-06-12 20:50:00,82.6
2025-06-12 12:54:00,32.7
2025-06-12 22:46:00,95.7
2025-06-12 00:49:00,66.8
2025-06-12 01:00:00,86.1
2025-06-12 08:34:00,49.3
2025-06-12 06:08:00,28.4
2025-06-12 05:46:00,79.4
2025-06-12 12:31:00,50.26990393626991
2025-06-12 22:56:00,73.3
2025-06-12 22:03:00,11.7
2025-06-12 00:42:00,87.9
2025-06-12 09:42:00,37.4
2025-06-12 03:01:00,50.26990393626991
2025-06-12 17:14:00,62.3
2025-06-12 19:15:00,50.26990393626991
2025-06-12 14:15:00,63.7
2025-06-12 10:39:00,55.0
2025-06-12 11:42:00,67.6
2025-06-12 20:35:00,74.2
2025-06-12 23:18:00,66.7
2025-06-12 17:32:00,19.6
2025-06-12 12:59:00,10.3
2025-06-12 17:06:00,27.6
2025-06-12 07:25:00,50.26990393626991
2025-06-12 19:14:00,78.4
2025-06-12 13:09:00,74.5
2025-06-12 02:18:00,67.7
2025-06-12 21:17:00,86.3
2025-06-12 18:36:00,8.5
2025-06-12 12:05:00,36.6
2025-06-12 00:45:00,65.0
2025-06-12 20:51:00,77.0
2025-06-12 04:40:00,50.26990393626991
2025-06-12 20:47:00,31.0
2025-06-12 08:12:00,93.0
2025-06-12 22:37:00,19.2
2025-06-12 20:07:00,50.9
2025-06-12 06:35:00,49.3
2025-06-12 10:29:00,90.6
2025-06-12 05:40:00,10.3
2025-06-12 12:20:00,50.26990393626991
2025-06-12 00:26:00,2.5
2025-06-12 14:59:00,18.1
2025-06-12 08:24:00,82.3
2025-06-12 16:05:00,97.3
2025-06-12 18:52:00,85.8
2025-06-12 22:39:00,50.26990393626991
2025-06-12 15:33:00,95.3
2025-06-12 03:17:00,61.2
2025-06-12 22:40:00,50.26990393626991
2025-06-12 06:09:00,88.8
2025-06-12 13:32:00,50.26990393626991
2025-06-12 02:32:00,4.7
2025-06-12 20:11:00,56.0
2025-06-12 00:43:00,77.7
2025-06-12 00:16:00,95.3
2025-06-12 07:44:00,76.1
2025-06-12 21:48:00,49.485271956675305
2025-06-12 05:32:00,49.485271956675305
2025-06-12 13:34:00,83.5
2025-06-12 21:24:00,67.7
2025-06-12 23:50:00,30.6
2025-06-12 09:14:00,93.6
2025-06-12 08:02:00,36.6
2025-06-12 18:22:00,49.485271956675305
2025-06-12 22:45:00,5.1
2025-06-12 05:18:00,36.9
2025-06-12 20:29:00,9.4
2025-06-12 18:56:00,30.1
2025-06-12 12:56:00,51.8
2025-06-12 12:52:00,30.6
2025-06-12 16:59:00,18.2
2025-06-12 02:14:00,62.2
2025-06-12 15:40:00,88.1
2025-06-12 20:30:00,23.1
2025-06-12 17:36:00,90.3
2025-06-12 05:56:00,69.1
2025-06-12 11:13:00,10.5
2025-06-12 01:58:00,55.8
2025-06-12 19:29:00,18.6
2025-06-12 22:47:00,25.4
2025-06-12 07:46:00,73.1
2025-06-12 14:07:00,1.5
2025-06-12 12:11:00,49.485271956675305
2025-06-12 18:08:00,21.7
2025-06-12 21:39:00,27.6
2025-06-12 00:06:00,80.5
2025-06-12 00:26:00,49.485271956675305
2025-06-12 19:17:00,34.3
2025-06-12 04:09:00,66.2
2025-06-12 08:10:00,90.5
2025-06-12 08:19:00,56.1
2025-06-12 08:08:00,49.485271956675305
2025-06-12 17:48:00,73.0
2025-06-12 03:26:00,49.485271956675305
2025-06-12 09:40:00,28.7
2025-06-12 11:57:00,20.7
2025-06-12 10:51:00,45.9
2025-06-12 09:05:00,16.7
2025-06-12 16:37:00,80.1
2025-06-12 04:46:00,49.485271956675305
2025-06-12 03:48:00,43.8
2025-06-12 07:34:00,93.0
2025-06-12 01:53:00,49.485271956675305
2025-06-12 15:26:00,13.3
2025-06-12 01:12:00,47.5
2025-06-12 15:36:00,49.485271956675305
2025-06-12 08:34:00,99.4
2025-06-12 18:08:00,85.1
2025-06-12 17:14:00,26.4
2025-06-12 01:32:00,15.9
2025-06-12 00:08:00,72.4
2025-06-12 14:56:00,31.7
2025-06-12 03:24:00,90.9
2025-06-12 03:33:00,49.485271956675305
2025-06-12 21:28:00,63.3
2025-06-12 15:15:00,3.2
2025-06-12 16:23:00,17.5
2025-06-12 08:09:00,49.485271956675305
2025-06-12 20:58:00,73.3
2025-06-12 08:00:00,49.485271956675305
2025-06-12 22:15:00,79.3
2025-06-12 09:12:00,41.5
2025-06-12 18:44:00,49.485271956675305
2025-06-12 05:27:00,32.3
2025-06-12 13:01:00,49.9
2025-06-12 13:19:00,49.485271956675305
2025-06-12 01:04:00,68.7
2025-06-12 08:53:00,81.1
2025-06-12 19:06:00,50.7
2025-06-12 01:23:00,10.6
2025-06-12 12:10:00,70.7
2025-06-12 16:54:00,8.6
2025-06-12 16:21:00,20.3
2025-06-12 16:16:00,88.4
2025-06-12 21:12:00,87.1
2025-06-12 06:56:00,93.2
2025-06-12 21:26:00,97.8
2025-06-12 00:45:00,69.6
2025-06-12 11:52:00,69.2
2025-06-12 17:03:00,46.6
2025-06-12 06:21:00,39.4
2025-06-12 18:21:00,25.0
2025-06-12 05:36:00,49.485271956675305
2025-06-12 09:39:00,5.9
2025-06-12 16:08:00,63.5
2025-06-12 00:32:00,65.7
2025-06-12 17:58:00,49.485271956675305
2025-06-12 21:03:00,89.5
2025-06-12 00:08:00,72.7
2025-06-12 16:54:00,18.3
2025-06-12 04:15:00,12.2
2025-06-12 09:50:00,45.6
2025-06-12 10:13:00,9.4
2025-06-12 19:10:00,76.5
2025-06-12 20:30:00,39.1
2025-06-12 16:33:00,28.5
2025-06-12 23:13:00,28.1
2025-06-12 05:18:00,73.8
2025-06-12 09:40:00,55.3
2025-06-12 20:24:00,49.485271956675305
2025-06-12 01:56:00,39.1
2025-06-12 20:45:00,49.485271956675305
2025-06-12 02:02:00,17.0
2025-06-12 12:04:00,11.8
2025-06-12 02:49:00,54.2
2025-06-12 02:53:00,49.485271956675305
2025-06-12 00:23:00,64.5
2025-06-12 21:39:00,38.1
2025-06-12 07:30:00,49.485271956675305
2025-06-12 10:17:00,82.5
2025-06-12 03:33:00,49.485271956675305
2025-06-12 10:12:00,77.5
2025-06-12 08:55:00,5.5
2025-06-12 02:57:00,84.2
2025-06-12 15:55:00,49.485271956675305
2025-06-12 13:08:00,48.8
2025-06-12 07:28:00,18.3
2025-06-12 13:54:00,59.5
2025-06-12 11:18:00,49.485271956675305
2025-06-12 12:54:00,49.485271956675305
2025-06-12 07:08:00,60.0
2025-06-12 10:53:00,15.7
2025-06-12 16:47:00,17.8
2025-06-12 14:42:00,49.485271956675305
2025-06-12 03:26:00,95.7
2025-06-12 20:46:00,5.8
2025-06-12 01:29:00,54.4
2025-06-12 08:55:00,78.7
2025-06-12 03:11:00,85.1
2025-06-12 17:49:00,7.0
2025-06-12 18:58:00,50.2
2025-06-12 18:23:00,40.1
2025-06-12 05:48:00,19.9
2025-06-12 05:47:00,49.485271956675305
2025-06-12 01:29:00,45.2
2025-06-12 04:19:00,25.8
2025-06-12 22:01:00,71.4
2025-06-12 12:19:00,98.3
2025-06-12 20:29:00,49.485271956675305
2025-06-12 14:57:00,37.4
2025-06-12 07:34:00,87.2
2025-06-12 01:38:00,9.0
2025-06-12 16:41:00,78.5
2025-06-12 19:41:00,75.3
2025-06-12 06:17:00,59.8
2025-06-12 01:41:00,49.485271956675305
2025-06-12 00:12:00,74.1
2025-06-12 06:35:00,18.5
2025-06-12 09:52:00,48.6
2025-06-12 08:08:00,45.3
2025-06-12 17:48:00,88.1
2025-06-12 10:39:00,52.2
2025-06-12 23:33:00,52.6
2025-06-12 00:22:00,20.7
2025-06-12 01:23:00,46.6
2025-06-12 18:22:00,69.1
2025-06-12 03:52:00,36.8
2025-06-12 10:37:00,6.6
2025-06-12 06:59:00,49.485271956675305
2025-06-12 23:01:00,69.4
2025-06-12 12:52:00,18.9
2025-06-12 00:50:00,9.4
2025-06-12 09:51:00,11.9
2025-06-12 16:40:00,88.4
2025-06-12 06:48:00,72.8
2025-06-12 16:45:00,88.2
2025-06-12 13:29:00,37.6
2025-06-12 09:00:00,74.5
2025-06-12 07:08:00,21.0
2025-06-12 13:30:00,72.0
2025-06-12 17:53:00,42.2
2025-06-12 10:05:00,67.8
2025-06-12 19:16:00,2.9
2025-06-12 09:50:00,39.7
2025-06-12 07:39:00,24.3
2025-06-12 08:59:00,49.485271956675305
2025-06-12 08:45:00,78.0
2025-06-12 06:11:00,96.7
2025-06-12 01:15:00,89.5
2025-06-12 01:50:00,3.3
2025-06-12 17:00:00,27.6
2025-06-12 08:53:00,55.9
2025-06-12 18:33:00,49.485271956675305
2025-06-12 20:41:00,99.1
2025-06-12 22:01:00,1.0
2025-06-12 09:17:00,78.4
2025-06-12 13:35:00,49.485271956675305
2025-06-12 23:16:00,39.5
2025-06-12 06:33:00,49.485271956675305
2025-06-12 23:01:00,49.485271956675305
2025-06-12 22:05:00,93.8
2025-06-12 09:30:00,76.7
2025-06-12 05:39:00,42.1
2025-06-12 09:26:00,37.4
2025-06-12 06:00:00,81.7
2025-06-12 04:14:00,49.485271956675305
2025-06-12 17:13:00,74.7
2025-06-12 12:40:00,22.1
2025-06-12 14:22:00,99.0
2025-06-12 13:10:00,78.2
2025-06-12 18:16:00,55.3
2025-06-12 08:17:00,49.485271956675305
2025-06-12 19:53:00,49.485271956675305
2025-06-12 18:21:00,95.4
2025-06-12 09:09:00,56.8
2025-06-12 15:13:00,77.9
2025-06-12 06:40:00,43.2
2025-06-12 14:07:00,8.1
2025-06-12 10:53:00,99.1
2025-06-12 20:14:00,98.5
2025-06-12 06:55:00,32.5
2025-06-12 06:47:00,70.6
2025-06-12 16:44:00,75.9
2025-06-12 11:48:00,49.4
2025-06-12 03:53:00,49.485271956675305
2025-06-12 11:48:00,28.0
2025-06-12 12:24:00,21.3
2025-06-12 08:09:00,67.7
2025-06-12 21:14:00,96.2
2025-06-12 05:37:00,17.7
2025-06-12 17:54:00,67.3
2025-06-12 03:28:00,42.6
2025-06-12 04:55:00,46.9
2025-06-12 13:01:00,24.4
2025-06-12 09:53:00,75.6
2025-06-12 21:19:00,26.8
2025-06-12 13:56:00,67.8
2025-06-12 13:01:00,24.9
2025-06-12 17:10:00,52.0
2025-06-12 19:13:00,49.485271956675305
2025-06-12 13:55:00,92.4
2025-06-12 01:47:00,0.7
2025-06-12 20:00:00,23.6
2025-06-12 23:02:00,42.7
2025-06-12 15:41:00,70.8
2025-06-12 10:39:00,44.8
2025-06-12 15:37:00,54.4
2025-06-12 09:53:00,32.4
2025-06-12 20:54:00,97.3
2025-06-12 21:19:00,13.3
2025-06-12 12:30:00,10.7
2025-06-12 19:39:00,31.0
2025-06-12 13:51:00,91.3
2025-06-12 04:58:00,17.9
2025-06-12 21:25:00,46.8
2025-06-12 13:31:00,42.6
2025-06-12 05:32:00,93.7
2025-06-12 06:12:00,39.7
2025-06-12 20:06:00,78.1
2025-06-12 13:27:00,7.5
2025-06-12 12:29:00,95.8
2025-06-12 22:45:00,5.2
2025-06-12 00:13:00,98.1
2025-06-12 10:34:00,49.485271956675305
2025-06-12 01:44:00,60.7
2025-06-12 18:11:00,42.0
2025-06-12 04:17:00,79.6
2025-06-12 15:25:00,58.2
2025-06-12 12:29:00,55.0
2025-06-12 13:46:00,90.4
2025-06-12 09:14:00,49.7
2025-06-12 13:10:00,38.3
2025-06-12 10:13:00,61.8
2025-06-12 19:53:00,48.1
2025-06-12 15:18:00,48.2
2025-06-12 07:38:00,45.7
2025-06-12 16:32:00,76.6
2025-06-12 07:21:00,60.3
2025-06-12 11:01:00,18.5
2025-06-12 03:51:00,79.6
2025-06-12 08:49:00,49.485271956675305
2025-06-12 20:26:00,26.2
2025-06-12 07:59:00,44.9
2025-06-12 22:38:00,18.5
2025-06-12 00:39:00,94.9
2025-06-12 15:45:00,54.4
2025-06-12 08:25:00,93.2
2025-06-12 14:11:00,49.485271956675305
2025-06-12 04:58:00,49.485271956675305
2025-06-12 16:24:00,72.1
2025-06-12 07:09:00,25.3
2025-06-12 17:56:00,34.2
2025-06-12 21:06:00,64.4
2025-06-12 17:21:00,9.2
2025-06-12 19:00:00,36.5
2025-06-12 06:05:00,20.6
2025-06-12 15:43:00,38.4
2025-06-12 11:00:00,49.485271956675305
2025-06-12 19:21:00,93.3
2025-06-12 10:29:00,65.7
2025-06-12 18:48:00,41.5
2025-06-12 07:52:00,43.7
2025-06-12 17:49:00,52.4
2025-06-12 15:33:00,79.2
2025-06-12 05:37:00,40.9
2025-06-12 02:47:00,49.485271956675305
2025-06-12 09:27:00,41.9
2025-06-12 17:22:00,50.0997191011236
2025-06-12 21:32:00,50.0997191011236
2025-06-12 12:09:00,63.8
2025-06-12 12:04:00,25.5
2025-06-12 11:07:00,24.7
2025-06-12 19:42:00,27.5
2025-06-12 00:08:00,89.7
2025-06-12 17:10:00,90.7
2025-06-12 09:47:00,60.0
2025-06-12 00:09:00,80.8
2025-06-12 06:55:00,50.4
2025-06-12 07:55:00,34.7
2025-06-12 21:31:00,7.5
2025-06-12 02:25:00,94.5
2025-06-12 02:07:00,5.2
2025-06-12 17:39:00,44.9
2025-06-12 11:27:00,50.0997191011236
2025-06-12 23:38:00,89.1
2025-06-12 09:05:00,55.8
2025-06-12 03:56:00,50.0997191011236
2025-06-12 10:32:00,22.2
2025-06-12 06:58:00,3.9
2025-06-12 12:46:00,18.8
2025-06-12 11:47:00,50.0997191011236
2025-06-12 10:28:00,7.2
2025-06-12 13:36:00,32.9
2025-06-12 13:05:00,10.2
2025-06-12 02:49:00,42.4
2025-06-12 06:15:00,50.0997191011236
2025-06-12 12:04:00,71.5
2025-06-12 16:26:00,26.2
2025-06-12 07:29:00,55.7
2025-06-12 10:48:00,74.3
2025-06-12 20:39:00,30.8
2025-06-12 06:04:00,57.7
2025-06-12 02:02:00,55.9
2025-06-12 12:57:00,80.8
2025-06-12 16:31:00,50.0997191011236
2025-06-12 14:00:00,50.0997191011236
2025-06-12 19:36:00,80.3
2025-06-12 22:14:00,19.6
2025-06-12 01:13:00,3.4
2025-06-12 09:16:00,88.1
2025-06-12 17:18:00,40.5
2025-06-12 03:11:00,50.0997191011236
2025-06-12 10:34:00,46.3
2025-06-12 17:21:00,50.0997191011236
2025-06-12 16:01:00,35.4
2025-06-12 14:35:00,96.9
2025-06-12 15:57:00,81.9
2025-06-12 00:03:00,79.4
2025-06-12 16:41:00,55.6
2025-06-12 21:06:00,13.6
2025-06-12 10:26:00,34.9
2025-06-12 19:58:00,50.0997191011236
2025-06-12 23:11:00,87.2
2025-06-12 18:19:00,47.8
2025-06-12 09:52:00,50.0997191011236
2025-06-12 20:01:00,12.5
2025-06-12 02:43:00,50.0997191011236
2025-06-12 22:26:00,67.2
2025-06-12 21:17:00,83.6
2025-06-12 13:14:00,50.0997191011236
2025-06-12 21:06:00,97.7
2025-06-12 18:04:00,13.1
2025-06-12 15:36:00,96.4
2025-06-12 08:29:00,29.6
2025-06-12 15:02:00,9.8
2025-06-12 12:19:00,70.7
2025-06-12 17:55:00,44.9
2025-06-12 11:59:00,93.2
2025-06-12 15:29:00,47.0
2025-06-12 22:09:00,50.0997191011236
2025-06-12 01:18:00,50.9
2025-06-12 20:41:00,78.6
2025-06-12 19:10:00,96.7
2025-06-12 04:59:00,87.2
2025-06-12 01:11:00,5.6
2025-06-12 14:31:00,37.6
2025-06-12 09:19:00,49.0
2025-06-12 13:07:00,88.0
2025-06-12 12:22:00,8.8
2025-06-12 17:50:00,80.0
2025-06-12 04:51:00,50.0997191011236
2025-06-12 14:07:00,50.0997191011236
2025-06-12 10:05:00,42.5
2025-06-12 13:11:00,28.1
2025-06-12 21:23:00,93.0
2025-06-12 19:48:00,22.5
2025-06-12 15:30:00,49.3
2025-06-12 04:29:00,50.0997191011236
2025-06-12 20:23:00,50.0997191011236
2025-06-12 21:57:00,50.0997191011236
2025-06-12 18:41:00,5.0
2025-06-12 08:44:00,63.7
2025-06-12 14:23:00,89.7
2025-06-12 11:04:00,97.6
2025-06-12 08:15:00,1.7
2025-06-12 23:03:00,36.2
2025-06-12 19:52:00,50.0997191011236
2025-06-12 10:45:00,77.2
2025-06-12 15:59:00,42.7
2025-06-12 20:14:00,99.3
2025-06-12 11:17:00,50.0997191011236
2025-06-12 05:22:00,43.3
2025-06-12 00:02:00,42.4
2025-06-12 08:44:00,40.8
2025-06-12 05:11:00,93.5
2025-06-12 16:59:00,22.2
2025-06-12 18:57:00,15.6
2025-06-12 11:28:00,56.9
2025-06-12 08:20:00,73.7
2025-06-12 08:52:00,27.4
2025-06-12 17:58:00,50.0997191011236
2025-06-12 20:06:00,15.4
2025-06-12 19:54:00,9.8
2025-06-12 02:16:00,50.0997191011236
2025-06-12 08:24:00,8.9
2025-06-12 23:30:00,81.8
2025-06-12 22:42:00,78.3
2025-06-12 15:20:00,50.0997191011236
2025-06-12 12:10:00,59.7
2025-06-12 01:03:00,9.1
2025-06-12 16:46:00,2.3
2025-06-12 17:50:00,50.0997191011236
2025-06-12 11:42:00,50.0997191011236
2025-06-12 21:38:00,27.7
2025-06-12 15:06:00,0.6
2025-06-12 22:46:00,27.3
2025-06-12 20:52:00,58.2
2025-06-12 05:29:00,74.1
2025-06-12 04:28:00,50.0997191011236
2025-06-12 17:45:00,38.1
2025-06-12 02:01:00,22.4
2025-06-12 15:12:00,13.8
2025-06-12 11:22:00,3.9
2025-06-12 14:21:00,5.2
2025-06-12 04:32:00,75.3
2025-06-12 21:54:00,50.0997191011236
2025-06-12 04:13:00,27.7
2025-06-12 01:03:00,98.4
2025-06-12 19:52:00,0.7
2025-06-12 01:03:00,72.8
2025-06-12 01:11:00,74.5
2025-06-12 06:58:00,41.2
2025-06-12 03:43:00,61.4
2025-06-12 20:37:00,81.4
2025-06-12 19:25:00,16.0
2025-06-12 15:55:00,85.7
2025-06-12 01:37:00,50.1
2025-06-12 16:52:00,58.1
2025-06-12 13:06:00,50.0997191011236
2025-06-12 03:26:00,99.9
2025-06-12 19:14:00,42.4
2025-06-12 22:25:00,50.0997191011236
2025-06-12 05:02:00,18.7
2025-06-12 09:02:00,17.6
2025-06-12 09:46:00,50.0997191011236
2025-06-12 05:49:00,14.7
2025-06-12 10:50:00,6.4
2025-06-12 19:31:00,21.7
2025-06-12 12:26:00,33.6
2025-06-12 13:37:00,36.1
2025-06-12 23:47:00,56.3
2025-06-12 15:44:00,49.3
2025-06-12 17:59:00,41.2
2025-06-12 16:32:00,26.2
2025-06-12 21:46:00,50.0997191011236
2025-06-12 14:15:00,7.0
2025-06-12 09:41:00,20.2
2025-06-12 15:53:00,6.4
2025-06-12 18:46:00,81.9
2025-06-12 20:10:00,50.0997191011236
2025-06-12 13:01:00,50.0997191011236
2025-06-12 18:13:00,74.9
2025-06-12 01:13:00,33.3
2025-06-12 18:53:00,59.6
2025-06-12 11:13:00,26.2
2025-06-12 11:03:00,38.1
2025-06-12 12:17:00,88.5
2025-06-12 10:05:00,46.7
2025-06-12 13:15:00,54.3
2025-06-12 00:24:00,26.6
2025-06-12 23:20:00,32.1
2025-06-12 13:31:00,94.6
2025-06-12 09:47:00,38.5
2025-06-12 07:17:00,65.8
2025-06-12 07:08:00,0.3
2025-06-12 06:56:00,53.9
2025-06-12 04:48:00,50.0997191011236
2025-06-12 13:32:00,44.0
2025-06-12 22:03:00,97.9
2025-06-12 12:01:00,51.9
2025-06-12 20:36:00,80.6
2025-06-12 11:21:00,94.5
2025-06-12 17:00:00,50.0997191011236
2025-06-12 13:14:00,5.3
2025-06-12 09:45:00,89.4
2025-06-12 01:19:00,50.0997191011236
2025-06-12 15:31:00,50.0997191011236
2025-06-12 12:24:00,52.1
2025-06-12 17:49:00,50.0997191011236
2025-06-12 01:46:00,62.0
2025-06-12 22:37:00,82.6
2025-06-12 17:35:00,50.0997191011236
2025-06-12 00:03:00,9.4
2025-06-12 19:06:00,47.2
2025-06-12 11:59:00,54.4
2025-06-12 01:45:00,95.3
2025-06-12 20:40:00,50.0997191011236
2025-06-12 14:44:00,99.1
2025-06-12 02:36:00,29.8
2025-06-12 17:04:00,78.5
2025-06-12 19:35:00,62.1
2025-06-12 20:35:00,26.4
2025-06-12 23:16:00,63.2
2025-06-12 03:20:00,21.1
2025-06-12 03:39:00,3.9
2025-06-12 12:09:00,9.0
2025-06-12 16:41:00,71.1
2025-06-12 07:55:00,50.0997191011236
2025-06-12 14:36:00,50.0997191011236
2025-06-12 22:37:00,46.8
2025-06-12 00:58:00,69.5
2025-06-12 18:10:00,51.3
2025-06-12 12:07:00,72.7
2025-06-12 04:25:00,46.4
2025-06-12 01:18:00,7.9
2025-06-12 04:46:00,53.1
2025-06-12 02:25:00,73.2
2025-06-12 10:04:00,64.1
2025-06-12 00:32:00,77.8
2025-06-12 02:07:00,32.1
2025-06-12 14:34:00,34.1
2025-06-12 18:55:00,87.1
2025-06-12 23:25:00,50.0997191011236
2025-06-12 13:33:00,79.5
2025-06-12 16:21:00,77.5
2025-06-12 02:59:00,29.0
2025-06-12 22:34:00,97.1
2025-06-12 18:59:00,40.2
2025-06-12 06:19:00,93.0
2025-06-12 15:27:00,93.6
2025-06-12 00:24:00,37.5
2025-06-12 20:56:00,18.1
2025-06-12 11:24:00,5.0
2025-06-12 13:15:00,26.4
2025-06-12 18:45:00,27.0
2025-06-12 10:32:00,32.9
2025-06-12 19:31:00,76.4
2025-06-12 05:15:00,50.0997191011236
2025-06-12 09:20:00,65.0
2025-06-12 18:03:00,79.6
2025-06-12 14:30:00,8.3
2025-06-12 22:04:00,11.6
2025-06-12 12:49:00,84.3
2025-06-12 09:42:00,97.2
2025-06-12 20:38:00,76.3
2025-06-12 18:24:00,20.7
2025-06-12 03:26:00,1.6
2025-06-12 09:57:00,22.1
2025-06-12 01:07:00,38.3
2025-06-12 16:13:00,13.0
2025-06-12 03:03:00,50.0997191011236
2025-06-12 00:15:00,58.7
2025-06-12 02:26:00,69.2
2025-06-12 02:50:00,92.3
2025-06-12 04:55:00,45.6
2025-06-12 10:14:00,11.5
2025-06-12 15:52:00,47.0
2025-06-12 07:46:00,50.0997191011236
2025-06-12 14:46:00,15.0
2025-06-12 04:07:00,19.2
2025-06-12 21:32:00,76.4
2025-06-12 17:34:00,50.0997191011236
2025-06-12 05:57:00,50.0997191011236
2025-06-12 04:19:00,56.3
2025-06-12 04:53:00,60.2
2025-06-12 12:55:00,93.0
2025-06-12 06:00:00,51.1
2025-06-12 11:42:00,10.5
2025-06-12 11:58:00,50.0997191011236
2025-06-12 19:12:00,77.9
2025-06-12 14:45:00,48.8
2025-06-12 21:21:00,9.8
2025-06-12 06:28:00,8.1
2025-06-12 07:54:00,52.1
2025-06-12 13:08:00,59.4
2025-06-12 20:43:00,50.0997191011236
2025-06-12 20:54:00,50.0997191011236
2025-06-12 18:31:00,42.4
2025-06-12 07:22:00,63.7
2025-06-12 01:02:00,76.4
2025-06-12 13:56:00,45.4
2025-06-12 08:04:00,64.6
2025-06-12 12:13:00,50.0997191011236
2025-06-12 19:08:00,25.7
2025-06-12 16:26:00,19.5
2025-06-12 06:23:00,50.7
2025-06-12 22:01:00,50.0997191011236
2025-06-12 08:19:00,95.2
2025-06-12 11:32:00,80.1
2025-06-12 08:25:00,37.0
2025-06-12 10:21:00,83.0
2025-06-12 03:53:00,29.4
2025-06-12 20:01:00,71.1
2025-06-12 02:13:00,97.6
2025-06-12 08:17:00,50.0997191011236
2025-06-12 14:10:00,20.3
2025-06-12 06:40:00,95.1
2025-06-12 10:15:00,47.2
2025-06-12 03:08:00,79.7
2025-06-12 09:07:00,69.7
2025-06-12 22:44:00,94.9
2025-06-12 02:15:00,50.0997191011236
2025-06-12 02:10:00,50.0997191011236
2025-06-12 03:40:00,50.0997191011236
2025-06-12 03:49:00,72.9
2025-06-12 06:38:00,51.9
2025-06-12 22:33:00,45.5
2025-06-12 08:56:00,74.6
2025-06-12 11:59:00,72.4
2025-06-12 18:03:00,86.6
2025-06-12 06:03:00,45.7
2025-06-12 15:09:00,6.8
2025-06-12 19:47:00,15.9
2025-06-12 05:37:00,0.4
2025-06-12 02:14:00,90.5
2025-06-12 03:06:00,62.7
2025-06-12 16:09:00,86.8
2025-06-12 02:11:00,33.4
2025-06-12 06:15:00,31.7
2025-06-12 15:44:00,95.9
2025-06-12 10:13:00,65.6
2025-06-12 06:57:00,67.5
2025-06-12 19:14:00,36.0
2025-06-12 23:54:00,12.9
2025-06-12 08:26:00,11.9
2025-06-12 11:22:00,96.0
2025-06-12 12:10:00,49.889081537019685
2025-06-12 03:13:00,57.5
2025-06-12 08:19:00,85.1
2025-06-12 17:19:00,52.4
2025-06-12 19:39:00,88.0
2025-06-12 20:29:00,11.7
2025-06-12 22:33:00,67.4
2025-06-12 13:28:00,49.889081537019685
2025-06-12 05:38:00,38.4
2025-06-12 12:27:00,31.6
2025-06-12 20:32:00,81.9
2025-06-12 07:13:00,63.1
2025-06-12 13:39:00,32.6
2025-06-12 23:05:00,76.3
2025-06-12 03:16:00,49.6
2025-06-12 01:45:00,4.8
2025-06-12 23:57:00,49.889081537019685
2025-06-12 04:51:00,99.6
2025-06-12 02:38:00,48.7
2025-06-12 20:17:00,67.3
2025-06-12 02:34:00,64.8
2025-06-12 23:53:00,60.1
2025-06-12 22:03:00,98.9
2025-06-12 17:08:00,75.2
2025-06-12 02:14:00,79.0
2025-06-12 05:42:00,37.5
2025-06-12 15:14:00,47.2
2025-06-12 06:07:00,49.889081537019685
2025-06-12 10:11:00,35.8
2025-06-12 07:21:00,1.6
2025-06-12 10:31:00,5.8
2025-06-12 17:19:00,49.889081537019685
2025-06-12 00:12:00,20.4
2025-06-12 11:32:00,55.4
2025-06-12 16:32:00,27.0
2025-06-12 14:40:00,21.3
2025-06-12 21:56:00,79.1
2025-06-12 04:13:00,81.7
2025-06-12 01:01:00,5.7
2025-06-12 15:39:00,49.889081537019685
2025-06-12 01:07:00,99.2
2025-06-12 21:11:00,20.6
2025-06-12 02:15:00,4.3
2025-06-12 19:54:00,16.5
2025-06-12 19:16:00,15.3
2025-06-12 00:01:00,49.889081537019685
2025-06-12 04:18:00,49.889081537019685
2025-06-12 12:56:00,45.3
2025-06-12 12:38:00,85.4
2025-06-12 15:13:00,57.9
2025-06-12 08:52:00,11.1
2025-06-12 12:16:00,49.889081537019685
2025-06-12 06:24:00,6.1
2025-06-12 05:45:00,49.889081537019685
2025-06-12 19:30:00,62.1
2025-06-12 05:19:00,79.1
2025-06-12 19:29:00,68.8
2025-06-12 07:09:00,92.1
2025-06-12 01:20:00,15.7
2025-06-12 17:57:00,51.5
2025-06-12 22:16:00,33.2
2025-06-12 08:24:00,5.7
2025-06-12 12:21:00,91.2
2025-06-12 17:54:00,28.6
2025-06-12 23:41:00,98.2
2025-06-12 03:49:00,26.9
2025-06-12 16:30:00,14.0
2025-06-12 03:40:00,2.1
2025-06-12 14:47:00,19.1
2025-06-12 06:15:00,71.1
2025-06-12 21:39:00,31.0
2025-06-12 06:20:00,32.7
2025-06-12 10:09:00,49.889081537019685
2025-06-12 16:47:00,83.1
2025-06-12 00:11:00,16.7
2025-06-12 08:09:00,48.5
2025-06-12 12:34:00,34.2
2025-06-12 15:12:00,32.0
2025-06-12 07:39:00,3.3
2025-06-12 16:27:00,44.0
2025-06-12 20:55:00,92.2
2025-06-12 10:50:00,65.2
2025-06-12 23:58:00,25.7
2025-06-12 09:23:00,49.889081537019685
2025-06-12 17:27:00,22.2
2025-06-12 01:07:00,54.3
2025-06-12 14:18:00,49.889081537019685
2025-06-12 09:53:00,2.2
2025-06-12 15:47:00,21.1
2025-06-12 08:35:00,67.8
2025-06-12 18:04:00,38.5
2025-06-12 18:09:00,98.3
2025-06-12 03:15:00,9.2
2025-06-12 14:06:00,49.889081537019685
2025-06-12 09:32:00,73.3
2025-06-12 11:16:00,49.889081537019685
2025-06-12 18:38:00,92.9
2025-06-12 15:39:00,12.7
2025-06-12 19:50:00,38.3
2025-06-12 07:57:00,1.6
2025-06-12 02:00:00,70.9
2025-06-12 13:57:00,97.0
2025-06-12 19:13:00,76.2
2025-06-12 22:02:00,49.889081537019685
2025-06-12 00:56:00,54.6
2025-06-12 04:36:00,54.6
2025-06-12 07:52:00,15.6
2025-06-12 20:56:00,50.0
2025-06-12 21:47:00,58.3
2025-06-12 06:08:00,12.9
2025-06-12 17:48:00,98.5
2025-06-12 16:59:00,4.3
2025-06-12 04:25:00,41.7
2025-06-12 19:48:00,11.4
2025-06-12 02:16:00,49.889081537019685
2025-06-12 06:06:00,97.0
2025-06-12 17:16:00,48.5
2025-06-12 16:55:00,66.7
2025-06-12 06:08:00,48.6
2025-06-12 06:25:00,49.889081537019685
2025-06-12 06:11:00,73.0
2025-06-12 17:49:00,49.889081537019685
2025-06-12 13:09:00,39.1
2025-06-12 09:17:00,97.6
2025-06-12 10:33:00,8.5
2025-06-12 00:57:00,83.0
2025-06-12 17:46:00,35.7
2025-06-12 21:17:00,93.0
2025-06-12 14:39:00,9.5
2025-06-12 13:50:00,54.5
2025-06-12 22:37:00,76.2
2025-06-12 18:40:00,10.5
2025-06-12 18:15:00,34.8
2025-06-12 12:30:00,90.0
2025-06-12 20:17:00,37.6
2025-06-12 20:47:00,13.1
2025-06-12 08:56:00,19.2
2025-06-12 16:41:00,77.1
2025-06-12 02:11:00,19.9
2025-06-12 01:26:00,94.4
2025-06-12 09:22:00,88.8
2025-06-12 03:09:00,49.889081537019685
2025-06-12 17:04:00,49.889081537019685
2025-06-12 08:32:00,13.9
2025-06-12 16:35:00,66.2
2025-06-12 07:37:00,71.2
2025-06-12 10:14:00,38.3
2025-06-12 20:43:00,8.1
2025-06-12 17:53:00,83.9
2025-06-12 11:23:00,49.889081537019685
2025-06-12 07:55:00,49.889081537019685
2025-06-12 11:47:00,77.3
2025-06-12 07:01:00,8.5
2025-06-12 12:37:00,15.6
2025-06-12 13:28:00,46.7
2025-06-12 14:37:00,41.5
2025-06-12 10:19:00,54.0
2025-06-12 12:42:00,66.3
2025-06-12 16:49:00,35.8
2025-06-12 03:22:00,73.2
2025-06-12 06:38:00,49.889081537019685
2025-06-12 16:05:00,54.9
2025-06-12 13:19:00,18.4
2025-06-12 20:02:00,39.5
2025-06-12 03:16:00,41.5
2025-06-12 03:51:00,7.0
2025-06-12 06:24:00,49.889081537019685
2025-06-12 11:54:00,49.889081537019685
2025-06-12 17:28:00,59.1
2025-06-12 17:09:00,76.7
2025-06-12 15:36:00,78.6
2025-06-12 12:08:00,49.889081537019685
2025-06-12 01:47:00,81.9
2025-06-12 23:54:00,38.7
2025-06-12 03:23:00,1.8
2025-06-12 12:59:00,26.8
2025-06-12 10:32:00,77.4
2025-06-12 18:21:00,6.2
2025-06-12 00:28:00,15.7
2025-06-12 11:05:00,74.5
2025-06-12 06:30:00,3.6
2025-06-12 00:22:00,21.8
2025-06-12 07:59:00,43.0
2025-06-12 00:58:00,58.1
2025-06-12 07:27:00,4.3
2025-06-12 08:43:00,49.889081537019685
2025-06-12 06:27:00,14.6
2025-06-12 15:17:00,49.889081537019685
2025-06-12 00:38:00,62.7
2025-06-12 14:53:00,47.4
2025-06-12 07:42:00,50.1
2025-06-12 15:09:00,49.889081537019685
2025-06-12 00:17:00,70.5
2025-06-12 19:46:00,44.9
2025-06-12 05:31:00,92.2
2025-06-12 19:53:00,16.0
2025-06-12 07:04:00,95.3
2025-06-12 19:38:00,52.1
2025-06-12 19:21:00,98.6
2025-06-12 14:28:00,33.2
2025-06-12 15:55:00,99.3
2025-06-12 00:11:00,49.889081537019685
2025-06-12 22:45:00,28.5
2025-06-12 00:03:00,49.889081537019685
2025-06-12 23:08:00,69.8
2025-06-12 03:03:00,92.5
2025-06-12 00:59:00,21.5
2025-06-12 16:35:00,45.0
2025-06-12 06:37:00,33.4
2025-06-12 07:00:00,48.6
2025-06-12 01:44:00,32.1
2025-06-12 13:37:00,82.3
2025-06-12 04:04:00,49.889081537019685
2025-06-12 04:29:00,49.889081537019685
2025-06-12 05:35:00,58.9
2025-06-12 08:06:00,49.889081537019685
2025-06-12 13:01:00,31.7
2025-06-12 02:27:00,47.5
2025-06-12 06:53:00,79.2
2025-06-12 23:13:00,62.0
2025-06-12 21:11:00,78.2
2025-06-12 01:52:00,72.6
2025-06-12 01:58:00,76.7
2025-06-12 08:49:00,90.5
2025-06-12 07:04:00,91.3
2025-06-12 01:37:00,79.9
2025-06-12 08:31:00,86.9
2025-06-12 15:07:00,69.7
2025-06-12 13:32:00,59.5
2025-06-12 15:45:00,52.5
2025-06-12 08:56:00,85.8
2025-06-12 05:10:00,49.889081537019685
2025-06-12 02:00:00,34.8
2025-06-12 05:09:00,71.8
2025-06-12 12:09:00,57.4
2025-06-12 16:00:00,96.1
2025-06-12 06:36:00,98.3
2025-06-12 07:21:00,82.7
2025-06-12 15:58:00,49.889081537019685
2025-06-12 03:12:00,45.9
2025-06-12 03:39:00,49.889081537019685
2025-06-12 08:20:00,90.4
2025-06-12 08:08:00,70.1
2025-06-12 05:23:00,30.1
2025-06-12 05:08:00,5.5
2025-06-12 19:42:00,95.9
2025-06-12 00:17:00,5.2
2025-06-12 16:26:00,19.2
2025-06-12 07:10:00,41.9
2025-06-12 07:13:00,87.2
2025-06-12 10:24:00,60.2
2025-06-12 13:29:00,31.0
2025-06-12 01:31:00,87.5
2025-06-12 01:50:00,41.6
2025-06-12 08:27:00,12.2
2025-06-12 20:04:00,92.2
2025-06-12 08:09:00,49.889081537019685
2025-06-12 11:28:00,80.4
2025-06-12 01:24:00,9.6
2025-06-12 02:19:00,16.7
2025-06-12 13:04:00,96.3
2025-06-12 20:52:00,79.6
2025-06-12 23:58:00,99.8
2025-06-12 08:19:00,25.3
2025-06-12 00:25:00,1.0
2025-06-12 13:46:00,45.8
2025-06-12 02:38:00,39.1
2025-06-12 00:42:00,50.1
2025-06-12 23:15:00,60.3
2025-06-12 15:14:00,31.0
2025-06-12 01:48:00,63.4
2025-06-12 10:22:00,35.6
2025-06-12 20:32:00,49.889081537019685
2025-06-12 13:19:00,70.2
2025-06-12 20:09:00,79.5
2025-06-12 03:30:00,24.4
2025-06-12 11:02:00,81.6
2025-06-12 04:32:00,15.5
2025-06-12 19:58:00,69.3
2025-06-12 15:08:00,11.7
2025-06-12 07:37:00,68.1
2025-06-12 23:18:00,30.5
2025-06-12 00:09:00,70.2
2025-06-12 08:38:00,12.9
2025-06-12 11:37:00,5.3
2025-06-12 00:21:00,25.8
2025-06-12 21:03:00,82.5
2025-06-12 06:57:00,49.889081537019685
2025-06-12 15:40:00,85.8
2025-06-12 04:31:00,12.1
2025-06-12 14:26:00,92.4
2025-06-12 07:28:00,49.889081537019685
2025-06-12 17:45:00,3.7
2025-06-12 19:27:00,55.3
2025-06-12 14:39:00,25.8
2025-06-12 13:46:00,49.889081537019685
2025-06-12 00:58:00,72.9
2025-06-12 05:01:00,49.889081537019685
2025-06-12 12:35:00,80.1
2025-06-12 19:43:00,28.1
2025-06-12 06:26:00,92.1
2025-06-12 12:00:00,72.1
2025-06-12 06:45:00,49.889081537019685
2025-06-12 09:48:00,83.1
2025-06-12 02:38:00,90.3
2025-06-12 07:40:00,78.4
2025-06-12 15:50:00,61.6
2025-06-12 13:52:00,87.7
2025-06-12 11:08:00,71.9
2025-06-12 04:55:00,96.6
2025-06-12 13:45:00,52.9
2025-06-12 15:56:00,88.0
2025-06-12 18:00:00,49.889081537019685
2025-06-12 17:38:00,81.5
2025-06-12 18:41:00,60.7
2025-06-12 21:41:00,23.0
2025-06-12 22:05:00,49.889081537019685
2025-06-12 16:40:00,28.1
2025-06-12 08:21:00,49.889081537019685
2025-06-12 02:29:00,93.9
2025-06-12 20:09:00,12.1
2025-06-12 09:17:00,47.6
2025-06-12 17:02:00,26.9
2025-06-12 23:06:00,63.9
2025-06-12 01:31:00,12.3
2025-06-12 03:05:00,24.7
2025-06-12 13:36:00,77.6
2025-06-12 18:38:00,76.8
2025-06-12 12:46:00,28.7
2025-06-12 03:43:00,87.6
2025-06-12 01:31:00,75.0
2025-06-12 09:58:00,91.0
2025-06-12 09:58:00,11.0
2025-06-12 08:01:00,73.2
2025-06-12 03:31:00,65.6
2025-06-12 21:37:00,92.4
2025-06-12 17:46:00,48.7
2025-06-12 11:22:00,45.9
2025-06-12 01:35:00,37.5
2025-06-12 09:59:00,12.8
2025-06-12 13:53:00,19.9
2025-06-12 15:18:00,60.0
2025-06-12 08:29:00,88.6
2025-06-12 21:56:00,78.8
2025-06-12 01:44:00,4.3
2025-06-12 22:34:00,19.3
2025-06-12 06:39:00,56.9
2025-06-12 11:59:00,22.2
2025-06-12 02:35:00,50.12778039031272
2025-06-12 23:21:00,12.6
2025-06-12 06:39:00,21.4
2025-06-12 05:08:00,78.9
2025-06-12 20:32:00,23.4
2025-06-12 05:31:00,17.2
2025-06-12 02:50:00,95.7
2025-06-12 19:48:00,33.4
2025-06-12 23:11:00,63.8
2025-06-12 03:59:00,23.7
2025-06-12 07:49:00,89.9
2025-06-12 03:09:00,86.6
2025-06-12 10:40:00,14.2
2025-06-12 17:57:00,50.12778039031272
2025-06-12 13:35:00,57.7
2025-06-12 13:20:00,69.0
2025-06-12 01:03:00,91.7
2025-06-12 01:42:00,61.4
2025-06-12 10:42:00,15.8
2025-06-12 12:25:00,95.0
2025-06-12 23:27:00,2.1
2025-06-12 08:18:00,2.4
2025-06-12 15:21:00,40.6
2025-06-12 11:12:00,50.12778039031272
2025-06-12 17:09:00,42.9
2025-06-12 13:00:00,29.0
2025-06-12 22:50:00,34.8
2025-06-12 12:34:00,90.6
2025-06-12 16:02:00,0.6
2025-06-12 13:37:00,34.9
2025-06-12 18:41:00,58.7
2025-06-12 00:13:00,18.3
2025-06-12 04:04:00,81.3
2025-06-12 13:51:00,50.12778039031272
2025-06-12 23:47:00,50.12778039031272
2025-06-12 14:24:00,91.8
2025-06-12 17:59:00,12.5
2025-06-12 01:01:00,16.9
2025-06-12 03:19:00,21.7
2025-06-12 11:27:00,59.3
2025-06-12 05:59:00,79.2
2025-06-12 07:04:00,97.9
2025-06-12 01:19:00,44.8
2025-06-12 12:58:00,67.7
2025-06-12 20:56:00,50.12778039031272
2025-06-12 07:49:00,78.6
2025-06-12 05:12:00,94.8
2025-06-12 19:28:00,3.2
2025-06-12 12:38:00,70.8
2025-06-12 10:33:00,77.0
2025-06-12 20:59:00,69.7
2025-06-12 13:11:00,19.9
2025-06-12 13:29:00,62.8
2025-06-12 04:44:00,39.4
2025-06-12 16:12:00,50.12778039031272
2025-06-12 22:15:00,50.12778039031272
2025-06-12 21:44:00,59.5
2025-06-12 10:53:00,70.4
2025-06-12 05:48:00,26.9
2025-06-12 15:03:00,40.6
2025-06-12 05:09:00,68.2
2025-06-12 22:43:00,49.8
2025-06-12 22:13:00,64.7
2025-06-12 17:07:00,83.8
2025-06-12 09:39:00,13.6
2025-06-12 04:55:00,55.8
2025-06-12 00:24:00,28.5
2025-06-12 12:40:00,38.2
2025-06-12 15:48:00,45.1
2025-06-12 02:47:00,80.3
2025-06-12 21:32:00,62.5
2025-06-12 12:34:00,77.9
2025-06-12 03:10:00,29.9
2025-06-12 08:52:00,50.12778039031272
2025-06-12 21:21:00,40.3
2025-06-12 14:51:00,91.9
2025-06-12 20:59:00,50.12778039031272
2025-06-12 04:55:00,21.1
2025-06-12 18:23:00,72.8
2025-06-12 21:06:00,19.7
2025-06-12 01:17:00,1.3
2025-06-12 13:20:00,27.1
2025-06-12 23:36:00,50.12778039031272
2025-06-12 01:35:00,7.0
2025-06-12 09:20:00,50.12778039031272
2025-06-12 10:47:00,50.12778039031272
2025-06-12 18:48:00,50.12778039031272
2025-06-12 19:03:00,19.4
2025-06-12 00:36:00,20.2
2025-06-12 16:06:00,50.12778039031272
2025-06-12 01:52:00,77.8
2025-06-12 10:21:00,26.5
2025-06-12 16:02:00,80.3
2025-06-12 21:18:00,86.2
2025-06-12 23:19:00,6.9
2025-06-12 19:50:00,48.7
2025-06-12 19:42:00,16.8
2025-06-12 13:28:00,52.8
2025-06-12 06:12:00,17.0
2025-06-12 00:37:00,50.12778039031272
2025-06-12 10:56:00,81.5
2025-06-12 17:16:00,22.8
2025-06-12 16:57:00,47.3
2025-06-12 09:17:00,40.7
2025-06-12 14:05:00,55.3
2025-06-12 14:33:00,99.8
2025-06-12 23:48:00,92.1
2025-06-12 21:20:00,22.0
2025-06-12 11:08:00,53.7
2025-06-12 20:12:00,78.1
2025-06-12 04:17:00,62.8
2025-06-12 06:02:00,20.1
2025-06-12 08:16:00,65.8
2025-06-12 06:17:00,61.7
2025-06-12 02:20:00,20.0
2025-06-12 12:46:00,66.4
2025-06-12 18:04:00,53.8
2025-06-12 23:58:00,62.8
2025-06-12 10:44:00,58.6
2025-06-12 00:42:00,50.12778039031272
2025-06-12 10:59:00,7.8
2025-06-12 15:25:00,10.5
2025-06-12 09:21:00,51.1
2025-06-12 12:33:00,64.3
2025-06-12 16:23:00,57.7
2025-06-12 23:50:00,88.1
2025-06-12 10:49:00,93.7
2025-06-12 10:51:00,3.3
2025-06-12 06:14:00,36.7
2025-06-12 11:58:00,35.2
2025-06-12 06:56:00,65.1
2025-06-12 22:42:00,64.7
2025-06-12 01:16:00,1.2
2025-06-12 10:09:00,78.4
2025-06-12 03:11:00,89.0
2025-06-12 14:23:00,58.5
2025-06-12 21:13:00,45.5
2025-06-12 05:15:00,23.2
2025-06-12 08:48:00,26.3
2025-06-12 13:37:00,54.2
2025-06-12 21:35:00,72.7
2025-06-12 13:37:00,1.0
2025-06-12 18:43:00,50.12778039031272
2025-06-12 16:40:00,21.4
2025-06-12 20:17:00,92.0
2025-06-12 08:52:00,42.6
2025-06-12 03:29:00,40.7
2025-06-12 20:59:00,1.9
2025-06-12 15:24:00,33.8
2025-06-12 08:16:00,27.5
2025-06-12 15:22:00,35.4
2025-06-12 16:47:00,33.1
2025-06-12 17:37:00,74.0
2025-06-12 03:31:00,16.6
2025-06-12 11:07:00,90.8
2025-06-12 04:47:00,61.1
2025-06-12 08:03:00,45.2
2025-06-12 01:52:00,32.3
2025-06-12 09:18:00,26.6
2025-06-12 20:13:00,33.0
2025-06-12 22:12:00,56.5
2025-06-12 14:25:00,45.6
2025-06-12 13:10:00,69.6
2025-06-12 14:34:00,14.3
2025-06-12 21:46:00,44.3
2025-06-12 06:51:00,50.12778039031272
2025-06-12 07:32:00,37.0
2025-06-12 06:53:00,34.3
2025-06-12 01:05:00,98.6
2025-06-12 11:49:00,90.9
2025-06-12 20:06:00,12.7
2025-06-12 16:26:00,58.7
2025-06-12 01:44:00,31.7
2025-06-12 00:19:00,50.12778039031272
2025-06-12 10:12:00,54.4
2025-06-12 17:57:00,77.3
2025-06-12 21:56:00,24.3
2025-06-12 04:24:00,50.12778039031272
2025-06-12 10:06:00,31.1
2025-06-12 21:01:00,37.8
2025-06-12 16:03:00,50.4
2025-06-12 01:01:00,82.2
2025-06-12 17:01:00,68.4
2025-06-12 04:17:00,11.8
2025-06-12 15:00:00,95.1
2025-06-12 16:12:00,35.4
2025-06-12 07:38:00,50.12778039031272
2025-06-12 01:38:00,84.7
2025-06-12 14:18:00,50.12778039031272
2025-06-12 00:44:00,56.7
2025-06-12 20:50:00,27.3
2025-06-12 16:11:00,28.9
2025-06-12 21:19:00,54.7
2025-06-12 05:25:00,50.12778039031272
2025-06-12 22:55:00,21.9
2025-06-12 22:23:00,95.8
2025-06-12 13:20:00,19.3
2025-06-12 14:28:00,38.0
2025-06-12 19:11:00,75.0
2025-06-12 03:38:00,50.12778039031272
2025-06-12 04:46:00,44.4
2025-06-12 12:48:00,62.7
2025-06-12 04:57:00,0.4
2025-06-12 11:13:00,48.6
2025-06-12 16:35:00,69.3
2025-06-12 17:37:00,22.8
2025-06-12 16:25:00,76.0
2025-06-12 02:59:00,87.1
2025-06-12 04:39:00,95.7
2025-06-12 16:02:00,68.4
2025-06-12 01:19:00,13.6
2025-06-12 05:37:00,50.12778039031272
2025-06-12 08:16:00,9.1
2025-06-12 23:31:00,50.12778039031272
2025-06-12 06:45:00,80.7
2025-06-12 00:45:00,50.12778039031272
2025-06-12 02:10:00,73.0
2025-06-12 06:50:00,27.1
2025-06-12 19:44:00,50.12778039031272
2025-06-12 00:42:00,33.9
2025-06-12 04:17:00,53.5
2025-06-12 02:03:00,39.8
2025-06-12 08:50:00,50.12778039031272
2025-06-12 02:12:00,54.8
2025-06-12 17:26:00,99.4
2025-06-12 02:59:00,23.2
2025-06-12 16:47:00,83.4
2025-06-12 22:06:00,73.7
2025-06-12 08:18:00,98.8
2025-06-12 02:55:00,50.12778039031272
2025-06-12 22:28:00,50.12778039031272
2025-06-12 03:56:00,1.7
2025-06-12 04:41:00,3.4
2025-06-12 17:04:00,28.7
2025-06-12 04:53:00,50.12778039031272
2025-06-12 10:21:00,27.6
2025-06-12 12:47:00,89.9
2025-06-12 08:33:00,40.3
2025-06-12 09:16:00,65.9
2025-06-12 22:08:00,50.7
2025-06-12 06:37:00,57.5
2025-06-12 12:12:00,11.0
2025-06-12 10:41:00,26.0
2025-06-12 09:15:00,50.12778039031272
2025-06-12 06:30:00,50.12778039031272
2025-06-12 11:00:00,75.5
2025-06-12 07:54:00,9.0
2025-06-12 11:15:00,13.6
2025-06-12 18:25:00,50.12778039031272
2025-06-12 13:54:00,51.1
2025-06-12 01:01:00,14.2
2025-06-12 13:46:00,66.5
2025-06-12 19:57:00,94.9
2025-06-12 00:24:00,48.7
2025-06-12 14:41:00,19.3
2025-06-12 08:06:00,23.0
2025-06-12 08:41:00,58.6
2025-06-12 20:23:00,32.4
2025-06-12 10:37:00,28.9
2025-06-12 21:40:00,88.8
2025-06-12 10:35:00,50.12778039031272
2025-06-12 08:06:00,23.6
2025-06-12 08:53:00,35.4
2025-06-12 04:25:00,53.8
2025-06-12 23:35:00,92.7
2025-06-12 06:43:00,50.12778039031272
2025-06-12 00:03:00,67.5
2025-06-12 23:32:00,97.9
2025-06-12 21:26:00,2.4
2025-06-12 03:04:00,50.12778039031272
2025-06-12 07:51:00,15.8
2025-06-12 07:42:00,17.9
2025-06-12 23:13:00,50.12778039031272
2025-06-12 03:15:00,76.4
2025-06-12 11:06:00,30.7
2025-06-12 23:35:00,6.3
2025-06-12 04:12:00,59.9
2025-06-12 16:50:00,79.0
2025-06-12 23:12:00,50.12778039031272
2025-06-12 18:04:00,56.3
2025-06-12 19:32:00,71.2
2025-06-12 18:21:00,47.0
2025-06-12 04:26:00,10.9
2025-06-12 01:09:00,80.8
2025-06-12 23:38:00,69.7
2025-06-12 14:51:00,79.4
2025-06-12 18:43:00,95.7
2025-06-12 06:19:00,72.7
2025-06-12 14:56:00,60.2
2025-06-12 16:47:00,46.4
2025-06-12 11:02:00,30.8
2025-06-12 09:18:00,62.9
2025-06-12 23:02:00,31.6
2025-06-12 19:23:00,38.8
2025-06-12 14:14:00,50.12778039031272
2025-06-12 17:35:00,50.12778039031272
2025-06-12 06:25:00,2.7
2025-06-12 23:09:00,50.12778039031272
2025-06-12 19:57:00,50.12778039031272
2025-06-12 17:44:00,78.3
2025-06-12 17:36:00,50.12778039031272
2025-06-12 07:25:00,73.1
2025-06-12 14:23:00,14.7
2025-06-12 22:16:00,20.3
2025-06-12 14:12:00,62.9
2025-06-12 21:17:00,42.8
2025-06-12 03:31:00,84.6
2025-06-12 16:30:00,51.5
2025-06-12 15:13:00,50.12778039031272
2025-06-12 01:13:00,17.8
2025-06-12 14:32:00,50.12778039031272
2025-06-12 01:04:00,75.9
2025-06-12 11:27:00,32.4
2025-06-12 07:52:00,87.6
2025-06-12 19:37:00,89.9
2025-06-12 18:39:00,12.6
2025-06-12 23:43:00,52.5
2025-06-12 20:57:00,50.12778039031272
2025-06-12 19:38:00,95.9
2025-06-12 00:47:00,95.3
2025-06-12 17:03:00,4.5
2025-06-12 13:07:00,61.4
2025-06-12 09:34:00,40.8
2025-06-12 10:49:00,23.9
2025-06-12 20:08:00,88.6
2025-06-12 01:07:00,98.6
2025-06-12 22:34:00,95.4
2025-06-12 00:24:00,79.3
2025-06-12 14:45:00,49.8
2025-06-12 06:54:00,20.1
2025-06-12 04:58:00,50.1655304792927
2025-06-12 06:39:00,76.1
2025-06-12 20:22:00,59.4
2025-06-12 14:40:00,50.1655304792927
2025-06-12 15:07:00,89.7
2025-06-12 15:40:00,97.7
2025-06-12 21:25:00,38.1
2025-06-12 22:31:00,28.4
2025-06-12 00:47:00,84.8
2025-06-12 02:55:00,48.2
2025-06-12 15:01:00,50.1655304792927
2025-06-12 18:56:00,42.7
2025-06-12 03:08:00,63.3
2025-06-12 03:36:00,70.7
2025-06-12 07:55:00,59.4
2025-06-12 14:53:00,61.0
2025-06-12 23:00:00,53.8
2025-06-12 23:01:00,62.5
2025-06-12 11:57:00,10.3
2025-06-12 18:36:00,47.6
2025-06-12 03:44:00,74.4
2025-06-12 17:17:00,54.0
2025-06-12 01:55:00,25.8
2025-06-12 21:08:00,41.6
2025-06-12 17:35:00,45.5
2025-06-12 20:48:00,74.9
2025-06-12 14:15:00,45.4
2025-06-12 23:16:00,51.6
2025-06-12 23:39:00,26.0
2025-06-12 20:57:00,35.2
2025-06-12 20:56:00,10.4
2025-06-12 02:35:00,20.5
2025-06-12 04:03:00,50.1655304792927
2025-06-12 15:40:00,89.8
2025-06-12 21:32:00,36.5
2025-06-12 11:20:00,12.8
2025-06-12 05:04:00,50.1655304792927
2025-06-12 21:33:00,48.7
2025-06-12 17:37:00,56.9
2025-06-12 05:11:00,6.1
2025-06-12 22:50:00,50.1655304792927
2025-06-12 08:57:00,40.0
2025-06-12 03:27:00,20.7
2025-06-12 19:15:00,79.0
2025-06-12 02:43:00,75.1
2025-06-12 10:35:00,99.8
2025-06-12 03:54:00,29.9
2025-06-12 18:54:00,41.0
2025-06-12 17:05:00,50.1655304792927
2025-06-12 10:26:00,14.7
2025-06-12 00:01:00,12.2
2025-06-12 09:41:00,7.3
2025-06-12 07:50:00,17.4
2025-06-12 02:18:00,94.1
2025-06-12 13:38:00,27.3
2025-06-12 23:34:00,65.8
2025-06-12 06:12:00,30.8
2025-06-12 09:49:00,50.1655304792927
2025-06-12 04:53:00,62.7
2025-06-12 02:36:00,17.0
2025-06-12 13:14:00,91.9
2025-06-12 04:35:00,56.5
2025-06-12 05:08:00,78.8
2025-06-12 12:54:00,48.5
2025-06-12 18:29:00,95.2
2025-06-12 14:13:00,91.4
2025-06-12 22:47:00,37.3
2025-06-12 23:17:00,15.0
2025-06-12 21:34:00,50.1655304792927
2025-06-12 17:33:00,74.4
2025-06-12 10:26:00,87.0
2025-06-12 08:29:00,19.7
2025-06-12 03:41:00,46.5
2025-06-12 04:03:00,84.5
2025-06-12 21:46:00,55.6
2025-06-12 17:47:00,72.5
2025-06-12 20:58:00,7.0
2025-06-12 19:10:00,47.1
2025-06-12 22:05:00,63.5
2025-06-12 22:06:00,26.4
2025-06-12 00:52:00,16.5
2025-06-12 01:48:00,50.1655304792927
2025-06-12 00:18:00,2.3
2025-06-12 00:36:00,61.2
2025-06-12 12:48:00,98.8
2025-06-12 03:31:00,89.5
2025-06-12 23:33:00,85.6
2025-06-12 03:48:00,4.3
2025-06-12 18:39:00,60.0
2025-06-12 14:55:00,74.2
2025-06-12 04:47:00,10.5
2025-06-12 11:38:00,24.9
2025-06-12 04:43:00,94.5
2025-06-12 20:29:00,50.1655304792927
2025-06-12 21:51:00,54.7
2025-06-12 17:37:00,31.9
2025-06-12 13:09:00,70.8
2025-06-12 16:36:00,44.7
2025-06-12 23:35:00,41.5
2025-06-12 05:21:00,27.7
2025-06-12 01:29:00,75.9
2025-06-12 14:08:00,2.2
2025-06-12 21:44:00,32.1
2025-06-12 07:13:00,81.0
2025-06-12 05:54:00,89.5
2025-06-12 03:33:00,82.4
2025-06-12 18:59:00,78.1
2025-06-12 03:43:00,68.0
2025-06-12 03:32:00,66.9
2025-06-12 20:32:00,22.6
2025-06-12 00:25:00,40.8
2025-06-12 10:00:00,14.5
2025-06-12 19:55:00,36.4
2025-06-12 14:53:00,36.2
2025-06-12 04:55:00,61.8
2025-06-12 17:21:00,48.7
2025-06-12 14:52:00,23.0
2025-06-12 11:54:00,1.2
2025-06-12 19:31:00,32.9
2025-06-12 08:56:00,42.8
2025-06-12 23:30:00,36.1
2025-06-12 16:22:00,32.7
2025-06-12 00:29:00,96.5
2025-06-12 05:50:00,57.2
2025-06-12 21:05:00,98.7
2025-06-12 15:49:00,5.9
2025-06-12 05:18:00,57.1
2025-06-12 01:55:00,11.8
2025-06-12 21:32:00,45.8
2025-06-12 16:31:00,29.8
2025-06-12 06:54:00,17.3
2025-06-12 03:49:00,44.0
2025-06-12 00:18:00,73.9
2025-06-12 12:38:00,24.7
2025-06-12 13:59:00,34.0
2025-06-12 19:09:00,8.0
2025-06-12 03:33:00,31.3
2025-06-12 01:25:00,87.5
2025-06-12 01:56:00,30.9
2025-06-12 15:54:00,43.0
2025-06-12 18:29:00,18.4
2025-06-12 00:00:00,58.9
2025-06-12 21:01:00,91.3
2025-06-12 14:13:00,74.8
2025-06-12 00:52:00,51.1
2025-06-12 22:46:00,26.3
2025-06-12 03:12:00,63.2
2025-06-12 10:32:00,63.1
2025-06-12 07:37:00,13.9
2025-06-12 19:36:00,93.6
2025-06-12 02:33:00,63.8
2025-06-12 06:24:00,0.5
2025-06-12 11:07:00,55.1
2025-06-12 04:31:00,72.5
2025-06-12 19:27:00,95.7
2025-06-12 22:25:00,96.1
2025-06-12 01:21:00,26.8
2025-06-12 15:43:00,94.5
2025-06-12 13:41:00,43.7
2025-06-12 14:28:00,49.1
2025-06-12 18:56:00,45.4
2025-06-12 03:34:00,97.0
2025-06-12 12:55:00,71.1
2025-06-12 23:17:00,65.8
2025-06-12 15:37:00,49.5
2025-06-12 04:14:00,88.6
2025-06-12 06:40:00,2.7
2025-06-12 00:40:00,77.4
2025-06-12 10:16:00,61.6
2025-06-12 09:06:00,77.9
2025-06-12 23:09:00,50.1655304792927
2025-06-12 01:43:00,68.1
2025-06-12 23:34:00,71.1
2025-06-12 15:47:00,99.1
2025-06-12 04:47:00,52.0
2025-06-12 06:33:00,53.9
2025-06-12 19:27:00,73.1
2025-06-12 09:56:00,20.5
2025-06-12 11:35:00,64.1
2025-06-12 19:56:00,50.1655304792927
2025-06-12 14:35:00,35.7
2025-06-12 19:11:00,6.2
2025-06-12 08:53:00,50.1655304792927
2025-06-12 19:50:00,9.2
2025-06-12 02:45:00,9.0
2025-06-12 05:52:00,1.1
2025-06-12 06:29:00,68.3
2025-06-12 01:41:00,63.1
2025-06-12 04:04:00,86.8
2025-06-12 01:16:00,88.8
2025-06-12 13:46:00,8.9
2025-06-12 15:21:00,77.6
2025-06-12 07:24:00,25.3
2025-06-12 10:54:00,50.1655304792927
2025-06-12 05:41:00,54.8
2025-06-12 06:14:00,95.6
2025-06-12 23:56:00,54.2
2025-06-12 03:10:00,50.2
2025-06-12 17:56:00,63.1
2025-06-12 17:36:00,27.5
2025-06-12 18:52:00,50.1655304792927
2025-06-12 03:14:00,50.1655304792927
2025-06-12 15:59:00,50.1655304792927
2025-06-12 02:40:00,64.4
2025-06-12 21:12:00,17.3
2025-06-12 05:21:00,69.0
2025-06-12 16:40:00,58.9
2025-06-12 23:43:00,51.8
2025-06-12 07:05:00,60.8
2025-06-12 00:16:00,40.4
2025-06-12 19:05:00,94.5
2025-06-12 01:26:00,3.2
2025-06-12 00:55:00,9.3
2025-06-12 14:42:00,7.4
2025-06-12 20:40:00,23.6
2025-06-12 08:20:00,2.2
2025-06-12 00:05:00,53.8
2025-06-12 08:25:00,90.6
2025-06-12 11:20:00,31.1
2025-06-12 17:28:00,92.0
2025-06-12 03:35:00,74.5
2025-06-12 02:57:00,54.4
2025-06-12 04:56:00,64.7
2025-06-12 05:06:00,50.1655304792927
2025-06-12 19:43:00,50.1655304792927
2025-06-12 01:33:00,12.3
2025-06-12 20:16:00,72.1
2025-06-12 06:18:00,53.4
2025-06-12 01:27:00,50.1655304792927
2025-06-12 03:08:00,90.2
2025-06-12 14:07:00,26.4
2025-06-12 08:34:00,54.0
2025-06-12 20:48:00,80.2
2025-06-12 14:53:00,90.2
2025-06-12 19:22:00,15.8
2025-06-12 12:59:00,50.1655304792927
2025-06-12 03:57:00,29.9
2025-06-12 15:23:00,40.9
2025-06-12 15:08:00,14.6
2025-06-12 01:12:00,56.4
2025-06-12 17:23:00,38.3
2025-06-12 05:50:00,62.1
2025-06-12 00:25:00,78.2
2025-06-12 08:15:00,54.6
2025-06-12 02:51:00,27.0
2025-06-12 17:45:00,38.3
2025-06-12 18:52:00,79.4
2025-06-12 18:44:00,43.6
2025-06-12 04:10:00,37.3
2025-06-12 19:59:00,61.5
2025-06-12 13:52:00,73.7
2025-06-12 02:28:00,49.4
2025-06-12 19:51:00,36.8
2025-06-12 00:43:00,25.3
2025-06-12 07:22:00,87.8
2025-06-12 20:03:00,53.5
2025-06-12 12:40:00,14.6
2025-06-12 11:38:00,38.0
2025-06-12 10:06:00,50.1655304792927
2025-06-12 20:49:00,54.8
2025-06-12 18:02:00,3.6
2025-06-12 15:06:00,50.1655304792927
2025-06-12 16:01:00,35.6
2025-06-12 22:54:00,22.4
2025-06-12 14:18:00,71.6
2025-06-12 16:11:00,50.1655304792927
2025-06-12 20:25:00,86.0
2025-06-12 01:32:00,11.5
2025-06-12 03:38:00,10.2
2025-06-12 21:09:00,94.4
2025-06-12 05:43:00,88.3
2025-06-12 01:50:00,94.0
2025-06-12 18:49:00,50.1655304792927
2025-06-12 03:42:00,73.0
2025-06-12 03:25:00,46.0
2025-06-12 00:41:00,13.4
2025-06-12 00:30:00,19.4
2025-06-12 02:30:00,79.4
2025-06-12 17:30:00,89.9
2025-06-12 10:30:00,21.5
2025-06-12 03:24:00,59.7
2025-06-12 23:47:00,50.1655304792927
2025-06-12 19:56:00,38.1
2025-06-12 18:41:00,94.7
2025-06-12 22:19:00,50.1655304792927
2025-06-12 10:49:00,51.1
2025-06-12 03:55:00,50.1655304792927
2025-06-12 23:40:00,56.4
2025-06-12 20:48:00,30.4
2025-06-12 04:49:00,50.1655304792927
2025-06-12 03:39:00,50.1655304792927
2025-06-12 15:37:00,50.1655304792927
2025-06-12 13:14:00,40.1
2025-06-12 06:28:00,83.6
2025-06-12 20:04:00,75.2
2025-06-12 19:14:00,42.9
2025-06-12 13:52:00,34.8
2025-06-12 12:23:00,54.2
2025-06-12 19:21:00,35.9
2025-06-12 02:06:00,88.3
2025-06-12 06:56:00,25.3
2025-06-12 15:28:00,78.8
2025-06-12 23:14:00,64.7
2025-06-12 04:14:00,50.1655304792927
2025-06-12 06:04:00,69.9
2025-06-12 01:59:00,43.8
2025-06-12 00:03:00,19.5
2025-06-12 23:18:00,82.9
2025-06-12 23:07:00,94.2
2025-06-12 13:14:00,6.6
2025-06-12 23:31:00,75.9
2025-06-12 21:39:00,40.1
2025-06-12 07:37:00,1.9
2025-06-12 14:12:00,68.3
2025-06-12 07:43:00,37.5
2025-06-12 02:04:00,50.2
2025-06-12 21:01:00,92.3
2025-06-12 16:49:00,15.1
2025-06-12 22:58:00,67.9
2025-06-12 13:46:00,55.5
2025-06-12 03:25:00,50.1655304792927
2025-06-12 11:53:00,97.2
2025-06-12 03:29:00,32.9
2025-06-12 15:33:00,67.5
2025-06-12 13:42:00,44.6
2025-06-12 17:01:00,50.1655304792927
2025-06-12 12:42:00,50.0
2025-06-12 02:49:00,84.2
2025-06-12 11:53:00,39.8
2025-06-12 19:01:00,55.2
2025-06-12 09:34:00,13.9
2025-06-12 21:57:00,13.0
2025-06-12 04:19:00,85.3
2025-06-12 02:57:00,68.2
2025-06-12 17:31:00,50.16485882352941
2025-06-12 18:36:00,50.16485882352941
2025-06-12 20:34:00,90.4
2025-06-12 01:38:00,57.6
2025-06-12 05:58:00,59.2
2025-06-12 17:59:00,50.16485882352941
2025-06-12 11:47:00,50.16485882352941
2025-06-12 17:08:00,50.16485882352941
2025-06-12 22:39:00,98.1
2025-06-12 15:03:00,6.4
2025-06-12 10:36:00,54.5
2025-06-12 14:41:00,67.3
2025-06-12 00:19:00,99.8
2025-06-12 23:50:00,82.5
2025-06-12 16:58:00,50.16485882352941
2025-06-12 17:30:00,50.16485882352941
2025-06-12 17:33:00,50.16485882352941
2025-06-12 19:51:00,19.6
2025-06-12 10:39:00,38.0
2025-06-12 18:55:00,3.3
2025-06-12 04:10:00,53.3
2025-06-12 03:03:00,28.9
2025-06-12 03:42:00,50.16485882352941
2025-06-12 05:35:00,78.0
2025-06-12 01:40:00,43.4
2025-06-12 19:15:00,74.8
2025-06-12 00:51:00,44.6
2025-06-12 00:49:00,15.7
2025-06-12 09:06:00,63.0
2025-06-12 07:57:00,67.0
2025-06-12 19:07:00,48.0
2025-06-12 00:42:00,99.1
2025-06-12 06:53:00,13.1
2025-06-12 00:52:00,7.9
2025-06-12 04:09:00,59.1
2025-06-12 11:07:00,25.1
2025-06-12 13:18:00,32.7
2025-06-12 10:27:00,3.0
2025-06-12 13:02:00,65.2
2025-06-12 00:09:00,45.9
2025-06-12 02:10:00,74.5
2025-06-12 20:46:00,45.9
2025-06-12 09:07:00,90.2
2025-06-12 21:26:00,35.2
2025-06-12 06:20:00,39.6
2025-06-12 08:43:00,67.5
2025-06-12 14:14:00,70.9
2025-06-12 00:10:00,13.0
2025-06-12 16:11:00,81.9
2025-06-12 03:11:00,48.6
2025-06-12 03:34:00,68.0
2025-06-12 08:21:00,5.9
2025-06-12 21:06:00,79.7
2025-06-12 12:58:00,50.9
2025-06-12 00:10:00,27.0
2025-06-12 12:36:00,50.16485882352941
2025-06-12 07:49:00,41.3
2025-06-12 03:04:00,59.8
2025-06-12 00:58:00,98.5
2025-06-12 16:34:00,63.3
2025-06-12 02:03:00,0.3
2025-06-12 14:09:00,16.7
2025-06-12 03:45:00,19.7
2025-06-12 22:51:00,22.6
2025-06-12 06:10:00,72.0
2025-06-12 15:31:00,29.2
2025-06-12 06:04:00,77.6
2025-06-12 05:28:00,95.1
2025-06-12 09:37:00,26.7
2025-06-12 22:36:00,50.16485882352941
2025-06-12 01:57:00,18.4
2025-06-12 06:20:00,98.9
2025-06-12 22:41:00,50.16485882352941
2025-06-12 01:32:00,85.4
2025-06-12 05:00:00,50.16485882352941
2025-06-12 11:32:00,98.1
2025-06-12 16:15:00,67.7
2025-06-12 01:28:00,86.6
2025-06-12 01:37:00,52.5
2025-06-12 07:40:00,50.1
2025-06-12 04:11:00,2.8
2025-06-12 18:45:00,46.5
2025-06-12 23:21:00,87.8
2025-06-12 20:26:00,24.9
2025-06-12 22:53:00,17.7
2025-06-12 03:23:00,67.4
2025-06-12 10:08:00,54.7
2025-06-12 06:26:00,50.16485882352941
2025-06-12 12:12:00,16.9
2025-06-12 16:11:00,50.16485882352941
2025-06-12 21:45:00,5.3
2025-06-12 03:28:00,84.0
2025-06-12 19:56:00,39.2
2025-06-12 12:26:00,85.8
2025-06-12 07:41:00,38.7
2025-06-12 01:03:00,62.5
2025-06-12 03:37:00,39.7
2025-06-12 20:24:00,50.16485882352941
2025-06-12 04:18:00,70.4
2025-06-12 02:06:00,35.1
2025-06-12 16:40:00,50.16485882352941
2025-06-12 00:25:00,34.4
2025-06-12 07:46:00,17.4
2025-06-12 02:57:00,50.16485882352941
2025-06-12 00:25:00,31.9
2025-06-12 19:09:00,30.8
2025-06-12 09:42:00,65.7
2025-06-12 05:41:00,64.8
2025-06-12 21:48:00,92.8
2025-06-12 23:15:00,17.2
2025-06-12 04:37:00,33.6
2025-06-12 11:02:00,40.7
2025-06-12 07:31:00,90.9
2025-06-12 15:35:00,46.2
2025-06-12 01:00:00,72.6
2025-06-12 23:01:00,65.6
2025-06-12 00:38:00,92.5
2025-06-12 11:17:00,56.7
2025-06-12 06:30:00,53.4
2025-06-12 06:05:00,5.5
2025-06-12 00:15:00,50.16485882352941
2025-06-12 05:57:00,50.16485882352941
2025-06-12 21:34:00,98.1
2025-06-12 17:37:00,66.2
2025-06-12 23:59:00,6.9
2025-06-12 08:38:00,53.2
2025-06-12 07:00:00,44.7
2025-06-12 04:28:00,24.4
2025-06-12 06:08:00,66.9
2025-06-12 12:33:00,87.3
2025-06-12 20:13:00,22.9
2025-06-12 23:38:00,50.16485882352941
2025-06-12 14:47:00,98.1
2025-06-12 20:14:00,96.8
2025-06-12 00:54:00,78.0
2025-06-12 15:34:00,76.8
2025-06-12 00:18:00,20.1
2025-06-12 01:15:00,18.6
2025-06-12 00:16:00,23.4
2025-06-12 19:28:00,3.9
2025-06-12 06:02:00,68.0
2025-06-12 06:27:00,50.16485882352941
2025-06-12 16:49:00,50.16485882352941
2025-06-12 06:25:00,63.3
2025-06-12 18:11:00,50.16485882352941
2025-06-12 02:49:00,29.6
2025-06-12 00:25:00,28.6
2025-06-12 02:46:00,9.5
2025-06-12 16:06:00,40.8
2025-06-12 01:22:00,74.8
2025-06-12 09:39:00,97.7
2025-06-12 18:31:00,50.16485882352941
2025-06-12 08:17:00,50.16485882352941
2025-06-12 00:36:00,49.9
2025-06-12 10:18:00,69.9
2025-06-12 17:32:00,29.0
2025-06-12 06:46:00,21.0
2025-06-12 06:43:00,50.16485882352941
2025-06-12 01:10:00,20.0
2025-06-12 01:40:00,98.0
2025-06-12 06:12:00,14.2
2025-06-12 05:56:00,50.16485882352941
2025-06-12 09:07:00,67.0
2025-06-12 21:42:00,78.6
2025-06-12 01:15:00,15.3
2025-06-12 15:29:00,28.0
2025-06-12 15:50:00,59.3
2025-06-12 08:29:00,50.6
2025-06-12 23:40:00,43.6
2025-06-12 21:46:00,61.4
2025-06-12 20:57:00,69.4
2025-06-12 14:26:00,8.6
2025-06-12 21:49:00,9.9
2025-06-12 20:02:00,68.5
2025-06-12 17:46:00,72.9
2025-06-12 00:23:00,58.5
2025-06-12 03:17:00,50.16485882352941
2025-06-12 10:53:00,40.0
2025-06-12 08:38:00,54.7
2025-06-12 05:36:00,35.9
2025-06-12 09:15:00,95.6
2025-06-12 23:18:00,49.5
2025-06-12 02:34:00,50.8
2025-06-12 07:01:00,22.4
2025-06-12 02:32:00,30.3
2025-06-12 12:50:00,9.5
2025-06-12 08:27:00,99.5
2025-06-12 23:01:00,8.6
2025-06-12 04:13:00,33.3
2025-06-12 16:19:00,88.5
2025-06-12 18:26:00,70.9
2025-06-12 11:48:00,50.16485882352941
2025-06-12 22:43:00,77.8
2025-06-12 03:54:00,45.7
2025-06-12 08:23:00,66.5
2025-06-12 16:57:00,31.4
2025-06-12 19:09:00,60.4
2025-06-12 10:27:00,95.0
2025-06-12 21:35:00,46.0
2025-06-12 00:01:00,84.9
2025-06-12 03:28:00,94.3
2025-06-12 12:59:00,50.16485882352941
2025-06-12 00:12:00,35.7
2025-06-12 19:30:00,45.8
2025-06-12 15:30:00,52.6
2025-06-12 08:35:00,66.0
2025-06-12 08:50:00,50.16485882352941
2025-06-12 07:23:00,87.7
2025-06-12 19:55:00,14.5
2025-06-12 16:07:00,50.16485882352941
2025-06-12 23:36:00,66.9
2025-06-12 16:28:00,88.8
2025-06-12 04:44:00,67.3
2025-06-12 08:10:00,50.16485882352941
2025-06-12 19:55:00,65.2
2025-06-12 11:46:00,70.1
2025-06-12 07:03:00,39.3
2025-06-12 07:14:00,50.16485882352941
2025-06-12 06:34:00,46.8
2025-06-12 23:47:00,91.9
2025-06-12 10:46:00,65.3
2025-06-12 18:53:00,27.1
2025-06-12 00:31:00,7.0
2025-06-12 22:29:00,32.6
2025-06-12 23:24:00,46.0
2025-06-12 22:07:00,15.7
2025-06-12 10:10:00,50.16485882352941
2025-06-12 18:23:00,38.9
2025-06-12 13:56:00,88.8
2025-06-12 03:15:00,19.3
2025-06-12 07:41:00,67.4
2025-06-12 17:35:00,8.6
2025-06-12 09:29:00,34.0
2025-06-12 10:43:00,49.8
2025-06-12 07:02:00,50.16485882352941
2025-06-12 12:51:00,88.0
2025-06-12 19:59:00,22.8
2025-06-12 05:51:00,82.1
2025-06-12 19:11:00,99.9
2025-06-12 18:04:00,76.1
2025-06-12 21:04:00,80.8
2025-06-12 22:24:00,15.1
2025-06-12 17:51:00,44.5
2025-06-12 11:48:00,73.4
2025-06-12 23:03:00,15.2
2025-06-12 01:24:00,71.9
2025-06-12 06:15:00,18.9
2025-06-12 09:01:00,24.1
2025-06-12 07:22:00,29.9
2025-06-12 10:57:00,94.1
2025-06-12 07:48:00,89.1
2025-06-12 16:42:00,71.8
2025-06-12 20:10:00,79.3
2025-06-12 03:37:00,50.16485882352941
2025-06-12 11:28:00,77.3
2025-06-12 07:22:00,50.16485882352941
2025-06-12 07:28:00,45.9
2025-06-12 03:34:00,9.0
2025-06-12 00:35:00,49.8
2025-06-12 12:26:00,20.4
2025-06-12 23:07:00,50.16485882352941
2025-06-12 23:29:00,50.16485882352941
2025-06-12 04:30:00,78.7
2025-06-12 17:52:00,50.16485882352941
2025-06-12 06:03:00,47.3
2025-06-12 06:21:00,95.3
2025-06-12 21:35:00,81.3
2025-06-12 12:50:00,50.16485882352941
2025-06-12 22:45:00,32.0
2025-06-12 09:41:00,50.16485882352941
2025-06-12 04:27:00,79.6
2025-06-12 13:38:00,0.6
2025-06-12 11:42:00,14.7
2025-06-12 20:16:00,24.0
2025-06-12 23:49:00,14.6
2025-06-12 14:00:00,50.16485882352941
2025-06-12 19:31:00,63.3
2025-06-12 05:59:00,67.6
2025-06-12 00:54:00,50.16485882352941
2025-06-12 02:35:00,48.9
2025-06-12 20:20:00,69.3
2025-06-12 00:17:00,16.9
2025-06-12 00:33:00,23.5
2025-06-12 22:04:00,50.16485882352941
2025-06-12 17:20:00,50.16485882352941
2025-06-12 13:44:00,16.2
2025-06-12 02:05:00,18.4
2025-06-12 21:55:00,2.9
2025-06-12 01:17:00,47.9
2025-06-12 20:33:00,82.0
2025-06-12 21:27:00,32.3
2025-06-12 08:39:00,50.16485882352941
2025-06-12 07:58:00,37.7
2025-06-12 00:51:00,77.7
2025-06-12 21:07:00,37.9
2025-06-12 20:53:00,35.5
2025-06-12 17:04:00,84.9
2025-06-12 08:44:00,41.5
2025-06-12 15:40:00,27.5
2025-06-12 16:02:00,31.1
2025-06-12 23:44:00,50.16485882352941
2025-06-12 18:26:00,73.7
2025-06-12 09:46:00,50.16485882352941
2025-06-12 05:57:00,50.16485882352941
2025-06-12 11:56:00,50.16485882352941
2025-06-12 18:15:00,31.0
2025-06-12 16:12:00,50.16485882352941
2025-06-12 04:45:00,64.9
2025-06-12 11:56:00,3.2
2025-06-12 09:00:00,14.9
2025-06-12 11:55:00,69.1
2025-06-12 11:40:00,56.0
2025-06-12 22:20:00,8.3
2025-06-12 21:03:00,16.0
2025-06-12 10:02:00,50.16485882352941
2025-06-12 02:08:00,97.6
2025-06-12 05:30:00,90.7
2025-06-12 08:49:00,4.4
2025-06-12 10:30:00,89.6
2025-06-12 00:13:00,32.5
2025-06-12 22:05:00,13.6
2025-06-12 01:05:00,64.2
2025-06-12 18:27:00,50.16485882352941
2025-06-12 10:17:00,12.1
2025-06-12 13:33:00,50.16485882352941
2025-06-12 13:07:00,50.16485882352941
2025-06-12 10:36:00,58.8
2025-06-12 22:49:00,30.5
2025-06-12 12:59:00,99.0
2025-06-12 04:43:00,78.5
2025-06-12 02:49:00,92.2
2025-06-12 22:31:00,83.1
2025-06-12 19:25:00,78.6
2025-06-12 03:10:00,13.2
2025-06-12 19:51:00,39.7
2025-06-12 06:16:00,50.16485882352941
2025-06-12 06:50:00,50.16485882352941
2025-06-12 07:34:00,77.5
2025-06-12 21:14:00,46.7
2025-06-12 08:34:00,9.5
2025-06-12 21:11:00,1.4
2025-06-12 09:59:00,55.5
2025-06-12 07:05:00,50.9
2025-06-12 20:19:00,49.7
2025-06-12 22:58:00,31.7
2025-06-12 14:36:00,49.40323484760014
2025-06-12 14:54:00,68.6
2025-06-12 09:39:00,25.7
2025-06-12 01:28:00,49.40323484760014
2025-06-12 17:56:00,49.40323484760014
2025-06-12 14:45:00,49.40323484760014
2025-06-12 16:35:00,9.0
2025-06-12 19:05:00,42.8
2025-06-12 19:22:00,52.6
2025-06-12 21:58:00,69.1
2025-06-12 06:43:00,91.4
2025-06-12 08:00:00,62.7
2025-06-12 08:32:00,45.0
2025-06-12 16:49:00,79.9
2025-06-12 04:38:00,33.0
2025-06-12 15:15:00,38.6
2025-06-12 22:58:00,49.40323484760014
2025-06-12 00:01:00,49.40323484760014
2025-06-12 21:08:00,53.4
2025-06-12 08:55:00,84.9
2025-06-12 17:54:00,68.6
2025-06-12 16:54:00,49.40323484760014
2025-06-12 03:36:00,70.3
2025-06-12 17:44:00,29.0
2025-06-12 22:23:00,49.40323484760014
2025-06-12 18:42:00,30.1
2025-06-12 23:25:00,85.4
2025-06-12 23:27:00,59.5
2025-06-12 05:24:00,49.40323484760014
2025-06-12 06:14:00,42.1
2025-06-12 04:56:00,76.0
2025-06-12 06:46:00,14.3
2025-06-12 22:38:00,68.8
2025-06-12 14:28:00,31.8
2025-06-12 09:28:00,33.8
2025-06-12 21:10:00,13.7
2025-06-12 02:39:00,11.0
2025-06-12 17:53:00,6.1
2025-06-12 09:03:00,52.5
2025-06-12 20:13:00,49.40323484760014
2025-06-12 21:06:00,49.40323484760014
2025-06-12 09:13:00,11.1
2025-06-12 05:59:00,50.6
2025-06-12 19:58:00,71.5
2025-06-12 17:50:00,11.8
2025-06-12 11:42:00,48.9
2025-06-12 12:56:00,77.9
2025-06-12 06:01:00,96.6
2025-06-12 04:37:00,40.7
2025-06-12 19:46:00,13.3
2025-06-12 11:10:00,16.6
2025-06-12 13:13:00,96.2
2025-06-12 17:10:00,49.40323484760014
2025-06-12 23:05:00,99.5
2025-06-12 03:28:00,91.3
2025-06-12 06:31:00,64.1
2025-06-12 01:41:00,48.2
2025-06-12 08:46:00,97.5
2025-06-12 14:18:00,22.7
2025-06-12 02:59:00,36.6
2025-06-12 13:50:00,95.5
2025-06-12 16:38:00,28.8
2025-06-12 04:26:00,15.9
2025-06-12 19:00:00,50.3
2025-06-12 00:05:00,70.3
2025-06-12 00:12:00,73.2
2025-06-12 14:55:00,49.40323484760014
2025-06-12 07:56:00,49.40323484760014
2025-06-12 01:44:00,97.8
2025-06-12 06:54:00,13.6
2025-06-12 21:25:00,45.3
2025-06-12 00:16:00,38.6
2025-06-12 13:04:00,56.1
2025-06-12 15:52:00,66.9
2025-06-12 08:08:00,61.3
2025-06-12 03:26:00,95.0
2025-06-12 20:15:00,53.4
2025-06-12 15:24:00,54.6
2025-06-12 03:50:00,88.2
2025-06-12 10:48:00,93.3
2025-06-12 11:14:00,98.1
2025-06-12 08:59:00,50.7
2025-06-12 09:32:00,44.5
2025-06-12 09:07:00,96.6
2025-06-12 21:24:00,39.4
2025-06-12 14:51:00,49.40323484760014
2025-06-12 04:58:00,34.1
2025-06-12 18:08:00,49.40323484760014
2025-06-12 09:53:00,51.2
2025-06-12 23:17:00,76.0
2025-06-12 19:40:00,85.9
2025-06-12 22:15:00,0.7
2025-06-12 08:33:00,81.3
2025-06-12 22:02:00,31.8
2025-06-12 07:32:00,54.7
2025-06-12 10:46:00,49.40323484760014
2025-06-12 20:04:00,72.6
2025-06-12 19:02:00,49.40323484760014
2025-06-12 03:28:00,49.40323484760014
2025-06-12 09:51:00,73.3
2025-06-12 16:03:00,35.7
2025-06-12 22:27:00,58.3
2025-06-12 08:00:00,33.8
2025-06-12 17:51:00,34.8
2025-06-12 01:09:00,79.5
2025-06-12 09:51:00,59.5
2025-06-12 01:56:00,81.0
2025-06-12 05:47:00,92.6
2025-06-12 01:10:00,55.3
2025-06-12 04:25:00,48.8
2025-06-12 22:03:00,62.9
2025-06-12 06:14:00,82.6
2025-06-12 09:18:00,83.4
2025-06-12 23:20:00,49.40323484760014
2025-06-12 11:39:00,70.0
2025-06-12 03:15:00,83.9
2025-06-12 01:04:00,49.40323484760014
2025-06-12 05:17:00,79.6
2025-06-12 00:05:00,13.2
2025-06-12 12:29:00,17.7
2025-06-12 15:35:00,9.7
2025-06-12 06:04:00,8.6
2025-06-12 10:14:00,13.2
2025-06-12 23:58:00,13.3
2025-06-12 01:46:00,64.4
2025-06-12 01:06:00,7.4
2025-06-12 12:37:00,49.1
2025-06-12 17:12:00,44.5
2025-06-12 14:34:00,75.2
2025-06-12 02:34:00,49.0
2025-06-12 09:18:00,12.7
2025-06-12 03:53:00,11.2
2025-06-12 01:33:00,54.4
2025-06-12 20:15:00,65.8
2025-06-12 22:50:00,59.4
2025-06-12 14:09:00,59.7
2025-06-12 08:15:00,61.3
2025-06-12 13:19:00,92.5
2025-06-12 17:23:00,59.5
2025-06-12 22:14:00,19.5
2025-06-12 17:32:00,43.0
2025-06-12 22:28:00,95.8
2025-06-12 14:06:00,49.40323484760014
2025-06-12 19:23:00,49.40323484760014
2025-06-12 08:17:00,42.4
2025-06-12 05:10:00,27.3
2025-06-12 05:50:00,31.3
2025-06-12 06:05:00,17.3
2025-06-12 00:29:00,68.1
2025-06-12 23:45:00,90.9
2025-06-12 19:05:00,3.3
2025-06-12 06:39:00,49.40323484760014
2025-06-12 10:32:00,59.9
2025-06-12 01:22:00,15.5
2025-06-12 08:50:00,6.3
2025-06-12 13:50:00,28.0
2025-06-12 14:11:00,49.40323484760014
2025-06-12 09:16:00,17.9
2025-06-12 12:01:00,33.5
2025-06-12 08:46:00,43.2
2025-06-12 19:21:00,33.7
2025-06-12 20:39:00,23.1
2025-06-12 03:37:00,23.6
2025-06-12 19:31:00,78.2
2025-06-12 17:47:00,49.40323484760014
2025-06-12 03:45:00,12.6
2025-06-12 22:10:00,16.0
2025-06-12 10:36:00,15.5
2025-06-12 09:23:00,6.3
2025-06-12 22:21:00,49.40323484760014
2025-06-12 15:39:00,20.2
2025-06-12 20:41:00,66.3
2025-06-12 04:35:00,70.5
2025-06-12 03:09:00,94.3
2025-06-12 03:26:00,91.2
2025-06-12 21:42:00,22.5
2025-06-12 21:33:00,52.7
2025-06-12 13:56:00,50.3
2025-06-12 08:55:00,4.5
2025-06-12 23:07:00,49.40323484760014
2025-06-12 00:54:00,11.2
2025-06-12 01:22:00,62.8
2025-06-12 04:52:00,87.5
2025-06-12 06:22:00,68.8
2025-06-12 15:19:00,55.4
2025-06-12 13:28:00,76.8
2025-06-12 04:17:00,47.9
2025-06-12 03:29:00,49.40323484760014
2025-06-12 09:45:00,48.6
2025-06-12 11:57:00,54.9
2025-06-12 21:46:00,14.3
2025-06-12 12:14:00,70.2
2025-06-12 10:00:00,47.7
2025-06-12 15:04:00,69.8
2025-06-12 13:18:00,38.1
2025-06-12 11:43:00,64.4
2025-06-12 09:08:00,42.3
2025-06-12 13:44:00,82.1
2025-06-12 06:50:00,86.1
2025-06-12 06:18:00,31.2
2025-06-12 21:19:00,31.6
2025-06-12 21:56:00,31.1
2025-06-12 02:32:00,39.8
2025-06-12 23:52:00,41.5
2025-06-12 14:16:00,18.1
2025-06-12 14:11:00,80.6
2025-06-12 01:24:00,69.1
2025-06-12 11:45:00,49.40323484760014
2025-06-12 01:05:00,76.2
2025-06-12 21:05:00,30.9
2025-06-12 04:16:00,53.3
2025-06-12 22:39:00,49.40323484760014
2025-06-12 11:12:00,64.2
2025-06-12 20:22:00,49.40323484760014
2025-06-12 19:41:00,1.3
2025-06-12 21:13:00,49.40323484760014
2025-06-12 12:02:00,49.40323484760014
2025-06-12 11:17:00,49.40323484760014
2025-06-12 10:28:00,14.1
2025-06-12 09:05:00,84.6
2025-06-12 14:24:00,16.0
2025-06-12 16:12:00,86.2
2025-06-12 20:14:00,6.0
2025-06-12 08:49:00,49.40323484760014
2025-06-12 06:56:00,35.8
2025-06-12 04:59:00,58.1
2025-06-12 20:23:00,49.40323484760014
2025-06-12 18:09:00,93.5
2025-06-12 15:30:00,3.9
2025-06-12 08:13:00,92.9
2025-06-12 09:44:00,94.0
2025-06-12 02:39:00,22.5
2025-06-12 21:18:00,77.2
2025-06-12 19:36:00,88.5
2025-06-12 17:38:00,73.8
2025-06-12 20:17:00,53.3
2025-06-12 05:11:00,47.1
2025-06-12 09:29:00,84.4
2025-06-12 12:05:00,49.40323484760014
2025-06-12 23:40:00,93.2
2025-06-12 09:32:00,19.0
2025-06-12 13:10:00,5.3
2025-06-12 22:14:00,41.1
2025-06-12 23:03:00,91.7
2025-06-12 13:15:00,7.4
2025-06-12 05:57:00,35.4
2025-06-12 06:25:00,77.5
2025-06-12 14:17:00,5.2
2025-06-12 00:50:00,69.6
2025-06-12 15:45:00,62.8
2025-06-12 23:42:00,70.5
2025-06-12 16:08:00,77.5
2025-06-12 11:18:00,24.9
2025-06-12 04:13:00,66.7
2025-06-12 01:47:00,49.8
2025-06-12 19:23:00,63.0
2025-06-12 23:22:00,49.40323484760014
2025-06-12 20:42:00,64.3
2025-06-12 16:08:00,8.3
2025-06-12 05:01:00,97.3
2025-06-12 10:25:00,51.7
2025-06-12 21:47:00,35.0
2025-06-12 03:28:00,48.6
2025-06-12 01:31:00,54.6
2025-06-12 15:16:00,21.1
2025-06-12 13:35:00,14.3
2025-06-12 13:51:00,33.7
2025-06-12 21:06:00,74.3
2025-06-12 00:40:00,86.7
2025-06-12 04:40:00,49.40323484760014
2025-06-12 03:42:00,27.7
2025-06-12 00:30:00,74.8
2025-06-12 18:41:00,83.4
2025-06-12 18:49:00,49.40323484760014
2025-06-12 15:13:00,65.8
2025-06-12 01:35:00,13.7
2025-06-12 07:48:00,49.40323484760014
2025-06-12 17:17:00,54.6
2025-06-12 11:35:00,66.1
2025-06-12 16:25:00,2.6
2025-06-12 22:34:00,86.4
2025-06-12 16:27:00,41.7
2025-06-12 14:55:00,1.3
2025-06-12 14:45:00,50.7
2025-06-12 19:55:00,29.5
2025-06-12 05:19:00,49.40323484760014
2025-06-12 13:47:00,50.4
2025-06-12 03:22:00,7.2
2025-06-12 07:06:00,57.4
2025-06-12 00:18:00,41.8
2025-06-12 17:26:00,58.0
2025-06-12 16:09:00,2.0
2025-06-12 12:27:00,18.8
2025-06-12 06:38:00,49.40323484760014
2025-06-12 07:42:00,21.4
2025-06-12 21:32:00,8.1
2025-06-12 05:42:00,50.6
2025-06-12 08:01:00,52.4
2025-06-12 11:58:00,20.1
2025-06-12 07:43:00,70.1
2025-06-12 16:24:00,48.0
2025-06-12 00:07:00,89.6
2025-06-12 04:17:00,80.6
2025-06-12 04:34:00,75.6
2025-06-12 00:44:00,38.6
2025-06-12 04:15:00,49.40323484760014
2025-06-12 02:09:00,24.7
2025-06-12 01:56:00,13.4
2025-06-12 17:53:00,22.6
2025-06-12 06:18:00,75.1
2025-06-12 12:18:00,51.7
2025-06-12 07:07:00,88.4
2025-06-12 11:55:00,63.8
2025-06-12 23:37:00,9.3
2025-06-12 16:24:00,95.9
2025-06-12 00:30:00,29.0
2025-06-12 23:54:00,39.8
2025-06-12 09:48:00,12.6
2025-06-12 12:18:00,26.3
2025-06-12 05:36:00,91.5
2025-06-12 17:20:00,50.400661703887515
2025-06-12 09:05:00,76.8
2025-06-12 19:03:00,50.400661703887515
2025-06-12 03:13:00,91.9
2025-06-12 08:50:00,56.0
2025-06-12 06:42:00,76.4
2025-06-12 08:22:00,56.1
2025-06-12 03:27:00,73.0
2025-06-12 04:52:00,27.4
2025-06-12 15:56:00,4.1
2025-06-12 05:52:00,75.6
2025-06-12 18:20:00,39.5
2025-06-12 02:20:00,8.4
2025-06-12 11:33:00,27.3
2025-06-12 23:02:00,99.2
2025-06-12 02:36:00,76.8
2025-06-12 23:45:00,93.4
2025-06-12 03:44:00,23.5
2025-06-12 16:34:00,8.0
2025-06-12 21:12:00,79.4
2025-06-12 11:07:00,0.5
2025-06-12 17:50:00,10.8
2025-06-12 23:45:00,52.3
2025-06-12 14:28:00,24.5
2025-06-12 00:41:00,50.400661703887515
2025-06-12 01:21:00,97.1
2025-06-12 09:23:00,23.1
2025-06-12 08:54:00,96.5
2025-06-12 06:38:00,50.400661703887515
2025-06-12 20:18:00,59.4
2025-06-12 20:08:00,3.6
2025-06-12 02:58:00,76.4
2025-06-12 05:22:00,12.0
2025-06-12 07:47:00,50.400661703887515
2025-06-12 22:57:00,71.6
2025-06-12 15:54:00,63.2
2025-06-12 10:10:00,27.2
2025-06-12 18:59:00,95.9
2025-06-12 21:17:00,22.5
2025-06-12 01:36:00,95.2
2025-06-12 19:27:00,39.4
2025-06-12 22:40:00,50.400661703887515
2025-06-12 03:13:00,40.5
2025-06-12 14:56:00,50.400661703887515
2025-06-12 11:10:00,97.9
2025-06-12 09:25:00,74.9
2025-06-12 21:19:00,16.8
2025-06-12 09:13:00,76.3
2025-06-12 22:25:00,91.4
2025-06-12 11:45:00,59.6
2025-06-12 05:19:00,92.2
2025-06-12 22:48:00,20.6
2025-06-12 03:58:00,26.2
2025-06-12 09:12:00,37.0
2025-06-12 06:23:00,88.0
2025-06-12 06:18:00,17.5
2025-06-12 01:20:00,61.6
2025-06-12 22:03:00,75.5
2025-06-12 13:15:00,47.1
2025-06-12 05:00:00,50.400661703887515
2025-06-12 03:22:00,53.9
2025-06-12 16:25:00,14.0
2025-06-12 13:11:00,75.9
2025-06-12 06:37:00,33.1
2025-06-12 13:03:00,50.400661703887515
2025-06-12 07:58:00,88.4
2025-06-12 09:06:00,50.400661703887515
2025-06-12 10:46:00,50.1
2025-06-12 12:17:00,50.400661703887515
2025-06-12 13:46:00,39.7
2025-06-12 14:55:00,66.4
2025-06-12 07:51:00,13.4
2025-06-12 11:25:00,28.9
2025-06-12 13:28:00,17.5
2025-06-12 22:07:00,50.400661703887515
2025-06-12 05:21:00,99.5
2025-06-12 04:39:00,52.2
2025-06-12 08:25:00,20.2
2025-06-12 11:43:00,50.400661703887515
2025-06-12 17:13:00,50.400661703887515
2025-06-12 10:37:00,48.0
2025-06-12 03:25:00,50.8
2025-06-12 13:23:00,70.9
2025-06-12 18:41:00,86.6
2025-06-12 17:01:00,37.4
2025-06-12 22:47:00,80.5
2025-06-12 05:54:00,65.3
2025-06-12 23:31:00,58.3
2025-06-12 11:58:00,18.2
2025-06-12 01:37:00,55.9
2025-06-12 07:46:00,46.0
2025-06-12 08:54:00,50.400661703887515
2025-06-12 20:41:00,97.9
2025-06-12 20:09:00,21.1
2025-06-12 12:21:00,21.9
2025-06-12 10:47:00,50.400661703887515
2025-06-12 05:31:00,36.7
2025-06-12 18:36:00,67.6
2025-06-12 04:51:00,91.7
2025-06-12 03:15:00,25.2
2025-06-12 13:29:00,44.2
2025-06-12 08:13:00,33.0
2025-06-12 12:01:00,33.0
2025-06-12 20:01:00,50.400661703887515
2025-06-12 15:48:00,43.2
2025-06-12 22:49:00,19.4
2025-06-12 23:00:00,81.4
2025-06-12 14:12:00,20.5
2025-06-12 03:37:00,16.6
2025-06-12 19:03:00,77.2
2025-06-12 23:02:00,50.400661703887515
2025-06-12 22:00:00,10.7
2025-06-12 02:12:00,54.0
2025-06-12 13:28:00,63.7
2025-06-12 07:21:00,24.6
2025-06-12 14:53:00,76.0
2025-06-12 06:23:00,12.1
2025-06-12 11:53:00,74.9
2025-06-12 01:12:00,86.5
2025-06-12 17:12:00,97.5
2025-06-12 10:46:00,49.2
2025-06-12 01:09:00,30.6
2025-06-12 04:14:00,50.400661703887515
2025-06-12 07:18:00,20.1
2025-06-12 15:48:00,67.4
2025-06-12 21:39:00,43.7
2025-06-12 13:23:00,86.0
2025-06-12 06:29:00,59.8
2025-06-12 05:59:00,6.1
2025-06-12 09:27:00,10.0
2025-06-12 14:51:00,11.7
2025-06-12 13:08:00,50.400661703887515
2025-06-12 07:59:00,84.0
2025-06-12 11:09:00,67.5
2025-06-12 02:18:00,83.6
2025-06-12 22:38:00,41.6
2025-06-12 22:56:00,27.7
2025-06-12 15:17:00,61.9
2025-06-12 01:11:00,99.1
2025-06-12 15:31:00,50.400661703887515
2025-06-12 21:27:00,50.400661703887515
2025-06-12 22:25:00,50.400661703887515
2025-06-12 21:13:00,42.0
2025-06-12 22:00:00,41.5
2025-06-12 03:39:00,34.9
2025-06-12 13:08:00,59.9
2025-06-12 10:52:00,55.0
2025-06-12 22:10:00,52.3
2025-06-12 03:10:00,50.400661703887515
2025-06-12 04:45:00,16.1
2025-06-12 09:40:00,14.7
2025-06-12 18:47:00,18.7
2025-06-12 21:11:00,11.0
2025-06-12 10:17:00,13.6
2025-06-12 13:25:00,26.3
2025-06-12 09:01:00,47.3
2025-06-12 21:19:00,53.6
2025-06-12 15:30:00,22.3
2025-06-12 07:43:00,47.9
2025-06-12 03:24:00,0.6
2025-06-12 11:06:00,65.3
2025-06-12 00:58:00,50.400661703887515
2025-06-12 05:49:00,27.9
2025-06-12 19:12:00,37.1
2025-06-12 05:41:00,52.2
2025-06-12 06:12:00,40.1
2025-06-12 21:38:00,64.3
2025-06-12 18:22:00,96.4
2025-06-12 10:22:00,68.3
2025-06-12 21:42:00,3.0
2025-06-12 04:54:00,31.7
2025-06-12 04:58:00,56.7
2025-06-12 05:16:00,59.2
2025-06-12 08:26:00,10.6
2025-06-12 13:33:00,74.7
2025-06-12 19:05:00,50.400661703887515
2025-06-12 11:58:00,34.7
2025-06-12 18:56:00,74.4
2025-06-12 10:52:00,67.7
2025-06-12 10:46:00,8.4
2025-06-12 12:06:00,85.8
2025-06-12 14:54:00,15.2
2025-06-12 14:00:00,34.0
2025-06-12 14:45:00,34.7
2025-06-12 07:14:00,15.5
2025-06-12 10:22:00,50.400661703887515
2025-06-12 00:13:00,17.0
2025-06-12 04:24:00,51.0
2025-06-12 00:14:00,82.5
2025-06-12 16:34:00,78.8
2025-06-12 23:25:00,40.7
2025-06-12 15:48:00,80.9
2025-06-12 11:06:00,22.6
2025-06-12 16:18:00,18.8
2025-06-12 09:29:00,88.8
2025-06-12 08:18:00,50.400661703887515
2025-06-12 00:01:00,54.0
2025-06-12 20:15:00,77.4
2025-06-12 23:54:00,15.3
2025-06-12 08:12:00,19.7
2025-06-12 06:28:00,83.1
2025-06-12 21:20:00,56.8
2025-06-12 18:06:00,31.1
2025-06-12 14:31:00,82.7
2025-06-12 02:50:00,27.6
2025-06-12 07:13:00,30.2
2025-06-12 17:13:00,18.5
2025-06-12 04:24:00,50.400661703887515
2025-06-12 09:56:00,91.7
2025-06-12 04:26:00,68.3
2025-06-12 10:54:00,51.9
2025-06-12 13:40:00,7.3
2025-06-12 17:02:00,66.1
2025-06-12 00:58:00,90.0
2025-06-12 15:19:00,50.400661703887515
2025-06-12 11:13:00,70.2
2025-06-12 04:47:00,93.1
2025-06-12 02:19:00,55.5
2025-06-12 01:41:00,50.400661703887515
2025-06-12 03:42:00,46.0
2025-06-12 00:19:00,53.9
2025-06-12 18:04:00,50.400661703887515
2025-06-12 16:29:00,61.7
2025-06-12 00:48:00,50.400661703887515
2025-06-12 13:21:00,90.9
2025-06-12 21:46:00,94.6
2025-06-12 19:52:00,50.400661703887515
2025-06-12 15:20:00,17.5
2025-06-12 15:13:00,48.4
2025-06-12 20:00:00,12.2
2025-06-12 16:03:00,50.400661703887515
2025-06-12 11:52:00,9.6
2025-06-12 16:22:00,20.1
2025-06-12 07:03:00,93.6
2025-06-12 14:37:00,68.9
2025-06-12 00:49:00,1.4
2025-06-12 21:21:00,36.8
2025-06-12 13:19:00,27.6
2025-06-12 06:38:00,51.0
2025-06-12 03:33:00,99.0
2025-06-12 08:27:00,55.9
2025-06-12 23:53:00,12.4
2025-06-12 20:48:00,70.3
2025-06-12 18:05:00,78.0
2025-06-12 03:41:00,41.2
2025-06-12 12:50:00,46.6
2025-06-12 07:51:00,75.8
2025-06-12 08:07:00,32.7
2025-06-12 20:14:00,50.400661703887515
2025-06-12 00:04:00,50.400661703887515
2025-06-12 02:01:00,50.400661703887515
2025-06-12 20:00:00,30.7
2025-06-12 02:23:00,19.7
2025-06-12 19:10:00,74.6
2025-06-12 09:44:00,50.400661703887515
2025-06-12 03:09:00,46.8
2025-06-12 03:02:00,36.2
2025-06-12 19:15:00,81.1
2025-06-12 16:55:00,63.0
2025-06-12 22:28:00,23.0
2025-06-12 12:58:00,50.400661703887515
2025-06-12 01:01:00,50.400661703887515
2025-06-12 18:02:00,82.9
2025-06-12 16:08:00,50.400661703887515
2025-06-12 09:53:00,2.1
2025-06-12 13:07:00,50.400661703887515
2025-06-12 10:41:00,68.7
2025-06-12 12:21:00,29.8
2025-06-12 23:53:00,40.3
2025-06-12 04:56:00,45.8
2025-06-12 15:38:00,50.400661703887515
2025-06-12 12:46:00,46.2
2025-06-12 06:32:00,82.7
2025-06-12 08:57:00,0.0
2025-06-12 12:01:00,51.6
2025-06-12 18:50:00,56.9
2025-06-12 22:17:00,4.5
2025-06-12 06:06:00,89.5
2025-06-12 03:08:00,94.5
2025-06-12 00:24:00,64.5
2025-06-12 05:15:00,85.3
2025-06-12 04:42:00,33.1
2025-06-12 07:39:00,77.2
2025-06-12 10:04:00,71.5
2025-06-12 15:28:00,29.3
2025-06-12 18:33:00,21.9
2025-06-12 01:20:00,81.0
2025-06-12 01:42:00,10.1
2025-06-12 16:57:00,59.9
2025-06-12 05:58:00,40.9
2025-06-12 06:31:00,50.400661703887515
2025-06-12 18:28:00,9.2
2025-06-12 19:14:00,20.0
2025-06-12 19:25:00,39.3
2025-06-12 10:12:00,2.6
2025-06-12 01:37:00,92.1
2025-06-12 07:15:00,10.7
2025-06-12 16:46:00,82.9
2025-06-12 07:38:00,15.5
2025-06-12 04:50:00,52.2
2025-06-12 09:39:00,15.9
2025-06-12 11:00:00,52.4
2025-06-12 21:10:00,14.1
2025-06-12 13:44:00,50.400661703887515
2025-06-12 20:18:00,89.8
2025-06-12 21:40:00,73.9
2025-06-12 07:59:00,24.0
2025-06-12 02:04:00,50.400661703887515
2025-06-12 11:18:00,63.0
2025-06-12 18:22:00,99.2
2025-06-12 17:34:00,3.3
2025-06-12 18:30:00,37.7
2025-06-12 09:06:00,63.3
2025-06-12 01:07:00,73.4
2025-06-12 11:43:00,23.3
2025-06-12 15:13:00,73.9
2025-06-12 01:30:00,3.1
2025-06-12 22:45:00,33.5
2025-06-12 08:53:00,19.6
2025-06-12 02:27:00,50.400661703887515
2025-06-12 06:57:00,97.7
2025-06-12 22:26:00,56.2
2025-06-12 18:02:00,32.2
2025-06-12 07:39:00,29.4
2025-06-12 04:31:00,84.9
2025-06-12 06:08:00,24.2
2025-06-12 09:04:00,62.9
2025-06-12 22:27:00,11.3
2025-06-12 10:56:00,50.400661703887515
2025-06-12 08:22:00,64.4
2025-06-12 11:55:00,93.4
2025-06-12 12:59:00,41.5
2025-06-12 03:32:00,49.84418741885991
2025-06-12 06:54:00,1.0
2025-06-12 15:39:00,19.0
2025-06-12 04:16:00,48.9
2025-06-12 15:19:00,1.4
2025-06-12 06:33:00,82.2
2025-06-12 20:45:00,49.84418741885991
2025-06-12 01:48:00,94.1
2025-06-12 17:55:00,14.5
2025-06-12 02:31:00,46.1
2025-06-12 08:05:00,13.5
2025-06-12 00:33:00,27.4
2025-06-12 10:57:00,84.1
2025-06-12 20:59:00,49.84418741885991
2025-06-12 14:46:00,82.9
2025-06-12 03:47:00,7.4
2025-06-12 03:08:00,49.84418741885991
2025-06-12 22:50:00,49.84418741885991
2025-06-12 06:14:00,6.9
2025-06-12 22:44:00,83.4
2025-06-12 06:59:00,91.0
2025-06-12 15:10:00,2.4
2025-06-12 21:39:00,30.6
2025-06-12 19:08:00,90.7
2025-06-12 07:55:00,32.3
2025-06-12 22:48:00,54.6
2025-06-12 19:39:00,74.8
2025-06-12 01:13:00,49.84418741885991
2025-06-12 20:14:00,49.84418741885991
2025-06-12 03:10:00,62.3
2025-06-12 17:36:00,49.84418741885991
2025-06-12 23:21:00,76.9
2025-06-12 19:44:00,37.9
2025-06-12 03:51:00,80.0
2025-06-12 17:44:00,2.4
2025-06-12 07:11:00,32.9
2025-06-12 08:02:00,66.9
2025-06-12 08:58:00,95.1
2025-06-12 05:56:00,22.9
2025-06-12 20:56:00,73.8
2025-06-12 06:58:00,98.8
2025-06-12 06:11:00,50.0
2025-06-12 16:04:00,68.6
2025-06-12 13:59:00,92.1
2025-06-12 00:50:00,64.8
2025-06-12 09:54:00,74.0
2025-06-12 21:31:00,23.3
2025-06-12 13:15:00,1.6
2025-06-12 20:31:00,43.9
2025-06-12 10:46:00,65.4
2025-06-12 08:36:00,28.0
2025-06-12 14:24:00,23.0
2025-06-12 14:31:00,86.0
2025-06-12 22:11:00,26.0
2025-06-12 16:41:00,49.84418741885991
2025-06-12 01:08:00,34.5
2025-06-12 17:38:00,55.7
2025-06-12 11:46:00,72.5
2025-06-12 13:49:00,39.9
2025-06-12 06:25:00,62.0
2025-06-12 23:46:00,23.3
2025-06-12 09:46:00,86.5
2025-06-12 05:24:00,9.5
2025-06-12 20:59:00,83.9
2025-06-12 10:46:00,74.0
2025-06-12 22:16:00,66.6
2025-06-12 17:53:00,0.5
2025-06-12 19:59:00,57.6
2025-06-12 11:33:00,4.4
2025-06-12 08:26:00,27.9
2025-06-12 11:42:00,32.9
2025-06-12 07:17:00,14.2
2025-06-12 19:04:00,53.6
2025-06-12 13:02:00,41.2
2025-06-12 05:52:00,71.6
2025-06-12 03:02:00,81.8
2025-06-12 20:18:00,92.8
2025-06-12 06:58:00,26.3
2025-06-12 04:29:00,93.1
2025-06-12 14:14:00,49.84418741885991
2025-06-12 01:32:00,49.84418741885991
2025-06-12 19:02:00,49.84418741885991
2025-06-12 23:24:00,9.9
2025-06-12 19:27:00,46.0
2025-06-12 20:53:00,50.2
2025-06-12 15:37:00,49.84418741885991
2025-06-12 09:42:00,96.0
2025-06-12 23:34:00,37.3
2025-06-12 02:01:00,88.6
2025-06-12 22:00:00,46.0
2025-06-12 05:40:00,49.84418741885991
2025-06-12 11:46:00,73.2
2025-06-12 00:10:00,9.0
2025-06-12 06:08:00,49.84418741885991
2025-06-12 18:32:00,92.7
2025-06-12 09:08:00,91.8
2025-06-12 07:46:00,11.4
2025-06-12 08:07:00,57.5
2025-06-12 11:08:00,64.9
2025-06-12 05:08:00,47.0
2025-06-12 04:32:00,49.84418741885991
2025-06-12 07:28:00,94.4
2025-06-12 09:59:00,64.3
2025-06-12 12:27:00,54.0
2025-06-12 16:40:00,49.84418741885991
2025-06-12 02:52:00,32.3
2025-06-12 12:34:00,19.1
2025-06-12 07:27:00,56.9
2025-06-12 11:21:00,47.0
2025-06-12 14:39:00,49.84418741885991
2025-06-12 06:17:00,26.3
2025-06-12 00:46:00,4.4
2025-06-12 06:36:00,98.7
2025-06-12 21:57:00,44.3
2025-06-12 16:29:00,3.2
2025-06-12 00:33:00,84.6
2025-06-12 20:52:00,14.1
2025-06-12 14:11:00,88.2
2025-06-12 07:34:00,68.7
2025-06-12 05:21:00,73.6
2025-06-12 13:55:00,49.84418741885991
2025-06-12 09:18:00,5.8
2025-06-12 01:04:00,30.4
2025-06-12 01:11:00,82.3
2025-06-12 15:18:00,49.84418741885991
2025-06-12 02:54:00,43.5
2025-06-12 11:06:00,9.9
2025-06-12 03:22:00,0.0
2025-06-12 09:18:00,25.9
2025-06-12 14:25:00,95.4
2025-06-12 03:27:00,93.8
2025-06-12 03:39:00,49.84418741885991
2025-06-12 00:11:00,43.6
2025-06-12 20:44:00,68.2
2025-06-12 12:36:00,28.6
2025-06-12 09:17:00,16.5
2025-06-12 06:31:00,13.1
2025-06-12 11:19:00,40.1
2025-06-12 16:02:00,78.8
2025-06-12 09:38:00,11.0
2025-06-12 13:17:00,40.0
2025-06-12 02:26:00,28.9
2025-06-12 01:41:00,92.8
2025-06-12 13:22:00,94.4
2025-06-12 10:12:00,40.8
2025-06-12 09:57:00,78.8
2025-06-12 02:57:00,56.2
2025-06-12 17:44:00,92.6
2025-06-12 11:56:00,0.3
2025-06-12 22:10:00,76.5
2025-06-12 13:30:00,49.2
2025-06-12 06:16:00,31.9
2025-06-12 17:58:00,26.3
2025-06-12 16:36:00,66.6
2025-06-12 19:01:00,64.2
2025-06-12 14:59:00,49.84418741885991
2025-06-12 03:33:00,95.4
2025-06-12 21:29:00,95.4
2025-06-12 06:29:00,82.0
2025-06-12 06:45:00,47.9
2025-06-12 11:27:00,52.6
2025-06-12 19:39:00,49.84418741885991
2025-06-12 23:34:00,65.5
2025-06-12 07:00:00,49.84418741885991
2025-06-12 23:57:00,24.4
2025-06-12 12:05:00,49.84418741885991
2025-06-12 11:57:00,85.7
2025-06-12 21:23:00,19.5
2025-06-12 07:06:00,33.5
2025-06-12 19:32:00,68.1
2025-06-12 01:57:00,47.3
2025-06-12 08:07:00,52.7
2025-06-12 13:01:00,63.9
2025-06-12 01:10:00,7.6
2025-06-12 00:32:00,94.8
2025-06-12 17:40:00,99.8
2025-06-12 13:46:00,57.5
2025-06-12 03:11:00,76.7
2025-06-12 03:51:00,61.8
2025-06-12 11:41:00,60.4
2025-06-12 15:09:00,88.1
2025-06-12 07:41:00,10.5
2025-06-12 08:49:00,34.0
2025-06-12 05:40:00,35.0
2025-06-12 15:44:00,96.2
2025-06-12 06:25:00,49.84418741885991
2025-06-12 06:14:00,39.3
2025-06-12 17:17:00,44.4
2025-06-12 19:06:00,20.2
2025-06-12 05:38:00,67.4
2025-06-12 17:52:00,49.84418741885991
2025-06-12 10:33:00,76.8
2025-06-12 16:35:00,71.7
2025-06-12 01:45:00,51.9
2025-06-12 23:26:00,20.3
2025-06-12 17:17:00,85.4
2025-06-12 16:03:00,17.8
2025-06-12 10:44:00,33.9
2025-06-12 14:14:00,33.5
2025-06-12 18:57:00,49.84418741885991
2025-06-12 01:31:00,67.6
2025-06-12 18:38:00,55.4
2025-06-12 22:33:00,49.84418741885991
2025-06-12 02:50:00,54.3
2025-06-12 16:33:00,49.84418741885991
2025-06-12 13:55:00,31.3
2025-06-12 05:52:00,49.84418741885991
2025-06-12 16:32:00,0.6
2025-06-12 23:20:00,10.7
2025-06-12 19:21:00,7.6
2025-06-12 08:41:00,8.0
2025-06-12 19:06:00,49.84418741885991
2025-06-12 13:36:00,66.3
2025-06-12 22:12:00,65.9
2025-06-12 18:15:00,81.5
2025-06-12 08:36:00,33.1
2025-06-12 15:15:00,49.84418741885991
2025-06-12 11:02:00,77.8
2025-06-12 23:00:00,52.7
2025-06-12 08:38:00,92.9
2025-06-12 20:07:00,58.5
2025-06-12 03:23:00,22.4
2025-06-12 15:24:00,75.4
2025-06-12 14:31:00,98.0
2025-06-12 05:57:00,60.1
2025-06-12 13:37:00,51.1
2025-06-12 19:13:00,25.4
2025-06-12 18:29:00,13.2
2025-06-12 13:24:00,90.8
2025-06-12 02:13:00,49.84418741885991
2025-06-12 15:57:00,99.8
2025-06-12 16:00:00,49.84418741885991
2025-06-12 22:51:00,72.4
2025-06-12 21:22:00,52.2
2025-06-12 07:15:00,63.7
2025-06-12 14:49:00,37.7
2025-06-12 12:22:00,67.9
2025-06-12 22:54:00,13.1
2025-06-12 10:29:00,2.1
2025-06-12 00:45:00,49.84418741885991
2025-06-12 11:55:00,12.3
2025-06-12 23:47:00,49.84418741885991
2025-06-12 18:06:00,73.9
2025-06-12 14:03:00,75.9
2025-06-12 10:58:00,25.6
2025-06-12 06:27:00,46.3
2025-06-12 02:54:00,3.7
2025-06-12 23:35:00,62.1
2025-06-12 06:31:00,47.2
2025-06-12 12:18:00,35.9
2025-06-12 15:49:00,53.4
2025-06-12 21:10:00,60.7
2025-06-12 19:47:00,49.84418741885991
2025-06-12 21:22:00,45.7
2025-06-12 06:26:00,49.84418741885991
2025-06-12 22:34:00,77.2
2025-06-12 05:54:00,66.4
2025-06-12 01:21:00,96.9
2025-06-12 22:26:00,75.4
2025-06-12 20:33:00,30.9
2025-06-12 17:25:00,68.4
2025-06-12 22:45:00,35.6
2025-06-12 02:43:00,38.7
2025-06-12 09:34:00,63.2
2025-06-12 13:12:00,95.1
2025-06-12 20:11:00,29.1
2025-06-12 01:57:00,28.7
2025-06-12 16:16:00,13.8
2025-06-12 06:34:00,37.1
2025-06-12 22:07:00,13.2
2025-06-12 05:32:00,2.0
2025-06-12 12:29:00,32.3
2025-06-12 05:27:00,96.3
2025-06-12 00:34:00,49.84418741885991
2025-06-12 06:41:00,35.1
2025-06-12 19:43:00,20.5
2025-06-12 08:19:00,42.3
2025-06-12 23:08:00,7.3
2025-06-12 04:23:00,29.6
2025-06-12 02:33:00,26.4
2025-06-12 16:34:00,49.84418741885991
2025-06-12 17:50:00,74.6
2025-06-12 21:13:00,52.6
2025-06-12 05:43:00,86.7
2025-06-12 17:31:00,7.8
2025-06-12 09:31:00,10.7
2025-06-12 06:27:00,26.8
2025-06-12 14:14:00,24.4
2025-06-12 00:56:00,55.0
2025-06-12 00:08:00,3.9
2025-06-12 19:00:00,22.9
2025-06-12 18:18:00,49.84418741885991
2025-06-12 16:22:00,35.7
2025-06-12 18:23:00,44.4
2025-06-12 18:27:00,55.2
2025-06-12 16:04:00,96.3
2025-06-12 03:26:00,28.1
2025-06-12 02:53:00,52.9
2025-06-12 09:05:00,54.6
2025-06-12 22:56:00,77.2
2025-06-12 14:04:00,34.0
2025-06-12 14:56:00,96.6
2025-06-12 01:06:00,14.2
2025-06-12 16:16:00,11.3
2025-06-12 10:46:00,65.0
2025-06-12 01:37:00,32.3
2025-06-12 05:07:00,98.1
2025-06-12 02:39:00,38.9
2025-06-12 06:20:00,57.9
2025-06-12 10:50:00,49.84418741885991
2025-06-12 12:31:00,59.9
2025-06-12 01:32:00,43.5
2025-06-12 14:33:00,14.0
2025-06-12 01:14:00,29.3
2025-06-12 18:20:00,94.7
2025-06-12 07:43:00,94.0
2025-06-12 06:28:00,53.7
2025-06-12 05:54:00,89.9
2025-06-12 15:51:00,32.7
2025-06-12 09:51:00,14.0
2025-06-12 07:58:00,64.1
2025-06-12 04:16:00,58.4
2025-06-12 18:59:00,0.6
2025-06-12 18:18:00,58.4
2025-06-12 14:50:00,67.8
2025-06-12 20:01:00,58.5
2025-06-12 06:13:00,3.0
2025-06-12 12:59:00,46.2
2025-06-12 08:01:00,75.6
2025-06-12 21:10:00,18.7
2025-06-12 11:48:00,5.0
2025-06-12 04:37:00,40.1
2025-06-12 13:25:00,59.7
2025-06-12 04:10:00,6.5
2025-06-12 19:06:00,28.0
2025-06-12 04:31:00,61.4
2025-06-12 02:17:00,50.31892714921527
2025-06-12 08:56:00,89.8
2025-06-12 15:39:00,10.0
2025-06-12 04:51:00,54.5
2025-06-12 07:24:00,0.8
2025-06-12 04:19:00,23.2
2025-06-12 01:04:00,65.7
2025-06-12 10:22:00,50.31892714921527
2025-06-12 09:41:00,50.31892714921527
2025-06-12 22:14:00,84.6
2025-06-12 14:31:00,61.6
2025-06-12 22:24:00,4.7
2025-06-12 03:56:00,89.3
2025-06-12 18:14:00,50.31892714921527
2025-06-12 08:30:00,50.31892714921527
2025-06-12 18:00:00,46.8
2025-06-12 13:01:00,94.1
2025-06-12 07:32:00,37.4
2025-06-12 02:46:00,83.4
2025-06-12 06:37:00,64.0
2025-06-12 22:59:00,5.3
2025-06-12 11:49:00,62.1
2025-06-12 17:19:00,50.2
2025-06-12 15:39:00,37.0
2025-06-12 03:56:00,35.2
2025-06-12 10:27:00,32.0
2025-06-12 10:59:00,11.0
2025-06-12 18:32:00,10.0
2025-06-12 06:36:00,66.1
2025-06-12 01:21:00,64.9
2025-06-12 04:43:00,66.1
2025-06-12 16:32:00,62.5
2025-06-12 11:32:00,26.9
2025-06-12 15:36:00,78.6
2025-06-12 05:12:00,19.1
2025-06-12 18:18:00,50.0
2025-06-12 13:31:00,50.31892714921527
2025-06-12 01:30:00,94.9
2025-06-12 08:59:00,26.4
2025-06-12 17:42:00,57.4
2025-06-12 21:13:00,37.8
2025-06-12 08:05:00,60.7
2025-06-12 13:21:00,74.3
2025-06-12 19:03:00,6.7
2025-06-12 03:22:00,83.6
2025-06-12 19:15:00,50.31892714921527
2025-06-12 20:44:00,43.1
2025-06-12 17:28:00,93.3
2025-06-12 11:17:00,44.3
2025-06-12 03:10:00,24.5
2025-06-12 03:11:00,41.2
2025-06-12 01:35:00,50.31892714921527
2025-06-12 14:03:00,88.1
2025-06-12 01:06:00,73.0
2025-06-12 09:29:00,70.9
2025-06-12 00:47:00,17.5
2025-06-12 01:12:00,16.8
2025-06-12 05:16:00,90.7
2025-06-12 02:28:00,35.7
2025-06-12 04:36:00,33.6
2025-06-12 00:41:00,61.0
2025-06-12 21:39:00,61.2
2025-06-12 10:55:00,67.8
2025-06-12 20:22:00,59.2
2025-06-12 00:57:00,21.0
2025-06-12 14:18:00,67.2
2025-06-12 21:11:00,78.6
2025-06-12 23:41:00,51.5
2025-06-12 18:15:00,56.9
2025-06-12 12:45:00,63.1
2025-06-12 14:27:00,46.6
2025-06-12 15:19:00,25.5
2025-06-12 14:03:00,0.5
2025-06-12 08:39:00,73.7
2025-06-12 11:13:00,71.0
2025-06-12 09:45:00,50.31892714921527
2025-06-12 00:26:00,3.1
2025-06-12 03:18:00,4.1
2025-06-12 11:30:00,56.0
2025-06-12 13:29:00,94.7
2025-06-12 05:05:00,61.9
2025-06-12 01:46:00,83.0
2025-06-12 04:42:00,14.1
2025-06-12 08:41:00,50.31892714921527
2025-06-12 21:20:00,32.5
2025-06-12 04:20:00,6.6
2025-06-12 03:21:00,70.6
2025-06-12 18:16:00,91.9
2025-06-12 18:46:00,58.3
2025-06-12 10:09:00,50.31892714921527
2025-06-12 19:43:00,60.1
2025-06-12 14:41:00,85.8
2025-06-12 02:29:00,62.3
2025-06-12 02:07:00,89.1
2025-06-12 11:00:00,74.0
2025-06-12 01:29:00,64.0
2025-06-12 15:28:00,93.9
2025-06-12 02:55:00,5.1
2025-06-12 15:48:00,28.4
2025-06-12 09:39:00,49.9
2025-06-12 22:35:00,15.7
2025-06-12 06:51:00,23.1
2025-06-12 10:12:00,50.31892714921527
2025-06-12 01:47:00,58.2
2025-06-12 01:06:00,20.7
2025-06-12 08:16:00,80.9
2025-06-12 03:23:00,61.9
2025-06-12 08:31:00,38.0
2025-06-12 09:26:00,98.2
2025-06-12 16:15:00,71.4
2025-06-12 12:30:00,95.6
2025-06-12 15:54:00,80.8
2025-06-12 00:24:00,24.3
2025-06-12 20:10:00,84.2
2025-06-12 20:45:00,42.9
2025-06-12 05:33:00,12.9
2025-06-12 00:02:00,50.31892714921527
2025-06-12 10:01:00,96.5
2025-06-12 20:00:00,26.3
2025-06-12 01:07:00,50.31892714921527
2025-06-12 16:05:00,24.7
2025-06-12 05:07:00,55.4
2025-06-12 12:41:00,67.1
2025-06-12 12:20:00,44.7
2025-06-12 19:14:00,4.1
2025-06-12 22:39:00,27.2
2025-06-12 02:23:00,8.7
2025-06-12 10:16:00,49.5
2025-06-12 17:02:00,86.4
2025-06-12 05:37:00,8.6
2025-06-12 03:17:00,15.8
2025-06-12 20:42:00,65.8
2025-06-12 14:40:00,50.31892714921527
2025-06-12 01:05:00,74.3
2025-06-12 00:34:00,99.8
2025-06-12 20:10:00,99.7
2025-06-12 17:02:00,28.3
2025-06-12 13:20:00,92.1
2025-06-12 06:14:00,63.8
2025-06-12 15:26:00,50.31892714921527
2025-06-12 03:16:00,6.4
2025-06-12 11:34:00,50.31892714921527
2025-06-12 03:35:00,39.7
2025-06-12 16:12:00,74.7
2025-06-12 05:51:00,5.4
2025-06-12 19:04:00,36.0
2025-06-12 10:47:00,50.4
2025-06-12 19:27:00,10.3
2025-06-12 11:44:00,50.31892714921527
2025-06-12 17:59:00,50.31892714921527
2025-06-12 08:18:00,51.9
2025-06-12 02:06:00,69.7
2025-06-12 14:29:00,55.4
2025-06-12 03:33:00,74.9
2025-06-12 07:07:00,92.6
2025-06-12 15:05:00,49.8
2025-06-12 18:49:00,80.4
2025-06-12 03:50:00,83.2
2025-06-12 21:03:00,34.8
2025-06-12 09:09:00,37.4
2025-06-12 01:21:00,59.9
2025-06-12 13:29:00,44.2
2025-06-12 08:47:00,8.6
2025-06-12 17:34:00,68.1
2025-06-12 01:22:00,75.9
2025-06-12 18:16:00,44.9
2025-06-12 20:18:00,50.31892714921527
2025-06-12 17:42:00,57.9
2025-06-12 19:29:00,0.9
2025-06-12 04:17:00,87.3
2025-06-12 07:29:00,54.4
2025-06-12 06:39:00,37.0
2025-06-12 04:51:00,56.6
2025-06-12 23:20:00,92.2
2025-06-12 05:40:00,41.4
2025-06-12 04:12:00,49.3
2025-06-12 19:37:00,64.0
2025-06-12 20:42:00,92.0
2025-06-12 10:23:00,91.8
2025-06-12 03:37:00,46.8
2025-06-12 04:56:00,76.6
2025-06-12 09:35:00,50.31892714921527
2025-06-12 17:45:00,72.3
2025-06-12 13:20:00,42.3
2025-06-12 04:43:00,50.31892714921527
2025-06-12 05:43:00,53.7
2025-06-12 14:40:00,32.1
2025-06-12 01:03:00,90.8
2025-06-12 00:55:00,57.8
2025-06-12 11:28:00,74.3
2025-06-12 09:38:00,21.5
2025-06-12 21:42:00,99.7
2025-06-12 13:53:00,59.3
2025-06-12 03:34:00,32.4
2025-06-12 12:16:00,26.1
2025-06-12 11:04:00,50.31892714921527
2025-06-12 06:28:00,53.3
2025-06-12 14:19:00,45.6
2025-06-12 18:23:00,4.9
2025-06-12 04:05:00,68.8
2025-06-12 20:56:00,50.9
2025-06-12 16:37:00,23.0
2025-06-12 17:21:00,7.1
2025-06-12 15:59:00,28.2
2025-06-12 13:37:00,59.5
2025-06-12 00:13:00,86.5
2025-06-12 14:45:00,69.9
2025-06-12 19:57:00,50.31892714921527
2025-06-12 18:27:00,59.4
2025-06-12 08:17:00,68.5
2025-06-12 10:44:00,50.31892714921527
2025-06-12 08:51:00,50.31892714921527
2025-06-12 08:32:00,93.9
2025-06-12 15:35:00,93.8
2025-06-12 06:54:00,50.31892714921527
2025-06-12 06:11:00,56.8
2025-06-12 13:35:00,29.9
2025-06-12 01:07:00,37.3
2025-06-12 21:41:00,97.8
2025-06-12 03:32:00,50.31892714921527
2025-06-12 03:55:00,7.2
2025-06-12 08:27:00,40.0
2025-06-12 18:30:00,8.9
2025-06-12 23:17:00,77.0
2025-06-12 02:22:00,63.8
2025-06-12 21:18:00,24.6
2025-06-12 08:56:00,58.5
2025-06-12 15:19:00,50.31892714921527
2025-06-12 07:06:00,50.31892714921527
2025-06-12 13:17:00,54.1
2025-06-12 13:22:00,85.3
2025-06-12 10:30:00,86.6
2025-06-12 07:55:00,50.31892714921527
2025-06-12 20:53:00,50.31892714921527
2025-06-12 04:22:00,13.3
2025-06-12 00:22:00,71.6
2025-06-12 15:31:00,92.3
2025-06-12 02:22:00,24.3
2025-06-12 17:00:00,67.3
2025-06-12 18:35:00,30.4
2025-06-12 06:10:00,50.31892714921527
2025-06-12 03:08:00,1.9
2025-06-12 04:41:00,70.7
2025-06-12 06:55:00,71.7
2025-06-12 01:59:00,50.31892714921527
2025-06-12 15:38:00,45.2
2025-06-12 10:35:00,50.31892714921527
2025-06-12 14:05:00,41.8
2025-06-12 19:39:00,61.7
2025-06-12 16:54:00,46.7
2025-06-12 11:34:00,67.6
2025-06-12 13:21:00,58.4
2025-06-12 13:00:00,45.5
2025-06-12 21:33:00,91.5
2025-06-12 15:17:00,50.31892714921527
2025-06-12 16:16:00,95.6
2025-06-12 08:27:00,45.2
2025-06-12 18:58:00,62.3
2025-06-12 12:33:00,87.3
2025-06-12 00:46:00,97.3
2025-06-12 06:32:00,61.8
2025-06-12 02:22:00,35.5
2025-06-12 20:38:00,12.6
2025-06-12 01:14:00,36.4
2025-06-12 11:00:00,56.0
2025-06-12 10:04:00,43.2
2025-06-12 08:44:00,4.0
2025-06-12 22:59:00,75.6
2025-06-12 23:13:00,17.4
2025-06-12 11:54:00,31.6
2025-06-12 14:45:00,50.2
2025-06-12 07:10:00,12.6
2025-06-12 19:36:00,63.6
2025-06-12 20:18:00,4.9
2025-06-12 02:53:00,50.31892714921527
2025-06-12 20:11:00,50.31892714921527
2025-06-12 03:14:00,98.3
2025-06-12 08:58:00,12.3
2025-06-12 15:51:00,14.6
2025-06-12 15:19:00,57.5
2025-06-12 05:31:00,40.5
2025-06-12 10:00:00,15.6
2025-06-12 01:53:00,60.9
2025-06-12 07:29:00,30.1
2025-06-12 10:15:00,91.7
2025-06-12 06:37:00,60.6
2025-06-12 00:39:00,98.3
2025-06-12 05:47:00,97.8
2025-06-12 16:13:00,77.0
2025-06-12 04:34:00,29.0
2025-06-12 18:50:00,50.31892714921527
2025-06-12 11:22:00,88.6
2025-06-12 05:16:00,17.5
2025-06-12 04:40:00,24.7
2025-06-12 11:34:00,14.1
2025-06-12 15:32:00,1.8
2025-06-12 16:25:00,41.3
2025-06-12 17:47:00,10.2
2025-06-12 19:29:00,50.31892714921527
2025-06-12 00:52:00,52.2
2025-06-12 14:12:00,30.9
2025-06-12 00:06:00,33.6
2025-06-12 03:48:00,95.7
2025-06-12 11:36:00,64.2
2025-06-12 14:09:00,43.7
2025-06-12 16:54:00,86.2
2025-06-12 22:52:00,68.4
2025-06-12 03:16:00,50.31892714921527
2025-06-12 06:06:00,50.31892714921527
2025-06-12 22:12:00,11.3
2025-06-12 00:25:00,50.31892714921527
2025-06-12 21:57:00,33.0
2025-06-12 14:20:00,41.9
2025-06-12 18:40:00,25.7
2025-06-12 21:54:00,62.9
2025-06-12 14:19:00,87.9
2025-06-12 23:50:00,36.5
2025-06-12 07:36:00,27.5
2025-06-12 17:09:00,9.6
2025-06-12 15:55:00,19.0
2025-06-12 06:30:00,54.9
2025-06-12 02:11:00,55.4
2025-06-12 11:31:00,68.1
2025-06-12 22:08:00,52.4
2025-06-12 23:14:00,98.1
2025-06-12 01:37:00,60.6
2025-06-12 19:49:00,46.6
2025-06-12 03:20:00,45.1
2025-06-12 07:53:00,83.9
2025-06-12 11:22:00,14.4
2025-06-12 22:00:00,51.6
2025-06-12 23:40:00,50.31892714921527
2025-06-12 14:51:00,53.4
2025-06-12 23:15:00,54.2
2025-06-12 13:03:00,50.31892714921527
2025-06-12 11:53:00,91.3
2025-06-12 12:49:00,68.9
2025-06-12 23:20:00,15.0
2025-06-12 19:13:00,7.5
2025-06-12 18:35:00,17.0
2025-06-12 17:30:00,78.4
2025-06-12 22:53:00,50.31892714921527
2025-06-12 16:01:00,76.6
2025-06-12 19:23:00,19.1
2025-06-12 09:39:00,95.3
2025-06-12 16:11:00,6.5
2025-06-12 01:51:00,67.3
2025-06-12 22:50:00,64.2
2025-06-12 03:46:00,69.0
2025-06-12 03:51:00,50.31892714921527
2025-06-12 01:12:00,27.2
2025-06-12 10:21:00,26.8
2025-06-12 01:59:00,50.31892714921527
2025-06-12 01:30:00,24.8
2025-06-12 11:18:00,36.5
2025-06-12 15:08:00,1.1
2025-06-12 23:05:00,50.9
2025-06-12 11:38:00,25.6
2025-06-12 19:16:00,96.0
2025-06-12 19:58:00,99.4
2025-06-12 01:00:00,42.7
2025-06-12 06:33:00,57.1
2025-06-12 14:43:00,97.9
2025-06-12 22:10:00,20.7
2025-06-12 14:38:00,43.7
2025-06-12 09:36:00,88.3
2025-06-12 23:30:00,96.6
2025-06-12 20:07:00,31.1
2025-06-12 20:02:00,8.3
2025-06-12 22:17:00,6.1
2025-06-12 06:43:00,88.8
2025-06-12 17:34:00,30.3
2025-06-12 11:04:00,49.91221338324755
2025-06-12 09:03:00,70.6
2025-06-12 07:51:00,9.1
2025-06-12 07:28:00,23.8
2025-06-12 10:03:00,77.0
2025-06-12 00:04:00,5.4
2025-06-12 14:25:00,42.8
2025-06-12 19:09:00,8.4
2025-06-12 16:40:00,30.0
2025-06-12 16:19:00,34.8
2025-06-12 01:15:00,0.3
2025-06-12 15:42:00,88.4
2025-06-12 02:46:00,5.9
2025-06-12 14:23:00,75.2
2025-06-12 03:40:00,55.7
2025-06-12 22:49:00,57.5
2025-06-12 14:37:00,49.91221338324755
2025-06-12 10:02:00,59.9
2025-06-12 18:33:00,53.7
2025-06-12 08:05:00,47.0
2025-06-12 05:19:00,17.0
2025-06-12 09:06:00,49.91221338324755
2025-06-12 12:44:00,21.3
2025-06-12 01:07:00,33.8
2025-06-12 05:46:00,49.91221338324755
2025-06-12 22:03:00,18.4
2025-06-12 22:01:00,89.7
2025-06-12 14:44:00,47.6
2025-06-12 05:25:00,96.6
2025-06-12 15:43:00,51.1
2025-06-12 06:58:00,63.5
2025-06-12 03:25:00,14.3
2025-06-12 10:26:00,97.7
2025-06-12 07:12:00,39.8
2025-06-12 19:06:00,98.2
2025-06-12 21:04:00,28.6
2025-06-12 18:28:00,4.3
2025-06-12 15:03:00,51.5
2025-06-12 20:47:00,65.4
2025-06-12 17:06:00,31.4
2025-06-12 18:58:00,49.91221338324755
2025-06-12 01:21:00,46.7
2025-06-12 19:12:00,29.9
2025-06-12 06:18:00,90.5
2025-06-12 23:47:00,13.7
2025-06-12 23:20:00,9.4
2025-06-12 01:03:00,49.0
2025-06-12 13:03:00,5.7
2025-06-12 17:07:00,89.0
2025-06-12 04:58:00,97.1
2025-06-12 07:59:00,89.9
2025-06-12 09:00:00,9.9
2025-06-12 20:10:00,49.1
2025-06-12 11:01:00,22.5
2025-06-12 00:42:00,12.0
2025-06-12 22:24:00,18.3
2025-06-12 00:22:00,22.0
2025-06-12 17:44:00,9.8
2025-06-12 09:06:00,59.0
2025-06-12 23:11:00,83.0
2025-06-12 19:03:00,15.6
2025-06-12 05:06:00,15.2
2025-06-12 21:38:00,49.91221338324755
2025-06-12 07:12:00,96.5
2025-06-12 17:37:00,41.5
2025-06-12 04:56:00,3.6
2025-06-12 03:10:00,14.6
2025-06-12 23:35:00,49.91221338324755
2025-06-12 11:34:00,42.5
2025-06-12 06:02:00,49.91221338324755
2025-06-12 07:35:00,87.0
2025-06-12 04:12:00,90.2
2025-06-12 02:32:00,0.2
2025-06-12 14:38:00,83.1
2025-06-12 04:37:00,86.7
2025-06-12 15:05:00,9.3
2025-06-12 10:33:00,6.1
2025-06-12 01:38:00,39.4
2025-06-12 01:55:00,49.91221338324755
2025-06-12 01:01:00,13.4
2025-06-12 10:12:00,49.91221338324755
2025-06-12 08:14:00,99.5
2025-06-12 21:45:00,42.2
2025-06-12 09:42:00,49.91221338324755
2025-06-12 12:48:00,61.5
2025-06-12 12:03:00,62.3
2025-06-12 06:05:00,35.0
2025-06-12 23:13:00,20.5
2025-06-12 15:47:00,16.0
2025-06-12 08:19:00,32.4
2025-06-12 18:07:00,33.3
2025-06-12 15:28:00,49.91221338324755
2025-06-12 03:20:00,11.5
2025-06-12 16:44:00,6.3
2025-06-12 16:48:00,34.8
2025-06-12 17:17:00,89.7
2025-06-12 01:11:00,42.4
2025-06-12 00:58:00,28.2
2025-06-12 12:15:00,6.8
2025-06-12 07:21:00,89.6
2025-06-12 21:06:00,35.9
2025-06-12 04:50:00,49.91221338324755
2025-06-12 05:14:00,23.9
2025-06-12 21:57:00,49.91221338324755
2025-06-12 06:10:00,26.5
2025-06-12 05:27:00,91.6
2025-06-12 18:24:00,61.3
2025-06-12 15:57:00,98.2
2025-06-12 23:04:00,98.3
2025-06-12 10:03:00,60.3
2025-06-12 15:00:00,64.7
2025-06-12 17:59:00,46.3
2025-06-12 00:18:00,62.0
2025-06-12 00:52:00,49.91221338324755
2025-06-12 15:50:00,41.5
2025-06-12 18:09:00,41.6
2025-06-12 07:00:00,80.6
2025-06-12 07:11:00,80.1
2025-06-12 08:15:00,58.3
2025-06-12 10:12:00,93.7
2025-06-12 14:33:00,49.91221338324755
2025-06-12 17:45:00,75.1
2025-06-12 18:04:00,93.9
2025-06-12 08:47:00,74.6
2025-06-12 14:06:00,57.6
2025-06-12 22:19:00,86.7
2025-06-12 17:23:00,41.5
2025-06-12 08:08:00,18.1
2025-06-12 21:32:00,39.8
2025-06-12 11:46:00,92.5
2025-06-12 07:46:00,94.2
2025-06-12 12:12:00,99.7
2025-06-12 10:03:00,36.3
2025-06-12 18:11:00,24.0
2025-06-12 08:58:00,49.91221338324755
2025-06-12 13:15:00,27.0
2025-06-12 19:41:00,78.9
2025-06-12 08:04:00,49.91221338324755
2025-06-12 01:25:00,49.91221338324755
2025-06-12 11:10:00,22.2
2025-06-12 02:08:00,35.9
2025-06-12 07:36:00,23.4
2025-06-12 09:14:00,31.3
2025-06-12 00:25:00,71.6
2025-06-12 16:55:00,47.3
2025-06-12 21:58:00,22.0
2025-06-12 20:12:00,49.91221338324755
2025-06-12 12:26:00,58.5
2025-06-12 17:47:00,78.1
2025-06-12 04:18:00,68.8
2025-06-12 09:55:00,46.2
2025-06-12 22:01:00,49.91221338324755
2025-06-12 02:47:00,20.1
2025-06-12 01:31:00,86.7
2025-06-12 10:57:00,63.0
2025-06-12 04:25:00,64.7
2025-06-12 22:40:00,67.9
2025-06-12 10:07:00,49.91221338324755
2025-06-12 13:44:00,79.9
2025-06-12 18:54:00,49.91221338324755
2025-06-12 08:41:00,49.91221338324755
2025-06-12 21:46:00,0.7
2025-06-12 15:36:00,54.9
2025-06-12 16:07:00,49.91221338324755
2025-06-12 10:43:00,53.5
2025-06-12 12:33:00,5.0
2025-06-12 11:21:00,38.8
2025-06-12 01:07:00,13.7
2025-06-12 15:23:00,16.2
2025-06-12 17:41:00,88.1
2025-06-12 20:11:00,69.5
2025-06-12 23:37:00,28.4
2025-06-12 11:21:00,84.5
2025-06-12 03:15:00,49.91221338324755
2025-06-12 03:20:00,55.5
2025-06-12 15:17:00,24.8
2025-06-12 13:43:00,41.8
2025-06-12 10:33:00,38.9
2025-06-12 15:51:00,16.9
2025-06-12 23:59:00,10.8
2025-06-12 05:52:00,72.8
2025-06-12 09:47:00,44.8
2025-06-12 16:11:00,83.1
2025-06-12 13:21:00,59.1
2025-06-12 11:37:00,25.1
2025-06-12 02:43:00,49.91221338324755
2025-06-12 16:23:00,17.3
2025-06-12 21:08:00,76.6
2025-06-12 15:48:00,94.7
2025-06-12 03:29:00,95.9
2025-06-12 17:05:00,96.7
2025-06-12 11:36:00,82.6
2025-06-12 10:21:00,49.91221338324755
2025-06-12 09:29:00,80.4
2025-06-12 04:16:00,26.1
2025-06-12 05:38:00,83.9
2025-06-12 17:15:00,43.0
2025-06-12 15:13:00,41.6
2025-06-12 07:57:00,88.5
2025-06-12 21:49:00,66.0
2025-06-12 18:51:00,49.91221338324755
2025-06-12 23:01:00,94.0
2025-06-12 14:33:00,85.1
2025-06-12 15:59:00,52.1
2025-06-12 01:54:00,92.2
2025-06-12 19:28:00,55.4
2025-06-12 21:01:00,26.0
2025-06-12 14:07:00,88.6
2025-06-12 22:41:00,52.7
2025-06-12 06:22:00,31.1
2025-06-12 02:36:00,49.91221338324755
2025-06-12 04:22:00,81.4
2025-06-12 14:30:00,91.1
2025-06-12 19:01:00,97.6
2025-06-12 09:59:00,27.6
2025-06-12 18:24:00,92.6
2025-06-12 13:30:00,67.3
2025-06-12 15:27:00,49.91221338324755
2025-06-12 22:10:00,8.7
2025-06-12 19:51:00,67.5
2025-06-12 10:02:00,25.0
2025-06-12 01:56:00,12.0
2025-06-12 20:40:00,49.91221338324755
2025-06-12 23:58:00,49.91221338324755
2025-06-12 15:07:00,53.3
2025-06-12 22:57:00,32.2
2025-06-12 19:55:00,25.7
2025-06-12 13:09:00,49.91221338324755
2025-06-12 00:17:00,68.6
2025-06-12 16:42:00,87.6
2025-06-12 02:08:00,26.5
2025-06-12 19:59:00,48.6
2025-06-12 04:22:00,49.91221338324755
2025-06-12 07:18:00,48.5
2025-06-12 13:15:00,63.7
2025-06-12 07:30:00,49.91221338324755
2025-06-12 00:27:00,79.0
2025-06-12 09:23:00,76.1
2025-06-12 14:47:00,83.2
2025-06-12 19:36:00,49.91221338324755
2025-06-12 14:29:00,69.3
2025-06-12 19:14:00,37.5
2025-06-12 19:07:00,47.6
2025-06-12 14:24:00,10.4
2025-06-12 21:46:00,18.2
2025-06-12 11:38:00,15.6
2025-06-12 21:43:00,7.6
2025-06-12 12:05:00,5.1
2025-06-12 22:01:00,71.2
2025-06-12 02:53:00,13.2
2025-06-12 04:40:00,39.4
2025-06-12 03:32:00,26.7
2025-06-12 09:46:00,49.91221338324755
2025-06-12 23:19:00,53.4
2025-06-12 23:03:00,81.2
2025-06-12 05:19:00,0.8
2025-06-12 13:15:00,86.8
2025-06-12 11:14:00,49.91221338324755
2025-06-12 13:20:00,0.6
2025-06-12 16:19:00,49.91221338324755
2025-06-12 22:31:00,35.6
2025-06-12 12:43:00,45.9
2025-06-12 06:16:00,49.91221338324755
2025-06-12 07:03:00,95.9
2025-06-12 15:07:00,58.3
2025-06-12 08:28:00,39.4
2025-06-12 16:01:00,90.6
2025-06-12 04:53:00,26.0
2025-06-12 22:18:00,40.5
2025-06-12 18:18:00,52.7
2025-06-12 07:52:00,12.6
2025-06-12 20:12:00,6.7
2025-06-12 22:21:00,73.5
2025-06-12 21:11:00,97.0
2025-06-12 14:58:00,35.8
2025-06-12 02:02:00,47.3
2025-06-12 16:48:00,76.0
2025-06-12 08:33:00,15.2
2025-06-12 08:29:00,33.0
2025-06-12 07:43:00,45.6
2025-06-12 06:58:00,49.91221338324755
2025-06-12 21:52:00,57.7
2025-06-12 14:51:00,17.9
2025-06-12 07:44:00,59.9
2025-06-12 21:02:00,3.0
2025-06-12 23:16:00,68.1
2025-06-12 10:22:00,68.2
2025-06-12 06:24:00,80.2
2025-06-12 00:27:00,89.9
2025-06-12 21:30:00,12.1
2025-06-12 18:55:00,39.5
2025-06-12 00:18:00,11.0
2025-06-12 19:41:00,59.9
2025-06-12 09:38:00,41.5
2025-06-12 12:05:00,1.7
2025-06-12 08:01:00,34.1
2025-06-12 02:31:00,49.91221338324755
2025-06-12 19:03:00,13.8
2025-06-12 03:02:00,4.4
2025-06-12 21:43:00,66.7
2025-06-12 06:22:00,28.4
2025-06-12 11:07:00,44.9
2025-06-12 10:42:00,3.6
2025-06-12 07:28:00,12.3
2025-06-12 01:33:00,0.4
2025-06-12 19:02:00,85.4
2025-06-12 16:45:00,8.2
2025-06-12 06:41:00,45.2
2025-06-12 03:20:00,80.8
2025-06-12 02:27:00,77.3
2025-06-12 07:25:00,49.91221338324755
2025-06-12 23:46:00,37.9
2025-06-12 10:13:00,49.91221338324755
2025-06-12 12:15:00,49.91221338324755
2025-06-12 11:04:00,49.91221338324755
2025-06-12 17:41:00,65.4
2025-06-12 14:32:00,26.3
2025-06-12 16:06:00,52.5
2025-06-12 13:16:00,96.1
2025-06-12 16:22:00,95.3
2025-06-12 16:32:00,75.3
2025-06-12 22:01:00,76.9
2025-06-12 21:47:00,50.557353635505194
2025-06-12 10:30:00,14.0
2025-06-12 22:29:00,77.2
2025-06-12 03:37:00,52.2
2025-06-12 22:03:00,47.4
2025-06-12 06:22:00,1.9
2025-06-12 12:19:00,93.7
2025-06-12 11:25:00,52.0
2025-06-12 11:37:00,29.1
2025-06-12 08:17:00,70.3
2025-06-12 11:08:00,90.6
2025-06-12 00:54:00,80.8
2025-06-12 06:36:00,4.1
2025-06-12 20:36:00,96.2
2025-06-12 10:52:00,10.7
2025-06-12 07:44:00,28.7
2025-06-12 13:38:00,45.2
2025-06-12 01:07:00,18.6
2025-06-12 15:00:00,70.1
2025-06-12 10:58:00,64.2
2025-06-12 19:54:00,5.5
2025-06-12 23:52:00,34.9
2025-06-12 02:35:00,58.5
2025-06-12 16:41:00,54.2
2025-06-12 19:36:00,38.6
2025-06-12 03:22:00,46.8
2025-06-12 18:13:00,32.7
2025-06-12 00:18:00,17.9
2025-06-12 22:52:00,33.7
2025-06-12 16:20:00,88.8
2025-06-12 12:05:00,43.9
2025-06-12 05:42:00,68.7
2025-06-12 00:58:00,94.4
2025-06-12 17:16:00,74.2
2025-06-12 10:40:00,58.0
2025-06-12 18:56:00,76.2
2025-06-12 01:10:00,79.3
2025-06-12 02:36:00,47.9
2025-06-12 02:49:00,50.557353635505194
2025-06-12 10:56:00,84.1
2025-06-12 15:06:00,50.557353635505194
2025-06-12 04:31:00,9.6
2025-06-12 02:57:00,50.557353635505194
2025-06-12 01:19:00,58.6
2025-06-12 06:43:00,5.8
2025-06-12 03:07:00,40.0
2025-06-12 04:08:00,4.6
2025-06-12 18:31:00,25.0
2025-06-12 15:38:00,50.557353635505194
2025-06-12 02:27:00,2.1
2025-06-12 07:33:00,34.1
2025-06-12 03:29:00,18.9
2025-06-12 23:29:00,52.7
2025-06-12 15:25:00,1.4
2025-06-12 04:30:00,50.557353635505194
2025-06-12 12:33:00,42.8
2025-06-12 10:25:00,57.5
2025-06-12 02:58:00,83.1
2025-06-12 19:05:00,50.557353635505194
2025-06-12 01:57:00,47.7
2025-06-12 15:02:00,42.7
2025-06-12 01:00:00,15.4
2025-06-12 04:42:00,68.9
2025-06-12 18:27:00,1.2
2025-06-12 10:27:00,50.557353635505194
2025-06-12 00:56:00,84.6
2025-06-12 17:08:00,38.4
2025-06-12 16:20:00,64.5
2025-06-12 21:31:00,24.4
2025-06-12 00:05:00,82.2
2025-06-12 06:40:00,75.8
2025-06-12 06:25:00,5.1
2025-06-12 14:15:00,96.5
2025-06-12 13:50:00,85.9
2025-06-12 23:54:00,23.2
2025-06-12 13:52:00,34.0
2025-06-12 09:22:00,19.3
2025-06-12 05:54:00,6.5
2025-06-12 00:53:00,60.5
2025-06-12 13:10:00,5.7
2025-06-12 23:01:00,50.557353635505194
2025-06-12 21:15:00,13.4
2025-06-12 05:09:00,50.557353635505194
2025-06-12 16:26:00,32.0
2025-06-12 07:44:00,79.5
2025-06-12 05:56:00,50.557353635505194
2025-06-12 01:58:00,26.9
2025-06-12 00:15:00,41.8
2025-06-12 20:01:00,6.1
2025-06-12 03:57:00,9.0
2025-06-12 03:16:00,63.5
2025-06-12 10:17:00,72.3
2025-06-12 17:46:00,90.3
2025-06-12 18:28:00,2.3
2025-06-12 11:38:00,50.557353635505194
2025-06-12 02:59:00,22.6
2025-06-12 10:02:00,50.557353635505194
2025-06-12 02:45:00,80.5
2025-06-12 22:40:00,93.2
2025-06-12 10:34:00,73.2
2025-06-12 12:05:00,34.9
2025-06-12 17:02:00,22.3
2025-06-12 04:37:00,35.7
2025-06-12 02:05:00,67.2
2025-06-12 16:14:00,15.4
2025-06-12 13:42:00,50.557353635505194
2025-06-12 07:57:00,2.3
2025-06-12 12:18:00,56.7
2025-06-12 21:12:00,19.1
2025-06-12 04:29:00,4.7
2025-06-12 22:55:00,23.9
2025-06-12 15:51:00,56.5
2025-06-12 11:41:00,30.9
2025-06-12 13:10:00,8.2
2025-06-12 12:24:00,5.9
2025-06-12 12:08:00,54.5
2025-06-12 15:20:00,81.1
2025-06-12 20:43:00,64.1
2025-06-12 08:21:00,50.557353635505194
2025-06-12 01:02:00,84.6
2025-06-12 02:40:00,7.4
2025-06-12 06:06:00,87.2
2025-06-12 01:19:00,55.6
2025-06-12 00:30:00,10.5
2025-06-12 03:45:00,88.7
2025-06-12 02:33:00,66.0
2025-06-12 09:24:00,50.557353635505194
2025-06-12 07:40:00,22.5
2025-06-12 07:59:00,50.557353635505194
2025-06-12 18:35:00,60.1
2025-06-12 09:01:00,50.557353635505194
2025-06-12 19:40:00,44.5
2025-06-12 19:39:00,94.6
2025-06-12 20:52:00,92.3
2025-06-12 13:38:00,28.4
2025-06-12 04:56:00,5.1
2025-06-12 03:00:00,47.5
2025-06-12 13:54:00,28.3
2025-06-12 08:59:00,99.6
2025-06-12 14:42:00,99.8
2025-06-12 00:34:00,1.1
2025-06-12 10:35:00,79.5
2025-06-12 10:17:00,50.557353635505194
2025-06-12 15:15:00,45.2
2025-06-12 09:53:00,50.557353635505194
2025-06-12 09:46:00,50.557353635505194
2025-06-12 06:27:00,57.0
2025-06-12 06:23:00,25.8
2025-06-12 10:47:00,61.0
2025-06-12 04:32:00,50.557353635505194
2025-06-12 06:21:00,6.9
2025-06-12 04:23:00,92.1
2025-06-12 08:55:00,24.9
2025-06-12 11:10:00,32.7
2025-06-12 00:26:00,86.3
2025-06-12 10:22:00,50.4
2025-06-12 21:03:00,99.1
2025-06-12 03:46:00,50.557353635505194
2025-06-12 13:11:00,26.4
2025-06-12 12:14:00,10.4
2025-06-12 04:29:00,59.4
2025-06-12 03:10:00,60.3
2025-06-12 04:44:00,18.8
2025-06-12 21:37:00,3.7
2025-06-12 15:21:00,1.9
2025-06-12 06:39:00,22.7
2025-06-12 08:25:00,58.0
2025-06-12 02:46:00,50.557353635505194
2025-06-12 19:49:00,50.557353635505194
2025-06-12 20:38:00,33.9
2025-06-12 03:54:00,94.3
2025-06-12 22:54:00,50.557353635505194
2025-06-12 23:03:00,97.2
2025-06-12 02:54:00,41.1
2025-06-12 17:39:00,83.3
2025-06-12 11:00:00,12.8
2025-06-12 18:11:00,29.0
2025-06-12 14:59:00,11.5
2025-06-12 14:14:00,77.4
2025-06-12 09:27:00,47.9
2025-06-12 23:30:00,50.557353635505194
2025-06-12 06:09:00,23.5
2025-06-12 12:08:00,6.7
2025-06-12 23:44:00,50.557353635505194
2025-06-12 07:49:00,22.9
2025-06-12 04:07:00,28.9
2025-06-12 20:28:00,36.4
2025-06-12 05:53:00,98.6
2025-06-12 01:21:00,50.557353635505194
2025-06-12 12:48:00,82.3
2025-06-12 20:59:00,50.557353635505194
2025-06-12 20:05:00,81.5
2025-06-12 07:12:00,41.4
2025-06-12 16:40:00,85.6
2025-06-12 14:57:00,32.8
2025-06-12 00:55:00,49.0
2025-06-12 21:12:00,19.3
2025-06-12 17:46:00,3.9
2025-06-12 07:11:00,50.557353635505194
2025-06-12 02:45:00,50.557353635505194
2025-06-12 05:57:00,1.2
2025-06-12 06:32:00,54.9
2025-06-12 01:54:00,18.9
2025-06-12 19:16:00,94.4
2025-06-12 15:41:00,41.4
2025-06-12 15:52:00,34.9
2025-06-12 09:50:00,44.7
2025-06-12 12:21:00,50.557353635505194
2025-06-12 09:54:00,62.6
2025-06-12 02:11:00,85.9
2025-06-12 08:30:00,94.0
2025-06-12 14:34:00,50.557353635505194
2025-06-12 06:10:00,42.2
2025-06-12 05:00:00,50.557353635505194
2025-06-12 18:04:00,50.557353635505194
2025-06-12 22:58:00,80.2
2025-06-12 13:12:00,50.557353635505194
2025-06-12 00:00:00,37.4
2025-06-12 09:38:00,41.3
2025-06-12 13:50:00,23.6
2025-06-12 20:14:00,82.9
2025-06-12 18:42:00,69.9
2025-06-12 18:51:00,33.6
2025-06-12 22:53:00,50.557353635505194
2025-06-12 16:13:00,50.557353635505194
2025-06-12 02:04:00,50.557353635505194
2025-06-12 07:52:00,92.6
2025-06-12 18:45:00,30.7
2025-06-12 22:14:00,46.6
2025-06-12 12:23:00,75.0
2025-06-12 18:35:00,73.5
2025-06-12 07:10:00,8.6
2025-06-12 14:07:00,51.0
2025-06-12 11:04:00,98.9
2025-06-12 17:00:00,38.1
2025-06-12 12:15:00,77.3
2025-06-12 09:06:00,50.557353635505194
2025-06-12 21:51:00,74.0
2025-06-12 09:33:00,78.6
2025-06-12 05:11:00,70.5
2025-06-12 13:00:00,66.7
2025-06-12 19:49:00,27.5
2025-06-12 18:51:00,11.7
2025-06-12 02:41:00,95.2
2025-06-12 21:44:00,95.3
2025-06-12 16:55:00,57.0
2025-06-12 05:14:00,80.0
2025-06-12 06:32:00,88.4
2025-06-12 09:19:00,78.0
2025-06-12 02:54:00,99.1
2025-06-12 13:10:00,95.8
2025-06-12 06:38:00,62.7
2025-06-12 18:07:00,35.3
2025-06-12 07:02:00,37.1
2025-06-12 15:04:00,52.9
2025-06-12 00:41:00,70.8
2025-06-12 02:44:00,61.7
2025-06-12 10:03:00,70.4
2025-06-12 00:13:00,75.1
2025-06-12 13:18:00,88.1
2025-06-12 20:48:00,70.9
2025-06-12 17:03:00,79.9
2025-06-12 07:32:00,77.5
2025-06-12 11:04:00,57.1
2025-06-12 18:42:00,74.7
2025-06-12 11:40:00,12.9
2025-06-12 22:14:00,20.3
2025-06-12 20:41:00,93.9
2025-06-12 01:40:00,39.2
2025-06-12 15:42:00,87.2
2025-06-12 08:23:00,17.6
2025-06-12 10:52:00,31.4
2025-06-12 16:34:00,67.3
2025-06-12 10:49:00,8.6
2025-06-12 22:59:00,96.5
2025-06-12 22:38:00,50.557353635505194
2025-06-12 11:19:00,13.6
2025-06-12 03:41:00,50.557353635505194
2025-06-12 09:32:00,12.9
2025-06-12 12:10:00,41.0
2025-06-12 15:37:00,54.9
2025-06-12 12:26:00,64.5
2025-06-12 16:54:00,19.6
2025-06-12 13:18:00,23.5
2025-06-12 07:40:00,50.557353635505194
2025-06-12 04:08:00,50.557353635505194
2025-06-12 01:16:00,56.0
2025-06-12 19:00:00,91.2
2025-06-12 18:26:00,93.8
2025-06-12 14:51:00,86.0
2025-06-12 19:29:00,23.9
2025-06-12 19:29:00,54.3
2025-06-12 00:27:00,50.557353635505194
2025-06-12 01:43:00,52.3
2025-06-12 17:13:00,93.2
2025-06-12 13:55:00,30.4
2025-06-12 09:39:00,60.8
2025-06-12 06:56:00,21.9
2025-06-12 01:19:00,54.3
2025-06-12 15:43:00,53.8
2025-06-12 06:50:00,98.2
2025-06-12 20:56:00,76.7
2025-06-12 05:35:00,47.2
2025-06-12 10:46:00,13.2
2025-06-12 14:13:00,25.1
2025-06-12 12:12:00,50.557353635505194
2025-06-12 22:27:00,28.8
2025-06-12 00:07:00,90.1
2025-06-12 22:19:00,28.6
2025-06-12 12:33:00,85.7
2025-06-12 23:04:00,90.0
2025-06-12 21:36:00,1.5
2025-06-12 19:31:00,61.0
2025-06-12 15:40:00,80.6
2025-06-12 20:40:00,42.8
2025-06-12 12:14:00,38.0
2025-06-12 05:20:00,7.1
2025-06-12 16:18:00,42.9
2025-06-12 03:36:00,38.1
2025-06-12 12:48:00,73.0
2025-06-12 21:47:00,49.87196987526477
2025-06-12 07:32:00,67.4
2025-06-12 14:58:00,46.1
2025-06-12 11:01:00,97.8
2025-06-12 06:42:00,49.87196987526477
2025-06-12 21:02:00,64.1
2025-06-12 04:19:00,15.8
2025-06-12 17:20:00,84.1
2025-06-12 04:18:00,49.87196987526477
2025-06-12 22:00:00,62.4
2025-06-12 02:55:00,70.9
2025-06-12 00:25:00,49.87196987526477
2025-06-12 10:12:00,12.9
2025-06-12 06:24:00,77.0
2025-06-12 10:25:00,49.3
2025-06-12 00:36:00,49.87196987526477
2025-06-12 10:55:00,29.6
2025-06-12 16:41:00,48.3
2025-06-12 08:47:00,15.5
2025-06-12 15:07:00,39.7
2025-06-12 03:11:00,49.87196987526477
2025-06-12 07:33:00,16.5
2025-06-12 05:49:00,22.3
2025-06-12 21:32:00,55.6
2025-06-12 01:19:00,45.4
2025-06-12 21:42:00,49.87196987526477
2025-06-12 04:05:00,69.8
2025-06-12 03:35:00,34.3
2025-06-12 13:46:00,1.7
2025-06-12 02:01:00,96.1
2025-06-12 00:46:00,7.9
2025-06-12 18:09:00,61.1
2025-06-12 15:35:00,61.0
2025-06-12 11:00:00,73.5
2025-06-12 23:28:00,1.4
2025-06-12 16:13:00,12.5
2025-06-12 15:57:00,96.7
2025-06-12 11:01:00,85.4
2025-06-12 17:50:00,79.9
2025-06-12 20:47:00,5.8
2025-06-12 20:17:00,84.3
2025-06-12 16:24:00,49.87196987526477
2025-06-12 14:31:00,82.7
2025-06-12 02:17:00,18.8
2025-06-12 18:39:00,77.5
2025-06-12 07:43:00,8.9
2025-06-12 12:57:00,23.1
2025-06-12 09:38:00,81.6
2025-06-12 08:05:00,99.3
2025-06-12 14:15:00,18.8
2025-06-12 08:00:00,49.87196987526477
2025-06-12 15:38:00,49.87196987526477
2025-06-12 13:47:00,75.0
2025-06-12 22:31:00,49.87196987526477
2025-06-12 14:56:00,72.6
2025-06-12 18:03:00,76.9
2025-06-12 21:33:00,97.4
2025-06-12 17:49:00,37.4
2025-06-12 10:39:00,65.8
2025-06-12 22:14:00,2.6
2025-06-12 02:46:00,49.87196987526477
2025-06-12 00:09:00,10.9
2025-06-12 08:03:00,49.87196987526477
2025-06-12 19:06:00,97.8
2025-06-12 14:42:00,1.3
2025-06-12 09:46:00,46.3
2025-06-12 16:38:00,67.2
2025-06-12 15:24:00,15.0
2025-06-12 07:45:00,36.2
2025-06-12 17:10:00,30.6
2025-06-12 11:59:00,62.0
2025-06-12 04:41:00,22.9
2025-06-12 07:36:00,49.87196987526477
2025-06-12 15:08:00,51.0
2025-06-12 20:09:00,61.8
2025-06-12 03:43:00,29.5
2025-06-12 23:23:00,56.4
2025-06-12 08:24:00,74.9
2025-06-12 16:23:00,58.8
2025-06-12 23:21:00,49.87196987526477
2025-06-12 11:52:00,81.6
2025-06-12 07:28:00,21.9
2025-06-12 20:23:00,66.9
2025-06-12 21:26:00,91.0
2025-06-12 19:11:00,4.5
2025-06-12 01:42:00,49.87196987526477
2025-06-12 08:34:00,49.87196987526477
2025-06-12 20:38:00,81.9
2025-06-12 09:37:00,70.9
2025-06-12 02:48:00,54.5
2025-06-12 22:36:00,49.87196987526477
2025-06-12 12:26:00,40.7
2025-06-12 19:32:00,49.87196987526477
2025-06-12 05:47:00,72.7
2025-06-12 10:45:00,49.87196987526477
2025-06-12 22:26:00,59.0
2025-06-12 15:25:00,27.9
2025-06-12 01:55:00,29.7
2025-06-12 02:35:00,14.6
2025-06-12 14:10:00,1.8
2025-06-12 10:27:00,49.87196987526477
2025-06-12 16:38:00,49.87196987526477
2025-06-12 13:55:00,51.2
2025-06-12 16:22:00,13.7
2025-06-12 22:38:00,49.87196987526477
2025-06-12 14:35:00,44.0
2025-06-12 17:45:00,79.4
2025-06-12 20:24:00,81.2
2025-06-12 01:06:00,90.6
2025-06-12 19:45:00,49.87196987526477
2025-06-12 02:17:00,49.87196987526477
2025-06-12 08:56:00,54.1
2025-06-12 13:00:00,95.0
2025-06-12 11:52:00,50.0
2025-06-12 03:37:00,66.7
2025-06-12 13:46:00,83.8
2025-06-12 00:09:00,4.4
2025-06-12 03:23:00,35.6
2025-06-12 20:00:00,9.5
2025-06-12 09:26:00,51.0
2025-06-12 04:42:00,49.87196987526477
2025-06-12 09:18:00,35.3
2025-06-12 07:27:00,49.87196987526477
2025-06-12 22:53:00,36.6
2025-06-12 20:47:00,87.9
2025-06-12 02:39:00,49.87196987526477
2025-06-12 10:07:00,77.4
2025-06-12 19:48:00,16.2
2025-06-12 00:27:00,75.7
2025-06-12 03:47:00,49.87196987526477
2025-06-12 04:26:00,2.3
2025-06-12 03:20:00,77.0
2025-06-12 06:12:00,17.6
2025-06-12 13:37:00,66.2
2025-06-12 02:44:00,5.5
2025-06-12 02:46:00,49.87196987526477
2025-06-12 19:30:00,93.7
2025-06-12 16:10:00,49.87196987526477
2025-06-12 16:51:00,37.5
2025-06-12 10:48:00,45.7
2025-06-12 17:27:00,49.87196987526477
2025-06-12 01:26:00,22.7
2025-06-12 12:00:00,66.7
2025-06-12 12:21:00,14.5
2025-06-12 12:30:00,66.6
2025-06-12 04:17:00,45.5
2025-06-12 02:55:00,49.87196987526477
2025-06-12 09:32:00,39.0
2025-06-12 10:56:00,45.5
2025-06-12 16:37:00,10.0
2025-06-12 04:11:00,59.3
2025-06-12 01:54:00,99.9
2025-06-12 04:57:00,30.3
2025-06-12 19:22:00,78.4
2025-06-12 16:55:00,89.2
2025-06-12 03:10:00,37.9
2025-06-12 11:37:00,93.4
2025-06-12 04:08:00,84.7
2025-06-12 03:41:00,85.1
2025-06-12 06:38:00,30.2
2025-06-12 09:21:00,16.5
2025-06-12 04:38:00,49.87196987526477
2025-06-12 21:13:00,26.9
2025-06-12 18:22:00,94.9
2025-06-12 06:08:00,64.1
2025-06-12 13:56:00,49.87196987526477
2025-06-12 00:01:00,49.87196987526477
2025-06-12 10:43:00,41.7
2025-06-12 15:32:00,26.9
2025-06-12 04:54:00,49.87196987526477
2025-06-12 23:10:00,87.8
2025-06-12 09:34:00,87.5
2025-06-12 20:37:00,95.2
2025-06-12 06:04:00,49.87196987526477
2025-06-12 16:04:00,87.3
2025-06-12 07:24:00,45.7
2025-06-12 03:25:00,91.8
2025-06-12 01:21:00,49.87196987526477
2025-06-12 19:20:00,49.87196987526477
2025-06-12 16:59:00,45.7
2025-06-12 10:47:00,56.7
2025-06-12 01:37:00,49.87196987526477
2025-06-12 03:20:00,76.7
2025-06-12 17:38:00,49.87196987526477
2025-06-12 06:15:00,33.0
2025-06-12 14:22:00,0.6
2025-06-12 19:55:00,78.6
2025-06-12 22:10:00,60.5
2025-06-12 01:09:00,0.8
2025-06-12 19:42:00,14.5
2025-06-12 20:31:00,25.3
2025-06-12 23:04:00,79.7
2025-06-12 10:43:00,63.2
2025-06-12 09:41:00,83.7
2025-06-12 20:46:00,75.0
2025-06-12 22:17:00,62.2
2025-06-12 08:53:00,33.1
2025-06-12 20:22:00,40.5
2025-06-12 16:00:00,75.3
2025-06-12 12:49:00,49.87196987526477
2025-06-12 03:01:00,49.87196987526477
2025-06-12 12:39:00,44.0
2025-06-12 06:33:00,95.5
2025-06-12 16:56:00,26.5
2025-06-12 04:28:00,49.87196987526477
2025-06-12 01:28:00,8.1
2025-06-12 04:11:00,74.5
2025-06-12 19:04:00,49.87196987526477
2025-06-12 08:04:00,37.2
2025-06-12 05:32:00,47.7
2025-06-12 03:41:00,70.1
2025-06-12 00:10:00,69.6
2025-06-12 18:52:00,49.87196987526477
2025-06-12 17:02:00,17.6
2025-06-12 16:01:00,49.87196987526477
2025-06-12 14:43:00,79.3
2025-06-12 00:33:00,57.7
2025-06-12 12:45:00,11.8
2025-06-12 14:04:00,75.7
2025-06-12 20:53:00,34.3
2025-06-12 12:59:00,97.6
2025-06-12 18:41:00,10.3
2025-06-12 03:23:00,49.87196987526477
2025-06-12 09:38:00,74.6
2025-06-12 20:00:00,65.8
2025-06-12 07:36:00,18.2
2025-06-12 13:49:00,16.1
2025-06-12 22:43:00,13.9
2025-06-12 15:15:00,49.87196987526477
2025-06-12 02:28:00,99.4
2025-06-12 21:18:00,97.3
2025-06-12 19:11:00,100.0
2025-06-12 10:02:00,49.87196987526477
2025-06-12 09:23:00,42.7
2025-06-12 06:15:00,84.3
2025-06-12 11:33:00,41.0
2025-06-12 19:10:00,90.2
2025-06-12 20:21:00,94.2
2025-06-12 18:57:00,33.5
2025-06-12 07:10:00,63.5
2025-06-12 12:42:00,12.8
2025-06-12 04:40:00,49.87196987526477
2025-06-12 11:23:00,42.6
2025-06-12 13:07:00,17.9
2025-06-12 01:55:00,94.2
2025-06-12 12:20:00,85.1
2025-06-12 19:58:00,50.6
2025-06-12 14:42:00,92.7
2025-06-12 10:23:00,57.2
2025-06-12 20:36:00,83.8
2025-06-12 09:15:00,93.1
2025-06-12 10:39:00,18.9
2025-06-12 10:46:00,70.5
2025-06-12 10:59:00,37.7
2025-06-12 06:36:00,17.1
2025-06-12 23:09:00,0.8
2025-06-12 15:38:00,38.4
2025-06-12 22:09:00,70.8
2025-06-12 04:49:00,16.2
2025-06-12 20:28:00,33.0
2025-06-12 20:19:00,30.2
2025-06-12 14:12:00,68.3
2025-06-12 16:43:00,72.0
2025-06-12 11:21:00,77.8
2025-06-12 10:40:00,65.0
2025-06-12 04:43:00,48.7
2025-06-12 08:35:00,29.5
2025-06-12 19:20:00,29.8
2025-06-12 18:14:00,40.1
2025-06-12 01:39:00,68.8
2025-06-12 08:57:00,56.5
2025-06-12 22:03:00,49.87196987526477
2025-06-12 19:21:00,69.3
2025-06-12 14:06:00,63.4
2025-06-12 00:45:00,49.87196987526477
2025-06-12 02:29:00,10.1
2025-06-12 15:41:00,97.7
2025-06-12 15:14:00,26.4
2025-06-12 13:24:00,87.7
2025-06-12 06:55:00,30.0
2025-06-12 14:00:00,5.8
2025-06-12 16:42:00,70.4
2025-06-12 15:28:00,73.8
2025-06-12 01:26:00,60.5
2025-06-12 00:21:00,49.87196987526477
2025-06-12 08:53:00,94.7
2025-06-12 17:41:00,49.87196987526477
2025-06-12 13:55:00,68.5
2025-06-12 12:07:00,23.8
2025-06-12 05:25:00,37.4
2025-06-12 01:15:00,14.0
2025-06-12 05:42:00,2.1
2025-06-12 00:05:00,82.7
2025-06-12 17:19:00,42.0
2025-06-12 21:25:00,51.4
2025-06-12 20:49:00,98.7
2025-06-12 10:14:00,89.0
2025-06-12 02:28:00,62.0
2025-06-12 14:39:00,12.2
2025-06-12 21:37:00,53.5
2025-06-12 13:36:00,23.4
2025-06-12 21:40:00,8.0
2025-06-12 17:49:00,49.87196987526477
2025-06-12 18:39:00,87.6
2025-06-12 06:14:00,49.87196987526477
2025-06-12 11:30:00,49.87196987526477
2025-06-12 15:47:00,36.8
2025-06-12 10:37:00,38.0
2025-06-12 11:41:00,64.8
2025-06-12 11:04:00,70.1
2025-06-12 03:19:00,49.93628109892701
2025-06-12 09:22:00,98.7
2025-06-12 09:00:00,49.93628109892701
2025-06-12 23:34:00,30.0
2025-06-12 13:11:00,2.7
2025-06-12 13:46:00,49.93628109892701
2025-06-12 08:40:00,3.5
2025-06-12 14:13:00,93.1
2025-06-12 18:28:00,17.6
2025-06-12 11:39:00,18.9
2025-06-12 00:51:00,49.93628109892701
2025-06-12 14:40:00,13.3
2025-06-12 03:32:00,49.93628109892701
2025-06-12 16:59:00,49.93628109892701
2025-06-12 18:21:00,0.8
2025-06-12 23:12:00,19.7
2025-06-12 17:35:00,93.8
2025-06-12 00:53:00,49.93628109892701
2025-06-12 16:46:00,77.7
2025-06-12 10:32:00,13.0
2025-06-12 05:53:00,74.1
2025-06-12 14:03:00,33.5
2025-06-12 09:57:00,73.5
2025-06-12 22:52:00,49.93628109892701
2025-06-12 18:10:00,92.0
2025-06-12 07:06:00,61.1
2025-06-12 22:22:00,17.5
2025-06-12 08:33:00,5.3
2025-06-12 14:42:00,41.1
2025-06-12 07:12:00,96.2
2025-06-12 12:44:00,56.8
2025-06-12 14:29:00,1.6
2025-06-12 06:31:00,30.3
2025-06-12 17:00:00,0.2
2025-06-12 08:48:00,49.93628109892701
2025-06-12 23:31:00,76.9
2025-06-12 15:53:00,89.7
2025-06-12 16:27:00,30.6
2025-06-12 01:53:00,58.3
2025-06-12 08:57:00,27.2
2025-06-12 12:03:00,49.93628109892701
2025-06-12 23:26:00,39.1
2025-06-12 17:57:00,25.4
2025-06-12 05:23:00,63.5
2025-06-12 03:50:00,40.9
2025-06-12 03:02:00,61.6
2025-06-12 18:14:00,48.9
2025-06-12 00:26:00,92.2
2025-06-12 13:11:00,81.1
2025-06-12 14:37:00,91.7
2025-06-12 15:08:00,49.0
2025-06-12 17:45:00,49.93628109892701
2025-06-12 16:18:00,65.0
2025-06-12 16:28:00,29.9
2025-06-12 05:50:00,49.93628109892701
2025-06-12 07:18:00,49.93628109892701
2025-06-12 16:32:00,19.4
2025-06-12 03:37:00,66.7
2025-06-12 01:12:00,24.9
2025-06-12 03:14:00,49.93628109892701
2025-06-12 07:23:00,10.1
2025-06-12 06:33:00,13.1
2025-06-12 21:33:00,68.5
2025-06-12 04:55:00,39.0
2025-06-12 17:01:00,76.7
2025-06-12 10:43:00,49.93628109892701
2025-06-12 04:29:00,80.4
2025-06-12 19:19:00,79.8
2025-06-12 12:06:00,49.93628109892701
2025-06-12 06:36:00,5.8
2025-06-12 12:37:00,55.1
2025-06-12 10:20:00,59.0
2025-06-12 06:24:00,38.1
2025-06-12 00:46:00,68.0
2025-06-12 02:57:00,49.93628109892701
2025-06-12 08:15:00,4.8
2025-06-12 05:24:00,49.93628109892701
2025-06-12 08:03:00,52.7
2025-06-12 03:06:00,66.4
2025-06-12 10:08:00,82.7
2025-06-12 17:38:00,25.1
2025-06-12 01:29:00,82.6
2025-06-12 22:52:00,74.3
2025-06-12 22:29:00,49.93628109892701
2025-06-12 22:54:00,96.0
2025-06-12 14:09:00,11.0
2025-06-12 16:22:00,65.2
2025-06-12 16:20:00,49.93628109892701
2025-06-12 15:41:00,1.6
2025-06-12 16:10:00,19.0
2025-06-12 07:19:00,75.9
2025-06-12 11:54:00,59.8
2025-06-12 14:54:00,26.1
2025-06-12 03:38:00,64.0
2025-06-12 14:52:00,54.3
2025-06-12 04:26:00,49.93628109892701
2025-06-12 13:35:00,49.93628109892701
2025-06-12 03:40:00,30.5
2025-06-12 06:59:00,55.8
2025-06-12 13:49:00,68.0
2025-06-12 18:06:00,53.6
2025-06-12 06:03:00,89.4
2025-06-12 08:57:00,29.4
2025-06-12 10:11:00,34.9
2025-06-12 20:28:00,41.6
2025-06-12 08:13:00,9.3
2025-06-12 22:38:00,90.1
2025-06-12 20:56:00,7.8
2025-06-12 22:53:00,5.7
2025-06-12 07:37:00,68.4
2025-06-12 19:10:00,84.8
2025-06-12 08:21:00,47.6
2025-06-12 05:49:00,49.93628109892701
2025-06-12 03:48:00,49.93628109892701
2025-06-12 16:24:00,28.7
2025-06-12 12:40:00,8.8
2025-06-12 13:47:00,91.2
2025-06-12 04:57:00,51.5
2025-06-12 05:24:00,52.1
2025-06-12 23:16:00,69.4
2025-06-12 01:52:00,28.0
2025-06-12 20:44:00,65.9
2025-06-12 02:25:00,69.9
2025-06-12 16:58:00,98.8
2025-06-12 12:34:00,49.93628109892701
2025-06-12 21:26:00,8.4
2025-06-12 06:33:00,12.9
2025-06-12 22:44:00,38.6
2025-06-12 09:20:00,49.93628109892701
2025-06-12 23:35:00,51.5
2025-06-12 13:20:00,97.1
2025-06-12 09:30:00,70.9
2025-06-12 09:35:00,49.93628109892701
2025-06-12 15:54:00,88.0
2025-06-12 00:08:00,40.6
2025-06-12 02:49:00,48.4
2025-06-12 02:17:00,28.1
2025-06-12 16:05:00,1.8
2025-06-12 18:18:00,49.93628109892701
2025-06-12 02:09:00,25.8
2025-06-12 19:31:00,49.93628109892701
2025-06-12 17:01:00,49.93628109892701
2025-06-12 19:52:00,49.93628109892701
2025-06-12 20:56:00,3.4
2025-06-12 12:19:00,49.93628109892701
2025-06-12 18:09:00,0.9
2025-06-12 16:50:00,75.8
2025-06-12 14:43:00,49.93628109892701
2025-06-12 16:54:00,5.6
2025-06-12 12:17:00,49.93628109892701
2025-06-12 11:37:00,24.0
2025-06-12 00:59:00,10.4
2025-06-12 08:21:00,35.3
2025-06-12 12:50:00,14.5
2025-06-12 00:37:00,42.9
2025-06-12 21:49:00,24.1
2025-06-12 06:10:00,84.7
2025-06-12 08:44:00,81.9
2025-06-12 05:03:00,49.93628109892701
2025-06-12 23:59:00,35.5
2025-06-12 08:54:00,35.6
2025-06-12 22:26:00,50.9
2025-06-12 20:23:00,75.1
2025-06-12 01:56:00,84.0
2025-06-12 20:12:00,84.5
2025-06-12 05:44:00,77.1
2025-06-12 19:43:00,13.6
2025-06-12 13:10:00,89.9
2025-06-12 11:15:00,54.1
2025-06-12 10:06:00,5.2
2025-06-12 14:59:00,34.7
2025-06-12 01:31:00,82.4
2025-06-12 01:17:00,49.93628109892701
2025-06-12 09:31:00,59.9
2025-06-12 19:48:00,95.1
2025-06-12 23:07:00,44.9
2025-06-12 14:21:00,76.0
2025-06-12 10:03:00,90.1
2025-06-12 18:32:00,49.93628109892701
2025-06-12 05:21:00,56.4
2025-06-12 09:18:00,49.93628109892701
2025-06-12 02:18:00,82.7
2025-06-12 16:18:00,12.2
2025-06-12 07:47:00,49.93628109892701
2025-06-12 04:57:00,49.93628109892701
2025-06-12 03:40:00,25.7
2025-06-12 18:01:00,33.6
2025-06-12 07:22:00,3.5
2025-06-12 19:55:00,59.6
2025-06-12 22:14:00,49.93628109892701
2025-06-12 20:36:00,16.5
2025-06-12 19:10:00,6.0
2025-06-12 16:46:00,31.9
2025-06-12 00:01:00,47.2
2025-06-12 17:33:00,50.2
2025-06-12 20:31:00,62.9
2025-06-12 18:50:00,54.1
2025-06-12 00:48:00,3.3
2025-06-12 09:18:00,98.6
2025-06-12 03:37:00,92.3
2025-06-12 05:07:00,1.8
2025-06-12 11:49:00,92.0
2025-06-12 15:16:00,49.93628109892701
2025-06-12 07:27:00,53.5
2025-06-12 16:53:00,74.0
2025-06-12 14:10:00,30.8
2025-06-12 22:13:00,9.3
2025-06-12 14:47:00,92.0
2025-06-12 03:27:00,32.3
2025-06-12 04:33:00,45.1
2025-06-12 02:10:00,49.2
2025-06-12 09:56:00,21.7
2025-06-12 11:09:00,74.1
2025-06-12 21:35:00,49.93628109892701
2025-06-12 11:25:00,12.8
2025-06-12 01:18:00,37.7
2025-06-12 00:35:00,43.2
2025-06-12 16:21:00,47.2
2025-06-12 05:53:00,42.1
2025-06-12 00:08:00,5.6
2025-06-12 19:28:00,49.93628109892701
2025-06-12 01:10:00,0.5
2025-06-12 13:26:00,78.2
2025-06-12 17:14:00,84.9
2025-06-12 16:17:00,45.5
2025-06-12 05:38:00,27.4
2025-06-12 09:56:00,12.4
2025-06-12 02:34:00,82.6
2025-06-12 12:59:00,23.9
2025-06-12 14:58:00,37.2
2025-06-12 11:00:00,40.2
2025-06-12 04:07:00,46.1
2025-06-12 01:17:00,93.8
2025-06-12 12:32:00,4.9
2025-06-12 03:08:00,2.3
2025-06-12 15:59:00,8.6
2025-06-12 20:28:00,49.93628109892701
2025-06-12 01:28:00,84.4
2025-06-12 16:13:00,49.93628109892701
2025-06-12 01:08:00,49.93628109892701
2025-06-12 07:17:00,49.93628109892701
2025-06-12 15:52:00,5.6
2025-06-12 03:36:00,18.2
2025-06-12 19:47:00,60.7
2025-06-12 02:07:00,66.3
2025-06-12 23:08:00,40.6
2025-06-12 21:02:00,49.93628109892701
2025-06-12 13:15:00,75.3
2025-06-12 22:54:00,25.1
2025-06-12 13:22:00,70.4
2025-06-12 16:45:00,6.8
2025-06-12 18:39:00,41.5
2025-06-12 13:52:00,60.8
2025-06-12 01:40:00,15.4
2025-06-12 01:58:00,49.93628109892701
2025-06-12 23:07:00,57.1
2025-06-12 16:58:00,94.1
2025-06-12 15:26:00,14.6
2025-06-12 03:17:00,81.2
2025-06-12 23:05:00,10.1
2025-06-12 17:35:00,71.5
2025-06-12 01:11:00,27.0
2025-06-12 15:06:00,42.4
2025-06-12 09:09:00,51.2
2025-06-12 05:03:00,57.0
2025-06-12 21:16:00,44.1
2025-06-12 13:30:00,97.8
2025-06-12 14:51:00,58.7
2025-06-12 03:19:00,11.8
2025-06-12 10:54:00,37.4
2025-06-12 16:44:00,49.93628109892701
2025-06-12 04:21:00,74.9
2025-06-12 07:43:00,98.0
2025-06-12 09:04:00,68.9
2025-06-12 12:50:00,38.3
2025-06-12 20:48:00,49.7
2025-06-12 23:33:00,81.4
2025-06-12 05:05:00,18.3
2025-06-12 08:19:00,42.1
2025-06-12 09:58:00,59.1
2025-06-12 08:20:00,6.2
2025-06-12 13:51:00,53.0
2025-06-12 01:25:00,30.7
2025-06-12 13:42:00,48.8
2025-06-12 18:28:00,36.4
2025-06-12 22:12:00,7.9
2025-06-12 10:11:00,1.7
2025-06-12 13:29:00,95.4
2025-06-12 21:20:00,15.1
2025-06-12 07:44:00,66.7
2025-06-12 09:41:00,31.2
2025-06-12 23:54:00,11.8
2025-06-12 21:32:00,32.3
2025-06-12 02:42:00,49.93628109892701
2025-06-12 08:44:00,79.3
2025-06-12 06:18:00,17.0
2025-06-12 08:09:00,92.5
2025-06-12 00:42:00,49.93628109892701
2025-06-12 03:29:00,79.8
2025-06-12 05:35:00,49.93628109892701
2025-06-12 23:38:00,91.8
2025-06-12 23:26:00,3.7
2025-06-12 09:52:00,45.3
2025-06-12 07:07:00,15.9
2025-06-12 01:23:00,55.6
2025-06-12 23:33:00,49.93628109892701
2025-06-12 09:00:00,6.7
2025-06-12 02:52:00,22.8
2025-06-12 22:05:00,55.0
2025-06-12 02:20:00,89.1
2025-06-12 01:41:00,28.3
2025-06-12 04:14:00,49.93628109892701
2025-06-12 12:22:00,84.9
2025-06-12 08:43:00,72.3
2025-06-12 20:02:00,78.1
2025-06-12 09:09:00,45.0
2025-06-12 18:12:00,49.93628109892701
2025-06-12 05:42:00,62.7
2025-06-12 11:06:00,59.1
2025-06-12 21:35:00,38.2
2025-06-12 00:41:00,82.4
2025-06-12 22:54:00,13.2
2025-06-12 15:21:00,30.4
2025-06-12 18:33:00,28.2
2025-06-12 06:08:00,5.7
2025-06-12 05:48:00,88.0
2025-06-12 16:54:00,49.93628109892701
2025-06-12 06:16:00,49.797736698660984
2025-06-12 20:48:00,8.4
2025-06-12 10:46:00,49.797736698660984
2025-06-12 01:04:00,59.8
2025-06-12 17:19:00,47.2
2025-06-12 23:53:00,25.0
2025-06-12 07:38:00,49.797736698660984
2025-06-12 02:32:00,49.797736698660984
2025-06-12 03:40:00,16.6
2025-06-12 15:38:00,5.0
2025-06-12 00:44:00,92.8
2025-06-12 18:03:00,98.1
2025-06-12 14:34:00,49.797736698660984
2025-06-12 04:05:00,70.6
2025-06-12 10:16:00,64.9
2025-06-12 06:38:00,94.9
2025-06-12 21:03:00,60.5
2025-06-12 11:10:00,33.1
2025-06-12 10:09:00,64.6
2025-06-12 11:52:00,10.1
2025-06-12 21:51:00,49.4
2025-06-12 15:37:00,19.1
2025-06-12 17:51:00,54.7
2025-06-12 10:11:00,79.7
2025-06-12 22:11:00,1.3
2025-06-12 10:15:00,46.5
2025-06-12 09:17:00,66.6
2025-06-12 00:06:00,92.3
2025-06-12 09:24:00,8.0
2025-06-12 03:34:00,43.4
2025-06-12 20:47:00,46.8
2025-06-12 06:20:00,91.7
2025-06-12 19:11:00,65.9
2025-06-12 02:05:00,80.8
2025-06-12 10:07:00,59.4
2025-06-12 02:10:00,93.9
2025-06-12 09:25:00,70.5
2025-06-12 09:52:00,63.2
2025-06-12 22:49:00,63.6
2025-06-12 10:53:00,68.3
2025-06-12 06:34:00,87.6
2025-06-12 08:41:00,39.6
2025-06-12 05:19:00,15.6
2025-06-12 10:39:00,49.797736698660984
2025-06-12 23:48:00,33.7
2025-06-12 08:23:00,35.8
2025-06-12 02:02:00,66.8
2025-06-12 07:57:00,55.8
2025-06-12 16:03:00,39.1
2025-06-12 09:33:00,92.7
2025-06-12 06:01:00,0.4
2025-06-12 08:46:00,95.2
2025-06-12 16:09:00,22.0
2025-06-12 05:48:00,38.1
2025-06-12 12:16:00,37.5
2025-06-12 04:28:00,49.797736698660984
2025-06-12 23:49:00,68.3
2025-06-12 00:54:00,49.797736698660984
2025-06-12 16:45:00,6.0
2025-06-12 23:27:00,24.3
2025-06-12 00:25:00,62.7
2025-06-12 00:43:00,73.5
2025-06-12 10:21:00,92.3
2025-06-12 07:24:00,4.6
2025-06-12 00:09:00,60.0
2025-06-12 20:42:00,66.1
2025-06-12 16:58:00,78.9
2025-06-12 13:50:00,5.2
2025-06-12 04:03:00,70.8
2025-06-12 14:50:00,51.9
2025-06-12 18:14:00,72.0
2025-06-12 09:17:00,12.9
2025-06-12 16:29:00,20.1
2025-06-12 06:25:00,31.7
2025-06-12 02:57:00,56.3
2025-06-12 22:21:00,49.797736698660984
2025-06-12 19:52:00,20.3
2025-06-12 03:27:00,37.4
2025-06-12 11:24:00,82.8
2025-06-12 12:16:00,85.1
2025-06-12 14:22:00,43.0
2025-06-12 11:35:00,93.9
2025-06-12 08:19:00,98.8
2025-06-12 15:41:00,49.797736698660984
2025-06-12 14:55:00,2.1
2025-06-12 11:13:00,54.1
2025-06-12 11:51:00,71.1
2025-06-12 21:38:00,9.5
2025-06-12 11:59:00,7.8
2025-06-12 12:11:00,36.8
2025-06-12 10:27:00,99.2
2025-06-12 08:29:00,15.3
2025-06-12 07:40:00,87.2
2025-06-12 07:51:00,49.797736698660984
2025-06-12 12:51:00,25.4
2025-06-12 04:47:00,68.6
2025-06-12 20:15:00,56.6
2025-06-12 03:07:00,53.2
2025-06-12 17:55:00,18.5
2025-06-12 21:27:00,32.8
2025-06-12 18:08:00,49.797736698660984
2025-06-12 03:53:00,49.797736698660984
2025-06-12 21:23:00,71.8
2025-06-12 10:18:00,61.8
2025-06-12 08:17:00,56.2
2025-06-12 07:42:00,49.797736698660984
2025-06-12 09:51:00,0.1
2025-06-12 10:28:00,47.7
2025-06-12 02:13:00,99.8
2025-06-12 04:04:00,85.0
2025-06-12 01:52:00,65.7
2025-06-12 12:48:00,31.4
2025-06-12 11:13:00,82.5
2025-06-12 00:08:00,49.797736698660984
2025-06-12 12:24:00,66.1
2025-06-12 21:19:00,82.2
2025-06-12 21:58:00,7.1
2025-06-12 21:11:00,22.0
2025-06-12 18:21:00,83.5
2025-06-12 13:42:00,49.797736698660984
2025-06-12 01:10:00,97.8
2025-06-12 04:11:00,73.5
2025-06-12 16:49:00,64.4
2025-06-12 20:25:00,47.1
2025-06-12 09:31:00,94.7
2025-06-12 01:19:00,27.2
2025-06-12 08:45:00,86.1
2025-06-12 23:33:00,96.7
2025-06-12 00:20:00,34.9
2025-06-12 07:14:00,42.9
2025-06-12 12:57:00,14.9
2025-06-12 18:35:00,52.6
2025-06-12 02:37:00,17.5
2025-06-12 16:54:00,5.9
2025-06-12 03:44:00,21.6
2025-06-12 04:45:00,12.6
2025-06-12 15:54:00,41.0
2025-06-12 10:11:00,66.7
2025-06-12 17:26:00,59.5
2025-06-12 06:31:00,77.7
2025-06-12 20:43:00,50.9
2025-06-12 09:17:00,16.8
2025-06-12 13:05:00,6.6
2025-06-12 02:45:00,76.3
2025-06-12 09:32:00,41.2
2025-06-12 06:04:00,49.797736698660984
2025-06-12 21:49:00,61.0
2025-06-12 02:13:00,49.797736698660984
2025-06-12 01:12:00,62.7
2025-06-12 15:27:00,32.8
2025-06-12 01:01:00,86.2
2025-06-12 14:58:00,61.7
2025-06-12 04:11:00,28.2
2025-06-12 00:19:00,71.2
2025-06-12 14:37:00,76.1
2025-06-12 11:15:00,49.797736698660984
2025-06-12 04:32:00,78.1
2025-06-12 19:50:00,49.797736698660984
2025-06-12 06:45:00,2.2
2025-06-12 14:57:00,20.4
2025-06-12 00:15:00,50.8
2025-06-12 13:03:00,2.9
2025-06-12 07:48:00,86.6
2025-06-12 20:00:00,49.1
2025-06-12 01:18:00,14.2
2025-06-12 14:09:00,36.0
2025-06-12 10:58:00,71.9
2025-06-12 19:03:00,72.1
2025-06-12 19:30:00,35.8
2025-06-12 22:53:00,49.797736698660984
2025-06-12 23:48:00,23.5
2025-06-12 07:59:00,42.1
2025-06-12 13:11:00,30.9
2025-06-12 07:48:00,67.0
2025-06-12 17:13:00,49.797736698660984
2025-06-12 07:31:00,88.3
2025-06-12 01:59:00,94.7
2025-06-12 19:31:00,49.797736698660984
2025-06-12 06:15:00,49.797736698660984
2025-06-12 11:47:00,71.6
2025-06-12 14:03:00,2.9
2025-06-12 21:34:00,34.5
2025-06-12 00:49:00,58.2
2025-06-12 20:41:00,37.1
2025-06-12 11:24:00,31.6
2025-06-12 02:25:00,23.6
2025-06-12 07:50:00,18.7
2025-06-12 14:37:00,58.0
2025-06-12 23:59:00,49.797736698660984
2025-06-12 04:03:00,74.8
2025-06-12 20:41:00,3.5
2025-06-12 19:05:00,49.797736698660984
2025-06-12 07:43:00,49.797736698660984
2025-06-12 01:41:00,49.797736698660984
2025-06-12 02:45:00,9.6
2025-06-12 03:46:00,86.3
2025-06-12 10:30:00,49.797736698660984
2025-06-12 12:01:00,35.1
2025-06-12 21:47:00,52.5
2025-06-12 00:03:00,99.0
2025-06-12 00:30:00,80.2
2025-06-12 23:58:00,37.0
2025-06-12 14:50:00,21.3
2025-06-12 06:20:00,49.797736698660984
2025-06-12 08:28:00,35.8
2025-06-12 18:07:00,49.797736698660984
2025-06-12 07:53:00,49.797736698660984
2025-06-12 03:44:00,64.7
2025-06-12 11:08:00,31.6
2025-06-12 11:26:00,81.4
2025-06-12 03:04:00,60.8
2025-06-12 22:35:00,65.9
2025-06-12 17:25:00,25.3
2025-06-12 18:48:00,1.6
2025-06-12 06:43:00,49.797736698660984
2025-06-12 00:34:00,49.797736698660984
2025-06-12 00:35:00,96.0
2025-06-12 13:30:00,1.2
2025-06-12 00:26:00,87.3
2025-06-12 00:27:00,23.1
2025-06-12 10:00:00,72.8
2025-06-12 03:40:00,49.797736698660984
2025-06-12 23:13:00,49.797736698660984
2025-06-12 12:28:00,76.0
2025-06-12 08:01:00,37.1
2025-06-12 04:24:00,77.7
2025-06-12 03:30:00,93.2
2025-06-12 21:25:00,49.797736698660984
2025-06-12 09:25:00,7.5
2025-06-12 22:32:00,47.4
2025-06-12 17:47:00,80.2
2025-06-12 19:42:00,59.0
2025-06-12 20:57:00,15.3
2025-06-12 07:48:00,49.797736698660984
2025-06-12 06:45:00,96.1
2025-06-12 23:47:00,49.797736698660984
2025-06-12 12:11:00,54.3
2025-06-12 21:31:00,49.797736698660984
2025-06-12 01:37:00,74.9
2025-06-12 14:46:00,31.1
2025-06-12 07:07:00,35.7
2025-06-12 10:39:00,17.7
2025-06-12 03:28:00,29.7
2025-06-12 17:02:00,29.2
2025-06-12 19:42:00,96.2
2025-06-12 06:58:00,76.8
2025-06-12 14:02:00,51.3
2025-06-12 08:10:00,97.2
2025-06-12 07:14:00,16.5
2025-06-12 08:11:00,58.1
2025-06-12 02:53:00,58.5
2025-06-12 20:29:00,49.797736698660984
2025-06-12 06:36:00,44.2
2025-06-12 22:20:00,10.8
2025-06-12 10:00:00,68.8
2025-06-12 18:26:00,95.1
2025-06-12 05:55:00,49.797736698660984
2025-06-12 21:16:00,31.0
2025-06-12 06:21:00,36.0
2025-06-12 21:52:00,72.8
2025-06-12 19:18:00,14.4
2025-06-12 09:56:00,47.9
2025-06-12 03:07:00,41.6
2025-06-12 04:35:00,61.9
2025-06-12 17:12:00,49.797736698660984
2025-06-12 04:21:00,56.2
2025-06-12 00:02:00,28.0
2025-06-12 12:27:00,93.3
2025-06-12 12:34:00,76.5
2025-06-12 17:55:00,70.0
2025-06-12 13:45:00,45.1
2025-06-12 14:13:00,14.7
2025-06-12 23:05:00,52.5
2025-06-12 16:32:00,32.6
2025-06-12 08:31:00,57.5
2025-06-12 03:18:00,49.797736698660984
2025-06-12 20:19:00,64.3
2025-06-12 21:39:00,1.4
2025-06-12 03:52:00,60.2
2025-06-12 05:37:00,60.5
2025-06-12 06:15:00,49.797736698660984
2025-06-12 16:25:00,42.4
2025-06-12 18:03:00,25.5
2025-06-12 18:11:00,30.1
2025-06-12 22:06:00,31.7
2025-06-12 22:23:00,59.9
2025-06-12 02:47:00,49.797736698660984
2025-06-12 13:58:00,49.797736698660984
2025-06-12 19:23:00,75.9
2025-06-12 03:47:00,17.4
2025-06-12 12:58:00,49.797736698660984
2025-06-12 10:08:00,9.6
2025-06-12 12:33:00,30.5
2025-06-12 21:23:00,76.8
2025-06-12 16:16:00,9.4
2025-06-12 07:01:00,28.4
2025-06-12 03:51:00,6.7
2025-06-12 00:24:00,24.7
2025-06-12 23:18:00,19.4
2025-06-12 17:23:00,49.797736698660984
2025-06-12 10:45:00,57.9
2025-06-12 12:35:00,55.7
2025-06-12 06:23:00,39.6
2025-06-12 09:07:00,42.9
2025-06-12 15:17:00,49.797736698660984
2025-06-12 20:41:00,3.2
2025-06-12 21:34:00,48.0
2025-06-12 01:35:00,91.5
2025-06-12 09:19:00,37.8
2025-06-12 18:55:00,66.3
2025-06-12 00:56:00,79.8
2025-06-12 18:53:00,17.8
2025-06-12 18:39:00,70.6
2025-06-12 20:24:00,94.8
2025-06-12 09:29:00,91.7
2025-06-12 14:10:00,68.3
2025-06-12 20:07:00,49.797736698660984
2025-06-12 21:50:00,92.5
2025-06-12 19:59:00,1.0
2025-06-12 19:45:00,3.1
2025-06-12 17:40:00,49.797736698660984
2025-06-12 10:38:00,61.0
2025-06-12 06:34:00,27.3
2025-06-12 08:13:00,12.6
2025-06-12 06:24:00,74.1
2025-06-12 18:05:00,30.7
2025-06-12 00:28:00,21.1
2025-06-12 17:16:00,41.2
2025-06-12 18:57:00,67.0
2025-06-12 22:40:00,5.8
2025-06-12 13:29:00,27.2
2025-06-12 06:40:00,54.0
2025-06-12 23:58:00,22.1
2025-06-12 09:58:00,90.1
2025-06-12 19:44:00,4.5
2025-06-12 03:22:00,35.5
2025-06-12 03:14:00,17.3
2025-06-12 18:03:00,50.18136565940501
2025-06-12 20:58:00,61.2
2025-06-12 14:47:00,19.4
2025-06-12 14:48:00,50.18136565940501
2025-06-12 11:40:00,53.4
2025-06-12 07:02:00,12.8
2025-06-12 15:09:00,50.18136565940501
2025-06-12 08:47:00,28.3
2025-06-12 05:17:00,18.0
2025-06-12 10:47:00,19.7
2025-06-12 05:38:00,47.1
2025-06-12 14:10:00,33.7
2025-06-12 19:48:00,89.8
2025-06-12 03:57:00,50.18136565940501
2025-06-12 06:47:00,13.0
2025-06-12 06:30:00,23.2
2025-06-12 10:27:00,70.0
2025-06-12 14:02:00,50.18136565940501
2025-06-12 12:04:00,48.3
2025-06-12 17:29:00,49.9
2025-06-12 13:23:00,6.7
2025-06-12 23:33:00,60.4
2025-06-12 00:15:00,50.18136565940501
2025-06-12 12:15:00,96.5
2025-06-12 00:02:00,50.18136565940501
2025-06-12 20:44:00,50.18136565940501
2025-06-12 14:16:00,67.5
2025-06-12 21:25:00,60.0
2025-06-12 23:31:00,35.1
2025-06-12 04:26:00,9.3
2025-06-12 08:09:00,50.18136565940501
2025-06-12 05:21:00,58.8
2025-06-12 14:46:00,14.9
2025-06-12 09:06:00,50.18136565940501
2025-06-12 22:42:00,98.1
2025-06-12 01:29:00,85.4
2025-06-12 16:38:00,99.4
2025-06-12 06:42:00,50.18136565940501
2025-06-12 11:29:00,50.18136565940501
2025-06-12 02:35:00,9.9
2025-06-12 23:53:00,85.9
2025-06-12 09:30:00,14.7
2025-06-12 03:53:00,86.7
2025-06-12 10:00:00,93.9
2025-06-12 15:19:00,4.1
2025-06-12 05:45:00,8.4
2025-06-12 02:09:00,55.3
2025-06-12 20:34:00,9.8
2025-06-12 03:28:00,55.6
2025-06-12 10:47:00,34.0
2025-06-12 06:53:00,44.4
2025-06-12 08:34:00,50.18136565940501
2025-06-12 10:42:00,75.3
2025-06-12 11:16:00,50.18136565940501
2025-06-12 14:03:00,21.8
2025-06-12 20:54:00,50.18136565940501
2025-06-12 14:22:00,30.4
2025-06-12 18:02:00,50.18136565940501
2025-06-12 23:43:00,13.2
2025-06-12 13:46:00,84.7
2025-06-12 16:39:00,89.9
2025-06-12 12:20:00,39.0
2025-06-12 18:57:00,98.6
2025-06-12 20:53:00,36.1
2025-06-12 05:29:00,28.0
2025-06-12 21:20:00,76.0
2025-06-12 12:37:00,42.0
2025-06-12 21:02:00,77.6
2025-06-12 17:12:00,38.9
2025-06-12 07:01:00,84.0
2025-06-12 11:29:00,50.18136565940501
2025-06-12 09:22:00,31.2
2025-06-12 17:22:00,43.7
2025-06-12 04:49:00,73.6
2025-06-12 01:19:00,95.7
2025-06-12 01:33:00,93.0
2025-06-12 09:43:00,69.3
2025-06-12 02:45:00,0.3
2025-06-12 10:56:00,56.8
2025-06-12 20:35:00,50.18136565940501
2025-06-12 21:57:00,13.8
2025-06-12 09:31:00,30.4
2025-06-12 12:13:00,55.7
2025-06-12 03:36:00,50.2
2025-06-12 16:56:00,50.18136565940501
2025-06-12 08:06:00,27.0
2025-06-12 08:50:00,43.2
2025-06-12 12:10:00,5.7
2025-06-12 14:37:00,43.0
2025-06-12 11:08:00,74.4
2025-06-12 03:39:00,52.7
2025-06-12 01:07:00,33.5
2025-06-12 09:20:00,50.18136565940501
2025-06-12 23:56:00,42.9
2025-06-12 02:27:00,99.1
2025-06-12 11:56:00,32.3
2025-06-12 17:04:00,50.18136565940501
2025-06-12 04:21:00,82.0
2025-06-12 14:51:00,86.6
2025-06-12 00:21:00,16.6
2025-06-12 03:27:00,69.4
2025-06-12 06:38:00,53.4
2025-06-12 01:43:00,51.7
2025-06-12 20:16:00,50.18136565940501
2025-06-12 10:17:00,41.2
2025-06-12 00:15:00,62.0
2025-06-12 01:33:00,8.3
2025-06-12 12:16:00,17.1
2025-06-12 04:40:00,50.18136565940501
2025-06-12 18:53:00,80.2
2025-06-12 19:12:00,48.2
2025-06-12 02:23:00,33.2
2025-06-12 04:03:00,59.0
2025-06-12 03:35:00,41.0
2025-06-12 19:48:00,50.18136565940501
2025-06-12 05:03:00,58.7
2025-06-12 02:58:00,46.0
2025-06-12 09:16:00,59.5
2025-06-12 10:07:00,51.8
2025-06-12 05:41:00,43.4
2025-06-12 15:19:00,93.4
2025-06-12 20:09:00,95.3
2025-06-12 02:05:00,3.0
2025-06-12 02:27:00,34.2
2025-06-12 20:51:00,19.4
2025-06-12 05:58:00,50.18136565940501
2025-06-12 16:16:00,50.18136565940501
2025-06-12 05:59:00,77.8
2025-06-12 09:06:00,21.9
2025-06-12 14:11:00,19.8
2025-06-12 16:02:00,89.8
2025-06-12 10:55:00,50.18136565940501
2025-06-12 21:47:00,41.2
2025-06-12 03:43:00,42.0
2025-06-12 11:33:00,50.18136565940501
2025-06-12 16:14:00,50.18136565940501
2025-06-12 06:12:00,15.9
2025-06-12 19:31:00,50.18136565940501
2025-06-12 10:47:00,49.3
2025-06-12 15:51:00,1.4
2025-06-12 15:54:00,18.3
2025-06-12 04:00:00,53.3
2025-06-12 06:09:00,71.6
2025-06-12 21:28:00,10.6
2025-06-12 02:46:00,18.7
2025-06-12 06:44:00,51.7
2025-06-12 17:07:00,51.9
2025-06-12 06:42:00,11.8
2025-06-12 08:16:00,30.5
2025-06-12 06:13:00,42.5
2025-06-12 12:37:00,40.7
2025-06-12 09:53:00,50.18136565940501
2025-06-12 06:51:00,20.5
2025-06-12 11:45:00,50.18136565940501
2025-06-12 21:23:00,52.3
2025-06-12 21:35:00,50.18136565940501
2025-06-12 19:15:00,11.6
2025-06-12 00:49:00,6.8
2025-06-12 21:09:00,9.6
2025-06-12 18:25:00,94.1
2025-06-12 00:40:00,97.6
2025-06-12 18:19:00,41.4
2025-06-12 09:34:00,50.18136565940501
2025-06-12 13:33:00,46.2
2025-06-12 11:07:00,42.3
2025-06-12 09:01:00,2.4
2025-06-12 20:41:00,67.2
2025-06-12 23:25:00,50.18136565940501
2025-06-12 08:58:00,28.3
2025-06-12 08:41:00,92.1
2025-06-12 23:46:00,28.9
2025-06-12 21:44:00,81.7
2025-06-12 16:01:00,20.0
2025-06-12 05:21:00,50.9
2025-06-12 06:21:00,37.9
2025-06-12 18:55:00,50.18136565940501
2025-06-12 06:07:00,64.9
2025-06-12 15:06:00,78.9
2025-06-12 07:59:00,59.8
2025-06-12 09:33:00,54.3
2025-06-12 00:48:00,50.4
2025-06-12 03:35:00,76.9
2025-06-12 07:05:00,32.3
2025-06-12 19:08:00,50.18136565940501
2025-06-12 00:18:00,22.0
2025-06-12 20:08:00,76.6
2025-06-12 19:03:00,89.7
2025-06-12 17:02:00,40.8
2025-06-12 11:18:00,84.5
2025-06-12 15:15:00,98.7
2025-06-12 09:27:00,23.7
2025-06-12 13:42:00,6.2
2025-06-12 13:15:00,48.6
2025-06-12 18:38:00,15.5
2025-06-12 13:42:00,62.6
2025-06-12 19:17:00,50.18136565940501
2025-06-12 11:32:00,95.1
2025-06-12 10:10:00,50.18136565940501
2025-06-12 09:38:00,94.8
2025-06-12 08:52:00,50.18136565940501
2025-06-12 13:41:00,6.5
2025-06-12 09:37:00,26.4
2025-06-12 17:21:00,14.6
2025-06-12 09:44:00,17.8
2025-06-12 16:48:00,35.5
2025-06-12 21:56:00,4.4
2025-06-12 18:35:00,27.7
2025-06-12 18:47:00,75.4
2025-06-12 07:52:00,50.18136565940501
2025-06-12 12:57:00,18.8
2025-06-12 19:46:00,69.5
2025-06-12 11:13:00,11.0
2025-06-12 05:06:00,63.4
2025-06-12 17:27:00,51.9
2025-06-12 19:36:00,12.0
2025-06-12 10:57:00,47.7
2025-06-12 15:26:00,10.1
2025-06-12 15:30:00,23.8
2025-06-12 06:04:00,75.9
2025-06-12 20:30:00,43.4
2025-06-12 18:39:00,22.1
2025-06-12 17:02:00,76.8
2025-06-12 06:01:00,36.9
2025-06-12 16:14:00,12.7
2025-06-12 04:18:00,76.0
2025-06-12 10:26:00,57.3
2025-06-12 03:15:00,60.2
2025-06-12 12:04:00,38.2
2025-06-12 12:19:00,57.1
2025-06-12 16:54:00,14.6
2025-06-12 18:06:00,5.8
2025-06-12 05:33:00,58.9
2025-06-12 21:51:00,83.4
2025-06-12 09:39:00,83.7
2025-06-12 09:37:00,22.5
2025-06-12 06:27:00,57.7
2025-06-12 22:00:00,61.5
2025-06-12 09:51:00,74.7
2025-06-12 12:07:00,4.1
2025-06-12 13:47:00,65.1
2025-06-12 03:37:00,50.18136565940501
2025-06-12 12:56:00,39.5
2025-06-12 17:25:00,63.3
2025-06-12 16:01:00,70.1
2025-06-12 06:27:00,68.0
2025-06-12 22:47:00,65.3
2025-06-12 10:06:00,46.4
2025-06-12 09:31:00,4.1
2025-06-12 14:14:00,70.6
2025-06-12 06:11:00,94.3
2025-06-12 07:30:00,4.4
2025-06-12 14:20:00,61.3
2025-06-12 10:28:00,99.9
2025-06-12 07:23:00,19.8
2025-06-12 23:33:00,94.0
2025-06-12 04:44:00,12.2
2025-06-12 13:54:00,44.9
2025-06-12 06:07:00,84.7
2025-06-12 08:36:00,41.1
2025-06-12 11:32:00,5.0
2025-06-12 20:45:00,30.5
2025-06-12 07:24:00,65.3
2025-06-12 19:18:00,66.4
2025-06-12 14:58:00,26.6
2025-06-12 10:54:00,52.4
2025-06-12 18:19:00,68.5
2025-06-12 21:20:00,12.3
2025-06-12 04:44:00,24.2
2025-06-12 07:21:00,26.8
2025-06-12 02:52:00,54.0
2025-06-12 17:00:00,97.1
2025-06-12 21:14:00,61.0
2025-06-12 21:38:00,75.8
2025-06-12 00:04:00,85.9
2025-06-12 12:54:00,35.5
2025-06-12 18:00:00,16.5
2025-06-12 09:05:00,88.1
2025-06-12 14:49:00,46.6
2025-06-12 03:35:00,54.8
2025-06-12 06:11:00,50.18136565940501
2025-06-12 16:29:00,57.4
2025-06-12 18:01:00,51.2
2025-06-12 06:32:00,21.6
2025-06-12 19:58:00,2.3
2025-06-12 12:05:00,45.6
2025-06-12 01:28:00,94.9
2025-06-12 07:22:00,22.3
2025-06-12 20:20:00,21.1
2025-06-12 17:08:00,81.8
2025-06-12 01:28:00,46.1
2025-06-12 17:01:00,95.8
2025-06-12 05:06:00,12.3
2025-06-12 01:56:00,41.8
2025-06-12 07:02:00,71.2
2025-06-12 23:12:00,11.5
2025-06-12 17:52:00,50.18136565940501
2025-06-12 12:20:00,28.5
2025-06-12 07:26:00,65.3
2025-06-12 11:03:00,96.5
2025-06-12 21:58:00,33.4
2025-06-12 22:45:00,59.4
2025-06-12 11:40:00,53.1
2025-06-12 04:19:00,99.1
2025-06-12 06:56:00,68.4
2025-06-12 17:05:00,94.3
2025-06-12 23:46:00,37.1
2025-06-12 05:51:00,49.7
2025-06-12 04:02:00,20.9
2025-06-12 09:37:00,25.7
2025-06-12 09:33:00,50.18136565940501
2025-06-12 06:19:00,50.18136565940501
2025-06-12 09:57:00,77.7
2025-06-12 05:54:00,72.5
2025-06-12 05:35:00,87.8
2025-06-12 08:16:00,89.1
2025-06-12 10:01:00,84.6
2025-06-12 15:08:00,7.7
2025-06-12 15:02:00,50.18136565940501
2025-06-12 18:32:00,34.0
2025-06-12 19:02:00,44.9
2025-06-12 23:53:00,95.4
2025-06-12 11:24:00,99.1
2025-06-12 04:48:00,49.5
2025-06-12 07:50:00,68.9
2025-06-12 10:44:00,20.6
2025-06-12 14:47:00,75.0
2025-06-12 15:08:00,45.5
2025-06-12 06:12:00,26.6
2025-06-12 23:19:00,99.7
2025-06-12 20:30:00,50.18136565940501
2025-06-12 17:29:00,35.6
2025-06-12 13:47:00,14.7
2025-06-12 01:30:00,93.2
2025-06-12 14:11:00,85.3
2025-06-12 07:02:00,24.7
2025-06-12 18:02:00,49.66792053602915
2025-06-12 17:41:00,39.9
2025-06-12 07:57:00,24.0
2025-06-12 03:56:00,50.5
2025-06-12 18:42:00,3.1
2025-06-12 09:10:00,38.1
2025-06-12 03:58:00,49.66792053602915
2025-06-12 09:52:00,68.7
2025-06-12 04:14:00,41.0
2025-06-12 10:54:00,76.1
2025-06-12 13:23:00,17.3
2025-06-12 14:14:00,15.0
2025-06-12 14:21:00,49.66792053602915
2025-06-12 17:32:00,61.4
2025-06-12 19:12:00,19.1
2025-06-12 23:30:00,44.1
2025-06-12 17:21:00,49.66792053602915
2025-06-12 22:31:00,51.4
2025-06-12 09:09:00,68.6
2025-06-12 17:16:00,16.4
2025-06-12 11:45:00,85.8
2025-06-12 04:45:00,75.9
2025-06-12 18:55:00,15.6
2025-06-12 01:16:00,49.66792053602915
2025-06-12 08:05:00,9.1
2025-06-12 15:24:00,62.8
2025-06-12 06:44:00,55.5
2025-06-12 13:25:00,50.3
2025-06-12 12:42:00,49.66792053602915
2025-06-12 09:00:00,8.6
2025-06-12 15:13:00,49.66792053602915
2025-06-12 00:39:00,44.2
2025-06-12 21:51:00,55.3
2025-06-12 05:04:00,42.4
2025-06-12 15:47:00,49.66792053602915
2025-06-12 20:15:00,44.3
2025-06-12 07:01:00,48.7
2025-06-12 19:40:00,28.4
2025-06-12 19:52:00,36.4
2025-06-12 08:20:00,11.4
2025-06-12 20:09:00,33.8
2025-06-12 12:24:00,32.2
2025-06-12 21:15:00,25.1
2025-06-12 11:19:00,40.1
2025-06-12 16:22:00,63.9
2025-06-12 23:50:00,41.8
2025-06-12 01:13:00,9.9
2025-06-12 20:25:00,25.3
2025-06-12 09:31:00,8.9
2025-06-12 16:39:00,61.2
2025-06-12 16:24:00,49.66792053602915
2025-06-12 06:54:00,58.6
2025-06-12 22:44:00,43.6
2025-06-12 04:00:00,49.66792053602915
2025-06-12 08:24:00,59.3
2025-06-12 05:14:00,26.7
2025-06-12 11:31:00,77.2
2025-06-12 05:07:00,56.3
2025-06-12 08:58:00,34.0
2025-06-12 01:41:00,35.4
2025-06-12 10:13:00,60.6
2025-06-12 16:08:00,49.66792053602915
2025-06-12 00:13:00,60.0
2025-06-12 16:21:00,68.0
2025-06-12 05:06:00,3.7
2025-06-12 11:53:00,53.9
2025-06-12 14:10:00,49.66792053602915
2025-06-12 19:10:00,25.2
2025-06-12 00:10:00,32.6
2025-06-12 21:08:00,71.6
2025-06-12 18:57:00,27.0
2025-06-12 03:54:00,34.3
2025-06-12 07:46:00,14.9
2025-06-12 04:52:00,49.66792053602915
2025-06-12 06:47:00,85.4
2025-06-12 18:14:00,3.9
2025-06-12 19:33:00,64.4
2025-06-12 14:16:00,33.1
2025-06-12 09:20:00,32.7
2025-06-12 08:43:00,67.5
2025-06-12 06:38:00,65.2
2025-06-12 19:10:00,50.9
2025-06-12 08:30:00,82.3
2025-06-12 04:08:00,49.66792053602915
2025-06-12 02:17:00,95.9
2025-06-12 17:50:00,49.66792053602915
2025-06-12 02:52:00,32.9
2025-06-12 22:14:00,36.5
2025-06-12 17:52:00,72.1
2025-06-12 08:33:00,11.4
2025-06-12 09:14:00,96.6
2025-06-12 14:34:00,22.3
2025-06-12 13:00:00,91.2
2025-06-12 22:20:00,90.3
2025-06-12 07:29:00,87.3
2025-06-12 18:34:00,49.66792053602915
2025-06-12 07:17:00,49.66792053602915
2025-06-12 23:29:00,8.8
2025-06-12 16:56:00,49.66792053602915
2025-06-12 23:52:00,87.0
2025-06-12 08:38:00,23.4
2025-06-12 04:16:00,9.5
2025-06-12 21:07:00,49.66792053602915
2025-06-12 18:37:00,12.7
2025-06-12 07:54:00,55.0
2025-06-12 01:27:00,49.5
2025-06-12 18:58:00,83.8
2025-06-12 01:12:00,32.6
2025-06-12 08:47:00,14.2
2025-06-12 11:10:00,52.9
2025-06-12 06:09:00,44.0
2025-06-12 11:06:00,49.66792053602915
2025-06-12 12:54:00,31.4
2025-06-12 02:33:00,49.66792053602915
2025-06-12 13:59:00,37.0
2025-06-12 18:33:00,27.5
2025-06-12 17:31:00,49.66792053602915
2025-06-12 16:10:00,49.66792053602915
2025-06-12 13:13:00,78.9
2025-06-12 21:20:00,68.6
2025-06-12 20:39:00,67.5
2025-06-12 14:46:00,22.6
2025-06-12 16:42:00,66.4
2025-06-12 03:35:00,98.0
2025-06-12 13:43:00,70.6
2025-06-12 10:22:00,73.5
2025-06-12 11:59:00,64.5
2025-06-12 16:58:00,81.0
2025-06-12 09:11:00,83.3
2025-06-12 13:57:00,30.0
2025-06-12 08:59:00,49.66792053602915
2025-06-12 20:57:00,17.4
2025-06-12 23:51:00,25.2
2025-06-12 22:29:00,71.8
2025-06-12 02:03:00,30.1
2025-06-12 13:12:00,14.5
2025-06-12 00:46:00,49.66792053602915
2025-06-12 17:09:00,91.9
2025-06-12 18:09:00,49.66792053602915
2025-06-12 00:54:00,61.3
2025-06-12 09:28:00,49.66792053602915
2025-06-12 09:03:00,42.2
2025-06-12 19:15:00,18.0
2025-06-12 14:17:00,45.8
2025-06-12 11:56:00,83.1
2025-06-12 10:43:00,61.2
2025-06-12 20:18:00,39.8
2025-06-12 18:08:00,49.66792053602915
2025-06-12 03:39:00,44.4
2025-06-12 10:09:00,18.4
2025-06-12 15:38:00,97.6
2025-06-12 13:30:00,10.5
2025-06-12 08:57:00,49.66792053602915
2025-06-12 13:11:00,42.6
2025-06-12 23:41:00,2.3
2025-06-12 15:33:00,23.0
2025-06-12 18:31:00,54.7
2025-06-12 11:01:00,0.5
2025-06-12 06:46:00,3.3
2025-06-12 14:13:00,38.2
2025-06-12 07:15:00,88.0
2025-06-12 22:26:00,49.66792053602915
2025-06-12 23:56:00,35.8
2025-06-12 04:19:00,50.9
2025-06-12 02:42:00,32.1
2025-06-12 00:05:00,58.7
2025-06-12 23:16:00,87.3
2025-06-12 08:47:00,54.8
2025-06-12 21:59:00,76.7
2025-06-12 03:15:00,15.8
2025-06-12 12:34:00,56.2
2025-06-12 04:47:00,49.66792053602915
2025-06-12 18:32:00,25.4
2025-06-12 22:49:00,88.6
2025-06-12 04:43:00,51.8
2025-06-12 08:46:00,49.66792053602915
2025-06-12 00:56:00,7.9
2025-06-12 10:19:00,62.5
2025-06-12 20:28:00,39.3
2025-06-12 16:38:00,42.3
2025-06-12 06:04:00,17.5
2025-06-12 21:54:00,9.0
2025-06-12 00:37:00,32.4
2025-06-12 08:06:00,49.66792053602915
2025-06-12 02:46:00,2.5
2025-06-12 17:20:00,65.7
2025-06-12 11:06:00,25.5
2025-06-12 11:26:00,45.7
2025-06-12 13:18:00,17.7
2025-06-12 01:30:00,49.66792053602915
2025-06-12 19:10:00,12.7
2025-06-12 14:26:00,49.66792053602915
2025-06-12 12:43:00,58.3
2025-06-12 07:20:00,18.9
2025-06-12 12:21:00,3.9
2025-06-12 02:11:00,44.5
2025-06-12 06:49:00,8.1
2025-06-12 13:07:00,29.0
2025-06-12 02:16:00,16.4
2025-06-12 08:04:00,39.3
2025-06-12 01:16:00,68.6
2025-06-12 20:42:00,57.3
2025-06-12 14:20:00,41.3
2025-06-12 01:56:00,68.0
2025-06-12 13:59:00,96.9
2025-06-12 10:32:00,82.9
2025-06-12 13:50:00,51.7
2025-06-12 18:28:00,88.5
2025-06-12 18:01:00,49.66792053602915
2025-06-12 20:13:00,8.3
2025-06-12 03:00:00,9.1
2025-06-12 19:41:00,9.7
2025-06-12 06:10:00,49.66792053602915
2025-06-12 08:53:00,68.1
2025-06-12 08:13:00,24.6
2025-06-12 18:50:00,90.1
2025-06-12 05:10:00,23.8
2025-06-12 13:09:00,8.3
2025-06-12 22:49:00,52.0
2025-06-12 21:04:00,6.9
2025-06-12 08:30:00,60.4
2025-06-12 23:47:00,86.9
2025-06-12 04:58:00,32.3
2025-06-12 21:38:00,49.66792053602915
2025-06-12 04:23:00,49.66792053602915
2025-06-12 19:20:00,64.1
2025-06-12 11:56:00,75.8
2025-06-12 11:56:00,20.6
2025-06-12 20:30:00,6.5
2025-06-12 15:00:00,2.1
2025-06-12 21:18:00,9.2
2025-06-12 21:25:00,49.66792053602915
2025-06-12 17:19:00,57.8
2025-06-12 14:58:00,49.66792053602915
2025-06-12 10:12:00,55.0
2025-06-12 01:14:00,80.5
2025-06-12 15:44:00,30.2
2025-06-12 00:45:00,93.4
2025-06-12 14:51:00,73.4
2025-06-12 03:29:00,49.66792053602915
2025-06-12 11:26:00,82.1
2025-06-12 11:06:00,47.3
2025-06-12 13:35:00,11.5
2025-06-12 05:28:00,17.1
2025-06-12 06:33:00,72.8
2025-06-12 21:25:00,49.66792053602915
2025-06-12 22:38:00,10.6
2025-06-12 09:18:00,49.66792053602915
2025-06-12 09:22:00,83.2
2025-06-12 00:23:00,67.9
2025-06-12 14:46:00,49.66792053602915
2025-06-12 21:49:00,52.3
2025-06-12 05:26:00,80.5
2025-06-12 21:47:00,60.7
2025-06-12 21:11:00,49.66792053602915
2025-06-12 19:37:00,69.6
2025-06-12 10:07:00,9.0
2025-06-12 06:43:00,23.0
2025-06-12 06:57:00,39.2
2025-06-12 08:27:00,31.5
2025-06-12 07:55:00,95.0
2025-06-12 03:23:00,12.9
2025-06-12 00:32:00,64.0
2025-06-12 15:54:00,19.4
2025-06-12 07:36:00,17.9
2025-06-12 03:59:00,78.9
2025-06-12 21:10:00,79.8
2025-06-12 10:06:00,7.5
2025-06-12 06:21:00,2.2
2025-06-12 21:29:00,74.1
2025-06-12 07:45:00,49.66792053602915
2025-06-12 00:15:00,49.66792053602915
2025-06-12 00:06:00,37.2
2025-06-12 02:13:00,16.8
2025-06-12 08:51:00,49.66792053602915
2025-06-12 11:39:00,62.9
2025-06-12 05:28:00,70.4
2025-06-12 22:16:00,69.1
2025-06-12 22:08:00,95.9
2025-06-12 20:35:00,46.1
2025-06-12 14:15:00,49.66792053602915
2025-06-12 18:02:00,31.9
2025-06-12 15:08:00,80.1
2025-06-12 10:43:00,3.6
2025-06-12 05:35:00,58.6
2025-06-12 20:54:00,60.8
2025-06-12 05:05:00,47.7
2025-06-12 03:08:00,10.7
2025-06-12 19:42:00,82.2
2025-06-12 10:29:00,41.0
2025-06-12 18:31:00,19.7
2025-06-12 00:59:00,31.4
2025-06-12 18:52:00,4.7
2025-06-12 16:08:00,17.1
2025-06-12 17:55:00,9.2
2025-06-12 13:18:00,5.3
2025-06-12 15:27:00,65.8
2025-06-12 18:28:00,49.66792053602915
2025-06-12 17:04:00,66.8
2025-06-12 18:46:00,16.6
2025-06-12 07:30:00,42.2
2025-06-12 20:15:00,27.5
2025-06-12 04:11:00,7.2
2025-06-12 04:03:00,49.66792053602915
2025-06-12 07:51:00,56.7
2025-06-12 19:55:00,25.2
2025-06-12 08:36:00,29.8
2025-06-12 18:33:00,49.66792053602915
2025-06-12 23:06:00,77.6
2025-06-12 03:39:00,34.8
2025-06-12 05:30:00,36.7
2025-06-12 16:21:00,72.2
2025-06-12 04:45:00,77.7
2025-06-12 19:08:00,68.4
2025-06-12 19:02:00,20.6
2025-06-12 07:06:00,15.6
2025-06-12 04:16:00,53.3
2025-06-12 02:38:00,13.5
2025-06-12 01:16:00,49.66792053602915
2025-06-12 22:17:00,49.66792053602915
2025-06-12 08:10:00,80.3
2025-06-12 21:26:00,58.6
2025-06-12 07:53:00,68.8
2025-06-12 04:33:00,38.6
2025-06-12 01:41:00,30.4
2025-06-12 03:40:00,45.3
2025-06-12 01:46:00,93.3
2025-06-12 16:47:00,93.6
2025-06-12 17:34:00,91.6
2025-06-12 10:34:00,49.66792053602915
2025-06-12 08:52:00,45.1
2025-06-12 12:05:00,49.66792053602915
2025-06-12 21:38:00,29.2
2025-06-12 01:09:00,77.0
2025-06-12 01:34:00,70.3
2025-06-12 06:35:00,55.0
2025-06-12 05:50:00,3.8
2025-06-12 21:06:00,39.6
2025-06-12 22:18:00,19.0
2025-06-12 01:17:00,88.6
2025-06-12 20:29:00,49.66792053602915
2025-06-12 08:41:00,9.8
2025-06-12 10:25:00,97.7
2025-06-12 15:18:00,59.8
2025-06-12 03:20:00,49.1
2025-06-12 15:14:00,43.0
2025-06-12 08:14:00,6.8
2025-06-12 07:35:00,49.66792053602915
2025-06-12 16:14:00,80.3
2025-06-12 10:03:00,55.0
2025-06-12 11:22:00,49.66792053602915
2025-06-12 07:39:00,54.6
2025-06-12 19:48:00,49.66792053602915
2025-06-12 19:19:00,3.9
2025-06-12 12:25:00,49.66792053602915
2025-06-12 14:52:00,16.5
2025-06-12 23:58:00,66.8
2025-06-12 02:29:00,21.4
2025-06-12 08:04:00,49.66792053602915
2025-06-12 16:27:00,12.1
2025-06-12 06:38:00,17.4
2025-06-12 04:50:00,37.0
2025-06-12 03:50:00,56.5
2025-06-12 18:30:00,26.0
2025-06-12 18:41:00,58.2
2025-06-12 06:35:00,93.4
2025-06-12 10:34:00,33.8
2025-06-12 09:00:00,50.4
2025-06-12 00:01:00,19.2
2025-06-12 22:23:00,93.8
2025-06-12 16:10:00,25.3
2025-06-12 07:36:00,49.82591552591553
2025-06-12 22:57:00,35.7
2025-06-12 23:02:00,75.6
2025-06-12 12:11:00,62.2
2025-06-12 22:42:00,87.8
2025-06-12 00:11:00,89.9
2025-06-12 16:36:00,70.9
2025-06-12 09:19:00,40.5
2025-06-12 09:38:00,49.82591552591553
2025-06-12 11:24:00,10.1
2025-06-12 21:25:00,3.1
2025-06-12 18:42:00,84.1
2025-06-12 04:25:00,91.9
2025-06-12 22:48:00,40.5
2025-06-12 17:57:00,96.1
2025-06-12 15:17:00,76.1
2025-06-12 00:37:00,72.3
2025-06-12 09:01:00,51.0
2025-06-12 17:02:00,30.9
2025-06-12 21:05:00,2.2
2025-06-12 14:43:00,49.82591552591553
2025-06-12 13:39:00,19.2
2025-06-12 09:51:00,100.0
2025-06-12 10:29:00,49.82591552591553
2025-06-12 17:59:00,49.82591552591553
2025-06-12 03:15:00,46.3
2025-06-12 04:50:00,90.4
2025-06-12 18:29:00,93.6
2025-06-12 08:52:00,36.5
2025-06-12 06:47:00,10.5
2025-06-12 21:23:00,48.6
2025-06-12 09:31:00,49.82591552591553
2025-06-12 05:30:00,50.3
2025-06-12 12:22:00,4.0
2025-06-12 02:21:00,17.4
2025-06-12 05:01:00,3.9
2025-06-12 02:12:00,49.82591552591553
2025-06-12 14:22:00,49.82591552591553
2025-06-12 16:19:00,87.0
2025-06-12 14:31:00,44.3
2025-06-12 08:41:00,91.3
2025-06-12 07:03:00,49.82591552591553
2025-06-12 09:15:00,27.2
2025-06-12 06:17:00,49.82591552591553
2025-06-12 22:03:00,25.7
2025-06-12 23:05:00,49.82591552591553
2025-06-12 15:11:00,50.5
2025-06-12 17:46:00,46.4
2025-06-12 15:04:00,93.2
2025-06-12 13:44:00,69.5
2025-06-12 23:09:00,40.2
2025-06-12 13:11:00,98.9
2025-06-12 03:10:00,56.9
2025-06-12 13:27:00,92.9
2025-06-12 16:03:00,55.5
2025-06-12 15:00:00,61.5
2025-06-12 22:03:00,24.5
2025-06-12 14:22:00,91.8
2025-06-12 16:29:00,70.2
2025-06-12 07:32:00,72.4
2025-06-12 05:58:00,64.1
2025-06-12 17:52:00,49.82591552591553
2025-06-12 00:29:00,49.82591552591553
2025-06-12 14:27:00,94.9
2025-06-12 05:24:00,21.1
2025-06-12 02:49:00,46.6
2025-06-12 01:18:00,64.4
2025-06-12 07:38:00,83.2
2025-06-12 00:47:00,82.1
2025-06-12 02:08:00,53.8
2025-06-12 20:11:00,94.6
2025-06-12 04:57:00,24.1
2025-06-12 10:38:00,11.8
2025-06-12 05:17:00,63.6
2025-06-12 08:09:00,40.9
2025-06-12 11:43:00,49.82591552591553
2025-06-12 15:11:00,48.8
2025-06-12 04:23:00,42.9
2025-06-12 23:48:00,59.3
2025-06-12 07:45:00,49.82591552591553
2025-06-12 09:45:00,49.82591552591553
2025-06-12 20:54:00,45.6
2025-06-12 03:33:00,22.4
2025-06-12 10:20:00,38.0
2025-06-12 16:17:00,38.5
2025-06-12 12:06:00,73.9
2025-06-12 13:20:00,49.82591552591553
2025-06-12 00:36:00,49.82591552591553
2025-06-12 14:43:00,5.9
2025-06-12 09:33:00,58.1
2025-06-12 09:56:00,34.4
2025-06-12 15:27:00,86.9
2025-06-12 01:00:00,91.3
2025-06-12 05:41:00,59.9
2025-06-12 12:30:00,50.0
2025-06-12 04:26:00,85.5
2025-06-12 08:20:00,62.2
2025-06-12 01:44:00,70.1
2025-06-12 04:46:00,82.3
2025-06-12 18:48:00,49.82591552591553
2025-06-12 01:29:00,21.0
2025-06-12 12:05:00,19.5
2025-06-12 18:20:00,88.1
2025-06-12 10:44:00,90.9
2025-06-12 02:40:00,55.4
2025-06-12 22:32:00,89.7
2025-06-12 13:19:00,47.8
2025-06-12 17:06:00,32.8
2025-06-12 20:36:00,71.4
2025-06-12 14:18:00,49.82591552591553
2025-06-12 00:01:00,49.82591552591553
2025-06-12 18:04:00,42.7
2025-06-12 22:03:00,56.7
2025-06-12 23:01:00,75.5
2025-06-12 00:33:00,15.0
2025-06-12 19:33:00,79.3
2025-06-12 15:16:00,4.1
2025-06-12 22:19:00,16.7
2025-06-12 08:52:00,68.7
2025-06-12 14:04:00,68.3
2025-06-12 19:46:00,7.1
2025-06-12 18:11:00,49.82591552591553
2025-06-12 06:51:00,77.6
2025-06-12 00:04:00,91.7
2025-06-12 15:53:00,49.82591552591553
2025-06-12 19:23:00,40.3
2025-06-12 23:52:00,71.9
2025-06-12 05:14:00,12.7
2025-06-12 21:37:00,79.4
2025-06-12 17:26:00,2.4
2025-06-12 04:04:00,11.7
2025-06-12 13:33:00,67.6
2025-06-12 07:47:00,80.0
2025-06-12 07:04:00,30.0
2025-06-12 03:57:00,25.6
2025-06-12 22:46:00,21.9
2025-06-12 16:19:00,85.6
2025-06-12 08:40:00,19.1
2025-06-12 23:26:00,16.1
2025-06-12 03:30:00,49.82591552591553
2025-06-12 12:16:00,48.6
2025-06-12 08:51:00,27.2
2025-06-12 15:03:00,16.1
2025-06-12 15:52:00,88.0
2025-06-12 07:37:00,49.82591552591553
2025-06-12 11:23:00,25.4
2025-06-12 23:25:00,7.8
2025-06-12 06:38:00,60.0
2025-06-12 21:02:00,12.7
2025-06-12 20:12:00,73.0
2025-06-12 22:42:00,92.9
2025-06-12 05:52:00,5.0
2025-06-12 08:58:00,49.82591552591553
2025-06-12 10:38:00,26.6
2025-06-12 02:17:00,28.2
2025-06-12 13:49:00,70.1
2025-06-12 22:11:00,39.0
2025-06-12 02:21:00,45.9
2025-06-12 12:35:00,83.9
2025-06-12 11:00:00,49.82591552591553
2025-06-12 01:21:00,97.3
2025-06-12 02:41:00,91.6
2025-06-12 13:47:00,81.7
2025-06-12 11:16:00,87.3
2025-06-12 16:24:00,49.82591552591553
2025-06-12 12:42:00,31.2
2025-06-12 17:11:00,19.3
2025-06-12 22:38:00,32.7
2025-06-12 16:50:00,98.2
2025-06-12 04:48:00,49.82591552591553
2025-06-12 18:46:00,58.1
2025-06-12 03:05:00,50.7
2025-06-12 05:55:00,13.4
2025-06-12 08:10:00,40.6
2025-06-12 15:00:00,34.5
2025-06-12 01:06:00,93.1
2025-06-12 02:46:00,48.9
2025-06-12 05:39:00,74.1
2025-06-12 09:09:00,49.82591552591553
2025-06-12 03:37:00,95.6
2025-06-12 12:45:00,95.0
2025-06-12 00:43:00,25.5
2025-06-12 12:07:00,1.6
2025-06-12 10:56:00,17.2
2025-06-12 09:42:00,16.3
2025-06-12 12:09:00,49.82591552591553
2025-06-12 07:54:00,96.5
2025-06-12 20:42:00,99.2
2025-06-12 03:53:00,84.3
2025-06-12 02:56:00,49.82591552591553
2025-06-12 05:29:00,97.9
2025-06-12 11:09:00,98.7
2025-06-12 06:22:00,52.2
2025-06-12 23:49:00,25.0
2025-06-12 13:12:00,59.0
2025-06-12 23:55:00,77.7
2025-06-12 13:18:00,49.82591552591553
2025-06-12 21:08:00,26.9
2025-06-12 06:31:00,79.5
2025-06-12 23:02:00,49.82591552591553
2025-06-12 23:55:00,11.0
2025-06-12 05:00:00,15.0
2025-06-12 21:42:00,49.5
2025-06-12 10:39:00,90.9
2025-06-12 19:38:00,48.1
2025-06-12 14:05:00,0.4
2025-06-12 20:28:00,66.0
2025-06-12 07:49:00,46.9
2025-06-12 03:00:00,30.5
2025-06-12 05:28:00,79.6
2025-06-12 05:34:00,88.8
2025-06-12 18:32:00,18.9
2025-06-12 09:13:00,77.3
2025-06-12 03:57:00,7.4
2025-06-12 12:27:00,27.4
2025-06-12 08:56:00,50.6
2025-06-12 00:47:00,49.82591552591553
2025-06-12 15:11:00,92.0
2025-06-12 16:58:00,21.5
2025-06-12 23:34:00,37.3
2025-06-12 22:05:00,85.8
2025-06-12 04:16:00,31.3
2025-06-12 04:09:00,2.3
2025-06-12 19:51:00,23.0
2025-06-12 09:40:00,49.82591552591553
2025-06-12 13:21:00,93.9
2025-06-12 22:13:00,66.9
2025-06-12 15:41:00,1.9
2025-06-12 18:34:00,62.1
2025-06-12 22:43:00,6.0
2025-06-12 01:03:00,92.4
2025-06-12 16:29:00,43.2
2025-06-12 10:51:00,17.0
2025-06-12 03:30:00,49.82591552591553
2025-06-12 05:57:00,77.8
2025-06-12 18:04:00,62.3
2025-06-12 23:30:00,30.0
2025-06-12 11:42:00,25.9
2025-06-12 20:44:00,92.5
2025-06-12 00:25:00,49.82591552591553
2025-06-12 14:12:00,37.1
2025-06-12 08:40:00,98.6
2025-06-12 21:54:00,0.4
2025-06-12 21:40:00,78.5
2025-06-12 20:00:00,55.9
2025-06-12 16:19:00,42.0
2025-06-12 19:41:00,56.6
2025-06-12 03:30:00,35.1
2025-06-12 04:03:00,99.3
2025-06-12 16:16:00,49.82591552591553
2025-06-12 15:00:00,49.82591552591553
2025-06-12 16:42:00,90.9
2025-06-12 00:50:00,23.9
2025-06-12 04:33:00,93.9
2025-06-12 10:16:00,74.1
2025-06-12 02:07:00,47.9
2025-06-12 18:27:00,49.82591552591553
2025-06-12 21:28:00,32.6
2025-06-12 18:50:00,76.9
2025-06-12 23:42:00,50.7
2025-06-12 03:39:00,10.6
2025-06-12 19:03:00,55.2
2025-06-12 21:25:00,81.3
2025-06-12 11:47:00,48.7
2025-06-12 17:27:00,49.82591552591553
2025-06-12 12:59:00,18.3
2025-06-12 18:49:00,73.9
2025-06-12 14:15:00,8.7
2025-06-12 00:28:00,31.8
2025-06-12 14:33:00,23.6
2025-06-12 18:09:00,67.7
2025-06-12 20:39:00,75.2
2025-06-12 09:01:00,12.5
2025-06-12 17:23:00,74.8
2025-06-12 08:38:00,49.82591552591553
2025-06-12 12:18:00,83.3
2025-06-12 12:31:00,53.3
2025-06-12 21:47:00,79.7
2025-06-12 15:12:00,49.82591552591553
2025-06-12 18:21:00,5.9
2025-06-12 17:54:00,99.3
2025-06-12 07:12:00,94.0
2025-06-12 07:30:00,69.0
2025-06-12 18:28:00,37.7
2025-06-12 04:39:00,61.8
2025-06-12 08:27:00,81.0
2025-06-12 01:04:00,62.0
2025-06-12 12:53:00,7.3
2025-06-12 16:00:00,20.8
2025-06-12 20:47:00,77.7
2025-06-12 21:42:00,50.7
2025-06-12 06:06:00,49.82591552591553
2025-06-12 18:55:00,60.2
2025-06-12 14:19:00,34.2
2025-06-12 22:17:00,13.1
2025-06-12 23:44:00,77.2
2025-06-12 07:34:00,83.8
2025-06-12 13:21:00,10.3
2025-06-12 17:08:00,12.5
2025-06-12 15:34:00,73.3
2025-06-12 08:21:00,49.82591552591553
2025-06-12 21:07:00,44.3
2025-06-12 15:34:00,43.5
2025-06-12 02:58:00,49.82591552591553
2025-06-12 17:46:00,44.4
2025-06-12 20:24:00,47.0
2025-06-12 03:01:00,87.9
2025-06-12 07:41:00,75.2
2025-06-12 15:20:00,97.6
2025-06-12 10:44:00,49.82591552591553
2025-06-12 15:36:00,57.4
2025-06-12 02:02:00,16.0
2025-06-12 09:21:00,11.4
2025-06-12 21:53:00,60.5
2025-06-12 23:50:00,49.82591552591553
2025-06-12 09:12:00,56.7
2025-06-12 06:03:00,55.7
2025-06-12 18:41:00,65.0
2025-06-12 20:07:00,12.0
2025-06-12 13:54:00,4.6
2025-06-12 10:58:00,43.7
2025-06-12 06:44:00,70.6
2025-06-12 13:22:00,75.4
2025-06-12 10:16:00,53.9
2025-06-12 13:59:00,49.2
2025-06-12 07:51:00,62.0
2025-06-12 08:02:00,90.3
2025-06-12 19:36:00,49.82264106490752
2025-06-12 08:26:00,10.4
2025-06-12 09:47:00,63.8
2025-06-12 17:00:00,82.1
2025-06-12 01:19:00,3.3
2025-06-12 10:26:00,18.8
2025-06-12 13:52:00,89.5
2025-06-12 01:12:00,49.82264106490752
2025-06-12 04:39:00,60.2
2025-06-12 08:50:00,46.0
2025-06-12 11:09:00,5.7
2025-06-12 05:42:00,35.2
2025-06-12 06:40:00,18.3
2025-06-12 01:42:00,54.4
2025-06-12 13:41:00,49.82264106490752
2025-06-12 20:00:00,49.82264106490752
2025-06-12 03:30:00,37.8
2025-06-12 23:13:00,78.8
2025-06-12 18:39:00,49.82264106490752
2025-06-12 13:52:00,34.2
2025-06-12 19:52:00,7.5
2025-06-12 01:37:00,92.3
2025-06-12 16:43:00,36.1
2025-06-12 14:43:00,90.4
2025-06-12 15:31:00,2.1
2025-06-12 04:00:00,49.2
2025-06-12 21:12:00,79.9
2025-06-12 10:53:00,55.7
2025-06-12 08:07:00,85.1
2025-06-12 09:24:00,21.7
2025-06-12 05:36:00,49.1
2025-06-12 17:25:00,20.3
2025-06-12 13:27:00,48.8
2025-06-12 16:35:00,81.7
2025-06-12 01:13:00,49.82264106490752
2025-06-12 17:48:00,12.8
2025-06-12 00:09:00,79.8
2025-06-12 09:09:00,70.5
2025-06-12 13:21:00,78.7
2025-06-12 17:44:00,81.9
2025-06-12 12:51:00,18.1
2025-06-12 18:36:00,46.5
2025-06-12 21:03:00,69.4
2025-06-12 00:40:00,58.1
2025-06-12 06:21:00,49.82264106490752
2025-06-12 14:15:00,11.7
2025-06-12 01:16:00,96.9
2025-06-12 05:02:00,49.82264106490752
2025-06-12 18:57:00,60.4
2025-06-12 15:22:00,2.0
2025-06-12 19:05:00,5.7
2025-06-12 07:04:00,49.82264106490752
2025-06-12 05:03:00,49.82264106490752
2025-06-12 13:43:00,93.2
2025-06-12 13:40:00,67.6
2025-06-12 22:34:00,14.4
2025-06-12 19:20:00,91.9
2025-06-12 11:37:00,13.0
2025-06-12 00:25:00,49.82264106490752
2025-06-12 07:25:00,58.6
2025-06-12 09:18:00,45.6
2025-06-12 08:00:00,49.82264106490752
2025-06-12 11:39:00,80.4
2025-06-12 10:06:00,49.82264106490752
2025-06-12 03:36:00,44.7
2025-06-12 18:58:00,87.9
2025-06-12 22:12:00,49.82264106490752
2025-06-12 19:51:00,16.5
2025-06-12 06:52:00,95.8
2025-06-12 14:29:00,73.7
2025-06-12 15:27:00,20.4
2025-06-12 15:30:00,53.6
2025-06-12 03:09:00,10.3
2025-06-12 08:26:00,0.8
2025-06-12 12:46:00,68.5
2025-06-12 04:59:00,84.7
2025-06-12 13:51:00,74.7
2025-06-12 20:29:00,36.6
2025-06-12 12:40:00,78.4
2025-06-12 10:37:00,57.9
2025-06-12 02:04:00,4.1
2025-06-12 07:21:00,39.5
2025-06-12 17:16:00,38.4
2025-06-12 01:39:00,17.6
2025-06-12 00:06:00,24.7
2025-06-12 21:02:00,49.82264106490752
2025-06-12 15:43:00,10.0
2025-06-12 15:59:00,60.8
2025-06-12 11:32:00,49.82264106490752
2025-06-12 11:43:00,8.4
2025-06-12 16:14:00,76.8
2025-06-12 10:05:00,41.6
2025-06-12 11:34:00,13.1
2025-06-12 03:02:00,68.2
2025-06-12 16:35:00,54.4
2025-06-12 16:24:00,80.1
2025-06-12 18:37:00,47.7
2025-06-12 03:37:00,21.7
2025-06-12 01:50:00,50.0
2025-06-12 02:24:00,62.7
2025-06-12 21:28:00,2.6
2025-06-12 02:37:00,38.8
2025-06-12 11:26:00,27.2
2025-06-12 14:29:00,27.6
2025-06-12 00:45:00,59.5
2025-06-12 23:03:00,82.4
2025-06-12 02:48:00,10.9
2025-06-12 19:09:00,49.82264106490752
2025-06-12 03:50:00,8.6
2025-06-12 01:14:00,68.6
2025-06-12 05:45:00,2.9
2025-06-12 22:33:00,65.2
2025-06-12 22:34:00,28.2
2025-06-12 20:55:00,9.9
2025-06-12 22:19:00,93.3
2025-06-12 22:37:00,49.82264106490752
2025-06-12 06:21:00,80.3
2025-06-12 06:35:00,83.6
2025-06-12 09:53:00,15.0
2025-06-12 13:37:00,5.0
2025-06-12 20:26:00,9.6
2025-06-12 02:35:00,49.82264106490752
2025-06-12 02:38:00,60.4
2025-06-12 02:34:00,29.5
2025-06-12 19:10:00,67.4
2025-06-12 07:59:00,88.5
2025-06-12 17:38:00,87.6
2025-06-12 09:13:00,35.9
2025-06-12 04:17:00,49.82264106490752
2025-06-12 12:07:00,87.3
2025-06-12 04:29:00,59.7
2025-06-12 21:57:00,2.3
2025-06-12 07:01:00,52.7
2025-06-12 17:34:00,15.5
2025-06-12 18:33:00,80.6
2025-06-12 18:23:00,76.3
2025-06-12 22:52:00,20.4
2025-06-12 19:57:00,12.5
2025-06-12 14:59:00,21.6
2025-06-12 22:27:00,6.4
2025-06-12 03:26:00,30.7
2025-06-12 10:00:00,9.0
2025-06-12 17:23:00,27.5
2025-06-12 06:39:00,49.82264106490752
2025-06-12 21:42:00,49.82264106490752
2025-06-12 15:02:00,58.2
2025-06-12 00:26:00,49.82264106490752
2025-06-12 19:32:00,48.7
2025-06-12 07:14:00,49.82264106490752
2025-06-12 11:03:00,2.4
2025-06-12 22:27:00,49.82264106490752
2025-06-12 13:43:00,48.0
2025-06-12 04:58:00,33.3
2025-06-12 23:40:00,1.3
2025-06-12 10:08:00,57.2
2025-06-12 04:00:00,92.2
2025-06-12 14:08:00,34.9
2025-06-12 00:49:00,42.6
2025-06-12 13:45:00,49.82264106490752
2025-06-12 13:59:00,54.0
2025-06-12 14:13:00,49.82264106490752
2025-06-12 00:34:00,88.9
2025-06-12 20:49:00,49.82264106490752
2025-06-12 00:44:00,3.8
2025-06-12 04:15:00,47.3
2025-06-12 19:58:00,4.6
2025-06-12 09:19:00,14.1
2025-06-12 14:06:00,49.82264106490752
2025-06-12 21:10:00,49.82264106490752
2025-06-12 15:11:00,56.2
2025-06-12 17:33:00,96.9
2025-06-12 23:40:00,21.6
2025-06-12 19:53:00,49.82264106490752
2025-06-12 14:34:00,48.5
2025-06-12 21:38:00,48.8
2025-06-12 18:33:00,70.4
2025-06-12 14:05:00,1.2
2025-06-12 01:39:00,49.82264106490752
2025-06-12 10:21:00,49.82264106490752
2025-06-12 23:53:00,8.7
2025-06-12 00:15:00,45.2
2025-06-12 09:06:00,49.82264106490752
2025-06-12 08:20:00,49.82264106490752
2025-06-12 05:54:00,49.82264106490752
2025-06-12 15:31:00,85.7
2025-06-12 15:29:00,11.1
2025-06-12 11:09:00,36.9
2025-06-12 16:15:00,49.82264106490752
2025-06-12 06:04:00,64.7
2025-06-12 22:36:00,68.6
2025-06-12 01:31:00,5.4
2025-06-12 11:44:00,37.7
2025-06-12 10:09:00,94.0
2025-06-12 07:06:00,66.5
2025-06-12 12:37:00,32.4
2025-06-12 17:19:00,3.2
2025-06-12 14:55:00,90.2
2025-06-12 15:39:00,7.9
2025-06-12 19:26:00,49.82264106490752
2025-06-12 07:39:00,49.82264106490752
2025-06-12 06:06:00,5.6
2025-06-12 03:14:00,82.6
2025-06-12 06:32:00,63.2
2025-06-12 17:13:00,23.1
2025-06-12 04:23:00,15.7
2025-06-12 06:33:00,73.7
2025-06-12 23:36:00,49.82264106490752
2025-06-12 02:23:00,8.6
2025-06-12 13:00:00,96.8
2025-06-12 03:16:00,5.5
2025-06-12 05:32:00,56.0
2025-06-12 21:39:00,87.8
2025-06-12 16:30:00,41.0
2025-06-12 10:46:00,55.4
2025-06-12 14:56:00,74.0
2025-06-12 15:55:00,38.4
2025-06-12 17:54:00,49.82264106490752
2025-06-12 14:57:00,52.3
2025-06-12 14:12:00,62.7
2025-06-12 10:18:00,85.8
2025-06-12 09:28:00,91.7
2025-06-12 12:52:00,34.8
2025-06-12 07:11:00,19.5
2025-06-12 17:14:00,9.3
2025-06-12 08:54:00,13.4
2025-06-12 09:59:00,71.8
2025-06-12 03:02:00,94.5
2025-06-12 14:01:00,19.3
2025-06-12 18:46:00,3.1
2025-06-12 07:13:00,49.82264106490752
2025-06-12 02:48:00,79.3
2025-06-12 22:11:00,48.8
2025-06-12 01:16:00,16.4
2025-06-12 12:36:00,3.0
2025-06-12 18:28:00,14.0
2025-06-12 09:14:00,49.82264106490752
2025-06-12 00:52:00,37.4
2025-06-12 21:31:00,96.7
2025-06-12 18:30:00,32.6
2025-06-12 17:01:00,49.82264106490752
2025-06-12 15:32:00,11.4
2025-06-12 07:54:00,28.3
2025-06-12 16:57:00,3.0
2025-06-12 17:51:00,49.82264106490752
2025-06-12 01:55:00,58.3
2025-06-12 06:45:00,81.9
2025-06-12 23:08:00,69.5
2025-06-12 09:19:00,41.4
2025-06-12 08:29:00,15.4
2025-06-12 02:10:00,49.2
2025-06-12 17:10:00,67.3
2025-06-12 06:47:00,61.1
2025-06-12 03:51:00,75.5
2025-06-12 20:01:00,49.82264106490752
2025-06-12 01:13:00,1.7
2025-06-12 16:31:00,49.82264106490752
2025-06-12 20:05:00,88.7
2025-06-12 03:29:00,35.2
2025-06-12 15:25:00,4.6
2025-06-12 19:20:00,52.9
2025-06-12 05:04:00,98.4
2025-06-12 08:02:00,35.1
2025-06-12 13:07:00,86.6
2025-06-12 09:01:00,64.9
2025-06-12 10:43:00,83.5
2025-06-12 10:10:00,9.1
2025-06-12 11:20:00,85.5
2025-06-12 17:24:00,21.5
2025-06-12 00:50:00,66.2
2025-06-12 14:04:00,43.0
2025-06-12 15:45:00,49.82264106490752
2025-06-12 00:19:00,43.6
2025-06-12 19:38:00,46.0
2025-06-12 07:02:00,30.2
2025-06-12 14:05:00,41.1
2025-06-12 23:35:00,49.1
2025-06-12 08:22:00,46.9
2025-06-12 16:33:00,1.8
2025-06-12 02:01:00,3.3
2025-06-12 06:30:00,6.4
2025-06-12 00:16:00,2.8
2025-06-12 13:21:00,49.82264106490752
2025-06-12 19:02:00,19.9
2025-06-12 08:12:00,21.9
2025-06-12 16:18:00,10.0
2025-06-12 21:12:00,53.4
2025-06-12 20:31:00,82.5
2025-06-12 19:42:00,40.1
2025-06-12 04:18:00,49.82264106490752
2025-06-12 19:00:00,86.3
2025-06-12 08:28:00,29.5
2025-06-12 18:36:00,5.2
2025-06-12 14:59:00,55.9
2025-06-12 19:18:00,1.1
2025-06-12 10:07:00,44.6
2025-06-12 05:42:00,80.5
2025-06-12 08:24:00,20.0
2025-06-12 20:19:00,75.0
2025-06-12 22:18:00,52.6
2025-06-12 20:00:00,86.4
2025-06-12 15:14:00,85.5
2025-06-12 20:48:00,50.2
2025-06-12 17:40:00,25.8
2025-06-12 15:49:00,37.8
2025-06-12 21:15:00,49.82264106490752
2025-06-12 07:42:00,8.1
2025-06-12 21:50:00,20.8
2025-06-12 11:50:00,45.5
2025-06-12 01:02:00,49.82264106490752
2025-06-12 19:23:00,24.9
2025-06-12 15:11:00,49.82264106490752
2025-06-12 15:30:00,36.4
2025-06-12 20:36:00,22.8
2025-06-12 04:50:00,46.9
2025-06-12 18:43:00,1.8
2025-06-12 19:36:00,19.7
2025-06-12 16:38:00,41.2
2025-06-12 13:17:00,26.4
2025-06-12 00:54:00,73.1
2025-06-12 15:38:00,80.8
2025-06-12 18:56:00,86.4
2025-06-12 16:09:00,91.8
2025-06-12 11:46:00,49.82264106490752
2025-06-12 22:41:00,49.82264106490752
2025-06-12 06:07:00,53.9
2025-06-12 08:08:00,11.1
2025-06-12 14:41:00,14.6
2025-06-12 05:28:00,90.1
2025-06-12 11:28:00,57.7
2025-06-12 10:02:00,57.8
2025-06-12 17:29:00,63.6
2025-06-12 11:58:00,30.8
2025-06-12 06:15:00,21.5
2025-06-12 11:23:00,2.9
2025-06-12 01:36:00,86.9
2025-06-12 00:35:00,18.1
2025-06-12 00:52:00,63.3
2025-06-12 19:21:00,73.4
2025-06-12 12:34:00,95.7
2025-06-12 15:33:00,38.5
2025-06-12 21:00:00,66.0
2025-06-12 11:03:00,78.9
2025-06-12 17:56:00,92.3
2025-06-12 03:18:00,18.2
2025-06-12 15:16:00,9.6
2025-06-12 04:07:00,60.9
2025-06-12 13:07:00,33.4
2025-06-12 14:25:00,94.4
2025-06-12 02:01:00,0.6
2025-06-12 12:20:00,49.73505924170616
2025-06-12 23:05:00,91.6
2025-06-12 05:28:00,98.5
2025-06-12 05:58:00,34.4
2025-06-12 18:34:00,52.0
2025-06-12 16:39:00,76.3
2025-06-12 03:39:00,62.8
2025-06-12 13:23:00,36.3
2025-06-12 19:01:00,30.9
2025-06-12 22:44:00,68.7
2025-06-12 11:04:00,16.4
2025-06-12 09:24:00,19.4
2025-06-12 14:12:00,49.73505924170616
2025-06-12 01:04:00,48.3
2025-06-12 14:31:00,50.9
2025-06-12 20:49:00,49.73505924170616
2025-06-12 06:52:00,20.6
2025-06-12 04:08:00,60.7
2025-06-12 14:34:00,45.9
2025-06-12 00:10:00,24.3
2025-06-12 06:42:00,49.73505924170616
2025-06-12 00:25:00,15.3
2025-06-12 19:44:00,76.8
2025-06-12 17:55:00,26.9
2025-06-12 22:39:00,96.9
2025-06-12 10:45:00,64.5
2025-06-12 22:10:00,2.6
2025-06-12 21:46:00,72.7
2025-06-12 11:36:00,1.8
2025-06-12 10:14:00,6.1
2025-06-12 20:42:00,49.73505924170616
2025-06-12 21:54:00,82.6
2025-06-12 17:26:00,92.9
2025-06-12 15:07:00,78.4
2025-06-12 10:11:00,81.4
2025-06-12 06:47:00,71.5
2025-06-12 16:37:00,92.4
2025-06-12 07:54:00,15.3
2025-06-12 06:12:00,49.6
2025-06-12 07:36:00,49.73505924170616
2025-06-12 16:56:00,57.3
2025-06-12 01:39:00,68.1
2025-06-12 20:09:00,62.6
2025-06-12 21:23:00,52.0
2025-06-12 19:14:00,91.2
2025-06-12 15:54:00,70.5
2025-06-12 08:14:00,49.73505924170616
2025-06-12 11:48:00,22.4
2025-06-12 19:45:00,7.8
2025-06-12 15:11:00,3.2
2025-06-12 09:50:00,49.73505924170616
2025-06-12 04:14:00,31.3
2025-06-12 00:35:00,30.5
2025-06-12 19:58:00,85.5
2025-06-12 02:22:00,17.7
2025-06-12 22:20:00,7.3
2025-06-12 12:49:00,52.0
2025-06-12 05:25:00,29.4
2025-06-12 07:48:00,83.5
2025-06-12 12:18:00,49.73505924170616
2025-06-12 15:25:00,83.0
2025-06-12 19:06:00,59.5
2025-06-12 22:39:00,84.9
2025-06-12 07:13:00,49.73505924170616
2025-06-12 01:28:00,86.0
2025-06-12 16:55:00,86.0
2025-06-12 05:56:00,70.1
2025-06-12 18:12:00,36.2
2025-06-12 09:35:00,51.0
2025-06-12 00:14:00,34.2
2025-06-12 13:01:00,13.4
2025-06-12 07:17:00,71.3
2025-06-12 13:20:00,36.1
2025-06-12 19:04:00,58.1
2025-06-12 10:53:00,9.2
2025-06-12 04:00:00,87.3
2025-06-12 19:53:00,48.7
2025-06-12 14:26:00,58.8
2025-06-12 02:14:00,97.1
2025-06-12 07:39:00,74.2
2025-06-12 00:03:00,15.8
2025-06-12 12:05:00,17.2
2025-06-12 09:22:00,49.73505924170616
2025-06-12 06:49:00,28.2
2025-06-12 02:49:00,70.2
2025-06-12 22:44:00,12.4
2025-06-12 16:42:00,75.8
2025-06-12 21:25:00,34.8
2025-06-12 07:44:00,28.7
2025-06-12 05:39:00,74.3
2025-06-12 17:22:00,91.9
2025-06-12 10:26:00,2.7
2025-06-12 08:49:00,57.0
2025-06-12 00:58:00,2.1
2025-06-12 10:07:00,45.1
2025-06-12 19:18:00,36.2
2025-06-12 07:08:00,29.4
2025-06-12 08:52:00,0.9
2025-06-12 12:48:00,4.3
2025-06-12 09:39:00,35.5
2025-06-12 14:36:00,26.0
2025-06-12 02:37:00,79.9
2025-06-12 22:49:00,59.1
2025-06-12 01:04:00,38.4
2025-06-12 15:15:00,26.5
2025-06-12 02:17:00,15.8
2025-06-12 04:22:00,11.2
2025-06-12 21:36:00,67.9
2025-06-12 03:21:00,32.6
2025-06-12 13:32:00,61.4
2025-06-12 21:36:00,82.4
2025-06-12 18:57:00,17.7
2025-06-12 01:57:00,34.7
2025-06-12 08:00:00,35.6
2025-06-12 16:01:00,49.73505924170616
2025-06-12 22:19:00,16.0
2025-06-12 20:09:00,49.73505924170616
2025-06-12 08:08:00,1.0
2025-06-12 05:37:00,20.3
2025-06-12 18:05:00,33.7
2025-06-12 04:45:00,36.9
2025-06-12 12:54:00,21.2
2025-06-12 05:37:00,5.9
2025-06-12 04:38:00,28.8
2025-06-12 16:55:00,24.8
2025-06-12 15:59:00,50.1
2025-06-12 05:40:00,48.4
2025-06-12 05:34:00,61.7
2025-06-12 06:17:00,20.8
2025-06-12 15:56:00,42.6
2025-06-12 05:33:00,31.6
2025-06-12 03:04:00,44.1
2025-06-12 08:07:00,51.2
2025-06-12 15:29:00,10.2
2025-06-12 18:04:00,6.4
2025-06-12 20:50:00,49.73505924170616
2025-06-12 01:14:00,49.73505924170616
2025-06-12 15:14:00,12.3
2025-06-12 05:46:00,49.73505924170616
2025-06-12 03:13:00,81.1
2025-06-12 05:34:00,49.73505924170616
2025-06-12 08:11:00,91.2
2025-06-12 13:26:00,49.73505924170616
2025-06-12 05:45:00,51.8
2025-06-12 02:34:00,82.4
2025-06-12 13:14:00,14.5
2025-06-12 12:34:00,77.0
2025-06-12 05:16:00,25.3
2025-06-12 13:36:00,44.5
2025-06-12 08:11:00,30.5
2025-06-12 18:20:00,62.8
2025-06-12 12:26:00,16.8
2025-06-12 06:22:00,3.3
2025-06-12 12:31:00,49.4
2025-06-12 08:55:00,91.4
2025-06-12 10:54:00,92.8
2025-06-12 17:54:00,49.73505924170616
2025-06-12 21:08:00,90.4
2025-06-12 23:10:00,52.8
2025-06-12 14:00:00,67.2
2025-06-12 09:59:00,86.1
2025-06-12 12:51:00,44.4
2025-06-12 17:48:00,42.9
2025-06-12 21:20:00,0.3
2025-06-12 06:47:00,38.1
2025-06-12 11:38:00,25.2
2025-06-12 10:38:00,25.9
2025-06-12 20:02:00,36.3
2025-06-12 11:48:00,49.73505924170616
2025-06-12 11:33:00,43.4
2025-06-12 00:33:00,2.8
2025-06-12 19:19:00,23.1
2025-06-12 17:17:00,40.2
2025-06-12 23:30:00,18.5
2025-06-12 06:21:00,88.1
2025-06-12 17:47:00,49.73505924170616
2025-06-12 05:19:00,93.8
2025-06-12 12:15:00,72.8
2025-06-12 09:03:00,46.6
2025-06-12 21:00:00,49.73505924170616
2025-06-12 22:34:00,42.9
2025-06-12 17:33:00,10.3
2025-06-12 16:33:00,49.73505924170616
2025-06-12 11:24:00,32.9
2025-06-12 21:24:00,10.8
2025-06-12 14:58:00,85.1
2025-06-12 12:00:00,12.1
2025-06-12 13:48:00,62.7
2025-06-12 18:02:00,30.3
2025-06-12 01:01:00,47.2
2025-06-12 16:04:00,0.2
2025-06-12 06:32:00,70.6
2025-06-12 15:58:00,31.2
2025-06-12 20:48:00,9.5
2025-06-12 00:28:00,47.0
2025-06-12 07:23:00,49.73505924170616
2025-06-12 11:44:00,5.2
2025-06-12 07:45:00,54.4
2025-06-12 03:40:00,25.2
2025-06-12 15:40:00,53.6
2025-06-12 20:17:00,44.2
2025-06-12 22:46:00,42.5
2025-06-12 07:34:00,82.5
2025-06-12 11:05:00,49.73505924170616
2025-06-12 07:44:00,4.9
2025-06-12 01:08:00,49.73505924170616
2025-06-12 06:50:00,49.0
2025-06-12 16:14:00,49.73505924170616
2025-06-12 21:14:00,22.3
2025-06-12 14:22:00,84.3
2025-06-12 12:19:00,5.6
2025-06-12 21:40:00,74.6
2025-06-12 23:37:00,35.8
2025-06-12 06:52:00,97.0
2025-06-12 13:53:00,1.3
2025-06-12 06:44:00,48.1
2025-06-12 04:25:00,49.73505924170616
2025-06-12 04:57:00,54.3
2025-06-12 08:55:00,15.9
2025-06-12 17:10:00,49.73505924170616
2025-06-12 18:28:00,0.9
2025-06-12 10:30:00,16.4
2025-06-12 02:12:00,38.5
2025-06-12 19:49:00,41.2
2025-06-12 23:54:00,49.73505924170616
2025-06-12 14:33:00,45.6
2025-06-12 11:03:00,92.1
2025-06-12 21:34:00,16.0
2025-06-12 05:05:00,4.3
2025-06-12 17:02:00,27.9
2025-06-12 11:55:00,92.1
2025-06-12 13:22:00,97.9
2025-06-12 14:39:00,55.9
2025-06-12 00:26:00,83.0
2025-06-12 02:08:00,53.8
2025-06-12 14:00:00,88.0
2025-06-12 17:02:00,74.8
2025-06-12 12:44:00,99.7
2025-06-12 10:17:00,82.4
2025-06-12 04:25:00,24.5
2025-06-12 10:07:00,44.6
2025-06-12 09:41:00,5.0
2025-06-12 22:54:00,49.73505924170616
2025-06-12 04:32:00,88.8
2025-06-12 17:05:00,88.6
2025-06-12 01:32:00,6.9
2025-06-12 00:27:00,41.8
2025-06-12 03:36:00,74.6
2025-06-12 02:59:00,20.0
2025-06-12 22:00:00,17.5
2025-06-12 22:26:00,90.2
2025-06-12 12:26:00,90.0
2025-06-12 08:01:00,49.73505924170616
2025-06-12 06:57:00,93.2
2025-06-12 20:36:00,35.7
2025-06-12 11:25:00,49.73505924170616
2025-06-12 17:52:00,49.73505924170616
2025-06-12 21:49:00,77.9
2025-06-12 19:06:00,4.7
2025-06-12 00:18:00,87.5
2025-06-12 19:14:00,67.5
2025-06-12 00:53:00,83.0
2025-06-12 16:59:00,91.8
2025-06-12 14:18:00,3.4
2025-06-12 14:08:00,36.7
2025-06-12 12:16:00,38.0
2025-06-12 08:00:00,82.9
2025-06-12 05:16:00,30.8
2025-06-12 23:46:00,29.9
2025-06-12 10:54:00,29.3
2025-06-12 21:27:00,67.5
2025-06-12 00:40:00,41.9
2025-06-12 09:36:00,49.73505924170616
2025-06-12 20:58:00,49.73505924170616
2025-06-12 13:35:00,31.9
2025-06-12 16:51:00,69.3
2025-06-12 10:55:00,48.7
2025-06-12 21:31:00,22.4
2025-06-12 02:50:00,80.6
2025-06-12 08:40:00,67.5
2025-06-12 13:25:00,85.6
2025-06-12 08:05:00,70.6
2025-06-12 05:42:00,92.8
2025-06-12 19:19:00,66.6
2025-06-12 14:42:00,18.4
2025-06-12 23:15:00,28.3
2025-06-12 00:37:00,54.1
2025-06-12 16:16:00,2.3
2025-06-12 01:09:00,60.1
2025-06-12 00:41:00,50.04950773558369
2025-06-12 00:03:00,43.2
2025-06-12 19:56:00,31.0
2025-06-12 11:14:00,25.4
2025-06-12 02:51:00,92.8
2025-06-12 09:02:00,30.9
2025-06-12 10:58:00,84.2
2025-06-12 17:23:00,81.0
2025-06-12 19:03:00,13.2
2025-06-12 22:36:00,39.7
2025-06-12 08:21:00,40.0
2025-06-12 07:19:00,36.9
2025-06-12 06:46:00,49.6
2025-06-12 13:59:00,93.4
2025-06-12 22:36:00,78.5
2025-06-12 11:01:00,18.1
2025-06-12 05:10:00,33.7
2025-06-12 12:22:00,21.5
2025-06-12 23:42:00,26.2
2025-06-12 06:00:00,27.5
2025-06-12 19:32:00,50.04950773558369
2025-06-12 04:46:00,51.2
2025-06-12 13:59:00,50.04950773558369
2025-06-12 03:11:00,58.4
2025-06-12 08:40:00,78.6
2025-06-12 16:25:00,50.04950773558369
2025-06-12 13:29:00,94.6
2025-06-12 13:47:00,50.04950773558369
2025-06-12 14:52:00,25.7
2025-06-12 16:33:00,73.7
2025-06-12 06:21:00,21.1
2025-06-12 14:05:00,50.04950773558369
2025-06-12 21:46:00,60.6
2025-06-12 06:56:00,96.1
2025-06-12 14:09:00,38.2
2025-06-12 18:16:00,50.04950773558369
2025-06-12 01:55:00,35.9
2025-06-12 15:54:00,39.2
2025-06-12 18:41:00,80.2
2025-06-12 02:19:00,87.9
2025-06-12 11:37:00,86.4
2025-06-12 18:06:00,89.4
2025-06-12 20:17:00,90.3
2025-06-12 01:29:00,26.1
2025-06-12 12:43:00,93.3
2025-06-12 01:36:00,37.8
2025-06-12 09:22:00,76.2
2025-06-12 13:05:00,30.6
2025-06-12 08:18:00,77.8
2025-06-12 01:00:00,27.9
2025-06-12 20:47:00,52.7
2025-06-12 22:40:00,6.2
2025-06-12 02:27:00,1.6
2025-06-12 18:04:00,58.7
2025-06-12 13:02:00,92.4
2025-06-12 17:54:00,44.1
2025-06-12 19:30:00,50.04950773558369
2025-06-12 01:03:00,71.1
2025-06-12 05:34:00,71.0
2025-06-12 17:46:00,13.0
2025-06-12 08:00:00,9.5
2025-06-12 09:38:00,86.4
2025-06-12 18:53:00,53.5
2025-06-12 20:05:00,30.2
2025-06-12 07:14:00,36.8
2025-06-12 14:00:00,99.1
2025-06-12 20:55:00,84.4
2025-06-12 04:52:00,36.7
2025-06-12 02:50:00,61.7
2025-06-12 09:02:00,28.6
2025-06-12 05:34:00,21.1
2025-06-12 15:41:00,50.04950773558369
2025-06-12 14:07:00,50.04950773558369
2025-06-12 15:16:00,46.1
2025-06-12 01:03:00,79.7
2025-06-12 01:41:00,50.04950773558369
2025-06-12 06:44:00,21.9
2025-06-12 17:05:00,7.0
2025-06-12 05:41:00,4.1
2025-06-12 17:47:00,75.8
2025-06-12 22:27:00,88.6
2025-06-12 02:06:00,47.9
2025-06-12 01:51:00,88.8
2025-06-12 23:54:00,51.6
2025-06-12 23:03:00,98.8
2025-06-12 03:41:00,10.1
2025-06-12 20:34:00,97.7
2025-06-12 20:40:00,73.5
2025-06-12 06:04:00,78.5
2025-06-12 02:58:00,50.04950773558369
2025-06-12 01:27:00,63.8
2025-06-12 14:38:00,72.5
2025-06-12 15:32:00,53.3
2025-06-12 00:42:00,60.5
2025-06-12 08:56:00,28.5
2025-06-12 09:26:00,94.7
2025-06-12 16:28:00,52.9
2025-06-12 12:52:00,50.04950773558369
2025-06-12 10:53:00,50.04950773558369
2025-06-12 07:32:00,6.1
2025-06-12 17:55:00,19.2
2025-06-12 09:12:00,59.0
2025-06-12 02:01:00,16.7
2025-06-12 01:16:00,50.04950773558369
2025-06-12 23:16:00,30.3
2025-06-12 17:22:00,42.8
2025-06-12 04:45:00,68.1
2025-06-12 23:17:00,51.2
2025-06-12 20:52:00,50.04950773558369
2025-06-12 07:48:00,81.7
2025-06-12 19:51:00,50.04950773558369
2025-06-12 16:34:00,88.5
2025-06-12 02:35:00,97.0
2025-06-12 03:32:00,37.9
2025-06-12 02:28:00,50.04950773558369
2025-06-12 06:48:00,97.3
2025-06-12 19:26:00,69.9
2025-06-12 14:38:00,68.9
2025-06-12 11:26:00,53.0
2025-06-12 12:31:00,19.1
2025-06-12 09:30:00,80.0
2025-06-12 15:32:00,27.3
2025-06-12 20:58:00,21.8
2025-06-12 19:46:00,41.6
2025-06-12 07:44:00,77.1
2025-06-12 12:07:00,50.04950773558369
2025-06-12 16:31:00,53.8
2025-06-12 13:28:00,32.0
2025-06-12 04:39:00,22.5
2025-06-12 16:42:00,12.0
2025-06-12 15:28:00,50.04950773558369
2025-06-12 06:19:00,73.2
2025-06-12 20:05:00,50.04950773558369
2025-06-12 14:40:00,25.7
2025-06-12 08:53:00,50.04950773558369
2025-06-12 03:41:00,23.7
2025-06-12 10:47:00,72.0
2025-06-12 06:34:00,5.1
2025-06-12 18:35:00,80.4
2025-06-12 03:28:00,50.04950773558369
2025-06-12 16:26:00,95.2
2025-06-12 10:43:00,50.04950773558369
2025-06-12 02:31:00,15.1
2025-06-12 23:39:00,98.1
2025-06-12 03:45:00,55.1
2025-06-12 23:51:00,23.6
2025-06-12 09:36:00,28.8
2025-06-12 05:55:00,50.04950773558369
2025-06-12 14:07:00,69.1
2025-06-12 06:18:00,35.5
2025-06-12 11:15:00,1.8
2025-06-12 02:05:00,68.9
2025-06-12 17:53:00,6.6
2025-06-12 03:32:00,12.4
2025-06-12 22:51:00,16.4
2025-06-12 22:51:00,76.0
2025-06-12 00:07:00,42.8
2025-06-12 05:05:00,53.7
2025-06-12 06:58:00,2.0
2025-06-12 15:11:00,73.3
2025-06-12 14:40:00,41.5
2025-06-12 09:27:00,50.04950773558369
2025-06-12 18:09:00,64.2
2025-06-12 15:40:00,40.2
2025-06-12 16:26:00,50.04950773558369
2025-06-12 04:20:00,99.5
2025-06-12 05:00:00,4.0
2025-06-12 09:26:00,32.3
2025-06-12 02:28:00,95.2
2025-06-12 17:22:00,95.3
2025-06-12 10:22:00,97.0
2025-06-12 05:12:00,10.9
2025-06-12 12:08:00,29.4
2025-06-12 00:51:00,77.5
2025-06-12 07:27:00,50.04950773558369
2025-06-12 12:19:00,84.8
2025-06-12 03:42:00,50.04950773558369
2025-06-12 23:41:00,84.6
2025-06-12 04:30:00,63.0
2025-06-12 09:45:00,48.7
2025-06-12 23:13:00,78.4
2025-06-12 08:23:00,71.5
2025-06-12 16:09:00,50.04950773558369
2025-06-12 13:23:00,50.04950773558369
2025-06-12 15:13:00,81.2
2025-06-12 04:00:00,57.9
2025-06-12 14:09:00,45.4
2025-06-12 01:37:00,22.4
2025-06-12 11:45:00,91.5
2025-06-12 19:01:00,2.3
2025-06-12 23:36:00,50.04950773558369
2025-06-12 09:52:00,13.3
2025-06-12 13:00:00,77.4
2025-06-12 01:46:00,50.04950773558369
2025-06-12 18:25:00,12.2
2025-06-12 14:11:00,52.4
2025-06-12 15:41:00,84.8
2025-06-12 19:56:00,22.8
2025-06-12 02:09:00,64.9
2025-06-12 23:49:00,50.04950773558369
2025-06-12 06:47:00,70.8
2025-06-12 20:23:00,50.04950773558369
2025-06-12 19:04:00,69.2
2025-06-12 11:33:00,57.6
2025-06-12 08:47:00,0.4
2025-06-12 14:50:00,5.8
2025-06-12 18:02:00,95.0
2025-06-12 13:42:00,81.0
2025-06-12 19:54:00,43.5
2025-06-12 22:14:00,68.0
2025-06-12 18:06:00,46.6
2025-06-12 06:23:00,26.4
2025-06-12 13:46:00,67.6
2025-06-12 10:11:00,31.1
2025-06-12 06:37:00,50.04950773558369
2025-06-12 10:41:00,48.9
2025-06-12 15:20:00,50.04950773558369
2025-06-12 18:02:00,84.7
2025-06-12 05:29:00,50.04950773558369
2025-06-12 19:33:00,50.04950773558369
2025-06-12 22:23:00,12.3
2025-06-12 16:41:00,7.4
2025-06-12 19:30:00,50.04950773558369
2025-06-12 06:35:00,53.7
2025-06-12 20:19:00,50.04950773558369
2025-06-12 10:28:00,50.04950773558369
2025-06-12 04:41:00,78.1
2025-06-12 17:31:00,72.7
2025-06-12 20:10:00,61.3
2025-06-12 17:59:00,9.0
2025-06-12 05:36:00,90.0
2025-06-12 23:36:00,50.04950773558369
2025-06-12 15:05:00,95.2
2025-06-12 17:01:00,38.9
2025-06-12 14:37:00,61.6
2025-06-12 09:42:00,16.8
2025-06-12 19:20:00,50.04950773558369
2025-06-12 08:24:00,40.7
2025-06-12 02:19:00,44.9
2025-06-12 23:04:00,64.1
2025-06-12 15:45:00,95.3
2025-06-12 16:24:00,93.9
2025-06-12 20:43:00,60.6
2025-06-12 09:15:00,95.9
2025-06-12 03:58:00,40.2
2025-06-12 20:58:00,48.4
2025-06-12 06:32:00,48.9
2025-06-12 04:50:00,50.04950773558369
2025-06-12 05:16:00,71.6
2025-06-12 18:30:00,79.7
2025-06-12 03:15:00,7.9
2025-06-12 11:24:00,91.5
2025-06-12 19:42:00,50.04950773558369
2025-06-12 08:47:00,10.2
2025-06-12 18:08:00,60.0
2025-06-12 14:36:00,10.2
2025-06-12 21:01:00,36.7
2025-06-12 01:17:00,50.04950773558369
2025-06-12 08:00:00,34.1
2025-06-12 17:15:00,21.5
2025-06-12 15:49:00,87.1
2025-06-12 17:41:00,2.7
2025-06-12 21:38:00,50.04950773558369
2025-06-12 00:19:00,56.5
2025-06-12 07:09:00,89.5
2025-06-12 10:45:00,24.7
2025-06-12 02:59:00,7.6
2025-06-12 06:48:00,60.3
2025-06-12 01:36:00,35.5
2025-06-12 07:56:00,79.0
2025-06-12 07:34:00,50.04950773558369
2025-06-12 01:48:00,24.7
2025-06-12 10:25:00,51.3
2025-06-12 08:29:00,74.8
2025-06-12 13:35:00,53.2
2025-06-12 01:20:00,50.04950773558369
2025-06-12 16:40:00,82.3
2025-06-12 02:47:00,76.1
2025-06-12 21:43:00,45.2
2025-06-12 05:05:00,93.2
2025-06-12 07:08:00,12.8
2025-06-12 08:12:00,1.0
2025-06-12 07:01:00,13.0
2025-06-12 08:26:00,91.4
2025-06-12 21:01:00,99.4
2025-06-12 08:07:00,50.04950773558369
2025-06-12 12:11:00,87.6
2025-06-12 20:16:00,50.04950773558369
2025-06-12 14:16:00,74.2
2025-06-12 15:38:00,74.1
2025-06-12 12:03:00,94.2
2025-06-12 18:36:00,56.1
2025-06-12 08:29:00,46.1
2025-06-12 19:57:00,65.8
2025-06-12 05:50:00,19.6
2025-06-12 00:13:00,61.0
2025-06-12 07:35:00,25.1
2025-06-12 10:43:00,51.0
2025-06-12 04:36:00,6.4
2025-06-12 03:37:00,70.9
2025-06-12 05:48:00,46.8
2025-06-12 08:48:00,9.3
2025-06-12 00:15:00,3.1
2025-06-12 11:47:00,98.2
2025-06-12 16:41:00,35.4
2025-06-12 23:56:00,33.6
2025-06-12 15:19:00,85.1
2025-06-12 08:57:00,50.04950773558369
2025-06-12 10:59:00,51.5
2025-06-12 09:39:00,11.1
2025-06-12 14:05:00,50.04950773558369
2025-06-12 22:39:00,75.1
2025-06-12 12:03:00,50.04950773558369
2025-06-12 12:49:00,50.04950773558369
2025-06-12 15:58:00,68.0
2025-06-12 22:56:00,97.5
2025-06-12 23:32:00,49.9
2025-06-12 12:32:00,19.5
2025-06-12 13:57:00,50.04950773558369
2025-06-12 18:26:00,26.1
2025-06-12 14:00:00,83.8
2025-06-12 13:31:00,61.1
2025-06-12 11:56:00,83.0
2025-06-12 16:27:00,50.04950773558369
2025-06-12 01:02:00,42.5
2025-06-12 09:08:00,50.04950773558369
2025-06-12 22:43:00,52.1
2025-06-12 23:43:00,64.1
2025-06-12 16:08:00,62.1
2025-06-12 15:21:00,85.5
2025-06-12 01:39:00,50.04950773558369
2025-06-12 05:02:00,37.1
2025-06-12 21:11:00,0.5
2025-06-12 04:36:00,31.0
2025-06-12 03:10:00,62.2
2025-06-12 01:12:00,49.64720650636492
2025-06-12 12:13:00,71.5
2025-06-12 09:28:00,85.2
2025-06-12 17:32:00,94.5
2025-06-12 22:11:00,6.0
2025-06-12 05:25:00,11.0
2025-06-12 02:18:00,21.5
2025-06-12 07:23:00,16.6
2025-06-12 02:06:00,67.0
2025-06-12 10:16:00,9.4
2025-06-12 12:01:00,57.6
2025-06-12 23:22:00,76.5
2025-06-12 00:46:00,49.64720650636492
2025-06-12 10:02:00,52.6
2025-06-12 13:15:00,26.0
2025-06-12 07:13:00,99.1
2025-06-12 14:37:00,76.3
2025-06-12 13:16:00,49.64720650636492
2025-06-12 02:25:00,8.3
2025-06-12 16:04:00,68.6
2025-06-12 14:44:00,63.0
2025-06-12 20:48:00,95.8
2025-06-12 08:57:00,43.8
2025-06-12 02:08:00,59.0
2025-06-12 08:03:00,25.6
2025-06-12 12:30:00,24.9
2025-06-12 17:36:00,49.64720650636492
2025-06-12 07:12:00,91.2
2025-06-12 03:24:00,12.9
2025-06-12 23:19:00,15.5
2025-06-12 18:51:00,38.2
2025-06-12 02:04:00,92.1
2025-06-12 19:09:00,0.4
2025-06-12 20:52:00,93.3
2025-06-12 05:57:00,43.7
2025-06-12 10:10:00,34.4
2025-06-12 22:59:00,49.64720650636492
2025-06-12 21:23:00,12.3
2025-06-12 04:23:00,7.0
2025-06-12 05:51:00,67.6
2025-06-12 22:43:00,14.4
2025-06-12 16:05:00,20.0
2025-06-12 16:11:00,49.64720650636492
2025-06-12 19:46:00,49.64720650636492
2025-06-12 05:26:00,41.6
2025-06-12 00:05:00,49.64720650636492
2025-06-12 15:32:00,49.64720650636492
2025-06-12 15:57:00,49.64720650636492
2025-06-12 06:45:00,82.6
2025-06-12 00:07:00,49.64720650636492
2025-06-12 21:34:00,12.5
2025-06-12 08:59:00,39.0
2025-06-12 05:27:00,32.4
2025-06-12 07:05:00,16.5
2025-06-12 14:54:00,35.9
2025-06-12 09:47:00,75.0
2025-06-12 10:06:00,84.7
2025-06-12 22:44:00,8.9
2025-06-12 07:16:00,39.2
2025-06-12 14:24:00,0.5
2025-06-12 16:53:00,93.4
2025-06-12 05:57:00,49.64720650636492
2025-06-12 09:28:00,50.5
2025-06-12 17:23:00,81.2
2025-06-12 20:29:00,49.64720650636492
2025-06-12 00:53:00,57.3
2025-06-12 19:16:00,29.5
2025-06-12 06:40:00,49.64720650636492
2025-06-12 11:59:00,45.6
2025-06-12 03:51:00,27.2
2025-06-12 12:30:00,13.3
2025-06-12 17:02:00,23.0
2025-06-12 17:13:00,10.2
2025-06-12 00:36:00,63.1
2025-06-12 01:07:00,45.4
2025-06-12 04:16:00,49.64720650636492
2025-06-12 18:55:00,63.6
2025-06-12 19:36:00,23.7
2025-06-12 00:25:00,50.7
2025-06-12 06:15:00,49.64720650636492
2025-06-12 04:04:00,86.2
2025-06-12 21:42:00,90.1
2025-06-12 03:49:00,49.64720650636492
2025-06-12 03:23:00,38.0
2025-06-12 13:28:00,32.1
2025-06-12 12:07:00,49.64720650636492
2025-06-12 22:33:00,40.2
2025-06-12 06:28:00,29.9
2025-06-12 13:35:00,72.1
2025-06-12 21:19:00,13.6
2025-06-12 21:44:00,72.8
2025-06-12 16:02:00,65.4
2025-06-12 23:49:00,38.3
2025-06-12 22:07:00,54.0
2025-06-12 05:57:00,97.0
2025-06-12 03:50:00,88.2
2025-06-12 16:15:00,41.8
2025-06-12 03:19:00,49.64720650636492
2025-06-12 19:34:00,23.0
2025-06-12 15:08:00,49.64720650636492
2025-06-12 09:03:00,87.4
2025-06-12 20:08:00,89.6
2025-06-12 06:13:00,6.2
2025-06-12 10:12:00,27.6
2025-06-12 13:42:00,49.64720650636492
2025-06-12 16:59:00,32.3
2025-06-12 08:37:00,69.6
2025-06-12 22:22:00,49.64720650636492
2025-06-12 07:55:00,65.2
2025-06-12 04:21:00,35.5
2025-06-12 21:59:00,86.7
2025-06-12 21:57:00,87.6
2025-06-12 23:04:00,49.64720650636492
2025-06-12 15:57:00,5.4
2025-06-12 06:20:00,84.8
2025-06-12 13:20:00,71.4
2025-06-12 17:40:00,21.6
2025-06-12 00:57:00,49.64720650636492
2025-06-12 15:38:00,45.8
2025-06-12 19:34:00,15.8
2025-06-12 04:43:00,52.6
2025-06-12 21:22:00,49.64720650636492
2025-06-12 22:17:00,88.0
2025-06-12 06:42:00,63.6
2025-06-12 19:19:00,31.2
2025-06-12 01:57:00,33.6
2025-06-12 14:21:00,27.7
2025-06-12 00:53:00,97.2
2025-06-12 13:33:00,49.64720650636492
2025-06-12 12:53:00,56.4
2025-06-12 17:52:00,49.9
2025-06-12 02:38:00,95.5
2025-06-12 13:37:00,83.5
2025-06-12 07:23:00,13.0
2025-06-12 22:20:00,77.3
2025-06-12 02:35:00,39.4
2025-06-12 14:31:00,51.4
2025-06-12 01:20:00,27.3
2025-06-12 10:51:00,51.6
2025-06-12 12:59:00,29.7
2025-06-12 09:30:00,14.5
2025-06-12 06:17:00,12.7
2025-06-12 08:59:00,27.2
2025-06-12 03:27:00,49.64720650636492
2025-06-12 07:09:00,27.8
2025-06-12 10:02:00,25.6
2025-06-12 18:26:00,49.64720650636492
2025-06-12 18:09:00,68.2
2025-06-12 02:51:00,71.7
2025-06-12 05:10:00,19.9
2025-06-12 23:13:00,57.0
2025-06-12 18:41:00,6.9
2025-06-12 10:04:00,35.7
2025-06-12 13:48:00,72.9
2025-06-12 01:58:00,97.7
2025-06-12 14:56:00,83.5
2025-06-12 06:30:00,49.64720650636492
2025-06-12 20:40:00,80.0
2025-06-12 11:25:00,33.5
2025-06-12 21:47:00,36.6
2025-06-12 00:47:00,49.64720650636492
2025-06-12 16:05:00,11.7
2025-06-12 01:46:00,91.6
2025-06-12 14:42:00,78.5
2025-06-12 01:16:00,11.9
2025-06-12 15:14:00,64.7
2025-06-12 07:59:00,49.64720650636492
2025-06-12 20:50:00,2.8
2025-06-12 19:18:00,30.6
2025-06-12 13:26:00,38.6
2025-06-12 12:00:00,46.7
2025-06-12 08:10:00,1.2
2025-06-12 08:08:00,49.64720650636492
2025-06-12 00:18:00,47.4
2025-06-12 10:00:00,32.2
2025-06-12 21:41:00,91.8
2025-06-12 18:47:00,71.8
2025-06-12 12:39:00,49.64720650636492
2025-06-12 21:27:00,87.9
2025-06-12 03:59:00,36.4
2025-06-12 22:52:00,64.4
2025-06-12 12:20:00,82.2
2025-06-12 09:58:00,97.9
2025-06-12 10:49:00,94.8
2025-06-12 02:38:00,49.64720650636492
2025-06-12 18:23:00,45.2
2025-06-12 16:55:00,24.9
2025-06-12 07:47:00,49.64720650636492
2025-06-12 02:17:00,49.64720650636492
2025-06-12 15:12:00,38.0
2025-06-12 06:51:00,89.2
2025-06-12 00:19:00,36.5
2025-06-12 14:07:00,2.6
2025-06-12 04:36:00,49.64720650636492
2025-06-12 08:17:00,69.9
2025-06-12 18:51:00,38.8
2025-06-12 15:32:00,40.1
2025-06-12 12:37:00,49.7
2025-06-12 14:31:00,48.1
2025-06-12 05:25:00,49.64720650636492
2025-06-12 22:53:00,87.0
2025-06-12 13:09:00,91.9
2025-06-12 10:05:00,69.9
2025-06-12 18:00:00,49.64720650636492
2025-06-12 03:31:00,69.4
2025-06-12 08:13:00,52.8
2025-06-12 09:03:00,37.7
2025-06-12 17:01:00,59.0
2025-06-12 10:57:00,13.9
2025-06-12 12:45:00,48.8
2025-06-12 13:52:00,7.3
2025-06-12 04:26:00,3.5
2025-06-12 15:02:00,44.1
2025-06-12 03:54:00,49.64720650636492
2025-06-12 20:12:00,49.64720650636492
2025-06-12 07:36:00,62.9
2025-06-12 22:20:00,49.64720650636492
2025-06-12 06:21:00,90.1
2025-06-12 05:16:00,60.1
2025-06-12 20:53:00,51.3
2025-06-12 02:26:00,5.4
2025-06-12 00:50:00,49.64720650636492
2025-06-12 17:14:00,18.3
2025-06-12 10:52:00,6.8
2025-06-12 11:11:00,17.1
2025-06-12 14:03:00,65.9
2025-06-12 16:10:00,49.64720650636492
2025-06-12 12:40:00,0.0
2025-06-12 04:43:00,65.2
2025-06-12 06:07:00,14.5
2025-06-12 06:05:00,49.64720650636492
2025-06-12 20:41:00,34.3
2025-06-12 00:03:00,11.0
2025-06-12 22:19:00,66.4
2025-06-12 17:18:00,49.64720650636492
2025-06-12 06:44:00,86.6
2025-06-12 11:09:00,46.4
2025-06-12 10:07:00,93.2
2025-06-12 14:41:00,39.0
2025-06-12 06:20:00,82.1
2025-06-12 07:42:00,84.3
2025-06-12 02:30:00,36.0
2025-06-12 13:15:00,86.1
2025-06-12 15:03:00,12.1
2025-06-12 15:45:00,96.4
2025-06-12 19:58:00,94.3
2025-06-12 09:10:00,6.2
2025-06-12 00:30:00,49.64720650636492
2025-06-12 15:16:00,35.5
2025-06-12 09:18:00,43.1
2025-06-12 02:56:00,52.2
2025-06-12 21:30:00,97.7
2025-06-12 01:05:00,33.5
2025-06-12 18:33:00,26.9
2025-06-12 00:20:00,14.9
2025-06-12 02:54:00,49.6
2025-06-12 14:17:00,94.3
2025-06-12 08:08:00,39.8
2025-06-12 20:10:00,49.64720650636492
2025-06-12 09:44:00,72.0
2025-06-12 04:10:00,60.6
2025-06-12 19:20:00,81.6
2025-06-12 07:41:00,47.5
2025-06-12 11:32:00,84.7
2025-06-12 05:16:00,14.5
2025-06-12 05:43:00,41.3
2025-06-12 06:43:00,51.8
2025-06-12 01:19:00,24.2
2025-06-12 15:39:00,65.2
2025-06-12 01:19:00,35.5
2025-06-12 19:07:00,72.6
2025-06-12 13:16:00,33.5
2025-06-12 23:55:00,92.3
2025-06-12 05:52:00,28.2
2025-06-12 07:48:00,3.1
2025-06-12 04:59:00,21.2
2025-06-12 12:37:00,0.9
2025-06-12 15:37:00,80.2
2025-06-12 01:21:00,88.0
2025-06-12 20:46:00,55.5
2025-06-12 01:47:00,74.6
2025-06-12 02:36:00,24.0
2025-06-12 14:14:00,66.0
2025-06-12 11:00:00,3.8
2025-06-12 08:39:00,69.2
2025-06-12 13:59:00,26.7
2025-06-12 07:30:00,90.3
2025-06-12 10:10:00,23.6
2025-06-12 14:28:00,97.8
2025-06-12 05:07:00,45.5
2025-06-12 01:21:00,36.2
2025-06-12 15:59:00,61.8
2025-06-12 01:25:00,82.5
2025-06-12 15:44:00,49.64720650636492
2025-06-12 21:50:00,0.6
2025-06-12 09:20:00,11.5
2025-06-12 20:58:00,3.7
2025-06-12 09:54:00,45.2
2025-06-12 21:08:00,99.1
2025-06-12 14:10:00,82.8
2025-06-12 14:26:00,21.6
2025-06-12 18:42:00,35.4
2025-06-12 08:37:00,64.4
2025-06-12 14:45:00,4.8
2025-06-12 10:40:00,35.3
2025-06-12 08:45:00,44.6
2025-06-12 16:20:00,68.5
2025-06-12 18:14:00,37.7
2025-06-12 01:11:00,65.1
2025-06-12 04:11:00,91.7
2025-06-12 03:20:00,38.8
2025-06-12 14:33:00,9.6
2025-06-12 20:32:00,35.6
2025-06-12 21:22:00,76.4
2025-06-12 08:52:00,36.6
2025-06-12 02:13:00,54.5
2025-06-12 09:48:00,46.7
2025-06-12 01:54:00,33.1
2025-06-12 20:43:00,6.5
2025-06-12 14:23:00,2.3
2025-06-12 06:23:00,43.6
2025-06-12 02:58:00,47.2
2025-06-12 16:54:00,16.8
2025-06-12 02:14:00,1.6
2025-06-12 22:23:00,71.1
2025-06-12 14:55:00,76.5
2025-06-12 07:08:00,13.9
2025-06-12 21:13:00,56.1
2025-06-12 00:54:00,20.4
2025-06-12 07:44:00,49.44888862615275
2025-06-12 15:40:00,88.6
2025-06-12 06:52:00,55.1
2025-06-12 23:38:00,49.44888862615275
2025-06-12 21:43:00,49.44888862615275
2025-06-12 10:43:00,44.0
2025-06-12 04:10:00,48.4
2025-06-12 12:50:00,1.8
2025-06-12 22:47:00,49.8
2025-06-12 00:57:00,85.5
2025-06-12 04:43:00,7.9
2025-06-12 05:10:00,49.44888862615275
2025-06-12 19:48:00,62.4
2025-06-12 04:36:00,33.7
2025-06-12 21:45:00,90.2
2025-06-12 22:45:00,40.6
2025-06-12 11:39:00,29.2
2025-06-12 20:21:00,23.3
2025-06-12 03:43:00,43.1
2025-06-12 22:22:00,16.0
2025-06-12 19:14:00,41.2
2025-06-12 20:14:00,89.5
2025-06-12 23:50:00,77.4
2025-06-12 20:42:00,47.1
2025-06-12 01:57:00,47.2
2025-06-12 14:38:00,9.6
2025-06-12 18:07:00,71.7
2025-06-12 09:32:00,18.7
2025-06-12 05:01:00,93.2
2025-06-12 10:44:00,86.4
2025-06-12 13:59:00,81.9
2025-06-12 00:51:00,60.8
2025-06-12 12:45:00,49.44888862615275
2025-06-12 01:36:00,74.9
2025-06-12 19:52:00,81.2
2025-06-12 22:20:00,66.1
2025-06-12 07:02:00,35.8
2025-06-12 18:21:00,67.6
2025-06-12 01:21:00,21.4
2025-06-12 20:53:00,39.6
2025-06-12 21:15:00,68.8
2025-06-12 17:29:00,73.9
2025-06-12 16:30:00,38.6
2025-06-12 15:55:00,98.6
2025-06-12 14:10:00,27.8
2025-06-12 12:51:00,83.6
2025-06-12 22:37:00,49.44888862615275
2025-06-12 17:37:00,58.6
2025-06-12 14:52:00,24.8
2025-06-12 09:19:00,21.8
2025-06-12 18:47:00,49.44888862615275
2025-06-12 12:31:00,49.44888862615275
2025-06-12 01:01:00,19.8
2025-06-12 17:12:00,49.44888862615275
2025-06-12 10:54:00,7.6
2025-06-12 01:24:00,63.7
2025-06-12 17:06:00,49.1
2025-06-12 09:58:00,58.7
2025-06-12 19:59:00,76.9
2025-06-12 10:32:00,21.4
2025-06-12 09:03:00,39.1
2025-06-12 05:26:00,55.4
2025-06-12 19:02:00,49.44888862615275
2025-06-12 02:18:00,42.1
2025-06-12 11:48:00,1.2
2025-06-12 12:10:00,49.44888862615275
2025-06-12 03:05:00,46.7
2025-06-12 04:39:00,28.2
2025-06-12 17:27:00,80.6
2025-06-12 18:10:00,49.44888862615275
2025-06-12 07:17:00,87.6
2025-06-12 17:31:00,80.1
2025-06-12 23:35:00,97.6
2025-06-12 08:39:00,75.5
2025-06-12 16:35:00,66.6
2025-06-12 09:12:00,1.6
2025-06-12 06:46:00,49.44888862615275
2025-06-12 17:26:00,3.1
2025-06-12 06:19:00,49.44888862615275
2025-06-12 05:37:00,99.4
2025-06-12 02:42:00,74.6
2025-06-12 04:09:00,8.9
2025-06-12 06:10:00,41.0
2025-06-12 20:31:00,26.0
2025-06-12 03:27:00,2.0
2025-06-12 15:31:00,75.4
2025-06-12 01:42:00,62.9
2025-06-12 08:52:00,12.5
2025-06-12 08:04:00,49.44888862615275
2025-06-12 15:18:00,37.0
2025-06-12 17:10:00,79.3
2025-06-12 20:23:00,69.2
2025-06-12 18:10:00,41.1
2025-06-12 18:43:00,30.1
2025-06-12 18:44:00,76.6
2025-06-12 13:27:00,67.3
2025-06-12 06:40:00,61.5
2025-06-12 14:25:00,88.0
2025-06-12 14:36:00,26.9
2025-06-12 03:02:00,25.4
2025-06-12 20:47:00,35.8
2025-06-12 10:52:00,75.1
2025-06-12 00:21:00,57.0
2025-06-12 20:09:00,53.1
2025-06-12 12:06:00,92.9
2025-06-12 03:27:00,49.44888862615275
2025-06-12 10:10:00,6.0
2025-06-12 06:33:00,49.6
2025-06-12 17:30:00,64.0
2025-06-12 03:14:00,43.2
2025-06-12 09:48:00,35.2
2025-06-12 20:34:00,95.5
2025-06-12 17:40:00,49.44888862615275
2025-06-12 21:14:00,49.44888862615275
2025-06-12 04:01:00,20.6
2025-06-12 08:33:00,78.8
2025-06-12 13:06:00,54.8
2025-06-12 18:44:00,20.8
2025-06-12 20:45:00,40.7
2025-06-12 21:17:00,49.44888862615275
2025-06-12 21:37:00,35.8
2025-06-12 01:47:00,3.6
2025-06-12 16:06:00,57.4
2025-06-12 17:17:00,91.1
2025-06-12 08:29:00,14.7
2025-06-12 18:45:00,56.4
2025-06-12 23:25:00,96.2
2025-06-12 13:53:00,77.2
2025-06-12 20:03:00,71.0
2025-06-12 05:41:00,7.4
2025-06-12 13:25:00,61.6
2025-06-12 04:35:00,54.0
2025-06-12 19:18:00,57.0
2025-06-12 07:02:00,96.1
2025-06-12 17:02:00,17.2
2025-06-12 09:40:00,11.5
2025-06-12 18:55:00,17.8
2025-06-12 13:45:00,26.7
2025-06-12 09:33:00,38.9
2025-06-12 14:30:00,49.44888862615275
2025-06-12 20:21:00,86.5
2025-06-12 16:20:00,48.7
2025-06-12 17:43:00,87.0
2025-06-12 10:03:00,6.7
2025-06-12 10:04:00,58.6
2025-06-12 04:54:00,75.5
2025-06-12 14:14:00,57.8
2025-06-12 22:47:00,49.44888862615275
2025-06-12 11:13:00,81.8
2025-06-12 03:42:00,5.3
2025-06-12 17:18:00,37.1
2025-06-12 09:58:00,49.44888862615275
2025-06-12 14:38:00,36.6
2025-06-12 22:27:00,49.44888862615275
2025-06-12 02:47:00,38.1
2025-06-12 00:08:00,64.5
2025-06-12 11:45:00,49.44888862615275
2025-06-12 14:15:00,49.7
2025-06-12 03:56:00,32.9
2025-06-12 13:02:00,22.9
2025-06-12 07:47:00,36.0
2025-06-12 15:15:00,51.2
2025-06-12 02:43:00,42.5
2025-06-12 19:47:00,53.6
2025-06-12 21:37:00,49.44888862615275
2025-06-12 21:55:00,39.0
2025-06-12 00:47:00,56.3
2025-06-12 14:58:00,14.8
2025-06-12 00:51:00,49.44888862615275
2025-06-12 05:33:00,54.2
2025-06-12 14:58:00,81.6
2025-06-12 12:54:00,99.3
2025-06-12 05:00:00,2.6
2025-06-12 21:54:00,43.0
2025-06-12 16:23:00,6.4
2025-06-12 00:58:00,49.44888862615275
2025-06-12 07:04:00,71.3
2025-06-12 16:22:00,30.7
2025-06-12 10:45:00,97.8
2025-06-12 13:09:00,17.6
2025-06-12 17:19:00,56.8
2025-06-12 22:02:00,23.6
2025-06-12 05:48:00,62.3
2025-06-12 02:26:00,25.5
2025-06-12 18:01:00,75.8
2025-06-12 17:07:00,24.2
2025-06-12 15:16:00,78.4
2025-06-12 17:27:00,52.6
2025-06-12 12:54:00,49.44888862615275
2025-06-12 21:28:00,57.6
2025-06-12 14:57:00,25.0
2025-06-12 12:40:00,49.44888862615275
2025-06-12 12:42:00,87.3
2025-06-12 18:57:00,49.44888862615275
2025-06-12 10:05:00,49.44888862615275
2025-06-12 10:47:00,49.44888862615275
2025-06-12 19:40:00,4.9
2025-06-12 10:36:00,49.44888862615275
2025-06-12 14:33:00,81.1
2025-06-12 07:45:00,89.3
2025-06-12 04:48:00,61.0
2025-06-12 04:55:00,17.1
2025-06-12 06:08:00,32.2
2025-06-12 16:22:00,49.44888862615275
2025-06-12 16:46:00,28.4
2025-06-12 09:05:00,0.0
2025-06-12 15:52:00,13.3
2025-06-12 13:07:00,49.44888862615275
2025-06-12 07:18:00,66.9
2025-06-12 12:49:00,49.44888862615275
2025-06-12 13:53:00,87.3
2025-06-12 10:44:00,38.5
2025-06-12 10:24:00,40.3
2025-06-12 13:18:00,49.44888862615275
2025-06-12 20:26:00,77.9
2025-06-12 12:22:00,97.2
2025-06-12 22:03:00,56.5
2025-06-12 06:05:00,72.4
2025-06-12 18:30:00,28.6
2025-06-12 10:36:00,83.5
2025-06-12 21:55:00,49.44888862615275
2025-06-12 22:52:00,86.6
2025-06-12 20:18:00,48.9
2025-06-12 15:49:00,93.6
2025-06-12 23:55:00,14.8
2025-06-12 00:32:00,13.8
2025-06-12 20:15:00,59.4
2025-06-12 10:21:00,49.44888862615275
2025-06-12 18:10:00,44.8
2025-06-12 10:21:00,20.3
2025-06-12 07:27:00,49.44888862615275
2025-06-12 03:46:00,94.4
2025-06-12 15:13:00,40.8
2025-06-12 15:20:00,32.3
2025-06-12 18:56:00,27.8
2025-06-12 19:53:00,77.8
2025-06-12 07:09:00,93.8
2025-06-12 14:09:00,2.1
2025-06-12 12:24:00,21.3
2025-06-12 11:50:00,55.8
2025-06-12 22:12:00,7.2
2025-06-12 02:05:00,71.4
2025-06-12 13:27:00,69.0
2025-06-12 03:39:00,11.9
2025-06-12 21:20:00,85.8
2025-06-12 04:10:00,80.8
2025-06-12 05:25:00,69.2
2025-06-12 02:24:00,50.6
2025-06-12 06:51:00,77.1
2025-06-12 03:53:00,42.9
2025-06-12 08:31:00,25.0
2025-06-12 12:03:00,49.44888862615275
2025-06-12 20:04:00,34.4
2025-06-12 15:15:00,8.3
2025-06-12 06:42:00,91.2
2025-06-12 14:42:00,8.0
2025-06-12 10:25:00,1.9
2025-06-12 20:52:00,0.7
2025-06-12 12:24:00,45.3
2025-06-12 15:45:00,53.3
2025-06-12 20:36:00,58.7
2025-06-12 08:04:00,72.5
2025-06-12 22:21:00,52.2
2025-06-12 05:26:00,51.9
2025-06-12 04:57:00,49.44888862615275
2025-06-12 06:46:00,14.0
2025-06-12 23:06:00,24.6
2025-06-12 21:49:00,35.9
2025-06-12 14:49:00,69.7
2025-06-12 23:53:00,67.8
2025-06-12 06:49:00,57.3
2025-06-12 14:34:00,77.3
2025-06-12 09:49:00,49.44888862615275
2025-06-12 11:35:00,43.0
2025-06-12 09:00:00,49.44888862615275
2025-06-12 13:35:00,78.3
2025-06-12 13:12:00,55.7
2025-06-12 20:39:00,44.3
2025-06-12 19:48:00,88.4
2025-06-12 14:02:00,10.2
2025-06-12 12:45:00,29.5
2025-06-12 19:01:00,4.7
2025-06-12 18:37:00,80.9
2025-06-12 06:53:00,99.4
2025-06-12 23:37:00,37.2
2025-06-12 01:45:00,44.7
2025-06-12 13:56:00,14.7
2025-06-12 07:33:00,50.4
2025-06-12 23:55:00,84.4
2025-06-12 12:41:00,85.4
2025-06-12 13:20:00,5.5
2025-06-12 22:06:00,87.7
2025-06-12 11:42:00,49.44888862615275
2025-06-12 01:50:00,53.1
2025-06-12 17:57:00,49.44888862615275
2025-06-12 01:06:00,49.44888862615275
2025-06-12 07:38:00,38.4
2025-06-12 21:04:00,39.8
2025-06-12 10:36:00,34.1
2025-06-12 09:18:00,55.1
2025-06-12 22:21:00,5.8
2025-06-12 11:53:00,51.3
2025-06-12 14:29:00,26.0
2025-06-12 06:12:00,98.2
2025-06-12 20:38:00,14.1
2025-06-12 10:44:00,49.4
2025-06-12 03:28:00,49.44888862615275
2025-06-12 07:56:00,98.0
2025-06-12 00:11:00,86.1
2025-06-12 11:20:00,83.4
2025-06-12 17:33:00,49.44888862615275
2025-06-12 03:02:00,49.44888862615275
2025-06-12 12:06:00,49.44888862615275
2025-06-12 19:37:00,61.3
2025-06-12 03:17:00,26.8
2025-06-12 00:49:00,60.1
2025-06-12 14:00:00,3.2
2025-06-12 21:01:00,64.9
2025-06-12 14:37:00,77.3
2025-06-12 00:53:00,49.44888862615275
2025-06-12 19:55:00,22.9
2025-06-12 05:10:00,51.7
2025-06-12 12:10:00,49.44888862615275
2025-06-12 19:32:00,33.2
2025-06-12 12:10:00,9.0
2025-06-12 16:42:00,49.44888862615275
2025-06-12 12:50:00,74.9
2025-06-12 16:36:00,84.1
2025-06-12 22:55:00,95.4
2025-06-12 17:52:00,72.5
2025-06-12 10:06:00,70.6
2025-06-12 07:38:00,96.9
2025-06-12 03:25:00,58.7
2025-06-12 15:23:00,59.1
2025-06-12 22:26:00,34.5
2025-06-12 12:00:00,92.6
2025-06-12 15:26:00,91.5
2025-06-12 02:09:00,85.1
2025-06-12 01:06:00,57.1
2025-06-12 02:27:00,55.4
2025-06-12 22:45:00,76.1
2025-06-12 04:33:00,11.2
2025-06-12 14:42:00,87.7
2025-06-12 03:13:00,47.9
2025-06-12 08:49:00,8.0
2025-06-12 02:51:00,23.5
2025-06-12 05:17:00,84.4
2025-06-12 07:35:00,66.3
2025-06-12 11:04:00,92.9
2025-06-12 18:58:00,45.5
2025-06-12 09:51:00,98.6
2025-06-12 08:12:00,98.8
2025-06-12 14:42:00,19.2
2025-06-12 06:03:00,49.953150620754265
2025-06-12 00:04:00,16.0
2025-06-12 00:22:00,96.9
2025-06-12 21:40:00,49.953150620754265
2025-06-12 03:36:00,1.2
2025-06-12 11:39:00,64.0
2025-06-12 09:39:00,85.2
2025-06-12 05:41:00,62.4
2025-06-12 15:12:00,49.953150620754265
2025-06-12 22:51:00,31.8
2025-06-12 12:37:00,22.2
2025-06-12 02:06:00,47.4
2025-06-12 09:11:00,7.5
2025-06-12 19:24:00,35.7
2025-06-12 13:24:00,70.2
2025-06-12 19:36:00,77.4
2025-06-12 10:37:00,46.7
2025-06-12 05:54:00,49.953150620754265
2025-06-12 17:03:00,63.2
2025-06-12 22:14:00,39.9
2025-06-12 07:59:00,18.7
2025-06-12 10:24:00,23.6
2025-06-12 14:09:00,48.4
2025-06-12 03:38:00,63.8
2025-06-12 17:39:00,83.4
2025-06-12 01:19:00,49.953150620754265
2025-06-12 16:56:00,38.0
2025-06-12 18:23:00,24.6
2025-06-12 03:09:00,49.953150620754265
2025-06-12 07:32:00,57.5
2025-06-12 23:41:00,52.2
2025-06-12 14:03:00,32.5
2025-06-12 21:18:00,28.8
2025-06-12 12:13:00,74.6
2025-06-12 00:13:00,90.1
2025-06-12 03:38:00,49.953150620754265
2025-06-12 13:03:00,45.7
2025-06-12 03:09:00,49.953150620754265
2025-06-12 23:04:00,40.7
2025-06-12 23:14:00,71.4
2025-06-12 01:51:00,49.953150620754265
2025-06-12 07:06:00,49.953150620754265
2025-06-12 15:18:00,71.8
2025-06-12 20:00:00,94.7
2025-06-12 07:49:00,24.3
2025-06-12 05:50:00,1.9
2025-06-12 16:53:00,83.9
2025-06-12 20:50:00,36.0
2025-06-12 23:32:00,1.4
2025-06-12 06:47:00,87.2
2025-06-12 16:00:00,68.6
2025-06-12 00:33:00,73.7
2025-06-12 18:12:00,99.0
2025-06-12 01:17:00,98.2
2025-06-12 21:00:00,67.6
2025-06-12 08:32:00,30.6
2025-06-12 15:59:00,97.8
2025-06-12 20:25:00,26.8
2025-06-12 19:25:00,49.953150620754265
2025-06-12 18:32:00,1.5
2025-06-12 01:06:00,27.4
2025-06-12 16:37:00,99.5
2025-06-12 17:44:00,21.2
2025-06-12 22:30:00,61.1
2025-06-12 04:02:00,98.9
2025-06-12 23:41:00,49.953150620754265
2025-06-12 11:34:00,60.1
2025-06-12 12:58:00,53.0
2025-06-12 04:50:00,73.9
2025-06-12 18:40:00,74.7
2025-06-12 15:15:00,3.5
2025-06-12 05:19:00,18.5
2025-06-12 05:45:00,21.8
2025-06-12 18:10:00,77.3
2025-06-12 09:17:00,52.9
2025-06-12 15:37:00,6.8
2025-06-12 10:58:00,94.1
2025-06-12 23:31:00,76.8
2025-06-12 12:43:00,99.9
2025-06-12 13:56:00,13.9
2025-06-12 09:12:00,4.7
2025-06-12 12:32:00,93.0
2025-06-12 19:49:00,49.953150620754265
2025-06-12 22:41:00,14.5
2025-06-12 08:16:00,51.1
2025-06-12 00:41:00,82.8
2025-06-12 13:38:00,21.6
2025-06-12 08:19:00,91.5
2025-06-12 20:10:00,100.0
2025-06-12 05:03:00,16.1
2025-06-12 23:03:00,16.7
2025-06-12 03:48:00,68.9
2025-06-12 20:01:00,9.3
2025-06-12 19:06:00,82.0
2025-06-12 06:21:00,49.953150620754265
2025-06-12 17:43:00,91.8
2025-06-12 07:23:00,55.3
2025-06-12 12:07:00,94.0
2025-06-12 10:09:00,3.2
2025-06-12 10:08:00,49.953150620754265
2025-06-12 05:24:00,49.953150620754265
2025-06-12 03:24:00,58.6
2025-06-12 11:36:00,68.0
2025-06-12 06:23:00,78.5
2025-06-12 22:20:00,61.6
2025-06-12 07:19:00,49.953150620754265
2025-06-12 07:00:00,6.1
2025-06-12 16:44:00,15.9
2025-06-12 13:24:00,37.3
2025-06-12 07:58:00,24.1
2025-06-12 16:21:00,8.3
2025-06-12 10:38:00,49.953150620754265
2025-06-12 15:50:00,60.9
2025-06-12 13:45:00,20.0
2025-06-12 01:37:00,94.0
2025-06-12 00:36:00,71.1
2025-06-12 17:02:00,31.1
2025-06-12 02:00:00,92.8
2025-06-12 19:16:00,69.8
2025-06-12 01:21:00,12.8
2025-06-12 13:26:00,5.8
2025-06-12 22:13:00,7.1
2025-06-12 12:09:00,33.1
2025-06-12 09:34:00,49.953150620754265
2025-06-12 03:18:00,46.7
2025-06-12 19:40:00,62.2
2025-06-12 00:35:00,46.7
2025-06-12 06:30:00,85.4
2025-06-12 21:54:00,35.8
2025-06-12 09:36:00,49.953150620754265
2025-06-12 13:47:00,64.1
2025-06-12 21:59:00,6.0
2025-06-12 23:35:00,49.953150620754265
2025-06-12 08:28:00,24.8
2025-06-12 02:00:00,94.4
2025-06-12 01:22:00,47.9
2025-06-12 07:43:00,56.1
2025-06-12 01:16:00,12.0
2025-06-12 16:07:00,49.0
2025-06-12 19:27:00,8.6
2025-06-12 07:29:00,56.2
2025-06-12 19:15:00,49.953150620754265
2025-06-12 01:10:00,22.9
2025-06-12 06:52:00,7.8
2025-06-12 08:55:00,10.8
2025-06-12 14:14:00,21.9
2025-06-12 06:29:00,50.2
2025-06-12 04:49:00,77.6
2025-06-12 08:38:00,49.953150620754265
2025-06-12 13:41:00,82.7
2025-06-12 07:31:00,77.0
2025-06-12 01:48:00,45.8
2025-06-12 04:21:00,51.9
2025-06-12 07:30:00,19.5
2025-06-12 00:57:00,49.953150620754265
2025-06-12 10:01:00,93.3
2025-06-12 23:04:00,20.8
2025-06-12 19:55:00,56.1
2025-06-12 18:37:00,41.9
2025-06-12 23:09:00,57.1
2025-06-12 10:25:00,37.5
2025-06-12 08:02:00,53.4
2025-06-12 03:30:00,20.0
2025-06-12 19:32:00,54.4
2025-06-12 13:35:00,74.9
2025-06-12 03:18:00,24.5
2025-06-12 22:19:00,21.4
2025-06-12 15:00:00,7.7
2025-06-12 07:10:00,57.7
2025-06-12 14:31:00,53.1
2025-06-12 16:59:00,14.9
2025-06-12 12:57:00,49.953150620754265
2025-06-12 21:52:00,34.1
2025-06-12 18:12:00,49.953150620754265
2025-06-12 06:27:00,10.2
2025-06-12 10:48:00,49.953150620754265
2025-06-12 18:24:00,52.6
2025-06-12 06:36:00,33.9
2025-06-12 06:05:00,49.953150620754265
2025-06-12 21:14:00,15.0
2025-06-12 04:06:00,42.0
2025-06-12 09:27:00,56.3
2025-06-12 19:23:00,46.0
2025-06-12 01:26:00,76.0
2025-06-12 18:32:00,63.4
2025-06-12 04:12:00,68.2
2025-06-12 02:08:00,42.9
2025-06-12 12:55:00,21.2
2025-06-12 21:31:00,75.7
2025-06-12 15:38:00,49.953150620754265
2025-06-12 19:58:00,86.5
2025-06-12 14:02:00,92.6
2025-06-12 18:29:00,90.4
2025-06-12 00:28:00,77.0
2025-06-12 14:40:00,39.2
2025-06-12 13:21:00,0.6
2025-06-12 13:39:00,36.1
2025-06-12 22:23:00,79.8
2025-06-12 16:35:00,8.7
2025-06-12 20:28:00,49.953150620754265
2025-06-12 10:23:00,33.5
2025-06-12 01:27:00,49.953150620754265
2025-06-12 12:37:00,49.953150620754265
2025-06-12 05:35:00,82.8
2025-06-12 03:51:00,41.9
2025-06-12 22:14:00,70.6
2025-06-12 21:17:00,49.953150620754265
2025-06-12 06:58:00,75.0
2025-06-12 09:48:00,53.9
2025-06-12 21:25:00,49.953150620754265
2025-06-12 03:48:00,7.4
2025-06-12 00:35:00,78.9
2025-06-12 06:09:00,86.5
2025-06-12 21:17:00,68.3
2025-06-12 00:57:00,49.9
2025-06-12 20:23:00,56.1
2025-06-12 12:19:00,76.2
2025-06-12 11:53:00,59.8
2025-06-12 14:21:00,19.8
2025-06-12 17:22:00,93.2
2025-06-12 22:58:00,92.5
2025-06-12 00:39:00,50.1
2025-06-12 13:14:00,8.9
2025-06-12 01:11:00,66.1
2025-06-12 22:30:00,95.8
2025-06-12 07:32:00,87.6
2025-06-12 02:44:00,25.7
2025-06-12 14:36:00,77.6
2025-06-12 15:23:00,49.953150620754265
2025-06-12 22:43:00,49.953150620754265
2025-06-12 20:52:00,89.9
2025-06-12 04:47:00,49.953150620754265
2025-06-12 02:10:00,80.1
2025-06-12 05:42:00,49.953150620754265
2025-06-12 11:32:00,2.2
2025-06-12 07:26:00,8.2
2025-06-12 02:03:00,49.953150620754265
2025-06-12 05:15:00,26.4
2025-06-12 10:42:00,10.3
2025-06-12 14:09:00,49.953150620754265
2025-06-12 04:08:00,73.0
2025-06-12 03:09:00,44.8
2025-06-12 09:15:00,54.8
2025-06-12 15:13:00,52.6
2025-06-12 09:22:00,97.6
2025-06-12 05:08:00,76.9
2025-06-12 05:43:00,34.3
2025-06-12 18:18:00,55.8
2025-06-12 22:09:00,63.3
2025-06-12 16:40:00,49.953150620754265
2025-06-12 14:49:00,49.953150620754265
2025-06-12 19:19:00,15.4
2025-06-12 19:28:00,91.1
2025-06-12 03:52:00,6.9
2025-06-12 10:56:00,13.8
2025-06-12 05:30:00,28.1
2025-06-12 06:05:00,14.5
2025-06-12 09:52:00,13.3
2025-06-12 01:04:00,49.953150620754265
2025-06-12 06:57:00,2.5
2025-06-12 02:17:00,49.953150620754265
2025-06-12 01:21:00,49.953150620754265
2025-06-12 07:16:00,64.4
2025-06-12 14:24:00,79.8
2025-06-12 04:29:00,93.3
2025-06-12 07:22:00,40.3
2025-06-12 11:13:00,79.8
2025-06-12 17:45:00,77.7
2025-06-12 13:55:00,61.7
2025-06-12 04:30:00,52.1
2025-06-12 04:15:00,49.953150620754265
2025-06-12 04:38:00,69.0
2025-06-12 23:28:00,74.8
2025-06-12 05:47:00,46.2
2025-06-12 21:14:00,73.4
2025-06-12 02:42:00,27.6
2025-06-12 17:26:00,93.9
2025-06-12 07:56:00,14.5
2025-06-12 14:25:00,9.2
2025-06-12 06:53:00,27.1
2025-06-12 01:18:00,9.7
2025-06-12 07:13:00,49.953150620754265
2025-06-12 05:37:00,16.9
2025-06-12 21:49:00,16.5
2025-06-12 19:34:00,83.0
2025-06-12 06:42:00,49.953150620754265
2025-06-12 14:28:00,19.5
2025-06-12 02:34:00,21.5
2025-06-12 09:15:00,35.9
2025-06-12 07:20:00,1.1
2025-06-12 03:11:00,74.8
2025-06-12 08:47:00,1.7
2025-06-12 16:57:00,59.3
2025-06-12 00:18:00,20.1
2025-06-12 23:15:00,49.58899212042808
2025-06-12 17:14:00,6.3
2025-06-12 00:09:00,49.58899212042808
2025-06-12 17:55:00,45.9
2025-06-12 21:38:00,73.6
2025-06-12 09:18:00,34.0
2025-06-12 05:12:00,40.6
2025-06-12 13:03:00,3.4
2025-06-12 03:36:00,5.0
2025-06-12 00:20:00,39.7
2025-06-12 06:29:00,49.58899212042808
2025-06-12 12:00:00,26.4
2025-06-12 02:58:00,74.1
2025-06-12 06:45:00,10.0
2025-06-12 20:26:00,29.6
2025-06-12 04:43:00,87.2
2025-06-12 03:27:00,49.9
2025-06-12 09:48:00,63.1
2025-06-12 19:00:00,49.58899212042808
2025-06-12 01:33:00,29.5
2025-06-12 18:25:00,49.58899212042808
2025-06-12 08:02:00,25.1
2025-06-12 02:54:00,65.6
2025-06-12 11:38:00,6.3
2025-06-12 02:40:00,81.1
2025-06-12 04:30:00,67.9
2025-06-12 10:24:00,49.58899212042808
2025-06-12 13:55:00,24.8
2025-06-12 08:47:00,49.58899212042808
2025-06-12 01:37:00,43.6
2025-06-12 09:08:00,7.0
2025-06-12 23:50:00,98.5
2025-06-12 19:56:00,98.4
2025-06-12 01:47:00,76.6
2025-06-12 13:12:00,39.6
2025-06-12 18:08:00,45.6
2025-06-12 11:06:00,38.5
2025-06-12 14:38:00,49.58899212042808
2025-06-12 22:50:00,9.3
2025-06-12 08:30:00,65.5
2025-06-12 01:53:00,49.58899212042808
2025-06-12 00:55:00,57.1
2025-06-12 23:33:00,71.5
2025-06-12 11:24:00,73.9
2025-06-12 15:09:00,85.2
2025-06-12 17:30:00,21.9
2025-06-12 01:23:00,35.9
2025-06-12 20:01:00,72.9
2025-06-12 07:33:00,15.5
2025-06-12 05:09:00,49.58899212042808
2025-06-12 06:52:00,11.4
2025-06-12 08:16:00,59.4
2025-06-12 16:35:00,49.58899212042808
2025-06-12 09:14:00,50.9
2025-06-12 23:09:00,47.7
2025-06-12 10:49:00,74.3
2025-06-12 09:33:00,31.8
2025-06-12 07:54:00,80.8
2025-06-12 08:39:00,34.1
2025-06-12 02:03:00,72.7
2025-06-12 18:33:00,70.1
2025-06-12 10:20:00,91.6
2025-06-12 10:27:00,86.6
2025-06-12 06:56:00,68.2
2025-06-12 11:33:00,40.8
2025-06-12 07:12:00,45.9
2025-06-12 05:28:00,52.8
2025-06-12 12:47:00,45.3
2025-06-12 01:39:00,96.5
2025-06-12 10:59:00,79.6
2025-06-12 20:45:00,19.2
2025-06-12 03:50:00,49.58899212042808
2025-06-12 14:37:00,44.3
2025-06-12 10:49:00,66.6
2025-06-12 11:07:00,49.58899212042808
2025-06-12 01:55:00,99.3
2025-06-12 10:02:00,85.0
2025-06-12 07:19:00,81.1
2025-06-12 00:57:00,83.6
2025-06-12 10:46:00,53.9
2025-06-12 09:30:00,49.8
2025-06-12 15:32:00,83.5
2025-06-12 01:50:00,32.4
2025-06-12 11:35:00,20.6
2025-06-12 07:29:00,44.1
2025-06-12 22:47:00,97.8
2025-06-12 23:19:00,24.4
2025-06-12 09:02:00,42.5
2025-06-12 19:47:00,49.58899212042808
2025-06-12 17:11:00,49.58899212042808
2025-06-12 01:38:00,8.7
2025-06-12 02:09:00,3.9
2025-06-12 06:08:00,61.2
2025-06-12 08:53:00,49.58899212042808
2025-06-12 18:19:00,99.6
2025-06-12 16:55:00,25.2
2025-06-12 23:45:00,24.8
2025-06-12 17:33:00,20.4
2025-06-12 21:51:00,66.4
2025-06-12 23:38:00,49.58899212042808
2025-06-12 14:05:00,68.2
2025-06-12 20:05:00,49.58899212042808
2025-06-12 16:30:00,84.5
2025-06-12 16:03:00,32.6
2025-06-12 04:50:00,12.4
2025-06-12 04:30:00,49.58899212042808
2025-06-12 08:09:00,26.4
2025-06-12 22:07:00,49.58899212042808
2025-06-12 02:58:00,49.58899212042808
2025-06-12 04:42:00,30.2
2025-06-12 08:00:00,36.5
2025-06-12 09:22:00,99.7
2025-06-12 17:37:00,28.7
2025-06-12 21:58:00,68.8
2025-06-12 20:37:00,35.6
2025-06-12 21:07:00,66.9
2025-06-12 09:39:00,74.8
2025-06-12 18:32:00,86.5
2025-06-12 19:56:00,66.6
2025-06-12 16:03:00,59.6
2025-06-12 13:18:00,29.1
2025-06-12 06:42:00,89.9
2025-06-12 17:04:00,76.8
2025-06-12 01:15:00,16.2
2025-06-12 07:59:00,59.5
2025-06-12 08:20:00,21.5
2025-06-12 04:49:00,74.5
2025-06-12 09:44:00,34.4
2025-06-12 00:25:00,76.6
2025-06-12 01:24:00,49.58899212042808
2025-06-12 00:59:00,49.58899212042808
2025-06-12 18:05:00,1.1
2025-06-12 21:19:00,49.58899212042808
2025-06-12 18:26:00,73.1
2025-06-12 07:24:00,62.0
2025-06-12 14:15:00,18.4
2025-06-12 14:49:00,0.1
2025-06-12 04:06:00,71.7
2025-06-12 11:55:00,49.0
2025-06-12 16:17:00,84.5
2025-06-12 16:41:00,57.5
2025-06-12 06:19:00,43.6
2025-06-12 18:47:00,97.1
2025-06-12 14:43:00,28.9
2025-06-12 13:48:00,11.8
2025-06-12 16:13:00,78.6
2025-06-12 23:12:00,49.58899212042808
2025-06-12 23:55:00,48.9
2025-06-12 17:42:00,17.5
2025-06-12 19:38:00,75.4
2025-06-12 05:13:00,58.5
2025-06-12 19:03:00,95.1
2025-06-12 16:40:00,55.3
2025-06-12 21:42:00,46.2
2025-06-12 23:35:00,40.1
2025-06-12 19:43:00,35.2
2025-06-12 09:40:00,16.6
2025-06-12 17:47:00,51.6
2025-06-12 19:00:00,41.8
2025-06-12 14:29:00,96.0
2025-06-12 22:36:00,49.58899212042808
2025-06-12 14:33:00,12.8
2025-06-12 10:04:00,79.5
2025-06-12 07:50:00,80.0
2025-06-12 12:07:00,93.2
2025-06-12 04:58:00,49.58899212042808
2025-06-12 22:03:00,28.6
2025-06-12 03:16:00,19.6
2025-06-12 23:08:00,83.8
2025-06-12 15:08:00,89.9
2025-06-12 16:20:00,57.5
2025-06-12 02:07:00,86.4
2025-06-12 20:39:00,71.8
2025-06-12 02:06:00,6.9
2025-06-12 13:21:00,62.8
2025-06-12 20:12:00,92.2
2025-06-12 17:05:00,37.2
2025-06-12 07:04:00,51.6
2025-06-12 18:20:00,13.0
2025-06-12 17:06:00,71.8
2025-06-12 02:57:00,58.7
2025-06-12 01:15:00,49.58899212042808
2025-06-12 18:13:00,49.58899212042808
2025-06-12 08:55:00,97.3
2025-06-12 07:49:00,88.5
2025-06-12 12:33:00,75.6
2025-06-12 23:00:00,49.58899212042808
2025-06-12 17:51:00,37.0
2025-06-12 22:14:00,63.9
2025-06-12 21:35:00,11.1
2025-06-12 05:03:00,33.9
2025-06-12 17:15:00,22.1
2025-06-12 21:28:00,49.58899212042808
2025-06-12 14:22:00,68.8
2025-06-12 10:00:00,47.7
2025-06-12 13:37:00,93.9
2025-06-12 01:20:00,20.2
2025-06-12 22:41:00,92.4
2025-06-12 08:40:00,3.4
2025-06-12 08:30:00,71.3
2025-06-12 05:53:00,27.6
2025-06-12 16:37:00,64.8
2025-06-12 11:49:00,96.7
2025-06-12 10:52:00,100.0
2025-06-12 03:37:00,49.58899212042808
2025-06-12 05:12:00,82.7
2025-06-12 23:27:00,49.58899212042808
2025-06-12 03:07:00,35.2
2025-06-12 21:23:00,1.9
2025-06-12 16:51:00,7.0
2025-06-12 18:39:00,81.2
2025-06-12 23:51:00,9.3
2025-06-12 00:17:00,82.2
2025-06-12 14:40:00,19.0
2025-06-12 17:42:00,35.5
2025-06-12 02:36:00,93.4
2025-06-12 07:42:00,49.58899212042808
2025-06-12 07:20:00,6.8
2025-06-12 19:08:00,22.9
2025-06-12 16:43:00,84.2
2025-06-12 17:08:00,3.2
2025-06-12 16:42:00,45.4
2025-06-12 07:41:00,23.6
2025-06-12 18:48:00,72.3
2025-06-12 06:39:00,52.8
2025-06-12 01:58:00,78.8
2025-06-12 18:53:00,30.3
2025-06-12 17:42:00,2.7
2025-06-12 07:37:00,95.2
2025-06-12 17:50:00,49.58899212042808
2025-06-12 15:51:00,25.8
2025-06-12 04:32:00,41.7
2025-06-12 03:19:00,48.1
2025-06-12 23:53:00,56.1
2025-06-12 07:56:00,98.8
2025-06-12 06:02:00,25.8
2025-06-12 21:26:00,55.5
2025-06-12 15:07:00,49.58899212042808
2025-06-12 02:41:00,53.1
2025-06-12 10:27:00,49.58899212042808
2025-06-12 12:34:00,49.58899212042808
2025-06-12 00:28:00,40.6
2025-06-12 13:01:00,16.9
2025-06-12 07:54:00,92.2
2025-06-12 12:05:00,49.58899212042808
2025-06-12 01:51:00,97.5
2025-06-12 04:51:00,35.8
2025-06-12 15:19:00,70.6
2025-06-12 01:30:00,49.58899212042808
2025-06-12 05:10:00,60.8
2025-06-12 19:10:00,12.0
2025-06-12 00:29:00,95.7
2025-06-12 05:57:00,46.5
2025-06-12 22:14:00,58.4
2025-06-12 23:11:00,7.3
2025-06-12 21:37:00,61.8
2025-06-12 23:04:00,15.9
2025-06-12 21:26:00,11.0
2025-06-12 01:39:00,95.1
2025-06-12 17:02:00,41.9
2025-06-12 19:54:00,67.6
2025-06-12 00:31:00,89.9
2025-06-12 23:50:00,17.0
2025-06-12 19:11:00,49.58899212042808
2025-06-12 04:04:00,97.8
2025-06-12 18:04:00,83.1
2025-06-12 09:39:00,16.9
2025-06-12 03:05:00,49.58899212042808
2025-06-12 03:22:00,70.7
2025-06-12 05:53:00,45.5
2025-06-12 03:46:00,32.5
2025-06-12 16:17:00,49.58899212042808
2025-06-12 04:33:00,96.3
2025-06-12 01:21:00,23.1
2025-06-12 16:13:00,49.58899212042808
2025-06-12 11:15:00,43.0
2025-06-12 01:28:00,23.5
2025-06-12 16:35:00,49.58899212042808
2025-06-12 21:36:00,49.58899212042808
2025-06-12 20:50:00,65.8
2025-06-12 02:21:00,73.2
2025-06-12 02:25:00,85.9
2025-06-12 02:42:00,73.9
2025-06-12 19:53:00,97.3
2025-06-12 20:05:00,55.7
2025-06-12 19:10:00,2.5
2025-06-12 20:26:00,82.7
2025-06-12 02:08:00,4.0
2025-06-12 23:25:00,49.2
2025-06-12 21:53:00,20.2
2025-06-12 02:23:00,21.7
2025-06-12 22:05:00,65.5
2025-06-12 20:27:00,16.3
2025-06-12 08:35:00,26.7
2025-06-12 13:00:00,89.8
2025-06-12 06:41:00,11.1
2025-06-12 11:31:00,33.7
2025-06-12 10:41:00,92.7
2025-06-12 22:51:00,49.1
2025-06-12 00:10:00,86.9
2025-06-12 13:22:00,66.0
2025-06-12 03:38:00,49.58899212042808
2025-06-12 20:42:00,49.58899212042808
2025-06-12 00:14:00,26.7
2025-06-12 04:16:00,79.3
2025-06-12 19:20:00,67.8
2025-06-12 22:07:00,49.58899212042808
2025-06-12 13:31:00,79.9
2025-06-12 21:15:00,74.1
2025-06-12 19:39:00,38.7
2025-06-12 10:47:00,49.58899212042808
2025-06-12 01:11:00,60.7
2025-06-12 05:56:00,81.7
2025-06-12 02:57:00,78.6
2025-06-12 04:26:00,69.3
2025-06-12 11:26:00,32.2
2025-06-12 06:27:00,47.8
2025-06-12 22:42:00,25.1
2025-06-12 12:46:00,26.2
2025-06-12 22:24:00,23.3
2025-06-12 21:01:00,47.7
2025-06-12 13:39:00,15.8
2025-06-12 09:44:00,99.6
2025-06-12 20:33:00,14.5
2025-06-12 18:05:00,49.58899212042808
2025-06-12 06:49:00,59.2
2025-06-12 00:41:00,7.1
2025-06-12 23:34:00,92.0
2025-06-12 00:39:00,58.1
2025-06-12 21:52:00,89.0
2025-06-12 00:12:00,67.3
2025-06-12 20:26:00,18.4
2025-06-12 17:40:00,66.2
2025-06-12 21:40:00,37.9
2025-06-12 19:02:00,93.4
2025-06-12 08:28:00,90.6
2025-06-12 01:07:00,42.4
2025-06-12 01:20:00,13.7
2025-06-12 08:06:00,86.4
2025-06-12 08:00:00,49.58899212042808
2025-06-12 08:44:00,56.0
2025-06-12 11:07:00,27.1
2025-06-12 11:42:00,70.3
2025-06-12 06:06:00,83.3
2025-06-12 00:34:00,54.6
2025-06-12 04:51:00,66.2
2025-06-12 06:05:00,87.9
2025-06-12 02:16:00,20.6
2025-06-12 03:29:00,91.8
2025-06-12 17:08:00,32.4
2025-06-12 05:58:00,49.58899212042808
2025-06-12 19:36:00,24.2
2025-06-12 23:56:00,56.7
2025-06-12 10:21:00,24.5
2025-06-12 07:08:00,0.2
2025-06-12 19:50:00,61.0
2025-06-12 03:02:00,21.2
2025-06-12 07:05:00,58.2
2025-06-12 07:05:00,50.2977004785806
2025-06-12 20:58:00,88.1
2025-06-12 05:05:00,12.3
2025-06-12 09:49:00,50.2977004785806
2025-06-12 15:19:00,60.3
2025-06-12 14:30:00,71.4
2025-06-12 00:44:00,37.2
2025-06-12 21:24:00,37.9
2025-06-12 01:49:00,24.3
2025-06-12 23:46:00,60.7
2025-06-12 12:56:00,81.2
2025-06-12 21:52:00,65.8
2025-06-12 18:40:00,41.7
2025-06-12 05:08:00,37.0
2025-06-12 08:39:00,89.5
2025-06-12 02:27:00,97.8
2025-06-12 08:45:00,50.2977004785806
2025-06-12 10:38:00,20.6
2025-06-12 00:29:00,60.8
2025-06-12 10:57:00,17.7
2025-06-12 10:14:00,55.6
2025-06-12 23:44:00,80.5
2025-06-12 14:59:00,64.8
2025-06-12 22:53:00,45.3
2025-06-12 14:22:00,34.5
2025-06-12 19:23:00,60.2
2025-06-12 15:24:00,17.9
2025-06-12 05:00:00,22.8
2025-06-12 21:08:00,33.8
2025-06-12 11:15:00,75.4
2025-06-12 22:48:00,50.2977004785806
2025-06-12 09:56:00,50.2977004785806
2025-06-12 00:18:00,94.5
2025-06-12 22:17:00,68.7
2025-06-12 06:22:00,17.0
2025-06-12 21:55:00,61.4
2025-06-12 12:36:00,56.8
2025-06-12 18:51:00,50.2977004785806
2025-06-12 21:54:00,50.2977004785806
2025-06-12 23:49:00,28.2
2025-06-12 18:06:00,64.0
2025-06-12 22:46:00,55.5
2025-06-12 16:14:00,50.2977004785806
2025-06-12 05:20:00,77.9
2025-06-12 12:48:00,62.6
2025-06-12 03:07:00,10.8
2025-06-12 09:10:00,57.0
2025-06-12 13:07:00,72.6
2025-06-12 02:04:00,31.9
2025-06-12 09:44:00,66.7
2025-06-12 09:42:00,80.1
2025-06-12 16:13:00,50.2977004785806
2025-06-12 22:48:00,43.4
2025-06-12 19:49:00,35.2
2025-06-12 21:06:00,30.3
2025-06-12 08:43:00,20.4
2025-06-12 05:10:00,41.0
2025-06-12 05:09:00,46.6
2025-06-12 14:51:00,1.5
2025-06-12 14:09:00,32.1
2025-06-12 09:56:00,50.2977004785806
2025-06-12 18:00:00,92.7
2025-06-12 21:54:00,44.1
2025-06-12 20:05:00,18.7
2025-06-12 20:09:00,26.0
2025-06-12 08:13:00,49.8
2025-06-12 12:34:00,92.7
2025-06-12 23:10:00,50.2977004785806
2025-06-12 02:43:00,32.6
2025-06-12 01:19:00,74.6
2025-06-12 06:55:00,51.9
2025-06-12 08:35:00,99.8
2025-06-12 01:46:00,80.6
2025-06-12 03:37:00,65.8
2025-06-12 06:18:00,35.0
2025-06-12 19:31:00,2.6
2025-06-12 10:15:00,88.6
2025-06-12 12:17:00,50.3
2025-06-12 19:41:00,71.4
2025-06-12 13:09:00,11.7
2025-06-12 02:44:00,20.4
2025-06-12 21:16:00,98.7
2025-06-12 17:04:00,10.7
2025-06-12 07:14:00,71.1
2025-06-12 09:40:00,50.2977004785806
2025-06-12 14:10:00,64.3
2025-06-12 16:14:00,87.4
2025-06-12 17:53:00,50.2977004785806
2025-06-12 19:30:00,39.9
2025-06-12 20:02:00,92.7
2025-06-12 03:09:00,21.3
2025-06-12 01:05:00,94.6
2025-06-12 02:48:00,66.6
2025-06-12 18:32:00,38.6
2025-06-12 13:12:00,50.9
2025-06-12 06:59:00,1.1
2025-06-12 16:41:00,19.1
2025-06-12 14:17:00,65.3
2025-06-12 09:07:00,50.2977004785806
2025-06-12 10:46:00,38.0
2025-06-12 00:55:00,85.1
2025-06-12 20:44:00,1.8
2025-06-12 09:33:00,18.5
2025-06-12 09:54:00,61.9
2025-06-12 00:00:00,50.2977004785806
2025-06-12 12:35:00,77.8
2025-06-12 04:58:00,97.0
2025-06-12 12:06:00,69.1
2025-06-12 12:54:00,50.2977004785806
2025-06-12 03:46:00,60.9
2025-06-12 11:57:00,99.1
2025-06-12 10:20:00,35.1
2025-06-12 18:14:00,2.1
2025-06-12 03:16:00,11.8
2025-06-12 03:28:00,66.5
2025-06-12 07:26:00,2.7
2025-06-12 02:58:00,73.0
2025-06-12 13:12:00,48.9
2025-06-12 10:57:00,42.8
2025-06-12 08:12:00,29.4
2025-06-12 16:34:00,82.3
2025-06-12 11:01:00,50.2977004785806
2025-06-12 18:49:00,93.3
2025-06-12 03:36:00,29.8
2025-06-12 03:13:00,62.7
2025-06-12 06:20:00,50.2977004785806
2025-06-12 02:22:00,13.6
2025-06-12 06:23:00,64.7
2025-06-12 14:41:00,93.8
2025-06-12 01:29:00,10.5
2025-06-12 21:09:00,11.9
2025-06-12 11:05:00,73.9
2025-06-12 19:06:00,27.2
2025-06-12 23:03:00,9.9
2025-06-12 17:00:00,43.2
2025-06-12 04:30:00,0.4
2025-06-12 22:12:00,40.1
2025-06-12 00:42:00,28.9
2025-06-12 07:42:00,37.2
2025-06-12 01:29:00,81.3
2025-06-12 18:57:00,47.5
2025-06-12 00:51:00,50.2977004785806
2025-06-12 06:57:00,16.9
2025-06-12 12:52:00,51.7
2025-06-12 00:20:00,73.5
2025-06-12 06:53:00,89.0
2025-06-12 06:40:00,62.7
2025-06-12 23:14:00,98.2
2025-06-12 15:12:00,82.6
2025-06-12 17:01:00,25.6
2025-06-12 21:58:00,10.2
2025-06-12 12:02:00,98.5
2025-06-12 16:31:00,34.5
2025-06-12 02:36:00,70.3
2025-06-12 05:08:00,50.2977004785806
2025-06-12 19:48:00,70.9
2025-06-12 04:41:00,32.0
2025-06-12 03:03:00,90.8
2025-06-12 17:33:00,14.5
2025-06-12 16:39:00,98.2
2025-06-12 02:05:00,19.6
2025-06-12 01:22:00,68.6
2025-06-12 13:05:00,11.4
2025-06-12 09:09:00,36.6
2025-06-12 19:22:00,11.8
2025-06-12 20:34:00,61.4
2025-06-12 11:18:00,61.8
2025-06-12 16:47:00,35.2
2025-06-12 10:07:00,90.4
2025-06-12 13:42:00,99.7
2025-06-12 16:04:00,3.8
2025-06-12 06:10:00,95.0
2025-06-12 01:19:00,82.3
2025-06-12 15:11:00,96.1
2025-06-12 21:10:00,50.2977004785806
2025-06-12 15:02:00,65.0
2025-06-12 09:22:00,9.7
2025-06-12 23:39:00,50.2977004785806
2025-06-12 03:32:00,50.2977004785806
2025-06-12 23:57:00,91.6
2025-06-12 10:06:00,79.8
2025-06-12 04:50:00,65.9
2025-06-12 00:49:00,58.6
2025-06-12 22:02:00,98.2
2025-06-12 15:47:00,92.5
2025-06-12 00:19:00,13.2
2025-06-12 09:00:00,68.7
2025-06-12 01:54:00,54.2
2025-06-12 09:32:00,50.2977004785806
2025-06-12 22:07:00,50.2977004785806
2025-06-12 23:28:00,7.4
2025-06-12 22:41:00,78.2
2025-06-12 11:57:00,31.1
2025-06-12 14:52:00,84.0
2025-06-12 03:04:00,37.7
2025-06-12 18:21:00,93.6
2025-06-12 13:44:00,16.3
2025-06-12 21:15:00,5.0
2025-06-12 14:11:00,21.0
2025-06-12 23:22:00,30.1
2025-06-12 17:24:00,4.9
2025-06-12 08:16:00,72.6
2025-06-12 04:22:00,50.2977004785806
2025-06-12 21:50:00,59.0
2025-06-12 12:28:00,61.4
2025-06-12 06:45:00,50.2977004785806
2025-06-12 15:21:00,58.8
2025-06-12 11:47:00,50.2977004785806
2025-06-12 17:22:00,82.4
2025-06-12 20:09:00,63.3
2025-06-12 17:36:00,57.6
2025-06-12 03:14:00,48.4
2025-06-12 20:15:00,23.8
2025-06-12 00:40:00,47.2
2025-06-12 01:12:00,95.2
2025-06-12 15:22:00,65.8
2025-06-12 16:54:00,94.8
2025-06-12 00:13:00,14.4
2025-06-12 23:44:00,50.2977004785806
2025-06-12 10:51:00,11.1
2025-06-12 22:20:00,96.1
2025-06-12 05:19:00,36.6
2025-06-12 13:27:00,30.3
2025-06-12 13:21:00,50.2977004785806
2025-06-12 03:43:00,50.2977004785806
2025-06-12 10:15:00,41.1
2025-06-12 06:11:00,91.2
2025-06-12 19:19:00,6.0
2025-06-12 16:23:00,26.6
2025-06-12 10:46:00,85.1
2025-06-12 08:10:00,40.1
2025-06-12 00:04:00,28.5
2025-06-12 07:04:00,45.3
2025-06-12 01:47:00,73.1
2025-06-12 08:05:00,50.2977004785806
2025-06-12 08:06:00,50.2977004785806
2025-06-12 07:20:00,97.8
2025-06-12 16:46:00,14.8
2025-06-12 15:48:00,73.8
2025-06-12 02:32:00,75.4
2025-06-12 22:17:00,7.2
2025-06-12 01:25:00,8.1
2025-06-12 06:33:00,0.6
2025-06-12 06:08:00,69.5
2025-06-12 07:51:00,2.7
2025-06-12 21:08:00,75.5
2025-06-12 23:24:00,98.4
2025-06-12 16:01:00,50.2977004785806
2025-06-12 04:21:00,82.1
2025-06-12 20:43:00,76.2
2025-06-12 12:41:00,6.3
2025-06-12 09:38:00,12.9
2025-06-12 00:59:00,12.5
2025-06-12 17:15:00,50.2977004785806
2025-06-12 00:35:00,73.4
2025-06-12 12:26:00,52.8
2025-06-12 21:37:00,50.2977004785806
2025-06-12 06:35:00,50.2977004785806
2025-06-12 19:58:00,40.1
2025-06-12 12:26:00,58.4
2025-06-12 11:20:00,22.1
2025-06-12 21:19:00,58.6
2025-06-12 09:03:00,94.8
2025-06-12 17:15:00,76.9
2025-06-12 01:59:00,30.6
2025-06-12 13:16:00,50.2977004785806
2025-06-12 18:48:00,28.9
2025-06-12 17:21:00,83.5
2025-06-12 00:33:00,97.6
2025-06-12 06:19:00,32.9
2025-06-12 23:55:00,15.2
2025-06-12 15:15:00,75.8
2025-06-12 12:05:00,60.7
2025-06-12 02:38:00,14.5
2025-06-12 21:39:00,50.2977004785806
2025-06-12 12:16:00,8.7
2025-06-12 21:04:00,69.4
2025-06-12 13:15:00,79.3
2025-06-12 22:28:00,43.3
2025-06-12 23:24:00,70.0
2025-06-12 04:12:00,39.0
2025-06-12 16:37:00,92.4
2025-06-12 20:56:00,98.2
2025-06-12 23:32:00,50.2977004785806
2025-06-12 20:37:00,94.3
2025-06-12 23:32:00,59.6
2025-06-12 02:35:00,2.2
2025-06-12 07:15:00,80.1
2025-06-12 03:38:00,75.4
2025-06-12 00:57:00,51.2
2025-06-12 19:57:00,14.5
2025-06-12 11:03:00,55.7
2025-06-12 18:44:00,81.5
2025-06-12 00:53:00,25.9
2025-06-12 13:06:00,74.6
2025-06-12 19:19:00,50.2977004785806
2025-06-12 11:30:00,5.0
2025-06-12 07:31:00,17.7
2025-06-12 00:28:00,3.1
2025-06-12 20:40:00,76.5
2025-06-12 21:26:00,50.2977004785806
2025-06-12 06:57:00,98.3
2025-06-12 11:25:00,28.7
2025-06-12 07:19:00,50.2977004785806
2025-06-12 14:16:00,43.3
2025-06-12 21:46:00,8.8
2025-06-12 05:08:00,46.9
2025-06-12 02:07:00,28.1
2025-06-12 02:19:00,16.4
2025-06-12 07:00:00,50.2977004785806
2025-06-12 07:04:00,51.1
2025-06-12 17:08:00,24.2
2025-06-12 17:40:00,8.9
2025-06-12 22:30:00,13.1
2025-06-12 08:24:00,60.1
2025-06-12 08:46:00,22.0
2025-06-12 13:08:00,50.2977004785806
2025-06-12 18:24:00,48.0
2025-06-12 07:23:00,50.2977004785806
2025-06-12 02:26:00,18.3
2025-06-12 13:23:00,32.8
2025-06-12 09:03:00,98.7
2025-06-12 06:20:00,44.8
2025-06-12 09:30:00,46.7
2025-06-12 10:22:00,92.7
2025-06-12 03:57:00,50.2977004785806
2025-06-12 01:04:00,49.82536769031651
2025-06-12 08:03:00,86.6
2025-06-12 21:08:00,9.3
2025-06-12 10:01:00,89.9
2025-06-12 20:53:00,2.3
2025-06-12 18:15:00,51.9
2025-06-12 05:11:00,54.0
2025-06-12 18:18:00,50.1
2025-06-12 12:01:00,59.9
2025-06-12 14:50:00,60.9
2025-06-12 08:19:00,70.1
2025-06-12 09:58:00,49.82536769031651
2025-06-12 01:46:00,58.9
2025-06-12 02:01:00,87.5
2025-06-12 01:59:00,33.7
2025-06-12 01:09:00,98.8
2025-06-12 23:35:00,49.82536769031651
2025-06-12 21:53:00,43.0
2025-06-12 02:39:00,34.7
2025-06-12 13:13:00,77.7
2025-06-12 18:52:00,47.0
2025-06-12 16:39:00,49.82536769031651
2025-06-12 18:51:00,78.7
2025-06-12 12:11:00,40.4
2025-06-12 09:55:00,62.2
2025-06-12 13:19:00,44.2
2025-06-12 07:51:00,86.9
2025-06-12 19:32:00,41.1
2025-06-12 10:59:00,49.82536769031651
2025-06-12 08:21:00,62.2
2025-06-12 05:01:00,92.3
2025-06-12 03:50:00,0.8
2025-06-12 07:53:00,66.3
2025-06-12 11:08:00,87.4
2025-06-12 07:02:00,18.9
2025-06-12 03:25:00,49.82536769031651
2025-06-12 23:22:00,74.3
2025-06-12 19:00:00,13.8
2025-06-12 06:07:00,40.1
2025-06-12 12:40:00,72.8
2025-06-12 18:50:00,47.2
2025-06-12 04:30:00,8.2
2025-06-12 06:03:00,83.3
2025-06-12 02:19:00,49.82536769031651
2025-06-12 10:13:00,12.8
2025-06-12 18:34:00,55.9
2025-06-12 15:01:00,49.82536769031651
2025-06-12 02:05:00,34.6
2025-06-12 18:20:00,52.2
2025-06-12 21:39:00,64.6
2025-06-12 20:39:00,25.3
2025-06-12 21:12:00,44.3
2025-06-12 08:53:00,98.9
2025-06-12 18:43:00,81.4
2025-06-12 15:21:00,44.3
2025-06-12 05:39:00,93.5
2025-06-12 18:20:00,22.6
2025-06-12 14:13:00,7.3
2025-06-12 15:17:00,88.7
2025-06-12 07:18:00,14.8
2025-06-12 10:59:00,84.5
2025-06-12 08:03:00,77.3
2025-06-12 20:27:00,26.1
2025-06-12 12:02:00,5.1
2025-06-12 08:34:00,88.8
2025-06-12 01:37:00,49.82536769031651
2025-06-12 21:42:00,49.82536769031651
2025-06-12 10:09:00,1.8
2025-06-12 23:02:00,77.6
2025-06-12 00:38:00,7.4
2025-06-12 23:04:00,15.8
2025-06-12 08:20:00,70.7
2025-06-12 09:53:00,58.7
2025-06-12 20:27:00,72.9
2025-06-12 12:39:00,89.3
2025-06-12 14:07:00,82.9
2025-06-12 13:08:00,17.0
2025-06-12 09:03:00,62.1
2025-06-12 14:25:00,82.8
2025-06-12 07:30:00,54.8
2025-06-12 05:19:00,47.2
2025-06-12 22:34:00,11.6
2025-06-12 01:12:00,49.82536769031651
2025-06-12 03:17:00,81.2
2025-06-12 23:56:00,40.2
2025-06-12 08:51:00,34.2
2025-06-12 19:22:00,55.0
2025-06-12 00:10:00,3.5
2025-06-12 17:42:00,19.8
2025-06-12 09:48:00,78.8
2025-06-12 05:36:00,37.3
2025-06-12 02:05:00,72.1
2025-06-12 05:46:00,52.1
2025-06-12 22:57:00,96.0
2025-06-12 15:56:00,90.6
2025-06-12 02:13:00,21.1
2025-06-12 01:18:00,83.8
2025-06-12 21:54:00,64.3
2025-06-12 09:15:00,72.5
2025-06-12 05:47:00,86.2
2025-06-12 16:24:00,12.0
2025-06-12 20:16:00,49.82536769031651
2025-06-12 23:16:00,21.4
2025-06-12 14:01:00,38.5
2025-06-12 08:35:00,7.3
2025-06-12 01:10:00,91.6
2025-06-12 12:29:00,2.5
2025-06-12 23:22:00,98.8
2025-06-12 00:44:00,8.4
2025-06-12 04:28:00,68.4
2025-06-12 01:50:00,53.0
2025-06-12 07:22:00,49.82536769031651
2025-06-12 19:31:00,36.8
2025-06-12 18:59:00,49.82536769031651
2025-06-12 16:31:00,49.82536769031651
2025-06-12 16:32:00,30.5
2025-06-12 08:18:00,89.1
2025-06-12 11:19:00,47.8
2025-06-12 23:28:00,76.6
2025-06-12 05:57:00,1.5
2025-06-12 20:08:00,49.82536769031651
2025-06-12 21:55:00,4.0
2025-06-12 00:01:00,35.4
2025-06-12 00:24:00,65.9
2025-06-12 13:49:00,49.82536769031651
2025-06-12 08:44:00,16.5
2025-06-12 20:44:00,49.82536769031651
2025-06-12 10:23:00,77.0
2025-06-12 09:16:00,67.1
2025-06-12 00:18:00,51.9
2025-06-12 15:16:00,22.9
2025-06-12 18:57:00,13.4
2025-06-12 22:55:00,38.1
2025-06-12 09:13:00,97.3
2025-06-12 07:41:00,92.9
2025-06-12 01:35:00,61.6
2025-06-12 16:55:00,49.82536769031651
2025-06-12 16:04:00,42.2
2025-06-12 14:48:00,4.5
2025-06-12 08:40:00,65.0
2025-06-12 23:04:00,59.6
2025-06-12 22:16:00,67.6
2025-06-12 01:49:00,49.82536769031651
2025-06-12 09:46:00,2.8
2025-06-12 06:44:00,96.8
2025-06-12 03:41:00,30.4
2025-06-12 22:41:00,76.6
2025-06-12 13:46:00,92.4
2025-06-12 03:43:00,21.6
2025-06-12 22:26:00,65.4
2025-06-12 18:59:00,66.5
2025-06-12 23:26:00,6.8
2025-06-12 17:16:00,49.82536769031651
2025-06-12 12:42:00,15.6
2025-06-12 19:29:00,68.9
2025-06-12 06:55:00,49.82536769031651
2025-06-12 15:21:00,85.6
2025-06-12 19:25:00,68.4
2025-06-12 02:36:00,0.8
2025-06-12 05:31:00,11.5
2025-06-12 02:34:00,70.7
2025-06-12 11:26:00,60.9
2025-06-12 19:13:00,49.82536769031651
2025-06-12 04:20:00,49.82536769031651
2025-06-12 18:48:00,8.7
2025-06-12 20:07:00,59.1
2025-06-12 06:26:00,44.5
2025-06-12 07:22:00,75.9
2025-06-12 16:23:00,92.8
2025-06-12 17:43:00,49.82536769031651
2025-06-12 17:17:00,31.0
2025-06-12 19:10:00,49.82536769031651
2025-06-12 23:53:00,49.82536769031651
2025-06-12 07:43:00,90.3
2025-06-12 14:57:00,98.9
2025-06-12 07:34:00,75.8
2025-06-12 08:50:00,37.6
2025-06-12 08:05:00,23.6
2025-06-12 20:12:00,75.9
2025-06-12 20:09:00,49.82536769031651
2025-06-12 15:08:00,82.6
2025-06-12 16:12:00,32.9
2025-06-12 15:12:00,37.3
2025-06-12 05:19:00,49.82536769031651
2025-06-12 16:32:00,52.9
2025-06-12 20:10:00,61.5
2025-06-12 19:35:00,27.4
2025-06-12 13:16:00,12.1
2025-06-12 04:00:00,40.7
2025-06-12 18:33:00,6.3
2025-06-12 06:19:00,89.3
2025-06-12 15:56:00,27.4
2025-06-12 15:01:00,98.3
2025-06-12 07:36:00,93.7
2025-06-12 11:48:00,49.82536769031651
2025-06-12 17:31:00,99.9
2025-06-12 22:49:00,49.82536769031651
2025-06-12 11:19:00,49.82536769031651
2025-06-12 05:11:00,11.3
2025-06-12 08:48:00,4.3
2025-06-12 03:57:00,75.0
2025-06-12 00:16:00,21.7
2025-06-12 09:04:00,49.82536769031651
2025-06-12 01:15:00,72.5
2025-06-12 09:55:00,79.5
2025-06-12 08:27:00,96.1
2025-06-12 06:40:00,73.1
2025-06-12 14:19:00,20.4
2025-06-12 05:51:00,82.0
2025-06-12 03:21:00,44.2
2025-06-12 13:46:00,5.0
2025-06-12 20:20:00,48.7
2025-06-12 15:56:00,49.82536769031651
2025-06-12 06:12:00,55.4
2025-06-12 06:51:00,82.6
2025-06-12 18:38:00,18.6
2025-06-12 14:15:00,49.82536769031651
2025-06-12 21:38:00,23.6
2025-06-12 16:18:00,56.3
2025-06-12 13:41:00,95.7
2025-06-12 07:21:00,7.2
2025-06-12 22:09:00,79.5
2025-06-12 08:35:00,44.3
2025-06-12 11:23:00,74.0
2025-06-12 08:33:00,52.3
2025-06-12 08:21:00,74.0
2025-06-12 03:21:00,42.4
2025-06-12 05:47:00,86.6
2025-06-12 19:38:00,54.5
2025-06-12 02:54:00,4.0
2025-06-12 19:21:00,74.5
2025-06-12 02:08:00,46.5
2025-06-12 10:35:00,14.2
2025-06-12 12:00:00,96.4
2025-06-12 03:18:00,29.5
2025-06-12 04:38:00,40.9
2025-06-12 15:51:00,93.3
2025-06-12 10:23:00,18.0
2025-06-12 00:09:00,96.1
2025-06-12 17:32:00,65.6
2025-06-12 18:46:00,74.3
2025-06-12 00:03:00,35.7
2025-06-12 16:33:00,49.0
2025-06-12 21:12:00,49.82536769031651
2025-06-12 05:14:00,77.2
2025-06-12 14:23:00,84.2
2025-06-12 11:49:00,73.3
2025-06-12 11:45:00,3.5
2025-06-12 16:12:00,50.9
2025-06-12 17:05:00,89.3
2025-06-12 16:32:00,8.5
2025-06-12 01:26:00,50.9
2025-06-12 16:28:00,7.7
2025-06-12 13:47:00,45.7
2025-06-12 12:35:00,19.2
2025-06-12 08:41:00,19.6
2025-06-12 22:32:00,49.82536769031651
2025-06-12 22:57:00,54.9
2025-06-12 15:59:00,49.82536769031651
2025-06-12 11:07:00,5.8
2025-06-12 07:55:00,39.3
2025-06-12 17:56:00,37.7
2025-06-12 00:55:00,75.8
2025-06-12 13:16:00,32.2
2025-06-12 18:52:00,49.82536769031651
2025-06-12 10:29:00,71.9
2025-06-12 12:44:00,49.3
2025-06-12 22:06:00,95.4
2025-06-12 12:08:00,27.3
2025-06-12 03:38:00,58.4
2025-06-12 18:08:00,24.0
2025-06-12 11:28:00,18.4
2025-06-12 17:20:00,61.3
2025-06-12 09:28:00,49.82536769031651
2025-06-12 21:53:00,25.1
2025-06-12 11:58:00,76.0
2025-06-12 15:54:00,45.4
2025-06-12 03:19:00,49.82536769031651
2025-06-12 15:21:00,49.82536769031651
2025-06-12 11:22:00,85.0
2025-06-12 09:25:00,32.5
2025-06-12 08:54:00,62.0
2025-06-12 10:23:00,27.7
2025-06-12 03:26:00,59.5
2025-06-12 00:44:00,65.8
2025-06-12 10:25:00,76.4
2025-06-12 08:28:00,93.9
2025-06-12 14:43:00,32.4
2025-06-12 01:19:00,48.7
2025-06-12 19:47:00,34.2
2025-06-12 17:06:00,82.8
2025-06-12 04:02:00,49.82536769031651
2025-06-12 07:56:00,6.3
2025-06-12 11:54:00,32.6
2025-06-12 22:19:00,26.7
2025-06-12 08:36:00,27.2
2025-06-12 12:47:00,38.2
2025-06-12 13:22:00,81.9
2025-06-12 21:17:00,93.8
2025-06-12 16:08:00,92.7
2025-06-12 12:45:00,97.3
2025-06-12 10:45:00,75.8
2025-06-12 06:40:00,49.82536769031651
2025-06-12 10:07:00,75.5
2025-06-12 14:31:00,25.0
2025-06-12 14:32:00,73.7
2025-06-12 07:15:00,90.3
2025-06-12 15:08:00,1.2
2025-06-12 20:41:00,84.1
2025-06-12 13:16:00,69.4
2025-06-12 05:55:00,36.1
2025-06-12 05:58:00,6.3
2025-06-12 10:14:00,98.1
2025-06-12 09:04:00,63.7
2025-06-12 17:21:00,34.3
2025-06-12 05:11:00,95.6
2025-06-12 12:24:00,8.0
2025-06-12 06:15:00,86.5
2025-06-12 17:23:00,67.8
2025-06-12 23:31:00,20.8
2025-06-12 02:30:00,25.9
2025-06-12 04:35:00,71.6
2025-06-12 04:51:00,59.9
2025-06-12 18:21:00,67.1
2025-06-12 11:01:00,77.0
2025-06-12 14:12:00,59.5
2025-06-12 23:34:00,49.82536769031651
2025-06-12 00:13:00,49.82536769031651
2025-06-12 23:38:00,94.0
2025-06-12 10:42:00,43.1
2025-06-12 23:50:00,50.7
2025-06-12 04:21:00,17.5
2025-06-12 15:21:00,16.5
2025-06-12 18:41:00,98.2
2025-06-12 16:45:00,45.5
2025-06-12 03:10:00,49.82536769031651
2025-06-12 21:08:00,49.82536769031651
2025-06-12 12:05:00,17.2
2025-06-12 00:46:00,35.4
2025-06-12 09:24:00,7.7
2025-06-12 23:29:00,50.10362276498773
2025-06-12 18:34:00,72.7
2025-06-12 06:39:00,60.8
2025-06-12 05:37:00,88.7
2025-06-12 13:07:00,69.3
2025-06-12 21:45:00,70.4
2025-06-12 13:32:00,81.6
2025-06-12 02:58:00,89.3
2025-06-12 01:44:00,96.6
2025-06-12 20:50:00,50.10362276498773
2025-06-12 02:30:00,7.1
2025-06-12 13:05:00,22.4
2025-06-12 14:45:00,72.6
2025-06-12 21:46:00,14.7
2025-06-12 22:33:00,81.2
2025-06-12 11:31:00,50.6
2025-06-12 00:15:00,55.6
2025-06-12 11:48:00,92.2
2025-06-12 17:35:00,50.10362276498773
2025-06-12 09:33:00,50.10362276498773
2025-06-12 07:12:00,43.1
2025-06-12 07:58:00,87.0
2025-06-12 14:51:00,82.8
2025-06-12 05:52:00,58.9
2025-06-12 06:32:00,77.1
2025-06-12 00:59:00,72.5
2025-06-12 18:17:00,4.9
2025-06-12 21:20:00,99.4
2025-06-12 19:43:00,15.8
2025-06-12 03:20:00,81.0
2025-06-12 20:35:00,23.1
2025-06-12 17:17:00,31.7
2025-06-12 09:29:00,13.8
2025-06-12 17:16:00,10.4
2025-06-12 21:47:00,50.10362276498773
2025-06-12 08:45:00,50.10362276498773
2025-06-12 10:04:00,15.0
2025-06-12 16:18:00,85.8
2025-06-12 09:45:00,92.4
2025-06-12 04:07:00,46.1
2025-06-12 07:29:00,54.2
2025-06-12 12:45:00,51.7
2025-06-12 08:10:00,50.10362276498773
2025-06-12 17:02:00,78.3
2025-06-12 12:46:00,84.4
2025-06-12 18:56:00,58.6
2025-06-12 22:31:00,27.1
2025-06-12 10:48:00,6.5
2025-06-12 05:35:00,26.1
2025-06-12 14:02:00,94.6
2025-06-12 12:35:00,50.10362276498773
2025-06-12 01:24:00,29.1
2025-06-12 04:52:00,50.10362276498773
2025-06-12 19:16:00,48.9
2025-06-12 04:48:00,9.0
2025-06-12 08:45:00,49.0
2025-06-12 15:56:00,93.7
2025-06-12 04:35:00,50.10362276498773
2025-06-12 11:55:00,0.7
2025-06-12 20:06:00,44.2
2025-06-12 04:01:00,50.10362276498773
2025-06-12 05:58:00,77.2
2025-06-12 04:01:00,24.4
2025-06-12 22:05:00,4.3
2025-06-12 11:04:00,50.10362276498773
2025-06-12 08:17:00,4.4
2025-06-12 14:37:00,50.10362276498773
2025-06-12 11:02:00,69.9
2025-06-12 08:09:00,23.9
2025-06-12 06:48:00,50.10362276498773
2025-06-12 23:29:00,43.1
2025-06-12 05:13:00,68.0
2025-06-12 07:01:00,42.7
2025-06-12 08:23:00,50.10362276498773
2025-06-12 13:42:00,43.7
2025-06-12 23:23:00,6.4
2025-06-12 19:03:00,50.10362276498773
2025-06-12 18:30:00,51.9
2025-06-12 06:02:00,24.1
2025-06-12 02:42:00,43.7
2025-06-12 06:45:00,39.1
2025-06-12 18:10:00,9.7
2025-06-12 01:13:00,81.7
2025-06-12 02:15:00,51.8
2025-06-12 06:32:00,94.7
2025-06-12 14:46:00,94.2
2025-06-12 09:58:00,33.6
2025-06-12 09:00:00,51.4
2025-06-12 20:18:00,4.3
2025-06-12 17:34:00,21.0
2025-06-12 14:12:00,57.5
2025-06-12 14:11:00,29.9
2025-06-12 07:40:00,51.1
2025-06-12 05:45:00,46.6
2025-06-12 12:06:00,37.1
2025-06-12 00:29:00,65.1
2025-06-12 09:27:00,85.9
2025-06-12 22:09:00,97.2
2025-06-12 14:07:00,50.10362276498773
2025-06-12 23:04:00,1.6
2025-06-12 08:43:00,77.9
2025-06-12 04:26:00,25.2
2025-06-12 19:08:00,50.10362276498773
2025-06-12 11:25:00,9.2
2025-06-12 12:22:00,36.8
2025-06-12 19:02:00,10.2
2025-06-12 10:22:00,5.4
2025-06-12 14:44:00,3.7
2025-06-12 00:33:00,70.2
2025-06-12 15:06:00,30.9
2025-06-12 06:15:00,32.8
2025-06-12 08:27:00,74.4
2025-06-12 07:24:00,85.0
2025-06-12 14:13:00,50.10362276498773
2025-06-12 21:58:00,66.2
2025-06-12 03:28:00,70.8
2025-06-12 21:35:00,71.4
2025-06-12 12:16:00,2.3
2025-06-12 18:52:00,10.8
2025-06-12 20:19:00,89.3
2025-06-12 14:58:00,88.5
2025-06-12 06:29:00,35.4
2025-06-12 09:24:00,33.3
2025-06-12 01:53:00,95.9
2025-06-12 21:41:00,32.5
2025-06-12 02:41:00,50.10362276498773
2025-06-12 02:54:00,26.2
2025-06-12 23:34:00,52.6
2025-06-12 16:16:00,88.6
2025-06-12 05:34:00,2.4
2025-06-12 21:57:00,81.2
2025-06-12 03:42:00,50.10362276498773
2025-06-12 11:44:00,42.0
2025-06-12 13:07:00,73.3
2025-06-12 21:26:00,17.0
2025-06-12 07:14:00,50.10362276498773
2025-06-12 16:35:00,50.10362276498773
2025-06-12 15:35:00,57.9
2025-06-12 22:01:00,13.9
2025-06-12 09:59:00,4.5
2025-06-12 11:01:00,75.7
2025-06-12 02:59:00,88.9
2025-06-12 09:22:00,50.10362276498773
2025-06-12 07:23:00,50.10362276498773
2025-06-12 15:45:00,96.7
2025-06-12 10:20:00,83.3
2025-06-12 05:50:00,7.5
2025-06-12 16:11:00,98.8
2025-06-12 01:52:00,72.8
2025-06-12 07:56:00,38.9
2025-06-12 15:24:00,49.1
2025-06-12 07:54:00,50.10362276498773
2025-06-12 21:30:00,50.10362276498773
2025-06-12 07:37:00,36.7
2025-06-12 10:53:00,45.9
2025-06-12 15:23:00,16.7
2025-06-12 14:34:00,56.6
2025-06-12 09:31:00,38.1
2025-06-12 04:02:00,50.3
2025-06-12 00:31:00,50.10362276498773
2025-06-12 22:39:00,17.2
2025-06-12 00:52:00,57.3
2025-06-12 11:57:00,6.8
2025-06-12 19:20:00,74.3
2025-06-12 07:37:00,96.1
2025-06-12 10:52:00,50.10362276498773
2025-06-12 18:16:00,50.10362276498773
2025-06-12 19:07:00,50.10362276498773
2025-06-12 23:53:00,34.9
2025-06-12 03:38:00,31.2
2025-06-12 17:40:00,81.7
2025-06-12 17:54:00,43.4
2025-06-12 22:30:00,5.3
2025-06-12 19:28:00,62.3
2025-06-12 14:02:00,50.10362276498773
2025-06-12 08:05:00,96.1
2025-06-12 11:29:00,16.4
2025-06-12 10:44:00,78.0
2025-06-12 04:13:00,50.10362276498773
2025-06-12 21:45:00,53.1
2025-06-12 19:52:00,16.5
2025-06-12 17:46:00,49.0
2025-06-12 19:21:00,9.9
2025-06-12 20:15:00,49.7
2025-06-12 19:05:00,43.9
2025-06-12 19:15:00,51.9
2025-06-12 06:51:00,50.10362276498773
2025-06-12 04:38:00,50.10362276498773
2025-06-12 02:26:00,2.9
2025-06-12 01:35:00,44.6
2025-06-12 03:09:00,3.1
2025-06-12 21:47:00,89.2
2025-06-12 17:25:00,49.2
2025-06-12 22:10:00,15.9
2025-06-12 17:36:00,81.8
2025-06-12 07:06:00,83.3
2025-06-12 00:27:00,32.3
2025-06-12 14:30:00,63.1
2025-06-12 08:26:00,63.0
2025-06-12 09:17:00,50.10362276498773
2025-06-12 02:26:00,16.6
2025-06-12 18:30:00,50.10362276498773
2025-06-12 05:51:00,50.10362276498773
2025-06-12 20:21:00,50.10362276498773
2025-06-12 08:58:00,19.8
2025-06-12 20:58:00,50.10362276498773
2025-06-12 06:04:00,50.10362276498773
2025-06-12 18:51:00,50.10362276498773
2025-06-12 10:56:00,50.10362276498773
2025-06-12 11:07:00,50.10362276498773
2025-06-12 22:52:00,50.10362276498773
2025-06-12 12:59:00,62.4
2025-06-12 16:14:00,48.6
2025-06-12 21:47:00,2.8
2025-06-12 20:39:00,11.8
2025-06-12 03:18:00,75.3
2025-06-12 22:35:00,50.10362276498773
2025-06-12 14:07:00,71.7
2025-06-12 17:37:00,53.0
2025-06-12 20:44:00,59.7
2025-06-12 02:26:00,86.1
2025-06-12 03:17:00,6.9
2025-06-12 08:00:00,20.0
2025-06-12 21:03:00,38.8
2025-06-12 05:50:00,5.5
2025-06-12 00:48:00,87.4
2025-06-12 04:35:00,10.9
2025-06-12 07:42:00,78.8
2025-06-12 12:27:00,84.5
2025-06-12 15:14:00,50.10362276498773
2025-06-12 06:49:00,43.3
2025-06-12 13:10:00,50.10362276498773
2025-06-12 14:39:00,45.7
2025-06-12 05:26:00,29.9
2025-06-12 02:52:00,78.2
2025-06-12 21:29:00,88.3
2025-06-12 07:33:00,50.10362276498773
2025-06-12 04:03:00,50.10362276498773
2025-06-12 19:18:00,6.1
2025-06-12 02:02:00,58.4
2025-06-12 19:21:00,49.5
2025-06-12 03:57:00,43.4
2025-06-12 10:35:00,47.9
2025-06-12 18:26:00,25.0
2025-06-12 01:18:00,54.9
2025-06-12 19:58:00,98.2
2025-06-12 07:52:00,37.4
2025-06-12 08:56:00,26.6
2025-06-12 11:06:00,37.0
2025-06-12 21:45:00,50.10362276498773
2025-06-12 07:31:00,50.0
2025-06-12 07:05:00,6.7
2025-06-12 20:07:00,45.7
2025-06-12 20:27:00,75.5
2025-06-12 08:02:00,31.2
2025-06-12 00:06:00,54.2
2025-06-12 15:34:00,50.10362276498773
2025-06-12 05:02:00,0.2
2025-06-12 20:19:00,19.6
2025-06-12 12:43:00,69.6
2025-06-12 00:17:00,53.9
2025-06-12 07:56:00,62.3
2025-06-12 23:54:00,37.5
2025-06-12 16:47:00,38.4
2025-06-12 16:43:00,5.8
2025-06-12 19:37:00,97.6
2025-06-12 22:47:00,17.8
2025-06-12 15:37:00,79.4
2025-06-12 06:07:00,98.4
2025-06-12 12:19:00,21.8
2025-06-12 16:51:00,43.8
2025-06-12 01:40:00,50.10362276498773
2025-06-12 01:33:00,83.7
2025-06-12 02:44:00,50.10362276498773
2025-06-12 14:07:00,63.1
2025-06-12 03:44:00,13.6
2025-06-12 13:43:00,71.0
2025-06-12 10:41:00,40.3
2025-06-12 06:08:00,22.3
2025-06-12 02:32:00,71.0
2025-06-12 00:20:00,76.6
2025-06-12 19:54:00,50.10362276498773
2025-06-12 18:40:00,50.10362276498773
2025-06-12 04:40:00,56.4
2025-06-12 20:42:00,59.9
2025-06-12 05:07:00,37.6
2025-06-12 10:52:00,63.4
2025-06-12 12:57:00,50.10362276498773
2025-06-12 04:51:00,50.10362276498773
2025-06-12 17:58:00,3.7
2025-06-12 07:45:00,44.0
2025-06-12 02:23:00,58.1
2025-06-12 20:33:00,92.4
2025-06-12 00:00:00,61.6
2025-06-12 08:28:00,73.2
2025-06-12 00:06:00,84.6
2025-06-12 00:35:00,44.3
2025-06-12 13:15:00,10.9
2025-06-12 08:42:00,63.0
2025-06-12 06:30:00,24.1
2025-06-12 18:56:00,71.5
2025-06-12 19:18:00,34.6
2025-06-12 16:20:00,83.4
2025-06-12 12:08:00,32.7
2025-06-12 08:11:00,35.3
2025-06-12 07:00:00,72.6
2025-06-12 01:54:00,23.2
2025-06-12 09:28:00,50.10362276498773
2025-06-12 21:30:00,37.1
2025-06-12 08:43:00,40.0
2025-06-12 15:11:00,42.3
2025-06-12 08:18:00,72.3
2025-06-12 14:25:00,27.3
2025-06-12 23:57:00,44.0
2025-06-12 20:40:00,97.4
2025-06-12 22:51:00,50.10362276498773
2025-06-12 13:31:00,6.6
2025-06-12 20:22:00,69.3
2025-06-12 04:02:00,12.0
2025-06-12 18:08:00,84.7
2025-06-12 10:15:00,51.1
2025-06-12 17:35:00,46.9
2025-06-12 19:34:00,86.0
2025-06-12 16:26:00,51.4
2025-06-12 19:18:00,37.2
2025-06-12 15:02:00,27.2
2025-06-12 21:49:00,63.0
2025-06-12 17:53:00,73.1
2025-06-12 11:32:00,35.1
2025-06-12 18:24:00,99.2
2025-06-12 11:18:00,62.2
2025-06-12 23:22:00,20.1
2025-06-12 09:59:00,85.5
2025-06-12 13:11:00,56.7
2025-06-12 19:06:00,34.8
2025-06-12 05:47:00,79.3
2025-06-12 12:03:00,50.10362276498773
2025-06-12 07:57:00,77.8
2025-06-12 15:21:00,60.9
2025-06-12 15:44:00,98.8
2025-06-12 12:18:00,97.0
2025-06-12 19:51:00,13.3
2025-06-12 17:10:00,13.0
2025-06-12 20:13:00,50.10362276498773
2025-06-12 20:58:00,81.3
2025-06-12 01:40:00,43.4
2025-06-12 05:45:00,52.8
2025-06-12 18:29:00,5.9
2025-06-12 05:04:00,43.8
2025-06-12 21:53:00,82.1
2025-06-12 18:14:00,34.6
2025-06-12 13:08:00,78.8
2025-06-12 13:30:00,2.1
2025-06-12 04:11:00,56.6
2025-06-12 06:38:00,93.4
2025-06-12 23:20:00,83.0
2025-06-12 06:22:00,53.3
2025-06-12 03:33:00,40.5
2025-06-12 02:31:00,50.12327810650887
2025-06-12 22:41:00,63.5
2025-06-12 09:16:00,74.3
2025-06-12 02:38:00,4.2
2025-06-12 08:38:00,17.2
2025-06-12 07:23:00,88.7
2025-06-12 10:31:00,75.1
2025-06-12 10:12:00,50.12327810650887
2025-06-12 12:55:00,83.4
2025-06-12 21:52:00,22.0
2025-06-12 03:22:00,50.12327810650887
2025-06-12 17:11:00,50.12327810650887
2025-06-12 19:56:00,50.3
2025-06-12 17:52:00,16.1
2025-06-12 23:05:00,40.7
2025-06-12 18:55:00,15.5
2025-06-12 00:30:00,2.1
2025-06-12 05:47:00,8.5
2025-06-12 08:37:00,13.1
2025-06-12 23:05:00,3.7
2025-06-12 16:31:00,72.8
2025-06-12 21:59:00,49.3
2025-06-12 13:27:00,50.12327810650887
2025-06-12 03:30:00,14.2
2025-06-12 17:02:00,88.0
2025-06-12 17:47:00,50.12327810650887
2025-06-12 05:17:00,34.3
2025-06-12 05:28:00,69.6
2025-06-12 03:47:00,9.1
2025-06-12 02:18:00,32.8
2025-06-12 14:43:00,50.12327810650887
2025-06-12 23:00:00,17.0
2025-06-12 09:10:00,92.7
2025-06-12 03:32:00,12.8
2025-06-12 07:55:00,52.9
2025-06-12 12:20:00,1.7
2025-06-12 20:37:00,39.1
2025-06-12 05:24:00,27.9
2025-06-12 03:53:00,50.12327810650887
2025-06-12 20:08:00,10.6
2025-06-12 12:31:00,71.9
2025-06-12 18:57:00,9.3
2025-06-12 21:50:00,34.5
2025-06-12 08:14:00,14.6
2025-06-12 08:05:00,67.4
2025-06-12 04:52:00,50.12327810650887
2025-06-12 04:41:00,45.5
2025-06-12 17:08:00,21.4
2025-06-12 11:31:00,90.3
2025-06-12 02:24:00,50.12327810650887
2025-06-12 01:38:00,69.7
2025-06-12 01:12:00,71.4
2025-06-12 18:18:00,5.3
2025-06-12 16:32:00,66.4
2025-06-12 12:39:00,64.2
2025-06-12 23:52:00,37.7
2025-06-12 13:32:00,2.9
2025-06-12 08:57:00,9.2
2025-06-12 23:25:00,56.7
2025-06-12 11:47:00,50.12327810650887
2025-06-12 04:39:00,67.4
2025-06-12 02:43:00,35.2
2025-06-12 17:29:00,36.9
2025-06-12 21:14:00,91.1
2025-06-12 17:32:00,55.3
2025-06-12 23:46:00,16.7
2025-06-12 21:58:00,2.3
2025-06-12 15:18:00,41.1
2025-06-12 08:00:00,48.2
2025-06-12 22:42:00,8.3
2025-06-12 05:22:00,97.5
2025-06-12 14:08:00,50.8
2025-06-12 01:41:00,51.7
2025-06-12 01:48:00,3.5
2025-06-12 06:41:00,50.12327810650887
2025-06-12 15:47:00,77.0
2025-06-12 16:57:00,98.4
2025-06-12 13:25:00,86.3
2025-06-12 10:55:00,84.2
2025-06-12 14:53:00,61.8
2025-06-12 16:26:00,76.6
2025-06-12 06:08:00,38.0
2025-06-12 17:21:00,91.4
2025-06-12 19:24:00,82.5
2025-06-12 02:46:00,24.1
2025-06-12 03:22:00,13.1
2025-06-12 06:13:00,83.9
2025-06-12 18:14:00,1.6
2025-06-12 04:43:00,35.8
2025-06-12 00:13:00,0.1
2025-06-12 11:36:00,93.5
2025-06-12 11:10:00,52.8
2025-06-12 15:30:00,92.0
2025-06-12 18:21:00,55.2
2025-06-12 05:13:00,54.7
2025-06-12 09:52:00,7.2
2025-06-12 18:34:00,99.1
2025-06-12 10:22:00,89.0
2025-06-12 15:36:00,1.4
2025-06-12 11:55:00,52.8
2025-06-12 11:50:00,64.0
2025-06-12 08:07:00,89.1
2025-06-12 03:35:00,70.7
2025-06-12 04:37:00,90.6
2025-06-12 14:13:00,89.7
2025-06-12 16:14:00,65.4
2025-06-12 03:59:00,50.12327810650887
2025-06-12 09:47:00,10.7
2025-06-12 19:15:00,34.9
2025-06-12 14:25:00,3.0
2025-06-12 02:11:00,49.2
2025-06-12 14:26:00,81.6
2025-06-12 02:37:00,58.5
2025-06-12 10:53:00,16.8
2025-06-12 06:10:00,50.12327810650887
2025-06-12 02:28:00,32.4
2025-06-12 02:29:00,30.1
2025-06-12 08:56:00,0.4
2025-06-12 14:45:00,88.5
2025-06-12 20:03:00,39.6
2025-06-12 10:42:00,93.4
2025-06-12 21:30:00,98.5
2025-06-12 13:45:00,53.9
2025-06-12 21:33:00,69.1
2025-06-12 01:07:00,66.8
2025-06-12 09:34:00,95.9
2025-06-12 22:08:00,7.5
2025-06-12 07:29:00,71.8
2025-06-12 03:41:00,90.0
2025-06-12 11:44:00,11.8
2025-06-12 01:31:00,50.12327810650887
2025-06-12 15:58:00,85.5
2025-06-12 14:38:00,59.9
2025-06-12 16:13:00,24.6
2025-06-12 10:18:00,50.12327810650887
2025-06-12 00:25:00,68.6
2025-06-12 15:52:00,68.0
2025-06-12 04:00:00,38.4
2025-06-12 05:28:00,38.8
2025-06-12 04:16:00,69.8
2025-06-12 10:46:00,81.6
2025-06-12 15:09:00,50.12327810650887
2025-06-12 03:30:00,16.8
2025-06-12 14:15:00,13.1
2025-06-12 08:52:00,34.6
2025-06-12 07:46:00,50.12327810650887
2025-06-12 05:38:00,72.8
2025-06-12 00:37:00,76.0
2025-06-12 17:39:00,85.7
2025-06-12 14:24:00,50.12327810650887
2025-06-12 08:14:00,14.8
2025-06-12 10:23:00,95.0
2025-06-12 01:28:00,0.3
2025-06-12 05:22:00,77.2
2025-06-12 00:12:00,88.3
2025-06-12 09:31:00,3.6
2025-06-12 06:30:00,16.9
2025-06-12 23:58:00,4.5
2025-06-12 12:39:00,50.12327810650887
2025-06-12 05:33:00,25.9
2025-06-12 15:25:00,77.5
2025-06-12 00:51:00,1.5
2025-06-12 12:56:00,76.2
2025-06-12 17:48:00,70.0
2025-06-12 12:48:00,50.12327810650887
2025-06-12 21:42:00,75.2
2025-06-12 16:04:00,9.8
2025-06-12 14:20:00,35.0
2025-06-12 13:06:00,21.8
2025-06-12 22:49:00,71.8
2025-06-12 10:23:00,32.5
2025-06-12 03:28:00,50.3
2025-06-12 05:42:00,50.12327810650887
2025-06-12 23:53:00,48.4
2025-06-12 10:18:00,50.12327810650887
2025-06-12 01:20:00,84.7
2025-06-12 10:16:00,67.4
2025-06-12 04:38:00,71.8
2025-06-12 17:14:00,42.8
2025-06-12 03:46:00,49.3
2025-06-12 13:38:00,36.0
2025-06-12 02:02:00,31.8
2025-06-12 21:15:00,90.3
2025-06-12 14:01:00,98.3
2025-06-12 05:50:00,96.7
2025-06-12 10:49:00,60.1
2025-06-12 22:12:00,30.8
2025-06-12 09:08:00,22.8
2025-06-12 10:01:00,48.0
2025-06-12 23:49:00,29.7
2025-06-12 11:18:00,92.8
2025-06-12 04:23:00,20.4
2025-06-12 22:45:00,50.12327810650887
2025-06-12 00:31:00,28.8
2025-06-12 21:44:00,30.6
2025-06-12 21:57:00,0.5
2025-06-12 00:35:00,43.2
2025-06-12 12:13:00,74.4
2025-06-12 21:37:00,88.7
2025-06-12 22:26:00,3.7
2025-06-12 22:22:00,48.1
2025-06-12 06:04:00,53.1
2025-06-12 21:51:00,43.5
2025-06-12 03:18:00,9.2
2025-06-12 20:24:00,50.12327810650887
2025-06-12 15:34:00,57.7
2025-06-12 20:00:00,69.9
2025-06-12 11:45:00,98.1
2025-06-12 10:30:00,73.2
2025-06-12 03:09:00,88.9
2025-06-12 01:17:00,50.12327810650887
2025-06-12 18:46:00,37.2
2025-06-12 01:08:00,33.1
2025-06-12 01:56:00,2.8
2025-06-12 01:07:00,52.1
2025-06-12 19:17:00,28.3
2025-06-12 10:20:00,95.1
2025-06-12 05:20:00,30.2
2025-06-12 14:17:00,50.12327810650887
2025-06-12 18:14:00,96.1
2025-06-12 14:52:00,50.12327810650887
2025-06-12 07:22:00,89.9
2025-06-12 22:39:00,39.7
2025-06-12 02:49:00,98.4
2025-06-12 10:25:00,8.1
2025-06-12 11:17:00,5.3
2025-06-12 10:54:00,63.8
2025-06-12 22:17:00,91.1
2025-06-12 07:01:00,80.8
2025-06-12 15:27:00,8.4
2025-06-12 22:43:00,11.0
2025-06-12 00:36:00,67.5
2025-06-12 14:42:00,68.6
2025-06-12 04:29:00,32.2
2025-06-12 23:03:00,91.8
2025-06-12 01:50:00,95.2
2025-06-12 09:50:00,54.0
2025-06-12 06:56:00,66.5
2025-06-12 02:54:00,50.12327810650887
2025-06-12 16:30:00,36.8
2025-06-12 05:42:00,90.3
2025-06-12 01:52:00,77.6
2025-06-12 17:55:00,70.9
2025-06-12 12:16:00,93.5
2025-06-12 22:01:00,77.7
2025-06-12 09:35:00,35.1
2025-06-12 19:12:00,57.1
2025-06-12 10:56:00,11.4
2025-06-12 02:44:00,41.8
2025-06-12 23:34:00,59.9
2025-06-12 23:14:00,34.5
2025-06-12 10:03:00,53.4
2025-06-12 04:29:00,19.7
2025-06-12 03:51:00,50.12327810650887
2025-06-12 13:35:00,16.3
2025-06-12 21:05:00,68.2
2025-06-12 20:30:00,29.3
2025-06-12 18:19:00,94.7
2025-06-12 23:08:00,80.9
2025-06-12 09:00:00,68.0
2025-06-12 01:50:00,50.12327810650887
2025-06-12 17:54:00,72.2
2025-06-12 02:54:00,15.7
2025-06-12 13:33:00,10.1
2025-06-12 09:23:00,39.1
2025-06-12 03:03:00,6.6
2025-06-12 17:21:00,52.9
2025-06-12 09:59:00,10.9
2025-06-12 14:17:00,85.9
2025-06-12 11:56:00,86.8
2025-06-12 10:51:00,4.0
2025-06-12 07:30:00,45.5
2025-06-12 16:41:00,50.12327810650887
2025-06-12 03:30:00,43.1
2025-06-12 12:13:00,50.12327810650887
2025-06-12 23:35:00,50.12327810650887
2025-06-12 12:36:00,46.1
2025-06-12 09:46:00,95.1
2025-06-12 00:01:00,63.7
2025-06-12 14:24:00,48.1
2025-06-12 07:18:00,54.9
2025-06-12 15:28:00,0.3
2025-06-12 21:55:00,91.9
2025-06-12 17:06:00,50.12327810650887
2025-06-12 02:37:00,71.7
2025-06-12 10:54:00,7.9
2025-06-12 20:34:00,50.12327810650887
2025-06-12 09:53:00,29.9
2025-06-12 10:00:00,90.4
2025-06-12 01:20:00,44.3
2025-06-12 07:00:00,77.9
2025-06-12 22:51:00,66.0
2025-06-12 22:16:00,75.6
2025-06-12 23:33:00,20.5
2025-06-12 21:16:00,10.2
2025-06-12 15:39:00,50.12327810650887
2025-06-12 22:25:00,0.3
2025-06-12 20:17:00,66.1
2025-06-12 09:12:00,18.0
2025-06-12 15:40:00,77.4
2025-06-12 19:34:00,77.9
2025-06-12 14:48:00,49.63956792297757
2025-06-12 02:38:00,14.1
2025-06-12 14:09:00,66.0
2025-06-12 18:30:00,71.3
2025-06-12 23:29:00,32.2
2025-06-12 00:30:00,34.7
2025-06-12 05:00:00,12.8
2025-06-12 22:37:00,97.1
2025-06-12 02:54:00,20.1
2025-06-12 14:39:00,45.8
2025-06-12 22:48:00,73.1
2025-06-12 14:55:00,89.2
2025-06-12 08:28:00,81.3
2025-06-12 23:11:00,90.3
2025-06-12 07:51:00,10.3
2025-06-12 23:50:00,61.3
2025-06-12 18:19:00,22.0
2025-06-12 22:33:00,41.9
2025-06-12 02:45:00,31.2
2025-06-12 17:50:00,24.2
2025-06-12 10:55:00,9.0
2025-06-12 20:55:00,49.63956792297757
2025-06-12 08:13:00,98.4
2025-06-12 04:33:00,97.1
2025-06-12 05:29:00,2.7
2025-06-12 14:42:00,17.3
2025-06-12 18:43:00,10.2
2025-06-12 13:52:00,66.7
2025-06-12 04:35:00,12.4
2025-06-12 21:28:00,49.0
2025-06-12 03:08:00,95.1
2025-06-12 20:35:00,16.4
2025-06-12 07:42:00,19.5
2025-06-12 21:52:00,29.6
2025-06-12 15:26:00,89.1
2025-06-12 03:33:00,83.5
2025-06-12 20:56:00,13.0
2025-06-12 23:45:00,43.3
2025-06-12 05:41:00,50.5
2025-06-12 16:48:00,8.7
2025-06-12 07:16:00,5.6
2025-06-12 14:39:00,96.2
2025-06-12 14:48:00,31.4
2025-06-12 16:55:00,45.8
2025-06-12 17:52:00,46.8
2025-06-12 10:57:00,49.63956792297757
2025-06-12 10:38:00,76.6
2025-06-12 13:52:00,94.4
2025-06-12 17:34:00,63.9
2025-06-12 05:05:00,41.3
2025-06-12 01:42:00,73.8
2025-06-12 00:27:00,84.8
2025-06-12 08:16:00,58.9
2025-06-12 09:11:00,2.1
2025-06-12 02:39:00,19.8
2025-06-12 13:27:00,49.63956792297757
2025-06-12 02:56:00,37.0
2025-06-12 16:14:00,0.7
2025-06-12 00:45:00,20.9
2025-06-12 17:19:00,88.9
2025-06-12 15:19:00,52.3
2025-06-12 05:39:00,55.9
2025-06-12 08:33:00,3.0
2025-06-12 09:00:00,3.1
2025-06-12 19:38:00,16.8
2025-06-12 05:30:00,83.9
2025-06-12 03:43:00,80.3
2025-06-12 07:41:00,47.5
2025-06-12 15:13:00,42.4
2025-06-12 07:25:00,97.6
2025-06-12 00:25:00,12.8
2025-06-12 03:47:00,62.8
2025-06-12 14:51:00,4.5
2025-06-12 13:53:00,27.1
2025-06-12 07:16:00,89.5
2025-06-12 14:27:00,49.9
2025-06-12 04:58:00,40.2
2025-06-12 20:31:00,47.1
2025-06-12 22:55:00,77.6
2025-06-12 00:21:00,46.6
2025-06-12 13:29:00,80.4
2025-06-12 05:46:00,49.63956792297757
2025-06-12 00:26:00,49.63956792297757
2025-06-12 11:02:00,9.6
2025-06-12 01:42:00,49.63956792297757
2025-06-12 07:15:00,77.0
2025-06-12 21:00:00,70.2
2025-06-12 08:56:00,13.0
2025-06-12 22:24:00,14.3
2025-06-12 13:43:00,82.0
2025-06-12 17:20:00,38.0
2025-06-12 06:12:00,54.0
2025-06-12 23:09:00,34.0
2025-06-12 17:09:00,50.1
2025-06-12 22:42:00,49.63956792297757
2025-06-12 10:31:00,76.7
2025-06-12 13:37:00,24.9
2025-06-12 21:24:00,40.6
2025-06-12 20:55:00,22.3
2025-06-12 02:13:00,44.3
2025-06-12 18:20:00,3.8
2025-06-12 23:15:00,27.6
2025-06-12 01:46:00,22.8
2025-06-12 13:01:00,49.63956792297757
2025-06-12 12:10:00,72.4
2025-06-12 12:43:00,97.4
2025-06-12 14:23:00,24.5
2025-06-12 03:22:00,93.3
2025-06-12 14:56:00,58.0
2025-06-12 16:15:00,98.0
2025-06-12 13:45:00,38.7
2025-06-12 10:54:00,28.1
2025-06-12 01:52:00,98.0
2025-06-12 16:55:00,0.8
2025-06-12 14:11:00,99.7
2025-06-12 03:21:00,37.0
2025-06-12 15:21:00,75.2
2025-06-12 13:01:00,71.6
2025-06-12 09:29:00,38.8
2025-06-12 06:29:00,94.6
2025-06-12 00:04:00,23.1
2025-06-12 21:31:00,18.9
2025-06-12 19:52:00,9.6
2025-06-12 15:08:00,56.0
2025-06-12 02:43:00,8.3
2025-06-12 11:35:00,22.0
2025-06-12 22:05:00,26.0
2025-06-12 13:09:00,49.63956792297757
2025-06-12 04:06:00,62.5
2025-06-12 11:31:00,49.63956792297757
2025-06-12 02:56:00,22.8
2025-06-12 09:02:00,95.4
2025-06-12 15:13:00,71.7
2025-06-12 16:53:00,49.63956792297757
2025-06-12 05:00:00,36.5
2025-06-12 00:43:00,49.63956792297757
2025-06-12 14:42:00,65.4
2025-06-12 14:56:00,8.9
2025-06-12 01:50:00,49.63956792297757
2025-06-12 05:54:00,22.2
2025-06-12 13:45:00,14.3
2025-06-12 16:42:00,80.2
2025-06-12 16:33:00,22.3
2025-06-12 17:23:00,19.5
2025-06-12 10:44:00,62.0
2025-06-12 01:26:00,2.0
2025-06-12 02:27:00,69.1
2025-06-12 12:02:00,49.63956792297757
2025-06-12 18:59:00,43.5
2025-06-12 21:27:00,32.8
2025-06-12 13:38:00,19.9
2025-06-12 18:51:00,53.2
2025-06-12 05:51:00,19.3
2025-06-12 01:08:00,25.3
2025-06-12 21:02:00,97.9
2025-06-12 02:24:00,45.0
2025-06-12 08:28:00,49.63956792297757
2025-06-12 11:26:00,0.5
2025-06-12 18:08:00,69.0
2025-06-12 22:48:00,89.2
2025-06-12 13:52:00,74.1
2025-06-12 17:15:00,49.63956792297757
2025-06-12 06:58:00,5.4
2025-06-12 10:22:00,68.0
2025-06-12 14:44:00,79.3
2025-06-12 20:36:00,43.4
2025-06-12 22:36:00,49.63956792297757
2025-06-12 12:38:00,21.2
2025-06-12 16:27:00,12.8
2025-06-12 07:36:00,55.5
2025-06-12 23:59:00,49.63956792297757
2025-06-12 11:39:00,28.2
2025-06-12 11:13:00,66.7
2025-06-12 15:40:00,90.6
2025-06-12 06:16:00,81.5
2025-06-12 14:58:00,19.5
2025-06-12 20:51:00,71.3
2025-06-12 08:34:00,29.5
2025-06-12 05:50:00,21.0
2025-06-12 10:59:00,54.6
2025-06-12 18:05:00,13.7
2025-06-12 07:36:00,45.5
2025-06-12 13:00:00,83.5
2025-06-12 20:17:00,6.1
2025-06-12 19:45:00,61.4
2025-06-12 07:56:00,41.7
2025-06-12 04:45:00,19.3
2025-06-12 16:12:00,92.4
2025-06-12 23:01:00,49.63956792297757
2025-06-12 12:09:00,60.3
2025-06-12 10:24:00,96.8
2025-06-12 19:37:00,92.7
2025-06-12 19:00:00,93.5
2025-06-12 15:06:00,17.0
2025-06-12 11:47:00,82.3
2025-06-12 12:24:00,41.9
2025-06-12 10:04:00,0.0
2025-06-12 23:55:00,49.63956792297757
2025-06-12 05:18:00,57.3
2025-06-12 09:15:00,58.6
2025-06-12 04:04:00,5.5
2025-06-12 13:25:00,58.8
2025-06-12 20:36:00,23.5
2025-06-12 01:03:00,49.63956792297757
2025-06-12 09:15:00,8.9
2025-06-12 11:23:00,49.63956792297757
2025-06-12 06:53:00,91.7
2025-06-12 02:37:00,38.2
2025-06-12 05:55:00,85.2
2025-06-12 23:00:00,0.5
2025-06-12 00:33:00,86.6
2025-06-12 04:12:00,16.8
2025-06-12 15:00:00,7.9
2025-06-12 15:52:00,95.8
2025-06-12 09:24:00,97.0
2025-06-12 21:36:00,76.1
2025-06-12 03:52:00,24.6
2025-06-12 01:01:00,81.5
2025-06-12 15:45:00,79.9
2025-06-12 06:18:00,49.63956792297757
2025-06-12 13:51:00,80.3
2025-06-12 06:22:00,77.1
2025-06-12 21:39:00,49.63956792297757
2025-06-12 08:17:00,48.0
2025-06-12 07:02:00,1.2
2025-06-12 06:13:00,58.2
2025-06-12 23:29:00,41.6
2025-06-12 16:30:00,4.6
2025-06-12 04:54:00,34.3
2025-06-12 04:48:00,38.2
2025-06-12 04:31:00,98.6
2025-06-12 15:12:00,49.63956792297757
2025-06-12 17:45:00,73.9
2025-06-12 15:52:00,42.6
2025-06-12 08:14:00,15.6
2025-06-12 22:09:00,49.63956792297757
2025-06-12 15:36:00,97.2
2025-06-12 22:23:00,55.2
2025-06-12 09:37:00,28.7
2025-06-12 19:30:00,49.63956792297757
2025-06-12 18:07:00,91.4
2025-06-12 18:58:00,49.63956792297757
2025-06-12 04:00:00,4.7
2025-06-12 22:23:00,49.63956792297757
2025-06-12 02:33:00,16.2
2025-06-12 10:32:00,70.1
2025-06-12 11:14:00,19.5
2025-06-12 23:28:00,87.8
2025-06-12 08:44:00,57.6
2025-06-12 03:56:00,1.6
2025-06-12 09:48:00,69.5
2025-06-12 01:52:00,51.5
2025-06-12 20:28:00,54.6
2025-06-12 01:04:00,82.9
2025-06-12 20:16:00,30.8
2025-06-12 14:53:00,37.4
2025-06-12 16:07:00,78.6
2025-06-12 01:30:00,77.0
2025-06-12 06:41:00,30.7
2025-06-12 18:55:00,18.2
2025-06-12 18:41:00,8.1
2025-06-12 21:28:00,44.1
2025-06-12 02:39:00,49.63956792297757
2025-06-12 05:34:00,65.6
2025-06-12 07:02:00,99.5
2025-06-12 11:11:00,49.63956792297757
2025-06-12 20:44:00,3.7
2025-06-12 01:51:00,49.63956792297757
2025-06-12 06:29:00,49.63956792297757
2025-06-12 05:16:00,69.0
2025-06-12 13:26:00,3.1
2025-06-12 08:43:00,49.63956792297757
2025-06-12 21:05:00,49.63956792297757
2025-06-12 21:47:00,88.0
2025-06-12 19:23:00,5.6
2025-06-12 07:08:00,84.1
2025-06-12 00:12:00,63.7
2025-06-12 07:07:00,93.5
2025-06-12 09:01:00,15.4
2025-06-12 06:18:00,30.0
2025-06-12 18:17:00,23.6
2025-06-12 03:42:00,56.3
2025-06-12 03:28:00,79.3
2025-06-12 01:59:00,59.0
2025-06-12 03:42:00,38.7
2025-06-12 05:07:00,60.9
2025-06-12 15:51:00,15.4
2025-06-12 15:49:00,48.2
2025-06-12 13:59:00,31.4
2025-06-12 08:56:00,28.7
2025-06-12 13:55:00,52.2
2025-06-12 18:33:00,56.8
2025-06-12 03:40:00,49.63956792297757
2025-06-12 12:14:00,3.0
2025-06-12 22:24:00,40.1
2025-06-12 10:25:00,39.9
2025-06-12 00:23:00,19.8
2025-06-12 23:17:00,10.7
2025-06-12 09:19:00,73.4
2025-06-12 11:49:00,37.6
2025-06-12 12:59:00,49.63956792297757
2025-06-12 23:38:00,57.8
2025-06-12 21:08:00,28.9
2025-06-12 02:59:00,41.3
2025-06-12 03:45:00,64.6
2025-06-12 13:40:00,64.7
2025-06-12 14:37:00,49.8
2025-06-12 12:51:00,88.4
2025-06-12 05:06:00,50.29152382078261
2025-06-12 02:47:00,51.4
2025-06-12 01:20:00,72.9
2025-06-12 16:46:00,82.7
2025-06-12 01:35:00,64.0
2025-06-12 19:38:00,87.2
2025-06-12 15:48:00,20.2
2025-06-12 07:19:00,10.7
2025-06-12 04:11:00,48.2
2025-06-12 19:32:00,66.4
2025-06-12 02:06:00,39.6
2025-06-12 00:33:00,79.9
2025-06-12 02:02:00,55.0
2025-06-12 00:52:00,48.3
2025-06-12 18:01:00,94.8
2025-06-12 18:20:00,77.7
2025-06-12 18:21:00,85.6
2025-06-12 14:34:00,91.0
2025-06-12 11:50:00,5.7
2025-06-12 18:39:00,82.6
2025-06-12 16:56:00,40.7
2025-06-12 03:37:00,10.4
2025-06-12 02:51:00,50.29152382078261
2025-06-12 22:32:00,20.9
2025-06-12 14:19:00,89.8
2025-06-12 11:20:00,80.3
2025-06-12 21:11:00,87.0
2025-06-12 01:51:00,6.7
2025-06-12 20:13:00,8.0
2025-06-12 17:49:00,98.1
2025-06-12 05:40:00,39.4
2025-06-12 13:16:00,73.4
2025-06-12 02:35:00,29.0
2025-06-12 01:49:00,65.9
2025-06-12 14:17:00,50.29152382078261
2025-06-12 00:12:00,59.6
2025-06-12 22:13:00,30.1
2025-06-12 14:48:00,64.7
2025-06-12 18:16:00,34.5
2025-06-12 03:51:00,32.9
2025-06-12 22:52:00,43.6
2025-06-12 18:20:00,50.29152382078261
2025-06-12 19:24:00,46.9
2025-06-12 13:45:00,50.29152382078261
2025-06-12 17:43:00,91.9
2025-06-12 19:12:00,50.29152382078261
2025-06-12 06:11:00,35.1
2025-06-12 15:39:00,67.6
2025-06-12 09:47:00,3.9
2025-06-12 00:19:00,26.0
2025-06-12 13:53:00,65.3
2025-06-12 12:37:00,2.9
2025-06-12 04:21:00,90.0
2025-06-12 15:41:00,99.9
2025-06-12 10:32:00,24.0
2025-06-12 16:07:00,42.3
2025-06-12 23:58:00,15.5
2025-06-12 09:35:00,71.6
2025-06-12 13:46:00,59.7
2025-06-12 21:16:00,64.3
2025-06-12 16:53:00,69.2
2025-06-12 09:55:00,37.8
2025-06-12 20:33:00,22.8
2025-06-12 07:11:00,91.6
2025-06-12 01:43:00,62.1
2025-06-12 10:33:00,96.3
2025-06-12 10:26:00,0.7
2025-06-12 17:12:00,98.9
2025-06-12 15:00:00,91.2
2025-06-12 19:38:00,4.2
2025-06-12 15:11:00,79.6
2025-06-12 12:07:00,62.6
2025-06-12 20:24:00,86.9
2025-06-12 00:05:00,70.1
2025-06-12 22:07:00,50.29152382078261
2025-06-12 18:27:00,45.1
2025-06-12 09:26:00,50.29152382078261
2025-06-12 11:25:00,26.8
2025-06-12 01:33:00,83.2
2025-06-12 14:30:00,50.29152382078261
2025-06-12 07:27:00,61.6
2025-06-12 14:09:00,50.29152382078261
2025-06-12 06:38:00,50.29152382078261
2025-06-12 04:53:00,15.8
2025-06-12 05:09:00,70.7
2025-06-12 22:15:00,50.29152382078261
2025-06-12 10:20:00,9.0
2025-06-12 17:54:00,7.0
2025-06-12 03:42:00,43.6
2025-06-12 06:38:00,34.6
2025-06-12 09:45:00,9.8
2025-06-12 15:40:00,66.6
2025-06-12 02:52:00,50.29152382078261
2025-06-12 07:15:00,71.8
2025-06-12 07:50:00,50.29152382078261
2025-06-12 00:06:00,67.8
2025-06-12 02:23:00,31.5
2025-06-12 19:22:00,72.0
2025-06-12 16:27:00,30.0
2025-06-12 19:06:00,51.6
2025-06-12 15:30:00,98.3
2025-06-12 05:07:00,50.29152382078261
2025-06-12 03:41:00,21.7
2025-06-12 09:59:00,30.4
2025-06-12 04:39:00,50.29152382078261
2025-06-12 12:14:00,84.8
2025-06-12 06:11:00,9.0
2025-06-12 11:26:00,50.29152382078261
2025-06-12 13:08:00,74.7
2025-06-12 07:06:00,52.4
2025-06-12 06:00:00,41.8
2025-06-12 04:10:00,60.6
2025-06-12 03:28:00,30.9
2025-06-12 02:30:00,47.4
2025-06-12 18:09:00,23.2
2025-06-12 13:09:00,61.1
2025-06-12 07:57:00,42.7
2025-06-12 22:16:00,93.4
2025-06-12 00:40:00,14.4
2025-06-12 12:48:00,19.4
2025-06-12 20:02:00,93.7
2025-06-12 17:33:00,78.2
2025-06-12 04:05:00,44.3
2025-06-12 18:09:00,77.3
2025-06-12 12:25:00,64.6
2025-06-12 00:43:00,50.29152382078261
2025-06-12 21:13:00,27.4
2025-06-12 10:07:00,46.3
2025-06-12 21:07:00,45.4
2025-06-12 14:04:00,91.0
2025-06-12 18:17:00,50.29152382078261
2025-06-12 20:48:00,4.8
2025-06-12 18:19:00,37.9
2025-06-12 00:25:00,59.7
2025-06-12 19:22:00,50.29152382078261
2025-06-12 11:20:00,79.8
2025-06-12 08:55:00,50.0
2025-06-12 21:32:00,67.5
2025-06-12 09:17:00,50.29152382078261
2025-06-12 05:22:00,62.5
2025-06-12 09:37:00,19.6
2025-06-12 13:01:00,63.1
2025-06-12 21:10:00,10.2
2025-06-12 02:42:00,6.2
2025-06-12 07:18:00,50.29152382078261
2025-06-12 01:36:00,50.29152382078261
2025-06-12 02:11:00,47.3
2025-06-12 22:10:00,50.29152382078261
2025-06-12 19:37:00,52.0
2025-06-12 14:08:00,29.3
2025-06-12 01:47:00,10.3
2025-06-12 23:29:00,1.9
2025-06-12 23:58:00,23.4
2025-06-12 09:58:00,44.5
2025-06-12 09:09:00,50.29152382078261
2025-06-12 03:46:00,66.6
2025-06-12 23:04:00,65.9
2025-06-12 20:25:00,63.4
2025-06-12 17:31:00,20.8
2025-06-12 03:41:00,50.29152382078261
2025-06-12 17:03:00,47.2
2025-06-12 04:22:00,30.4
2025-06-12 10:39:00,34.8
2025-06-12 17:57:00,13.8
2025-06-12 01:27:00,50.29152382078261
2025-06-12 18:52:00,50.29152382078261
2025-06-12 02:07:00,25.9
2025-06-12 06:30:00,88.4
2025-06-12 01:38:00,99.3
2025-06-12 11:51:00,74.6
2025-06-12 21:36:00,32.3
2025-06-12 21:24:00,23.8
2025-06-12 02:59:00,65.2
2025-06-12 12:39:00,56.5
2025-06-12 10:22:00,3.0
2025-06-12 12:08:00,27.8
2025-06-12 12:07:00,34.6
2025-06-12 21:27:00,69.6
2025-06-12 11:47:00,50.29152382078261
2025-06-12 00:20:00,50.29152382078261
2025-06-12 12:32:00,38.9
2025-06-12 20:58:00,62.1
2025-06-12 00:56:00,89.8
2025-06-12 03:24:00,50.29152382078261
2025-06-12 02:54:00,62.2
2025-06-12 19:48:00,46.4
2025-06-12 04:34:00,50.29152382078261
2025-06-12 13:17:00,50.29152382078261
2025-06-12 02:04:00,65.7
2025-06-12 14:24:00,62.2
2025-06-12 23:09:00,2.7
2025-06-12 23:26:00,33.0
2025-06-12 19:33:00,67.2
2025-06-12 08:43:00,50.29152382078261
2025-06-12 13:14:00,21.7
2025-06-12 09:15:00,11.0
2025-06-12 12:22:00,52.4
2025-06-12 14:11:00,50.29152382078261
2025-06-12 13:30:00,49.8
2025-06-12 19:57:00,50.29152382078261
2025-06-12 22:42:00,1.5
2025-06-12 03:30:00,36.6
2025-06-12 10:31:00,32.9
2025-06-12 07:10:00,64.8
2025-06-12 13:59:00,48.9
2025-06-12 12:28:00,62.0
2025-06-12 22:26:00,50.29152382078261
2025-06-12 22:55:00,62.3
2025-06-12 05:50:00,25.3
2025-06-12 20:45:00,20.9
2025-06-12 09:20:00,29.9
2025-06-12 11:55:00,88.6
2025-06-12 04:33:00,46.7
2025-06-12 04:33:00,50.29152382078261
2025-06-12 09:57:00,35.1
2025-06-12 23:35:00,21.7
2025-06-12 10:06:00,74.0
2025-06-12 04:47:00,17.8
2025-06-12 10:05:00,76.4
2025-06-12 07:33:00,97.7
2025-06-12 08:14:00,50.29152382078261
2025-06-12 09:09:00,9.0
2025-06-12 05:27:00,32.1
2025-06-12 22:59:00,50.29152382078261
2025-06-12 12:23:00,2.7
2025-06-12 09:56:00,51.1
2025-06-12 03:20:00,28.3
2025-06-12 03:26:00,11.1
2025-06-12 05:04:00,50.29152382078261
2025-06-12 07:40:00,30.0
2025-06-12 22:33:00,24.9
2025-06-12 04:14:00,50.29152382078261
2025-06-12 00:12:00,36.1
2025-06-12 15:53:00,8.3
2025-06-12 03:01:00,53.3
2025-06-12 00:55:00,49.1
2025-06-12 03:44:00,65.0
2025-06-12 05:21:00,43.1
2025-06-12 10:14:00,44.6
2025-06-12 01:10:00,66.2
2025-06-12 23:01:00,29.3
2025-06-12 04:56:00,50.29152382078261
2025-06-12 02:30:00,50.29152382078261
2025-06-12 16:37:00,17.4
2025-06-12 03:10:00,8.7
2025-06-12 14:10:00,22.9
2025-06-12 23:59:00,74.8
2025-06-12 19:34:00,97.8
2025-06-12 12:50:00,77.7
2025-06-12 00:09:00,50.29152382078261
2025-06-12 22:33:00,23.1
2025-06-12 06:52:00,17.8
2025-06-12 09:52:00,7.7
2025-06-12 10:20:00,18.4
2025-06-12 05:57:00,90.4
2025-06-12 19:23:00,50.29152382078261
2025-06-12 17:22:00,22.3
2025-06-12 22:54:00,81.0
2025-06-12 01:56:00,78.5
2025-06-12 11:00:00,8.5
2025-06-12 17:05:00,17.1
2025-06-12 18:12:00,25.3
2025-06-12 11:49:00,80.4
2025-06-12 01:59:00,67.9
2025-06-12 18:33:00,50.29152382078261
2025-06-12 22:58:00,61.9
2025-06-12 00:09:00,50.29152382078261
2025-06-12 00:54:00,49.0
2025-06-12 17:37:00,33.7
2025-06-12 04:11:00,73.3
2025-06-12 21:59:00,45.4
2025-06-12 17:54:00,13.8
2025-06-12 23:47:00,45.9
2025-06-12 15:49:00,52.5
2025-06-12 07:20:00,50.29152382078261
2025-06-12 08:16:00,50.29152382078261
2025-06-12 18:04:00,99.4
2025-06-12 10:33:00,50.29152382078261
2025-06-12 14:55:00,50.29152382078261
2025-06-12 02:37:00,85.8
2025-06-12 18:30:00,35.0
2025-06-12 03:09:00,20.1
2025-06-12 15:34:00,10.2
2025-06-12 00:55:00,33.0
2025-06-12 02:03:00,72.3
2025-06-12 10:13:00,93.8
2025-06-12 00:02:00,50.29152382078261
2025-06-12 05:08:00,95.8
2025-06-12 11:13:00,63.1
2025-06-12 23:32:00,81.1
2025-06-12 12:41:00,48.0
2025-06-12 17:44:00,92.5
2025-06-12 06:12:00,15.9
2025-06-12 01:21:00,19.2
2025-06-12 15:56:00,52.1
2025-06-12 18:59:00,40.1
2025-06-12 07:16:00,62.5
2025-06-12 20:11:00,53.0
2025-06-12 01:34:00,99.9
2025-06-12 03:13:00,62.0
2025-06-12 12:16:00,60.3
2025-06-12 17:36:00,25.4
2025-06-12 09:10:00,90.2
2025-06-12 05:49:00,63.9
2025-06-12 07:11:00,67.2
2025-06-12 02:02:00,78.3
2025-06-12 07:54:00,1.9
2025-06-12 08:03:00,6.1
2025-06-12 20:00:00,50.29152382078261
2025-06-12 02:11:00,50.29152382078261
2025-06-12 23:32:00,32.2
2025-06-12 19:15:00,97.7
2025-06-12 07:14:00,73.5
2025-06-12 05:10:00,58.9
2025-06-12 14:07:00,19.0
2025-06-12 15:14:00,50.29152382078261
2025-06-12 18:55:00,81.3
2025-06-12 19:51:00,12.2
2025-06-12 06:04:00,50.15830883217688
2025-06-12 18:43:00,92.7
2025-06-12 14:58:00,2.2
2025-06-12 19:42:00,80.5
2025-06-12 12:01:00,45.4
2025-06-12 07:25:00,15.7
2025-06-12 02:08:00,51.5
2025-06-12 17:31:00,3.7
2025-06-12 07:43:00,27.7
2025-06-12 22:12:00,13.3
2025-06-12 06:26:00,97.1
2025-06-12 04:18:00,77.3
2025-06-12 12:13:00,36.1
2025-06-12 21:20:00,38.6
2025-06-12 04:30:00,50.15830883217688
2025-06-12 05:10:00,1.3
2025-06-12 12:22:00,14.3
2025-06-12 01:56:00,41.1
2025-06-12 08:52:00,16.9
2025-06-12 02:58:00,50.15830883217688
2025-06-12 05:36:00,39.3
2025-06-12 00:40:00,42.6
2025-06-12 02:13:00,78.1
2025-06-12 19:02:00,50.15830883217688
2025-06-12 23:22:00,50.15830883217688
2025-06-12 03:16:00,88.0
2025-06-12 14:13:00,13.0
2025-06-12 00:51:00,9.5
2025-06-12 09:50:00,77.8
2025-06-12 21:43:00,93.4
2025-06-12 08:48:00,50.15830883217688
2025-06-12 09:59:00,18.6
2025-06-12 05:32:00,41.0
2025-06-12 14:16:00,97.0
2025-06-12 05:45:00,50.15830883217688
2025-06-12 01:08:00,82.5
2025-06-12 11:18:00,92.6
2025-06-12 18:33:00,97.5
2025-06-12 09:54:00,50.15830883217688
2025-06-12 05:21:00,20.2
2025-06-12 14:33:00,81.9
2025-06-12 18:44:00,99.1
2025-06-12 07:07:00,89.1
2025-06-12 09:57:00,58.8
2025-06-12 23:27:00,50.15830883217688
2025-06-12 12:32:00,32.2
2025-06-12 03:36:00,61.3
2025-06-12 13:12:00,45.5
2025-06-12 06:25:00,50.15830883217688
2025-06-12 20:50:00,38.4
2025-06-12 20:45:00,50.15830883217688
2025-06-12 22:10:00,49.9
2025-06-12 22:16:00,30.9
2025-06-12 09:40:00,86.0
2025-06-12 02:31:00,64.6
2025-06-12 08:00:00,50.15830883217688
2025-06-12 19:12:00,46.1
2025-06-12 18:27:00,50.15830883217688
2025-06-12 08:03:00,80.5
2025-06-12 18:23:00,51.3
2025-06-12 18:15:00,75.9
2025-06-12 05:09:00,3.3
2025-06-12 17:39:00,38.9
2025-06-12 12:24:00,21.4
2025-06-12 03:51:00,50.15830883217688
2025-06-12 00:38:00,50.15830883217688
2025-06-12 07:13:00,14.9
2025-06-12 10:12:00,66.1
2025-06-12 03:16:00,50.15830883217688
2025-06-12 15:33:00,50.3
2025-06-12 07:22:00,47.0
2025-06-12 01:04:00,78.0
2025-06-12 02:07:00,20.1
2025-06-12 06:21:00,45.8
2025-06-12 04:07:00,3.9
2025-06-12 14:53:00,16.8
2025-06-12 23:39:00,74.7
2025-06-12 08:26:00,63.8
2025-06-12 02:42:00,59.2
2025-06-12 06:53:00,54.9
2025-06-12 16:42:00,72.1
2025-06-12 12:17:00,50.15830883217688
2025-06-12 19:01:00,37.4
2025-06-12 06:40:00,62.4
2025-06-12 07:42:00,12.0
2025-06-12 18:07:00,0.6
2025-06-12 16:51:00,90.6
2025-06-12 04:23:00,45.8
2025-06-12 04:04:00,99.9
2025-06-12 07:25:00,91.8
2025-06-12 22:59:00,97.5
2025-06-12 05:18:00,28.4
2025-06-12 17:12:00,61.7
2025-06-12 18:47:00,89.4
2025-06-12 18:51:00,93.9
2025-06-12 19:18:00,99.0
2025-06-12 05:48:00,71.1
2025-06-12 12:24:00,26.1
2025-06-12 06:16:00,50.15830883217688
2025-06-12 05:22:00,50.15830883217688
2025-06-12 05:54:00,37.3
2025-06-12 18:10:00,8.6
2025-06-12 12:33:00,6.2
2025-06-12 21:25:00,19.9
2025-06-12 10:57:00,50.15830883217688
2025-06-12 02:07:00,88.2
2025-06-12 22:20:00,44.5
2025-06-12 12:50:00,33.6
2025-06-12 00:11:00,47.2
2025-06-12 04:45:00,74.4
2025-06-12 13:55:00,4.5
2025-06-12 06:28:00,66.8
2025-06-12 03:10:00,10.3
2025-06-12 23:28:00,75.7
2025-06-12 04:58:00,59.4
2025-06-12 03:41:00,79.7
2025-06-12 21:08:00,58.0
2025-06-12 20:42:00,28.6
2025-06-12 21:04:00,50.15830883217688
2025-06-12 13:35:00,34.0
2025-06-12 04:10:00,55.2
2025-06-12 13:16:00,8.4
2025-06-12 12:24:00,33.1
2025-06-12 07:20:00,43.1
2025-06-12 18:06:00,66.5
2025-06-12 07:14:00,65.5
2025-06-12 13:47:00,28.7
2025-06-12 03:01:00,51.8
2025-06-12 21:50:00,7.9
2025-06-12 07:28:00,97.7
2025-06-12 07:00:00,15.9
2025-06-12 23:51:00,1.3
2025-06-12 06:45:00,8.0
2025-06-12 11:31:00,61.8
2025-06-12 06:28:00,0.7
2025-06-12 01:10:00,5.6
2025-06-12 05:42:00,6.1
2025-06-12 16:39:00,48.3
2025-06-12 21:58:00,30.6
2025-06-12 17:36:00,95.8
2025-06-12 09:30:00,36.7
2025-06-12 20:49:00,55.7
2025-06-12 09:32:00,50.15830883217688
2025-06-12 00:28:00,50.15830883217688
2025-06-12 10:29:00,24.6
2025-06-12 16:46:00,67.8
2025-06-12 07:16:00,50.15830883217688
2025-06-12 03:05:00,42.7
2025-06-12 16:08:00,90.8
2025-06-12 02:22:00,24.2
2025-06-12 00:13:00,56.2
2025-06-12 07:56:00,38.5
2025-06-12 22:50:00,85.0
2025-06-12 23:36:00,92.8
2025-06-12 01:35:00,32.3
2025-06-12 14:33:00,37.8
2025-06-12 18:47:00,1.9
2025-06-12 04:04:00,50.15830883217688
2025-06-12 09:29:00,84.9
2025-06-12 16:20:00,15.5
2025-06-12 11:39:00,46.7
2025-06-12 23:05:00,81.7
2025-06-12 10:48:00,50.15830883217688
2025-06-12 07:17:00,29.5
2025-06-12 23:36:00,32.1
2025-06-12 00:21:00,62.4
2025-06-12 17:18:00,79.7
2025-06-12 17:33:00,90.8
2025-06-12 10:14:00,3.2
2025-06-12 17:00:00,8.8
2025-06-12 07:46:00,74.6
2025-06-12 05:15:00,33.4
2025-06-12 15:08:00,60.7
2025-06-12 00:18:00,95.0
2025-06-12 13:11:00,49.3
2025-06-12 19:23:00,50.15830883217688
2025-06-12 17:28:00,44.9
2025-06-12 16:15:00,25.8
2025-06-12 06:55:00,96.6
2025-06-12 00:29:00,59.5
2025-06-12 21:32:00,50.15830883217688
2025-06-12 22:39:00,77.9
2025-06-12 01:32:00,83.5
2025-06-12 09:32:00,58.8
2025-06-12 15:16:00,97.0
2025-06-12 04:06:00,14.3
2025-06-12 20:56:00,86.7
2025-06-12 14:00:00,84.5
2025-06-12 08:39:00,58.1
2025-06-12 23:49:00,29.2
2025-06-12 07:24:00,92.2
2025-06-12 20:48:00,54.5
2025-06-12 17:05:00,98.8
2025-06-12 19:17:00,12.3
2025-06-12 20:18:00,50.15830883217688
2025-06-12 17:19:00,50.15830883217688
2025-06-12 18:36:00,22.0
2025-06-12 08:49:00,43.4
2025-06-12 18:45:00,48.1
2025-06-12 00:50:00,79.5
2025-06-12 10:23:00,41.1
2025-06-12 14:19:00,71.0
2025-06-12 07:20:00,26.6
2025-06-12 03:10:00,14.2
2025-06-12 01:18:00,55.1
2025-06-12 17:35:00,50.15830883217688
2025-06-12 19:56:00,57.2
2025-06-12 22:52:00,92.8
2025-06-12 06:42:00,84.5
2025-06-12 20:28:00,84.2
2025-06-12 08:03:00,50.15830883217688
2025-06-12 04:28:00,25.8
2025-06-12 12:24:00,57.9
2025-06-12 05:07:00,50.15830883217688
2025-06-12 20:28:00,19.0
2025-06-12 16:02:00,43.5
2025-06-12 10:32:00,74.3
2025-06-12 12:56:00,9.7
2025-06-12 11:11:00,2.9
2025-06-12 08:15:00,70.0
2025-06-12 06:13:00,50.15830883217688
2025-06-12 09:51:00,78.8
2025-06-12 19:55:00,59.5
2025-06-12 01:46:00,90.1
2025-06-12 01:44:00,46.2
2025-06-12 11:57:00,39.2
2025-06-12 23:29:00,6.6
2025-06-12 20:43:00,39.8
2025-06-12 03:06:00,50.15830883217688
2025-06-12 14:19:00,64.1
2025-06-12 12:59:00,8.4
2025-06-12 03:20:00,69.2
2025-06-12 01:04:00,4.9
2025-06-12 12:16:00,50.15830883217688
2025-06-12 05:28:00,86.4
2025-06-12 07:59:00,90.7
2025-06-12 22:28:00,64.9
2025-06-12 21:52:00,66.7
2025-06-12 21:08:00,12.5
2025-06-12 03:38:00,54.0
2025-06-12 21:10:00,1.3
2025-06-12 00:33:00,43.6
2025-06-12 19:31:00,59.0
2025-06-12 03:46:00,50.15830883217688
2025-06-12 22:47:00,48.5
2025-06-12 17:14:00,83.4
2025-06-12 08:18:00,61.7
2025-06-12 20:35:00,6.5
2025-06-12 06:18:00,80.5
2025-06-12 09:18:00,86.3
2025-06-12 09:05:00,37.2
2025-06-12 21:28:00,39.2
2025-06-12 13:57:00,40.0
2025-06-12 21:18:00,75.4
2025-06-12 19:02:00,50.15830883217688
2025-06-12 14:50:00,98.8
2025-06-12 17:03:00,56.9
2025-06-12 19:33:00,72.5
2025-06-12 01:06:00,37.6
2025-06-12 12:22:00,50.15830883217688
2025-06-12 04:56:00,50.15830883217688
2025-06-12 11:16:00,50.15830883217688
2025-06-12 22:05:00,30.0
2025-06-12 11:33:00,69.3
2025-06-12 03:34:00,32.8
2025-06-12 14:19:00,97.0
2025-06-12 17:14:00,57.8
2025-06-12 16:17:00,16.6
2025-06-12 13:31:00,50.15830883217688
2025-06-12 23:27:00,84.3
2025-06-12 05:44:00,12.8
2025-06-12 08:58:00,28.3
2025-06-12 16:39:00,65.6
2025-06-12 17:52:00,66.4
2025-06-12 10:57:00,62.7
2025-06-12 19:35:00,27.1
2025-06-12 04:14:00,97.5
2025-06-12 03:23:00,85.2
2025-06-12 19:03:00,4.7
2025-06-12 06:12:00,50.15830883217688
2025-06-12 07:09:00,81.9
2025-06-12 06:09:00,86.8
2025-06-12 01:30:00,17.4
2025-06-12 15:08:00,41.1
2025-06-12 15:42:00,50.15830883217688
2025-06-12 12:03:00,59.8
2025-06-12 11:43:00,50.15830883217688
2025-06-12 05:27:00,25.2
2025-06-12 10:03:00,70.5
2025-06-12 13:37:00,85.5
2025-06-12 08:55:00,97.2
2025-06-12 10:09:00,22.4
2025-06-12 20:35:00,50.15830883217688
2025-06-12 19:45:00,8.3
2025-06-12 11:07:00,50.15830883217688
2025-06-12 15:15:00,82.9
2025-06-12 17:36:00,50.15830883217688
2025-06-12 06:44:00,61.0
2025-06-12 15:32:00,75.3
2025-06-12 19:38:00,69.4
2025-06-12 03:17:00,42.9
2025-06-12 00:44:00,45.2
2025-06-12 13:54:00,50.15830883217688
2025-06-12 01:07:00,92.1
2025-06-12 09:04:00,83.2
2025-06-12 03:12:00,89.1
2025-06-12 06:05:00,40.7
2025-06-12 09:05:00,33.8
2025-06-12 19:19:00,68.8
2025-06-12 05:57:00,92.9
2025-06-12 06:46:00,50.15830883217688
2025-06-12 08:10:00,94.9
2025-06-12 08:36:00,81.2
2025-06-12 21:41:00,42.3
2025-06-12 23:53:00,46.9
2025-06-12 09:27:00,16.9
2025-06-12 19:13:00,52.2
2025-06-12 05:59:00,85.0
2025-06-12 07:21:00,29.6
2025-06-12 09:11:00,15.9
2025-06-12 20:36:00,12.8
2025-06-12 06:19:00,76.9
2025-06-12 00:42:00,63.4
2025-06-12 03:22:00,98.4
2025-06-12 14:02:00,32.1
2025-06-12 10:06:00,3.4
2025-06-12 04:28:00,96.6
2025-06-12 18:39:00,51.2
2025-06-12 13:06:00,36.5
2025-06-12 07:09:00,92.1
2025-06-12 21:22:00,61.6
2025-06-12 02:30:00,31.5
2025-06-12 10:44:00,68.5
2025-06-12 02:12:00,4.6
2025-06-12 13:43:00,50.5
2025-06-12 03:18:00,50.8
2025-06-12 08:57:00,75.9
2025-06-12 07:11:00,19.9
2025-06-12 22:45:00,20.9
2025-06-12 14:51:00,83.4
2025-06-12 13:17:00,50.05645730416373
2025-06-12 18:18:00,47.7
2025-06-12 10:43:00,52.3
2025-06-12 01:47:00,36.0
2025-06-12 10:14:00,62.1
2025-06-12 09:55:00,50.05645730416373
2025-06-12 07:00:00,40.3
2025-06-12 14:13:00,1.5
2025-06-12 11:30:00,25.3
2025-06-12 08:54:00,80.8
2025-06-12 17:34:00,80.2
2025-06-12 22:40:00,64.2
2025-06-12 06:13:00,88.4
2025-06-12 03:56:00,41.7
2025-06-12 02:16:00,17.3
2025-06-12 04:16:00,47.6
2025-06-12 21:14:00,7.9
2025-06-12 07:05:00,50.05645730416373
2025-06-12 01:50:00,41.1
2025-06-12 23:32:00,9.2
2025-06-12 11:52:00,28.0
2025-06-12 23:50:00,47.1
2025-06-12 22:40:00,48.2
2025-06-12 15:22:00,3.9
2025-06-12 16:00:00,87.0
2025-06-12 00:44:00,73.7
2025-06-12 16:10:00,72.3
2025-06-12 14:14:00,5.2
2025-06-12 19:45:00,55.2
2025-06-12 02:54:00,50.05645730416373
2025-06-12 22:42:00,81.9
2025-06-12 12:02:00,50.05645730416373
2025-06-12 18:55:00,50.05645730416373
2025-06-12 18:44:00,50.9
2025-06-12 02:50:00,25.6
2025-06-12 10:27:00,50.05645730416373
2025-06-12 10:45:00,58.5
2025-06-12 15:17:00,36.6
2025-06-12 08:28:00,17.8
2025-06-12 11:45:00,45.4
2025-06-12 03:12:00,42.9
2025-06-12 23:58:00,50.05645730416373
2025-06-12 22:56:00,64.3
2025-06-12 22:08:00,31.8
2025-06-12 20:29:00,50.05645730416373
2025-06-12 06:22:00,85.3
2025-06-12 00:47:00,37.4
2025-06-12 00:35:00,79.9
2025-06-12 14:30:00,47.9
2025-06-12 21:49:00,69.3
2025-06-12 20:49:00,50.05645730416373
2025-06-12 14:47:00,68.6
2025-06-12 23:07:00,17.7
2025-06-12 06:52:00,59.1
2025-06-12 19:24:00,75.8
2025-06-12 02:09:00,68.1
2025-06-12 12:27:00,58.4
2025-06-12 20:22:00,50.05645730416373
2025-06-12 06:17:00,50.05645730416373
2025-06-12 20:32:00,56.9
2025-06-12 17:01:00,85.7
2025-06-12 04:06:00,19.9
2025-06-12 12:23:00,41.1
2025-06-12 06:39:00,57.0
2025-06-12 03:51:00,44.6
2025-06-12 13:08:00,73.1
2025-06-12 04:37:00,90.5
2025-06-12 04:25:00,30.6
2025-06-12 11:03:00,26.9
2025-06-12 03:21:00,76.1
2025-06-12 22:24:00,69.7
2025-06-12 03:09:00,83.9
2025-06-12 22:20:00,30.9
2025-06-12 12:04:00,22.5
2025-06-12 22:15:00,28.7
2025-06-12 23:30:00,80.1
2025-06-12 22:01:00,93.3
2025-06-12 21:06:00,50.05645730416373
2025-06-12 01:33:00,17.5
2025-06-12 04:48:00,47.1
2025-06-12 19:34:00,99.7
2025-06-12 18:17:00,39.3
2025-06-12 11:25:00,24.8
2025-06-12 14:42:00,97.3
2025-06-12 03:11:00,39.1
2025-06-12 01:33:00,50.05645730416373
2025-06-12 16:29:00,50.05645730416373
2025-06-12 06:33:00,50.05645730416373
2025-06-12 06:13:00,11.8
2025-06-12 22:09:00,50.05645730416373
2025-06-12 18:16:00,94.8
2025-06-12 03:16:00,60.1
2025-06-12 16:36:00,31.6
2025-06-12 18:32:00,95.5
2025-06-12 17:30:00,60.3
2025-06-12 22:29:00,64.7
2025-06-12 09:17:00,25.1
2025-06-12 11:59:00,50.05645730416373
2025-06-12 16:00:00,69.1
2025-06-12 10:26:00,26.4
2025-06-12 16:40:00,76.3
2025-06-12 09:07:00,80.2
2025-06-12 12:06:00,19.2
2025-06-12 18:47:00,22.2
2025-06-12 11:11:00,43.6
2025-06-12 21:49:00,68.7
2025-06-12 04:07:00,73.9
2025-06-12 17:40:00,95.8
2025-06-12 08:37:00,93.6
2025-06-12 01:11:00,43.6
2025-06-12 21:34:00,60.1
2025-06-12 16:20:00,23.2
2025-06-12 12:52:00,5.3
2025-06-12 17:38:00,12.7
2025-06-12 14:44:00,49.5
2025-06-12 13:14:00,50.05645730416373
2025-06-12 08:16:00,86.4
2025-06-12 13:28:00,20.4
2025-06-12 05:41:00,13.8
2025-06-12 08:17:00,51.2
2025-06-12 03:20:00,72.6
2025-06-12 14:57:00,50.05645730416373
2025-06-12 05:37:00,37.0
2025-06-12 15:53:00,64.5
2025-06-12 11:01:00,2.8
2025-06-12 07:10:00,47.0
2025-06-12 11:43:00,93.3
2025-06-12 08:16:00,85.6
2025-06-12 20:31:00,91.6
2025-06-12 09:56:00,13.4
2025-06-12 05:58:00,95.3
2025-06-12 14:20:00,50.05645730416373
2025-06-12 01:38:00,6.6
2025-06-12 05:17:00,56.3
2025-06-12 02:44:00,92.7
2025-06-12 08:43:00,49.2
2025-06-12 19:17:00,55.5
2025-06-12 23:23:00,97.4
2025-06-12 13:35:00,11.6
2025-06-12 23:13:00,87.8
2025-06-12 16:39:00,15.8
2025-06-12 02:34:00,61.3
2025-06-12 07:25:00,51.6
2025-06-12 12:49:00,21.9
2025-06-12 09:55:00,70.9
2025-06-12 08:21:00,29.2
2025-06-12 18:58:00,11.3
2025-06-12 07:38:00,47.9
2025-06-12 15:39:00,9.5
2025-06-12 07:45:00,7.9
2025-06-12 03:01:00,16.4
2025-06-12 18:00:00,59.3
2025-06-12 14:03:00,16.5
2025-06-12 12:39:00,28.2
2025-06-12 01:13:00,50.05645730416373
2025-06-12 04:33:00,50.05645730416373
2025-06-12 04:13:00,89.7
2025-06-12 06:29:00,32.8
2025-06-12 14:23:00,20.3
2025-06-12 02:31:00,50.05645730416373
2025-06-12 07:04:00,68.8
2025-06-12 21:49:00,31.0
2025-06-12 06:35:00,33.6
2025-06-12 16:19:00,85.4
2025-06-12 08:28:00,50.05645730416373
2025-06-12 08:30:00,50.05645730416373
2025-06-12 10:00:00,77.8
2025-06-12 04:40:00,50.05645730416373
2025-06-12 21:05:00,15.9
2025-06-12 15:59:00,92.1
2025-06-12 01:42:00,87.2
2025-06-12 01:56:00,60.1
2025-06-12 20:13:00,31.1
2025-06-12 13:21:00,63.3
2025-06-12 21:33:00,5.1
2025-06-12 00:07:00,38.8
2025-06-12 19:42:00,50.05645730416373
2025-06-12 01:21:00,31.6
2025-06-12 08:42:00,28.7
2025-06-12 18:43:00,35.9
2025-06-12 09:48:00,49.7
2025-06-12 19:00:00,43.5
2025-06-12 15:18:00,50.05645730416373
2025-06-12 07:54:00,50.05645730416373
2025-06-12 19:23:00,35.4
2025-06-12 11:26:00,12.4
2025-06-12 03:14:00,21.6
2025-06-12 05:16:00,71.8
2025-06-12 21:47:00,74.7
2025-06-12 14:08:00,50.05645730416373
2025-06-12 19:45:00,50.05645730416373
2025-06-12 22:50:00,38.4
2025-06-12 22:07:00,80.3
2025-06-12 18:41:00,1.9
2025-06-12 15:51:00,50.05645730416373
2025-06-12 15:52:00,69.5
2025-06-12 19:26:00,50.05645730416373
2025-06-12 08:22:00,68.0
2025-06-12 16:41:00,50.05645730416373
2025-06-12 00:52:00,2.8
2025-06-12 00:22:00,50.05645730416373
2025-06-12 09:16:00,83.5
2025-06-12 04:11:00,97.0
2025-06-12 09:35:00,27.4
2025-06-12 01:15:00,35.3
2025-06-12 09:37:00,71.5
2025-06-12 00:10:00,76.5
2025-06-12 06:58:00,90.1
2025-06-12 11:41:00,58.3
2025-06-12 20:53:00,0.7
2025-06-12 05:19:00,18.9
2025-06-12 16:54:00,50.05645730416373
2025-06-12 11:37:00,27.3
2025-06-12 14:28:00,50.05645730416373
2025-06-12 21:19:00,67.6
2025-06-12 19:21:00,46.6
2025-06-12 06:28:00,37.3
2025-06-12 01:48:00,67.8
2025-06-12 03:50:00,50.05645730416373
2025-06-12 21:04:00,98.1
2025-06-12 18:56:00,73.2
2025-06-12 21:43:00,58.7
2025-06-12 18:21:00,32.7
2025-06-12 13:15:00,61.5
2025-06-12 23:41:00,21.4
2025-06-12 05:51:00,16.5
2025-06-12 06:20:00,87.4
2025-06-12 13:05:00,56.6
2025-06-12 00:23:00,27.6
2025-06-12 18:39:00,56.5
2025-06-12 18:28:00,91.5
2025-06-12 02:57:00,50.05645730416373
2025-06-12 07:16:00,86.9
2025-06-12 00:14:00,4.7
2025-06-12 21:22:00,48.2
2025-06-12 04:08:00,18.3
2025-06-12 02:12:00,97.4
2025-06-12 18:11:00,8.6
2025-06-12 10:38:00,1.2
2025-06-12 03:54:00,12.2
2025-06-12 00:01:00,89.9
2025-06-12 03:01:00,88.2
2025-06-12 16:08:00,50.05645730416373
2025-06-12 10:11:00,39.3
2025-06-12 22:21:00,64.9
2025-06-12 23:57:00,7.1
2025-06-12 17:27:00,15.5
2025-06-12 16:52:00,75.6
2025-06-12 05:04:00,77.5
2025-06-12 01:23:00,63.1
2025-06-12 03:15:00,0.9
2025-06-12 03:52:00,50.05645730416373
2025-06-12 15:45:00,9.9
2025-06-12 23:29:00,50.05645730416373
2025-06-12 02:10:00,92.8
2025-06-12 23:53:00,58.2
2025-06-12 02:33:00,38.7
2025-06-12 03:57:00,50.05645730416373
2025-06-12 01:03:00,28.1
2025-06-12 20:25:00,72.1
2025-06-12 18:55:00,50.05645730416373
2025-06-12 00:02:00,61.0
2025-06-12 19:15:00,24.9
2025-06-12 15:25:00,43.3
2025-06-12 07:07:00,73.3
2025-06-12 06:54:00,62.9
2025-06-12 16:18:00,60.1
2025-06-12 02:00:00,9.8
2025-06-12 21:43:00,55.1
2025-06-12 23:02:00,50.05645730416373
2025-06-12 12:09:00,77.7
2025-06-12 19:58:00,28.4
2025-06-12 06:37:00,64.6
2025-06-12 15:44:00,40.8
2025-06-12 13:53:00,14.8
2025-06-12 11:07:00,28.6
2025-06-12 09:25:00,64.2
2025-06-12 08:57:00,33.8
2025-06-12 15:35:00,31.3
2025-06-12 09:38:00,56.2
2025-06-12 00:36:00,3.7
2025-06-12 21:23:00,50.05645730416373
2025-06-12 23:42:00,67.8
2025-06-12 15:19:00,26.2
2025-06-12 17:34:00,50.05645730416373
2025-06-12 03:04:00,37.7
2025-06-12 23:11:00,28.0
2025-06-12 20:58:00,66.4
2025-06-12 01:17:00,70.7
2025-06-12 06:19:00,59.1
2025-06-12 11:19:00,3.8
2025-06-12 08:16:00,50.2
2025-06-12 05:57:00,7.9
2025-06-12 11:18:00,67.6
2025-06-12 18:03:00,34.8
2025-06-12 06:08:00,23.2
2025-06-12 11:02:00,50.05645730416373
2025-06-12 15:03:00,50.05645730416373
2025-06-12 17:08:00,50.05645730416373
2025-06-12 05:49:00,36.4
2025-06-12 02:58:00,64.5
2025-06-12 12:45:00,8.0
2025-06-12 11:05:00,21.4
2025-06-12 01:11:00,95.3
2025-06-12 03:36:00,98.7
2025-06-12 03:09:00,66.3
2025-06-12 12:02:00,71.3
2025-06-12 21:25:00,55.2
2025-06-12 20:38:00,96.6
2025-06-12 14:18:00,24.1
2025-06-12 02:36:00,50.05645730416373
2025-06-12 19:36:00,68.1
2025-06-12 00:38:00,27.5
2025-06-12 22:28:00,99.1
2025-06-12 15:58:00,11.3
2025-06-12 15:50:00,85.0
2025-06-12 12:35:00,14.6
2025-06-12 06:39:00,43.6
2025-06-12 13:09:00,87.8
2025-06-12 02:36:00,47.5
2025-06-12 08:13:00,15.2
2025-06-12 01:51:00,43.3
2025-06-12 18:39:00,66.8
2025-06-12 22:07:00,47.2
2025-06-12 10:47:00,20.5
2025-06-12 16:04:00,10.8
2025-06-12 23:39:00,69.0
2025-06-12 05:39:00,40.8
2025-06-12 05:08:00,29.4
2025-06-12 18:00:00,97.6
2025-06-12 08:27:00,38.3
2025-06-12 21:44:00,1.1
2025-06-12 10:24:00,20.3
2025-06-12 23:41:00,50.05645730416373
2025-06-12 14:18:00,50.05645730416373
2025-06-12 17:41:00,71.1
2025-06-12 15:52:00,50.05645730416373
2025-06-12 14:03:00,22.2
2025-06-12 14:58:00,49.90502819548872
2025-06-12 12:45:00,95.3
2025-06-12 01:00:00,84.1
2025-06-12 12:12:00,42.1
2025-06-12 12:34:00,49.90502819548872
2025-06-12 20:12:00,5.9
2025-06-12 08:58:00,98.1
2025-06-12 07:12:00,44.1
2025-06-12 13:03:00,5.7
2025-06-12 15:14:00,83.2
2025-06-12 08:58:00,78.6
2025-06-12 15:48:00,26.8
2025-06-12 04:23:00,19.6
2025-06-12 18:24:00,72.0
2025-06-12 22:15:00,61.1
2025-06-12 01:28:00,28.3
2025-06-12 01:44:00,52.4
2025-06-12 07:32:00,49.90502819548872
2025-06-12 19:17:00,54.5
2025-06-12 10:51:00,49.0
2025-06-12 01:03:00,94.7
2025-06-12 22:46:00,5.8
2025-06-12 09:21:00,57.3
2025-06-12 22:39:00,49.90502819548872
2025-06-12 20:49:00,49.90502819548872
2025-06-12 14:40:00,68.5
2025-06-12 13:42:00,59.4
2025-06-12 02:08:00,62.5
2025-06-12 20:22:00,90.5
2025-06-12 03:35:00,49.90502819548872
2025-06-12 22:11:00,42.9
2025-06-12 03:50:00,11.8
2025-06-12 01:34:00,49.90502819548872
2025-06-12 16:35:00,27.7
2025-06-12 10:12:00,1.3
2025-06-12 01:05:00,14.2
2025-06-12 11:20:00,24.9
2025-06-12 08:32:00,53.2
2025-06-12 19:23:00,50.0
2025-06-12 09:29:00,42.7
2025-06-12 15:42:00,5.4
2025-06-12 09:34:00,76.8
2025-06-12 22:42:00,61.5
2025-06-12 14:06:00,11.8
2025-06-12 23:34:00,9.1
2025-06-12 10:14:00,49.90502819548872
2025-06-12 20:55:00,46.5
2025-06-12 10:42:00,4.5
2025-06-12 13:53:00,61.0
2025-06-12 23:11:00,84.9
2025-06-12 12:33:00,73.8
2025-06-12 09:47:00,33.7
2025-06-12 09:12:00,57.8
2025-06-12 06:18:00,49.90502819548872
2025-06-12 06:19:00,3.5
2025-06-12 17:23:00,49.90502819548872
2025-06-12 16:01:00,1.6
2025-06-12 07:03:00,27.1
2025-06-12 16:02:00,49.90502819548872
2025-06-12 16:40:00,85.6
2025-06-12 00:02:00,80.8
2025-06-12 07:08:00,58.9
2025-06-12 00:44:00,75.4
2025-06-12 05:55:00,47.0
2025-06-12 16:36:00,44.6
2025-06-12 04:49:00,8.4
2025-06-12 16:57:00,60.3
2025-06-12 14:24:00,23.3
2025-06-12 01:46:00,79.6
2025-06-12 09:08:00,63.1
2025-06-12 08:12:00,78.5
2025-06-12 12:20:00,46.3
2025-06-12 09:55:00,49.90502819548872
2025-06-12 21:01:00,52.9
2025-06-12 00:57:00,39.7
2025-06-12 19:50:00,70.0
2025-06-12 03:20:00,3.4
2025-06-12 15:07:00,49.90502819548872
2025-06-12 16:56:00,60.5
2025-06-12 04:25:00,49.90502819548872
2025-06-12 02:06:00,64.5
2025-06-12 03:38:00,49.90502819548872
2025-06-12 14:07:00,49.90502819548872
2025-06-12 19:48:00,5.0
2025-06-12 20:25:00,86.4
2025-06-12 13:03:00,49.90502819548872
2025-06-12 04:50:00,34.5
2025-06-12 15:54:00,3.5
2025-06-12 19:42:00,89.7
2025-06-12 23:16:00,49.90502819548872
2025-06-12 14:37:00,3.3
2025-06-12 23:47:00,92.9
2025-06-12 05:43:00,19.6
2025-06-12 02:38:00,4.6
2025-06-12 20:26:00,68.1
2025-06-12 21:22:00,76.8
2025-06-12 08:27:00,80.0
2025-06-12 19:15:00,23.4
2025-06-12 11:53:00,51.7
2025-06-12 07:25:00,72.5
2025-06-12 17:34:00,39.0
2025-06-12 19:26:00,28.9
2025-06-12 22:42:00,66.7
2025-06-12 03:22:00,80.8
2025-06-12 17:56:00,51.3
2025-06-12 11:03:00,49.90502819548872
2025-06-12 07:13:00,15.1
2025-06-12 01:33:00,89.1
2025-06-12 19:45:00,23.0
2025-06-12 20:51:00,17.6
2025-06-12 22:24:00,53.9
2025-06-12 14:18:00,89.2
2025-06-12 22:15:00,89.7
2025-06-12 19:22:00,94.1
2025-06-12 06:26:00,49.90502819548872
2025-06-12 19:08:00,67.7
2025-06-12 18:41:00,94.7
2025-06-12 22:36:00,11.6
2025-06-12 05:40:00,29.1
2025-06-12 10:21:00,66.4
2025-06-12 12:45:00,36.8
2025-06-12 11:59:00,59.1
2025-06-12 09:23:00,76.8
2025-06-12 19:24:00,92.2
2025-06-12 22:38:00,49.90502819548872
2025-06-12 15:09:00,29.7
2025-06-12 18:23:00,41.9
2025-06-12 18:59:00,49.90502819548872
2025-06-12 02:40:00,24.7
2025-06-12 19:31:00,9.3
2025-06-12 03:15:00,94.4
2025-06-12 12:02:00,70.4
2025-06-12 06:06:00,19.9
2025-06-12 06:36:00,86.0
2025-06-12 18:05:00,8.0
2025-06-12 10:05:00,49.90502819548872
2025-06-12 19:09:00,59.6
2025-06-12 16:05:00,97.6
2025-06-12 20:53:00,98.9
2025-06-12 09:39:00,49.90502819548872
2025-06-12 18:41:00,33.3
2025-06-12 00:35:00,86.2
2025-06-12 05:13:00,54.4
2025-06-12 03:27:00,73.6
2025-06-12 17:07:00,84.0
2025-06-12 21:57:00,96.1
2025-06-12 10:55:00,89.4
2025-06-12 08:56:00,99.1
2025-06-12 18:46:00,47.0
2025-06-12 05:10:00,42.3
2025-06-12 06:01:00,14.4
2025-06-12 02:43:00,21.8
2025-06-12 22:13:00,29.3
2025-06-12 19:59:00,49.90502819548872
2025-06-12 22:43:00,92.5
2025-06-12 17:26:00,49.90502819548872
2025-06-12 19:13:00,32.2
2025-06-12 07:25:00,29.6
2025-06-12 06:01:00,18.7
2025-06-12 17:05:00,85.0
2025-06-12 10:20:00,4.0
2025-06-12 15:27:00,14.3
2025-06-12 08:43:00,36.1
2025-06-12 06:42:00,13.9
2025-06-12 09:44:00,31.6
2025-06-12 05:35:00,50.1
2025-06-12 00:57:00,49.90502819548872
2025-06-12 21:04:00,11.3
2025-06-12 15:33:00,49.90502819548872
2025-06-12 09:46:00,49.90502819548872
2025-06-12 06:38:00,68.9
2025-06-12 02:10:00,29.8
2025-06-12 01:14:00,33.0
2025-06-12 03:02:00,24.5
2025-06-12 05:17:00,49.90502819548872
2025-06-12 05:23:00,49.90502819548872
2025-06-12 00:52:00,87.9
2025-06-12 08:17:00,83.2
2025-06-12 07:03:00,57.6
2025-06-12 17:38:00,88.8
2025-06-12 00:22:00,90.2
2025-06-12 19:38:00,3.8
2025-06-12 06:12:00,88.0
2025-06-12 21:02:00,49.90502819548872
2025-06-12 23:18:00,61.2
2025-06-12 12:53:00,76.6
2025-06-12 20:38:00,63.0
2025-06-12 20:08:00,33.5
2025-06-12 13:20:00,0.2
2025-06-12 19:26:00,49.90502819548872
2025-06-12 11:21:00,6.7
2025-06-12 11:48:00,16.2
2025-06-12 03:54:00,53.7
2025-06-12 01:18:00,13.2
2025-06-12 06:09:00,30.3
2025-06-12 15:55:00,19.5
2025-06-12 02:00:00,58.7
2025-06-12 00:02:00,76.6
2025-06-12 16:54:00,60.3
2025-06-12 05:47:00,37.7
2025-06-12 01:11:00,80.8
2025-06-12 12:59:00,52.2
2025-06-12 10:23:00,32.6
2025-06-12 21:45:00,8.5
2025-06-12 10:11:00,49.90502819548872
2025-06-12 19:53:00,62.2
2025-06-12 05:01:00,41.8
2025-06-12 17:03:00,52.2
2025-06-12 19:30:00,29.7
2025-06-12 20:14:00,84.5
2025-06-12 20:50:00,48.0
2025-06-12 18:20:00,49.6
2025-06-12 21:56:00,39.3
2025-06-12 11:45:00,54.0
2025-06-12 13:05:00,15.3
2025-06-12 00:54:00,41.9
2025-06-12 20:01:00,96.3
2025-06-12 13:55:00,41.0
2025-06-12 23:57:00,70.0
2025-06-12 05:07:00,30.4
2025-06-12 22:50:00,88.9
2025-06-12 15:03:00,76.1
2025-06-12 20:16:00,70.5
2025-06-12 09:29:00,49.90502819548872
2025-06-12 02:19:00,1.1
2025-06-12 08:04:00,35.3
2025-06-12 10:10:00,76.7
2025-06-12 11:30:00,76.4
2025-06-12 18:01:00,35.7
2025-06-12 15:18:00,25.3
2025-06-12 02:53:00,32.0
2025-06-12 06:02:00,55.0
2025-06-12 08:30:00,12.0
2025-06-12 15:17:00,8.4
2025-06-12 13:39:00,90.4
2025-06-12 16:28:00,83.9
2025-06-12 22:06:00,43.5
2025-06-12 14:37:00,49.90502819548872
2025-06-12 22:00:00,49.90502819548872
2025-06-12 18:18:00,28.0
2025-06-12 07:07:00,49.90502819548872
2025-06-12 05:08:00,14.6
2025-06-12 23:26:00,11.5
2025-06-12 13:06:00,49.90502819548872
2025-06-12 16:02:00,19.3
2025-06-12 03:29:00,29.2
2025-06-12 20:34:00,14.8
2025-06-12 22:44:00,75.1
2025-06-12 02:09:00,7.9
2025-06-12 01:15:00,49.90502819548872
2025-06-12 05:21:00,75.3
2025-06-12 17:54:00,45.7
2025-06-12 19:22:00,65.7
2025-06-12 22:36:00,49.90502819548872
2025-06-12 20:39:00,81.0
2025-06-12 06:31:00,49.90502819548872
2025-06-12 18:46:00,5.1
2025-06-12 02:17:00,64.6
2025-06-12 17:14:00,32.9
2025-06-12 21:36:00,49.90502819548872
2025-06-12 12:52:00,57.0
2025-06-12 02:24:00,9.7
2025-06-12 21:49:00,49.90502819548872
2025-06-12 02:32:00,44.1
2025-06-12 00:27:00,47.6
2025-06-12 10:53:00,68.1
2025-06-12 19:57:00,40.3
2025-06-12 11:02:00,68.4
2025-06-12 23:58:00,87.2
2025-06-12 16:40:00,89.6
2025-06-12 01:24:00,97.7
2025-06-12 22:54:00,56.3
2025-06-12 13:57:00,0.2
2025-06-12 15:34:00,19.2
2025-06-12 11:58:00,82.2
2025-06-12 09:24:00,57.9
2025-06-12 21:36:00,49.90502819548872
2025-06-12 20:18:00,5.3
2025-06-12 10:43:00,35.4
2025-06-12 16:12:00,69.0
2025-06-12 21:25:00,44.3
2025-06-12 19:10:00,63.8
2025-06-12 22:58:00,34.0
2025-06-12 21:01:00,73.6
2025-06-12 23:10:00,78.5
2025-06-12 16:32:00,71.4
2025-06-12 13:56:00,16.0
2025-06-12 13:42:00,16.1
2025-06-12 20:06:00,19.3
2025-06-12 23:28:00,14.6
2025-06-12 08:12:00,91.3
2025-06-12 11:17:00,49.90502819548872
2025-06-12 23:45:00,59.9
2025-06-12 03:00:00,51.9
2025-06-12 11:55:00,49.90502819548872
2025-06-12 08:33:00,7.2
2025-06-12 16:57:00,67.4
2025-06-12 09:02:00,49.90502819548872
2025-06-12 09:26:00,3.9
2025-06-12 01:27:00,86.2
2025-06-12 00:43:00,35.6
2025-06-12 19:11:00,91.5
2025-06-12 12:45:00,84.5
2025-06-12 03:44:00,52.7
2025-06-12 14:43:00,76.5
2025-06-12 01:04:00,49.90502819548872
2025-06-12 20:14:00,65.6
2025-06-12 14:43:00,80.8
2025-06-12 21:44:00,50.475078938135894
2025-06-12 02:21:00,40.3
2025-06-12 19:06:00,99.2
2025-06-12 16:14:00,85.5
2025-06-12 15:40:00,62.3
2025-06-12 22:29:00,66.5
2025-06-12 15:26:00,6.3
2025-06-12 12:54:00,76.2
2025-06-12 11:24:00,66.9
2025-06-12 19:12:00,85.2
2025-06-12 03:03:00,38.7
2025-06-12 16:23:00,32.4
2025-06-12 06:12:00,13.2
2025-06-12 06:57:00,73.6
2025-06-12 15:06:00,94.2
2025-06-12 17:38:00,50.475078938135894
2025-06-12 16:16:00,32.4
2025-06-12 01:52:00,73.6
2025-06-12 06:02:00,20.2
2025-06-12 02:10:00,50.475078938135894
2025-06-12 12:52:00,67.8
2025-06-12 18:41:00,64.1
2025-06-12 05:46:00,50.475078938135894
2025-06-12 01:08:00,65.7
2025-06-12 04:32:00,94.7
2025-06-12 01:04:00,84.4
2025-06-12 00:30:00,96.6
2025-06-12 15:26:00,92.5
2025-06-12 18:27:00,50.475078938135894
2025-06-12 08:06:00,91.1
2025-06-12 13:13:00,1.1
2025-06-12 11:55:00,76.1
2025-06-12 20:01:00,50.475078938135894
2025-06-12 16:03:00,50.475078938135894
2025-06-12 18:51:00,0.7
2025-06-12 15:58:00,32.9
2025-06-12 21:56:00,55.9
2025-06-12 00:03:00,98.7
2025-06-12 06:06:00,98.0
2025-06-12 00:28:00,90.3
2025-06-12 19:31:00,50.2
2025-06-12 12:46:00,89.9
2025-06-12 19:04:00,50.475078938135894
2025-06-12 04:12:00,50.475078938135894
2025-06-12 06:42:00,61.2
2025-06-12 04:04:00,50.2
2025-06-12 16:52:00,16.3
2025-06-12 19:07:00,71.2
2025-06-12 07:44:00,18.1
2025-06-12 18:24:00,31.2
2025-06-12 09:22:00,87.5
2025-06-12 10:50:00,65.0
2025-06-12 22:41:00,39.3
2025-06-12 01:29:00,9.2
2025-06-12 22:09:00,50.475078938135894
2025-06-12 10:12:00,50.475078938135894
2025-06-12 13:04:00,89.0
2025-06-12 15:23:00,19.9
2025-06-12 22:33:00,98.7
2025-06-12 14:49:00,50.475078938135894
2025-06-12 07:19:00,45.7
2025-06-12 04:59:00,60.1
2025-06-12 13:06:00,69.1
2025-06-12 07:52:00,91.7
2025-06-12 22:16:00,22.0
2025-06-12 18:59:00,53.6
2025-06-12 18:55:00,23.7
2025-06-12 06:17:00,44.2
2025-06-12 05:39:00,12.7
2025-06-12 18:10:00,50.475078938135894
2025-06-12 19:28:00,99.5
2025-06-12 14:00:00,84.5
2025-06-12 00:43:00,67.4
2025-06-12 02:35:00,69.5
2025-06-12 20:18:00,19.9
2025-06-12 23:39:00,99.7
2025-06-12 05:38:00,43.4
2025-06-12 00:30:00,92.3
2025-06-12 17:06:00,81.7
2025-06-12 13:55:00,89.7
2025-06-12 12:32:00,48.1
2025-06-12 20:07:00,50.475078938135894
2025-06-12 06:56:00,7.9
2025-06-12 20:36:00,29.0
2025-06-12 02:44:00,63.2
2025-06-12 11:07:00,50.475078938135894
2025-06-12 12:51:00,53.0
2025-06-12 14:03:00,75.0
2025-06-12 22:38:00,54.2
2025-06-12 10:57:00,19.1
2025-06-12 12:36:00,61.6
2025-06-12 00:42:00,50.475078938135894
2025-06-12 20:51:00,58.1
2025-06-12 04:50:00,5.2
2025-06-12 14:16:00,50.475078938135894
2025-06-12 00:34:00,35.8
2025-06-12 02:42:00,27.4
2025-06-12 05:40:00,84.3
2025-06-12 07:30:00,54.6
2025-06-12 23:45:00,95.1
2025-06-12 04:23:00,45.2
2025-06-12 01:43:00,25.7
2025-06-12 01:15:00,50.475078938135894
2025-06-12 10:51:00,39.5
2025-06-12 15:57:00,74.8
2025-06-12 23:30:00,16.5
2025-06-12 14:18:00,30.5
2025-06-12 06:10:00,64.6
2025-06-12 17:10:00,6.2
2025-06-12 05:39:00,43.3
2025-06-12 16:10:00,37.6
2025-06-12 01:53:00,8.7
2025-06-12 23:43:00,50.475078938135894
2025-06-12 20:30:00,8.8
2025-06-12 06:31:00,38.0
2025-06-12 19:41:00,50.475078938135894
2025-06-12 16:46:00,65.6
2025-06-12 20:37:00,15.1
2025-06-12 14:39:00,38.0
2025-06-12 23:24:00,42.8
2025-06-12 07:34:00,20.3
2025-06-12 02:56:00,45.3
2025-06-12 15:19:00,83.6
2025-06-12 06:55:00,50.475078938135894
2025-06-12 21:12:00,74.9
2025-06-12 21:17:00,12.5
2025-06-12 09:14:00,91.1
2025-06-12 03:24:00,32.9
2025-06-12 05:06:00,53.8
2025-06-12 17:43:00,69.9
2025-06-12 05:47:00,10.6
2025-06-12 14:58:00,36.0
2025-06-12 12:59:00,18.9
2025-06-12 08:02:00,49.4
2025-06-12 13:15:00,50.475078938135894
2025-06-12 09:56:00,50.475078938135894
2025-06-12 22:41:00,29.2
2025-06-12 09:13:00,36.8
2025-06-12 09:13:00,15.6
2025-06-12 04:20:00,50.475078938135894
2025-06-12 09:36:00,3.1
2025-06-12 08:58:00,61.2
2025-06-12 13:56:00,48.1
2025-06-12 22:02:00,24.5
2025-06-12 20:00:00,97.3
2025-06-12 17:08:00,18.0
2025-06-12 02:40:00,72.1
2025-06-12 01:01:00,59.3
2025-06-12 13:47:00,58.5
2025-06-12 00:02:00,50.475078938135894
2025-06-12 01:07:00,75.3
2025-06-12 15:49:00,13.9
2025-06-12 21:37:00,33.0
2025-06-12 20:40:00,98.6
2025-06-12 13:23:00,34.2
2025-06-12 09:36:00,39.7
2025-06-12 09:48:00,12.3
2025-06-12 17:55:00,63.1
2025-06-12 10:55:00,26.4
2025-06-12 07:08:00,79.3
2025-06-12 03:27:00,72.0
2025-06-12 16:13:00,50.475078938135894
2025-06-12 12:50:00,20.8
2025-06-12 21:21:00,50.475078938135894
2025-06-12 09:27:00,42.3
2025-06-12 22:29:00,38.8
2025-06-12 01:00:00,93.1
2025-06-12 05:13:00,40.5
2025-06-12 19:02:00,60.8
2025-06-12 11:58:00,50.475078938135894
2025-06-12 05:32:00,75.4
2025-06-12 10:30:00,47.4
2025-06-12 08:54:00,20.1
2025-06-12 15:13:00,76.9
2025-06-12 23:05:00,10.7
2025-06-12 17:08:00,33.4
2025-06-12 06:45:00,17.1
2025-06-12 19:26:00,21.4
2025-06-12 09:06:00,50.475078938135894
2025-06-12 07:27:00,50.475078938135894
2025-06-12 01:36:00,50.475078938135894
2025-06-12 21:58:00,58.8
2025-06-12 03:20:00,93.5
2025-06-12 17:31:00,97.1
2025-06-12 03:29:00,68.7
2025-06-12 01:09:00,67.5
2025-06-12 09:34:00,93.2
2025-06-12 13:47:00,50.475078938135894
2025-06-12 11:34:00,80.3
2025-06-12 04:15:00,7.5
2025-06-12 19:00:00,79.8
2025-06-12 10:40:00,50.475078938135894
2025-06-12 16:19:00,0.5
2025-06-12 01:28:00,9.4
2025-06-12 06:41:00,21.6
2025-06-12 09:08:00,31.9
2025-06-12 17:01:00,0.9
2025-06-12 07:31:00,55.6
2025-06-12 21:01:00,15.5
2025-06-12 10:21:00,88.8
2025-06-12 05:59:00,29.6
2025-06-12 03:41:00,14.1
2025-06-12 18:52:00,76.1
2025-06-12 13:57:00,19.0
2025-06-12 15:22:00,95.8
2025-06-12 17:29:00,82.3
2025-06-12 09:30:00,35.0
2025-06-12 02:36:00,47.1
2025-06-12 18:59:00,68.9
2025-06-12 04:46:00,99.4
2025-06-12 02:48:00,10.0
2025-06-12 04:41:00,50.475078938135894
2025-06-12 22:08:00,61.3
2025-06-12 12:15:00,63.0
2025-06-12 20:52:00,70.7
2025-06-12 23:08:00,96.0
2025-06-12 12:28:00,50.475078938135894
2025-06-12 02:26:00,86.4
2025-06-12 23:51:00,57.7
2025-06-12 13:26:00,85.2
2025-06-12 17:49:00,59.8
2025-06-12 20:09:00,49.8
2025-06-12 20:09:00,73.2
2025-06-12 03:01:00,30.4
2025-06-12 04:55:00,50.475078938135894
2025-06-12 11:54:00,84.3
2025-06-12 09:47:00,7.4
2025-06-12 08:17:00,59.8
2025-06-12 17:03:00,38.1
2025-06-12 01:46:00,50.475078938135894
2025-06-12 16:46:00,54.9
2025-06-12 15:09:00,50.475078938135894
2025-06-12 05:25:00,11.8
2025-06-12 16:40:00,46.5
2025-06-12 00:47:00,13.6
2025-06-12 17:40:00,13.1
2025-06-12 07:12:00,79.0
2025-06-12 19:47:00,76.2
2025-06-12 09:31:00,11.4
2025-06-12 10:38:00,14.5
2025-06-12 15:12:00,99.2
2025-06-12 13:34:00,0.8
2025-06-12 16:44:00,11.9
2025-06-12 18:16:00,37.2
2025-06-12 19:15:00,33.0
2025-06-12 09:29:00,93.6
2025-06-12 02:14:00,30.8
2025-06-12 08:59:00,37.2
2025-06-12 19:51:00,48.0
2025-06-12 16:05:00,26.0
2025-06-12 00:44:00,4.3
2025-06-12 03:06:00,43.9
2025-06-12 10:56:00,47.8
2025-06-12 22:17:00,57.5
2025-06-12 03:32:00,59.2
2025-06-12 04:03:00,2.4
2025-06-12 01:17:00,58.1
2025-06-12 16:38:00,55.0
2025-06-12 11:38:00,12.0
2025-06-12 23:30:00,89.5
2025-06-12 15:53:00,50.475078938135894
2025-06-12 02:32:00,50.3
2025-06-12 03:29:00,43.1
2025-06-12 08:39:00,20.2
2025-06-12 17:00:00,50.475078938135894
2025-06-12 10:30:00,47.5
2025-06-12 00:05:00,17.6
2025-06-12 10:54:00,50.475078938135894
2025-06-12 04:55:00,31.3
2025-06-12 08:13:00,68.5
2025-06-12 22:32:00,28.4
2025-06-12 13:43:00,49.5
2025-06-12 18:52:00,81.3
2025-06-12 01:30:00,16.0
2025-06-12 12:33:00,64.8
2025-06-12 14:44:00,93.7
2025-06-12 21:48:00,26.9
2025-06-12 07:23:00,41.9
2025-06-12 18:22:00,59.9
2025-06-12 09:28:00,96.0
2025-06-12 14:17:00,76.1
2025-06-12 04:29:00,63.1
2025-06-12 12:14:00,46.4
2025-06-12 13:30:00,45.6
2025-06-12 03:38:00,1.0
2025-06-12 12:36:00,76.8
2025-06-12 06:48:00,88.7
2025-06-12 11:14:00,13.4
2025-06-12 19:17:00,89.5
2025-06-12 13:41:00,53.4
2025-06-12 05:25:00,50.475078938135894
2025-06-12 01:43:00,54.8
2025-06-12 16:29:00,65.2
2025-06-12 03:10:00,59.5
2025-06-12 22:56:00,17.0
2025-06-12 15:34:00,53.7
2025-06-12 22:09:00,63.2
2025-06-12 14:08:00,14.4
2025-06-12 10:36:00,50.475078938135894
2025-06-12 12:30:00,50.475078938135894
2025-06-12 02:11:00,50.475078938135894
2025-06-12 01:15:00,27.1
2025-06-12 01:58:00,77.6
2025-06-12 03:11:00,31.1
2025-06-12 17:08:00,53.3
2025-06-12 07:15:00,64.3
2025-06-12 09:11:00,85.3
2025-06-12 01:15:00,25.6
2025-06-12 21:51:00,82.5
2025-06-12 14:55:00,24.3
2025-06-12 01:09:00,16.8
2025-06-12 21:28:00,75.2
2025-06-12 19:37:00,93.2
2025-06-12 09:20:00,82.1
2025-06-12 00:14:00,50.475078938135894
2025-06-12 15:27:00,80.6
2025-06-12 14:45:00,38.7
2025-06-12 03:33:00,50.1
2025-06-12 13:19:00,65.8
2025-06-12 22:07:00,18.1
2025-06-12 00:00:00,38.5
2025-06-12 01:45:00,21.8
2025-06-12 02:50:00,4.3
2025-06-12 06:19:00,87.1
2025-06-12 02:50:00,12.1
2025-06-12 20:49:00,2.7
2025-06-12 15:47:00,53.8
2025-06-12 22:59:00,50.492298592215775
2025-06-12 04:42:00,65.4
2025-06-12 16:20:00,92.5
2025-06-12 13:49:00,50.492298592215775
2025-06-12 02:49:00,95.3
2025-06-12 16:55:00,15.6
2025-06-12 12:14:00,58.9
2025-06-12 12:46:00,50.492298592215775
2025-06-12 12:40:00,14.5
2025-06-12 15:28:00,46.3
2025-06-12 11:32:00,96.7
2025-06-12 18:19:00,50.492298592215775
2025-06-12 17:59:00,29.7
2025-06-12 22:48:00,73.7
2025-06-12 03:24:00,35.5
2025-06-12 18:53:00,62.6
2025-06-12 12:48:00,63.6
2025-06-12 02:19:00,2.8
2025-06-12 20:27:00,33.7
2025-06-12 04:37:00,59.9
2025-06-12 14:01:00,30.9
2025-06-12 18:53:00,36.5
2025-06-12 15:10:00,7.3
2025-06-12 19:17:00,54.2
2025-06-12 18:07:00,66.3
2025-06-12 07:26:00,78.3
2025-06-12 19:49:00,30.8
2025-06-12 14:14:00,88.2
2025-06-12 12:03:00,60.7
2025-06-12 06:38:00,98.1
2025-06-12 14:23:00,50.492298592215775
2025-06-12 00:28:00,87.6
2025-06-12 14:31:00,19.5
2025-06-12 23:41:00,84.1
2025-06-12 05:50:00,50.492298592215775
2025-06-12 11:16:00,88.3
2025-06-12 09:15:00,45.1
2025-06-12 05:45:00,20.6
2025-06-12 17:16:00,19.1
2025-06-12 01:48:00,69.4
2025-06-12 17:44:00,59.9
2025-06-12 11:21:00,95.3
2025-06-12 00:52:00,51.1
2025-06-12 15:25:00,81.4
2025-06-12 10:24:00,3.9
2025-06-12 22:14:00,37.8
2025-06-12 14:42:00,14.2
2025-06-12 23:49:00,62.9
2025-06-12 02:38:00,82.7
2025-06-12 14:28:00,26.0
2025-06-12 21:05:00,5.9
2025-06-12 03:08:00,50.492298592215775
2025-06-12 17:55:00,36.2
2025-06-12 21:06:00,46.1
2025-06-12 04:26:00,69.9
2025-06-12 08:24:00,50.492298592215775
2025-06-12 23:30:00,72.1
2025-06-12 15:24:00,89.5
2025-06-12 18:56:00,99.8
2025-06-12 16:16:00,95.4
2025-06-12 15:57:00,14.7
2025-06-12 01:31:00,75.4
2025-06-12 12:55:00,10.5
2025-06-12 17:22:00,89.6
2025-06-12 23:07:00,35.6
2025-06-12 15:00:00,17.9
2025-06-12 06:05:00,50.492298592215775
2025-06-12 21:16:00,14.6
2025-06-12 15:08:00,9.7
2025-06-12 09:18:00,25.1
2025-06-12 13:11:00,65.9
2025-06-12 20:39:00,49.6
2025-06-12 15:25:00,20.7
2025-06-12 14:31:00,54.5
2025-06-12 15:26:00,55.6
2025-06-12 02:24:00,70.3
2025-06-12 20:15:00,52.2
2025-06-12 16:13:00,54.1
2025-06-12 08:56:00,39.8
2025-06-12 07:29:00,49.2
2025-06-12 08:50:00,5.1
2025-06-12 13:41:00,36.6
2025-06-12 17:30:00,64.3
2025-06-12 20:15:00,73.9
2025-06-12 10:29:00,57.0
2025-06-12 18:22:00,80.6
2025-06-12 10:18:00,50.492298592215775
2025-06-12 17:06:00,13.5
2025-06-12 14:31:00,27.4
2025-06-12 10:31:00,59.0
2025-06-12 04:12:00,50.492298592215775
2025-06-12 15:46:00,62.7
2025-06-12 20:19:00,24.3
2025-06-12 20:09:00,50.492298592215775
2025-06-12 11:15:00,6.3
2025-06-12 02:00:00,50.492298592215775
2025-06-12 05:51:00,93.7
2025-06-12 10:30:00,38.1
2025-06-12 09:51:00,86.5
2025-06-12 22:25:00,70.1
2025-06-12 15:16:00,32.3
2025-06-12 20:38:00,4.5
2025-06-12 19:31:00,13.8
2025-06-12 20:13:00,50.492298592215775
2025-06-12 06:04:00,73.4
2025-06-12 23:06:00,69.4
2025-06-12 21:51:00,17.2
2025-06-12 22:36:00,79.4
2025-06-12 00:16:00,62.3
2025-06-12 18:15:00,93.8
2025-06-12 01:38:00,99.0
2025-06-12 08:36:00,4.0
2025-06-12 01:46:00,50.492298592215775
2025-06-12 10:20:00,98.5
2025-06-12 19:09:00,76.2
2025-06-12 05:53:00,13.9
2025-06-12 16:42:00,88.3
2025-06-12 03:39:00,83.3
2025-06-12 04:04:00,52.9
2025-06-12 20:59:00,35.9
2025-06-12 15:53:00,31.4
2025-06-12 15:34:00,81.0
2025-06-12 22:57:00,30.2
2025-06-12 09:42:00,6.7
2025-06-12 13:44:00,36.7
2025-06-12 11:44:00,29.9
2025-06-12 07:32:00,71.8
2025-06-12 01:27:00,27.3
2025-06-12 18:45:00,17.9
2025-06-12 16:53:00,87.3
2025-06-12 08:31:00,49.3
2025-06-12 14:51:00,72.1
2025-06-12 15:31:00,37.2
2025-06-12 23:07:00,98.8
2025-06-12 22:30:00,98.5
2025-06-12 14:36:00,82.3
2025-06-12 23:37:00,65.7
2025-06-12 20:45:00,50.492298592215775
2025-06-12 10:58:00,96.0
2025-06-12 15:10:00,84.9
2025-06-12 23:56:00,34.2
2025-06-12 15:18:00,82.6
2025-06-12 10:16:00,79.5
2025-06-12 08:37:00,8.8
2025-06-12 06:52:00,54.5
2025-06-12 08:02:00,79.7
2025-06-12 14:09:00,55.8
2025-06-12 06:59:00,95.8
2025-06-12 01:05:00,87.8
2025-06-12 17:19:00,33.7
2025-06-12 06:41:00,58.4
2025-06-12 06:59:00,38.5
2025-06-12 23:02:00,40.2
2025-06-12 06:12:00,95.4
2025-06-12 22:00:00,62.8
2025-06-12 17:34:00,50.492298592215775
2025-06-12 10:23:00,92.6
2025-06-12 00:36:00,15.5
2025-06-12 16:37:00,50.492298592215775
2025-06-12 06:08:00,50.492298592215775
2025-06-12 03:45:00,22.5
2025-06-12 21:49:00,95.1
2025-06-12 22:20:00,50.492298592215775
2025-06-12 11:34:00,97.4
2025-06-12 16:37:00,50.492298592215775
2025-06-12 14:08:00,50.492298592215775
2025-06-12 09:23:00,47.6
2025-06-12 13:36:00,9.6
2025-06-12 12:44:00,83.8
2025-06-12 08:21:00,80.2
2025-06-12 19:07:00,47.5
2025-06-12 03:21:00,50.492298592215775
2025-06-12 02:51:00,11.7
2025-06-12 08:58:00,50.492298592215775
2025-06-12 07:49:00,50.492298592215775
2025-06-12 18:40:00,61.0
2025-06-12 12:17:00,43.8
2025-06-12 20:47:00,91.9
2025-06-12 15:59:00,59.7
2025-06-12 13:52:00,67.1
2025-06-12 17:13:00,26.7
2025-06-12 07:46:00,73.6
2025-06-12 06:05:00,81.9
2025-06-12 18:22:00,91.1
2025-06-12 04:15:00,50.492298592215775
2025-06-12 09:54:00,79.3
2025-06-12 03:45:00,42.1
2025-06-12 17:33:00,77.7
2025-06-12 11:05:00,97.0
2025-06-12 15:47:00,34.3
2025-06-12 07:50:00,50.492298592215775
2025-06-12 04:34:00,47.8
2025-06-12 08:03:00,48.3
2025-06-12 08:22:00,27.4
2025-06-12 02:30:00,12.2
2025-06-12 05:26:00,59.3
2025-06-12 12:13:00,92.1
2025-06-12 09:25:00,68.2
2025-06-12 08:34:00,41.4
2025-06-12 23:17:00,50.492298592215775
2025-06-12 21:20:00,46.0
2025-06-12 19:14:00,50.492298592215775
2025-06-12 01:32:00,74.0
2025-06-12 01:11:00,34.5
2025-06-12 21:14:00,20.5
2025-06-12 07:41:00,64.8
2025-06-12 20:20:00,42.4
2025-06-12 11:57:00,99.8
2025-06-12 07:16:00,27.6
2025-06-12 12:30:00,4.5
2025-06-12 22:13:00,76.5
2025-06-12 08:52:00,61.6
2025-06-12 04:45:00,72.9
2025-06-12 23:14:00,87.0
2025-06-12 18:02:00,31.2
2025-06-12 10:05:00,91.8
2025-06-12 10:04:00,50.492298592215775
2025-06-12 05:19:00,56.2
2025-06-12 04:36:00,81.1
2025-06-12 19:07:00,42.2
2025-06-12 13:32:00,57.5
2025-06-12 12:21:00,95.8
2025-06-12 10:03:00,39.8
2025-06-12 15:05:00,21.7
2025-06-12 02:44:00,50.492298592215775
2025-06-12 05:45:00,50.492298592215775
2025-06-12 05:12:00,8.0
2025-06-12 19:40:00,84.9
2025-06-12 03:47:00,2.1
2025-06-12 02:12:00,14.7
2025-06-12 01:37:00,82.2
2025-06-12 19:04:00,50.492298592215775
2025-06-12 20:36:00,48.7
2025-06-12 22:39:00,13.9
2025-06-12 07:26:00,16.8
2025-06-12 23:49:00,8.8
2025-06-12 11:48:00,37.7
2025-06-12 21:10:00,29.9
2025-06-12 15:20:00,50.492298592215775
2025-06-12 15:56:00,51.5
2025-06-12 06:58:00,7.8
2025-06-12 16:53:00,9.1
2025-06-12 08:27:00,82.5
2025-06-12 21:19:00,10.4
2025-06-12 07:28:00,11.1
2025-06-12 19:57:00,27.3
2025-06-12 00:35:00,11.6
2025-06-12 20:30:00,50.492298592215775
2025-06-12 02:32:00,78.6
2025-06-12 06:39:00,86.5
2025-06-12 11:24:00,95.4
2025-06-12 13:28:00,0.2
2025-06-12 00:57:00,73.8
2025-06-12 19:34:00,50.492298592215775
2025-06-12 15:04:00,50.492298592215775
2025-06-12 12:45:00,13.3
2025-06-12 16:01:00,50.492298592215775
2025-06-12 11:01:00,47.7
2025-06-12 11:47:00,79.8
2025-06-12 07:49:00,18.9
2025-06-12 01:39:00,45.2
2025-06-12 00:14:00,76.6
2025-06-12 12:16:00,46.5
2025-06-12 00:13:00,50.492298592215775
2025-06-12 21:45:00,34.7
2025-06-12 16:02:00,51.6
2025-06-12 22:06:00,64.1
2025-06-12 12:35:00,7.5
2025-06-12 11:19:00,30.9
2025-06-12 02:41:00,57.6
2025-06-12 07:08:00,36.4
2025-06-12 14:39:00,74.1
2025-06-12 03:12:00,88.5
2025-06-12 06:44:00,95.2
2025-06-12 07:16:00,52.9
2025-06-12 11:18:00,50.492298592215775
2025-06-12 14:14:00,8.0
2025-06-12 10:08:00,18.0
2025-06-12 19:11:00,69.1
2025-06-12 19:06:00,42.6
2025-06-12 20:28:00,4.8
2025-06-12 22:37:00,50.492298592215775
2025-06-12 01:01:00,27.9
2025-06-12 03:21:00,4.4
2025-06-12 12:07:00,5.1
2025-06-12 18:19:00,19.1
2025-06-12 23:41:00,95.6
2025-06-12 19:09:00,91.2
2025-06-12 02:31:00,53.7
2025-06-12 14:00:00,86.2
2025-06-12 12:33:00,69.2
2025-06-12 12:03:00,50.492298592215775
2025-06-12 03:17:00,50.492298592215775
2025-06-12 00:58:00,69.7
2025-06-12 16:19:00,50.492298592215775
2025-06-12 07:19:00,44.2
2025-06-12 02:05:00,67.3
2025-06-12 09:39:00,68.9
2025-06-12 22:38:00,64.3
2025-06-12 16:08:00,71.8
2025-06-12 05:53:00,2.5
2025-06-12 16:27:00,12.7
2025-06-12 03:38:00,88.8
2025-06-12 04:04:00,68.8
2025-06-12 15:16:00,48.7
2025-06-12 21:56:00,50.492298592215775
2025-06-12 20:26:00,0.9
2025-06-12 08:35:00,58.4
2025-06-12 11:01:00,32.4
2025-06-12 03:52:00,26.8
2025-06-12 17:38:00,50.492298592215775
2025-06-12 19:19:00,27.3
2025-06-12 07:28:00,50.492298592215775
2025-06-12 16:08:00,25.9
2025-06-12 06:32:00,50.492298592215775
2025-06-12 20:09:00,86.1
2025-06-12 06:12:00,84.8
2025-06-12 21:55:00,50.492298592215775
2025-06-12 03:04:00,76.7
2025-06-12 09:52:00,4.7
2025-06-12 14:09:00,60.1
2025-06-12 01:06:00,46.0
2025-06-12 18:56:00,53.5
2025-06-12 21:41:00,83.4
2025-06-12 10:25:00,42.3
2025-06-12 07:31:00,88.5
2025-06-12 21:37:00,20.5
2025-06-12 02:00:00,74.1
2025-06-12 01:02:00,77.4
2025-06-12 03:37:00,8.6
2025-06-12 01:38:00,86.1
2025-06-12 17:15:00,95.0
2025-06-12 23:26:00,50.492298592215775
2025-06-12 14:12:00,50.492298592215775
2025-06-12 16:56:00,88.5
2025-06-12 18:07:00,15.4
2025-06-12 12:39:00,61.5
2025-06-12 14:11:00,69.6
2025-06-12 11:17:00,91.1
2025-06-12 01:31:00,83.4
2025-06-12 06:51:00,91.8
2025-06-12 17:37:00,99.8
2025-06-12 10:18:00,97.9
2025-06-12 14:19:00,17.0
2025-06-12 01:16:00,52.2
2025-06-12 19:59:00,22.9
2025-06-12 13:40:00,89.4
2025-06-12 04:56:00,50.492298592215775
2025-06-12 03:40:00,87.5
2025-06-12 08:03:00,28.4
2025-06-12 05:47:00,65.8
2025-06-12 15:37:00,50.492298592215775
2025-06-12 02:47:00,27.9
2025-06-12 10:32:00,50.8
2025-06-12 11:29:00,27.6
2025-06-12 02:06:00,3.7
2025-06-12 17:04:00,80.8
2025-06-12 01:35:00,50.492298592215775
2025-06-12 14:29:00,64.2
2025-06-12 14:58:00,74.3
2025-06-12 19:55:00,50.190676567656766
2025-06-12 09:24:00,73.7
2025-06-12 20:19:00,50.190676567656766
2025-06-12 02:35:00,50.190676567656766
2025-06-12 06:38:00,11.2
2025-06-12 13:05:00,18.5
2025-06-12 06:41:00,95.7
2025-06-12 05:04:00,98.7
2025-06-12 17:06:00,9.3
2025-06-12 13:44:00,14.4
2025-06-12 00:02:00,81.0
2025-06-12 18:42:00,39.7
2025-06-12 02:55:00,20.2
2025-06-12 17:18:00,19.1
2025-06-12 13:42:00,68.4
2025-06-12 12:05:00,2.0
2025-06-12 23:55:00,50.190676567656766
2025-06-12 15:15:00,32.2
2025-06-12 18:02:00,49.3
2025-06-12 03:51:00,50.190676567656766
2025-06-12 09:17:00,50.190676567656766
2025-06-12 22:24:00,15.5
2025-06-12 04:38:00,51.7
2025-06-12 09:31:00,22.5
2025-06-12 16:17:00,17.3
2025-06-12 13:01:00,68.5
2025-06-12 07:21:00,60.8
2025-06-12 19:41:00,27.9
2025-06-12 02:42:00,20.4
2025-06-12 00:37:00,36.2
2025-06-12 23:09:00,61.4
2025-06-12 09:00:00,92.0
2025-06-12 00:11:00,16.9
2025-06-12 11:11:00,25.7
2025-06-12 22:27:00,5.3
2025-06-12 15:31:00,41.6
2025-06-12 16:53:00,74.8
2025-06-12 14:52:00,2.1
2025-06-12 09:04:00,50.190676567656766
2025-06-12 14:04:00,88.5
2025-06-12 11:24:00,36.7
2025-06-12 21:50:00,39.7
2025-06-12 04:57:00,50.190676567656766
2025-06-12 18:10:00,58.1
2025-06-12 07:24:00,99.2
2025-06-12 04:35:00,21.8
2025-06-12 04:04:00,15.0
2025-06-12 03:18:00,56.9
2025-06-12 19:58:00,19.2
2025-06-12 10:54:00,50.190676567656766
2025-06-12 04:36:00,50.190676567656766
2025-06-12 14:08:00,50.190676567656766
2025-06-12 18:03:00,88.7
2025-06-12 01:49:00,14.7
2025-06-12 03:52:00,22.3
2025-06-12 00:40:00,17.2
2025-06-12 13:40:00,50.190676567656766
2025-06-12 18:18:00,73.6
2025-06-12 15:53:00,47.6
2025-06-12 15:11:00,66.8
2025-06-12 17:19:00,72.0
2025-06-12 05:07:00,9.4
2025-06-12 18:21:00,89.6
2025-06-12 15:54:00,30.5
2025-06-12 01:26:00,50.190676567656766
2025-06-12 01:51:00,43.0
2025-06-12 20:30:00,51.3
2025-06-12 07:49:00,74.2
2025-06-12 05:45:00,9.7
2025-06-12 21:35:00,50.190676567656766
2025-06-12 10:34:00,50.190676567656766
2025-06-12 19:08:00,54.4
2025-06-12 01:08:00,75.3
2025-06-12 00:02:00,18.6
2025-06-12 11:55:00,50.190676567656766
2025-06-12 08:32:00,0.1
2025-06-12 08:24:00,25.9
2025-06-12 00:43:00,1.5
2025-06-12 23:55:00,87.0
2025-06-12 21:07:00,22.1
2025-06-12 13:18:00,1.6
2025-06-12 05:19:00,50.190676567656766
2025-06-12 03:04:00,83.6
2025-06-12 23:03:00,50.190676567656766
2025-06-12 14:48:00,50.190676567656766
2025-06-12 00:32:00,29.0
2025-06-12 22:57:00,82.9
2025-06-12 16:59:00,44.6
2025-06-12 07:12:00,52.9
2025-06-12 12:57:00,50.8
2025-06-12 04:17:00,46.1
2025-06-12 09:10:00,13.0
2025-06-12 14:45:00,62.8
2025-06-12 18:40:00,82.6
2025-06-12 15:36:00,98.7
2025-06-12 15:41:00,19.2
2025-06-12 03:50:00,24.1
2025-06-12 18:09:00,50.190676567656766
2025-06-12 22:30:00,50.190676567656766
2025-06-12 04:34:00,50.190676567656766
2025-06-12 21:29:00,44.9
2025-06-12 14:39:00,75.1
2025-06-12 11:22:00,5.8
2025-06-12 00:50:00,95.3
2025-06-12 06:50:00,52.7
2025-06-12 15:33:00,50.190676567656766
2025-06-12 03:34:00,50.190676567656766
2025-06-12 20:50:00,83.0
2025-06-12 09:50:00,97.2
2025-06-12 14:22:00,95.0
2025-06-12 12:53:00,50.190676567656766
2025-06-12 12:25:00,13.3
2025-06-12 20:39:00,18.1
2025-06-12 22:36:00,25.5
2025-06-12 22:52:00,35.9
2025-06-12 05:38:00,88.0
2025-06-12 01:52:00,83.9
2025-06-12 07:18:00,40.0
2025-06-12 10:03:00,56.6
2025-06-12 06:57:00,50.190676567656766
2025-06-12 08:57:00,24.8
2025-06-12 09:44:00,89.7
2025-06-12 00:01:00,50.190676567656766
2025-06-12 05:58:00,32.4
2025-06-12 08:59:00,35.9
2025-06-12 00:35:00,76.4
2025-06-12 06:37:00,50.190676567656766
2025-06-12 17:27:00,50.190676567656766
2025-06-12 20:58:00,50.190676567656766
2025-06-12 02:44:00,34.9
2025-06-12 14:55:00,92.7
2025-06-12 07:24:00,54.4
2025-06-12 20:35:00,50.190676567656766
2025-06-12 09:26:00,94.3
2025-06-12 23:36:00,22.4
2025-06-12 15:12:00,66.7
2025-06-12 19:54:00,68.7
2025-06-12 12:10:00,20.1
2025-06-12 23:44:00,59.0
2025-06-12 13:34:00,29.7
2025-06-12 19:18:00,35.5
2025-06-12 19:43:00,42.2
2025-06-12 06:49:00,50.190676567656766
2025-06-12 07:47:00,61.6
2025-06-12 07:02:00,21.0
2025-06-12 23:03:00,5.2
2025-06-12 03:50:00,37.6
2025-06-12 01:34:00,42.4
2025-06-12 21:24:00,89.2
2025-06-12 09:29:00,21.6
2025-06-12 18:25:00,62.9
2025-06-12 10:19:00,32.4
2025-06-12 17:58:00,31.3
2025-06-12 13:15:00,50.190676567656766
2025-06-12 22:16:00,50.190676567656766
2025-06-12 10:39:00,50.190676567656766
2025-06-12 20:35:00,26.6
2025-06-12 13:19:00,94.2
2025-06-12 20:10:00,51.8
2025-06-12 05:28:00,14.2
2025-06-12 20:04:00,90.7
2025-06-12 03:54:00,95.1
2025-06-12 04:04:00,71.0
2025-06-12 17:03:00,63.6
2025-06-12 04:23:00,9.9
2025-06-12 19:17:00,19.8
2025-06-12 11:15:00,60.6
2025-06-12 05:55:00,36.6
2025-06-12 03:19:00,66.6
2025-06-12 17:42:00,94.2
2025-06-12 10:21:00,50.190676567656766
2025-06-12 07:16:00,9.7
2025-06-12 14:23:00,51.6
2025-06-12 07:38:00,50.190676567656766
2025-06-12 03:27:00,43.1
2025-06-12 08:31:00,61.8
2025-06-12 01:35:00,54.3
2025-06-12 03:48:00,50.190676567656766
2025-06-12 02:56:00,95.7
2025-06-12 08:45:00,50.190676567656766
2025-06-12 02:29:00,8.5
2025-06-12 19:19:00,19.9
2025-06-12 05:03:00,13.8
2025-06-12 19:05:00,50.190676567656766
2025-06-12 23:46:00,50.190676567656766
2025-06-12 21:57:00,45.6
2025-06-12 04:16:00,17.8
2025-06-12 03:21:00,48.8
2025-06-12 17:23:00,48.8
2025-06-12 06:29:00,5.0
2025-06-12 05:51:00,50.190676567656766
2025-06-12 03:05:00,92.8
2025-06-12 03:11:00,45.8
2025-06-12 16:00:00,50.190676567656766
2025-06-12 16:03:00,25.6
2025-06-12 01:19:00,83.1
2025-06-12 15:10:00,39.9
2025-06-12 22:24:00,49.9
2025-06-12 11:54:00,87.0
2025-06-12 17:57:00,8.1
2025-06-12 07:34:00,13.0
2025-06-12 07:37:00,2.1
2025-06-12 03:07:00,50.190676567656766
2025-06-12 00:37:00,86.0
2025-06-12 10:32:00,57.0
2025-06-12 06:54:00,80.7
2025-06-12 02:59:00,15.1
2025-06-12 21:36:00,11.4
2025-06-12 08:23:00,18.8
2025-06-12 18:10:00,50.190676567656766
2025-06-12 17:39:00,50.7
2025-06-12 11:20:00,50.190676567656766
2025-06-12 20:13:00,88.1
2025-06-12 10:24:00,9.8
2025-06-12 17:24:00,88.3
2025-06-12 02:39:00,69.7
2025-06-12 09:33:00,29.2
2025-06-12 04:16:00,96.9
2025-06-12 10:51:00,82.3
2025-06-12 16:55:00,80.7
2025-06-12 22:27:00,78.1
2025-06-12 07:06:00,74.0
2025-06-12 17:30:00,100.0
2025-06-12 12:49:00,46.8
2025-06-12 17:23:00,12.3
2025-06-12 13:03:00,67.6
2025-06-12 08:34:00,50.190676567656766
2025-06-12 00:07:00,89.2
2025-06-12 11:47:00,10.3
2025-06-12 13:41:00,40.3
2025-06-12 13:04:00,43.5
2025-06-12 08:19:00,19.5
2025-06-12 23:48:00,50.190676567656766
2025-06-12 07:49:00,50.190676567656766
2025-06-12 12:29:00,98.2
2025-06-12 11:33:00,64.5
2025-06-12 14:45:00,58.9
2025-06-12 13:17:00,20.8
2025-06-12 11:25:00,50.190676567656766
2025-06-12 21:20:00,24.0
2025-06-12 12:59:00,50.190676567656766
2025-06-12 14:39:00,97.4
2025-06-12 20:53:00,43.0
2025-06-12 21:49:00,45.9
2025-06-12 23:09:00,4.3
2025-06-12 15:50:00,50.190676567656766
2025-06-12 10:18:00,80.6
2025-06-12 09:06:00,95.1
2025-06-12 00:42:00,24.1
2025-06-12 19:08:00,50.190676567656766
2025-06-12 04:08:00,30.7
2025-06-12 05:02:00,33.9
2025-06-12 03:18:00,57.2
2025-06-12 06:39:00,4.9
2025-06-12 07:16:00,86.7
2025-06-12 07:15:00,46.7
2025-06-12 18:55:00,19.7
2025-06-12 21:30:00,69.0
2025-06-12 10:45:00,31.2
2025-06-12 13:40:00,91.6
2025-06-12 09:27:00,50.190676567656766
2025-06-12 06:55:00,57.3
2025-06-12 05:02:00,14.2
2025-06-12 09:51:00,62.2
2025-06-12 00:53:00,13.0
2025-06-12 20:27:00,98.3
2025-06-12 17:05:00,5.0
2025-06-12 12:33:00,58.0
2025-06-12 13:51:00,80.2
2025-06-12 14:24:00,2.8
2025-06-12 01:48:00,14.2
2025-06-12 19:39:00,32.4
2025-06-12 03:35:00,97.0
2025-06-12 08:22:00,50.190676567656766
2025-06-12 06:35:00,51.0
2025-06-12 15:12:00,20.0
2025-06-12 11:51:00,57.4
2025-06-12 19:21:00,29.4
2025-06-12 14:40:00,3.8
2025-06-12 17:53:00,18.1
2025-06-12 17:29:00,50.190676567656766
2025-06-12 22:27:00,48.7
2025-06-12 04:11:00,4.6
2025-06-12 19:41:00,88.7
2025-06-12 00:06:00,25.8
2025-06-12 05:13:00,14.6
2025-06-12 03:12:00,96.5
2025-06-12 03:48:00,45.3
2025-06-12 13:49:00,34.4
2025-06-12 06:25:00,59.3
2025-06-12 12:53:00,47.1
2025-06-12 23:42:00,42.5
2025-06-12 12:56:00,25.1
2025-06-12 21:28:00,50.8
2025-06-12 22:00:00,50.7
2025-06-12 08:57:00,15.3
2025-06-12 22:00:00,97.5
2025-06-12 10:18:00,50.190676567656766
2025-06-12 02:11:00,7.3
2025-06-12 19:28:00,50.190676567656766
2025-06-12 02:59:00,61.0
2025-06-12 11:43:00,54.3
2025-06-12 21:23:00,81.2
2025-06-12 23:04:00,29.8
2025-06-12 03:47:00,13.3
2025-06-12 00:10:00,10.7
2025-06-12 09:41:00,15.8
2025-06-12 16:59:00,5.8
2025-06-12 17:37:00,60.5
2025-06-12 11:46:00,95.9
2025-06-12 10:46:00,28.4
2025-06-12 00:56:00,50.190676567656766
2025-06-12 08:28:00,60.6
2025-06-12 09:35:00,33.6
2025-06-12 21:07:00,16.5
2025-06-12 14:50:00,86.8
2025-06-12 19:17:00,75.9
2025-06-12 05:53:00,12.4
2025-06-12 02:34:00,96.2
2025-06-12 12:45:00,4.4
2025-06-12 17:21:00,53.2
2025-06-12 02:31:00,60.6
2025-06-12 17:09:00,34.0
2025-06-12 07:11:00,7.4
2025-06-12 03:16:00,54.0
2025-06-12 07:11:00,50.190676567656766
2025-06-12 15:29:00,50.190676567656766
2025-06-12 18:29:00,40.9
2025-06-12 16:33:00,52.3
2025-06-12 05:06:00,22.1
2025-06-12 01:58:00,97.9
2025-06-12 15:33:00,65.3
2025-06-12 17:35:00,78.8
2025-06-12 11:31:00,6.6
2025-06-12 22:54:00,27.2
2025-06-12 06:14:00,66.0
2025-06-12 03:22:00,36.0
2025-06-12 15:15:00,74.5
2025-06-12 04:41:00,91.0
2025-06-12 07:33:00,49.0
2025-06-12 21:18:00,65.7
2025-06-12 10:34:00,18.3
2025-06-12 16:50:00,50.190676567656766
2025-06-12 20:54:00,99.9
2025-06-12 21:36:00,15.7
2025-06-12 02:42:00,23.7
2025-06-12 13:17:00,19.0
2025-06-12 18:07:00,49.69925181201777
2025-06-12 01:02:00,13.4
2025-06-12 01:29:00,58.5
2025-06-12 11:59:00,99.1
2025-06-12 17:44:00,17.3
2025-06-12 20:25:00,49.69925181201777
2025-06-12 09:33:00,42.7
2025-06-12 22:28:00,28.6
2025-06-12 19:53:00,49.69925181201777
2025-06-12 17:03:00,0.2
2025-06-12 08:49:00,1.9
2025-06-12 19:25:00,63.5
2025-06-12 10:56:00,96.5
2025-06-12 16:19:00,49.69925181201777
2025-06-12 20:04:00,76.2
2025-06-12 22:53:00,49.69925181201777
2025-06-12 20:31:00,69.7
2025-06-12 01:09:00,6.0
2025-06-12 15:12:00,47.5
2025-06-12 05:00:00,49.69925181201777
2025-06-12 07:26:00,29.5
2025-06-12 02:13:00,0.8
2025-06-12 16:35:00,44.7
2025-06-12 23:17:00,31.7
2025-06-12 02:51:00,61.3
2025-06-12 20:27:00,21.9
2025-06-12 12:18:00,49.3
2025-06-12 14:27:00,48.8
2025-06-12 09:54:00,66.3
2025-06-12 11:03:00,50.4
2025-06-12 09:06:00,94.6
2025-06-12 02:36:00,20.1
2025-06-12 20:22:00,36.8
2025-06-12 17:28:00,49.69925181201777
2025-06-12 21:37:00,23.2
2025-06-12 20:00:00,76.5
2025-06-12 23:53:00,18.1
2025-06-12 08:53:00,100.0
2025-06-12 16:47:00,71.1
2025-06-12 14:50:00,87.0
2025-06-12 15:28:00,69.4
2025-06-12 19:32:00,36.3
2025-06-12 13:07:00,86.8
2025-06-12 15:16:00,20.1
2025-06-12 07:27:00,35.3
2025-06-12 06:10:00,49.69925181201777
2025-06-12 21:18:00,18.6
2025-06-12 23:50:00,65.9
2025-06-12 08:44:00,84.8
2025-06-12 16:05:00,89.6
2025-06-12 15:58:00,25.0
2025-06-12 01:17:00,17.8
2025-06-12 22:43:00,51.2
2025-06-12 07:17:00,49.69925181201777
2025-06-12 20:08:00,41.0
2025-06-12 11:50:00,49.9
2025-06-12 21:38:00,4.7
2025-06-12 04:18:00,79.4
2025-06-12 13:33:00,92.6
2025-06-12 08:22:00,29.4
2025-06-12 14:40:00,8.6
2025-06-12 04:04:00,70.5
2025-06-12 01:41:00,85.2
2025-06-12 19:04:00,4.1
2025-06-12 23:03:00,49.69925181201777
2025-06-12 14:25:00,23.8
2025-06-12 01:12:00,15.0
2025-06-12 05:56:00,45.3
2025-06-12 20:42:00,48.9
2025-06-12 22:18:00,30.2
2025-06-12 14:26:00,34.1
2025-06-12 22:22:00,29.0
2025-06-12 17:46:00,78.2
2025-06-12 12:56:00,80.6
2025-06-12 01:00:00,8.8
2025-06-12 23:41:00,98.9
2025-06-12 06:12:00,49.69925181201777
2025-06-12 02:53:00,41.6
2025-06-12 13:53:00,53.2
2025-06-12 11:49:00,10.0
2025-06-12 22:22:00,21.2
2025-06-12 02:46:00,24.3
2025-06-12 21:44:00,28.1
2025-06-12 19:05:00,40.0
2025-06-12 06:30:00,60.6
2025-06-12 03:08:00,26.1
2025-06-12 17:13:00,1.1
2025-06-12 16:58:00,43.4
2025-06-12 03:12:00,29.6
2025-06-12 03:56:00,81.8
2025-06-12 20:08:00,49.69925181201777
2025-06-12 21:25:00,90.2
2025-06-12 06:29:00,49.69925181201777
2025-06-12 10:35:00,63.0
2025-06-12 10:25:00,30.2
2025-06-12 04:53:00,60.0
2025-06-12 22:43:00,90.8
2025-06-12 18:13:00,86.4
2025-06-12 13:37:00,79.2
2025-06-12 03:36:00,49.69925181201777
2025-06-12 09:09:00,26.1
2025-06-12 03:07:00,64.0
2025-06-12 10:33:00,47.0
2025-06-12 19:58:00,39.7
2025-06-12 12:44:00,49.69925181201777
2025-06-12 16:26:00,68.5
2025-06-12 01:39:00,81.5
2025-06-12 22:32:00,42.8
2025-06-12 15:22:00,26.9
2025-06-12 02:15:00,49.69925181201777
2025-06-12 23:34:00,29.5
2025-06-12 04:14:00,26.5
2025-06-12 07:39:00,58.1
2025-06-12 05:22:00,49.69925181201777
2025-06-12 22:30:00,60.1
2025-06-12 17:28:00,63.9
2025-06-12 20:08:00,98.6
2025-06-12 20:35:00,86.2
2025-06-12 01:04:00,69.4
2025-06-12 04:48:00,59.6
2025-06-12 20:55:00,98.2
2025-06-12 11:41:00,49.69925181201777
2025-06-12 04:34:00,17.0
2025-06-12 18:58:00,25.6
2025-06-12 17:58:00,91.0
2025-06-12 03:04:00,79.8
2025-06-12 22:49:00,10.9
2025-06-12 08:26:00,45.2
2025-06-12 02:47:00,64.4
2025-06-12 10:25:00,49.69925181201777
2025-06-12 04:01:00,61.5
2025-06-12 04:36:00,43.4
2025-06-12 14:18:00,49.69925181201777
2025-06-12 07:41:00,13.1
2025-06-12 01:23:00,98.6
2025-06-12 14:47:00,68.5
2025-06-12 13:03:00,25.2
2025-06-12 16:43:00,12.2
2025-06-12 06:12:00,72.2
2025-06-12 18:48:00,71.6
2025-06-12 06:54:00,60.6
2025-06-12 22:30:00,67.5
2025-06-12 16:58:00,73.8
2025-06-12 19:15:00,13.9
2025-06-12 19:33:00,49.69925181201777
2025-06-12 19:36:00,0.7
2025-06-12 01:02:00,23.0
2025-06-12 11:07:00,85.0
2025-06-12 19:23:00,49.69925181201777
2025-06-12 11:11:00,68.8
2025-06-12 17:48:00,95.6
2025-06-12 04:22:00,61.0
2025-06-12 09:12:00,24.1
2025-06-12 11:34:00,79.7
2025-06-12 15:46:00,27.7
2025-06-12 08:15:00,49.69925181201777
2025-06-12 17:40:00,41.7
2025-06-12 22:20:00,37.6
2025-06-12 11:54:00,94.2
2025-06-12 17:18:00,24.7
2025-06-12 16:22:00,49.69925181201777
2025-06-12 22:50:00,65.3
2025-06-12 01:40:00,95.9
2025-06-12 04:46:00,49.69925181201777
2025-06-12 14:04:00,49.69925181201777
2025-06-12 20:45:00,45.0
2025-06-12 10:38:00,22.2
2025-06-12 04:16:00,49.69925181201777
2025-06-12 06:07:00,10.9
2025-06-12 07:20:00,71.9
2025-06-12 23:49:00,87.7
2025-06-12 15:58:00,74.1
2025-06-12 13:12:00,99.1
2025-06-12 15:20:00,45.9
2025-06-12 01:30:00,54.2
2025-06-12 01:01:00,50.6
2025-06-12 05:41:00,50.8
2025-06-12 22:20:00,49.69925181201777
2025-06-12 04:58:00,51.8
2025-06-12 22:08:00,53.8
2025-06-12 05:49:00,53.6
2025-06-12 01:51:00,49.69925181201777
2025-06-12 12:33:00,11.9
2025-06-12 22:26:00,36.4
2025-06-12 22:43:00,8.2
2025-06-12 11:27:00,83.9
2025-06-12 12:02:00,19.2
2025-06-12 07:21:00,70.3
2025-06-12 21:05:00,94.9
2025-06-12 19:02:00,95.7
2025-06-12 11:36:00,49.69925181201777
2025-06-12 11:46:00,26.9
2025-06-12 02:30:00,90.0
2025-06-12 11:30:00,61.2
2025-06-12 04:09:00,9.6
2025-06-12 16:20:00,38.5
2025-06-12 00:03:00,61.7
2025-06-12 10:02:00,93.1
2025-06-12 21:17:00,94.9
2025-06-12 18:35:00,49.69925181201777
2025-06-12 04:29:00,55.5
2025-06-12 17:56:00,49.69925181201777
2025-06-12 20:03:00,96.3
2025-06-12 08:11:00,38.6
2025-06-12 17:42:00,47.7
2025-06-12 08:32:00,49.69925181201777
2025-06-12 07:20:00,53.8
2025-06-12 15:04:00,60.4
2025-06-12 09:18:00,49.69925181201777
2025-06-12 02:22:00,28.7
2025-06-12 23:23:00,33.9
2025-06-12 11:11:00,83.6
2025-06-12 13:54:00,73.6
2025-06-12 03:02:00,87.7
2025-06-12 17:43:00,99.0
2025-06-12 03:36:00,52.7
2025-06-12 17:26:00,56.4
2025-06-12 06:14:00,9.9
2025-06-12 16:39:00,69.5
2025-06-12 18:53:00,78.5
2025-06-12 19:55:00,82.9
2025-06-12 17:56:00,56.9
2025-06-12 16:29:00,45.1
2025-06-12 09:20:00,58.0
2025-06-12 01:30:00,39.3
2025-06-12 03:09:00,52.5
2025-06-12 06:27:00,76.8
2025-06-12 14:08:00,14.6
2025-06-12 01:33:00,18.1
2025-06-12 19:36:00,49.69925181201777
2025-06-12 08:03:00,0.4
2025-06-12 06:35:00,74.1
2025-06-12 03:50:00,79.3
2025-06-12 02:11:00,96.5
2025-06-12 04:59:00,87.6
2025-06-12 14:22:00,46.5
2025-06-12 06:56:00,99.4
2025-06-12 05:09:00,49.69925181201777
2025-06-12 23:41:00,71.4
2025-06-12 16:19:00,49.69925181201777
2025-06-12 01:57:00,2.8
2025-06-12 15:38:00,49.69925181201777
2025-06-12 15:55:00,49.69925181201777
2025-06-12 14:58:00,57.3
2025-06-12 05:23:00,67.7
2025-06-12 22:17:00,6.6
2025-06-12 04:20:00,69.4
2025-06-12 16:37:00,35.2
2025-06-12 07:43:00,63.8
2025-06-12 15:00:00,5.5
2025-06-12 14:35:00,67.1
2025-06-12 12:56:00,37.5
2025-06-12 17:48:00,16.9
2025-06-12 07:13:00,69.7
2025-06-12 00:08:00,83.9
2025-06-12 01:47:00,4.3
2025-06-12 22:41:00,22.2
2025-06-12 16:38:00,50.2
2025-06-12 23:01:00,19.4
2025-06-12 22:06:00,88.1
2025-06-12 03:36:00,70.6
2025-06-12 17:18:00,48.0
2025-06-12 23:49:00,54.8
2025-06-12 15:54:00,35.4
2025-06-12 01:39:00,53.5
2025-06-12 01:04:00,82.0
2025-06-12 15:30:00,36.5
2025-06-12 06:11:00,18.6
2025-06-12 22:39:00,58.2
2025-06-12 11:42:00,23.5
2025-06-12 05:59:00,3.2
2025-06-12 10:34:00,75.5
2025-06-12 01:16:00,49.69925181201777
2025-06-12 04:01:00,17.5
2025-06-12 08:11:00,76.1
2025-06-12 07:31:00,49.69925181201777
2025-06-12 17:05:00,27.8
2025-06-12 02:15:00,25.0
2025-06-12 23:53:00,49.69925181201777
2025-06-12 06:32:00,93.6
2025-06-12 18:55:00,6.4
2025-06-12 11:05:00,42.0
2025-06-12 15:08:00,49.69925181201777
2025-06-12 11:56:00,44.1
2025-06-12 09:24:00,69.6
2025-06-12 22:39:00,96.4
2025-06-12 08:17:00,28.3
2025-06-12 08:41:00,49.69925181201777
2025-06-12 17:49:00,61.2
2025-06-12 10:48:00,83.6
2025-06-12 04:25:00,34.4
2025-06-12 10:34:00,49.69925181201777
2025-06-12 17:39:00,24.1
2025-06-12 00:47:00,79.0
2025-06-12 03:52:00,18.3
2025-06-12 12:55:00,49.69925181201777
2025-06-12 13:40:00,83.0
2025-06-12 18:16:00,84.2
2025-06-12 19:38:00,72.4
2025-06-12 13:16:00,85.6
2025-06-12 05:01:00,2.7
2025-06-12 10:16:00,9.8
2025-06-12 11:39:00,1.7
2025-06-12 10:45:00,63.2
2025-06-12 14:46:00,74.5
2025-06-12 07:56:00,9.6
2025-06-12 14:41:00,85.5
2025-06-12 20:35:00,93.5
2025-06-12 23:57:00,97.7
2025-06-12 15:56:00,9.7
2025-06-12 03:54:00,22.1
2025-06-12 02:30:00,49.69925181201777
2025-06-12 08:28:00,18.7
2025-06-12 20:14:00,1.7
2025-06-12 02:06:00,8.5
2025-06-12 05:10:00,39.8
2025-06-12 08:19:00,79.3
2025-06-12 12:33:00,92.1
2025-06-12 17:41:00,18.2
2025-06-12 02:19:00,86.6
2025-06-12 17:19:00,49.69925181201777
2025-06-12 20:14:00,61.6
2025-06-12 16:08:00,82.5
2025-06-12 09:37:00,91.4
2025-06-12 15:02:00,54.1
2025-06-12 19:27:00,49.69925181201777
2025-06-12 18:47:00,97.5
2025-06-12 01:16:00,10.7
2025-06-12 15:00:00,29.0
2025-06-12 14:02:00,27.7
2025-06-12 01:29:00,49.69925181201777
2025-06-12 13:10:00,11.8
2025-06-12 12:27:00,30.6
2025-06-12 22:40:00,29.7
2025-06-12 08:11:00,20.8
2025-06-12 11:20:00,61.8
2025-06-12 08:53:00,74.9
2025-06-12 15:22:00,92.7
2025-06-12 14:58:00,20.4
2025-06-12 10:47:00,46.5
2025-06-12 18:37:00,50.9
2025-06-12 12:31:00,49.69925181201777
2025-06-12 16:22:00,71.3
2025-06-12 12:53:00,49.69925181201777
2025-06-12 00:17:00,4.1
2025-06-12 19:52:00,33.4
2025-06-12 15:45:00,81.9
2025-06-12 13:15:00,48.5
2025-06-12 16:04:00,87.9
2025-06-12 20:44:00,65.2
2025-06-12 23:35:00,8.1
2025-06-12 05:05:00,67.1
2025-06-12 00:36:00,98.8
2025-06-12 02:31:00,39.6
2025-06-12 19:14:00,50.15234640140434
2025-06-12 05:52:00,83.9
2025-06-12 18:40:00,11.3
2025-06-12 09:54:00,21.8
2025-06-12 14:14:00,94.8
2025-06-12 05:54:00,4.5
2025-06-12 18:17:00,50.15234640140434
2025-06-12 11:11:00,8.0
2025-06-12 13:54:00,36.6
2025-06-12 14:27:00,67.6
2025-06-12 06:49:00,50.15234640140434
2025-06-12 14:35:00,88.8
2025-06-12 18:56:00,57.9
2025-06-12 23:18:00,82.4
2025-06-12 23:50:00,42.8
2025-06-12 18:18:00,5.6
2025-06-12 06:48:00,50.15234640140434
2025-06-12 21:48:00,50.15234640140434
2025-06-12 15:33:00,67.3
2025-06-12 10:10:00,61.4
2025-06-12 22:32:00,71.9
2025-06-12 11:37:00,14.7
2025-06-12 11:24:00,65.7
2025-06-12 20:05:00,9.6
2025-06-12 05:29:00,16.9
2025-06-12 02:20:00,12.8
2025-06-12 15:33:00,59.6
2025-06-12 18:32:00,10.4
2025-06-12 23:22:00,49.3
2025-06-12 11:16:00,50.15234640140434
2025-06-12 13:37:00,58.7
2025-06-12 12:27:00,59.0
2025-06-12 05:46:00,33.5
2025-06-12 12:49:00,50.15234640140434
2025-06-12 16:04:00,22.2
2025-06-12 09:40:00,50.15234640140434
2025-06-12 17:25:00,67.9
2025-06-12 18:49:00,72.3
2025-06-12 15:24:00,16.4
2025-06-12 23:36:00,35.9
2025-06-12 22:53:00,4.5
2025-06-12 15:13:00,39.8
2025-06-12 13:26:00,83.4
2025-06-12 16:57:00,90.5
2025-06-12 21:13:00,78.4
2025-06-12 16:29:00,35.5
2025-06-12 19:36:00,97.3
2025-06-12 14:09:00,50.15234640140434
2025-06-12 12:08:00,50.7
2025-06-12 13:58:00,71.8
2025-06-12 08:09:00,47.4
2025-06-12 23:01:00,89.5
2025-06-12 21:53:00,93.1
2025-06-12 07:09:00,61.0
2025-06-12 23:15:00,50.15234640140434
2025-06-12 02:59:00,50.15234640140434
2025-06-12 04:36:00,43.4
2025-06-12 01:57:00,68.6
2025-06-12 15:31:00,50.15234640140434
2025-06-12 18:58:00,42.8
2025-06-12 19:53:00,94.6
2025-06-12 15:02:00,51.7
2025-06-12 05:47:00,98.8
2025-06-12 15:19:00,50.5
2025-06-12 03:08:00,0.0
2025-06-12 13:21:00,50.15234640140434
2025-06-12 11:36:00,18.8
2025-06-12 10:38:00,87.9
2025-06-12 12:49:00,50.15234640140434
2025-06-12 17:06:00,68.6
2025-06-12 10:05:00,87.4
2025-06-12 01:18:00,63.9
2025-06-12 22:38:00,75.3
2025-06-12 13:32:00,50.15234640140434
2025-06-12 15:47:00,50.15234640140434
2025-06-12 12:31:00,4.8
2025-06-12 14:15:00,87.5
2025-06-12 10:52:00,15.2
2025-06-12 21:21:00,25.1
2025-06-12 21:22:00,50.15234640140434
2025-06-12 22:30:00,7.2
2025-06-12 02:19:00,50.15234640140434
2025-06-12 23:40:00,89.0
2025-06-12 10:36:00,50.15234640140434
2025-06-12 05:37:00,91.1
2025-06-12 17:59:00,47.4
2025-06-12 11:01:00,3.7
2025-06-12 11:03:00,97.0
2025-06-12 19:01:00,5.1
2025-06-12 05:44:00,50.15234640140434
2025-06-12 10:15:00,90.6
2025-06-12 00:40:00,21.2
2025-06-12 19:57:00,11.3
2025-06-12 07:06:00,87.0
2025-06-12 10:49:00,99.0
2025-06-12 22:21:00,89.9
2025-06-12 00:17:00,6.5
2025-06-12 10:17:00,95.0
2025-06-12 04:50:00,58.5
2025-06-12 13:47:00,43.2
2025-06-12 11:51:00,57.0
2025-06-12 22:35:00,84.9
2025-06-12 10:15:00,90.0
2025-06-12 01:42:00,34.6
2025-06-12 20:46:00,3.8
2025-06-12 23:05:00,13.6
2025-06-12 02:52:00,46.5
2025-06-12 02:17:00,16.5
2025-06-12 22:06:00,67.0
2025-06-12 06:51:00,89.1
2025-06-12 08:16:00,32.9
2025-06-12 11:48:00,34.7
2025-06-12 10:39:00,15.3
2025-06-12 22:20:00,68.5
2025-06-12 02:16:00,23.0
2025-06-12 11:33:00,98.5
2025-06-12 19:07:00,72.8
2025-06-12 17:58:00,50.15234640140434
2025-06-12 08:23:00,62.4
2025-06-12 16:30:00,28.6
2025-06-12 10:18:00,14.7
2025-06-12 20:58:00,7.6
2025-06-12 03:06:00,50.15234640140434
2025-06-12 12:04:00,54.4
2025-06-12 19:13:00,50.15234640140434
2025-06-12 05:21:00,50.15234640140434
2025-06-12 02:56:00,50.15234640140434
2025-06-12 16:52:00,88.5
2025-06-12 11:58:00,11.8
2025-06-12 04:33:00,66.5
2025-06-12 08:55:00,50.15234640140434
2025-06-12 10:23:00,6.5
2025-06-12 20:03:00,44.4
2025-06-12 09:53:00,0.8
2025-06-12 02:34:00,69.3
2025-06-12 19:13:00,22.5
2025-06-12 00:47:00,50.4
2025-06-12 11:02:00,19.2
2025-06-12 11:04:00,46.2
2025-06-12 10:57:00,47.9
2025-06-12 02:16:00,50.15234640140434
2025-06-12 05:43:00,39.9
2025-06-12 07:12:00,50.15234640140434
2025-06-12 08:46:00,27.4
2025-06-12 02:17:00,89.1
2025-06-12 11:46:00,72.4
2025-06-12 04:02:00,68.6
2025-06-12 05:18:00,48.5
2025-06-12 15:30:00,57.7
2025-06-12 17:44:00,55.7
2025-06-12 17:11:00,2.4
2025-06-12 15:29:00,43.2
2025-06-12 19:59:00,40.9
2025-06-12 02:40:00,13.4
2025-06-12 05:03:00,76.5
2025-06-12 21:11:00,50.15234640140434
2025-06-12 22:17:00,4.6
2025-06-12 20:36:00,37.9
2025-06-12 05:36:00,40.6
2025-06-12 04:48:00,50.15234640140434
2025-06-12 16:07:00,70.8
2025-06-12 11:25:00,54.3
2025-06-12 19:39:00,11.8
2025-06-12 19:14:00,93.2
2025-06-12 15:00:00,37.8
2025-06-12 13:08:00,19.4
2025-06-12 19:02:00,56.3
2025-06-12 07:46:00,43.8
2025-06-12 07:38:00,76.8
2025-06-12 12:27:00,28.9
2025-06-12 19:35:00,18.2
2025-06-12 23:55:00,50.15234640140434
2025-06-12 15:42:00,98.0
2025-06-12 09:49:00,33.3
2025-06-12 23:22:00,63.4
2025-06-12 05:02:00,67.1
2025-06-12 14:38:00,50.15234640140434
2025-06-12 15:57:00,32.3
2025-06-12 17:38:00,59.7
2025-06-12 10:03:00,50.15234640140434
2025-06-12 01:06:00,26.6
2025-06-12 19:03:00,60.0
2025-06-12 11:44:00,19.9
2025-06-12 20:34:00,14.8
2025-06-12 23:20:00,52.4
2025-06-12 10:49:00,50.15234640140434
2025-06-12 17:06:00,89.6
2025-06-12 07:12:00,78.3
2025-06-12 02:10:00,15.3
2025-06-12 09:39:00,49.2
2025-06-12 03:15:00,21.3
2025-06-12 06:07:00,60.8
2025-06-12 08:43:00,62.1
2025-06-12 00:40:00,66.4
2025-06-12 14:09:00,84.5
2025-06-12 12:10:00,50.15234640140434
2025-06-12 07:52:00,32.3
2025-06-12 00:11:00,44.5
2025-06-12 11:06:00,25.7
2025-06-12 08:32:00,50.15234640140434
2025-06-12 08:26:00,50.15234640140434
2025-06-12 07:04:00,45.4
2025-06-12 23:20:00,50.15234640140434
2025-06-12 12:18:00,50.15234640140434
2025-06-12 04:11:00,77.9
2025-06-12 14:44:00,59.5
2025-06-12 13:00:00,45.3
2025-06-12 21:54:00,50.15234640140434
2025-06-12 20:39:00,13.7
2025-06-12 08:53:00,61.1
2025-06-12 03:45:00,96.6
2025-06-12 14:36:00,50.15234640140434
2025-06-12 10:51:00,95.4
2025-06-12 14:37:00,50.15234640140434
2025-06-12 08:26:00,52.3
2025-06-12 20:58:00,54.9
2025-06-12 15:34:00,50.15234640140434
2025-06-12 12:12:00,80.7
2025-06-12 12:05:00,14.5
2025-06-12 19:23:00,50.15234640140434
2025-06-12 23:14:00,94.6
2025-06-12 20:52:00,17.7
2025-06-12 13:24:00,85.7
2025-06-12 02:06:00,57.8
2025-06-12 12:20:00,35.7
2025-06-12 01:01:00,51.0
2025-06-12 16:01:00,85.9
2025-06-12 09:53:00,32.9
2025-06-12 22:31:00,4.1
2025-06-12 16:44:00,50.15234640140434
2025-06-12 06:43:00,50.15234640140434
2025-06-12 19:29:00,34.9
2025-06-12 03:08:00,92.4
2025-06-12 12:56:00,61.4
2025-06-12 19:28:00,73.5
2025-06-12 11:13:00,54.8
2025-06-12 09:36:00,70.6
2025-06-12 02:28:00,88.3
2025-06-12 18:40:00,73.5
2025-06-12 07:42:00,99.5
2025-06-12 04:09:00,6.3
2025-06-12 23:58:00,67.5
2025-06-12 23:07:00,40.1
2025-06-12 13:45:00,10.2
2025-06-12 04:45:00,34.2
2025-06-12 13:44:00,99.2
2025-06-12 10:13:00,63.8
2025-06-12 22:46:00,68.1
2025-06-12 18:50:00,50.15234640140434
2025-06-12 09:06:00,33.2
2025-06-12 01:47:00,86.8
2025-06-12 21:25:00,26.2
2025-06-12 06:32:00,86.4
2025-06-12 12:47:00,50.15234640140434
2025-06-12 01:55:00,71.3
2025-06-12 12:24:00,11.1
2025-06-12 11:21:00,40.6
2025-06-12 19:50:00,47.5
2025-06-12 16:43:00,65.7
2025-06-12 12:18:00,19.2
2025-06-12 15:14:00,50.15234640140434
2025-06-12 00:42:00,67.3
2025-06-12 20:27:00,59.0
2025-06-12 12:03:00,50.8
2025-06-12 23:31:00,66.0
2025-06-12 10:55:00,65.2
2025-06-12 20:27:00,13.0
2025-06-12 18:30:00,19.9
2025-06-12 23:16:00,61.0
2025-06-12 18:12:00,9.2
2025-06-12 04:44:00,61.5
2025-06-12 11:05:00,39.2
2025-06-12 05:25:00,9.6
2025-06-12 06:37:00,16.6
2025-06-12 13:23:00,89.3
2025-06-12 21:44:00,82.8
2025-06-12 03:12:00,37.6
2025-06-12 18:58:00,97.1
2025-06-12 12:59:00,73.9
2025-06-12 06:07:00,18.6
2025-06-12 14:20:00,50.15234640140434
2025-06-12 10:57:00,28.2
2025-06-12 03:18:00,83.4
2025-06-12 02:16:00,39.7
2025-06-12 19:48:00,27.3
2025-06-12 18:06:00,69.2
2025-06-12 00:50:00,82.2
2025-06-12 22:15:00,17.0
2025-06-12 18:45:00,6.9
2025-06-12 01:15:00,5.3
2025-06-12 21:32:00,50.15234640140434
2025-06-12 03:17:00,94.9
2025-06-12 23:24:00,41.2
2025-06-12 01:34:00,43.8
2025-06-12 12:57:00,53.2
2025-06-12 10:43:00,50.15234640140434
2025-06-12 21:25:00,43.1
2025-06-12 03:54:00,53.2
2025-06-12 20:36:00,13.6
2025-06-12 19:37:00,50.15234640140434
2025-06-12 04:46:00,22.2
2025-06-12 14:22:00,50.15234640140434
2025-06-12 13:44:00,21.6
2025-06-12 17:03:00,50.15234640140434
2025-06-12 15:57:00,50.15234640140434
2025-06-12 07:20:00,72.6
2025-06-12 02:11:00,59.5
2025-06-12 21:59:00,62.0
2025-06-12 08:24:00,88.3
2025-06-12 08:45:00,70.5
2025-06-12 22:41:00,69.4
2025-06-12 01:33:00,23.2
2025-06-12 08:13:00,14.1
2025-06-12 12:02:00,50.15234640140434
2025-06-12 19:39:00,54.0
2025-06-12 06:20:00,43.0
2025-06-12 22:48:00,36.8
2025-06-12 17:00:00,67.7
2025-06-12 06:51:00,18.3
2025-06-12 17:36:00,81.0
2025-06-12 06:53:00,41.8
2025-06-12 03:14:00,76.9
2025-06-12 22:21:00,61.5
2025-06-12 06:53:00,50.15234640140434
2025-06-12 20:06:00,89.5
2025-06-12 11:30:00,76.4
2025-06-12 11:03:00,61.9
2025-06-12 07:42:00,56.6
2025-06-12 02:38:00,88.4
2025-06-12 12:29:00,28.1
2025-06-12 11:00:00,24.4
2025-06-12 17:27:00,74.5
2025-06-12 00:41:00,57.1
2025-06-12 10:04:00,22.7
2025-06-12 01:49:00,14.2
2025-06-12 11:30:00,50.15234640140434
2025-06-12 00:03:00,75.5
2025-06-12 10:33:00,49.8
2025-06-12 07:23:00,20.7
2025-06-12 02:06:00,70.4
2025-06-12 09:36:00,43.7
2025-06-12 15:21:00,75.4
2025-06-12 07:11:00,69.2
2025-06-12 20:29:00,50.15747328871669
2025-06-12 11:37:00,15.4
2025-06-12 12:08:00,90.0
2025-06-12 00:04:00,91.5
2025-06-12 05:31:00,10.5
2025-06-12 00:28:00,82.5
2025-06-12 00:53:00,32.5
2025-06-12 22:32:00,68.4
2025-06-12 23:41:00,35.7
2025-06-12 10:27:00,95.4
2025-06-12 10:14:00,85.3
2025-06-12 17:25:00,31.5
2025-06-12 16:44:00,42.4
2025-06-12 14:11:00,50.15747328871669
2025-06-12 15:30:00,93.1
2025-06-12 10:25:00,8.5
2025-06-12 09:18:00,46.8
2025-06-12 02:10:00,30.6
2025-06-12 09:18:00,53.3
2025-06-12 16:39:00,11.5
2025-06-12 21:27:00,97.9
2025-06-12 03:01:00,40.6
2025-06-12 16:29:00,56.7
2025-06-12 16:36:00,88.8
2025-06-12 05:00:00,16.4
2025-06-12 03:51:00,27.6
2025-06-12 21:19:00,74.9
2025-06-12 12:48:00,37.7
2025-06-12 08:16:00,48.9
2025-06-12 17:31:00,45.4
2025-06-12 13:44:00,3.8
2025-06-12 01:27:00,69.3
2025-06-12 12:32:00,77.7
2025-06-12 23:57:00,6.9
2025-06-12 18:44:00,26.4
2025-06-12 16:13:00,34.8
2025-06-12 17:51:00,15.2
2025-06-12 08:08:00,98.8
2025-06-12 02:10:00,10.2
2025-06-12 09:51:00,48.6
2025-06-12 01:52:00,43.3
2025-06-12 21:25:00,47.9
2025-06-12 18:55:00,73.8
2025-06-12 19:48:00,29.4
2025-06-12 12:19:00,62.8
2025-06-12 17:04:00,15.8
2025-06-12 19:39:00,73.9
2025-06-12 19:52:00,50.15747328871669
2025-06-12 20:43:00,70.5
2025-06-12 18:46:00,85.5
2025-06-12 22:54:00,75.8
2025-06-12 20:56:00,74.7
2025-06-12 13:37:00,57.9
2025-06-12 07:42:00,62.7
2025-06-12 02:53:00,79.5
2025-06-12 01:39:00,6.5
2025-06-12 11:01:00,50.15747328871669
2025-06-12 23:27:00,34.9
2025-06-12 01:47:00,10.6
2025-06-12 11:53:00,32.0
2025-06-12 22:06:00,83.5
2025-06-12 06:45:00,70.0
2025-06-12 14:27:00,45.0
2025-06-12 22:48:00,47.8
2025-06-12 14:57:00,32.5
2025-06-12 15:45:00,5.3
2025-06-12 13:07:00,50.15747328871669
2025-06-12 16:50:00,50.15747328871669
2025-06-12 05:33:00,53.6
2025-06-12 20:49:00,50.15747328871669
2025-06-12 08:54:00,63.7
2025-06-12 04:03:00,50.15747328871669
2025-06-12 12:52:00,96.4
2025-06-12 20:46:00,54.8
2025-06-12 10:03:00,16.0
2025-06-12 17:49:00,33.1
2025-06-12 21:52:00,8.0
2025-06-12 20:14:00,79.7
2025-06-12 07:36:00,96.5
2025-06-12 01:50:00,70.3
2025-06-12 16:20:00,95.6
2025-06-12 03:10:00,63.5
2025-06-12 07:34:00,67.8
2025-06-12 18:48:00,2.6
2025-06-12 10:14:00,36.9
2025-06-12 01:48:00,16.5
2025-06-12 12:28:00,50.15747328871669
2025-06-12 11:55:00,35.4
2025-06-12 16:15:00,10.1
2025-06-12 08:58:00,77.0
2025-06-12 16:18:00,43.0
2025-06-12 01:55:00,54.7
2025-06-12 21:59:00,1.9
2025-06-12 19:09:00,78.6
2025-06-12 09:02:00,73.3
2025-06-12 22:10:00,90.5
2025-06-12 15:29:00,54.9
2025-06-12 04:33:00,50.15747328871669
2025-06-12 11:59:00,81.6
2025-06-12 03:02:00,97.6
2025-06-12 12:34:00,65.8
2025-06-12 17:28:00,4.6
2025-06-12 12:15:00,73.8
2025-06-12 06:45:00,81.9
2025-06-12 03:11:00,50.15747328871669
2025-06-12 10:12:00,32.9
2025-06-12 04:54:00,18.2
2025-06-12 21:34:00,68.5
2025-06-12 18:42:00,23.5
2025-06-12 21:02:00,50.15747328871669
2025-06-12 10:39:00,74.5
2025-06-12 08:39:00,81.0
2025-06-12 09:41:00,26.3
2025-06-12 04:34:00,30.0
2025-06-12 10:32:00,59.3
2025-06-12 19:05:00,47.4
2025-06-12 19:44:00,55.5
2025-06-12 13:29:00,40.3
2025-06-12 20:25:00,3.1
2025-06-12 18:45:00,28.5
2025-06-12 07:24:00,50.15747328871669
2025-06-12 02:28:00,18.2
2025-06-12 02:06:00,79.2
2025-06-12 15:33:00,96.6
2025-06-12 08:41:00,58.0
2025-06-12 03:31:00,74.2
2025-06-12 18:05:00,14.9
2025-06-12 13:54:00,59.1
2025-06-12 04:57:00,25.4
2025-06-12 07:15:00,50.15747328871669
2025-06-12 20:58:00,52.0
2025-06-12 05:05:00,46.4
2025-06-12 09:45:00,22.9
2025-06-12 02:12:00,50.15747328871669
2025-06-12 14:03:00,21.7
2025-06-12 08:30:00,35.3
2025-06-12 03:19:00,51.6
2025-06-12 09:13:00,48.8
2025-06-12 12:02:00,99.7
2025-06-12 11:17:00,33.2
2025-06-12 13:53:00,50.15747328871669
2025-06-12 22:27:00,98.9
2025-06-12 10:43:00,26.4
2025-06-12 14:53:00,54.0
2025-06-12 06:51:00,60.2
2025-06-12 09:09:00,78.2
2025-06-12 12:47:00,1.5
2025-06-12 01:35:00,5.2
2025-06-12 07:30:00,50.15747328871669
2025-06-12 02:37:00,46.6
2025-06-12 15:28:00,50.15747328871669
2025-06-12 15:20:00,59.8
2025-06-12 10:05:00,50.2
2025-06-12 08:33:00,77.6
2025-06-12 11:08:00,15.8
2025-06-12 21:11:00,84.5
2025-06-12 03:52:00,65.9
2025-06-12 09:49:00,67.9
2025-06-12 17:45:00,48.8
2025-06-12 05:38:00,24.3
2025-06-12 05:14:00,23.4
2025-06-12 14:10:00,50.15747328871669
2025-06-12 19:38:00,10.2
2025-06-12 04:27:00,37.5
2025-06-12 17:03:00,20.2
2025-06-12 12:18:00,40.0
2025-06-12 23:52:00,79.3
2025-06-12 06:45:00,76.5
2025-06-12 16:13:00,75.6
2025-06-12 15:44:00,50.15747328871669
2025-06-12 20:22:00,20.3
2025-06-12 05:55:00,41.0
2025-06-12 21:28:00,50.15747328871669
2025-06-12 07:06:00,95.1
2025-06-12 11:11:00,93.4
2025-06-12 23:34:00,30.2
2025-06-12 03:07:00,58.8
2025-06-12 17:49:00,40.2
2025-06-12 05:27:00,44.3
2025-06-12 05:51:00,69.3
2025-06-12 06:51:00,57.9
2025-06-12 05:14:00,50.15747328871669
2025-06-12 18:18:00,45.3
2025-06-12 02:45:00,93.8
2025-06-12 14:46:00,37.2
2025-06-12 20:58:00,49.0
2025-06-12 03:13:00,41.7
2025-06-12 21:50:00,66.2
2025-06-12 22:32:00,40.9
2025-06-12 13:43:00,92.1
2025-06-12 21:05:00,49.0
2025-06-12 12:49:00,60.0
2025-06-12 06:33:00,85.5
2025-06-12 23:23:00,50.15747328871669
2025-06-12 00:21:00,93.3
2025-06-12 17:21:00,34.3
2025-06-12 16:23:00,50.15747328871669
2025-06-12 14:23:00,6.3
2025-06-12 14:45:00,11.8
2025-06-12 00:03:00,49.4
2025-06-12 23:40:00,14.8
2025-06-12 18:41:00,92.7
2025-06-12 14:27:00,42.9
2025-06-12 21:20:00,73.7
2025-06-12 03:56:00,2.0
2025-06-12 11:18:00,15.6
2025-06-12 06:43:00,50.15747328871669
2025-06-12 16:21:00,58.7
2025-06-12 08:52:00,86.6
2025-06-12 22:43:00,70.6
2025-06-12 01:49:00,67.2
2025-06-12 11:23:00,50.15747328871669
2025-06-12 12:37:00,75.1
2025-06-12 01:36:00,93.6
2025-06-12 09:23:00,50.15747328871669
2025-06-12 14:21:00,71.8
2025-06-12 05:07:00,19.3
2025-06-12 15:07:00,50.15747328871669
2025-06-12 01:00:00,78.4
2025-06-12 19:54:00,6.9
2025-06-12 03:07:00,80.8
2025-06-12 17:34:00,50.15747328871669
2025-06-12 13:34:00,92.6
2025-06-12 05:33:00,60.2
2025-06-12 11:55:00,19.7
2025-06-12 07:26:00,50.15747328871669
2025-06-12 23:59:00,50.15747328871669
2025-06-12 21:08:00,6.6
2025-06-12 16:54:00,87.7
2025-06-12 12:51:00,50.15747328871669
2025-06-12 12:09:00,70.7
2025-06-12 05:30:00,23.1
2025-06-12 16:02:00,83.1
2025-06-12 12:39:00,50.15747328871669
2025-06-12 04:52:00,1.6
2025-06-12 19:04:00,50.15747328871669
2025-06-12 09:22:00,50.15747328871669
2025-06-12 04:19:00,59.9
2025-06-12 00:45:00,13.1
2025-06-12 16:12:00,67.0
2025-06-12 04:14:00,47.5
2025-06-12 04:46:00,8.7
2025-06-12 04:13:00,26.5
2025-06-12 06:57:00,61.2
2025-06-12 21:43:00,17.0
2025-06-12 07:18:00,50.15747328871669
2025-06-12 10:34:00,93.5
2025-06-12 00:13:00,62.7
2025-06-12 04:33:00,80.1
2025-06-12 19:35:00,3.6
2025-06-12 21:18:00,87.8
2025-06-12 01:17:00,69.4
2025-06-12 15:51:00,7.9
2025-06-12 11:33:00,67.1
2025-06-12 22:46:00,72.4
2025-06-12 19:18:00,81.7
2025-06-12 00:14:00,37.8
2025-06-12 18:31:00,76.3
2025-06-12 15:13:00,6.9
2025-06-12 14:21:00,57.5
2025-06-12 02:12:00,73.8
2025-06-12 18:11:00,6.5
2025-06-12 18:04:00,62.6
2025-06-12 05:45:00,68.5
2025-06-12 03:42:00,30.3
2025-06-12 04:58:00,50.15747328871669
2025-06-12 16:22:00,66.4
2025-06-12 13:38:00,67.8
2025-06-12 12:27:00,45.4
2025-06-12 16:35:00,91.8
2025-06-12 18:33:00,8.0
2025-06-12 09:27:00,50.15747328871669
2025-06-12 07:36:00,63.8
2025-06-12 18:54:00,31.9
2025-06-12 22:29:00,35.8
2025-06-12 06:56:00,41.0
2025-06-12 11:05:00,86.0
2025-06-12 05:39:00,78.4
2025-06-12 10:15:00,94.5
2025-06-12 17:39:00,5.6
2025-06-12 02:56:00,40.4
2025-06-12 09:59:00,9.3
2025-06-12 07:49:00,50.15747328871669
2025-06-12 00:36:00,70.8
2025-06-12 06:26:00,17.3
2025-06-12 15:35:00,2.5
2025-06-12 12:48:00,81.8
2025-06-12 20:15:00,98.9
2025-06-12 21:09:00,63.6
2025-06-12 22:10:00,97.2
2025-06-12 08:18:00,52.1
2025-06-12 05:22:00,50.15747328871669
2025-06-12 01:05:00,82.1
2025-06-12 07:20:00,50.15747328871669
2025-06-12 13:47:00,50.3
2025-06-12 01:41:00,50.15747328871669
2025-06-12 22:52:00,39.0
2025-06-12 01:25:00,6.2
2025-06-12 14:10:00,73.9
2025-06-12 09:05:00,47.6
2025-06-12 13:30:00,79.3
2025-06-12 00:39:00,77.3
2025-06-12 21:11:00,81.8
2025-06-12 17:48:00,24.0
2025-06-12 02:17:00,24.8
2025-06-12 02:03:00,15.4
2025-06-12 20:33:00,82.9
2025-06-12 19:37:00,54.6
2025-06-12 00:17:00,56.0
2025-06-12 12:12:00,76.9
2025-06-12 04:09:00,79.6
2025-06-12 21:02:00,50.15747328871669
2025-06-12 04:09:00,7.1
2025-06-12 07:22:00,70.4
2025-06-12 14:59:00,63.0
2025-06-12 06:09:00,33.4
2025-06-12 01:34:00,0.9
2025-06-12 09:14:00,50.15747328871669
2025-06-12 18:34:00,60.5
2025-06-12 22:00:00,41.8
2025-06-12 14:54:00,26.7
2025-06-12 08:24:00,16.5
2025-06-12 12:49:00,92.3
2025-06-12 01:36:00,20.3
2025-06-12 09:08:00,37.6
2025-06-12 05:48:00,70.5
2025-06-12 10:06:00,89.2
2025-06-12 23:23:00,86.2
2025-06-12 21:08:00,50.15747328871669
2025-06-12 12:10:00,99.9
2025-06-12 21:44:00,33.4
2025-06-12 05:17:00,50.15747328871669
2025-06-12 22:44:00,11.9
2025-06-12 09:00:00,61.6
2025-06-12 17:24:00,64.9
2025-06-12 16:50:00,34.3
2025-06-12 07:07:00,75.1
2025-06-12 13:44:00,89.5
2025-06-12 15:37:00,79.2
2025-06-12 04:23:00,40.2
2025-06-12 01:31:00,68.5
2025-06-12 23:28:00,13.7
2025-06-12 05:10:00,50.15747328871669
2025-06-12 21:50:00,50.15747328871669
2025-06-12 16:28:00,40.5
2025-06-12 22:06:00,50.15747328871669
2025-06-12 11:18:00,50.15747328871669
2025-06-12 13:51:00,99.2
2025-06-12 18:06:00,11.1
2025-06-12 03:36:00,50.15747328871669
2025-06-12 10:24:00,68.2
2025-06-12 10:37:00,69.9
2025-06-12 17:50:00,48.4
2025-06-12 13:33:00,50.15747328871669
2025-06-12 14:17:00,20.4
2025-06-12 18:05:00,24.7
2025-06-12 22:23:00,27.0
2025-06-12 04:00:00,95.1
2025-06-12 15:22:00,61.8
2025-06-12 04:31:00,2.5
2025-06-12 23:36:00,50.07997412982127
2025-06-12 10:21:00,75.8
2025-06-12 14:22:00,81.7
2025-06-12 03:13:00,18.8
2025-06-12 00:40:00,63.2
2025-06-12 18:41:00,16.8
2025-06-12 00:12:00,26.5
2025-06-12 01:19:00,49.5
2025-06-12 07:38:00,50.07997412982127
2025-06-12 03:38:00,94.4
2025-06-12 21:36:00,50.07997412982127
2025-06-12 14:05:00,36.1
2025-06-12 06:37:00,50.07997412982127
2025-06-12 18:35:00,50.07997412982127
2025-06-12 18:18:00,3.9
2025-06-12 20:31:00,68.4
2025-06-12 18:19:00,36.8
2025-06-12 23:53:00,61.6
2025-06-12 09:28:00,6.4
2025-06-12 14:00:00,94.0
2025-06-12 00:44:00,37.4
2025-06-12 05:52:00,50.07997412982127
2025-06-12 10:41:00,17.8
2025-06-12 00:18:00,77.8
2025-06-12 12:41:00,5.6
2025-06-12 01:13:00,74.4
2025-06-12 19:58:00,57.5
2025-06-12 23:51:00,90.2
2025-06-12 05:37:00,36.3
2025-06-12 17:16:00,50.07997412982127
2025-06-12 04:40:00,15.2
2025-06-12 15:33:00,54.6
2025-06-12 08:33:00,50.07997412982127
2025-06-12 22:55:00,57.8
2025-06-12 09:58:00,99.4
2025-06-12 16:34:00,50.07997412982127
2025-06-12 09:14:00,17.4
2025-06-12 02:47:00,50.07997412982127
2025-06-12 12:20:00,50.07997412982127
2025-06-12 09:56:00,50.07997412982127
2025-06-12 06:30:00,32.2
2025-06-12 07:01:00,86.7
2025-06-12 03:27:00,71.4
2025-06-12 10:56:00,31.2
2025-06-12 23:02:00,50.07997412982127
2025-06-12 01:59:00,68.0
2025-06-12 19:13:00,50.07997412982127
2025-06-12 14:29:00,30.5
2025-06-12 18:45:00,16.4
2025-06-12 12:03:00,82.0
2025-06-12 10:07:00,59.5
2025-06-12 11:58:00,56.7
2025-06-12 01:15:00,21.0
2025-06-12 16:43:00,15.4
2025-06-12 11:03:00,50.07997412982127
2025-06-12 18:41:00,81.0
2025-06-12 20:21:00,21.0
2025-06-12 06:47:00,80.4
2025-06-12 20:37:00,29.8
2025-06-12 23:11:00,60.8
2025-06-12 06:50:00,94.4
2025-06-12 21:12:00,57.5
2025-06-12 02:14:00,75.3
2025-06-12 08:40:00,97.4
2025-06-12 20:08:00,66.6
2025-06-12 22:04:00,58.1
2025-06-12 09:47:00,93.1
2025-06-12 20:55:00,50.07997412982127
2025-06-12 01:22:00,10.3
2025-06-12 16:53:00,45.8
2025-06-12 19:35:00,2.6
2025-06-12 23:12:00,50.07997412982127
2025-06-12 18:42:00,87.3
2025-06-12 10:20:00,50.07997412982127
2025-06-12 01:32:00,58.2
2025-06-12 14:22:00,40.6
2025-06-12 22:34:00,44.5
2025-06-12 18:15:00,29.7
2025-06-12 02:54:00,26.1
2025-06-12 04:30:00,66.7
2025-06-12 09:59:00,50.07997412982127
2025-06-12 00:47:00,33.8
2025-06-12 04:18:00,50.07997412982127
2025-06-12 01:18:00,46.0
2025-06-12 21:21:00,50.07997412982127
2025-06-12 10:02:00,82.5
2025-06-12 18:17:00,50.07997412982127
2025-06-12 21:17:00,50.07997412982127
2025-06-12 18:16:00,12.6
2025-06-12 09:06:00,50.07997412982127
2025-06-12 13:55:00,56.3
2025-06-12 20:52:00,50.07997412982127
2025-06-12 20:26:00,16.3
2025-06-12 18:28:00,92.1
2025-06-12 18:22:00,90.5
2025-06-12 15:44:00,21.9
2025-06-12 07:10:00,30.1
2025-06-12 17:05:00,70.2
2025-06-12 14:44:00,1.1
2025-06-12 02:47:00,4.3
2025-06-12 04:27:00,62.3
2025-06-12 17:48:00,8.6
2025-06-12 09:35:00,54.5
2025-06-12 11:59:00,27.4
2025-06-12 05:05:00,81.0
2025-06-12 19:02:00,50.07997412982127
2025-06-12 16:14:00,34.9
2025-06-12 02:16:00,50.07997412982127
2025-06-12 02:22:00,50.07997412982127
2025-06-12 11:00:00,82.8
2025-06-12 21:13:00,58.3
2025-06-12 05:37:00,91.6
2025-06-12 18:45:00,53.2
2025-06-12 15:19:00,65.8
2025-06-12 15:05:00,41.1
2025-06-12 09:59:00,60.0
2025-06-12 09:04:00,50.07997412982127
2025-06-12 19:54:00,30.1
2025-06-12 05:26:00,5.1
2025-06-12 21:55:00,64.6
2025-06-12 08:08:00,5.3
2025-06-12 18:47:00,2.1
2025-06-12 00:22:00,4.5
2025-06-12 08:38:00,57.5
2025-06-12 03:38:00,34.5
2025-06-12 00:44:00,12.6
2025-06-12 23:06:00,97.8
2025-06-12 18:22:00,50.3
2025-06-12 02:44:00,67.3
2025-06-12 01:20:00,50.07997412982127
2025-06-12 15:43:00,40.8
2025-06-12 23:04:00,4.4
2025-06-12 10:37:00,50.07997412982127
2025-06-12 06:06:00,94.1
2025-06-12 21:58:00,96.9
2025-06-12 06:01:00,33.8
2025-06-12 15:24:00,99.6
2025-06-12 20:55:00,68.5
2025-06-12 00:08:00,74.6
2025-06-12 07:49:00,78.0
2025-06-12 21:14:00,50.07997412982127
2025-06-12 11:18:00,28.9
2025-06-12 08:23:00,55.2
2025-06-12 02:16:00,33.2
2025-06-12 11:57:00,81.5
2025-06-12 09:13:00,39.5
2025-06-12 15:38:00,45.5
2025-06-12 15:51:00,50.07997412982127
2025-06-12 12:57:00,50.07997412982127
2025-06-12 04:32:00,13.8
2025-06-12 12:37:00,42.7
2025-06-12 23:43:00,85.9
2025-06-12 13:52:00,80.0
2025-06-12 07:14:00,13.8
2025-06-12 01:55:00,62.9
2025-06-12 14:00:00,83.3
2025-06-12 21:46:00,80.3
2025-06-12 23:54:00,95.8
2025-06-12 09:42:00,30.7
2025-06-12 09:38:00,89.8
2025-06-12 07:01:00,52.7
2025-06-12 09:37:00,85.5
2025-06-12 23:21:00,50.07997412982127
2025-06-12 14:19:00,8.3
2025-06-12 01:53:00,76.9
2025-06-12 20:20:00,85.5
2025-06-12 21:13:00,37.1
2025-06-12 06:25:00,93.4
2025-06-12 21:18:00,17.4
2025-06-12 03:08:00,50.07997412982127
2025-06-12 03:48:00,46.5
2025-06-12 13:12:00,2.5
2025-06-12 15:03:00,11.4
2025-06-12 06:24:00,43.3
2025-06-12 15:30:00,80.2
2025-06-12 16:06:00,38.5
2025-06-12 18:36:00,50.07997412982127
2025-06-12 07:14:00,5.7
2025-06-12 11:58:00,52.6
2025-06-12 10:29:00,61.7
2025-06-12 12:36:00,11.0
2025-06-12 15:38:00,93.5
2025-06-12 03:53:00,61.4
2025-06-12 20:41:00,51.0
2025-06-12 11:41:00,41.8
2025-06-12 00:19:00,24.1
2025-06-12 01:48:00,38.3
2025-06-12 20:25:00,42.8
2025-06-12 02:29:00,22.6
2025-06-12 07:57:00,50.07997412982127
2025-06-12 19:26:00,94.4
2025-06-12 00:23:00,77.2
2025-06-12 10:24:00,13.6
2025-06-12 10:37:00,72.9
2025-06-12 10:43:00,32.9
2025-06-12 19:13:00,5.4
2025-06-12 18:39:00,88.0
2025-06-12 03:12:00,29.8
2025-06-12 16:51:00,90.9
2025-06-12 03:18:00,50.07997412982127
2025-06-12 22:29:00,67.0
2025-06-12 00:15:00,17.5
2025-06-12 03:05:00,22.2
2025-06-12 14:43:00,97.6
2025-06-12 15:56:00,55.4
2025-06-12 22:07:00,81.3
2025-06-12 08:21:00,54.1
2025-06-12 23:47:00,61.6
2025-06-12 18:22:00,89.1
2025-06-12 16:03:00,93.5
2025-06-12 21:44:00,1.5
2025-06-12 08:36:00,50.07997412982127
2025-06-12 17:28:00,65.2
2025-06-12 09:25:00,50.07997412982127
2025-06-12 10:08:00,57.6
2025-06-12 08:38:00,73.9
2025-06-12 03:45:00,50.07997412982127
2025-06-12 09:01:00,50.07997412982127
2025-06-12 15:16:00,27.3
2025-06-12 01:19:00,50.07997412982127
2025-06-12 23:18:00,50.07997412982127
2025-06-12 22:15:00,51.9
2025-06-12 04:50:00,17.6
2025-06-12 18:38:00,92.6
2025-06-12 15:08:00,97.2
2025-06-12 04:00:00,26.6
2025-06-12 08:30:00,43.1
2025-06-12 07:13:00,94.0
2025-06-12 08:05:00,45.8
2025-06-12 19:58:00,14.5
2025-06-12 18:34:00,27.5
2025-06-12 09:13:00,56.9
2025-06-12 15:07:00,29.8
2025-06-12 20:37:00,12.4
2025-06-12 16:08:00,15.0
2025-06-12 21:30:00,30.2
2025-06-12 03:51:00,64.7
2025-06-12 10:09:00,47.2
2025-06-12 15:16:00,50.07997412982127
2025-06-12 17:14:00,30.6
2025-06-12 03:21:00,32.8
2025-06-12 08:54:00,66.3
2025-06-12 03:21:00,17.7
2025-06-12 23:09:00,11.6
2025-06-12 03:47:00,88.0
2025-06-12 10:33:00,37.4
2025-06-12 06:07:00,13.7
2025-06-12 18:16:00,91.6
2025-06-12 12:08:00,20.6
2025-06-12 12:32:00,25.6
2025-06-12 23:05:00,64.7
2025-06-12 04:13:00,6.1
2025-06-12 06:48:00,18.0
2025-06-12 12:38:00,97.4
2025-06-12 02:10:00,50.07997412982127
2025-06-12 23:48:00,75.6
2025-06-12 01:37:00,2.4
2025-06-12 20:39:00,65.4
2025-06-12 17:51:00,11.4
2025-06-12 02:10:00,33.3
2025-06-12 15:54:00,80.6
2025-06-12 07:11:00,25.0
2025-06-12 14:18:00,50.07997412982127
2025-06-12 09:47:00,27.0
2025-06-12 16:08:00,16.3
2025-06-12 19:59:00,94.7
2025-06-12 20:04:00,4.5
2025-06-12 00:59:00,44.4
2025-06-12 14:44:00,50.07997412982127
2025-06-12 12:28:00,26.0
2025-06-12 15:40:00,87.5
2025-06-12 21:49:00,88.7
2025-06-12 08:42:00,13.3
2025-06-12 01:38:00,97.7
2025-06-12 18:42:00,78.0
2025-06-12 12:27:00,18.3
2025-06-12 21:44:00,79.4
2025-06-12 22:42:00,68.5
2025-06-12 10:38:00,75.7
2025-06-12 00:13:00,70.7
2025-06-12 03:24:00,20.1
2025-06-12 06:12:00,70.2
2025-06-12 00:08:00,13.4
2025-06-12 12:34:00,99.5
2025-06-12 16:08:00,50.07997412982127
2025-06-12 00:49:00,6.9
2025-06-12 22:59:00,42.3
2025-06-12 03:17:00,87.9
2025-06-12 22:11:00,22.3
2025-06-12 07:56:00,50.07997412982127
2025-06-12 06:41:00,50.07997412982127
2025-06-12 21:49:00,47.6
2025-06-12 13:55:00,34.0
2025-06-12 05:11:00,65.2
2025-06-12 06:49:00,54.5
2025-06-12 08:55:00,50.07997412982127
2025-06-12 09:03:00,11.1
2025-06-12 05:55:00,84.4
2025-06-12 23:26:00,59.8
2025-06-12 13:33:00,26.5
2025-06-12 18:24:00,35.3
2025-06-12 14:46:00,20.7
2025-06-12 01:45:00,40.6
2025-06-12 10:12:00,66.0
2025-06-12 17:16:00,50.07997412982127
2025-06-12 15:00:00,59.1
2025-06-12 22:38:00,50.07997412982127
2025-06-12 17:54:00,50.07997412982127
2025-06-12 07:22:00,50.07997412982127
2025-06-12 00:23:00,10.8
2025-06-12 07:20:00,50.07997412982127
2025-06-12 05:54:00,14.1
2025-06-12 05:55:00,50.07997412982127
2025-06-12 10:59:00,88.2
2025-06-12 00:28:00,91.5
2025-06-12 07:54:00,73.0
2025-06-12 12:05:00,55.9
2025-06-12 00:23:00,51.1
2025-06-12 12:36:00,57.8
2025-06-12 02:48:00,99.4
2025-06-12 23:18:00,64.7
2025-06-12 21:55:00,95.4
2025-06-12 16:45:00,2.7
2025-06-12 14:18:00,55.4
2025-06-12 21:18:00,54.4
2025-06-12 11:46:00,56.8
2025-06-12 15:14:00,48.8
2025-06-12 13:39:00,50.07997412982127
2025-06-12 18:05:00,31.6
2025-06-12 19:32:00,2.2
2025-06-12 18:56:00,16.9
2025-06-12 18:42:00,45.3
2025-06-12 23:46:00,43.3
2025-06-12 13:17:00,54.2
2025-06-12 13:31:00,58.9
2025-06-12 03:08:00,17.9
2025-06-12 14:42:00,83.2
2025-06-12 13:16:00,76.2
2025-06-12 22:29:00,42.9
2025-06-12 08:08:00,27.8
2025-06-12 03:41:00,90.2
2025-06-12 19:19:00,24.4
2025-06-12 19:29:00,48.4
2025-06-12 09:25:00,49.822039706925075
2025-06-12 02:16:00,16.3
2025-06-12 21:46:00,3.6
2025-06-12 13:16:00,72.6
2025-06-12 10:06:00,8.6
2025-06-12 14:34:00,9.8
2025-06-12 23:49:00,49.822039706925075
2025-06-12 10:59:00,54.5
2025-06-12 08:48:00,7.6
2025-06-12 04:33:00,49.822039706925075
2025-06-12 13:37:00,43.2
2025-06-12 04:35:00,81.6
2025-06-12 11:28:00,26.1
2025-06-12 14:31:00,7.9
2025-06-12 04:08:00,84.8
2025-06-12 23:14:00,87.7
2025-06-12 03:37:00,19.6
2025-06-12 16:25:00,5.6
2025-06-12 01:47:00,67.0
2025-06-12 11:53:00,28.9
2025-06-12 11:46:00,98.8
2025-06-12 17:31:00,49.822039706925075
2025-06-12 05:26:00,33.0
2025-06-12 19:32:00,44.3
2025-06-12 20:26:00,79.4
2025-06-12 00:40:00,13.3
2025-06-12 11:48:00,45.1
2025-06-12 11:33:00,11.8
2025-06-12 08:31:00,32.9
2025-06-12 01:55:00,13.0
2025-06-12 19:50:00,91.4
2025-06-12 14:00:00,26.9
2025-06-12 09:53:00,46.0
2025-06-12 18:56:00,18.5
2025-06-12 22:57:00,46.7
2025-06-12 13:22:00,7.3
2025-06-12 07:55:00,45.9
2025-06-12 09:54:00,49.822039706925075
2025-06-12 02:20:00,43.1
2025-06-12 06:25:00,67.6
2025-06-12 12:40:00,49.822039706925075
2025-06-12 11:02:00,74.7
2025-06-12 21:43:00,94.5
2025-06-12 23:24:00,78.9
2025-06-12 17:57:00,92.8
2025-06-12 09:27:00,49.822039706925075
2025-06-12 21:46:00,19.9
2025-06-12 06:23:00,81.1
2025-06-12 05:28:00,89.8
2025-06-12 07:40:00,16.9
2025-06-12 18:13:00,74.9
2025-06-12 09:35:00,49.822039706925075
2025-06-12 23:08:00,81.1
2025-06-12 16:23:00,84.0
2025-06-12 13:26:00,17.6
2025-06-12 15:12:00,65.5
2025-06-12 03:29:00,70.3
2025-06-12 14:26:00,49.822039706925075
2025-06-12 18:15:00,85.3
2025-06-12 09:04:00,49.822039706925075
2025-06-12 12:34:00,88.2
2025-06-12 22:43:00,19.1
2025-06-12 06:43:00,95.3
2025-06-12 06:30:00,94.8
2025-06-12 07:12:00,49.822039706925075
2025-06-12 04:36:00,72.1
2025-06-12 07:44:00,63.0
2025-06-12 19:17:00,27.3
2025-06-12 16:09:00,77.1
2025-06-12 09:37:00,51.6
2025-06-12 01:22:00,31.1
2025-06-12 11:46:00,49.822039706925075
2025-06-12 03:47:00,6.6
2025-06-12 11:41:00,69.1
2025-06-12 09:32:00,64.2
2025-06-12 12:03:00,78.1
2025-06-12 02:31:00,50.8
2025-06-12 03:52:00,31.6
2025-06-12 02:01:00,88.2
2025-06-12 21:48:00,70.0
2025-06-12 21:17:00,44.9
2025-06-12 23:31:00,22.8
2025-06-12 00:01:00,24.0
2025-06-12 20:35:00,49.822039706925075
2025-06-12 10:34:00,52.9
2025-06-12 20:22:00,19.0
2025-06-12 18:48:00,52.1
2025-06-12 07:46:00,82.1
2025-06-12 19:37:00,90.4
2025-06-12 15:48:00,23.8
2025-06-12 03:15:00,49.6
2025-06-12 10:49:00,49.822039706925075
2025-06-12 23:13:00,9.7
2025-06-12 22:47:00,76.9
2025-06-12 01:34:00,5.5
2025-06-12 19:57:00,21.9
2025-06-12 00:27:00,9.4
2025-06-12 21:04:00,58.3
2025-06-12 00:29:00,49.822039706925075
2025-06-12 20:16:00,60.0
2025-06-12 09:23:00,27.3
2025-06-12 09:53:00,29.2
2025-06-12 12:57:00,40.4
2025-06-12 09:52:00,45.0
2025-06-12 18:11:00,19.1
2025-06-12 07:23:00,4.2
2025-06-12 06:20:00,90.5
2025-06-12 03:49:00,92.8
2025-06-12 15:37:00,62.6
2025-06-12 14:56:00,72.8
2025-06-12 01:12:00,49.822039706925075
2025-06-12 04:32:00,79.5
2025-06-12 01:55:00,26.4
2025-06-12 17:44:00,48.9
2025-06-12 19:04:00,6.9
2025-06-12 12:15:00,90.8
2025-06-12 05:29:00,86.7
2025-06-12 21:35:00,49.822039706925075
2025-06-12 01:38:00,48.5
2025-06-12 06:14:00,21.1
2025-06-12 18:50:00,60.8
2025-06-12 04:46:00,52.9
2025-06-12 03:36:00,34.3
2025-06-12 06:05:00,73.7
2025-06-12 21:52:00,2.4
2025-06-12 17:37:00,49.822039706925075
2025-06-12 13:19:00,37.3
2025-06-12 06:24:00,59.7
2025-06-12 00:20:00,12.1
2025-06-12 13:49:00,49.822039706925075
2025-06-12 12:11:00,92.0
2025-06-12 14:54:00,49.822039706925075
2025-06-12 05:53:00,5.5
2025-06-12 21:57:00,49.822039706925075
2025-06-12 22:39:00,89.0
2025-06-12 13:16:00,69.2
2025-06-12 09:07:00,42.9
2025-06-12 09:43:00,80.5
2025-06-12 09:54:00,4.5
2025-06-12 23:38:00,59.5
2025-06-12 07:04:00,49.822039706925075
2025-06-12 16:45:00,87.2
2025-06-12 19:43:00,67.9
2025-06-12 10:27:00,6.2
2025-06-12 11:05:00,24.7
2025-06-12 15:05:00,49.822039706925075
2025-06-12 01:50:00,49.4
2025-06-12 12:13:00,68.1
2025-06-12 09:03:00,43.1
2025-06-12 00:04:00,6.0
2025-06-12 11:42:00,17.4
2025-06-12 00:57:00,85.3
2025-06-12 02:20:00,15.5
2025-06-12 12:40:00,51.5
2025-06-12 09:26:00,55.8
2025-06-12 12:55:00,16.3
2025-06-12 22:40:00,81.7
2025-06-12 04:48:00,56.0
2025-06-12 14:43:00,49.822039706925075
2025-06-12 15:28:00,4.1
2025-06-12 17:07:00,90.7
2025-06-12 11:49:00,16.3
2025-06-12 05:29:00,6.4
2025-06-12 19:00:00,50.9
2025-06-12 17:18:00,88.5
2025-06-12 02:36:00,28.1
2025-06-12 09:39:00,57.1
2025-06-12 01:40:00,18.5
2025-06-12 16:19:00,1.7
2025-06-12 12:02:00,60.8
2025-06-12 01:13:00,94.4
2025-06-12 10:40:00,75.4
2025-06-12 04:24:00,26.5
2025-06-12 14:43:00,70.4
2025-06-12 04:37:00,49.822039706925075
2025-06-12 18:25:00,28.7
2025-06-12 20:46:00,54.7
2025-06-12 14:27:00,26.8
2025-06-12 13:11:00,51.6
2025-06-12 11:36:00,79.0
2025-06-12 07:18:00,71.6
2025-06-12 09:24:00,45.4
2025-06-12 14:35:00,30.7
2025-06-12 17:31:00,25.4
2025-06-12 04:15:00,49.4
2025-06-12 21:56:00,1.3
2025-06-12 12:10:00,95.3
2025-06-12 02:58:00,26.0
2025-06-12 22:16:00,53.7
2025-06-12 21:45:00,49.822039706925075
2025-06-12 07:49:00,35.6
2025-06-12 07:56:00,49.822039706925075
2025-06-12 12:23:00,79.3
2025-06-12 23:03:00,11.0
2025-06-12 09:11:00,44.0
2025-06-12 14:02:00,84.0
2025-06-12 16:23:00,24.1
2025-06-12 09:47:00,14.6
2025-06-12 01:41:00,49.822039706925075
2025-06-12 00:25:00,71.9
2025-06-12 04:13:00,49.822039706925075
2025-06-12 01:11:00,91.2
2025-06-12 10:51:00,63.5
2025-06-12 07:39:00,69.8
2025-06-12 08:13:00,70.4
2025-06-12 18:27:00,55.4
2025-06-12 22:58:00,98.7
2025-06-12 13:14:00,80.2
2025-06-12 23:02:00,49.822039706925075
2025-06-12 23:34:00,60.9
2025-06-12 23:54:00,89.8
2025-06-12 07:16:00,18.8
2025-06-12 05:00:00,49.822039706925075
2025-06-12 22:08:00,98.1
2025-06-12 23:54:00,55.0
2025-06-12 15:21:00,97.3
2025-06-12 18:27:00,92.1
2025-06-12 19:13:00,65.3
2025-06-12 14:02:00,69.3
2025-06-12 22:47:00,49.822039706925075
2025-06-12 04:34:00,53.1
2025-06-12 20:12:00,74.3
2025-06-12 13:11:00,87.1
2025-06-12 20:10:00,76.4
2025-06-12 17:59:00,71.0
2025-06-12 05:26:00,96.8
2025-06-12 08:30:00,49.822039706925075
2025-06-12 01:11:00,1.2
2025-06-12 22:47:00,69.3
2025-06-12 16:20:00,49.822039706925075
2025-06-12 21:58:00,49.822039706925075
2025-06-12 22:16:00,85.2
2025-06-12 06:13:00,11.9
2025-06-12 17:52:00,31.5
2025-06-12 09:29:00,21.9
2025-06-12 15:11:00,36.0
2025-06-12 04:13:00,13.9
2025-06-12 17:10:00,67.7
2025-06-12 11:23:00,72.3
2025-06-12 02:24:00,90.4
2025-06-12 14:43:00,8.7
2025-06-12 19:07:00,14.6
2025-06-12 11:23:00,86.4
2025-06-12 07:17:00,33.7
2025-06-12 06:30:00,91.6
2025-06-12 14:07:00,49.822039706925075
2025-06-12 13:47:00,36.3
2025-06-12 12:02:00,28.3
2025-06-12 03:44:00,96.8
2025-06-12 01:20:00,56.2
2025-06-12 16:37:00,82.9
2025-06-12 01:18:00,58.2
2025-06-12 17:14:00,63.3
2025-06-12 10:06:00,41.7
2025-06-12 04:01:00,34.9
2025-06-12 10:05:00,25.0
2025-06-12 11:44:00,88.1
2025-06-12 06:59:00,72.0
2025-06-12 23:51:00,31.2
2025-06-12 18:46:00,67.8
2025-06-12 10:06:00,66.7
2025-06-12 16:36:00,53.9
2025-06-12 13:33:00,62.8
2025-06-12 04:12:00,49.822039706925075
2025-06-12 23:02:00,70.9
2025-06-12 12:17:00,48.4
2025-06-12 22:59:00,67.2
2025-06-12 06:06:00,33.9
2025-06-12 14:22:00,49.822039706925075
2025-06-12 11:03:00,42.7
2025-06-12 01:30:00,32.2
2025-06-12 14:20:00,38.8
2025-06-12 16:35:00,71.7
2025-06-12 15:07:00,25.7
2025-06-12 21:00:00,87.3
2025-06-12 01:57:00,49.822039706925075
2025-06-12 21:03:00,52.1
2025-06-12 05:50:00,73.5
2025-06-12 21:17:00,49.822039706925075
2025-06-12 04:43:00,78.8
2025-06-12 16:51:00,63.0
2025-06-12 22:55:00,49.822039706925075
2025-06-12 22:03:00,49.4
2025-06-12 15:43:00,49.822039706925075
2025-06-12 06:05:00,49.822039706925075
2025-06-12 21:30:00,13.5
2025-06-12 04:39:00,41.2
2025-06-12 08:49:00,91.5
2025-06-12 20:12:00,8.8
2025-06-12 04:24:00,26.9
2025-06-12 00:25:00,86.0
2025-06-12 23:00:00,22.0
2025-06-12 21:11:00,23.8
2025-06-12 18:47:00,68.3
2025-06-12 16:34:00,81.9
2025-06-12 08:48:00,36.0
2025-06-12 02:17:00,49.822039706925075
2025-06-12 01:33:00,77.4
2025-06-12 14:28:00,84.7
2025-06-12 05:31:00,74.1
2025-06-12 18:35:00,61.2
2025-06-12 21:24:00,97.6
2025-06-12 00:45:00,27.9
2025-06-12 20:01:00,91.3
2025-06-12 06:10:00,6.3
2025-06-12 10:53:00,9.4
2025-06-12 12:30:00,30.9
2025-06-12 04:44:00,61.5
2025-06-12 11:30:00,20.3
2025-06-12 22:07:00,73.8
2025-06-12 12:34:00,50.313785814936594
2025-06-12 02:56:00,95.5
2025-06-12 10:49:00,0.3
2025-06-12 21:31:00,77.5
2025-06-12 14:32:00,50.313785814936594
2025-06-12 12:36:00,50.313785814936594
2025-06-12 06:43:00,6.1
2025-06-12 15:17:00,50.313785814936594
2025-06-12 08:56:00,65.3
2025-06-12 11:00:00,11.0
2025-06-12 13:22:00,50.313785814936594
2025-06-12 07:16:00,23.4
2025-06-12 04:53:00,46.9
2025-06-12 13:56:00,37.6
2025-06-12 06:19:00,54.0
2025-06-12 10:35:00,50.4
2025-06-12 08:22:00,94.2
2025-06-12 02:05:00,23.1
2025-06-12 23:32:00,43.2
2025-06-12 18:05:00,33.5
2025-06-12 09:52:00,50.313785814936594
2025-06-12 13:18:00,22.7
2025-06-12 23:37:00,24.7
2025-06-12 04:46:00,3.4
2025-06-12 03:22:00,54.0
2025-06-12 19:39:00,50.313785814936594
2025-06-12 18:31:00,63.2
2025-06-12 02:32:00,32.9
2025-06-12 23:02:00,86.1
2025-06-12 08:01:00,64.8
2025-06-12 02:53:00,50.313785814936594
2025-06-12 23:45:00,67.6
2025-06-12 13:23:00,47.2
2025-06-12 09:18:00,94.6
2025-06-12 18:50:00,24.5
2025-06-12 03:58:00,3.5
2025-06-12 02:45:00,51.3
2025-06-12 15:43:00,72.6
2025-06-12 06:28:00,18.5
2025-06-12 01:05:00,64.4
2025-06-12 02:48:00,98.7
2025-06-12 07:16:00,14.3
2025-06-12 08:32:00,58.2
2025-06-12 01:46:00,50.313785814936594
2025-06-12 06:58:00,68.1
2025-06-12 09:09:00,40.3
2025-06-12 13:01:00,90.3
2025-06-12 11:51:00,50.313785814936594
2025-06-12 10:24:00,86.8
2025-06-12 13:59:00,63.7
2025-06-12 03:02:00,69.7
2025-06-12 02:42:00,3.1
2025-06-12 03:31:00,53.1
2025-06-12 09:48:00,47.2
2025-06-12 07:11:00,88.9
2025-06-12 07:56:00,50.313785814936594
2025-06-12 08:25:00,13.4
2025-06-12 01:50:00,40.4
2025-06-12 08:33:00,90.3
2025-06-12 10:53:00,39.2
2025-06-12 11:44:00,28.3
2025-06-12 17:09:00,63.0
2025-06-12 13:22:00,4.9
2025-06-12 17:33:00,28.5
2025-06-12 14:10:00,23.7
2025-06-12 13:58:00,21.9
2025-06-12 08:05:00,40.1
2025-06-12 11:39:00,85.2
2025-06-12 06:42:00,84.3
2025-06-12 18:54:00,69.4
2025-06-12 22:23:00,50.313785814936594
2025-06-12 11:43:00,37.7
2025-06-12 21:30:00,52.5
2025-06-12 03:33:00,8.7
2025-06-12 00:37:00,50.313785814936594
2025-06-12 23:58:00,43.4
2025-06-12 22:43:00,42.1
2025-06-12 04:02:00,48.7
2025-06-12 12:04:00,14.2
2025-06-12 16:25:00,2.5
2025-06-12 16:34:00,47.3
2025-06-12 02:08:00,0.8
2025-06-12 02:00:00,50.313785814936594
2025-06-12 19:30:00,20.4
2025-06-12 05:59:00,81.5
2025-06-12 20:20:00,75.1
2025-06-12 05:01:00,88.7
2025-06-12 16:02:00,30.0
2025-06-12 22:52:00,49.7
2025-06-12 00:29:00,37.0
2025-06-12 23:33:00,65.1
2025-06-12 18:42:00,18.4
2025-06-12 22:59:00,66.4
2025-06-12 21:44:00,58.8
2025-06-12 08:27:00,60.3
2025-06-12 04:30:00,71.6
2025-06-12 11:20:00,12.8
2025-06-12 22:49:00,57.8
2025-06-12 00:39:00,67.5
2025-06-12 19:36:00,31.0
2025-06-12 20:21:00,46.4
2025-06-12 07:58:00,69.3
2025-06-12 06:06:00,69.1
2025-06-12 04:50:00,29.4
2025-06-12 22:32:00,30.6
2025-06-12 05:51:00,91.9
2025-06-12 16:59:00,80.0
2025-06-12 01:15:00,40.8
2025-06-12 18:08:00,56.3
2025-06-12 12:40:00,11.7
2025-06-12 17:58:00,58.0
2025-06-12 08:57:00,59.2
2025-06-12 08:12:00,34.5
2025-06-12 03:18:00,18.4
2025-06-12 18:36:00,88.1
2025-06-12 16:25:00,99.3
2025-06-12 12:17:00,82.9
2025-06-12 16:48:00,50.313785814936594
2025-06-12 05:21:00,50.313785814936594
2025-06-12 00:46:00,50.313785814936594
2025-06-12 01:11:00,50.313785814936594
2025-06-12 08:52:00,10.3
2025-06-12 08:05:00,53.5
2025-06-12 17:11:00,15.4
2025-06-12 04:49:00,50.313785814936594
2025-06-12 08:01:00,50.313785814936594
2025-06-12 09:54:00,88.0
2025-06-12 17:35:00,94.9
2025-06-12 14:27:00,50.313785814936594
2025-06-12 18:20:00,88.9
2025-06-12 18:41:00,42.5
2025-06-12 18:14:00,94.6
2025-06-12 11:05:00,32.9
2025-06-12 03:18:00,67.8
2025-06-12 03:25:00,4.5
2025-06-12 09:10:00,50.313785814936594
2025-06-12 21:08:00,5.4
2025-06-12 07:15:00,23.5
2025-06-12 12:09:00,42.7
2025-06-12 00:26:00,54.5
2025-06-12 22:45:00,13.7
2025-06-12 22:46:00,9.5
2025-06-12 21:56:00,16.1
2025-06-12 19:22:00,81.2
2025-06-12 05:35:00,56.2
2025-06-12 07:38:00,84.8
2025-06-12 23:48:00,55.0
2025-06-12 04:18:00,22.4
2025-06-12 08:38:00,50.313785814936594
2025-06-12 08:43:00,59.3
2025-06-12 12:02:00,60.4
2025-06-12 09:10:00,89.1
2025-06-12 19:34:00,96.9
2025-06-12 01:49:00,55.4
2025-06-12 03:32:00,11.4
2025-06-12 21:34:00,89.3
2025-06-12 14:51:00,50.313785814936594
2025-06-12 11:20:00,84.9
2025-06-12 10:38:00,63.1
2025-06-12 07:21:00,60.9
2025-06-12 17:56:00,57.5
2025-06-12 10:14:00,32.7
2025-06-12 12:19:00,50.313785814936594
2025-06-12 12:34:00,50.313785814936594
2025-06-12 02:14:00,8.6
2025-06-12 01:38:00,30.7
2025-06-12 22:04:00,11.5
2025-06-12 12:58:00,64.7
2025-06-12 20:25:00,63.3
2025-06-12 04:04:00,50.313785814936594
2025-06-12 19:12:00,50.313785814936594
2025-06-12 03:33:00,43.2
2025-06-12 08:45:00,21.2
2025-06-12 05:11:00,87.8
2025-06-12 09:23:00,85.9
2025-06-12 11:37:00,49.9
2025-06-12 15:23:00,19.9
2025-06-12 10:48:00,90.0
2025-06-12 11:32:00,0.5
2025-06-12 19:19:00,8.2
2025-06-12 06:58:00,64.5
2025-06-12 06:08:00,39.4
2025-06-12 04:25:00,25.6
2025-06-12 06:22:00,19.9
2025-06-12 17:00:00,17.0
2025-06-12 12:03:00,48.7
2025-06-12 08:02:00,76.3
2025-06-12 12:02:00,79.6
2025-06-12 20:12:00,50.313785814936594
2025-06-12 01:20:00,99.3
2025-06-12 15:09:00,99.8
2025-06-12 09:07:00,0.2
2025-06-12 19:39:00,2.5
2025-06-12 20:35:00,81.9
2025-06-12 13:08:00,50.313785814936594
2025-06-12 04:35:00,34.3
2025-06-12 21:20:00,50.313785814936594
2025-06-12 10:45:00,84.6
2025-06-12 21:44:00,38.8
2025-06-12 10:51:00,64.1
2025-06-12 16:57:00,93.1
2025-06-12 21:46:00,13.0
2025-06-12 10:15:00,88.8
2025-06-12 19:40:00,66.1
2025-06-12 04:08:00,63.8
2025-06-12 04:58:00,76.0
2025-06-12 14:31:00,51.3
2025-06-12 21:49:00,36.6
2025-06-12 05:37:00,72.7
2025-06-12 14:56:00,78.7
2025-06-12 18:52:00,59.9
2025-06-12 21:01:00,83.8
2025-06-12 17:17:00,8.8
2025-06-12 01:31:00,48.5
2025-06-12 20:05:00,82.1
2025-06-12 17:30:00,30.1
2025-06-12 04:24:00,68.2
2025-06-12 16:20:00,61.2
2025-06-12 05:14:00,90.6
2025-06-12 00:17:00,11.0
2025-06-12 06:18:00,2.4
2025-06-12 12:49:00,73.5
2025-06-12 12:46:00,24.7
2025-06-12 10:08:00,8.4
2025-06-12 02:24:00,50.313785814936594
2025-06-12 02:16:00,50.313785814936594
2025-06-12 10:51:00,69.5
2025-06-12 17:15:00,39.9
2025-06-12 04:28:00,85.9
2025-06-12 17:14:00,77.5
2025-06-12 11:45:00,3.0
2025-06-12 16:22:00,35.6
2025-06-12 19:39:00,36.0
2025-06-12 07:49:00,50.313785814936594
2025-06-12 12:55:00,88.1
2025-06-12 21:46:00,83.7
2025-06-12 19:12:00,55.6
2025-06-12 13:17:00,89.0
2025-06-12 13:59:00,32.0
2025-06-12 04:09:00,33.7
2025-06-12 05:21:00,95.9
2025-06-12 19:02:00,66.3
2025-06-12 02:59:00,7.0
2025-06-12 11:53:00,22.3
2025-06-12 05:48:00,16.0
2025-06-12 05:59:00,50.313785814936594
2025-06-12 02:05:00,50.5
2025-06-12 11:22:00,75.9
2025-06-12 20:48:00,50.313785814936594
2025-06-12 12:57:00,99.3
2025-06-12 21:34:00,25.8
2025-06-12 16:56:00,59.7
2025-06-12 23:29:00,4.1
2025-06-12 21:34:00,68.8
2025-06-12 19:28:00,0.3
2025-06-12 05:43:00,86.4
2025-06-12 13:20:00,50.313785814936594
2025-06-12 10:25:00,32.3
2025-06-12 04:46:00,41.8
2025-06-12 20:23:00,97.8
2025-06-12 20:57:00,93.8
2025-06-12 05:36:00,79.8
2025-06-12 18:20:00,50.313785814936594
2025-06-12 04:12:00,22.3
2025-06-12 09:21:00,81.6
2025-06-12 17:29:00,41.1
2025-06-12 01:02:00,60.7
2025-06-12 23:56:00,74.9
2025-06-12 01:13:00,93.7
2025-06-12 16:57:00,51.2
2025-06-12 05:27:00,36.3
2025-06-12 11:52:00,68.5
2025-06-12 14:12:00,50.313785814936594
2025-06-12 00:09:00,32.1
2025-06-12 03:48:00,61.5
2025-06-12 09:23:00,65.7
2025-06-12 01:39:00,93.1
2025-06-12 13:30:00,43.6
2025-06-12 15:14:00,90.4
2025-06-12 09:38:00,26.6
2025-06-12 08:58:00,50.313785814936594
2025-06-12 06:22:00,70.7
2025-06-12 01:02:00,71.5
2025-06-12 21:54:00,50.6
2025-06-12 19:48:00,70.9
2025-06-12 05:03:00,25.2
2025-06-12 04:23:00,23.0
2025-06-12 19:04:00,50.313785814936594
2025-06-12 05:28:00,64.6
2025-06-12 10:30:00,58.2
2025-06-12 18:04:00,85.8
2025-06-12 08:33:00,39.3
2025-06-12 22:54:00,19.6
2025-06-12 01:53:00,49.947505013566115
2025-06-12 03:18:00,51.2
2025-06-12 08:14:00,40.7
2025-06-12 03:15:00,25.1
2025-06-12 16:54:00,49.947505013566115
2025-06-12 06:34:00,17.4
2025-06-12 10:29:00,41.9
2025-06-12 06:43:00,76.1
2025-06-12 13:01:00,69.8
2025-06-12 22:26:00,9.2
2025-06-12 05:30:00,85.0
2025-06-12 22:07:00,7.7
2025-06-12 09:05:00,31.2
2025-06-12 20:24:00,34.6
2025-06-12 15:03:00,55.6
2025-06-12 10:32:00,54.8
2025-06-12 18:16:00,0.1
2025-06-12 08:24:00,20.3
2025-06-12 20:09:00,76.2
2025-06-12 01:24:00,5.2
2025-06-12 13:16:00,22.9
2025-06-12 01:13:00,29.4
2025-06-12 02:38:00,45.4
2025-06-12 14:57:00,1.7
2025-06-12 10:12:00,49.947505013566115
2025-06-12 13:29:00,49.947505013566115
2025-06-12 05:03:00,75.2
2025-06-12 02:01:00,40.6
2025-06-12 22:17:00,49.0
2025-06-12 20:12:00,24.7
2025-06-12 06:11:00,9.1
2025-06-12 19:50:00,31.5
2025-06-12 17:12:00,49.6
2025-06-12 06:05:00,53.1
2025-06-12 16:55:00,20.1
2025-06-12 02:35:00,49.947505013566115
2025-06-12 23:14:00,74.2
2025-06-12 03:45:00,12.9
2025-06-12 02:00:00,27.9
2025-06-12 06:55:00,26.3
2025-06-12 01:10:00,49.947505013566115
2025-06-12 23:54:00,39.8
2025-06-12 06:46:00,49.947505013566115
2025-06-12 02:01:00,72.3
2025-06-12 09:23:00,76.2
2025-06-12 01:51:00,29.7
2025-06-12 23:34:00,36.6
2025-06-12 02:47:00,27.1
2025-06-12 05:47:00,28.1
2025-06-12 07:52:00,36.0
2025-06-12 00:11:00,49.947505013566115
2025-06-12 14:08:00,49.947505013566115
2025-06-12 08:15:00,76.7
2025-06-12 20:06:00,49.947505013566115
2025-06-12 00:16:00,49.947505013566115
2025-06-12 05:37:00,93.0
2025-06-12 09:41:00,70.2
2025-06-12 05:29:00,93.1
2025-06-12 02:18:00,54.0
2025-06-12 07:35:00,49.947505013566115
2025-06-12 10:06:00,97.7
2025-06-12 06:40:00,85.9
2025-06-12 15:02:00,86.1
2025-06-12 22:56:00,79.9
2025-06-12 02:48:00,85.0
2025-06-12 07:02:00,5.5
2025-06-12 14:09:00,21.0
2025-06-12 09:19:00,33.8
2025-06-12 07:03:00,49.947505013566115
2025-06-12 10:41:00,32.6
2025-06-12 19:09:00,22.0
2025-06-12 18:37:00,42.4
2025-06-12 00:43:00,36.9
2025-06-12 16:33:00,22.6
2025-06-12 20:01:00,49.947505013566115
2025-06-12 03:26:00,69.8
2025-06-12 15:20:00,27.4
2025-06-12 05:27:00,60.3
2025-06-12 18:35:00,69.0
2025-06-12 14:05:00,67.7
2025-06-12 18:46:00,49.947505013566115
2025-06-12 17:11:00,55.3
2025-06-12 03:35:00,49.947505013566115
2025-06-12 05:43:00,6.8
2025-06-12 10:06:00,45.5
2025-06-12 05:01:00,49.947505013566115
2025-06-12 19:17:00,98.5
2025-06-12 16:46:00,29.2
2025-06-12 05:38:00,4.3
2025-06-12 07:50:00,63.7
2025-06-12 21:06:00,89.7
2025-06-12 06:52:00,77.2
2025-06-12 08:59:00,49.947505013566115
2025-06-12 21:06:00,33.4
2025-06-12 06:57:00,49.947505013566115
2025-06-12 06:58:00,92.8
2025-06-12 23:31:00,13.3
2025-06-12 01:08:00,49.947505013566115
2025-06-12 00:17:00,55.7
2025-06-12 10:53:00,1.9
2025-06-12 09:09:00,12.7
2025-06-12 04:46:00,49.947505013566115
2025-06-12 05:12:00,61.2
2025-06-12 16:30:00,45.3
2025-06-12 09:33:00,49.947505013566115
2025-06-12 08:12:00,34.4
2025-06-12 22:25:00,49.947505013566115
2025-06-12 06:17:00,16.7
2025-06-12 23:08:00,61.7
2025-06-12 04:19:00,17.3
2025-06-12 01:15:00,30.4
2025-06-12 07:11:00,37.8
2025-06-12 06:04:00,16.6
2025-06-12 01:05:00,17.9
2025-06-12 01:39:00,36.5
2025-06-12 21:34:00,85.5
2025-06-12 03:28:00,68.3
2025-06-12 21:52:00,49.947505013566115
2025-06-12 12:47:00,89.0
2025-06-12 07:13:00,1.3
2025-06-12 19:45:00,78.4
2025-06-12 03:37:00,31.2
2025-06-12 01:30:00,49.947505013566115
2025-06-12 17:51:00,39.1
2025-06-12 19:06:00,50.7
2025-06-12 12:06:00,19.5
2025-06-12 01:40:00,49.947505013566115
2025-06-12 21:09:00,63.9
2025-06-12 12:20:00,20.5
2025-06-12 14:11:00,71.4
2025-06-12 10:43:00,49.947505013566115
2025-06-12 13:02:00,68.6
2025-06-12 17:22:00,1.0
2025-06-12 15:56:00,77.6
2025-06-12 10:40:00,91.7
2025-06-12 19:15:00,80.6
2025-06-12 02:58:00,27.2
2025-06-12 07:25:00,8.9
2025-06-12 19:51:00,39.3
2025-06-12 12:59:00,11.0
2025-06-12 03:31:00,50.1
2025-06-12 15:43:00,63.1
2025-06-12 19:03:00,5.1
2025-06-12 23:06:00,71.0
2025-06-12 08:07:00,81.3
2025-06-12 20:51:00,89.8
2025-06-12 11:20:00,76.5
2025-06-12 02:17:00,6.5
2025-06-12 01:56:00,80.7
2025-06-12 16:34:00,93.9
2025-06-12 09:44:00,49.947505013566115
2025-06-12 09:53:00,49.947505013566115
2025-06-12 08:19:00,12.1
2025-06-12 16:27:00,67.5
2025-06-12 20:42:00,21.5
2025-06-12 12:36:00,78.4
2025-06-12 23:42:00,56.0
2025-06-12 00:03:00,49.947505013566115
2025-06-12 00:35:00,8.5
2025-06-12 05:29:00,12.7
2025-06-12 12:53:00,73.7
2025-06-12 12:56:00,9.1
2025-06-12 21:31:00,5.6
2025-06-12 05:48:00,3.8
2025-06-12 04:19:00,32.9
2025-06-12 19:23:00,51.2
2025-06-12 18:46:00,49.947505013566115
2025-06-12 07:03:00,1.5
2025-06-12 23:32:00,64.7
2025-06-12 00:19:00,28.2
2025-06-12 17:51:00,68.5
2025-06-12 05:22:00,3.9
2025-06-12 21:31:00,49.947505013566115
2025-06-12 10:16:00,49.947505013566115
2025-06-12 20:29:00,53.0
2025-06-12 23:36:00,43.3
2025-06-12 10:39:00,25.1
2025-06-12 20:56:00,1.0
2025-06-12 22:27:00,22.6
2025-06-12 17:22:00,6.0
2025-06-12 02:00:00,49.947505013566115
2025-06-12 09:48:00,79.3
2025-06-12 00:27:00,86.0
2025-06-12 22:08:00,5.6
2025-06-12 18:03:00,86.9
2025-06-12 17:30:00,7.6
2025-06-12 22:53:00,49.5
2025-06-12 14:39:00,49.947505013566115
2025-06-12 14:03:00,49.947505013566115
2025-06-12 23:09:00,29.9
2025-06-12 20:26:00,73.5
2025-06-12 15:38:00,49.947505013566115
2025-06-12 15:41:00,70.8
2025-06-12 05:28:00,83.0
2025-06-12 15:38:00,79.5
2025-06-12 19:47:00,49.947505013566115
2025-06-12 12:04:00,51.7
2025-06-12 08:03:00,30.5
2025-06-12 21:14:00,49.947505013566115
2025-06-12 11:26:00,41.3
2025-06-12 19:45:00,50.4
2025-06-12 14:43:00,49.947505013566115
2025-06-12 00:45:00,52.9
2025-06-12 08:56:00,2.7
2025-06-12 22:30:00,78.4
2025-06-12 12:06:00,84.5
2025-06-12 21:16:00,32.4
2025-06-12 01:02:00,81.1
2025-06-12 13:09:00,67.7
2025-06-12 05:46:00,97.8
2025-06-12 22:09:00,84.3
2025-06-12 03:21:00,84.9
2025-06-12 05:34:00,64.6
2025-06-12 18:50:00,42.3
2025-06-12 17:07:00,53.1
2025-06-12 00:28:00,49.947505013566115
2025-06-12 16:53:00,92.0
2025-06-12 06:09:00,84.3
2025-06-12 15:04:00,30.1
2025-06-12 14:21:00,24.9
2025-06-12 20:06:00,67.5
2025-06-12 19:36:00,8.2
2025-06-12 00:04:00,45.4
2025-06-12 14:50:00,42.6
2025-06-12 03:19:00,3.0
2025-06-12 14:59:00,5.3
2025-06-12 10:51:00,39.0
2025-06-12 06:04:00,80.7
2025-06-12 10:03:00,2.0
2025-06-12 14:02:00,49.947505013566115
2025-06-12 18:44:00,55.5
2025-06-12 22:15:00,89.0
2025-06-12 04:50:00,86.2
2025-06-12 13:40:00,15.3
2025-06-12 14:37:00,49.947505013566115
2025-06-12 17:12:00,72.0
2025-06-12 02:04:00,61.7
2025-06-12 02:40:00,19.4
2025-06-12 13:05:00,90.3
2025-06-12 09:49:00,60.1
2025-06-12 11:49:00,18.9
2025-06-12 01:44:00,16.3
2025-06-12 15:32:00,73.0
2025-06-12 12:54:00,63.9
2025-06-12 02:05:00,10.9
2025-06-12 06:01:00,54.3
2025-06-12 15:46:00,76.4
2025-06-12 10:35:00,3.6
2025-06-12 04:33:00,49.947505013566115
2025-06-12 00:46:00,96.2
2025-06-12 18:24:00,49.947505013566115
2025-06-12 14:39:00,61.7
2025-06-12 14:05:00,63.0
2025-06-12 00:10:00,4.3
2025-06-12 18:04:00,82.5
2025-06-12 06:52:00,85.8
2025-06-12 21:15:00,15.7
2025-06-12 10:05:00,11.1
2025-06-12 12:05:00,76.4
2025-06-12 20:04:00,39.4
2025-06-12 10:44:00,49.947505013566115
2025-06-12 13:31:00,56.1
2025-06-12 16:50:00,98.3
2025-06-12 04:48:00,41.7
2025-06-12 02:19:00,3.6
2025-06-12 11:56:00,37.4
2025-06-12 15:08:00,74.0
2025-06-12 07:58:00,89.2
2025-06-12 12:28:00,81.2
2025-06-12 12:17:00,90.0
2025-06-12 04:14:00,32.2
2025-06-12 09:09:00,65.1
2025-06-12 00:02:00,84.8
2025-06-12 02:33:00,95.1
2025-06-12 20:32:00,57.1
2025-06-12 02:22:00,95.0
2025-06-12 00:19:00,49.947505013566115
2025-06-12 03:41:00,25.8
2025-06-12 00:12:00,36.3
2025-06-12 12:24:00,63.9
2025-06-12 20:18:00,49.947505013566115
2025-06-12 09:38:00,44.5
2025-06-12 05:22:00,95.8
2025-06-12 11:52:00,49.947505013566115
2025-06-12 23:35:00,43.0
2025-06-12 17:48:00,41.1
2025-06-12 16:44:00,96.7
2025-06-12 00:54:00,57.9
2025-06-12 19:07:00,49.947505013566115
2025-06-12 04:09:00,41.8
2025-06-12 22:18:00,49.947505013566115
2025-06-12 16:45:00,38.3
2025-06-12 02:19:00,72.3
2025-06-12 04:33:00,95.3
2025-06-12 07:58:00,93.5
2025-06-12 03:16:00,49.947505013566115
2025-06-12 19:37:00,48.0
2025-06-12 00:38:00,49.947505013566115
2025-06-12 14:33:00,13.7
2025-06-12 22:43:00,56.8
2025-06-12 21:05:00,96.9
2025-06-12 09:59:00,85.2
2025-06-12 14:52:00,49.947505013566115
2025-06-12 23:25:00,43.2
2025-06-12 18:57:00,77.9
2025-06-12 14:49:00,93.1
2025-06-12 11:01:00,42.3
2025-06-12 05:39:00,17.8
2025-06-12 16:26:00,59.0
2025-06-12 05:12:00,85.8
2025-06-12 23:23:00,8.2
2025-06-12 11:02:00,20.7
2025-06-12 19:01:00,5.1
2025-06-12 12:25:00,10.1
2025-06-12 18:27:00,7.4
2025-06-12 12:45:00,49.947505013566115
2025-06-12 06:43:00,30.4
2025-06-12 16:27:00,18.8
2025-06-12 17:00:00,49.947505013566115
2025-06-12 01:01:00,35.3
2025-06-12 21:23:00,70.7
2025-06-12 06:33:00,56.8
2025-06-12 10:22:00,19.1
2025-06-12 09:59:00,55.5
2025-06-12 21:07:00,20.8
2025-06-12 08:51:00,57.9
2025-06-12 21:55:00,76.3
2025-06-12 13:45:00,36.4
2025-06-12 15:09:00,96.8
2025-06-12 21:57:00,95.0
2025-06-12 08:43:00,32.4
2025-06-12 07:50:00,27.7
2025-06-12 04:55:00,91.6
2025-06-12 13:38:00,3.0
2025-06-12 09:53:00,49.0
2025-06-12 07:58:00,99.5
2025-06-12 00:05:00,50.31471380077256
2025-06-12 09:51:00,75.5
2025-06-12 15:19:00,49.4
2025-06-12 01:51:00,81.3
2025-06-12 03:21:00,22.5
2025-06-12 18:19:00,49.9
2025-06-12 10:03:00,58.9
2025-06-12 21:48:00,61.5
2025-06-12 22:41:00,7.7
2025-06-12 12:25:00,8.4
2025-06-12 17:47:00,50.31471380077256
2025-06-12 10:45:00,48.0
2025-06-12 01:00:00,65.6
2025-06-12 15:21:00,89.0
2025-06-12 02:34:00,36.8
2025-06-12 00:04:00,48.2
2025-06-12 23:07:00,40.3
2025-06-12 06:32:00,16.0
2025-06-12 14:32:00,50.31471380077256
2025-06-12 19:39:00,15.6
2025-06-12 13:19:00,50.31471380077256
2025-06-12 19:02:00,92.7
2025-06-12 06:54:00,7.1
2025-06-12 01:00:00,93.0
2025-06-12 10:01:00,23.8
2025-06-12 13:44:00,87.3
2025-06-12 14:38:00,4.8
2025-06-12 00:54:00,78.2
2025-06-12 22:29:00,98.0
2025-06-12 15:23:00,50.31471380077256
2025-06-12 18:06:00,2.2
2025-06-12 12:56:00,99.4
2025-06-12 06:13:00,50.31471380077256
2025-06-12 07:58:00,50.31471380077256
2025-06-12 13:17:00,72.9
2025-06-12 18:54:00,54.9
2025-06-12 15:27:00,68.2
2025-06-12 00:26:00,21.2
2025-06-12 00:41:00,3.9
2025-06-12 22:54:00,92.1
2025-06-12 12:15:00,51.2
2025-06-12 07:55:00,37.2
2025-06-12 21:08:00,50.31471380077256
2025-06-12 06:29:00,98.2
2025-06-12 20:47:00,92.8
2025-06-12 02:00:00,70.2
2025-06-12 07:29:00,53.7
2025-06-12 00:50:00,66.4
2025-06-12 07:08:00,40.9
2025-06-12 00:26:00,67.1
2025-06-12 06:33:00,4.0
2025-06-12 07:02:00,90.4
2025-06-12 06:12:00,19.4
2025-06-12 22:27:00,93.3
2025-06-12 03:52:00,50.31471380077256
2025-06-12 18:37:00,6.7
2025-06-12 14:07:00,23.4
2025-06-12 06:37:00,46.4
2025-06-12 11:15:00,11.2
2025-06-12 11:10:00,14.3
2025-06-12 15:25:00,55.9
2025-06-12 12:33:00,75.5
2025-06-12 15:42:00,75.6
2025-06-12 18:15:00,37.7
2025-06-12 01:59:00,50.31471380077256
2025-06-12 05:26:00,29.0
2025-06-12 10:55:00,50.31471380077256
2025-06-12 14:37:00,10.0
2025-06-12 04:25:00,95.0
2025-06-12 13:17:00,87.8
2025-06-12 09:27:00,23.1
2025-06-12 07:27:00,50.31471380077256
2025-06-12 21:12:00,50.31471380077256
2025-06-12 22:41:00,50.31471380077256
2025-06-12 18:48:00,5.1
2025-06-12 23:05:00,28.2
2025-06-12 14:35:00,37.8
2025-06-12 01:39:00,70.9
2025-06-12 07:59:00,41.0
2025-06-12 23:59:00,16.0
2025-06-12 00:58:00,80.9
2025-06-12 07:04:00,54.9
2025-06-12 21:23:00,26.9
2025-06-12 13:59:00,50.31471380077256
2025-06-12 11:55:00,46.3
2025-06-12 15:37:00,31.9
2025-06-12 07:11:00,44.8
2025-06-12 08:29:00,76.8
2025-06-12 14:35:00,50.31471380077256
2025-06-12 19:07:00,89.5
2025-06-12 17:52:00,50.31471380077256
2025-06-12 03:18:00,3.7
2025-06-12 05:33:00,15.4
2025-06-12 03:11:00,57.6
2025-06-12 09:08:00,68.0
2025-06-12 18:30:00,14.5
2025-06-12 22:36:00,72.6
2025-06-12 12:34:00,60.7
2025-06-12 22:48:00,85.2
2025-06-12 16:47:00,28.1
2025-06-12 18:14:00,48.1
2025-06-12 09:21:00,73.8
2025-06-12 01:44:00,26.2
2025-06-12 21:15:00,63.1
2025-06-12 11:24:00,50.31471380077256
2025-06-12 19:32:00,45.0
2025-06-12 05:36:00,50.31471380077256
2025-06-12 11:49:00,1.3
2025-06-12 10:20:00,50.31471380077256
2025-06-12 22:57:00,83.0
2025-06-12 06:00:00,45.2
2025-06-12 17:59:00,41.8
2025-06-12 13:01:00,39.8
2025-06-12 05:40:00,28.4
2025-06-12 15:10:00,84.8
2025-06-12 02:43:00,84.9
2025-06-12 12:39:00,93.0
2025-06-12 04:48:00,43.0
2025-06-12 01:45:00,8.4
2025-06-12 03:56:00,83.7
2025-06-12 16:57:00,12.9
2025-06-12 23:08:00,86.7
2025-06-12 10:26:00,26.8
2025-06-12 07:03:00,50.31471380077256
2025-06-12 22:35:00,3.7
2025-06-12 22:41:00,96.3
2025-06-12 19:14:00,71.8
2025-06-12 05:04:00,70.4
2025-06-12 18:43:00,73.7
2025-06-12 19:11:00,0.7
2025-06-12 14:00:00,26.1
2025-06-12 10:19:00,42.2
2025-06-12 05:04:00,29.6
2025-06-12 06:59:00,60.4
2025-06-12 23:54:00,45.7
2025-06-12 14:24:00,59.0
2025-06-12 11:37:00,59.2
2025-06-12 00:44:00,80.8
2025-06-12 22:39:00,6.2
2025-06-12 13:50:00,34.6
2025-06-12 06:18:00,82.8
2025-06-12 21:51:00,50.31471380077256
2025-06-12 23:36:00,5.1
2025-06-12 02:17:00,63.0
2025-06-12 08:25:00,50.31471380077256
2025-06-12 20:23:00,88.1
2025-06-12 14:23:00,35.7
2025-06-12 16:33:00,67.0
2025-06-12 04:16:00,6.5
2025-06-12 06:55:00,94.3
2025-06-12 10:37:00,50.31471380077256
2025-06-12 23:13:00,28.7
2025-06-12 18:38:00,87.3
2025-06-12 23:08:00,1.2
2025-06-12 14:01:00,55.2
2025-06-12 16:24:00,19.4
2025-06-12 09:49:00,44.4
2025-06-12 22:39:00,0.6
2025-06-12 01:08:00,81.5
2025-06-12 18:16:00,9.1
2025-06-12 16:29:00,44.7
2025-06-12 09:23:00,97.6
2025-06-12 18:35:00,50.31471380077256
2025-06-12 22:21:00,83.6
2025-06-12 18:32:00,27.1
2025-06-12 02:52:00,8.0
2025-06-12 12:06:00,37.9
2025-06-12 20:04:00,65.2
2025-06-12 15:29:00,83.4
2025-06-12 08:07:00,73.3
2025-06-12 07:23:00,50.8
2025-06-12 00:29:00,35.5
2025-06-12 12:46:00,37.4
2025-06-12 18:52:00,19.0
2025-06-12 00:28:00,50.31471380077256
2025-06-12 03:37:00,68.4
2025-06-12 12:44:00,58.6
2025-06-12 12:47:00,32.7
2025-06-12 09:58:00,3.4
2025-06-12 07:22:00,42.7
2025-06-12 21:18:00,13.7
2025-06-12 10:33:00,50.31471380077256
2025-06-12 17:09:00,1.0
2025-06-12 03:48:00,68.1
2025-06-12 02:06:00,50.31471380077256
2025-06-12 04:03:00,7.4
2025-06-12 06:14:00,22.9
2025-06-12 15:48:00,63.9
2025-06-12 07:34:00,92.9
2025-06-12 06:30:00,48.7
2025-06-12 11:27:00,64.0
2025-06-12 16:43:00,20.6
2025-06-12 07:08:00,59.6
2025-06-12 23:29:00,66.7
2025-06-12 01:57:00,76.5
2025-06-12 21:51:00,50.31471380077256
2025-06-12 20:58:00,65.8
2025-06-12 09:15:00,59.3
2025-06-12 06:13:00,23.1
2025-06-12 19:23:00,40.4
2025-06-12 08:54:00,50.31471380077256
2025-06-12 18:17:00,11.0
2025-06-12 03:58:00,95.6
2025-06-12 05:36:00,51.6
2025-06-12 04:17:00,99.5
2025-06-12 13:52:00,69.5
2025-06-12 20:18:00,62.2
2025-06-12 00:04:00,59.8
2025-06-12 08:41:00,69.1
2025-06-12 08:02:00,37.7
2025-06-12 06:41:00,13.9
2025-06-12 14:52:00,53.8
2025-06-12 23:14:00,55.2
2025-06-12 09:16:00,37.2
2025-06-12 03:16:00,74.3
2025-06-12 21:50:00,30.9
2025-06-12 18:48:00,22.0
2025-06-12 13:37:00,84.5
2025-06-12 23:48:00,53.4
2025-06-12 09:51:00,50.31471380077256
2025-06-12 04:10:00,98.2
2025-06-12 18:04:00,50.31471380077256
2025-06-12 20:29:00,66.3
2025-06-12 03:54:00,6.6
2025-06-12 20:29:00,96.1
2025-06-12 11:48:00,38.9
2025-06-12 01:39:00,93.9
2025-06-12 18:51:00,36.3
2025-06-12 20:46:00,89.8
2025-06-12 01:38:00,30.8
2025-06-12 18:41:00,42.2
2025-06-12 18:37:00,20.4
2025-06-12 09:34:00,16.7
2025-06-12 06:14:00,50.31471380077256
2025-06-12 06:58:00,51.0
2025-06-12 12:52:00,95.4
2025-06-12 06:46:00,52.3
2025-06-12 10:50:00,14.9
2025-06-12 17:18:00,50.31471380077256
2025-06-12 23:47:00,10.7
2025-06-12 17:25:00,50.4
2025-06-12 11:51:00,24.3
2025-06-12 11:19:00,24.5
2025-06-12 10:57:00,50.31471380077256
2025-06-12 19:25:00,50.31471380077256
2025-06-12 13:08:00,30.8
2025-06-12 17:39:00,50.31471380077256
2025-06-12 23:38:00,19.4
2025-06-12 00:41:00,78.8
2025-06-12 02:56:00,11.4
2025-06-12 16:19:00,79.8
2025-06-12 01:43:00,1.3
2025-06-12 03:03:00,78.8
2025-06-12 12:10:00,44.0
2025-06-12 10:13:00,1.8
2025-06-12 02:24:00,50.31471380077256
2025-06-12 07:37:00,64.0
2025-06-12 06:26:00,68.8
2025-06-12 00:32:00,90.8
2025-06-12 19:53:00,26.7
2025-06-12 18:34:00,86.1
2025-06-12 10:46:00,19.7
2025-06-12 16:08:00,71.7
2025-06-12 15:45:00,18.4
2025-06-12 12:25:00,79.5
2025-06-12 05:58:00,67.1
2025-06-12 02:43:00,72.4
2025-06-12 00:39:00,40.7
2025-06-12 19:28:00,22.3
2025-06-12 23:47:00,29.6
2025-06-12 21:43:00,86.4
2025-06-12 08:29:00,65.5
2025-06-12 03:12:00,50.31471380077256
2025-06-12 13:33:00,56.4
2025-06-12 13:30:00,9.5
2025-06-12 02:57:00,17.9
2025-06-12 05:15:00,61.5
2025-06-12 22:21:00,74.5
2025-06-12 03:21:00,95.2
2025-06-12 12:25:00,43.5
2025-06-12 17:22:00,3.9
2025-06-12 21:57:00,73.8
2025-06-12 14:01:00,10.3
2025-06-12 07:57:00,97.9
2025-06-12 18:55:00,93.0
2025-06-12 16:44:00,84.6
2025-06-12 01:43:00,50.31471380077256
2025-06-12 10:43:00,39.2
2025-06-12 01:16:00,78.1
2025-06-12 19:23:00,38.0
2025-06-12 00:12:00,26.3
2025-06-12 16:59:00,50.31471380077256
2025-06-12 23:00:00,50.31471380077256
2025-06-12 14:43:00,88.9
2025-06-12 17:53:00,20.1
2025-06-12 10:54:00,50.4
2025-06-12 23:51:00,84.3
2025-06-12 15:47:00,43.3
2025-06-12 18:08:00,23.8
2025-06-12 13:59:00,50.31471380077256
2025-06-12 00:07:00,20.8
2025-06-12 06:14:00,85.3
2025-06-12 09:33:00,43.0
2025-06-12 00:52:00,72.7
2025-06-12 12:02:00,43.2
2025-06-12 17:18:00,3.2
2025-06-12 01:29:00,55.4
2025-06-12 21:39:00,41.2
2025-06-12 07:06:00,26.9
2025-06-12 07:52:00,7.5
2025-06-12 07:00:00,48.5
2025-06-12 16:08:00,46.9
2025-06-12 18:23:00,45.3
2025-06-12 05:33:00,47.2
2025-06-12 13:15:00,50.31471380077256
2025-06-12 18:42:00,16.7
2025-06-12 16:22:00,28.7
2025-06-12 06:54:00,78.1
2025-06-12 20:22:00,32.2
2025-06-12 01:10:00,23.5
2025-06-12 11:19:00,89.1
2025-06-12 20:50:00,21.9
2025-06-12 13:14:00,9.2
2025-06-12 13:00:00,51.9
2025-06-12 00:12:00,37.8
2025-06-12 09:01:00,33.5
2025-06-12 20:01:00,40.5
2025-06-12 18:43:00,11.4
2025-06-12 01:30:00,5.1
2025-06-12 04:52:00,73.0
2025-06-12 19:36:00,49.873700916999766
2025-06-12 13:26:00,49.873700916999766
2025-06-12 16:55:00,34.9
2025-06-12 05:42:00,53.3
2025-06-12 01:34:00,83.7
2025-06-12 17:11:00,24.1
2025-06-12 22:04:00,65.4
2025-06-12 14:06:00,26.5
2025-06-12 03:51:00,68.6
2025-06-12 22:25:00,1.3
2025-06-12 20:49:00,52.0
2025-06-12 14:24:00,63.9
2025-06-12 00:52:00,15.4
2025-06-12 08:08:00,76.5
2025-06-12 13:00:00,49.873700916999766
2025-06-12 01:43:00,9.2
2025-06-12 19:38:00,34.8
2025-06-12 15:18:00,15.7
2025-06-12 19:57:00,49.873700916999766
2025-06-12 08:09:00,66.1
2025-06-12 10:17:00,28.0
2025-06-12 13:54:00,49.873700916999766
2025-06-12 07:45:00,49.873700916999766
2025-06-12 11:14:00,81.0
2025-06-12 14:38:00,15.8
2025-06-12 13:44:00,53.6
2025-06-12 15:28:00,49.873700916999766
2025-06-12 08:35:00,81.1
2025-06-12 07:38:00,82.4
2025-06-12 08:36:00,49.873700916999766
2025-06-12 21:08:00,92.8
2025-06-12 15:55:00,24.4
2025-06-12 09:05:00,65.6
2025-06-12 02:11:00,5.3
2025-06-12 18:17:00,46.1
2025-06-12 11:48:00,97.6
2025-06-12 00:10:00,66.9
2025-06-12 19:49:00,68.7
2025-06-12 04:44:00,49.873700916999766
2025-06-12 06:46:00,49.873700916999766
2025-06-12 06:11:00,84.1
2025-06-12 01:29:00,35.1
2025-06-12 14:51:00,9.7
2025-06-12 03:32:00,36.2
2025-06-12 21:30:00,39.4
2025-06-12 20:02:00,95.7
2025-06-12 09:11:00,50.5
2025-06-12 01:23:00,52.5
2025-06-12 08:10:00,22.3
2025-06-12 11:43:00,41.4
2025-06-12 14:00:00,80.4
2025-06-12 12:32:00,73.8
2025-06-12 11:24:00,93.4
2025-06-12 11:00:00,2.9
2025-06-12 11:00:00,63.3
2025-06-12 23:15:00,65.2
2025-06-12 00:57:00,68.0
2025-06-12 15:46:00,87.4
2025-06-12 10:20:00,55.6
2025-06-12 08:58:00,49.873700916999766
2025-06-12 22:58:00,52.3
2025-06-12 21:58:00,50.5
2025-06-12 16:42:00,2.0
2025-06-12 09:39:00,64.1
2025-06-12 15:37:00,26.2
2025-06-12 14:38:00,49.873700916999766
2025-06-12 17:12:00,18.4
2025-06-12 06:02:00,89.5
2025-06-12 13:24:00,19.4
2025-06-12 19:03:00,32.5
2025-06-12 05:26:00,88.3
2025-06-12 01:26:00,54.7
2025-06-12 02:56:00,23.4
2025-06-12 10:09:00,3.0
2025-06-12 13:42:00,47.8
2025-06-12 17:08:00,80.4
2025-06-12 00:48:00,45.1
2025-06-12 12:53:00,88.9
2025-06-12 20:33:00,49.7
2025-06-12 17:59:00,46.9
2025-06-12 01:53:00,69.6
2025-06-12 09:41:00,68.6
2025-06-12 10:51:00,63.4
2025-06-12 04:58:00,49.873700916999766
2025-06-12 14:12:00,51.5
2025-06-12 13:17:00,88.2
2025-06-12 20:55:00,38.1
2025-06-12 17:41:00,42.7
2025-06-12 10:30:00,64.8
2025-06-12 00:22:00,37.7
2025-06-12 04:01:00,4.1
2025-06-12 08:37:00,82.0
2025-06-12 02:13:00,64.5
2025-06-12 13:29:00,69.3
2025-06-12 09:08:00,57.7
2025-06-12 12:34:00,19.5
2025-06-12 16:40:00,7.4
2025-06-12 11:35:00,59.8
2025-06-12 06:13:00,98.4
2025-06-12 12:41:00,40.4
2025-06-12 13:43:00,80.4
2025-06-12 18:06:00,32.6
2025-06-12 09:23:00,84.6
2025-06-12 20:13:00,87.3
2025-06-12 12:50:00,76.8
2025-06-12 05:33:00,49.873700916999766
2025-06-12 01:53:00,90.9
2025-06-12 19:43:00,33.9
2025-06-12 12:02:00,8.1
2025-06-12 09:03:00,82.5
2025-06-12 22:49:00,79.5
2025-06-12 18:55:00,52.4
2025-06-12 18:52:00,49.873700916999766
2025-06-12 16:53:00,14.7
2025-06-12 23:06:00,69.8
2025-06-12 23:28:00,41.8
2025-06-12 05:01:00,17.5
2025-06-12 14:13:00,55.0
2025-06-12 19:54:00,6.0
2025-06-12 04:42:00,0.1
2025-06-12 06:27:00,11.9
2025-06-12 03:43:00,49.873700916999766
2025-06-12 02:08:00,71.2
2025-06-12 13:59:00,48.4
2025-06-12 04:31:00,57.5
2025-06-12 11:04:00,49.873700916999766
2025-06-12 20:45:00,81.5
2025-06-12 19:41:00,84.2
2025-06-12 10:55:00,49.873700916999766
2025-06-12 10:39:00,49.873700916999766
2025-06-12 11:37:00,70.0
2025-06-12 03:32:00,2.1
2025-06-12 07:03:00,49.873700916999766
2025-06-12 02:38:00,52.8
2025-06-12 11:27:00,5.3
2025-06-12 15:06:00,49.873700916999766
2025-06-12 09:56:00,54.7
2025-06-12 02:25:00,49.873700916999766
2025-06-12 10:13:00,10.0
2025-06-12 22:31:00,29.5
2025-06-12 08:00:00,61.8
2025-06-12 22:56:00,16.0
2025-06-12 05:10:00,1.2
2025-06-12 19:08:00,0.7
2025-06-12 16:24:00,49.873700916999766
2025-06-12 17:27:00,58.0
2025-06-12 11:11:00,17.2
2025-06-12 21:47:00,49.873700916999766
2025-06-12 13:44:00,11.0
2025-06-12 13:12:00,80.3
2025-06-12 08:18:00,47.8
2025-06-12 01:25:00,3.2
2025-06-12 18:12:00,29.9
2025-06-12 11:38:00,26.3
2025-06-12 14:34:00,44.8
2025-06-12 20:21:00,76.7
2025-06-12 18:18:00,3.4
2025-06-12 01:02:00,73.9
2025-06-12 01:35:00,52.0
2025-06-12 02:53:00,6.5
2025-06-12 18:48:00,23.2
2025-06-12 14:57:00,86.5
2025-06-12 20:46:00,91.0
2025-06-12 09:47:00,39.9
2025-06-12 02:50:00,49.873700916999766
2025-06-12 14:37:00,49.873700916999766
2025-06-12 00:44:00,26.0
2025-06-12 01:00:00,68.7
2025-06-12 20:46:00,34.1
2025-06-12 15:04:00,93.0
2025-06-12 01:07:00,20.0
2025-06-12 17:33:00,78.9
2025-06-12 22:33:00,12.1
2025-06-12 04:37:00,49.873700916999766
2025-06-12 17:00:00,34.8
2025-06-12 08:41:00,8.0
2025-06-12 23:10:00,2.5
2025-06-12 12:59:00,96.9
2025-06-12 05:04:00,56.2
2025-06-12 15:49:00,66.6
2025-06-12 08:14:00,4.0
2025-06-12 01:47:00,56.4
2025-06-12 05:01:00,49.873700916999766
2025-06-12 02:20:00,75.3
2025-06-12 10:31:00,50.3
2025-06-12 11:42:00,69.9
2025-06-12 18:26:00,74.7
2025-06-12 13:11:00,99.8
2025-06-12 15:06:00,49.873700916999766
2025-06-12 18:33:00,75.4
2025-06-12 23:26:00,3.8
2025-06-12 16:19:00,71.5
2025-06-12 11:09:00,6.4
2025-06-12 14:34:00,61.9
2025-06-12 07:11:00,78.8
2025-06-12 11:04:00,68.1
2025-06-12 19:12:00,82.5
2025-06-12 16:51:00,16.3
2025-06-12 23:34:00,1.2
2025-06-12 16:29:00,76.5
2025-06-12 18:17:00,28.9
2025-06-12 18:47:00,42.0
2025-06-12 08:09:00,86.7
2025-06-12 19:52:00,22.6
2025-06-12 00:37:00,86.5
2025-06-12 11:26:00,19.6
2025-06-12 13:17:00,49.873700916999766
2025-06-12 16:43:00,63.4
2025-06-12 07:49:00,53.8
2025-06-12 21:03:00,28.8
2025-06-12 08:47:00,50.3
2025-06-12 02:53:00,28.2
2025-06-12 14:20:00,45.1
2025-06-12 10:13:00,35.6
2025-06-12 20:29:00,58.4
2025-06-12 18:09:00,85.2
2025-06-12 13:52:00,4.1
2025-06-12 22:02:00,49.1
2025-06-12 17:59:00,22.3
2025-06-12 00:45:00,29.9
2025-06-12 21:25:00,93.9
2025-06-12 06:11:00,83.4
2025-06-12 02:33:00,19.1
2025-06-12 18:56:00,87.5
2025-06-12 04:03:00,6.9
2025-06-12 08:27:00,83.7
2025-06-12 01:33:00,45.3
2025-06-12 17:43:00,17.1
2025-06-12 15:03:00,67.5
2025-06-12 11:31:00,34.0
2025-06-12 18:46:00,45.7
2025-06-12 00:31:00,80.9
2025-06-12 16:05:00,74.6
2025-06-12 20:19:00,49.873700916999766
2025-06-12 11:29:00,49.873700916999766
2025-06-12 13:08:00,64.9
2025-06-12 01:19:00,49.873700916999766
2025-06-12 11:24:00,34.7
2025-06-12 03:36:00,12.2
2025-06-12 23:19:00,95.5
2025-06-12 05:04:00,68.5
2025-06-12 07:48:00,38.6
2025-06-12 18:23:00,25.7
2025-06-12 22:17:00,16.6
2025-06-12 06:02:00,49.873700916999766
2025-06-12 06:08:00,91.2
2025-06-12 17:42:00,1.8
2025-06-12 14:46:00,80.2
2025-06-12 13:39:00,11.9
2025-06-12 21:11:00,66.9
2025-06-12 00:29:00,46.2
2025-06-12 11:05:00,36.3
2025-06-12 03:19:00,70.4
2025-06-12 12:15:00,71.4
2025-06-12 19:46:00,35.3
2025-06-12 03:25:00,28.2
2025-06-12 07:39:00,49.5
2025-06-12 05:43:00,45.7
2025-06-12 01:42:00,21.8
2025-06-12 02:02:00,49.873700916999766
2025-06-12 06:35:00,83.0
2025-06-12 05:09:00,17.5
2025-06-12 22:24:00,34.7
2025-06-12 05:19:00,11.0
2025-06-12 09:26:00,94.6
2025-06-12 13:06:00,91.6
2025-06-12 16:40:00,82.6
2025-06-12 23:07:00,88.7
2025-06-12 03:08:00,15.9
2025-06-12 10:50:00,88.0
2025-06-12 21:11:00,55.0
2025-06-12 00:15:00,21.2
2025-06-12 03:59:00,22.6
2025-06-12 03:41:00,4.6
2025-06-12 03:36:00,51.4
2025-06-12 12:34:00,43.5
2025-06-12 11:33:00,31.2
2025-06-12 09:43:00,90.0
2025-06-12 00:24:00,69.8
2025-06-12 07:15:00,74.2
2025-06-12 17:31:00,42.1
2025-06-12 08:44:00,20.4
2025-06-12 02:10:00,12.0
2025-06-12 00:23:00,53.1
2025-06-12 09:38:00,49.873700916999766
2025-06-12 13:17:00,38.9
2025-06-12 05:45:00,23.2
2025-06-12 14:35:00,17.9
2025-06-12 16:13:00,35.3
2025-06-12 05:14:00,60.1
2025-06-12 11:17:00,97.9
2025-06-12 20:43:00,60.4
2025-06-12 01:58:00,62.5
2025-06-12 06:18:00,49.873700916999766
2025-06-12 01:15:00,82.1
2025-06-12 10:59:00,63.8
2025-06-12 23:07:00,45.7
2025-06-12 10:12:00,88.8
2025-06-12 20:48:00,56.1
2025-06-12 21:57:00,12.2
2025-06-12 17:51:00,95.6
2025-06-12 17:20:00,10.4
2025-06-12 03:49:00,65.8
2025-06-12 14:32:00,99.9
2025-06-12 22:36:00,36.5
2025-06-12 02:05:00,53.8
2025-06-12 14:26:00,37.8
2025-06-12 06:49:00,46.4
2025-06-12 00:41:00,14.5
2025-06-12 05:23:00,33.5
2025-06-12 13:37:00,94.0
2025-06-12 14:58:00,78.3
2025-06-12 13:04:00,66.8
2025-06-12 07:50:00,3.1
2025-06-12 11:04:00,82.2
2025-06-12 05:52:00,98.8
2025-06-12 15:04:00,19.2
2025-06-12 14:43:00,67.3
2025-06-12 01:41:00,21.0
2025-06-12 22:12:00,14.9
2025-06-12 21:01:00,11.0
2025-06-12 17:07:00,82.8
2025-06-12 12:35:00,84.0
2025-06-12 10:59:00,35.1
2025-06-12 20:12:00,49.660353652861794
2025-06-12 01:47:00,40.2
2025-06-12 15:12:00,47.1
2025-06-12 09:04:00,0.9
2025-06-12 18:18:00,58.1
2025-06-12 20:40:00,12.6
2025-06-12 11:06:00,87.0
2025-06-12 08:38:00,49.660353652861794
2025-06-12 06:46:00,1.0
2025-06-12 17:57:00,96.9
2025-06-12 07:25:00,63.5
2025-06-12 06:16:00,2.1
2025-06-12 04:06:00,76.0
2025-06-12 03:30:00,0.9
2025-06-12 19:35:00,49.660353652861794
2025-06-12 23:28:00,93.6
2025-06-12 04:32:00,49.660353652861794
2025-06-12 04:50:00,87.6
2025-06-12 17:17:00,73.0
2025-06-12 18:05:00,3.1
2025-06-12 11:37:00,50.2
2025-06-12 09:31:00,49.0
2025-06-12 12:37:00,76.6
2025-06-12 18:16:00,3.9
2025-06-12 11:22:00,82.6
2025-06-12 16:28:00,98.3
2025-06-12 13:02:00,54.6
2025-06-12 20:57:00,52.4
2025-06-12 14:36:00,22.2
2025-06-12 08:48:00,0.8
2025-06-12 06:06:00,59.4
2025-06-12 22:01:00,0.6
2025-06-12 22:48:00,49.660353652861794
2025-06-12 18:17:00,0.4
2025-06-12 12:37:00,70.6
2025-06-12 23:45:00,38.5
2025-06-12 05:43:00,49.660353652861794
2025-06-12 21:42:00,49.6
2025-06-12 22:14:00,49.660353652861794
2025-06-12 22:08:00,85.7
2025-06-12 14:20:00,70.7
2025-06-12 04:03:00,95.8
2025-06-12 03:31:00,88.8
2025-06-12 23:41:00,49.660353652861794
2025-06-12 12:38:00,29.8
2025-06-12 08:45:00,59.3
2025-06-12 19:24:00,61.1
2025-06-12 08:04:00,49.660353652861794
2025-06-12 07:02:00,43.2
2025-06-12 12:55:00,71.1
2025-06-12 10:52:00,59.7
2025-06-12 16:19:00,57.2
2025-06-12 00:21:00,49.660353652861794
2025-06-12 04:22:00,68.5
2025-06-12 10:31:00,75.0
2025-06-12 17:02:00,52.4
2025-06-12 22:36:00,96.5
2025-06-12 20:11:00,49.660353652861794
2025-06-12 08:51:00,1.8
2025-06-12 01:29:00,49.660353652861794
2025-06-12 13:02:00,49.660353652861794
2025-06-12 03:16:00,67.7
2025-06-12 08:25:00,53.0
2025-06-12 19:06:00,29.8
2025-06-12 17:02:00,13.4
2025-06-12 00:46:00,13.2
2025-06-12 03:30:00,58.4
2025-06-12 14:16:00,72.7
2025-06-12 18:44:00,48.2
2025-06-12 03:45:00,67.4
2025-06-12 08:59:00,92.8
2025-06-12 09:06:00,20.6
2025-06-12 21:44:00,24.2
2025-06-12 14:37:00,72.5
2025-06-12 12:05:00,40.2
2025-06-12 17:20:00,24.8
2025-06-12 06:54:00,62.2
2025-06-12 06:07:00,85.6
2025-06-12 06:11:00,1.9
2025-06-12 01:09:00,16.3
2025-06-12 06:49:00,89.9
2025-06-12 19:41:00,0.5
2025-06-12 03:02:00,52.0
2025-06-12 00:01:00,18.5
2025-06-12 16:33:00,81.1
2025-06-12 04:17:00,53.4
2025-06-12 21:14:00,49.660353652861794
2025-06-12 14:57:00,2.3
2025-06-12 05:17:00,78.7
2025-06-12 22:10:00,89.2
2025-06-12 10:04:00,66.8
2025-06-12 10:08:00,84.4
2025-06-12 20:45:00,48.5
2025-06-12 01:32:00,68.4
2025-06-12 06:43:00,14.3
2025-06-12 06:39:00,54.5
2025-06-12 16:34:00,63.6
2025-06-12 09:22:00,42.5
2025-06-12 16:29:00,6.5
2025-06-12 14:07:00,61.3
2025-06-12 23:24:00,49.660353652861794
2025-06-12 22:19:00,46.1
2025-06-12 12:41:00,70.2
2025-06-12 17:46:00,49.660353652861794
2025-06-12 08:19:00,14.5
2025-06-12 17:27:00,52.7
2025-06-12 04:27:00,49.660353652861794
2025-06-12 06:33:00,3.4
2025-06-12 15:38:00,68.6
2025-06-12 08:45:00,70.5
2025-06-12 12:22:00,27.4
2025-06-12 15:50:00,32.5
2025-06-12 13:36:00,23.1
2025-06-12 17:42:00,49.660353652861794
2025-06-12 07:08:00,91.1
2025-06-12 14:38:00,87.0
2025-06-12 11:05:00,57.5
2025-06-12 11:09:00,50.4
2025-06-12 12:03:00,44.1
2025-06-12 18:48:00,13.9
2025-06-12 13:27:00,49.6
2025-06-12 06:02:00,27.4
2025-06-12 06:44:00,66.3
2025-06-12 20:14:00,81.7
2025-06-12 20:52:00,34.7
2025-06-12 03:46:00,49.660353652861794
2025-06-12 19:34:00,52.0
2025-06-12 04:45:00,36.4
2025-06-12 07:04:00,13.8
2025-06-12 21:39:00,58.5
2025-06-12 20:52:00,60.7
2025-06-12 02:06:00,33.4
2025-06-12 23:18:00,61.7
2025-06-12 10:39:00,20.1
2025-06-12 19:11:00,3.2
2025-06-12 05:08:00,37.0
2025-06-12 01:49:00,17.4
2025-06-12 04:43:00,78.5
2025-06-12 21:04:00,71.0
2025-06-12 06:07:00,49.660353652861794
2025-06-12 06:10:00,41.4
2025-06-12 19:27:00,48.1
2025-06-12 23:25:00,80.7
2025-06-12 23:23:00,11.0
2025-06-12 00:04:00,18.2
2025-06-12 18:51:00,49.660353652861794
2025-06-12 07:19:00,16.3
2025-06-12 14:23:00,72.3
2025-06-12 15:40:00,19.3
2025-06-12 23:03:00,78.4
2025-06-12 06:14:00,79.2
2025-06-12 21:32:00,0.8
2025-06-12 11:42:00,64.9
2025-06-12 11:03:00,14.7
2025-06-12 05:08:00,49.660353652861794
2025-06-12 19:58:00,94.7
2025-06-12 14:39:00,49.660353652861794
2025-06-12 15:08:00,98.0
2025-06-12 06:13:00,52.7
2025-06-12 19:21:00,32.1
2025-06-12 00:59:00,49.660353652861794
2025-06-12 04:32:00,8.4
2025-06-12 18:50:00,49.660353652861794
2025-06-12 14:35:00,18.3
2025-06-12 08:15:00,56.1
2025-06-12 22:51:00,67.1
2025-06-12 14:30:00,28.6
2025-06-12 14:43:00,49.0
2025-06-12 09:18:00,91.7
2025-06-12 14:50:00,26.2
2025-06-12 14:08:00,61.3
2025-06-12 15:31:00,49.660353652861794
2025-06-12 10:43:00,78.7
2025-06-12 22:32:00,11.9
2025-06-12 13:59:00,64.9
2025-06-12 08:44:00,22.9
2025-06-12 05:16:00,49.660353652861794
2025-06-12 20:35:00,49.6
2025-06-12 13:14:00,49.660353652861794
2025-06-12 10:47:00,61.8
2025-06-12 19:49:00,15.4
2025-06-12 16:23:00,50.8
2025-06-12 18:37:00,37.2
2025-06-12 23:36:00,17.0
2025-06-12 13:17:00,49.660353652861794
2025-06-12 15:53:00,58.6
2025-06-12 01:46:00,49.660353652861794
2025-06-12 11:22:00,85.1
2025-06-12 07:55:00,24.9
2025-06-12 05:27:00,46.7
2025-06-12 09:46:00,82.1
2025-06-12 00:59:00,38.0
2025-06-12 21:35:00,55.6
2025-06-12 23:16:00,70.4
2025-06-12 16:54:00,92.3
2025-06-12 20:50:00,19.5
2025-06-12 11:35:00,95.4
2025-06-12 00:52:00,82.4
2025-06-12 02:45:00,29.8
2025-06-12 08:21:00,32.1
2025-06-12 10:30:00,28.2
2025-06-12 22:15:00,6.9
2025-06-12 21:24:00,41.5
2025-06-12 00:08:00,56.8
2025-06-12 06:58:00,26.6
2025-06-12 16:49:00,53.8
2025-06-12 17:25:00,86.6
2025-06-12 02:24:00,56.6
2025-06-12 02:56:00,36.9
2025-06-12 01:27:00,57.0
2025-06-12 15:41:00,49.660353652861794
2025-06-12 10:45:00,49.660353652861794
2025-06-12 06:34:00,61.8
2025-06-12 12:20:00,48.1
2025-06-12 07:49:00,96.1
2025-06-12 01:39:00,46.7
2025-06-12 11:27:00,99.3
2025-06-12 08:31:00,11.7
2025-06-12 07:16:00,38.1
2025-06-12 20:26:00,62.2
2025-06-12 19:48:00,49.660353652861794
2025-06-12 21:32:00,44.3
2025-06-12 16:42:00,55.0
2025-06-12 07:10:00,87.0
2025-06-12 02:39:00,8.9
2025-06-12 23:24:00,75.4
2025-06-12 11:40:00,58.6
2025-06-12 16:28:00,82.9
2025-06-12 15:28:00,24.5
2025-06-12 21:23:00,7.0
2025-06-12 00:14:00,20.4
2025-06-12 21:14:00,57.0
2025-06-12 16:48:00,73.9
2025-06-12 08:08:00,11.7
2025-06-12 07:59:00,86.8
2025-06-12 08:16:00,34.6
2025-06-12 01:25:00,2.0
2025-06-12 03:52:00,33.5
2025-06-12 23:19:00,49.9
2025-06-12 11:51:00,46.4
2025-06-12 18:48:00,7.5
2025-06-12 23:00:00,13.2
2025-06-12 08:35:00,49.660353652861794
2025-06-12 00:20:00,9.8
2025-06-12 20:00:00,58.4
2025-06-12 07:09:00,27.8
2025-06-12 15:47:00,73.4
2025-06-12 01:47:00,66.9
2025-06-12 22:41:00,77.4
2025-06-12 02:57:00,59.3
2025-06-12 10:36:00,7.7
2025-06-12 00:56:00,58.8
2025-06-12 21:43:00,49.660353652861794
2025-06-12 06:32:00,25.7
2025-06-12 16:34:00,98.3
2025-06-12 23:44:00,27.0
2025-06-12 03:49:00,17.2
2025-06-12 05:25:00,44.4
2025-06-12 09:55:00,67.5
2025-06-12 19:48:00,90.0
2025-06-12 10:03:00,55.3
2025-06-12 20:18:00,26.9
2025-06-12 08:03:00,7.4
2025-06-12 01:27:00,54.3
2025-06-12 12:44:00,95.6
2025-06-12 01:33:00,57.7
2025-06-12 22:51:00,53.2
2025-06-12 23:11:00,94.9
2025-06-12 02:22:00,89.8
2025-06-12 02:05:00,45.2
2025-06-12 13:27:00,65.1
2025-06-12 22:01:00,88.1
2025-06-12 18:37:00,32.6
2025-06-12 12:59:00,43.4
2025-06-12 23:03:00,78.3
2025-06-12 15:24:00,44.3
2025-06-12 10:07:00,30.2
2025-06-12 23:17:00,90.8
2025-06-12 07:53:00,81.9
2025-06-12 08:01:00,96.7
2025-06-12 18:17:00,7.7
2025-06-12 22:14:00,49.1
2025-06-12 22:32:00,60.7
2025-06-12 08:29:00,84.6
2025-06-12 13:19:00,81.2
2025-06-12 00:18:00,72.2
2025-06-12 09:37:00,78.7
2025-06-12 04:51:00,43.5
2025-06-12 10:31:00,49.660353652861794
2025-06-12 14:07:00,88.9
2025-06-12 09:56:00,34.1
2025-06-12 09:01:00,77.5
2025-06-12 06:29:00,49.660353652861794
2025-06-12 19:31:00,59.1
2025-06-12 11:14:00,34.0
2025-06-12 14:47:00,34.4
2025-06-12 20:38:00,33.3
2025-06-12 15:24:00,92.4
2025-06-12 09:53:00,61.8
2025-06-12 17:51:00,49.660353652861794
2025-06-12 07:20:00,57.9
2025-06-12 23:55:00,62.5
2025-06-12 04:44:00,88.2
2025-06-12 05:06:00,20.3
2025-06-12 23:27:00,34.3
2025-06-12 08:39:00,50.5
2025-06-12 04:16:00,76.5
2025-06-12 15:59:00,49.660353652861794
2025-06-12 15:33:00,33.8
2025-06-12 01:50:00,30.1
2025-06-12 23:00:00,18.3
2025-06-12 16:46:00,30.7
2025-06-12 20:20:00,22.0
2025-06-12 16:16:00,49.9804001872221
2025-06-12 20:04:00,64.6
2025-06-12 16:13:00,49.9804001872221
2025-06-12 18:00:00,67.9
2025-06-12 02:12:00,30.2
2025-06-12 20:06:00,49.9804001872221
2025-06-12 12:30:00,3.7
2025-06-12 13:07:00,49.9804001872221
2025-06-12 20:27:00,70.2
2025-06-12 08:44:00,17.2
2025-06-12 10:41:00,38.0
2025-06-12 02:58:00,49.9804001872221
2025-06-12 15:30:00,37.2
2025-06-12 14:07:00,10.2
2025-06-12 04:47:00,40.7
2025-06-12 14:07:00,91.2
2025-06-12 01:30:00,19.6
2025-06-12 23:35:00,49.9804001872221
2025-06-12 12:26:00,87.1
2025-06-12 19:04:00,61.7
2025-06-12 14:29:00,23.8
2025-06-12 09:48:00,19.5
2025-06-12 09:58:00,49.9804001872221
2025-06-12 01:33:00,31.8
2025-06-12 03:59:00,49.7
2025-06-12 15:31:00,35.3
2025-06-12 04:19:00,92.6
2025-06-12 21:10:00,49.9804001872221
2025-06-12 18:05:00,64.9
2025-06-12 02:22:00,49.9804001872221
2025-06-12 00:11:00,59.7
2025-06-12 17:01:00,86.8
2025-06-12 15:07:00,88.5
2025-06-12 01:19:00,88.5
2025-06-12 16:47:00,49.9804001872221
2025-06-12 05:36:00,67.0
2025-06-12 00:23:00,58.3
2025-06-12 09:45:00,24.2
2025-06-12 10:55:00,70.6
2025-06-12 13:21:00,49.9804001872221
2025-06-12 10:29:00,0.6
2025-06-12 09:38:00,62.7
2025-06-12 02:44:00,63.5
2025-06-12 17:31:00,28.3
2025-06-12 15:09:00,41.8
2025-06-12 08:41:00,49.9804001872221
2025-06-12 15:12:00,76.7
2025-06-12 07:08:00,43.1
2025-06-12 19:52:00,71.0
2025-06-12 09:15:00,61.4
2025-06-12 11:55:00,38.8
2025-06-12 07:48:00,49.9804001872221
2025-06-12 12:11:00,62.3
2025-06-12 08:41:00,81.6
2025-06-12 12:17:00,63.3
2025-06-12 02:09:00,65.1
2025-06-12 06:44:00,91.6
2025-06-12 08:09:00,1.5
2025-06-12 11:09:00,84.3
2025-06-12 09:51:00,78.3
2025-06-12 12:11:00,51.8
2025-06-12 23:36:00,94.9
2025-06-12 05:33:00,28.0
2025-06-12 02:51:00,90.6
2025-06-12 13:24:00,43.7
2025-06-12 11:02:00,49.9804001872221
2025-06-12 16:16:00,38.4
2025-06-12 00:58:00,8.3
2025-06-12 19:13:00,82.4
2025-06-12 17:29:00,82.9
2025-06-12 03:10:00,69.1
2025-06-12 02:52:00,51.1
2025-06-12 09:45:00,49.9804001872221
2025-06-12 08:04:00,39.0
2025-06-12 11:05:00,15.1
2025-06-12 21:25:00,37.1
2025-06-12 01:07:00,64.1
2025-06-12 18:59:00,43.5
2025-06-12 12:55:00,40.4
2025-06-12 08:33:00,40.4
2025-06-12 21:55:00,65.2
2025-06-12 12:10:00,18.0
2025-06-12 17:27:00,96.4
2025-06-12 10:36:00,91.2
2025-06-12 19:48:00,45.4
2025-06-12 08:24:00,5.2
2025-06-12 15:48:00,59.3
2025-06-12 23:40:00,91.6
2025-06-12 20:14:00,51.8
2025-06-12 02:38:00,17.9
2025-06-12 06:58:00,21.7
2025-06-12 03:47:00,13.1
2025-06-12 16:18:00,49.9804001872221
2025-06-12 03:51:00,60.8
2025-06-12 16:31:00,45.4
2025-06-12 07:03:00,69.6
2025-06-12 00:06:00,46.4
2025-06-12 00:51:00,63.9
2025-06-12 20:08:00,77.6
2025-06-12 12:15:00,75.3
2025-06-12 15:48:00,34.9
2025-06-12 15:33:00,33.9
2025-06-12 07:52:00,49.9804001872221
2025-06-12 03:46:00,52.5
2025-06-12 04:22:00,49.9804001872221
2025-06-12 01:00:00,11.1
2025-06-12 22:49:00,49.9804001872221
2025-06-12 04:20:00,29.1
2025-06-12 09:15:00,37.7
2025-06-12 09:13:00,9.8
2025-06-12 14:31:00,88.0
2025-06-12 19:06:00,50.8
2025-06-12 18:27:00,40.7
2025-06-12 22:48:00,75.6
2025-06-12 00:20:00,54.3
2025-06-12 19:50:00,88.2
2025-06-12 19:37:00,18.7
2025-06-12 07:06:00,65.1
2025-06-12 14:30:00,71.6
2025-06-12 06:06:00,88.6
2025-06-12 06:55:00,34.4
2025-06-12 02:18:00,21.4
2025-06-12 01:02:00,9.3
2025-06-12 05:00:00,84.6
2025-06-12 08:16:00,49.9804001872221
2025-06-12 18:29:00,12.7
2025-06-12 03:55:00,52.9
2025-06-12 10:30:00,41.4
2025-06-12 13:38:00,49.1
2025-06-12 23:49:00,27.8
2025-06-12 08:07:00,86.0
2025-06-12 16:13:00,49.9804001872221
2025-06-12 05:46:00,46.9
2025-06-12 00:30:00,6.4
2025-06-12 06:06:00,49.9804001872221
2025-06-12 18:56:00,76.6
2025-06-12 08:33:00,17.1
2025-06-12 00:28:00,76.7
2025-06-12 13:18:00,49.9804001872221
2025-06-12 05:30:00,45.3
2025-06-12 03:20:00,68.0
2025-06-12 15:54:00,55.9
2025-06-12 06:55:00,49.9804001872221
2025-06-12 21:31:00,49.9804001872221
2025-06-12 11:20:00,64.2
2025-06-12 00:36:00,77.3
2025-06-12 07:38:00,49.9804001872221
2025-06-12 19:45:00,24.5
2025-06-12 03:16:00,55.7
2025-06-12 18:46:00,72.3
2025-06-12 15:34:00,89.3
2025-06-12 14:20:00,49.9804001872221
2025-06-12 21:13:00,24.2
2025-06-12 22:01:00,87.9
2025-06-12 23:06:00,98.5
2025-06-12 12:00:00,14.4
2025-06-12 00:50:00,63.0
2025-06-12 05:07:00,82.8
2025-06-12 02:02:00,82.9
2025-06-12 23:34:00,61.3
2025-06-12 08:56:00,7.7
2025-06-12 08:54:00,78.3
2025-06-12 21:13:00,3.8
2025-06-12 03:57:00,78.6
2025-06-12 13:22:00,86.1
2025-06-12 07:42:00,9.2
2025-06-12 22:30:00,31.0
2025-06-12 04:48:00,79.5
2025-06-12 14:12:00,68.9
2025-06-12 23:40:00,44.7
2025-06-12 11:22:00,93.9
2025-06-12 16:49:00,49.9804001872221
2025-06-12 16:12:00,49.9804001872221
2025-06-12 04:36:00,95.3
2025-06-12 07:49:00,63.3
2025-06-12 10:14:00,0.9
2025-06-12 22:52:00,44.8
2025-06-12 01:05:00,65.9
2025-06-12 19:38:00,65.5
2025-06-12 02:26:00,90.9
2025-06-12 18:58:00,24.5
2025-06-12 06:24:00,46.7
2025-06-12 10:09:00,2.6
2025-06-12 15:49:00,45.7
2025-06-12 18:06:00,12.3
2025-06-12 06:45:00,49.9804001872221
2025-06-12 18:40:00,49.9804001872221
2025-06-12 16:33:00,73.0
2025-06-12 09:27:00,15.5
2025-06-12 02:00:00,1.3
2025-06-12 00:35:00,46.9
2025-06-12 14:43:00,71.1
2025-06-12 08:43:00,13.7
2025-06-12 03:48:00,39.6
2025-06-12 15:26:00,29.9
2025-06-12 08:36:00,22.5
2025-06-12 17:46:00,55.9
2025-06-12 14:40:00,4.7
2025-06-12 06:20:00,87.2
2025-06-12 10:14:00,18.1
2025-06-12 15:17:00,71.2
2025-06-12 15:49:00,92.8
2025-06-12 05:50:00,70.0
2025-06-12 22:30:00,36.6
2025-06-12 07:04:00,16.3
2025-06-12 06:49:00,2.8
2025-06-12 07:20:00,26.7
2025-06-12 15:45:00,65.9
2025-06-12 04:06:00,80.6
2025-06-12 14:33:00,35.2
2025-06-12 13:34:00,89.3
2025-06-12 06:35:00,15.7
2025-06-12 08:29:00,10.4
2025-06-12 11:07:00,85.3
2025-06-12 10:30:00,9.2
2025-06-12 09:26:00,78.8
2025-06-12 22:54:00,81.8
2025-06-12 14:06:00,49.9804001872221
2025-06-12 11:37:00,28.4
2025-06-12 09:48:00,49.9804001872221
2025-06-12 16:48:00,86.8
2025-06-12 02:01:00,6.3
2025-06-12 21:41:00,35.8
2025-06-12 09:18:00,97.2
2025-06-12 19:52:00,19.1
2025-06-12 20:02:00,42.1
2025-06-12 23:43:00,11.9
2025-06-12 03:49:00,94.9
2025-06-12 09:15:00,8.8
2025-06-12 04:45:00,61.3
2025-06-12 23:01:00,64.5
2025-06-12 01:56:00,17.8
2025-06-12 08:07:00,34.3
2025-06-12 09:26:00,49.9804001872221
2025-06-12 03:07:00,56.2
2025-06-12 09:39:00,60.5
2025-06-12 02:47:00,83.1
2025-06-12 23:58:00,51.3
2025-06-12 00:53:00,85.4
2025-06-12 02:37:00,38.5
2025-06-12 17:04:00,12.9
2025-06-12 01:45:00,63.4
2025-06-12 11:51:00,96.9
2025-06-12 16:36:00,33.9
2025-06-12 03:00:00,0.3
2025-06-12 06:53:00,49.9804001872221
2025-06-12 04:35:00,67.1
2025-06-12 03:35:00,47.2
2025-06-12 19:59:00,18.7
2025-06-12 14:50:00,69.6
2025-06-12 19:14:00,65.4
2025-06-12 07:17:00,84.1
2025-06-12 05:59:00,57.8
2025-06-12 18:45:00,49.9804001872221
2025-06-12 21:22:00,50.5
2025-06-12 01:52:00,60.5
2025-06-12 15:48:00,39.3
2025-06-12 23:52:00,49.9804001872221
2025-06-12 02:36:00,82.0
2025-06-12 05:42:00,86.5
2025-06-12 08:24:00,8.0
2025-06-12 13:09:00,21.9
2025-06-12 14:33:00,51.2
2025-06-12 05:47:00,62.3
2025-06-12 04:57:00,49.9804001872221
2025-06-12 15:46:00,34.8
2025-06-12 04:22:00,7.1
2025-06-12 08:41:00,57.0
2025-06-12 10:19:00,49.9804001872221
2025-06-12 19:58:00,11.1
2025-06-12 23:37:00,26.7
2025-06-12 01:21:00,87.7
2025-06-12 20:25:00,18.1
2025-06-12 00:44:00,72.5
2025-06-12 00:00:00,41.2
2025-06-12 11:35:00,91.7
2025-06-12 05:02:00,72.1
2025-06-12 12:57:00,68.2
2025-06-12 15:20:00,32.1
2025-06-12 12:26:00,57.8
2025-06-12 12:12:00,51.1
2025-06-12 11:46:00,32.9
2025-06-12 23:25:00,98.7
2025-06-12 18:09:00,62.4
2025-06-12 11:44:00,47.9
2025-06-12 23:01:00,22.7
2025-06-12 19:55:00,82.8
2025-06-12 12:56:00,29.9
2025-06-12 09:55:00,31.8
2025-06-12 16:52:00,38.6
2025-06-12 00:50:00,48.9
2025-06-12 16:26:00,41.8
2025-06-12 17:23:00,30.6
2025-06-12 13:07:00,53.9
2025-06-12 00:50:00,49.9804001872221
2025-06-12 04:30:00,74.6
2025-06-12 11:37:00,19.2
2025-06-12 14:39:00,43.4
2025-06-12 12:55:00,26.0
2025-06-12 12:43:00,66.4
2025-06-12 19:10:00,76.9
2025-06-12 08:29:00,60.7
2025-06-12 01:54:00,77.4
2025-06-12 17:30:00,49.9804001872221
2025-06-12 03:47:00,17.2
2025-06-12 12:59:00,54.4
2025-06-12 14:33:00,30.3
2025-06-12 14:43:00,29.4
2025-06-12 10:48:00,87.6
2025-06-12 11:32:00,10.6
2025-06-12 15:11:00,49.9804001872221
2025-06-12 20:26:00,3.3
2025-06-12 15:33:00,55.7
2025-06-12 15:27:00,70.0
2025-06-12 11:18:00,49.9804001872221
2025-06-12 17:47:00,11.4
2025-06-12 19:40:00,63.0
2025-06-12 00:14:00,76.3
2025-06-12 08:57:00,5.3
2025-06-12 17:58:00,5.8
2025-06-12 16:25:00,42.2
2025-06-12 03:33:00,49.9804001872221
2025-06-12 15:44:00,92.1
2025-06-12 23:12:00,47.1
2025-06-12 05:17:00,49.9804001872221
2025-06-12 09:19:00,93.5
2025-06-12 12:37:00,30.9
2025-06-12 21:41:00,49.9804001872221
2025-06-12 03:06:00,86.5
2025-06-12 03:29:00,6.7
2025-06-12 18:40:00,21.6
2025-06-12 17:43:00,35.4
2025-06-12 13:26:00,20.2
2025-06-12 01:36:00,49.9804001872221
2025-06-12 19:04:00,71.1
2025-06-12 22:40:00,40.9
2025-06-12 08:38:00,39.3
2025-06-12 08:02:00,8.6
2025-06-12 05:25:00,31.2
2025-06-12 04:38:00,49.9804001872221
2025-06-12 16:33:00,51.1
2025-06-12 22:38:00,13.5
2025-06-12 21:36:00,59.7
2025-06-12 02:21:00,99.4
2025-06-12 02:40:00,52.2
2025-06-12 07:30:00,61.5
2025-06-12 07:29:00,82.5
2025-06-12 04:05:00,73.5
2025-06-12 23:53:00,48.7
2025-06-12 06:13:00,91.1
2025-06-12 16:52:00,62.8
2025-06-12 17:30:00,83.4
2025-06-12 10:37:00,12.1
2025-06-12 10:57:00,71.1
2025-06-12 02:40:00,68.9
2025-06-12 13:32:00,32.3
2025-06-12 00:38:00,37.9
2025-06-12 11:36:00,5.9
2025-06-12 04:28:00,13.0
2025-06-12 10:57:00,19.5
2025-06-12 13:48:00,86.1
2025-06-12 17:52:00,83.0
2025-06-12 06:56:00,49.6
2025-06-12 06:39:00,52.6
2025-06-12 14:14:00,49.659483264826775
2025-06-12 22:04:00,49.659483264826775
2025-06-12 10:04:00,41.4
2025-06-12 18:24:00,49.659483264826775
2025-06-12 10:28:00,45.3
2025-06-12 03:07:00,97.0
2025-06-12 04:09:00,62.5
2025-06-12 20:19:00,49.659483264826775
2025-06-12 05:35:00,52.4
2025-06-12 11:13:00,51.0
2025-06-12 01:12:00,53.5
2025-06-12 08:26:00,12.1
2025-06-12 11:32:00,72.8
2025-06-12 19:21:00,49.659483264826775
2025-06-12 22:35:00,49.659483264826775
2025-06-12 00:20:00,49.659483264826775
2025-06-12 00:34:00,49.659483264826775
2025-06-12 08:55:00,75.8
2025-06-12 02:39:00,0.0
2025-06-12 10:47:00,88.3
2025-06-12 11:55:00,91.2
2025-06-12 20:18:00,77.6
2025-06-12 16:35:00,49.659483264826775
2025-06-12 12:51:00,49.659483264826775
2025-06-12 21:33:00,64.2
2025-06-12 16:50:00,75.0
2025-06-12 03:40:00,80.0
2025-06-12 01:31:00,5.1
2025-06-12 15:45:00,97.2
2025-06-12 15:56:00,65.8
2025-06-12 12:16:00,69.4
2025-06-12 02:23:00,60.8
2025-06-12 01:17:00,96.2
2025-06-12 03:45:00,76.8
2025-06-12 16:27:00,79.2
2025-06-12 07:30:00,77.0
2025-06-12 09:34:00,46.8
2025-06-12 20:09:00,7.1
2025-06-12 05:45:00,2.4
2025-06-12 03:00:00,49.659483264826775
2025-06-12 08:10:00,82.3
2025-06-12 06:16:00,51.6
2025-06-12 06:55:00,82.6
2025-06-12 23:19:00,62.2
2025-06-12 00:24:00,83.4
2025-06-12 08:28:00,92.4
2025-06-12 07:05:00,49.659483264826775
2025-06-12 03:06:00,2.2
2025-06-12 09:02:00,49.659483264826775
2025-06-12 16:45:00,67.0
2025-06-12 20:38:00,49.659483264826775
2025-06-12 08:28:00,54.6
2025-06-12 01:10:00,84.9
2025-06-12 19:10:00,76.0
2025-06-12 06:39:00,31.5
2025-06-12 17:53:00,55.6
2025-06-12 17:16:00,39.9
2025-06-12 06:56:00,55.2
2025-06-12 19:58:00,36.5
2025-06-12 02:59:00,13.7
2025-06-12 13:46:00,10.0
2025-06-12 20:15:00,62.6
2025-06-12 12:45:00,34.2
2025-06-12 23:33:00,49.659483264826775
2025-06-12 02:51:00,32.0
2025-06-12 14:41:00,97.2
2025-06-12 07:28:00,18.3
2025-06-12 17:13:00,63.8
2025-06-12 06:06:00,96.7
2025-06-12 07:25:00,16.3
2025-06-12 14:39:00,31.0
2025-06-12 09:33:00,35.7
2025-06-12 10:18:00,49.659483264826775
2025-06-12 03:14:00,32.3
2025-06-12 23:18:00,49.659483264826775
2025-06-12 13:23:00,26.1
2025-06-12 20:35:00,2.7
2025-06-12 00:56:00,49.659483264826775
2025-06-12 14:44:00,8.5
2025-06-12 07:53:00,98.4
2025-06-12 09:59:00,82.7
2025-06-12 03:26:00,90.9
2025-06-12 03:01:00,80.0
2025-06-12 07:18:00,49.659483264826775
2025-06-12 22:08:00,85.4
2025-06-12 18:10:00,71.4
2025-06-12 12:51:00,74.7
2025-06-12 01:08:00,46.3
2025-06-12 07:32:00,88.0
2025-06-12 18:18:00,49.659483264826775
2025-06-12 09:17:00,49.659483264826775
2025-06-12 14:06:00,86.8
2025-06-12 13:43:00,61.3
2025-06-12 15:05:00,8.0
2025-06-12 10:11:00,74.3
2025-06-12 21:10:00,65.9
2025-06-12 14:59:00,57.8
2025-06-12 09:40:00,50.0
2025-06-12 03:09:00,70.2
2025-06-12 13:35:00,25.6
2025-06-12 02:54:00,52.4
2025-06-12 11:39:00,46.4
2025-06-12 06:53:00,69.8
2025-06-12 13:37:00,23.5
2025-06-12 15:41:00,82.6
2025-06-12 14:35:00,51.5
2025-06-12 17:05:00,36.1
2025-06-12 12:15:00,19.5
2025-06-12 06:28:00,64.0
2025-06-12 07:08:00,94.1
2025-06-12 21:37:00,49.7
2025-06-12 10:33:00,49.659483264826775
2025-06-12 08:23:00,6.4
2025-06-12 12:30:00,2.3
2025-06-12 06:08:00,58.1
2025-06-12 11:31:00,49.659483264826775
2025-06-12 07:07:00,0.2
2025-06-12 12:52:00,79.5
2025-06-12 06:09:00,49.659483264826775
2025-06-12 21:21:00,30.9
2025-06-12 20:56:00,84.6
2025-06-12 12:53:00,62.3
2025-06-12 22:12:00,95.9
2025-06-12 20:17:00,43.2
2025-06-12 09:54:00,73.5
2025-06-12 10:38:00,4.4
2025-06-12 19:17:00,8.0
2025-06-12 16:26:00,49.659483264826775
2025-06-12 13:02:00,49.659483264826775
2025-06-12 17:08:00,31.7
2025-06-12 06:02:00,90.1
2025-06-12 20:55:00,49.659483264826775
2025-06-12 18:50:00,41.6
2025-06-12 01:57:00,42.9
2025-06-12 17:53:00,12.8
2025-06-12 16:11:00,67.1
2025-06-12 21:50:00,54.3
2025-06-12 18:26:00,30.8
2025-06-12 15:54:00,34.3
2025-06-12 17:23:00,37.8
2025-06-12 03:04:00,32.2
2025-06-12 13:06:00,25.3
2025-06-12 20:18:00,90.2
2025-06-12 03:18:00,64.2
2025-06-12 08:03:00,13.1
2025-06-12 19:30:00,49.659483264826775
2025-06-12 01:49:00,71.9
2025-06-12 08:25:00,95.4
2025-06-12 06:19:00,8.0
2025-06-12 17:01:00,49.659483264826775
2025-06-12 10:40:00,19.1
2025-06-12 13:48:00,1.5
2025-06-12 15:06:00,97.6
2025-06-12 08:52:00,99.6
2025-06-12 12:03:00,60.1
2025-06-12 18:57:00,15.4
2025-06-12 17:52:00,0.4
2025-06-12 16:05:00,83.2
2025-06-12 16:24:00,41.3
2025-06-12 16:04:00,49.659483264826775
2025-06-12 00:58:00,84.3
2025-06-12 13:31:00,60.4
2025-06-12 04:52:00,36.6
2025-06-12 18:00:00,51.1
2025-06-12 06:25:00,85.9
2025-06-12 17:52:00,49.659483264826775
2025-06-12 06:02:00,45.5
2025-06-12 05:55:00,14.7
2025-06-12 07:11:00,28.1
2025-06-12 16:43:00,35.3
2025-06-12 11:54:00,95.0
2025-06-12 14:27:00,94.2
2025-06-12 18:13:00,73.0
2025-06-12 10:10:00,38.8
2025-06-12 21:36:00,58.2
2025-06-12 13:07:00,39.2
2025-06-12 02:31:00,56.8
2025-06-12 19:45:00,42.6
2025-06-12 04:27:00,88.2
2025-06-12 16:10:00,55.5
2025-06-12 05:48:00,62.7
2025-06-12 14:39:00,49.659483264826775
2025-06-12 07:05:00,20.6
2025-06-12 21:31:00,49.659483264826775
2025-06-12 02:02:00,51.7
2025-06-12 19:55:00,49.6
2025-06-12 09:49:00,71.6
2025-06-12 03:37:00,47.3
2025-06-12 22:56:00,49.659483264826775
2025-06-12 15:29:00,24.9
2025-06-12 07:46:00,10.6
2025-06-12 18:15:00,18.1
2025-06-12 04:12:00,7.8
2025-06-12 21:12:00,53.6
2025-06-12 07:12:00,96.9
2025-06-12 05:32:00,57.1
2025-06-12 19:35:00,0.9
2025-06-12 05:50:00,49.659483264826775
2025-06-12 09:51:00,9.8
2025-06-12 10:19:00,64.7
2025-06-12 19:50:00,44.2
2025-06-12 16:54:00,54.4
2025-06-12 16:06:00,72.3
2025-06-12 14:49:00,45.2
2025-06-12 02:30:00,81.6
2025-06-12 12:11:00,84.1
2025-06-12 22:07:00,30.3
2025-06-12 08:32:00,72.3
2025-06-12 07:40:00,27.7
2025-06-12 21:04:00,28.0
2025-06-12 05:22:00,81.8
2025-06-12 18:56:00,49.659483264826775
2025-06-12 11:17:00,66.8
2025-06-12 23:41:00,41.2
2025-06-12 22:36:00,49.659483264826775
2025-06-12 17:10:00,49.659483264826775
2025-06-12 01:43:00,44.7
2025-06-12 02:26:00,16.8
2025-06-12 04:36:00,92.8
2025-06-12 14:18:00,1.8
2025-06-12 18:04:00,6.7
2025-06-12 02:24:00,47.5
2025-06-12 22:57:00,58.5
2025-06-12 07:27:00,49.659483264826775
2025-06-12 03:12:00,49.659483264826775
2025-06-12 20:53:00,62.5
2025-06-12 11:41:00,49.659483264826775
2025-06-12 08:28:00,44.9
2025-06-12 16:16:00,49.659483264826775
2025-06-12 07:51:00,33.0
2025-06-12 06:39:00,68.3
2025-06-12 00:24:00,4.5
2025-06-12 01:07:00,32.4
2025-06-12 14:11:00,69.1
2025-06-12 14:46:00,26.1
2025-06-12 18:11:00,44.7
2025-06-12 22:10:00,49.659483264826775
2025-06-12 19:28:00,25.0
2025-06-12 17:09:00,46.8
2025-06-12 03:22:00,55.8
2025-06-12 15:50:00,96.6
2025-06-12 02:58:00,73.8
2025-06-12 16:43:00,49.659483264826775
2025-06-12 08:27:00,96.7
2025-06-12 06:54:00,99.5
2025-06-12 03:52:00,96.1
2025-06-12 22:06:00,67.4
2025-06-12 16:02:00,49.659483264826775
2025-06-12 13:54:00,26.9
2025-06-12 05:27:00,42.8
2025-06-12 00:15:00,40.1
2025-06-12 15:37:00,38.9
2025-06-12 13:31:00,49.659483264826775
2025-06-12 15:07:00,46.1
2025-06-12 05:12:00,82.6
2025-06-12 15:08:00,21.0
2025-06-12 21:30:00,97.3
2025-06-12 11:25:00,76.5
2025-06-12 21:16:00,94.8
2025-06-12 14:40:00,22.4
2025-06-12 17:03:00,70.5
2025-06-12 02:32:00,85.0
2025-06-12 01:56:00,70.7
2025-06-12 04:23:00,25.4
2025-06-12 17:26:00,45.4
2025-06-12 02:38:00,88.8
2025-06-12 07:14:00,26.1
2025-06-12 06:59:00,49.659483264826775
2025-06-12 18:10:00,76.1
2025-06-12 14:25:00,48.2
2025-06-12 19:39:00,72.9
2025-06-12 04:23:00,88.8
2025-06-12 03:16:00,4.8
2025-06-12 14:12:00,62.0
2025-06-12 19:53:00,49.659483264826775
2025-06-12 09:41:00,80.0
2025-06-12 23:40:00,56.1
2025-06-12 14:02:00,54.2
2025-06-12 06:19:00,28.7
2025-06-12 13:02:00,85.3
2025-06-12 15:10:00,6.5
2025-06-12 01:16:00,4.1
2025-06-12 23:36:00,28.5
2025-06-12 21:56:00,39.0
2025-06-12 01:08:00,49.659483264826775
2025-06-12 18:06:00,9.4
2025-06-12 16:51:00,45.1
2025-06-12 05:42:00,31.7
2025-06-12 09:51:00,97.3
2025-06-12 16:15:00,69.8
2025-06-12 02:58:00,25.7
2025-06-12 03:32:00,20.8
2025-06-12 04:39:00,22.6
2025-06-12 05:33:00,40.5
2025-06-12 21:08:00,99.8
2025-06-12 15:46:00,55.9
2025-06-12 02:28:00,49.659483264826775
2025-06-12 05:34:00,73.5
2025-06-12 04:24:00,15.3
2025-06-12 10:20:00,21.4
2025-06-12 12:01:00,33.1
2025-06-12 02:40:00,49.659483264826775
2025-06-12 04:05:00,68.8
2025-06-12 06:36:00,94.1
2025-06-12 04:45:00,45.4
2025-06-12 02:54:00,19.0
2025-06-12 14:48:00,49.732274758880266
2025-06-12 08:48:00,32.3
2025-06-12 20:46:00,89.2
2025-06-12 01:49:00,17.6
2025-06-12 21:46:00,17.8
2025-06-12 06:52:00,81.2
2025-06-12 22:00:00,64.5
2025-06-12 21:32:00,87.5
2025-06-12 05:23:00,49.732274758880266
2025-06-12 12:36:00,19.8
2025-06-12 10:28:00,0.2
2025-06-12 15:18:00,40.5
2025-06-12 18:15:00,17.9
2025-06-12 19:20:00,49.2
2025-06-12 17:13:00,70.8
2025-06-12 04:16:00,14.2
2025-06-12 14:02:00,16.4
2025-06-12 20:50:00,49.732274758880266
2025-06-12 01:04:00,70.5
2025-06-12 13:05:00,62.5
2025-06-12 23:21:00,58.8
2025-06-12 11:26:00,38.1
2025-06-12 16:03:00,91.7
2025-06-12 01:39:00,12.1
2025-06-12 05:11:00,80.2
2025-06-12 07:58:00,42.8
2025-06-12 21:01:00,83.9
2025-06-12 06:22:00,16.6
2025-06-12 19:43:00,10.1
2025-06-12 07:37:00,8.9
2025-06-12 08:36:00,41.5
2025-06-12 16:41:00,49.732274758880266
2025-06-12 13:38:00,49.732274758880266
2025-06-12 18:06:00,49.732274758880266
2025-06-12 11:35:00,72.9
2025-06-12 18:56:00,63.2
2025-06-12 18:17:00,49.732274758880266
2025-06-12 01:03:00,81.7
2025-06-12 09:45:00,49.732274758880266
2025-06-12 01:46:00,42.7
2025-06-12 13:08:00,60.6
2025-06-12 11:12:00,88.5
2025-06-12 01:25:00,49.732274758880266
2025-06-12 12:46:00,55.1
2025-06-12 17:14:00,20.3
2025-06-12 02:30:00,58.4
2025-06-12 23:49:00,12.7
2025-06-12 04:26:00,23.4
2025-06-12 05:58:00,98.8
2025-06-12 21:35:00,73.5
2025-06-12 19:56:00,15.4
2025-06-12 10:14:00,49.732274758880266
2025-06-12 06:28:00,89.6
2025-06-12 13:50:00,49.732274758880266
2025-06-12 14:32:00,46.6
2025-06-12 06:02:00,60.9
2025-06-12 07:14:00,52.8
2025-06-12 07:38:00,95.4
2025-06-12 03:43:00,51.8
2025-06-12 21:18:00,1.1
2025-06-12 16:59:00,94.5
2025-06-12 21:36:00,49.2
2025-06-12 17:40:00,8.8
2025-06-12 14:01:00,14.6
2025-06-12 17:17:00,68.1
2025-06-12 23:03:00,49.732274758880266
2025-06-12 04:20:00,19.8
2025-06-12 05:15:00,92.9
2025-06-12 23:26:00,51.2
2025-06-12 17:24:00,89.8
2025-06-12 13:44:00,49.732274758880266
2025-06-12 16:50:00,99.5
2025-06-12 11:08:00,49.732274758880266
2025-06-12 10:36:00,18.6
2025-06-12 18:31:00,67.7
2025-06-12 10:48:00,49.732274758880266
2025-06-12 08:09:00,62.3
2025-06-12 14:43:00,18.2
2025-06-12 08:05:00,15.6
2025-06-12 04:33:00,51.8
2025-06-12 23:08:00,49.732274758880266
2025-06-12 09:59:00,38.9
2025-06-12 18:28:00,41.7
2025-06-12 05:54:00,44.7
2025-06-12 02:15:00,82.6
2025-06-12 21:58:00,59.9
2025-06-12 18:52:00,75.5
2025-06-12 07:01:00,16.2
2025-06-12 11:39:00,7.9
2025-06-12 19:41:00,85.0
2025-06-12 23:53:00,74.9
2025-06-12 11:53:00,90.4
2025-06-12 13:43:00,49.732274758880266
2025-06-12 15:47:00,6.3
2025-06-12 00:31:00,42.1
2025-06-12 17:40:00,49.732274758880266
2025-06-12 09:40:00,56.4
2025-06-12 21:53:00,70.1
2025-06-12 06:58:00,72.7
2025-06-12 23:10:00,88.8
2025-06-12 01:12:00,46.7
2025-06-12 07:28:00,62.9
2025-06-12 03:40:00,80.0
2025-06-12 18:02:00,49.732274758880266
2025-06-12 13:42:00,52.0
2025-06-12 00:18:00,68.4
2025-06-12 06:58:00,84.9
2025-06-12 18:34:00,32.5
2025-06-12 05:26:00,80.2
2025-06-12 10:28:00,43.8
2025-06-12 11:16:00,48.4
2025-06-12 21:26:00,80.0
2025-06-12 02:08:00,66.3
2025-06-12 00:52:00,48.0
2025-06-12 15:50:00,19.9
2025-06-12 08:34:00,61.7
2025-06-12 17:44:00,82.9
2025-06-12 10:26:00,8.2
2025-06-12 11:18:00,64.1
2025-06-12 09:21:00,66.7
2025-06-12 08:02:00,43.4
2025-06-12 00:25:00,25.2
2025-06-12 02:02:00,49.732274758880266
2025-06-12 16:22:00,17.0
2025-06-12 06:44:00,7.7
2025-06-12 19:09:00,76.6
2025-06-12 13:19:00,49.732274758880266
2025-06-12 10:49:00,48.5
2025-06-12 20:14:00,30.5
2025-06-12 03:00:00,43.1
2025-06-12 05:24:00,63.5
2025-06-12 18:41:00,76.4
2025-06-12 07:20:00,50.8
2025-06-12 04:07:00,31.1
2025-06-12 02:07:00,63.4
2025-06-12 08:21:00,37.4
2025-06-12 13:29:00,76.8
2025-06-12 14:46:00,66.6
2025-06-12 22:18:00,48.2
2025-06-12 18:05:00,96.6
2025-06-12 03:32:00,49.732274758880266
2025-06-12 11:32:00,46.0
2025-06-12 18:25:00,60.2
2025-06-12 20:10:00,55.9
2025-06-12 04:36:00,6.6
2025-06-12 19:09:00,24.8
2025-06-12 02:54:00,49.732274758880266
2025-06-12 16:21:00,11.9
2025-06-12 19:29:00,42.8
2025-06-12 08:05:00,42.0
2025-06-12 10:17:00,48.0
2025-06-12 12:48:00,71.6
2025-06-12 03:33:00,11.5
2025-06-12 20:53:00,49.732274758880266
2025-06-12 18:26:00,7.5
2025-06-12 23:00:00,93.5
2025-06-12 11:57:00,7.1
2025-06-12 20:48:00,37.1
2025-06-12 15:42:00,54.5
2025-06-12 03:34:00,21.0
2025-06-12 19:04:00,54.5
2025-06-12 15:14:00,31.4
2025-06-12 14:30:00,94.2
2025-06-12 17:35:00,93.5
2025-06-12 00:25:00,49.732274758880266
2025-06-12 22:18:00,75.1
2025-06-12 01:08:00,15.2
2025-06-12 15:42:00,63.0
2025-06-12 04:25:00,49.732274758880266
2025-06-12 10:21:00,30.3
2025-06-12 02:55:00,49.732274758880266
2025-06-12 04:29:00,86.2
2025-06-12 03:58:00,12.6
2025-06-12 00:27:00,89.4
2025-06-12 16:49:00,90.0
2025-06-12 07:08:00,42.8
2025-06-12 05:46:00,49.732274758880266
2025-06-12 18:20:00,59.3
2025-06-12 01:16:00,49.732274758880266
2025-06-12 16:22:00,47.9
2025-06-12 13:21:00,25.5
2025-06-12 02:16:00,80.6
2025-06-12 16:14:00,44.3
2025-06-12 06:28:00,7.8
2025-06-12 15:03:00,42.7
2025-06-12 15:26:00,63.1
2025-06-12 11:39:00,30.0
2025-06-12 20:17:00,49.732274758880266
2025-06-12 08:52:00,76.5
2025-06-12 12:12:00,76.1
2025-06-12 12:48:00,65.9
2025-06-12 07:54:00,39.8
2025-06-12 10:59:00,63.6
2025-06-12 20:24:00,97.9
2025-06-12 22:19:00,37.9
2025-06-12 18:32:00,57.6
2025-06-12 12:56:00,33.8
2025-06-12 17:07:00,49.732274758880266
2025-06-12 21:22:00,3.3
2025-06-12 03:54:00,76.1
2025-06-12 17:42:00,58.6
2025-06-12 18:54:00,30.1
2025-06-12 01:20:00,39.2
2025-06-12 22:21:00,10.4
2025-06-12 10:49:00,70.5
2025-06-12 21:24:00,15.1
2025-06-12 06:32:00,79.1
2025-06-12 23:58:00,77.5
2025-06-12 00:36:00,49.732274758880266
2025-06-12 06:45:00,43.7
2025-06-12 14:20:00,0.3
2025-06-12 15:32:00,40.1
2025-06-12 11:58:00,49.732274758880266
2025-06-12 10:24:00,49.732274758880266
2025-06-12 13:15:00,76.8
2025-06-12 04:23:00,10.5
2025-06-12 23:29:00,60.8
2025-06-12 22:23:00,7.5
2025-06-12 12:53:00,34.9
2025-06-12 21:00:00,81.9
2025-06-12 19:07:00,12.5
2025-06-12 22:14:00,15.8
2025-06-12 20:27:00,51.2
2025-06-12 16:49:00,42.9
2025-06-12 10:29:00,45.2
2025-06-12 15:58:00,52.6
2025-06-12 17:56:00,49.732274758880266
2025-06-12 21:18:00,24.2
2025-06-12 04:49:00,58.9
2025-06-12 06:54:00,94.1
2025-06-12 21:27:00,79.8
2025-06-12 09:28:00,31.2
2025-06-12 20:14:00,68.2
2025-06-12 08:19:00,57.5
2025-06-12 06:30:00,49.732274758880266
2025-06-12 18:46:00,49.732274758880266
2025-06-12 06:05:00,49.732274758880266
2025-06-12 10:31:00,49.732274758880266
2025-06-12 18:19:00,52.0
2025-06-12 23:19:00,47.5
2025-06-12 10:45:00,49.732274758880266
2025-06-12 12:31:00,49.732274758880266
2025-06-12 13:06:00,4.6
2025-06-12 08:54:00,76.1
2025-06-12 10:02:00,33.2
2025-06-12 08:38:00,49.4
2025-06-12 08:45:00,97.3
2025-06-12 07:37:00,70.9
2025-06-12 16:35:00,15.6
2025-06-12 22:14:00,5.9
2025-06-12 00:36:00,96.3
2025-06-12 00:21:00,90.3
2025-06-12 12:11:00,36.8
2025-06-12 06:35:00,30.3
2025-06-12 21:37:00,83.7
2025-06-12 21:52:00,32.5
2025-06-12 05:14:00,71.1
2025-06-12 04:35:00,67.1
2025-06-12 09:51:00,87.9
2025-06-12 18:48:00,5.4
2025-06-12 11:17:00,74.2
2025-06-12 16:28:00,89.4
2025-06-12 21:45:00,31.5
2025-06-12 23:58:00,37.5
2025-06-12 17:31:00,97.5
2025-06-12 15:46:00,64.7
2025-06-12 09:51:00,70.5
2025-06-12 15:08:00,43.0
2025-06-12 12:36:00,28.4
2025-06-12 21:26:00,23.0
2025-06-12 15:28:00,42.7
2025-06-12 16:40:00,49.732274758880266
2025-06-12 10:44:00,22.6
2025-06-12 21:10:00,12.2
2025-06-12 06:58:00,52.3
2025-06-12 05:24:00,32.0
2025-06-12 08:18:00,49.6
2025-06-12 07:22:00,29.2
2025-06-12 16:09:00,78.6
2025-06-12 08:45:00,10.6
2025-06-12 21:13:00,69.1
2025-06-12 13:16:00,42.7
2025-06-12 16:07:00,1.4
2025-06-12 22:13:00,99.2
2025-06-12 19:36:00,34.0
2025-06-12 02:39:00,56.3
2025-06-12 22:00:00,57.4
2025-06-12 02:52:00,56.1
2025-06-12 17:07:00,42.0
2025-06-12 00:37:00,73.4
2025-06-12 03:33:00,13.5
2025-06-12 19:40:00,49.732274758880266
2025-06-12 15:35:00,85.5
2025-06-12 15:29:00,49.732274758880266
2025-06-12 11:40:00,49.732274758880266
2025-06-12 02:23:00,2.9
2025-06-12 04:05:00,97.7
2025-06-12 21:34:00,49.732274758880266
2025-06-12 17:57:00,49.732274758880266
2025-06-12 15:10:00,34.7
2025-06-12 08:29:00,58.2
2025-06-12 06:28:00,49.732274758880266
2025-06-12 17:23:00,71.7
2025-06-12 03:15:00,98.6
2025-06-12 11:45:00,16.1
2025-06-12 13:32:00,82.6
2025-06-12 18:20:00,11.4
2025-06-12 22:07:00,43.0
2025-06-12 02:06:00,8.9
2025-06-12 15:31:00,88.5
2025-06-12 03:04:00,81.7
2025-06-12 23:03:00,21.6
2025-06-12 14:01:00,53.6
2025-06-12 08:26:00,68.8
2025-06-12 08:12:00,58.8
2025-06-12 02:45:00,55.5
2025-06-12 19:45:00,28.0
2025-06-12 02:53:00,49.732274758880266
2025-06-12 02:35:00,12.6
2025-06-12 19:22:00,2.9
2025-06-12 20:03:00,6.6
2025-06-12 19:31:00,49.38053801169591
2025-06-12 08:09:00,72.3
2025-06-12 07:43:00,49.38053801169591
2025-06-12 11:24:00,4.0
2025-06-12 12:11:00,49.38053801169591
2025-06-12 13:07:00,32.7
2025-06-12 01:01:00,88.7
2025-06-12 22:13:00,10.3
2025-06-12 11:22:00,73.3
2025-06-12 19:52:00,24.8
2025-06-12 15:58:00,81.5
2025-06-12 16:44:00,70.8
2025-06-12 21:48:00,99.5
2025-06-12 11:58:00,19.6
2025-06-12 15:44:00,17.3
2025-06-12 01:09:00,87.9
2025-06-12 10:42:00,70.9
2025-06-12 02:11:00,5.4
2025-06-12 09:34:00,82.0
2025-06-12 02:52:00,1.3
2025-06-12 09:28:00,52.3
2025-06-12 15:01:00,82.6
2025-06-12 21:52:00,64.7
2025-06-12 09:45:00,64.0
2025-06-12 15:06:00,49.38053801169591
2025-06-12 23:32:00,17.5
2025-06-12 02:31:00,58.7
2025-06-12 23:43:00,96.8
2025-06-12 02:06:00,14.2
2025-06-12 19:21:00,45.4
2025-06-12 20:23:00,33.7
2025-06-12 17:21:00,49.38053801169591
2025-06-12 05:55:00,32.7
2025-06-12 01:09:00,86.7
2025-06-12 20:25:00,33.2
2025-06-12 12:43:00,14.4
2025-06-12 05:29:00,17.4
2025-06-12 18:21:00,36.2
2025-06-12 16:17:00,24.5
2025-06-12 17:37:00,41.8
2025-06-12 19:25:00,84.4
2025-06-12 22:18:00,54.8
2025-06-12 21:11:00,42.4
2025-06-12 05:48:00,67.2
2025-06-12 10:27:00,15.3
2025-06-12 04:27:00,84.6
2025-06-12 07:19:00,96.1
2025-06-12 02:57:00,73.3
2025-06-12 23:36:00,36.9
2025-06-12 17:57:00,15.8
2025-06-12 05:59:00,71.0
2025-06-12 20:55:00,95.4
2025-06-12 08:12:00,85.4
2025-06-12 19:33:00,50.9
2025-06-12 04:28:00,55.7
2025-06-12 14:48:00,97.4
2025-06-12 13:23:00,50.2
2025-06-12 11:11:00,63.5
2025-06-12 23:37:00,56.1
2025-06-12 01:32:00,8.8
2025-06-12 03:05:00,69.9
2025-06-12 03:56:00,14.0
2025-06-12 23:38:00,49.38053801169591
2025-06-12 12:34:00,9.4
2025-06-12 16:30:00,86.8
2025-06-12 16:57:00,49.38053801169591
2025-06-12 15:15:00,76.4
2025-06-12 12:22:00,14.5
2025-06-12 18:57:00,45.8
2025-06-12 23:36:00,19.4
2025-06-12 12:40:00,49.38053801169591
2025-06-12 20:42:00,29.8
2025-06-12 11:22:00,84.0
2025-06-12 19:03:00,44.2
2025-06-12 13:12:00,14.2
2025-06-12 18:09:00,49.5
2025-06-12 08:00:00,33.3
2025-06-12 05:54:00,78.1
2025-06-12 19:17:00,36.6
2025-06-12 08:44:00,29.1
2025-06-12 06:06:00,6.9
2025-06-12 03:48:00,92.9
2025-06-12 20:45:00,83.9
2025-06-12 21:47:00,71.2
2025-06-12 10:50:00,49.38053801169591
2025-06-12 23:07:00,22.5
2025-06-12 20:16:00,75.9
2025-06-12 21:54:00,49.38053801169591
2025-06-12 16:44:00,41.6
2025-06-12 11:57:00,75.0
2025-06-12 02:40:00,49.38053801169591
2025-06-12 19:08:00,20.3
2025-06-12 02:54:00,9.7
2025-06-12 06:00:00,89.1
2025-06-12 14:41:00,25.4
2025-06-12 21:15:00,45.0
2025-06-12 19:37:00,15.4
2025-06-12 17:28:00,49.38053801169591
2025-06-12 15:11:00,46.3
2025-06-12 13:35:00,8.6
2025-06-12 17:17:00,82.4
2025-06-12 18:53:00,4.4
2025-06-12 10:46:00,44.2
2025-06-12 20:50:00,49.38053801169591
2025-06-12 22:12:00,74.2
2025-06-12 17:35:00,47.1
2025-06-12 07:01:00,49.38053801169591
2025-06-12 07:11:00,63.2
2025-06-12 17:31:00,52.8
2025-06-12 06:51:00,49.38053801169591
2025-06-12 21:46:00,49.38053801169591
2025-06-12 20:44:00,49.38053801169591
2025-06-12 01:28:00,49.38053801169591
2025-06-12 18:16:00,33.3
2025-06-12 00:15:00,49.38053801169591
2025-06-12 13:12:00,68.1
2025-06-12 13:39:00,86.1
2025-06-12 17:46:00,52.3
2025-06-12 16:43:00,98.0
2025-06-12 12:54:00,49.38053801169591
2025-06-12 05:58:00,79.2
2025-06-12 09:52:00,49.38053801169591
2025-06-12 12:32:00,25.8
2025-06-12 14:08:00,49.2
2025-06-12 04:00:00,49.38053801169591
2025-06-12 14:21:00,49.38053801169591
2025-06-12 11:45:00,49.38053801169591
2025-06-12 08:51:00,75.0
2025-06-12 08:06:00,73.7
2025-06-12 22:27:00,80.7
2025-06-12 00:29:00,67.4
2025-06-12 19:36:00,88.7
2025-06-12 16:45:00,42.5
2025-06-12 14:17:00,59.6
2025-06-12 22:55:00,69.3
2025-06-12 14:51:00,50.0
2025-06-12 16:17:00,54.7
2025-06-12 11:46:00,49.38053801169591
2025-06-12 01:10:00,49.1
2025-06-12 08:54:00,17.5
2025-06-12 07:06:00,97.2
2025-06-12 06:33:00,3.0
2025-06-12 16:24:00,52.2
2025-06-12 14:25:00,87.9
2025-06-12 14:24:00,76.2
2025-06-12 10:27:00,68.6
2025-06-12 23:29:00,57.7
2025-06-12 16:31:00,82.3
2025-06-12 08:45:00,49.38053801169591
2025-06-12 22:39:00,74.3
2025-06-12 05:04:00,4.6
2025-06-12 15:57:00,13.3
2025-06-12 14:26:00,30.7
2025-06-12 14:23:00,17.3
2025-06-12 23:41:00,29.3
2025-06-12 14:19:00,49.38053801169591
2025-06-12 23:12:00,84.4
2025-06-12 05:08:00,87.9
2025-06-12 16:26:00,21.0
2025-06-12 08:29:00,23.9
2025-06-12 05:23:00,29.0
2025-06-12 02:36:00,49.38053801169591
2025-06-12 17:32:00,26.2
2025-06-12 14:11:00,92.0
2025-06-12 09:55:00,96.5
2025-06-12 11:00:00,37.5
2025-06-12 10:32:00,60.7
2025-06-12 16:51:00,96.6
2025-06-12 08:22:00,2.2
2025-06-12 10:18:00,37.7
2025-06-12 13:30:00,14.5
2025-06-12 11:00:00,79.6
2025-06-12 13:02:00,32.2
2025-06-12 21:32:00,77.8
2025-06-12 01:31:00,47.5
2025-06-12 07:49:00,18.2
2025-06-12 10:09:00,94.2
2025-06-12 15:28:00,53.5
2025-06-12 05:15:00,93.9
2025-06-12 02:02:00,7.2
2025-06-12 16:34:00,37.7
2025-06-12 18:06:00,42.9
2025-06-12 12:23:00,53.4
2025-06-12 06:40:00,61.9
2025-06-12 01:05:00,46.7
2025-06-12 22:35:00,40.7
2025-06-12 12:27:00,59.5
2025-06-12 08:28:00,13.1
2025-06-12 21:54:00,28.2
2025-06-12 20:57:00,59.5
2025-06-12 10:08:00,46.6
2025-06-12 18:22:00,84.5
2025-06-12 13:52:00,48.8
2025-06-12 00:16:00,39.5
2025-06-12 05:18:00,4.5
2025-06-12 20:21:00,16.6
2025-06-12 19:15:00,49.38053801169591
2025-06-12 09:49:00,32.2
2025-06-12 07:31:00,90.5
2025-06-12 15:34:00,27.7
2025-06-12 17:52:00,77.0
2025-06-12 19:24:00,1.7
2025-06-12 19:47:00,58.1
2025-06-12 15:21:00,47.2
2025-06-12 04:39:00,60.9
2025-06-12 21:15:00,68.7
2025-06-12 03:06:00,23.8
2025-06-12 23:54:00,0.6
2025-06-12 20:28:00,24.1
2025-06-12 19:17:00,49.38053801169591
2025-06-12 00:28:00,40.3
2025-06-12 21:14:00,67.6
2025-06-12 05:56:00,49.38053801169591
2025-06-12 09:57:00,27.1
2025-06-12 03:48:00,4.4
2025-06-12 22:01:00,90.9
2025-06-12 18:27:00,0.4
2025-06-12 14:07:00,18.3
2025-06-12 19:58:00,49.38053801169591
2025-06-12 08:02:00,69.4
2025-06-12 03:57:00,77.7
2025-06-12 22:36:00,86.3
2025-06-12 20:09:00,25.0
2025-06-12 12:21:00,62.9
2025-06-12 06:03:00,8.0
2025-06-12 20:47:00,27.2
2025-06-12 07:42:00,88.4
2025-06-12 04:26:00,11.9
2025-06-12 09:46:00,90.5
2025-06-12 11:19:00,94.0
2025-06-12 05:06:00,21.3
2025-06-12 01:54:00,64.4
2025-06-12 18:11:00,83.8
2025-06-12 03:51:00,68.3
2025-06-12 21:12:00,76.8
2025-06-12 07:03:00,22.4
2025-06-12 10:49:00,1.4
2025-06-12 00:06:00,4.3
2025-06-12 02:49:00,39.6
2025-06-12 23:27:00,0.9
2025-06-12 14:41:00,75.3
2025-06-12 12:01:00,27.9
2025-06-12 03:56:00,55.5
2025-06-12 02:31:00,40.3
2025-06-12 10:36:00,42.4
2025-06-12 02:52:00,56.9
2025-06-12 11:16:00,49.38053801169591
2025-06-12 19:11:00,79.9
2025-06-12 16:33:00,49.38053801169591
2025-06-12 18:17:00,56.7
2025-06-12 16:29:00,49.38053801169591
2025-06-12 01:27:00,42.0
2025-06-12 17:08:00,23.7
2025-06-12 09:59:00,78.1
2025-06-12 13:11:00,67.3
2025-06-12 14:27:00,50.7
2025-06-12 04:42:00,9.3
2025-06-12 18:01:00,52.6
2025-06-12 08:52:00,43.6
2025-06-12 07:42:00,47.9
2025-06-12 03:00:00,37.5
2025-06-12 11:17:00,29.3
2025-06-12 15:12:00,30.4
2025-06-12 10:30:00,62.5
2025-06-12 02:49:00,55.5
2025-06-12 20:29:00,87.9
2025-06-12 05:30:00,87.8
2025-06-12 18:00:00,94.5
2025-06-12 15:12:00,28.7
2025-06-12 01:18:00,59.3
2025-06-12 08:16:00,22.1
2025-06-12 02:52:00,0.2
2025-06-12 09:53:00,49.38053801169591
2025-06-12 23:48:00,98.7
2025-06-12 03:57:00,73.8
2025-06-12 19:20:00,49.38053801169591
2025-06-12 01:43:00,44.7
2025-06-12 03:24:00,66.0
2025-06-12 07:05:00,22.7
2025-06-12 02:43:00,17.5
2025-06-12 12:44:00,49.38053801169591
2025-06-12 22:20:00,71.5
2025-06-12 07:32:00,50.4
2025-06-12 20:45:00,49.38053801169591
2025-06-12 19:24:00,85.0
2025-06-12 04:31:00,80.3
2025-06-12 08:20:00,88.9
2025-06-12 07:12:00,51.0
2025-06-12 04:20:00,39.6
2025-06-12 17:45:00,49.38053801169591
2025-06-12 05:35:00,11.3
2025-06-12 00:51:00,86.0
2025-06-12 21:06:00,33.0
2025-06-12 05:12:00,63.0
2025-06-12 07:17:00,7.2
2025-06-12 15:47:00,6.8
2025-06-12 11:59:00,39.7
2025-06-12 05:31:00,1.7
2025-06-12 11:13:00,55.8
2025-06-12 16:42:00,49.38053801169591
2025-06-12 19:01:00,22.3
2025-06-12 03:41:00,32.0
2025-06-12 14:01:00,85.0
2025-06-12 14:52:00,39.4
2025-06-12 14:13:00,49.38053801169591
2025-06-12 01:49:00,49.38053801169591
2025-06-12 12:02:00,81.6
2025-06-12 16:52:00,79.6
2025-06-12 04:06:00,98.0
2025-06-12 19:59:00,7.6
2025-06-12 22:59:00,49.38053801169591
2025-06-12 03:40:00,49.38053801169591
2025-06-12 09:09:00,17.0
2025-06-12 05:52:00,31.4
2025-06-12 00:11:00,99.0
2025-06-12 20:55:00,39.2
2025-06-12 00:25:00,92.0
2025-06-12 19:15:00,4.3
2025-06-12 14:54:00,85.4
2025-06-12 18:45:00,52.2
2025-06-12 12:33:00,41.1
2025-06-12 17:55:00,26.4
2025-06-12 15:50:00,2.0
2025-06-12 01:56:00,63.5
2025-06-12 18:44:00,19.3
2025-06-12 23:24:00,28.3
2025-06-12 19:09:00,44.4
2025-06-12 17:57:00,88.1
2025-06-12 16:12:00,49.38053801169591
2025-06-12 15:16:00,46.6
2025-06-12 05:11:00,44.4
2025-06-12 01:03:00,0.9
2025-06-12 23:30:00,44.6
2025-06-12 05:50:00,0.7
2025-06-12 20:57:00,66.1
2025-06-12 13:06:00,17.6
2025-06-12 18:07:00,83.8
2025-06-12 10:51:00,80.2
2025-06-12 13:52:00,31.7
2025-06-12 07:00:00,78.2
2025-06-12 07:58:00,24.6
2025-06-12 12:31:00,73.4
2025-06-12 08:36:00,25.3
2025-06-12 08:06:00,70.0
2025-06-12 22:35:00,49.38053801169591
2025-06-12 08:33:00,70.7
2025-06-12 06:51:00,52.2
2025-06-12 23:39:00,50.4
2025-06-12 12:21:00,63.8
2025-06-12 01:37:00,7.3
2025-06-12 00:26:00,84.9
2025-06-12 09:52:00,78.5
2025-06-12 17:47:00,61.1
2025-06-12 07:31:00,20.0
2025-06-12 11:45:00,57.0
2025-06-12 07:42:00,95.9
2025-06-12 20:53:00,57.5
2025-06-12 22:03:00,26.6
2025-06-12 05:48:00,0.8
2025-06-12 05:46:00,65.3
2025-06-12 11:03:00,92.4
2025-06-12 05:04:00,49.594186729301235
2025-06-12 07:59:00,26.3
2025-06-12 19:51:00,49.594186729301235
2025-06-12 00:54:00,99.5
2025-06-12 17:48:00,56.9
2025-06-12 21:11:00,38.5
2025-06-12 09:42:00,59.9
2025-06-12 16:14:00,14.1
2025-06-12 02:21:00,14.9
2025-06-12 19:41:00,77.3
2025-06-12 08:08:00,66.0
2025-06-12 13:29:00,49.594186729301235
2025-06-12 03:44:00,40.5
2025-06-12 02:40:00,79.6
2025-06-12 01:41:00,25.0
2025-06-12 11:59:00,43.8
2025-06-12 03:26:00,61.6
2025-06-12 06:37:00,48.5
2025-06-12 22:10:00,44.7
2025-06-12 07:50:00,39.3
2025-06-12 23:24:00,24.5
2025-06-12 23:04:00,32.1
2025-06-12 16:16:00,17.3
2025-06-12 04:13:00,56.7
2025-06-12 08:00:00,49.594186729301235
2025-06-12 11:17:00,86.9
2025-06-12 13:05:00,49.594186729301235
2025-06-12 19:05:00,14.4
2025-06-12 13:21:00,60.9
2025-06-12 14:51:00,15.4
2025-06-12 17:35:00,64.6
2025-06-12 13:24:00,85.7
2025-06-12 10:44:00,61.6
2025-06-12 22:11:00,76.2
2025-06-12 21:15:00,12.9
2025-06-12 10:52:00,69.3
2025-06-12 04:59:00,49.594186729301235
2025-06-12 10:35:00,52.4
2025-06-12 07:45:00,72.2
2025-06-12 19:04:00,54.4
2025-06-12 04:59:00,5.8
2025-06-12 07:01:00,54.7
2025-06-12 23:36:00,70.8
2025-06-12 17:38:00,49.594186729301235
2025-06-12 10:26:00,49.594186729301235
2025-06-12 05:32:00,49.594186729301235
2025-06-12 09:27:00,93.0
2025-06-12 10:39:00,66.9
2025-06-12 16:55:00,28.3
2025-06-12 17:27:00,63.4
2025-06-12 14:46:00,0.9
2025-06-12 14:43:00,60.4
2025-06-12 15:15:00,13.2
2025-06-12 20:00:00,66.4
2025-06-12 10:50:00,71.5
2025-06-12 10:47:00,87.6
2025-06-12 02:13:00,44.5
2025-06-12 01:28:00,64.9
2025-06-12 23:31:00,1.7
2025-06-12 16:01:00,26.7
2025-06-12 03:13:00,28.4
2025-06-12 01:52:00,49.594186729301235
2025-06-12 02:56:00,1.6
2025-06-12 13:51:00,86.3
2025-06-12 23:33:00,9.4
2025-06-12 19:41:00,87.5
2025-06-12 16:58:00,14.2
2025-06-12 15:54:00,92.4
2025-06-12 11:38:00,11.7
2025-06-12 09:58:00,49.594186729301235
2025-06-12 21:28:00,32.4
2025-06-12 22:05:00,49.594186729301235
2025-06-12 03:42:00,49.594186729301235
2025-06-12 17:46:00,43.5
2025-06-12 12:07:00,67.8
2025-06-12 14:08:00,49.594186729301235
2025-06-12 08:52:00,50.9
2025-06-12 06:59:00,0.8
2025-06-12 21:27:00,5.2
2025-06-12 09:45:00,49.594186729301235
2025-06-12 08:03:00,49.594186729301235
2025-06-12 17:33:00,49.594186729301235
2025-06-12 02:11:00,64.3
2025-06-12 23:09:00,96.1
2025-06-12 02:18:00,0.5
2025-06-12 16:24:00,62.2
2025-06-12 00:10:00,41.4
2025-06-12 06:54:00,1.5
2025-06-12 05:22:00,49.594186729301235
2025-06-12 23:52:00,90.8
2025-06-12 00:16:00,72.5
2025-06-12 02:58:00,81.1
2025-06-12 05:19:00,56.4
2025-06-12 11:54:00,50.5
2025-06-12 08:18:00,80.6
2025-06-12 22:29:00,74.3
2025-06-12 01:57:00,83.1
2025-06-12 09:05:00,49.594186729301235
2025-06-12 09:49:00,48.7
2025-06-12 10:59:00,49.4
2025-06-12 00:11:00,23.2
2025-06-12 13:30:00,32.1
2025-06-12 12:01:00,99.6
2025-06-12 22:54:00,78.3
2025-06-12 02:37:00,2.7
2025-06-12 06:02:00,7.0
2025-06-12 22:38:00,27.8
2025-06-12 03:14:00,82.4
2025-06-12 22:37:00,49.594186729301235
2025-06-12 10:14:00,21.3
2025-06-12 14:39:00,91.9
2025-06-12 09:43:00,36.8
2025-06-12 07:36:00,26.7
2025-06-12 16:39:00,60.6
2025-06-12 04:30:00,55.9
2025-06-12 10:22:00,10.7
2025-06-12 05:22:00,81.0
2025-06-12 15:29:00,50.3
2025-06-12 21:17:00,79.0
2025-06-12 07:23:00,20.0
2025-06-12 02:52:00,71.6
2025-06-12 11:02:00,49.594186729301235
2025-06-12 18:24:00,86.3
2025-06-12 00:21:00,39.1
2025-06-12 19:46:00,54.8
2025-06-12 07:09:00,18.4
2025-06-12 04:45:00,95.4
2025-06-12 10:55:00,42.3
2025-06-12 03:27:00,17.6
2025-06-12 06:01:00,12.8
2025-06-12 13:02:00,49.594186729301235
2025-06-12 21:34:00,5.3
2025-06-12 13:18:00,88.5
2025-06-12 00:08:00,72.2
2025-06-12 14:30:00,49.594186729301235
2025-06-12 02:02:00,18.3
2025-06-12 00:33:00,43.6
2025-06-12 00:23:00,1.4
2025-06-12 12:14:00,54.3
2025-06-12 11:55:00,65.9
2025-06-12 19:56:00,18.0
2025-06-12 13:28:00,49.594186729301235
2025-06-12 00:43:00,63.9
2025-06-12 15:06:00,35.9
2025-06-12 03:57:00,38.2
2025-06-12 02:43:00,7.7
2025-06-12 08:54:00,77.0
2025-06-12 10:51:00,49.594186729301235
2025-06-12 11:38:00,38.8
2025-06-12 21:23:00,90.4
2025-06-12 02:03:00,55.0
2025-06-12 02:02:00,3.9
2025-06-12 04:58:00,49.594186729301235
2025-06-12 17:00:00,8.2
2025-06-12 20:26:00,70.9
2025-06-12 19:49:00,57.5
2025-06-12 14:50:00,8.6
2025-06-12 22:29:00,53.8
2025-06-12 14:56:00,24.7
2025-06-12 18:35:00,24.3
2025-06-12 01:04:00,66.4
2025-06-12 00:08:00,69.2
2025-06-12 02:08:00,62.9
2025-06-12 19:51:00,56.7
2025-06-12 21:42:00,93.1
2025-06-12 10:45:00,87.6
2025-06-12 05:55:00,23.6
2025-06-12 13:03:00,68.8
2025-06-12 16:08:00,66.3
2025-06-12 04:04:00,63.8
2025-06-12 00:37:00,66.7
2025-06-12 09:45:00,49.594186729301235
2025-06-12 02:29:00,88.5
2025-06-12 08:47:00,49.594186729301235
2025-06-12 14:25:00,40.4
2025-06-12 20:06:00,76.4
2025-06-12 04:52:00,52.5
2025-06-12 17:30:00,82.1
2025-06-12 23:24:00,87.0
2025-06-12 16:56:00,31.6
2025-06-12 20:29:00,33.5
2025-06-12 00:51:00,90.9
2025-06-12 06:53:00,51.1
2025-06-12 06:48:00,64.4
2025-06-12 15:01:00,25.8
2025-06-12 08:32:00,20.2
2025-06-12 13:14:00,37.8
2025-06-12 19:34:00,4.4
2025-06-12 20:57:00,12.6
2025-06-12 04:39:00,49.594186729301235
2025-06-12 23:12:00,6.1
2025-06-12 01:54:00,98.1
2025-06-12 23:14:00,6.6
2025-06-12 17:18:00,49.594186729301235
2025-06-12 19:07:00,34.4
2025-06-12 20:32:00,76.6
2025-06-12 07:10:00,81.5
2025-06-12 09:35:00,63.2
2025-06-12 00:16:00,75.6
2025-06-12 01:49:00,31.2
2025-06-12 21:26:00,49.594186729301235
2025-06-12 11:36:00,15.2
2025-06-12 11:31:00,91.9
2025-06-12 20:36:00,1.4
2025-06-12 14:49:00,66.3
2025-06-12 16:48:00,78.8
2025-06-12 18:08:00,87.7
2025-06-12 02:17:00,49.594186729301235
2025-06-12 14:46:00,15.1
2025-06-12 06:17:00,54.3
2025-06-12 15:30:00,87.8
2025-06-12 01:20:00,79.4
2025-06-12 21:44:00,55.6
2025-06-12 02:15:00,99.9
2025-06-12 02:30:00,28.9
2025-06-12 11:40:00,53.7
2025-06-12 22:40:00,26.7
2025-06-12 14:31:00,58.0
2025-06-12 04:10:00,86.6
2025-06-12 14:42:00,49.594186729301235
2025-06-12 02:39:00,46.5
2025-06-12 22:03:00,49.594186729301235
2025-06-12 16:07:00,35.7
2025-06-12 16:22:00,83.3
2025-06-12 19:46:00,9.7
2025-06-12 20:38:00,49.594186729301235
2025-06-12 11:58:00,49.594186729301235
2025-06-12 17:15:00,44.1
2025-06-12 16:30:00,0.2
2025-06-12 11:00:00,55.4
2025-06-12 20:07:00,50.3
2025-06-12 17:23:00,22.8
2025-06-12 07:09:00,43.2
2025-06-12 22:50:00,17.6
2025-06-12 06:10:00,87.4
2025-06-12 18:08:00,87.3
2025-06-12 12:50:00,43.0
2025-06-12 12:20:00,92.1
2025-06-12 14:35:00,40.4
2025-06-12 17:46:00,53.6
2025-06-12 16:55:00,18.3
2025-06-12 17:05:00,96.6
2025-06-12 05:15:00,27.5
2025-06-12 11:05:00,16.8
2025-06-12 21:05:00,24.0
2025-06-12 12:18:00,20.5
2025-06-12 06:19:00,33.9
2025-06-12 18:43:00,94.6
2025-06-12 14:21:00,8.7
2025-06-12 08:09:00,27.7
2025-06-12 07:48:00,96.6
2025-06-12 21:38:00,49.594186729301235
2025-06-12 20:36:00,49.594186729301235
2025-06-12 10:18:00,44.1
2025-06-12 00:42:00,91.3
2025-06-12 05:02:00,77.5
2025-06-12 12:51:00,99.1
2025-06-12 13:52:00,49.594186729301235
2025-06-12 18:56:00,8.0
2025-06-12 12:00:00,0.4
2025-06-12 00:46:00,69.2
2025-06-12 00:03:00,49.3
2025-06-12 00:31:00,17.2
2025-06-12 09:30:00,74.5
2025-06-12 14:31:00,32.5
2025-06-12 02:26:00,20.7
2025-06-12 20:42:00,98.4
2025-06-12 15:06:00,64.1
2025-06-12 12:43:00,49.594186729301235
2025-06-12 19:48:00,21.4
2025-06-12 01:31:00,46.3
2025-06-12 03:38:00,94.3
2025-06-12 04:10:00,49.594186729301235
2025-06-12 14:51:00,7.9
2025-06-12 01:19:00,83.3
2025-06-12 02:08:00,56.5
2025-06-12 17:52:00,98.1
2025-06-12 00:41:00,14.6
2025-06-12 02:13:00,7.9
2025-06-12 02:31:00,49.594186729301235
2025-06-12 08:46:00,41.8
2025-06-12 19:35:00,83.3
2025-06-12 17:41:00,2.4
2025-06-12 05:40:00,67.3
2025-06-12 13:12:00,49.594186729301235
2025-06-12 10:49:00,49.594186729301235
2025-06-12 22:31:00,12.9
2025-06-12 15:22:00,56.9
2025-06-12 03:13:00,49.594186729301235
2025-06-12 13:33:00,49.594186729301235
2025-06-12 13:32:00,34.9
2025-06-12 01:20:00,34.7
2025-06-12 12:21:00,23.0
2025-06-12 22:13:00,87.2
2025-06-12 22:48:00,50.03812089971884
2025-06-12 09:51:00,50.03812089971884
2025-06-12 01:38:00,96.1
2025-06-12 15:59:00,50.03812089971884
2025-06-12 23:56:00,50.03812089971884
2025-06-12 00:16:00,28.8
2025-06-12 15:02:00,60.7
2025-06-12 05:01:00,84.0
2025-06-12 18:31:00,24.9
2025-06-12 10:30:00,50.03812089971884
2025-06-12 07:07:00,91.0
2025-06-12 00:00:00,12.2
2025-06-12 10:49:00,89.1
2025-06-12 10:01:00,5.4
2025-06-12 22:58:00,94.8
2025-06-12 23:14:00,16.1
2025-06-12 13:42:00,50.03812089971884
2025-06-12 12:56:00,60.6
2025-06-12 13:21:00,96.1
2025-06-12 22:54:00,80.6
2025-06-12 14:30:00,50.03812089971884
2025-06-12 16:14:00,80.5
2025-06-12 22:32:00,44.6
2025-06-12 04:38:00,50.03812089971884
2025-06-12 15:32:00,27.8
2025-06-12 10:17:00,62.9
2025-06-12 06:57:00,47.8
2025-06-12 04:33:00,89.3
2025-06-12 04:45:00,41.6
2025-06-12 01:53:00,74.4
2025-06-12 00:49:00,23.3
2025-06-12 16:12:00,69.4
2025-06-12 11:50:00,80.4
2025-06-12 21:59:00,78.7
2025-06-12 19:53:00,5.6
2025-06-12 10:44:00,50.03812089971884
2025-06-12 04:07:00,49.3
2025-06-12 06:35:00,50.03812089971884
2025-06-12 12:49:00,50.03812089971884
2025-06-12 07:12:00,58.8
2025-06-12 08:06:00,18.9
2025-06-12 01:53:00,44.5
2025-06-12 06:49:00,50.03812089971884
2025-06-12 19:18:00,50.03812089971884
2025-06-12 05:16:00,61.3
2025-06-12 12:14:00,36.6
2025-06-12 05:02:00,74.0
2025-06-12 13:03:00,68.9
2025-06-12 08:04:00,12.5
2025-06-12 02:32:00,13.3
2025-06-12 00:42:00,37.2
2025-06-12 09:32:00,40.0
2025-06-12 09:45:00,56.2
2025-06-12 05:03:00,50.03812089971884
2025-06-12 02:42:00,82.4
2025-06-12 18:21:00,29.2
2025-06-12 18:55:00,38.5
2025-06-12 00:17:00,11.3
2025-06-12 17:45:00,19.8
2025-06-12 13:35:00,16.7
2025-06-12 16:30:00,33.9
2025-06-12 05:30:00,99.3
2025-06-12 22:15:00,57.3
2025-06-12 19:10:00,41.5
2025-06-12 22:08:00,30.3
2025-06-12 22:57:00,98.5
2025-06-12 07:36:00,41.9
2025-06-12 11:45:00,44.7
2025-06-12 12:31:00,75.3
2025-06-12 21:48:00,75.8
2025-06-12 03:24:00,74.9
2025-06-12 04:58:00,87.2
2025-06-12 12:24:00,50.03812089971884
2025-06-12 13:43:00,95.5
2025-06-12 00:28:00,47.2
2025-06-12 06:40:00,78.3
2025-06-12 08:45:00,50.03812089971884
2025-06-12 09:19:00,89.6
2025-06-12 00:32:00,64.3
2025-06-12 16:14:00,33.3
2025-06-12 04:31:00,97.7
2025-06-12 11:18:00,69.0
2025-06-12 02:00:00,35.0
2025-06-12 18:01:00,9.9
2025-06-12 18:52:00,50.03812089971884
2025-06-12 04:22:00,18.2
2025-06-12 04:21:00,42.2
2025-06-12 05:42:00,50.03812089971884
2025-06-12 12:39:00,2.2
2025-06-12 20:41:00,82.8
2025-06-12 07:32:00,97.9
2025-06-12 22:49:00,83.4
2025-06-12 17:17:00,50.03812089971884
2025-06-12 11:26:00,50.2
2025-06-12 13:43:00,50.03812089971884
2025-06-12 03:42:00,45.9
2025-06-12 21:26:00,50.03812089971884
2025-06-12 17:29:00,50.03812089971884
2025-06-12 11:01:00,11.4
2025-06-12 21:28:00,44.0
2025-06-12 20:02:00,44.3
2025-06-12 03:14:00,50.03812089971884
2025-06-12 03:23:00,88.8
2025-06-12 23:19:00,95.6
2025-06-12 04:35:00,50.03812089971884
2025-06-12 11:51:00,50.03812089971884
2025-06-12 23:49:00,95.2
2025-06-12 10:39:00,52.4
2025-06-12 23:19:00,17.6
2025-06-12 04:08:00,50.03812089971884
2025-06-12 08:06:00,34.3
2025-06-12 19:32:00,91.3
2025-06-12 08:03:00,50.03812089971884
2025-06-12 06:04:00,50.03812089971884
2025-06-12 09:34:00,77.1
2025-06-12 19:12:00,50.03812089971884
2025-06-12 16:45:00,64.6
2025-06-12 07:30:00,96.4
2025-06-12 08:46:00,60.4
2025-06-12 16:16:00,50.03812089971884
2025-06-12 23:18:00,6.3
2025-06-12 18:47:00,16.2
2025-06-12 06:21:00,92.6
2025-06-12 11:17:00,59.1
2025-06-12 22:49:00,80.2
2025-06-12 06:42:00,50.03812089971884
2025-06-12 04:01:00,25.6
2025-06-12 04:20:00,77.8
2025-06-12 17:17:00,67.7
2025-06-12 02:19:00,32.8
2025-06-12 20:40:00,7.8
2025-06-12 01:32:00,80.8
2025-06-12 18:34:00,68.2
2025-06-12 03:03:00,50.03812089971884
2025-06-12 03:28:00,50.03812089971884
2025-06-12 19:14:00,29.5
2025-06-12 20:10:00,1.7
2025-06-12 11:35:00,50.03812089971884
2025-06-12 07:39:00,42.9
2025-06-12 17:59:00,52.1
2025-06-12 15:28:00,67.0
2025-06-12 21:42:00,71.3
2025-06-12 08:46:00,86.9
2025-06-12 18:47:00,37.9
2025-06-12 01:31:00,67.1
2025-06-12 07:04:00,99.5
2025-06-12 22:04:00,78.0
2025-06-12 00:03:00,24.9
2025-06-12 20:40:00,97.2
2025-06-12 10:48:00,55.1
2025-06-12 20:47:00,92.6
2025-06-12 08:24:00,18.4
2025-06-12 19:45:00,55.0
2025-06-12 07:38:00,13.4
2025-06-12 08:56:00,31.7
2025-06-12 10:59:00,22.5
2025-06-12 02:14:00,52.9
2025-06-12 14:59:00,63.2
2025-06-12 18:04:00,50.03812089971884
2025-06-12 20:29:00,12.7
2025-06-12 06:26:00,38.3
2025-06-12 02:38:00,16.8
2025-06-12 03:31:00,83.5
2025-06-12 10:12:00,73.0
2025-06-12 05:15:00,3.1
2025-06-12 10:48:00,37.9
2025-06-12 02:37:00,50.03812089971884
2025-06-12 20:27:00,56.1
2025-06-12 14:39:00,22.2
2025-06-12 20:26:00,19.1
2025-06-12 19:43:00,17.6
2025-06-12 22:16:00,73.4
2025-06-12 02:47:00,32.1
2025-06-12 13:34:00,22.6
2025-06-12 06:35:00,75.7
2025-06-12 21:54:00,52.6
2025-06-12 01:29:00,83.9
2025-06-12 14:20:00,80.6
2025-06-12 13:41:00,3.5
2025-06-12 02:18:00,73.4
2025-06-12 09:43:00,5.5
2025-06-12 21:53:00,87.5
2025-06-12 02:58:00,96.2
2025-06-12 01:20:00,81.3
2025-06-12 08:11:00,52.4
2025-06-12 17:36:00,50.03812089971884
2025-06-12 06:07:00,16.1
2025-06-12 02:15:00,73.9
2025-06-12 14:27:00,3.4
2025-06-12 23:46:00,31.5
2025-06-12 18:45:00,10.0
2025-06-12 09:24:00,30.5
2025-06-12 17:16:00,62.3
2025-06-12 19:28:00,27.3
2025-06-12 14:08:00,50.03812089971884
2025-06-12 21:44:00,68.4
2025-06-12 05:08:00,71.5
2025-06-12 15:50:00,2.0
2025-06-12 18:01:00,83.4
2025-06-12 12:02:00,59.5
2025-06-12 11:30:00,81.1
2025-06-12 02:15:00,90.2
2025-06-12 17:37:00,32.7
2025-06-12 06:55:00,0.4
2025-06-12 20:34:00,94.6
2025-06-12 03:59:00,89.7
2025-06-12 13:48:00,50.03812089971884
2025-06-12 03:55:00,99.0
2025-06-12 07:19:00,42.8
2025-06-12 05:50:00,46.3
2025-06-12 11:42:00,84.6
2025-06-12 15:39:00,86.1
2025-06-12 07:47:00,56.6
2025-06-12 06:52:00,79.9
2025-06-12 02:29:00,3.8
2025-06-12 19:33:00,73.7
2025-06-12 21:02:00,59.2
2025-06-12 09:43:00,57.8
2025-06-12 07:21:00,13.3
2025-06-12 12:58:00,95.4
2025-06-12 15:25:00,28.7
2025-06-12 15:57:00,32.7
2025-06-12 03:33:00,19.3
2025-06-12 01:03:00,18.4
2025-06-12 23:52:00,50.03812089971884
2025-06-12 01:04:00,42.2
2025-06-12 07:57:00,20.7
2025-06-12 18:11:00,29.2
2025-06-12 12:53:00,94.2
2025-06-12 06:21:00,50.03812089971884
2025-06-12 10:59:00,47.4
2025-06-12 02:12:00,92.3
2025-06-12 09:52:00,50.03812089971884
2025-06-12 13:19:00,79.0
2025-06-12 11:28:00,50.03812089971884
2025-06-12 12:09:00,79.7
2025-06-12 18:26:00,58.8
2025-06-12 03:12:00,50.03812089971884
2025-06-12 06:01:00,99.1
2025-06-12 17:28:00,59.8
2025-06-12 06:25:00,26.2
2025-06-12 14:42:00,59.5
2025-06-12 18:14:00,50.03812089971884
2025-06-12 16:42:00,73.3
2025-06-12 00:21:00,5.3
2025-06-12 14:46:00,38.0
2025-06-12 16:23:00,89.1
2025-06-12 22:02:00,89.9
2025-06-12 17:33:00,49.0
2025-06-12 19:28:00,89.9
2025-06-12 14:56:00,3.7
2025-06-12 22:18:00,70.8
2025-06-12 18:13:00,63.2
2025-06-12 22:13:00,82.4
2025-06-12 01:12:00,90.9
2025-06-12 08:08:00,55.5
2025-06-12 17:12:00,72.3
2025-06-12 18:16:00,53.9
2025-06-12 12:28:00,5.7
2025-06-12 12:46:00,34.7
2025-06-12 14:36:00,70.9
2025-06-12 08:30:00,28.0
2025-06-12 06:39:00,50.03812089971884
2025-06-12 11:53:00,97.8
2025-06-12 13:00:00,98.7
2025-06-12 14:20:00,99.4
2025-06-12 21:07:00,60.5
2025-06-12 15:11:00,78.7
2025-06-12 15:24:00,23.5
2025-06-12 04:06:00,62.6
2025-06-12 02:11:00,82.6
2025-06-12 11:16:00,29.2
2025-06-12 16:29:00,18.8
2025-06-12 11:13:00,16.6
2025-06-12 11:45:00,51.2
2025-06-12 18:01:00,86.8
2025-06-12 14:14:00,74.3
2025-06-12 07:31:00,33.7
2025-06-12 11:13:00,19.2
2025-06-12 10:25:00,43.9
2025-06-12 12:15:00,28.4
2025-06-12 14:52:00,74.1
2025-06-12 12:41:00,21.5
2025-06-12 14:58:00,7.9
2025-06-12 11:31:00,88.9
2025-06-12 18:42:00,30.2
2025-06-12 08:43:00,30.9
2025-06-12 04:11:00,20.1
2025-06-12 04:45:00,28.5
2025-06-12 00:57:00,77.4
2025-06-12 12:07:00,18.7
2025-06-12 21:48:00,78.7
2025-06-12 02:05:00,60.1
2025-06-12 21:36:00,26.4
2025-06-12 05:26:00,46.2
2025-06-12 08:13:00,58.4
2025-06-12 08:26:00,1.7
2025-06-12 13:07:00,41.3
2025-06-12 18:24:00,74.1
2025-06-12 18:13:00,45.3
2025-06-12 18:39:00,53.8
2025-06-12 20:28:00,0.7
2025-06-12 15:32:00,27.8
2025-06-12 01:23:00,50.03812089971884
2025-06-12 12:00:00,50.03812089971884
2025-06-12 02:08:00,88.9
2025-06-12 19:23:00,65.9
2025-06-12 07:05:00,31.4
2025-06-12 23:07:00,6.3
2025-06-12 15:14:00,50.03812089971884
2025-06-12 10:14:00,92.1
2025-06-12 08:33:00,40.2
2025-06-12 00:20:00,50.03812089971884
2025-06-12 08:03:00,18.8
2025-06-12 19:22:00,28.1
2025-06-12 06:55:00,78.2
2025-06-12 01:43:00,62.1
2025-06-12 11:15:00,53.3
2025-06-12 05:27:00,50.03812089971884
2025-06-12 09:09:00,23.1
2025-06-12 03:30:00,0.4
2025-06-12 14:34:00,40.4
2025-06-12 19:13:00,78.1
2025-06-12 23:02:00,40.6
2025-06-12 00:40:00,68.6
2025-06-12 20:55:00,64.7
2025-06-12 07:41:00,46.9
2025-06-12 06:54:00,15.5
2025-06-12 03:08:00,50.03812089971884
2025-06-12 11:15:00,65.7
2025-06-12 11:55:00,87.9
2025-06-12 17:33:00,4.6
2025-06-12 05:35:00,49.697634180790956
2025-06-12 13:40:00,84.1
2025-06-12 14:09:00,49.697634180790956
2025-06-12 06:32:00,59.4
2025-06-12 21:26:00,78.5
2025-06-12 08:56:00,8.8
2025-06-12 15:24:00,30.9
2025-06-12 19:47:00,49.697634180790956
2025-06-12 08:31:00,54.7
2025-06-12 10:55:00,93.1
2025-06-12 13:53:00,58.8
2025-06-12 16:16:00,89.3
2025-06-12 00:37:00,76.7
2025-06-12 06:35:00,33.3
2025-06-12 08:42:00,7.0
2025-06-12 20:52:00,49.697634180790956
2025-06-12 21:25:00,75.2
2025-06-12 11:36:00,15.8
2025-06-12 16:27:00,49.6
2025-06-12 09:06:00,78.0
2025-06-12 11:17:00,55.4
2025-06-12 21:10:00,63.9
2025-06-12 09:24:00,25.9
2025-06-12 06:48:00,60.8
2025-06-12 09:14:00,79.3
2025-06-12 23:09:00,6.8
2025-06-12 23:04:00,92.1
2025-06-12 20:37:00,61.5
2025-06-12 22:19:00,48.1
2025-06-12 17:13:00,36.3
2025-06-12 22:08:00,81.4
2025-06-12 04:40:00,96.4
2025-06-12 13:49:00,48.7
2025-06-12 22:25:00,83.0
2025-06-12 08:13:00,25.7
2025-06-12 04:09:00,82.4
2025-06-12 18:37:00,10.3
2025-06-12 15:54:00,79.5
2025-06-12 01:39:00,49.697634180790956
2025-06-12 22:31:00,12.3
2025-06-12 19:03:00,36.2
2025-06-12 17:39:00,95.9
2025-06-12 18:22:00,40.8
2025-06-12 20:44:00,74.9
2025-06-12 10:30:00,98.4
2025-06-12 21:55:00,67.9
2025-06-12 20:50:00,22.6
2025-06-12 01:26:00,40.3
2025-06-12 01:34:00,5.2
2025-06-12 07:58:00,49.697634180790956
2025-06-12 03:33:00,95.9
2025-06-12 03:52:00,11.8
2025-06-12 06:32:00,96.6
2025-06-12 04:04:00,48.9
2025-06-12 11:52:00,42.5
2025-06-12 01:38:00,88.9
2025-06-12 06:08:00,40.9
2025-06-12 01:27:00,68.0
2025-06-12 02:10:00,20.2
2025-06-12 19:19:00,49.697634180790956
2025-06-12 19:37:00,76.7
2025-06-12 08:19:00,3.6
2025-06-12 08:12:00,96.7
2025-06-12 23:37:00,5.9
2025-06-12 17:06:00,35.8
2025-06-12 06:51:00,49.697634180790956
2025-06-12 10:47:00,98.2
2025-06-12 14:56:00,34.9
2025-06-12 16:47:00,60.1
2025-06-12 18:10:00,29.0
2025-06-12 02:03:00,58.1
2025-06-12 21:06:00,73.2
2025-06-12 08:20:00,87.2
2025-06-12 20:50:00,91.8
2025-06-12 05:12:00,53.9
2025-06-12 09:29:00,6.0
2025-06-12 11:32:00,85.4
2025-06-12 08:39:00,51.0
2025-06-12 15:52:00,42.2
2025-06-12 00:33:00,11.8
2025-06-12 21:08:00,60.6
2025-06-12 09:48:00,36.7
2025-06-12 12:32:00,0.1
2025-06-12 23:17:00,89.1
2025-06-12 01:24:00,74.5
2025-06-12 04:16:00,28.1
2025-06-12 06:30:00,54.9
2025-06-12 03:37:00,53.4
2025-06-12 17:12:00,64.8
2025-06-12 06:50:00,49.697634180790956
2025-06-12 09:07:00,49.697634180790956
2025-06-12 06:20:00,95.8
2025-06-12 21:16:00,21.6
2025-06-12 19:39:00,94.7
2025-06-12 14:05:00,75.7
2025-06-12 05:07:00,18.6
2025-06-12 08:44:00,3.3
2025-06-12 09:15:00,29.8
2025-06-12 03:22:00,55.0
2025-06-12 08:54:00,49.697634180790956
2025-06-12 00:02:00,49.697634180790956
2025-06-12 16:01:00,3.5
2025-06-12 22:21:00,63.0
2025-06-12 14:59:00,34.1
2025-06-12 18:00:00,26.4
2025-06-12 13:29:00,3.7
2025-06-12 11:51:00,75.2
2025-06-12 15:45:00,15.3
2025-06-12 19:36:00,5.2
2025-06-12 07:10:00,46.7
2025-06-12 01:55:00,11.8
2025-06-12 09:19:00,12.6
2025-06-12 01:13:00,49.697634180790956
2025-06-12 14:28:00,3.2
2025-06-12 01:06:00,29.4
2025-06-12 21:37:00,15.4
2025-06-12 14:43:00,29.1
2025-06-12 01:02:00,49.697634180790956
2025-06-12 19:03:00,4.8
2025-06-12 09:20:00,35.8
2025-06-12 01:30:00,18.7
2025-06-12 09:55:00,83.2
2025-06-12 01:03:00,84.8
2025-06-12 13:41:00,41.6
2025-06-12 14:02:00,38.4
2025-06-12 01:50:00,84.5
2025-06-12 13:31:00,0.6
2025-06-12 03:02:00,49.697634180790956
2025-06-12 21:58:00,58.3
2025-06-12 09:23:00,49.697634180790956
2025-06-12 08:35:00,53.5
2025-06-12 14:12:00,88.0
2025-06-12 05:15:00,40.2
2025-06-12 07:58:00,22.1
2025-06-12 13:35:00,94.8
2025-06-12 09:11:00,99.0
2025-06-12 17:47:00,69.6
2025-06-12 19:00:00,1.0
2025-06-12 05:23:00,74.9
2025-06-12 05:15:00,58.3
2025-06-12 06:42:00,18.9
2025-06-12 04:45:00,60.6
2025-06-12 15:57:00,38.2
2025-06-12 16:32:00,18.3
2025-06-12 04:37:00,88.0
2025-06-12 12:43:00,41.2
2025-06-12 07:35:00,17.7
2025-06-12 12:26:00,49.697634180790956
2025-06-12 19:42:00,73.3
2025-06-12 08:03:00,97.4
2025-06-12 22:42:00,97.6
2025-06-12 21:17:00,63.9
2025-06-12 18:44:00,49.697634180790956
2025-06-12 09:39:00,45.4
2025-06-12 19:40:00,71.9
2025-06-12 11:51:00,72.0
2025-06-12 18:26:00,41.8
2025-06-12 14:37:00,88.6
2025-06-12 23:10:00,5.0
2025-06-12 02:29:00,43.5
2025-06-12 22:36:00,50.6
2025-06-12 18:35:00,0.7
2025-06-12 19:56:00,12.7
2025-06-12 22:56:00,67.5
2025-06-12 13:40:00,76.7
2025-06-12 06:14:00,61.9
2025-06-12 12:34:00,57.5
2025-06-12 06:17:00,7.3
2025-06-12 22:42:00,16.8
2025-06-12 08:55:00,13.6
2025-06-12 02:47:00,49.697634180790956
2025-06-12 09:17:00,10.2
2025-06-12 06:08:00,61.6
2025-06-12 11:55:00,15.1
2025-06-12 03:17:00,62.9
2025-06-12 13:10:00,43.4
2025-06-12 11:37:00,62.0
2025-06-12 05:46:00,49.4
2025-06-12 08:17:00,44.4
2025-06-12 18:19:00,5.8
2025-06-12 02:23:00,84.5
2025-06-12 09:50:00,8.4
2025-06-12 03:56:00,78.5
2025-06-12 18:49:00,49.697634180790956
2025-06-12 14:24:00,71.3
2025-06-12 19:59:00,73.9
2025-06-12 08:32:00,30.0
2025-06-12 10:37:00,72.4
2025-06-12 17:20:00,97.5
2025-06-12 12:46:00,49.697634180790956
2025-06-12 21:55:00,18.7
2025-06-12 23:11:00,49.697634180790956
2025-06-12 00:58:00,93.7
2025-06-12 18:11:00,49.697634180790956
2025-06-12 16:41:00,89.5
2025-06-12 12:15:00,82.1
2025-06-12 20:56:00,52.2
2025-06-12 10:43:00,43.2
2025-06-12 20:40:00,15.8
2025-06-12 08:49:00,42.6
2025-06-12 04:30:00,93.5
2025-06-12 20:21:00,7.6
2025-06-12 20:27:00,28.8
2025-06-12 12:41:00,21.2
2025-06-12 06:17:00,49.697634180790956
2025-06-12 17:08:00,24.8
2025-06-12 06:28:00,49.697634180790956
2025-06-12 12:53:00,35.8
2025-06-12 16:10:00,49.697634180790956
2025-06-12 23:08:00,49.697634180790956
2025-06-12 18:02:00,3.7
2025-06-12 13:31:00,62.1
2025-06-12 10:47:00,99.2
2025-06-12 16:31:00,6.9
2025-06-12 16:58:00,55.5
2025-06-12 18:45:00,49.697634180790956
2025-06-12 23:36:00,57.1
2025-06-12 06:15:00,13.1
2025-06-12 14:27:00,94.5
2025-06-12 03:01:00,72.8
2025-06-12 13:21:00,28.7
2025-06-12 12:24:00,64.1
2025-06-12 09:58:00,25.8
2025-06-12 02:05:00,1.4
2025-06-12 07:15:00,1.8
2025-06-12 20:20:00,2.6
2025-06-12 13:50:00,46.9
2025-06-12 17:02:00,49.697634180790956
2025-06-12 08:55:00,68.6
2025-06-12 00:34:00,49.697634180790956
2025-06-12 21:18:00,51.8
2025-06-12 13:47:00,33.7
2025-06-12 09:53:00,49.697634180790956
2025-06-12 10:56:00,75.6
2025-06-12 10:13:00,62.2
2025-06-12 08:50:00,46.1
2025-06-12 04:47:00,75.1
2025-06-12 10:28:00,24.5
2025-06-12 05:50:00,3.5
2025-06-12 15:47:00,49.697634180790956
2025-06-12 11:29:00,49.697634180790956
2025-06-12 11:50:00,70.5
2025-06-12 17:38:00,57.7
2025-06-12 22:59:00,64.9
2025-06-12 22:04:00,14.9
2025-06-12 18:32:00,23.4
2025-06-12 18:17:00,8.3
2025-06-12 18:43:00,41.5
2025-06-12 23:48:00,45.2
2025-06-12 01:26:00,85.2
2025-06-12 23:23:00,55.1
2025-06-12 00:33:00,39.3
2025-06-12 21:14:00,19.3
2025-06-12 14:14:00,4.6
2025-06-12 04:53:00,73.6
2025-06-12 15:27:00,84.9
2025-06-12 11:08:00,99.3
2025-06-12 23:43:00,80.8
2025-06-12 07:10:00,49.697634180790956
2025-06-12 15:10:00,28.6
2025-06-12 18:14:00,75.0
2025-06-12 14:51:00,49.697634180790956
2025-06-12 19:16:00,15.6
2025-06-12 20:50:00,52.8
2025-06-12 15:23:00,83.2
2025-06-12 12:59:00,76.6
2025-06-12 07:19:00,48.4
2025-06-12 21:03:00,49.697634180790956
2025-06-12 19:55:00,29.1
2025-06-12 20:57:00,19.4
2025-06-12 22:14:00,74.1
2025-06-12 16:37:00,12.7
2025-06-12 17:17:00,89.8
2025-06-12 05:05:00,13.6
2025-06-12 09:09:00,36.8
2025-06-12 07:21:00,49.697634180790956
2025-06-12 15:15:00,49.697634180790956
2025-06-12 22:48:00,56.6
2025-06-12 09:31:00,52.2
2025-06-12 15:03:00,11.6
2025-06-12 13:22:00,45.7
2025-06-12 14:52:00,48.6
2025-06-12 17:38:00,49.697634180790956
2025-06-12 11:34:00,5.6
2025-06-12 03:19:00,47.0
2025-06-12 00:42:00,52.2
2025-06-12 20:00:00,49.697634180790956
2025-06-12 10:15:00,84.0
2025-06-12 17:48:00,60.0
2025-06-12 23:30:00,37.9
2025-06-12 08:43:00,13.4
2025-06-12 12:25:00,76.8
2025-06-12 13:46:00,81.3
2025-06-12 17:17:00,54.5
2025-06-12 20:21:00,49.697634180790956
2025-06-12 10:35:00,88.4
2025-06-12 07:33:00,96.8
2025-06-12 11:06:00,88.2
2025-06-12 09:10:00,49.697634180790956
2025-06-12 23:25:00,81.5
2025-06-12 14:04:00,9.1
2025-06-12 17:54:00,65.7
2025-06-12 13:04:00,80.2
2025-06-12 18:09:00,15.3
2025-06-12 14:05:00,17.6
2025-06-12 03:18:00,66.0
2025-06-12 14:55:00,36.6
2025-06-12 10:07:00,49.697634180790956
2025-06-12 06:34:00,74.5
2025-06-12 17:04:00,79.9
2025-06-12 09:02:00,64.9
2025-06-12 17:43:00,49.697634180790956
2025-06-12 23:09:00,95.4
2025-06-12 09:37:00,49.81454693687398
2025-06-12 01:06:00,84.7
2025-06-12 18:30:00,11.8
2025-06-12 05:25:00,30.0
2025-06-12 03:26:00,75.8
2025-06-12 12:10:00,84.4
2025-06-12 14:17:00,11.6
2025-06-12 23:27:00,89.6
2025-06-12 09:01:00,29.8
2025-06-12 18:55:00,47.4
2025-06-12 10:41:00,21.0
2025-06-12 15:27:00,37.8
2025-06-12 05:27:00,16.4
2025-06-12 02:04:00,96.2
2025-06-12 08:19:00,30.9
2025-06-12 19:27:00,95.5
2025-06-12 05:35:00,77.1
2025-06-12 20:09:00,68.5
2025-06-12 12:08:00,32.2
2025-06-12 06:55:00,49.81454693687398
2025-06-12 21:48:00,66.1
2025-06-12 03:33:00,53.8
2025-06-12 11:48:00,49.81454693687398
2025-06-12 03:19:00,70.7
2025-06-12 16:26:00,18.3
2025-06-12 06:45:00,71.9
2025-06-12 00:07:00,18.8
2025-06-12 18:09:00,2.3
2025-06-12 03:06:00,63.0
2025-06-12 21:11:00,80.0
2025-06-12 02:51:00,99.7
2025-06-12 02:33:00,10.9
2025-06-12 01:29:00,86.4
2025-06-12 08:20:00,49.81454693687398
2025-06-12 16:08:00,19.0
2025-06-12 07:56:00,92.5
2025-06-12 02:11:00,21.8
2025-06-12 08:47:00,36.4
2025-06-12 00:41:00,15.7
2025-06-12 02:26:00,7.9
2025-06-12 18:44:00,10.4
2025-06-12 16:37:00,73.2
2025-06-12 11:27:00,12.8
2025-06-12 18:45:00,19.2
2025-06-12 10:10:00,40.7
2025-06-12 21:51:00,76.8
2025-06-12 17:25:00,60.5
2025-06-12 00:57:00,17.0
2025-06-12 19:54:00,15.6
2025-06-12 06:57:00,6.2
2025-06-12 16:28:00,15.2
2025-06-12 16:00:00,47.3
2025-06-12 15:10:00,58.1
2025-06-12 16:51:00,7.0
2025-06-12 10:46:00,72.4
2025-06-12 12:06:00,95.5
2025-06-12 10:10:00,82.7
2025-06-12 18:54:00,35.3
2025-06-12 12:20:00,10.4
2025-06-12 10:00:00,49.81454693687398
2025-06-12 11:27:00,23.5
2025-06-12 03:39:00,4.2
2025-06-12 01:01:00,49.81454693687398
2025-06-12 03:34:00,25.0
2025-06-12 13:28:00,42.5
2025-06-12 23:49:00,5.1
2025-06-12 08:26:00,66.4
2025-06-12 19:05:00,79.3
2025-06-12 20:00:00,0.9
2025-06-12 04:23:00,96.0
2025-06-12 17:25:00,49.81454693687398
2025-06-12 23:27:00,3.9
2025-06-12 07:59:00,25.3
2025-06-12 05:53:00,62.1
2025-06-12 22:18:00,13.4
2025-06-12 19:08:00,85.1
2025-06-12 00:23:00,49.6
2025-06-12 13:35:00,52.4
2025-06-12 08:45:00,1.6
2025-06-12 03:00:00,31.0
2025-06-12 18:48:00,27.3
2025-06-12 11:52:00,11.6
2025-06-12 08:08:00,33.0
2025-06-12 16:23:00,49.81454693687398
2025-06-12 09:23:00,49.81454693687398
2025-06-12 03:21:00,98.9
2025-06-12 08:21:00,12.4
2025-06-12 08:31:00,94.0
2025-06-12 19:37:00,1.1
2025-06-12 02:21:00,80.2
2025-06-12 06:09:00,62.0
2025-06-12 19:24:00,37.7
2025-06-12 08:07:00,18.9
2025-06-12 18:40:00,12.0
2025-06-12 22:02:00,38.9
2025-06-12 16:56:00,42.7
2025-06-12 04:31:00,89.4
2025-06-12 04:22:00,16.6
2025-06-12 17:56:00,16.2
2025-06-12 22:34:00,71.4
2025-06-12 16:31:00,36.5
2025-06-12 19:29:00,49.81454693687398
2025-06-12 13:43:00,77.2
2025-06-12 19:57:00,81.5
2025-06-12 18:10:00,17.1
2025-06-12 00:19:00,72.0
2025-06-12 23:49:00,14.4
2025-06-12 22:16:00,86.2
2025-06-12 17:24:00,79.7
2025-06-12 15:57:00,77.8
2025-06-12 06:11:00,53.4
2025-06-12 08:52:00,21.8
2025-06-12 15:37:00,29.8
2025-06-12 14:24:00,5.7
2025-06-12 02:15:00,86.4
2025-06-12 05:58:00,9.0
2025-06-12 14:52:00,49.81454693687398
2025-06-12 04:12:00,17.4
2025-06-12 13:38:00,33.4
2025-06-12 01:28:00,63.4
2025-06-12 20:57:00,25.3
2025-06-12 17:03:00,49.81454693687398
2025-06-12 21:55:00,49.81454693687398
2025-06-12 14:19:00,49.81454693687398
2025-06-12 22:13:00,49.81454693687398
2025-06-12 05:06:00,86.3
2025-06-12 02:53:00,10.6
2025-06-12 00:54:00,36.7
2025-06-12 19:27:00,33.3
2025-06-12 02:20:00,52.0
2025-06-12 04:55:00,15.0
2025-06-12 21:09:00,24.0
2025-06-12 13:09:00,23.7
2025-06-12 15:36:00,40.8
2025-06-12 00:47:00,74.1
2025-06-12 15:44:00,77.0
2025-06-12 03:36:00,14.5
2025-06-12 09:36:00,7.1
2025-06-12 21:40:00,24.0
2025-06-12 18:39:00,49.81454693687398
2025-06-12 04:18:00,39.0
2025-06-12 19:42:00,48.0
2025-06-12 17:24:00,6.0
2025-06-12 20:36:00,44.1
2025-06-12 08:15:00,49.81454693687398
2025-06-12 07:34:00,16.5
2025-06-12 04:24:00,49.81454693687398
2025-06-12 00:22:00,90.0
2025-06-12 00:50:00,30.7
2025-06-12 16:34:00,69.4
2025-06-12 07:29:00,0.7
2025-06-12 13:27:00,64.2
2025-06-12 04:27:00,33.4
2025-06-12 06:44:00,49.81454693687398
2025-06-12 17:14:00,6.3
2025-06-12 21:36:00,16.7
2025-06-12 21:22:00,49.81454693687398
2025-06-12 02:39:00,74.5
2025-06-12 12:13:00,74.5
2025-06-12 04:37:00,49.81454693687398
2025-06-12 11:32:00,95.4
2025-06-12 21:12:00,21.6
2025-06-12 04:15:00,99.5
2025-06-12 12:48:00,30.6
2025-06-12 00:14:00,69.8
2025-06-12 04:07:00,26.5
2025-06-12 10:34:00,83.9
2025-06-12 11:35:00,34.1
2025-06-12 19:22:00,94.2
2025-06-12 05:18:00,19.5
2025-06-12 05:37:00,23.5
2025-06-12 22:39:00,37.9
2025-06-12 16:27:00,18.9
2025-06-12 13:40:00,49.81454693687398
2025-06-12 16:27:00,52.9
2025-06-12 04:24:00,66.2
2025-06-12 01:09:00,36.6
2025-06-12 03:29:00,32.6
2025-06-12 16:11:00,26.1
2025-06-12 22:40:00,3.7
2025-06-12 16:20:00,49.81454693687398
2025-06-12 22:35:00,71.2
2025-06-12 01:15:00,54.7
2025-06-12 17:15:00,96.9
2025-06-12 07:16:00,5.8
2025-06-12 06:37:00,81.0
2025-06-12 23:47:00,45.9
2025-06-12 10:31:00,37.4
2025-06-12 09:30:00,9.0
2025-06-12 15:16:00,87.7
2025-06-12 01:25:00,29.3
2025-06-12 02:14:00,49.81454693687398
2025-06-12 15:10:00,24.7
2025-06-12 12:07:00,18.0
2025-06-12 16:36:00,49.81454693687398
2025-06-12 23:57:00,60.2
2025-06-12 17:49:00,33.0
2025-06-12 08:50:00,49.81454693687398
2025-06-12 06:09:00,35.0
2025-06-12 07:48:00,22.9
2025-06-12 02:34:00,81.1
2025-06-12 13:54:00,55.5
2025-06-12 17:26:00,95.1
2025-06-12 03:21:00,49.81454693687398
2025-06-12 14:07:00,49.81454693687398
2025-06-12 09:51:00,60.3
2025-06-12 21:21:00,26.3
2025-06-12 17:49:00,61.5
2025-06-12 18:07:00,10.1
2025-06-12 23:38:00,1.0
2025-06-12 06:59:00,49.81454693687398
2025-06-12 06:53:00,55.8
2025-06-12 17:01:00,62.3
2025-06-12 18:40:00,26.6
2025-06-12 04:58:00,24.4
2025-06-12 19:51:00,4.8
2025-06-12 23:48:00,7.5
2025-06-12 17:56:00,46.8
2025-06-12 07:46:00,7.3
2025-06-12 19:25:00,17.9
2025-06-12 04:15:00,77.2
2025-06-12 01:31:00,6.0
2025-06-12 13:21:00,35.4
2025-06-12 15:02:00,36.0
2025-06-12 00:34:00,70.7
2025-06-12 15:20:00,15.9
2025-06-12 05:45:00,12.1
2025-06-12 10:38:00,51.7
2025-06-12 03:00:00,79.5
2025-06-12 01:49:00,49.81454693687398
2025-06-12 15:44:00,15.7
2025-06-12 04:27:00,34.3
2025-06-12 08:50:00,49.9
2025-06-12 11:27:00,43.4
2025-06-12 06:51:00,49.81454693687398
2025-06-12 21:32:00,30.7
2025-06-12 13:51:00,58.6
2025-06-12 23:35:00,68.2
2025-06-12 18:41:00,73.9
2025-06-12 13:49:00,28.1
2025-06-12 04:05:00,9.3
2025-06-12 03:21:00,49.81454693687398
2025-06-12 03:00:00,61.9
2025-06-12 21:53:00,60.0
2025-06-12 21:44:00,26.1
2025-06-12 15:45:00,76.5
2025-06-12 18:34:00,14.6
2025-06-12 20:24:00,87.9
2025-06-12 00:45:00,94.2
2025-06-12 13:54:00,0.0
2025-06-12 21:18:00,49.81454693687398
2025-06-12 22:20:00,40.6
2025-06-12 21:03:00,81.7
2025-06-12 07:10:00,49.1
2025-06-12 22:56:00,49.3
2025-06-12 09:30:00,83.0
2025-06-12 01:25:00,55.0
2025-06-12 09:17:00,52.7
2025-06-12 06:15:00,19.5
2025-06-12 22:51:00,55.1
2025-06-12 21:46:00,49.81454693687398
2025-06-12 06:11:00,26.0
2025-06-12 08:58:00,5.7
2025-06-12 05:02:00,93.4
2025-06-12 00:01:00,69.7
2025-06-12 13:18:00,65.4
2025-06-12 04:47:00,14.8
2025-06-12 06:07:00,76.7
2025-06-12 09:04:00,48.8
2025-06-12 11:14:00,25.8
2025-06-12 01:07:00,53.7
2025-06-12 16:16:00,21.4
2025-06-12 02:48:00,72.4
2025-06-12 10:22:00,90.0
2025-06-12 02:37:00,53.0
2025-06-12 06:00:00,49.81454693687398
2025-06-12 10:06:00,12.0
2025-06-12 08:33:00,13.1
2025-06-12 06:43:00,85.4
2025-06-12 15:51:00,86.4
2025-06-12 00:02:00,7.5
2025-06-12 21:25:00,88.5
2025-06-12 15:49:00,58.8
2025-06-12 15:38:00,49.81454693687398
2025-06-12 09:48:00,70.1
2025-06-12 16:51:00,93.5
2025-06-12 07:29:00,32.5
2025-06-12 00:51:00,60.5
2025-06-12 16:15:00,49.81454693687398
2025-06-12 17:26:00,49.81454693687398
2025-06-12 01:08:00,44.5
2025-06-12 13:45:00,54.1
2025-06-12 15:32:00,49.81454693687398
2025-06-12 15:01:00,82.7
2025-06-12 01:42:00,49.81454693687398
2025-06-12 23:28:00,37.2
2025-06-12 14:00:00,51.5
2025-06-12 13:18:00,71.2
2025-06-12 22:28:00,18.5
2025-06-12 06:40:00,35.4
2025-06-12 13:18:00,18.9
2025-06-12 07:54:00,95.5
2025-06-12 23:15:00,49.81454693687398
2025-06-12 19:29:00,50.5
2025-06-12 09:44:00,49.81454693687398
2025-06-12 02:50:00,30.4
2025-06-12 06:08:00,40.9
2025-06-12 03:12:00,88.9
2025-06-12 02:05:00,89.5
2025-06-12 04:38:00,1.9
2025-06-12 07:44:00,12.8
2025-06-12 04:09:00,5.2
2025-06-12 07:40:00,64.3
2025-06-12 23:41:00,49.81454693687398
2025-06-12 14:56:00,74.3
2025-06-12 21:44:00,5.3
2025-06-12 01:23:00,72.7
2025-06-12 03:56:00,86.4
2025-06-12 00:29:00,5.8
2025-06-12 12:29:00,28.8
2025-06-12 13:28:00,21.9
2025-06-12 12:40:00,56.3
2025-06-12 15:43:00,20.8
2025-06-12 17:29:00,67.6
2025-06-12 23:50:00,63.9
2025-06-12 16:22:00,0.4
2025-06-12 04:11:00,67.3
2025-06-12 14:08:00,50.17466168922071
2025-06-12 11:34:00,3.8
2025-06-12 06:34:00,13.9
2025-06-12 15:42:00,11.0
2025-06-12 07:51:00,51.6
2025-06-12 23:00:00,53.2
2025-06-12 22:30:00,50.3
2025-06-12 21:32:00,38.0
2025-06-12 19:11:00,48.6
2025-06-12 01:39:00,30.6
2025-06-12 15:36:00,18.5
2025-06-12 06:25:00,20.5
2025-06-12 01:21:00,52.3
2025-06-12 01:45:00,91.7
2025-06-12 02:15:00,99.4
2025-06-12 00:14:00,74.1
2025-06-12 01:48:00,44.4
2025-06-12 18:30:00,2.0
2025-06-12 00:12:00,23.1
2025-06-12 02:25:00,50.17466168922071
2025-06-12 07:37:00,6.0
2025-06-12 11:05:00,48.0
2025-06-12 22:54:00,50.17466168922071
2025-06-12 03:50:00,42.3
2025-06-12 21:50:00,91.1
2025-06-12 17:58:00,53.0
2025-06-12 09:30:00,2.6
2025-06-12 21:22:00,44.4
2025-06-12 16:19:00,3.0
2025-06-12 21:51:00,5.4
2025-06-12 19:38:00,24.5
2025-06-12 21:58:00,50.17466168922071
2025-06-12 16:11:00,68.3
2025-06-12 10:51:00,31.4
2025-06-12 13:05:00,47.3
2025-06-12 01:11:00,88.5
2025-06-12 13:50:00,3.5
2025-06-12 02:50:00,58.9
2025-06-12 22:44:00,66.9
2025-06-12 00:19:00,67.5
2025-06-12 00:10:00,97.4
2025-06-12 14:17:00,66.3
2025-06-12 02:41:00,57.0
2025-06-12 00:09:00,16.0
2025-06-12 01:49:00,53.7
2025-06-12 05:01:00,50.17466168922071
2025-06-12 05:46:00,70.3
2025-06-12 20:24:00,51.5
2025-06-12 03:36:00,95.2
2025-06-12 19:29:00,94.8
2025-06-12 21:00:00,95.8
2025-06-12 16:41:00,60.7
2025-06-12 15:27:00,47.5
2025-06-12 19:28:00,14.7
2025-06-12 20:31:00,55.9
2025-06-12 06:28:00,30.5
2025-06-12 07:54:00,25.6
2025-06-12 10:45:00,0.9
2025-06-12 12:12:00,64.9
2025-06-12 14:26:00,50.17466168922071
2025-06-12 05:58:00,66.1
2025-06-12 10:42:00,22.2
2025-06-12 11:58:00,44.7
2025-06-12 22:34:00,40.7
2025-06-12 21:32:00,31.4
2025-06-12 00:05:00,29.4
2025-06-12 16:30:00,80.5
2025-06-12 11:09:00,56.4
2025-06-12 14:14:00,12.2
2025-06-12 12:34:00,73.2
2025-06-12 20:48:00,93.6
2025-06-12 02:23:00,92.0
2025-06-12 00:57:00,11.2
2025-06-12 14:34:00,71.8
2025-06-12 05:04:00,71.3
2025-06-12 08:48:00,42.9
2025-06-12 18:36:00,49.6
2025-06-12 19:29:00,1.5
2025-06-12 21:14:00,10.6
2025-06-12 08:24:00,31.9
2025-06-12 15:16:00,58.8
2025-06-12 06:31:00,92.4
2025-06-12 10:12:00,36.1
2025-06-12 04:05:00,89.6
2025-06-12 04:47:00,91.4
2025-06-12 16:23:00,30.8
2025-06-12 10:55:00,71.7
2025-06-12 22:09:00,24.5
2025-06-12 20:43:00,81.2
2025-06-12 19:57:00,5.1
2025-06-12 11:14:00,74.1
2025-06-12 07:32:00,94.8
2025-06-12 15:08:00,83.7
2025-06-12 04:07:00,50.17466168922071
2025-06-12 02:42:00,26.5
2025-06-12 06:07:00,50.17466168922071
2025-06-12 17:01:00,11.0
2025-06-12 02:01:00,89.0
2025-06-12 02:09:00,81.7
2025-06-12 02:50:00,39.5
2025-06-12 20:10:00,61.5
2025-06-12 07:47:00,50.17466168922071
2025-06-12 09:30:00,14.3
2025-06-12 23:52:00,27.3
2025-06-12 15:54:00,20.5
2025-06-12 23:12:00,19.4
2025-06-12 23:20:00,44.8
2025-06-12 16:44:00,38.6
2025-06-12 20:55:00,54.7
2025-06-12 03:40:00,63.1
2025-06-12 23:25:00,55.7
2025-06-12 04:36:00,37.4
2025-06-12 05:37:00,2.1
2025-06-12 19:04:00,52.5
2025-06-12 04:06:00,50.1
2025-06-12 21:47:00,18.3
2025-06-12 13:31:00,71.6
2025-06-12 00:30:00,19.4
2025-06-12 23:21:00,46.6
2025-06-12 19:25:00,50.17466168922071
2025-06-12 22:47:00,24.7
2025-06-12 22:21:00,93.4
2025-06-12 13:48:00,66.2
2025-06-12 14:15:00,61.8
2025-06-12 05:10:00,37.3
2025-06-12 21:36:00,3.2
2025-06-12 14:16:00,92.5
2025-06-12 22:09:00,5.4
2025-06-12 17:57:00,71.3
2025-06-12 15:38:00,57.4
2025-06-12 10:24:00,12.3
2025-06-12 07:37:00,83.2
2025-06-12 06:36:00,19.3
2025-06-12 15:17:00,22.2
2025-06-12 22:57:00,8.6
2025-06-12 14:38:00,26.2
2025-06-12 14:28:00,52.6
2025-06-12 22:50:00,21.0
2025-06-12 21:33:00,67.9
2025-06-12 16:14:00,11.9
2025-06-12 09:14:00,67.5
2025-06-12 18:01:00,15.2
2025-06-12 12:26:00,74.9
2025-06-12 07:48:00,2.7
2025-06-12 21:01:00,6.9
2025-06-12 05:48:00,60.1
2025-06-12 07:59:00,38.3
2025-06-12 19:59:00,9.4
2025-06-12 12:57:00,47.5
2025-06-12 06:42:00,50.17466168922071
2025-06-12 08:25:00,41.8
2025-06-12 19:30:00,74.1
2025-06-12 15:04:00,42.6
2025-06-12 23:29:00,41.2
2025-06-12 02:57:00,39.7
2025-06-12 20:23:00,50.17466168922071
2025-06-12 13:08:00,84.2
2025-06-12 10:49:00,60.5
2025-06-12 15:00:00,50.17466168922071
2025-06-12 05:51:00,50.17466168922071
2025-06-12 16:07:00,50.17466168922071
2025-06-12 21:15:00,67.7
2025-06-12 18:14:00,99.8
2025-06-12 20:35:00,70.1
2025-06-12 06:20:00,84.2
2025-06-12 16:57:00,29.4
2025-06-12 17:55:00,10.1
2025-06-12 17:08:00,68.6
2025-06-12 11:13:00,50.17466168922071
2025-06-12 02:22:00,40.6
2025-06-12 06:23:00,3.6
2025-06-12 04:52:00,17.5
2025-06-12 20:49:00,22.4
2025-06-12 10:47:00,50.17466168922071
2025-06-12 16:45:00,86.8
2025-06-12 20:47:00,90.2
2025-06-12 10:56:00,77.6
2025-06-12 10:26:00,70.6
2025-06-12 08:31:00,93.1
2025-06-12 22:16:00,63.4
2025-06-12 19:22:00,81.6
2025-06-12 14:43:00,50.17466168922071
2025-06-12 09:01:00,78.5
2025-06-12 01:55:00,23.4
2025-06-12 02:34:00,73.8
2025-06-12 14:07:00,24.3
2025-06-12 15:29:00,27.6
2025-06-12 01:27:00,95.6
2025-06-12 01:35:00,45.0
2025-06-12 08:53:00,81.2
2025-06-12 13:17:00,74.3
2025-06-12 04:44:00,14.7
2025-06-12 03:23:00,63.6
2025-06-12 04:12:00,91.4
2025-06-12 19:26:00,98.7
2025-06-12 10:13:00,50.17466168922071
2025-06-12 13:05:00,70.1
2025-06-12 06:27:00,83.2
2025-06-12 04:46:00,52.8
2025-06-12 00:23:00,5.9
2025-06-12 09:52:00,23.7
2025-06-12 15:23:00,92.6
2025-06-12 07:04:00,20.4
2025-06-12 10:04:00,54.3
2025-06-12 15:59:00,91.4
2025-06-12 19:43:00,71.6
2025-06-12 22:02:00,50.17466168922071
2025-06-12 20:37:00,30.6
2025-06-12 22:23:00,4.8
2025-06-12 03:01:00,79.1
2025-06-12 00:11:00,37.0
2025-06-12 00:24:00,10.8
2025-06-12 05:54:00,36.2
2025-06-12 17:26:00,50.17466168922071
2025-06-12 19:44:00,50.17466168922071
2025-06-12 13:27:00,14.1
2025-06-12 16:06:00,42.2
2025-06-12 11:52:00,3.8
2025-06-12 10:10:00,71.9
2025-06-12 17:08:00,50.17466168922071
2025-06-12 09:56:00,50.6
2025-06-12 00:56:00,2.4
2025-06-12 03:48:00,62.8
2025-06-12 15:26:00,49.9
2025-06-12 19:18:00,22.0
2025-06-12 04:01:00,50.17466168922071
2025-06-12 21:21:00,75.1
2025-06-12 00:55:00,71.1
2025-06-12 18:05:00,35.1
2025-06-12 11:59:00,65.5
2025-06-12 17:41:00,50.17466168922071
2025-06-12 00:27:00,50.17466168922071
2025-06-12 12:29:00,25.8
2025-06-12 00:43:00,5.0
2025-06-12 17:29:00,30.9
2025-06-12 09:40:00,23.8
2025-06-12 23:34:00,74.9
2025-06-12 13:45:00,18.2
2025-06-12 08:37:00,82.4
2025-06-12 02:56:00,18.4
2025-06-12 16:18:00,76.3
2025-06-12 17:54:00,58.5
2025-06-12 13:02:00,85.0
2025-06-12 20:29:00,50.17466168922071
2025-06-12 14:29:00,86.3
2025-06-12 09:07:00,28.5
2025-06-12 04:40:00,46.7
2025-06-12 03:41:00,55.0
2025-06-12 05:37:00,38.8
2025-06-12 16:09:00,16.5
2025-06-12 21:01:00,51.0
2025-06-12 21:29:00,21.1
2025-06-12 04:10:00,25.5
2025-06-12 03:02:00,50.17466168922071
2025-06-12 10:51:00,50.17466168922071
2025-06-12 18:36:00,46.7
2025-06-12 18:57:00,50.17466168922071
2025-06-12 21:03:00,36.9
2025-06-12 15:43:00,30.5
2025-06-12 19:11:00,50.17466168922071
2025-06-12 12:14:00,9.0
2025-06-12 07:37:00,50.17466168922071
2025-06-12 02:46:00,23.9
2025-06-12 19:33:00,52.1
2025-06-12 15:17:00,47.3
2025-06-12 20:14:00,75.3
2025-06-12 22:41:00,93.7
2025-06-12 16:20:00,28.2
2025-06-12 07:05:00,50.17466168922071
2025-06-12 12:22:00,41.7
2025-06-12 18:20:00,84.5
2025-06-12 15:56:00,84.7
2025-06-12 09:37:00,4.8
2025-06-12 10:39:00,73.2
2025-06-12 18:27:00,18.1
2025-06-12 09:17:00,68.6
2025-06-12 00:40:00,4.8
2025-06-12 12:25:00,50.17466168922071
2025-06-12 04:25:00,83.7
2025-06-12 22:51:00,3.1
2025-06-12 02:17:00,40.2
2025-06-12 09:43:00,54.9
2025-06-12 02:15:00,43.3
2025-06-12 20:53:00,50.17466168922071
2025-06-12 00:24:00,15.3
2025-06-12 13:11:00,23.8
2025-06-12 02:34:00,77.4
2025-06-12 23:18:00,44.3
2025-06-12 11:19:00,50.17466168922071
2025-06-12 11:30:00,50.17466168922071
2025-06-12 15:25:00,77.7
2025-06-12 19:59:00,50.17466168922071
2025-06-12 00:24:00,18.4
2025-06-12 18:18:00,27.8
2025-06-12 10:33:00,34.2
2025-06-12 12:07:00,81.9
2025-06-12 23:12:00,54.5
2025-06-12 18:49:00,97.1
2025-06-12 21:33:00,12.3
2025-06-12 06:49:00,56.6
2025-06-12 09:00:00,78.3
2025-06-12 16:26:00,31.5
2025-06-12 09:46:00,51.4
2025-06-12 08:01:00,58.0
2025-06-12 01:52:00,92.3
2025-06-12 09:30:00,16.0
2025-06-12 11:43:00,14.3
2025-06-12 13:49:00,34.6
2025-06-12 18:39:00,1.9
2025-06-12 01:00:00,11.8
2025-06-12 02:04:00,97.1
2025-06-12 16:35:00,15.4
2025-06-12 14:51:00,52.6
2025-06-12 06:29:00,50.17466168922071
2025-06-12 14:16:00,79.6
2025-06-12 05:53:00,34.9
2025-06-12 02:25:00,54.9
2025-06-12 15:59:00,55.2
2025-06-12 16:11:00,78.7
2025-06-12 22:13:00,50.17466168922071
2025-06-12 18:48:00,50.17466168922071
2025-06-12 11:23:00,90.9
2025-06-12 10:16:00,21.7
2025-06-12 09:07:00,20.7
2025-06-12 10:34:00,78.1
2025-06-12 10:03:00,39.8
2025-06-12 12:04:00,9.1
2025-06-12 04:51:00,21.9
2025-06-12 01:12:00,96.7
2025-06-12 10:32:00,64.4
2025-06-12 03:11:00,60.4
2025-06-12 02:01:00,52.9
2025-06-12 16:54:00,92.5
2025-06-12 04:42:00,50.17466168922071
2025-06-12 03:15:00,41.1
2025-06-12 18:57:00,1.0
2025-06-12 03:44:00,80.7
2025-06-12 13:00:00,50.17466168922071
2025-06-12 12:00:00,33.4
2025-06-12 13:15:00,93.3
2025-06-12 15:48:00,87.3
2025-06-12 16:28:00,33.2
2025-06-12 21:17:00,49.28634215500945
2025-06-12 08:03:00,16.3
2025-06-12 23:13:00,99.4
2025-06-12 01:23:00,18.8
2025-06-12 10:18:00,63.2
2025-06-12 18:02:00,49.28634215500945
2025-06-12 15:56:00,97.5
2025-06-12 00:24:00,6.2
2025-06-12 04:18:00,62.6
2025-06-12 03:31:00,20.4
2025-06-12 18:30:00,58.0
2025-06-12 00:36:00,39.3
2025-06-12 21:09:00,3.3
2025-06-12 22:14:00,7.4
2025-06-12 13:03:00,13.2
2025-06-12 07:54:00,59.8
2025-06-12 17:41:00,49.28634215500945
2025-06-12 10:39:00,55.0
2025-06-12 06:30:00,24.2
2025-06-12 01:50:00,67.2
2025-06-12 07:55:00,49.28634215500945
2025-06-12 13:16:00,93.3
2025-06-12 18:25:00,49.28634215500945
2025-06-12 03:51:00,26.0
2025-06-12 12:18:00,54.2
2025-06-12 03:08:00,40.2
2025-06-12 21:34:00,63.8
2025-06-12 22:35:00,95.2
2025-06-12 08:15:00,70.7
2025-06-12 08:11:00,93.9
2025-06-12 14:42:00,45.8
2025-06-12 10:20:00,8.8
2025-06-12 12:20:00,10.5
2025-06-12 20:00:00,87.4
2025-06-12 08:24:00,49.28634215500945
2025-06-12 00:53:00,26.7
2025-06-12 13:46:00,49.28634215500945
2025-06-12 19:10:00,31.0
2025-06-12 10:42:00,49.28634215500945
2025-06-12 07:32:00,23.6
2025-06-12 19:45:00,34.0
2025-06-12 16:43:00,97.7
2025-06-12 03:36:00,16.8
2025-06-12 02:56:00,14.5
2025-06-12 08:15:00,49.28634215500945
2025-06-12 06:30:00,49.28634215500945
2025-06-12 03:45:00,49.28634215500945
2025-06-12 01:45:00,33.5
2025-06-12 06:58:00,62.3
2025-06-12 22:25:00,61.9
2025-06-12 03:08:00,49.28634215500945
2025-06-12 14:00:00,25.3
2025-06-12 00:02:00,72.1
2025-06-12 19:35:00,11.4
2025-06-12 16:49:00,13.1
2025-06-12 04:01:00,49.28634215500945
2025-06-12 14:58:00,22.3
2025-06-12 21:32:00,49.28634215500945
2025-06-12 20:50:00,34.0
2025-06-12 02:29:00,2.5
2025-06-12 22:08:00,30.4
2025-06-12 19:31:00,45.2
2025-06-12 10:50:00,49.28634215500945
2025-06-12 02:10:00,56.0
2025-06-12 01:24:00,71.1
2025-06-12 11:05:00,19.8
2025-06-12 12:36:00,47.2
2025-06-12 09:45:00,39.4
2025-06-12 15:30:00,49.28634215500945
2025-06-12 12:14:00,4.7
2025-06-12 13:52:00,32.8
2025-06-12 09:27:00,49.28634215500945
2025-06-12 02:40:00,39.5
2025-06-12 17:56:00,52.7
2025-06-12 19:31:00,41.2
2025-06-12 00:02:00,49.28634215500945
2025-06-12 12:33:00,49.28634215500945
2025-06-12 18:48:00,49.9
2025-06-12 06:16:00,29.9
2025-06-12 23:17:00,72.2
2025-06-12 06:39:00,47.5
2025-06-12 06:40:00,45.6
2025-06-12 22:59:00,87.0
2025-06-12 00:20:00,89.7
2025-06-12 10:41:00,47.7
2025-06-12 10:14:00,86.3
2025-06-12 16:07:00,49.28634215500945
2025-06-12 23:58:00,72.0
2025-06-12 18:51:00,68.5
2025-06-12 19:49:00,77.9
2025-06-12 08:18:00,95.1
2025-06-12 23:10:00,94.7
2025-06-12 19:38:00,48.8
2025-06-12 14:49:00,61.1
2025-06-12 15:03:00,24.0
2025-06-12 20:56:00,53.1
2025-06-12 09:37:00,49.28634215500945
2025-06-12 16:40:00,2.8
2025-06-12 09:15:00,58.4
2025-06-12 10:47:00,92.2
2025-06-12 08:11:00,10.9
2025-06-12 11:26:00,67.2
2025-06-12 19:43:00,98.4
2025-06-12 17:17:00,42.6
2025-06-12 12:20:00,72.0
2025-06-12 08:00:00,77.9
2025-06-12 22:46:00,78.9
2025-06-12 23:59:00,16.0
2025-06-12 15:03:00,1.0
2025-06-12 01:39:00,49.28634215500945
2025-06-12 17:29:00,27.2
2025-06-12 04:27:00,13.7
2025-06-12 05:24:00,66.7
2025-06-12 02:40:00,42.4
2025-06-12 04:02:00,49.28634215500945
2025-06-12 19:00:00,52.9
2025-06-12 15:06:00,49.28634215500945
2025-06-12 05:58:00,49.28634215500945
2025-06-12 09:45:00,17.5
2025-06-12 10:45:00,49.28634215500945
2025-06-12 11:19:00,49.28634215500945
2025-06-12 19:17:00,24.3
2025-06-12 12:04:00,88.5
2025-06-12 08:39:00,50.6
2025-06-12 00:48:00,1.6
2025-06-12 03:38:00,80.4
2025-06-12 23:48:00,42.7
2025-06-12 16:18:00,40.3
2025-06-12 01:23:00,95.4
2025-06-12 07:14:00,30.2
2025-06-12 13:31:00,49.28634215500945
2025-06-12 18:59:00,52.1
2025-06-12 04:19:00,97.6
2025-06-12 00:55:00,92.0
2025-06-12 09:02:00,49.28634215500945
2025-06-12 23:03:00,38.6
2025-06-12 17:37:00,89.9
2025-06-12 13:17:00,41.9
2025-06-12 15:04:00,51.9
2025-06-12 15:45:00,41.7
2025-06-12 07:36:00,15.9
2025-06-12 18:44:00,6.4
2025-06-12 16:00:00,9.4
2025-06-12 17:20:00,33.8
2025-06-12 16:28:00,82.9
2025-06-12 09:50:00,35.0
2025-06-12 22:55:00,84.8
2025-06-12 15:02:00,49.28634215500945
2025-06-12 18:36:00,43.4
2025-06-12 18:53:00,12.1
2025-06-12 21:42:00,79.1
2025-06-12 19:11:00,9.9
2025-06-12 13:34:00,67.5
2025-06-12 05:25:00,60.0
2025-06-12 02:23:00,20.0
2025-06-12 13:04:00,72.2
2025-06-12 18:36:00,63.4
2025-06-12 07:53:00,49.28634215500945
2025-06-12 03:56:00,9.5
2025-06-12 03:47:00,24.3
2025-06-12 20:10:00,99.4
2025-06-12 08:53:00,50.1
2025-06-12 22:31:00,62.9
2025-06-12 18:17:00,96.2
2025-06-12 13:47:00,86.4
2025-06-12 02:43:00,49.28634215500945
2025-06-12 17:36:00,49.28634215500945
2025-06-12 12:07:00,35.1
2025-06-12 10:30:00,39.3
2025-06-12 22:12:00,16.8
2025-06-12 17:27:00,64.1
2025-06-12 23:14:00,81.2
2025-06-12 15:14:00,9.5
2025-06-12 23:11:00,49.28634215500945
2025-06-12 05:16:00,49.28634215500945
2025-06-12 03:58:00,49.28634215500945
2025-06-12 07:19:00,23.4
2025-06-12 21:19:00,38.9
2025-06-12 02:57:00,82.6
2025-06-12 14:01:00,20.0
2025-06-12 01:00:00,66.0
2025-06-12 17:47:00,49.28634215500945
2025-06-12 00:11:00,94.6
2025-06-12 21:16:00,12.6
2025-06-12 13:41:00,65.4
2025-06-12 22:18:00,57.6
2025-06-12 14:10:00,99.6
2025-06-12 07:27:00,31.1
2025-06-12 01:29:00,49.28634215500945
2025-06-12 02:31:00,49.28634215500945
2025-06-12 19:25:00,49.28634215500945
2025-06-12 15:32:00,49.28634215500945
2025-06-12 02:11:00,27.5
2025-06-12 07:19:00,5.2
2025-06-12 11:12:00,43.0
2025-06-12 06:11:00,34.4
2025-06-12 18:20:00,69.5
2025-06-12 04:31:00,60.6
2025-06-12 04:01:00,8.5
2025-06-12 06:43:00,49.28634215500945
2025-06-12 19:35:00,96.4
2025-06-12 10:56:00,92.6
2025-06-12 11:58:00,59.1
2025-06-12 23:10:00,99.1
2025-06-12 23:29:00,15.3
2025-06-12 23:49:00,39.7
2025-06-12 15:39:00,16.8
2025-06-12 02:46:00,88.7
2025-06-12 17:18:00,49.28634215500945
2025-06-12 17:34:00,70.9
2025-06-12 19:32:00,6.6
2025-06-12 14:02:00,0.3
2025-06-12 09:15:00,31.3
2025-06-12 17:55:00,49.28634215500945
2025-06-12 05:40:00,7.8
2025-06-12 00:05:00,44.6
2025-06-12 08:51:00,31.2
2025-06-12 22:10:00,86.0
2025-06-12 21:27:00,18.4
2025-06-12 00:58:00,18.1
2025-06-12 13:56:00,53.9
2025-06-12 01:48:00,88.4
2025-06-12 06:32:00,74.8
2025-06-12 06:42:00,43.7
2025-06-12 01:19:00,72.4
2025-06-12 14:37:00,49.28634215500945
2025-06-12 05:44:00,34.2
2025-06-12 17:29:00,78.9
2025-06-12 22:25:00,43.5
2025-06-12 03:15:00,28.7
2025-06-12 02:20:00,49.28634215500945
2025-06-12 09:11:00,25.1
2025-06-12 20:17:00,72.4
2025-06-12 01:15:00,29.8
2025-06-12 14:28:00,49.28634215500945
2025-06-12 15:09:00,9.5
2025-06-12 04:06:00,65.6
2025-06-12 10:33:00,75.8
2025-06-12 15:42:00,68.3
2025-06-12 12:50:00,6.9
2025-06-12 06:01:00,49.28634215500945
2025-06-12 22:37:00,78.7
2025-06-12 05:39:00,37.2
2025-06-12 01:37:00,93.3
2025-06-12 03:04:00,44.8
2025-06-12 14:11:00,49.28634215500945
2025-06-12 01:31:00,71.5
2025-06-12 02:02:00,58.1
2025-06-12 20:04:00,49.28634215500945
2025-06-12 18:59:00,83.1
2025-06-12 03:39:00,44.6
2025-06-12 00:14:00,48.5
2025-06-12 14:46:00,75.8
2025-06-12 21:46:00,44.3
2025-06-12 09:34:00,42.1
2025-06-12 08:39:00,18.5
2025-06-12 05:37:00,49.28634215500945
2025-06-12 13:09:00,30.2
2025-06-12 04:53:00,97.0
2025-06-12 09:14:00,24.1
2025-06-12 11:13:00,95.6
2025-06-12 04:38:00,60.1
2025-06-12 06:21:00,4.4
2025-06-12 16:48:00,2.4
2025-06-12 09:33:00,72.5
2025-06-12 04:39:00,26.4
2025-06-12 20:06:00,49.28634215500945
2025-06-12 15:42:00,82.2
2025-06-12 03:54:00,49.28634215500945
2025-06-12 15:08:00,4.2
2025-06-12 20:57:00,3.8
2025-06-12 17:16:00,36.9
2025-06-12 05:33:00,78.0
2025-06-12 00:18:00,21.4
2025-06-12 16:22:00,75.0
2025-06-12 16:17:00,37.1
2025-06-12 03:42:00,58.6
2025-06-12 21:09:00,71.3
2025-06-12 07:31:00,80.8
2025-06-12 17:05:00,49.28634215500945
2025-06-12 16:53:00,6.9
2025-06-12 06:13:00,92.3
2025-06-12 22:59:00,13.4
2025-06-12 09:11:00,53.1
2025-06-12 03:59:00,49.28634215500945
2025-06-12 21:30:00,56.0
2025-06-12 11:41:00,40.8
2025-06-12 15:16:00,15.2
2025-06-12 12:00:00,50.6
2025-06-12 23:14:00,43.0
2025-06-12 08:25:00,39.4
2025-06-12 22:50:00,91.8
2025-06-12 06:52:00,20.6
2025-06-12 12:39:00,64.3
2025-06-12 21:07:00,34.4
2025-06-12 06:44:00,42.3
2025-06-12 08:35:00,17.0
2025-06-12 06:49:00,81.5
2025-06-12 23:57:00,46.8
2025-06-12 19:46:00,49.28634215500945
2025-06-12 04:04:00,49.28634215500945
2025-06-12 13:37:00,49.28634215500945
2025-06-12 20:26:00,18.4
2025-06-12 05:07:00,51.3
2025-06-12 11:49:00,25.4
2025-06-12 19:42:00,79.3
2025-06-12 16:46:00,47.9
2025-06-12 23:04:00,13.7
2025-06-12 11:10:00,49.28634215500945
2025-06-12 17:44:00,33.7
2025-06-12 17:53:00,90.6
2025-06-12 06:57:00,49.28634215500945
2025-06-12 12:54:00,51.5
2025-06-12 14:54:00,28.4
2025-06-12 11:35:00,93.8
2025-06-12 13:31:00,65.4
2025-06-12 20:17:00,49.28634215500945
2025-06-12 00:21:00,70.2
2025-06-12 14:39:00,49.28634215500945
2025-06-12 14:58:00,26.7
2025-06-12 02:09:00,19.0
2025-06-12 23:35:00,29.8
2025-06-12 17:18:00,49.28634215500945
2025-06-12 00:40:00,51.7
2025-06-12 08:30:00,49.28634215500945
2025-06-12 10:56:00,1.8
2025-06-12 18:02:00,98.1
2025-06-12 06:49:00,57.1
2025-06-12 04:44:00,49.28634215500945
2025-06-12 22:57:00,99.3
2025-06-12 02:53:00,73.4
2025-06-12 23:25:00,20.5
2025-06-12 13:43:00,49.28634215500945
2025-06-12 01:17:00,61.3
2025-06-12 15:55:00,5.7
2025-06-12 17:44:00,45.7
2025-06-12 08:46:00,49.28634215500945
2025-06-12 08:52:00,38.5
2025-06-12 15:15:00,97.5
2025-06-12 09:11:00,35.4
2025-06-12 19:01:00,85.2
2025-06-12 15:37:00,72.4
2025-06-12 11:08:00,49.28634215500945
2025-06-12 21:04:00,59.8
2025-06-12 20:33:00,13.5
2025-06-12 06:40:00,45.4
2025-06-12 19:11:00,41.2
2025-06-12 07:23:00,37.4
2025-06-12 00:30:00,32.7
2025-06-12 10:06:00,51.8
2025-06-12 16:10:00,28.0
2025-06-12 10:22:00,42.3
2025-06-12 08:21:00,41.8
2025-06-12 07:56:00,50.0812925170068
2025-06-12 17:21:00,1.6
2025-06-12 16:36:00,26.8
2025-06-12 21:16:00,81.7
2025-06-12 10:39:00,27.3
2025-06-12 19:55:00,91.7
2025-06-12 00:02:00,69.0
2025-06-12 21:14:00,71.0
2025-06-12 04:16:00,64.0
2025-06-12 12:31:00,99.5
2025-06-12 06:51:00,16.5
2025-06-12 02:57:00,58.1
2025-06-12 08:22:00,12.1
2025-06-12 03:21:00,52.3
2025-06-12 16:47:00,5.0
2025-06-12 02:37:00,64.5
2025-06-12 15:50:00,94.5
2025-06-12 11:55:00,70.1
2025-06-12 03:30:00,96.1
2025-06-12 09:16:00,34.0
2025-06-12 23:47:00,50.0812925170068
2025-06-12 13:42:00,94.7
2025-06-12 04:21:00,26.8
2025-06-12 03:43:00,3.6
2025-06-12 09:04:00,77.5
2025-06-12 20:47:00,55.8
2025-06-12 01:33:00,67.9
2025-06-12 01:51:00,94.2
2025-06-12 06:43:00,4.1
2025-06-12 08:53:00,68.1
2025-06-12 08:16:00,7.6
2025-06-12 20:43:00,3.4
2025-06-12 15:25:00,98.0
2025-06-12 05:30:00,50.0812925170068
2025-06-12 22:57:00,77.6
2025-06-12 17:14:00,21.7
2025-06-12 17:09:00,49.3
2025-06-12 21:29:00,60.4
2025-06-12 19:01:00,39.9
2025-06-12 22:04:00,8.9
2025-06-12 21:59:00,77.8
2025-06-12 17:02:00,50.0812925170068
2025-06-12 19:14:00,75.3
2025-06-12 17:55:00,50.0812925170068
2025-06-12 13:25:00,3.3
2025-06-12 08:29:00,28.0
2025-06-12 09:17:00,81.7
2025-06-12 13:02:00,69.9
2025-06-12 00:57:00,61.8
2025-06-12 13:45:00,84.0
2025-06-12 00:12:00,93.3
2025-06-12 22:08:00,99.2
2025-06-12 05:21:00,72.0
2025-06-12 02:25:00,52.1
2025-06-12 17:04:00,11.1
2025-06-12 01:34:00,46.8
2025-06-12 12:03:00,67.4
2025-06-12 02:50:00,50.0812925170068
2025-06-12 10:27:00,77.4
2025-06-12 18:42:00,77.0
2025-06-12 06:18:00,66.3
2025-06-12 23:25:00,38.7
2025-06-12 20:43:00,36.6
2025-06-12 16:56:00,4.9
2025-06-12 22:49:00,5.6
2025-06-12 02:45:00,50.0812925170068
2025-06-12 00:26:00,50.0812925170068
2025-06-12 10:22:00,39.2
2025-06-12 06:18:00,41.9
2025-06-12 09:43:00,5.5
2025-06-12 20:31:00,37.4
2025-06-12 19:55:00,96.9
2025-06-12 20:21:00,12.7
2025-06-12 02:28:00,72.2
2025-06-12 16:33:00,89.4
2025-06-12 03:10:00,67.3
2025-06-12 22:59:00,5.4
2025-06-12 23:07:00,71.5
2025-06-12 19:04:00,77.6
2025-06-12 20:59:00,35.2
2025-06-12 23:25:00,25.3
2025-06-12 01:50:00,50.0812925170068
2025-06-12 03:10:00,75.7
2025-06-12 20:04:00,13.8
2025-06-12 12:20:00,23.4
2025-06-12 03:23:00,38.3
2025-06-12 04:26:00,64.1
2025-06-12 19:36:00,58.1
2025-06-12 17:54:00,35.7
2025-06-12 04:13:00,69.5
2025-06-12 10:47:00,50.0812925170068
2025-06-12 22:01:00,96.3
2025-06-12 03:43:00,50.0812925170068
2025-06-12 06:56:00,62.1
2025-06-12 22:20:00,28.6
2025-06-12 17:27:00,0.5
2025-06-12 04:05:00,56.7
2025-06-12 11:47:00,84.2
2025-06-12 11:50:00,50.0812925170068
2025-06-12 04:06:00,61.6
2025-06-12 11:51:00,57.3
2025-06-12 07:59:00,72.1
2025-06-12 04:19:00,33.6
2025-06-12 12:59:00,39.5
2025-06-12 22:23:00,88.2
2025-06-12 17:10:00,46.8
2025-06-12 07:29:00,6.2
2025-06-12 08:08:00,93.0
2025-06-12 18:16:00,69.0
2025-06-12 02:10:00,71.5
2025-06-12 22:53:00,50.0812925170068
2025-06-12 08:16:00,89.1
2025-06-12 05:53:00,82.3
2025-06-12 21:12:00,33.8
2025-06-12 11:53:00,91.5
2025-06-12 19:40:00,97.6
2025-06-12 08:20:00,40.0
2025-06-12 21:56:00,59.8
2025-06-12 12:01:00,92.0
2025-06-12 21:07:00,35.5
2025-06-12 23:27:00,44.9
2025-06-12 11:58:00,16.3
2025-06-12 08:28:00,81.7
2025-06-12 20:20:00,80.5
2025-06-12 22:52:00,93.2
2025-06-12 19:32:00,20.7
2025-06-12 03:04:00,32.4
2025-06-12 15:02:00,91.5
2025-06-12 09:14:00,26.6
2025-06-12 05:39:00,45.9
2025-06-12 04:09:00,69.4
2025-06-12 14:22:00,76.9
2025-06-12 08:40:00,61.9
2025-06-12 18:03:00,5.7
2025-06-12 15:50:00,50.0812925170068
2025-06-12 21:23:00,58.6
2025-06-12 10:36:00,26.6
2025-06-12 09:58:00,12.4
2025-06-12 16:01:00,81.3
2025-06-12 15:21:00,20.8
2025-06-12 22:13:00,22.7
2025-06-12 11:06:00,60.7
2025-06-12 23:33:00,50.0812925170068
2025-06-12 09:29:00,7.6
2025-06-12 01:20:00,12.4
2025-06-12 04:17:00,53.2
2025-06-12 20:31:00,2.1
2025-06-12 14:17:00,8.0
2025-06-12 07:09:00,30.8
2025-06-12 13:35:00,36.8
2025-06-12 13:22:00,81.7
2025-06-12 15:55:00,28.8
2025-06-12 10:23:00,8.2
2025-06-12 21:03:00,76.8
2025-06-12 22:37:00,28.9
2025-06-12 01:00:00,8.8
2025-06-12 07:35:00,23.5
2025-06-12 01:52:00,82.8
2025-06-12 03:32:00,81.9
2025-06-12 05:45:00,32.7
2025-06-12 23:58:00,22.1
2025-06-12 11:45:00,6.2
2025-06-12 21:20:00,82.0
2025-06-12 16:10:00,55.8
2025-06-12 19:09:00,75.2
2025-06-12 20:19:00,44.2
2025-06-12 12:31:00,44.7
2025-06-12 02:13:00,55.9
2025-06-12 04:58:00,64.8
2025-06-12 13:58:00,60.6
2025-06-12 14:31:00,53.5
2025-06-12 16:26:00,46.6
2025-06-12 04:21:00,85.0
2025-06-12 10:00:00,41.2
2025-06-12 03:02:00,65.5
2025-06-12 13:02:00,96.1
2025-06-12 01:46:00,50.0812925170068
2025-06-12 12:50:00,62.2
2025-06-12 05:13:00,17.9
2025-06-12 06:59:00,53.8
2025-06-12 08:39:00,11.5
2025-06-12 14:04:00,66.1
2025-06-12 21:28:00,50.0812925170068
2025-06-12 17:09:00,33.0
2025-06-12 09:12:00,57.7
2025-06-12 16:46:00,28.5
2025-06-12 20:18:00,30.8
2025-06-12 18:42:00,58.6
2025-06-12 09:51:00,36.4
2025-06-12 03:25:00,82.3
2025-06-12 01:00:00,42.9
2025-06-12 07:47:00,77.4
2025-06-12 11:34:00,67.7
2025-06-12 23:35:00,43.2
2025-06-12 03:29:00,2.3
2025-06-12 14:55:00,15.2
2025-06-12 11:58:00,62.3
2025-06-12 07:01:00,97.1
2025-06-12 03:55:00,45.7
2025-06-12 00:52:00,50.0812925170068
2025-06-12 08:14:00,91.0
2025-06-12 15:59:00,50.0812925170068
2025-06-12 10:45:00,26.7
2025-06-12 04:41:00,30.8
2025-06-12 19:11:00,8.9
2025-06-12 15:42:00,4.4
2025-06-12 16:11:00,4.3
2025-06-12 05:04:00,71.0
2025-06-12 00:44:00,50.0812925170068
2025-06-12 01:09:00,50.0812925170068
2025-06-12 14:00:00,14.9
2025-06-12 08:44:00,0.4
2025-06-12 07:47:00,92.2
2025-06-12 03:25:00,50.0812925170068
2025-06-12 19:31:00,6.2
2025-06-12 23:37:00,53.4
2025-06-12 08:19:00,50.0812925170068
2025-06-12 14:29:00,5.7
2025-06-12 01:28:00,73.6
2025-06-12 12:16:00,24.7
2025-06-12 13:53:00,16.5
2025-06-12 15:36:00,63.7
2025-06-12 17:12:00,47.1
2025-06-12 03:43:00,17.5
2025-06-12 00:59:00,81.8
2025-06-12 16:06:00,62.7
2025-06-12 12:56:00,29.9
2025-06-12 09:43:00,38.1
2025-06-12 21:30:00,51.0
2025-06-12 19:18:00,50.0812925170068
2025-06-12 02:11:00,31.5
2025-06-12 07:27:00,43.8
2025-06-12 03:30:00,70.1
2025-06-12 14:13:00,19.2
2025-06-12 20:09:00,91.5
2025-06-12 14:13:00,53.6
2025-06-12 23:35:00,50.0812925170068
2025-06-12 19:48:00,17.6
2025-06-12 22:12:00,67.4
2025-06-12 19:36:00,47.5
2025-06-12 08:01:00,33.6
2025-06-12 05:08:00,20.8
2025-06-12 00:09:00,34.2
2025-06-12 03:44:00,32.0
2025-06-12 08:11:00,51.8
2025-06-12 13:55:00,14.7
2025-06-12 03:24:00,28.1
2025-06-12 04:01:00,3.6
2025-06-12 15:28:00,39.3
2025-06-12 01:48:00,93.8
2025-06-12 00:57:00,50.0812925170068
2025-06-12 08:54:00,64.8
2025-06-12 20:42:00,50.0812925170068
2025-06-12 08:06:00,2.5
2025-06-12 13:24:00,41.3
2025-06-12 23:05:00,50.0812925170068
2025-06-12 22:02:00,49.0
2025-06-12 21:20:00,2.1
2025-06-12 22:46:00,3.6
2025-06-12 06:26:00,1.1
2025-06-12 11:51:00,26.2
2025-06-12 18:18:00,50.6
2025-06-12 10:29:00,34.0
2025-06-12 23:11:00,68.2
2025-06-12 18:18:00,49.9
2025-06-12 22:53:00,50.0812925170068
2025-06-12 04:01:00,80.9
2025-06-12 14:09:00,73.4
2025-06-12 12:34:00,49.7
2025-06-12 02:13:00,10.8
2025-06-12 08:29:00,87.0
2025-06-12 20:31:00,50.2
2025-06-12 23:04:00,85.7
2025-06-12 08:09:00,44.5
2025-06-12 04:11:00,50.0812925170068
2025-06-12 16:07:00,91.7
2025-06-12 12:09:00,50.0812925170068
2025-06-12 18:31:00,9.2
2025-06-12 01:00:00,50.0812925170068
2025-06-12 03:01:00,50.0812925170068
2025-06-12 02:05:00,77.6
2025-06-12 07:25:00,50.0812925170068
2025-06-12 02:14:00,61.8
2025-06-12 10:48:00,21.9
2025-06-12 03:26:00,0.7
2025-06-12 22:02:00,55.0
2025-06-12 16:54:00,50.0812925170068
2025-06-12 18:51:00,50.0812925170068
2025-06-12 11:13:00,87.2
2025-06-12 14:56:00,24.1
2025-06-12 02:37:00,71.4
2025-06-12 04:33:00,17.8
2025-06-12 02:34:00,23.6
2025-06-12 09:55:00,20.5
2025-06-12 09:21:00,6.2
2025-06-12 11:31:00,69.6
2025-06-12 17:08:00,54.4
2025-06-12 07:14:00,50.0812925170068
2025-06-12 03:22:00,60.8
2025-06-12 15:29:00,50.0812925170068
2025-06-12 12:52:00,98.4
2025-06-12 15:46:00,70.1
2025-06-12 05:15:00,82.2
2025-06-12 04:44:00,50.0812925170068
2025-06-12 05:24:00,67.1
2025-06-12 04:00:00,86.2
2025-06-12 06:40:00,84.8
2025-06-12 10:43:00,97.1
2025-06-12 14:32:00,50.0812925170068
2025-06-12 04:25:00,88.3
2025-06-12 08:18:00,48.8
2025-06-12 10:00:00,34.1
2025-06-12 11:22:00,75.8
2025-06-12 23:47:00,71.0
2025-06-12 03:34:00,36.9
2025-06-12 03:55:00,37.7
2025-06-12 05:16:00,45.3
2025-06-12 11:26:00,41.4
2025-06-12 15:40:00,36.6
2025-06-12 22:06:00,1.3
2025-06-12 23:27:00,50.0812925170068
2025-06-12 09:47:00,51.1
2025-06-12 22:12:00,94.4
2025-06-12 16:48:00,49.0
2025-06-12 23:01:00,74.8
2025-06-12 23:31:00,50.0812925170068
2025-06-12 00:53:00,75.8
2025-06-12 13:22:00,45.6
2025-06-12 18:39:00,50.0812925170068
2025-06-12 04:44:00,77.2
2025-06-12 11:38:00,82.3
2025-06-12 15:35:00,39.6
2025-06-12 10:03:00,50.0812925170068
2025-06-12 13:47:00,65.8
2025-06-12 13:58:00,46.9
2025-06-12 22:44:00,96.1
2025-06-12 10:13:00,8.3
2025-06-12 22:22:00,84.3
2025-06-12 01:36:00,33.4
2025-06-12 04:06:00,23.9
2025-06-12 10:13:00,27.7
2025-06-12 22:22:00,5.5
2025-06-12 17:59:00,98.7
2025-06-12 00:00:00,80.2
2025-06-12 20:20:00,49.63695830886671
2025-06-12 03:34:00,59.3
2025-06-12 00:42:00,85.0
2025-06-12 23:39:00,66.8
2025-06-12 12:06:00,99.2
2025-06-12 08:38:00,71.8
2025-06-12 03:32:00,71.7
2025-06-12 18:06:00,68.9
2025-06-12 18:19:00,79.7
2025-06-12 02:12:00,49.63695830886671
2025-06-12 08:47:00,58.8
2025-06-12 18:11:00,12.1
2025-06-12 23:32:00,16.6
2025-06-12 16:29:00,57.0
2025-06-12 21:03:00,6.0
2025-06-12 10:28:00,49.63695830886671
2025-06-12 07:00:00,61.4
2025-06-12 19:16:00,38.4
2025-06-12 19:36:00,87.8
2025-06-12 14:37:00,92.1
2025-06-12 11:17:00,28.7
2025-06-12 20:01:00,49.63695830886671
2025-06-12 09:16:00,36.2
2025-06-12 19:54:00,17.0
2025-06-12 11:49:00,18.3
2025-06-12 12:52:00,1.5
2025-06-12 10:39:00,49.63695830886671
2025-06-12 05:59:00,40.3
2025-06-12 22:59:00,75.3
2025-06-12 09:17:00,75.7
2025-06-12 01:51:00,20.8
2025-06-12 19:38:00,94.2
2025-06-12 11:33:00,26.7
2025-06-12 23:55:00,30.8
2025-06-12 15:52:00,48.9
2025-06-12 05:56:00,23.0
2025-06-12 16:22:00,13.3
2025-06-12 01:47:00,58.6
2025-06-12 12:54:00,32.4
2025-06-12 14:12:00,55.5
2025-06-12 06:31:00,38.8
2025-06-12 13:32:00,69.6
2025-06-12 16:21:00,68.3
2025-06-12 08:10:00,83.2
2025-06-12 21:05:00,82.2
2025-06-12 11:36:00,39.5
2025-06-12 10:04:00,60.1
2025-06-12 01:26:00,32.7
2025-06-12 22:49:00,57.3
2025-06-12 14:40:00,86.2
2025-06-12 05:32:00,37.4
2025-06-12 13:49:00,40.2
2025-06-12 16:28:00,39.0
2025-06-12 05:37:00,46.1
2025-06-12 03:14:00,76.4
2025-06-12 13:22:00,44.9
2025-06-12 03:35:00,30.6
2025-06-12 01:19:00,30.5
2025-06-12 22:35:00,38.8
2025-06-12 12:54:00,32.8
2025-06-12 23:29:00,57.6
2025-06-12 13:50:00,18.6
2025-06-12 08:42:00,82.5
2025-06-12 07:50:00,72.7
2025-06-12 09:51:00,32.6
2025-06-12 02:05:00,84.4
2025-06-12 18:38:00,30.4
2025-06-12 00:11:00,72.1
2025-06-12 22:09:00,81.4
2025-06-12 11:46:00,68.5
2025-06-12 07:29:00,72.0
2025-06-12 05:38:00,19.7
2025-06-12 10:23:00,35.9
2025-06-12 11:20:00,36.1
2025-06-12 17:46:00,73.8
2025-06-12 17:38:00,50.3
2025-06-12 06:34:00,69.7
2025-06-12 08:22:00,86.0
2025-06-12 12:24:00,55.2
2025-06-12 07:39:00,0.9
2025-06-12 01:52:00,57.0
2025-06-12 00:14:00,1.5
2025-06-12 04:46:00,49.63695830886671
2025-06-12 22:11:00,49.63695830886671
2025-06-12 04:45:00,83.6
2025-06-12 19:46:00,49.63695830886671
2025-06-12 21:32:00,15.6
2025-06-12 05:24:00,47.4
2025-06-12 02:25:00,25.9
2025-06-12 10:14:00,33.7
2025-06-12 21:35:00,13.7
2025-06-12 07:43:00,67.5
2025-06-12 17:06:00,68.0
2025-06-12 10:07:00,80.2
2025-06-12 03:28:00,49.63695830886671
2025-06-12 08:49:00,21.3
2025-06-12 16:29:00,72.2
2025-06-12 08:02:00,54.2
2025-06-12 07:42:00,15.5
2025-06-12 20:53:00,48.1
2025-06-12 13:17:00,13.4
2025-06-12 08:38:00,34.6
2025-06-12 23:54:00,94.2
2025-06-12 03:49:00,66.8
2025-06-12 19:34:00,33.8
2025-06-12 01:40:00,8.0
2025-06-12 07:36:00,98.6
2025-06-12 23:14:00,49.63695830886671
2025-06-12 13:18:00,62.2
2025-06-12 20:33:00,85.0
2025-06-12 10:59:00,49.63695830886671
2025-06-12 06:06:00,89.3
2025-06-12 06:47:00,12.6
2025-06-12 05:44:00,36.2
2025-06-12 10:23:00,29.4
2025-06-12 03:44:00,49.2
2025-06-12 07:09:00,59.6
2025-06-12 06:01:00,1.4
2025-06-12 13:27:00,22.6
2025-06-12 20:28:00,50.7
2025-06-12 13:49:00,84.1
2025-06-12 01:17:00,67.7
2025-06-12 18:51:00,91.2
2025-06-12 13:47:00,49.63695830886671
2025-06-12 16:14:00,94.6
2025-06-12 17:53:00,50.1
2025-06-12 17:07:00,5.9
2025-06-12 09:14:00,28.1
2025-06-12 10:24:00,29.9
2025-06-12 08:46:00,72.3
2025-06-12 09:06:00,20.2
2025-06-12 22:12:00,82.4
2025-06-12 23:43:00,24.1
2025-06-12 09:41:00,34.0
2025-06-12 10:52:00,23.7
2025-06-12 00:05:00,10.7
2025-06-12 04:24:00,49.63695830886671
2025-06-12 00:27:00,88.5
2025-06-12 00:21:00,98.1
2025-06-12 10:45:00,2.2
2025-06-12 20:53:00,3.3
2025-06-12 02:27:00,49.63695830886671
2025-06-12 17:56:00,78.2
2025-06-12 13:48:00,86.0
2025-06-12 00:47:00,45.2
2025-06-12 06:54:00,59.7
2025-06-12 11:08:00,83.0
2025-06-12 06:35:00,73.9
2025-06-12 17:38:00,50.7
2025-06-12 20:24:00,3.6
2025-06-12 03:56:00,25.9
2025-06-12 02:00:00,86.6
2025-06-12 12:37:00,49.63695830886671
2025-06-12 08:32:00,27.9
2025-06-12 08:15:00,49.63695830886671
2025-06-12 18:50:00,7.1
2025-06-12 18:12:00,87.0
2025-06-12 08:41:00,38.1
2025-06-12 08:55:00,12.7
2025-06-12 07:52:00,1.9
2025-06-12 21:03:00,26.0
2025-06-12 05:04:00,5.5
2025-06-12 09:39:00,61.9
2025-06-12 17:09:00,79.6
2025-06-12 16:14:00,37.9
2025-06-12 01:44:00,49.63695830886671
2025-06-12 04:45:00,60.3
2025-06-12 18:12:00,39.1
2025-06-12 16:54:00,96.3
2025-06-12 01:56:00,49.63695830886671
2025-06-12 18:09:00,33.7
2025-06-12 10:19:00,73.8
2025-06-12 00:14:00,67.4
2025-06-12 05:07:00,64.8
2025-06-12 23:32:00,90.5
2025-06-12 15:55:00,56.1
2025-06-12 13:19:00,4.4
2025-06-12 07:44:00,84.0
2025-06-12 18:55:00,26.0
2025-06-12 11:49:00,85.8
2025-06-12 20:07:00,21.8
2025-06-12 02:26:00,49.63695830886671
2025-06-12 16:34:00,75.7
2025-06-12 11:00:00,91.7
2025-06-12 00:49:00,49.63695830886671
2025-06-12 18:15:00,49.63695830886671
2025-06-12 19:05:00,87.6
2025-06-12 10:26:00,49.63695830886671
2025-06-12 11:37:00,7.2
2025-06-12 19:54:00,49.63695830886671
2025-06-12 01:34:00,99.1
2025-06-12 06:18:00,92.7
2025-06-12 12:15:00,8.0
2025-06-12 05:51:00,52.4
2025-06-12 09:17:00,93.7
2025-06-12 05:47:00,21.3
2025-06-12 05:24:00,51.4
2025-06-12 06:32:00,26.3
2025-06-12 12:31:00,88.4
2025-06-12 10:07:00,45.9
2025-06-12 07:29:00,50.0
2025-06-12 11:05:00,56.6
2025-06-12 23:41:00,88.6
2025-06-12 05:04:00,51.3
2025-06-12 16:15:00,49.63695830886671
2025-06-12 08:23:00,13.4
2025-06-12 05:33:00,37.4
2025-06-12 18:13:00,93.2
2025-06-12 08:44:00,65.1
2025-06-12 07:51:00,97.9
2025-06-12 00:58:00,6.8
2025-06-12 07:16:00,28.4
2025-06-12 04:43:00,49.63695830886671
2025-06-12 20:23:00,16.4
2025-06-12 12:23:00,55.8
2025-06-12 09:00:00,48.1
2025-06-12 21:46:00,91.9
2025-06-12 11:48:00,92.6
2025-06-12 18:21:00,28.9
2025-06-12 14:36:00,96.0
2025-06-12 14:22:00,68.9
2025-06-12 13:29:00,12.5
2025-06-12 17:11:00,49.63695830886671
2025-06-12 18:30:00,4.7
2025-06-12 01:27:00,81.7
2025-06-12 17:51:00,46.1
2025-06-12 21:30:00,60.1
2025-06-12 16:19:00,44.7
2025-06-12 02:07:00,43.6
2025-06-12 23:47:00,78.5
2025-06-12 10:13:00,38.0
2025-06-12 02:47:00,80.6
2025-06-12 19:19:00,35.2
2025-06-12 21:04:00,0.2
2025-06-12 03:13:00,41.4
2025-06-12 15:14:00,53.6
2025-06-12 20:07:00,65.1
2025-06-12 11:42:00,78.7
2025-06-12 02:06:00,22.9
2025-06-12 18:51:00,97.8
2025-06-12 12:04:00,60.6
2025-06-12 08:13:00,49.1
2025-06-12 02:37:00,44.7
2025-06-12 16:24:00,39.5
2025-06-12 07:36:00,67.3
2025-06-12 21:23:00,95.3
2025-06-12 00:15:00,58.2
2025-06-12 17:57:00,33.5
2025-06-12 16:31:00,10.5
2025-06-12 06:10:00,94.9
2025-06-12 10:06:00,49.63695830886671
2025-06-12 16:27:00,43.5
2025-06-12 06:47:00,49.63695830886671
2025-06-12 15:38:00,47.3
2025-06-12 23:30:00,4.7
2025-06-12 11:39:00,49.63695830886671
2025-06-12 15:52:00,74.9
2025-06-12 04:54:00,31.0
2025-06-12 00:59:00,54.1
2025-06-12 23:15:00,65.2
2025-06-12 10:57:00,88.0
2025-06-12 23:57:00,49.63695830886671
2025-06-12 14:13:00,49.63695830886671
2025-06-12 12:56:00,60.5
2025-06-12 02:41:00,49.63695830886671
2025-06-12 05:28:00,49.63695830886671
2025-06-12 13:05:00,17.6
2025-06-12 23:07:00,58.0
2025-06-12 12:51:00,47.5
2025-06-12 21:58:00,80.1
2025-06-12 01:58:00,32.4
2025-06-12 14:13:00,62.8
2025-06-12 22:21:00,45.1
2025-06-12 02:20:00,69.2
2025-06-12 02:19:00,21.3
2025-06-12 17:56:00,30.9
2025-06-12 23:55:00,59.6
2025-06-12 07:49:00,91.4
2025-06-12 00:18:00,68.1
2025-06-12 14:07:00,72.7
2025-06-12 16:21:00,49.63695830886671
2025-06-12 20:46:00,10.9
2025-06-12 07:46:00,27.2
2025-06-12 10:33:00,49.63695830886671
2025-06-12 22:08:00,4.1
2025-06-12 18:53:00,86.1
2025-06-12 07:17:00,20.7
2025-06-12 19:28:00,10.5
2025-06-12 19:21:00,68.8
2025-06-12 19:45:00,80.9
2025-06-12 16:51:00,70.0
2025-06-12 10:44:00,49.63695830886671
2025-06-12 08:43:00,52.5
2025-06-12 23:40:00,20.4
2025-06-12 01:25:00,87.4
2025-06-12 19:08:00,49.63695830886671
2025-06-12 12:12:00,19.1
2025-06-12 17:54:00,14.5
2025-06-12 11:59:00,90.3
2025-06-12 12:53:00,49.63695830886671
2025-06-12 20:28:00,5.5
2025-06-12 13:02:00,6.4
2025-06-12 00:10:00,49.63695830886671
2025-06-12 03:26:00,23.7
2025-06-12 07:25:00,49.63695830886671
2025-06-12 10:36:00,66.0
2025-06-12 10:20:00,41.6
2025-06-12 10:20:00,51.6
2025-06-12 07:23:00,12.2
2025-06-12 18:35:00,63.5
2025-06-12 22:01:00,75.3
2025-06-12 10:09:00,9.5
2025-06-12 15:41:00,87.9
2025-06-12 09:23:00,94.4
2025-06-12 17:02:00,79.7
2025-06-12 10:01:00,49.63695830886671
2025-06-12 12:40:00,80.2
2025-06-12 11:03:00,80.6
2025-06-12 00:21:00,49.63695830886671
2025-06-12 19:20:00,75.6
2025-06-12 04:55:00,75.2
2025-06-12 02:35:00,29.6
2025-06-12 16:39:00,88.1
2025-06-12 06:10:00,75.1
2025-06-12 09:02:00,40.5
2025-06-12 18:53:00,41.2
2025-06-12 14:42:00,47.3
2025-06-12 22:24:00,81.7
2025-06-12 21:42:00,49.63695830886671
2025-06-12 03:32:00,9.6
2025-06-12 11:39:00,83.7
2025-06-12 08:00:00,56.7
2025-06-12 13:54:00,61.9
2025-06-12 07:27:00,94.4
2025-06-12 08:39:00,47.7
2025-06-12 18:42:00,99.0
2025-06-12 04:58:00,49.63695830886671
2025-06-12 11:18:00,4.9
2025-06-12 10:32:00,22.2
2025-06-12 10:18:00,83.8
2025-06-12 09:39:00,56.9
2025-06-12 18:45:00,84.2
2025-06-12 22:05:00,16.8
2025-06-12 14:13:00,83.2
2025-06-12 06:58:00,49.63695830886671
2025-06-12 11:16:00,60.1
2025-06-12 02:25:00,11.7
2025-06-12 07:48:00,61.9
2025-06-12 13:46:00,30.6
2025-06-12 09:02:00,2.5
2025-06-12 09:58:00,1.1
2025-06-12 17:34:00,38.9
2025-06-12 20:31:00,49.63695830886671
2025-06-12 09:22:00,89.7
2025-06-12 05:52:00,96.4
2025-06-12 18:29:00,47.4
2025-06-12 05:38:00,50.5
2025-06-12 23:34:00,78.6
2025-06-12 13:37:00,30.9
2025-06-12 01:40:00,45.2
2025-06-12 18:50:00,96.0
2025-06-12 15:59:00,67.0
2025-06-12 04:05:00,96.9
2025-06-12 21:51:00,58.2
2025-06-12 20:03:00,72.9
2025-06-12 01:23:00,58.2
2025-06-12 12:48:00,50.41405513666353
2025-06-12 17:38:00,12.5
2025-06-12 19:45:00,53.5
2025-06-12 10:55:00,38.2
2025-06-12 17:52:00,1.5
2025-06-12 06:29:00,47.1
2025-06-12 02:06:00,16.1
2025-06-12 21:26:00,15.4
2025-06-12 00:50:00,88.4
2025-06-12 08:39:00,95.1
2025-06-12 06:22:00,99.4
2025-06-12 06:05:00,50.41405513666353
2025-06-12 01:37:00,40.5
2025-06-12 03:30:00,76.5
2025-06-12 20:29:00,4.6
2025-06-12 01:34:00,15.7
2025-06-12 19:24:00,92.7
2025-06-12 08:12:00,97.5
2025-06-12 01:16:00,99.5
2025-06-12 09:50:00,11.5
2025-06-12 06:23:00,89.4
2025-06-12 13:16:00,47.4
2025-06-12 04:07:00,58.2
2025-06-12 20:29:00,50.41405513666353
2025-06-12 05:41:00,56.5
2025-06-12 21:54:00,42.8
2025-06-12 08:47:00,94.6
2025-06-12 21:47:00,95.6
2025-06-12 03:05:00,28.7
2025-06-12 21:27:00,39.6
2025-06-12 20:30:00,51.1
2025-06-12 10:06:00,9.4
2025-06-12 11:25:00,50.41405513666353
2025-06-12 16:26:00,93.5
2025-06-12 13:24:00,60.6
2025-06-12 20:42:00,51.7
2025-06-12 04:10:00,71.7
2025-06-12 16:16:00,81.0
2025-06-12 14:49:00,19.7
2025-06-12 21:39:00,84.2
2025-06-12 13:32:00,64.6
2025-06-12 15:55:00,66.9
2025-06-12 22:45:00,50.41405513666353
2025-06-12 17:07:00,50.41405513666353
2025-06-12 21:18:00,83.9
2025-06-12 13:01:00,44.3
2025-06-12 09:02:00,33.7
2025-06-12 08:50:00,50.41405513666353
2025-06-12 01:40:00,43.1
2025-06-12 17:15:00,63.7
2025-06-12 19:26:00,50.41405513666353
2025-06-12 11:19:00,85.7
2025-06-12 07:20:00,33.1
2025-06-12 11:51:00,50.41405513666353
2025-06-12 10:49:00,98.3
2025-06-12 23:09:00,8.0
2025-06-12 06:05:00,94.2
2025-06-12 05:45:00,50.41405513666353
2025-06-12 08:31:00,100.0
2025-06-12 20:41:00,51.2
2025-06-12 00:07:00,0.7
2025-06-12 15:13:00,99.2
2025-06-12 19:22:00,97.8
2025-06-12 18:24:00,27.6
2025-06-12 21:07:00,40.6
2025-06-12 08:04:00,16.1
2025-06-12 01:30:00,15.9
2025-06-12 22:59:00,44.0
2025-06-12 21:15:00,64.9
2025-06-12 04:05:00,58.4
2025-06-12 14:39:00,12.9
2025-06-12 19:47:00,51.4
2025-06-12 12:00:00,18.5
2025-06-12 02:49:00,27.7
2025-06-12 23:12:00,94.2
2025-06-12 14:47:00,83.1
2025-06-12 20:51:00,75.4
2025-06-12 01:56:00,13.9
2025-06-12 09:45:00,81.7
2025-06-12 01:40:00,53.5
2025-06-12 13:10:00,50.41405513666353
2025-06-12 13:17:00,45.7
2025-06-12 16:44:00,68.9
2025-06-12 17:58:00,31.7
2025-06-12 06:43:00,92.9
2025-06-12 07:39:00,60.3
2025-06-12 10:59:00,79.4
2025-06-12 08:11:00,30.1
2025-06-12 17:09:00,79.7
2025-06-12 22:29:00,62.9
2025-06-12 12:45:00,32.8
2025-06-12 15:46:00,50.41405513666353
2025-06-12 05:33:00,89.8
2025-06-12 15:17:00,71.9
2025-06-12 01:15:00,99.8
2025-06-12 06:49:00,4.8
2025-06-12 07:46:00,93.3
2025-06-12 18:10:00,88.6
2025-06-12 23:19:00,13.3
2025-06-12 17:01:00,23.8
2025-06-12 03:06:00,47.1
2025-06-12 06:42:00,48.9
2025-06-12 16:04:00,57.8
2025-06-12 17:56:00,4.2
2025-06-12 22:31:00,32.8
2025-06-12 17:34:00,84.0
2025-06-12 17:28:00,50.41405513666353
2025-06-12 05:00:00,49.5
2025-06-12 18:09:00,21.0
2025-06-12 09:00:00,80.3
2025-06-12 01:16:00,79.6
2025-06-12 08:15:00,15.8
2025-06-12 16:28:00,63.6
2025-06-12 03:59:00,50.41405513666353
2025-06-12 20:07:00,32.3
2025-06-12 04:46:00,7.9
2025-06-12 12:38:00,30.1
2025-06-12 20:12:00,70.6
2025-06-12 10:45:00,27.5
2025-06-12 08:47:00,90.9
2025-06-12 19:53:00,56.6
2025-06-12 12:21:00,70.9
2025-06-12 14:13:00,50.41405513666353
2025-06-12 07:57:00,5.6
2025-06-12 22:52:00,82.6
2025-06-12 14:08:00,56.0
2025-06-12 05:02:00,39.2
2025-06-12 13:02:00,7.3
2025-06-12 04:59:00,94.7
2025-06-12 18:48:00,1.6
2025-06-12 08:07:00,50.41405513666353
2025-06-12 09:20:00,68.0
2025-06-12 01:54:00,16.4
2025-06-12 10:39:00,6.8
2025-06-12 06:53:00,2.3
2025-06-12 11:59:00,52.0
2025-06-12 00:34:00,45.6
2025-06-12 00:20:00,22.1
2025-06-12 21:19:00,98.7
2025-06-12 16:15:00,96.7
2025-06-12 01:27:00,50.41405513666353
2025-06-12 17:26:00,12.1
2025-06-12 14:58:00,22.2
2025-06-12 08:57:00,83.7
2025-06-12 08:52:00,67.8
2025-06-12 01:02:00,68.0
2025-06-12 18:13:00,41.3
2025-06-12 08:47:00,29.0
2025-06-12 14:11:00,39.8
2025-06-12 00:19:00,44.8
2025-06-12 20:18:00,91.1
2025-06-12 08:34:00,40.4
2025-06-12 04:43:00,50.41405513666353
2025-06-12 04:40:00,5.2
2025-06-12 04:26:00,32.3
2025-06-12 22:48:00,50.41405513666353
2025-06-12 21:11:00,57.1
2025-06-12 12:17:00,42.8
2025-06-12 22:20:00,19.1
2025-06-12 22:23:00,30.2
2025-06-12 06:40:00,33.4
2025-06-12 12:57:00,39.6
2025-06-12 11:06:00,78.9
2025-06-12 01:49:00,20.1
2025-06-12 05:34:00,81.1
2025-06-12 17:01:00,64.4
2025-06-12 15:13:00,83.1
2025-06-12 16:22:00,34.4
2025-06-12 04:56:00,18.9
2025-06-12 23:20:00,34.5
2025-06-12 19:22:00,50.41405513666353
2025-06-12 23:16:00,58.0
2025-06-12 06:51:00,3.2
2025-06-12 08:57:00,65.2
2025-06-12 16:00:00,20.9
2025-06-12 10:23:00,3.2
2025-06-12 17:00:00,86.5
2025-06-12 20:11:00,90.5
2025-06-12 23:48:00,2.4
2025-06-12 01:51:00,17.6
2025-06-12 11:55:00,14.7
2025-06-12 23:39:00,3.2
2025-06-12 21:03:00,41.5
2025-06-12 18:47:00,12.8
2025-06-12 11:07:00,51.2
2025-06-12 21:10:00,2.0
2025-06-12 03:46:00,23.2
2025-06-12 11:32:00,68.2
2025-06-12 02:34:00,35.8
2025-06-12 07:49:00,47.9
2025-06-12 13:19:00,64.2
2025-06-12 11:07:00,44.8
2025-06-12 01:03:00,49.4
2025-06-12 13:54:00,94.9
2025-06-12 06:54:00,61.1
2025-06-12 17:03:00,81.7
2025-06-12 12:58:00,4.2
2025-06-12 20:17:00,62.8
2025-06-12 07:38:00,31.6
2025-06-12 06:44:00,24.8
2025-06-12 09:54:00,81.2
2025-06-12 11:24:00,14.9
2025-06-12 10:43:00,25.5
2025-06-12 10:39:00,58.5
2025-06-12 17:35:00,50.41405513666353
2025-06-12 07:11:00,50.41405513666353
2025-06-12 17:21:00,27.4
2025-06-12 01:44:00,47.8
2025-06-12 09:39:00,63.2
2025-06-12 20:08:00,14.9
2025-06-12 16:38:00,13.3
2025-06-12 08:54:00,88.6
2025-06-12 21:19:00,11.5
2025-06-12 15:35:00,47.7
2025-06-12 16:25:00,8.6
2025-06-12 02:05:00,74.9
2025-06-12 05:42:00,35.2
2025-06-12 22:45:00,51.1
2025-06-12 06:54:00,50.41405513666353
2025-06-12 06:59:00,50.41405513666353
2025-06-12 13:08:00,46.2
2025-06-12 23:14:00,43.7
2025-06-12 01:53:00,24.6
2025-06-12 22:09:00,64.0
2025-06-12 06:57:00,86.5
2025-06-12 04:53:00,50.41405513666353
2025-06-12 07:16:00,70.8
2025-06-12 21:56:00,69.7
2025-06-12 06:58:00,27.1
2025-06-12 20:33:00,61.5
2025-06-12 18:54:00,77.5
2025-06-12 13:20:00,23.5
2025-06-12 20:23:00,44.5
2025-06-12 03:44:00,50.41405513666353
2025-06-12 04:22:00,76.8
2025-06-12 23:12:00,6.7
2025-06-12 23:43:00,5.6
2025-06-12 19:34:00,85.3
2025-06-12 18:38:00,46.4
2025-06-12 12:00:00,90.0
2025-06-12 12:50:00,66.7
2025-06-12 02:51:00,66.2
2025-06-12 05:48:00,7.6
2025-06-12 20:29:00,99.4
2025-06-12 20:46:00,20.1
2025-06-12 22:06:00,17.7
2025-06-12 03:36:00,84.0
2025-06-12 14:31:00,86.5
2025-06-12 02:21:00,50.41405513666353
2025-06-12 22:29:00,90.8
2025-06-12 15:08:00,70.5
2025-06-12 05:26:00,74.1
2025-06-12 15:27:00,90.6
2025-06-12 23:09:00,97.0
2025-06-12 00:25:00,0.4
2025-06-12 11:25:00,68.4
2025-06-12 00:05:00,33.5
2025-06-12 07:13:00,37.8
2025-06-12 22:21:00,84.3
2025-06-12 00:38:00,17.6
2025-06-12 02:43:00,29.8
2025-06-12 20:26:00,50.41405513666353
2025-06-12 04:05:00,50.41405513666353
2025-06-12 17:45:00,31.5
2025-06-12 21:05:00,67.5
2025-06-12 00:15:00,92.2
2025-06-12 12:58:00,59.2
2025-06-12 15:22:00,88.5
2025-06-12 06:16:00,49.2
2025-06-12 15:47:00,15.1
2025-06-12 11:25:00,22.5
2025-06-12 04:57:00,48.8
2025-06-12 13:46:00,53.9
2025-06-12 05:44:00,50.41405513666353
2025-06-12 07:18:00,50.41405513666353
2025-06-12 02:56:00,50.41405513666353
2025-06-12 14:47:00,56.2
2025-06-12 14:22:00,68.5
2025-06-12 04:01:00,50.41405513666353
2025-06-12 22:37:00,26.7
2025-06-12 15:09:00,38.7
2025-06-12 20:37:00,59.4
2025-06-12 11:42:00,87.1
2025-06-12 14:51:00,50.41405513666353
2025-06-12 23:35:00,25.5
2025-06-12 12:10:00,41.5
2025-06-12 07:02:00,12.6
2025-06-12 02:59:00,59.2
2025-06-12 15:02:00,72.5
2025-06-12 00:21:00,0.0
2025-06-12 13:06:00,77.1
2025-06-12 23:06:00,45.4
2025-06-12 07:13:00,70.3
2025-06-12 15:18:00,27.5
2025-06-12 00:33:00,30.5
2025-06-12 19:09:00,89.7
2025-06-12 13:37:00,54.0
2025-06-12 06:01:00,73.5
2025-06-12 01:40:00,88.0
2025-06-12 07:37:00,12.1
2025-06-12 01:23:00,77.9
2025-06-12 20:30:00,53.5
2025-06-12 22:50:00,3.3
2025-06-12 13:09:00,19.6
2025-06-12 02:17:00,94.8
2025-06-12 23:57:00,34.3
2025-06-12 06:40:00,35.0
2025-06-12 06:37:00,48.3
2025-06-12 22:42:00,74.7
2025-06-12 00:07:00,9.4
2025-06-12 17:37:00,79.8
2025-06-12 09:59:00,11.9
2025-06-12 12:23:00,96.2
2025-06-12 02:09:00,49.776157380139004
2025-06-12 00:24:00,8.4
2025-06-12 15:24:00,42.3
2025-06-12 01:11:00,6.2
2025-06-12 08:46:00,71.6
2025-06-12 07:13:00,43.7
2025-06-12 18:24:00,81.0
2025-06-12 14:10:00,47.0
2025-06-12 21:08:00,39.9
2025-06-12 07:03:00,14.3
2025-06-12 09:53:00,7.7
2025-06-12 21:58:00,67.5
2025-06-12 10:08:00,18.4
2025-06-12 09:01:00,46.7
2025-06-12 16:26:00,57.2
2025-06-12 09:31:00,27.5
2025-06-12 23:42:00,69.0
2025-06-12 03:30:00,43.6
2025-06-12 23:59:00,30.3
2025-06-12 13:16:00,25.4
2025-06-12 07:29:00,68.3
2025-06-12 22:14:00,49.776157380139004
2025-06-12 14:03:00,20.5
2025-06-12 02:01:00,56.2
2025-06-12 15:58:00,49.776157380139004
2025-06-12 13:21:00,26.8
2025-06-12 02:27:00,12.2
2025-06-12 19:32:00,13.6
2025-06-12 08:57:00,49.776157380139004
2025-06-12 02:27:00,34.9
2025-06-12 06:55:00,91.5
2025-06-12 03:04:00,2.0
2025-06-12 05:27:00,53.6
2025-06-12 14:15:00,49.776157380139004
2025-06-12 10:14:00,24.5
2025-06-12 14:01:00,89.8
2025-06-12 17:23:00,49.776157380139004
2025-06-12 09:31:00,93.4
2025-06-12 04:49:00,23.1
2025-06-12 21:09:00,70.8
2025-06-12 21:05:00,62.0
2025-06-12 14:34:00,44.4
2025-06-12 15:41:00,16.3
2025-06-12 13:52:00,78.6
2025-06-12 19:04:00,32.8
2025-06-12 15:01:00,41.9
2025-06-12 07:05:00,28.5
2025-06-12 00:46:00,49.776157380139004
2025-06-12 04:56:00,49.0
2025-06-12 12:16:00,45.0
2025-06-12 12:37:00,49.776157380139004
2025-06-12 13:28:00,44.2
2025-06-12 14:28:00,90.1
2025-06-12 04:37:00,66.8
2025-06-12 23:26:00,40.1
2025-06-12 10:03:00,49.776157380139004
2025-06-12 09:56:00,92.9
2025-06-12 13:31:00,9.0
2025-06-12 04:32:00,70.1
2025-06-12 23:18:00,43.2
2025-06-12 05:18:00,71.4
2025-06-12 07:50:00,95.4
2025-06-12 07:54:00,74.3
2025-06-12 00:17:00,28.7
2025-06-12 01:51:00,65.8
2025-06-12 17:55:00,56.7
2025-06-12 13:42:00,7.2
2025-06-12 13:04:00,59.7
2025-06-12 04:22:00,57.1
2025-06-12 07:50:00,22.7
2025-06-12 23:26:00,64.1
2025-06-12 12:18:00,45.2
2025-06-12 16:19:00,44.8
2025-06-12 18:37:00,29.5
2025-06-12 14:54:00,35.1
2025-06-12 20:31:00,87.7
2025-06-12 22:40:00,51.3
2025-06-12 10:43:00,99.5
2025-06-12 14:17:00,2.5
2025-06-12 12:33:00,90.9
2025-06-12 07:38:00,64.8
2025-06-12 23:43:00,25.6
2025-06-12 13:49:00,60.9
2025-06-12 15:35:00,49.776157380139004
2025-06-12 06:08:00,81.9
2025-06-12 01:35:00,49.776157380139004
2025-06-12 01:14:00,17.8
2025-06-12 08:45:00,47.4
2025-06-12 21:48:00,57.2
2025-06-12 07:28:00,88.3
2025-06-12 09:32:00,49.776157380139004
2025-06-12 18:30:00,49.776157380139004
2025-06-12 19:46:00,83.5
2025-06-12 21:35:00,34.0
2025-06-12 02:48:00,45.5
2025-06-12 09:27:00,34.9
2025-06-12 18:54:00,65.4
2025-06-12 08:00:00,70.3
2025-06-12 18:36:00,43.9
2025-06-12 20:23:00,19.8
2025-06-12 05:46:00,58.8
2025-06-12 04:41:00,34.3
2025-06-12 01:49:00,49.776157380139004
2025-06-12 23:18:00,74.1
2025-06-12 02:07:00,23.1
2025-06-12 03:48:00,97.5
2025-06-12 23:26:00,20.9
2025-06-12 11:21:00,22.0
2025-06-12 07:18:00,49.776157380139004
2025-06-12 12:28:00,62.7
2025-06-12 03:10:00,2.9
2025-06-12 23:19:00,72.6
2025-06-12 12:28:00,94.7
2025-06-12 18:04:00,63.0
2025-06-12 22:30:00,39.9
2025-06-12 09:53:00,63.8
2025-06-12 09:29:00,6.7
2025-06-12 06:15:00,0.5
2025-06-12 15:02:00,53.6
2025-06-12 03:20:00,79.8
2025-06-12 04:45:00,77.9
2025-06-12 17:31:00,50.8
2025-06-12 18:31:00,90.4
2025-06-12 17:50:00,16.9
2025-06-12 03:17:00,44.7
2025-06-12 12:13:00,54.7
2025-06-12 19:16:00,95.5
2025-06-12 11:35:00,38.1
2025-06-12 22:40:00,60.1
2025-06-12 00:03:00,26.4
2025-06-12 06:35:00,87.0
2025-06-12 00:04:00,89.7
2025-06-12 17:05:00,32.9
2025-06-12 02:31:00,49.776157380139004
2025-06-12 01:17:00,21.2
2025-06-12 16:24:00,11.9
2025-06-12 18:54:00,70.2
2025-06-12 21:48:00,51.7
2025-06-12 04:19:00,16.4
2025-06-12 08:40:00,50.2
2025-06-12 13:08:00,70.6
2025-06-12 04:45:00,22.5
2025-06-12 01:33:00,40.5
2025-06-12 18:03:00,96.1
2025-06-12 21:21:00,14.0
2025-06-12 15:45:00,66.7
2025-06-12 17:04:00,59.7
2025-06-12 16:39:00,44.5
2025-06-12 07:39:00,49.776157380139004
2025-06-12 04:30:00,85.1
2025-06-12 04:52:00,48.8
2025-06-12 07:38:00,11.3
2025-06-12 21:18:00,29.3
2025-06-12 09:49:00,11.5
2025-06-12 07:03:00,23.8
2025-06-12 17:46:00,58.0
2025-06-12 08:31:00,91.2
2025-06-12 13:19:00,91.0
2025-06-12 21:02:00,96.4
2025-06-12 15:28:00,4.4
2025-06-12 20:08:00,61.8
2025-06-12 17:11:00,91.8
2025-06-12 10:53:00,30.5
2025-06-12 15:32:00,49.776157380139004
2025-06-12 23:20:00,24.3
2025-06-12 20:34:00,28.7
2025-06-12 01:45:00,4.1
2025-06-12 13:00:00,49.776157380139004
2025-06-12 22:32:00,15.0
2025-06-12 12:19:00,49.776157380139004
2025-06-12 04:59:00,0.7
2025-06-12 18:19:00,24.0
2025-06-12 05:00:00,28.1
2025-06-12 00:57:00,49.776157380139004
2025-06-12 07:14:00,49.776157380139004
2025-06-12 19:48:00,5.3
2025-06-12 00:25:00,49.776157380139004
2025-06-12 00:28:00,73.1
2025-06-12 16:13:00,49.776157380139004
2025-06-12 20:49:00,15.2
2025-06-12 22:21:00,48.0
2025-06-12 14:36:00,79.4
2025-06-12 14:54:00,37.2
2025-06-12 17:32:00,8.9
2025-06-12 15:50:00,44.1
2025-06-12 11:37:00,52.0
2025-06-12 10:52:00,42.7
2025-06-12 10:19:00,46.3
2025-06-12 00:32:00,57.4
2025-06-12 19:44:00,88.3
2025-06-12 19:12:00,95.1
2025-06-12 01:37:00,71.0
2025-06-12 20:08:00,49.776157380139004
2025-06-12 20:20:00,90.9
2025-06-12 22:41:00,49.776157380139004
2025-06-12 21:54:00,50.0
2025-06-12 09:32:00,100.0
2025-06-12 00:42:00,30.9
2025-06-12 13:00:00,39.1
2025-06-12 23:35:00,49.776157380139004
2025-06-12 19:12:00,7.0
2025-06-12 05:57:00,93.1
2025-06-12 20:24:00,83.6
2025-06-12 02:08:00,40.0
2025-06-12 01:27:00,98.0
2025-06-12 22:22:00,63.2
2025-06-12 19:44:00,49.776157380139004
2025-06-12 22:48:00,49.776157380139004
2025-06-12 13:00:00,49.3
2025-06-12 16:51:00,26.7
2025-06-12 19:04:00,49.776157380139004
2025-06-12 13:17:00,1.1
2025-06-12 02:28:00,96.7
2025-06-12 14:08:00,66.5
2025-06-12 20:34:00,16.8
2025-06-12 12:01:00,35.8
2025-06-12 08:39:00,85.8
2025-06-12 03:32:00,43.9
2025-06-12 00:22:00,64.2
2025-06-12 18:44:00,49.3
2025-06-12 11:10:00,51.8
2025-06-12 12:56:00,96.9
2025-06-12 06:33:00,85.8
2025-06-12 13:07:00,10.6
2025-06-12 11:47:00,90.3
2025-06-12 08:48:00,74.5
2025-06-12 13:58:00,52.7
2025-06-12 22:30:00,21.1
2025-06-12 15:02:00,12.7
2025-06-12 07:54:00,49.776157380139004
2025-06-12 04:07:00,28.2
2025-06-12 06:36:00,98.7
2025-06-12 23:20:00,36.2
2025-06-12 22:41:00,22.5
2025-06-12 18:22:00,85.0
2025-06-12 22:03:00,49.776157380139004
2025-06-12 16:20:00,82.4
2025-06-12 12:08:00,23.7
2025-06-12 01:49:00,83.2
2025-06-12 15:39:00,49.776157380139004
2025-06-12 05:31:00,49.3
2025-06-12 13:40:00,19.7
2025-06-12 22:37:00,95.4
2025-06-12 08:01:00,5.2
2025-06-12 20:00:00,19.9
2025-06-12 20:02:00,63.8
2025-06-12 14:20:00,62.3
2025-06-12 02:09:00,49.776157380139004
2025-06-12 23:14:00,71.3
2025-06-12 04:38:00,43.0
2025-06-12 18:34:00,35.3
2025-06-12 21:51:00,19.5
2025-06-12 18:33:00,25.6
2025-06-12 00:46:00,62.4
2025-06-12 20:16:00,49.776157380139004
2025-06-12 19:53:00,71.5
2025-06-12 10:16:00,36.0
2025-06-12 14:32:00,49.776157380139004
2025-06-12 00:00:00,68.3
2025-06-12 20:09:00,11.4
2025-06-12 17:02:00,85.9
2025-06-12 18:11:00,49.776157380139004
2025-06-12 05:11:00,56.1
2025-06-12 06:58:00,64.7
2025-06-12 21:17:00,67.2
2025-06-12 21:15:00,49.776157380139004
2025-06-12 15:23:00,49.1
2025-06-12 12:34:00,45.6
2025-06-12 04:06:00,66.8
2025-06-12 12:49:00,65.9
2025-06-12 04:54:00,3.3
2025-06-12 22:27:00,26.9
2025-06-12 06:03:00,58.2
2025-06-12 22:37:00,24.8
2025-06-12 13:44:00,4.3
2025-06-12 19:23:00,11.1
2025-06-12 05:44:00,49.776157380139004
2025-06-12 21:56:00,34.9
2025-06-12 14:13:00,49.776157380139004
2025-06-12 10:35:00,3.4
2025-06-12 06:54:00,49.776157380139004
2025-06-12 18:50:00,65.8
2025-06-12 16:56:00,24.3
2025-06-12 04:29:00,77.6
2025-06-12 19:22:00,82.6
2025-06-12 21:13:00,3.9
2025-06-12 06:16:00,59.7
2025-06-12 06:16:00,89.1
2025-06-12 18:38:00,49.776157380139004
2025-06-12 21:13:00,49.776157380139004
2025-06-12 12:09:00,33.4
2025-06-12 13:39:00,72.2
2025-06-12 05:00:00,24.4
2025-06-12 22:58:00,1.3
2025-06-12 19:27:00,8.8
2025-06-12 22:50:00,84.6
2025-06-12 02:24:00,61.3
2025-06-12 14:28:00,56.4
2025-06-12 16:51:00,0.5
2025-06-12 13:11:00,59.5
2025-06-12 01:59:00,60.4
2025-06-12 06:17:00,31.1
2025-06-12 04:54:00,21.1
2025-06-12 00:00:00,88.8
2025-06-12 14:36:00,21.0
2025-06-12 10:36:00,10.0
2025-06-12 03:48:00,59.3
2025-06-12 19:51:00,98.8
2025-06-12 11:27:00,49.776157380139004
2025-06-12 14:04:00,84.5
2025-06-12 12:05:00,49.776157380139004
2025-06-12 14:29:00,62.6
2025-06-12 16:52:00,22.4
2025-06-12 16:06:00,74.1
2025-06-12 21:17:00,90.7
2025-06-12 02:50:00,65.4
2025-06-12 23:09:00,92.5
2025-06-12 12:42:00,33.8
2025-06-12 22:32:00,37.6
2025-06-12 01:29:00,46.9
2025-06-12 18:16:00,95.0
2025-06-12 07:13:00,35.6
2025-06-12 11:14:00,85.0
2025-06-12 15:09:00,49.81767540251498
2025-06-12 21:47:00,32.2
2025-06-12 18:36:00,12.9
2025-06-12 06:57:00,49.81767540251498
2025-06-12 13:26:00,18.0
2025-06-12 09:26:00,26.7
2025-06-12 22:24:00,84.6
2025-06-12 22:11:00,59.4
2025-06-12 23:13:00,35.1
2025-06-12 11:01:00,25.0
2025-06-12 09:32:00,6.9
2025-06-12 06:36:00,49.81767540251498
2025-06-12 23:05:00,71.4
2025-06-12 19:18:00,98.1
2025-06-12 16:37:00,17.1
2025-06-12 05:15:00,66.6
2025-06-12 17:51:00,49.81767540251498
2025-06-12 03:19:00,49.81767540251498
2025-06-12 18:07:00,33.9
2025-06-12 03:58:00,56.9
2025-06-12 16:19:00,49.81767540251498
2025-06-12 04:24:00,74.8
2025-06-12 07:18:00,93.8
2025-06-12 04:13:00,38.3
2025-06-12 07:24:00,72.4
2025-06-12 20:54:00,69.4
2025-06-12 23:57:00,64.6
2025-06-12 22:44:00,83.6
2025-06-12 02:56:00,66.7
2025-06-12 10:59:00,31.8
2025-06-12 04:28:00,71.6
2025-06-12 12:40:00,55.2
2025-06-12 06:40:00,24.5
2025-06-12 23:53:00,29.2
2025-06-12 20:52:00,33.1
2025-06-12 06:37:00,49.81767540251498
2025-06-12 18:34:00,29.3
2025-06-12 01:45:00,40.5
2025-06-12 11:33:00,31.4
2025-06-12 00:31:00,87.1
2025-06-12 06:19:00,41.8
2025-06-12 17:02:00,0.4
2025-06-12 15:09:00,74.5
2025-06-12 05:43:00,0.3
2025-06-12 01:16:00,49.81767540251498
2025-06-12 12:30:00,47.9
2025-06-12 04:01:00,35.4
2025-06-12 23:34:00,11.3
2025-06-12 21:48:00,38.5
2025-06-12 13:37:00,60.0
2025-06-12 07:33:00,50.4
2025-06-12 02:22:00,20.3
2025-06-12 08:38:00,95.0
2025-06-12 02:33:00,49.81767540251498
2025-06-12 14:05:00,27.1
2025-06-12 19:53:00,82.6
2025-06-12 07:51:00,24.2
2025-06-12 19:38:00,48.5
2025-06-12 19:43:00,44.9
2025-06-12 11:57:00,40.0
2025-06-12 03:53:00,74.3
2025-06-12 01:59:00,49.81767540251498
2025-06-12 08:47:00,49.81767540251498
2025-06-12 02:59:00,35.5
2025-06-12 09:59:00,92.4
2025-06-12 10:26:00,15.8
2025-06-12 23:02:00,70.6
2025-06-12 07:35:00,35.9
2025-06-12 11:57:00,49.8
2025-06-12 03:14:00,30.4
2025-06-12 20:04:00,59.2
2025-06-12 08:34:00,69.0
2025-06-12 08:07:00,49.81767540251498
2025-06-12 14:08:00,13.7
2025-06-12 06:38:00,12.3
2025-06-12 07:11:00,88.7
2025-06-12 00:35:00,63.8
2025-06-12 22:07:00,33.9
2025-06-12 12:29:00,72.2
2025-06-12 23:51:00,60.1
2025-06-12 15:00:00,49.81767540251498
2025-06-12 16:03:00,77.7
2025-06-12 16:07:00,30.1
2025-06-12 07:30:00,37.7
2025-06-12 14:03:00,98.8
2025-06-12 21:23:00,49.81767540251498
2025-06-12 16:40:00,97.1
2025-06-12 11:36:00,29.3
2025-06-12 09:20:00,65.9
2025-06-12 19:21:00,99.3
2025-06-12 07:15:00,3.8
2025-06-12 11:43:00,25.0
2025-06-12 23:30:00,66.8
2025-06-12 01:35:00,42.8
2025-06-12 07:45:00,55.2
2025-06-12 01:30:00,68.1
2025-06-12 06:53:00,31.0
2025-06-12 20:45:00,62.4
2025-06-12 01:56:00,69.0
2025-06-12 06:05:00,28.4
2025-06-12 13:48:00,27.4
2025-06-12 07:27:00,48.4
2025-06-12 20:16:00,82.9
2025-06-12 18:19:00,26.8
2025-06-12 10:05:00,43.6
2025-06-12 07:57:00,78.1
2025-06-12 05:59:00,3.8
2025-06-12 23:01:00,90.4
2025-06-12 00:54:00,99.2
2025-06-12 07:11:00,29.1
2025-06-12 17:57:00,60.7
2025-06-12 00:11:00,49.5
2025-06-12 01:20:00,37.0
2025-06-12 00:35:00,65.4
2025-06-12 20:59:00,54.7
2025-06-12 09:09:00,49.81767540251498
2025-06-12 02:10:00,7.9
2025-06-12 05:28:00,81.9
2025-06-12 17:57:00,1.9
2025-06-12 12:22:00,19.2
2025-06-12 22:57:00,67.7
2025-06-12 12:19:00,28.8
2025-06-12 09:59:00,14.8
2025-06-12 16:17:00,23.1
2025-06-12 03:39:00,19.0
2025-06-12 08:29:00,56.6
2025-06-12 19:15:00,94.9
2025-06-12 13:16:00,83.0
2025-06-12 20:53:00,96.6
2025-06-12 14:09:00,80.5
2025-06-12 16:34:00,49.81767540251498
2025-06-12 12:45:00,88.0
2025-06-12 04:25:00,39.7
2025-06-12 09:19:00,32.5
2025-06-12 14:29:00,52.8
2025-06-12 05:19:00,8.5
2025-06-12 16:14:00,52.2
2025-06-12 01:28:00,40.7
2025-06-12 08:57:00,84.7
2025-06-12 07:45:00,90.6
2025-06-12 08:25:00,39.8
2025-06-12 21:32:00,39.3
2025-06-12 10:03:00,7.9
2025-06-12 07:47:00,5.4
2025-06-12 17:44:00,95.8
2025-06-12 17:51:00,33.9
2025-06-12 18:02:00,49.81767540251498
2025-06-12 14:28:00,69.3
2025-06-12 17:23:00,49.81767540251498
2025-06-12 07:52:00,32.4
2025-06-12 11:00:00,72.1
2025-06-12 23:21:00,52.7
2025-06-12 02:59:00,49.81767540251498
2025-06-12 04:35:00,46.2
2025-06-12 17:19:00,79.4
2025-06-12 07:55:00,49.81767540251498
2025-06-12 02:36:00,49.81767540251498
2025-06-12 04:11:00,12.9
2025-06-12 01:11:00,83.6
2025-06-12 00:07:00,51.8
2025-06-12 08:33:00,49.81767540251498
2025-06-12 16:11:00,1.5
2025-06-12 01:26:00,40.2
2025-06-12 21:20:00,45.6
2025-06-12 13:54:00,14.0
2025-06-12 11:39:00,69.6
2025-06-12 16:20:00,49.81767540251498
2025-06-12 14:58:00,82.4
2025-06-12 10:15:00,67.1
2025-06-12 05:59:00,18.5
2025-06-12 13:41:00,81.0
2025-06-12 01:15:00,49.81767540251498
2025-06-12 11:40:00,92.1
2025-06-12 09:03:00,88.1
2025-06-12 03:09:00,18.5
2025-06-12 03:15:00,20.1
2025-06-12 12:26:00,29.5
2025-06-12 04:52:00,49.81767540251498
2025-06-12 19:32:00,61.0
2025-06-12 19:02:00,54.3
2025-06-12 09:29:00,72.6
2025-06-12 02:43:00,72.5
2025-06-12 00:19:00,84.5
2025-06-12 20:57:00,50.7
2025-06-12 00:10:00,25.9
2025-06-12 20:15:00,90.8
2025-06-12 13:34:00,13.7
2025-06-12 04:34:00,7.4
2025-06-12 18:36:00,72.9
2025-06-12 20:11:00,49.81767540251498
2025-06-12 13:21:00,49.81767540251498
2025-06-12 23:00:00,47.1
2025-06-12 05:12:00,82.0
2025-06-12 12:49:00,26.1
2025-06-12 11:40:00,2.5
2025-06-12 16:38:00,49.81767540251498
2025-06-12 16:27:00,49.81767540251498
2025-06-12 21:40:00,26.9
2025-06-12 05:25:00,53.2
2025-06-12 01:44:00,95.3
2025-06-12 15:09:00,7.3
2025-06-12 22:58:00,96.4
2025-06-12 13:54:00,0.5
2025-06-12 08:05:00,15.6
2025-06-12 22:59:00,49.81767540251498
2025-06-12 22:49:00,67.9
2025-06-12 21:02:00,49.81767540251498
2025-06-12 00:19:00,7.5
2025-06-12 11:58:00,86.8
2025-06-12 06:23:00,58.9
2025-06-12 11:26:00,49.81767540251498
2025-06-12 09:11:00,62.5
2025-06-12 21:37:00,81.4
2025-06-12 16:55:00,49.81767540251498
2025-06-12 02:03:00,93.7
2025-06-12 13:51:00,47.8
2025-06-12 01:33:00,86.0
2025-06-12 18:06:00,0.6
2025-06-12 19:23:00,49.81767540251498
2025-06-12 18:35:00,13.1
2025-06-12 08:44:00,23.1
2025-06-12 05:50:00,49.81767540251498
2025-06-12 14:06:00,95.1
2025-06-12 05:42:00,98.3
2025-06-12 00:18:00,60.7
2025-06-12 21:16:00,7.2
2025-06-12 19:24:00,61.6
2025-06-12 01:20:00,46.6
2025-06-12 08:00:00,70.3
2025-06-12 01:25:00,58.1
2025-06-12 12:19:00,81.1
2025-06-12 02:27:00,49.81767540251498
2025-06-12 05:33:00,24.8
2025-06-12 10:55:00,45.4
2025-06-12 18:55:00,63.7
2025-06-12 23:55:00,49.81767540251498
2025-06-12 16:38:00,71.6
2025-06-12 12:58:00,49.81767540251498
2025-06-12 06:22:00,49.81767540251498
2025-06-12 09:21:00,94.4
2025-06-12 17:15:00,48.1
2025-06-12 16:29:00,0.6
2025-06-12 13:35:00,87.0
2025-06-12 20:34:00,92.1
2025-06-12 04:24:00,84.4
2025-06-12 14:36:00,40.7
2025-06-12 00:21:00,24.2
2025-06-12 17:03:00,21.6
2025-06-12 01:54:00,91.9
2025-06-12 16:59:00,34.7
2025-06-12 18:50:00,7.6
2025-06-12 09:13:00,10.8
2025-06-12 23:48:00,35.9
2025-06-12 16:17:00,23.1
2025-06-12 16:04:00,54.8
2025-06-12 20:08:00,89.1
2025-06-12 19:47:00,66.8
2025-06-12 18:00:00,0.4
2025-06-12 10:14:00,23.3
2025-06-12 04:51:00,86.6
2025-06-12 17:49:00,16.7
2025-06-12 05:24:00,93.4
2025-06-12 16:42:00,9.7
2025-06-12 12:01:00,80.0
2025-06-12 12:58:00,55.7
2025-06-12 12:15:00,91.9
2025-06-12 14:24:00,49.81767540251498
2025-06-12 11:12:00,37.3
2025-06-12 23:40:00,61.1
2025-06-12 09:05:00,97.0
2025-06-12 15:48:00,62.2
2025-06-12 17:10:00,49.81767540251498
2025-06-12 01:52:00,51.0
2025-06-12 06:35:00,49.81767540251498
2025-06-12 22:10:00,88.7
2025-06-12 17:46:00,39.0
2025-06-12 23:22:00,79.3
2025-06-12 14:19:00,98.6
2025-06-12 10:10:00,80.5
2025-06-12 11:40:00,29.0
2025-06-12 23:16:00,49.81767540251498
2025-06-12 18:53:00,49.81767540251498
2025-06-12 03:11:00,94.2
2025-06-12 02:08:00,76.4
2025-06-12 10:52:00,49.81767540251498
2025-06-12 13:45:00,56.1
2025-06-12 19:00:00,49.81767540251498
2025-06-12 06:00:00,55.3
2025-06-12 08:48:00,66.0
2025-06-12 11:13:00,49.81767540251498
2025-06-12 23:57:00,23.2
2025-06-12 09:24:00,32.6
2025-06-12 23:27:00,49.81767540251498
2025-06-12 06:37:00,32.6
2025-06-12 00:55:00,36.8
2025-06-12 12:35:00,72.6
2025-06-12 11:15:00,49.81767540251498
2025-06-12 10:49:00,49.9
2025-06-12 21:14:00,67.2
2025-06-12 03:22:00,13.4
2025-06-12 19:23:00,26.6
2025-06-12 19:24:00,52.9
2025-06-12 17:53:00,49.81767540251498
2025-06-12 22:05:00,89.1
2025-06-12 08:30:00,96.2
2025-06-12 13:07:00,83.5
2025-06-12 07:33:00,11.8
2025-06-12 08:24:00,13.9
2025-06-12 03:16:00,0.0
2025-06-12 09:34:00,39.1
2025-06-12 06:21:00,71.6
2025-06-12 10:15:00,97.4
2025-06-12 17:47:00,69.1
2025-06-12 15:05:00,66.2
2025-06-12 13:07:00,49.81767540251498
2025-06-12 20:50:00,47.9
2025-06-12 17:13:00,49.81767540251498
2025-06-12 15:43:00,37.4
2025-06-12 02:27:00,49.81767540251498
2025-06-12 21:54:00,49.81767540251498
2025-06-12 18:10:00,64.2
2025-06-12 04:18:00,16.8
2025-06-12 14:42:00,12.8
2025-06-12 04:03:00,50.0
2025-06-12 23:45:00,77.5
2025-06-12 01:58:00,49.81767540251498
2025-06-12 14:44:00,59.0
2025-06-12 08:50:00,9.0
2025-06-12 06:54:00,74.9
2025-06-12 18:23:00,96.8
2025-06-12 10:41:00,67.6
2025-06-12 13:10:00,64.9
2025-06-12 10:44:00,24.0
2025-06-12 07:32:00,65.7
2025-06-12 21:58:00,49.81767540251498
2025-06-12 17:22:00,10.9
2025-06-12 13:20:00,86.8
2025-06-12 14:09:00,54.9
2025-06-12 08:04:00,14.1
2025-06-12 00:08:00,68.7
2025-06-12 03:52:00,49.791111632270166
2025-06-12 19:00:00,66.4
2025-06-12 17:02:00,94.5
2025-06-12 11:04:00,49.791111632270166
2025-06-12 11:44:00,19.2
2025-06-12 05:43:00,5.3
2025-06-12 01:16:00,16.2
2025-06-12 00:39:00,66.1
2025-06-12 10:17:00,32.6
2025-06-12 18:01:00,72.4
2025-06-12 17:29:00,75.5
2025-06-12 03:48:00,60.8
2025-06-12 20:25:00,49.791111632270166
2025-06-12 12:11:00,73.2
2025-06-12 22:03:00,71.1
2025-06-12 00:32:00,26.3
2025-06-12 20:32:00,53.5
2025-06-12 05:39:00,11.0
2025-06-12 01:02:00,96.9
2025-06-12 21:10:00,44.1
2025-06-12 02:02:00,13.5
2025-06-12 15:38:00,11.1
2025-06-12 23:00:00,88.7
2025-06-12 03:53:00,49.791111632270166
2025-06-12 03:29:00,52.7
2025-06-12 11:59:00,56.7
2025-06-12 23:12:00,6.6
2025-06-12 19:55:00,79.4
2025-06-12 11:33:00,31.0
2025-06-12 09:57:00,46.2
2025-06-12 07:01:00,93.4
2025-06-12 18:18:00,7.0
2025-06-12 12:11:00,3.2
2025-06-12 03:04:00,80.4
2025-06-12 14:11:00,49.791111632270166
2025-06-12 21:14:00,72.2
2025-06-12 21:50:00,62.0
2025-06-12 04:00:00,25.7
2025-06-12 18:36:00,94.9
2025-06-12 20:52:00,1.3
2025-06-12 17:10:00,94.6
2025-06-12 19:47:00,41.5
2025-06-12 19:42:00,49.791111632270166
2025-06-12 14:45:00,78.4
2025-06-12 21:14:00,85.3
2025-06-12 12:35:00,60.3
2025-06-12 17:47:00,46.8
2025-06-12 21:33:00,62.1
2025-06-12 08:40:00,42.6
2025-06-12 20:16:00,97.5
2025-06-12 04:38:00,90.2
2025-06-12 03:20:00,49.791111632270166
2025-06-12 09:42:00,99.8
2025-06-12 12:40:00,53.9
2025-06-12 13:15:00,40.8
2025-06-12 13:47:00,23.9
2025-06-12 16:55:00,49.791111632270166
2025-06-12 18:40:00,27.4
2025-06-12 21:25:00,49.791111632270166
2025-06-12 06:04:00,49.791111632270166
2025-06-12 23:16:00,60.0
2025-06-12 02:58:00,52.6
2025-06-12 11:33:00,2.2
2025-06-12 12:39:00,25.6
2025-06-12 12:44:00,49.791111632270166
2025-06-12 04:09:00,43.1
2025-06-12 14:56:00,94.6
2025-06-12 03:42:00,64.8
2025-06-12 13:59:00,49.791111632270166
2025-06-12 05:22:00,33.5
2025-06-12 03:36:00,49.791111632270166
2025-06-12 10:07:00,7.0
2025-06-12 02:10:00,12.3
2025-06-12 19:36:00,20.7
2025-06-12 13:14:00,35.2
2025-06-12 19:33:00,43.3
2025-06-12 03:19:00,73.5
2025-06-12 20:12:00,40.9
2025-06-12 10:28:00,43.1
2025-06-12 02:04:00,82.3
2025-06-12 12:44:00,54.8
2025-06-12 04:41:00,59.2
2025-06-12 22:57:00,51.9
2025-06-12 13:05:00,47.6
2025-06-12 19:38:00,22.2
2025-06-12 12:09:00,44.5
2025-06-12 16:53:00,35.8
2025-06-12 12:39:00,73.7
2025-06-12 19:57:00,59.1
2025-06-12 11:18:00,68.2
2025-06-12 15:56:00,87.9
2025-06-12 22:53:00,49.791111632270166
2025-06-12 22:36:00,2.6
2025-06-12 00:07:00,78.5
2025-06-12 02:59:00,12.5
2025-06-12 10:20:00,15.2
2025-06-12 00:04:00,10.9
2025-06-12 09:09:00,89.3
2025-06-12 01:40:00,49.791111632270166
2025-06-12 03:09:00,9.3
2025-06-12 22:54:00,4.9
2025-06-12 01:49:00,40.0
2025-06-12 02:13:00,15.7
2025-06-12 08:03:00,49.791111632270166
2025-06-12 05:50:00,14.5
2025-06-12 14:30:00,2.0
2025-06-12 06:43:00,46.3
2025-06-12 06:59:00,3.6
2025-06-12 19:02:00,3.7
2025-06-12 07:10:00,73.2
2025-06-12 01:45:00,8.7
2025-06-12 08:06:00,60.3
2025-06-12 05:01:00,22.9
2025-06-12 06:43:00,69.3
2025-06-12 15:07:00,13.9
2025-06-12 19:40:00,62.0
2025-06-12 23:00:00,33.5
2025-06-12 03:00:00,67.5
2025-06-12 23:01:00,69.4
2025-06-12 06:52:00,2.6
2025-06-12 11:10:00,94.2
2025-06-12 20:09:00,83.9
2025-06-12 11:26:00,61.2
2025-06-12 14:01:00,20.7
2025-06-12 07:34:00,42.5
2025-06-12 17:59:00,59.6
2025-06-12 06:56:00,54.9
2025-06-12 05:41:00,34.9
2025-06-12 21:47:00,95.1
2025-06-12 12:35:00,58.9
2025-06-12 21:08:00,49.791111632270166
2025-06-12 07:34:00,27.4
2025-06-12 16:05:00,67.3
2025-06-12 06:38:00,74.0
2025-06-12 16:21:00,30.4
2025-06-12 21:11:00,16.8
2025-06-12 18:18:00,89.6
2025-06-12 20:39:00,57.8
2025-06-12 07:59:00,65.4
2025-06-12 16:50:00,60.8
2025-06-12 06:18:00,18.7
2025-06-12 13:57:00,16.4
2025-06-12 06:41:00,49.791111632270166
2025-06-12 19:19:00,41.1
2025-06-12 09:24:00,7.2
2025-06-12 05:54:00,19.2
2025-06-12 12:16:00,49.791111632270166
2025-06-12 05:34:00,10.5
2025-06-12 12:59:00,82.6
2025-06-12 07:34:00,33.8
2025-06-12 16:39:00,40.0
2025-06-12 03:08:00,83.1
2025-06-12 10:17:00,28.9
2025-06-12 23:38:00,51.9
2025-06-12 17:30:00,21.2
2025-06-12 01:47:00,75.5
2025-06-12 02:55:00,59.2
2025-06-12 05:18:00,58.0
2025-06-12 08:51:00,54.1
2025-06-12 11:55:00,50.0
2025-06-12 02:52:00,49.791111632270166
2025-06-12 00:38:00,64.8
2025-06-12 04:25:00,77.8
2025-06-12 13:57:00,54.5
2025-06-12 15:06:00,6.0
2025-06-12 08:27:00,49.791111632270166
2025-06-12 04:49:00,61.2
2025-06-12 12:13:00,45.7
2025-06-12 20:17:00,12.7
2025-06-12 23:02:00,67.0
2025-06-12 02:01:00,49.791111632270166
2025-06-12 19:40:00,78.9
2025-06-12 23:14:00,73.9
2025-06-12 19:43:00,63.4
2025-06-12 23:44:00,30.1
2025-06-12 10:23:00,30.5
2025-06-12 02:51:00,33.7
2025-06-12 16:25:00,99.8
2025-06-12 14:57:00,54.2
2025-06-12 19:54:00,28.3
2025-06-12 06:32:00,21.6
2025-06-12 22:08:00,95.5
2025-06-12 00:32:00,24.8
2025-06-12 07:36:00,49.791111632270166
2025-06-12 06:33:00,29.6
2025-06-12 15:17:00,49.791111632270166
2025-06-12 10:35:00,39.4
2025-06-12 00:10:00,14.8
2025-06-12 20:08:00,96.7
2025-06-12 02:28:00,24.0
2025-06-12 00:00:00,99.6
2025-06-12 08:03:00,47.5
2025-06-12 07:37:00,76.9
2025-06-12 06:21:00,46.7
2025-06-12 11:05:00,70.1
2025-06-12 04:47:00,97.8
2025-06-12 06:03:00,79.9
2025-06-12 00:20:00,42.9
2025-06-12 06:21:00,87.0
2025-06-12 11:35:00,31.1
2025-06-12 07:05:00,36.3
2025-06-12 02:51:00,80.6
2025-06-12 06:53:00,49.791111632270166
2025-06-12 18:03:00,84.5
2025-06-12 14:23:00,38.1
2025-06-12 02:54:00,68.0
2025-06-12 06:00:00,72.1
2025-06-12 07:37:00,67.5
2025-06-12 19:23:00,97.0
2025-06-12 16:46:00,49.791111632270166
2025-06-12 17:43:00,49.791111632270166
2025-06-12 04:09:00,47.3
2025-06-12 18:05:00,21.8
2025-06-12 05:40:00,90.5
2025-06-12 13:33:00,49.791111632270166
2025-06-12 13:14:00,38.9
2025-06-12 18:52:00,6.2
2025-06-12 16:09:00,14.2
2025-06-12 03:31:00,19.6
2025-06-12 09:06:00,86.6
2025-06-12 10:37:00,77.7
2025-06-12 22:24:00,39.8
2025-06-12 06:11:00,2.8
2025-06-12 08:17:00,49.791111632270166
2025-06-12 21:32:00,80.5
2025-06-12 01:31:00,46.0
2025-06-12 15:20:00,49.791111632270166
2025-06-12 01:58:00,80.2
2025-06-12 12:43:00,17.6
2025-06-12 19:22:00,98.7
2025-06-12 07:06:00,49.791111632270166
2025-06-12 02:20:00,29.1
2025-06-12 06:41:00,49.791111632270166
2025-06-12 19:41:00,66.7
2025-06-12 05:39:00,90.1
2025-06-12 21:14:00,37.4
2025-06-12 02:08:00,49.791111632270166
2025-06-12 04:34:00,74.3
2025-06-12 02:30:00,49.791111632270166
2025-06-12 04:31:00,95.1
2025-06-12 19:37:00,96.2
2025-06-12 10:15:00,9.7
2025-06-12 18:56:00,66.8
2025-06-12 14:16:00,68.7
2025-06-12 05:56:00,39.5
2025-06-12 17:30:00,37.8
2025-06-12 18:17:00,51.1
2025-06-12 16:31:00,6.5
2025-06-12 13:31:00,49.791111632270166
2025-06-12 23:41:00,82.8
2025-06-12 11:08:00,49.791111632270166
2025-06-12 12:52:00,95.4
2025-06-12 19:53:00,49.791111632270166
2025-06-12 22:22:00,99.8
2025-06-12 16:11:00,69.6
2025-06-12 02:30:00,59.3
2025-06-12 06:56:00,52.9
2025-06-12 22:53:00,2.0
2025-06-12 20:26:00,6.1
2025-06-12 08:38:00,46.3
2025-06-12 06:32:00,22.1
2025-06-12 17:56:00,5.3
2025-06-12 09:43:00,20.7
2025-06-12 22:40:00,49.791111632270166
2025-06-12 10:34:00,44.4
2025-06-12 03:36:00,99.5
2025-06-12 02:21:00,47.8
2025-06-12 19:49:00,76.4
2025-06-12 09:04:00,14.1
2025-06-12 12:21:00,89.8
2025-06-12 21:02:00,53.0
2025-06-12 10:04:00,28.0
2025-06-12 04:25:00,28.0
2025-06-12 09:40:00,2.5
2025-06-12 12:56:00,49.791111632270166
2025-06-12 23:10:00,61.8
2025-06-12 20:43:00,7.9
2025-06-12 10:59:00,1.7
2025-06-12 15:06:00,9.4
2025-06-12 12:46:00,16.1
2025-06-12 08:56:00,33.5
2025-06-12 09:46:00,72.9
2025-06-12 09:05:00,4.5
2025-06-12 15:00:00,63.5
2025-06-12 20:17:00,26.9
2025-06-12 23:23:00,91.3
2025-06-12 07:22:00,70.6
2025-06-12 01:33:00,5.6
2025-06-12 15:31:00,55.3
2025-06-12 16:42:00,97.9
2025-06-12 19:15:00,65.5
2025-06-12 06:01:00,4.8
2025-06-12 23:35:00,59.7
2025-06-12 16:25:00,0.8
2025-06-12 12:08:00,36.0
2025-06-12 16:36:00,98.5
2025-06-12 21:21:00,73.0
2025-06-12 08:13:00,6.6
2025-06-12 07:43:00,77.0
2025-06-12 09:55:00,17.6
2025-06-12 13:10:00,52.4
2025-06-12 15:00:00,20.4
2025-06-12 08:25:00,55.2
2025-06-12 18:30:00,38.6
2025-06-12 03:23:00,94.1
2025-06-12 19:55:00,20.5
2025-06-12 04:55:00,49.6
2025-06-12 07:53:00,88.5
2025-06-12 02:34:00,2.5
2025-06-12 13:01:00,14.4
2025-06-12 16:10:00,29.1
2025-06-12 14:24:00,50.406503298774744
2025-06-12 00:26:00,9.9
2025-06-12 04:16:00,6.6
2025-06-12 23:43:00,5.8
2025-06-12 03:41:00,50.406503298774744
2025-06-12 15:06:00,79.8
2025-06-12 14:46:00,64.5
2025-06-12 10:46:00,56.3
2025-06-12 00:29:00,64.9
2025-06-12 11:11:00,50.406503298774744
2025-06-12 02:19:00,50.406503298774744
2025-06-12 04:35:00,41.3
2025-06-12 00:52:00,50.406503298774744
2025-06-12 01:34:00,50.406503298774744
2025-06-12 04:40:00,78.6
2025-06-12 14:08:00,12.0
2025-06-12 12:35:00,18.0
2025-06-12 19:37:00,50.406503298774744
2025-06-12 19:29:00,68.8
2025-06-12 08:54:00,15.7
2025-06-12 14:31:00,38.8
2025-06-12 00:28:00,9.4
2025-06-12 11:38:00,1.4
2025-06-12 19:58:00,58.7
2025-06-12 07:37:00,41.8
2025-06-12 00:15:00,43.6
2025-06-12 18:59:00,78.5
2025-06-12 02:51:00,49.8
2025-06-12 11:59:00,78.8
2025-06-12 21:50:00,35.5
2025-06-12 07:56:00,50.406503298774744
2025-06-12 16:18:00,3.7
2025-06-12 17:00:00,18.3
2025-06-12 13:49:00,50.406503298774744
2025-06-12 03:46:00,89.8
2025-06-12 03:33:00,44.2
2025-06-12 17:39:00,50.406503298774744
2025-06-12 20:54:00,50.406503298774744
2025-06-12 13:16:00,90.7
2025-06-12 13:33:00,18.6
2025-06-12 06:13:00,18.3
2025-06-12 09:29:00,50.406503298774744
2025-06-12 12:24:00,34.7
2025-06-12 12:00:00,1.1
2025-06-12 07:11:00,50.406503298774744
2025-06-12 20:23:00,38.5
2025-06-12 06:53:00,92.9
2025-06-12 03:43:00,57.1
2025-06-12 09:23:00,30.6
2025-06-12 21:35:00,95.8
2025-06-12 00:59:00,25.9
2025-06-12 01:08:00,50.406503298774744
2025-06-12 06:30:00,50.406503298774744
2025-06-12 02:14:00,60.5
2025-06-12 19:52:00,33.0
2025-06-12 01:52:00,60.5
2025-06-12 03:48:00,50.406503298774744
2025-06-12 21:36:00,50.406503298774744
2025-06-12 15:29:00,50.406503298774744
2025-06-12 15:47:00,95.2
2025-06-12 14:35:00,84.7
2025-06-12 11:01:00,90.6
2025-06-12 03:11:00,65.3
2025-06-12 19:45:00,0.3
2025-06-12 04:36:00,73.9
2025-06-12 02:40:00,50.406503298774744
2025-06-12 23:10:00,69.9
2025-06-12 02:37:00,70.4
2025-06-12 12:36:00,40.7
2025-06-12 18:07:00,11.8
2025-06-12 03:40:00,78.0
2025-06-12 11:11:00,36.4
2025-06-12 11:08:00,2.8
2025-06-12 01:02:00,50.406503298774744
2025-06-12 16:00:00,65.5
2025-06-12 15:50:00,30.2
2025-06-12 07:48:00,50.406503298774744
2025-06-12 22:36:00,19.7
2025-06-12 01:33:00,63.7
2025-06-12 08:59:00,91.8
2025-06-12 21:52:00,50.406503298774744
2025-06-12 11:21:00,82.5
2025-06-12 20:03:00,57.5
2025-06-12 11:22:00,50.406503298774744
2025-06-12 06:30:00,61.9
2025-06-12 08:18:00,65.0
2025-06-12 15:14:00,14.0
2025-06-12 19:17:00,21.9
2025-06-12 17:06:00,50.406503298774744
2025-06-12 23:57:00,86.0
2025-06-12 02:06:00,65.7
2025-06-12 12:39:00,53.4
2025-06-12 05:13:00,68.2
2025-06-12 09:16:00,77.1
2025-06-12 02:06:00,91.1
2025-06-12 21:01:00,48.1
2025-06-12 16:38:00,86.5
2025-06-12 08:52:00,13.8
2025-06-12 15:38:00,51.1
2025-06-12 06:20:00,4.0
2025-06-12 14:26:00,50.406503298774744
2025-06-12 01:15:00,37.7
2025-06-12 04:16:00,56.1
2025-06-12 18:16:00,80.9
2025-06-12 03:15:00,4.0
2025-06-12 04:53:00,35.3
2025-06-12 02:36:00,73.9
2025-06-12 16:23:00,48.5
2025-06-12 14:44:00,15.7
2025-06-12 13:11:00,50.406503298774744
2025-06-12 04:48:00,74.7
2025-06-12 00:35:00,11.4
2025-06-12 07:55:00,64.2
2025-06-12 00:15:00,85.0
2025-06-12 08:36:00,58.9
2025-06-12 21:47:00,75.3
2025-06-12 01:46:00,84.2
2025-06-12 09:18:00,76.1
2025-06-12 06:14:00,81.1
2025-06-12 04:14:00,50.406503298774744
2025-06-12 02:47:00,50.406503298774744
2025-06-12 16:14:00,92.7
2025-06-12 21:47:00,87.4
2025-06-12 14:31:00,52.7
2025-06-12 03:38:00,18.5
2025-06-12 14:18:00,8.7
2025-06-12 12:49:00,15.6
2025-06-12 17:46:00,83.0
2025-06-12 13:24:00,45.7
2025-06-12 21:43:00,83.8
2025-06-12 17:35:00,50.406503298774744
2025-06-12 02:33:00,50.406503298774744
2025-06-12 16:05:00,50.406503298774744
2025-06-12 19:19:00,2.5
2025-06-12 13:45:00,13.1
2025-06-12 22:15:00,37.6
2025-06-12 21:07:00,89.2
2025-06-12 23:15:00,8.2
2025-06-12 22:40:00,99.2
2025-06-12 20:03:00,20.8
2025-06-12 04:32:00,73.1
2025-06-12 14:34:00,50.406503298774744
2025-06-12 08:03:00,13.4
2025-06-12 01:06:00,10.7
2025-06-12 03:57:00,27.5
2025-06-12 02:36:00,0.3
2025-06-12 20:00:00,5.0
2025-06-12 11:41:00,90.6
2025-06-12 14:58:00,23.3
2025-06-12 02:59:00,13.6
2025-06-12 16:10:00,42.8
2025-06-12 05:41:00,74.9
2025-06-12 13:34:00,45.4
2025-06-12 23:32:00,3.3
2025-06-12 01:00:00,31.1
2025-06-12 02:07:00,32.9
2025-06-12 16:33:00,21.9
2025-06-12 16:06:00,37.8
2025-06-12 20:24:00,16.7
2025-06-12 04:29:00,14.5
2025-06-12 12:44:00,50.406503298774744
2025-06-12 14:19:00,91.1
2025-06-12 17:30:00,76.7
2025-06-12 14:42:00,15.2
2025-06-12 08:00:00,21.7
2025-06-12 09:23:00,50.406503298774744
2025-06-12 14:20:00,17.6
2025-06-12 20:00:00,50.406503298774744
2025-06-12 15:31:00,0.1
2025-06-12 19:55:00,88.7
2025-06-12 11:28:00,50.406503298774744
2025-06-12 05:50:00,7.3
2025-06-12 08:23:00,64.9
2025-06-12 21:44:00,50.406503298774744
2025-06-12 14:11:00,80.4
2025-06-12 09:06:00,31.1
2025-06-12 06:12:00,80.0
2025-06-12 00:38:00,27.0
2025-06-12 15:46:00,50.406503298774744
2025-06-12 07:57:00,12.3
2025-06-12 02:39:00,53.5
2025-06-12 06:15:00,58.9
2025-06-12 19:04:00,46.3
2025-06-12 23:44:00,61.2
2025-06-12 00:49:00,22.6
2025-06-12 13:14:00,23.4
2025-06-12 01:37:00,30.3
2025-06-12 22:27:00,14.6
2025-06-12 17:57:00,23.7
2025-06-12 18:34:00,48.1
2025-06-12 04:51:00,31.6
2025-06-12 18:49:00,50.406503298774744
2025-06-12 03:05:00,28.8
2025-06-12 23:47:00,50.406503298774744
2025-06-12 09:14:00,50.406503298774744
2025-06-12 14:41:00,92.7
2025-06-12 16:21:00,52.3
2025-06-12 07:16:00,78.2
2025-06-12 19:20:00,78.3
2025-06-12 04:00:00,95.4
2025-06-12 06:12:00,70.3
2025-06-12 14:50:00,79.5
2025-06-12 18:40:00,2.5
2025-06-12 18:15:00,79.0
2025-06-12 02:48:00,45.1
2025-06-12 13:28:00,4.5
2025-06-12 11:32:00,20.6
2025-06-12 21:17:00,35.7
2025-06-12 22:23:00,45.4
2025-06-12 09:10:00,33.8
2025-06-12 13:26:00,99.2
2025-06-12 05:15:00,39.6
2025-06-12 23:34:00,21.0
2025-06-12 23:22:00,50.406503298774744
2025-06-12 08:18:00,42.2
2025-06-12 07:28:00,50.406503298774744
2025-06-12 11:13:00,76.6
2025-06-12 21:35:00,5.0
2025-06-12 22:17:00,57.3
2025-06-12 07:44:00,50.406503298774744
2025-06-12 20:55:00,67.9
2025-06-12 10:57:00,69.6
2025-06-12 22:16:00,83.6
2025-06-12 03:06:00,30.0
2025-06-12 11:32:00,90.2
2025-06-12 15:40:00,50.406503298774744
2025-06-12 21:03:00,49.1
2025-06-12 20:20:00,42.1
2025-06-12 09:22:00,50.0
2025-06-12 17:46:00,1.2
2025-06-12 14:21:00,6.1
2025-06-12 11:54:00,69.3
2025-06-12 18:25:00,51.0
2025-06-12 21:46:00,1.3
2025-06-12 00:34:00,47.8
2025-06-12 08:39:00,78.5
2025-06-12 19:57:00,42.9
2025-06-12 06:39:00,60.8
2025-06-12 20:51:00,28.3
2025-06-12 01:33:00,34.5
2025-06-12 16:21:00,77.1
2025-06-12 19:15:00,77.6
2025-06-12 09:53:00,65.7
2025-06-12 08:03:00,66.4
2025-06-12 14:04:00,74.4
2025-06-12 01:14:00,19.7
2025-06-12 22:55:00,81.2
2025-06-12 00:13:00,21.4
2025-06-12 02:20:00,15.2
2025-06-12 00:24:00,99.7
2025-06-12 08:35:00,8.2
2025-06-12 18:14:00,81.8
2025-06-12 04:41:00,49.0
2025-06-12 23:53:00,76.7
2025-06-12 12:52:00,50.406503298774744
2025-06-12 21:46:00,4.0
2025-06-12 19:44:00,48.3
2025-06-12 14:07:00,99.7
2025-06-12 04:05:00,93.2
2025-06-12 04:38:00,50.406503298774744
2025-06-12 10:48:00,97.8
2025-06-12 10:31:00,50.406503298774744
2025-06-12 13:31:00,50.406503298774744
2025-06-12 05:03:00,21.8
2025-06-12 12:56:00,46.2
2025-06-12 11:48:00,77.5
2025-06-12 05:41:00,87.4
2025-06-12 06:08:00,50.406503298774744
2025-06-12 12:20:00,62.4
2025-06-12 22:48:00,22.0
2025-06-12 12:44:00,81.9
2025-06-12 17:42:00,13.4
2025-06-12 07:54:00,35.9
2025-06-12 18:25:00,50.406503298774744
2025-06-12 04:04:00,23.1
2025-06-12 02:49:00,73.7
2025-06-12 00:36:00,71.1
2025-06-12 03:31:00,10.1
2025-06-12 15:46:00,50.406503298774744
2025-06-12 21:50:00,30.8
2025-06-12 20:51:00,11.5
2025-06-12 04:37:00,28.5
2025-06-12 12:49:00,11.7
2025-06-12 11:26:00,35.3
2025-06-12 13:04:00,95.6
2025-06-12 12:47:00,46.3
2025-06-12 18:00:00,77.9
2025-06-12 05:18:00,79.3
2025-06-12 06:55:00,70.3
2025-06-12 18:07:00,34.3
2025-06-12 21:36:00,73.2
2025-06-12 07:12:00,92.7
2025-06-12 22:55:00,56.7
2025-06-12 18:33:00,85.0
2025-06-12 08:12:00,21.0
2025-06-12 22:09:00,77.8
2025-06-12 05:55:00,24.8
2025-06-12 12:26:00,85.0
2025-06-12 22:00:00,89.7
2025-06-12 18:11:00,33.3
2025-06-12 08:48:00,42.0
2025-06-12 07:08:00,61.8
2025-06-12 03:19:00,10.3
2025-06-12 17:32:00,98.8
2025-06-12 06:25:00,24.9
2025-06-12 19:46:00,73.9
2025-06-12 06:37:00,12.0
2025-06-12 05:05:00,14.4
2025-06-12 11:48:00,67.2
2025-06-12 00:24:00,75.4
2025-06-12 04:13:00,19.6
2025-06-12 18:40:00,24.3
2025-06-12 20:05:00,11.7
2025-06-12 04:05:00,92.4
2025-06-12 14:06:00,41.9
2025-06-12 19:37:00,6.2
2025-06-12 04:45:00,61.3
2025-06-12 22:35:00,13.1
2025-06-12 10:04:00,75.4
2025-06-12 13:40:00,50.406503298774744
2025-06-12 17:10:00,33.8
2025-06-12 14:38:00,70.5
2025-06-12 19:07:00,50.406503298774744
2025-06-12 10:32:00,29.6
2025-06-12 03:23:00,31.5
2025-06-12 13:24:00,47.2
2025-06-12 09:25:00,50.406503298774744
2025-06-12 20:02:00,50.406503298774744
2025-06-12 04:25:00,16.6
2025-06-12 01:20:00,55.5
2025-06-12 01:54:00,70.5
2025-06-12 03:26:00,16.2
2025-06-12 02:29:00,80.8
2025-06-12 19:07:00,40.8
2025-06-12 06:06:00,36.7
2025-06-12 18:10:00,2.2
2025-06-12 00:54:00,56.0
2025-06-12 13:49:00,50.406503298774744
2025-06-12 04:18:00,50.406503298774744
2025-06-12 13:44:00,72.7
2025-06-12 19:28:00,56.1
2025-06-12 20:58:00,7.3
2025-06-12 06:40:00,20.3
2025-06-12 05:36:00,36.3
2025-06-12 10:55:00,79.9
2025-06-12 16:20:00,30.9
2025-06-12 09:19:00,94.5
2025-06-12 19:35:00,92.9
2025-06-12 23:58:00,49.4
2025-06-12 07:18:00,68.0
2025-06-12 22:31:00,59.9
2025-06-12 14:05:00,60.9
2025-06-12 13:12:00,5.4
2025-06-12 19:50:00,6.0
2025-06-12 21:52:00,67.5
2025-06-12 17:25:00,34.6
2025-06-12 09:14:00,25.7
2025-06-12 07:42:00,79.0
2025-06-12 10:16:00,73.4
2025-06-12 15:41:00,50.3160582227961
2025-06-12 03:59:00,8.5
2025-06-12 07:29:00,43.5
2025-06-12 13:20:00,50.3160582227961
2025-06-12 14:53:00,7.4
2025-06-12 00:13:00,29.6
2025-06-12 04:18:00,66.6
2025-06-12 06:24:00,66.4
2025-06-12 12:53:00,50.3160582227961
2025-06-12 00:39:00,50.3160582227961
2025-06-12 23:27:00,88.6
2025-06-12 09:14:00,50.3160582227961
2025-06-12 01:42:00,58.7
2025-06-12 00:25:00,69.6
2025-06-12 23:46:00,20.0
2025-06-12 20:35:00,93.4
2025-06-12 17:41:00,50.3160582227961
2025-06-12 12:51:00,26.9
2025-06-12 15:28:00,84.9
2025-06-12 08:56:00,50.3160582227961
2025-06-12 23:59:00,50.3160582227961
2025-06-12 12:06:00,73.1
2025-06-12 10:38:00,99.9
2025-06-12 10:27:00,22.6
2025-06-12 00:06:00,3.6
2025-06-12 05:57:00,25.9
2025-06-12 10:22:00,73.0
2025-06-12 09:07:00,74.9
2025-06-12 01:04:00,21.8
2025-06-12 19:39:00,96.3
2025-06-12 13:20:00,5.1
2025-06-12 08:03:00,89.9
2025-06-12 04:37:00,64.2
2025-06-12 20:16:00,15.3
2025-06-12 22:12:00,80.8
2025-06-12 18:50:00,86.8
2025-06-12 14:16:00,50.3160582227961
2025-06-12 06:33:00,28.7
2025-06-12 05:19:00,78.4
2025-06-12 13:24:00,50.3160582227961
2025-06-12 14:13:00,50.3160582227961
2025-06-12 21:00:00,51.4
2025-06-12 12:16:00,38.9
2025-06-12 16:54:00,55.7
2025-06-12 19:57:00,2.1
2025-06-12 06:52:00,50.3160582227961
2025-06-12 13:56:00,50.3160582227961
2025-06-12 19:02:00,3.0
2025-06-12 07:31:00,84.4
2025-06-12 12:22:00,4.9
2025-06-12 15:12:00,70.0
2025-06-12 00:14:00,15.2
2025-06-12 02:35:00,89.8
2025-06-12 20:44:00,33.9
2025-06-12 07:16:00,0.2
2025-06-12 21:05:00,48.2
2025-06-12 12:37:00,55.4
2025-06-12 08:32:00,50.3160582227961
2025-06-12 19:34:00,89.6
2025-06-12 14:22:00,87.6
2025-06-12 19:20:00,24.3
2025-06-12 01:49:00,34.8
2025-06-12 02:57:00,60.4
2025-06-12 07:02:00,97.0
2025-06-12 19:56:00,55.3
2025-06-12 21:19:00,99.4
2025-06-12 12:27:00,22.8
2025-06-12 18:57:00,50.3160582227961
2025-06-12 04:04:00,50.3160582227961
2025-06-12 15:13:00,71.8
2025-06-12 08:54:00,1.7
2025-06-12 00:43:00,2.3
2025-06-12 09:57:00,26.2
2025-06-12 06:54:00,16.9
2025-06-12 22:15:00,13.3
2025-06-12 00:55:00,0.2
2025-06-12 19:22:00,70.9
2025-06-12 06:20:00,47.2
2025-06-12 14:16:00,5.9
2025-06-12 07:52:00,66.9
2025-06-12 22:28:00,85.8
2025-06-12 16:13:00,92.1
2025-06-12 12:09:00,58.9
2025-06-12 21:24:00,99.9
2025-06-12 22:05:00,61.7
2025-06-12 07:55:00,25.1
2025-06-12 07:05:00,40.2
2025-06-12 15:36:00,75.9
2025-06-12 19:47:00,43.4
2025-06-12 00:32:00,96.8
2025-06-12 05:24:00,54.6
2025-06-12 04:43:00,42.5
2025-06-12 21:02:00,0.8
2025-06-12 20:53:00,65.0
2025-06-12 14:13:00,83.8
2025-06-12 01:11:00,65.2
2025-06-12 21:05:00,50.3160582227961
2025-06-12 11:40:00,21.6
2025-06-12 19:06:00,4.1
2025-06-12 10:28:00,46.1
2025-06-12 03:30:00,54.4
2025-06-12 17:55:00,27.9
2025-06-12 02:06:00,50.3160582227961
2025-06-12 19:29:00,50.3160582227961
2025-06-12 22:41:00,45.1
2025-06-12 10:15:00,31.2
2025-06-12 06:49:00,56.7
2025-06-12 01:23:00,70.7
2025-06-12 07:49:00,46.0
2025-06-12 01:58:00,48.0
2025-06-12 01:28:00,80.1
2025-06-12 14:35:00,50.3160582227961
2025-06-12 08:23:00,8.7
2025-06-12 13:11:00,19.6
2025-06-12 18:24:00,2.4
2025-06-12 02:26:00,44.1
2025-06-12 19:38:00,80.3
2025-06-12 15:30:00,50.3160582227961
2025-06-12 22:59:00,78.2
2025-06-12 03:57:00,31.2
2025-06-12 11:08:00,44.4
2025-06-12 21:57:00,20.5
2025-06-12 16:08:00,50.3160582227961
2025-06-12 15:54:00,77.6
2025-06-12 18:44:00,55.4
2025-06-12 20:56:00,85.6
2025-06-12 20:29:00,50.3160582227961
2025-06-12 14:44:00,19.7
2025-06-12 15:38:00,46.1
2025-06-12 20:15:00,88.0
2025-06-12 23:30:00,95.9
2025-06-12 00:28:00,50.3160582227961
2025-06-12 11:09:00,70.1
2025-06-12 04:45:00,98.5
2025-06-12 05:30:00,19.9
2025-06-12 20:07:00,95.0
2025-06-12 10:01:00,50.3160582227961
2025-06-12 16:55:00,50.3160582227961
2025-06-12 05:25:00,90.6
2025-06-12 17:11:00,7.8
2025-06-12 06:44:00,34.2
2025-06-12 23:48:00,1.2
2025-06-12 04:15:00,50.3160582227961
2025-06-12 06:14:00,58.2
2025-06-12 14:43:00,46.9
2025-06-12 11:43:00,50.3160582227961
2025-06-12 21:26:00,96.4
2025-06-12 02:19:00,68.6
2025-06-12 08:02:00,89.0
2025-06-12 09:32:00,51.9
2025-06-12 05:21:00,18.5
2025-06-12 00:13:00,80.6
2025-06-12 09:44:00,30.1
2025-06-12 20:39:00,98.6
2025-06-12 05:03:00,89.6
2025-06-12 22:14:00,16.2
2025-06-12 22:05:00,40.9
2025-06-12 20:21:00,2.2
2025-06-12 22:12:00,68.4
2025-06-12 19:05:00,96.1
2025-06-12 16:25:00,71.0
2025-06-12 02:42:00,92.1
2025-06-12 22:52:00,64.4
2025-06-12 03:53:00,7.1
2025-06-12 20:58:00,3.5
2025-06-12 21:48:00,32.4
2025-06-12 12:34:00,33.7
2025-06-12 19:25:00,3.9
2025-06-12 04:38:00,50.3160582227961
2025-06-12 17:09:00,7.9
2025-06-12 19:36:00,33.8
2025-06-12 13:48:00,26.4
2025-06-12 10:46:00,3.8
2025-06-12 13:58:00,45.7
2025-06-12 11:35:00,50.3160582227961
2025-06-12 05:50:00,41.6
2025-06-12 23:48:00,75.1
2025-06-12 06:07:00,50.3160582227961
2025-06-12 10:02:00,77.4
2025-06-12 10:47:00,50.3160582227961
2025-06-12 01:01:00,98.2
2025-06-12 12:30:00,20.0
2025-06-12 04:42:00,20.0
2025-06-12 21:23:00,50.3160582227961
2025-06-12 23:32:00,6.8
2025-06-12 09:35:00,98.2
2025-06-12 10:51:00,53.5
2025-06-12 23:15:00,11.1
2025-06-12 01:06:00,88.1
2025-06-12 10:07:00,16.6
2025-06-12 01:59:00,88.5
2025-06-12 18:34:00,89.8
2025-06-12 14:51:00,94.6
2025-06-12 15:55:00,66.5
2025-06-12 03:47:00,25.4
2025-06-12 16:16:00,63.1
2025-06-12 09:56:00,63.8
2025-06-12 14:37:00,32.3
2025-06-12 18:13:00,50.3160582227961
2025-06-12 17:15:00,88.2
2025-06-12 20:15:00,10.2
2025-06-12 03:31:00,39.9
2025-06-12 15:03:00,85.9
2025-06-12 20:27:00,93.6
2025-06-12 02:45:00,81.0
2025-06-12 20:13:00,18.5
2025-06-12 10:32:00,45.8
2025-06-12 12:24:00,47.1
2025-06-12 18:57:00,5.9
2025-06-12 04:11:00,55.7
2025-06-12 06:45:00,39.7
2025-06-12 20:05:00,88.6
2025-06-12 21:06:00,50.3160582227961
2025-06-12 23:56:00,11.8
2025-06-12 08:31:00,46.2
2025-06-12 13:29:00,25.1
2025-06-12 19:07:00,93.0
2025-06-12 10:22:00,50.3160582227961
2025-06-12 23:50:00,47.1
2025-06-12 08:13:00,71.6
2025-06-12 00:26:00,65.1
2025-06-12 06:13:00,96.8
2025-06-12 10:13:00,78.2
2025-06-12 01:27:00,27.9
2025-06-12 23:12:00,95.7
2025-06-12 02:28:00,3.0
2025-06-12 18:06:00,61.5
2025-06-12 14:46:00,8.7
2025-06-12 09:13:00,30.7
2025-06-12 05:25:00,4.4
2025-06-12 05:40:00,74.8
2025-06-12 04:54:00,27.7
2025-06-12 15:13:00,55.5
2025-06-12 20:48:00,37.1
2025-06-12 17:47:00,50.3
2025-06-12 12:08:00,73.4
2025-06-12 05:32:00,50.3160582227961
2025-06-12 11:21:00,62.7
2025-06-12 14:29:00,47.8
2025-06-12 00:12:00,78.8
2025-06-12 16:06:00,47.4
2025-06-12 08:22:00,39.7
2025-06-12 13:18:00,96.7
2025-06-12 03:09:00,52.4
2025-06-12 05:00:00,83.6
2025-06-12 17:44:00,70.1
2025-06-12 20:12:00,35.9
2025-06-12 04:00:00,28.0
2025-06-12 06:38:00,35.2
2025-06-12 07:15:00,5.6
2025-06-12 14:18:00,45.4
2025-06-12 08:28:00,83.2
2025-06-12 08:28:00,57.9
2025-06-12 12:17:00,13.9
2025-06-12 05:20:00,50.3160582227961
2025-06-12 04:35:00,35.9
2025-06-12 23:40:00,52.6
2025-06-12 08:52:00,38.8
2025-06-12 23:16:00,80.9
2025-06-12 14:10:00,27.4
2025-06-12 08:17:00,1.0
2025-06-12 09:37:00,56.9
2025-06-12 03:45:00,93.7
2025-06-12 05:30:00,50.3160582227961
2025-06-12 11:20:00,50.4
2025-06-12 12:29:00,18.0
2025-06-12 20:31:00,63.6
2025-06-12 05:39:00,91.6
2025-06-12 11:52:00,86.2
2025-06-12 20:11:00,50.3160582227961
2025-06-12 12:01:00,30.8
2025-06-12 01:21:00,82.3
2025-06-12 06:43:00,7.6
2025-06-12 03:46:00,86.8
2025-06-12 14:24:00,76.9
2025-06-12 03:11:00,49.3
2025-06-12 09:23:00,36.6
2025-06-12 02:48:00,78.9
2025-06-12 23:12:00,67.4
2025-06-12 21:55:00,77.3
2025-06-12 14:58:00,26.4
2025-06-12 21:04:00,14.0
2025-06-12 21:12:00,32.7
2025-06-12 21:08:00,47.1
2025-06-12 12:23:00,87.6
2025-06-12 14:07:00,67.4
2025-06-12 08:22:00,78.1
2025-06-12 05:48:00,51.6
2025-06-12 08:30:00,37.5
2025-06-12 20:25:00,86.7
2025-06-12 08:56:00,78.2
2025-06-12 23:55:00,86.7
2025-06-12 17:25:00,56.1
2025-06-12 14:08:00,33.4
2025-06-12 23:51:00,55.9
2025-06-12 04:55:00,56.3
2025-06-12 09:31:00,50.3160582227961
2025-06-12 03:08:00,64.5
2025-06-12 21:08:00,84.4
2025-06-12 02:55:00,50.3160582227961
2025-06-12 14:29:00,57.9
2025-06-12 15:56:00,88.5
2025-06-12 19:06:00,51.6
2025-06-12 04:53:00,89.1
2025-06-12 05:57:00,50.3160582227961
2025-06-12 10:13:00,83.9
2025-06-12 19:22:00,50.3160582227961
2025-06-12 10:03:00,40.1
2025-06-12 00:50:00,30.8
2025-06-12 18:11:00,36.4
2025-06-12 06:59:00,42.5
2025-06-12 15:50:00,27.1
2025-06-12 22:17:00,1.0
2025-06-12 12:52:00,74.5
2025-06-12 08:44:00,24.8
2025-06-12 06:44:00,13.8
2025-06-12 09:10:00,99.6
2025-06-12 22:44:00,83.7
2025-06-12 20:56:00,77.9
2025-06-12 14:03:00,72.5
2025-06-12 06:16:00,89.5
2025-06-12 16:27:00,35.7
2025-06-12 08:04:00,21.1
2025-06-12 13:24:00,78.2
2025-06-12 17:41:00,53.7
2025-06-12 17:13:00,78.2
2025-06-12 11:37:00,42.7
2025-06-12 09:53:00,92.3
2025-06-12 18:22:00,20.3
2025-06-12 05:45:00,16.9
2025-06-12 03:49:00,24.1
2025-06-12 18:26:00,35.0
2025-06-12 16:40:00,86.6
2025-06-12 04:00:00,19.1
2025-06-12 21:47:00,75.7
2025-06-12 06:00:00,33.4
2025-06-12 13:41:00,37.7
2025-06-12 18:57:00,23.1
2025-06-12 10:59:00,60.8
2025-06-12 09:11:00,82.2
2025-06-12 16:37:00,53.3
2025-06-12 10:44:00,50.04954009433962
2025-06-12 20:33:00,4.3
2025-06-12 14:43:00,87.4
2025-06-12 16:58:00,5.8
2025-06-12 22:16:00,97.1
2025-06-12 16:48:00,27.4
2025-06-12 16:26:00,21.3
2025-06-12 19:28:00,94.4
2025-06-12 22:59:00,27.4
2025-06-12 14:48:00,50.04954009433962
2025-06-12 03:55:00,11.9
2025-06-12 05:50:00,96.8
2025-06-12 05:15:00,75.6
2025-06-12 07:15:00,82.4
2025-06-12 03:34:00,36.3
2025-06-12 23:07:00,76.4
2025-06-12 22:57:00,30.2
2025-06-12 08:41:00,72.7
2025-06-12 09:52:00,76.6
2025-06-12 09:47:00,50.04954009433962
2025-06-12 02:03:00,94.3
2025-06-12 01:07:00,24.7
2025-06-12 23:05:00,94.6
2025-06-12 23:49:00,75.5
2025-06-12 07:43:00,4.4
2025-06-12 13:28:00,96.8
2025-06-12 01:57:00,50.04954009433962
2025-06-12 08:41:00,8.4
2025-06-12 04:20:00,74.1
2025-06-12 10:01:00,69.7
2025-06-12 14:40:00,14.5
2025-06-12 13:50:00,5.1
2025-06-12 02:09:00,31.9
2025-06-12 15:41:00,15.4
2025-06-12 07:17:00,79.9
2025-06-12 18:11:00,33.9
2025-06-12 18:03:00,49.9
2025-06-12 06:13:00,60.5
2025-06-12 21:53:00,98.9
2025-06-12 18:04:00,42.1
2025-06-12 17:46:00,24.2
2025-06-12 15:55:00,50.04954009433962
2025-06-12 11:16:00,10.6
2025-06-12 02:22:00,61.5
2025-06-12 01:43:00,19.2
2025-06-12 15:38:00,50.04954009433962
2025-06-12 22:27:00,10.3
2025-06-12 17:48:00,66.7
2025-06-12 15:58:00,20.5
2025-06-12 08:07:00,58.6
2025-06-12 09:27:00,14.6
2025-06-12 07:18:00,47.1
2025-06-12 22:35:00,34.0
2025-06-12 14:51:00,79.6
2025-06-12 12:54:00,2.5
2025-06-12 05:50:00,50.04954009433962
2025-06-12 05:30:00,15.8
2025-06-12 15:00:00,68.9
2025-06-12 08:24:00,50.04954009433962
2025-06-12 05:06:00,33.7
2025-06-12 02:42:00,67.1
2025-06-12 03:41:00,50.04954009433962
2025-06-12 03:52:00,38.9
2025-06-12 04:28:00,50.04954009433962
2025-06-12 16:45:00,89.1
2025-06-12 12:21:00,4.9
2025-06-12 05:59:00,97.3
2025-06-12 23:31:00,50.04954009433962
2025-06-12 20:52:00,78.0
2025-06-12 03:47:00,78.2
2025-06-12 04:13:00,90.9
2025-06-12 03:56:00,31.2
2025-06-12 13:43:00,40.6
2025-06-12 12:04:00,45.8
2025-06-12 23:55:00,91.2
2025-06-12 20:04:00,45.1
2025-06-12 07:34:00,92.5
2025-06-12 06:01:00,88.5
2025-06-12 12:03:00,50.04954009433962
2025-06-12 12:21:00,54.8
2025-06-12 21:13:00,16.7
2025-06-12 01:55:00,22.6
2025-06-12 14:19:00,49.0
2025-06-12 05:55:00,54.0
2025-06-12 14:24:00,77.3
2025-06-12 14:31:00,80.7
2025-06-12 16:44:00,55.1
2025-06-12 14:48:00,49.3
2025-06-12 04:10:00,50.04954009433962
2025-06-12 03:56:00,52.4
2025-06-12 19:58:00,53.7
2025-06-12 10:09:00,61.7
2025-06-12 14:08:00,35.6
2025-06-12 22:08:00,55.7
2025-06-12 08:45:00,0.4
2025-06-12 00:46:00,50.6
2025-06-12 22:27:00,42.3
2025-06-12 14:05:00,19.1
2025-06-12 07:31:00,96.9
2025-06-12 23:16:00,82.4
2025-06-12 22:12:00,66.5
2025-06-12 11:03:00,8.0
2025-06-12 05:03:00,98.1
2025-06-12 13:11:00,90.1
2025-06-12 23:20:00,58.1
2025-06-12 00:37:00,9.7
2025-06-12 06:11:00,1.9
2025-06-12 07:14:00,53.5
2025-06-12 01:34:00,94.6
2025-06-12 02:46:00,18.7
2025-06-12 02:36:00,50.04954009433962
2025-06-12 01:46:00,98.5
2025-06-12 10:25:00,50.04954009433962
2025-06-12 04:37:00,36.0
2025-06-12 00:43:00,42.3
2025-06-12 02:14:00,12.5
2025-06-12 00:02:00,29.4
2025-06-12 08:09:00,50.04954009433962
2025-06-12 17:52:00,78.9
2025-06-12 07:56:00,94.3
2025-06-12 00:24:00,86.3
2025-06-12 05:28:00,50.04954009433962
2025-06-12 03:33:00,32.5
2025-06-12 06:04:00,50.04954009433962
2025-06-12 01:20:00,50.04954009433962
2025-06-12 19:55:00,91.7
2025-06-12 13:34:00,38.9
2025-06-12 20:20:00,31.9
2025-06-12 05:17:00,58.6
2025-06-12 07:43:00,50.1
2025-06-12 05:23:00,35.6
2025-06-12 09:30:00,86.7
2025-06-12 16:06:00,1.8
2025-06-12 19:49:00,96.6
2025-06-12 10:23:00,32.5
2025-06-12 11:26:00,77.2
2025-06-12 08:36:00,80.8
2025-06-12 00:31:00,34.6
2025-06-12 23:12:00,47.3
2025-06-12 21:12:00,21.7
2025-06-12 12:53:00,31.7
2025-06-12 08:29:00,24.5
2025-06-12 17:09:00,2.2
2025-06-12 19:21:00,87.5
2025-06-12 01:32:00,19.5
2025-06-12 10:47:00,52.5
2025-06-12 02:38:00,72.3
2025-06-12 23:30:00,9.4
2025-06-12 03:08:00,40.9
2025-06-12 11:06:00,89.6
2025-06-12 16:39:00,34.1
2025-06-12 09:06:00,67.4
2025-06-12 21:50:00,98.2
2025-06-12 03:45:00,60.7
2025-06-12 18:20:00,75.4
2025-06-12 00:41:00,42.8
2025-06-12 07:03:00,56.5
2025-06-12 18:17:00,54.1
2025-06-12 15:40:00,44.0
2025-06-12 07:31:00,84.0
2025-06-12 06:45:00,46.7
2025-06-12 17:59:00,96.2
2025-06-12 01:25:00,97.2
2025-06-12 08:00:00,17.9
2025-06-12 22:51:00,50.04954009433962
2025-06-12 09:40:00,9.7
2025-06-12 21:10:00,97.1
2025-06-12 20:41:00,60.7
2025-06-12 15:11:00,6.4
2025-06-12 22:30:00,58.8
2025-06-12 13:09:00,82.5
2025-06-12 21:44:00,59.0
2025-06-12 04:52:00,70.9
2025-06-12 00:41:00,99.7
2025-06-12 00:48:00,25.1
2025-06-12 07:14:00,46.4
2025-06-12 13:29:00,65.3
2025-06-12 09:16:00,82.7
2025-06-12 12:16:00,21.9
2025-06-12 20:36:00,50.04954009433962
2025-06-12 06:39:00,69.4
2025-06-12 07:48:00,6.6
2025-06-12 15:36:00,91.8
2025-06-12 07:31:00,50.04954009433962
2025-06-12 20:24:00,97.5
2025-06-12 20:18:00,56.4
2025-06-12 04:56:00,80.2
2025-06-12 07:10:00,50.04954009433962
2025-06-12 23:19:00,25.1
2025-06-12 09:58:00,68.1
2025-06-12 07:33:00,36.1
2025-06-12 02:40:00,0.1
2025-06-12 21:42:00,50.04954009433962
2025-06-12 03:48:00,48.5
2025-06-12 10:45:00,32.0
2025-06-12 16:01:00,76.3
2025-06-12 10:15:00,26.1
2025-06-12 11:42:00,98.9
2025-06-12 04:39:00,44.8
2025-06-12 14:03:00,35.9
2025-06-12 03:56:00,50.04954009433962
2025-06-12 11:34:00,15.6
2025-06-12 15:49:00,20.7
2025-06-12 11:34:00,73.2
2025-06-12 23:22:00,50.04954009433962
2025-06-12 19:54:00,50.04954009433962
2025-06-12 08:02:00,64.4
2025-06-12 08:04:00,34.9
2025-06-12 05:20:00,86.0
2025-06-12 17:09:00,50.04954009433962
2025-06-12 09:07:00,19.5
2025-06-12 06:17:00,33.9
2025-06-12 00:15:00,57.7
2025-06-12 21:13:00,8.4
2025-06-12 12:20:00,85.6
2025-06-12 00:14:00,50.04954009433962
2025-06-12 21:19:00,58.4
2025-06-12 17:45:00,50.04954009433962
2025-06-12 21:48:00,31.0
2025-06-12 06:55:00,59.8
2025-06-12 05:28:00,54.9
2025-06-12 06:51:00,57.6
2025-06-12 12:49:00,9.8
2025-06-12 22:57:00,91.0
2025-06-12 07:02:00,65.7
2025-06-12 21:06:00,50.04954009433962
2025-06-12 07:26:00,7.1
2025-06-12 14:37:00,42.6
2025-06-12 09:02:00,84.9
2025-06-12 18:45:00,41.3
2025-06-12 11:54:00,36.1
2025-06-12 10:20:00,77.8
2025-06-12 07:59:00,20.1
2025-06-12 14:42:00,76.4
2025-06-12 07:06:00,34.4
2025-06-12 02:53:00,30.8
2025-06-12 15:07:00,97.5
2025-06-12 04:00:00,82.2
2025-06-12 03:25:00,41.4
2025-06-12 17:48:00,62.5
2025-06-12 09:29:00,83.0
2025-06-12 14:36:00,59.0
2025-06-12 20:09:00,46.4
2025-06-12 22:47:00,18.5
2025-06-12 10:13:00,85.3
2025-06-12 00:53:00,74.8
2025-06-12 18:59:00,42.8
2025-06-12 23:44:00,50.04954009433962
2025-06-12 14:27:00,34.9
2025-06-12 15:24:00,61.7
2025-06-12 15:47:00,50.04954009433962
2025-06-12 16:15:00,61.9
2025-06-12 07:27:00,50.04954009433962
2025-06-12 06:18:00,5.2
2025-06-12 19:41:00,2.4
2025-06-12 07:20:00,30.6
2025-06-12 16:48:00,95.2
2025-06-12 09:28:00,26.9
2025-06-12 05:47:00,50.04954009433962
2025-06-12 13:41:00,2.2
2025-06-12 21:47:00,11.8
2025-06-12 14:23:00,21.3
2025-06-12 06:05:00,32.6
2025-06-12 19:57:00,51.6
2025-06-12 21:51:00,50.04954009433962
2025-06-12 09:05:00,11.0
2025-06-12 08:50:00,50.04954009433962
2025-06-12 02:12:00,39.7
2025-06-12 19:55:00,57.0
2025-06-12 20:58:00,27.4
2025-06-12 19:39:00,26.6
2025-06-12 15:14:00,50.04954009433962
2025-06-12 21:51:00,32.2
2025-06-12 10:02:00,31.8
2025-06-12 05:20:00,7.9
2025-06-12 20:16:00,77.4
2025-06-12 06:39:00,31.1
2025-06-12 02:03:00,18.4
2025-06-12 21:29:00,47.8
2025-06-12 21:37:00,2.1
2025-06-12 03:34:00,28.2
2025-06-12 19:51:00,8.2
2025-06-12 18:29:00,50.04954009433962
2025-06-12 14:30:00,67.7
2025-06-12 03:09:00,20.1
2025-06-12 20:34:00,16.2
2025-06-12 13:42:00,50.04954009433962
2025-06-12 04:22:00,60.6
2025-06-12 03:37:00,54.5
2025-06-12 20:43:00,0.6
2025-06-12 23:42:00,77.6
2025-06-12 19:29:00,50.04954009433962
2025-06-12 00:00:00,26.5
2025-06-12 17:40:00,31.6
2025-06-12 13:35:00,88.8
2025-06-12 20:33:00,17.7
2025-06-12 08:42:00,55.6
2025-06-12 15:36:00,65.8
2025-06-12 16:17:00,73.7
2025-06-12 02:28:00,35.8
2025-06-12 15:53:00,25.5
2025-06-12 00:52:00,23.6
2025-06-12 21:28:00,50.04954009433962
2025-06-12 00:21:00,48.8
2025-06-12 18:15:00,77.7
2025-06-12 08:59:00,78.4
2025-06-12 20:11:00,92.2
2025-06-12 22:15:00,26.9
2025-06-12 01:26:00,85.2
2025-06-12 02:43:00,61.3
2025-06-12 19:58:00,32.9
2025-06-12 19:52:00,6.6
2025-06-12 20:14:00,1.5
2025-06-12 18:40:00,76.0
2025-06-12 01:44:00,7.7
2025-06-12 09:13:00,50.04954009433962
2025-06-12 02:08:00,27.8
2025-06-12 09:48:00,27.2
2025-06-12 20:41:00,4.9
2025-06-12 19:43:00,50.04954009433962
2025-06-12 14:17:00,36.2
2025-06-12 20:20:00,50.04954009433962
2025-06-12 09:02:00,73.9
2025-06-12 04:17:00,4.4
2025-06-12 16:03:00,77.4
2025-06-12 01:18:00,50.06682414078186
2025-06-12 10:44:00,93.5
2025-06-12 10:01:00,20.7
2025-06-12 03:10:00,90.9
2025-06-12 06:40:00,46.4
2025-06-12 21:08:00,68.0
2025-06-12 03:50:00,9.8
2025-06-12 11:39:00,41.7
2025-06-12 02:01:00,50.06682414078186
2025-06-12 07:32:00,72.5
2025-06-12 21:02:00,82.0
2025-06-12 21:29:00,29.5
2025-06-12 07:59:00,61.1
2025-06-12 13:14:00,95.4
2025-06-12 00:30:00,91.8
2025-06-12 15:36:00,50.06682414078186
2025-06-12 02:49:00,50.06682414078186
2025-06-12 02:15:00,12.3
2025-06-12 05:33:00,62.3
2025-06-12 08:36:00,13.4
2025-06-12 19:30:00,22.7
2025-06-12 08:10:00,79.4
2025-06-12 19:32:00,36.6
2025-06-12 22:28:00,66.8
2025-06-12 12:37:00,25.1
2025-06-12 05:14:00,3.4
2025-06-12 14:45:00,50.06682414078186
2025-06-12 11:33:00,87.2
2025-06-12 15:31:00,76.2
2025-06-12 18:02:00,80.2
2025-06-12 04:15:00,35.9
2025-06-12 20:12:00,50.06682414078186
2025-06-12 00:00:00,15.8
2025-06-12 20:37:00,12.0
2025-06-12 04:34:00,94.6
2025-06-12 07:08:00,70.5
2025-06-12 05:51:00,33.0
2025-06-12 08:04:00,80.7
2025-06-12 11:31:00,10.2
2025-06-12 05:53:00,84.7
2025-06-12 07:25:00,40.0
2025-06-12 21:43:00,89.6
2025-06-12 16:00:00,51.9
2025-06-12 01:27:00,64.0
2025-06-12 22:31:00,16.2
2025-06-12 13:15:00,25.7
2025-06-12 14:25:00,82.4
2025-06-12 22:41:00,50.06682414078186
2025-06-12 03:08:00,40.0
2025-06-12 11:34:00,22.4
2025-06-12 06:35:00,62.9
2025-06-12 00:47:00,50.6
2025-06-12 19:58:00,92.1
2025-06-12 14:28:00,68.6
2025-06-12 13:42:00,52.8
2025-06-12 07:15:00,7.5
2025-06-12 19:24:00,82.0
2025-06-12 04:14:00,7.3
2025-06-12 20:08:00,19.9
2025-06-12 19:14:00,48.1
2025-06-12 22:41:00,28.5
2025-06-12 18:52:00,15.6
2025-06-12 02:14:00,95.6
2025-06-12 15:55:00,92.8
2025-06-12 16:39:00,50.06682414078186
2025-06-12 00:01:00,50.06682414078186
2025-06-12 01:06:00,52.7
2025-06-12 03:54:00,38.2
2025-06-12 16:28:00,50.06682414078186
2025-06-12 17:02:00,90.1
2025-06-12 01:51:00,75.5
2025-06-12 13:17:00,39.3
2025-06-12 10:47:00,50.06682414078186
2025-06-12 00:36:00,50.06682414078186
2025-06-12 12:22:00,69.8
2025-06-12 02:58:00,70.2
2025-06-12 01:31:00,19.9
2025-06-12 00:04:00,52.2
2025-06-12 21:07:00,27.8
2025-06-12 09:43:00,79.1
2025-06-12 03:10:00,50.06682414078186
2025-06-12 22:26:00,71.5
2025-06-12 14:09:00,4.0
2025-06-12 20:12:00,93.6
2025-06-12 20:35:00,41.4
2025-06-12 20:26:00,50.06682414078186
2025-06-12 06:45:00,7.2
2025-06-12 05:36:00,18.6
2025-06-12 20:54:00,64.1
2025-06-12 18:55:00,50.2
2025-06-12 00:39:00,15.0
2025-06-12 04:09:00,89.9
2025-06-12 13:56:00,69.5
2025-06-12 12:22:00,44.0
2025-06-12 13:58:00,95.0
2025-06-12 05:42:00,1.2
2025-06-12 13:53:00,46.3
2025-06-12 16:16:00,50.06682414078186
2025-06-12 15:16:00,97.5
2025-06-12 09:38:00,70.5
2025-06-12 10:13:00,10.7
2025-06-12 15:04:00,22.3
2025-06-12 14:17:00,97.4
2025-06-12 08:09:00,70.9
2025-06-12 09:32:00,50.06682414078186
2025-06-12 13:26:00,98.9
2025-06-12 12:50:00,9.8
2025-06-12 04:10:00,22.4
2025-06-12 06:26:00,26.7
2025-06-12 13:32:00,77.9
2025-06-12 00:38:00,1.9
2025-06-12 06:35:00,2.2
2025-06-12 06:18:00,50.06682414078186
2025-06-12 11:30:00,14.1
2025-06-12 19:35:00,47.7
2025-06-12 08:27:00,87.0
2025-06-12 23:30:00,12.9
2025-06-12 07:13:00,7.0
2025-06-12 07:32:00,82.3
2025-06-12 19:17:00,12.1
2025-06-12 03:58:00,64.3
2025-06-12 06:41:00,50.06682414078186
2025-06-12 10:19:00,74.1
2025-06-12 19:47:00,43.5
2025-06-12 11:36:00,47.9
2025-06-12 14:47:00,92.5
2025-06-12 12:22:00,22.6
2025-06-12 11:56:00,80.3
2025-06-12 10:36:00,67.8
2025-06-12 06:33:00,99.1
2025-06-12 16:25:00,10.9
2025-06-12 09:57:00,40.2
2025-06-12 08:20:00,99.3
2025-06-12 01:05:00,19.1
2025-06-12 19:14:00,26.5
2025-06-12 06:15:00,24.9
2025-06-12 16:57:00,31.4
2025-06-12 20:39:00,57.7
2025-06-12 14:44:00,84.5
2025-06-12 07:34:00,50.06682414078186
2025-06-12 02:33:00,76.8
2025-06-12 06:47:00,80.4
2025-06-12 23:49:00,57.5
2025-06-12 22:57:00,50.06682414078186
2025-06-12 22:46:00,39.8
2025-06-12 07:01:00,35.1
2025-06-12 00:24:00,17.8
2025-06-12 12:29:00,63.7
2025-06-12 03:03:00,46.6
2025-06-12 06:29:00,47.9
2025-06-12 10:16:00,22.9
2025-06-12 11:53:00,30.7
2025-06-12 17:03:00,29.8
2025-06-12 06:25:00,88.6
2025-06-12 16:10:00,21.2
2025-06-12 22:55:00,2.5
2025-06-12 07:14:00,43.3
2025-06-12 18:04:00,50.06682414078186
2025-06-12 13:32:00,28.4
2025-06-12 00:31:00,50.06682414078186
2025-06-12 06:32:00,96.3
2025-06-12 00:49:00,50.3
2025-06-12 15:59:00,50.06682414078186
2025-06-12 10:13:00,49.7
2025-06-12 22:06:00,10.5
2025-06-12 13:50:00,30.9
2025-06-12 07:14:00,85.4
2025-06-12 22:57:00,19.0
2025-06-12 04:44:00,6.4
2025-06-12 05:31:00,87.1
2025-06-12 08:58:00,9.9
2025-06-12 03:36:00,70.9
2025-06-12 00:39:00,16.5
2025-06-12 10:42:00,19.6
2025-06-12 09:38:00,50.06682414078186
2025-06-12 17:39:00,96.0
2025-06-12 02:56:00,89.2
2025-06-12 02:10:00,92.6
2025-06-12 17:58:00,14.1
2025-06-12 19:12:00,35.1
2025-06-12 05:53:00,43.0
2025-06-12 03:38:00,60.8
2025-06-12 08:07:00,52.7
2025-06-12 10:13:00,3.6
2025-06-12 13:31:00,78.4
2025-06-12 01:12:00,50.06682414078186
2025-06-12 05:46:00,50.06682414078186
2025-06-12 19:41:00,88.2
2025-06-12 02:40:00,64.7
2025-06-12 01:36:00,30.1
2025-06-12 12:00:00,80.3
2025-06-12 15:44:00,38.8
2025-06-12 03:42:00,28.7
2025-06-12 16:32:00,54.9
2025-06-12 01:46:00,79.1
2025-06-12 18:22:00,5.3
2025-06-12 08:27:00,78.6
2025-06-12 13:30:00,50.06682414078186
2025-06-12 00:35:00,9.2
2025-06-12 00:08:00,64.2
2025-06-12 11:36:00,11.5
2025-06-12 18:14:00,87.3
2025-06-12 01:24:00,39.0
2025-06-12 21:56:00,21.4
2025-06-12 16:59:00,5.0
2025-06-12 20:15:00,6.0
2025-06-12 03:45:00,86.8
2025-06-12 05:32:00,82.9
2025-06-12 11:14:00,27.1
2025-06-12 07:18:00,72.1
2025-06-12 18:46:00,41.7
2025-06-12 23:03:00,47.5
2025-06-12 22:31:00,29.7
2025-06-12 22:18:00,11.9
2025-06-12 12:18:00,50.0
2025-06-12 13:24:00,48.6
2025-06-12 10:39:00,32.4
2025-06-12 06:17:00,71.4
2025-06-12 18:12:00,60.5
2025-06-12 05:10:00,41.8
2025-06-12 00:16:00,4.4
2025-06-12 21:11:00,79.9
2025-06-12 06:08:00,38.7
2025-06-12 00:23:00,93.2
2025-06-12 22:37:00,5.3
2025-06-12 13:29:00,98.2
2025-06-12 15:09:00,92.0
2025-06-12 07:56:00,93.2
2025-06-12 17:45:00,52.9
2025-06-12 10:34:00,65.7
2025-06-12 13:50:00,54.8
2025-06-12 08:45:00,68.9
2025-06-12 20:44:00,14.3
2025-06-12 18:55:00,96.3
2025-06-12 16:54:00,50.06682414078186
2025-06-12 22:47:00,31.8
2025-06-12 09:46:00,50.06682414078186
2025-06-12 04:38:00,84.9
2025-06-12 11:06:00,71.0
2025-06-12 12:32:00,50.06682414078186
2025-06-12 04:44:00,48.2
2025-06-12 16:42:00,78.7
2025-06-12 02:37:00,8.1
2025-06-12 03:21:00,50.06682414078186
2025-06-12 22:46:00,72.3
2025-06-12 01:13:00,58.0
2025-06-12 03:18:00,41.1
2025-06-12 03:29:00,50.06682414078186
2025-06-12 16:45:00,30.3
2025-06-12 05:14:00,50.06682414078186
2025-06-12 00:55:00,29.8
2025-06-12 02:17:00,47.9
2025-06-12 15:30:00,41.1
2025-06-12 15:22:00,50.06682414078186
2025-06-12 13:26:00,56.0
2025-06-12 03:26:00,98.4
2025-06-12 23:29:00,64.6
2025-06-12 19:59:00,50.06682414078186
2025-06-12 09:20:00,77.4
2025-06-12 11:41:00,50.06682414078186
2025-06-12 21:57:00,71.5
2025-06-12 17:17:00,71.9
2025-06-12 11:36:00,17.8
2025-06-12 09:32:00,54.2
2025-06-12 03:50:00,64.5
2025-06-12 10:44:00,34.6
2025-06-12 07:06:00,28.9
2025-06-12 06:20:00,59.4
2025-06-12 15:22:00,50.06682414078186
2025-06-12 14:37:00,50.06682414078186
2025-06-12 08:13:00,21.4
2025-06-12 23:27:00,52.3
2025-06-12 04:47:00,55.9
2025-06-12 00:59:00,92.5
2025-06-12 22:54:00,13.8
2025-06-12 12:35:00,98.9
2025-06-12 21:05:00,50.06682414078186
2025-06-12 10:44:00,8.0
2025-06-12 03:02:00,11.7
2025-06-12 18:27:00,40.1
2025-06-12 18:33:00,56.6
2025-06-12 14:18:00,50.06682414078186
2025-06-12 08:47:00,42.7
2025-06-12 06:51:00,17.1
2025-06-12 15:40:00,81.0
2025-06-12 12:48:00,40.2
2025-06-12 00:46:00,21.1
2025-06-12 04:41:00,90.1
2025-06-12 05:53:00,69.6
2025-06-12 04:48:00,78.9
2025-06-12 03:04:00,60.0
2025-06-12 20:01:00,54.6
2025-06-12 22:05:00,43.9
2025-06-12 05:04:00,4.4
2025-06-12 02:02:00,42.9
2025-06-12 11:35:00,51.6
2025-06-12 08:21:00,32.3
2025-06-12 04:13:00,81.7
2025-06-12 23:41:00,14.0
2025-06-12 18:56:00,72.1
2025-06-12 08:11:00,13.5
2025-06-12 15:54:00,64.7
2025-06-12 14:14:00,52.8
2025-06-12 07:34:00,92.4
2025-06-12 18:40:00,90.8
2025-06-12 21:40:00,76.2
2025-06-12 07:40:00,27.3
2025-06-12 09:25:00,99.6
2025-06-12 00:43:00,95.1
2025-06-12 19:52:00,50.06682414078186
2025-06-12 23:42:00,26.8
2025-06-12 20:20:00,20.0
2025-06-12 09:58:00,4.2
2025-06-12 10:43:00,63.8
2025-06-12 07:06:00,22.2
2025-06-12 03:52:00,55.9
2025-06-12 11:02:00,53.7
2025-06-12 15:55:00,40.7
2025-06-12 00:41:00,40.7
2025-06-12 01:17:00,49.6
2025-06-12 06:43:00,30.2
2025-06-12 09:26:00,1.7
2025-06-12 16:19:00,50.06682414078186
2025-06-12 18:54:00,17.8
2025-06-12 06:31:00,92.7
2025-06-12 21:54:00,85.2
2025-06-12 04:04:00,54.2
2025-06-12 04:09:00,35.0
2025-06-12 07:50:00,23.4
2025-06-12 14:53:00,16.9
2025-06-12 20:30:00,69.2
2025-06-12 03:20:00,49.378098152289034
2025-06-12 15:04:00,39.7
2025-06-12 18:04:00,94.1
2025-06-12 20:58:00,39.6
2025-06-12 12:59:00,45.6
2025-06-12 06:58:00,49.378098152289034
2025-06-12 02:53:00,37.0
2025-06-12 04:42:00,49.378098152289034
2025-06-12 14:16:00,35.5
2025-06-12 10:29:00,49.378098152289034
2025-06-12 01:10:00,41.1
2025-06-12 20:37:00,31.6
2025-06-12 06:11:00,4.2
2025-06-12 21:32:00,39.7
2025-06-12 03:28:00,49.378098152289034
2025-06-12 15:14:00,49.378098152289034
2025-06-12 19:29:00,88.0
2025-06-12 02:59:00,4.3
2025-06-12 15:09:00,49.378098152289034
2025-06-12 20:12:00,81.5
2025-06-12 08:58:00,74.0
2025-06-12 23:24:00,36.6
2025-06-12 23:16:00,49.378098152289034
2025-06-12 20:06:00,46.4
2025-06-12 19:22:00,7.9
2025-06-12 17:20:00,83.8
2025-06-12 05:24:00,38.0
2025-06-12 08:16:00,82.7
2025-06-12 15:18:00,7.0
2025-06-12 09:23:00,21.9
2025-06-12 03:01:00,17.2
2025-06-12 19:00:00,49.378098152289034
2025-06-12 06:27:00,98.9
2025-06-12 02:53:00,95.7
2025-06-12 17:30:00,49.378098152289034
2025-06-12 05:08:00,76.9
2025-06-12 18:13:00,75.0
2025-06-12 04:11:00,49.378098152289034
2025-06-12 11:29:00,18.1
2025-06-12 15:47:00,49.378098152289034
2025-06-12 22:21:00,49.378098152289034
2025-06-12 21:19:00,13.5
2025-06-12 18:54:00,49.378098152289034
2025-06-12 06:19:00,49.378098152289034
2025-06-12 20:29:00,41.3
2025-06-12 03:29:00,53.3
2025-06-12 17:45:00,15.7
2025-06-12 15:22:00,47.6
2025-06-12 03:40:00,23.7
2025-06-12 05:52:00,91.0
2025-06-12 23:52:00,49.378098152289034
2025-06-12 22:16:00,48.7
2025-06-12 08:44:00,74.6
2025-06-12 08:09:00,42.4
2025-06-12 13:03:00,49.378098152289034
2025-06-12 18:23:00,83.3
2025-06-12 22:22:00,49.378098152289034
2025-06-12 20:55:00,49.378098152289034
2025-06-12 18:05:00,18.0
2025-06-12 03:39:00,3.7
2025-06-12 04:15:00,95.9
2025-06-12 08:54:00,43.2
2025-06-12 09:48:00,64.9
2025-06-12 11:35:00,52.2
2025-06-12 07:35:00,79.2
2025-06-12 03:32:00,2.7
2025-06-12 09:18:00,49.378098152289034
2025-06-12 18:40:00,49.378098152289034
2025-06-12 17:03:00,49.378098152289034
2025-06-12 07:36:00,7.4
2025-06-12 04:03:00,81.7
2025-06-12 22:47:00,49.378098152289034
2025-06-12 21:15:00,49.378098152289034
2025-06-12 09:28:00,67.3
2025-06-12 21:24:00,95.8
2025-06-12 00:08:00,62.2
2025-06-12 12:41:00,56.5
2025-06-12 18:59:00,43.8
2025-06-12 01:46:00,62.6
2025-06-12 08:11:00,53.4
2025-06-12 11:26:00,55.8
2025-06-12 10:33:00,33.6
2025-06-12 14:06:00,62.3
2025-06-12 15:31:00,1.1
2025-06-12 14:40:00,45.3
2025-06-12 07:31:00,75.4
2025-06-12 00:20:00,97.3
2025-06-12 03:46:00,85.3
2025-06-12 21:58:00,49.378098152289034
2025-06-12 23:34:00,84.5
2025-06-12 05:15:00,49.378098152289034
2025-06-12 13:53:00,49.378098152289034
2025-06-12 08:51:00,57.7
2025-06-12 04:18:00,49.378098152289034
2025-06-12 16:56:00,49.378098152289034
2025-06-12 21:06:00,68.3
2025-06-12 11:02:00,83.3
2025-06-12 17:59:00,36.4
2025-06-12 23:04:00,8.9
2025-06-12 06:04:00,65.7
2025-06-12 13:49:00,49.378098152289034
2025-06-12 21:09:00,21.1
2025-06-12 21:26:00,62.3
2025-06-12 06:01:00,49.378098152289034
2025-06-12 08:04:00,52.0
2025-06-12 08:36:00,83.4
2025-06-12 05:22:00,22.1
2025-06-12 07:40:00,49.378098152289034
2025-06-12 14:17:00,99.9
2025-06-12 09:59:00,61.9
2025-06-12 03:13:00,38.2
2025-06-12 09:31:00,9.3
2025-06-12 00:24:00,82.5
2025-06-12 04:02:00,75.8
2025-06-12 13:56:00,81.9
2025-06-12 14:13:00,30.7
2025-06-12 19:19:00,17.1
2025-06-12 16:28:00,51.4
2025-06-12 08:34:00,78.3
2025-06-12 05:22:00,37.4
2025-06-12 22:05:00,26.7
2025-06-12 20:08:00,59.8
2025-06-12 14:27:00,75.4
2025-06-12 09:51:00,43.6
2025-06-12 14:52:00,71.3
2025-06-12 20:03:00,49.378098152289034
2025-06-12 23:30:00,71.1
2025-06-12 13:14:00,54.8
2025-06-12 23:04:00,20.8
2025-06-12 00:22:00,23.9
2025-06-12 20:53:00,41.2
2025-06-12 10:43:00,49.378098152289034
2025-06-12 03:39:00,80.2
2025-06-12 22:46:00,18.5
2025-06-12 15:56:00,49.378098152289034
2025-06-12 05:09:00,56.6
2025-06-12 11:36:00,22.3
2025-06-12 23:36:00,37.5
2025-06-12 18:33:00,65.2
2025-06-12 18:35:00,49.378098152289034
2025-06-12 18:04:00,44.0
2025-06-12 22:52:00,90.3
2025-06-12 16:58:00,79.3
2025-06-12 23:27:00,5.1
2025-06-12 14:26:00,68.3
2025-06-12 14:43:00,71.9
2025-06-12 02:49:00,60.0
2025-06-12 00:48:00,83.5
2025-06-12 23:22:00,48.0
2025-06-12 06:21:00,93.8
2025-06-12 10:57:00,45.0
2025-06-12 00:57:00,93.3
2025-06-12 16:21:00,29.0
2025-06-12 11:05:00,41.5
2025-06-12 10:22:00,38.4
2025-06-12 03:30:00,76.6
2025-06-12 15:25:00,74.8
2025-06-12 16:55:00,63.8
2025-06-12 11:24:00,45.2
2025-06-12 07:59:00,49.378098152289034
2025-06-12 07:40:00,43.8
2025-06-12 15:16:00,55.1
2025-06-12 17:56:00,38.2
2025-06-12 14:45:00,82.5
2025-06-12 16:49:00,49.378098152289034
2025-06-12 08:33:00,58.4
2025-06-12 05:34:00,37.9
2025-06-12 04:50:00,53.2
2025-06-12 15:37:00,49.378098152289034
2025-06-12 09:08:00,94.7
2025-06-12 12:06:00,22.3
2025-06-12 05:58:00,23.5
2025-06-12 09:11:00,16.2
2025-06-12 11:34:00,28.6
2025-06-12 04:47:00,43.4
2025-06-12 06:39:00,15.1
2025-06-12 01:14:00,21.9
2025-06-12 03:21:00,33.4
2025-06-12 03:05:00,16.3
2025-06-12 02:18:00,49.8
2025-06-12 10:31:00,79.5
2025-06-12 14:44:00,59.9
2025-06-12 21:35:00,49.378098152289034
2025-06-12 21:29:00,87.3
2025-06-12 18:33:00,59.6
2025-06-12 21:21:00,46.8
2025-06-12 19:37:00,22.6
2025-06-12 20:34:00,0.8
2025-06-12 07:47:00,37.3
2025-06-12 02:56:00,18.6
2025-06-12 05:43:00,60.7
2025-06-12 13:13:00,49.378098152289034
2025-06-12 16:59:00,89.9
2025-06-12 01:30:00,49.378098152289034
2025-06-12 14:49:00,6.3
2025-06-12 15:07:00,19.0
2025-06-12 12:59:00,33.4
2025-06-12 11:22:00,49.378098152289034
2025-06-12 02:29:00,49.378098152289034
2025-06-12 02:00:00,26.6
2025-06-12 19:10:00,0.0
2025-06-12 21:03:00,49.378098152289034
2025-06-12 03:20:00,60.0
2025-06-12 23:21:00,3.2
2025-06-12 07:55:00,39.3
2025-06-12 07:11:00,22.8
2025-06-12 05:48:00,49.378098152289034
2025-06-12 11:41:00,73.7
2025-06-12 12:27:00,19.5
2025-06-12 01:48:00,29.3
2025-06-12 12:35:00,85.5
2025-06-12 10:03:00,57.7
2025-06-12 04:19:00,48.2
2025-06-12 21:23:00,64.1
2025-06-12 07:43:00,32.9
2025-06-12 09:48:00,63.5
2025-06-12 04:47:00,79.6
2025-06-12 00:19:00,29.3
2025-06-12 13:34:00,76.6
2025-06-12 11:11:00,23.9
2025-06-12 06:05:00,63.4
2025-06-12 18:30:00,31.4
2025-06-12 17:23:00,93.2
2025-06-12 03:02:00,54.8
2025-06-12 22:42:00,1.3
2025-06-12 21:07:00,30.8
2025-06-12 01:15:00,40.2
2025-06-12 23:05:00,55.5
2025-06-12 22:32:00,94.6
2025-06-12 17:50:00,23.7
2025-06-12 16:09:00,29.7
2025-06-12 21:08:00,58.3
2025-06-12 02:24:00,55.0
2025-06-12 08:00:00,6.1
2025-06-12 22:05:00,35.8
2025-06-12 02:49:00,55.9
2025-06-12 22:08:00,2.4
2025-06-12 23:46:00,12.3
2025-06-12 12:57:00,22.4
2025-06-12 03:11:00,13.9
2025-06-12 16:38:00,49.378098152289034
2025-06-12 00:11:00,88.2
2025-06-12 00:00:00,58.2
2025-06-12 15:30:00,18.2
2025-06-12 02:05:00,66.9
2025-06-12 23:07:00,94.2
2025-06-12 19:11:00,51.0
2025-06-12 01:11:00,2.4
2025-06-12 11:07:00,83.1
2025-06-12 18:27:00,55.2
2025-06-12 00:40:00,46.5
2025-06-12 00:10:00,29.5
2025-06-12 11:47:00,4.8
2025-06-12 01:17:00,49.378098152289034
2025-06-12 04:13:00,68.7
2025-06-12 03:08:00,71.7
2025-06-12 12:17:00,95.7
2025-06-12 21:19:00,63.0
2025-06-12 16:05:00,34.8
2025-06-12 02:34:00,63.7
2025-06-12 18:27:00,78.5
2025-06-12 00:02:00,96.2
2025-06-12 01:59:00,49.378098152289034
2025-06-12 06:28:00,7.0
2025-06-12 15:29:00,73.8
2025-06-12 14:28:00,75.0
2025-06-12 11:16:00,93.6
2025-06-12 16:42:00,31.0
2025-06-12 02:31:00,83.3
2025-06-12 07:18:00,68.0
2025-06-12 09:30:00,10.5
2025-06-12 06:08:00,49.378098152289034
2025-06-12 20:28:00,91.7
2025-06-12 05:17:00,21.6
2025-06-12 03:59:00,32.7
2025-06-12 22:10:00,24.0
2025-06-12 15:37:00,49.378098152289034
2025-06-12 14:15:00,16.4
2025-06-12 23:58:00,28.6
2025-06-12 14:24:00,1.9
2025-06-12 01:09:00,11.9
2025-06-12 16:58:00,82.8
2025-06-12 11:15:00,49.378098152289034
2025-06-12 08:50:00,24.1
2025-06-12 13:51:00,75.9
2025-06-12 09:12:00,88.1
2025-06-12 21:28:00,35.8
2025-06-12 19:30:00,86.2
2025-06-12 09:09:00,40.9
2025-06-12 01:56:00,87.4
2025-06-12 13:25:00,11.2
2025-06-12 19:59:00,49.378098152289034
2025-06-12 20:42:00,45.5
2025-06-12 11:21:00,13.1
2025-06-12 08:10:00,49.378098152289034
2025-06-12 09:19:00,49.378098152289034
2025-06-12 19:44:00,71.3
2025-06-12 17:01:00,49.378098152289034
2025-06-12 09:03:00,51.7
2025-06-12 04:28:00,9.6
2025-06-12 21:22:00,99.5
2025-06-12 14:14:00,96.8
2025-06-12 09:23:00,66.4
2025-06-12 17:24:00,60.2
2025-06-12 07:33:00,23.0
2025-06-12 03:57:00,98.3
2025-06-12 12:53:00,49.378098152289034
2025-06-12 00:38:00,99.3
2025-06-12 16:14:00,49.378098152289034
2025-06-12 18:34:00,75.7
2025-06-12 04:02:00,62.7
2025-06-12 02:16:00,17.6
2025-06-12 11:43:00,31.0
2025-06-12 20:30:00,57.6
2025-06-12 22:48:00,1.8
2025-06-12 19:23:00,47.1
2025-06-12 15:57:00,49.378098152289034
2025-06-12 16:06:00,16.4
2025-06-12 02:03:00,69.0
2025-06-12 06:25:00,88.7
2025-06-12 11:07:00,18.7
2025-06-12 14:16:00,78.4
2025-06-12 07:42:00,84.7
2025-06-12 05:23:00,11.3
2025-06-12 07:20:00,15.2
2025-06-12 10:27:00,9.8
2025-06-12 15:38:00,95.9
2025-06-12 11:56:00,98.8
2025-06-12 08:00:00,49.86672560113154
2025-06-12 08:51:00,37.7
2025-06-12 01:31:00,11.9
2025-06-12 16:07:00,9.5
2025-06-12 17:33:00,95.0
2025-06-12 23:37:00,25.5
2025-06-12 17:46:00,6.6
2025-06-12 22:54:00,69.0
2025-06-12 19:03:00,35.5
2025-06-12 23:39:00,97.0
2025-06-12 19:03:00,3.6
2025-06-12 00:31:00,49.86672560113154
2025-06-12 00:30:00,57.9
2025-06-12 05:21:00,37.0
2025-06-12 06:25:00,99.7
2025-06-12 23:59:00,83.1
2025-06-12 11:39:00,49.86672560113154
2025-06-12 07:56:00,17.2
2025-06-12 20:19:00,61.5
2025-06-12 16:58:00,11.5
2025-06-12 14:52:00,69.8
2025-06-12 01:23:00,49.86672560113154
2025-06-12 09:51:00,35.6
2025-06-12 13:31:00,49.86672560113154
2025-06-12 17:13:00,79.3
2025-06-12 08:07:00,90.2
2025-06-12 04:21:00,26.4
2025-06-12 07:18:00,22.6
2025-06-12 16:35:00,95.3
2025-06-12 01:46:00,97.3
2025-06-12 12:51:00,49.86672560113154
2025-06-12 23:12:00,49.86672560113154
2025-06-12 07:11:00,2.8
2025-06-12 08:59:00,53.6
2025-06-12 19:07:00,26.9
2025-06-12 07:22:00,35.7
2025-06-12 02:15:00,60.1
2025-06-12 04:52:00,17.3
2025-06-12 14:16:00,49.86672560113154
2025-06-12 08:57:00,71.5
2025-06-12 06:27:00,15.4
2025-06-12 18:23:00,82.0
2025-06-12 05:05:00,7.0
2025-06-12 22:44:00,31.4
2025-06-12 17:05:00,61.5
2025-06-12 23:26:00,90.5
2025-06-12 13:01:00,88.8
2025-06-12 12:07:00,77.9
2025-06-12 09:23:00,49.86672560113154
2025-06-12 22:35:00,95.9
2025-06-12 18:36:00,49.86672560113154
2025-06-12 16:44:00,67.3
2025-06-12 14:16:00,97.1
2025-06-12 18:17:00,49.86672560113154
2025-06-12 14:35:00,3.5
2025-06-12 04:45:00,45.8
2025-06-12 01:58:00,56.5
2025-06-12 06:48:00,49.86672560113154
2025-06-12 20:59:00,15.5
2025-06-12 03:28:00,84.7
2025-06-12 20:02:00,49.86672560113154
2025-06-12 12:32:00,53.5
2025-06-12 11:28:00,49.86672560113154
2025-06-12 00:26:00,62.3
2025-06-12 01:26:00,9.8
2025-06-12 19:41:00,21.2
2025-06-12 22:00:00,82.2
2025-06-12 20:23:00,49.86672560113154
2025-06-12 21:46:00,49.86672560113154
2025-06-12 05:12:00,49.86672560113154
2025-06-12 04:44:00,63.0
2025-06-12 05:36:00,41.6
2025-06-12 11:03:00,33.2
2025-06-12 17:29:00,97.7
2025-06-12 07:00:00,49.86672560113154
2025-06-12 12:52:00,47.5
2025-06-12 20:16:00,41.8
2025-06-12 05:12:00,49.86672560113154
2025-06-12 06:10:00,54.7
2025-06-12 02:13:00,49.86672560113154
2025-06-12 17:31:00,13.1
2025-06-12 21:37:00,10.9
2025-06-12 16:32:00,46.1
2025-06-12 06:16:00,68.8
2025-06-12 04:50:00,34.6
2025-06-12 22:13:00,86.4
2025-06-12 02:36:00,70.3
2025-06-12 08:00:00,30.4
2025-06-12 13:41:00,8.7
2025-06-12 19:54:00,63.5
2025-06-12 08:06:00,57.9
2025-06-12 04:35:00,15.7
2025-06-12 15:06:00,49.86672560113154
2025-06-12 17:07:00,13.3
2025-06-12 17:20:00,49.86672560113154
2025-06-12 09:49:00,2.7
2025-06-12 05:08:00,58.3
2025-06-12 18:26:00,11.8
2025-06-12 19:11:00,49.86672560113154
2025-06-12 08:46:00,97.1
2025-06-12 23:11:00,49.86672560113154
2025-06-12 16:16:00,38.5
2025-06-12 18:09:00,50.6
2025-06-12 09:41:00,37.3
2025-06-12 16:32:00,54.7
2025-06-12 10:28:00,49.86672560113154
2025-06-12 21:19:00,9.3
2025-06-12 15:42:00,2.9
2025-06-12 04:18:00,4.4
2025-06-12 23:41:00,17.2
2025-06-12 00:32:00,36.8
2025-06-12 11:14:00,6.7
2025-06-12 16:01:00,57.0
2025-06-12 08:43:00,10.5
2025-06-12 01:04:00,0.9
2025-06-12 13:09:00,12.4
2025-06-12 00:51:00,14.9
2025-06-12 03:01:00,61.2
2025-06-12 13:26:00,52.0
2025-06-12 19:04:00,15.3
2025-06-12 18:46:00,45.0
2025-06-12 05:13:00,51.4
2025-06-12 23:58:00,50.8
2025-06-12 17:57:00,77.4
2025-06-12 07:30:00,49.86672560113154
2025-06-12 20:18:00,49.86672560113154
2025-06-12 16:09:00,14.2
2025-06-12 13:15:00,81.5
2025-06-12 11:06:00,77.6
2025-06-12 22:25:00,88.5
2025-06-12 11:13:00,47.7
2025-06-12 18:11:00,18.0
2025-06-12 23:22:00,88.3
2025-06-12 00:18:00,98.4
2025-06-12 12:44:00,83.8
2025-06-12 10:13:00,20.3
2025-06-12 17:06:00,25.0
2025-06-12 21:29:00,40.4
2025-06-12 04:05:00,3.9
2025-06-12 21:15:00,81.5
2025-06-12 07:21:00,61.3
2025-06-12 19:51:00,49.86672560113154
2025-06-12 11:42:00,98.6
2025-06-12 02:38:00,57.8
2025-06-12 18:45:00,18.7
2025-06-12 03:56:00,49.4
2025-06-12 23:25:00,99.4
2025-06-12 03:44:00,28.4
2025-06-12 02:52:00,7.1
2025-06-12 05:38:00,82.4
2025-06-12 08:35:00,31.8
2025-06-12 01:14:00,49.86672560113154
2025-06-12 20:10:00,94.0
2025-06-12 04:17:00,19.5
2025-06-12 11:51:00,85.1
2025-06-12 07:27:00,11.6
2025-06-12 13:53:00,24.4
2025-06-12 17:00:00,11.2
2025-06-12 18:12:00,16.8
2025-06-12 01:57:00,75.0
2025-06-12 15:15:00,42.0
2025-06-12 04:19:00,65.1
2025-06-12 10:41:00,70.2
2025-06-12 02:38:00,34.6
2025-06-12 18:50:00,11.6
2025-06-12 11:09:00,72.9
2025-06-12 21:56:00,57.3
2025-06-12 15:33:00,91.5
2025-06-12 01:54:00,97.5
2025-06-12 13:56:00,31.3
2025-06-12 05:00:00,43.4
2025-06-12 08:32:00,89.6
2025-06-12 08:01:00,65.5
2025-06-12 00:22:00,49.86672560113154
2025-06-12 02:36:00,75.9
2025-06-12 23:53:00,97.9
2025-06-12 20:38:00,18.7
2025-06-12 16:25:00,99.0
2025-06-12 01:00:00,49.86672560113154
2025-06-12 17:20:00,80.7
2025-06-12 14:20:00,47.1
2025-06-12 16:55:00,59.4
2025-06-12 01:28:00,92.3
2025-06-12 11:34:00,63.5
2025-06-12 19:54:00,49.86672560113154
2025-06-12 07:26:00,92.9
2025-06-12 18:49:00,49.86672560113154
2025-06-12 12:53:00,53.9
2025-06-12 15:58:00,77.5
2025-06-12 05:06:00,56.3
2025-06-12 14:19:00,25.4
2025-06-12 16:49:00,30.7
2025-06-12 03:56:00,44.6
2025-06-12 20:23:00,61.7
2025-06-12 08:44:00,85.5
2025-06-12 22:43:00,67.9
2025-06-12 02:39:00,92.7
2025-06-12 15:11:00,61.8
2025-06-12 18:43:00,44.4
2025-06-12 12:36:00,63.7
2025-06-12 01:59:00,72.5
2025-06-12 01:39:00,25.7
2025-06-12 07:06:00,71.8
2025-06-12 12:42:00,60.3
2025-06-12 07:56:00,52.4
2025-06-12 10:07:00,40.8
2025-06-12 00:55:00,49.86672560113154
2025-06-12 13:35:00,73.0
2025-06-12 04:47:00,82.1
2025-06-12 11:39:00,16.7
2025-06-12 05:25:00,89.0
2025-06-12 07:16:00,22.6
2025-06-12 20:47:00,37.8
2025-06-12 21:38:00,46.9
2025-06-12 08:34:00,36.0
2025-06-12 10:10:00,77.3
2025-06-12 18:44:00,52.7
2025-06-12 05:04:00,14.4
2025-06-12 04:30:00,33.9
2025-06-12 01:44:00,49.86672560113154
2025-06-12 09:35:00,19.5
2025-06-12 12:43:00,11.3
2025-06-12 22:31:00,49.86672560113154
2025-06-12 22:14:00,8.8
2025-06-12 14:41:00,49.86672560113154
2025-06-12 00:18:00,65.1
2025-06-12 10:23:00,44.6
2025-06-12 20:35:00,50.9
2025-06-12 13:27:00,64.7
2025-06-12 07:31:00,77.8
2025-06-12 05:51:00,40.2
2025-06-12 05:04:00,36.6
2025-06-12 06:39:00,49.86672560113154
2025-06-12 05:02:00,98.3
2025-06-12 22:00:00,88.3
2025-06-12 14:53:00,7.8
2025-06-12 01:22:00,47.3
2025-06-12 09:33:00,20.2
2025-06-12 18:22:00,14.5
2025-06-12 09:13:00,59.3
2025-06-12 04:30:00,7.1
2025-06-12 05:40:00,81.5
2025-06-12 17:26:00,63.6
2025-06-12 03:26:00,0.3
2025-06-12 19:06:00,53.5
2025-06-12 04:36:00,31.7
2025-06-12 03:29:00,49.86672560113154
2025-06-12 19:02:00,49.86672560113154
2025-06-12 01:37:00,1.5
2025-06-12 01:27:00,76.6
2025-06-12 23:32:00,43.0
2025-06-12 04:45:00,7.7
2025-06-12 06:14:00,18.1
2025-06-12 08:35:00,16.7
2025-06-12 17:23:00,49.86672560113154
2025-06-12 01:07:00,95.1
2025-06-12 20:24:00,49.86672560113154
2025-06-12 08:36:00,57.1
2025-06-12 12:50:00,49.86672560113154
2025-06-12 14:04:00,9.1
2025-06-12 16:24:00,49.86672560113154
2025-06-12 22:54:00,49.86672560113154
2025-06-12 20:00:00,43.2
2025-06-12 03:06:00,87.6
2025-06-12 11:00:00,15.6
2025-06-12 20:18:00,51.4
2025-06-12 18:59:00,13.5
2025-06-12 05:49:00,91.1
2025-06-12 20:37:00,49.86672560113154
2025-06-12 20:05:00,32.6
2025-06-12 19:49:00,18.1
2025-06-12 10:15:00,92.4
2025-06-12 14:54:00,13.4
2025-06-12 04:09:00,6.6
2025-06-12 09:08:00,15.0
2025-06-12 13:28:00,76.6
2025-06-12 14:13:00,29.5
2025-06-12 23:45:00,91.1
2025-06-12 05:53:00,52.1
2025-06-12 01:25:00,9.2
2025-06-12 06:04:00,41.6
2025-06-12 06:21:00,81.0
2025-06-12 17:24:00,62.4
2025-06-12 10:29:00,49.2
2025-06-12 06:29:00,76.6
2025-06-12 23:58:00,50.9
2025-06-12 16:04:00,37.1
2025-06-12 16:02:00,92.0
2025-06-12 08:17:00,73.9
2025-06-12 01:05:00,64.8
2025-06-12 10:01:00,64.4
2025-06-12 06:01:00,49.86672560113154
2025-06-12 00:34:00,11.1
2025-06-12 11:16:00,49.86672560113154
2025-06-12 05:27:00,69.7
2025-06-12 18:31:00,11.2
2025-06-12 07:54:00,37.4
2025-06-12 00:59:00,40.5
2025-06-12 05:00:00,76.4
2025-06-12 01:39:00,97.0
2025-06-12 09:14:00,25.8
2025-06-12 21:04:00,49.86672560113154
2025-06-12 15:21:00,57.2
2025-06-12 13:02:00,11.6
2025-06-12 18:44:00,66.5
2025-06-12 11:34:00,92.8
2025-06-12 11:55:00,70.1
2025-06-12 18:29:00,18.1
2025-06-12 04:31:00,9.2
2025-06-12 03:47:00,28.5
2025-06-12 07:44:00,49.86672560113154
2025-06-12 23:55:00,42.6
2025-06-12 07:57:00,49.86672560113154
2025-06-12 00:07:00,31.2
2025-06-12 16:35:00,96.8
2025-06-12 23:08:00,11.8
2025-06-12 10:33:00,71.4
2025-06-12 18:03:00,21.2
2025-06-12 21:30:00,56.1
2025-06-12 05:34:00,49.86672560113154
2025-06-12 11:28:00,68.8
2025-06-12 12:37:00,49.86672560113154
2025-06-12 03:48:00,2.0
2025-06-12 23:51:00,42.9
2025-06-12 11:13:00,57.6
2025-06-12 17:48:00,2.7
2025-06-12 08:15:00,66.1
2025-06-12 16:58:00,66.6
2025-06-12 06:52:00,60.6
2025-06-12 14:41:00,63.2
2025-06-12 19:37:00,21.0
2025-06-12 08:07:00,49.86672560113154
2025-06-12 16:26:00,31.3
2025-06-12 00:37:00,41.3
2025-06-12 19:31:00,65.1
2025-06-12 12:48:00,50.613932505273034
2025-06-12 07:08:00,0.8
2025-06-12 10:33:00,92.6
2025-06-12 18:20:00,97.6
2025-06-12 03:01:00,41.4
2025-06-12 19:01:00,66.2
2025-06-12 04:56:00,93.5
2025-06-12 11:53:00,85.9
2025-06-12 13:54:00,32.2
2025-06-12 01:54:00,75.3
2025-06-12 05:52:00,57.2
2025-06-12 06:56:00,88.1
2025-06-12 22:06:00,5.1
2025-06-12 06:38:00,82.3
2025-06-12 13:28:00,5.5
2025-06-12 20:35:00,89.3
2025-06-12 13:51:00,50.613932505273034
2025-06-12 11:21:00,68.4
2025-06-12 22:16:00,50.613932505273034
2025-06-12 01:12:00,16.2
2025-06-12 17:04:00,41.4
2025-06-12 01:13:00,3.4
2025-06-12 21:15:00,50.613932505273034
2025-06-12 14:23:00,47.7
2025-06-12 13:50:00,4.6
2025-06-12 06:57:00,1.3
2025-06-12 17:12:00,68.7
2025-06-12 06:12:00,50.613932505273034
2025-06-12 11:13:00,89.9
2025-06-12 16:45:00,96.9
2025-06-12 21:44:00,69.5
2025-06-12 18:00:00,96.7
2025-06-12 12:36:00,50.613932505273034
2025-06-12 19:27:00,39.2
2025-06-12 02:04:00,0.4
2025-06-12 05:41:00,39.0
2025-06-12 13:22:00,13.2
2025-06-12 08:44:00,44.2
2025-06-12 03:28:00,18.5
2025-06-12 00:34:00,27.2
2025-06-12 15:52:00,61.5
2025-06-12 15:05:00,59.4
2025-06-12 02:55:00,17.6
2025-06-12 03:38:00,14.7
2025-06-12 09:26:00,49.1
2025-06-12 11:14:00,36.7
2025-06-12 05:56:00,62.3
2025-06-12 17:05:00,54.6
2025-06-12 13:00:00,19.7
2025-06-12 17:50:00,91.7
2025-06-12 10:55:00,18.8
2025-06-12 09:21:00,87.1
2025-06-12 23:26:00,39.0
2025-06-12 13:35:00,43.8
2025-06-12 11:45:00,0.4
2025-06-12 04:45:00,50.613932505273034
2025-06-12 13:42:00,50.613932505273034
2025-06-12 01:57:00,99.6
2025-06-12 21:09:00,59.7
2025-06-12 14:27:00,32.2
2025-06-12 14:49:00,50.613932505273034
2025-06-12 14:04:00,94.6
2025-06-12 07:10:00,52.1
2025-06-12 00:32:00,77.0
2025-06-12 07:16:00,70.5
2025-06-12 02:43:00,2.8
2025-06-12 13:56:00,47.0
2025-06-12 15:54:00,75.4
2025-06-12 23:53:00,76.7
2025-06-12 11:52:00,47.3
2025-06-12 07:20:00,94.2
2025-06-12 14:19:00,14.8
2025-06-12 09:09:00,7.2
2025-06-12 09:41:00,6.0
2025-06-12 15:23:00,68.7
2025-06-12 14:29:00,7.4
2025-06-12 13:32:00,4.1
2025-06-12 12:32:00,27.2
2025-06-12 15:59:00,82.8
2025-06-12 06:34:00,68.3
2025-06-12 17:02:00,39.6
2025-06-12 18:22:00,10.6
2025-06-12 11:42:00,56.4
2025-06-12 01:02:00,59.7
2025-06-12 15:51:00,50.613932505273034
2025-06-12 06:24:00,5.6
2025-06-12 06:01:00,42.1
2025-06-12 21:01:00,17.8
2025-06-12 02:10:00,60.8
2025-06-12 14:38:00,50.613932505273034
2025-06-12 03:33:00,88.0
2025-06-12 17:20:00,67.5
2025-06-12 22:02:00,28.9
2025-06-12 18:23:00,95.7
2025-06-12 06:49:00,32.0
2025-06-12 06:11:00,50.613932505273034
2025-06-12 03:21:00,13.6
2025-06-12 00:58:00,26.8
2025-06-12 14:42:00,24.5
2025-06-12 12:18:00,31.8
2025-06-12 18:33:00,13.9
2025-06-12 11:15:00,35.8
2025-06-12 16:39:00,64.2
2025-06-12 03:34:00,44.5
2025-06-12 14:20:00,9.4
2025-06-12 05:39:00,46.4
2025-06-12 05:54:00,93.7
2025-06-12 08:16:00,44.6
2025-06-12 08:30:00,85.4
2025-06-12 00:12:00,50.613932505273034
2025-06-12 10:13:00,89.9
2025-06-12 07:31:00,52.8
2025-06-12 04:34:00,15.0
2025-06-12 09:37:00,38.6
2025-06-12 18:07:00,45.7
2025-06-12 20:57:00,81.9
2025-06-12 09:17:00,39.9
2025-06-12 02:10:00,13.0
2025-06-12 08:10:00,2.6
2025-06-12 21:18:00,72.6
2025-06-12 18:42:00,64.1
2025-06-12 01:00:00,78.3
2025-06-12 03:48:00,33.6
2025-06-12 13:02:00,36.9
2025-06-12 12:00:00,51.7
2025-06-12 00:58:00,60.0
2025-06-12 11:31:00,18.5
2025-06-12 23:15:00,42.6
2025-06-12 18:28:00,25.8
2025-06-12 20:19:00,50.613932505273034
2025-06-12 13:07:00,94.4
2025-06-12 04:41:00,97.3
2025-06-12 09:18:00,91.0
2025-06-12 13:02:00,64.2
2025-06-12 19:33:00,50.613932505273034
2025-06-12 05:19:00,31.0
2025-06-12 00:01:00,2.0
2025-06-12 05:47:00,42.2
2025-06-12 14:41:00,10.8
2025-06-12 19:16:00,50.613932505273034
2025-06-12 23:42:00,35.5
2025-06-12 06:10:00,28.1
2025-06-12 15:32:00,50.613932505273034
2025-06-12 14:27:00,63.2
2025-06-12 03:07:00,20.7
2025-06-12 22:32:00,34.5
2025-06-12 08:03:00,50.613932505273034
2025-06-12 10:35:00,25.8
2025-06-12 20:57:00,37.1
2025-06-12 18:25:00,50.613932505273034
2025-06-12 15:34:00,50.613932505273034
2025-06-12 05:18:00,50.613932505273034
2025-06-12 22:06:00,36.6
2025-06-12 20:37:00,85.0
2025-06-12 12:11:00,50.613932505273034
2025-06-12 18:43:00,50.613932505273034
2025-06-12 19:36:00,50.613932505273034
2025-06-12 02:01:00,18.8
2025-06-12 13:44:00,50.613932505273034
2025-06-12 22:35:00,42.0
2025-06-12 12:08:00,54.9
2025-06-12 22:10:00,57.3
2025-06-12 12:54:00,54.7
2025-06-12 05:25:00,80.7
2025-06-12 15:08:00,75.3
2025-06-12 15:49:00,53.9
2025-06-12 09:07:00,99.8
2025-06-12 19:54:00,47.4
2025-06-12 04:16:00,39.6
2025-06-12 01:42:00,74.0
2025-06-12 00:58:00,94.5
2025-06-12 06:28:00,89.8
2025-06-12 22:15:00,5.3
2025-06-12 05:56:00,37.6
2025-06-12 13:33:00,83.8
2025-06-12 22:24:00,50.9
2025-06-12 23:41:00,41.7
2025-06-12 11:06:00,28.0
2025-06-12 04:39:00,50.613932505273034
2025-06-12 18:25:00,20.0
2025-06-12 22:12:00,52.7
2025-06-12 06:42:00,23.9
2025-06-12 18:00:00,48.0
2025-06-12 01:15:00,96.6
2025-06-12 19:18:00,24.7
2025-06-12 00:05:00,87.8
2025-06-12 16:05:00,32.3
2025-06-12 23:22:00,50.5
2025-06-12 03:33:00,100.0
2025-06-12 02:40:00,81.1
2025-06-12 23:30:00,50.613932505273034
2025-06-12 19:30:00,37.2
2025-06-12 00:41:00,52.3
2025-06-12 01:22:00,4.1
2025-06-12 20:48:00,50.613932505273034
2025-06-12 06:58:00,44.1
2025-06-12 08:51:00,5.4
2025-06-12 10:20:00,50.613932505273034
2025-06-12 10:13:00,31.8
2025-06-12 04:01:00,72.4
2025-06-12 05:22:00,4.7
2025-06-12 06:45:00,41.7
2025-06-12 14:57:00,28.7
2025-06-12 08:16:00,99.0
2025-06-12 20:46:00,3.1
2025-06-12 22:31:00,50.613932505273034
2025-06-12 01:57:00,12.3
2025-06-12 04:04:00,85.3
2025-06-12 04:21:00,98.9
2025-06-12 12:01:00,50.613932505273034
2025-06-12 20:54:00,68.8
2025-06-12 16:38:00,16.6
2025-06-12 12:55:00,50.613932505273034
2025-06-12 16:17:00,42.7
2025-06-12 13:17:00,50.613932505273034
2025-06-12 06:57:00,82.4
2025-06-12 17:56:00,72.9
2025-06-12 11:16:00,93.4
2025-06-12 18:28:00,77.8
2025-06-12 12:54:00,69.6
2025-06-12 23:48:00,64.6
2025-06-12 22:10:00,50.613932505273034
2025-06-12 19:50:00,87.4
2025-06-12 19:30:00,26.2
2025-06-12 14:30:00,63.2
2025-06-12 14:50:00,20.4
2025-06-12 03:31:00,56.3
2025-06-12 18:07:00,50.613932505273034
2025-06-12 02:16:00,50.613932505273034
2025-06-12 19:44:00,68.7
2025-06-12 21:15:00,93.9
2025-06-12 19:53:00,60.7
2025-06-12 22:34:00,89.2
2025-06-12 11:29:00,50.613932505273034
2025-06-12 03:54:00,1.3
2025-06-12 17:08:00,19.9
2025-06-12 00:06:00,44.6
2025-06-12 09:37:00,6.5
2025-06-12 09:31:00,83.1
2025-06-12 23:02:00,85.8
2025-06-12 22:01:00,89.4
2025-06-12 17:03:00,82.5
2025-06-12 00:57:00,23.1
2025-06-12 01:48:00,99.7
2025-06-12 08:06:00,10.6
2025-06-12 04:04:00,25.0
2025-06-12 07:46:00,13.3
2025-06-12 00:47:00,19.7
2025-06-12 02:29:00,58.7
2025-06-12 08:20:00,50.613932505273034
2025-06-12 01:16:00,50.613932505273034
2025-06-12 21:02:00,93.5
2025-06-12 22:07:00,50.613932505273034
2025-06-12 18:04:00,99.1
2025-06-12 05:22:00,35.7
2025-06-12 23:06:00,64.3
2025-06-12 02:32:00,24.6
2025-06-12 14:37:00,41.2
2025-06-12 09:53:00,78.6
2025-06-12 04:48:00,68.3
2025-06-12 04:07:00,36.7
2025-06-12 16:41:00,70.1
2025-06-12 19:24:00,34.0
2025-06-12 20:05:00,80.9
2025-06-12 12:39:00,47.8
2025-06-12 01:14:00,95.0
2025-06-12 05:38:00,37.4
2025-06-12 20:01:00,50.613932505273034
2025-06-12 03:54:00,58.4
2025-06-12 01:14:00,78.2
2025-06-12 04:39:00,19.5
2025-06-12 20:54:00,0.5
2025-06-12 11:54:00,25.0
2025-06-12 14:20:00,9.7
2025-06-12 21:34:00,59.7
2025-06-12 16:58:00,9.8
2025-06-12 11:13:00,50.613932505273034
2025-06-12 09:03:00,98.9
2025-06-12 12:48:00,16.8
2025-06-12 05:52:00,53.1
2025-06-12 07:30:00,50.613932505273034
2025-06-12 21:02:00,50.613932505273034
2025-06-12 12:42:00,58.7
2025-06-12 16:54:00,66.9
2025-06-12 08:18:00,88.1
2025-06-12 03:05:00,11.9
2025-06-12 05:54:00,76.1
2025-06-12 12:36:00,6.3
2025-06-12 00:38:00,19.2
2025-06-12 05:24:00,94.3
2025-06-12 21:51:00,8.0
2025-06-12 23:13:00,59.0
2025-06-12 00:30:00,50.613932505273034
2025-06-12 22:00:00,34.2
2025-06-12 01:48:00,57.8
2025-06-12 02:54:00,59.3
2025-06-12 22:31:00,50.613932505273034
2025-06-12 21:04:00,4.1
2025-06-12 10:47:00,83.0
2025-06-12 21:52:00,63.2
2025-06-12 09:12:00,52.0
2025-06-12 03:45:00,44.6
2025-06-12 04:14:00,79.6
2025-06-12 18:29:00,12.0
2025-06-12 09:40:00,89.9
2025-06-12 07:09:00,28.2
2025-06-12 20:47:00,61.2
2025-06-12 02:22:00,45.8
2025-06-12 03:04:00,87.1
2025-06-12 15:02:00,53.6
2025-06-12 10:32:00,29.5
2025-06-12 01:32:00,73.1
2025-06-12 12:50:00,50.613932505273034
2025-06-12 15:17:00,23.2
2025-06-12 11:40:00,50.613932505273034
2025-06-12 15:56:00,71.6
2025-06-12 05:04:00,9.7
2025-06-12 07:34:00,50.3
2025-06-12 21:12:00,28.8
2025-06-12 22:47:00,50.613932505273034
2025-06-12 12:42:00,55.7
2025-06-12 20:10:00,18.1
2025-06-12 17:41:00,37.3
2025-06-12 06:43:00,87.4
2025-06-12 08:51:00,19.0
2025-06-12 03:51:00,36.7
2025-06-12 09:26:00,50.613932505273034
2025-06-12 09:06:00,98.4
2025-06-12 16:06:00,34.4
2025-06-12 08:07:00,33.9
2025-06-12 22:03:00,30.5
2025-06-12 17:18:00,24.6
2025-06-12 20:44:00,37.0
2025-06-12 05:24:00,54.8
2025-06-12 07:56:00,56.7
2025-06-12 00:30:00,89.4
2025-06-12 03:43:00,39.0
2025-06-12 10:57:00,50.613932505273034
2025-06-12 13:52:00,35.1
2025-06-12 18:47:00,79.1
2025-06-12 04:25:00,90.9
2025-06-12 23:20:00,77.1
2025-06-12 01:17:00,56.9
2025-06-12 22:56:00,81.4
2025-06-12 08:39:00,88.5
2025-06-12 15:24:00,12.3
2025-06-12 18:31:00,41.3
2025-06-12 11:26:00,0.9
2025-06-12 05:07:00,5.1
2025-06-12 08:41:00,18.0
2025-06-12 10:25:00,96.3
2025-06-12 16:40:00,39.7
2025-06-12 07:10:00,35.8
2025-06-12 21:59:00,52.6
2025-06-12 16:09:00,50.17195767195767
2025-06-12 01:36:00,18.6
2025-06-12 16:31:00,13.0
2025-06-12 14:24:00,18.5
2025-06-12 15:01:00,49.0
2025-06-12 10:18:00,14.9
2025-06-12 12:15:00,45.6
2025-06-12 19:25:00,41.4
2025-06-12 04:39:00,33.3
2025-06-12 16:12:00,50.17195767195767
2025-06-12 12:05:00,2.6
2025-06-12 14:54:00,67.5
2025-06-12 16:30:00,83.6
2025-06-12 05:00:00,30.2
2025-06-12 06:15:00,23.3
2025-06-12 01:54:00,71.2
2025-06-12 05:13:00,11.2
2025-06-12 16:25:00,50.17195767195767
2025-06-12 05:42:00,76.5
2025-06-12 04:45:00,57.4
2025-06-12 17:49:00,50.4
2025-06-12 07:29:00,0.1
2025-06-12 05:44:00,6.2
2025-06-12 10:45:00,76.3
2025-06-12 09:03:00,4.3
2025-06-12 07:48:00,50.17195767195767
2025-06-12 07:51:00,86.9
2025-06-12 12:14:00,50.17195767195767
2025-06-12 13:44:00,50.17195767195767
2025-06-12 19:57:00,42.5
2025-06-12 07:19:00,50.17195767195767
2025-06-12 06:20:00,44.9
2025-06-12 14:15:00,36.2
2025-06-12 13:00:00,54.9
2025-06-12 11:54:00,59.1
2025-06-12 08:30:00,50.17195767195767
2025-06-12 00:40:00,62.7
2025-06-12 13:04:00,47.8
2025-06-12 15:33:00,50.17195767195767
2025-06-12 15:17:00,55.1
2025-06-12 13:36:00,34.4
2025-06-12 03:48:00,68.6
2025-06-12 15:53:00,62.0
2025-06-12 07:38:00,93.1
2025-06-12 01:30:00,3.3
2025-06-12 11:10:00,67.9
2025-06-12 02:49:00,50.17195767195767
2025-06-12 16:00:00,65.0
2025-06-12 06:56:00,25.7
2025-06-12 19:33:00,24.7
2025-06-12 00:26:00,49.7
2025-06-12 16:54:00,67.0
2025-06-12 18:11:00,59.1
2025-06-12 21:20:00,67.2
2025-06-12 01:31:00,31.2
2025-06-12 08:55:00,58.4
2025-06-12 14:31:00,4.2
2025-06-12 03:30:00,50.17195767195767
2025-06-12 21:51:00,50.17195767195767
2025-06-12 10:06:00,46.9
2025-06-12 01:09:00,90.9
2025-06-12 06:44:00,42.8
2025-06-12 06:35:00,63.5
2025-06-12 03:20:00,28.1
2025-06-12 06:30:00,50.17195767195767
2025-06-12 19:56:00,6.5
2025-06-12 12:12:00,81.9
2025-06-12 16:01:00,50.17195767195767
2025-06-12 04:55:00,25.7
2025-06-12 13:10:00,97.5
2025-06-12 04:50:00,29.7
2025-06-12 06:18:00,30.3
2025-06-12 19:47:00,50.17195767195767
2025-06-12 03:47:00,50.17195767195767
2025-06-12 21:42:00,40.8
2025-06-12 15:14:00,53.6
2025-06-12 01:11:00,89.1
2025-06-12 07:30:00,82.6
2025-06-12 05:26:00,28.5
2025-06-12 00:10:00,50.17195767195767
2025-06-12 22:18:00,62.9
2025-06-12 03:39:00,18.4
2025-06-12 10:56:00,19.7
2025-06-12 22:39:00,50.17195767195767
2025-06-12 15:16:00,13.7
2025-06-12 07:07:00,50.17195767195767
2025-06-12 05:17:00,96.3
2025-06-12 22:30:00,50.17195767195767
2025-06-12 20:27:00,61.1
2025-06-12 23:18:00,37.3
2025-06-12 08:11:00,62.6
2025-06-12 02:35:00,50.17195767195767
2025-06-12 17:16:00,68.8
2025-06-12 13:57:00,50.7
2025-06-12 13:01:00,63.0
2025-06-12 18:48:00,56.6
2025-06-12 13:37:00,76.4
2025-06-12 21:33:00,67.9
2025-06-12 01:16:00,77.6
2025-06-12 07:48:00,51.3
2025-06-12 08:07:00,32.5
2025-06-12 23:33:00,50.17195767195767
2025-06-12 13:55:00,31.6
2025-06-12 14:21:00,57.0
2025-06-12 07:35:00,72.0
2025-06-12 07:50:00,82.1
2025-06-12 08:35:00,97.7
2025-06-12 08:26:00,50.17195767195767
2025-06-12 19:01:00,46.6
2025-06-12 14:20:00,20.6
2025-06-12 02:21:00,47.8
2025-06-12 10:36:00,21.5
2025-06-12 08:35:00,0.9
2025-06-12 00:56:00,7.2
2025-06-12 10:32:00,81.4
2025-06-12 05:45:00,50.17195767195767
2025-06-12 03:32:00,90.3
2025-06-12 21:10:00,38.4
2025-06-12 10:24:00,50.17195767195767
2025-06-12 06:55:00,50.17195767195767
2025-06-12 13:39:00,34.2
2025-06-12 19:47:00,76.5
2025-06-12 04:14:00,50.17195767195767
2025-06-12 00:39:00,22.3
2025-06-12 20:49:00,90.8
2025-06-12 12:42:00,5.9
2025-06-12 11:49:00,73.6
2025-06-12 15:01:00,40.6
2025-06-12 04:26:00,50.17195767195767
2025-06-12 23:51:00,25.3
2025-06-12 09:31:00,30.3
2025-06-12 04:31:00,90.9
2025-06-12 07:37:00,12.4
2025-06-12 02:01:00,50.17195767195767
2025-06-12 13:07:00,86.2
2025-06-12 14:58:00,19.6
2025-06-12 01:34:00,86.1
2025-06-12 11:46:00,84.8
2025-06-12 11:24:00,50.17195767195767
2025-06-12 04:45:00,63.2
2025-06-12 04:29:00,16.0
2025-06-12 03:46:00,55.9
2025-06-12 07:04:00,76.9
2025-06-12 11:02:00,25.7
2025-06-12 10:03:00,50.17195767195767
2025-06-12 13:49:00,50.17195767195767
2025-06-12 08:39:00,57.2
2025-06-12 06:16:00,48.7
2025-06-12 17:18:00,8.9
2025-06-12 11:11:00,77.7
2025-06-12 16:08:00,8.0
2025-06-12 03:55:00,50.17195767195767
2025-06-12 02:07:00,17.9
2025-06-12 20:00:00,86.9
2025-06-12 04:19:00,76.3
2025-06-12 01:50:00,46.1
2025-06-12 03:27:00,82.5
2025-06-12 02:57:00,45.5
2025-06-12 03:08:00,69.8
2025-06-12 04:40:00,35.7
2025-06-12 19:14:00,60.5
2025-06-12 11:15:00,50.17195767195767
2025-06-12 09:36:00,50.17195767195767
2025-06-12 03:25:00,6.3
2025-06-12 16:52:00,50.17195767195767
2025-06-12 16:36:00,10.7
2025-06-12 04:01:00,74.3
2025-06-12 04:47:00,32.2
2025-06-12 14:52:00,50.17195767195767
2025-06-12 08:47:00,76.1
2025-06-12 00:29:00,43.6
2025-06-12 12:06:00,89.1
2025-06-12 16:28:00,40.4
2025-06-12 04:04:00,21.6
2025-06-12 15:58:00,62.1
2025-06-12 02:14:00,50.17195767195767
2025-06-12 23:00:00,91.2
2025-06-12 18:28:00,24.9
2025-06-12 07:38:00,38.0
2025-06-12 21:15:00,48.6
2025-06-12 07:19:00,50.17195767195767
2025-06-12 12:14:00,50.17195767195767
2025-06-12 01:50:00,35.3
2025-06-12 05:29:00,49.7
2025-06-12 17:50:00,77.7
2025-06-12 10:18:00,22.9
2025-06-12 07:41:00,29.2
2025-06-12 12:49:00,92.9
2025-06-12 11:42:00,56.8
2025-06-12 16:06:00,9.6
2025-06-12 14:23:00,50.17195767195767
2025-06-12 21:50:00,12.3
2025-06-12 06:52:00,87.1
2025-06-12 11:34:00,25.9
2025-06-12 10:04:00,54.0
2025-06-12 07:25:00,21.5
2025-06-12 03:49:00,57.0
2025-06-12 06:18:00,55.0
2025-06-12 02:15:00,50.17195767195767
2025-06-12 23:59:00,46.0
2025-06-12 18:51:00,80.3
2025-06-12 19:53:00,31.4
2025-06-12 06:47:00,62.5
2025-06-12 18:04:00,42.0
2025-06-12 04:04:00,35.2
2025-06-12 10:58:00,81.9
2025-06-12 13:46:00,3.1
2025-06-12 23:34:00,62.7
2025-06-12 03:32:00,44.3
2025-06-12 21:43:00,50.17195767195767
2025-06-12 16:21:00,90.6
2025-06-12 01:32:00,67.4
2025-06-12 19:37:00,34.3
2025-06-12 18:41:00,83.4
2025-06-12 16:04:00,48.4
2025-06-12 18:28:00,98.1
2025-06-12 02:58:00,67.9
2025-06-12 07:13:00,15.9
2025-06-12 10:56:00,46.8
2025-06-12 21:11:00,11.5
2025-06-12 09:09:00,52.4
2025-06-12 03:21:00,56.3
2025-06-12 07:41:00,81.7
2025-06-12 17:30:00,15.3
2025-06-12 09:29:00,19.3
2025-06-12 04:32:00,50.17195767195767
2025-06-12 11:18:00,73.5
2025-06-12 15:26:00,86.2
2025-06-12 12:55:00,44.7
2025-06-12 05:14:00,42.0
2025-06-12 10:01:00,68.2
2025-06-12 14:56:00,32.6
2025-06-12 06:53:00,31.4
2025-06-12 17:21:00,69.8
2025-06-12 06:12:00,12.1
2025-06-12 21:52:00,60.3
2025-06-12 12:32:00,77.0
2025-06-12 03:02:00,50.17195767195767
2025-06-12 18:50:00,18.3
2025-06-12 19:41:00,68.8
2025-06-12 09:39:00,71.1
2025-06-12 00:10:00,50.17195767195767
2025-06-12 04:27:00,30.5
2025-06-12 09:40:00,56.1
2025-06-12 18:13:00,13.1
2025-06-12 18:01:00,77.2
2025-06-12 07:17:00,40.0
2025-06-12 20:52:00,32.5
2025-06-12 22:46:00,76.1
2025-06-12 08:34:00,50.17195767195767
2025-06-12 18:33:00,59.1
2025-06-12 20:02:00,10.8
2025-06-12 03:53:00,83.1
2025-06-12 01:20:00,23.5
2025-06-12 21:59:00,14.4
2025-06-12 14:59:00,30.0
2025-06-12 07:58:00,62.6
2025-06-12 03:28:00,66.4
2025-06-12 08:44:00,58.7
2025-06-12 15:13:00,22.6
2025-06-12 06:01:00,3.5
2025-06-12 22:01:00,70.1
2025-06-12 10:21:00,16.3
2025-06-12 01:30:00,58.6
2025-06-12 16:55:00,56.2
2025-06-12 23:36:00,69.6
2025-06-12 21:08:00,50.17195767195767
2025-06-12 21:55:00,51.4
2025-06-12 17:00:00,91.1
2025-06-12 05:56:00,50.3
2025-06-12 12:34:00,25.2
2025-06-12 01:06:00,90.9
2025-06-12 22:46:00,89.2
2025-06-12 22:36:00,99.4
2025-06-12 02:58:00,9.3
2025-06-12 10:10:00,90.3
2025-06-12 20:36:00,1.7
2025-06-12 20:08:00,9.3
2025-06-12 09:36:00,15.5
2025-06-12 03:59:00,48.5
2025-06-12 10:44:00,56.8
2025-06-12 09:25:00,6.5
2025-06-12 21:36:00,68.8
2025-06-12 23:32:00,49.2
2025-06-12 13:09:00,74.5
2025-06-12 09:06:00,30.6
2025-06-12 19:34:00,28.1
2025-06-12 18:12:00,50.17195767195767
2025-06-12 05:07:00,89.3
2025-06-12 23:40:00,61.4
2025-06-12 21:02:00,68.4
2025-06-12 21:11:00,44.3
2025-06-12 21:03:00,71.1
2025-06-12 22:00:00,47.4
2025-06-12 06:22:00,31.8
2025-06-12 09:37:00,19.7
2025-06-12 10:57:00,50.17195767195767
2025-06-12 14:06:00,21.5
2025-06-12 10:55:00,84.6
2025-06-12 03:15:00,18.0
2025-06-12 09:14:00,91.7
2025-06-12 07:34:00,50.8
2025-06-12 21:39:00,26.6
2025-06-12 03:34:00,81.5
2025-06-12 12:08:00,32.3
2025-06-12 00:38:00,88.9
2025-06-12 07:44:00,18.7
2025-06-12 12:41:00,46.4
2025-06-12 06:14:00,96.8
2025-06-12 22:42:00,95.4
2025-06-12 23:13:00,56.7
2025-06-12 04:01:00,0.9
2025-06-12 04:29:00,50.17195767195767
2025-06-12 20:33:00,54.7
2025-06-12 20:11:00,12.8
2025-06-12 03:11:00,45.2
2025-06-12 21:33:00,97.7
2025-06-12 02:19:00,87.6
2025-06-12 02:39:00,33.8
2025-06-12 03:52:00,84.4
2025-06-12 14:45:00,65.0
2025-06-12 14:03:00,41.7
2025-06-12 15:35:00,72.0
2025-06-12 11:40:00,60.2
2025-06-12 05:51:00,20.7
2025-06-12 19:30:00,90.0
2025-06-12 16:53:00,14.1
2025-06-12 20:43:00,49.69252501471454
2025-06-12 13:25:00,37.8
2025-06-12 11:30:00,49.69252501471454
2025-06-12 10:18:00,31.4
2025-06-12 22:10:00,81.6
2025-06-12 10:31:00,28.2
2025-06-12 23:09:00,30.2
2025-06-12 14:07:00,60.4
2025-06-12 15:22:00,70.6
2025-06-12 18:36:00,17.8
2025-06-12 18:43:00,26.7
2025-06-12 16:34:00,85.5
2025-06-12 14:22:00,95.2
2025-06-12 23:25:00,68.4
2025-06-12 06:27:00,24.6
2025-06-12 21:01:00,49.69252501471454
2025-06-12 00:08:00,14.5
2025-06-12 10:29:00,2.5
2025-06-12 09:58:00,25.4
2025-06-12 17:07:00,49.69252501471454
2025-06-12 03:01:00,34.7
2025-06-12 02:27:00,61.3
2025-06-12 19:53:00,93.1
2025-06-12 15:26:00,90.6
2025-06-12 23:27:00,44.2
2025-06-12 06:28:00,49.69252501471454
2025-06-12 12:32:00,49.69252501471454
2025-06-12 09:31:00,71.2
2025-06-12 04:19:00,97.9
2025-06-12 07:27:00,68.3
2025-06-12 07:31:00,4.2
2025-06-12 12:18:00,49.69252501471454
2025-06-12 08:40:00,17.2
2025-06-12 18:31:00,94.4
2025-06-12 01:26:00,89.1
2025-06-12 18:30:00,33.4
2025-06-12 17:04:00,49.69252501471454
2025-06-12 19:27:00,89.1
2025-06-12 13:59:00,73.9
2025-06-12 13:18:00,90.0
2025-06-12 22:12:00,84.1
2025-06-12 23:16:00,75.3
2025-06-12 03:23:00,56.1
2025-06-12 21:39:00,65.3
2025-06-12 05:25:00,37.8
2025-06-12 05:44:00,56.0
2025-06-12 22:29:00,63.3
2025-06-12 22:25:00,57.9
2025-06-12 04:43:00,83.2
2025-06-12 02:00:00,47.7
2025-06-12 16:08:00,97.2
2025-06-12 14:51:00,49.69252501471454
2025-06-12 19:44:00,9.6
2025-06-12 08:04:00,20.1
2025-06-12 02:17:00,49.69252501471454
2025-06-12 04:03:00,79.7
2025-06-12 22:20:00,26.4
2025-06-12 21:12:00,48.6
2025-06-12 18:18:00,7.4
2025-06-12 09:42:00,49.69252501471454
2025-06-12 22:56:00,42.9
2025-06-12 15:52:00,18.9
2025-06-12 09:33:00,73.1
2025-06-12 16:31:00,90.8
2025-06-12 10:37:00,73.7
2025-06-12 23:20:00,37.9
2025-06-12 00:10:00,5.7
2025-06-12 06:12:00,49.69252501471454
2025-06-12 21:42:00,71.0
2025-06-12 20:30:00,32.6
2025-06-12 08:31:00,2.7
2025-06-12 10:00:00,49.69252501471454
2025-06-12 13:29:00,4.2
2025-06-12 17:47:00,21.8
2025-06-12 20:47:00,49.69252501471454
2025-06-12 14:52:00,25.9
2025-06-12 12:23:00,42.5
2025-06-12 23:59:00,33.7
2025-06-12 21:24:00,49.69252501471454
2025-06-12 14:11:00,17.2
2025-06-12 04:07:00,49.69252501471454
2025-06-12 17:02:00,37.4
2025-06-12 15:51:00,17.6
2025-06-12 05:09:00,82.6
2025-06-12 14:18:00,33.2
2025-06-12 11:38:00,88.1
2025-06-12 02:49:00,35.6
2025-06-12 01:06:00,41.4
2025-06-12 01:17:00,50.3
2025-06-12 01:14:00,29.2
2025-06-12 04:26:00,49.69252501471454
2025-06-12 23:24:00,37.3
2025-06-12 02:53:00,49.69252501471454
2025-06-12 08:32:00,1.5
2025-06-12 03:46:00,49.69252501471454
2025-06-12 20:54:00,67.5
2025-06-12 07:06:00,1.1
2025-06-12 04:40:00,96.2
2025-06-12 16:11:00,49.69252501471454
2025-06-12 17:59:00,78.5
2025-06-12 00:14:00,3.4
2025-06-12 04:53:00,51.5
2025-06-12 08:14:00,81.2
2025-06-12 10:10:00,94.6
2025-06-12 17:00:00,94.6
2025-06-12 22:36:00,41.8
2025-06-12 17:50:00,70.3
2025-06-12 02:46:00,38.0
2025-06-12 22:05:00,38.0
2025-06-12 02:13:00,39.6
2025-06-12 10:33:00,58.5
2025-06-12 14:04:00,48.9
2025-06-12 06:27:00,49.69252501471454
2025-06-12 21:58:00,19.0
2025-06-12 22:10:00,51.5
2025-06-12 23:29:00,87.5
2025-06-12 21:49:00,35.2
2025-06-12 12:31:00,60.5
2025-06-12 02:26:00,80.5
2025-06-12 13:39:00,49.69252501471454
2025-06-12 04:49:00,8.5
2025-06-12 10:01:00,49.69252501471454
2025-06-12 00:57:00,95.6
2025-06-12 18:05:00,39.8
2025-06-12 13:02:00,74.5
2025-06-12 01:09:00,10.5
2025-06-12 19:39:00,19.7
2025-06-12 00:25:00,49.69252501471454
2025-06-12 01:19:00,67.7
2025-06-12 13:00:00,34.3
2025-06-12 00:10:00,97.6
2025-06-12 21:51:00,98.3
2025-06-12 07:07:00,60.5
2025-06-12 16:40:00,12.4
2025-06-12 15:42:00,63.2
2025-06-12 03:55:00,88.9
2025-06-12 08:17:00,98.2
2025-06-12 09:44:00,31.6
2025-06-12 18:11:00,92.1
2025-06-12 09:53:00,63.0
2025-06-12 16:00:00,81.5
2025-06-12 05:58:00,56.2
2025-06-12 18:01:00,51.4
2025-06-12 12:40:00,63.1
2025-06-12 22:35:00,7.6
2025-06-12 10:41:00,38.6
2025-06-12 15:01:00,4.6
2025-06-12 23:06:00,7.4
2025-06-12 01:18:00,54.0
2025-06-12 09:20:00,68.8
2025-06-12 07:22:00,13.4
2025-06-12 10:06:00,67.6
2025-06-12 22:31:00,7.5
2025-06-12 02:22:00,61.7
2025-06-12 02:48:00,29.5
2025-06-12 20:47:00,50.7
2025-06-12 12:10:00,10.9
2025-06-12 01:15:00,49.69252501471454
2025-06-12 11:16:00,95.7
2025-06-12 16:27:00,6.7
2025-06-12 15:09:00,63.2
2025-06-12 20:09:00,14.6
2025-06-12 17:10:00,96.5
2025-06-12 02:56:00,38.7
2025-06-12 13:10:00,42.6
2025-06-12 11:53:00,21.4
2025-06-12 23:11:00,83.5
2025-06-12 19:45:00,49.69252501471454
2025-06-12 07:30:00,43.6
2025-06-12 22:34:00,67.6
2025-06-12 04:01:00,31.4
2025-06-12 12:24:00,53.7
2025-06-12 04:03:00,85.9
2025-06-12 01:08:00,90.0
2025-06-12 13:34:00,67.6
2025-06-12 04:35:00,69.1
2025-06-12 19:48:00,94.4
2025-06-12 08:39:00,99.0
2025-06-12 15:35:00,52.5
2025-06-12 16:12:00,29.7
2025-06-12 01:31:00,38.4
2025-06-12 06:27:00,13.0
2025-06-12 12:37:00,20.1
2025-06-12 18:01:00,84.8
2025-06-12 09:56:00,75.5
2025-06-12 01:46:00,73.6
2025-06-12 19:14:00,50.3
2025-06-12 12:59:00,68.8
2025-06-12 16:27:00,33.7
2025-06-12 15:29:00,41.3
2025-06-12 05:38:00,37.9
2025-06-12 09:57:00,43.5
2025-06-12 17:06:00,19.3
2025-06-12 00:26:00,3.9
2025-06-12 19:27:00,78.1
2025-06-12 13:28:00,6.1
2025-06-12 12:42:00,50.9
2025-06-12 04:31:00,44.7
2025-06-12 18:44:00,22.1
2025-06-12 07:30:00,7.0
2025-06-12 10:36:00,49.69252501471454
2025-06-12 21:47:00,77.8
2025-06-12 11:19:00,70.5
2025-06-12 23:04:00,49.69252501471454
2025-06-12 22:25:00,26.4
2025-06-12 08:40:00,12.6
2025-06-12 19:19:00,49.69252501471454
2025-06-12 18:17:00,58.6
2025-06-12 06:23:00,36.5
2025-06-12 10:01:00,92.6
2025-06-12 16:16:00,67.6
2025-06-12 04:56:00,85.8
2025-06-12 12:09:00,90.8
2025-06-12 04:57:00,16.0
2025-06-12 08:40:00,65.7
2025-06-12 15:32:00,49.69252501471454
2025-06-12 19:44:00,6.8
2025-06-12 00:16:00,5.1
2025-06-12 18:37:00,94.1
2025-06-12 04:03:00,1.4
2025-06-12 13:46:00,49.69252501471454
2025-06-12 23:33:00,59.3
2025-06-12 16:27:00,49.69252501471454
2025-06-12 12:24:00,49.69252501471454
2025-06-12 16:36:00,63.3
2025-06-12 21:26:00,7.0
2025-06-12 11:17:00,39.3
2025-06-12 22:30:00,42.7
2025-06-12 04:37:00,17.4
2025-06-12 08:46:00,76.6
2025-06-12 05:29:00,79.1
2025-06-12 08:42:00,83.6
2025-06-12 11:21:00,14.9
2025-06-12 23:08:00,71.8
2025-06-12 13:47:00,28.9
2025-06-12 17:03:00,49.69252501471454
2025-06-12 08:02:00,42.0
2025-06-12 04:53:00,87.4
2025-06-12 18:14:00,36.4
2025-06-12 05:21:00,64.2
2025-06-12 22:47:00,14.3
2025-06-12 16:52:00,55.8
2025-06-12 13:40:00,86.1
2025-06-12 16:41:00,52.0
2025-06-12 17:39:00,84.7
2025-06-12 11:50:00,22.9
2025-06-12 22:40:00,89.4
2025-06-12 22:59:00,49.69252501471454
2025-06-12 02:16:00,72.4
2025-06-12 01:32:00,94.8
2025-06-12 19:49:00,1.9
2025-06-12 05:39:00,92.5
2025-06-12 06:04:00,49.69252501471454
2025-06-12 11:56:00,49.69252501471454
2025-06-12 13:10:00,59.5
2025-06-12 16:32:00,56.1
2025-06-12 17:07:00,73.6
2025-06-12 01:48:00,63.3
2025-06-12 06:07:00,48.8
2025-06-12 02:31:00,66.4
2025-06-12 12:49:00,44.4
2025-06-12 11:40:00,93.0
2025-06-12 18:32:00,65.7
2025-06-12 23:09:00,11.3
2025-06-12 09:53:00,63.1
2025-06-12 10:25:00,48.5
2025-06-12 00:20:00,64.3
2025-06-12 03:29:00,51.6
2025-06-12 20:14:00,49.69252501471454
2025-06-12 11:40:00,89.1
2025-06-12 16:44:00,77.0
2025-06-12 10:35:00,49.69252501471454
2025-06-12 07:20:00,49.69252501471454
2025-06-12 04:59:00,82.3
2025-06-12 19:28:00,49.69252501471454
2025-06-12 20:43:00,50.7
2025-06-12 18:38:00,77.5
2025-06-12 14:34:00,51.7
2025-06-12 09:49:00,31.6
2025-06-12 06:23:00,70.3
2025-06-12 23:57:00,10.9
2025-06-12 00:28:00,49.69252501471454
2025-06-12 12:48:00,63.7
2025-06-12 06:14:00,49.69252501471454
2025-06-12 00:03:00,54.5
2025-06-12 10:11:00,84.2
2025-06-12 01:38:00,9.5
2025-06-12 17:18:00,81.8
2025-06-12 21:27:00,87.3
2025-06-12 15:21:00,47.8
2025-06-12 10:52:00,77.3
2025-06-12 13:44:00,68.6
2025-06-12 08:38:00,60.5
2025-06-12 02:16:00,95.2
2025-06-12 00:06:00,55.1
2025-06-12 06:03:00,90.8
2025-06-12 23:00:00,69.6
2025-06-12 22:09:00,20.7
2025-06-12 19:51:00,82.3
2025-06-12 01:41:00,23.9
2025-06-12 18:06:00,22.6
2025-06-12 12:56:00,30.7
2025-06-12 09:04:00,50.2
2025-06-12 05:05:00,40.9
2025-06-12 16:20:00,58.4
2025-06-12 13:57:00,30.3
2025-06-12 00:10:00,80.7
2025-06-12 20:16:00,49.69252501471454
2025-06-12 19:05:00,3.5
2025-06-12 04:23:00,3.7
2025-06-12 21:42:00,49.69252501471454
2025-06-12 00:36:00,49.69252501471454
2025-06-12 23:20:00,25.8
2025-06-12 17:28:00,92.4
2025-06-12 03:33:00,49.69252501471454
2025-06-12 03:17:00,21.9
2025-06-12 05:12:00,90.6
2025-06-12 03:18:00,28.0
2025-06-12 14:43:00,73.8
2025-06-12 10:41:00,82.1
2025-06-12 12:56:00,77.1
2025-06-12 06:32:00,1.1
2025-06-12 23:28:00,66.6
2025-06-12 18:03:00,0.7
2025-06-12 18:03:00,96.7
2025-06-12 03:00:00,69.0
2025-06-12 03:21:00,36.0
2025-06-12 02:22:00,2.4
2025-06-12 06:26:00,22.0
2025-06-12 04:57:00,28.5
2025-06-12 09:22:00,3.1
2025-06-12 07:40:00,84.1
2025-06-12 03:01:00,65.2
2025-06-12 21:32:00,18.2
2025-06-12 13:17:00,49.88181818181819
2025-06-12 11:25:00,34.1
2025-06-12 08:47:00,49.88181818181819
2025-06-12 19:25:00,37.7
2025-06-12 04:00:00,58.6
2025-06-12 05:24:00,49.88181818181819
2025-06-12 06:24:00,36.0
2025-06-12 01:02:00,91.7
2025-06-12 00:37:00,45.9
2025-06-12 16:56:00,50.9
2025-06-12 12:59:00,49.88181818181819
2025-06-12 02:06:00,95.3
2025-06-12 05:29:00,49.88181818181819
2025-06-12 05:35:00,99.1
2025-06-12 19:57:00,4.4
2025-06-12 17:15:00,57.3
2025-06-12 18:10:00,93.4
2025-06-12 21:02:00,81.0
2025-06-12 16:09:00,92.0
2025-06-12 17:56:00,49.88181818181819
2025-06-12 19:44:00,47.1
2025-06-12 11:30:00,69.5
2025-06-12 00:13:00,1.5
2025-06-12 04:44:00,4.9
2025-06-12 11:59:00,91.1
2025-06-12 06:44:00,84.3
2025-06-12 08:18:00,49.88181818181819
2025-06-12 20:21:00,71.0
2025-06-12 00:29:00,60.8
2025-06-12 07:14:00,9.7
2025-06-12 18:48:00,98.8
2025-06-12 13:05:00,19.1
2025-06-12 17:53:00,76.9
2025-06-12 04:04:00,45.8
2025-06-12 23:04:00,59.2
2025-06-12 17:43:00,49.88181818181819
2025-06-12 01:28:00,63.0
2025-06-12 01:41:00,28.4
2025-06-12 15:35:00,77.2
2025-06-12 01:30:00,14.9
2025-06-12 15:52:00,49.88181818181819
2025-06-12 08:23:00,49.88181818181819
2025-06-12 13:41:00,89.3
2025-06-12 09:13:00,64.7
2025-06-12 11:23:00,89.9
2025-06-12 21:10:00,36.4
2025-06-12 04:42:00,49.88181818181819
2025-06-12 19:16:00,49.9
2025-06-12 00:41:00,37.4
2025-06-12 06:13:00,44.8
2025-06-12 00:26:00,31.9
2025-06-12 23:38:00,33.9
2025-06-12 01:21:00,49.88181818181819
2025-06-12 17:30:00,32.0
2025-06-12 12:37:00,97.7
2025-06-12 12:29:00,36.4
2025-06-12 12:34:00,49.88181818181819
2025-06-12 08:23:00,59.4
2025-06-12 11:27:00,63.9
2025-06-12 18:15:00,6.5
2025-06-12 23:53:00,40.2
2025-06-12 17:56:00,69.2
2025-06-12 18:07:00,68.8
2025-06-12 20:59:00,33.0
2025-06-12 06:24:00,18.2
2025-06-12 15:07:00,24.7
2025-06-12 21:19:00,46.7
2025-06-12 14:05:00,97.0
2025-06-12 21:00:00,30.2
2025-06-12 04:06:00,85.0
2025-06-12 13:21:00,49.88181818181819
2025-06-12 15:05:00,98.4
2025-06-12 12:36:00,95.3
2025-06-12 14:48:00,23.8
2025-06-12 20:55:00,31.7
2025-06-12 04:56:00,48.9
2025-06-12 20:54:00,67.1
2025-06-12 18:41:00,77.2
2025-06-12 06:51:00,2.2
2025-06-12 22:27:00,41.0
2025-06-12 17:53:00,31.8
2025-06-12 08:52:00,16.3
2025-06-12 07:26:00,49.88181818181819
2025-06-12 08:25:00,63.8
2025-06-12 09:03:00,53.7
2025-06-12 21:34:00,13.1
2025-06-12 03:36:00,49.88181818181819
2025-06-12 01:04:00,49.88181818181819
2025-06-12 21:01:00,32.8
2025-06-12 18:57:00,8.6
2025-06-12 20:50:00,49.88181818181819
2025-06-12 23:58:00,2.6
2025-06-12 09:12:00,62.7
2025-06-12 03:26:00,33.1
2025-06-12 05:48:00,49.88181818181819
2025-06-12 15:31:00,38.9
2025-06-12 19:14:00,50.0
2025-06-12 21:06:00,49.88181818181819
2025-06-12 17:04:00,24.6
2025-06-12 02:01:00,16.3
2025-06-12 05:41:00,2.3
2025-06-12 07:05:00,63.5
2025-06-12 23:29:00,21.7
2025-06-12 08:48:00,82.7
2025-06-12 18:05:00,19.0
2025-06-12 02:48:00,30.0
2025-06-12 00:08:00,42.4
2025-06-12 02:50:00,56.0
2025-06-12 22:03:00,61.8
2025-06-12 20:18:00,97.0
2025-06-12 23:53:00,38.2
2025-06-12 05:10:00,97.4
2025-06-12 06:48:00,79.8
2025-06-12 02:49:00,49.88181818181819
2025-06-12 19:25:00,70.8
2025-06-12 13:30:00,57.9
2025-06-12 08:21:00,13.0
2025-06-12 12:41:00,80.9
2025-06-12 16:39:00,68.9
2025-06-12 04:21:00,49.88181818181819
2025-06-12 23:08:00,55.7
2025-06-12 15:14:00,17.4
2025-06-12 17:21:00,48.1
2025-06-12 16:07:00,4.1
2025-06-12 14:05:00,37.3
2025-06-12 22:44:00,26.3
2025-06-12 22:03:00,49.88181818181819
2025-06-12 21:53:00,36.4
2025-06-12 05:04:00,72.6
2025-06-12 04:25:00,97.4
2025-06-12 10:59:00,12.7
2025-06-12 17:24:00,96.9
2025-06-12 22:42:00,15.1
2025-06-12 13:59:00,99.1
2025-06-12 07:13:00,42.0
2025-06-12 15:26:00,36.7
2025-06-12 02:25:00,95.7
2025-06-12 09:05:00,86.9
2025-06-12 12:12:00,44.7
2025-06-12 11:40:00,64.4
2025-06-12 09:01:00,50.1
2025-06-12 08:39:00,71.9
2025-06-12 04:07:00,83.4
2025-06-12 03:13:00,33.7
2025-06-12 14:31:00,49.88181818181819
2025-06-12 03:58:00,9.1
2025-06-12 21:55:00,14.6
2025-06-12 08:35:00,71.0
2025-06-12 09:12:00,49.88181818181819
2025-06-12 17:15:00,12.8
2025-06-12 06:03:00,49.88181818181819
2025-06-12 16:04:00,33.1
2025-06-12 00:20:00,85.9
2025-06-12 14:50:00,88.0
2025-06-12 23:21:00,0.6
2025-06-12 12:42:00,63.6
2025-06-12 00:36:00,31.7
2025-06-12 02:51:00,15.0
2025-06-12 01:22:00,72.5
2025-06-12 18:00:00,56.0
2025-06-12 06:19:00,34.6
2025-06-12 01:31:00,64.1
2025-06-12 16:17:00,97.1
2025-06-12 21:27:00,57.0
2025-06-12 11:52:00,6.2
2025-06-12 20:58:00,54.1
2025-06-12 12:04:00,43.6
2025-06-12 17:23:00,31.5
2025-06-12 09:17:00,14.1
2025-06-12 17:42:00,99.8
2025-06-12 02:41:00,49.88181818181819
2025-06-12 11:31:00,49.88181818181819
2025-06-12 19:37:00,49.88181818181819
2025-06-12 20:31:00,16.5
2025-06-12 11:56:00,56.8
2025-06-12 07:41:00,45.6
2025-06-12 21:54:00,4.9
2025-06-12 19:39:00,98.1
2025-06-12 03:02:00,22.2
2025-06-12 04:07:00,25.6
2025-06-12 06:53:00,32.4
2025-06-12 11:56:00,24.5
2025-06-12 00:34:00,77.6
2025-06-12 00:36:00,99.7
2025-06-12 19:25:00,46.6
2025-06-12 10:20:00,49.88181818181819
2025-06-12 23:11:00,25.1
2025-06-12 05:15:00,13.9
2025-06-12 20:51:00,68.0
2025-06-12 02:34:00,30.3
2025-06-12 03:19:00,49.88181818181819
2025-06-12 19:31:00,83.5
2025-06-12 14:01:00,88.6
2025-06-12 23:31:00,34.4
2025-06-12 11:37:00,4.0
2025-06-12 20:14:00,52.7
2025-06-12 15:27:00,7.4
2025-06-12 23:05:00,32.7
2025-06-12 14:28:00,24.4
2025-06-12 13:14:00,90.5
2025-06-12 01:54:00,50.7
2025-06-12 19:54:00,16.4
2025-06-12 23:35:00,85.1
2025-06-12 14:48:00,49.88181818181819
2025-06-12 14:14:00,13.1
2025-06-12 05:05:00,60.4
2025-06-12 20:51:00,92.4
2025-06-12 01:20:00,24.7
2025-06-12 08:15:00,49.88181818181819
2025-06-12 02:32:00,79.5
2025-06-12 03:44:00,61.0
2025-06-12 10:56:00,49.88181818181819
2025-06-12 11:07:00,16.7
2025-06-12 03:01:00,58.9
2025-06-12 06:06:00,42.8
2025-06-12 06:25:00,49.88181818181819
2025-06-12 09:54:00,58.8
2025-06-12 09:29:00,35.3
2025-06-12 04:16:00,63.1
2025-06-12 13:19:00,93.0
2025-06-12 02:16:00,77.6
2025-06-12 10:11:00,10.6
2025-06-12 09:23:00,92.1
2025-06-12 15:21:00,27.8
2025-06-12 10:51:00,66.3
2025-06-12 21:52:00,20.2
2025-06-12 12:42:00,98.3
2025-06-12 07:40:00,80.4
2025-06-12 10:19:00,71.2
2025-06-12 04:34:00,73.3
2025-06-12 14:27:00,96.1
2025-06-12 01:01:00,97.3
2025-06-12 18:13:00,49.88181818181819
2025-06-12 14:14:00,41.9
2025-06-12 08:05:00,49.88181818181819
2025-06-12 04:40:00,50.8
2025-06-12 02:27:00,58.9
2025-06-12 00:34:00,22.8
2025-06-12 09:59:00,61.8
2025-06-12 14:03:00,47.2
2025-06-12 19:48:00,95.4
2025-06-12 00:49:00,12.8
2025-06-12 23:39:00,28.0
2025-06-12 19:52:00,87.3
2025-06-12 03:29:00,63.3
2025-06-12 15:09:00,73.2
2025-06-12 19:45:00,97.1
2025-06-12 23:37:00,49.88181818181819
2025-06-12 16:21:00,68.6
2025-06-12 17:56:00,82.3
2025-06-12 13:51:00,91.1
2025-06-12 04:35:00,17.0
2025-06-12 11:22:00,6.8
2025-06-12 22:31:00,77.2
2025-06-12 15:35:00,72.6
2025-06-12 12:14:00,49.88181818181819
2025-06-12 21:09:00,63.5
2025-06-12 19:58:00,85.4
2025-06-12 10:13:00,49.88181818181819
2025-06-12 22:02:00,39.5
2025-06-12 10:52:00,39.6
2025-06-12 00:10:00,89.5
2025-06-12 06:31:00,13.6
2025-06-12 19:20:00,96.5
2025-06-12 21:31:00,65.2
2025-06-12 22:24:00,80.3
2025-06-12 22:20:00,98.4
2025-06-12 12:26:00,94.8
2025-06-12 22:27:00,36.0
2025-06-12 21:04:00,77.1
2025-06-12 19:58:00,49.88181818181819
2025-06-12 09:02:00,99.0
2025-06-12 12:26:00,33.8
2025-06-12 16:13:00,11.7
2025-06-12 06:17:00,49.88181818181819
2025-06-12 03:54:00,49.88181818181819
2025-06-12 07:35:00,19.1
2025-06-12 04:11:00,42.2
2025-06-12 04:21:00,28.2
2025-06-12 01:01:00,75.0
2025-06-12 18:31:00,69.6
2025-06-12 17:22:00,82.2
2025-06-12 19:35:00,49.88181818181819
2025-06-12 08:01:00,36.7
2025-06-12 20:15:00,17.7
2025-06-12 04:24:00,13.3
2025-06-12 12:19:00,49.88181818181819
2025-06-12 23:19:00,49.88181818181819
2025-06-12 14:01:00,22.7
2025-06-12 20:41:00,2.8
2025-06-12 06:07:00,12.3
2025-06-12 13:32:00,62.6
2025-06-12 02:35:00,68.1
2025-06-12 01:30:00,33.6
2025-06-12 07:05:00,49.88181818181819
2025-06-12 03:04:00,94.4
2025-06-12 16:49:00,49.88181818181819
2025-06-12 09:12:00,98.3
2025-06-12 11:07:00,55.6
2025-06-12 11:21:00,11.6
2025-06-12 15:51:00,4.3
2025-06-12 08:26:00,72.6
2025-06-12 23:22:00,94.5
2025-06-12 04:31:00,49.88181818181819
2025-06-12 09:33:00,49.88181818181819
2025-06-12 11:12:00,49.88181818181819
2025-06-12 07:47:00,29.8
2025-06-12 20:54:00,49.88181818181819
2025-06-12 18:01:00,2.3
2025-06-12 06:36:00,7.2
2025-06-12 00:44:00,3.7
2025-06-12 07:25:00,27.3
2025-06-12 16:46:00,69.0
2025-06-12 03:10:00,45.9
2025-06-12 10:35:00,30.4
2025-06-12 20:32:00,62.9
2025-06-12 12:18:00,40.1
2025-06-12 11:39:00,47.3
2025-06-12 11:13:00,0.9
2025-06-12 15:01:00,69.8
2025-06-12 07:40:00,6.1
2025-06-12 21:49:00,24.9
2025-06-12 05:38:00,49.88181818181819
2025-06-12 16:10:00,57.1
2025-06-12 20:09:00,13.3
2025-06-12 00:25:00,61.4
2025-06-12 06:21:00,26.0
2025-06-12 23:52:00,5.6
2025-06-12 05:36:00,4.4
2025-06-12 09:20:00,28.6
2025-06-12 19:40:00,69.8
2025-06-12 03:51:00,3.9
2025-06-12 14:52:00,39.1
2025-06-12 23:52:00,78.0
2025-06-12 07:15:00,43.5
2025-06-12 07:52:00,44.0
2025-06-12 18:57:00,36.2
2025-06-12 08:42:00,78.9
2025-06-12 21:32:00,13.2
2025-06-12 20:47:00,38.7
2025-06-12 02:01:00,55.1
2025-06-12 04:57:00,21.6
2025-06-12 18:06:00,49.88181818181819
2025-06-12 21:33:00,49.88181818181819
2025-06-12 05:40:00,67.4
2025-06-12 23:11:00,68.3
2025-06-12 16:01:00,84.3
2025-06-12 21:01:00,62.9
2025-06-12 20:14:00,38.0
2025-06-12 08:30:00,15.1
2025-06-12 12:57:00,2.1
2025-06-12 12:35:00,77.1
2025-06-12 04:58:00,4.5
2025-06-12 06:37:00,12.7
2025-06-12 10:41:00,75.5
2025-06-12 20:38:00,27.2
2025-06-12 00:50:00,24.8
2025-06-12 03:01:00,50.019744401453856
2025-06-12 10:28:00,84.5
2025-06-12 12:32:00,2.2
2025-06-12 07:51:00,47.1
2025-06-12 11:57:00,48.2
2025-06-12 08:08:00,86.7
2025-06-12 13:54:00,50.019744401453856
2025-06-12 05:47:00,65.7
2025-06-12 18:00:00,23.4
2025-06-12 21:01:00,50.0
2025-06-12 12:22:00,64.8
2025-06-12 15:01:00,31.5
2025-06-12 09:59:00,89.5
2025-06-12 01:21:00,44.3
2025-06-12 18:18:00,76.2
2025-06-12 17:52:00,63.5
2025-06-12 08:03:00,64.4
2025-06-12 11:42:00,90.5
2025-06-12 17:34:00,89.3
2025-06-12 21:17:00,55.9
2025-06-12 21:12:00,79.7
2025-06-12 08:14:00,4.2
2025-06-12 07:53:00,85.0
2025-06-12 04:43:00,65.9
2025-06-12 20:24:00,7.0
2025-06-12 15:03:00,80.6
2025-06-12 05:29:00,41.8
2025-06-12 14:35:00,82.5
2025-06-12 16:16:00,20.8
2025-06-12 21:53:00,63.2
2025-06-12 15:37:00,59.7
2025-06-12 13:29:00,52.9
2025-06-12 10:24:00,23.5
2025-06-12 21:10:00,55.0
2025-06-12 20:06:00,66.9
2025-06-12 15:11:00,60.1
2025-06-12 16:25:00,90.2
2025-06-12 23:44:00,44.6
2025-06-12 18:29:00,11.1
2025-06-12 20:04:00,50.019744401453856
2025-06-12 22:55:00,90.7
2025-06-12 06:16:00,55.0
2025-06-12 19:50:00,14.2
2025-06-12 20:08:00,6.1
2025-06-12 00:07:00,50.019744401453856
2025-06-12 13:00:00,43.7
2025-06-12 01:04:00,57.2
2025-06-12 07:25:00,88.9
2025-06-12 12:01:00,90.9
2025-06-12 02:03:00,41.6
2025-06-12 13:22:00,27.0
2025-06-12 16:54:00,61.9
2025-06-12 11:59:00,28.3
2025-06-12 16:22:00,26.9
2025-06-12 20:16:00,96.4
2025-06-12 10:12:00,6.5
2025-06-12 23:53:00,51.5
2025-06-12 05:15:00,50.019744401453856
2025-06-12 03:42:00,9.5
2025-06-12 03:13:00,27.4
2025-06-12 08:34:00,59.7
2025-06-12 01:01:00,67.2
2025-06-12 18:43:00,49.8
2025-06-12 00:29:00,2.9
2025-06-12 02:36:00,84.1
2025-06-12 04:25:00,15.8
2025-06-12 09:46:00,24.0
2025-06-12 00:10:00,50.019744401453856
2025-06-12 13:38:00,63.3
2025-06-12 04:15:00,68.1
2025-06-12 13:52:00,36.3
2025-06-12 04:18:00,77.6
2025-06-12 02:18:00,27.4
2025-06-12 00:26:00,73.6
2025-06-12 21:52:00,50.019744401453856
2025-06-12 20:57:00,24.9
2025-06-12 20:21:00,62.7
2025-06-12 06:58:00,65.3
2025-06-12 07:30:00,78.7
2025-06-12 03:27:00,37.9
2025-06-12 11:11:00,24.7
2025-06-12 23:51:00,55.2
2025-06-12 19:07:00,10.9
2025-06-12 10:05:00,77.6
2025-06-12 12:24:00,10.3
2025-06-12 10:50:00,50.019744401453856
2025-06-12 08:16:00,1.7
2025-06-12 21:59:00,70.7
2025-06-12 09:33:00,57.9
2025-06-12 03:49:00,50.019744401453856
2025-06-12 05:53:00,34.7
2025-06-12 15:12:00,53.9
2025-06-12 23:26:00,68.5
2025-06-12 00:38:00,52.6
2025-06-12 00:30:00,77.7
2025-06-12 03:45:00,10.1
2025-06-12 18:14:00,10.6
2025-06-12 19:05:00,9.8
2025-06-12 03:10:00,48.8
2025-06-12 21:32:00,57.1
2025-06-12 02:09:00,82.0
2025-06-12 00:34:00,99.1
2025-06-12 18:04:00,98.3
2025-06-12 16:48:00,92.4
2025-06-12 20:24:00,19.7
2025-06-12 02:38:00,50.019744401453856
2025-06-12 01:00:00,38.4
2025-06-12 03:50:00,93.9
2025-06-12 09:01:00,8.4
2025-06-12 07:26:00,72.1
2025-06-12 12:58:00,50.019744401453856
2025-06-12 00:37:00,95.3
2025-06-12 17:09:00,80.2
2025-06-12 22:59:00,62.0
2025-06-12 23:09:00,34.4
2025-06-12 20:38:00,53.2
2025-06-12 10:45:00,99.9
2025-06-12 20:56:00,81.5
2025-06-12 06:03:00,85.9
2025-06-12 02:36:00,11.1
2025-06-12 10:24:00,50.019744401453856
2025-06-12 11:56:00,31.9
2025-06-12 10:34:00,34.3
2025-06-12 04:03:00,37.5
2025-06-12 14:41:00,54.0
2025-06-12 20:13:00,50.019744401453856
2025-06-12 17:13:00,52.9
2025-06-12 15:19:00,50.019744401453856
2025-06-12 03:53:00,42.6
2025-06-12 05:46:00,50.019744401453856
2025-06-12 07:07:00,43.1
2025-06-12 06:49:00,29.5
2025-06-12 13:50:00,89.4
2025-06-12 22:16:00,16.0
2025-06-12 16:44:00,39.5
2025-06-12 22:08:00,50.019744401453856
2025-06-12 08:20:00,50.019744401453856
2025-06-12 05:16:00,53.2
2025-06-12 08:13:00,31.9
2025-06-12 01:43:00,82.1
2025-06-12 09:36:00,50.019744401453856
2025-06-12 06:00:00,55.1
2025-06-12 09:42:00,43.8
2025-06-12 09:46:00,75.3
2025-06-12 04:05:00,64.7
2025-06-12 06:26:00,97.9
2025-06-12 11:00:00,34.7
2025-06-12 03:41:00,69.4
2025-06-12 22:29:00,50.9
2025-06-12 12:34:00,54.9
2025-06-12 02:04:00,2.1
2025-06-12 17:09:00,38.9
2025-06-12 11:30:00,56.7
2025-06-12 03:50:00,9.7
2025-06-12 02:28:00,42.2
2025-06-12 21:41:00,68.8
2025-06-12 22:18:00,15.9
2025-06-12 23:52:00,42.6
2025-06-12 04:12:00,68.4
2025-06-12 12:17:00,61.3
2025-06-12 07:05:00,42.9
2025-06-12 09:07:00,98.2
2025-06-12 12:44:00,68.2
2025-06-12 15:28:00,50.019744401453856
2025-06-12 04:29:00,50.019744401453856
2025-06-12 11:41:00,0.2
2025-06-12 21:31:00,50.019744401453856
2025-06-12 18:22:00,10.1
2025-06-12 00:39:00,87.5
2025-06-12 02:44:00,50.019744401453856
2025-06-12 01:59:00,9.3
2025-06-12 08:37:00,5.2
2025-06-12 20:10:00,51.2
2025-06-12 23:38:00,39.5
2025-06-12 01:04:00,28.4
2025-06-12 07:55:00,68.6
2025-06-12 07:06:00,50.019744401453856
2025-06-12 18:09:00,22.3
2025-06-12 18:52:00,2.1
2025-06-12 21:43:00,49.2
2025-06-12 12:26:00,50.019744401453856
2025-06-12 23:14:00,85.5
2025-06-12 16:58:00,79.0
2025-06-12 01:31:00,94.8
2025-06-12 22:13:00,52.0
2025-06-12 11:57:00,84.0
2025-06-12 02:30:00,17.5
2025-06-12 05:18:00,4.0
2025-06-12 10:12:00,50.019744401453856
2025-06-12 14:49:00,50.019744401453856
2025-06-12 17:21:00,29.8
2025-06-12 21:52:00,90.8
2025-06-12 01:59:00,68.3
2025-06-12 01:18:00,48.3
2025-06-12 22:34:00,50.019744401453856
2025-06-12 09:41:00,52.9
2025-06-12 10:08:00,37.2
2025-06-12 04:38:00,40.5
2025-06-12 01:17:00,38.4
2025-06-12 01:40:00,78.6
2025-06-12 16:36:00,22.2
2025-06-12 03:54:00,47.0
2025-06-12 16:28:00,79.6
2025-06-12 07:34:00,56.7
2025-06-12 17:27:00,85.8
2025-06-12 23:15:00,9.7
2025-06-12 14:45:00,66.4
2025-06-12 02:53:00,21.9
2025-06-12 15:32:00,66.3
2025-06-12 04:55:00,2.5
2025-06-12 20:06:00,60.5
2025-06-12 11:20:00,18.7
2025-06-12 08:33:00,71.7
2025-06-12 03:43:00,3.2
2025-06-12 07:01:00,88.9
2025-06-12 22:41:00,26.0
2025-06-12 01:40:00,31.0
2025-06-12 22:43:00,79.2
2025-06-12 20:59:00,50.019744401453856
2025-06-12 22:14:00,84.1
2025-06-12 19:14:00,64.3
2025-06-12 09:46:00,43.9
2025-06-12 15:22:00,50.019744401453856
2025-06-12 15:44:00,52.5
2025-06-12 19:09:00,44.4
2025-06-12 16:20:00,50.019744401453856
2025-06-12 16:04:00,50.019744401453856
2025-06-12 16:05:00,27.6
2025-06-12 18:00:00,35.7
2025-06-12 06:50:00,50.019744401453856
2025-06-12 23:20:00,49.9
2025-06-12 22:30:00,50.7
2025-06-12 11:00:00,50.019744401453856
2025-06-12 03:28:00,50.019744401453856
2025-06-12 21:46:00,56.1
2025-06-12 11:33:00,68.9
2025-06-12 06:58:00,59.8
2025-06-12 20:09:00,62.3
2025-06-12 16:10:00,76.2
2025-06-12 12:06:00,39.1
2025-06-12 12:48:00,41.0
2025-06-12 12:11:00,28.7
2025-06-12 05:04:00,92.0
2025-06-12 02:46:00,57.4
2025-06-12 13:52:00,59.7
2025-06-12 08:53:00,89.9
2025-06-12 10:51:00,7.6
2025-06-12 20:23:00,26.2
2025-06-12 17:59:00,65.7
2025-06-12 12:57:00,93.1
2025-06-12 06:22:00,22.7
2025-06-12 15:05:00,20.3
2025-06-12 16:33:00,50.019744401453856
2025-06-12 01:05:00,18.2
2025-06-12 21:25:00,97.0
2025-06-12 08:49:00,75.0
2025-06-12 02:29:00,82.4
2025-06-12 16:43:00,67.5
2025-06-12 19:13:00,82.4
2025-06-12 04:53:00,39.7
2025-06-12 16:45:00,99.0
2025-06-12 04:23:00,97.9
2025-06-12 13:58:00,43.8
2025-06-12 19:54:00,30.7
2025-06-12 11:29:00,85.8
2025-06-12 22:21:00,57.6
2025-06-12 12:10:00,62.3
2025-06-12 19:24:00,76.3
2025-06-12 15:59:00,23.5
2025-06-12 04:41:00,97.7
2025-06-12 08:14:00,95.8
2025-06-12 05:51:00,20.1
2025-06-12 20:56:00,22.1
2025-06-12 05:05:00,62.6
2025-06-12 23:22:00,47.6
2025-06-12 02:26:00,17.0
2025-06-12 07:00:00,57.6
2025-06-12 02:31:00,75.7
2025-06-12 06:13:00,48.3
2025-06-12 18:00:00,50.019744401453856
2025-06-12 00:41:00,65.7
2025-06-12 02:26:00,50.019744401453856
2025-06-12 08:49:00,26.6
2025-06-12 17:36:00,62.6
2025-06-12 00:24:00,91.3
2025-06-12 11:46:00,50.019744401453856
2025-06-12 12:21:00,68.5
2025-06-12 10:46:00,23.6
2025-06-12 12:37:00,0.2
2025-06-12 16:07:00,56.1
2025-06-12 13:13:00,20.4
2025-06-12 02:39:00,73.9
2025-06-12 07:55:00,2.4
2025-06-12 10:40:00,50.019744401453856
2025-06-12 08:37:00,56.5
2025-06-12 15:24:00,50.019744401453856
2025-06-12 01:20:00,26.3
2025-06-12 15:47:00,84.3
2025-06-12 22:56:00,50.019744401453856
2025-06-12 17:31:00,91.7
2025-06-12 22:01:00,36.8
2025-06-12 11:20:00,6.8
2025-06-12 05:28:00,50.2
2025-06-12 16:10:00,50.019744401453856
2025-06-12 17:11:00,4.7
2025-06-12 12:46:00,7.8
2025-06-12 19:53:00,76.3
2025-06-12 04:53:00,52.8
2025-06-12 04:22:00,7.3
2025-06-12 13:29:00,53.0
2025-06-12 21:36:00,18.0
2025-06-12 04:49:00,27.4
2025-06-12 02:54:00,30.9
2025-06-12 12:17:00,87.6
2025-06-12 14:59:00,37.9
2025-06-12 22:59:00,24.3
2025-06-12 08:07:00,14.6
2025-06-12 05:13:00,6.0
2025-06-12 20:19:00,96.9
2025-06-12 20:30:00,85.8
2025-06-12 13:13:00,50.019744401453856
2025-06-12 09:44:00,75.5
2025-06-12 23:43:00,43.0
2025-06-12 09:08:00,43.0
2025-06-12 09:32:00,8.5
2025-06-12 14:05:00,2.6
2025-06-12 20:11:00,71.0
2025-06-12 18:02:00,69.7
2025-06-12 21:02:00,50.019744401453856
2025-06-12 22:55:00,50.019744401453856
2025-06-12 01:47:00,80.0
2025-06-12 16:18:00,26.0
2025-06-12 12:43:00,48.2
2025-06-12 18:33:00,42.2
2025-06-12 10:21:00,72.0
2025-06-12 08:17:00,63.0
2025-06-12 16:31:00,68.1
2025-06-12 06:16:00,58.0
2025-06-12 16:12:00,49.0
2025-06-12 22:00:00,50.0
2025-06-12 12:35:00,70.1
2025-06-12 21:00:00,86.2
2025-06-12 14:02:00,49.94205948042788
2025-06-12 12:03:00,19.7
2025-06-12 18:39:00,19.2
2025-06-12 18:57:00,73.5
2025-06-12 04:44:00,11.1
2025-06-12 16:48:00,12.0
2025-06-12 19:43:00,22.0
2025-06-12 01:17:00,92.4
2025-06-12 18:23:00,24.3
2025-06-12 04:07:00,13.4
2025-06-12 02:53:00,14.3
2025-06-12 00:24:00,1.2
2025-06-12 18:04:00,16.2
2025-06-12 12:27:00,30.9
2025-06-12 01:00:00,36.6
2025-06-12 08:56:00,94.3
2025-06-12 01:48:00,69.5
2025-06-12 15:32:00,36.7
2025-06-12 11:36:00,8.5
2025-06-12 14:22:00,70.2
2025-06-12 10:31:00,0.8
2025-06-12 16:31:00,14.3
2025-06-12 16:51:00,49.94205948042788
2025-06-12 17:26:00,39.3
2025-06-12 18:09:00,52.1
2025-06-12 07:21:00,35.3
2025-06-12 16:35:00,88.2
2025-06-12 00:08:00,75.6
2025-06-12 20:07:00,49.94205948042788
2025-06-12 03:16:00,70.3
2025-06-12 03:42:00,40.3
2025-06-12 14:35:00,49.94205948042788
2025-06-12 03:57:00,49.94205948042788
2025-06-12 19:43:00,51.4
2025-06-12 08:00:00,22.5
2025-06-12 12:56:00,49.94205948042788
2025-06-12 17:54:00,34.0
2025-06-12 10:43:00,49.94205948042788
2025-06-12 07:01:00,43.8
2025-06-12 16:45:00,62.6
2025-06-12 07:14:00,88.3
2025-06-12 09:57:00,82.1
2025-06-12 11:10:00,37.8
2025-06-12 23:26:00,60.1
2025-06-12 13:17:00,66.6
2025-06-12 12:32:00,38.5
2025-06-12 23:43:00,79.6
2025-06-12 06:04:00,14.3
2025-06-12 15:02:00,68.6
2025-06-12 20:21:00,59.7
2025-06-12 00:02:00,13.0
2025-06-12 10:06:00,49.94205948042788
2025-06-12 14:48:00,23.7
2025-06-12 20:06:00,16.6
2025-06-12 02:19:00,58.3
2025-06-12 09:04:00,4.3
2025-06-12 13:54:00,56.8
2025-06-12 18:50:00,85.8
2025-06-12 09:22:00,36.4
2025-06-12 09:23:00,49.94205948042788
2025-06-12 15:13:00,56.8
2025-06-12 08:40:00,53.5
2025-06-12 12:40:00,87.5
2025-06-12 05:38:00,29.8
2025-06-12 14:17:00,95.8
2025-06-12 21:27:00,46.2
2025-06-12 08:59:00,9.3
2025-06-12 13:42:00,72.8
2025-06-12 23:19:00,32.1
2025-06-12 20:22:00,27.1
2025-06-12 20:09:00,49.94205948042788
2025-06-12 17:16:00,24.1
2025-06-12 12:16:00,93.4
2025-06-12 19:15:00,39.2
2025-06-12 00:19:00,82.4
2025-06-12 04:03:00,8.5
2025-06-12 23:38:00,15.2
2025-06-12 19:21:00,67.7
2025-06-12 09:59:00,12.0
2025-06-12 09:52:00,93.2
2025-06-12 18:59:00,19.1
2025-06-12 08:46:00,42.4
2025-06-12 09:42:00,49.94205948042788
2025-06-12 09:16:00,49.94205948042788
2025-06-12 09:14:00,99.8
2025-06-12 01:16:00,39.6
2025-06-12 16:37:00,13.0
2025-06-12 01:58:00,81.8
2025-06-12 06:56:00,49.94205948042788
2025-06-12 23:39:00,37.9
2025-06-12 12:33:00,67.7
2025-06-12 04:24:00,87.3
2025-06-12 21:09:00,19.9
2025-06-12 06:56:00,38.2
2025-06-12 08:30:00,67.7
2025-06-12 23:04:00,48.2
2025-06-12 12:14:00,35.9
2025-06-12 12:08:00,14.0
2025-06-12 00:39:00,7.4
2025-06-12 08:11:00,47.8
2025-06-12 20:15:00,5.9
2025-06-12 10:27:00,37.7
2025-06-12 16:37:00,44.2
2025-06-12 00:58:00,66.4
2025-06-12 13:56:00,49.94205948042788
2025-06-12 23:27:00,16.9
2025-06-12 23:11:00,93.5
2025-06-12 08:50:00,92.0
2025-06-12 00:30:00,40.3
2025-06-12 02:21:00,49.94205948042788
2025-06-12 10:20:00,23.8
2025-06-12 08:40:00,69.7
2025-06-12 12:55:00,49.3
2025-06-12 08:13:00,92.1
2025-06-12 08:53:00,49.94205948042788
2025-06-12 05:04:00,12.1
2025-06-12 21:30:00,0.3
2025-06-12 07:57:00,61.1
2025-06-12 18:35:00,26.0
2025-06-12 08:23:00,60.9
2025-06-12 20:59:00,88.6
2025-06-12 04:15:00,7.6
2025-06-12 14:42:00,31.6
2025-06-12 03:46:00,49.94205948042788
2025-06-12 00:20:00,49.94205948042788
2025-06-12 11:03:00,66.0
2025-06-12 07:04:00,97.9
2025-06-12 23:56:00,0.4
2025-06-12 06:02:00,47.9
2025-06-12 20:56:00,86.1
2025-06-12 07:50:00,49.94205948042788
2025-06-12 15:11:00,36.4
2025-06-12 19:41:00,49.94205948042788
2025-06-12 09:53:00,64.7
2025-06-12 19:03:00,1.7
2025-06-12 17:28:00,38.0
2025-06-12 12:03:00,1.6
2025-06-12 02:22:00,38.0
2025-06-12 18:39:00,20.5
2025-06-12 18:29:00,85.1
2025-06-12 21:44:00,56.1
2025-06-12 07:14:00,92.5
2025-06-12 14:43:00,97.8
2025-06-12 02:25:00,49.94205948042788
2025-06-12 03:30:00,97.5
2025-06-12 00:17:00,19.3
2025-06-12 10:48:00,42.3
2025-06-12 08:44:00,56.8
2025-06-12 23:22:00,25.0
2025-06-12 13:30:00,24.7
2025-06-12 00:06:00,19.0
2025-06-12 13:07:00,32.0
2025-06-12 03:32:00,89.5
2025-06-12 19:40:00,82.0
2025-06-12 10:02:00,11.7
2025-06-12 10:30:00,34.3
2025-06-12 09:37:00,52.5
2025-06-12 10:23:00,3.4
2025-06-12 03:25:00,49.94205948042788
2025-06-12 05:57:00,31.9
2025-06-12 19:56:00,74.7
2025-06-12 17:16:00,8.9
2025-06-12 00:33:00,88.5
2025-06-12 18:23:00,48.8
2025-06-12 03:57:00,57.4
2025-06-12 01:44:00,95.1
2025-06-12 04:58:00,20.4
2025-06-12 10:24:00,7.9
2025-06-12 06:26:00,76.2
2025-06-12 18:43:00,48.5
2025-06-12 08:40:00,4.2
2025-06-12 04:26:00,13.1
2025-06-12 15:06:00,28.6
2025-06-12 21:36:00,69.4
2025-06-12 21:28:00,23.8
2025-06-12 22:27:00,49.0
2025-06-12 23:45:00,94.9
2025-06-12 11:10:00,22.0
2025-06-12 13:59:00,30.2
2025-06-12 05:15:00,82.8
2025-06-12 14:55:00,54.1
2025-06-12 02:24:00,20.8
2025-06-12 10:46:00,10.3
2025-06-12 06:38:00,79.6
2025-06-12 03:09:00,5.9
2025-06-12 09:06:00,49.94205948042788
2025-06-12 15:51:00,13.0
2025-06-12 00:43:00,49.94205948042788
2025-06-12 20:49:00,49.94205948042788
2025-06-12 03:44:00,43.3
2025-06-12 22:53:00,52.2
2025-06-12 13:59:00,43.7
2025-06-12 06:28:00,28.6
2025-06-12 06:18:00,49.94205948042788
2025-06-12 08:32:00,18.0
2025-06-12 11:52:00,10.8
2025-06-12 02:45:00,49.94205948042788
2025-06-12 09:34:00,27.7
2025-06-12 10:10:00,49.94205948042788
2025-06-12 17:44:00,3.5
2025-06-12 22:50:00,65.8
2025-06-12 06:48:00,2.6
2025-06-12 15:49:00,52.8
2025-06-12 12:49:00,12.5
2025-06-12 11:34:00,1.9
2025-06-12 14:07:00,86.2
2025-06-12 16:39:00,69.7
2025-06-12 11:01:00,13.2
2025-06-12 06:07:00,29.7
2025-06-12 07:40:00,6.7
2025-06-12 10:11:00,89.2
2025-06-12 19:33:00,49.94205948042788
2025-06-12 01:13:00,79.5
2025-06-12 08:01:00,30.6
2025-06-12 23:33:00,56.4
2025-06-12 22:30:00,14.1
2025-06-12 05:29:00,58.2
2025-06-12 12:04:00,49.94205948042788
2025-06-12 11:06:00,49.94205948042788
2025-06-12 20:28:00,49.94205948042788
2025-06-12 16:50:00,74.3
2025-06-12 13:12:00,49.94205948042788
2025-06-12 22:03:00,59.5
2025-06-12 06:08:00,19.0
2025-06-12 01:23:00,78.6
2025-06-12 21:32:00,3.9
2025-06-12 05:23:00,60.1
2025-06-12 15:59:00,25.0
2025-06-12 05:10:00,13.6
2025-06-12 08:56:00,49.2
2025-06-12 10:31:00,41.9
2025-06-12 15:32:00,85.9
2025-06-12 15:49:00,59.5
2025-06-12 05:26:00,3.0
2025-06-12 08:23:00,92.0
2025-06-12 06:23:00,36.1
2025-06-12 02:10:00,90.6
2025-06-12 19:34:00,12.5
2025-06-12 17:59:00,71.1
2025-06-12 23:27:00,29.3
2025-06-12 14:07:00,7.1
2025-06-12 23:20:00,82.0
2025-06-12 03:56:00,42.3
2025-06-12 09:53:00,49.94205948042788
2025-06-12 09:07:00,39.8
2025-06-12 03:09:00,26.7
2025-06-12 06:41:00,48.0
2025-06-12 20:18:00,49.94205948042788
2025-06-12 12:23:00,34.2
2025-06-12 09:51:00,55.6
2025-06-12 18:11:00,8.8
2025-06-12 18:51:00,8.9
2025-06-12 00:30:00,71.0
2025-06-12 09:34:00,83.1
2025-06-12 15:00:00,57.7
2025-06-12 20:56:00,49.94205948042788
2025-06-12 12:22:00,25.1
2025-06-12 06:33:00,29.1
2025-06-12 04:03:00,18.1
2025-06-12 16:35:00,86.8
2025-06-12 22:37:00,28.9
2025-06-12 23:53:00,21.9
2025-06-12 03:35:00,88.8
2025-06-12 05:30:00,13.0
2025-06-12 23:04:00,34.9
2025-06-12 13:21:00,71.7
2025-06-12 17:16:00,68.0
2025-06-12 15:01:00,12.8
2025-06-12 22:58:00,17.8
2025-06-12 09:50:00,84.6
2025-06-12 16:15:00,8.8
2025-06-12 09:46:00,56.3
2025-06-12 07:49:00,8.2
2025-06-12 03:06:00,19.7
2025-06-12 09:07:00,62.2
2025-06-12 03:06:00,84.4
2025-06-12 13:13:00,49.7
2025-06-12 11:00:00,66.3
2025-06-12 18:38:00,49.94205948042788
2025-06-12 17:52:00,75.4
2025-06-12 08:09:00,1.0
2025-06-12 23:27:00,49.94205948042788
2025-06-12 18:18:00,62.4
2025-06-12 14:01:00,47.8
2025-06-12 05:50:00,80.5
2025-06-12 00:38:00,9.8
2025-06-12 21:56:00,49.94205948042788
2025-06-12 23:46:00,21.1
2025-06-12 11:38:00,98.4
2025-06-12 11:38:00,49.94205948042788
2025-06-12 01:13:00,78.2
2025-06-12 00:12:00,47.7
2025-06-12 18:16:00,40.9
2025-06-12 09:16:00,99.4
2025-06-12 03:59:00,56.5
2025-06-12 01:53:00,49.94205948042788
2025-06-12 13:54:00,57.5
2025-06-12 10:43:00,95.6
2025-06-12 19:21:00,19.9
2025-06-12 02:39:00,48.8
2025-06-12 08:48:00,29.8
2025-06-12 01:30:00,10.0
2025-06-12 14:28:00,97.7
2025-06-12 00:54:00,57.8
2025-06-12 18:26:00,90.3
2025-06-12 15:27:00,58.3
2025-06-12 18:01:00,49.94205948042788
2025-06-12 19:46:00,58.2
2025-06-12 14:11:00,64.7
2025-06-12 20:54:00,71.4
2025-06-12 15:09:00,49.94205948042788
2025-06-12 08:48:00,13.5
2025-06-12 17:06:00,58.1
2025-06-12 14:46:00,59.4
2025-06-12 10:45:00,47.4
2025-06-12 14:34:00,50.9
2025-06-12 18:24:00,52.4
2025-06-12 00:08:00,13.0
2025-06-12 09:44:00,49.94205948042788
2025-06-12 10:26:00,49.94205948042788
2025-06-12 07:11:00,49.94205948042788
2025-06-12 16:58:00,49.94205948042788
2025-06-12 19:00:00,21.4
2025-06-12 07:30:00,24.0
2025-06-12 09:27:00,73.3
2025-06-12 04:42:00,30.5
2025-06-12 23:15:00,36.8
2025-06-12 15:48:00,53.7
2025-06-12 10:29:00,17.1
2025-06-12 01:57:00,53.8
2025-06-12 10:48:00,76.0
2025-06-12 00:29:00,49.94205948042788
2025-06-12 07:47:00,33.1
2025-06-12 04:38:00,78.4
2025-06-12 01:27:00,49.94205948042788
2025-06-12 16:45:00,71.6
2025-06-12 07:25:00,97.9
2025-06-12 01:32:00,49.94205948042788
2025-06-12 09:00:00,49.94205948042788
2025-06-12 11:18:00,65.1
2025-06-12 13:51:00,5.8
2025-06-12 14:45:00,34.0
2025-06-12 14:59:00,84.3
2025-06-12 15:31:00,38.0
2025-06-12 12:09:00,51.4
2025-06-12 14:21:00,4.1
2025-06-12 09:39:00,87.6
2025-06-12 18:46:00,14.3
2025-06-12 06:21:00,99.7
2025-06-12 22:55:00,73.4
2025-06-12 06:20:00,0.1
2025-06-12 18:34:00,50.024092836946274
2025-06-12 22:30:00,95.5
2025-06-12 15:52:00,32.7
2025-06-12 22:12:00,22.6
2025-06-12 15:46:00,9.4
2025-06-12 13:36:00,24.0
2025-06-12 17:10:00,81.8
2025-06-12 10:54:00,23.0
2025-06-12 02:30:00,3.8
2025-06-12 06:38:00,49.5
2025-06-12 18:25:00,33.0
2025-06-12 13:26:00,17.5
2025-06-12 01:07:00,50.024092836946274
2025-06-12 17:36:00,34.8
2025-06-12 00:14:00,49.1
2025-06-12 06:20:00,64.1
2025-06-12 13:12:00,19.5
2025-06-12 23:35:00,46.6
2025-06-12 20:55:00,13.7
2025-06-12 12:31:00,76.2
2025-06-12 07:13:00,7.0
2025-06-12 17:06:00,99.0
2025-06-12 10:46:00,60.9
2025-06-12 04:45:00,54.8
2025-06-12 12:36:00,96.5
2025-06-12 20:47:00,17.6
2025-06-12 15:56:00,86.7
2025-06-12 04:31:00,55.7
2025-06-12 08:42:00,14.2
2025-06-12 17:23:00,76.5
2025-06-12 12:36:00,42.4
2025-06-12 12:07:00,46.7
2025-06-12 20:53:00,88.3
2025-06-12 03:03:00,34.6
2025-06-12 22:08:00,10.8
2025-06-12 19:05:00,50.024092836946274
2025-06-12 13:20:00,90.1
2025-06-12 16:27:00,42.5
2025-06-12 12:58:00,50.024092836946274
2025-06-12 07:37:00,76.0
2025-06-12 08:31:00,0.2
2025-06-12 06:22:00,92.5
2025-06-12 05:28:00,75.2
2025-06-12 03:39:00,0.1
2025-06-12 18:07:00,37.4
2025-06-12 17:05:00,14.2
2025-06-12 04:17:00,48.7
2025-06-12 10:12:00,50.024092836946274
2025-06-12 19:15:00,5.2
2025-06-12 08:10:00,9.8
2025-06-12 11:41:00,3.0
2025-06-12 21:31:00,25.2
2025-06-12 03:31:00,50.024092836946274
2025-06-12 05:04:00,80.0
2025-06-12 21:06:00,9.5
2025-06-12 00:09:00,27.8
2025-06-12 15:15:00,62.7
2025-06-12 16:41:00,91.9
2025-06-12 14:13:00,50.024092836946274
2025-06-12 19:12:00,50.024092836946274
2025-06-12 20:06:00,31.9
2025-06-12 09:35:00,54.4
2025-06-12 10:18:00,27.5
2025-06-12 05:15:00,20.5
2025-06-12 01:59:00,64.2
2025-06-12 00:44:00,37.1
2025-06-12 08:55:00,88.7
2025-06-12 21:27:00,73.7
2025-06-12 06:57:00,66.2
2025-06-12 20:35:00,93.7
2025-06-12 11:39:00,81.1
2025-06-12 02:02:00,71.3
2025-06-12 10:50:00,75.4
2025-06-12 02:11:00,78.3
2025-06-12 01:57:00,8.8
2025-06-12 22:22:00,78.3
2025-06-12 19:02:00,31.7
2025-06-12 10:39:00,11.5
2025-06-12 00:47:00,53.9
2025-06-12 02:13:00,61.0
2025-06-12 14:45:00,2.8
2025-06-12 22:56:00,43.3
2025-06-12 21:48:00,88.7
2025-06-12 09:11:00,79.0
2025-06-12 02:43:00,82.2
2025-06-12 16:12:00,19.2
2025-06-12 02:32:00,79.1
2025-06-12 04:48:00,99.5
2025-06-12 18:00:00,24.4
2025-06-12 02:04:00,88.7
2025-06-12 10:12:00,45.7
2025-06-12 00:42:00,65.9
2025-06-12 14:38:00,18.3
2025-06-12 12:50:00,4.5
2025-06-12 21:29:00,2.6
2025-06-12 20:42:00,10.1
2025-06-12 17:48:00,20.2
2025-06-12 08:04:00,50.024092836946274
2025-06-12 01:06:00,50.024092836946274
2025-06-12 02:20:00,12.4
2025-06-12 09:57:00,50.024092836946274
2025-06-12 23:11:00,87.0
2025-06-12 15:01:00,50.024092836946274
2025-06-12 09:45:00,37.0
2025-06-12 06:39:00,68.3
2025-06-12 13:58:00,30.1
2025-06-12 06:38:00,49.7
2025-06-12 11:12:00,36.7
2025-06-12 17:21:00,34.9
2025-06-12 07:03:00,39.6
2025-06-12 06:35:00,50.024092836946274
2025-06-12 07:06:00,91.2
2025-06-12 02:08:00,1.5
2025-06-12 04:24:00,62.4
2025-06-12 21:13:00,59.8
2025-06-12 10:23:00,1.3
2025-06-12 10:36:00,99.7
2025-06-12 07:15:00,74.3
2025-06-12 17:59:00,50.024092836946274
2025-06-12 12:17:00,38.8
2025-06-12 12:27:00,85.0
2025-06-12 06:07:00,87.1
2025-06-12 12:18:00,95.3
2025-06-12 19:11:00,65.6
2025-06-12 13:31:00,14.1
2025-06-12 10:10:00,50.024092836946274
2025-06-12 20:42:00,50.024092836946274
2025-06-12 12:41:00,93.7
2025-06-12 09:22:00,50.024092836946274
2025-06-12 22:57:00,76.8
2025-06-12 10:29:00,38.9
2025-06-12 07:29:00,4.7
2025-06-12 10:56:00,87.7
2025-06-12 03:28:00,65.7
2025-06-12 07:08:00,95.6
2025-06-12 23:53:00,62.3
2025-06-12 14:56:00,50.024092836946274
2025-06-12 03:34:00,78.1
2025-06-12 01:58:00,50.024092836946274
2025-06-12 08:55:00,70.0
2025-06-12 17:43:00,49.3
2025-06-12 03:12:00,67.4
2025-06-12 15:40:00,16.3
2025-06-12 08:39:00,49.2
2025-06-12 14:30:00,30.5
2025-06-12 01:29:00,46.1
2025-06-12 02:29:00,46.9
2025-06-12 12:43:00,6.5
2025-06-12 02:52:00,94.9
2025-06-12 16:12:00,95.4
2025-06-12 22:40:00,82.8
2025-06-12 11:34:00,0.6
2025-06-12 01:24:00,50.024092836946274
2025-06-12 08:21:00,70.9
2025-06-12 07:57:00,5.8
2025-06-12 20:11:00,92.7
2025-06-12 01:20:00,50.024092836946274
2025-06-12 06:44:00,57.1
2025-06-12 21:05:00,82.5
2025-06-12 04:22:00,6.8
2025-06-12 08:27:00,44.2
2025-06-12 18:11:00,72.7
2025-06-12 03:45:00,53.8
2025-06-12 17:50:00,13.1
2025-06-12 14:02:00,4.0
2025-06-12 21:33:00,52.2
2025-06-12 10:54:00,44.7
2025-06-12 22:04:00,68.4
2025-06-12 16:22:00,50.024092836946274
2025-06-12 21:12:00,50.024092836946274
2025-06-12 19:41:00,31.0
2025-06-12 05:59:00,39.6
2025-06-12 02:01:00,27.4
2025-06-12 14:34:00,34.5
2025-06-12 14:30:00,25.6
2025-06-12 11:54:00,50.024092836946274
2025-06-12 07:19:00,4.2
2025-06-12 11:14:00,50.0
2025-06-12 21:36:00,58.2
2025-06-12 18:21:00,50.024092836946274
2025-06-12 19:15:00,53.2
2025-06-12 01:20:00,87.9
2025-06-12 11:26:00,51.6
2025-06-12 09:33:00,91.3
2025-06-12 09:11:00,26.3
2025-06-12 16:44:00,1.6
2025-06-12 12:22:00,9.1
2025-06-12 10:40:00,55.9
2025-06-12 16:21:00,74.3
2025-06-12 23:51:00,82.2
2025-06-12 17:33:00,66.6
2025-06-12 11:37:00,50.024092836946274
2025-06-12 08:33:00,6.9
2025-06-12 20:41:00,81.1
2025-06-12 10:20:00,19.5
2025-06-12 16:24:00,33.5
2025-06-12 15:51:00,50.024092836946274
2025-06-12 13:26:00,1.4
2025-06-12 09:46:00,89.6
2025-06-12 22:00:00,41.3
2025-06-12 20:08:00,38.4
2025-06-12 14:29:00,94.9
2025-06-12 13:00:00,43.8
2025-06-12 09:31:00,62.2
2025-06-12 13:04:00,19.8
2025-06-12 06:03:00,62.9
2025-06-12 23:28:00,54.9
2025-06-12 14:20:00,27.0
2025-06-12 08:10:00,78.9
2025-06-12 07:07:00,50.024092836946274
2025-06-12 04:08:00,50.0
2025-06-12 05:32:00,57.7
2025-06-12 17:33:00,33.1
2025-06-12 00:09:00,13.9
2025-06-12 05:52:00,60.1
2025-06-12 12:01:00,53.9
2025-06-12 17:13:00,50.024092836946274
2025-06-12 20:22:00,50.024092836946274
2025-06-12 05:02:00,50.024092836946274
2025-06-12 03:10:00,16.5
2025-06-12 17:53:00,20.7
2025-06-12 04:17:00,85.2
2025-06-12 04:07:00,47.5
2025-06-12 00:18:00,50.024092836946274
2025-06-12 21:41:00,34.1
2025-06-12 07:11:00,23.0
2025-06-12 23:31:00,19.5
2025-06-12 11:55:00,50.024092836946274
2025-06-12 10:53:00,2.2
2025-06-12 07:42:00,93.5
2025-06-12 04:10:00,80.3
2025-06-12 14:07:00,97.9
2025-06-12 10:20:00,81.2
2025-06-12 10:11:00,8.8
2025-06-12 22:48:00,58.5
2025-06-12 06:38:00,90.7
2025-06-12 17:16:00,27.1
2025-06-12 08:31:00,50.024092836946274
2025-06-12 15:33:00,51.7
2025-06-12 03:46:00,50.024092836946274
2025-06-12 09:27:00,50.024092836946274
2025-06-12 21:18:00,96.6
2025-06-12 16:42:00,50.024092836946274
2025-06-12 00:45:00,14.2
2025-06-12 07:11:00,90.9
2025-06-12 14:08:00,33.9
2025-06-12 13:54:00,77.5
2025-06-12 05:23:00,96.1
2025-06-12 16:28:00,50.024092836946274
2025-06-12 14:16:00,45.0
2025-06-12 05:49:00,50.024092836946274
2025-06-12 10:55:00,77.3
2025-06-12 09:33:00,0.2
2025-06-12 01:51:00,5.5
2025-06-12 07:24:00,98.2
2025-06-12 03:43:00,39.9
2025-06-12 11:59:00,11.5
2025-06-12 23:49:00,50.024092836946274
2025-06-12 22:42:00,90.0
2025-06-12 23:33:00,31.2
2025-06-12 03:41:00,94.6
2025-06-12 23:53:00,93.1
2025-06-12 09:16:00,29.5
2025-06-12 09:21:00,92.8
2025-06-12 23:49:00,85.1
2025-06-12 12:07:00,14.6
2025-06-12 07:18:00,45.4
2025-06-12 09:23:00,70.8
2025-06-12 16:34:00,50.024092836946274
2025-06-12 21:31:00,36.7
2025-06-12 02:59:00,55.2
2025-06-12 14:02:00,50.024092836946274
2025-06-12 10:49:00,84.4
2025-06-12 15:53:00,74.6
2025-06-12 18:44:00,93.4
2025-06-12 20:03:00,80.0
2025-06-12 00:26:00,68.0
2025-06-12 14:02:00,67.3
2025-06-12 20:55:00,75.9
2025-06-12 12:49:00,50.024092836946274
2025-06-12 09:27:00,98.5
2025-06-12 12:44:00,85.4
2025-06-12 09:51:00,45.2
2025-06-12 18:41:00,50.024092836946274
2025-06-12 10:11:00,99.8
2025-06-12 09:24:00,85.3
2025-06-12 04:56:00,62.5
2025-06-12 21:58:00,64.0
2025-06-12 03:27:00,12.5
2025-06-12 18:01:00,71.7
2025-06-12 20:52:00,41.6
2025-06-12 00:04:00,4.7
2025-06-12 03:37:00,7.8
2025-06-12 22:08:00,26.2
2025-06-12 12:58:00,37.4
2025-06-12 07:04:00,71.3
2025-06-12 06:59:00,60.2
2025-06-12 17:28:00,50.6
2025-06-12 03:36:00,11.5
2025-06-12 10:11:00,96.2
2025-06-12 08:20:00,8.5
2025-06-12 19:49:00,66.3
2025-06-12 03:19:00,72.9
2025-06-12 16:58:00,8.9
2025-06-12 14:09:00,14.3
2025-06-12 05:22:00,19.6
2025-06-12 15:56:00,51.8
2025-06-12 14:26:00,26.1
2025-06-12 10:19:00,22.9
2025-06-12 03:36:00,48.0
2025-06-12 12:20:00,3.9
2025-06-12 18:40:00,74.9
2025-06-12 15:43:00,39.4
2025-06-12 00:49:00,89.6
2025-06-12 12:32:00,95.6
2025-06-12 13:44:00,43.8
2025-06-12 18:04:00,50.024092836946274
2025-06-12 13:53:00,11.4
2025-06-12 01:41:00,15.2
2025-06-12 17:36:00,50.024092836946274
2025-06-12 08:03:00,15.7
2025-06-12 09:01:00,50.024092836946274
2025-06-12 23:55:00,65.7
2025-06-12 04:14:00,21.0
2025-06-12 03:14:00,95.8
2025-06-12 11:33:00,81.1
2025-06-12 13:10:00,68.9
2025-06-12 02:25:00,33.0
2025-06-12 22:48:00,63.1
2025-06-12 07:05:00,72.0
2025-06-12 05:34:00,36.9
2025-06-12 06:01:00,42.3
2025-06-12 13:57:00,9.1
2025-06-12 19:16:00,20.6
2025-06-12 06:19:00,92.9
2025-06-12 04:18:00,49.2
2025-06-12 13:28:00,95.5
2025-06-12 20:25:00,55.5
2025-06-12 05:07:00,35.0
2025-06-12 02:31:00,77.1
2025-06-12 14:12:00,8.3
2025-06-12 15:19:00,52.0
2025-06-12 04:18:00,42.3
2025-06-12 06:07:00,77.6
2025-06-12 11:50:00,49.54963144963145
2025-06-12 22:35:00,91.8
2025-06-12 10:05:00,80.1
2025-06-12 12:42:00,49.54963144963145
2025-06-12 21:59:00,31.2
2025-06-12 23:26:00,23.8
2025-06-12 13:15:00,81.8
2025-06-12 21:57:00,65.3
2025-06-12 21:15:00,79.8
2025-06-12 07:31:00,49.54963144963145
2025-06-12 10:59:00,79.4
2025-06-12 06:21:00,30.4
2025-06-12 00:15:00,16.2
2025-06-12 01:32:00,76.0
2025-06-12 23:34:00,46.0
2025-06-12 02:58:00,85.8
2025-06-12 07:00:00,13.4
2025-06-12 10:30:00,26.3
2025-06-12 01:55:00,78.2
2025-06-12 12:30:00,21.5
2025-06-12 05:47:00,49.54963144963145
2025-06-12 05:33:00,51.5
2025-06-12 02:56:00,45.2
2025-06-12 20:47:00,93.9
2025-06-12 22:19:00,96.5
2025-06-12 04:28:00,30.3
2025-06-12 07:32:00,81.5
2025-06-12 06:42:00,17.1
2025-06-12 23:33:00,49.54963144963145
2025-06-12 17:11:00,5.5
2025-06-12 10:45:00,41.5
2025-06-12 09:48:00,61.2
2025-06-12 19:23:00,25.5
2025-06-12 10:11:00,26.5
2025-06-12 11:14:00,69.7
2025-06-12 03:49:00,71.3
2025-06-12 11:27:00,32.8
2025-06-12 14:09:00,7.8
2025-06-12 03:13:00,41.9
2025-06-12 13:13:00,65.7
2025-06-12 17:50:00,9.5
2025-06-12 23:38:00,49.54963144963145
2025-06-12 11:07:00,61.7
2025-06-12 21:34:00,19.6
2025-06-12 01:38:00,24.7
2025-06-12 16:06:00,49.54963144963145
2025-06-12 14:25:00,17.4
2025-06-12 12:15:00,84.5
2025-06-12 21:05:00,17.3
2025-06-12 20:40:00,69.9
2025-06-12 09:41:00,66.0
2025-06-12 16:02:00,44.7
2025-06-12 08:04:00,7.9
2025-06-12 16:25:00,49.54963144963145
2025-06-12 11:59:00,84.9
2025-06-12 15:46:00,49.54963144963145
2025-06-12 01:04:00,60.4
2025-06-12 05:05:00,3.0
2025-06-12 07:24:00,43.3
2025-06-12 16:54:00,13.7
2025-06-12 12:53:00,60.7
2025-06-12 15:02:00,34.5
2025-06-12 01:23:00,27.7
2025-06-12 01:49:00,91.9
2025-06-12 05:18:00,59.6
2025-06-12 16:44:00,20.6
2025-06-12 13:46:00,49.54963144963145
2025-06-12 06:50:00,40.1
2025-06-12 10:23:00,18.3
2025-06-12 05:11:00,11.9
2025-06-12 23:26:00,39.8
2025-06-12 13:54:00,19.4
2025-06-12 07:49:00,22.2
2025-06-12 09:43:00,19.9
2025-06-12 00:15:00,81.2
2025-06-12 10:58:00,37.2
2025-06-12 12:10:00,18.3
2025-06-12 09:06:00,16.6
2025-06-12 23:55:00,84.9
2025-06-12 15:09:00,49.4
2025-06-12 11:44:00,54.0
2025-06-12 11:44:00,79.0
2025-06-12 12:34:00,35.0
2025-06-12 03:25:00,34.6
2025-06-12 14:35:00,98.6
2025-06-12 06:42:00,63.1
2025-06-12 11:01:00,83.8
2025-06-12 15:13:00,49.54963144963145
2025-06-12 16:22:00,1.4
2025-06-12 23:13:00,71.2
2025-06-12 11:08:00,53.7
2025-06-12 16:08:00,49.54963144963145
2025-06-12 03:15:00,47.3
2025-06-12 05:52:00,49.54963144963145
2025-06-12 19:18:00,22.9
2025-06-12 10:27:00,49.5
2025-06-12 11:01:00,49.3
2025-06-12 15:31:00,98.0
2025-06-12 22:03:00,26.8
2025-06-12 05:17:00,40.6
2025-06-12 10:30:00,56.1
2025-06-12 03:39:00,50.6
2025-06-12 11:02:00,74.1
2025-06-12 12:09:00,32.2
2025-06-12 00:27:00,60.5
2025-06-12 20:36:00,73.8
2025-06-12 14:33:00,96.9
2025-06-12 04:25:00,27.1
2025-06-12 19:03:00,49.54963144963145
2025-06-12 22:54:00,50.1
2025-06-12 12:58:00,49.0
2025-06-12 14:22:00,29.5
2025-06-12 02:12:00,49.54963144963145
2025-06-12 02:32:00,60.5
2025-06-12 05:00:00,16.2
2025-06-12 23:40:00,19.1
2025-06-12 05:46:00,95.4
2025-06-12 02:09:00,56.4
2025-06-12 23:35:00,66.7
2025-06-12 20:12:00,44.1
2025-06-12 06:14:00,1.3
2025-06-12 09:01:00,52.1
2025-06-12 09:16:00,50.6
2025-06-12 02:05:00,49.54963144963145
2025-06-12 06:51:00,64.0
2025-06-12 14:57:00,49.54963144963145
2025-06-12 14:30:00,72.1
2025-06-12 18:49:00,73.4
2025-06-12 05:09:00,7.6
2025-06-12 02:35:00,49.54963144963145
2025-06-12 08:46:00,95.5
2025-06-12 01:35:00,87.9
2025-06-12 16:28:00,77.9
2025-06-12 04:08:00,49.54963144963145
2025-06-12 05:40:00,15.1
2025-06-12 15:20:00,79.0
2025-06-12 07:38:00,6.6
2025-06-12 06:15:00,36.5
2025-06-12 04:11:00,67.7
2025-06-12 20:55:00,94.5
2025-06-12 15:43:00,39.9
2025-06-12 23:07:00,49.54963144963145
2025-06-12 02:21:00,82.2
2025-06-12 18:59:00,83.8
2025-06-12 13:53:00,1.7
2025-06-12 20:42:00,49.3
2025-06-12 02:37:00,93.7
2025-06-12 10:58:00,95.2
2025-06-12 13:02:00,85.6
2025-06-12 16:22:00,36.6
2025-06-12 15:23:00,39.2
2025-06-12 18:15:00,93.2
2025-06-12 01:15:00,71.5
2025-06-12 01:57:00,42.5
2025-06-12 23:44:00,49.54963144963145
2025-06-12 13:08:00,41.3
2025-06-12 00:09:00,77.6
2025-06-12 11:39:00,94.7
2025-06-12 14:32:00,49.54963144963145
2025-06-12 14:16:00,49.54963144963145
2025-06-12 17:24:00,0.0
2025-06-12 14:28:00,83.2
2025-06-12 12:38:00,49.54963144963145
2025-06-12 11:20:00,91.6
2025-06-12 18:07:00,72.8
2025-06-12 19:39:00,39.7
2025-06-12 16:34:00,70.5
2025-06-12 11:31:00,97.9
2025-06-12 11:28:00,47.1
2025-06-12 23:40:00,4.4
2025-06-12 04:09:00,70.0
2025-06-12 11:30:00,7.6
2025-06-12 22:51:00,43.8
2025-06-12 19:43:00,50.7
2025-06-12 10:14:00,59.6
2025-06-12 15:26:00,64.6
2025-06-12 01:53:00,49.54963144963145
2025-06-12 02:11:00,68.2
2025-06-12 00:18:00,2.5
2025-06-12 06:41:00,33.5
2025-06-12 06:48:00,0.5
2025-06-12 09:16:00,95.5
2025-06-12 10:04:00,65.0
2025-06-12 22:06:00,28.1
2025-06-12 14:30:00,49.54963144963145
2025-06-12 18:25:00,49.54963144963145
2025-06-12 21:09:00,16.5
2025-06-12 04:22:00,0.5
2025-06-12 13:15:00,68.5
2025-06-12 07:35:00,12.1
2025-06-12 00:11:00,47.0
2025-06-12 02:04:00,3.3
2025-06-12 09:21:00,77.3
2025-06-12 06:24:00,82.1
2025-06-12 20:41:00,32.8
2025-06-12 07:27:00,20.0
2025-06-12 14:01:00,26.6
2025-06-12 23:00:00,29.2
2025-06-12 15:33:00,5.7
2025-06-12 08:10:00,36.3
2025-06-12 22:11:00,12.9
2025-06-12 07:09:00,24.2
2025-06-12 10:04:00,31.1
2025-06-12 00:53:00,49.54963144963145
2025-06-12 13:43:00,16.7
2025-06-12 23:49:00,78.8
2025-06-12 09:32:00,76.6
2025-06-12 18:29:00,49.54963144963145
2025-06-12 11:48:00,49.54963144963145
2025-06-12 11:22:00,37.0
2025-06-12 02:45:00,90.7
2025-06-12 00:50:00,27.3
2025-06-12 05:36:00,18.2
2025-06-12 05:10:00,99.0
2025-06-12 06:39:00,33.8
2025-06-12 22:23:00,19.4
2025-06-12 00:29:00,68.8
2025-06-12 21:42:00,95.8
2025-06-12 11:00:00,44.2
2025-06-12 17:16:00,8.6
2025-06-12 13:04:00,34.6
2025-06-12 00:13:00,54.2
2025-06-12 18:18:00,75.7
2025-06-12 08:37:00,37.3
2025-06-12 01:48:00,45.9
2025-06-12 23:56:00,93.4
2025-06-12 14:48:00,71.8
2025-06-12 02:52:00,2.5
2025-06-12 06:29:00,49.54963144963145
2025-06-12 08:08:00,49.54963144963145
2025-06-12 06:32:00,99.0
2025-06-12 12:59:00,49.54963144963145
2025-06-12 16:21:00,37.8
2025-06-12 05:13:00,23.7
2025-06-12 13:52:00,49.54963144963145
2025-06-12 10:36:00,49.54963144963145
2025-06-12 14:00:00,43.9
2025-06-12 16:14:00,74.5
2025-06-12 19:39:00,49.54963144963145
2025-06-12 17:41:00,97.1
2025-06-12 16:48:00,32.5
2025-06-12 19:31:00,27.6
2025-06-12 02:02:00,24.5
2025-06-12 23:17:00,46.8
2025-06-12 03:14:00,43.1
2025-06-12 15:20:00,45.8
2025-06-12 10:43:00,52.1
2025-06-12 06:25:00,68.5
2025-06-12 11:50:00,90.5
2025-06-12 09:58:00,64.1
2025-06-12 14:09:00,65.7
2025-06-12 17:10:00,35.5
2025-06-12 20:23:00,80.2
2025-06-12 19:34:00,49.54963144963145
2025-06-12 05:17:00,81.6
2025-06-12 10:34:00,92.8
2025-06-12 00:16:00,92.0
2025-06-12 19:47:00,33.5
2025-06-12 11:16:00,87.9
2025-06-12 21:01:00,49.54963144963145
2025-06-12 22:11:00,49.54963144963145
2025-06-12 05:35:00,31.0
2025-06-12 01:23:00,11.9
2025-06-12 20:28:00,19.5
2025-06-12 21:08:00,12.3
2025-06-12 15:27:00,1.0
2025-06-12 09:31:00,51.1
2025-06-12 23:37:00,84.0
2025-06-12 14:37:00,30.7
2025-06-12 03:14:00,82.4
2025-06-12 11:12:00,92.2
2025-06-12 11:55:00,12.2
2025-06-12 06:59:00,73.9
2025-06-12 11:58:00,30.4
2025-06-12 05:13:00,30.2
2025-06-12 00:02:00,13.0
2025-06-12 03:35:00,70.4
2025-06-12 12:46:00,42.3
2025-06-12 13:22:00,12.0
2025-06-12 04:59:00,5.6
2025-06-12 18:28:00,55.4
2025-06-12 14:31:00,49.54963144963145
2025-06-12 08:14:00,10.1
2025-06-12 22:07:00,96.4
2025-06-12 08:19:00,57.0
2025-06-12 00:43:00,65.4
2025-06-12 23:50:00,70.2
2025-06-12 22:22:00,51.2
2025-06-12 01:39:00,49.54963144963145
2025-06-12 01:26:00,20.6
2025-06-12 08:30:00,89.5
2025-06-12 11:35:00,55.2
2025-06-12 21:48:00,46.9
2025-06-12 10:23:00,3.0
2025-06-12 01:39:00,82.1
2025-06-12 15:46:00,90.8
2025-06-12 10:38:00,69.7
2025-06-12 19:50:00,73.1
2025-06-12 16:35:00,29.8
2025-06-12 07:03:00,48.1
2025-06-12 04:27:00,52.0
2025-06-12 11:39:00,42.0
2025-06-12 12:49:00,24.0
2025-06-12 15:06:00,39.2
2025-06-12 04:52:00,27.1
2025-06-12 11:25:00,19.0
2025-06-12 10:00:00,83.5
2025-06-12 07:48:00,100.0
2025-06-12 06:43:00,49.54963144963145
2025-06-12 00:39:00,18.5
2025-06-12 13:22:00,29.7
2025-06-12 18:07:00,39.7
2025-06-12 23:31:00,49.7
2025-06-12 01:28:00,39.1
2025-06-12 01:15:00,10.3
2025-06-12 10:23:00,63.9
2025-06-12 15:19:00,49.54963144963145
2025-06-12 03:02:00,49.54963144963145
2025-06-12 05:08:00,6.8
2025-06-12 13:34:00,51.3
2025-06-12 03:58:00,49.54963144963145
2025-06-12 21:53:00,24.0
2025-06-12 10:29:00,51.9
2025-06-12 13:14:00,72.0
2025-06-12 04:24:00,12.9
2025-06-12 01:27:00,49.54963144963145
2025-06-12 17:08:00,49.54963144963145
2025-06-12 12:00:00,39.7
2025-06-12 11:22:00,3.4
2025-06-12 02:13:00,97.1
2025-06-12 00:41:00,49.54963144963145
2025-06-12 21:10:00,44.0
2025-06-12 12:42:00,90.0
2025-06-12 01:40:00,86.6
2025-06-12 04:32:00,54.3
2025-06-12 21:43:00,60.2
2025-06-12 14:37:00,91.0
2025-06-12 05:01:00,77.3
2025-06-12 22:05:00,59.8
2025-06-12 19:39:00,35.9
2025-06-12 23:58:00,79.2
2025-06-12 21:19:00,80.7
2025-06-12 07:17:00,50.9
2025-06-12 19:58:00,30.4
2025-06-12 04:45:00,88.0
2025-06-12 01:14:00,18.2
2025-06-12 20:42:00,10.9
2025-06-12 16:07:00,98.7
2025-06-12 16:30:00,49.54963144963145
2025-06-12 23:58:00,14.9
2025-06-12 11:56:00,98.8
2025-06-12 08:00:00,49.86672560113154
2025-06-12 08:51:00,37.7
2025-06-12 01:31:00,11.9
2025-06-12 16:07:00,9.5
2025-06-12 17:33:00,95.0
2025-06-12 23:37:00,25.5
2025-06-12 17:46:00,6.6
2025-06-12 22:54:00,69.0
2025-06-12 19:03:00,35.5
2025-06-12 23:39:00,97.0
2025-06-12 19:03:00,3.6
2025-06-12 00:31:00,49.86672560113154
2025-06-12 00:30:00,57.9
2025-06-12 05:21:00,37.0
2025-06-12 06:25:00,99.7
2025-06-12 23:59:00,83.1
2025-06-12 11:39:00,49.86672560113154
2025-06-12 07:56:00,17.2
2025-06-12 20:19:00,61.5
2025-06-12 16:58:00,11.5
2025-06-12 14:52:00,69.8
2025-06-12 01:23:00,49.86672560113154
2025-06-12 09:51:00,35.6
2025-06-12 13:31:00,49.86672560113154
2025-06-12 17:13:00,79.3
2025-06-12 08:07:00,90.2
2025-06-12 04:21:00,26.4
2025-06-12 07:18:00,22.6
2025-06-12 16:35:00,95.3
2025-06-12 01:46:00,97.3
2025-06-12 12:51:00,49.86672560113154
2025-06-12 23:12:00,49.86672560113154
2025-06-12 07:11:00,2.8
2025-06-12 08:59:00,53.6
2025-06-12 19:07:00,26.9
2025-06-12 07:22:00,35.7
2025-06-12 02:15:00,60.1
2025-06-12 04:52:00,17.3
2025-06-12 14:16:00,49.86672560113154
2025-06-12 08:57:00,71.5
2025-06-12 06:27:00,15.4
2025-06-12 18:23:00,82.0
2025-06-12 05:05:00,7.0
2025-06-12 22:44:00,31.4
2025-06-12 17:05:00,61.5
2025-06-12 23:26:00,90.5
2025-06-12 13:01:00,88.8
2025-06-12 12:07:00,77.9
2025-06-12 09:23:00,49.86672560113154
2025-06-12 22:35:00,95.9
2025-06-12 18:36:00,49.86672560113154
2025-06-12 16:44:00,67.3
2025-06-12 14:16:00,97.1
2025-06-12 18:17:00,49.86672560113154
2025-06-12 14:35:00,3.5
2025-06-12 04:45:00,45.8
2025-06-12 01:58:00,56.5
2025-06-12 06:48:00,49.86672560113154
2025-06-12 20:59:00,15.5
2025-06-12 03:28:00,84.7
2025-06-12 20:02:00,49.86672560113154
2025-06-12 12:32:00,53.5
2025-06-12 11:28:00,49.86672560113154
2025-06-12 00:26:00,62.3
2025-06-12 01:26:00,9.8
2025-06-12 19:41:00,21.2
2025-06-12 22:00:00,82.2
2025-06-12 20:23:00,49.86672560113154
2025-06-12 21:46:00,49.86672560113154
2025-06-12 05:12:00,49.86672560113154
2025-06-12 04:44:00,63.0
2025-06-12 05:36:00,41.6
2025-06-12 11:03:00,33.2
2025-06-12 17:29:00,97.7
2025-06-12 07:00:00,49.86672560113154
2025-06-12 12:52:00,47.5
2025-06-12 20:16:00,41.8
2025-06-12 05:12:00,49.86672560113154
2025-06-12 06:10:00,54.7
2025-06-12 02:13:00,49.86672560113154
2025-06-12 17:31:00,13.1
2025-06-12 21:37:00,10.9
2025-06-12 16:32:00,46.1
2025-06-12 06:16:00,68.8
2025-06-12 04:50:00,34.6
2025-06-12 22:13:00,86.4
2025-06-12 02:36:00,70.3
2025-06-12 08:00:00,30.4
2025-06-12 13:41:00,8.7
2025-06-12 19:54:00,63.5
2025-06-12 08:06:00,57.9
2025-06-12 04:35:00,15.7
2025-06-12 15:06:00,49.86672560113154
2025-06-12 17:07:00,13.3
2025-06-12 17:20:00,49.86672560113154
2025-06-12 09:49:00,2.7
2025-06-12 05:08:00,58.3
2025-06-12 18:26:00,11.8
2025-06-12 19:11:00,49.86672560113154
2025-06-12 08:46:00,97.1
2025-06-12 23:11:00,49.86672560113154
2025-06-12 16:16:00,38.5
2025-06-12 18:09:00,50.6
2025-06-12 09:41:00,37.3
2025-06-12 16:32:00,54.7
2025-06-12 10:28:00,49.86672560113154
2025-06-12 21:19:00,9.3
2025-06-12 15:42:00,2.9
2025-06-12 04:18:00,4.4
2025-06-12 23:41:00,17.2
2025-06-12 00:32:00,36.8
2025-06-12 11:14:00,6.7
2025-06-12 16:01:00,57.0
2025-06-12 08:43:00,10.5
2025-06-12 01:04:00,0.9
2025-06-12 13:09:00,12.4
2025-06-12 00:51:00,14.9
2025-06-12 03:01:00,61.2
2025-06-12 13:26:00,52.0
2025-06-12 19:04:00,15.3
2025-06-12 18:46:00,45.0
2025-06-12 05:13:00,51.4
2025-06-12 23:58:00,50.8
2025-06-12 17:57:00,77.4
2025-06-12 07:30:00,49.86672560113154
2025-06-12 20:18:00,49.86672560113154
2025-06-12 16:09:00,14.2
2025-06-12 13:15:00,81.5
2025-06-12 11:06:00,77.6
2025-06-12 22:25:00,88.5
2025-06-12 11:13:00,47.7
2025-06-12 18:11:00,18.0
2025-06-12 23:22:00,88.3
2025-06-12 00:18:00,98.4
2025-06-12 12:44:00,83.8
2025-06-12 10:13:00,20.3
2025-06-12 17:06:00,25.0
2025-06-12 21:29:00,40.4
2025-06-12 04:05:00,3.9
2025-06-12 21:15:00,81.5
2025-06-12 07:21:00,61.3
2025-06-12 19:51:00,49.86672560113154
2025-06-12 11:42:00,98.6
2025-06-12 02:38:00,57.8
2025-06-12 18:45:00,18.7
2025-06-12 03:56:00,49.4
2025-06-12 23:25:00,99.4
2025-06-12 03:44:00,28.4
2025-06-12 02:52:00,7.1
2025-06-12 05:38:00,82.4
2025-06-12 08:35:00,31.8
2025-06-12 01:14:00,49.86672560113154
2025-06-12 20:10:00,94.0
2025-06-12 04:17:00,19.5
2025-06-12 11:51:00,85.1
2025-06-12 07:27:00,11.6
2025-06-12 13:53:00,24.4
2025-06-12 17:00:00,11.2
2025-06-12 18:12:00,16.8
2025-06-12 01:57:00,75.0
2025-06-12 15:15:00,42.0
2025-06-12 04:19:00,65.1
2025-06-12 10:41:00,70.2
2025-06-12 02:38:00,34.6
2025-06-12 18:50:00,11.6
2025-06-12 11:09:00,72.9
2025-06-12 21:56:00,57.3
2025-06-12 15:33:00,91.5
2025-06-12 01:54:00,97.5
2025-06-12 13:56:00,31.3
2025-06-12 05:00:00,43.4
2025-06-12 08:32:00,89.6
2025-06-12 08:01:00,65.5
2025-06-12 00:22:00,49.86672560113154
2025-06-12 02:36:00,75.9
2025-06-12 23:53:00,97.9
2025-06-12 20:38:00,18.7
2025-06-12 16:25:00,99.0
2025-06-12 01:00:00,49.86672560113154
2025-06-12 17:20:00,80.7
2025-06-12 14:20:00,47.1
2025-06-12 16:55:00,59.4
2025-06-12 01:28:00,92.3
2025-06-12 11:34:00,63.5
2025-06-12 19:54:00,49.86672560113154
2025-06-12 07:26:00,92.9
2025-06-12 18:49:00,49.86672560113154
2025-06-12 12:53:00,53.9
2025-06-12 15:58:00,77.5
2025-06-12 05:06:00,56.3
2025-06-12 14:19:00,25.4
2025-06-12 16:49:00,30.7
2025-06-12 03:56:00,44.6
2025-06-12 20:23:00,61.7
2025-06-12 08:44:00,85.5
2025-06-12 22:43:00,67.9
2025-06-12 02:39:00,92.7
2025-06-12 15:11:00,61.8
2025-06-12 18:43:00,44.4
2025-06-12 12:36:00,63.7
2025-06-12 01:59:00,72.5
2025-06-12 01:39:00,25.7
2025-06-12 07:06:00,71.8
2025-06-12 12:42:00,60.3
2025-06-12 07:56:00,52.4
2025-06-12 10:07:00,40.8
2025-06-12 00:55:00,49.86672560113154
2025-06-12 13:35:00,73.0
2025-06-12 04:47:00,82.1
2025-06-12 11:39:00,16.7
2025-06-12 05:25:00,89.0
2025-06-12 07:16:00,22.6
2025-06-12 20:47:00,37.8
2025-06-12 21:38:00,46.9
2025-06-12 08:34:00,36.0
2025-06-12 10:10:00,77.3
2025-06-12 18:44:00,52.7
2025-06-12 05:04:00,14.4
2025-06-12 04:30:00,33.9
2025-06-12 01:44:00,49.86672560113154
2025-06-12 09:35:00,19.5
2025-06-12 12:43:00,11.3
2025-06-12 22:31:00,49.86672560113154
2025-06-12 22:14:00,8.8
2025-06-12 14:41:00,49.86672560113154
2025-06-12 00:18:00,65.1
2025-06-12 10:23:00,44.6
2025-06-12 20:35:00,50.9
2025-06-12 13:27:00,64.7
2025-06-12 07:31:00,77.8
2025-06-12 05:51:00,40.2
2025-06-12 05:04:00,36.6
2025-06-12 06:39:00,49.86672560113154
2025-06-12 05:02:00,98.3
2025-06-12 22:00:00,88.3
2025-06-12 14:53:00,7.8
2025-06-12 01:22:00,47.3
2025-06-12 09:33:00,20.2
2025-06-12 18:22:00,14.5
2025-06-12 09:13:00,59.3
2025-06-12 04:30:00,7.1
2025-06-12 05:40:00,81.5
2025-06-12 17:26:00,63.6
2025-06-12 03:26:00,0.3
2025-06-12 19:06:00,53.5
2025-06-12 04:36:00,31.7
2025-06-12 03:29:00,49.86672560113154
2025-06-12 19:02:00,49.86672560113154
2025-06-12 01:37:00,1.5
2025-06-12 01:27:00,76.6
2025-06-12 23:32:00,43.0
2025-06-12 04:45:00,7.7
2025-06-12 06:14:00,18.1
2025-06-12 08:35:00,16.7
2025-06-12 17:23:00,49.86672560113154
2025-06-12 01:07:00,95.1
2025-06-12 20:24:00,49.86672560113154
2025-06-12 08:36:00,57.1
2025-06-12 12:50:00,49.86672560113154
2025-06-12 14:04:00,9.1
2025-06-12 16:24:00,49.86672560113154
2025-06-12 22:54:00,49.86672560113154
2025-06-12 20:00:00,43.2
2025-06-12 03:06:00,87.6
2025-06-12 11:00:00,15.6
2025-06-12 20:18:00,51.4
2025-06-12 18:59:00,13.5
2025-06-12 05:49:00,91.1
2025-06-12 20:37:00,49.86672560113154
2025-06-12 20:05:00,32.6
2025-06-12 19:49:00,18.1
2025-06-12 10:15:00,92.4
2025-06-12 14:54:00,13.4
2025-06-12 04:09:00,6.6
2025-06-12 09:08:00,15.0
2025-06-12 13:28:00,76.6
2025-06-12 14:13:00,29.5
2025-06-12 23:45:00,91.1
2025-06-12 05:53:00,52.1
2025-06-12 01:25:00,9.2
2025-06-12 06:04:00,41.6
2025-06-12 06:21:00,81.0
2025-06-12 17:24:00,62.4
2025-06-12 10:29:00,49.2
2025-06-12 06:29:00,76.6
2025-06-12 23:58:00,50.9
2025-06-12 16:04:00,37.1
2025-06-12 16:02:00,92.0
2025-06-12 08:17:00,73.9
2025-06-12 01:05:00,64.8
2025-06-12 10:01:00,64.4
2025-06-12 06:01:00,49.86672560113154
2025-06-12 00:34:00,11.1
2025-06-12 11:16:00,49.86672560113154
2025-06-12 05:27:00,69.7
2025-06-12 18:31:00,11.2
2025-06-12 07:54:00,37.4
2025-06-12 00:59:00,40.5
2025-06-12 05:00:00,76.4
2025-06-12 01:39:00,97.0
2025-06-12 09:14:00,25.8
2025-06-12 21:04:00,49.86672560113154
2025-06-12 15:21:00,57.2
2025-06-12 13:02:00,11.6
2025-06-12 18:44:00,66.5
2025-06-12 11:34:00,92.8
2025-06-12 11:55:00,70.1
2025-06-12 18:29:00,18.1
2025-06-12 04:31:00,9.2
2025-06-12 03:47:00,28.5
2025-06-12 07:44:00,49.86672560113154
2025-06-12 23:55:00,42.6
2025-06-12 07:57:00,49.86672560113154
2025-06-12 00:07:00,31.2
2025-06-12 16:35:00,96.8
2025-06-12 23:08:00,11.8
2025-06-12 10:33:00,71.4
2025-06-12 18:03:00,21.2
2025-06-12 21:30:00,56.1
2025-06-12 05:34:00,49.86672560113154
2025-06-12 11:28:00,68.8
2025-06-12 12:37:00,49.86672560113154
2025-06-12 03:48:00,2.0
2025-06-12 23:51:00,42.9
2025-06-12 11:13:00,57.6
2025-06-12 17:48:00,2.7
2025-06-12 08:15:00,66.1
2025-06-12 16:58:00,66.6
2025-06-12 06:52:00,60.6
2025-06-12 14:41:00,63.2
2025-06-12 19:37:00,21.0
2025-06-12 08:07:00,49.86672560113154
2025-06-12 16:26:00,31.3
2025-06-12 00:37:00,41.3
2025-06-12 19:31:00,65.1
2025-06-12 12:48:00,50.613932505273034
2025-06-12 07:08:00,0.8
2025-06-12 10:33:00,92.6
2025-06-12 18:20:00,97.6
2025-06-12 03:01:00,41.4
2025-06-12 19:01:00,66.2
2025-06-12 04:56:00,93.5
2025-06-12 11:53:00,85.9
2025-06-12 13:54:00,32.2
2025-06-12 01:54:00,75.3
2025-06-12 05:52:00,57.2
2025-06-12 06:56:00,88.1
2025-06-12 22:06:00,5.1
2025-06-12 06:38:00,82.3
2025-06-12 13:28:00,5.5
2025-06-12 20:35:00,89.3
2025-06-12 13:51:00,50.613932505273034
2025-06-12 11:21:00,68.4
2025-06-12 22:16:00,50.613932505273034
2025-06-12 01:12:00,16.2
2025-06-12 17:04:00,41.4
2025-06-12 01:13:00,3.4
2025-06-12 21:15:00,50.613932505273034
2025-06-12 14:23:00,47.7
2025-06-12 13:50:00,4.6
2025-06-12 06:57:00,1.3
2025-06-12 17:12:00,68.7
2025-06-12 06:12:00,50.613932505273034
2025-06-12 11:13:00,89.9
2025-06-12 16:45:00,96.9
2025-06-12 21:44:00,69.5
2025-06-12 18:00:00,96.7
2025-06-12 12:36:00,50.613932505273034
2025-06-12 19:27:00,39.2
2025-06-12 02:04:00,0.4
2025-06-12 05:41:00,39.0
2025-06-12 13:22:00,13.2
2025-06-12 08:44:00,44.2
2025-06-12 03:28:00,18.5
2025-06-12 00:34:00,27.2
2025-06-12 15:52:00,61.5
2025-06-12 15:05:00,59.4
2025-06-12 02:55:00,17.6
2025-06-12 03:38:00,14.7
2025-06-12 09:26:00,49.1
2025-06-12 11:14:00,36.7
2025-06-12 05:56:00,62.3
2025-06-12 17:05:00,54.6
2025-06-12 13:00:00,19.7
2025-06-12 17:50:00,91.7
2025-06-12 10:55:00,18.8
2025-06-12 09:21:00,87.1
2025-06-12 23:26:00,39.0
2025-06-12 13:35:00,43.8
2025-06-12 11:45:00,0.4
2025-06-12 04:45:00,50.613932505273034
2025-06-12 13:42:00,50.613932505273034
2025-06-12 01:57:00,99.6
2025-06-12 21:09:00,59.7
2025-06-12 14:27:00,32.2
2025-06-12 14:49:00,50.613932505273034
2025-06-12 14:04:00,94.6
2025-06-12 07:10:00,52.1
2025-06-12 00:32:00,77.0
2025-06-12 07:16:00,70.5
2025-06-12 02:43:00,2.8
2025-06-12 13:56:00,47.0
2025-06-12 15:54:00,75.4
2025-06-12 23:53:00,76.7
2025-06-12 11:52:00,47.3
2025-06-12 07:20:00,94.2
2025-06-12 14:19:00,14.8
2025-06-12 09:09:00,7.2
2025-06-12 09:41:00,6.0
2025-06-12 15:23:00,68.7
2025-06-12 14:29:00,7.4
2025-06-12 13:32:00,4.1
2025-06-12 12:32:00,27.2
2025-06-12 15:59:00,82.8
2025-06-12 06:34:00,68.3
2025-06-12 17:02:00,39.6
2025-06-12 18:22:00,10.6
2025-06-12 11:42:00,56.4
2025-06-12 01:02:00,59.7
2025-06-12 15:51:00,50.613932505273034
2025-06-12 06:24:00,5.6
2025-06-12 06:01:00,42.1
2025-06-12 21:01:00,17.8
2025-06-12 02:10:00,60.8
2025-06-12 14:38:00,50.613932505273034
2025-06-12 03:33:00,88.0
2025-06-12 17:20:00,67.5
2025-06-12 22:02:00,28.9
2025-06-12 18:23:00,95.7
2025-06-12 06:49:00,32.0
2025-06-12 06:11:00,50.613932505273034
2025-06-12 03:21:00,13.6
2025-06-12 00:58:00,26.8
2025-06-12 14:42:00,24.5
2025-06-12 12:18:00,31.8
2025-06-12 18:33:00,13.9
2025-06-12 11:15:00,35.8
2025-06-12 16:39:00,64.2
2025-06-12 03:34:00,44.5
2025-06-12 14:20:00,9.4
2025-06-12 05:39:00,46.4
2025-06-12 05:54:00,93.7
2025-06-12 08:16:00,44.6
2025-06-12 08:30:00,85.4
2025-06-12 00:12:00,50.613932505273034
2025-06-12 10:13:00,89.9
2025-06-12 07:31:00,52.8
2025-06-12 04:34:00,15.0
2025-06-12 09:37:00,38.6
2025-06-12 18:07:00,45.7
2025-06-12 20:57:00,81.9
2025-06-12 09:17:00,39.9
2025-06-12 02:10:00,13.0
2025-06-12 08:10:00,2.6
2025-06-12 21:18:00,72.6
2025-06-12 18:42:00,64.1
2025-06-12 01:00:00,78.3
2025-06-12 03:48:00,33.6
2025-06-12 13:02:00,36.9
2025-06-12 12:00:00,51.7
2025-06-12 00:58:00,60.0
2025-06-12 11:31:00,18.5
2025-06-12 23:15:00,42.6
2025-06-12 18:28:00,25.8
2025-06-12 20:19:00,50.613932505273034
2025-06-12 13:07:00,94.4
2025-06-12 04:41:00,97.3
2025-06-12 09:18:00,91.0
2025-06-12 13:02:00,64.2
2025-06-12 19:33:00,50.613932505273034
2025-06-12 05:19:00,31.0
2025-06-12 00:01:00,2.0
2025-06-12 05:47:00,42.2
2025-06-12 14:41:00,10.8
2025-06-12 19:16:00,50.613932505273034
2025-06-12 23:42:00,35.5
2025-06-12 06:10:00,28.1
2025-06-12 15:32:00,50.613932505273034
2025-06-12 14:27:00,63.2
2025-06-12 03:07:00,20.7
2025-06-12 22:32:00,34.5
2025-06-12 08:03:00,50.613932505273034
2025-06-12 10:35:00,25.8
2025-06-12 20:57:00,37.1
2025-06-12 18:25:00,50.613932505273034
2025-06-12 15:34:00,50.613932505273034
2025-06-12 05:18:00,50.613932505273034
2025-06-12 22:06:00,36.6
2025-06-12 20:37:00,85.0
2025-06-12 12:11:00,50.613932505273034
2025-06-12 18:43:00,50.613932505273034
2025-06-12 19:36:00,50.613932505273034
2025-06-12 02:01:00,18.8
2025-06-12 13:44:00,50.613932505273034
2025-06-12 22:35:00,42.0
2025-06-12 12:08:00,54.9
2025-06-12 22:10:00,57.3
2025-06-12 12:54:00,54.7
2025-06-12 05:25:00,80.7
2025-06-12 15:08:00,75.3
2025-06-12 15:49:00,53.9
2025-06-12 09:07:00,99.8
2025-06-12 19:54:00,47.4
2025-06-12 04:16:00,39.6
2025-06-12 01:42:00,74.0
2025-06-12 00:58:00,94.5
2025-06-12 06:28:00,89.8
2025-06-12 22:15:00,5.3
2025-06-12 05:56:00,37.6
2025-06-12 13:33:00,83.8
2025-06-12 22:24:00,50.9
2025-06-12 23:41:00,41.7
2025-06-12 11:06:00,28.0
2025-06-12 04:39:00,50.613932505273034
2025-06-12 18:25:00,20.0
2025-06-12 22:12:00,52.7
2025-06-12 06:42:00,23.9
2025-06-12 18:00:00,48.0
2025-06-12 01:15:00,96.6
2025-06-12 19:18:00,24.7
2025-06-12 00:05:00,87.8
2025-06-12 16:05:00,32.3
2025-06-12 23:22:00,50.5
2025-06-12 03:33:00,100.0
2025-06-12 02:40:00,81.1
2025-06-12 23:30:00,50.613932505273034
2025-06-12 19:30:00,37.2
2025-06-12 00:41:00,52.3
2025-06-12 01:22:00,4.1
2025-06-12 20:48:00,50.613932505273034
2025-06-12 06:58:00,44.1
2025-06-12 08:51:00,5.4
2025-06-12 10:20:00,50.613932505273034
2025-06-12 10:13:00,31.8
2025-06-12 04:01:00,72.4
2025-06-12 05:22:00,4.7
2025-06-12 06:45:00,41.7
2025-06-12 14:57:00,28.7
2025-06-12 08:16:00,99.0
2025-06-12 20:46:00,3.1
2025-06-12 22:31:00,50.613932505273034
2025-06-12 01:57:00,12.3
2025-06-12 04:04:00,85.3
2025-06-12 04:21:00,98.9
2025-06-12 12:01:00,50.613932505273034
2025-06-12 20:54:00,68.8
2025-06-12 16:38:00,16.6
2025-06-12 12:55:00,50.613932505273034
2025-06-12 16:17:00,42.7
2025-06-12 13:17:00,50.613932505273034
2025-06-12 06:57:00,82.4
2025-06-12 17:56:00,72.9
2025-06-12 11:16:00,93.4
2025-06-12 18:28:00,77.8
2025-06-12 12:54:00,69.6
2025-06-12 23:48:00,64.6
2025-06-12 22:10:00,50.613932505273034
2025-06-12 19:50:00,87.4
2025-06-12 19:30:00,26.2
2025-06-12 14:30:00,63.2
2025-06-12 14:50:00,20.4
2025-06-12 03:31:00,56.3
2025-06-12 18:07:00,50.613932505273034
2025-06-12 02:16:00,50.613932505273034
2025-06-12 19:44:00,68.7
2025-06-12 21:15:00,93.9
2025-06-12 19:53:00,60.7
2025-06-12 22:34:00,89.2
2025-06-12 11:29:00,50.613932505273034
2025-06-12 03:54:00,1.3
2025-06-12 17:08:00,19.9
2025-06-12 00:06:00,44.6
2025-06-12 09:37:00,6.5
2025-06-12 09:31:00,83.1
2025-06-12 23:02:00,85.8
2025-06-12 22:01:00,89.4
2025-06-12 17:03:00,82.5
2025-06-12 00:57:00,23.1
2025-06-12 01:48:00,99.7
2025-06-12 08:06:00,10.6
2025-06-12 04:04:00,25.0
2025-06-12 07:46:00,13.3
2025-06-12 00:47:00,19.7
2025-06-12 02:29:00,58.7
2025-06-12 08:20:00,50.613932505273034
2025-06-12 01:16:00,50.613932505273034
2025-06-12 21:02:00,93.5
2025-06-12 22:07:00,50.613932505273034
2025-06-12 18:04:00,99.1
2025-06-12 05:22:00,35.7
2025-06-12 23:06:00,64.3
2025-06-12 02:32:00,24.6
2025-06-12 14:37:00,41.2
2025-06-12 09:53:00,78.6
2025-06-12 04:48:00,68.3
2025-06-12 04:07:00,36.7
2025-06-12 16:41:00,70.1
2025-06-12 19:24:00,34.0
2025-06-12 20:05:00,80.9
2025-06-12 12:39:00,47.8
2025-06-12 01:14:00,95.0
2025-06-12 05:38:00,37.4
2025-06-12 20:01:00,50.613932505273034
2025-06-12 03:54:00,58.4
2025-06-12 01:14:00,78.2
2025-06-12 04:39:00,19.5
2025-06-12 20:54:00,0.5
2025-06-12 11:54:00,25.0
2025-06-12 14:20:00,9.7
2025-06-12 21:34:00,59.7
2025-06-12 16:58:00,9.8
2025-06-12 11:13:00,50.613932505273034
2025-06-12 09:03:00,98.9
2025-06-12 12:48:00,16.8
2025-06-12 05:52:00,53.1
2025-06-12 07:30:00,50.613932505273034
2025-06-12 21:02:00,50.613932505273034
2025-06-12 12:42:00,58.7
2025-06-12 16:54:00,66.9
2025-06-12 08:18:00,88.1
2025-06-12 03:05:00,11.9
2025-06-12 05:54:00,76.1
2025-06-12 12:36:00,6.3
2025-06-12 00:38:00,19.2
2025-06-12 05:24:00,94.3
2025-06-12 21:51:00,8.0
2025-06-12 23:13:00,59.0
2025-06-12 00:30:00,50.613932505273034
2025-06-12 22:00:00,34.2
2025-06-12 01:48:00,57.8
2025-06-12 02:54:00,59.3
2025-06-12 22:31:00,50.613932505273034
2025-06-12 21:04:00,4.1
2025-06-12 10:47:00,83.0
2025-06-12 21:52:00,63.2
2025-06-12 09:12:00,52.0
2025-06-12 03:45:00,44.6
2025-06-12 04:14:00,79.6
2025-06-12 18:29:00,12.0
2025-06-12 09:40:00,89.9
2025-06-12 07:09:00,28.2
2025-06-12 20:47:00,61.2
2025-06-12 02:22:00,45.8
2025-06-12 03:04:00,87.1
2025-06-12 15:02:00,53.6
2025-06-12 10:32:00,29.5
2025-06-12 01:32:00,73.1
2025-06-12 12:50:00,50.613932505273034
2025-06-12 15:17:00,23.2
2025-06-12 11:40:00,50.613932505273034
2025-06-12 15:56:00,71.6
2025-06-12 05:04:00,9.7
2025-06-12 07:34:00,50.3
2025-06-12 21:12:00,28.8
2025-06-12 22:47:00,50.613932505273034
2025-06-12 12:42:00,55.7
2025-06-12 20:10:00,18.1
2025-06-12 17:41:00,37.3
2025-06-12 06:43:00,87.4
2025-06-12 08:51:00,19.0
2025-06-12 03:51:00,36.7
2025-06-12 09:26:00,50.613932505273034
2025-06-12 09:06:00,98.4
2025-06-12 16:06:00,34.4
2025-06-12 08:07:00,33.9
2025-06-12 22:03:00,30.5
2025-06-12 17:18:00,24.6
2025-06-12 20:44:00,37.0
2025-06-12 05:24:00,54.8
2025-06-12 07:56:00,56.7
2025-06-12 00:30:00,89.4
2025-06-12 03:43:00,39.0
2025-06-12 10:57:00,50.613932505273034
2025-06-12 13:52:00,35.1
2025-06-12 18:47:00,79.1
2025-06-12 04:25:00,90.9
2025-06-12 23:20:00,77.1
2025-06-12 01:17:00,56.9
2025-06-12 22:56:00,81.4
2025-06-12 08:39:00,88.5
2025-06-12 15:24:00,12.3
2025-06-12 18:31:00,41.3
2025-06-12 11:26:00,0.9
2025-06-12 05:07:00,5.1
2025-06-12 08:41:00,18.0
2025-06-12 10:25:00,96.3
2025-06-12 16:40:00,39.7
2025-06-12 07:10:00,35.8
2025-06-12 21:59:00,52.6
2025-06-12 16:09:00,50.17195767195767
2025-06-12 01:36:00,18.6
2025-06-12 16:31:00,13.0
2025-06-12 14:24:00,18.5
2025-06-12 15:01:00,49.0
2025-06-12 10:18:00,14.9
2025-06-12 12:15:00,45.6
2025-06-12 19:25:00,41.4
2025-06-12 04:39:00,33.3
2025-06-12 16:12:00,50.17195767195767
2025-06-12 12:05:00,2.6
2025-06-12 14:54:00,67.5
2025-06-12 16:30:00,83.6
2025-06-12 05:00:00,30.2
2025-06-12 06:15:00,23.3
2025-06-12 01:54:00,71.2
2025-06-12 05:13:00,11.2
2025-06-12 16:25:00,50.17195767195767
2025-06-12 05:42:00,76.5
2025-06-12 04:45:00,57.4
2025-06-12 17:49:00,50.4
2025-06-12 07:29:00,0.1
2025-06-12 05:44:00,6.2
2025-06-12 10:45:00,76.3
2025-06-12 09:03:00,4.3
2025-06-12 07:48:00,50.17195767195767
2025-06-12 07:51:00,86.9
2025-06-12 12:14:00,50.17195767195767
2025-06-12 13:44:00,50.17195767195767
2025-06-12 19:57:00,42.5
2025-06-12 07:19:00,50.17195767195767
2025-06-12 06:20:00,44.9
2025-06-12 14:15:00,36.2
2025-06-12 13:00:00,54.9
2025-06-12 11:54:00,59.1
2025-06-12 08:30:00,50.17195767195767
2025-06-12 00:40:00,62.7
2025-06-12 13:04:00,47.8
2025-06-12 15:33:00,50.17195767195767
2025-06-12 15:17:00,55.1
2025-06-12 13:36:00,34.4
2025-06-12 03:48:00,68.6
2025-06-12 15:53:00,62.0
2025-06-12 07:38:00,93.1
2025-06-12 01:30:00,3.3
2025-06-12 11:10:00,67.9
2025-06-12 02:49:00,50.17195767195767
2025-06-12 16:00:00,65.0
2025-06-12 06:56:00,25.7
2025-06-12 19:33:00,24.7
2025-06-12 00:26:00,49.7
2025-06-12 16:54:00,67.0
2025-06-12 18:11:00,59.1
2025-06-12 21:20:00,67.2
2025-06-12 01:31:00,31.2
2025-06-12 08:55:00,58.4
2025-06-12 14:31:00,4.2
2025-06-12 03:30:00,50.17195767195767
2025-06-12 21:51:00,50.17195767195767
2025-06-12 10:06:00,46.9
2025-06-12 01:09:00,90.9
2025-06-12 06:44:00,42.8
2025-06-12 06:35:00,63.5
2025-06-12 03:20:00,28.1
2025-06-12 06:30:00,50.17195767195767
2025-06-12 19:56:00,6.5
2025-06-12 12:12:00,81.9
2025-06-12 16:01:00,50.17195767195767
2025-06-12 04:55:00,25.7
2025-06-12 13:10:00,97.5
2025-06-12 04:50:00,29.7
2025-06-12 06:18:00,30.3
2025-06-12 19:47:00,50.17195767195767
2025-06-12 03:47:00,50.17195767195767
2025-06-12 21:42:00,40.8
2025-06-12 15:14:00,53.6
2025-06-12 01:11:00,89.1
2025-06-12 07:30:00,82.6
2025-06-12 05:26:00,28.5
2025-06-12 00:10:00,50.17195767195767
2025-06-12 22:18:00,62.9
2025-06-12 03:39:00,18.4
2025-06-12 10:56:00,19.7
2025-06-12 22:39:00,50.17195767195767
2025-06-12 15:16:00,13.7
2025-06-12 07:07:00,50.17195767195767
2025-06-12 05:17:00,96.3
2025-06-12 22:30:00,50.17195767195767
2025-06-12 20:27:00,61.1
2025-06-12 23:18:00,37.3
2025-06-12 08:11:00,62.6
2025-06-12 02:35:00,50.17195767195767
2025-06-12 17:16:00,68.8
2025-06-12 13:57:00,50.7
2025-06-12 13:01:00,63.0
2025-06-12 18:48:00,56.6
2025-06-12 13:37:00,76.4
2025-06-12 21:33:00,67.9
2025-06-12 01:16:00,77.6
2025-06-12 07:48:00,51.3
2025-06-12 08:07:00,32.5
2025-06-12 23:33:00,50.17195767195767
2025-06-12 13:55:00,31.6
2025-06-12 14:21:00,57.0
2025-06-12 07:35:00,72.0
2025-06-12 07:50:00,82.1
2025-06-12 08:35:00,97.7
2025-06-12 08:26:00,50.17195767195767
2025-06-12 19:01:00,46.6
2025-06-12 14:20:00,20.6
2025-06-12 02:21:00,47.8
2025-06-12 10:36:00,21.5
2025-06-12 08:35:00,0.9
2025-06-12 00:56:00,7.2
2025-06-12 10:32:00,81.4
2025-06-12 05:45:00,50.17195767195767
2025-06-12 03:32:00,90.3
2025-06-12 21:10:00,38.4
2025-06-12 10:24:00,50.17195767195767
2025-06-12 06:55:00,50.17195767195767
2025-06-12 13:39:00,34.2
2025-06-12 19:47:00,76.5
2025-06-12 04:14:00,50.17195767195767
2025-06-12 00:39:00,22.3
2025-06-12 20:49:00,90.8
2025-06-12 12:42:00,5.9
2025-06-12 11:49:00,73.6
2025-06-12 15:01:00,40.6
2025-06-12 04:26:00,50.17195767195767
2025-06-12 23:51:00,25.3
2025-06-12 09:31:00,30.3
2025-06-12 04:31:00,90.9
2025-06-12 07:37:00,12.4
2025-06-12 02:01:00,50.17195767195767
2025-06-12 13:07:00,86.2
2025-06-12 14:58:00,19.6
2025-06-12 01:34:00,86.1
2025-06-12 11:46:00,84.8
2025-06-12 11:24:00,50.17195767195767
2025-06-12 04:45:00,63.2
2025-06-12 04:29:00,16.0
2025-06-12 03:46:00,55.9
2025-06-12 07:04:00,76.9
2025-06-12 11:02:00,25.7
2025-06-12 10:03:00,50.17195767195767
2025-06-12 13:49:00,50.17195767195767
2025-06-12 08:39:00,57.2
2025-06-12 06:16:00,48.7
2025-06-12 17:18:00,8.9
2025-06-12 11:11:00,77.7
2025-06-12 16:08:00,8.0
2025-06-12 03:55:00,50.17195767195767
2025-06-12 02:07:00,17.9
2025-06-12 20:00:00,86.9
2025-06-12 04:19:00,76.3
2025-06-12 01:50:00,46.1
2025-06-12 03:27:00,82.5
2025-06-12 02:57:00,45.5
2025-06-12 03:08:00,69.8
2025-06-12 04:40:00,35.7
2025-06-12 19:14:00,60.5
2025-06-12 11:15:00,50.17195767195767
2025-06-12 09:36:00,50.17195767195767
2025-06-12 03:25:00,6.3
2025-06-12 16:52:00,50.17195767195767
2025-06-12 16:36:00,10.7
2025-06-12 04:01:00,74.3
2025-06-12 04:47:00,32.2
2025-06-12 14:52:00,50.17195767195767
2025-06-12 08:47:00,76.1
2025-06-12 00:29:00,43.6
2025-06-12 12:06:00,89.1
2025-06-12 16:28:00,40.4
2025-06-12 04:04:00,21.6
2025-06-12 15:58:00,62.1
2025-06-12 02:14:00,50.17195767195767
2025-06-12 23:00:00,91.2
2025-06-12 18:28:00,24.9
2025-06-12 07:38:00,38.0
2025-06-12 21:15:00,48.6
2025-06-12 07:19:00,50.17195767195767
2025-06-12 12:14:00,50.17195767195767
2025-06-12 01:50:00,35.3
2025-06-12 05:29:00,49.7
2025-06-12 17:50:00,77.7
2025-06-12 10:18:00,22.9
2025-06-12 07:41:00,29.2
2025-06-12 12:49:00,92.9
2025-06-12 11:42:00,56.8
2025-06-12 16:06:00,9.6
2025-06-12 14:23:00,50.17195767195767
2025-06-12 21:50:00,12.3
2025-06-12 06:52:00,87.1
2025-06-12 11:34:00,25.9
2025-06-12 10:04:00,54.0
2025-06-12 07:25:00,21.5
2025-06-12 03:49:00,57.0
2025-06-12 06:18:00,55.0
2025-06-12 02:15:00,50.17195767195767
2025-06-12 23:59:00,46.0
2025-06-12 18:51:00,80.3
2025-06-12 19:53:00,31.4
2025-06-12 06:47:00,62.5
2025-06-12 18:04:00,42.0
2025-06-12 04:04:00,35.2
2025-06-12 10:58:00,81.9
2025-06-12 13:46:00,3.1
2025-06-12 23:34:00,62.7
2025-06-12 03:32:00,44.3
2025-06-12 21:43:00,50.17195767195767
2025-06-12 16:21:00,90.6
2025-06-12 01:32:00,67.4
2025-06-12 19:37:00,34.3
2025-06-12 18:41:00,83.4
2025-06-12 16:04:00,48.4
2025-06-12 18:28:00,98.1
2025-06-12 02:58:00,67.9
2025-06-12 07:13:00,15.9
2025-06-12 10:56:00,46.8
2025-06-12 21:11:00,11.5
2025-06-12 09:09:00,52.4
2025-06-12 03:21:00,56.3
2025-06-12 07:41:00,81.7
2025-06-12 17:30:00,15.3
2025-06-12 09:29:00,19.3
2025-06-12 04:32:00,50.17195767195767
2025-06-12 11:18:00,73.5
2025-06-12 15:26:00,86.2
2025-06-12 12:55:00,44.7
2025-06-12 05:14:00,42.0
2025-06-12 10:01:00,68.2
2025-06-12 14:56:00,32.6
2025-06-12 06:53:00,31.4
2025-06-12 17:21:00,69.8
2025-06-12 06:12:00,12.1
2025-06-12 21:52:00,60.3
2025-06-12 12:32:00,77.0
2025-06-12 03:02:00,50.17195767195767
2025-06-12 18:50:00,18.3
2025-06-12 19:41:00,68.8
2025-06-12 09:39:00,71.1
2025-06-12 00:10:00,50.17195767195767
2025-06-12 04:27:00,30.5
2025-06-12 09:40:00,56.1
2025-06-12 18:13:00,13.1
2025-06-12 18:01:00,77.2
2025-06-12 07:17:00,40.0
2025-06-12 20:52:00,32.5
2025-06-12 22:46:00,76.1
2025-06-12 08:34:00,50.17195767195767
2025-06-12 18:33:00,59.1
2025-06-12 20:02:00,10.8
2025-06-12 03:53:00,83.1
2025-06-12 01:20:00,23.5
2025-06-12 21:59:00,14.4
2025-06-12 14:59:00,30.0
2025-06-12 07:58:00,62.6
2025-06-12 03:28:00,66.4
2025-06-12 08:44:00,58.7
2025-06-12 15:13:00,22.6
2025-06-12 06:01:00,3.5
2025-06-12 22:01:00,70.1
2025-06-12 10:21:00,16.3
2025-06-12 01:30:00,58.6
2025-06-12 16:55:00,56.2
2025-06-12 23:36:00,69.6
2025-06-12 21:08:00,50.17195767195767
2025-06-12 21:55:00,51.4
2025-06-12 17:00:00,91.1
2025-06-12 05:56:00,50.3
2025-06-12 12:34:00,25.2
2025-06-12 01:06:00,90.9
2025-06-12 22:46:00,89.2
2025-06-12 22:36:00,99.4
2025-06-12 02:58:00,9.3
2025-06-12 10:10:00,90.3
2025-06-12 20:36:00,1.7
2025-06-12 20:08:00,9.3
2025-06-12 09:36:00,15.5
2025-06-12 03:59:00,48.5
2025-06-12 10:44:00,56.8
2025-06-12 09:25:00,6.5
2025-06-12 21:36:00,68.8
2025-06-12 23:32:00,49.2
2025-06-12 13:09:00,74.5
2025-06-12 09:06:00,30.6
2025-06-12 19:34:00,28.1
2025-06-12 18:12:00,50.17195767195767
2025-06-12 05:07:00,89.3
2025-06-12 23:40:00,61.4
2025-06-12 21:02:00,68.4
2025-06-12 21:11:00,44.3
2025-06-12 21:03:00,71.1
2025-06-12 22:00:00,47.4
2025-06-12 06:22:00,31.8
2025-06-12 09:37:00,19.7
2025-06-12 10:57:00,50.17195767195767
2025-06-12 14:06:00,21.5
2025-06-12 10:55:00,84.6
2025-06-12 03:15:00,18.0
2025-06-12 09:14:00,91.7
2025-06-12 07:34:00,50.8
2025-06-12 21:39:00,26.6
2025-06-12 03:34:00,81.5
2025-06-12 12:08:00,32.3
2025-06-12 00:38:00,88.9
2025-06-12 07:44:00,18.7
2025-06-12 12:41:00,46.4
2025-06-12 06:14:00,96.8
2025-06-12 22:42:00,95.4
2025-06-12 23:13:00,56.7
2025-06-12 04:01:00,0.9
2025-06-12 04:29:00,50.17195767195767
2025-06-12 20:33:00,54.7
2025-06-12 20:11:00,12.8
2025-06-12 03:11:00,45.2
2025-06-12 21:33:00,97.7
2025-06-12 02:19:00,87.6
2025-06-12 02:39:00,33.8
2025-06-12 03:52:00,84.4
2025-06-12 14:45:00,65.0
2025-06-12 14:03:00,41.7
2025-06-12 15:35:00,72.0
2025-06-12 11:40:00,60.2
2025-06-12 05:51:00,20.7
2025-06-12 19:30:00,90.0
2025-06-12 16:53:00,14.1
2025-06-12 20:43:00,49.69252501471454
2025-06-12 13:25:00,37.8
2025-06-12 11:30:00,49.69252501471454
2025-06-12 10:18:00,31.4
2025-06-12 22:10:00,81.6
2025-06-12 10:31:00,28.2
2025-06-12 23:09:00,30.2
2025-06-12 14:07:00,60.4
2025-06-12 15:22:00,70.6
2025-06-12 18:36:00,17.8
2025-06-12 18:43:00,26.7
2025-06-12 16:34:00,85.5
2025-06-12 14:22:00,95.2
2025-06-12 23:25:00,68.4
2025-06-12 06:27:00,24.6
2025-06-12 21:01:00,49.69252501471454
2025-06-12 00:08:00,14.5
2025-06-12 10:29:00,2.5
2025-06-12 09:58:00,25.4
2025-06-12 17:07:00,49.69252501471454
2025-06-12 03:01:00,34.7
2025-06-12 02:27:00,61.3
2025-06-12 19:53:00,93.1
2025-06-12 15:26:00,90.6
2025-06-12 23:27:00,44.2
2025-06-12 06:28:00,49.69252501471454
2025-06-12 12:32:00,49.69252501471454
2025-06-12 09:31:00,71.2
2025-06-12 04:19:00,97.9
2025-06-12 07:27:00,68.3
2025-06-12 07:31:00,4.2
2025-06-12 12:18:00,49.69252501471454
2025-06-12 08:40:00,17.2
2025-06-12 18:31:00,94.4
2025-06-12 01:26:00,89.1
2025-06-12 18:30:00,33.4
2025-06-12 17:04:00,49.69252501471454
2025-06-12 19:27:00,89.1
2025-06-12 13:59:00,73.9
2025-06-12 13:18:00,90.0
2025-06-12 22:12:00,84.1
2025-06-12 23:16:00,75.3
2025-06-12 03:23:00,56.1
2025-06-12 21:39:00,65.3
2025-06-12 05:25:00,37.8
2025-06-12 05:44:00,56.0
2025-06-12 22:29:00,63.3
2025-06-12 22:25:00,57.9
2025-06-12 04:43:00,83.2
2025-06-12 02:00:00,47.7
2025-06-12 16:08:00,97.2
2025-06-12 14:51:00,49.69252501471454
2025-06-12 19:44:00,9.6
2025-06-12 08:04:00,20.1
2025-06-12 02:17:00,49.69252501471454
2025-06-12 04:03:00,79.7
2025-06-12 22:20:00,26.4
2025-06-12 21:12:00,48.6
2025-06-12 18:18:00,7.4
2025-06-12 09:42:00,49.69252501471454
2025-06-12 22:56:00,42.9
2025-06-12 15:52:00,18.9
2025-06-12 09:33:00,73.1
2025-06-12 16:31:00,90.8
2025-06-12 10:37:00,73.7
2025-06-12 23:20:00,37.9
2025-06-12 00:10:00,5.7
2025-06-12 06:12:00,49.69252501471454
2025-06-12 21:42:00,71.0
2025-06-12 20:30:00,32.6
2025-06-12 08:31:00,2.7
2025-06-12 10:00:00,49.69252501471454
2025-06-12 13:29:00,4.2
2025-06-12 17:47:00,21.8
2025-06-12 20:47:00,49.69252501471454
2025-06-12 14:52:00,25.9
2025-06-12 12:23:00,42.5
2025-06-12 23:59:00,33.7
2025-06-12 21:24:00,49.69252501471454
2025-06-12 14:11:00,17.2
2025-06-12 04:07:00,49.69252501471454
2025-06-12 17:02:00,37.4
2025-06-12 15:51:00,17.6
2025-06-12 05:09:00,82.6
2025-06-12 14:18:00,33.2
2025-06-12 11:38:00,88.1
2025-06-12 02:49:00,35.6
2025-06-12 01:06:00,41.4
2025-06-12 01:17:00,50.3
2025-06-12 01:14:00,29.2
2025-06-12 04:26:00,49.69252501471454
2025-06-12 23:24:00,37.3
2025-06-12 02:53:00,49.69252501471454
2025-06-12 08:32:00,1.5
2025-06-12 03:46:00,49.69252501471454
2025-06-12 20:54:00,67.5
2025-06-12 07:06:00,1.1
2025-06-12 04:40:00,96.2
2025-06-12 16:11:00,49.69252501471454
2025-06-12 17:59:00,78.5
2025-06-12 00:14:00,3.4
2025-06-12 04:53:00,51.5
2025-06-12 08:14:00,81.2
2025-06-12 10:10:00,94.6
2025-06-12 17:00:00,94.6
2025-06-12 22:36:00,41.8
2025-06-12 17:50:00,70.3
2025-06-12 02:46:00,38.0
2025-06-12 22:05:00,38.0
2025-06-12 02:13:00,39.6
2025-06-12 10:33:00,58.5
2025-06-12 14:04:00,48.9
2025-06-12 06:27:00,49.69252501471454
2025-06-12 21:58:00,19.0
2025-06-12 22:10:00,51.5
2025-06-12 23:29:00,87.5
2025-06-12 21:49:00,35.2
2025-06-12 12:31:00,60.5
2025-06-12 02:26:00,80.5
2025-06-12 13:39:00,49.69252501471454
2025-06-12 04:49:00,8.5
2025-06-12 10:01:00,49.69252501471454
2025-06-12 00:57:00,95.6
2025-06-12 18:05:00,39.8
2025-06-12 13:02:00,74.5
2025-06-12 01:09:00,10.5
2025-06-12 19:39:00,19.7
2025-06-12 00:25:00,49.69252501471454
2025-06-12 01:19:00,67.7
2025-06-12 13:00:00,34.3
2025-06-12 00:10:00,97.6
2025-06-12 21:51:00,98.3
2025-06-12 07:07:00,60.5
2025-06-12 16:40:00,12.4
2025-06-12 15:42:00,63.2
2025-06-12 03:55:00,88.9
2025-06-12 08:17:00,98.2
2025-06-12 09:44:00,31.6
2025-06-12 18:11:00,92.1
2025-06-12 09:53:00,63.0
2025-06-12 16:00:00,81.5
2025-06-12 05:58:00,56.2
2025-06-12 18:01:00,51.4
2025-06-12 12:40:00,63.1
2025-06-12 22:35:00,7.6
2025-06-12 10:41:00,38.6
2025-06-12 15:01:00,4.6
2025-06-12 23:06:00,7.4
2025-06-12 01:18:00,54.0
2025-06-12 09:20:00,68.8
2025-06-12 07:22:00,13.4
2025-06-12 10:06:00,67.6
2025-06-12 22:31:00,7.5
2025-06-12 02:22:00,61.7
2025-06-12 02:48:00,29.5
2025-06-12 20:47:00,50.7
2025-06-12 12:10:00,10.9
2025-06-12 01:15:00,49.69252501471454
2025-06-12 11:16:00,95.7
2025-06-12 16:27:00,6.7
2025-06-12 15:09:00,63.2
2025-06-12 20:09:00,14.6
2025-06-12 17:10:00,96.5
2025-06-12 02:56:00,38.7
2025-06-12 13:10:00,42.6
2025-06-12 11:53:00,21.4
2025-06-12 23:11:00,83.5
2025-06-12 19:45:00,49.69252501471454
2025-06-12 07:30:00,43.6
2025-06-12 22:34:00,67.6
2025-06-12 04:01:00,31.4
2025-06-12 12:24:00,53.7
2025-06-12 04:03:00,85.9
2025-06-12 01:08:00,90.0
2025-06-12 13:34:00,67.6
2025-06-12 04:35:00,69.1
2025-06-12 19:48:00,94.4
2025-06-12 08:39:00,99.0
2025-06-12 15:35:00,52.5
2025-06-12 16:12:00,29.7
2025-06-12 01:31:00,38.4
2025-06-12 06:27:00,13.0
2025-06-12 12:37:00,20.1
2025-06-12 18:01:00,84.8
2025-06-12 09:56:00,75.5
2025-06-12 01:46:00,73.6
2025-06-12 19:14:00,50.3
2025-06-12 12:59:00,68.8
2025-06-12 16:27:00,33.7
2025-06-12 15:29:00,41.3
2025-06-12 05:38:00,37.9
2025-06-12 09:57:00,43.5
2025-06-12 17:06:00,19.3
2025-06-12 00:26:00,3.9
2025-06-12 19:27:00,78.1
2025-06-12 13:28:00,6.1
2025-06-12 12:42:00,50.9
2025-06-12 04:31:00,44.7
2025-06-12 18:44:00,22.1
2025-06-12 07:30:00,7.0
2025-06-12 10:36:00,49.69252501471454
2025-06-12 21:47:00,77.8
2025-06-12 11:19:00,70.5
2025-06-12 23:04:00,49.69252501471454
2025-06-12 22:25:00,26.4
2025-06-12 08:40:00,12.6
2025-06-12 19:19:00,49.69252501471454
2025-06-12 18:17:00,58.6
2025-06-12 06:23:00,36.5
2025-06-12 10:01:00,92.6
2025-06-12 16:16:00,67.6
2025-06-12 04:56:00,85.8
2025-06-12 12:09:00,90.8
2025-06-12 04:57:00,16.0
2025-06-12 08:40:00,65.7
2025-06-12 15:32:00,49.69252501471454
2025-06-12 19:44:00,6.8
2025-06-12 00:16:00,5.1
2025-06-12 18:37:00,94.1
2025-06-12 04:03:00,1.4
2025-06-12 13:46:00,49.69252501471454
2025-06-12 23:33:00,59.3
2025-06-12 16:27:00,49.69252501471454
2025-06-12 12:24:00,49.69252501471454
2025-06-12 16:36:00,63.3
2025-06-12 21:26:00,7.0
2025-06-12 11:17:00,39.3
2025-06-12 22:30:00,42.7
2025-06-12 04:37:00,17.4
2025-06-12 08:46:00,76.6
2025-06-12 05:29:00,79.1
2025-06-12 08:42:00,83.6
2025-06-12 11:21:00,14.9
2025-06-12 23:08:00,71.8
2025-06-12 13:47:00,28.9
2025-06-12 17:03:00,49.69252501471454
2025-06-12 08:02:00,42.0
2025-06-12 04:53:00,87.4
2025-06-12 18:14:00,36.4
2025-06-12 05:21:00,64.2
2025-06-12 22:47:00,14.3
2025-06-12 16:52:00,55.8
2025-06-12 13:40:00,86.1
2025-06-12 16:41:00,52.0
2025-06-12 17:39:00,84.7
2025-06-12 11:50:00,22.9
2025-06-12 22:40:00,89.4
2025-06-12 22:59:00,49.69252501471454
2025-06-12 02:16:00,72.4
2025-06-12 01:32:00,94.8
2025-06-12 19:49:00,1.9
2025-06-12 05:39:00,92.5
2025-06-12 06:04:00,49.69252501471454
2025-06-12 11:56:00,49.69252501471454
2025-06-12 13:10:00,59.5
2025-06-12 16:32:00,56.1
2025-06-12 17:07:00,73.6
2025-06-12 01:48:00,63.3
2025-06-12 06:07:00,48.8
2025-06-12 02:31:00,66.4
2025-06-12 12:49:00,44.4
2025-06-12 11:40:00,93.0
2025-06-12 18:32:00,65.7
2025-06-12 23:09:00,11.3
2025-06-12 09:53:00,63.1
2025-06-12 10:25:00,48.5
2025-06-12 00:20:00,64.3
2025-06-12 03:29:00,51.6
2025-06-12 20:14:00,49.69252501471454
2025-06-12 11:40:00,89.1
2025-06-12 16:44:00,77.0
2025-06-12 10:35:00,49.69252501471454
2025-06-12 07:20:00,49.69252501471454
2025-06-12 04:59:00,82.3
2025-06-12 19:28:00,49.69252501471454
2025-06-12 20:43:00,50.7
2025-06-12 18:38:00,77.5
2025-06-12 14:34:00,51.7
2025-06-12 09:49:00,31.6
2025-06-12 06:23:00,70.3
2025-06-12 23:57:00,10.9
2025-06-12 00:28:00,49.69252501471454
2025-06-12 12:48:00,63.7
2025-06-12 06:14:00,49.69252501471454
2025-06-12 00:03:00,54.5
2025-06-12 10:11:00,84.2
2025-06-12 01:38:00,9.5
2025-06-12 17:18:00,81.8
2025-06-12 21:27:00,87.3
2025-06-12 15:21:00,47.8
2025-06-12 10:52:00,77.3
2025-06-12 13:44:00,68.6
2025-06-12 08:38:00,60.5
2025-06-12 02:16:00,95.2
2025-06-12 00:06:00,55.1
2025-06-12 06:03:00,90.8
2025-06-12 23:00:00,69.6
2025-06-12 22:09:00,20.7
2025-06-12 19:51:00,82.3
2025-06-12 01:41:00,23.9
2025-06-12 18:06:00,22.6
2025-06-12 12:56:00,30.7
2025-06-12 09:04:00,50.2
2025-06-12 05:05:00,40.9
2025-06-12 16:20:00,58.4
2025-06-12 13:57:00,30.3
2025-06-12 00:10:00,80.7
2025-06-12 20:16:00,49.69252501471454
2025-06-12 19:05:00,3.5
2025-06-12 04:23:00,3.7
2025-06-12 21:42:00,49.69252501471454
2025-06-12 00:36:00,49.69252501471454
2025-06-12 23:20:00,25.8
2025-06-12 17:28:00,92.4
2025-06-12 03:33:00,49.69252501471454
2025-06-12 03:17:00,21.9
2025-06-12 05:12:00,90.6
2025-06-12 03:18:00,28.0
2025-06-12 14:43:00,73.8
2025-06-12 10:41:00,82.1
2025-06-12 12:56:00,77.1
2025-06-12 06:32:00,1.1
2025-06-12 23:28:00,66.6
2025-06-12 18:03:00,0.7
2025-06-12 18:03:00,96.7
2025-06-12 03:00:00,69.0
2025-06-12 03:21:00,36.0
2025-06-12 02:22:00,2.4
2025-06-12 06:26:00,22.0
2025-06-12 04:57:00,28.5
2025-06-12 09:22:00,3.1
2025-06-12 07:40:00,84.1
2025-06-12 03:01:00,65.2
2025-06-12 21:32:00,18.2
2025-06-12 13:17:00,49.88181818181819
2025-06-12 11:25:00,34.1
2025-06-12 08:47:00,49.88181818181819
2025-06-12 19:25:00,37.7
2025-06-12 04:00:00,58.6
2025-06-12 05:24:00,49.88181818181819
2025-06-12 06:24:00,36.0
2025-06-12 01:02:00,91.7
2025-06-12 00:37:00,45.9
2025-06-12 16:56:00,50.9
2025-06-12 12:59:00,49.88181818181819
2025-06-12 02:06:00,95.3
2025-06-12 05:29:00,49.88181818181819
2025-06-12 05:35:00,99.1
2025-06-12 19:57:00,4.4
2025-06-12 17:15:00,57.3
2025-06-12 18:10:00,93.4
2025-06-12 21:02:00,81.0
2025-06-12 16:09:00,92.0
2025-06-12 17:56:00,49.88181818181819
2025-06-12 19:44:00,47.1
2025-06-12 11:30:00,69.5
2025-06-12 00:13:00,1.5
2025-06-12 04:44:00,4.9
2025-06-12 11:59:00,91.1
2025-06-12 06:44:00,84.3
2025-06-12 08:18:00,49.88181818181819
2025-06-12 20:21:00,71.0
2025-06-12 00:29:00,60.8
2025-06-12 07:14:00,9.7
2025-06-12 18:48:00,98.8
2025-06-12 13:05:00,19.1
2025-06-12 17:53:00,76.9
2025-06-12 04:04:00,45.8
2025-06-12 23:04:00,59.2
2025-06-12 17:43:00,49.88181818181819
2025-06-12 01:28:00,63.0
2025-06-12 01:41:00,28.4
2025-06-12 15:35:00,77.2
2025-06-12 01:30:00,14.9
2025-06-12 15:52:00,49.88181818181819
2025-06-12 08:23:00,49.88181818181819
2025-06-12 13:41:00,89.3
2025-06-12 09:13:00,64.7
2025-06-12 11:23:00,89.9
2025-06-12 21:10:00,36.4
2025-06-12 04:42:00,49.88181818181819
2025-06-12 19:16:00,49.9
2025-06-12 00:41:00,37.4
2025-06-12 06:13:00,44.8
2025-06-12 00:26:00,31.9
2025-06-12 23:38:00,33.9
2025-06-12 01:21:00,49.88181818181819
2025-06-12 17:30:00,32.0
2025-06-12 12:37:00,97.7
2025-06-12 12:29:00,36.4
2025-06-12 12:34:00,49.88181818181819
2025-06-12 08:23:00,59.4
2025-06-12 11:27:00,63.9
2025-06-12 18:15:00,6.5
2025-06-12 23:53:00,40.2
2025-06-12 17:56:00,69.2
2025-06-12 18:07:00,68.8
2025-06-12 20:59:00,33.0
2025-06-12 06:24:00,18.2
2025-06-12 15:07:00,24.7
2025-06-12 21:19:00,46.7
2025-06-12 14:05:00,97.0
2025-06-12 21:00:00,30.2
2025-06-12 04:06:00,85.0
2025-06-12 13:21:00,49.88181818181819
2025-06-12 15:05:00,98.4
2025-06-12 12:36:00,95.3
2025-06-12 14:48:00,23.8
2025-06-12 20:55:00,31.7
2025-06-12 04:56:00,48.9
2025-06-12 20:54:00,67.1
2025-06-12 18:41:00,77.2
2025-06-12 06:51:00,2.2
2025-06-12 22:27:00,41.0
2025-06-12 17:53:00,31.8
2025-06-12 08:52:00,16.3
2025-06-12 07:26:00,49.88181818181819
2025-06-12 08:25:00,63.8
2025-06-12 09:03:00,53.7
2025-06-12 21:34:00,13.1
2025-06-12 03:36:00,49.88181818181819
2025-06-12 01:04:00,49.88181818181819
2025-06-12 21:01:00,32.8
2025-06-12 18:57:00,8.6
2025-06-12 20:50:00,49.88181818181819
2025-06-12 23:58:00,2.6
2025-06-12 09:12:00,62.7
2025-06-12 03:26:00,33.1
2025-06-12 05:48:00,49.88181818181819
2025-06-12 15:31:00,38.9
2025-06-12 19:14:00,50.0
2025-06-12 21:06:00,49.88181818181819
2025-06-12 17:04:00,24.6
2025-06-12 02:01:00,16.3
2025-06-12 05:41:00,2.3
2025-06-12 07:05:00,63.5
2025-06-12 23:29:00,21.7
2025-06-12 08:48:00,82.7
2025-06-12 18:05:00,19.0
2025-06-12 02:48:00,30.0
2025-06-12 00:08:00,42.4
2025-06-12 02:50:00,56.0
2025-06-12 22:03:00,61.8
2025-06-12 20:18:00,97.0
2025-06-12 23:53:00,38.2
2025-06-12 05:10:00,97.4
2025-06-12 06:48:00,79.8
2025-06-12 02:49:00,49.88181818181819
2025-06-12 19:25:00,70.8
2025-06-12 13:30:00,57.9
2025-06-12 08:21:00,13.0
2025-06-12 12:41:00,80.9
2025-06-12 16:39:00,68.9
2025-06-12 04:21:00,49.88181818181819
2025-06-12 23:08:00,55.7
2025-06-12 15:14:00,17.4
2025-06-12 17:21:00,48.1
2025-06-12 16:07:00,4.1
2025-06-12 14:05:00,37.3
2025-06-12 22:44:00,26.3
2025-06-12 22:03:00,49.88181818181819
2025-06-12 21:53:00,36.4
2025-06-12 05:04:00,72.6
2025-06-12 04:25:00,97.4
2025-06-12 10:59:00,12.7
2025-06-12 17:24:00,96.9
2025-06-12 22:42:00,15.1
2025-06-12 13:59:00,99.1
2025-06-12 07:13:00,42.0
2025-06-12 15:26:00,36.7
2025-06-12 02:25:00,95.7
2025-06-12 09:05:00,86.9
2025-06-12 12:12:00,44.7
2025-06-12 11:40:00,64.4
2025-06-12 09:01:00,50.1
2025-06-12 08:39:00,71.9
2025-06-12 04:07:00,83.4
2025-06-12 03:13:00,33.7
2025-06-12 14:31:00,49.88181818181819
2025-06-12 03:58:00,9.1
2025-06-12 21:55:00,14.6
2025-06-12 08:35:00,71.0
2025-06-12 09:12:00,49.88181818181819
2025-06-12 17:15:00,12.8
2025-06-12 06:03:00,49.88181818181819
2025-06-12 16:04:00,33.1
2025-06-12 00:20:00,85.9
2025-06-12 14:50:00,88.0
2025-06-12 23:21:00,0.6
2025-06-12 12:42:00,63.6
2025-06-12 00:36:00,31.7
2025-06-12 02:51:00,15.0
2025-06-12 01:22:00,72.5
2025-06-12 18:00:00,56.0
2025-06-12 06:19:00,34.6
2025-06-12 01:31:00,64.1
2025-06-12 16:17:00,97.1
2025-06-12 21:27:00,57.0
2025-06-12 11:52:00,6.2
2025-06-12 20:58:00,54.1
2025-06-12 12:04:00,43.6
2025-06-12 17:23:00,31.5
2025-06-12 09:17:00,14.1
2025-06-12 17:42:00,99.8
2025-06-12 02:41:00,49.88181818181819
2025-06-12 11:31:00,49.88181818181819
2025-06-12 19:37:00,49.88181818181819
2025-06-12 20:31:00,16.5
2025-06-12 11:56:00,56.8
2025-06-12 07:41:00,45.6
2025-06-12 21:54:00,4.9
2025-06-12 19:39:00,98.1
2025-06-12 03:02:00,22.2
2025-06-12 04:07:00,25.6
2025-06-12 06:53:00,32.4
2025-06-12 11:56:00,24.5
2025-06-12 00:34:00,77.6
2025-06-12 00:36:00,99.7
2025-06-12 19:25:00,46.6
2025-06-12 10:20:00,49.88181818181819
2025-06-12 23:11:00,25.1
2025-06-12 05:15:00,13.9
2025-06-12 20:51:00,68.0
2025-06-12 02:34:00,30.3
2025-06-12 03:19:00,49.88181818181819
2025-06-12 19:31:00,83.5
2025-06-12 14:01:00,88.6
2025-06-12 23:31:00,34.4
2025-06-12 11:37:00,4.0
2025-06-12 20:14:00,52.7
2025-06-12 15:27:00,7.4
2025-06-12 23:05:00,32.7
2025-06-12 14:28:00,24.4
2025-06-12 13:14:00,90.5
2025-06-12 01:54:00,50.7
2025-06-12 19:54:00,16.4
2025-06-12 23:35:00,85.1
2025-06-12 14:48:00,49.88181818181819
2025-06-12 14:14:00,13.1
2025-06-12 05:05:00,60.4
2025-06-12 20:51:00,92.4
2025-06-12 01:20:00,24.7
2025-06-12 08:15:00,49.88181818181819
2025-06-12 02:32:00,79.5
2025-06-12 03:44:00,61.0
2025-06-12 10:56:00,49.88181818181819
2025-06-12 11:07:00,16.7
2025-06-12 03:01:00,58.9
2025-06-12 06:06:00,42.8
2025-06-12 06:25:00,49.88181818181819
2025-06-12 09:54:00,58.8
2025-06-12 09:29:00,35.3
2025-06-12 04:16:00,63.1
2025-06-12 13:19:00,93.0
2025-06-12 02:16:00,77.6
2025-06-12 10:11:00,10.6
2025-06-12 09:23:00,92.1
2025-06-12 15:21:00,27.8
2025-06-12 10:51:00,66.3
2025-06-12 21:52:00,20.2
2025-06-12 12:42:00,98.3
2025-06-12 07:40:00,80.4
2025-06-12 10:19:00,71.2
2025-06-12 04:34:00,73.3
2025-06-12 14:27:00,96.1
2025-06-12 01:01:00,97.3
2025-06-12 18:13:00,49.88181818181819
2025-06-12 14:14:00,41.9
2025-06-12 08:05:00,49.88181818181819
2025-06-12 04:40:00,50.8
2025-06-12 02:27:00,58.9
2025-06-12 00:34:00,22.8
2025-06-12 09:59:00,61.8
2025-06-12 14:03:00,47.2
2025-06-12 19:48:00,95.4
2025-06-12 00:49:00,12.8
2025-06-12 23:39:00,28.0
2025-06-12 19:52:00,87.3
2025-06-12 03:29:00,63.3
2025-06-12 15:09:00,73.2
2025-06-12 19:45:00,97.1
2025-06-12 23:37:00,49.88181818181819
2025-06-12 16:21:00,68.6
2025-06-12 17:56:00,82.3
2025-06-12 13:51:00,91.1
2025-06-12 04:35:00,17.0
2025-06-12 11:22:00,6.8
2025-06-12 22:31:00,77.2
2025-06-12 15:35:00,72.6
2025-06-12 12:14:00,49.88181818181819
2025-06-12 21:09:00,63.5
2025-06-12 19:58:00,85.4
2025-06-12 10:13:00,49.88181818181819
2025-06-12 22:02:00,39.5
2025-06-12 10:52:00,39.6
2025-06-12 00:10:00,89.5
2025-06-12 06:31:00,13.6
2025-06-12 19:20:00,96.5
2025-06-12 21:31:00,65.2
2025-06-12 22:24:00,80.3
2025-06-12 22:20:00,98.4
2025-06-12 12:26:00,94.8
2025-06-12 22:27:00,36.0
2025-06-12 21:04:00,77.1
2025-06-12 19:58:00,49.88181818181819
2025-06-12 09:02:00,99.0
2025-06-12 12:26:00,33.8
2025-06-12 16:13:00,11.7
2025-06-12 06:17:00,49.88181818181819
2025-06-12 03:54:00,49.88181818181819
2025-06-12 07:35:00,19.1
2025-06-12 04:11:00,42.2
2025-06-12 04:21:00,28.2
2025-06-12 01:01:00,75.0
2025-06-12 18:31:00,69.6
2025-06-12 17:22:00,82.2
2025-06-12 19:35:00,49.88181818181819
2025-06-12 08:01:00,36.7
2025-06-12 20:15:00,17.7
2025-06-12 04:24:00,13.3
2025-06-12 12:19:00,49.88181818181819
2025-06-12 23:19:00,49.88181818181819
2025-06-12 14:01:00,22.7
2025-06-12 20:41:00,2.8
2025-06-12 06:07:00,12.3
2025-06-12 13:32:00,62.6
2025-06-12 02:35:00,68.1
2025-06-12 01:30:00,33.6
2025-06-12 07:05:00,49.88181818181819
2025-06-12 03:04:00,94.4
2025-06-12 16:49:00,49.88181818181819
2025-06-12 09:12:00,98.3
2025-06-12 11:07:00,55.6
2025-06-12 11:21:00,11.6
2025-06-12 15:51:00,4.3
2025-06-12 08:26:00,72.6
2025-06-12 23:22:00,94.5
2025-06-12 04:31:00,49.88181818181819
2025-06-12 09:33:00,49.88181818181819
2025-06-12 11:12:00,49.88181818181819
2025-06-12 07:47:00,29.8
2025-06-12 20:54:00,49.88181818181819
2025-06-12 18:01:00,2.3
2025-06-12 06:36:00,7.2
2025-06-12 00:44:00,3.7
2025-06-12 07:25:00,27.3
2025-06-12 16:46:00,69.0
2025-06-12 03:10:00,45.9
2025-06-12 10:35:00,30.4
2025-06-12 20:32:00,62.9
2025-06-12 12:18:00,40.1
2025-06-12 11:39:00,47.3
2025-06-12 11:13:00,0.9
2025-06-12 15:01:00,69.8
2025-06-12 07:40:00,6.1
2025-06-12 21:49:00,24.9
2025-06-12 05:38:00,49.88181818181819
2025-06-12 16:10:00,57.1
2025-06-12 20:09:00,13.3
2025-06-12 00:25:00,61.4
2025-06-12 06:21:00,26.0
2025-06-12 23:52:00,5.6
2025-06-12 05:36:00,4.4
2025-06-12 09:20:00,28.6
2025-06-12 19:40:00,69.8
2025-06-12 03:51:00,3.9
2025-06-12 14:52:00,39.1
2025-06-12 23:52:00,78.0
2025-06-12 07:15:00,43.5
2025-06-12 07:52:00,44.0
2025-06-12 18:57:00,36.2
2025-06-12 08:42:00,78.9
2025-06-12 21:32:00,13.2
2025-06-12 20:47:00,38.7
2025-06-12 02:01:00,55.1
2025-06-12 04:57:00,21.6
2025-06-12 18:06:00,49.88181818181819
2025-06-12 21:33:00,49.88181818181819
2025-06-12 05:40:00,67.4
2025-06-12 23:11:00,68.3
2025-06-12 16:01:00,84.3
2025-06-12 21:01:00,62.9
2025-06-12 20:14:00,38.0
2025-06-12 08:30:00,15.1
2025-06-12 12:57:00,2.1
2025-06-12 12:35:00,77.1
2025-06-12 04:58:00,4.5
2025-06-12 06:37:00,12.7
2025-06-12 10:41:00,75.5
2025-06-12 20:38:00,27.2
2025-06-12 00:50:00,24.8
2025-06-12 03:01:00,50.019744401453856
2025-06-12 10:28:00,84.5
2025-06-12 12:32:00,2.2
2025-06-12 07:51:00,47.1
2025-06-12 11:57:00,48.2
2025-06-12 08:08:00,86.7
2025-06-12 13:54:00,50.019744401453856
2025-06-12 05:47:00,65.7
2025-06-12 18:00:00,23.4
2025-06-12 21:01:00,50.0
2025-06-12 12:22:00,64.8
2025-06-12 15:01:00,31.5
2025-06-12 09:59:00,89.5
2025-06-12 01:21:00,44.3
2025-06-12 18:18:00,76.2
2025-06-12 17:52:00,63.5
2025-06-12 08:03:00,64.4
2025-06-12 11:42:00,90.5
2025-06-12 17:34:00,89.3
2025-06-12 21:17:00,55.9
2025-06-12 21:12:00,79.7
2025-06-12 08:14:00,4.2
2025-06-12 07:53:00,85.0
2025-06-12 04:43:00,65.9
2025-06-12 20:24:00,7.0
2025-06-12 15:03:00,80.6
2025-06-12 05:29:00,41.8
2025-06-12 14:35:00,82.5
2025-06-12 16:16:00,20.8
2025-06-12 21:53:00,63.2
2025-06-12 15:37:00,59.7
2025-06-12 13:29:00,52.9
2025-06-12 10:24:00,23.5
2025-06-12 21:10:00,55.0
2025-06-12 20:06:00,66.9
2025-06-12 15:11:00,60.1
2025-06-12 16:25:00,90.2
2025-06-12 23:44:00,44.6
2025-06-12 18:29:00,11.1
2025-06-12 20:04:00,50.019744401453856
2025-06-12 22:55:00,90.7
2025-06-12 06:16:00,55.0
2025-06-12 19:50:00,14.2
2025-06-12 20:08:00,6.1
2025-06-12 00:07:00,50.019744401453856
2025-06-12 13:00:00,43.7
2025-06-12 01:04:00,57.2
2025-06-12 07:25:00,88.9
2025-06-12 12:01:00,90.9
2025-06-12 02:03:00,41.6
2025-06-12 13:22:00,27.0
2025-06-12 16:54:00,61.9
2025-06-12 11:59:00,28.3
2025-06-12 16:22:00,26.9
2025-06-12 20:16:00,96.4
2025-06-12 10:12:00,6.5
2025-06-12 23:53:00,51.5
2025-06-12 05:15:00,50.019744401453856
2025-06-12 03:42:00,9.5
2025-06-12 03:13:00,27.4
2025-06-12 08:34:00,59.7
2025-06-12 01:01:00,67.2
2025-06-12 18:43:00,49.8
2025-06-12 00:29:00,2.9
2025-06-12 02:36:00,84.1
2025-06-12 04:25:00,15.8
2025-06-12 09:46:00,24.0
2025-06-12 00:10:00,50.019744401453856
2025-06-12 13:38:00,63.3
2025-06-12 04:15:00,68.1
2025-06-12 13:52:00,36.3
2025-06-12 04:18:00,77.6
2025-06-12 02:18:00,27.4
2025-06-12 00:26:00,73.6
2025-06-12 21:52:00,50.019744401453856
2025-06-12 20:57:00,24.9
2025-06-12 20:21:00,62.7
2025-06-12 06:58:00,65.3
2025-06-12 07:30:00,78.7
2025-06-12 03:27:00,37.9
2025-06-12 11:11:00,24.7
2025-06-12 23:51:00,55.2
2025-06-12 19:07:00,10.9
2025-06-12 10:05:00,77.6
2025-06-12 12:24:00,10.3
2025-06-12 10:50:00,50.019744401453856
2025-06-12 08:16:00,1.7
2025-06-12 21:59:00,70.7
2025-06-12 09:33:00,57.9
2025-06-12 03:49:00,50.019744401453856
2025-06-12 05:53:00,34.7
2025-06-12 15:12:00,53.9
2025-06-12 23:26:00,68.5
2025-06-12 00:38:00,52.6
2025-06-12 00:30:00,77.7
2025-06-12 03:45:00,10.1
2025-06-12 18:14:00,10.6
2025-06-12 19:05:00,9.8
2025-06-12 03:10:00,48.8
2025-06-12 21:32:00,57.1
2025-06-12 02:09:00,82.0
2025-06-12 00:34:00,99.1
2025-06-12 18:04:00,98.3
2025-06-12 16:48:00,92.4
2025-06-12 20:24:00,19.7
2025-06-12 02:38:00,50.019744401453856
2025-06-12 01:00:00,38.4
2025-06-12 03:50:00,93.9
2025-06-12 09:01:00,8.4
2025-06-12 07:26:00,72.1
2025-06-12 12:58:00,50.019744401453856
2025-06-12 00:37:00,95.3
2025-06-12 17:09:00,80.2
2025-06-12 22:59:00,62.0
2025-06-12 23:09:00,34.4
2025-06-12 20:38:00,53.2
2025-06-12 10:45:00,99.9
2025-06-12 20:56:00,81.5
2025-06-12 06:03:00,85.9
2025-06-12 02:36:00,11.1
2025-06-12 10:24:00,50.019744401453856
2025-06-12 11:56:00,31.9
2025-06-12 10:34:00,34.3
2025-06-12 04:03:00,37.5
2025-06-12 14:41:00,54.0
2025-06-12 20:13:00,50.019744401453856
2025-06-12 17:13:00,52.9
2025-06-12 15:19:00,50.019744401453856
2025-06-12 03:53:00,42.6
2025-06-12 05:46:00,50.019744401453856
2025-06-12 07:07:00,43.1
2025-06-12 06:49:00,29.5
2025-06-12 13:50:00,89.4
2025-06-12 22:16:00,16.0
2025-06-12 16:44:00,39.5
2025-06-12 22:08:00,50.019744401453856
2025-06-12 08:20:00,50.019744401453856
2025-06-12 05:16:00,53.2
2025-06-12 08:13:00,31.9
2025-06-12 01:43:00,82.1
2025-06-12 09:36:00,50.019744401453856
2025-06-12 06:00:00,55.1
2025-06-12 09:42:00,43.8
2025-06-12 09:46:00,75.3
2025-06-12 04:05:00,64.7
2025-06-12 06:26:00,97.9
2025-06-12 11:00:00,34.7
2025-06-12 03:41:00,69.4
2025-06-12 22:29:00,50.9
2025-06-12 12:34:00,54.9
2025-06-12 02:04:00,2.1
2025-06-12 17:09:00,38.9
2025-06-12 11:30:00,56.7
2025-06-12 03:50:00,9.7
2025-06-12 02:28:00,42.2
2025-06-12 21:41:00,68.8
2025-06-12 22:18:00,15.9
2025-06-12 23:52:00,42.6
2025-06-12 04:12:00,68.4
2025-06-12 12:17:00,61.3
2025-06-12 07:05:00,42.9
2025-06-12 09:07:00,98.2
2025-06-12 12:44:00,68.2
2025-06-12 15:28:00,50.019744401453856
2025-06-12 04:29:00,50.019744401453856
2025-06-12 11:41:00,0.2
2025-06-12 21:31:00,50.019744401453856
2025-06-12 18:22:00,10.1
2025-06-12 00:39:00,87.5
2025-06-12 02:44:00,50.019744401453856
2025-06-12 01:59:00,9.3
2025-06-12 08:37:00,5.2
2025-06-12 20:10:00,51.2
2025-06-12 23:38:00,39.5
2025-06-12 01:04:00,28.4
2025-06-12 07:55:00,68.6
2025-06-12 07:06:00,50.019744401453856
2025-06-12 18:09:00,22.3
2025-06-12 18:52:00,2.1
2025-06-12 21:43:00,49.2
2025-06-12 12:26:00,50.019744401453856
2025-06-12 23:14:00,85.5
2025-06-12 16:58:00,79.0
2025-06-12 01:31:00,94.8
2025-06-12 22:13:00,52.0
2025-06-12 11:57:00,84.0
2025-06-12 02:30:00,17.5
2025-06-12 05:18:00,4.0
2025-06-12 10:12:00,50.019744401453856
2025-06-12 14:49:00,50.019744401453856
2025-06-12 17:21:00,29.8
2025-06-12 21:52:00,90.8
2025-06-12 01:59:00,68.3
2025-06-12 01:18:00,48.3
2025-06-12 22:34:00,50.019744401453856
2025-06-12 09:41:00,52.9
2025-06-12 10:08:00,37.2
2025-06-12 04:38:00,40.5
2025-06-12 01:17:00,38.4
2025-06-12 01:40:00,78.6
2025-06-12 16:36:00,22.2
2025-06-12 03:54:00,47.0
2025-06-12 16:28:00,79.6
2025-06-12 07:34:00,56.7
2025-06-12 17:27:00,85.8
2025-06-12 23:15:00,9.7
2025-06-12 14:45:00,66.4
2025-06-12 02:53:00,21.9
2025-06-12 15:32:00,66.3
2025-06-12 04:55:00,2.5
2025-06-12 20:06:00,60.5
2025-06-12 11:20:00,18.7
2025-06-12 08:33:00,71.7
2025-06-12 03:43:00,3.2
2025-06-12 07:01:00,88.9
2025-06-12 22:41:00,26.0
2025-06-12 01:40:00,31.0
2025-06-12 22:43:00,79.2
2025-06-12 20:59:00,50.019744401453856
2025-06-12 22:14:00,84.1
2025-06-12 19:14:00,64.3
2025-06-12 09:46:00,43.9
2025-06-12 15:22:00,50.019744401453856
2025-06-12 15:44:00,52.5
2025-06-12 19:09:00,44.4
2025-06-12 16:20:00,50.019744401453856
2025-06-12 16:04:00,50.019744401453856
2025-06-12 16:05:00,27.6
2025-06-12 18:00:00,35.7
2025-06-12 06:50:00,50.019744401453856
2025-06-12 23:20:00,49.9
2025-06-12 22:30:00,50.7
2025-06-12 11:00:00,50.019744401453856
2025-06-12 03:28:00,50.019744401453856
2025-06-12 21:46:00,56.1
2025-06-12 11:33:00,68.9
2025-06-12 06:58:00,59.8
2025-06-12 20:09:00,62.3
2025-06-12 16:10:00,76.2
2025-06-12 12:06:00,39.1
2025-06-12 12:48:00,41.0
2025-06-12 12:11:00,28.7
2025-06-12 05:04:00,92.0
2025-06-12 02:46:00,57.4
2025-06-12 13:52:00,59.7
2025-06-12 08:53:00,89.9
2025-06-12 10:51:00,7.6
2025-06-12 20:23:00,26.2
2025-06-12 17:59:00,65.7
2025-06-12 12:57:00,93.1
2025-06-12 06:22:00,22.7
2025-06-12 15:05:00,20.3
2025-06-12 16:33:00,50.019744401453856
2025-06-12 01:05:00,18.2
2025-06-12 21:25:00,97.0
2025-06-12 08:49:00,75.0
2025-06-12 02:29:00,82.4
2025-06-12 16:43:00,67.5
2025-06-12 19:13:00,82.4
2025-06-12 04:53:00,39.7
2025-06-12 16:45:00,99.0
2025-06-12 04:23:00,97.9
2025-06-12 13:58:00,43.8
2025-06-12 19:54:00,30.7
2025-06-12 11:29:00,85.8
2025-06-12 22:21:00,57.6
2025-06-12 12:10:00,62.3
2025-06-12 19:24:00,76.3
2025-06-12 15:59:00,23.5
2025-06-12 04:41:00,97.7
2025-06-12 08:14:00,95.8
2025-06-12 05:51:00,20.1
2025-06-12 20:56:00,22.1
2025-06-12 05:05:00,62.6
2025-06-12 23:22:00,47.6
2025-06-12 02:26:00,17.0
2025-06-12 07:00:00,57.6
2025-06-12 02:31:00,75.7
2025-06-12 06:13:00,48.3
2025-06-12 18:00:00,50.019744401453856
2025-06-12 00:41:00,65.7
2025-06-12 02:26:00,50.019744401453856
2025-06-12 08:49:00,26.6
2025-06-12 17:36:00,62.6
2025-06-12 00:24:00,91.3
2025-06-12 11:46:00,50.019744401453856
2025-06-12 12:21:00,68.5
2025-06-12 10:46:00,23.6
2025-06-12 12:37:00,0.2
2025-06-12 16:07:00,56.1
2025-06-12 13:13:00,20.4
2025-06-12 02:39:00,73.9
2025-06-12 07:55:00,2.4
2025-06-12 10:40:00,50.019744401453856
2025-06-12 08:37:00,56.5
2025-06-12 15:24:00,50.019744401453856
2025-06-12 01:20:00,26.3
2025-06-12 15:47:00,84.3
2025-06-12 22:56:00,50.019744401453856
2025-06-12 17:31:00,91.7
2025-06-12 22:01:00,36.8
2025-06-12 11:20:00,6.8
2025-06-12 05:28:00,50.2
2025-06-12 16:10:00,50.019744401453856
2025-06-12 17:11:00,4.7
2025-06-12 12:46:00,7.8
2025-06-12 19:53:00,76.3
2025-06-12 04:53:00,52.8
2025-06-12 04:22:00,7.3
2025-06-12 13:29:00,53.0
2025-06-12 21:36:00,18.0
2025-06-12 04:49:00,27.4
2025-06-12 02:54:00,30.9
2025-06-12 12:17:00,87.6
2025-06-12 14:59:00,37.9
2025-06-12 22:59:00,24.3
2025-06-12 08:07:00,14.6
2025-06-12 05:13:00,6.0
2025-06-12 20:19:00,96.9
2025-06-12 20:30:00,85.8
2025-06-12 13:13:00,50.019744401453856
2025-06-12 09:44:00,75.5
2025-06-12 23:43:00,43.0
2025-06-12 09:08:00,43.0
2025-06-12 09:32:00,8.5
2025-06-12 14:05:00,2.6
2025-06-12 20:11:00,71.0
2025-06-12 18:02:00,69.7
2025-06-12 21:02:00,50.019744401453856
2025-06-12 22:55:00,50.019744401453856
2025-06-12 01:47:00,80.0
2025-06-12 16:18:00,26.0
2025-06-12 12:43:00,48.2
2025-06-12 18:33:00,42.2
2025-06-12 10:21:00,72.0
2025-06-12 08:17:00,63.0
2025-06-12 16:31:00,68.1
2025-06-12 06:16:00,58.0
2025-06-12 16:12:00,49.0
2025-06-12 22:00:00,50.0
2025-06-12 12:35:00,70.1
2025-06-12 21:00:00,86.2
2025-06-12 14:02:00,49.94205948042788
2025-06-12 12:03:00,19.7
2025-06-12 18:39:00,19.2
2025-06-12 18:57:00,73.5
2025-06-12 04:44:00,11.1
2025-06-12 16:48:00,12.0
2025-06-12 19:43:00,22.0
2025-06-12 01:17:00,92.4
2025-06-12 18:23:00,24.3
2025-06-12 04:07:00,13.4
2025-06-12 02:53:00,14.3
2025-06-12 00:24:00,1.2
2025-06-12 18:04:00,16.2
2025-06-12 12:27:00,30.9
2025-06-12 01:00:00,36.6
2025-06-12 08:56:00,94.3
2025-06-12 01:48:00,69.5
2025-06-12 15:32:00,36.7
2025-06-12 11:36:00,8.5
2025-06-12 14:22:00,70.2
2025-06-12 10:31:00,0.8
2025-06-12 16:31:00,14.3
2025-06-12 16:51:00,49.94205948042788
2025-06-12 17:26:00,39.3
2025-06-12 18:09:00,52.1
2025-06-12 07:21:00,35.3
2025-06-12 16:35:00,88.2
2025-06-12 00:08:00,75.6
2025-06-12 20:07:00,49.94205948042788
2025-06-12 03:16:00,70.3
2025-06-12 03:42:00,40.3
2025-06-12 14:35:00,49.94205948042788
2025-06-12 03:57:00,49.94205948042788
2025-06-12 19:43:00,51.4
2025-06-12 08:00:00,22.5
2025-06-12 12:56:00,49.94205948042788
2025-06-12 17:54:00,34.0
2025-06-12 10:43:00,49.94205948042788
2025-06-12 07:01:00,43.8
2025-06-12 16:45:00,62.6
2025-06-12 07:14:00,88.3
2025-06-12 09:57:00,82.1
2025-06-12 11:10:00,37.8
2025-06-12 23:26:00,60.1
2025-06-12 13:17:00,66.6
2025-06-12 12:32:00,38.5
2025-06-12 23:43:00,79.6
2025-06-12 06:04:00,14.3
2025-06-12 15:02:00,68.6
2025-06-12 20:21:00,59.7
2025-06-12 00:02:00,13.0
2025-06-12 10:06:00,49.94205948042788
2025-06-12 14:48:00,23.7
2025-06-12 20:06:00,16.6
2025-06-12 02:19:00,58.3
2025-06-12 09:04:00,4.3
2025-06-12 13:54:00,56.8
2025-06-12 18:50:00,85.8
2025-06-12 09:22:00,36.4
2025-06-12 09:23:00,49.94205948042788
2025-06-12 15:13:00,56.8
2025-06-12 08:40:00,53.5
2025-06-12 12:40:00,87.5
2025-06-12 05:38:00,29.8
2025-06-12 14:17:00,95.8
2025-06-12 21:27:00,46.2
2025-06-12 08:59:00,9.3
2025-06-12 13:42:00,72.8
2025-06-12 23:19:00,32.1
2025-06-12 20:22:00,27.1
2025-06-12 20:09:00,49.94205948042788
2025-06-12 17:16:00,24.1
2025-06-12 12:16:00,93.4
2025-06-12 19:15:00,39.2
2025-06-12 00:19:00,82.4
2025-06-12 04:03:00,8.5
2025-06-12 23:38:00,15.2
2025-06-12 19:21:00,67.7
2025-06-12 09:59:00,12.0
2025-06-12 09:52:00,93.2
2025-06-12 18:59:00,19.1
2025-06-12 08:46:00,42.4
2025-06-12 09:42:00,49.94205948042788
2025-06-12 09:16:00,49.94205948042788
2025-06-12 09:14:00,99.8
2025-06-12 01:16:00,39.6
2025-06-12 16:37:00,13.0
2025-06-12 01:58:00,81.8
2025-06-12 06:56:00,49.94205948042788
2025-06-12 23:39:00,37.9
2025-06-12 12:33:00,67.7
2025-06-12 04:24:00,87.3
2025-06-12 21:09:00,19.9
2025-06-12 06:56:00,38.2
2025-06-12 08:30:00,67.7
2025-06-12 23:04:00,48.2
2025-06-12 12:14:00,35.9
2025-06-12 12:08:00,14.0
2025-06-12 00:39:00,7.4
2025-06-12 08:11:00,47.8
2025-06-12 20:15:00,5.9
2025-06-12 10:27:00,37.7
2025-06-12 16:37:00,44.2
2025-06-12 00:58:00,66.4
2025-06-12 13:56:00,49.94205948042788
2025-06-12 23:27:00,16.9
2025-06-12 23:11:00,93.5
2025-06-12 08:50:00,92.0
2025-06-12 00:30:00,40.3
2025-06-12 02:21:00,49.94205948042788
2025-06-12 10:20:00,23.8
2025-06-12 08:40:00,69.7
2025-06-12 12:55:00,49.3
2025-06-12 08:13:00,92.1
2025-06-12 08:53:00,49.94205948042788
2025-06-12 05:04:00,12.1
2025-06-12 21:30:00,0.3
2025-06-12 07:57:00,61.1
2025-06-12 18:35:00,26.0
2025-06-12 08:23:00,60.9
2025-06-12 20:59:00,88.6
2025-06-12 04:15:00,7.6
2025-06-12 14:42:00,31.6
2025-06-12 03:46:00,49.94205948042788
2025-06-12 00:20:00,49.94205948042788
2025-06-12 11:03:00,66.0
2025-06-12 07:04:00,97.9
2025-06-12 23:56:00,0.4
2025-06-12 06:02:00,47.9
2025-06-12 20:56:00,86.1
2025-06-12 07:50:00,49.94205948042788
2025-06-12 15:11:00,36.4
2025-06-12 19:41:00,49.94205948042788
2025-06-12 09:53:00,64.7
2025-06-12 19:03:00,1.7
2025-06-12 17:28:00,38.0
2025-06-12 12:03:00,1.6
2025-06-12 02:22:00,38.0
2025-06-12 18:39:00,20.5
2025-06-12 18:29:00,85.1
2025-06-12 21:44:00,56.1
2025-06-12 07:14:00,92.5
2025-06-12 14:43:00,97.8
2025-06-12 02:25:00,49.94205948042788
2025-06-12 03:30:00,97.5
2025-06-12 00:17:00,19.3
2025-06-12 10:48:00,42.3
2025-06-12 08:44:00,56.8
2025-06-12 23:22:00,25.0
2025-06-12 13:30:00,24.7
2025-06-12 00:06:00,19.0
2025-06-12 13:07:00,32.0
2025-06-12 03:32:00,89.5
2025-06-12 19:40:00,82.0
2025-06-12 10:02:00,11.7
2025-06-12 10:30:00,34.3
2025-06-12 09:37:00,52.5
2025-06-12 10:23:00,3.4
2025-06-12 03:25:00,49.94205948042788
2025-06-12 05:57:00,31.9
2025-06-12 19:56:00,74.7
2025-06-12 17:16:00,8.9
2025-06-12 00:33:00,88.5
2025-06-12 18:23:00,48.8
2025-06-12 03:57:00,57.4
2025-06-12 01:44:00,95.1
2025-06-12 04:58:00,20.4
2025-06-12 10:24:00,7.9
2025-06-12 06:26:00,76.2
2025-06-12 18:43:00,48.5
2025-06-12 08:40:00,4.2
2025-06-12 04:26:00,13.1
2025-06-12 15:06:00,28.6
2025-06-12 21:36:00,69.4
2025-06-12 21:28:00,23.8
2025-06-12 22:27:00,49.0
2025-06-12 23:45:00,94.9
2025-06-12 11:10:00,22.0
2025-06-12 13:59:00,30.2
2025-06-12 05:15:00,82.8
2025-06-12 14:55:00,54.1
2025-06-12 02:24:00,20.8
2025-06-12 10:46:00,10.3
2025-06-12 06:38:00,79.6
2025-06-12 03:09:00,5.9
2025-06-12 09:06:00,49.94205948042788
2025-06-12 15:51:00,13.0
2025-06-12 00:43:00,49.94205948042788
2025-06-12 20:49:00,49.94205948042788
2025-06-12 03:44:00,43.3
2025-06-12 22:53:00,52.2
2025-06-12 13:59:00,43.7
2025-06-12 06:28:00,28.6
2025-06-12 06:18:00,49.94205948042788
2025-06-12 08:32:00,18.0
2025-06-12 11:52:00,10.8
2025-06-12 02:45:00,49.94205948042788
2025-06-12 09:34:00,27.7
2025-06-12 10:10:00,49.94205948042788
2025-06-12 17:44:00,3.5
2025-06-12 22:50:00,65.8
2025-06-12 06:48:00,2.6
2025-06-12 15:49:00,52.8
2025-06-12 12:49:00,12.5
2025-06-12 11:34:00,1.9
2025-06-12 14:07:00,86.2
2025-06-12 16:39:00,69.7
2025-06-12 11:01:00,13.2
2025-06-12 06:07:00,29.7
2025-06-12 07:40:00,6.7
2025-06-12 10:11:00,89.2
2025-06-12 19:33:00,49.94205948042788
2025-06-12 01:13:00,79.5
2025-06-12 08:01:00,30.6
2025-06-12 23:33:00,56.4
2025-06-12 22:30:00,14.1
2025-06-12 05:29:00,58.2
2025-06-12 12:04:00,49.94205948042788
2025-06-12 11:06:00,49.94205948042788
2025-06-12 20:28:00,49.94205948042788
2025-06-12 16:50:00,74.3
2025-06-12 13:12:00,49.94205948042788
2025-06-12 22:03:00,59.5
2025-06-12 06:08:00,19.0
2025-06-12 01:23:00,78.6
2025-06-12 21:32:00,3.9
2025-06-12 05:23:00,60.1
2025-06-12 15:59:00,25.0
2025-06-12 05:10:00,13.6
2025-06-12 08:56:00,49.2
2025-06-12 10:31:00,41.9
2025-06-12 15:32:00,85.9
2025-06-12 15:49:00,59.5
2025-06-12 05:26:00,3.0
2025-06-12 08:23:00,92.0
2025-06-12 06:23:00,36.1
2025-06-12 02:10:00,90.6
2025-06-12 19:34:00,12.5
2025-06-12 17:59:00,71.1
2025-06-12 23:27:00,29.3
2025-06-12 14:07:00,7.1
2025-06-12 23:20:00,82.0
2025-06-12 03:56:00,42.3
2025-06-12 09:53:00,49.94205948042788
2025-06-12 09:07:00,39.8
2025-06-12 03:09:00,26.7
2025-06-12 06:41:00,48.0
2025-06-12 20:18:00,49.94205948042788
2025-06-12 12:23:00,34.2
2025-06-12 09:51:00,55.6
2025-06-12 18:11:00,8.8
2025-06-12 18:51:00,8.9
2025-06-12 00:30:00,71.0
2025-06-12 09:34:00,83.1
2025-06-12 15:00:00,57.7
2025-06-12 20:56:00,49.94205948042788
2025-06-12 12:22:00,25.1
2025-06-12 06:33:00,29.1
2025-06-12 04:03:00,18.1
2025-06-12 16:35:00,86.8
2025-06-12 22:37:00,28.9
2025-06-12 23:53:00,21.9
2025-06-12 03:35:00,88.8
2025-06-12 05:30:00,13.0
2025-06-12 23:04:00,34.9
2025-06-12 13:21:00,71.7
2025-06-12 17:16:00,68.0
2025-06-12 15:01:00,12.8
2025-06-12 22:58:00,17.8
2025-06-12 09:50:00,84.6
2025-06-12 16:15:00,8.8
2025-06-12 09:46:00,56.3
2025-06-12 07:49:00,8.2
2025-06-12 03:06:00,19.7
2025-06-12 09:07:00,62.2
2025-06-12 03:06:00,84.4
2025-06-12 13:13:00,49.7
2025-06-12 11:00:00,66.3
2025-06-12 18:38:00,49.94205948042788
2025-06-12 17:52:00,75.4
2025-06-12 08:09:00,1.0
2025-06-12 23:27:00,49.94205948042788
2025-06-12 18:18:00,62.4
2025-06-12 14:01:00,47.8
2025-06-12 05:50:00,80.5
2025-06-12 00:38:00,9.8
2025-06-12 21:56:00,49.94205948042788
2025-06-12 23:46:00,21.1
2025-06-12 11:38:00,98.4
2025-06-12 11:38:00,49.94205948042788
2025-06-12 01:13:00,78.2
2025-06-12 00:12:00,47.7
2025-06-12 18:16:00,40.9
2025-06-12 09:16:00,99.4
2025-06-12 03:59:00,56.5
2025-06-12 01:53:00,49.94205948042788
2025-06-12 13:54:00,57.5
2025-06-12 10:43:00,95.6
2025-06-12 19:21:00,19.9
2025-06-12 02:39:00,48.8
2025-06-12 08:48:00,29.8
2025-06-12 01:30:00,10.0
2025-06-12 14:28:00,97.7
2025-06-12 00:54:00,57.8
2025-06-12 18:26:00,90.3
2025-06-12 15:27:00,58.3
2025-06-12 18:01:00,49.94205948042788
2025-06-12 19:46:00,58.2
2025-06-12 14:11:00,64.7
2025-06-12 20:54:00,71.4
2025-06-12 15:09:00,49.94205948042788
2025-06-12 08:48:00,13.5
2025-06-12 17:06:00,58.1
2025-06-12 14:46:00,59.4
2025-06-12 10:45:00,47.4
2025-06-12 14:34:00,50.9
2025-06-12 18:24:00,52.4
2025-06-12 00:08:00,13.0
2025-06-12 09:44:00,49.94205948042788
2025-06-12 10:26:00,49.94205948042788
2025-06-12 07:11:00,49.94205948042788
2025-06-12 16:58:00,49.94205948042788
2025-06-12 19:00:00,21.4
2025-06-12 07:30:00,24.0
2025-06-12 09:27:00,73.3
2025-06-12 04:42:00,30.5
2025-06-12 23:15:00,36.8
2025-06-12 15:48:00,53.7
2025-06-12 10:29:00,17.1
2025-06-12 01:57:00,53.8
2025-06-12 10:48:00,76.0
2025-06-12 00:29:00,49.94205948042788
2025-06-12 07:47:00,33.1
2025-06-12 04:38:00,78.4
2025-06-12 01:27:00,49.94205948042788
2025-06-12 16:45:00,71.6
2025-06-12 07:25:00,97.9
2025-06-12 01:32:00,49.94205948042788
2025-06-12 09:00:00,49.94205948042788
2025-06-12 11:18:00,65.1
2025-06-12 13:51:00,5.8
2025-06-12 14:45:00,34.0
2025-06-12 14:59:00,84.3
2025-06-12 15:31:00,38.0
2025-06-12 12:09:00,51.4
2025-06-12 14:21:00,4.1
2025-06-12 09:39:00,87.6
2025-06-12 18:46:00,14.3
2025-06-12 06:21:00,99.7
2025-06-12 22:55:00,73.4
2025-06-12 06:20:00,0.1
2025-06-12 18:34:00,50.024092836946274
2025-06-12 22:30:00,95.5
2025-06-12 15:52:00,32.7
2025-06-12 22:12:00,22.6
2025-06-12 15:46:00,9.4
2025-06-12 13:36:00,24.0
2025-06-12 17:10:00,81.8
2025-06-12 10:54:00,23.0
2025-06-12 02:30:00,3.8
2025-06-12 06:38:00,49.5
2025-06-12 18:25:00,33.0
2025-06-12 13:26:00,17.5
2025-06-12 01:07:00,50.024092836946274
2025-06-12 17:36:00,34.8
2025-06-12 00:14:00,49.1
2025-06-12 06:20:00,64.1
2025-06-12 13:12:00,19.5
2025-06-12 23:35:00,46.6
2025-06-12 20:55:00,13.7
2025-06-12 12:31:00,76.2
2025-06-12 07:13:00,7.0
2025-06-12 17:06:00,99.0
2025-06-12 10:46:00,60.9
2025-06-12 04:45:00,54.8
2025-06-12 12:36:00,96.5
2025-06-12 20:47:00,17.6
2025-06-12 15:56:00,86.7
2025-06-12 04:31:00,55.7
2025-06-12 08:42:00,14.2
2025-06-12 17:23:00,76.5
2025-06-12 12:36:00,42.4
2025-06-12 12:07:00,46.7
2025-06-12 20:53:00,88.3
2025-06-12 03:03:00,34.6
2025-06-12 22:08:00,10.8
2025-06-12 19:05:00,50.024092836946274
2025-06-12 13:20:00,90.1
2025-06-12 16:27:00,42.5
2025-06-12 12:58:00,50.024092836946274
2025-06-12 07:37:00,76.0
2025-06-12 08:31:00,0.2
2025-06-12 06:22:00,92.5
2025-06-12 05:28:00,75.2
2025-06-12 03:39:00,0.1
2025-06-12 18:07:00,37.4
2025-06-12 17:05:00,14.2
2025-06-12 04:17:00,48.7
2025-06-12 10:12:00,50.024092836946274
2025-06-12 19:15:00,5.2
2025-06-12 08:10:00,9.8
2025-06-12 11:41:00,3.0
2025-06-12 21:31:00,25.2
2025-06-12 03:31:00,50.024092836946274
2025-06-12 05:04:00,80.0
2025-06-12 21:06:00,9.5
2025-06-12 00:09:00,27.8
2025-06-12 15:15:00,62.7
2025-06-12 16:41:00,91.9
2025-06-12 14:13:00,50.024092836946274
2025-06-12 19:12:00,50.024092836946274
2025-06-12 20:06:00,31.9
2025-06-12 09:35:00,54.4
2025-06-12 10:18:00,27.5
2025-06-12 05:15:00,20.5
2025-06-12 01:59:00,64.2
2025-06-12 00:44:00,37.1
2025-06-12 08:55:00,88.7
2025-06-12 21:27:00,73.7
2025-06-12 06:57:00,66.2
2025-06-12 20:35:00,93.7
2025-06-12 11:39:00,81.1
2025-06-12 02:02:00,71.3
2025-06-12 10:50:00,75.4
2025-06-12 02:11:00,78.3
2025-06-12 01:57:00,8.8
2025-06-12 22:22:00,78.3
2025-06-12 19:02:00,31.7
2025-06-12 10:39:00,11.5
2025-06-12 00:47:00,53.9
2025-06-12 02:13:00,61.0
2025-06-12 14:45:00,2.8
2025-06-12 22:56:00,43.3
2025-06-12 21:48:00,88.7
2025-06-12 09:11:00,79.0
2025-06-12 02:43:00,82.2
2025-06-12 16:12:00,19.2
2025-06-12 02:32:00,79.1
2025-06-12 04:48:00,99.5
2025-06-12 18:00:00,24.4
2025-06-12 02:04:00,88.7
2025-06-12 10:12:00,45.7
2025-06-12 00:42:00,65.9
2025-06-12 14:38:00,18.3
2025-06-12 12:50:00,4.5
2025-06-12 21:29:00,2.6
2025-06-12 20:42:00,10.1
2025-06-12 17:48:00,20.2
2025-06-12 08:04:00,50.024092836946274
2025-06-12 01:06:00,50.024092836946274
2025-06-12 02:20:00,12.4
2025-06-12 09:57:00,50.024092836946274
2025-06-12 23:11:00,87.0
2025-06-12 15:01:00,50.024092836946274
2025-06-12 09:45:00,37.0
2025-06-12 06:39:00,68.3
2025-06-12 13:58:00,30.1
2025-06-12 06:38:00,49.7
2025-06-12 11:12:00,36.7
2025-06-12 17:21:00,34.9
2025-06-12 07:03:00,39.6
2025-06-12 06:35:00,50.024092836946274
2025-06-12 07:06:00,91.2
2025-06-12 02:08:00,1.5
2025-06-12 04:24:00,62.4
2025-06-12 21:13:00,59.8
2025-06-12 10:23:00,1.3
2025-06-12 10:36:00,99.7
2025-06-12 07:15:00,74.3
2025-06-12 17:59:00,50.024092836946274
2025-06-12 12:17:00,38.8
2025-06-12 12:27:00,85.0
2025-06-12 06:07:00,87.1
2025-06-12 12:18:00,95.3
2025-06-12 19:11:00,65.6
2025-06-12 13:31:00,14.1
2025-06-12 10:10:00,50.024092836946274
2025-06-12 20:42:00,50.024092836946274
2025-06-12 12:41:00,93.7
2025-06-12 09:22:00,50.024092836946274
2025-06-12 22:57:00,76.8
2025-06-12 10:29:00,38.9
2025-06-12 07:29:00,4.7
2025-06-12 10:56:00,87.7
2025-06-12 03:28:00,65.7
2025-06-12 07:08:00,95.6
2025-06-12 23:53:00,62.3
2025-06-12 14:56:00,50.024092836946274
2025-06-12 03:34:00,78.1
2025-06-12 01:58:00,50.024092836946274
2025-06-12 08:55:00,70.0
2025-06-12 17:43:00,49.3
2025-06-12 03:12:00,67.4
2025-06-12 15:40:00,16.3
2025-06-12 08:39:00,49.2
2025-06-12 14:30:00,30.5
2025-06-12 01:29:00,46.1
2025-06-12 02:29:00,46.9
2025-06-12 12:43:00,6.5
2025-06-12 02:52:00,94.9
2025-06-12 16:12:00,95.4
2025-06-12 22:40:00,82.8
2025-06-12 11:34:00,0.6
2025-06-12 01:24:00,50.024092836946274
2025-06-12 08:21:00,70.9
2025-06-12 07:57:00,5.8
2025-06-12 20:11:00,92.7
2025-06-12 01:20:00,50.024092836946274
2025-06-12 06:44:00,57.1
2025-06-12 21:05:00,82.5
2025-06-12 04:22:00,6.8
2025-06-12 08:27:00,44.2
2025-06-12 18:11:00,72.7
2025-06-12 03:45:00,53.8
2025-06-12 17:50:00,13.1
2025-06-12 14:02:00,4.0
2025-06-12 21:33:00,52.2
2025-06-12 10:54:00,44.7
2025-06-12 22:04:00,68.4
2025-06-12 16:22:00,50.024092836946274
2025-06-12 21:12:00,50.024092836946274
2025-06-12 19:41:00,31.0
2025-06-12 05:59:00,39.6
2025-06-12 02:01:00,27.4
2025-06-12 14:34:00,34.5
2025-06-12 14:30:00,25.6
2025-06-12 11:54:00,50.024092836946274
2025-06-12 07:19:00,4.2
2025-06-12 11:14:00,50.0
2025-06-12 21:36:00,58.2
2025-06-12 18:21:00,50.024092836946274
2025-06-12 19:15:00,53.2
2025-06-12 01:20:00,87.9
2025-06-12 11:26:00,51.6
2025-06-12 09:33:00,91.3
2025-06-12 09:11:00,26.3
2025-06-12 16:44:00,1.6
2025-06-12 12:22:00,9.1
2025-06-12 10:40:00,55.9
2025-06-12 16:21:00,74.3
2025-06-12 23:51:00,82.2
2025-06-12 17:33:00,66.6
2025-06-12 11:37:00,50.024092836946274
2025-06-12 08:33:00,6.9
2025-06-12 20:41:00,81.1
2025-06-12 10:20:00,19.5
2025-06-12 16:24:00,33.5
2025-06-12 15:51:00,50.024092836946274
2025-06-12 13:26:00,1.4
2025-06-12 09:46:00,89.6
2025-06-12 22:00:00,41.3
2025-06-12 20:08:00,38.4
2025-06-12 14:29:00,94.9
2025-06-12 13:00:00,43.8
2025-06-12 09:31:00,62.2
2025-06-12 13:04:00,19.8
2025-06-12 06:03:00,62.9
2025-06-12 23:28:00,54.9
2025-06-12 14:20:00,27.0
2025-06-12 08:10:00,78.9
2025-06-12 07:07:00,50.024092836946274
2025-06-12 04:08:00,50.0
2025-06-12 05:32:00,57.7
2025-06-12 17:33:00,33.1
2025-06-12 00:09:00,13.9
2025-06-12 05:52:00,60.1
2025-06-12 12:01:00,53.9
2025-06-12 17:13:00,50.024092836946274
2025-06-12 20:22:00,50.024092836946274
2025-06-12 05:02:00,50.024092836946274
2025-06-12 03:10:00,16.5
2025-06-12 17:53:00,20.7
2025-06-12 04:17:00,85.2
2025-06-12 04:07:00,47.5
2025-06-12 00:18:00,50.024092836946274
2025-06-12 21:41:00,34.1
2025-06-12 07:11:00,23.0
2025-06-12 23:31:00,19.5
2025-06-12 11:55:00,50.024092836946274
2025-06-12 10:53:00,2.2
2025-06-12 07:42:00,93.5
2025-06-12 04:10:00,80.3
2025-06-12 14:07:00,97.9
2025-06-12 10:20:00,81.2
2025-06-12 10:11:00,8.8
2025-06-12 22:48:00,58.5
2025-06-12 06:38:00,90.7
2025-06-12 17:16:00,27.1
2025-06-12 08:31:00,50.024092836946274
2025-06-12 15:33:00,51.7
2025-06-12 03:46:00,50.024092836946274
2025-06-12 09:27:00,50.024092836946274
2025-06-12 21:18:00,96.6
2025-06-12 16:42:00,50.024092836946274
2025-06-12 00:45:00,14.2
2025-06-12 07:11:00,90.9
2025-06-12 14:08:00,33.9
2025-06-12 13:54:00,77.5
2025-06-12 05:23:00,96.1
2025-06-12 16:28:00,50.024092836946274
2025-06-12 14:16:00,45.0
2025-06-12 05:49:00,50.024092836946274
2025-06-12 10:55:00,77.3
2025-06-12 09:33:00,0.2
2025-06-12 01:51:00,5.5
2025-06-12 07:24:00,98.2
2025-06-12 03:43:00,39.9
2025-06-12 11:59:00,11.5
2025-06-12 23:49:00,50.024092836946274
2025-06-12 22:42:00,90.0
2025-06-12 23:33:00,31.2
2025-06-12 03:41:00,94.6
2025-06-12 23:53:00,93.1
2025-06-12 09:16:00,29.5
2025-06-12 09:21:00,92.8
2025-06-12 23:49:00,85.1
2025-06-12 12:07:00,14.6
2025-06-12 07:18:00,45.4
2025-06-12 09:23:00,70.8
2025-06-12 16:34:00,50.024092836946274
2025-06-12 21:31:00,36.7
2025-06-12 02:59:00,55.2
2025-06-12 14:02:00,50.024092836946274
2025-06-12 10:49:00,84.4
2025-06-12 15:53:00,74.6
2025-06-12 18:44:00,93.4
2025-06-12 20:03:00,80.0
2025-06-12 00:26:00,68.0
2025-06-12 14:02:00,67.3
2025-06-12 20:55:00,75.9
2025-06-12 12:49:00,50.024092836946274
2025-06-12 09:27:00,98.5
2025-06-12 12:44:00,85.4
2025-06-12 09:51:00,45.2
2025-06-12 18:41:00,50.024092836946274
2025-06-12 10:11:00,99.8
2025-06-12 09:24:00,85.3
2025-06-12 04:56:00,62.5
2025-06-12 21:58:00,64.0
2025-06-12 03:27:00,12.5
2025-06-12 18:01:00,71.7
2025-06-12 20:52:00,41.6
2025-06-12 00:04:00,4.7
2025-06-12 03:37:00,7.8
2025-06-12 22:08:00,26.2
2025-06-12 12:58:00,37.4
2025-06-12 07:04:00,71.3
2025-06-12 06:59:00,60.2
2025-06-12 17:28:00,50.6
2025-06-12 03:36:00,11.5
2025-06-12 10:11:00,96.2
2025-06-12 08:20:00,8.5
2025-06-12 19:49:00,66.3
2025-06-12 03:19:00,72.9
2025-06-12 16:58:00,8.9
2025-06-12 14:09:00,14.3
2025-06-12 05:22:00,19.6
2025-06-12 15:56:00,51.8
2025-06-12 14:26:00,26.1
2025-06-12 10:19:00,22.9
2025-06-12 03:36:00,48.0
2025-06-12 12:20:00,3.9
2025-06-12 18:40:00,74.9
2025-06-12 15:43:00,39.4
2025-06-12 00:49:00,89.6
2025-06-12 12:32:00,95.6
2025-06-12 13:44:00,43.8
2025-06-12 18:04:00,50.024092836946274
2025-06-12 13:53:00,11.4
2025-06-12 01:41:00,15.2
2025-06-12 17:36:00,50.024092836946274
2025-06-12 08:03:00,15.7
2025-06-12 09:01:00,50.024092836946274
2025-06-12 23:55:00,65.7
2025-06-12 04:14:00,21.0
2025-06-12 03:14:00,95.8
2025-06-12 11:33:00,81.1
2025-06-12 13:10:00,68.9
2025-06-12 02:25:00,33.0
2025-06-12 22:48:00,63.1
2025-06-12 07:05:00,72.0
2025-06-12 05:34:00,36.9
2025-06-12 06:01:00,42.3
2025-06-12 13:57:00,9.1
2025-06-12 19:16:00,20.6
2025-06-12 06:19:00,92.9
2025-06-12 04:18:00,49.2
2025-06-12 13:28:00,95.5
2025-06-12 20:25:00,55.5
2025-06-12 05:07:00,35.0
2025-06-12 02:31:00,77.1
2025-06-12 14:12:00,8.3
2025-06-12 15:19:00,52.0
2025-06-12 04:18:00,42.3
2025-06-12 06:07:00,77.6
2025-06-12 11:50:00,49.54963144963145
2025-06-12 22:35:00,91.8
2025-06-12 10:05:00,80.1
2025-06-12 12:42:00,49.54963144963145
2025-06-12 21:59:00,31.2
2025-06-12 23:26:00,23.8
2025-06-12 13:15:00,81.8
2025-06-12 21:57:00,65.3
2025-06-12 21:15:00,79.8
2025-06-12 07:31:00,49.54963144963145
2025-06-12 10:59:00,79.4
2025-06-12 06:21:00,30.4
2025-06-12 00:15:00,16.2
2025-06-12 01:32:00,76.0
2025-06-12 23:34:00,46.0
2025-06-12 02:58:00,85.8
2025-06-12 07:00:00,13.4
2025-06-12 10:30:00,26.3
2025-06-12 01:55:00,78.2
2025-06-12 12:30:00,21.5
2025-06-12 05:47:00,49.54963144963145
2025-06-12 05:33:00,51.5
2025-06-12 02:56:00,45.2
2025-06-12 20:47:00,93.9
2025-06-12 22:19:00,96.5
2025-06-12 04:28:00,30.3
2025-06-12 07:32:00,81.5
2025-06-12 06:42:00,17.1
2025-06-12 23:33:00,49.54963144963145
2025-06-12 17:11:00,5.5
2025-06-12 10:45:00,41.5
2025-06-12 09:48:00,61.2
2025-06-12 19:23:00,25.5
2025-06-12 10:11:00,26.5
2025-06-12 11:14:00,69.7
2025-06-12 03:49:00,71.3
2025-06-12 11:27:00,32.8
2025-06-12 14:09:00,7.8
2025-06-12 03:13:00,41.9
2025-06-12 13:13:00,65.7
2025-06-12 17:50:00,9.5
2025-06-12 23:38:00,49.54963144963145
2025-06-12 11:07:00,61.7
2025-06-12 21:34:00,19.6
2025-06-12 01:38:00,24.7
2025-06-12 16:06:00,49.54963144963145
2025-06-12 14:25:00,17.4
2025-06-12 12:15:00,84.5
2025-06-12 21:05:00,17.3
2025-06-12 20:40:00,69.9
2025-06-12 09:41:00,66.0
2025-06-12 16:02:00,44.7
2025-06-12 08:04:00,7.9
2025-06-12 16:25:00,49.54963144963145
2025-06-12 11:59:00,84.9
2025-06-12 15:46:00,49.54963144963145
2025-06-12 01:04:00,60.4
2025-06-12 05:05:00,3.0
2025-06-12 07:24:00,43.3
2025-06-12 16:54:00,13.7
2025-06-12 12:53:00,60.7
2025-06-12 15:02:00,34.5
2025-06-12 01:23:00,27.7
2025-06-12 01:49:00,91.9
2025-06-12 05:18:00,59.6
2025-06-12 16:44:00,20.6
2025-06-12 13:46:00,49.54963144963145
2025-06-12 06:50:00,40.1
2025-06-12 10:23:00,18.3
2025-06-12 05:11:00,11.9
2025-06-12 23:26:00,39.8
2025-06-12 13:54:00,19.4
2025-06-12 07:49:00,22.2
2025-06-12 09:43:00,19.9
2025-06-12 00:15:00,81.2
2025-06-12 10:58:00,37.2
2025-06-12 12:10:00,18.3
2025-06-12 09:06:00,16.6
2025-06-12 23:55:00,84.9
2025-06-12 15:09:00,49.4
2025-06-12 11:44:00,54.0
2025-06-12 11:44:00,79.0
2025-06-12 12:34:00,35.0
2025-06-12 03:25:00,34.6
2025-06-12 14:35:00,98.6
2025-06-12 06:42:00,63.1
2025-06-12 11:01:00,83.8
2025-06-12 15:13:00,49.54963144963145
2025-06-12 16:22:00,1.4
2025-06-12 23:13:00,71.2
2025-06-12 11:08:00,53.7
2025-06-12 16:08:00,49.54963144963145
2025-06-12 03:15:00,47.3
2025-06-12 05:52:00,49.54963144963145
2025-06-12 19:18:00,22.9
2025-06-12 10:27:00,49.5
2025-06-12 11:01:00,49.3
2025-06-12 15:31:00,98.0
2025-06-12 22:03:00,26.8
2025-06-12 05:17:00,40.6
2025-06-12 10:30:00,56.1
2025-06-12 03:39:00,50.6
2025-06-12 11:02:00,74.1
2025-06-12 12:09:00,32.2
2025-06-12 00:27:00,60.5
2025-06-12 20:36:00,73.8
2025-06-12 14:33:00,96.9
2025-06-12 04:25:00,27.1
2025-06-12 19:03:00,49.54963144963145
2025-06-12 22:54:00,50.1
2025-06-12 12:58:00,49.0
2025-06-12 14:22:00,29.5
2025-06-12 02:12:00,49.54963144963145
2025-06-12 02:32:00,60.5
2025-06-12 05:00:00,16.2
2025-06-12 23:40:00,19.1
2025-06-12 05:46:00,95.4
2025-06-12 02:09:00,56.4
2025-06-12 23:35:00,66.7
2025-06-12 20:12:00,44.1
2025-06-12 06:14:00,1.3
2025-06-12 09:01:00,52.1
2025-06-12 09:16:00,50.6
2025-06-12 02:05:00,49.54963144963145
2025-06-12 06:51:00,64.0
2025-06-12 14:57:00,49.54963144963145
2025-06-12 14:30:00,72.1
2025-06-12 18:49:00,73.4
2025-06-12 05:09:00,7.6
2025-06-12 02:35:00,49.54963144963145
2025-06-12 08:46:00,95.5
2025-06-12 01:35:00,87.9
2025-06-12 16:28:00,77.9
2025-06-12 04:08:00,49.54963144963145
2025-06-12 05:40:00,15.1
2025-06-12 15:20:00,79.0
2025-06-12 07:38:00,6.6
2025-06-12 06:15:00,36.5
2025-06-12 04:11:00,67.7
2025-06-12 20:55:00,94.5
2025-06-12 15:43:00,39.9
2025-06-12 23:07:00,49.54963144963145
2025-06-12 02:21:00,82.2
2025-06-12 18:59:00,83.8
2025-06-12 13:53:00,1.7
2025-06-12 20:42:00,49.3
2025-06-12 02:37:00,93.7
2025-06-12 10:58:00,95.2
2025-06-12 13:02:00,85.6
2025-06-12 16:22:00,36.6
2025-06-12 15:23:00,39.2
2025-06-12 18:15:00,93.2
2025-06-12 01:15:00,71.5
2025-06-12 01:57:00,42.5
2025-06-12 23:44:00,49.54963144963145
2025-06-12 13:08:00,41.3
2025-06-12 00:09:00,77.6
2025-06-12 11:39:00,94.7
2025-06-12 14:32:00,49.54963144963145
2025-06-12 14:16:00,49.54963144963145
2025-06-12 17:24:00,0.0
2025-06-12 14:28:00,83.2
2025-06-12 12:38:00,49.54963144963145
2025-06-12 11:20:00,91.6
2025-06-12 18:07:00,72.8
2025-06-12 19:39:00,39.7
2025-06-12 16:34:00,70.5
2025-06-12 11:31:00,97.9
2025-06-12 11:28:00,47.1
2025-06-12 23:40:00,4.4
2025-06-12 04:09:00,70.0
2025-06-12 11:30:00,7.6
2025-06-12 22:51:00,43.8
2025-06-12 19:43:00,50.7
2025-06-12 10:14:00,59.6
2025-06-12 15:26:00,64.6
2025-06-12 01:53:00,49.54963144963145
2025-06-12 02:11:00,68.2
2025-06-12 00:18:00,2.5
2025-06-12 06:41:00,33.5
2025-06-12 06:48:00,0.5
2025-06-12 09:16:00,95.5
2025-06-12 10:04:00,65.0
2025-06-12 22:06:00,28.1
2025-06-12 14:30:00,49.54963144963145
2025-06-12 18:25:00,49.54963144963145
2025-06-12 21:09:00,16.5
2025-06-12 04:22:00,0.5
2025-06-12 13:15:00,68.5
2025-06-12 07:35:00,12.1
2025-06-12 00:11:00,47.0
2025-06-12 02:04:00,3.3
2025-06-12 09:21:00,77.3
2025-06-12 06:24:00,82.1
2025-06-12 20:41:00,32.8
2025-06-12 07:27:00,20.0
2025-06-12 14:01:00,26.6
2025-06-12 23:00:00,29.2
2025-06-12 15:33:00,5.7
2025-06-12 08:10:00,36.3
2025-06-12 22:11:00,12.9
2025-06-12 07:09:00,24.2
2025-06-12 10:04:00,31.1
2025-06-12 00:53:00,49.54963144963145
2025-06-12 13:43:00,16.7
2025-06-12 23:49:00,78.8
2025-06-12 09:32:00,76.6
2025-06-12 18:29:00,49.54963144963145
2025-06-12 11:48:00,49.54963144963145
2025-06-12 11:22:00,37.0
2025-06-12 02:45:00,90.7
2025-06-12 00:50:00,27.3
2025-06-12 05:36:00,18.2
2025-06-12 05:10:00,99.0
2025-06-12 06:39:00,33.8
2025-06-12 22:23:00,19.4
2025-06-12 00:29:00,68.8
2025-06-12 21:42:00,95.8
2025-06-12 11:00:00,44.2
2025-06-12 17:16:00,8.6
2025-06-12 13:04:00,34.6
2025-06-12 00:13:00,54.2
2025-06-12 18:18:00,75.7
2025-06-12 08:37:00,37.3
2025-06-12 01:48:00,45.9
2025-06-12 23:56:00,93.4
2025-06-12 14:48:00,71.8
2025-06-12 02:52:00,2.5
2025-06-12 06:29:00,49.54963144963145
2025-06-12 08:08:00,49.54963144963145
2025-06-12 06:32:00,99.0
2025-06-12 12:59:00,49.54963144963145
2025-06-12 16:21:00,37.8
2025-06-12 05:13:00,23.7
2025-06-12 13:52:00,49.54963144963145
2025-06-12 10:36:00,49.54963144963145
2025-06-12 14:00:00,43.9
2025-06-12 16:14:00,74.5
2025-06-12 19:39:00,49.54963144963145
2025-06-12 17:41:00,97.1
2025-06-12 16:48:00,32.5
2025-06-12 19:31:00,27.6
2025-06-12 02:02:00,24.5
2025-06-12 23:17:00,46.8
2025-06-12 03:14:00,43.1
2025-06-12 15:20:00,45.8
2025-06-12 10:43:00,52.1
2025-06-12 06:25:00,68.5
2025-06-12 11:50:00,90.5
2025-06-12 09:58:00,64.1
2025-06-12 14:09:00,65.7
2025-06-12 17:10:00,35.5
2025-06-12 20:23:00,80.2
2025-06-12 19:34:00,49.54963144963145
2025-06-12 05:17:00,81.6
2025-06-12 10:34:00,92.8
2025-06-12 00:16:00,92.0
2025-06-12 19:47:00,33.5
2025-06-12 11:16:00,87.9
2025-06-12 21:01:00,49.54963144963145
2025-06-12 22:11:00,49.54963144963145
2025-06-12 05:35:00,31.0
2025-06-12 01:23:00,11.9
2025-06-12 20:28:00,19.5
2025-06-12 21:08:00,12.3
2025-06-12 15:27:00,1.0
2025-06-12 09:31:00,51.1
2025-06-12 23:37:00,84.0
2025-06-12 14:37:00,30.7
2025-06-12 03:14:00,82.4
2025-06-12 11:12:00,92.2
2025-06-12 11:55:00,12.2
2025-06-12 06:59:00,73.9
2025-06-12 11:58:00,30.4
2025-06-12 05:13:00,30.2
2025-06-12 00:02:00,13.0
2025-06-12 03:35:00,70.4
2025-06-12 12:46:00,42.3
2025-06-12 13:22:00,12.0
2025-06-12 04:59:00,5.6
2025-06-12 18:28:00,55.4
2025-06-12 14:31:00,49.54963144963145
2025-06-12 08:14:00,10.1
2025-06-12 22:07:00,96.4
2025-06-12 08:19:00,57.0
2025-06-12 00:43:00,65.4
2025-06-12 23:50:00,70.2
2025-06-12 22:22:00,51.2
2025-06-12 01:39:00,49.54963144963145
2025-06-12 01:26:00,20.6
2025-06-12 08:30:00,89.5
2025-06-12 11:35:00,55.2
2025-06-12 21:48:00,46.9
2025-06-12 10:23:00,3.0
2025-06-12 01:39:00,82.1
2025-06-12 15:46:00,90.8
2025-06-12 10:38:00,69.7
2025-06-12 19:50:00,73.1
2025-06-12 16:35:00,29.8
2025-06-12 07:03:00,48.1
2025-06-12 04:27:00,52.0
2025-06-12 11:39:00,42.0
2025-06-12 12:49:00,24.0
2025-06-12 15:06:00,39.2
2025-06-12 04:52:00,27.1
2025-06-12 11:25:00,19.0
2025-06-12 10:00:00,83.5
2025-06-12 07:48:00,100.0
2025-06-12 06:43:00,49.54963144963145
2025-06-12 00:39:00,18.5
2025-06-12 13:22:00,29.7
2025-06-12 18:07:00,39.7
2025-06-12 23:31:00,49.7
2025-06-12 01:28:00,39.1
2025-06-12 01:15:00,10.3
2025-06-12 10:23:00,63.9
2025-06-12 15:19:00,49.54963144963145
2025-06-12 03:02:00,49.54963144963145
2025-06-12 05:08:00,6.8
2025-06-12 13:34:00,51.3
2025-06-12 03:58:00,49.54963144963145
2025-06-12 21:53:00,24.0
2025-06-12 10:29:00,51.9
2025-06-12 13:14:00,72.0
2025-06-12 04:24:00,12.9
2025-06-12 01:27:00,49.54963144963145
2025-06-12 17:08:00,49.54963144963145
2025-06-12 12:00:00,39.7
2025-06-12 11:22:00,3.4
2025-06-12 02:13:00,97.1
2025-06-12 00:41:00,49.54963144963145
2025-06-12 21:10:00,44.0
2025-06-12 12:42:00,90.0
2025-06-12 01:40:00,86.6
2025-06-12 04:32:00,54.3
2025-06-12 21:43:00,60.2
2025-06-12 14:37:00,91.0
2025-06-12 05:01:00,77.3
2025-06-12 22:05:00,59.8
2025-06-12 19:39:00,35.9
2025-06-12 23:58:00,79.2
2025-06-12 21:19:00,80.7
2025-06-12 07:17:00,50.9
2025-06-12 19:58:00,30.4
2025-06-12 04:45:00,88.0
2025-06-12 01:14:00,18.2
2025-06-12 20:42:00,10.9
2025-06-12 16:07:00,98.7
2025-06-12 16:30:00,49.54963144963145
2025-06-12 23:58:00,14.9
2025-06-12 04:06:00,51.4
2025-06-12 05:37:00,77.4
2025-06-12 05:11:00,17.5
2025-06-12 21:35:00,85.2
2025-06-12 21:33:00,92.5
2025-06-12 20:11:00,24.0
2025-06-12 05:54:00,72.9
2025-06-12 11:46:00,91.7
2025-06-12 05:06:00,29.4
2025-06-12 07:48:00,61.9
2025-06-12 19:42:00,49.560128956623686
2025-06-12 21:04:00,46.8
2025-06-12 02:15:00,36.5
2025-06-12 01:07:00,49.560128956623686
2025-06-12 07:55:00,92.3
2025-06-12 15:48:00,68.9
2025-06-12 12:22:00,22.8
2025-06-12 14:53:00,49.560128956623686
2025-06-12 21:40:00,75.3
2025-06-12 03:53:00,12.1
2025-06-12 13:05:00,49.560128956623686
2025-06-12 13:53:00,4.3
2025-06-12 21:34:00,33.6
2025-06-12 01:25:00,8.9
2025-06-12 23:32:00,20.5
2025-06-12 17:41:00,66.7
2025-06-12 20:19:00,51.3
2025-06-12 12:17:00,35.4
2025-06-12 22:11:00,21.7
2025-06-12 15:45:00,49.560128956623686
2025-06-12 04:41:00,36.8
2025-06-12 19:50:00,49.560128956623686
2025-06-12 15:53:00,49.560128956623686
2025-06-12 17:26:00,26.2
2025-06-12 16:35:00,22.5
2025-06-12 07:45:00,44.0
2025-06-12 17:04:00,23.3
2025-06-12 04:05:00,49.560128956623686
2025-06-12 22:58:00,64.9
2025-06-12 05:24:00,43.1
2025-06-12 04:58:00,17.9
2025-06-12 12:41:00,53.6
2025-06-12 21:32:00,58.4
2025-06-12 22:08:00,49.560128956623686
2025-06-12 02:39:00,16.3
2025-06-12 05:08:00,49.560128956623686
2025-06-12 16:23:00,47.7
2025-06-12 16:42:00,44.4
2025-06-12 21:38:00,9.9
2025-06-12 11:33:00,20.8
2025-06-12 11:19:00,72.9
2025-06-12 16:45:00,39.2
2025-06-12 11:05:00,12.9
2025-06-12 11:12:00,95.0
2025-06-12 07:59:00,4.7
2025-06-12 15:57:00,70.6
2025-06-12 22:00:00,13.4
2025-06-12 02:50:00,56.0
2025-06-12 18:12:00,35.3
2025-06-12 15:00:00,40.3
2025-06-12 11:20:00,0.7
2025-06-12 15:17:00,9.3
2025-06-12 15:53:00,96.1
2025-06-12 21:29:00,8.6
2025-06-12 02:00:00,8.3
2025-06-12 22:41:00,51.1
2025-06-12 12:48:00,84.9
2025-06-12 14:44:00,38.1
2025-06-12 16:44:00,26.0
2025-06-12 05:17:00,62.6
2025-06-12 02:54:00,49.560128956623686
2025-06-12 11:26:00,13.9
2025-06-12 01:09:00,6.4
2025-06-12 22:20:00,49.560128956623686
2025-06-12 01:22:00,12.2
2025-06-12 08:47:00,8.4
2025-06-12 01:32:00,10.2
2025-06-12 12:25:00,49.560128956623686
2025-06-12 04:45:00,49.560128956623686
2025-06-12 09:03:00,49.560128956623686
2025-06-12 04:05:00,36.8
2025-06-12 00:57:00,94.5
2025-06-12 17:28:00,49.560128956623686
2025-06-12 18:35:00,70.4
2025-06-12 10:54:00,63.6
2025-06-12 07:33:00,41.9
2025-06-12 17:04:00,15.6
2025-06-12 01:58:00,2.7
2025-06-12 19:55:00,2.1
2025-06-12 10:21:00,97.5
2025-06-12 14:05:00,43.1
2025-06-12 18:57:00,35.7
2025-06-12 00:38:00,68.2
2025-06-12 05:20:00,53.4
2025-06-12 14:00:00,52.4
2025-06-12 05:49:00,20.8
2025-06-12 11:36:00,76.4
2025-06-12 07:11:00,17.7
2025-06-12 08:15:00,16.0
2025-06-12 21:15:00,88.0
2025-06-12 14:08:00,35.2
2025-06-12 02:33:00,49.560128956623686
2025-06-12 15:43:00,9.0
2025-06-12 22:45:00,82.0
2025-06-12 14:43:00,25.0
2025-06-12 06:04:00,76.4
2025-06-12 17:50:00,44.1
2025-06-12 15:07:00,7.2
2025-06-12 19:09:00,23.8
2025-06-12 13:03:00,97.3
2025-06-12 02:03:00,18.0
2025-06-12 12:56:00,33.1
2025-06-12 12:52:00,62.3
2025-06-12 09:35:00,80.3
2025-06-12 07:17:00,49.560128956623686
2025-06-12 23:41:00,75.0
2025-06-12 15:06:00,42.6
2025-06-12 12:13:00,23.1
2025-06-12 20:40:00,41.2
2025-06-12 01:30:00,11.7
2025-06-12 07:11:00,47.2
2025-06-12 15:34:00,87.9
2025-06-12 23:33:00,34.3
2025-06-12 22:45:00,85.6
2025-06-12 23:32:00,49.560128956623686
2025-06-12 05:36:00,77.6
2025-06-12 07:24:00,99.0
2025-06-12 17:32:00,3.8
2025-06-12 14:58:00,49.560128956623686
2025-06-12 16:06:00,29.3
2025-06-12 02:09:00,62.4
2025-06-12 07:25:00,40.4
2025-06-12 04:14:00,26.2
2025-06-12 13:01:00,39.6
2025-06-12 11:13:00,49.560128956623686
2025-06-12 12:32:00,35.2
2025-06-12 04:12:00,34.7
2025-06-12 14:41:00,49.560128956623686
2025-06-12 21:25:00,4.9
2025-06-12 20:49:00,53.6
2025-06-12 21:50:00,61.7
2025-06-12 22:42:00,94.5
2025-06-12 00:40:00,50.8
2025-06-12 17:41:00,49.560128956623686
2025-06-12 00:51:00,49.560128956623686
2025-06-12 23:41:00,40.9
2025-06-12 18:29:00,42.7
2025-06-12 01:50:00,1.8
2025-06-12 07:30:00,47.3
2025-06-12 21:02:00,29.7
2025-06-12 02:18:00,65.6
2025-06-12 09:44:00,49.560128956623686
2025-06-12 09:52:00,43.4
2025-06-12 06:57:00,14.6
2025-06-12 19:54:00,61.2
2025-06-12 06:06:00,49.560128956623686
2025-06-12 22:24:00,1.4
2025-06-12 11:02:00,54.0
2025-06-12 19:53:00,85.9
2025-06-12 15:27:00,64.7
2025-06-12 05:59:00,54.6
2025-06-12 21:34:00,49.560128956623686
2025-06-12 15:03:00,86.7
2025-06-12 21:46:00,84.8
2025-06-12 04:59:00,86.3
2025-06-12 07:04:00,78.1
2025-06-12 14:22:00,44.0
2025-06-12 14:45:00,2.4
2025-06-12 02:13:00,87.0
2025-06-12 12:18:00,20.1
2025-06-12 03:31:00,33.1
2025-06-12 05:40:00,67.1
2025-06-12 21:25:00,4.2
2025-06-12 22:24:00,79.0
2025-06-12 03:59:00,17.5
2025-06-12 12:58:00,77.6
2025-06-12 19:09:00,4.4
2025-06-12 23:40:00,94.3
2025-06-12 06:20:00,37.4
2025-06-12 20:16:00,9.6
2025-06-12 03:29:00,7.9
2025-06-12 15:50:00,36.3
2025-06-12 16:48:00,59.1
2025-06-12 21:18:00,8.0
2025-06-12 08:05:00,66.2
2025-06-12 03:54:00,3.2
2025-06-12 12:44:00,49.560128956623686
2025-06-12 08:09:00,49.560128956623686
2025-06-12 20:42:00,86.9
2025-06-12 03:28:00,34.0
2025-06-12 08:42:00,60.4
2025-06-12 05:49:00,67.7
2025-06-12 22:30:00,79.4
2025-06-12 13:49:00,65.9
2025-06-12 23:50:00,40.0
2025-06-12 00:28:00,53.8
2025-06-12 14:34:00,65.4
2025-06-12 11:43:00,22.4
2025-06-12 12:24:00,49.560128956623686
2025-06-12 17:33:00,96.7
2025-06-12 20:32:00,60.0
2025-06-12 13:43:00,31.7
2025-06-12 05:16:00,49.560128956623686
2025-06-12 00:24:00,49.560128956623686
2025-06-12 06:38:00,49.0
2025-06-12 08:09:00,91.7
2025-06-12 05:58:00,22.9
2025-06-12 17:49:00,24.0
2025-06-12 19:42:00,26.3
2025-06-12 21:47:00,32.2
2025-06-12 07:25:00,72.8
2025-06-12 12:53:00,30.5
2025-06-12 14:04:00,49.560128956623686
2025-06-12 00:31:00,46.5
2025-06-12 20:51:00,67.4
2025-06-12 00:41:00,81.8
2025-06-12 17:58:00,97.1
2025-06-12 14:42:00,9.7
2025-06-12 10:42:00,73.8
2025-06-12 16:07:00,32.6
2025-06-12 22:14:00,40.6
2025-06-12 19:44:00,14.8
2025-06-12 13:02:00,80.2
2025-06-12 01:19:00,11.2
2025-06-12 07:12:00,44.6
2025-06-12 00:00:00,3.0
2025-06-12 19:28:00,92.2
2025-06-12 02:01:00,9.5
2025-06-12 09:46:00,17.3
2025-06-12 00:20:00,49.560128956623686
2025-06-12 08:30:00,39.2
2025-06-12 09:15:00,66.8
2025-06-12 09:21:00,21.7
2025-06-12 21:24:00,49.560128956623686
2025-06-12 21:49:00,84.0
2025-06-12 17:24:00,34.4
2025-06-12 09:38:00,46.5
2025-06-12 21:30:00,24.0
2025-06-12 19:57:00,42.7
2025-06-12 20:51:00,49.560128956623686
2025-06-12 03:54:00,2.5
2025-06-12 10:50:00,49.560128956623686
2025-06-12 14:51:00,85.5
2025-06-12 13:08:00,31.9
2025-06-12 08:13:00,99.5
2025-06-12 15:52:00,85.5
2025-06-12 17:08:00,77.9
2025-06-12 09:13:00,22.7
2025-06-12 20:17:00,0.1
2025-06-12 13:17:00,80.7
2025-06-12 13:10:00,35.3
2025-06-12 23:30:00,9.0
2025-06-12 14:21:00,6.1
2025-06-12 06:41:00,4.3
2025-06-12 14:56:00,28.6
2025-06-12 01:03:00,96.9
2025-06-12 21:15:00,25.6
2025-06-12 21:29:00,49.560128956623686
2025-06-12 10:51:00,25.3
2025-06-12 16:25:00,69.4
2025-06-12 15:10:00,95.1
2025-06-12 22:10:00,49.2
2025-06-12 13:44:00,87.9
2025-06-12 10:26:00,58.1
2025-06-12 11:24:00,24.2
2025-06-12 11:55:00,93.3
2025-06-12 10:13:00,1.7
2025-06-12 00:36:00,2.9
2025-06-12 20:28:00,92.2
2025-06-12 17:41:00,19.9
2025-06-12 17:09:00,49.560128956623686
2025-06-12 08:26:00,24.1
2025-06-12 23:54:00,19.3
2025-06-12 23:11:00,22.1
2025-06-12 13:27:00,49.560128956623686
2025-06-12 15:01:00,50.2
2025-06-12 09:10:00,82.0
2025-06-12 03:21:00,44.0
2025-06-12 14:34:00,45.0
2025-06-12 05:43:00,18.3
2025-06-12 20:53:00,25.0
2025-06-12 01:43:00,64.1
2025-06-12 19:31:00,12.6
2025-06-12 21:38:00,49.560128956623686
2025-06-12 18:01:00,66.6
2025-06-12 00:53:00,53.3
2025-06-12 23:36:00,98.5
2025-06-12 13:41:00,40.2
2025-06-12 00:12:00,91.3
2025-06-12 15:29:00,76.7
2025-06-12 16:58:00,63.7
2025-06-12 08:22:00,49.560128956623686
2025-06-12 04:18:00,60.1
2025-06-12 09:05:00,49.9
2025-06-12 22:25:00,83.0
2025-06-12 20:39:00,35.7
2025-06-12 11:58:00,49.560128956623686
2025-06-12 23:43:00,46.2
2025-06-12 05:00:00,12.2
2025-06-12 22:35:00,23.0
2025-06-12 18:13:00,90.0
2025-06-12 04:22:00,31.9
2025-06-12 04:34:00,4.2
2025-06-12 05:46:00,58.9
2025-06-12 18:34:00,91.3
2025-06-12 03:20:00,59.3
2025-06-12 01:47:00,44.0
2025-06-12 03:42:00,56.9
2025-06-12 01:46:00,49.560128956623686
2025-06-12 21:31:00,36.9
2025-06-12 01:28:00,49.560128956623686
2025-06-12 04:37:00,20.8
2025-06-12 00:34:00,64.8
2025-06-12 16:55:00,88.8
2025-06-12 17:24:00,64.7
2025-06-12 13:46:00,4.8
2025-06-12 22:31:00,94.0
2025-06-12 07:14:00,29.2
2025-06-12 07:43:00,4.5
2025-06-12 02:26:00,14.8
2025-06-12 06:03:00,67.6
2025-06-12 11:07:00,75.3
2025-06-12 22:13:00,19.7
2025-06-12 08:17:00,83.3
2025-06-12 00:23:00,72.7
2025-06-12 02:53:00,41.7
2025-06-12 07:28:00,80.3
2025-06-12 06:28:00,7.4
2025-06-12 16:50:00,3.8
2025-06-12 02:58:00,50.10277843742579
2025-06-12 06:03:00,20.7
2025-06-12 13:07:00,8.4
2025-06-12 14:23:00,90.4
2025-06-12 23:50:00,51.4
2025-06-12 08:19:00,80.3
2025-06-12 09:34:00,30.5
2025-06-12 19:34:00,83.5
2025-06-12 23:00:00,50.10277843742579
2025-06-12 06:55:00,81.2
2025-06-12 06:31:00,74.7
2025-06-12 19:30:00,39.0
2025-06-12 15:44:00,48.7
2025-06-12 18:44:00,72.0
2025-06-12 04:51:00,41.8
2025-06-12 11:06:00,42.1
2025-06-12 00:37:00,14.1
2025-06-12 00:30:00,96.8
2025-06-12 04:42:00,79.8
2025-06-12 00:52:00,23.0
2025-06-12 16:30:00,24.0
2025-06-12 10:49:00,93.1
2025-06-12 08:49:00,55.1
2025-06-12 02:50:00,20.2
2025-06-12 18:32:00,50.10277843742579
2025-06-12 23:59:00,98.7
2025-06-12 11:02:00,68.2
2025-06-12 09:12:00,80.9
2025-06-12 05:40:00,63.6
2025-06-12 17:43:00,50.10277843742579
2025-06-12 10:35:00,7.9
2025-06-12 02:14:00,29.5
2025-06-12 10:20:00,22.7
2025-06-12 21:42:00,48.4
2025-06-12 00:47:00,71.3
2025-06-12 09:00:00,73.2
2025-06-12 14:08:00,34.5
2025-06-12 06:12:00,96.6
2025-06-12 22:18:00,94.8
2025-06-12 06:52:00,4.0
2025-06-12 06:43:00,50.10277843742579
2025-06-12 15:57:00,97.4
2025-06-12 19:35:00,83.8
2025-06-12 04:46:00,50.10277843742579
2025-06-12 23:34:00,86.4
2025-06-12 23:33:00,49.3
2025-06-12 11:18:00,59.2
2025-06-12 03:44:00,10.8
2025-06-12 03:53:00,5.2
2025-06-12 14:22:00,24.1
2025-06-12 17:22:00,79.0
2025-06-12 08:54:00,29.6
2025-06-12 15:04:00,18.7
2025-06-12 17:28:00,83.4
2025-06-12 10:11:00,2.2
2025-06-12 11:39:00,50.10277843742579
2025-06-12 18:09:00,33.4
2025-06-12 07:19:00,39.9
2025-06-12 04:06:00,33.1
2025-06-12 15:14:00,43.1
2025-06-12 01:30:00,16.1
2025-06-12 18:37:00,40.1
2025-06-12 16:11:00,50.10277843742579
2025-06-12 22:55:00,98.5
2025-06-12 05:03:00,84.5
2025-06-12 12:23:00,87.0
2025-06-12 20:07:00,16.1
2025-06-12 15:00:00,82.8
2025-06-12 04:54:00,50.10277843742579
2025-06-12 14:14:00,99.6
2025-06-12 04:46:00,26.4
2025-06-12 06:12:00,32.6
2025-06-12 03:22:00,46.1
2025-06-12 23:05:00,90.0
2025-06-12 19:08:00,56.7
2025-06-12 17:54:00,50.10277843742579
2025-06-12 22:16:00,50.10277843742579
2025-06-12 04:18:00,50.10277843742579
2025-06-12 15:27:00,50.10277843742579
2025-06-12 10:07:00,20.1
2025-06-12 06:03:00,66.3
2025-06-12 16:05:00,32.0
2025-06-12 18:39:00,8.6
2025-06-12 07:03:00,23.2
2025-06-12 03:49:00,15.4
2025-06-12 16:38:00,81.3
2025-06-12 12:49:00,36.2
2025-06-12 13:37:00,66.0
2025-06-12 14:51:00,18.6
2025-06-12 05:09:00,50.10277843742579
2025-06-12 04:36:00,50.10277843742579
2025-06-12 14:57:00,35.4
2025-06-12 19:38:00,50.10277843742579
2025-06-12 16:52:00,96.2
2025-06-12 08:52:00,80.8
2025-06-12 01:57:00,15.7
2025-06-12 12:06:00,78.5
2025-06-12 10:45:00,61.1
2025-06-12 09:18:00,36.9
2025-06-12 20:07:00,50.10277843742579
2025-06-12 02:47:00,65.1
2025-06-12 02:04:00,15.9
2025-06-12 01:24:00,34.7
2025-06-12 10:41:00,95.4
2025-06-12 04:41:00,7.6
2025-06-12 13:17:00,27.2
2025-06-12 03:55:00,50.10277843742579
2025-06-12 14:29:00,53.2
2025-06-12 05:16:00,42.5
2025-06-12 21:16:00,75.7
2025-06-12 09:49:00,83.4
2025-06-12 05:58:00,69.6
2025-06-12 10:22:00,42.8
2025-06-12 05:04:00,10.6
2025-06-12 14:59:00,86.2
2025-06-12 09:33:00,51.5
2025-06-12 22:59:00,39.7
2025-06-12 01:08:00,0.8
2025-06-12 07:48:00,4.5
2025-06-12 00:18:00,26.7
2025-06-12 22:31:00,31.3
2025-06-12 17:02:00,74.9
2025-06-12 07:06:00,45.5
2025-06-12 23:34:00,50.10277843742579
2025-06-12 00:16:00,50.10277843742579
2025-06-12 22:12:00,50.10277843742579
2025-06-12 18:55:00,50.10277843742579
2025-06-12 07:25:00,43.4
2025-06-12 14:07:00,84.5
2025-06-12 18:44:00,90.2
2025-06-12 02:09:00,97.9
2025-06-12 03:26:00,4.0
2025-06-12 10:37:00,86.7
2025-06-12 11:47:00,89.0
2025-06-12 21:50:00,95.5
2025-06-12 20:46:00,89.4
2025-06-12 11:12:00,4.8
2025-06-12 13:25:00,88.6
2025-06-12 14:21:00,50.10277843742579
2025-06-12 18:17:00,68.2
2025-06-12 02:36:00,50.10277843742579
2025-06-12 17:23:00,7.0
2025-06-12 16:09:00,71.0
2025-06-12 16:27:00,28.1
2025-06-12 12:07:00,15.9
2025-06-12 20:21:00,43.0
2025-06-12 19:58:00,64.5
2025-06-12 04:10:00,15.1
2025-06-12 01:09:00,45.2
2025-06-12 14:56:00,50.10277843742579
2025-06-12 18:46:00,50.10277843742579
2025-06-12 03:27:00,99.5
2025-06-12 05:48:00,12.9
2025-06-12 09:41:00,65.9
2025-06-12 11:12:00,3.5
2025-06-12 22:14:00,50.10277843742579
2025-06-12 07:31:00,49.5
2025-06-12 06:49:00,58.4
2025-06-12 04:36:00,55.2
2025-06-12 07:37:00,97.7
2025-06-12 06:59:00,70.7
2025-06-12 16:53:00,50.10277843742579
2025-06-12 04:59:00,13.9
2025-06-12 13:36:00,86.0
2025-06-12 21:27:00,50.10277843742579
2025-06-12 15:08:00,27.3
2025-06-12 05:54:00,50.10277843742579
2025-06-12 15:04:00,59.0
2025-06-12 05:58:00,27.8
2025-06-12 09:00:00,24.8
2025-06-12 08:07:00,26.4
2025-06-12 09:10:00,35.4
2025-06-12 00:01:00,50.10277843742579
2025-06-12 19:35:00,24.7
2025-06-12 21:20:00,10.6
2025-06-12 00:30:00,50.9
2025-06-12 20:56:00,43.3
2025-06-12 13:58:00,18.9
2025-06-12 16:01:00,50.10277843742579
2025-06-12 12:01:00,88.2
2025-06-12 09:15:00,75.7
2025-06-12 03:35:00,50.10277843742579
2025-06-12 03:33:00,97.5
2025-06-12 10:43:00,10.9
2025-06-12 13:33:00,49.7
2025-06-12 23:01:00,16.7
2025-06-12 12:15:00,13.4
2025-06-12 04:35:00,30.0
2025-06-12 07:11:00,35.4
2025-06-12 21:10:00,10.5
2025-06-12 19:00:00,60.4
2025-06-12 22:18:00,50.10277843742579
2025-06-12 14:26:00,50.10277843742579
2025-06-12 14:42:00,50.10277843742579
2025-06-12 12:37:00,48.3
2025-06-12 15:30:00,19.3
2025-06-12 12:36:00,26.7
2025-06-12 20:22:00,48.6
2025-06-12 00:28:00,7.2
2025-06-12 01:12:00,25.8
2025-06-12 12:22:00,43.2
2025-06-12 05:21:00,42.3
2025-06-12 09:09:00,50.10277843742579
2025-06-12 01:16:00,43.3
2025-06-12 22:50:00,19.4
2025-06-12 17:35:00,14.0
2025-06-12 16:44:00,6.6
2025-06-12 19:40:00,24.4
2025-06-12 06:11:00,68.7
2025-06-12 21:34:00,55.9
2025-06-12 22:45:00,50.10277843742579
2025-06-12 21:37:00,4.4
2025-06-12 23:25:00,85.6
2025-06-12 19:18:00,46.1
2025-06-12 15:56:00,15.9
2025-06-12 10:38:00,50.10277843742579
2025-06-12 07:48:00,85.9
2025-06-12 05:32:00,7.3
2025-06-12 07:54:00,39.8
2025-06-12 06:30:00,50.10277843742579
2025-06-12 06:31:00,53.6
2025-06-12 19:32:00,54.9
2025-06-12 11:53:00,36.8
2025-06-12 11:45:00,57.1
2025-06-12 15:53:00,2.6
2025-06-12 14:01:00,84.9
2025-06-12 19:49:00,85.3
2025-06-12 14:39:00,63.3
2025-06-12 14:39:00,39.2
2025-06-12 01:54:00,39.0
2025-06-12 10:48:00,65.3
2025-06-12 17:30:00,30.3
2025-06-12 13:03:00,50.10277843742579
2025-06-12 23:32:00,88.3
2025-06-12 06:48:00,11.1
2025-06-12 19:04:00,40.1
2025-06-12 23:07:00,46.2
2025-06-12 06:20:00,89.6
2025-06-12 13:39:00,93.2
2025-06-12 08:17:00,56.0
2025-06-12 23:49:00,98.0
2025-06-12 19:20:00,17.1
2025-06-12 21:50:00,65.2
2025-06-12 22:53:00,4.2
2025-06-12 01:51:00,50.10277843742579
2025-06-12 15:02:00,41.5
2025-06-12 22:57:00,40.0
2025-06-12 23:55:00,31.4
2025-06-12 20:01:00,53.2
2025-06-12 09:00:00,51.4
2025-06-12 17:01:00,7.2
2025-06-12 12:24:00,22.2
2025-06-12 12:01:00,7.4
2025-06-12 03:37:00,46.9
2025-06-12 20:48:00,53.0
2025-06-12 21:53:00,66.6
2025-06-12 00:23:00,82.3
2025-06-12 03:44:00,18.7
2025-06-12 17:31:00,84.3
2025-06-12 01:19:00,32.0
2025-06-12 03:39:00,50.10277843742579
2025-06-12 11:40:00,50.10277843742579
2025-06-12 14:14:00,58.7
2025-06-12 09:30:00,1.4
2025-06-12 15:35:00,15.2
2025-06-12 17:48:00,9.0
2025-06-12 08:54:00,16.4
2025-06-12 03:14:00,28.5
2025-06-12 10:36:00,50.10277843742579
2025-06-12 16:29:00,19.9
2025-06-12 13:30:00,13.9
2025-06-12 13:18:00,95.9
2025-06-12 11:46:00,24.5
2025-06-12 11:00:00,73.6
2025-06-12 03:03:00,87.5
2025-06-12 03:30:00,65.3
2025-06-12 00:11:00,24.3
2025-06-12 17:15:00,89.1
2025-06-12 13:16:00,12.4
2025-06-12 01:40:00,5.2
2025-06-12 17:10:00,50.10277843742579
2025-06-12 11:07:00,90.4
2025-06-12 05:27:00,50.10277843742579
2025-06-12 19:26:00,0.4
2025-06-12 13:31:00,50.10277843742579
2025-06-12 01:41:00,50.2
2025-06-12 20:40:00,75.6
2025-06-12 16:20:00,37.3
2025-06-12 00:47:00,95.0
2025-06-12 19:57:00,21.3
2025-06-12 21:37:00,65.2
2025-06-12 13:25:00,86.4
2025-06-12 05:35:00,50.10277843742579
2025-06-12 11:23:00,4.0
2025-06-12 21:22:00,59.5
2025-06-12 03:36:00,47.6
2025-06-12 07:22:00,14.7
2025-06-12 00:27:00,97.4
2025-06-12 19:30:00,96.2
2025-06-12 02:18:00,99.3
2025-06-12 00:22:00,30.8
2025-06-12 01:20:00,44.1
2025-06-12 23:08:00,61.3
2025-06-12 04:57:00,4.1
2025-06-12 18:15:00,15.9
2025-06-12 10:16:00,28.2
2025-06-12 22:20:00,37.3
2025-06-12 21:30:00,28.4
2025-06-12 11:56:00,32.1
2025-06-12 06:48:00,50.10277843742579
2025-06-12 15:31:00,64.6
2025-06-12 21:42:00,33.3
2025-06-12 01:16:00,96.3
2025-06-12 13:35:00,59.0
2025-06-12 00:26:00,29.7
2025-06-12 09:17:00,50.10277843742579
2025-06-12 00:51:00,96.8
2025-06-12 21:12:00,20.3
2025-06-12 03:25:00,57.0
2025-06-12 20:48:00,72.5
2025-06-12 00:00:00,18.7
2025-06-12 11:58:00,66.6
2025-06-12 03:07:00,17.4
2025-06-12 05:15:00,25.8
2025-06-12 22:21:00,75.1
2025-06-12 01:31:00,72.6
2025-06-12 13:52:00,62.7
2025-06-12 07:19:00,58.9
2025-06-12 09:08:00,19.8
2025-06-12 00:30:00,6.6
2025-06-12 18:42:00,35.1
2025-06-12 16:24:00,84.0
2025-06-12 08:39:00,18.1
2025-06-12 18:53:00,39.6
2025-06-12 21:00:00,39.6
2025-06-12 10:07:00,54.0
2025-06-12 07:10:00,19.1
2025-06-12 22:25:00,74.6
2025-06-12 13:59:00,53.6
2025-06-12 04:01:00,77.8
2025-06-12 09:10:00,49.2
2025-06-12 13:44:00,49.85036359371334
2025-06-12 14:32:00,13.6
2025-06-12 18:24:00,54.0
2025-06-12 06:30:00,30.8
2025-06-12 00:39:00,11.7
2025-06-12 13:19:00,14.4
2025-06-12 13:30:00,49.85036359371334
2025-06-12 00:42:00,37.5
2025-06-12 06:44:00,24.6
2025-06-12 02:27:00,83.2
2025-06-12 10:07:00,93.3
2025-06-12 12:00:00,96.9
2025-06-12 23:14:00,68.1
2025-06-12 18:53:00,28.8
2025-06-12 18:17:00,69.5
2025-06-12 06:36:00,49.85036359371334
2025-06-12 03:59:00,37.9
2025-06-12 05:00:00,75.8
2025-06-12 03:20:00,84.5
2025-06-12 23:23:00,21.0
2025-06-12 03:58:00,94.0
2025-06-12 03:57:00,41.9
2025-06-12 03:21:00,35.2
2025-06-12 16:10:00,49.85036359371334
2025-06-12 07:48:00,85.1
2025-06-12 17:57:00,57.2
2025-06-12 20:44:00,40.3
2025-06-12 06:58:00,49.85036359371334
2025-06-12 21:56:00,49.85036359371334
2025-06-12 12:52:00,12.7
2025-06-12 00:57:00,4.2
2025-06-12 12:55:00,49.85036359371334
2025-06-12 16:09:00,49.1
2025-06-12 07:32:00,60.8
2025-06-12 08:40:00,96.3
2025-06-12 23:20:00,80.7
2025-06-12 19:46:00,57.7
2025-06-12 03:59:00,39.0
2025-06-12 02:46:00,61.3
2025-06-12 22:19:00,37.5
2025-06-12 00:01:00,77.7
2025-06-12 06:31:00,39.4
2025-06-12 02:44:00,28.3
2025-06-12 03:47:00,96.8
2025-06-12 06:53:00,0.2
2025-06-12 21:18:00,14.6
2025-06-12 22:32:00,77.1
2025-06-12 09:35:00,98.9
2025-06-12 10:29:00,62.6
2025-06-12 18:55:00,22.0
2025-06-12 20:21:00,78.3
2025-06-12 05:35:00,70.6
2025-06-12 01:08:00,49.85036359371334
2025-06-12 07:44:00,49.85036359371334
2025-06-12 20:23:00,68.1
2025-06-12 10:21:00,67.2
2025-06-12 11:10:00,49.85036359371334
2025-06-12 19:33:00,63.9
2025-06-12 20:45:00,38.2
2025-06-12 09:54:00,10.2
2025-06-12 02:35:00,95.9
2025-06-12 03:21:00,3.6
2025-06-12 01:57:00,33.2
2025-06-12 16:18:00,49.85036359371334
2025-06-12 08:29:00,3.8
2025-06-12 07:06:00,36.2
2025-06-12 01:23:00,12.7
2025-06-12 18:43:00,84.3
2025-06-12 23:03:00,49.85036359371334
2025-06-12 21:54:00,2.0
2025-06-12 06:52:00,46.6
2025-06-12 17:20:00,49.85036359371334
2025-06-12 13:20:00,2.6
2025-06-12 04:45:00,49.85036359371334
2025-06-12 20:53:00,49.85036359371334
2025-06-12 10:49:00,18.2
2025-06-12 04:13:00,6.9
2025-06-12 22:03:00,93.5
2025-06-12 05:31:00,59.7
2025-06-12 22:38:00,51.5
2025-06-12 04:51:00,57.4
2025-06-12 16:03:00,49.85036359371334
2025-06-12 23:57:00,94.4
2025-06-12 03:14:00,50.0
2025-06-12 06:19:00,22.2
2025-06-12 15:14:00,84.8
2025-06-12 14:19:00,49.85036359371334
2025-06-12 22:25:00,91.0
2025-06-12 18:42:00,40.9
2025-06-12 09:26:00,21.1
2025-06-12 12:11:00,49.85036359371334
2025-06-12 01:19:00,33.0
2025-06-12 17:57:00,11.5
2025-06-12 16:27:00,29.9
2025-06-12 10:37:00,55.6
2025-06-12 00:03:00,79.1
2025-06-12 13:08:00,13.7
2025-06-12 22:15:00,49.85036359371334
2025-06-12 17:43:00,42.4
2025-06-12 08:36:00,49.85036359371334
2025-06-12 23:12:00,49.85036359371334
2025-06-12 20:15:00,49.85036359371334
2025-06-12 08:12:00,78.7
2025-06-12 13:24:00,90.8
2025-06-12 07:05:00,66.7
2025-06-12 06:52:00,40.0
2025-06-12 19:40:00,49.85036359371334
2025-06-12 03:40:00,74.4
2025-06-12 21:57:00,42.0
2025-06-12 15:57:00,38.3
2025-06-12 06:56:00,90.8
2025-06-12 00:14:00,46.5
2025-06-12 12:21:00,48.6
2025-06-12 11:25:00,56.5
2025-06-12 19:14:00,59.4
2025-06-12 15:54:00,6.4
2025-06-12 21:07:00,14.2
2025-06-12 04:49:00,84.2
2025-06-12 09:01:00,97.4
2025-06-12 20:38:00,79.9
2025-06-12 17:37:00,86.8
2025-06-12 07:35:00,22.5
2025-06-12 13:40:00,14.7
2025-06-12 17:08:00,41.5
2025-06-12 21:10:00,55.4
2025-06-12 01:13:00,88.4
2025-06-12 14:08:00,43.6
2025-06-12 15:07:00,52.1
2025-06-12 23:15:00,49.85036359371334
2025-06-12 09:08:00,5.3
2025-06-12 15:49:00,13.1
2025-06-12 06:14:00,14.6
2025-06-12 17:53:00,36.8
2025-06-12 02:20:00,49.85036359371334
2025-06-12 21:15:00,53.1
2025-06-12 02:50:00,14.0
2025-06-12 04:55:00,68.8
2025-06-12 07:53:00,87.0
2025-06-12 07:10:00,32.7
2025-06-12 06:26:00,21.5
2025-06-12 10:28:00,49.85036359371334
2025-06-12 19:12:00,99.7
2025-06-12 15:23:00,24.5
2025-06-12 14:44:00,29.0
2025-06-12 10:41:00,71.7
2025-06-12 13:50:00,74.9
2025-06-12 02:47:00,89.0
2025-06-12 01:21:00,10.1
2025-06-12 21:23:00,14.1
2025-06-12 07:37:00,22.5
2025-06-12 07:53:00,66.1
2025-06-12 13:45:00,86.5
2025-06-12 04:48:00,54.4
2025-06-12 08:09:00,16.2
2025-06-12 19:15:00,68.4
2025-06-12 00:42:00,3.9
2025-06-12 18:34:00,26.9
2025-06-12 02:18:00,29.0
2025-06-12 07:17:00,91.7
2025-06-12 12:20:00,39.9
2025-06-12 11:52:00,35.9
2025-06-12 18:01:00,6.8
2025-06-12 17:12:00,24.3
2025-06-12 01:17:00,99.2
2025-06-12 00:07:00,59.7
2025-06-12 19:40:00,49.85036359371334
2025-06-12 13:30:00,13.5
2025-06-12 19:25:00,42.3
2025-06-12 00:54:00,61.5
2025-06-12 08:14:00,29.2
2025-06-12 20:23:00,41.8
2025-06-12 23:43:00,49.85036359371334
2025-06-12 00:34:00,1.2
2025-06-12 14:16:00,68.8
2025-06-12 10:14:00,21.8
2025-06-12 04:04:00,94.4
2025-06-12 02:21:00,9.5
2025-06-12 06:17:00,26.6
2025-06-12 16:33:00,49.85036359371334
2025-06-12 14:29:00,37.2
2025-06-12 10:37:00,31.3
2025-06-12 20:36:00,52.6
2025-06-12 09:37:00,25.1
2025-06-12 10:21:00,17.5
2025-06-12 09:55:00,42.8
2025-06-12 17:14:00,12.1
2025-06-12 14:15:00,2.9
2025-06-12 14:17:00,49.85036359371334
2025-06-12 09:37:00,49.5
2025-06-12 23:28:00,24.3
2025-06-12 23:38:00,29.2
2025-06-12 04:52:00,10.8
2025-06-12 13:41:00,91.2
2025-06-12 20:28:00,13.6
2025-06-12 10:42:00,33.4
2025-06-12 08:04:00,65.5
2025-06-12 20:05:00,83.4
2025-06-12 15:23:00,37.2
2025-06-12 16:26:00,52.6
2025-06-12 19:23:00,49.85036359371334
2025-06-12 08:39:00,19.4
2025-06-12 09:00:00,13.6
2025-06-12 00:40:00,86.8
2025-06-12 16:15:00,18.2
2025-06-12 18:03:00,67.2
2025-06-12 01:10:00,79.1
2025-06-12 21:50:00,47.3
2025-06-12 07:16:00,9.2
2025-06-12 09:33:00,8.2
2025-06-12 12:40:00,1.8
2025-06-12 23:08:00,88.1
2025-06-12 06:19:00,87.0
2025-06-12 14:02:00,85.1
2025-06-12 08:15:00,60.8
2025-06-12 14:35:00,49.8
2025-06-12 18:20:00,49.85036359371334
2025-06-12 01:05:00,49.85036359371334
2025-06-12 16:25:00,53.0
2025-06-12 18:02:00,18.9
2025-06-12 12:47:00,10.2
2025-06-12 12:25:00,49.85036359371334
2025-06-12 14:09:00,51.5
2025-06-12 20:27:00,49.85036359371334
2025-06-12 08:57:00,64.6
2025-06-12 09:09:00,57.0
2025-06-12 06:09:00,83.9
2025-06-12 14:02:00,2.7
2025-06-12 12:36:00,71.1
2025-06-12 10:20:00,13.6
2025-06-12 22:42:00,96.8
2025-06-12 05:41:00,49.85036359371334
2025-06-12 04:04:00,80.9
2025-06-12 04:57:00,79.0
2025-06-12 21:32:00,49.85036359371334
2025-06-12 08:36:00,49.6
2025-06-12 22:18:00,76.2
2025-06-12 05:48:00,73.1
2025-06-12 08:09:00,49.85036359371334
2025-06-12 05:58:00,66.2
2025-06-12 01:23:00,28.9
2025-06-12 16:22:00,36.4
2025-06-12 15:59:00,79.1
2025-06-12 00:43:00,97.5
2025-06-12 21:39:00,33.5
2025-06-12 18:42:00,49.85036359371334
2025-06-12 13:48:00,93.4
2025-06-12 20:09:00,79.6
2025-06-12 03:55:00,75.4
2025-06-12 02:53:00,60.9
2025-06-12 23:25:00,51.2
2025-06-12 17:31:00,45.4
2025-06-12 00:33:00,35.0
2025-06-12 02:23:00,64.0
2025-06-12 00:21:00,56.4
2025-06-12 15:44:00,39.5
2025-06-12 04:12:00,28.1
2025-06-12 22:44:00,16.8
2025-06-12 07:45:00,17.9
2025-06-12 22:14:00,46.4
2025-06-12 18:58:00,33.0
2025-06-12 22:08:00,8.4
2025-06-12 15:45:00,94.0
2025-06-12 08:42:00,49.85036359371334
2025-06-12 21:01:00,97.4
2025-06-12 23:06:00,98.9
2025-06-12 20:09:00,64.2
2025-06-12 15:27:00,14.7
2025-06-12 08:19:00,41.0
2025-06-12 17:32:00,30.8
2025-06-12 10:26:00,57.4
2025-06-12 15:32:00,45.6
2025-06-12 11:26:00,68.5
2025-06-12 14:35:00,88.3
2025-06-12 04:19:00,49.85036359371334
2025-06-12 01:02:00,49.85036359371334
2025-06-12 12:44:00,94.2
2025-06-12 23:49:00,15.5
2025-06-12 19:15:00,25.8
2025-06-12 04:45:00,75.8
2025-06-12 02:56:00,49.85036359371334
2025-06-12 20:50:00,26.3
2025-06-12 09:53:00,3.2
2025-06-12 00:54:00,63.2
2025-06-12 19:28:00,9.6
2025-06-12 15:26:00,58.4
2025-06-12 00:30:00,39.5
2025-06-12 19:23:00,76.6
2025-06-12 10:13:00,25.9
2025-06-12 00:31:00,44.8
2025-06-12 15:37:00,51.2
2025-06-12 13:10:00,16.4
2025-06-12 07:05:00,0.5
2025-06-12 14:12:00,62.3
2025-06-12 03:18:00,18.6
2025-06-12 10:23:00,6.5
2025-06-12 03:51:00,49.85036359371334
2025-06-12 21:14:00,92.4
2025-06-12 12:20:00,70.2
2025-06-12 09:14:00,55.6
2025-06-12 06:14:00,34.4
2025-06-12 03:07:00,86.8
2025-06-12 08:23:00,72.8
2025-06-12 15:17:00,35.5
2025-06-12 05:33:00,31.6
2025-06-12 16:06:00,1.9
2025-06-12 23:59:00,78.7
2025-06-12 10:16:00,63.6
2025-06-12 00:25:00,28.5
2025-06-12 15:31:00,0.9
2025-06-12 08:12:00,65.3
2025-06-12 05:10:00,11.3
2025-06-12 03:12:00,26.1
2025-06-12 06:58:00,45.7
2025-06-12 06:03:00,68.6
2025-06-12 01:31:00,21.1
2025-06-12 20:50:00,42.2
2025-06-12 15:17:00,65.0
2025-06-12 13:18:00,49.85036359371334
2025-06-12 08:52:00,23.5
2025-06-12 12:34:00,40.8
2025-06-12 12:04:00,22.3
2025-06-12 03:57:00,74.2
2025-06-12 09:10:00,36.8
2025-06-12 10:28:00,56.5
2025-06-12 06:23:00,49.85036359371334
2025-06-12 13:35:00,63.7
2025-06-12 19:15:00,54.5
2025-06-12 08:36:00,39.5
2025-06-12 15:34:00,67.1
2025-06-12 04:03:00,77.7
2025-06-12 20:50:00,8.4
2025-06-12 07:40:00,19.1
2025-06-12 21:30:00,63.0
2025-06-12 03:36:00,40.9
2025-06-12 02:25:00,86.4
2025-06-12 07:34:00,1.3
2025-06-12 04:16:00,65.0
2025-06-12 01:02:00,21.6
2025-06-12 19:37:00,7.1
2025-06-12 11:08:00,39.3
2025-06-12 21:35:00,26.3
2025-06-12 23:21:00,29.0
2025-06-12 17:41:00,83.0
2025-06-12 01:25:00,49.85036359371334
2025-06-12 20:33:00,24.9
2025-06-12 04:43:00,5.5
2025-06-12 08:54:00,61.4
2025-06-12 19:45:00,99.1
2025-06-12 18:43:00,38.8
2025-06-12 13:22:00,14.1
2025-06-12 15:37:00,51.3
2025-06-12 04:07:00,19.6
2025-06-12 05:48:00,41.1
2025-06-12 01:36:00,25.2
2025-06-12 12:05:00,40.7
2025-06-12 02:21:00,16.3
2025-06-12 22:26:00,93.0
2025-06-12 17:30:00,100.0
2025-06-12 18:29:00,40.1
2025-06-12 02:15:00,68.8
2025-06-12 09:52:00,2.6
2025-06-12 23:16:00,8.2
2025-06-12 07:54:00,11.4
2025-06-12 13:24:00,37.4
2025-06-12 09:24:00,21.4
2025-06-12 08:42:00,51.3
2025-06-12 20:24:00,50.02337935876432
2025-06-12 02:25:00,93.4
2025-06-12 17:25:00,50.02337935876432
2025-06-12 15:36:00,71.3
2025-06-12 12:39:00,60.8
2025-06-12 11:25:00,54.0
2025-06-12 16:46:00,98.7
2025-06-12 02:25:00,18.7
2025-06-12 07:07:00,61.5
2025-06-12 02:09:00,12.5
2025-06-12 13:30:00,39.3
2025-06-12 03:07:00,16.8
2025-06-12 18:42:00,71.3
2025-06-12 19:57:00,50.02337935876432
2025-06-12 08:31:00,50.02337935876432
2025-06-12 12:35:00,7.9
2025-06-12 23:53:00,33.1
2025-06-12 08:34:00,50.02337935876432
2025-06-12 11:47:00,84.6
2025-06-12 12:52:00,33.0
2025-06-12 23:35:00,99.0
2025-06-12 18:49:00,4.6
2025-06-12 06:45:00,50.02337935876432
2025-06-12 08:04:00,58.6
2025-06-12 08:21:00,14.1
2025-06-12 07:26:00,6.1
2025-06-12 04:57:00,50.02337935876432
2025-06-12 18:10:00,52.3
2025-06-12 20:44:00,87.2
2025-06-12 10:39:00,27.2
2025-06-12 02:44:00,58.7
2025-06-12 01:33:00,17.8
2025-06-12 14:27:00,13.7
2025-06-12 16:27:00,94.5
2025-06-12 14:34:00,50.02337935876432
2025-06-12 01:48:00,50.02337935876432
2025-06-12 13:02:00,75.4
2025-06-12 23:08:00,50.02337935876432
2025-06-12 22:24:00,50.02337935876432
2025-06-12 15:53:00,50.02337935876432
2025-06-12 07:00:00,55.2
2025-06-12 09:49:00,14.3
2025-06-12 16:50:00,39.7
2025-06-12 14:35:00,73.9
2025-06-12 05:33:00,25.7
2025-06-12 13:42:00,82.3
2025-06-12 18:41:00,93.9
2025-06-12 05:20:00,62.3
2025-06-12 19:09:00,3.6
2025-06-12 18:05:00,9.5
2025-06-12 23:10:00,34.4
2025-06-12 10:53:00,50.02337935876432
2025-06-12 00:51:00,68.6
2025-06-12 22:25:00,29.0
2025-06-12 09:32:00,36.3
2025-06-12 20:59:00,50.02337935876432
2025-06-12 06:19:00,91.1
2025-06-12 01:17:00,50.02337935876432
2025-06-12 23:48:00,31.5
2025-06-12 12:21:00,47.1
2025-06-12 00:13:00,81.7
2025-06-12 04:40:00,82.1
2025-06-12 18:49:00,69.6
2025-06-12 03:13:00,54.2
2025-06-12 03:55:00,69.2
2025-06-12 09:23:00,92.6
2025-06-12 22:29:00,97.4
2025-06-12 07:48:00,40.8
2025-06-12 17:43:00,94.5
2025-06-12 18:06:00,76.4
2025-06-12 03:29:00,33.2
2025-06-12 02:15:00,17.7
2025-06-12 08:53:00,50.02337935876432
2025-06-12 14:02:00,78.5
2025-06-12 09:29:00,38.2
2025-06-12 06:43:00,50.02337935876432
2025-06-12 14:38:00,50.02337935876432
2025-06-12 09:08:00,61.1
2025-06-12 00:32:00,43.0
2025-06-12 02:57:00,46.8
2025-06-12 09:24:00,13.5
2025-06-12 21:10:00,10.3
2025-06-12 01:49:00,15.9
2025-06-12 07:04:00,46.8
2025-06-12 17:25:00,50.0
2025-06-12 01:28:00,77.0
2025-06-12 20:08:00,50.02337935876432
2025-06-12 08:26:00,81.0
2025-06-12 11:00:00,39.5
2025-06-12 15:27:00,80.7
2025-06-12 10:58:00,25.2
2025-06-12 06:25:00,12.3
2025-06-12 21:00:00,88.8
2025-06-12 09:55:00,44.5
2025-06-12 23:07:00,18.0
2025-06-12 23:51:00,1.5
2025-06-12 07:07:00,50.02337935876432
2025-06-12 05:58:00,13.4
2025-06-12 01:03:00,10.9
2025-06-12 02:54:00,50.02337935876432
2025-06-12 18:16:00,50.02337935876432
2025-06-12 09:11:00,73.3
2025-06-12 11:56:00,16.5
2025-06-12 04:26:00,56.1
2025-06-12 04:22:00,29.3
2025-06-12 00:36:00,50.02337935876432
2025-06-12 02:24:00,84.5
2025-06-12 21:56:00,34.6
2025-06-12 20:36:00,7.5
2025-06-12 14:40:00,96.7
2025-06-12 20:06:00,92.6
2025-06-12 21:30:00,50.02337935876432
2025-06-12 17:16:00,92.7
2025-06-12 10:18:00,91.1
2025-06-12 14:55:00,58.4
2025-06-12 20:06:00,76.0
2025-06-12 23:58:00,19.5
2025-06-12 15:19:00,77.6
2025-06-12 03:05:00,37.2
2025-06-12 10:01:00,72.2
2025-06-12 05:20:00,63.9
2025-06-12 11:13:00,21.4
2025-06-12 03:52:00,22.2
2025-06-12 08:32:00,54.0
2025-06-12 18:38:00,6.6
2025-06-12 21:51:00,97.9
2025-06-12 16:55:00,50.02337935876432
2025-06-12 04:30:00,50.02337935876432
2025-06-12 00:48:00,12.3
2025-06-12 06:53:00,23.7
2025-06-12 16:19:00,94.5
2025-06-12 03:05:00,26.4
2025-06-12 11:48:00,64.1
2025-06-12 19:53:00,86.8
2025-06-12 17:17:00,70.0
2025-06-12 21:46:00,84.5
2025-06-12 12:48:00,50.6
2025-06-12 06:20:00,4.7
2025-06-12 11:38:00,73.3
2025-06-12 14:07:00,28.7
2025-06-12 22:03:00,82.6
2025-06-12 14:06:00,49.6
2025-06-12 10:44:00,63.3
2025-06-12 14:59:00,80.3
2025-06-12 18:32:00,79.2
2025-06-12 08:01:00,8.6
2025-06-12 10:32:00,6.8
2025-06-12 01:54:00,50.02337935876432
2025-06-12 14:43:00,73.3
2025-06-12 06:14:00,89.4
2025-06-12 06:09:00,48.6
2025-06-12 16:44:00,26.7
2025-06-12 13:03:00,28.1
2025-06-12 06:07:00,18.4
2025-06-12 05:12:00,12.8
2025-06-12 02:07:00,93.8
2025-06-12 15:44:00,97.1
2025-06-12 19:36:00,76.8
2025-06-12 19:23:00,10.7
2025-06-12 16:54:00,16.8
2025-06-12 10:20:00,50.02337935876432
2025-06-12 18:22:00,50.02337935876432
2025-06-12 23:52:00,65.9
2025-06-12 06:50:00,62.7
2025-06-12 17:06:00,36.1
2025-06-12 11:38:00,69.7
2025-06-12 02:35:00,1.8
2025-06-12 11:40:00,93.5
2025-06-12 22:11:00,55.4
2025-06-12 04:15:00,56.5
2025-06-12 20:38:00,22.2
2025-06-12 11:24:00,66.3
2025-06-12 17:43:00,4.5
2025-06-12 17:26:00,13.1
2025-06-12 04:19:00,70.9
2025-06-12 02:41:00,42.7
2025-06-12 16:19:00,10.0
2025-06-12 20:56:00,92.9
2025-06-12 15:58:00,4.1
2025-06-12 21:30:00,56.9
2025-06-12 02:37:00,70.8
2025-06-12 12:03:00,47.2
2025-06-12 12:43:00,85.6
2025-06-12 04:28:00,21.1
2025-06-12 18:58:00,50.02337935876432
2025-06-12 01:03:00,84.3
2025-06-12 18:40:00,1.5
2025-06-12 18:17:00,6.0
2025-06-12 18:16:00,20.0
2025-06-12 18:31:00,10.9
2025-06-12 21:22:00,51.6
2025-06-12 06:42:00,28.3
2025-06-12 19:40:00,41.5
2025-06-12 05:31:00,50.02337935876432
2025-06-12 16:48:00,50.02337935876432
2025-06-12 03:37:00,77.6
2025-06-12 02:38:00,53.3
2025-06-12 17:51:00,19.1
2025-06-12 04:47:00,49.6
2025-06-12 10:27:00,50.02337935876432
2025-06-12 17:28:00,55.6
2025-06-12 18:56:00,83.9
2025-06-12 19:53:00,50.02337935876432
2025-06-12 03:31:00,50.02337935876432
2025-06-12 22:50:00,50.02337935876432
2025-06-12 12:49:00,35.1
2025-06-12 09:29:00,39.8
2025-06-12 05:18:00,50.02337935876432
2025-06-12 16:40:00,96.5
2025-06-12 20:44:00,78.1
2025-06-12 01:27:00,45.3
2025-06-12 00:32:00,89.8
2025-06-12 19:43:00,37.8
2025-06-12 08:28:00,22.6
2025-06-12 02:21:00,9.3
2025-06-12 03:58:00,22.4
2025-06-12 04:20:00,88.2
2025-06-12 21:44:00,94.8
2025-06-12 19:56:00,50.02337935876432
2025-06-12 19:36:00,2.1
2025-06-12 19:17:00,98.4
2025-06-12 05:22:00,50.02337935876432
2025-06-12 01:55:00,50.02337935876432
2025-06-12 02:12:00,50.02337935876432
2025-06-12 10:20:00,57.1
2025-06-12 02:11:00,50.02337935876432
2025-06-12 12:10:00,50.6
2025-06-12 17:11:00,68.5
2025-06-12 11:47:00,88.0
2025-06-12 05:51:00,6.0
2025-06-12 20:00:00,41.4
2025-06-12 13:36:00,64.9
2025-06-12 14:40:00,90.5
2025-06-12 04:14:00,99.4
2025-06-12 06:24:00,5.1
2025-06-12 08:26:00,3.8
2025-06-12 23:01:00,50.02337935876432
2025-06-12 09:20:00,50.02337935876432
2025-06-12 18:51:00,31.1
2025-06-12 02:57:00,60.3
2025-06-12 19:26:00,50.02337935876432
2025-06-12 14:42:00,8.1
2025-06-12 22:44:00,78.7
2025-06-12 15:41:00,98.4
2025-06-12 05:39:00,72.5
2025-06-12 15:50:00,73.1
2025-06-12 06:15:00,50.02337935876432
2025-06-12 14:03:00,99.3
2025-06-12 20:53:00,18.1
2025-06-12 16:33:00,79.0
2025-06-12 18:32:00,83.5
2025-06-12 02:12:00,95.1
2025-06-12 03:14:00,35.1
2025-06-12 05:25:00,50.02337935876432
2025-06-12 22:44:00,81.4
2025-06-12 08:33:00,50.02337935876432
2025-06-12 21:23:00,75.3
2025-06-12 08:58:00,50.02337935876432
2025-06-12 16:17:00,28.6
2025-06-12 00:54:00,59.3
2025-06-12 20:11:00,21.3
2025-06-12 21:36:00,78.6
2025-06-12 07:05:00,7.0
2025-06-12 11:56:00,72.2
2025-06-12 07:29:00,50.02337935876432
2025-06-12 19:36:00,97.4
2025-06-12 17:32:00,27.2
2025-06-12 10:58:00,31.0
2025-06-12 12:07:00,62.9
2025-06-12 12:47:00,83.4
2025-06-12 15:58:00,22.0
2025-06-12 09:58:00,50.02337935876432
2025-06-12 11:11:00,20.8
2025-06-12 22:46:00,14.5
2025-06-12 03:43:00,45.5
2025-06-12 18:27:00,83.8
2025-06-12 14:36:00,50.02337935876432
2025-06-12 00:41:00,50.02337935876432
2025-06-12 14:09:00,42.0
2025-06-12 10:18:00,94.4
2025-06-12 20:13:00,76.9
2025-06-12 11:19:00,75.6
2025-06-12 06:51:00,91.9
2025-06-12 21:28:00,93.8
2025-06-12 07:46:00,52.4
2025-06-12 22:46:00,45.8
2025-06-12 10:41:00,8.3
2025-06-12 12:15:00,43.7
2025-06-12 06:35:00,7.7
2025-06-12 23:17:00,79.5
2025-06-12 15:15:00,11.7
2025-06-12 09:45:00,4.3
2025-06-12 00:43:00,90.9
2025-06-12 02:32:00,37.5
2025-06-12 08:17:00,41.1
2025-06-12 10:09:00,93.7
2025-06-12 09:10:00,68.1
2025-06-12 22:51:00,53.8
2025-06-12 10:59:00,74.8
2025-06-12 12:01:00,52.0
2025-06-12 07:03:00,60.3
2025-06-12 20:55:00,22.2
2025-06-12 17:22:00,10.2
2025-06-12 17:46:00,9.9
2025-06-12 12:17:00,79.8
2025-06-12 14:59:00,44.4
2025-06-12 15:44:00,73.1
2025-06-12 18:23:00,47.4
2025-06-12 04:23:00,70.7
2025-06-12 02:48:00,4.3
2025-06-12 09:29:00,26.0
2025-06-12 19:13:00,5.2
2025-06-12 23:27:00,50.19809456598448
2025-06-12 13:08:00,98.9
2025-06-12 12:02:00,50.19809456598448
2025-06-12 19:11:00,23.6
2025-06-12 07:18:00,25.6
2025-06-12 16:23:00,39.4
2025-06-12 12:49:00,50.19809456598448
2025-06-12 11:31:00,29.9
2025-06-12 07:48:00,78.3
2025-06-12 05:45:00,72.0
2025-06-12 13:45:00,95.0
2025-06-12 00:45:00,2.9
2025-06-12 12:40:00,64.6
2025-06-12 05:33:00,33.5
2025-06-12 05:23:00,19.4
2025-06-12 14:24:00,51.1
2025-06-12 05:35:00,45.6
2025-06-12 06:08:00,42.0
2025-06-12 16:40:00,98.6
2025-06-12 16:15:00,15.5
2025-06-12 07:48:00,50.19809456598448
2025-06-12 14:50:00,76.2
2025-06-12 01:59:00,99.0
2025-06-12 02:58:00,99.9
2025-06-12 18:00:00,81.0
2025-06-12 19:54:00,24.9
2025-06-12 13:55:00,98.7
2025-06-12 15:19:00,50.19809456598448
2025-06-12 03:54:00,25.7
2025-06-12 11:22:00,67.6
2025-06-12 16:39:00,74.3
2025-06-12 03:49:00,46.3
2025-06-12 01:06:00,4.7
2025-06-12 06:29:00,16.9
2025-06-12 19:51:00,38.4
2025-06-12 22:16:00,24.0
2025-06-12 04:19:00,73.8
2025-06-12 17:58:00,34.6
2025-06-12 18:45:00,82.0
2025-06-12 03:33:00,8.3
2025-06-12 11:26:00,34.9
2025-06-12 18:18:00,66.4
2025-06-12 11:43:00,50.19809456598448
2025-06-12 22:17:00,58.7
2025-06-12 18:45:00,50.19809456598448
2025-06-12 03:50:00,50.19809456598448
2025-06-12 13:04:00,68.9
2025-06-12 18:45:00,93.0
2025-06-12 16:12:00,62.4
2025-06-12 02:41:00,37.2
2025-06-12 23:45:00,50.19809456598448
2025-06-12 19:14:00,8.5
2025-06-12 12:10:00,59.6
2025-06-12 01:12:00,69.0
2025-06-12 16:53:00,78.4
2025-06-12 11:45:00,19.0
2025-06-12 22:10:00,50.19809456598448
2025-06-12 21:24:00,71.2
2025-06-12 23:57:00,17.7
2025-06-12 02:14:00,69.8
2025-06-12 13:37:00,92.3
2025-06-12 18:05:00,62.9
2025-06-12 22:31:00,52.6
2025-06-12 00:42:00,50.19809456598448
2025-06-12 14:47:00,96.2
2025-06-12 14:50:00,19.6
2025-06-12 19:02:00,55.3
2025-06-12 09:29:00,23.7
2025-06-12 01:03:00,15.7
2025-06-12 09:52:00,57.2
2025-06-12 14:46:00,53.3
2025-06-12 05:08:00,84.0
2025-06-12 05:09:00,7.2
2025-06-12 10:52:00,55.3
2025-06-12 05:28:00,7.2
2025-06-12 22:33:00,17.1
2025-06-12 18:40:00,27.4
2025-06-12 04:24:00,7.1
2025-06-12 08:57:00,12.4
2025-06-12 01:12:00,29.0
2025-06-12 16:46:00,49.4
2025-06-12 07:25:00,71.6
2025-06-12 22:33:00,51.7
2025-06-12 06:11:00,12.4
2025-06-12 20:01:00,50.19809456598448
2025-06-12 07:19:00,66.4
2025-06-12 17:44:00,50.19809456598448
2025-06-12 22:11:00,25.6
2025-06-12 18:36:00,32.3
2025-06-12 14:56:00,51.0
2025-06-12 14:03:00,81.1
2025-06-12 12:47:00,46.2
2025-06-12 06:51:00,62.9
2025-06-12 06:17:00,28.6
2025-06-12 23:59:00,50.19809456598448
2025-06-12 16:12:00,90.5
2025-06-12 17:45:00,36.5
2025-06-12 16:22:00,8.6
2025-06-12 13:19:00,22.5
2025-06-12 18:42:00,74.5
2025-06-12 13:05:00,54.8
2025-06-12 02:41:00,50.19809456598448
2025-06-12 22:15:00,96.1
2025-06-12 22:48:00,9.4
2025-06-12 17:14:00,50.19809456598448
2025-06-12 17:24:00,70.2
2025-06-12 12:05:00,83.6
2025-06-12 20:26:00,16.7
2025-06-12 00:14:00,18.0
2025-06-12 23:33:00,50.19809456598448
2025-06-12 01:33:00,8.7
2025-06-12 13:00:00,81.1
2025-06-12 13:34:00,27.6
2025-06-12 13:46:00,50.19809456598448
2025-06-12 07:48:00,52.6
2025-06-12 06:14:00,76.8
2025-06-12 17:12:00,50.19809456598448
2025-06-12 23:19:00,5.2
2025-06-12 15:48:00,80.3
2025-06-12 12:04:00,60.9
2025-06-12 18:02:00,20.4
2025-06-12 03:25:00,65.5
2025-06-12 00:26:00,50.19809456598448
2025-06-12 13:52:00,33.0
2025-06-12 21:55:00,47.3
2025-06-12 14:08:00,74.9
2025-06-12 20:03:00,50.19809456598448
2025-06-12 19:11:00,49.0
2025-06-12 08:36:00,47.5
2025-06-12 23:02:00,99.2
2025-06-12 12:49:00,96.4
2025-06-12 07:39:00,53.4
2025-06-12 19:54:00,59.0
2025-06-12 01:55:00,85.0
2025-06-12 06:08:00,80.2
2025-06-12 14:34:00,60.2
2025-06-12 09:17:00,94.9
2025-06-12 11:38:00,5.4
2025-06-12 13:48:00,50.19809456598448
2025-06-12 08:07:00,40.4
2025-06-12 13:28:00,38.9
2025-06-12 19:16:00,33.5
2025-06-12 17:32:00,8.5
2025-06-12 13:04:00,50.19809456598448
2025-06-12 06:38:00,65.2
2025-06-12 14:24:00,17.5
2025-06-12 17:52:00,96.0
2025-06-12 06:23:00,48.9
2025-06-12 00:03:00,98.5
2025-06-12 08:12:00,32.2
2025-06-12 17:07:00,50.19809456598448
2025-06-12 21:32:00,31.1
2025-06-12 15:10:00,43.9
2025-06-12 01:57:00,50.19809456598448
2025-06-12 04:35:00,18.3
2025-06-12 21:47:00,45.2
2025-06-12 22:08:00,27.5
2025-06-12 16:58:00,50.19809456598448
2025-06-12 19:29:00,91.1
2025-06-12 09:46:00,12.2
2025-06-12 02:01:00,77.7
2025-06-12 07:07:00,85.6
2025-06-12 00:27:00,49.7
2025-06-12 14:00:00,7.4
2025-06-12 15:45:00,43.2
2025-06-12 10:54:00,58.8
2025-06-12 06:58:00,13.4
2025-06-12 23:39:00,72.7
2025-06-12 11:49:00,58.4
2025-06-12 16:03:00,69.8
2025-06-12 23:22:00,35.1
2025-06-12 21:16:00,77.8
2025-06-12 09:41:00,29.0
2025-06-12 01:51:00,50.19809456598448
2025-06-12 01:23:00,8.9
2025-06-12 20:53:00,98.6
2025-06-12 06:29:00,93.3
2025-06-12 20:29:00,32.7
2025-06-12 05:16:00,43.8
2025-06-12 09:32:00,44.3
2025-06-12 04:16:00,50.19809456598448
2025-06-12 16:43:00,60.6
2025-06-12 21:55:00,28.8
2025-06-12 18:08:00,28.1
2025-06-12 12:47:00,62.6
2025-06-12 00:41:00,36.7
2025-06-12 22:36:00,50.19809456598448
2025-06-12 11:05:00,82.4
2025-06-12 18:56:00,61.0
2025-06-12 00:31:00,89.9
2025-06-12 09:56:00,22.8
2025-06-12 21:24:00,47.4
2025-06-12 10:12:00,50.19809456598448
2025-06-12 06:32:00,9.7
2025-06-12 01:23:00,34.6
2025-06-12 21:13:00,50.19809456598448
2025-06-12 07:59:00,78.0
2025-06-12 06:45:00,74.8
2025-06-12 00:49:00,35.2
2025-06-12 11:06:00,79.8
2025-06-12 12:44:00,67.7
2025-06-12 01:21:00,71.3
2025-06-12 05:58:00,97.1
2025-06-12 11:19:00,64.8
2025-06-12 16:10:00,93.6
2025-06-12 01:32:00,97.3
2025-06-12 21:22:00,2.2
2025-06-12 08:50:00,50.19809456598448
2025-06-12 14:06:00,58.5
2025-06-12 19:41:00,33.7
2025-06-12 19:16:00,92.2
2025-06-12 15:08:00,50.19809456598448
2025-06-12 10:27:00,24.8
2025-06-12 06:56:00,47.0
2025-06-12 17:12:00,7.4
2025-06-12 05:49:00,89.2
2025-06-12 18:15:00,91.0
2025-06-12 03:48:00,69.3
2025-06-12 20:48:00,30.3
2025-06-12 18:15:00,24.5
2025-06-12 14:56:00,99.3
2025-06-12 05:51:00,29.1
2025-06-12 03:37:00,50.19809456598448
2025-06-12 03:22:00,25.9
2025-06-12 16:10:00,33.5
2025-06-12 06:54:00,97.6
2025-06-12 14:04:00,6.9
2025-06-12 19:05:00,37.9
2025-06-12 12:57:00,67.6
2025-06-12 21:59:00,46.1
2025-06-12 23:14:00,32.5
2025-06-12 11:35:00,20.7
2025-06-12 16:31:00,97.0
2025-06-12 21:17:00,53.4
2025-06-12 16:01:00,47.0
2025-06-12 07:48:00,12.4
2025-06-12 02:02:00,93.1
2025-06-12 00:12:00,36.9
2025-06-12 18:26:00,46.6
2025-06-12 21:54:00,51.4
2025-06-12 18:49:00,37.9
2025-06-12 06:39:00,61.4
2025-06-12 19:08:00,63.0
2025-06-12 18:33:00,99.2
2025-06-12 19:55:00,50.19809456598448
2025-06-12 13:36:00,50.19809456598448
2025-06-12 07:36:00,97.8
2025-06-12 20:21:00,51.9
2025-06-12 16:51:00,39.7
2025-06-12 10:25:00,50.19809456598448
2025-06-12 20:43:00,61.1
2025-06-12 22:47:00,50.19809456598448
2025-06-12 11:48:00,56.4
2025-06-12 02:48:00,82.2
2025-06-12 09:27:00,36.0
2025-06-12 01:37:00,62.0
2025-06-12 04:35:00,50.19809456598448
2025-06-12 20:47:00,39.2
2025-06-12 13:56:00,50.19809456598448
2025-06-12 02:16:00,0.6
2025-06-12 07:17:00,5.0
2025-06-12 04:44:00,45.1
2025-06-12 19:23:00,6.3
2025-06-12 09:54:00,79.1
2025-06-12 13:08:00,80.4
2025-06-12 09:26:00,18.7
2025-06-12 02:50:00,36.6
2025-06-12 05:31:00,76.5
2025-06-12 14:58:00,66.6
2025-06-12 04:15:00,50.19809456598448
2025-06-12 05:56:00,57.5
2025-06-12 03:01:00,8.2
2025-06-12 18:34:00,10.2
2025-06-12 09:37:00,3.7
2025-06-12 02:14:00,6.5
2025-06-12 10:41:00,50.19809456598448
2025-06-12 14:14:00,50.19809456598448
2025-06-12 07:03:00,53.5
2025-06-12 09:36:00,33.7
2025-06-12 03:57:00,81.8
2025-06-12 02:12:00,18.9
2025-06-12 12:17:00,50.19809456598448
2025-06-12 18:22:00,45.6
2025-06-12 02:49:00,16.1
2025-06-12 20:47:00,50.19809456598448
2025-06-12 05:04:00,24.1
2025-06-12 08:56:00,78.4
2025-06-12 14:59:00,19.2
2025-06-12 00:39:00,50.19809456598448
2025-06-12 08:27:00,12.6
2025-06-12 04:48:00,50.19809456598448
2025-06-12 03:08:00,19.3
2025-06-12 14:43:00,39.3
2025-06-12 03:04:00,71.1
2025-06-12 18:20:00,73.9
2025-06-12 10:34:00,32.4
2025-06-12 16:38:00,3.9
2025-06-12 16:23:00,95.9
2025-06-12 12:40:00,25.3
2025-06-12 07:40:00,36.1
2025-06-12 13:17:00,50.19809456598448
2025-06-12 12:23:00,47.6
2025-06-12 21:04:00,50.19809456598448
2025-06-12 17:03:00,33.5
2025-06-12 19:33:00,47.3
2025-06-12 10:10:00,59.9
2025-06-12 21:11:00,57.7
2025-06-12 01:54:00,10.5
2025-06-12 16:11:00,84.9
2025-06-12 14:41:00,45.9
2025-06-12 20:48:00,80.5
2025-06-12 10:24:00,83.0
2025-06-12 22:13:00,5.4
2025-06-12 08:21:00,52.5
2025-06-12 05:59:00,80.5
2025-06-12 06:31:00,74.1
2025-06-12 16:14:00,56.0
2025-06-12 04:38:00,66.7
2025-06-12 16:18:00,80.9
2025-06-12 07:58:00,88.7
2025-06-12 01:47:00,49.54486036141751
2025-06-12 14:20:00,89.8
2025-06-12 18:34:00,53.7
2025-06-12 08:35:00,55.5
2025-06-12 12:23:00,96.3
2025-06-12 01:46:00,30.3
2025-06-12 20:29:00,51.2
2025-06-12 12:18:00,26.8
2025-06-12 12:38:00,66.1
2025-06-12 07:21:00,31.5
2025-06-12 16:31:00,90.4
2025-06-12 02:19:00,90.2
2025-06-12 05:49:00,91.5
2025-06-12 23:21:00,4.2
2025-06-12 10:13:00,23.1
2025-06-12 15:19:00,74.2
2025-06-12 23:25:00,32.3
2025-06-12 02:01:00,86.9
2025-06-12 13:40:00,59.8
2025-06-12 05:55:00,98.7
2025-06-12 10:00:00,93.1
2025-06-12 14:42:00,96.0
2025-06-12 11:45:00,17.1
2025-06-12 06:30:00,50.8
2025-06-12 03:27:00,49.54486036141751
2025-06-12 16:29:00,85.8
2025-06-12 20:48:00,33.2
2025-06-12 11:23:00,89.1
2025-06-12 23:37:00,49.54486036141751
2025-06-12 02:09:00,51.3
2025-06-12 00:45:00,47.6
2025-06-12 15:32:00,61.0
2025-06-12 03:28:00,65.9
2025-06-12 00:59:00,11.0
2025-06-12 09:08:00,87.3
2025-06-12 05:51:00,90.6
2025-06-12 00:49:00,83.2
2025-06-12 14:40:00,77.1
2025-06-12 20:38:00,49.54486036141751
2025-06-12 02:16:00,20.3
2025-06-12 04:30:00,8.9
2025-06-12 07:47:00,81.0
2025-06-12 14:47:00,71.5
2025-06-12 06:49:00,23.2
2025-06-12 02:41:00,72.8
2025-06-12 01:41:00,89.2
2025-06-12 08:05:00,65.7
2025-06-12 23:52:00,61.3
2025-06-12 14:07:00,43.7
2025-06-12 18:05:00,0.2
2025-06-12 08:52:00,49.54486036141751
2025-06-12 16:52:00,23.0
2025-06-12 13:46:00,35.4
2025-06-12 19:35:00,9.1
2025-06-12 05:22:00,57.4
2025-06-12 05:34:00,19.9
2025-06-12 21:05:00,23.1
2025-06-12 05:18:00,24.9
2025-06-12 21:08:00,62.7
2025-06-12 21:22:00,84.2
2025-06-12 12:15:00,66.4
2025-06-12 18:26:00,60.0
2025-06-12 06:27:00,49.54486036141751
2025-06-12 11:01:00,78.5
2025-06-12 09:43:00,24.8
2025-06-12 18:20:00,78.5
2025-06-12 15:41:00,25.2
2025-06-12 20:25:00,71.1
2025-06-12 23:01:00,27.1
2025-06-12 17:13:00,29.4
2025-06-12 10:08:00,49.54486036141751
2025-06-12 11:07:00,49.54486036141751
2025-06-12 09:40:00,47.6
2025-06-12 09:21:00,49.54486036141751
2025-06-12 05:22:00,69.0
2025-06-12 13:20:00,98.1
2025-06-12 15:37:00,41.4
2025-06-12 17:46:00,3.6
2025-06-12 20:25:00,61.2
2025-06-12 23:41:00,51.8
2025-06-12 18:28:00,84.4
2025-06-12 12:36:00,68.2
2025-06-12 23:07:00,19.8
2025-06-12 10:05:00,40.0
2025-06-12 09:20:00,60.7
2025-06-12 18:00:00,49.1
2025-06-12 04:33:00,96.3
2025-06-12 15:58:00,30.1
2025-06-12 15:12:00,17.6
2025-06-12 23:13:00,21.1
2025-06-12 07:27:00,95.4
2025-06-12 22:27:00,64.1
2025-06-12 07:48:00,91.8
2025-06-12 15:44:00,45.2
2025-06-12 10:44:00,47.2
2025-06-12 09:31:00,49.54486036141751
2025-06-12 12:07:00,4.2
2025-06-12 21:40:00,10.0
2025-06-12 17:18:00,48.0
2025-06-12 23:40:00,59.9
2025-06-12 18:58:00,49.54486036141751
2025-06-12 16:28:00,46.4
2025-06-12 02:03:00,52.6
2025-06-12 02:01:00,17.4
2025-06-12 15:47:00,56.0
2025-06-12 13:33:00,14.0
2025-06-12 09:14:00,58.8
2025-06-12 05:37:00,2.0
2025-06-12 09:50:00,49.54486036141751
2025-06-12 13:07:00,75.2
2025-06-12 03:11:00,49.54486036141751
2025-06-12 08:05:00,85.3
2025-06-12 13:32:00,84.0
2025-06-12 07:11:00,20.5
2025-06-12 16:12:00,29.1
2025-06-12 08:51:00,43.2
2025-06-12 21:04:00,69.9
2025-06-12 21:47:00,42.7
2025-06-12 13:28:00,21.8
2025-06-12 13:59:00,49.6
2025-06-12 01:23:00,64.7
2025-06-12 17:27:00,28.7
2025-06-12 00:24:00,22.3
2025-06-12 01:50:00,39.7
2025-06-12 12:51:00,85.5
2025-06-12 06:44:00,64.0
2025-06-12 00:39:00,49.54486036141751
2025-06-12 20:02:00,49.54486036141751
2025-06-12 11:50:00,49.54486036141751
2025-06-12 05:11:00,17.9
2025-06-12 04:01:00,36.3
2025-06-12 12:50:00,71.1
2025-06-12 02:00:00,3.6
2025-06-12 21:27:00,60.0
2025-06-12 12:45:00,49.54486036141751
2025-06-12 18:41:00,88.0
2025-06-12 17:50:00,39.0
2025-06-12 20:54:00,88.4
2025-06-12 00:32:00,63.7
2025-06-12 06:02:00,80.4
2025-06-12 06:10:00,99.4
2025-06-12 10:30:00,58.0
2025-06-12 00:24:00,56.8
2025-06-12 02:50:00,0.4
2025-06-12 09:01:00,52.7
2025-06-12 12:07:00,8.0
2025-06-12 15:14:00,86.6
2025-06-12 06:13:00,42.1
2025-06-12 15:04:00,7.9
2025-06-12 21:26:00,31.9
2025-06-12 16:03:00,34.7
2025-06-12 11:27:00,13.8
2025-06-12 07:34:00,65.4
2025-06-12 04:16:00,83.9
2025-06-12 18:09:00,12.7
2025-06-12 01:42:00,50.5
2025-06-12 16:53:00,17.2
2025-06-12 17:42:00,92.4
2025-06-12 03:31:00,23.1
2025-06-12 11:11:00,19.4
2025-06-12 14:41:00,96.4
2025-06-12 21:32:00,21.1
2025-06-12 13:08:00,49.54486036141751
2025-06-12 19:05:00,49.54486036141751
2025-06-12 06:47:00,88.5
2025-06-12 07:58:00,38.2
2025-06-12 06:00:00,15.2
2025-06-12 19:53:00,31.2
2025-06-12 00:48:00,80.5
2025-06-12 03:24:00,37.2
2025-06-12 09:37:00,29.7
2025-06-12 22:33:00,29.5
2025-06-12 09:00:00,1.0
2025-06-12 15:43:00,25.2
2025-06-12 07:51:00,49.54486036141751
2025-06-12 00:09:00,13.1
2025-06-12 18:45:00,90.9
2025-06-12 12:14:00,48.8
2025-06-12 21:14:00,49.54486036141751
2025-06-12 21:43:00,59.3
2025-06-12 16:48:00,99.5
2025-06-12 17:35:00,49.54486036141751
2025-06-12 20:55:00,49.54486036141751
2025-06-12 14:46:00,88.8
2025-06-12 07:58:00,85.2
2025-06-12 21:28:00,18.7
2025-06-12 19:18:00,47.2
2025-06-12 23:21:00,99.1
2025-06-12 02:36:00,35.7
2025-06-12 07:59:00,5.8
2025-06-12 02:49:00,75.1
2025-06-12 07:54:00,72.0
2025-06-12 04:14:00,57.8
2025-06-12 23:24:00,36.5
2025-06-12 00:55:00,98.9
2025-06-12 19:14:00,60.9
2025-06-12 07:14:00,8.4
2025-06-12 02:58:00,4.1
2025-06-12 13:05:00,46.4
2025-06-12 07:00:00,28.3
2025-06-12 21:29:00,94.9
2025-06-12 07:40:00,48.5
2025-06-12 21:27:00,49.54486036141751
2025-06-12 07:47:00,79.2
2025-06-12 01:54:00,6.5
2025-06-12 06:04:00,29.0
2025-06-12 10:26:00,90.3
2025-06-12 08:35:00,93.4
2025-06-12 17:50:00,31.4
2025-06-12 07:03:00,68.9
2025-06-12 01:24:00,84.0
2025-06-12 23:59:00,13.9
2025-06-12 00:56:00,58.2
2025-06-12 00:14:00,80.0
2025-06-12 16:06:00,41.3
2025-06-12 08:04:00,13.2
2025-06-12 19:50:00,22.9
2025-06-12 08:33:00,0.3
2025-06-12 17:38:00,85.4
2025-06-12 12:45:00,91.8
2025-06-12 09:37:00,54.9
2025-06-12 22:14:00,32.0
2025-06-12 21:17:00,93.0
2025-06-12 12:00:00,60.7
2025-06-12 13:10:00,53.1
2025-06-12 16:49:00,39.3
2025-06-12 21:35:00,10.2
2025-06-12 04:35:00,14.0
2025-06-12 20:17:00,56.7
2025-06-12 22:06:00,69.8
2025-06-12 02:40:00,97.1
2025-06-12 07:06:00,6.1
2025-06-12 17:09:00,20.3
2025-06-12 14:22:00,80.2
2025-06-12 10:51:00,80.7
2025-06-12 06:07:00,53.7
2025-06-12 09:22:00,49.54486036141751
2025-06-12 05:13:00,49.54486036141751
2025-06-12 17:00:00,62.5
2025-06-12 08:25:00,59.3
2025-06-12 22:16:00,80.0
2025-06-12 00:58:00,28.4
2025-06-12 23:19:00,49.54486036141751
2025-06-12 04:08:00,49.54486036141751
2025-06-12 07:22:00,33.2
2025-06-12 00:44:00,49.54486036141751
2025-06-12 14:54:00,94.6
2025-06-12 10:22:00,69.6
2025-06-12 16:38:00,12.2
2025-06-12 08:21:00,36.3
2025-06-12 05:40:00,49.54486036141751
2025-06-12 05:00:00,72.4
2025-06-12 00:15:00,19.2
2025-06-12 21:58:00,98.5
2025-06-12 02:07:00,89.2
2025-06-12 09:51:00,49.54486036141751
2025-06-12 12:41:00,63.3
2025-06-12 09:46:00,16.2
2025-06-12 23:07:00,74.3
2025-06-12 13:07:00,53.0
2025-06-12 10:57:00,20.5
2025-06-12 00:31:00,49.54486036141751
2025-06-12 17:18:00,3.5
2025-06-12 16:11:00,44.3
2025-06-12 07:17:00,3.1
2025-06-12 00:24:00,21.4
2025-06-12 20:32:00,47.1
2025-06-12 18:53:00,66.1
2025-06-12 19:05:00,17.3
2025-06-12 20:57:00,43.2
2025-06-12 13:25:00,83.7
2025-06-12 07:23:00,50.1
2025-06-12 13:30:00,62.1
2025-06-12 04:20:00,90.2
2025-06-12 06:28:00,52.4
2025-06-12 18:20:00,1.5
2025-06-12 06:24:00,76.9
2025-06-12 17:04:00,49.54486036141751
2025-06-12 18:38:00,71.7
2025-06-12 13:04:00,67.7
2025-06-12 15:00:00,55.1
2025-06-12 18:04:00,85.4
2025-06-12 07:52:00,47.4
2025-06-12 01:08:00,49.54486036141751
2025-06-12 23:12:00,49.54486036141751
2025-06-12 02:46:00,49.54486036141751
2025-06-12 01:53:00,49.54486036141751
2025-06-12 01:38:00,88.4
2025-06-12 08:00:00,32.1
2025-06-12 00:56:00,81.7
2025-06-12 10:38:00,52.9
2025-06-12 07:09:00,74.0
2025-06-12 22:07:00,41.5
2025-06-12 23:14:00,96.4
2025-06-12 05:05:00,18.0
2025-06-12 13:31:00,32.8
2025-06-12 15:54:00,8.1
2025-06-12 08:22:00,58.1
2025-06-12 03:03:00,45.7
2025-06-12 19:29:00,74.3
2025-06-12 00:22:00,17.6
2025-06-12 20:39:00,21.3
2025-06-12 06:13:00,10.5
2025-06-12 12:47:00,55.0
2025-06-12 21:27:00,93.5
2025-06-12 08:27:00,50.136426804852206
2025-06-12 23:09:00,4.7
2025-06-12 11:52:00,1.2
2025-06-12 09:04:00,50.136426804852206
2025-06-12 17:37:00,40.3
2025-06-12 13:52:00,92.2
2025-06-12 17:35:00,76.0
2025-06-12 11:51:00,49.1
2025-06-12 13:21:00,54.0
2025-06-12 23:01:00,46.9
2025-06-12 06:23:00,17.7
2025-06-12 02:29:00,73.7
2025-06-12 05:18:00,85.0
2025-06-12 15:36:00,19.5
2025-06-12 12:49:00,43.4
2025-06-12 00:53:00,50.136426804852206
2025-06-12 01:39:00,74.8
2025-06-12 07:48:00,42.1
2025-06-12 02:26:00,21.4
2025-06-12 04:17:00,50.136426804852206
2025-06-12 01:46:00,62.2
2025-06-12 19:21:00,16.9
2025-06-12 21:41:00,50.136426804852206
2025-06-12 12:13:00,0.0
2025-06-12 16:36:00,64.4
2025-06-12 08:06:00,22.1
2025-06-12 21:47:00,64.7
2025-06-12 23:48:00,87.1
2025-06-12 07:06:00,50.136426804852206
2025-06-12 00:38:00,28.6
2025-06-12 15:25:00,52.2
2025-06-12 21:19:00,16.6
2025-06-12 11:56:00,9.9
2025-06-12 15:28:00,50.8
2025-06-12 04:25:00,70.0
2025-06-12 07:57:00,60.0
2025-06-12 00:19:00,28.1
2025-06-12 18:14:00,95.8
2025-06-12 15:32:00,46.0
2025-06-12 02:33:00,19.9
2025-06-12 18:25:00,74.6
2025-06-12 05:05:00,14.1
2025-06-12 15:49:00,81.4
2025-06-12 16:28:00,11.5
2025-06-12 11:10:00,94.2
2025-06-12 00:02:00,42.8
2025-06-12 02:12:00,90.3
2025-06-12 18:07:00,18.3
2025-06-12 10:58:00,71.3
2025-06-12 21:27:00,3.5
2025-06-12 23:02:00,50.136426804852206
2025-06-12 03:34:00,50.136426804852206
2025-06-12 01:52:00,90.6
2025-06-12 11:50:00,50.136426804852206
2025-06-12 17:31:00,50.136426804852206
2025-06-12 16:22:00,46.9
2025-06-12 20:10:00,13.0
2025-06-12 23:03:00,50.136426804852206
2025-06-12 00:59:00,17.7
2025-06-12 23:38:00,28.5
2025-06-12 06:32:00,92.1
2025-06-12 17:53:00,92.2
2025-06-12 21:27:00,69.9
2025-06-12 06:00:00,60.3
2025-06-12 10:59:00,50.136426804852206
2025-06-12 16:39:00,77.4
2025-06-12 23:22:00,89.5
2025-06-12 11:06:00,50.136426804852206
2025-06-12 02:21:00,22.6
2025-06-12 07:42:00,9.1
2025-06-12 17:38:00,70.5
2025-06-12 19:01:00,50.136426804852206
2025-06-12 07:50:00,90.6
2025-06-12 19:25:00,74.7
2025-06-12 22:07:00,50.136426804852206
2025-06-12 03:33:00,90.1
2025-06-12 11:37:00,82.9
2025-06-12 11:39:00,17.1
2025-06-12 21:17:00,91.4
2025-06-12 00:36:00,42.2
2025-06-12 08:53:00,64.4
2025-06-12 22:32:00,50.136426804852206
2025-06-12 22:50:00,72.7
2025-06-12 10:21:00,48.3
2025-06-12 04:43:00,39.6
2025-06-12 15:31:00,20.0
2025-06-12 17:46:00,6.0
2025-06-12 09:53:00,50.136426804852206
2025-06-12 16:20:00,57.4
2025-06-12 03:24:00,8.6
2025-06-12 22:48:00,50.136426804852206
2025-06-12 01:04:00,42.7
2025-06-12 18:55:00,34.4
2025-06-12 12:33:00,50.136426804852206
2025-06-12 18:51:00,40.5
2025-06-12 14:33:00,81.0
2025-06-12 10:45:00,50.136426804852206
2025-06-12 09:08:00,91.3
2025-06-12 22:59:00,90.5
2025-06-12 08:33:00,35.7
2025-06-12 12:57:00,48.8
2025-06-12 16:33:00,66.7
2025-06-12 16:59:00,96.5
2025-06-12 00:35:00,72.5
2025-06-12 19:06:00,59.6
2025-06-12 15:34:00,35.1
2025-06-12 10:02:00,10.2
2025-06-12 00:04:00,27.1
2025-06-12 20:32:00,87.7
2025-06-12 08:28:00,77.1
2025-06-12 15:09:00,92.6
2025-06-12 11:05:00,90.3
2025-06-12 13:31:00,97.3
2025-06-12 03:16:00,78.1
2025-06-12 07:29:00,50.136426804852206
2025-06-12 06:59:00,96.0
2025-06-12 21:33:00,7.7
2025-06-12 06:47:00,15.5
2025-06-12 02:41:00,72.9
2025-06-12 23:41:00,76.5
2025-06-12 03:14:00,11.0
2025-06-12 13:51:00,88.2
2025-06-12 04:38:00,4.5
2025-06-12 15:16:00,70.7
2025-06-12 18:03:00,50.136426804852206
2025-06-12 20:02:00,71.7
2025-06-12 03:13:00,49.9
2025-06-12 05:27:00,4.4
2025-06-12 14:12:00,68.2
2025-06-12 22:48:00,12.0
2025-06-12 00:29:00,50.136426804852206
2025-06-12 11:20:00,50.136426804852206
2025-06-12 22:21:00,24.9
2025-06-12 01:40:00,50.136426804852206
2025-06-12 21:58:00,82.2
2025-06-12 01:01:00,65.2
2025-06-12 19:33:00,42.1
2025-06-12 16:42:00,59.3
2025-06-12 04:02:00,50.136426804852206
2025-06-12 00:05:00,70.5
2025-06-12 04:11:00,4.9
2025-06-12 00:48:00,43.4
2025-06-12 06:47:00,20.0
2025-06-12 21:27:00,94.7
2025-06-12 18:11:00,50.136426804852206
2025-06-12 18:00:00,61.0
2025-06-12 15:39:00,4.6
2025-06-12 01:30:00,62.5
2025-06-12 15:34:00,57.5
2025-06-12 06:25:00,50.136426804852206
2025-06-12 20:04:00,24.4
2025-06-12 06:19:00,84.3
2025-06-12 09:13:00,11.1
2025-06-12 04:32:00,57.8
2025-06-12 07:26:00,43.8
2025-06-12 06:40:00,69.9
2025-06-12 00:36:00,43.1
2025-06-12 23:17:00,63.0
2025-06-12 18:54:00,49.9
2025-06-12 11:58:00,41.8
2025-06-12 10:03:00,76.4
2025-06-12 12:45:00,45.6
2025-06-12 21:38:00,35.2
2025-06-12 00:17:00,54.3
2025-06-12 11:06:00,23.7
2025-06-12 05:08:00,83.6
2025-06-12 14:33:00,55.0
2025-06-12 19:02:00,64.1
2025-06-12 20:17:00,78.4
2025-06-12 04:11:00,23.6
2025-06-12 10:35:00,27.0
2025-06-12 10:09:00,50.136426804852206
2025-06-12 16:17:00,85.2
2025-06-12 04:41:00,50.136426804852206
2025-06-12 17:13:00,4.0
2025-06-12 21:54:00,96.8
2025-06-12 14:03:00,44.5
2025-06-12 21:45:00,21.3
2025-06-12 10:36:00,30.6
2025-06-12 09:51:00,74.1
2025-06-12 22:16:00,80.4
2025-06-12 15:35:00,42.2
2025-06-12 15:09:00,2.6
2025-06-12 03:30:00,88.8
2025-06-12 16:39:00,34.5
2025-06-12 07:00:00,42.2
2025-06-12 08:57:00,85.4
2025-06-12 07:14:00,50.136426804852206
2025-06-12 02:08:00,49.1
2025-06-12 19:34:00,44.0
2025-06-12 17:42:00,50.136426804852206
2025-06-12 08:51:00,42.1
2025-06-12 18:33:00,93.6
2025-06-12 21:39:00,79.9
2025-06-12 17:59:00,75.2
2025-06-12 01:07:00,94.9
2025-06-12 00:09:00,50.136426804852206
2025-06-12 16:49:00,59.0
2025-06-12 17:21:00,7.8
2025-06-12 03:19:00,50.136426804852206
2025-06-12 20:05:00,55.6
2025-06-12 23:14:00,50.136426804852206
2025-06-12 13:08:00,62.5
2025-06-12 04:17:00,2.3
2025-06-12 17:25:00,72.1
2025-06-12 01:48:00,50.136426804852206
2025-06-12 05:16:00,27.5
2025-06-12 03:44:00,50.136426804852206
2025-06-12 05:42:00,50.136426804852206
2025-06-12 21:49:00,36.1
2025-06-12 13:07:00,17.5
2025-06-12 09:21:00,15.4
2025-06-12 07:00:00,4.9
2025-06-12 23:21:00,52.5
2025-06-12 08:57:00,32.0
2025-06-12 05:32:00,59.0
2025-06-12 15:25:00,5.0
2025-06-12 16:22:00,3.5
2025-06-12 17:38:00,98.7
2025-06-12 05:54:00,1.8
2025-06-12 17:55:00,30.8
2025-06-12 01:42:00,49.9
2025-06-12 18:24:00,43.1
2025-06-12 23:43:00,50.136426804852206
2025-06-12 05:12:00,67.3
2025-06-12 12:40:00,25.7
2025-06-12 19:57:00,90.4
2025-06-12 04:16:00,50.136426804852206
2025-06-12 12:11:00,23.4
2025-06-12 01:45:00,50.9
2025-06-12 07:51:00,14.3
2025-06-12 17:15:00,50.136426804852206
2025-06-12 10:03:00,31.6
2025-06-12 05:36:00,88.2
2025-06-12 13:33:00,50.136426804852206
2025-06-12 00:02:00,13.0
2025-06-12 12:06:00,48.0
2025-06-12 10:54:00,50.136426804852206
2025-06-12 17:32:00,26.6
2025-06-12 19:12:00,58.6
2025-06-12 07:53:00,23.0
2025-06-12 15:43:00,12.1
2025-06-12 19:43:00,97.6
2025-06-12 02:51:00,31.2
2025-06-12 20:38:00,39.9
2025-06-12 08:17:00,50.136426804852206
2025-06-12 22:29:00,40.8
2025-06-12 00:19:00,50.136426804852206
2025-06-12 11:30:00,45.2
2025-06-12 12:56:00,50.136426804852206
2025-06-12 23:27:00,87.2
2025-06-12 13:12:00,85.7
2025-06-12 13:34:00,52.8
2025-06-12 16:17:00,87.8
2025-06-12 19:27:00,50.136426804852206
2025-06-12 11:36:00,54.9
2025-06-12 07:46:00,71.7
2025-06-12 14:43:00,8.2
2025-06-12 14:24:00,47.1
2025-06-12 23:12:00,37.3
2025-06-12 08:36:00,43.5
2025-06-12 19:50:00,33.1
2025-06-12 18:10:00,29.7
2025-06-12 12:23:00,90.7
2025-06-12 02:59:00,2.8
2025-06-12 04:40:00,50.136426804852206
2025-06-12 10:03:00,52.3
2025-06-12 06:31:00,12.3
2025-06-12 09:36:00,76.4
2025-06-12 21:04:00,50.136426804852206
2025-06-12 23:51:00,62.9
2025-06-12 23:40:00,50.136426804852206
2025-06-12 09:38:00,4.9
2025-06-12 11:55:00,61.2
2025-06-12 17:01:00,89.8
2025-06-12 23:47:00,71.3
2025-06-12 23:28:00,75.7
2025-06-12 23:11:00,78.0
2025-06-12 16:59:00,50.136426804852206
2025-06-12 01:21:00,55.0
2025-06-12 22:10:00,70.4
2025-06-12 03:51:00,40.4
2025-06-12 03:17:00,61.4
2025-06-12 02:01:00,31.5
2025-06-12 09:37:00,44.2
2025-06-12 12:30:00,63.8
2025-06-12 02:03:00,58.9
2025-06-12 19:04:00,50.136426804852206
2025-06-12 14:33:00,5.7
2025-06-12 23:13:00,15.6
2025-06-12 10:33:00,4.8
2025-06-12 17:20:00,88.6
2025-06-12 09:58:00,50.136426804852206
2025-06-12 19:53:00,31.6
2025-06-12 09:17:00,37.5
2025-06-12 01:28:00,25.5
2025-06-12 23:23:00,18.9
2025-06-12 17:00:00,33.7
2025-06-12 19:33:00,93.1
2025-06-12 22:02:00,13.1
2025-06-12 06:14:00,40.6
2025-06-12 13:53:00,35.2
2025-06-12 23:36:00,28.2
2025-06-12 14:18:00,36.7
2025-06-12 23:23:00,50.136426804852206
2025-06-12 07:36:00,50.136426804852206
2025-06-12 05:09:00,18.5
2025-06-12 04:16:00,29.9
2025-06-12 19:12:00,81.3
2025-06-12 15:32:00,4.9
2025-06-12 01:45:00,36.8
2025-06-12 18:08:00,10.4
2025-06-12 14:34:00,69.0
2025-06-12 18:52:00,50.136426804852206
2025-06-12 21:56:00,11.4
2025-06-12 17:55:00,72.7
2025-06-12 20:43:00,1.1
2025-06-12 14:15:00,99.9
2025-06-12 14:20:00,50.136426804852206
2025-06-12 02:30:00,84.1
2025-06-12 16:46:00,94.8
2025-06-12 11:11:00,67.8
2025-06-12 23:20:00,80.0
2025-06-12 05:10:00,86.8
2025-06-12 11:15:00,50.136426804852206
2025-06-12 23:26:00,35.4
2025-06-12 02:54:00,61.3
2025-06-12 12:32:00,90.1
2025-06-12 04:08:00,64.8
2025-06-12 03:55:00,21.7
2025-06-12 21:18:00,37.7
2025-06-12 15:57:00,10.1
2025-06-12 03:43:00,7.9
2025-06-12 10:15:00,50.037891637220255
2025-06-12 11:37:00,30.0
2025-06-12 13:32:00,40.6
2025-06-12 03:23:00,65.5
2025-06-12 19:12:00,37.6
2025-06-12 11:27:00,60.9
2025-06-12 06:43:00,43.5
2025-06-12 19:44:00,56.8
2025-06-12 23:51:00,55.2
2025-06-12 04:05:00,15.5
2025-06-12 14:10:00,26.7
2025-06-12 19:31:00,4.2
2025-06-12 17:01:00,23.0
2025-06-12 02:28:00,50.037891637220255
2025-06-12 14:20:00,96.7
2025-06-12 07:38:00,20.7
2025-06-12 11:34:00,6.9
2025-06-12 11:22:00,50.0
2025-06-12 15:06:00,68.7
2025-06-12 17:56:00,50.037891637220255
2025-06-12 05:38:00,4.9
2025-06-12 02:23:00,39.1
2025-06-12 18:16:00,10.2
2025-06-12 10:02:00,50.037891637220255
2025-06-12 02:39:00,10.9
2025-06-12 21:51:00,47.9
2025-06-12 17:38:00,50.037891637220255
2025-06-12 23:11:00,63.7
2025-06-12 16:36:00,32.9
2025-06-12 11:11:00,50.037891637220255
2025-06-12 11:31:00,83.6
2025-06-12 08:07:00,72.1
2025-06-12 20:58:00,79.4
2025-06-12 11:56:00,43.4
2025-06-12 22:09:00,57.7
2025-06-12 19:20:00,11.0
2025-06-12 17:13:00,76.7
2025-06-12 01:39:00,11.8
2025-06-12 12:09:00,7.3
2025-06-12 13:20:00,66.9
2025-06-12 15:17:00,76.0
2025-06-12 16:48:00,90.1
2025-06-12 00:48:00,23.6
2025-06-12 05:16:00,40.3
2025-06-12 00:56:00,43.1
2025-06-12 19:25:00,95.8
2025-06-12 14:19:00,2.1
2025-06-12 19:25:00,38.6
2025-06-12 07:28:00,58.2
2025-06-12 10:25:00,50.037891637220255
2025-06-12 16:07:00,0.6
2025-06-12 22:54:00,11.4
2025-06-12 10:22:00,10.2
2025-06-12 23:24:00,50.037891637220255
2025-06-12 14:38:00,99.1
2025-06-12 04:21:00,35.0
2025-06-12 14:00:00,50.037891637220255
2025-06-12 22:07:00,65.3
2025-06-12 13:17:00,77.2
2025-06-12 12:45:00,43.8
2025-06-12 14:40:00,50.037891637220255
2025-06-12 04:36:00,87.3
2025-06-12 04:03:00,17.7
2025-06-12 22:14:00,50.037891637220255
2025-06-12 03:18:00,2.2
2025-06-12 10:42:00,7.1
2025-06-12 05:38:00,33.0
2025-06-12 21:01:00,34.5
2025-06-12 06:49:00,94.9
2025-06-12 06:55:00,50.6
2025-06-12 12:38:00,50.037891637220255
2025-06-12 11:39:00,68.6
2025-06-12 11:20:00,11.1
2025-06-12 20:59:00,53.0
2025-06-12 23:42:00,50.037891637220255
2025-06-12 13:49:00,68.1
2025-06-12 20:33:00,20.4
2025-06-12 10:36:00,50.037891637220255
2025-06-12 01:31:00,84.8
2025-06-12 17:22:00,2.5
2025-06-12 19:59:00,50.037891637220255
2025-06-12 00:10:00,76.5
2025-06-12 10:13:00,10.8
2025-06-12 20:38:00,47.8
2025-06-12 12:35:00,13.5
2025-06-12 04:36:00,12.3
2025-06-12 01:20:00,44.3
2025-06-12 13:07:00,58.6
2025-06-12 20:48:00,57.4
2025-06-12 03:04:00,15.3
2025-06-12 06:45:00,19.8
2025-06-12 15:20:00,50.037891637220255
2025-06-12 05:16:00,28.5
2025-06-12 19:07:00,97.6
2025-06-12 20:35:00,20.5
2025-06-12 16:09:00,85.1
2025-06-12 12:51:00,10.5
2025-06-12 07:29:00,40.3
2025-06-12 00:23:00,50.037891637220255
2025-06-12 13:27:00,48.4
2025-06-12 16:27:00,66.9
2025-06-12 23:03:00,50.037891637220255
2025-06-12 07:13:00,50.037891637220255
2025-06-12 00:13:00,82.3
2025-06-12 17:12:00,27.7
2025-06-12 19:37:00,67.6
2025-06-12 13:19:00,48.3
2025-06-12 12:18:00,29.1
2025-06-12 05:09:00,50.037891637220255
2025-06-12 03:13:00,22.3
2025-06-12 00:30:00,50.037891637220255
2025-06-12 23:25:00,65.0
2025-06-12 20:51:00,50.037891637220255
2025-06-12 03:12:00,50.037891637220255
2025-06-12 09:16:00,83.1
2025-06-12 00:38:00,41.6
2025-06-12 02:08:00,50.037891637220255
2025-06-12 14:36:00,50.037891637220255
2025-06-12 23:27:00,18.5
2025-06-12 12:26:00,77.0
2025-06-12 01:48:00,74.9
2025-06-12 04:22:00,42.6
2025-06-12 16:57:00,27.8
2025-06-12 11:15:00,92.1
2025-06-12 23:56:00,50.037891637220255
2025-06-12 05:16:00,50.037891637220255
2025-06-12 14:22:00,82.7
2025-06-12 22:33:00,50.037891637220255
2025-06-12 21:01:00,75.8
2025-06-12 20:01:00,43.3
2025-06-12 17:21:00,36.8
2025-06-12 23:24:00,68.1
2025-06-12 14:13:00,35.3
2025-06-12 11:33:00,35.2
2025-06-12 15:51:00,71.0
2025-06-12 20:46:00,7.6
2025-06-12 05:59:00,50.037891637220255
2025-06-12 06:16:00,68.7
2025-06-12 11:10:00,52.4
2025-06-12 23:49:00,12.9
2025-06-12 09:15:00,39.0
2025-06-12 16:44:00,16.8
2025-06-12 07:26:00,76.1
2025-06-12 10:22:00,84.0
2025-06-12 02:09:00,34.7
2025-06-12 04:13:00,7.5
2025-06-12 17:34:00,80.1
2025-06-12 09:38:00,46.1
2025-06-12 10:39:00,35.9
2025-06-12 15:14:00,16.2
2025-06-12 03:31:00,21.4
2025-06-12 13:45:00,65.5
2025-06-12 09:31:00,5.5
2025-06-12 15:31:00,19.3
2025-06-12 01:55:00,68.4
2025-06-12 16:40:00,46.5
2025-06-12 03:34:00,81.5
2025-06-12 01:43:00,50.037891637220255
2025-06-12 03:45:00,50.037891637220255
2025-06-12 02:50:00,70.2
2025-06-12 15:27:00,75.1
2025-06-12 13:57:00,53.9
2025-06-12 22:26:00,42.6
2025-06-12 11:01:00,18.7
2025-06-12 10:40:00,80.6
2025-06-12 01:42:00,56.9
2025-06-12 19:38:00,99.1
2025-06-12 01:48:00,50.037891637220255
2025-06-12 07:14:00,72.7
2025-06-12 23:56:00,80.2
2025-06-12 03:56:00,91.5
2025-06-12 06:21:00,81.2
2025-06-12 14:04:00,95.1
2025-06-12 03:34:00,38.8
2025-06-12 05:41:00,93.3
2025-06-12 21:39:00,48.9
2025-06-12 18:46:00,42.8
2025-06-12 14:20:00,55.2
2025-06-12 14:57:00,50.037891637220255
2025-06-12 18:10:00,14.1
2025-06-12 18:39:00,42.4
2025-06-12 04:34:00,90.0
2025-06-12 13:08:00,14.4
2025-06-12 01:26:00,51.0
2025-06-12 05:46:00,26.0
2025-06-12 23:41:00,50.037891637220255
2025-06-12 13:01:00,93.6
2025-06-12 14:13:00,85.5
2025-06-12 04:45:00,82.5
2025-06-12 16:47:00,50.037891637220255
2025-06-12 12:02:00,73.0
2025-06-12 07:38:00,36.7
2025-06-12 22:28:00,76.4
2025-06-12 05:37:00,50.037891637220255
2025-06-12 09:37:00,28.9
2025-06-12 06:22:00,47.8
2025-06-12 09:30:00,93.2
2025-06-12 03:48:00,1.7
2025-06-12 11:46:00,84.7
2025-06-12 12:43:00,28.6
2025-06-12 12:20:00,33.5
2025-06-12 21:44:00,20.3
2025-06-12 22:36:00,9.2
2025-06-12 08:14:00,15.8
2025-06-12 15:38:00,81.4
2025-06-12 03:04:00,92.3
2025-06-12 01:53:00,0.8
2025-06-12 15:43:00,81.5
2025-06-12 06:46:00,38.5
2025-06-12 00:26:00,12.9
2025-06-12 15:57:00,81.1
2025-06-12 11:56:00,50.037891637220255
2025-06-12 10:50:00,43.8
2025-06-12 03:25:00,68.4
2025-06-12 21:52:00,69.5
2025-06-12 11:07:00,50.037891637220255
2025-06-12 09:45:00,56.9
2025-06-12 09:36:00,95.0
2025-06-12 19:20:00,11.7
2025-06-12 09:52:00,26.4
2025-06-12 01:58:00,61.7
2025-06-12 06:08:00,68.3
2025-06-12 07:59:00,50.0
2025-06-12 10:06:00,98.1
2025-06-12 15:22:00,17.3
2025-06-12 04:59:00,56.7
2025-06-12 06:22:00,55.0
2025-06-12 18:49:00,60.8
2025-06-12 23:20:00,6.1
2025-06-12 04:58:00,84.6
2025-06-12 00:20:00,10.6
2025-06-12 15:10:00,50.037891637220255
2025-06-12 06:22:00,30.0
2025-06-12 16:30:00,64.9
2025-06-12 19:21:00,12.4
2025-06-12 05:49:00,4.8
2025-06-12 14:08:00,76.0
2025-06-12 11:56:00,50.037891637220255
2025-06-12 16:48:00,21.8
2025-06-12 16:43:00,65.7
2025-06-12 07:51:00,50.037891637220255
2025-06-12 08:39:00,50.037891637220255
2025-06-12 22:39:00,15.8
2025-06-12 04:35:00,70.9
2025-06-12 15:04:00,85.7
2025-06-12 02:30:00,59.8
2025-06-12 03:39:00,52.8
2025-06-12 15:59:00,37.9
2025-06-12 08:54:00,84.2
2025-06-12 02:26:00,26.1
2025-06-12 19:22:00,39.9
2025-06-12 02:42:00,69.4
2025-06-12 02:17:00,50.037891637220255
2025-06-12 00:48:00,24.7
2025-06-12 04:16:00,56.5
2025-06-12 17:59:00,35.5
2025-06-12 02:09:00,27.2
2025-06-12 10:16:00,12.8
2025-06-12 03:57:00,50.037891637220255
2025-06-12 16:47:00,15.5
2025-06-12 13:06:00,85.8
2025-06-12 17:10:00,93.3
2025-06-12 15:15:00,82.7
2025-06-12 22:17:00,0.6
2025-06-12 18:53:00,19.7
2025-06-12 15:09:00,73.8
2025-06-12 03:41:00,26.0
2025-06-12 21:21:00,87.4
2025-06-12 08:50:00,50.037891637220255
2025-06-12 00:30:00,62.5
2025-06-12 13:09:00,90.1
2025-06-12 14:28:00,3.8
2025-06-12 16:37:00,78.7
2025-06-12 21:19:00,15.1
2025-06-12 15:47:00,47.3
2025-06-12 03:44:00,60.3
2025-06-12 08:43:00,93.3
2025-06-12 16:53:00,68.4
2025-06-12 03:01:00,61.8
2025-06-12 19:53:00,44.1
2025-06-12 05:47:00,46.1
2025-06-12 10:44:00,50.037891637220255
2025-06-12 08:00:00,1.7
2025-06-12 07:12:00,50.037891637220255
2025-06-12 19:27:00,17.5
2025-06-12 20:08:00,50.037891637220255
2025-06-12 22:00:00,72.6
2025-06-12 00:45:00,78.2
2025-06-12 21:33:00,81.2
2025-06-12 00:28:00,14.4
2025-06-12 16:00:00,17.1
2025-06-12 16:50:00,50.037891637220255
2025-06-12 09:24:00,50.037891637220255
2025-06-12 18:50:00,37.6
2025-06-12 16:16:00,30.7
2025-06-12 06:33:00,41.0
2025-06-12 23:40:00,42.0
2025-06-12 13:37:00,42.9
2025-06-12 18:45:00,30.9
2025-06-12 20:41:00,75.0
2025-06-12 18:34:00,78.4
2025-06-12 10:39:00,50.037891637220255
2025-06-12 06:41:00,41.7
2025-06-12 06:52:00,42.9
2025-06-12 22:21:00,20.1
2025-06-12 07:18:00,12.1
2025-06-12 13:30:00,84.3
2025-06-12 07:32:00,54.4
2025-06-12 13:58:00,1.8
2025-06-12 05:01:00,8.7
2025-06-12 07:21:00,96.2
2025-06-12 06:15:00,62.3
2025-06-12 04:56:00,15.7
2025-06-12 10:22:00,75.1
2025-06-12 19:13:00,89.8
2025-06-12 01:45:00,40.9
2025-06-12 05:45:00,88.4
2025-06-12 23:22:00,28.2
2025-06-12 17:48:00,72.6
2025-06-12 14:11:00,1.3
2025-06-12 13:09:00,99.5
2025-06-12 09:13:00,99.3
2025-06-12 15:09:00,3.7
2025-06-12 10:57:00,23.3
2025-06-12 05:30:00,41.4
2025-06-12 00:59:00,63.7
2025-06-12 17:33:00,50.037891637220255
2025-06-12 16:09:00,73.8
2025-06-12 08:17:00,49.0
2025-06-12 04:43:00,25.6
2025-06-12 06:32:00,39.5
2025-06-12 17:46:00,62.6
2025-06-12 21:35:00,96.0
2025-06-12 06:58:00,21.3
2025-06-12 10:47:00,79.6
2025-06-12 10:07:00,48.7
2025-06-12 07:10:00,50.037891637220255
2025-06-12 11:41:00,50.037891637220255
2025-06-12 21:12:00,21.0
2025-06-12 21:49:00,5.1
2025-06-12 02:07:00,50.037891637220255
2025-06-12 13:14:00,3.8
2025-06-12 04:49:00,2.7
2025-06-12 19:20:00,99.8
2025-06-12 15:22:00,2.5
2025-06-12 06:53:00,32.2
2025-06-12 15:57:00,43.0
2025-06-12 03:01:00,43.7
2025-06-12 01:32:00,22.1
2025-06-12 02:29:00,21.4
2025-06-12 17:48:00,43.2
2025-06-12 20:21:00,50.60542317173377
2025-06-12 11:54:00,93.9
2025-06-12 08:13:00,98.6
2025-06-12 06:23:00,60.1
2025-06-12 10:33:00,79.7
2025-06-12 19:48:00,50.60542317173377
2025-06-12 03:27:00,1.0
2025-06-12 21:50:00,50.60542317173377
2025-06-12 03:14:00,89.5
2025-06-12 10:19:00,86.2
2025-06-12 12:49:00,42.8
2025-06-12 21:13:00,32.9
2025-06-12 09:21:00,2.9
2025-06-12 11:18:00,50.60542317173377
2025-06-12 10:42:00,82.5
2025-06-12 11:32:00,20.9
2025-06-12 10:49:00,4.9
2025-06-12 00:04:00,74.9
2025-06-12 02:51:00,21.1
2025-06-12 06:04:00,62.1
2025-06-12 16:23:00,11.2
2025-06-12 20:33:00,64.6
2025-06-12 19:09:00,3.2
2025-06-12 11:03:00,67.0
2025-06-12 22:54:00,78.4
2025-06-12 12:03:00,50.60542317173377
2025-06-12 17:27:00,50.60542317173377
2025-06-12 00:46:00,96.1
2025-06-12 10:46:00,19.3
2025-06-12 10:05:00,50.60542317173377
2025-06-12 17:26:00,18.2
2025-06-12 10:42:00,56.5
2025-06-12 10:09:00,80.7
2025-06-12 11:19:00,63.1
2025-06-12 23:54:00,67.3
2025-06-12 19:45:00,45.9
2025-06-12 05:46:00,50.60542317173377
2025-06-12 02:09:00,65.1
2025-06-12 23:09:00,35.1
2025-06-12 00:39:00,96.7
2025-06-12 19:37:00,50.60542317173377
2025-06-12 07:57:00,67.5
2025-06-12 21:13:00,11.0
2025-06-12 07:55:00,82.3
2025-06-12 11:25:00,50.60542317173377
2025-06-12 14:41:00,3.7
2025-06-12 09:13:00,59.9
2025-06-12 12:28:00,86.4
2025-06-12 10:38:00,40.3
2025-06-12 08:58:00,27.7
2025-06-12 13:29:00,99.9
2025-06-12 19:38:00,3.0
2025-06-12 16:02:00,48.5
2025-06-12 06:48:00,50.60542317173377
2025-06-12 23:21:00,12.2
2025-06-12 20:12:00,26.5
2025-06-12 06:45:00,96.3
2025-06-12 14:07:00,50.60542317173377
2025-06-12 08:31:00,54.9
2025-06-12 15:51:00,50.60542317173377
2025-06-12 23:38:00,84.8
2025-06-12 13:06:00,51.4
2025-06-12 20:42:00,71.9
2025-06-12 05:26:00,50.60542317173377
2025-06-12 21:01:00,37.9
2025-06-12 16:12:00,35.2
2025-06-12 05:52:00,14.4
2025-06-12 20:35:00,76.4
2025-06-12 19:07:00,27.4
2025-06-12 10:51:00,45.2
2025-06-12 15:41:00,32.0
2025-06-12 12:34:00,48.2
2025-06-12 11:02:00,59.1
2025-06-12 18:43:00,50.60542317173377
2025-06-12 18:53:00,99.0
2025-06-12 16:55:00,27.6
2025-06-12 22:27:00,17.8
2025-06-12 14:16:00,76.3
2025-06-12 06:38:00,50.60542317173377
2025-06-12 05:09:00,53.1
2025-06-12 13:08:00,46.3
2025-06-12 21:41:00,30.4
2025-06-12 23:27:00,79.3
2025-06-12 19:03:00,85.9
2025-06-12 21:49:00,39.1
2025-06-12 07:45:00,76.2
2025-06-12 09:48:00,64.8
2025-06-12 22:28:00,97.4
2025-06-12 07:35:00,50.60542317173377
2025-06-12 19:36:00,56.8
2025-06-12 08:38:00,57.8
2025-06-12 18:06:00,74.6
2025-06-12 10:48:00,2.8
2025-06-12 11:51:00,10.5
2025-06-12 06:00:00,50.60542317173377
2025-06-12 18:34:00,28.6
2025-06-12 18:43:00,74.5
2025-06-12 07:03:00,57.6
2025-06-12 10:00:00,88.7
2025-06-12 21:51:00,16.5
2025-06-12 00:18:00,51.3
2025-06-12 14:51:00,38.4
2025-06-12 11:08:00,53.7
2025-06-12 00:35:00,84.9
2025-06-12 17:20:00,9.7
2025-06-12 04:53:00,58.7
2025-06-12 13:16:00,9.1
2025-06-12 02:26:00,15.4
2025-06-12 09:23:00,30.9
2025-06-12 21:48:00,62.6
2025-06-12 11:57:00,79.4
2025-06-12 21:55:00,17.9
2025-06-12 14:43:00,50.60542317173377
2025-06-12 09:04:00,73.9
2025-06-12 22:05:00,28.6
2025-06-12 02:00:00,71.3
2025-06-12 18:09:00,25.0
2025-06-12 18:46:00,50.60542317173377
2025-06-12 18:35:00,63.5
2025-06-12 13:03:00,84.6
2025-06-12 22:09:00,75.4
2025-06-12 21:30:00,3.3
2025-06-12 19:36:00,16.3
2025-06-12 07:32:00,50.60542317173377
2025-06-12 02:30:00,6.7
2025-06-12 09:21:00,9.4
2025-06-12 17:51:00,64.9
2025-06-12 21:45:00,65.5
2025-06-12 10:34:00,95.9
2025-06-12 01:45:00,80.4
2025-06-12 09:49:00,8.2
2025-06-12 17:23:00,84.1
2025-06-12 11:41:00,62.5
2025-06-12 21:18:00,1.0
2025-06-12 04:28:00,11.9
2025-06-12 23:26:00,50.60542317173377
2025-06-12 11:05:00,29.4
2025-06-12 04:38:00,74.8
2025-06-12 12:29:00,74.1
2025-06-12 09:54:00,50.60542317173377
2025-06-12 02:23:00,60.7
2025-06-12 13:32:00,50.60542317173377
2025-06-12 22:03:00,34.2
2025-06-12 23:17:00,41.5
2025-06-12 17:36:00,76.8
2025-06-12 07:09:00,0.5
2025-06-12 18:03:00,35.3
2025-06-12 08:14:00,22.0
2025-06-12 08:52:00,25.5
2025-06-12 01:40:00,24.3
2025-06-12 10:51:00,50.60542317173377
2025-06-12 08:57:00,94.3
2025-06-12 10:38:00,50.60542317173377
2025-06-12 19:59:00,29.0
2025-06-12 00:58:00,93.3
2025-06-12 09:59:00,79.2
2025-06-12 21:35:00,83.8
2025-06-12 18:26:00,86.3
2025-06-12 17:52:00,39.6
2025-06-12 23:03:00,52.2
2025-06-12 09:08:00,17.4
2025-06-12 01:06:00,16.0
2025-06-12 18:02:00,47.5
2025-06-12 05:29:00,86.6
2025-06-12 14:27:00,54.7
2025-06-12 20:40:00,83.4
2025-06-12 08:42:00,32.3
2025-06-12 12:24:00,15.6
2025-06-12 09:04:00,7.3
2025-06-12 21:22:00,53.3
2025-06-12 04:26:00,71.3
2025-06-12 17:20:00,15.7
2025-06-12 09:08:00,50.4
2025-06-12 18:50:00,48.5
2025-06-12 20:13:00,32.1
2025-06-12 02:23:00,51.1
2025-06-12 10:18:00,50.60542317173377
2025-06-12 17:48:00,48.2
2025-06-12 11:23:00,97.8
2025-06-12 04:24:00,64.0
2025-06-12 11:14:00,50.3
2025-06-12 21:57:00,27.2
2025-06-12 01:10:00,50.60542317173377
2025-06-12 12:50:00,57.2
2025-06-12 07:08:00,59.3
2025-06-12 10:07:00,50.60542317173377
2025-06-12 03:01:00,35.7
2025-06-12 15:03:00,64.1
2025-06-12 23:18:00,14.8
2025-06-12 12:25:00,60.1
2025-06-12 21:16:00,44.8
2025-06-12 22:47:00,99.6
2025-06-12 05:05:00,27.4
2025-06-12 20:22:00,19.7
2025-06-12 18:00:00,36.5
2025-06-12 01:20:00,20.9
2025-06-12 22:50:00,84.1
2025-06-12 05:41:00,79.6
2025-06-12 20:44:00,32.7
2025-06-12 18:46:00,66.1
2025-06-12 14:23:00,97.1
2025-06-12 10:27:00,68.4
2025-06-12 01:39:00,50.60542317173377
2025-06-12 00:26:00,61.5
2025-06-12 01:01:00,2.0
2025-06-12 05:19:00,86.0
2025-06-12 08:16:00,14.0
2025-06-12 22:01:00,95.3
2025-06-12 01:05:00,41.5
2025-06-12 15:19:00,91.0
2025-06-12 12:46:00,98.4
2025-06-12 17:13:00,1.4
2025-06-12 17:57:00,95.7
2025-06-12 16:44:00,7.2
2025-06-12 10:06:00,50.60542317173377
2025-06-12 16:29:00,19.2
2025-06-12 08:10:00,56.9
2025-06-12 07:12:00,58.6
2025-06-12 00:12:00,51.9
2025-06-12 19:17:00,94.8
2025-06-12 17:04:00,66.2
2025-06-12 04:50:00,94.9
2025-06-12 01:45:00,50.60542317173377
2025-06-12 12:42:00,54.8
2025-06-12 14:31:00,56.5
2025-06-12 14:08:00,19.6
2025-06-12 07:03:00,7.2
2025-06-12 19:46:00,75.8
2025-06-12 09:18:00,32.4
2025-06-12 03:30:00,44.3
2025-06-12 01:16:00,5.8
2025-06-12 06:38:00,39.1
2025-06-12 03:28:00,96.5
2025-06-12 10:34:00,50.60542317173377
2025-06-12 07:10:00,52.6
2025-06-12 14:11:00,77.5
2025-06-12 16:30:00,15.3
2025-06-12 05:05:00,90.2
2025-06-12 07:56:00,50.60542317173377
2025-06-12 05:19:00,56.7
2025-06-12 14:14:00,34.4
2025-06-12 07:36:00,31.8
2025-06-12 11:40:00,46.9
2025-06-12 09:10:00,70.6
2025-06-12 23:22:00,59.8
2025-06-12 04:13:00,9.5
2025-06-12 11:28:00,47.2
2025-06-12 04:33:00,50.60542317173377
2025-06-12 05:30:00,34.4
2025-06-12 04:23:00,35.0
2025-06-12 19:55:00,45.9
2025-06-12 07:21:00,21.5
2025-06-12 13:16:00,10.6
2025-06-12 04:29:00,99.7
2025-06-12 18:39:00,93.9
2025-06-12 05:10:00,97.2
2025-06-12 01:56:00,80.7
2025-06-12 09:34:00,29.9
2025-06-12 17:35:00,0.9
2025-06-12 20:21:00,50.60542317173377
2025-06-12 22:46:00,40.8
2025-06-12 06:48:00,80.5
2025-06-12 08:16:00,50.60542317173377
2025-06-12 05:45:00,35.5
2025-06-12 09:20:00,46.7
2025-06-12 03:16:00,27.4
2025-06-12 02:43:00,59.6
2025-06-12 00:49:00,50.60542317173377
2025-06-12 04:58:00,49.1
2025-06-12 19:29:00,47.0
2025-06-12 17:06:00,95.8
2025-06-12 11:52:00,23.1
2025-06-12 02:46:00,90.1
2025-06-12 13:20:00,98.4
2025-06-12 21:45:00,84.7
2025-06-12 09:20:00,37.1
2025-06-12 07:26:00,82.5
2025-06-12 13:41:00,7.6
2025-06-12 09:24:00,75.1
2025-06-12 20:48:00,35.1
2025-06-12 15:01:00,39.0
2025-06-12 21:46:00,52.3
2025-06-12 17:08:00,26.9
2025-06-12 12:24:00,21.2
2025-06-12 07:52:00,58.2
2025-06-12 10:08:00,9.6
2025-06-12 14:11:00,98.4
2025-06-12 11:22:00,50.60542317173377
2025-06-12 15:05:00,2.4
2025-06-12 02:52:00,15.8
2025-06-12 06:40:00,50.60542317173377
2025-06-12 06:10:00,59.3
2025-06-12 04:21:00,70.9
2025-06-12 23:36:00,50.60542317173377
2025-06-12 20:45:00,50.60542317173377
2025-06-12 12:19:00,50.60542317173377
2025-06-12 23:30:00,61.6
2025-06-12 04:15:00,25.5
2025-06-12 16:51:00,51.7
2025-06-12 23:12:00,52.7
2025-06-12 20:33:00,93.3
2025-06-12 12:23:00,21.2
2025-06-12 13:48:00,16.0
2025-06-12 15:50:00,50.60542317173377
2025-06-12 00:45:00,77.9
2025-06-12 10:15:00,51.5
2025-06-12 02:28:00,15.5
2025-06-12 23:42:00,96.0
2025-06-12 10:04:00,50.60542317173377
2025-06-12 02:27:00,90.4
2025-06-12 22:30:00,41.0
2025-06-12 22:33:00,62.1
2025-06-12 15:25:00,81.0
2025-06-12 06:41:00,72.1
2025-06-12 13:37:00,88.8
2025-06-12 09:54:00,82.1
2025-06-12 18:00:00,11.3
2025-06-12 07:25:00,78.1
2025-06-12 11:03:00,72.1
2025-06-12 05:31:00,20.7
2025-06-12 03:50:00,50.60542317173377
2025-06-12 16:18:00,20.9
2025-06-12 03:39:00,53.8
2025-06-12 11:31:00,90.7
2025-06-12 12:32:00,98.0
2025-06-12 07:47:00,3.1
2025-06-12 22:11:00,49.2
2025-06-12 18:18:00,93.0
2025-06-12 04:19:00,85.5
2025-06-12 21:28:00,65.6
2025-06-12 19:40:00,40.8
2025-06-12 18:27:00,50.60542317173377
2025-06-12 22:48:00,50.60542317173377
2025-06-12 08:30:00,50.60542317173377
2025-06-12 10:17:00,44.9
2025-06-12 07:27:00,65.2
2025-06-12 13:48:00,90.8
2025-06-12 13:23:00,47.7
2025-06-12 16:39:00,90.4
2025-06-12 13:28:00,87.3
2025-06-12 21:00:00,4.1
2025-06-12 06:27:00,50.60542317173377
2025-06-12 01:32:00,23.7
2025-06-12 14:36:00,0.8
2025-06-12 11:23:00,4.9
2025-06-12 06:11:00,25.2
2025-06-12 18:02:00,16.1
2025-06-12 08:17:00,50.4
2025-06-12 09:18:00,50.60542317173377
2025-06-12 09:14:00,53.1
2025-06-12 22:12:00,79.9
2025-06-12 21:53:00,72.6
2025-06-12 04:12:00,14.6
2025-06-12 00:56:00,78.8
2025-06-12 05:04:00,91.3
2025-06-12 05:53:00,98.0
2025-06-12 23:16:00,12.2
2025-06-12 03:00:00,93.6
2025-06-12 23:42:00,17.4
2025-06-12 10:19:00,76.0
2025-06-12 14:28:00,58.7
2025-06-12 13:31:00,3.5
2025-06-12 01:47:00,52.4
2025-06-12 11:45:00,5.7
2025-06-12 20:18:00,76.8
2025-06-12 17:41:00,54.2
2025-06-12 14:25:00,31.9
2025-06-12 18:50:00,75.6
2025-06-12 13:29:00,99.2
2025-06-12 19:24:00,74.5
2025-06-12 13:36:00,29.7
2025-06-12 23:07:00,34.1
2025-06-12 01:55:00,28.5
2025-06-12 15:52:00,6.9
2025-06-12 00:29:00,14.3
2025-06-12 09:47:00,99.5
2025-06-12 17:40:00,53.3
2025-06-12 22:42:00,49.935598591549294
2025-06-12 19:07:00,49.935598591549294
2025-06-12 11:13:00,59.3
2025-06-12 23:13:00,49.935598591549294
2025-06-12 16:13:00,15.1
2025-06-12 06:21:00,49.935598591549294
2025-06-12 10:49:00,13.5
2025-06-12 02:35:00,6.2
2025-06-12 03:42:00,49.935598591549294
2025-06-12 15:10:00,30.2
2025-06-12 10:25:00,86.9
2025-06-12 23:28:00,66.1
2025-06-12 12:29:00,60.6
2025-06-12 04:44:00,76.1
2025-06-12 03:35:00,49.935598591549294
2025-06-12 01:11:00,0.7
2025-06-12 09:27:00,64.7
2025-06-12 19:51:00,59.0
2025-06-12 12:06:00,6.2
2025-06-12 11:27:00,10.1
2025-06-12 04:26:00,1.9
2025-06-12 14:42:00,3.5
2025-06-12 20:26:00,75.0
2025-06-12 20:26:00,6.3
2025-06-12 14:56:00,94.4
2025-06-12 17:13:00,5.5
2025-06-12 16:52:00,49.935598591549294
2025-06-12 22:01:00,98.2
2025-06-12 08:02:00,1.3
2025-06-12 23:58:00,61.8
2025-06-12 03:22:00,35.4
2025-06-12 04:37:00,49.935598591549294
2025-06-12 06:49:00,14.6
2025-06-12 02:23:00,42.6
2025-06-12 14:58:00,87.4
2025-06-12 06:00:00,74.3
2025-06-12 22:46:00,9.1
2025-06-12 12:33:00,96.3
2025-06-12 21:04:00,69.5
2025-06-12 18:12:00,98.0
2025-06-12 15:23:00,21.2
2025-06-12 04:00:00,65.4
2025-06-12 06:38:00,51.2
2025-06-12 19:04:00,44.1
2025-06-12 19:11:00,69.0
2025-06-12 00:03:00,25.7
2025-06-12 15:22:00,63.8
2025-06-12 09:59:00,47.2
2025-06-12 20:21:00,85.5
2025-06-12 07:57:00,67.5
2025-06-12 12:01:00,20.4
2025-06-12 10:08:00,10.3
2025-06-12 02:41:00,7.1
2025-06-12 09:15:00,64.7
2025-06-12 07:38:00,15.9
2025-06-12 07:04:00,92.3
2025-06-12 20:38:00,49.935598591549294
2025-06-12 06:57:00,49.935598591549294
2025-06-12 16:38:00,86.1
2025-06-12 00:06:00,4.1
2025-06-12 20:01:00,3.4
2025-06-12 06:11:00,30.9
2025-06-12 15:02:00,6.1
2025-06-12 03:21:00,66.0
2025-06-12 11:23:00,63.9
2025-06-12 17:27:00,24.6
2025-06-12 22:13:00,79.1
2025-06-12 18:03:00,45.2
2025-06-12 15:39:00,66.0
2025-06-12 01:38:00,17.0
2025-06-12 20:25:00,41.0
2025-06-12 10:03:00,86.4
2025-06-12 13:01:00,35.7
2025-06-12 01:00:00,52.6
2025-06-12 09:26:00,59.0
2025-06-12 04:16:00,74.5
2025-06-12 07:53:00,78.0
2025-06-12 23:20:00,72.1
2025-06-12 21:23:00,49.935598591549294
2025-06-12 05:45:00,49.935598591549294
2025-06-12 09:26:00,62.4
2025-06-12 12:00:00,29.8
2025-06-12 15:00:00,49.935598591549294
2025-06-12 17:28:00,66.7
2025-06-12 03:01:00,76.9
2025-06-12 10:21:00,45.3
2025-06-12 07:43:00,49.935598591549294
2025-06-12 00:32:00,69.1
2025-06-12 11:33:00,11.0
2025-06-12 04:32:00,23.7
2025-06-12 08:13:00,68.1
2025-06-12 00:25:00,100.0
2025-06-12 18:30:00,56.3
2025-06-12 03:45:00,20.4
2025-06-12 08:08:00,39.2
2025-06-12 06:25:00,0.6
2025-06-12 09:51:00,27.6
2025-06-12 13:05:00,18.0
2025-06-12 02:15:00,86.0
2025-06-12 09:30:00,34.8
2025-06-12 09:43:00,50.4
2025-06-12 17:39:00,8.3
2025-06-12 15:12:00,42.1
2025-06-12 21:15:00,49.935598591549294
2025-06-12 20:04:00,49.935598591549294
2025-06-12 05:51:00,73.1
2025-06-12 18:03:00,22.7
2025-06-12 11:11:00,76.1
2025-06-12 13:04:00,75.4
2025-06-12 06:57:00,5.1
2025-06-12 22:56:00,91.8
2025-06-12 20:10:00,94.3
2025-06-12 17:55:00,18.9
2025-06-12 23:31:00,61.1
2025-06-12 08:22:00,57.0
2025-06-12 16:26:00,5.1
2025-06-12 05:28:00,43.7
2025-06-12 00:57:00,49.935598591549294
2025-06-12 09:45:00,14.6
2025-06-12 22:01:00,45.8
2025-06-12 04:29:00,49.935598591549294
2025-06-12 10:46:00,6.3
2025-06-12 23:27:00,38.3
2025-06-12 23:10:00,32.5
2025-06-12 01:56:00,49.935598591549294
2025-06-12 17:33:00,40.3
2025-06-12 09:37:00,30.5
2025-06-12 13:09:00,90.3
2025-06-12 07:55:00,7.0
2025-06-12 05:20:00,68.2
2025-06-12 04:25:00,27.9
2025-06-12 02:29:00,14.9
2025-06-12 14:34:00,2.0
2025-06-12 09:12:00,94.4
2025-06-12 09:13:00,28.2
2025-06-12 19:32:00,83.9
2025-06-12 03:02:00,49.935598591549294
2025-06-12 14:40:00,89.6
2025-06-12 12:10:00,4.8
2025-06-12 10:50:00,95.4
2025-06-12 00:45:00,39.4
2025-06-12 20:10:00,52.7
2025-06-12 04:20:00,44.7
2025-06-12 18:10:00,52.3
2025-06-12 05:59:00,88.5
2025-06-12 23:00:00,41.3
2025-06-12 13:59:00,30.9
2025-06-12 18:47:00,57.8
2025-06-12 15:38:00,71.9
2025-06-12 00:42:00,8.7
2025-06-12 11:13:00,63.3
2025-06-12 13:41:00,45.1
2025-06-12 18:16:00,55.5
2025-06-12 21:34:00,65.8
2025-06-12 15:51:00,79.2
2025-06-12 11:57:00,40.1
2025-06-12 08:41:00,99.3
2025-06-12 19:45:00,45.3
2025-06-12 03:30:00,55.5
2025-06-12 21:53:00,68.2
2025-06-12 11:01:00,28.8
2025-06-12 13:15:00,89.4
2025-06-12 11:35:00,49.6
2025-06-12 04:13:00,54.9
2025-06-12 07:55:00,69.5
2025-06-12 03:33:00,89.0
2025-06-12 16:13:00,49.935598591549294
2025-06-12 14:48:00,81.4
2025-06-12 23:26:00,10.9
2025-06-12 00:37:00,49.935598591549294
2025-06-12 09:13:00,62.4
2025-06-12 21:48:00,26.3
2025-06-12 11:28:00,49.935598591549294
2025-06-12 22:52:00,23.8
2025-06-12 19:51:00,9.6
2025-06-12 06:57:00,49.935598591549294
2025-06-12 00:38:00,99.7
2025-06-12 09:54:00,83.7
2025-06-12 04:34:00,58.1
2025-06-12 13:30:00,35.3
2025-06-12 19:09:00,32.7
2025-06-12 23:35:00,63.6
2025-06-12 04:03:00,49.935598591549294
2025-06-12 15:36:00,24.9
2025-06-12 01:41:00,33.6
2025-06-12 17:55:00,85.0
2025-06-12 04:50:00,41.1
2025-06-12 01:03:00,66.8
2025-06-12 12:23:00,16.8
2025-06-12 01:04:00,85.2
2025-06-12 21:53:00,82.5
2025-06-12 14:18:00,19.9
2025-06-12 09:34:00,49.935598591549294
2025-06-12 23:09:00,88.9
2025-06-12 03:39:00,26.9
2025-06-12 19:30:00,50.0
2025-06-12 06:09:00,31.4
2025-06-12 13:20:00,32.2
2025-06-12 07:27:00,82.7
2025-06-12 06:39:00,51.9
2025-06-12 17:06:00,49.935598591549294
2025-06-12 19:37:00,49.935598591549294
2025-06-12 16:35:00,88.9
2025-06-12 22:25:00,75.3
2025-06-12 08:49:00,24.5
2025-06-12 01:27:00,82.6
2025-06-12 12:00:00,63.8
2025-06-12 15:09:00,93.0
2025-06-12 22:13:00,53.4
2025-06-12 23:07:00,1.9
2025-06-12 20:12:00,34.4
2025-06-12 10:18:00,99.0
2025-06-12 18:51:00,52.9
2025-06-12 23:17:00,5.1
2025-06-12 21:57:00,60.2
2025-06-12 07:00:00,49.935598591549294
2025-06-12 10:23:00,81.0
2025-06-12 20:31:00,67.3
2025-06-12 09:43:00,91.1
2025-06-12 14:39:00,66.1
2025-06-12 02:44:00,49.8
2025-06-12 13:54:00,10.1
2025-06-12 11:00:00,49.935598591549294
2025-06-12 12:52:00,21.3
2025-06-12 00:43:00,75.0
2025-06-12 11:00:00,96.6
2025-06-12 12:31:00,49.935598591549294
2025-06-12 09:46:00,49.935598591549294
2025-06-12 06:12:00,42.5
2025-06-12 00:06:00,71.8
2025-06-12 00:03:00,40.9
2025-06-12 23:58:00,21.0
2025-06-12 15:04:00,46.1
2025-06-12 23:36:00,19.3
2025-06-12 14:19:00,49.935598591549294
2025-06-12 05:42:00,85.1
2025-06-12 17:32:00,46.7
2025-06-12 21:48:00,49.935598591549294
2025-06-12 21:37:00,47.3
2025-06-12 09:48:00,65.8
2025-06-12 08:21:00,63.8
2025-06-12 10:06:00,49.935598591549294
2025-06-12 02:07:00,39.5
2025-06-12 09:38:00,99.7
2025-06-12 15:56:00,49.935598591549294
2025-06-12 18:50:00,64.8
2025-06-12 03:44:00,56.7
2025-06-12 01:42:00,64.7
2025-06-12 20:52:00,30.2
2025-06-12 21:13:00,2.5
2025-06-12 07:14:00,99.8
2025-06-12 05:50:00,30.2
2025-06-12 09:45:00,25.2
2025-06-12 09:19:00,85.4
2025-06-12 18:23:00,20.8
2025-06-12 22:42:00,12.3
2025-06-12 09:15:00,73.0
2025-06-12 20:01:00,20.3
2025-06-12 07:22:00,94.5
2025-06-12 10:49:00,49.3
2025-06-12 02:14:00,19.5
2025-06-12 11:04:00,25.1
2025-06-12 13:55:00,4.0
2025-06-12 14:39:00,97.0
2025-06-12 11:33:00,78.7
2025-06-12 14:06:00,49.935598591549294
2025-06-12 06:50:00,49.935598591549294
2025-06-12 08:56:00,45.0
2025-06-12 04:43:00,68.2
2025-06-12 00:04:00,95.6
2025-06-12 11:59:00,76.9
2025-06-12 03:33:00,0.6
2025-06-12 05:43:00,38.1
2025-06-12 07:24:00,49.935598591549294
2025-06-12 14:35:00,49.935598591549294
2025-06-12 06:52:00,59.1
2025-06-12 10:17:00,82.4
2025-06-12 01:52:00,19.6
2025-06-12 00:51:00,49.935598591549294
2025-06-12 17:49:00,95.9
2025-06-12 14:15:00,92.6
2025-06-12 09:49:00,9.2
2025-06-12 23:24:00,13.1
2025-06-12 19:11:00,17.3
2025-06-12 06:06:00,86.4
2025-06-12 23:46:00,49.935598591549294
2025-06-12 19:40:00,13.6
2025-06-12 01:17:00,11.5
2025-06-12 10:21:00,98.5
2025-06-12 16:12:00,91.6
2025-06-12 11:58:00,51.1
2025-06-12 07:23:00,6.0
2025-06-12 12:33:00,49.935598591549294
2025-06-12 02:54:00,90.3
2025-06-12 16:26:00,30.9
2025-06-12 06:00:00,56.2
2025-06-12 07:47:00,78.2
2025-06-12 16:58:00,34.5
2025-06-12 01:00:00,34.2
2025-06-12 06:10:00,88.9
2025-06-12 10:28:00,76.3
2025-06-12 03:55:00,37.4
2025-06-12 04:14:00,24.9
2025-06-12 00:37:00,90.8
2025-06-12 22:54:00,49.935598591549294
2025-06-12 20:24:00,95.1
2025-06-12 21:27:00,38.8
2025-06-12 04:58:00,51.7
2025-06-12 20:13:00,18.5
2025-06-12 11:16:00,57.8
2025-06-12 21:53:00,25.2
2025-06-12 15:49:00,60.1
2025-06-12 21:49:00,22.6
2025-06-12 17:15:00,49.935598591549294
2025-06-12 14:22:00,65.6
2025-06-12 13:13:00,25.4
2025-06-12 15:17:00,49.935598591549294
2025-06-12 16:33:00,94.7
2025-06-12 13:02:00,87.2
2025-06-12 04:54:00,26.1
2025-06-12 04:00:00,7.4
2025-06-12 21:08:00,17.8
2025-06-12 20:33:00,43.9
2025-06-12 00:47:00,69.6
2025-06-12 02:48:00,69.7
2025-06-12 10:49:00,17.6
2025-06-12 01:21:00,53.7
2025-06-12 13:08:00,51.7
2025-06-12 23:25:00,90.5
2025-06-12 05:38:00,62.8
2025-06-12 17:47:00,38.0
2025-06-12 19:16:00,9.5
2025-06-12 08:40:00,81.1
2025-06-12 21:19:00,24.9
2025-06-12 06:33:00,54.3
2025-06-12 18:46:00,78.9
2025-06-12 22:17:00,96.4
2025-06-12 20:36:00,75.6
2025-06-12 00:49:00,69.1
2025-06-12 04:46:00,42.5
2025-06-12 04:01:00,38.2
2025-06-12 01:58:00,5.0
2025-06-12 19:17:00,57.4
2025-06-12 11:40:00,49.935598591549294
2025-06-12 14:57:00,6.7
2025-06-12 16:19:00,5.7
2025-06-12 21:41:00,61.9
2025-06-12 20:14:00,93.3
2025-06-12 22:46:00,21.5
2025-06-12 17:54:00,34.7
2025-06-12 07:42:00,66.1
2025-06-12 15:54:00,28.2
2025-06-12 09:13:00,65.5
2025-06-12 02:11:00,51.0
2025-06-12 15:52:00,32.0
2025-06-12 08:57:00,85.9
2025-06-12 09:20:00,67.7
2025-06-12 03:04:00,12.2
2025-06-12 10:21:00,49.740225962104276
2025-06-12 17:29:00,3.2
2025-06-12 22:22:00,70.6
2025-06-12 00:20:00,49.740225962104276
2025-06-12 00:57:00,4.4
2025-06-12 13:05:00,19.1
2025-06-12 17:50:00,96.0
2025-06-12 19:46:00,88.6
2025-06-12 13:03:00,73.9
2025-06-12 19:51:00,49.740225962104276
2025-06-12 03:13:00,47.7
2025-06-12 11:01:00,72.1
2025-06-12 15:16:00,49.740225962104276
2025-06-12 22:04:00,76.6
2025-06-12 10:12:00,86.8
2025-06-12 10:01:00,96.2
2025-06-12 12:14:00,26.7
2025-06-12 09:20:00,30.2
2025-06-12 08:51:00,49.740225962104276
2025-06-12 09:35:00,40.8
2025-06-12 00:46:00,84.7
2025-06-12 15:12:00,32.1
2025-06-12 06:17:00,13.4
2025-06-12 11:40:00,49.740225962104276
2025-06-12 03:25:00,85.9
2025-06-12 14:09:00,33.7
2025-06-12 18:27:00,32.2
2025-06-12 20:53:00,49.740225962104276
2025-06-12 16:05:00,49.740225962104276
2025-06-12 05:13:00,40.1
2025-06-12 22:44:00,59.4
2025-06-12 00:29:00,70.2
2025-06-12 06:19:00,94.6
2025-06-12 07:34:00,77.1
2025-06-12 00:07:00,96.0
2025-06-12 04:58:00,19.5
2025-06-12 03:34:00,63.4
2025-06-12 19:15:00,70.8
2025-06-12 21:58:00,49.740225962104276
2025-06-12 13:57:00,66.8
2025-06-12 08:10:00,49.740225962104276
2025-06-12 21:46:00,97.7
2025-06-12 21:51:00,51.1
2025-06-12 18:08:00,55.2
2025-06-12 05:03:00,12.3
2025-06-12 20:10:00,64.2
2025-06-12 04:17:00,62.0
2025-06-12 07:04:00,1.8
2025-06-12 00:43:00,94.1
2025-06-12 04:31:00,32.5
2025-06-12 18:08:00,19.7
2025-06-12 16:22:00,60.7
2025-06-12 19:20:00,11.9
2025-06-12 19:36:00,85.4
2025-06-12 13:11:00,21.3
2025-06-12 07:36:00,3.8
2025-06-12 09:08:00,49.740225962104276
2025-06-12 22:04:00,33.9
2025-06-12 00:42:00,62.0
2025-06-12 07:23:00,9.2
2025-06-12 01:40:00,66.5
2025-06-12 20:35:00,89.6
2025-06-12 03:39:00,41.2
2025-06-12 20:19:00,2.7
2025-06-12 09:17:00,49.740225962104276
2025-06-12 09:43:00,49.740225962104276
2025-06-12 15:47:00,89.0
2025-06-12 14:13:00,50.9
2025-06-12 06:22:00,49.740225962104276
2025-06-12 18:18:00,95.4
2025-06-12 01:41:00,12.6
2025-06-12 21:04:00,98.8
2025-06-12 09:43:00,17.1
2025-06-12 04:44:00,47.3
2025-06-12 12:06:00,49.740225962104276
2025-06-12 08:42:00,34.5
2025-06-12 03:07:00,33.7
2025-06-12 15:55:00,9.7
2025-06-12 12:58:00,49.740225962104276
2025-06-12 22:46:00,49.740225962104276
2025-06-12 15:45:00,27.0
2025-06-12 06:11:00,7.0
2025-06-12 17:04:00,61.3
2025-06-12 09:27:00,40.1
2025-06-12 13:36:00,81.2
2025-06-12 00:52:00,73.1
2025-06-12 11:35:00,87.6
2025-06-12 04:07:00,24.7
2025-06-12 11:39:00,77.5
2025-06-12 15:06:00,83.6
2025-06-12 01:32:00,44.3
2025-06-12 13:20:00,74.7
2025-06-12 17:41:00,35.9
2025-06-12 20:24:00,33.1
2025-06-12 12:13:00,75.6
2025-06-12 09:30:00,9.9
2025-06-12 16:19:00,49.740225962104276
2025-06-12 12:44:00,49.740225962104276
2025-06-12 15:07:00,2.5
2025-06-12 19:56:00,30.7
2025-06-12 09:21:00,10.1
2025-06-12 01:43:00,54.0
2025-06-12 00:33:00,9.9
2025-06-12 20:18:00,49.740225962104276
2025-06-12 21:27:00,16.8
2025-06-12 14:43:00,49.740225962104276
2025-06-12 11:25:00,3.7
2025-06-12 11:13:00,79.6
2025-06-12 05:55:00,79.7
2025-06-12 09:01:00,97.9
2025-06-12 11:15:00,90.7
2025-06-12 13:43:00,37.9
2025-06-12 13:27:00,49.740225962104276
2025-06-12 17:02:00,48.9
2025-06-12 19:39:00,21.8
2025-06-12 06:38:00,40.4
2025-06-12 02:23:00,49.740225962104276
2025-06-12 22:48:00,97.5
2025-06-12 00:32:00,51.5
2025-06-12 07:56:00,55.8
2025-06-12 15:59:00,87.6
2025-06-12 22:30:00,33.4
2025-06-12 04:44:00,18.7
2025-06-12 08:40:00,61.2
2025-06-12 10:25:00,45.5
2025-06-12 05:55:00,94.0
2025-06-12 14:00:00,65.6
2025-06-12 03:31:00,78.7
2025-06-12 11:42:00,2.0
2025-06-12 01:38:00,84.5
2025-06-12 16:27:00,37.2
2025-06-12 13:10:00,89.4
2025-06-12 02:59:00,92.3
2025-06-12 19:16:00,43.4
2025-06-12 05:05:00,59.2
2025-06-12 10:43:00,49.740225962104276
2025-06-12 23:58:00,7.7
2025-06-12 09:55:00,76.0
2025-06-12 13:56:00,25.6
2025-06-12 22:10:00,93.7
2025-06-12 04:49:00,93.9
2025-06-12 02:35:00,49.740225962104276
2025-06-12 07:04:00,38.4
2025-06-12 11:12:00,100.0
2025-06-12 11:12:00,82.3
2025-06-12 23:39:00,15.3
2025-06-12 21:19:00,49.740225962104276
2025-06-12 21:54:00,52.8
2025-06-12 18:42:00,15.4
2025-06-12 14:04:00,49.740225962104276
2025-06-12 07:08:00,70.9
2025-06-12 20:07:00,98.7
2025-06-12 18:03:00,49.740225962104276
2025-06-12 23:15:00,41.5
2025-06-12 03:39:00,59.6
2025-06-12 03:41:00,14.5
2025-06-12 16:55:00,41.4
2025-06-12 06:06:00,96.6
2025-06-12 12:32:00,33.8
2025-06-12 19:18:00,49.740225962104276
2025-06-12 10:07:00,85.5
2025-06-12 08:57:00,20.6
2025-06-12 20:07:00,10.3
2025-06-12 20:43:00,15.6
2025-06-12 06:14:00,21.7
2025-06-12 00:14:00,9.7
2025-06-12 17:44:00,32.7
2025-06-12 02:19:00,98.2
2025-06-12 00:01:00,49.740225962104276
2025-06-12 03:56:00,64.8
2025-06-12 23:18:00,34.7
2025-06-12 04:41:00,5.2
2025-06-12 15:06:00,63.4
2025-06-12 15:50:00,84.5
2025-06-12 22:19:00,59.3
2025-06-12 16:35:00,26.8
2025-06-12 03:42:00,5.0
2025-06-12 04:01:00,34.4
2025-06-12 05:43:00,22.8
2025-06-12 15:41:00,13.2
2025-06-12 18:53:00,7.7
2025-06-12 08:14:00,82.0
2025-06-12 14:07:00,79.8
2025-06-12 06:05:00,17.8
2025-06-12 18:03:00,99.8
2025-06-12 15:24:00,26.5
2025-06-12 04:18:00,80.5
2025-06-12 23:51:00,9.5
2025-06-12 14:42:00,49.740225962104276
2025-06-12 15:19:00,49.740225962104276
2025-06-12 03:21:00,25.7
2025-06-12 03:56:00,49.740225962104276
2025-06-12 03:11:00,29.8
2025-06-12 20:37:00,11.0
2025-06-12 06:47:00,42.8
2025-06-12 05:41:00,73.4
2025-06-12 18:35:00,51.7
2025-06-12 21:18:00,3.5
2025-06-12 07:15:00,85.4
2025-06-12 22:49:00,88.2
2025-06-12 08:18:00,49.740225962104276
2025-06-12 07:15:00,47.8
2025-06-12 08:54:00,5.7
2025-06-12 11:08:00,49.740225962104276
2025-06-12 15:07:00,49.740225962104276
2025-06-12 06:21:00,49.740225962104276
2025-06-12 04:37:00,16.3
2025-06-12 09:08:00,70.5
2025-06-12 17:37:00,5.1
2025-06-12 04:20:00,58.3
2025-06-12 10:46:00,36.3
2025-06-12 08:41:00,7.7
2025-06-12 09:04:00,49.740225962104276
2025-06-12 19:41:00,40.9
2025-06-12 07:04:00,25.6
2025-06-12 00:20:00,60.4
2025-06-12 01:48:00,38.9
2025-06-12 00:38:00,49.740225962104276
2025-06-12 23:38:00,65.0
2025-06-12 23:37:00,6.6
2025-06-12 15:18:00,89.8
2025-06-12 07:07:00,95.8
2025-06-12 03:46:00,37.3
2025-06-12 04:44:00,49.740225962104276
2025-06-12 03:25:00,91.5
2025-06-12 06:18:00,49.740225962104276
2025-06-12 18:07:00,38.4
2025-06-12 13:55:00,49.740225962104276
2025-06-12 20:08:00,96.8
2025-06-12 13:36:00,30.8
2025-06-12 09:41:00,64.2
2025-06-12 01:43:00,10.3
2025-06-12 08:26:00,49.740225962104276
2025-06-12 03:40:00,36.5
2025-06-12 08:11:00,76.5
2025-06-12 05:41:00,50.8
2025-06-12 12:51:00,84.6
2025-06-12 23:19:00,62.8
2025-06-12 11:06:00,67.2
2025-06-12 01:28:00,71.4
2025-06-12 03:31:00,84.2
2025-06-12 09:28:00,7.0
2025-06-12 18:19:00,5.5
2025-06-12 14:06:00,26.7
2025-06-12 09:01:00,47.7
2025-06-12 10:59:00,33.9
2025-06-12 13:27:00,49.4
2025-06-12 19:00:00,87.2
2025-06-12 06:59:00,8.4
2025-06-12 07:21:00,93.8
2025-06-12 18:09:00,63.9
2025-06-12 21:45:00,52.2
2025-06-12 22:46:00,5.2
2025-06-12 03:19:00,65.6
2025-06-12 07:46:00,34.0
2025-06-12 09:42:00,22.2
2025-06-12 04:05:00,14.2
2025-06-12 04:12:00,84.1
2025-06-12 14:12:00,49.740225962104276
2025-06-12 04:20:00,79.9
2025-06-12 12:08:00,49.740225962104276
2025-06-12 11:15:00,74.1
2025-06-12 08:13:00,8.1
2025-06-12 02:09:00,78.1
2025-06-12 04:01:00,3.4
2025-06-12 05:40:00,87.5
2025-06-12 19:16:00,65.9
2025-06-12 11:13:00,30.9
2025-06-12 04:06:00,14.5
2025-06-12 12:27:00,91.0
2025-06-12 14:31:00,53.1
2025-06-12 22:01:00,49.740225962104276
2025-06-12 17:42:00,87.0
2025-06-12 04:56:00,16.6
2025-06-12 12:32:00,56.5
2025-06-12 16:21:00,23.9
2025-06-12 23:53:00,23.7
2025-06-12 02:00:00,14.2
2025-06-12 07:09:00,87.5
2025-06-12 08:47:00,73.1
2025-06-12 05:12:00,50.3
2025-06-12 21:55:00,0.1
2025-06-12 08:58:00,49.740225962104276
2025-06-12 17:36:00,10.9
2025-06-12 23:29:00,49.740225962104276
2025-06-12 19:27:00,16.3
2025-06-12 23:55:00,73.7
2025-06-12 12:24:00,18.0
2025-06-12 09:39:00,76.0
2025-06-12 06:14:00,75.7
2025-06-12 17:02:00,48.9
2025-06-12 19:49:00,25.0
2025-06-12 09:35:00,73.4
2025-06-12 00:12:00,28.9
2025-06-12 15:03:00,1.8
2025-06-12 19:12:00,27.8
2025-06-12 00:47:00,89.5
2025-06-12 14:11:00,86.3
2025-06-12 02:10:00,52.6
2025-06-12 21:47:00,75.2
2025-06-12 03:50:00,14.2
2025-06-12 03:08:00,4.7
2025-06-12 10:42:00,50.9
2025-06-12 19:20:00,65.0
2025-06-12 20:41:00,38.1
2025-06-12 13:51:00,19.6
2025-06-12 06:50:00,62.3
2025-06-12 07:41:00,76.2
2025-06-12 00:11:00,11.6
2025-06-12 04:48:00,29.2
2025-06-12 03:54:00,21.6
2025-06-12 20:55:00,94.1
2025-06-12 20:35:00,58.2
2025-06-12 20:53:00,84.5
2025-06-12 13:47:00,39.2
2025-06-12 15:38:00,67.4
2025-06-12 07:02:00,45.3
2025-06-12 07:57:00,49.740225962104276
2025-06-12 08:42:00,74.1
2025-06-12 03:40:00,39.8
2025-06-12 16:49:00,49.740225962104276
2025-06-12 23:24:00,20.7
2025-06-12 03:52:00,77.7
2025-06-12 04:14:00,59.7
2025-06-12 15:22:00,50.18838223164841
2025-06-12 13:59:00,71.6
2025-06-12 15:08:00,37.8
2025-06-12 12:32:00,1.9
2025-06-12 15:02:00,2.5
2025-06-12 20:43:00,51.0
2025-06-12 23:19:00,93.2
2025-06-12 06:54:00,50.18838223164841
2025-06-12 20:10:00,75.5
2025-06-12 12:18:00,98.5
2025-06-12 09:23:00,39.4
2025-06-12 03:59:00,50.18838223164841
2025-06-12 20:16:00,50.18838223164841
2025-06-12 06:00:00,89.1
2025-06-12 00:35:00,79.2
2025-06-12 17:36:00,51.3
2025-06-12 21:51:00,32.4
2025-06-12 03:33:00,65.7
2025-06-12 12:01:00,21.0
2025-06-12 04:07:00,66.3
2025-06-12 18:13:00,80.4
2025-06-12 06:12:00,26.9
2025-06-12 03:52:00,70.8
2025-06-12 20:04:00,10.1
2025-06-12 18:23:00,58.9
2025-06-12 23:34:00,3.5
2025-06-12 09:16:00,70.7
2025-06-12 07:07:00,83.7
2025-06-12 11:16:00,30.8
2025-06-12 15:00:00,27.0
2025-06-12 09:53:00,50.18838223164841
2025-06-12 17:57:00,70.4
2025-06-12 13:00:00,99.9
2025-06-12 08:20:00,93.9
2025-06-12 19:11:00,14.5
2025-06-12 17:30:00,82.9
2025-06-12 23:59:00,72.1
2025-06-12 03:20:00,50.6
2025-06-12 03:33:00,0.5
2025-06-12 16:29:00,69.6
2025-06-12 08:22:00,50.18838223164841
2025-06-12 01:33:00,50.18838223164841
2025-06-12 15:57:00,48.6
2025-06-12 20:28:00,50.18838223164841
2025-06-12 22:38:00,79.7
2025-06-12 15:29:00,57.9
2025-06-12 13:59:00,50.0
2025-06-12 16:28:00,50.18838223164841
2025-06-12 13:27:00,81.3
2025-06-12 21:16:00,50.18838223164841
2025-06-12 13:37:00,83.8
2025-06-12 05:09:00,69.8
2025-06-12 13:45:00,50.18838223164841
2025-06-12 16:30:00,45.3
2025-06-12 20:15:00,63.7
2025-06-12 17:02:00,50.18838223164841
2025-06-12 03:50:00,72.4
2025-06-12 04:01:00,35.5
2025-06-12 18:27:00,13.2
2025-06-12 11:14:00,2.1
2025-06-12 08:07:00,69.3
2025-06-12 16:51:00,14.3
2025-06-12 11:04:00,58.8
2025-06-12 12:51:00,61.0
2025-06-12 11:27:00,11.0
2025-06-12 03:09:00,39.3
2025-06-12 20:55:00,50.18838223164841
2025-06-12 11:03:00,31.7
2025-06-12 21:16:00,20.9
2025-06-12 21:38:00,66.7
2025-06-12 18:27:00,62.2
2025-06-12 02:34:00,91.9
2025-06-12 02:19:00,19.7
2025-06-12 21:48:00,8.2
2025-06-12 12:07:00,50.18838223164841
2025-06-12 14:34:00,15.0
2025-06-12 21:44:00,5.8
2025-06-12 11:48:00,87.6
2025-06-12 10:24:00,42.7
2025-06-12 22:57:00,92.7
2025-06-12 10:07:00,23.4
2025-06-12 03:23:00,50.18838223164841
2025-06-12 16:52:00,22.3
2025-06-12 06:54:00,74.0
2025-06-12 17:19:00,50.18838223164841
2025-06-12 16:41:00,56.3
2025-06-12 15:58:00,87.6
2025-06-12 12:52:00,83.6
2025-06-12 03:28:00,93.3
2025-06-12 15:38:00,97.8
2025-06-12 17:24:00,50.4
2025-06-12 20:09:00,61.7
2025-06-12 09:17:00,59.6
2025-06-12 18:58:00,20.6
2025-06-12 01:06:00,32.7
2025-06-12 21:09:00,91.4
2025-06-12 19:51:00,18.9
2025-06-12 22:52:00,71.0
2025-06-12 08:19:00,76.2
2025-06-12 15:55:00,25.5
2025-06-12 11:10:00,94.2
2025-06-12 02:42:00,42.8
2025-06-12 17:30:00,76.7
2025-06-12 06:05:00,75.5
2025-06-12 07:06:00,99.9
2025-06-12 12:58:00,50.18838223164841
2025-06-12 02:17:00,83.7
2025-06-12 17:03:00,76.3
2025-06-12 17:27:00,1.8
2025-06-12 08:31:00,18.2
2025-06-12 08:28:00,2.1
2025-06-12 06:53:00,50.18838223164841
2025-06-12 20:11:00,21.7
2025-06-12 08:39:00,98.3
2025-06-12 13:51:00,18.5
2025-06-12 15:58:00,44.7
2025-06-12 02:14:00,89.4
2025-06-12 09:46:00,40.2
2025-06-12 12:09:00,39.1
2025-06-12 04:38:00,2.5
2025-06-12 04:13:00,5.2
2025-06-12 01:16:00,29.7
2025-06-12 10:42:00,7.8
2025-06-12 21:32:00,74.6
2025-06-12 00:01:00,65.4
2025-06-12 15:14:00,72.0
2025-06-12 22:42:00,52.5
2025-06-12 10:24:00,0.9
2025-06-12 02:22:00,81.9
2025-06-12 16:23:00,58.7
2025-06-12 16:15:00,50.18838223164841
2025-06-12 15:21:00,50.18838223164841
2025-06-12 15:10:00,50.18838223164841
2025-06-12 09:45:00,50.18838223164841
2025-06-12 12:48:00,21.0
2025-06-12 19:31:00,25.5
2025-06-12 19:33:00,58.9
2025-06-12 18:25:00,32.8
2025-06-12 23:54:00,75.8
2025-06-12 14:12:00,7.8
2025-06-12 17:31:00,50.18838223164841
2025-06-12 19:35:00,77.0
2025-06-12 00:36:00,22.6
2025-06-12 05:50:00,45.6
2025-06-12 18:51:00,3.0
2025-06-12 07:55:00,40.7
2025-06-12 17:11:00,8.9
2025-06-12 04:45:00,88.7
2025-06-12 02:28:00,73.2
2025-06-12 14:01:00,15.8
2025-06-12 22:44:00,93.3
2025-06-12 05:56:00,92.9
2025-06-12 01:02:00,59.3
2025-06-12 17:40:00,78.6
2025-06-12 17:20:00,2.4
2025-06-12 20:41:00,47.4
2025-06-12 00:42:00,50.18838223164841
2025-06-12 08:37:00,24.7
2025-06-12 15:08:00,26.2
2025-06-12 06:44:00,33.8
2025-06-12 11:59:00,56.0
2025-06-12 17:52:00,44.1
2025-06-12 17:28:00,88.8
2025-06-12 13:20:00,5.3
2025-06-12 07:39:00,24.1
2025-06-12 11:27:00,22.2
2025-06-12 08:45:00,31.2
2025-06-12 13:31:00,44.6
2025-06-12 15:58:00,3.7
2025-06-12 19:37:00,73.8
2025-06-12 08:53:00,33.4
2025-06-12 02:45:00,82.6
2025-06-12 21:43:00,24.7
2025-06-12 01:27:00,70.9
2025-06-12 03:36:00,55.8
2025-06-12 06:13:00,50.18838223164841
2025-06-12 18:51:00,81.2
2025-06-12 05:04:00,72.9
2025-06-12 07:21:00,11.6
2025-06-12 02:43:00,10.6
2025-06-12 12:44:00,98.0
2025-06-12 06:31:00,69.1
2025-06-12 08:41:00,94.2
2025-06-12 18:04:00,36.4
2025-06-12 11:48:00,40.1
2025-06-12 03:28:00,92.6
2025-06-12 00:14:00,47.6
2025-06-12 18:51:00,50.18838223164841
2025-06-12 20:40:00,12.6
2025-06-12 18:23:00,63.2
2025-06-12 14:41:00,47.8
2025-06-12 21:59:00,50.18838223164841
2025-06-12 19:25:00,2.0
2025-06-12 03:32:00,87.6
2025-06-12 01:47:00,31.6
2025-06-12 03:41:00,83.9
2025-06-12 13:08:00,22.9
2025-06-12 01:02:00,50.18838223164841
2025-06-12 19:21:00,60.8
2025-06-12 02:04:00,68.2
2025-06-12 07:33:00,16.5
2025-06-12 05:23:00,51.3
2025-06-12 04:04:00,75.3
2025-06-12 12:25:00,10.2
2025-06-12 20:24:00,50.18838223164841
2025-06-12 12:39:00,5.9
2025-06-12 15:38:00,92.2
2025-06-12 17:20:00,19.2
2025-06-12 22:18:00,50.18838223164841
2025-06-12 06:32:00,50.18838223164841
2025-06-12 12:00:00,21.7
2025-06-12 10:22:00,67.7
2025-06-12 11:57:00,89.4
2025-06-12 03:24:00,2.1
2025-06-12 06:53:00,50.18838223164841
2025-06-12 08:31:00,2.4
2025-06-12 13:21:00,23.7
2025-06-12 23:11:00,53.0
2025-06-12 20:41:00,62.1
2025-06-12 19:33:00,58.7
2025-06-12 08:55:00,76.3
2025-06-12 14:04:00,12.3
2025-06-12 08:25:00,7.3
2025-06-12 10:34:00,50.18838223164841
2025-06-12 11:44:00,32.4
2025-06-12 21:00:00,60.9
2025-06-12 07:07:00,50.18838223164841
2025-06-12 12:44:00,96.8
2025-06-12 22:08:00,73.3
2025-06-12 08:37:00,82.4
2025-06-12 21:59:00,19.4
2025-06-12 01:40:00,50.18838223164841
2025-06-12 15:18:00,83.5
2025-06-12 02:55:00,50.18838223164841
2025-06-12 14:52:00,50.18838223164841
2025-06-12 02:53:00,50.18838223164841
2025-06-12 07:50:00,41.8
2025-06-12 20:31:00,71.7
2025-06-12 01:22:00,50.18838223164841
2025-06-12 18:09:00,79.7
2025-06-12 00:08:00,35.0
2025-06-12 05:28:00,50.18838223164841
2025-06-12 16:28:00,15.7
2025-06-12 10:03:00,50.18838223164841
2025-06-12 19:38:00,58.8
2025-06-12 14:56:00,80.8
2025-06-12 15:03:00,11.4
2025-06-12 13:37:00,50.18838223164841
2025-06-12 18:01:00,50.18838223164841
2025-06-12 01:27:00,11.1
2025-06-12 12:27:00,50.18838223164841
2025-06-12 05:28:00,77.0
2025-06-12 12:10:00,35.7
2025-06-12 09:20:00,50.18838223164841
2025-06-12 04:10:00,93.1
2025-06-12 22:14:00,11.1
2025-06-12 22:21:00,43.1
2025-06-12 01:23:00,34.7
2025-06-12 08:36:00,77.8
2025-06-12 10:57:00,51.9
2025-06-12 17:02:00,79.9
2025-06-12 05:46:00,50.18838223164841
2025-06-12 00:32:00,79.8
2025-06-12 04:40:00,27.1
2025-06-12 17:06:00,69.3
2025-06-12 07:49:00,50.18838223164841
2025-06-12 20:54:00,65.1
2025-06-12 13:27:00,91.8
2025-06-12 20:46:00,85.8
2025-06-12 20:44:00,50.18838223164841
2025-06-12 20:02:00,6.4
2025-06-12 16:59:00,47.2
2025-06-12 05:41:00,76.4
2025-06-12 20:12:00,90.0
2025-06-12 17:04:00,75.8
2025-06-12 09:13:00,43.9
2025-06-12 16:06:00,73.6
2025-06-12 12:13:00,27.8
2025-06-12 13:47:00,27.1
2025-06-12 22:53:00,53.2
2025-06-12 10:56:00,28.1
2025-06-12 12:43:00,66.9
2025-06-12 21:08:00,78.0
2025-06-12 04:00:00,50.18838223164841
2025-06-12 16:07:00,50.18838223164841
2025-06-12 04:23:00,62.0
2025-06-12 15:59:00,54.8
2025-06-12 07:05:00,77.2
2025-06-12 07:05:00,92.2
2025-06-12 13:11:00,18.8
2025-06-12 03:13:00,41.8
2025-06-12 06:31:00,28.2
2025-06-12 14:21:00,92.3
2025-06-12 13:32:00,8.2
2025-06-12 21:23:00,88.0
2025-06-12 22:18:00,83.3
2025-06-12 08:43:00,50.18838223164841
2025-06-12 13:06:00,76.3
2025-06-12 08:26:00,50.18838223164841
2025-06-12 11:07:00,29.4
2025-06-12 23:06:00,85.4
2025-06-12 00:33:00,66.8
2025-06-12 07:02:00,50.18838223164841
2025-06-12 18:28:00,37.1
2025-06-12 00:40:00,8.7
2025-06-12 13:05:00,45.7
2025-06-12 08:17:00,97.0
2025-06-12 23:41:00,53.9
2025-06-12 03:45:00,65.9
2025-06-12 15:34:00,31.6
2025-06-12 10:39:00,79.6
2025-06-12 18:30:00,23.7
2025-06-12 12:45:00,99.2
2025-06-12 00:49:00,14.6
2025-06-12 01:26:00,63.5
2025-06-12 20:13:00,41.5
2025-06-12 08:32:00,91.5
2025-06-12 19:11:00,5.5
2025-06-12 23:13:00,99.8
2025-06-12 05:39:00,50.18838223164841
2025-06-12 11:04:00,22.6
2025-06-12 16:18:00,85.7
2025-06-12 12:31:00,19.7
2025-06-12 01:02:00,26.7
2025-06-12 04:12:00,89.7
2025-06-12 09:48:00,34.3
2025-06-12 15:41:00,63.0
2025-06-12 12:45:00,93.6
2025-06-12 09:24:00,34.2
2025-06-12 21:51:00,31.4
2025-06-12 06:36:00,19.9
2025-06-12 17:00:00,49.927249175694776
2025-06-12 19:05:00,92.3
2025-06-12 22:27:00,49.927249175694776
2025-06-12 18:35:00,13.2
2025-06-12 13:08:00,72.3
2025-06-12 20:29:00,96.4
2025-06-12 12:31:00,90.6
2025-06-12 11:09:00,93.6
2025-06-12 22:58:00,54.2
2025-06-12 12:23:00,51.4
2025-06-12 23:52:00,20.7
2025-06-12 11:04:00,68.2
2025-06-12 20:17:00,52.0
2025-06-12 09:04:00,55.3
2025-06-12 15:36:00,51.4
2025-06-12 06:58:00,89.1
2025-06-12 16:01:00,93.7
2025-06-12 16:19:00,23.9
2025-06-12 02:42:00,68.4
2025-06-12 18:30:00,76.9
2025-06-12 08:37:00,51.7
2025-06-12 21:54:00,80.3
2025-06-12 11:01:00,49.927249175694776
2025-06-12 06:06:00,96.8
2025-06-12 23:25:00,28.1
2025-06-12 18:09:00,93.3
2025-06-12 12:19:00,82.3
2025-06-12 02:51:00,8.0
2025-06-12 04:47:00,49.927249175694776
2025-06-12 06:50:00,54.3
2025-06-12 03:32:00,22.1
2025-06-12 07:46:00,23.0
2025-06-12 01:36:00,16.5
2025-06-12 15:53:00,26.7
2025-06-12 13:49:00,49.927249175694776
2025-06-12 23:43:00,35.6
2025-06-12 19:44:00,64.5
2025-06-12 23:33:00,86.5
2025-06-12 22:21:00,49.927249175694776
2025-06-12 02:09:00,49.927249175694776
2025-06-12 12:05:00,64.0
2025-06-12 18:49:00,99.8
2025-06-12 17:05:00,40.8
2025-06-12 18:16:00,95.4
2025-06-12 12:47:00,49.927249175694776
2025-06-12 16:47:00,49.4
2025-06-12 20:48:00,44.4
2025-06-12 20:21:00,13.7
2025-06-12 18:43:00,80.2
2025-06-12 19:27:00,78.7
2025-06-12 02:17:00,71.3
2025-06-12 14:29:00,8.3
2025-06-12 17:57:00,92.7
2025-06-12 03:15:00,7.8
2025-06-12 22:48:00,49.927249175694776
2025-06-12 19:51:00,8.2
2025-06-12 09:58:00,34.9
2025-06-12 01:18:00,44.5
2025-06-12 18:06:00,7.7
2025-06-12 14:35:00,49.927249175694776
2025-06-12 09:20:00,12.6
2025-06-12 06:07:00,92.0
2025-06-12 10:12:00,93.5
2025-06-12 23:03:00,81.9
2025-06-12 16:12:00,23.2
2025-06-12 00:14:00,90.9
2025-06-12 18:41:00,49.927249175694776
2025-06-12 03:04:00,79.6
2025-06-12 15:43:00,35.9
2025-06-12 06:09:00,22.7
2025-06-12 11:06:00,47.1
2025-06-12 00:04:00,31.7
2025-06-12 01:42:00,41.3
2025-06-12 20:06:00,39.7
2025-06-12 04:12:00,49.927249175694776
2025-06-12 04:21:00,94.6
2025-06-12 15:32:00,6.7
2025-06-12 05:58:00,40.1
2025-06-12 16:16:00,20.6
2025-06-12 15:40:00,94.0
2025-06-12 04:18:00,41.2
2025-06-12 07:06:00,90.3
2025-06-12 17:37:00,77.5
2025-06-12 01:49:00,66.5
2025-06-12 12:11:00,59.4
2025-06-12 21:17:00,50.4
2025-06-12 11:53:00,66.4
2025-06-12 02:38:00,81.7
2025-06-12 00:26:00,80.8
2025-06-12 02:30:00,49.927249175694776
2025-06-12 03:08:00,49.927249175694776
2025-06-12 07:47:00,43.2
2025-06-12 22:16:00,18.9
2025-06-12 15:27:00,48.8
2025-06-12 07:20:00,97.3
2025-06-12 01:03:00,2.7
2025-06-12 03:17:00,98.5
2025-06-12 21:09:00,27.2
2025-06-12 18:30:00,60.5
2025-06-12 16:06:00,3.6
2025-06-12 07:08:00,35.0
2025-06-12 08:38:00,67.4
2025-06-12 07:12:00,82.1
2025-06-12 17:42:00,41.9
2025-06-12 14:06:00,49.927249175694776
2025-06-12 03:54:00,34.6
2025-06-12 07:06:00,69.3
2025-06-12 16:17:00,82.4
2025-06-12 04:29:00,47.6
2025-06-12 07:47:00,20.2
2025-06-12 17:51:00,0.3
2025-06-12 16:07:00,49.927249175694776
2025-06-12 17:19:00,72.2
2025-06-12 17:00:00,31.7
2025-06-12 06:26:00,40.7
2025-06-12 20:33:00,8.0
2025-06-12 17:19:00,4.9
2025-06-12 03:47:00,32.7
2025-06-12 16:47:00,4.5
2025-06-12 14:54:00,61.0
2025-06-12 16:40:00,49.927249175694776
2025-06-12 11:07:00,78.5
2025-06-12 23:40:00,29.0
2025-06-12 21:49:00,77.5
2025-06-12 01:44:00,38.6
2025-06-12 11:00:00,95.5
2025-06-12 16:02:00,11.0
2025-06-12 09:48:00,49.927249175694776
2025-06-12 13:55:00,43.6
2025-06-12 11:55:00,89.7
2025-06-12 12:52:00,49.927249175694776
2025-06-12 14:06:00,76.2
2025-06-12 22:41:00,93.3
2025-06-12 10:10:00,46.0
2025-06-12 08:25:00,49.927249175694776
2025-06-12 22:35:00,45.0
2025-06-12 10:34:00,85.7
2025-06-12 02:41:00,78.4
2025-06-12 02:57:00,92.0
2025-06-12 13:08:00,49.927249175694776
2025-06-12 20:04:00,82.7
2025-06-12 11:45:00,55.9
2025-06-12 06:02:00,61.5
2025-06-12 22:01:00,49.927249175694776
2025-06-12 23:40:00,41.0
2025-06-12 20:13:00,60.0
2025-06-12 22:15:00,64.6
2025-06-12 00:09:00,17.6
2025-06-12 16:19:00,7.3
2025-06-12 01:42:00,67.6
2025-06-12 20:39:00,39.5
2025-06-12 02:29:00,53.6
2025-06-12 00:01:00,49.927249175694776
2025-06-12 15:14:00,88.0
2025-06-12 15:00:00,36.2
2025-06-12 20:11:00,98.3
2025-06-12 08:14:00,9.6
2025-06-12 08:20:00,54.6
2025-06-12 12:19:00,49.927249175694776
2025-06-12 18:47:00,37.4
2025-06-12 09:03:00,96.0
2025-06-12 02:13:00,49.927249175694776
2025-06-12 03:29:00,8.0
2025-06-12 07:31:00,36.3
2025-06-12 02:33:00,49.927249175694776
2025-06-12 07:14:00,33.9
2025-06-12 02:24:00,73.2
2025-06-12 10:08:00,62.7
2025-06-12 15:02:00,97.6
2025-06-12 13:58:00,74.0
2025-06-12 16:27:00,73.7
2025-06-12 03:02:00,1.5
2025-06-12 10:21:00,25.4
2025-06-12 22:44:00,43.5
2025-06-12 22:38:00,25.3
2025-06-12 00:37:00,78.4
2025-06-12 17:23:00,45.6
2025-06-12 13:45:00,2.2
2025-06-12 07:32:00,58.0
2025-06-12 03:15:00,0.7
2025-06-12 20:07:00,28.2
2025-06-12 01:13:00,16.8
2025-06-12 11:45:00,49.927249175694776
2025-06-12 12:34:00,89.3
2025-06-12 03:45:00,49.927249175694776
2025-06-12 15:13:00,49.927249175694776
2025-06-12 20:40:00,6.4
2025-06-12 02:50:00,32.2
2025-06-12 04:55:00,53.9
2025-06-12 06:44:00,16.9
2025-06-12 14:53:00,58.3
2025-06-12 15:44:00,49.927249175694776
2025-06-12 10:12:00,38.3
2025-06-12 06:15:00,6.6
2025-06-12 01:34:00,40.8
2025-06-12 23:22:00,49.927249175694776
2025-06-12 18:30:00,49.927249175694776
2025-06-12 07:12:00,70.3
2025-06-12 17:10:00,25.7
2025-06-12 00:37:00,10.0
2025-06-12 12:42:00,75.8
2025-06-12 11:34:00,97.0
2025-06-12 06:22:00,46.5
2025-06-12 09:33:00,45.9
2025-06-12 09:34:00,48.5
2025-06-12 08:30:00,44.2
2025-06-12 09:30:00,10.0
2025-06-12 05:48:00,37.4
2025-06-12 00:09:00,9.2
2025-06-12 14:47:00,42.6
2025-06-12 22:10:00,19.7
2025-06-12 17:18:00,84.9
2025-06-12 09:40:00,23.8
2025-06-12 00:32:00,15.1
2025-06-12 23:20:00,66.3
2025-06-12 12:43:00,11.8
2025-06-12 17:19:00,30.0
2025-06-12 11:47:00,33.1
2025-06-12 19:34:00,22.4
2025-06-12 02:17:00,72.3
2025-06-12 21:52:00,49.927249175694776
2025-06-12 10:33:00,18.7
2025-06-12 15:32:00,22.6
2025-06-12 05:34:00,25.6
2025-06-12 11:59:00,3.0
2025-06-12 15:24:00,88.3
2025-06-12 10:07:00,49.8
2025-06-12 06:43:00,12.1
2025-06-12 00:49:00,19.2
2025-06-12 02:00:00,37.0
2025-06-12 09:55:00,20.8
2025-06-12 20:47:00,67.1
2025-06-12 02:55:00,98.5
2025-06-12 10:01:00,73.5
2025-06-12 03:23:00,8.3
2025-06-12 20:13:00,33.6
2025-06-12 01:54:00,60.7
2025-06-12 17:40:00,32.9
2025-06-12 20:26:00,4.7
2025-06-12 05:17:00,24.6
2025-06-12 06:53:00,94.8
2025-06-12 11:57:00,94.8
2025-06-12 15:38:00,7.9
2025-06-12 08:52:00,81.7
2025-06-12 06:55:00,49.927249175694776
2025-06-12 16:59:00,41.1
2025-06-12 16:44:00,17.9
2025-06-12 00:00:00,0.1
2025-06-12 06:41:00,86.0
2025-06-12 02:26:00,66.2
2025-06-12 09:40:00,49.927249175694776
2025-06-12 00:01:00,87.7
2025-06-12 05:33:00,73.1
2025-06-12 10:04:00,33.6
2025-06-12 02:29:00,47.4
2025-06-12 23:19:00,47.0
2025-06-12 08:18:00,52.3
2025-06-12 11:35:00,97.1
2025-06-12 22:50:00,4.0
2025-06-12 14:24:00,2.7
2025-06-12 13:40:00,70.5
2025-06-12 23:11:00,31.8
2025-06-12 07:47:00,91.0
2025-06-12 05:57:00,63.6
2025-06-12 15:48:00,26.5
2025-06-12 10:59:00,60.3
2025-06-12 00:33:00,55.8
2025-06-12 16:37:00,32.7
2025-06-12 20:50:00,65.0
2025-06-12 22:15:00,89.2
2025-06-12 15:18:00,49.7
2025-06-12 14:20:00,6.7
2025-06-12 05:18:00,69.0
2025-06-12 17:04:00,19.7
2025-06-12 02:42:00,49.927249175694776
2025-06-12 09:48:00,41.5
2025-06-12 16:40:00,4.2
2025-06-12 04:38:00,44.8
2025-06-12 19:55:00,87.6
2025-06-12 03:46:00,30.0
2025-06-12 13:52:00,94.0
2025-06-12 04:30:00,55.3
2025-06-12 00:18:00,73.1
2025-06-12 05:37:00,31.4
2025-06-12 10:44:00,1.3
2025-06-12 09:53:00,49.927249175694776
2025-06-12 03:48:00,49.927249175694776
2025-06-12 04:04:00,15.4
2025-06-12 12:48:00,3.1
2025-06-12 10:15:00,65.7
2025-06-12 16:11:00,16.3
2025-06-12 13:58:00,2.5
2025-06-12 03:36:00,49.927249175694776
2025-06-12 12:01:00,20.7
2025-06-12 15:50:00,5.7
2025-06-12 17:03:00,22.8
2025-06-12 08:15:00,93.3
2025-06-12 20:23:00,17.2
2025-06-12 19:34:00,40.9
2025-06-12 04:29:00,70.3
2025-06-12 07:51:00,2.8
2025-06-12 22:24:00,12.8
2025-06-12 12:45:00,24.0
2025-06-12 20:23:00,19.7
2025-06-12 18:21:00,9.0
2025-06-12 01:50:00,33.6
2025-06-12 21:10:00,39.9
2025-06-12 17:23:00,77.1
2025-06-12 22:22:00,49.927249175694776
2025-06-12 08:32:00,54.9
2025-06-12 17:12:00,87.3
2025-06-12 14:14:00,30.9
2025-06-12 09:14:00,33.8
2025-06-12 21:45:00,14.8
2025-06-12 08:18:00,52.5
2025-06-12 10:53:00,64.4
2025-06-12 12:01:00,49.72265128325876
2025-06-12 21:06:00,49.72265128325876
2025-06-12 22:32:00,84.0
2025-06-12 15:10:00,0.3
2025-06-12 14:41:00,63.2
2025-06-12 20:34:00,94.3
2025-06-12 10:18:00,62.4
2025-06-12 14:27:00,87.7
2025-06-12 10:52:00,25.6
2025-06-12 20:47:00,9.9
2025-06-12 19:24:00,71.4
2025-06-12 17:37:00,39.5
2025-06-12 17:32:00,49.72265128325876
2025-06-12 17:33:00,98.7
2025-06-12 07:47:00,60.3
2025-06-12 01:32:00,6.8
2025-06-12 18:21:00,2.3
2025-06-12 09:39:00,46.7
2025-06-12 05:06:00,80.3
2025-06-12 12:32:00,49.72265128325876
2025-06-12 09:52:00,13.7
2025-06-12 02:44:00,84.1
2025-06-12 00:21:00,64.1
2025-06-12 00:16:00,49.72265128325876
2025-06-12 06:28:00,49.2
2025-06-12 18:17:00,67.6
2025-06-12 08:16:00,38.4
2025-06-12 00:28:00,57.5
2025-06-12 16:49:00,44.6
2025-06-12 18:46:00,94.2
2025-06-12 22:36:00,49.72265128325876
2025-06-12 12:33:00,76.4
2025-06-12 20:55:00,51.6
2025-06-12 23:18:00,90.6
2025-06-12 15:23:00,74.5
2025-06-12 06:41:00,3.5
2025-06-12 18:39:00,72.3
2025-06-12 22:33:00,49.72265128325876
2025-06-12 14:13:00,0.1
2025-06-12 15:37:00,49.72265128325876
2025-06-12 06:05:00,89.5
2025-06-12 01:22:00,58.7
2025-06-12 02:09:00,85.1
2025-06-12 07:55:00,74.8
2025-06-12 07:45:00,92.4
2025-06-12 03:06:00,0.9
2025-06-12 16:31:00,97.3
2025-06-12 13:08:00,86.3
2025-06-12 10:48:00,80.7
2025-06-12 18:38:00,13.3
2025-06-12 00:27:00,49.72265128325876
2025-06-12 20:36:00,39.7
2025-06-12 17:02:00,45.6
2025-06-12 15:47:00,21.4
2025-06-12 23:50:00,69.5
2025-06-12 11:51:00,6.0
2025-06-12 11:04:00,30.0
2025-06-12 02:13:00,69.0
2025-06-12 05:14:00,40.2
2025-06-12 09:39:00,88.0
2025-06-12 05:04:00,73.6
2025-06-12 17:32:00,8.2
2025-06-12 10:34:00,90.8
2025-06-12 22:12:00,39.9
2025-06-12 15:57:00,49.72265128325876
2025-06-12 14:55:00,82.5
2025-06-12 16:22:00,20.7
2025-06-12 22:48:00,29.8
2025-06-12 05:04:00,79.0
2025-06-12 21:31:00,49.72265128325876
2025-06-12 04:04:00,31.6
2025-06-12 01:44:00,0.6
2025-06-12 09:19:00,10.0
2025-06-12 07:53:00,0.3
2025-06-12 09:02:00,62.5
2025-06-12 22:52:00,17.0
2025-06-12 05:34:00,50.2
2025-06-12 03:23:00,4.7
2025-06-12 11:02:00,77.3
2025-06-12 20:56:00,49.72265128325876
2025-06-12 04:23:00,49.72265128325876
2025-06-12 18:39:00,26.0
2025-06-12 04:10:00,11.4
2025-06-12 04:11:00,85.6
2025-06-12 09:43:00,62.8
2025-06-12 08:44:00,49.72265128325876
2025-06-12 01:51:00,49.72265128325876
2025-06-12 00:45:00,16.7
2025-06-12 01:35:00,15.7
2025-06-12 03:37:00,90.7
2025-06-12 18:58:00,30.7
2025-06-12 11:55:00,28.9
2025-06-12 02:04:00,49.72265128325876
2025-06-12 07:47:00,80.4
2025-06-12 12:17:00,79.1
2025-06-12 20:16:00,14.7
2025-06-12 10:38:00,45.4
2025-06-12 00:10:00,70.7
2025-06-12 14:49:00,86.5
2025-06-12 05:19:00,65.9
2025-06-12 17:00:00,49.0
2025-06-12 19:09:00,71.0
2025-06-12 15:57:00,49.72265128325876
2025-06-12 13:39:00,62.8
2025-06-12 22:05:00,31.7
2025-06-12 17:30:00,49.72265128325876
2025-06-12 02:22:00,74.5
2025-06-12 01:05:00,85.1
2025-06-12 05:14:00,49.72265128325876
2025-06-12 15:03:00,73.8
2025-06-12 12:58:00,49.72265128325876
2025-06-12 21:02:00,60.0
2025-06-12 07:53:00,49.72265128325876
2025-06-12 14:25:00,0.6
2025-06-12 13:00:00,63.3
2025-06-12 17:17:00,67.9
2025-06-12 01:03:00,42.4
2025-06-12 04:13:00,49.72265128325876
2025-06-12 21:32:00,50.0
2025-06-12 00:27:00,99.8
2025-06-12 06:24:00,43.0
2025-06-12 08:53:00,27.5
2025-06-12 10:33:00,52.5
2025-06-12 12:38:00,35.2
2025-06-12 02:51:00,22.7
2025-06-12 03:31:00,62.7
2025-06-12 17:58:00,46.9
2025-06-12 15:59:00,29.5
2025-06-12 09:15:00,94.6
2025-06-12 06:31:00,76.3
2025-06-12 11:29:00,71.5
2025-06-12 20:25:00,49.72265128325876
2025-06-12 19:49:00,1.6
2025-06-12 00:06:00,0.1
2025-06-12 15:19:00,93.4
2025-06-12 18:10:00,30.9
2025-06-12 14:42:00,57.1
2025-06-12 17:52:00,69.7
2025-06-12 11:43:00,37.1
2025-06-12 13:40:00,16.8
2025-06-12 08:57:00,49.72265128325876
2025-06-12 19:38:00,32.1
2025-06-12 21:43:00,41.3
2025-06-12 13:31:00,53.3
2025-06-12 05:16:00,68.1
2025-06-12 00:30:00,59.7
2025-06-12 03:18:00,48.2
2025-06-12 13:09:00,76.6
2025-06-12 11:14:00,71.6
2025-06-12 05:15:00,0.9
2025-06-12 23:57:00,38.8
2025-06-12 09:25:00,24.0
2025-06-12 03:08:00,36.6
2025-06-12 00:23:00,63.1
2025-06-12 19:53:00,81.2
2025-06-12 04:02:00,76.3
2025-06-12 17:52:00,4.6
2025-06-12 02:31:00,47.1
2025-06-12 06:04:00,73.2
2025-06-12 00:27:00,75.7
2025-06-12 00:38:00,95.4
2025-06-12 10:59:00,85.7
2025-06-12 10:22:00,77.9
2025-06-12 00:55:00,62.9
2025-06-12 12:17:00,7.9
2025-06-12 06:51:00,99.3
2025-06-12 14:05:00,39.0
2025-06-12 23:20:00,0.7
2025-06-12 05:36:00,5.1
2025-06-12 02:30:00,12.9
2025-06-12 02:13:00,67.1
2025-06-12 21:53:00,12.1
2025-06-12 23:27:00,85.1
2025-06-12 08:49:00,30.8
2025-06-12 09:41:00,99.5
2025-06-12 16:04:00,22.0
2025-06-12 14:52:00,14.3
2025-06-12 11:18:00,49.1
2025-06-12 05:00:00,61.8
2025-06-12 05:52:00,92.3
2025-06-12 05:44:00,84.6
2025-06-12 10:19:00,89.1
2025-06-12 10:56:00,1.1
2025-06-12 03:11:00,58.6
2025-06-12 01:54:00,48.0
2025-06-12 13:09:00,46.6
2025-06-12 13:52:00,73.4
2025-06-12 20:03:00,1.1
2025-06-12 16:16:00,49.72265128325876
2025-06-12 10:43:00,10.2
2025-06-12 11:00:00,60.9
2025-06-12 17:33:00,46.3
2025-06-12 00:32:00,95.9
2025-06-12 14:51:00,56.6
2025-06-12 19:15:00,62.4
2025-06-12 22:11:00,8.1
2025-06-12 17:43:00,66.4
2025-06-12 20:43:00,0.8
2025-06-12 05:27:00,37.1
2025-06-12 18:36:00,25.3
2025-06-12 04:32:00,0.4
2025-06-12 19:06:00,70.5
2025-06-12 17:10:00,43.3
2025-06-12 14:02:00,54.1
2025-06-12 20:14:00,77.0
2025-06-12 13:39:00,29.3
2025-06-12 11:16:00,49.72265128325876
2025-06-12 13:08:00,44.1
2025-06-12 15:12:00,47.8
2025-06-12 11:27:00,34.8
2025-06-12 01:41:00,47.7
2025-06-12 23:12:00,20.6
2025-06-12 13:10:00,30.3
2025-06-12 15:40:00,13.2
2025-06-12 13:53:00,85.2
2025-06-12 13:25:00,49.72265128325876
2025-06-12 22:57:00,90.3
2025-06-12 19:35:00,18.7
2025-06-12 01:44:00,83.7
2025-06-12 01:38:00,25.8
2025-06-12 04:20:00,88.0
2025-06-12 13:53:00,99.5
2025-06-12 03:30:00,69.6
2025-06-12 06:45:00,61.6
2025-06-12 13:59:00,89.2
2025-06-12 05:50:00,16.9
2025-06-12 08:17:00,27.6
2025-06-12 20:47:00,36.1
2025-06-12 11:51:00,87.5
2025-06-12 12:30:00,58.0
2025-06-12 12:07:00,6.3
2025-06-12 17:24:00,49.72265128325876
2025-06-12 22:12:00,59.9
2025-06-12 23:57:00,9.2
2025-06-12 08:13:00,49.72265128325876
2025-06-12 18:31:00,27.7
2025-06-12 12:08:00,36.6
2025-06-12 07:05:00,65.3
2025-06-12 16:32:00,68.8
2025-06-12 06:18:00,91.0
2025-06-12 12:27:00,62.4
2025-06-12 00:18:00,63.2
2025-06-12 22:18:00,32.1
2025-06-12 19:35:00,80.3
2025-06-12 20:24:00,66.4
2025-06-12 17:55:00,83.1
2025-06-12 19:00:00,3.2
2025-06-12 21:13:00,89.2
2025-06-12 01:04:00,31.6
2025-06-12 05:22:00,21.0
2025-06-12 10:33:00,56.8
2025-06-12 06:46:00,53.8
2025-06-12 19:11:00,72.3
2025-06-12 12:26:00,9.5
2025-06-12 04:19:00,96.7
2025-06-12 20:06:00,63.0
2025-06-12 06:40:00,49.72265128325876
2025-06-12 05:00:00,70.3
2025-06-12 04:56:00,33.7
2025-06-12 20:50:00,58.0
2025-06-12 16:07:00,15.0
2025-06-12 23:55:00,56.0
2025-06-12 02:43:00,50.9
2025-06-12 12:10:00,49.72265128325876
2025-06-12 21:29:00,25.4
2025-06-12 23:10:00,14.5
2025-06-12 12:04:00,81.0
2025-06-12 10:07:00,25.5
2025-06-12 08:26:00,49.72265128325876
2025-06-12 19:26:00,67.1
2025-06-12 18:35:00,49.72265128325876
2025-06-12 07:32:00,48.5
2025-06-12 18:34:00,10.3
2025-06-12 23:48:00,49.72265128325876
2025-06-12 07:19:00,90.4
2025-06-12 09:03:00,70.9
2025-06-12 23:28:00,95.4
2025-06-12 15:47:00,76.7
2025-06-12 05:02:00,2.2
2025-06-12 00:34:00,7.5
2025-06-12 23:29:00,57.7
2025-06-12 19:42:00,50.6
2025-06-12 12:38:00,67.0
2025-06-12 08:51:00,53.1
2025-06-12 12:39:00,10.3
2025-06-12 03:45:00,65.6
2025-06-12 00:45:00,30.3
2025-06-12 01:23:00,72.5
2025-06-12 04:42:00,47.1
2025-06-12 00:42:00,51.3
2025-06-12 09:17:00,4.3
2025-06-12 16:18:00,49.72265128325876
2025-06-12 05:34:00,98.9
2025-06-12 11:21:00,49.72265128325876
2025-06-12 03:57:00,96.7
2025-06-12 09:06:00,76.9
2025-06-12 18:50:00,91.9
2025-06-12 01:55:00,80.5
2025-06-12 03:06:00,84.1
2025-06-12 19:14:00,68.6
2025-06-12 11:25:00,49.2
2025-06-12 03:53:00,24.5
2025-06-12 03:52:00,49.72265128325876
2025-06-12 20:55:00,4.4
2025-06-12 09:42:00,88.3
2025-06-12 14:25:00,49.72265128325876
2025-06-12 10:45:00,38.0
2025-06-12 13:00:00,61.1
2025-06-12 06:50:00,37.9
2025-06-12 10:09:00,78.8
2025-06-12 20:50:00,67.0
2025-06-12 16:29:00,47.8
2025-06-12 23:00:00,49.72265128325876
2025-06-12 15:25:00,49.72265128325876
2025-06-12 09:26:00,96.2
2025-06-12 22:30:00,65.7
2025-06-12 03:26:00,49.72265128325876
2025-06-12 06:46:00,70.2
2025-06-12 03:09:00,14.4
2025-06-12 19:00:00,85.6
2025-06-12 12:18:00,49.72265128325876
2025-06-12 16:16:00,7.4
2025-06-12 00:02:00,70.8
2025-06-12 09:49:00,51.3
2025-06-12 13:54:00,90.7
2025-06-12 18:40:00,26.7
2025-06-12 14:25:00,61.4
2025-06-12 02:37:00,7.5
2025-06-12 07:12:00,75.3
2025-06-12 16:08:00,21.6
2025-06-12 20:02:00,49.72265128325876
2025-06-12 23:02:00,33.2
2025-06-12 00:42:00,83.2
2025-06-12 16:58:00,62.0
2025-06-12 20:09:00,98.8
2025-06-12 15:30:00,27.2
2025-06-12 06:09:00,49.72265128325876
2025-06-12 09:20:00,59.0
2025-06-12 18:13:00,17.8
2025-06-12 18:22:00,22.6
2025-06-12 03:43:00,55.5
2025-06-12 03:23:00,96.3
2025-06-12 01:02:00,37.1
2025-06-12 15:05:00,50.25777465777466
2025-06-12 04:40:00,50.25777465777466
2025-06-12 08:07:00,39.7
2025-06-12 00:40:00,4.0
2025-06-12 23:17:00,57.3
2025-06-12 04:07:00,67.2
2025-06-12 12:47:00,80.5
2025-06-12 04:46:00,50.25777465777466
2025-06-12 14:12:00,50.25777465777466
2025-06-12 08:31:00,58.6
2025-06-12 04:12:00,27.8
2025-06-12 05:03:00,10.4
2025-06-12 10:39:00,33.6
2025-06-12 18:13:00,50.25777465777466
2025-06-12 03:13:00,83.6
2025-06-12 19:45:00,45.3
2025-06-12 20:07:00,97.1
2025-06-12 17:42:00,97.8
2025-06-12 17:35:00,77.1
2025-06-12 10:56:00,40.4
2025-06-12 05:37:00,16.5
2025-06-12 14:06:00,3.4
2025-06-12 10:17:00,44.9
2025-06-12 15:04:00,89.3
2025-06-12 23:26:00,51.5
2025-06-12 13:35:00,45.6
2025-06-12 18:51:00,10.3
2025-06-12 19:33:00,53.7
2025-06-12 17:41:00,64.0
2025-06-12 06:35:00,50.25777465777466
2025-06-12 09:38:00,77.3
2025-06-12 13:05:00,37.4
2025-06-12 05:42:00,75.7
2025-06-12 06:09:00,56.1
2025-06-12 14:52:00,90.3
2025-06-12 18:57:00,48.4
2025-06-12 13:21:00,82.8
2025-06-12 23:54:00,73.0
2025-06-12 22:31:00,92.9
2025-06-12 12:44:00,50.25777465777466
2025-06-12 12:33:00,44.8
2025-06-12 20:11:00,13.9
2025-06-12 17:09:00,36.6
2025-06-12 06:12:00,33.9
2025-06-12 08:42:00,50.25777465777466
2025-06-12 05:50:00,64.3
2025-06-12 08:01:00,93.1
2025-06-12 22:26:00,46.7
2025-06-12 02:37:00,54.9
2025-06-12 01:24:00,10.4
2025-06-12 08:15:00,41.6
2025-06-12 18:32:00,50.25777465777466
2025-06-12 17:30:00,29.7
2025-06-12 00:48:00,98.9
2025-06-12 14:40:00,60.6
2025-06-12 07:19:00,66.5
2025-06-12 21:39:00,89.4
2025-06-12 21:20:00,20.4
2025-06-12 09:15:00,50.25777465777466
2025-06-12 08:10:00,50.25777465777466
2025-06-12 22:04:00,18.7
2025-06-12 20:43:00,50.25777465777466
2025-06-12 12:03:00,16.9
2025-06-12 02:37:00,79.0
2025-06-12 23:03:00,50.25777465777466
2025-06-12 01:31:00,0.7
2025-06-12 15:01:00,30.3
2025-06-12 16:36:00,38.3
2025-06-12 11:14:00,39.7
2025-06-12 13:01:00,44.7
2025-06-12 08:33:00,35.6
2025-06-12 05:52:00,38.0
2025-06-12 00:19:00,50.25777465777466
2025-06-12 02:47:00,77.2
2025-06-12 18:43:00,39.1
2025-06-12 23:48:00,9.1
2025-06-12 12:52:00,44.3
2025-06-12 11:01:00,39.6
2025-06-12 07:11:00,80.6
2025-06-12 18:16:00,50.25777465777466
2025-06-12 18:52:00,50.25777465777466
2025-06-12 01:18:00,9.6
2025-06-12 10:55:00,31.2
2025-06-12 04:04:00,9.8
2025-06-12 13:18:00,50.25777465777466
2025-06-12 06:36:00,15.6
2025-06-12 15:52:00,3.4
2025-06-12 21:19:00,11.5
2025-06-12 20:48:00,45.1
2025-06-12 12:41:00,71.9
2025-06-12 21:42:00,49.3
2025-06-12 05:37:00,71.2
2025-06-12 15:26:00,93.1
2025-06-12 07:45:00,18.5
2025-06-12 15:09:00,19.9
2025-06-12 18:44:00,19.8
2025-06-12 12:21:00,1.4
2025-06-12 00:15:00,89.0
2025-06-12 12:52:00,81.3
2025-06-12 12:56:00,50.7
2025-06-12 22:48:00,68.6
2025-06-12 06:50:00,12.2
2025-06-12 11:45:00,51.8
2025-06-12 12:14:00,44.5
2025-06-12 22:32:00,38.5
2025-06-12 15:35:00,29.5
2025-06-12 08:40:00,1.8
2025-06-12 18:17:00,50.25777465777466
2025-06-12 10:39:00,88.3
2025-06-12 02:31:00,2.1
2025-06-12 18:49:00,19.3
2025-06-12 08:08:00,73.5
2025-06-12 16:39:00,79.3
2025-06-12 09:27:00,62.0
2025-06-12 19:56:00,17.3
2025-06-12 08:13:00,50.25777465777466
2025-06-12 10:33:00,41.8
2025-06-12 17:26:00,23.6
2025-06-12 08:37:00,37.4
2025-06-12 06:21:00,79.6
2025-06-12 09:47:00,97.3
2025-06-12 19:57:00,50.25777465777466
2025-06-12 01:11:00,26.2
2025-06-12 07:45:00,20.6
2025-06-12 22:03:00,95.1
2025-06-12 04:16:00,98.6
2025-06-12 06:25:00,3.4
2025-06-12 18:53:00,91.1
2025-06-12 21:35:00,28.3
2025-06-12 04:10:00,15.3
2025-06-12 21:53:00,75.7
2025-06-12 15:15:00,1.1
2025-06-12 11:13:00,59.5
2025-06-12 04:14:00,3.2
2025-06-12 10:56:00,50.25777465777466
2025-06-12 06:06:00,3.5
2025-06-12 11:06:00,52.8
2025-06-12 06:41:00,69.2
2025-06-12 21:10:00,58.3
2025-06-12 03:24:00,70.7
2025-06-12 16:41:00,0.7
2025-06-12 18:37:00,4.4
2025-06-12 07:24:00,20.1
2025-06-12 18:36:00,29.0
2025-06-12 17:37:00,0.1
2025-06-12 15:14:00,86.8
2025-06-12 12:19:00,10.8
2025-06-12 18:15:00,50.25777465777466
2025-06-12 04:20:00,97.2
2025-06-12 01:47:00,14.8
2025-06-12 15:37:00,84.5
2025-06-12 12:30:00,44.4
2025-06-12 06:37:00,37.2
2025-06-12 17:11:00,29.5
2025-06-12 02:50:00,48.1
2025-06-12 07:14:00,60.7
2025-06-12 16:58:00,50.25777465777466
2025-06-12 11:17:00,53.2
2025-06-12 03:37:00,50.25777465777466
2025-06-12 23:08:00,35.9
2025-06-12 04:48:00,41.5
2025-06-12 09:37:00,72.4
2025-06-12 10:42:00,15.3
2025-06-12 15:13:00,60.7
2025-06-12 06:42:00,28.5
2025-06-12 02:48:00,74.3
2025-06-12 04:27:00,18.1
2025-06-12 06:57:00,41.4
2025-06-12 04:28:00,9.2
2025-06-12 10:52:00,42.7
2025-06-12 01:17:00,47.5
2025-06-12 07:02:00,23.4
2025-06-12 22:53:00,16.3
2025-06-12 06:02:00,42.3
2025-06-12 18:09:00,46.7
2025-06-12 21:00:00,92.8
2025-06-12 08:44:00,74.0
2025-06-12 09:27:00,50.25777465777466
2025-06-12 16:53:00,86.7
2025-06-12 19:44:00,68.5
2025-06-12 05:24:00,86.2
2025-06-12 04:33:00,73.5
2025-06-12 19:48:00,50.3
2025-06-12 16:48:00,82.1
2025-06-12 16:23:00,30.2
2025-06-12 00:56:00,50.25777465777466
2025-06-12 06:18:00,38.4
2025-06-12 07:04:00,43.5
2025-06-12 22:31:00,62.8
2025-06-12 08:14:00,1.0
2025-06-12 01:28:00,77.8
2025-06-12 14:00:00,82.4
2025-06-12 02:08:00,80.3
2025-06-12 08:36:00,25.6
2025-06-12 01:20:00,0.5
2025-06-12 06:55:00,51.4
2025-06-12 12:35:00,27.6
2025-06-12 10:56:00,50.25777465777466
2025-06-12 05:23:00,48.5
2025-06-12 23:17:00,51.1
2025-06-12 12:48:00,66.1
2025-06-12 04:40:00,46.2
2025-06-12 01:09:00,50.25777465777466
2025-06-12 09:06:00,84.7
2025-06-12 17:44:00,50.25777465777466
2025-06-12 14:16:00,73.6
2025-06-12 08:47:00,48.4
2025-06-12 00:29:00,52.4
2025-06-12 20:36:00,10.8
2025-06-12 06:00:00,43.8
2025-06-12 06:40:00,50.25777465777466
2025-06-12 15:00:00,29.7
2025-06-12 18:54:00,10.9
2025-06-12 04:44:00,33.7
2025-06-12 05:04:00,99.0
2025-06-12 07:24:00,31.9
2025-06-12 08:32:00,33.0
2025-06-12 06:32:00,50.25777465777466
2025-06-12 19:02:00,50.25777465777466
2025-06-12 20:25:00,35.8
2025-06-12 15:08:00,24.1
2025-06-12 11:34:00,50.25777465777466
2025-06-12 04:11:00,50.25777465777466
2025-06-12 02:03:00,27.6
2025-06-12 14:49:00,23.5
2025-06-12 19:31:00,35.1
2025-06-12 20:40:00,4.8
2025-06-12 09:21:00,71.0
2025-06-12 20:16:00,99.2
2025-06-12 19:27:00,50.25777465777466
2025-06-12 00:35:00,83.0
2025-06-12 05:30:00,58.7
2025-06-12 19:56:00,6.6
2025-06-12 21:07:00,50.25777465777466
2025-06-12 10:30:00,62.5
2025-06-12 15:55:00,58.4
2025-06-12 23:19:00,53.1
2025-06-12 17:31:00,50.25777465777466
2025-06-12 19:28:00,2.8
2025-06-12 10:40:00,21.1
2025-06-12 20:09:00,50.25777465777466
2025-06-12 02:59:00,45.8
2025-06-12 19:36:00,72.1
2025-06-12 16:02:00,50.25777465777466
2025-06-12 09:28:00,34.9
2025-06-12 19:06:00,72.4
2025-06-12 23:05:00,39.3
2025-06-12 13:40:00,3.2
2025-06-12 18:50:00,75.6
2025-06-12 21:52:00,77.7
2025-06-12 07:11:00,35.9
2025-06-12 12:25:00,50.25777465777466
2025-06-12 00:48:00,33.4
2025-06-12 23:00:00,6.6
2025-06-12 06:33:00,83.7
2025-06-12 05:56:00,21.0
2025-06-12 18:11:00,43.3
2025-06-12 06:38:00,50.25777465777466
2025-06-12 15:46:00,11.3
2025-06-12 22:22:00,50.25777465777466
2025-06-12 09:45:00,6.2
2025-06-12 13:32:00,32.0
2025-06-12 04:36:00,62.2
2025-06-12 23:16:00,70.4
2025-06-12 06:08:00,50.25777465777466
2025-06-12 06:29:00,81.7
2025-06-12 17:57:00,93.1
2025-06-12 05:17:00,34.6
2025-06-12 22:19:00,50.25777465777466
2025-06-12 08:20:00,50.25777465777466
2025-06-12 19:32:00,62.3
2025-06-12 09:29:00,49.7
2025-06-12 23:23:00,2.1
2025-06-12 14:08:00,22.7
2025-06-12 11:42:00,92.9
2025-06-12 23:01:00,24.6
2025-06-12 00:43:00,49.4
2025-06-12 01:56:00,79.8
2025-06-12 00:19:00,74.8
2025-06-12 04:11:00,99.4
2025-06-12 09:07:00,98.0
2025-06-12 09:11:00,62.2
2025-06-12 18:03:00,16.1
2025-06-12 21:26:00,70.2
2025-06-12 19:32:00,70.4
2025-06-12 20:46:00,28.3
2025-06-12 02:25:00,69.8
2025-06-12 07:54:00,25.3
2025-06-12 19:13:00,34.8
2025-06-12 02:27:00,2.3
2025-06-12 01:18:00,44.5
2025-06-12 07:59:00,96.2
2025-06-12 03:41:00,72.6
2025-06-12 17:36:00,74.5
2025-06-12 04:35:00,23.9
2025-06-12 14:46:00,40.9
2025-06-12 10:56:00,80.6
2025-06-12 08:11:00,28.2
2025-06-12 15:06:00,69.4
2025-06-12 05:25:00,50.25777465777466
2025-06-12 21:05:00,29.3
2025-06-12 17:22:00,50.25777465777466
2025-06-12 05:55:00,67.4
2025-06-12 05:25:00,50.25777465777466
2025-06-12 12:08:00,71.9
2025-06-12 20:19:00,15.0
2025-06-12 23:28:00,76.3
2025-06-12 08:29:00,83.8
2025-06-12 01:19:00,58.0
2025-06-12 03:10:00,28.2
2025-06-12 01:21:00,50.25777465777466
2025-06-12 03:28:00,20.3
2025-06-12 10:35:00,36.3
2025-06-12 13:45:00,80.2
2025-06-12 10:11:00,65.5
2025-06-12 01:43:00,84.5
2025-06-12 10:38:00,9.0
2025-06-12 21:19:00,64.2
2025-06-12 04:03:00,8.2
2025-06-12 16:54:00,86.3
2025-06-12 01:36:00,34.7
2025-06-12 15:22:00,50.5
2025-06-12 03:59:00,59.3
2025-06-12 02:37:00,45.4
2025-06-12 11:26:00,77.6
2025-06-12 16:55:00,55.7
2025-06-12 04:23:00,78.1
2025-06-12 04:27:00,50.25777465777466
2025-06-12 11:13:00,50.25777465777466
2025-06-12 16:04:00,68.1
2025-06-12 21:56:00,7.1
2025-06-12 03:21:00,72.5
2025-06-12 05:45:00,50.25777465777466
2025-06-12 19:15:00,52.1
2025-06-12 03:34:00,50.25777465777466
2025-06-12 22:25:00,5.9
2025-06-12 04:33:00,57.3
2025-06-12 01:57:00,35.9
2025-06-12 12:55:00,31.3
2025-06-12 15:03:00,74.5
2025-06-12 12:45:00,50.25777465777466
2025-06-12 07:20:00,69.7
2025-06-12 16:33:00,49.9464552238806
2025-06-12 11:17:00,73.9
2025-06-12 01:59:00,49.5
2025-06-12 23:17:00,34.4
2025-06-12 12:16:00,50.9
2025-06-12 13:14:00,75.1
2025-06-12 08:00:00,49.9464552238806
2025-06-12 02:24:00,25.0
2025-06-12 09:38:00,87.7
2025-06-12 07:22:00,30.6
2025-06-12 14:11:00,49.9464552238806
2025-06-12 01:31:00,54.7
2025-06-12 06:45:00,49.9464552238806
2025-06-12 17:12:00,14.9
2025-06-12 12:04:00,27.6
2025-06-12 16:35:00,14.2
2025-06-12 15:44:00,63.5
2025-06-12 15:18:00,57.6
2025-06-12 10:07:00,96.3
2025-06-12 23:10:00,49.9464552238806
2025-06-12 03:13:00,18.4
2025-06-12 06:20:00,63.9
2025-06-12 07:58:00,55.6
2025-06-12 12:21:00,28.5
2025-06-12 21:51:00,49.9464552238806
2025-06-12 07:04:00,20.2
2025-06-12 22:28:00,49.9464552238806
2025-06-12 06:13:00,66.3
2025-06-12 00:44:00,49.9464552238806
2025-06-12 17:43:00,5.6
2025-06-12 13:53:00,78.1
2025-06-12 19:14:00,92.1
2025-06-12 06:31:00,49.9464552238806
2025-06-12 15:15:00,10.7
2025-06-12 07:34:00,25.6
2025-06-12 17:23:00,60.6
2025-06-12 02:38:00,11.1
2025-06-12 07:50:00,9.0
2025-06-12 09:25:00,37.8
2025-06-12 00:35:00,63.2
2025-06-12 00:03:00,47.6
2025-06-12 13:38:00,11.2
2025-06-12 23:28:00,79.7
2025-06-12 09:06:00,38.3
2025-06-12 08:37:00,33.7
2025-06-12 01:56:00,25.9
2025-06-12 16:55:00,49.9464552238806
2025-06-12 04:12:00,82.7
2025-06-12 09:07:00,62.1
2025-06-12 10:48:00,8.9
2025-06-12 13:34:00,62.1
2025-06-12 16:52:00,29.3
2025-06-12 06:54:00,62.0
2025-06-12 05:37:00,45.3
2025-06-12 13:45:00,24.3
2025-06-12 16:55:00,49.9464552238806
2025-06-12 17:25:00,11.1
2025-06-12 07:55:00,38.3
2025-06-12 22:58:00,49.2
2025-06-12 08:53:00,7.0
2025-06-12 15:40:00,72.5
2025-06-12 16:01:00,81.5
2025-06-12 00:37:00,56.2
2025-06-12 04:58:00,53.1
2025-06-12 04:26:00,57.1
2025-06-12 10:53:00,23.4
2025-06-12 19:22:00,49.9464552238806
2025-06-12 10:55:00,23.8
2025-06-12 09:09:00,100.0
2025-06-12 09:35:00,73.0
2025-06-12 22:44:00,11.7
2025-06-12 10:52:00,24.2
2025-06-12 01:44:00,82.0
2025-06-12 23:07:00,68.4
2025-06-12 11:24:00,92.4
2025-06-12 19:37:00,49.9464552238806
2025-06-12 20:41:00,33.2
2025-06-12 22:34:00,26.5
2025-06-12 09:52:00,58.2
2025-06-12 10:02:00,10.6
2025-06-12 04:54:00,73.5
2025-06-12 10:01:00,73.3
2025-06-12 16:32:00,91.1
2025-06-12 23:45:00,19.0
2025-06-12 00:48:00,49.9464552238806
2025-06-12 15:10:00,1.9
2025-06-12 22:48:00,49.9464552238806
2025-06-12 11:32:00,49.9464552238806
2025-06-12 15:17:00,19.9
2025-06-12 16:40:00,80.6
2025-06-12 16:27:00,27.6
2025-06-12 04:54:00,49.9464552238806
2025-06-12 10:10:00,3.6
2025-06-12 19:59:00,17.4
2025-06-12 04:34:00,89.6
2025-06-12 08:49:00,40.8
2025-06-12 15:28:00,48.8
2025-06-12 15:07:00,36.8
2025-06-12 03:00:00,36.1
2025-06-12 02:23:00,20.0
2025-06-12 12:30:00,5.1
2025-06-12 22:00:00,64.4
2025-06-12 05:11:00,19.2
2025-06-12 12:46:00,84.6
2025-06-12 12:01:00,61.2
2025-06-12 23:39:00,38.5
2025-06-12 23:37:00,49.9464552238806
2025-06-12 18:46:00,49.9464552238806
2025-06-12 17:47:00,49.9464552238806
2025-06-12 01:39:00,30.4
2025-06-12 06:51:00,49.9464552238806
2025-06-12 06:09:00,12.6
2025-06-12 05:27:00,92.5
2025-06-12 16:38:00,95.6
2025-06-12 07:54:00,61.9
2025-06-12 10:27:00,2.2
2025-06-12 18:34:00,70.3
2025-06-12 13:17:00,6.6
2025-06-12 06:03:00,17.2
2025-06-12 07:41:00,64.2
2025-06-12 07:42:00,44.5
2025-06-12 00:08:00,85.2
2025-06-12 08:29:00,100.0
2025-06-12 10:07:00,49.9464552238806
2025-06-12 23:54:00,66.3
2025-06-12 19:14:00,49.9464552238806
2025-06-12 06:01:00,37.1
2025-06-12 09:54:00,51.6
2025-06-12 06:58:00,91.7
2025-06-12 00:18:00,49.9464552238806
2025-06-12 16:38:00,76.5
2025-06-12 17:22:00,93.6
2025-06-12 13:11:00,17.4
2025-06-12 09:30:00,49.9464552238806
2025-06-12 04:56:00,82.1
2025-06-12 14:20:00,46.2
2025-06-12 12:26:00,49.9464552238806
2025-06-12 07:02:00,37.3
2025-06-12 18:41:00,49.9464552238806
2025-06-12 16:15:00,49.9464552238806
2025-06-12 01:45:00,49.9464552238806
2025-06-12 17:58:00,17.0
2025-06-12 06:33:00,73.3
2025-06-12 13:57:00,33.0
2025-06-12 01:50:00,60.7
2025-06-12 03:30:00,65.7
2025-06-12 02:48:00,49.9464552238806
2025-06-12 03:25:00,22.4
2025-06-12 14:17:00,32.0
2025-06-12 03:25:00,85.6
2025-06-12 01:09:00,74.8
2025-06-12 05:21:00,64.9
2025-06-12 14:37:00,49.9464552238806
2025-06-12 18:54:00,49.9464552238806
2025-06-12 03:30:00,3.7
2025-06-12 18:51:00,74.4
2025-06-12 13:35:00,47.8
2025-06-12 06:29:00,26.3
2025-06-12 19:42:00,90.5
2025-06-12 07:11:00,44.0
2025-06-12 02:09:00,71.0
2025-06-12 06:20:00,56.9
2025-06-12 10:55:00,96.5
2025-06-12 07:22:00,6.2
2025-06-12 00:14:00,12.2
2025-06-12 02:46:00,55.1
2025-06-12 15:53:00,96.3
2025-06-12 17:49:00,8.2
2025-06-12 18:40:00,49.9464552238806
2025-06-12 21:00:00,12.5
2025-06-12 16:20:00,43.6
2025-06-12 13:27:00,27.1
2025-06-12 14:49:00,85.3
2025-06-12 01:07:00,46.2
2025-06-12 23:08:00,68.8
2025-06-12 20:18:00,74.9
2025-06-12 14:42:00,49.9464552238806
2025-06-12 06:33:00,38.2
2025-06-12 09:39:00,75.2
2025-06-12 19:49:00,49.9464552238806
2025-06-12 09:23:00,42.8
2025-06-12 15:10:00,49.9464552238806
2025-06-12 06:21:00,84.3
2025-06-12 08:35:00,46.7
2025-06-12 16:14:00,91.9
2025-06-12 00:14:00,60.6
2025-06-12 01:01:00,15.6
2025-06-12 16:57:00,49.9464552238806
2025-06-12 02:23:00,74.4
2025-06-12 13:22:00,41.6
2025-06-12 06:47:00,54.1
2025-06-12 20:20:00,18.6
2025-06-12 17:11:00,37.2
2025-06-12 01:24:00,1.8
2025-06-12 08:27:00,89.5
2025-06-12 14:52:00,49.9464552238806
2025-06-12 05:43:00,49.9464552238806
2025-06-12 23:51:00,99.6
2025-06-12 16:15:00,45.9
2025-06-12 12:35:00,49.9464552238806
2025-06-12 06:53:00,68.6
2025-06-12 01:53:00,89.2
2025-06-12 06:10:00,52.7
2025-06-12 15:54:00,84.9
2025-06-12 00:56:00,50.7
2025-06-12 11:39:00,23.1
2025-06-12 00:34:00,49.9464552238806
2025-06-12 01:06:00,40.7
2025-06-12 21:33:00,24.0
2025-06-12 22:50:00,36.7
2025-06-12 21:46:00,12.3
2025-06-12 06:45:00,71.5
2025-06-12 04:53:00,98.6
2025-06-12 22:44:00,49.9464552238806
2025-06-12 10:46:00,94.3
2025-06-12 13:18:00,83.2
2025-06-12 17:18:00,55.2
2025-06-12 23:17:00,76.3
2025-06-12 09:49:00,49.9464552238806
2025-06-12 03:21:00,92.8
2025-06-12 21:03:00,55.4
2025-06-12 19:17:00,76.7
2025-06-12 11:13:00,33.4
2025-06-12 07:37:00,96.3
2025-06-12 17:26:00,49.9464552238806
2025-06-12 23:02:00,12.0
2025-06-12 05:33:00,65.4
2025-06-12 12:36:00,74.8
2025-06-12 22:20:00,21.2
2025-06-12 03:38:00,43.3
2025-06-12 10:21:00,0.2
2025-06-12 22:46:00,49.9464552238806
2025-06-12 06:33:00,14.1
2025-06-12 16:44:00,37.8
2025-06-12 15:54:00,59.0
2025-06-12 14:16:00,50.9
2025-06-12 20:09:00,82.1
2025-06-12 13:35:00,34.1
2025-06-12 20:19:00,49.9464552238806
2025-06-12 14:48:00,68.2
2025-06-12 09:34:00,39.6
2025-06-12 05:15:00,34.9
2025-06-12 13:01:00,64.8
2025-06-12 22:21:00,51.3
2025-06-12 17:57:00,0.9
2025-06-12 09:52:00,67.2
2025-06-12 10:52:00,71.9
2025-06-12 16:51:00,54.8
2025-06-12 21:47:00,56.0
2025-06-12 06:19:00,49.9464552238806
2025-06-12 09:44:00,76.8
2025-06-12 19:11:00,16.4
2025-06-12 10:39:00,11.3
2025-06-12 05:24:00,45.5
2025-06-12 06:01:00,49.9464552238806
2025-06-12 13:43:00,22.2
2025-06-12 03:04:00,89.0
2025-06-12 22:41:00,4.4
2025-06-12 08:46:00,19.2
2025-06-12 05:20:00,2.6
2025-06-12 18:29:00,49.9464552238806
2025-06-12 12:38:00,19.7
2025-06-12 07:17:00,49.9464552238806
2025-06-12 15:12:00,2.1
2025-06-12 07:26:00,72.4
2025-06-12 09:31:00,11.9
2025-06-12 06:23:00,91.3
2025-06-12 15:16:00,70.5
2025-06-12 15:22:00,8.3
2025-06-12 08:41:00,18.1
2025-06-12 00:00:00,94.5
2025-06-12 02:37:00,49.1
2025-06-12 06:17:00,96.1
2025-06-12 03:24:00,13.1
2025-06-12 05:55:00,47.2
2025-06-12 17:29:00,94.8
2025-06-12 13:50:00,6.6
2025-06-12 07:23:00,68.3
2025-06-12 09:42:00,49.9464552238806
2025-06-12 14:26:00,17.7
2025-06-12 09:34:00,7.1
2025-06-12 18:56:00,49.9464552238806
2025-06-12 04:32:00,49.9464552238806
2025-06-12 12:38:00,68.0
2025-06-12 11:05:00,88.1
2025-06-12 19:30:00,2.0
2025-06-12 20:39:00,49.9464552238806
2025-06-12 17:03:00,36.3
2025-06-12 23:02:00,99.3
2025-06-12 15:09:00,34.5
2025-06-12 19:29:00,46.2
2025-06-12 19:14:00,45.2
2025-06-12 16:46:00,35.6
2025-06-12 02:21:00,49.9464552238806
2025-06-12 20:41:00,49.9464552238806
2025-06-12 09:06:00,77.6
2025-06-12 07:17:00,20.9
2025-06-12 22:32:00,49.9464552238806
2025-06-12 05:02:00,11.2
2025-06-12 06:32:00,45.8
2025-06-12 16:31:00,78.2
2025-06-12 14:41:00,45.6
2025-06-12 19:53:00,49.9464552238806
2025-06-12 17:47:00,48.2
2025-06-12 03:22:00,30.5
2025-06-12 06:40:00,19.3
2025-06-12 05:51:00,89.5
2025-06-12 18:25:00,49.9464552238806
2025-06-12 13:36:00,22.1
2025-06-12 01:47:00,67.1
2025-06-12 15:31:00,5.3
2025-06-12 10:44:00,25.7
2025-06-12 03:03:00,30.7
2025-06-12 07:09:00,52.7
2025-06-12 02:51:00,27.4
2025-06-12 17:40:00,8.3
2025-06-12 01:50:00,67.6
2025-06-12 03:43:00,39.3
2025-06-12 02:42:00,68.9
2025-06-12 15:47:00,99.1
2025-06-12 03:38:00,97.0
2025-06-12 21:38:00,57.6
2025-06-12 17:17:00,85.6
2025-06-12 18:44:00,55.3
2025-06-12 00:48:00,66.8
2025-06-12 15:41:00,49.9464552238806
2025-06-12 17:48:00,11.4
2025-06-12 21:46:00,94.7
2025-06-12 15:21:00,49.9464552238806
2025-06-12 17:04:00,78.2
2025-06-12 07:39:00,99.0
2025-06-12 17:17:00,15.6
2025-06-12 02:59:00,1.5
2025-06-12 15:30:00,49.9464552238806
2025-06-12 14:21:00,15.7
2025-06-12 23:11:00,57.4
2025-06-12 16:42:00,98.2
2025-06-12 22:05:00,49.742524640779
2025-06-12 21:26:00,96.1
2025-06-12 11:03:00,64.5
2025-06-12 16:48:00,66.8
2025-06-12 16:47:00,11.5
2025-06-12 03:35:00,49.742524640779
2025-06-12 23:37:00,12.5
2025-06-12 16:50:00,32.2
2025-06-12 11:27:00,21.7
2025-06-12 23:49:00,78.2
2025-06-12 02:53:00,40.1
2025-06-12 01:43:00,61.7
2025-06-12 07:47:00,70.7
2025-06-12 10:10:00,83.4
2025-06-12 03:26:00,10.0
2025-06-12 00:48:00,28.0
2025-06-12 02:12:00,24.4
2025-06-12 13:15:00,21.3
2025-06-12 09:07:00,49.742524640779
2025-06-12 01:09:00,49.742524640779
2025-06-12 13:28:00,68.2
2025-06-12 07:14:00,49.742524640779
2025-06-12 22:57:00,19.2
2025-06-12 14:32:00,70.4
2025-06-12 17:03:00,2.4
2025-06-12 13:44:00,26.9
2025-06-12 20:09:00,66.0
2025-06-12 09:27:00,42.6
2025-06-12 01:43:00,79.1
2025-06-12 00:09:00,13.3
2025-06-12 08:10:00,81.9
2025-06-12 18:05:00,58.2
2025-06-12 18:38:00,14.3
2025-06-12 06:47:00,30.9
2025-06-12 13:57:00,86.2
2025-06-12 06:34:00,99.0
2025-06-12 21:58:00,84.8
2025-06-12 20:06:00,46.5
2025-06-12 00:04:00,35.3
2025-06-12 21:06:00,50.9
2025-06-12 12:55:00,49.2
2025-06-12 10:32:00,42.8
2025-06-12 13:47:00,65.5
2025-06-12 07:29:00,32.3
2025-06-12 18:51:00,50.7
2025-06-12 19:35:00,4.6
2025-06-12 10:11:00,54.0
2025-06-12 07:35:00,49.742524640779
2025-06-12 12:05:00,30.9
2025-06-12 13:21:00,49.742524640779
2025-06-12 05:08:00,12.2
2025-06-12 08:12:00,43.9
2025-06-12 02:00:00,12.2
2025-06-12 17:46:00,49.742524640779
2025-06-12 15:04:00,53.9
2025-06-12 10:21:00,92.8
2025-06-12 21:45:00,56.9
2025-06-12 16:39:00,0.7
2025-06-12 08:42:00,11.1
2025-06-12 11:27:00,11.8
2025-06-12 00:44:00,22.5
2025-06-12 06:51:00,96.2
2025-06-12 16:43:00,33.3
2025-06-12 13:44:00,82.1
2025-06-12 21:57:00,28.9
2025-06-12 08:19:00,49.742524640779
2025-06-12 04:23:00,99.9
2025-06-12 15:17:00,49.742524640779
2025-06-12 02:31:00,1.1
2025-06-12 20:16:00,8.2
2025-06-12 22:15:00,49.742524640779
2025-06-12 22:32:00,46.2
2025-06-12 13:01:00,53.4
2025-06-12 19:59:00,38.9
2025-06-12 09:35:00,74.5
2025-06-12 13:27:00,85.1
2025-06-12 10:29:00,42.4
2025-06-12 23:06:00,46.7
2025-06-12 23:08:00,15.4
2025-06-12 04:51:00,46.6
2025-06-12 22:35:00,49.742524640779
2025-06-12 16:05:00,6.8
2025-06-12 21:01:00,24.4
2025-06-12 01:30:00,50.1
2025-06-12 18:19:00,9.6
2025-06-12 13:01:00,22.3
2025-06-12 03:41:00,67.7
2025-06-12 02:18:00,92.9
2025-06-12 05:32:00,24.0
2025-06-12 10:47:00,70.7
2025-06-12 13:57:00,23.3
2025-06-12 13:57:00,78.0
2025-06-12 10:41:00,28.0
2025-06-12 21:51:00,7.6
2025-06-12 09:09:00,31.9
2025-06-12 13:07:00,49.742524640779
2025-06-12 10:39:00,48.4
2025-06-12 10:53:00,39.0
2025-06-12 18:38:00,73.8
2025-06-12 00:37:00,17.8
2025-06-12 07:27:00,49.742524640779
2025-06-12 17:24:00,61.6
2025-06-12 17:06:00,35.1
2025-06-12 07:11:00,92.2
2025-06-12 19:59:00,1.6
2025-06-12 10:07:00,96.0
2025-06-12 19:44:00,78.4
2025-06-12 04:05:00,90.3
2025-06-12 13:17:00,88.6
2025-06-12 14:55:00,69.9
2025-06-12 17:57:00,17.7
2025-06-12 21:58:00,57.1
2025-06-12 13:47:00,59.3
2025-06-12 23:53:00,42.6
2025-06-12 17:13:00,60.2
2025-06-12 21:38:00,16.8
2025-06-12 09:09:00,31.9
2025-06-12 03:05:00,26.6
2025-06-12 09:46:00,25.0
2025-06-12 13:23:00,40.1
2025-06-12 19:04:00,67.9
2025-06-12 12:53:00,2.8
2025-06-12 17:59:00,71.1
2025-06-12 22:33:00,20.8
2025-06-12 21:03:00,45.7
2025-06-12 02:08:00,49.742524640779
2025-06-12 11:59:00,10.5
2025-06-12 03:22:00,82.6
2025-06-12 19:52:00,38.1
2025-06-12 22:09:00,48.4
2025-06-12 14:03:00,87.8
2025-06-12 21:12:00,88.6
2025-06-12 17:06:00,42.8
2025-06-12 04:23:00,27.0
2025-06-12 11:36:00,2.4
2025-06-12 20:48:00,49.742524640779
2025-06-12 10:00:00,69.4
2025-06-12 16:21:00,66.7
2025-06-12 07:18:00,25.8
2025-06-12 16:37:00,53.0
2025-06-12 09:40:00,32.3
2025-06-12 19:46:00,49.742524640779
2025-06-12 13:18:00,54.2
2025-06-12 06:06:00,39.6
2025-06-12 15:21:00,80.4
2025-06-12 22:54:00,12.7
2025-06-12 05:27:00,7.8
2025-06-12 01:43:00,93.4
2025-06-12 17:25:00,32.4
2025-06-12 03:24:00,46.1
2025-06-12 09:41:00,49.742524640779
2025-06-12 08:55:00,7.1
2025-06-12 15:33:00,5.5
2025-06-12 21:08:00,71.5
2025-06-12 06:07:00,6.4
2025-06-12 02:09:00,34.1
2025-06-12 12:11:00,55.6
2025-06-12 11:54:00,57.7
2025-06-12 17:35:00,48.0
2025-06-12 05:09:00,49.742524640779
2025-06-12 01:46:00,39.8
2025-06-12 18:22:00,95.2
2025-06-12 02:25:00,87.4
2025-06-12 01:30:00,49.742524640779
2025-06-12 03:47:00,68.1
2025-06-12 15:11:00,86.9
2025-06-12 08:39:00,50.8
2025-06-12 19:05:00,38.5
2025-06-12 14:48:00,85.0
2025-06-12 04:18:00,54.2
2025-06-12 04:35:00,20.0
2025-06-12 04:29:00,73.5
2025-06-12 11:42:00,19.0
2025-06-12 06:09:00,0.2
2025-06-12 07:37:00,27.2
2025-06-12 16:10:00,13.0
2025-06-12 09:27:00,57.6
2025-06-12 13:08:00,76.0
2025-06-12 19:20:00,79.2
2025-06-12 08:54:00,82.1
2025-06-12 09:42:00,71.3
2025-06-12 20:29:00,12.3
2025-06-12 18:03:00,85.0
2025-06-12 08:18:00,14.8
2025-06-12 20:22:00,49.5
2025-06-12 05:53:00,31.3
2025-06-12 05:33:00,87.3
2025-06-12 23:33:00,53.0
2025-06-12 07:14:00,82.9
2025-06-12 01:10:00,35.9
2025-06-12 14:21:00,78.9
2025-06-12 13:44:00,17.0
2025-06-12 04:23:00,69.9
2025-06-12 07:14:00,49.742524640779
2025-06-12 19:34:00,39.5
2025-06-12 03:44:00,21.3
2025-06-12 14:36:00,81.3
2025-06-12 12:35:00,57.0
2025-06-12 07:57:00,0.7
2025-06-12 13:46:00,49.742524640779
2025-06-12 13:39:00,52.1
2025-06-12 21:10:00,20.8
2025-06-12 10:23:00,61.7
2025-06-12 06:05:00,22.9
2025-06-12 18:01:00,49.742524640779
2025-06-12 13:04:00,29.1
2025-06-12 11:27:00,20.7
2025-06-12 01:52:00,91.7
2025-06-12 21:43:00,35.6
2025-06-12 07:06:00,46.1
2025-06-12 10:03:00,49.742524640779
2025-06-12 09:44:00,70.5
2025-06-12 06:13:00,98.3
2025-06-12 11:40:00,13.3
2025-06-12 03:21:00,4.1
2025-06-12 20:27:00,69.0
2025-06-12 23:38:00,70.6
2025-06-12 05:56:00,49.742524640779
2025-06-12 17:00:00,99.3
2025-06-12 23:36:00,93.1
2025-06-12 07:08:00,95.6
2025-06-12 22:23:00,49.742524640779
2025-06-12 23:47:00,49.742524640779
2025-06-12 09:38:00,31.0
2025-06-12 06:05:00,13.6
2025-06-12 19:19:00,49.742524640779
2025-06-12 03:53:00,45.5
2025-06-12 05:02:00,61.4
2025-06-12 10:07:00,92.5
2025-06-12 22:18:00,32.1
2025-06-12 11:51:00,36.0
2025-06-12 08:27:00,44.4
2025-06-12 22:21:00,89.5
2025-06-12 03:33:00,89.5
2025-06-12 11:49:00,1.7
2025-06-12 20:51:00,75.3
2025-06-12 05:28:00,3.1
2025-06-12 16:34:00,25.2
2025-06-12 02:46:00,52.8
2025-06-12 23:01:00,49.742524640779
2025-06-12 05:04:00,42.0
2025-06-12 01:34:00,62.3
2025-06-12 14:39:00,69.2
2025-06-12 04:54:00,36.3
2025-06-12 13:38:00,47.4
2025-06-12 01:02:00,49.742524640779
2025-06-12 18:46:00,23.4
2025-06-12 16:35:00,59.1
2025-06-12 21:52:00,40.1
2025-06-12 00:04:00,89.5
2025-06-12 22:37:00,49.742524640779
2025-06-12 19:36:00,1.1
2025-06-12 15:53:00,96.6
2025-06-12 08:46:00,56.4
2025-06-12 09:41:00,47.6
2025-06-12 07:47:00,12.4
2025-06-12 06:45:00,68.2
2025-06-12 00:41:00,53.9
2025-06-12 13:33:00,49.742524640779
2025-06-12 03:53:00,10.9
2025-06-12 04:42:00,49.742524640779
2025-06-12 03:58:00,3.3
2025-06-12 13:18:00,87.2
2025-06-12 19:40:00,1.0
2025-06-12 17:55:00,17.3
2025-06-12 23:25:00,49.742524640779
2025-06-12 08:11:00,57.3
2025-06-12 21:20:00,49.742524640779
2025-06-12 08:19:00,11.7
2025-06-12 17:22:00,92.3
2025-06-12 22:14:00,5.0
2025-06-12 18:00:00,71.6
2025-06-12 15:29:00,29.4
2025-06-12 22:46:00,62.5
2025-06-12 15:35:00,8.8
2025-06-12 06:32:00,56.0
2025-06-12 14:12:00,90.0
2025-06-12 02:44:00,52.8
2025-06-12 16:36:00,37.9
2025-06-12 03:37:00,6.6
2025-06-12 09:47:00,48.0
2025-06-12 12:06:00,85.5
2025-06-12 08:41:00,30.3
2025-06-12 06:09:00,28.0
2025-06-12 19:31:00,26.4
2025-06-12 18:12:00,49.742524640779
2025-06-12 05:43:00,49.742524640779
2025-06-12 11:27:00,20.2
2025-06-12 17:49:00,49.0
2025-06-12 13:50:00,49.742524640779
2025-06-12 16:06:00,46.9
2025-06-12 21:04:00,67.9
2025-06-12 13:16:00,20.0
2025-06-12 17:27:00,53.0
2025-06-12 00:12:00,98.2
2025-06-12 09:40:00,49.742524640779
2025-06-12 13:22:00,71.7
2025-06-12 20:49:00,38.7
2025-06-12 15:31:00,70.0
2025-06-12 08:46:00,49.742524640779
2025-06-12 01:26:00,22.7
2025-06-12 17:27:00,2.7
2025-06-12 03:53:00,63.5
2025-06-12 06:40:00,61.1
2025-06-12 07:43:00,83.8
2025-06-12 08:56:00,41.0
2025-06-12 12:57:00,65.4
2025-06-12 20:08:00,76.2
2025-06-12 07:23:00,49.742524640779
2025-06-12 08:23:00,72.4
2025-06-12 03:14:00,24.5
2025-06-12 11:54:00,11.4
2025-06-12 08:27:00,78.4
2025-06-12 16:21:00,49.742524640779
2025-06-12 04:43:00,49.742524640779
2025-06-12 16:13:00,62.1
2025-06-12 01:22:00,88.6
2025-06-12 01:59:00,49.742524640779
2025-06-12 23:13:00,15.6
2025-06-12 20:31:00,11.9
2025-06-12 15:23:00,10.4
2025-06-12 04:54:00,28.7
2025-06-12 02:58:00,7.6
2025-06-12 13:55:00,40.2
2025-06-12 11:34:00,49.742524640779
2025-06-12 05:57:00,68.9
2025-06-12 22:24:00,93.2
2025-06-12 02:39:00,60.7
2025-06-12 03:59:00,6.5
2025-06-12 12:12:00,74.4
2025-06-12 09:00:00,50.1
2025-06-12 19:00:00,49.742524640779
2025-06-12 18:17:00,7.2
2025-06-12 16:52:00,6.7
2025-06-12 10:29:00,60.2
2025-06-12 00:19:00,96.6
2025-06-12 17:52:00,64.7
2025-06-12 01:28:00,97.8
2025-06-12 17:42:00,0.0
2025-06-12 19:57:00,13.2
2025-06-12 18:48:00,95.7
2025-06-12 18:20:00,50.09606761356967
2025-06-12 09:31:00,5.9
2025-06-12 11:35:00,50.09606761356967
2025-06-12 06:50:00,44.9
2025-06-12 15:28:00,77.9
2025-06-12 03:12:00,50.09606761356967
2025-06-12 09:00:00,47.7
2025-06-12 05:31:00,42.1
2025-06-12 20:11:00,21.5
2025-06-12 03:21:00,75.7
2025-06-12 06:02:00,1.8
2025-06-12 11:11:00,70.0
2025-06-12 08:41:00,70.6
2025-06-12 23:17:00,45.2
2025-06-12 21:38:00,19.9
2025-06-12 13:09:00,50.09606761356967
2025-06-12 12:36:00,50.09606761356967
2025-06-12 16:09:00,84.1
2025-06-12 12:29:00,17.0
2025-06-12 13:32:00,53.3
2025-06-12 08:08:00,59.5
2025-06-12 10:24:00,32.5
2025-06-12 01:20:00,42.6
2025-06-12 02:43:00,57.6
2025-06-12 15:38:00,42.5
2025-06-12 15:36:00,59.7
2025-06-12 10:04:00,38.0
2025-06-12 17:38:00,35.5
2025-06-12 16:39:00,70.6
2025-06-12 08:55:00,69.7
2025-06-12 15:41:00,70.6
2025-06-12 02:59:00,50.09606761356967
2025-06-12 23:22:00,3.7
2025-06-12 16:02:00,66.5
2025-06-12 09:15:00,49.9
2025-06-12 07:35:00,94.8
2025-06-12 03:51:00,60.8
2025-06-12 07:47:00,9.7
2025-06-12 21:14:00,50.09606761356967
2025-06-12 07:06:00,33.6
2025-06-12 23:41:00,80.7
2025-06-12 15:10:00,11.6
2025-06-12 11:49:00,86.0
2025-06-12 11:50:00,10.3
2025-06-12 16:06:00,29.6
2025-06-12 04:24:00,50.09606761356967
2025-06-12 00:23:00,34.5
2025-06-12 21:44:00,70.6
2025-06-12 20:52:00,64.7
2025-06-12 09:18:00,56.0
2025-06-12 07:04:00,7.5
2025-06-12 08:43:00,32.6
2025-06-12 22:52:00,38.0
2025-06-12 23:31:00,13.6
2025-06-12 14:46:00,31.7
2025-06-12 02:18:00,34.2
2025-06-12 12:05:00,17.9
2025-06-12 10:45:00,48.6
2025-06-12 11:35:00,81.9
2025-06-12 00:31:00,50.09606761356967
2025-06-12 11:18:00,94.2
2025-06-12 21:42:00,38.4
2025-06-12 15:52:00,73.4
2025-06-12 18:18:00,74.9
2025-06-12 05:34:00,53.3
2025-06-12 00:16:00,34.7
2025-06-12 16:41:00,6.1
2025-06-12 06:48:00,83.0
2025-06-12 16:02:00,3.0
2025-06-12 03:51:00,99.7
2025-06-12 19:37:00,57.5
2025-06-12 01:34:00,29.2
2025-06-12 14:22:00,3.5
2025-06-12 08:49:00,21.9
2025-06-12 23:42:00,68.0
2025-06-12 17:17:00,18.7
2025-06-12 18:50:00,48.5
2025-06-12 05:23:00,94.3
2025-06-12 22:12:00,55.4
2025-06-12 20:16:00,50.09606761356967
2025-06-12 06:07:00,24.6
2025-06-12 13:00:00,29.0
2025-06-12 05:42:00,50.09606761356967
2025-06-12 09:49:00,99.0
2025-06-12 10:47:00,96.4
2025-06-12 05:18:00,47.6
2025-06-12 09:52:00,2.8
2025-06-12 03:15:00,91.5
2025-06-12 09:52:00,60.5
2025-06-12 21:53:00,17.2
2025-06-12 10:48:00,19.2
2025-06-12 07:02:00,50.09606761356967
2025-06-12 05:48:00,37.6
2025-06-12 03:33:00,79.9
2025-06-12 14:55:00,13.1
2025-06-12 19:27:00,92.8
2025-06-12 10:57:00,80.2
2025-06-12 02:06:00,72.1
2025-06-12 23:55:00,97.2
2025-06-12 09:31:00,54.4
2025-06-12 23:46:00,51.6
2025-06-12 17:59:00,50.09606761356967
2025-06-12 23:33:00,26.3
2025-06-12 00:46:00,50.09606761356967
2025-06-12 07:09:00,47.7
2025-06-12 07:06:00,79.0
2025-06-12 16:46:00,60.6
2025-06-12 03:12:00,89.4
2025-06-12 17:13:00,41.6
2025-06-12 20:43:00,19.0
2025-06-12 01:56:00,56.8
2025-06-12 21:04:00,26.1
2025-06-12 01:47:00,81.7
2025-06-12 18:18:00,45.0
2025-06-12 07:53:00,24.3
2025-06-12 00:18:00,69.4
2025-06-12 00:24:00,85.0
2025-06-12 04:11:00,53.4
2025-06-12 15:18:00,32.9
2025-06-12 17:23:00,6.8
2025-06-12 18:23:00,59.7
2025-06-12 17:34:00,88.7
2025-06-12 17:31:00,70.9
2025-06-12 12:08:00,46.3
2025-06-12 15:34:00,68.7
2025-06-12 09:06:00,50.09606761356967
2025-06-12 03:22:00,3.1
2025-06-12 10:42:00,50.09606761356967
2025-06-12 04:03:00,57.4
2025-06-12 00:11:00,37.8
2025-06-12 05:17:00,50.09606761356967
2025-06-12 22:49:00,43.7
2025-06-12 19:35:00,5.0
2025-06-12 21:41:00,9.2
2025-06-12 02:46:00,38.9
2025-06-12 01:51:00,61.8
2025-06-12 13:03:00,23.7
2025-06-12 00:04:00,50.09606761356967
2025-06-12 14:18:00,26.6
2025-06-12 19:33:00,47.3
2025-06-12 04:27:00,50.09606761356967
2025-06-12 13:31:00,5.6
2025-06-12 09:10:00,63.6
2025-06-12 15:15:00,69.5
2025-06-12 19:17:00,50.09606761356967
2025-06-12 02:39:00,31.8
2025-06-12 14:43:00,6.0
2025-06-12 12:48:00,50.09606761356967
2025-06-12 19:40:00,79.5
2025-06-12 20:34:00,21.3
2025-06-12 12:24:00,70.7
2025-06-12 18:59:00,50.09606761356967
2025-06-12 10:46:00,71.8
2025-06-12 16:05:00,33.1
2025-06-12 17:00:00,14.8
2025-06-12 13:44:00,51.3
2025-06-12 19:51:00,54.5
2025-06-12 02:02:00,17.0
2025-06-12 19:11:00,27.3
2025-06-12 09:32:00,91.0
2025-06-12 12:48:00,43.0
2025-06-12 01:19:00,77.8
2025-06-12 21:16:00,57.9
2025-06-12 19:14:00,63.6
2025-06-12 02:47:00,12.6
2025-06-12 00:33:00,24.5
2025-06-12 19:28:00,26.2
2025-06-12 06:49:00,50.09606761356967
2025-06-12 01:06:00,83.3
2025-06-12 10:30:00,44.9
2025-06-12 14:29:00,50.09606761356967
2025-06-12 22:50:00,69.2
2025-06-12 04:27:00,39.0
2025-06-12 11:39:00,8.8
2025-06-12 04:43:00,35.2
2025-06-12 17:53:00,77.9
2025-06-12 19:31:00,59.4
2025-06-12 12:24:00,97.7
2025-06-12 02:18:00,87.1
2025-06-12 12:20:00,85.8
2025-06-12 07:48:00,30.0
2025-06-12 18:33:00,50.09606761356967
2025-06-12 09:21:00,96.6
2025-06-12 11:34:00,57.2
2025-06-12 23:11:00,29.4
2025-06-12 08:26:00,2.0
2025-06-12 04:48:00,18.8
2025-06-12 14:24:00,12.8
2025-06-12 17:06:00,80.8
2025-06-12 20:09:00,34.7
2025-06-12 21:35:00,31.1
2025-06-12 13:49:00,83.3
2025-06-12 20:55:00,24.7
2025-06-12 22:39:00,63.4
2025-06-12 21:43:00,59.8
2025-06-12 08:34:00,13.1
2025-06-12 01:14:00,50.2
2025-06-12 06:30:00,82.9
2025-06-12 13:20:00,50.09606761356967
2025-06-12 21:55:00,17.4
2025-06-12 19:38:00,47.5
2025-06-12 15:15:00,69.8
2025-06-12 02:59:00,2.1
2025-06-12 03:23:00,50.09606761356967
2025-06-12 02:55:00,3.3
2025-06-12 10:31:00,84.8
2025-06-12 07:02:00,89.2
2025-06-12 19:31:00,68.8
2025-06-12 05:08:00,29.9
2025-06-12 14:41:00,3.5
2025-06-12 11:58:00,38.9
2025-06-12 06:34:00,56.1
2025-06-12 02:29:00,46.9
2025-06-12 09:53:00,37.5
2025-06-12 03:42:00,2.1
2025-06-12 02:58:00,59.4
2025-06-12 09:20:00,50.09606761356967
2025-06-12 10:58:00,50.09606761356967
2025-06-12 02:11:00,51.4
2025-06-12 05:52:00,29.3
2025-06-12 19:31:00,4.5
2025-06-12 18:53:00,75.1
2025-06-12 04:25:00,98.8
2025-06-12 06:38:00,92.6
2025-06-12 07:58:00,50.09606761356967
2025-06-12 08:43:00,41.5
2025-06-12 09:15:00,50.09606761356967
2025-06-12 12:04:00,38.3
2025-06-12 12:07:00,50.09606761356967
2025-06-12 00:09:00,15.9
2025-06-12 04:39:00,43.2
2025-06-12 04:36:00,25.4
2025-06-12 02:54:00,71.8
2025-06-12 00:48:00,69.5
2025-06-12 11:57:00,72.7
2025-06-12 22:23:00,76.9
2025-06-12 17:22:00,26.4
2025-06-12 05:19:00,15.3
2025-06-12 00:45:00,5.6
2025-06-12 05:35:00,45.3
2025-06-12 23:47:00,1.5
2025-06-12 00:38:00,51.9
2025-06-12 17:47:00,33.7
2025-06-12 18:49:00,1.7
2025-06-12 14:30:00,14.5
2025-06-12 18:03:00,83.9
2025-06-12 10:29:00,2.4
2025-06-12 16:55:00,25.6
2025-06-12 07:48:00,60.7
2025-06-12 16:49:00,50.09606761356967
2025-06-12 05:02:00,35.8
2025-06-12 22:08:00,50.09606761356967
2025-06-12 19:54:00,14.2
2025-06-12 05:28:00,75.9
2025-06-12 18:24:00,30.4
2025-06-12 20:06:00,24.3
2025-06-12 02:56:00,72.1
2025-06-12 19:34:00,62.5
2025-06-12 08:21:00,8.0
2025-06-12 19:02:00,40.9
2025-06-12 23:43:00,79.9
2025-06-12 00:09:00,95.2
2025-06-12 07:47:00,50.09606761356967
2025-06-12 06:21:00,50.09606761356967
2025-06-12 08:26:00,16.7
2025-06-12 12:10:00,70.4
2025-06-12 10:42:00,26.4
2025-06-12 02:43:00,56.8
2025-06-12 23:15:00,25.3
2025-06-12 19:49:00,82.1
2025-06-12 03:55:00,3.4
2025-06-12 07:51:00,4.1
2025-06-12 00:41:00,50.09606761356967
2025-06-12 22:31:00,10.5
2025-06-12 19:33:00,12.1
2025-06-12 14:07:00,50.09606761356967
2025-06-12 06:45:00,98.5
2025-06-12 23:02:00,85.3
2025-06-12 10:17:00,60.4
2025-06-12 00:34:00,51.4
2025-06-12 10:46:00,60.3
2025-06-12 18:36:00,83.9
2025-06-12 02:36:00,38.8
2025-06-12 06:43:00,70.5
2025-06-12 21:09:00,97.4
2025-06-12 19:47:00,16.7
2025-06-12 06:31:00,2.2
2025-06-12 17:16:00,62.9
2025-06-12 15:34:00,43.9
2025-06-12 21:56:00,60.2
2025-06-12 01:07:00,50.09606761356967
2025-06-12 09:16:00,57.8
2025-06-12 17:21:00,50.09606761356967
2025-06-12 20:42:00,80.2
2025-06-12 13:18:00,93.2
2025-06-12 07:39:00,50.09606761356967
2025-06-12 17:12:00,50.09606761356967
2025-06-12 05:33:00,78.6
2025-06-12 12:42:00,10.8
2025-06-12 14:06:00,50.09606761356967
2025-06-12 18:31:00,74.4
2025-06-12 10:04:00,50.09606761356967
2025-06-12 10:29:00,32.1
2025-06-12 15:08:00,25.5
2025-06-12 11:52:00,98.7
2025-06-12 18:11:00,50.09606761356967
2025-06-12 02:51:00,89.6
2025-06-12 15:17:00,92.7
2025-06-12 23:22:00,50.09606761356967
2025-06-12 12:17:00,4.0
2025-06-12 16:53:00,50.09606761356967
2025-06-12 17:19:00,33.0
2025-06-12 16:48:00,78.2
2025-06-12 16:30:00,37.3
2025-06-12 01:01:00,92.6
2025-06-12 06:18:00,35.7
2025-06-12 18:48:00,33.3
2025-06-12 11:48:00,32.1
2025-06-12 22:32:00,17.7
2025-06-12 20:05:00,39.6
2025-06-12 00:04:00,94.1
2025-06-12 16:26:00,6.3
2025-06-12 17:40:00,22.0
2025-06-12 09:42:00,10.1
2025-06-12 20:55:00,30.5
2025-06-12 08:05:00,50.09606761356967
2025-06-12 15:04:00,11.1
2025-06-12 15:27:00,74.9
2025-06-12 07:48:00,46.6
2025-06-12 08:39:00,49.952608030142464
2025-06-12 03:18:00,52.6
2025-06-12 01:15:00,83.6
2025-06-12 08:07:00,7.2
2025-06-12 09:25:00,22.0
2025-06-12 15:34:00,11.1
2025-06-12 13:16:00,91.6
2025-06-12 11:07:00,69.7
2025-06-12 19:58:00,24.3
2025-06-12 15:07:00,24.5
2025-06-12 15:29:00,60.7
2025-06-12 06:33:00,49.952608030142464
2025-06-12 15:50:00,49.952608030142464
2025-06-12 02:47:00,20.4
2025-06-12 12:32:00,98.3
2025-06-12 22:53:00,86.9
2025-06-12 09:15:00,42.9
2025-06-12 06:42:00,60.5
2025-06-12 02:01:00,76.6
2025-06-12 00:44:00,56.1
2025-06-12 09:11:00,20.9
2025-06-12 20:20:00,17.4
2025-06-12 13:21:00,49.952608030142464
2025-06-12 02:23:00,47.8
2025-06-12 07:25:00,49.952608030142464
2025-06-12 19:05:00,11.9
2025-06-12 16:25:00,66.8
2025-06-12 17:12:00,9.3
2025-06-12 03:11:00,42.1
2025-06-12 23:05:00,49.952608030142464
2025-06-12 13:04:00,65.9
2025-06-12 14:41:00,35.0
2025-06-12 15:06:00,95.5
2025-06-12 00:03:00,72.7
2025-06-12 20:02:00,60.8
2025-06-12 20:04:00,54.7
2025-06-12 14:22:00,49.952608030142464
2025-06-12 05:44:00,10.0
2025-06-12 09:46:00,27.4
2025-06-12 09:52:00,67.6
2025-06-12 05:58:00,86.9
2025-06-12 18:42:00,49.952608030142464
2025-06-12 12:39:00,19.2
2025-06-12 12:20:00,51.9
2025-06-12 03:23:00,39.9
2025-06-12 22:03:00,99.1
2025-06-12 05:14:00,49.952608030142464
2025-06-12 20:46:00,16.7
2025-06-12 07:31:00,49.952608030142464
2025-06-12 18:20:00,22.7
2025-06-12 05:17:00,52.2
2025-06-12 12:22:00,49.952608030142464
2025-06-12 11:21:00,49.952608030142464
2025-06-12 18:13:00,62.9
2025-06-12 17:50:00,14.5
2025-06-12 12:49:00,60.3
2025-06-12 17:12:00,42.5
2025-06-12 19:32:00,61.5
2025-06-12 05:43:00,56.2
2025-06-12 23:28:00,92.7
2025-06-12 23:44:00,75.2
2025-06-12 19:33:00,49.952608030142464
2025-06-12 10:19:00,8.8
2025-06-12 10:56:00,59.8
2025-06-12 07:20:00,94.6
2025-06-12 04:46:00,66.2
2025-06-12 01:22:00,87.2
2025-06-12 09:30:00,5.8
2025-06-12 10:38:00,47.1
2025-06-12 06:31:00,15.1
2025-06-12 19:44:00,22.7
2025-06-12 07:02:00,15.9
2025-06-12 22:19:00,34.8
2025-06-12 08:05:00,69.0
2025-06-12 03:42:00,36.5
2025-06-12 12:45:00,51.3
2025-06-12 07:23:00,91.4
2025-06-12 18:20:00,40.3
2025-06-12 22:37:00,33.9
2025-06-12 11:31:00,30.0
2025-06-12 06:59:00,10.1
2025-06-12 16:33:00,27.3
2025-06-12 01:40:00,12.7
2025-06-12 18:34:00,81.8
2025-06-12 04:36:00,60.3
2025-06-12 19:00:00,46.0
2025-06-12 13:57:00,59.3
2025-06-12 02:26:00,30.0
2025-06-12 08:56:00,85.3
2025-06-12 10:57:00,65.9
2025-06-12 03:53:00,62.2
2025-06-12 18:55:00,49.952608030142464
2025-06-12 00:04:00,55.3
2025-06-12 16:46:00,24.7
2025-06-12 07:01:00,79.3
2025-06-12 18:15:00,62.2
2025-06-12 08:24:00,17.5
2025-06-12 00:38:00,29.3
2025-06-12 14:01:00,63.3
2025-06-12 10:40:00,26.6
2025-06-12 05:41:00,81.6
2025-06-12 08:13:00,55.9
2025-06-12 06:57:00,95.9
2025-06-12 02:07:00,16.9
2025-06-12 21:24:00,78.1
2025-06-12 13:37:00,32.5
2025-06-12 19:36:00,9.6
2025-06-12 22:20:00,13.8
2025-06-12 09:25:00,49.952608030142464
2025-06-12 15:24:00,49.952608030142464
2025-06-12 09:10:00,87.9
2025-06-12 04:27:00,39.5
2025-06-12 18:36:00,94.1
2025-06-12 14:21:00,62.8
2025-06-12 05:53:00,92.5
2025-06-12 22:47:00,8.5
2025-06-12 14:12:00,77.3
2025-06-12 10:41:00,49.952608030142464
2025-06-12 21:13:00,48.5
2025-06-12 22:46:00,55.5
2025-06-12 20:02:00,96.0
2025-06-12 19:31:00,76.2
2025-06-12 15:21:00,22.1
2025-06-12 04:26:00,86.0
2025-06-12 09:20:00,54.5
2025-06-12 23:13:00,19.3
2025-06-12 20:47:00,30.5
2025-06-12 09:43:00,24.2
2025-06-12 19:04:00,19.2
2025-06-12 02:36:00,67.2
2025-06-12 08:00:00,85.1
2025-06-12 01:13:00,83.0
2025-06-12 08:51:00,47.0
2025-06-12 10:29:00,26.0
2025-06-12 14:46:00,49.952608030142464
2025-06-12 04:03:00,76.6
2025-06-12 14:21:00,68.3
2025-06-12 17:00:00,49.952608030142464
2025-06-12 22:27:00,54.7
2025-06-12 02:47:00,68.6
2025-06-12 03:57:00,31.0
2025-06-12 15:15:00,23.2
2025-06-12 11:34:00,54.5
2025-06-12 02:03:00,20.2
2025-06-12 00:24:00,86.2
2025-06-12 07:00:00,13.0
2025-06-12 08:42:00,49.952608030142464
2025-06-12 02:16:00,9.6
2025-06-12 05:39:00,13.8
2025-06-12 22:42:00,41.6
2025-06-12 18:22:00,88.3
2025-06-12 14:25:00,55.2
2025-06-12 01:18:00,10.6
2025-06-12 10:40:00,95.8
2025-06-12 04:57:00,92.2
2025-06-12 08:25:00,24.7
2025-06-12 22:59:00,84.6
2025-06-12 05:47:00,7.3
2025-06-12 03:43:00,71.9
2025-06-12 01:02:00,32.1
2025-06-12 23:29:00,32.8
2025-06-12 19:55:00,79.2
2025-06-12 06:18:00,36.4
2025-06-12 17:27:00,96.9
2025-06-12 18:49:00,23.5
2025-06-12 01:36:00,66.1
2025-06-12 15:00:00,15.7
2025-06-12 22:14:00,65.3
2025-06-12 17:54:00,51.9
2025-06-12 18:03:00,68.3
2025-06-12 13:54:00,84.6
2025-06-12 17:35:00,57.9
2025-06-12 17:56:00,15.1
2025-06-12 11:21:00,12.6
2025-06-12 09:19:00,89.9
2025-06-12 18:08:00,0.9
2025-06-12 18:23:00,3.6
2025-06-12 06:03:00,27.9
2025-06-12 04:50:00,92.1
2025-06-12 19:46:00,1.5
2025-06-12 01:31:00,9.7
2025-06-12 14:17:00,49.952608030142464
2025-06-12 22:40:00,38.0
2025-06-12 04:59:00,69.6
2025-06-12 10:33:00,50.7
2025-06-12 02:45:00,79.3
2025-06-12 04:09:00,93.0
2025-06-12 18:28:00,85.0
2025-06-12 04:30:00,91.7
2025-06-12 20:56:00,82.8
2025-06-12 04:40:00,59.7
2025-06-12 10:41:00,54.6
2025-06-12 22:45:00,49.952608030142464
2025-06-12 18:46:00,35.0
2025-06-12 18:37:00,58.3
2025-06-12 15:36:00,49.952608030142464
2025-06-12 21:54:00,27.3
2025-06-12 04:46:00,16.5
2025-06-12 15:14:00,95.1
2025-06-12 09:57:00,83.7
2025-06-12 03:00:00,49.952608030142464
2025-06-12 00:29:00,49.952608030142464
2025-06-12 04:51:00,17.1
2025-06-12 11:44:00,69.0
2025-06-12 11:18:00,58.4
2025-06-12 03:25:00,42.2
2025-06-12 07:41:00,94.8
2025-06-12 22:28:00,66.8
2025-06-12 02:11:00,49.952608030142464
2025-06-12 21:05:00,0.6
2025-06-12 20:36:00,88.9
2025-06-12 17:39:00,87.2
2025-06-12 23:29:00,30.7
2025-06-12 18:36:00,49.952608030142464
2025-06-12 02:54:00,70.2
2025-06-12 16:29:00,49.952608030142464
2025-06-12 03:25:00,20.1
2025-06-12 00:58:00,49.952608030142464
2025-06-12 02:08:00,85.1
2025-06-12 19:03:00,48.6
2025-06-12 11:58:00,49.952608030142464
2025-06-12 02:24:00,77.3
2025-06-12 08:00:00,49.7
2025-06-12 18:59:00,34.5
2025-06-12 15:15:00,29.8
2025-06-12 15:03:00,88.3
2025-06-12 22:57:00,76.2
2025-06-12 00:05:00,49.952608030142464
2025-06-12 15:44:00,35.7
2025-06-12 19:55:00,64.1
2025-06-12 11:20:00,25.2
2025-06-12 18:53:00,27.9
2025-06-12 19:47:00,34.1
2025-06-12 12:51:00,27.8
2025-06-12 02:04:00,49.952608030142464
2025-06-12 08:52:00,99.3
2025-06-12 15:06:00,45.4
2025-06-12 18:27:00,5.0
2025-06-12 22:16:00,49.952608030142464
2025-06-12 20:52:00,49.952608030142464
2025-06-12 01:09:00,87.0
2025-06-12 16:54:00,50.8
2025-06-12 18:39:00,21.5
2025-06-12 02:16:00,48.0
2025-06-12 22:33:00,42.4
2025-06-12 04:14:00,27.9
2025-06-12 00:29:00,71.3
2025-06-12 17:01:00,49.952608030142464
2025-06-12 10:05:00,38.2
2025-06-12 19:43:00,49.952608030142464
2025-06-12 02:12:00,4.7
2025-06-12 02:41:00,49.952608030142464
2025-06-12 21:38:00,49.952608030142464
2025-06-12 11:47:00,49.952608030142464
2025-06-12 21:57:00,22.1
2025-06-12 21:09:00,15.5
2025-06-12 08:17:00,6.9
2025-06-12 13:51:00,34.8
2025-06-12 10:32:00,84.7
2025-06-12 05:47:00,50.1
2025-06-12 16:53:00,95.5
2025-06-12 12:51:00,49.952608030142464
2025-06-12 02:37:00,79.5
2025-06-12 01:30:00,70.2
2025-06-12 15:02:00,0.7
2025-06-12 07:28:00,5.4
2025-06-12 20:35:00,9.6
2025-06-12 10:56:00,36.7
2025-06-12 02:47:00,49.952608030142464
2025-06-12 05:26:00,10.3
2025-06-12 05:31:00,12.0
2025-06-12 21:54:00,57.6
2025-06-12 16:07:00,77.6
2025-06-12 04:14:00,83.7
2025-06-12 04:48:00,10.5
2025-06-12 09:05:00,76.1
2025-06-12 16:24:00,49.952608030142464
2025-06-12 20:47:00,11.7
2025-06-12 18:56:00,27.2
2025-06-12 10:39:00,85.9
2025-06-12 15:35:00,24.9
2025-06-12 21:25:00,85.1
2025-06-12 17:56:00,87.1
2025-06-12 00:16:00,5.9
2025-06-12 12:30:00,45.7
2025-06-12 20:19:00,88.0
2025-06-12 12:13:00,49.952608030142464
2025-06-12 17:51:00,84.3
2025-06-12 18:07:00,21.5
2025-06-12 08:07:00,84.2
2025-06-12 18:48:00,14.2
2025-06-12 20:33:00,3.7
2025-06-12 06:56:00,79.6
2025-06-12 08:22:00,18.7
2025-06-12 02:48:00,20.6
2025-06-12 01:13:00,63.1
2025-06-12 03:32:00,28.4
2025-06-12 16:25:00,17.2
2025-06-12 21:18:00,49.952608030142464
2025-06-12 08:14:00,12.2
2025-06-12 03:07:00,47.7
2025-06-12 14:08:00,77.6
2025-06-12 03:52:00,28.1
2025-06-12 03:10:00,61.4
2025-06-12 00:07:00,82.0
2025-06-12 15:39:00,32.9
2025-06-12 09:37:00,97.9
2025-06-12 18:13:00,29.2
2025-06-12 06:41:00,50.21640523646657
2025-06-12 21:30:00,27.3
2025-06-12 16:21:00,50.21640523646657
2025-06-12 17:38:00,50.21640523646657
2025-06-12 17:00:00,40.3
2025-06-12 02:53:00,93.0
2025-06-12 14:21:00,82.4
2025-06-12 05:45:00,29.4
2025-06-12 18:41:00,59.0
2025-06-12 02:41:00,8.2
2025-06-12 19:55:00,64.1
2025-06-12 00:51:00,93.0
2025-06-12 06:36:00,90.5
2025-06-12 21:20:00,26.0
2025-06-12 15:23:00,76.1
2025-06-12 16:55:00,78.8
2025-06-12 21:42:00,69.5
2025-06-12 15:24:00,18.9
2025-06-12 00:19:00,38.3
2025-06-12 15:47:00,7.8
2025-06-12 13:26:00,55.6
2025-06-12 22:17:00,66.5
2025-06-12 04:26:00,18.8
2025-06-12 00:22:00,91.0
2025-06-12 18:10:00,93.6
2025-06-12 22:14:00,50.21640523646657
2025-06-12 15:50:00,50.21640523646657
2025-06-12 21:34:00,92.1
2025-06-12 21:37:00,97.7
2025-06-12 01:38:00,1.4
2025-06-12 01:51:00,36.8
2025-06-12 18:21:00,16.4
2025-06-12 04:32:00,50.21640523646657
2025-06-12 21:55:00,82.9
2025-06-12 04:27:00,76.5
2025-06-12 00:58:00,34.2
2025-06-12 20:08:00,94.4
2025-06-12 20:11:00,50.21640523646657
2025-06-12 10:52:00,80.4
2025-06-12 09:55:00,50.21640523646657
2025-06-12 03:00:00,97.9
2025-06-12 15:23:00,54.1
2025-06-12 13:29:00,86.4
2025-06-12 00:38:00,76.4
2025-06-12 10:04:00,50.21640523646657
2025-06-12 23:37:00,99.2
2025-06-12 18:39:00,68.1
2025-06-12 20:52:00,4.6
2025-06-12 02:12:00,36.9
2025-06-12 14:03:00,50.21640523646657
2025-06-12 11:03:00,77.8
2025-06-12 08:17:00,11.2
2025-06-12 19:42:00,91.1
2025-06-12 14:37:00,9.6
2025-06-12 13:35:00,50.21640523646657
2025-06-12 06:20:00,26.5
2025-06-12 04:27:00,44.2
2025-06-12 23:09:00,44.6
2025-06-12 05:23:00,34.4
2025-06-12 21:42:00,50.21640523646657
2025-06-12 03:08:00,36.1
2025-06-12 11:11:00,50.21640523646657
2025-06-12 23:30:00,40.3
2025-06-12 07:41:00,19.0
2025-06-12 15:38:00,52.7
2025-06-12 00:31:00,66.7
2025-06-12 14:33:00,83.1
2025-06-12 03:07:00,16.8
2025-06-12 12:40:00,41.1
2025-06-12 12:20:00,50.21640523646657
2025-06-12 22:13:00,17.1
2025-06-12 21:20:00,82.0
2025-06-12 08:07:00,55.2
2025-06-12 14:25:00,9.4
2025-06-12 03:19:00,50.21640523646657
2025-06-12 01:02:00,50.21640523646657
2025-06-12 01:10:00,26.8
2025-06-12 11:36:00,50.21640523646657
2025-06-12 23:16:00,70.2
2025-06-12 23:32:00,60.0
2025-06-12 00:03:00,64.0
2025-06-12 00:27:00,31.5
2025-06-12 06:08:00,75.9
2025-06-12 22:53:00,71.5
2025-06-12 09:42:00,92.7
2025-06-12 10:29:00,35.2
2025-06-12 00:27:00,50.21640523646657
2025-06-12 08:24:00,40.8
2025-06-12 22:18:00,46.6
2025-06-12 05:12:00,81.1
2025-06-12 03:14:00,75.1
2025-06-12 23:17:00,50.21640523646657
2025-06-12 21:41:00,50.21640523646657
2025-06-12 11:58:00,50.21640523646657
2025-06-12 19:00:00,54.8
2025-06-12 11:12:00,30.2
2025-06-12 13:36:00,18.8
2025-06-12 18:12:00,13.4
2025-06-12 03:39:00,50.21640523646657
2025-06-12 12:21:00,51.6
2025-06-12 06:59:00,11.9
2025-06-12 06:21:00,30.9
2025-06-12 03:18:00,97.4
2025-06-12 17:18:00,81.8
2025-06-12 19:16:00,70.3
2025-06-12 21:24:00,98.3
2025-06-12 22:51:00,24.6
2025-06-12 10:55:00,30.8
2025-06-12 19:03:00,57.0
2025-06-12 02:03:00,40.0
2025-06-12 17:38:00,42.4
2025-06-12 16:41:00,30.6
2025-06-12 01:20:00,21.5
2025-06-12 18:21:00,50.21640523646657
2025-06-12 05:14:00,90.3
2025-06-12 13:12:00,23.5
2025-06-12 19:39:00,72.9
2025-06-12 06:28:00,50.21640523646657
2025-06-12 15:54:00,44.3
2025-06-12 16:17:00,60.4
2025-06-12 00:22:00,50.2
2025-06-12 19:23:00,0.1
2025-06-12 19:25:00,28.9
2025-06-12 16:43:00,50.21640523646657
2025-06-12 11:49:00,36.1
2025-06-12 09:50:00,50.21640523646657
2025-06-12 00:33:00,68.0
2025-06-12 05:09:00,50.21640523646657
2025-06-12 16:48:00,36.0
2025-06-12 00:38:00,10.3
2025-06-12 18:52:00,97.5
2025-06-12 08:28:00,76.1
2025-06-12 08:09:00,14.6
2025-06-12 11:13:00,10.1
2025-06-12 13:51:00,11.9
2025-06-12 16:53:00,91.6
2025-06-12 01:59:00,56.1
2025-06-12 03:09:00,67.4
2025-06-12 07:36:00,50.21640523646657
2025-06-12 15:39:00,3.6
2025-06-12 14:12:00,47.6
2025-06-12 11:33:00,12.8
2025-06-12 07:01:00,50.21640523646657
2025-06-12 17:01:00,84.1
2025-06-12 00:05:00,50.21640523646657
2025-06-12 20:21:00,81.4
2025-06-12 08:46:00,94.7
2025-06-12 10:36:00,50.21640523646657
2025-06-12 04:52:00,50.21640523646657
2025-06-12 14:48:00,71.5
2025-06-12 19:55:00,83.7
2025-06-12 02:17:00,89.6
2025-06-12 16:37:00,51.8
2025-06-12 12:54:00,63.7
2025-06-12 12:04:00,50.21640523646657
2025-06-12 06:46:00,82.2
2025-06-12 21:24:00,70.1
2025-06-12 13:33:00,59.0
2025-06-12 21:48:00,33.4
2025-06-12 16:27:00,76.2
2025-06-12 03:41:00,27.6
2025-06-12 05:09:00,50.21640523646657
2025-06-12 17:09:00,88.9
2025-06-12 21:18:00,37.4
2025-06-12 16:22:00,61.0
2025-06-12 06:56:00,40.9
2025-06-12 00:30:00,2.6
2025-06-12 14:36:00,82.3
2025-06-12 23:36:00,79.7
2025-06-12 21:16:00,26.5
2025-06-12 08:58:00,50.21640523646657
2025-06-12 22:41:00,58.8
2025-06-12 07:07:00,60.3
2025-06-12 19:11:00,65.2
2025-06-12 06:13:00,50.21640523646657
2025-06-12 03:13:00,24.0
2025-06-12 16:26:00,67.6
2025-06-12 03:18:00,84.2
2025-06-12 17:46:00,9.4
2025-06-12 04:17:00,22.8
2025-06-12 01:21:00,45.0
2025-06-12 11:07:00,2.1
2025-06-12 01:45:00,42.1
2025-06-12 07:48:00,7.3
2025-06-12 01:32:00,50.21640523646657
2025-06-12 20:31:00,17.7
2025-06-12 05:32:00,13.6
2025-06-12 22:53:00,80.1
2025-06-12 15:44:00,50.6
2025-06-12 23:27:00,62.6
2025-06-12 09:03:00,97.6
2025-06-12 21:44:00,75.4
2025-06-12 05:44:00,83.1
2025-06-12 22:51:00,73.5
2025-06-12 02:02:00,96.9
2025-06-12 01:20:00,66.4
2025-06-12 08:24:00,61.7
2025-06-12 22:26:00,6.0
2025-06-12 17:58:00,5.8
2025-06-12 03:55:00,24.5
2025-06-12 10:47:00,50.21640523646657
2025-06-12 17:45:00,50.21640523646657
2025-06-12 19:50:00,50.21640523646657
2025-06-12 04:11:00,87.0
2025-06-12 19:35:00,64.1
2025-06-12 09:14:00,38.3
2025-06-12 06:57:00,46.0
2025-06-12 12:24:00,3.6
2025-06-12 18:10:00,92.6
2025-06-12 05:58:00,24.2
2025-06-12 02:00:00,34.7
2025-06-12 21:52:00,48.9
2025-06-12 15:22:00,72.1
2025-06-12 19:45:00,16.0
2025-06-12 16:22:00,2.1
2025-06-12 07:57:00,64.3
2025-06-12 06:41:00,67.4
2025-06-12 08:05:00,78.1
2025-06-12 09:01:00,50.21640523646657
2025-06-12 12:46:00,54.4
2025-06-12 15:30:00,11.4
2025-06-12 12:40:00,50.21640523646657
2025-06-12 18:08:00,85.2
2025-06-12 01:37:00,46.6
2025-06-12 22:53:00,50.21640523646657
2025-06-12 18:21:00,14.1
2025-06-12 03:35:00,60.1
2025-06-12 09:02:00,18.6
2025-06-12 01:35:00,70.8
2025-06-12 02:52:00,5.4
2025-06-12 23:19:00,31.5
2025-06-12 20:59:00,58.1
2025-06-12 19:36:00,42.8
2025-06-12 01:07:00,46.9
2025-06-12 17:24:00,3.7
2025-06-12 10:31:00,9.8
2025-06-12 05:02:00,98.3
2025-06-12 21:49:00,12.0
2025-06-12 15:29:00,81.3
2025-06-12 09:02:00,67.2
2025-06-12 16:17:00,36.6
2025-06-12 03:24:00,97.6
2025-06-12 07:16:00,22.4
2025-06-12 14:34:00,31.6
2025-06-12 19:01:00,50.21640523646657
2025-06-12 21:21:00,76.2
2025-06-12 06:46:00,36.6
2025-06-12 15:10:00,4.5
2025-06-12 15:59:00,63.9
2025-06-12 13:19:00,41.1
2025-06-12 13:41:00,40.1
2025-06-12 07:09:00,50.21640523646657
2025-06-12 03:56:00,90.4
2025-06-12 02:45:00,99.2
2025-06-12 07:46:00,50.21640523646657
2025-06-12 08:29:00,50.21640523646657
2025-06-12 23:08:00,78.6
2025-06-12 16:09:00,85.4
2025-06-12 11:16:00,32.4
2025-06-12 04:48:00,50.21640523646657
2025-06-12 23:32:00,34.1
2025-06-12 09:48:00,28.0
2025-06-12 03:21:00,55.7
2025-06-12 04:25:00,50.21640523646657
2025-06-12 07:03:00,93.4
2025-06-12 21:22:00,86.8
2025-06-12 09:13:00,96.3
2025-06-12 16:56:00,30.3
2025-06-12 21:59:00,19.1
2025-06-12 22:09:00,50.21640523646657
2025-06-12 22:23:00,77.9
2025-06-12 12:06:00,50.21640523646657
2025-06-12 07:28:00,25.0
2025-06-12 13:52:00,80.2
2025-06-12 00:52:00,32.2
2025-06-12 22:42:00,54.1
2025-06-12 17:20:00,3.4
2025-06-12 17:56:00,51.7
2025-06-12 08:12:00,50.21640523646657
2025-06-12 21:15:00,91.0
2025-06-12 09:52:00,19.6
2025-06-12 23:41:00,50.9
2025-06-12 05:10:00,87.8
2025-06-12 00:44:00,50.21640523646657
2025-06-12 19:50:00,51.2
2025-06-12 12:48:00,60.1
2025-06-12 11:56:00,34.5
2025-06-12 12:01:00,70.1
2025-06-12 20:51:00,54.3
2025-06-12 08:59:00,61.1
2025-06-12 20:46:00,71.7
2025-06-12 14:13:00,46.5
2025-06-12 14:25:00,61.0
2025-06-12 17:22:00,92.7
2025-06-12 09:33:00,81.4
2025-06-12 17:53:00,76.0
2025-06-12 17:39:00,92.6
2025-06-12 20:24:00,40.5
2025-06-12 19:59:00,79.2
2025-06-12 23:42:00,45.0
2025-06-12 18:16:00,17.0
2025-06-12 01:52:00,42.6
2025-06-12 10:23:00,42.7
2025-06-12 06:23:00,21.0
2025-06-12 06:12:00,56.1
2025-06-12 19:51:00,50.21640523646657
2025-06-12 22:44:00,50.21640523646657
2025-06-12 04:33:00,46.2
2025-06-12 18:47:00,91.5
2025-06-12 23:52:00,34.9
2025-06-12 00:35:00,90.2
2025-06-12 16:24:00,28.1
2025-06-12 02:56:00,22.1
2025-06-12 01:47:00,13.3
2025-06-12 16:37:00,90.4
2025-06-12 13:33:00,50.21640523646657
2025-06-12 01:26:00,92.2
2025-06-12 10:01:00,66.6
2025-06-12 18:56:00,4.9
2025-06-12 18:38:00,62.5
2025-06-12 09:55:00,63.3
2025-06-12 01:20:00,2.0
2025-06-12 10:11:00,39.0
2025-06-12 13:39:00,50.21640523646657
2025-06-12 00:40:00,14.7
2025-06-12 15:27:00,56.6
2025-06-12 09:48:00,10.6
2025-06-12 22:00:00,66.8
2025-06-12 09:36:00,92.5
2025-06-12 02:40:00,22.3
2025-06-12 00:35:00,50.21640523646657
2025-06-12 06:49:00,61.0
2025-06-12 11:17:00,59.7
2025-06-12 23:18:00,32.0
2025-06-12 18:42:00,3.4
2025-06-12 09:45:00,63.7
2025-06-12 21:31:00,8.0
2025-06-12 02:22:00,90.9
2025-06-12 15:16:00,49.70408187272085
2025-06-12 21:16:00,98.2
2025-06-12 14:06:00,93.2
2025-06-12 08:28:00,77.3
2025-06-12 04:54:00,31.3
2025-06-12 02:49:00,19.7
2025-06-12 02:08:00,49.70408187272085
2025-06-12 00:32:00,22.6
2025-06-12 04:47:00,80.3
2025-06-12 13:18:00,44.9
2025-06-12 15:06:00,79.1
2025-06-12 04:15:00,66.0
2025-06-12 23:13:00,72.8
2025-06-12 05:30:00,94.4
2025-06-12 13:56:00,80.3
2025-06-12 17:18:00,57.9
2025-06-12 10:58:00,56.4
2025-06-12 21:31:00,23.9
2025-06-12 06:52:00,49.70408187272085
2025-06-12 16:32:00,49.9
2025-06-12 22:23:00,97.5
2025-06-12 19:41:00,55.6
2025-06-12 21:41:00,49.70408187272085
2025-06-12 10:55:00,3.9
2025-06-12 14:40:00,46.0
2025-06-12 18:35:00,8.8
2025-06-12 14:10:00,77.6
2025-06-12 20:28:00,58.3
2025-06-12 11:02:00,72.7
2025-06-12 03:31:00,64.3
2025-06-12 07:37:00,49.70408187272085
2025-06-12 23:02:00,10.4
2025-06-12 08:04:00,75.1
2025-06-12 10:51:00,70.3
2025-06-12 21:18:00,9.5
2025-06-12 15:48:00,60.5
2025-06-12 10:26:00,49.70408187272085
2025-06-12 19:24:00,97.1
2025-06-12 20:58:00,49.70408187272085
2025-06-12 21:56:00,43.9
2025-06-12 20:21:00,32.1
2025-06-12 03:42:00,31.1
2025-06-12 15:10:00,29.0
2025-06-12 21:22:00,32.2
2025-06-12 03:06:00,49.70408187272085
2025-06-12 04:00:00,4.4
2025-06-12 08:37:00,20.5
2025-06-12 12:57:00,51.7
2025-06-12 19:53:00,24.5
2025-06-12 03:50:00,56.0
2025-06-12 04:56:00,9.8
2025-06-12 20:28:00,15.0
2025-06-12 05:53:00,76.7
2025-06-12 19:29:00,49.3
2025-06-12 16:24:00,82.9
2025-06-12 09:39:00,92.2
2025-06-12 10:41:00,49.70408187272085
2025-06-12 07:37:00,58.2
2025-06-12 05:19:00,46.1
2025-06-12 19:59:00,78.5
2025-06-12 14:12:00,49.70408187272085
2025-06-12 14:16:00,78.4
2025-06-12 02:40:00,49.70408187272085
2025-06-12 00:46:00,56.2
2025-06-12 22:31:00,96.1
2025-06-12 05:08:00,19.7
2025-06-12 04:01:00,14.7
2025-06-12 15:30:00,36.8
2025-06-12 02:38:00,55.1
2025-06-12 20:17:00,96.1
2025-06-12 02:59:00,86.0
2025-06-12 09:46:00,94.7
2025-06-12 14:22:00,46.8
2025-06-12 01:07:00,50.0
2025-06-12 00:37:00,49.70408187272085
2025-06-12 12:53:00,10.3
2025-06-12 23:46:00,47.9
2025-06-12 13:05:00,0.6
2025-06-12 18:19:00,35.1
2025-06-12 04:57:00,22.2
2025-06-12 04:31:00,42.4
2025-06-12 20:25:00,73.7
2025-06-12 23:05:00,89.1
2025-06-12 07:12:00,71.3
2025-06-12 03:20:00,43.0
2025-06-12 22:31:00,44.3
2025-06-12 18:00:00,91.4
2025-06-12 22:17:00,58.8
2025-06-12 14:43:00,49.70408187272085
2025-06-12 23:40:00,26.7
2025-06-12 05:54:00,8.3
2025-06-12 03:24:00,64.3
2025-06-12 17:29:00,49.70408187272085
2025-06-12 12:54:00,64.8
2025-06-12 13:22:00,49.70408187272085
2025-06-12 21:49:00,64.6
2025-06-12 06:05:00,65.6
2025-06-12 03:29:00,49.70408187272085
2025-06-12 23:21:00,49.70408187272085
2025-06-12 05:05:00,81.4
2025-06-12 23:25:00,27.7
2025-06-12 13:52:00,35.1
2025-06-12 06:40:00,61.2
2025-06-12 21:51:00,56.7
2025-06-12 17:22:00,47.0
2025-06-12 13:36:00,31.3
2025-06-12 21:29:00,28.8
2025-06-12 20:36:00,48.0
2025-06-12 12:16:00,3.0
2025-06-12 21:08:00,78.2
2025-06-12 12:50:00,81.0
2025-06-12 14:27:00,97.6
2025-06-12 04:40:00,77.5
2025-06-12 13:33:00,54.3
2025-06-12 20:07:00,17.5
2025-06-12 03:31:00,82.0
2025-06-12 18:42:00,46.0
2025-06-12 16:37:00,72.9
2025-06-12 18:32:00,88.4
2025-06-12 20:13:00,49.70408187272085
2025-06-12 00:56:00,0.5
2025-06-12 07:39:00,35.1
2025-06-12 03:16:00,56.8
2025-06-12 12:10:00,90.3
2025-06-12 22:56:00,49.70408187272085
2025-06-12 03:47:00,49.70408187272085
2025-06-12 20:01:00,23.8
2025-06-12 19:13:00,87.9
2025-06-12 06:41:00,49.70408187272085
2025-06-12 03:26:00,67.9
2025-06-12 22:48:00,50.6
2025-06-12 15:32:00,61.3
2025-06-12 21:16:00,65.8
2025-06-12 08:15:00,74.5
2025-06-12 21:54:00,19.6
2025-06-12 04:14:00,91.0
2025-06-12 21:58:00,49.70408187272085
2025-06-12 23:35:00,49.70408187272085
2025-06-12 20:16:00,12.5
2025-06-12 03:59:00,19.3
2025-06-12 08:26:00,49.70408187272085
2025-06-12 03:12:00,47.3
2025-06-12 14:11:00,61.5
2025-06-12 13:04:00,5.3
2025-06-12 22:33:00,50.6
2025-06-12 01:05:00,82.6
2025-06-12 09:04:00,66.8
2025-06-12 12:52:00,49.70408187272085
2025-06-12 18:16:00,47.9
2025-06-12 03:44:00,63.8
2025-06-12 13:35:00,34.9
2025-06-12 15:23:00,86.2
2025-06-12 15:27:00,41.1
2025-06-12 02:03:00,0.8
2025-06-12 07:09:00,56.8
2025-06-12 10:09:00,31.1
2025-06-12 10:18:00,50.3
2025-06-12 06:21:00,96.0
2025-06-12 15:06:00,79.8
2025-06-12 19:23:00,43.7
2025-06-12 12:57:00,97.7
2025-06-12 06:40:00,49.70408187272085
2025-06-12 15:29:00,49.70408187272085
2025-06-12 00:45:00,49.70408187272085
2025-06-12 04:48:00,24.9
2025-06-12 07:44:00,9.7
2025-06-12 05:52:00,31.8
2025-06-12 23:14:00,2.6
2025-06-12 04:24:00,49.70408187272085
2025-06-12 05:18:00,54.7
2025-06-12 05:07:00,76.4
2025-06-12 03:37:00,49.6
2025-06-12 13:47:00,63.6
2025-06-12 18:36:00,67.8
2025-06-12 06:29:00,56.0
2025-06-12 04:06:00,91.1
2025-06-12 03:49:00,61.9
2025-06-12 17:36:00,18.7
2025-06-12 00:59:00,77.3
2025-06-12 11:20:00,58.7
2025-06-12 07:11:00,29.1
2025-06-12 06:04:00,56.9
2025-06-12 22:18:00,13.5
2025-06-12 22:26:00,24.6
2025-06-12 01:58:00,49.70408187272085
2025-06-12 03:51:00,34.0
2025-06-12 22:44:00,2.6
2025-06-12 23:52:00,20.7
2025-06-12 05:09:00,1.9
2025-06-12 12:44:00,82.4
2025-06-12 01:53:00,10.7
2025-06-12 04:23:00,49.70408187272085
2025-06-12 05:33:00,61.2
2025-06-12 13:14:00,3.2
2025-06-12 22:50:00,49.70408187272085
2025-06-12 06:23:00,90.1
2025-06-12 07:21:00,4.5
2025-06-12 11:15:00,49.70408187272085
2025-06-12 20:48:00,19.9
2025-06-12 19:43:00,49.70408187272085
2025-06-12 07:50:00,25.2
2025-06-12 17:39:00,27.3
2025-06-12 10:51:00,97.9
2025-06-12 06:22:00,16.6
2025-06-12 17:21:00,39.7
2025-06-12 06:31:00,34.8
2025-06-12 08:57:00,87.2
2025-06-12 20:20:00,49.70408187272085
2025-06-12 07:09:00,54.9
2025-06-12 14:58:00,37.2
2025-06-12 16:14:00,34.2
2025-06-12 09:07:00,6.8
2025-06-12 06:59:00,88.6
2025-06-12 01:45:00,49.70408187272085
2025-06-12 17:25:00,33.1
2025-06-12 06:12:00,49.70408187272085
2025-06-12 12:40:00,70.5
2025-06-12 03:24:00,40.3
2025-06-12 17:17:00,85.6
2025-06-12 18:51:00,13.3
2025-06-12 08:29:00,49.70408187272085
2025-06-12 08:16:00,26.0
2025-06-12 18:38:00,8.8
2025-06-12 12:34:00,42.8
2025-06-12 11:57:00,73.4
2025-06-12 10:21:00,60.0
2025-06-12 01:20:00,28.4
2025-06-12 00:03:00,89.4
2025-06-12 03:35:00,76.9
2025-06-12 18:15:00,58.6
2025-06-12 20:59:00,59.1
2025-06-12 17:52:00,22.7
2025-06-12 18:47:00,7.3
2025-06-12 02:54:00,33.2
2025-06-12 13:22:00,34.8
2025-06-12 17:04:00,28.8
2025-06-12 17:43:00,49.70408187272085
2025-06-12 23:36:00,64.3
2025-06-12 05:14:00,14.8
2025-06-12 00:12:00,35.8
2025-06-12 00:14:00,49.70408187272085
2025-06-12 01:50:00,18.1
2025-06-12 03:25:00,19.0
2025-06-12 15:55:00,6.2
2025-06-12 11:51:00,10.1
2025-06-12 13:17:00,47.4
2025-06-12 04:35:00,53.5
2025-06-12 19:24:00,27.7
2025-06-12 01:48:00,83.2
2025-06-12 11:44:00,16.9
2025-06-12 03:37:00,15.9
2025-06-12 22:38:00,2.4
2025-06-12 21:16:00,35.1
2025-06-12 12:00:00,27.3
2025-06-12 06:03:00,75.6
2025-06-12 19:15:00,49.70408187272085
2025-06-12 01:10:00,49.70408187272085
2025-06-12 16:01:00,13.1
2025-06-12 10:06:00,22.5
2025-06-12 23:13:00,6.7
2025-06-12 13:29:00,40.6
2025-06-12 04:28:00,3.8
2025-06-12 17:45:00,51.3
2025-06-12 14:57:00,26.1
2025-06-12 21:26:00,7.9
2025-06-12 07:41:00,49.70408187272085
2025-06-12 16:38:00,79.6
2025-06-12 03:23:00,49.70408187272085
2025-06-12 15:30:00,37.3
2025-06-12 15:34:00,4.9
2025-06-12 02:13:00,73.2
2025-06-12 20:25:00,12.2
2025-06-12 18:25:00,0.2
2025-06-12 18:58:00,15.7
2025-06-12 07:09:00,86.5
2025-06-12 09:55:00,85.3
2025-06-12 00:30:00,33.3
2025-06-12 04:43:00,55.9
2025-06-12 16:26:00,68.9
2025-06-12 12:36:00,87.1
2025-06-12 16:55:00,92.2
2025-06-12 22:08:00,92.3
2025-06-12 08:08:00,15.3
2025-06-12 06:01:00,94.4
2025-06-12 12:36:00,23.9
2025-06-12 08:19:00,55.7
2025-06-12 18:43:00,69.1
2025-06-12 08:56:00,84.0
2025-06-12 08:48:00,91.0
2025-06-12 08:56:00,78.3
2025-06-12 04:37:00,1.6
2025-06-12 04:30:00,55.7
2025-06-12 12:54:00,83.6
2025-06-12 01:17:00,49.70408187272085
2025-06-12 06:57:00,88.9
2025-06-12 16:36:00,8.8
2025-06-12 00:40:00,56.4
2025-06-12 16:35:00,13.9
2025-06-12 22:21:00,23.8
2025-06-12 22:35:00,14.9
2025-06-12 04:51:00,39.6
2025-06-12 14:04:00,49.3
2025-06-12 16:16:00,49.70408187272085
2025-06-12 04:24:00,34.9
2025-06-12 16:54:00,59.6
2025-06-12 17:31:00,4.2
2025-06-12 02:50:00,9.9
2025-06-12 13:39:00,49.70408187272085
2025-06-12 14:14:00,4.8
2025-06-12 08:32:00,59.4
2025-06-12 13:56:00,49.70408187272085
2025-06-12 03:14:00,58.1
2025-06-12 08:57:00,95.6
2025-06-12 17:35:00,50.4
2025-06-12 22:42:00,15.6
2025-06-12 18:37:00,6.2
2025-06-12 20:34:00,59.0
2025-06-12 22:40:00,38.4
2025-06-12 14:18:00,58.7
2025-06-12 08:41:00,85.8
2025-06-12 00:35:00,85.6
2025-06-12 09:40:00,15.3
2025-06-12 23:08:00,14.1
2025-06-12 07:05:00,32.2
2025-06-12 15:41:00,98.8
2025-06-12 22:03:00,62.3
2025-06-12 02:46:00,50.1110094970102
2025-06-12 16:43:00,50.1110094970102
2025-06-12 13:37:00,64.2
2025-06-12 19:28:00,50.1110094970102
2025-06-12 15:35:00,77.9
2025-06-12 08:56:00,83.3
2025-06-12 02:19:00,67.8
2025-06-12 01:07:00,17.3
2025-06-12 13:45:00,73.5
2025-06-12 09:56:00,85.6
2025-06-12 19:25:00,82.4
2025-06-12 04:16:00,24.0
2025-06-12 09:21:00,68.8
2025-06-12 19:13:00,9.4
2025-06-12 06:48:00,47.8
2025-06-12 09:04:00,50.1110094970102
2025-06-12 23:47:00,99.5
2025-06-12 09:07:00,52.3
2025-06-12 17:24:00,94.4
2025-06-12 14:16:00,81.0
2025-06-12 23:47:00,17.9
2025-06-12 02:12:00,19.3
2025-06-12 19:54:00,3.5
2025-06-12 21:21:00,32.3
2025-06-12 07:37:00,50.1110094970102
2025-06-12 16:17:00,16.4
2025-06-12 11:11:00,68.0
2025-06-12 13:36:00,58.4
2025-06-12 22:42:00,92.1
2025-06-12 02:16:00,1.6
2025-06-12 09:53:00,80.8
2025-06-12 09:29:00,27.4
2025-06-12 21:54:00,99.2
2025-06-12 08:02:00,93.1
2025-06-12 01:53:00,94.2
2025-06-12 04:57:00,50.1110094970102
2025-06-12 14:47:00,50.1110094970102
2025-06-12 03:47:00,25.6
2025-06-12 10:31:00,87.9
2025-06-12 08:23:00,50.1110094970102
2025-06-12 21:32:00,47.1
2025-06-12 06:53:00,35.8
2025-06-12 08:58:00,40.1
2025-06-12 03:44:00,50.1110094970102
2025-06-12 23:22:00,41.0
2025-06-12 00:38:00,21.1
2025-06-12 20:53:00,99.1
2025-06-12 05:31:00,50.1110094970102
2025-06-12 04:04:00,34.8
2025-06-12 12:30:00,61.3
2025-06-12 08:53:00,35.0
2025-06-12 12:54:00,78.8
2025-06-12 12:06:00,18.2
2025-06-12 10:09:00,94.1
2025-06-12 16:31:00,12.2
2025-06-12 18:42:00,50.1110094970102
2025-06-12 01:47:00,50.1110094970102
2025-06-12 03:49:00,58.0
2025-06-12 19:31:00,59.0
2025-06-12 15:03:00,52.4
2025-06-12 20:19:00,86.4
2025-06-12 18:16:00,15.5
2025-06-12 12:29:00,4.5
2025-06-12 13:06:00,35.3
2025-06-12 23:02:00,50.1110094970102
2025-06-12 19:48:00,81.9
2025-06-12 14:39:00,92.1
2025-06-12 00:37:00,41.0
2025-06-12 00:40:00,41.6
2025-06-12 16:30:00,33.7
2025-06-12 06:06:00,50.1110094970102
2025-06-12 16:07:00,37.1
2025-06-12 19:54:00,97.9
2025-06-12 15:55:00,21.8
2025-06-12 01:40:00,60.2
2025-06-12 18:41:00,74.0
2025-06-12 14:30:00,30.1
2025-06-12 12:43:00,50.1110094970102
2025-06-12 09:57:00,24.0
2025-06-12 11:00:00,26.0
2025-06-12 11:12:00,50.1110094970102
2025-06-12 02:37:00,78.5
2025-06-12 08:51:00,23.8
2025-06-12 14:35:00,93.8
2025-06-12 12:24:00,75.4
2025-06-12 06:34:00,62.4
2025-06-12 14:09:00,79.6
2025-06-12 10:31:00,27.0
2025-06-12 23:13:00,50.1110094970102
2025-06-12 12:49:00,61.8
2025-06-12 07:05:00,81.2
2025-06-12 13:04:00,85.7
2025-06-12 23:59:00,31.5
2025-06-12 00:11:00,95.6
2025-06-12 12:24:00,70.7
2025-06-12 01:39:00,17.6
2025-06-12 01:10:00,14.7
2025-06-12 10:59:00,50.1110094970102
2025-06-12 09:08:00,74.0
2025-06-12 10:00:00,10.8
2025-06-12 10:14:00,17.9
2025-06-12 04:32:00,27.9
2025-06-12 09:02:00,81.6
2025-06-12 14:32:00,69.2
2025-06-12 08:59:00,60.8
2025-06-12 11:51:00,52.7
2025-06-12 09:41:00,76.2
2025-06-12 00:03:00,21.9
2025-06-12 05:02:00,11.0
2025-06-12 19:12:00,93.4
2025-06-12 14:04:00,50.1110094970102
2025-06-12 15:59:00,21.8
2025-06-12 09:24:00,84.0
2025-06-12 11:33:00,84.7
2025-06-12 03:46:00,62.5
2025-06-12 11:42:00,99.8
2025-06-12 00:13:00,13.4
2025-06-12 17:47:00,14.9
2025-06-12 11:52:00,29.7
2025-06-12 12:57:00,78.3
2025-06-12 15:18:00,94.4
2025-06-12 23:26:00,6.2
2025-06-12 07:08:00,90.3
2025-06-12 14:10:00,93.0
2025-06-12 13:55:00,31.4
2025-06-12 16:43:00,26.2
2025-06-12 17:46:00,15.6
2025-06-12 11:39:00,50.1110094970102
2025-06-12 02:20:00,3.3
2025-06-12 02:31:00,81.9
2025-06-12 21:11:00,36.5
2025-06-12 07:43:00,69.8
2025-06-12 12:05:00,44.1
2025-06-12 15:21:00,15.8
2025-06-12 23:09:00,7.3
2025-06-12 12:19:00,77.2
2025-06-12 21:56:00,59.1
2025-06-12 09:41:00,24.7
2025-06-12 08:23:00,2.2
2025-06-12 14:06:00,88.3
2025-06-12 02:39:00,0.4
2025-06-12 08:07:00,77.3
2025-06-12 23:13:00,50.1110094970102
2025-06-12 01:31:00,50.1110094970102
2025-06-12 00:56:00,35.7
2025-06-12 09:17:00,50.1110094970102
2025-06-12 08:20:00,70.5
2025-06-12 18:28:00,40.9
2025-06-12 11:48:00,21.3
2025-06-12 23:37:00,35.1
2025-06-12 10:09:00,4.8
2025-06-12 18:41:00,46.0
2025-06-12 20:36:00,1.8
2025-06-12 14:52:00,50.1110094970102
2025-06-12 14:39:00,16.3
2025-06-12 20:46:00,61.0
2025-06-12 08:51:00,81.0
2025-06-12 09:03:00,68.8
2025-06-12 12:01:00,54.3
2025-06-12 01:43:00,38.1
2025-06-12 06:30:00,58.9
2025-06-12 03:46:00,35.4
2025-06-12 00:29:00,50.1110094970102
2025-06-12 09:28:00,83.0
2025-06-12 07:42:00,50.1110094970102
2025-06-12 23:11:00,41.1
2025-06-12 23:39:00,77.4
2025-06-12 12:58:00,76.5
2025-06-12 01:28:00,63.3
2025-06-12 23:29:00,50.1110094970102
2025-06-12 23:15:00,74.0
2025-06-12 11:53:00,31.4
2025-06-12 02:01:00,10.2
2025-06-12 04:13:00,69.4
2025-06-12 01:27:00,73.9
2025-06-12 03:29:00,50.4
2025-06-12 21:04:00,25.0
2025-06-12 22:20:00,14.8
2025-06-12 08:41:00,66.5
2025-06-12 05:51:00,94.7
2025-06-12 05:28:00,40.7
2025-06-12 12:03:00,47.4
2025-06-12 12:08:00,21.9
2025-06-12 18:18:00,93.8
2025-06-12 21:54:00,21.9
2025-06-12 21:46:00,74.8
2025-06-12 13:54:00,22.4
2025-06-12 15:56:00,25.8
2025-06-12 00:29:00,54.1
2025-06-12 06:43:00,50.1110094970102
2025-06-12 10:19:00,40.9
2025-06-12 21:26:00,38.4
2025-06-12 00:11:00,5.3
2025-06-12 15:49:00,50.1110094970102
2025-06-12 03:42:00,70.7
2025-06-12 11:13:00,21.1
2025-06-12 16:45:00,39.4
2025-06-12 14:38:00,70.1
2025-06-12 15:34:00,62.8
2025-06-12 10:21:00,49.3
2025-06-12 07:24:00,48.1
2025-06-12 23:40:00,62.2
2025-06-12 08:18:00,67.8
2025-06-12 08:43:00,4.5
2025-06-12 03:05:00,45.3
2025-06-12 00:44:00,7.6
2025-06-12 03:37:00,42.2
2025-06-12 22:26:00,97.4
2025-06-12 10:18:00,66.8
2025-06-12 22:13:00,27.9
2025-06-12 23:28:00,28.0
2025-06-12 04:56:00,19.1
2025-06-12 16:21:00,14.5
2025-06-12 23:36:00,50.1110094970102
2025-06-12 16:06:00,40.5
2025-06-12 06:48:00,74.7
2025-06-12 08:19:00,24.5
2025-06-12 02:21:00,0.4
2025-06-12 10:10:00,94.4
2025-06-12 23:53:00,29.2
2025-06-12 18:20:00,61.5
2025-06-12 12:48:00,79.4
2025-06-12 15:12:00,50.1110094970102
2025-06-12 21:42:00,15.8
2025-06-12 03:32:00,97.4
2025-06-12 00:23:00,72.6
2025-06-12 13:12:00,4.7
2025-06-12 23:59:00,45.7
2025-06-12 06:12:00,11.5
2025-06-12 03:31:00,86.8
2025-06-12 11:15:00,94.7
2025-06-12 09:23:00,81.0
2025-06-12 10:38:00,69.1
2025-06-12 11:46:00,50.1110094970102
2025-06-12 05:51:00,92.4
2025-06-12 12:43:00,2.9
2025-06-12 10:13:00,73.9
2025-06-12 05:50:00,17.4
2025-06-12 14:57:00,50.1110094970102
2025-06-12 14:36:00,16.7
2025-06-12 17:58:00,46.3
2025-06-12 09:11:00,50.1110094970102
2025-06-12 12:20:00,17.7
2025-06-12 09:22:00,26.2
2025-06-12 14:50:00,42.8
2025-06-12 10:19:00,68.9
2025-06-12 04:54:00,38.5
2025-06-12 14:58:00,37.0
2025-06-12 16:47:00,69.4
2025-06-12 17:02:00,50.1110094970102
2025-06-12 20:00:00,47.9
2025-06-12 13:38:00,50.1110094970102
2025-06-12 14:28:00,71.0
2025-06-12 02:47:00,40.6
2025-06-12 16:34:00,6.7
2025-06-12 19:07:00,50.1110094970102
2025-06-12 23:03:00,12.0
2025-06-12 08:08:00,18.6
2025-06-12 11:59:00,86.4
2025-06-12 16:20:00,81.3
2025-06-12 17:34:00,50.1110094970102
2025-06-12 10:08:00,48.0
2025-06-12 00:21:00,97.4
2025-06-12 06:25:00,13.2
2025-06-12 19:24:00,71.0
2025-06-12 13:44:00,28.2
2025-06-12 04:48:00,64.7
2025-06-12 11:39:00,90.5
2025-06-12 22:47:00,49.0
2025-06-12 16:32:00,50.1110094970102
2025-06-12 02:18:00,32.5
2025-06-12 16:22:00,40.8
2025-06-12 02:18:00,28.2
2025-06-12 18:47:00,19.2
2025-06-12 12:25:00,50.1110094970102
2025-06-12 03:56:00,2.5
2025-06-12 06:39:00,50.1110094970102
2025-06-12 21:12:00,89.1
2025-06-12 23:08:00,80.3
2025-06-12 14:59:00,46.9
2025-06-12 04:12:00,50.1110094970102
2025-06-12 09:37:00,51.2
2025-06-12 20:49:00,40.7
2025-06-12 05:10:00,47.5
2025-06-12 21:51:00,50.1110094970102
2025-06-12 22:58:00,20.8
2025-06-12 23:00:00,50.0
2025-06-12 01:41:00,51.8
2025-06-12 17:26:00,99.8
2025-06-12 15:17:00,1.1
2025-06-12 23:22:00,50.1110094970102
2025-06-12 09:39:00,41.8
2025-06-12 10:50:00,36.2
2025-06-12 16:44:00,87.4
2025-06-12 18:01:00,82.9
2025-06-12 05:33:00,34.5
2025-06-12 02:53:00,99.5
2025-06-12 17:40:00,7.6
2025-06-12 16:58:00,61.5
2025-06-12 06:40:00,50.1110094970102
2025-06-12 05:59:00,12.2
2025-06-12 00:53:00,88.9
2025-06-12 02:33:00,64.0
2025-06-12 01:19:00,0.9
2025-06-12 20:21:00,97.0
2025-06-12 15:40:00,55.7
2025-06-12 11:50:00,50.1110094970102
2025-06-12 02:59:00,86.5
2025-06-12 17:58:00,84.8
2025-06-12 05:10:00,1.0
2025-06-12 11:58:00,65.1
2025-06-12 12:41:00,50.1110094970102
2025-06-12 20:51:00,19.6
2025-06-12 11:33:00,20.1
2025-06-12 01:49:00,36.8
2025-06-12 16:10:00,7.8
2025-06-12 20:55:00,37.4
2025-06-12 01:52:00,4.5
2025-06-12 18:41:00,7.4
2025-06-12 18:31:00,50.1110094970102
2025-06-12 15:45:00,50.1110094970102
2025-06-12 01:37:00,50.1110094970102
2025-06-12 19:54:00,82.7
2025-06-12 19:41:00,10.2
2025-06-12 06:07:00,47.1
2025-06-12 01:02:00,69.4
2025-06-12 09:17:00,50.1110094970102
2025-06-12 01:46:00,16.4
2025-06-12 00:27:00,18.4
2025-06-12 04:11:00,9.7
2025-06-12 18:01:00,61.1
2025-06-12 05:18:00,31.3
2025-06-12 02:31:00,64.7
2025-06-12 05:26:00,94.9
2025-06-12 22:34:00,50.1110094970102
2025-06-12 07:19:00,50.1110094970102
2025-06-12 17:23:00,20.6
2025-06-12 17:10:00,11.9
2025-06-12 15:40:00,63.2
2025-06-12 13:55:00,50.1110094970102
2025-06-12 17:10:00,37.4
2025-06-12 08:43:00,6.5
2025-06-12 16:45:00,4.8
2025-06-12 04:00:00,9.4
2025-06-12 16:44:00,12.5
2025-06-12 00:56:00,32.0
2025-06-12 12:35:00,64.1
2025-06-12 20:15:00,87.9
2025-06-12 16:48:00,38.2
2025-06-12 20:16:00,27.5
2025-06-12 21:46:00,50.26990393626991
2025-06-12 16:14:00,28.0
2025-06-12 14:38:00,50.26990393626991
2025-06-12 23:20:00,83.9
2025-06-12 10:55:00,50.26990393626991
2025-06-12 16:42:00,59.8
2025-06-12 17:20:00,40.5
2025-06-12 10:11:00,6.6
2025-06-12 21:07:00,0.1
2025-06-12 08:32:00,29.0
2025-06-12 22:31:00,76.5
2025-06-12 14:44:00,51.3
2025-06-12 05:01:00,50.26990393626991
2025-06-12 03:38:00,50.26990393626991
2025-06-12 17:44:00,50.26990393626991
2025-06-12 05:23:00,65.1
2025-06-12 01:04:00,72.9
2025-06-12 11:54:00,29.2
2025-06-12 05:59:00,71.5
2025-06-12 22:59:00,10.8
2025-06-12 02:00:00,60.8
2025-06-12 14:06:00,11.1
2025-06-12 00:54:00,50.26990393626991
2025-06-12 20:54:00,16.6
2025-06-12 09:32:00,35.5
2025-06-12 13:03:00,30.5
2025-06-12 22:34:00,22.3
2025-06-12 00:38:00,24.8
2025-06-12 06:27:00,9.5
2025-06-12 20:16:00,4.9
2025-06-12 02:54:00,50.26990393626991
2025-06-12 03:22:00,24.2
2025-06-12 01:47:00,69.0
2025-06-12 06:12:00,25.1
2025-06-12 05:45:00,50.26990393626991
2025-06-12 14:42:00,95.5
2025-06-12 22:11:00,46.3
2025-06-12 16:38:00,10.6
2025-06-12 20:24:00,66.0
2025-06-12 13:35:00,1.7
2025-06-12 16:14:00,48.0
2025-06-12 11:41:00,30.1
2025-06-12 09:51:00,19.9
2025-06-12 17:05:00,6.4
2025-06-12 01:55:00,32.4
2025-06-12 00:55:00,49.6
2025-06-12 08:35:00,1.4
2025-06-12 12:12:00,68.0
2025-06-12 00:36:00,79.9
2025-06-12 05:23:00,33.9
2025-06-12 20:43:00,23.5
2025-06-12 10:30:00,29.9
2025-06-12 06:54:00,21.0
2025-06-12 02:33:00,80.0
2025-06-12 20:31:00,21.0
2025-06-12 09:55:00,83.0
2025-06-12 12:10:00,73.8
2025-06-12 04:49:00,50.26990393626991
2025-06-12 20:02:00,25.7
2025-06-12 22:04:00,50.26990393626991
2025-06-12 12:38:00,18.0
2025-06-12 12:53:00,98.0
2025-06-12 07:12:00,96.1
2025-06-12 17:47:00,7.9
2025-06-12 23:04:00,49.0
2025-06-12 07:00:00,57.5
2025-06-12 01:36:00,68.2
2025-06-12 09:43:00,50.26990393626991
2025-06-12 08:45:00,50.26990393626991
2025-06-12 11:11:00,72.2
2025-06-12 06:44:00,22.4
2025-06-12 12:28:00,92.9
2025-06-12 00:08:00,20.0
2025-06-12 20:11:00,16.6
2025-06-12 14:06:00,22.6
2025-06-12 17:45:00,88.5
2025-06-12 11:21:00,52.1
2025-06-12 09:18:00,8.0
2025-06-12 16:55:00,63.9
2025-06-12 04:41:00,2.8
2025-06-12 03:07:00,50.26990393626991
2025-06-12 18:10:00,7.4
2025-06-12 09:04:00,21.1
2025-06-12 19:56:00,70.5
2025-06-12 16:55:00,20.5
2025-06-12 06:46:00,85.2
2025-06-12 10:34:00,50.26990393626991
2025-06-12 03:26:00,63.0
2025-06-12 15:24:00,62.0
2025-06-12 05:59:00,38.3
2025-06-12 21:16:00,96.9
2025-06-12 17:41:00,96.7
2025-06-12 21:45:00,73.8
2025-06-12 22:25:00,33.4
2025-06-12 14:29:00,82.9
2025-06-12 21:11:00,8.5
2025-06-12 10:48:00,57.1
2025-06-12 12:15:00,95.4
2025-06-12 21:27:00,50.26990393626991
2025-06-12 15:02:00,5.8
2025-06-12 04:19:00,18.8
2025-06-12 08:41:00,98.6
2025-06-12 11:53:00,27.6
2025-06-12 11:50:00,94.7
2025-06-12 08:09:00,82.6
2025-06-12 00:53:00,21.7
2025-06-12 18:22:00,78.2
2025-06-12 21:13:00,50.26990393626991
2025-06-12 00:30:00,50.26990393626991
2025-06-12 06:53:00,65.3
2025-06-12 00:32:00,65.5
2025-06-12 13:09:00,69.8
2025-06-12 10:03:00,62.0
2025-06-12 05:32:00,41.5
2025-06-12 15:28:00,50.6
2025-06-12 14:37:00,13.2
2025-06-12 06:22:00,61.8
2025-06-12 08:10:00,49.3
2025-06-12 14:49:00,49.0
2025-06-12 05:28:00,50.26990393626991
2025-06-12 14:21:00,23.4
2025-06-12 11:17:00,65.2
2025-06-12 04:15:00,8.4
2025-06-12 10:57:00,6.0
2025-06-12 12:22:00,18.7
2025-06-12 19:36:00,87.1
2025-06-12 08:53:00,38.7
2025-06-12 10:25:00,35.6
2025-06-12 05:08:00,89.0
2025-06-12 16:58:00,16.8
2025-06-12 00:39:00,8.9
2025-06-12 02:35:00,94.7
2025-06-12 11:25:00,36.9
2025-06-12 16:45:00,19.5
2025-06-12 09:03:00,50.26990393626991
2025-06-12 14:25:00,60.2
2025-06-12 11:56:00,38.8
2025-06-12 14:10:00,14.8
2025-06-12 16:09:00,21.2
2025-06-12 11:38:00,22.7
2025-06-12 01:18:00,35.9
2025-06-12 01:04:00,87.8
2025-06-12 01:10:00,16.0
2025-06-12 01:44:00,52.5
2025-06-12 23:58:00,76.5
2025-06-12 02:03:00,44.2
2025-06-12 22:52:00,86.3
2025-06-12 02:21:00,32.3
2025-06-12 08:13:00,93.0
2025-06-12 12:49:00,50.26990393626991
2025-06-12 11:12:00,53.5
2025-06-12 22:56:00,11.7
2025-06-12 16:49:00,54.2
2025-06-12 17:33:00,50.26990393626991
2025-06-12 00:04:00,18.9
2025-06-12 10:15:00,20.2
2025-06-12 03:44:00,52.0
2025-06-12 01:52:00,5.1
2025-06-12 18:11:00,46.8
2025-06-12 13:17:00,14.4
2025-06-12 20:40:00,15.8
2025-06-12 14:41:00,66.5
2025-06-12 06:10:00,80.1
2025-06-12 02:44:00,20.3
2025-06-12 05:16:00,50.26990393626991
2025-06-12 20:35:00,90.6
2025-06-12 13:00:00,49.2
2025-06-12 10:58:00,10.8
2025-06-12 10:52:00,88.6
2025-06-12 13:14:00,98.4
2025-06-12 14:00:00,18.1
2025-06-12 18:32:00,24.4
2025-06-12 20:49:00,3.7
2025-06-12 18:49:00,62.9
2025-06-12 01:45:00,67.8
2025-06-12 01:30:00,17.4
2025-06-12 03:50:00,30.0
2025-06-12 16:05:00,28.2
2025-06-12 08:31:00,60.1
2025-06-12 10:16:00,50.26990393626991
2025-06-12 19:53:00,81.2
2025-06-12 16:58:00,90.0
2025-06-12 16:58:00,60.4
2025-06-12 16:00:00,38.6
2025-06-12 20:40:00,20.6
2025-06-12 16:27:00,71.3
2025-06-12 05:30:00,50.26990393626991
2025-06-12 16:55:00,97.7
2025-06-12 22:04:00,50.9
2025-06-12 05:38:00,99.0
2025-06-12 02:05:00,56.6
2025-06-12 08:07:00,26.2
2025-06-12 10:18:00,99.2
2025-06-12 00:38:00,39.8
2025-06-12 02:44:00,49.7
2025-06-12 04:09:00,67.8
2025-06-12 05:54:00,50.26990393626991
2025-06-12 13:11:00,18.2
2025-06-12 17:30:00,18.6
2025-06-12 02:42:00,59.7
2025-06-12 02:49:00,68.4
2025-06-12 00:03:00,50.26990393626991
2025-06-12 13:54:00,89.3
2025-06-12 10:36:00,78.2
2025-06-12 02:44:00,98.0
2025-06-12 07:08:00,50.26990393626991
2025-06-12 20:58:00,52.0
2025-06-12 06:42:00,20.8
2025-06-12 15:54:00,33.9
2025-06-12 05:54:00,43.4
2025-06-12 15:19:00,4.0
2025-06-12 15:22:00,84.1
2025-06-12 08:16:00,4.0
2025-06-12 01:38:00,10.6
2025-06-12 08:12:00,81.7
2025-06-12 02:09:00,85.4
2025-06-12 04:35:00,57.2
2025-06-12 05:00:00,50.26990393626991
2025-06-12 22:12:00,99.1
2025-06-12 22:16:00,50.7
2025-06-12 20:23:00,40.2
2025-06-12 01:07:00,89.0
2025-06-12 22:11:00,22.0
2025-06-12 00:04:00,91.3
2025-06-12 05:09:00,42.9
2025-06-12 11:01:00,81.9
2025-06-12 16:48:00,85.7
2025-06-12 09:42:00,42.0
2025-06-12 01:42:00,90.0
2025-06-12 10:55:00,32.6
2025-06-12 01:26:00,61.9
2025-06-12 11:52:00,82.0
2025-06-12 18:22:00,89.9
2025-06-12 15:23:00,79.2
2025-06-12 03:37:00,26.6
2025-06-12 01:24:00,15.9
2025-06-12 13:41:00,76.2
2025-06-12 08:56:00,54.0
2025-06-12 12:55:00,25.8
2025-06-12 08:57:00,50.26990393626991
2025-06-12 05:12:00,92.2
2025-06-12 11:01:00,28.6
2025-06-12 05:53:00,60.1
2025-06-12 05:03:00,78.5
2025-06-12 16:20:00,52.5
2025-06-12 05:42:00,24.5
2025-06-12 01:27:00,37.7
2025-06-12 00:44:00,30.6
2025-06-12 00:59:00,39.8
2025-06-12 06:41:00,14.9
2025-06-12 12:35:00,53.1
2025-06-12 18:02:00,69.1
2025-06-12 15:27:00,26.1
2025-06-12 06:15:00,50.26990393626991
2025-06-12 18:15:00,26.4
2025-06-12 05:31:00,50.26990393626991
2025-06-12 08:24:00,50.26990393626991
2025-06-12 19:20:00,50.26990393626991
2025-06-12 07:31:00,27.2
2025-06-12 15:31:00,0.3
2025-06-12 02:15:00,55.2
2025-06-12 13:48:00,49.2
2025-06-12 12:10:00,16.9
2025-06-12 17:52:00,50.26990393626991
2025-06-12 03:09:00,24.0
2025-06-12 14:18:00,77.4
2025-06-12 06:20:00,11.8
2025-06-12 04:41:00,50.26990393626991
2025-06-12 14:51:00,7.8
2025-06-12 19:24:00,7.7
2025-06-12 19:55:00,32.8
2025-06-12 05:44:00,92.5
2025-06-12 20:50:00,82.6
2025-06-12 12:54:00,32.7
2025-06-12 22:46:00,95.7
2025-06-12 00:49:00,66.8
2025-06-12 01:00:00,86.1
2025-06-12 08:34:00,49.3
2025-06-12 06:08:00,28.4
2025-06-12 05:46:00,79.4
2025-06-12 12:31:00,50.26990393626991
2025-06-12 22:56:00,73.3
2025-06-12 22:03:00,11.7
2025-06-12 00:42:00,87.9
2025-06-12 09:42:00,37.4
2025-06-12 03:01:00,50.26990393626991
2025-06-12 17:14:00,62.3
2025-06-12 19:15:00,50.26990393626991
2025-06-12 14:15:00,63.7
2025-06-12 10:39:00,55.0
2025-06-12 11:42:00,67.6
2025-06-12 20:35:00,74.2
2025-06-12 23:18:00,66.7
2025-06-12 17:32:00,19.6
2025-06-12 12:59:00,10.3
2025-06-12 17:06:00,27.6
2025-06-12 07:25:00,50.26990393626991
2025-06-12 19:14:00,78.4
2025-06-12 13:09:00,74.5
2025-06-12 02:18:00,67.7
2025-06-12 21:17:00,86.3
2025-06-12 18:36:00,8.5
2025-06-12 12:05:00,36.6
2025-06-12 00:45:00,65.0
2025-06-12 20:51:00,77.0
2025-06-12 04:40:00,50.26990393626991
2025-06-12 20:47:00,31.0
2025-06-12 08:12:00,93.0
2025-06-12 22:37:00,19.2
2025-06-12 20:07:00,50.9
2025-06-12 06:35:00,49.3
2025-06-12 10:29:00,90.6
2025-06-12 05:40:00,10.3
2025-06-12 12:20:00,50.26990393626991
2025-06-12 00:26:00,2.5
2025-06-12 14:59:00,18.1
2025-06-12 08:24:00,82.3
2025-06-12 16:05:00,97.3
2025-06-12 18:52:00,85.8
2025-06-12 22:39:00,50.26990393626991
2025-06-12 15:33:00,95.3
2025-06-12 03:17:00,61.2
2025-06-12 22:40:00,50.26990393626991
2025-06-12 06:09:00,88.8
2025-06-12 13:32:00,50.26990393626991
2025-06-12 02:32:00,4.7
2025-06-12 20:11:00,56.0
2025-06-12 00:43:00,77.7
2025-06-12 11:56:00,98.8
2025-06-12 08:00:00,49.86672560113154
2025-06-12 08:51:00,37.7
2025-06-12 01:31:00,11.9
2025-06-12 16:07:00,9.5
2025-06-12 17:33:00,95.0
2025-06-12 23:37:00,25.5
2025-06-12 17:46:00,6.6
2025-06-12 22:54:00,69.0
2025-06-12 19:03:00,35.5
2025-06-12 23:39:00,97.0
2025-06-12 19:03:00,3.6
2025-06-12 00:31:00,49.86672560113154
2025-06-12 00:30:00,57.9
2025-06-12 05:21:00,37.0
2025-06-12 06:25:00,99.7
2025-06-12 23:59:00,83.1
2025-06-12 11:39:00,49.86672560113154
2025-06-12 07:56:00,17.2
2025-06-12 20:19:00,61.5
2025-06-12 16:58:00,11.5
2025-06-12 14:52:00,69.8
2025-06-12 01:23:00,49.86672560113154
2025-06-12 09:51:00,35.6
2025-06-12 13:31:00,49.86672560113154
2025-06-12 17:13:00,79.3
2025-06-12 08:07:00,90.2
2025-06-12 04:21:00,26.4
2025-06-12 07:18:00,22.6
2025-06-12 16:35:00,95.3
2025-06-12 01:46:00,97.3
2025-06-12 12:51:00,49.86672560113154
2025-06-12 23:12:00,49.86672560113154
2025-06-12 07:11:00,2.8
2025-06-12 08:59:00,53.6
2025-06-12 19:07:00,26.9
2025-06-12 07:22:00,35.7
2025-06-12 02:15:00,60.1
2025-06-12 04:52:00,17.3
2025-06-12 14:16:00,49.86672560113154
2025-06-12 08:57:00,71.5
2025-06-12 06:27:00,15.4
2025-06-12 18:23:00,82.0
2025-06-12 05:05:00,7.0
2025-06-12 22:44:00,31.4
2025-06-12 17:05:00,61.5
2025-06-12 23:26:00,90.5
2025-06-12 13:01:00,88.8
2025-06-12 12:07:00,77.9
2025-06-12 09:23:00,49.86672560113154
2025-06-12 22:35:00,95.9
2025-06-12 18:36:00,49.86672560113154
2025-06-12 16:44:00,67.3
2025-06-12 14:16:00,97.1
2025-06-12 18:17:00,49.86672560113154
2025-06-12 14:35:00,3.5
2025-06-12 04:45:00,45.8
2025-06-12 01:58:00,56.5
2025-06-12 06:48:00,49.86672560113154
2025-06-12 20:59:00,15.5
2025-06-12 03:28:00,84.7
2025-06-12 20:02:00,49.86672560113154
2025-06-12 12:32:00,53.5
2025-06-12 11:28:00,49.86672560113154
2025-06-12 00:26:00,62.3
2025-06-12 01:26:00,9.8
2025-06-12 19:41:00,21.2
2025-06-12 22:00:00,82.2
2025-06-12 20:23:00,49.86672560113154
2025-06-12 21:46:00,49.86672560113154
2025-06-12 05:12:00,49.86672560113154
2025-06-12 04:44:00,63.0
2025-06-12 05:36:00,41.6
2025-06-12 11:03:00,33.2
2025-06-12 17:29:00,97.7
2025-06-12 07:00:00,49.86672560113154
2025-06-12 12:52:00,47.5
2025-06-12 20:16:00,41.8
2025-06-12 05:12:00,49.86672560113154
2025-06-12 06:10:00,54.7
2025-06-12 02:13:00,49.86672560113154
2025-06-12 17:31:00,13.1
2025-06-12 21:37:00,10.9
2025-06-12 16:32:00,46.1
2025-06-12 06:16:00,68.8
2025-06-12 04:50:00,34.6
2025-06-12 22:13:00,86.4
2025-06-12 02:36:00,70.3
2025-06-12 08:00:00,30.4
2025-06-12 13:41:00,8.7
2025-06-12 19:54:00,63.5
2025-06-12 08:06:00,57.9
2025-06-12 04:35:00,15.7
2025-06-12 15:06:00,49.86672560113154
2025-06-12 17:07:00,13.3
2025-06-12 17:20:00,49.86672560113154
2025-06-12 09:49:00,2.7
2025-06-12 05:08:00,58.3
2025-06-12 18:26:00,11.8
2025-06-12 19:11:00,49.86672560113154
2025-06-12 08:46:00,97.1
2025-06-12 23:11:00,49.86672560113154
2025-06-12 16:16:00,38.5
2025-06-12 18:09:00,50.6
2025-06-12 09:41:00,37.3
2025-06-12 16:32:00,54.7
2025-06-12 10:28:00,49.86672560113154
2025-06-12 21:19:00,9.3
2025-06-12 15:42:00,2.9
2025-06-12 04:18:00,4.4
2025-06-12 23:41:00,17.2
2025-06-12 00:32:00,36.8
2025-06-12 11:14:00,6.7
2025-06-12 16:01:00,57.0
2025-06-12 08:43:00,10.5
2025-06-12 01:04:00,0.9
2025-06-12 13:09:00,12.4
2025-06-12 00:51:00,14.9
2025-06-12 03:01:00,61.2
2025-06-12 13:26:00,52.0
2025-06-12 19:04:00,15.3
2025-06-12 18:46:00,45.0
2025-06-12 05:13:00,51.4
2025-06-12 23:58:00,50.8
2025-06-12 17:57:00,77.4
2025-06-12 07:30:00,49.86672560113154
2025-06-12 20:18:00,49.86672560113154
2025-06-12 16:09:00,14.2
2025-06-12 13:15:00,81.5
2025-06-12 11:06:00,77.6
2025-06-12 22:25:00,88.5
2025-06-12 11:13:00,47.7
2025-06-12 18:11:00,18.0
2025-06-12 23:22:00,88.3
2025-06-12 00:18:00,98.4
2025-06-12 12:44:00,83.8
2025-06-12 10:13:00,20.3
2025-06-12 17:06:00,25.0
2025-06-12 21:29:00,40.4
2025-06-12 04:05:00,3.9
2025-06-12 21:15:00,81.5
2025-06-12 07:21:00,61.3
2025-06-12 19:51:00,49.86672560113154
2025-06-12 11:42:00,98.6
2025-06-12 02:38:00,57.8
2025-06-12 18:45:00,18.7
2025-06-12 03:56:00,49.4
2025-06-12 23:25:00,99.4
2025-06-12 03:44:00,28.4
2025-06-12 02:52:00,7.1
2025-06-12 05:38:00,82.4
2025-06-12 08:35:00,31.8
2025-06-12 01:14:00,49.86672560113154
2025-06-12 20:10:00,94.0
2025-06-12 04:17:00,19.5
2025-06-12 11:51:00,85.1
2025-06-12 07:27:00,11.6
2025-06-12 13:53:00,24.4
2025-06-12 17:00:00,11.2
2025-06-12 18:12:00,16.8
2025-06-12 01:57:00,75.0
2025-06-12 15:15:00,42.0
2025-06-12 04:19:00,65.1
2025-06-12 10:41:00,70.2
2025-06-12 02:38:00,34.6
2025-06-12 18:50:00,11.6
2025-06-12 11:09:00,72.9
2025-06-12 21:56:00,57.3
2025-06-12 15:33:00,91.5
2025-06-12 01:54:00,97.5
2025-06-12 13:56:00,31.3
2025-06-12 05:00:00,43.4
2025-06-12 08:32:00,89.6
2025-06-12 08:01:00,65.5
2025-06-12 00:22:00,49.86672560113154
2025-06-12 02:36:00,75.9
2025-06-12 23:53:00,97.9
2025-06-12 20:38:00,18.7
2025-06-12 16:25:00,99.0
2025-06-12 01:00:00,49.86672560113154
2025-06-12 17:20:00,80.7
2025-06-12 14:20:00,47.1
2025-06-12 16:55:00,59.4
2025-06-12 01:28:00,92.3
2025-06-12 11:34:00,63.5
2025-06-12 19:54:00,49.86672560113154
2025-06-12 07:26:00,92.9
2025-06-12 18:49:00,49.86672560113154
2025-06-12 12:53:00,53.9
2025-06-12 15:58:00,77.5
2025-06-12 05:06:00,56.3
2025-06-12 14:19:00,25.4
2025-06-12 16:49:00,30.7
2025-06-12 03:56:00,44.6
2025-06-12 20:23:00,61.7
2025-06-12 08:44:00,85.5
2025-06-12 22:43:00,67.9
2025-06-12 02:39:00,92.7
2025-06-12 15:11:00,61.8
2025-06-12 18:43:00,44.4
2025-06-12 12:36:00,63.7
2025-06-12 01:59:00,72.5
2025-06-12 01:39:00,25.7
2025-06-12 07:06:00,71.8
2025-06-12 12:42:00,60.3
2025-06-12 07:56:00,52.4
2025-06-12 10:07:00,40.8
2025-06-12 00:55:00,49.86672560113154
2025-06-12 13:35:00,73.0
2025-06-12 04:47:00,82.1
2025-06-12 11:39:00,16.7
2025-06-12 05:25:00,89.0
2025-06-12 07:16:00,22.6
2025-06-12 20:47:00,37.8
2025-06-12 21:38:00,46.9
2025-06-12 08:34:00,36.0
2025-06-12 10:10:00,77.3
2025-06-12 18:44:00,52.7
2025-06-12 05:04:00,14.4
2025-06-12 04:30:00,33.9
2025-06-12 01:44:00,49.86672560113154
2025-06-12 09:35:00,19.5
2025-06-12 12:43:00,11.3
2025-06-12 22:31:00,49.86672560113154
2025-06-12 22:14:00,8.8
2025-06-12 14:41:00,49.86672560113154
2025-06-12 00:18:00,65.1
2025-06-12 10:23:00,44.6
2025-06-12 20:35:00,50.9
2025-06-12 13:27:00,64.7
2025-06-12 07:31:00,77.8
2025-06-12 05:51:00,40.2
2025-06-12 05:04:00,36.6
2025-06-12 06:39:00,49.86672560113154
2025-06-12 05:02:00,98.3
2025-06-12 22:00:00,88.3
2025-06-12 14:53:00,7.8
2025-06-12 01:22:00,47.3
2025-06-12 09:33:00,20.2
2025-06-12 18:22:00,14.5
2025-06-12 09:13:00,59.3
2025-06-12 04:30:00,7.1
2025-06-12 05:40:00,81.5
2025-06-12 17:26:00,63.6
2025-06-12 03:26:00,0.3
2025-06-12 19:06:00,53.5
2025-06-12 04:36:00,31.7
2025-06-12 03:29:00,49.86672560113154
2025-06-12 19:02:00,49.86672560113154
2025-06-12 01:37:00,1.5
2025-06-12 01:27:00,76.6
2025-06-12 23:32:00,43.0
2025-06-12 04:45:00,7.7
2025-06-12 06:14:00,18.1
2025-06-12 08:35:00,16.7
2025-06-12 17:23:00,49.86672560113154
2025-06-12 01:07:00,95.1
2025-06-12 20:24:00,49.86672560113154
2025-06-12 08:36:00,57.1
2025-06-12 12:50:00,49.86672560113154
2025-06-12 14:04:00,9.1
2025-06-12 16:24:00,49.86672560113154
2025-06-12 22:54:00,49.86672560113154
2025-06-12 20:00:00,43.2
2025-06-12 03:06:00,87.6
2025-06-12 11:00:00,15.6
2025-06-12 20:18:00,51.4
2025-06-12 18:59:00,13.5
2025-06-12 05:49:00,91.1
2025-06-12 20:37:00,49.86672560113154
2025-06-12 20:05:00,32.6
2025-06-12 19:49:00,18.1
2025-06-12 10:15:00,92.4
2025-06-12 14:54:00,13.4
2025-06-12 04:09:00,6.6
2025-06-12 09:08:00,15.0
2025-06-12 13:28:00,76.6
2025-06-12 14:13:00,29.5
2025-06-12 23:45:00,91.1
2025-06-12 05:53:00,52.1
2025-06-12 01:25:00,9.2
2025-06-12 06:04:00,41.6
2025-06-12 06:21:00,81.0
2025-06-12 17:24:00,62.4
2025-06-12 10:29:00,49.2
2025-06-12 06:29:00,76.6
2025-06-12 23:58:00,50.9
2025-06-12 16:04:00,37.1
2025-06-12 16:02:00,92.0
2025-06-12 08:17:00,73.9
2025-06-12 01:05:00,64.8
2025-06-12 10:01:00,64.4
2025-06-12 06:01:00,49.86672560113154
2025-06-12 00:34:00,11.1
2025-06-12 11:16:00,49.86672560113154
2025-06-12 05:27:00,69.7
2025-06-12 18:31:00,11.2
2025-06-12 07:54:00,37.4
2025-06-12 00:59:00,40.5
2025-06-12 05:00:00,76.4
2025-06-12 01:39:00,97.0
2025-06-12 09:14:00,25.8
2025-06-12 21:04:00,49.86672560113154
2025-06-12 15:21:00,57.2
2025-06-12 13:02:00,11.6
2025-06-12 18:44:00,66.5
2025-06-12 11:34:00,92.8
2025-06-12 11:55:00,70.1
2025-06-12 18:29:00,18.1
2025-06-12 04:31:00,9.2
2025-06-12 03:47:00,28.5
2025-06-12 07:44:00,49.86672560113154
2025-06-12 23:55:00,42.6
2025-06-12 07:57:00,49.86672560113154
2025-06-12 00:07:00,31.2
2025-06-12 16:35:00,96.8
2025-06-12 23:08:00,11.8
2025-06-12 10:33:00,71.4
2025-06-12 18:03:00,21.2
2025-06-12 21:30:00,56.1
2025-06-12 05:34:00,49.86672560113154
2025-06-12 11:28:00,68.8
2025-06-12 12:37:00,49.86672560113154
2025-06-12 03:48:00,2.0
2025-06-12 23:51:00,42.9
2025-06-12 11:13:00,57.6
2025-06-12 17:48:00,2.7
2025-06-12 08:15:00,66.1
2025-06-12 16:58:00,66.6
2025-06-12 06:52:00,60.6
2025-06-12 14:41:00,63.2
2025-06-12 19:37:00,21.0
2025-06-12 08:07:00,49.86672560113154
2025-06-12 16:26:00,31.3
2025-06-12 00:37:00,41.3
2025-06-12 19:31:00,65.1
2025-06-12 12:48:00,50.613932505273034
2025-06-12 07:08:00,0.8
2025-06-12 10:33:00,92.6
2025-06-12 18:20:00,97.6
2025-06-12 03:01:00,41.4
2025-06-12 19:01:00,66.2
2025-06-12 04:56:00,93.5
2025-06-12 11:53:00,85.9
2025-06-12 13:54:00,32.2
2025-06-12 01:54:00,75.3
2025-06-12 05:52:00,57.2
2025-06-12 06:56:00,88.1
2025-06-12 22:06:00,5.1
2025-06-12 06:38:00,82.3
2025-06-12 13:28:00,5.5
2025-06-12 20:35:00,89.3
2025-06-12 13:51:00,50.613932505273034
2025-06-12 11:21:00,68.4
2025-06-12 22:16:00,50.613932505273034
2025-06-12 01:12:00,16.2
2025-06-12 17:04:00,41.4
2025-06-12 01:13:00,3.4
2025-06-12 21:15:00,50.613932505273034
2025-06-12 14:23:00,47.7
2025-06-12 13:50:00,4.6
2025-06-12 06:57:00,1.3
2025-06-12 17:12:00,68.7
2025-06-12 06:12:00,50.613932505273034
2025-06-12 11:13:00,89.9
2025-06-12 16:45:00,96.9
2025-06-12 21:44:00,69.5
2025-06-12 18:00:00,96.7
2025-06-12 12:36:00,50.613932505273034
2025-06-12 19:27:00,39.2
2025-06-12 02:04:00,0.4
2025-06-12 05:41:00,39.0
2025-06-12 13:22:00,13.2
2025-06-12 08:44:00,44.2
2025-06-12 03:28:00,18.5
2025-06-12 00:34:00,27.2
2025-06-12 15:52:00,61.5
2025-06-12 15:05:00,59.4
2025-06-12 02:55:00,17.6
2025-06-12 03:38:00,14.7
2025-06-12 09:26:00,49.1
2025-06-12 11:14:00,36.7
2025-06-12 05:56:00,62.3
2025-06-12 17:05:00,54.6
2025-06-12 13:00:00,19.7
2025-06-12 17:50:00,91.7
2025-06-12 10:55:00,18.8
2025-06-12 09:21:00,87.1
2025-06-12 23:26:00,39.0
2025-06-12 13:35:00,43.8
2025-06-12 11:45:00,0.4
2025-06-12 04:45:00,50.613932505273034
2025-06-12 13:42:00,50.613932505273034
2025-06-12 01:57:00,99.6
2025-06-12 21:09:00,59.7
2025-06-12 14:27:00,32.2
2025-06-12 14:49:00,50.613932505273034
2025-06-12 14:04:00,94.6
2025-06-12 07:10:00,52.1
2025-06-12 00:32:00,77.0
2025-06-12 07:16:00,70.5
2025-06-12 02:43:00,2.8
2025-06-12 13:56:00,47.0
2025-06-12 15:54:00,75.4
2025-06-12 23:53:00,76.7
2025-06-12 11:52:00,47.3
2025-06-12 07:20:00,94.2
2025-06-12 14:19:00,14.8
2025-06-12 09:09:00,7.2
2025-06-12 09:41:00,6.0
2025-06-12 15:23:00,68.7
2025-06-12 14:29:00,7.4
2025-06-12 13:32:00,4.1
2025-06-12 12:32:00,27.2
2025-06-12 15:59:00,82.8
2025-06-12 06:34:00,68.3
2025-06-12 17:02:00,39.6
2025-06-12 18:22:00,10.6
2025-06-12 11:42:00,56.4
2025-06-12 01:02:00,59.7
2025-06-12 15:51:00,50.613932505273034
2025-06-12 06:24:00,5.6
2025-06-12 06:01:00,42.1
2025-06-12 21:01:00,17.8
2025-06-12 02:10:00,60.8
2025-06-12 14:38:00,50.613932505273034
2025-06-12 03:33:00,88.0
2025-06-12 17:20:00,67.5
2025-06-12 22:02:00,28.9
2025-06-12 18:23:00,95.7
2025-06-12 06:49:00,32.0
2025-06-12 06:11:00,50.613932505273034
2025-06-12 03:21:00,13.6
2025-06-12 00:58:00,26.8
2025-06-12 14:42:00,24.5
2025-06-12 12:18:00,31.8
2025-06-12 18:33:00,13.9
2025-06-12 11:15:00,35.8
2025-06-12 16:39:00,64.2
2025-06-12 03:34:00,44.5
2025-06-12 14:20:00,9.4
2025-06-12 05:39:00,46.4
2025-06-12 05:54:00,93.7
2025-06-12 08:16:00,44.6
2025-06-12 08:30:00,85.4
2025-06-12 00:12:00,50.613932505273034
2025-06-12 10:13:00,89.9
2025-06-12 07:31:00,52.8
2025-06-12 04:34:00,15.0
2025-06-12 09:37:00,38.6
2025-06-12 18:07:00,45.7
2025-06-12 20:57:00,81.9
2025-06-12 09:17:00,39.9
2025-06-12 02:10:00,13.0
2025-06-12 08:10:00,2.6
2025-06-12 21:18:00,72.6
2025-06-12 18:42:00,64.1
2025-06-12 01:00:00,78.3
2025-06-12 03:48:00,33.6
2025-06-12 13:02:00,36.9
2025-06-12 12:00:00,51.7
2025-06-12 00:58:00,60.0
2025-06-12 11:31:00,18.5
2025-06-12 23:15:00,42.6
2025-06-12 18:28:00,25.8
2025-06-12 20:19:00,50.613932505273034
2025-06-12 13:07:00,94.4
2025-06-12 04:41:00,97.3
2025-06-12 09:18:00,91.0
2025-06-12 13:02:00,64.2
2025-06-12 19:33:00,50.613932505273034
2025-06-12 05:19:00,31.0
2025-06-12 00:01:00,2.0
2025-06-12 05:47:00,42.2
2025-06-12 14:41:00,10.8
2025-06-12 19:16:00,50.613932505273034
2025-06-12 23:42:00,35.5
2025-06-12 06:10:00,28.1
2025-06-12 15:32:00,50.613932505273034
2025-06-12 14:27:00,63.2
2025-06-12 03:07:00,20.7
2025-06-12 22:32:00,34.5
2025-06-12 08:03:00,50.613932505273034
2025-06-12 10:35:00,25.8
2025-06-12 20:57:00,37.1
2025-06-12 18:25:00,50.613932505273034
2025-06-12 15:34:00,50.613932505273034
2025-06-12 05:18:00,50.613932505273034
2025-06-12 22:06:00,36.6
2025-06-12 20:37:00,85.0
2025-06-12 12:11:00,50.613932505273034
2025-06-12 18:43:00,50.613932505273034
2025-06-12 19:36:00,50.613932505273034
2025-06-12 02:01:00,18.8
2025-06-12 13:44:00,50.613932505273034
2025-06-12 22:35:00,42.0
2025-06-12 12:08:00,54.9
2025-06-12 22:10:00,57.3
2025-06-12 12:54:00,54.7
2025-06-12 05:25:00,80.7
2025-06-12 15:08:00,75.3
2025-06-12 15:49:00,53.9
2025-06-12 09:07:00,99.8
2025-06-12 19:54:00,47.4
2025-06-12 04:16:00,39.6
2025-06-12 01:42:00,74.0
2025-06-12 00:58:00,94.5
2025-06-12 06:28:00,89.8
2025-06-12 22:15:00,5.3
2025-06-12 05:56:00,37.6
2025-06-12 13:33:00,83.8
2025-06-12 22:24:00,50.9
2025-06-12 23:41:00,41.7
2025-06-12 11:06:00,28.0
2025-06-12 04:39:00,50.613932505273034
2025-06-12 18:25:00,20.0
2025-06-12 22:12:00,52.7
2025-06-12 06:42:00,23.9
2025-06-12 18:00:00,48.0
2025-06-12 01:15:00,96.6
2025-06-12 19:18:00,24.7
2025-06-12 00:05:00,87.8
2025-06-12 16:05:00,32.3
2025-06-12 23:22:00,50.5
2025-06-12 03:33:00,100.0
2025-06-12 02:40:00,81.1
2025-06-12 23:30:00,50.613932505273034
2025-06-12 19:30:00,37.2
2025-06-12 00:41:00,52.3
2025-06-12 01:22:00,4.1
2025-06-12 20:48:00,50.613932505273034
2025-06-12 06:58:00,44.1
2025-06-12 08:51:00,5.4
2025-06-12 10:20:00,50.613932505273034
2025-06-12 10:13:00,31.8
2025-06-12 04:01:00,72.4
2025-06-12 05:22:00,4.7
2025-06-12 06:45:00,41.7
2025-06-12 14:57:00,28.7
2025-06-12 08:16:00,99.0
2025-06-12 20:46:00,3.1
2025-06-12 22:31:00,50.613932505273034
2025-06-12 01:57:00,12.3
2025-06-12 04:04:00,85.3
2025-06-12 04:21:00,98.9
2025-06-12 12:01:00,50.613932505273034
2025-06-12 20:54:00,68.8
2025-06-12 16:38:00,16.6
2025-06-12 12:55:00,50.613932505273034
2025-06-12 16:17:00,42.7
2025-06-12 13:17:00,50.613932505273034
2025-06-12 06:57:00,82.4
2025-06-12 17:56:00,72.9
2025-06-12 11:16:00,93.4
2025-06-12 18:28:00,77.8
2025-06-12 12:54:00,69.6
2025-06-12 23:48:00,64.6
2025-06-12 22:10:00,50.613932505273034
2025-06-12 19:50:00,87.4
2025-06-12 19:30:00,26.2
2025-06-12 14:30:00,63.2
2025-06-12 14:50:00,20.4
2025-06-12 03:31:00,56.3
2025-06-12 18:07:00,50.613932505273034
2025-06-12 02:16:00,50.613932505273034
2025-06-12 19:44:00,68.7
2025-06-12 21:15:00,93.9
2025-06-12 19:53:00,60.7
2025-06-12 22:34:00,89.2
2025-06-12 11:29:00,50.613932505273034
2025-06-12 03:54:00,1.3
2025-06-12 17:08:00,19.9
2025-06-12 00:06:00,44.6
2025-06-12 09:37:00,6.5
2025-06-12 09:31:00,83.1
2025-06-12 23:02:00,85.8
2025-06-12 22:01:00,89.4
2025-06-12 17:03:00,82.5
2025-06-12 00:57:00,23.1
2025-06-12 01:48:00,99.7
2025-06-12 08:06:00,10.6
2025-06-12 04:04:00,25.0
2025-06-12 07:46:00,13.3
2025-06-12 00:47:00,19.7
2025-06-12 02:29:00,58.7
2025-06-12 08:20:00,50.613932505273034
2025-06-12 01:16:00,50.613932505273034
2025-06-12 21:02:00,93.5
2025-06-12 22:07:00,50.613932505273034
2025-06-12 18:04:00,99.1
2025-06-12 05:22:00,35.7
2025-06-12 23:06:00,64.3
2025-06-12 02:32:00,24.6
2025-06-12 14:37:00,41.2
2025-06-12 09:53:00,78.6
2025-06-12 04:48:00,68.3
2025-06-12 04:07:00,36.7
2025-06-12 16:41:00,70.1
2025-06-12 19:24:00,34.0
2025-06-12 20:05:00,80.9
2025-06-12 12:39:00,47.8
2025-06-12 01:14:00,95.0
2025-06-12 05:38:00,37.4
2025-06-12 20:01:00,50.613932505273034
2025-06-12 03:54:00,58.4
2025-06-12 01:14:00,78.2
2025-06-12 04:39:00,19.5
2025-06-12 20:54:00,0.5
2025-06-12 11:54:00,25.0
2025-06-12 14:20:00,9.7
2025-06-12 21:34:00,59.7
2025-06-12 16:58:00,9.8
2025-06-12 11:13:00,50.613932505273034
2025-06-12 09:03:00,98.9
2025-06-12 12:48:00,16.8
2025-06-12 05:52:00,53.1
2025-06-12 07:30:00,50.613932505273034
2025-06-12 21:02:00,50.613932505273034
2025-06-12 12:42:00,58.7
2025-06-12 16:54:00,66.9
2025-06-12 08:18:00,88.1
2025-06-12 03:05:00,11.9
2025-06-12 05:54:00,76.1
2025-06-12 12:36:00,6.3
2025-06-12 00:38:00,19.2
2025-06-12 05:24:00,94.3
2025-06-12 21:51:00,8.0
2025-06-12 23:13:00,59.0
2025-06-12 00:30:00,50.613932505273034
2025-06-12 22:00:00,34.2
2025-06-12 01:48:00,57.8
2025-06-12 02:54:00,59.3
2025-06-12 22:31:00,50.613932505273034
2025-06-12 21:04:00,4.1
2025-06-12 10:47:00,83.0
2025-06-12 21:52:00,63.2
2025-06-12 09:12:00,52.0
2025-06-12 03:45:00,44.6
2025-06-12 04:14:00,79.6
2025-06-12 18:29:00,12.0
2025-06-12 09:40:00,89.9
2025-06-12 07:09:00,28.2
2025-06-12 20:47:00,61.2
2025-06-12 02:22:00,45.8
2025-06-12 03:04:00,87.1
2025-06-12 15:02:00,53.6
2025-06-12 10:32:00,29.5
2025-06-12 01:32:00,73.1
2025-06-12 12:50:00,50.613932505273034
2025-06-12 15:17:00,23.2
2025-06-12 11:40:00,50.613932505273034
2025-06-12 15:56:00,71.6
2025-06-12 05:04:00,9.7
2025-06-12 07:34:00,50.3
2025-06-12 21:12:00,28.8
2025-06-12 22:47:00,50.613932505273034
2025-06-12 12:42:00,55.7
2025-06-12 20:10:00,18.1
2025-06-12 17:41:00,37.3
2025-06-12 06:43:00,87.4
2025-06-12 08:51:00,19.0
2025-06-12 03:51:00,36.7
2025-06-12 09:26:00,50.613932505273034
2025-06-12 09:06:00,98.4
2025-06-12 16:06:00,34.4
2025-06-12 08:07:00,33.9
2025-06-12 22:03:00,30.5
2025-06-12 17:18:00,24.6
2025-06-12 20:44:00,37.0
2025-06-12 05:24:00,54.8
2025-06-12 07:56:00,56.7
2025-06-12 00:30:00,89.4
2025-06-12 03:43:00,39.0
2025-06-12 10:57:00,50.613932505273034
2025-06-12 13:52:00,35.1
2025-06-12 18:47:00,79.1
2025-06-12 04:25:00,90.9
2025-06-12 23:20:00,77.1
2025-06-12 01:17:00,56.9
2025-06-12 22:56:00,81.4
2025-06-12 08:39:00,88.5
2025-06-12 15:24:00,12.3
2025-06-12 18:31:00,41.3
2025-06-12 11:26:00,0.9
2025-06-12 05:07:00,5.1
2025-06-12 08:41:00,18.0
2025-06-12 10:25:00,96.3
2025-06-12 16:40:00,39.7
2025-06-12 07:10:00,35.8
2025-06-12 21:59:00,52.6
2025-06-12 16:09:00,50.17195767195767
2025-06-12 01:36:00,18.6
2025-06-12 16:31:00,13.0
2025-06-12 14:24:00,18.5
2025-06-12 15:01:00,49.0
2025-06-12 10:18:00,14.9
2025-06-12 12:15:00,45.6
2025-06-12 19:25:00,41.4
2025-06-12 04:39:00,33.3
2025-06-12 16:12:00,50.17195767195767
2025-06-12 12:05:00,2.6
2025-06-12 14:54:00,67.5
2025-06-12 16:30:00,83.6
2025-06-12 05:00:00,30.2
2025-06-12 06:15:00,23.3
2025-06-12 01:54:00,71.2
2025-06-12 05:13:00,11.2
2025-06-12 16:25:00,50.17195767195767
2025-06-12 05:42:00,76.5
2025-06-12 04:45:00,57.4
2025-06-12 17:49:00,50.4
2025-06-12 07:29:00,0.1
2025-06-12 05:44:00,6.2
2025-06-12 10:45:00,76.3
2025-06-12 09:03:00,4.3
2025-06-12 07:48:00,50.17195767195767
2025-06-12 07:51:00,86.9
2025-06-12 12:14:00,50.17195767195767
2025-06-12 13:44:00,50.17195767195767
2025-06-12 19:57:00,42.5
2025-06-12 07:19:00,50.17195767195767
2025-06-12 06:20:00,44.9
2025-06-12 14:15:00,36.2
2025-06-12 13:00:00,54.9
2025-06-12 11:54:00,59.1
2025-06-12 08:30:00,50.17195767195767
2025-06-12 00:40:00,62.7
2025-06-12 13:04:00,47.8
2025-06-12 15:33:00,50.17195767195767
2025-06-12 15:17:00,55.1
2025-06-12 13:36:00,34.4
2025-06-12 03:48:00,68.6
2025-06-12 15:53:00,62.0
2025-06-12 07:38:00,93.1
2025-06-12 01:30:00,3.3
2025-06-12 11:10:00,67.9
2025-06-12 02:49:00,50.17195767195767
2025-06-12 16:00:00,65.0
2025-06-12 06:56:00,25.7
2025-06-12 19:33:00,24.7
2025-06-12 00:26:00,49.7
2025-06-12 16:54:00,67.0
2025-06-12 18:11:00,59.1
2025-06-12 21:20:00,67.2
2025-06-12 01:31:00,31.2
2025-06-12 08:55:00,58.4
2025-06-12 14:31:00,4.2
2025-06-12 03:30:00,50.17195767195767
2025-06-12 21:51:00,50.17195767195767
2025-06-12 10:06:00,46.9
2025-06-12 01:09:00,90.9
2025-06-12 06:44:00,42.8
2025-06-12 06:35:00,63.5
2025-06-12 03:20:00,28.1
2025-06-12 06:30:00,50.17195767195767
2025-06-12 19:56:00,6.5
2025-06-12 12:12:00,81.9
2025-06-12 16:01:00,50.17195767195767
2025-06-12 04:55:00,25.7
2025-06-12 13:10:00,97.5
2025-06-12 04:50:00,29.7
2025-06-12 06:18:00,30.3
2025-06-12 19:47:00,50.17195767195767
2025-06-12 03:47:00,50.17195767195767
2025-06-12 21:42:00,40.8
2025-06-12 15:14:00,53.6
2025-06-12 01:11:00,89.1
2025-06-12 07:30:00,82.6
2025-06-12 05:26:00,28.5
2025-06-12 00:10:00,50.17195767195767
2025-06-12 22:18:00,62.9
2025-06-12 03:39:00,18.4
2025-06-12 10:56:00,19.7
2025-06-12 22:39:00,50.17195767195767
2025-06-12 15:16:00,13.7
2025-06-12 07:07:00,50.17195767195767
2025-06-12 05:17:00,96.3
2025-06-12 22:30:00,50.17195767195767
2025-06-12 20:27:00,61.1
2025-06-12 23:18:00,37.3
2025-06-12 08:11:00,62.6
2025-06-12 02:35:00,50.17195767195767
2025-06-12 17:16:00,68.8
2025-06-12 13:57:00,50.7
2025-06-12 13:01:00,63.0
2025-06-12 18:48:00,56.6
2025-06-12 13:37:00,76.4
2025-06-12 21:33:00,67.9
2025-06-12 01:16:00,77.6
2025-06-12 07:48:00,51.3
2025-06-12 08:07:00,32.5
2025-06-12 23:33:00,50.17195767195767
2025-06-12 13:55:00,31.6
2025-06-12 14:21:00,57.0
2025-06-12 07:35:00,72.0
2025-06-12 07:50:00,82.1
2025-06-12 08:35:00,97.7
2025-06-12 08:26:00,50.17195767195767
2025-06-12 19:01:00,46.6
2025-06-12 14:20:00,20.6
2025-06-12 02:21:00,47.8
2025-06-12 10:36:00,21.5
2025-06-12 08:35:00,0.9
2025-06-12 00:56:00,7.2
2025-06-12 10:32:00,81.4
2025-06-12 05:45:00,50.17195767195767
2025-06-12 03:32:00,90.3
2025-06-12 21:10:00,38.4
2025-06-12 10:24:00,50.17195767195767
2025-06-12 06:55:00,50.17195767195767
2025-06-12 13:39:00,34.2
2025-06-12 19:47:00,76.5
2025-06-12 04:14:00,50.17195767195767
2025-06-12 00:39:00,22.3
2025-06-12 20:49:00,90.8
2025-06-12 12:42:00,5.9
2025-06-12 11:49:00,73.6
2025-06-12 15:01:00,40.6
2025-06-12 04:26:00,50.17195767195767
2025-06-12 23:51:00,25.3
2025-06-12 09:31:00,30.3
2025-06-12 04:31:00,90.9
2025-06-12 07:37:00,12.4
2025-06-12 02:01:00,50.17195767195767
2025-06-12 13:07:00,86.2
2025-06-12 14:58:00,19.6
2025-06-12 01:34:00,86.1
2025-06-12 11:46:00,84.8
2025-06-12 11:24:00,50.17195767195767
2025-06-12 04:45:00,63.2
2025-06-12 04:29:00,16.0
2025-06-12 03:46:00,55.9
2025-06-12 07:04:00,76.9
2025-06-12 11:02:00,25.7
2025-06-12 10:03:00,50.17195767195767
2025-06-12 13:49:00,50.17195767195767
2025-06-12 08:39:00,57.2
2025-06-12 06:16:00,48.7
2025-06-12 17:18:00,8.9
2025-06-12 11:11:00,77.7
2025-06-12 16:08:00,8.0
2025-06-12 03:55:00,50.17195767195767
2025-06-12 02:07:00,17.9
2025-06-12 20:00:00,86.9
2025-06-12 04:19:00,76.3
2025-06-12 01:50:00,46.1
2025-06-12 03:27:00,82.5
2025-06-12 02:57:00,45.5
2025-06-12 03:08:00,69.8
2025-06-12 04:40:00,35.7
2025-06-12 19:14:00,60.5
2025-06-12 11:15:00,50.17195767195767
2025-06-12 09:36:00,50.17195767195767
2025-06-12 03:25:00,6.3
2025-06-12 16:52:00,50.17195767195767
2025-06-12 16:36:00,10.7
2025-06-12 04:01:00,74.3
2025-06-12 04:47:00,32.2
2025-06-12 14:52:00,50.17195767195767
2025-06-12 08:47:00,76.1
2025-06-12 00:29:00,43.6
2025-06-12 12:06:00,89.1
2025-06-12 16:28:00,40.4
2025-06-12 04:04:00,21.6
2025-06-12 15:58:00,62.1
2025-06-12 02:14:00,50.17195767195767
2025-06-12 23:00:00,91.2
2025-06-12 18:28:00,24.9
2025-06-12 07:38:00,38.0
2025-06-12 21:15:00,48.6
2025-06-12 07:19:00,50.17195767195767
2025-06-12 12:14:00,50.17195767195767
2025-06-12 01:50:00,35.3
2025-06-12 05:29:00,49.7
2025-06-12 17:50:00,77.7
2025-06-12 10:18:00,22.9
2025-06-12 07:41:00,29.2
2025-06-12 12:49:00,92.9
2025-06-12 11:42:00,56.8
2025-06-12 16:06:00,9.6
2025-06-12 14:23:00,50.17195767195767
2025-06-12 21:50:00,12.3
2025-06-12 06:52:00,87.1
2025-06-12 11:34:00,25.9
2025-06-12 10:04:00,54.0
2025-06-12 07:25:00,21.5
2025-06-12 03:49:00,57.0
2025-06-12 06:18:00,55.0
2025-06-12 02:15:00,50.17195767195767
2025-06-12 23:59:00,46.0
2025-06-12 18:51:00,80.3
2025-06-12 19:53:00,31.4
2025-06-12 06:47:00,62.5
2025-06-12 18:04:00,42.0
2025-06-12 04:04:00,35.2
2025-06-12 10:58:00,81.9
2025-06-12 13:46:00,3.1
2025-06-12 23:34:00,62.7
2025-06-12 03:32:00,44.3
2025-06-12 21:43:00,50.17195767195767
2025-06-12 16:21:00,90.6
2025-06-12 01:32:00,67.4
2025-06-12 19:37:00,34.3
2025-06-12 18:41:00,83.4
2025-06-12 16:04:00,48.4
2025-06-12 18:28:00,98.1
2025-06-12 02:58:00,67.9
2025-06-12 07:13:00,15.9
2025-06-12 10:56:00,46.8
2025-06-12 21:11:00,11.5
2025-06-12 09:09:00,52.4
2025-06-12 03:21:00,56.3
2025-06-12 07:41:00,81.7
2025-06-12 17:30:00,15.3
2025-06-12 09:29:00,19.3
2025-06-12 04:32:00,50.17195767195767
2025-06-12 11:18:00,73.5
2025-06-12 15:26:00,86.2
2025-06-12 12:55:00,44.7
2025-06-12 05:14:00,42.0
2025-06-12 10:01:00,68.2
2025-06-12 14:56:00,32.6
2025-06-12 06:53:00,31.4
2025-06-12 17:21:00,69.8
2025-06-12 06:12:00,12.1
2025-06-12 21:52:00,60.3
2025-06-12 12:32:00,77.0
2025-06-12 03:02:00,50.17195767195767
2025-06-12 18:50:00,18.3
2025-06-12 19:41:00,68.8
2025-06-12 09:39:00,71.1
2025-06-12 00:10:00,50.17195767195767
2025-06-12 04:27:00,30.5
2025-06-12 09:40:00,56.1
2025-06-12 18:13:00,13.1
2025-06-12 18:01:00,77.2
2025-06-12 07:17:00,40.0
2025-06-12 20:52:00,32.5
2025-06-12 22:46:00,76.1
2025-06-12 08:34:00,50.17195767195767
2025-06-12 18:33:00,59.1
2025-06-12 20:02:00,10.8
2025-06-12 03:53:00,83.1
2025-06-12 01:20:00,23.5
2025-06-12 21:59:00,14.4
2025-06-12 14:59:00,30.0
2025-06-12 07:58:00,62.6
2025-06-12 03:28:00,66.4
2025-06-12 08:44:00,58.7
2025-06-12 15:13:00,22.6
2025-06-12 06:01:00,3.5
2025-06-12 22:01:00,70.1
2025-06-12 10:21:00,16.3
2025-06-12 01:30:00,58.6
2025-06-12 16:55:00,56.2
2025-06-12 23:36:00,69.6
2025-06-12 21:08:00,50.17195767195767
2025-06-12 21:55:00,51.4
2025-06-12 17:00:00,91.1
2025-06-12 05:56:00,50.3
2025-06-12 12:34:00,25.2
2025-06-12 01:06:00,90.9
2025-06-12 22:46:00,89.2
2025-06-12 22:36:00,99.4
2025-06-12 02:58:00,9.3
2025-06-12 10:10:00,90.3
2025-06-12 20:36:00,1.7
2025-06-12 20:08:00,9.3
2025-06-12 09:36:00,15.5
2025-06-12 03:59:00,48.5
2025-06-12 10:44:00,56.8
2025-06-12 09:25:00,6.5
2025-06-12 21:36:00,68.8
2025-06-12 23:32:00,49.2
2025-06-12 13:09:00,74.5
2025-06-12 09:06:00,30.6
2025-06-12 19:34:00,28.1
2025-06-12 18:12:00,50.17195767195767
2025-06-12 05:07:00,89.3
2025-06-12 23:40:00,61.4
2025-06-12 21:02:00,68.4
2025-06-12 21:11:00,44.3
2025-06-12 21:03:00,71.1
2025-06-12 22:00:00,47.4
2025-06-12 06:22:00,31.8
2025-06-12 09:37:00,19.7
2025-06-12 10:57:00,50.17195767195767
2025-06-12 14:06:00,21.5
2025-06-12 10:55:00,84.6
2025-06-12 03:15:00,18.0
2025-06-12 09:14:00,91.7
2025-06-12 07:34:00,50.8
2025-06-12 21:39:00,26.6
2025-06-12 03:34:00,81.5
2025-06-12 12:08:00,32.3
2025-06-12 00:38:00,88.9
2025-06-12 07:44:00,18.7
2025-06-12 12:41:00,46.4
2025-06-12 06:14:00,96.8
2025-06-12 22:42:00,95.4
2025-06-12 23:13:00,56.7
2025-06-12 04:01:00,0.9
2025-06-12 04:29:00,50.17195767195767
2025-06-12 20:33:00,54.7
2025-06-12 20:11:00,12.8
2025-06-12 03:11:00,45.2
2025-06-12 21:33:00,97.7
2025-06-12 02:19:00,87.6
2025-06-12 02:39:00,33.8
2025-06-12 03:52:00,84.4
2025-06-12 14:45:00,65.0
2025-06-12 14:03:00,41.7
2025-06-12 15:35:00,72.0
2025-06-12 11:40:00,60.2
2025-06-12 05:51:00,20.7
2025-06-12 19:30:00,90.0
2025-06-12 16:53:00,14.1
2025-06-12 20:43:00,49.69252501471454
2025-06-12 13:25:00,37.8
2025-06-12 11:30:00,49.69252501471454
2025-06-12 10:18:00,31.4
2025-06-12 22:10:00,81.6
2025-06-12 10:31:00,28.2
2025-06-12 23:09:00,30.2
2025-06-12 14:07:00,60.4
2025-06-12 15:22:00,70.6
2025-06-12 18:36:00,17.8
2025-06-12 18:43:00,26.7
2025-06-12 16:34:00,85.5
2025-06-12 14:22:00,95.2
2025-06-12 23:25:00,68.4
2025-06-12 06:27:00,24.6
2025-06-12 21:01:00,49.69252501471454
2025-06-12 00:08:00,14.5
2025-06-12 10:29:00,2.5
2025-06-12 09:58:00,25.4
2025-06-12 17:07:00,49.69252501471454
2025-06-12 03:01:00,34.7
2025-06-12 02:27:00,61.3
2025-06-12 19:53:00,93.1
2025-06-12 15:26:00,90.6
2025-06-12 23:27:00,44.2
2025-06-12 06:28:00,49.69252501471454
2025-06-12 12:32:00,49.69252501471454
2025-06-12 09:31:00,71.2
2025-06-12 04:19:00,97.9
2025-06-12 07:27:00,68.3
2025-06-12 07:31:00,4.2
2025-06-12 12:18:00,49.69252501471454
2025-06-12 08:40:00,17.2
2025-06-12 18:31:00,94.4
2025-06-12 01:26:00,89.1
2025-06-12 18:30:00,33.4
2025-06-12 17:04:00,49.69252501471454
2025-06-12 19:27:00,89.1
2025-06-12 13:59:00,73.9
2025-06-12 13:18:00,90.0
2025-06-12 22:12:00,84.1
2025-06-12 23:16:00,75.3
2025-06-12 03:23:00,56.1
2025-06-12 21:39:00,65.3
2025-06-12 05:25:00,37.8
2025-06-12 05:44:00,56.0
2025-06-12 22:29:00,63.3
2025-06-12 22:25:00,57.9
2025-06-12 04:43:00,83.2
2025-06-12 02:00:00,47.7
2025-06-12 16:08:00,97.2
2025-06-12 14:51:00,49.69252501471454
2025-06-12 19:44:00,9.6
2025-06-12 08:04:00,20.1
2025-06-12 02:17:00,49.69252501471454
2025-06-12 04:03:00,79.7
2025-06-12 22:20:00,26.4
2025-06-12 21:12:00,48.6
2025-06-12 18:18:00,7.4
2025-06-12 09:42:00,49.69252501471454
2025-06-12 22:56:00,42.9
2025-06-12 15:52:00,18.9
2025-06-12 09:33:00,73.1
2025-06-12 16:31:00,90.8
2025-06-12 10:37:00,73.7
2025-06-12 23:20:00,37.9
2025-06-12 00:10:00,5.7
2025-06-12 06:12:00,49.69252501471454
2025-06-12 21:42:00,71.0
2025-06-12 20:30:00,32.6
2025-06-12 08:31:00,2.7
2025-06-12 10:00:00,49.69252501471454
2025-06-12 13:29:00,4.2
2025-06-12 17:47:00,21.8
2025-06-12 20:47:00,49.69252501471454
2025-06-12 14:52:00,25.9
2025-06-12 12:23:00,42.5
2025-06-12 23:59:00,33.7
2025-06-12 21:24:00,49.69252501471454
2025-06-12 14:11:00,17.2
2025-06-12 04:07:00,49.69252501471454
2025-06-12 17:02:00,37.4
2025-06-12 15:51:00,17.6
2025-06-12 05:09:00,82.6
2025-06-12 14:18:00,33.2
2025-06-12 11:38:00,88.1
2025-06-12 02:49:00,35.6
2025-06-12 01:06:00,41.4
2025-06-12 01:17:00,50.3
2025-06-12 01:14:00,29.2
2025-06-12 04:26:00,49.69252501471454
2025-06-12 23:24:00,37.3
2025-06-12 02:53:00,49.69252501471454
2025-06-12 08:32:00,1.5
2025-06-12 03:46:00,49.69252501471454
2025-06-12 20:54:00,67.5
2025-06-12 07:06:00,1.1
2025-06-12 04:40:00,96.2
2025-06-12 16:11:00,49.69252501471454
2025-06-12 17:59:00,78.5
2025-06-12 00:14:00,3.4
2025-06-12 04:53:00,51.5
2025-06-12 08:14:00,81.2
2025-06-12 10:10:00,94.6
2025-06-12 17:00:00,94.6
2025-06-12 22:36:00,41.8
2025-06-12 17:50:00,70.3
2025-06-12 02:46:00,38.0
2025-06-12 22:05:00,38.0
2025-06-12 02:13:00,39.6
2025-06-12 10:33:00,58.5
2025-06-12 14:04:00,48.9
2025-06-12 06:27:00,49.69252501471454
2025-06-12 21:58:00,19.0
2025-06-12 22:10:00,51.5
2025-06-12 23:29:00,87.5
2025-06-12 21:49:00,35.2
2025-06-12 12:31:00,60.5
2025-06-12 02:26:00,80.5
2025-06-12 13:39:00,49.69252501471454
2025-06-12 04:49:00,8.5
2025-06-12 10:01:00,49.69252501471454
2025-06-12 00:57:00,95.6
2025-06-12 18:05:00,39.8
2025-06-12 13:02:00,74.5
2025-06-12 01:09:00,10.5
2025-06-12 19:39:00,19.7
2025-06-12 00:25:00,49.69252501471454
2025-06-12 01:19:00,67.7
2025-06-12 13:00:00,34.3
2025-06-12 00:10:00,97.6
2025-06-12 21:51:00,98.3
2025-06-12 07:07:00,60.5
2025-06-12 16:40:00,12.4
2025-06-12 15:42:00,63.2
2025-06-12 03:55:00,88.9
2025-06-12 08:17:00,98.2
2025-06-12 09:44:00,31.6
2025-06-12 18:11:00,92.1
2025-06-12 09:53:00,63.0
2025-06-12 16:00:00,81.5
2025-06-12 05:58:00,56.2
2025-06-12 18:01:00,51.4
2025-06-12 12:40:00,63.1
2025-06-12 22:35:00,7.6
2025-06-12 10:41:00,38.6
2025-06-12 15:01:00,4.6
2025-06-12 23:06:00,7.4
2025-06-12 01:18:00,54.0
2025-06-12 09:20:00,68.8
2025-06-12 07:22:00,13.4
2025-06-12 10:06:00,67.6
2025-06-12 22:31:00,7.5
2025-06-12 02:22:00,61.7
2025-06-12 02:48:00,29.5
2025-06-12 20:47:00,50.7
2025-06-12 12:10:00,10.9
2025-06-12 01:15:00,49.69252501471454
2025-06-12 11:16:00,95.7
2025-06-12 16:27:00,6.7
2025-06-12 15:09:00,63.2
2025-06-12 20:09:00,14.6
2025-06-12 17:10:00,96.5
2025-06-12 02:56:00,38.7
2025-06-12 13:10:00,42.6
2025-06-12 11:53:00,21.4
2025-06-12 23:11:00,83.5
2025-06-12 19:45:00,49.69252501471454
2025-06-12 07:30:00,43.6
2025-06-12 22:34:00,67.6
2025-06-12 04:01:00,31.4
2025-06-12 12:24:00,53.7
2025-06-12 04:03:00,85.9
2025-06-12 01:08:00,90.0
2025-06-12 13:34:00,67.6
2025-06-12 04:35:00,69.1
2025-06-12 19:48:00,94.4
2025-06-12 08:39:00,99.0
2025-06-12 15:35:00,52.5
2025-06-12 16:12:00,29.7
2025-06-12 01:31:00,38.4
2025-06-12 06:27:00,13.0
2025-06-12 12:37:00,20.1
2025-06-12 18:01:00,84.8
2025-06-12 09:56:00,75.5
2025-06-12 01:46:00,73.6
2025-06-12 19:14:00,50.3
2025-06-12 12:59:00,68.8
2025-06-12 16:27:00,33.7
2025-06-12 15:29:00,41.3
2025-06-12 05:38:00,37.9
2025-06-12 09:57:00,43.5
2025-06-12 17:06:00,19.3
2025-06-12 00:26:00,3.9
2025-06-12 19:27:00,78.1
2025-06-12 13:28:00,6.1
2025-06-12 12:42:00,50.9
2025-06-12 04:31:00,44.7
2025-06-12 18:44:00,22.1
2025-06-12 07:30:00,7.0
2025-06-12 10:36:00,49.69252501471454
2025-06-12 21:47:00,77.8
2025-06-12 11:19:00,70.5
2025-06-12 23:04:00,49.69252501471454
2025-06-12 22:25:00,26.4
2025-06-12 08:40:00,12.6
2025-06-12 19:19:00,49.69252501471454
2025-06-12 18:17:00,58.6
2025-06-12 06:23:00,36.5
2025-06-12 10:01:00,92.6
2025-06-12 16:16:00,67.6
2025-06-12 04:56:00,85.8
2025-06-12 12:09:00,90.8
2025-06-12 04:57:00,16.0
2025-06-12 08:40:00,65.7
2025-06-12 15:32:00,49.69252501471454
2025-06-12 19:44:00,6.8
2025-06-12 00:16:00,5.1
2025-06-12 18:37:00,94.1
2025-06-12 04:03:00,1.4
2025-06-12 13:46:00,49.69252501471454
2025-06-12 23:33:00,59.3
2025-06-12 16:27:00,49.69252501471454
2025-06-12 12:24:00,49.69252501471454
2025-06-12 16:36:00,63.3
2025-06-12 21:26:00,7.0
2025-06-12 11:17:00,39.3
2025-06-12 22:30:00,42.7
2025-06-12 04:37:00,17.4
2025-06-12 08:46:00,76.6
2025-06-12 05:29:00,79.1
2025-06-12 08:42:00,83.6
2025-06-12 11:21:00,14.9
2025-06-12 23:08:00,71.8
2025-06-12 13:47:00,28.9
2025-06-12 17:03:00,49.69252501471454
2025-06-12 08:02:00,42.0
2025-06-12 04:53:00,87.4
2025-06-12 18:14:00,36.4
2025-06-12 05:21:00,64.2
2025-06-12 22:47:00,14.3
2025-06-12 16:52:00,55.8
2025-06-12 13:40:00,86.1
2025-06-12 16:41:00,52.0
2025-06-12 17:39:00,84.7
2025-06-12 11:50:00,22.9
2025-06-12 22:40:00,89.4
2025-06-12 22:59:00,49.69252501471454
2025-06-12 02:16:00,72.4
2025-06-12 01:32:00,94.8
2025-06-12 19:49:00,1.9
2025-06-12 05:39:00,92.5
2025-06-12 06:04:00,49.69252501471454
2025-06-12 11:56:00,49.69252501471454
2025-06-12 13:10:00,59.5
2025-06-12 16:32:00,56.1
2025-06-12 17:07:00,73.6
2025-06-12 01:48:00,63.3
2025-06-12 06:07:00,48.8
2025-06-12 02:31:00,66.4
2025-06-12 12:49:00,44.4
2025-06-12 11:40:00,93.0
2025-06-12 18:32:00,65.7
2025-06-12 23:09:00,11.3
2025-06-12 09:53:00,63.1
2025-06-12 10:25:00,48.5
2025-06-12 00:20:00,64.3
2025-06-12 03:29:00,51.6
2025-06-12 20:14:00,49.69252501471454
2025-06-12 11:40:00,89.1
2025-06-12 16:44:00,77.0
2025-06-12 10:35:00,49.69252501471454
2025-06-12 07:20:00,49.69252501471454
2025-06-12 04:59:00,82.3
2025-06-12 19:28:00,49.69252501471454
2025-06-12 20:43:00,50.7
2025-06-12 18:38:00,77.5
2025-06-12 14:34:00,51.7
2025-06-12 09:49:00,31.6
2025-06-12 06:23:00,70.3
2025-06-12 23:57:00,10.9
2025-06-12 00:28:00,49.69252501471454
2025-06-12 12:48:00,63.7
2025-06-12 06:14:00,49.69252501471454
2025-06-12 00:03:00,54.5
2025-06-12 10:11:00,84.2
2025-06-12 01:38:00,9.5
2025-06-12 17:18:00,81.8
2025-06-12 21:27:00,87.3
2025-06-12 15:21:00,47.8
2025-06-12 10:52:00,77.3
2025-06-12 13:44:00,68.6
2025-06-12 08:38:00,60.5
2025-06-12 02:16:00,95.2
2025-06-12 00:06:00,55.1
2025-06-12 06:03:00,90.8
2025-06-12 23:00:00,69.6
2025-06-12 22:09:00,20.7
2025-06-12 19:51:00,82.3
2025-06-12 01:41:00,23.9
2025-06-12 18:06:00,22.6
2025-06-12 12:56:00,30.7
2025-06-12 09:04:00,50.2
2025-06-12 05:05:00,40.9
2025-06-12 16:20:00,58.4
2025-06-12 13:57:00,30.3
2025-06-12 00:10:00,80.7
2025-06-12 20:16:00,49.69252501471454
2025-06-12 19:05:00,3.5
2025-06-12 04:23:00,3.7
2025-06-12 21:42:00,49.69252501471454
2025-06-12 00:36:00,49.69252501471454
2025-06-12 23:20:00,25.8
2025-06-12 17:28:00,92.4
2025-06-12 03:33:00,49.69252501471454
2025-06-12 03:17:00,21.9
2025-06-12 05:12:00,90.6
2025-06-12 03:18:00,28.0
2025-06-12 14:43:00,73.8
2025-06-12 10:41:00,82.1
2025-06-12 12:56:00,77.1
2025-06-12 06:32:00,1.1
2025-06-12 23:28:00,66.6
2025-06-12 18:03:00,0.7
2025-06-12 18:03:00,96.7
2025-06-12 03:00:00,69.0
2025-06-12 03:21:00,36.0
2025-06-12 02:22:00,2.4
2025-06-12 06:26:00,22.0
2025-06-12 04:57:00,28.5
2025-06-12 09:22:00,3.1
2025-06-12 07:40:00,84.1
2025-06-12 03:01:00,65.2
2025-06-12 21:32:00,18.2
2025-06-12 13:17:00,49.88181818181819
2025-06-12 11:25:00,34.1
2025-06-12 08:47:00,49.88181818181819
2025-06-12 19:25:00,37.7
2025-06-12 04:00:00,58.6
2025-06-12 05:24:00,49.88181818181819
2025-06-12 06:24:00,36.0
2025-06-12 01:02:00,91.7
2025-06-12 00:37:00,45.9
2025-06-12 16:56:00,50.9
2025-06-12 12:59:00,49.88181818181819
2025-06-12 02:06:00,95.3
2025-06-12 05:29:00,49.88181818181819
2025-06-12 05:35:00,99.1
2025-06-12 19:57:00,4.4
2025-06-12 17:15:00,57.3
2025-06-12 18:10:00,93.4
2025-06-12 21:02:00,81.0
2025-06-12 16:09:00,92.0
2025-06-12 17:56:00,49.88181818181819
2025-06-12 19:44:00,47.1
2025-06-12 11:30:00,69.5
2025-06-12 00:13:00,1.5
2025-06-12 04:44:00,4.9
2025-06-12 11:59:00,91.1
2025-06-12 06:44:00,84.3
2025-06-12 08:18:00,49.88181818181819
2025-06-12 20:21:00,71.0
2025-06-12 00:29:00,60.8
2025-06-12 07:14:00,9.7
2025-06-12 18:48:00,98.8
2025-06-12 13:05:00,19.1
2025-06-12 17:53:00,76.9
2025-06-12 04:04:00,45.8
2025-06-12 23:04:00,59.2
2025-06-12 17:43:00,49.88181818181819
2025-06-12 01:28:00,63.0
2025-06-12 01:41:00,28.4
2025-06-12 15:35:00,77.2
2025-06-12 01:30:00,14.9
2025-06-12 15:52:00,49.88181818181819
2025-06-12 08:23:00,49.88181818181819
2025-06-12 13:41:00,89.3
2025-06-12 09:13:00,64.7
2025-06-12 11:23:00,89.9
2025-06-12 21:10:00,36.4
2025-06-12 04:42:00,49.88181818181819
2025-06-12 19:16:00,49.9
2025-06-12 00:41:00,37.4
2025-06-12 06:13:00,44.8
2025-06-12 00:26:00,31.9
2025-06-12 23:38:00,33.9
2025-06-12 01:21:00,49.88181818181819
2025-06-12 17:30:00,32.0
2025-06-12 12:37:00,97.7
2025-06-12 12:29:00,36.4
2025-06-12 12:34:00,49.88181818181819
2025-06-12 08:23:00,59.4
2025-06-12 11:27:00,63.9
2025-06-12 18:15:00,6.5
2025-06-12 23:53:00,40.2
2025-06-12 17:56:00,69.2
2025-06-12 18:07:00,68.8
2025-06-12 20:59:00,33.0
2025-06-12 06:24:00,18.2
2025-06-12 15:07:00,24.7
2025-06-12 21:19:00,46.7
2025-06-12 14:05:00,97.0
2025-06-12 21:00:00,30.2
2025-06-12 04:06:00,85.0
2025-06-12 13:21:00,49.88181818181819
2025-06-12 15:05:00,98.4
2025-06-12 12:36:00,95.3
2025-06-12 14:48:00,23.8
2025-06-12 20:55:00,31.7
2025-06-12 04:56:00,48.9
2025-06-12 20:54:00,67.1
2025-06-12 18:41:00,77.2
2025-06-12 06:51:00,2.2
2025-06-12 22:27:00,41.0
2025-06-12 17:53:00,31.8
2025-06-12 08:52:00,16.3
2025-06-12 07:26:00,49.88181818181819
2025-06-12 08:25:00,63.8
2025-06-12 09:03:00,53.7
2025-06-12 21:34:00,13.1
2025-06-12 03:36:00,49.88181818181819
2025-06-12 01:04:00,49.88181818181819
2025-06-12 21:01:00,32.8
2025-06-12 18:57:00,8.6
2025-06-12 20:50:00,49.88181818181819
2025-06-12 23:58:00,2.6
2025-06-12 09:12:00,62.7
2025-06-12 03:26:00,33.1
2025-06-12 05:48:00,49.88181818181819
2025-06-12 15:31:00,38.9
2025-06-12 19:14:00,50.0
2025-06-12 21:06:00,49.88181818181819
2025-06-12 17:04:00,24.6
2025-06-12 02:01:00,16.3
2025-06-12 05:41:00,2.3
2025-06-12 07:05:00,63.5
2025-06-12 23:29:00,21.7
2025-06-12 08:48:00,82.7
2025-06-12 18:05:00,19.0
2025-06-12 02:48:00,30.0
2025-06-12 00:08:00,42.4
2025-06-12 02:50:00,56.0
2025-06-12 22:03:00,61.8
2025-06-12 20:18:00,97.0
2025-06-12 23:53:00,38.2
2025-06-12 05:10:00,97.4
2025-06-12 06:48:00,79.8
2025-06-12 02:49:00,49.88181818181819
2025-06-12 19:25:00,70.8
2025-06-12 13:30:00,57.9
2025-06-12 08:21:00,13.0
2025-06-12 12:41:00,80.9
2025-06-12 16:39:00,68.9
2025-06-12 04:21:00,49.88181818181819
2025-06-12 23:08:00,55.7
2025-06-12 15:14:00,17.4
2025-06-12 17:21:00,48.1
2025-06-12 16:07:00,4.1
2025-06-12 14:05:00,37.3
2025-06-12 22:44:00,26.3
2025-06-12 22:03:00,49.88181818181819
2025-06-12 21:53:00,36.4
2025-06-12 05:04:00,72.6
2025-06-12 04:25:00,97.4
2025-06-12 10:59:00,12.7
2025-06-12 17:24:00,96.9
2025-06-12 22:42:00,15.1
2025-06-12 13:59:00,99.1
2025-06-12 07:13:00,42.0
2025-06-12 15:26:00,36.7
2025-06-12 02:25:00,95.7
2025-06-12 09:05:00,86.9
2025-06-12 12:12:00,44.7
2025-06-12 11:40:00,64.4
2025-06-12 09:01:00,50.1
2025-06-12 08:39:00,71.9
2025-06-12 04:07:00,83.4
2025-06-12 03:13:00,33.7
2025-06-12 14:31:00,49.88181818181819
2025-06-12 03:58:00,9.1
2025-06-12 21:55:00,14.6
2025-06-12 08:35:00,71.0
2025-06-12 09:12:00,49.88181818181819
2025-06-12 17:15:00,12.8
2025-06-12 06:03:00,49.88181818181819
2025-06-12 16:04:00,33.1
2025-06-12 00:20:00,85.9
2025-06-12 14:50:00,88.0
2025-06-12 23:21:00,0.6
2025-06-12 12:42:00,63.6
2025-06-12 00:36:00,31.7
2025-06-12 02:51:00,15.0
2025-06-12 01:22:00,72.5
2025-06-12 18:00:00,56.0
2025-06-12 06:19:00,34.6
2025-06-12 01:31:00,64.1
2025-06-12 16:17:00,97.1
2025-06-12 21:27:00,57.0
2025-06-12 11:52:00,6.2
2025-06-12 20:58:00,54.1
2025-06-12 12:04:00,43.6
2025-06-12 17:23:00,31.5
2025-06-12 09:17:00,14.1
2025-06-12 17:42:00,99.8
2025-06-12 02:41:00,49.88181818181819
2025-06-12 11:31:00,49.88181818181819
2025-06-12 19:37:00,49.88181818181819
2025-06-12 20:31:00,16.5
2025-06-12 11:56:00,56.8
2025-06-12 07:41:00,45.6
2025-06-12 21:54:00,4.9
2025-06-12 19:39:00,98.1
2025-06-12 03:02:00,22.2
2025-06-12 04:07:00,25.6
2025-06-12 06:53:00,32.4
2025-06-12 11:56:00,24.5
2025-06-12 00:34:00,77.6
2025-06-12 00:36:00,99.7
2025-06-12 19:25:00,46.6
2025-06-12 10:20:00,49.88181818181819
2025-06-12 23:11:00,25.1
2025-06-12 05:15:00,13.9
2025-06-12 20:51:00,68.0
2025-06-12 02:34:00,30.3
2025-06-12 03:19:00,49.88181818181819
2025-06-12 19:31:00,83.5
2025-06-12 14:01:00,88.6
2025-06-12 23:31:00,34.4
2025-06-12 11:37:00,4.0
2025-06-12 20:14:00,52.7
2025-06-12 15:27:00,7.4
2025-06-12 23:05:00,32.7
2025-06-12 14:28:00,24.4
2025-06-12 13:14:00,90.5
2025-06-12 01:54:00,50.7
2025-06-12 19:54:00,16.4
2025-06-12 23:35:00,85.1
2025-06-12 14:48:00,49.88181818181819
2025-06-12 14:14:00,13.1
2025-06-12 05:05:00,60.4
2025-06-12 20:51:00,92.4
2025-06-12 01:20:00,24.7
2025-06-12 08:15:00,49.88181818181819
2025-06-12 02:32:00,79.5
2025-06-12 03:44:00,61.0
2025-06-12 10:56:00,49.88181818181819
2025-06-12 11:07:00,16.7
2025-06-12 03:01:00,58.9
2025-06-12 06:06:00,42.8
2025-06-12 06:25:00,49.88181818181819
2025-06-12 09:54:00,58.8
2025-06-12 09:29:00,35.3
2025-06-12 04:16:00,63.1
2025-06-12 13:19:00,93.0
2025-06-12 02:16:00,77.6
2025-06-12 10:11:00,10.6
2025-06-12 09:23:00,92.1
2025-06-12 15:21:00,27.8
2025-06-12 10:51:00,66.3
2025-06-12 21:52:00,20.2
2025-06-12 12:42:00,98.3
2025-06-12 07:40:00,80.4
2025-06-12 10:19:00,71.2
2025-06-12 04:34:00,73.3
2025-06-12 14:27:00,96.1
2025-06-12 01:01:00,97.3
2025-06-12 18:13:00,49.88181818181819
2025-06-12 14:14:00,41.9
2025-06-12 08:05:00,49.88181818181819
2025-06-12 04:40:00,50.8
2025-06-12 02:27:00,58.9
2025-06-12 00:34:00,22.8
2025-06-12 09:59:00,61.8
2025-06-12 14:03:00,47.2
2025-06-12 19:48:00,95.4
2025-06-12 00:49:00,12.8
2025-06-12 23:39:00,28.0
2025-06-12 19:52:00,87.3
2025-06-12 03:29:00,63.3
2025-06-12 15:09:00,73.2
2025-06-12 19:45:00,97.1
2025-06-12 23:37:00,49.88181818181819
2025-06-12 16:21:00,68.6
2025-06-12 17:56:00,82.3
2025-06-12 13:51:00,91.1
2025-06-12 04:35:00,17.0
2025-06-12 11:22:00,6.8
2025-06-12 22:31:00,77.2
2025-06-12 15:35:00,72.6
2025-06-12 12:14:00,49.88181818181819
2025-06-12 21:09:00,63.5
2025-06-12 19:58:00,85.4
2025-06-12 10:13:00,49.88181818181819
2025-06-12 22:02:00,39.5
2025-06-12 10:52:00,39.6
2025-06-12 00:10:00,89.5
2025-06-12 06:31:00,13.6
2025-06-12 19:20:00,96.5
2025-06-12 21:31:00,65.2
2025-06-12 22:24:00,80.3
2025-06-12 22:20:00,98.4
2025-06-12 12:26:00,94.8
2025-06-12 22:27:00,36.0
2025-06-12 21:04:00,77.1
2025-06-12 19:58:00,49.88181818181819
2025-06-12 09:02:00,99.0
2025-06-12 12:26:00,33.8
2025-06-12 16:13:00,11.7
2025-06-12 06:17:00,49.88181818181819
2025-06-12 03:54:00,49.88181818181819
2025-06-12 07:35:00,19.1
2025-06-12 04:11:00,42.2
2025-06-12 04:21:00,28.2
2025-06-12 01:01:00,75.0
2025-06-12 18:31:00,69.6
2025-06-12 17:22:00,82.2
2025-06-12 19:35:00,49.88181818181819
2025-06-12 08:01:00,36.7
2025-06-12 20:15:00,17.7
2025-06-12 04:24:00,13.3
2025-06-12 12:19:00,49.88181818181819
2025-06-12 23:19:00,49.88181818181819
2025-06-12 14:01:00,22.7
2025-06-12 20:41:00,2.8
2025-06-12 06:07:00,12.3
2025-06-12 13:32:00,62.6
2025-06-12 02:35:00,68.1
2025-06-12 01:30:00,33.6
2025-06-12 07:05:00,49.88181818181819
2025-06-12 03:04:00,94.4
2025-06-12 16:49:00,49.88181818181819
2025-06-12 09:12:00,98.3
2025-06-12 11:07:00,55.6
2025-06-12 11:21:00,11.6
2025-06-12 15:51:00,4.3
2025-06-12 08:26:00,72.6
2025-06-12 23:22:00,94.5
2025-06-12 04:31:00,49.88181818181819
2025-06-12 09:33:00,49.88181818181819
2025-06-12 11:12:00,49.88181818181819
2025-06-12 07:47:00,29.8
2025-06-12 20:54:00,49.88181818181819
2025-06-12 18:01:00,2.3
2025-06-12 06:36:00,7.2
2025-06-12 00:44:00,3.7
2025-06-12 07:25:00,27.3
2025-06-12 16:46:00,69.0
2025-06-12 03:10:00,45.9
2025-06-12 10:35:00,30.4
2025-06-12 20:32:00,62.9
2025-06-12 12:18:00,40.1
2025-06-12 11:39:00,47.3
2025-06-12 11:13:00,0.9
2025-06-12 15:01:00,69.8
2025-06-12 07:40:00,6.1
2025-06-12 21:49:00,24.9
2025-06-12 05:38:00,49.88181818181819
2025-06-12 16:10:00,57.1
2025-06-12 20:09:00,13.3
2025-06-12 00:25:00,61.4
2025-06-12 06:21:00,26.0
2025-06-12 23:52:00,5.6
2025-06-12 05:36:00,4.4
2025-06-12 09:20:00,28.6
2025-06-12 19:40:00,69.8
2025-06-12 03:51:00,3.9
2025-06-12 14:52:00,39.1
2025-06-12 23:52:00,78.0
2025-06-12 07:15:00,43.5
2025-06-12 07:52:00,44.0
2025-06-12 18:57:00,36.2
2025-06-12 08:42:00,78.9
2025-06-12 21:32:00,13.2
2025-06-12 20:47:00,38.7
2025-06-12 02:01:00,55.1
2025-06-12 04:57:00,21.6
2025-06-12 18:06:00,49.88181818181819
2025-06-12 21:33:00,49.88181818181819
2025-06-12 05:40:00,67.4
2025-06-12 23:11:00,68.3
2025-06-12 16:01:00,84.3
2025-06-12 21:01:00,62.9
2025-06-12 20:14:00,38.0
2025-06-12 08:30:00,15.1
2025-06-12 12:57:00,2.1
2025-06-12 12:35:00,77.1
2025-06-12 04:58:00,4.5
2025-06-12 06:37:00,12.7
2025-06-12 10:41:00,75.5
2025-06-12 20:38:00,27.2
2025-06-12 00:50:00,24.8
2025-06-12 03:01:00,50.019744401453856
2025-06-12 10:28:00,84.5
2025-06-12 12:32:00,2.2
2025-06-12 07:51:00,47.1
2025-06-12 11:57:00,48.2
2025-06-12 08:08:00,86.7
2025-06-12 13:54:00,50.019744401453856
2025-06-12 05:47:00,65.7
2025-06-12 18:00:00,23.4
2025-06-12 21:01:00,50.0
2025-06-12 12:22:00,64.8
2025-06-12 15:01:00,31.5
2025-06-12 09:59:00,89.5
2025-06-12 01:21:00,44.3
2025-06-12 18:18:00,76.2
2025-06-12 17:52:00,63.5
2025-06-12 08:03:00,64.4
2025-06-12 11:42:00,90.5
2025-06-12 17:34:00,89.3
2025-06-12 21:17:00,55.9
2025-06-12 21:12:00,79.7
2025-06-12 08:14:00,4.2
2025-06-12 07:53:00,85.0
2025-06-12 04:43:00,65.9
2025-06-12 20:24:00,7.0
2025-06-12 15:03:00,80.6
2025-06-12 05:29:00,41.8
2025-06-12 14:35:00,82.5
2025-06-12 16:16:00,20.8
2025-06-12 21:53:00,63.2
2025-06-12 15:37:00,59.7
2025-06-12 13:29:00,52.9
2025-06-12 10:24:00,23.5
2025-06-12 21:10:00,55.0
2025-06-12 20:06:00,66.9
2025-06-12 15:11:00,60.1
2025-06-12 16:25:00,90.2
2025-06-12 23:44:00,44.6
2025-06-12 18:29:00,11.1
2025-06-12 20:04:00,50.019744401453856
2025-06-12 22:55:00,90.7
2025-06-12 06:16:00,55.0
2025-06-12 19:50:00,14.2
2025-06-12 20:08:00,6.1
2025-06-12 00:07:00,50.019744401453856
2025-06-12 13:00:00,43.7
2025-06-12 01:04:00,57.2
2025-06-12 07:25:00,88.9
2025-06-12 12:01:00,90.9
2025-06-12 02:03:00,41.6
2025-06-12 13:22:00,27.0
2025-06-12 16:54:00,61.9
2025-06-12 11:59:00,28.3
2025-06-12 16:22:00,26.9
2025-06-12 20:16:00,96.4
2025-06-12 10:12:00,6.5
2025-06-12 23:53:00,51.5
2025-06-12 05:15:00,50.019744401453856
2025-06-12 03:42:00,9.5
2025-06-12 03:13:00,27.4
2025-06-12 08:34:00,59.7
2025-06-12 01:01:00,67.2
2025-06-12 18:43:00,49.8
2025-06-12 00:29:00,2.9
2025-06-12 02:36:00,84.1
2025-06-12 04:25:00,15.8
2025-06-12 09:46:00,24.0
2025-06-12 00:10:00,50.019744401453856
2025-06-12 13:38:00,63.3
2025-06-12 04:15:00,68.1
2025-06-12 13:52:00,36.3
2025-06-12 04:18:00,77.6
2025-06-12 02:18:00,27.4
2025-06-12 00:26:00,73.6
2025-06-12 21:52:00,50.019744401453856
2025-06-12 20:57:00,24.9
2025-06-12 20:21:00,62.7
2025-06-12 06:58:00,65.3
2025-06-12 07:30:00,78.7
2025-06-12 03:27:00,37.9
2025-06-12 11:11:00,24.7
2025-06-12 23:51:00,55.2
2025-06-12 19:07:00,10.9
2025-06-12 10:05:00,77.6
2025-06-12 12:24:00,10.3
2025-06-12 10:50:00,50.019744401453856
2025-06-12 08:16:00,1.7
2025-06-12 21:59:00,70.7
2025-06-12 09:33:00,57.9
2025-06-12 03:49:00,50.019744401453856
2025-06-12 05:53:00,34.7
2025-06-12 15:12:00,53.9
2025-06-12 23:26:00,68.5
2025-06-12 00:38:00,52.6
2025-06-12 00:30:00,77.7
2025-06-12 03:45:00,10.1
2025-06-12 18:14:00,10.6
2025-06-12 19:05:00,9.8
2025-06-12 03:10:00,48.8
2025-06-12 21:32:00,57.1
2025-06-12 02:09:00,82.0
2025-06-12 00:34:00,99.1
2025-06-12 18:04:00,98.3
2025-06-12 16:48:00,92.4
2025-06-12 20:24:00,19.7
2025-06-12 02:38:00,50.019744401453856
2025-06-12 01:00:00,38.4
2025-06-12 03:50:00,93.9
2025-06-12 09:01:00,8.4
2025-06-12 07:26:00,72.1
2025-06-12 12:58:00,50.019744401453856
2025-06-12 00:37:00,95.3
2025-06-12 17:09:00,80.2
2025-06-12 22:59:00,62.0
2025-06-12 23:09:00,34.4
2025-06-12 20:38:00,53.2
2025-06-12 10:45:00,99.9
2025-06-12 20:56:00,81.5
2025-06-12 06:03:00,85.9
2025-06-12 02:36:00,11.1
2025-06-12 10:24:00,50.019744401453856
2025-06-12 11:56:00,31.9
2025-06-12 10:34:00,34.3
2025-06-12 04:03:00,37.5
2025-06-12 14:41:00,54.0
2025-06-12 20:13:00,50.019744401453856
2025-06-12 17:13:00,52.9
2025-06-12 15:19:00,50.019744401453856
2025-06-12 03:53:00,42.6
2025-06-12 05:46:00,50.019744401453856
2025-06-12 07:07:00,43.1
2025-06-12 06:49:00,29.5
2025-06-12 13:50:00,89.4
2025-06-12 22:16:00,16.0
2025-06-12 16:44:00,39.5
2025-06-12 22:08:00,50.019744401453856
2025-06-12 08:20:00,50.019744401453856
2025-06-12 05:16:00,53.2
2025-06-12 08:13:00,31.9
2025-06-12 01:43:00,82.1
2025-06-12 09:36:00,50.019744401453856
2025-06-12 06:00:00,55.1
2025-06-12 09:42:00,43.8
2025-06-12 09:46:00,75.3
2025-06-12 04:05:00,64.7
2025-06-12 06:26:00,97.9
2025-06-12 11:00:00,34.7
2025-06-12 03:41:00,69.4
2025-06-12 22:29:00,50.9
2025-06-12 12:34:00,54.9
2025-06-12 02:04:00,2.1
2025-06-12 17:09:00,38.9
2025-06-12 11:30:00,56.7
2025-06-12 03:50:00,9.7
2025-06-12 02:28:00,42.2
2025-06-12 21:41:00,68.8
2025-06-12 22:18:00,15.9
2025-06-12 23:52:00,42.6
2025-06-12 04:12:00,68.4
2025-06-12 12:17:00,61.3
2025-06-12 07:05:00,42.9
2025-06-12 09:07:00,98.2
2025-06-12 12:44:00,68.2
2025-06-12 15:28:00,50.019744401453856
2025-06-12 04:29:00,50.019744401453856
2025-06-12 11:41:00,0.2
2025-06-12 21:31:00,50.019744401453856
2025-06-12 18:22:00,10.1
2025-06-12 00:39:00,87.5
2025-06-12 02:44:00,50.019744401453856
2025-06-12 01:59:00,9.3
2025-06-12 08:37:00,5.2
2025-06-12 20:10:00,51.2
2025-06-12 23:38:00,39.5
2025-06-12 01:04:00,28.4
2025-06-12 07:55:00,68.6
2025-06-12 07:06:00,50.019744401453856
2025-06-12 18:09:00,22.3
2025-06-12 18:52:00,2.1
2025-06-12 21:43:00,49.2
2025-06-12 12:26:00,50.019744401453856
2025-06-12 23:14:00,85.5
2025-06-12 16:58:00,79.0
2025-06-12 01:31:00,94.8
2025-06-12 22:13:00,52.0
2025-06-12 11:57:00,84.0
2025-06-12 02:30:00,17.5
2025-06-12 05:18:00,4.0
2025-06-12 10:12:00,50.019744401453856
2025-06-12 14:49:00,50.019744401453856
2025-06-12 17:21:00,29.8
2025-06-12 21:52:00,90.8
2025-06-12 01:59:00,68.3
2025-06-12 01:18:00,48.3
2025-06-12 22:34:00,50.019744401453856
2025-06-12 09:41:00,52.9
2025-06-12 10:08:00,37.2
2025-06-12 04:38:00,40.5
2025-06-12 01:17:00,38.4
2025-06-12 01:40:00,78.6
2025-06-12 16:36:00,22.2
2025-06-12 03:54:00,47.0
2025-06-12 16:28:00,79.6
2025-06-12 07:34:00,56.7
2025-06-12 17:27:00,85.8
2025-06-12 23:15:00,9.7
2025-06-12 14:45:00,66.4
2025-06-12 02:53:00,21.9
2025-06-12 15:32:00,66.3
2025-06-12 04:55:00,2.5
2025-06-12 20:06:00,60.5
2025-06-12 11:20:00,18.7
2025-06-12 08:33:00,71.7
2025-06-12 03:43:00,3.2
2025-06-12 07:01:00,88.9
2025-06-12 22:41:00,26.0
2025-06-12 01:40:00,31.0
2025-06-12 22:43:00,79.2
2025-06-12 20:59:00,50.019744401453856
2025-06-12 22:14:00,84.1
2025-06-12 19:14:00,64.3
2025-06-12 09:46:00,43.9
2025-06-12 15:22:00,50.019744401453856
2025-06-12 15:44:00,52.5
2025-06-12 19:09:00,44.4
2025-06-12 16:20:00,50.019744401453856
2025-06-12 16:04:00,50.019744401453856
2025-06-12 16:05:00,27.6
2025-06-12 18:00:00,35.7
2025-06-12 06:50:00,50.019744401453856
2025-06-12 23:20:00,49.9
2025-06-12 22:30:00,50.7
2025-06-12 11:00:00,50.019744401453856
2025-06-12 03:28:00,50.019744401453856
2025-06-12 21:46:00,56.1
2025-06-12 11:33:00,68.9
2025-06-12 06:58:00,59.8
2025-06-12 20:09:00,62.3
2025-06-12 16:10:00,76.2
2025-06-12 12:06:00,39.1
2025-06-12 12:48:00,41.0
2025-06-12 12:11:00,28.7
2025-06-12 05:04:00,92.0
2025-06-12 02:46:00,57.4
2025-06-12 13:52:00,59.7
2025-06-12 08:53:00,89.9
2025-06-12 10:51:00,7.6
2025-06-12 20:23:00,26.2
2025-06-12 17:59:00,65.7
2025-06-12 12:57:00,93.1
2025-06-12 06:22:00,22.7
2025-06-12 15:05:00,20.3
2025-06-12 16:33:00,50.019744401453856
2025-06-12 01:05:00,18.2
2025-06-12 21:25:00,97.0
2025-06-12 08:49:00,75.0
2025-06-12 02:29:00,82.4
2025-06-12 16:43:00,67.5
2025-06-12 19:13:00,82.4
2025-06-12 04:53:00,39.7
2025-06-12 16:45:00,99.0
2025-06-12 04:23:00,97.9
2025-06-12 13:58:00,43.8
2025-06-12 19:54:00,30.7
2025-06-12 11:29:00,85.8
2025-06-12 22:21:00,57.6
2025-06-12 12:10:00,62.3
2025-06-12 19:24:00,76.3
2025-06-12 15:59:00,23.5
2025-06-12 04:41:00,97.7
2025-06-12 08:14:00,95.8
2025-06-12 05:51:00,20.1
2025-06-12 20:56:00,22.1
2025-06-12 05:05:00,62.6
2025-06-12 23:22:00,47.6
2025-06-12 02:26:00,17.0
2025-06-12 07:00:00,57.6
2025-06-12 02:31:00,75.7
2025-06-12 06:13:00,48.3
2025-06-12 18:00:00,50.019744401453856
2025-06-12 00:41:00,65.7
2025-06-12 02:26:00,50.019744401453856
2025-06-12 08:49:00,26.6
2025-06-12 17:36:00,62.6
2025-06-12 00:24:00,91.3
2025-06-12 11:46:00,50.019744401453856
2025-06-12 12:21:00,68.5
2025-06-12 10:46:00,23.6
2025-06-12 12:37:00,0.2
2025-06-12 16:07:00,56.1
2025-06-12 13:13:00,20.4
2025-06-12 02:39:00,73.9
2025-06-12 07:55:00,2.4
2025-06-12 10:40:00,50.019744401453856
2025-06-12 08:37:00,56.5
2025-06-12 15:24:00,50.019744401453856
2025-06-12 01:20:00,26.3
2025-06-12 15:47:00,84.3
2025-06-12 22:56:00,50.019744401453856
2025-06-12 17:31:00,91.7
2025-06-12 22:01:00,36.8
2025-06-12 11:20:00,6.8
2025-06-12 05:28:00,50.2
2025-06-12 16:10:00,50.019744401453856
2025-06-12 17:11:00,4.7
2025-06-12 12:46:00,7.8
2025-06-12 19:53:00,76.3
2025-06-12 04:53:00,52.8
2025-06-12 04:22:00,7.3
2025-06-12 13:29:00,53.0
2025-06-12 21:36:00,18.0
2025-06-12 04:49:00,27.4
2025-06-12 02:54:00,30.9
2025-06-12 12:17:00,87.6
2025-06-12 14:59:00,37.9
2025-06-12 22:59:00,24.3
2025-06-12 08:07:00,14.6
2025-06-12 05:13:00,6.0
2025-06-12 20:19:00,96.9
2025-06-12 20:30:00,85.8
2025-06-12 13:13:00,50.019744401453856
2025-06-12 09:44:00,75.5
2025-06-12 23:43:00,43.0
2025-06-12 09:08:00,43.0
2025-06-12 09:32:00,8.5
2025-06-12 14:05:00,2.6
2025-06-12 20:11:00,71.0
2025-06-12 18:02:00,69.7
2025-06-12 21:02:00,50.019744401453856
2025-06-12 22:55:00,50.019744401453856
2025-06-12 01:47:00,80.0
2025-06-12 16:18:00,26.0
2025-06-12 12:43:00,48.2
2025-06-12 18:33:00,42.2
2025-06-12 10:21:00,72.0
2025-06-12 08:17:00,63.0
2025-06-12 16:31:00,68.1
2025-06-12 06:16:00,58.0
2025-06-12 16:12:00,49.0
2025-06-12 22:00:00,50.0
2025-06-12 12:35:00,70.1
2025-06-12 21:00:00,86.2
2025-06-12 14:02:00,49.94205948042788
2025-06-12 12:03:00,19.7
2025-06-12 18:39:00,19.2
2025-06-12 18:57:00,73.5
2025-06-12 04:44:00,11.1
2025-06-12 16:48:00,12.0
2025-06-12 19:43:00,22.0
2025-06-12 01:17:00,92.4
2025-06-12 18:23:00,24.3
2025-06-12 04:07:00,13.4
2025-06-12 02:53:00,14.3
2025-06-12 00:24:00,1.2
2025-06-12 18:04:00,16.2
2025-06-12 12:27:00,30.9
2025-06-12 01:00:00,36.6
2025-06-12 08:56:00,94.3
2025-06-12 01:48:00,69.5
2025-06-12 15:32:00,36.7
2025-06-12 11:36:00,8.5
2025-06-12 14:22:00,70.2
2025-06-12 10:31:00,0.8
2025-06-12 16:31:00,14.3
2025-06-12 16:51:00,49.94205948042788
2025-06-12 17:26:00,39.3
2025-06-12 18:09:00,52.1
2025-06-12 07:21:00,35.3
2025-06-12 16:35:00,88.2
2025-06-12 00:08:00,75.6
2025-06-12 20:07:00,49.94205948042788
2025-06-12 03:16:00,70.3
2025-06-12 03:42:00,40.3
2025-06-12 14:35:00,49.94205948042788
2025-06-12 03:57:00,49.94205948042788
2025-06-12 19:43:00,51.4
2025-06-12 08:00:00,22.5
2025-06-12 12:56:00,49.94205948042788
2025-06-12 17:54:00,34.0
2025-06-12 10:43:00,49.94205948042788
2025-06-12 07:01:00,43.8
2025-06-12 16:45:00,62.6
2025-06-12 07:14:00,88.3
2025-06-12 09:57:00,82.1
2025-06-12 11:10:00,37.8
2025-06-12 23:26:00,60.1
2025-06-12 13:17:00,66.6
2025-06-12 12:32:00,38.5
2025-06-12 23:43:00,79.6
2025-06-12 06:04:00,14.3
2025-06-12 15:02:00,68.6
2025-06-12 20:21:00,59.7
2025-06-12 00:02:00,13.0
2025-06-12 10:06:00,49.94205948042788
2025-06-12 14:48:00,23.7
2025-06-12 20:06:00,16.6
2025-06-12 02:19:00,58.3
2025-06-12 09:04:00,4.3
2025-06-12 13:54:00,56.8
2025-06-12 18:50:00,85.8
2025-06-12 09:22:00,36.4
2025-06-12 09:23:00,49.94205948042788
2025-06-12 15:13:00,56.8
2025-06-12 08:40:00,53.5
2025-06-12 12:40:00,87.5
2025-06-12 05:38:00,29.8
2025-06-12 14:17:00,95.8
2025-06-12 21:27:00,46.2
2025-06-12 08:59:00,9.3
2025-06-12 13:42:00,72.8
2025-06-12 23:19:00,32.1
2025-06-12 20:22:00,27.1
2025-06-12 20:09:00,49.94205948042788
2025-06-12 17:16:00,24.1
2025-06-12 12:16:00,93.4
2025-06-12 19:15:00,39.2
2025-06-12 00:19:00,82.4
2025-06-12 04:03:00,8.5
2025-06-12 23:38:00,15.2
2025-06-12 19:21:00,67.7
2025-06-12 09:59:00,12.0
2025-06-12 09:52:00,93.2
2025-06-12 18:59:00,19.1
2025-06-12 08:46:00,42.4
2025-06-12 09:42:00,49.94205948042788
2025-06-12 09:16:00,49.94205948042788
2025-06-12 09:14:00,99.8
2025-06-12 01:16:00,39.6
2025-06-12 16:37:00,13.0
2025-06-12 01:58:00,81.8
2025-06-12 06:56:00,49.94205948042788
2025-06-12 23:39:00,37.9
2025-06-12 12:33:00,67.7
2025-06-12 04:24:00,87.3
2025-06-12 21:09:00,19.9
2025-06-12 06:56:00,38.2
2025-06-12 08:30:00,67.7
2025-06-12 23:04:00,48.2
2025-06-12 12:14:00,35.9
2025-06-12 12:08:00,14.0
2025-06-12 00:39:00,7.4
2025-06-12 08:11:00,47.8
2025-06-12 20:15:00,5.9
2025-06-12 10:27:00,37.7
2025-06-12 16:37:00,44.2
2025-06-12 00:58:00,66.4
2025-06-12 13:56:00,49.94205948042788
2025-06-12 23:27:00,16.9
2025-06-12 23:11:00,93.5
2025-06-12 08:50:00,92.0
2025-06-12 00:30:00,40.3
2025-06-12 02:21:00,49.94205948042788
2025-06-12 10:20:00,23.8
2025-06-12 08:40:00,69.7
2025-06-12 12:55:00,49.3
2025-06-12 08:13:00,92.1
2025-06-12 08:53:00,49.94205948042788
2025-06-12 05:04:00,12.1
2025-06-12 21:30:00,0.3
2025-06-12 07:57:00,61.1
2025-06-12 18:35:00,26.0
2025-06-12 08:23:00,60.9
2025-06-12 20:59:00,88.6
2025-06-12 04:15:00,7.6
2025-06-12 14:42:00,31.6
2025-06-12 03:46:00,49.94205948042788
2025-06-12 00:20:00,49.94205948042788
2025-06-12 11:03:00,66.0
2025-06-12 07:04:00,97.9
2025-06-12 23:56:00,0.4
2025-06-12 06:02:00,47.9
2025-06-12 20:56:00,86.1
2025-06-12 07:50:00,49.94205948042788
2025-06-12 15:11:00,36.4
2025-06-12 19:41:00,49.94205948042788
2025-06-12 09:53:00,64.7
2025-06-12 19:03:00,1.7
2025-06-12 17:28:00,38.0
2025-06-12 12:03:00,1.6
2025-06-12 02:22:00,38.0
2025-06-12 18:39:00,20.5
2025-06-12 18:29:00,85.1
2025-06-12 21:44:00,56.1
2025-06-12 07:14:00,92.5
2025-06-12 14:43:00,97.8
2025-06-12 02:25:00,49.94205948042788
2025-06-12 03:30:00,97.5
2025-06-12 00:17:00,19.3
2025-06-12 10:48:00,42.3
2025-06-12 08:44:00,56.8
2025-06-12 23:22:00,25.0
2025-06-12 13:30:00,24.7
2025-06-12 00:06:00,19.0
2025-06-12 13:07:00,32.0
2025-06-12 03:32:00,89.5
2025-06-12 19:40:00,82.0
2025-06-12 10:02:00,11.7
2025-06-12 10:30:00,34.3
2025-06-12 09:37:00,52.5
2025-06-12 10:23:00,3.4
2025-06-12 03:25:00,49.94205948042788
2025-06-12 05:57:00,31.9
2025-06-12 19:56:00,74.7
2025-06-12 17:16:00,8.9
2025-06-12 00:33:00,88.5
2025-06-12 18:23:00,48.8
2025-06-12 03:57:00,57.4
2025-06-12 01:44:00,95.1
2025-06-12 04:58:00,20.4
2025-06-12 10:24:00,7.9
2025-06-12 06:26:00,76.2
2025-06-12 18:43:00,48.5
2025-06-12 08:40:00,4.2
2025-06-12 04:26:00,13.1
2025-06-12 15:06:00,28.6
2025-06-12 21:36:00,69.4
2025-06-12 21:28:00,23.8
2025-06-12 22:27:00,49.0
2025-06-12 23:45:00,94.9
2025-06-12 11:10:00,22.0
2025-06-12 13:59:00,30.2
2025-06-12 05:15:00,82.8
2025-06-12 14:55:00,54.1
2025-06-12 02:24:00,20.8
2025-06-12 10:46:00,10.3
2025-06-12 06:38:00,79.6
2025-06-12 03:09:00,5.9
2025-06-12 09:06:00,49.94205948042788
2025-06-12 15:51:00,13.0
2025-06-12 00:43:00,49.94205948042788
2025-06-12 20:49:00,49.94205948042788
2025-06-12 03:44:00,43.3
2025-06-12 22:53:00,52.2
2025-06-12 13:59:00,43.7
2025-06-12 06:28:00,28.6
2025-06-12 06:18:00,49.94205948042788
2025-06-12 08:32:00,18.0
2025-06-12 11:52:00,10.8
2025-06-12 02:45:00,49.94205948042788
2025-06-12 09:34:00,27.7
2025-06-12 10:10:00,49.94205948042788
2025-06-12 17:44:00,3.5
2025-06-12 22:50:00,65.8
2025-06-12 06:48:00,2.6
2025-06-12 15:49:00,52.8
2025-06-12 12:49:00,12.5
2025-06-12 11:34:00,1.9
2025-06-12 14:07:00,86.2
2025-06-12 16:39:00,69.7
2025-06-12 11:01:00,13.2
2025-06-12 06:07:00,29.7
2025-06-12 07:40:00,6.7
2025-06-12 10:11:00,89.2
2025-06-12 19:33:00,49.94205948042788
2025-06-12 01:13:00,79.5
2025-06-12 08:01:00,30.6
2025-06-12 23:33:00,56.4
2025-06-12 22:30:00,14.1
2025-06-12 05:29:00,58.2
2025-06-12 12:04:00,49.94205948042788
2025-06-12 11:06:00,49.94205948042788
2025-06-12 20:28:00,49.94205948042788
2025-06-12 16:50:00,74.3
2025-06-12 13:12:00,49.94205948042788
2025-06-12 22:03:00,59.5
2025-06-12 06:08:00,19.0
2025-06-12 01:23:00,78.6
2025-06-12 21:32:00,3.9
2025-06-12 05:23:00,60.1
2025-06-12 15:59:00,25.0
2025-06-12 05:10:00,13.6
2025-06-12 08:56:00,49.2
2025-06-12 10:31:00,41.9
2025-06-12 15:32:00,85.9
2025-06-12 15:49:00,59.5
2025-06-12 05:26:00,3.0
2025-06-12 08:23:00,92.0
2025-06-12 06:23:00,36.1
2025-06-12 02:10:00,90.6
2025-06-12 19:34:00,12.5
2025-06-12 17:59:00,71.1
2025-06-12 23:27:00,29.3
2025-06-12 14:07:00,7.1
2025-06-12 23:20:00,82.0
2025-06-12 03:56:00,42.3
2025-06-12 09:53:00,49.94205948042788
2025-06-12 09:07:00,39.8
2025-06-12 03:09:00,26.7
2025-06-12 06:41:00,48.0
2025-06-12 20:18:00,49.94205948042788
2025-06-12 12:23:00,34.2
2025-06-12 09:51:00,55.6
2025-06-12 18:11:00,8.8
2025-06-12 18:51:00,8.9
2025-06-12 00:30:00,71.0
2025-06-12 09:34:00,83.1
2025-06-12 15:00:00,57.7
2025-06-12 20:56:00,49.94205948042788
2025-06-12 12:22:00,25.1
2025-06-12 06:33:00,29.1
2025-06-12 04:03:00,18.1
2025-06-12 16:35:00,86.8
2025-06-12 22:37:00,28.9
2025-06-12 23:53:00,21.9
2025-06-12 03:35:00,88.8
2025-06-12 05:30:00,13.0
2025-06-12 23:04:00,34.9
2025-06-12 13:21:00,71.7
2025-06-12 17:16:00,68.0
2025-06-12 15:01:00,12.8
2025-06-12 22:58:00,17.8
2025-06-12 09:50:00,84.6
2025-06-12 16:15:00,8.8
2025-06-12 09:46:00,56.3
2025-06-12 07:49:00,8.2
2025-06-12 03:06:00,19.7
2025-06-12 09:07:00,62.2
2025-06-12 03:06:00,84.4
2025-06-12 13:13:00,49.7
2025-06-12 11:00:00,66.3
2025-06-12 18:38:00,49.94205948042788
2025-06-12 17:52:00,75.4
2025-06-12 08:09:00,1.0
2025-06-12 23:27:00,49.94205948042788
2025-06-12 18:18:00,62.4
2025-06-12 14:01:00,47.8
2025-06-12 05:50:00,80.5
2025-06-12 00:38:00,9.8
2025-06-12 21:56:00,49.94205948042788
2025-06-12 23:46:00,21.1
2025-06-12 11:38:00,98.4
2025-06-12 11:38:00,49.94205948042788
2025-06-12 01:13:00,78.2
2025-06-12 00:12:00,47.7
2025-06-12 18:16:00,40.9
2025-06-12 09:16:00,99.4
2025-06-12 03:59:00,56.5
2025-06-12 01:53:00,49.94205948042788
2025-06-12 13:54:00,57.5
2025-06-12 10:43:00,95.6
2025-06-12 19:21:00,19.9
2025-06-12 02:39:00,48.8
2025-06-12 08:48:00,29.8
2025-06-12 01:30:00,10.0
2025-06-12 14:28:00,97.7
2025-06-12 00:54:00,57.8
2025-06-12 18:26:00,90.3
2025-06-12 15:27:00,58.3
2025-06-12 18:01:00,49.94205948042788
2025-06-12 19:46:00,58.2
2025-06-12 14:11:00,64.7
2025-06-12 20:54:00,71.4
2025-06-12 15:09:00,49.94205948042788
2025-06-12 08:48:00,13.5
2025-06-12 17:06:00,58.1
2025-06-12 14:46:00,59.4
2025-06-12 10:45:00,47.4
2025-06-12 14:34:00,50.9
2025-06-12 18:24:00,52.4
2025-06-12 00:08:00,13.0
2025-06-12 09:44:00,49.94205948042788
2025-06-12 10:26:00,49.94205948042788
2025-06-12 07:11:00,49.94205948042788
2025-06-12 16:58:00,49.94205948042788
2025-06-12 19:00:00,21.4
2025-06-12 07:30:00,24.0
2025-06-12 09:27:00,73.3
2025-06-12 04:42:00,30.5
2025-06-12 23:15:00,36.8
2025-06-12 15:48:00,53.7
2025-06-12 10:29:00,17.1
2025-06-12 01:57:00,53.8
2025-06-12 10:48:00,76.0
2025-06-12 00:29:00,49.94205948042788
2025-06-12 07:47:00,33.1
2025-06-12 04:38:00,78.4
2025-06-12 01:27:00,49.94205948042788
2025-06-12 16:45:00,71.6
2025-06-12 07:25:00,97.9
2025-06-12 01:32:00,49.94205948042788
2025-06-12 09:00:00,49.94205948042788
2025-06-12 11:18:00,65.1
2025-06-12 13:51:00,5.8
2025-06-12 14:45:00,34.0
2025-06-12 14:59:00,84.3
2025-06-12 15:31:00,38.0
2025-06-12 12:09:00,51.4
2025-06-12 14:21:00,4.1
2025-06-12 09:39:00,87.6
2025-06-12 18:46:00,14.3
2025-06-12 06:21:00,99.7
2025-06-12 22:55:00,73.4
2025-06-12 06:20:00,0.1
2025-06-12 18:34:00,50.024092836946274
2025-06-12 22:30:00,95.5
2025-06-12 15:52:00,32.7
2025-06-12 22:12:00,22.6
2025-06-12 15:46:00,9.4
2025-06-12 13:36:00,24.0
2025-06-12 17:10:00,81.8
2025-06-12 10:54:00,23.0
2025-06-12 02:30:00,3.8
2025-06-12 06:38:00,49.5
2025-06-12 18:25:00,33.0
2025-06-12 13:26:00,17.5
2025-06-12 01:07:00,50.024092836946274
2025-06-12 17:36:00,34.8
2025-06-12 00:14:00,49.1
2025-06-12 06:20:00,64.1
2025-06-12 13:12:00,19.5
2025-06-12 23:35:00,46.6
2025-06-12 20:55:00,13.7
2025-06-12 12:31:00,76.2
2025-06-12 07:13:00,7.0
2025-06-12 17:06:00,99.0
2025-06-12 10:46:00,60.9
2025-06-12 04:45:00,54.8
2025-06-12 12:36:00,96.5
2025-06-12 20:47:00,17.6
2025-06-12 15:56:00,86.7
2025-06-12 04:31:00,55.7
2025-06-12 08:42:00,14.2
2025-06-12 17:23:00,76.5
2025-06-12 12:36:00,42.4
2025-06-12 12:07:00,46.7
2025-06-12 20:53:00,88.3
2025-06-12 03:03:00,34.6
2025-06-12 22:08:00,10.8
2025-06-12 19:05:00,50.024092836946274
2025-06-12 13:20:00,90.1
2025-06-12 16:27:00,42.5
2025-06-12 12:58:00,50.024092836946274
2025-06-12 07:37:00,76.0
2025-06-12 08:31:00,0.2
2025-06-12 06:22:00,92.5
2025-06-12 05:28:00,75.2
2025-06-12 03:39:00,0.1
2025-06-12 18:07:00,37.4
2025-06-12 17:05:00,14.2
2025-06-12 04:17:00,48.7
2025-06-12 10:12:00,50.024092836946274
2025-06-12 19:15:00,5.2
2025-06-12 08:10:00,9.8
2025-06-12 11:41:00,3.0
2025-06-12 21:31:00,25.2
2025-06-12 03:31:00,50.024092836946274
2025-06-12 05:04:00,80.0
2025-06-12 21:06:00,9.5
2025-06-12 00:09:00,27.8
2025-06-12 15:15:00,62.7
2025-06-12 16:41:00,91.9
2025-06-12 14:13:00,50.024092836946274
2025-06-12 19:12:00,50.024092836946274
2025-06-12 20:06:00,31.9
2025-06-12 09:35:00,54.4
2025-06-12 10:18:00,27.5
2025-06-12 05:15:00,20.5
2025-06-12 01:59:00,64.2
2025-06-12 00:44:00,37.1
2025-06-12 08:55:00,88.7
2025-06-12 21:27:00,73.7
2025-06-12 06:57:00,66.2
2025-06-12 20:35:00,93.7
2025-06-12 11:39:00,81.1
2025-06-12 02:02:00,71.3
2025-06-12 10:50:00,75.4
2025-06-12 02:11:00,78.3
2025-06-12 01:57:00,8.8
2025-06-12 22:22:00,78.3
2025-06-12 19:02:00,31.7
2025-06-12 10:39:00,11.5
2025-06-12 00:47:00,53.9
2025-06-12 02:13:00,61.0
2025-06-12 14:45:00,2.8
2025-06-12 22:56:00,43.3
2025-06-12 21:48:00,88.7
2025-06-12 09:11:00,79.0
2025-06-12 02:43:00,82.2
2025-06-12 16:12:00,19.2
2025-06-12 02:32:00,79.1
2025-06-12 04:48:00,99.5
2025-06-12 18:00:00,24.4
2025-06-12 02:04:00,88.7
2025-06-12 10:12:00,45.7
2025-06-12 00:42:00,65.9
2025-06-12 14:38:00,18.3
2025-06-12 12:50:00,4.5
2025-06-12 21:29:00,2.6
2025-06-12 20:42:00,10.1
2025-06-12 17:48:00,20.2
2025-06-12 08:04:00,50.024092836946274
2025-06-12 01:06:00,50.024092836946274
2025-06-12 02:20:00,12.4
2025-06-12 09:57:00,50.024092836946274
2025-06-12 23:11:00,87.0
2025-06-12 15:01:00,50.024092836946274
2025-06-12 09:45:00,37.0
2025-06-12 06:39:00,68.3
2025-06-12 13:58:00,30.1
2025-06-12 06:38:00,49.7
2025-06-12 11:12:00,36.7
2025-06-12 17:21:00,34.9
2025-06-12 07:03:00,39.6
2025-06-12 06:35:00,50.024092836946274
2025-06-12 07:06:00,91.2
2025-06-12 02:08:00,1.5
2025-06-12 04:24:00,62.4
2025-06-12 21:13:00,59.8
2025-06-12 10:23:00,1.3
2025-06-12 10:36:00,99.7
2025-06-12 07:15:00,74.3
2025-06-12 17:59:00,50.024092836946274
2025-06-12 12:17:00,38.8
2025-06-12 12:27:00,85.0
2025-06-12 06:07:00,87.1
2025-06-12 12:18:00,95.3
2025-06-12 19:11:00,65.6
2025-06-12 13:31:00,14.1
2025-06-12 10:10:00,50.024092836946274
2025-06-12 20:42:00,50.024092836946274
2025-06-12 12:41:00,93.7
2025-06-12 09:22:00,50.024092836946274
2025-06-12 22:57:00,76.8
2025-06-12 10:29:00,38.9
2025-06-12 07:29:00,4.7
2025-06-12 10:56:00,87.7
2025-06-12 03:28:00,65.7
2025-06-12 07:08:00,95.6
2025-06-12 23:53:00,62.3
2025-06-12 14:56:00,50.024092836946274
2025-06-12 03:34:00,78.1
2025-06-12 01:58:00,50.024092836946274
2025-06-12 08:55:00,70.0
2025-06-12 17:43:00,49.3
2025-06-12 03:12:00,67.4
2025-06-12 15:40:00,16.3
2025-06-12 08:39:00,49.2
2025-06-12 14:30:00,30.5
2025-06-12 01:29:00,46.1
2025-06-12 02:29:00,46.9
2025-06-12 12:43:00,6.5
2025-06-12 02:52:00,94.9
2025-06-12 16:12:00,95.4
2025-06-12 22:40:00,82.8
2025-06-12 11:34:00,0.6
2025-06-12 01:24:00,50.024092836946274
2025-06-12 08:21:00,70.9
2025-06-12 07:57:00,5.8
2025-06-12 20:11:00,92.7
2025-06-12 01:20:00,50.024092836946274
2025-06-12 06:44:00,57.1
2025-06-12 21:05:00,82.5
2025-06-12 04:22:00,6.8
2025-06-12 08:27:00,44.2
2025-06-12 18:11:00,72.7
2025-06-12 03:45:00,53.8
2025-06-12 17:50:00,13.1
2025-06-12 14:02:00,4.0
2025-06-12 21:33:00,52.2
2025-06-12 10:54:00,44.7
2025-06-12 22:04:00,68.4
2025-06-12 16:22:00,50.024092836946274
2025-06-12 21:12:00,50.024092836946274
2025-06-12 19:41:00,31.0
2025-06-12 05:59:00,39.6
2025-06-12 02:01:00,27.4
2025-06-12 14:34:00,34.5
2025-06-12 14:30:00,25.6
2025-06-12 11:54:00,50.024092836946274
2025-06-12 07:19:00,4.2
2025-06-12 11:14:00,50.0
2025-06-12 21:36:00,58.2
2025-06-12 18:21:00,50.024092836946274
2025-06-12 19:15:00,53.2
2025-06-12 01:20:00,87.9
2025-06-12 11:26:00,51.6
2025-06-12 09:33:00,91.3
2025-06-12 09:11:00,26.3
2025-06-12 16:44:00,1.6
2025-06-12 12:22:00,9.1
2025-06-12 10:40:00,55.9
2025-06-12 16:21:00,74.3
2025-06-12 23:51:00,82.2
2025-06-12 17:33:00,66.6
2025-06-12 11:37:00,50.024092836946274
2025-06-12 08:33:00,6.9
2025-06-12 20:41:00,81.1
2025-06-12 10:20:00,19.5
2025-06-12 16:24:00,33.5
2025-06-12 15:51:00,50.024092836946274
2025-06-12 13:26:00,1.4
2025-06-12 09:46:00,89.6
2025-06-12 22:00:00,41.3
2025-06-12 20:08:00,38.4
2025-06-12 14:29:00,94.9
2025-06-12 13:00:00,43.8
2025-06-12 09:31:00,62.2
2025-06-12 13:04:00,19.8
2025-06-12 06:03:00,62.9
2025-06-12 23:28:00,54.9
2025-06-12 14:20:00,27.0
2025-06-12 08:10:00,78.9
2025-06-12 07:07:00,50.024092836946274
2025-06-12 04:08:00,50.0
2025-06-12 05:32:00,57.7
2025-06-12 17:33:00,33.1
2025-06-12 00:09:00,13.9
2025-06-12 05:52:00,60.1
2025-06-12 12:01:00,53.9
2025-06-12 17:13:00,50.024092836946274
2025-06-12 20:22:00,50.024092836946274
2025-06-12 05:02:00,50.024092836946274
2025-06-12 03:10:00,16.5
2025-06-12 17:53:00,20.7
2025-06-12 04:17:00,85.2
2025-06-12 04:07:00,47.5
2025-06-12 00:18:00,50.024092836946274
2025-06-12 21:41:00,34.1
2025-06-12 07:11:00,23.0
2025-06-12 23:31:00,19.5
2025-06-12 11:55:00,50.024092836946274
2025-06-12 10:53:00,2.2
2025-06-12 07:42:00,93.5
2025-06-12 04:10:00,80.3
2025-06-12 14:07:00,97.9
2025-06-12 10:20:00,81.2
2025-06-12 10:11:00,8.8
2025-06-12 22:48:00,58.5
2025-06-12 06:38:00,90.7
2025-06-12 17:16:00,27.1
2025-06-12 08:31:00,50.024092836946274
2025-06-12 15:33:00,51.7
2025-06-12 03:46:00,50.024092836946274
2025-06-12 09:27:00,50.024092836946274
2025-06-12 21:18:00,96.6
2025-06-12 16:42:00,50.024092836946274
2025-06-12 00:45:00,14.2
2025-06-12 07:11:00,90.9
2025-06-12 14:08:00,33.9
2025-06-12 13:54:00,77.5
2025-06-12 05:23:00,96.1
2025-06-12 16:28:00,50.024092836946274
2025-06-12 14:16:00,45.0
2025-06-12 05:49:00,50.024092836946274
2025-06-12 10:55:00,77.3
2025-06-12 09:33:00,0.2
2025-06-12 01:51:00,5.5
2025-06-12 07:24:00,98.2
2025-06-12 03:43:00,39.9
2025-06-12 11:59:00,11.5
2025-06-12 23:49:00,50.024092836946274
2025-06-12 22:42:00,90.0
2025-06-12 23:33:00,31.2
2025-06-12 03:41:00,94.6
2025-06-12 23:53:00,93.1
2025-06-12 09:16:00,29.5
2025-06-12 09:21:00,92.8
2025-06-12 23:49:00,85.1
2025-06-12 12:07:00,14.6
2025-06-12 07:18:00,45.4
2025-06-12 09:23:00,70.8
2025-06-12 16:34:00,50.024092836946274
2025-06-12 21:31:00,36.7
2025-06-12 02:59:00,55.2
2025-06-12 14:02:00,50.024092836946274
2025-06-12 10:49:00,84.4
2025-06-12 15:53:00,74.6
2025-06-12 18:44:00,93.4
2025-06-12 20:03:00,80.0
2025-06-12 00:26:00,68.0
2025-06-12 14:02:00,67.3
2025-06-12 20:55:00,75.9
2025-06-12 12:49:00,50.024092836946274
2025-06-12 09:27:00,98.5
2025-06-12 12:44:00,85.4
2025-06-12 09:51:00,45.2
2025-06-12 18:41:00,50.024092836946274
2025-06-12 10:11:00,99.8
2025-06-12 09:24:00,85.3
2025-06-12 04:56:00,62.5
2025-06-12 21:58:00,64.0
2025-06-12 03:27:00,12.5
2025-06-12 18:01:00,71.7
2025-06-12 20:52:00,41.6
2025-06-12 00:04:00,4.7
2025-06-12 03:37:00,7.8
2025-06-12 22:08:00,26.2
2025-06-12 12:58:00,37.4
2025-06-12 07:04:00,71.3
2025-06-12 06:59:00,60.2
2025-06-12 17:28:00,50.6
2025-06-12 03:36:00,11.5
2025-06-12 10:11:00,96.2
2025-06-12 08:20:00,8.5
2025-06-12 19:49:00,66.3
2025-06-12 03:19:00,72.9
2025-06-12 16:58:00,8.9
2025-06-12 14:09:00,14.3
2025-06-12 05:22:00,19.6
2025-06-12 15:56:00,51.8
2025-06-12 14:26:00,26.1
2025-06-12 10:19:00,22.9
2025-06-12 03:36:00,48.0
2025-06-12 12:20:00,3.9
2025-06-12 18:40:00,74.9
2025-06-12 15:43:00,39.4
2025-06-12 00:49:00,89.6
2025-06-12 12:32:00,95.6
2025-06-12 13:44:00,43.8
2025-06-12 18:04:00,50.024092836946274
2025-06-12 13:53:00,11.4
2025-06-12 01:41:00,15.2
2025-06-12 17:36:00,50.024092836946274
2025-06-12 08:03:00,15.7
2025-06-12 09:01:00,50.024092836946274
2025-06-12 23:55:00,65.7
2025-06-12 04:14:00,21.0
2025-06-12 03:14:00,95.8
2025-06-12 11:33:00,81.1
2025-06-12 13:10:00,68.9
2025-06-12 02:25:00,33.0
2025-06-12 22:48:00,63.1
2025-06-12 07:05:00,72.0
2025-06-12 05:34:00,36.9
2025-06-12 06:01:00,42.3
2025-06-12 13:57:00,9.1
2025-06-12 19:16:00,20.6
2025-06-12 06:19:00,92.9
2025-06-12 04:18:00,49.2
2025-06-12 13:28:00,95.5
2025-06-12 20:25:00,55.5
2025-06-12 05:07:00,35.0
2025-06-12 02:31:00,77.1
2025-06-12 14:12:00,8.3
2025-06-12 15:19:00,52.0
2025-06-12 04:18:00,42.3
2025-06-12 06:07:00,77.6
2025-06-12 11:50:00,49.54963144963145
2025-06-12 22:35:00,91.8
2025-06-12 10:05:00,80.1
2025-06-12 12:42:00,49.54963144963145
2025-06-12 21:59:00,31.2
2025-06-12 23:26:00,23.8
2025-06-12 13:15:00,81.8
2025-06-12 21:57:00,65.3
2025-06-12 21:15:00,79.8
2025-06-12 07:31:00,49.54963144963145
2025-06-12 10:59:00,79.4
2025-06-12 06:21:00,30.4
2025-06-12 00:15:00,16.2
2025-06-12 01:32:00,76.0
2025-06-12 23:34:00,46.0
2025-06-12 02:58:00,85.8
2025-06-12 07:00:00,13.4
2025-06-12 10:30:00,26.3
2025-06-12 01:55:00,78.2
2025-06-12 12:30:00,21.5
2025-06-12 05:47:00,49.54963144963145
2025-06-12 05:33:00,51.5
2025-06-12 02:56:00,45.2
2025-06-12 20:47:00,93.9
2025-06-12 22:19:00,96.5
2025-06-12 04:28:00,30.3
2025-06-12 07:32:00,81.5
2025-06-12 06:42:00,17.1
2025-06-12 23:33:00,49.54963144963145
2025-06-12 17:11:00,5.5
2025-06-12 10:45:00,41.5
2025-06-12 09:48:00,61.2
2025-06-12 19:23:00,25.5
2025-06-12 10:11:00,26.5
2025-06-12 11:14:00,69.7
2025-06-12 03:49:00,71.3
2025-06-12 11:27:00,32.8
2025-06-12 14:09:00,7.8
2025-06-12 03:13:00,41.9
2025-06-12 13:13:00,65.7
2025-06-12 17:50:00,9.5
2025-06-12 23:38:00,49.54963144963145
2025-06-12 11:07:00,61.7
2025-06-12 21:34:00,19.6
2025-06-12 01:38:00,24.7
2025-06-12 16:06:00,49.54963144963145
2025-06-12 14:25:00,17.4
2025-06-12 12:15:00,84.5
2025-06-12 21:05:00,17.3
2025-06-12 20:40:00,69.9
2025-06-12 09:41:00,66.0
2025-06-12 16:02:00,44.7
2025-06-12 08:04:00,7.9
2025-06-12 16:25:00,49.54963144963145
2025-06-12 11:59:00,84.9
2025-06-12 15:46:00,49.54963144963145
2025-06-12 01:04:00,60.4
2025-06-12 05:05:00,3.0
2025-06-12 07:24:00,43.3
2025-06-12 16:54:00,13.7
2025-06-12 12:53:00,60.7
2025-06-12 15:02:00,34.5
2025-06-12 01:23:00,27.7
2025-06-12 01:49:00,91.9
2025-06-12 05:18:00,59.6
2025-06-12 16:44:00,20.6
2025-06-12 13:46:00,49.54963144963145
2025-06-12 06:50:00,40.1
2025-06-12 10:23:00,18.3
2025-06-12 05:11:00,11.9
2025-06-12 23:26:00,39.8
2025-06-12 13:54:00,19.4
2025-06-12 07:49:00,22.2
2025-06-12 09:43:00,19.9
2025-06-12 00:15:00,81.2
2025-06-12 10:58:00,37.2
2025-06-12 12:10:00,18.3
2025-06-12 09:06:00,16.6
2025-06-12 23:55:00,84.9
2025-06-12 15:09:00,49.4
2025-06-12 11:44:00,54.0
2025-06-12 11:44:00,79.0
2025-06-12 12:34:00,35.0
2025-06-12 03:25:00,34.6
2025-06-12 14:35:00,98.6
2025-06-12 06:42:00,63.1
2025-06-12 11:01:00,83.8
2025-06-12 15:13:00,49.54963144963145
2025-06-12 16:22:00,1.4
2025-06-12 23:13:00,71.2
2025-06-12 11:08:00,53.7
2025-06-12 16:08:00,49.54963144963145
2025-06-12 03:15:00,47.3
2025-06-12 05:52:00,49.54963144963145
2025-06-12 19:18:00,22.9
2025-06-12 10:27:00,49.5
2025-06-12 11:01:00,49.3
2025-06-12 15:31:00,98.0
2025-06-12 22:03:00,26.8
2025-06-12 05:17:00,40.6
2025-06-12 10:30:00,56.1
2025-06-12 03:39:00,50.6
2025-06-12 11:02:00,74.1
2025-06-12 12:09:00,32.2
2025-06-12 00:27:00,60.5
2025-06-12 20:36:00,73.8
2025-06-12 14:33:00,96.9
2025-06-12 04:25:00,27.1
2025-06-12 19:03:00,49.54963144963145
2025-06-12 22:54:00,50.1
2025-06-12 12:58:00,49.0
2025-06-12 14:22:00,29.5
2025-06-12 02:12:00,49.54963144963145
2025-06-12 02:32:00,60.5
2025-06-12 05:00:00,16.2
2025-06-12 23:40:00,19.1
2025-06-12 05:46:00,95.4
2025-06-12 02:09:00,56.4
2025-06-12 23:35:00,66.7
2025-06-12 20:12:00,44.1
2025-06-12 06:14:00,1.3
2025-06-12 09:01:00,52.1
2025-06-12 09:16:00,50.6
2025-06-12 02:05:00,49.54963144963145
2025-06-12 06:51:00,64.0
2025-06-12 14:57:00,49.54963144963145
2025-06-12 14:30:00,72.1
2025-06-12 18:49:00,73.4
2025-06-12 05:09:00,7.6
2025-06-12 02:35:00,49.54963144963145
2025-06-12 08:46:00,95.5
2025-06-12 01:35:00,87.9
2025-06-12 16:28:00,77.9
2025-06-12 04:08:00,49.54963144963145
2025-06-12 05:40:00,15.1
2025-06-12 15:20:00,79.0
2025-06-12 07:38:00,6.6
2025-06-12 06:15:00,36.5
2025-06-12 04:11:00,67.7
2025-06-12 20:55:00,94.5
2025-06-12 15:43:00,39.9
2025-06-12 23:07:00,49.54963144963145
2025-06-12 02:21:00,82.2
2025-06-12 18:59:00,83.8
2025-06-12 13:53:00,1.7
2025-06-12 20:42:00,49.3
2025-06-12 02:37:00,93.7
2025-06-12 10:58:00,95.2
2025-06-12 13:02:00,85.6
2025-06-12 16:22:00,36.6
2025-06-12 15:23:00,39.2
2025-06-12 18:15:00,93.2
2025-06-12 01:15:00,71.5
2025-06-12 01:57:00,42.5
2025-06-12 23:44:00,49.54963144963145
2025-06-12 13:08:00,41.3
2025-06-12 00:09:00,77.6
2025-06-12 11:39:00,94.7
2025-06-12 14:32:00,49.54963144963145
2025-06-12 14:16:00,49.54963144963145
2025-06-12 17:24:00,0.0
2025-06-12 14:28:00,83.2
2025-06-12 12:38:00,49.54963144963145
2025-06-12 11:20:00,91.6
2025-06-12 18:07:00,72.8
2025-06-12 19:39:00,39.7
2025-06-12 16:34:00,70.5
2025-06-12 11:31:00,97.9
2025-06-12 11:28:00,47.1
2025-06-12 23:40:00,4.4
2025-06-12 04:09:00,70.0
2025-06-12 11:30:00,7.6
2025-06-12 22:51:00,43.8
2025-06-12 19:43:00,50.7
2025-06-12 10:14:00,59.6
2025-06-12 15:26:00,64.6
2025-06-12 01:53:00,49.54963144963145
2025-06-12 02:11:00,68.2
2025-06-12 00:18:00,2.5
2025-06-12 06:41:00,33.5
2025-06-12 06:48:00,0.5
2025-06-12 09:16:00,95.5
2025-06-12 10:04:00,65.0
2025-06-12 22:06:00,28.1
2025-06-12 14:30:00,49.54963144963145
2025-06-12 18:25:00,49.54963144963145
2025-06-12 21:09:00,16.5
2025-06-12 04:22:00,0.5
2025-06-12 13:15:00,68.5
2025-06-12 07:35:00,12.1
2025-06-12 00:11:00,47.0
2025-06-12 02:04:00,3.3
2025-06-12 09:21:00,77.3
2025-06-12 06:24:00,82.1
2025-06-12 20:41:00,32.8
2025-06-12 07:27:00,20.0
2025-06-12 14:01:00,26.6
2025-06-12 23:00:00,29.2
2025-06-12 15:33:00,5.7
2025-06-12 08:10:00,36.3
2025-06-12 22:11:00,12.9
2025-06-12 07:09:00,24.2
2025-06-12 10:04:00,31.1
2025-06-12 00:53:00,49.54963144963145
2025-06-12 13:43:00,16.7
2025-06-12 23:49:00,78.8
2025-06-12 09:32:00,76.6
2025-06-12 18:29:00,49.54963144963145
2025-06-12 11:48:00,49.54963144963145
2025-06-12 11:22:00,37.0
2025-06-12 02:45:00,90.7
2025-06-12 00:50:00,27.3
2025-06-12 05:36:00,18.2
2025-06-12 05:10:00,99.0
2025-06-12 06:39:00,33.8
2025-06-12 22:23:00,19.4
2025-06-12 00:29:00,68.8
2025-06-12 21:42:00,95.8
2025-06-12 11:00:00,44.2
2025-06-12 17:16:00,8.6
2025-06-12 13:04:00,34.6
2025-06-12 00:13:00,54.2
2025-06-12 18:18:00,75.7
2025-06-12 08:37:00,37.3
2025-06-12 01:48:00,45.9
2025-06-12 23:56:00,93.4
2025-06-12 14:48:00,71.8
2025-06-12 02:52:00,2.5
2025-06-12 06:29:00,49.54963144963145
2025-06-12 08:08:00,49.54963144963145
2025-06-12 06:32:00,99.0
2025-06-12 12:59:00,49.54963144963145
2025-06-12 16:21:00,37.8
2025-06-12 05:13:00,23.7
2025-06-12 13:52:00,49.54963144963145
2025-06-12 10:36:00,49.54963144963145
2025-06-12 14:00:00,43.9
2025-06-12 16:14:00,74.5
2025-06-12 19:39:00,49.54963144963145
2025-06-12 17:41:00,97.1
2025-06-12 16:48:00,32.5
2025-06-12 19:31:00,27.6
2025-06-12 02:02:00,24.5
2025-06-12 23:17:00,46.8
2025-06-12 03:14:00,43.1
2025-06-12 15:20:00,45.8
2025-06-12 10:43:00,52.1
2025-06-12 06:25:00,68.5
2025-06-12 11:50:00,90.5
2025-06-12 09:58:00,64.1
2025-06-12 14:09:00,65.7
2025-06-12 17:10:00,35.5
2025-06-12 20:23:00,80.2
2025-06-12 19:34:00,49.54963144963145
2025-06-12 05:17:00,81.6
2025-06-12 10:34:00,92.8
2025-06-12 00:16:00,92.0
2025-06-12 19:47:00,33.5
2025-06-12 11:16:00,87.9
2025-06-12 21:01:00,49.54963144963145
2025-06-12 22:11:00,49.54963144963145
2025-06-12 05:35:00,31.0
2025-06-12 01:23:00,11.9
2025-06-12 20:28:00,19.5
2025-06-12 21:08:00,12.3
2025-06-12 15:27:00,1.0
2025-06-12 09:31:00,51.1
2025-06-12 23:37:00,84.0
2025-06-12 14:37:00,30.7
2025-06-12 03:14:00,82.4
2025-06-12 11:12:00,92.2
2025-06-12 11:55:00,12.2
2025-06-12 06:59:00,73.9
2025-06-12 11:58:00,30.4
2025-06-12 05:13:00,30.2
2025-06-12 00:02:00,13.0
2025-06-12 03:35:00,70.4
2025-06-12 12:46:00,42.3
2025-06-12 13:22:00,12.0
2025-06-12 04:59:00,5.6
2025-06-12 18:28:00,55.4
2025-06-12 14:31:00,49.54963144963145
2025-06-12 08:14:00,10.1
2025-06-12 22:07:00,96.4
2025-06-12 08:19:00,57.0
2025-06-12 00:43:00,65.4
2025-06-12 23:50:00,70.2
2025-06-12 22:22:00,51.2
2025-06-12 01:39:00,49.54963144963145
2025-06-12 01:26:00,20.6
2025-06-12 08:30:00,89.5
2025-06-12 11:35:00,55.2
2025-06-12 21:48:00,46.9
2025-06-12 10:23:00,3.0
2025-06-12 01:39:00,82.1
2025-06-12 15:46:00,90.8
2025-06-12 10:38:00,69.7
2025-06-12 19:50:00,73.1
2025-06-12 16:35:00,29.8
2025-06-12 07:03:00,48.1
2025-06-12 04:27:00,52.0
2025-06-12 11:39:00,42.0
2025-06-12 12:49:00,24.0
2025-06-12 15:06:00,39.2
2025-06-12 04:52:00,27.1
2025-06-12 11:25:00,19.0
2025-06-12 10:00:00,83.5
2025-06-12 07:48:00,100.0
2025-06-12 06:43:00,49.54963144963145
2025-06-12 00:39:00,18.5
2025-06-12 13:22:00,29.7
2025-06-12 18:07:00,39.7
2025-06-12 23:31:00,49.7
2025-06-12 01:28:00,39.1
2025-06-12 01:15:00,10.3
2025-06-12 10:23:00,63.9
2025-06-12 15:19:00,49.54963144963145
2025-06-12 03:02:00,49.54963144963145
2025-06-12 05:08:00,6.8
2025-06-12 13:34:00,51.3
2025-06-12 03:58:00,49.54963144963145
2025-06-12 21:53:00,24.0
2025-06-12 10:29:00,51.9
2025-06-12 13:14:00,72.0
2025-06-12 04:24:00,12.9
2025-06-12 01:27:00,49.54963144963145
2025-06-12 17:08:00,49.54963144963145
2025-06-12 12:00:00,39.7
2025-06-12 11:22:00,3.4
2025-06-12 02:13:00,97.1
2025-06-12 00:41:00,49.54963144963145
2025-06-12 21:10:00,44.0
2025-06-12 12:42:00,90.0
2025-06-12 01:40:00,86.6
2025-06-12 04:32:00,54.3
2025-06-12 21:43:00,60.2
2025-06-12 14:37:00,91.0
2025-06-12 05:01:00,77.3
2025-06-12 22:05:00,59.8
2025-06-12 19:39:00,35.9
2025-06-12 23:58:00,79.2
2025-06-12 21:19:00,80.7
2025-06-12 07:17:00,50.9
2025-06-12 19:58:00,30.4
2025-06-12 04:45:00,88.0
2025-06-12 01:14:00,18.2
2025-06-12 20:42:00,10.9
2025-06-12 16:07:00,98.7
2025-06-12 16:30:00,49.54963144963145
2025-06-12 23:58:00,14.9
2025-06-12 04:06:00,51.4
2025-06-12 05:37:00,77.4
2025-06-12 05:11:00,17.5
2025-06-12 21:35:00,85.2
2025-06-12 21:33:00,92.5
2025-06-12 20:11:00,24.0
2025-06-12 05:54:00,72.9
2025-06-12 11:46:00,91.7
2025-06-12 05:06:00,29.4
2025-06-12 07:48:00,61.9
2025-06-12 19:42:00,49.560128956623686
2025-06-12 21:04:00,46.8
2025-06-12 02:15:00,36.5
2025-06-12 01:07:00,49.560128956623686
2025-06-12 07:55:00,92.3
2025-06-12 15:48:00,68.9
2025-06-12 12:22:00,22.8
2025-06-12 14:53:00,49.560128956623686
2025-06-12 21:40:00,75.3
2025-06-12 03:53:00,12.1
2025-06-12 13:05:00,49.560128956623686
2025-06-12 13:53:00,4.3
2025-06-12 21:34:00,33.6
2025-06-12 01:25:00,8.9
2025-06-12 23:32:00,20.5
2025-06-12 17:41:00,66.7
2025-06-12 20:19:00,51.3
2025-06-12 12:17:00,35.4
2025-06-12 22:11:00,21.7
2025-06-12 15:45:00,49.560128956623686
2025-06-12 04:41:00,36.8
2025-06-12 19:50:00,49.560128956623686
2025-06-12 15:53:00,49.560128956623686
2025-06-12 17:26:00,26.2
2025-06-12 16:35:00,22.5
2025-06-12 07:45:00,44.0
2025-06-12 17:04:00,23.3
2025-06-12 04:05:00,49.560128956623686
2025-06-12 22:58:00,64.9
2025-06-12 05:24:00,43.1
2025-06-12 04:58:00,17.9
2025-06-12 12:41:00,53.6
2025-06-12 21:32:00,58.4
2025-06-12 22:08:00,49.560128956623686
2025-06-12 02:39:00,16.3
2025-06-12 05:08:00,49.560128956623686
2025-06-12 16:23:00,47.7
2025-06-12 16:42:00,44.4
2025-06-12 21:38:00,9.9
2025-06-12 11:33:00,20.8
2025-06-12 11:19:00,72.9
2025-06-12 16:45:00,39.2
2025-06-12 11:05:00,12.9
2025-06-12 11:12:00,95.0
2025-06-12 07:59:00,4.7
2025-06-12 15:57:00,70.6
2025-06-12 22:00:00,13.4
2025-06-12 02:50:00,56.0
2025-06-12 18:12:00,35.3
2025-06-12 15:00:00,40.3
2025-06-12 11:20:00,0.7
2025-06-12 15:17:00,9.3
2025-06-12 15:53:00,96.1
2025-06-12 21:29:00,8.6
2025-06-12 02:00:00,8.3
2025-06-12 22:41:00,51.1
2025-06-12 12:48:00,84.9
2025-06-12 14:44:00,38.1
2025-06-12 16:44:00,26.0
2025-06-12 05:17:00,62.6
2025-06-12 02:54:00,49.560128956623686
2025-06-12 11:26:00,13.9
2025-06-12 01:09:00,6.4
2025-06-12 22:20:00,49.560128956623686
2025-06-12 01:22:00,12.2
2025-06-12 08:47:00,8.4
2025-06-12 01:32:00,10.2
2025-06-12 12:25:00,49.560128956623686
2025-06-12 04:45:00,49.560128956623686
2025-06-12 09:03:00,49.560128956623686
2025-06-12 04:05:00,36.8
2025-06-12 00:57:00,94.5
2025-06-12 17:28:00,49.560128956623686
2025-06-12 18:35:00,70.4
2025-06-12 10:54:00,63.6
2025-06-12 07:33:00,41.9
2025-06-12 17:04:00,15.6
2025-06-12 01:58:00,2.7
2025-06-12 19:55:00,2.1
2025-06-12 10:21:00,97.5
2025-06-12 14:05:00,43.1
2025-06-12 18:57:00,35.7
2025-06-12 00:38:00,68.2
2025-06-12 05:20:00,53.4
2025-06-12 14:00:00,52.4
2025-06-12 05:49:00,20.8
2025-06-12 11:36:00,76.4
2025-06-12 07:11:00,17.7
2025-06-12 08:15:00,16.0
2025-06-12 21:15:00,88.0
2025-06-12 14:08:00,35.2
2025-06-12 02:33:00,49.560128956623686
2025-06-12 15:43:00,9.0
2025-06-12 22:45:00,82.0
2025-06-12 14:43:00,25.0
2025-06-12 06:04:00,76.4
2025-06-12 17:50:00,44.1
2025-06-12 15:07:00,7.2
2025-06-12 19:09:00,23.8
2025-06-12 13:03:00,97.3
2025-06-12 02:03:00,18.0
2025-06-12 12:56:00,33.1
2025-06-12 12:52:00,62.3
2025-06-12 09:35:00,80.3
2025-06-12 07:17:00,49.560128956623686
2025-06-12 23:41:00,75.0
2025-06-12 15:06:00,42.6
2025-06-12 12:13:00,23.1
2025-06-12 20:40:00,41.2
2025-06-12 01:30:00,11.7
2025-06-12 07:11:00,47.2
2025-06-12 15:34:00,87.9
2025-06-12 23:33:00,34.3
2025-06-12 22:45:00,85.6
2025-06-12 23:32:00,49.560128956623686
2025-06-12 05:36:00,77.6
2025-06-12 07:24:00,99.0
2025-06-12 17:32:00,3.8
2025-06-12 14:58:00,49.560128956623686
2025-06-12 16:06:00,29.3
2025-06-12 02:09:00,62.4
2025-06-12 07:25:00,40.4
2025-06-12 04:14:00,26.2
2025-06-12 13:01:00,39.6
2025-06-12 11:13:00,49.560128956623686
2025-06-12 12:32:00,35.2
2025-06-12 04:12:00,34.7
2025-06-12 14:41:00,49.560128956623686
2025-06-12 21:25:00,4.9
2025-06-12 20:49:00,53.6
2025-06-12 21:50:00,61.7
2025-06-12 22:42:00,94.5
2025-06-12 00:40:00,50.8
2025-06-12 17:41:00,49.560128956623686
2025-06-12 00:51:00,49.560128956623686
2025-06-12 23:41:00,40.9
2025-06-12 18:29:00,42.7
2025-06-12 01:50:00,1.8
2025-06-12 07:30:00,47.3
2025-06-12 21:02:00,29.7
2025-06-12 02:18:00,65.6
2025-06-12 09:44:00,49.560128956623686
2025-06-12 09:52:00,43.4
2025-06-12 06:57:00,14.6
2025-06-12 19:54:00,61.2
2025-06-12 06:06:00,49.560128956623686
2025-06-12 22:24:00,1.4
2025-06-12 11:02:00,54.0
2025-06-12 19:53:00,85.9
2025-06-12 15:27:00,64.7
2025-06-12 05:59:00,54.6
2025-06-12 21:34:00,49.560128956623686
2025-06-12 15:03:00,86.7
2025-06-12 21:46:00,84.8
2025-06-12 04:59:00,86.3
2025-06-12 07:04:00,78.1
2025-06-12 14:22:00,44.0
2025-06-12 14:45:00,2.4
2025-06-12 02:13:00,87.0
2025-06-12 12:18:00,20.1
2025-06-12 03:31:00,33.1
2025-06-12 05:40:00,67.1
2025-06-12 21:25:00,4.2
2025-06-12 22:24:00,79.0
2025-06-12 03:59:00,17.5
2025-06-12 12:58:00,77.6
2025-06-12 19:09:00,4.4
2025-06-12 23:40:00,94.3
2025-06-12 06:20:00,37.4
2025-06-12 20:16:00,9.6
2025-06-12 03:29:00,7.9
2025-06-12 15:50:00,36.3
2025-06-12 16:48:00,59.1
2025-06-12 21:18:00,8.0
2025-06-12 08:05:00,66.2
2025-06-12 03:54:00,3.2
2025-06-12 12:44:00,49.560128956623686
2025-06-12 08:09:00,49.560128956623686
2025-06-12 20:42:00,86.9
2025-06-12 03:28:00,34.0
2025-06-12 08:42:00,60.4
2025-06-12 05:49:00,67.7
2025-06-12 22:30:00,79.4
2025-06-12 13:49:00,65.9
2025-06-12 23:50:00,40.0
2025-06-12 00:28:00,53.8
2025-06-12 14:34:00,65.4
2025-06-12 11:43:00,22.4
2025-06-12 12:24:00,49.560128956623686
2025-06-12 17:33:00,96.7
2025-06-12 20:32:00,60.0
2025-06-12 13:43:00,31.7
2025-06-12 05:16:00,49.560128956623686
2025-06-12 00:24:00,49.560128956623686
2025-06-12 06:38:00,49.0
2025-06-12 08:09:00,91.7
2025-06-12 05:58:00,22.9
2025-06-12 17:49:00,24.0
2025-06-12 19:42:00,26.3
2025-06-12 21:47:00,32.2
2025-06-12 07:25:00,72.8
2025-06-12 12:53:00,30.5
2025-06-12 14:04:00,49.560128956623686
2025-06-12 00:31:00,46.5
2025-06-12 20:51:00,67.4
2025-06-12 00:41:00,81.8
2025-06-12 17:58:00,97.1
2025-06-12 14:42:00,9.7
2025-06-12 10:42:00,73.8
2025-06-12 16:07:00,32.6
2025-06-12 22:14:00,40.6
2025-06-12 19:44:00,14.8
2025-06-12 13:02:00,80.2
2025-06-12 01:19:00,11.2
2025-06-12 07:12:00,44.6
2025-06-12 00:00:00,3.0
2025-06-12 19:28:00,92.2
2025-06-12 02:01:00,9.5
2025-06-12 09:46:00,17.3
2025-06-12 00:20:00,49.560128956623686
2025-06-12 08:30:00,39.2
2025-06-12 09:15:00,66.8
2025-06-12 09:21:00,21.7
2025-06-12 21:24:00,49.560128956623686
2025-06-12 21:49:00,84.0
2025-06-12 17:24:00,34.4
2025-06-12 09:38:00,46.5
2025-06-12 21:30:00,24.0
2025-06-12 19:57:00,42.7
2025-06-12 20:51:00,49.560128956623686
2025-06-12 03:54:00,2.5
2025-06-12 10:50:00,49.560128956623686
2025-06-12 14:51:00,85.5
2025-06-12 13:08:00,31.9
2025-06-12 08:13:00,99.5
2025-06-12 15:52:00,85.5
2025-06-12 17:08:00,77.9
2025-06-12 09:13:00,22.7
2025-06-12 20:17:00,0.1
2025-06-12 13:17:00,80.7
2025-06-12 13:10:00,35.3
2025-06-12 23:30:00,9.0
2025-06-12 14:21:00,6.1
2025-06-12 06:41:00,4.3
2025-06-12 14:56:00,28.6
2025-06-12 01:03:00,96.9
2025-06-12 21:15:00,25.6
2025-06-12 21:29:00,49.560128956623686
2025-06-12 10:51:00,25.3
2025-06-12 16:25:00,69.4
2025-06-12 15:10:00,95.1
2025-06-12 22:10:00,49.2
2025-06-12 13:44:00,87.9
2025-06-12 10:26:00,58.1
2025-06-12 11:24:00,24.2
2025-06-12 11:55:00,93.3
2025-06-12 10:13:00,1.7
2025-06-12 00:36:00,2.9
2025-06-12 20:28:00,92.2
2025-06-12 17:41:00,19.9
2025-06-12 17:09:00,49.560128956623686
2025-06-12 08:26:00,24.1
2025-06-12 23:54:00,19.3
2025-06-12 23:11:00,22.1
2025-06-12 13:27:00,49.560128956623686
2025-06-12 15:01:00,50.2
2025-06-12 09:10:00,82.0
2025-06-12 03:21:00,44.0
2025-06-12 14:34:00,45.0
2025-06-12 05:43:00,18.3
2025-06-12 20:53:00,25.0
2025-06-12 01:43:00,64.1
2025-06-12 19:31:00,12.6
2025-06-12 21:38:00,49.560128956623686
2025-06-12 18:01:00,66.6
2025-06-12 00:53:00,53.3
2025-06-12 23:36:00,98.5
2025-06-12 13:41:00,40.2
2025-06-12 00:12:00,91.3
2025-06-12 15:29:00,76.7
2025-06-12 16:58:00,63.7
2025-06-12 08:22:00,49.560128956623686
2025-06-12 04:18:00,60.1
2025-06-12 09:05:00,49.9
2025-06-12 22:25:00,83.0
2025-06-12 20:39:00,35.7
2025-06-12 11:58:00,49.560128956623686
2025-06-12 23:43:00,46.2
2025-06-12 05:00:00,12.2
2025-06-12 22:35:00,23.0
2025-06-12 18:13:00,90.0
2025-06-12 04:22:00,31.9
2025-06-12 04:34:00,4.2
2025-06-12 05:46:00,58.9
2025-06-12 18:34:00,91.3
2025-06-12 03:20:00,59.3
2025-06-12 01:47:00,44.0
2025-06-12 03:42:00,56.9
2025-06-12 01:46:00,49.560128956623686
2025-06-12 21:31:00,36.9
2025-06-12 01:28:00,49.560128956623686
2025-06-12 04:37:00,20.8
2025-06-12 00:34:00,64.8
2025-06-12 16:55:00,88.8
2025-06-12 17:24:00,64.7
2025-06-12 13:46:00,4.8
2025-06-12 22:31:00,94.0
2025-06-12 07:14:00,29.2
2025-06-12 07:43:00,4.5
2025-06-12 02:26:00,14.8
2025-06-12 06:03:00,67.6
2025-06-12 11:07:00,75.3
2025-06-12 22:13:00,19.7
2025-06-12 08:17:00,83.3
2025-06-12 00:23:00,72.7
2025-06-12 02:53:00,41.7
2025-06-12 07:28:00,80.3
2025-06-12 06:28:00,7.4
2025-06-12 16:50:00,3.8
2025-06-12 02:58:00,50.10277843742579
2025-06-12 06:03:00,20.7
2025-06-12 13:07:00,8.4
2025-06-12 14:23:00,90.4
2025-06-12 23:50:00,51.4
2025-06-12 08:19:00,80.3
2025-06-12 09:34:00,30.5
2025-06-12 19:34:00,83.5
2025-06-12 23:00:00,50.10277843742579
2025-06-12 06:55:00,81.2
2025-06-12 06:31:00,74.7
2025-06-12 19:30:00,39.0
2025-06-12 15:44:00,48.7
2025-06-12 18:44:00,72.0
2025-06-12 04:51:00,41.8
2025-06-12 11:06:00,42.1
2025-06-12 00:37:00,14.1
2025-06-12 00:30:00,96.8
2025-06-12 04:42:00,79.8
2025-06-12 00:52:00,23.0
2025-06-12 16:30:00,24.0
2025-06-12 10:49:00,93.1
2025-06-12 08:49:00,55.1
2025-06-12 02:50:00,20.2
2025-06-12 18:32:00,50.10277843742579
2025-06-12 23:59:00,98.7
2025-06-12 11:02:00,68.2
2025-06-12 09:12:00,80.9
2025-06-12 05:40:00,63.6
2025-06-12 17:43:00,50.10277843742579
2025-06-12 10:35:00,7.9
2025-06-12 02:14:00,29.5
2025-06-12 10:20:00,22.7
2025-06-12 21:42:00,48.4
2025-06-12 00:47:00,71.3
2025-06-12 09:00:00,73.2
2025-06-12 14:08:00,34.5
2025-06-12 06:12:00,96.6
2025-06-12 22:18:00,94.8
2025-06-12 06:52:00,4.0
2025-06-12 06:43:00,50.10277843742579
2025-06-12 15:57:00,97.4
2025-06-12 19:35:00,83.8
2025-06-12 04:46:00,50.10277843742579
2025-06-12 23:34:00,86.4
2025-06-12 23:33:00,49.3
2025-06-12 11:18:00,59.2
2025-06-12 03:44:00,10.8
2025-06-12 03:53:00,5.2
2025-06-12 14:22:00,24.1
2025-06-12 17:22:00,79.0
2025-06-12 08:54:00,29.6
2025-06-12 15:04:00,18.7
2025-06-12 17:28:00,83.4
2025-06-12 10:11:00,2.2
2025-06-12 11:39:00,50.10277843742579
2025-06-12 18:09:00,33.4
2025-06-12 07:19:00,39.9
2025-06-12 04:06:00,33.1
2025-06-12 15:14:00,43.1
2025-06-12 01:30:00,16.1
2025-06-12 18:37:00,40.1
2025-06-12 16:11:00,50.10277843742579
2025-06-12 22:55:00,98.5
2025-06-12 05:03:00,84.5
2025-06-12 12:23:00,87.0
2025-06-12 20:07:00,16.1
2025-06-12 15:00:00,82.8
2025-06-12 04:54:00,50.10277843742579
2025-06-12 14:14:00,99.6
2025-06-12 04:46:00,26.4
2025-06-12 06:12:00,32.6
2025-06-12 03:22:00,46.1
2025-06-12 23:05:00,90.0
2025-06-12 19:08:00,56.7
2025-06-12 17:54:00,50.10277843742579
2025-06-12 22:16:00,50.10277843742579
2025-06-12 04:18:00,50.10277843742579
2025-06-12 15:27:00,50.10277843742579
2025-06-12 10:07:00,20.1
2025-06-12 06:03:00,66.3
2025-06-12 16:05:00,32.0
2025-06-12 18:39:00,8.6
2025-06-12 07:03:00,23.2
2025-06-12 03:49:00,15.4
2025-06-12 16:38:00,81.3
2025-06-12 12:49:00,36.2
2025-06-12 13:37:00,66.0
2025-06-12 14:51:00,18.6
2025-06-12 05:09:00,50.10277843742579
2025-06-12 04:36:00,50.10277843742579
2025-06-12 14:57:00,35.4
2025-06-12 19:38:00,50.10277843742579
2025-06-12 16:52:00,96.2
2025-06-12 08:52:00,80.8
2025-06-12 01:57:00,15.7
2025-06-12 12:06:00,78.5
2025-06-12 10:45:00,61.1
2025-06-12 09:18:00,36.9
2025-06-12 20:07:00,50.10277843742579
2025-06-12 02:47:00,65.1
2025-06-12 02:04:00,15.9
2025-06-12 01:24:00,34.7
2025-06-12 10:41:00,95.4
2025-06-12 04:41:00,7.6
2025-06-12 13:17:00,27.2
2025-06-12 03:55:00,50.10277843742579
2025-06-12 14:29:00,53.2
2025-06-12 05:16:00,42.5
2025-06-12 21:16:00,75.7
2025-06-12 09:49:00,83.4
2025-06-12 05:58:00,69.6
2025-06-12 10:22:00,42.8
2025-06-12 05:04:00,10.6
2025-06-12 14:59:00,86.2
2025-06-12 09:33:00,51.5
2025-06-12 22:59:00,39.7
2025-06-12 01:08:00,0.8
2025-06-12 07:48:00,4.5
2025-06-12 00:18:00,26.7
2025-06-12 22:31:00,31.3
2025-06-12 17:02:00,74.9
2025-06-12 07:06:00,45.5
2025-06-12 23:34:00,50.10277843742579
2025-06-12 00:16:00,50.10277843742579
2025-06-12 22:12:00,50.10277843742579
2025-06-12 18:55:00,50.10277843742579
2025-06-12 07:25:00,43.4
2025-06-12 14:07:00,84.5
2025-06-12 18:44:00,90.2
2025-06-12 02:09:00,97.9
2025-06-12 03:26:00,4.0
2025-06-12 10:37:00,86.7
2025-06-12 11:47:00,89.0
2025-06-12 21:50:00,95.5
2025-06-12 20:46:00,89.4
2025-06-12 11:12:00,4.8
2025-06-12 13:25:00,88.6
2025-06-12 14:21:00,50.10277843742579
2025-06-12 18:17:00,68.2
2025-06-12 02:36:00,50.10277843742579
2025-06-12 17:23:00,7.0
2025-06-12 16:09:00,71.0
2025-06-12 16:27:00,28.1
2025-06-12 12:07:00,15.9
2025-06-12 20:21:00,43.0
2025-06-12 19:58:00,64.5
2025-06-12 04:10:00,15.1
2025-06-12 01:09:00,45.2
2025-06-12 14:56:00,50.10277843742579
2025-06-12 18:46:00,50.10277843742579
2025-06-12 03:27:00,99.5
2025-06-12 05:48:00,12.9
2025-06-12 09:41:00,65.9
2025-06-12 11:12:00,3.5
2025-06-12 22:14:00,50.10277843742579
2025-06-12 07:31:00,49.5
2025-06-12 06:49:00,58.4
2025-06-12 04:36:00,55.2
2025-06-12 07:37:00,97.7
2025-06-12 06:59:00,70.7
2025-06-12 16:53:00,50.10277843742579
2025-06-12 04:59:00,13.9
2025-06-12 13:36:00,86.0
2025-06-12 21:27:00,50.10277843742579
2025-06-12 15:08:00,27.3
2025-06-12 05:54:00,50.10277843742579
2025-06-12 15:04:00,59.0
2025-06-12 05:58:00,27.8
2025-06-12 09:00:00,24.8
2025-06-12 08:07:00,26.4
2025-06-12 09:10:00,35.4
2025-06-12 00:01:00,50.10277843742579
2025-06-12 19:35:00,24.7
2025-06-12 21:20:00,10.6
2025-06-12 00:30:00,50.9
2025-06-12 20:56:00,43.3
2025-06-12 13:58:00,18.9
2025-06-12 16:01:00,50.10277843742579
2025-06-12 12:01:00,88.2
2025-06-12 09:15:00,75.7
2025-06-12 03:35:00,50.10277843742579
2025-06-12 03:33:00,97.5
2025-06-12 10:43:00,10.9
2025-06-12 13:33:00,49.7
2025-06-12 23:01:00,16.7
2025-06-12 12:15:00,13.4
2025-06-12 04:35:00,30.0
2025-06-12 07:11:00,35.4
2025-06-12 21:10:00,10.5
2025-06-12 19:00:00,60.4
2025-06-12 22:18:00,50.10277843742579
2025-06-12 14:26:00,50.10277843742579
2025-06-12 14:42:00,50.10277843742579
2025-06-12 12:37:00,48.3
2025-06-12 15:30:00,19.3
2025-06-12 12:36:00,26.7
2025-06-12 20:22:00,48.6
2025-06-12 00:28:00,7.2
2025-06-12 01:12:00,25.8
2025-06-12 12:22:00,43.2
2025-06-12 05:21:00,42.3
2025-06-12 09:09:00,50.10277843742579
2025-06-12 01:16:00,43.3
2025-06-12 22:50:00,19.4
2025-06-12 17:35:00,14.0
2025-06-12 16:44:00,6.6
2025-06-12 19:40:00,24.4
2025-06-12 06:11:00,68.7
2025-06-12 21:34:00,55.9
2025-06-12 22:45:00,50.10277843742579
2025-06-12 21:37:00,4.4
2025-06-12 23:25:00,85.6
2025-06-12 19:18:00,46.1
2025-06-12 15:56:00,15.9
2025-06-12 10:38:00,50.10277843742579
2025-06-12 07:48:00,85.9
2025-06-12 05:32:00,7.3
2025-06-12 07:54:00,39.8
2025-06-12 06:30:00,50.10277843742579
2025-06-12 06:31:00,53.6
2025-06-12 19:32:00,54.9
2025-06-12 11:53:00,36.8
2025-06-12 11:45:00,57.1
2025-06-12 15:53:00,2.6
2025-06-12 14:01:00,84.9
2025-06-12 19:49:00,85.3
2025-06-12 14:39:00,63.3
2025-06-12 14:39:00,39.2
2025-06-12 01:54:00,39.0
2025-06-12 10:48:00,65.3
2025-06-12 17:30:00,30.3
2025-06-12 13:03:00,50.10277843742579
2025-06-12 23:32:00,88.3
2025-06-12 06:48:00,11.1
2025-06-12 19:04:00,40.1
2025-06-12 23:07:00,46.2
2025-06-12 06:20:00,89.6
2025-06-12 13:39:00,93.2
2025-06-12 08:17:00,56.0
2025-06-12 23:49:00,98.0
2025-06-12 19:20:00,17.1
2025-06-12 21:50:00,65.2
2025-06-12 22:53:00,4.2
2025-06-12 01:51:00,50.10277843742579
2025-06-12 15:02:00,41.5
2025-06-12 22:57:00,40.0
2025-06-12 23:55:00,31.4
2025-06-12 20:01:00,53.2
2025-06-12 09:00:00,51.4
2025-06-12 17:01:00,7.2
2025-06-12 12:24:00,22.2
2025-06-12 12:01:00,7.4
2025-06-12 03:37:00,46.9
2025-06-12 20:48:00,53.0
2025-06-12 21:53:00,66.6
2025-06-12 00:23:00,82.3
2025-06-12 03:44:00,18.7
2025-06-12 17:31:00,84.3
2025-06-12 01:19:00,32.0
2025-06-12 03:39:00,50.10277843742579
2025-06-12 11:40:00,50.10277843742579
2025-06-12 14:14:00,58.7
2025-06-12 09:30:00,1.4
2025-06-12 15:35:00,15.2
2025-06-12 17:48:00,9.0
2025-06-12 08:54:00,16.4
2025-06-12 03:14:00,28.5
2025-06-12 10:36:00,50.10277843742579
2025-06-12 16:29:00,19.9
2025-06-12 13:30:00,13.9
2025-06-12 13:18:00,95.9
2025-06-12 11:46:00,24.5
2025-06-12 11:00:00,73.6
2025-06-12 03:03:00,87.5
2025-06-12 03:30:00,65.3
2025-06-12 00:11:00,24.3
2025-06-12 17:15:00,89.1
2025-06-12 13:16:00,12.4
2025-06-12 01:40:00,5.2
2025-06-12 17:10:00,50.10277843742579
2025-06-12 11:07:00,90.4
2025-06-12 05:27:00,50.10277843742579
2025-06-12 19:26:00,0.4
2025-06-12 13:31:00,50.10277843742579
2025-06-12 01:41:00,50.2
2025-06-12 20:40:00,75.6
2025-06-12 16:20:00,37.3
2025-06-12 00:47:00,95.0
2025-06-12 19:57:00,21.3
2025-06-12 21:37:00,65.2
2025-06-12 13:25:00,86.4
2025-06-12 05:35:00,50.10277843742579
2025-06-12 11:23:00,4.0
2025-06-12 21:22:00,59.5
2025-06-12 03:36:00,47.6
2025-06-12 07:22:00,14.7
2025-06-12 00:27:00,97.4
2025-06-12 19:30:00,96.2
2025-06-12 02:18:00,99.3
2025-06-12 00:22:00,30.8
2025-06-12 01:20:00,44.1
2025-06-12 23:08:00,61.3
2025-06-12 04:57:00,4.1
2025-06-12 18:15:00,15.9
2025-06-12 10:16:00,28.2
2025-06-12 22:20:00,37.3
2025-06-12 21:30:00,28.4
2025-06-12 11:56:00,32.1
2025-06-12 06:48:00,50.10277843742579
2025-06-12 15:31:00,64.6
2025-06-12 21:42:00,33.3
2025-06-12 01:16:00,96.3
2025-06-12 13:35:00,59.0
2025-06-12 00:26:00,29.7
2025-06-12 09:17:00,50.10277843742579
2025-06-12 00:51:00,96.8
2025-06-12 21:12:00,20.3
2025-06-12 03:25:00,57.0
2025-06-12 20:48:00,72.5
2025-06-12 00:00:00,18.7
2025-06-12 11:58:00,66.6
2025-06-12 03:07:00,17.4
2025-06-12 05:15:00,25.8
2025-06-12 22:21:00,75.1
2025-06-12 01:31:00,72.6
2025-06-12 13:52:00,62.7
2025-06-12 07:19:00,58.9
2025-06-12 09:08:00,19.8
2025-06-12 00:30:00,6.6
2025-06-12 18:42:00,35.1
2025-06-12 16:24:00,84.0
2025-06-12 08:39:00,18.1
2025-06-12 18:53:00,39.6
2025-06-12 21:00:00,39.6
2025-06-12 10:07:00,54.0
2025-06-12 07:10:00,19.1
2025-06-12 22:25:00,74.6
2025-06-12 13:59:00,53.6
2025-06-12 04:01:00,77.8
2025-06-12 09:10:00,49.2
2025-06-12 13:44:00,49.85036359371334
2025-06-12 14:32:00,13.6
2025-06-12 18:24:00,54.0
2025-06-12 06:30:00,30.8
2025-06-12 00:39:00,11.7
2025-06-12 13:19:00,14.4
2025-06-12 13:30:00,49.85036359371334
2025-06-12 00:42:00,37.5
2025-06-12 06:44:00,24.6
2025-06-12 02:27:00,83.2
2025-06-12 10:07:00,93.3
2025-06-12 12:00:00,96.9
2025-06-12 23:14:00,68.1
2025-06-12 18:53:00,28.8
2025-06-12 18:17:00,69.5
2025-06-12 06:36:00,49.85036359371334
2025-06-12 03:59:00,37.9
2025-06-12 05:00:00,75.8
2025-06-12 03:20:00,84.5
2025-06-12 23:23:00,21.0
2025-06-12 03:58:00,94.0
2025-06-12 03:57:00,41.9
2025-06-12 03:21:00,35.2
2025-06-12 16:10:00,49.85036359371334
2025-06-12 07:48:00,85.1
2025-06-12 17:57:00,57.2
2025-06-12 20:44:00,40.3
2025-06-12 06:58:00,49.85036359371334
2025-06-12 21:56:00,49.85036359371334
2025-06-12 12:52:00,12.7
2025-06-12 00:57:00,4.2
2025-06-12 12:55:00,49.85036359371334
2025-06-12 16:09:00,49.1
2025-06-12 07:32:00,60.8
2025-06-12 08:40:00,96.3
2025-06-12 23:20:00,80.7
2025-06-12 19:46:00,57.7
2025-06-12 03:59:00,39.0
2025-06-12 02:46:00,61.3
2025-06-12 22:19:00,37.5
2025-06-12 00:01:00,77.7
2025-06-12 06:31:00,39.4
2025-06-12 02:44:00,28.3
2025-06-12 03:47:00,96.8
2025-06-12 06:53:00,0.2
2025-06-12 21:18:00,14.6
2025-06-12 22:32:00,77.1
2025-06-12 09:35:00,98.9
2025-06-12 10:29:00,62.6
2025-06-12 18:55:00,22.0
2025-06-12 20:21:00,78.3
2025-06-12 05:35:00,70.6
2025-06-12 01:08:00,49.85036359371334
2025-06-12 07:44:00,49.85036359371334
2025-06-12 20:23:00,68.1
2025-06-12 10:21:00,67.2
2025-06-12 11:10:00,49.85036359371334
2025-06-12 19:33:00,63.9
2025-06-12 20:45:00,38.2
2025-06-12 09:54:00,10.2
2025-06-12 02:35:00,95.9
2025-06-12 03:21:00,3.6
2025-06-12 01:57:00,33.2
2025-06-12 16:18:00,49.85036359371334
2025-06-12 08:29:00,3.8
2025-06-12 07:06:00,36.2
2025-06-12 01:23:00,12.7
2025-06-12 18:43:00,84.3
2025-06-12 23:03:00,49.85036359371334
2025-06-12 21:54:00,2.0
2025-06-12 06:52:00,46.6
2025-06-12 17:20:00,49.85036359371334
2025-06-12 13:20:00,2.6
2025-06-12 04:45:00,49.85036359371334
2025-06-12 20:53:00,49.85036359371334
2025-06-12 10:49:00,18.2
2025-06-12 04:13:00,6.9
2025-06-12 22:03:00,93.5
2025-06-12 05:31:00,59.7
2025-06-12 22:38:00,51.5
2025-06-12 04:51:00,57.4
2025-06-12 16:03:00,49.85036359371334
2025-06-12 23:57:00,94.4
2025-06-12 03:14:00,50.0
2025-06-12 06:19:00,22.2
2025-06-12 15:14:00,84.8
2025-06-12 14:19:00,49.85036359371334
2025-06-12 22:25:00,91.0
2025-06-12 18:42:00,40.9
2025-06-12 09:26:00,21.1
2025-06-12 12:11:00,49.85036359371334
2025-06-12 01:19:00,33.0
2025-06-12 17:57:00,11.5
2025-06-12 16:27:00,29.9
2025-06-12 10:37:00,55.6
2025-06-12 00:03:00,79.1
2025-06-12 13:08:00,13.7
2025-06-12 22:15:00,49.85036359371334
2025-06-12 17:43:00,42.4
2025-06-12 08:36:00,49.85036359371334
2025-06-12 23:12:00,49.85036359371334
2025-06-12 20:15:00,49.85036359371334
2025-06-12 08:12:00,78.7
2025-06-12 13:24:00,90.8
2025-06-12 07:05:00,66.7
2025-06-12 06:52:00,40.0
2025-06-12 19:40:00,49.85036359371334
2025-06-12 03:40:00,74.4
2025-06-12 21:57:00,42.0
2025-06-12 15:57:00,38.3
2025-06-12 06:56:00,90.8
2025-06-12 00:14:00,46.5
2025-06-12 12:21:00,48.6
2025-06-12 11:25:00,56.5
2025-06-12 19:14:00,59.4
2025-06-12 15:54:00,6.4
2025-06-12 21:07:00,14.2
2025-06-12 04:49:00,84.2
2025-06-12 09:01:00,97.4
2025-06-12 20:38:00,79.9
2025-06-12 17:37:00,86.8
2025-06-12 07:35:00,22.5
2025-06-12 13:40:00,14.7
2025-06-12 17:08:00,41.5
2025-06-12 21:10:00,55.4
2025-06-12 01:13:00,88.4
2025-06-12 14:08:00,43.6
2025-06-12 15:07:00,52.1
2025-06-12 23:15:00,49.85036359371334
2025-06-12 09:08:00,5.3
2025-06-12 15:49:00,13.1
2025-06-12 06:14:00,14.6
2025-06-12 17:53:00,36.8
2025-06-12 02:20:00,49.85036359371334
2025-06-12 21:15:00,53.1
2025-06-12 02:50:00,14.0
2025-06-12 04:55:00,68.8
2025-06-12 07:53:00,87.0
2025-06-12 07:10:00,32.7
2025-06-12 06:26:00,21.5
2025-06-12 10:28:00,49.85036359371334
2025-06-12 19:12:00,99.7
2025-06-12 15:23:00,24.5
2025-06-12 14:44:00,29.0
2025-06-12 10:41:00,71.7
2025-06-12 13:50:00,74.9
2025-06-12 02:47:00,89.0
2025-06-12 01:21:00,10.1
2025-06-12 21:23:00,14.1
2025-06-12 07:37:00,22.5
2025-06-12 07:53:00,66.1
2025-06-12 13:45:00,86.5
2025-06-12 04:48:00,54.4
2025-06-12 08:09:00,16.2
2025-06-12 19:15:00,68.4
2025-06-12 00:42:00,3.9
2025-06-12 18:34:00,26.9
2025-06-12 02:18:00,29.0
2025-06-12 07:17:00,91.7
2025-06-12 12:20:00,39.9
2025-06-12 11:52:00,35.9
2025-06-12 18:01:00,6.8
2025-06-12 17:12:00,24.3
2025-06-12 01:17:00,99.2
2025-06-12 00:07:00,59.7
2025-06-12 19:40:00,49.85036359371334
2025-06-12 13:30:00,13.5
2025-06-12 19:25:00,42.3
2025-06-12 00:54:00,61.5
2025-06-12 08:14:00,29.2
2025-06-12 20:23:00,41.8
2025-06-12 23:43:00,49.85036359371334
2025-06-12 00:34:00,1.2
2025-06-12 14:16:00,68.8
2025-06-12 10:14:00,21.8
2025-06-12 04:04:00,94.4
2025-06-12 02:21:00,9.5
2025-06-12 06:17:00,26.6
2025-06-12 16:33:00,49.85036359371334
2025-06-12 14:29:00,37.2
2025-06-12 10:37:00,31.3
2025-06-12 20:36:00,52.6
2025-06-12 09:37:00,25.1
2025-06-12 10:21:00,17.5
2025-06-12 09:55:00,42.8
2025-06-12 17:14:00,12.1
2025-06-12 14:15:00,2.9
2025-06-12 14:17:00,49.85036359371334
2025-06-12 09:37:00,49.5
2025-06-12 23:28:00,24.3
2025-06-12 23:38:00,29.2
2025-06-12 04:52:00,10.8
2025-06-12 13:41:00,91.2
2025-06-12 20:28:00,13.6
2025-06-12 10:42:00,33.4
2025-06-12 08:04:00,65.5
2025-06-12 20:05:00,83.4
2025-06-12 15:23:00,37.2
2025-06-12 16:26:00,52.6
2025-06-12 19:23:00,49.85036359371334
2025-06-12 08:39:00,19.4
2025-06-12 09:00:00,13.6
2025-06-12 00:40:00,86.8
2025-06-12 16:15:00,18.2
2025-06-12 18:03:00,67.2
2025-06-12 01:10:00,79.1
2025-06-12 21:50:00,47.3
2025-06-12 07:16:00,9.2
2025-06-12 09:33:00,8.2
2025-06-12 12:40:00,1.8
2025-06-12 23:08:00,88.1
2025-06-12 06:19:00,87.0
2025-06-12 14:02:00,85.1
2025-06-12 08:15:00,60.8
2025-06-12 14:35:00,49.8
2025-06-12 18:20:00,49.85036359371334
2025-06-12 01:05:00,49.85036359371334
2025-06-12 16:25:00,53.0
2025-06-12 18:02:00,18.9
2025-06-12 12:47:00,10.2
2025-06-12 12:25:00,49.85036359371334
2025-06-12 14:09:00,51.5
2025-06-12 20:27:00,49.85036359371334
2025-06-12 08:57:00,64.6
2025-06-12 09:09:00,57.0
2025-06-12 06:09:00,83.9
2025-06-12 14:02:00,2.7
2025-06-12 12:36:00,71.1
2025-06-12 10:20:00,13.6
2025-06-12 22:42:00,96.8
2025-06-12 05:41:00,49.85036359371334
2025-06-12 04:04:00,80.9
2025-06-12 04:57:00,79.0
2025-06-12 21:32:00,49.85036359371334
2025-06-12 08:36:00,49.6
2025-06-12 22:18:00,76.2
2025-06-12 05:48:00,73.1
2025-06-12 08:09:00,49.85036359371334
2025-06-12 05:58:00,66.2
2025-06-12 01:23:00,28.9
2025-06-12 16:22:00,36.4
2025-06-12 15:59:00,79.1
2025-06-12 00:43:00,97.5
2025-06-12 21:39:00,33.5
2025-06-12 18:42:00,49.85036359371334
2025-06-12 13:48:00,93.4
2025-06-12 20:09:00,79.6
2025-06-12 03:55:00,75.4
2025-06-12 02:53:00,60.9
2025-06-12 23:25:00,51.2
2025-06-12 17:31:00,45.4
2025-06-12 00:33:00,35.0
2025-06-12 02:23:00,64.0
2025-06-12 00:21:00,56.4
2025-06-12 15:44:00,39.5
2025-06-12 04:12:00,28.1
2025-06-12 22:44:00,16.8
2025-06-12 07:45:00,17.9
2025-06-12 22:14:00,46.4
2025-06-12 18:58:00,33.0
2025-06-12 22:08:00,8.4
2025-06-12 15:45:00,94.0
2025-06-12 08:42:00,49.85036359371334
2025-06-12 21:01:00,97.4
2025-06-12 23:06:00,98.9
2025-06-12 20:09:00,64.2
2025-06-12 15:27:00,14.7
2025-06-12 08:19:00,41.0
2025-06-12 17:32:00,30.8
2025-06-12 10:26:00,57.4
2025-06-12 15:32:00,45.6
2025-06-12 11:26:00,68.5
2025-06-12 14:35:00,88.3
2025-06-12 04:19:00,49.85036359371334
2025-06-12 01:02:00,49.85036359371334
2025-06-12 12:44:00,94.2
2025-06-12 23:49:00,15.5
2025-06-12 19:15:00,25.8
2025-06-12 04:45:00,75.8
2025-06-12 02:56:00,49.85036359371334
2025-06-12 20:50:00,26.3
2025-06-12 09:53:00,3.2
2025-06-12 00:54:00,63.2
2025-06-12 19:28:00,9.6
2025-06-12 15:26:00,58.4
2025-06-12 00:30:00,39.5
2025-06-12 19:23:00,76.6
2025-06-12 10:13:00,25.9
2025-06-12 00:31:00,44.8
2025-06-12 15:37:00,51.2
2025-06-12 13:10:00,16.4
2025-06-12 07:05:00,0.5
2025-06-12 14:12:00,62.3
2025-06-12 03:18:00,18.6
2025-06-12 10:23:00,6.5
2025-06-12 03:51:00,49.85036359371334
2025-06-12 21:14:00,92.4
2025-06-12 12:20:00,70.2
2025-06-12 09:14:00,55.6
2025-06-12 06:14:00,34.4
2025-06-12 03:07:00,86.8
2025-06-12 08:23:00,72.8
2025-06-12 15:17:00,35.5
2025-06-12 05:33:00,31.6
2025-06-12 16:06:00,1.9
2025-06-12 23:59:00,78.7
2025-06-12 10:16:00,63.6
2025-06-12 00:25:00,28.5
2025-06-12 15:31:00,0.9
2025-06-12 08:12:00,65.3
2025-06-12 05:10:00,11.3
2025-06-12 03:12:00,26.1
2025-06-12 06:58:00,45.7
2025-06-12 06:03:00,68.6
2025-06-12 01:31:00,21.1
2025-06-12 20:50:00,42.2
2025-06-12 15:17:00,65.0
2025-06-12 13:18:00,49.85036359371334
2025-06-12 08:52:00,23.5
2025-06-12 12:34:00,40.8
2025-06-12 12:04:00,22.3
2025-06-12 03:57:00,74.2
2025-06-12 09:10:00,36.8
2025-06-12 10:28:00,56.5
2025-06-12 06:23:00,49.85036359371334
2025-06-12 13:35:00,63.7
2025-06-12 19:15:00,54.5
2025-06-12 08:36:00,39.5
2025-06-12 15:34:00,67.1
2025-06-12 04:03:00,77.7
2025-06-12 20:50:00,8.4
2025-06-12 07:40:00,19.1
2025-06-12 21:30:00,63.0
2025-06-12 03:36:00,40.9
2025-06-12 02:25:00,86.4
2025-06-12 07:34:00,1.3
2025-06-12 04:16:00,65.0
2025-06-12 01:02:00,21.6
2025-06-12 19:37:00,7.1
2025-06-12 11:08:00,39.3
2025-06-12 21:35:00,26.3
2025-06-12 23:21:00,29.0
2025-06-12 17:41:00,83.0
2025-06-12 01:25:00,49.85036359371334
2025-06-12 20:33:00,24.9
2025-06-12 04:43:00,5.5
2025-06-12 08:54:00,61.4
2025-06-12 19:45:00,99.1
2025-06-12 18:43:00,38.8
2025-06-12 13:22:00,14.1
2025-06-12 15:37:00,51.3
2025-06-12 04:07:00,19.6
2025-06-12 05:48:00,41.1
2025-06-12 01:36:00,25.2
2025-06-12 12:05:00,40.7
2025-06-12 02:21:00,16.3
2025-06-12 22:26:00,93.0
2025-06-12 17:30:00,100.0
2025-06-12 18:29:00,40.1
2025-06-12 02:15:00,68.8
2025-06-12 09:52:00,2.6
2025-06-12 23:16:00,8.2
2025-06-12 07:54:00,11.4
2025-06-12 13:24:00,37.4
2025-06-12 09:24:00,21.4
2025-06-12 08:42:00,51.3
2025-06-12 20:24:00,50.02337935876432
2025-06-12 02:25:00,93.4
2025-06-12 17:25:00,50.02337935876432
2025-06-12 15:36:00,71.3
2025-06-12 12:39:00,60.8
2025-06-12 11:25:00,54.0
2025-06-12 16:46:00,98.7
2025-06-12 02:25:00,18.7
2025-06-12 07:07:00,61.5
2025-06-12 02:09:00,12.5
2025-06-12 13:30:00,39.3
2025-06-12 03:07:00,16.8
2025-06-12 18:42:00,71.3
2025-06-12 19:57:00,50.02337935876432
2025-06-12 08:31:00,50.02337935876432
2025-06-12 12:35:00,7.9
2025-06-12 23:53:00,33.1
2025-06-12 08:34:00,50.02337935876432
2025-06-12 11:47:00,84.6
2025-06-12 12:52:00,33.0
2025-06-12 23:35:00,99.0
2025-06-12 18:49:00,4.6
2025-06-12 06:45:00,50.02337935876432
2025-06-12 08:04:00,58.6
2025-06-12 08:21:00,14.1
2025-06-12 07:26:00,6.1
2025-06-12 04:57:00,50.02337935876432
2025-06-12 18:10:00,52.3
2025-06-12 20:44:00,87.2
2025-06-12 10:39:00,27.2
2025-06-12 02:44:00,58.7
2025-06-12 01:33:00,17.8
2025-06-12 14:27:00,13.7
2025-06-12 16:27:00,94.5
2025-06-12 14:34:00,50.02337935876432
2025-06-12 01:48:00,50.02337935876432
2025-06-12 13:02:00,75.4
2025-06-12 23:08:00,50.02337935876432
2025-06-12 22:24:00,50.02337935876432
2025-06-12 15:53:00,50.02337935876432
2025-06-12 07:00:00,55.2
2025-06-12 09:49:00,14.3
2025-06-12 16:50:00,39.7
2025-06-12 14:35:00,73.9
2025-06-12 05:33:00,25.7
2025-06-12 13:42:00,82.3
2025-06-12 18:41:00,93.9
2025-06-12 05:20:00,62.3
2025-06-12 19:09:00,3.6
2025-06-12 18:05:00,9.5
2025-06-12 23:10:00,34.4
2025-06-12 10:53:00,50.02337935876432
2025-06-12 00:51:00,68.6
2025-06-12 22:25:00,29.0
2025-06-12 09:32:00,36.3
2025-06-12 20:59:00,50.02337935876432
2025-06-12 06:19:00,91.1
2025-06-12 01:17:00,50.02337935876432
2025-06-12 23:48:00,31.5
2025-06-12 12:21:00,47.1
2025-06-12 00:13:00,81.7
2025-06-12 04:40:00,82.1
2025-06-12 18:49:00,69.6
2025-06-12 03:13:00,54.2
2025-06-12 03:55:00,69.2
2025-06-12 09:23:00,92.6
2025-06-12 22:29:00,97.4
2025-06-12 07:48:00,40.8
2025-06-12 17:43:00,94.5
2025-06-12 18:06:00,76.4
2025-06-12 03:29:00,33.2
2025-06-12 02:15:00,17.7
2025-06-12 08:53:00,50.02337935876432
2025-06-12 14:02:00,78.5
2025-06-12 09:29:00,38.2
2025-06-12 06:43:00,50.02337935876432
2025-06-12 14:38:00,50.02337935876432
2025-06-12 09:08:00,61.1
2025-06-12 00:32:00,43.0
2025-06-12 02:57:00,46.8
2025-06-12 09:24:00,13.5
2025-06-12 21:10:00,10.3
2025-06-12 01:49:00,15.9
2025-06-12 07:04:00,46.8
2025-06-12 17:25:00,50.0
2025-06-12 01:28:00,77.0
2025-06-12 20:08:00,50.02337935876432
2025-06-12 08:26:00,81.0
2025-06-12 11:00:00,39.5
2025-06-12 15:27:00,80.7
2025-06-12 10:58:00,25.2
2025-06-12 06:25:00,12.3
2025-06-12 21:00:00,88.8
2025-06-12 09:55:00,44.5
2025-06-12 23:07:00,18.0
2025-06-12 23:51:00,1.5
2025-06-12 07:07:00,50.02337935876432
2025-06-12 05:58:00,13.4
2025-06-12 01:03:00,10.9
2025-06-12 02:54:00,50.02337935876432
2025-06-12 18:16:00,50.02337935876432
2025-06-12 09:11:00,73.3
2025-06-12 11:56:00,16.5
2025-06-12 04:26:00,56.1
2025-06-12 04:22:00,29.3
2025-06-12 00:36:00,50.02337935876432
2025-06-12 02:24:00,84.5
2025-06-12 21:56:00,34.6
2025-06-12 20:36:00,7.5
2025-06-12 14:40:00,96.7
2025-06-12 20:06:00,92.6
2025-06-12 21:30:00,50.02337935876432
2025-06-12 17:16:00,92.7
2025-06-12 10:18:00,91.1
2025-06-12 14:55:00,58.4
2025-06-12 20:06:00,76.0
2025-06-12 23:58:00,19.5
2025-06-12 15:19:00,77.6
2025-06-12 03:05:00,37.2
2025-06-12 10:01:00,72.2
2025-06-12 05:20:00,63.9
2025-06-12 11:13:00,21.4
2025-06-12 03:52:00,22.2
2025-06-12 08:32:00,54.0
2025-06-12 18:38:00,6.6
2025-06-12 21:51:00,97.9
2025-06-12 16:55:00,50.02337935876432
2025-06-12 04:30:00,50.02337935876432
2025-06-12 00:48:00,12.3
2025-06-12 06:53:00,23.7
2025-06-12 16:19:00,94.5
2025-06-12 03:05:00,26.4
2025-06-12 11:48:00,64.1
2025-06-12 19:53:00,86.8
2025-06-12 17:17:00,70.0
2025-06-12 21:46:00,84.5
2025-06-12 12:48:00,50.6
2025-06-12 06:20:00,4.7
2025-06-12 11:38:00,73.3
2025-06-12 14:07:00,28.7
2025-06-12 22:03:00,82.6
2025-06-12 14:06:00,49.6
2025-06-12 10:44:00,63.3
2025-06-12 14:59:00,80.3
2025-06-12 18:32:00,79.2
2025-06-12 08:01:00,8.6
2025-06-12 10:32:00,6.8
2025-06-12 01:54:00,50.02337935876432
2025-06-12 14:43:00,73.3
2025-06-12 06:14:00,89.4
2025-06-12 06:09:00,48.6
2025-06-12 16:44:00,26.7
2025-06-12 13:03:00,28.1
2025-06-12 06:07:00,18.4
2025-06-12 05:12:00,12.8
2025-06-12 02:07:00,93.8
2025-06-12 15:44:00,97.1
2025-06-12 19:36:00,76.8
2025-06-12 19:23:00,10.7
2025-06-12 16:54:00,16.8
2025-06-12 10:20:00,50.02337935876432
2025-06-12 18:22:00,50.02337935876432
2025-06-12 23:52:00,65.9
2025-06-12 06:50:00,62.7
2025-06-12 17:06:00,36.1
2025-06-12 11:38:00,69.7
2025-06-12 02:35:00,1.8
2025-06-12 11:40:00,93.5
2025-06-12 22:11:00,55.4
2025-06-12 04:15:00,56.5
2025-06-12 20:38:00,22.2
2025-06-12 11:24:00,66.3
2025-06-12 17:43:00,4.5
2025-06-12 17:26:00,13.1
2025-06-12 04:19:00,70.9
2025-06-12 02:41:00,42.7
2025-06-12 16:19:00,10.0
2025-06-12 20:56:00,92.9
2025-06-12 15:58:00,4.1
2025-06-12 21:30:00,56.9
2025-06-12 02:37:00,70.8
2025-06-12 12:03:00,47.2
2025-06-12 12:43:00,85.6
2025-06-12 04:28:00,21.1
2025-06-12 18:58:00,50.02337935876432
2025-06-12 01:03:00,84.3
2025-06-12 18:40:00,1.5
2025-06-12 18:17:00,6.0
2025-06-12 18:16:00,20.0
2025-06-12 18:31:00,10.9
2025-06-12 21:22:00,51.6
2025-06-12 06:42:00,28.3
2025-06-12 19:40:00,41.5
2025-06-12 05:31:00,50.02337935876432
2025-06-12 16:48:00,50.02337935876432
2025-06-12 03:37:00,77.6
2025-06-12 02:38:00,53.3
2025-06-12 17:51:00,19.1
2025-06-12 04:47:00,49.6
2025-06-12 10:27:00,50.02337935876432
2025-06-12 17:28:00,55.6
2025-06-12 18:56:00,83.9
2025-06-12 19:53:00,50.02337935876432
2025-06-12 03:31:00,50.02337935876432
2025-06-12 22:50:00,50.02337935876432
2025-06-12 12:49:00,35.1
2025-06-12 09:29:00,39.8
2025-06-12 05:18:00,50.02337935876432
2025-06-12 16:40:00,96.5
2025-06-12 20:44:00,78.1
2025-06-12 01:27:00,45.3
2025-06-12 00:32:00,89.8
2025-06-12 19:43:00,37.8
2025-06-12 08:28:00,22.6
2025-06-12 02:21:00,9.3
2025-06-12 03:58:00,22.4
2025-06-12 04:20:00,88.2
2025-06-12 21:44:00,94.8
2025-06-12 19:56:00,50.02337935876432
2025-06-12 19:36:00,2.1
2025-06-12 19:17:00,98.4
2025-06-12 05:22:00,50.02337935876432
2025-06-12 01:55:00,50.02337935876432
2025-06-12 02:12:00,50.02337935876432
2025-06-12 10:20:00,57.1
2025-06-12 02:11:00,50.02337935876432
2025-06-12 12:10:00,50.6
2025-06-12 17:11:00,68.5
2025-06-12 11:47:00,88.0
2025-06-12 05:51:00,6.0
2025-06-12 20:00:00,41.4
2025-06-12 13:36:00,64.9
2025-06-12 14:40:00,90.5
2025-06-12 04:14:00,99.4
2025-06-12 06:24:00,5.1
2025-06-12 08:26:00,3.8
2025-06-12 23:01:00,50.02337935876432
2025-06-12 09:20:00,50.02337935876432
2025-06-12 18:51:00,31.1
2025-06-12 02:57:00,60.3
2025-06-12 19:26:00,50.02337935876432
2025-06-12 14:42:00,8.1
2025-06-12 22:44:00,78.7
2025-06-12 15:41:00,98.4
2025-06-12 05:39:00,72.5
2025-06-12 15:50:00,73.1
2025-06-12 06:15:00,50.02337935876432
2025-06-12 14:03:00,99.3
2025-06-12 20:53:00,18.1
2025-06-12 16:33:00,79.0
2025-06-12 18:32:00,83.5
2025-06-12 02:12:00,95.1
2025-06-12 03:14:00,35.1
2025-06-12 05:25:00,50.02337935876432
2025-06-12 22:44:00,81.4
2025-06-12 08:33:00,50.02337935876432
2025-06-12 21:23:00,75.3
2025-06-12 08:58:00,50.02337935876432
2025-06-12 16:17:00,28.6
2025-06-12 00:54:00,59.3
2025-06-12 20:11:00,21.3
2025-06-12 21:36:00,78.6
2025-06-12 07:05:00,7.0
2025-06-12 11:56:00,72.2
2025-06-12 07:29:00,50.02337935876432
2025-06-12 19:36:00,97.4
2025-06-12 17:32:00,27.2
2025-06-12 10:58:00,31.0
2025-06-12 12:07:00,62.9
2025-06-12 12:47:00,83.4
2025-06-12 15:58:00,22.0
2025-06-12 09:58:00,50.02337935876432
2025-06-12 11:11:00,20.8
2025-06-12 22:46:00,14.5
2025-06-12 03:43:00,45.5
2025-06-12 18:27:00,83.8
2025-06-12 14:36:00,50.02337935876432
2025-06-12 00:41:00,50.02337935876432
2025-06-12 14:09:00,42.0
2025-06-12 10:18:00,94.4
2025-06-12 20:13:00,76.9
2025-06-12 11:19:00,75.6
2025-06-12 06:51:00,91.9
2025-06-12 21:28:00,93.8
2025-06-12 07:46:00,52.4
2025-06-12 22:46:00,45.8
2025-06-12 10:41:00,8.3
2025-06-12 12:15:00,43.7
2025-06-12 06:35:00,7.7
2025-06-12 23:17:00,79.5
2025-06-12 15:15:00,11.7
2025-06-12 09:45:00,4.3
2025-06-12 00:43:00,90.9
2025-06-12 02:32:00,37.5
2025-06-12 08:17:00,41.1
2025-06-12 10:09:00,93.7
2025-06-12 09:10:00,68.1
2025-06-12 22:51:00,53.8
2025-06-12 10:59:00,74.8
2025-06-12 12:01:00,52.0
2025-06-12 07:03:00,60.3
2025-06-12 20:55:00,22.2
2025-06-12 17:22:00,10.2
2025-06-12 17:46:00,9.9
2025-06-12 12:17:00,79.8
2025-06-12 14:59:00,44.4
2025-06-12 15:44:00,73.1
2025-06-12 18:23:00,47.4
2025-06-12 04:23:00,70.7
2025-06-12 02:48:00,4.3
2025-06-12 09:29:00,26.0
2025-06-12 19:13:00,5.2
2025-06-12 23:27:00,50.19809456598448
2025-06-12 13:08:00,98.9
2025-06-12 12:02:00,50.19809456598448
2025-06-12 19:11:00,23.6
2025-06-12 07:18:00,25.6
2025-06-12 16:23:00,39.4
2025-06-12 12:49:00,50.19809456598448
2025-06-12 11:31:00,29.9
2025-06-12 07:48:00,78.3
2025-06-12 05:45:00,72.0
2025-06-12 13:45:00,95.0
2025-06-12 00:45:00,2.9
2025-06-12 12:40:00,64.6
2025-06-12 05:33:00,33.5
2025-06-12 05:23:00,19.4
2025-06-12 14:24:00,51.1
2025-06-12 05:35:00,45.6
2025-06-12 06:08:00,42.0
2025-06-12 16:40:00,98.6
2025-06-12 16:15:00,15.5
2025-06-12 07:48:00,50.19809456598448
2025-06-12 14:50:00,76.2
2025-06-12 01:59:00,99.0
2025-06-12 02:58:00,99.9
2025-06-12 18:00:00,81.0
2025-06-12 19:54:00,24.9
2025-06-12 13:55:00,98.7
2025-06-12 15:19:00,50.19809456598448
2025-06-12 03:54:00,25.7
2025-06-12 11:22:00,67.6
2025-06-12 16:39:00,74.3
2025-06-12 03:49:00,46.3
2025-06-12 01:06:00,4.7
2025-06-12 06:29:00,16.9
2025-06-12 19:51:00,38.4
2025-06-12 22:16:00,24.0
2025-06-12 04:19:00,73.8
2025-06-12 17:58:00,34.6
2025-06-12 18:45:00,82.0
2025-06-12 03:33:00,8.3
2025-06-12 11:26:00,34.9
2025-06-12 18:18:00,66.4
2025-06-12 11:43:00,50.19809456598448
2025-06-12 22:17:00,58.7
2025-06-12 18:45:00,50.19809456598448
2025-06-12 03:50:00,50.19809456598448
2025-06-12 13:04:00,68.9
2025-06-12 18:45:00,93.0
2025-06-12 16:12:00,62.4
2025-06-12 02:41:00,37.2
2025-06-12 23:45:00,50.19809456598448
2025-06-12 19:14:00,8.5
2025-06-12 12:10:00,59.6
2025-06-12 01:12:00,69.0
2025-06-12 16:53:00,78.4
2025-06-12 11:45:00,19.0
2025-06-12 22:10:00,50.19809456598448
2025-06-12 21:24:00,71.2
2025-06-12 23:57:00,17.7
2025-06-12 02:14:00,69.8
2025-06-12 13:37:00,92.3
2025-06-12 18:05:00,62.9
2025-06-12 22:31:00,52.6
2025-06-12 00:42:00,50.19809456598448
2025-06-12 14:47:00,96.2
2025-06-12 14:50:00,19.6
2025-06-12 19:02:00,55.3
2025-06-12 09:29:00,23.7
2025-06-12 01:03:00,15.7
2025-06-12 09:52:00,57.2
2025-06-12 14:46:00,53.3
2025-06-12 05:08:00,84.0
2025-06-12 05:09:00,7.2
2025-06-12 10:52:00,55.3
2025-06-12 05:28:00,7.2
2025-06-12 22:33:00,17.1
2025-06-12 18:40:00,27.4
2025-06-12 04:24:00,7.1
2025-06-12 08:57:00,12.4
2025-06-12 01:12:00,29.0
2025-06-12 16:46:00,49.4
2025-06-12 07:25:00,71.6
2025-06-12 22:33:00,51.7
2025-06-12 06:11:00,12.4
2025-06-12 20:01:00,50.19809456598448
2025-06-12 07:19:00,66.4
2025-06-12 17:44:00,50.19809456598448
2025-06-12 22:11:00,25.6
2025-06-12 18:36:00,32.3
2025-06-12 14:56:00,51.0
2025-06-12 14:03:00,81.1
2025-06-12 12:47:00,46.2
2025-06-12 06:51:00,62.9
2025-06-12 06:17:00,28.6
2025-06-12 23:59:00,50.19809456598448
2025-06-12 16:12:00,90.5
2025-06-12 17:45:00,36.5
2025-06-12 16:22:00,8.6
2025-06-12 13:19:00,22.5
2025-06-12 18:42:00,74.5
2025-06-12 13:05:00,54.8
2025-06-12 02:41:00,50.19809456598448
2025-06-12 22:15:00,96.1
2025-06-12 22:48:00,9.4
2025-06-12 17:14:00,50.19809456598448
2025-06-12 17:24:00,70.2
2025-06-12 12:05:00,83.6
2025-06-12 20:26:00,16.7
2025-06-12 00:14:00,18.0
2025-06-12 23:33:00,50.19809456598448
2025-06-12 01:33:00,8.7
2025-06-12 13:00:00,81.1
2025-06-12 13:34:00,27.6
2025-06-12 13:46:00,50.19809456598448
2025-06-12 07:48:00,52.6
2025-06-12 06:14:00,76.8
2025-06-12 17:12:00,50.19809456598448
2025-06-12 23:19:00,5.2
2025-06-12 15:48:00,80.3
2025-06-12 12:04:00,60.9
2025-06-12 18:02:00,20.4
2025-06-12 03:25:00,65.5
2025-06-12 00:26:00,50.19809456598448
2025-06-12 13:52:00,33.0
2025-06-12 21:55:00,47.3
2025-06-12 14:08:00,74.9
2025-06-12 20:03:00,50.19809456598448
2025-06-12 19:11:00,49.0
2025-06-12 08:36:00,47.5
2025-06-12 23:02:00,99.2
2025-06-12 12:49:00,96.4
2025-06-12 07:39:00,53.4
2025-06-12 19:54:00,59.0
2025-06-12 01:55:00,85.0
2025-06-12 06:08:00,80.2
2025-06-12 14:34:00,60.2
2025-06-12 09:17:00,94.9
2025-06-12 11:38:00,5.4
2025-06-12 13:48:00,50.19809456598448
2025-06-12 08:07:00,40.4
2025-06-12 13:28:00,38.9
2025-06-12 19:16:00,33.5
2025-06-12 17:32:00,8.5
2025-06-12 13:04:00,50.19809456598448
2025-06-12 06:38:00,65.2
2025-06-12 14:24:00,17.5
2025-06-12 17:52:00,96.0
2025-06-12 06:23:00,48.9
2025-06-12 00:03:00,98.5
2025-06-12 08:12:00,32.2
2025-06-12 17:07:00,50.19809456598448
2025-06-12 21:32:00,31.1
2025-06-12 15:10:00,43.9
2025-06-12 01:57:00,50.19809456598448
2025-06-12 04:35:00,18.3
2025-06-12 21:47:00,45.2
2025-06-12 22:08:00,27.5
2025-06-12 16:58:00,50.19809456598448
2025-06-12 19:29:00,91.1
2025-06-12 09:46:00,12.2
2025-06-12 02:01:00,77.7
2025-06-12 07:07:00,85.6
2025-06-12 00:27:00,49.7
2025-06-12 14:00:00,7.4
2025-06-12 15:45:00,43.2
2025-06-12 10:54:00,58.8
2025-06-12 06:58:00,13.4
2025-06-12 23:39:00,72.7
2025-06-12 11:49:00,58.4
2025-06-12 16:03:00,69.8
2025-06-12 23:22:00,35.1
2025-06-12 21:16:00,77.8
2025-06-12 09:41:00,29.0
2025-06-12 01:51:00,50.19809456598448
2025-06-12 01:23:00,8.9
2025-06-12 20:53:00,98.6
2025-06-12 06:29:00,93.3
2025-06-12 20:29:00,32.7
2025-06-12 05:16:00,43.8
2025-06-12 09:32:00,44.3
2025-06-12 04:16:00,50.19809456598448
2025-06-12 16:43:00,60.6
2025-06-12 21:55:00,28.8
2025-06-12 18:08:00,28.1
2025-06-12 12:47:00,62.6
2025-06-12 00:41:00,36.7
2025-06-12 22:36:00,50.19809456598448
2025-06-12 11:05:00,82.4
2025-06-12 18:56:00,61.0
2025-06-12 00:31:00,89.9
2025-06-12 09:56:00,22.8
2025-06-12 21:24:00,47.4
2025-06-12 10:12:00,50.19809456598448
2025-06-12 06:32:00,9.7
2025-06-12 01:23:00,34.6
2025-06-12 21:13:00,50.19809456598448
2025-06-12 07:59:00,78.0
2025-06-12 06:45:00,74.8
2025-06-12 00:49:00,35.2
2025-06-12 11:06:00,79.8
2025-06-12 12:44:00,67.7
2025-06-12 01:21:00,71.3
2025-06-12 05:58:00,97.1
2025-06-12 11:19:00,64.8
2025-06-12 16:10:00,93.6
2025-06-12 01:32:00,97.3
2025-06-12 21:22:00,2.2
2025-06-12 08:50:00,50.19809456598448
2025-06-12 14:06:00,58.5
2025-06-12 19:41:00,33.7
2025-06-12 19:16:00,92.2
2025-06-12 15:08:00,50.19809456598448
2025-06-12 10:27:00,24.8
2025-06-12 06:56:00,47.0
2025-06-12 17:12:00,7.4
2025-06-12 05:49:00,89.2
2025-06-12 18:15:00,91.0
2025-06-12 03:48:00,69.3
2025-06-12 20:48:00,30.3
2025-06-12 18:15:00,24.5
2025-06-12 14:56:00,99.3
2025-06-12 05:51:00,29.1
2025-06-12 03:37:00,50.19809456598448
2025-06-12 03:22:00,25.9
2025-06-12 16:10:00,33.5
2025-06-12 06:54:00,97.6
2025-06-12 14:04:00,6.9
2025-06-12 19:05:00,37.9
2025-06-12 12:57:00,67.6
2025-06-12 21:59:00,46.1
2025-06-12 23:14:00,32.5
2025-06-12 11:35:00,20.7
2025-06-12 16:31:00,97.0
2025-06-12 21:17:00,53.4
2025-06-12 16:01:00,47.0
2025-06-12 07:48:00,12.4
2025-06-12 02:02:00,93.1
2025-06-12 00:12:00,36.9
2025-06-12 18:26:00,46.6
2025-06-12 21:54:00,51.4
2025-06-12 18:49:00,37.9
2025-06-12 06:39:00,61.4
2025-06-12 19:08:00,63.0
2025-06-12 18:33:00,99.2
2025-06-12 19:55:00,50.19809456598448
2025-06-12 13:36:00,50.19809456598448
2025-06-12 07:36:00,97.8
2025-06-12 20:21:00,51.9
2025-06-12 16:51:00,39.7
2025-06-12 10:25:00,50.19809456598448
2025-06-12 20:43:00,61.1
2025-06-12 22:47:00,50.19809456598448
2025-06-12 11:48:00,56.4
2025-06-12 02:48:00,82.2
2025-06-12 09:27:00,36.0
2025-06-12 01:37:00,62.0
2025-06-12 04:35:00,50.19809456598448
2025-06-12 20:47:00,39.2
2025-06-12 13:56:00,50.19809456598448
2025-06-12 02:16:00,0.6
2025-06-12 07:17:00,5.0
2025-06-12 04:44:00,45.1
2025-06-12 19:23:00,6.3
2025-06-12 09:54:00,79.1
2025-06-12 13:08:00,80.4
2025-06-12 09:26:00,18.7
2025-06-12 02:50:00,36.6
2025-06-12 05:31:00,76.5
2025-06-12 14:58:00,66.6
2025-06-12 04:15:00,50.19809456598448
2025-06-12 05:56:00,57.5
2025-06-12 03:01:00,8.2
2025-06-12 18:34:00,10.2
2025-06-12 09:37:00,3.7
2025-06-12 02:14:00,6.5
2025-06-12 10:41:00,50.19809456598448
2025-06-12 14:14:00,50.19809456598448
2025-06-12 07:03:00,53.5
2025-06-12 09:36:00,33.7
2025-06-12 03:57:00,81.8
2025-06-12 02:12:00,18.9
2025-06-12 12:17:00,50.19809456598448
2025-06-12 18:22:00,45.6
2025-06-12 02:49:00,16.1
2025-06-12 20:47:00,50.19809456598448
2025-06-12 05:04:00,24.1
2025-06-12 08:56:00,78.4
2025-06-12 14:59:00,19.2
2025-06-12 00:39:00,50.19809456598448
2025-06-12 08:27:00,12.6
2025-06-12 04:48:00,50.19809456598448
2025-06-12 03:08:00,19.3
2025-06-12 14:43:00,39.3
2025-06-12 03:04:00,71.1
2025-06-12 18:20:00,73.9
2025-06-12 10:34:00,32.4
2025-06-12 16:38:00,3.9
2025-06-12 16:23:00,95.9
2025-06-12 12:40:00,25.3
2025-06-12 07:40:00,36.1
2025-06-12 13:17:00,50.19809456598448
2025-06-12 12:23:00,47.6
2025-06-12 21:04:00,50.19809456598448
2025-06-12 17:03:00,33.5
2025-06-12 19:33:00,47.3
2025-06-12 10:10:00,59.9
2025-06-12 21:11:00,57.7
2025-06-12 01:54:00,10.5
2025-06-12 16:11:00,84.9
2025-06-12 14:41:00,45.9
2025-06-12 20:48:00,80.5
2025-06-12 10:24:00,83.0
2025-06-12 22:13:00,5.4
2025-06-12 08:21:00,52.5
2025-06-12 05:59:00,80.5
2025-06-12 06:31:00,74.1
2025-06-12 16:14:00,56.0
2025-06-12 04:38:00,66.7
2025-06-12 16:18:00,80.9
2025-06-12 07:58:00,88.7
2025-06-12 01:47:00,49.54486036141751
2025-06-12 14:20:00,89.8
2025-06-12 18:34:00,53.7
2025-06-12 08:35:00,55.5
2025-06-12 12:23:00,96.3
2025-06-12 01:46:00,30.3
2025-06-12 20:29:00,51.2
2025-06-12 12:18:00,26.8
2025-06-12 12:38:00,66.1
2025-06-12 07:21:00,31.5
2025-06-12 16:31:00,90.4
2025-06-12 02:19:00,90.2
2025-06-12 05:49:00,91.5
2025-06-12 23:21:00,4.2
2025-06-12 10:13:00,23.1
2025-06-12 15:19:00,74.2
2025-06-12 23:25:00,32.3
2025-06-12 02:01:00,86.9
2025-06-12 13:40:00,59.8
2025-06-12 05:55:00,98.7
2025-06-12 10:00:00,93.1
2025-06-12 14:42:00,96.0
2025-06-12 11:45:00,17.1
2025-06-12 06:30:00,50.8
2025-06-12 03:27:00,49.54486036141751
2025-06-12 16:29:00,85.8
2025-06-12 20:48:00,33.2
2025-06-12 11:23:00,89.1
2025-06-12 23:37:00,49.54486036141751
2025-06-12 02:09:00,51.3
2025-06-12 00:45:00,47.6
2025-06-12 15:32:00,61.0
2025-06-12 03:28:00,65.9
2025-06-12 00:59:00,11.0
2025-06-12 09:08:00,87.3
2025-06-12 05:51:00,90.6
2025-06-12 00:49:00,83.2
2025-06-12 14:40:00,77.1
2025-06-12 20:38:00,49.54486036141751
2025-06-12 02:16:00,20.3
2025-06-12 04:30:00,8.9
2025-06-12 07:47:00,81.0
2025-06-12 14:47:00,71.5
2025-06-12 06:49:00,23.2
2025-06-12 02:41:00,72.8
2025-06-12 01:41:00,89.2
2025-06-12 08:05:00,65.7
2025-06-12 23:52:00,61.3
2025-06-12 14:07:00,43.7
2025-06-12 18:05:00,0.2
2025-06-12 08:52:00,49.54486036141751
2025-06-12 16:52:00,23.0
2025-06-12 13:46:00,35.4
2025-06-12 19:35:00,9.1
2025-06-12 05:22:00,57.4
2025-06-12 05:34:00,19.9
2025-06-12 21:05:00,23.1
2025-06-12 05:18:00,24.9
2025-06-12 21:08:00,62.7
2025-06-12 21:22:00,84.2
2025-06-12 12:15:00,66.4
2025-06-12 18:26:00,60.0
2025-06-12 06:27:00,49.54486036141751
2025-06-12 11:01:00,78.5
2025-06-12 09:43:00,24.8
2025-06-12 18:20:00,78.5
2025-06-12 15:41:00,25.2
2025-06-12 20:25:00,71.1
2025-06-12 23:01:00,27.1
2025-06-12 17:13:00,29.4
2025-06-12 10:08:00,49.54486036141751
2025-06-12 11:07:00,49.54486036141751
2025-06-12 09:40:00,47.6
2025-06-12 09:21:00,49.54486036141751
2025-06-12 05:22:00,69.0
2025-06-12 13:20:00,98.1
2025-06-12 15:37:00,41.4
2025-06-12 17:46:00,3.6
2025-06-12 20:25:00,61.2
2025-06-12 23:41:00,51.8
2025-06-12 18:28:00,84.4
2025-06-12 12:36:00,68.2
2025-06-12 23:07:00,19.8
2025-06-12 10:05:00,40.0
2025-06-12 09:20:00,60.7
2025-06-12 18:00:00,49.1
2025-06-12 04:33:00,96.3
2025-06-12 15:58:00,30.1
2025-06-12 15:12:00,17.6
2025-06-12 23:13:00,21.1
2025-06-12 07:27:00,95.4
2025-06-12 22:27:00,64.1
2025-06-12 07:48:00,91.8
2025-06-12 15:44:00,45.2
2025-06-12 10:44:00,47.2
2025-06-12 09:31:00,49.54486036141751
2025-06-12 12:07:00,4.2
2025-06-12 21:40:00,10.0
2025-06-12 17:18:00,48.0
2025-06-12 23:40:00,59.9
2025-06-12 18:58:00,49.54486036141751
2025-06-12 16:28:00,46.4
2025-06-12 02:03:00,52.6
2025-06-12 02:01:00,17.4
2025-06-12 15:47:00,56.0
2025-06-12 13:33:00,14.0
2025-06-12 09:14:00,58.8
2025-06-12 05:37:00,2.0
2025-06-12 09:50:00,49.54486036141751
2025-06-12 13:07:00,75.2
2025-06-12 03:11:00,49.54486036141751
2025-06-12 08:05:00,85.3
2025-06-12 13:32:00,84.0
2025-06-12 07:11:00,20.5
2025-06-12 16:12:00,29.1
2025-06-12 08:51:00,43.2
2025-06-12 21:04:00,69.9
2025-06-12 21:47:00,42.7
2025-06-12 13:28:00,21.8
2025-06-12 13:59:00,49.6
2025-06-12 01:23:00,64.7
2025-06-12 17:27:00,28.7
2025-06-12 00:24:00,22.3
2025-06-12 01:50:00,39.7
2025-06-12 12:51:00,85.5
2025-06-12 06:44:00,64.0
2025-06-12 00:39:00,49.54486036141751
2025-06-12 20:02:00,49.54486036141751
2025-06-12 11:50:00,49.54486036141751
2025-06-12 05:11:00,17.9
2025-06-12 04:01:00,36.3
2025-06-12 12:50:00,71.1
2025-06-12 02:00:00,3.6
2025-06-12 21:27:00,60.0
2025-06-12 12:45:00,49.54486036141751
2025-06-12 18:41:00,88.0
2025-06-12 17:50:00,39.0
2025-06-12 20:54:00,88.4
2025-06-12 00:32:00,63.7
2025-06-12 06:02:00,80.4
2025-06-12 06:10:00,99.4
2025-06-12 10:30:00,58.0
2025-06-12 00:24:00,56.8
2025-06-12 02:50:00,0.4
2025-06-12 09:01:00,52.7
2025-06-12 12:07:00,8.0
2025-06-12 15:14:00,86.6
2025-06-12 06:13:00,42.1
2025-06-12 15:04:00,7.9
2025-06-12 21:26:00,31.9
2025-06-12 16:03:00,34.7
2025-06-12 11:27:00,13.8
2025-06-12 07:34:00,65.4
2025-06-12 04:16:00,83.9
2025-06-12 18:09:00,12.7
2025-06-12 01:42:00,50.5
2025-06-12 16:53:00,17.2
2025-06-12 17:42:00,92.4
2025-06-12 03:31:00,23.1
2025-06-12 11:11:00,19.4
2025-06-12 14:41:00,96.4
2025-06-12 21:32:00,21.1
2025-06-12 13:08:00,49.54486036141751
2025-06-12 19:05:00,49.54486036141751
2025-06-12 06:47:00,88.5
2025-06-12 07:58:00,38.2
2025-06-12 06:00:00,15.2
2025-06-12 19:53:00,31.2
2025-06-12 00:48:00,80.5
2025-06-12 03:24:00,37.2
2025-06-12 09:37:00,29.7
2025-06-12 22:33:00,29.5
2025-06-12 09:00:00,1.0
2025-06-12 15:43:00,25.2
2025-06-12 07:51:00,49.54486036141751
2025-06-12 00:09:00,13.1
2025-06-12 18:45:00,90.9
2025-06-12 12:14:00,48.8
2025-06-12 21:14:00,49.54486036141751
2025-06-12 21:43:00,59.3
2025-06-12 16:48:00,99.5
2025-06-12 17:35:00,49.54486036141751
2025-06-12 20:55:00,49.54486036141751
2025-06-12 14:46:00,88.8
2025-06-12 07:58:00,85.2
2025-06-12 21:28:00,18.7
2025-06-12 19:18:00,47.2
2025-06-12 23:21:00,99.1
2025-06-12 02:36:00,35.7
2025-06-12 07:59:00,5.8
2025-06-12 02:49:00,75.1
2025-06-12 07:54:00,72.0
2025-06-12 04:14:00,57.8
2025-06-12 23:24:00,36.5
2025-06-12 00:55:00,98.9
2025-06-12 19:14:00,60.9
2025-06-12 07:14:00,8.4
2025-06-12 02:58:00,4.1
2025-06-12 13:05:00,46.4
2025-06-12 07:00:00,28.3
2025-06-12 21:29:00,94.9
2025-06-12 07:40:00,48.5
2025-06-12 21:27:00,49.54486036141751
2025-06-12 07:47:00,79.2
2025-06-12 01:54:00,6.5
2025-06-12 06:04:00,29.0
2025-06-12 10:26:00,90.3
2025-06-12 08:35:00,93.4
2025-06-12 17:50:00,31.4
2025-06-12 07:03:00,68.9
2025-06-12 01:24:00,84.0
2025-06-12 23:59:00,13.9
2025-06-12 00:56:00,58.2
2025-06-12 00:14:00,80.0
2025-06-12 16:06:00,41.3
2025-06-12 08:04:00,13.2
2025-06-12 19:50:00,22.9
2025-06-12 08:33:00,0.3
2025-06-12 17:38:00,85.4
2025-06-12 12:45:00,91.8
2025-06-12 09:37:00,54.9
2025-06-12 22:14:00,32.0
2025-06-12 21:17:00,93.0
2025-06-12 12:00:00,60.7
2025-06-12 13:10:00,53.1
2025-06-12 16:49:00,39.3
2025-06-12 21:35:00,10.2
2025-06-12 04:35:00,14.0
2025-06-12 20:17:00,56.7
2025-06-12 22:06:00,69.8
2025-06-12 02:40:00,97.1
2025-06-12 07:06:00,6.1
2025-06-12 17:09:00,20.3
2025-06-12 14:22:00,80.2
2025-06-12 10:51:00,80.7
2025-06-12 06:07:00,53.7
2025-06-12 09:22:00,49.54486036141751
2025-06-12 05:13:00,49.54486036141751
2025-06-12 17:00:00,62.5
2025-06-12 08:25:00,59.3
2025-06-12 22:16:00,80.0
2025-06-12 00:58:00,28.4
2025-06-12 23:19:00,49.54486036141751
2025-06-12 04:08:00,49.54486036141751
2025-06-12 07:22:00,33.2
2025-06-12 00:44:00,49.54486036141751
2025-06-12 14:54:00,94.6
2025-06-12 10:22:00,69.6
2025-06-12 16:38:00,12.2
2025-06-12 08:21:00,36.3
2025-06-12 05:40:00,49.54486036141751
2025-06-12 05:00:00,72.4
2025-06-12 00:15:00,19.2
2025-06-12 21:58:00,98.5
2025-06-12 02:07:00,89.2
2025-06-12 09:51:00,49.54486036141751
2025-06-12 12:41:00,63.3
2025-06-12 09:46:00,16.2
2025-06-12 23:07:00,74.3
2025-06-12 13:07:00,53.0
2025-06-12 10:57:00,20.5
2025-06-12 00:31:00,49.54486036141751
2025-06-12 17:18:00,3.5
2025-06-12 16:11:00,44.3
2025-06-12 07:17:00,3.1
2025-06-12 00:24:00,21.4
2025-06-12 20:32:00,47.1
2025-06-12 18:53:00,66.1
2025-06-12 19:05:00,17.3
2025-06-12 20:57:00,43.2
2025-06-12 13:25:00,83.7
2025-06-12 07:23:00,50.1
2025-06-12 13:30:00,62.1
2025-06-12 04:20:00,90.2
2025-06-12 06:28:00,52.4
2025-06-12 18:20:00,1.5
2025-06-12 06:24:00,76.9
2025-06-12 17:04:00,49.54486036141751
2025-06-12 18:38:00,71.7
2025-06-12 13:04:00,67.7
2025-06-12 15:00:00,55.1
2025-06-12 18:04:00,85.4
2025-06-12 07:52:00,47.4
2025-06-12 01:08:00,49.54486036141751
2025-06-12 23:12:00,49.54486036141751
2025-06-12 02:46:00,49.54486036141751
2025-06-12 01:53:00,49.54486036141751
2025-06-12 01:38:00,88.4
2025-06-12 08:00:00,32.1
2025-06-12 00:56:00,81.7
2025-06-12 10:38:00,52.9
2025-06-12 07:09:00,74.0
2025-06-12 22:07:00,41.5
2025-06-12 23:14:00,96.4
2025-06-12 05:05:00,18.0
2025-06-12 13:31:00,32.8
2025-06-12 15:54:00,8.1
2025-06-12 08:22:00,58.1
2025-06-12 03:03:00,45.7
2025-06-12 19:29:00,74.3
2025-06-12 00:22:00,17.6
2025-06-12 20:39:00,21.3
2025-06-12 06:13:00,10.5
2025-06-12 12:47:00,55.0
2025-06-12 21:27:00,93.5
2025-06-12 08:27:00,50.136426804852206
2025-06-12 23:09:00,4.7
2025-06-12 11:52:00,1.2
2025-06-12 09:04:00,50.136426804852206
2025-06-12 17:37:00,40.3
2025-06-12 13:52:00,92.2
2025-06-12 17:35:00,76.0
2025-06-12 11:51:00,49.1
2025-06-12 13:21:00,54.0
2025-06-12 23:01:00,46.9
2025-06-12 06:23:00,17.7
2025-06-12 02:29:00,73.7
2025-06-12 05:18:00,85.0
2025-06-12 15:36:00,19.5
2025-06-12 12:49:00,43.4
2025-06-12 00:53:00,50.136426804852206
2025-06-12 01:39:00,74.8
2025-06-12 07:48:00,42.1
2025-06-12 02:26:00,21.4
2025-06-12 04:17:00,50.136426804852206
2025-06-12 01:46:00,62.2
2025-06-12 19:21:00,16.9
2025-06-12 21:41:00,50.136426804852206
2025-06-12 12:13:00,0.0
2025-06-12 16:36:00,64.4
2025-06-12 08:06:00,22.1
2025-06-12 21:47:00,64.7
2025-06-12 23:48:00,87.1
2025-06-12 07:06:00,50.136426804852206
2025-06-12 00:38:00,28.6
2025-06-12 15:25:00,52.2
2025-06-12 21:19:00,16.6
2025-06-12 11:56:00,9.9
2025-06-12 15:28:00,50.8
2025-06-12 04:25:00,70.0
2025-06-12 07:57:00,60.0
2025-06-12 00:19:00,28.1
2025-06-12 18:14:00,95.8
2025-06-12 15:32:00,46.0
2025-06-12 02:33:00,19.9
2025-06-12 18:25:00,74.6
2025-06-12 05:05:00,14.1
2025-06-12 15:49:00,81.4
2025-06-12 16:28:00,11.5
2025-06-12 11:10:00,94.2
2025-06-12 00:02:00,42.8
2025-06-12 02:12:00,90.3
2025-06-12 18:07:00,18.3
2025-06-12 10:58:00,71.3
2025-06-12 21:27:00,3.5
2025-06-12 23:02:00,50.136426804852206
2025-06-12 03:34:00,50.136426804852206
2025-06-12 01:52:00,90.6
2025-06-12 11:50:00,50.136426804852206
2025-06-12 17:31:00,50.136426804852206
2025-06-12 16:22:00,46.9
2025-06-12 20:10:00,13.0
2025-06-12 23:03:00,50.136426804852206
2025-06-12 00:59:00,17.7
2025-06-12 23:38:00,28.5
2025-06-12 06:32:00,92.1
2025-06-12 17:53:00,92.2
2025-06-12 21:27:00,69.9
2025-06-12 06:00:00,60.3
2025-06-12 10:59:00,50.136426804852206
2025-06-12 16:39:00,77.4
2025-06-12 23:22:00,89.5
2025-06-12 11:06:00,50.136426804852206
2025-06-12 02:21:00,22.6
2025-06-12 07:42:00,9.1
2025-06-12 17:38:00,70.5
2025-06-12 19:01:00,50.136426804852206
2025-06-12 07:50:00,90.6
2025-06-12 19:25:00,74.7
2025-06-12 22:07:00,50.136426804852206
2025-06-12 03:33:00,90.1
2025-06-12 11:37:00,82.9
2025-06-12 11:39:00,17.1
2025-06-12 21:17:00,91.4
2025-06-12 00:36:00,42.2
2025-06-12 08:53:00,64.4
2025-06-12 22:32:00,50.136426804852206
2025-06-12 22:50:00,72.7
2025-06-12 10:21:00,48.3
2025-06-12 04:43:00,39.6
2025-06-12 15:31:00,20.0
2025-06-12 17:46:00,6.0
2025-06-12 09:53:00,50.136426804852206
2025-06-12 16:20:00,57.4
2025-06-12 03:24:00,8.6
2025-06-12 22:48:00,50.136426804852206
2025-06-12 01:04:00,42.7
2025-06-12 18:55:00,34.4
2025-06-12 12:33:00,50.136426804852206
2025-06-12 18:51:00,40.5
2025-06-12 14:33:00,81.0
2025-06-12 10:45:00,50.136426804852206
2025-06-12 09:08:00,91.3
2025-06-12 22:59:00,90.5
2025-06-12 08:33:00,35.7
2025-06-12 12:57:00,48.8
2025-06-12 16:33:00,66.7
2025-06-12 16:59:00,96.5
2025-06-12 00:35:00,72.5
2025-06-12 19:06:00,59.6
2025-06-12 15:34:00,35.1
2025-06-12 10:02:00,10.2
2025-06-12 00:04:00,27.1
2025-06-12 20:32:00,87.7
2025-06-12 08:28:00,77.1
2025-06-12 15:09:00,92.6
2025-06-12 11:05:00,90.3
2025-06-12 13:31:00,97.3
2025-06-12 03:16:00,78.1
2025-06-12 07:29:00,50.136426804852206
2025-06-12 06:59:00,96.0
2025-06-12 21:33:00,7.7
2025-06-12 06:47:00,15.5
2025-06-12 02:41:00,72.9
2025-06-12 23:41:00,76.5
2025-06-12 03:14:00,11.0
2025-06-12 13:51:00,88.2
2025-06-12 04:38:00,4.5
2025-06-12 15:16:00,70.7
2025-06-12 18:03:00,50.136426804852206
2025-06-12 20:02:00,71.7
2025-06-12 03:13:00,49.9
2025-06-12 05:27:00,4.4
2025-06-12 14:12:00,68.2
2025-06-12 22:48:00,12.0
2025-06-12 00:29:00,50.136426804852206
2025-06-12 11:20:00,50.136426804852206
2025-06-12 22:21:00,24.9
2025-06-12 01:40:00,50.136426804852206
2025-06-12 21:58:00,82.2
2025-06-12 01:01:00,65.2
2025-06-12 19:33:00,42.1
2025-06-12 16:42:00,59.3
2025-06-12 04:02:00,50.136426804852206
2025-06-12 00:05:00,70.5
2025-06-12 04:11:00,4.9
2025-06-12 00:48:00,43.4
2025-06-12 06:47:00,20.0
2025-06-12 21:27:00,94.7
2025-06-12 18:11:00,50.136426804852206
2025-06-12 18:00:00,61.0
2025-06-12 15:39:00,4.6
2025-06-12 01:30:00,62.5
2025-06-12 15:34:00,57.5
2025-06-12 06:25:00,50.136426804852206
2025-06-12 20:04:00,24.4
2025-06-12 06:19:00,84.3
2025-06-12 09:13:00,11.1
2025-06-12 04:32:00,57.8
2025-06-12 07:26:00,43.8
2025-06-12 06:40:00,69.9
2025-06-12 00:36:00,43.1
2025-06-12 23:17:00,63.0
2025-06-12 18:54:00,49.9
2025-06-12 11:58:00,41.8
2025-06-12 10:03:00,76.4
2025-06-12 12:45:00,45.6
2025-06-12 21:38:00,35.2
2025-06-12 00:17:00,54.3
2025-06-12 11:06:00,23.7
2025-06-12 05:08:00,83.6
2025-06-12 14:33:00,55.0
2025-06-12 19:02:00,64.1
2025-06-12 20:17:00,78.4
2025-06-12 04:11:00,23.6
2025-06-12 10:35:00,27.0
2025-06-12 10:09:00,50.136426804852206
2025-06-12 16:17:00,85.2
2025-06-12 04:41:00,50.136426804852206
2025-06-12 17:13:00,4.0
2025-06-12 21:54:00,96.8
2025-06-12 14:03:00,44.5
2025-06-12 21:45:00,21.3
2025-06-12 10:36:00,30.6
2025-06-12 09:51:00,74.1
2025-06-12 22:16:00,80.4
2025-06-12 15:35:00,42.2
2025-06-12 15:09:00,2.6
2025-06-12 03:30:00,88.8
2025-06-12 16:39:00,34.5
2025-06-12 07:00:00,42.2
2025-06-12 08:57:00,85.4
2025-06-12 07:14:00,50.136426804852206
2025-06-12 02:08:00,49.1
2025-06-12 19:34:00,44.0
2025-06-12 17:42:00,50.136426804852206
2025-06-12 08:51:00,42.1
2025-06-12 18:33:00,93.6
2025-06-12 21:39:00,79.9
2025-06-12 17:59:00,75.2
2025-06-12 01:07:00,94.9
2025-06-12 00:09:00,50.136426804852206
2025-06-12 16:49:00,59.0
2025-06-12 17:21:00,7.8
2025-06-12 03:19:00,50.136426804852206
2025-06-12 20:05:00,55.6
2025-06-12 23:14:00,50.136426804852206
2025-06-12 13:08:00,62.5
2025-06-12 04:17:00,2.3
2025-06-12 17:25:00,72.1
2025-06-12 01:48:00,50.136426804852206
2025-06-12 05:16:00,27.5
2025-06-12 03:44:00,50.136426804852206
2025-06-12 05:42:00,50.136426804852206
2025-06-12 21:49:00,36.1
2025-06-12 13:07:00,17.5
2025-06-12 09:21:00,15.4
2025-06-12 07:00:00,4.9
2025-06-12 23:21:00,52.5
2025-06-12 08:57:00,32.0
2025-06-12 05:32:00,59.0
2025-06-12 15:25:00,5.0
2025-06-12 16:22:00,3.5
2025-06-12 17:38:00,98.7
2025-06-12 05:54:00,1.8
2025-06-12 17:55:00,30.8
2025-06-12 01:42:00,49.9
2025-06-12 18:24:00,43.1
2025-06-12 23:43:00,50.136426804852206
2025-06-12 05:12:00,67.3
2025-06-12 12:40:00,25.7
2025-06-12 19:57:00,90.4
2025-06-12 04:16:00,50.136426804852206
2025-06-12 12:11:00,23.4
2025-06-12 01:45:00,50.9
2025-06-12 07:51:00,14.3
2025-06-12 17:15:00,50.136426804852206
2025-06-12 10:03:00,31.6
2025-06-12 05:36:00,88.2
2025-06-12 13:33:00,50.136426804852206
2025-06-12 00:02:00,13.0
2025-06-12 12:06:00,48.0
2025-06-12 10:54:00,50.136426804852206
2025-06-12 17:32:00,26.6
2025-06-12 19:12:00,58.6
2025-06-12 07:53:00,23.0
2025-06-12 15:43:00,12.1
2025-06-12 19:43:00,97.6
2025-06-12 02:51:00,31.2
2025-06-12 20:38:00,39.9
2025-06-12 08:17:00,50.136426804852206
2025-06-12 22:29:00,40.8
2025-06-12 00:19:00,50.136426804852206
2025-06-12 11:30:00,45.2
2025-06-12 12:56:00,50.136426804852206
2025-06-12 23:27:00,87.2
2025-06-12 13:12:00,85.7
2025-06-12 13:34:00,52.8
2025-06-12 16:17:00,87.8
2025-06-12 19:27:00,50.136426804852206
2025-06-12 11:36:00,54.9
2025-06-12 07:46:00,71.7
2025-06-12 14:43:00,8.2
2025-06-12 14:24:00,47.1
2025-06-12 23:12:00,37.3
2025-06-12 08:36:00,43.5
2025-06-12 19:50:00,33.1
2025-06-12 18:10:00,29.7
2025-06-12 12:23:00,90.7
2025-06-12 02:59:00,2.8
2025-06-12 04:40:00,50.136426804852206
2025-06-12 10:03:00,52.3
2025-06-12 06:31:00,12.3
2025-06-12 09:36:00,76.4
2025-06-12 21:04:00,50.136426804852206
2025-06-12 23:51:00,62.9
2025-06-12 23:40:00,50.136426804852206
2025-06-12 09:38:00,4.9
2025-06-12 11:55:00,61.2
2025-06-12 17:01:00,89.8
2025-06-12 23:47:00,71.3
2025-06-12 23:28:00,75.7
2025-06-12 23:11:00,78.0
2025-06-12 16:59:00,50.136426804852206
2025-06-12 01:21:00,55.0
2025-06-12 22:10:00,70.4
2025-06-12 03:51:00,40.4
2025-06-12 03:17:00,61.4
2025-06-12 02:01:00,31.5
2025-06-12 09:37:00,44.2
2025-06-12 12:30:00,63.8
2025-06-12 02:03:00,58.9
2025-06-12 19:04:00,50.136426804852206
2025-06-12 14:33:00,5.7
2025-06-12 23:13:00,15.6
2025-06-12 10:33:00,4.8
2025-06-12 17:20:00,88.6
2025-06-12 09:58:00,50.136426804852206
2025-06-12 19:53:00,31.6
2025-06-12 09:17:00,37.5
2025-06-12 01:28:00,25.5
2025-06-12 23:23:00,18.9
2025-06-12 17:00:00,33.7
2025-06-12 19:33:00,93.1
2025-06-12 22:02:00,13.1
2025-06-12 06:14:00,40.6
2025-06-12 13:53:00,35.2
2025-06-12 23:36:00,28.2
2025-06-12 14:18:00,36.7
2025-06-12 23:23:00,50.136426804852206
2025-06-12 07:36:00,50.136426804852206
2025-06-12 05:09:00,18.5
2025-06-12 04:16:00,29.9
2025-06-12 19:12:00,81.3
2025-06-12 15:32:00,4.9
2025-06-12 01:45:00,36.8
2025-06-12 18:08:00,10.4
2025-06-12 14:34:00,69.0
2025-06-12 18:52:00,50.136426804852206
2025-06-12 21:56:00,11.4
2025-06-12 17:55:00,72.7
2025-06-12 20:43:00,1.1
2025-06-12 14:15:00,99.9
2025-06-12 14:20:00,50.136426804852206
2025-06-12 02:30:00,84.1
2025-06-12 16:46:00,94.8
2025-06-12 11:11:00,67.8
2025-06-12 23:20:00,80.0
2025-06-12 05:10:00,86.8
2025-06-12 11:15:00,50.136426804852206
2025-06-12 23:26:00,35.4
2025-06-12 02:54:00,61.3
2025-06-12 12:32:00,90.1
2025-06-12 04:08:00,64.8
2025-06-12 03:55:00,21.7
2025-06-12 21:18:00,37.7
2025-06-12 15:57:00,10.1
2025-06-12 03:43:00,7.9
2025-06-12 10:15:00,50.037891637220255
2025-06-12 11:37:00,30.0
2025-06-12 13:32:00,40.6
2025-06-12 03:23:00,65.5
2025-06-12 19:12:00,37.6
2025-06-12 11:27:00,60.9
2025-06-12 06:43:00,43.5
2025-06-12 19:44:00,56.8
2025-06-12 23:51:00,55.2
2025-06-12 04:05:00,15.5
2025-06-12 14:10:00,26.7
2025-06-12 19:31:00,4.2
2025-06-12 17:01:00,23.0
2025-06-12 02:28:00,50.037891637220255
2025-06-12 14:20:00,96.7
2025-06-12 07:38:00,20.7
2025-06-12 11:34:00,6.9
2025-06-12 11:22:00,50.0
2025-06-12 15:06:00,68.7
2025-06-12 17:56:00,50.037891637220255
2025-06-12 05:38:00,4.9
2025-06-12 02:23:00,39.1
2025-06-12 18:16:00,10.2
2025-06-12 10:02:00,50.037891637220255
2025-06-12 02:39:00,10.9
2025-06-12 21:51:00,47.9
2025-06-12 17:38:00,50.037891637220255
2025-06-12 23:11:00,63.7
2025-06-12 16:36:00,32.9
2025-06-12 11:11:00,50.037891637220255
2025-06-12 11:31:00,83.6
2025-06-12 08:07:00,72.1
2025-06-12 20:58:00,79.4
2025-06-12 11:56:00,43.4
2025-06-12 22:09:00,57.7
2025-06-12 19:20:00,11.0
2025-06-12 17:13:00,76.7
2025-06-12 01:39:00,11.8
2025-06-12 12:09:00,7.3
2025-06-12 13:20:00,66.9
2025-06-12 15:17:00,76.0
2025-06-12 16:48:00,90.1
2025-06-12 00:48:00,23.6
2025-06-12 05:16:00,40.3
2025-06-12 00:56:00,43.1
2025-06-12 19:25:00,95.8
2025-06-12 14:19:00,2.1
2025-06-12 19:25:00,38.6
2025-06-12 07:28:00,58.2
2025-06-12 10:25:00,50.037891637220255
2025-06-12 16:07:00,0.6
2025-06-12 22:54:00,11.4
2025-06-12 10:22:00,10.2
2025-06-12 23:24:00,50.037891637220255
2025-06-12 14:38:00,99.1
2025-06-12 04:21:00,35.0
2025-06-12 14:00:00,50.037891637220255
2025-06-12 22:07:00,65.3
2025-06-12 13:17:00,77.2
2025-06-12 12:45:00,43.8
2025-06-12 14:40:00,50.037891637220255
2025-06-12 04:36:00,87.3
2025-06-12 04:03:00,17.7
2025-06-12 22:14:00,50.037891637220255
2025-06-12 03:18:00,2.2
2025-06-12 10:42:00,7.1
2025-06-12 05:38:00,33.0
2025-06-12 21:01:00,34.5
2025-06-12 06:49:00,94.9
2025-06-12 06:55:00,50.6
2025-06-12 12:38:00,50.037891637220255
2025-06-12 11:39:00,68.6
2025-06-12 11:20:00,11.1
2025-06-12 20:59:00,53.0
2025-06-12 23:42:00,50.037891637220255
2025-06-12 13:49:00,68.1
2025-06-12 20:33:00,20.4
2025-06-12 10:36:00,50.037891637220255
2025-06-12 01:31:00,84.8
2025-06-12 17:22:00,2.5
2025-06-12 19:59:00,50.037891637220255
2025-06-12 00:10:00,76.5
2025-06-12 10:13:00,10.8
2025-06-12 20:38:00,47.8
2025-06-12 12:35:00,13.5
2025-06-12 04:36:00,12.3
2025-06-12 01:20:00,44.3
2025-06-12 13:07:00,58.6
2025-06-12 20:48:00,57.4
2025-06-12 03:04:00,15.3
2025-06-12 06:45:00,19.8
2025-06-12 15:20:00,50.037891637220255
2025-06-12 05:16:00,28.5
2025-06-12 19:07:00,97.6
2025-06-12 20:35:00,20.5
2025-06-12 16:09:00,85.1
2025-06-12 12:51:00,10.5
2025-06-12 07:29:00,40.3
2025-06-12 00:23:00,50.037891637220255
2025-06-12 13:27:00,48.4
2025-06-12 16:27:00,66.9
2025-06-12 23:03:00,50.037891637220255
2025-06-12 07:13:00,50.037891637220255
2025-06-12 00:13:00,82.3
2025-06-12 17:12:00,27.7
2025-06-12 19:37:00,67.6
2025-06-12 13:19:00,48.3
2025-06-12 12:18:00,29.1
2025-06-12 05:09:00,50.037891637220255
2025-06-12 03:13:00,22.3
2025-06-12 00:30:00,50.037891637220255
2025-06-12 23:25:00,65.0
2025-06-12 20:51:00,50.037891637220255
2025-06-12 03:12:00,50.037891637220255
2025-06-12 09:16:00,83.1
2025-06-12 00:38:00,41.6
2025-06-12 02:08:00,50.037891637220255
2025-06-12 14:36:00,50.037891637220255
2025-06-12 23:27:00,18.5
2025-06-12 12:26:00,77.0
2025-06-12 01:48:00,74.9
2025-06-12 04:22:00,42.6
2025-06-12 16:57:00,27.8
2025-06-12 11:15:00,92.1
2025-06-12 23:56:00,50.037891637220255
2025-06-12 05:16:00,50.037891637220255
2025-06-12 14:22:00,82.7
2025-06-12 22:33:00,50.037891637220255
2025-06-12 21:01:00,75.8
2025-06-12 20:01:00,43.3
2025-06-12 17:21:00,36.8
2025-06-12 23:24:00,68.1
2025-06-12 14:13:00,35.3
2025-06-12 11:33:00,35.2
2025-06-12 15:51:00,71.0
2025-06-12 20:46:00,7.6
2025-06-12 05:59:00,50.037891637220255
2025-06-12 06:16:00,68.7
2025-06-12 11:10:00,52.4
2025-06-12 23:49:00,12.9
2025-06-12 09:15:00,39.0
2025-06-12 16:44:00,16.8
2025-06-12 07:26:00,76.1
2025-06-12 10:22:00,84.0
2025-06-12 02:09:00,34.7
2025-06-12 04:13:00,7.5
2025-06-12 17:34:00,80.1
2025-06-12 09:38:00,46.1
2025-06-12 10:39:00,35.9
2025-06-12 15:14:00,16.2
2025-06-12 03:31:00,21.4
2025-06-12 13:45:00,65.5
2025-06-12 09:31:00,5.5
2025-06-12 15:31:00,19.3
2025-06-12 01:55:00,68.4
2025-06-12 16:40:00,46.5
2025-06-12 03:34:00,81.5
2025-06-12 01:43:00,50.037891637220255
2025-06-12 03:45:00,50.037891637220255
2025-06-12 02:50:00,70.2
2025-06-12 15:27:00,75.1
2025-06-12 13:57:00,53.9
2025-06-12 22:26:00,42.6
2025-06-12 11:01:00,18.7
2025-06-12 10:40:00,80.6
2025-06-12 01:42:00,56.9
2025-06-12 19:38:00,99.1
2025-06-12 01:48:00,50.037891637220255
2025-06-12 07:14:00,72.7
2025-06-12 23:56:00,80.2
2025-06-12 03:56:00,91.5
2025-06-12 06:21:00,81.2
2025-06-12 14:04:00,95.1
2025-06-12 03:34:00,38.8
2025-06-12 05:41:00,93.3
2025-06-12 21:39:00,48.9
2025-06-12 18:46:00,42.8
2025-06-12 14:20:00,55.2
2025-06-12 14:57:00,50.037891637220255
2025-06-12 18:10:00,14.1
2025-06-12 18:39:00,42.4
2025-06-12 04:34:00,90.0
2025-06-12 13:08:00,14.4
2025-06-12 01:26:00,51.0
2025-06-12 05:46:00,26.0
2025-06-12 23:41:00,50.037891637220255
2025-06-12 13:01:00,93.6
2025-06-12 14:13:00,85.5
2025-06-12 04:45:00,82.5
2025-06-12 16:47:00,50.037891637220255
2025-06-12 12:02:00,73.0
2025-06-12 07:38:00,36.7
2025-06-12 22:28:00,76.4
2025-06-12 05:37:00,50.037891637220255
2025-06-12 09:37:00,28.9
2025-06-12 06:22:00,47.8
2025-06-12 09:30:00,93.2
2025-06-12 03:48:00,1.7
2025-06-12 11:46:00,84.7
2025-06-12 12:43:00,28.6
2025-06-12 12:20:00,33.5
2025-06-12 21:44:00,20.3
2025-06-12 22:36:00,9.2
2025-06-12 08:14:00,15.8
2025-06-12 15:38:00,81.4
2025-06-12 03:04:00,92.3
2025-06-12 01:53:00,0.8
2025-06-12 15:43:00,81.5
2025-06-12 06:46:00,38.5
2025-06-12 00:26:00,12.9
2025-06-12 15:57:00,81.1
2025-06-12 11:56:00,50.037891637220255
2025-06-12 10:50:00,43.8
2025-06-12 03:25:00,68.4
2025-06-12 21:52:00,69.5
2025-06-12 11:07:00,50.037891637220255
2025-06-12 09:45:00,56.9
2025-06-12 09:36:00,95.0
2025-06-12 19:20:00,11.7
2025-06-12 09:52:00,26.4
2025-06-12 01:58:00,61.7
2025-06-12 06:08:00,68.3
2025-06-12 07:59:00,50.0
2025-06-12 10:06:00,98.1
2025-06-12 15:22:00,17.3
2025-06-12 04:59:00,56.7
2025-06-12 06:22:00,55.0
2025-06-12 18:49:00,60.8
2025-06-12 23:20:00,6.1
2025-06-12 04:58:00,84.6
2025-06-12 00:20:00,10.6
2025-06-12 15:10:00,50.037891637220255
2025-06-12 06:22:00,30.0
2025-06-12 16:30:00,64.9
2025-06-12 19:21:00,12.4
2025-06-12 05:49:00,4.8
2025-06-12 14:08:00,76.0
2025-06-12 11:56:00,50.037891637220255
2025-06-12 16:48:00,21.8
2025-06-12 16:43:00,65.7
2025-06-12 07:51:00,50.037891637220255
2025-06-12 08:39:00,50.037891637220255
2025-06-12 22:39:00,15.8
2025-06-12 04:35:00,70.9
2025-06-12 15:04:00,85.7
2025-06-12 02:30:00,59.8
2025-06-12 03:39:00,52.8
2025-06-12 15:59:00,37.9
2025-06-12 08:54:00,84.2
2025-06-12 02:26:00,26.1
2025-06-12 19:22:00,39.9
2025-06-12 02:42:00,69.4
2025-06-12 02:17:00,50.037891637220255
2025-06-12 00:48:00,24.7
2025-06-12 04:16:00,56.5
2025-06-12 17:59:00,35.5
2025-06-12 02:09:00,27.2
2025-06-12 10:16:00,12.8
2025-06-12 03:57:00,50.037891637220255
2025-06-12 16:47:00,15.5
2025-06-12 13:06:00,85.8
2025-06-12 17:10:00,93.3
2025-06-12 15:15:00,82.7
2025-06-12 22:17:00,0.6
2025-06-12 18:53:00,19.7
2025-06-12 15:09:00,73.8
2025-06-12 03:41:00,26.0
2025-06-12 21:21:00,87.4
2025-06-12 08:50:00,50.037891637220255
2025-06-12 00:30:00,62.5
2025-06-12 13:09:00,90.1
2025-06-12 14:28:00,3.8
2025-06-12 16:37:00,78.7
2025-06-12 21:19:00,15.1
2025-06-12 15:47:00,47.3
2025-06-12 03:44:00,60.3
2025-06-12 08:43:00,93.3
2025-06-12 16:53:00,68.4
2025-06-12 03:01:00,61.8
2025-06-12 19:53:00,44.1
2025-06-12 05:47:00,46.1
2025-06-12 10:44:00,50.037891637220255
2025-06-12 08:00:00,1.7
2025-06-12 07:12:00,50.037891637220255
2025-06-12 19:27:00,17.5
2025-06-12 20:08:00,50.037891637220255
2025-06-12 22:00:00,72.6
2025-06-12 00:45:00,78.2
2025-06-12 21:33:00,81.2
2025-06-12 00:28:00,14.4
2025-06-12 16:00:00,17.1
2025-06-12 16:50:00,50.037891637220255
2025-06-12 09:24:00,50.037891637220255
2025-06-12 18:50:00,37.6
2025-06-12 16:16:00,30.7
2025-06-12 06:33:00,41.0
2025-06-12 23:40:00,42.0
2025-06-12 13:37:00,42.9
2025-06-12 18:45:00,30.9
2025-06-12 20:41:00,75.0
2025-06-12 18:34:00,78.4
2025-06-12 10:39:00,50.037891637220255
2025-06-12 06:41:00,41.7
2025-06-12 06:52:00,42.9
2025-06-12 22:21:00,20.1
2025-06-12 07:18:00,12.1
2025-06-12 13:30:00,84.3
2025-06-12 07:32:00,54.4
2025-06-12 13:58:00,1.8
2025-06-12 05:01:00,8.7
2025-06-12 07:21:00,96.2
2025-06-12 06:15:00,62.3
2025-06-12 04:56:00,15.7
2025-06-12 10:22:00,75.1
2025-06-12 19:13:00,89.8
2025-06-12 01:45:00,40.9
2025-06-12 05:45:00,88.4
2025-06-12 23:22:00,28.2
2025-06-12 17:48:00,72.6
2025-06-12 14:11:00,1.3
2025-06-12 13:09:00,99.5
2025-06-12 09:13:00,99.3
2025-06-12 15:09:00,3.7
2025-06-12 10:57:00,23.3
2025-06-12 05:30:00,41.4
2025-06-12 00:59:00,63.7
2025-06-12 17:33:00,50.037891637220255
2025-06-12 16:09:00,73.8
2025-06-12 08:17:00,49.0
2025-06-12 04:43:00,25.6
2025-06-12 06:32:00,39.5
2025-06-12 17:46:00,62.6
2025-06-12 21:35:00,96.0
2025-06-12 06:58:00,21.3
2025-06-12 10:47:00,79.6
2025-06-12 10:07:00,48.7
2025-06-12 07:10:00,50.037891637220255
2025-06-12 11:41:00,50.037891637220255
2025-06-12 21:12:00,21.0
2025-06-12 21:49:00,5.1
2025-06-12 02:07:00,50.037891637220255
2025-06-12 13:14:00,3.8
2025-06-12 04:49:00,2.7
2025-06-12 11:56:00,98.8
2025-06-12 08:00:00,49.86672560113154
2025-06-12 08:51:00,37.7
2025-06-12 01:31:00,11.9
2025-06-12 16:07:00,9.5
2025-06-12 17:33:00,95.0
2025-06-12 23:37:00,25.5
2025-06-12 17:46:00,6.6
2025-06-12 22:54:00,69.0
2025-06-12 19:03:00,35.5
2025-06-12 23:39:00,97.0
2025-06-12 00:31:00,49.86672560113154
2025-06-12 00:30:00,57.9
2025-06-12 05:21:00,37.0
2025-06-12 06:25:00,99.7
2025-06-12 23:59:00,83.1
2025-06-12 11:39:00,49.86672560113154
2025-06-12 07:56:00,17.2
2025-06-12 20:19:00,61.5
2025-06-12 16:58:00,11.5
2025-06-12 14:52:00,69.8
2025-06-12 01:23:00,49.86672560113154
2025-06-12 09:51:00,35.6
2025-06-12 13:31:00,49.86672560113154
2025-06-12 17:13:00,79.3
2025-06-12 08:07:00,90.2
2025-06-12 04:21:00,26.4
2025-06-12 07:18:00,22.6
2025-06-12 16:35:00,95.3
2025-06-12 01:46:00,97.3
2025-06-12 12:51:00,49.86672560113154
2025-06-12 23:12:00,49.86672560113154
2025-06-12 07:11:00,2.8
2025-06-12 08:59:00,53.6
2025-06-12 19:07:00,26.9
2025-06-12 07:22:00,35.7
2025-06-12 02:15:00,60.1
2025-06-12 04:52:00,17.3
2025-06-12 14:16:00,49.86672560113154
2025-06-12 08:57:00,71.5
2025-06-12 06:27:00,15.4
2025-06-12 18:23:00,82.0
2025-06-12 05:05:00,7.0
2025-06-12 22:44:00,31.4
2025-06-12 17:05:00,61.5
2025-06-12 23:26:00,90.5
2025-06-12 13:01:00,88.8
2025-06-12 12:07:00,77.9
2025-06-12 09:23:00,49.86672560113154
2025-06-12 22:35:00,95.9
2025-06-12 18:36:00,49.86672560113154
2025-06-12 16:44:00,67.3
2025-06-12 18:17:00,49.86672560113154
2025-06-12 14:35:00,3.5
2025-06-12 04:45:00,45.8
2025-06-12 01:58:00,56.5
2025-06-12 06:48:00,49.86672560113154
2025-06-12 20:59:00,15.5
2025-06-12 03:28:00,84.7
2025-06-12 20:02:00,49.86672560113154
2025-06-12 12:32:00,53.5
2025-06-12 11:28:00,49.86672560113154
2025-06-12 00:26:00,62.3
2025-06-12 01:26:00,9.8
2025-06-12 19:41:00,21.2
2025-06-12 22:00:00,82.2
2025-06-12 20:23:00,49.86672560113154
2025-06-12 21:46:00,49.86672560113154
2025-06-12 05:12:00,49.86672560113154
2025-06-12 04:44:00,63.0
2025-06-12 05:36:00,41.6
2025-06-12 11:03:00,33.2
2025-06-12 17:29:00,97.7
2025-06-12 07:00:00,49.86672560113154
2025-06-12 12:52:00,47.5
2025-06-12 20:16:00,41.8
2025-06-12 06:10:00,54.7
2025-06-12 02:13:00,49.86672560113154
2025-06-12 17:31:00,13.1
2025-06-12 21:37:00,10.9
2025-06-12 16:32:00,46.1
2025-06-12 06:16:00,68.8
2025-06-12 04:50:00,34.6
2025-06-12 22:13:00,86.4
2025-06-12 02:36:00,70.3
2025-06-12 13:41:00,8.7
2025-06-12 19:54:00,63.5
2025-06-12 08:06:00,57.9
2025-06-12 04:35:00,15.7
2025-06-12 15:06:00,49.86672560113154
2025-06-12 17:07:00,13.3
2025-06-12 17:20:00,49.86672560113154
2025-06-12 09:49:00,2.7
2025-06-12 05:08:00,58.3
2025-06-12 18:26:00,11.8
2025-06-12 19:11:00,49.86672560113154
2025-06-12 08:46:00,97.1
2025-06-12 23:11:00,49.86672560113154
2025-06-12 16:16:00,38.5
2025-06-12 18:09:00,50.6
2025-06-12 09:41:00,37.3
2025-06-12 10:28:00,49.86672560113154
2025-06-12 21:19:00,9.3
2025-06-12 15:42:00,2.9
2025-06-12 04:18:00,4.4
2025-06-12 23:41:00,17.2
2025-06-12 00:32:00,36.8
2025-06-12 11:14:00,6.7
2025-06-12 16:01:00,57.0
2025-06-12 08:43:00,10.5
2025-06-12 01:04:00,0.9
2025-06-12 13:09:00,12.4
2025-06-12 00:51:00,14.9
2025-06-12 03:01:00,61.2
2025-06-12 13:26:00,52.0
2025-06-12 19:04:00,15.3
2025-06-12 18:46:00,45.0
2025-06-12 05:13:00,51.4
2025-06-12 23:58:00,50.8
2025-06-12 17:57:00,77.4
2025-06-12 07:30:00,49.86672560113154
2025-06-12 20:18:00,49.86672560113154
2025-06-12 16:09:00,14.2
2025-06-12 13:15:00,81.5
2025-06-12 11:06:00,77.6
2025-06-12 22:25:00,88.5
2025-06-12 11:13:00,47.7
2025-06-12 18:11:00,18.0
2025-06-12 23:22:00,88.3
2025-06-12 00:18:00,98.4
2025-06-12 12:44:00,83.8
2025-06-12 10:13:00,20.3
2025-06-12 17:06:00,25.0
2025-06-12 21:29:00,40.4
2025-06-12 04:05:00,3.9
2025-06-12 21:15:00,81.5
2025-06-12 07:21:00,61.3
2025-06-12 19:51:00,49.86672560113154
2025-06-12 11:42:00,98.6
2025-06-12 02:38:00,57.8
2025-06-12 18:45:00,18.7
2025-06-12 03:56:00,49.4
2025-06-12 23:25:00,99.4
2025-06-12 03:44:00,28.4
2025-06-12 02:52:00,7.1
2025-06-12 05:38:00,82.4
2025-06-12 08:35:00,31.8
2025-06-12 01:14:00,49.86672560113154
2025-06-12 20:10:00,94.0
2025-06-12 04:17:00,19.5
2025-06-12 11:51:00,85.1
2025-06-12 07:27:00,11.6
2025-06-12 13:53:00,24.4
2025-06-12 17:00:00,11.2
2025-06-12 18:12:00,16.8
2025-06-12 01:57:00,75.0
2025-06-12 15:15:00,42.0
2025-06-12 04:19:00,65.1
2025-06-12 10:41:00,70.2
2025-06-12 18:50:00,11.6
2025-06-12 11:09:00,72.9
2025-06-12 21:56:00,57.3
2025-06-12 15:33:00,91.5
2025-06-12 01:54:00,97.5
2025-06-12 13:56:00,31.3
2025-06-12 05:00:00,43.4
2025-06-12 08:32:00,89.6
2025-06-12 08:01:00,65.5
2025-06-12 00:22:00,49.86672560113154
2025-06-12 23:53:00,97.9
2025-06-12 20:38:00,18.7
2025-06-12 16:25:00,99.0
2025-06-12 01:00:00,49.86672560113154
2025-06-12 14:20:00,47.1
2025-06-12 16:55:00,59.4
2025-06-12 01:28:00,92.3
2025-06-12 11:34:00,63.5
2025-06-12 07:26:00,92.9
2025-06-12 18:49:00,49.86672560113154
2025-06-12 12:53:00,53.9
2025-06-12 15:58:00,77.5
2025-06-12 05:06:00,56.3
2025-06-12 14:19:00,25.4
2025-06-12 16:49:00,30.7
2025-06-12 08:44:00,85.5
2025-06-12 22:43:00,67.9
2025-06-12 02:39:00,92.7
2025-06-12 15:11:00,61.8
2025-06-12 18:43:00,44.4
2025-06-12 12:36:00,63.7
2025-06-12 01:59:00,72.5
2025-06-12 01:39:00,25.7
2025-06-12 07:06:00,71.8
2025-06-12 12:42:00,60.3
2025-06-12 10:07:00,40.8
2025-06-12 00:55:00,49.86672560113154
2025-06-12 13:35:00,73.0
2025-06-12 04:47:00,82.1
2025-06-12 05:25:00,89.0
2025-06-12 07:16:00,22.6
2025-06-12 20:47:00,37.8
2025-06-12 21:38:00,46.9
2025-06-12 08:34:00,36.0
2025-06-12 10:10:00,77.3
2025-06-12 18:44:00,52.7
2025-06-12 05:04:00,14.4
2025-06-12 04:30:00,33.9
2025-06-12 01:44:00,49.86672560113154
2025-06-12 09:35:00,19.5
2025-06-12 12:43:00,11.3
2025-06-12 22:31:00,49.86672560113154
2025-06-12 22:14:00,8.8
2025-06-12 14:41:00,49.86672560113154
2025-06-12 10:23:00,44.6
2025-06-12 20:35:00,50.9
2025-06-12 13:27:00,64.7
2025-06-12 07:31:00,77.8
2025-06-12 05:51:00,40.2
2025-06-12 06:39:00,49.86672560113154
2025-06-12 05:02:00,98.3
2025-06-12 14:53:00,7.8
2025-06-12 01:22:00,47.3
2025-06-12 09:33:00,20.2
2025-06-12 18:22:00,14.5
2025-06-12 09:13:00,59.3
2025-06-12 05:40:00,81.5
2025-06-12 17:26:00,63.6
2025-06-12 03:26:00,0.3
2025-06-12 19:06:00,53.5
2025-06-12 04:36:00,31.7
2025-06-12 03:29:00,49.86672560113154
2025-06-12 19:02:00,49.86672560113154
2025-06-12 01:37:00,1.5
2025-06-12 01:27:00,76.6
2025-06-12 23:32:00,43.0
2025-06-12 06:14:00,18.1
2025-06-12 17:23:00,49.86672560113154
2025-06-12 01:07:00,95.1
2025-06-12 20:24:00,49.86672560113154
2025-06-12 08:36:00,57.1
2025-06-12 12:50:00,49.86672560113154
2025-06-12 14:04:00,9.1
2025-06-12 16:24:00,49.86672560113154
2025-06-12 20:00:00,43.2
2025-06-12 03:06:00,87.6
2025-06-12 11:00:00,15.6
2025-06-12 18:59:00,13.5
2025-06-12 05:49:00,91.1
2025-06-12 20:37:00,49.86672560113154
2025-06-12 20:05:00,32.6
2025-06-12 19:49:00,18.1
2025-06-12 10:15:00,92.4
2025-06-12 14:54:00,13.4
2025-06-12 04:09:00,6.6
2025-06-12 09:08:00,15.0
2025-06-12 13:28:00,76.6
2025-06-12 14:13:00,29.5
2025-06-12 23:45:00,91.1
2025-06-12 05:53:00,52.1
2025-06-12 01:25:00,9.2
2025-06-12 06:04:00,41.6
2025-06-12 06:21:00,81.0
2025-06-12 17:24:00,62.4
2025-06-12 10:29:00,49.2
2025-06-12 06:29:00,76.6
2025-06-12 16:04:00,37.1
2025-06-12 16:02:00,92.0
2025-06-12 08:17:00,73.9
2025-06-12 01:05:00,64.8
2025-06-12 10:01:00,64.4
2025-06-12 06:01:00,49.86672560113154
2025-06-12 00:34:00,11.1
2025-06-12 11:16:00,49.86672560113154
2025-06-12 05:27:00,69.7
2025-06-12 18:31:00,11.2
2025-06-12 07:54:00,37.4
2025-06-12 00:59:00,40.5
2025-06-12 09:14:00,25.8
2025-06-12 21:04:00,49.86672560113154
2025-06-12 15:21:00,57.2
2025-06-12 13:02:00,11.6
2025-06-12 11:55:00,70.1
2025-06-12 18:29:00,18.1
2025-06-12 04:31:00,9.2
2025-06-12 03:47:00,28.5
2025-06-12 07:44:00,49.86672560113154
2025-06-12 23:55:00,42.6
2025-06-12 07:57:00,49.86672560113154
2025-06-12 00:07:00,31.2
2025-06-12 23:08:00,11.8
2025-06-12 10:33:00,71.4
2025-06-12 18:03:00,21.2
2025-06-12 21:30:00,56.1
2025-06-12 05:34:00,49.86672560113154
2025-06-12 12:37:00,49.86672560113154
2025-06-12 03:48:00,2.0
2025-06-12 23:51:00,42.9
2025-06-12 17:48:00,2.7
2025-06-12 08:15:00,66.1
2025-06-12 06:52:00,60.6
2025-06-12 19:37:00,21.0
2025-06-12 16:26:00,31.3
2025-06-12 00:37:00,41.3
2025-06-12 19:31:00,65.1
2025-06-12 12:48:00,50.613932505273034
2025-06-12 07:08:00,0.8
2025-06-12 10:33:00,92.6
2025-06-12 18:20:00,97.6
2025-06-12 03:01:00,41.4
2025-06-12 19:01:00,66.2
2025-06-12 04:56:00,93.5
2025-06-12 11:53:00,85.9
2025-06-12 13:54:00,32.2
2025-06-12 01:54:00,75.3
2025-06-12 05:52:00,57.2
2025-06-12 06:56:00,88.1
2025-06-12 22:06:00,5.1
2025-06-12 06:38:00,82.3
2025-06-12 13:28:00,5.5
2025-06-12 20:35:00,89.3
2025-06-12 13:51:00,50.613932505273034
2025-06-12 11:21:00,68.4
2025-06-12 22:16:00,50.613932505273034
2025-06-12 01:12:00,16.2
2025-06-12 17:04:00,41.4
2025-06-12 01:13:00,3.4
2025-06-12 21:15:00,50.613932505273034
2025-06-12 14:23:00,47.7
2025-06-12 13:50:00,4.6
2025-06-12 06:57:00,1.3
2025-06-12 17:12:00,68.7
2025-06-12 06:12:00,50.613932505273034
2025-06-12 11:13:00,89.9
2025-06-12 16:45:00,96.9
2025-06-12 21:44:00,69.5
2025-06-12 18:00:00,96.7
2025-06-12 12:36:00,50.613932505273034
2025-06-12 19:27:00,39.2
2025-06-12 02:04:00,0.4
2025-06-12 05:41:00,39.0
2025-06-12 13:22:00,13.2
2025-06-12 08:44:00,44.2
2025-06-12 03:28:00,18.5
2025-06-12 00:34:00,27.2
2025-06-12 15:52:00,61.5
2025-06-12 15:05:00,59.4
2025-06-12 02:55:00,17.6
2025-06-12 03:38:00,14.7
2025-06-12 09:26:00,49.1
2025-06-12 11:14:00,36.7
2025-06-12 05:56:00,62.3
2025-06-12 17:05:00,54.6
2025-06-12 13:00:00,19.7
2025-06-12 17:50:00,91.7
2025-06-12 10:55:00,18.8
2025-06-12 09:21:00,87.1
2025-06-12 23:26:00,39.0
2025-06-12 13:35:00,43.8
2025-06-12 11:45:00,0.4
2025-06-12 04:45:00,50.613932505273034
2025-06-12 13:42:00,50.613932505273034
2025-06-12 01:57:00,99.6
2025-06-12 21:09:00,59.7
2025-06-12 14:27:00,32.2
2025-06-12 14:49:00,50.613932505273034
2025-06-12 14:04:00,94.6
2025-06-12 07:10:00,52.1
2025-06-12 00:32:00,77.0
2025-06-12 07:16:00,70.5
2025-06-12 02:43:00,2.8
2025-06-12 13:56:00,47.0
2025-06-12 15:54:00,75.4
2025-06-12 23:53:00,76.7
2025-06-12 11:52:00,47.3
2025-06-12 07:20:00,94.2
2025-06-12 14:19:00,14.8
2025-06-12 09:09:00,7.2
2025-06-12 09:41:00,6.0
2025-06-12 15:23:00,68.7
2025-06-12 14:29:00,7.4
2025-06-12 13:32:00,4.1
2025-06-12 12:32:00,27.2
2025-06-12 15:59:00,82.8
2025-06-12 06:34:00,68.3
2025-06-12 17:02:00,39.6
2025-06-12 18:22:00,10.6
2025-06-12 11:42:00,56.4
2025-06-12 01:02:00,59.7
2025-06-12 15:51:00,50.613932505273034
2025-06-12 06:24:00,5.6
2025-06-12 06:01:00,42.1
2025-06-12 21:01:00,17.8
2025-06-12 02:10:00,60.8
2025-06-12 14:38:00,50.613932505273034
2025-06-12 03:33:00,88.0
2025-06-12 17:20:00,67.5
2025-06-12 22:02:00,28.9
2025-06-12 18:23:00,95.7
2025-06-12 06:49:00,32.0
2025-06-12 06:11:00,50.613932505273034
2025-06-12 03:21:00,13.6
2025-06-12 00:58:00,26.8
2025-06-12 14:42:00,24.5
2025-06-12 12:18:00,31.8
2025-06-12 18:33:00,13.9
2025-06-12 11:15:00,35.8
2025-06-12 16:39:00,64.2
2025-06-12 03:34:00,44.5
2025-06-12 14:20:00,9.4
2025-06-12 05:39:00,46.4
2025-06-12 05:54:00,93.7
2025-06-12 08:16:00,44.6
2025-06-12 08:30:00,85.4
2025-06-12 00:12:00,50.613932505273034
2025-06-12 10:13:00,89.9
2025-06-12 07:31:00,52.8
2025-06-12 04:34:00,15.0
2025-06-12 09:37:00,38.6
2025-06-12 18:07:00,45.7
2025-06-12 20:57:00,81.9
2025-06-12 09:17:00,39.9
2025-06-12 08:10:00,2.6
2025-06-12 21:18:00,72.6
2025-06-12 18:42:00,64.1
2025-06-12 01:00:00,78.3
2025-06-12 03:48:00,33.6
2025-06-12 13:02:00,36.9
2025-06-12 12:00:00,51.7
2025-06-12 11:31:00,18.5
2025-06-12 23:15:00,42.6
2025-06-12 18:28:00,25.8
2025-06-12 20:19:00,50.613932505273034
2025-06-12 13:07:00,94.4
2025-06-12 04:41:00,97.3
2025-06-12 09:18:00,91.0
2025-06-12 19:33:00,50.613932505273034
2025-06-12 05:19:00,31.0
2025-06-12 00:01:00,2.0
2025-06-12 05:47:00,42.2
2025-06-12 14:41:00,10.8
2025-06-12 19:16:00,50.613932505273034
2025-06-12 23:42:00,35.5
2025-06-12 06:10:00,28.1
2025-06-12 15:32:00,50.613932505273034
2025-06-12 03:07:00,20.7
2025-06-12 22:32:00,34.5
2025-06-12 08:03:00,50.613932505273034
2025-06-12 10:35:00,25.8
2025-06-12 18:25:00,50.613932505273034
2025-06-12 15:34:00,50.613932505273034
2025-06-12 05:18:00,50.613932505273034
2025-06-12 20:37:00,85.0
2025-06-12 12:11:00,50.613932505273034
2025-06-12 18:43:00,50.613932505273034
2025-06-12 19:36:00,50.613932505273034
2025-06-12 02:01:00,18.8
2025-06-12 13:44:00,50.613932505273034
2025-06-12 22:35:00,42.0
2025-06-12 12:08:00,54.9
2025-06-12 22:10:00,57.3
2025-06-12 12:54:00,54.7
2025-06-12 05:25:00,80.7
2025-06-12 15:08:00,75.3
2025-06-12 15:49:00,53.9
2025-06-12 09:07:00,99.8
2025-06-12 19:54:00,47.4
2025-06-12 04:16:00,39.6
2025-06-12 01:42:00,74.0
2025-06-12 06:28:00,89.8
2025-06-12 22:15:00,5.3
2025-06-12 13:33:00,83.8
2025-06-12 22:24:00,50.9
2025-06-12 23:41:00,41.7
2025-06-12 11:06:00,28.0
2025-06-12 04:39:00,50.613932505273034
2025-06-12 22:12:00,52.7
2025-06-12 06:42:00,23.9
2025-06-12 01:15:00,96.6
2025-06-12 19:18:00,24.7
2025-06-12 00:05:00,87.8
2025-06-12 16:05:00,32.3
2025-06-12 23:22:00,50.5
2025-06-12 02:40:00,81.1
2025-06-12 23:30:00,50.613932505273034
2025-06-12 19:30:00,37.2
2025-06-12 00:41:00,52.3
2025-06-12 01:22:00,4.1
2025-06-12 20:48:00,50.613932505273034
2025-06-12 06:58:00,44.1
2025-06-12 08:51:00,5.4
2025-06-12 10:20:00,50.613932505273034
2025-06-12 04:01:00,72.4
2025-06-12 05:22:00,4.7
2025-06-12 06:45:00,41.7
2025-06-12 14:57:00,28.7
2025-06-12 20:46:00,3.1
2025-06-12 22:31:00,50.613932505273034
2025-06-12 04:04:00,85.3
2025-06-12 04:21:00,98.9
2025-06-12 12:01:00,50.613932505273034
2025-06-12 20:54:00,68.8
2025-06-12 16:38:00,16.6
2025-06-12 12:55:00,50.613932505273034
2025-06-12 16:17:00,42.7
2025-06-12 13:17:00,50.613932505273034
2025-06-12 17:56:00,72.9
2025-06-12 11:16:00,93.4
2025-06-12 23:48:00,64.6
2025-06-12 19:50:00,87.4
2025-06-12 14:30:00,63.2
2025-06-12 14:50:00,20.4
2025-06-12 03:31:00,56.3
2025-06-12 02:16:00,50.613932505273034
2025-06-12 19:44:00,68.7
2025-06-12 19:53:00,60.7
2025-06-12 22:34:00,89.2
2025-06-12 11:29:00,50.613932505273034
2025-06-12 03:54:00,1.3
2025-06-12 17:08:00,19.9
2025-06-12 00:06:00,44.6
2025-06-12 09:31:00,83.1
2025-06-12 23:02:00,85.8
2025-06-12 22:01:00,89.4
2025-06-12 17:03:00,82.5
2025-06-12 00:57:00,23.1
2025-06-12 01:48:00,99.7
2025-06-12 08:06:00,10.6
2025-06-12 07:46:00,13.3
2025-06-12 00:47:00,19.7
2025-06-12 02:29:00,58.7
2025-06-12 08:20:00,50.613932505273034
2025-06-12 01:16:00,50.613932505273034
2025-06-12 21:02:00,93.5
2025-06-12 22:07:00,50.613932505273034
2025-06-12 18:04:00,99.1
2025-06-12 23:06:00,64.3
2025-06-12 02:32:00,24.6
2025-06-12 14:37:00,41.2
2025-06-12 09:53:00,78.6
2025-06-12 04:48:00,68.3
2025-06-12 04:07:00,36.7
2025-06-12 16:41:00,70.1
2025-06-12 19:24:00,34.0
2025-06-12 20:05:00,80.9
2025-06-12 12:39:00,47.8
2025-06-12 01:14:00,95.0
2025-06-12 05:38:00,37.4
2025-06-12 20:01:00,50.613932505273034
2025-06-12 11:54:00,25.0
2025-06-12 21:34:00,59.7
2025-06-12 16:58:00,9.8
2025-06-12 09:03:00,98.9
2025-06-12 07:30:00,50.613932505273034
2025-06-12 12:42:00,58.7
2025-06-12 16:54:00,66.9
2025-06-12 08:18:00,88.1
2025-06-12 03:05:00,11.9
2025-06-12 00:38:00,19.2
2025-06-12 05:24:00,94.3
2025-06-12 21:51:00,8.0
2025-06-12 23:13:00,59.0
2025-06-12 00:30:00,50.613932505273034
2025-06-12 22:00:00,34.2
2025-06-12 02:54:00,59.3
2025-06-12 21:04:00,4.1
2025-06-12 10:47:00,83.0
2025-06-12 21:52:00,63.2
2025-06-12 09:12:00,52.0
2025-06-12 03:45:00,44.6
2025-06-12 04:14:00,79.6
2025-06-12 18:29:00,12.0
2025-06-12 09:40:00,89.9
2025-06-12 07:09:00,28.2
2025-06-12 20:47:00,61.2
2025-06-12 02:22:00,45.8
2025-06-12 03:04:00,87.1
2025-06-12 15:02:00,53.6
2025-06-12 10:32:00,29.5
2025-06-12 01:32:00,73.1
2025-06-12 12:50:00,50.613932505273034
2025-06-12 15:17:00,23.2
2025-06-12 11:40:00,50.613932505273034
2025-06-12 15:56:00,71.6
2025-06-12 05:04:00,9.7
2025-06-12 07:34:00,50.3
2025-06-12 21:12:00,28.8
2025-06-12 22:47:00,50.613932505273034
2025-06-12 20:10:00,18.1
2025-06-12 17:41:00,37.3
2025-06-12 06:43:00,87.4
2025-06-12 03:51:00,36.7
2025-06-12 09:06:00,98.4
2025-06-12 16:06:00,34.4
2025-06-12 08:07:00,33.9
2025-06-12 22:03:00,30.5
2025-06-12 17:18:00,24.6
2025-06-12 20:44:00,37.0
2025-06-12 07:56:00,56.7
2025-06-12 03:43:00,39.0
2025-06-12 10:57:00,50.613932505273034
2025-06-12 13:52:00,35.1
2025-06-12 18:47:00,79.1
2025-06-12 04:25:00,90.9
2025-06-12 23:20:00,77.1
2025-06-12 01:17:00,56.9
2025-06-12 22:56:00,81.4
2025-06-12 08:39:00,88.5
2025-06-12 15:24:00,12.3
2025-06-12 18:31:00,41.3
2025-06-12 11:26:00,0.9
2025-06-12 05:07:00,5.1
2025-06-12 08:41:00,18.0
2025-06-12 10:25:00,96.3
2025-06-12 16:40:00,39.7
2025-06-12 07:10:00,35.8
2025-06-12 21:59:00,52.6
2025-06-12 16:09:00,50.17195767195767
2025-06-12 01:36:00,18.6
2025-06-12 16:31:00,13.0
2025-06-12 14:24:00,18.5
2025-06-12 15:01:00,49.0
2025-06-12 10:18:00,14.9
2025-06-12 12:15:00,45.6
2025-06-12 19:25:00,41.4
2025-06-12 04:39:00,33.3
2025-06-12 16:12:00,50.17195767195767
2025-06-12 12:05:00,2.6
2025-06-12 14:54:00,67.5
2025-06-12 16:30:00,83.6
2025-06-12 05:00:00,30.2
2025-06-12 06:15:00,23.3
2025-06-12 01:54:00,71.2
2025-06-12 05:13:00,11.2
2025-06-12 16:25:00,50.17195767195767
2025-06-12 05:42:00,76.5
2025-06-12 04:45:00,57.4
2025-06-12 17:49:00,50.4
2025-06-12 07:29:00,0.1
2025-06-12 05:44:00,6.2
2025-06-12 10:45:00,76.3
2025-06-12 09:03:00,4.3
2025-06-12 07:48:00,50.17195767195767
2025-06-12 07:51:00,86.9
2025-06-12 12:14:00,50.17195767195767
2025-06-12 13:44:00,50.17195767195767
2025-06-12 19:57:00,42.5
2025-06-12 07:19:00,50.17195767195767
2025-06-12 06:20:00,44.9
2025-06-12 14:15:00,36.2
2025-06-12 13:00:00,54.9
2025-06-12 11:54:00,59.1
2025-06-12 08:30:00,50.17195767195767
2025-06-12 00:40:00,62.7
2025-06-12 13:04:00,47.8
2025-06-12 15:33:00,50.17195767195767
2025-06-12 15:17:00,55.1
2025-06-12 13:36:00,34.4
2025-06-12 03:48:00,68.6
2025-06-12 15:53:00,62.0
2025-06-12 07:38:00,93.1
2025-06-12 01:30:00,3.3
2025-06-12 11:10:00,67.9
2025-06-12 02:49:00,50.17195767195767
2025-06-12 16:00:00,65.0
2025-06-12 06:56:00,25.7
2025-06-12 19:33:00,24.7
2025-06-12 00:26:00,49.7
2025-06-12 16:54:00,67.0
2025-06-12 18:11:00,59.1
2025-06-12 21:20:00,67.2
2025-06-12 01:31:00,31.2
2025-06-12 08:55:00,58.4
2025-06-12 14:31:00,4.2
2025-06-12 03:30:00,50.17195767195767
2025-06-12 21:51:00,50.17195767195767
2025-06-12 10:06:00,46.9
2025-06-12 01:09:00,90.9
2025-06-12 06:44:00,42.8
2025-06-12 06:35:00,63.5
2025-06-12 03:20:00,28.1
2025-06-12 06:30:00,50.17195767195767
2025-06-12 19:56:00,6.5
2025-06-12 12:12:00,81.9
2025-06-12 16:01:00,50.17195767195767
2025-06-12 04:55:00,25.7
2025-06-12 13:10:00,97.5
2025-06-12 04:50:00,29.7
2025-06-12 06:18:00,30.3
2025-06-12 19:47:00,50.17195767195767
2025-06-12 03:47:00,50.17195767195767
2025-06-12 21:42:00,40.8
2025-06-12 15:14:00,53.6
2025-06-12 01:11:00,89.1
2025-06-12 07:30:00,82.6
2025-06-12 05:26:00,28.5
2025-06-12 00:10:00,50.17195767195767
2025-06-12 22:18:00,62.9
2025-06-12 03:39:00,18.4
2025-06-12 10:56:00,19.7
2025-06-12 22:39:00,50.17195767195767
2025-06-12 15:16:00,13.7
2025-06-12 07:07:00,50.17195767195767
2025-06-12 05:17:00,96.3
2025-06-12 22:30:00,50.17195767195767
2025-06-12 20:27:00,61.1
2025-06-12 23:18:00,37.3
2025-06-12 08:11:00,62.6
2025-06-12 02:35:00,50.17195767195767
2025-06-12 17:16:00,68.8
2025-06-12 13:57:00,50.7
2025-06-12 13:01:00,63.0
2025-06-12 18:48:00,56.6
2025-06-12 13:37:00,76.4
2025-06-12 21:33:00,67.9
2025-06-12 01:16:00,77.6
2025-06-12 08:07:00,32.5
2025-06-12 23:33:00,50.17195767195767
2025-06-12 13:55:00,31.6
2025-06-12 14:21:00,57.0
2025-06-12 07:35:00,72.0
2025-06-12 07:50:00,82.1
2025-06-12 08:35:00,97.7
2025-06-12 08:26:00,50.17195767195767
2025-06-12 19:01:00,46.6
2025-06-12 14:20:00,20.6
2025-06-12 02:21:00,47.8
2025-06-12 10:36:00,21.5
2025-06-12 00:56:00,7.2
2025-06-12 10:32:00,81.4
2025-06-12 05:45:00,50.17195767195767
2025-06-12 03:32:00,90.3
2025-06-12 21:10:00,38.4
2025-06-12 10:24:00,50.17195767195767
2025-06-12 06:55:00,50.17195767195767
2025-06-12 13:39:00,34.2
2025-06-12 04:14:00,50.17195767195767
2025-06-12 00:39:00,22.3
2025-06-12 20:49:00,90.8
2025-06-12 12:42:00,5.9
2025-06-12 11:49:00,73.6
2025-06-12 04:26:00,50.17195767195767
2025-06-12 23:51:00,25.3
2025-06-12 09:31:00,30.3
2025-06-12 04:31:00,90.9
2025-06-12 07:37:00,12.4
2025-06-12 02:01:00,50.17195767195767
2025-06-12 13:07:00,86.2
2025-06-12 14:58:00,19.6
2025-06-12 01:34:00,86.1
2025-06-12 11:46:00,84.8
2025-06-12 11:24:00,50.17195767195767
2025-06-12 04:29:00,16.0
2025-06-12 03:46:00,55.9
2025-06-12 07:04:00,76.9
2025-06-12 11:02:00,25.7
2025-06-12 10:03:00,50.17195767195767
2025-06-12 13:49:00,50.17195767195767
2025-06-12 06:16:00,48.7
2025-06-12 17:18:00,8.9
2025-06-12 11:11:00,77.7
2025-06-12 16:08:00,8.0
2025-06-12 03:55:00,50.17195767195767
2025-06-12 02:07:00,17.9
2025-06-12 20:00:00,86.9
2025-06-12 04:19:00,76.3
2025-06-12 01:50:00,46.1
2025-06-12 03:27:00,82.5
2025-06-12 02:57:00,45.5
2025-06-12 03:08:00,69.8
2025-06-12 04:40:00,35.7
2025-06-12 19:14:00,60.5
2025-06-12 11:15:00,50.17195767195767
2025-06-12 09:36:00,50.17195767195767
2025-06-12 03:25:00,6.3
2025-06-12 16:52:00,50.17195767195767
2025-06-12 16:36:00,10.7
2025-06-12 04:01:00,74.3
2025-06-12 04:47:00,32.2
2025-06-12 14:52:00,50.17195767195767
2025-06-12 08:47:00,76.1
2025-06-12 00:29:00,43.6
2025-06-12 12:06:00,89.1
2025-06-12 16:28:00,40.4
2025-06-12 04:04:00,21.6
2025-06-12 15:58:00,62.1
2025-06-12 02:14:00,50.17195767195767
2025-06-12 23:00:00,91.2
2025-06-12 18:28:00,24.9
2025-06-12 21:15:00,48.6
2025-06-12 05:29:00,49.7
2025-06-12 17:50:00,77.7
2025-06-12 07:41:00,29.2
2025-06-12 12:49:00,92.9
2025-06-12 11:42:00,56.8
2025-06-12 16:06:00,9.6
2025-06-12 14:23:00,50.17195767195767
2025-06-12 21:50:00,12.3
2025-06-12 06:52:00,87.1
2025-06-12 11:34:00,25.9
2025-06-12 10:04:00,54.0
2025-06-12 07:25:00,21.5
2025-06-12 03:49:00,57.0
2025-06-12 02:15:00,50.17195767195767
2025-06-12 23:59:00,46.0
2025-06-12 18:51:00,80.3
2025-06-12 19:53:00,31.4
2025-06-12 06:47:00,62.5
2025-06-12 18:04:00,42.0
2025-06-12 10:58:00,81.9
2025-06-12 13:46:00,3.1
2025-06-12 23:34:00,62.7
2025-06-12 21:43:00,50.17195767195767
2025-06-12 16:21:00,90.6
2025-06-12 01:32:00,67.4
2025-06-12 19:37:00,34.3
2025-06-12 18:41:00,83.4
2025-06-12 16:04:00,48.4
2025-06-12 02:58:00,67.9
2025-06-12 07:13:00,15.9
2025-06-12 21:11:00,11.5
2025-06-12 09:09:00,52.4
2025-06-12 03:21:00,56.3
2025-06-12 17:30:00,15.3
2025-06-12 09:29:00,19.3
2025-06-12 04:32:00,50.17195767195767
2025-06-12 11:18:00,73.5
2025-06-12 15:26:00,86.2
2025-06-12 12:55:00,44.7
2025-06-12 05:14:00,42.0
2025-06-12 10:01:00,68.2
2025-06-12 14:56:00,32.6
2025-06-12 06:53:00,31.4
2025-06-12 17:21:00,69.8
2025-06-12 06:12:00,12.1
2025-06-12 21:52:00,60.3
2025-06-12 12:32:00,77.0
2025-06-12 03:02:00,50.17195767195767
2025-06-12 18:50:00,18.3
2025-06-12 19:41:00,68.8
2025-06-12 09:39:00,71.1
2025-06-12 04:27:00,30.5
2025-06-12 09:40:00,56.1
2025-06-12 18:13:00,13.1
2025-06-12 18:01:00,77.2
2025-06-12 07:17:00,40.0
2025-06-12 20:52:00,32.5
2025-06-12 22:46:00,76.1
2025-06-12 08:34:00,50.17195767195767
2025-06-12 18:33:00,59.1
2025-06-12 20:02:00,10.8
2025-06-12 03:53:00,83.1
2025-06-12 01:20:00,23.5
2025-06-12 14:59:00,30.0
2025-06-12 07:58:00,62.6
2025-06-12 03:28:00,66.4
2025-06-12 08:44:00,58.7
2025-06-12 15:13:00,22.6
2025-06-12 06:01:00,3.5
2025-06-12 22:01:00,70.1
2025-06-12 10:21:00,16.3
2025-06-12 16:55:00,56.2
2025-06-12 23:36:00,69.6
2025-06-12 21:08:00,50.17195767195767
2025-06-12 21:55:00,51.4
2025-06-12 17:00:00,91.1
2025-06-12 05:56:00,50.3
2025-06-12 12:34:00,25.2
2025-06-12 01:06:00,90.9
2025-06-12 22:36:00,99.4
2025-06-12 10:10:00,90.3
2025-06-12 20:36:00,1.7
2025-06-12 20:08:00,9.3
2025-06-12 03:59:00,48.5
2025-06-12 10:44:00,56.8
2025-06-12 09:25:00,6.5
2025-06-12 21:36:00,68.8
2025-06-12 23:32:00,49.2
2025-06-12 13:09:00,74.5
2025-06-12 09:06:00,30.6
2025-06-12 19:34:00,28.1
2025-06-12 18:12:00,50.17195767195767
2025-06-12 23:40:00,61.4
2025-06-12 21:02:00,68.4
2025-06-12 21:03:00,71.1
2025-06-12 22:00:00,47.4
2025-06-12 06:22:00,31.8
2025-06-12 09:37:00,19.7
2025-06-12 10:57:00,50.17195767195767
2025-06-12 14:06:00,21.5
2025-06-12 10:55:00,84.6
2025-06-12 03:15:00,18.0
2025-06-12 09:14:00,91.7
2025-06-12 07:34:00,50.8
2025-06-12 21:39:00,26.6
2025-06-12 03:34:00,81.5
2025-06-12 12:08:00,32.3
2025-06-12 00:38:00,88.9
2025-06-12 07:44:00,18.7
2025-06-12 12:41:00,46.4
2025-06-12 06:14:00,96.8
2025-06-12 22:42:00,95.4
2025-06-12 23:13:00,56.7
2025-06-12 20:33:00,54.7
2025-06-12 20:11:00,12.8
2025-06-12 03:11:00,45.2
2025-06-12 02:19:00,87.6
2025-06-12 02:39:00,33.8
2025-06-12 03:52:00,84.4
2025-06-12 14:45:00,65.0
2025-06-12 14:03:00,41.7
2025-06-12 15:35:00,72.0
2025-06-12 11:40:00,60.2
2025-06-12 05:51:00,20.7
2025-06-12 19:30:00,90.0
2025-06-12 16:53:00,14.1
2025-06-12 20:43:00,49.69252501471454
2025-06-12 13:25:00,37.8
2025-06-12 11:30:00,49.69252501471454
2025-06-12 10:18:00,31.4
2025-06-12 22:10:00,81.6
2025-06-12 10:31:00,28.2
2025-06-12 23:09:00,30.2
2025-06-12 14:07:00,60.4
2025-06-12 15:22:00,70.6
2025-06-12 18:36:00,17.8
2025-06-12 18:43:00,26.7
2025-06-12 16:34:00,85.5
2025-06-12 14:22:00,95.2
2025-06-12 23:25:00,68.4
2025-06-12 06:27:00,24.6
2025-06-12 21:01:00,49.69252501471454
2025-06-12 00:08:00,14.5
2025-06-12 10:29:00,2.5
2025-06-12 09:58:00,25.4
2025-06-12 17:07:00,49.69252501471454
2025-06-12 03:01:00,34.7
2025-06-12 02:27:00,61.3
2025-06-12 19:53:00,93.1
2025-06-12 15:26:00,90.6
2025-06-12 23:27:00,44.2
2025-06-12 06:28:00,49.69252501471454
2025-06-12 12:32:00,49.69252501471454
2025-06-12 09:31:00,71.2
2025-06-12 04:19:00,97.9
2025-06-12 07:27:00,68.3
2025-06-12 07:31:00,4.2
2025-06-12 12:18:00,49.69252501471454
2025-06-12 08:40:00,17.2
2025-06-12 18:31:00,94.4
2025-06-12 01:26:00,89.1
2025-06-12 18:30:00,33.4
2025-06-12 17:04:00,49.69252501471454
2025-06-12 19:27:00,89.1
2025-06-12 13:59:00,73.9
2025-06-12 13:18:00,90.0
2025-06-12 22:12:00,84.1
2025-06-12 23:16:00,75.3
2025-06-12 03:23:00,56.1
2025-06-12 21:39:00,65.3
2025-06-12 05:25:00,37.8
2025-06-12 05:44:00,56.0
2025-06-12 22:29:00,63.3
2025-06-12 22:25:00,57.9
2025-06-12 04:43:00,83.2
2025-06-12 02:00:00,47.7
2025-06-12 16:08:00,97.2
2025-06-12 14:51:00,49.69252501471454
2025-06-12 19:44:00,9.6
2025-06-12 08:04:00,20.1
2025-06-12 02:17:00,49.69252501471454
2025-06-12 04:03:00,79.7
2025-06-12 22:20:00,26.4
2025-06-12 21:12:00,48.6
2025-06-12 18:18:00,7.4
2025-06-12 09:42:00,49.69252501471454
2025-06-12 22:56:00,42.9
2025-06-12 15:52:00,18.9
2025-06-12 09:33:00,73.1
2025-06-12 16:31:00,90.8
2025-06-12 10:37:00,73.7
2025-06-12 23:20:00,37.9
2025-06-12 00:10:00,5.7
2025-06-12 06:12:00,49.69252501471454
2025-06-12 21:42:00,71.0
2025-06-12 20:30:00,32.6
2025-06-12 08:31:00,2.7
2025-06-12 10:00:00,49.69252501471454
2025-06-12 13:29:00,4.2
2025-06-12 17:47:00,21.8
2025-06-12 20:47:00,49.69252501471454
2025-06-12 14:52:00,25.9
2025-06-12 12:23:00,42.5
2025-06-12 23:59:00,33.7
2025-06-12 21:24:00,49.69252501471454
2025-06-12 14:11:00,17.2
2025-06-12 04:07:00,49.69252501471454
2025-06-12 17:02:00,37.4
2025-06-12 15:51:00,17.6
2025-06-12 05:09:00,82.6
2025-06-12 14:18:00,33.2
2025-06-12 11:38:00,88.1
2025-06-12 02:49:00,35.6
2025-06-12 01:06:00,41.4
2025-06-12 01:17:00,50.3
2025-06-12 01:14:00,29.2
2025-06-12 04:26:00,49.69252501471454
2025-06-12 23:24:00,37.3
2025-06-12 02:53:00,49.69252501471454
2025-06-12 08:32:00,1.5
2025-06-12 03:46:00,49.69252501471454
2025-06-12 20:54:00,67.5
2025-06-12 07:06:00,1.1
2025-06-12 04:40:00,96.2
2025-06-12 16:11:00,49.69252501471454
2025-06-12 17:59:00,78.5
2025-06-12 00:14:00,3.4
2025-06-12 04:53:00,51.5
2025-06-12 08:14:00,81.2
2025-06-12 10:10:00,94.6
2025-06-12 17:00:00,94.6
2025-06-12 22:36:00,41.8
2025-06-12 17:50:00,70.3
2025-06-12 02:46:00,38.0
2025-06-12 22:05:00,38.0
2025-06-12 02:13:00,39.6
2025-06-12 10:33:00,58.5
2025-06-12 14:04:00,48.9
2025-06-12 21:58:00,19.0
2025-06-12 23:29:00,87.5
2025-06-12 21:49:00,35.2
2025-06-12 12:31:00,60.5
2025-06-12 02:26:00,80.5
2025-06-12 13:39:00,49.69252501471454
2025-06-12 04:49:00,8.5
2025-06-12 10:01:00,49.69252501471454
2025-06-12 00:57:00,95.6
2025-06-12 18:05:00,39.8
2025-06-12 13:02:00,74.5
2025-06-12 01:09:00,10.5
2025-06-12 19:39:00,19.7
2025-06-12 00:25:00,49.69252501471454
2025-06-12 01:19:00,67.7
2025-06-12 13:00:00,34.3
2025-06-12 21:51:00,98.3
2025-06-12 07:07:00,60.5
2025-06-12 16:40:00,12.4
2025-06-12 15:42:00,63.2
2025-06-12 03:55:00,88.9
2025-06-12 08:17:00,98.2
2025-06-12 09:44:00,31.6
2025-06-12 18:11:00,92.1
2025-06-12 09:53:00,63.0
2025-06-12 16:00:00,81.5
2025-06-12 05:58:00,56.2
2025-06-12 18:01:00,51.4
2025-06-12 12:40:00,63.1
2025-06-12 22:35:00,7.6
2025-06-12 10:41:00,38.6
2025-06-12 15:01:00,4.6
2025-06-12 23:06:00,7.4
2025-06-12 01:18:00,54.0
2025-06-12 09:20:00,68.8
2025-06-12 07:22:00,13.4
2025-06-12 10:06:00,67.6
2025-06-12 22:31:00,7.5
2025-06-12 02:22:00,61.7
2025-06-12 02:48:00,29.5
2025-06-12 12:10:00,10.9
2025-06-12 01:15:00,49.69252501471454
2025-06-12 11:16:00,95.7
2025-06-12 16:27:00,6.7
2025-06-12 15:09:00,63.2
2025-06-12 20:09:00,14.6
2025-06-12 17:10:00,96.5
2025-06-12 02:56:00,38.7
2025-06-12 13:10:00,42.6
2025-06-12 11:53:00,21.4
2025-06-12 23:11:00,83.5
2025-06-12 19:45:00,49.69252501471454
2025-06-12 07:30:00,43.6
2025-06-12 22:34:00,67.6
2025-06-12 04:01:00,31.4
2025-06-12 12:24:00,53.7
2025-06-12 01:08:00,90.0
2025-06-12 13:34:00,67.6
2025-06-12 04:35:00,69.1
2025-06-12 19:48:00,94.4
2025-06-12 08:39:00,99.0
2025-06-12 16:12:00,29.7
2025-06-12 01:31:00,38.4
2025-06-12 12:37:00,20.1
2025-06-12 09:56:00,75.5
2025-06-12 01:46:00,73.6
2025-06-12 19:14:00,50.3
2025-06-12 12:59:00,68.8
2025-06-12 15:29:00,41.3
2025-06-12 05:38:00,37.9
2025-06-12 09:57:00,43.5
2025-06-12 17:06:00,19.3
2025-06-12 00:26:00,3.9
2025-06-12 13:28:00,6.1
2025-06-12 12:42:00,50.9
2025-06-12 04:31:00,44.7
2025-06-12 18:44:00,22.1
2025-06-12 10:36:00,49.69252501471454
2025-06-12 21:47:00,77.8
2025-06-12 11:19:00,70.5
2025-06-12 23:04:00,49.69252501471454
2025-06-12 19:19:00,49.69252501471454
2025-06-12 18:17:00,58.6
2025-06-12 06:23:00,36.5
2025-06-12 16:16:00,67.6
2025-06-12 04:56:00,85.8
2025-06-12 12:09:00,90.8
2025-06-12 04:57:00,16.0
2025-06-12 15:32:00,49.69252501471454
2025-06-12 00:16:00,5.1
2025-06-12 18:37:00,94.1
2025-06-12 13:46:00,49.69252501471454
2025-06-12 23:33:00,59.3
2025-06-12 16:36:00,63.3
2025-06-12 21:26:00,7.0
2025-06-12 11:17:00,39.3
2025-06-12 22:30:00,42.7
2025-06-12 04:37:00,17.4
2025-06-12 08:46:00,76.6
2025-06-12 05:29:00,79.1
2025-06-12 08:42:00,83.6
2025-06-12 11:21:00,14.9
2025-06-12 23:08:00,71.8
2025-06-12 13:47:00,28.9
2025-06-12 17:03:00,49.69252501471454
2025-06-12 08:02:00,42.0
2025-06-12 18:14:00,36.4
2025-06-12 05:21:00,64.2
2025-06-12 22:47:00,14.3
2025-06-12 16:52:00,55.8
2025-06-12 13:40:00,86.1
2025-06-12 16:41:00,52.0
2025-06-12 17:39:00,84.7
2025-06-12 11:50:00,22.9
2025-06-12 22:40:00,89.4
2025-06-12 22:59:00,49.69252501471454
2025-06-12 02:16:00,72.4
2025-06-12 01:32:00,94.8
2025-06-12 19:49:00,1.9
2025-06-12 05:39:00,92.5
2025-06-12 06:04:00,49.69252501471454
2025-06-12 11:56:00,49.69252501471454
2025-06-12 16:32:00,56.1
2025-06-12 01:48:00,63.3
2025-06-12 06:07:00,48.8
2025-06-12 02:31:00,66.4
2025-06-12 12:49:00,44.4
2025-06-12 18:32:00,65.7
2025-06-12 10:25:00,48.5
2025-06-12 00:20:00,64.3
2025-06-12 03:29:00,51.6
2025-06-12 20:14:00,49.69252501471454
2025-06-12 16:44:00,77.0
2025-06-12 10:35:00,49.69252501471454
2025-06-12 07:20:00,49.69252501471454
2025-06-12 04:59:00,82.3
2025-06-12 19:28:00,49.69252501471454
2025-06-12 18:38:00,77.5
2025-06-12 14:34:00,51.7
2025-06-12 09:49:00,31.6
2025-06-12 23:57:00,10.9
2025-06-12 00:28:00,49.69252501471454
2025-06-12 12:48:00,63.7
2025-06-12 06:14:00,49.69252501471454
2025-06-12 00:03:00,54.5
2025-06-12 10:11:00,84.2
2025-06-12 01:38:00,9.5
2025-06-12 17:18:00,81.8
2025-06-12 21:27:00,87.3
2025-06-12 15:21:00,47.8
2025-06-12 10:52:00,77.3
2025-06-12 13:44:00,68.6
2025-06-12 08:38:00,60.5
2025-06-12 00:06:00,55.1
2025-06-12 06:03:00,90.8
2025-06-12 23:00:00,69.6
2025-06-12 22:09:00,20.7
2025-06-12 19:51:00,82.3
2025-06-12 01:41:00,23.9
2025-06-12 18:06:00,22.6
2025-06-12 12:56:00,30.7
2025-06-12 09:04:00,50.2
2025-06-12 05:05:00,40.9
2025-06-12 16:20:00,58.4
2025-06-12 13:57:00,30.3
2025-06-12 20:16:00,49.69252501471454
2025-06-12 19:05:00,3.5
2025-06-12 04:23:00,3.7
2025-06-12 00:36:00,49.69252501471454
2025-06-12 17:28:00,92.4
2025-06-12 03:33:00,49.69252501471454
2025-06-12 03:17:00,21.9
2025-06-12 05:12:00,90.6
2025-06-12 03:18:00,28.0
2025-06-12 14:43:00,73.8
2025-06-12 06:32:00,1.1
2025-06-12 23:28:00,66.6
2025-06-12 18:03:00,0.7
2025-06-12 18:03:00,96.7
2025-06-12 03:00:00,69.0
2025-06-12 03:21:00,36.0
2025-06-12 02:22:00,2.4
2025-06-12 06:26:00,22.0
2025-06-12 04:57:00,28.5
2025-06-12 09:22:00,3.1
2025-06-12 07:40:00,84.1
2025-06-12 03:01:00,65.2
2025-06-12 21:32:00,18.2
2025-06-12 13:17:00,49.88181818181819
2025-06-12 11:25:00,34.1
2025-06-12 08:47:00,49.88181818181819
2025-06-12 19:25:00,37.7
2025-06-12 04:00:00,58.6
2025-06-12 05:24:00,49.88181818181819
2025-06-12 06:24:00,36.0
2025-06-12 01:02:00,91.7
2025-06-12 00:37:00,45.9
2025-06-12 16:56:00,50.9
2025-06-12 12:59:00,49.88181818181819
2025-06-12 02:06:00,95.3
2025-06-12 05:29:00,49.88181818181819
2025-06-12 05:35:00,99.1
2025-06-12 19:57:00,4.4
2025-06-12 17:15:00,57.3
2025-06-12 18:10:00,93.4
2025-06-12 21:02:00,81.0
2025-06-12 16:09:00,92.0
2025-06-12 17:56:00,49.88181818181819
2025-06-12 19:44:00,47.1
2025-06-12 11:30:00,69.5
2025-06-12 00:13:00,1.5
2025-06-12 04:44:00,4.9
2025-06-12 11:59:00,91.1
2025-06-12 06:44:00,84.3
2025-06-12 08:18:00,49.88181818181819
2025-06-12 20:21:00,71.0
2025-06-12 00:29:00,60.8
2025-06-12 07:14:00,9.7
2025-06-12 18:48:00,98.8
2025-06-12 13:05:00,19.1
2025-06-12 17:53:00,76.9
2025-06-12 04:04:00,45.8
2025-06-12 23:04:00,59.2
2025-06-12 17:43:00,49.88181818181819
2025-06-12 01:28:00,63.0
2025-06-12 01:41:00,28.4
2025-06-12 15:35:00,77.2
2025-06-12 01:30:00,14.9
2025-06-12 15:52:00,49.88181818181819
2025-06-12 08:23:00,49.88181818181819
2025-06-12 13:41:00,89.3
2025-06-12 09:13:00,64.7
2025-06-12 11:23:00,89.9
2025-06-12 21:10:00,36.4
2025-06-12 04:42:00,49.88181818181819
2025-06-12 19:16:00,49.9
2025-06-12 00:41:00,37.4
2025-06-12 06:13:00,44.8
2025-06-12 00:26:00,31.9
2025-06-12 23:38:00,33.9
2025-06-12 01:21:00,49.88181818181819
2025-06-12 17:30:00,32.0
2025-06-12 12:37:00,97.7
2025-06-12 12:29:00,36.4
2025-06-12 12:34:00,49.88181818181819
2025-06-12 11:27:00,63.9
2025-06-12 18:15:00,6.5
2025-06-12 23:53:00,40.2
2025-06-12 18:07:00,68.8
2025-06-12 20:59:00,33.0
2025-06-12 15:07:00,24.7
2025-06-12 21:19:00,46.7
2025-06-12 14:05:00,97.0
2025-06-12 21:00:00,30.2
2025-06-12 04:06:00,85.0
2025-06-12 13:21:00,49.88181818181819
2025-06-12 15:05:00,98.4
2025-06-12 12:36:00,95.3
2025-06-12 14:48:00,23.8
2025-06-12 20:55:00,31.7
2025-06-12 04:56:00,48.9
2025-06-12 20:54:00,67.1
2025-06-12 18:41:00,77.2
2025-06-12 06:51:00,2.2
2025-06-12 22:27:00,41.0
2025-06-12 08:52:00,16.3
2025-06-12 07:26:00,49.88181818181819
2025-06-12 08:25:00,63.8
2025-06-12 09:03:00,53.7
2025-06-12 21:34:00,13.1
2025-06-12 03:36:00,49.88181818181819
2025-06-12 01:04:00,49.88181818181819
2025-06-12 21:01:00,32.8
2025-06-12 18:57:00,8.6
2025-06-12 20:50:00,49.88181818181819
2025-06-12 23:58:00,2.6
2025-06-12 09:12:00,62.7
2025-06-12 03:26:00,33.1
2025-06-12 05:48:00,49.88181818181819
2025-06-12 15:31:00,38.9
2025-06-12 19:14:00,50.0
2025-06-12 21:06:00,49.88181818181819
2025-06-12 17:04:00,24.6
2025-06-12 02:01:00,16.3
2025-06-12 05:41:00,2.3
2025-06-12 07:05:00,63.5
2025-06-12 23:29:00,21.7
2025-06-12 08:48:00,82.7
2025-06-12 18:05:00,19.0
2025-06-12 02:48:00,30.0
2025-06-12 00:08:00,42.4
2025-06-12 02:50:00,56.0
2025-06-12 22:03:00,61.8
2025-06-12 20:18:00,97.0
2025-06-12 05:10:00,97.4
2025-06-12 06:48:00,79.8
2025-06-12 02:49:00,49.88181818181819
2025-06-12 13:30:00,57.9
2025-06-12 08:21:00,13.0
2025-06-12 12:41:00,80.9
2025-06-12 16:39:00,68.9
2025-06-12 04:21:00,49.88181818181819
2025-06-12 23:08:00,55.7
2025-06-12 15:14:00,17.4
2025-06-12 17:21:00,48.1
2025-06-12 16:07:00,4.1
2025-06-12 22:44:00,26.3
2025-06-12 21:53:00,36.4
2025-06-12 05:04:00,72.6
2025-06-12 04:25:00,97.4
2025-06-12 10:59:00,12.7
2025-06-12 17:24:00,96.9
2025-06-12 22:42:00,15.1
2025-06-12 13:59:00,99.1
2025-06-12 07:13:00,42.0
2025-06-12 15:26:00,36.7
2025-06-12 02:25:00,95.7
2025-06-12 09:05:00,86.9
2025-06-12 12:12:00,44.7
2025-06-12 11:40:00,64.4
2025-06-12 09:01:00,50.1
2025-06-12 08:39:00,71.9
2025-06-12 04:07:00,83.4
2025-06-12 03:13:00,33.7
2025-06-12 14:31:00,49.88181818181819
2025-06-12 03:58:00,9.1
2025-06-12 21:55:00,14.6
2025-06-12 08:35:00,71.0
2025-06-12 06:03:00,49.88181818181819
2025-06-12 16:04:00,33.1
2025-06-12 00:20:00,85.9
2025-06-12 14:50:00,88.0
2025-06-12 23:21:00,0.6
2025-06-12 12:42:00,63.6
2025-06-12 00:36:00,31.7
2025-06-12 02:51:00,15.0
2025-06-12 01:22:00,72.5
2025-06-12 18:00:00,56.0
2025-06-12 06:19:00,34.6
2025-06-12 01:31:00,64.1
2025-06-12 16:17:00,97.1
2025-06-12 21:27:00,57.0
2025-06-12 11:52:00,6.2
2025-06-12 20:58:00,54.1
2025-06-12 12:04:00,43.6
2025-06-12 17:23:00,31.5
2025-06-12 09:17:00,14.1
2025-06-12 17:42:00,99.8
2025-06-12 02:41:00,49.88181818181819
2025-06-12 11:31:00,49.88181818181819
2025-06-12 19:37:00,49.88181818181819
2025-06-12 20:31:00,16.5
2025-06-12 11:56:00,56.8
2025-06-12 07:41:00,45.6
2025-06-12 21:54:00,4.9
2025-06-12 19:39:00,98.1
2025-06-12 03:02:00,22.2
2025-06-12 06:53:00,32.4
2025-06-12 00:34:00,77.6
2025-06-12 10:20:00,49.88181818181819
2025-06-12 23:11:00,25.1
2025-06-12 05:15:00,13.9
2025-06-12 20:51:00,68.0
2025-06-12 02:34:00,30.3
2025-06-12 03:19:00,49.88181818181819
2025-06-12 19:31:00,83.5
2025-06-12 14:01:00,88.6
2025-06-12 23:31:00,34.4
2025-06-12 11:37:00,4.0
2025-06-12 20:14:00,52.7
2025-06-12 15:27:00,7.4
2025-06-12 23:05:00,32.7
2025-06-12 14:28:00,24.4
2025-06-12 13:14:00,90.5
2025-06-12 01:54:00,50.7
2025-06-12 19:54:00,16.4
2025-06-12 23:35:00,85.1
2025-06-12 14:14:00,13.1
2025-06-12 05:05:00,60.4
2025-06-12 01:20:00,24.7
2025-06-12 08:15:00,49.88181818181819
2025-06-12 02:32:00,79.5
2025-06-12 03:44:00,61.0
2025-06-12 10:56:00,49.88181818181819
2025-06-12 11:07:00,16.7
2025-06-12 06:06:00,42.8
2025-06-12 06:25:00,49.88181818181819
2025-06-12 09:54:00,58.8
2025-06-12 09:29:00,35.3
2025-06-12 04:16:00,63.1
2025-06-12 13:19:00,93.0
2025-06-12 02:16:00,77.6
2025-06-12 10:11:00,10.6
2025-06-12 09:23:00,92.1
2025-06-12 15:21:00,27.8
2025-06-12 10:51:00,66.3
2025-06-12 21:52:00,20.2
2025-06-12 10:19:00,71.2
2025-06-12 04:34:00,73.3
2025-06-12 14:27:00,96.1
2025-06-12 01:01:00,97.3
2025-06-12 18:13:00,49.88181818181819
2025-06-12 08:05:00,49.88181818181819
2025-06-12 04:40:00,50.8
2025-06-12 02:27:00,58.9
2025-06-12 09:59:00,61.8
2025-06-12 14:03:00,47.2
2025-06-12 19:48:00,95.4
2025-06-12 00:49:00,12.8
2025-06-12 23:39:00,28.0
2025-06-12 19:52:00,87.3
2025-06-12 03:29:00,63.3
2025-06-12 15:09:00,73.2
2025-06-12 19:45:00,97.1
2025-06-12 23:37:00,49.88181818181819
2025-06-12 16:21:00,68.6
2025-06-12 13:51:00,91.1
2025-06-12 04:35:00,17.0
2025-06-12 11:22:00,6.8
2025-06-12 22:31:00,77.2
2025-06-12 12:14:00,49.88181818181819
2025-06-12 21:09:00,63.5
2025-06-12 19:58:00,85.4
2025-06-12 10:13:00,49.88181818181819
2025-06-12 22:02:00,39.5
2025-06-12 10:52:00,39.6
2025-06-12 00:10:00,89.5
2025-06-12 06:31:00,13.6
2025-06-12 19:20:00,96.5
2025-06-12 21:31:00,65.2
2025-06-12 22:24:00,80.3
2025-06-12 22:20:00,98.4
2025-06-12 12:26:00,94.8
2025-06-12 21:04:00,77.1
2025-06-12 09:02:00,99.0
2025-06-12 16:13:00,11.7
2025-06-12 06:17:00,49.88181818181819
2025-06-12 03:54:00,49.88181818181819
2025-06-12 07:35:00,19.1
2025-06-12 04:11:00,42.2
2025-06-12 18:31:00,69.6
2025-06-12 17:22:00,82.2
2025-06-12 19:35:00,49.88181818181819
2025-06-12 08:01:00,36.7
2025-06-12 20:15:00,17.7
2025-06-12 04:24:00,13.3
2025-06-12 12:19:00,49.88181818181819
2025-06-12 23:19:00,49.88181818181819
2025-06-12 20:41:00,2.8
2025-06-12 06:07:00,12.3
2025-06-12 13:32:00,62.6
2025-06-12 02:35:00,68.1
2025-06-12 03:04:00,94.4
2025-06-12 16:49:00,49.88181818181819
2025-06-12 11:21:00,11.6
2025-06-12 15:51:00,4.3
2025-06-12 08:26:00,72.6
2025-06-12 23:22:00,94.5
2025-06-12 04:31:00,49.88181818181819
2025-06-12 09:33:00,49.88181818181819
2025-06-12 11:12:00,49.88181818181819
2025-06-12 07:47:00,29.8
2025-06-12 18:01:00,2.3
2025-06-12 06:36:00,7.2
2025-06-12 00:44:00,3.7
2025-06-12 07:25:00,27.3
2025-06-12 16:46:00,69.0
2025-06-12 03:10:00,45.9
2025-06-12 10:35:00,30.4
2025-06-12 20:32:00,62.9
2025-06-12 12:18:00,40.1
2025-06-12 11:39:00,47.3
2025-06-12 11:13:00,0.9
2025-06-12 15:01:00,69.8
2025-06-12 21:49:00,24.9
2025-06-12 05:38:00,49.88181818181819
2025-06-12 16:10:00,57.1
2025-06-12 20:09:00,13.3
2025-06-12 00:25:00,61.4
2025-06-12 06:21:00,26.0
2025-06-12 23:52:00,5.6
2025-06-12 05:36:00,4.4
2025-06-12 09:20:00,28.6
2025-06-12 19:40:00,69.8
2025-06-12 03:51:00,3.9
2025-06-12 14:52:00,39.1
2025-06-12 07:15:00,43.5
2025-06-12 07:52:00,44.0
2025-06-12 08:42:00,78.9
2025-06-12 20:47:00,38.7
2025-06-12 18:06:00,49.88181818181819
2025-06-12 21:33:00,49.88181818181819
2025-06-12 05:40:00,67.4
2025-06-12 16:01:00,84.3
2025-06-12 08:30:00,15.1
2025-06-12 12:57:00,2.1
2025-06-12 12:35:00,77.1
2025-06-12 04:58:00,4.5
2025-06-12 06:37:00,12.7
2025-06-12 10:41:00,75.5
2025-06-12 20:38:00,27.2
2025-06-12 00:50:00,24.8
2025-06-12 03:01:00,50.019744401453856
2025-06-12 10:28:00,84.5
2025-06-12 12:32:00,2.2
2025-06-12 07:51:00,47.1
2025-06-12 11:57:00,48.2
2025-06-12 08:08:00,86.7
2025-06-12 13:54:00,50.019744401453856
2025-06-12 05:47:00,65.7
2025-06-12 18:00:00,23.4
2025-06-12 21:01:00,50.0
2025-06-12 12:22:00,64.8
2025-06-12 15:01:00,31.5
2025-06-12 09:59:00,89.5
2025-06-12 01:21:00,44.3
2025-06-12 18:18:00,76.2
2025-06-12 17:52:00,63.5
2025-06-12 08:03:00,64.4
2025-06-12 11:42:00,90.5
2025-06-12 17:34:00,89.3
2025-06-12 21:17:00,55.9
2025-06-12 21:12:00,79.7
2025-06-12 08:14:00,4.2
2025-06-12 07:53:00,85.0
2025-06-12 04:43:00,65.9
2025-06-12 20:24:00,7.0
2025-06-12 15:03:00,80.6
2025-06-12 05:29:00,41.8
2025-06-12 14:35:00,82.5
2025-06-12 16:16:00,20.8
2025-06-12 21:53:00,63.2
2025-06-12 15:37:00,59.7
2025-06-12 13:29:00,52.9
2025-06-12 10:24:00,23.5
2025-06-12 21:10:00,55.0
2025-06-12 20:06:00,66.9
2025-06-12 15:11:00,60.1
2025-06-12 16:25:00,90.2
2025-06-12 23:44:00,44.6
2025-06-12 18:29:00,11.1
2025-06-12 20:04:00,50.019744401453856
2025-06-12 22:55:00,90.7
2025-06-12 06:16:00,55.0
2025-06-12 19:50:00,14.2
2025-06-12 20:08:00,6.1
2025-06-12 00:07:00,50.019744401453856
2025-06-12 13:00:00,43.7
2025-06-12 01:04:00,57.2
2025-06-12 07:25:00,88.9
2025-06-12 12:01:00,90.9
2025-06-12 02:03:00,41.6
2025-06-12 13:22:00,27.0
2025-06-12 16:54:00,61.9
2025-06-12 11:59:00,28.3
2025-06-12 16:22:00,26.9
2025-06-12 20:16:00,96.4
2025-06-12 10:12:00,6.5
2025-06-12 23:53:00,51.5
2025-06-12 05:15:00,50.019744401453856
2025-06-12 03:42:00,9.5
2025-06-12 03:13:00,27.4
2025-06-12 08:34:00,59.7
2025-06-12 01:01:00,67.2
2025-06-12 18:43:00,49.8
2025-06-12 00:29:00,2.9
2025-06-12 02:36:00,84.1
2025-06-12 04:25:00,15.8
2025-06-12 09:46:00,24.0
2025-06-12 00:10:00,50.019744401453856
2025-06-12 13:38:00,63.3
2025-06-12 04:15:00,68.1
2025-06-12 13:52:00,36.3
2025-06-12 04:18:00,77.6
2025-06-12 02:18:00,27.4
2025-06-12 00:26:00,73.6
2025-06-12 21:52:00,50.019744401453856
2025-06-12 20:57:00,24.9
2025-06-12 20:21:00,62.7
2025-06-12 06:58:00,65.3
2025-06-12 07:30:00,78.7
2025-06-12 03:27:00,37.9
2025-06-12 11:11:00,24.7
2025-06-12 23:51:00,55.2
2025-06-12 19:07:00,10.9
2025-06-12 10:05:00,77.6
2025-06-12 12:24:00,10.3
2025-06-12 10:50:00,50.019744401453856
2025-06-12 08:16:00,1.7
2025-06-12 21:59:00,70.7
2025-06-12 09:33:00,57.9
2025-06-12 03:49:00,50.019744401453856
2025-06-12 05:53:00,34.7
2025-06-12 15:12:00,53.9
2025-06-12 23:26:00,68.5
2025-06-12 00:38:00,52.6
2025-06-12 00:30:00,77.7
2025-06-12 03:45:00,10.1
2025-06-12 18:14:00,10.6
2025-06-12 19:05:00,9.8
2025-06-12 03:10:00,48.8
2025-06-12 21:32:00,57.1
2025-06-12 02:09:00,82.0
2025-06-12 00:34:00,99.1
2025-06-12 18:04:00,98.3
2025-06-12 16:48:00,92.4
2025-06-12 02:38:00,50.019744401453856
2025-06-12 01:00:00,38.4
2025-06-12 03:50:00,93.9
2025-06-12 09:01:00,8.4
2025-06-12 07:26:00,72.1
2025-06-12 12:58:00,50.019744401453856
2025-06-12 00:37:00,95.3
2025-06-12 17:09:00,80.2
2025-06-12 22:59:00,62.0
2025-06-12 23:09:00,34.4
2025-06-12 10:45:00,99.9
2025-06-12 20:56:00,81.5
2025-06-12 06:03:00,85.9
2025-06-12 11:56:00,31.9
2025-06-12 10:34:00,34.3
2025-06-12 04:03:00,37.5
2025-06-12 14:41:00,54.0
2025-06-12 20:13:00,50.019744401453856
2025-06-12 17:13:00,52.9
2025-06-12 15:19:00,50.019744401453856
2025-06-12 03:53:00,42.6
2025-06-12 05:46:00,50.019744401453856
2025-06-12 07:07:00,43.1
2025-06-12 06:49:00,29.5
2025-06-12 13:50:00,89.4
2025-06-12 22:16:00,16.0
2025-06-12 16:44:00,39.5
2025-06-12 22:08:00,50.019744401453856
2025-06-12 08:20:00,50.019744401453856
2025-06-12 05:16:00,53.2
2025-06-12 08:13:00,31.9
2025-06-12 01:43:00,82.1
2025-06-12 09:36:00,50.019744401453856
2025-06-12 06:00:00,55.1
2025-06-12 09:42:00,43.8
2025-06-12 04:05:00,64.7
2025-06-12 06:26:00,97.9
2025-06-12 11:00:00,34.7
2025-06-12 03:41:00,69.4
2025-06-12 22:29:00,50.9
2025-06-12 12:34:00,54.9
2025-06-12 02:04:00,2.1
2025-06-12 11:30:00,56.7
2025-06-12 02:28:00,42.2
2025-06-12 21:41:00,68.8
2025-06-12 22:18:00,15.9
2025-06-12 23:52:00,42.6
2025-06-12 04:12:00,68.4
2025-06-12 12:17:00,61.3
2025-06-12 07:05:00,42.9
2025-06-12 09:07:00,98.2
2025-06-12 12:44:00,68.2
2025-06-12 15:28:00,50.019744401453856
2025-06-12 04:29:00,50.019744401453856
2025-06-12 11:41:00,0.2
2025-06-12 21:31:00,50.019744401453856
2025-06-12 18:22:00,10.1
2025-06-12 00:39:00,87.5
2025-06-12 02:44:00,50.019744401453856
2025-06-12 01:59:00,9.3
2025-06-12 08:37:00,5.2
2025-06-12 20:10:00,51.2
2025-06-12 23:38:00,39.5
2025-06-12 07:55:00,68.6
2025-06-12 07:06:00,50.019744401453856
2025-06-12 18:09:00,22.3
2025-06-12 18:52:00,2.1
2025-06-12 21:43:00,49.2
2025-06-12 12:26:00,50.019744401453856
2025-06-12 23:14:00,85.5
2025-06-12 16:58:00,79.0
2025-06-12 01:31:00,94.8
2025-06-12 22:13:00,52.0
2025-06-12 02:30:00,17.5
2025-06-12 05:18:00,4.0
2025-06-12 14:49:00,50.019744401453856
2025-06-12 17:21:00,29.8
2025-06-12 01:18:00,48.3
2025-06-12 22:34:00,50.019744401453856
2025-06-12 09:41:00,52.9
2025-06-12 10:08:00,37.2
2025-06-12 04:38:00,40.5
2025-06-12 01:17:00,38.4
2025-06-12 01:40:00,78.6
2025-06-12 16:36:00,22.2
2025-06-12 03:54:00,47.0
2025-06-12 16:28:00,79.6
2025-06-12 07:34:00,56.7
2025-06-12 17:27:00,85.8
2025-06-12 23:15:00,9.7
2025-06-12 14:45:00,66.4
2025-06-12 02:53:00,21.9
2025-06-12 15:32:00,66.3
2025-06-12 04:55:00,2.5
2025-06-12 11:20:00,18.7
2025-06-12 08:33:00,71.7
2025-06-12 03:43:00,3.2
2025-06-12 07:01:00,88.9
2025-06-12 22:41:00,26.0
2025-06-12 22:43:00,79.2
2025-06-12 20:59:00,50.019744401453856
2025-06-12 22:14:00,84.1
2025-06-12 19:14:00,64.3
2025-06-12 15:22:00,50.019744401453856
2025-06-12 15:44:00,52.5
2025-06-12 19:09:00,44.4
2025-06-12 16:20:00,50.019744401453856
2025-06-12 16:04:00,50.019744401453856
2025-06-12 16:05:00,27.6
2025-06-12 06:50:00,50.019744401453856
2025-06-12 23:20:00,49.9
2025-06-12 22:30:00,50.7
2025-06-12 03:28:00,50.019744401453856
2025-06-12 21:46:00,56.1
2025-06-12 11:33:00,68.9
2025-06-12 20:09:00,62.3
2025-06-12 16:10:00,76.2
2025-06-12 12:06:00,39.1
2025-06-12 12:48:00,41.0
2025-06-12 12:11:00,28.7
2025-06-12 05:04:00,92.0
2025-06-12 02:46:00,57.4
2025-06-12 08:53:00,89.9
2025-06-12 10:51:00,7.6
2025-06-12 20:23:00,26.2
2025-06-12 17:59:00,65.7
2025-06-12 12:57:00,93.1
2025-06-12 06:22:00,22.7
2025-06-12 15:05:00,20.3
2025-06-12 16:33:00,50.019744401453856
2025-06-12 01:05:00,18.2
2025-06-12 21:25:00,97.0
2025-06-12 08:49:00,75.0
2025-06-12 02:29:00,82.4
2025-06-12 16:43:00,67.5
2025-06-12 19:13:00,82.4
2025-06-12 04:53:00,39.7
2025-06-12 16:45:00,99.0
2025-06-12 04:23:00,97.9
2025-06-12 13:58:00,43.8
2025-06-12 19:54:00,30.7
2025-06-12 11:29:00,85.8
2025-06-12 22:21:00,57.6
2025-06-12 12:10:00,62.3
2025-06-12 19:24:00,76.3
2025-06-12 15:59:00,23.5
2025-06-12 04:41:00,97.7
2025-06-12 05:51:00,20.1
2025-06-12 05:05:00,62.6
2025-06-12 23:22:00,47.6
2025-06-12 02:26:00,17.0
2025-06-12 07:00:00,57.6
2025-06-12 02:31:00,75.7
2025-06-12 06:13:00,48.3
2025-06-12 00:41:00,65.7
2025-06-12 17:36:00,62.6
2025-06-12 00:24:00,91.3
2025-06-12 11:46:00,50.019744401453856
2025-06-12 12:21:00,68.5
2025-06-12 10:46:00,23.6
2025-06-12 12:37:00,0.2
2025-06-12 16:07:00,56.1
2025-06-12 13:13:00,20.4
2025-06-12 02:39:00,73.9
2025-06-12 10:40:00,50.019744401453856
2025-06-12 15:24:00,50.019744401453856
2025-06-12 01:20:00,26.3
2025-06-12 15:47:00,84.3
2025-06-12 22:56:00,50.019744401453856
2025-06-12 17:31:00,91.7
2025-06-12 22:01:00,36.8
2025-06-12 05:28:00,50.2
2025-06-12 17:11:00,4.7
2025-06-12 12:46:00,7.8
2025-06-12 19:53:00,76.3
2025-06-12 04:22:00,7.3
2025-06-12 21:36:00,18.0
2025-06-12 04:49:00,27.4
2025-06-12 02:54:00,30.9
2025-06-12 14:59:00,37.9
2025-06-12 08:07:00,14.6
2025-06-12 05:13:00,6.0
2025-06-12 20:19:00,96.9
2025-06-12 20:30:00,85.8
2025-06-12 09:44:00,75.5
2025-06-12 23:43:00,43.0
2025-06-12 09:08:00,43.0
2025-06-12 09:32:00,8.5
2025-06-12 14:05:00,2.6
2025-06-12 20:11:00,71.0
2025-06-12 18:02:00,69.7
2025-06-12 21:02:00,50.019744401453856
2025-06-12 01:47:00,80.0
2025-06-12 16:18:00,26.0
2025-06-12 12:43:00,48.2
2025-06-12 18:33:00,42.2
2025-06-12 10:21:00,72.0
2025-06-12 08:17:00,63.0
2025-06-12 16:31:00,68.1
2025-06-12 16:12:00,49.0
2025-06-12 22:00:00,50.0
2025-06-12 12:35:00,70.1
2025-06-12 21:00:00,86.2
2025-06-12 14:02:00,49.94205948042788
2025-06-12 12:03:00,19.7
2025-06-12 18:39:00,19.2
2025-06-12 18:57:00,73.5
2025-06-12 04:44:00,11.1
2025-06-12 16:48:00,12.0
2025-06-12 19:43:00,22.0
2025-06-12 01:17:00,92.4
2025-06-12 18:23:00,24.3
2025-06-12 04:07:00,13.4
2025-06-12 02:53:00,14.3
2025-06-12 00:24:00,1.2
2025-06-12 18:04:00,16.2
2025-06-12 12:27:00,30.9
2025-06-12 01:00:00,36.6
2025-06-12 08:56:00,94.3
2025-06-12 01:48:00,69.5
2025-06-12 15:32:00,36.7
2025-06-12 11:36:00,8.5
2025-06-12 14:22:00,70.2
2025-06-12 10:31:00,0.8
2025-06-12 16:31:00,14.3
2025-06-12 16:51:00,49.94205948042788
2025-06-12 17:26:00,39.3
2025-06-12 18:09:00,52.1
2025-06-12 07:21:00,35.3
2025-06-12 16:35:00,88.2
2025-06-12 00:08:00,75.6
2025-06-12 20:07:00,49.94205948042788
2025-06-12 03:16:00,70.3
2025-06-12 03:42:00,40.3
2025-06-12 14:35:00,49.94205948042788
2025-06-12 03:57:00,49.94205948042788
2025-06-12 08:00:00,22.5
2025-06-12 12:56:00,49.94205948042788
2025-06-12 17:54:00,34.0
2025-06-12 10:43:00,49.94205948042788
2025-06-12 07:01:00,43.8
2025-06-12 16:45:00,62.6
2025-06-12 07:14:00,88.3
2025-06-12 09:57:00,82.1
2025-06-12 11:10:00,37.8
2025-06-12 23:26:00,60.1
2025-06-12 13:17:00,66.6
2025-06-12 12:32:00,38.5
2025-06-12 23:43:00,79.6
2025-06-12 06:04:00,14.3
2025-06-12 15:02:00,68.6
2025-06-12 20:21:00,59.7
2025-06-12 00:02:00,13.0
2025-06-12 10:06:00,49.94205948042788
2025-06-12 14:48:00,23.7
2025-06-12 20:06:00,16.6
2025-06-12 02:19:00,58.3
2025-06-12 09:04:00,4.3
2025-06-12 13:54:00,56.8
2025-06-12 18:50:00,85.8
2025-06-12 09:22:00,36.4
2025-06-12 09:23:00,49.94205948042788
2025-06-12 15:13:00,56.8
2025-06-12 08:40:00,53.5
2025-06-12 12:40:00,87.5
2025-06-12 05:38:00,29.8
2025-06-12 14:17:00,95.8
2025-06-12 21:27:00,46.2
2025-06-12 08:59:00,9.3
2025-06-12 13:42:00,72.8
2025-06-12 23:19:00,32.1
2025-06-12 20:22:00,27.1
2025-06-12 20:09:00,49.94205948042788
2025-06-12 17:16:00,24.1
2025-06-12 12:16:00,93.4
2025-06-12 19:15:00,39.2
2025-06-12 00:19:00,82.4
2025-06-12 04:03:00,8.5
2025-06-12 23:38:00,15.2
2025-06-12 19:21:00,67.7
2025-06-12 09:59:00,12.0
2025-06-12 09:52:00,93.2
2025-06-12 18:59:00,19.1
2025-06-12 08:46:00,42.4
2025-06-12 09:42:00,49.94205948042788
2025-06-12 09:16:00,49.94205948042788
2025-06-12 09:14:00,99.8
2025-06-12 01:16:00,39.6
2025-06-12 16:37:00,13.0
2025-06-12 01:58:00,81.8
2025-06-12 06:56:00,49.94205948042788
2025-06-12 23:39:00,37.9
2025-06-12 12:33:00,67.7
2025-06-12 04:24:00,87.3
2025-06-12 21:09:00,19.9
2025-06-12 08:30:00,67.7
2025-06-12 23:04:00,48.2
2025-06-12 12:14:00,35.9
2025-06-12 12:08:00,14.0
2025-06-12 00:39:00,7.4
2025-06-12 08:11:00,47.8
2025-06-12 20:15:00,5.9
2025-06-12 10:27:00,37.7
2025-06-12 00:58:00,66.4
2025-06-12 13:56:00,49.94205948042788
2025-06-12 23:27:00,16.9
2025-06-12 23:11:00,93.5
2025-06-12 08:50:00,92.0
2025-06-12 00:30:00,40.3
2025-06-12 02:21:00,49.94205948042788
2025-06-12 10:20:00,23.8
2025-06-12 12:55:00,49.3
2025-06-12 08:13:00,92.1
2025-06-12 08:53:00,49.94205948042788
2025-06-12 05:04:00,12.1
2025-06-12 21:30:00,0.3
2025-06-12 07:57:00,61.1
2025-06-12 18:35:00,26.0
2025-06-12 08:23:00,60.9
2025-06-12 20:59:00,88.6
2025-06-12 04:15:00,7.6
2025-06-12 14:42:00,31.6
2025-06-12 03:46:00,49.94205948042788
2025-06-12 00:20:00,49.94205948042788
2025-06-12 11:03:00,66.0
2025-06-12 07:04:00,97.9
2025-06-12 23:56:00,0.4
2025-06-12 06:02:00,47.9
2025-06-12 20:56:00,86.1
2025-06-12 07:50:00,49.94205948042788
2025-06-12 15:11:00,36.4
2025-06-12 19:41:00,49.94205948042788
2025-06-12 09:53:00,64.7
2025-06-12 19:03:00,1.7
2025-06-12 17:28:00,38.0
2025-06-12 02:22:00,38.0
2025-06-12 18:29:00,85.1
2025-06-12 21:44:00,56.1
2025-06-12 14:43:00,97.8
2025-06-12 02:25:00,49.94205948042788
2025-06-12 03:30:00,97.5
2025-06-12 00:17:00,19.3
2025-06-12 10:48:00,42.3
2025-06-12 08:44:00,56.8
2025-06-12 23:22:00,25.0
2025-06-12 13:30:00,24.7
2025-06-12 00:06:00,19.0
2025-06-12 13:07:00,32.0
2025-06-12 03:32:00,89.5
2025-06-12 19:40:00,82.0
2025-06-12 10:02:00,11.7
2025-06-12 10:30:00,34.3
2025-06-12 09:37:00,52.5
2025-06-12 10:23:00,3.4
2025-06-12 03:25:00,49.94205948042788
2025-06-12 05:57:00,31.9
2025-06-12 19:56:00,74.7
2025-06-12 00:33:00,88.5
2025-06-12 01:44:00,95.1
2025-06-12 04:58:00,20.4
2025-06-12 10:24:00,7.9
2025-06-12 06:26:00,76.2
2025-06-12 18:43:00,48.5
2025-06-12 04:26:00,13.1
2025-06-12 15:06:00,28.6
2025-06-12 21:36:00,69.4
2025-06-12 21:28:00,23.8
2025-06-12 22:27:00,49.0
2025-06-12 23:45:00,94.9
2025-06-12 13:59:00,30.2
2025-06-12 05:15:00,82.8
2025-06-12 14:55:00,54.1
2025-06-12 02:24:00,20.8
2025-06-12 10:46:00,10.3
2025-06-12 06:38:00,79.6
2025-06-12 03:09:00,5.9
2025-06-12 09:06:00,49.94205948042788
2025-06-12 15:51:00,13.0
2025-06-12 00:43:00,49.94205948042788
2025-06-12 20:49:00,49.94205948042788
2025-06-12 03:44:00,43.3
2025-06-12 22:53:00,52.2
2025-06-12 06:28:00,28.6
2025-06-12 06:18:00,49.94205948042788
2025-06-12 08:32:00,18.0
2025-06-12 11:52:00,10.8
2025-06-12 02:45:00,49.94205948042788
2025-06-12 09:34:00,27.7
2025-06-12 10:10:00,49.94205948042788
2025-06-12 17:44:00,3.5
2025-06-12 22:50:00,65.8
2025-06-12 06:48:00,2.6
2025-06-12 15:49:00,52.8
2025-06-12 12:49:00,12.5
2025-06-12 11:34:00,1.9
2025-06-12 14:07:00,86.2
2025-06-12 16:39:00,69.7
2025-06-12 11:01:00,13.2
2025-06-12 06:07:00,29.7
2025-06-12 07:40:00,6.7
2025-06-12 10:11:00,89.2
2025-06-12 19:33:00,49.94205948042788
2025-06-12 01:13:00,79.5
2025-06-12 08:01:00,30.6
2025-06-12 23:33:00,56.4
2025-06-12 22:30:00,14.1
2025-06-12 05:29:00,58.2
2025-06-12 12:04:00,49.94205948042788
2025-06-12 11:06:00,49.94205948042788
2025-06-12 20:28:00,49.94205948042788
2025-06-12 16:50:00,74.3
2025-06-12 13:12:00,49.94205948042788
2025-06-12 22:03:00,59.5
2025-06-12 06:08:00,19.0
2025-06-12 01:23:00,78.6
2025-06-12 21:32:00,3.9
2025-06-12 05:23:00,60.1
2025-06-12 15:59:00,25.0
2025-06-12 05:10:00,13.6
2025-06-12 05:26:00,3.0
2025-06-12 06:23:00,36.1
2025-06-12 02:10:00,90.6
2025-06-12 19:34:00,12.5
2025-06-12 17:59:00,71.1
2025-06-12 23:20:00,82.0
2025-06-12 03:56:00,42.3
2025-06-12 09:07:00,39.8
2025-06-12 06:41:00,48.0
2025-06-12 20:18:00,49.94205948042788
2025-06-12 12:23:00,34.2
2025-06-12 09:51:00,55.6
2025-06-12 18:11:00,8.8
2025-06-12 18:51:00,8.9
2025-06-12 15:00:00,57.7
2025-06-12 12:22:00,25.1
2025-06-12 06:33:00,29.1
2025-06-12 22:37:00,28.9
2025-06-12 23:53:00,21.9
2025-06-12 03:35:00,88.8
2025-06-12 05:30:00,13.0
2025-06-12 13:21:00,71.7
2025-06-12 15:01:00,12.8
2025-06-12 22:58:00,17.8
2025-06-12 09:50:00,84.6
2025-06-12 16:15:00,8.8
2025-06-12 09:46:00,56.3
2025-06-12 07:49:00,8.2
2025-06-12 03:06:00,19.7
2025-06-12 13:13:00,49.7
2025-06-12 11:00:00,66.3
2025-06-12 18:38:00,49.94205948042788
2025-06-12 17:52:00,75.4
2025-06-12 08:09:00,1.0
2025-06-12 18:18:00,62.4
2025-06-12 14:01:00,47.8
2025-06-12 05:50:00,80.5
2025-06-12 00:38:00,9.8
2025-06-12 21:56:00,49.94205948042788
2025-06-12 23:46:00,21.1
2025-06-12 11:38:00,98.4
2025-06-12 00:12:00,47.7
2025-06-12 18:16:00,40.9
2025-06-12 03:59:00,56.5
2025-06-12 01:53:00,49.94205948042788
2025-06-12 02:39:00,48.8
2025-06-12 08:48:00,29.8
2025-06-12 01:30:00,10.0
2025-06-12 14:28:00,97.7
2025-06-12 00:54:00,57.8
2025-06-12 18:26:00,90.3
2025-06-12 15:27:00,58.3
2025-06-12 18:01:00,49.94205948042788
2025-06-12 19:46:00,58.2
2025-06-12 14:11:00,64.7
2025-06-12 20:54:00,71.4
2025-06-12 15:09:00,49.94205948042788
2025-06-12 17:06:00,58.1
2025-06-12 14:46:00,59.4
2025-06-12 10:45:00,47.4
2025-06-12 14:34:00,50.9
2025-06-12 18:24:00,52.4
2025-06-12 09:44:00,49.94205948042788
2025-06-12 10:26:00,49.94205948042788
2025-06-12 07:11:00,49.94205948042788
2025-06-12 16:58:00,49.94205948042788
2025-06-12 19:00:00,21.4
2025-06-12 07:30:00,24.0
2025-06-12 09:27:00,73.3
2025-06-12 04:42:00,30.5
2025-06-12 23:15:00,36.8
2025-06-12 15:48:00,53.7
2025-06-12 10:29:00,17.1
2025-06-12 01:57:00,53.8
2025-06-12 00:29:00,49.94205948042788
2025-06-12 07:47:00,33.1
2025-06-12 04:38:00,78.4
2025-06-12 01:27:00,49.94205948042788
2025-06-12 07:25:00,97.9
2025-06-12 01:32:00,49.94205948042788
2025-06-12 09:00:00,49.94205948042788
2025-06-12 11:18:00,65.1
2025-06-12 13:51:00,5.8
2025-06-12 14:45:00,34.0
2025-06-12 14:59:00,84.3
2025-06-12 15:31:00,38.0
2025-06-12 12:09:00,51.4
2025-06-12 14:21:00,4.1
2025-06-12 09:39:00,87.6
2025-06-12 18:46:00,14.3
2025-06-12 06:21:00,99.7
2025-06-12 22:55:00,73.4
2025-06-12 06:20:00,0.1
2025-06-12 18:34:00,50.024092836946274
2025-06-12 22:30:00,95.5
2025-06-12 15:52:00,32.7
2025-06-12 22:12:00,22.6
2025-06-12 15:46:00,9.4
2025-06-12 13:36:00,24.0
2025-06-12 17:10:00,81.8
2025-06-12 10:54:00,23.0
2025-06-12 02:30:00,3.8
2025-06-12 06:38:00,49.5
2025-06-12 18:25:00,33.0
2025-06-12 13:26:00,17.5
2025-06-12 01:07:00,50.024092836946274
2025-06-12 17:36:00,34.8
2025-06-12 00:14:00,49.1
2025-06-12 13:12:00,19.5
2025-06-12 23:35:00,46.6
2025-06-12 20:55:00,13.7
2025-06-12 12:31:00,76.2
2025-06-12 07:13:00,7.0
2025-06-12 17:06:00,99.0
2025-06-12 10:46:00,60.9
2025-06-12 04:45:00,54.8
2025-06-12 12:36:00,96.5
2025-06-12 20:47:00,17.6
2025-06-12 15:56:00,86.7
2025-06-12 04:31:00,55.7
2025-06-12 08:42:00,14.2
2025-06-12 17:23:00,76.5
2025-06-12 12:07:00,46.7
2025-06-12 20:53:00,88.3
2025-06-12 03:03:00,34.6
2025-06-12 22:08:00,10.8
2025-06-12 19:05:00,50.024092836946274
2025-06-12 13:20:00,90.1
2025-06-12 16:27:00,42.5
2025-06-12 12:58:00,50.024092836946274
2025-06-12 07:37:00,76.0
2025-06-12 08:31:00,0.2
2025-06-12 06:22:00,92.5
2025-06-12 05:28:00,75.2
2025-06-12 03:39:00,0.1
2025-06-12 18:07:00,37.4
2025-06-12 17:05:00,14.2
2025-06-12 04:17:00,48.7
2025-06-12 10:12:00,50.024092836946274
2025-06-12 19:15:00,5.2
2025-06-12 08:10:00,9.8
2025-06-12 11:41:00,3.0
2025-06-12 21:31:00,25.2
2025-06-12 03:31:00,50.024092836946274
2025-06-12 05:04:00,80.0
2025-06-12 21:06:00,9.5
2025-06-12 00:09:00,27.8
2025-06-12 15:15:00,62.7
2025-06-12 16:41:00,91.9
2025-06-12 14:13:00,50.024092836946274
2025-06-12 19:12:00,50.024092836946274
2025-06-12 20:06:00,31.9
2025-06-12 09:35:00,54.4
2025-06-12 10:18:00,27.5
2025-06-12 05:15:00,20.5
2025-06-12 01:59:00,64.2
2025-06-12 00:44:00,37.1
2025-06-12 08:55:00,88.7
2025-06-12 21:27:00,73.7
2025-06-12 06:57:00,66.2
2025-06-12 20:35:00,93.7
2025-06-12 11:39:00,81.1
2025-06-12 02:02:00,71.3
2025-06-12 10:50:00,75.4
2025-06-12 02:11:00,78.3
2025-06-12 01:57:00,8.8
2025-06-12 22:22:00,78.3
2025-06-12 19:02:00,31.7
2025-06-12 10:39:00,11.5
2025-06-12 00:47:00,53.9
2025-06-12 02:13:00,61.0
2025-06-12 14:45:00,2.8
2025-06-12 22:56:00,43.3
2025-06-12 21:48:00,88.7
2025-06-12 09:11:00,79.0
2025-06-12 02:43:00,82.2
2025-06-12 16:12:00,19.2
2025-06-12 02:32:00,79.1
2025-06-12 04:48:00,99.5
2025-06-12 18:00:00,24.4
2025-06-12 02:04:00,88.7
2025-06-12 00:42:00,65.9
2025-06-12 14:38:00,18.3
2025-06-12 12:50:00,4.5
2025-06-12 21:29:00,2.6
2025-06-12 20:42:00,10.1
2025-06-12 17:48:00,20.2
2025-06-12 08:04:00,50.024092836946274
2025-06-12 01:06:00,50.024092836946274
2025-06-12 02:20:00,12.4
2025-06-12 09:57:00,50.024092836946274
2025-06-12 23:11:00,87.0
2025-06-12 15:01:00,50.024092836946274
2025-06-12 09:45:00,37.0
2025-06-12 06:39:00,68.3
2025-06-12 13:58:00,30.1
2025-06-12 11:12:00,36.7
2025-06-12 17:21:00,34.9
2025-06-12 07:03:00,39.6
2025-06-12 06:35:00,50.024092836946274
2025-06-12 07:06:00,91.2
2025-06-12 02:08:00,1.5
2025-06-12 04:24:00,62.4
2025-06-12 21:13:00,59.8
2025-06-12 10:23:00,1.3
2025-06-12 10:36:00,99.7
2025-06-12 07:15:00,74.3
2025-06-12 17:59:00,50.024092836946274
2025-06-12 12:17:00,38.8
2025-06-12 12:27:00,85.0
2025-06-12 06:07:00,87.1
2025-06-12 12:18:00,95.3
2025-06-12 19:11:00,65.6
2025-06-12 13:31:00,14.1
2025-06-12 10:10:00,50.024092836946274
2025-06-12 12:41:00,93.7
2025-06-12 09:22:00,50.024092836946274
2025-06-12 22:57:00,76.8
2025-06-12 10:29:00,38.9
2025-06-12 07:29:00,4.7
2025-06-12 10:56:00,87.7
2025-06-12 03:28:00,65.7
2025-06-12 07:08:00,95.6
2025-06-12 23:53:00,62.3
2025-06-12 14:56:00,50.024092836946274
2025-06-12 03:34:00,78.1
2025-06-12 01:58:00,50.024092836946274
2025-06-12 17:43:00,49.3
2025-06-12 03:12:00,67.4
2025-06-12 15:40:00,16.3
2025-06-12 08:39:00,49.2
2025-06-12 14:30:00,30.5
2025-06-12 01:29:00,46.1
2025-06-12 02:29:00,46.9
2025-06-12 12:43:00,6.5
2025-06-12 02:52:00,94.9
2025-06-12 22:40:00,82.8
2025-06-12 11:34:00,0.6
2025-06-12 01:24:00,50.024092836946274
2025-06-12 08:21:00,70.9
2025-06-12 07:57:00,5.8
2025-06-12 20:11:00,92.7
2025-06-12 01:20:00,50.024092836946274
2025-06-12 06:44:00,57.1
2025-06-12 21:05:00,82.5
2025-06-12 04:22:00,6.8
2025-06-12 08:27:00,44.2
2025-06-12 18:11:00,72.7
2025-06-12 03:45:00,53.8
2025-06-12 17:50:00,13.1
2025-06-12 14:02:00,4.0
2025-06-12 21:33:00,52.2
2025-06-12 22:04:00,68.4
2025-06-12 16:22:00,50.024092836946274
2025-06-12 21:12:00,50.024092836946274
2025-06-12 19:41:00,31.0
2025-06-12 05:59:00,39.6
2025-06-12 02:01:00,27.4
2025-06-12 14:34:00,34.5
2025-06-12 11:54:00,50.024092836946274
2025-06-12 07:19:00,4.2
2025-06-12 11:14:00,50.0
2025-06-12 21:36:00,58.2
2025-06-12 18:21:00,50.024092836946274
2025-06-12 11:26:00,51.6
2025-06-12 09:33:00,91.3
2025-06-12 16:44:00,1.6
2025-06-12 12:22:00,9.1
2025-06-12 10:40:00,55.9
2025-06-12 16:21:00,74.3
2025-06-12 23:51:00,82.2
2025-06-12 17:33:00,66.6
2025-06-12 11:37:00,50.024092836946274
2025-06-12 08:33:00,6.9
2025-06-12 20:41:00,81.1
2025-06-12 10:20:00,19.5
2025-06-12 16:24:00,33.5
2025-06-12 15:51:00,50.024092836946274
2025-06-12 09:46:00,89.6
2025-06-12 22:00:00,41.3
2025-06-12 20:08:00,38.4
2025-06-12 14:29:00,94.9
2025-06-12 13:00:00,43.8
2025-06-12 09:31:00,62.2
2025-06-12 13:04:00,19.8
2025-06-12 06:03:00,62.9
2025-06-12 23:28:00,54.9
2025-06-12 14:20:00,27.0
2025-06-12 07:07:00,50.024092836946274
2025-06-12 04:08:00,50.0
2025-06-12 05:32:00,57.7
2025-06-12 05:52:00,60.1
2025-06-12 12:01:00,53.9
2025-06-12 17:13:00,50.024092836946274
2025-06-12 20:22:00,50.024092836946274
2025-06-12 05:02:00,50.024092836946274
2025-06-12 03:10:00,16.5
2025-06-12 17:53:00,20.7
2025-06-12 04:07:00,47.5
2025-06-12 00:18:00,50.024092836946274
2025-06-12 21:41:00,34.1
2025-06-12 07:11:00,23.0
2025-06-12 23:31:00,19.5
2025-06-12 11:55:00,50.024092836946274
2025-06-12 10:53:00,2.2
2025-06-12 07:42:00,93.5
2025-06-12 04:10:00,80.3
2025-06-12 14:07:00,97.9
2025-06-12 10:11:00,8.8
2025-06-12 22:48:00,58.5
2025-06-12 17:16:00,27.1
2025-06-12 15:33:00,51.7
2025-06-12 03:46:00,50.024092836946274
2025-06-12 09:27:00,50.024092836946274
2025-06-12 21:18:00,96.6
2025-06-12 16:42:00,50.024092836946274
2025-06-12 00:45:00,14.2
2025-06-12 14:08:00,33.9
2025-06-12 13:54:00,77.5
2025-06-12 05:23:00,96.1
2025-06-12 16:28:00,50.024092836946274
2025-06-12 14:16:00,45.0
2025-06-12 05:49:00,50.024092836946274
2025-06-12 10:55:00,77.3
2025-06-12 01:51:00,5.5
2025-06-12 07:24:00,98.2
2025-06-12 03:43:00,39.9
2025-06-12 11:59:00,11.5
2025-06-12 23:49:00,50.024092836946274
2025-06-12 22:42:00,90.0
2025-06-12 23:33:00,31.2
2025-06-12 03:41:00,94.6
2025-06-12 09:16:00,29.5
2025-06-12 09:21:00,92.8
2025-06-12 07:18:00,45.4
2025-06-12 09:23:00,70.8
2025-06-12 16:34:00,50.024092836946274
2025-06-12 02:59:00,55.2
2025-06-12 10:49:00,84.4
2025-06-12 15:53:00,74.6
2025-06-12 18:44:00,93.4
2025-06-12 20:03:00,80.0
2025-06-12 00:26:00,68.0
2025-06-12 12:49:00,50.024092836946274
2025-06-12 12:44:00,85.4
2025-06-12 09:51:00,45.2
2025-06-12 18:41:00,50.024092836946274
2025-06-12 09:24:00,85.3
2025-06-12 04:56:00,62.5
2025-06-12 21:58:00,64.0
2025-06-12 03:27:00,12.5
2025-06-12 18:01:00,71.7
2025-06-12 20:52:00,41.6
2025-06-12 00:04:00,4.7
2025-06-12 03:37:00,7.8
2025-06-12 07:04:00,71.3
2025-06-12 06:59:00,60.2
2025-06-12 17:28:00,50.6
2025-06-12 03:36:00,11.5
2025-06-12 08:20:00,8.5
2025-06-12 19:49:00,66.3
2025-06-12 03:19:00,72.9
2025-06-12 16:58:00,8.9
2025-06-12 14:09:00,14.3
2025-06-12 05:22:00,19.6
2025-06-12 14:26:00,26.1
2025-06-12 10:19:00,22.9
2025-06-12 12:20:00,3.9
2025-06-12 18:40:00,74.9
2025-06-12 15:43:00,39.4
2025-06-12 00:49:00,89.6
2025-06-12 12:32:00,95.6
2025-06-12 13:44:00,43.8
2025-06-12 18:04:00,50.024092836946274
2025-06-12 13:53:00,11.4
2025-06-12 01:41:00,15.2
2025-06-12 08:03:00,15.7
2025-06-12 09:01:00,50.024092836946274
2025-06-12 23:55:00,65.7
2025-06-12 04:14:00,21.0
2025-06-12 03:14:00,95.8
2025-06-12 11:33:00,81.1
2025-06-12 13:10:00,68.9
2025-06-12 02:25:00,33.0
2025-06-12 22:48:00,63.1
2025-06-12 07:05:00,72.0
2025-06-12 05:34:00,36.9
2025-06-12 06:01:00,42.3
2025-06-12 13:57:00,9.1
2025-06-12 19:16:00,20.6
2025-06-12 06:19:00,92.9
2025-06-12 04:18:00,49.2
2025-06-12 13:28:00,95.5
2025-06-12 20:25:00,55.5
2025-06-12 05:07:00,35.0
2025-06-12 02:31:00,77.1
2025-06-12 14:12:00,8.3
2025-06-12 15:19:00,52.0
2025-06-12 06:07:00,77.6
2025-06-12 11:50:00,49.54963144963145
2025-06-12 22:35:00,91.8
2025-06-12 10:05:00,80.1
2025-06-12 12:42:00,49.54963144963145
2025-06-12 21:59:00,31.2
2025-06-12 23:26:00,23.8
2025-06-12 13:15:00,81.8
2025-06-12 21:57:00,65.3
2025-06-12 21:15:00,79.8
2025-06-12 07:31:00,49.54963144963145
2025-06-12 10:59:00,79.4
2025-06-12 06:21:00,30.4
2025-06-12 00:15:00,16.2
2025-06-12 01:32:00,76.0
2025-06-12 23:34:00,46.0
2025-06-12 02:58:00,85.8
2025-06-12 07:00:00,13.4
2025-06-12 10:30:00,26.3
2025-06-12 01:55:00,78.2
2025-06-12 12:30:00,21.5
2025-06-12 05:47:00,49.54963144963145
2025-06-12 05:33:00,51.5
2025-06-12 02:56:00,45.2
2025-06-12 20:47:00,93.9
2025-06-12 22:19:00,96.5
2025-06-12 04:28:00,30.3
2025-06-12 07:32:00,81.5
2025-06-12 06:42:00,17.1
2025-06-12 23:33:00,49.54963144963145
2025-06-12 17:11:00,5.5
2025-06-12 10:45:00,41.5
2025-06-12 09:48:00,61.2
2025-06-12 19:23:00,25.5
2025-06-12 10:11:00,26.5
2025-06-12 11:14:00,69.7
2025-06-12 03:49:00,71.3
2025-06-12 11:27:00,32.8
2025-06-12 14:09:00,7.8
2025-06-12 03:13:00,41.9
2025-06-12 13:13:00,65.7
2025-06-12 17:50:00,9.5
2025-06-12 23:38:00,49.54963144963145
2025-06-12 11:07:00,61.7
2025-06-12 21:34:00,19.6
2025-06-12 01:38:00,24.7
2025-06-12 16:06:00,49.54963144963145
2025-06-12 14:25:00,17.4
2025-06-12 12:15:00,84.5
2025-06-12 21:05:00,17.3
2025-06-12 20:40:00,69.9
2025-06-12 09:41:00,66.0
2025-06-12 16:02:00,44.7
2025-06-12 08:04:00,7.9
2025-06-12 16:25:00,49.54963144963145
2025-06-12 11:59:00,84.9
2025-06-12 15:46:00,49.54963144963145
2025-06-12 01:04:00,60.4
2025-06-12 05:05:00,3.0
2025-06-12 07:24:00,43.3
2025-06-12 16:54:00,13.7
2025-06-12 12:53:00,60.7
2025-06-12 15:02:00,34.5
2025-06-12 01:23:00,27.7
2025-06-12 01:49:00,91.9
2025-06-12 05:18:00,59.6
2025-06-12 16:44:00,20.6
2025-06-12 13:46:00,49.54963144963145
2025-06-12 06:50:00,40.1
2025-06-12 10:23:00,18.3
2025-06-12 05:11:00,11.9
2025-06-12 13:54:00,19.4
2025-06-12 07:49:00,22.2
2025-06-12 09:43:00,19.9
2025-06-12 10:58:00,37.2
2025-06-12 12:10:00,18.3
2025-06-12 09:06:00,16.6
2025-06-12 23:55:00,84.9
2025-06-12 15:09:00,49.4
2025-06-12 11:44:00,54.0
2025-06-12 12:34:00,35.0
2025-06-12 03:25:00,34.6
2025-06-12 14:35:00,98.6
2025-06-12 11:01:00,83.8
2025-06-12 15:13:00,49.54963144963145
2025-06-12 16:22:00,1.4
2025-06-12 23:13:00,71.2
2025-06-12 11:08:00,53.7
2025-06-12 16:08:00,49.54963144963145
2025-06-12 03:15:00,47.3
2025-06-12 05:52:00,49.54963144963145
2025-06-12 19:18:00,22.9
2025-06-12 10:27:00,49.5
2025-06-12 15:31:00,98.0
2025-06-12 22:03:00,26.8
2025-06-12 05:17:00,40.6
2025-06-12 03:39:00,50.6
2025-06-12 11:02:00,74.1
2025-06-12 12:09:00,32.2
2025-06-12 00:27:00,60.5
2025-06-12 20:36:00,73.8
2025-06-12 14:33:00,96.9
2025-06-12 04:25:00,27.1
2025-06-12 19:03:00,49.54963144963145
2025-06-12 22:54:00,50.1
2025-06-12 12:58:00,49.0
2025-06-12 14:22:00,29.5
2025-06-12 02:12:00,49.54963144963145
2025-06-12 02:32:00,60.5
2025-06-12 05:00:00,16.2
2025-06-12 23:40:00,19.1
2025-06-12 05:46:00,95.4
2025-06-12 02:09:00,56.4
2025-06-12 23:35:00,66.7
2025-06-12 20:12:00,44.1
2025-06-12 06:14:00,1.3
2025-06-12 09:01:00,52.1
2025-06-12 09:16:00,50.6
2025-06-12 02:05:00,49.54963144963145
2025-06-12 06:51:00,64.0
2025-06-12 14:57:00,49.54963144963145
2025-06-12 14:30:00,72.1
2025-06-12 18:49:00,73.4
2025-06-12 05:09:00,7.6
2025-06-12 02:35:00,49.54963144963145
2025-06-12 08:46:00,95.5
2025-06-12 01:35:00,87.9
2025-06-12 16:28:00,77.9
2025-06-12 04:08:00,49.54963144963145
2025-06-12 05:40:00,15.1
2025-06-12 15:20:00,79.0
2025-06-12 07:38:00,6.6
2025-06-12 06:15:00,36.5
2025-06-12 04:11:00,67.7
2025-06-12 20:55:00,94.5
2025-06-12 15:43:00,39.9
2025-06-12 23:07:00,49.54963144963145
2025-06-12 02:21:00,82.2
2025-06-12 18:59:00,83.8
2025-06-12 13:53:00,1.7
2025-06-12 20:42:00,49.3
2025-06-12 02:37:00,93.7
2025-06-12 13:02:00,85.6
2025-06-12 15:23:00,39.2
2025-06-12 18:15:00,93.2
2025-06-12 01:15:00,71.5
2025-06-12 01:57:00,42.5
2025-06-12 23:44:00,49.54963144963145
2025-06-12 13:08:00,41.3
2025-06-12 00:09:00,77.6
2025-06-12 11:39:00,94.7
2025-06-12 14:32:00,49.54963144963145
2025-06-12 14:16:00,49.54963144963145
2025-06-12 17:24:00,0.0
2025-06-12 14:28:00,83.2
2025-06-12 12:38:00,49.54963144963145
2025-06-12 11:20:00,91.6
2025-06-12 18:07:00,72.8
2025-06-12 19:39:00,39.7
2025-06-12 16:34:00,70.5
2025-06-12 11:31:00,97.9
2025-06-12 11:28:00,47.1
2025-06-12 04:09:00,70.0
2025-06-12 11:30:00,7.6
2025-06-12 22:51:00,43.8
2025-06-12 19:43:00,50.7
2025-06-12 10:14:00,59.6
2025-06-12 15:26:00,64.6
2025-06-12 01:53:00,49.54963144963145
2025-06-12 02:11:00,68.2
2025-06-12 00:18:00,2.5
2025-06-12 06:41:00,33.5
2025-06-12 06:48:00,0.5
2025-06-12 10:04:00,65.0
2025-06-12 22:06:00,28.1
2025-06-12 18:25:00,49.54963144963145
2025-06-12 21:09:00,16.5
2025-06-12 04:22:00,0.5
2025-06-12 07:35:00,12.1
2025-06-12 00:11:00,47.0
2025-06-12 02:04:00,3.3
2025-06-12 09:21:00,77.3
2025-06-12 06:24:00,82.1
2025-06-12 20:41:00,32.8
2025-06-12 07:27:00,20.0
2025-06-12 14:01:00,26.6
2025-06-12 23:00:00,29.2
2025-06-12 15:33:00,5.7
2025-06-12 08:10:00,36.3
2025-06-12 22:11:00,12.9
2025-06-12 07:09:00,24.2
2025-06-12 00:53:00,49.54963144963145
2025-06-12 13:43:00,16.7
2025-06-12 23:49:00,78.8
2025-06-12 09:32:00,76.6
2025-06-12 18:29:00,49.54963144963145
2025-06-12 11:48:00,49.54963144963145
2025-06-12 11:22:00,37.0
2025-06-12 02:45:00,90.7
2025-06-12 00:50:00,27.3
2025-06-12 05:36:00,18.2
2025-06-12 05:10:00,99.0
2025-06-12 06:39:00,33.8
2025-06-12 22:23:00,19.4
2025-06-12 00:29:00,68.8
2025-06-12 21:42:00,95.8
2025-06-12 11:00:00,44.2
2025-06-12 17:16:00,8.6
2025-06-12 13:04:00,34.6
2025-06-12 00:13:00,54.2
2025-06-12 18:18:00,75.7
2025-06-12 08:37:00,37.3
2025-06-12 01:48:00,45.9
2025-06-12 23:56:00,93.4
2025-06-12 14:48:00,71.8
2025-06-12 02:52:00,2.5
2025-06-12 06:29:00,49.54963144963145
2025-06-12 08:08:00,49.54963144963145
2025-06-12 06:32:00,99.0
2025-06-12 12:59:00,49.54963144963145
2025-06-12 16:21:00,37.8
2025-06-12 05:13:00,23.7
2025-06-12 13:52:00,49.54963144963145
2025-06-12 10:36:00,49.54963144963145
2025-06-12 14:00:00,43.9
2025-06-12 16:14:00,74.5
2025-06-12 17:41:00,97.1
2025-06-12 16:48:00,32.5
2025-06-12 19:31:00,27.6
2025-06-12 02:02:00,24.5
2025-06-12 23:17:00,46.8
2025-06-12 10:43:00,52.1
2025-06-12 06:25:00,68.5
2025-06-12 09:58:00,64.1
2025-06-12 17:10:00,35.5
2025-06-12 20:23:00,80.2
2025-06-12 19:34:00,49.54963144963145
2025-06-12 10:34:00,92.8
2025-06-12 00:16:00,92.0
2025-06-12 19:47:00,33.5
2025-06-12 11:16:00,87.9
2025-06-12 21:01:00,49.54963144963145
2025-06-12 05:35:00,31.0
2025-06-12 20:28:00,19.5
2025-06-12 21:08:00,12.3
2025-06-12 15:27:00,1.0
2025-06-12 09:31:00,51.1
2025-06-12 23:37:00,84.0
2025-06-12 14:37:00,30.7
2025-06-12 11:12:00,92.2
2025-06-12 11:55:00,12.2
2025-06-12 06:59:00,73.9
2025-06-12 11:58:00,30.4
2025-06-12 00:02:00,13.0
2025-06-12 03:35:00,70.4
2025-06-12 12:46:00,42.3
2025-06-12 13:22:00,12.0
2025-06-12 04:59:00,5.6
2025-06-12 18:28:00,55.4
2025-06-12 14:31:00,49.54963144963145
2025-06-12 08:14:00,10.1
2025-06-12 22:07:00,96.4
2025-06-12 08:19:00,57.0
2025-06-12 00:43:00,65.4
2025-06-12 23:50:00,70.2
2025-06-12 22:22:00,51.2
2025-06-12 01:39:00,49.54963144963145
2025-06-12 01:26:00,20.6
2025-06-12 08:30:00,89.5
2025-06-12 11:35:00,55.2
2025-06-12 21:48:00,46.9
2025-06-12 10:38:00,69.7
2025-06-12 19:50:00,73.1
2025-06-12 16:35:00,29.8
2025-06-12 07:03:00,48.1
2025-06-12 04:27:00,52.0
2025-06-12 12:49:00,24.0
2025-06-12 15:06:00,39.2
2025-06-12 04:52:00,27.1
2025-06-12 11:25:00,19.0
2025-06-12 10:00:00,83.5
2025-06-12 07:48:00,100.0
2025-06-12 06:43:00,49.54963144963145
2025-06-12 00:39:00,18.5
2025-06-12 23:31:00,49.7
2025-06-12 01:28:00,39.1
2025-06-12 03:02:00,49.54963144963145
2025-06-12 05:08:00,6.8
2025-06-12 13:34:00,51.3
2025-06-12 03:58:00,49.54963144963145
2025-06-12 21:53:00,24.0
2025-06-12 10:29:00,51.9
2025-06-12 13:14:00,72.0
2025-06-12 04:24:00,12.9
2025-06-12 01:27:00,49.54963144963145
2025-06-12 17:08:00,49.54963144963145
2025-06-12 12:00:00,39.7
2025-06-12 02:13:00,97.1
2025-06-12 00:41:00,49.54963144963145
2025-06-12 21:10:00,44.0
2025-06-12 01:40:00,86.6
2025-06-12 04:32:00,54.3
2025-06-12 21:43:00,60.2
2025-06-12 05:01:00,77.3
2025-06-12 22:05:00,59.8
2025-06-12 23:58:00,79.2
2025-06-12 21:19:00,80.7
2025-06-12 07:17:00,50.9
2025-06-12 19:58:00,30.4
2025-06-12 04:45:00,88.0
2025-06-12 01:14:00,18.2
2025-06-12 16:07:00,98.7
2025-06-12 16:30:00,49.54963144963145
2025-06-12 04:06:00,51.4
2025-06-12 05:37:00,77.4
2025-06-12 05:11:00,17.5
2025-06-12 21:35:00,85.2
2025-06-12 21:33:00,92.5
2025-06-12 20:11:00,24.0
2025-06-12 05:54:00,72.9
2025-06-12 11:46:00,91.7
2025-06-12 05:06:00,29.4
2025-06-12 07:48:00,61.9
2025-06-12 19:42:00,49.560128956623686
2025-06-12 21:04:00,46.8
2025-06-12 02:15:00,36.5
2025-06-12 01:07:00,49.560128956623686
2025-06-12 07:55:00,92.3
2025-06-12 15:48:00,68.9
2025-06-12 12:22:00,22.8
2025-06-12 14:53:00,49.560128956623686
2025-06-12 21:40:00,75.3
2025-06-12 03:53:00,12.1
2025-06-12 13:05:00,49.560128956623686
2025-06-12 13:53:00,4.3
2025-06-12 21:34:00,33.6
2025-06-12 01:25:00,8.9
2025-06-12 23:32:00,20.5
2025-06-12 17:41:00,66.7
2025-06-12 20:19:00,51.3
2025-06-12 12:17:00,35.4
2025-06-12 22:11:00,21.7
2025-06-12 15:45:00,49.560128956623686
2025-06-12 04:41:00,36.8
2025-06-12 19:50:00,49.560128956623686
2025-06-12 15:53:00,49.560128956623686
2025-06-12 17:26:00,26.2
2025-06-12 16:35:00,22.5
2025-06-12 07:45:00,44.0
2025-06-12 17:04:00,23.3
2025-06-12 04:05:00,49.560128956623686
2025-06-12 22:58:00,64.9
2025-06-12 05:24:00,43.1
2025-06-12 04:58:00,17.9
2025-06-12 12:41:00,53.6
2025-06-12 21:32:00,58.4
2025-06-12 22:08:00,49.560128956623686
2025-06-12 02:39:00,16.3
2025-06-12 05:08:00,49.560128956623686
2025-06-12 16:23:00,47.7
2025-06-12 16:42:00,44.4
2025-06-12 21:38:00,9.9
2025-06-12 11:33:00,20.8
2025-06-12 11:19:00,72.9
2025-06-12 16:45:00,39.2
2025-06-12 11:05:00,12.9
2025-06-12 11:12:00,95.0
2025-06-12 07:59:00,4.7
2025-06-12 15:57:00,70.6
2025-06-12 22:00:00,13.4
2025-06-12 02:50:00,56.0
2025-06-12 18:12:00,35.3
2025-06-12 15:00:00,40.3
2025-06-12 11:20:00,0.7
2025-06-12 15:17:00,9.3
2025-06-12 21:29:00,8.6
2025-06-12 02:00:00,8.3
2025-06-12 22:41:00,51.1
2025-06-12 12:48:00,84.9
2025-06-12 14:44:00,38.1
2025-06-12 16:44:00,26.0
2025-06-12 05:17:00,62.6
2025-06-12 02:54:00,49.560128956623686
2025-06-12 11:26:00,13.9
2025-06-12 01:09:00,6.4
2025-06-12 22:20:00,49.560128956623686
2025-06-12 01:22:00,12.2
2025-06-12 08:47:00,8.4
2025-06-12 01:32:00,10.2
2025-06-12 12:25:00,49.560128956623686
2025-06-12 04:45:00,49.560128956623686
2025-06-12 09:03:00,49.560128956623686
2025-06-12 00:57:00,94.5
2025-06-12 17:28:00,49.560128956623686
2025-06-12 18:35:00,70.4
2025-06-12 10:54:00,63.6
2025-06-12 07:33:00,41.9
2025-06-12 01:58:00,2.7
2025-06-12 19:55:00,2.1
2025-06-12 10:21:00,97.5
2025-06-12 14:05:00,43.1
2025-06-12 18:57:00,35.7
2025-06-12 00:38:00,68.2
2025-06-12 05:20:00,53.4
2025-06-12 14:00:00,52.4
2025-06-12 05:49:00,20.8
2025-06-12 11:36:00,76.4
2025-06-12 07:11:00,17.7
2025-06-12 08:15:00,16.0
2025-06-12 21:15:00,88.0
2025-06-12 14:08:00,35.2
2025-06-12 02:33:00,49.560128956623686
2025-06-12 15:43:00,9.0
2025-06-12 22:45:00,82.0
2025-06-12 14:43:00,25.0
2025-06-12 06:04:00,76.4
2025-06-12 17:50:00,44.1
2025-06-12 15:07:00,7.2
2025-06-12 19:09:00,23.8
2025-06-12 13:03:00,97.3
2025-06-12 02:03:00,18.0
2025-06-12 12:56:00,33.1
2025-06-12 12:52:00,62.3
2025-06-12 09:35:00,80.3
2025-06-12 07:17:00,49.560128956623686
2025-06-12 23:41:00,75.0
2025-06-12 15:06:00,42.6
2025-06-12 12:13:00,23.1
2025-06-12 20:40:00,41.2
2025-06-12 01:30:00,11.7
2025-06-12 15:34:00,87.9
2025-06-12 23:33:00,34.3
2025-06-12 05:36:00,77.6
2025-06-12 07:24:00,99.0
2025-06-12 17:32:00,3.8
2025-06-12 14:58:00,49.560128956623686
2025-06-12 16:06:00,29.3
2025-06-12 02:09:00,62.4
2025-06-12 07:25:00,40.4
2025-06-12 04:14:00,26.2
2025-06-12 13:01:00,39.6
2025-06-12 11:13:00,49.560128956623686
2025-06-12 12:32:00,35.2
2025-06-12 04:12:00,34.7
2025-06-12 14:41:00,49.560128956623686
2025-06-12 21:25:00,4.9
2025-06-12 20:49:00,53.6
2025-06-12 21:50:00,61.7
2025-06-12 22:42:00,94.5
2025-06-12 00:40:00,50.8
2025-06-12 00:51:00,49.560128956623686
2025-06-12 18:29:00,42.7
2025-06-12 01:50:00,1.8
2025-06-12 07:30:00,47.3
2025-06-12 21:02:00,29.7
2025-06-12 02:18:00,65.6
2025-06-12 09:44:00,49.560128956623686
2025-06-12 09:52:00,43.4
2025-06-12 06:57:00,14.6
2025-06-12 19:54:00,61.2
2025-06-12 06:06:00,49.560128956623686
2025-06-12 22:24:00,1.4
2025-06-12 11:02:00,54.0
2025-06-12 19:53:00,85.9
2025-06-12 15:27:00,64.7
2025-06-12 05:59:00,54.6
2025-06-12 15:03:00,86.7
2025-06-12 21:46:00,84.8
2025-06-12 04:59:00,86.3
2025-06-12 07:04:00,78.1
2025-06-12 14:22:00,44.0
2025-06-12 14:45:00,2.4
2025-06-12 02:13:00,87.0
2025-06-12 12:18:00,20.1
2025-06-12 03:31:00,33.1
2025-06-12 05:40:00,67.1
2025-06-12 03:59:00,17.5
2025-06-12 12:58:00,77.6
2025-06-12 23:40:00,94.3
2025-06-12 06:20:00,37.4
2025-06-12 20:16:00,9.6
2025-06-12 03:29:00,7.9
2025-06-12 15:50:00,36.3
2025-06-12 16:48:00,59.1
2025-06-12 21:18:00,8.0
2025-06-12 08:05:00,66.2
2025-06-12 03:54:00,3.2
2025-06-12 12:44:00,49.560128956623686
2025-06-12 08:09:00,49.560128956623686
2025-06-12 20:42:00,86.9
2025-06-12 03:28:00,34.0
2025-06-12 08:42:00,60.4
2025-06-12 22:30:00,79.4
2025-06-12 13:49:00,65.9
2025-06-12 23:50:00,40.0
2025-06-12 00:28:00,53.8
2025-06-12 14:34:00,65.4
2025-06-12 11:43:00,22.4
2025-06-12 12:24:00,49.560128956623686
2025-06-12 17:33:00,96.7
2025-06-12 20:32:00,60.0
2025-06-12 13:43:00,31.7
2025-06-12 05:16:00,49.560128956623686
2025-06-12 00:24:00,49.560128956623686
2025-06-12 06:38:00,49.0
2025-06-12 05:58:00,22.9
2025-06-12 17:49:00,24.0
2025-06-12 21:47:00,32.2
2025-06-12 12:53:00,30.5
2025-06-12 14:04:00,49.560128956623686
2025-06-12 00:31:00,46.5
2025-06-12 20:51:00,67.4
2025-06-12 00:41:00,81.8
2025-06-12 17:58:00,97.1
2025-06-12 14:42:00,9.7
2025-06-12 10:42:00,73.8
2025-06-12 16:07:00,32.6
2025-06-12 22:14:00,40.6
2025-06-12 19:44:00,14.8
2025-06-12 13:02:00,80.2
2025-06-12 01:19:00,11.2
2025-06-12 07:12:00,44.6
2025-06-12 00:00:00,3.0
2025-06-12 19:28:00,92.2
2025-06-12 02:01:00,9.5
2025-06-12 09:46:00,17.3
2025-06-12 00:20:00,49.560128956623686
2025-06-12 08:30:00,39.2
2025-06-12 09:15:00,66.8
2025-06-12 09:21:00,21.7
2025-06-12 21:24:00,49.560128956623686
2025-06-12 21:49:00,84.0
2025-06-12 17:24:00,34.4
2025-06-12 09:38:00,46.5
2025-06-12 21:30:00,24.0
2025-06-12 19:57:00,42.7
2025-06-12 10:50:00,49.560128956623686
2025-06-12 14:51:00,85.5
2025-06-12 13:08:00,31.9
2025-06-12 08:13:00,99.5
2025-06-12 15:52:00,85.5
2025-06-12 17:08:00,77.9
2025-06-12 09:13:00,22.7
2025-06-12 20:17:00,0.1
2025-06-12 13:17:00,80.7
2025-06-12 13:10:00,35.3
2025-06-12 23:30:00,9.0
2025-06-12 14:21:00,6.1
2025-06-12 06:41:00,4.3
2025-06-12 14:56:00,28.6
2025-06-12 01:03:00,96.9
2025-06-12 10:51:00,25.3
2025-06-12 16:25:00,69.4
2025-06-12 15:10:00,95.1
2025-06-12 22:10:00,49.2
2025-06-12 13:44:00,87.9
2025-06-12 10:26:00,58.1
2025-06-12 11:24:00,24.2
2025-06-12 11:55:00,93.3
2025-06-12 10:13:00,1.7
2025-06-12 00:36:00,2.9
2025-06-12 20:28:00,92.2
2025-06-12 17:09:00,49.560128956623686
2025-06-12 08:26:00,24.1
2025-06-12 23:54:00,19.3
2025-06-12 23:11:00,22.1
2025-06-12 13:27:00,49.560128956623686
2025-06-12 15:01:00,50.2
2025-06-12 09:10:00,82.0
2025-06-12 03:21:00,44.0
2025-06-12 05:43:00,18.3
2025-06-12 20:53:00,25.0
2025-06-12 01:43:00,64.1
2025-06-12 19:31:00,12.6
2025-06-12 18:01:00,66.6
2025-06-12 00:53:00,53.3
2025-06-12 23:36:00,98.5
2025-06-12 13:41:00,40.2
2025-06-12 00:12:00,91.3
2025-06-12 15:29:00,76.7
2025-06-12 16:58:00,63.7
2025-06-12 08:22:00,49.560128956623686
2025-06-12 04:18:00,60.1
2025-06-12 09:05:00,49.9
2025-06-12 22:25:00,83.0
2025-06-12 20:39:00,35.7
2025-06-12 11:58:00,49.560128956623686
2025-06-12 23:43:00,46.2
2025-06-12 05:00:00,12.2
2025-06-12 22:35:00,23.0
2025-06-12 18:13:00,90.0
2025-06-12 04:22:00,31.9
2025-06-12 04:34:00,4.2
2025-06-12 05:46:00,58.9
2025-06-12 18:34:00,91.3
2025-06-12 03:20:00,59.3
2025-06-12 01:47:00,44.0
2025-06-12 03:42:00,56.9
2025-06-12 01:46:00,49.560128956623686
2025-06-12 21:31:00,36.9
2025-06-12 01:28:00,49.560128956623686
2025-06-12 04:37:00,20.8
2025-06-12 00:34:00,64.8
2025-06-12 16:55:00,88.8
2025-06-12 13:46:00,4.8
2025-06-12 22:31:00,94.0
2025-06-12 07:14:00,29.2
2025-06-12 07:43:00,4.5
2025-06-12 02:26:00,14.8
2025-06-12 06:03:00,67.6
2025-06-12 11:07:00,75.3
2025-06-12 22:13:00,19.7
2025-06-12 08:17:00,83.3
2025-06-12 00:23:00,72.7
2025-06-12 02:53:00,41.7
2025-06-12 07:28:00,80.3
2025-06-12 06:28:00,7.4
2025-06-12 16:50:00,3.8
2025-06-12 02:58:00,50.10277843742579
2025-06-12 06:03:00,20.7
2025-06-12 13:07:00,8.4
2025-06-12 14:23:00,90.4
2025-06-12 23:50:00,51.4
2025-06-12 08:19:00,80.3
2025-06-12 09:34:00,30.5
2025-06-12 19:34:00,83.5
2025-06-12 23:00:00,50.10277843742579
2025-06-12 06:55:00,81.2
2025-06-12 06:31:00,74.7
2025-06-12 19:30:00,39.0
2025-06-12 15:44:00,48.7
2025-06-12 18:44:00,72.0
2025-06-12 04:51:00,41.8
2025-06-12 11:06:00,42.1
2025-06-12 00:37:00,14.1
2025-06-12 00:30:00,96.8
2025-06-12 04:42:00,79.8
2025-06-12 00:52:00,23.0
2025-06-12 16:30:00,24.0
2025-06-12 10:49:00,93.1
2025-06-12 08:49:00,55.1
2025-06-12 02:50:00,20.2
2025-06-12 18:32:00,50.10277843742579
2025-06-12 23:59:00,98.7
2025-06-12 11:02:00,68.2
2025-06-12 09:12:00,80.9
2025-06-12 05:40:00,63.6
2025-06-12 17:43:00,50.10277843742579
2025-06-12 10:35:00,7.9
2025-06-12 02:14:00,29.5
2025-06-12 10:20:00,22.7
2025-06-12 21:42:00,48.4
2025-06-12 00:47:00,71.3
2025-06-12 09:00:00,73.2
2025-06-12 14:08:00,34.5
2025-06-12 06:12:00,96.6
2025-06-12 22:18:00,94.8
2025-06-12 06:52:00,4.0
2025-06-12 06:43:00,50.10277843742579
2025-06-12 15:57:00,97.4
2025-06-12 19:35:00,83.8
2025-06-12 04:46:00,50.10277843742579
2025-06-12 23:34:00,86.4
2025-06-12 23:33:00,49.3
2025-06-12 11:18:00,59.2
2025-06-12 03:44:00,10.8
2025-06-12 03:53:00,5.2
2025-06-12 14:22:00,24.1
2025-06-12 17:22:00,79.0
2025-06-12 08:54:00,29.6
2025-06-12 15:04:00,18.7
2025-06-12 17:28:00,83.4
2025-06-12 10:11:00,2.2
2025-06-12 11:39:00,50.10277843742579
2025-06-12 18:09:00,33.4
2025-06-12 07:19:00,39.9
2025-06-12 04:06:00,33.1
2025-06-12 15:14:00,43.1
2025-06-12 01:30:00,16.1
2025-06-12 18:37:00,40.1
2025-06-12 16:11:00,50.10277843742579
2025-06-12 22:55:00,98.5
2025-06-12 05:03:00,84.5
2025-06-12 12:23:00,87.0
2025-06-12 20:07:00,16.1
2025-06-12 15:00:00,82.8
2025-06-12 04:54:00,50.10277843742579
2025-06-12 14:14:00,99.6
2025-06-12 03:22:00,46.1
2025-06-12 23:05:00,90.0
2025-06-12 19:08:00,56.7
2025-06-12 17:54:00,50.10277843742579
2025-06-12 22:16:00,50.10277843742579
2025-06-12 04:18:00,50.10277843742579
2025-06-12 15:27:00,50.10277843742579
2025-06-12 10:07:00,20.1
2025-06-12 16:05:00,32.0
2025-06-12 18:39:00,8.6
2025-06-12 07:03:00,23.2
2025-06-12 03:49:00,15.4
2025-06-12 16:38:00,81.3
2025-06-12 12:49:00,36.2
2025-06-12 13:37:00,66.0
2025-06-12 14:51:00,18.6
2025-06-12 05:09:00,50.10277843742579
2025-06-12 04:36:00,50.10277843742579
2025-06-12 14:57:00,35.4
2025-06-12 19:38:00,50.10277843742579
2025-06-12 16:52:00,96.2
2025-06-12 08:52:00,80.8
2025-06-12 01:57:00,15.7
2025-06-12 12:06:00,78.5
2025-06-12 10:45:00,61.1
2025-06-12 09:18:00,36.9
2025-06-12 02:47:00,65.1
2025-06-12 02:04:00,15.9
2025-06-12 01:24:00,34.7
2025-06-12 10:41:00,95.4
2025-06-12 04:41:00,7.6
2025-06-12 13:17:00,27.2
2025-06-12 03:55:00,50.10277843742579
2025-06-12 14:29:00,53.2
2025-06-12 05:16:00,42.5
2025-06-12 21:16:00,75.7
2025-06-12 09:49:00,83.4
2025-06-12 05:58:00,69.6
2025-06-12 10:22:00,42.8
2025-06-12 05:04:00,10.6
2025-06-12 14:59:00,86.2
2025-06-12 09:33:00,51.5
2025-06-12 22:59:00,39.7
2025-06-12 01:08:00,0.8
2025-06-12 07:48:00,4.5
2025-06-12 00:18:00,26.7
2025-06-12 22:31:00,31.3
2025-06-12 17:02:00,74.9
2025-06-12 07:06:00,45.5
2025-06-12 00:16:00,50.10277843742579
2025-06-12 22:12:00,50.10277843742579
2025-06-12 18:55:00,50.10277843742579
2025-06-12 07:25:00,43.4
2025-06-12 14:07:00,84.5
2025-06-12 02:09:00,97.9
2025-06-12 03:26:00,4.0
2025-06-12 10:37:00,86.7
2025-06-12 11:47:00,89.0
2025-06-12 21:50:00,95.5
2025-06-12 20:46:00,89.4
2025-06-12 11:12:00,4.8
2025-06-12 13:25:00,88.6
2025-06-12 14:21:00,50.10277843742579
2025-06-12 18:17:00,68.2
2025-06-12 02:36:00,50.10277843742579
2025-06-12 17:23:00,7.0
2025-06-12 16:09:00,71.0
2025-06-12 16:27:00,28.1
2025-06-12 12:07:00,15.9
2025-06-12 20:21:00,43.0
2025-06-12 19:58:00,64.5
2025-06-12 04:10:00,15.1
2025-06-12 01:09:00,45.2
2025-06-12 14:56:00,50.10277843742579
2025-06-12 18:46:00,50.10277843742579
2025-06-12 03:27:00,99.5
2025-06-12 05:48:00,12.9
2025-06-12 09:41:00,65.9
2025-06-12 22:14:00,50.10277843742579
2025-06-12 07:31:00,49.5
2025-06-12 06:49:00,58.4
2025-06-12 07:37:00,97.7
2025-06-12 06:59:00,70.7
2025-06-12 16:53:00,50.10277843742579
2025-06-12 04:59:00,13.9
2025-06-12 13:36:00,86.0
2025-06-12 21:27:00,50.10277843742579
2025-06-12 15:08:00,27.3
2025-06-12 05:54:00,50.10277843742579
2025-06-12 08:07:00,26.4
2025-06-12 09:10:00,35.4
2025-06-12 00:01:00,50.10277843742579
2025-06-12 21:20:00,10.6
2025-06-12 20:56:00,43.3
2025-06-12 13:58:00,18.9
2025-06-12 16:01:00,50.10277843742579
2025-06-12 12:01:00,88.2
2025-06-12 09:15:00,75.7
2025-06-12 03:35:00,50.10277843742579
2025-06-12 03:33:00,97.5
2025-06-12 10:43:00,10.9
2025-06-12 13:33:00,49.7
2025-06-12 23:01:00,16.7
2025-06-12 12:15:00,13.4
2025-06-12 04:35:00,30.0
2025-06-12 07:11:00,35.4
2025-06-12 21:10:00,10.5
2025-06-12 19:00:00,60.4
2025-06-12 14:26:00,50.10277843742579
2025-06-12 14:42:00,50.10277843742579
2025-06-12 12:37:00,48.3
2025-06-12 15:30:00,19.3
2025-06-12 12:36:00,26.7
2025-06-12 20:22:00,48.6
2025-06-12 00:28:00,7.2
2025-06-12 01:12:00,25.8
2025-06-12 12:22:00,43.2
2025-06-12 05:21:00,42.3
2025-06-12 09:09:00,50.10277843742579
2025-06-12 01:16:00,43.3
2025-06-12 22:50:00,19.4
2025-06-12 17:35:00,14.0
2025-06-12 16:44:00,6.6
2025-06-12 19:40:00,24.4
2025-06-12 06:11:00,68.7
2025-06-12 21:34:00,55.9
2025-06-12 22:45:00,50.10277843742579
2025-06-12 21:37:00,4.4
2025-06-12 23:25:00,85.6
2025-06-12 19:18:00,46.1
2025-06-12 15:56:00,15.9
2025-06-12 10:38:00,50.10277843742579
2025-06-12 05:32:00,7.3
2025-06-12 07:54:00,39.8
2025-06-12 06:30:00,50.10277843742579
2025-06-12 19:32:00,54.9
2025-06-12 11:53:00,36.8
2025-06-12 11:45:00,57.1
2025-06-12 15:53:00,2.6
2025-06-12 14:01:00,84.9
2025-06-12 19:49:00,85.3
2025-06-12 14:39:00,63.3
2025-06-12 01:54:00,39.0
2025-06-12 10:48:00,65.3
2025-06-12 17:30:00,30.3
2025-06-12 13:03:00,50.10277843742579
2025-06-12 23:32:00,88.3
2025-06-12 06:48:00,11.1
2025-06-12 19:04:00,40.1
2025-06-12 23:07:00,46.2
2025-06-12 06:20:00,89.6
2025-06-12 13:39:00,93.2
2025-06-12 08:17:00,56.0
2025-06-12 23:49:00,98.0
2025-06-12 19:20:00,17.1
2025-06-12 22:53:00,4.2
2025-06-12 01:51:00,50.10277843742579
2025-06-12 15:02:00,41.5
2025-06-12 22:57:00,40.0
2025-06-12 23:55:00,31.4
2025-06-12 20:01:00,53.2
2025-06-12 17:01:00,7.2
2025-06-12 12:24:00,22.2
2025-06-12 03:37:00,46.9
2025-06-12 20:48:00,53.0
2025-06-12 21:53:00,66.6
2025-06-12 00:23:00,82.3
2025-06-12 17:31:00,84.3
2025-06-12 01:19:00,32.0
2025-06-12 03:39:00,50.10277843742579
2025-06-12 11:40:00,50.10277843742579
2025-06-12 09:30:00,1.4
2025-06-12 15:35:00,15.2
2025-06-12 17:48:00,9.0
2025-06-12 03:14:00,28.5
2025-06-12 10:36:00,50.10277843742579
2025-06-12 16:29:00,19.9
2025-06-12 13:30:00,13.9
2025-06-12 13:18:00,95.9
2025-06-12 11:46:00,24.5
2025-06-12 11:00:00,73.6
2025-06-12 03:03:00,87.5
2025-06-12 03:30:00,65.3
2025-06-12 00:11:00,24.3
2025-06-12 17:15:00,89.1
2025-06-12 13:16:00,12.4
2025-06-12 01:40:00,5.2
2025-06-12 17:10:00,50.10277843742579
2025-06-12 11:07:00,90.4
2025-06-12 05:27:00,50.10277843742579
2025-06-12 19:26:00,0.4
2025-06-12 13:31:00,50.10277843742579
2025-06-12 01:41:00,50.2
2025-06-12 20:40:00,75.6
2025-06-12 16:20:00,37.3
2025-06-12 19:57:00,21.3
2025-06-12 05:35:00,50.10277843742579
2025-06-12 11:23:00,4.0
2025-06-12 21:22:00,59.5
2025-06-12 03:36:00,47.6
2025-06-12 07:22:00,14.7
2025-06-12 00:27:00,97.4
2025-06-12 02:18:00,99.3
2025-06-12 00:22:00,30.8
2025-06-12 01:20:00,44.1
2025-06-12 23:08:00,61.3
2025-06-12 04:57:00,4.1
2025-06-12 18:15:00,15.9
2025-06-12 10:16:00,28.2
2025-06-12 22:20:00,37.3
2025-06-12 21:30:00,28.4
2025-06-12 11:56:00,32.1
2025-06-12 15:31:00,64.6
2025-06-12 13:35:00,59.0
2025-06-12 00:26:00,29.7
2025-06-12 09:17:00,50.10277843742579
2025-06-12 00:51:00,96.8
2025-06-12 21:12:00,20.3
2025-06-12 03:25:00,57.0
2025-06-12 00:00:00,18.7
2025-06-12 11:58:00,66.6
2025-06-12 03:07:00,17.4
2025-06-12 05:15:00,25.8
2025-06-12 22:21:00,75.1
2025-06-12 01:31:00,72.6
2025-06-12 13:52:00,62.7
2025-06-12 09:08:00,19.8
2025-06-12 18:42:00,35.1
2025-06-12 16:24:00,84.0
2025-06-12 08:39:00,18.1
2025-06-12 18:53:00,39.6
2025-06-12 21:00:00,39.6
2025-06-12 07:10:00,19.1
2025-06-12 22:25:00,74.6
2025-06-12 13:59:00,53.6
2025-06-12 04:01:00,77.8
2025-06-12 09:10:00,49.2
2025-06-12 13:44:00,49.85036359371334
2025-06-12 14:32:00,13.6
2025-06-12 18:24:00,54.0
2025-06-12 06:30:00,30.8
2025-06-12 00:39:00,11.7
2025-06-12 13:19:00,14.4
2025-06-12 13:30:00,49.85036359371334
2025-06-12 00:42:00,37.5
2025-06-12 06:44:00,24.6
2025-06-12 02:27:00,83.2
2025-06-12 10:07:00,93.3
2025-06-12 12:00:00,96.9
2025-06-12 23:14:00,68.1
2025-06-12 18:53:00,28.8
2025-06-12 18:17:00,69.5
2025-06-12 06:36:00,49.85036359371334
2025-06-12 03:59:00,37.9
2025-06-12 05:00:00,75.8
2025-06-12 03:20:00,84.5
2025-06-12 23:23:00,21.0
2025-06-12 03:58:00,94.0
2025-06-12 03:57:00,41.9
2025-06-12 03:21:00,35.2
2025-06-12 16:10:00,49.85036359371334
2025-06-12 07:48:00,85.1
2025-06-12 17:57:00,57.2
2025-06-12 20:44:00,40.3
2025-06-12 06:58:00,49.85036359371334
2025-06-12 21:56:00,49.85036359371334
2025-06-12 12:52:00,12.7
2025-06-12 00:57:00,4.2
2025-06-12 12:55:00,49.85036359371334
2025-06-12 16:09:00,49.1
2025-06-12 07:32:00,60.8
2025-06-12 08:40:00,96.3
2025-06-12 23:20:00,80.7
2025-06-12 19:46:00,57.7
2025-06-12 02:46:00,61.3
2025-06-12 22:19:00,37.5
2025-06-12 00:01:00,77.7
2025-06-12 06:31:00,39.4
2025-06-12 02:44:00,28.3
2025-06-12 03:47:00,96.8
2025-06-12 06:53:00,0.2
2025-06-12 21:18:00,14.6
2025-06-12 22:32:00,77.1
2025-06-12 09:35:00,98.9
2025-06-12 10:29:00,62.6
2025-06-12 18:55:00,22.0
2025-06-12 20:21:00,78.3
2025-06-12 05:35:00,70.6
2025-06-12 01:08:00,49.85036359371334
2025-06-12 07:44:00,49.85036359371334
2025-06-12 20:23:00,68.1
2025-06-12 10:21:00,67.2
2025-06-12 11:10:00,49.85036359371334
2025-06-12 19:33:00,63.9
2025-06-12 20:45:00,38.2
2025-06-12 09:54:00,10.2
2025-06-12 02:35:00,95.9
2025-06-12 01:57:00,33.2
2025-06-12 16:18:00,49.85036359371334
2025-06-12 08:29:00,3.8
2025-06-12 07:06:00,36.2
2025-06-12 01:23:00,12.7
2025-06-12 18:43:00,84.3
2025-06-12 23:03:00,49.85036359371334
2025-06-12 21:54:00,2.0
2025-06-12 06:52:00,46.6
2025-06-12 17:20:00,49.85036359371334
2025-06-12 13:20:00,2.6
2025-06-12 04:45:00,49.85036359371334
2025-06-12 20:53:00,49.85036359371334
2025-06-12 10:49:00,18.2
2025-06-12 04:13:00,6.9
2025-06-12 22:03:00,93.5
2025-06-12 05:31:00,59.7
2025-06-12 22:38:00,51.5
2025-06-12 04:51:00,57.4
2025-06-12 16:03:00,49.85036359371334
2025-06-12 23:57:00,94.4
2025-06-12 03:14:00,50.0
2025-06-12 06:19:00,22.2
2025-06-12 15:14:00,84.8
2025-06-12 14:19:00,49.85036359371334
2025-06-12 22:25:00,91.0
2025-06-12 18:42:00,40.9
2025-06-12 09:26:00,21.1
2025-06-12 12:11:00,49.85036359371334
2025-06-12 01:19:00,33.0
2025-06-12 16:27:00,29.9
2025-06-12 10:37:00,55.6
2025-06-12 00:03:00,79.1
2025-06-12 13:08:00,13.7
2025-06-12 22:15:00,49.85036359371334
2025-06-12 17:43:00,42.4
2025-06-12 08:36:00,49.85036359371334
2025-06-12 23:12:00,49.85036359371334
2025-06-12 20:15:00,49.85036359371334
2025-06-12 08:12:00,78.7
2025-06-12 13:24:00,90.8
2025-06-12 07:05:00,66.7
2025-06-12 19:40:00,49.85036359371334
2025-06-12 03:40:00,74.4
2025-06-12 21:57:00,42.0
2025-06-12 15:57:00,38.3
2025-06-12 06:56:00,90.8
2025-06-12 00:14:00,46.5
2025-06-12 12:21:00,48.6
2025-06-12 11:25:00,56.5
2025-06-12 19:14:00,59.4
2025-06-12 15:54:00,6.4
2025-06-12 21:07:00,14.2
2025-06-12 04:49:00,84.2
2025-06-12 09:01:00,97.4
2025-06-12 20:38:00,79.9
2025-06-12 17:37:00,86.8
2025-06-12 07:35:00,22.5
2025-06-12 13:40:00,14.7
2025-06-12 17:08:00,41.5
2025-06-12 21:10:00,55.4
2025-06-12 01:13:00,88.4
2025-06-12 14:08:00,43.6
2025-06-12 15:07:00,52.1
2025-06-12 23:15:00,49.85036359371334
2025-06-12 09:08:00,5.3
2025-06-12 15:49:00,13.1
2025-06-12 06:14:00,14.6
2025-06-12 17:53:00,36.8
2025-06-12 02:20:00,49.85036359371334
2025-06-12 21:15:00,53.1
2025-06-12 02:50:00,14.0
2025-06-12 04:55:00,68.8
2025-06-12 07:53:00,87.0
2025-06-12 07:10:00,32.7
2025-06-12 06:26:00,21.5
2025-06-12 10:28:00,49.85036359371334
2025-06-12 19:12:00,99.7
2025-06-12 15:23:00,24.5
2025-06-12 14:44:00,29.0
2025-06-12 10:41:00,71.7
2025-06-12 13:50:00,74.9
2025-06-12 02:47:00,89.0
2025-06-12 01:21:00,10.1
2025-06-12 21:23:00,14.1
2025-06-12 07:37:00,22.5
2025-06-12 13:45:00,86.5
2025-06-12 04:48:00,54.4
2025-06-12 08:09:00,16.2
2025-06-12 19:15:00,68.4
2025-06-12 18:34:00,26.9
2025-06-12 02:18:00,29.0
2025-06-12 07:17:00,91.7
2025-06-12 12:20:00,39.9
2025-06-12 11:52:00,35.9
2025-06-12 18:01:00,6.8
2025-06-12 17:12:00,24.3
2025-06-12 01:17:00,99.2
2025-06-12 00:07:00,59.7
2025-06-12 19:25:00,42.3
2025-06-12 00:54:00,61.5
2025-06-12 08:14:00,29.2
2025-06-12 23:43:00,49.85036359371334
2025-06-12 00:34:00,1.2
2025-06-12 14:16:00,68.8
2025-06-12 10:14:00,21.8
2025-06-12 04:04:00,94.4
2025-06-12 02:21:00,9.5
2025-06-12 06:17:00,26.6
2025-06-12 16:33:00,49.85036359371334
2025-06-12 14:29:00,37.2
2025-06-12 20:36:00,52.6
2025-06-12 09:37:00,25.1
2025-06-12 09:55:00,42.8
2025-06-12 17:14:00,12.1
2025-06-12 14:15:00,2.9
2025-06-12 14:17:00,49.85036359371334
2025-06-12 23:28:00,24.3
2025-06-12 23:38:00,29.2
2025-06-12 04:52:00,10.8
2025-06-12 13:41:00,91.2
2025-06-12 20:28:00,13.6
2025-06-12 10:42:00,33.4
2025-06-12 08:04:00,65.5
2025-06-12 20:05:00,83.4
2025-06-12 16:26:00,52.6
2025-06-12 19:23:00,49.85036359371334
2025-06-12 08:39:00,19.4
2025-06-12 09:00:00,13.6
2025-06-12 00:40:00,86.8
2025-06-12 16:15:00,18.2
2025-06-12 18:03:00,67.2
2025-06-12 01:10:00,79.1
2025-06-12 21:50:00,47.3
2025-06-12 07:16:00,9.2
2025-06-12 09:33:00,8.2
2025-06-12 12:40:00,1.8
2025-06-12 23:08:00,88.1
2025-06-12 14:02:00,85.1
2025-06-12 08:15:00,60.8
2025-06-12 14:35:00,49.8
2025-06-12 18:20:00,49.85036359371334
2025-06-12 01:05:00,49.85036359371334
2025-06-12 16:25:00,53.0
2025-06-12 18:02:00,18.9
2025-06-12 12:47:00,10.2
2025-06-12 12:25:00,49.85036359371334
2025-06-12 14:09:00,51.5
2025-06-12 20:27:00,49.85036359371334
2025-06-12 08:57:00,64.6
2025-06-12 09:09:00,57.0
2025-06-12 06:09:00,83.9
2025-06-12 12:36:00,71.1
2025-06-12 10:20:00,13.6
2025-06-12 22:42:00,96.8
2025-06-12 05:41:00,49.85036359371334
2025-06-12 04:57:00,79.0
2025-06-12 21:32:00,49.85036359371334
2025-06-12 22:18:00,76.2
2025-06-12 05:48:00,73.1
2025-06-12 05:58:00,66.2
2025-06-12 16:22:00,36.4
2025-06-12 15:59:00,79.1
2025-06-12 00:43:00,97.5
2025-06-12 21:39:00,33.5
2025-06-12 13:48:00,93.4
2025-06-12 20:09:00,79.6
2025-06-12 03:55:00,75.4
2025-06-12 02:53:00,60.9
2025-06-12 23:25:00,51.2
2025-06-12 17:31:00,45.4
2025-06-12 00:33:00,35.0
2025-06-12 02:23:00,64.0
2025-06-12 00:21:00,56.4
2025-06-12 15:44:00,39.5
2025-06-12 04:12:00,28.1
2025-06-12 22:44:00,16.8
2025-06-12 07:45:00,17.9
2025-06-12 22:14:00,46.4
2025-06-12 18:58:00,33.0
2025-06-12 22:08:00,8.4
2025-06-12 15:45:00,94.0
2025-06-12 08:42:00,49.85036359371334
2025-06-12 21:01:00,97.4
2025-06-12 23:06:00,98.9
2025-06-12 15:27:00,14.7
2025-06-12 08:19:00,41.0
2025-06-12 17:32:00,30.8
2025-06-12 10:26:00,57.4
2025-06-12 15:32:00,45.6
2025-06-12 11:26:00,68.5
2025-06-12 04:19:00,49.85036359371334
2025-06-12 01:02:00,49.85036359371334
2025-06-12 12:44:00,94.2
2025-06-12 23:49:00,15.5
2025-06-12 02:56:00,49.85036359371334
2025-06-12 20:50:00,26.3
2025-06-12 09:53:00,3.2
2025-06-12 19:28:00,9.6
2025-06-12 15:26:00,58.4
2025-06-12 00:30:00,39.5
2025-06-12 10:13:00,25.9
2025-06-12 00:31:00,44.8
2025-06-12 15:37:00,51.2
2025-06-12 13:10:00,16.4
2025-06-12 14:12:00,62.3
2025-06-12 03:18:00,18.6
2025-06-12 10:23:00,6.5
2025-06-12 03:51:00,49.85036359371334
2025-06-12 21:14:00,92.4
2025-06-12 09:14:00,55.6
2025-06-12 03:07:00,86.8
2025-06-12 08:23:00,72.8
2025-06-12 15:17:00,35.5
2025-06-12 05:33:00,31.6
2025-06-12 16:06:00,1.9
2025-06-12 23:59:00,78.7
2025-06-12 10:16:00,63.6
2025-06-12 00:25:00,28.5
2025-06-12 15:31:00,0.9
2025-06-12 05:10:00,11.3
2025-06-12 03:12:00,26.1
2025-06-12 06:03:00,68.6
2025-06-12 01:31:00,21.1
2025-06-12 13:18:00,49.85036359371334
2025-06-12 08:52:00,23.5
2025-06-12 12:34:00,40.8
2025-06-12 12:04:00,22.3
2025-06-12 06:23:00,49.85036359371334
2025-06-12 13:35:00,63.7
2025-06-12 15:34:00,67.1
2025-06-12 04:03:00,77.7
2025-06-12 07:40:00,19.1
2025-06-12 21:30:00,63.0
2025-06-12 03:36:00,40.9
2025-06-12 02:25:00,86.4
2025-06-12 07:34:00,1.3
2025-06-12 04:16:00,65.0
2025-06-12 19:37:00,7.1
2025-06-12 11:08:00,39.3
2025-06-12 21:35:00,26.3
2025-06-12 23:21:00,29.0
2025-06-12 17:41:00,83.0
2025-06-12 01:25:00,49.85036359371334
2025-06-12 20:33:00,24.9
2025-06-12 04:43:00,5.5
2025-06-12 08:54:00,61.4
2025-06-12 19:45:00,99.1
2025-06-12 13:22:00,14.1
2025-06-12 04:07:00,19.6
2025-06-12 01:36:00,25.2
2025-06-12 12:05:00,40.7
2025-06-12 02:21:00,16.3
2025-06-12 22:26:00,93.0
2025-06-12 17:30:00,100.0
2025-06-12 18:29:00,40.1
2025-06-12 02:15:00,68.8
2025-06-12 09:52:00,2.6
2025-06-12 23:16:00,8.2
2025-06-12 07:54:00,11.4
2025-06-12 13:24:00,37.4
2025-06-12 09:24:00,21.4
2025-06-12 08:42:00,51.3
2025-06-12 20:24:00,50.02337935876432
2025-06-12 02:25:00,93.4
2025-06-12 17:25:00,50.02337935876432
2025-06-12 15:36:00,71.3
2025-06-12 12:39:00,60.8
2025-06-12 11:25:00,54.0
2025-06-12 16:46:00,98.7
2025-06-12 07:07:00,61.5
2025-06-12 02:09:00,12.5
2025-06-12 13:30:00,39.3
2025-06-12 03:07:00,16.8
2025-06-12 18:42:00,71.3
2025-06-12 19:57:00,50.02337935876432
2025-06-12 08:31:00,50.02337935876432
2025-06-12 12:35:00,7.9
2025-06-12 23:53:00,33.1
2025-06-12 08:34:00,50.02337935876432
2025-06-12 11:47:00,84.6
2025-06-12 12:52:00,33.0
2025-06-12 23:35:00,99.0
2025-06-12 18:49:00,4.6
2025-06-12 06:45:00,50.02337935876432
2025-06-12 08:04:00,58.6
2025-06-12 08:21:00,14.1
2025-06-12 07:26:00,6.1
2025-06-12 04:57:00,50.02337935876432
2025-06-12 18:10:00,52.3
2025-06-12 20:44:00,87.2
2025-06-12 10:39:00,27.2
2025-06-12 02:44:00,58.7
2025-06-12 01:33:00,17.8
2025-06-12 14:27:00,13.7
2025-06-12 16:27:00,94.5
2025-06-12 14:34:00,50.02337935876432
2025-06-12 01:48:00,50.02337935876432
2025-06-12 13:02:00,75.4
2025-06-12 23:08:00,50.02337935876432
2025-06-12 22:24:00,50.02337935876432
2025-06-12 15:53:00,50.02337935876432
2025-06-12 07:00:00,55.2
2025-06-12 09:49:00,14.3
2025-06-12 16:50:00,39.7
2025-06-12 14:35:00,73.9
2025-06-12 05:33:00,25.7
2025-06-12 13:42:00,82.3
2025-06-12 18:41:00,93.9
2025-06-12 05:20:00,62.3
2025-06-12 19:09:00,3.6
2025-06-12 18:05:00,9.5
2025-06-12 23:10:00,34.4
2025-06-12 10:53:00,50.02337935876432
2025-06-12 00:51:00,68.6
2025-06-12 22:25:00,29.0
2025-06-12 09:32:00,36.3
2025-06-12 20:59:00,50.02337935876432
2025-06-12 06:19:00,91.1
2025-06-12 01:17:00,50.02337935876432
2025-06-12 23:48:00,31.5
2025-06-12 12:21:00,47.1
2025-06-12 00:13:00,81.7
2025-06-12 04:40:00,82.1
2025-06-12 03:13:00,54.2
2025-06-12 03:55:00,69.2
2025-06-12 09:23:00,92.6
2025-06-12 22:29:00,97.4
2025-06-12 07:48:00,40.8
2025-06-12 17:43:00,94.5
2025-06-12 18:06:00,76.4
2025-06-12 03:29:00,33.2
2025-06-12 08:53:00,50.02337935876432
2025-06-12 14:02:00,78.5
2025-06-12 09:29:00,38.2
2025-06-12 06:43:00,50.02337935876432
2025-06-12 14:38:00,50.02337935876432
2025-06-12 09:08:00,61.1
2025-06-12 00:32:00,43.0
2025-06-12 02:57:00,46.8
2025-06-12 21:10:00,10.3
2025-06-12 01:49:00,15.9
2025-06-12 07:04:00,46.8
2025-06-12 01:28:00,77.0
2025-06-12 20:08:00,50.02337935876432
2025-06-12 08:26:00,81.0
2025-06-12 11:00:00,39.5
2025-06-12 15:27:00,80.7
2025-06-12 10:58:00,25.2
2025-06-12 06:25:00,12.3
2025-06-12 21:00:00,88.8
2025-06-12 09:55:00,44.5
2025-06-12 23:07:00,18.0
2025-06-12 23:51:00,1.5
2025-06-12 05:58:00,13.4
2025-06-12 01:03:00,10.9
2025-06-12 02:54:00,50.02337935876432
2025-06-12 18:16:00,50.02337935876432
2025-06-12 09:11:00,73.3
2025-06-12 11:56:00,16.5
2025-06-12 04:26:00,56.1
2025-06-12 04:22:00,29.3
2025-06-12 00:36:00,50.02337935876432
2025-06-12 02:24:00,84.5
2025-06-12 21:56:00,34.6
2025-06-12 20:36:00,7.5
2025-06-12 14:40:00,96.7
2025-06-12 20:06:00,92.6
2025-06-12 21:30:00,50.02337935876432
2025-06-12 17:16:00,92.7
2025-06-12 10:18:00,91.1
2025-06-12 14:55:00,58.4
2025-06-12 23:58:00,19.5
2025-06-12 15:19:00,77.6
2025-06-12 03:05:00,37.2
2025-06-12 10:01:00,72.2
2025-06-12 11:13:00,21.4
2025-06-12 03:52:00,22.2
2025-06-12 08:32:00,54.0
2025-06-12 18:38:00,6.6
2025-06-12 21:51:00,97.9
2025-06-12 16:55:00,50.02337935876432
2025-06-12 04:30:00,50.02337935876432
2025-06-12 00:48:00,12.3
2025-06-12 06:53:00,23.7
2025-06-12 16:19:00,94.5
2025-06-12 11:48:00,64.1
2025-06-12 19:53:00,86.8
2025-06-12 17:17:00,70.0
2025-06-12 21:46:00,84.5
2025-06-12 12:48:00,50.6
2025-06-12 06:20:00,4.7
2025-06-12 11:38:00,73.3
2025-06-12 14:07:00,28.7
2025-06-12 22:03:00,82.6
2025-06-12 14:06:00,49.6
2025-06-12 10:44:00,63.3
2025-06-12 14:59:00,80.3
2025-06-12 18:32:00,79.2
2025-06-12 08:01:00,8.6
2025-06-12 10:32:00,6.8
2025-06-12 01:54:00,50.02337935876432
2025-06-12 14:43:00,73.3
2025-06-12 06:14:00,89.4
2025-06-12 06:09:00,48.6
2025-06-12 16:44:00,26.7
2025-06-12 13:03:00,28.1
2025-06-12 06:07:00,18.4
2025-06-12 05:12:00,12.8
2025-06-12 02:07:00,93.8
2025-06-12 15:44:00,97.1
2025-06-12 19:36:00,76.8
2025-06-12 19:23:00,10.7
2025-06-12 16:54:00,16.8
2025-06-12 10:20:00,50.02337935876432
2025-06-12 18:22:00,50.02337935876432
2025-06-12 23:52:00,65.9
2025-06-12 06:50:00,62.7
2025-06-12 17:06:00,36.1
2025-06-12 02:35:00,1.8
2025-06-12 11:40:00,93.5
2025-06-12 22:11:00,55.4
2025-06-12 04:15:00,56.5
2025-06-12 20:38:00,22.2
2025-06-12 11:24:00,66.3
2025-06-12 17:26:00,13.1
2025-06-12 04:19:00,70.9
2025-06-12 02:41:00,42.7
2025-06-12 20:56:00,92.9
2025-06-12 15:58:00,4.1
2025-06-12 02:37:00,70.8
2025-06-12 12:03:00,47.2
2025-06-12 12:43:00,85.6
2025-06-12 04:28:00,21.1
2025-06-12 18:58:00,50.02337935876432
2025-06-12 18:40:00,1.5
2025-06-12 18:17:00,6.0
2025-06-12 18:31:00,10.9
2025-06-12 21:22:00,51.6
2025-06-12 06:42:00,28.3
2025-06-12 19:40:00,41.5
2025-06-12 05:31:00,50.02337935876432
2025-06-12 16:48:00,50.02337935876432
2025-06-12 03:37:00,77.6
2025-06-12 02:38:00,53.3
2025-06-12 17:51:00,19.1
2025-06-12 04:47:00,49.6
2025-06-12 10:27:00,50.02337935876432
2025-06-12 17:28:00,55.6
2025-06-12 18:56:00,83.9
2025-06-12 03:31:00,50.02337935876432
2025-06-12 22:50:00,50.02337935876432
2025-06-12 12:49:00,35.1
2025-06-12 05:18:00,50.02337935876432
2025-06-12 16:40:00,96.5
2025-06-12 01:27:00,45.3
2025-06-12 19:43:00,37.8
2025-06-12 08:28:00,22.6
2025-06-12 03:58:00,22.4
2025-06-12 04:20:00,88.2
2025-06-12 21:44:00,94.8
2025-06-12 19:56:00,50.02337935876432
2025-06-12 19:17:00,98.4
2025-06-12 05:22:00,50.02337935876432
2025-06-12 01:55:00,50.02337935876432
2025-06-12 02:12:00,50.02337935876432
2025-06-12 02:11:00,50.02337935876432
2025-06-12 12:10:00,50.6
2025-06-12 17:11:00,68.5
2025-06-12 05:51:00,6.0
2025-06-12 20:00:00,41.4
2025-06-12 13:36:00,64.9
2025-06-12 04:14:00,99.4
2025-06-12 06:24:00,5.1
2025-06-12 23:01:00,50.02337935876432
2025-06-12 09:20:00,50.02337935876432
2025-06-12 18:51:00,31.1
2025-06-12 19:26:00,50.02337935876432
2025-06-12 14:42:00,8.1
2025-06-12 22:44:00,78.7
2025-06-12 15:41:00,98.4
2025-06-12 05:39:00,72.5
2025-06-12 15:50:00,73.1
2025-06-12 06:15:00,50.02337935876432
2025-06-12 14:03:00,99.3
2025-06-12 20:53:00,18.1
2025-06-12 16:33:00,79.0
2025-06-12 03:14:00,35.1
2025-06-12 05:25:00,50.02337935876432
2025-06-12 08:33:00,50.02337935876432
2025-06-12 21:23:00,75.3
2025-06-12 08:58:00,50.02337935876432
2025-06-12 16:17:00,28.6
2025-06-12 00:54:00,59.3
2025-06-12 20:11:00,21.3
2025-06-12 21:36:00,78.6
2025-06-12 07:05:00,7.0
2025-06-12 07:29:00,50.02337935876432
2025-06-12 17:32:00,27.2
2025-06-12 12:07:00,62.9
2025-06-12 12:47:00,83.4
2025-06-12 09:58:00,50.02337935876432
2025-06-12 11:11:00,20.8
2025-06-12 22:46:00,14.5
2025-06-12 03:43:00,45.5
2025-06-12 18:27:00,83.8
2025-06-12 14:36:00,50.02337935876432
2025-06-12 00:41:00,50.02337935876432
2025-06-12 14:09:00,42.0
2025-06-12 20:13:00,76.9
2025-06-12 11:19:00,75.6
2025-06-12 06:51:00,91.9
2025-06-12 21:28:00,93.8
2025-06-12 07:46:00,52.4
2025-06-12 10:41:00,8.3
2025-06-12 12:15:00,43.7
2025-06-12 06:35:00,7.7
2025-06-12 23:17:00,79.5
2025-06-12 15:15:00,11.7
2025-06-12 09:45:00,4.3
2025-06-12 00:43:00,90.9
2025-06-12 02:32:00,37.5
2025-06-12 08:17:00,41.1
2025-06-12 10:09:00,93.7
2025-06-12 09:10:00,68.1
2025-06-12 22:51:00,53.8
2025-06-12 10:59:00,74.8
2025-06-12 12:01:00,52.0
2025-06-12 07:03:00,60.3
2025-06-12 20:55:00,22.2
2025-06-12 17:22:00,10.2
2025-06-12 17:46:00,9.9
2025-06-12 12:17:00,79.8
2025-06-12 14:59:00,44.4
2025-06-12 15:44:00,73.1
2025-06-12 18:23:00,47.4
2025-06-12 04:23:00,70.7
2025-06-12 02:48:00,4.3
2025-06-12 09:29:00,26.0
2025-06-12 19:13:00,5.2
2025-06-12 23:27:00,50.19809456598448
2025-06-12 13:08:00,98.9
2025-06-12 12:02:00,50.19809456598448
2025-06-12 19:11:00,23.6
2025-06-12 07:18:00,25.6
2025-06-12 16:23:00,39.4
2025-06-12 12:49:00,50.19809456598448
2025-06-12 11:31:00,29.9
2025-06-12 07:48:00,78.3
2025-06-12 05:45:00,72.0
2025-06-12 13:45:00,95.0
2025-06-12 00:45:00,2.9
2025-06-12 12:40:00,64.6
2025-06-12 05:33:00,33.5
2025-06-12 05:23:00,19.4
2025-06-12 14:24:00,51.1
2025-06-12 05:35:00,45.6
2025-06-12 06:08:00,42.0
2025-06-12 16:40:00,98.6
2025-06-12 16:15:00,15.5
2025-06-12 14:50:00,76.2
2025-06-12 01:59:00,99.0
2025-06-12 02:58:00,99.9
2025-06-12 18:00:00,81.0
2025-06-12 19:54:00,24.9
2025-06-12 13:55:00,98.7
2025-06-12 15:19:00,50.19809456598448
2025-06-12 03:54:00,25.7
2025-06-12 11:22:00,67.6
2025-06-12 16:39:00,74.3
2025-06-12 03:49:00,46.3
2025-06-12 01:06:00,4.7
2025-06-12 06:29:00,16.9
2025-06-12 19:51:00,38.4
2025-06-12 22:16:00,24.0
2025-06-12 04:19:00,73.8
2025-06-12 17:58:00,34.6
2025-06-12 18:45:00,82.0
2025-06-12 03:33:00,8.3
2025-06-12 11:26:00,34.9
2025-06-12 18:18:00,66.4
2025-06-12 11:43:00,50.19809456598448
2025-06-12 22:17:00,58.7
2025-06-12 03:50:00,50.19809456598448
2025-06-12 13:04:00,68.9
2025-06-12 16:12:00,62.4
2025-06-12 02:41:00,37.2
2025-06-12 23:45:00,50.19809456598448
2025-06-12 19:14:00,8.5
2025-06-12 12:10:00,59.6
2025-06-12 01:12:00,69.0
2025-06-12 16:53:00,78.4
2025-06-12 11:45:00,19.0
2025-06-12 22:10:00,50.19809456598448
2025-06-12 21:24:00,71.2
2025-06-12 23:57:00,17.7
2025-06-12 02:14:00,69.8
2025-06-12 13:37:00,92.3
2025-06-12 18:05:00,62.9
2025-06-12 22:31:00,52.6
2025-06-12 00:42:00,50.19809456598448
2025-06-12 14:47:00,96.2
2025-06-12 19:02:00,55.3
2025-06-12 01:03:00,15.7
2025-06-12 09:52:00,57.2
2025-06-12 14:46:00,53.3
2025-06-12 05:08:00,84.0
2025-06-12 05:09:00,7.2
2025-06-12 10:52:00,55.3
2025-06-12 05:28:00,7.2
2025-06-12 22:33:00,17.1
2025-06-12 18:40:00,27.4
2025-06-12 04:24:00,7.1
2025-06-12 08:57:00,12.4
2025-06-12 16:46:00,49.4
2025-06-12 07:25:00,71.6
2025-06-12 06:11:00,12.4
2025-06-12 20:01:00,50.19809456598448
2025-06-12 07:19:00,66.4
2025-06-12 17:44:00,50.19809456598448
2025-06-12 22:11:00,25.6
2025-06-12 18:36:00,32.3
2025-06-12 14:56:00,51.0
2025-06-12 14:03:00,81.1
2025-06-12 12:47:00,46.2
2025-06-12 06:51:00,62.9
2025-06-12 06:17:00,28.6
2025-06-12 23:59:00,50.19809456598448
2025-06-12 17:45:00,36.5
2025-06-12 16:22:00,8.6
2025-06-12 13:19:00,22.5
2025-06-12 18:42:00,74.5
2025-06-12 13:05:00,54.8
2025-06-12 22:15:00,96.1
2025-06-12 22:48:00,9.4
2025-06-12 17:14:00,50.19809456598448
2025-06-12 17:24:00,70.2
2025-06-12 12:05:00,83.6
2025-06-12 20:26:00,16.7
2025-06-12 00:14:00,18.0
2025-06-12 23:33:00,50.19809456598448
2025-06-12 01:33:00,8.7
2025-06-12 13:00:00,81.1
2025-06-12 13:34:00,27.6
2025-06-12 13:46:00,50.19809456598448
2025-06-12 06:14:00,76.8
2025-06-12 17:12:00,50.19809456598448
2025-06-12 23:19:00,5.2
2025-06-12 15:48:00,80.3
2025-06-12 12:04:00,60.9
2025-06-12 18:02:00,20.4
2025-06-12 03:25:00,65.5
2025-06-12 00:26:00,50.19809456598448
2025-06-12 13:52:00,33.0
2025-06-12 21:55:00,47.3
2025-06-12 14:08:00,74.9
2025-06-12 20:03:00,50.19809456598448
2025-06-12 08:36:00,47.5
2025-06-12 23:02:00,99.2
2025-06-12 07:39:00,53.4
2025-06-12 01:55:00,85.0
2025-06-12 14:34:00,60.2
2025-06-12 09:17:00,94.9
2025-06-12 11:38:00,5.4
2025-06-12 13:48:00,50.19809456598448
2025-06-12 08:07:00,40.4
2025-06-12 13:28:00,38.9
2025-06-12 19:16:00,33.5
2025-06-12 17:32:00,8.5
2025-06-12 06:38:00,65.2
2025-06-12 17:52:00,96.0
2025-06-12 06:23:00,48.9
2025-06-12 00:03:00,98.5
2025-06-12 08:12:00,32.2
2025-06-12 17:07:00,50.19809456598448
2025-06-12 21:32:00,31.1
2025-06-12 15:10:00,43.9
2025-06-12 01:57:00,50.19809456598448
2025-06-12 04:35:00,18.3
2025-06-12 21:47:00,45.2
2025-06-12 22:08:00,27.5
2025-06-12 16:58:00,50.19809456598448
2025-06-12 19:29:00,91.1
2025-06-12 09:46:00,12.2
2025-06-12 02:01:00,77.7
2025-06-12 07:07:00,85.6
2025-06-12 00:27:00,49.7
2025-06-12 14:00:00,7.4
2025-06-12 15:45:00,43.2
2025-06-12 10:54:00,58.8
2025-06-12 06:58:00,13.4
2025-06-12 23:39:00,72.7
2025-06-12 11:49:00,58.4
2025-06-12 16:03:00,69.8
2025-06-12 23:22:00,35.1
2025-06-12 21:16:00,77.8
2025-06-12 09:41:00,29.0
2025-06-12 01:51:00,50.19809456598448
2025-06-12 01:23:00,8.9
2025-06-12 20:53:00,98.6
2025-06-12 20:29:00,32.7
2025-06-12 05:16:00,43.8
2025-06-12 09:32:00,44.3
2025-06-12 04:16:00,50.19809456598448
2025-06-12 16:43:00,60.6
2025-06-12 18:08:00,28.1
2025-06-12 00:41:00,36.7
2025-06-12 22:36:00,50.19809456598448
2025-06-12 11:05:00,82.4
2025-06-12 18:56:00,61.0
2025-06-12 00:31:00,89.9
2025-06-12 09:56:00,22.8
2025-06-12 10:12:00,50.19809456598448
2025-06-12 06:32:00,9.7
2025-06-12 21:13:00,50.19809456598448
2025-06-12 07:59:00,78.0
2025-06-12 06:45:00,74.8
2025-06-12 00:49:00,35.2
2025-06-12 11:06:00,79.8
2025-06-12 12:44:00,67.7
2025-06-12 01:21:00,71.3
2025-06-12 05:58:00,97.1
2025-06-12 11:19:00,64.8
2025-06-12 16:10:00,93.6
2025-06-12 01:32:00,97.3
2025-06-12 21:22:00,2.2
2025-06-12 08:50:00,50.19809456598448
2025-06-12 14:06:00,58.5
2025-06-12 19:41:00,33.7
2025-06-12 15:08:00,50.19809456598448
2025-06-12 10:27:00,24.8
2025-06-12 06:56:00,47.0
2025-06-12 05:49:00,89.2
2025-06-12 18:15:00,91.0
2025-06-12 03:48:00,69.3
2025-06-12 20:48:00,30.3
2025-06-12 05:51:00,29.1
2025-06-12 03:37:00,50.19809456598448
2025-06-12 03:22:00,25.9
2025-06-12 06:54:00,97.6
2025-06-12 14:04:00,6.9
2025-06-12 19:05:00,37.9
2025-06-12 12:57:00,67.6
2025-06-12 21:59:00,46.1
2025-06-12 23:14:00,32.5
2025-06-12 11:35:00,20.7
2025-06-12 16:31:00,97.0
2025-06-12 21:17:00,53.4
2025-06-12 16:01:00,47.0
2025-06-12 02:02:00,93.1
2025-06-12 00:12:00,36.9
2025-06-12 18:26:00,46.6
2025-06-12 21:54:00,51.4
2025-06-12 18:49:00,37.9
2025-06-12 06:39:00,61.4
2025-06-12 19:08:00,63.0
2025-06-12 18:33:00,99.2
2025-06-12 19:55:00,50.19809456598448
2025-06-12 13:36:00,50.19809456598448
2025-06-12 07:36:00,97.8
2025-06-12 20:21:00,51.9
2025-06-12 16:51:00,39.7
2025-06-12 10:25:00,50.19809456598448
2025-06-12 20:43:00,61.1
2025-06-12 22:47:00,50.19809456598448
2025-06-12 11:48:00,56.4
2025-06-12 09:27:00,36.0
2025-06-12 01:37:00,62.0
2025-06-12 20:47:00,39.2
2025-06-12 13:56:00,50.19809456598448
2025-06-12 02:16:00,0.6
2025-06-12 07:17:00,5.0
2025-06-12 04:44:00,45.1
2025-06-12 19:23:00,6.3
2025-06-12 09:54:00,79.1
2025-06-12 09:26:00,18.7
2025-06-12 02:50:00,36.6
2025-06-12 05:31:00,76.5
2025-06-12 14:58:00,66.6
2025-06-12 04:15:00,50.19809456598448
2025-06-12 05:56:00,57.5
2025-06-12 03:01:00,8.2
2025-06-12 18:34:00,10.2
2025-06-12 09:37:00,3.7
2025-06-12 10:41:00,50.19809456598448
2025-06-12 14:14:00,50.19809456598448
2025-06-12 09:36:00,33.7
2025-06-12 03:57:00,81.8
2025-06-12 02:12:00,18.9
2025-06-12 18:22:00,45.6
2025-06-12 02:49:00,16.1
2025-06-12 05:04:00,24.1
2025-06-12 08:56:00,78.4
2025-06-12 00:39:00,50.19809456598448
2025-06-12 08:27:00,12.6
2025-06-12 04:48:00,50.19809456598448
2025-06-12 03:08:00,19.3
2025-06-12 14:43:00,39.3
2025-06-12 03:04:00,71.1
2025-06-12 18:20:00,73.9
2025-06-12 10:34:00,32.4
2025-06-12 16:38:00,3.9
2025-06-12 07:40:00,36.1
2025-06-12 13:17:00,50.19809456598448
2025-06-12 12:23:00,47.6
2025-06-12 21:04:00,50.19809456598448
2025-06-12 17:03:00,33.5
2025-06-12 19:33:00,47.3
2025-06-12 10:10:00,59.9
2025-06-12 21:11:00,57.7
2025-06-12 01:54:00,10.5
2025-06-12 16:11:00,84.9
2025-06-12 14:41:00,45.9
2025-06-12 20:48:00,80.5
2025-06-12 10:24:00,83.0
2025-06-12 22:13:00,5.4
2025-06-12 08:21:00,52.5
2025-06-12 05:59:00,80.5
2025-06-12 06:31:00,74.1
2025-06-12 16:14:00,56.0
2025-06-12 04:38:00,66.7
2025-06-12 16:18:00,80.9
2025-06-12 07:58:00,88.7
2025-06-12 01:47:00,49.54486036141751
2025-06-12 14:20:00,89.8
2025-06-12 18:34:00,53.7
2025-06-12 08:35:00,55.5
2025-06-12 12:23:00,96.3
2025-06-12 01:46:00,30.3
2025-06-12 20:29:00,51.2
2025-06-12 12:18:00,26.8
2025-06-12 12:38:00,66.1
2025-06-12 07:21:00,31.5
2025-06-12 16:31:00,90.4
2025-06-12 02:19:00,90.2
2025-06-12 05:49:00,91.5
2025-06-12 23:21:00,4.2
2025-06-12 10:13:00,23.1
2025-06-12 15:19:00,74.2
2025-06-12 23:25:00,32.3
2025-06-12 02:01:00,86.9
2025-06-12 13:40:00,59.8
2025-06-12 05:55:00,98.7
2025-06-12 10:00:00,93.1
2025-06-12 14:42:00,96.0
2025-06-12 11:45:00,17.1
2025-06-12 06:30:00,50.8
2025-06-12 03:27:00,49.54486036141751
2025-06-12 16:29:00,85.8
2025-06-12 11:23:00,89.1
2025-06-12 23:37:00,49.54486036141751
2025-06-12 02:09:00,51.3
2025-06-12 00:45:00,47.6
2025-06-12 15:32:00,61.0
2025-06-12 03:28:00,65.9
2025-06-12 00:59:00,11.0
2025-06-12 09:08:00,87.3
2025-06-12 05:51:00,90.6
2025-06-12 00:49:00,83.2
2025-06-12 14:40:00,77.1
2025-06-12 20:38:00,49.54486036141751
2025-06-12 02:16:00,20.3
2025-06-12 04:30:00,8.9
2025-06-12 07:47:00,81.0
2025-06-12 14:47:00,71.5
2025-06-12 06:49:00,23.2
2025-06-12 02:41:00,72.8
2025-06-12 01:41:00,89.2
2025-06-12 08:05:00,65.7
2025-06-12 23:52:00,61.3
2025-06-12 14:07:00,43.7
2025-06-12 18:05:00,0.2
2025-06-12 08:52:00,49.54486036141751
2025-06-12 16:52:00,23.0
2025-06-12 13:46:00,35.4
2025-06-12 19:35:00,9.1
2025-06-12 05:22:00,57.4
2025-06-12 05:34:00,19.9
2025-06-12 21:05:00,23.1
2025-06-12 05:18:00,24.9
2025-06-12 21:08:00,62.7
2025-06-12 21:22:00,84.2
2025-06-12 12:15:00,66.4
2025-06-12 18:26:00,60.0
2025-06-12 06:27:00,49.54486036141751
2025-06-12 11:01:00,78.5
2025-06-12 09:43:00,24.8
2025-06-12 18:20:00,78.5
2025-06-12 15:41:00,25.2
2025-06-12 20:25:00,71.1
2025-06-12 23:01:00,27.1
2025-06-12 17:13:00,29.4
2025-06-12 10:08:00,49.54486036141751
2025-06-12 11:07:00,49.54486036141751
2025-06-12 09:40:00,47.6
2025-06-12 09:21:00,49.54486036141751
2025-06-12 13:20:00,98.1
2025-06-12 15:37:00,41.4
2025-06-12 17:46:00,3.6
2025-06-12 23:41:00,51.8
2025-06-12 18:28:00,84.4
2025-06-12 12:36:00,68.2
2025-06-12 23:07:00,19.8
2025-06-12 10:05:00,40.0
2025-06-12 09:20:00,60.7
2025-06-12 18:00:00,49.1
2025-06-12 04:33:00,96.3
2025-06-12 15:58:00,30.1
2025-06-12 15:12:00,17.6
2025-06-12 23:13:00,21.1
2025-06-12 07:27:00,95.4
2025-06-12 22:27:00,64.1
2025-06-12 07:48:00,91.8
2025-06-12 15:44:00,45.2
2025-06-12 10:44:00,47.2
2025-06-12 09:31:00,49.54486036141751
2025-06-12 12:07:00,4.2
2025-06-12 21:40:00,10.0
2025-06-12 17:18:00,48.0
2025-06-12 23:40:00,59.9
2025-06-12 18:58:00,49.54486036141751
2025-06-12 16:28:00,46.4
2025-06-12 02:03:00,52.6
2025-06-12 15:47:00,56.0
2025-06-12 13:33:00,14.0
2025-06-12 09:14:00,58.8
2025-06-12 05:37:00,2.0
2025-06-12 09:50:00,49.54486036141751
2025-06-12 13:07:00,75.2
2025-06-12 03:11:00,49.54486036141751
2025-06-12 13:32:00,84.0
2025-06-12 07:11:00,20.5
2025-06-12 16:12:00,29.1
2025-06-12 08:51:00,43.2
2025-06-12 21:04:00,69.9
2025-06-12 21:47:00,42.7
2025-06-12 13:28:00,21.8
2025-06-12 13:59:00,49.6
2025-06-12 01:23:00,64.7
2025-06-12 17:27:00,28.7
2025-06-12 00:24:00,22.3
2025-06-12 01:50:00,39.7
2025-06-12 12:51:00,85.5
2025-06-12 06:44:00,64.0
2025-06-12 00:39:00,49.54486036141751
2025-06-12 20:02:00,49.54486036141751
2025-06-12 11:50:00,49.54486036141751
2025-06-12 05:11:00,17.9
2025-06-12 04:01:00,36.3
2025-06-12 12:50:00,71.1
2025-06-12 02:00:00,3.6
2025-06-12 21:27:00,60.0
2025-06-12 12:45:00,49.54486036141751
2025-06-12 18:41:00,88.0
2025-06-12 17:50:00,39.0
2025-06-12 20:54:00,88.4
2025-06-12 00:32:00,63.7
2025-06-12 06:02:00,80.4
2025-06-12 06:10:00,99.4
2025-06-12 10:30:00,58.0
2025-06-12 02:50:00,0.4
2025-06-12 09:01:00,52.7
2025-06-12 15:14:00,86.6
2025-06-12 06:13:00,42.1
2025-06-12 15:04:00,7.9
2025-06-12 21:26:00,31.9
2025-06-12 16:03:00,34.7
2025-06-12 11:27:00,13.8
2025-06-12 07:34:00,65.4
2025-06-12 04:16:00,83.9
2025-06-12 18:09:00,12.7
2025-06-12 01:42:00,50.5
2025-06-12 16:53:00,17.2
2025-06-12 17:42:00,92.4
2025-06-12 03:31:00,23.1
2025-06-12 11:11:00,19.4
2025-06-12 21:32:00,21.1
2025-06-12 13:08:00,49.54486036141751
2025-06-12 19:05:00,49.54486036141751
2025-06-12 06:47:00,88.5
2025-06-12 06:00:00,15.2
2025-06-12 19:53:00,31.2
2025-06-12 00:48:00,80.5
2025-06-12 03:24:00,37.2
2025-06-12 09:37:00,29.7
2025-06-12 22:33:00,29.5
2025-06-12 09:00:00,1.0
2025-06-12 15:43:00,25.2
2025-06-12 07:51:00,49.54486036141751
2025-06-12 00:09:00,13.1
2025-06-12 18:45:00,90.9
2025-06-12 12:14:00,48.8
2025-06-12 21:14:00,49.54486036141751
2025-06-12 21:43:00,59.3
2025-06-12 16:48:00,99.5
2025-06-12 17:35:00,49.54486036141751
2025-06-12 20:55:00,49.54486036141751
2025-06-12 14:46:00,88.8
2025-06-12 21:28:00,18.7
2025-06-12 19:18:00,47.2
2025-06-12 02:36:00,35.7
2025-06-12 07:59:00,5.8
2025-06-12 02:49:00,75.1
2025-06-12 07:54:00,72.0
2025-06-12 04:14:00,57.8
2025-06-12 23:24:00,36.5
2025-06-12 00:55:00,98.9
2025-06-12 19:14:00,60.9
2025-06-12 07:14:00,8.4
2025-06-12 02:58:00,4.1
2025-06-12 13:05:00,46.4
2025-06-12 07:00:00,28.3
2025-06-12 21:29:00,94.9
2025-06-12 07:40:00,48.5
2025-06-12 06:04:00,29.0
2025-06-12 10:26:00,90.3
2025-06-12 07:03:00,68.9
2025-06-12 01:24:00,84.0
2025-06-12 23:59:00,13.9
2025-06-12 00:56:00,58.2
2025-06-12 00:14:00,80.0
2025-06-12 16:06:00,41.3
2025-06-12 08:04:00,13.2
2025-06-12 19:50:00,22.9
2025-06-12 08:33:00,0.3
2025-06-12 17:38:00,85.4
2025-06-12 22:14:00,32.0
2025-06-12 21:17:00,93.0
2025-06-12 12:00:00,60.7
2025-06-12 13:10:00,53.1
2025-06-12 16:49:00,39.3
2025-06-12 21:35:00,10.2
2025-06-12 04:35:00,14.0
2025-06-12 20:17:00,56.7
2025-06-12 22:06:00,69.8
2025-06-12 02:40:00,97.1
2025-06-12 07:06:00,6.1
2025-06-12 17:09:00,20.3
2025-06-12 14:22:00,80.2
2025-06-12 10:51:00,80.7
2025-06-12 06:07:00,53.7
2025-06-12 09:22:00,49.54486036141751
2025-06-12 05:13:00,49.54486036141751
2025-06-12 17:00:00,62.5
2025-06-12 08:25:00,59.3
2025-06-12 22:16:00,80.0
2025-06-12 00:58:00,28.4
2025-06-12 23:19:00,49.54486036141751
2025-06-12 04:08:00,49.54486036141751
2025-06-12 07:22:00,33.2
2025-06-12 00:44:00,49.54486036141751
2025-06-12 14:54:00,94.6
2025-06-12 10:22:00,69.6
2025-06-12 16:38:00,12.2
2025-06-12 05:40:00,49.54486036141751
2025-06-12 05:00:00,72.4
2025-06-12 00:15:00,19.2
2025-06-12 21:58:00,98.5
2025-06-12 02:07:00,89.2
2025-06-12 09:51:00,49.54486036141751
2025-06-12 12:41:00,63.3
2025-06-12 09:46:00,16.2
2025-06-12 10:57:00,20.5
2025-06-12 00:31:00,49.54486036141751
2025-06-12 07:17:00,3.1
2025-06-12 20:32:00,47.1
2025-06-12 18:53:00,66.1
2025-06-12 20:57:00,43.2
2025-06-12 13:25:00,83.7
2025-06-12 07:23:00,50.1
2025-06-12 13:30:00,62.1
2025-06-12 04:20:00,90.2
2025-06-12 06:28:00,52.4
2025-06-12 06:24:00,76.9
2025-06-12 17:04:00,49.54486036141751
2025-06-12 18:38:00,71.7
2025-06-12 13:04:00,67.7
2025-06-12 15:00:00,55.1
2025-06-12 18:04:00,85.4
2025-06-12 07:52:00,47.4
2025-06-12 01:08:00,49.54486036141751
2025-06-12 23:12:00,49.54486036141751
2025-06-12 02:46:00,49.54486036141751
2025-06-12 01:53:00,49.54486036141751
2025-06-12 01:38:00,88.4
2025-06-12 08:00:00,32.1
2025-06-12 10:38:00,52.9
2025-06-12 07:09:00,74.0
2025-06-12 22:07:00,41.5
2025-06-12 23:14:00,96.4
2025-06-12 05:05:00,18.0
2025-06-12 13:31:00,32.8
2025-06-12 15:54:00,8.1
2025-06-12 08:22:00,58.1
2025-06-12 03:03:00,45.7
2025-06-12 19:29:00,74.3
2025-06-12 00:22:00,17.6
2025-06-12 20:39:00,21.3
2025-06-12 06:13:00,10.5
2025-06-12 12:47:00,55.0
2025-06-12 21:27:00,93.5
2025-06-12 08:27:00,50.136426804852206
2025-06-12 23:09:00,4.7
2025-06-12 11:52:00,1.2
2025-06-12 09:04:00,50.136426804852206
2025-06-12 17:37:00,40.3
2025-06-12 13:52:00,92.2
2025-06-12 17:35:00,76.0
2025-06-12 11:51:00,49.1
2025-06-12 13:21:00,54.0
2025-06-12 23:01:00,46.9
2025-06-12 06:23:00,17.7
2025-06-12 02:29:00,73.7
2025-06-12 05:18:00,85.0
2025-06-12 15:36:00,19.5
2025-06-12 12:49:00,43.4
2025-06-12 00:53:00,50.136426804852206
2025-06-12 01:39:00,74.8
2025-06-12 07:48:00,42.1
2025-06-12 02:26:00,21.4
2025-06-12 04:17:00,50.136426804852206
2025-06-12 01:46:00,62.2
2025-06-12 19:21:00,16.9
2025-06-12 21:41:00,50.136426804852206
2025-06-12 12:13:00,0.0
2025-06-12 16:36:00,64.4
2025-06-12 08:06:00,22.1
2025-06-12 21:47:00,64.7
2025-06-12 23:48:00,87.1
2025-06-12 07:06:00,50.136426804852206
2025-06-12 00:38:00,28.6
2025-06-12 15:25:00,52.2
2025-06-12 21:19:00,16.6
2025-06-12 11:56:00,9.9
2025-06-12 15:28:00,50.8
2025-06-12 04:25:00,70.0
2025-06-12 07:57:00,60.0
2025-06-12 00:19:00,28.1
2025-06-12 18:14:00,95.8
2025-06-12 15:32:00,46.0
2025-06-12 02:33:00,19.9
2025-06-12 18:25:00,74.6
2025-06-12 05:05:00,14.1
2025-06-12 15:49:00,81.4
2025-06-12 16:28:00,11.5
2025-06-12 11:10:00,94.2
2025-06-12 00:02:00,42.8
2025-06-12 02:12:00,90.3
2025-06-12 18:07:00,18.3
2025-06-12 10:58:00,71.3
2025-06-12 23:02:00,50.136426804852206
2025-06-12 03:34:00,50.136426804852206
2025-06-12 01:52:00,90.6
2025-06-12 11:50:00,50.136426804852206
2025-06-12 17:31:00,50.136426804852206
2025-06-12 16:22:00,46.9
2025-06-12 20:10:00,13.0
2025-06-12 23:03:00,50.136426804852206
2025-06-12 00:59:00,17.7
2025-06-12 23:38:00,28.5
2025-06-12 06:32:00,92.1
2025-06-12 17:53:00,92.2
2025-06-12 06:00:00,60.3
2025-06-12 10:59:00,50.136426804852206
2025-06-12 16:39:00,77.4
2025-06-12 23:22:00,89.5
2025-06-12 11:06:00,50.136426804852206
2025-06-12 02:21:00,22.6
2025-06-12 07:42:00,9.1
2025-06-12 17:38:00,70.5
2025-06-12 19:01:00,50.136426804852206
2025-06-12 07:50:00,90.6
2025-06-12 19:25:00,74.7
2025-06-12 22:07:00,50.136426804852206
2025-06-12 03:33:00,90.1
2025-06-12 11:37:00,82.9
2025-06-12 11:39:00,17.1
2025-06-12 21:17:00,91.4
2025-06-12 00:36:00,42.2
2025-06-12 08:53:00,64.4
2025-06-12 22:32:00,50.136426804852206
2025-06-12 22:50:00,72.7
2025-06-12 10:21:00,48.3
2025-06-12 04:43:00,39.6
2025-06-12 15:31:00,20.0
2025-06-12 17:46:00,6.0
2025-06-12 09:53:00,50.136426804852206
2025-06-12 16:20:00,57.4
2025-06-12 03:24:00,8.6
2025-06-12 22:48:00,50.136426804852206
2025-06-12 01:04:00,42.7
2025-06-12 18:55:00,34.4
2025-06-12 12:33:00,50.136426804852206
2025-06-12 18:51:00,40.5
2025-06-12 14:33:00,81.0
2025-06-12 10:45:00,50.136426804852206
2025-06-12 09:08:00,91.3
2025-06-12 22:59:00,90.5
2025-06-12 08:33:00,35.7
2025-06-12 12:57:00,48.8
2025-06-12 16:33:00,66.7
2025-06-12 16:59:00,96.5
2025-06-12 00:35:00,72.5
2025-06-12 19:06:00,59.6
2025-06-12 15:34:00,35.1
2025-06-12 10:02:00,10.2
2025-06-12 00:04:00,27.1
2025-06-12 20:32:00,87.7
2025-06-12 08:28:00,77.1
2025-06-12 15:09:00,92.6
2025-06-12 11:05:00,90.3
2025-06-12 13:31:00,97.3
2025-06-12 03:16:00,78.1
2025-06-12 07:29:00,50.136426804852206
2025-06-12 06:59:00,96.0
2025-06-12 21:33:00,7.7
2025-06-12 06:47:00,15.5
2025-06-12 02:41:00,72.9
2025-06-12 23:41:00,76.5
2025-06-12 03:14:00,11.0
2025-06-12 13:51:00,88.2
2025-06-12 04:38:00,4.5
2025-06-12 15:16:00,70.7
2025-06-12 18:03:00,50.136426804852206
2025-06-12 20:02:00,71.7
2025-06-12 03:13:00,49.9
2025-06-12 05:27:00,4.4
2025-06-12 14:12:00,68.2
2025-06-12 00:29:00,50.136426804852206
2025-06-12 11:20:00,50.136426804852206
2025-06-12 22:21:00,24.9
2025-06-12 01:40:00,50.136426804852206
2025-06-12 21:58:00,82.2
2025-06-12 01:01:00,65.2
2025-06-12 19:33:00,42.1
2025-06-12 16:42:00,59.3
2025-06-12 04:02:00,50.136426804852206
2025-06-12 00:05:00,70.5
2025-06-12 04:11:00,4.9
2025-06-12 00:48:00,43.4
2025-06-12 18:11:00,50.136426804852206
2025-06-12 18:00:00,61.0
2025-06-12 15:39:00,4.6
2025-06-12 01:30:00,62.5
2025-06-12 06:25:00,50.136426804852206
2025-06-12 20:04:00,24.4
2025-06-12 06:19:00,84.3
2025-06-12 09:13:00,11.1
2025-06-12 04:32:00,57.8
2025-06-12 07:26:00,43.8
2025-06-12 06:40:00,69.9
2025-06-12 23:17:00,63.0
2025-06-12 18:54:00,49.9
2025-06-12 11:58:00,41.8
2025-06-12 10:03:00,76.4
2025-06-12 12:45:00,45.6
2025-06-12 21:38:00,35.2
2025-06-12 00:17:00,54.3
2025-06-12 05:08:00,83.6
2025-06-12 19:02:00,64.1
2025-06-12 20:17:00,78.4
2025-06-12 10:35:00,27.0
2025-06-12 10:09:00,50.136426804852206
2025-06-12 16:17:00,85.2
2025-06-12 04:41:00,50.136426804852206
2025-06-12 17:13:00,4.0
2025-06-12 21:54:00,96.8
2025-06-12 14:03:00,44.5
2025-06-12 21:45:00,21.3
2025-06-12 10:36:00,30.6
2025-06-12 09:51:00,74.1
2025-06-12 22:16:00,80.4
2025-06-12 15:35:00,42.2
2025-06-12 03:30:00,88.8
2025-06-12 07:00:00,42.2
2025-06-12 08:57:00,85.4
2025-06-12 07:14:00,50.136426804852206
2025-06-12 02:08:00,49.1
2025-06-12 19:34:00,44.0
2025-06-12 17:42:00,50.136426804852206
2025-06-12 08:51:00,42.1
2025-06-12 18:33:00,93.6
2025-06-12 21:39:00,79.9
2025-06-12 17:59:00,75.2
2025-06-12 01:07:00,94.9
2025-06-12 00:09:00,50.136426804852206
2025-06-12 16:49:00,59.0
2025-06-12 17:21:00,7.8
2025-06-12 03:19:00,50.136426804852206
2025-06-12 20:05:00,55.6
2025-06-12 23:14:00,50.136426804852206
2025-06-12 13:08:00,62.5
2025-06-12 17:25:00,72.1
2025-06-12 01:48:00,50.136426804852206
2025-06-12 05:16:00,27.5
2025-06-12 03:44:00,50.136426804852206
2025-06-12 05:42:00,50.136426804852206
2025-06-12 21:49:00,36.1
2025-06-12 13:07:00,17.5
2025-06-12 09:21:00,15.4
2025-06-12 23:21:00,52.5
2025-06-12 05:32:00,59.0
2025-06-12 05:54:00,1.8
2025-06-12 17:55:00,30.8
2025-06-12 01:42:00,49.9
2025-06-12 18:24:00,43.1
2025-06-12 23:43:00,50.136426804852206
2025-06-12 05:12:00,67.3
2025-06-12 12:40:00,25.7
2025-06-12 19:57:00,90.4
2025-06-12 04:16:00,50.136426804852206
2025-06-12 12:11:00,23.4
2025-06-12 01:45:00,50.9
2025-06-12 07:51:00,14.3
2025-06-12 17:15:00,50.136426804852206
2025-06-12 05:36:00,88.2
2025-06-12 13:33:00,50.136426804852206
2025-06-12 12:06:00,48.0
2025-06-12 10:54:00,50.136426804852206
2025-06-12 17:32:00,26.6
2025-06-12 19:12:00,58.6
2025-06-12 07:53:00,23.0
2025-06-12 15:43:00,12.1
2025-06-12 19:43:00,97.6
2025-06-12 02:51:00,31.2
2025-06-12 20:38:00,39.9
2025-06-12 08:17:00,50.136426804852206
2025-06-12 22:29:00,40.8
2025-06-12 11:30:00,45.2
2025-06-12 12:56:00,50.136426804852206
2025-06-12 23:27:00,87.2
2025-06-12 13:12:00,85.7
2025-06-12 13:34:00,52.8
2025-06-12 19:27:00,50.136426804852206
2025-06-12 11:36:00,54.9
2025-06-12 07:46:00,71.7
2025-06-12 14:43:00,8.2
2025-06-12 14:24:00,47.1
2025-06-12 23:12:00,37.3
2025-06-12 08:36:00,43.5
2025-06-12 19:50:00,33.1
2025-06-12 18:10:00,29.7
2025-06-12 12:23:00,90.7
2025-06-12 02:59:00,2.8
2025-06-12 04:40:00,50.136426804852206
2025-06-12 06:31:00,12.3
2025-06-12 09:36:00,76.4
2025-06-12 21:04:00,50.136426804852206
2025-06-12 23:51:00,62.9
2025-06-12 23:40:00,50.136426804852206
2025-06-12 09:38:00,4.9
2025-06-12 11:55:00,61.2
2025-06-12 17:01:00,89.8
2025-06-12 23:47:00,71.3
2025-06-12 23:28:00,75.7
2025-06-12 23:11:00,78.0
2025-06-12 01:21:00,55.0
2025-06-12 22:10:00,70.4
2025-06-12 03:51:00,40.4
2025-06-12 03:17:00,61.4
2025-06-12 02:01:00,31.5
2025-06-12 09:37:00,44.2
2025-06-12 12:30:00,63.8
2025-06-12 02:03:00,58.9
2025-06-12 19:04:00,50.136426804852206
2025-06-12 23:13:00,15.6
2025-06-12 10:33:00,4.8
2025-06-12 17:20:00,88.6
2025-06-12 09:58:00,50.136426804852206
2025-06-12 19:53:00,31.6
2025-06-12 09:17:00,37.5
2025-06-12 01:28:00,25.5
2025-06-12 23:23:00,18.9
2025-06-12 17:00:00,33.7
2025-06-12 22:02:00,13.1
2025-06-12 06:14:00,40.6
2025-06-12 13:53:00,35.2
2025-06-12 23:36:00,28.2
2025-06-12 14:18:00,36.7
2025-06-12 07:36:00,50.136426804852206
2025-06-12 05:09:00,18.5
2025-06-12 18:08:00,10.4
2025-06-12 14:34:00,69.0
2025-06-12 18:52:00,50.136426804852206
2025-06-12 21:56:00,11.4
2025-06-12 20:43:00,1.1
2025-06-12 14:15:00,99.9
2025-06-12 14:20:00,50.136426804852206
2025-06-12 02:30:00,84.1
2025-06-12 16:46:00,94.8
2025-06-12 11:11:00,67.8
2025-06-12 23:20:00,80.0
2025-06-12 05:10:00,86.8
2025-06-12 11:15:00,50.136426804852206
2025-06-12 23:26:00,35.4
2025-06-12 02:54:00,61.3
2025-06-12 12:32:00,90.1
2025-06-12 04:08:00,64.8
2025-06-12 03:55:00,21.7
2025-06-12 21:18:00,37.7
2025-06-12 15:57:00,10.1
2025-06-12 03:43:00,7.9
2025-06-12 10:15:00,50.037891637220255
2025-06-12 11:37:00,30.0
2025-06-12 13:32:00,40.6
2025-06-12 03:23:00,65.5
2025-06-12 19:12:00,37.6
2025-06-12 11:27:00,60.9
2025-06-12 06:43:00,43.5
2025-06-12 19:44:00,56.8
2025-06-12 23:51:00,55.2
2025-06-12 04:05:00,15.5
2025-06-12 14:10:00,26.7
2025-06-12 19:31:00,4.2
2025-06-12 17:01:00,23.0
2025-06-12 02:28:00,50.037891637220255
2025-06-12 14:20:00,96.7
2025-06-12 07:38:00,20.7
2025-06-12 11:34:00,6.9
2025-06-12 11:22:00,50.0
2025-06-12 15:06:00,68.7
2025-06-12 17:56:00,50.037891637220255
2025-06-12 05:38:00,4.9
2025-06-12 02:23:00,39.1
2025-06-12 18:16:00,10.2
2025-06-12 10:02:00,50.037891637220255
2025-06-12 02:39:00,10.9
2025-06-12 21:51:00,47.9
2025-06-12 17:38:00,50.037891637220255
2025-06-12 23:11:00,63.7
2025-06-12 16:36:00,32.9
2025-06-12 11:11:00,50.037891637220255
2025-06-12 11:31:00,83.6
2025-06-12 08:07:00,72.1
2025-06-12 20:58:00,79.4
2025-06-12 11:56:00,43.4
2025-06-12 22:09:00,57.7
2025-06-12 19:20:00,11.0
2025-06-12 17:13:00,76.7
2025-06-12 01:39:00,11.8
2025-06-12 12:09:00,7.3
2025-06-12 13:20:00,66.9
2025-06-12 15:17:00,76.0
2025-06-12 16:48:00,90.1
2025-06-12 00:48:00,23.6
2025-06-12 05:16:00,40.3
2025-06-12 00:56:00,43.1
2025-06-12 19:25:00,95.8
2025-06-12 14:19:00,2.1
2025-06-12 07:28:00,58.2
2025-06-12 10:25:00,50.037891637220255
2025-06-12 16:07:00,0.6
2025-06-12 22:54:00,11.4
2025-06-12 10:22:00,10.2
2025-06-12 23:24:00,50.037891637220255
2025-06-12 14:38:00,99.1
2025-06-12 04:21:00,35.0
2025-06-12 14:00:00,50.037891637220255
2025-06-12 22:07:00,65.3
2025-06-12 13:17:00,77.2
2025-06-12 12:45:00,43.8
2025-06-12 14:40:00,50.037891637220255
2025-06-12 04:36:00,87.3
2025-06-12 04:03:00,17.7
2025-06-12 22:14:00,50.037891637220255
2025-06-12 03:18:00,2.2
2025-06-12 10:42:00,7.1
2025-06-12 21:01:00,34.5
2025-06-12 06:49:00,94.9
2025-06-12 06:55:00,50.6
2025-06-12 12:38:00,50.037891637220255
2025-06-12 11:39:00,68.6
2025-06-12 11:20:00,11.1
2025-06-12 20:59:00,53.0
2025-06-12 23:42:00,50.037891637220255
2025-06-12 13:49:00,68.1
2025-06-12 20:33:00,20.4
2025-06-12 10:36:00,50.037891637220255
2025-06-12 01:31:00,84.8
2025-06-12 17:22:00,2.5
2025-06-12 19:59:00,50.037891637220255
2025-06-12 00:10:00,76.5
2025-06-12 10:13:00,10.8
2025-06-12 20:38:00,47.8
2025-06-12 12:35:00,13.5
2025-06-12 01:20:00,44.3
2025-06-12 13:07:00,58.6
2025-06-12 20:48:00,57.4
2025-06-12 03:04:00,15.3
2025-06-12 06:45:00,19.8
2025-06-12 15:20:00,50.037891637220255
2025-06-12 19:07:00,97.6
2025-06-12 20:35:00,20.5
2025-06-12 16:09:00,85.1
2025-06-12 12:51:00,10.5
2025-06-12 07:29:00,40.3
2025-06-12 00:23:00,50.037891637220255
2025-06-12 13:27:00,48.4
2025-06-12 16:27:00,66.9
2025-06-12 23:03:00,50.037891637220255
2025-06-12 07:13:00,50.037891637220255
2025-06-12 00:13:00,82.3
2025-06-12 17:12:00,27.7
2025-06-12 19:37:00,67.6
2025-06-12 13:19:00,48.3
2025-06-12 12:18:00,29.1
2025-06-12 05:09:00,50.037891637220255
2025-06-12 03:13:00,22.3
2025-06-12 00:30:00,50.037891637220255
2025-06-12 23:25:00,65.0
2025-06-12 20:51:00,50.037891637220255
2025-06-12 03:12:00,50.037891637220255
2025-06-12 09:16:00,83.1
2025-06-12 00:38:00,41.6
2025-06-12 02:08:00,50.037891637220255
2025-06-12 14:36:00,50.037891637220255
2025-06-12 23:27:00,18.5
2025-06-12 12:26:00,77.0
2025-06-12 01:48:00,74.9
2025-06-12 04:22:00,42.6
2025-06-12 16:57:00,27.8
2025-06-12 11:15:00,92.1
2025-06-12 23:56:00,50.037891637220255
2025-06-12 14:22:00,82.7
2025-06-12 22:33:00,50.037891637220255
2025-06-12 20:01:00,43.3
2025-06-12 17:21:00,36.8
2025-06-12 14:13:00,35.3
2025-06-12 11:33:00,35.2
2025-06-12 15:51:00,71.0
2025-06-12 20:46:00,7.6
2025-06-12 05:59:00,50.037891637220255
2025-06-12 06:16:00,68.7
2025-06-12 11:10:00,52.4
2025-06-12 23:49:00,12.9
2025-06-12 09:15:00,39.0
2025-06-12 16:44:00,16.8
2025-06-12 07:26:00,76.1
2025-06-12 02:09:00,34.7
2025-06-12 04:13:00,7.5
2025-06-12 17:34:00,80.1
2025-06-12 09:38:00,46.1
2025-06-12 10:39:00,35.9
2025-06-12 15:14:00,16.2
2025-06-12 03:31:00,21.4
2025-06-12 13:45:00,65.5
2025-06-12 09:31:00,5.5
2025-06-12 15:31:00,19.3
2025-06-12 01:55:00,68.4
2025-06-12 16:40:00,46.5
2025-06-12 03:34:00,81.5
2025-06-12 01:43:00,50.037891637220255
2025-06-12 03:45:00,50.037891637220255
2025-06-12 02:50:00,70.2
2025-06-12 15:27:00,75.1
2025-06-12 13:57:00,53.9
2025-06-12 22:26:00,42.6
2025-06-12 11:01:00,18.7
2025-06-12 10:40:00,80.6
2025-06-12 01:42:00,56.9
2025-06-12 19:38:00,99.1
2025-06-12 07:14:00,72.7
2025-06-12 03:56:00,91.5
2025-06-12 06:21:00,81.2
2025-06-12 14:04:00,95.1
2025-06-12 05:41:00,93.3
2025-06-12 21:39:00,48.9
2025-06-12 18:46:00,42.8
2025-06-12 14:57:00,50.037891637220255
2025-06-12 18:10:00,14.1
2025-06-12 18:39:00,42.4
2025-06-12 04:34:00,90.0
2025-06-12 13:08:00,14.4
2025-06-12 01:26:00,51.0
2025-06-12 05:46:00,26.0
2025-06-12 23:41:00,50.037891637220255
2025-06-12 13:01:00,93.6
2025-06-12 04:45:00,82.5
2025-06-12 16:47:00,50.037891637220255
2025-06-12 12:02:00,73.0
2025-06-12 22:28:00,76.4
2025-06-12 05:37:00,50.037891637220255
2025-06-12 09:37:00,28.9
2025-06-12 06:22:00,47.8
2025-06-12 09:30:00,93.2
2025-06-12 03:48:00,1.7
2025-06-12 11:46:00,84.7
2025-06-12 12:43:00,28.6
2025-06-12 12:20:00,33.5
2025-06-12 21:44:00,20.3
2025-06-12 22:36:00,9.2
2025-06-12 08:14:00,15.8
2025-06-12 15:38:00,81.4
2025-06-12 01:53:00,0.8
2025-06-12 15:43:00,81.5
2025-06-12 06:46:00,38.5
2025-06-12 00:26:00,12.9
2025-06-12 10:50:00,43.8
2025-06-12 03:25:00,68.4
2025-06-12 21:52:00,69.5
2025-06-12 11:07:00,50.037891637220255
2025-06-12 09:45:00,56.9
2025-06-12 09:36:00,95.0
2025-06-12 09:52:00,26.4
2025-06-12 01:58:00,61.7
2025-06-12 06:08:00,68.3
2025-06-12 07:59:00,50.0
2025-06-12 10:06:00,98.1
2025-06-12 15:22:00,17.3
2025-06-12 04:59:00,56.7
2025-06-12 18:49:00,60.8
2025-06-12 23:20:00,6.1
2025-06-12 04:58:00,84.6
2025-06-12 00:20:00,10.6
2025-06-12 15:10:00,50.037891637220255
2025-06-12 16:30:00,64.9
2025-06-12 19:21:00,12.4
2025-06-12 05:49:00,4.8
2025-06-12 14:08:00,76.0
2025-06-12 16:43:00,65.7
2025-06-12 07:51:00,50.037891637220255
2025-06-12 08:39:00,50.037891637220255
2025-06-12 22:39:00,15.8
2025-06-12 04:35:00,70.9
2025-06-12 15:04:00,85.7
2025-06-12 02:30:00,59.8
2025-06-12 03:39:00,52.8
2025-06-12 15:59:00,37.9
2025-06-12 08:54:00,84.2
2025-06-12 02:26:00,26.1
2025-06-12 19:22:00,39.9
2025-06-12 02:42:00,69.4
2025-06-12 02:17:00,50.037891637220255
2025-06-12 04:16:00,56.5
2025-06-12 17:59:00,35.5
2025-06-12 10:16:00,12.8
2025-06-12 03:57:00,50.037891637220255
2025-06-12 13:06:00,85.8
2025-06-12 17:10:00,93.3
2025-06-12 15:15:00,82.7
2025-06-12 22:17:00,0.6
2025-06-12 18:53:00,19.7
2025-06-12 15:09:00,73.8
2025-06-12 03:41:00,26.0
2025-06-12 21:21:00,87.4
2025-06-12 08:50:00,50.037891637220255
2025-06-12 13:09:00,90.1
2025-06-12 14:28:00,3.8
2025-06-12 16:37:00,78.7
2025-06-12 21:19:00,15.1
2025-06-12 15:47:00,47.3
2025-06-12 03:44:00,60.3
2025-06-12 08:43:00,93.3
2025-06-12 16:53:00,68.4
2025-06-12 03:01:00,61.8
2025-06-12 19:53:00,44.1
2025-06-12 05:47:00,46.1
2025-06-12 10:44:00,50.037891637220255
2025-06-12 08:00:00,1.7
2025-06-12 07:12:00,50.037891637220255
2025-06-12 19:27:00,17.5
2025-06-12 20:08:00,50.037891637220255
2025-06-12 22:00:00,72.6
2025-06-12 00:45:00,78.2
2025-06-12 21:33:00,81.2
2025-06-12 00:28:00,14.4
2025-06-12 16:00:00,17.1
2025-06-12 16:50:00,50.037891637220255
2025-06-12 09:24:00,50.037891637220255
2025-06-12 18:50:00,37.6
2025-06-12 16:16:00,30.7
2025-06-12 06:33:00,41.0
2025-06-12 23:40:00,42.0
2025-06-12 13:37:00,42.9
2025-06-12 18:45:00,30.9
2025-06-12 20:41:00,75.0
2025-06-12 18:34:00,78.4
2025-06-12 06:41:00,41.7
2025-06-12 06:52:00,42.9
2025-06-12 22:21:00,20.1
2025-06-12 07:18:00,12.1
2025-06-12 13:30:00,84.3
2025-06-12 07:32:00,54.4
2025-06-12 13:58:00,1.8
2025-06-12 05:01:00,8.7
2025-06-12 07:21:00,96.2
2025-06-12 06:15:00,62.3
2025-06-12 04:56:00,15.7
2025-06-12 19:13:00,89.8
2025-06-12 01:45:00,40.9
2025-06-12 05:45:00,88.4
2025-06-12 23:22:00,28.2
2025-06-12 17:48:00,72.6
2025-06-12 14:11:00,1.3
2025-06-12 09:13:00,99.3
2025-06-12 10:57:00,23.3
2025-06-12 05:30:00,41.4
2025-06-12 00:59:00,63.7
2025-06-12 17:33:00,50.037891637220255
2025-06-12 08:17:00,49.0
2025-06-12 04:43:00,25.6
2025-06-12 06:32:00,39.5
2025-06-12 17:46:00,62.6
2025-06-12 21:35:00,96.0
2025-06-12 06:58:00,21.3
2025-06-12 10:47:00,79.6
2025-06-12 10:07:00,48.7
2025-06-12 07:10:00,50.037891637220255
2025-06-12 11:41:00,50.037891637220255
2025-06-12 21:12:00,21.0
2025-06-12 21:49:00,5.1
2025-06-12 02:07:00,50.037891637220255
2025-06-12 13:14:00,3.8
2025-06-12 04:49:00,2.7
2025-06-12 19:20:00,99.8
2025-06-12 15:22:00,2.5
2025-06-12 06:53:00,32.2
2025-06-12 15:57:00,43.0
2025-06-12 03:01:00,43.7
2025-06-12 01:32:00,22.1
2025-06-12 02:29:00,21.4
2025-06-12 17:48:00,43.2
2025-06-12 20:21:00,50.60542317173377
2025-06-12 11:54:00,93.9
2025-06-12 08:13:00,98.6
2025-06-12 06:23:00,60.1
2025-06-12 10:33:00,79.7
2025-06-12 19:48:00,50.60542317173377
2025-06-12 03:27:00,1.0
2025-06-12 21:50:00,50.60542317173377
2025-06-12 03:14:00,89.5
2025-06-12 10:19:00,86.2
2025-06-12 12:49:00,42.8
2025-06-12 21:13:00,32.9
2025-06-12 09:21:00,2.9
2025-06-12 11:18:00,50.60542317173377
2025-06-12 10:42:00,82.5
2025-06-12 11:32:00,20.9
2025-06-12 10:49:00,4.9
2025-06-12 00:04:00,74.9
2025-06-12 02:51:00,21.1
2025-06-12 06:04:00,62.1
2025-06-12 16:23:00,11.2
2025-06-12 20:33:00,64.6
2025-06-12 19:09:00,3.2
2025-06-12 11:03:00,67.0
2025-06-12 22:54:00,78.4
2025-06-12 12:03:00,50.60542317173377
2025-06-12 17:27:00,50.60542317173377
2025-06-12 00:46:00,96.1
2025-06-12 10:46:00,19.3
2025-06-12 10:05:00,50.60542317173377
2025-06-12 17:26:00,18.2
2025-06-12 10:09:00,80.7
2025-06-12 11:19:00,63.1
2025-06-12 23:54:00,67.3
2025-06-12 19:45:00,45.9
2025-06-12 05:46:00,50.60542317173377
2025-06-12 02:09:00,65.1
2025-06-12 23:09:00,35.1
2025-06-12 00:39:00,96.7
2025-06-12 19:37:00,50.60542317173377
2025-06-12 07:57:00,67.5
2025-06-12 07:55:00,82.3
2025-06-12 11:25:00,50.60542317173377
2025-06-12 14:41:00,3.7
2025-06-12 09:13:00,59.9
2025-06-12 12:28:00,86.4
2025-06-12 10:38:00,40.3
2025-06-12 08:58:00,27.7
2025-06-12 13:29:00,99.9
2025-06-12 19:38:00,3.0
2025-06-12 16:02:00,48.5
2025-06-12 06:48:00,50.60542317173377
2025-06-12 23:21:00,12.2
2025-06-12 20:12:00,26.5
2025-06-12 06:45:00,96.3
2025-06-12 14:07:00,50.60542317173377
2025-06-12 08:31:00,54.9
2025-06-12 15:51:00,50.60542317173377
2025-06-12 23:38:00,84.8
2025-06-12 13:06:00,51.4
2025-06-12 20:42:00,71.9
2025-06-12 05:26:00,50.60542317173377
2025-06-12 21:01:00,37.9
2025-06-12 16:12:00,35.2
2025-06-12 05:52:00,14.4
2025-06-12 20:35:00,76.4
2025-06-12 19:07:00,27.4
2025-06-12 10:51:00,45.2
2025-06-12 15:41:00,32.0
2025-06-12 12:34:00,48.2
2025-06-12 11:02:00,59.1
2025-06-12 18:43:00,50.60542317173377
2025-06-12 18:53:00,99.0
2025-06-12 16:55:00,27.6
2025-06-12 22:27:00,17.8
2025-06-12 14:16:00,76.3
2025-06-12 06:38:00,50.60542317173377
2025-06-12 05:09:00,53.1
2025-06-12 13:08:00,46.3
2025-06-12 21:41:00,30.4
2025-06-12 23:27:00,79.3
2025-06-12 19:03:00,85.9
2025-06-12 21:49:00,39.1
2025-06-12 07:45:00,76.2
2025-06-12 09:48:00,64.8
2025-06-12 22:28:00,97.4
2025-06-12 07:35:00,50.60542317173377
2025-06-12 19:36:00,56.8
2025-06-12 08:38:00,57.8
2025-06-12 18:06:00,74.6
2025-06-12 10:48:00,2.8
2025-06-12 11:51:00,10.5
2025-06-12 06:00:00,50.60542317173377
2025-06-12 18:34:00,28.6
2025-06-12 07:03:00,57.6
2025-06-12 10:00:00,88.7
2025-06-12 21:51:00,16.5
2025-06-12 00:18:00,51.3
2025-06-12 14:51:00,38.4
2025-06-12 11:08:00,53.7
2025-06-12 00:35:00,84.9
2025-06-12 17:20:00,9.7
2025-06-12 04:53:00,58.7
2025-06-12 13:16:00,9.1
2025-06-12 02:26:00,15.4
2025-06-12 09:23:00,30.9
2025-06-12 21:48:00,62.6
2025-06-12 11:57:00,79.4
2025-06-12 21:55:00,17.9
2025-06-12 14:43:00,50.60542317173377
2025-06-12 09:04:00,73.9
2025-06-12 22:05:00,28.6
2025-06-12 02:00:00,71.3
2025-06-12 18:09:00,25.0
2025-06-12 18:46:00,50.60542317173377
2025-06-12 18:35:00,63.5
2025-06-12 13:03:00,84.6
2025-06-12 22:09:00,75.4
2025-06-12 21:30:00,3.3
2025-06-12 07:32:00,50.60542317173377
2025-06-12 02:30:00,6.7
2025-06-12 17:51:00,64.9
2025-06-12 21:45:00,65.5
2025-06-12 10:34:00,95.9
2025-06-12 01:45:00,80.4
2025-06-12 09:49:00,8.2
2025-06-12 17:23:00,84.1
2025-06-12 11:41:00,62.5
2025-06-12 21:18:00,1.0
2025-06-12 04:28:00,11.9
2025-06-12 23:26:00,50.60542317173377
2025-06-12 11:05:00,29.4
2025-06-12 04:38:00,74.8
2025-06-12 12:29:00,74.1
2025-06-12 09:54:00,50.60542317173377
2025-06-12 02:23:00,60.7
2025-06-12 13:32:00,50.60542317173377
2025-06-12 22:03:00,34.2
2025-06-12 23:17:00,41.5
2025-06-12 17:36:00,76.8
2025-06-12 07:09:00,0.5
2025-06-12 18:03:00,35.3
2025-06-12 08:14:00,22.0
2025-06-12 08:52:00,25.5
2025-06-12 01:40:00,24.3
2025-06-12 08:57:00,94.3
2025-06-12 19:59:00,29.0
2025-06-12 00:58:00,93.3
2025-06-12 09:59:00,79.2
2025-06-12 21:35:00,83.8
2025-06-12 18:26:00,86.3
2025-06-12 17:52:00,39.6
2025-06-12 23:03:00,52.2
2025-06-12 09:08:00,17.4
2025-06-12 01:06:00,16.0
2025-06-12 18:02:00,47.5
2025-06-12 05:29:00,86.6
2025-06-12 14:27:00,54.7
2025-06-12 20:40:00,83.4
2025-06-12 08:42:00,32.3
2025-06-12 12:24:00,15.6
2025-06-12 21:22:00,53.3
2025-06-12 04:26:00,71.3
2025-06-12 18:50:00,48.5
2025-06-12 20:13:00,32.1
2025-06-12 10:18:00,50.60542317173377
2025-06-12 11:23:00,97.8
2025-06-12 04:24:00,64.0
2025-06-12 11:14:00,50.3
2025-06-12 21:57:00,27.2
2025-06-12 01:10:00,50.60542317173377
2025-06-12 12:50:00,57.2
2025-06-12 07:08:00,59.3
2025-06-12 10:07:00,50.60542317173377
2025-06-12 15:03:00,64.1
2025-06-12 23:18:00,14.8
2025-06-12 12:25:00,60.1
2025-06-12 21:16:00,44.8
2025-06-12 22:47:00,99.6
2025-06-12 05:05:00,27.4
2025-06-12 20:22:00,19.7
2025-06-12 18:00:00,36.5
2025-06-12 01:20:00,20.9
2025-06-12 22:50:00,84.1
2025-06-12 05:41:00,79.6
2025-06-12 20:44:00,32.7
2025-06-12 14:23:00,97.1
2025-06-12 10:27:00,68.4
2025-06-12 01:39:00,50.60542317173377
2025-06-12 00:26:00,61.5
2025-06-12 01:01:00,2.0
2025-06-12 05:19:00,86.0
2025-06-12 08:16:00,14.0
2025-06-12 22:01:00,95.3
2025-06-12 01:05:00,41.5
2025-06-12 15:19:00,91.0
2025-06-12 12:46:00,98.4
2025-06-12 17:13:00,1.4
2025-06-12 17:57:00,95.7
2025-06-12 16:44:00,7.2
2025-06-12 10:06:00,50.60542317173377
2025-06-12 16:29:00,19.2
2025-06-12 08:10:00,56.9
2025-06-12 07:12:00,58.6
2025-06-12 00:12:00,51.9
2025-06-12 19:17:00,94.8
2025-06-12 17:04:00,66.2
2025-06-12 04:50:00,94.9
2025-06-12 12:42:00,54.8
2025-06-12 14:31:00,56.5
2025-06-12 14:08:00,19.6
2025-06-12 19:46:00,75.8
2025-06-12 09:18:00,32.4
2025-06-12 03:30:00,44.3
2025-06-12 01:16:00,5.8
2025-06-12 03:28:00,96.5
2025-06-12 07:10:00,52.6
2025-06-12 14:11:00,77.5
2025-06-12 16:30:00,15.3
2025-06-12 07:56:00,50.60542317173377
2025-06-12 14:14:00,34.4
2025-06-12 07:36:00,31.8
2025-06-12 11:40:00,46.9
2025-06-12 09:10:00,70.6
2025-06-12 23:22:00,59.8
2025-06-12 04:13:00,9.5
2025-06-12 11:28:00,47.2
2025-06-12 04:33:00,50.60542317173377
2025-06-12 05:30:00,34.4
2025-06-12 04:23:00,35.0
2025-06-12 19:55:00,45.9
2025-06-12 07:21:00,21.5
2025-06-12 04:29:00,99.7
2025-06-12 18:39:00,93.9
2025-06-12 05:10:00,97.2
2025-06-12 01:56:00,80.7
2025-06-12 09:34:00,29.9
2025-06-12 17:35:00,0.9
2025-06-12 22:46:00,40.8
2025-06-12 05:45:00,35.5
2025-06-12 09:20:00,46.7
2025-06-12 03:16:00,27.4
2025-06-12 02:43:00,59.6
2025-06-12 00:49:00,50.60542317173377
2025-06-12 04:58:00,49.1
2025-06-12 19:29:00,47.0
2025-06-12 17:06:00,95.8
2025-06-12 11:52:00,23.1
2025-06-12 02:46:00,90.1
2025-06-12 13:20:00,98.4
2025-06-12 07:26:00,82.5
2025-06-12 13:41:00,7.6
2025-06-12 09:24:00,75.1
2025-06-12 20:48:00,35.1
2025-06-12 15:01:00,39.0
2025-06-12 21:46:00,52.3
2025-06-12 17:08:00,26.9
2025-06-12 07:52:00,58.2
2025-06-12 10:08:00,9.6
2025-06-12 11:22:00,50.60542317173377
2025-06-12 15:05:00,2.4
2025-06-12 02:52:00,15.8
2025-06-12 06:40:00,50.60542317173377
2025-06-12 06:10:00,59.3
2025-06-12 04:21:00,70.9
2025-06-12 23:36:00,50.60542317173377
2025-06-12 20:45:00,50.60542317173377
2025-06-12 12:19:00,50.60542317173377
2025-06-12 23:30:00,61.6
2025-06-12 04:15:00,25.5
2025-06-12 16:51:00,51.7
2025-06-12 23:12:00,52.7
2025-06-12 12:23:00,21.2
2025-06-12 13:48:00,16.0
2025-06-12 15:50:00,50.60542317173377
2025-06-12 00:45:00,77.9
2025-06-12 10:15:00,51.5
2025-06-12 02:28:00,15.5
2025-06-12 23:42:00,96.0
2025-06-12 10:04:00,50.60542317173377
2025-06-12 02:27:00,90.4
2025-06-12 22:30:00,41.0
2025-06-12 22:33:00,62.1
2025-06-12 15:25:00,81.0
2025-06-12 06:41:00,72.1
2025-06-12 13:37:00,88.8
2025-06-12 07:25:00,78.1
2025-06-12 05:31:00,20.7
2025-06-12 03:50:00,50.60542317173377
2025-06-12 16:18:00,20.9
2025-06-12 03:39:00,53.8
2025-06-12 11:31:00,90.7
2025-06-12 12:32:00,98.0
2025-06-12 07:47:00,3.1
2025-06-12 22:11:00,49.2
2025-06-12 18:18:00,93.0
2025-06-12 04:19:00,85.5
2025-06-12 21:28:00,65.6
2025-06-12 19:40:00,40.8
2025-06-12 18:27:00,50.60542317173377
2025-06-12 22:48:00,50.60542317173377
2025-06-12 08:30:00,50.60542317173377
2025-06-12 10:17:00,44.9
2025-06-12 07:27:00,65.2
2025-06-12 13:23:00,47.7
2025-06-12 16:39:00,90.4
2025-06-12 13:28:00,87.3
2025-06-12 21:00:00,4.1
2025-06-12 06:27:00,50.60542317173377
2025-06-12 14:36:00,0.8
2025-06-12 06:11:00,25.2
2025-06-12 08:17:00,50.4
2025-06-12 09:14:00,53.1
2025-06-12 22:12:00,79.9
2025-06-12 21:53:00,72.6
2025-06-12 04:12:00,14.6
2025-06-12 00:56:00,78.8
2025-06-12 05:04:00,91.3
2025-06-12 05:53:00,98.0
2025-06-12 23:16:00,12.2
2025-06-12 03:00:00,93.6
2025-06-12 14:28:00,58.7
2025-06-12 13:31:00,3.5
2025-06-12 01:47:00,52.4
2025-06-12 11:45:00,5.7
2025-06-12 20:18:00,76.8
2025-06-12 17:41:00,54.2
2025-06-12 14:25:00,31.9
2025-06-12 19:24:00,74.5
2025-06-12 13:36:00,29.7
2025-06-12 23:07:00,34.1
2025-06-12 01:55:00,28.5
2025-06-12 15:52:00,6.9
2025-06-12 00:29:00,14.3
2025-06-12 09:47:00,99.5
2025-06-12 17:40:00,53.3
2025-06-12 22:42:00,49.935598591549294
2025-06-12 19:07:00,49.935598591549294
2025-06-12 11:13:00,59.3
2025-06-12 23:13:00,49.935598591549294
2025-06-12 16:13:00,15.1
2025-06-12 06:21:00,49.935598591549294
2025-06-12 10:49:00,13.5
2025-06-12 02:35:00,6.2
2025-06-12 03:42:00,49.935598591549294
2025-06-12 15:10:00,30.2
2025-06-12 10:25:00,86.9
2025-06-12 23:28:00,66.1
2025-06-12 12:29:00,60.6
2025-06-12 04:44:00,76.1
2025-06-12 03:35:00,49.935598591549294
2025-06-12 01:11:00,0.7
2025-06-12 09:27:00,64.7
2025-06-12 19:51:00,59.0
2025-06-12 12:06:00,6.2
2025-06-12 11:27:00,10.1
2025-06-12 04:26:00,1.9
2025-06-12 14:42:00,3.5
2025-06-12 20:26:00,75.0
2025-06-12 14:56:00,94.4
2025-06-12 17:13:00,5.5
2025-06-12 16:52:00,49.935598591549294
2025-06-12 22:01:00,98.2
2025-06-12 08:02:00,1.3
2025-06-12 23:58:00,61.8
2025-06-12 03:22:00,35.4
2025-06-12 04:37:00,49.935598591549294
2025-06-12 06:49:00,14.6
2025-06-12 02:23:00,42.6
2025-06-12 14:58:00,87.4
2025-06-12 06:00:00,74.3
2025-06-12 22:46:00,9.1
2025-06-12 12:33:00,96.3
2025-06-12 21:04:00,69.5
2025-06-12 18:12:00,98.0
2025-06-12 15:23:00,21.2
2025-06-12 04:00:00,65.4
2025-06-12 06:38:00,51.2
2025-06-12 19:04:00,44.1
2025-06-12 19:11:00,69.0
2025-06-12 00:03:00,25.7
2025-06-12 15:22:00,63.8
2025-06-12 09:59:00,47.2
2025-06-12 20:21:00,85.5
2025-06-12 07:57:00,67.5
2025-06-12 12:01:00,20.4
2025-06-12 10:08:00,10.3
2025-06-12 02:41:00,7.1
2025-06-12 09:15:00,64.7
2025-06-12 07:38:00,15.9
2025-06-12 07:04:00,92.3
2025-06-12 20:38:00,49.935598591549294
2025-06-12 06:57:00,49.935598591549294
2025-06-12 16:38:00,86.1
2025-06-12 00:06:00,4.1
2025-06-12 20:01:00,3.4
2025-06-12 06:11:00,30.9
2025-06-12 15:02:00,6.1
2025-06-12 03:21:00,66.0
2025-06-12 11:23:00,63.9
2025-06-12 17:27:00,24.6
2025-06-12 22:13:00,79.1
2025-06-12 18:03:00,45.2
2025-06-12 15:39:00,66.0
2025-06-12 01:38:00,17.0
2025-06-12 20:25:00,41.0
2025-06-12 10:03:00,86.4
2025-06-12 13:01:00,35.7
2025-06-12 01:00:00,52.6
2025-06-12 09:26:00,59.0
2025-06-12 04:16:00,74.5
2025-06-12 07:53:00,78.0
2025-06-12 23:20:00,72.1
2025-06-12 21:23:00,49.935598591549294
2025-06-12 05:45:00,49.935598591549294
2025-06-12 12:00:00,29.8
2025-06-12 15:00:00,49.935598591549294
2025-06-12 17:28:00,66.7
2025-06-12 03:01:00,76.9
2025-06-12 10:21:00,45.3
2025-06-12 07:43:00,49.935598591549294
2025-06-12 00:32:00,69.1
2025-06-12 11:33:00,11.0
2025-06-12 04:32:00,23.7
2025-06-12 08:13:00,68.1
2025-06-12 00:25:00,100.0
2025-06-12 18:30:00,56.3
2025-06-12 03:45:00,20.4
2025-06-12 08:08:00,39.2
2025-06-12 06:25:00,0.6
2025-06-12 09:51:00,27.6
2025-06-12 13:05:00,18.0
2025-06-12 02:15:00,86.0
2025-06-12 09:30:00,34.8
2025-06-12 09:43:00,50.4
2025-06-12 17:39:00,8.3
2025-06-12 15:12:00,42.1
2025-06-12 21:15:00,49.935598591549294
2025-06-12 20:04:00,49.935598591549294
2025-06-12 05:51:00,73.1
2025-06-12 11:11:00,76.1
2025-06-12 13:04:00,75.4
2025-06-12 22:56:00,91.8
2025-06-12 20:10:00,94.3
2025-06-12 17:55:00,18.9
2025-06-12 23:31:00,61.1
2025-06-12 08:22:00,57.0
2025-06-12 16:26:00,5.1
2025-06-12 05:28:00,43.7
2025-06-12 00:57:00,49.935598591549294
2025-06-12 09:45:00,14.6
2025-06-12 04:29:00,49.935598591549294
2025-06-12 10:46:00,6.3
2025-06-12 23:27:00,38.3
2025-06-12 23:10:00,32.5
2025-06-12 01:56:00,49.935598591549294
2025-06-12 17:33:00,40.3
2025-06-12 09:37:00,30.5
2025-06-12 13:09:00,90.3
2025-06-12 07:55:00,7.0
2025-06-12 05:20:00,68.2
2025-06-12 04:25:00,27.9
2025-06-12 02:29:00,14.9
2025-06-12 14:34:00,2.0
2025-06-12 09:12:00,94.4
2025-06-12 09:13:00,28.2
2025-06-12 19:32:00,83.9
2025-06-12 03:02:00,49.935598591549294
2025-06-12 14:40:00,89.6
2025-06-12 12:10:00,4.8
2025-06-12 10:50:00,95.4
2025-06-12 00:45:00,39.4
2025-06-12 04:20:00,44.7
2025-06-12 18:10:00,52.3
2025-06-12 05:59:00,88.5
2025-06-12 23:00:00,41.3
2025-06-12 13:59:00,30.9
2025-06-12 18:47:00,57.8
2025-06-12 15:38:00,71.9
2025-06-12 00:42:00,8.7
2025-06-12 13:41:00,45.1
2025-06-12 18:16:00,55.5
2025-06-12 21:34:00,65.8
2025-06-12 15:51:00,79.2
2025-06-12 11:57:00,40.1
2025-06-12 08:41:00,99.3
2025-06-12 19:45:00,45.3
2025-06-12 03:30:00,55.5
2025-06-12 21:53:00,68.2
2025-06-12 11:01:00,28.8
2025-06-12 13:15:00,89.4
2025-06-12 11:35:00,49.6
2025-06-12 04:13:00,54.9
2025-06-12 03:33:00,89.0
2025-06-12 14:48:00,81.4
2025-06-12 23:26:00,10.9
2025-06-12 00:37:00,49.935598591549294
2025-06-12 21:48:00,26.3
2025-06-12 11:28:00,49.935598591549294
2025-06-12 22:52:00,23.8
2025-06-12 00:38:00,99.7
2025-06-12 09:54:00,83.7
2025-06-12 04:34:00,58.1
2025-06-12 13:30:00,35.3
2025-06-12 19:09:00,32.7
2025-06-12 23:35:00,63.6
2025-06-12 04:03:00,49.935598591549294
2025-06-12 15:36:00,24.9
2025-06-12 01:41:00,33.6
2025-06-12 04:50:00,41.1
2025-06-12 01:03:00,66.8
2025-06-12 12:23:00,16.8
2025-06-12 01:04:00,85.2
2025-06-12 14:18:00,19.9
2025-06-12 09:34:00,49.935598591549294
2025-06-12 23:09:00,88.9
2025-06-12 03:39:00,26.9
2025-06-12 19:30:00,50.0
2025-06-12 06:09:00,31.4
2025-06-12 13:20:00,32.2
2025-06-12 07:27:00,82.7
2025-06-12 06:39:00,51.9
2025-06-12 17:06:00,49.935598591549294
2025-06-12 19:37:00,49.935598591549294
2025-06-12 16:35:00,88.9
2025-06-12 22:25:00,75.3
2025-06-12 08:49:00,24.5
2025-06-12 01:27:00,82.6
2025-06-12 15:09:00,93.0
2025-06-12 23:07:00,1.9
2025-06-12 20:12:00,34.4
2025-06-12 10:18:00,99.0
2025-06-12 18:51:00,52.9
2025-06-12 23:17:00,5.1
2025-06-12 21:57:00,60.2
2025-06-12 07:00:00,49.935598591549294
2025-06-12 10:23:00,81.0
2025-06-12 20:31:00,67.3
2025-06-12 14:39:00,66.1
2025-06-12 02:44:00,49.8
2025-06-12 13:54:00,10.1
2025-06-12 11:00:00,49.935598591549294
2025-06-12 12:52:00,21.3
2025-06-12 00:43:00,75.0
2025-06-12 12:31:00,49.935598591549294
2025-06-12 09:46:00,49.935598591549294
2025-06-12 06:12:00,42.5
2025-06-12 15:04:00,46.1
2025-06-12 23:36:00,19.3
2025-06-12 14:19:00,49.935598591549294
2025-06-12 05:42:00,85.1
2025-06-12 17:32:00,46.7
2025-06-12 21:37:00,47.3
2025-06-12 09:48:00,65.8
2025-06-12 08:21:00,63.8
2025-06-12 10:06:00,49.935598591549294
2025-06-12 02:07:00,39.5
2025-06-12 09:38:00,99.7
2025-06-12 15:56:00,49.935598591549294
2025-06-12 18:50:00,64.8
2025-06-12 03:44:00,56.7
2025-06-12 01:42:00,64.7
2025-06-12 20:52:00,30.2
2025-06-12 21:13:00,2.5
2025-06-12 07:14:00,99.8
2025-06-12 05:50:00,30.2
2025-06-12 09:19:00,85.4
2025-06-12 18:23:00,20.8
2025-06-12 07:22:00,94.5
2025-06-12 02:14:00,19.5
2025-06-12 11:04:00,25.1
2025-06-12 13:55:00,4.0
2025-06-12 14:06:00,49.935598591549294
2025-06-12 06:50:00,49.935598591549294
2025-06-12 08:56:00,45.0
2025-06-12 04:43:00,68.2
2025-06-12 00:04:00,95.6
2025-06-12 11:59:00,76.9
2025-06-12 05:43:00,38.1
2025-06-12 07:24:00,49.935598591549294
2025-06-12 14:35:00,49.935598591549294
2025-06-12 06:52:00,59.1
2025-06-12 10:17:00,82.4
2025-06-12 01:52:00,19.6
2025-06-12 00:51:00,49.935598591549294
2025-06-12 17:49:00,95.9
2025-06-12 14:15:00,92.6
2025-06-12 09:49:00,9.2
2025-06-12 23:24:00,13.1
2025-06-12 06:06:00,86.4
2025-06-12 23:46:00,49.935598591549294
2025-06-12 19:40:00,13.6
2025-06-12 01:17:00,11.5
2025-06-12 16:12:00,91.6
2025-06-12 11:58:00,51.1
2025-06-12 07:23:00,6.0
2025-06-12 02:54:00,90.3
2025-06-12 07:47:00,78.2
2025-06-12 16:58:00,34.5
2025-06-12 06:10:00,88.9
2025-06-12 10:28:00,76.3
2025-06-12 03:55:00,37.4
2025-06-12 04:14:00,24.9
2025-06-12 22:54:00,49.935598591549294
2025-06-12 20:24:00,95.1
2025-06-12 21:27:00,38.8
2025-06-12 04:58:00,51.7
2025-06-12 20:13:00,18.5
2025-06-12 11:16:00,57.8
2025-06-12 15:49:00,60.1
2025-06-12 21:49:00,22.6
2025-06-12 17:15:00,49.935598591549294
2025-06-12 14:22:00,65.6
2025-06-12 13:13:00,25.4
2025-06-12 15:17:00,49.935598591549294
2025-06-12 16:33:00,94.7
2025-06-12 13:02:00,87.2
2025-06-12 04:54:00,26.1
2025-06-12 21:08:00,17.8
2025-06-12 20:33:00,43.9
2025-06-12 00:47:00,69.6
2025-06-12 02:48:00,69.7
2025-06-12 01:21:00,53.7
2025-06-12 13:08:00,51.7
2025-06-12 23:25:00,90.5
2025-06-12 05:38:00,62.8
2025-06-12 17:47:00,38.0
2025-06-12 19:16:00,9.5
2025-06-12 08:40:00,81.1
2025-06-12 21:19:00,24.9
2025-06-12 06:33:00,54.3
2025-06-12 18:46:00,78.9
2025-06-12 22:17:00,96.4
2025-06-12 20:36:00,75.6
2025-06-12 00:49:00,69.1
2025-06-12 04:46:00,42.5
2025-06-12 04:01:00,38.2
2025-06-12 01:58:00,5.0
2025-06-12 19:17:00,57.4
2025-06-12 11:40:00,49.935598591549294
2025-06-12 14:57:00,6.7
2025-06-12 16:19:00,5.7
2025-06-12 21:41:00,61.9
2025-06-12 20:14:00,93.3
2025-06-12 17:54:00,34.7
2025-06-12 07:42:00,66.1
2025-06-12 15:54:00,28.2
2025-06-12 09:13:00,65.5
2025-06-12 02:11:00,51.0
2025-06-12 15:52:00,32.0
2025-06-12 08:57:00,85.9
2025-06-12 09:20:00,67.7
2025-06-12 03:04:00,12.2
2025-06-12 10:21:00,49.740225962104276
2025-06-12 17:29:00,3.2
2025-06-12 22:22:00,70.6
2025-06-12 00:20:00,49.740225962104276
2025-06-12 00:57:00,4.4
2025-06-12 13:05:00,19.1
2025-06-12 17:50:00,96.0
2025-06-12 19:46:00,88.6
2025-06-12 13:03:00,73.9
2025-06-12 19:51:00,49.740225962104276
2025-06-12 03:13:00,47.7
2025-06-12 11:01:00,72.1
2025-06-12 15:16:00,49.740225962104276
2025-06-12 22:04:00,76.6
2025-06-12 10:12:00,86.8
2025-06-12 10:01:00,96.2
2025-06-12 12:14:00,26.7
2025-06-12 08:51:00,49.740225962104276
2025-06-12 09:35:00,40.8
2025-06-12 00:46:00,84.7
2025-06-12 15:12:00,32.1
2025-06-12 06:17:00,13.4
2025-06-12 11:40:00,49.740225962104276
2025-06-12 03:25:00,85.9
2025-06-12 14:09:00,33.7
2025-06-12 18:27:00,32.2
2025-06-12 20:53:00,49.740225962104276
2025-06-12 16:05:00,49.740225962104276
2025-06-12 05:13:00,40.1
2025-06-12 22:44:00,59.4
2025-06-12 00:29:00,70.2
2025-06-12 06:19:00,94.6
2025-06-12 07:34:00,77.1
2025-06-12 00:07:00,96.0
2025-06-12 04:58:00,19.5
2025-06-12 03:34:00,63.4
2025-06-12 19:15:00,70.8
2025-06-12 21:58:00,49.740225962104276
2025-06-12 13:57:00,66.8
2025-06-12 08:10:00,49.740225962104276
2025-06-12 21:46:00,97.7
2025-06-12 21:51:00,51.1
2025-06-12 18:08:00,55.2
2025-06-12 05:03:00,12.3
2025-06-12 20:10:00,64.2
2025-06-12 04:17:00,62.0
2025-06-12 07:04:00,1.8
2025-06-12 00:43:00,94.1
2025-06-12 04:31:00,32.5
2025-06-12 16:22:00,60.7
2025-06-12 19:20:00,11.9
2025-06-12 19:36:00,85.4
2025-06-12 13:11:00,21.3
2025-06-12 07:36:00,3.8
2025-06-12 09:08:00,49.740225962104276
2025-06-12 00:42:00,62.0
2025-06-12 07:23:00,9.2
2025-06-12 01:40:00,66.5
2025-06-12 20:35:00,89.6
2025-06-12 03:39:00,41.2
2025-06-12 20:19:00,2.7
2025-06-12 09:17:00,49.740225962104276
2025-06-12 09:43:00,49.740225962104276
2025-06-12 15:47:00,89.0
2025-06-12 14:13:00,50.9
2025-06-12 06:22:00,49.740225962104276
2025-06-12 18:18:00,95.4
2025-06-12 01:41:00,12.6
2025-06-12 21:04:00,98.8
2025-06-12 04:44:00,47.3
2025-06-12 12:06:00,49.740225962104276
2025-06-12 08:42:00,34.5
2025-06-12 03:07:00,33.7
2025-06-12 15:55:00,9.7
2025-06-12 12:58:00,49.740225962104276
2025-06-12 22:46:00,49.740225962104276
2025-06-12 15:45:00,27.0
2025-06-12 06:11:00,7.0
2025-06-12 17:04:00,61.3
2025-06-12 09:27:00,40.1
2025-06-12 13:36:00,81.2
2025-06-12 00:52:00,73.1
2025-06-12 11:35:00,87.6
2025-06-12 04:07:00,24.7
2025-06-12 11:39:00,77.5
2025-06-12 15:06:00,83.6
2025-06-12 01:32:00,44.3
2025-06-12 13:20:00,74.7
2025-06-12 17:41:00,35.9
2025-06-12 20:24:00,33.1
2025-06-12 12:13:00,75.6
2025-06-12 09:30:00,9.9
2025-06-12 16:19:00,49.740225962104276
2025-06-12 12:44:00,49.740225962104276
2025-06-12 15:07:00,2.5
2025-06-12 19:56:00,30.7
2025-06-12 09:21:00,10.1
2025-06-12 01:43:00,54.0
2025-06-12 00:33:00,9.9
2025-06-12 20:18:00,49.740225962104276
2025-06-12 21:27:00,16.8
2025-06-12 14:43:00,49.740225962104276
2025-06-12 11:25:00,3.7
2025-06-12 11:13:00,79.6
2025-06-12 05:55:00,79.7
2025-06-12 09:01:00,97.9
2025-06-12 11:15:00,90.7
2025-06-12 13:43:00,37.9
2025-06-12 13:27:00,49.740225962104276
2025-06-12 17:02:00,48.9
2025-06-12 19:39:00,21.8
2025-06-12 06:38:00,40.4
2025-06-12 02:23:00,49.740225962104276
2025-06-12 22:48:00,97.5
2025-06-12 00:32:00,51.5
2025-06-12 07:56:00,55.8
2025-06-12 15:59:00,87.6
2025-06-12 22:30:00,33.4
2025-06-12 08:40:00,61.2
2025-06-12 10:25:00,45.5
2025-06-12 14:00:00,65.6
2025-06-12 03:31:00,78.7
2025-06-12 11:42:00,2.0
2025-06-12 01:38:00,84.5
2025-06-12 16:27:00,37.2
2025-06-12 13:10:00,89.4
2025-06-12 02:59:00,92.3
2025-06-12 19:16:00,43.4
2025-06-12 05:05:00,59.2
2025-06-12 10:43:00,49.740225962104276
2025-06-12 23:58:00,7.7
2025-06-12 09:55:00,76.0
2025-06-12 13:56:00,25.6
2025-06-12 22:10:00,93.7
2025-06-12 04:49:00,93.9
2025-06-12 02:35:00,49.740225962104276
2025-06-12 11:12:00,100.0
2025-06-12 23:39:00,15.3
2025-06-12 21:19:00,49.740225962104276
2025-06-12 21:54:00,52.8
2025-06-12 18:42:00,15.4
2025-06-12 14:04:00,49.740225962104276
2025-06-12 07:08:00,70.9
2025-06-12 20:07:00,98.7
2025-06-12 18:03:00,49.740225962104276
2025-06-12 23:15:00,41.5
2025-06-12 03:41:00,14.5
2025-06-12 16:55:00,41.4
2025-06-12 06:06:00,96.6
2025-06-12 12:32:00,33.8
2025-06-12 19:18:00,49.740225962104276
2025-06-12 10:07:00,85.5
2025-06-12 20:43:00,15.6
2025-06-12 06:14:00,21.7
2025-06-12 00:14:00,9.7
2025-06-12 17:44:00,32.7
2025-06-12 02:19:00,98.2
2025-06-12 00:01:00,49.740225962104276
2025-06-12 03:56:00,64.8
2025-06-12 23:18:00,34.7
2025-06-12 04:41:00,5.2
2025-06-12 15:50:00,84.5
2025-06-12 22:19:00,59.3
2025-06-12 16:35:00,26.8
2025-06-12 03:42:00,5.0
2025-06-12 04:01:00,34.4
2025-06-12 05:43:00,22.8
2025-06-12 15:41:00,13.2
2025-06-12 18:53:00,7.7
2025-06-12 08:14:00,82.0
2025-06-12 14:07:00,79.8
2025-06-12 06:05:00,17.8
2025-06-12 15:24:00,26.5
2025-06-12 04:18:00,80.5
2025-06-12 23:51:00,9.5
2025-06-12 14:42:00,49.740225962104276
2025-06-12 15:19:00,49.740225962104276
2025-06-12 03:21:00,25.7
2025-06-12 03:11:00,29.8
2025-06-12 20:37:00,11.0
2025-06-12 06:47:00,42.8
2025-06-12 05:41:00,73.4
2025-06-12 18:35:00,51.7
2025-06-12 21:18:00,3.5
2025-06-12 07:15:00,85.4
2025-06-12 22:49:00,88.2
2025-06-12 08:18:00,49.740225962104276
2025-06-12 08:54:00,5.7
2025-06-12 11:08:00,49.740225962104276
2025-06-12 06:21:00,49.740225962104276
2025-06-12 04:37:00,16.3
2025-06-12 17:37:00,5.1
2025-06-12 04:20:00,58.3
2025-06-12 10:46:00,36.3
2025-06-12 08:41:00,7.7
2025-06-12 09:04:00,49.740225962104276
2025-06-12 19:41:00,40.9
2025-06-12 01:48:00,38.9
2025-06-12 00:38:00,49.740225962104276
2025-06-12 23:38:00,65.0
2025-06-12 23:37:00,6.6
2025-06-12 15:18:00,89.8
2025-06-12 07:07:00,95.8
2025-06-12 03:46:00,37.3
2025-06-12 06:18:00,49.740225962104276
2025-06-12 18:07:00,38.4
2025-06-12 13:55:00,49.740225962104276
2025-06-12 20:08:00,96.8
2025-06-12 09:41:00,64.2
2025-06-12 08:26:00,49.740225962104276
2025-06-12 03:40:00,36.5
2025-06-12 08:11:00,76.5
2025-06-12 12:51:00,84.6
2025-06-12 23:19:00,62.8
2025-06-12 11:06:00,67.2
2025-06-12 01:28:00,71.4
2025-06-12 09:28:00,7.0
2025-06-12 18:19:00,5.5
2025-06-12 14:06:00,26.7
2025-06-12 10:59:00,33.9
2025-06-12 19:00:00,87.2
2025-06-12 06:59:00,8.4
2025-06-12 07:21:00,93.8
2025-06-12 18:09:00,63.9
2025-06-12 21:45:00,52.2
2025-06-12 03:19:00,65.6
2025-06-12 07:46:00,34.0
2025-06-12 09:42:00,22.2
2025-06-12 04:05:00,14.2
2025-06-12 04:12:00,84.1
2025-06-12 14:12:00,49.740225962104276
2025-06-12 12:08:00,49.740225962104276
2025-06-12 08:13:00,8.1
2025-06-12 02:09:00,78.1
2025-06-12 05:40:00,87.5
2025-06-12 04:06:00,14.5
2025-06-12 12:27:00,91.0
2025-06-12 14:31:00,53.1
2025-06-12 22:01:00,49.740225962104276
2025-06-12 17:42:00,87.0
2025-06-12 04:56:00,16.6
2025-06-12 16:21:00,23.9
2025-06-12 23:53:00,23.7
2025-06-12 02:00:00,14.2
2025-06-12 07:09:00,87.5
2025-06-12 08:47:00,73.1
2025-06-12 05:12:00,50.3
2025-06-12 21:55:00,0.1
2025-06-12 08:58:00,49.740225962104276
2025-06-12 17:36:00,10.9
2025-06-12 23:29:00,49.740225962104276
2025-06-12 19:27:00,16.3
2025-06-12 23:55:00,73.7
2025-06-12 12:24:00,18.0
2025-06-12 09:39:00,76.0
2025-06-12 19:49:00,25.0
2025-06-12 00:12:00,28.9
2025-06-12 15:03:00,1.8
2025-06-12 19:12:00,27.8
2025-06-12 00:47:00,89.5
2025-06-12 14:11:00,86.3
2025-06-12 02:10:00,52.6
2025-06-12 21:47:00,75.2
2025-06-12 03:50:00,14.2
2025-06-12 03:08:00,4.7
2025-06-12 10:42:00,50.9
2025-06-12 20:41:00,38.1
2025-06-12 13:51:00,19.6
2025-06-12 06:50:00,62.3
2025-06-12 07:41:00,76.2
2025-06-12 00:11:00,11.6
2025-06-12 04:48:00,29.2
2025-06-12 03:54:00,21.6
2025-06-12 20:55:00,94.1
2025-06-12 13:47:00,39.2
2025-06-12 15:38:00,67.4
2025-06-12 07:02:00,45.3
2025-06-12 07:57:00,49.740225962104276
2025-06-12 16:49:00,49.740225962104276
2025-06-12 23:24:00,20.7
2025-06-12 03:52:00,77.7
2025-06-12 04:14:00,59.7
2025-06-12 15:22:00,50.18838223164841
2025-06-12 13:59:00,71.6
2025-06-12 15:08:00,37.8
2025-06-12 12:32:00,1.9
2025-06-12 15:02:00,2.5
2025-06-12 20:43:00,51.0
2025-06-12 23:19:00,93.2
2025-06-12 06:54:00,50.18838223164841
2025-06-12 20:10:00,75.5
2025-06-12 12:18:00,98.5
2025-06-12 09:23:00,39.4
2025-06-12 03:59:00,50.18838223164841
2025-06-12 20:16:00,50.18838223164841
2025-06-12 06:00:00,89.1
2025-06-12 00:35:00,79.2
2025-06-12 17:36:00,51.3
2025-06-12 21:51:00,32.4
2025-06-12 03:33:00,65.7
2025-06-12 12:01:00,21.0
2025-06-12 04:07:00,66.3
2025-06-12 18:13:00,80.4
2025-06-12 06:12:00,26.9
2025-06-12 20:04:00,10.1
2025-06-12 18:23:00,58.9
2025-06-12 23:34:00,3.5
2025-06-12 09:16:00,70.7
2025-06-12 07:07:00,83.7
2025-06-12 11:16:00,30.8
2025-06-12 15:00:00,27.0
2025-06-12 09:53:00,50.18838223164841
2025-06-12 17:57:00,70.4
2025-06-12 13:00:00,99.9
2025-06-12 08:20:00,93.9
2025-06-12 19:11:00,14.5
2025-06-12 17:30:00,82.9
2025-06-12 23:59:00,72.1
2025-06-12 03:20:00,50.6
2025-06-12 16:29:00,69.6
2025-06-12 08:22:00,50.18838223164841
2025-06-12 01:33:00,50.18838223164841
2025-06-12 15:57:00,48.6
2025-06-12 20:28:00,50.18838223164841
2025-06-12 22:38:00,79.7
2025-06-12 15:29:00,57.9
2025-06-12 16:28:00,50.18838223164841
2025-06-12 13:27:00,81.3
2025-06-12 21:16:00,50.18838223164841
2025-06-12 13:37:00,83.8
2025-06-12 05:09:00,69.8
2025-06-12 13:45:00,50.18838223164841
2025-06-12 16:30:00,45.3
2025-06-12 20:15:00,63.7
2025-06-12 17:02:00,50.18838223164841
2025-06-12 03:50:00,72.4
2025-06-12 04:01:00,35.5
2025-06-12 18:27:00,13.2
2025-06-12 11:14:00,2.1
2025-06-12 08:07:00,69.3
2025-06-12 16:51:00,14.3
2025-06-12 11:04:00,58.8
2025-06-12 12:51:00,61.0
2025-06-12 11:27:00,11.0
2025-06-12 03:09:00,39.3
2025-06-12 20:55:00,50.18838223164841
2025-06-12 11:03:00,31.7
2025-06-12 21:38:00,66.7
2025-06-12 02:34:00,91.9
2025-06-12 02:19:00,19.7
2025-06-12 21:48:00,8.2
2025-06-12 12:07:00,50.18838223164841
2025-06-12 14:34:00,15.0
2025-06-12 21:44:00,5.8
2025-06-12 11:48:00,87.6
2025-06-12 10:24:00,42.7
2025-06-12 22:57:00,92.7
2025-06-12 10:07:00,23.4
2025-06-12 03:23:00,50.18838223164841
2025-06-12 16:52:00,22.3
2025-06-12 17:19:00,50.18838223164841
2025-06-12 16:41:00,56.3
2025-06-12 15:58:00,87.6
2025-06-12 12:52:00,83.6
2025-06-12 03:28:00,93.3
2025-06-12 15:38:00,97.8
2025-06-12 17:24:00,50.4
2025-06-12 20:09:00,61.7
2025-06-12 09:17:00,59.6
2025-06-12 18:58:00,20.6
2025-06-12 01:06:00,32.7
2025-06-12 21:09:00,91.4
2025-06-12 19:51:00,18.9
2025-06-12 22:52:00,71.0
2025-06-12 08:19:00,76.2
2025-06-12 15:55:00,25.5
2025-06-12 11:10:00,94.2
2025-06-12 02:42:00,42.8
2025-06-12 06:05:00,75.5
2025-06-12 07:06:00,99.9
2025-06-12 12:58:00,50.18838223164841
2025-06-12 02:17:00,83.7
2025-06-12 17:03:00,76.3
2025-06-12 17:27:00,1.8
2025-06-12 08:31:00,18.2
2025-06-12 08:28:00,2.1
2025-06-12 06:53:00,50.18838223164841
2025-06-12 20:11:00,21.7
2025-06-12 08:39:00,98.3
2025-06-12 13:51:00,18.5
2025-06-12 02:14:00,89.4
2025-06-12 09:46:00,40.2
2025-06-12 12:09:00,39.1
2025-06-12 04:38:00,2.5
2025-06-12 04:13:00,5.2
2025-06-12 01:16:00,29.7
2025-06-12 10:42:00,7.8
2025-06-12 21:32:00,74.6
2025-06-12 00:01:00,65.4
2025-06-12 15:14:00,72.0
2025-06-12 22:42:00,52.5
2025-06-12 02:22:00,81.9
2025-06-12 16:23:00,58.7
2025-06-12 16:15:00,50.18838223164841
2025-06-12 15:21:00,50.18838223164841
2025-06-12 15:10:00,50.18838223164841
2025-06-12 09:45:00,50.18838223164841
2025-06-12 12:48:00,21.0
2025-06-12 19:31:00,25.5
2025-06-12 19:33:00,58.9
2025-06-12 18:25:00,32.8
2025-06-12 23:54:00,75.8
2025-06-12 14:12:00,7.8
2025-06-12 17:31:00,50.18838223164841
2025-06-12 19:35:00,77.0
2025-06-12 00:36:00,22.6
2025-06-12 05:50:00,45.6
2025-06-12 18:51:00,3.0
2025-06-12 07:55:00,40.7
2025-06-12 17:11:00,8.9
2025-06-12 04:45:00,88.7
2025-06-12 02:28:00,73.2
2025-06-12 14:01:00,15.8
2025-06-12 22:44:00,93.3
2025-06-12 05:56:00,92.9
2025-06-12 01:02:00,59.3
2025-06-12 17:40:00,78.6
2025-06-12 17:20:00,2.4
2025-06-12 20:41:00,47.4
2025-06-12 00:42:00,50.18838223164841
2025-06-12 08:37:00,24.7
2025-06-12 06:44:00,33.8
2025-06-12 11:59:00,56.0
2025-06-12 17:52:00,44.1
2025-06-12 17:28:00,88.8
2025-06-12 13:20:00,5.3
2025-06-12 07:39:00,24.1
2025-06-12 08:45:00,31.2
2025-06-12 13:31:00,44.6
2025-06-12 19:37:00,73.8
2025-06-12 08:53:00,33.4
2025-06-12 02:45:00,82.6
2025-06-12 21:43:00,24.7
2025-06-12 01:27:00,70.9
2025-06-12 03:36:00,55.8
2025-06-12 06:13:00,50.18838223164841
2025-06-12 05:04:00,72.9
2025-06-12 07:21:00,11.6
2025-06-12 02:43:00,10.6
2025-06-12 12:44:00,98.0
2025-06-12 06:31:00,69.1
2025-06-12 08:41:00,94.2
2025-06-12 18:04:00,36.4
2025-06-12 00:14:00,47.6
2025-06-12 20:40:00,12.6
2025-06-12 14:41:00,47.8
2025-06-12 21:59:00,50.18838223164841
2025-06-12 19:25:00,2.0
2025-06-12 03:32:00,87.6
2025-06-12 01:47:00,31.6
2025-06-12 03:41:00,83.9
2025-06-12 13:08:00,22.9
2025-06-12 19:21:00,60.8
2025-06-12 02:04:00,68.2
2025-06-12 07:33:00,16.5
2025-06-12 05:23:00,51.3
2025-06-12 04:04:00,75.3
2025-06-12 12:25:00,10.2
2025-06-12 20:24:00,50.18838223164841
2025-06-12 12:39:00,5.9
2025-06-12 22:18:00,50.18838223164841
2025-06-12 06:32:00,50.18838223164841
2025-06-12 12:00:00,21.7
2025-06-12 10:22:00,67.7
2025-06-12 11:57:00,89.4
2025-06-12 03:24:00,2.1
2025-06-12 13:21:00,23.7
2025-06-12 23:11:00,53.0
2025-06-12 08:55:00,76.3
2025-06-12 14:04:00,12.3
2025-06-12 08:25:00,7.3
2025-06-12 10:34:00,50.18838223164841
2025-06-12 11:44:00,32.4
2025-06-12 21:00:00,60.9
2025-06-12 22:08:00,73.3
2025-06-12 01:40:00,50.18838223164841
2025-06-12 15:18:00,83.5
2025-06-12 02:55:00,50.18838223164841
2025-06-12 14:52:00,50.18838223164841
2025-06-12 02:53:00,50.18838223164841
2025-06-12 07:50:00,41.8
2025-06-12 20:31:00,71.7
2025-06-12 01:22:00,50.18838223164841
2025-06-12 18:09:00,79.7
2025-06-12 00:08:00,35.0
2025-06-12 05:28:00,50.18838223164841
2025-06-12 10:03:00,50.18838223164841
2025-06-12 19:38:00,58.8
2025-06-12 14:56:00,80.8
2025-06-12 15:03:00,11.4
2025-06-12 18:01:00,50.18838223164841
2025-06-12 12:27:00,50.18838223164841
2025-06-12 12:10:00,35.7
2025-06-12 09:20:00,50.18838223164841
2025-06-12 04:10:00,93.1
2025-06-12 22:14:00,11.1
2025-06-12 22:21:00,43.1
2025-06-12 01:23:00,34.7
2025-06-12 08:36:00,77.8
2025-06-12 10:57:00,51.9
2025-06-12 05:46:00,50.18838223164841
2025-06-12 00:32:00,79.8
2025-06-12 04:40:00,27.1
2025-06-12 17:06:00,69.3
2025-06-12 07:49:00,50.18838223164841
2025-06-12 20:54:00,65.1
2025-06-12 20:46:00,85.8
2025-06-12 20:44:00,50.18838223164841
2025-06-12 20:02:00,6.4
2025-06-12 16:59:00,47.2
2025-06-12 05:41:00,76.4
2025-06-12 20:12:00,90.0
2025-06-12 17:04:00,75.8
2025-06-12 09:13:00,43.9
2025-06-12 16:06:00,73.6
2025-06-12 12:13:00,27.8
2025-06-12 13:47:00,27.1
2025-06-12 22:53:00,53.2
2025-06-12 10:56:00,28.1
2025-06-12 12:43:00,66.9
2025-06-12 21:08:00,78.0
2025-06-12 04:00:00,50.18838223164841
2025-06-12 16:07:00,50.18838223164841
2025-06-12 04:23:00,62.0
2025-06-12 15:59:00,54.8
2025-06-12 07:05:00,77.2
2025-06-12 13:11:00,18.8
2025-06-12 03:13:00,41.8
2025-06-12 14:21:00,92.3
2025-06-12 13:32:00,8.2
2025-06-12 21:23:00,88.0
2025-06-12 08:43:00,50.18838223164841
2025-06-12 13:06:00,76.3
2025-06-12 08:26:00,50.18838223164841
2025-06-12 11:07:00,29.4
2025-06-12 23:06:00,85.4
2025-06-12 00:33:00,66.8
2025-06-12 07:02:00,50.18838223164841
2025-06-12 18:28:00,37.1
2025-06-12 00:40:00,8.7
2025-06-12 13:05:00,45.7
2025-06-12 08:17:00,97.0
2025-06-12 23:41:00,53.9
2025-06-12 03:45:00,65.9
2025-06-12 15:34:00,31.6
2025-06-12 10:39:00,79.6
2025-06-12 18:30:00,23.7
2025-06-12 12:45:00,99.2
2025-06-12 00:49:00,14.6
2025-06-12 01:26:00,63.5
2025-06-12 20:13:00,41.5
2025-06-12 08:32:00,91.5
2025-06-12 23:13:00,99.8
2025-06-12 05:39:00,50.18838223164841
2025-06-12 16:18:00,85.7
2025-06-12 12:31:00,19.7
2025-06-12 04:12:00,89.7
2025-06-12 09:48:00,34.3
2025-06-12 15:41:00,63.0
2025-06-12 09:24:00,34.2
2025-06-12 21:51:00,31.4
2025-06-12 06:36:00,19.9
2025-06-12 17:00:00,49.927249175694776
2025-06-12 19:05:00,92.3
2025-06-12 22:27:00,49.927249175694776
2025-06-12 18:35:00,13.2
2025-06-12 13:08:00,72.3
2025-06-12 20:29:00,96.4
2025-06-12 12:31:00,90.6
2025-06-12 11:09:00,93.6
2025-06-12 22:58:00,54.2
2025-06-12 12:23:00,51.4
2025-06-12 23:52:00,20.7
2025-06-12 11:04:00,68.2
2025-06-12 20:17:00,52.0
2025-06-12 09:04:00,55.3
2025-06-12 15:36:00,51.4
2025-06-12 06:58:00,89.1
2025-06-12 16:01:00,93.7
2025-06-12 16:19:00,23.9
2025-06-12 02:42:00,68.4
2025-06-12 18:30:00,76.9
2025-06-12 08:37:00,51.7
2025-06-12 21:54:00,80.3
2025-06-12 11:01:00,49.927249175694776
2025-06-12 06:06:00,96.8
2025-06-12 23:25:00,28.1
2025-06-12 18:09:00,93.3
2025-06-12 12:19:00,82.3
2025-06-12 02:51:00,8.0
2025-06-12 04:47:00,49.927249175694776
2025-06-12 06:50:00,54.3
2025-06-12 03:32:00,22.1
2025-06-12 07:46:00,23.0
2025-06-12 01:36:00,16.5
2025-06-12 15:53:00,26.7
2025-06-12 13:49:00,49.927249175694776
2025-06-12 23:43:00,35.6
2025-06-12 19:44:00,64.5
2025-06-12 23:33:00,86.5
2025-06-12 22:21:00,49.927249175694776
2025-06-12 02:09:00,49.927249175694776
2025-06-12 12:05:00,64.0
2025-06-12 18:49:00,99.8
2025-06-12 17:05:00,40.8
2025-06-12 18:16:00,95.4
2025-06-12 12:47:00,49.927249175694776
2025-06-12 16:47:00,49.4
2025-06-12 20:48:00,44.4
2025-06-12 20:21:00,13.7
2025-06-12 18:43:00,80.2
2025-06-12 19:27:00,78.7
2025-06-12 02:17:00,71.3
2025-06-12 14:29:00,8.3
2025-06-12 17:57:00,92.7
2025-06-12 03:15:00,7.8
2025-06-12 22:48:00,49.927249175694776
2025-06-12 19:51:00,8.2
2025-06-12 09:58:00,34.9
2025-06-12 01:18:00,44.5
2025-06-12 18:06:00,7.7
2025-06-12 14:35:00,49.927249175694776
2025-06-12 09:20:00,12.6
2025-06-12 06:07:00,92.0
2025-06-12 10:12:00,93.5
2025-06-12 23:03:00,81.9
2025-06-12 16:12:00,23.2
2025-06-12 00:14:00,90.9
2025-06-12 18:41:00,49.927249175694776
2025-06-12 03:04:00,79.6
2025-06-12 15:43:00,35.9
2025-06-12 06:09:00,22.7
2025-06-12 11:06:00,47.1
2025-06-12 00:04:00,31.7
2025-06-12 01:42:00,41.3
2025-06-12 20:06:00,39.7
2025-06-12 04:12:00,49.927249175694776
2025-06-12 04:21:00,94.6
2025-06-12 15:32:00,6.7
2025-06-12 05:58:00,40.1
2025-06-12 16:16:00,20.6
2025-06-12 15:40:00,94.0
2025-06-12 04:18:00,41.2
2025-06-12 07:06:00,90.3
2025-06-12 17:37:00,77.5
2025-06-12 01:49:00,66.5
2025-06-12 12:11:00,59.4
2025-06-12 21:17:00,50.4
2025-06-12 11:53:00,66.4
2025-06-12 02:38:00,81.7
2025-06-12 00:26:00,80.8
2025-06-12 02:30:00,49.927249175694776
2025-06-12 03:08:00,49.927249175694776
2025-06-12 07:47:00,43.2
2025-06-12 22:16:00,18.9
2025-06-12 15:27:00,48.8
2025-06-12 07:20:00,97.3
2025-06-12 01:03:00,2.7
2025-06-12 03:17:00,98.5
2025-06-12 21:09:00,27.2
2025-06-12 16:06:00,3.6
2025-06-12 07:08:00,35.0
2025-06-12 08:38:00,67.4
2025-06-12 07:12:00,82.1
2025-06-12 17:42:00,41.9
2025-06-12 14:06:00,49.927249175694776
2025-06-12 03:54:00,34.6
2025-06-12 16:17:00,82.4
2025-06-12 04:29:00,47.6
2025-06-12 17:51:00,0.3
2025-06-12 16:07:00,49.927249175694776
2025-06-12 17:19:00,72.2
2025-06-12 06:26:00,40.7
2025-06-12 20:33:00,8.0
2025-06-12 03:47:00,32.7
2025-06-12 14:54:00,61.0
2025-06-12 16:40:00,49.927249175694776
2025-06-12 11:07:00,78.5
2025-06-12 23:40:00,29.0
2025-06-12 21:49:00,77.5
2025-06-12 01:44:00,38.6
2025-06-12 11:00:00,95.5
2025-06-12 16:02:00,11.0
2025-06-12 09:48:00,49.927249175694776
2025-06-12 13:55:00,43.6
2025-06-12 11:55:00,89.7
2025-06-12 12:52:00,49.927249175694776
2025-06-12 22:41:00,93.3
2025-06-12 10:10:00,46.0
2025-06-12 08:25:00,49.927249175694776
2025-06-12 22:35:00,45.0
2025-06-12 10:34:00,85.7
2025-06-12 02:41:00,78.4
2025-06-12 02:57:00,92.0
2025-06-12 20:04:00,82.7
2025-06-12 11:45:00,55.9
2025-06-12 06:02:00,61.5
2025-06-12 22:01:00,49.927249175694776
2025-06-12 20:13:00,60.0
2025-06-12 22:15:00,64.6
2025-06-12 00:09:00,17.6
2025-06-12 20:39:00,39.5
2025-06-12 02:29:00,53.6
2025-06-12 00:01:00,49.927249175694776
2025-06-12 15:14:00,88.0
2025-06-12 15:00:00,36.2
2025-06-12 20:11:00,98.3
2025-06-12 08:14:00,9.6
2025-06-12 08:20:00,54.6
2025-06-12 18:47:00,37.4
2025-06-12 09:03:00,96.0
2025-06-12 02:13:00,49.927249175694776
2025-06-12 03:29:00,8.0
2025-06-12 07:31:00,36.3
2025-06-12 02:33:00,49.927249175694776
2025-06-12 07:14:00,33.9
2025-06-12 02:24:00,73.2
2025-06-12 10:08:00,62.7
2025-06-12 15:02:00,97.6
2025-06-12 13:58:00,74.0
2025-06-12 16:27:00,73.7
2025-06-12 03:02:00,1.5
2025-06-12 10:21:00,25.4
2025-06-12 22:44:00,43.5
2025-06-12 22:38:00,25.3
2025-06-12 00:37:00,78.4
2025-06-12 17:23:00,45.6
2025-06-12 13:45:00,2.2
2025-06-12 07:32:00,58.0
2025-06-12 20:07:00,28.2
2025-06-12 01:13:00,16.8
2025-06-12 12:34:00,89.3
2025-06-12 03:45:00,49.927249175694776
2025-06-12 15:13:00,49.927249175694776
2025-06-12 20:40:00,6.4
2025-06-12 02:50:00,32.2
2025-06-12 04:55:00,53.9
2025-06-12 06:44:00,16.9
2025-06-12 14:53:00,58.3
2025-06-12 15:44:00,49.927249175694776
2025-06-12 06:15:00,6.6
2025-06-12 01:34:00,40.8
2025-06-12 23:22:00,49.927249175694776
2025-06-12 17:10:00,25.7
2025-06-12 12:42:00,75.8
2025-06-12 11:34:00,97.0
2025-06-12 06:22:00,46.5
2025-06-12 09:33:00,45.9
2025-06-12 09:34:00,48.5
2025-06-12 08:30:00,44.2
2025-06-12 09:30:00,10.0
2025-06-12 05:48:00,37.4
2025-06-12 14:47:00,42.6
2025-06-12 22:10:00,19.7
2025-06-12 17:18:00,84.9
2025-06-12 09:40:00,23.8
2025-06-12 00:32:00,15.1
2025-06-12 23:20:00,66.3
2025-06-12 12:43:00,11.8
2025-06-12 11:47:00,33.1
2025-06-12 19:34:00,22.4
2025-06-12 21:52:00,49.927249175694776
2025-06-12 10:33:00,18.7
2025-06-12 05:34:00,25.6
2025-06-12 11:59:00,3.0
2025-06-12 15:24:00,88.3
2025-06-12 10:07:00,49.8
2025-06-12 06:43:00,12.1
2025-06-12 00:49:00,19.2
2025-06-12 02:00:00,37.0
2025-06-12 09:55:00,20.8
2025-06-12 20:47:00,67.1
2025-06-12 02:55:00,98.5
2025-06-12 10:01:00,73.5
2025-06-12 03:23:00,8.3
2025-06-12 01:54:00,60.7
2025-06-12 17:40:00,32.9
2025-06-12 20:26:00,4.7
2025-06-12 05:17:00,24.6
2025-06-12 06:53:00,94.8
2025-06-12 11:57:00,94.8
2025-06-12 15:38:00,7.9
2025-06-12 08:52:00,81.7
2025-06-12 06:55:00,49.927249175694776
2025-06-12 16:59:00,41.1
2025-06-12 16:44:00,17.9
2025-06-12 00:00:00,0.1
2025-06-12 06:41:00,86.0
2025-06-12 02:26:00,66.2
2025-06-12 05:33:00,73.1
2025-06-12 10:04:00,33.6
2025-06-12 23:19:00,47.0
2025-06-12 08:18:00,52.3
2025-06-12 11:35:00,97.1
2025-06-12 22:50:00,4.0
2025-06-12 14:24:00,2.7
2025-06-12 13:40:00,70.5
2025-06-12 23:11:00,31.8
2025-06-12 05:57:00,63.6
2025-06-12 15:48:00,26.5
2025-06-12 10:59:00,60.3
2025-06-12 00:33:00,55.8
2025-06-12 16:37:00,32.7
2025-06-12 20:50:00,65.0
2025-06-12 15:18:00,49.7
2025-06-12 14:20:00,6.7
2025-06-12 05:18:00,69.0
2025-06-12 17:04:00,19.7
2025-06-12 04:38:00,44.8
2025-06-12 19:55:00,87.6
2025-06-12 03:46:00,30.0
2025-06-12 13:52:00,94.0
2025-06-12 04:30:00,55.3
2025-06-12 00:18:00,73.1
2025-06-12 05:37:00,31.4
2025-06-12 10:44:00,1.3
2025-06-12 09:53:00,49.927249175694776
2025-06-12 03:48:00,49.927249175694776
2025-06-12 04:04:00,15.4
2025-06-12 12:48:00,3.1
2025-06-12 10:15:00,65.7
2025-06-12 16:11:00,16.3
2025-06-12 03:36:00,49.927249175694776
2025-06-12 12:01:00,20.7
2025-06-12 15:50:00,5.7
2025-06-12 17:03:00,22.8
2025-06-12 08:15:00,93.3
2025-06-12 20:23:00,17.2
2025-06-12 07:51:00,2.8
2025-06-12 22:24:00,12.8
2025-06-12 12:45:00,24.0
2025-06-12 18:21:00,9.0
2025-06-12 01:50:00,33.6
2025-06-12 21:10:00,39.9
2025-06-12 22:22:00,49.927249175694776
2025-06-12 08:32:00,54.9
2025-06-12 17:12:00,87.3
2025-06-12 14:14:00,30.9
2025-06-12 09:14:00,33.8
2025-06-12 21:45:00,14.8
2025-06-12 10:53:00,64.4
2025-06-12 12:01:00,49.72265128325876
2025-06-12 21:06:00,49.72265128325876
2025-06-12 22:32:00,84.0
2025-06-12 15:10:00,0.3
2025-06-12 14:41:00,63.2
2025-06-12 20:34:00,94.3
2025-06-12 10:18:00,62.4
2025-06-12 14:27:00,87.7
2025-06-12 10:52:00,25.6
2025-06-12 20:47:00,9.9
2025-06-12 19:24:00,71.4
2025-06-12 17:37:00,39.5
2025-06-12 17:32:00,49.72265128325876
2025-06-12 17:33:00,98.7
2025-06-12 07:47:00,60.3
2025-06-12 01:32:00,6.8
2025-06-12 18:21:00,2.3
2025-06-12 09:39:00,46.7
2025-06-12 05:06:00,80.3
2025-06-12 12:32:00,49.72265128325876
2025-06-12 09:52:00,13.7
2025-06-12 02:44:00,84.1
2025-06-12 00:21:00,64.1
2025-06-12 00:16:00,49.72265128325876
2025-06-12 06:28:00,49.2
2025-06-12 18:17:00,67.6
2025-06-12 08:16:00,38.4
2025-06-12 00:28:00,57.5
2025-06-12 16:49:00,44.6
2025-06-12 18:46:00,94.2
2025-06-12 22:36:00,49.72265128325876
2025-06-12 12:33:00,76.4
2025-06-12 20:55:00,51.6
2025-06-12 23:18:00,90.6
2025-06-12 15:23:00,74.5
2025-06-12 06:41:00,3.5
2025-06-12 18:39:00,72.3
2025-06-12 22:33:00,49.72265128325876
2025-06-12 14:13:00,0.1
2025-06-12 15:37:00,49.72265128325876
2025-06-12 06:05:00,89.5
2025-06-12 01:22:00,58.7
2025-06-12 02:09:00,85.1
2025-06-12 07:55:00,74.8
2025-06-12 07:45:00,92.4
2025-06-12 03:06:00,0.9
2025-06-12 16:31:00,97.3
2025-06-12 13:08:00,86.3
2025-06-12 10:48:00,80.7
2025-06-12 18:38:00,13.3
2025-06-12 00:27:00,49.72265128325876
2025-06-12 20:36:00,39.7
2025-06-12 17:02:00,45.6
2025-06-12 15:47:00,21.4
2025-06-12 23:50:00,69.5
2025-06-12 11:51:00,6.0
2025-06-12 11:04:00,30.0
2025-06-12 02:13:00,69.0
2025-06-12 05:14:00,40.2
2025-06-12 05:04:00,73.6
2025-06-12 10:34:00,90.8
2025-06-12 22:12:00,39.9
2025-06-12 15:57:00,49.72265128325876
2025-06-12 14:55:00,82.5
2025-06-12 16:22:00,20.7
2025-06-12 22:48:00,29.8
2025-06-12 21:31:00,49.72265128325876
2025-06-12 04:04:00,31.6
2025-06-12 01:44:00,0.6
2025-06-12 09:19:00,10.0
2025-06-12 07:53:00,0.3
2025-06-12 09:02:00,62.5
2025-06-12 22:52:00,17.0
2025-06-12 05:34:00,50.2
2025-06-12 03:23:00,4.7
2025-06-12 11:02:00,77.3
2025-06-12 20:56:00,49.72265128325876
2025-06-12 04:23:00,49.72265128325876
2025-06-12 04:10:00,11.4
2025-06-12 04:11:00,85.6
2025-06-12 09:43:00,62.8
2025-06-12 08:44:00,49.72265128325876
2025-06-12 01:51:00,49.72265128325876
2025-06-12 00:45:00,16.7
2025-06-12 01:35:00,15.7
2025-06-12 03:37:00,90.7
2025-06-12 18:58:00,30.7
2025-06-12 11:55:00,28.9
2025-06-12 02:04:00,49.72265128325876
2025-06-12 12:17:00,79.1
2025-06-12 20:16:00,14.7
2025-06-12 10:38:00,45.4
2025-06-12 00:10:00,70.7
2025-06-12 14:49:00,86.5
2025-06-12 05:19:00,65.9
2025-06-12 17:00:00,49.0
2025-06-12 19:09:00,71.0
2025-06-12 13:39:00,62.8
2025-06-12 22:05:00,31.7
2025-06-12 17:30:00,49.72265128325876
2025-06-12 02:22:00,74.5
2025-06-12 01:05:00,85.1
2025-06-12 15:03:00,73.8
2025-06-12 12:58:00,49.72265128325876
2025-06-12 21:02:00,60.0
2025-06-12 14:25:00,0.6
2025-06-12 13:00:00,63.3
2025-06-12 17:17:00,67.9
2025-06-12 01:03:00,42.4
2025-06-12 04:13:00,49.72265128325876
2025-06-12 21:32:00,50.0
2025-06-12 06:24:00,43.0
2025-06-12 08:53:00,27.5
2025-06-12 10:33:00,52.5
2025-06-12 12:38:00,35.2
2025-06-12 02:51:00,22.7
2025-06-12 03:31:00,62.7
2025-06-12 17:58:00,46.9
2025-06-12 15:59:00,29.5
2025-06-12 09:15:00,94.6
2025-06-12 06:31:00,76.3
2025-06-12 11:29:00,71.5
2025-06-12 20:25:00,49.72265128325876
2025-06-12 19:49:00,1.6
2025-06-12 00:06:00,0.1
2025-06-12 15:19:00,93.4
2025-06-12 18:10:00,30.9
2025-06-12 14:42:00,57.1
2025-06-12 17:52:00,69.7
2025-06-12 11:43:00,37.1
2025-06-12 13:40:00,16.8
2025-06-12 08:57:00,49.72265128325876
2025-06-12 19:38:00,32.1
2025-06-12 21:43:00,41.3
2025-06-12 13:31:00,53.3
2025-06-12 05:16:00,68.1
2025-06-12 00:30:00,59.7
2025-06-12 03:18:00,48.2
2025-06-12 13:09:00,76.6
2025-06-12 11:14:00,71.6
2025-06-12 05:15:00,0.9
2025-06-12 23:57:00,38.8
2025-06-12 09:25:00,24.0
2025-06-12 03:08:00,36.6
2025-06-12 00:23:00,63.1
2025-06-12 19:53:00,81.2
2025-06-12 04:02:00,76.3
2025-06-12 02:31:00,47.1
2025-06-12 06:04:00,73.2
2025-06-12 00:38:00,95.4
2025-06-12 10:59:00,85.7
2025-06-12 10:22:00,77.9
2025-06-12 00:55:00,62.9
2025-06-12 06:51:00,99.3
2025-06-12 14:05:00,39.0
2025-06-12 23:20:00,0.7
2025-06-12 05:36:00,5.1
2025-06-12 02:30:00,12.9
2025-06-12 21:53:00,12.1
2025-06-12 23:27:00,85.1
2025-06-12 08:49:00,30.8
2025-06-12 09:41:00,99.5
2025-06-12 16:04:00,22.0
2025-06-12 14:52:00,14.3
2025-06-12 11:18:00,49.1
2025-06-12 05:00:00,61.8
2025-06-12 05:52:00,92.3
2025-06-12 05:44:00,84.6
2025-06-12 10:19:00,89.1
2025-06-12 10:56:00,1.1
2025-06-12 03:11:00,58.6
2025-06-12 01:54:00,48.0
2025-06-12 13:52:00,73.4
2025-06-12 20:03:00,1.1
2025-06-12 16:16:00,49.72265128325876
2025-06-12 10:43:00,10.2
2025-06-12 11:00:00,60.9
2025-06-12 00:32:00,95.9
2025-06-12 14:51:00,56.6
2025-06-12 19:15:00,62.4
2025-06-12 22:11:00,8.1
2025-06-12 17:43:00,66.4
2025-06-12 20:43:00,0.8
2025-06-12 05:27:00,37.1
2025-06-12 18:36:00,25.3
2025-06-12 04:32:00,0.4
2025-06-12 19:06:00,70.5
2025-06-12 17:10:00,43.3
2025-06-12 14:02:00,54.1
2025-06-12 20:14:00,77.0
2025-06-12 11:16:00,49.72265128325876
2025-06-12 15:12:00,47.8
2025-06-12 11:27:00,34.8
2025-06-12 01:41:00,47.7
2025-06-12 23:12:00,20.6
2025-06-12 13:10:00,30.3
2025-06-12 15:40:00,13.2
2025-06-12 13:53:00,85.2
2025-06-12 13:25:00,49.72265128325876
2025-06-12 22:57:00,90.3
2025-06-12 19:35:00,18.7
2025-06-12 01:38:00,25.8
2025-06-12 04:20:00,88.0
2025-06-12 03:30:00,69.6
2025-06-12 06:45:00,61.6
2025-06-12 13:59:00,89.2
2025-06-12 05:50:00,16.9
2025-06-12 08:17:00,27.6
2025-06-12 12:30:00,58.0
2025-06-12 12:07:00,6.3
2025-06-12 17:24:00,49.72265128325876
2025-06-12 08:13:00,49.72265128325876
2025-06-12 18:31:00,27.7
2025-06-12 12:08:00,36.6
2025-06-12 07:05:00,65.3
2025-06-12 16:32:00,68.8
2025-06-12 06:18:00,91.0
2025-06-12 12:27:00,62.4
2025-06-12 00:18:00,63.2
2025-06-12 22:18:00,32.1
2025-06-12 20:24:00,66.4
2025-06-12 17:55:00,83.1
2025-06-12 19:00:00,3.2
2025-06-12 21:13:00,89.2
2025-06-12 01:04:00,31.6
2025-06-12 05:22:00,21.0
2025-06-12 06:46:00,53.8
2025-06-12 19:11:00,72.3
2025-06-12 12:26:00,9.5
2025-06-12 04:19:00,96.7
2025-06-12 20:06:00,63.0
2025-06-12 06:40:00,49.72265128325876
2025-06-12 04:56:00,33.7
2025-06-12 20:50:00,58.0
2025-06-12 16:07:00,15.0
2025-06-12 23:55:00,56.0
2025-06-12 02:43:00,50.9
2025-06-12 12:10:00,49.72265128325876
2025-06-12 21:29:00,25.4
2025-06-12 23:10:00,14.5
2025-06-12 12:04:00,81.0
2025-06-12 10:07:00,25.5
2025-06-12 08:26:00,49.72265128325876
2025-06-12 19:26:00,67.1
2025-06-12 18:35:00,49.72265128325876
2025-06-12 07:32:00,48.5
2025-06-12 18:34:00,10.3
2025-06-12 23:48:00,49.72265128325876
2025-06-12 07:19:00,90.4
2025-06-12 09:03:00,70.9
2025-06-12 23:28:00,95.4
2025-06-12 05:02:00,2.2
2025-06-12 00:34:00,7.5
2025-06-12 23:29:00,57.7
2025-06-12 19:42:00,50.6
2025-06-12 08:51:00,53.1
2025-06-12 12:39:00,10.3
2025-06-12 03:45:00,65.6
2025-06-12 01:23:00,72.5
2025-06-12 04:42:00,47.1
2025-06-12 00:42:00,51.3
2025-06-12 09:17:00,4.3
2025-06-12 16:18:00,49.72265128325876
2025-06-12 11:21:00,49.72265128325876
2025-06-12 03:57:00,96.7
2025-06-12 09:06:00,76.9
2025-06-12 18:50:00,91.9
2025-06-12 01:55:00,80.5
2025-06-12 19:14:00,68.6
2025-06-12 11:25:00,49.2
2025-06-12 03:53:00,24.5
2025-06-12 03:52:00,49.72265128325876
2025-06-12 09:42:00,88.3
2025-06-12 10:45:00,38.0
2025-06-12 06:50:00,37.9
2025-06-12 10:09:00,78.8
2025-06-12 16:29:00,47.8
2025-06-12 23:00:00,49.72265128325876
2025-06-12 15:25:00,49.72265128325876
2025-06-12 09:26:00,96.2
2025-06-12 22:30:00,65.7
2025-06-12 03:26:00,49.72265128325876
2025-06-12 03:09:00,14.4
2025-06-12 12:18:00,49.72265128325876
2025-06-12 00:02:00,70.8
2025-06-12 09:49:00,51.3
2025-06-12 13:54:00,90.7
2025-06-12 18:40:00,26.7
2025-06-12 02:37:00,7.5
2025-06-12 07:12:00,75.3
2025-06-12 16:08:00,21.6
2025-06-12 20:02:00,49.72265128325876
2025-06-12 23:02:00,33.2
2025-06-12 16:58:00,62.0
2025-06-12 20:09:00,98.8
2025-06-12 15:30:00,27.2
2025-06-12 06:09:00,49.72265128325876
2025-06-12 09:20:00,59.0
2025-06-12 18:13:00,17.8
2025-06-12 18:22:00,22.6
2025-06-12 03:43:00,55.5
2025-06-12 03:23:00,96.3
2025-06-12 01:02:00,37.1
2025-06-12 15:05:00,50.25777465777466
2025-06-12 04:40:00,50.25777465777466
2025-06-12 08:07:00,39.7
2025-06-12 00:40:00,4.0
2025-06-12 23:17:00,57.3
2025-06-12 04:07:00,67.2
2025-06-12 12:47:00,80.5
2025-06-12 04:46:00,50.25777465777466
2025-06-12 14:12:00,50.25777465777466
2025-06-12 08:31:00,58.6
2025-06-12 04:12:00,27.8
2025-06-12 05:03:00,10.4
2025-06-12 10:39:00,33.6
2025-06-12 03:13:00,83.6
2025-06-12 19:45:00,45.3
2025-06-12 20:07:00,97.1
2025-06-12 17:42:00,97.8
2025-06-12 17:35:00,77.1
2025-06-12 10:56:00,40.4
2025-06-12 05:37:00,16.5
2025-06-12 14:06:00,3.4
2025-06-12 10:17:00,44.9
2025-06-12 15:04:00,89.3
2025-06-12 23:26:00,51.5
2025-06-12 13:35:00,45.6
2025-06-12 18:51:00,10.3
2025-06-12 19:33:00,53.7
2025-06-12 17:41:00,64.0
2025-06-12 06:35:00,50.25777465777466
2025-06-12 09:38:00,77.3
2025-06-12 13:05:00,37.4
2025-06-12 05:42:00,75.7
2025-06-12 06:09:00,56.1
2025-06-12 14:52:00,90.3
2025-06-12 18:57:00,48.4
2025-06-12 13:21:00,82.8
2025-06-12 23:54:00,73.0
2025-06-12 22:31:00,92.9
2025-06-12 12:44:00,50.25777465777466
2025-06-12 12:33:00,44.8
2025-06-12 20:11:00,13.9
2025-06-12 17:09:00,36.6
2025-06-12 06:12:00,33.9
2025-06-12 08:42:00,50.25777465777466
2025-06-12 05:50:00,64.3
2025-06-12 08:01:00,93.1
2025-06-12 22:26:00,46.7
2025-06-12 02:37:00,54.9
2025-06-12 01:24:00,10.4
2025-06-12 08:15:00,41.6
2025-06-12 18:32:00,50.25777465777466
2025-06-12 17:30:00,29.7
2025-06-12 00:48:00,98.9
2025-06-12 14:40:00,60.6
2025-06-12 07:19:00,66.5
2025-06-12 21:39:00,89.4
2025-06-12 21:20:00,20.4
2025-06-12 09:15:00,50.25777465777466
2025-06-12 08:10:00,50.25777465777466
2025-06-12 22:04:00,18.7
2025-06-12 20:43:00,50.25777465777466
2025-06-12 12:03:00,16.9
2025-06-12 23:03:00,50.25777465777466
2025-06-12 01:31:00,0.7
2025-06-12 15:01:00,30.3
2025-06-12 16:36:00,38.3
2025-06-12 11:14:00,39.7
2025-06-12 13:01:00,44.7
2025-06-12 08:33:00,35.6
2025-06-12 05:52:00,38.0
2025-06-12 00:19:00,50.25777465777466
2025-06-12 02:47:00,77.2
2025-06-12 18:43:00,39.1
2025-06-12 23:48:00,9.1
2025-06-12 12:52:00,44.3
2025-06-12 11:01:00,39.6
2025-06-12 07:11:00,80.6
2025-06-12 18:16:00,50.25777465777466
2025-06-12 18:52:00,50.25777465777466
2025-06-12 01:18:00,9.6
2025-06-12 10:55:00,31.2
2025-06-12 04:04:00,9.8
2025-06-12 13:18:00,50.25777465777466
2025-06-12 06:36:00,15.6
2025-06-12 15:52:00,3.4
2025-06-12 21:19:00,11.5
2025-06-12 20:48:00,45.1
2025-06-12 12:41:00,71.9
2025-06-12 21:42:00,49.3
2025-06-12 15:26:00,93.1
2025-06-12 07:45:00,18.5
2025-06-12 15:09:00,19.9
2025-06-12 18:44:00,19.8
2025-06-12 12:21:00,1.4
2025-06-12 00:15:00,89.0
2025-06-12 12:56:00,50.7
2025-06-12 22:48:00,68.6
2025-06-12 06:50:00,12.2
2025-06-12 11:45:00,51.8
2025-06-12 12:14:00,44.5
2025-06-12 22:32:00,38.5
2025-06-12 15:35:00,29.5
2025-06-12 08:40:00,1.8
2025-06-12 18:17:00,50.25777465777466
2025-06-12 02:31:00,2.1
2025-06-12 18:49:00,19.3
2025-06-12 08:08:00,73.5
2025-06-12 16:39:00,79.3
2025-06-12 09:27:00,62.0
2025-06-12 19:56:00,17.3
2025-06-12 08:13:00,50.25777465777466
2025-06-12 10:33:00,41.8
2025-06-12 17:26:00,23.6
2025-06-12 08:37:00,37.4
2025-06-12 06:21:00,79.6
2025-06-12 09:47:00,97.3
2025-06-12 19:57:00,50.25777465777466
2025-06-12 01:11:00,26.2
2025-06-12 22:03:00,95.1
2025-06-12 04:16:00,98.6
2025-06-12 06:25:00,3.4
2025-06-12 18:53:00,91.1
2025-06-12 21:35:00,28.3
2025-06-12 04:10:00,15.3
2025-06-12 21:53:00,75.7
2025-06-12 15:15:00,1.1
2025-06-12 11:13:00,59.5
2025-06-12 04:14:00,3.2
2025-06-12 06:06:00,3.5
2025-06-12 11:06:00,52.8
2025-06-12 06:41:00,69.2
2025-06-12 21:10:00,58.3
2025-06-12 03:24:00,70.7
2025-06-12 16:41:00,0.7
2025-06-12 18:37:00,4.4
2025-06-12 07:24:00,20.1
2025-06-12 18:36:00,29.0
2025-06-12 17:37:00,0.1
2025-06-12 15:14:00,86.8
2025-06-12 12:19:00,10.8
2025-06-12 18:15:00,50.25777465777466
2025-06-12 04:20:00,97.2
2025-06-12 01:47:00,14.8
2025-06-12 15:37:00,84.5
2025-06-12 12:30:00,44.4
2025-06-12 06:37:00,37.2
2025-06-12 17:11:00,29.5
2025-06-12 02:50:00,48.1
2025-06-12 07:14:00,60.7
2025-06-12 16:58:00,50.25777465777466
2025-06-12 11:17:00,53.2
2025-06-12 03:37:00,50.25777465777466
2025-06-12 23:08:00,35.9
2025-06-12 04:48:00,41.5
2025-06-12 09:37:00,72.4
2025-06-12 10:42:00,15.3
2025-06-12 15:13:00,60.7
2025-06-12 06:42:00,28.5
2025-06-12 02:48:00,74.3
2025-06-12 04:27:00,18.1
2025-06-12 06:57:00,41.4
2025-06-12 04:28:00,9.2
2025-06-12 10:52:00,42.7
2025-06-12 01:17:00,47.5
2025-06-12 07:02:00,23.4
2025-06-12 22:53:00,16.3
2025-06-12 06:02:00,42.3
2025-06-12 18:09:00,46.7
2025-06-12 21:00:00,92.8
2025-06-12 08:44:00,74.0
2025-06-12 16:53:00,86.7
2025-06-12 19:44:00,68.5
2025-06-12 05:24:00,86.2
2025-06-12 04:33:00,73.5
2025-06-12 19:48:00,50.3
2025-06-12 16:48:00,82.1
2025-06-12 16:23:00,30.2
2025-06-12 00:56:00,50.25777465777466
2025-06-12 06:18:00,38.4
2025-06-12 07:04:00,43.5
2025-06-12 08:14:00,1.0
2025-06-12 01:28:00,77.8
2025-06-12 14:00:00,82.4
2025-06-12 02:08:00,80.3
2025-06-12 08:36:00,25.6
2025-06-12 01:20:00,0.5
2025-06-12 06:55:00,51.4
2025-06-12 12:35:00,27.6
2025-06-12 05:23:00,48.5
2025-06-12 12:48:00,66.1
2025-06-12 01:09:00,50.25777465777466
2025-06-12 09:06:00,84.7
2025-06-12 17:44:00,50.25777465777466
2025-06-12 14:16:00,73.6
2025-06-12 08:47:00,48.4
2025-06-12 00:29:00,52.4
2025-06-12 20:36:00,10.8
2025-06-12 06:00:00,43.8
2025-06-12 06:40:00,50.25777465777466
2025-06-12 15:00:00,29.7
2025-06-12 18:54:00,10.9
2025-06-12 04:44:00,33.7
2025-06-12 05:04:00,99.0
2025-06-12 08:32:00,33.0
2025-06-12 06:32:00,50.25777465777466
2025-06-12 19:02:00,50.25777465777466
2025-06-12 20:25:00,35.8
2025-06-12 15:08:00,24.1
2025-06-12 11:34:00,50.25777465777466
2025-06-12 04:11:00,50.25777465777466
2025-06-12 02:03:00,27.6
2025-06-12 14:49:00,23.5
2025-06-12 19:31:00,35.1
2025-06-12 20:40:00,4.8
2025-06-12 09:21:00,71.0
2025-06-12 20:16:00,99.2
2025-06-12 19:27:00,50.25777465777466
2025-06-12 00:35:00,83.0
2025-06-12 05:30:00,58.7
2025-06-12 21:07:00,50.25777465777466
2025-06-12 10:30:00,62.5
2025-06-12 15:55:00,58.4
2025-06-12 23:19:00,53.1
2025-06-12 17:31:00,50.25777465777466
2025-06-12 19:28:00,2.8
2025-06-12 10:40:00,21.1
2025-06-12 20:09:00,50.25777465777466
2025-06-12 02:59:00,45.8
2025-06-12 19:36:00,72.1
2025-06-12 16:02:00,50.25777465777466
2025-06-12 09:28:00,34.9
2025-06-12 19:06:00,72.4
2025-06-12 23:05:00,39.3
2025-06-12 13:40:00,3.2
2025-06-12 18:50:00,75.6
2025-06-12 21:52:00,77.7
2025-06-12 12:25:00,50.25777465777466
2025-06-12 23:00:00,6.6
2025-06-12 06:33:00,83.7
2025-06-12 05:56:00,21.0
2025-06-12 18:11:00,43.3
2025-06-12 06:38:00,50.25777465777466
2025-06-12 15:46:00,11.3
2025-06-12 22:22:00,50.25777465777466
2025-06-12 09:45:00,6.2
2025-06-12 13:32:00,32.0
2025-06-12 04:36:00,62.2
2025-06-12 23:16:00,70.4
2025-06-12 06:08:00,50.25777465777466
2025-06-12 06:29:00,81.7
2025-06-12 17:57:00,93.1
2025-06-12 05:17:00,34.6
2025-06-12 22:19:00,50.25777465777466
2025-06-12 08:20:00,50.25777465777466
2025-06-12 19:32:00,62.3
2025-06-12 09:29:00,49.7
2025-06-12 23:23:00,2.1
2025-06-12 14:08:00,22.7
2025-06-12 11:42:00,92.9
2025-06-12 23:01:00,24.6
2025-06-12 00:43:00,49.4
2025-06-12 01:56:00,79.8
2025-06-12 09:07:00,98.0
2025-06-12 09:11:00,62.2
2025-06-12 18:03:00,16.1
2025-06-12 21:26:00,70.2
2025-06-12 20:46:00,28.3
2025-06-12 02:25:00,69.8
2025-06-12 07:54:00,25.3
2025-06-12 19:13:00,34.8
2025-06-12 02:27:00,2.3
2025-06-12 07:59:00,96.2
2025-06-12 03:41:00,72.6
2025-06-12 17:36:00,74.5
2025-06-12 04:35:00,23.9
2025-06-12 14:46:00,40.9
2025-06-12 08:11:00,28.2
2025-06-12 15:06:00,69.4
2025-06-12 05:25:00,50.25777465777466
2025-06-12 21:05:00,29.3
2025-06-12 17:22:00,50.25777465777466
2025-06-12 05:55:00,67.4
2025-06-12 12:08:00,71.9
2025-06-12 20:19:00,15.0
2025-06-12 23:28:00,76.3
2025-06-12 08:29:00,83.8
2025-06-12 01:19:00,58.0
2025-06-12 03:10:00,28.2
2025-06-12 01:21:00,50.25777465777466
2025-06-12 03:28:00,20.3
2025-06-12 10:35:00,36.3
2025-06-12 13:45:00,80.2
2025-06-12 10:11:00,65.5
2025-06-12 01:43:00,84.5
2025-06-12 10:38:00,9.0
2025-06-12 04:03:00,8.2
2025-06-12 16:54:00,86.3
2025-06-12 01:36:00,34.7
2025-06-12 15:22:00,50.5
2025-06-12 03:59:00,59.3
2025-06-12 11:26:00,77.6
2025-06-12 16:55:00,55.7
2025-06-12 04:23:00,78.1
2025-06-12 16:04:00,68.1
2025-06-12 21:56:00,7.1
2025-06-12 03:21:00,72.5
2025-06-12 05:45:00,50.25777465777466
2025-06-12 19:15:00,52.1
2025-06-12 03:34:00,50.25777465777466
2025-06-12 22:25:00,5.9
2025-06-12 01:57:00,35.9
2025-06-12 12:55:00,31.3
2025-06-12 15:03:00,74.5
2025-06-12 12:45:00,50.25777465777466
2025-06-12 07:20:00,69.7
2025-06-12 16:33:00,49.9464552238806
2025-06-12 11:17:00,73.9
2025-06-12 01:59:00,49.5
2025-06-12 23:17:00,34.4
2025-06-12 12:16:00,50.9
2025-06-12 13:14:00,75.1
2025-06-12 08:00:00,49.9464552238806
2025-06-12 02:24:00,25.0
2025-06-12 09:38:00,87.7
2025-06-12 07:22:00,30.6
2025-06-12 14:11:00,49.9464552238806
2025-06-12 01:31:00,54.7
2025-06-12 06:45:00,49.9464552238806
2025-06-12 17:12:00,14.9
2025-06-12 12:04:00,27.6
2025-06-12 16:35:00,14.2
2025-06-12 15:44:00,63.5
2025-06-12 15:18:00,57.6
2025-06-12 10:07:00,96.3
2025-06-12 23:10:00,49.9464552238806
2025-06-12 03:13:00,18.4
2025-06-12 06:20:00,63.9
2025-06-12 07:58:00,55.6
2025-06-12 12:21:00,28.5
2025-06-12 21:51:00,49.9464552238806
2025-06-12 07:04:00,20.2
2025-06-12 22:28:00,49.9464552238806
2025-06-12 06:13:00,66.3
2025-06-12 00:44:00,49.9464552238806
2025-06-12 17:43:00,5.6
2025-06-12 13:53:00,78.1
2025-06-12 19:14:00,92.1
2025-06-12 06:31:00,49.9464552238806
2025-06-12 15:15:00,10.7
2025-06-12 07:34:00,25.6
2025-06-12 17:23:00,60.6
2025-06-12 02:38:00,11.1
2025-06-12 07:50:00,9.0
2025-06-12 09:25:00,37.8
2025-06-12 00:35:00,63.2
2025-06-12 00:03:00,47.6
2025-06-12 13:38:00,11.2
2025-06-12 23:28:00,79.7
2025-06-12 09:06:00,38.3
2025-06-12 08:37:00,33.7
2025-06-12 01:56:00,25.9
2025-06-12 16:55:00,49.9464552238806
2025-06-12 04:12:00,82.7
2025-06-12 09:07:00,62.1
2025-06-12 10:48:00,8.9
2025-06-12 13:34:00,62.1
2025-06-12 16:52:00,29.3
2025-06-12 06:54:00,62.0
2025-06-12 05:37:00,45.3
2025-06-12 13:45:00,24.3
2025-06-12 17:25:00,11.1
2025-06-12 07:55:00,38.3
2025-06-12 22:58:00,49.2
2025-06-12 08:53:00,7.0
2025-06-12 15:40:00,72.5
2025-06-12 16:01:00,81.5
2025-06-12 00:37:00,56.2
2025-06-12 04:58:00,53.1
2025-06-12 04:26:00,57.1
2025-06-12 10:53:00,23.4
2025-06-12 19:22:00,49.9464552238806
2025-06-12 10:55:00,23.8
2025-06-12 09:09:00,100.0
2025-06-12 09:35:00,73.0
2025-06-12 22:44:00,11.7
2025-06-12 10:52:00,24.2
2025-06-12 01:44:00,82.0
2025-06-12 23:07:00,68.4
2025-06-12 11:24:00,92.4
2025-06-12 19:37:00,49.9464552238806
2025-06-12 20:41:00,33.2
2025-06-12 22:34:00,26.5
2025-06-12 09:52:00,58.2
2025-06-12 10:02:00,10.6
2025-06-12 04:54:00,73.5
2025-06-12 10:01:00,73.3
2025-06-12 16:32:00,91.1
2025-06-12 23:45:00,19.0
2025-06-12 00:48:00,49.9464552238806
2025-06-12 15:10:00,1.9
2025-06-12 22:48:00,49.9464552238806
2025-06-12 11:32:00,49.9464552238806
2025-06-12 15:17:00,19.9
2025-06-12 16:40:00,80.6
2025-06-12 16:27:00,27.6
2025-06-12 10:10:00,3.6
2025-06-12 19:59:00,17.4
2025-06-12 04:34:00,89.6
2025-06-12 08:49:00,40.8
2025-06-12 15:28:00,48.8
2025-06-12 15:07:00,36.8
2025-06-12 03:00:00,36.1
2025-06-12 02:23:00,20.0
2025-06-12 12:30:00,5.1
2025-06-12 22:00:00,64.4
2025-06-12 05:11:00,19.2
2025-06-12 12:46:00,84.6
2025-06-12 12:01:00,61.2
2025-06-12 23:39:00,38.5
2025-06-12 23:37:00,49.9464552238806
2025-06-12 18:46:00,49.9464552238806
2025-06-12 17:47:00,49.9464552238806
2025-06-12 01:39:00,30.4
2025-06-12 06:51:00,49.9464552238806
2025-06-12 06:09:00,12.6
2025-06-12 05:27:00,92.5
2025-06-12 16:38:00,95.6
2025-06-12 07:54:00,61.9
2025-06-12 10:27:00,2.2
2025-06-12 18:34:00,70.3
2025-06-12 13:17:00,6.6
2025-06-12 06:03:00,17.2
2025-06-12 07:41:00,64.2
2025-06-12 07:42:00,44.5
2025-06-12 00:08:00,85.2
2025-06-12 08:29:00,100.0
2025-06-12 23:54:00,66.3
2025-06-12 06:01:00,37.1
2025-06-12 09:54:00,51.6
2025-06-12 06:58:00,91.7
2025-06-12 00:18:00,49.9464552238806
2025-06-12 17:22:00,93.6
2025-06-12 13:11:00,17.4
2025-06-12 09:30:00,49.9464552238806
2025-06-12 04:56:00,82.1
2025-06-12 14:20:00,46.2
2025-06-12 12:26:00,49.9464552238806
2025-06-12 07:02:00,37.3
2025-06-12 18:41:00,49.9464552238806
2025-06-12 16:15:00,49.9464552238806
2025-06-12 01:45:00,49.9464552238806
2025-06-12 17:58:00,17.0
2025-06-12 06:33:00,73.3
2025-06-12 13:57:00,33.0
2025-06-12 01:50:00,60.7
2025-06-12 03:30:00,65.7
2025-06-12 02:48:00,49.9464552238806
2025-06-12 03:25:00,22.4
2025-06-12 14:17:00,32.0
2025-06-12 01:09:00,74.8
2025-06-12 05:21:00,64.9
2025-06-12 14:37:00,49.9464552238806
2025-06-12 18:54:00,49.9464552238806
2025-06-12 18:51:00,74.4
2025-06-12 13:35:00,47.8
2025-06-12 06:29:00,26.3
2025-06-12 19:42:00,90.5
2025-06-12 07:11:00,44.0
2025-06-12 02:09:00,71.0
2025-06-12 00:14:00,12.2
2025-06-12 02:46:00,55.1
2025-06-12 15:53:00,96.3
2025-06-12 17:49:00,8.2
2025-06-12 18:40:00,49.9464552238806
2025-06-12 21:00:00,12.5
2025-06-12 16:20:00,43.6
2025-06-12 13:27:00,27.1
2025-06-12 14:49:00,85.3
2025-06-12 01:07:00,46.2
2025-06-12 23:08:00,68.8
2025-06-12 20:18:00,74.9
2025-06-12 14:42:00,49.9464552238806
2025-06-12 09:39:00,75.2
2025-06-12 19:49:00,49.9464552238806
2025-06-12 09:23:00,42.8
2025-06-12 06:21:00,84.3
2025-06-12 08:35:00,46.7
2025-06-12 16:14:00,91.9
2025-06-12 01:01:00,15.6
2025-06-12 16:57:00,49.9464552238806
2025-06-12 13:22:00,41.6
2025-06-12 06:47:00,54.1
2025-06-12 20:20:00,18.6
2025-06-12 17:11:00,37.2
2025-06-12 01:24:00,1.8
2025-06-12 08:27:00,89.5
2025-06-12 14:52:00,49.9464552238806
2025-06-12 05:43:00,49.9464552238806
2025-06-12 23:51:00,99.6
2025-06-12 12:35:00,49.9464552238806
2025-06-12 06:53:00,68.6
2025-06-12 01:53:00,89.2
2025-06-12 06:10:00,52.7
2025-06-12 15:54:00,84.9
2025-06-12 00:56:00,50.7
2025-06-12 11:39:00,23.1
2025-06-12 00:34:00,49.9464552238806
2025-06-12 01:06:00,40.7
2025-06-12 21:33:00,24.0
2025-06-12 22:50:00,36.7
2025-06-12 21:46:00,12.3
2025-06-12 04:53:00,98.6
2025-06-12 10:46:00,94.3
2025-06-12 13:18:00,83.2
2025-06-12 17:18:00,55.2
2025-06-12 09:49:00,49.9464552238806
2025-06-12 03:21:00,92.8
2025-06-12 21:03:00,55.4
2025-06-12 19:17:00,76.7
2025-06-12 11:13:00,33.4
2025-06-12 07:37:00,96.3
2025-06-12 17:26:00,49.9464552238806
2025-06-12 23:02:00,12.0
2025-06-12 05:33:00,65.4
2025-06-12 12:36:00,74.8
2025-06-12 22:20:00,21.2
2025-06-12 03:38:00,43.3
2025-06-12 10:21:00,0.2
2025-06-12 22:46:00,49.9464552238806
2025-06-12 16:44:00,37.8
2025-06-12 14:16:00,50.9
2025-06-12 20:09:00,82.1
2025-06-12 20:19:00,49.9464552238806
2025-06-12 14:48:00,68.2
2025-06-12 09:34:00,39.6
2025-06-12 05:15:00,34.9
2025-06-12 13:01:00,64.8
2025-06-12 22:21:00,51.3
2025-06-12 17:57:00,0.9
2025-06-12 16:51:00,54.8
2025-06-12 21:47:00,56.0
2025-06-12 06:19:00,49.9464552238806
2025-06-12 09:44:00,76.8
2025-06-12 19:11:00,16.4
2025-06-12 10:39:00,11.3
2025-06-12 05:24:00,45.5
2025-06-12 13:43:00,22.2
2025-06-12 03:04:00,89.0
2025-06-12 22:41:00,4.4
2025-06-12 08:46:00,19.2
2025-06-12 05:20:00,2.6
2025-06-12 18:29:00,49.9464552238806
2025-06-12 12:38:00,19.7
2025-06-12 07:17:00,49.9464552238806
2025-06-12 15:12:00,2.1
2025-06-12 07:26:00,72.4
2025-06-12 09:31:00,11.9
2025-06-12 06:23:00,91.3
2025-06-12 15:16:00,70.5
2025-06-12 15:22:00,8.3
2025-06-12 08:41:00,18.1
2025-06-12 00:00:00,94.5
2025-06-12 02:37:00,49.1
2025-06-12 06:17:00,96.1
2025-06-12 03:24:00,13.1
2025-06-12 05:55:00,47.2
2025-06-12 17:29:00,94.8
2025-06-12 13:50:00,6.6
2025-06-12 07:23:00,68.3
2025-06-12 09:42:00,49.9464552238806
2025-06-12 14:26:00,17.7
2025-06-12 18:56:00,49.9464552238806
2025-06-12 04:32:00,49.9464552238806
2025-06-12 11:05:00,88.1
2025-06-12 19:30:00,2.0
2025-06-12 20:39:00,49.9464552238806
2025-06-12 17:03:00,36.3
2025-06-12 15:09:00,34.5
2025-06-12 19:29:00,46.2
2025-06-12 16:46:00,35.6
2025-06-12 02:21:00,49.9464552238806
2025-06-12 22:32:00,49.9464552238806
2025-06-12 05:02:00,11.2
2025-06-12 06:32:00,45.8
2025-06-12 16:31:00,78.2
2025-06-12 14:41:00,45.6
2025-06-12 19:53:00,49.9464552238806
2025-06-12 03:22:00,30.5
2025-06-12 06:40:00,19.3
2025-06-12 05:51:00,89.5
2025-06-12 18:25:00,49.9464552238806
2025-06-12 13:36:00,22.1
2025-06-12 01:47:00,67.1
2025-06-12 15:31:00,5.3
2025-06-12 10:44:00,25.7
2025-06-12 03:03:00,30.7
2025-06-12 07:09:00,52.7
2025-06-12 02:51:00,27.4
2025-06-12 17:40:00,8.3
2025-06-12 03:43:00,39.3
2025-06-12 02:42:00,68.9
2025-06-12 15:47:00,99.1
2025-06-12 21:38:00,57.6
2025-06-12 17:17:00,85.6
2025-06-12 18:44:00,55.3
2025-06-12 15:41:00,49.9464552238806
2025-06-12 17:48:00,11.4
2025-06-12 15:21:00,49.9464552238806
2025-06-12 17:04:00,78.2
2025-06-12 07:39:00,99.0
2025-06-12 02:59:00,1.5
2025-06-12 15:30:00,49.9464552238806
2025-06-12 14:21:00,15.7
2025-06-12 23:11:00,57.4
2025-06-12 16:42:00,98.2
2025-06-12 22:05:00,49.742524640779
2025-06-12 21:26:00,96.1
2025-06-12 11:03:00,64.5
2025-06-12 16:48:00,66.8
2025-06-12 16:47:00,11.5
2025-06-12 03:35:00,49.742524640779
2025-06-12 23:37:00,12.5
2025-06-12 16:50:00,32.2
2025-06-12 11:27:00,21.7
2025-06-12 23:49:00,78.2
2025-06-12 02:53:00,40.1
2025-06-12 01:43:00,61.7
2025-06-12 07:47:00,70.7
2025-06-12 10:10:00,83.4
2025-06-12 03:26:00,10.0
2025-06-12 00:48:00,28.0
2025-06-12 02:12:00,24.4
2025-06-12 13:15:00,21.3
2025-06-12 09:07:00,49.742524640779
2025-06-12 01:09:00,49.742524640779
2025-06-12 13:28:00,68.2
2025-06-12 07:14:00,49.742524640779
2025-06-12 22:57:00,19.2
2025-06-12 14:32:00,70.4
2025-06-12 17:03:00,2.4
2025-06-12 13:44:00,26.9
2025-06-12 20:09:00,66.0
2025-06-12 09:27:00,42.6
2025-06-12 00:09:00,13.3
2025-06-12 08:10:00,81.9
2025-06-12 18:05:00,58.2
2025-06-12 18:38:00,14.3
2025-06-12 06:47:00,30.9
2025-06-12 13:57:00,86.2
2025-06-12 06:34:00,99.0
2025-06-12 21:58:00,84.8
2025-06-12 20:06:00,46.5
2025-06-12 00:04:00,35.3
2025-06-12 21:06:00,50.9
2025-06-12 12:55:00,49.2
2025-06-12 10:32:00,42.8
2025-06-12 13:47:00,65.5
2025-06-12 07:29:00,32.3
2025-06-12 18:51:00,50.7
2025-06-12 19:35:00,4.6
2025-06-12 10:11:00,54.0
2025-06-12 07:35:00,49.742524640779
2025-06-12 12:05:00,30.9
2025-06-12 13:21:00,49.742524640779
2025-06-12 05:08:00,12.2
2025-06-12 08:12:00,43.9
2025-06-12 02:00:00,12.2
2025-06-12 17:46:00,49.742524640779
2025-06-12 15:04:00,53.9
2025-06-12 10:21:00,92.8
2025-06-12 21:45:00,56.9
2025-06-12 16:39:00,0.7
2025-06-12 08:42:00,11.1
2025-06-12 00:44:00,22.5
2025-06-12 06:51:00,96.2
2025-06-12 16:43:00,33.3
2025-06-12 21:57:00,28.9
2025-06-12 08:19:00,49.742524640779
2025-06-12 04:23:00,99.9
2025-06-12 15:17:00,49.742524640779
2025-06-12 02:31:00,1.1
2025-06-12 20:16:00,8.2
2025-06-12 22:15:00,49.742524640779
2025-06-12 22:32:00,46.2
2025-06-12 13:01:00,53.4
2025-06-12 19:59:00,38.9
2025-06-12 09:35:00,74.5
2025-06-12 13:27:00,85.1
2025-06-12 10:29:00,42.4
2025-06-12 23:06:00,46.7
2025-06-12 23:08:00,15.4
2025-06-12 04:51:00,46.6
2025-06-12 22:35:00,49.742524640779
2025-06-12 16:05:00,6.8
2025-06-12 21:01:00,24.4
2025-06-12 01:30:00,50.1
2025-06-12 18:19:00,9.6
2025-06-12 03:41:00,67.7
2025-06-12 02:18:00,92.9
2025-06-12 05:32:00,24.0
2025-06-12 10:47:00,70.7
2025-06-12 10:41:00,28.0
2025-06-12 21:51:00,7.6
2025-06-12 09:09:00,31.9
2025-06-12 13:07:00,49.742524640779
2025-06-12 10:39:00,48.4
2025-06-12 10:53:00,39.0
2025-06-12 00:37:00,17.8
2025-06-12 07:27:00,49.742524640779
2025-06-12 17:24:00,61.6
2025-06-12 17:06:00,35.1
2025-06-12 07:11:00,92.2
2025-06-12 10:07:00,96.0
2025-06-12 19:44:00,78.4
2025-06-12 04:05:00,90.3
2025-06-12 13:17:00,88.6
2025-06-12 14:55:00,69.9
2025-06-12 17:57:00,17.7
2025-06-12 23:53:00,42.6
2025-06-12 17:13:00,60.2
2025-06-12 21:38:00,16.8
2025-06-12 03:05:00,26.6
2025-06-12 09:46:00,25.0
2025-06-12 13:23:00,40.1
2025-06-12 19:04:00,67.9
2025-06-12 12:53:00,2.8
2025-06-12 17:59:00,71.1
2025-06-12 22:33:00,20.8
2025-06-12 21:03:00,45.7
2025-06-12 02:08:00,49.742524640779
2025-06-12 11:59:00,10.5
2025-06-12 03:22:00,82.6
2025-06-12 19:52:00,38.1
2025-06-12 22:09:00,48.4
2025-06-12 14:03:00,87.8
2025-06-12 21:12:00,88.6
2025-06-12 11:36:00,2.4
2025-06-12 20:48:00,49.742524640779
2025-06-12 10:00:00,69.4
2025-06-12 16:21:00,66.7
2025-06-12 07:18:00,25.8
2025-06-12 16:37:00,53.0
2025-06-12 09:40:00,32.3
2025-06-12 19:46:00,49.742524640779
2025-06-12 13:18:00,54.2
2025-06-12 06:06:00,39.6
2025-06-12 15:21:00,80.4
2025-06-12 22:54:00,12.7
2025-06-12 05:27:00,7.8
2025-06-12 17:25:00,32.4
2025-06-12 03:24:00,46.1
2025-06-12 09:41:00,49.742524640779
2025-06-12 08:55:00,7.1
2025-06-12 15:33:00,5.5
2025-06-12 21:08:00,71.5
2025-06-12 06:07:00,6.4
2025-06-12 02:09:00,34.1
2025-06-12 12:11:00,55.6
2025-06-12 11:54:00,57.7
2025-06-12 17:35:00,48.0
2025-06-12 05:09:00,49.742524640779
2025-06-12 01:46:00,39.8
2025-06-12 18:22:00,95.2
2025-06-12 02:25:00,87.4
2025-06-12 03:47:00,68.1
2025-06-12 15:11:00,86.9
2025-06-12 08:39:00,50.8
2025-06-12 19:05:00,38.5
2025-06-12 14:48:00,85.0
2025-06-12 04:18:00,54.2
2025-06-12 04:35:00,20.0
2025-06-12 04:29:00,73.5
2025-06-12 11:42:00,19.0
2025-06-12 06:09:00,0.2
2025-06-12 07:37:00,27.2
2025-06-12 16:10:00,13.0
2025-06-12 13:08:00,76.0
2025-06-12 19:20:00,79.2
2025-06-12 08:54:00,82.1
2025-06-12 09:42:00,71.3
2025-06-12 20:29:00,12.3
2025-06-12 18:03:00,85.0
2025-06-12 08:18:00,14.8
2025-06-12 20:22:00,49.5
2025-06-12 05:53:00,31.3
2025-06-12 05:33:00,87.3
2025-06-12 23:33:00,53.0
2025-06-12 01:10:00,35.9
2025-06-12 14:21:00,78.9
2025-06-12 19:34:00,39.5
2025-06-12 03:44:00,21.3
2025-06-12 14:36:00,81.3
2025-06-12 12:35:00,57.0
2025-06-12 07:57:00,0.7
2025-06-12 13:46:00,49.742524640779
2025-06-12 13:39:00,52.1
2025-06-12 21:10:00,20.8
2025-06-12 10:23:00,61.7
2025-06-12 06:05:00,22.9
2025-06-12 18:01:00,49.742524640779
2025-06-12 13:04:00,29.1
2025-06-12 01:52:00,91.7
2025-06-12 21:43:00,35.6
2025-06-12 07:06:00,46.1
2025-06-12 10:03:00,49.742524640779
2025-06-12 09:44:00,70.5
2025-06-12 06:13:00,98.3
2025-06-12 11:40:00,13.3
2025-06-12 03:21:00,4.1
2025-06-12 20:27:00,69.0
2025-06-12 23:38:00,70.6
2025-06-12 05:56:00,49.742524640779
2025-06-12 17:00:00,99.3
2025-06-12 23:36:00,93.1
2025-06-12 07:08:00,95.6
2025-06-12 22:23:00,49.742524640779
2025-06-12 23:47:00,49.742524640779
2025-06-12 09:38:00,31.0
2025-06-12 19:19:00,49.742524640779
2025-06-12 03:53:00,45.5
2025-06-12 05:02:00,61.4
2025-06-12 22:18:00,32.1
2025-06-12 11:51:00,36.0
2025-06-12 08:27:00,44.4
2025-06-12 22:21:00,89.5
2025-06-12 03:33:00,89.5
2025-06-12 11:49:00,1.7
2025-06-12 20:51:00,75.3
2025-06-12 05:28:00,3.1
2025-06-12 16:34:00,25.2
2025-06-12 02:46:00,52.8
2025-06-12 23:01:00,49.742524640779
2025-06-12 05:04:00,42.0
2025-06-12 01:34:00,62.3
2025-06-12 14:39:00,69.2
2025-06-12 04:54:00,36.3
2025-06-12 13:38:00,47.4
2025-06-12 01:02:00,49.742524640779
2025-06-12 18:46:00,23.4
2025-06-12 16:35:00,59.1
2025-06-12 21:52:00,40.1
2025-06-12 22:37:00,49.742524640779
2025-06-12 19:36:00,1.1
2025-06-12 15:53:00,96.6
2025-06-12 08:46:00,56.4
2025-06-12 06:45:00,68.2
2025-06-12 00:41:00,53.9
2025-06-12 13:33:00,49.742524640779
2025-06-12 04:42:00,49.742524640779
2025-06-12 03:58:00,3.3
2025-06-12 19:40:00,1.0
2025-06-12 17:55:00,17.3
2025-06-12 23:25:00,49.742524640779
2025-06-12 08:11:00,57.3
2025-06-12 21:20:00,49.742524640779
2025-06-12 17:22:00,92.3
2025-06-12 22:14:00,5.0
2025-06-12 18:00:00,71.6
2025-06-12 15:29:00,29.4
2025-06-12 22:46:00,62.5
2025-06-12 15:35:00,8.8
2025-06-12 06:32:00,56.0
2025-06-12 14:12:00,90.0
2025-06-12 02:44:00,52.8
2025-06-12 16:36:00,37.9
2025-06-12 03:37:00,6.6
2025-06-12 09:47:00,48.0
2025-06-12 12:06:00,85.5
2025-06-12 08:41:00,30.3
2025-06-12 19:31:00,26.4
2025-06-12 18:12:00,49.742524640779
2025-06-12 05:43:00,49.742524640779
2025-06-12 17:49:00,49.0
2025-06-12 13:50:00,49.742524640779
2025-06-12 16:06:00,46.9
2025-06-12 21:04:00,67.9
2025-06-12 13:16:00,20.0
2025-06-12 17:27:00,53.0
2025-06-12 00:12:00,98.2
2025-06-12 13:22:00,71.7
2025-06-12 20:49:00,38.7
2025-06-12 15:31:00,70.0
2025-06-12 01:26:00,22.7
2025-06-12 06:40:00,61.1
2025-06-12 07:43:00,83.8
2025-06-12 08:56:00,41.0
2025-06-12 12:57:00,65.4
2025-06-12 20:08:00,76.2
2025-06-12 07:23:00,49.742524640779
2025-06-12 08:23:00,72.4
2025-06-12 03:14:00,24.5
2025-06-12 04:43:00,49.742524640779
2025-06-12 16:13:00,62.1
2025-06-12 01:22:00,88.6
2025-06-12 01:59:00,49.742524640779
2025-06-12 23:13:00,15.6
2025-06-12 20:31:00,11.9
2025-06-12 15:23:00,10.4
2025-06-12 02:58:00,7.6
2025-06-12 13:55:00,40.2
2025-06-12 11:34:00,49.742524640779
2025-06-12 05:57:00,68.9
2025-06-12 22:24:00,93.2
2025-06-12 02:39:00,60.7
2025-06-12 03:59:00,6.5
2025-06-12 12:12:00,74.4
2025-06-12 09:00:00,50.1
2025-06-12 19:00:00,49.742524640779
2025-06-12 18:17:00,7.2
2025-06-12 16:52:00,6.7
2025-06-12 00:19:00,96.6
2025-06-12 17:52:00,64.7
2025-06-12 01:28:00,97.8
2025-06-12 17:42:00,0.0
2025-06-12 19:57:00,13.2
2025-06-12 18:48:00,95.7
2025-06-12 18:20:00,50.09606761356967
2025-06-12 09:31:00,5.9
2025-06-12 11:35:00,50.09606761356967
2025-06-12 06:50:00,44.9
2025-06-12 15:28:00,77.9
2025-06-12 03:12:00,50.09606761356967
2025-06-12 09:00:00,47.7
2025-06-12 05:31:00,42.1
2025-06-12 20:11:00,21.5
2025-06-12 03:21:00,75.7
2025-06-12 06:02:00,1.8
2025-06-12 11:11:00,70.0
2025-06-12 08:41:00,70.6
2025-06-12 23:17:00,45.2
2025-06-12 21:38:00,19.9
2025-06-12 13:09:00,50.09606761356967
2025-06-12 12:36:00,50.09606761356967
2025-06-12 16:09:00,84.1
2025-06-12 12:29:00,17.0
2025-06-12 13:32:00,53.3
2025-06-12 08:08:00,59.5
2025-06-12 10:24:00,32.5
2025-06-12 01:20:00,42.6
2025-06-12 02:43:00,57.6
2025-06-12 15:38:00,42.5
2025-06-12 15:36:00,59.7
2025-06-12 10:04:00,38.0
2025-06-12 17:38:00,35.5
2025-06-12 16:39:00,70.6
2025-06-12 08:55:00,69.7
2025-06-12 15:41:00,70.6
2025-06-12 02:59:00,50.09606761356967
2025-06-12 23:22:00,3.7
2025-06-12 16:02:00,66.5
2025-06-12 09:15:00,49.9
2025-06-12 07:35:00,94.8
2025-06-12 03:51:00,60.8
2025-06-12 07:47:00,9.7
2025-06-12 21:14:00,50.09606761356967
2025-06-12 07:06:00,33.6
2025-06-12 23:41:00,80.7
2025-06-12 15:10:00,11.6
2025-06-12 11:49:00,86.0
2025-06-12 11:50:00,10.3
2025-06-12 16:06:00,29.6
2025-06-12 04:24:00,50.09606761356967
2025-06-12 00:23:00,34.5
2025-06-12 21:44:00,70.6
2025-06-12 20:52:00,64.7
2025-06-12 09:18:00,56.0
2025-06-12 07:04:00,7.5
2025-06-12 08:43:00,32.6
2025-06-12 22:52:00,38.0
2025-06-12 23:31:00,13.6
2025-06-12 14:46:00,31.7
2025-06-12 02:18:00,34.2
2025-06-12 12:05:00,17.9
2025-06-12 10:45:00,48.6
2025-06-12 00:31:00,50.09606761356967
2025-06-12 11:18:00,94.2
2025-06-12 21:42:00,38.4
2025-06-12 15:52:00,73.4
2025-06-12 18:18:00,74.9
2025-06-12 05:34:00,53.3
2025-06-12 00:16:00,34.7
2025-06-12 16:41:00,6.1
2025-06-12 06:48:00,83.0
2025-06-12 19:37:00,57.5
2025-06-12 01:34:00,29.2
2025-06-12 14:22:00,3.5
2025-06-12 08:49:00,21.9
2025-06-12 23:42:00,68.0
2025-06-12 17:17:00,18.7
2025-06-12 18:50:00,48.5
2025-06-12 05:23:00,94.3
2025-06-12 22:12:00,55.4
2025-06-12 20:16:00,50.09606761356967
2025-06-12 06:07:00,24.6
2025-06-12 13:00:00,29.0
2025-06-12 05:42:00,50.09606761356967
2025-06-12 09:49:00,99.0
2025-06-12 10:47:00,96.4
2025-06-12 05:18:00,47.6
2025-06-12 09:52:00,2.8
2025-06-12 03:15:00,91.5
2025-06-12 21:53:00,17.2
2025-06-12 10:48:00,19.2
2025-06-12 07:02:00,50.09606761356967
2025-06-12 05:48:00,37.6
2025-06-12 03:33:00,79.9
2025-06-12 14:55:00,13.1
2025-06-12 19:27:00,92.8
2025-06-12 10:57:00,80.2
2025-06-12 02:06:00,72.1
2025-06-12 23:55:00,97.2
2025-06-12 23:46:00,51.6
2025-06-12 17:59:00,50.09606761356967
2025-06-12 23:33:00,26.3
2025-06-12 00:46:00,50.09606761356967
2025-06-12 07:09:00,47.7
2025-06-12 16:46:00,60.6
2025-06-12 17:13:00,41.6
2025-06-12 20:43:00,19.0
2025-06-12 01:56:00,56.8
2025-06-12 21:04:00,26.1
2025-06-12 01:47:00,81.7
2025-06-12 07:53:00,24.3
2025-06-12 00:18:00,69.4
2025-06-12 00:24:00,85.0
2025-06-12 04:11:00,53.4
2025-06-12 15:18:00,32.9
2025-06-12 17:23:00,6.8
2025-06-12 18:23:00,59.7
2025-06-12 17:34:00,88.7
2025-06-12 17:31:00,70.9
2025-06-12 12:08:00,46.3
2025-06-12 15:34:00,68.7
2025-06-12 09:06:00,50.09606761356967
2025-06-12 03:22:00,3.1
2025-06-12 10:42:00,50.09606761356967
2025-06-12 04:03:00,57.4
2025-06-12 00:11:00,37.8
2025-06-12 05:17:00,50.09606761356967
2025-06-12 22:49:00,43.7
2025-06-12 19:35:00,5.0
2025-06-12 21:41:00,9.2
2025-06-12 02:46:00,38.9
2025-06-12 01:51:00,61.8
2025-06-12 13:03:00,23.7
2025-06-12 00:04:00,50.09606761356967
2025-06-12 14:18:00,26.6
2025-06-12 19:33:00,47.3
2025-06-12 04:27:00,50.09606761356967
2025-06-12 13:31:00,5.6
2025-06-12 09:10:00,63.6
2025-06-12 15:15:00,69.5
2025-06-12 19:17:00,50.09606761356967
2025-06-12 02:39:00,31.8
2025-06-12 14:43:00,6.0
2025-06-12 12:48:00,50.09606761356967
2025-06-12 19:40:00,79.5
2025-06-12 20:34:00,21.3
2025-06-12 12:24:00,70.7
2025-06-12 18:59:00,50.09606761356967
2025-06-12 10:46:00,71.8
2025-06-12 16:05:00,33.1
2025-06-12 17:00:00,14.8
2025-06-12 13:44:00,51.3
2025-06-12 19:51:00,54.5
2025-06-12 02:02:00,17.0
2025-06-12 19:11:00,27.3
2025-06-12 09:32:00,91.0
2025-06-12 01:19:00,77.8
2025-06-12 21:16:00,57.9
2025-06-12 19:14:00,63.6
2025-06-12 02:47:00,12.6
2025-06-12 00:33:00,24.5
2025-06-12 19:28:00,26.2
2025-06-12 06:49:00,50.09606761356967
2025-06-12 01:06:00,83.3
2025-06-12 10:30:00,44.9
2025-06-12 14:29:00,50.09606761356967
2025-06-12 22:50:00,69.2
2025-06-12 11:39:00,8.8
2025-06-12 04:43:00,35.2
2025-06-12 17:53:00,77.9
2025-06-12 19:31:00,59.4
2025-06-12 12:20:00,85.8
2025-06-12 07:48:00,30.0
2025-06-12 18:33:00,50.09606761356967
2025-06-12 09:21:00,96.6
2025-06-12 11:34:00,57.2
2025-06-12 23:11:00,29.4
2025-06-12 08:26:00,2.0
2025-06-12 04:48:00,18.8
2025-06-12 14:24:00,12.8
2025-06-12 17:06:00,80.8
2025-06-12 20:09:00,34.7
2025-06-12 21:35:00,31.1
2025-06-12 13:49:00,83.3
2025-06-12 20:55:00,24.7
2025-06-12 22:39:00,63.4
2025-06-12 21:43:00,59.8
2025-06-12 08:34:00,13.1
2025-06-12 01:14:00,50.2
2025-06-12 06:30:00,82.9
2025-06-12 13:20:00,50.09606761356967
2025-06-12 21:55:00,17.4
2025-06-12 19:38:00,47.5
2025-06-12 03:23:00,50.09606761356967
2025-06-12 02:55:00,3.3
2025-06-12 10:31:00,84.8
2025-06-12 05:08:00,29.9
2025-06-12 14:41:00,3.5
2025-06-12 11:58:00,38.9
2025-06-12 06:34:00,56.1
2025-06-12 02:29:00,46.9
2025-06-12 09:53:00,37.5
2025-06-12 03:42:00,2.1
2025-06-12 02:58:00,59.4
2025-06-12 09:20:00,50.09606761356967
2025-06-12 10:58:00,50.09606761356967
2025-06-12 02:11:00,51.4
2025-06-12 05:52:00,29.3
2025-06-12 18:53:00,75.1
2025-06-12 04:25:00,98.8
2025-06-12 06:38:00,92.6
2025-06-12 07:58:00,50.09606761356967
2025-06-12 12:04:00,38.3
2025-06-12 12:07:00,50.09606761356967
2025-06-12 00:09:00,15.9
2025-06-12 04:39:00,43.2
2025-06-12 04:36:00,25.4
2025-06-12 02:54:00,71.8
2025-06-12 00:48:00,69.5
2025-06-12 11:57:00,72.7
2025-06-12 22:23:00,76.9
2025-06-12 17:22:00,26.4
2025-06-12 05:19:00,15.3
2025-06-12 00:45:00,5.6
2025-06-12 05:35:00,45.3
2025-06-12 23:47:00,1.5
2025-06-12 00:38:00,51.9
2025-06-12 17:47:00,33.7
2025-06-12 18:49:00,1.7
2025-06-12 14:30:00,14.5
2025-06-12 18:03:00,83.9
2025-06-12 10:29:00,2.4
2025-06-12 16:55:00,25.6
2025-06-12 16:49:00,50.09606761356967
2025-06-12 05:02:00,35.8
2025-06-12 22:08:00,50.09606761356967
2025-06-12 19:54:00,14.2
2025-06-12 05:28:00,75.9
2025-06-12 18:24:00,30.4
2025-06-12 20:06:00,24.3
2025-06-12 02:56:00,72.1
2025-06-12 19:34:00,62.5
2025-06-12 08:21:00,8.0
2025-06-12 19:02:00,40.9
2025-06-12 23:43:00,79.9
2025-06-12 06:21:00,50.09606761356967
2025-06-12 12:10:00,70.4
2025-06-12 23:15:00,25.3
2025-06-12 19:49:00,82.1
2025-06-12 03:55:00,3.4
2025-06-12 07:51:00,4.1
2025-06-12 00:41:00,50.09606761356967
2025-06-12 22:31:00,10.5
2025-06-12 14:07:00,50.09606761356967
2025-06-12 06:45:00,98.5
2025-06-12 23:02:00,85.3
2025-06-12 10:17:00,60.4
2025-06-12 00:34:00,51.4
2025-06-12 18:36:00,83.9
2025-06-12 02:36:00,38.8
2025-06-12 06:43:00,70.5
2025-06-12 21:09:00,97.4
2025-06-12 19:47:00,16.7
2025-06-12 06:31:00,2.2
2025-06-12 17:16:00,62.9
2025-06-12 21:56:00,60.2
2025-06-12 01:07:00,50.09606761356967
2025-06-12 09:16:00,57.8
2025-06-12 17:21:00,50.09606761356967
2025-06-12 20:42:00,80.2
2025-06-12 13:18:00,93.2
2025-06-12 07:39:00,50.09606761356967
2025-06-12 17:12:00,50.09606761356967
2025-06-12 05:33:00,78.6
2025-06-12 12:42:00,10.8
2025-06-12 14:06:00,50.09606761356967
2025-06-12 18:31:00,74.4
2025-06-12 15:08:00,25.5
2025-06-12 11:52:00,98.7
2025-06-12 18:11:00,50.09606761356967
2025-06-12 02:51:00,89.6
2025-06-12 15:17:00,92.7
2025-06-12 12:17:00,4.0
2025-06-12 16:53:00,50.09606761356967
2025-06-12 17:19:00,33.0
2025-06-12 16:48:00,78.2
2025-06-12 16:30:00,37.3
2025-06-12 01:01:00,92.6
2025-06-12 06:18:00,35.7
2025-06-12 18:48:00,33.3
2025-06-12 11:48:00,32.1
2025-06-12 22:32:00,17.7
2025-06-12 20:05:00,39.6
2025-06-12 16:26:00,6.3
2025-06-12 17:40:00,22.0
2025-06-12 09:42:00,10.1
2025-06-12 08:05:00,50.09606761356967
2025-06-12 15:04:00,11.1
2025-06-12 15:27:00,74.9
2025-06-12 08:39:00,49.952608030142464
2025-06-12 03:18:00,52.6
2025-06-12 01:15:00,83.6
2025-06-12 08:07:00,7.2
2025-06-12 09:25:00,22.0
2025-06-12 15:34:00,11.1
2025-06-12 13:16:00,91.6
2025-06-12 11:07:00,69.7
2025-06-12 19:58:00,24.3
2025-06-12 15:07:00,24.5
2025-06-12 15:29:00,60.7
2025-06-12 06:33:00,49.952608030142464
2025-06-12 15:50:00,49.952608030142464
2025-06-12 02:47:00,20.4
2025-06-12 12:32:00,98.3
2025-06-12 22:53:00,86.9
2025-06-12 09:15:00,42.9
2025-06-12 06:42:00,60.5
2025-06-12 02:01:00,76.6
2025-06-12 00:44:00,56.1
2025-06-12 09:11:00,20.9
2025-06-12 20:20:00,17.4
2025-06-12 13:21:00,49.952608030142464
2025-06-12 02:23:00,47.8
2025-06-12 07:25:00,49.952608030142464
2025-06-12 19:05:00,11.9
2025-06-12 16:25:00,66.8
2025-06-12 17:12:00,9.3
2025-06-12 03:11:00,42.1
2025-06-12 23:05:00,49.952608030142464
2025-06-12 13:04:00,65.9
2025-06-12 14:41:00,35.0
2025-06-12 15:06:00,95.5
2025-06-12 00:03:00,72.7
2025-06-12 20:02:00,60.8
2025-06-12 20:04:00,54.7
2025-06-12 14:22:00,49.952608030142464
2025-06-12 05:44:00,10.0
2025-06-12 09:46:00,27.4
2025-06-12 09:52:00,67.6
2025-06-12 05:58:00,86.9
2025-06-12 18:42:00,49.952608030142464
2025-06-12 12:39:00,19.2
2025-06-12 12:20:00,51.9
2025-06-12 03:23:00,39.9
2025-06-12 22:03:00,99.1
2025-06-12 05:14:00,49.952608030142464
2025-06-12 20:46:00,16.7
2025-06-12 07:31:00,49.952608030142464
2025-06-12 18:20:00,22.7
2025-06-12 05:17:00,52.2
2025-06-12 12:22:00,49.952608030142464
2025-06-12 11:21:00,49.952608030142464
2025-06-12 18:13:00,62.9
2025-06-12 17:50:00,14.5
2025-06-12 12:49:00,60.3
2025-06-12 19:32:00,61.5
2025-06-12 05:43:00,56.2
2025-06-12 23:28:00,92.7
2025-06-12 23:44:00,75.2
2025-06-12 19:33:00,49.952608030142464
2025-06-12 10:19:00,8.8
2025-06-12 10:56:00,59.8
2025-06-12 07:20:00,94.6
2025-06-12 04:46:00,66.2
2025-06-12 01:22:00,87.2
2025-06-12 09:30:00,5.8
2025-06-12 10:38:00,47.1
2025-06-12 06:31:00,15.1
2025-06-12 19:44:00,22.7
2025-06-12 07:02:00,15.9
2025-06-12 22:19:00,34.8
2025-06-12 08:05:00,69.0
2025-06-12 03:42:00,36.5
2025-06-12 12:45:00,51.3
2025-06-12 07:23:00,91.4
2025-06-12 22:37:00,33.9
2025-06-12 11:31:00,30.0
2025-06-12 06:59:00,10.1
2025-06-12 16:33:00,27.3
2025-06-12 01:40:00,12.7
2025-06-12 18:34:00,81.8
2025-06-12 04:36:00,60.3
2025-06-12 19:00:00,46.0
2025-06-12 13:57:00,59.3
2025-06-12 02:26:00,30.0
2025-06-12 08:56:00,85.3
2025-06-12 10:57:00,65.9
2025-06-12 03:53:00,62.2
2025-06-12 18:55:00,49.952608030142464
2025-06-12 00:04:00,55.3
2025-06-12 16:46:00,24.7
2025-06-12 07:01:00,79.3
2025-06-12 18:15:00,62.2
2025-06-12 08:24:00,17.5
2025-06-12 00:38:00,29.3
2025-06-12 14:01:00,63.3
2025-06-12 10:40:00,26.6
2025-06-12 05:41:00,81.6
2025-06-12 08:13:00,55.9
2025-06-12 06:57:00,95.9
2025-06-12 02:07:00,16.9
2025-06-12 21:24:00,78.1
2025-06-12 13:37:00,32.5
2025-06-12 19:36:00,9.6
2025-06-12 22:20:00,13.8
2025-06-12 15:24:00,49.952608030142464
2025-06-12 09:10:00,87.9
2025-06-12 04:27:00,39.5
2025-06-12 18:36:00,94.1
2025-06-12 14:21:00,62.8
2025-06-12 05:53:00,92.5
2025-06-12 22:47:00,8.5
2025-06-12 14:12:00,77.3
2025-06-12 10:41:00,49.952608030142464
2025-06-12 21:13:00,48.5
2025-06-12 22:46:00,55.5
2025-06-12 19:31:00,76.2
2025-06-12 15:21:00,22.1
2025-06-12 04:26:00,86.0
2025-06-12 09:20:00,54.5
2025-06-12 23:13:00,19.3
2025-06-12 20:47:00,30.5
2025-06-12 09:43:00,24.2
2025-06-12 19:04:00,19.2
2025-06-12 02:36:00,67.2
2025-06-12 08:00:00,85.1
2025-06-12 01:13:00,83.0
2025-06-12 08:51:00,47.0
2025-06-12 10:29:00,26.0
2025-06-12 14:46:00,49.952608030142464
2025-06-12 04:03:00,76.6
2025-06-12 17:00:00,49.952608030142464
2025-06-12 22:27:00,54.7
2025-06-12 03:57:00,31.0
2025-06-12 15:15:00,23.2
2025-06-12 11:34:00,54.5
2025-06-12 02:03:00,20.2
2025-06-12 00:24:00,86.2
2025-06-12 07:00:00,13.0
2025-06-12 08:42:00,49.952608030142464
2025-06-12 02:16:00,9.6
2025-06-12 05:39:00,13.8
2025-06-12 22:42:00,41.6
2025-06-12 18:22:00,88.3
2025-06-12 14:25:00,55.2
2025-06-12 01:18:00,10.6
2025-06-12 04:57:00,92.2
2025-06-12 08:25:00,24.7
2025-06-12 22:59:00,84.6
2025-06-12 05:47:00,7.3
2025-06-12 03:43:00,71.9
2025-06-12 01:02:00,32.1
2025-06-12 23:29:00,32.8
2025-06-12 19:55:00,79.2
2025-06-12 06:18:00,36.4
2025-06-12 17:27:00,96.9
2025-06-12 18:49:00,23.5
2025-06-12 01:36:00,66.1
2025-06-12 15:00:00,15.7
2025-06-12 22:14:00,65.3
2025-06-12 17:54:00,51.9
2025-06-12 18:03:00,68.3
2025-06-12 13:54:00,84.6
2025-06-12 17:35:00,57.9
2025-06-12 17:56:00,15.1
2025-06-12 09:19:00,89.9
2025-06-12 18:08:00,0.9
2025-06-12 18:23:00,3.6
2025-06-12 06:03:00,27.9
2025-06-12 04:50:00,92.1
2025-06-12 19:46:00,1.5
2025-06-12 01:31:00,9.7
2025-06-12 14:17:00,49.952608030142464
2025-06-12 22:40:00,38.0
2025-06-12 04:59:00,69.6
2025-06-12 10:33:00,50.7
2025-06-12 02:45:00,79.3
2025-06-12 04:09:00,93.0
2025-06-12 18:28:00,85.0
2025-06-12 04:30:00,91.7
2025-06-12 20:56:00,82.8
2025-06-12 04:40:00,59.7
2025-06-12 22:45:00,49.952608030142464
2025-06-12 18:46:00,35.0
2025-06-12 18:37:00,58.3
2025-06-12 15:36:00,49.952608030142464
2025-06-12 21:54:00,27.3
2025-06-12 15:14:00,95.1
2025-06-12 09:57:00,83.7
2025-06-12 03:00:00,49.952608030142464
2025-06-12 00:29:00,49.952608030142464
2025-06-12 04:51:00,17.1
2025-06-12 11:44:00,69.0
2025-06-12 11:18:00,58.4
2025-06-12 03:25:00,42.2
2025-06-12 07:41:00,94.8
2025-06-12 22:28:00,66.8
2025-06-12 02:11:00,49.952608030142464
2025-06-12 21:05:00,0.6
2025-06-12 20:36:00,88.9
2025-06-12 17:39:00,87.2
2025-06-12 02:54:00,70.2
2025-06-12 16:29:00,49.952608030142464
2025-06-12 00:58:00,49.952608030142464
2025-06-12 02:08:00,85.1
2025-06-12 19:03:00,48.6
2025-06-12 11:58:00,49.952608030142464
2025-06-12 02:24:00,77.3
2025-06-12 18:59:00,34.5
2025-06-12 15:03:00,88.3
2025-06-12 22:57:00,76.2
2025-06-12 00:05:00,49.952608030142464
2025-06-12 15:44:00,35.7
2025-06-12 11:20:00,25.2
2025-06-12 18:53:00,27.9
2025-06-12 19:47:00,34.1
2025-06-12 12:51:00,27.8
2025-06-12 02:04:00,49.952608030142464
2025-06-12 08:52:00,99.3
2025-06-12 18:27:00,5.0
2025-06-12 22:16:00,49.952608030142464
2025-06-12 20:52:00,49.952608030142464
2025-06-12 01:09:00,87.0
2025-06-12 16:54:00,50.8
2025-06-12 18:39:00,21.5
2025-06-12 22:33:00,42.4
2025-06-12 04:14:00,27.9
2025-06-12 17:01:00,49.952608030142464
2025-06-12 10:05:00,38.2
2025-06-12 19:43:00,49.952608030142464
2025-06-12 02:12:00,4.7
2025-06-12 02:41:00,49.952608030142464
2025-06-12 21:38:00,49.952608030142464
2025-06-12 11:47:00,49.952608030142464
2025-06-12 21:57:00,22.1
2025-06-12 21:09:00,15.5
2025-06-12 08:17:00,6.9
2025-06-12 13:51:00,34.8
2025-06-12 10:32:00,84.7
2025-06-12 16:53:00,95.5
2025-06-12 02:37:00,79.5
2025-06-12 01:30:00,70.2
2025-06-12 15:02:00,0.7
2025-06-12 07:28:00,5.4
2025-06-12 20:35:00,9.6
2025-06-12 05:26:00,10.3
2025-06-12 05:31:00,12.0
2025-06-12 16:07:00,77.6
2025-06-12 04:48:00,10.5
2025-06-12 09:05:00,76.1
2025-06-12 16:24:00,49.952608030142464
2025-06-12 18:56:00,27.2
2025-06-12 10:39:00,85.9
2025-06-12 15:35:00,24.9
2025-06-12 21:25:00,85.1
2025-06-12 00:16:00,5.9
2025-06-12 12:30:00,45.7
2025-06-12 20:19:00,88.0
2025-06-12 12:13:00,49.952608030142464
2025-06-12 17:51:00,84.3
2025-06-12 18:07:00,21.5
2025-06-12 18:48:00,14.2
2025-06-12 20:33:00,3.7
2025-06-12 06:56:00,79.6
2025-06-12 08:22:00,18.7
2025-06-12 02:48:00,20.6
2025-06-12 03:32:00,28.4
2025-06-12 21:18:00,49.952608030142464
2025-06-12 08:14:00,12.2
2025-06-12 03:07:00,47.7
2025-06-12 14:08:00,77.6
2025-06-12 03:52:00,28.1
2025-06-12 03:10:00,61.4
2025-06-12 00:07:00,82.0
2025-06-12 15:39:00,32.9
2025-06-12 09:37:00,97.9
2025-06-12 18:13:00,29.2
2025-06-12 06:41:00,50.21640523646657
2025-06-12 21:30:00,27.3
2025-06-12 16:21:00,50.21640523646657
2025-06-12 17:38:00,50.21640523646657
2025-06-12 17:00:00,40.3
2025-06-12 02:53:00,93.0
2025-06-12 14:21:00,82.4
2025-06-12 05:45:00,29.4
2025-06-12 18:41:00,59.0
2025-06-12 02:41:00,8.2
2025-06-12 19:55:00,64.1
2025-06-12 00:51:00,93.0
2025-06-12 06:36:00,90.5
2025-06-12 21:20:00,26.0
2025-06-12 15:23:00,76.1
2025-06-12 16:55:00,78.8
2025-06-12 21:42:00,69.5
2025-06-12 15:24:00,18.9
2025-06-12 00:19:00,38.3
2025-06-12 15:47:00,7.8
2025-06-12 13:26:00,55.6
2025-06-12 22:17:00,66.5
2025-06-12 04:26:00,18.8
2025-06-12 00:22:00,91.0
2025-06-12 18:10:00,93.6
2025-06-12 22:14:00,50.21640523646657
2025-06-12 15:50:00,50.21640523646657
2025-06-12 21:34:00,92.1
2025-06-12 21:37:00,97.7
2025-06-12 01:38:00,1.4
2025-06-12 01:51:00,36.8
2025-06-12 18:21:00,16.4
2025-06-12 04:32:00,50.21640523646657
2025-06-12 21:55:00,82.9
2025-06-12 04:27:00,76.5
2025-06-12 00:58:00,34.2
2025-06-12 20:08:00,94.4
2025-06-12 20:11:00,50.21640523646657
2025-06-12 10:52:00,80.4
2025-06-12 09:55:00,50.21640523646657
2025-06-12 03:00:00,97.9
2025-06-12 13:29:00,86.4
2025-06-12 00:38:00,76.4
2025-06-12 10:04:00,50.21640523646657
2025-06-12 23:37:00,99.2
2025-06-12 18:39:00,68.1
2025-06-12 20:52:00,4.6
2025-06-12 02:12:00,36.9
2025-06-12 14:03:00,50.21640523646657
2025-06-12 11:03:00,77.8
2025-06-12 08:17:00,11.2
2025-06-12 19:42:00,91.1
2025-06-12 14:37:00,9.6
2025-06-12 13:35:00,50.21640523646657
2025-06-12 06:20:00,26.5
2025-06-12 23:09:00,44.6
2025-06-12 05:23:00,34.4
2025-06-12 03:08:00,36.1
2025-06-12 11:11:00,50.21640523646657
2025-06-12 23:30:00,40.3
2025-06-12 07:41:00,19.0
2025-06-12 15:38:00,52.7
2025-06-12 00:31:00,66.7
2025-06-12 14:33:00,83.1
2025-06-12 03:07:00,16.8
2025-06-12 12:40:00,41.1
2025-06-12 12:20:00,50.21640523646657
2025-06-12 22:13:00,17.1
2025-06-12 08:07:00,55.2
2025-06-12 14:25:00,9.4
2025-06-12 03:19:00,50.21640523646657
2025-06-12 01:02:00,50.21640523646657
2025-06-12 01:10:00,26.8
2025-06-12 11:36:00,50.21640523646657
2025-06-12 23:16:00,70.2
2025-06-12 23:32:00,60.0
2025-06-12 00:03:00,64.0
2025-06-12 00:27:00,31.5
2025-06-12 06:08:00,75.9
2025-06-12 22:53:00,71.5
2025-06-12 09:42:00,92.7
2025-06-12 10:29:00,35.2
2025-06-12 08:24:00,40.8
2025-06-12 22:18:00,46.6
2025-06-12 05:12:00,81.1
2025-06-12 03:14:00,75.1
2025-06-12 23:17:00,50.21640523646657
2025-06-12 21:41:00,50.21640523646657
2025-06-12 11:58:00,50.21640523646657
2025-06-12 19:00:00,54.8
2025-06-12 11:12:00,30.2
2025-06-12 13:36:00,18.8
2025-06-12 18:12:00,13.4
2025-06-12 03:39:00,50.21640523646657
2025-06-12 12:21:00,51.6
2025-06-12 06:59:00,11.9
2025-06-12 06:21:00,30.9
2025-06-12 03:18:00,97.4
2025-06-12 17:18:00,81.8
2025-06-12 19:16:00,70.3
2025-06-12 21:24:00,98.3
2025-06-12 22:51:00,24.6
2025-06-12 10:55:00,30.8
2025-06-12 19:03:00,57.0
2025-06-12 02:03:00,40.0
2025-06-12 16:41:00,30.6
2025-06-12 01:20:00,21.5
2025-06-12 05:14:00,90.3
2025-06-12 13:12:00,23.5
2025-06-12 19:39:00,72.9
2025-06-12 06:28:00,50.21640523646657
2025-06-12 15:54:00,44.3
2025-06-12 16:17:00,60.4
2025-06-12 19:23:00,0.1
2025-06-12 19:25:00,28.9
2025-06-12 16:43:00,50.21640523646657
2025-06-12 11:49:00,36.1
2025-06-12 09:50:00,50.21640523646657
2025-06-12 00:33:00,68.0
2025-06-12 05:09:00,50.21640523646657
2025-06-12 16:48:00,36.0
2025-06-12 18:52:00,97.5
2025-06-12 08:28:00,76.1
2025-06-12 08:09:00,14.6
2025-06-12 11:13:00,10.1
2025-06-12 13:51:00,11.9
2025-06-12 16:53:00,91.6
2025-06-12 01:59:00,56.1
2025-06-12 03:09:00,67.4
2025-06-12 07:36:00,50.21640523646657
2025-06-12 14:12:00,47.6
2025-06-12 11:33:00,12.8
2025-06-12 07:01:00,50.21640523646657
2025-06-12 17:01:00,84.1
2025-06-12 00:05:00,50.21640523646657
2025-06-12 20:21:00,81.4
2025-06-12 08:46:00,94.7
2025-06-12 10:36:00,50.21640523646657
2025-06-12 04:52:00,50.21640523646657
2025-06-12 14:48:00,71.5
2025-06-12 02:17:00,89.6
2025-06-12 16:37:00,51.8
2025-06-12 12:54:00,63.7
2025-06-12 12:04:00,50.21640523646657
2025-06-12 06:46:00,82.2
2025-06-12 13:33:00,59.0
2025-06-12 21:48:00,33.4
2025-06-12 16:27:00,76.2
2025-06-12 03:41:00,27.6
2025-06-12 17:09:00,88.9
2025-06-12 21:18:00,37.4
2025-06-12 16:22:00,61.0
2025-06-12 06:56:00,40.9
2025-06-12 00:30:00,2.6
2025-06-12 14:36:00,82.3
2025-06-12 23:36:00,79.7
2025-06-12 21:16:00,26.5
2025-06-12 08:58:00,50.21640523646657
2025-06-12 22:41:00,58.8
2025-06-12 07:07:00,60.3
2025-06-12 19:11:00,65.2
2025-06-12 06:13:00,50.21640523646657
2025-06-12 03:13:00,24.0
2025-06-12 16:26:00,67.6
2025-06-12 17:46:00,9.4
2025-06-12 04:17:00,22.8
2025-06-12 01:21:00,45.0
2025-06-12 11:07:00,2.1
2025-06-12 01:45:00,42.1
2025-06-12 07:48:00,7.3
2025-06-12 01:32:00,50.21640523646657
2025-06-12 20:31:00,17.7
2025-06-12 05:32:00,13.6
2025-06-12 15:44:00,50.6
2025-06-12 23:27:00,62.6
2025-06-12 09:03:00,97.6
2025-06-12 21:44:00,75.4
2025-06-12 05:44:00,83.1
2025-06-12 02:02:00,96.9
2025-06-12 22:26:00,6.0
2025-06-12 17:58:00,5.8
2025-06-12 03:55:00,24.5
2025-06-12 10:47:00,50.21640523646657
2025-06-12 17:45:00,50.21640523646657
2025-06-12 19:50:00,50.21640523646657
2025-06-12 04:11:00,87.0
2025-06-12 19:35:00,64.1
2025-06-12 09:14:00,38.3
2025-06-12 06:57:00,46.0
2025-06-12 12:24:00,3.6
2025-06-12 05:58:00,24.2
2025-06-12 02:00:00,34.7
2025-06-12 21:52:00,48.9
2025-06-12 15:22:00,72.1
2025-06-12 19:45:00,16.0
2025-06-12 07:57:00,64.3
2025-06-12 08:05:00,78.1
2025-06-12 09:01:00,50.21640523646657
2025-06-12 12:46:00,54.4
2025-06-12 15:30:00,11.4
2025-06-12 18:08:00,85.2
2025-06-12 01:37:00,46.6
2025-06-12 03:35:00,60.1
2025-06-12 09:02:00,18.6
2025-06-12 01:35:00,70.8
2025-06-12 02:52:00,5.4
2025-06-12 23:19:00,31.5
2025-06-12 20:59:00,58.1
2025-06-12 19:36:00,42.8
2025-06-12 01:07:00,46.9
2025-06-12 17:24:00,3.7
2025-06-12 10:31:00,9.8
2025-06-12 05:02:00,98.3
2025-06-12 21:49:00,12.0
2025-06-12 15:29:00,81.3
2025-06-12 03:24:00,97.6
2025-06-12 07:16:00,22.4
2025-06-12 14:34:00,31.6
2025-06-12 19:01:00,50.21640523646657
2025-06-12 21:21:00,76.2
2025-06-12 15:10:00,4.5
2025-06-12 15:59:00,63.9
2025-06-12 13:19:00,41.1
2025-06-12 13:41:00,40.1
2025-06-12 07:09:00,50.21640523646657
2025-06-12 03:56:00,90.4
2025-06-12 02:45:00,99.2
2025-06-12 07:46:00,50.21640523646657
2025-06-12 08:29:00,50.21640523646657
2025-06-12 23:08:00,78.6
2025-06-12 16:09:00,85.4
2025-06-12 11:16:00,32.4
2025-06-12 04:48:00,50.21640523646657
2025-06-12 09:48:00,28.0
2025-06-12 03:21:00,55.7
2025-06-12 04:25:00,50.21640523646657
2025-06-12 07:03:00,93.4
2025-06-12 21:22:00,86.8
2025-06-12 09:13:00,96.3
2025-06-12 16:56:00,30.3
2025-06-12 21:59:00,19.1
2025-06-12 22:09:00,50.21640523646657
2025-06-12 22:23:00,77.9
2025-06-12 12:06:00,50.21640523646657
2025-06-12 07:28:00,25.0
2025-06-12 13:52:00,80.2
2025-06-12 00:52:00,32.2
2025-06-12 22:42:00,54.1
2025-06-12 17:20:00,3.4
2025-06-12 17:56:00,51.7
2025-06-12 08:12:00,50.21640523646657
2025-06-12 21:15:00,91.0
2025-06-12 09:52:00,19.6
2025-06-12 23:41:00,50.9
2025-06-12 05:10:00,87.8
2025-06-12 00:44:00,50.21640523646657
2025-06-12 12:48:00,60.1
2025-06-12 11:56:00,34.5
2025-06-12 12:01:00,70.1
2025-06-12 20:51:00,54.3
2025-06-12 08:59:00,61.1
2025-06-12 20:46:00,71.7
2025-06-12 14:13:00,46.5
2025-06-12 17:22:00,92.7
2025-06-12 09:33:00,81.4
2025-06-12 17:53:00,76.0
2025-06-12 17:39:00,92.6
2025-06-12 20:24:00,40.5
2025-06-12 19:59:00,79.2
2025-06-12 23:42:00,45.0
2025-06-12 18:16:00,17.0
2025-06-12 01:52:00,42.6
2025-06-12 10:23:00,42.7
2025-06-12 06:23:00,21.0
2025-06-12 06:12:00,56.1
2025-06-12 19:51:00,50.21640523646657
2025-06-12 22:44:00,50.21640523646657
2025-06-12 04:33:00,46.2
2025-06-12 18:47:00,91.5
2025-06-12 23:52:00,34.9
2025-06-12 00:35:00,90.2
2025-06-12 16:24:00,28.1
2025-06-12 02:56:00,22.1
2025-06-12 01:47:00,13.3
2025-06-12 01:26:00,92.2
2025-06-12 10:01:00,66.6
2025-06-12 18:56:00,4.9
2025-06-12 18:38:00,62.5
2025-06-12 10:11:00,39.0
2025-06-12 13:39:00,50.21640523646657
2025-06-12 00:40:00,14.7
2025-06-12 15:27:00,56.6
2025-06-12 22:00:00,66.8
2025-06-12 09:36:00,92.5
2025-06-12 02:40:00,22.3
2025-06-12 06:49:00,61.0
2025-06-12 11:17:00,59.7
2025-06-12 23:18:00,32.0
2025-06-12 18:42:00,3.4
2025-06-12 09:45:00,63.7
2025-06-12 21:31:00,8.0
2025-06-12 02:22:00,90.9
2025-06-12 15:16:00,49.70408187272085
2025-06-12 21:16:00,98.2
2025-06-12 14:06:00,93.2
2025-06-12 08:28:00,77.3
2025-06-12 04:54:00,31.3
2025-06-12 02:49:00,19.7
2025-06-12 02:08:00,49.70408187272085
2025-06-12 00:32:00,22.6
2025-06-12 04:47:00,80.3
2025-06-12 13:18:00,44.9
2025-06-12 15:06:00,79.1
2025-06-12 04:15:00,66.0
2025-06-12 23:13:00,72.8
2025-06-12 05:30:00,94.4
2025-06-12 13:56:00,80.3
2025-06-12 17:18:00,57.9
2025-06-12 10:58:00,56.4
2025-06-12 06:52:00,49.70408187272085
2025-06-12 16:32:00,49.9
2025-06-12 22:23:00,97.5
2025-06-12 19:41:00,55.6
2025-06-12 21:41:00,49.70408187272085
2025-06-12 10:55:00,3.9
2025-06-12 14:40:00,46.0
2025-06-12 18:35:00,8.8
2025-06-12 14:10:00,77.6
2025-06-12 20:28:00,58.3
2025-06-12 11:02:00,72.7
2025-06-12 03:31:00,64.3
2025-06-12 07:37:00,49.70408187272085
2025-06-12 23:02:00,10.4
2025-06-12 08:04:00,75.1
2025-06-12 10:51:00,70.3
2025-06-12 21:18:00,9.5
2025-06-12 15:48:00,60.5
2025-06-12 10:26:00,49.70408187272085
2025-06-12 19:24:00,97.1
2025-06-12 20:58:00,49.70408187272085
2025-06-12 21:56:00,43.9
2025-06-12 20:21:00,32.1
2025-06-12 03:42:00,31.1
2025-06-12 15:10:00,29.0
2025-06-12 21:22:00,32.2
2025-06-12 03:06:00,49.70408187272085
2025-06-12 04:00:00,4.4
2025-06-12 08:37:00,20.5
2025-06-12 12:57:00,51.7
2025-06-12 19:53:00,24.5
2025-06-12 03:50:00,56.0
2025-06-12 04:56:00,9.8
2025-06-12 05:53:00,76.7
2025-06-12 19:29:00,49.3
2025-06-12 16:24:00,82.9
2025-06-12 09:39:00,92.2
2025-06-12 10:41:00,49.70408187272085
2025-06-12 05:19:00,46.1
2025-06-12 19:59:00,78.5
2025-06-12 14:12:00,49.70408187272085
2025-06-12 14:16:00,78.4
2025-06-12 02:40:00,49.70408187272085
2025-06-12 00:46:00,56.2
2025-06-12 22:31:00,96.1
2025-06-12 05:08:00,19.7
2025-06-12 04:01:00,14.7
2025-06-12 15:30:00,36.8
2025-06-12 02:38:00,55.1
2025-06-12 20:17:00,96.1
2025-06-12 02:59:00,86.0
2025-06-12 09:46:00,94.7
2025-06-12 14:22:00,46.8
2025-06-12 01:07:00,50.0
2025-06-12 00:37:00,49.70408187272085
2025-06-12 12:53:00,10.3
2025-06-12 23:46:00,47.9
2025-06-12 13:05:00,0.6
2025-06-12 18:19:00,35.1
2025-06-12 04:57:00,22.2
2025-06-12 04:31:00,42.4
2025-06-12 20:25:00,73.7
2025-06-12 23:05:00,89.1
2025-06-12 07:12:00,71.3
2025-06-12 03:20:00,43.0
2025-06-12 18:00:00,91.4
2025-06-12 22:17:00,58.8
2025-06-12 14:43:00,49.70408187272085
2025-06-12 23:40:00,26.7
2025-06-12 05:54:00,8.3
2025-06-12 03:24:00,64.3
2025-06-12 17:29:00,49.70408187272085
2025-06-12 12:54:00,64.8
2025-06-12 13:22:00,49.70408187272085
2025-06-12 21:49:00,64.6
2025-06-12 06:05:00,65.6
2025-06-12 03:29:00,49.70408187272085
2025-06-12 23:21:00,49.70408187272085
2025-06-12 05:05:00,81.4
2025-06-12 23:25:00,27.7
2025-06-12 13:52:00,35.1
2025-06-12 06:40:00,61.2
2025-06-12 21:51:00,56.7
2025-06-12 17:22:00,47.0
2025-06-12 13:36:00,31.3
2025-06-12 21:29:00,28.8
2025-06-12 20:36:00,48.0
2025-06-12 12:16:00,3.0
2025-06-12 21:08:00,78.2
2025-06-12 12:50:00,81.0
2025-06-12 14:27:00,97.6
2025-06-12 04:40:00,77.5
2025-06-12 13:33:00,54.3
2025-06-12 20:07:00,17.5
2025-06-12 16:37:00,72.9
2025-06-12 18:32:00,88.4
2025-06-12 20:13:00,49.70408187272085
2025-06-12 00:56:00,0.5
2025-06-12 07:39:00,35.1
2025-06-12 03:16:00,56.8
2025-06-12 12:10:00,90.3
2025-06-12 22:56:00,49.70408187272085
2025-06-12 03:47:00,49.70408187272085
2025-06-12 20:01:00,23.8
2025-06-12 19:13:00,87.9
2025-06-12 06:41:00,49.70408187272085
2025-06-12 03:26:00,67.9
2025-06-12 22:48:00,50.6
2025-06-12 15:32:00,61.3
2025-06-12 08:15:00,74.5
2025-06-12 21:54:00,19.6
2025-06-12 04:14:00,91.0
2025-06-12 21:58:00,49.70408187272085
2025-06-12 23:35:00,49.70408187272085
2025-06-12 20:16:00,12.5
2025-06-12 03:59:00,19.3
2025-06-12 08:26:00,49.70408187272085
2025-06-12 03:12:00,47.3
2025-06-12 14:11:00,61.5
2025-06-12 13:04:00,5.3
2025-06-12 22:33:00,50.6
2025-06-12 01:05:00,82.6
2025-06-12 09:04:00,66.8
2025-06-12 12:52:00,49.70408187272085
2025-06-12 18:16:00,47.9
2025-06-12 03:44:00,63.8
2025-06-12 13:35:00,34.9
2025-06-12 15:23:00,86.2
2025-06-12 15:27:00,41.1
2025-06-12 02:03:00,0.8
2025-06-12 07:09:00,56.8
2025-06-12 10:09:00,31.1
2025-06-12 10:18:00,50.3
2025-06-12 06:21:00,96.0
2025-06-12 19:23:00,43.7
2025-06-12 15:29:00,49.70408187272085
2025-06-12 00:45:00,49.70408187272085
2025-06-12 04:48:00,24.9
2025-06-12 07:44:00,9.7
2025-06-12 05:52:00,31.8
2025-06-12 23:14:00,2.6
2025-06-12 04:24:00,49.70408187272085
2025-06-12 05:18:00,54.7
2025-06-12 05:07:00,76.4
2025-06-12 03:37:00,49.6
2025-06-12 13:47:00,63.6
2025-06-12 18:36:00,67.8
2025-06-12 06:29:00,56.0
2025-06-12 04:06:00,91.1
2025-06-12 03:49:00,61.9
2025-06-12 17:36:00,18.7
2025-06-12 00:59:00,77.3
2025-06-12 11:20:00,58.7
2025-06-12 07:11:00,29.1
2025-06-12 06:04:00,56.9
2025-06-12 22:18:00,13.5
2025-06-12 22:26:00,24.6
2025-06-12 01:58:00,49.70408187272085
2025-06-12 03:51:00,34.0
2025-06-12 22:44:00,2.6
2025-06-12 23:52:00,20.7
2025-06-12 05:09:00,1.9
2025-06-12 12:44:00,82.4
2025-06-12 01:53:00,10.7
2025-06-12 04:23:00,49.70408187272085
2025-06-12 05:33:00,61.2
2025-06-12 13:14:00,3.2
2025-06-12 22:50:00,49.70408187272085
2025-06-12 06:23:00,90.1
2025-06-12 07:21:00,4.5
2025-06-12 11:15:00,49.70408187272085
2025-06-12 20:48:00,19.9
2025-06-12 19:43:00,49.70408187272085
2025-06-12 07:50:00,25.2
2025-06-12 17:39:00,27.3
2025-06-12 06:22:00,16.6
2025-06-12 17:21:00,39.7
2025-06-12 06:31:00,34.8
2025-06-12 08:57:00,87.2
2025-06-12 20:20:00,49.70408187272085
2025-06-12 14:58:00,37.2
2025-06-12 16:14:00,34.2
2025-06-12 09:07:00,6.8
2025-06-12 06:59:00,88.6
2025-06-12 01:45:00,49.70408187272085
2025-06-12 17:25:00,33.1
2025-06-12 06:12:00,49.70408187272085
2025-06-12 12:40:00,70.5
2025-06-12 17:17:00,85.6
2025-06-12 18:51:00,13.3
2025-06-12 08:29:00,49.70408187272085
2025-06-12 08:16:00,26.0
2025-06-12 18:38:00,8.8
2025-06-12 12:34:00,42.8
2025-06-12 11:57:00,73.4
2025-06-12 10:21:00,60.0
2025-06-12 01:20:00,28.4
2025-06-12 00:03:00,89.4
2025-06-12 03:35:00,76.9
2025-06-12 18:15:00,58.6
2025-06-12 20:59:00,59.1
2025-06-12 17:52:00,22.7
2025-06-12 18:47:00,7.3
2025-06-12 02:54:00,33.2
2025-06-12 17:04:00,28.8
2025-06-12 17:43:00,49.70408187272085
2025-06-12 23:36:00,64.3
2025-06-12 05:14:00,14.8
2025-06-12 00:12:00,35.8
2025-06-12 00:14:00,49.70408187272085
2025-06-12 01:50:00,18.1
2025-06-12 03:25:00,19.0
2025-06-12 15:55:00,6.2
2025-06-12 11:51:00,10.1
2025-06-12 13:17:00,47.4
2025-06-12 04:35:00,53.5
2025-06-12 01:48:00,83.2
2025-06-12 11:44:00,16.9
2025-06-12 22:38:00,2.4
2025-06-12 12:00:00,27.3
2025-06-12 06:03:00,75.6
2025-06-12 19:15:00,49.70408187272085
2025-06-12 01:10:00,49.70408187272085
2025-06-12 16:01:00,13.1
2025-06-12 10:06:00,22.5
2025-06-12 13:29:00,40.6
2025-06-12 04:28:00,3.8
2025-06-12 17:45:00,51.3
2025-06-12 14:57:00,26.1
2025-06-12 21:26:00,7.9
2025-06-12 07:41:00,49.70408187272085
2025-06-12 16:38:00,79.6
2025-06-12 03:23:00,49.70408187272085
2025-06-12 15:34:00,4.9
2025-06-12 02:13:00,73.2
2025-06-12 18:25:00,0.2
2025-06-12 18:58:00,15.7
2025-06-12 09:55:00,85.3
2025-06-12 00:30:00,33.3
2025-06-12 04:43:00,55.9
2025-06-12 16:26:00,68.9
2025-06-12 12:36:00,87.1
2025-06-12 16:55:00,92.2
2025-06-12 22:08:00,92.3
2025-06-12 08:08:00,15.3
2025-06-12 06:01:00,94.4
2025-06-12 08:19:00,55.7
2025-06-12 18:43:00,69.1
2025-06-12 08:56:00,84.0
2025-06-12 08:48:00,91.0
2025-06-12 04:37:00,1.6
2025-06-12 04:30:00,55.7
2025-06-12 01:17:00,49.70408187272085
2025-06-12 06:57:00,88.9
2025-06-12 16:36:00,8.8
2025-06-12 00:40:00,56.4
2025-06-12 16:35:00,13.9
2025-06-12 22:21:00,23.8
2025-06-12 22:35:00,14.9
2025-06-12 04:51:00,39.6
2025-06-12 14:04:00,49.3
2025-06-12 16:16:00,49.70408187272085
2025-06-12 16:54:00,59.6
2025-06-12 17:31:00,4.2
2025-06-12 02:50:00,9.9
2025-06-12 13:39:00,49.70408187272085
2025-06-12 14:14:00,4.8
2025-06-12 08:32:00,59.4
2025-06-12 03:14:00,58.1
2025-06-12 17:35:00,50.4
2025-06-12 22:42:00,15.6
2025-06-12 18:37:00,6.2
2025-06-12 20:34:00,59.0
2025-06-12 22:40:00,38.4
2025-06-12 14:18:00,58.7
2025-06-12 08:41:00,85.8
2025-06-12 00:35:00,85.6
2025-06-12 09:40:00,15.3
2025-06-12 23:08:00,14.1
2025-06-12 07:05:00,32.2
2025-06-12 15:41:00,98.8
2025-06-12 22:03:00,62.3
2025-06-12 02:46:00,50.1110094970102
2025-06-12 16:43:00,50.1110094970102
2025-06-12 13:37:00,64.2
2025-06-12 19:28:00,50.1110094970102
2025-06-12 15:35:00,77.9
2025-06-12 08:56:00,83.3
2025-06-12 02:19:00,67.8
2025-06-12 01:07:00,17.3
2025-06-12 13:45:00,73.5
2025-06-12 09:56:00,85.6
2025-06-12 19:25:00,82.4
2025-06-12 04:16:00,24.0
2025-06-12 09:21:00,68.8
2025-06-12 19:13:00,9.4
2025-06-12 06:48:00,47.8
2025-06-12 09:04:00,50.1110094970102
2025-06-12 23:47:00,99.5
2025-06-12 09:07:00,52.3
2025-06-12 17:24:00,94.4
2025-06-12 14:16:00,81.0
2025-06-12 02:12:00,19.3
2025-06-12 19:54:00,3.5
2025-06-12 21:21:00,32.3
2025-06-12 07:37:00,50.1110094970102
2025-06-12 16:17:00,16.4
2025-06-12 11:11:00,68.0
2025-06-12 13:36:00,58.4
2025-06-12 22:42:00,92.1
2025-06-12 02:16:00,1.6
2025-06-12 09:53:00,80.8
2025-06-12 09:29:00,27.4
2025-06-12 21:54:00,99.2
2025-06-12 08:02:00,93.1
2025-06-12 01:53:00,94.2
2025-06-12 04:57:00,50.1110094970102
2025-06-12 14:47:00,50.1110094970102
2025-06-12 03:47:00,25.6
2025-06-12 10:31:00,87.9
2025-06-12 08:23:00,50.1110094970102
2025-06-12 21:32:00,47.1
2025-06-12 06:53:00,35.8
2025-06-12 08:58:00,40.1
2025-06-12 03:44:00,50.1110094970102
2025-06-12 23:22:00,41.0
2025-06-12 00:38:00,21.1
2025-06-12 20:53:00,99.1
2025-06-12 05:31:00,50.1110094970102
2025-06-12 04:04:00,34.8
2025-06-12 12:30:00,61.3
2025-06-12 08:53:00,35.0
2025-06-12 12:54:00,78.8
2025-06-12 12:06:00,18.2
2025-06-12 10:09:00,94.1
2025-06-12 16:31:00,12.2
2025-06-12 18:42:00,50.1110094970102
2025-06-12 01:47:00,50.1110094970102
2025-06-12 03:49:00,58.0
2025-06-12 19:31:00,59.0
2025-06-12 15:03:00,52.4
2025-06-12 20:19:00,86.4
2025-06-12 18:16:00,15.5
2025-06-12 12:29:00,4.5
2025-06-12 13:06:00,35.3
2025-06-12 23:02:00,50.1110094970102
2025-06-12 19:48:00,81.9
2025-06-12 14:39:00,92.1
2025-06-12 00:37:00,41.0
2025-06-12 00:40:00,41.6
2025-06-12 16:30:00,33.7
2025-06-12 06:06:00,50.1110094970102
2025-06-12 16:07:00,37.1
2025-06-12 15:55:00,21.8
2025-06-12 01:40:00,60.2
2025-06-12 18:41:00,74.0
2025-06-12 14:30:00,30.1
2025-06-12 12:43:00,50.1110094970102
2025-06-12 09:57:00,24.0
2025-06-12 11:00:00,26.0
2025-06-12 11:12:00,50.1110094970102
2025-06-12 02:37:00,78.5
2025-06-12 08:51:00,23.8
2025-06-12 14:35:00,93.8
2025-06-12 12:24:00,75.4
2025-06-12 06:34:00,62.4
2025-06-12 14:09:00,79.6
2025-06-12 23:13:00,50.1110094970102
2025-06-12 12:49:00,61.8
2025-06-12 13:04:00,85.7
2025-06-12 23:59:00,31.5
2025-06-12 00:11:00,95.6
2025-06-12 01:39:00,17.6
2025-06-12 01:10:00,14.7
2025-06-12 10:59:00,50.1110094970102
2025-06-12 09:08:00,74.0
2025-06-12 10:00:00,10.8
2025-06-12 10:14:00,17.9
2025-06-12 04:32:00,27.9
2025-06-12 09:02:00,81.6
2025-06-12 14:32:00,69.2
2025-06-12 08:59:00,60.8
2025-06-12 11:51:00,52.7
2025-06-12 09:41:00,76.2
2025-06-12 00:03:00,21.9
2025-06-12 05:02:00,11.0
2025-06-12 19:12:00,93.4
2025-06-12 14:04:00,50.1110094970102
2025-06-12 15:59:00,21.8
2025-06-12 09:24:00,84.0
2025-06-12 11:33:00,84.7
2025-06-12 03:46:00,62.5
2025-06-12 11:42:00,99.8
2025-06-12 00:13:00,13.4
2025-06-12 17:47:00,14.9
2025-06-12 11:52:00,29.7
2025-06-12 12:57:00,78.3
2025-06-12 15:18:00,94.4
2025-06-12 23:26:00,6.2
2025-06-12 07:08:00,90.3
2025-06-12 14:10:00,93.0
2025-06-12 13:55:00,31.4
2025-06-12 17:46:00,15.6
2025-06-12 11:39:00,50.1110094970102
2025-06-12 02:20:00,3.3
2025-06-12 02:31:00,81.9
2025-06-12 21:11:00,36.5
2025-06-12 07:43:00,69.8
2025-06-12 12:05:00,44.1
2025-06-12 15:21:00,15.8
2025-06-12 23:09:00,7.3
2025-06-12 12:19:00,77.2
2025-06-12 21:56:00,59.1
2025-06-12 14:06:00,88.3
2025-06-12 02:39:00,0.4
2025-06-12 08:07:00,77.3
2025-06-12 01:31:00,50.1110094970102
2025-06-12 00:56:00,35.7
2025-06-12 09:17:00,50.1110094970102
2025-06-12 08:20:00,70.5
2025-06-12 18:28:00,40.9
2025-06-12 11:48:00,21.3
2025-06-12 23:37:00,35.1
2025-06-12 20:36:00,1.8
2025-06-12 14:52:00,50.1110094970102
2025-06-12 20:46:00,61.0
2025-06-12 09:03:00,68.8
2025-06-12 12:01:00,54.3
2025-06-12 01:43:00,38.1
2025-06-12 06:30:00,58.9
2025-06-12 00:29:00,50.1110094970102
2025-06-12 09:28:00,83.0
2025-06-12 07:42:00,50.1110094970102
2025-06-12 23:11:00,41.1
2025-06-12 23:39:00,77.4
2025-06-12 12:58:00,76.5
2025-06-12 01:28:00,63.3
2025-06-12 23:29:00,50.1110094970102
2025-06-12 23:15:00,74.0
2025-06-12 11:53:00,31.4
2025-06-12 02:01:00,10.2
2025-06-12 04:13:00,69.4
2025-06-12 01:27:00,73.9
2025-06-12 03:29:00,50.4
2025-06-12 21:04:00,25.0
2025-06-12 22:20:00,14.8
2025-06-12 08:41:00,66.5
2025-06-12 05:51:00,94.7
2025-06-12 05:28:00,40.7
2025-06-12 12:03:00,47.4
2025-06-12 12:08:00,21.9
2025-06-12 18:18:00,93.8
2025-06-12 21:46:00,74.8
2025-06-12 13:54:00,22.4
2025-06-12 15:56:00,25.8
2025-06-12 06:43:00,50.1110094970102
2025-06-12 10:19:00,40.9
2025-06-12 21:26:00,38.4
2025-06-12 15:49:00,50.1110094970102
2025-06-12 03:42:00,70.7
2025-06-12 11:13:00,21.1
2025-06-12 16:45:00,39.4
2025-06-12 14:38:00,70.1
2025-06-12 15:34:00,62.8
2025-06-12 10:21:00,49.3
2025-06-12 07:24:00,48.1
2025-06-12 23:40:00,62.2
2025-06-12 08:18:00,67.8
2025-06-12 08:43:00,4.5
2025-06-12 03:05:00,45.3
2025-06-12 00:44:00,7.6
2025-06-12 03:37:00,42.2
2025-06-12 22:26:00,97.4
2025-06-12 10:18:00,66.8
2025-06-12 22:13:00,27.9
2025-06-12 23:28:00,28.0
2025-06-12 04:56:00,19.1
2025-06-12 16:21:00,14.5
2025-06-12 23:36:00,50.1110094970102
2025-06-12 16:06:00,40.5
2025-06-12 08:19:00,24.5
2025-06-12 02:21:00,0.4
2025-06-12 10:10:00,94.4
2025-06-12 23:53:00,29.2
2025-06-12 18:20:00,61.5
2025-06-12 12:48:00,79.4
2025-06-12 15:12:00,50.1110094970102
2025-06-12 21:42:00,15.8
2025-06-12 03:32:00,97.4
2025-06-12 00:23:00,72.6
2025-06-12 13:12:00,4.7
2025-06-12 06:12:00,11.5
2025-06-12 03:31:00,86.8
2025-06-12 11:15:00,94.7
2025-06-12 09:23:00,81.0
2025-06-12 10:38:00,69.1
2025-06-12 11:46:00,50.1110094970102
2025-06-12 10:13:00,73.9
2025-06-12 05:50:00,17.4
2025-06-12 14:57:00,50.1110094970102
2025-06-12 14:36:00,16.7
2025-06-12 17:58:00,46.3
2025-06-12 09:11:00,50.1110094970102
2025-06-12 12:20:00,17.7
2025-06-12 09:22:00,26.2
2025-06-12 14:50:00,42.8
2025-06-12 04:54:00,38.5
2025-06-12 14:58:00,37.0
2025-06-12 16:47:00,69.4
2025-06-12 17:02:00,50.1110094970102
2025-06-12 20:00:00,47.9
2025-06-12 13:38:00,50.1110094970102
2025-06-12 14:28:00,71.0
2025-06-12 02:47:00,40.6
2025-06-12 16:34:00,6.7
2025-06-12 19:07:00,50.1110094970102
2025-06-12 23:03:00,12.0
2025-06-12 08:08:00,18.6
2025-06-12 11:59:00,86.4
2025-06-12 16:20:00,81.3
2025-06-12 17:34:00,50.1110094970102
2025-06-12 10:08:00,48.0
2025-06-12 00:21:00,97.4
2025-06-12 06:25:00,13.2
2025-06-12 19:24:00,71.0
2025-06-12 13:44:00,28.2
2025-06-12 04:48:00,64.7
2025-06-12 22:47:00,49.0
2025-06-12 16:32:00,50.1110094970102
2025-06-12 02:18:00,32.5
2025-06-12 16:22:00,40.8
2025-06-12 18:47:00,19.2
2025-06-12 12:25:00,50.1110094970102
2025-06-12 03:56:00,2.5
2025-06-12 06:39:00,50.1110094970102
2025-06-12 21:12:00,89.1
2025-06-12 14:59:00,46.9
2025-06-12 04:12:00,50.1110094970102
2025-06-12 09:37:00,51.2
2025-06-12 20:49:00,40.7
2025-06-12 05:10:00,47.5
2025-06-12 21:51:00,50.1110094970102
2025-06-12 22:58:00,20.8
2025-06-12 23:00:00,50.0
2025-06-12 01:41:00,51.8
2025-06-12 17:26:00,99.8
2025-06-12 15:17:00,1.1
2025-06-12 09:39:00,41.8
2025-06-12 10:50:00,36.2
2025-06-12 16:44:00,87.4
2025-06-12 18:01:00,82.9
2025-06-12 05:33:00,34.5
2025-06-12 02:53:00,99.5
2025-06-12 17:40:00,7.6
2025-06-12 16:58:00,61.5
2025-06-12 06:40:00,50.1110094970102
2025-06-12 05:59:00,12.2
2025-06-12 00:53:00,88.9
2025-06-12 02:33:00,64.0
2025-06-12 01:19:00,0.9
2025-06-12 20:21:00,97.0
2025-06-12 15:40:00,55.7
2025-06-12 11:50:00,50.1110094970102
2025-06-12 02:59:00,86.5
2025-06-12 11:58:00,65.1
2025-06-12 12:41:00,50.1110094970102
2025-06-12 20:51:00,19.6
2025-06-12 01:49:00,36.8
2025-06-12 16:10:00,7.8
2025-06-12 20:55:00,37.4
2025-06-12 01:52:00,4.5
2025-06-12 18:31:00,50.1110094970102
2025-06-12 15:45:00,50.1110094970102
2025-06-12 01:37:00,50.1110094970102
2025-06-12 19:41:00,10.2
2025-06-12 06:07:00,47.1
2025-06-12 01:02:00,69.4
2025-06-12 01:46:00,16.4
2025-06-12 00:27:00,18.4
2025-06-12 04:11:00,9.7
2025-06-12 05:18:00,31.3
2025-06-12 05:26:00,94.9
2025-06-12 22:34:00,50.1110094970102
2025-06-12 07:19:00,50.1110094970102
2025-06-12 17:23:00,20.6
2025-06-12 17:10:00,11.9
2025-06-12 17:10:00,37.4
2025-06-12 08:43:00,6.5
2025-06-12 16:45:00,4.8
2025-06-12 04:00:00,9.4
2025-06-12 16:44:00,12.5
2025-06-12 00:56:00,32.0
2025-06-12 12:35:00,64.1
2025-06-12 20:15:00,87.9
2025-06-12 16:48:00,38.2
2025-06-12 20:16:00,27.5
2025-06-12 21:46:00,50.26990393626991
2025-06-12 16:14:00,28.0
2025-06-12 14:38:00,50.26990393626991
2025-06-12 23:20:00,83.9
2025-06-12 10:55:00,50.26990393626991
2025-06-12 16:42:00,59.8
2025-06-12 17:20:00,40.5
2025-06-12 10:11:00,6.6
2025-06-12 21:07:00,0.1
2025-06-12 08:32:00,29.0
2025-06-12 22:31:00,76.5
2025-06-12 14:44:00,51.3
2025-06-12 05:01:00,50.26990393626991
2025-06-12 03:38:00,50.26990393626991
2025-06-12 17:44:00,50.26990393626991
2025-06-12 05:23:00,65.1
2025-06-12 01:04:00,72.9
2025-06-12 11:54:00,29.2
2025-06-12 05:59:00,71.5
2025-06-12 22:59:00,10.8
2025-06-12 02:00:00,60.8
2025-06-12 14:06:00,11.1
2025-06-12 00:54:00,50.26990393626991
2025-06-12 20:54:00,16.6
2025-06-12 09:32:00,35.5
2025-06-12 13:03:00,30.5
2025-06-12 22:34:00,22.3
2025-06-12 00:38:00,24.8
2025-06-12 06:27:00,9.5
2025-06-12 02:54:00,50.26990393626991
2025-06-12 03:22:00,24.2
2025-06-12 01:47:00,69.0
2025-06-12 06:12:00,25.1
2025-06-12 05:45:00,50.26990393626991
2025-06-12 14:42:00,95.5
2025-06-12 22:11:00,46.3
2025-06-12 16:38:00,10.6
2025-06-12 20:24:00,66.0
2025-06-12 13:35:00,1.7
2025-06-12 11:41:00,30.1
2025-06-12 09:51:00,19.9
2025-06-12 17:05:00,6.4
2025-06-12 01:55:00,32.4
2025-06-12 00:55:00,49.6
2025-06-12 08:35:00,1.4
2025-06-12 12:12:00,68.0
2025-06-12 00:36:00,79.9
2025-06-12 20:43:00,23.5
2025-06-12 10:30:00,29.9
2025-06-12 06:54:00,21.0
2025-06-12 02:33:00,80.0
2025-06-12 20:31:00,21.0
2025-06-12 09:55:00,83.0
2025-06-12 12:10:00,73.8
2025-06-12 04:49:00,50.26990393626991
2025-06-12 20:02:00,25.7
2025-06-12 22:04:00,50.26990393626991
2025-06-12 12:38:00,18.0
2025-06-12 12:53:00,98.0
2025-06-12 07:12:00,96.1
2025-06-12 17:47:00,7.9
2025-06-12 23:04:00,49.0
2025-06-12 07:00:00,57.5
2025-06-12 01:36:00,68.2
2025-06-12 09:43:00,50.26990393626991
2025-06-12 08:45:00,50.26990393626991
2025-06-12 11:11:00,72.2
2025-06-12 06:44:00,22.4
2025-06-12 12:28:00,92.9
2025-06-12 00:08:00,20.0
2025-06-12 20:11:00,16.6
2025-06-12 17:45:00,88.5
2025-06-12 11:21:00,52.1
2025-06-12 09:18:00,8.0
2025-06-12 16:55:00,63.9
2025-06-12 04:41:00,2.8
2025-06-12 03:07:00,50.26990393626991
2025-06-12 18:10:00,7.4
2025-06-12 09:04:00,21.1
2025-06-12 19:56:00,70.5
2025-06-12 06:46:00,85.2
2025-06-12 10:34:00,50.26990393626991
2025-06-12 03:26:00,63.0
2025-06-12 15:24:00,62.0
2025-06-12 21:16:00,96.9
2025-06-12 17:41:00,96.7
2025-06-12 21:45:00,73.8
2025-06-12 22:25:00,33.4
2025-06-12 14:29:00,82.9
2025-06-12 21:11:00,8.5
2025-06-12 10:48:00,57.1
2025-06-12 12:15:00,95.4
2025-06-12 21:27:00,50.26990393626991
2025-06-12 15:02:00,5.8
2025-06-12 04:19:00,18.8
2025-06-12 08:41:00,98.6
2025-06-12 11:53:00,27.6
2025-06-12 11:50:00,94.7
2025-06-12 08:09:00,82.6
2025-06-12 00:53:00,21.7
2025-06-12 18:22:00,78.2
2025-06-12 21:13:00,50.26990393626991
2025-06-12 00:30:00,50.26990393626991
2025-06-12 06:53:00,65.3
2025-06-12 00:32:00,65.5
2025-06-12 13:09:00,69.8
2025-06-12 10:03:00,62.0
2025-06-12 05:32:00,41.5
2025-06-12 15:28:00,50.6
2025-06-12 14:37:00,13.2
2025-06-12 06:22:00,61.8
2025-06-12 08:10:00,49.3
2025-06-12 14:49:00,49.0
2025-06-12 05:28:00,50.26990393626991
2025-06-12 14:21:00,23.4
2025-06-12 11:17:00,65.2
2025-06-12 04:15:00,8.4
2025-06-12 10:57:00,6.0
2025-06-12 12:22:00,18.7
2025-06-12 19:36:00,87.1
2025-06-12 08:53:00,38.7
2025-06-12 10:25:00,35.6
2025-06-12 05:08:00,89.0
2025-06-12 16:58:00,16.8
2025-06-12 00:39:00,8.9
2025-06-12 02:35:00,94.7
2025-06-12 11:25:00,36.9
2025-06-12 09:03:00,50.26990393626991
2025-06-12 14:25:00,60.2
2025-06-12 11:56:00,38.8
2025-06-12 14:10:00,14.8
2025-06-12 16:09:00,21.2
2025-06-12 11:38:00,22.7
2025-06-12 01:18:00,35.9
2025-06-12 01:10:00,16.0
2025-06-12 01:44:00,52.5
2025-06-12 23:58:00,76.5
2025-06-12 02:03:00,44.2
2025-06-12 22:52:00,86.3
2025-06-12 02:21:00,32.3
2025-06-12 08:13:00,93.0
2025-06-12 12:49:00,50.26990393626991
2025-06-12 11:12:00,53.5
2025-06-12 22:56:00,11.7
2025-06-12 16:49:00,54.2
2025-06-12 17:33:00,50.26990393626991
2025-06-12 00:04:00,18.9
2025-06-12 10:15:00,20.2
2025-06-12 03:44:00,52.0
2025-06-12 01:52:00,5.1
2025-06-12 18:11:00,46.8
2025-06-12 13:17:00,14.4
2025-06-12 20:40:00,15.8
2025-06-12 14:41:00,66.5
2025-06-12 06:10:00,80.1
2025-06-12 02:44:00,20.3
2025-06-12 05:16:00,50.26990393626991
2025-06-12 20:35:00,90.6
2025-06-12 13:00:00,49.2
2025-06-12 10:58:00,10.8
2025-06-12 10:52:00,88.6
2025-06-12 13:14:00,98.4
2025-06-12 14:00:00,18.1
2025-06-12 18:32:00,24.4
2025-06-12 20:49:00,3.7
2025-06-12 18:49:00,62.9
2025-06-12 01:45:00,67.8
2025-06-12 01:30:00,17.4
2025-06-12 03:50:00,30.0
2025-06-12 16:05:00,28.2
2025-06-12 08:31:00,60.1
2025-06-12 10:16:00,50.26990393626991
2025-06-12 19:53:00,81.2
2025-06-12 16:00:00,38.6
2025-06-12 16:27:00,71.3
2025-06-12 05:30:00,50.26990393626991
2025-06-12 05:38:00,99.0
2025-06-12 02:05:00,56.6
2025-06-12 08:07:00,26.2
2025-06-12 10:18:00,99.2
2025-06-12 04:09:00,67.8
2025-06-12 05:54:00,50.26990393626991
2025-06-12 13:11:00,18.2
2025-06-12 17:30:00,18.6
2025-06-12 02:42:00,59.7
2025-06-12 02:49:00,68.4
2025-06-12 00:03:00,50.26990393626991
2025-06-12 13:54:00,89.3
2025-06-12 10:36:00,78.2
2025-06-12 07:08:00,50.26990393626991
2025-06-12 20:58:00,52.0
2025-06-12 06:42:00,20.8
2025-06-12 15:54:00,33.9
2025-06-12 15:19:00,4.0
2025-06-12 15:22:00,84.1
2025-06-12 08:16:00,4.0
2025-06-12 01:38:00,10.6
2025-06-12 08:12:00,81.7
2025-06-12 02:09:00,85.4
2025-06-12 04:35:00,57.2
2025-06-12 05:00:00,50.26990393626991
2025-06-12 22:12:00,99.1
2025-06-12 22:16:00,50.7
2025-06-12 20:23:00,40.2
2025-06-12 01:07:00,89.0
2025-06-12 05:09:00,42.9
2025-06-12 11:01:00,81.9
2025-06-12 09:42:00,42.0
2025-06-12 01:42:00,90.0
2025-06-12 01:26:00,61.9
2025-06-12 11:52:00,82.0
2025-06-12 15:23:00,79.2
2025-06-12 03:37:00,26.6
2025-06-12 01:24:00,15.9
2025-06-12 13:41:00,76.2
2025-06-12 08:56:00,54.0
2025-06-12 12:55:00,25.8
2025-06-12 08:57:00,50.26990393626991
2025-06-12 05:12:00,92.2
2025-06-12 05:53:00,60.1
2025-06-12 05:03:00,78.5
2025-06-12 16:20:00,52.5
2025-06-12 05:42:00,24.5
2025-06-12 01:27:00,37.7
2025-06-12 00:44:00,30.6
2025-06-12 00:59:00,39.8
2025-06-12 06:41:00,14.9
2025-06-12 18:02:00,69.1
2025-06-12 15:27:00,26.1
2025-06-12 06:15:00,50.26990393626991
2025-06-12 18:15:00,26.4
2025-06-12 05:31:00,50.26990393626991
2025-06-12 08:24:00,50.26990393626991
2025-06-12 19:20:00,50.26990393626991
2025-06-12 07:31:00,27.2
2025-06-12 15:31:00,0.3
2025-06-12 02:15:00,55.2
2025-06-12 13:48:00,49.2
2025-06-12 17:52:00,50.26990393626991
2025-06-12 03:09:00,24.0
2025-06-12 14:18:00,77.4
2025-06-12 06:20:00,11.8
2025-06-12 14:51:00,7.8
2025-06-12 19:24:00,7.7
2025-06-12 19:55:00,32.8
2025-06-12 05:44:00,92.5
2025-06-12 20:50:00,82.6
2025-06-12 12:54:00,32.7
2025-06-12 22:46:00,95.7
2025-06-12 00:49:00,66.8
2025-06-12 01:00:00,86.1
2025-06-12 08:34:00,49.3
2025-06-12 06:08:00,28.4
2025-06-12 05:46:00,79.4
2025-06-12 12:31:00,50.26990393626991
2025-06-12 22:03:00,11.7
2025-06-12 00:42:00,87.9
2025-06-12 03:01:00,50.26990393626991
2025-06-12 17:14:00,62.3
2025-06-12 19:15:00,50.26990393626991
2025-06-12 14:15:00,63.7
2025-06-12 10:39:00,55.0
2025-06-12 11:42:00,67.6
2025-06-12 23:18:00,66.7
2025-06-12 17:32:00,19.6
2025-06-12 12:59:00,10.3
2025-06-12 17:06:00,27.6
2025-06-12 07:25:00,50.26990393626991
2025-06-12 19:14:00,78.4
2025-06-12 02:18:00,67.7
2025-06-12 21:17:00,86.3
2025-06-12 18:36:00,8.5
2025-06-12 12:05:00,36.6
2025-06-12 00:45:00,65.0
2025-06-12 20:51:00,77.0
2025-06-12 04:40:00,50.26990393626991
2025-06-12 20:47:00,31.0
2025-06-12 22:37:00,19.2
2025-06-12 20:07:00,50.9
2025-06-12 06:35:00,49.3
2025-06-12 10:29:00,90.6
2025-06-12 05:40:00,10.3
2025-06-12 12:20:00,50.26990393626991
2025-06-12 00:26:00,2.5
2025-06-12 14:59:00,18.1
2025-06-12 18:52:00,85.8
2025-06-12 22:39:00,50.26990393626991
2025-06-12 15:33:00,95.3
2025-06-12 03:17:00,61.2
2025-06-12 22:40:00,50.26990393626991
2025-06-12 06:09:00,88.8
2025-06-12 13:32:00,50.26990393626991
2025-06-12 02:32:00,4.7
2025-06-12 00:43:00,77.7
2025-06-12 00:16:00,95.3
2025-06-12 07:44:00,76.1
2025-06-12 21:48:00,49.485271956675305
2025-06-12 05:32:00,49.485271956675305
2025-06-12 13:34:00,83.5
2025-06-12 21:24:00,67.7
2025-06-12 23:50:00,30.6
2025-06-12 09:14:00,93.6
2025-06-12 08:02:00,36.6
2025-06-12 18:22:00,49.485271956675305
2025-06-12 22:45:00,5.1
2025-06-12 05:18:00,36.9
2025-06-12 20:29:00,9.4
2025-06-12 18:56:00,30.1
2025-06-12 12:56:00,51.8
2025-06-12 12:52:00,30.6
2025-06-12 16:59:00,18.2
2025-06-12 02:14:00,62.2
2025-06-12 15:40:00,88.1
2025-06-12 20:30:00,23.1
2025-06-12 17:36:00,90.3
2025-06-12 05:56:00,69.1
2025-06-12 11:13:00,10.5
2025-06-12 01:58:00,55.8
2025-06-12 19:29:00,18.6
2025-06-12 22:47:00,25.4
2025-06-12 07:46:00,73.1
2025-06-12 14:07:00,1.5
2025-06-12 12:11:00,49.485271956675305
2025-06-12 18:08:00,21.7
2025-06-12 21:39:00,27.6
2025-06-12 00:06:00,80.5
2025-06-12 00:26:00,49.485271956675305
2025-06-12 19:17:00,34.3
2025-06-12 04:09:00,66.2
2025-06-12 08:10:00,90.5
2025-06-12 08:19:00,56.1
2025-06-12 08:08:00,49.485271956675305
2025-06-12 17:48:00,73.0
2025-06-12 03:26:00,49.485271956675305
2025-06-12 09:40:00,28.7
2025-06-12 11:57:00,20.7
2025-06-12 10:51:00,45.9
2025-06-12 09:05:00,16.7
2025-06-12 16:37:00,80.1
2025-06-12 04:46:00,49.485271956675305
2025-06-12 03:48:00,43.8
2025-06-12 07:34:00,93.0
2025-06-12 01:53:00,49.485271956675305
2025-06-12 15:26:00,13.3
2025-06-12 01:12:00,47.5
2025-06-12 15:36:00,49.485271956675305
2025-06-12 08:34:00,99.4
2025-06-12 17:14:00,26.4
2025-06-12 01:32:00,15.9
2025-06-12 00:08:00,72.4
2025-06-12 14:56:00,31.7
2025-06-12 03:24:00,90.9
2025-06-12 03:33:00,49.485271956675305
2025-06-12 21:28:00,63.3
2025-06-12 15:15:00,3.2
2025-06-12 16:23:00,17.5
2025-06-12 08:09:00,49.485271956675305
2025-06-12 20:58:00,73.3
2025-06-12 08:00:00,49.485271956675305
2025-06-12 22:15:00,79.3
2025-06-12 09:12:00,41.5
2025-06-12 18:44:00,49.485271956675305
2025-06-12 05:27:00,32.3
2025-06-12 13:01:00,49.9
2025-06-12 13:19:00,49.485271956675305
2025-06-12 01:04:00,68.7
2025-06-12 08:53:00,81.1
2025-06-12 19:06:00,50.7
2025-06-12 01:23:00,10.6
2025-06-12 12:10:00,70.7
2025-06-12 16:54:00,8.6
2025-06-12 16:21:00,20.3
2025-06-12 16:16:00,88.4
2025-06-12 21:12:00,87.1
2025-06-12 06:56:00,93.2
2025-06-12 21:26:00,97.8
2025-06-12 00:45:00,69.6
2025-06-12 11:52:00,69.2
2025-06-12 17:03:00,46.6
2025-06-12 06:21:00,39.4
2025-06-12 18:21:00,25.0
2025-06-12 05:36:00,49.485271956675305
2025-06-12 09:39:00,5.9
2025-06-12 16:08:00,63.5
2025-06-12 00:32:00,65.7
2025-06-12 17:58:00,49.485271956675305
2025-06-12 21:03:00,89.5
2025-06-12 04:15:00,12.2
2025-06-12 09:50:00,45.6
2025-06-12 10:13:00,9.4
2025-06-12 19:10:00,76.5
2025-06-12 16:33:00,28.5
2025-06-12 23:13:00,28.1
2025-06-12 20:24:00,49.485271956675305
2025-06-12 01:56:00,39.1
2025-06-12 20:45:00,49.485271956675305
2025-06-12 02:02:00,17.0
2025-06-12 12:04:00,11.8
2025-06-12 02:49:00,54.2
2025-06-12 02:53:00,49.485271956675305
2025-06-12 00:23:00,64.5
2025-06-12 07:30:00,49.485271956675305
2025-06-12 10:17:00,82.5
2025-06-12 10:12:00,77.5
2025-06-12 08:55:00,5.5
2025-06-12 02:57:00,84.2
2025-06-12 15:55:00,49.485271956675305
2025-06-12 13:08:00,48.8
2025-06-12 07:28:00,18.3
2025-06-12 13:54:00,59.5
2025-06-12 11:18:00,49.485271956675305
2025-06-12 12:54:00,49.485271956675305
2025-06-12 07:08:00,60.0
2025-06-12 10:53:00,15.7
2025-06-12 16:47:00,17.8
2025-06-12 14:42:00,49.485271956675305
2025-06-12 20:46:00,5.8
2025-06-12 01:29:00,54.4
2025-06-12 03:11:00,85.1
2025-06-12 17:49:00,7.0
2025-06-12 18:58:00,50.2
2025-06-12 18:23:00,40.1
2025-06-12 05:48:00,19.9
2025-06-12 05:47:00,49.485271956675305
2025-06-12 04:19:00,25.8
2025-06-12 22:01:00,71.4
2025-06-12 12:19:00,98.3
2025-06-12 14:57:00,37.4
2025-06-12 01:38:00,9.0
2025-06-12 16:41:00,78.5
2025-06-12 19:41:00,75.3
2025-06-12 06:17:00,59.8
2025-06-12 01:41:00,49.485271956675305
2025-06-12 00:12:00,74.1
2025-06-12 06:35:00,18.5
2025-06-12 09:52:00,48.6
2025-06-12 10:39:00,52.2
2025-06-12 23:33:00,52.6
2025-06-12 00:22:00,20.7
2025-06-12 03:52:00,36.8
2025-06-12 10:37:00,6.6
2025-06-12 06:59:00,49.485271956675305
2025-06-12 23:01:00,69.4
2025-06-12 00:50:00,9.4
2025-06-12 09:51:00,11.9
2025-06-12 16:40:00,88.4
2025-06-12 06:48:00,72.8
2025-06-12 16:45:00,88.2
2025-06-12 13:29:00,37.6
2025-06-12 09:00:00,74.5
2025-06-12 13:30:00,72.0
2025-06-12 17:53:00,42.2
2025-06-12 10:05:00,67.8
2025-06-12 19:16:00,2.9
2025-06-12 07:39:00,24.3
2025-06-12 08:59:00,49.485271956675305
2025-06-12 08:45:00,78.0
2025-06-12 06:11:00,96.7
2025-06-12 01:15:00,89.5
2025-06-12 01:50:00,3.3
2025-06-12 17:00:00,27.6
2025-06-12 18:33:00,49.485271956675305
2025-06-12 20:41:00,99.1
2025-06-12 09:17:00,78.4
2025-06-12 13:35:00,49.485271956675305
2025-06-12 23:16:00,39.5
2025-06-12 06:33:00,49.485271956675305
2025-06-12 22:05:00,93.8
2025-06-12 09:30:00,76.7
2025-06-12 05:39:00,42.1
2025-06-12 09:26:00,37.4
2025-06-12 06:00:00,81.7
2025-06-12 04:14:00,49.485271956675305
2025-06-12 17:13:00,74.7
2025-06-12 12:40:00,22.1
2025-06-12 14:22:00,99.0
2025-06-12 13:10:00,78.2
2025-06-12 18:16:00,55.3
2025-06-12 08:17:00,49.485271956675305
2025-06-12 19:53:00,49.485271956675305
2025-06-12 09:09:00,56.8
2025-06-12 15:13:00,77.9
2025-06-12 06:40:00,43.2
2025-06-12 20:14:00,98.5
2025-06-12 06:55:00,32.5
2025-06-12 06:47:00,70.6
2025-06-12 16:44:00,75.9
2025-06-12 11:48:00,49.4
2025-06-12 03:53:00,49.485271956675305
2025-06-12 12:24:00,21.3
2025-06-12 21:14:00,96.2
2025-06-12 05:37:00,17.7
2025-06-12 17:54:00,67.3
2025-06-12 03:28:00,42.6
2025-06-12 04:55:00,46.9
2025-06-12 09:53:00,75.6
2025-06-12 21:19:00,26.8
2025-06-12 13:56:00,67.8
2025-06-12 17:10:00,52.0
2025-06-12 19:13:00,49.485271956675305
2025-06-12 13:55:00,92.4
2025-06-12 01:47:00,0.7
2025-06-12 20:00:00,23.6
2025-06-12 23:02:00,42.7
2025-06-12 15:41:00,70.8
2025-06-12 15:37:00,54.4
2025-06-12 20:54:00,97.3
2025-06-12 12:30:00,10.7
2025-06-12 19:39:00,31.0
2025-06-12 13:51:00,91.3
2025-06-12 04:58:00,17.9
2025-06-12 21:25:00,46.8
2025-06-12 13:31:00,42.6
2025-06-12 06:12:00,39.7
2025-06-12 20:06:00,78.1
2025-06-12 13:27:00,7.5
2025-06-12 12:29:00,95.8
2025-06-12 00:13:00,98.1
2025-06-12 10:34:00,49.485271956675305
2025-06-12 01:44:00,60.7
2025-06-12 18:11:00,42.0
2025-06-12 04:17:00,79.6
2025-06-12 15:25:00,58.2
2025-06-12 13:46:00,90.4
2025-06-12 15:18:00,48.2
2025-06-12 07:38:00,45.7
2025-06-12 16:32:00,76.6
2025-06-12 07:21:00,60.3
2025-06-12 11:01:00,18.5
2025-06-12 03:51:00,79.6
2025-06-12 08:49:00,49.485271956675305
2025-06-12 20:26:00,26.2
2025-06-12 07:59:00,44.9
2025-06-12 22:38:00,18.5
2025-06-12 00:39:00,94.9
2025-06-12 15:45:00,54.4
2025-06-12 08:25:00,93.2
2025-06-12 14:11:00,49.485271956675305
2025-06-12 16:24:00,72.1
2025-06-12 07:09:00,25.3
2025-06-12 17:56:00,34.2
2025-06-12 21:06:00,64.4
2025-06-12 17:21:00,9.2
2025-06-12 19:00:00,36.5
2025-06-12 06:05:00,20.6
2025-06-12 15:43:00,38.4
2025-06-12 11:00:00,49.485271956675305
2025-06-12 19:21:00,93.3
2025-06-12 10:29:00,65.7
2025-06-12 18:48:00,41.5
2025-06-12 07:52:00,43.7
2025-06-12 15:33:00,79.2
2025-06-12 02:47:00,49.485271956675305
2025-06-12 09:27:00,41.9
2025-06-12 17:22:00,50.0997191011236
2025-06-12 21:32:00,50.0997191011236
2025-06-12 12:09:00,63.8
2025-06-12 12:04:00,25.5
2025-06-12 11:07:00,24.7
2025-06-12 19:42:00,27.5
2025-06-12 00:08:00,89.7
2025-06-12 17:10:00,90.7
2025-06-12 09:47:00,60.0
2025-06-12 00:09:00,80.8
2025-06-12 06:55:00,50.4
2025-06-12 07:55:00,34.7
2025-06-12 21:31:00,7.5
2025-06-12 02:25:00,94.5
2025-06-12 02:07:00,5.2
2025-06-12 17:39:00,44.9
2025-06-12 11:27:00,50.0997191011236
2025-06-12 23:38:00,89.1
2025-06-12 09:05:00,55.8
2025-06-12 03:56:00,50.0997191011236
2025-06-12 10:32:00,22.2
2025-06-12 06:58:00,3.9
2025-06-12 12:46:00,18.8
2025-06-12 11:47:00,50.0997191011236
2025-06-12 10:28:00,7.2
2025-06-12 13:36:00,32.9
2025-06-12 13:05:00,10.2
2025-06-12 02:49:00,42.4
2025-06-12 06:15:00,50.0997191011236
2025-06-12 16:26:00,26.2
2025-06-12 07:29:00,55.7
2025-06-12 10:48:00,74.3
2025-06-12 20:39:00,30.8
2025-06-12 06:04:00,57.7
2025-06-12 02:02:00,55.9
2025-06-12 12:57:00,80.8
2025-06-12 16:31:00,50.0997191011236
2025-06-12 14:00:00,50.0997191011236
2025-06-12 19:36:00,80.3
2025-06-12 22:14:00,19.6
2025-06-12 01:13:00,3.4
2025-06-12 09:16:00,88.1
2025-06-12 17:18:00,40.5
2025-06-12 03:11:00,50.0997191011236
2025-06-12 10:34:00,46.3
2025-06-12 17:21:00,50.0997191011236
2025-06-12 16:01:00,35.4
2025-06-12 14:35:00,96.9
2025-06-12 15:57:00,81.9
2025-06-12 00:03:00,79.4
2025-06-12 16:41:00,55.6
2025-06-12 21:06:00,13.6
2025-06-12 10:26:00,34.9
2025-06-12 19:58:00,50.0997191011236
2025-06-12 23:11:00,87.2
2025-06-12 18:19:00,47.8
2025-06-12 09:52:00,50.0997191011236
2025-06-12 20:01:00,12.5
2025-06-12 02:43:00,50.0997191011236
2025-06-12 22:26:00,67.2
2025-06-12 21:17:00,83.6
2025-06-12 13:14:00,50.0997191011236
2025-06-12 18:04:00,13.1
2025-06-12 15:36:00,96.4
2025-06-12 08:29:00,29.6
2025-06-12 15:02:00,9.8
2025-06-12 12:19:00,70.7
2025-06-12 17:55:00,44.9
2025-06-12 11:59:00,93.2
2025-06-12 15:29:00,47.0
2025-06-12 22:09:00,50.0997191011236
2025-06-12 01:18:00,50.9
2025-06-12 20:41:00,78.6
2025-06-12 19:10:00,96.7
2025-06-12 04:59:00,87.2
2025-06-12 01:11:00,5.6
2025-06-12 14:31:00,37.6
2025-06-12 09:19:00,49.0
2025-06-12 13:07:00,88.0
2025-06-12 12:22:00,8.8
2025-06-12 17:50:00,80.0
2025-06-12 04:51:00,50.0997191011236
2025-06-12 14:07:00,50.0997191011236
2025-06-12 10:05:00,42.5
2025-06-12 13:11:00,28.1
2025-06-12 21:23:00,93.0
2025-06-12 19:48:00,22.5
2025-06-12 15:30:00,49.3
2025-06-12 04:29:00,50.0997191011236
2025-06-12 20:23:00,50.0997191011236
2025-06-12 21:57:00,50.0997191011236
2025-06-12 18:41:00,5.0
2025-06-12 08:44:00,63.7
2025-06-12 14:23:00,89.7
2025-06-12 11:04:00,97.6
2025-06-12 08:15:00,1.7
2025-06-12 23:03:00,36.2
2025-06-12 19:52:00,50.0997191011236
2025-06-12 10:45:00,77.2
2025-06-12 15:59:00,42.7
2025-06-12 20:14:00,99.3
2025-06-12 11:17:00,50.0997191011236
2025-06-12 05:22:00,43.3
2025-06-12 00:02:00,42.4
2025-06-12 05:11:00,93.5
2025-06-12 16:59:00,22.2
2025-06-12 18:57:00,15.6
2025-06-12 11:28:00,56.9
2025-06-12 08:20:00,73.7
2025-06-12 08:52:00,27.4
2025-06-12 17:58:00,50.0997191011236
2025-06-12 20:06:00,15.4
2025-06-12 19:54:00,9.8
2025-06-12 02:16:00,50.0997191011236
2025-06-12 08:24:00,8.9
2025-06-12 23:30:00,81.8
2025-06-12 22:42:00,78.3
2025-06-12 15:20:00,50.0997191011236
2025-06-12 12:10:00,59.7
2025-06-12 01:03:00,9.1
2025-06-12 16:46:00,2.3
2025-06-12 11:42:00,50.0997191011236
2025-06-12 21:38:00,27.7
2025-06-12 15:06:00,0.6
2025-06-12 22:46:00,27.3
2025-06-12 20:52:00,58.2
2025-06-12 05:29:00,74.1
2025-06-12 04:28:00,50.0997191011236
2025-06-12 17:45:00,38.1
2025-06-12 02:01:00,22.4
2025-06-12 15:12:00,13.8
2025-06-12 11:22:00,3.9
2025-06-12 14:21:00,5.2
2025-06-12 04:32:00,75.3
2025-06-12 21:54:00,50.0997191011236
2025-06-12 04:13:00,27.7
2025-06-12 03:43:00,61.4
2025-06-12 20:37:00,81.4
2025-06-12 19:25:00,16.0
2025-06-12 15:55:00,85.7
2025-06-12 01:37:00,50.1
2025-06-12 16:52:00,58.1
2025-06-12 13:06:00,50.0997191011236
2025-06-12 03:26:00,99.9
2025-06-12 19:14:00,42.4
2025-06-12 22:25:00,50.0997191011236
2025-06-12 05:02:00,18.7
2025-06-12 09:02:00,17.6
2025-06-12 09:46:00,50.0997191011236
2025-06-12 05:49:00,14.7
2025-06-12 10:50:00,6.4
2025-06-12 19:31:00,21.7
2025-06-12 12:26:00,33.6
2025-06-12 13:37:00,36.1
2025-06-12 23:47:00,56.3
2025-06-12 15:44:00,49.3
2025-06-12 17:59:00,41.2
2025-06-12 16:32:00,26.2
2025-06-12 21:46:00,50.0997191011236
2025-06-12 14:15:00,7.0
2025-06-12 09:41:00,20.2
2025-06-12 15:53:00,6.4
2025-06-12 18:46:00,81.9
2025-06-12 20:10:00,50.0997191011236
2025-06-12 13:01:00,50.0997191011236
2025-06-12 18:13:00,74.9
2025-06-12 18:53:00,59.6
2025-06-12 11:13:00,26.2
2025-06-12 11:03:00,38.1
2025-06-12 12:17:00,88.5
2025-06-12 13:15:00,54.3
2025-06-12 00:24:00,26.6
2025-06-12 23:20:00,32.1
2025-06-12 13:31:00,94.6
2025-06-12 07:17:00,65.8
2025-06-12 07:08:00,0.3
2025-06-12 06:56:00,53.9
2025-06-12 04:48:00,50.0997191011236
2025-06-12 13:32:00,44.0
2025-06-12 22:03:00,97.9
2025-06-12 12:01:00,51.9
2025-06-12 20:36:00,80.6
2025-06-12 11:21:00,94.5
2025-06-12 17:00:00,50.0997191011236
2025-06-12 09:45:00,89.4
2025-06-12 01:19:00,50.0997191011236
2025-06-12 15:31:00,50.0997191011236
2025-06-12 12:24:00,52.1
2025-06-12 17:49:00,50.0997191011236
2025-06-12 01:46:00,62.0
2025-06-12 22:37:00,82.6
2025-06-12 17:35:00,50.0997191011236
2025-06-12 19:06:00,47.2
2025-06-12 01:45:00,95.3
2025-06-12 20:40:00,50.0997191011236
2025-06-12 14:44:00,99.1
2025-06-12 02:36:00,29.8
2025-06-12 17:04:00,78.5
2025-06-12 19:35:00,62.1
2025-06-12 20:35:00,26.4
2025-06-12 23:16:00,63.2
2025-06-12 03:20:00,21.1
2025-06-12 03:39:00,3.9
2025-06-12 14:36:00,50.0997191011236
2025-06-12 00:58:00,69.5
2025-06-12 18:10:00,51.3
2025-06-12 12:07:00,72.7
2025-06-12 04:25:00,46.4
2025-06-12 04:46:00,53.1
2025-06-12 10:04:00,64.1
2025-06-12 00:32:00,77.8
2025-06-12 14:34:00,34.1
2025-06-12 18:55:00,87.1
2025-06-12 23:25:00,50.0997191011236
2025-06-12 13:33:00,79.5
2025-06-12 16:21:00,77.5
2025-06-12 02:59:00,29.0
2025-06-12 22:34:00,97.1
2025-06-12 18:59:00,40.2
2025-06-12 06:19:00,93.0
2025-06-12 15:27:00,93.6
2025-06-12 20:56:00,18.1
2025-06-12 11:24:00,5.0
2025-06-12 18:45:00,27.0
2025-06-12 05:15:00,50.0997191011236
2025-06-12 09:20:00,65.0
2025-06-12 18:03:00,79.6
2025-06-12 14:30:00,8.3
2025-06-12 22:04:00,11.6
2025-06-12 12:49:00,84.3
2025-06-12 09:42:00,97.2
2025-06-12 20:38:00,76.3
2025-06-12 18:24:00,20.7
2025-06-12 09:57:00,22.1
2025-06-12 01:07:00,38.3
2025-06-12 16:13:00,13.0
2025-06-12 03:03:00,50.0997191011236
2025-06-12 00:15:00,58.7
2025-06-12 02:26:00,69.2
2025-06-12 02:50:00,92.3
2025-06-12 04:55:00,45.6
2025-06-12 10:14:00,11.5
2025-06-12 15:52:00,47.0
2025-06-12 07:46:00,50.0997191011236
2025-06-12 14:46:00,15.0
2025-06-12 04:07:00,19.2
2025-06-12 17:34:00,50.0997191011236
2025-06-12 05:57:00,50.0997191011236
2025-06-12 04:19:00,56.3
2025-06-12 04:53:00,60.2
2025-06-12 12:55:00,93.0
2025-06-12 06:00:00,51.1
2025-06-12 11:58:00,50.0997191011236
2025-06-12 19:12:00,77.9
2025-06-12 14:45:00,48.8
2025-06-12 21:21:00,9.8
2025-06-12 06:28:00,8.1
2025-06-12 07:54:00,52.1
2025-06-12 13:08:00,59.4
2025-06-12 20:43:00,50.0997191011236
2025-06-12 20:54:00,50.0997191011236
2025-06-12 18:31:00,42.4
2025-06-12 07:22:00,63.7
2025-06-12 01:02:00,76.4
2025-06-12 13:56:00,45.4
2025-06-12 08:04:00,64.6
2025-06-12 12:13:00,50.0997191011236
2025-06-12 19:08:00,25.7
2025-06-12 06:23:00,50.7
2025-06-12 22:01:00,50.0997191011236
2025-06-12 08:19:00,95.2
2025-06-12 11:32:00,80.1
2025-06-12 08:25:00,37.0
2025-06-12 10:21:00,83.0
2025-06-12 03:53:00,29.4
2025-06-12 02:13:00,97.6
2025-06-12 08:17:00,50.0997191011236
2025-06-12 14:10:00,20.3
2025-06-12 06:40:00,95.1
2025-06-12 10:15:00,47.2
2025-06-12 03:08:00,79.7
2025-06-12 09:07:00,69.7
2025-06-12 22:44:00,94.9
2025-06-12 02:15:00,50.0997191011236
2025-06-12 02:10:00,50.0997191011236
2025-06-12 03:40:00,50.0997191011236
2025-06-12 03:49:00,72.9
2025-06-12 06:38:00,51.9
2025-06-12 22:33:00,45.5
2025-06-12 08:56:00,74.6
2025-06-12 06:03:00,45.7
2025-06-12 15:09:00,6.8
2025-06-12 19:47:00,15.9
2025-06-12 05:37:00,0.4
2025-06-12 02:14:00,90.5
2025-06-12 03:06:00,62.7
2025-06-12 16:09:00,86.8
2025-06-12 02:11:00,33.4
2025-06-12 10:13:00,65.6
2025-06-12 06:57:00,67.5
2025-06-12 23:54:00,12.9
2025-06-12 08:26:00,11.9
2025-06-12 11:22:00,96.0
2025-06-12 12:10:00,49.889081537019685
2025-06-12 03:13:00,57.5
2025-06-12 08:19:00,85.1
2025-06-12 17:19:00,52.4
2025-06-12 19:39:00,88.0
2025-06-12 20:29:00,11.7
2025-06-12 22:33:00,67.4
2025-06-12 13:28:00,49.889081537019685
2025-06-12 05:38:00,38.4
2025-06-12 12:27:00,31.6
2025-06-12 20:32:00,81.9
2025-06-12 07:13:00,63.1
2025-06-12 13:39:00,32.6
2025-06-12 23:05:00,76.3
2025-06-12 03:16:00,49.6
2025-06-12 01:45:00,4.8
2025-06-12 23:57:00,49.889081537019685
2025-06-12 04:51:00,99.6
2025-06-12 02:38:00,48.7
2025-06-12 20:17:00,67.3
2025-06-12 02:34:00,64.8
2025-06-12 23:53:00,60.1
2025-06-12 22:03:00,98.9
2025-06-12 17:08:00,75.2
2025-06-12 02:14:00,79.0
2025-06-12 05:42:00,37.5
2025-06-12 15:14:00,47.2
2025-06-12 06:07:00,49.889081537019685
2025-06-12 10:11:00,35.8
2025-06-12 07:21:00,1.6
2025-06-12 10:31:00,5.8
2025-06-12 00:12:00,20.4
2025-06-12 11:32:00,55.4
2025-06-12 16:32:00,27.0
2025-06-12 14:40:00,21.3
2025-06-12 21:56:00,79.1
2025-06-12 04:13:00,81.7
2025-06-12 01:01:00,5.7
2025-06-12 15:39:00,49.889081537019685
2025-06-12 01:07:00,99.2
2025-06-12 21:11:00,20.6
2025-06-12 02:15:00,4.3
2025-06-12 19:54:00,16.5
2025-06-12 19:16:00,15.3
2025-06-12 00:01:00,49.889081537019685
2025-06-12 04:18:00,49.889081537019685
2025-06-12 12:56:00,45.3
2025-06-12 12:38:00,85.4
2025-06-12 15:13:00,57.9
2025-06-12 08:52:00,11.1
2025-06-12 12:16:00,49.889081537019685
2025-06-12 06:24:00,6.1
2025-06-12 05:45:00,49.889081537019685
2025-06-12 19:30:00,62.1
2025-06-12 05:19:00,79.1
2025-06-12 19:29:00,68.8
2025-06-12 07:09:00,92.1
2025-06-12 01:20:00,15.7
2025-06-12 17:57:00,51.5
2025-06-12 22:16:00,33.2
2025-06-12 08:24:00,5.7
2025-06-12 12:21:00,91.2
2025-06-12 17:54:00,28.6
2025-06-12 23:41:00,98.2
2025-06-12 03:49:00,26.9
2025-06-12 16:30:00,14.0
2025-06-12 03:40:00,2.1
2025-06-12 14:47:00,19.1
2025-06-12 06:15:00,71.1
2025-06-12 21:39:00,31.0
2025-06-12 06:20:00,32.7
2025-06-12 10:09:00,49.889081537019685
2025-06-12 16:47:00,83.1
2025-06-12 00:11:00,16.7
2025-06-12 08:09:00,48.5
2025-06-12 12:34:00,34.2
2025-06-12 15:12:00,32.0
2025-06-12 07:39:00,3.3
2025-06-12 16:27:00,44.0
2025-06-12 20:55:00,92.2
2025-06-12 10:50:00,65.2
2025-06-12 23:58:00,25.7
2025-06-12 09:23:00,49.889081537019685
2025-06-12 17:27:00,22.2
2025-06-12 14:18:00,49.889081537019685
2025-06-12 09:53:00,2.2
2025-06-12 15:47:00,21.1
2025-06-12 08:35:00,67.8
2025-06-12 18:04:00,38.5
2025-06-12 18:09:00,98.3
2025-06-12 03:15:00,9.2
2025-06-12 14:06:00,49.889081537019685
2025-06-12 09:32:00,73.3
2025-06-12 11:16:00,49.889081537019685
2025-06-12 18:38:00,92.9
2025-06-12 19:50:00,38.3
2025-06-12 07:57:00,1.6
2025-06-12 02:00:00,70.9
2025-06-12 13:57:00,97.0
2025-06-12 19:13:00,76.2
2025-06-12 22:02:00,49.889081537019685
2025-06-12 00:56:00,54.6
2025-06-12 04:36:00,54.6
2025-06-12 07:52:00,15.6
2025-06-12 20:56:00,50.0
2025-06-12 21:47:00,58.3
2025-06-12 06:08:00,12.9
2025-06-12 17:48:00,98.5
2025-06-12 16:59:00,4.3
2025-06-12 04:25:00,41.7
2025-06-12 19:48:00,11.4
2025-06-12 02:16:00,49.889081537019685
2025-06-12 06:06:00,97.0
2025-06-12 17:16:00,48.5
2025-06-12 16:55:00,66.7
2025-06-12 06:25:00,49.889081537019685
2025-06-12 06:11:00,73.0
2025-06-12 17:49:00,49.889081537019685
2025-06-12 13:09:00,39.1
2025-06-12 09:17:00,97.6
2025-06-12 10:33:00,8.5
2025-06-12 00:57:00,83.0
2025-06-12 17:46:00,35.7
2025-06-12 21:17:00,93.0
2025-06-12 14:39:00,9.5
2025-06-12 13:50:00,54.5
2025-06-12 22:37:00,76.2
2025-06-12 18:40:00,10.5
2025-06-12 18:15:00,34.8
2025-06-12 12:30:00,90.0
2025-06-12 20:47:00,13.1
2025-06-12 08:56:00,19.2
2025-06-12 16:41:00,77.1
2025-06-12 02:11:00,19.9
2025-06-12 01:26:00,94.4
2025-06-12 09:22:00,88.8
2025-06-12 03:09:00,49.889081537019685
2025-06-12 17:04:00,49.889081537019685
2025-06-12 08:32:00,13.9
2025-06-12 16:35:00,66.2
2025-06-12 07:37:00,71.2
2025-06-12 10:14:00,38.3
2025-06-12 20:43:00,8.1
2025-06-12 17:53:00,83.9
2025-06-12 11:23:00,49.889081537019685
2025-06-12 07:55:00,49.889081537019685
2025-06-12 11:47:00,77.3
2025-06-12 07:01:00,8.5
2025-06-12 12:37:00,15.6
2025-06-12 14:37:00,41.5
2025-06-12 10:19:00,54.0
2025-06-12 12:42:00,66.3
2025-06-12 16:49:00,35.8
2025-06-12 03:22:00,73.2
2025-06-12 06:38:00,49.889081537019685
2025-06-12 16:05:00,54.9
2025-06-12 13:19:00,18.4
2025-06-12 20:02:00,39.5
2025-06-12 03:51:00,7.0
2025-06-12 11:54:00,49.889081537019685
2025-06-12 17:28:00,59.1
2025-06-12 17:09:00,76.7
2025-06-12 15:36:00,78.6
2025-06-12 12:08:00,49.889081537019685
2025-06-12 01:47:00,81.9
2025-06-12 03:23:00,1.8
2025-06-12 12:59:00,26.8
2025-06-12 10:32:00,77.4
2025-06-12 18:21:00,6.2
2025-06-12 00:28:00,15.7
2025-06-12 11:05:00,74.5
2025-06-12 06:30:00,3.6
2025-06-12 00:22:00,21.8
2025-06-12 07:59:00,43.0
2025-06-12 00:58:00,58.1
2025-06-12 07:27:00,4.3
2025-06-12 08:43:00,49.889081537019685
2025-06-12 06:27:00,14.6
2025-06-12 15:17:00,49.889081537019685
2025-06-12 00:38:00,62.7
2025-06-12 14:53:00,47.4
2025-06-12 07:42:00,50.1
2025-06-12 15:09:00,49.889081537019685
2025-06-12 00:17:00,70.5
2025-06-12 19:46:00,44.9
2025-06-12 05:31:00,92.2
2025-06-12 19:53:00,16.0
2025-06-12 07:04:00,95.3
2025-06-12 19:38:00,52.1
2025-06-12 19:21:00,98.6
2025-06-12 14:28:00,33.2
2025-06-12 15:55:00,99.3
2025-06-12 22:45:00,28.5
2025-06-12 00:03:00,49.889081537019685
2025-06-12 23:08:00,69.8
2025-06-12 03:03:00,92.5
2025-06-12 00:59:00,21.5
2025-06-12 06:37:00,33.4
2025-06-12 07:00:00,48.6
2025-06-12 01:44:00,32.1
2025-06-12 13:37:00,82.3
2025-06-12 04:04:00,49.889081537019685
2025-06-12 04:29:00,49.889081537019685
2025-06-12 05:35:00,58.9
2025-06-12 08:06:00,49.889081537019685
2025-06-12 13:01:00,31.7
2025-06-12 02:27:00,47.5
2025-06-12 06:53:00,79.2
2025-06-12 23:13:00,62.0
2025-06-12 01:52:00,72.6
2025-06-12 01:58:00,76.7
2025-06-12 08:49:00,90.5
2025-06-12 01:37:00,79.9
2025-06-12 08:31:00,86.9
2025-06-12 15:07:00,69.7
2025-06-12 13:32:00,59.5
2025-06-12 15:45:00,52.5
2025-06-12 05:10:00,49.889081537019685
2025-06-12 05:09:00,71.8
2025-06-12 12:09:00,57.4
2025-06-12 16:00:00,96.1
2025-06-12 06:36:00,98.3
2025-06-12 15:58:00,49.889081537019685
2025-06-12 03:12:00,45.9
2025-06-12 03:39:00,49.889081537019685
2025-06-12 08:20:00,90.4
2025-06-12 08:08:00,70.1
2025-06-12 05:23:00,30.1
2025-06-12 05:08:00,5.5
2025-06-12 19:42:00,95.9
2025-06-12 16:26:00,19.2
2025-06-12 07:10:00,41.9
2025-06-12 10:24:00,60.2
2025-06-12 13:29:00,31.0
2025-06-12 01:31:00,87.5
2025-06-12 01:50:00,41.6
2025-06-12 08:27:00,12.2
2025-06-12 20:04:00,92.2
2025-06-12 11:28:00,80.4
2025-06-12 01:24:00,9.6
2025-06-12 02:19:00,16.7
2025-06-12 13:04:00,96.3
2025-06-12 20:52:00,79.6
2025-06-12 00:25:00,1.0
2025-06-12 13:46:00,45.8
2025-06-12 00:42:00,50.1
2025-06-12 23:15:00,60.3
2025-06-12 01:48:00,63.4
2025-06-12 10:22:00,35.6
2025-06-12 20:09:00,79.5
2025-06-12 03:30:00,24.4
2025-06-12 11:02:00,81.6
2025-06-12 04:32:00,15.5
2025-06-12 19:58:00,69.3
2025-06-12 15:08:00,11.7
2025-06-12 23:18:00,30.5
2025-06-12 00:09:00,70.2
2025-06-12 08:38:00,12.9
2025-06-12 11:37:00,5.3
2025-06-12 00:21:00,25.8
2025-06-12 21:03:00,82.5
2025-06-12 06:57:00,49.889081537019685
2025-06-12 15:40:00,85.8
2025-06-12 04:31:00,12.1
2025-06-12 14:26:00,92.4
2025-06-12 07:28:00,49.889081537019685
2025-06-12 17:45:00,3.7
2025-06-12 19:27:00,55.3
2025-06-12 05:01:00,49.889081537019685
2025-06-12 12:35:00,80.1
2025-06-12 19:43:00,28.1
2025-06-12 06:26:00,92.1
2025-06-12 12:00:00,72.1
2025-06-12 06:45:00,49.889081537019685
2025-06-12 09:48:00,83.1
2025-06-12 07:40:00,78.4
2025-06-12 15:50:00,61.6
2025-06-12 13:52:00,87.7
2025-06-12 11:08:00,71.9
2025-06-12 04:55:00,96.6
2025-06-12 13:45:00,52.9
2025-06-12 15:56:00,88.0
2025-06-12 18:00:00,49.889081537019685
2025-06-12 17:38:00,81.5
2025-06-12 18:41:00,60.7
2025-06-12 21:41:00,23.0
2025-06-12 22:05:00,49.889081537019685
2025-06-12 16:40:00,28.1
2025-06-12 08:21:00,49.889081537019685
2025-06-12 02:29:00,93.9
2025-06-12 17:02:00,26.9
2025-06-12 23:06:00,63.9
2025-06-12 03:05:00,24.7
2025-06-12 13:36:00,77.6
2025-06-12 12:46:00,28.7
2025-06-12 03:43:00,87.6
2025-06-12 09:58:00,91.0
2025-06-12 08:01:00,73.2
2025-06-12 03:31:00,65.6
2025-06-12 21:37:00,92.4
2025-06-12 01:35:00,37.5
2025-06-12 09:59:00,12.8
2025-06-12 13:53:00,19.9
2025-06-12 15:18:00,60.0
2025-06-12 08:29:00,88.6
2025-06-12 21:56:00,78.8
2025-06-12 01:44:00,4.3
2025-06-12 22:34:00,19.3
2025-06-12 06:39:00,56.9
2025-06-12 11:59:00,22.2
2025-06-12 02:35:00,50.12778039031272
2025-06-12 23:21:00,12.6
2025-06-12 05:08:00,78.9
2025-06-12 20:32:00,23.4
2025-06-12 05:31:00,17.2
2025-06-12 02:50:00,95.7
2025-06-12 19:48:00,33.4
2025-06-12 23:11:00,63.8
2025-06-12 03:59:00,23.7
2025-06-12 07:49:00,89.9
2025-06-12 03:09:00,86.6
2025-06-12 10:40:00,14.2
2025-06-12 17:57:00,50.12778039031272
2025-06-12 13:35:00,57.7
2025-06-12 13:20:00,69.0
2025-06-12 01:03:00,91.7
2025-06-12 01:42:00,61.4
2025-06-12 10:42:00,15.8
2025-06-12 12:25:00,95.0
2025-06-12 23:27:00,2.1
2025-06-12 08:18:00,2.4
2025-06-12 15:21:00,40.6
2025-06-12 11:12:00,50.12778039031272
2025-06-12 17:09:00,42.9
2025-06-12 13:00:00,29.0
2025-06-12 22:50:00,34.8
2025-06-12 12:34:00,90.6
2025-06-12 16:02:00,0.6
2025-06-12 13:37:00,34.9
2025-06-12 18:41:00,58.7
2025-06-12 00:13:00,18.3
2025-06-12 04:04:00,81.3
2025-06-12 13:51:00,50.12778039031272
2025-06-12 23:47:00,50.12778039031272
2025-06-12 14:24:00,91.8
2025-06-12 17:59:00,12.5
2025-06-12 01:01:00,16.9
2025-06-12 03:19:00,21.7
2025-06-12 11:27:00,59.3
2025-06-12 05:59:00,79.2
2025-06-12 07:04:00,97.9
2025-06-12 01:19:00,44.8
2025-06-12 12:58:00,67.7
2025-06-12 20:56:00,50.12778039031272
2025-06-12 05:12:00,94.8
2025-06-12 19:28:00,3.2
2025-06-12 12:38:00,70.8
2025-06-12 10:33:00,77.0
2025-06-12 20:59:00,69.7
2025-06-12 13:11:00,19.9
2025-06-12 13:29:00,62.8
2025-06-12 04:44:00,39.4
2025-06-12 16:12:00,50.12778039031272
2025-06-12 22:15:00,50.12778039031272
2025-06-12 21:44:00,59.5
2025-06-12 10:53:00,70.4
2025-06-12 05:48:00,26.9
2025-06-12 15:03:00,40.6
2025-06-12 05:09:00,68.2
2025-06-12 22:43:00,49.8
2025-06-12 22:13:00,64.7
2025-06-12 17:07:00,83.8
2025-06-12 09:39:00,13.6
2025-06-12 04:55:00,55.8
2025-06-12 00:24:00,28.5
2025-06-12 12:40:00,38.2
2025-06-12 15:48:00,45.1
2025-06-12 02:47:00,80.3
2025-06-12 21:32:00,62.5
2025-06-12 03:10:00,29.9
2025-06-12 08:52:00,50.12778039031272
2025-06-12 21:21:00,40.3
2025-06-12 14:51:00,91.9
2025-06-12 18:23:00,72.8
2025-06-12 21:06:00,19.7
2025-06-12 01:17:00,1.3
2025-06-12 23:36:00,50.12778039031272
2025-06-12 01:35:00,7.0
2025-06-12 09:20:00,50.12778039031272
2025-06-12 10:47:00,50.12778039031272
2025-06-12 18:48:00,50.12778039031272
2025-06-12 19:03:00,19.4
2025-06-12 00:36:00,20.2
2025-06-12 16:06:00,50.12778039031272
2025-06-12 01:52:00,77.8
2025-06-12 10:21:00,26.5
2025-06-12 21:18:00,86.2
2025-06-12 23:19:00,6.9
2025-06-12 19:50:00,48.7
2025-06-12 19:42:00,16.8
2025-06-12 13:28:00,52.8
2025-06-12 06:12:00,17.0
2025-06-12 00:37:00,50.12778039031272
2025-06-12 10:56:00,81.5
2025-06-12 17:16:00,22.8
2025-06-12 16:57:00,47.3
2025-06-12 09:17:00,40.7
2025-06-12 14:05:00,55.3
2025-06-12 14:33:00,99.8
2025-06-12 23:48:00,92.1
2025-06-12 21:20:00,22.0
2025-06-12 11:08:00,53.7
2025-06-12 20:12:00,78.1
2025-06-12 04:17:00,62.8
2025-06-12 06:02:00,20.1
2025-06-12 08:16:00,65.8
2025-06-12 06:17:00,61.7
2025-06-12 02:20:00,20.0
2025-06-12 12:46:00,66.4
2025-06-12 18:04:00,53.8
2025-06-12 23:58:00,62.8
2025-06-12 10:44:00,58.6
2025-06-12 00:42:00,50.12778039031272
2025-06-12 10:59:00,7.8
2025-06-12 15:25:00,10.5
2025-06-12 09:21:00,51.1
2025-06-12 12:33:00,64.3
2025-06-12 16:23:00,57.7
2025-06-12 23:50:00,88.1
2025-06-12 10:49:00,93.7
2025-06-12 10:51:00,3.3
2025-06-12 06:14:00,36.7
2025-06-12 11:58:00,35.2
2025-06-12 06:56:00,65.1
2025-06-12 22:42:00,64.7
2025-06-12 01:16:00,1.2
2025-06-12 10:09:00,78.4
2025-06-12 03:11:00,89.0
2025-06-12 14:23:00,58.5
2025-06-12 21:13:00,45.5
2025-06-12 05:15:00,23.2
2025-06-12 08:48:00,26.3
2025-06-12 21:35:00,72.7
2025-06-12 18:43:00,50.12778039031272
2025-06-12 16:40:00,21.4
2025-06-12 20:17:00,92.0
2025-06-12 03:29:00,40.7
2025-06-12 15:24:00,33.8
2025-06-12 15:22:00,35.4
2025-06-12 16:47:00,33.1
2025-06-12 17:37:00,74.0
2025-06-12 03:31:00,16.6
2025-06-12 11:07:00,90.8
2025-06-12 04:47:00,61.1
2025-06-12 08:03:00,45.2
2025-06-12 09:18:00,26.6
2025-06-12 20:13:00,33.0
2025-06-12 22:12:00,56.5
2025-06-12 14:25:00,45.6
2025-06-12 13:10:00,69.6
2025-06-12 14:34:00,14.3
2025-06-12 21:46:00,44.3
2025-06-12 06:51:00,50.12778039031272
2025-06-12 07:32:00,37.0
2025-06-12 06:53:00,34.3
2025-06-12 01:05:00,98.6
2025-06-12 11:49:00,90.9
2025-06-12 20:06:00,12.7
2025-06-12 16:26:00,58.7
2025-06-12 00:19:00,50.12778039031272
2025-06-12 10:12:00,54.4
2025-06-12 04:24:00,50.12778039031272
2025-06-12 10:06:00,31.1
2025-06-12 21:01:00,37.8
2025-06-12 16:03:00,50.4
2025-06-12 17:01:00,68.4
2025-06-12 15:00:00,95.1
2025-06-12 07:38:00,50.12778039031272
2025-06-12 01:38:00,84.7
2025-06-12 14:18:00,50.12778039031272
2025-06-12 00:44:00,56.7
2025-06-12 20:50:00,27.3
2025-06-12 16:11:00,28.9
2025-06-12 21:19:00,54.7
2025-06-12 05:25:00,50.12778039031272
2025-06-12 22:55:00,21.9
2025-06-12 22:23:00,95.8
2025-06-12 14:28:00,38.0
2025-06-12 19:11:00,75.0
2025-06-12 03:38:00,50.12778039031272
2025-06-12 04:46:00,44.4
2025-06-12 12:48:00,62.7
2025-06-12 04:57:00,0.4
2025-06-12 11:13:00,48.6
2025-06-12 16:35:00,69.3
2025-06-12 16:25:00,76.0
2025-06-12 02:59:00,87.1
2025-06-12 04:39:00,95.7
2025-06-12 05:37:00,50.12778039031272
2025-06-12 23:31:00,50.12778039031272
2025-06-12 06:45:00,80.7
2025-06-12 00:45:00,50.12778039031272
2025-06-12 02:10:00,73.0
2025-06-12 06:50:00,27.1
2025-06-12 19:44:00,50.12778039031272
2025-06-12 02:03:00,39.8
2025-06-12 08:50:00,50.12778039031272
2025-06-12 02:12:00,54.8
2025-06-12 17:26:00,99.4
2025-06-12 22:06:00,73.7
2025-06-12 02:55:00,50.12778039031272
2025-06-12 22:28:00,50.12778039031272
2025-06-12 03:56:00,1.7
2025-06-12 04:41:00,3.4
2025-06-12 17:04:00,28.7
2025-06-12 04:53:00,50.12778039031272
2025-06-12 12:47:00,89.9
2025-06-12 08:33:00,40.3
2025-06-12 09:16:00,65.9
2025-06-12 22:08:00,50.7
2025-06-12 06:37:00,57.5
2025-06-12 12:12:00,11.0
2025-06-12 10:41:00,26.0
2025-06-12 09:15:00,50.12778039031272
2025-06-12 06:30:00,50.12778039031272
2025-06-12 11:00:00,75.5
2025-06-12 07:54:00,9.0
2025-06-12 11:15:00,13.6
2025-06-12 18:25:00,50.12778039031272
2025-06-12 13:54:00,51.1
2025-06-12 13:46:00,66.5
2025-06-12 19:57:00,94.9
2025-06-12 14:41:00,19.3
2025-06-12 08:06:00,23.0
2025-06-12 08:41:00,58.6
2025-06-12 20:23:00,32.4
2025-06-12 10:37:00,28.9
2025-06-12 21:40:00,88.8
2025-06-12 10:35:00,50.12778039031272
2025-06-12 08:53:00,35.4
2025-06-12 04:25:00,53.8
2025-06-12 23:35:00,92.7
2025-06-12 06:43:00,50.12778039031272
2025-06-12 00:03:00,67.5
2025-06-12 23:32:00,97.9
2025-06-12 21:26:00,2.4
2025-06-12 03:04:00,50.12778039031272
2025-06-12 07:51:00,15.8
2025-06-12 07:42:00,17.9
2025-06-12 23:13:00,50.12778039031272
2025-06-12 03:15:00,76.4
2025-06-12 11:06:00,30.7
2025-06-12 04:12:00,59.9
2025-06-12 16:50:00,79.0
2025-06-12 23:12:00,50.12778039031272
2025-06-12 19:32:00,71.2
2025-06-12 18:21:00,47.0
2025-06-12 04:26:00,10.9
2025-06-12 01:09:00,80.8
2025-06-12 23:38:00,69.7
2025-06-12 06:19:00,72.7
2025-06-12 14:56:00,60.2
2025-06-12 11:02:00,30.8
2025-06-12 23:02:00,31.6
2025-06-12 19:23:00,38.8
2025-06-12 14:14:00,50.12778039031272
2025-06-12 17:35:00,50.12778039031272
2025-06-12 06:25:00,2.7
2025-06-12 23:09:00,50.12778039031272
2025-06-12 17:44:00,78.3
2025-06-12 17:36:00,50.12778039031272
2025-06-12 07:25:00,73.1
2025-06-12 22:16:00,20.3
2025-06-12 14:12:00,62.9
2025-06-12 21:17:00,42.8
2025-06-12 16:30:00,51.5
2025-06-12 15:13:00,50.12778039031272
2025-06-12 01:13:00,17.8
2025-06-12 14:32:00,50.12778039031272
2025-06-12 01:04:00,75.9
2025-06-12 07:52:00,87.6
2025-06-12 19:37:00,89.9
2025-06-12 18:39:00,12.6
2025-06-12 23:43:00,52.5
2025-06-12 20:57:00,50.12778039031272
2025-06-12 19:38:00,95.9
2025-06-12 00:47:00,95.3
2025-06-12 17:03:00,4.5
2025-06-12 13:07:00,61.4
2025-06-12 09:34:00,40.8
2025-06-12 20:08:00,88.6
2025-06-12 01:07:00,98.6
2025-06-12 14:45:00,49.8
2025-06-12 06:54:00,20.1
2025-06-12 04:58:00,50.1655304792927
2025-06-12 06:39:00,76.1
2025-06-12 20:22:00,59.4
2025-06-12 14:40:00,50.1655304792927
2025-06-12 15:07:00,89.7
2025-06-12 15:40:00,97.7
2025-06-12 21:25:00,38.1
2025-06-12 22:31:00,28.4
2025-06-12 00:47:00,84.8
2025-06-12 02:55:00,48.2
2025-06-12 15:01:00,50.1655304792927
2025-06-12 18:56:00,42.7
2025-06-12 03:08:00,63.3
2025-06-12 03:36:00,70.7
2025-06-12 07:55:00,59.4
2025-06-12 14:53:00,61.0
2025-06-12 23:00:00,53.8
2025-06-12 23:01:00,62.5
2025-06-12 11:57:00,10.3
2025-06-12 18:36:00,47.6
2025-06-12 03:44:00,74.4
2025-06-12 17:17:00,54.0
2025-06-12 01:55:00,25.8
2025-06-12 21:08:00,41.6
2025-06-12 17:35:00,45.5
2025-06-12 20:48:00,74.9
2025-06-12 14:15:00,45.4
2025-06-12 23:16:00,51.6
2025-06-12 23:39:00,26.0
2025-06-12 20:57:00,35.2
2025-06-12 20:56:00,10.4
2025-06-12 02:35:00,20.5
2025-06-12 04:03:00,50.1655304792927
2025-06-12 21:32:00,36.5
2025-06-12 11:20:00,12.8
2025-06-12 05:04:00,50.1655304792927
2025-06-12 21:33:00,48.7
2025-06-12 17:37:00,56.9
2025-06-12 05:11:00,6.1
2025-06-12 22:50:00,50.1655304792927
2025-06-12 08:57:00,40.0
2025-06-12 03:27:00,20.7
2025-06-12 19:15:00,79.0
2025-06-12 02:43:00,75.1
2025-06-12 10:35:00,99.8
2025-06-12 03:54:00,29.9
2025-06-12 18:54:00,41.0
2025-06-12 17:05:00,50.1655304792927
2025-06-12 10:26:00,14.7
2025-06-12 00:01:00,12.2
2025-06-12 09:41:00,7.3
2025-06-12 07:50:00,17.4
2025-06-12 02:18:00,94.1
2025-06-12 13:38:00,27.3
2025-06-12 23:34:00,65.8
2025-06-12 06:12:00,30.8
2025-06-12 09:49:00,50.1655304792927
2025-06-12 04:53:00,62.7
2025-06-12 02:36:00,17.0
2025-06-12 13:14:00,91.9
2025-06-12 04:35:00,56.5
2025-06-12 05:08:00,78.8
2025-06-12 12:54:00,48.5
2025-06-12 18:29:00,95.2
2025-06-12 14:13:00,91.4
2025-06-12 22:47:00,37.3
2025-06-12 23:17:00,15.0
2025-06-12 21:34:00,50.1655304792927
2025-06-12 17:33:00,74.4
2025-06-12 08:29:00,19.7
2025-06-12 03:41:00,46.5
2025-06-12 21:46:00,55.6
2025-06-12 17:47:00,72.5
2025-06-12 20:58:00,7.0
2025-06-12 19:10:00,47.1
2025-06-12 22:05:00,63.5
2025-06-12 22:06:00,26.4
2025-06-12 00:52:00,16.5
2025-06-12 01:48:00,50.1655304792927
2025-06-12 00:18:00,2.3
2025-06-12 00:36:00,61.2
2025-06-12 12:48:00,98.8
2025-06-12 03:31:00,89.5
2025-06-12 23:33:00,85.6
2025-06-12 03:48:00,4.3
2025-06-12 18:39:00,60.0
2025-06-12 14:55:00,74.2
2025-06-12 04:47:00,10.5
2025-06-12 11:38:00,24.9
2025-06-12 04:43:00,94.5
2025-06-12 20:29:00,50.1655304792927
2025-06-12 21:51:00,54.7
2025-06-12 13:09:00,70.8
2025-06-12 16:36:00,44.7
2025-06-12 23:35:00,41.5
2025-06-12 05:21:00,27.7
2025-06-12 01:29:00,75.9
2025-06-12 14:08:00,2.2
2025-06-12 21:44:00,32.1
2025-06-12 07:13:00,81.0
2025-06-12 05:54:00,89.5
2025-06-12 03:33:00,82.4
2025-06-12 18:59:00,78.1
2025-06-12 03:43:00,68.0
2025-06-12 03:32:00,66.9
2025-06-12 20:32:00,22.6
2025-06-12 00:25:00,40.8
2025-06-12 10:00:00,14.5
2025-06-12 19:55:00,36.4
2025-06-12 04:55:00,61.8
2025-06-12 17:21:00,48.7
2025-06-12 14:52:00,23.0
2025-06-12 11:54:00,1.2
2025-06-12 19:31:00,32.9
2025-06-12 08:56:00,42.8
2025-06-12 23:30:00,36.1
2025-06-12 16:22:00,32.7
2025-06-12 00:29:00,96.5
2025-06-12 05:50:00,57.2
2025-06-12 21:05:00,98.7
2025-06-12 15:49:00,5.9
2025-06-12 05:18:00,57.1
2025-06-12 16:31:00,29.8
2025-06-12 03:49:00,44.0
2025-06-12 12:38:00,24.7
2025-06-12 13:59:00,34.0
2025-06-12 19:09:00,8.0
2025-06-12 01:25:00,87.5
2025-06-12 01:56:00,30.9
2025-06-12 15:54:00,43.0
2025-06-12 00:00:00,58.9
2025-06-12 21:01:00,91.3
2025-06-12 22:46:00,26.3
2025-06-12 03:12:00,63.2
2025-06-12 10:32:00,63.1
2025-06-12 07:37:00,13.9
2025-06-12 19:36:00,93.6
2025-06-12 02:33:00,63.8
2025-06-12 06:24:00,0.5
2025-06-12 11:07:00,55.1
2025-06-12 04:31:00,72.5
2025-06-12 19:27:00,95.7
2025-06-12 22:25:00,96.1
2025-06-12 01:21:00,26.8
2025-06-12 15:43:00,94.5
2025-06-12 13:41:00,43.7
2025-06-12 14:28:00,49.1
2025-06-12 03:34:00,97.0
2025-06-12 12:55:00,71.1
2025-06-12 15:37:00,49.5
2025-06-12 04:14:00,88.6
2025-06-12 06:40:00,2.7
2025-06-12 00:40:00,77.4
2025-06-12 10:16:00,61.6
2025-06-12 09:06:00,77.9
2025-06-12 23:09:00,50.1655304792927
2025-06-12 01:43:00,68.1
2025-06-12 15:47:00,99.1
2025-06-12 06:33:00,53.9
2025-06-12 09:56:00,20.5
2025-06-12 11:35:00,64.1
2025-06-12 19:56:00,50.1655304792927
2025-06-12 14:35:00,35.7
2025-06-12 19:11:00,6.2
2025-06-12 08:53:00,50.1655304792927
2025-06-12 19:50:00,9.2
2025-06-12 02:45:00,9.0
2025-06-12 05:52:00,1.1
2025-06-12 06:29:00,68.3
2025-06-12 01:41:00,63.1
2025-06-12 04:04:00,86.8
2025-06-12 01:16:00,88.8
2025-06-12 13:46:00,8.9
2025-06-12 15:21:00,77.6
2025-06-12 07:24:00,25.3
2025-06-12 10:54:00,50.1655304792927
2025-06-12 05:41:00,54.8
2025-06-12 06:14:00,95.6
2025-06-12 23:56:00,54.2
2025-06-12 03:10:00,50.2
2025-06-12 17:56:00,63.1
2025-06-12 17:36:00,27.5
2025-06-12 18:52:00,50.1655304792927
2025-06-12 03:14:00,50.1655304792927
2025-06-12 15:59:00,50.1655304792927
2025-06-12 02:40:00,64.4
2025-06-12 21:12:00,17.3
2025-06-12 16:40:00,58.9
2025-06-12 23:43:00,51.8
2025-06-12 07:05:00,60.8
2025-06-12 00:16:00,40.4
2025-06-12 19:05:00,94.5
2025-06-12 01:26:00,3.2
2025-06-12 00:55:00,9.3
2025-06-12 14:42:00,7.4
2025-06-12 20:40:00,23.6
2025-06-12 08:20:00,2.2
2025-06-12 00:05:00,53.8
2025-06-12 08:25:00,90.6
2025-06-12 17:28:00,92.0
2025-06-12 03:35:00,74.5
2025-06-12 02:57:00,54.4
2025-06-12 04:56:00,64.7
2025-06-12 05:06:00,50.1655304792927
2025-06-12 19:43:00,50.1655304792927
2025-06-12 01:33:00,12.3
2025-06-12 20:16:00,72.1
2025-06-12 06:18:00,53.4
2025-06-12 01:27:00,50.1655304792927
2025-06-12 14:07:00,26.4
2025-06-12 08:34:00,54.0
2025-06-12 19:22:00,15.8
2025-06-12 12:59:00,50.1655304792927
2025-06-12 03:57:00,29.9
2025-06-12 15:23:00,40.9
2025-06-12 15:08:00,14.6
2025-06-12 01:12:00,56.4
2025-06-12 17:23:00,38.3
2025-06-12 08:15:00,54.6
2025-06-12 02:51:00,27.0
2025-06-12 17:45:00,38.3
2025-06-12 18:44:00,43.6
2025-06-12 04:10:00,37.3
2025-06-12 19:59:00,61.5
2025-06-12 13:52:00,73.7
2025-06-12 02:28:00,49.4
2025-06-12 19:51:00,36.8
2025-06-12 00:43:00,25.3
2025-06-12 07:22:00,87.8
2025-06-12 20:03:00,53.5
2025-06-12 12:40:00,14.6
2025-06-12 10:06:00,50.1655304792927
2025-06-12 20:49:00,54.8
2025-06-12 18:02:00,3.6
2025-06-12 15:06:00,50.1655304792927
2025-06-12 16:01:00,35.6
2025-06-12 22:54:00,22.4
2025-06-12 14:18:00,71.6
2025-06-12 16:11:00,50.1655304792927
2025-06-12 20:25:00,86.0
2025-06-12 01:32:00,11.5
2025-06-12 03:38:00,10.2
2025-06-12 21:09:00,94.4
2025-06-12 05:43:00,88.3
2025-06-12 01:50:00,94.0
2025-06-12 18:49:00,50.1655304792927
2025-06-12 03:42:00,73.0
2025-06-12 03:25:00,46.0
2025-06-12 00:41:00,13.4
2025-06-12 00:30:00,19.4
2025-06-12 02:30:00,79.4
2025-06-12 17:30:00,89.9
2025-06-12 10:30:00,21.5
2025-06-12 03:24:00,59.7
2025-06-12 23:47:00,50.1655304792927
2025-06-12 18:41:00,94.7
2025-06-12 22:19:00,50.1655304792927
2025-06-12 10:49:00,51.1
2025-06-12 03:55:00,50.1655304792927
2025-06-12 23:40:00,56.4
2025-06-12 04:49:00,50.1655304792927
2025-06-12 03:39:00,50.1655304792927
2025-06-12 06:28:00,83.6
2025-06-12 20:04:00,75.2
2025-06-12 19:14:00,42.9
2025-06-12 12:23:00,54.2
2025-06-12 19:21:00,35.9
2025-06-12 02:06:00,88.3
2025-06-12 06:56:00,25.3
2025-06-12 15:28:00,78.8
2025-06-12 23:14:00,64.7
2025-06-12 06:04:00,69.9
2025-06-12 01:59:00,43.8
2025-06-12 00:03:00,19.5
2025-06-12 23:18:00,82.9
2025-06-12 23:07:00,94.2
2025-06-12 23:31:00,75.9
2025-06-12 21:39:00,40.1
2025-06-12 14:12:00,68.3
2025-06-12 07:43:00,37.5
2025-06-12 02:04:00,50.2
2025-06-12 16:49:00,15.1
2025-06-12 22:58:00,67.9
2025-06-12 11:53:00,97.2
2025-06-12 03:29:00,32.9
2025-06-12 15:33:00,67.5
2025-06-12 13:42:00,44.6
2025-06-12 17:01:00,50.1655304792927
2025-06-12 12:42:00,50.0
2025-06-12 02:49:00,84.2
2025-06-12 19:01:00,55.2
2025-06-12 09:34:00,13.9
2025-06-12 21:57:00,13.0
2025-06-12 04:19:00,85.3
2025-06-12 02:57:00,68.2
2025-06-12 17:31:00,50.16485882352941
2025-06-12 18:36:00,50.16485882352941
2025-06-12 20:34:00,90.4
2025-06-12 01:38:00,57.6
2025-06-12 05:58:00,59.2
2025-06-12 17:59:00,50.16485882352941
2025-06-12 11:47:00,50.16485882352941
2025-06-12 17:08:00,50.16485882352941
2025-06-12 22:39:00,98.1
2025-06-12 15:03:00,6.4
2025-06-12 10:36:00,54.5
2025-06-12 14:41:00,67.3
2025-06-12 00:19:00,99.8
2025-06-12 23:50:00,82.5
2025-06-12 16:58:00,50.16485882352941
2025-06-12 17:30:00,50.16485882352941
2025-06-12 17:33:00,50.16485882352941
2025-06-12 19:51:00,19.6
2025-06-12 10:39:00,38.0
2025-06-12 18:55:00,3.3
2025-06-12 04:10:00,53.3
2025-06-12 03:03:00,28.9
2025-06-12 03:42:00,50.16485882352941
2025-06-12 05:35:00,78.0
2025-06-12 01:40:00,43.4
2025-06-12 19:15:00,74.8
2025-06-12 00:51:00,44.6
2025-06-12 00:49:00,15.7
2025-06-12 09:06:00,63.0
2025-06-12 07:57:00,67.0
2025-06-12 19:07:00,48.0
2025-06-12 00:42:00,99.1
2025-06-12 06:53:00,13.1
2025-06-12 00:52:00,7.9
2025-06-12 04:09:00,59.1
2025-06-12 11:07:00,25.1
2025-06-12 13:18:00,32.7
2025-06-12 10:27:00,3.0
2025-06-12 13:02:00,65.2
2025-06-12 00:09:00,45.9
2025-06-12 02:10:00,74.5
2025-06-12 20:46:00,45.9
2025-06-12 09:07:00,90.2
2025-06-12 21:26:00,35.2
2025-06-12 06:20:00,39.6
2025-06-12 08:43:00,67.5
2025-06-12 14:14:00,70.9
2025-06-12 00:10:00,13.0
2025-06-12 16:11:00,81.9
2025-06-12 03:11:00,48.6
2025-06-12 03:34:00,68.0
2025-06-12 08:21:00,5.9
2025-06-12 21:06:00,79.7
2025-06-12 12:58:00,50.9
2025-06-12 12:36:00,50.16485882352941
2025-06-12 07:49:00,41.3
2025-06-12 03:04:00,59.8
2025-06-12 00:58:00,98.5
2025-06-12 16:34:00,63.3
2025-06-12 02:03:00,0.3
2025-06-12 14:09:00,16.7
2025-06-12 03:45:00,19.7
2025-06-12 22:51:00,22.6
2025-06-12 06:10:00,72.0
2025-06-12 15:31:00,29.2
2025-06-12 06:04:00,77.6
2025-06-12 05:28:00,95.1
2025-06-12 09:37:00,26.7
2025-06-12 22:36:00,50.16485882352941
2025-06-12 01:57:00,18.4
2025-06-12 22:41:00,50.16485882352941
2025-06-12 01:32:00,85.4
2025-06-12 05:00:00,50.16485882352941
2025-06-12 11:32:00,98.1
2025-06-12 16:15:00,67.7
2025-06-12 01:28:00,86.6
2025-06-12 01:37:00,52.5
2025-06-12 07:40:00,50.1
2025-06-12 04:11:00,2.8
2025-06-12 18:45:00,46.5
2025-06-12 23:21:00,87.8
2025-06-12 20:26:00,24.9
2025-06-12 22:53:00,17.7
2025-06-12 03:23:00,67.4
2025-06-12 10:08:00,54.7
2025-06-12 06:26:00,50.16485882352941
2025-06-12 12:12:00,16.9
2025-06-12 21:45:00,5.3
2025-06-12 03:28:00,84.0
2025-06-12 19:56:00,39.2
2025-06-12 12:26:00,85.8
2025-06-12 07:41:00,38.7
2025-06-12 01:03:00,62.5
2025-06-12 03:37:00,39.7
2025-06-12 20:24:00,50.16485882352941
2025-06-12 04:18:00,70.4
2025-06-12 02:06:00,35.1
2025-06-12 16:40:00,50.16485882352941
2025-06-12 00:25:00,34.4
2025-06-12 07:46:00,17.4
2025-06-12 19:09:00,30.8
2025-06-12 09:42:00,65.7
2025-06-12 05:41:00,64.8
2025-06-12 21:48:00,92.8
2025-06-12 23:15:00,17.2
2025-06-12 04:37:00,33.6
2025-06-12 11:02:00,40.7
2025-06-12 07:31:00,90.9
2025-06-12 15:35:00,46.2
2025-06-12 01:00:00,72.6
2025-06-12 23:01:00,65.6
2025-06-12 00:38:00,92.5
2025-06-12 11:17:00,56.7
2025-06-12 06:30:00,53.4
2025-06-12 06:05:00,5.5
2025-06-12 00:15:00,50.16485882352941
2025-06-12 05:57:00,50.16485882352941
2025-06-12 21:34:00,98.1
2025-06-12 17:37:00,66.2
2025-06-12 23:59:00,6.9
2025-06-12 08:38:00,53.2
2025-06-12 07:00:00,44.7
2025-06-12 04:28:00,24.4
2025-06-12 06:08:00,66.9
2025-06-12 12:33:00,87.3
2025-06-12 20:13:00,22.9
2025-06-12 23:38:00,50.16485882352941
2025-06-12 14:47:00,98.1
2025-06-12 20:14:00,96.8
2025-06-12 00:54:00,78.0
2025-06-12 15:34:00,76.8
2025-06-12 00:18:00,20.1
2025-06-12 01:15:00,18.6
2025-06-12 00:16:00,23.4
2025-06-12 19:28:00,3.9
2025-06-12 06:02:00,68.0
2025-06-12 06:27:00,50.16485882352941
2025-06-12 16:49:00,50.16485882352941
2025-06-12 06:25:00,63.3
2025-06-12 18:11:00,50.16485882352941
2025-06-12 02:49:00,29.6
2025-06-12 02:46:00,9.5
2025-06-12 16:06:00,40.8
2025-06-12 01:22:00,74.8
2025-06-12 09:39:00,97.7
2025-06-12 18:31:00,50.16485882352941
2025-06-12 08:17:00,50.16485882352941
2025-06-12 00:36:00,49.9
2025-06-12 10:18:00,69.9
2025-06-12 17:32:00,29.0
2025-06-12 06:46:00,21.0
2025-06-12 06:43:00,50.16485882352941
2025-06-12 01:10:00,20.0
2025-06-12 06:12:00,14.2
2025-06-12 05:56:00,50.16485882352941
2025-06-12 21:42:00,78.6
2025-06-12 15:29:00,28.0
2025-06-12 15:50:00,59.3
2025-06-12 08:29:00,50.6
2025-06-12 23:40:00,43.6
2025-06-12 21:46:00,61.4
2025-06-12 20:57:00,69.4
2025-06-12 14:26:00,8.6
2025-06-12 21:49:00,9.9
2025-06-12 20:02:00,68.5
2025-06-12 17:46:00,72.9
2025-06-12 00:23:00,58.5
2025-06-12 03:17:00,50.16485882352941
2025-06-12 10:53:00,40.0
2025-06-12 05:36:00,35.9
2025-06-12 09:15:00,95.6
2025-06-12 23:18:00,49.5
2025-06-12 02:34:00,50.8
2025-06-12 07:01:00,22.4
2025-06-12 02:32:00,30.3
2025-06-12 12:50:00,9.5
2025-06-12 08:27:00,99.5
2025-06-12 04:13:00,33.3
2025-06-12 16:19:00,88.5
2025-06-12 18:26:00,70.9
2025-06-12 11:48:00,50.16485882352941
2025-06-12 22:43:00,77.8
2025-06-12 03:54:00,45.7
2025-06-12 08:23:00,66.5
2025-06-12 16:57:00,31.4
2025-06-12 21:35:00,46.0
2025-06-12 00:01:00,84.9
2025-06-12 12:59:00,50.16485882352941
2025-06-12 00:12:00,35.7
2025-06-12 19:30:00,45.8
2025-06-12 15:30:00,52.6
2025-06-12 08:35:00,66.0
2025-06-12 08:50:00,50.16485882352941
2025-06-12 07:23:00,87.7
2025-06-12 19:55:00,14.5
2025-06-12 16:07:00,50.16485882352941
2025-06-12 23:36:00,66.9
2025-06-12 16:28:00,88.8
2025-06-12 04:44:00,67.3
2025-06-12 08:10:00,50.16485882352941
2025-06-12 11:46:00,70.1
2025-06-12 07:03:00,39.3
2025-06-12 07:14:00,50.16485882352941
2025-06-12 06:34:00,46.8
2025-06-12 23:47:00,91.9
2025-06-12 10:46:00,65.3
2025-06-12 18:53:00,27.1
2025-06-12 00:31:00,7.0
2025-06-12 22:29:00,32.6
2025-06-12 23:24:00,46.0
2025-06-12 22:07:00,15.7
2025-06-12 10:10:00,50.16485882352941
2025-06-12 18:23:00,38.9
2025-06-12 13:56:00,88.8
2025-06-12 03:15:00,19.3
2025-06-12 17:35:00,8.6
2025-06-12 09:29:00,34.0
2025-06-12 10:43:00,49.8
2025-06-12 07:02:00,50.16485882352941
2025-06-12 12:51:00,88.0
2025-06-12 19:59:00,22.8
2025-06-12 05:51:00,82.1
2025-06-12 19:11:00,99.9
2025-06-12 18:04:00,76.1
2025-06-12 21:04:00,80.8
2025-06-12 22:24:00,15.1
2025-06-12 17:51:00,44.5
2025-06-12 23:03:00,15.2
2025-06-12 01:24:00,71.9
2025-06-12 06:15:00,18.9
2025-06-12 09:01:00,24.1
2025-06-12 07:22:00,29.9
2025-06-12 10:57:00,94.1
2025-06-12 07:48:00,89.1
2025-06-12 16:42:00,71.8
2025-06-12 20:10:00,79.3
2025-06-12 11:28:00,77.3
2025-06-12 07:28:00,45.9
2025-06-12 00:35:00,49.8
2025-06-12 23:07:00,50.16485882352941
2025-06-12 23:29:00,50.16485882352941
2025-06-12 04:30:00,78.7
2025-06-12 17:52:00,50.16485882352941
2025-06-12 06:03:00,47.3
2025-06-12 06:21:00,95.3
2025-06-12 22:45:00,32.0
2025-06-12 09:41:00,50.16485882352941
2025-06-12 04:27:00,79.6
2025-06-12 13:38:00,0.6
2025-06-12 11:42:00,14.7
2025-06-12 20:16:00,24.0
2025-06-12 23:49:00,14.6
2025-06-12 14:00:00,50.16485882352941
2025-06-12 19:31:00,63.3
2025-06-12 05:59:00,67.6
2025-06-12 02:35:00,48.9
2025-06-12 20:20:00,69.3
2025-06-12 00:17:00,16.9
2025-06-12 00:33:00,23.5
2025-06-12 22:04:00,50.16485882352941
2025-06-12 17:20:00,50.16485882352941
2025-06-12 13:44:00,16.2
2025-06-12 02:05:00,18.4
2025-06-12 21:55:00,2.9
2025-06-12 01:17:00,47.9
2025-06-12 20:33:00,82.0
2025-06-12 21:27:00,32.3
2025-06-12 08:39:00,50.16485882352941
2025-06-12 07:58:00,37.7
2025-06-12 21:07:00,37.9
2025-06-12 20:53:00,35.5
2025-06-12 17:04:00,84.9
2025-06-12 08:44:00,41.5
2025-06-12 15:40:00,27.5
2025-06-12 16:02:00,31.1
2025-06-12 23:44:00,50.16485882352941
2025-06-12 09:46:00,50.16485882352941
2025-06-12 11:56:00,50.16485882352941
2025-06-12 18:15:00,31.0
2025-06-12 16:12:00,50.16485882352941
2025-06-12 04:45:00,64.9
2025-06-12 09:00:00,14.9
2025-06-12 11:55:00,69.1
2025-06-12 11:40:00,56.0
2025-06-12 22:20:00,8.3
2025-06-12 21:03:00,16.0
2025-06-12 10:02:00,50.16485882352941
2025-06-12 02:08:00,97.6
2025-06-12 05:30:00,90.7
2025-06-12 08:49:00,4.4
2025-06-12 10:30:00,89.6
2025-06-12 00:13:00,32.5
2025-06-12 22:05:00,13.6
2025-06-12 01:05:00,64.2
2025-06-12 18:27:00,50.16485882352941
2025-06-12 10:17:00,12.1
2025-06-12 13:33:00,50.16485882352941
2025-06-12 13:07:00,50.16485882352941
2025-06-12 22:49:00,30.5
2025-06-12 04:43:00,78.5
2025-06-12 22:31:00,83.1
2025-06-12 19:25:00,78.6
2025-06-12 03:10:00,13.2
2025-06-12 06:16:00,50.16485882352941
2025-06-12 06:50:00,50.16485882352941
2025-06-12 07:34:00,77.5
2025-06-12 21:14:00,46.7
2025-06-12 08:34:00,9.5
2025-06-12 21:11:00,1.4
2025-06-12 09:59:00,55.5
2025-06-12 07:05:00,50.9
2025-06-12 20:19:00,49.7
2025-06-12 22:58:00,31.7
2025-06-12 14:36:00,49.40323484760014
2025-06-12 14:54:00,68.6
2025-06-12 09:39:00,25.7
2025-06-12 01:28:00,49.40323484760014
2025-06-12 17:56:00,49.40323484760014
2025-06-12 14:45:00,49.40323484760014
2025-06-12 16:35:00,9.0
2025-06-12 19:05:00,42.8
2025-06-12 19:22:00,52.6
2025-06-12 21:58:00,69.1
2025-06-12 06:43:00,91.4
2025-06-12 08:00:00,62.7
2025-06-12 08:32:00,45.0
2025-06-12 16:49:00,79.9
2025-06-12 04:38:00,33.0
2025-06-12 15:15:00,38.6
2025-06-12 00:01:00,49.40323484760014
2025-06-12 21:08:00,53.4
2025-06-12 08:55:00,84.9
2025-06-12 17:54:00,68.6
2025-06-12 16:54:00,49.40323484760014
2025-06-12 03:36:00,70.3
2025-06-12 17:44:00,29.0
2025-06-12 22:23:00,49.40323484760014
2025-06-12 18:42:00,30.1
2025-06-12 23:25:00,85.4
2025-06-12 23:27:00,59.5
2025-06-12 05:24:00,49.40323484760014
2025-06-12 06:14:00,42.1
2025-06-12 04:56:00,76.0
2025-06-12 06:46:00,14.3
2025-06-12 22:38:00,68.8
2025-06-12 14:28:00,31.8
2025-06-12 09:28:00,33.8
2025-06-12 21:10:00,13.7
2025-06-12 02:39:00,11.0
2025-06-12 17:53:00,6.1
2025-06-12 09:03:00,52.5
2025-06-12 20:13:00,49.40323484760014
2025-06-12 21:06:00,49.40323484760014
2025-06-12 09:13:00,11.1
2025-06-12 05:59:00,50.6
2025-06-12 19:58:00,71.5
2025-06-12 17:50:00,11.8
2025-06-12 11:42:00,48.9
2025-06-12 12:56:00,77.9
2025-06-12 06:01:00,96.6
2025-06-12 04:37:00,40.7
2025-06-12 19:46:00,13.3
2025-06-12 11:10:00,16.6
2025-06-12 13:13:00,96.2
2025-06-12 17:10:00,49.40323484760014
2025-06-12 23:05:00,99.5
2025-06-12 03:28:00,91.3
2025-06-12 06:31:00,64.1
2025-06-12 01:41:00,48.2
2025-06-12 08:46:00,97.5
2025-06-12 14:18:00,22.7
2025-06-12 02:59:00,36.6
2025-06-12 13:50:00,95.5
2025-06-12 16:38:00,28.8
2025-06-12 04:26:00,15.9
2025-06-12 19:00:00,50.3
2025-06-12 00:05:00,70.3
2025-06-12 00:12:00,73.2
2025-06-12 14:55:00,49.40323484760014
2025-06-12 07:56:00,49.40323484760014
2025-06-12 01:44:00,97.8
2025-06-12 06:54:00,13.6
2025-06-12 21:25:00,45.3
2025-06-12 00:16:00,38.6
2025-06-12 13:04:00,56.1
2025-06-12 15:52:00,66.9
2025-06-12 08:08:00,61.3
2025-06-12 03:26:00,95.0
2025-06-12 20:15:00,53.4
2025-06-12 15:24:00,54.6
2025-06-12 03:50:00,88.2
2025-06-12 10:48:00,93.3
2025-06-12 11:14:00,98.1
2025-06-12 08:59:00,50.7
2025-06-12 09:32:00,44.5
2025-06-12 09:07:00,96.6
2025-06-12 21:24:00,39.4
2025-06-12 14:51:00,49.40323484760014
2025-06-12 04:58:00,34.1
2025-06-12 18:08:00,49.40323484760014
2025-06-12 09:53:00,51.2
2025-06-12 23:17:00,76.0
2025-06-12 19:40:00,85.9
2025-06-12 22:15:00,0.7
2025-06-12 08:33:00,81.3
2025-06-12 22:02:00,31.8
2025-06-12 07:32:00,54.7
2025-06-12 10:46:00,49.40323484760014
2025-06-12 20:04:00,72.6
2025-06-12 19:02:00,49.40323484760014
2025-06-12 09:51:00,73.3
2025-06-12 16:03:00,35.7
2025-06-12 22:27:00,58.3
2025-06-12 17:51:00,34.8
2025-06-12 01:09:00,79.5
2025-06-12 01:56:00,81.0
2025-06-12 05:47:00,92.6
2025-06-12 01:10:00,55.3
2025-06-12 04:25:00,48.8
2025-06-12 22:03:00,62.9
2025-06-12 09:18:00,83.4
2025-06-12 23:20:00,49.40323484760014
2025-06-12 11:39:00,70.0
2025-06-12 03:15:00,83.9
2025-06-12 01:04:00,49.40323484760014
2025-06-12 05:17:00,79.6
2025-06-12 12:29:00,17.7
2025-06-12 15:35:00,9.7
2025-06-12 06:04:00,8.6
2025-06-12 10:14:00,13.2
2025-06-12 23:58:00,13.3
2025-06-12 01:46:00,64.4
2025-06-12 01:06:00,7.4
2025-06-12 12:37:00,49.1
2025-06-12 17:12:00,44.5
2025-06-12 14:34:00,75.2
2025-06-12 02:34:00,49.0
2025-06-12 03:53:00,11.2
2025-06-12 01:33:00,54.4
2025-06-12 22:50:00,59.4
2025-06-12 14:09:00,59.7
2025-06-12 08:15:00,61.3
2025-06-12 13:19:00,92.5
2025-06-12 17:23:00,59.5
2025-06-12 22:14:00,19.5
2025-06-12 17:32:00,43.0
2025-06-12 22:28:00,95.8
2025-06-12 14:06:00,49.40323484760014
2025-06-12 19:23:00,49.40323484760014
2025-06-12 08:17:00,42.4
2025-06-12 05:10:00,27.3
2025-06-12 05:50:00,31.3
2025-06-12 06:05:00,17.3
2025-06-12 00:29:00,68.1
2025-06-12 23:45:00,90.9
2025-06-12 06:39:00,49.40323484760014
2025-06-12 10:32:00,59.9
2025-06-12 01:22:00,15.5
2025-06-12 08:50:00,6.3
2025-06-12 14:11:00,49.40323484760014
2025-06-12 09:16:00,17.9
2025-06-12 12:01:00,33.5
2025-06-12 19:21:00,33.7
2025-06-12 20:39:00,23.1
2025-06-12 03:37:00,23.6
2025-06-12 19:31:00,78.2
2025-06-12 17:47:00,49.40323484760014
2025-06-12 03:45:00,12.6
2025-06-12 22:10:00,16.0
2025-06-12 10:36:00,15.5
2025-06-12 09:23:00,6.3
2025-06-12 22:21:00,49.40323484760014
2025-06-12 15:39:00,20.2
2025-06-12 20:41:00,66.3
2025-06-12 04:35:00,70.5
2025-06-12 03:09:00,94.3
2025-06-12 21:42:00,22.5
2025-06-12 21:33:00,52.7
2025-06-12 13:56:00,50.3
2025-06-12 23:07:00,49.40323484760014
2025-06-12 00:54:00,11.2
2025-06-12 04:52:00,87.5
2025-06-12 06:22:00,68.8
2025-06-12 15:19:00,55.4
2025-06-12 13:28:00,76.8
2025-06-12 04:17:00,47.9
2025-06-12 03:29:00,49.40323484760014
2025-06-12 09:45:00,48.6
2025-06-12 11:57:00,54.9
2025-06-12 21:46:00,14.3
2025-06-12 12:14:00,70.2
2025-06-12 10:00:00,47.7
2025-06-12 15:04:00,69.8
2025-06-12 13:18:00,38.1
2025-06-12 11:43:00,64.4
2025-06-12 09:08:00,42.3
2025-06-12 13:44:00,82.1
2025-06-12 06:50:00,86.1
2025-06-12 06:18:00,31.2
2025-06-12 21:19:00,31.6
2025-06-12 21:56:00,31.1
2025-06-12 02:32:00,39.8
2025-06-12 23:52:00,41.5
2025-06-12 14:16:00,18.1
2025-06-12 01:24:00,69.1
2025-06-12 11:45:00,49.40323484760014
2025-06-12 01:05:00,76.2
2025-06-12 21:05:00,30.9
2025-06-12 04:16:00,53.3
2025-06-12 22:39:00,49.40323484760014
2025-06-12 11:12:00,64.2
2025-06-12 20:22:00,49.40323484760014
2025-06-12 19:41:00,1.3
2025-06-12 21:13:00,49.40323484760014
2025-06-12 12:02:00,49.40323484760014
2025-06-12 11:17:00,49.40323484760014
2025-06-12 10:28:00,14.1
2025-06-12 09:05:00,84.6
2025-06-12 14:24:00,16.0
2025-06-12 16:12:00,86.2
2025-06-12 20:14:00,6.0
2025-06-12 08:49:00,49.40323484760014
2025-06-12 06:56:00,35.8
2025-06-12 04:59:00,58.1
2025-06-12 20:23:00,49.40323484760014
2025-06-12 18:09:00,93.5
2025-06-12 15:30:00,3.9
2025-06-12 08:13:00,92.9
2025-06-12 09:44:00,94.0
2025-06-12 21:18:00,77.2
2025-06-12 19:36:00,88.5
2025-06-12 17:38:00,73.8
2025-06-12 20:17:00,53.3
2025-06-12 05:11:00,47.1
2025-06-12 09:29:00,84.4
2025-06-12 12:05:00,49.40323484760014
2025-06-12 23:40:00,93.2
2025-06-12 13:10:00,5.3
2025-06-12 23:03:00,91.7
2025-06-12 13:15:00,7.4
2025-06-12 05:57:00,35.4
2025-06-12 06:25:00,77.5
2025-06-12 14:17:00,5.2
2025-06-12 00:50:00,69.6
2025-06-12 15:45:00,62.8
2025-06-12 23:42:00,70.5
2025-06-12 16:08:00,77.5
2025-06-12 11:18:00,24.9
2025-06-12 04:13:00,66.7
2025-06-12 01:47:00,49.8
2025-06-12 23:22:00,49.40323484760014
2025-06-12 20:42:00,64.3
2025-06-12 05:01:00,97.3
2025-06-12 10:25:00,51.7
2025-06-12 21:47:00,35.0
2025-06-12 01:31:00,54.6
2025-06-12 15:16:00,21.1
2025-06-12 13:35:00,14.3
2025-06-12 13:51:00,33.7
2025-06-12 00:40:00,86.7
2025-06-12 04:40:00,49.40323484760014
2025-06-12 03:42:00,27.7
2025-06-12 00:30:00,74.8
2025-06-12 18:41:00,83.4
2025-06-12 18:49:00,49.40323484760014
2025-06-12 15:13:00,65.8
2025-06-12 01:35:00,13.7
2025-06-12 07:48:00,49.40323484760014
2025-06-12 17:17:00,54.6
2025-06-12 11:35:00,66.1
2025-06-12 16:25:00,2.6
2025-06-12 22:34:00,86.4
2025-06-12 16:27:00,41.7
2025-06-12 19:55:00,29.5
2025-06-12 05:19:00,49.40323484760014
2025-06-12 13:47:00,50.4
2025-06-12 03:22:00,7.2
2025-06-12 07:06:00,57.4
2025-06-12 00:18:00,41.8
2025-06-12 17:26:00,58.0
2025-06-12 16:09:00,2.0
2025-06-12 12:27:00,18.8
2025-06-12 06:38:00,49.40323484760014
2025-06-12 07:42:00,21.4
2025-06-12 21:32:00,8.1
2025-06-12 05:42:00,50.6
2025-06-12 08:01:00,52.4
2025-06-12 11:58:00,20.1
2025-06-12 07:43:00,70.1
2025-06-12 16:24:00,48.0
2025-06-12 00:07:00,89.6
2025-06-12 04:34:00,75.6
2025-06-12 00:44:00,38.6
2025-06-12 04:15:00,49.40323484760014
2025-06-12 02:09:00,24.7
2025-06-12 12:18:00,51.7
2025-06-12 07:07:00,88.4
2025-06-12 11:55:00,63.8
2025-06-12 23:37:00,9.3
2025-06-12 16:24:00,95.9
2025-06-12 00:30:00,29.0
2025-06-12 23:54:00,39.8
2025-06-12 09:48:00,12.6
2025-06-12 05:36:00,91.5
2025-06-12 17:20:00,50.400661703887515
2025-06-12 09:05:00,76.8
2025-06-12 19:03:00,50.400661703887515
2025-06-12 03:13:00,91.9
2025-06-12 08:50:00,56.0
2025-06-12 06:42:00,76.4
2025-06-12 08:22:00,56.1
2025-06-12 03:27:00,73.0
2025-06-12 04:52:00,27.4
2025-06-12 15:56:00,4.1
2025-06-12 05:52:00,75.6
2025-06-12 18:20:00,39.5
2025-06-12 02:20:00,8.4
2025-06-12 11:33:00,27.3
2025-06-12 23:02:00,99.2
2025-06-12 02:36:00,76.8
2025-06-12 23:45:00,93.4
2025-06-12 03:44:00,23.5
2025-06-12 16:34:00,8.0
2025-06-12 21:12:00,79.4
2025-06-12 11:07:00,0.5
2025-06-12 17:50:00,10.8
2025-06-12 14:28:00,24.5
2025-06-12 00:41:00,50.400661703887515
2025-06-12 01:21:00,97.1
2025-06-12 09:23:00,23.1
2025-06-12 08:54:00,96.5
2025-06-12 06:38:00,50.400661703887515
2025-06-12 20:18:00,59.4
2025-06-12 20:08:00,3.6
2025-06-12 02:58:00,76.4
2025-06-12 05:22:00,12.0
2025-06-12 07:47:00,50.400661703887515
2025-06-12 22:57:00,71.6
2025-06-12 15:54:00,63.2
2025-06-12 10:10:00,27.2
2025-06-12 18:59:00,95.9
2025-06-12 21:17:00,22.5
2025-06-12 01:36:00,95.2
2025-06-12 19:27:00,39.4
2025-06-12 22:40:00,50.400661703887515
2025-06-12 14:56:00,50.400661703887515
2025-06-12 11:10:00,97.9
2025-06-12 09:25:00,74.9
2025-06-12 21:19:00,16.8
2025-06-12 09:13:00,76.3
2025-06-12 22:25:00,91.4
2025-06-12 11:45:00,59.6
2025-06-12 05:19:00,92.2
2025-06-12 22:48:00,20.6
2025-06-12 03:58:00,26.2
2025-06-12 09:12:00,37.0
2025-06-12 06:23:00,88.0
2025-06-12 06:18:00,17.5
2025-06-12 01:20:00,61.6
2025-06-12 22:03:00,75.5
2025-06-12 13:15:00,47.1
2025-06-12 05:00:00,50.400661703887515
2025-06-12 03:22:00,53.9
2025-06-12 16:25:00,14.0
2025-06-12 13:11:00,75.9
2025-06-12 06:37:00,33.1
2025-06-12 13:03:00,50.400661703887515
2025-06-12 07:58:00,88.4
2025-06-12 09:06:00,50.400661703887515
2025-06-12 10:46:00,50.1
2025-06-12 12:17:00,50.400661703887515
2025-06-12 13:46:00,39.7
2025-06-12 14:55:00,66.4
2025-06-12 07:51:00,13.4
2025-06-12 11:25:00,28.9
2025-06-12 13:28:00,17.5
2025-06-12 22:07:00,50.400661703887515
2025-06-12 05:21:00,99.5
2025-06-12 04:39:00,52.2
2025-06-12 08:25:00,20.2
2025-06-12 11:43:00,50.400661703887515
2025-06-12 17:13:00,50.400661703887515
2025-06-12 10:37:00,48.0
2025-06-12 03:25:00,50.8
2025-06-12 13:23:00,70.9
2025-06-12 18:41:00,86.6
2025-06-12 17:01:00,37.4
2025-06-12 22:47:00,80.5
2025-06-12 05:54:00,65.3
2025-06-12 23:31:00,58.3
2025-06-12 11:58:00,18.2
2025-06-12 01:37:00,55.9
2025-06-12 07:46:00,46.0
2025-06-12 20:41:00,97.9
2025-06-12 20:09:00,21.1
2025-06-12 12:21:00,21.9
2025-06-12 10:47:00,50.400661703887515
2025-06-12 05:31:00,36.7
2025-06-12 18:36:00,67.6
2025-06-12 04:51:00,91.7
2025-06-12 03:15:00,25.2
2025-06-12 13:29:00,44.2
2025-06-12 08:13:00,33.0
2025-06-12 12:01:00,33.0
2025-06-12 20:01:00,50.400661703887515
2025-06-12 15:48:00,43.2
2025-06-12 22:49:00,19.4
2025-06-12 23:00:00,81.4
2025-06-12 14:12:00,20.5
2025-06-12 03:37:00,16.6
2025-06-12 22:00:00,10.7
2025-06-12 02:12:00,54.0
2025-06-12 07:21:00,24.6
2025-06-12 14:53:00,76.0
2025-06-12 11:53:00,74.9
2025-06-12 01:12:00,86.5
2025-06-12 17:12:00,97.5
2025-06-12 01:09:00,30.6
2025-06-12 04:14:00,50.400661703887515
2025-06-12 07:18:00,20.1
2025-06-12 21:39:00,43.7
2025-06-12 06:29:00,59.8
2025-06-12 05:59:00,6.1
2025-06-12 09:27:00,10.0
2025-06-12 14:51:00,11.7
2025-06-12 13:08:00,50.400661703887515
2025-06-12 07:59:00,84.0
2025-06-12 11:09:00,67.5
2025-06-12 02:18:00,83.6
2025-06-12 22:38:00,41.6
2025-06-12 22:56:00,27.7
2025-06-12 15:17:00,61.9
2025-06-12 01:11:00,99.1
2025-06-12 15:31:00,50.400661703887515
2025-06-12 21:27:00,50.400661703887515
2025-06-12 21:13:00,42.0
2025-06-12 03:39:00,34.9
2025-06-12 10:52:00,55.0
2025-06-12 22:10:00,52.3
2025-06-12 03:10:00,50.400661703887515
2025-06-12 04:45:00,16.1
2025-06-12 09:40:00,14.7
2025-06-12 18:47:00,18.7
2025-06-12 21:11:00,11.0
2025-06-12 10:17:00,13.6
2025-06-12 13:25:00,26.3
2025-06-12 09:01:00,47.3
2025-06-12 15:30:00,22.3
2025-06-12 07:43:00,47.9
2025-06-12 03:24:00,0.6
2025-06-12 11:06:00,65.3
2025-06-12 00:58:00,50.400661703887515
2025-06-12 05:49:00,27.9
2025-06-12 19:12:00,37.1
2025-06-12 05:41:00,52.2
2025-06-12 06:12:00,40.1
2025-06-12 21:38:00,64.3
2025-06-12 18:22:00,96.4
2025-06-12 10:22:00,68.3
2025-06-12 21:42:00,3.0
2025-06-12 04:54:00,31.7
2025-06-12 04:58:00,56.7
2025-06-12 05:16:00,59.2
2025-06-12 08:26:00,10.6
2025-06-12 13:33:00,74.7
2025-06-12 19:05:00,50.400661703887515
2025-06-12 18:56:00,74.4
2025-06-12 12:06:00,85.8
2025-06-12 14:54:00,15.2
2025-06-12 14:00:00,34.0
2025-06-12 14:45:00,34.7
2025-06-12 07:14:00,15.5
2025-06-12 00:13:00,17.0
2025-06-12 04:24:00,51.0
2025-06-12 00:14:00,82.5
2025-06-12 23:25:00,40.7
2025-06-12 16:18:00,18.8
2025-06-12 09:29:00,88.8
2025-06-12 08:18:00,50.400661703887515
2025-06-12 00:01:00,54.0
2025-06-12 20:15:00,77.4
2025-06-12 08:12:00,19.7
2025-06-12 06:28:00,83.1
2025-06-12 21:20:00,56.8
2025-06-12 18:06:00,31.1
2025-06-12 14:31:00,82.7
2025-06-12 02:50:00,27.6
2025-06-12 07:13:00,30.2
2025-06-12 09:56:00,91.7
2025-06-12 04:26:00,68.3
2025-06-12 10:54:00,51.9
2025-06-12 13:40:00,7.3
2025-06-12 17:02:00,66.1
2025-06-12 15:19:00,50.400661703887515
2025-06-12 11:13:00,70.2
2025-06-12 04:47:00,93.1
2025-06-12 02:19:00,55.5
2025-06-12 01:41:00,50.400661703887515
2025-06-12 03:42:00,46.0
2025-06-12 00:19:00,53.9
2025-06-12 18:04:00,50.400661703887515
2025-06-12 16:29:00,61.7
2025-06-12 00:48:00,50.400661703887515
2025-06-12 13:21:00,90.9
2025-06-12 21:46:00,94.6
2025-06-12 19:52:00,50.400661703887515
2025-06-12 15:20:00,17.5
2025-06-12 15:13:00,48.4
2025-06-12 20:00:00,12.2
2025-06-12 16:03:00,50.400661703887515
2025-06-12 11:52:00,9.6
2025-06-12 16:22:00,20.1
2025-06-12 07:03:00,93.6
2025-06-12 14:37:00,68.9
2025-06-12 00:49:00,1.4
2025-06-12 21:21:00,36.8
2025-06-12 13:19:00,27.6
2025-06-12 03:33:00,99.0
2025-06-12 08:27:00,55.9
2025-06-12 23:53:00,12.4
2025-06-12 20:48:00,70.3
2025-06-12 18:05:00,78.0
2025-06-12 03:41:00,41.2
2025-06-12 12:50:00,46.6
2025-06-12 08:07:00,32.7
2025-06-12 20:14:00,50.400661703887515
2025-06-12 00:04:00,50.400661703887515
2025-06-12 02:01:00,50.400661703887515
2025-06-12 02:23:00,19.7
2025-06-12 19:10:00,74.6
2025-06-12 09:44:00,50.400661703887515
2025-06-12 03:09:00,46.8
2025-06-12 03:02:00,36.2
2025-06-12 19:15:00,81.1
2025-06-12 16:55:00,63.0
2025-06-12 22:28:00,23.0
2025-06-12 12:58:00,50.400661703887515
2025-06-12 01:01:00,50.400661703887515
2025-06-12 18:02:00,82.9
2025-06-12 16:08:00,50.400661703887515
2025-06-12 09:53:00,2.1
2025-06-12 13:07:00,50.400661703887515
2025-06-12 10:41:00,68.7
2025-06-12 04:56:00,45.8
2025-06-12 15:38:00,50.400661703887515
2025-06-12 12:46:00,46.2
2025-06-12 06:32:00,82.7
2025-06-12 08:57:00,0.0
2025-06-12 18:50:00,56.9
2025-06-12 22:17:00,4.5
2025-06-12 06:06:00,89.5
2025-06-12 03:08:00,94.5
2025-06-12 00:24:00,64.5
2025-06-12 05:15:00,85.3
2025-06-12 04:42:00,33.1
2025-06-12 07:39:00,77.2
2025-06-12 10:04:00,71.5
2025-06-12 15:28:00,29.3
2025-06-12 18:33:00,21.9
2025-06-12 01:42:00,10.1
2025-06-12 16:57:00,59.9
2025-06-12 05:58:00,40.9
2025-06-12 06:31:00,50.400661703887515
2025-06-12 18:28:00,9.2
2025-06-12 19:14:00,20.0
2025-06-12 19:25:00,39.3
2025-06-12 10:12:00,2.6
2025-06-12 07:15:00,10.7
2025-06-12 16:46:00,82.9
2025-06-12 07:38:00,15.5
2025-06-12 04:50:00,52.2
2025-06-12 09:39:00,15.9
2025-06-12 11:00:00,52.4
2025-06-12 21:10:00,14.1
2025-06-12 13:44:00,50.400661703887515
2025-06-12 21:40:00,73.9
2025-06-12 02:04:00,50.400661703887515
2025-06-12 11:18:00,63.0
2025-06-12 17:34:00,3.3
2025-06-12 18:30:00,37.7
2025-06-12 01:07:00,73.4
2025-06-12 01:30:00,3.1
2025-06-12 22:45:00,33.5
2025-06-12 08:53:00,19.6
2025-06-12 02:27:00,50.400661703887515
2025-06-12 06:57:00,97.7
2025-06-12 22:26:00,56.2
2025-06-12 04:31:00,84.9
2025-06-12 06:08:00,24.2
2025-06-12 09:04:00,62.9
2025-06-12 22:27:00,11.3
2025-06-12 10:56:00,50.400661703887515
2025-06-12 12:59:00,41.5
2025-06-12 03:32:00,49.84418741885991
2025-06-12 06:54:00,1.0
2025-06-12 15:39:00,19.0
2025-06-12 04:16:00,48.9
2025-06-12 15:19:00,1.4
2025-06-12 06:33:00,82.2
2025-06-12 20:45:00,49.84418741885991
2025-06-12 01:48:00,94.1
2025-06-12 17:55:00,14.5
2025-06-12 02:31:00,46.1
2025-06-12 08:05:00,13.5
2025-06-12 00:33:00,27.4
2025-06-12 10:57:00,84.1
2025-06-12 20:59:00,49.84418741885991
2025-06-12 14:46:00,82.9
2025-06-12 03:47:00,7.4
2025-06-12 03:08:00,49.84418741885991
2025-06-12 22:50:00,49.84418741885991
2025-06-12 06:14:00,6.9
2025-06-12 22:44:00,83.4
2025-06-12 06:59:00,91.0
2025-06-12 15:10:00,2.4
2025-06-12 21:39:00,30.6
2025-06-12 19:08:00,90.7
2025-06-12 07:55:00,32.3
2025-06-12 22:48:00,54.6
2025-06-12 19:39:00,74.8
2025-06-12 01:13:00,49.84418741885991
2025-06-12 20:14:00,49.84418741885991
2025-06-12 03:10:00,62.3
2025-06-12 17:36:00,49.84418741885991
2025-06-12 23:21:00,76.9
2025-06-12 19:44:00,37.9
2025-06-12 03:51:00,80.0
2025-06-12 17:44:00,2.4
2025-06-12 07:11:00,32.9
2025-06-12 08:02:00,66.9
2025-06-12 08:58:00,95.1
2025-06-12 05:56:00,22.9
2025-06-12 20:56:00,73.8
2025-06-12 06:58:00,98.8
2025-06-12 06:11:00,50.0
2025-06-12 16:04:00,68.6
2025-06-12 13:59:00,92.1
2025-06-12 00:50:00,64.8
2025-06-12 09:54:00,74.0
2025-06-12 21:31:00,23.3
2025-06-12 13:15:00,1.6
2025-06-12 20:31:00,43.9
2025-06-12 10:46:00,65.4
2025-06-12 08:36:00,28.0
2025-06-12 14:24:00,23.0
2025-06-12 14:31:00,86.0
2025-06-12 22:11:00,26.0
2025-06-12 16:41:00,49.84418741885991
2025-06-12 01:08:00,34.5
2025-06-12 17:38:00,55.7
2025-06-12 11:46:00,72.5
2025-06-12 13:49:00,39.9
2025-06-12 06:25:00,62.0
2025-06-12 23:46:00,23.3
2025-06-12 09:46:00,86.5
2025-06-12 05:24:00,9.5
2025-06-12 22:16:00,66.6
2025-06-12 17:53:00,0.5
2025-06-12 19:59:00,57.6
2025-06-12 11:33:00,4.4
2025-06-12 08:26:00,27.9
2025-06-12 11:42:00,32.9
2025-06-12 07:17:00,14.2
2025-06-12 19:04:00,53.6
2025-06-12 13:02:00,41.2
2025-06-12 05:52:00,71.6
2025-06-12 03:02:00,81.8
2025-06-12 20:18:00,92.8
2025-06-12 04:29:00,93.1
2025-06-12 14:14:00,49.84418741885991
2025-06-12 01:32:00,49.84418741885991
2025-06-12 19:02:00,49.84418741885991
2025-06-12 23:24:00,9.9
2025-06-12 19:27:00,46.0
2025-06-12 20:53:00,50.2
2025-06-12 15:37:00,49.84418741885991
2025-06-12 09:42:00,96.0
2025-06-12 23:34:00,37.3
2025-06-12 02:01:00,88.6
2025-06-12 22:00:00,46.0
2025-06-12 05:40:00,49.84418741885991
2025-06-12 00:10:00,9.0
2025-06-12 06:08:00,49.84418741885991
2025-06-12 18:32:00,92.7
2025-06-12 09:08:00,91.8
2025-06-12 07:46:00,11.4
2025-06-12 08:07:00,57.5
2025-06-12 11:08:00,64.9
2025-06-12 05:08:00,47.0
2025-06-12 04:32:00,49.84418741885991
2025-06-12 07:28:00,94.4
2025-06-12 09:59:00,64.3
2025-06-12 12:27:00,54.0
2025-06-12 16:40:00,49.84418741885991
2025-06-12 02:52:00,32.3
2025-06-12 12:34:00,19.1
2025-06-12 07:27:00,56.9
2025-06-12 11:21:00,47.0
2025-06-12 14:39:00,49.84418741885991
2025-06-12 06:17:00,26.3
2025-06-12 00:46:00,4.4
2025-06-12 06:36:00,98.7
2025-06-12 21:57:00,44.3
2025-06-12 16:29:00,3.2
2025-06-12 20:52:00,14.1
2025-06-12 14:11:00,88.2
2025-06-12 07:34:00,68.7
2025-06-12 05:21:00,73.6
2025-06-12 13:55:00,49.84418741885991
2025-06-12 09:18:00,5.8
2025-06-12 01:04:00,30.4
2025-06-12 01:11:00,82.3
2025-06-12 15:18:00,49.84418741885991
2025-06-12 02:54:00,43.5
2025-06-12 11:06:00,9.9
2025-06-12 03:22:00,0.0
2025-06-12 14:25:00,95.4
2025-06-12 03:27:00,93.8
2025-06-12 03:39:00,49.84418741885991
2025-06-12 00:11:00,43.6
2025-06-12 20:44:00,68.2
2025-06-12 12:36:00,28.6
2025-06-12 09:17:00,16.5
2025-06-12 06:31:00,13.1
2025-06-12 11:19:00,40.1
2025-06-12 16:02:00,78.8
2025-06-12 09:38:00,11.0
2025-06-12 13:17:00,40.0
2025-06-12 02:26:00,28.9
2025-06-12 01:41:00,92.8
2025-06-12 13:22:00,94.4
2025-06-12 10:12:00,40.8
2025-06-12 09:57:00,78.8
2025-06-12 02:57:00,56.2
2025-06-12 11:56:00,0.3
2025-06-12 22:10:00,76.5
2025-06-12 13:30:00,49.2
2025-06-12 06:16:00,31.9
2025-06-12 17:58:00,26.3
2025-06-12 16:36:00,66.6
2025-06-12 19:01:00,64.2
2025-06-12 14:59:00,49.84418741885991
2025-06-12 03:33:00,95.4
2025-06-12 21:29:00,95.4
2025-06-12 06:29:00,82.0
2025-06-12 06:45:00,47.9
2025-06-12 11:27:00,52.6
2025-06-12 07:00:00,49.84418741885991
2025-06-12 23:57:00,24.4
2025-06-12 12:05:00,49.84418741885991
2025-06-12 11:57:00,85.7
2025-06-12 21:23:00,19.5
2025-06-12 07:06:00,33.5
2025-06-12 19:32:00,68.1
2025-06-12 01:57:00,47.3
2025-06-12 13:01:00,63.9
2025-06-12 01:10:00,7.6
2025-06-12 00:32:00,94.8
2025-06-12 17:40:00,99.8
2025-06-12 13:46:00,57.5
2025-06-12 03:11:00,76.7
2025-06-12 11:41:00,60.4
2025-06-12 15:09:00,88.1
2025-06-12 07:41:00,10.5
2025-06-12 08:49:00,34.0
2025-06-12 15:44:00,96.2
2025-06-12 17:17:00,44.4
2025-06-12 19:06:00,20.2
2025-06-12 05:38:00,67.4
2025-06-12 17:52:00,49.84418741885991
2025-06-12 10:33:00,76.8
2025-06-12 16:35:00,71.7
2025-06-12 01:45:00,51.9
2025-06-12 23:26:00,20.3
2025-06-12 16:03:00,17.8
2025-06-12 10:44:00,33.9
2025-06-12 18:57:00,49.84418741885991
2025-06-12 01:31:00,67.6
2025-06-12 18:38:00,55.4
2025-06-12 22:33:00,49.84418741885991
2025-06-12 02:50:00,54.3
2025-06-12 16:33:00,49.84418741885991
2025-06-12 16:32:00,0.6
2025-06-12 23:20:00,10.7
2025-06-12 19:21:00,7.6
2025-06-12 08:41:00,8.0
2025-06-12 13:36:00,66.3
2025-06-12 22:12:00,65.9
2025-06-12 18:15:00,81.5
2025-06-12 15:15:00,49.84418741885991
2025-06-12 11:02:00,77.8
2025-06-12 23:00:00,52.7
2025-06-12 08:38:00,92.9
2025-06-12 20:07:00,58.5
2025-06-12 03:23:00,22.4
2025-06-12 15:24:00,75.4
2025-06-12 05:57:00,60.1
2025-06-12 13:37:00,51.1
2025-06-12 19:13:00,25.4
2025-06-12 18:29:00,13.2
2025-06-12 13:24:00,90.8
2025-06-12 02:13:00,49.84418741885991
2025-06-12 15:57:00,99.8
2025-06-12 16:00:00,49.84418741885991
2025-06-12 22:51:00,72.4
2025-06-12 21:22:00,52.2
2025-06-12 07:15:00,63.7
2025-06-12 14:49:00,37.7
2025-06-12 12:22:00,67.9
2025-06-12 22:54:00,13.1
2025-06-12 10:29:00,2.1
2025-06-12 00:45:00,49.84418741885991
2025-06-12 11:55:00,12.3
2025-06-12 23:47:00,49.84418741885991
2025-06-12 18:06:00,73.9
2025-06-12 14:03:00,75.9
2025-06-12 10:58:00,25.6
2025-06-12 06:27:00,46.3
2025-06-12 23:35:00,62.1
2025-06-12 12:18:00,35.9
2025-06-12 15:49:00,53.4
2025-06-12 21:10:00,60.7
2025-06-12 19:47:00,49.84418741885991
2025-06-12 06:26:00,49.84418741885991
2025-06-12 22:34:00,77.2
2025-06-12 05:54:00,66.4
2025-06-12 01:21:00,96.9
2025-06-12 22:26:00,75.4
2025-06-12 20:33:00,30.9
2025-06-12 17:25:00,68.4
2025-06-12 22:45:00,35.6
2025-06-12 02:43:00,38.7
2025-06-12 09:34:00,63.2
2025-06-12 13:12:00,95.1
2025-06-12 20:11:00,29.1
2025-06-12 16:16:00,13.8
2025-06-12 06:34:00,37.1
2025-06-12 22:07:00,13.2
2025-06-12 05:32:00,2.0
2025-06-12 12:29:00,32.3
2025-06-12 05:27:00,96.3
2025-06-12 00:34:00,49.84418741885991
2025-06-12 06:41:00,35.1
2025-06-12 19:43:00,20.5
2025-06-12 08:19:00,42.3
2025-06-12 23:08:00,7.3
2025-06-12 04:23:00,29.6
2025-06-12 02:33:00,26.4
2025-06-12 16:34:00,49.84418741885991
2025-06-12 17:50:00,74.6
2025-06-12 21:13:00,52.6
2025-06-12 05:43:00,86.7
2025-06-12 17:31:00,7.8
2025-06-12 09:31:00,10.7
2025-06-12 00:56:00,55.0
2025-06-12 00:08:00,3.9
2025-06-12 19:00:00,22.9
2025-06-12 18:18:00,49.84418741885991
2025-06-12 16:22:00,35.7
2025-06-12 18:23:00,44.4
2025-06-12 18:27:00,55.2
2025-06-12 03:26:00,28.1
2025-06-12 02:53:00,52.9
2025-06-12 09:05:00,54.6
2025-06-12 22:56:00,77.2
2025-06-12 14:04:00,34.0
2025-06-12 14:56:00,96.6
2025-06-12 01:06:00,14.2
2025-06-12 01:37:00,32.3
2025-06-12 05:07:00,98.1
2025-06-12 02:39:00,38.9
2025-06-12 06:20:00,57.9
2025-06-12 10:50:00,49.84418741885991
2025-06-12 12:31:00,59.9
2025-06-12 14:33:00,14.0
2025-06-12 01:14:00,29.3
2025-06-12 18:20:00,94.7
2025-06-12 07:43:00,94.0
2025-06-12 06:28:00,53.7
2025-06-12 15:51:00,32.7
2025-06-12 09:51:00,14.0
2025-06-12 07:58:00,64.1
2025-06-12 18:59:00,0.6
2025-06-12 14:50:00,67.8
2025-06-12 20:01:00,58.5
2025-06-12 06:13:00,3.0
2025-06-12 12:59:00,46.2
2025-06-12 08:01:00,75.6
2025-06-12 21:10:00,18.7
2025-06-12 11:48:00,5.0
2025-06-12 04:37:00,40.1
2025-06-12 13:25:00,59.7
2025-06-12 04:10:00,6.5
2025-06-12 19:06:00,28.0
2025-06-12 04:31:00,61.4
2025-06-12 02:17:00,50.31892714921527
2025-06-12 08:56:00,89.8
2025-06-12 15:39:00,10.0
2025-06-12 04:51:00,54.5
2025-06-12 07:24:00,0.8
2025-06-12 04:19:00,23.2
2025-06-12 01:04:00,65.7
2025-06-12 10:22:00,50.31892714921527
2025-06-12 09:41:00,50.31892714921527
2025-06-12 22:14:00,84.6
2025-06-12 14:31:00,61.6
2025-06-12 22:24:00,4.7
2025-06-12 03:56:00,89.3
2025-06-12 18:14:00,50.31892714921527
2025-06-12 08:30:00,50.31892714921527
2025-06-12 18:00:00,46.8
2025-06-12 13:01:00,94.1
2025-06-12 07:32:00,37.4
2025-06-12 02:46:00,83.4
2025-06-12 06:37:00,64.0
2025-06-12 22:59:00,5.3
2025-06-12 11:49:00,62.1
2025-06-12 17:19:00,50.2
2025-06-12 10:27:00,32.0
2025-06-12 10:59:00,11.0
2025-06-12 18:32:00,10.0
2025-06-12 06:36:00,66.1
2025-06-12 01:21:00,64.9
2025-06-12 04:43:00,66.1
2025-06-12 16:32:00,62.5
2025-06-12 11:32:00,26.9
2025-06-12 15:36:00,78.6
2025-06-12 05:12:00,19.1
2025-06-12 18:18:00,50.0
2025-06-12 13:31:00,50.31892714921527
2025-06-12 01:30:00,94.9
2025-06-12 08:59:00,26.4
2025-06-12 17:42:00,57.4
2025-06-12 21:13:00,37.8
2025-06-12 08:05:00,60.7
2025-06-12 13:21:00,74.3
2025-06-12 19:03:00,6.7
2025-06-12 03:22:00,83.6
2025-06-12 19:15:00,50.31892714921527
2025-06-12 20:44:00,43.1
2025-06-12 17:28:00,93.3
2025-06-12 11:17:00,44.3
2025-06-12 03:10:00,24.5
2025-06-12 03:11:00,41.2
2025-06-12 01:35:00,50.31892714921527
2025-06-12 14:03:00,88.1
2025-06-12 01:06:00,73.0
2025-06-12 09:29:00,70.9
2025-06-12 00:47:00,17.5
2025-06-12 01:12:00,16.8
2025-06-12 05:16:00,90.7
2025-06-12 02:28:00,35.7
2025-06-12 04:36:00,33.6
2025-06-12 00:41:00,61.0
2025-06-12 21:39:00,61.2
2025-06-12 10:55:00,67.8
2025-06-12 20:22:00,59.2
2025-06-12 00:57:00,21.0
2025-06-12 14:18:00,67.2
2025-06-12 21:11:00,78.6
2025-06-12 23:41:00,51.5
2025-06-12 18:15:00,56.9
2025-06-12 12:45:00,63.1
2025-06-12 14:27:00,46.6
2025-06-12 15:19:00,25.5
2025-06-12 08:39:00,73.7
2025-06-12 11:13:00,71.0
2025-06-12 09:45:00,50.31892714921527
2025-06-12 00:26:00,3.1
2025-06-12 03:18:00,4.1
2025-06-12 11:30:00,56.0
2025-06-12 13:29:00,94.7
2025-06-12 05:05:00,61.9
2025-06-12 01:46:00,83.0
2025-06-12 04:42:00,14.1
2025-06-12 08:41:00,50.31892714921527
2025-06-12 21:20:00,32.5
2025-06-12 04:20:00,6.6
2025-06-12 03:21:00,70.6
2025-06-12 18:16:00,91.9
2025-06-12 18:46:00,58.3
2025-06-12 10:09:00,50.31892714921527
2025-06-12 19:43:00,60.1
2025-06-12 14:41:00,85.8
2025-06-12 02:29:00,62.3
2025-06-12 02:07:00,89.1
2025-06-12 11:00:00,74.0
2025-06-12 01:29:00,64.0
2025-06-12 15:28:00,93.9
2025-06-12 02:55:00,5.1
2025-06-12 15:48:00,28.4
2025-06-12 09:39:00,49.9
2025-06-12 22:35:00,15.7
2025-06-12 06:51:00,23.1
2025-06-12 10:12:00,50.31892714921527
2025-06-12 01:47:00,58.2
2025-06-12 08:16:00,80.9
2025-06-12 03:23:00,61.9
2025-06-12 08:31:00,38.0
2025-06-12 09:26:00,98.2
2025-06-12 16:15:00,71.4
2025-06-12 12:30:00,95.6
2025-06-12 15:54:00,80.8
2025-06-12 00:24:00,24.3
2025-06-12 20:10:00,84.2
2025-06-12 20:45:00,42.9
2025-06-12 05:33:00,12.9
2025-06-12 00:02:00,50.31892714921527
2025-06-12 10:01:00,96.5
2025-06-12 20:00:00,26.3
2025-06-12 01:07:00,50.31892714921527
2025-06-12 16:05:00,24.7
2025-06-12 05:07:00,55.4
2025-06-12 12:41:00,67.1
2025-06-12 12:20:00,44.7
2025-06-12 19:14:00,4.1
2025-06-12 22:39:00,27.2
2025-06-12 02:23:00,8.7
2025-06-12 10:16:00,49.5
2025-06-12 17:02:00,86.4
2025-06-12 05:37:00,8.6
2025-06-12 03:17:00,15.8
2025-06-12 20:42:00,65.8
2025-06-12 14:40:00,50.31892714921527
2025-06-12 01:05:00,74.3
2025-06-12 00:34:00,99.8
2025-06-12 13:20:00,92.1
2025-06-12 06:14:00,63.8
2025-06-12 15:26:00,50.31892714921527
2025-06-12 03:16:00,6.4
2025-06-12 11:34:00,50.31892714921527
2025-06-12 03:35:00,39.7
2025-06-12 16:12:00,74.7
2025-06-12 05:51:00,5.4
2025-06-12 19:04:00,36.0
2025-06-12 10:47:00,50.4
2025-06-12 19:27:00,10.3
2025-06-12 11:44:00,50.31892714921527
2025-06-12 17:59:00,50.31892714921527
2025-06-12 08:18:00,51.9
2025-06-12 02:06:00,69.7
2025-06-12 14:29:00,55.4
2025-06-12 03:33:00,74.9
2025-06-12 07:07:00,92.6
2025-06-12 15:05:00,49.8
2025-06-12 18:49:00,80.4
2025-06-12 03:50:00,83.2
2025-06-12 21:03:00,34.8
2025-06-12 09:09:00,37.4
2025-06-12 08:47:00,8.6
2025-06-12 17:34:00,68.1
2025-06-12 01:22:00,75.9
2025-06-12 20:18:00,50.31892714921527
2025-06-12 19:29:00,0.9
2025-06-12 04:17:00,87.3
2025-06-12 07:29:00,54.4
2025-06-12 06:39:00,37.0
2025-06-12 23:20:00,92.2
2025-06-12 05:40:00,41.4
2025-06-12 04:12:00,49.3
2025-06-12 19:37:00,64.0
2025-06-12 10:23:00,91.8
2025-06-12 03:37:00,46.8
2025-06-12 04:56:00,76.6
2025-06-12 09:35:00,50.31892714921527
2025-06-12 17:45:00,72.3
2025-06-12 05:43:00,53.7
2025-06-12 01:03:00,90.8
2025-06-12 00:55:00,57.8
2025-06-12 11:28:00,74.3
2025-06-12 09:38:00,21.5
2025-06-12 21:42:00,99.7
2025-06-12 13:53:00,59.3
2025-06-12 03:34:00,32.4
2025-06-12 12:16:00,26.1
2025-06-12 11:04:00,50.31892714921527
2025-06-12 06:28:00,53.3
2025-06-12 14:19:00,45.6
2025-06-12 18:23:00,4.9
2025-06-12 04:05:00,68.8
2025-06-12 20:56:00,50.9
2025-06-12 16:37:00,23.0
2025-06-12 17:21:00,7.1
2025-06-12 15:59:00,28.2
2025-06-12 13:37:00,59.5
2025-06-12 00:13:00,86.5
2025-06-12 14:45:00,69.9
2025-06-12 19:57:00,50.31892714921527
2025-06-12 18:27:00,59.4
2025-06-12 08:17:00,68.5
2025-06-12 10:44:00,50.31892714921527
2025-06-12 08:51:00,50.31892714921527
2025-06-12 08:32:00,93.9
2025-06-12 15:35:00,93.8
2025-06-12 06:54:00,50.31892714921527
2025-06-12 06:11:00,56.8
2025-06-12 13:35:00,29.9
2025-06-12 21:41:00,97.8
2025-06-12 03:32:00,50.31892714921527
2025-06-12 03:55:00,7.2
2025-06-12 08:27:00,40.0
2025-06-12 18:30:00,8.9
2025-06-12 23:17:00,77.0
2025-06-12 02:22:00,63.8
2025-06-12 21:18:00,24.6
2025-06-12 07:06:00,50.31892714921527
2025-06-12 13:17:00,54.1
2025-06-12 13:22:00,85.3
2025-06-12 10:30:00,86.6
2025-06-12 07:55:00,50.31892714921527
2025-06-12 20:53:00,50.31892714921527
2025-06-12 04:22:00,13.3
2025-06-12 00:22:00,71.6
2025-06-12 15:31:00,92.3
2025-06-12 17:00:00,67.3
2025-06-12 18:35:00,30.4
2025-06-12 06:10:00,50.31892714921527
2025-06-12 03:08:00,1.9
2025-06-12 04:41:00,70.7
2025-06-12 06:55:00,71.7
2025-06-12 01:59:00,50.31892714921527
2025-06-12 15:38:00,45.2
2025-06-12 10:35:00,50.31892714921527
2025-06-12 14:05:00,41.8
2025-06-12 19:39:00,61.7
2025-06-12 16:54:00,46.7
2025-06-12 13:00:00,45.5
2025-06-12 21:33:00,91.5
2025-06-12 15:17:00,50.31892714921527
2025-06-12 16:16:00,95.6
2025-06-12 18:58:00,62.3
2025-06-12 12:33:00,87.3
2025-06-12 00:46:00,97.3
2025-06-12 06:32:00,61.8
2025-06-12 20:38:00,12.6
2025-06-12 01:14:00,36.4
2025-06-12 10:04:00,43.2
2025-06-12 08:44:00,4.0
2025-06-12 23:13:00,17.4
2025-06-12 11:54:00,31.6
2025-06-12 07:10:00,12.6
2025-06-12 19:36:00,63.6
2025-06-12 02:53:00,50.31892714921527
2025-06-12 20:11:00,50.31892714921527
2025-06-12 03:14:00,98.3
2025-06-12 08:58:00,12.3
2025-06-12 15:51:00,14.6
2025-06-12 05:31:00,40.5
2025-06-12 10:00:00,15.6
2025-06-12 01:53:00,60.9
2025-06-12 10:15:00,91.7
2025-06-12 00:39:00,98.3
2025-06-12 05:47:00,97.8
2025-06-12 16:13:00,77.0
2025-06-12 04:34:00,29.0
2025-06-12 18:50:00,50.31892714921527
2025-06-12 11:22:00,88.6
2025-06-12 04:40:00,24.7
2025-06-12 15:32:00,1.8
2025-06-12 16:25:00,41.3
2025-06-12 17:47:00,10.2
2025-06-12 00:52:00,52.2
2025-06-12 14:12:00,30.9
2025-06-12 00:06:00,33.6
2025-06-12 03:48:00,95.7
2025-06-12 11:36:00,64.2
2025-06-12 14:09:00,43.7
2025-06-12 22:52:00,68.4
2025-06-12 06:06:00,50.31892714921527
2025-06-12 22:12:00,11.3
2025-06-12 00:25:00,50.31892714921527
2025-06-12 21:57:00,33.0
2025-06-12 14:20:00,41.9
2025-06-12 18:40:00,25.7
2025-06-12 21:54:00,62.9
2025-06-12 23:50:00,36.5
2025-06-12 07:36:00,27.5
2025-06-12 17:09:00,9.6
2025-06-12 15:55:00,19.0
2025-06-12 06:30:00,54.9
2025-06-12 02:11:00,55.4
2025-06-12 11:31:00,68.1
2025-06-12 22:08:00,52.4
2025-06-12 23:14:00,98.1
2025-06-12 01:37:00,60.6
2025-06-12 19:49:00,46.6
2025-06-12 03:20:00,45.1
2025-06-12 07:53:00,83.9
2025-06-12 22:00:00,51.6
2025-06-12 23:40:00,50.31892714921527
2025-06-12 14:51:00,53.4
2025-06-12 23:15:00,54.2
2025-06-12 13:03:00,50.31892714921527
2025-06-12 11:53:00,91.3
2025-06-12 12:49:00,68.9
2025-06-12 19:13:00,7.5
2025-06-12 17:30:00,78.4
2025-06-12 22:53:00,50.31892714921527
2025-06-12 16:01:00,76.6
2025-06-12 19:23:00,19.1
2025-06-12 16:11:00,6.5
2025-06-12 01:51:00,67.3
2025-06-12 22:50:00,64.2
2025-06-12 03:46:00,69.0
2025-06-12 03:51:00,50.31892714921527
2025-06-12 10:21:00,26.8
2025-06-12 11:18:00,36.5
2025-06-12 15:08:00,1.1
2025-06-12 23:05:00,50.9
2025-06-12 11:38:00,25.6
2025-06-12 19:16:00,96.0
2025-06-12 19:58:00,99.4
2025-06-12 01:00:00,42.7
2025-06-12 06:33:00,57.1
2025-06-12 14:43:00,97.9
2025-06-12 22:10:00,20.7
2025-06-12 14:38:00,43.7
2025-06-12 09:36:00,88.3
2025-06-12 23:30:00,96.6
2025-06-12 20:07:00,31.1
2025-06-12 20:02:00,8.3
2025-06-12 22:17:00,6.1
2025-06-12 06:43:00,88.8
2025-06-12 17:34:00,30.3
2025-06-12 11:04:00,49.91221338324755
2025-06-12 09:03:00,70.6
2025-06-12 07:51:00,9.1
2025-06-12 07:28:00,23.8
2025-06-12 10:03:00,77.0
2025-06-12 00:04:00,5.4
2025-06-12 14:25:00,42.8
2025-06-12 19:09:00,8.4
2025-06-12 16:40:00,30.0
2025-06-12 16:19:00,34.8
2025-06-12 01:15:00,0.3
2025-06-12 15:42:00,88.4
2025-06-12 02:46:00,5.9
2025-06-12 14:23:00,75.2
2025-06-12 03:40:00,55.7
2025-06-12 22:49:00,57.5
2025-06-12 14:37:00,49.91221338324755
2025-06-12 10:02:00,59.9
2025-06-12 18:33:00,53.7
2025-06-12 08:05:00,47.0
2025-06-12 05:19:00,17.0
2025-06-12 09:06:00,49.91221338324755
2025-06-12 12:44:00,21.3
2025-06-12 01:07:00,33.8
2025-06-12 05:46:00,49.91221338324755
2025-06-12 22:03:00,18.4
2025-06-12 22:01:00,89.7
2025-06-12 14:44:00,47.6
2025-06-12 05:25:00,96.6
2025-06-12 15:43:00,51.1
2025-06-12 06:58:00,63.5
2025-06-12 03:25:00,14.3
2025-06-12 10:26:00,97.7
2025-06-12 07:12:00,39.8
2025-06-12 19:06:00,98.2
2025-06-12 21:04:00,28.6
2025-06-12 18:28:00,4.3
2025-06-12 15:03:00,51.5
2025-06-12 20:47:00,65.4
2025-06-12 17:06:00,31.4
2025-06-12 18:58:00,49.91221338324755
2025-06-12 01:21:00,46.7
2025-06-12 19:12:00,29.9
2025-06-12 06:18:00,90.5
2025-06-12 23:47:00,13.7
2025-06-12 23:20:00,9.4
2025-06-12 01:03:00,49.0
2025-06-12 13:03:00,5.7
2025-06-12 17:07:00,89.0
2025-06-12 04:58:00,97.1
2025-06-12 07:59:00,89.9
2025-06-12 09:00:00,9.9
2025-06-12 20:10:00,49.1
2025-06-12 11:01:00,22.5
2025-06-12 00:42:00,12.0
2025-06-12 22:24:00,18.3
2025-06-12 00:22:00,22.0
2025-06-12 17:44:00,9.8
2025-06-12 23:11:00,83.0
2025-06-12 19:03:00,15.6
2025-06-12 05:06:00,15.2
2025-06-12 21:38:00,49.91221338324755
2025-06-12 17:37:00,41.5
2025-06-12 04:56:00,3.6
2025-06-12 03:10:00,14.6
2025-06-12 23:35:00,49.91221338324755
2025-06-12 11:34:00,42.5
2025-06-12 06:02:00,49.91221338324755
2025-06-12 07:35:00,87.0
2025-06-12 04:12:00,90.2
2025-06-12 02:32:00,0.2
2025-06-12 04:37:00,86.7
2025-06-12 15:05:00,9.3
2025-06-12 10:33:00,6.1
2025-06-12 01:38:00,39.4
2025-06-12 01:55:00,49.91221338324755
2025-06-12 01:01:00,13.4
2025-06-12 10:12:00,49.91221338324755
2025-06-12 08:14:00,99.5
2025-06-12 21:45:00,42.2
2025-06-12 09:42:00,49.91221338324755
2025-06-12 12:48:00,61.5
2025-06-12 12:03:00,62.3
2025-06-12 06:05:00,35.0
2025-06-12 23:13:00,20.5
2025-06-12 15:47:00,16.0
2025-06-12 08:19:00,32.4
2025-06-12 18:07:00,33.3
2025-06-12 15:28:00,49.91221338324755
2025-06-12 03:20:00,11.5
2025-06-12 16:44:00,6.3
2025-06-12 16:48:00,34.8
2025-06-12 17:17:00,89.7
2025-06-12 01:11:00,42.4
2025-06-12 00:58:00,28.2
2025-06-12 12:15:00,6.8
2025-06-12 07:21:00,89.6
2025-06-12 21:06:00,35.9
2025-06-12 04:50:00,49.91221338324755
2025-06-12 05:14:00,23.9
2025-06-12 21:57:00,49.91221338324755
2025-06-12 06:10:00,26.5
2025-06-12 05:27:00,91.6
2025-06-12 18:24:00,61.3
2025-06-12 15:57:00,98.2
2025-06-12 23:04:00,98.3
2025-06-12 15:00:00,64.7
2025-06-12 17:59:00,46.3
2025-06-12 00:18:00,62.0
2025-06-12 00:52:00,49.91221338324755
2025-06-12 15:50:00,41.5
2025-06-12 18:09:00,41.6
2025-06-12 07:00:00,80.6
2025-06-12 07:11:00,80.1
2025-06-12 08:15:00,58.3
2025-06-12 14:33:00,49.91221338324755
2025-06-12 17:45:00,75.1
2025-06-12 18:04:00,93.9
2025-06-12 08:47:00,74.6
2025-06-12 14:06:00,57.6
2025-06-12 22:19:00,86.7
2025-06-12 17:23:00,41.5
2025-06-12 08:08:00,18.1
2025-06-12 21:32:00,39.8
2025-06-12 11:46:00,92.5
2025-06-12 07:46:00,94.2
2025-06-12 12:12:00,99.7
2025-06-12 18:11:00,24.0
2025-06-12 08:58:00,49.91221338324755
2025-06-12 13:15:00,27.0
2025-06-12 19:41:00,78.9
2025-06-12 08:04:00,49.91221338324755
2025-06-12 01:25:00,49.91221338324755
2025-06-12 11:10:00,22.2
2025-06-12 02:08:00,35.9
2025-06-12 07:36:00,23.4
2025-06-12 09:14:00,31.3
2025-06-12 00:25:00,71.6
2025-06-12 16:55:00,47.3
2025-06-12 21:58:00,22.0
2025-06-12 20:12:00,49.91221338324755
2025-06-12 12:26:00,58.5
2025-06-12 17:47:00,78.1
2025-06-12 04:18:00,68.8
2025-06-12 09:55:00,46.2
2025-06-12 02:47:00,20.1
2025-06-12 01:31:00,86.7
2025-06-12 10:57:00,63.0
2025-06-12 04:25:00,64.7
2025-06-12 22:40:00,67.9
2025-06-12 10:07:00,49.91221338324755
2025-06-12 13:44:00,79.9
2025-06-12 18:54:00,49.91221338324755
2025-06-12 08:41:00,49.91221338324755
2025-06-12 21:46:00,0.7
2025-06-12 15:36:00,54.9
2025-06-12 16:07:00,49.91221338324755
2025-06-12 10:43:00,53.5
2025-06-12 12:33:00,5.0
2025-06-12 11:21:00,38.8
2025-06-12 15:23:00,16.2
2025-06-12 17:41:00,88.1
2025-06-12 20:11:00,69.5
2025-06-12 23:37:00,28.4
2025-06-12 03:15:00,49.91221338324755
2025-06-12 15:17:00,24.8
2025-06-12 13:43:00,41.8
2025-06-12 15:51:00,16.9
2025-06-12 23:59:00,10.8
2025-06-12 05:52:00,72.8
2025-06-12 09:47:00,44.8
2025-06-12 16:11:00,83.1
2025-06-12 13:21:00,59.1
2025-06-12 11:37:00,25.1
2025-06-12 02:43:00,49.91221338324755
2025-06-12 16:23:00,17.3
2025-06-12 21:08:00,76.6
2025-06-12 15:48:00,94.7
2025-06-12 03:29:00,95.9
2025-06-12 17:05:00,96.7
2025-06-12 11:36:00,82.6
2025-06-12 10:21:00,49.91221338324755
2025-06-12 09:29:00,80.4
2025-06-12 04:16:00,26.1
2025-06-12 05:38:00,83.9
2025-06-12 17:15:00,43.0
2025-06-12 15:13:00,41.6
2025-06-12 07:57:00,88.5
2025-06-12 21:49:00,66.0
2025-06-12 18:51:00,49.91221338324755
2025-06-12 23:01:00,94.0
2025-06-12 15:59:00,52.1
2025-06-12 01:54:00,92.2
2025-06-12 19:28:00,55.4
2025-06-12 21:01:00,26.0
2025-06-12 14:07:00,88.6
2025-06-12 22:41:00,52.7
2025-06-12 06:22:00,31.1
2025-06-12 02:36:00,49.91221338324755
2025-06-12 04:22:00,81.4
2025-06-12 14:30:00,91.1
2025-06-12 19:01:00,97.6
2025-06-12 09:59:00,27.6
2025-06-12 13:30:00,67.3
2025-06-12 15:27:00,49.91221338324755
2025-06-12 19:51:00,67.5
2025-06-12 01:56:00,12.0
2025-06-12 20:40:00,49.91221338324755
2025-06-12 23:58:00,49.91221338324755
2025-06-12 15:07:00,53.3
2025-06-12 22:57:00,32.2
2025-06-12 19:55:00,25.7
2025-06-12 13:09:00,49.91221338324755
2025-06-12 00:17:00,68.6
2025-06-12 16:42:00,87.6
2025-06-12 19:59:00,48.6
2025-06-12 07:18:00,48.5
2025-06-12 07:30:00,49.91221338324755
2025-06-12 00:27:00,79.0
2025-06-12 09:23:00,76.1
2025-06-12 14:47:00,83.2
2025-06-12 19:36:00,49.91221338324755
2025-06-12 14:29:00,69.3
2025-06-12 19:14:00,37.5
2025-06-12 19:07:00,47.6
2025-06-12 14:24:00,10.4
2025-06-12 11:38:00,15.6
2025-06-12 21:43:00,7.6
2025-06-12 12:05:00,5.1
2025-06-12 02:53:00,13.2
2025-06-12 04:40:00,39.4
2025-06-12 03:32:00,26.7
2025-06-12 09:46:00,49.91221338324755
2025-06-12 23:19:00,53.4
2025-06-12 23:03:00,81.2
2025-06-12 11:14:00,49.91221338324755
2025-06-12 13:20:00,0.6
2025-06-12 22:31:00,35.6
2025-06-12 12:43:00,45.9
2025-06-12 06:16:00,49.91221338324755
2025-06-12 07:03:00,95.9
2025-06-12 08:28:00,39.4
2025-06-12 16:01:00,90.6
2025-06-12 04:53:00,26.0
2025-06-12 22:18:00,40.5
2025-06-12 18:18:00,52.7
2025-06-12 07:52:00,12.6
2025-06-12 22:21:00,73.5
2025-06-12 21:11:00,97.0
2025-06-12 14:58:00,35.8
2025-06-12 02:02:00,47.3
2025-06-12 08:33:00,15.2
2025-06-12 08:29:00,33.0
2025-06-12 07:43:00,45.6
2025-06-12 21:52:00,57.7
2025-06-12 14:51:00,17.9
2025-06-12 07:44:00,59.9
2025-06-12 21:02:00,3.0
2025-06-12 23:16:00,68.1
2025-06-12 10:22:00,68.2
2025-06-12 06:24:00,80.2
2025-06-12 21:30:00,12.1
2025-06-12 18:55:00,39.5
2025-06-12 09:38:00,41.5
2025-06-12 08:01:00,34.1
2025-06-12 02:31:00,49.91221338324755
2025-06-12 03:02:00,4.4
2025-06-12 11:07:00,44.9
2025-06-12 10:42:00,3.6
2025-06-12 01:33:00,0.4
2025-06-12 19:02:00,85.4
2025-06-12 16:45:00,8.2
2025-06-12 06:41:00,45.2
2025-06-12 02:27:00,77.3
2025-06-12 07:25:00,49.91221338324755
2025-06-12 23:46:00,37.9
2025-06-12 10:13:00,49.91221338324755
2025-06-12 17:41:00,65.4
2025-06-12 14:32:00,26.3
2025-06-12 16:06:00,52.5
2025-06-12 13:16:00,96.1
2025-06-12 16:22:00,95.3
2025-06-12 16:32:00,75.3
2025-06-12 22:01:00,76.9
2025-06-12 21:47:00,50.557353635505194
2025-06-12 10:30:00,14.0
2025-06-12 22:29:00,77.2
2025-06-12 03:37:00,52.2
2025-06-12 22:03:00,47.4
2025-06-12 06:22:00,1.9
2025-06-12 12:19:00,93.7
2025-06-12 11:25:00,52.0
2025-06-12 11:37:00,29.1
2025-06-12 08:17:00,70.3
2025-06-12 11:08:00,90.6
2025-06-12 00:54:00,80.8
2025-06-12 06:36:00,4.1
2025-06-12 20:36:00,96.2
2025-06-12 10:52:00,10.7
2025-06-12 07:44:00,28.7
2025-06-12 13:38:00,45.2
2025-06-12 01:07:00,18.6
2025-06-12 15:00:00,70.1
2025-06-12 10:58:00,64.2
2025-06-12 19:54:00,5.5
2025-06-12 23:52:00,34.9
2025-06-12 02:35:00,58.5
2025-06-12 16:41:00,54.2
2025-06-12 19:36:00,38.6
2025-06-12 03:22:00,46.8
2025-06-12 18:13:00,32.7
2025-06-12 00:18:00,17.9
2025-06-12 22:52:00,33.7
2025-06-12 16:20:00,88.8
2025-06-12 12:05:00,43.9
2025-06-12 05:42:00,68.7
2025-06-12 00:58:00,94.4
2025-06-12 17:16:00,74.2
2025-06-12 10:40:00,58.0
2025-06-12 18:56:00,76.2
2025-06-12 01:10:00,79.3
2025-06-12 02:36:00,47.9
2025-06-12 02:49:00,50.557353635505194
2025-06-12 10:56:00,84.1
2025-06-12 15:06:00,50.557353635505194
2025-06-12 04:31:00,9.6
2025-06-12 02:57:00,50.557353635505194
2025-06-12 01:19:00,58.6
2025-06-12 06:43:00,5.8
2025-06-12 03:07:00,40.0
2025-06-12 04:08:00,4.6
2025-06-12 18:31:00,25.0
2025-06-12 15:38:00,50.557353635505194
2025-06-12 02:27:00,2.1
2025-06-12 07:33:00,34.1
2025-06-12 03:29:00,18.9
2025-06-12 23:29:00,52.7
2025-06-12 15:25:00,1.4
2025-06-12 04:30:00,50.557353635505194
2025-06-12 12:33:00,42.8
2025-06-12 10:25:00,57.5
2025-06-12 02:58:00,83.1
2025-06-12 19:05:00,50.557353635505194
2025-06-12 01:57:00,47.7
2025-06-12 15:02:00,42.7
2025-06-12 01:00:00,15.4
2025-06-12 04:42:00,68.9
2025-06-12 18:27:00,1.2
2025-06-12 10:27:00,50.557353635505194
2025-06-12 00:56:00,84.6
2025-06-12 17:08:00,38.4
2025-06-12 21:31:00,24.4
2025-06-12 00:05:00,82.2
2025-06-12 06:40:00,75.8
2025-06-12 06:25:00,5.1
2025-06-12 14:15:00,96.5
2025-06-12 13:50:00,85.9
2025-06-12 23:54:00,23.2
2025-06-12 13:52:00,34.0
2025-06-12 09:22:00,19.3
2025-06-12 05:54:00,6.5
2025-06-12 00:53:00,60.5
2025-06-12 13:10:00,5.7
2025-06-12 23:01:00,50.557353635505194
2025-06-12 21:15:00,13.4
2025-06-12 05:09:00,50.557353635505194
2025-06-12 16:26:00,32.0
2025-06-12 05:56:00,50.557353635505194
2025-06-12 01:58:00,26.9
2025-06-12 00:15:00,41.8
2025-06-12 20:01:00,6.1
2025-06-12 03:57:00,9.0
2025-06-12 03:16:00,63.5
2025-06-12 10:17:00,72.3
2025-06-12 17:46:00,90.3
2025-06-12 18:28:00,2.3
2025-06-12 11:38:00,50.557353635505194
2025-06-12 02:59:00,22.6
2025-06-12 10:02:00,50.557353635505194
2025-06-12 02:45:00,80.5
2025-06-12 22:40:00,93.2
2025-06-12 10:34:00,73.2
2025-06-12 17:02:00,22.3
2025-06-12 04:37:00,35.7
2025-06-12 02:05:00,67.2
2025-06-12 16:14:00,15.4
2025-06-12 13:42:00,50.557353635505194
2025-06-12 07:57:00,2.3
2025-06-12 12:18:00,56.7
2025-06-12 21:12:00,19.1
2025-06-12 04:29:00,4.7
2025-06-12 22:55:00,23.9
2025-06-12 15:51:00,56.5
2025-06-12 11:41:00,30.9
2025-06-12 12:24:00,5.9
2025-06-12 12:08:00,54.5
2025-06-12 15:20:00,81.1
2025-06-12 20:43:00,64.1
2025-06-12 08:21:00,50.557353635505194
2025-06-12 01:02:00,84.6
2025-06-12 02:40:00,7.4
2025-06-12 06:06:00,87.2
2025-06-12 00:30:00,10.5
2025-06-12 03:45:00,88.7
2025-06-12 02:33:00,66.0
2025-06-12 09:24:00,50.557353635505194
2025-06-12 07:40:00,22.5
2025-06-12 07:59:00,50.557353635505194
2025-06-12 18:35:00,60.1
2025-06-12 09:01:00,50.557353635505194
2025-06-12 19:40:00,44.5
2025-06-12 19:39:00,94.6
2025-06-12 20:52:00,92.3
2025-06-12 04:56:00,5.1
2025-06-12 03:00:00,47.5
2025-06-12 13:54:00,28.3
2025-06-12 08:59:00,99.6
2025-06-12 14:42:00,99.8
2025-06-12 00:34:00,1.1
2025-06-12 10:35:00,79.5
2025-06-12 15:15:00,45.2
2025-06-12 09:53:00,50.557353635505194
2025-06-12 09:46:00,50.557353635505194
2025-06-12 06:27:00,57.0
2025-06-12 06:23:00,25.8
2025-06-12 10:47:00,61.0
2025-06-12 04:32:00,50.557353635505194
2025-06-12 06:21:00,6.9
2025-06-12 04:23:00,92.1
2025-06-12 08:55:00,24.9
2025-06-12 11:10:00,32.7
2025-06-12 00:26:00,86.3
2025-06-12 10:22:00,50.4
2025-06-12 21:03:00,99.1
2025-06-12 03:46:00,50.557353635505194
2025-06-12 13:11:00,26.4
2025-06-12 12:14:00,10.4
2025-06-12 03:10:00,60.3
2025-06-12 04:44:00,18.8
2025-06-12 21:37:00,3.7
2025-06-12 15:21:00,1.9
2025-06-12 06:39:00,22.7
2025-06-12 08:25:00,58.0
2025-06-12 02:46:00,50.557353635505194
2025-06-12 19:49:00,50.557353635505194
2025-06-12 20:38:00,33.9
2025-06-12 03:54:00,94.3
2025-06-12 22:54:00,50.557353635505194
2025-06-12 23:03:00,97.2
2025-06-12 02:54:00,41.1
2025-06-12 17:39:00,83.3
2025-06-12 11:00:00,12.8
2025-06-12 18:11:00,29.0
2025-06-12 14:59:00,11.5
2025-06-12 14:14:00,77.4
2025-06-12 09:27:00,47.9
2025-06-12 23:30:00,50.557353635505194
2025-06-12 06:09:00,23.5
2025-06-12 23:44:00,50.557353635505194
2025-06-12 07:49:00,22.9
2025-06-12 04:07:00,28.9
2025-06-12 20:28:00,36.4
2025-06-12 05:53:00,98.6
2025-06-12 01:21:00,50.557353635505194
2025-06-12 12:48:00,82.3
2025-06-12 20:59:00,50.557353635505194
2025-06-12 20:05:00,81.5
2025-06-12 07:12:00,41.4
2025-06-12 16:40:00,85.6
2025-06-12 14:57:00,32.8
2025-06-12 00:55:00,49.0
2025-06-12 07:11:00,50.557353635505194
2025-06-12 05:57:00,1.2
2025-06-12 06:32:00,54.9
2025-06-12 01:54:00,18.9
2025-06-12 19:16:00,94.4
2025-06-12 15:41:00,41.4
2025-06-12 15:52:00,34.9
2025-06-12 09:50:00,44.7
2025-06-12 12:21:00,50.557353635505194
2025-06-12 09:54:00,62.6
2025-06-12 02:11:00,85.9
2025-06-12 08:30:00,94.0
2025-06-12 14:34:00,50.557353635505194
2025-06-12 06:10:00,42.2
2025-06-12 05:00:00,50.557353635505194
2025-06-12 18:04:00,50.557353635505194
2025-06-12 22:58:00,80.2
2025-06-12 13:12:00,50.557353635505194
2025-06-12 00:00:00,37.4
2025-06-12 09:38:00,41.3
2025-06-12 20:14:00,82.9
2025-06-12 18:42:00,69.9
2025-06-12 18:51:00,33.6
2025-06-12 22:53:00,50.557353635505194
2025-06-12 16:13:00,50.557353635505194
2025-06-12 02:04:00,50.557353635505194
2025-06-12 07:52:00,92.6
2025-06-12 18:45:00,30.7
2025-06-12 22:14:00,46.6
2025-06-12 12:23:00,75.0
2025-06-12 07:10:00,8.6
2025-06-12 14:07:00,51.0
2025-06-12 11:04:00,98.9
2025-06-12 17:00:00,38.1
2025-06-12 12:15:00,77.3
2025-06-12 09:06:00,50.557353635505194
2025-06-12 21:51:00,74.0
2025-06-12 09:33:00,78.6
2025-06-12 05:11:00,70.5
2025-06-12 13:00:00,66.7
2025-06-12 02:41:00,95.2
2025-06-12 21:44:00,95.3
2025-06-12 16:55:00,57.0
2025-06-12 05:14:00,80.0
2025-06-12 09:19:00,78.0
2025-06-12 06:38:00,62.7
2025-06-12 18:07:00,35.3
2025-06-12 07:02:00,37.1
2025-06-12 15:04:00,52.9
2025-06-12 00:41:00,70.8
2025-06-12 02:44:00,61.7
2025-06-12 10:03:00,70.4
2025-06-12 00:13:00,75.1
2025-06-12 13:18:00,88.1
2025-06-12 20:48:00,70.9
2025-06-12 17:03:00,79.9
2025-06-12 07:32:00,77.5
2025-06-12 11:40:00,12.9
2025-06-12 20:41:00,93.9
2025-06-12 01:40:00,39.2
2025-06-12 15:42:00,87.2
2025-06-12 08:23:00,17.6
2025-06-12 16:34:00,67.3
2025-06-12 10:49:00,8.6
2025-06-12 22:59:00,96.5
2025-06-12 22:38:00,50.557353635505194
2025-06-12 11:19:00,13.6
2025-06-12 03:41:00,50.557353635505194
2025-06-12 09:32:00,12.9
2025-06-12 12:10:00,41.0
2025-06-12 15:37:00,54.9
2025-06-12 12:26:00,64.5
2025-06-12 16:54:00,19.6
2025-06-12 01:16:00,56.0
2025-06-12 19:00:00,91.2
2025-06-12 18:26:00,93.8
2025-06-12 14:51:00,86.0
2025-06-12 19:29:00,23.9
2025-06-12 00:27:00,50.557353635505194
2025-06-12 01:43:00,52.3
2025-06-12 17:13:00,93.2
2025-06-12 13:55:00,30.4
2025-06-12 09:39:00,60.8
2025-06-12 06:56:00,21.9
2025-06-12 15:43:00,53.8
2025-06-12 06:50:00,98.2
2025-06-12 20:56:00,76.7
2025-06-12 05:35:00,47.2
2025-06-12 10:46:00,13.2
2025-06-12 14:13:00,25.1
2025-06-12 12:12:00,50.557353635505194
2025-06-12 22:27:00,28.8
2025-06-12 00:07:00,90.1
2025-06-12 22:19:00,28.6
2025-06-12 12:33:00,85.7
2025-06-12 23:04:00,90.0
2025-06-12 21:36:00,1.5
2025-06-12 19:31:00,61.0
2025-06-12 15:40:00,80.6
2025-06-12 20:40:00,42.8
2025-06-12 12:14:00,38.0
2025-06-12 05:20:00,7.1
2025-06-12 16:18:00,42.9
2025-06-12 03:36:00,38.1
2025-06-12 12:48:00,73.0
2025-06-12 21:47:00,49.87196987526477
2025-06-12 07:32:00,67.4
2025-06-12 14:58:00,46.1
2025-06-12 11:01:00,97.8
2025-06-12 06:42:00,49.87196987526477
2025-06-12 21:02:00,64.1
2025-06-12 04:19:00,15.8
2025-06-12 17:20:00,84.1
2025-06-12 04:18:00,49.87196987526477
2025-06-12 22:00:00,62.4
2025-06-12 02:55:00,70.9
2025-06-12 00:25:00,49.87196987526477
2025-06-12 10:12:00,12.9
2025-06-12 06:24:00,77.0
2025-06-12 10:25:00,49.3
2025-06-12 00:36:00,49.87196987526477
2025-06-12 10:55:00,29.6
2025-06-12 16:41:00,48.3
2025-06-12 08:47:00,15.5
2025-06-12 15:07:00,39.7
2025-06-12 03:11:00,49.87196987526477
2025-06-12 07:33:00,16.5
2025-06-12 05:49:00,22.3
2025-06-12 21:32:00,55.6
2025-06-12 01:19:00,45.4
2025-06-12 21:42:00,49.87196987526477
2025-06-12 04:05:00,69.8
2025-06-12 03:35:00,34.3
2025-06-12 13:46:00,1.7
2025-06-12 02:01:00,96.1
2025-06-12 00:46:00,7.9
2025-06-12 18:09:00,61.1
2025-06-12 15:35:00,61.0
2025-06-12 11:00:00,73.5
2025-06-12 23:28:00,1.4
2025-06-12 16:13:00,12.5
2025-06-12 15:57:00,96.7
2025-06-12 17:50:00,79.9
2025-06-12 20:47:00,5.8
2025-06-12 20:17:00,84.3
2025-06-12 16:24:00,49.87196987526477
2025-06-12 14:31:00,82.7
2025-06-12 02:17:00,18.8
2025-06-12 18:39:00,77.5
2025-06-12 07:43:00,8.9
2025-06-12 12:57:00,23.1
2025-06-12 09:38:00,81.6
2025-06-12 08:05:00,99.3
2025-06-12 14:15:00,18.8
2025-06-12 08:00:00,49.87196987526477
2025-06-12 15:38:00,49.87196987526477
2025-06-12 13:47:00,75.0
2025-06-12 22:31:00,49.87196987526477
2025-06-12 14:56:00,72.6
2025-06-12 18:03:00,76.9
2025-06-12 21:33:00,97.4
2025-06-12 17:49:00,37.4
2025-06-12 10:39:00,65.8
2025-06-12 22:14:00,2.6
2025-06-12 02:46:00,49.87196987526477
2025-06-12 00:09:00,10.9
2025-06-12 08:03:00,49.87196987526477
2025-06-12 19:06:00,97.8
2025-06-12 14:42:00,1.3
2025-06-12 09:46:00,46.3
2025-06-12 16:38:00,67.2
2025-06-12 15:24:00,15.0
2025-06-12 07:45:00,36.2
2025-06-12 17:10:00,30.6
2025-06-12 11:59:00,62.0
2025-06-12 04:41:00,22.9
2025-06-12 07:36:00,49.87196987526477
2025-06-12 15:08:00,51.0
2025-06-12 20:09:00,61.8
2025-06-12 03:43:00,29.5
2025-06-12 23:23:00,56.4
2025-06-12 08:24:00,74.9
2025-06-12 16:23:00,58.8
2025-06-12 23:21:00,49.87196987526477
2025-06-12 11:52:00,81.6
2025-06-12 07:28:00,21.9
2025-06-12 20:23:00,66.9
2025-06-12 21:26:00,91.0
2025-06-12 19:11:00,4.5
2025-06-12 01:42:00,49.87196987526477
2025-06-12 08:34:00,49.87196987526477
2025-06-12 20:38:00,81.9
2025-06-12 09:37:00,70.9
2025-06-12 02:48:00,54.5
2025-06-12 22:36:00,49.87196987526477
2025-06-12 12:26:00,40.7
2025-06-12 19:32:00,49.87196987526477
2025-06-12 05:47:00,72.7
2025-06-12 10:45:00,49.87196987526477
2025-06-12 22:26:00,59.0
2025-06-12 15:25:00,27.9
2025-06-12 01:55:00,29.7
2025-06-12 02:35:00,14.6
2025-06-12 14:10:00,1.8
2025-06-12 10:27:00,49.87196987526477
2025-06-12 13:55:00,51.2
2025-06-12 16:22:00,13.7
2025-06-12 22:38:00,49.87196987526477
2025-06-12 14:35:00,44.0
2025-06-12 17:45:00,79.4
2025-06-12 20:24:00,81.2
2025-06-12 01:06:00,90.6
2025-06-12 19:45:00,49.87196987526477
2025-06-12 08:56:00,54.1
2025-06-12 13:00:00,95.0
2025-06-12 03:37:00,66.7
2025-06-12 03:23:00,35.6
2025-06-12 20:00:00,9.5
2025-06-12 09:26:00,51.0
2025-06-12 04:42:00,49.87196987526477
2025-06-12 09:18:00,35.3
2025-06-12 07:27:00,49.87196987526477
2025-06-12 22:53:00,36.6
2025-06-12 02:39:00,49.87196987526477
2025-06-12 10:07:00,77.4
2025-06-12 19:48:00,16.2
2025-06-12 00:27:00,75.7
2025-06-12 03:47:00,49.87196987526477
2025-06-12 04:26:00,2.3
2025-06-12 03:20:00,77.0
2025-06-12 06:12:00,17.6
2025-06-12 13:37:00,66.2
2025-06-12 02:44:00,5.5
2025-06-12 19:30:00,93.7
2025-06-12 16:10:00,49.87196987526477
2025-06-12 16:51:00,37.5
2025-06-12 10:48:00,45.7
2025-06-12 17:27:00,49.87196987526477
2025-06-12 01:26:00,22.7
2025-06-12 12:00:00,66.7
2025-06-12 12:21:00,14.5
2025-06-12 12:30:00,66.6
2025-06-12 04:17:00,45.5
2025-06-12 09:32:00,39.0
2025-06-12 10:56:00,45.5
2025-06-12 16:37:00,10.0
2025-06-12 04:11:00,59.3
2025-06-12 01:54:00,99.9
2025-06-12 04:57:00,30.3
2025-06-12 19:22:00,78.4
2025-06-12 16:55:00,89.2
2025-06-12 03:10:00,37.9
2025-06-12 11:37:00,93.4
2025-06-12 04:08:00,84.7
2025-06-12 03:41:00,85.1
2025-06-12 06:38:00,30.2
2025-06-12 09:21:00,16.5
2025-06-12 04:38:00,49.87196987526477
2025-06-12 21:13:00,26.9
2025-06-12 18:22:00,94.9
2025-06-12 06:08:00,64.1
2025-06-12 13:56:00,49.87196987526477
2025-06-12 00:01:00,49.87196987526477
2025-06-12 10:43:00,41.7
2025-06-12 15:32:00,26.9
2025-06-12 04:54:00,49.87196987526477
2025-06-12 23:10:00,87.8
2025-06-12 09:34:00,87.5
2025-06-12 20:37:00,95.2
2025-06-12 06:04:00,49.87196987526477
2025-06-12 16:04:00,87.3
2025-06-12 07:24:00,45.7
2025-06-12 03:25:00,91.8
2025-06-12 01:21:00,49.87196987526477
2025-06-12 19:20:00,49.87196987526477
2025-06-12 16:59:00,45.7
2025-06-12 10:47:00,56.7
2025-06-12 01:37:00,49.87196987526477
2025-06-12 17:38:00,49.87196987526477
2025-06-12 06:15:00,33.0
2025-06-12 14:22:00,0.6
2025-06-12 19:55:00,78.6
2025-06-12 22:10:00,60.5
2025-06-12 01:09:00,0.8
2025-06-12 19:42:00,14.5
2025-06-12 20:31:00,25.3
2025-06-12 09:41:00,83.7
2025-06-12 20:46:00,75.0
2025-06-12 22:17:00,62.2
2025-06-12 08:53:00,33.1
2025-06-12 20:22:00,40.5
2025-06-12 16:00:00,75.3
2025-06-12 12:49:00,49.87196987526477
2025-06-12 03:01:00,49.87196987526477
2025-06-12 12:39:00,44.0
2025-06-12 06:33:00,95.5
2025-06-12 16:56:00,26.5
2025-06-12 04:28:00,49.87196987526477
2025-06-12 01:28:00,8.1
2025-06-12 19:04:00,49.87196987526477
2025-06-12 08:04:00,37.2
2025-06-12 05:32:00,47.7
2025-06-12 00:10:00,69.6
2025-06-12 18:52:00,49.87196987526477
2025-06-12 17:02:00,17.6
2025-06-12 16:01:00,49.87196987526477
2025-06-12 14:43:00,79.3
2025-06-12 00:33:00,57.7
2025-06-12 12:45:00,11.8
2025-06-12 14:04:00,75.7
2025-06-12 20:53:00,34.3
2025-06-12 12:59:00,97.6
2025-06-12 18:41:00,10.3
2025-06-12 13:49:00,16.1
2025-06-12 22:43:00,13.9
2025-06-12 15:15:00,49.87196987526477
2025-06-12 02:28:00,99.4
2025-06-12 21:18:00,97.3
2025-06-12 10:02:00,49.87196987526477
2025-06-12 09:23:00,42.7
2025-06-12 11:33:00,41.0
2025-06-12 19:10:00,90.2
2025-06-12 20:21:00,94.2
2025-06-12 18:57:00,33.5
2025-06-12 07:10:00,63.5
2025-06-12 12:42:00,12.8
2025-06-12 04:40:00,49.87196987526477
2025-06-12 11:23:00,42.6
2025-06-12 13:07:00,17.9
2025-06-12 12:20:00,85.1
2025-06-12 19:58:00,50.6
2025-06-12 10:23:00,57.2
2025-06-12 20:36:00,83.8
2025-06-12 09:15:00,93.1
2025-06-12 10:46:00,70.5
2025-06-12 10:59:00,37.7
2025-06-12 06:36:00,17.1
2025-06-12 23:09:00,0.8
2025-06-12 22:09:00,70.8
2025-06-12 04:49:00,16.2
2025-06-12 20:28:00,33.0
2025-06-12 20:19:00,30.2
2025-06-12 14:12:00,68.3
2025-06-12 16:43:00,72.0
2025-06-12 11:21:00,77.8
2025-06-12 10:40:00,65.0
2025-06-12 04:43:00,48.7
2025-06-12 08:35:00,29.5
2025-06-12 18:14:00,40.1
2025-06-12 01:39:00,68.8
2025-06-12 08:57:00,56.5
2025-06-12 22:03:00,49.87196987526477
2025-06-12 19:21:00,69.3
2025-06-12 14:06:00,63.4
2025-06-12 00:45:00,49.87196987526477
2025-06-12 02:29:00,10.1
2025-06-12 15:41:00,97.7
2025-06-12 15:14:00,26.4
2025-06-12 13:24:00,87.7
2025-06-12 06:55:00,30.0
2025-06-12 14:00:00,5.8
2025-06-12 16:42:00,70.4
2025-06-12 15:28:00,73.8
2025-06-12 00:21:00,49.87196987526477
2025-06-12 17:41:00,49.87196987526477
2025-06-12 12:07:00,23.8
2025-06-12 05:25:00,37.4
2025-06-12 01:15:00,14.0
2025-06-12 05:42:00,2.1
2025-06-12 00:05:00,82.7
2025-06-12 17:19:00,42.0
2025-06-12 21:25:00,51.4
2025-06-12 20:49:00,98.7
2025-06-12 10:14:00,89.0
2025-06-12 14:39:00,12.2
2025-06-12 21:37:00,53.5
2025-06-12 13:36:00,23.4
2025-06-12 21:40:00,8.0
2025-06-12 06:14:00,49.87196987526477
2025-06-12 11:30:00,49.87196987526477
2025-06-12 15:47:00,36.8
2025-06-12 10:37:00,38.0
2025-06-12 11:41:00,64.8
2025-06-12 11:04:00,70.1
2025-06-12 03:19:00,49.93628109892701
2025-06-12 09:22:00,98.7
2025-06-12 09:00:00,49.93628109892701
2025-06-12 23:34:00,30.0
2025-06-12 13:11:00,2.7
2025-06-12 13:46:00,49.93628109892701
2025-06-12 08:40:00,3.5
2025-06-12 14:13:00,93.1
2025-06-12 18:28:00,17.6
2025-06-12 11:39:00,18.9
2025-06-12 00:51:00,49.93628109892701
2025-06-12 14:40:00,13.3
2025-06-12 03:32:00,49.93628109892701
2025-06-12 16:59:00,49.93628109892701
2025-06-12 18:21:00,0.8
2025-06-12 23:12:00,19.7
2025-06-12 17:35:00,93.8
2025-06-12 00:53:00,49.93628109892701
2025-06-12 16:46:00,77.7
2025-06-12 10:32:00,13.0
2025-06-12 05:53:00,74.1
2025-06-12 14:03:00,33.5
2025-06-12 09:57:00,73.5
2025-06-12 22:52:00,49.93628109892701
2025-06-12 18:10:00,92.0
2025-06-12 07:06:00,61.1
2025-06-12 22:22:00,17.5
2025-06-12 08:33:00,5.3
2025-06-12 14:42:00,41.1
2025-06-12 07:12:00,96.2
2025-06-12 12:44:00,56.8
2025-06-12 14:29:00,1.6
2025-06-12 06:31:00,30.3
2025-06-12 17:00:00,0.2
2025-06-12 08:48:00,49.93628109892701
2025-06-12 23:31:00,76.9
2025-06-12 15:53:00,89.7
2025-06-12 16:27:00,30.6
2025-06-12 01:53:00,58.3
2025-06-12 08:57:00,27.2
2025-06-12 12:03:00,49.93628109892701
2025-06-12 23:26:00,39.1
2025-06-12 17:57:00,25.4
2025-06-12 05:23:00,63.5
2025-06-12 03:50:00,40.9
2025-06-12 03:02:00,61.6
2025-06-12 18:14:00,48.9
2025-06-12 00:26:00,92.2
2025-06-12 14:37:00,91.7
2025-06-12 15:08:00,49.0
2025-06-12 17:45:00,49.93628109892701
2025-06-12 16:18:00,65.0
2025-06-12 16:28:00,29.9
2025-06-12 05:50:00,49.93628109892701
2025-06-12 07:18:00,49.93628109892701
2025-06-12 16:32:00,19.4
2025-06-12 03:37:00,66.7
2025-06-12 01:12:00,24.9
2025-06-12 03:14:00,49.93628109892701
2025-06-12 07:23:00,10.1
2025-06-12 06:33:00,13.1
2025-06-12 21:33:00,68.5
2025-06-12 04:55:00,39.0
2025-06-12 17:01:00,76.7
2025-06-12 10:43:00,49.93628109892701
2025-06-12 04:29:00,80.4
2025-06-12 19:19:00,79.8
2025-06-12 12:06:00,49.93628109892701
2025-06-12 06:36:00,5.8
2025-06-12 12:37:00,55.1
2025-06-12 10:20:00,59.0
2025-06-12 06:24:00,38.1
2025-06-12 00:46:00,68.0
2025-06-12 02:57:00,49.93628109892701
2025-06-12 08:15:00,4.8
2025-06-12 05:24:00,49.93628109892701
2025-06-12 08:03:00,52.7
2025-06-12 03:06:00,66.4
2025-06-12 10:08:00,82.7
2025-06-12 17:38:00,25.1
2025-06-12 01:29:00,82.6
2025-06-12 22:29:00,49.93628109892701
2025-06-12 22:54:00,96.0
2025-06-12 14:09:00,11.0
2025-06-12 16:22:00,65.2
2025-06-12 16:20:00,49.93628109892701
2025-06-12 15:41:00,1.6
2025-06-12 16:10:00,19.0
2025-06-12 07:19:00,75.9
2025-06-12 11:54:00,59.8
2025-06-12 14:54:00,26.1
2025-06-12 03:38:00,64.0
2025-06-12 14:52:00,54.3
2025-06-12 04:26:00,49.93628109892701
2025-06-12 13:35:00,49.93628109892701
2025-06-12 03:40:00,30.5
2025-06-12 06:59:00,55.8
2025-06-12 13:49:00,68.0
2025-06-12 18:06:00,53.6
2025-06-12 06:03:00,89.4
2025-06-12 10:11:00,34.9
2025-06-12 20:28:00,41.6
2025-06-12 08:13:00,9.3
2025-06-12 22:38:00,90.1
2025-06-12 20:56:00,7.8
2025-06-12 22:53:00,5.7
2025-06-12 07:37:00,68.4
2025-06-12 19:10:00,84.8
2025-06-12 08:21:00,47.6
2025-06-12 05:49:00,49.93628109892701
2025-06-12 03:48:00,49.93628109892701
2025-06-12 16:24:00,28.7
2025-06-12 12:40:00,8.8
2025-06-12 13:47:00,91.2
2025-06-12 04:57:00,51.5
2025-06-12 23:16:00,69.4
2025-06-12 01:52:00,28.0
2025-06-12 20:44:00,65.9
2025-06-12 02:25:00,69.9
2025-06-12 16:58:00,98.8
2025-06-12 12:34:00,49.93628109892701
2025-06-12 21:26:00,8.4
2025-06-12 22:44:00,38.6
2025-06-12 09:20:00,49.93628109892701
2025-06-12 23:35:00,51.5
2025-06-12 13:20:00,97.1
2025-06-12 09:30:00,70.9
2025-06-12 09:35:00,49.93628109892701
2025-06-12 15:54:00,88.0
2025-06-12 00:08:00,40.6
2025-06-12 02:49:00,48.4
2025-06-12 02:17:00,28.1
2025-06-12 16:05:00,1.8
2025-06-12 18:18:00,49.93628109892701
2025-06-12 02:09:00,25.8
2025-06-12 19:31:00,49.93628109892701
2025-06-12 19:52:00,49.93628109892701
2025-06-12 12:19:00,49.93628109892701
2025-06-12 18:09:00,0.9
2025-06-12 16:50:00,75.8
2025-06-12 14:43:00,49.93628109892701
2025-06-12 16:54:00,5.6
2025-06-12 12:17:00,49.93628109892701
2025-06-12 11:37:00,24.0
2025-06-12 00:59:00,10.4
2025-06-12 12:50:00,14.5
2025-06-12 00:37:00,42.9
2025-06-12 21:49:00,24.1
2025-06-12 06:10:00,84.7
2025-06-12 08:44:00,81.9
2025-06-12 05:03:00,49.93628109892701
2025-06-12 23:59:00,35.5
2025-06-12 08:54:00,35.6
2025-06-12 22:26:00,50.9
2025-06-12 20:23:00,75.1
2025-06-12 01:56:00,84.0
2025-06-12 20:12:00,84.5
2025-06-12 05:44:00,77.1
2025-06-12 19:43:00,13.6
2025-06-12 13:10:00,89.9
2025-06-12 11:15:00,54.1
2025-06-12 10:06:00,5.2
2025-06-12 14:59:00,34.7
2025-06-12 01:31:00,82.4
2025-06-12 01:17:00,49.93628109892701
2025-06-12 09:31:00,59.9
2025-06-12 19:48:00,95.1
2025-06-12 23:07:00,44.9
2025-06-12 14:21:00,76.0
2025-06-12 10:03:00,90.1
2025-06-12 18:32:00,49.93628109892701
2025-06-12 05:21:00,56.4
2025-06-12 09:18:00,49.93628109892701
2025-06-12 02:18:00,82.7
2025-06-12 07:47:00,49.93628109892701
2025-06-12 18:01:00,33.6
2025-06-12 07:22:00,3.5
2025-06-12 19:55:00,59.6
2025-06-12 22:14:00,49.93628109892701
2025-06-12 20:36:00,16.5
2025-06-12 00:01:00,47.2
2025-06-12 17:33:00,50.2
2025-06-12 20:31:00,62.9
2025-06-12 18:50:00,54.1
2025-06-12 00:48:00,3.3
2025-06-12 05:07:00,1.8
2025-06-12 11:49:00,92.0
2025-06-12 15:16:00,49.93628109892701
2025-06-12 07:27:00,53.5
2025-06-12 16:53:00,74.0
2025-06-12 14:10:00,30.8
2025-06-12 22:13:00,9.3
2025-06-12 14:47:00,92.0
2025-06-12 03:27:00,32.3
2025-06-12 04:33:00,45.1
2025-06-12 02:10:00,49.2
2025-06-12 09:56:00,21.7
2025-06-12 11:09:00,74.1
2025-06-12 21:35:00,49.93628109892701
2025-06-12 11:25:00,12.8
2025-06-12 01:18:00,37.7
2025-06-12 00:35:00,43.2
2025-06-12 16:21:00,47.2
2025-06-12 19:28:00,49.93628109892701
2025-06-12 01:10:00,0.5
2025-06-12 13:26:00,78.2
2025-06-12 17:14:00,84.9
2025-06-12 16:17:00,45.5
2025-06-12 05:38:00,27.4
2025-06-12 02:34:00,82.6
2025-06-12 12:59:00,23.9
2025-06-12 14:58:00,37.2
2025-06-12 11:00:00,40.2
2025-06-12 04:07:00,46.1
2025-06-12 12:32:00,4.9
2025-06-12 03:08:00,2.3
2025-06-12 15:59:00,8.6
2025-06-12 01:28:00,84.4
2025-06-12 16:13:00,49.93628109892701
2025-06-12 01:08:00,49.93628109892701
2025-06-12 07:17:00,49.93628109892701
2025-06-12 15:52:00,5.6
2025-06-12 03:36:00,18.2
2025-06-12 19:47:00,60.7
2025-06-12 02:07:00,66.3
2025-06-12 23:08:00,40.6
2025-06-12 21:02:00,49.93628109892701
2025-06-12 13:15:00,75.3
2025-06-12 13:22:00,70.4
2025-06-12 16:45:00,6.8
2025-06-12 18:39:00,41.5
2025-06-12 13:52:00,60.8
2025-06-12 01:40:00,15.4
2025-06-12 01:58:00,49.93628109892701
2025-06-12 15:26:00,14.6
2025-06-12 03:17:00,81.2
2025-06-12 23:05:00,10.1
2025-06-12 01:11:00,27.0
2025-06-12 15:06:00,42.4
2025-06-12 09:09:00,51.2
2025-06-12 21:16:00,44.1
2025-06-12 13:30:00,97.8
2025-06-12 14:51:00,58.7
2025-06-12 10:54:00,37.4
2025-06-12 16:44:00,49.93628109892701
2025-06-12 04:21:00,74.9
2025-06-12 07:43:00,98.0
2025-06-12 09:04:00,68.9
2025-06-12 20:48:00,49.7
2025-06-12 23:33:00,81.4
2025-06-12 05:05:00,18.3
2025-06-12 08:19:00,42.1
2025-06-12 09:58:00,59.1
2025-06-12 08:20:00,6.2
2025-06-12 13:51:00,53.0
2025-06-12 01:25:00,30.7
2025-06-12 13:42:00,48.8
2025-06-12 22:12:00,7.9
2025-06-12 13:29:00,95.4
2025-06-12 21:20:00,15.1
2025-06-12 07:44:00,66.7
2025-06-12 09:41:00,31.2
2025-06-12 23:54:00,11.8
2025-06-12 21:32:00,32.3
2025-06-12 02:42:00,49.93628109892701
2025-06-12 06:18:00,17.0
2025-06-12 08:09:00,92.5
2025-06-12 00:42:00,49.93628109892701
2025-06-12 03:29:00,79.8
2025-06-12 05:35:00,49.93628109892701
2025-06-12 23:38:00,91.8
2025-06-12 09:52:00,45.3
2025-06-12 07:07:00,15.9
2025-06-12 01:23:00,55.6
2025-06-12 02:52:00,22.8
2025-06-12 22:05:00,55.0
2025-06-12 02:20:00,89.1
2025-06-12 01:41:00,28.3
2025-06-12 04:14:00,49.93628109892701
2025-06-12 12:22:00,84.9
2025-06-12 08:43:00,72.3
2025-06-12 20:02:00,78.1
2025-06-12 18:12:00,49.93628109892701
2025-06-12 05:42:00,62.7
2025-06-12 11:06:00,59.1
2025-06-12 00:41:00,82.4
2025-06-12 15:21:00,30.4
2025-06-12 18:33:00,28.2
2025-06-12 06:08:00,5.7
2025-06-12 05:48:00,88.0
2025-06-12 06:16:00,49.797736698660984
2025-06-12 20:48:00,8.4
2025-06-12 10:46:00,49.797736698660984
2025-06-12 01:04:00,59.8
2025-06-12 17:19:00,47.2
2025-06-12 23:53:00,25.0
2025-06-12 07:38:00,49.797736698660984
2025-06-12 02:32:00,49.797736698660984
2025-06-12 03:40:00,16.6
2025-06-12 15:38:00,5.0
2025-06-12 00:44:00,92.8
2025-06-12 18:03:00,98.1
2025-06-12 14:34:00,49.797736698660984
2025-06-12 04:05:00,70.6
2025-06-12 10:16:00,64.9
2025-06-12 06:38:00,94.9
2025-06-12 21:03:00,60.5
2025-06-12 11:10:00,33.1
2025-06-12 10:09:00,64.6
2025-06-12 11:52:00,10.1
2025-06-12 21:51:00,49.4
2025-06-12 15:37:00,19.1
2025-06-12 17:51:00,54.7
2025-06-12 10:11:00,79.7
2025-06-12 22:11:00,1.3
2025-06-12 10:15:00,46.5
2025-06-12 09:17:00,66.6
2025-06-12 00:06:00,92.3
2025-06-12 09:24:00,8.0
2025-06-12 03:34:00,43.4
2025-06-12 20:47:00,46.8
2025-06-12 06:20:00,91.7
2025-06-12 19:11:00,65.9
2025-06-12 02:05:00,80.8
2025-06-12 10:07:00,59.4
2025-06-12 02:10:00,93.9
2025-06-12 09:25:00,70.5
2025-06-12 09:52:00,63.2
2025-06-12 22:49:00,63.6
2025-06-12 10:53:00,68.3
2025-06-12 06:34:00,87.6
2025-06-12 08:41:00,39.6
2025-06-12 05:19:00,15.6
2025-06-12 10:39:00,49.797736698660984
2025-06-12 23:48:00,33.7
2025-06-12 08:23:00,35.8
2025-06-12 02:02:00,66.8
2025-06-12 07:57:00,55.8
2025-06-12 16:03:00,39.1
2025-06-12 09:33:00,92.7
2025-06-12 06:01:00,0.4
2025-06-12 08:46:00,95.2
2025-06-12 16:09:00,22.0
2025-06-12 05:48:00,38.1
2025-06-12 12:16:00,37.5
2025-06-12 04:28:00,49.797736698660984
2025-06-12 23:49:00,68.3
2025-06-12 00:54:00,49.797736698660984
2025-06-12 16:45:00,6.0
2025-06-12 23:27:00,24.3
2025-06-12 00:25:00,62.7
2025-06-12 00:43:00,73.5
2025-06-12 10:21:00,92.3
2025-06-12 07:24:00,4.6
2025-06-12 00:09:00,60.0
2025-06-12 20:42:00,66.1
2025-06-12 16:58:00,78.9
2025-06-12 13:50:00,5.2
2025-06-12 04:03:00,70.8
2025-06-12 14:50:00,51.9
2025-06-12 18:14:00,72.0
2025-06-12 16:29:00,20.1
2025-06-12 06:25:00,31.7
2025-06-12 02:57:00,56.3
2025-06-12 22:21:00,49.797736698660984
2025-06-12 19:52:00,20.3
2025-06-12 03:27:00,37.4
2025-06-12 11:24:00,82.8
2025-06-12 14:22:00,43.0
2025-06-12 11:35:00,93.9
2025-06-12 08:19:00,98.8
2025-06-12 15:41:00,49.797736698660984
2025-06-12 14:55:00,2.1
2025-06-12 11:13:00,54.1
2025-06-12 11:51:00,71.1
2025-06-12 21:38:00,9.5
2025-06-12 11:59:00,7.8
2025-06-12 12:11:00,36.8
2025-06-12 10:27:00,99.2
2025-06-12 08:29:00,15.3
2025-06-12 07:40:00,87.2
2025-06-12 07:51:00,49.797736698660984
2025-06-12 12:51:00,25.4
2025-06-12 04:47:00,68.6
2025-06-12 20:15:00,56.6
2025-06-12 03:07:00,53.2
2025-06-12 17:55:00,18.5
2025-06-12 21:27:00,32.8
2025-06-12 18:08:00,49.797736698660984
2025-06-12 03:53:00,49.797736698660984
2025-06-12 21:23:00,71.8
2025-06-12 10:18:00,61.8
2025-06-12 08:17:00,56.2
2025-06-12 07:42:00,49.797736698660984
2025-06-12 09:51:00,0.1
2025-06-12 10:28:00,47.7
2025-06-12 02:13:00,99.8
2025-06-12 04:04:00,85.0
2025-06-12 01:52:00,65.7
2025-06-12 12:48:00,31.4
2025-06-12 00:08:00,49.797736698660984
2025-06-12 12:24:00,66.1
2025-06-12 21:19:00,82.2
2025-06-12 21:58:00,7.1
2025-06-12 21:11:00,22.0
2025-06-12 18:21:00,83.5
2025-06-12 13:42:00,49.797736698660984
2025-06-12 01:10:00,97.8
2025-06-12 04:11:00,73.5
2025-06-12 16:49:00,64.4
2025-06-12 20:25:00,47.1
2025-06-12 09:31:00,94.7
2025-06-12 01:19:00,27.2
2025-06-12 08:45:00,86.1
2025-06-12 23:33:00,96.7
2025-06-12 00:20:00,34.9
2025-06-12 07:14:00,42.9
2025-06-12 12:57:00,14.9
2025-06-12 18:35:00,52.6
2025-06-12 02:37:00,17.5
2025-06-12 16:54:00,5.9
2025-06-12 03:44:00,21.6
2025-06-12 04:45:00,12.6
2025-06-12 15:54:00,41.0
2025-06-12 17:26:00,59.5
2025-06-12 06:31:00,77.7
2025-06-12 20:43:00,50.9
2025-06-12 13:05:00,6.6
2025-06-12 02:45:00,76.3
2025-06-12 09:32:00,41.2
2025-06-12 06:04:00,49.797736698660984
2025-06-12 21:49:00,61.0
2025-06-12 01:12:00,62.7
2025-06-12 15:27:00,32.8
2025-06-12 01:01:00,86.2
2025-06-12 14:58:00,61.7
2025-06-12 00:19:00,71.2
2025-06-12 14:37:00,76.1
2025-06-12 11:15:00,49.797736698660984
2025-06-12 04:32:00,78.1
2025-06-12 19:50:00,49.797736698660984
2025-06-12 06:45:00,2.2
2025-06-12 14:57:00,20.4
2025-06-12 00:15:00,50.8
2025-06-12 13:03:00,2.9
2025-06-12 07:48:00,86.6
2025-06-12 20:00:00,49.1
2025-06-12 01:18:00,14.2
2025-06-12 14:09:00,36.0
2025-06-12 10:58:00,71.9
2025-06-12 19:03:00,72.1
2025-06-12 19:30:00,35.8
2025-06-12 22:53:00,49.797736698660984
2025-06-12 07:59:00,42.1
2025-06-12 13:11:00,30.9
2025-06-12 17:13:00,49.797736698660984
2025-06-12 07:31:00,88.3
2025-06-12 01:59:00,94.7
2025-06-12 19:31:00,49.797736698660984
2025-06-12 06:15:00,49.797736698660984
2025-06-12 11:47:00,71.6
2025-06-12 14:03:00,2.9
2025-06-12 21:34:00,34.5
2025-06-12 00:49:00,58.2
2025-06-12 20:41:00,37.1
2025-06-12 02:25:00,23.6
2025-06-12 07:50:00,18.7
2025-06-12 23:59:00,49.797736698660984
2025-06-12 19:05:00,49.797736698660984
2025-06-12 07:43:00,49.797736698660984
2025-06-12 01:41:00,49.797736698660984
2025-06-12 03:46:00,86.3
2025-06-12 10:30:00,49.797736698660984
2025-06-12 12:01:00,35.1
2025-06-12 21:47:00,52.5
2025-06-12 00:03:00,99.0
2025-06-12 00:30:00,80.2
2025-06-12 23:58:00,37.0
2025-06-12 08:28:00,35.8
2025-06-12 18:07:00,49.797736698660984
2025-06-12 07:53:00,49.797736698660984
2025-06-12 11:08:00,31.6
2025-06-12 11:26:00,81.4
2025-06-12 03:04:00,60.8
2025-06-12 22:35:00,65.9
2025-06-12 17:25:00,25.3
2025-06-12 18:48:00,1.6
2025-06-12 06:43:00,49.797736698660984
2025-06-12 00:34:00,49.797736698660984
2025-06-12 00:35:00,96.0
2025-06-12 13:30:00,1.2
2025-06-12 00:26:00,87.3
2025-06-12 00:27:00,23.1
2025-06-12 10:00:00,72.8
2025-06-12 23:13:00,49.797736698660984
2025-06-12 12:28:00,76.0
2025-06-12 08:01:00,37.1
2025-06-12 04:24:00,77.7
2025-06-12 03:30:00,93.2
2025-06-12 21:25:00,49.797736698660984
2025-06-12 22:32:00,47.4
2025-06-12 17:47:00,80.2
2025-06-12 19:42:00,59.0
2025-06-12 20:57:00,15.3
2025-06-12 23:47:00,49.797736698660984
2025-06-12 21:31:00,49.797736698660984
2025-06-12 01:37:00,74.9
2025-06-12 14:46:00,31.1
2025-06-12 07:07:00,35.7
2025-06-12 03:28:00,29.7
2025-06-12 17:02:00,29.2
2025-06-12 06:58:00,76.8
2025-06-12 14:02:00,51.3
2025-06-12 08:10:00,97.2
2025-06-12 08:11:00,58.1
2025-06-12 02:53:00,58.5
2025-06-12 20:29:00,49.797736698660984
2025-06-12 06:36:00,44.2
2025-06-12 22:20:00,10.8
2025-06-12 18:26:00,95.1
2025-06-12 05:55:00,49.797736698660984
2025-06-12 21:16:00,31.0
2025-06-12 06:21:00,36.0
2025-06-12 21:52:00,72.8
2025-06-12 19:18:00,14.4
2025-06-12 09:56:00,47.9
2025-06-12 04:35:00,61.9
2025-06-12 17:12:00,49.797736698660984
2025-06-12 04:21:00,56.2
2025-06-12 00:02:00,28.0
2025-06-12 12:27:00,93.3
2025-06-12 12:34:00,76.5
2025-06-12 13:45:00,45.1
2025-06-12 14:13:00,14.7
2025-06-12 23:05:00,52.5
2025-06-12 16:32:00,32.6
2025-06-12 08:31:00,57.5
2025-06-12 03:18:00,49.797736698660984
2025-06-12 20:19:00,64.3
2025-06-12 21:39:00,1.4
2025-06-12 03:52:00,60.2
2025-06-12 05:37:00,60.5
2025-06-12 16:25:00,42.4
2025-06-12 18:11:00,30.1
2025-06-12 22:06:00,31.7
2025-06-12 22:23:00,59.9
2025-06-12 02:47:00,49.797736698660984
2025-06-12 13:58:00,49.797736698660984
2025-06-12 19:23:00,75.9
2025-06-12 03:47:00,17.4
2025-06-12 12:58:00,49.797736698660984
2025-06-12 10:08:00,9.6
2025-06-12 12:33:00,30.5
2025-06-12 16:16:00,9.4
2025-06-12 07:01:00,28.4
2025-06-12 03:51:00,6.7
2025-06-12 00:24:00,24.7
2025-06-12 23:18:00,19.4
2025-06-12 17:23:00,49.797736698660984
2025-06-12 10:45:00,57.9
2025-06-12 12:35:00,55.7
2025-06-12 06:23:00,39.6
2025-06-12 09:07:00,42.9
2025-06-12 15:17:00,49.797736698660984
2025-06-12 01:35:00,91.5
2025-06-12 09:19:00,37.8
2025-06-12 18:55:00,66.3
2025-06-12 00:56:00,79.8
2025-06-12 18:53:00,17.8
2025-06-12 18:39:00,70.6
2025-06-12 20:24:00,94.8
2025-06-12 09:29:00,91.7
2025-06-12 14:10:00,68.3
2025-06-12 20:07:00,49.797736698660984
2025-06-12 21:50:00,92.5
2025-06-12 19:59:00,1.0
2025-06-12 19:45:00,3.1
2025-06-12 17:40:00,49.797736698660984
2025-06-12 10:38:00,61.0
2025-06-12 08:13:00,12.6
2025-06-12 06:24:00,74.1
2025-06-12 18:05:00,30.7
2025-06-12 00:28:00,21.1
2025-06-12 17:16:00,41.2
2025-06-12 18:57:00,67.0
2025-06-12 22:40:00,5.8
2025-06-12 13:29:00,27.2
2025-06-12 06:40:00,54.0
2025-06-12 09:58:00,90.1
2025-06-12 19:44:00,4.5
2025-06-12 03:22:00,35.5
2025-06-12 03:14:00,17.3
2025-06-12 18:03:00,50.18136565940501
2025-06-12 20:58:00,61.2
2025-06-12 14:47:00,19.4
2025-06-12 14:48:00,50.18136565940501
2025-06-12 11:40:00,53.4
2025-06-12 07:02:00,12.8
2025-06-12 15:09:00,50.18136565940501
2025-06-12 08:47:00,28.3
2025-06-12 05:17:00,18.0
2025-06-12 10:47:00,19.7
2025-06-12 05:38:00,47.1
2025-06-12 14:10:00,33.7
2025-06-12 19:48:00,89.8
2025-06-12 03:57:00,50.18136565940501
2025-06-12 06:47:00,13.0
2025-06-12 06:30:00,23.2
2025-06-12 10:27:00,70.0
2025-06-12 14:02:00,50.18136565940501
2025-06-12 12:04:00,48.3
2025-06-12 17:29:00,49.9
2025-06-12 13:23:00,6.7
2025-06-12 23:33:00,60.4
2025-06-12 00:15:00,50.18136565940501
2025-06-12 12:15:00,96.5
2025-06-12 00:02:00,50.18136565940501
2025-06-12 20:44:00,50.18136565940501
2025-06-12 14:16:00,67.5
2025-06-12 21:25:00,60.0
2025-06-12 23:31:00,35.1
2025-06-12 04:26:00,9.3
2025-06-12 08:09:00,50.18136565940501
2025-06-12 05:21:00,58.8
2025-06-12 14:46:00,14.9
2025-06-12 09:06:00,50.18136565940501
2025-06-12 22:42:00,98.1
2025-06-12 01:29:00,85.4
2025-06-12 16:38:00,99.4
2025-06-12 06:42:00,50.18136565940501
2025-06-12 11:29:00,50.18136565940501
2025-06-12 02:35:00,9.9
2025-06-12 23:53:00,85.9
2025-06-12 09:30:00,14.7
2025-06-12 03:53:00,86.7
2025-06-12 10:00:00,93.9
2025-06-12 15:19:00,4.1
2025-06-12 05:45:00,8.4
2025-06-12 02:09:00,55.3
2025-06-12 20:34:00,9.8
2025-06-12 03:28:00,55.6
2025-06-12 06:53:00,44.4
2025-06-12 08:34:00,50.18136565940501
2025-06-12 10:42:00,75.3
2025-06-12 11:16:00,50.18136565940501
2025-06-12 14:03:00,21.8
2025-06-12 20:54:00,50.18136565940501
2025-06-12 14:22:00,30.4
2025-06-12 18:02:00,50.18136565940501
2025-06-12 23:43:00,13.2
2025-06-12 13:46:00,84.7
2025-06-12 16:39:00,89.9
2025-06-12 12:20:00,39.0
2025-06-12 18:57:00,98.6
2025-06-12 20:53:00,36.1
2025-06-12 05:29:00,28.0
2025-06-12 21:20:00,76.0
2025-06-12 12:37:00,42.0
2025-06-12 21:02:00,77.6
2025-06-12 17:12:00,38.9
2025-06-12 07:01:00,84.0
2025-06-12 09:22:00,31.2
2025-06-12 17:22:00,43.7
2025-06-12 04:49:00,73.6
2025-06-12 01:19:00,95.7
2025-06-12 01:33:00,93.0
2025-06-12 09:43:00,69.3
2025-06-12 02:45:00,0.3
2025-06-12 10:56:00,56.8
2025-06-12 20:35:00,50.18136565940501
2025-06-12 21:57:00,13.8
2025-06-12 09:31:00,30.4
2025-06-12 12:13:00,55.7
2025-06-12 03:36:00,50.2
2025-06-12 16:56:00,50.18136565940501
2025-06-12 08:06:00,27.0
2025-06-12 08:50:00,43.2
2025-06-12 12:10:00,5.7
2025-06-12 14:37:00,43.0
2025-06-12 11:08:00,74.4
2025-06-12 03:39:00,52.7
2025-06-12 01:07:00,33.5
2025-06-12 09:20:00,50.18136565940501
2025-06-12 23:56:00,42.9
2025-06-12 02:27:00,99.1
2025-06-12 11:56:00,32.3
2025-06-12 17:04:00,50.18136565940501
2025-06-12 04:21:00,82.0
2025-06-12 14:51:00,86.6
2025-06-12 00:21:00,16.6
2025-06-12 03:27:00,69.4
2025-06-12 06:38:00,53.4
2025-06-12 01:43:00,51.7
2025-06-12 20:16:00,50.18136565940501
2025-06-12 10:17:00,41.2
2025-06-12 12:16:00,17.1
2025-06-12 04:40:00,50.18136565940501
2025-06-12 18:53:00,80.2
2025-06-12 19:12:00,48.2
2025-06-12 02:23:00,33.2
2025-06-12 04:03:00,59.0
2025-06-12 03:35:00,41.0
2025-06-12 05:03:00,58.7
2025-06-12 02:58:00,46.0
2025-06-12 09:16:00,59.5
2025-06-12 10:07:00,51.8
2025-06-12 05:41:00,43.4
2025-06-12 20:09:00,95.3
2025-06-12 02:05:00,3.0
2025-06-12 20:51:00,19.4
2025-06-12 05:58:00,50.18136565940501
2025-06-12 16:16:00,50.18136565940501
2025-06-12 05:59:00,77.8
2025-06-12 14:11:00,19.8
2025-06-12 16:02:00,89.8
2025-06-12 10:55:00,50.18136565940501
2025-06-12 21:47:00,41.2
2025-06-12 03:43:00,42.0
2025-06-12 11:33:00,50.18136565940501
2025-06-12 16:14:00,50.18136565940501
2025-06-12 06:12:00,15.9
2025-06-12 19:31:00,50.18136565940501
2025-06-12 15:51:00,1.4
2025-06-12 15:54:00,18.3
2025-06-12 04:00:00,53.3
2025-06-12 06:09:00,71.6
2025-06-12 21:28:00,10.6
2025-06-12 02:46:00,18.7
2025-06-12 06:44:00,51.7
2025-06-12 17:07:00,51.9
2025-06-12 08:16:00,30.5
2025-06-12 06:13:00,42.5
2025-06-12 09:53:00,50.18136565940501
2025-06-12 06:51:00,20.5
2025-06-12 11:45:00,50.18136565940501
2025-06-12 21:23:00,52.3
2025-06-12 21:35:00,50.18136565940501
2025-06-12 19:15:00,11.6
2025-06-12 00:49:00,6.8
2025-06-12 21:09:00,9.6
2025-06-12 18:25:00,94.1
2025-06-12 00:40:00,97.6
2025-06-12 18:19:00,41.4
2025-06-12 09:34:00,50.18136565940501
2025-06-12 13:33:00,46.2
2025-06-12 11:07:00,42.3
2025-06-12 09:01:00,2.4
2025-06-12 20:41:00,67.2
2025-06-12 23:25:00,50.18136565940501
2025-06-12 08:58:00,28.3
2025-06-12 08:41:00,92.1
2025-06-12 23:46:00,28.9
2025-06-12 21:44:00,81.7
2025-06-12 16:01:00,20.0
2025-06-12 06:21:00,37.9
2025-06-12 18:55:00,50.18136565940501
2025-06-12 06:07:00,64.9
2025-06-12 15:06:00,78.9
2025-06-12 07:59:00,59.8
2025-06-12 09:33:00,54.3
2025-06-12 00:48:00,50.4
2025-06-12 07:05:00,32.3
2025-06-12 19:08:00,50.18136565940501
2025-06-12 00:18:00,22.0
2025-06-12 20:08:00,76.6
2025-06-12 19:03:00,89.7
2025-06-12 17:02:00,40.8
2025-06-12 11:18:00,84.5
2025-06-12 15:15:00,98.7
2025-06-12 09:27:00,23.7
2025-06-12 13:42:00,6.2
2025-06-12 13:15:00,48.6
2025-06-12 18:38:00,15.5
2025-06-12 19:17:00,50.18136565940501
2025-06-12 11:32:00,95.1
2025-06-12 10:10:00,50.18136565940501
2025-06-12 09:38:00,94.8
2025-06-12 08:52:00,50.18136565940501
2025-06-12 13:41:00,6.5
2025-06-12 09:37:00,26.4
2025-06-12 17:21:00,14.6
2025-06-12 09:44:00,17.8
2025-06-12 16:48:00,35.5
2025-06-12 21:56:00,4.4
2025-06-12 18:35:00,27.7
2025-06-12 18:47:00,75.4
2025-06-12 07:52:00,50.18136565940501
2025-06-12 12:57:00,18.8
2025-06-12 19:46:00,69.5
2025-06-12 11:13:00,11.0
2025-06-12 05:06:00,63.4
2025-06-12 17:27:00,51.9
2025-06-12 19:36:00,12.0
2025-06-12 10:57:00,47.7
2025-06-12 15:26:00,10.1
2025-06-12 15:30:00,23.8
2025-06-12 06:04:00,75.9
2025-06-12 20:30:00,43.4
2025-06-12 18:39:00,22.1
2025-06-12 06:01:00,36.9
2025-06-12 04:18:00,76.0
2025-06-12 10:26:00,57.3
2025-06-12 03:15:00,60.2
2025-06-12 12:19:00,57.1
2025-06-12 16:54:00,14.6
2025-06-12 18:06:00,5.8
2025-06-12 05:33:00,58.9
2025-06-12 21:51:00,83.4
2025-06-12 09:39:00,83.7
2025-06-12 06:27:00,57.7
2025-06-12 22:00:00,61.5
2025-06-12 09:51:00,74.7
2025-06-12 12:07:00,4.1
2025-06-12 13:47:00,65.1
2025-06-12 03:37:00,50.18136565940501
2025-06-12 12:56:00,39.5
2025-06-12 17:25:00,63.3
2025-06-12 22:47:00,65.3
2025-06-12 10:06:00,46.4
2025-06-12 14:14:00,70.6
2025-06-12 06:11:00,94.3
2025-06-12 07:30:00,4.4
2025-06-12 14:20:00,61.3
2025-06-12 10:28:00,99.9
2025-06-12 07:23:00,19.8
2025-06-12 04:44:00,12.2
2025-06-12 13:54:00,44.9
2025-06-12 08:36:00,41.1
2025-06-12 20:45:00,30.5
2025-06-12 07:24:00,65.3
2025-06-12 19:18:00,66.4
2025-06-12 14:58:00,26.6
2025-06-12 10:54:00,52.4
2025-06-12 07:21:00,26.8
2025-06-12 02:52:00,54.0
2025-06-12 17:00:00,97.1
2025-06-12 21:14:00,61.0
2025-06-12 21:38:00,75.8
2025-06-12 00:04:00,85.9
2025-06-12 12:54:00,35.5
2025-06-12 18:00:00,16.5
2025-06-12 09:05:00,88.1
2025-06-12 14:49:00,46.6
2025-06-12 16:29:00,57.4
2025-06-12 18:01:00,51.2
2025-06-12 06:32:00,21.6
2025-06-12 19:58:00,2.3
2025-06-12 12:05:00,45.6
2025-06-12 01:28:00,94.9
2025-06-12 07:22:00,22.3
2025-06-12 20:20:00,21.1
2025-06-12 17:08:00,81.8
2025-06-12 17:01:00,95.8
2025-06-12 01:56:00,41.8
2025-06-12 23:12:00,11.5
2025-06-12 17:52:00,50.18136565940501
2025-06-12 07:26:00,65.3
2025-06-12 11:03:00,96.5
2025-06-12 21:58:00,33.4
2025-06-12 22:45:00,59.4
2025-06-12 04:19:00,99.1
2025-06-12 06:56:00,68.4
2025-06-12 17:05:00,94.3
2025-06-12 05:51:00,49.7
2025-06-12 04:02:00,20.9
2025-06-12 06:19:00,50.18136565940501
2025-06-12 09:57:00,77.7
2025-06-12 05:54:00,72.5
2025-06-12 05:35:00,87.8
2025-06-12 10:01:00,84.6
2025-06-12 15:08:00,7.7
2025-06-12 15:02:00,50.18136565940501
2025-06-12 18:32:00,34.0
2025-06-12 19:02:00,44.9
2025-06-12 11:24:00,99.1
2025-06-12 04:48:00,49.5
2025-06-12 07:50:00,68.9
2025-06-12 10:44:00,20.6
2025-06-12 23:19:00,99.7
2025-06-12 01:30:00,93.2
2025-06-12 18:02:00,49.66792053602915
2025-06-12 17:41:00,39.9
2025-06-12 07:57:00,24.0
2025-06-12 03:56:00,50.5
2025-06-12 18:42:00,3.1
2025-06-12 09:10:00,38.1
2025-06-12 03:58:00,49.66792053602915
2025-06-12 09:52:00,68.7
2025-06-12 04:14:00,41.0
2025-06-12 10:54:00,76.1
2025-06-12 13:23:00,17.3
2025-06-12 14:14:00,15.0
2025-06-12 14:21:00,49.66792053602915
2025-06-12 17:32:00,61.4
2025-06-12 19:12:00,19.1
2025-06-12 23:30:00,44.1
2025-06-12 17:21:00,49.66792053602915
2025-06-12 22:31:00,51.4
2025-06-12 09:09:00,68.6
2025-06-12 17:16:00,16.4
2025-06-12 11:45:00,85.8
2025-06-12 04:45:00,75.9
2025-06-12 18:55:00,15.6
2025-06-12 01:16:00,49.66792053602915
2025-06-12 08:05:00,9.1
2025-06-12 15:24:00,62.8
2025-06-12 06:44:00,55.5
2025-06-12 13:25:00,50.3
2025-06-12 12:42:00,49.66792053602915
2025-06-12 09:00:00,8.6
2025-06-12 15:13:00,49.66792053602915
2025-06-12 00:39:00,44.2
2025-06-12 21:51:00,55.3
2025-06-12 05:04:00,42.4
2025-06-12 15:47:00,49.66792053602915
2025-06-12 20:15:00,44.3
2025-06-12 07:01:00,48.7
2025-06-12 19:40:00,28.4
2025-06-12 19:52:00,36.4
2025-06-12 08:20:00,11.4
2025-06-12 20:09:00,33.8
2025-06-12 12:24:00,32.2
2025-06-12 21:15:00,25.1
2025-06-12 11:19:00,40.1
2025-06-12 16:22:00,63.9
2025-06-12 23:50:00,41.8
2025-06-12 01:13:00,9.9
2025-06-12 20:25:00,25.3
2025-06-12 09:31:00,8.9
2025-06-12 16:39:00,61.2
2025-06-12 16:24:00,49.66792053602915
2025-06-12 06:54:00,58.6
2025-06-12 22:44:00,43.6
2025-06-12 04:00:00,49.66792053602915
2025-06-12 08:24:00,59.3
2025-06-12 05:14:00,26.7
2025-06-12 11:31:00,77.2
2025-06-12 05:07:00,56.3
2025-06-12 08:58:00,34.0
2025-06-12 01:41:00,35.4
2025-06-12 10:13:00,60.6
2025-06-12 16:08:00,49.66792053602915
2025-06-12 00:13:00,60.0
2025-06-12 16:21:00,68.0
2025-06-12 05:06:00,3.7
2025-06-12 11:53:00,53.9
2025-06-12 14:10:00,49.66792053602915
2025-06-12 19:10:00,25.2
2025-06-12 00:10:00,32.6
2025-06-12 21:08:00,71.6
2025-06-12 18:57:00,27.0
2025-06-12 03:54:00,34.3
2025-06-12 07:46:00,14.9
2025-06-12 04:52:00,49.66792053602915
2025-06-12 06:47:00,85.4
2025-06-12 18:14:00,3.9
2025-06-12 19:33:00,64.4
2025-06-12 14:16:00,33.1
2025-06-12 09:20:00,32.7
2025-06-12 08:43:00,67.5
2025-06-12 06:38:00,65.2
2025-06-12 08:30:00,82.3
2025-06-12 04:08:00,49.66792053602915
2025-06-12 02:17:00,95.9
2025-06-12 17:50:00,49.66792053602915
2025-06-12 02:52:00,32.9
2025-06-12 22:14:00,36.5
2025-06-12 17:52:00,72.1
2025-06-12 08:33:00,11.4
2025-06-12 09:14:00,96.6
2025-06-12 14:34:00,22.3
2025-06-12 13:00:00,91.2
2025-06-12 22:20:00,90.3
2025-06-12 07:29:00,87.3
2025-06-12 18:34:00,49.66792053602915
2025-06-12 07:17:00,49.66792053602915
2025-06-12 23:29:00,8.8
2025-06-12 16:56:00,49.66792053602915
2025-06-12 23:52:00,87.0
2025-06-12 08:38:00,23.4
2025-06-12 04:16:00,9.5
2025-06-12 21:07:00,49.66792053602915
2025-06-12 18:37:00,12.7
2025-06-12 07:54:00,55.0
2025-06-12 01:27:00,49.5
2025-06-12 18:58:00,83.8
2025-06-12 01:12:00,32.6
2025-06-12 08:47:00,14.2
2025-06-12 11:10:00,52.9
2025-06-12 06:09:00,44.0
2025-06-12 11:06:00,49.66792053602915
2025-06-12 12:54:00,31.4
2025-06-12 02:33:00,49.66792053602915
2025-06-12 13:59:00,37.0
2025-06-12 18:33:00,27.5
2025-06-12 17:31:00,49.66792053602915
2025-06-12 16:10:00,49.66792053602915
2025-06-12 13:13:00,78.9
2025-06-12 21:20:00,68.6
2025-06-12 20:39:00,67.5
2025-06-12 14:46:00,22.6
2025-06-12 16:42:00,66.4
2025-06-12 03:35:00,98.0
2025-06-12 13:43:00,70.6
2025-06-12 10:22:00,73.5
2025-06-12 11:59:00,64.5
2025-06-12 16:58:00,81.0
2025-06-12 09:11:00,83.3
2025-06-12 13:57:00,30.0
2025-06-12 08:59:00,49.66792053602915
2025-06-12 20:57:00,17.4
2025-06-12 23:51:00,25.2
2025-06-12 22:29:00,71.8
2025-06-12 02:03:00,30.1
2025-06-12 13:12:00,14.5
2025-06-12 00:46:00,49.66792053602915
2025-06-12 17:09:00,91.9
2025-06-12 18:09:00,49.66792053602915
2025-06-12 00:54:00,61.3
2025-06-12 09:28:00,49.66792053602915
2025-06-12 09:03:00,42.2
2025-06-12 19:15:00,18.0
2025-06-12 14:17:00,45.8
2025-06-12 11:56:00,83.1
2025-06-12 10:43:00,61.2
2025-06-12 20:18:00,39.8
2025-06-12 18:08:00,49.66792053602915
2025-06-12 03:39:00,44.4
2025-06-12 10:09:00,18.4
2025-06-12 15:38:00,97.6
2025-06-12 13:30:00,10.5
2025-06-12 08:57:00,49.66792053602915
2025-06-12 13:11:00,42.6
2025-06-12 23:41:00,2.3
2025-06-12 15:33:00,23.0
2025-06-12 18:31:00,54.7
2025-06-12 11:01:00,0.5
2025-06-12 06:46:00,3.3
2025-06-12 14:13:00,38.2
2025-06-12 07:15:00,88.0
2025-06-12 22:26:00,49.66792053602915
2025-06-12 23:56:00,35.8
2025-06-12 04:19:00,50.9
2025-06-12 02:42:00,32.1
2025-06-12 00:05:00,58.7
2025-06-12 23:16:00,87.3
2025-06-12 21:59:00,76.7
2025-06-12 03:15:00,15.8
2025-06-12 12:34:00,56.2
2025-06-12 04:47:00,49.66792053602915
2025-06-12 18:32:00,25.4
2025-06-12 22:49:00,88.6
2025-06-12 04:43:00,51.8
2025-06-12 08:46:00,49.66792053602915
2025-06-12 00:56:00,7.9
2025-06-12 10:19:00,62.5
2025-06-12 20:28:00,39.3
2025-06-12 16:38:00,42.3
2025-06-12 06:04:00,17.5
2025-06-12 21:54:00,9.0
2025-06-12 00:37:00,32.4
2025-06-12 08:06:00,49.66792053602915
2025-06-12 02:46:00,2.5
2025-06-12 17:20:00,65.7
2025-06-12 11:26:00,45.7
2025-06-12 13:18:00,17.7
2025-06-12 01:30:00,49.66792053602915
2025-06-12 14:26:00,49.66792053602915
2025-06-12 12:43:00,58.3
2025-06-12 07:20:00,18.9
2025-06-12 12:21:00,3.9
2025-06-12 02:11:00,44.5
2025-06-12 06:49:00,8.1
2025-06-12 13:07:00,29.0
2025-06-12 02:16:00,16.4
2025-06-12 08:04:00,39.3
2025-06-12 20:42:00,57.3
2025-06-12 14:20:00,41.3
2025-06-12 01:56:00,68.0
2025-06-12 10:32:00,82.9
2025-06-12 13:50:00,51.7
2025-06-12 18:28:00,88.5
2025-06-12 18:01:00,49.66792053602915
2025-06-12 20:13:00,8.3
2025-06-12 03:00:00,9.1
2025-06-12 19:41:00,9.7
2025-06-12 06:10:00,49.66792053602915
2025-06-12 08:53:00,68.1
2025-06-12 08:13:00,24.6
2025-06-12 18:50:00,90.1
2025-06-12 05:10:00,23.8
2025-06-12 13:09:00,8.3
2025-06-12 21:04:00,6.9
2025-06-12 23:47:00,86.9
2025-06-12 04:58:00,32.3
2025-06-12 21:38:00,49.66792053602915
2025-06-12 04:23:00,49.66792053602915
2025-06-12 19:20:00,64.1
2025-06-12 20:30:00,6.5
2025-06-12 15:00:00,2.1
2025-06-12 21:18:00,9.2
2025-06-12 21:25:00,49.66792053602915
2025-06-12 17:19:00,57.8
2025-06-12 14:58:00,49.66792053602915
2025-06-12 10:12:00,55.0
2025-06-12 01:14:00,80.5
2025-06-12 15:44:00,30.2
2025-06-12 00:45:00,93.4
2025-06-12 14:51:00,73.4
2025-06-12 03:29:00,49.66792053602915
2025-06-12 13:35:00,11.5
2025-06-12 05:28:00,17.1
2025-06-12 06:33:00,72.8
2025-06-12 22:38:00,10.6
2025-06-12 09:18:00,49.66792053602915
2025-06-12 09:22:00,83.2
2025-06-12 00:23:00,67.9
2025-06-12 21:49:00,52.3
2025-06-12 05:26:00,80.5
2025-06-12 21:47:00,60.7
2025-06-12 21:11:00,49.66792053602915
2025-06-12 19:37:00,69.6
2025-06-12 10:07:00,9.0
2025-06-12 06:43:00,23.0
2025-06-12 06:57:00,39.2
2025-06-12 08:27:00,31.5
2025-06-12 07:55:00,95.0
2025-06-12 03:23:00,12.9
2025-06-12 00:32:00,64.0
2025-06-12 15:54:00,19.4
2025-06-12 07:36:00,17.9
2025-06-12 03:59:00,78.9
2025-06-12 21:10:00,79.8
2025-06-12 10:06:00,7.5
2025-06-12 06:21:00,2.2
2025-06-12 21:29:00,74.1
2025-06-12 07:45:00,49.66792053602915
2025-06-12 00:15:00,49.66792053602915
2025-06-12 00:06:00,37.2
2025-06-12 02:13:00,16.8
2025-06-12 08:51:00,49.66792053602915
2025-06-12 11:39:00,62.9
2025-06-12 22:16:00,69.1
2025-06-12 22:08:00,95.9
2025-06-12 20:35:00,46.1
2025-06-12 14:15:00,49.66792053602915
2025-06-12 15:08:00,80.1
2025-06-12 05:35:00,58.6
2025-06-12 20:54:00,60.8
2025-06-12 05:05:00,47.7
2025-06-12 03:08:00,10.7
2025-06-12 19:42:00,82.2
2025-06-12 10:29:00,41.0
2025-06-12 00:59:00,31.4
2025-06-12 18:52:00,4.7
2025-06-12 17:55:00,9.2
2025-06-12 15:27:00,65.8
2025-06-12 17:04:00,66.8
2025-06-12 18:46:00,16.6
2025-06-12 07:30:00,42.2
2025-06-12 04:11:00,7.2
2025-06-12 04:03:00,49.66792053602915
2025-06-12 07:51:00,56.7
2025-06-12 19:55:00,25.2
2025-06-12 08:36:00,29.8
2025-06-12 23:06:00,77.6
2025-06-12 05:30:00,36.7
2025-06-12 19:08:00,68.4
2025-06-12 19:02:00,20.6
2025-06-12 07:06:00,15.6
2025-06-12 02:38:00,13.5
2025-06-12 22:17:00,49.66792053602915
2025-06-12 08:10:00,80.3
2025-06-12 21:26:00,58.6
2025-06-12 07:53:00,68.8
2025-06-12 04:33:00,38.6
2025-06-12 03:40:00,45.3
2025-06-12 01:46:00,93.3
2025-06-12 16:47:00,93.6
2025-06-12 17:34:00,91.6
2025-06-12 10:34:00,49.66792053602915
2025-06-12 08:52:00,45.1
2025-06-12 12:05:00,49.66792053602915
2025-06-12 01:09:00,77.0
2025-06-12 01:34:00,70.3
2025-06-12 06:35:00,55.0
2025-06-12 05:50:00,3.8
2025-06-12 21:06:00,39.6
2025-06-12 22:18:00,19.0
2025-06-12 01:17:00,88.6
2025-06-12 20:29:00,49.66792053602915
2025-06-12 08:41:00,9.8
2025-06-12 10:25:00,97.7
2025-06-12 15:18:00,59.8
2025-06-12 03:20:00,49.1
2025-06-12 15:14:00,43.0
2025-06-12 08:14:00,6.8
2025-06-12 07:35:00,49.66792053602915
2025-06-12 16:14:00,80.3
2025-06-12 10:03:00,55.0
2025-06-12 11:22:00,49.66792053602915
2025-06-12 07:39:00,54.6
2025-06-12 19:48:00,49.66792053602915
2025-06-12 19:19:00,3.9
2025-06-12 12:25:00,49.66792053602915
2025-06-12 14:52:00,16.5
2025-06-12 23:58:00,66.8
2025-06-12 02:29:00,21.4
2025-06-12 16:27:00,12.1
2025-06-12 04:50:00,37.0
2025-06-12 03:50:00,56.5
2025-06-12 18:30:00,26.0
2025-06-12 18:41:00,58.2
2025-06-12 06:35:00,93.4
2025-06-12 10:34:00,33.8
2025-06-12 09:00:00,50.4
2025-06-12 00:01:00,19.2
2025-06-12 22:23:00,93.8
2025-06-12 16:10:00,25.3
2025-06-12 07:36:00,49.82591552591553
2025-06-12 22:57:00,35.7
2025-06-12 23:02:00,75.6
2025-06-12 12:11:00,62.2
2025-06-12 22:42:00,87.8
2025-06-12 00:11:00,89.9
2025-06-12 16:36:00,70.9
2025-06-12 09:19:00,40.5
2025-06-12 09:38:00,49.82591552591553
2025-06-12 11:24:00,10.1
2025-06-12 21:25:00,3.1
2025-06-12 18:42:00,84.1
2025-06-12 04:25:00,91.9
2025-06-12 22:48:00,40.5
2025-06-12 17:57:00,96.1
2025-06-12 15:17:00,76.1
2025-06-12 00:37:00,72.3
2025-06-12 09:01:00,51.0
2025-06-12 17:02:00,30.9
2025-06-12 21:05:00,2.2
2025-06-12 14:43:00,49.82591552591553
2025-06-12 13:39:00,19.2
2025-06-12 09:51:00,100.0
2025-06-12 10:29:00,49.82591552591553
2025-06-12 17:59:00,49.82591552591553
2025-06-12 03:15:00,46.3
2025-06-12 04:50:00,90.4
2025-06-12 18:29:00,93.6
2025-06-12 08:52:00,36.5
2025-06-12 06:47:00,10.5
2025-06-12 21:23:00,48.6
2025-06-12 09:31:00,49.82591552591553
2025-06-12 05:30:00,50.3
2025-06-12 12:22:00,4.0
2025-06-12 02:21:00,17.4
2025-06-12 05:01:00,3.9
2025-06-12 02:12:00,49.82591552591553
2025-06-12 14:22:00,49.82591552591553
2025-06-12 16:19:00,87.0
2025-06-12 14:31:00,44.3
2025-06-12 08:41:00,91.3
2025-06-12 07:03:00,49.82591552591553
2025-06-12 09:15:00,27.2
2025-06-12 06:17:00,49.82591552591553
2025-06-12 22:03:00,25.7
2025-06-12 23:05:00,49.82591552591553
2025-06-12 15:11:00,50.5
2025-06-12 17:46:00,46.4
2025-06-12 15:04:00,93.2
2025-06-12 13:44:00,69.5
2025-06-12 23:09:00,40.2
2025-06-12 13:11:00,98.9
2025-06-12 03:10:00,56.9
2025-06-12 13:27:00,92.9
2025-06-12 16:03:00,55.5
2025-06-12 15:00:00,61.5
2025-06-12 16:29:00,70.2
2025-06-12 07:32:00,72.4
2025-06-12 05:58:00,64.1
2025-06-12 17:52:00,49.82591552591553
2025-06-12 00:29:00,49.82591552591553
2025-06-12 14:27:00,94.9
2025-06-12 05:24:00,21.1
2025-06-12 02:49:00,46.6
2025-06-12 01:18:00,64.4
2025-06-12 07:38:00,83.2
2025-06-12 00:47:00,82.1
2025-06-12 02:08:00,53.8
2025-06-12 20:11:00,94.6
2025-06-12 04:57:00,24.1
2025-06-12 10:38:00,11.8
2025-06-12 05:17:00,63.6
2025-06-12 08:09:00,40.9
2025-06-12 11:43:00,49.82591552591553
2025-06-12 04:23:00,42.9
2025-06-12 23:48:00,59.3
2025-06-12 07:45:00,49.82591552591553
2025-06-12 09:45:00,49.82591552591553
2025-06-12 20:54:00,45.6
2025-06-12 03:33:00,22.4
2025-06-12 10:20:00,38.0
2025-06-12 16:17:00,38.5
2025-06-12 12:06:00,73.9
2025-06-12 13:20:00,49.82591552591553
2025-06-12 00:36:00,49.82591552591553
2025-06-12 09:33:00,58.1
2025-06-12 09:56:00,34.4
2025-06-12 15:27:00,86.9
2025-06-12 01:00:00,91.3
2025-06-12 05:41:00,59.9
2025-06-12 12:30:00,50.0
2025-06-12 04:26:00,85.5
2025-06-12 08:20:00,62.2
2025-06-12 01:44:00,70.1
2025-06-12 04:46:00,82.3
2025-06-12 18:48:00,49.82591552591553
2025-06-12 01:29:00,21.0
2025-06-12 12:05:00,19.5
2025-06-12 18:20:00,88.1
2025-06-12 10:44:00,90.9
2025-06-12 02:40:00,55.4
2025-06-12 22:32:00,89.7
2025-06-12 13:19:00,47.8
2025-06-12 17:06:00,32.8
2025-06-12 20:36:00,71.4
2025-06-12 14:18:00,49.82591552591553
2025-06-12 18:04:00,42.7
2025-06-12 23:01:00,75.5
2025-06-12 00:33:00,15.0
2025-06-12 19:33:00,79.3
2025-06-12 15:16:00,4.1
2025-06-12 22:19:00,16.7
2025-06-12 14:04:00,68.3
2025-06-12 19:46:00,7.1
2025-06-12 18:11:00,49.82591552591553
2025-06-12 06:51:00,77.6
2025-06-12 00:04:00,91.7
2025-06-12 15:53:00,49.82591552591553
2025-06-12 19:23:00,40.3
2025-06-12 23:52:00,71.9
2025-06-12 05:14:00,12.7
2025-06-12 21:37:00,79.4
2025-06-12 17:26:00,2.4
2025-06-12 04:04:00,11.7
2025-06-12 13:33:00,67.6
2025-06-12 07:47:00,80.0
2025-06-12 07:04:00,30.0
2025-06-12 03:57:00,25.6
2025-06-12 22:46:00,21.9
2025-06-12 08:40:00,19.1
2025-06-12 23:26:00,16.1
2025-06-12 03:30:00,49.82591552591553
2025-06-12 12:16:00,48.6
2025-06-12 08:51:00,27.2
2025-06-12 15:03:00,16.1
2025-06-12 15:52:00,88.0
2025-06-12 07:37:00,49.82591552591553
2025-06-12 11:23:00,25.4
2025-06-12 23:25:00,7.8
2025-06-12 06:38:00,60.0
2025-06-12 21:02:00,12.7
2025-06-12 20:12:00,73.0
2025-06-12 05:52:00,5.0
2025-06-12 08:58:00,49.82591552591553
2025-06-12 02:17:00,28.2
2025-06-12 13:49:00,70.1
2025-06-12 22:11:00,39.0
2025-06-12 12:35:00,83.9
2025-06-12 11:00:00,49.82591552591553
2025-06-12 01:21:00,97.3
2025-06-12 02:41:00,91.6
2025-06-12 13:47:00,81.7
2025-06-12 11:16:00,87.3
2025-06-12 16:24:00,49.82591552591553
2025-06-12 12:42:00,31.2
2025-06-12 17:11:00,19.3
2025-06-12 22:38:00,32.7
2025-06-12 16:50:00,98.2
2025-06-12 04:48:00,49.82591552591553
2025-06-12 18:46:00,58.1
2025-06-12 03:05:00,50.7
2025-06-12 05:55:00,13.4
2025-06-12 08:10:00,40.6
2025-06-12 01:06:00,93.1
2025-06-12 02:46:00,48.9
2025-06-12 05:39:00,74.1
2025-06-12 09:09:00,49.82591552591553
2025-06-12 03:37:00,95.6
2025-06-12 12:45:00,95.0
2025-06-12 00:43:00,25.5
2025-06-12 12:07:00,1.6
2025-06-12 10:56:00,17.2
2025-06-12 09:42:00,16.3
2025-06-12 12:09:00,49.82591552591553
2025-06-12 07:54:00,96.5
2025-06-12 20:42:00,99.2
2025-06-12 03:53:00,84.3
2025-06-12 02:56:00,49.82591552591553
2025-06-12 05:29:00,97.9
2025-06-12 11:09:00,98.7
2025-06-12 06:22:00,52.2
2025-06-12 23:49:00,25.0
2025-06-12 13:12:00,59.0
2025-06-12 23:55:00,77.7
2025-06-12 13:18:00,49.82591552591553
2025-06-12 21:08:00,26.9
2025-06-12 06:31:00,79.5
2025-06-12 05:00:00,15.0
2025-06-12 21:42:00,49.5
2025-06-12 10:39:00,90.9
2025-06-12 19:38:00,48.1
2025-06-12 14:05:00,0.4
2025-06-12 20:28:00,66.0
2025-06-12 07:49:00,46.9
2025-06-12 03:00:00,30.5
2025-06-12 05:28:00,79.6
2025-06-12 05:34:00,88.8
2025-06-12 18:32:00,18.9
2025-06-12 09:13:00,77.3
2025-06-12 12:27:00,27.4
2025-06-12 08:56:00,50.6
2025-06-12 16:58:00,21.5
2025-06-12 23:34:00,37.3
2025-06-12 22:05:00,85.8
2025-06-12 04:16:00,31.3
2025-06-12 04:09:00,2.3
2025-06-12 19:51:00,23.0
2025-06-12 09:40:00,49.82591552591553
2025-06-12 13:21:00,93.9
2025-06-12 22:13:00,66.9
2025-06-12 15:41:00,1.9
2025-06-12 18:34:00,62.1
2025-06-12 22:43:00,6.0
2025-06-12 01:03:00,92.4
2025-06-12 10:51:00,17.0
2025-06-12 05:57:00,77.8
2025-06-12 23:30:00,30.0
2025-06-12 11:42:00,25.9
2025-06-12 20:44:00,92.5
2025-06-12 00:25:00,49.82591552591553
2025-06-12 14:12:00,37.1
2025-06-12 21:54:00,0.4
2025-06-12 21:40:00,78.5
2025-06-12 20:00:00,55.9
2025-06-12 19:41:00,56.6
2025-06-12 04:03:00,99.3
2025-06-12 16:16:00,49.82591552591553
2025-06-12 16:42:00,90.9
2025-06-12 00:50:00,23.9
2025-06-12 04:33:00,93.9
2025-06-12 10:16:00,74.1
2025-06-12 02:07:00,47.9
2025-06-12 18:27:00,49.82591552591553
2025-06-12 21:28:00,32.6
2025-06-12 18:50:00,76.9
2025-06-12 23:42:00,50.7
2025-06-12 03:39:00,10.6
2025-06-12 19:03:00,55.2
2025-06-12 11:47:00,48.7
2025-06-12 17:27:00,49.82591552591553
2025-06-12 12:59:00,18.3
2025-06-12 18:49:00,73.9
2025-06-12 14:15:00,8.7
2025-06-12 00:28:00,31.8
2025-06-12 14:33:00,23.6
2025-06-12 18:09:00,67.7
2025-06-12 20:39:00,75.2
2025-06-12 17:23:00,74.8
2025-06-12 08:38:00,49.82591552591553
2025-06-12 12:18:00,83.3
2025-06-12 12:31:00,53.3
2025-06-12 21:47:00,79.7
2025-06-12 15:12:00,49.82591552591553
2025-06-12 18:21:00,5.9
2025-06-12 17:54:00,99.3
2025-06-12 07:12:00,94.0
2025-06-12 07:30:00,69.0
2025-06-12 18:28:00,37.7
2025-06-12 04:39:00,61.8
2025-06-12 08:27:00,81.0
2025-06-12 01:04:00,62.0
2025-06-12 12:53:00,7.3
2025-06-12 16:00:00,20.8
2025-06-12 20:47:00,77.7
2025-06-12 06:06:00,49.82591552591553
2025-06-12 18:55:00,60.2
2025-06-12 14:19:00,34.2
2025-06-12 22:17:00,13.1
2025-06-12 23:44:00,77.2
2025-06-12 07:34:00,83.8
2025-06-12 17:08:00,12.5
2025-06-12 15:34:00,73.3
2025-06-12 08:21:00,49.82591552591553
2025-06-12 21:07:00,44.3
2025-06-12 02:58:00,49.82591552591553
2025-06-12 20:24:00,47.0
2025-06-12 03:01:00,87.9
2025-06-12 07:41:00,75.2
2025-06-12 15:20:00,97.6
2025-06-12 15:36:00,57.4
2025-06-12 02:02:00,16.0
2025-06-12 09:21:00,11.4
2025-06-12 21:53:00,60.5
2025-06-12 23:50:00,49.82591552591553
2025-06-12 09:12:00,56.7
2025-06-12 06:03:00,55.7
2025-06-12 20:07:00,12.0
2025-06-12 13:54:00,4.6
2025-06-12 10:58:00,43.7
2025-06-12 06:44:00,70.6
2025-06-12 13:22:00,75.4
2025-06-12 13:59:00,49.2
2025-06-12 07:51:00,62.0
2025-06-12 08:02:00,90.3
2025-06-12 19:36:00,49.82264106490752
2025-06-12 08:26:00,10.4
2025-06-12 09:47:00,63.8
2025-06-12 17:00:00,82.1
2025-06-12 01:19:00,3.3
2025-06-12 10:26:00,18.8
2025-06-12 13:52:00,89.5
2025-06-12 01:12:00,49.82264106490752
2025-06-12 04:39:00,60.2
2025-06-12 08:50:00,46.0
2025-06-12 11:09:00,5.7
2025-06-12 05:42:00,35.2
2025-06-12 06:40:00,18.3
2025-06-12 01:42:00,54.4
2025-06-12 13:41:00,49.82264106490752
2025-06-12 20:00:00,49.82264106490752
2025-06-12 03:30:00,37.8
2025-06-12 23:13:00,78.8
2025-06-12 18:39:00,49.82264106490752
2025-06-12 19:52:00,7.5
2025-06-12 01:37:00,92.3
2025-06-12 16:43:00,36.1
2025-06-12 14:43:00,90.4
2025-06-12 15:31:00,2.1
2025-06-12 04:00:00,49.2
2025-06-12 21:12:00,79.9
2025-06-12 10:53:00,55.7
2025-06-12 08:07:00,85.1
2025-06-12 09:24:00,21.7
2025-06-12 05:36:00,49.1
2025-06-12 17:25:00,20.3
2025-06-12 13:27:00,48.8
2025-06-12 16:35:00,81.7
2025-06-12 01:13:00,49.82264106490752
2025-06-12 17:48:00,12.8
2025-06-12 00:09:00,79.8
2025-06-12 09:09:00,70.5
2025-06-12 13:21:00,78.7
2025-06-12 17:44:00,81.9
2025-06-12 12:51:00,18.1
2025-06-12 18:36:00,46.5
2025-06-12 21:03:00,69.4
2025-06-12 00:40:00,58.1
2025-06-12 06:21:00,49.82264106490752
2025-06-12 14:15:00,11.7
2025-06-12 01:16:00,96.9
2025-06-12 05:02:00,49.82264106490752
2025-06-12 18:57:00,60.4
2025-06-12 15:22:00,2.0
2025-06-12 19:05:00,5.7
2025-06-12 07:04:00,49.82264106490752
2025-06-12 05:03:00,49.82264106490752
2025-06-12 13:43:00,93.2
2025-06-12 13:40:00,67.6
2025-06-12 22:34:00,14.4
2025-06-12 19:20:00,91.9
2025-06-12 11:37:00,13.0
2025-06-12 00:25:00,49.82264106490752
2025-06-12 07:25:00,58.6
2025-06-12 09:18:00,45.6
2025-06-12 08:00:00,49.82264106490752
2025-06-12 11:39:00,80.4
2025-06-12 10:06:00,49.82264106490752
2025-06-12 03:36:00,44.7
2025-06-12 18:58:00,87.9
2025-06-12 22:12:00,49.82264106490752
2025-06-12 19:51:00,16.5
2025-06-12 06:52:00,95.8
2025-06-12 14:29:00,73.7
2025-06-12 15:27:00,20.4
2025-06-12 15:30:00,53.6
2025-06-12 03:09:00,10.3
2025-06-12 12:46:00,68.5
2025-06-12 04:59:00,84.7
2025-06-12 13:51:00,74.7
2025-06-12 20:29:00,36.6
2025-06-12 12:40:00,78.4
2025-06-12 10:37:00,57.9
2025-06-12 02:04:00,4.1
2025-06-12 07:21:00,39.5
2025-06-12 17:16:00,38.4
2025-06-12 01:39:00,17.6
2025-06-12 00:06:00,24.7
2025-06-12 21:02:00,49.82264106490752
2025-06-12 15:43:00,10.0
2025-06-12 15:59:00,60.8
2025-06-12 11:32:00,49.82264106490752
2025-06-12 11:43:00,8.4
2025-06-12 16:14:00,76.8
2025-06-12 10:05:00,41.6
2025-06-12 11:34:00,13.1
2025-06-12 03:02:00,68.2
2025-06-12 16:24:00,80.1
2025-06-12 18:37:00,47.7
2025-06-12 03:37:00,21.7
2025-06-12 01:50:00,50.0
2025-06-12 02:24:00,62.7
2025-06-12 21:28:00,2.6
2025-06-12 02:37:00,38.8
2025-06-12 11:26:00,27.2
2025-06-12 00:45:00,59.5
2025-06-12 23:03:00,82.4
2025-06-12 02:48:00,10.9
2025-06-12 19:09:00,49.82264106490752
2025-06-12 03:50:00,8.6
2025-06-12 01:14:00,68.6
2025-06-12 05:45:00,2.9
2025-06-12 22:33:00,65.2
2025-06-12 20:55:00,9.9
2025-06-12 22:19:00,93.3
2025-06-12 22:37:00,49.82264106490752
2025-06-12 06:35:00,83.6
2025-06-12 09:53:00,15.0
2025-06-12 13:37:00,5.0
2025-06-12 20:26:00,9.6
2025-06-12 02:35:00,49.82264106490752
2025-06-12 02:38:00,60.4
2025-06-12 02:34:00,29.5
2025-06-12 19:10:00,67.4
2025-06-12 07:59:00,88.5
2025-06-12 17:38:00,87.6
2025-06-12 09:13:00,35.9
2025-06-12 04:17:00,49.82264106490752
2025-06-12 12:07:00,87.3
2025-06-12 04:29:00,59.7
2025-06-12 21:57:00,2.3
2025-06-12 07:01:00,52.7
2025-06-12 17:34:00,15.5
2025-06-12 18:33:00,80.6
2025-06-12 18:23:00,76.3
2025-06-12 22:52:00,20.4
2025-06-12 19:57:00,12.5
2025-06-12 14:59:00,21.6
2025-06-12 22:27:00,6.4
2025-06-12 03:26:00,30.7
2025-06-12 10:00:00,9.0
2025-06-12 17:23:00,27.5
2025-06-12 06:39:00,49.82264106490752
2025-06-12 21:42:00,49.82264106490752
2025-06-12 15:02:00,58.2
2025-06-12 00:26:00,49.82264106490752
2025-06-12 19:32:00,48.7
2025-06-12 07:14:00,49.82264106490752
2025-06-12 11:03:00,2.4
2025-06-12 04:58:00,33.3
2025-06-12 23:40:00,1.3
2025-06-12 10:08:00,57.2
2025-06-12 14:08:00,34.9
2025-06-12 00:49:00,42.6
2025-06-12 13:45:00,49.82264106490752
2025-06-12 14:13:00,49.82264106490752
2025-06-12 00:34:00,88.9
2025-06-12 20:49:00,49.82264106490752
2025-06-12 00:44:00,3.8
2025-06-12 04:15:00,47.3
2025-06-12 19:58:00,4.6
2025-06-12 09:19:00,14.1
2025-06-12 14:06:00,49.82264106490752
2025-06-12 21:10:00,49.82264106490752
2025-06-12 15:11:00,56.2
2025-06-12 17:33:00,96.9
2025-06-12 19:53:00,49.82264106490752
2025-06-12 14:34:00,48.5
2025-06-12 21:38:00,48.8
2025-06-12 14:05:00,1.2
2025-06-12 10:21:00,49.82264106490752
2025-06-12 23:53:00,8.7
2025-06-12 00:15:00,45.2
2025-06-12 09:06:00,49.82264106490752
2025-06-12 08:20:00,49.82264106490752
2025-06-12 05:54:00,49.82264106490752
2025-06-12 15:29:00,11.1
2025-06-12 16:15:00,49.82264106490752
2025-06-12 06:04:00,64.7
2025-06-12 22:36:00,68.6
2025-06-12 01:31:00,5.4
2025-06-12 11:44:00,37.7
2025-06-12 10:09:00,94.0
2025-06-12 07:06:00,66.5
2025-06-12 12:37:00,32.4
2025-06-12 17:19:00,3.2
2025-06-12 14:55:00,90.2
2025-06-12 15:39:00,7.9
2025-06-12 19:26:00,49.82264106490752
2025-06-12 07:39:00,49.82264106490752
2025-06-12 06:06:00,5.6
2025-06-12 03:14:00,82.6
2025-06-12 06:32:00,63.2
2025-06-12 17:13:00,23.1
2025-06-12 04:23:00,15.7
2025-06-12 06:33:00,73.7
2025-06-12 23:36:00,49.82264106490752
2025-06-12 02:23:00,8.6
2025-06-12 13:00:00,96.8
2025-06-12 03:16:00,5.5
2025-06-12 05:32:00,56.0
2025-06-12 21:39:00,87.8
2025-06-12 16:30:00,41.0
2025-06-12 10:46:00,55.4
2025-06-12 14:56:00,74.0
2025-06-12 15:55:00,38.4
2025-06-12 17:54:00,49.82264106490752
2025-06-12 14:57:00,52.3
2025-06-12 14:12:00,62.7
2025-06-12 10:18:00,85.8
2025-06-12 09:28:00,91.7
2025-06-12 12:52:00,34.8
2025-06-12 07:11:00,19.5
2025-06-12 17:14:00,9.3
2025-06-12 08:54:00,13.4
2025-06-12 09:59:00,71.8
2025-06-12 14:01:00,19.3
2025-06-12 18:46:00,3.1
2025-06-12 07:13:00,49.82264106490752
2025-06-12 22:11:00,48.8
2025-06-12 12:36:00,3.0
2025-06-12 18:28:00,14.0
2025-06-12 09:14:00,49.82264106490752
2025-06-12 00:52:00,37.4
2025-06-12 21:31:00,96.7
2025-06-12 18:30:00,32.6
2025-06-12 17:01:00,49.82264106490752
2025-06-12 15:32:00,11.4
2025-06-12 07:54:00,28.3
2025-06-12 16:57:00,3.0
2025-06-12 17:51:00,49.82264106490752
2025-06-12 01:55:00,58.3
2025-06-12 06:45:00,81.9
2025-06-12 23:08:00,69.5
2025-06-12 08:29:00,15.4
2025-06-12 02:10:00,49.2
2025-06-12 17:10:00,67.3
2025-06-12 06:47:00,61.1
2025-06-12 03:51:00,75.5
2025-06-12 20:01:00,49.82264106490752
2025-06-12 16:31:00,49.82264106490752
2025-06-12 20:05:00,88.7
2025-06-12 03:29:00,35.2
2025-06-12 15:25:00,4.6
2025-06-12 05:04:00,98.4
2025-06-12 13:07:00,86.6
2025-06-12 09:01:00,64.9
2025-06-12 10:43:00,83.5
2025-06-12 10:10:00,9.1
2025-06-12 11:20:00,85.5
2025-06-12 17:24:00,21.5
2025-06-12 00:50:00,66.2
2025-06-12 14:04:00,43.0
2025-06-12 15:45:00,49.82264106490752
2025-06-12 00:19:00,43.6
2025-06-12 19:38:00,46.0
2025-06-12 07:02:00,30.2
2025-06-12 23:35:00,49.1
2025-06-12 08:22:00,46.9
2025-06-12 16:33:00,1.8
2025-06-12 02:01:00,3.3
2025-06-12 06:30:00,6.4
2025-06-12 00:16:00,2.8
2025-06-12 19:02:00,19.9
2025-06-12 08:12:00,21.9
2025-06-12 16:18:00,10.0
2025-06-12 20:31:00,82.5
2025-06-12 19:42:00,40.1
2025-06-12 04:18:00,49.82264106490752
2025-06-12 19:00:00,86.3
2025-06-12 08:28:00,29.5
2025-06-12 19:18:00,1.1
2025-06-12 10:07:00,44.6
2025-06-12 08:24:00,20.0
2025-06-12 20:19:00,75.0
2025-06-12 22:18:00,52.6
2025-06-12 15:14:00,85.5
2025-06-12 20:48:00,50.2
2025-06-12 17:40:00,25.8
2025-06-12 15:49:00,37.8
2025-06-12 21:15:00,49.82264106490752
2025-06-12 07:42:00,8.1
2025-06-12 21:50:00,20.8
2025-06-12 11:50:00,45.5
2025-06-12 01:02:00,49.82264106490752
2025-06-12 19:23:00,24.9
2025-06-12 20:36:00,22.8
2025-06-12 04:50:00,46.9
2025-06-12 18:43:00,1.8
2025-06-12 16:38:00,41.2
2025-06-12 13:17:00,26.4
2025-06-12 00:54:00,73.1
2025-06-12 15:38:00,80.8
2025-06-12 18:56:00,86.4
2025-06-12 16:09:00,91.8
2025-06-12 11:46:00,49.82264106490752
2025-06-12 22:41:00,49.82264106490752
2025-06-12 06:07:00,53.9
2025-06-12 08:08:00,11.1
2025-06-12 14:41:00,14.6
2025-06-12 05:28:00,90.1
2025-06-12 11:28:00,57.7
2025-06-12 10:02:00,57.8
2025-06-12 17:29:00,63.6
2025-06-12 11:58:00,30.8
2025-06-12 06:15:00,21.5
2025-06-12 11:23:00,2.9
2025-06-12 01:36:00,86.9
2025-06-12 00:35:00,18.1
2025-06-12 00:52:00,63.3
2025-06-12 19:21:00,73.4
2025-06-12 12:34:00,95.7
2025-06-12 15:33:00,38.5
2025-06-12 21:00:00,66.0
2025-06-12 11:03:00,78.9
2025-06-12 17:56:00,92.3
2025-06-12 03:18:00,18.2
2025-06-12 15:16:00,9.6
2025-06-12 04:07:00,60.9
2025-06-12 13:07:00,33.4
2025-06-12 14:25:00,94.4
2025-06-12 02:01:00,0.6
2025-06-12 12:20:00,49.73505924170616
2025-06-12 23:05:00,91.6
2025-06-12 05:58:00,34.4
2025-06-12 18:34:00,52.0
2025-06-12 16:39:00,76.3
2025-06-12 03:39:00,62.8
2025-06-12 13:23:00,36.3
2025-06-12 19:01:00,30.9
2025-06-12 22:44:00,68.7
2025-06-12 11:04:00,16.4
2025-06-12 09:24:00,19.4
2025-06-12 14:12:00,49.73505924170616
2025-06-12 01:04:00,48.3
2025-06-12 14:31:00,50.9
2025-06-12 20:49:00,49.73505924170616
2025-06-12 06:52:00,20.6
2025-06-12 04:08:00,60.7
2025-06-12 14:34:00,45.9
2025-06-12 00:10:00,24.3
2025-06-12 06:42:00,49.73505924170616
2025-06-12 00:25:00,15.3
2025-06-12 19:44:00,76.8
2025-06-12 17:55:00,26.9
2025-06-12 22:39:00,96.9
2025-06-12 10:45:00,64.5
2025-06-12 22:10:00,2.6
2025-06-12 21:46:00,72.7
2025-06-12 11:36:00,1.8
2025-06-12 10:14:00,6.1
2025-06-12 20:42:00,49.73505924170616
2025-06-12 21:54:00,82.6
2025-06-12 17:26:00,92.9
2025-06-12 15:07:00,78.4
2025-06-12 10:11:00,81.4
2025-06-12 06:47:00,71.5
2025-06-12 16:37:00,92.4
2025-06-12 07:54:00,15.3
2025-06-12 06:12:00,49.6
2025-06-12 07:36:00,49.73505924170616
2025-06-12 16:56:00,57.3
2025-06-12 01:39:00,68.1
2025-06-12 20:09:00,62.6
2025-06-12 21:23:00,52.0
2025-06-12 19:14:00,91.2
2025-06-12 15:54:00,70.5
2025-06-12 08:14:00,49.73505924170616
2025-06-12 11:48:00,22.4
2025-06-12 19:45:00,7.8
2025-06-12 15:11:00,3.2
2025-06-12 09:50:00,49.73505924170616
2025-06-12 04:14:00,31.3
2025-06-12 19:58:00,85.5
2025-06-12 02:22:00,17.7
2025-06-12 22:20:00,7.3
2025-06-12 12:49:00,52.0
2025-06-12 05:25:00,29.4
2025-06-12 07:48:00,83.5
2025-06-12 12:18:00,49.73505924170616
2025-06-12 15:25:00,83.0
2025-06-12 19:06:00,59.5
2025-06-12 07:13:00,49.73505924170616
2025-06-12 01:28:00,86.0
2025-06-12 16:55:00,86.0
2025-06-12 05:56:00,70.1
2025-06-12 18:12:00,36.2
2025-06-12 09:35:00,51.0
2025-06-12 00:14:00,34.2
2025-06-12 13:01:00,13.4
2025-06-12 07:17:00,71.3
2025-06-12 13:20:00,36.1
2025-06-12 19:04:00,58.1
2025-06-12 10:53:00,9.2
2025-06-12 04:00:00,87.3
2025-06-12 19:53:00,48.7
2025-06-12 14:26:00,58.8
2025-06-12 02:14:00,97.1
2025-06-12 07:39:00,74.2
2025-06-12 00:03:00,15.8
2025-06-12 12:05:00,17.2
2025-06-12 09:22:00,49.73505924170616
2025-06-12 06:49:00,28.2
2025-06-12 02:49:00,70.2
2025-06-12 16:42:00,75.8
2025-06-12 21:25:00,34.8
2025-06-12 07:44:00,28.7
2025-06-12 05:39:00,74.3
2025-06-12 17:22:00,91.9
2025-06-12 10:26:00,2.7
2025-06-12 08:49:00,57.0
2025-06-12 00:58:00,2.1
2025-06-12 10:07:00,45.1
2025-06-12 19:18:00,36.2
2025-06-12 07:08:00,29.4
2025-06-12 08:52:00,0.9
2025-06-12 12:48:00,4.3
2025-06-12 09:39:00,35.5
2025-06-12 14:36:00,26.0
2025-06-12 02:37:00,79.9
2025-06-12 22:49:00,59.1
2025-06-12 15:15:00,26.5
2025-06-12 02:17:00,15.8
2025-06-12 04:22:00,11.2
2025-06-12 21:36:00,67.9
2025-06-12 03:21:00,32.6
2025-06-12 13:32:00,61.4
2025-06-12 18:57:00,17.7
2025-06-12 01:57:00,34.7
2025-06-12 08:00:00,35.6
2025-06-12 16:01:00,49.73505924170616
2025-06-12 22:19:00,16.0
2025-06-12 08:08:00,1.0
2025-06-12 05:37:00,20.3
2025-06-12 18:05:00,33.7
2025-06-12 04:45:00,36.9
2025-06-12 12:54:00,21.2
2025-06-12 04:38:00,28.8
2025-06-12 15:59:00,50.1
2025-06-12 05:40:00,48.4
2025-06-12 05:34:00,61.7
2025-06-12 06:17:00,20.8
2025-06-12 15:56:00,42.6
2025-06-12 05:33:00,31.6
2025-06-12 03:04:00,44.1
2025-06-12 08:07:00,51.2
2025-06-12 15:29:00,10.2
2025-06-12 18:04:00,6.4
2025-06-12 20:50:00,49.73505924170616
2025-06-12 01:14:00,49.73505924170616
2025-06-12 15:14:00,12.3
2025-06-12 05:46:00,49.73505924170616
2025-06-12 03:13:00,81.1
2025-06-12 08:11:00,91.2
2025-06-12 13:26:00,49.73505924170616
2025-06-12 05:45:00,51.8
2025-06-12 02:34:00,82.4
2025-06-12 13:14:00,14.5
2025-06-12 05:16:00,25.3
2025-06-12 13:36:00,44.5
2025-06-12 18:20:00,62.8
2025-06-12 12:26:00,16.8
2025-06-12 06:22:00,3.3
2025-06-12 12:31:00,49.4
2025-06-12 08:55:00,91.4
2025-06-12 10:54:00,92.8
2025-06-12 17:54:00,49.73505924170616
2025-06-12 21:08:00,90.4
2025-06-12 23:10:00,52.8
2025-06-12 14:00:00,67.2
2025-06-12 09:59:00,86.1
2025-06-12 12:51:00,44.4
2025-06-12 17:48:00,42.9
2025-06-12 21:20:00,0.3
2025-06-12 11:38:00,25.2
2025-06-12 10:38:00,25.9
2025-06-12 20:02:00,36.3
2025-06-12 11:33:00,43.4
2025-06-12 00:33:00,2.8
2025-06-12 19:19:00,23.1
2025-06-12 17:17:00,40.2
2025-06-12 23:30:00,18.5
2025-06-12 06:21:00,88.1
2025-06-12 17:47:00,49.73505924170616
2025-06-12 05:19:00,93.8
2025-06-12 12:15:00,72.8
2025-06-12 09:03:00,46.6
2025-06-12 22:34:00,42.9
2025-06-12 17:33:00,10.3
2025-06-12 16:33:00,49.73505924170616
2025-06-12 11:24:00,32.9
2025-06-12 21:24:00,10.8
2025-06-12 14:58:00,85.1
2025-06-12 12:00:00,12.1
2025-06-12 13:48:00,62.7
2025-06-12 18:02:00,30.3
2025-06-12 01:01:00,47.2
2025-06-12 16:04:00,0.2
2025-06-12 06:32:00,70.6
2025-06-12 15:58:00,31.2
2025-06-12 20:48:00,9.5
2025-06-12 00:28:00,47.0
2025-06-12 07:23:00,49.73505924170616
2025-06-12 11:44:00,5.2
2025-06-12 07:45:00,54.4
2025-06-12 03:40:00,25.2
2025-06-12 15:40:00,53.6
2025-06-12 20:17:00,44.2
2025-06-12 22:46:00,42.5
2025-06-12 07:34:00,82.5
2025-06-12 11:05:00,49.73505924170616
2025-06-12 01:08:00,49.73505924170616
2025-06-12 06:50:00,49.0
2025-06-12 16:14:00,49.73505924170616
2025-06-12 21:14:00,22.3
2025-06-12 14:22:00,84.3
2025-06-12 12:19:00,5.6
2025-06-12 21:40:00,74.6
2025-06-12 23:37:00,35.8
2025-06-12 13:53:00,1.3
2025-06-12 06:44:00,48.1
2025-06-12 04:25:00,49.73505924170616
2025-06-12 04:57:00,54.3
2025-06-12 17:10:00,49.73505924170616
2025-06-12 18:28:00,0.9
2025-06-12 10:30:00,16.4
2025-06-12 02:12:00,38.5
2025-06-12 19:49:00,41.2
2025-06-12 23:54:00,49.73505924170616
2025-06-12 14:33:00,45.6
2025-06-12 21:34:00,16.0
2025-06-12 05:05:00,4.3
2025-06-12 17:02:00,27.9
2025-06-12 11:55:00,92.1
2025-06-12 13:22:00,97.9
2025-06-12 14:39:00,55.9
2025-06-12 00:26:00,83.0
2025-06-12 02:08:00,53.8
2025-06-12 12:44:00,99.7
2025-06-12 10:17:00,82.4
2025-06-12 09:41:00,5.0
2025-06-12 22:54:00,49.73505924170616
2025-06-12 04:32:00,88.8
2025-06-12 17:05:00,88.6
2025-06-12 01:32:00,6.9
2025-06-12 00:27:00,41.8
2025-06-12 03:36:00,74.6
2025-06-12 02:59:00,20.0
2025-06-12 22:00:00,17.5
2025-06-12 22:26:00,90.2
2025-06-12 08:01:00,49.73505924170616
2025-06-12 06:57:00,93.2
2025-06-12 20:36:00,35.7
2025-06-12 11:25:00,49.73505924170616
2025-06-12 17:52:00,49.73505924170616
2025-06-12 21:49:00,77.9
2025-06-12 00:18:00,87.5
2025-06-12 00:53:00,83.0
2025-06-12 16:59:00,91.8
2025-06-12 14:18:00,3.4
2025-06-12 14:08:00,36.7
2025-06-12 12:16:00,38.0
2025-06-12 23:46:00,29.9
2025-06-12 21:27:00,67.5
2025-06-12 00:40:00,41.9
2025-06-12 09:36:00,49.73505924170616
2025-06-12 20:58:00,49.73505924170616
2025-06-12 13:35:00,31.9
2025-06-12 16:51:00,69.3
2025-06-12 10:55:00,48.7
2025-06-12 21:31:00,22.4
2025-06-12 02:50:00,80.6
2025-06-12 08:40:00,67.5
2025-06-12 13:25:00,85.6
2025-06-12 08:05:00,70.6
2025-06-12 05:42:00,92.8
2025-06-12 19:19:00,66.6
2025-06-12 14:42:00,18.4
2025-06-12 23:15:00,28.3
2025-06-12 00:37:00,54.1
2025-06-12 16:16:00,2.3
2025-06-12 01:09:00,60.1
2025-06-12 00:41:00,50.04950773558369
2025-06-12 00:03:00,43.2
2025-06-12 19:56:00,31.0
2025-06-12 11:14:00,25.4
2025-06-12 02:51:00,92.8
2025-06-12 09:02:00,30.9
2025-06-12 10:58:00,84.2
2025-06-12 17:23:00,81.0
2025-06-12 19:03:00,13.2
2025-06-12 22:36:00,39.7
2025-06-12 08:21:00,40.0
2025-06-12 07:19:00,36.9
2025-06-12 06:46:00,49.6
2025-06-12 13:59:00,93.4
2025-06-12 11:01:00,18.1
2025-06-12 05:10:00,33.7
2025-06-12 12:22:00,21.5
2025-06-12 23:42:00,26.2
2025-06-12 06:00:00,27.5
2025-06-12 19:32:00,50.04950773558369
2025-06-12 04:46:00,51.2
2025-06-12 03:11:00,58.4
2025-06-12 16:25:00,50.04950773558369
2025-06-12 13:29:00,94.6
2025-06-12 13:47:00,50.04950773558369
2025-06-12 14:52:00,25.7
2025-06-12 16:33:00,73.7
2025-06-12 06:21:00,21.1
2025-06-12 14:05:00,50.04950773558369
2025-06-12 21:46:00,60.6
2025-06-12 06:56:00,96.1
2025-06-12 14:09:00,38.2
2025-06-12 18:16:00,50.04950773558369
2025-06-12 01:55:00,35.9
2025-06-12 15:54:00,39.2
2025-06-12 18:41:00,80.2
2025-06-12 02:19:00,87.9
2025-06-12 11:37:00,86.4
2025-06-12 18:06:00,89.4
2025-06-12 20:17:00,90.3
2025-06-12 01:29:00,26.1
2025-06-12 12:43:00,93.3
2025-06-12 01:36:00,37.8
2025-06-12 09:22:00,76.2
2025-06-12 13:05:00,30.6
2025-06-12 08:18:00,77.8
2025-06-12 01:00:00,27.9
2025-06-12 20:47:00,52.7
2025-06-12 22:40:00,6.2
2025-06-12 02:27:00,1.6
2025-06-12 18:04:00,58.7
2025-06-12 13:02:00,92.4
2025-06-12 17:54:00,44.1
2025-06-12 19:30:00,50.04950773558369
2025-06-12 01:03:00,71.1
2025-06-12 05:34:00,71.0
2025-06-12 17:46:00,13.0
2025-06-12 08:00:00,9.5
2025-06-12 09:38:00,86.4
2025-06-12 18:53:00,53.5
2025-06-12 20:05:00,30.2
2025-06-12 07:14:00,36.8
2025-06-12 14:00:00,99.1
2025-06-12 20:55:00,84.4
2025-06-12 04:52:00,36.7
2025-06-12 15:41:00,50.04950773558369
2025-06-12 14:07:00,50.04950773558369
2025-06-12 15:16:00,46.1
2025-06-12 01:41:00,50.04950773558369
2025-06-12 06:44:00,21.9
2025-06-12 17:05:00,7.0
2025-06-12 05:41:00,4.1
2025-06-12 17:47:00,75.8
2025-06-12 22:27:00,88.6
2025-06-12 02:06:00,47.9
2025-06-12 01:51:00,88.8
2025-06-12 23:54:00,51.6
2025-06-12 23:03:00,98.8
2025-06-12 03:41:00,10.1
2025-06-12 20:34:00,97.7
2025-06-12 20:40:00,73.5
2025-06-12 06:04:00,78.5
2025-06-12 02:58:00,50.04950773558369
2025-06-12 01:27:00,63.8
2025-06-12 14:38:00,72.5
2025-06-12 15:32:00,53.3
2025-06-12 00:42:00,60.5
2025-06-12 08:56:00,28.5
2025-06-12 09:26:00,94.7
2025-06-12 16:28:00,52.9
2025-06-12 12:52:00,50.04950773558369
2025-06-12 10:53:00,50.04950773558369
2025-06-12 07:32:00,6.1
2025-06-12 17:55:00,19.2
2025-06-12 09:12:00,59.0
2025-06-12 02:01:00,16.7
2025-06-12 01:16:00,50.04950773558369
2025-06-12 23:16:00,30.3
2025-06-12 17:22:00,42.8
2025-06-12 04:45:00,68.1
2025-06-12 23:17:00,51.2
2025-06-12 20:52:00,50.04950773558369
2025-06-12 07:48:00,81.7
2025-06-12 19:51:00,50.04950773558369
2025-06-12 16:34:00,88.5
2025-06-12 02:35:00,97.0
2025-06-12 03:32:00,37.9
2025-06-12 02:28:00,50.04950773558369
2025-06-12 06:48:00,97.3
2025-06-12 19:26:00,69.9
2025-06-12 11:26:00,53.0
2025-06-12 12:31:00,19.1
2025-06-12 09:30:00,80.0
2025-06-12 20:58:00,21.8
2025-06-12 19:46:00,41.6
2025-06-12 07:44:00,77.1
2025-06-12 12:07:00,50.04950773558369
2025-06-12 16:31:00,53.8
2025-06-12 13:28:00,32.0
2025-06-12 04:39:00,22.5
2025-06-12 16:42:00,12.0
2025-06-12 15:28:00,50.04950773558369
2025-06-12 06:19:00,73.2
2025-06-12 14:40:00,25.7
2025-06-12 08:53:00,50.04950773558369
2025-06-12 10:47:00,72.0
2025-06-12 06:34:00,5.1
2025-06-12 18:35:00,80.4
2025-06-12 03:28:00,50.04950773558369
2025-06-12 16:26:00,95.2
2025-06-12 10:43:00,50.04950773558369
2025-06-12 02:31:00,15.1
2025-06-12 23:39:00,98.1
2025-06-12 03:45:00,55.1
2025-06-12 23:51:00,23.6
2025-06-12 09:36:00,28.8
2025-06-12 05:55:00,50.04950773558369
2025-06-12 06:18:00,35.5
2025-06-12 11:15:00,1.8
2025-06-12 02:05:00,68.9
2025-06-12 17:53:00,6.6
2025-06-12 22:51:00,16.4
2025-06-12 00:07:00,42.8
2025-06-12 05:05:00,53.7
2025-06-12 06:58:00,2.0
2025-06-12 15:11:00,73.3
2025-06-12 09:27:00,50.04950773558369
2025-06-12 18:09:00,64.2
2025-06-12 15:40:00,40.2
2025-06-12 04:20:00,99.5
2025-06-12 05:00:00,4.0
2025-06-12 10:22:00,97.0
2025-06-12 05:12:00,10.9
2025-06-12 12:08:00,29.4
2025-06-12 00:51:00,77.5
2025-06-12 07:27:00,50.04950773558369
2025-06-12 12:19:00,84.8
2025-06-12 03:42:00,50.04950773558369
2025-06-12 23:41:00,84.6
2025-06-12 04:30:00,63.0
2025-06-12 09:45:00,48.7
2025-06-12 23:13:00,78.4
2025-06-12 08:23:00,71.5
2025-06-12 16:09:00,50.04950773558369
2025-06-12 13:23:00,50.04950773558369
2025-06-12 15:13:00,81.2
2025-06-12 04:00:00,57.9
2025-06-12 01:37:00,22.4
2025-06-12 11:45:00,91.5
2025-06-12 19:01:00,2.3
2025-06-12 23:36:00,50.04950773558369
2025-06-12 09:52:00,13.3
2025-06-12 13:00:00,77.4
2025-06-12 01:46:00,50.04950773558369
2025-06-12 18:25:00,12.2
2025-06-12 14:11:00,52.4
2025-06-12 02:09:00,64.9
2025-06-12 23:49:00,50.04950773558369
2025-06-12 06:47:00,70.8
2025-06-12 20:23:00,50.04950773558369
2025-06-12 19:04:00,69.2
2025-06-12 11:33:00,57.6
2025-06-12 08:47:00,0.4
2025-06-12 14:50:00,5.8
2025-06-12 18:02:00,95.0
2025-06-12 13:42:00,81.0
2025-06-12 19:54:00,43.5
2025-06-12 22:14:00,68.0
2025-06-12 06:23:00,26.4
2025-06-12 13:46:00,67.6
2025-06-12 10:11:00,31.1
2025-06-12 06:37:00,50.04950773558369
2025-06-12 10:41:00,48.9
2025-06-12 15:20:00,50.04950773558369
2025-06-12 05:29:00,50.04950773558369
2025-06-12 19:33:00,50.04950773558369
2025-06-12 22:23:00,12.3
2025-06-12 16:41:00,7.4
2025-06-12 06:35:00,53.7
2025-06-12 20:19:00,50.04950773558369
2025-06-12 10:28:00,50.04950773558369
2025-06-12 04:41:00,78.1
2025-06-12 17:31:00,72.7
2025-06-12 20:10:00,61.3
2025-06-12 17:59:00,9.0
2025-06-12 05:36:00,90.0
2025-06-12 15:05:00,95.2
2025-06-12 17:01:00,38.9
2025-06-12 14:37:00,61.6
2025-06-12 09:42:00,16.8
2025-06-12 19:20:00,50.04950773558369
2025-06-12 08:24:00,40.7
2025-06-12 23:04:00,64.1
2025-06-12 15:45:00,95.3
2025-06-12 16:24:00,93.9
2025-06-12 20:43:00,60.6
2025-06-12 09:15:00,95.9
2025-06-12 03:58:00,40.2
2025-06-12 06:32:00,48.9
2025-06-12 04:50:00,50.04950773558369
2025-06-12 05:16:00,71.6
2025-06-12 18:30:00,79.7
2025-06-12 03:15:00,7.9
2025-06-12 11:24:00,91.5
2025-06-12 19:42:00,50.04950773558369
2025-06-12 18:08:00,60.0
2025-06-12 14:36:00,10.2
2025-06-12 21:01:00,36.7
2025-06-12 01:17:00,50.04950773558369
2025-06-12 17:15:00,21.5
2025-06-12 15:49:00,87.1
2025-06-12 17:41:00,2.7
2025-06-12 21:38:00,50.04950773558369
2025-06-12 00:19:00,56.5
2025-06-12 07:09:00,89.5
2025-06-12 10:45:00,24.7
2025-06-12 02:59:00,7.6
2025-06-12 07:56:00,79.0
2025-06-12 07:34:00,50.04950773558369
2025-06-12 01:48:00,24.7
2025-06-12 10:25:00,51.3
2025-06-12 08:29:00,74.8
2025-06-12 13:35:00,53.2
2025-06-12 01:20:00,50.04950773558369
2025-06-12 16:40:00,82.3
2025-06-12 02:47:00,76.1
2025-06-12 21:43:00,45.2
2025-06-12 07:08:00,12.8
2025-06-12 08:12:00,1.0
2025-06-12 07:01:00,13.0
2025-06-12 08:26:00,91.4
2025-06-12 08:07:00,50.04950773558369
2025-06-12 12:11:00,87.6
2025-06-12 20:16:00,50.04950773558369
2025-06-12 14:16:00,74.2
2025-06-12 15:38:00,74.1
2025-06-12 12:03:00,94.2
2025-06-12 18:36:00,56.1
2025-06-12 19:57:00,65.8
2025-06-12 05:50:00,19.6
2025-06-12 00:13:00,61.0
2025-06-12 07:35:00,25.1
2025-06-12 04:36:00,6.4
2025-06-12 03:37:00,70.9
2025-06-12 05:48:00,46.8
2025-06-12 08:48:00,9.3
2025-06-12 00:15:00,3.1
2025-06-12 11:47:00,98.2
2025-06-12 23:56:00,33.6
2025-06-12 15:19:00,85.1
2025-06-12 08:57:00,50.04950773558369
2025-06-12 10:59:00,51.5
2025-06-12 09:39:00,11.1
2025-06-12 22:39:00,75.1
2025-06-12 12:49:00,50.04950773558369
2025-06-12 15:58:00,68.0
2025-06-12 22:56:00,97.5
2025-06-12 23:32:00,49.9
2025-06-12 12:32:00,19.5
2025-06-12 13:57:00,50.04950773558369
2025-06-12 18:26:00,26.1
2025-06-12 13:31:00,61.1
2025-06-12 11:56:00,83.0
2025-06-12 16:27:00,50.04950773558369
2025-06-12 01:02:00,42.5
2025-06-12 09:08:00,50.04950773558369
2025-06-12 22:43:00,52.1
2025-06-12 23:43:00,64.1
2025-06-12 16:08:00,62.1
2025-06-12 15:21:00,85.5
2025-06-12 01:39:00,50.04950773558369
2025-06-12 05:02:00,37.1
2025-06-12 21:11:00,0.5
2025-06-12 03:10:00,62.2
2025-06-12 01:12:00,49.64720650636492
2025-06-12 12:13:00,71.5
2025-06-12 09:28:00,85.2
2025-06-12 17:32:00,94.5
2025-06-12 22:11:00,6.0
2025-06-12 05:25:00,11.0
2025-06-12 02:18:00,21.5
2025-06-12 07:23:00,16.6
2025-06-12 02:06:00,67.0
2025-06-12 10:16:00,9.4
2025-06-12 12:01:00,57.6
2025-06-12 23:22:00,76.5
2025-06-12 00:46:00,49.64720650636492
2025-06-12 10:02:00,52.6
2025-06-12 13:15:00,26.0
2025-06-12 07:13:00,99.1
2025-06-12 14:37:00,76.3
2025-06-12 13:16:00,49.64720650636492
2025-06-12 02:25:00,8.3
2025-06-12 16:04:00,68.6
2025-06-12 14:44:00,63.0
2025-06-12 20:48:00,95.8
2025-06-12 08:57:00,43.8
2025-06-12 02:08:00,59.0
2025-06-12 08:03:00,25.6
2025-06-12 12:30:00,24.9
2025-06-12 17:36:00,49.64720650636492
2025-06-12 07:12:00,91.2
2025-06-12 03:24:00,12.9
2025-06-12 23:19:00,15.5
2025-06-12 18:51:00,38.2
2025-06-12 02:04:00,92.1
2025-06-12 19:09:00,0.4
2025-06-12 20:52:00,93.3
2025-06-12 05:57:00,43.7
2025-06-12 10:10:00,34.4
2025-06-12 22:59:00,49.64720650636492
2025-06-12 21:23:00,12.3
2025-06-12 04:23:00,7.0
2025-06-12 05:51:00,67.6
2025-06-12 22:43:00,14.4
2025-06-12 16:05:00,20.0
2025-06-12 16:11:00,49.64720650636492
2025-06-12 19:46:00,49.64720650636492
2025-06-12 05:26:00,41.6
2025-06-12 00:05:00,49.64720650636492
2025-06-12 15:32:00,49.64720650636492
2025-06-12 15:57:00,49.64720650636492
2025-06-12 06:45:00,82.6
2025-06-12 00:07:00,49.64720650636492
2025-06-12 21:34:00,12.5
2025-06-12 08:59:00,39.0
2025-06-12 05:27:00,32.4
2025-06-12 07:05:00,16.5
2025-06-12 14:54:00,35.9
2025-06-12 09:47:00,75.0
2025-06-12 10:06:00,84.7
2025-06-12 22:44:00,8.9
2025-06-12 07:16:00,39.2
2025-06-12 14:24:00,0.5
2025-06-12 16:53:00,93.4
2025-06-12 17:23:00,81.2
2025-06-12 20:29:00,49.64720650636492
2025-06-12 00:53:00,57.3
2025-06-12 19:16:00,29.5
2025-06-12 06:40:00,49.64720650636492
2025-06-12 11:59:00,45.6
2025-06-12 03:51:00,27.2
2025-06-12 17:02:00,23.0
2025-06-12 17:13:00,10.2
2025-06-12 00:36:00,63.1
2025-06-12 01:07:00,45.4
2025-06-12 04:16:00,49.64720650636492
2025-06-12 18:55:00,63.6
2025-06-12 19:36:00,23.7
2025-06-12 00:25:00,50.7
2025-06-12 06:15:00,49.64720650636492
2025-06-12 04:04:00,86.2
2025-06-12 21:42:00,90.1
2025-06-12 03:49:00,49.64720650636492
2025-06-12 03:23:00,38.0
2025-06-12 13:28:00,32.1
2025-06-12 12:07:00,49.64720650636492
2025-06-12 22:33:00,40.2
2025-06-12 06:28:00,29.9
2025-06-12 13:35:00,72.1
2025-06-12 21:19:00,13.6
2025-06-12 21:44:00,72.8
2025-06-12 16:02:00,65.4
2025-06-12 23:49:00,38.3
2025-06-12 22:07:00,54.0
2025-06-12 03:50:00,88.2
2025-06-12 16:15:00,41.8
2025-06-12 03:19:00,49.64720650636492
2025-06-12 19:34:00,23.0
2025-06-12 15:08:00,49.64720650636492
2025-06-12 09:03:00,87.4
2025-06-12 20:08:00,89.6
2025-06-12 06:13:00,6.2
2025-06-12 10:12:00,27.6
2025-06-12 13:42:00,49.64720650636492
2025-06-12 16:59:00,32.3
2025-06-12 08:37:00,69.6
2025-06-12 22:22:00,49.64720650636492
2025-06-12 07:55:00,65.2
2025-06-12 04:21:00,35.5
2025-06-12 21:59:00,86.7
2025-06-12 21:57:00,87.6
2025-06-12 23:04:00,49.64720650636492
2025-06-12 06:20:00,84.8
2025-06-12 13:20:00,71.4
2025-06-12 17:40:00,21.6
2025-06-12 00:57:00,49.64720650636492
2025-06-12 15:38:00,45.8
2025-06-12 04:43:00,52.6
2025-06-12 21:22:00,49.64720650636492
2025-06-12 22:17:00,88.0
2025-06-12 06:42:00,63.6
2025-06-12 19:19:00,31.2
2025-06-12 01:57:00,33.6
2025-06-12 14:21:00,27.7
2025-06-12 13:33:00,49.64720650636492
2025-06-12 12:53:00,56.4
2025-06-12 17:52:00,49.9
2025-06-12 02:38:00,95.5
2025-06-12 13:37:00,83.5
2025-06-12 22:20:00,77.3
2025-06-12 02:35:00,39.4
2025-06-12 14:31:00,51.4
2025-06-12 01:20:00,27.3
2025-06-12 10:51:00,51.6
2025-06-12 12:59:00,29.7
2025-06-12 09:30:00,14.5
2025-06-12 06:17:00,12.7
2025-06-12 03:27:00,49.64720650636492
2025-06-12 07:09:00,27.8
2025-06-12 18:26:00,49.64720650636492
2025-06-12 18:09:00,68.2
2025-06-12 02:51:00,71.7
2025-06-12 05:10:00,19.9
2025-06-12 23:13:00,57.0
2025-06-12 18:41:00,6.9
2025-06-12 10:04:00,35.7
2025-06-12 13:48:00,72.9
2025-06-12 01:58:00,97.7
2025-06-12 14:56:00,83.5
2025-06-12 06:30:00,49.64720650636492
2025-06-12 20:40:00,80.0
2025-06-12 11:25:00,33.5
2025-06-12 21:47:00,36.6
2025-06-12 00:47:00,49.64720650636492
2025-06-12 01:46:00,91.6
2025-06-12 14:42:00,78.5
2025-06-12 01:16:00,11.9
2025-06-12 15:14:00,64.7
2025-06-12 07:59:00,49.64720650636492
2025-06-12 20:50:00,2.8
2025-06-12 19:18:00,30.6
2025-06-12 13:26:00,38.6
2025-06-12 12:00:00,46.7
2025-06-12 08:10:00,1.2
2025-06-12 08:08:00,49.64720650636492
2025-06-12 00:18:00,47.4
2025-06-12 10:00:00,32.2
2025-06-12 21:41:00,91.8
2025-06-12 18:47:00,71.8
2025-06-12 12:39:00,49.64720650636492
2025-06-12 21:27:00,87.9
2025-06-12 03:59:00,36.4
2025-06-12 22:52:00,64.4
2025-06-12 12:20:00,82.2
2025-06-12 09:58:00,97.9
2025-06-12 10:49:00,94.8
2025-06-12 18:23:00,45.2
2025-06-12 16:55:00,24.9
2025-06-12 07:47:00,49.64720650636492
2025-06-12 02:17:00,49.64720650636492
2025-06-12 15:12:00,38.0
2025-06-12 06:51:00,89.2
2025-06-12 00:19:00,36.5
2025-06-12 14:07:00,2.6
2025-06-12 04:36:00,49.64720650636492
2025-06-12 08:17:00,69.9
2025-06-12 12:37:00,49.7
2025-06-12 22:53:00,87.0
2025-06-12 13:09:00,91.9
2025-06-12 10:05:00,69.9
2025-06-12 18:00:00,49.64720650636492
2025-06-12 03:31:00,69.4
2025-06-12 08:13:00,52.8
2025-06-12 17:01:00,59.0
2025-06-12 10:57:00,13.9
2025-06-12 12:45:00,48.8
2025-06-12 13:52:00,7.3
2025-06-12 04:26:00,3.5
2025-06-12 15:02:00,44.1
2025-06-12 03:54:00,49.64720650636492
2025-06-12 20:12:00,49.64720650636492
2025-06-12 07:36:00,62.9
2025-06-12 06:21:00,90.1
2025-06-12 05:16:00,60.1
2025-06-12 20:53:00,51.3
2025-06-12 02:26:00,5.4
2025-06-12 00:50:00,49.64720650636492
2025-06-12 17:14:00,18.3
2025-06-12 10:52:00,6.8
2025-06-12 11:11:00,17.1
2025-06-12 14:03:00,65.9
2025-06-12 16:10:00,49.64720650636492
2025-06-12 12:40:00,0.0
2025-06-12 06:07:00,14.5
2025-06-12 06:05:00,49.64720650636492
2025-06-12 20:41:00,34.3
2025-06-12 00:03:00,11.0
2025-06-12 22:19:00,66.4
2025-06-12 17:18:00,49.64720650636492
2025-06-12 06:44:00,86.6
2025-06-12 11:09:00,46.4
2025-06-12 10:07:00,93.2
2025-06-12 14:41:00,39.0
2025-06-12 07:42:00,84.3
2025-06-12 02:30:00,36.0
2025-06-12 15:03:00,12.1
2025-06-12 15:45:00,96.4
2025-06-12 19:58:00,94.3
2025-06-12 09:10:00,6.2
2025-06-12 00:30:00,49.64720650636492
2025-06-12 15:16:00,35.5
2025-06-12 09:18:00,43.1
2025-06-12 02:56:00,52.2
2025-06-12 21:30:00,97.7
2025-06-12 01:05:00,33.5
2025-06-12 18:33:00,26.9
2025-06-12 00:20:00,14.9
2025-06-12 02:54:00,49.6
2025-06-12 14:17:00,94.3
2025-06-12 20:10:00,49.64720650636492
2025-06-12 09:44:00,72.0
2025-06-12 04:10:00,60.6
2025-06-12 19:20:00,81.6
2025-06-12 07:41:00,47.5
2025-06-12 11:32:00,84.7
2025-06-12 05:43:00,41.3
2025-06-12 06:43:00,51.8
2025-06-12 01:19:00,24.2
2025-06-12 15:39:00,65.2
2025-06-12 19:07:00,72.6
2025-06-12 23:55:00,92.3
2025-06-12 05:52:00,28.2
2025-06-12 07:48:00,3.1
2025-06-12 04:59:00,21.2
2025-06-12 15:37:00,80.2
2025-06-12 01:21:00,88.0
2025-06-12 20:46:00,55.5
2025-06-12 01:47:00,74.6
2025-06-12 02:36:00,24.0
2025-06-12 14:14:00,66.0
2025-06-12 11:00:00,3.8
2025-06-12 08:39:00,69.2
2025-06-12 13:59:00,26.7
2025-06-12 07:30:00,90.3
2025-06-12 14:28:00,97.8
2025-06-12 05:07:00,45.5
2025-06-12 15:59:00,61.8
2025-06-12 01:25:00,82.5
2025-06-12 15:44:00,49.64720650636492
2025-06-12 21:50:00,0.6
2025-06-12 09:20:00,11.5
2025-06-12 20:58:00,3.7
2025-06-12 09:54:00,45.2
2025-06-12 21:08:00,99.1
2025-06-12 14:10:00,82.8
2025-06-12 14:26:00,21.6
2025-06-12 18:42:00,35.4
2025-06-12 14:45:00,4.8
2025-06-12 10:40:00,35.3
2025-06-12 08:45:00,44.6
2025-06-12 16:20:00,68.5
2025-06-12 18:14:00,37.7
2025-06-12 01:11:00,65.1
2025-06-12 04:11:00,91.7
2025-06-12 03:20:00,38.8
2025-06-12 14:33:00,9.6
2025-06-12 20:32:00,35.6
2025-06-12 08:52:00,36.6
2025-06-12 02:13:00,54.5
2025-06-12 09:48:00,46.7
2025-06-12 01:54:00,33.1
2025-06-12 20:43:00,6.5
2025-06-12 14:23:00,2.3
2025-06-12 06:23:00,43.6
2025-06-12 02:58:00,47.2
2025-06-12 16:54:00,16.8
2025-06-12 02:14:00,1.6
2025-06-12 22:23:00,71.1
2025-06-12 14:55:00,76.5
2025-06-12 07:08:00,13.9
2025-06-12 21:13:00,56.1
2025-06-12 00:54:00,20.4
2025-06-12 07:44:00,49.44888862615275
2025-06-12 15:40:00,88.6
2025-06-12 06:52:00,55.1
2025-06-12 23:38:00,49.44888862615275
2025-06-12 21:43:00,49.44888862615275
2025-06-12 10:43:00,44.0
2025-06-12 04:10:00,48.4
2025-06-12 12:50:00,1.8
2025-06-12 22:47:00,49.8
2025-06-12 00:57:00,85.5
2025-06-12 04:43:00,7.9
2025-06-12 05:10:00,49.44888862615275
2025-06-12 19:48:00,62.4
2025-06-12 04:36:00,33.7
2025-06-12 21:45:00,90.2
2025-06-12 22:45:00,40.6
2025-06-12 11:39:00,29.2
2025-06-12 20:21:00,23.3
2025-06-12 03:43:00,43.1
2025-06-12 22:22:00,16.0
2025-06-12 19:14:00,41.2
2025-06-12 20:14:00,89.5
2025-06-12 23:50:00,77.4
2025-06-12 20:42:00,47.1
2025-06-12 01:57:00,47.2
2025-06-12 14:38:00,9.6
2025-06-12 18:07:00,71.7
2025-06-12 09:32:00,18.7
2025-06-12 05:01:00,93.2
2025-06-12 10:44:00,86.4
2025-06-12 13:59:00,81.9
2025-06-12 00:51:00,60.8
2025-06-12 12:45:00,49.44888862615275
2025-06-12 01:36:00,74.9
2025-06-12 19:52:00,81.2
2025-06-12 22:20:00,66.1
2025-06-12 07:02:00,35.8
2025-06-12 18:21:00,67.6
2025-06-12 01:21:00,21.4
2025-06-12 20:53:00,39.6
2025-06-12 21:15:00,68.8
2025-06-12 17:29:00,73.9
2025-06-12 16:30:00,38.6
2025-06-12 15:55:00,98.6
2025-06-12 14:10:00,27.8
2025-06-12 12:51:00,83.6
2025-06-12 22:37:00,49.44888862615275
2025-06-12 17:37:00,58.6
2025-06-12 14:52:00,24.8
2025-06-12 09:19:00,21.8
2025-06-12 18:47:00,49.44888862615275
2025-06-12 12:31:00,49.44888862615275
2025-06-12 01:01:00,19.8
2025-06-12 17:12:00,49.44888862615275
2025-06-12 10:54:00,7.6
2025-06-12 01:24:00,63.7
2025-06-12 17:06:00,49.1
2025-06-12 09:58:00,58.7
2025-06-12 19:59:00,76.9
2025-06-12 10:32:00,21.4
2025-06-12 09:03:00,39.1
2025-06-12 05:26:00,55.4
2025-06-12 19:02:00,49.44888862615275
2025-06-12 02:18:00,42.1
2025-06-12 11:48:00,1.2
2025-06-12 12:10:00,49.44888862615275
2025-06-12 03:05:00,46.7
2025-06-12 04:39:00,28.2
2025-06-12 17:27:00,80.6
2025-06-12 18:10:00,49.44888862615275
2025-06-12 07:17:00,87.6
2025-06-12 17:31:00,80.1
2025-06-12 23:35:00,97.6
2025-06-12 08:39:00,75.5
2025-06-12 16:35:00,66.6
2025-06-12 09:12:00,1.6
2025-06-12 06:46:00,49.44888862615275
2025-06-12 17:26:00,3.1
2025-06-12 06:19:00,49.44888862615275
2025-06-12 05:37:00,99.4
2025-06-12 02:42:00,74.6
2025-06-12 04:09:00,8.9
2025-06-12 06:10:00,41.0
2025-06-12 20:31:00,26.0
2025-06-12 03:27:00,2.0
2025-06-12 15:31:00,75.4
2025-06-12 01:42:00,62.9
2025-06-12 08:52:00,12.5
2025-06-12 08:04:00,49.44888862615275
2025-06-12 15:18:00,37.0
2025-06-12 17:10:00,79.3
2025-06-12 20:23:00,69.2
2025-06-12 18:43:00,30.1
2025-06-12 18:44:00,76.6
2025-06-12 13:27:00,67.3
2025-06-12 06:40:00,61.5
2025-06-12 14:25:00,88.0
2025-06-12 14:36:00,26.9
2025-06-12 03:02:00,25.4
2025-06-12 20:47:00,35.8
2025-06-12 10:52:00,75.1
2025-06-12 00:21:00,57.0
2025-06-12 20:09:00,53.1
2025-06-12 12:06:00,92.9
2025-06-12 10:10:00,6.0
2025-06-12 06:33:00,49.6
2025-06-12 17:30:00,64.0
2025-06-12 03:14:00,43.2
2025-06-12 20:34:00,95.5
2025-06-12 17:40:00,49.44888862615275
2025-06-12 21:14:00,49.44888862615275
2025-06-12 04:01:00,20.6
2025-06-12 08:33:00,78.8
2025-06-12 13:06:00,54.8
2025-06-12 20:45:00,40.7
2025-06-12 21:17:00,49.44888862615275
2025-06-12 21:37:00,35.8
2025-06-12 01:47:00,3.6
2025-06-12 16:06:00,57.4
2025-06-12 17:17:00,91.1
2025-06-12 08:29:00,14.7
2025-06-12 18:45:00,56.4
2025-06-12 23:25:00,96.2
2025-06-12 13:53:00,77.2
2025-06-12 20:03:00,71.0
2025-06-12 05:41:00,7.4
2025-06-12 13:25:00,61.6
2025-06-12 04:35:00,54.0
2025-06-12 19:18:00,57.0
2025-06-12 17:02:00,17.2
2025-06-12 09:40:00,11.5
2025-06-12 18:55:00,17.8
2025-06-12 13:45:00,26.7
2025-06-12 09:33:00,38.9
2025-06-12 14:30:00,49.44888862615275
2025-06-12 16:20:00,48.7
2025-06-12 17:43:00,87.0
2025-06-12 10:03:00,6.7
2025-06-12 10:04:00,58.6
2025-06-12 04:54:00,75.5
2025-06-12 14:14:00,57.8
2025-06-12 11:13:00,81.8
2025-06-12 03:42:00,5.3
2025-06-12 17:18:00,37.1
2025-06-12 22:27:00,49.44888862615275
2025-06-12 02:47:00,38.1
2025-06-12 00:08:00,64.5
2025-06-12 11:45:00,49.44888862615275
2025-06-12 14:15:00,49.7
2025-06-12 03:56:00,32.9
2025-06-12 13:02:00,22.9
2025-06-12 07:47:00,36.0
2025-06-12 15:15:00,51.2
2025-06-12 02:43:00,42.5
2025-06-12 19:47:00,53.6
2025-06-12 21:55:00,39.0
2025-06-12 00:47:00,56.3
2025-06-12 14:58:00,14.8
2025-06-12 05:33:00,54.2
2025-06-12 12:54:00,99.3
2025-06-12 05:00:00,2.6
2025-06-12 21:54:00,43.0
2025-06-12 16:23:00,6.4
2025-06-12 00:58:00,49.44888862615275
2025-06-12 07:04:00,71.3
2025-06-12 16:22:00,30.7
2025-06-12 10:45:00,97.8
2025-06-12 13:09:00,17.6
2025-06-12 17:19:00,56.8
2025-06-12 22:02:00,23.6
2025-06-12 05:48:00,62.3
2025-06-12 02:26:00,25.5
2025-06-12 18:01:00,75.8
2025-06-12 17:07:00,24.2
2025-06-12 15:16:00,78.4
2025-06-12 21:28:00,57.6
2025-06-12 14:57:00,25.0
2025-06-12 12:40:00,49.44888862615275
2025-06-12 12:42:00,87.3
2025-06-12 18:57:00,49.44888862615275
2025-06-12 10:05:00,49.44888862615275
2025-06-12 10:47:00,49.44888862615275
2025-06-12 19:40:00,4.9
2025-06-12 10:36:00,49.44888862615275
2025-06-12 14:33:00,81.1
2025-06-12 07:45:00,89.3
2025-06-12 04:48:00,61.0
2025-06-12 04:55:00,17.1
2025-06-12 06:08:00,32.2
2025-06-12 16:46:00,28.4
2025-06-12 09:05:00,0.0
2025-06-12 15:52:00,13.3
2025-06-12 13:07:00,49.44888862615275
2025-06-12 07:18:00,66.9
2025-06-12 12:49:00,49.44888862615275
2025-06-12 10:24:00,40.3
2025-06-12 13:18:00,49.44888862615275
2025-06-12 20:26:00,77.9
2025-06-12 12:22:00,97.2
2025-06-12 22:03:00,56.5
2025-06-12 06:05:00,72.4
2025-06-12 18:30:00,28.6
2025-06-12 22:52:00,86.6
2025-06-12 20:18:00,48.9
2025-06-12 15:49:00,93.6
2025-06-12 23:55:00,14.8
2025-06-12 00:32:00,13.8
2025-06-12 20:15:00,59.4
2025-06-12 10:21:00,49.44888862615275
2025-06-12 07:27:00,49.44888862615275
2025-06-12 03:46:00,94.4
2025-06-12 15:13:00,40.8
2025-06-12 15:20:00,32.3
2025-06-12 18:56:00,27.8
2025-06-12 19:53:00,77.8
2025-06-12 07:09:00,93.8
2025-06-12 14:09:00,2.1
2025-06-12 12:24:00,21.3
2025-06-12 11:50:00,55.8
2025-06-12 22:12:00,7.2
2025-06-12 02:05:00,71.4
2025-06-12 03:39:00,11.9
2025-06-12 21:20:00,85.8
2025-06-12 05:25:00,69.2
2025-06-12 02:24:00,50.6
2025-06-12 06:51:00,77.1
2025-06-12 03:53:00,42.9
2025-06-12 08:31:00,25.0
2025-06-12 12:03:00,49.44888862615275
2025-06-12 20:04:00,34.4
2025-06-12 06:42:00,91.2
2025-06-12 14:42:00,8.0
2025-06-12 10:25:00,1.9
2025-06-12 20:52:00,0.7
2025-06-12 15:45:00,53.3
2025-06-12 20:36:00,58.7
2025-06-12 22:21:00,52.2
2025-06-12 04:57:00,49.44888862615275
2025-06-12 23:06:00,24.6
2025-06-12 21:49:00,35.9
2025-06-12 14:49:00,69.7
2025-06-12 23:53:00,67.8
2025-06-12 06:49:00,57.3
2025-06-12 14:34:00,77.3
2025-06-12 09:49:00,49.44888862615275
2025-06-12 11:35:00,43.0
2025-06-12 09:00:00,49.44888862615275
2025-06-12 13:35:00,78.3
2025-06-12 13:12:00,55.7
2025-06-12 20:39:00,44.3
2025-06-12 14:02:00,10.2
2025-06-12 19:01:00,4.7
2025-06-12 18:37:00,80.9
2025-06-12 06:53:00,99.4
2025-06-12 23:37:00,37.2
2025-06-12 01:45:00,44.7
2025-06-12 13:56:00,14.7
2025-06-12 07:33:00,50.4
2025-06-12 12:41:00,85.4
2025-06-12 13:20:00,5.5
2025-06-12 22:06:00,87.7
2025-06-12 11:42:00,49.44888862615275
2025-06-12 01:50:00,53.1
2025-06-12 17:57:00,49.44888862615275
2025-06-12 01:06:00,49.44888862615275
2025-06-12 07:38:00,38.4
2025-06-12 21:04:00,39.8
2025-06-12 09:18:00,55.1
2025-06-12 11:53:00,51.3
2025-06-12 14:29:00,26.0
2025-06-12 06:12:00,98.2
2025-06-12 20:38:00,14.1
2025-06-12 03:28:00,49.44888862615275
2025-06-12 07:56:00,98.0
2025-06-12 00:11:00,86.1
2025-06-12 11:20:00,83.4
2025-06-12 17:33:00,49.44888862615275
2025-06-12 19:37:00,61.3
2025-06-12 03:17:00,26.8
2025-06-12 00:49:00,60.1
2025-06-12 14:00:00,3.2
2025-06-12 21:01:00,64.9
2025-06-12 14:37:00,77.3
2025-06-12 00:53:00,49.44888862615275
2025-06-12 19:55:00,22.9
2025-06-12 19:32:00,33.2
2025-06-12 16:42:00,49.44888862615275
2025-06-12 16:36:00,84.1
2025-06-12 22:55:00,95.4
2025-06-12 17:52:00,72.5
2025-06-12 10:06:00,70.6
2025-06-12 07:38:00,96.9
2025-06-12 03:25:00,58.7
2025-06-12 15:23:00,59.1
2025-06-12 22:26:00,34.5
2025-06-12 12:00:00,92.6
2025-06-12 15:26:00,91.5
2025-06-12 02:09:00,85.1
2025-06-12 01:06:00,57.1
2025-06-12 02:27:00,55.4
2025-06-12 22:45:00,76.1
2025-06-12 04:33:00,11.2
2025-06-12 14:42:00,87.7
2025-06-12 03:13:00,47.9
2025-06-12 08:49:00,8.0
2025-06-12 02:51:00,23.5
2025-06-12 05:17:00,84.4
2025-06-12 07:35:00,66.3
2025-06-12 11:04:00,92.9
2025-06-12 18:58:00,45.5
2025-06-12 09:51:00,98.6
2025-06-12 08:12:00,98.8
2025-06-12 06:03:00,49.953150620754265
2025-06-12 00:04:00,16.0
2025-06-12 00:22:00,96.9
2025-06-12 21:40:00,49.953150620754265
2025-06-12 03:36:00,1.2
2025-06-12 11:39:00,64.0
2025-06-12 09:39:00,85.2
2025-06-12 05:41:00,62.4
2025-06-12 15:12:00,49.953150620754265
2025-06-12 22:51:00,31.8
2025-06-12 12:37:00,22.2
2025-06-12 02:06:00,47.4
2025-06-12 09:11:00,7.5
2025-06-12 19:24:00,35.7
2025-06-12 13:24:00,70.2
2025-06-12 19:36:00,77.4
2025-06-12 10:37:00,46.7
2025-06-12 05:54:00,49.953150620754265
2025-06-12 17:03:00,63.2
2025-06-12 22:14:00,39.9
2025-06-12 07:59:00,18.7
2025-06-12 10:24:00,23.6
2025-06-12 14:09:00,48.4
2025-06-12 03:38:00,63.8
2025-06-12 17:39:00,83.4
2025-06-12 01:19:00,49.953150620754265
2025-06-12 16:56:00,38.0
2025-06-12 18:23:00,24.6
2025-06-12 03:09:00,49.953150620754265
2025-06-12 07:32:00,57.5
2025-06-12 23:41:00,52.2
2025-06-12 14:03:00,32.5
2025-06-12 21:18:00,28.8
2025-06-12 12:13:00,74.6
2025-06-12 00:13:00,90.1
2025-06-12 13:03:00,45.7
2025-06-12 23:04:00,40.7
2025-06-12 23:14:00,71.4
2025-06-12 01:51:00,49.953150620754265
2025-06-12 07:06:00,49.953150620754265
2025-06-12 15:18:00,71.8
2025-06-12 20:00:00,94.7
2025-06-12 07:49:00,24.3
2025-06-12 05:50:00,1.9
2025-06-12 16:53:00,83.9
2025-06-12 20:50:00,36.0
2025-06-12 23:32:00,1.4
2025-06-12 06:47:00,87.2
2025-06-12 16:00:00,68.6
2025-06-12 00:33:00,73.7
2025-06-12 18:12:00,99.0
2025-06-12 01:17:00,98.2
2025-06-12 21:00:00,67.6
2025-06-12 08:32:00,30.6
2025-06-12 15:59:00,97.8
2025-06-12 20:25:00,26.8
2025-06-12 19:25:00,49.953150620754265
2025-06-12 18:32:00,1.5
2025-06-12 16:37:00,99.5
2025-06-12 17:44:00,21.2
2025-06-12 22:30:00,61.1
2025-06-12 04:02:00,98.9
2025-06-12 11:34:00,60.1
2025-06-12 12:58:00,53.0
2025-06-12 04:50:00,73.9
2025-06-12 18:40:00,74.7
2025-06-12 15:15:00,3.5
2025-06-12 05:19:00,18.5
2025-06-12 05:45:00,21.8
2025-06-12 18:10:00,77.3
2025-06-12 09:17:00,52.9
2025-06-12 15:37:00,6.8
2025-06-12 10:58:00,94.1
2025-06-12 23:31:00,76.8
2025-06-12 12:43:00,99.9
2025-06-12 13:56:00,13.9
2025-06-12 09:12:00,4.7
2025-06-12 12:32:00,93.0
2025-06-12 19:49:00,49.953150620754265
2025-06-12 22:41:00,14.5
2025-06-12 08:16:00,51.1
2025-06-12 00:41:00,82.8
2025-06-12 13:38:00,21.6
2025-06-12 08:19:00,91.5
2025-06-12 20:10:00,100.0
2025-06-12 05:03:00,16.1
2025-06-12 23:03:00,16.7
2025-06-12 03:48:00,68.9
2025-06-12 20:01:00,9.3
2025-06-12 19:06:00,82.0
2025-06-12 06:21:00,49.953150620754265
2025-06-12 17:43:00,91.8
2025-06-12 07:23:00,55.3
2025-06-12 12:07:00,94.0
2025-06-12 10:09:00,3.2
2025-06-12 10:08:00,49.953150620754265
2025-06-12 05:24:00,49.953150620754265
2025-06-12 03:24:00,58.6
2025-06-12 11:36:00,68.0
2025-06-12 06:23:00,78.5
2025-06-12 22:20:00,61.6
2025-06-12 07:19:00,49.953150620754265
2025-06-12 07:00:00,6.1
2025-06-12 16:44:00,15.9
2025-06-12 07:58:00,24.1
2025-06-12 16:21:00,8.3
2025-06-12 10:38:00,49.953150620754265
2025-06-12 15:50:00,60.9
2025-06-12 13:45:00,20.0
2025-06-12 01:37:00,94.0
2025-06-12 00:36:00,71.1
2025-06-12 17:02:00,31.1
2025-06-12 02:00:00,92.8
2025-06-12 19:16:00,69.8
2025-06-12 01:21:00,12.8
2025-06-12 13:26:00,5.8
2025-06-12 22:13:00,7.1
2025-06-12 12:09:00,33.1
2025-06-12 09:34:00,49.953150620754265
2025-06-12 03:18:00,46.7
2025-06-12 19:40:00,62.2
2025-06-12 00:35:00,46.7
2025-06-12 06:30:00,85.4
2025-06-12 21:54:00,35.8
2025-06-12 09:36:00,49.953150620754265
2025-06-12 13:47:00,64.1
2025-06-12 21:59:00,6.0
2025-06-12 23:35:00,49.953150620754265
2025-06-12 08:28:00,24.8
2025-06-12 01:22:00,47.9
2025-06-12 07:43:00,56.1
2025-06-12 01:16:00,12.0
2025-06-12 16:07:00,49.0
2025-06-12 19:27:00,8.6
2025-06-12 07:29:00,56.2
2025-06-12 19:15:00,49.953150620754265
2025-06-12 01:10:00,22.9
2025-06-12 06:52:00,7.8
2025-06-12 08:55:00,10.8
2025-06-12 14:14:00,21.9
2025-06-12 06:29:00,50.2
2025-06-12 04:49:00,77.6
2025-06-12 08:38:00,49.953150620754265
2025-06-12 13:41:00,82.7
2025-06-12 07:31:00,77.0
2025-06-12 01:48:00,45.8
2025-06-12 04:21:00,51.9
2025-06-12 07:30:00,19.5
2025-06-12 00:57:00,49.953150620754265
2025-06-12 10:01:00,93.3
2025-06-12 19:55:00,56.1
2025-06-12 18:37:00,41.9
2025-06-12 23:09:00,57.1
2025-06-12 10:25:00,37.5
2025-06-12 08:02:00,53.4
2025-06-12 03:30:00,20.0
2025-06-12 19:32:00,54.4
2025-06-12 13:35:00,74.9
2025-06-12 22:19:00,21.4
2025-06-12 15:00:00,7.7
2025-06-12 07:10:00,57.7
2025-06-12 14:31:00,53.1
2025-06-12 16:59:00,14.9
2025-06-12 12:57:00,49.953150620754265
2025-06-12 21:52:00,34.1
2025-06-12 06:27:00,10.2
2025-06-12 10:48:00,49.953150620754265
2025-06-12 18:24:00,52.6
2025-06-12 06:36:00,33.9
2025-06-12 06:05:00,49.953150620754265
2025-06-12 21:14:00,15.0
2025-06-12 04:06:00,42.0
2025-06-12 09:27:00,56.3
2025-06-12 19:23:00,46.0
2025-06-12 01:26:00,76.0
2025-06-12 04:12:00,68.2
2025-06-12 02:08:00,42.9
2025-06-12 12:55:00,21.2
2025-06-12 21:31:00,75.7
2025-06-12 15:38:00,49.953150620754265
2025-06-12 19:58:00,86.5
2025-06-12 14:02:00,92.6
2025-06-12 18:29:00,90.4
2025-06-12 00:28:00,77.0
2025-06-12 14:40:00,39.2
2025-06-12 13:21:00,0.6
2025-06-12 13:39:00,36.1
2025-06-12 22:23:00,79.8
2025-06-12 16:35:00,8.7
2025-06-12 20:28:00,49.953150620754265
2025-06-12 10:23:00,33.5
2025-06-12 01:27:00,49.953150620754265
2025-06-12 05:35:00,82.8
2025-06-12 03:51:00,41.9
2025-06-12 21:17:00,49.953150620754265
2025-06-12 06:58:00,75.0
2025-06-12 09:48:00,53.9
2025-06-12 21:25:00,49.953150620754265
2025-06-12 06:09:00,86.5
2025-06-12 20:23:00,56.1
2025-06-12 12:19:00,76.2
2025-06-12 11:53:00,59.8
2025-06-12 14:21:00,19.8
2025-06-12 17:22:00,93.2
2025-06-12 22:58:00,92.5
2025-06-12 00:39:00,50.1
2025-06-12 13:14:00,8.9
2025-06-12 01:11:00,66.1
2025-06-12 02:44:00,25.7
2025-06-12 14:36:00,77.6
2025-06-12 22:43:00,49.953150620754265
2025-06-12 20:52:00,89.9
2025-06-12 04:47:00,49.953150620754265
2025-06-12 02:10:00,80.1
2025-06-12 05:42:00,49.953150620754265
2025-06-12 11:32:00,2.2
2025-06-12 07:26:00,8.2
2025-06-12 02:03:00,49.953150620754265
2025-06-12 05:15:00,26.4
2025-06-12 10:42:00,10.3
2025-06-12 04:08:00,73.0
2025-06-12 09:15:00,54.8
2025-06-12 15:13:00,52.6
2025-06-12 09:22:00,97.6
2025-06-12 05:08:00,76.9
2025-06-12 05:43:00,34.3
2025-06-12 18:18:00,55.8
2025-06-12 22:09:00,63.3
2025-06-12 16:40:00,49.953150620754265
2025-06-12 14:49:00,49.953150620754265
2025-06-12 19:19:00,15.4
2025-06-12 19:28:00,91.1
2025-06-12 03:52:00,6.9
2025-06-12 10:56:00,13.8
2025-06-12 05:30:00,28.1
2025-06-12 09:52:00,13.3
2025-06-12 01:04:00,49.953150620754265
2025-06-12 06:57:00,2.5
2025-06-12 02:17:00,49.953150620754265
2025-06-12 07:16:00,64.4
2025-06-12 14:24:00,79.8
2025-06-12 04:29:00,93.3
2025-06-12 07:22:00,40.3
2025-06-12 11:13:00,79.8
2025-06-12 17:45:00,77.7
2025-06-12 13:55:00,61.7
2025-06-12 04:30:00,52.1
2025-06-12 04:15:00,49.953150620754265
2025-06-12 04:38:00,69.0
2025-06-12 23:28:00,74.8
2025-06-12 05:47:00,46.2
2025-06-12 02:42:00,27.6
2025-06-12 17:26:00,93.9
2025-06-12 07:56:00,14.5
2025-06-12 14:25:00,9.2
2025-06-12 06:53:00,27.1
2025-06-12 01:18:00,9.7
2025-06-12 07:13:00,49.953150620754265
2025-06-12 05:37:00,16.9
2025-06-12 21:49:00,16.5
2025-06-12 19:34:00,83.0
2025-06-12 06:42:00,49.953150620754265
2025-06-12 14:28:00,19.5
2025-06-12 02:34:00,21.5
2025-06-12 07:20:00,1.1
2025-06-12 03:11:00,74.8
2025-06-12 08:47:00,1.7
2025-06-12 16:57:00,59.3
2025-06-12 00:18:00,20.1
2025-06-12 23:15:00,49.58899212042808
2025-06-12 17:14:00,6.3
2025-06-12 00:09:00,49.58899212042808
2025-06-12 17:55:00,45.9
2025-06-12 21:38:00,73.6
2025-06-12 09:18:00,34.0
2025-06-12 05:12:00,40.6
2025-06-12 13:03:00,3.4
2025-06-12 03:36:00,5.0
2025-06-12 00:20:00,39.7
2025-06-12 06:29:00,49.58899212042808
2025-06-12 12:00:00,26.4
2025-06-12 02:58:00,74.1
2025-06-12 06:45:00,10.0
2025-06-12 20:26:00,29.6
2025-06-12 04:43:00,87.2
2025-06-12 03:27:00,49.9
2025-06-12 09:48:00,63.1
2025-06-12 19:00:00,49.58899212042808
2025-06-12 01:33:00,29.5
2025-06-12 18:25:00,49.58899212042808
2025-06-12 08:02:00,25.1
2025-06-12 02:54:00,65.6
2025-06-12 11:38:00,6.3
2025-06-12 02:40:00,81.1
2025-06-12 04:30:00,67.9
2025-06-12 10:24:00,49.58899212042808
2025-06-12 13:55:00,24.8
2025-06-12 08:47:00,49.58899212042808
2025-06-12 01:37:00,43.6
2025-06-12 09:08:00,7.0
2025-06-12 23:50:00,98.5
2025-06-12 19:56:00,98.4
2025-06-12 01:47:00,76.6
2025-06-12 13:12:00,39.6
2025-06-12 18:08:00,45.6
2025-06-12 11:06:00,38.5
2025-06-12 14:38:00,49.58899212042808
2025-06-12 22:50:00,9.3
2025-06-12 08:30:00,65.5
2025-06-12 01:53:00,49.58899212042808
2025-06-12 00:55:00,57.1
2025-06-12 23:33:00,71.5
2025-06-12 11:24:00,73.9
2025-06-12 15:09:00,85.2
2025-06-12 17:30:00,21.9
2025-06-12 01:23:00,35.9
2025-06-12 20:01:00,72.9
2025-06-12 07:33:00,15.5
2025-06-12 05:09:00,49.58899212042808
2025-06-12 06:52:00,11.4
2025-06-12 08:16:00,59.4
2025-06-12 16:35:00,49.58899212042808
2025-06-12 09:14:00,50.9
2025-06-12 23:09:00,47.7
2025-06-12 10:49:00,74.3
2025-06-12 09:33:00,31.8
2025-06-12 07:54:00,80.8
2025-06-12 08:39:00,34.1
2025-06-12 02:03:00,72.7
2025-06-12 18:33:00,70.1
2025-06-12 10:20:00,91.6
2025-06-12 10:27:00,86.6
2025-06-12 06:56:00,68.2
2025-06-12 11:33:00,40.8
2025-06-12 07:12:00,45.9
2025-06-12 05:28:00,52.8
2025-06-12 12:47:00,45.3
2025-06-12 01:39:00,96.5
2025-06-12 10:59:00,79.6
2025-06-12 20:45:00,19.2
2025-06-12 03:50:00,49.58899212042808
2025-06-12 14:37:00,44.3
2025-06-12 11:07:00,49.58899212042808
2025-06-12 01:55:00,99.3
2025-06-12 10:02:00,85.0
2025-06-12 07:19:00,81.1
2025-06-12 00:57:00,83.6
2025-06-12 10:46:00,53.9
2025-06-12 09:30:00,49.8
2025-06-12 15:32:00,83.5
2025-06-12 01:50:00,32.4
2025-06-12 11:35:00,20.6
2025-06-12 07:29:00,44.1
2025-06-12 22:47:00,97.8
2025-06-12 23:19:00,24.4
2025-06-12 09:02:00,42.5
2025-06-12 19:47:00,49.58899212042808
2025-06-12 17:11:00,49.58899212042808
2025-06-12 01:38:00,8.7
2025-06-12 02:09:00,3.9
2025-06-12 06:08:00,61.2
2025-06-12 08:53:00,49.58899212042808
2025-06-12 18:19:00,99.6
2025-06-12 16:55:00,25.2
2025-06-12 23:45:00,24.8
2025-06-12 17:33:00,20.4
2025-06-12 21:51:00,66.4
2025-06-12 23:38:00,49.58899212042808
2025-06-12 14:05:00,68.2
2025-06-12 20:05:00,49.58899212042808
2025-06-12 16:30:00,84.5
2025-06-12 16:03:00,32.6
2025-06-12 04:50:00,12.4
2025-06-12 08:09:00,26.4
2025-06-12 22:07:00,49.58899212042808
2025-06-12 04:42:00,30.2
2025-06-12 08:00:00,36.5
2025-06-12 09:22:00,99.7
2025-06-12 17:37:00,28.7
2025-06-12 21:58:00,68.8
2025-06-12 20:37:00,35.6
2025-06-12 21:07:00,66.9
2025-06-12 09:39:00,74.8
2025-06-12 18:32:00,86.5
2025-06-12 13:18:00,29.1
2025-06-12 06:42:00,89.9
2025-06-12 17:04:00,76.8
2025-06-12 01:15:00,16.2
2025-06-12 07:59:00,59.5
2025-06-12 08:20:00,21.5
2025-06-12 04:49:00,74.5
2025-06-12 09:44:00,34.4
2025-06-12 00:25:00,76.6
2025-06-12 01:24:00,49.58899212042808
2025-06-12 00:59:00,49.58899212042808
2025-06-12 18:05:00,1.1
2025-06-12 21:19:00,49.58899212042808
2025-06-12 18:26:00,73.1
2025-06-12 07:24:00,62.0
2025-06-12 14:15:00,18.4
2025-06-12 14:49:00,0.1
2025-06-12 04:06:00,71.7
2025-06-12 11:55:00,49.0
2025-06-12 16:17:00,84.5
2025-06-12 16:41:00,57.5
2025-06-12 06:19:00,43.6
2025-06-12 18:47:00,97.1
2025-06-12 14:43:00,28.9
2025-06-12 13:48:00,11.8
2025-06-12 16:13:00,78.6
2025-06-12 23:12:00,49.58899212042808
2025-06-12 23:55:00,48.9
2025-06-12 17:42:00,17.5
2025-06-12 19:38:00,75.4
2025-06-12 05:13:00,58.5
2025-06-12 19:03:00,95.1
2025-06-12 16:40:00,55.3
2025-06-12 21:42:00,46.2
2025-06-12 23:35:00,40.1
2025-06-12 19:43:00,35.2
2025-06-12 09:40:00,16.6
2025-06-12 17:47:00,51.6
2025-06-12 14:29:00,96.0
2025-06-12 22:36:00,49.58899212042808
2025-06-12 14:33:00,12.8
2025-06-12 10:04:00,79.5
2025-06-12 07:50:00,80.0
2025-06-12 12:07:00,93.2
2025-06-12 04:58:00,49.58899212042808
2025-06-12 22:03:00,28.6
2025-06-12 03:16:00,19.6
2025-06-12 23:08:00,83.8
2025-06-12 15:08:00,89.9
2025-06-12 16:20:00,57.5
2025-06-12 02:07:00,86.4
2025-06-12 20:39:00,71.8
2025-06-12 02:06:00,6.9
2025-06-12 13:21:00,62.8
2025-06-12 20:12:00,92.2
2025-06-12 17:05:00,37.2
2025-06-12 07:04:00,51.6
2025-06-12 18:20:00,13.0
2025-06-12 17:06:00,71.8
2025-06-12 02:57:00,58.7
2025-06-12 18:13:00,49.58899212042808
2025-06-12 08:55:00,97.3
2025-06-12 07:49:00,88.5
2025-06-12 12:33:00,75.6
2025-06-12 23:00:00,49.58899212042808
2025-06-12 17:51:00,37.0
2025-06-12 22:14:00,63.9
2025-06-12 21:35:00,11.1
2025-06-12 05:03:00,33.9
2025-06-12 17:15:00,22.1
2025-06-12 21:28:00,49.58899212042808
2025-06-12 14:22:00,68.8
2025-06-12 10:00:00,47.7
2025-06-12 13:37:00,93.9
2025-06-12 01:20:00,20.2
2025-06-12 22:41:00,92.4
2025-06-12 08:40:00,3.4
2025-06-12 05:53:00,27.6
2025-06-12 16:37:00,64.8
2025-06-12 11:49:00,96.7
2025-06-12 10:52:00,100.0
2025-06-12 03:37:00,49.58899212042808
2025-06-12 23:27:00,49.58899212042808
2025-06-12 03:07:00,35.2
2025-06-12 21:23:00,1.9
2025-06-12 16:51:00,7.0
2025-06-12 18:39:00,81.2
2025-06-12 23:51:00,9.3
2025-06-12 00:17:00,82.2
2025-06-12 14:40:00,19.0
2025-06-12 02:36:00,93.4
2025-06-12 07:42:00,49.58899212042808
2025-06-12 07:20:00,6.8
2025-06-12 19:08:00,22.9
2025-06-12 16:43:00,84.2
2025-06-12 17:08:00,3.2
2025-06-12 16:42:00,45.4
2025-06-12 07:41:00,23.6
2025-06-12 18:48:00,72.3
2025-06-12 06:39:00,52.8
2025-06-12 01:58:00,78.8
2025-06-12 18:53:00,30.3
2025-06-12 07:37:00,95.2
2025-06-12 17:50:00,49.58899212042808
2025-06-12 15:51:00,25.8
2025-06-12 04:32:00,41.7
2025-06-12 03:19:00,48.1
2025-06-12 23:53:00,56.1
2025-06-12 07:56:00,98.8
2025-06-12 06:02:00,25.8
2025-06-12 21:26:00,55.5
2025-06-12 15:07:00,49.58899212042808
2025-06-12 02:41:00,53.1
2025-06-12 12:34:00,49.58899212042808
2025-06-12 00:28:00,40.6
2025-06-12 13:01:00,16.9
2025-06-12 12:05:00,49.58899212042808
2025-06-12 01:51:00,97.5
2025-06-12 04:51:00,35.8
2025-06-12 15:19:00,70.6
2025-06-12 01:30:00,49.58899212042808
2025-06-12 05:10:00,60.8
2025-06-12 19:10:00,12.0
2025-06-12 00:29:00,95.7
2025-06-12 05:57:00,46.5
2025-06-12 23:11:00,7.3
2025-06-12 21:37:00,61.8
2025-06-12 23:04:00,15.9
2025-06-12 17:02:00,41.9
2025-06-12 19:54:00,67.6
2025-06-12 00:31:00,89.9
2025-06-12 19:11:00,49.58899212042808
2025-06-12 04:04:00,97.8
2025-06-12 18:04:00,83.1
2025-06-12 03:05:00,49.58899212042808
2025-06-12 03:22:00,70.7
2025-06-12 03:46:00,32.5
2025-06-12 04:33:00,96.3
2025-06-12 01:21:00,23.1
2025-06-12 11:15:00,43.0
2025-06-12 01:28:00,23.5
2025-06-12 21:36:00,49.58899212042808
2025-06-12 20:50:00,65.8
2025-06-12 02:21:00,73.2
2025-06-12 02:25:00,85.9
2025-06-12 02:42:00,73.9
2025-06-12 19:53:00,97.3
2025-06-12 02:08:00,4.0
2025-06-12 23:25:00,49.2
2025-06-12 21:53:00,20.2
2025-06-12 02:23:00,21.7
2025-06-12 22:05:00,65.5
2025-06-12 20:27:00,16.3
2025-06-12 08:35:00,26.7
2025-06-12 13:00:00,89.8
2025-06-12 06:41:00,11.1
2025-06-12 11:31:00,33.7
2025-06-12 10:41:00,92.7
2025-06-12 22:51:00,49.1
2025-06-12 00:10:00,86.9
2025-06-12 13:22:00,66.0
2025-06-12 03:38:00,49.58899212042808
2025-06-12 20:42:00,49.58899212042808
2025-06-12 00:14:00,26.7
2025-06-12 04:16:00,79.3
2025-06-12 19:20:00,67.8
2025-06-12 13:31:00,79.9
2025-06-12 21:15:00,74.1
2025-06-12 19:39:00,38.7
2025-06-12 10:47:00,49.58899212042808
2025-06-12 01:11:00,60.7
2025-06-12 05:56:00,81.7
2025-06-12 04:26:00,69.3
2025-06-12 11:26:00,32.2
2025-06-12 06:27:00,47.8
2025-06-12 22:42:00,25.1
2025-06-12 12:46:00,26.2
2025-06-12 22:24:00,23.3
2025-06-12 21:01:00,47.7
2025-06-12 13:39:00,15.8
2025-06-12 20:33:00,14.5
2025-06-12 06:49:00,59.2
2025-06-12 00:41:00,7.1
2025-06-12 23:34:00,92.0
2025-06-12 00:39:00,58.1
2025-06-12 21:52:00,89.0
2025-06-12 00:12:00,67.3
2025-06-12 17:40:00,66.2
2025-06-12 21:40:00,37.9
2025-06-12 19:02:00,93.4
2025-06-12 08:28:00,90.6
2025-06-12 01:07:00,42.4
2025-06-12 08:06:00,86.4
2025-06-12 08:44:00,56.0
2025-06-12 11:42:00,70.3
2025-06-12 06:06:00,83.3
2025-06-12 00:34:00,54.6
2025-06-12 06:05:00,87.9
2025-06-12 02:16:00,20.6
2025-06-12 03:29:00,91.8
2025-06-12 05:58:00,49.58899212042808
2025-06-12 19:36:00,24.2
2025-06-12 23:56:00,56.7
2025-06-12 10:21:00,24.5
2025-06-12 07:08:00,0.2
2025-06-12 19:50:00,61.0
2025-06-12 03:02:00,21.2
2025-06-12 07:05:00,58.2
2025-06-12 20:58:00,88.1
2025-06-12 05:05:00,12.3
2025-06-12 09:49:00,50.2977004785806
2025-06-12 15:19:00,60.3
2025-06-12 14:30:00,71.4
2025-06-12 00:44:00,37.2
2025-06-12 21:24:00,37.9
2025-06-12 01:49:00,24.3
2025-06-12 23:46:00,60.7
2025-06-12 12:56:00,81.2
2025-06-12 21:52:00,65.8
2025-06-12 18:40:00,41.7
2025-06-12 05:08:00,37.0
2025-06-12 08:39:00,89.5
2025-06-12 02:27:00,97.8
2025-06-12 08:45:00,50.2977004785806
2025-06-12 10:38:00,20.6
2025-06-12 00:29:00,60.8
2025-06-12 10:57:00,17.7
2025-06-12 10:14:00,55.6
2025-06-12 23:44:00,80.5
2025-06-12 14:59:00,64.8
2025-06-12 22:53:00,45.3
2025-06-12 14:22:00,34.5
2025-06-12 19:23:00,60.2
2025-06-12 15:24:00,17.9
2025-06-12 05:00:00,22.8
2025-06-12 21:08:00,33.8
2025-06-12 11:15:00,75.4
2025-06-12 22:48:00,50.2977004785806
2025-06-12 09:56:00,50.2977004785806
2025-06-12 00:18:00,94.5
2025-06-12 22:17:00,68.7
2025-06-12 06:22:00,17.0
2025-06-12 21:55:00,61.4
2025-06-12 12:36:00,56.8
2025-06-12 18:51:00,50.2977004785806
2025-06-12 21:54:00,50.2977004785806
2025-06-12 23:49:00,28.2
2025-06-12 18:06:00,64.0
2025-06-12 22:46:00,55.5
2025-06-12 16:14:00,50.2977004785806
2025-06-12 05:20:00,77.9
2025-06-12 12:48:00,62.6
2025-06-12 03:07:00,10.8
2025-06-12 09:10:00,57.0
2025-06-12 13:07:00,72.6
2025-06-12 02:04:00,31.9
2025-06-12 09:44:00,66.7
2025-06-12 09:42:00,80.1
2025-06-12 16:13:00,50.2977004785806
2025-06-12 19:49:00,35.2
2025-06-12 21:06:00,30.3
2025-06-12 08:43:00,20.4
2025-06-12 05:10:00,41.0
2025-06-12 05:09:00,46.6
2025-06-12 14:51:00,1.5
2025-06-12 14:09:00,32.1
2025-06-12 18:00:00,92.7
2025-06-12 20:05:00,18.7
2025-06-12 20:09:00,26.0
2025-06-12 08:13:00,49.8
2025-06-12 12:34:00,92.7
2025-06-12 23:10:00,50.2977004785806
2025-06-12 02:43:00,32.6
2025-06-12 01:19:00,74.6
2025-06-12 06:55:00,51.9
2025-06-12 08:35:00,99.8
2025-06-12 01:46:00,80.6
2025-06-12 03:37:00,65.8
2025-06-12 06:18:00,35.0
2025-06-12 19:31:00,2.6
2025-06-12 10:15:00,88.6
2025-06-12 12:17:00,50.3
2025-06-12 19:41:00,71.4
2025-06-12 13:09:00,11.7
2025-06-12 02:44:00,20.4
2025-06-12 21:16:00,98.7
2025-06-12 17:04:00,10.7
2025-06-12 07:14:00,71.1
2025-06-12 09:40:00,50.2977004785806
2025-06-12 14:10:00,64.3
2025-06-12 17:53:00,50.2977004785806
2025-06-12 19:30:00,39.9
2025-06-12 20:02:00,92.7
2025-06-12 03:09:00,21.3
2025-06-12 01:05:00,94.6
2025-06-12 02:48:00,66.6
2025-06-12 18:32:00,38.6
2025-06-12 13:12:00,50.9
2025-06-12 06:59:00,1.1
2025-06-12 16:41:00,19.1
2025-06-12 14:17:00,65.3
2025-06-12 09:07:00,50.2977004785806
2025-06-12 10:46:00,38.0
2025-06-12 00:55:00,85.1
2025-06-12 20:44:00,1.8
2025-06-12 09:33:00,18.5
2025-06-12 09:54:00,61.9
2025-06-12 00:00:00,50.2977004785806
2025-06-12 12:35:00,77.8
2025-06-12 04:58:00,97.0
2025-06-12 12:06:00,69.1
2025-06-12 12:54:00,50.2977004785806
2025-06-12 03:46:00,60.9
2025-06-12 11:57:00,99.1
2025-06-12 10:20:00,35.1
2025-06-12 18:14:00,2.1
2025-06-12 03:16:00,11.8
2025-06-12 03:28:00,66.5
2025-06-12 07:26:00,2.7
2025-06-12 02:58:00,73.0
2025-06-12 08:12:00,29.4
2025-06-12 16:34:00,82.3
2025-06-12 11:01:00,50.2977004785806
2025-06-12 18:49:00,93.3
2025-06-12 03:36:00,29.8
2025-06-12 03:13:00,62.7
2025-06-12 06:20:00,50.2977004785806
2025-06-12 02:22:00,13.6
2025-06-12 06:23:00,64.7
2025-06-12 14:41:00,93.8
2025-06-12 01:29:00,10.5
2025-06-12 21:09:00,11.9
2025-06-12 11:05:00,73.9
2025-06-12 19:06:00,27.2
2025-06-12 23:03:00,9.9
2025-06-12 17:00:00,43.2
2025-06-12 04:30:00,0.4
2025-06-12 22:12:00,40.1
2025-06-12 00:42:00,28.9
2025-06-12 07:42:00,37.2
2025-06-12 18:57:00,47.5
2025-06-12 00:51:00,50.2977004785806
2025-06-12 06:57:00,16.9
2025-06-12 12:52:00,51.7
2025-06-12 00:20:00,73.5
2025-06-12 06:53:00,89.0
2025-06-12 06:40:00,62.7
2025-06-12 23:14:00,98.2
2025-06-12 15:12:00,82.6
2025-06-12 17:01:00,25.6
2025-06-12 21:58:00,10.2
2025-06-12 12:02:00,98.5
2025-06-12 16:31:00,34.5
2025-06-12 02:36:00,70.3
2025-06-12 19:48:00,70.9
2025-06-12 04:41:00,32.0
2025-06-12 03:03:00,90.8
2025-06-12 17:33:00,14.5
2025-06-12 16:39:00,98.2
2025-06-12 02:05:00,19.6
2025-06-12 01:22:00,68.6
2025-06-12 13:05:00,11.4
2025-06-12 09:09:00,36.6
2025-06-12 19:22:00,11.8
2025-06-12 20:34:00,61.4
2025-06-12 11:18:00,61.8
2025-06-12 16:47:00,35.2
2025-06-12 10:07:00,90.4
2025-06-12 13:42:00,99.7
2025-06-12 16:04:00,3.8
2025-06-12 06:10:00,95.0
2025-06-12 15:11:00,96.1
2025-06-12 21:10:00,50.2977004785806
2025-06-12 15:02:00,65.0
2025-06-12 09:22:00,9.7
2025-06-12 23:39:00,50.2977004785806
2025-06-12 03:32:00,50.2977004785806
2025-06-12 23:57:00,91.6
2025-06-12 10:06:00,79.8
2025-06-12 04:50:00,65.9
2025-06-12 00:49:00,58.6
2025-06-12 22:02:00,98.2
2025-06-12 15:47:00,92.5
2025-06-12 00:19:00,13.2
2025-06-12 09:00:00,68.7
2025-06-12 01:54:00,54.2
2025-06-12 09:32:00,50.2977004785806
2025-06-12 22:07:00,50.2977004785806
2025-06-12 23:28:00,7.4
2025-06-12 22:41:00,78.2
2025-06-12 14:52:00,84.0
2025-06-12 03:04:00,37.7
2025-06-12 18:21:00,93.6
2025-06-12 13:44:00,16.3
2025-06-12 21:15:00,5.0
2025-06-12 14:11:00,21.0
2025-06-12 23:22:00,30.1
2025-06-12 17:24:00,4.9
2025-06-12 08:16:00,72.6
2025-06-12 04:22:00,50.2977004785806
2025-06-12 21:50:00,59.0
2025-06-12 12:28:00,61.4
2025-06-12 06:45:00,50.2977004785806
2025-06-12 15:21:00,58.8
2025-06-12 11:47:00,50.2977004785806
2025-06-12 17:22:00,82.4
2025-06-12 17:36:00,57.6
2025-06-12 03:14:00,48.4
2025-06-12 20:15:00,23.8
2025-06-12 00:40:00,47.2
2025-06-12 01:12:00,95.2
2025-06-12 15:22:00,65.8
2025-06-12 16:54:00,94.8
2025-06-12 00:13:00,14.4
2025-06-12 10:51:00,11.1
2025-06-12 22:20:00,96.1
2025-06-12 05:19:00,36.6
2025-06-12 13:27:00,30.3
2025-06-12 13:21:00,50.2977004785806
2025-06-12 03:43:00,50.2977004785806
2025-06-12 06:11:00,91.2
2025-06-12 19:19:00,6.0
2025-06-12 16:23:00,26.6
2025-06-12 08:10:00,40.1
2025-06-12 00:04:00,28.5
2025-06-12 07:04:00,45.3
2025-06-12 01:47:00,73.1
2025-06-12 08:05:00,50.2977004785806
2025-06-12 08:06:00,50.2977004785806
2025-06-12 07:20:00,97.8
2025-06-12 16:46:00,14.8
2025-06-12 15:48:00,73.8
2025-06-12 02:32:00,75.4
2025-06-12 01:25:00,8.1
2025-06-12 06:33:00,0.6
2025-06-12 06:08:00,69.5
2025-06-12 07:51:00,2.7
2025-06-12 23:24:00,98.4
2025-06-12 16:01:00,50.2977004785806
2025-06-12 04:21:00,82.1
2025-06-12 20:43:00,76.2
2025-06-12 12:41:00,6.3
2025-06-12 09:38:00,12.9
2025-06-12 00:59:00,12.5
2025-06-12 17:15:00,50.2977004785806
2025-06-12 00:35:00,73.4
2025-06-12 12:26:00,52.8
2025-06-12 21:37:00,50.2977004785806
2025-06-12 06:35:00,50.2977004785806
2025-06-12 19:58:00,40.1
2025-06-12 11:20:00,22.1
2025-06-12 21:19:00,58.6
2025-06-12 09:03:00,94.8
2025-06-12 01:59:00,30.6
2025-06-12 13:16:00,50.2977004785806
2025-06-12 18:48:00,28.9
2025-06-12 17:21:00,83.5
2025-06-12 00:33:00,97.6
2025-06-12 06:19:00,32.9
2025-06-12 23:55:00,15.2
2025-06-12 15:15:00,75.8
2025-06-12 12:05:00,60.7
2025-06-12 02:38:00,14.5
2025-06-12 21:39:00,50.2977004785806
2025-06-12 12:16:00,8.7
2025-06-12 21:04:00,69.4
2025-06-12 13:15:00,79.3
2025-06-12 22:28:00,43.3
2025-06-12 04:12:00,39.0
2025-06-12 16:37:00,92.4
2025-06-12 20:56:00,98.2
2025-06-12 23:32:00,50.2977004785806
2025-06-12 20:37:00,94.3
2025-06-12 02:35:00,2.2
2025-06-12 07:15:00,80.1
2025-06-12 03:38:00,75.4
2025-06-12 00:57:00,51.2
2025-06-12 19:57:00,14.5
2025-06-12 11:03:00,55.7
2025-06-12 18:44:00,81.5
2025-06-12 00:53:00,25.9
2025-06-12 13:06:00,74.6
2025-06-12 11:30:00,5.0
2025-06-12 07:31:00,17.7
2025-06-12 00:28:00,3.1
2025-06-12 20:40:00,76.5
2025-06-12 21:26:00,50.2977004785806
2025-06-12 11:25:00,28.7
2025-06-12 07:19:00,50.2977004785806
2025-06-12 14:16:00,43.3
2025-06-12 21:46:00,8.8
2025-06-12 02:07:00,28.1
2025-06-12 02:19:00,16.4
2025-06-12 07:00:00,50.2977004785806
2025-06-12 17:08:00,24.2
2025-06-12 17:40:00,8.9
2025-06-12 22:30:00,13.1
2025-06-12 08:24:00,60.1
2025-06-12 08:46:00,22.0
2025-06-12 13:08:00,50.2977004785806
2025-06-12 18:24:00,48.0
2025-06-12 07:23:00,50.2977004785806
2025-06-12 02:26:00,18.3
2025-06-12 13:23:00,32.8
2025-06-12 09:30:00,46.7
2025-06-12 10:22:00,92.7
2025-06-12 03:57:00,50.2977004785806
2025-06-12 01:04:00,49.82536769031651
2025-06-12 08:03:00,86.6
2025-06-12 21:08:00,9.3
2025-06-12 10:01:00,89.9
2025-06-12 20:53:00,2.3
2025-06-12 18:15:00,51.9
2025-06-12 05:11:00,54.0
2025-06-12 18:18:00,50.1
2025-06-12 12:01:00,59.9
2025-06-12 14:50:00,60.9
2025-06-12 08:19:00,70.1
2025-06-12 09:58:00,49.82536769031651
2025-06-12 01:46:00,58.9
2025-06-12 02:01:00,87.5
2025-06-12 01:59:00,33.7
2025-06-12 01:09:00,98.8
2025-06-12 23:35:00,49.82536769031651
2025-06-12 21:53:00,43.0
2025-06-12 02:39:00,34.7
2025-06-12 13:13:00,77.7
2025-06-12 18:52:00,47.0
2025-06-12 16:39:00,49.82536769031651
2025-06-12 18:51:00,78.7
2025-06-12 12:11:00,40.4
2025-06-12 09:55:00,62.2
2025-06-12 13:19:00,44.2
2025-06-12 07:51:00,86.9
2025-06-12 19:32:00,41.1
2025-06-12 10:59:00,49.82536769031651
2025-06-12 08:21:00,62.2
2025-06-12 05:01:00,92.3
2025-06-12 03:50:00,0.8
2025-06-12 07:53:00,66.3
2025-06-12 11:08:00,87.4
2025-06-12 07:02:00,18.9
2025-06-12 03:25:00,49.82536769031651
2025-06-12 23:22:00,74.3
2025-06-12 19:00:00,13.8
2025-06-12 06:07:00,40.1
2025-06-12 12:40:00,72.8
2025-06-12 18:50:00,47.2
2025-06-12 04:30:00,8.2
2025-06-12 06:03:00,83.3
2025-06-12 02:19:00,49.82536769031651
2025-06-12 10:13:00,12.8
2025-06-12 18:34:00,55.9
2025-06-12 15:01:00,49.82536769031651
2025-06-12 02:05:00,34.6
2025-06-12 18:20:00,52.2
2025-06-12 21:39:00,64.6
2025-06-12 20:39:00,25.3
2025-06-12 21:12:00,44.3
2025-06-12 08:53:00,98.9
2025-06-12 18:43:00,81.4
2025-06-12 15:21:00,44.3
2025-06-12 05:39:00,93.5
2025-06-12 14:13:00,7.3
2025-06-12 15:17:00,88.7
2025-06-12 07:18:00,14.8
2025-06-12 20:27:00,26.1
2025-06-12 12:02:00,5.1
2025-06-12 08:34:00,88.8
2025-06-12 01:37:00,49.82536769031651
2025-06-12 21:42:00,49.82536769031651
2025-06-12 10:09:00,1.8
2025-06-12 23:02:00,77.6
2025-06-12 00:38:00,7.4
2025-06-12 23:04:00,15.8
2025-06-12 08:20:00,70.7
2025-06-12 09:53:00,58.7
2025-06-12 12:39:00,89.3
2025-06-12 14:07:00,82.9
2025-06-12 13:08:00,17.0
2025-06-12 09:03:00,62.1
2025-06-12 14:25:00,82.8
2025-06-12 07:30:00,54.8
2025-06-12 05:19:00,47.2
2025-06-12 22:34:00,11.6
2025-06-12 01:12:00,49.82536769031651
2025-06-12 03:17:00,81.2
2025-06-12 23:56:00,40.2
2025-06-12 08:51:00,34.2
2025-06-12 19:22:00,55.0
2025-06-12 00:10:00,3.5
2025-06-12 17:42:00,19.8
2025-06-12 09:48:00,78.8
2025-06-12 05:36:00,37.3
2025-06-12 05:46:00,52.1
2025-06-12 22:57:00,96.0
2025-06-12 15:56:00,90.6
2025-06-12 02:13:00,21.1
2025-06-12 01:18:00,83.8
2025-06-12 21:54:00,64.3
2025-06-12 09:15:00,72.5
2025-06-12 05:47:00,86.2
2025-06-12 16:24:00,12.0
2025-06-12 20:16:00,49.82536769031651
2025-06-12 23:16:00,21.4
2025-06-12 14:01:00,38.5
2025-06-12 08:35:00,7.3
2025-06-12 01:10:00,91.6
2025-06-12 12:29:00,2.5
2025-06-12 00:44:00,8.4
2025-06-12 04:28:00,68.4
2025-06-12 01:50:00,53.0
2025-06-12 07:22:00,49.82536769031651
2025-06-12 19:31:00,36.8
2025-06-12 18:59:00,49.82536769031651
2025-06-12 16:31:00,49.82536769031651
2025-06-12 16:32:00,30.5
2025-06-12 08:18:00,89.1
2025-06-12 11:19:00,47.8
2025-06-12 23:28:00,76.6
2025-06-12 05:57:00,1.5
2025-06-12 20:08:00,49.82536769031651
2025-06-12 21:55:00,4.0
2025-06-12 00:01:00,35.4
2025-06-12 00:24:00,65.9
2025-06-12 13:49:00,49.82536769031651
2025-06-12 08:44:00,16.5
2025-06-12 20:44:00,49.82536769031651
2025-06-12 10:23:00,77.0
2025-06-12 09:16:00,67.1
2025-06-12 00:18:00,51.9
2025-06-12 15:16:00,22.9
2025-06-12 18:57:00,13.4
2025-06-12 22:55:00,38.1
2025-06-12 09:13:00,97.3
2025-06-12 07:41:00,92.9
2025-06-12 01:35:00,61.6
2025-06-12 16:55:00,49.82536769031651
2025-06-12 16:04:00,42.2
2025-06-12 14:48:00,4.5
2025-06-12 08:40:00,65.0
2025-06-12 22:16:00,67.6
2025-06-12 01:49:00,49.82536769031651
2025-06-12 09:46:00,2.8
2025-06-12 06:44:00,96.8
2025-06-12 03:41:00,30.4
2025-06-12 22:41:00,76.6
2025-06-12 13:46:00,92.4
2025-06-12 03:43:00,21.6
2025-06-12 22:26:00,65.4
2025-06-12 23:26:00,6.8
2025-06-12 17:16:00,49.82536769031651
2025-06-12 12:42:00,15.6
2025-06-12 19:29:00,68.9
2025-06-12 06:55:00,49.82536769031651
2025-06-12 19:25:00,68.4
2025-06-12 02:36:00,0.8
2025-06-12 05:31:00,11.5
2025-06-12 02:34:00,70.7
2025-06-12 11:26:00,60.9
2025-06-12 19:13:00,49.82536769031651
2025-06-12 04:20:00,49.82536769031651
2025-06-12 18:48:00,8.7
2025-06-12 20:07:00,59.1
2025-06-12 06:26:00,44.5
2025-06-12 16:23:00,92.8
2025-06-12 17:43:00,49.82536769031651
2025-06-12 17:17:00,31.0
2025-06-12 19:10:00,49.82536769031651
2025-06-12 23:53:00,49.82536769031651
2025-06-12 07:43:00,90.3
2025-06-12 14:57:00,98.9
2025-06-12 07:34:00,75.8
2025-06-12 08:50:00,37.6
2025-06-12 08:05:00,23.6
2025-06-12 20:12:00,75.9
2025-06-12 20:09:00,49.82536769031651
2025-06-12 15:08:00,82.6
2025-06-12 16:12:00,32.9
2025-06-12 15:12:00,37.3
2025-06-12 20:10:00,61.5
2025-06-12 19:35:00,27.4
2025-06-12 13:16:00,12.1
2025-06-12 04:00:00,40.7
2025-06-12 18:33:00,6.3
2025-06-12 06:19:00,89.3
2025-06-12 07:36:00,93.7
2025-06-12 11:48:00,49.82536769031651
2025-06-12 17:31:00,99.9
2025-06-12 22:49:00,49.82536769031651
2025-06-12 08:48:00,4.3
2025-06-12 03:57:00,75.0
2025-06-12 00:16:00,21.7
2025-06-12 09:04:00,49.82536769031651
2025-06-12 01:15:00,72.5
2025-06-12 08:27:00,96.1
2025-06-12 06:40:00,73.1
2025-06-12 14:19:00,20.4
2025-06-12 05:51:00,82.0
2025-06-12 03:21:00,44.2
2025-06-12 20:20:00,48.7
2025-06-12 06:12:00,55.4
2025-06-12 06:51:00,82.6
2025-06-12 18:38:00,18.6
2025-06-12 14:15:00,49.82536769031651
2025-06-12 21:38:00,23.6
2025-06-12 16:18:00,56.3
2025-06-12 13:41:00,95.7
2025-06-12 07:21:00,7.2
2025-06-12 22:09:00,79.5
2025-06-12 11:23:00,74.0
2025-06-12 08:33:00,52.3
2025-06-12 19:38:00,54.5
2025-06-12 02:54:00,4.0
2025-06-12 19:21:00,74.5
2025-06-12 02:08:00,46.5
2025-06-12 10:35:00,14.2
2025-06-12 12:00:00,96.4
2025-06-12 03:18:00,29.5
2025-06-12 04:38:00,40.9
2025-06-12 15:51:00,93.3
2025-06-12 00:09:00,96.1
2025-06-12 17:32:00,65.6
2025-06-12 18:46:00,74.3
2025-06-12 00:03:00,35.7
2025-06-12 16:33:00,49.0
2025-06-12 05:14:00,77.2
2025-06-12 14:23:00,84.2
2025-06-12 11:49:00,73.3
2025-06-12 11:45:00,3.5
2025-06-12 17:05:00,89.3
2025-06-12 01:26:00,50.9
2025-06-12 16:28:00,7.7
2025-06-12 13:47:00,45.7
2025-06-12 12:35:00,19.2
2025-06-12 08:41:00,19.6
2025-06-12 22:32:00,49.82536769031651
2025-06-12 15:59:00,49.82536769031651
2025-06-12 11:07:00,5.8
2025-06-12 07:55:00,39.3
2025-06-12 17:56:00,37.7
2025-06-12 00:55:00,75.8
2025-06-12 10:29:00,71.9
2025-06-12 12:44:00,49.3
2025-06-12 22:06:00,95.4
2025-06-12 12:08:00,27.3
2025-06-12 03:38:00,58.4
2025-06-12 18:08:00,24.0
2025-06-12 11:28:00,18.4
2025-06-12 17:20:00,61.3
2025-06-12 09:28:00,49.82536769031651
2025-06-12 11:58:00,76.0
2025-06-12 15:54:00,45.4
2025-06-12 03:19:00,49.82536769031651
2025-06-12 11:22:00,85.0
2025-06-12 09:25:00,32.5
2025-06-12 08:54:00,62.0
2025-06-12 03:26:00,59.5
2025-06-12 10:25:00,76.4
2025-06-12 08:28:00,93.9
2025-06-12 14:43:00,32.4
2025-06-12 01:19:00,48.7
2025-06-12 19:47:00,34.2
2025-06-12 17:06:00,82.8
2025-06-12 04:02:00,49.82536769031651
2025-06-12 07:56:00,6.3
2025-06-12 11:54:00,32.6
2025-06-12 22:19:00,26.7
2025-06-12 08:36:00,27.2
2025-06-12 12:47:00,38.2
2025-06-12 13:22:00,81.9
2025-06-12 21:17:00,93.8
2025-06-12 16:08:00,92.7
2025-06-12 12:45:00,97.3
2025-06-12 10:45:00,75.8
2025-06-12 10:07:00,75.5
2025-06-12 14:31:00,25.0
2025-06-12 14:32:00,73.7
2025-06-12 07:15:00,90.3
2025-06-12 20:41:00,84.1
2025-06-12 05:55:00,36.1
2025-06-12 05:58:00,6.3
2025-06-12 10:14:00,98.1
2025-06-12 17:21:00,34.3
2025-06-12 12:24:00,8.0
2025-06-12 06:15:00,86.5
2025-06-12 17:23:00,67.8
2025-06-12 23:31:00,20.8
2025-06-12 02:30:00,25.9
2025-06-12 04:35:00,71.6
2025-06-12 04:51:00,59.9
2025-06-12 18:21:00,67.1
2025-06-12 11:01:00,77.0
2025-06-12 14:12:00,59.5
2025-06-12 23:34:00,49.82536769031651
2025-06-12 00:13:00,49.82536769031651
2025-06-12 23:38:00,94.0
2025-06-12 10:42:00,43.1
2025-06-12 23:50:00,50.7
2025-06-12 04:21:00,17.5
2025-06-12 18:41:00,98.2
2025-06-12 16:45:00,45.5
2025-06-12 03:10:00,49.82536769031651
2025-06-12 12:05:00,17.2
2025-06-12 00:46:00,35.4
2025-06-12 09:24:00,7.7
2025-06-12 23:29:00,50.10362276498773
2025-06-12 18:34:00,72.7
2025-06-12 06:39:00,60.8
2025-06-12 05:37:00,88.7
2025-06-12 13:07:00,69.3
2025-06-12 21:45:00,70.4
2025-06-12 13:32:00,81.6
2025-06-12 02:58:00,89.3
2025-06-12 01:44:00,96.6
2025-06-12 20:50:00,50.10362276498773
2025-06-12 02:30:00,7.1
2025-06-12 13:05:00,22.4
2025-06-12 14:45:00,72.6
2025-06-12 21:46:00,14.7
2025-06-12 22:33:00,81.2
2025-06-12 11:31:00,50.6
2025-06-12 00:15:00,55.6
2025-06-12 11:48:00,92.2
2025-06-12 17:35:00,50.10362276498773
2025-06-12 09:33:00,50.10362276498773
2025-06-12 07:12:00,43.1
2025-06-12 07:58:00,87.0
2025-06-12 14:51:00,82.8
2025-06-12 05:52:00,58.9
2025-06-12 06:32:00,77.1
2025-06-12 00:59:00,72.5
2025-06-12 18:17:00,4.9
2025-06-12 21:20:00,99.4
2025-06-12 19:43:00,15.8
2025-06-12 03:20:00,81.0
2025-06-12 20:35:00,23.1
2025-06-12 17:17:00,31.7
2025-06-12 09:29:00,13.8
2025-06-12 17:16:00,10.4
2025-06-12 21:47:00,50.10362276498773
2025-06-12 08:45:00,50.10362276498773
2025-06-12 10:04:00,15.0
2025-06-12 16:18:00,85.8
2025-06-12 09:45:00,92.4
2025-06-12 04:07:00,46.1
2025-06-12 07:29:00,54.2
2025-06-12 12:45:00,51.7
2025-06-12 08:10:00,50.10362276498773
2025-06-12 17:02:00,78.3
2025-06-12 12:46:00,84.4
2025-06-12 18:56:00,58.6
2025-06-12 22:31:00,27.1
2025-06-12 10:48:00,6.5
2025-06-12 05:35:00,26.1
2025-06-12 14:02:00,94.6
2025-06-12 12:35:00,50.10362276498773
2025-06-12 01:24:00,29.1
2025-06-12 04:52:00,50.10362276498773
2025-06-12 19:16:00,48.9
2025-06-12 04:48:00,9.0
2025-06-12 15:56:00,93.7
2025-06-12 04:35:00,50.10362276498773
2025-06-12 11:55:00,0.7
2025-06-12 20:06:00,44.2
2025-06-12 04:01:00,50.10362276498773
2025-06-12 05:58:00,77.2
2025-06-12 22:05:00,4.3
2025-06-12 11:04:00,50.10362276498773
2025-06-12 08:17:00,4.4
2025-06-12 14:37:00,50.10362276498773
2025-06-12 11:02:00,69.9
2025-06-12 08:09:00,23.9
2025-06-12 06:48:00,50.10362276498773
2025-06-12 05:13:00,68.0
2025-06-12 07:01:00,42.7
2025-06-12 08:23:00,50.10362276498773
2025-06-12 13:42:00,43.7
2025-06-12 23:23:00,6.4
2025-06-12 19:03:00,50.10362276498773
2025-06-12 18:30:00,51.9
2025-06-12 06:02:00,24.1
2025-06-12 02:42:00,43.7
2025-06-12 06:45:00,39.1
2025-06-12 18:10:00,9.7
2025-06-12 01:13:00,81.7
2025-06-12 02:15:00,51.8
2025-06-12 14:46:00,94.2
2025-06-12 09:58:00,33.6
2025-06-12 09:00:00,51.4
2025-06-12 20:18:00,4.3
2025-06-12 17:34:00,21.0
2025-06-12 14:12:00,57.5
2025-06-12 14:11:00,29.9
2025-06-12 07:40:00,51.1
2025-06-12 05:45:00,46.6
2025-06-12 12:06:00,37.1
2025-06-12 00:29:00,65.1
2025-06-12 09:27:00,85.9
2025-06-12 22:09:00,97.2
2025-06-12 14:07:00,50.10362276498773
2025-06-12 23:04:00,1.6
2025-06-12 08:43:00,77.9
2025-06-12 04:26:00,25.2
2025-06-12 19:08:00,50.10362276498773
2025-06-12 11:25:00,9.2
2025-06-12 12:22:00,36.8
2025-06-12 19:02:00,10.2
2025-06-12 10:22:00,5.4
2025-06-12 14:44:00,3.7
2025-06-12 00:33:00,70.2
2025-06-12 15:06:00,30.9
2025-06-12 06:15:00,32.8
2025-06-12 08:27:00,74.4
2025-06-12 07:24:00,85.0
2025-06-12 14:13:00,50.10362276498773
2025-06-12 21:58:00,66.2
2025-06-12 03:28:00,70.8
2025-06-12 21:35:00,71.4
2025-06-12 12:16:00,2.3
2025-06-12 18:52:00,10.8
2025-06-12 20:19:00,89.3
2025-06-12 14:58:00,88.5
2025-06-12 06:29:00,35.4
2025-06-12 01:53:00,95.9
2025-06-12 21:41:00,32.5
2025-06-12 02:41:00,50.10362276498773
2025-06-12 02:54:00,26.2
2025-06-12 23:34:00,52.6
2025-06-12 16:16:00,88.6
2025-06-12 05:34:00,2.4
2025-06-12 21:57:00,81.2
2025-06-12 03:42:00,50.10362276498773
2025-06-12 11:44:00,42.0
2025-06-12 21:26:00,17.0
2025-06-12 07:14:00,50.10362276498773
2025-06-12 16:35:00,50.10362276498773
2025-06-12 15:35:00,57.9
2025-06-12 22:01:00,13.9
2025-06-12 09:59:00,4.5
2025-06-12 11:01:00,75.7
2025-06-12 02:59:00,88.9
2025-06-12 09:22:00,50.10362276498773
2025-06-12 07:23:00,50.10362276498773
2025-06-12 15:45:00,96.7
2025-06-12 10:20:00,83.3
2025-06-12 05:50:00,7.5
2025-06-12 16:11:00,98.8
2025-06-12 01:52:00,72.8
2025-06-12 07:56:00,38.9
2025-06-12 15:24:00,49.1
2025-06-12 07:54:00,50.10362276498773
2025-06-12 21:30:00,50.10362276498773
2025-06-12 07:37:00,36.7
2025-06-12 10:53:00,45.9
2025-06-12 15:23:00,16.7
2025-06-12 14:34:00,56.6
2025-06-12 09:31:00,38.1
2025-06-12 04:02:00,50.3
2025-06-12 00:31:00,50.10362276498773
2025-06-12 22:39:00,17.2
2025-06-12 00:52:00,57.3
2025-06-12 11:57:00,6.8
2025-06-12 19:20:00,74.3
2025-06-12 10:52:00,50.10362276498773
2025-06-12 18:16:00,50.10362276498773
2025-06-12 19:07:00,50.10362276498773
2025-06-12 23:53:00,34.9
2025-06-12 03:38:00,31.2
2025-06-12 17:40:00,81.7
2025-06-12 17:54:00,43.4
2025-06-12 22:30:00,5.3
2025-06-12 19:28:00,62.3
2025-06-12 08:05:00,96.1
2025-06-12 11:29:00,16.4
2025-06-12 10:44:00,78.0
2025-06-12 04:13:00,50.10362276498773
2025-06-12 19:52:00,16.5
2025-06-12 17:46:00,49.0
2025-06-12 19:21:00,9.9
2025-06-12 20:15:00,49.7
2025-06-12 19:05:00,43.9
2025-06-12 19:15:00,51.9
2025-06-12 06:51:00,50.10362276498773
2025-06-12 04:38:00,50.10362276498773
2025-06-12 02:26:00,2.9
2025-06-12 01:35:00,44.6
2025-06-12 03:09:00,3.1
2025-06-12 17:25:00,49.2
2025-06-12 22:10:00,15.9
2025-06-12 17:36:00,81.8
2025-06-12 07:06:00,83.3
2025-06-12 00:27:00,32.3
2025-06-12 14:30:00,63.1
2025-06-12 08:26:00,63.0
2025-06-12 09:17:00,50.10362276498773
2025-06-12 05:51:00,50.10362276498773
2025-06-12 20:21:00,50.10362276498773
2025-06-12 08:58:00,19.8
2025-06-12 20:58:00,50.10362276498773
2025-06-12 06:04:00,50.10362276498773
2025-06-12 18:51:00,50.10362276498773
2025-06-12 10:56:00,50.10362276498773
2025-06-12 11:07:00,50.10362276498773
2025-06-12 22:52:00,50.10362276498773
2025-06-12 12:59:00,62.4
2025-06-12 16:14:00,48.6
2025-06-12 20:39:00,11.8
2025-06-12 03:18:00,75.3
2025-06-12 22:35:00,50.10362276498773
2025-06-12 17:37:00,53.0
2025-06-12 20:44:00,59.7
2025-06-12 03:17:00,6.9
2025-06-12 08:00:00,20.0
2025-06-12 21:03:00,38.8
2025-06-12 00:48:00,87.4
2025-06-12 07:42:00,78.8
2025-06-12 12:27:00,84.5
2025-06-12 15:14:00,50.10362276498773
2025-06-12 06:49:00,43.3
2025-06-12 13:10:00,50.10362276498773
2025-06-12 14:39:00,45.7
2025-06-12 05:26:00,29.9
2025-06-12 02:52:00,78.2
2025-06-12 21:29:00,88.3
2025-06-12 07:33:00,50.10362276498773
2025-06-12 04:03:00,50.10362276498773
2025-06-12 19:18:00,6.1
2025-06-12 02:02:00,58.4
2025-06-12 03:57:00,43.4
2025-06-12 10:35:00,47.9
2025-06-12 18:26:00,25.0
2025-06-12 01:18:00,54.9
2025-06-12 19:58:00,98.2
2025-06-12 07:52:00,37.4
2025-06-12 08:56:00,26.6
2025-06-12 11:06:00,37.0
2025-06-12 07:31:00,50.0
2025-06-12 07:05:00,6.7
2025-06-12 20:07:00,45.7
2025-06-12 20:27:00,75.5
2025-06-12 08:02:00,31.2
2025-06-12 00:06:00,54.2
2025-06-12 15:34:00,50.10362276498773
2025-06-12 05:02:00,0.2
2025-06-12 12:43:00,69.6
2025-06-12 00:17:00,53.9
2025-06-12 23:54:00,37.5
2025-06-12 16:47:00,38.4
2025-06-12 16:43:00,5.8
2025-06-12 19:37:00,97.6
2025-06-12 22:47:00,17.8
2025-06-12 15:37:00,79.4
2025-06-12 06:07:00,98.4
2025-06-12 12:19:00,21.8
2025-06-12 16:51:00,43.8
2025-06-12 01:40:00,50.10362276498773
2025-06-12 01:33:00,83.7
2025-06-12 02:44:00,50.10362276498773
2025-06-12 03:44:00,13.6
2025-06-12 13:43:00,71.0
2025-06-12 10:41:00,40.3
2025-06-12 06:08:00,22.3
2025-06-12 02:32:00,71.0
2025-06-12 00:20:00,76.6
2025-06-12 19:54:00,50.10362276498773
2025-06-12 18:40:00,50.10362276498773
2025-06-12 04:40:00,56.4
2025-06-12 20:42:00,59.9
2025-06-12 05:07:00,37.6
2025-06-12 12:57:00,50.10362276498773
2025-06-12 04:51:00,50.10362276498773
2025-06-12 17:58:00,3.7
2025-06-12 07:45:00,44.0
2025-06-12 02:23:00,58.1
2025-06-12 20:33:00,92.4
2025-06-12 00:00:00,61.6
2025-06-12 08:28:00,73.2
2025-06-12 00:35:00,44.3
2025-06-12 13:15:00,10.9
2025-06-12 08:42:00,63.0
2025-06-12 06:30:00,24.1
2025-06-12 16:20:00,83.4
2025-06-12 12:08:00,32.7
2025-06-12 08:11:00,35.3
2025-06-12 07:00:00,72.6
2025-06-12 01:54:00,23.2
2025-06-12 09:28:00,50.10362276498773
2025-06-12 15:11:00,42.3
2025-06-12 08:18:00,72.3
2025-06-12 14:25:00,27.3
2025-06-12 23:57:00,44.0
2025-06-12 20:40:00,97.4
2025-06-12 22:51:00,50.10362276498773
2025-06-12 13:31:00,6.6
2025-06-12 20:22:00,69.3
2025-06-12 18:08:00,84.7
2025-06-12 10:15:00,51.1
2025-06-12 19:34:00,86.0
2025-06-12 16:26:00,51.4
2025-06-12 15:02:00,27.2
2025-06-12 21:49:00,63.0
2025-06-12 17:53:00,73.1
2025-06-12 11:32:00,35.1
2025-06-12 18:24:00,99.2
2025-06-12 11:18:00,62.2
2025-06-12 23:22:00,20.1
2025-06-12 13:11:00,56.7
2025-06-12 19:06:00,34.8
2025-06-12 05:47:00,79.3
2025-06-12 12:03:00,50.10362276498773
2025-06-12 07:57:00,77.8
2025-06-12 15:21:00,60.9
2025-06-12 15:44:00,98.8
2025-06-12 12:18:00,97.0
2025-06-12 19:51:00,13.3
2025-06-12 17:10:00,13.0
2025-06-12 20:13:00,50.10362276498773
2025-06-12 18:29:00,5.9
2025-06-12 05:04:00,43.8
2025-06-12 21:53:00,82.1
2025-06-12 18:14:00,34.6
2025-06-12 13:08:00,78.8
2025-06-12 13:30:00,2.1
2025-06-12 04:11:00,56.6
2025-06-12 06:38:00,93.4
2025-06-12 23:20:00,83.0
2025-06-12 06:22:00,53.3
2025-06-12 03:33:00,40.5
2025-06-12 02:31:00,50.12327810650887
2025-06-12 22:41:00,63.5
2025-06-12 09:16:00,74.3
2025-06-12 02:38:00,4.2
2025-06-12 08:38:00,17.2
2025-06-12 07:23:00,88.7
2025-06-12 10:31:00,75.1
2025-06-12 10:12:00,50.12327810650887
2025-06-12 12:55:00,83.4
2025-06-12 21:52:00,22.0
2025-06-12 03:22:00,50.12327810650887
2025-06-12 17:11:00,50.12327810650887
2025-06-12 19:56:00,50.3
2025-06-12 17:52:00,16.1
2025-06-12 23:05:00,40.7
2025-06-12 18:55:00,15.5
2025-06-12 00:30:00,2.1
2025-06-12 05:47:00,8.5
2025-06-12 08:37:00,13.1
2025-06-12 16:31:00,72.8
2025-06-12 21:59:00,49.3
2025-06-12 13:27:00,50.12327810650887
2025-06-12 03:30:00,14.2
2025-06-12 17:02:00,88.0
2025-06-12 17:47:00,50.12327810650887
2025-06-12 05:17:00,34.3
2025-06-12 05:28:00,69.6
2025-06-12 03:47:00,9.1
2025-06-12 02:18:00,32.8
2025-06-12 14:43:00,50.12327810650887
2025-06-12 23:00:00,17.0
2025-06-12 09:10:00,92.7
2025-06-12 03:32:00,12.8
2025-06-12 07:55:00,52.9
2025-06-12 12:20:00,1.7
2025-06-12 20:37:00,39.1
2025-06-12 05:24:00,27.9
2025-06-12 03:53:00,50.12327810650887
2025-06-12 20:08:00,10.6
2025-06-12 12:31:00,71.9
2025-06-12 18:57:00,9.3
2025-06-12 21:50:00,34.5
2025-06-12 08:14:00,14.6
2025-06-12 08:05:00,67.4
2025-06-12 04:52:00,50.12327810650887
2025-06-12 04:41:00,45.5
2025-06-12 17:08:00,21.4
2025-06-12 11:31:00,90.3
2025-06-12 02:24:00,50.12327810650887
2025-06-12 01:38:00,69.7
2025-06-12 01:12:00,71.4
2025-06-12 18:18:00,5.3
2025-06-12 16:32:00,66.4
2025-06-12 12:39:00,64.2
2025-06-12 23:52:00,37.7
2025-06-12 13:32:00,2.9
2025-06-12 08:57:00,9.2
2025-06-12 23:25:00,56.7
2025-06-12 11:47:00,50.12327810650887
2025-06-12 04:39:00,67.4
2025-06-12 02:43:00,35.2
2025-06-12 17:29:00,36.9
2025-06-12 21:14:00,91.1
2025-06-12 17:32:00,55.3
2025-06-12 23:46:00,16.7
2025-06-12 21:58:00,2.3
2025-06-12 15:18:00,41.1
2025-06-12 08:00:00,48.2
2025-06-12 22:42:00,8.3
2025-06-12 05:22:00,97.5
2025-06-12 14:08:00,50.8
2025-06-12 01:41:00,51.7
2025-06-12 01:48:00,3.5
2025-06-12 06:41:00,50.12327810650887
2025-06-12 15:47:00,77.0
2025-06-12 16:57:00,98.4
2025-06-12 13:25:00,86.3
2025-06-12 10:55:00,84.2
2025-06-12 14:53:00,61.8
2025-06-12 16:26:00,76.6
2025-06-12 06:08:00,38.0
2025-06-12 17:21:00,91.4
2025-06-12 19:24:00,82.5
2025-06-12 02:46:00,24.1
2025-06-12 06:13:00,83.9
2025-06-12 18:14:00,1.6
2025-06-12 04:43:00,35.8
2025-06-12 00:13:00,0.1
2025-06-12 11:36:00,93.5
2025-06-12 11:10:00,52.8
2025-06-12 15:30:00,92.0
2025-06-12 18:21:00,55.2
2025-06-12 05:13:00,54.7
2025-06-12 09:52:00,7.2
2025-06-12 18:34:00,99.1
2025-06-12 10:22:00,89.0
2025-06-12 15:36:00,1.4
2025-06-12 11:55:00,52.8
2025-06-12 11:50:00,64.0
2025-06-12 08:07:00,89.1
2025-06-12 03:35:00,70.7
2025-06-12 04:37:00,90.6
2025-06-12 14:13:00,89.7
2025-06-12 16:14:00,65.4
2025-06-12 03:59:00,50.12327810650887
2025-06-12 09:47:00,10.7
2025-06-12 19:15:00,34.9
2025-06-12 14:25:00,3.0
2025-06-12 02:11:00,49.2
2025-06-12 14:26:00,81.6
2025-06-12 02:37:00,58.5
2025-06-12 10:53:00,16.8
2025-06-12 06:10:00,50.12327810650887
2025-06-12 02:28:00,32.4
2025-06-12 02:29:00,30.1
2025-06-12 08:56:00,0.4
2025-06-12 14:45:00,88.5
2025-06-12 20:03:00,39.6
2025-06-12 10:42:00,93.4
2025-06-12 21:30:00,98.5
2025-06-12 13:45:00,53.9
2025-06-12 21:33:00,69.1
2025-06-12 01:07:00,66.8
2025-06-12 09:34:00,95.9
2025-06-12 22:08:00,7.5
2025-06-12 07:29:00,71.8
2025-06-12 03:41:00,90.0
2025-06-12 11:44:00,11.8
2025-06-12 01:31:00,50.12327810650887
2025-06-12 15:58:00,85.5
2025-06-12 14:38:00,59.9
2025-06-12 16:13:00,24.6
2025-06-12 10:18:00,50.12327810650887
2025-06-12 00:25:00,68.6
2025-06-12 15:52:00,68.0
2025-06-12 04:00:00,38.4
2025-06-12 04:16:00,69.8
2025-06-12 10:46:00,81.6
2025-06-12 15:09:00,50.12327810650887
2025-06-12 14:15:00,13.1
2025-06-12 08:52:00,34.6
2025-06-12 07:46:00,50.12327810650887
2025-06-12 05:38:00,72.8
2025-06-12 00:37:00,76.0
2025-06-12 17:39:00,85.7
2025-06-12 14:24:00,50.12327810650887
2025-06-12 10:23:00,95.0
2025-06-12 01:28:00,0.3
2025-06-12 00:12:00,88.3
2025-06-12 09:31:00,3.6
2025-06-12 06:30:00,16.9
2025-06-12 23:58:00,4.5
2025-06-12 05:33:00,25.9
2025-06-12 15:25:00,77.5
2025-06-12 00:51:00,1.5
2025-06-12 12:56:00,76.2
2025-06-12 17:48:00,70.0
2025-06-12 12:48:00,50.12327810650887
2025-06-12 21:42:00,75.2
2025-06-12 16:04:00,9.8
2025-06-12 14:20:00,35.0
2025-06-12 13:06:00,21.8
2025-06-12 22:49:00,71.8
2025-06-12 03:28:00,50.3
2025-06-12 05:42:00,50.12327810650887
2025-06-12 23:53:00,48.4
2025-06-12 01:20:00,84.7
2025-06-12 10:16:00,67.4
2025-06-12 04:38:00,71.8
2025-06-12 17:14:00,42.8
2025-06-12 03:46:00,49.3
2025-06-12 13:38:00,36.0
2025-06-12 02:02:00,31.8
2025-06-12 21:15:00,90.3
2025-06-12 14:01:00,98.3
2025-06-12 05:50:00,96.7
2025-06-12 10:49:00,60.1
2025-06-12 22:12:00,30.8
2025-06-12 09:08:00,22.8
2025-06-12 10:01:00,48.0
2025-06-12 23:49:00,29.7
2025-06-12 11:18:00,92.8
2025-06-12 04:23:00,20.4
2025-06-12 22:45:00,50.12327810650887
2025-06-12 00:31:00,28.8
2025-06-12 21:44:00,30.6
2025-06-12 21:57:00,0.5
2025-06-12 00:35:00,43.2
2025-06-12 12:13:00,74.4
2025-06-12 21:37:00,88.7
2025-06-12 22:26:00,3.7
2025-06-12 22:22:00,48.1
2025-06-12 06:04:00,53.1
2025-06-12 21:51:00,43.5
2025-06-12 03:18:00,9.2
2025-06-12 20:24:00,50.12327810650887
2025-06-12 15:34:00,57.7
2025-06-12 20:00:00,69.9
2025-06-12 11:45:00,98.1
2025-06-12 10:30:00,73.2
2025-06-12 03:09:00,88.9
2025-06-12 01:17:00,50.12327810650887
2025-06-12 18:46:00,37.2
2025-06-12 01:08:00,33.1
2025-06-12 01:56:00,2.8
2025-06-12 19:17:00,28.3
2025-06-12 10:20:00,95.1
2025-06-12 05:20:00,30.2
2025-06-12 14:17:00,50.12327810650887
2025-06-12 14:52:00,50.12327810650887
2025-06-12 07:22:00,89.9
2025-06-12 22:39:00,39.7
2025-06-12 02:49:00,98.4
2025-06-12 10:25:00,8.1
2025-06-12 11:17:00,5.3
2025-06-12 10:54:00,63.8
2025-06-12 22:17:00,91.1
2025-06-12 07:01:00,80.8
2025-06-12 15:27:00,8.4
2025-06-12 22:43:00,11.0
2025-06-12 00:36:00,67.5
2025-06-12 14:42:00,68.6
2025-06-12 04:29:00,32.2
2025-06-12 23:03:00,91.8
2025-06-12 01:50:00,95.2
2025-06-12 09:50:00,54.0
2025-06-12 06:56:00,66.5
2025-06-12 02:54:00,50.12327810650887
2025-06-12 16:30:00,36.8
2025-06-12 01:52:00,77.6
2025-06-12 17:55:00,70.9
2025-06-12 12:16:00,93.5
2025-06-12 22:01:00,77.7
2025-06-12 09:35:00,35.1
2025-06-12 19:12:00,57.1
2025-06-12 10:56:00,11.4
2025-06-12 02:44:00,41.8
2025-06-12 23:34:00,59.9
2025-06-12 23:14:00,34.5
2025-06-12 10:03:00,53.4
2025-06-12 03:51:00,50.12327810650887
2025-06-12 13:35:00,16.3
2025-06-12 21:05:00,68.2
2025-06-12 20:30:00,29.3
2025-06-12 18:19:00,94.7
2025-06-12 23:08:00,80.9
2025-06-12 09:00:00,68.0
2025-06-12 17:54:00,72.2
2025-06-12 13:33:00,10.1
2025-06-12 09:23:00,39.1
2025-06-12 03:03:00,6.6
2025-06-12 09:59:00,10.9
2025-06-12 11:56:00,86.8
2025-06-12 10:51:00,4.0
2025-06-12 07:30:00,45.5
2025-06-12 16:41:00,50.12327810650887
2025-06-12 23:35:00,50.12327810650887
2025-06-12 12:36:00,46.1
2025-06-12 09:46:00,95.1
2025-06-12 00:01:00,63.7
2025-06-12 07:18:00,54.9
2025-06-12 15:28:00,0.3
2025-06-12 21:55:00,91.9
2025-06-12 17:06:00,50.12327810650887
2025-06-12 20:34:00,50.12327810650887
2025-06-12 09:53:00,29.9
2025-06-12 10:00:00,90.4
2025-06-12 07:00:00,77.9
2025-06-12 22:51:00,66.0
2025-06-12 22:16:00,75.6
2025-06-12 23:33:00,20.5
2025-06-12 21:16:00,10.2
2025-06-12 15:39:00,50.12327810650887
2025-06-12 22:25:00,0.3
2025-06-12 20:17:00,66.1
2025-06-12 09:12:00,18.0
2025-06-12 15:40:00,77.4
2025-06-12 19:34:00,77.9
2025-06-12 14:48:00,49.63956792297757
2025-06-12 02:38:00,14.1
2025-06-12 14:09:00,66.0
2025-06-12 18:30:00,71.3
2025-06-12 23:29:00,32.2
2025-06-12 00:30:00,34.7
2025-06-12 05:00:00,12.8
2025-06-12 22:37:00,97.1
2025-06-12 02:54:00,20.1
2025-06-12 14:39:00,45.8
2025-06-12 22:48:00,73.1
2025-06-12 14:55:00,89.2
2025-06-12 08:28:00,81.3
2025-06-12 23:11:00,90.3
2025-06-12 07:51:00,10.3
2025-06-12 23:50:00,61.3
2025-06-12 18:19:00,22.0
2025-06-12 22:33:00,41.9
2025-06-12 02:45:00,31.2
2025-06-12 17:50:00,24.2
2025-06-12 10:55:00,9.0
2025-06-12 20:55:00,49.63956792297757
2025-06-12 08:13:00,98.4
2025-06-12 04:33:00,97.1
2025-06-12 05:29:00,2.7
2025-06-12 14:42:00,17.3
2025-06-12 18:43:00,10.2
2025-06-12 13:52:00,66.7
2025-06-12 04:35:00,12.4
2025-06-12 21:28:00,49.0
2025-06-12 03:08:00,95.1
2025-06-12 20:35:00,16.4
2025-06-12 07:42:00,19.5
2025-06-12 21:52:00,29.6
2025-06-12 15:26:00,89.1
2025-06-12 03:33:00,83.5
2025-06-12 20:56:00,13.0
2025-06-12 23:45:00,43.3
2025-06-12 05:41:00,50.5
2025-06-12 16:48:00,8.7
2025-06-12 07:16:00,5.6
2025-06-12 16:55:00,45.8
2025-06-12 17:52:00,46.8
2025-06-12 10:57:00,49.63956792297757
2025-06-12 10:38:00,76.6
2025-06-12 17:34:00,63.9
2025-06-12 05:05:00,41.3
2025-06-12 01:42:00,73.8
2025-06-12 00:27:00,84.8
2025-06-12 08:16:00,58.9
2025-06-12 09:11:00,2.1
2025-06-12 02:39:00,19.8
2025-06-12 13:27:00,49.63956792297757
2025-06-12 02:56:00,37.0
2025-06-12 16:14:00,0.7
2025-06-12 00:45:00,20.9
2025-06-12 17:19:00,88.9
2025-06-12 15:19:00,52.3
2025-06-12 05:39:00,55.9
2025-06-12 08:33:00,3.0
2025-06-12 09:00:00,3.1
2025-06-12 19:38:00,16.8
2025-06-12 05:30:00,83.9
2025-06-12 03:43:00,80.3
2025-06-12 07:41:00,47.5
2025-06-12 15:13:00,42.4
2025-06-12 07:25:00,97.6
2025-06-12 00:25:00,12.8
2025-06-12 03:47:00,62.8
2025-06-12 14:51:00,4.5
2025-06-12 13:53:00,27.1
2025-06-12 14:27:00,49.9
2025-06-12 04:58:00,40.2
2025-06-12 20:31:00,47.1
2025-06-12 22:55:00,77.6
2025-06-12 00:21:00,46.6
2025-06-12 13:29:00,80.4
2025-06-12 05:46:00,49.63956792297757
2025-06-12 00:26:00,49.63956792297757
2025-06-12 11:02:00,9.6
2025-06-12 07:15:00,77.0
2025-06-12 21:00:00,70.2
2025-06-12 08:56:00,13.0
2025-06-12 22:24:00,14.3
2025-06-12 13:43:00,82.0
2025-06-12 17:20:00,38.0
2025-06-12 06:12:00,54.0
2025-06-12 23:09:00,34.0
2025-06-12 17:09:00,50.1
2025-06-12 22:42:00,49.63956792297757
2025-06-12 10:31:00,76.7
2025-06-12 13:37:00,24.9
2025-06-12 21:24:00,40.6
2025-06-12 02:13:00,44.3
2025-06-12 18:20:00,3.8
2025-06-12 23:15:00,27.6
2025-06-12 01:46:00,22.8
2025-06-12 13:01:00,49.63956792297757
2025-06-12 12:10:00,72.4
2025-06-12 12:43:00,97.4
2025-06-12 14:23:00,24.5
2025-06-12 03:22:00,93.3
2025-06-12 14:56:00,58.0
2025-06-12 16:15:00,98.0
2025-06-12 13:45:00,38.7
2025-06-12 10:54:00,28.1
2025-06-12 01:52:00,98.0
2025-06-12 14:11:00,99.7
2025-06-12 03:21:00,37.0
2025-06-12 15:21:00,75.2
2025-06-12 09:29:00,38.8
2025-06-12 06:29:00,94.6
2025-06-12 00:04:00,23.1
2025-06-12 21:31:00,18.9
2025-06-12 19:52:00,9.6
2025-06-12 15:08:00,56.0
2025-06-12 02:43:00,8.3
2025-06-12 11:35:00,22.0
2025-06-12 22:05:00,26.0
2025-06-12 13:09:00,49.63956792297757
2025-06-12 04:06:00,62.5
2025-06-12 11:31:00,49.63956792297757
2025-06-12 09:02:00,95.4
2025-06-12 16:53:00,49.63956792297757
2025-06-12 00:43:00,49.63956792297757
2025-06-12 01:50:00,49.63956792297757
2025-06-12 05:54:00,22.2
2025-06-12 16:42:00,80.2
2025-06-12 16:33:00,22.3
2025-06-12 17:23:00,19.5
2025-06-12 10:44:00,62.0
2025-06-12 01:26:00,2.0
2025-06-12 02:27:00,69.1
2025-06-12 12:02:00,49.63956792297757
2025-06-12 18:59:00,43.5
2025-06-12 21:27:00,32.8
2025-06-12 13:38:00,19.9
2025-06-12 18:51:00,53.2
2025-06-12 05:51:00,19.3
2025-06-12 01:08:00,25.3
2025-06-12 21:02:00,97.9
2025-06-12 02:24:00,45.0
2025-06-12 11:26:00,0.5
2025-06-12 18:08:00,69.0
2025-06-12 17:15:00,49.63956792297757
2025-06-12 06:58:00,5.4
2025-06-12 10:22:00,68.0
2025-06-12 14:44:00,79.3
2025-06-12 20:36:00,43.4
2025-06-12 22:36:00,49.63956792297757
2025-06-12 12:38:00,21.2
2025-06-12 16:27:00,12.8
2025-06-12 07:36:00,55.5
2025-06-12 23:59:00,49.63956792297757
2025-06-12 11:39:00,28.2
2025-06-12 11:13:00,66.7
2025-06-12 06:16:00,81.5
2025-06-12 14:58:00,19.5
2025-06-12 20:51:00,71.3
2025-06-12 08:34:00,29.5
2025-06-12 05:50:00,21.0
2025-06-12 10:59:00,54.6
2025-06-12 18:05:00,13.7
2025-06-12 13:00:00,83.5
2025-06-12 19:45:00,61.4
2025-06-12 07:56:00,41.7
2025-06-12 04:45:00,19.3
2025-06-12 16:12:00,92.4
2025-06-12 23:01:00,49.63956792297757
2025-06-12 12:09:00,60.3
2025-06-12 10:24:00,96.8
2025-06-12 19:37:00,92.7
2025-06-12 19:00:00,93.5
2025-06-12 15:06:00,17.0
2025-06-12 11:47:00,82.3
2025-06-12 12:24:00,41.9
2025-06-12 10:04:00,0.0
2025-06-12 23:55:00,49.63956792297757
2025-06-12 05:18:00,57.3
2025-06-12 09:15:00,58.6
2025-06-12 04:04:00,5.5
2025-06-12 13:25:00,58.8
2025-06-12 01:03:00,49.63956792297757
2025-06-12 11:23:00,49.63956792297757
2025-06-12 06:53:00,91.7
2025-06-12 02:37:00,38.2
2025-06-12 05:55:00,85.2
2025-06-12 23:00:00,0.5
2025-06-12 00:33:00,86.6
2025-06-12 04:12:00,16.8
2025-06-12 15:00:00,7.9
2025-06-12 15:52:00,95.8
2025-06-12 09:24:00,97.0
2025-06-12 21:36:00,76.1
2025-06-12 03:52:00,24.6
2025-06-12 01:01:00,81.5
2025-06-12 15:45:00,79.9
2025-06-12 06:18:00,49.63956792297757
2025-06-12 13:51:00,80.3
2025-06-12 06:22:00,77.1
2025-06-12 21:39:00,49.63956792297757
2025-06-12 08:17:00,48.0
2025-06-12 07:02:00,1.2
2025-06-12 06:13:00,58.2
2025-06-12 16:30:00,4.6
2025-06-12 04:54:00,34.3
2025-06-12 04:48:00,38.2
2025-06-12 04:31:00,98.6
2025-06-12 15:12:00,49.63956792297757
2025-06-12 17:45:00,73.9
2025-06-12 08:14:00,15.6
2025-06-12 22:09:00,49.63956792297757
2025-06-12 15:36:00,97.2
2025-06-12 22:23:00,55.2
2025-06-12 09:37:00,28.7
2025-06-12 19:30:00,49.63956792297757
2025-06-12 18:07:00,91.4
2025-06-12 18:58:00,49.63956792297757
2025-06-12 04:00:00,4.7
2025-06-12 02:33:00,16.2
2025-06-12 10:32:00,70.1
2025-06-12 11:14:00,19.5
2025-06-12 23:28:00,87.8
2025-06-12 08:44:00,57.6
2025-06-12 03:56:00,1.6
2025-06-12 09:48:00,69.5
2025-06-12 20:28:00,54.6
2025-06-12 01:04:00,82.9
2025-06-12 20:16:00,30.8
2025-06-12 14:53:00,37.4
2025-06-12 16:07:00,78.6
2025-06-12 01:30:00,77.0
2025-06-12 06:41:00,30.7
2025-06-12 18:55:00,18.2
2025-06-12 18:41:00,8.1
2025-06-12 05:34:00,65.6
2025-06-12 11:11:00,49.63956792297757
2025-06-12 20:44:00,3.7
2025-06-12 01:51:00,49.63956792297757
2025-06-12 05:16:00,69.0
2025-06-12 13:26:00,3.1
2025-06-12 08:43:00,49.63956792297757
2025-06-12 21:05:00,49.63956792297757
2025-06-12 21:47:00,88.0
2025-06-12 19:23:00,5.6
2025-06-12 07:08:00,84.1
2025-06-12 00:12:00,63.7
2025-06-12 07:07:00,93.5
2025-06-12 09:01:00,15.4
2025-06-12 18:17:00,23.6
2025-06-12 03:42:00,56.3
2025-06-12 03:28:00,79.3
2025-06-12 01:59:00,59.0
2025-06-12 05:07:00,60.9
2025-06-12 15:51:00,15.4
2025-06-12 15:49:00,48.2
2025-06-12 13:59:00,31.4
2025-06-12 13:55:00,52.2
2025-06-12 18:33:00,56.8
2025-06-12 03:40:00,49.63956792297757
2025-06-12 12:14:00,3.0
2025-06-12 10:25:00,39.9
2025-06-12 00:23:00,19.8
2025-06-12 23:17:00,10.7
2025-06-12 09:19:00,73.4
2025-06-12 11:49:00,37.6
2025-06-12 12:59:00,49.63956792297757
2025-06-12 23:38:00,57.8
2025-06-12 21:08:00,28.9
2025-06-12 02:59:00,41.3
2025-06-12 03:45:00,64.6
2025-06-12 13:40:00,64.7
2025-06-12 14:37:00,49.8
2025-06-12 12:51:00,88.4
2025-06-12 05:06:00,50.29152382078261
2025-06-12 02:47:00,51.4
2025-06-12 01:20:00,72.9
2025-06-12 16:46:00,82.7
2025-06-12 01:35:00,64.0
2025-06-12 19:38:00,87.2
2025-06-12 15:48:00,20.2
2025-06-12 07:19:00,10.7
2025-06-12 04:11:00,48.2
2025-06-12 19:32:00,66.4
2025-06-12 02:06:00,39.6
2025-06-12 00:33:00,79.9
2025-06-12 02:02:00,55.0
2025-06-12 00:52:00,48.3
2025-06-12 18:01:00,94.8
2025-06-12 18:20:00,77.7
2025-06-12 18:21:00,85.6
2025-06-12 14:34:00,91.0
2025-06-12 11:50:00,5.7
2025-06-12 18:39:00,82.6
2025-06-12 16:56:00,40.7
2025-06-12 03:37:00,10.4
2025-06-12 02:51:00,50.29152382078261
2025-06-12 22:32:00,20.9
2025-06-12 14:19:00,89.8
2025-06-12 11:20:00,80.3
2025-06-12 21:11:00,87.0
2025-06-12 01:51:00,6.7
2025-06-12 20:13:00,8.0
2025-06-12 17:49:00,98.1
2025-06-12 05:40:00,39.4
2025-06-12 13:16:00,73.4
2025-06-12 02:35:00,29.0
2025-06-12 01:49:00,65.9
2025-06-12 14:17:00,50.29152382078261
2025-06-12 00:12:00,59.6
2025-06-12 22:13:00,30.1
2025-06-12 14:48:00,64.7
2025-06-12 18:16:00,34.5
2025-06-12 03:51:00,32.9
2025-06-12 22:52:00,43.6
2025-06-12 19:24:00,46.9
2025-06-12 13:45:00,50.29152382078261
2025-06-12 17:43:00,91.9
2025-06-12 19:12:00,50.29152382078261
2025-06-12 06:11:00,35.1
2025-06-12 15:39:00,67.6
2025-06-12 09:47:00,3.9
2025-06-12 00:19:00,26.0
2025-06-12 13:53:00,65.3
2025-06-12 12:37:00,2.9
2025-06-12 04:21:00,90.0
2025-06-12 15:41:00,99.9
2025-06-12 10:32:00,24.0
2025-06-12 16:07:00,42.3
2025-06-12 23:58:00,15.5
2025-06-12 09:35:00,71.6
2025-06-12 13:46:00,59.7
2025-06-12 21:16:00,64.3
2025-06-12 16:53:00,69.2
2025-06-12 09:55:00,37.8
2025-06-12 20:33:00,22.8
2025-06-12 07:11:00,91.6
2025-06-12 01:43:00,62.1
2025-06-12 10:33:00,96.3
2025-06-12 10:26:00,0.7
2025-06-12 17:12:00,98.9
2025-06-12 15:00:00,91.2
2025-06-12 15:11:00,79.6
2025-06-12 12:07:00,62.6
2025-06-12 20:24:00,86.9
2025-06-12 00:05:00,70.1
2025-06-12 22:07:00,50.29152382078261
2025-06-12 18:27:00,45.1
2025-06-12 09:26:00,50.29152382078261
2025-06-12 11:25:00,26.8
2025-06-12 01:33:00,83.2
2025-06-12 14:30:00,50.29152382078261
2025-06-12 07:27:00,61.6
2025-06-12 14:09:00,50.29152382078261
2025-06-12 06:38:00,50.29152382078261
2025-06-12 04:53:00,15.8
2025-06-12 05:09:00,70.7
2025-06-12 22:15:00,50.29152382078261
2025-06-12 10:20:00,9.0
2025-06-12 17:54:00,7.0
2025-06-12 03:42:00,43.6
2025-06-12 09:45:00,9.8
2025-06-12 15:40:00,66.6
2025-06-12 02:52:00,50.29152382078261
2025-06-12 07:15:00,71.8
2025-06-12 07:50:00,50.29152382078261
2025-06-12 00:06:00,67.8
2025-06-12 02:23:00,31.5
2025-06-12 19:22:00,72.0
2025-06-12 16:27:00,30.0
2025-06-12 19:06:00,51.6
2025-06-12 15:30:00,98.3
2025-06-12 05:07:00,50.29152382078261
2025-06-12 03:41:00,21.7
2025-06-12 09:59:00,30.4
2025-06-12 04:39:00,50.29152382078261
2025-06-12 12:14:00,84.8
2025-06-12 11:26:00,50.29152382078261
2025-06-12 13:08:00,74.7
2025-06-12 07:06:00,52.4
2025-06-12 06:00:00,41.8
2025-06-12 04:10:00,60.6
2025-06-12 03:28:00,30.9
2025-06-12 02:30:00,47.4
2025-06-12 18:09:00,23.2
2025-06-12 13:09:00,61.1
2025-06-12 07:57:00,42.7
2025-06-12 22:16:00,93.4
2025-06-12 00:40:00,14.4
2025-06-12 12:48:00,19.4
2025-06-12 20:02:00,93.7
2025-06-12 17:33:00,78.2
2025-06-12 04:05:00,44.3
2025-06-12 12:25:00,64.6
2025-06-12 00:43:00,50.29152382078261
2025-06-12 21:13:00,27.4
2025-06-12 10:07:00,46.3
2025-06-12 21:07:00,45.4
2025-06-12 14:04:00,91.0
2025-06-12 18:17:00,50.29152382078261
2025-06-12 20:48:00,4.8
2025-06-12 18:19:00,37.9
2025-06-12 00:25:00,59.7
2025-06-12 08:55:00,50.0
2025-06-12 21:32:00,67.5
2025-06-12 09:17:00,50.29152382078261
2025-06-12 05:22:00,62.5
2025-06-12 09:37:00,19.6
2025-06-12 13:01:00,63.1
2025-06-12 21:10:00,10.2
2025-06-12 02:42:00,6.2
2025-06-12 07:18:00,50.29152382078261
2025-06-12 01:36:00,50.29152382078261
2025-06-12 02:11:00,47.3
2025-06-12 22:10:00,50.29152382078261
2025-06-12 19:37:00,52.0
2025-06-12 14:08:00,29.3
2025-06-12 01:47:00,10.3
2025-06-12 23:29:00,1.9
2025-06-12 09:58:00,44.5
2025-06-12 09:09:00,50.29152382078261
2025-06-12 03:46:00,66.6
2025-06-12 23:04:00,65.9
2025-06-12 20:25:00,63.4
2025-06-12 17:31:00,20.8
2025-06-12 17:03:00,47.2
2025-06-12 04:22:00,30.4
2025-06-12 10:39:00,34.8
2025-06-12 17:57:00,13.8
2025-06-12 01:27:00,50.29152382078261
2025-06-12 18:52:00,50.29152382078261
2025-06-12 02:07:00,25.9
2025-06-12 06:30:00,88.4
2025-06-12 01:38:00,99.3
2025-06-12 11:51:00,74.6
2025-06-12 21:36:00,32.3
2025-06-12 21:24:00,23.8
2025-06-12 02:59:00,65.2
2025-06-12 12:39:00,56.5
2025-06-12 10:22:00,3.0
2025-06-12 12:08:00,27.8
2025-06-12 21:27:00,69.6
2025-06-12 11:47:00,50.29152382078261
2025-06-12 00:20:00,50.29152382078261
2025-06-12 12:32:00,38.9
2025-06-12 20:58:00,62.1
2025-06-12 00:56:00,89.8
2025-06-12 03:24:00,50.29152382078261
2025-06-12 02:54:00,62.2
2025-06-12 19:48:00,46.4
2025-06-12 04:34:00,50.29152382078261
2025-06-12 13:17:00,50.29152382078261
2025-06-12 02:04:00,65.7
2025-06-12 14:24:00,62.2
2025-06-12 23:09:00,2.7
2025-06-12 23:26:00,33.0
2025-06-12 19:33:00,67.2
2025-06-12 08:43:00,50.29152382078261
2025-06-12 13:14:00,21.7
2025-06-12 09:15:00,11.0
2025-06-12 12:22:00,52.4
2025-06-12 14:11:00,50.29152382078261
2025-06-12 13:30:00,49.8
2025-06-12 19:57:00,50.29152382078261
2025-06-12 22:42:00,1.5
2025-06-12 03:30:00,36.6
2025-06-12 10:31:00,32.9
2025-06-12 07:10:00,64.8
2025-06-12 13:59:00,48.9
2025-06-12 12:28:00,62.0
2025-06-12 22:26:00,50.29152382078261
2025-06-12 22:55:00,62.3
2025-06-12 05:50:00,25.3
2025-06-12 20:45:00,20.9
2025-06-12 09:20:00,29.9
2025-06-12 11:55:00,88.6
2025-06-12 04:33:00,46.7
2025-06-12 09:57:00,35.1
2025-06-12 23:35:00,21.7
2025-06-12 10:06:00,74.0
2025-06-12 04:47:00,17.8
2025-06-12 10:05:00,76.4
2025-06-12 07:33:00,97.7
2025-06-12 08:14:00,50.29152382078261
2025-06-12 05:27:00,32.1
2025-06-12 22:59:00,50.29152382078261
2025-06-12 12:23:00,2.7
2025-06-12 09:56:00,51.1
2025-06-12 03:20:00,28.3
2025-06-12 03:26:00,11.1
2025-06-12 05:04:00,50.29152382078261
2025-06-12 07:40:00,30.0
2025-06-12 22:33:00,24.9
2025-06-12 04:14:00,50.29152382078261
2025-06-12 15:53:00,8.3
2025-06-12 03:01:00,53.3
2025-06-12 00:55:00,49.1
2025-06-12 03:44:00,65.0
2025-06-12 05:21:00,43.1
2025-06-12 10:14:00,44.6
2025-06-12 01:10:00,66.2
2025-06-12 23:01:00,29.3
2025-06-12 04:56:00,50.29152382078261
2025-06-12 16:37:00,17.4
2025-06-12 03:10:00,8.7
2025-06-12 14:10:00,22.9
2025-06-12 23:59:00,74.8
2025-06-12 19:34:00,97.8
2025-06-12 12:50:00,77.7
2025-06-12 00:09:00,50.29152382078261
2025-06-12 06:52:00,17.8
2025-06-12 09:52:00,7.7
2025-06-12 05:57:00,90.4
2025-06-12 19:23:00,50.29152382078261
2025-06-12 17:22:00,22.3
2025-06-12 22:54:00,81.0
2025-06-12 01:56:00,78.5
2025-06-12 11:00:00,8.5
2025-06-12 17:05:00,17.1
2025-06-12 18:12:00,25.3
2025-06-12 11:49:00,80.4
2025-06-12 01:59:00,67.9
2025-06-12 18:33:00,50.29152382078261
2025-06-12 22:58:00,61.9
2025-06-12 00:54:00,49.0
2025-06-12 17:37:00,33.7
2025-06-12 21:59:00,45.4
2025-06-12 23:47:00,45.9
2025-06-12 15:49:00,52.5
2025-06-12 07:20:00,50.29152382078261
2025-06-12 08:16:00,50.29152382078261
2025-06-12 18:04:00,99.4
2025-06-12 14:55:00,50.29152382078261
2025-06-12 02:37:00,85.8
2025-06-12 18:30:00,35.0
2025-06-12 03:09:00,20.1
2025-06-12 15:34:00,10.2
2025-06-12 02:03:00,72.3
2025-06-12 10:13:00,93.8
2025-06-12 00:02:00,50.29152382078261
2025-06-12 05:08:00,95.8
2025-06-12 11:13:00,63.1
2025-06-12 23:32:00,81.1
2025-06-12 12:41:00,48.0
2025-06-12 17:44:00,92.5
2025-06-12 06:12:00,15.9
2025-06-12 01:21:00,19.2
2025-06-12 15:56:00,52.1
2025-06-12 18:59:00,40.1
2025-06-12 07:16:00,62.5
2025-06-12 20:11:00,53.0
2025-06-12 01:34:00,99.9
2025-06-12 03:13:00,62.0
2025-06-12 12:16:00,60.3
2025-06-12 17:36:00,25.4
2025-06-12 09:10:00,90.2
2025-06-12 05:49:00,63.9
2025-06-12 07:54:00,1.9
2025-06-12 08:03:00,6.1
2025-06-12 20:00:00,50.29152382078261
2025-06-12 19:15:00,97.7
2025-06-12 07:14:00,73.5
2025-06-12 05:10:00,58.9
2025-06-12 14:07:00,19.0
2025-06-12 15:14:00,50.29152382078261
2025-06-12 18:55:00,81.3
2025-06-12 19:51:00,12.2
2025-06-12 06:04:00,50.15830883217688
2025-06-12 18:43:00,92.7
2025-06-12 14:58:00,2.2
2025-06-12 19:42:00,80.5
2025-06-12 12:01:00,45.4
2025-06-12 07:25:00,15.7
2025-06-12 02:08:00,51.5
2025-06-12 17:31:00,3.7
2025-06-12 07:43:00,27.7
2025-06-12 22:12:00,13.3
2025-06-12 06:26:00,97.1
2025-06-12 04:18:00,77.3
2025-06-12 12:13:00,36.1
2025-06-12 21:20:00,38.6
2025-06-12 04:30:00,50.15830883217688
2025-06-12 05:10:00,1.3
2025-06-12 12:22:00,14.3
2025-06-12 01:56:00,41.1
2025-06-12 08:52:00,16.9
2025-06-12 02:58:00,50.15830883217688
2025-06-12 05:36:00,39.3
2025-06-12 00:40:00,42.6
2025-06-12 02:13:00,78.1
2025-06-12 19:02:00,50.15830883217688
2025-06-12 23:22:00,50.15830883217688
2025-06-12 03:16:00,88.0
2025-06-12 14:13:00,13.0
2025-06-12 00:51:00,9.5
2025-06-12 09:50:00,77.8
2025-06-12 21:43:00,93.4
2025-06-12 08:48:00,50.15830883217688
2025-06-12 09:59:00,18.6
2025-06-12 05:32:00,41.0
2025-06-12 14:16:00,97.0
2025-06-12 05:45:00,50.15830883217688
2025-06-12 01:08:00,82.5
2025-06-12 11:18:00,92.6
2025-06-12 18:33:00,97.5
2025-06-12 09:54:00,50.15830883217688
2025-06-12 05:21:00,20.2
2025-06-12 14:33:00,81.9
2025-06-12 18:44:00,99.1
2025-06-12 07:07:00,89.1
2025-06-12 09:57:00,58.8
2025-06-12 23:27:00,50.15830883217688
2025-06-12 12:32:00,32.2
2025-06-12 03:36:00,61.3
2025-06-12 13:12:00,45.5
2025-06-12 06:25:00,50.15830883217688
2025-06-12 20:50:00,38.4
2025-06-12 20:45:00,50.15830883217688
2025-06-12 22:10:00,49.9
2025-06-12 22:16:00,30.9
2025-06-12 09:40:00,86.0
2025-06-12 02:31:00,64.6
2025-06-12 08:00:00,50.15830883217688
2025-06-12 19:12:00,46.1
2025-06-12 18:27:00,50.15830883217688
2025-06-12 08:03:00,80.5
2025-06-12 18:23:00,51.3
2025-06-12 18:15:00,75.9
2025-06-12 05:09:00,3.3
2025-06-12 17:39:00,38.9
2025-06-12 12:24:00,21.4
2025-06-12 03:51:00,50.15830883217688
2025-06-12 00:38:00,50.15830883217688
2025-06-12 07:13:00,14.9
2025-06-12 10:12:00,66.1
2025-06-12 15:33:00,50.3
2025-06-12 07:22:00,47.0
2025-06-12 01:04:00,78.0
2025-06-12 02:07:00,20.1
2025-06-12 06:21:00,45.8
2025-06-12 04:07:00,3.9
2025-06-12 14:53:00,16.8
2025-06-12 23:39:00,74.7
2025-06-12 08:26:00,63.8
2025-06-12 02:42:00,59.2
2025-06-12 06:53:00,54.9
2025-06-12 16:42:00,72.1
2025-06-12 12:17:00,50.15830883217688
2025-06-12 19:01:00,37.4
2025-06-12 06:40:00,62.4
2025-06-12 07:42:00,12.0
2025-06-12 18:07:00,0.6
2025-06-12 16:51:00,90.6
2025-06-12 04:23:00,45.8
2025-06-12 04:04:00,99.9
2025-06-12 22:59:00,97.5
2025-06-12 05:18:00,28.4
2025-06-12 17:12:00,61.7
2025-06-12 18:47:00,89.4
2025-06-12 18:51:00,93.9
2025-06-12 19:18:00,99.0
2025-06-12 05:48:00,71.1
2025-06-12 06:16:00,50.15830883217688
2025-06-12 05:22:00,50.15830883217688
2025-06-12 05:54:00,37.3
2025-06-12 18:10:00,8.6
2025-06-12 12:33:00,6.2
2025-06-12 21:25:00,19.9
2025-06-12 10:57:00,50.15830883217688
2025-06-12 22:20:00,44.5
2025-06-12 12:50:00,33.6
2025-06-12 00:11:00,47.2
2025-06-12 04:45:00,74.4
2025-06-12 13:55:00,4.5
2025-06-12 06:28:00,66.8
2025-06-12 03:10:00,10.3
2025-06-12 23:28:00,75.7
2025-06-12 04:58:00,59.4
2025-06-12 03:41:00,79.7
2025-06-12 21:08:00,58.0
2025-06-12 20:42:00,28.6
2025-06-12 21:04:00,50.15830883217688
2025-06-12 13:35:00,34.0
2025-06-12 04:10:00,55.2
2025-06-12 13:16:00,8.4
2025-06-12 07:20:00,43.1
2025-06-12 18:06:00,66.5
2025-06-12 07:14:00,65.5
2025-06-12 13:47:00,28.7
2025-06-12 03:01:00,51.8
2025-06-12 21:50:00,7.9
2025-06-12 07:28:00,97.7
2025-06-12 07:00:00,15.9
2025-06-12 23:51:00,1.3
2025-06-12 06:45:00,8.0
2025-06-12 11:31:00,61.8
2025-06-12 01:10:00,5.6
2025-06-12 05:42:00,6.1
2025-06-12 16:39:00,48.3
2025-06-12 21:58:00,30.6
2025-06-12 17:36:00,95.8
2025-06-12 09:30:00,36.7
2025-06-12 20:49:00,55.7
2025-06-12 09:32:00,50.15830883217688
2025-06-12 00:28:00,50.15830883217688
2025-06-12 10:29:00,24.6
2025-06-12 16:46:00,67.8
2025-06-12 07:16:00,50.15830883217688
2025-06-12 03:05:00,42.7
2025-06-12 16:08:00,90.8
2025-06-12 02:22:00,24.2
2025-06-12 00:13:00,56.2
2025-06-12 07:56:00,38.5
2025-06-12 22:50:00,85.0
2025-06-12 23:36:00,92.8
2025-06-12 01:35:00,32.3
2025-06-12 09:29:00,84.9
2025-06-12 16:20:00,15.5
2025-06-12 11:39:00,46.7
2025-06-12 23:05:00,81.7
2025-06-12 10:48:00,50.15830883217688
2025-06-12 07:17:00,29.5
2025-06-12 00:21:00,62.4
2025-06-12 17:18:00,79.7
2025-06-12 17:33:00,90.8
2025-06-12 10:14:00,3.2
2025-06-12 17:00:00,8.8
2025-06-12 07:46:00,74.6
2025-06-12 05:15:00,33.4
2025-06-12 15:08:00,60.7
2025-06-12 00:18:00,95.0
2025-06-12 13:11:00,49.3
2025-06-12 19:23:00,50.15830883217688
2025-06-12 17:28:00,44.9
2025-06-12 16:15:00,25.8
2025-06-12 06:55:00,96.6
2025-06-12 00:29:00,59.5
2025-06-12 21:32:00,50.15830883217688
2025-06-12 22:39:00,77.9
2025-06-12 01:32:00,83.5
2025-06-12 15:16:00,97.0
2025-06-12 04:06:00,14.3
2025-06-12 20:56:00,86.7
2025-06-12 14:00:00,84.5
2025-06-12 08:39:00,58.1
2025-06-12 23:49:00,29.2
2025-06-12 07:24:00,92.2
2025-06-12 20:48:00,54.5
2025-06-12 17:05:00,98.8
2025-06-12 19:17:00,12.3
2025-06-12 20:18:00,50.15830883217688
2025-06-12 17:19:00,50.15830883217688
2025-06-12 18:36:00,22.0
2025-06-12 08:49:00,43.4
2025-06-12 18:45:00,48.1
2025-06-12 00:50:00,79.5
2025-06-12 10:23:00,41.1
2025-06-12 14:19:00,71.0
2025-06-12 01:18:00,55.1
2025-06-12 17:35:00,50.15830883217688
2025-06-12 19:56:00,57.2
2025-06-12 22:52:00,92.8
2025-06-12 06:42:00,84.5
2025-06-12 20:28:00,84.2
2025-06-12 04:28:00,25.8
2025-06-12 05:07:00,50.15830883217688
2025-06-12 16:02:00,43.5
2025-06-12 10:32:00,74.3
2025-06-12 12:56:00,9.7
2025-06-12 11:11:00,2.9
2025-06-12 08:15:00,70.0
2025-06-12 06:13:00,50.15830883217688
2025-06-12 09:51:00,78.8
2025-06-12 19:55:00,59.5
2025-06-12 01:46:00,90.1
2025-06-12 01:44:00,46.2
2025-06-12 11:57:00,39.2
2025-06-12 23:29:00,6.6
2025-06-12 20:43:00,39.8
2025-06-12 03:06:00,50.15830883217688
2025-06-12 12:59:00,8.4
2025-06-12 03:20:00,69.2
2025-06-12 12:16:00,50.15830883217688
2025-06-12 05:28:00,86.4
2025-06-12 07:59:00,90.7
2025-06-12 22:28:00,64.9
2025-06-12 21:52:00,66.7
2025-06-12 03:38:00,54.0
2025-06-12 21:10:00,1.3
2025-06-12 00:33:00,43.6
2025-06-12 19:31:00,59.0
2025-06-12 03:46:00,50.15830883217688
2025-06-12 22:47:00,48.5
2025-06-12 17:14:00,83.4
2025-06-12 08:18:00,61.7
2025-06-12 20:35:00,6.5
2025-06-12 06:18:00,80.5
2025-06-12 09:18:00,86.3
2025-06-12 09:05:00,37.2
2025-06-12 21:28:00,39.2
2025-06-12 13:57:00,40.0
2025-06-12 21:18:00,75.4
2025-06-12 14:50:00,98.8
2025-06-12 17:03:00,56.9
2025-06-12 19:33:00,72.5
2025-06-12 01:06:00,37.6
2025-06-12 04:56:00,50.15830883217688
2025-06-12 11:16:00,50.15830883217688
2025-06-12 22:05:00,30.0
2025-06-12 11:33:00,69.3
2025-06-12 03:34:00,32.8
2025-06-12 16:17:00,16.6
2025-06-12 13:31:00,50.15830883217688
2025-06-12 05:44:00,12.8
2025-06-12 08:58:00,28.3
2025-06-12 17:52:00,66.4
2025-06-12 19:35:00,27.1
2025-06-12 04:14:00,97.5
2025-06-12 03:23:00,85.2
2025-06-12 19:03:00,4.7
2025-06-12 06:12:00,50.15830883217688
2025-06-12 07:09:00,81.9
2025-06-12 06:09:00,86.8
2025-06-12 01:30:00,17.4
2025-06-12 15:42:00,50.15830883217688
2025-06-12 12:03:00,59.8
2025-06-12 11:43:00,50.15830883217688
2025-06-12 05:27:00,25.2
2025-06-12 10:03:00,70.5
2025-06-12 13:37:00,85.5
2025-06-12 08:55:00,97.2
2025-06-12 10:09:00,22.4
2025-06-12 19:45:00,8.3
2025-06-12 11:07:00,50.15830883217688
2025-06-12 15:15:00,82.9
2025-06-12 06:44:00,61.0
2025-06-12 15:32:00,75.3
2025-06-12 19:38:00,69.4
2025-06-12 03:17:00,42.9
2025-06-12 00:44:00,45.2
2025-06-12 13:54:00,50.15830883217688
2025-06-12 01:07:00,92.1
2025-06-12 09:04:00,83.2
2025-06-12 03:12:00,89.1
2025-06-12 06:05:00,40.7
2025-06-12 19:19:00,68.8
2025-06-12 05:57:00,92.9
2025-06-12 06:46:00,50.15830883217688
2025-06-12 08:10:00,94.9
2025-06-12 08:36:00,81.2
2025-06-12 21:41:00,42.3
2025-06-12 23:53:00,46.9
2025-06-12 09:27:00,16.9
2025-06-12 19:13:00,52.2
2025-06-12 05:59:00,85.0
2025-06-12 07:21:00,29.6
2025-06-12 09:11:00,15.9
2025-06-12 20:36:00,12.8
2025-06-12 06:19:00,76.9
2025-06-12 00:42:00,63.4
2025-06-12 03:22:00,98.4
2025-06-12 14:02:00,32.1
2025-06-12 10:06:00,3.4
2025-06-12 18:39:00,51.2
2025-06-12 13:06:00,36.5
2025-06-12 21:22:00,61.6
2025-06-12 02:30:00,31.5
2025-06-12 10:44:00,68.5
2025-06-12 02:12:00,4.6
2025-06-12 13:43:00,50.5
2025-06-12 03:18:00,50.8
2025-06-12 08:57:00,75.9
2025-06-12 07:11:00,19.9
2025-06-12 22:45:00,20.9
2025-06-12 14:51:00,83.4
2025-06-12 13:17:00,50.05645730416373
2025-06-12 18:18:00,47.7
2025-06-12 10:43:00,52.3
2025-06-12 01:47:00,36.0
2025-06-12 10:14:00,62.1
2025-06-12 09:55:00,50.05645730416373
2025-06-12 07:00:00,40.3
2025-06-12 14:13:00,1.5
2025-06-12 11:30:00,25.3
2025-06-12 08:54:00,80.8
2025-06-12 17:34:00,80.2
2025-06-12 22:40:00,64.2
2025-06-12 06:13:00,88.4
2025-06-12 03:56:00,41.7
2025-06-12 02:16:00,17.3
2025-06-12 04:16:00,47.6
2025-06-12 21:14:00,7.9
2025-06-12 07:05:00,50.05645730416373
2025-06-12 01:50:00,41.1
2025-06-12 23:32:00,9.2
2025-06-12 11:52:00,28.0
2025-06-12 23:50:00,47.1
2025-06-12 15:22:00,3.9
2025-06-12 16:00:00,87.0
2025-06-12 00:44:00,73.7
2025-06-12 16:10:00,72.3
2025-06-12 14:14:00,5.2
2025-06-12 19:45:00,55.2
2025-06-12 02:54:00,50.05645730416373
2025-06-12 22:42:00,81.9
2025-06-12 12:02:00,50.05645730416373
2025-06-12 18:55:00,50.05645730416373
2025-06-12 18:44:00,50.9
2025-06-12 02:50:00,25.6
2025-06-12 10:27:00,50.05645730416373
2025-06-12 10:45:00,58.5
2025-06-12 15:17:00,36.6
2025-06-12 08:28:00,17.8
2025-06-12 11:45:00,45.4
2025-06-12 03:12:00,42.9
2025-06-12 23:58:00,50.05645730416373
2025-06-12 22:56:00,64.3
2025-06-12 22:08:00,31.8
2025-06-12 20:29:00,50.05645730416373
2025-06-12 06:22:00,85.3
2025-06-12 00:47:00,37.4
2025-06-12 00:35:00,79.9
2025-06-12 14:30:00,47.9
2025-06-12 21:49:00,69.3
2025-06-12 20:49:00,50.05645730416373
2025-06-12 14:47:00,68.6
2025-06-12 23:07:00,17.7
2025-06-12 06:52:00,59.1
2025-06-12 19:24:00,75.8
2025-06-12 02:09:00,68.1
2025-06-12 12:27:00,58.4
2025-06-12 20:22:00,50.05645730416373
2025-06-12 06:17:00,50.05645730416373
2025-06-12 20:32:00,56.9
2025-06-12 17:01:00,85.7
2025-06-12 04:06:00,19.9
2025-06-12 12:23:00,41.1
2025-06-12 06:39:00,57.0
2025-06-12 03:51:00,44.6
2025-06-12 13:08:00,73.1
2025-06-12 04:37:00,90.5
2025-06-12 04:25:00,30.6
2025-06-12 11:03:00,26.9
2025-06-12 03:21:00,76.1
2025-06-12 22:24:00,69.7
2025-06-12 03:09:00,83.9
2025-06-12 22:20:00,30.9
2025-06-12 12:04:00,22.5
2025-06-12 22:15:00,28.7
2025-06-12 23:30:00,80.1
2025-06-12 22:01:00,93.3
2025-06-12 21:06:00,50.05645730416373
2025-06-12 01:33:00,17.5
2025-06-12 04:48:00,47.1
2025-06-12 19:34:00,99.7
2025-06-12 18:17:00,39.3
2025-06-12 11:25:00,24.8
2025-06-12 14:42:00,97.3
2025-06-12 03:11:00,39.1
2025-06-12 16:29:00,50.05645730416373
2025-06-12 06:33:00,50.05645730416373
2025-06-12 22:09:00,50.05645730416373
2025-06-12 18:16:00,94.8
2025-06-12 03:16:00,60.1
2025-06-12 16:36:00,31.6
2025-06-12 18:32:00,95.5
2025-06-12 17:30:00,60.3
2025-06-12 22:29:00,64.7
2025-06-12 09:17:00,25.1
2025-06-12 11:59:00,50.05645730416373
2025-06-12 10:26:00,26.4
2025-06-12 16:40:00,76.3
2025-06-12 09:07:00,80.2
2025-06-12 12:06:00,19.2
2025-06-12 18:47:00,22.2
2025-06-12 11:11:00,43.6
2025-06-12 04:07:00,73.9
2025-06-12 17:40:00,95.8
2025-06-12 08:37:00,93.6
2025-06-12 01:11:00,43.6
2025-06-12 21:34:00,60.1
2025-06-12 16:20:00,23.2
2025-06-12 12:52:00,5.3
2025-06-12 17:38:00,12.7
2025-06-12 14:44:00,49.5
2025-06-12 13:14:00,50.05645730416373
2025-06-12 08:16:00,86.4
2025-06-12 13:28:00,20.4
2025-06-12 05:41:00,13.8
2025-06-12 08:17:00,51.2
2025-06-12 03:20:00,72.6
2025-06-12 14:57:00,50.05645730416373
2025-06-12 05:37:00,37.0
2025-06-12 15:53:00,64.5
2025-06-12 11:01:00,2.8
2025-06-12 07:10:00,47.0
2025-06-12 11:43:00,93.3
2025-06-12 20:31:00,91.6
2025-06-12 09:56:00,13.4
2025-06-12 05:58:00,95.3
2025-06-12 14:20:00,50.05645730416373
2025-06-12 01:38:00,6.6
2025-06-12 05:17:00,56.3
2025-06-12 02:44:00,92.7
2025-06-12 08:43:00,49.2
2025-06-12 19:17:00,55.5
2025-06-12 23:23:00,97.4
2025-06-12 13:35:00,11.6
2025-06-12 23:13:00,87.8
2025-06-12 16:39:00,15.8
2025-06-12 02:34:00,61.3
2025-06-12 07:25:00,51.6
2025-06-12 12:49:00,21.9
2025-06-12 08:21:00,29.2
2025-06-12 18:58:00,11.3
2025-06-12 07:38:00,47.9
2025-06-12 15:39:00,9.5
2025-06-12 07:45:00,7.9
2025-06-12 03:01:00,16.4
2025-06-12 18:00:00,59.3
2025-06-12 14:03:00,16.5
2025-06-12 12:39:00,28.2
2025-06-12 01:13:00,50.05645730416373
2025-06-12 04:33:00,50.05645730416373
2025-06-12 04:13:00,89.7
2025-06-12 06:29:00,32.8
2025-06-12 14:23:00,20.3
2025-06-12 02:31:00,50.05645730416373
2025-06-12 07:04:00,68.8
2025-06-12 06:35:00,33.6
2025-06-12 16:19:00,85.4
2025-06-12 08:30:00,50.05645730416373
2025-06-12 10:00:00,77.8
2025-06-12 04:40:00,50.05645730416373
2025-06-12 21:05:00,15.9
2025-06-12 15:59:00,92.1
2025-06-12 01:42:00,87.2
2025-06-12 01:56:00,60.1
2025-06-12 20:13:00,31.1
2025-06-12 13:21:00,63.3
2025-06-12 21:33:00,5.1
2025-06-12 00:07:00,38.8
2025-06-12 19:42:00,50.05645730416373
2025-06-12 01:21:00,31.6
2025-06-12 08:42:00,28.7
2025-06-12 18:43:00,35.9
2025-06-12 09:48:00,49.7
2025-06-12 19:00:00,43.5
2025-06-12 15:18:00,50.05645730416373
2025-06-12 07:54:00,50.05645730416373
2025-06-12 19:23:00,35.4
2025-06-12 11:26:00,12.4
2025-06-12 03:14:00,21.6
2025-06-12 05:16:00,71.8
2025-06-12 21:47:00,74.7
2025-06-12 14:08:00,50.05645730416373
2025-06-12 22:50:00,38.4
2025-06-12 22:07:00,80.3
2025-06-12 18:41:00,1.9
2025-06-12 15:51:00,50.05645730416373
2025-06-12 15:52:00,69.5
2025-06-12 19:26:00,50.05645730416373
2025-06-12 08:22:00,68.0
2025-06-12 16:41:00,50.05645730416373
2025-06-12 00:52:00,2.8
2025-06-12 00:22:00,50.05645730416373
2025-06-12 09:16:00,83.5
2025-06-12 04:11:00,97.0
2025-06-12 09:35:00,27.4
2025-06-12 01:15:00,35.3
2025-06-12 09:37:00,71.5
2025-06-12 00:10:00,76.5
2025-06-12 06:58:00,90.1
2025-06-12 11:41:00,58.3
2025-06-12 20:53:00,0.7
2025-06-12 05:19:00,18.9
2025-06-12 16:54:00,50.05645730416373
2025-06-12 11:37:00,27.3
2025-06-12 14:28:00,50.05645730416373
2025-06-12 21:19:00,67.6
2025-06-12 19:21:00,46.6
2025-06-12 06:28:00,37.3
2025-06-12 01:48:00,67.8
2025-06-12 03:50:00,50.05645730416373
2025-06-12 21:04:00,98.1
2025-06-12 18:56:00,73.2
2025-06-12 21:43:00,58.7
2025-06-12 18:21:00,32.7
2025-06-12 13:15:00,61.5
2025-06-12 23:41:00,21.4
2025-06-12 05:51:00,16.5
2025-06-12 06:20:00,87.4
2025-06-12 13:05:00,56.6
2025-06-12 00:23:00,27.6
2025-06-12 18:39:00,56.5
2025-06-12 18:28:00,91.5
2025-06-12 02:57:00,50.05645730416373
2025-06-12 07:16:00,86.9
2025-06-12 00:14:00,4.7
2025-06-12 21:22:00,48.2
2025-06-12 04:08:00,18.3
2025-06-12 18:11:00,8.6
2025-06-12 10:38:00,1.2
2025-06-12 03:54:00,12.2
2025-06-12 00:01:00,89.9
2025-06-12 16:08:00,50.05645730416373
2025-06-12 10:11:00,39.3
2025-06-12 22:21:00,64.9
2025-06-12 23:57:00,7.1
2025-06-12 17:27:00,15.5
2025-06-12 16:52:00,75.6
2025-06-12 05:04:00,77.5
2025-06-12 01:23:00,63.1
2025-06-12 03:15:00,0.9
2025-06-12 03:52:00,50.05645730416373
2025-06-12 15:45:00,9.9
2025-06-12 23:29:00,50.05645730416373
2025-06-12 02:10:00,92.8
2025-06-12 23:53:00,58.2
2025-06-12 02:33:00,38.7
2025-06-12 03:57:00,50.05645730416373
2025-06-12 01:03:00,28.1
2025-06-12 20:25:00,72.1
2025-06-12 00:02:00,61.0
2025-06-12 19:15:00,24.9
2025-06-12 15:25:00,43.3
2025-06-12 07:07:00,73.3
2025-06-12 06:54:00,62.9
2025-06-12 16:18:00,60.1
2025-06-12 02:00:00,9.8
2025-06-12 23:02:00,50.05645730416373
2025-06-12 12:09:00,77.7
2025-06-12 19:58:00,28.4
2025-06-12 06:37:00,64.6
2025-06-12 15:44:00,40.8
2025-06-12 13:53:00,14.8
2025-06-12 11:07:00,28.6
2025-06-12 09:25:00,64.2
2025-06-12 15:35:00,31.3
2025-06-12 09:38:00,56.2
2025-06-12 00:36:00,3.7
2025-06-12 21:23:00,50.05645730416373
2025-06-12 23:42:00,67.8
2025-06-12 15:19:00,26.2
2025-06-12 03:04:00,37.7
2025-06-12 23:11:00,28.0
2025-06-12 20:58:00,66.4
2025-06-12 01:17:00,70.7
2025-06-12 06:19:00,59.1
2025-06-12 11:19:00,3.8
2025-06-12 05:57:00,7.9
2025-06-12 11:18:00,67.6
2025-06-12 18:03:00,34.8
2025-06-12 06:08:00,23.2
2025-06-12 11:02:00,50.05645730416373
2025-06-12 15:03:00,50.05645730416373
2025-06-12 17:08:00,50.05645730416373
2025-06-12 05:49:00,36.4
2025-06-12 02:58:00,64.5
2025-06-12 12:45:00,8.0
2025-06-12 11:05:00,21.4
2025-06-12 03:36:00,98.7
2025-06-12 21:25:00,55.2
2025-06-12 20:38:00,96.6
2025-06-12 14:18:00,24.1
2025-06-12 02:36:00,50.05645730416373
2025-06-12 19:36:00,68.1
2025-06-12 00:38:00,27.5
2025-06-12 22:28:00,99.1
2025-06-12 15:58:00,11.3
2025-06-12 15:50:00,85.0
2025-06-12 12:35:00,14.6
2025-06-12 13:09:00,87.8
2025-06-12 08:13:00,15.2
2025-06-12 01:51:00,43.3
2025-06-12 10:47:00,20.5
2025-06-12 16:04:00,10.8
2025-06-12 23:39:00,69.0
2025-06-12 05:39:00,40.8
2025-06-12 05:08:00,29.4
2025-06-12 08:27:00,38.3
2025-06-12 21:44:00,1.1
2025-06-12 10:24:00,20.3
2025-06-12 17:41:00,71.1
2025-06-12 14:58:00,49.90502819548872
2025-06-12 12:45:00,95.3
2025-06-12 01:00:00,84.1
2025-06-12 12:12:00,42.1
2025-06-12 12:34:00,49.90502819548872
2025-06-12 20:12:00,5.9
2025-06-12 08:58:00,98.1
2025-06-12 07:12:00,44.1
2025-06-12 13:03:00,5.7
2025-06-12 15:14:00,83.2
2025-06-12 15:48:00,26.8
2025-06-12 04:23:00,19.6
2025-06-12 18:24:00,72.0
2025-06-12 22:15:00,61.1
2025-06-12 01:28:00,28.3
2025-06-12 01:44:00,52.4
2025-06-12 07:32:00,49.90502819548872
2025-06-12 19:17:00,54.5
2025-06-12 10:51:00,49.0
2025-06-12 01:03:00,94.7
2025-06-12 22:46:00,5.8
2025-06-12 09:21:00,57.3
2025-06-12 22:39:00,49.90502819548872
2025-06-12 20:49:00,49.90502819548872
2025-06-12 14:40:00,68.5
2025-06-12 13:42:00,59.4
2025-06-12 02:08:00,62.5
2025-06-12 20:22:00,90.5
2025-06-12 03:35:00,49.90502819548872
2025-06-12 22:11:00,42.9
2025-06-12 03:50:00,11.8
2025-06-12 01:34:00,49.90502819548872
2025-06-12 16:35:00,27.7
2025-06-12 10:12:00,1.3
2025-06-12 01:05:00,14.2
2025-06-12 11:20:00,24.9
2025-06-12 08:32:00,53.2
2025-06-12 19:23:00,50.0
2025-06-12 09:29:00,42.7
2025-06-12 15:42:00,5.4
2025-06-12 09:34:00,76.8
2025-06-12 22:42:00,61.5
2025-06-12 14:06:00,11.8
2025-06-12 23:34:00,9.1
2025-06-12 10:14:00,49.90502819548872
2025-06-12 20:55:00,46.5
2025-06-12 10:42:00,4.5
2025-06-12 13:53:00,61.0
2025-06-12 23:11:00,84.9
2025-06-12 12:33:00,73.8
2025-06-12 09:47:00,33.7
2025-06-12 09:12:00,57.8
2025-06-12 06:18:00,49.90502819548872
2025-06-12 06:19:00,3.5
2025-06-12 17:23:00,49.90502819548872
2025-06-12 16:01:00,1.6
2025-06-12 07:03:00,27.1
2025-06-12 16:02:00,49.90502819548872
2025-06-12 16:40:00,85.6
2025-06-12 00:02:00,80.8
2025-06-12 07:08:00,58.9
2025-06-12 00:44:00,75.4
2025-06-12 05:55:00,47.0
2025-06-12 16:36:00,44.6
2025-06-12 04:49:00,8.4
2025-06-12 16:57:00,60.3
2025-06-12 14:24:00,23.3
2025-06-12 01:46:00,79.6
2025-06-12 09:08:00,63.1
2025-06-12 08:12:00,78.5
2025-06-12 12:20:00,46.3
2025-06-12 09:55:00,49.90502819548872
2025-06-12 21:01:00,52.9
2025-06-12 00:57:00,39.7
2025-06-12 19:50:00,70.0
2025-06-12 03:20:00,3.4
2025-06-12 15:07:00,49.90502819548872
2025-06-12 16:56:00,60.5
2025-06-12 04:25:00,49.90502819548872
2025-06-12 02:06:00,64.5
2025-06-12 03:38:00,49.90502819548872
2025-06-12 14:07:00,49.90502819548872
2025-06-12 19:48:00,5.0
2025-06-12 20:25:00,86.4
2025-06-12 04:50:00,34.5
2025-06-12 15:54:00,3.5
2025-06-12 19:42:00,89.7
2025-06-12 23:16:00,49.90502819548872
2025-06-12 14:37:00,3.3
2025-06-12 23:47:00,92.9
2025-06-12 05:43:00,19.6
2025-06-12 02:38:00,4.6
2025-06-12 20:26:00,68.1
2025-06-12 21:22:00,76.8
2025-06-12 08:27:00,80.0
2025-06-12 19:15:00,23.4
2025-06-12 11:53:00,51.7
2025-06-12 07:25:00,72.5
2025-06-12 17:34:00,39.0
2025-06-12 19:26:00,28.9
2025-06-12 03:22:00,80.8
2025-06-12 17:56:00,51.3
2025-06-12 11:03:00,49.90502819548872
2025-06-12 07:13:00,15.1
2025-06-12 01:33:00,89.1
2025-06-12 19:45:00,23.0
2025-06-12 20:51:00,17.6
2025-06-12 22:24:00,53.9
2025-06-12 14:18:00,89.2
2025-06-12 19:22:00,94.1
2025-06-12 06:26:00,49.90502819548872
2025-06-12 19:08:00,67.7
2025-06-12 18:41:00,94.7
2025-06-12 22:36:00,11.6
2025-06-12 05:40:00,29.1
2025-06-12 10:21:00,66.4
2025-06-12 11:59:00,59.1
2025-06-12 09:23:00,76.8
2025-06-12 19:24:00,92.2
2025-06-12 22:38:00,49.90502819548872
2025-06-12 15:09:00,29.7
2025-06-12 18:23:00,41.9
2025-06-12 18:59:00,49.90502819548872
2025-06-12 02:40:00,24.7
2025-06-12 19:31:00,9.3
2025-06-12 03:15:00,94.4
2025-06-12 12:02:00,70.4
2025-06-12 06:06:00,19.9
2025-06-12 06:36:00,86.0
2025-06-12 18:05:00,8.0
2025-06-12 10:05:00,49.90502819548872
2025-06-12 19:09:00,59.6
2025-06-12 16:05:00,97.6
2025-06-12 20:53:00,98.9
2025-06-12 09:39:00,49.90502819548872
2025-06-12 00:35:00,86.2
2025-06-12 05:13:00,54.4
2025-06-12 03:27:00,73.6
2025-06-12 17:07:00,84.0
2025-06-12 21:57:00,96.1
2025-06-12 10:55:00,89.4
2025-06-12 08:56:00,99.1
2025-06-12 18:46:00,47.0
2025-06-12 05:10:00,42.3
2025-06-12 06:01:00,14.4
2025-06-12 02:43:00,21.8
2025-06-12 22:13:00,29.3
2025-06-12 19:59:00,49.90502819548872
2025-06-12 22:43:00,92.5
2025-06-12 17:26:00,49.90502819548872
2025-06-12 19:13:00,32.2
2025-06-12 17:05:00,85.0
2025-06-12 10:20:00,4.0
2025-06-12 15:27:00,14.3
2025-06-12 08:43:00,36.1
2025-06-12 06:42:00,13.9
2025-06-12 09:44:00,31.6
2025-06-12 05:35:00,50.1
2025-06-12 21:04:00,11.3
2025-06-12 15:33:00,49.90502819548872
2025-06-12 09:46:00,49.90502819548872
2025-06-12 06:38:00,68.9
2025-06-12 02:10:00,29.8
2025-06-12 01:14:00,33.0
2025-06-12 03:02:00,24.5
2025-06-12 05:17:00,49.90502819548872
2025-06-12 05:23:00,49.90502819548872
2025-06-12 00:52:00,87.9
2025-06-12 08:17:00,83.2
2025-06-12 17:38:00,88.8
2025-06-12 00:22:00,90.2
2025-06-12 19:38:00,3.8
2025-06-12 06:12:00,88.0
2025-06-12 21:02:00,49.90502819548872
2025-06-12 23:18:00,61.2
2025-06-12 12:53:00,76.6
2025-06-12 20:38:00,63.0
2025-06-12 20:08:00,33.5
2025-06-12 13:20:00,0.2
2025-06-12 11:21:00,6.7
2025-06-12 11:48:00,16.2
2025-06-12 03:54:00,53.7
2025-06-12 01:18:00,13.2
2025-06-12 06:09:00,30.3
2025-06-12 15:55:00,19.5
2025-06-12 02:00:00,58.7
2025-06-12 16:54:00,60.3
2025-06-12 05:47:00,37.7
2025-06-12 01:11:00,80.8
2025-06-12 12:59:00,52.2
2025-06-12 10:23:00,32.6
2025-06-12 21:45:00,8.5
2025-06-12 10:11:00,49.90502819548872
2025-06-12 19:53:00,62.2
2025-06-12 05:01:00,41.8
2025-06-12 17:03:00,52.2
2025-06-12 19:30:00,29.7
2025-06-12 20:14:00,84.5
2025-06-12 20:50:00,48.0
2025-06-12 18:20:00,49.6
2025-06-12 21:56:00,39.3
2025-06-12 11:45:00,54.0
2025-06-12 13:05:00,15.3
2025-06-12 00:54:00,41.9
2025-06-12 20:01:00,96.3
2025-06-12 13:55:00,41.0
2025-06-12 23:57:00,70.0
2025-06-12 05:07:00,30.4
2025-06-12 22:50:00,88.9
2025-06-12 15:03:00,76.1
2025-06-12 20:16:00,70.5
2025-06-12 02:19:00,1.1
2025-06-12 08:04:00,35.3
2025-06-12 10:10:00,76.7
2025-06-12 11:30:00,76.4
2025-06-12 18:01:00,35.7
2025-06-12 15:18:00,25.3
2025-06-12 02:53:00,32.0
2025-06-12 06:02:00,55.0
2025-06-12 08:30:00,12.0
2025-06-12 15:17:00,8.4
2025-06-12 13:39:00,90.4
2025-06-12 16:28:00,83.9
2025-06-12 22:06:00,43.5
2025-06-12 22:00:00,49.90502819548872
2025-06-12 18:18:00,28.0
2025-06-12 07:07:00,49.90502819548872
2025-06-12 05:08:00,14.6
2025-06-12 23:26:00,11.5
2025-06-12 13:06:00,49.90502819548872
2025-06-12 03:29:00,29.2
2025-06-12 20:34:00,14.8
2025-06-12 22:44:00,75.1
2025-06-12 02:09:00,7.9
2025-06-12 01:15:00,49.90502819548872
2025-06-12 05:21:00,75.3
2025-06-12 17:54:00,45.7
2025-06-12 20:39:00,81.0
2025-06-12 06:31:00,49.90502819548872
2025-06-12 02:17:00,64.6
2025-06-12 17:14:00,32.9
2025-06-12 21:36:00,49.90502819548872
2025-06-12 12:52:00,57.0
2025-06-12 02:24:00,9.7
2025-06-12 21:49:00,49.90502819548872
2025-06-12 02:32:00,44.1
2025-06-12 00:27:00,47.6
2025-06-12 10:53:00,68.1
2025-06-12 19:57:00,40.3
2025-06-12 11:02:00,68.4
2025-06-12 23:58:00,87.2
2025-06-12 01:24:00,97.7
2025-06-12 22:54:00,56.3
2025-06-12 13:57:00,0.2
2025-06-12 15:34:00,19.2
2025-06-12 11:58:00,82.2
2025-06-12 09:24:00,57.9
2025-06-12 20:18:00,5.3
2025-06-12 10:43:00,35.4
2025-06-12 16:12:00,69.0
2025-06-12 21:25:00,44.3
2025-06-12 19:10:00,63.8
2025-06-12 22:58:00,34.0
2025-06-12 23:10:00,78.5
2025-06-12 16:32:00,71.4
2025-06-12 13:56:00,16.0
2025-06-12 20:06:00,19.3
2025-06-12 23:28:00,14.6
2025-06-12 11:17:00,49.90502819548872
2025-06-12 23:45:00,59.9
2025-06-12 03:00:00,51.9
2025-06-12 11:55:00,49.90502819548872
2025-06-12 08:33:00,7.2
2025-06-12 09:02:00,49.90502819548872
2025-06-12 09:26:00,3.9
2025-06-12 01:27:00,86.2
2025-06-12 00:43:00,35.6
2025-06-12 19:11:00,91.5
2025-06-12 03:44:00,52.7
2025-06-12 14:43:00,76.5
2025-06-12 01:04:00,49.90502819548872
2025-06-12 20:14:00,65.6
2025-06-12 14:43:00,80.8
2025-06-12 21:44:00,50.475078938135894
2025-06-12 02:21:00,40.3
2025-06-12 19:06:00,99.2
2025-06-12 16:14:00,85.5
2025-06-12 15:40:00,62.3
2025-06-12 22:29:00,66.5
2025-06-12 15:26:00,6.3
2025-06-12 12:54:00,76.2
2025-06-12 11:24:00,66.9
2025-06-12 19:12:00,85.2
2025-06-12 03:03:00,38.7
2025-06-12 16:23:00,32.4
2025-06-12 06:12:00,13.2
2025-06-12 06:57:00,73.6
2025-06-12 15:06:00,94.2
2025-06-12 17:38:00,50.475078938135894
2025-06-12 16:16:00,32.4
2025-06-12 01:52:00,73.6
2025-06-12 06:02:00,20.2
2025-06-12 02:10:00,50.475078938135894
2025-06-12 12:52:00,67.8
2025-06-12 18:41:00,64.1
2025-06-12 05:46:00,50.475078938135894
2025-06-12 01:08:00,65.7
2025-06-12 04:32:00,94.7
2025-06-12 01:04:00,84.4
2025-06-12 00:30:00,96.6
2025-06-12 18:27:00,50.475078938135894
2025-06-12 08:06:00,91.1
2025-06-12 13:13:00,1.1
2025-06-12 11:55:00,76.1
2025-06-12 20:01:00,50.475078938135894
2025-06-12 16:03:00,50.475078938135894
2025-06-12 18:51:00,0.7
2025-06-12 15:58:00,32.9
2025-06-12 21:56:00,55.9
2025-06-12 00:03:00,98.7
2025-06-12 06:06:00,98.0
2025-06-12 00:28:00,90.3
2025-06-12 19:31:00,50.2
2025-06-12 12:46:00,89.9
2025-06-12 19:04:00,50.475078938135894
2025-06-12 04:12:00,50.475078938135894
2025-06-12 06:42:00,61.2
2025-06-12 04:04:00,50.2
2025-06-12 16:52:00,16.3
2025-06-12 19:07:00,71.2
2025-06-12 07:44:00,18.1
2025-06-12 18:24:00,31.2
2025-06-12 09:22:00,87.5
2025-06-12 10:50:00,65.0
2025-06-12 22:41:00,39.3
2025-06-12 01:29:00,9.2
2025-06-12 22:09:00,50.475078938135894
2025-06-12 10:12:00,50.475078938135894
2025-06-12 13:04:00,89.0
2025-06-12 15:23:00,19.9
2025-06-12 22:33:00,98.7
2025-06-12 14:49:00,50.475078938135894
2025-06-12 07:19:00,45.7
2025-06-12 04:59:00,60.1
2025-06-12 13:06:00,69.1
2025-06-12 07:52:00,91.7
2025-06-12 22:16:00,22.0
2025-06-12 18:59:00,53.6
2025-06-12 18:55:00,23.7
2025-06-12 06:17:00,44.2
2025-06-12 05:39:00,12.7
2025-06-12 18:10:00,50.475078938135894
2025-06-12 19:28:00,99.5
2025-06-12 14:00:00,84.5
2025-06-12 00:43:00,67.4
2025-06-12 02:35:00,69.5
2025-06-12 20:18:00,19.9
2025-06-12 23:39:00,99.7
2025-06-12 05:38:00,43.4
2025-06-12 17:06:00,81.7
2025-06-12 13:55:00,89.7
2025-06-12 12:32:00,48.1
2025-06-12 20:07:00,50.475078938135894
2025-06-12 06:56:00,7.9
2025-06-12 20:36:00,29.0
2025-06-12 02:44:00,63.2
2025-06-12 11:07:00,50.475078938135894
2025-06-12 12:51:00,53.0
2025-06-12 14:03:00,75.0
2025-06-12 22:38:00,54.2
2025-06-12 10:57:00,19.1
2025-06-12 12:36:00,61.6
2025-06-12 00:42:00,50.475078938135894
2025-06-12 20:51:00,58.1
2025-06-12 04:50:00,5.2
2025-06-12 14:16:00,50.475078938135894
2025-06-12 00:34:00,35.8
2025-06-12 02:42:00,27.4
2025-06-12 05:40:00,84.3
2025-06-12 07:30:00,54.6
2025-06-12 23:45:00,95.1
2025-06-12 04:23:00,45.2
2025-06-12 01:43:00,25.7
2025-06-12 01:15:00,50.475078938135894
2025-06-12 10:51:00,39.5
2025-06-12 15:57:00,74.8
2025-06-12 23:30:00,16.5
2025-06-12 14:18:00,30.5
2025-06-12 06:10:00,64.6
2025-06-12 17:10:00,6.2
2025-06-12 16:10:00,37.6
2025-06-12 01:53:00,8.7
2025-06-12 23:43:00,50.475078938135894
2025-06-12 20:30:00,8.8
2025-06-12 06:31:00,38.0
2025-06-12 19:41:00,50.475078938135894
2025-06-12 16:46:00,65.6
2025-06-12 20:37:00,15.1
2025-06-12 14:39:00,38.0
2025-06-12 23:24:00,42.8
2025-06-12 07:34:00,20.3
2025-06-12 02:56:00,45.3
2025-06-12 15:19:00,83.6
2025-06-12 06:55:00,50.475078938135894
2025-06-12 21:12:00,74.9
2025-06-12 21:17:00,12.5
2025-06-12 09:14:00,91.1
2025-06-12 03:24:00,32.9
2025-06-12 05:06:00,53.8
2025-06-12 17:43:00,69.9
2025-06-12 05:47:00,10.6
2025-06-12 14:58:00,36.0
2025-06-12 12:59:00,18.9
2025-06-12 08:02:00,49.4
2025-06-12 13:15:00,50.475078938135894
2025-06-12 09:56:00,50.475078938135894
2025-06-12 09:13:00,36.8
2025-06-12 04:20:00,50.475078938135894
2025-06-12 09:36:00,3.1
2025-06-12 08:58:00,61.2
2025-06-12 13:56:00,48.1
2025-06-12 22:02:00,24.5
2025-06-12 20:00:00,97.3
2025-06-12 17:08:00,18.0
2025-06-12 02:40:00,72.1
2025-06-12 01:01:00,59.3
2025-06-12 13:47:00,58.5
2025-06-12 00:02:00,50.475078938135894
2025-06-12 01:07:00,75.3
2025-06-12 15:49:00,13.9
2025-06-12 21:37:00,33.0
2025-06-12 20:40:00,98.6
2025-06-12 13:23:00,34.2
2025-06-12 09:48:00,12.3
2025-06-12 17:55:00,63.1
2025-06-12 10:55:00,26.4
2025-06-12 07:08:00,79.3
2025-06-12 03:27:00,72.0
2025-06-12 16:13:00,50.475078938135894
2025-06-12 12:50:00,20.8
2025-06-12 21:21:00,50.475078938135894
2025-06-12 09:27:00,42.3
2025-06-12 01:00:00,93.1
2025-06-12 05:13:00,40.5
2025-06-12 19:02:00,60.8
2025-06-12 11:58:00,50.475078938135894
2025-06-12 05:32:00,75.4
2025-06-12 10:30:00,47.4
2025-06-12 08:54:00,20.1
2025-06-12 15:13:00,76.9
2025-06-12 23:05:00,10.7
2025-06-12 06:45:00,17.1
2025-06-12 19:26:00,21.4
2025-06-12 09:06:00,50.475078938135894
2025-06-12 07:27:00,50.475078938135894
2025-06-12 01:36:00,50.475078938135894
2025-06-12 21:58:00,58.8
2025-06-12 03:20:00,93.5
2025-06-12 17:31:00,97.1
2025-06-12 03:29:00,68.7
2025-06-12 01:09:00,67.5
2025-06-12 09:34:00,93.2
2025-06-12 11:34:00,80.3
2025-06-12 04:15:00,7.5
2025-06-12 19:00:00,79.8
2025-06-12 10:40:00,50.475078938135894
2025-06-12 16:19:00,0.5
2025-06-12 01:28:00,9.4
2025-06-12 06:41:00,21.6
2025-06-12 09:08:00,31.9
2025-06-12 17:01:00,0.9
2025-06-12 07:31:00,55.6
2025-06-12 21:01:00,15.5
2025-06-12 10:21:00,88.8
2025-06-12 05:59:00,29.6
2025-06-12 03:41:00,14.1
2025-06-12 18:52:00,76.1
2025-06-12 13:57:00,19.0
2025-06-12 15:22:00,95.8
2025-06-12 17:29:00,82.3
2025-06-12 09:30:00,35.0
2025-06-12 02:36:00,47.1
2025-06-12 04:46:00,99.4
2025-06-12 02:48:00,10.0
2025-06-12 04:41:00,50.475078938135894
2025-06-12 22:08:00,61.3
2025-06-12 12:15:00,63.0
2025-06-12 20:52:00,70.7
2025-06-12 23:08:00,96.0
2025-06-12 12:28:00,50.475078938135894
2025-06-12 02:26:00,86.4
2025-06-12 23:51:00,57.7
2025-06-12 13:26:00,85.2
2025-06-12 17:49:00,59.8
2025-06-12 20:09:00,49.8
2025-06-12 03:01:00,30.4
2025-06-12 04:55:00,50.475078938135894
2025-06-12 11:54:00,84.3
2025-06-12 09:47:00,7.4
2025-06-12 08:17:00,59.8
2025-06-12 17:03:00,38.1
2025-06-12 01:46:00,50.475078938135894
2025-06-12 15:09:00,50.475078938135894
2025-06-12 05:25:00,11.8
2025-06-12 16:40:00,46.5
2025-06-12 00:47:00,13.6
2025-06-12 17:40:00,13.1
2025-06-12 07:12:00,79.0
2025-06-12 19:47:00,76.2
2025-06-12 09:31:00,11.4
2025-06-12 10:38:00,14.5
2025-06-12 15:12:00,99.2
2025-06-12 13:34:00,0.8
2025-06-12 16:44:00,11.9
2025-06-12 18:16:00,37.2
2025-06-12 19:15:00,33.0
2025-06-12 09:29:00,93.6
2025-06-12 02:14:00,30.8
2025-06-12 08:59:00,37.2
2025-06-12 19:51:00,48.0
2025-06-12 16:05:00,26.0
2025-06-12 00:44:00,4.3
2025-06-12 03:06:00,43.9
2025-06-12 10:56:00,47.8
2025-06-12 22:17:00,57.5
2025-06-12 03:32:00,59.2
2025-06-12 04:03:00,2.4
2025-06-12 01:17:00,58.1
2025-06-12 16:38:00,55.0
2025-06-12 11:38:00,12.0
2025-06-12 15:53:00,50.475078938135894
2025-06-12 02:32:00,50.3
2025-06-12 08:39:00,20.2
2025-06-12 17:00:00,50.475078938135894
2025-06-12 00:05:00,17.6
2025-06-12 10:54:00,50.475078938135894
2025-06-12 08:13:00,68.5
2025-06-12 22:32:00,28.4
2025-06-12 13:43:00,49.5
2025-06-12 01:30:00,16.0
2025-06-12 12:33:00,64.8
2025-06-12 14:44:00,93.7
2025-06-12 21:48:00,26.9
2025-06-12 07:23:00,41.9
2025-06-12 18:22:00,59.9
2025-06-12 09:28:00,96.0
2025-06-12 14:17:00,76.1
2025-06-12 04:29:00,63.1
2025-06-12 12:14:00,46.4
2025-06-12 13:30:00,45.6
2025-06-12 03:38:00,1.0
2025-06-12 06:48:00,88.7
2025-06-12 11:14:00,13.4
2025-06-12 19:17:00,89.5
2025-06-12 13:41:00,53.4
2025-06-12 16:29:00,65.2
2025-06-12 03:10:00,59.5
2025-06-12 22:56:00,17.0
2025-06-12 15:34:00,53.7
2025-06-12 14:08:00,14.4
2025-06-12 10:36:00,50.475078938135894
2025-06-12 12:30:00,50.475078938135894
2025-06-12 02:11:00,50.475078938135894
2025-06-12 01:58:00,77.6
2025-06-12 03:11:00,31.1
2025-06-12 07:15:00,64.3
2025-06-12 09:11:00,85.3
2025-06-12 21:51:00,82.5
2025-06-12 14:55:00,24.3
2025-06-12 21:28:00,75.2
2025-06-12 19:37:00,93.2
2025-06-12 09:20:00,82.1
2025-06-12 00:14:00,50.475078938135894
2025-06-12 15:27:00,80.6
2025-06-12 14:45:00,38.7
2025-06-12 03:33:00,50.1
2025-06-12 13:19:00,65.8
2025-06-12 22:07:00,18.1
2025-06-12 00:00:00,38.5
2025-06-12 01:45:00,21.8
2025-06-12 02:50:00,4.3
2025-06-12 06:19:00,87.1
2025-06-12 20:49:00,2.7
2025-06-12 15:47:00,53.8
2025-06-12 22:59:00,50.492298592215775
2025-06-12 04:42:00,65.4
2025-06-12 16:20:00,92.5
2025-06-12 13:49:00,50.492298592215775
2025-06-12 02:49:00,95.3
2025-06-12 16:55:00,15.6
2025-06-12 12:14:00,58.9
2025-06-12 12:46:00,50.492298592215775
2025-06-12 12:40:00,14.5
2025-06-12 15:28:00,46.3
2025-06-12 11:32:00,96.7
2025-06-12 18:19:00,50.492298592215775
2025-06-12 17:59:00,29.7
2025-06-12 22:48:00,73.7
2025-06-12 03:24:00,35.5
2025-06-12 18:53:00,62.6
2025-06-12 12:48:00,63.6
2025-06-12 02:19:00,2.8
2025-06-12 20:27:00,33.7
2025-06-12 04:37:00,59.9
2025-06-12 14:01:00,30.9
2025-06-12 15:10:00,7.3
2025-06-12 19:17:00,54.2
2025-06-12 18:07:00,66.3
2025-06-12 07:26:00,78.3
2025-06-12 19:49:00,30.8
2025-06-12 14:14:00,88.2
2025-06-12 12:03:00,60.7
2025-06-12 06:38:00,98.1
2025-06-12 14:23:00,50.492298592215775
2025-06-12 00:28:00,87.6
2025-06-12 14:31:00,19.5
2025-06-12 23:41:00,84.1
2025-06-12 05:50:00,50.492298592215775
2025-06-12 11:16:00,88.3
2025-06-12 09:15:00,45.1
2025-06-12 05:45:00,20.6
2025-06-12 17:16:00,19.1
2025-06-12 01:48:00,69.4
2025-06-12 17:44:00,59.9
2025-06-12 11:21:00,95.3
2025-06-12 00:52:00,51.1
2025-06-12 15:25:00,81.4
2025-06-12 10:24:00,3.9
2025-06-12 22:14:00,37.8
2025-06-12 14:42:00,14.2
2025-06-12 23:49:00,62.9
2025-06-12 02:38:00,82.7
2025-06-12 14:28:00,26.0
2025-06-12 21:05:00,5.9
2025-06-12 03:08:00,50.492298592215775
2025-06-12 17:55:00,36.2
2025-06-12 21:06:00,46.1
2025-06-12 04:26:00,69.9
2025-06-12 08:24:00,50.492298592215775
2025-06-12 23:30:00,72.1
2025-06-12 15:24:00,89.5
2025-06-12 18:56:00,99.8
2025-06-12 16:16:00,95.4
2025-06-12 15:57:00,14.7
2025-06-12 01:31:00,75.4
2025-06-12 12:55:00,10.5
2025-06-12 17:22:00,89.6
2025-06-12 23:07:00,35.6
2025-06-12 15:00:00,17.9
2025-06-12 06:05:00,50.492298592215775
2025-06-12 21:16:00,14.6
2025-06-12 15:08:00,9.7
2025-06-12 09:18:00,25.1
2025-06-12 13:11:00,65.9
2025-06-12 20:39:00,49.6
2025-06-12 15:26:00,55.6
2025-06-12 02:24:00,70.3
2025-06-12 20:15:00,52.2
2025-06-12 16:13:00,54.1
2025-06-12 08:56:00,39.8
2025-06-12 07:29:00,49.2
2025-06-12 08:50:00,5.1
2025-06-12 13:41:00,36.6
2025-06-12 17:30:00,64.3
2025-06-12 10:29:00,57.0
2025-06-12 18:22:00,80.6
2025-06-12 10:18:00,50.492298592215775
2025-06-12 17:06:00,13.5
2025-06-12 10:31:00,59.0
2025-06-12 04:12:00,50.492298592215775
2025-06-12 15:46:00,62.7
2025-06-12 20:19:00,24.3
2025-06-12 20:09:00,50.492298592215775
2025-06-12 11:15:00,6.3
2025-06-12 02:00:00,50.492298592215775
2025-06-12 05:51:00,93.7
2025-06-12 10:30:00,38.1
2025-06-12 09:51:00,86.5
2025-06-12 22:25:00,70.1
2025-06-12 15:16:00,32.3
2025-06-12 20:38:00,4.5
2025-06-12 19:31:00,13.8
2025-06-12 20:13:00,50.492298592215775
2025-06-12 06:04:00,73.4
2025-06-12 23:06:00,69.4
2025-06-12 21:51:00,17.2
2025-06-12 22:36:00,79.4
2025-06-12 00:16:00,62.3
2025-06-12 18:15:00,93.8
2025-06-12 01:38:00,99.0
2025-06-12 08:36:00,4.0
2025-06-12 01:46:00,50.492298592215775
2025-06-12 10:20:00,98.5
2025-06-12 19:09:00,76.2
2025-06-12 05:53:00,13.9
2025-06-12 16:42:00,88.3
2025-06-12 03:39:00,83.3
2025-06-12 04:04:00,52.9
2025-06-12 20:59:00,35.9
2025-06-12 15:53:00,31.4
2025-06-12 15:34:00,81.0
2025-06-12 22:57:00,30.2
2025-06-12 09:42:00,6.7
2025-06-12 13:44:00,36.7
2025-06-12 11:44:00,29.9
2025-06-12 07:32:00,71.8
2025-06-12 01:27:00,27.3
2025-06-12 18:45:00,17.9
2025-06-12 16:53:00,87.3
2025-06-12 08:31:00,49.3
2025-06-12 14:51:00,72.1
2025-06-12 15:31:00,37.2
2025-06-12 22:30:00,98.5
2025-06-12 14:36:00,82.3
2025-06-12 23:37:00,65.7
2025-06-12 20:45:00,50.492298592215775
2025-06-12 10:58:00,96.0
2025-06-12 23:56:00,34.2
2025-06-12 15:18:00,82.6
2025-06-12 10:16:00,79.5
2025-06-12 08:37:00,8.8
2025-06-12 06:52:00,54.5
2025-06-12 08:02:00,79.7
2025-06-12 14:09:00,55.8
2025-06-12 06:59:00,95.8
2025-06-12 01:05:00,87.8
2025-06-12 17:19:00,33.7
2025-06-12 06:41:00,58.4
2025-06-12 23:02:00,40.2
2025-06-12 06:12:00,95.4
2025-06-12 22:00:00,62.8
2025-06-12 17:34:00,50.492298592215775
2025-06-12 10:23:00,92.6
2025-06-12 00:36:00,15.5
2025-06-12 16:37:00,50.492298592215775
2025-06-12 06:08:00,50.492298592215775
2025-06-12 03:45:00,22.5
2025-06-12 21:49:00,95.1
2025-06-12 22:20:00,50.492298592215775
2025-06-12 11:34:00,97.4
2025-06-12 14:08:00,50.492298592215775
2025-06-12 09:23:00,47.6
2025-06-12 13:36:00,9.6
2025-06-12 12:44:00,83.8
2025-06-12 08:21:00,80.2
2025-06-12 19:07:00,47.5
2025-06-12 03:21:00,50.492298592215775
2025-06-12 02:51:00,11.7
2025-06-12 08:58:00,50.492298592215775
2025-06-12 07:49:00,50.492298592215775
2025-06-12 18:40:00,61.0
2025-06-12 12:17:00,43.8
2025-06-12 20:47:00,91.9
2025-06-12 15:59:00,59.7
2025-06-12 13:52:00,67.1
2025-06-12 17:13:00,26.7
2025-06-12 07:46:00,73.6
2025-06-12 04:15:00,50.492298592215775
2025-06-12 09:54:00,79.3
2025-06-12 17:33:00,77.7
2025-06-12 11:05:00,97.0
2025-06-12 15:47:00,34.3
2025-06-12 07:50:00,50.492298592215775
2025-06-12 04:34:00,47.8
2025-06-12 08:03:00,48.3
2025-06-12 08:22:00,27.4
2025-06-12 02:30:00,12.2
2025-06-12 05:26:00,59.3
2025-06-12 12:13:00,92.1
2025-06-12 09:25:00,68.2
2025-06-12 08:34:00,41.4
2025-06-12 23:17:00,50.492298592215775
2025-06-12 21:20:00,46.0
2025-06-12 19:14:00,50.492298592215775
2025-06-12 01:32:00,74.0
2025-06-12 01:11:00,34.5
2025-06-12 21:14:00,20.5
2025-06-12 07:41:00,64.8
2025-06-12 20:20:00,42.4
2025-06-12 11:57:00,99.8
2025-06-12 07:16:00,27.6
2025-06-12 12:30:00,4.5
2025-06-12 22:13:00,76.5
2025-06-12 08:52:00,61.6
2025-06-12 04:45:00,72.9
2025-06-12 23:14:00,87.0
2025-06-12 18:02:00,31.2
2025-06-12 10:05:00,91.8
2025-06-12 10:04:00,50.492298592215775
2025-06-12 05:19:00,56.2
2025-06-12 04:36:00,81.1
2025-06-12 13:32:00,57.5
2025-06-12 12:21:00,95.8
2025-06-12 10:03:00,39.8
2025-06-12 15:05:00,21.7
2025-06-12 02:44:00,50.492298592215775
2025-06-12 05:12:00,8.0
2025-06-12 19:40:00,84.9
2025-06-12 03:47:00,2.1
2025-06-12 02:12:00,14.7
2025-06-12 01:37:00,82.2
2025-06-12 19:04:00,50.492298592215775
2025-06-12 20:36:00,48.7
2025-06-12 22:39:00,13.9
2025-06-12 11:48:00,37.7
2025-06-12 21:10:00,29.9
2025-06-12 15:20:00,50.492298592215775
2025-06-12 15:56:00,51.5
2025-06-12 06:58:00,7.8
2025-06-12 08:27:00,82.5
2025-06-12 21:19:00,10.4
2025-06-12 07:28:00,11.1
2025-06-12 19:57:00,27.3
2025-06-12 00:35:00,11.6
2025-06-12 20:30:00,50.492298592215775
2025-06-12 02:32:00,78.6
2025-06-12 06:39:00,86.5
2025-06-12 11:24:00,95.4
2025-06-12 13:28:00,0.2
2025-06-12 00:57:00,73.8
2025-06-12 19:34:00,50.492298592215775
2025-06-12 15:04:00,50.492298592215775
2025-06-12 12:45:00,13.3
2025-06-12 16:01:00,50.492298592215775
2025-06-12 11:01:00,47.7
2025-06-12 11:47:00,79.8
2025-06-12 01:39:00,45.2
2025-06-12 00:14:00,76.6
2025-06-12 12:16:00,46.5
2025-06-12 00:13:00,50.492298592215775
2025-06-12 21:45:00,34.7
2025-06-12 16:02:00,51.6
2025-06-12 22:06:00,64.1
2025-06-12 12:35:00,7.5
2025-06-12 11:19:00,30.9
2025-06-12 02:41:00,57.6
2025-06-12 07:08:00,36.4
2025-06-12 14:39:00,74.1
2025-06-12 03:12:00,88.5
2025-06-12 06:44:00,95.2
2025-06-12 11:18:00,50.492298592215775
2025-06-12 10:08:00,18.0
2025-06-12 19:11:00,69.1
2025-06-12 19:06:00,42.6
2025-06-12 20:28:00,4.8
2025-06-12 22:37:00,50.492298592215775
2025-06-12 01:01:00,27.9
2025-06-12 12:07:00,5.1
2025-06-12 02:31:00,53.7
2025-06-12 14:00:00,86.2
2025-06-12 12:33:00,69.2
2025-06-12 03:17:00,50.492298592215775
2025-06-12 00:58:00,69.7
2025-06-12 16:19:00,50.492298592215775
2025-06-12 07:19:00,44.2
2025-06-12 02:05:00,67.3
2025-06-12 09:39:00,68.9
2025-06-12 22:38:00,64.3
2025-06-12 16:08:00,71.8
2025-06-12 16:27:00,12.7
2025-06-12 03:38:00,88.8
2025-06-12 21:56:00,50.492298592215775
2025-06-12 20:26:00,0.9
2025-06-12 08:35:00,58.4
2025-06-12 03:52:00,26.8
2025-06-12 17:38:00,50.492298592215775
2025-06-12 19:19:00,27.3
2025-06-12 06:32:00,50.492298592215775
2025-06-12 21:55:00,50.492298592215775
2025-06-12 03:04:00,76.7
2025-06-12 09:52:00,4.7
2025-06-12 01:06:00,46.0
2025-06-12 21:41:00,83.4
2025-06-12 10:25:00,42.3
2025-06-12 07:31:00,88.5
2025-06-12 21:37:00,20.5
2025-06-12 01:02:00,77.4
2025-06-12 03:37:00,8.6
2025-06-12 17:15:00,95.0
2025-06-12 23:26:00,50.492298592215775
2025-06-12 14:12:00,50.492298592215775
2025-06-12 16:56:00,88.5
2025-06-12 12:39:00,61.5
2025-06-12 14:11:00,69.6
2025-06-12 11:17:00,91.1
2025-06-12 06:51:00,91.8
2025-06-12 17:37:00,99.8
2025-06-12 14:19:00,17.0
2025-06-12 01:16:00,52.2
2025-06-12 19:59:00,22.9
2025-06-12 13:40:00,89.4
2025-06-12 04:56:00,50.492298592215775
2025-06-12 03:40:00,87.5
2025-06-12 05:47:00,65.8
2025-06-12 15:37:00,50.492298592215775
2025-06-12 02:47:00,27.9
2025-06-12 10:32:00,50.8
2025-06-12 11:29:00,27.6
2025-06-12 02:06:00,3.7
2025-06-12 17:04:00,80.8
2025-06-12 01:35:00,50.492298592215775
2025-06-12 14:29:00,64.2
2025-06-12 14:58:00,74.3
2025-06-12 19:55:00,50.190676567656766
2025-06-12 09:24:00,73.7
2025-06-12 20:19:00,50.190676567656766
2025-06-12 02:35:00,50.190676567656766
2025-06-12 06:38:00,11.2
2025-06-12 13:05:00,18.5
2025-06-12 06:41:00,95.7
2025-06-12 05:04:00,98.7
2025-06-12 17:06:00,9.3
2025-06-12 13:44:00,14.4
2025-06-12 00:02:00,81.0
2025-06-12 18:42:00,39.7
2025-06-12 02:55:00,20.2
2025-06-12 17:18:00,19.1
2025-06-12 13:42:00,68.4
2025-06-12 12:05:00,2.0
2025-06-12 23:55:00,50.190676567656766
2025-06-12 15:15:00,32.2
2025-06-12 18:02:00,49.3
2025-06-12 03:51:00,50.190676567656766
2025-06-12 09:17:00,50.190676567656766
2025-06-12 22:24:00,15.5
2025-06-12 04:38:00,51.7
2025-06-12 09:31:00,22.5
2025-06-12 16:17:00,17.3
2025-06-12 13:01:00,68.5
2025-06-12 07:21:00,60.8
2025-06-12 19:41:00,27.9
2025-06-12 02:42:00,20.4
2025-06-12 00:37:00,36.2
2025-06-12 23:09:00,61.4
2025-06-12 09:00:00,92.0
2025-06-12 00:11:00,16.9
2025-06-12 11:11:00,25.7
2025-06-12 22:27:00,5.3
2025-06-12 15:31:00,41.6
2025-06-12 16:53:00,74.8
2025-06-12 14:52:00,2.1
2025-06-12 09:04:00,50.190676567656766
2025-06-12 14:04:00,88.5
2025-06-12 11:24:00,36.7
2025-06-12 21:50:00,39.7
2025-06-12 04:57:00,50.190676567656766
2025-06-12 18:10:00,58.1
2025-06-12 07:24:00,99.2
2025-06-12 04:35:00,21.8
2025-06-12 04:04:00,15.0
2025-06-12 03:18:00,56.9
2025-06-12 19:58:00,19.2
2025-06-12 10:54:00,50.190676567656766
2025-06-12 04:36:00,50.190676567656766
2025-06-12 14:08:00,50.190676567656766
2025-06-12 18:03:00,88.7
2025-06-12 01:49:00,14.7
2025-06-12 03:52:00,22.3
2025-06-12 00:40:00,17.2
2025-06-12 13:40:00,50.190676567656766
2025-06-12 18:18:00,73.6
2025-06-12 15:53:00,47.6
2025-06-12 15:11:00,66.8
2025-06-12 17:19:00,72.0
2025-06-12 05:07:00,9.4
2025-06-12 18:21:00,89.6
2025-06-12 15:54:00,30.5
2025-06-12 01:26:00,50.190676567656766
2025-06-12 01:51:00,43.0
2025-06-12 20:30:00,51.3
2025-06-12 07:49:00,74.2
2025-06-12 05:45:00,9.7
2025-06-12 21:35:00,50.190676567656766
2025-06-12 10:34:00,50.190676567656766
2025-06-12 19:08:00,54.4
2025-06-12 01:08:00,75.3
2025-06-12 11:55:00,50.190676567656766
2025-06-12 08:32:00,0.1
2025-06-12 08:24:00,25.9
2025-06-12 00:43:00,1.5
2025-06-12 21:07:00,22.1
2025-06-12 13:18:00,1.6
2025-06-12 05:19:00,50.190676567656766
2025-06-12 03:04:00,83.6
2025-06-12 23:03:00,50.190676567656766
2025-06-12 14:48:00,50.190676567656766
2025-06-12 00:32:00,29.0
2025-06-12 22:57:00,82.9
2025-06-12 16:59:00,44.6
2025-06-12 07:12:00,52.9
2025-06-12 12:57:00,50.8
2025-06-12 04:17:00,46.1
2025-06-12 09:10:00,13.0
2025-06-12 14:45:00,62.8
2025-06-12 18:40:00,82.6
2025-06-12 15:36:00,98.7
2025-06-12 15:41:00,19.2
2025-06-12 03:50:00,24.1
2025-06-12 18:09:00,50.190676567656766
2025-06-12 22:30:00,50.190676567656766
2025-06-12 04:34:00,50.190676567656766
2025-06-12 21:29:00,44.9
2025-06-12 14:39:00,75.1
2025-06-12 11:22:00,5.8
2025-06-12 00:50:00,95.3
2025-06-12 06:50:00,52.7
2025-06-12 15:33:00,50.190676567656766
2025-06-12 03:34:00,50.190676567656766
2025-06-12 20:50:00,83.0
2025-06-12 09:50:00,97.2
2025-06-12 14:22:00,95.0
2025-06-12 12:53:00,50.190676567656766
2025-06-12 12:25:00,13.3
2025-06-12 20:39:00,18.1
2025-06-12 22:36:00,25.5
2025-06-12 22:52:00,35.9
2025-06-12 05:38:00,88.0
2025-06-12 01:52:00,83.9
2025-06-12 07:18:00,40.0
2025-06-12 10:03:00,56.6
2025-06-12 06:57:00,50.190676567656766
2025-06-12 08:57:00,24.8
2025-06-12 09:44:00,89.7
2025-06-12 00:01:00,50.190676567656766
2025-06-12 05:58:00,32.4
2025-06-12 08:59:00,35.9
2025-06-12 00:35:00,76.4
2025-06-12 06:37:00,50.190676567656766
2025-06-12 17:27:00,50.190676567656766
2025-06-12 20:58:00,50.190676567656766
2025-06-12 02:44:00,34.9
2025-06-12 14:55:00,92.7
2025-06-12 20:35:00,50.190676567656766
2025-06-12 09:26:00,94.3
2025-06-12 23:36:00,22.4
2025-06-12 15:12:00,66.7
2025-06-12 19:54:00,68.7
2025-06-12 12:10:00,20.1
2025-06-12 23:44:00,59.0
2025-06-12 13:34:00,29.7
2025-06-12 19:18:00,35.5
2025-06-12 19:43:00,42.2
2025-06-12 06:49:00,50.190676567656766
2025-06-12 07:47:00,61.6
2025-06-12 07:02:00,21.0
2025-06-12 01:34:00,42.4
2025-06-12 21:24:00,89.2
2025-06-12 09:29:00,21.6
2025-06-12 18:25:00,62.9
2025-06-12 10:19:00,32.4
2025-06-12 17:58:00,31.3
2025-06-12 13:15:00,50.190676567656766
2025-06-12 22:16:00,50.190676567656766
2025-06-12 10:39:00,50.190676567656766
2025-06-12 13:19:00,94.2
2025-06-12 20:10:00,51.8
2025-06-12 05:28:00,14.2
2025-06-12 20:04:00,90.7
2025-06-12 03:54:00,95.1
2025-06-12 17:03:00,63.6
2025-06-12 04:23:00,9.9
2025-06-12 19:17:00,19.8
2025-06-12 11:15:00,60.6
2025-06-12 05:55:00,36.6
2025-06-12 03:19:00,66.6
2025-06-12 17:42:00,94.2
2025-06-12 10:21:00,50.190676567656766
2025-06-12 07:16:00,9.7
2025-06-12 14:23:00,51.6
2025-06-12 07:38:00,50.190676567656766
2025-06-12 03:27:00,43.1
2025-06-12 08:31:00,61.8
2025-06-12 01:35:00,54.3
2025-06-12 03:48:00,50.190676567656766
2025-06-12 02:56:00,95.7
2025-06-12 08:45:00,50.190676567656766
2025-06-12 02:29:00,8.5
2025-06-12 19:19:00,19.9
2025-06-12 05:03:00,13.8
2025-06-12 19:05:00,50.190676567656766
2025-06-12 23:46:00,50.190676567656766
2025-06-12 21:57:00,45.6
2025-06-12 04:16:00,17.8
2025-06-12 03:21:00,48.8
2025-06-12 17:23:00,48.8
2025-06-12 06:29:00,5.0
2025-06-12 05:51:00,50.190676567656766
2025-06-12 03:05:00,92.8
2025-06-12 03:11:00,45.8
2025-06-12 16:00:00,50.190676567656766
2025-06-12 16:03:00,25.6
2025-06-12 01:19:00,83.1
2025-06-12 15:10:00,39.9
2025-06-12 11:54:00,87.0
2025-06-12 17:57:00,8.1
2025-06-12 07:34:00,13.0
2025-06-12 07:37:00,2.1
2025-06-12 03:07:00,50.190676567656766
2025-06-12 10:32:00,57.0
2025-06-12 06:54:00,80.7
2025-06-12 02:59:00,15.1
2025-06-12 21:36:00,11.4
2025-06-12 08:23:00,18.8
2025-06-12 17:39:00,50.7
2025-06-12 11:20:00,50.190676567656766
2025-06-12 20:13:00,88.1
2025-06-12 10:24:00,9.8
2025-06-12 17:24:00,88.3
2025-06-12 02:39:00,69.7
2025-06-12 09:33:00,29.2
2025-06-12 10:51:00,82.3
2025-06-12 16:55:00,80.7
2025-06-12 07:06:00,74.0
2025-06-12 17:30:00,100.0
2025-06-12 12:49:00,46.8
2025-06-12 13:03:00,67.6
2025-06-12 08:34:00,50.190676567656766
2025-06-12 00:07:00,89.2
2025-06-12 11:47:00,10.3
2025-06-12 13:41:00,40.3
2025-06-12 13:04:00,43.5
2025-06-12 08:19:00,19.5
2025-06-12 23:48:00,50.190676567656766
2025-06-12 12:29:00,98.2
2025-06-12 11:33:00,64.5
2025-06-12 13:17:00,20.8
2025-06-12 11:25:00,50.190676567656766
2025-06-12 21:20:00,24.0
2025-06-12 12:59:00,50.190676567656766
2025-06-12 20:53:00,43.0
2025-06-12 21:49:00,45.9
2025-06-12 15:50:00,50.190676567656766
2025-06-12 10:18:00,80.6
2025-06-12 09:06:00,95.1
2025-06-12 00:42:00,24.1
2025-06-12 04:08:00,30.7
2025-06-12 05:02:00,33.9
2025-06-12 06:39:00,4.9
2025-06-12 07:15:00,46.7
2025-06-12 18:55:00,19.7
2025-06-12 21:30:00,69.0
2025-06-12 10:45:00,31.2
2025-06-12 09:27:00,50.190676567656766
2025-06-12 06:55:00,57.3
2025-06-12 09:51:00,62.2
2025-06-12 00:53:00,13.0
2025-06-12 20:27:00,98.3
2025-06-12 17:05:00,5.0
2025-06-12 12:33:00,58.0
2025-06-12 13:51:00,80.2
2025-06-12 14:24:00,2.8
2025-06-12 01:48:00,14.2
2025-06-12 19:39:00,32.4
2025-06-12 03:35:00,97.0
2025-06-12 08:22:00,50.190676567656766
2025-06-12 06:35:00,51.0
2025-06-12 11:51:00,57.4
2025-06-12 19:21:00,29.4
2025-06-12 14:40:00,3.8
2025-06-12 17:53:00,18.1
2025-06-12 17:29:00,50.190676567656766
2025-06-12 04:11:00,4.6
2025-06-12 00:06:00,25.8
2025-06-12 05:13:00,14.6
2025-06-12 03:12:00,96.5
2025-06-12 13:49:00,34.4
2025-06-12 06:25:00,59.3
2025-06-12 23:42:00,42.5
2025-06-12 12:56:00,25.1
2025-06-12 21:28:00,50.8
2025-06-12 22:00:00,50.7
2025-06-12 02:11:00,7.3
2025-06-12 19:28:00,50.190676567656766
2025-06-12 11:43:00,54.3
2025-06-12 21:23:00,81.2
2025-06-12 23:04:00,29.8
2025-06-12 03:47:00,13.3
2025-06-12 00:10:00,10.7
2025-06-12 09:41:00,15.8
2025-06-12 17:37:00,60.5
2025-06-12 11:46:00,95.9
2025-06-12 10:46:00,28.4
2025-06-12 00:56:00,50.190676567656766
2025-06-12 08:28:00,60.6
2025-06-12 09:35:00,33.6
2025-06-12 14:50:00,86.8
2025-06-12 05:53:00,12.4
2025-06-12 02:34:00,96.2
2025-06-12 12:45:00,4.4
2025-06-12 17:21:00,53.2
2025-06-12 02:31:00,60.6
2025-06-12 17:09:00,34.0
2025-06-12 07:11:00,7.4
2025-06-12 03:16:00,54.0
2025-06-12 15:29:00,50.190676567656766
2025-06-12 18:29:00,40.9
2025-06-12 16:33:00,52.3
2025-06-12 05:06:00,22.1
2025-06-12 01:58:00,97.9
2025-06-12 17:35:00,78.8
2025-06-12 11:31:00,6.6
2025-06-12 22:54:00,27.2
2025-06-12 06:14:00,66.0
2025-06-12 03:22:00,36.0
2025-06-12 04:41:00,91.0
2025-06-12 07:33:00,49.0
2025-06-12 21:18:00,65.7
2025-06-12 16:50:00,50.190676567656766
2025-06-12 20:54:00,99.9
2025-06-12 21:36:00,15.7
2025-06-12 02:42:00,23.7
2025-06-12 13:17:00,19.0
2025-06-12 18:07:00,49.69925181201777
2025-06-12 01:02:00,13.4
2025-06-12 01:29:00,58.5
2025-06-12 11:59:00,99.1
2025-06-12 17:44:00,17.3
2025-06-12 20:25:00,49.69925181201777
2025-06-12 09:33:00,42.7
2025-06-12 22:28:00,28.6
2025-06-12 19:53:00,49.69925181201777
2025-06-12 17:03:00,0.2
2025-06-12 08:49:00,1.9
2025-06-12 19:25:00,63.5
2025-06-12 10:56:00,96.5
2025-06-12 16:19:00,49.69925181201777
2025-06-12 20:04:00,76.2
2025-06-12 22:53:00,49.69925181201777
2025-06-12 20:31:00,69.7
2025-06-12 01:09:00,6.0
2025-06-12 15:12:00,47.5
2025-06-12 05:00:00,49.69925181201777
2025-06-12 07:26:00,29.5
2025-06-12 02:13:00,0.8
2025-06-12 16:35:00,44.7
2025-06-12 23:17:00,31.7
2025-06-12 02:51:00,61.3
2025-06-12 20:27:00,21.9
2025-06-12 12:18:00,49.3
2025-06-12 14:27:00,48.8
2025-06-12 09:54:00,66.3
2025-06-12 11:03:00,50.4
2025-06-12 09:06:00,94.6
2025-06-12 02:36:00,20.1
2025-06-12 20:22:00,36.8
2025-06-12 17:28:00,49.69925181201777
2025-06-12 21:37:00,23.2
2025-06-12 20:00:00,76.5
2025-06-12 23:53:00,18.1
2025-06-12 08:53:00,100.0
2025-06-12 16:47:00,71.1
2025-06-12 14:50:00,87.0
2025-06-12 15:28:00,69.4
2025-06-12 19:32:00,36.3
2025-06-12 13:07:00,86.8
2025-06-12 15:16:00,20.1
2025-06-12 07:27:00,35.3
2025-06-12 06:10:00,49.69925181201777
2025-06-12 21:18:00,18.6
2025-06-12 23:50:00,65.9
2025-06-12 08:44:00,84.8
2025-06-12 16:05:00,89.6
2025-06-12 15:58:00,25.0
2025-06-12 01:17:00,17.8
2025-06-12 22:43:00,51.2
2025-06-12 07:17:00,49.69925181201777
2025-06-12 20:08:00,41.0
2025-06-12 11:50:00,49.9
2025-06-12 21:38:00,4.7
2025-06-12 04:18:00,79.4
2025-06-12 13:33:00,92.6
2025-06-12 08:22:00,29.4
2025-06-12 14:40:00,8.6
2025-06-12 04:04:00,70.5
2025-06-12 01:41:00,85.2
2025-06-12 19:04:00,4.1
2025-06-12 23:03:00,49.69925181201777
2025-06-12 14:25:00,23.8
2025-06-12 01:12:00,15.0
2025-06-12 05:56:00,45.3
2025-06-12 20:42:00,48.9
2025-06-12 22:18:00,30.2
2025-06-12 14:26:00,34.1
2025-06-12 22:22:00,29.0
2025-06-12 17:46:00,78.2
2025-06-12 12:56:00,80.6
2025-06-12 01:00:00,8.8
2025-06-12 23:41:00,98.9
2025-06-12 06:12:00,49.69925181201777
2025-06-12 02:53:00,41.6
2025-06-12 13:53:00,53.2
2025-06-12 11:49:00,10.0
2025-06-12 02:46:00,24.3
2025-06-12 21:44:00,28.1
2025-06-12 19:05:00,40.0
2025-06-12 06:30:00,60.6
2025-06-12 03:08:00,26.1
2025-06-12 17:13:00,1.1
2025-06-12 16:58:00,43.4
2025-06-12 03:12:00,29.6
2025-06-12 03:56:00,81.8
2025-06-12 21:25:00,90.2
2025-06-12 06:29:00,49.69925181201777
2025-06-12 10:35:00,63.0
2025-06-12 10:25:00,30.2
2025-06-12 04:53:00,60.0
2025-06-12 18:13:00,86.4
2025-06-12 13:37:00,79.2
2025-06-12 03:36:00,49.69925181201777
2025-06-12 09:09:00,26.1
2025-06-12 03:07:00,64.0
2025-06-12 10:33:00,47.0
2025-06-12 19:58:00,39.7
2025-06-12 12:44:00,49.69925181201777
2025-06-12 16:26:00,68.5
2025-06-12 01:39:00,81.5
2025-06-12 22:32:00,42.8
2025-06-12 15:22:00,26.9
2025-06-12 02:15:00,49.69925181201777
2025-06-12 23:34:00,29.5
2025-06-12 04:14:00,26.5
2025-06-12 07:39:00,58.1
2025-06-12 05:22:00,49.69925181201777
2025-06-12 22:30:00,60.1
2025-06-12 20:35:00,86.2
2025-06-12 01:04:00,69.4
2025-06-12 04:48:00,59.6
2025-06-12 20:55:00,98.2
2025-06-12 11:41:00,49.69925181201777
2025-06-12 04:34:00,17.0
2025-06-12 18:58:00,25.6
2025-06-12 17:58:00,91.0
2025-06-12 03:04:00,79.8
2025-06-12 22:49:00,10.9
2025-06-12 08:26:00,45.2
2025-06-12 02:47:00,64.4
2025-06-12 04:01:00,61.5
2025-06-12 04:36:00,43.4
2025-06-12 14:18:00,49.69925181201777
2025-06-12 07:41:00,13.1
2025-06-12 01:23:00,98.6
2025-06-12 14:47:00,68.5
2025-06-12 13:03:00,25.2
2025-06-12 16:43:00,12.2
2025-06-12 18:48:00,71.6
2025-06-12 06:54:00,60.6
2025-06-12 19:15:00,13.9
2025-06-12 19:33:00,49.69925181201777
2025-06-12 19:36:00,0.7
2025-06-12 11:07:00,85.0
2025-06-12 19:23:00,49.69925181201777
2025-06-12 11:11:00,68.8
2025-06-12 17:48:00,95.6
2025-06-12 04:22:00,61.0
2025-06-12 09:12:00,24.1
2025-06-12 11:34:00,79.7
2025-06-12 15:46:00,27.7
2025-06-12 08:15:00,49.69925181201777
2025-06-12 17:40:00,41.7
2025-06-12 22:20:00,37.6
2025-06-12 11:54:00,94.2
2025-06-12 17:18:00,24.7
2025-06-12 16:22:00,49.69925181201777
2025-06-12 22:50:00,65.3
2025-06-12 01:40:00,95.9
2025-06-12 04:46:00,49.69925181201777
2025-06-12 14:04:00,49.69925181201777
2025-06-12 20:45:00,45.0
2025-06-12 10:38:00,22.2
2025-06-12 04:16:00,49.69925181201777
2025-06-12 06:07:00,10.9
2025-06-12 07:20:00,71.9
2025-06-12 23:49:00,87.7
2025-06-12 13:12:00,99.1
2025-06-12 15:20:00,45.9
2025-06-12 01:30:00,54.2
2025-06-12 01:01:00,50.6
2025-06-12 05:41:00,50.8
2025-06-12 04:58:00,51.8
2025-06-12 22:08:00,53.8
2025-06-12 05:49:00,53.6
2025-06-12 01:51:00,49.69925181201777
2025-06-12 12:33:00,11.9
2025-06-12 22:26:00,36.4
2025-06-12 11:27:00,83.9
2025-06-12 12:02:00,19.2
2025-06-12 07:21:00,70.3
2025-06-12 21:05:00,94.9
2025-06-12 19:02:00,95.7
2025-06-12 11:36:00,49.69925181201777
2025-06-12 11:46:00,26.9
2025-06-12 02:30:00,90.0
2025-06-12 11:30:00,61.2
2025-06-12 04:09:00,9.6
2025-06-12 16:20:00,38.5
2025-06-12 00:03:00,61.7
2025-06-12 10:02:00,93.1
2025-06-12 21:17:00,94.9
2025-06-12 18:35:00,49.69925181201777
2025-06-12 04:29:00,55.5
2025-06-12 17:56:00,49.69925181201777
2025-06-12 20:03:00,96.3
2025-06-12 08:11:00,38.6
2025-06-12 17:42:00,47.7
2025-06-12 08:32:00,49.69925181201777
2025-06-12 15:04:00,60.4
2025-06-12 09:18:00,49.69925181201777
2025-06-12 02:22:00,28.7
2025-06-12 23:23:00,33.9
2025-06-12 13:54:00,73.6
2025-06-12 03:02:00,87.7
2025-06-12 17:43:00,99.0
2025-06-12 17:26:00,56.4
2025-06-12 06:14:00,9.9
2025-06-12 16:39:00,69.5
2025-06-12 18:53:00,78.5
2025-06-12 19:55:00,82.9
2025-06-12 16:29:00,45.1
2025-06-12 09:20:00,58.0
2025-06-12 03:09:00,52.5
2025-06-12 06:27:00,76.8
2025-06-12 14:08:00,14.6
2025-06-12 01:33:00,18.1
2025-06-12 08:03:00,0.4
2025-06-12 06:35:00,74.1
2025-06-12 03:50:00,79.3
2025-06-12 02:11:00,96.5
2025-06-12 04:59:00,87.6
2025-06-12 14:22:00,46.5
2025-06-12 06:56:00,99.4
2025-06-12 05:09:00,49.69925181201777
2025-06-12 01:57:00,2.8
2025-06-12 15:38:00,49.69925181201777
2025-06-12 15:55:00,49.69925181201777
2025-06-12 14:58:00,57.3
2025-06-12 05:23:00,67.7
2025-06-12 22:17:00,6.6
2025-06-12 04:20:00,69.4
2025-06-12 16:37:00,35.2
2025-06-12 07:43:00,63.8
2025-06-12 15:00:00,5.5
2025-06-12 14:35:00,67.1
2025-06-12 07:13:00,69.7
2025-06-12 00:08:00,83.9
2025-06-12 01:47:00,4.3
2025-06-12 22:41:00,22.2
2025-06-12 16:38:00,50.2
2025-06-12 23:01:00,19.4
2025-06-12 22:06:00,88.1
2025-06-12 15:54:00,35.4
2025-06-12 15:30:00,36.5
2025-06-12 06:11:00,18.6
2025-06-12 22:39:00,58.2
2025-06-12 11:42:00,23.5
2025-06-12 05:59:00,3.2
2025-06-12 10:34:00,75.5
2025-06-12 01:16:00,49.69925181201777
2025-06-12 07:31:00,49.69925181201777
2025-06-12 17:05:00,27.8
2025-06-12 06:32:00,93.6
2025-06-12 18:55:00,6.4
2025-06-12 11:05:00,42.0
2025-06-12 15:08:00,49.69925181201777
2025-06-12 11:56:00,44.1
2025-06-12 09:24:00,69.6
2025-06-12 08:17:00,28.3
2025-06-12 08:41:00,49.69925181201777
2025-06-12 17:49:00,61.2
2025-06-12 10:48:00,83.6
2025-06-12 04:25:00,34.4
2025-06-12 17:39:00,24.1
2025-06-12 00:47:00,79.0
2025-06-12 03:52:00,18.3
2025-06-12 12:55:00,49.69925181201777
2025-06-12 13:40:00,83.0
2025-06-12 18:16:00,84.2
2025-06-12 19:38:00,72.4
2025-06-12 13:16:00,85.6
2025-06-12 05:01:00,2.7
2025-06-12 10:16:00,9.8
2025-06-12 11:39:00,1.7
2025-06-12 10:45:00,63.2
2025-06-12 14:46:00,74.5
2025-06-12 07:56:00,9.6
2025-06-12 14:41:00,85.5
2025-06-12 23:57:00,97.7
2025-06-12 15:56:00,9.7
2025-06-12 03:54:00,22.1
2025-06-12 08:28:00,18.7
2025-06-12 20:14:00,1.7
2025-06-12 02:06:00,8.5
2025-06-12 05:10:00,39.8
2025-06-12 08:19:00,79.3
2025-06-12 17:41:00,18.2
2025-06-12 02:19:00,86.6
2025-06-12 17:19:00,49.69925181201777
2025-06-12 16:08:00,82.5
2025-06-12 09:37:00,91.4
2025-06-12 15:02:00,54.1
2025-06-12 19:27:00,49.69925181201777
2025-06-12 18:47:00,97.5
2025-06-12 14:02:00,27.7
2025-06-12 13:10:00,11.8
2025-06-12 12:27:00,30.6
2025-06-12 22:40:00,29.7
2025-06-12 11:20:00,61.8
2025-06-12 10:47:00,46.5
2025-06-12 18:37:00,50.9
2025-06-12 12:31:00,49.69925181201777
2025-06-12 12:53:00,49.69925181201777
2025-06-12 00:17:00,4.1
2025-06-12 19:52:00,33.4
2025-06-12 15:45:00,81.9
2025-06-12 13:15:00,48.5
2025-06-12 16:04:00,87.9
2025-06-12 20:44:00,65.2
2025-06-12 23:35:00,8.1
2025-06-12 05:05:00,67.1
2025-06-12 00:36:00,98.8
2025-06-12 02:31:00,39.6
2025-06-12 19:14:00,50.15234640140434
2025-06-12 05:52:00,83.9
2025-06-12 18:40:00,11.3
2025-06-12 09:54:00,21.8
2025-06-12 14:14:00,94.8
2025-06-12 05:54:00,4.5
2025-06-12 18:17:00,50.15234640140434
2025-06-12 11:11:00,8.0
2025-06-12 13:54:00,36.6
2025-06-12 14:27:00,67.6
2025-06-12 06:49:00,50.15234640140434
2025-06-12 14:35:00,88.8
2025-06-12 18:56:00,57.9
2025-06-12 23:18:00,82.4
2025-06-12 23:50:00,42.8
2025-06-12 18:18:00,5.6
2025-06-12 06:48:00,50.15234640140434
2025-06-12 21:48:00,50.15234640140434
2025-06-12 15:33:00,67.3
2025-06-12 10:10:00,61.4
2025-06-12 22:32:00,71.9
2025-06-12 11:37:00,14.7
2025-06-12 11:24:00,65.7
2025-06-12 20:05:00,9.6
2025-06-12 05:29:00,16.9
2025-06-12 02:20:00,12.8
2025-06-12 18:32:00,10.4
2025-06-12 23:22:00,49.3
2025-06-12 11:16:00,50.15234640140434
2025-06-12 13:37:00,58.7
2025-06-12 12:27:00,59.0
2025-06-12 05:46:00,33.5
2025-06-12 12:49:00,50.15234640140434
2025-06-12 09:40:00,50.15234640140434
2025-06-12 17:25:00,67.9
2025-06-12 18:49:00,72.3
2025-06-12 15:24:00,16.4
2025-06-12 23:36:00,35.9
2025-06-12 22:53:00,4.5
2025-06-12 15:13:00,39.8
2025-06-12 13:26:00,83.4
2025-06-12 16:57:00,90.5
2025-06-12 21:13:00,78.4
2025-06-12 16:29:00,35.5
2025-06-12 19:36:00,97.3
2025-06-12 14:09:00,50.15234640140434
2025-06-12 12:08:00,50.7
2025-06-12 13:58:00,71.8
2025-06-12 08:09:00,47.4
2025-06-12 23:01:00,89.5
2025-06-12 21:53:00,93.1
2025-06-12 07:09:00,61.0
2025-06-12 23:15:00,50.15234640140434
2025-06-12 02:59:00,50.15234640140434
2025-06-12 04:36:00,43.4
2025-06-12 01:57:00,68.6
2025-06-12 15:31:00,50.15234640140434
2025-06-12 18:58:00,42.8
2025-06-12 19:53:00,94.6
2025-06-12 15:02:00,51.7
2025-06-12 05:47:00,98.8
2025-06-12 15:19:00,50.5
2025-06-12 03:08:00,0.0
2025-06-12 13:21:00,50.15234640140434
2025-06-12 11:36:00,18.8
2025-06-12 10:38:00,87.9
2025-06-12 17:06:00,68.6
2025-06-12 10:05:00,87.4
2025-06-12 01:18:00,63.9
2025-06-12 22:38:00,75.3
2025-06-12 13:32:00,50.15234640140434
2025-06-12 15:47:00,50.15234640140434
2025-06-12 12:31:00,4.8
2025-06-12 14:15:00,87.5
2025-06-12 10:52:00,15.2
2025-06-12 21:21:00,25.1
2025-06-12 21:22:00,50.15234640140434
2025-06-12 22:30:00,7.2
2025-06-12 02:19:00,50.15234640140434
2025-06-12 23:40:00,89.0
2025-06-12 10:36:00,50.15234640140434
2025-06-12 05:37:00,91.1
2025-06-12 17:59:00,47.4
2025-06-12 11:01:00,3.7
2025-06-12 11:03:00,97.0
2025-06-12 19:01:00,5.1
2025-06-12 05:44:00,50.15234640140434
2025-06-12 10:15:00,90.6
2025-06-12 00:40:00,21.2
2025-06-12 19:57:00,11.3
2025-06-12 07:06:00,87.0
2025-06-12 10:49:00,99.0
2025-06-12 22:21:00,89.9
2025-06-12 00:17:00,6.5
2025-06-12 10:17:00,95.0
2025-06-12 04:50:00,58.5
2025-06-12 13:47:00,43.2
2025-06-12 11:51:00,57.0
2025-06-12 22:35:00,84.9
2025-06-12 01:42:00,34.6
2025-06-12 20:46:00,3.8
2025-06-12 23:05:00,13.6
2025-06-12 02:52:00,46.5
2025-06-12 02:17:00,16.5
2025-06-12 22:06:00,67.0
2025-06-12 06:51:00,89.1
2025-06-12 08:16:00,32.9
2025-06-12 11:48:00,34.7
2025-06-12 10:39:00,15.3
2025-06-12 22:20:00,68.5
2025-06-12 02:16:00,23.0
2025-06-12 11:33:00,98.5
2025-06-12 19:07:00,72.8
2025-06-12 17:58:00,50.15234640140434
2025-06-12 08:23:00,62.4
2025-06-12 16:30:00,28.6
2025-06-12 10:18:00,14.7
2025-06-12 20:58:00,7.6
2025-06-12 03:06:00,50.15234640140434
2025-06-12 12:04:00,54.4
2025-06-12 19:13:00,50.15234640140434
2025-06-12 05:21:00,50.15234640140434
2025-06-12 02:56:00,50.15234640140434
2025-06-12 16:52:00,88.5
2025-06-12 11:58:00,11.8
2025-06-12 04:33:00,66.5
2025-06-12 08:55:00,50.15234640140434
2025-06-12 10:23:00,6.5
2025-06-12 20:03:00,44.4
2025-06-12 09:53:00,0.8
2025-06-12 02:34:00,69.3
2025-06-12 00:47:00,50.4
2025-06-12 11:02:00,19.2
2025-06-12 11:04:00,46.2
2025-06-12 10:57:00,47.9
2025-06-12 05:43:00,39.9
2025-06-12 07:12:00,50.15234640140434
2025-06-12 08:46:00,27.4
2025-06-12 11:46:00,72.4
2025-06-12 04:02:00,68.6
2025-06-12 05:18:00,48.5
2025-06-12 15:30:00,57.7
2025-06-12 17:44:00,55.7
2025-06-12 17:11:00,2.4
2025-06-12 15:29:00,43.2
2025-06-12 19:59:00,40.9
2025-06-12 02:40:00,13.4
2025-06-12 05:03:00,76.5
2025-06-12 21:11:00,50.15234640140434
2025-06-12 22:17:00,4.6
2025-06-12 20:36:00,37.9
2025-06-12 05:36:00,40.6
2025-06-12 04:48:00,50.15234640140434
2025-06-12 16:07:00,70.8
2025-06-12 11:25:00,54.3
2025-06-12 19:39:00,11.8
2025-06-12 15:00:00,37.8
2025-06-12 13:08:00,19.4
2025-06-12 19:02:00,56.3
2025-06-12 07:46:00,43.8
2025-06-12 07:38:00,76.8
2025-06-12 19:35:00,18.2
2025-06-12 23:55:00,50.15234640140434
2025-06-12 15:42:00,98.0
2025-06-12 09:49:00,33.3
2025-06-12 05:02:00,67.1
2025-06-12 14:38:00,50.15234640140434
2025-06-12 15:57:00,32.3
2025-06-12 17:38:00,59.7
2025-06-12 10:03:00,50.15234640140434
2025-06-12 01:06:00,26.6
2025-06-12 19:03:00,60.0
2025-06-12 11:44:00,19.9
2025-06-12 20:34:00,14.8
2025-06-12 23:20:00,52.4
2025-06-12 02:10:00,15.3
2025-06-12 09:39:00,49.2
2025-06-12 03:15:00,21.3
2025-06-12 06:07:00,60.8
2025-06-12 08:43:00,62.1
2025-06-12 12:10:00,50.15234640140434
2025-06-12 07:52:00,32.3
2025-06-12 00:11:00,44.5
2025-06-12 11:06:00,25.7
2025-06-12 08:32:00,50.15234640140434
2025-06-12 08:26:00,50.15234640140434
2025-06-12 07:04:00,45.4
2025-06-12 12:18:00,50.15234640140434
2025-06-12 04:11:00,77.9
2025-06-12 14:44:00,59.5
2025-06-12 13:00:00,45.3
2025-06-12 21:54:00,50.15234640140434
2025-06-12 20:39:00,13.7
2025-06-12 08:53:00,61.1
2025-06-12 03:45:00,96.6
2025-06-12 14:36:00,50.15234640140434
2025-06-12 10:51:00,95.4
2025-06-12 14:37:00,50.15234640140434
2025-06-12 15:34:00,50.15234640140434
2025-06-12 12:12:00,80.7
2025-06-12 12:05:00,14.5
2025-06-12 19:23:00,50.15234640140434
2025-06-12 23:14:00,94.6
2025-06-12 20:52:00,17.7
2025-06-12 13:24:00,85.7
2025-06-12 02:06:00,57.8
2025-06-12 12:20:00,35.7
2025-06-12 01:01:00,51.0
2025-06-12 16:01:00,85.9
2025-06-12 22:31:00,4.1
2025-06-12 16:44:00,50.15234640140434
2025-06-12 06:43:00,50.15234640140434
2025-06-12 19:29:00,34.9
2025-06-12 12:56:00,61.4
2025-06-12 19:28:00,73.5
2025-06-12 11:13:00,54.8
2025-06-12 09:36:00,70.6
2025-06-12 02:28:00,88.3
2025-06-12 07:42:00,99.5
2025-06-12 04:09:00,6.3
2025-06-12 23:58:00,67.5
2025-06-12 23:07:00,40.1
2025-06-12 13:45:00,10.2
2025-06-12 04:45:00,34.2
2025-06-12 13:44:00,99.2
2025-06-12 10:13:00,63.8
2025-06-12 22:46:00,68.1
2025-06-12 18:50:00,50.15234640140434
2025-06-12 09:06:00,33.2
2025-06-12 01:47:00,86.8
2025-06-12 21:25:00,26.2
2025-06-12 06:32:00,86.4
2025-06-12 12:47:00,50.15234640140434
2025-06-12 01:55:00,71.3
2025-06-12 12:24:00,11.1
2025-06-12 11:21:00,40.6
2025-06-12 19:50:00,47.5
2025-06-12 16:43:00,65.7
2025-06-12 15:14:00,50.15234640140434
2025-06-12 00:42:00,67.3
2025-06-12 20:27:00,59.0
2025-06-12 12:03:00,50.8
2025-06-12 23:31:00,66.0
2025-06-12 10:55:00,65.2
2025-06-12 18:30:00,19.9
2025-06-12 23:16:00,61.0
2025-06-12 18:12:00,9.2
2025-06-12 04:44:00,61.5
2025-06-12 11:05:00,39.2
2025-06-12 05:25:00,9.6
2025-06-12 06:37:00,16.6
2025-06-12 13:23:00,89.3
2025-06-12 21:44:00,82.8
2025-06-12 03:12:00,37.6
2025-06-12 12:59:00,73.9
2025-06-12 14:20:00,50.15234640140434
2025-06-12 03:18:00,83.4
2025-06-12 19:48:00,27.3
2025-06-12 18:06:00,69.2
2025-06-12 00:50:00,82.2
2025-06-12 22:15:00,17.0
2025-06-12 18:45:00,6.9
2025-06-12 01:15:00,5.3
2025-06-12 21:32:00,50.15234640140434
2025-06-12 03:17:00,94.9
2025-06-12 23:24:00,41.2
2025-06-12 01:34:00,43.8
2025-06-12 12:57:00,53.2
2025-06-12 10:43:00,50.15234640140434
2025-06-12 03:54:00,53.2
2025-06-12 19:37:00,50.15234640140434
2025-06-12 04:46:00,22.2
2025-06-12 14:22:00,50.15234640140434
2025-06-12 17:03:00,50.15234640140434
2025-06-12 07:20:00,72.6
2025-06-12 02:11:00,59.5
2025-06-12 21:59:00,62.0
2025-06-12 08:24:00,88.3
2025-06-12 08:45:00,70.5
2025-06-12 22:41:00,69.4
2025-06-12 01:33:00,23.2
2025-06-12 08:13:00,14.1
2025-06-12 12:02:00,50.15234640140434
2025-06-12 06:20:00,43.0
2025-06-12 22:48:00,36.8
2025-06-12 17:00:00,67.7
2025-06-12 17:36:00,81.0
2025-06-12 06:53:00,41.8
2025-06-12 03:14:00,76.9
2025-06-12 20:06:00,89.5
2025-06-12 11:30:00,76.4
2025-06-12 02:38:00,88.4
2025-06-12 12:29:00,28.1
2025-06-12 11:00:00,24.4
2025-06-12 17:27:00,74.5
2025-06-12 00:41:00,57.1
2025-06-12 10:04:00,22.7
2025-06-12 01:49:00,14.2
2025-06-12 00:03:00,75.5
2025-06-12 10:33:00,49.8
2025-06-12 07:23:00,20.7
2025-06-12 15:21:00,75.4
2025-06-12 07:11:00,69.2
2025-06-12 20:29:00,50.15747328871669
2025-06-12 11:37:00,15.4
2025-06-12 12:08:00,90.0
2025-06-12 00:04:00,91.5
2025-06-12 05:31:00,10.5
2025-06-12 00:28:00,82.5
2025-06-12 00:53:00,32.5
2025-06-12 22:32:00,68.4
2025-06-12 23:41:00,35.7
2025-06-12 10:27:00,95.4
2025-06-12 10:14:00,85.3
2025-06-12 17:25:00,31.5
2025-06-12 16:44:00,42.4
2025-06-12 14:11:00,50.15747328871669
2025-06-12 15:30:00,93.1
2025-06-12 10:25:00,8.5
2025-06-12 09:18:00,46.8
2025-06-12 02:10:00,30.6
2025-06-12 16:39:00,11.5
2025-06-12 21:27:00,97.9
2025-06-12 03:01:00,40.6
2025-06-12 16:29:00,56.7
2025-06-12 16:36:00,88.8
2025-06-12 05:00:00,16.4
2025-06-12 03:51:00,27.6
2025-06-12 21:19:00,74.9
2025-06-12 12:48:00,37.7
2025-06-12 08:16:00,48.9
2025-06-12 17:31:00,45.4
2025-06-12 13:44:00,3.8
2025-06-12 01:27:00,69.3
2025-06-12 12:32:00,77.7
2025-06-12 23:57:00,6.9
2025-06-12 18:44:00,26.4
2025-06-12 16:13:00,34.8
2025-06-12 17:51:00,15.2
2025-06-12 08:08:00,98.8
2025-06-12 09:51:00,48.6
2025-06-12 01:52:00,43.3
2025-06-12 21:25:00,47.9
2025-06-12 18:55:00,73.8
2025-06-12 19:48:00,29.4
2025-06-12 12:19:00,62.8
2025-06-12 17:04:00,15.8
2025-06-12 19:39:00,73.9
2025-06-12 19:52:00,50.15747328871669
2025-06-12 20:43:00,70.5
2025-06-12 18:46:00,85.5
2025-06-12 22:54:00,75.8
2025-06-12 20:56:00,74.7
2025-06-12 13:37:00,57.9
2025-06-12 07:42:00,62.7
2025-06-12 02:53:00,79.5
2025-06-12 01:39:00,6.5
2025-06-12 11:01:00,50.15747328871669
2025-06-12 23:27:00,34.9
2025-06-12 01:47:00,10.6
2025-06-12 11:53:00,32.0
2025-06-12 22:06:00,83.5
2025-06-12 06:45:00,70.0
2025-06-12 14:27:00,45.0
2025-06-12 22:48:00,47.8
2025-06-12 14:57:00,32.5
2025-06-12 15:45:00,5.3
2025-06-12 13:07:00,50.15747328871669
2025-06-12 16:50:00,50.15747328871669
2025-06-12 05:33:00,53.6
2025-06-12 20:49:00,50.15747328871669
2025-06-12 08:54:00,63.7
2025-06-12 04:03:00,50.15747328871669
2025-06-12 12:52:00,96.4
2025-06-12 20:46:00,54.8
2025-06-12 10:03:00,16.0
2025-06-12 17:49:00,33.1
2025-06-12 21:52:00,8.0
2025-06-12 20:14:00,79.7
2025-06-12 07:36:00,96.5
2025-06-12 01:50:00,70.3
2025-06-12 16:20:00,95.6
2025-06-12 03:10:00,63.5
2025-06-12 07:34:00,67.8
2025-06-12 18:48:00,2.6
2025-06-12 01:48:00,16.5
2025-06-12 12:28:00,50.15747328871669
2025-06-12 11:55:00,35.4
2025-06-12 16:15:00,10.1
2025-06-12 08:58:00,77.0
2025-06-12 16:18:00,43.0
2025-06-12 01:55:00,54.7
2025-06-12 21:59:00,1.9
2025-06-12 19:09:00,78.6
2025-06-12 09:02:00,73.3
2025-06-12 22:10:00,90.5
2025-06-12 15:29:00,54.9
2025-06-12 04:33:00,50.15747328871669
2025-06-12 11:59:00,81.6
2025-06-12 03:02:00,97.6
2025-06-12 12:34:00,65.8
2025-06-12 17:28:00,4.6
2025-06-12 12:15:00,73.8
2025-06-12 03:11:00,50.15747328871669
2025-06-12 10:12:00,32.9
2025-06-12 04:54:00,18.2
2025-06-12 21:34:00,68.5
2025-06-12 18:42:00,23.5
2025-06-12 21:02:00,50.15747328871669
2025-06-12 10:39:00,74.5
2025-06-12 08:39:00,81.0
2025-06-12 09:41:00,26.3
2025-06-12 04:34:00,30.0
2025-06-12 10:32:00,59.3
2025-06-12 19:05:00,47.4
2025-06-12 19:44:00,55.5
2025-06-12 13:29:00,40.3
2025-06-12 20:25:00,3.1
2025-06-12 18:45:00,28.5
2025-06-12 07:24:00,50.15747328871669
2025-06-12 02:28:00,18.2
2025-06-12 02:06:00,79.2
2025-06-12 15:33:00,96.6
2025-06-12 08:41:00,58.0
2025-06-12 03:31:00,74.2
2025-06-12 18:05:00,14.9
2025-06-12 13:54:00,59.1
2025-06-12 04:57:00,25.4
2025-06-12 07:15:00,50.15747328871669
2025-06-12 20:58:00,52.0
2025-06-12 05:05:00,46.4
2025-06-12 09:45:00,22.9
2025-06-12 02:12:00,50.15747328871669
2025-06-12 14:03:00,21.7
2025-06-12 08:30:00,35.3
2025-06-12 03:19:00,51.6
2025-06-12 09:13:00,48.8
2025-06-12 12:02:00,99.7
2025-06-12 11:17:00,33.2
2025-06-12 13:53:00,50.15747328871669
2025-06-12 22:27:00,98.9
2025-06-12 10:43:00,26.4
2025-06-12 14:53:00,54.0
2025-06-12 06:51:00,60.2
2025-06-12 09:09:00,78.2
2025-06-12 12:47:00,1.5
2025-06-12 01:35:00,5.2
2025-06-12 07:30:00,50.15747328871669
2025-06-12 02:37:00,46.6
2025-06-12 15:28:00,50.15747328871669
2025-06-12 15:20:00,59.8
2025-06-12 10:05:00,50.2
2025-06-12 08:33:00,77.6
2025-06-12 11:08:00,15.8
2025-06-12 21:11:00,84.5
2025-06-12 03:52:00,65.9
2025-06-12 09:49:00,67.9
2025-06-12 17:45:00,48.8
2025-06-12 05:38:00,24.3
2025-06-12 05:14:00,23.4
2025-06-12 14:10:00,50.15747328871669
2025-06-12 19:38:00,10.2
2025-06-12 04:27:00,37.5
2025-06-12 17:03:00,20.2
2025-06-12 12:18:00,40.0
2025-06-12 23:52:00,79.3
2025-06-12 15:44:00,50.15747328871669
2025-06-12 20:22:00,20.3
2025-06-12 05:55:00,41.0
2025-06-12 21:28:00,50.15747328871669
2025-06-12 07:06:00,95.1
2025-06-12 11:11:00,93.4
2025-06-12 23:34:00,30.2
2025-06-12 03:07:00,58.8
2025-06-12 05:27:00,44.3
2025-06-12 05:51:00,69.3
2025-06-12 18:18:00,45.3
2025-06-12 02:45:00,93.8
2025-06-12 14:46:00,37.2
2025-06-12 03:13:00,41.7
2025-06-12 21:50:00,66.2
2025-06-12 13:43:00,92.1
2025-06-12 21:05:00,49.0
2025-06-12 12:49:00,60.0
2025-06-12 06:33:00,85.5
2025-06-12 23:23:00,50.15747328871669
2025-06-12 00:21:00,93.3
2025-06-12 17:21:00,34.3
2025-06-12 16:23:00,50.15747328871669
2025-06-12 14:23:00,6.3
2025-06-12 14:45:00,11.8
2025-06-12 00:03:00,49.4
2025-06-12 23:40:00,14.8
2025-06-12 18:41:00,92.7
2025-06-12 21:20:00,73.7
2025-06-12 03:56:00,2.0
2025-06-12 11:18:00,15.6
2025-06-12 06:43:00,50.15747328871669
2025-06-12 16:21:00,58.7
2025-06-12 08:52:00,86.6
2025-06-12 22:43:00,70.6
2025-06-12 01:49:00,67.2
2025-06-12 11:23:00,50.15747328871669
2025-06-12 12:37:00,75.1
2025-06-12 01:36:00,93.6
2025-06-12 09:23:00,50.15747328871669
2025-06-12 14:21:00,71.8
2025-06-12 05:07:00,19.3
2025-06-12 15:07:00,50.15747328871669
2025-06-12 01:00:00,78.4
2025-06-12 19:54:00,6.9
2025-06-12 17:34:00,50.15747328871669
2025-06-12 13:34:00,92.6
2025-06-12 07:26:00,50.15747328871669
2025-06-12 23:59:00,50.15747328871669
2025-06-12 21:08:00,6.6
2025-06-12 16:54:00,87.7
2025-06-12 12:51:00,50.15747328871669
2025-06-12 12:09:00,70.7
2025-06-12 05:30:00,23.1
2025-06-12 16:02:00,83.1
2025-06-12 12:39:00,50.15747328871669
2025-06-12 04:52:00,1.6
2025-06-12 19:04:00,50.15747328871669
2025-06-12 09:22:00,50.15747328871669
2025-06-12 04:19:00,59.9
2025-06-12 00:45:00,13.1
2025-06-12 16:12:00,67.0
2025-06-12 04:14:00,47.5
2025-06-12 04:46:00,8.7
2025-06-12 04:13:00,26.5
2025-06-12 06:57:00,61.2
2025-06-12 21:43:00,17.0
2025-06-12 07:18:00,50.15747328871669
2025-06-12 10:34:00,93.5
2025-06-12 00:13:00,62.7
2025-06-12 19:35:00,3.6
2025-06-12 21:18:00,87.8
2025-06-12 01:17:00,69.4
2025-06-12 15:51:00,7.9
2025-06-12 11:33:00,67.1
2025-06-12 22:46:00,72.4
2025-06-12 19:18:00,81.7
2025-06-12 00:14:00,37.8
2025-06-12 18:31:00,76.3
2025-06-12 15:13:00,6.9
2025-06-12 18:11:00,6.5
2025-06-12 18:04:00,62.6
2025-06-12 05:45:00,68.5
2025-06-12 03:42:00,30.3
2025-06-12 04:58:00,50.15747328871669
2025-06-12 16:22:00,66.4
2025-06-12 13:38:00,67.8
2025-06-12 12:27:00,45.4
2025-06-12 16:35:00,91.8
2025-06-12 18:33:00,8.0
2025-06-12 09:27:00,50.15747328871669
2025-06-12 18:54:00,31.9
2025-06-12 22:29:00,35.8
2025-06-12 06:56:00,41.0
2025-06-12 11:05:00,86.0
2025-06-12 05:39:00,78.4
2025-06-12 10:15:00,94.5
2025-06-12 17:39:00,5.6
2025-06-12 02:56:00,40.4
2025-06-12 09:59:00,9.3
2025-06-12 07:49:00,50.15747328871669
2025-06-12 00:36:00,70.8
2025-06-12 06:26:00,17.3
2025-06-12 15:35:00,2.5
2025-06-12 20:15:00,98.9
2025-06-12 21:09:00,63.6
2025-06-12 08:18:00,52.1
2025-06-12 05:22:00,50.15747328871669
2025-06-12 01:05:00,82.1
2025-06-12 07:20:00,50.15747328871669
2025-06-12 13:47:00,50.3
2025-06-12 01:41:00,50.15747328871669
2025-06-12 22:52:00,39.0
2025-06-12 01:25:00,6.2
2025-06-12 09:05:00,47.6
2025-06-12 13:30:00,79.3
2025-06-12 00:39:00,77.3
2025-06-12 17:48:00,24.0
2025-06-12 02:17:00,24.8
2025-06-12 02:03:00,15.4
2025-06-12 20:33:00,82.9
2025-06-12 19:37:00,54.6
2025-06-12 00:17:00,56.0
2025-06-12 12:12:00,76.9
2025-06-12 04:09:00,79.6
2025-06-12 07:22:00,70.4
2025-06-12 14:59:00,63.0
2025-06-12 06:09:00,33.4
2025-06-12 01:34:00,0.9
2025-06-12 09:14:00,50.15747328871669
2025-06-12 18:34:00,60.5
2025-06-12 22:00:00,41.8
2025-06-12 14:54:00,26.7
2025-06-12 08:24:00,16.5
2025-06-12 09:08:00,37.6
2025-06-12 05:48:00,70.5
2025-06-12 10:06:00,89.2
2025-06-12 12:10:00,99.9
2025-06-12 21:44:00,33.4
2025-06-12 05:17:00,50.15747328871669
2025-06-12 22:44:00,11.9
2025-06-12 09:00:00,61.6
2025-06-12 17:24:00,64.9
2025-06-12 07:07:00,75.1
2025-06-12 15:37:00,79.2
2025-06-12 04:23:00,40.2
2025-06-12 01:31:00,68.5
2025-06-12 23:28:00,13.7
2025-06-12 05:10:00,50.15747328871669
2025-06-12 16:28:00,40.5
2025-06-12 13:51:00,99.2
2025-06-12 18:06:00,11.1
2025-06-12 03:36:00,50.15747328871669
2025-06-12 10:24:00,68.2
2025-06-12 10:37:00,69.9
2025-06-12 17:50:00,48.4
2025-06-12 13:33:00,50.15747328871669
2025-06-12 14:17:00,20.4
2025-06-12 22:23:00,27.0
2025-06-12 04:00:00,95.1
2025-06-12 15:22:00,61.8
2025-06-12 04:31:00,2.5
2025-06-12 23:36:00,50.07997412982127
2025-06-12 10:21:00,75.8
2025-06-12 14:22:00,81.7
2025-06-12 03:13:00,18.8
2025-06-12 00:40:00,63.2
2025-06-12 18:41:00,16.8
2025-06-12 00:12:00,26.5
2025-06-12 01:19:00,49.5
2025-06-12 07:38:00,50.07997412982127
2025-06-12 03:38:00,94.4
2025-06-12 21:36:00,50.07997412982127
2025-06-12 14:05:00,36.1
2025-06-12 06:37:00,50.07997412982127
2025-06-12 18:35:00,50.07997412982127
2025-06-12 18:18:00,3.9
2025-06-12 20:31:00,68.4
2025-06-12 18:19:00,36.8
2025-06-12 23:53:00,61.6
2025-06-12 09:28:00,6.4
2025-06-12 14:00:00,94.0
2025-06-12 00:44:00,37.4
2025-06-12 05:52:00,50.07997412982127
2025-06-12 10:41:00,17.8
2025-06-12 00:18:00,77.8
2025-06-12 12:41:00,5.6
2025-06-12 01:13:00,74.4
2025-06-12 19:58:00,57.5
2025-06-12 23:51:00,90.2
2025-06-12 05:37:00,36.3
2025-06-12 17:16:00,50.07997412982127
2025-06-12 04:40:00,15.2
2025-06-12 15:33:00,54.6
2025-06-12 08:33:00,50.07997412982127
2025-06-12 22:55:00,57.8
2025-06-12 09:58:00,99.4
2025-06-12 16:34:00,50.07997412982127
2025-06-12 09:14:00,17.4
2025-06-12 02:47:00,50.07997412982127
2025-06-12 12:20:00,50.07997412982127
2025-06-12 09:56:00,50.07997412982127
2025-06-12 06:30:00,32.2
2025-06-12 07:01:00,86.7
2025-06-12 03:27:00,71.4
2025-06-12 10:56:00,31.2
2025-06-12 23:02:00,50.07997412982127
2025-06-12 01:59:00,68.0
2025-06-12 19:13:00,50.07997412982127
2025-06-12 14:29:00,30.5
2025-06-12 18:45:00,16.4
2025-06-12 12:03:00,82.0
2025-06-12 10:07:00,59.5
2025-06-12 11:58:00,56.7
2025-06-12 01:15:00,21.0
2025-06-12 16:43:00,15.4
2025-06-12 11:03:00,50.07997412982127
2025-06-12 20:21:00,21.0
2025-06-12 06:47:00,80.4
2025-06-12 20:37:00,29.8
2025-06-12 23:11:00,60.8
2025-06-12 06:50:00,94.4
2025-06-12 21:12:00,57.5
2025-06-12 02:14:00,75.3
2025-06-12 08:40:00,97.4
2025-06-12 20:08:00,66.6
2025-06-12 22:04:00,58.1
2025-06-12 09:47:00,93.1
2025-06-12 20:55:00,50.07997412982127
2025-06-12 01:22:00,10.3
2025-06-12 16:53:00,45.8
2025-06-12 19:35:00,2.6
2025-06-12 23:12:00,50.07997412982127
2025-06-12 18:42:00,87.3
2025-06-12 10:20:00,50.07997412982127
2025-06-12 01:32:00,58.2
2025-06-12 22:34:00,44.5
2025-06-12 18:15:00,29.7
2025-06-12 02:54:00,26.1
2025-06-12 04:30:00,66.7
2025-06-12 09:59:00,50.07997412982127
2025-06-12 00:47:00,33.8
2025-06-12 04:18:00,50.07997412982127
2025-06-12 01:18:00,46.0
2025-06-12 21:21:00,50.07997412982127
2025-06-12 10:02:00,82.5
2025-06-12 18:17:00,50.07997412982127
2025-06-12 21:17:00,50.07997412982127
2025-06-12 18:16:00,12.6
2025-06-12 09:06:00,50.07997412982127
2025-06-12 13:55:00,56.3
2025-06-12 20:52:00,50.07997412982127
2025-06-12 20:26:00,16.3
2025-06-12 18:28:00,92.1
2025-06-12 18:22:00,90.5
2025-06-12 15:44:00,21.9
2025-06-12 07:10:00,30.1
2025-06-12 17:05:00,70.2
2025-06-12 14:44:00,1.1
2025-06-12 04:27:00,62.3
2025-06-12 17:48:00,8.6
2025-06-12 09:35:00,54.5
2025-06-12 11:59:00,27.4
2025-06-12 05:05:00,81.0
2025-06-12 19:02:00,50.07997412982127
2025-06-12 16:14:00,34.9
2025-06-12 02:16:00,50.07997412982127
2025-06-12 02:22:00,50.07997412982127
2025-06-12 11:00:00,82.8
2025-06-12 21:13:00,58.3
2025-06-12 15:19:00,65.8
2025-06-12 15:05:00,41.1
2025-06-12 09:04:00,50.07997412982127
2025-06-12 19:54:00,30.1
2025-06-12 05:26:00,5.1
2025-06-12 21:55:00,64.6
2025-06-12 08:08:00,5.3
2025-06-12 18:47:00,2.1
2025-06-12 00:22:00,4.5
2025-06-12 08:38:00,57.5
2025-06-12 23:06:00,97.8
2025-06-12 02:44:00,67.3
2025-06-12 01:20:00,50.07997412982127
2025-06-12 15:43:00,40.8
2025-06-12 23:04:00,4.4
2025-06-12 10:37:00,50.07997412982127
2025-06-12 06:06:00,94.1
2025-06-12 21:58:00,96.9
2025-06-12 06:01:00,33.8
2025-06-12 15:24:00,99.6
2025-06-12 00:08:00,74.6
2025-06-12 07:49:00,78.0
2025-06-12 21:14:00,50.07997412982127
2025-06-12 11:18:00,28.9
2025-06-12 08:23:00,55.2
2025-06-12 11:57:00,81.5
2025-06-12 09:13:00,39.5
2025-06-12 15:38:00,45.5
2025-06-12 15:51:00,50.07997412982127
2025-06-12 12:57:00,50.07997412982127
2025-06-12 04:32:00,13.8
2025-06-12 12:37:00,42.7
2025-06-12 23:43:00,85.9
2025-06-12 13:52:00,80.0
2025-06-12 07:14:00,13.8
2025-06-12 01:55:00,62.9
2025-06-12 21:46:00,80.3
2025-06-12 23:54:00,95.8
2025-06-12 09:42:00,30.7
2025-06-12 09:38:00,89.8
2025-06-12 09:37:00,85.5
2025-06-12 23:21:00,50.07997412982127
2025-06-12 14:19:00,8.3
2025-06-12 01:53:00,76.9
2025-06-12 20:20:00,85.5
2025-06-12 06:25:00,93.4
2025-06-12 21:18:00,17.4
2025-06-12 03:08:00,50.07997412982127
2025-06-12 03:48:00,46.5
2025-06-12 13:12:00,2.5
2025-06-12 15:03:00,11.4
2025-06-12 06:24:00,43.3
2025-06-12 15:30:00,80.2
2025-06-12 16:06:00,38.5
2025-06-12 18:36:00,50.07997412982127
2025-06-12 10:29:00,61.7
2025-06-12 12:36:00,11.0
2025-06-12 03:53:00,61.4
2025-06-12 20:41:00,51.0
2025-06-12 11:41:00,41.8
2025-06-12 00:19:00,24.1
2025-06-12 01:48:00,38.3
2025-06-12 20:25:00,42.8
2025-06-12 02:29:00,22.6
2025-06-12 07:57:00,50.07997412982127
2025-06-12 19:26:00,94.4
2025-06-12 00:23:00,77.2
2025-06-12 10:24:00,13.6
2025-06-12 10:43:00,32.9
2025-06-12 18:39:00,88.0
2025-06-12 03:12:00,29.8
2025-06-12 16:51:00,90.9
2025-06-12 03:18:00,50.07997412982127
2025-06-12 22:29:00,67.0
2025-06-12 00:15:00,17.5
2025-06-12 03:05:00,22.2
2025-06-12 14:43:00,97.6
2025-06-12 15:56:00,55.4
2025-06-12 22:07:00,81.3
2025-06-12 08:21:00,54.1
2025-06-12 23:47:00,61.6
2025-06-12 16:03:00,93.5
2025-06-12 21:44:00,1.5
2025-06-12 08:36:00,50.07997412982127
2025-06-12 17:28:00,65.2
2025-06-12 09:25:00,50.07997412982127
2025-06-12 10:08:00,57.6
2025-06-12 03:45:00,50.07997412982127
2025-06-12 09:01:00,50.07997412982127
2025-06-12 15:16:00,27.3
2025-06-12 23:18:00,50.07997412982127
2025-06-12 22:15:00,51.9
2025-06-12 04:50:00,17.6
2025-06-12 18:38:00,92.6
2025-06-12 15:08:00,97.2
2025-06-12 08:30:00,43.1
2025-06-12 07:13:00,94.0
2025-06-12 08:05:00,45.8
2025-06-12 18:34:00,27.5
2025-06-12 15:07:00,29.8
2025-06-12 16:08:00,15.0
2025-06-12 21:30:00,30.2
2025-06-12 03:51:00,64.7
2025-06-12 10:09:00,47.2
2025-06-12 17:14:00,30.6
2025-06-12 03:21:00,32.8
2025-06-12 08:54:00,66.3
2025-06-12 23:09:00,11.6
2025-06-12 03:47:00,88.0
2025-06-12 10:33:00,37.4
2025-06-12 06:07:00,13.7
2025-06-12 12:08:00,20.6
2025-06-12 12:32:00,25.6
2025-06-12 23:05:00,64.7
2025-06-12 04:13:00,6.1
2025-06-12 06:48:00,18.0
2025-06-12 12:38:00,97.4
2025-06-12 02:10:00,50.07997412982127
2025-06-12 23:48:00,75.6
2025-06-12 01:37:00,2.4
2025-06-12 20:39:00,65.4
2025-06-12 17:51:00,11.4
2025-06-12 15:54:00,80.6
2025-06-12 07:11:00,25.0
2025-06-12 14:18:00,50.07997412982127
2025-06-12 19:59:00,94.7
2025-06-12 20:04:00,4.5
2025-06-12 00:59:00,44.4
2025-06-12 12:28:00,26.0
2025-06-12 15:40:00,87.5
2025-06-12 21:49:00,88.7
2025-06-12 08:42:00,13.3
2025-06-12 01:38:00,97.7
2025-06-12 12:27:00,18.3
2025-06-12 22:42:00,68.5
2025-06-12 10:38:00,75.7
2025-06-12 00:13:00,70.7
2025-06-12 03:24:00,20.1
2025-06-12 06:12:00,70.2
2025-06-12 12:34:00,99.5
2025-06-12 00:49:00,6.9
2025-06-12 22:59:00,42.3
2025-06-12 03:17:00,87.9
2025-06-12 22:11:00,22.3
2025-06-12 07:56:00,50.07997412982127
2025-06-12 06:41:00,50.07997412982127
2025-06-12 05:11:00,65.2
2025-06-12 06:49:00,54.5
2025-06-12 08:55:00,50.07997412982127
2025-06-12 09:03:00,11.1
2025-06-12 05:55:00,84.4
2025-06-12 23:26:00,59.8
2025-06-12 13:33:00,26.5
2025-06-12 18:24:00,35.3
2025-06-12 14:46:00,20.7
2025-06-12 01:45:00,40.6
2025-06-12 10:12:00,66.0
2025-06-12 15:00:00,59.1
2025-06-12 22:38:00,50.07997412982127
2025-06-12 17:54:00,50.07997412982127
2025-06-12 07:22:00,50.07997412982127
2025-06-12 07:20:00,50.07997412982127
2025-06-12 05:54:00,14.1
2025-06-12 10:59:00,88.2
2025-06-12 00:28:00,91.5
2025-06-12 07:54:00,73.0
2025-06-12 12:05:00,55.9
2025-06-12 02:48:00,99.4
2025-06-12 16:45:00,2.7
2025-06-12 11:46:00,56.8
2025-06-12 15:14:00,48.8
2025-06-12 13:39:00,50.07997412982127
2025-06-12 18:05:00,31.6
2025-06-12 19:32:00,2.2
2025-06-12 18:56:00,16.9
2025-06-12 18:42:00,45.3
2025-06-12 23:46:00,43.3
2025-06-12 13:17:00,54.2
2025-06-12 13:31:00,58.9
2025-06-12 03:08:00,17.9
2025-06-12 14:42:00,83.2
2025-06-12 13:16:00,76.2
2025-06-12 22:29:00,42.9
2025-06-12 08:08:00,27.8
2025-06-12 03:41:00,90.2
2025-06-12 19:19:00,24.4
2025-06-12 19:29:00,48.4
2025-06-12 09:25:00,49.822039706925075
2025-06-12 02:16:00,16.3
2025-06-12 21:46:00,3.6
2025-06-12 10:06:00,8.6
2025-06-12 14:34:00,9.8
2025-06-12 23:49:00,49.822039706925075
2025-06-12 10:59:00,54.5
2025-06-12 08:48:00,7.6
2025-06-12 04:33:00,49.822039706925075
2025-06-12 13:37:00,43.2
2025-06-12 04:35:00,81.6
2025-06-12 11:28:00,26.1
2025-06-12 14:31:00,7.9
2025-06-12 04:08:00,84.8
2025-06-12 23:14:00,87.7
2025-06-12 03:37:00,19.6
2025-06-12 16:25:00,5.6
2025-06-12 01:47:00,67.0
2025-06-12 11:53:00,28.9
2025-06-12 11:46:00,98.8
2025-06-12 17:31:00,49.822039706925075
2025-06-12 05:26:00,33.0
2025-06-12 19:32:00,44.3
2025-06-12 20:26:00,79.4
2025-06-12 00:40:00,13.3
2025-06-12 11:48:00,45.1
2025-06-12 11:33:00,11.8
2025-06-12 08:31:00,32.9
2025-06-12 01:55:00,13.0
2025-06-12 19:50:00,91.4
2025-06-12 14:00:00,26.9
2025-06-12 09:53:00,46.0
2025-06-12 22:57:00,46.7
2025-06-12 13:22:00,7.3
2025-06-12 07:55:00,45.9
2025-06-12 09:54:00,49.822039706925075
2025-06-12 02:20:00,43.1
2025-06-12 06:25:00,67.6
2025-06-12 12:40:00,49.822039706925075
2025-06-12 11:02:00,74.7
2025-06-12 21:43:00,94.5
2025-06-12 23:24:00,78.9
2025-06-12 17:57:00,92.8
2025-06-12 09:27:00,49.822039706925075
2025-06-12 06:23:00,81.1
2025-06-12 05:28:00,89.8
2025-06-12 07:40:00,16.9
2025-06-12 18:13:00,74.9
2025-06-12 09:35:00,49.822039706925075
2025-06-12 23:08:00,81.1
2025-06-12 16:23:00,84.0
2025-06-12 13:26:00,17.6
2025-06-12 15:12:00,65.5
2025-06-12 03:29:00,70.3
2025-06-12 14:26:00,49.822039706925075
2025-06-12 18:15:00,85.3
2025-06-12 09:04:00,49.822039706925075
2025-06-12 12:34:00,88.2
2025-06-12 22:43:00,19.1
2025-06-12 06:43:00,95.3
2025-06-12 06:30:00,94.8
2025-06-12 07:12:00,49.822039706925075
2025-06-12 04:36:00,72.1
2025-06-12 07:44:00,63.0
2025-06-12 19:17:00,27.3
2025-06-12 16:09:00,77.1
2025-06-12 09:37:00,51.6
2025-06-12 01:22:00,31.1
2025-06-12 03:47:00,6.6
2025-06-12 11:41:00,69.1
2025-06-12 09:32:00,64.2
2025-06-12 12:03:00,78.1
2025-06-12 02:31:00,50.8
2025-06-12 03:52:00,31.6
2025-06-12 02:01:00,88.2
2025-06-12 21:48:00,70.0
2025-06-12 21:17:00,44.9
2025-06-12 23:31:00,22.8
2025-06-12 00:01:00,24.0
2025-06-12 20:35:00,49.822039706925075
2025-06-12 10:34:00,52.9
2025-06-12 20:22:00,19.0
2025-06-12 18:48:00,52.1
2025-06-12 07:46:00,82.1
2025-06-12 19:37:00,90.4
2025-06-12 15:48:00,23.8
2025-06-12 03:15:00,49.6
2025-06-12 10:49:00,49.822039706925075
2025-06-12 23:13:00,9.7
2025-06-12 22:47:00,76.9
2025-06-12 01:34:00,5.5
2025-06-12 19:57:00,21.9
2025-06-12 00:27:00,9.4
2025-06-12 21:04:00,58.3
2025-06-12 00:29:00,49.822039706925075
2025-06-12 20:16:00,60.0
2025-06-12 09:23:00,27.3
2025-06-12 12:57:00,40.4
2025-06-12 09:52:00,45.0
2025-06-12 18:11:00,19.1
2025-06-12 07:23:00,4.2
2025-06-12 06:20:00,90.5
2025-06-12 03:49:00,92.8
2025-06-12 15:37:00,62.6
2025-06-12 14:56:00,72.8
2025-06-12 01:12:00,49.822039706925075
2025-06-12 04:32:00,79.5
2025-06-12 17:44:00,48.9
2025-06-12 19:04:00,6.9
2025-06-12 12:15:00,90.8
2025-06-12 05:29:00,86.7
2025-06-12 21:35:00,49.822039706925075
2025-06-12 01:38:00,48.5
2025-06-12 06:14:00,21.1
2025-06-12 18:50:00,60.8
2025-06-12 04:46:00,52.9
2025-06-12 03:36:00,34.3
2025-06-12 06:05:00,73.7
2025-06-12 21:52:00,2.4
2025-06-12 17:37:00,49.822039706925075
2025-06-12 13:19:00,37.3
2025-06-12 06:24:00,59.7
2025-06-12 00:20:00,12.1
2025-06-12 13:49:00,49.822039706925075
2025-06-12 12:11:00,92.0
2025-06-12 14:54:00,49.822039706925075
2025-06-12 05:53:00,5.5
2025-06-12 21:57:00,49.822039706925075
2025-06-12 22:39:00,89.0
2025-06-12 09:07:00,42.9
2025-06-12 09:43:00,80.5
2025-06-12 23:38:00,59.5
2025-06-12 07:04:00,49.822039706925075
2025-06-12 16:45:00,87.2
2025-06-12 19:43:00,67.9
2025-06-12 10:27:00,6.2
2025-06-12 11:05:00,24.7
2025-06-12 15:05:00,49.822039706925075
2025-06-12 01:50:00,49.4
2025-06-12 12:13:00,68.1
2025-06-12 09:03:00,43.1
2025-06-12 00:04:00,6.0
2025-06-12 11:42:00,17.4
2025-06-12 00:57:00,85.3
2025-06-12 09:26:00,55.8
2025-06-12 12:55:00,16.3
2025-06-12 22:40:00,81.7
2025-06-12 04:48:00,56.0
2025-06-12 14:43:00,49.822039706925075
2025-06-12 15:28:00,4.1
2025-06-12 17:07:00,90.7
2025-06-12 11:49:00,16.3
2025-06-12 19:00:00,50.9
2025-06-12 17:18:00,88.5
2025-06-12 02:36:00,28.1
2025-06-12 09:39:00,57.1
2025-06-12 01:40:00,18.5
2025-06-12 16:19:00,1.7
2025-06-12 12:02:00,60.8
2025-06-12 01:13:00,94.4
2025-06-12 10:40:00,75.4
2025-06-12 04:24:00,26.5
2025-06-12 04:37:00,49.822039706925075
2025-06-12 18:25:00,28.7
2025-06-12 20:46:00,54.7
2025-06-12 14:27:00,26.8
2025-06-12 13:11:00,51.6
2025-06-12 11:36:00,79.0
2025-06-12 07:18:00,71.6
2025-06-12 09:24:00,45.4
2025-06-12 14:35:00,30.7
2025-06-12 04:15:00,49.4
2025-06-12 21:56:00,1.3
2025-06-12 12:10:00,95.3
2025-06-12 02:58:00,26.0
2025-06-12 22:16:00,53.7
2025-06-12 21:45:00,49.822039706925075
2025-06-12 07:49:00,35.6
2025-06-12 07:56:00,49.822039706925075
2025-06-12 12:23:00,79.3
2025-06-12 23:03:00,11.0
2025-06-12 09:11:00,44.0
2025-06-12 14:02:00,84.0
2025-06-12 09:47:00,14.6
2025-06-12 01:41:00,49.822039706925075
2025-06-12 00:25:00,71.9
2025-06-12 04:13:00,49.822039706925075
2025-06-12 01:11:00,91.2
2025-06-12 10:51:00,63.5
2025-06-12 07:39:00,69.8
2025-06-12 08:13:00,70.4
2025-06-12 18:27:00,55.4
2025-06-12 22:58:00,98.7
2025-06-12 13:14:00,80.2
2025-06-12 23:02:00,49.822039706925075
2025-06-12 23:34:00,60.9
2025-06-12 23:54:00,89.8
2025-06-12 07:16:00,18.8
2025-06-12 05:00:00,49.822039706925075
2025-06-12 22:08:00,98.1
2025-06-12 15:21:00,97.3
2025-06-12 19:13:00,65.3
2025-06-12 04:34:00,53.1
2025-06-12 20:12:00,74.3
2025-06-12 20:10:00,76.4
2025-06-12 17:59:00,71.0
2025-06-12 08:30:00,49.822039706925075
2025-06-12 16:20:00,49.822039706925075
2025-06-12 21:58:00,49.822039706925075
2025-06-12 06:13:00,11.9
2025-06-12 17:52:00,31.5
2025-06-12 09:29:00,21.9
2025-06-12 15:11:00,36.0
2025-06-12 17:10:00,67.7
2025-06-12 11:23:00,72.3
2025-06-12 02:24:00,90.4
2025-06-12 19:07:00,14.6
2025-06-12 07:17:00,33.7
2025-06-12 14:07:00,49.822039706925075
2025-06-12 13:47:00,36.3
2025-06-12 03:44:00,96.8
2025-06-12 01:20:00,56.2
2025-06-12 16:37:00,82.9
2025-06-12 01:18:00,58.2
2025-06-12 17:14:00,63.3
2025-06-12 04:01:00,34.9
2025-06-12 10:05:00,25.0
2025-06-12 11:44:00,88.1
2025-06-12 06:59:00,72.0
2025-06-12 23:51:00,31.2
2025-06-12 18:46:00,67.8
2025-06-12 16:36:00,53.9
2025-06-12 13:33:00,62.8
2025-06-12 04:12:00,49.822039706925075
2025-06-12 12:17:00,48.4
2025-06-12 22:59:00,67.2
2025-06-12 06:06:00,33.9
2025-06-12 14:22:00,49.822039706925075
2025-06-12 11:03:00,42.7
2025-06-12 01:30:00,32.2
2025-06-12 14:20:00,38.8
2025-06-12 16:35:00,71.7
2025-06-12 15:07:00,25.7
2025-06-12 21:00:00,87.3
2025-06-12 01:57:00,49.822039706925075
2025-06-12 21:03:00,52.1
2025-06-12 05:50:00,73.5
2025-06-12 04:43:00,78.8
2025-06-12 16:51:00,63.0
2025-06-12 22:55:00,49.822039706925075
2025-06-12 22:03:00,49.4
2025-06-12 15:43:00,49.822039706925075
2025-06-12 21:30:00,13.5
2025-06-12 04:39:00,41.2
2025-06-12 08:49:00,91.5
2025-06-12 23:00:00,22.0
2025-06-12 21:11:00,23.8
2025-06-12 18:47:00,68.3
2025-06-12 16:34:00,81.9
2025-06-12 02:17:00,49.822039706925075
2025-06-12 01:33:00,77.4
2025-06-12 14:28:00,84.7
2025-06-12 05:31:00,74.1
2025-06-12 18:35:00,61.2
2025-06-12 21:24:00,97.6
2025-06-12 00:45:00,27.9
2025-06-12 20:01:00,91.3
2025-06-12 06:10:00,6.3
2025-06-12 10:53:00,9.4
2025-06-12 12:30:00,30.9
2025-06-12 04:44:00,61.5
2025-06-12 11:30:00,20.3
2025-06-12 22:07:00,73.8
2025-06-12 12:34:00,50.313785814936594
2025-06-12 02:56:00,95.5
2025-06-12 10:49:00,0.3
2025-06-12 21:31:00,77.5
2025-06-12 14:32:00,50.313785814936594
2025-06-12 12:36:00,50.313785814936594
2025-06-12 06:43:00,6.1
2025-06-12 15:17:00,50.313785814936594
2025-06-12 08:56:00,65.3
2025-06-12 11:00:00,11.0
2025-06-12 13:22:00,50.313785814936594
2025-06-12 07:16:00,23.4
2025-06-12 04:53:00,46.9
2025-06-12 13:56:00,37.6
2025-06-12 06:19:00,54.0
2025-06-12 10:35:00,50.4
2025-06-12 08:22:00,94.2
2025-06-12 02:05:00,23.1
2025-06-12 23:32:00,43.2
2025-06-12 18:05:00,33.5
2025-06-12 09:52:00,50.313785814936594
2025-06-12 13:18:00,22.7
2025-06-12 23:37:00,24.7
2025-06-12 04:46:00,3.4
2025-06-12 03:22:00,54.0
2025-06-12 19:39:00,50.313785814936594
2025-06-12 18:31:00,63.2
2025-06-12 02:32:00,32.9
2025-06-12 23:02:00,86.1
2025-06-12 08:01:00,64.8
2025-06-12 02:53:00,50.313785814936594
2025-06-12 23:45:00,67.6
2025-06-12 13:23:00,47.2
2025-06-12 09:18:00,94.6
2025-06-12 18:50:00,24.5
2025-06-12 03:58:00,3.5
2025-06-12 02:45:00,51.3
2025-06-12 15:43:00,72.6
2025-06-12 06:28:00,18.5
2025-06-12 01:05:00,64.4
2025-06-12 02:48:00,98.7
2025-06-12 08:32:00,58.2
2025-06-12 01:46:00,50.313785814936594
2025-06-12 06:58:00,68.1
2025-06-12 09:09:00,40.3
2025-06-12 13:01:00,90.3
2025-06-12 11:51:00,50.313785814936594
2025-06-12 10:24:00,86.8
2025-06-12 13:59:00,63.7
2025-06-12 03:02:00,69.7
2025-06-12 02:42:00,3.1
2025-06-12 03:31:00,53.1
2025-06-12 09:48:00,47.2
2025-06-12 07:11:00,88.9
2025-06-12 07:56:00,50.313785814936594
2025-06-12 08:25:00,13.4
2025-06-12 01:50:00,40.4
2025-06-12 08:33:00,90.3
2025-06-12 10:53:00,39.2
2025-06-12 11:44:00,28.3
2025-06-12 17:09:00,63.0
2025-06-12 17:33:00,28.5
2025-06-12 14:10:00,23.7
2025-06-12 13:58:00,21.9
2025-06-12 08:05:00,40.1
2025-06-12 11:39:00,85.2
2025-06-12 06:42:00,84.3
2025-06-12 18:54:00,69.4
2025-06-12 22:23:00,50.313785814936594
2025-06-12 11:43:00,37.7
2025-06-12 21:30:00,52.5
2025-06-12 03:33:00,8.7
2025-06-12 00:37:00,50.313785814936594
2025-06-12 23:58:00,43.4
2025-06-12 22:43:00,42.1
2025-06-12 04:02:00,48.7
2025-06-12 12:04:00,14.2
2025-06-12 16:25:00,2.5
2025-06-12 16:34:00,47.3
2025-06-12 02:08:00,0.8
2025-06-12 02:00:00,50.313785814936594
2025-06-12 19:30:00,20.4
2025-06-12 05:59:00,81.5
2025-06-12 20:20:00,75.1
2025-06-12 05:01:00,88.7
2025-06-12 16:02:00,30.0
2025-06-12 22:52:00,49.7
2025-06-12 00:29:00,37.0
2025-06-12 23:33:00,65.1
2025-06-12 18:42:00,18.4
2025-06-12 22:59:00,66.4
2025-06-12 21:44:00,58.8
2025-06-12 08:27:00,60.3
2025-06-12 04:30:00,71.6
2025-06-12 11:20:00,12.8
2025-06-12 22:49:00,57.8
2025-06-12 00:39:00,67.5
2025-06-12 19:36:00,31.0
2025-06-12 20:21:00,46.4
2025-06-12 07:58:00,69.3
2025-06-12 06:06:00,69.1
2025-06-12 04:50:00,29.4
2025-06-12 22:32:00,30.6
2025-06-12 05:51:00,91.9
2025-06-12 16:59:00,80.0
2025-06-12 01:15:00,40.8
2025-06-12 18:08:00,56.3
2025-06-12 12:40:00,11.7
2025-06-12 17:58:00,58.0
2025-06-12 08:57:00,59.2
2025-06-12 08:12:00,34.5
2025-06-12 03:18:00,18.4
2025-06-12 18:36:00,88.1
2025-06-12 12:17:00,82.9
2025-06-12 16:48:00,50.313785814936594
2025-06-12 05:21:00,50.313785814936594
2025-06-12 00:46:00,50.313785814936594
2025-06-12 01:11:00,50.313785814936594
2025-06-12 08:52:00,10.3
2025-06-12 17:11:00,15.4
2025-06-12 04:49:00,50.313785814936594
2025-06-12 09:54:00,88.0
2025-06-12 17:35:00,94.9
2025-06-12 14:27:00,50.313785814936594
2025-06-12 18:20:00,88.9
2025-06-12 18:41:00,42.5
2025-06-12 18:14:00,94.6
2025-06-12 11:05:00,32.9
2025-06-12 03:25:00,4.5
2025-06-12 09:10:00,50.313785814936594
2025-06-12 21:08:00,5.4
2025-06-12 07:15:00,23.5
2025-06-12 12:09:00,42.7
2025-06-12 00:26:00,54.5
2025-06-12 22:45:00,13.7
2025-06-12 22:46:00,9.5
2025-06-12 21:56:00,16.1
2025-06-12 19:22:00,81.2
2025-06-12 05:35:00,56.2
2025-06-12 07:38:00,84.8
2025-06-12 23:48:00,55.0
2025-06-12 04:18:00,22.4
2025-06-12 08:38:00,50.313785814936594
2025-06-12 08:43:00,59.3
2025-06-12 12:02:00,60.4
2025-06-12 19:34:00,96.9
2025-06-12 01:49:00,55.4
2025-06-12 03:32:00,11.4
2025-06-12 21:34:00,89.3
2025-06-12 14:51:00,50.313785814936594
2025-06-12 10:38:00,63.1
2025-06-12 07:21:00,60.9
2025-06-12 17:56:00,57.5
2025-06-12 10:14:00,32.7
2025-06-12 12:19:00,50.313785814936594
2025-06-12 02:14:00,8.6
2025-06-12 01:38:00,30.7
2025-06-12 22:04:00,11.5
2025-06-12 12:58:00,64.7
2025-06-12 20:25:00,63.3
2025-06-12 04:04:00,50.313785814936594
2025-06-12 19:12:00,50.313785814936594
2025-06-12 08:45:00,21.2
2025-06-12 05:11:00,87.8
2025-06-12 09:23:00,85.9
2025-06-12 11:37:00,49.9
2025-06-12 15:23:00,19.9
2025-06-12 10:48:00,90.0
2025-06-12 11:32:00,0.5
2025-06-12 19:19:00,8.2
2025-06-12 06:08:00,39.4
2025-06-12 04:25:00,25.6
2025-06-12 06:22:00,19.9
2025-06-12 17:00:00,17.0
2025-06-12 12:03:00,48.7
2025-06-12 08:02:00,76.3
2025-06-12 20:12:00,50.313785814936594
2025-06-12 01:20:00,99.3
2025-06-12 15:09:00,99.8
2025-06-12 09:07:00,0.2
2025-06-12 20:35:00,81.9
2025-06-12 13:08:00,50.313785814936594
2025-06-12 04:35:00,34.3
2025-06-12 21:20:00,50.313785814936594
2025-06-12 10:45:00,84.6
2025-06-12 10:51:00,64.1
2025-06-12 16:57:00,93.1
2025-06-12 21:46:00,13.0
2025-06-12 10:15:00,88.8
2025-06-12 19:40:00,66.1
2025-06-12 04:08:00,63.8
2025-06-12 04:58:00,76.0
2025-06-12 14:31:00,51.3
2025-06-12 21:49:00,36.6
2025-06-12 05:37:00,72.7
2025-06-12 14:56:00,78.7
2025-06-12 18:52:00,59.9
2025-06-12 21:01:00,83.8
2025-06-12 17:17:00,8.8
2025-06-12 01:31:00,48.5
2025-06-12 20:05:00,82.1
2025-06-12 17:30:00,30.1
2025-06-12 04:24:00,68.2
2025-06-12 16:20:00,61.2
2025-06-12 05:14:00,90.6
2025-06-12 00:17:00,11.0
2025-06-12 06:18:00,2.4
2025-06-12 12:49:00,73.5
2025-06-12 12:46:00,24.7
2025-06-12 10:08:00,8.4
2025-06-12 02:24:00,50.313785814936594
2025-06-12 02:16:00,50.313785814936594
2025-06-12 17:15:00,39.9
2025-06-12 04:28:00,85.9
2025-06-12 17:14:00,77.5
2025-06-12 11:45:00,3.0
2025-06-12 16:22:00,35.6
2025-06-12 07:49:00,50.313785814936594
2025-06-12 12:55:00,88.1
2025-06-12 13:17:00,89.0
2025-06-12 04:09:00,33.7
2025-06-12 19:02:00,66.3
2025-06-12 02:59:00,7.0
2025-06-12 11:53:00,22.3
2025-06-12 05:48:00,16.0
2025-06-12 11:22:00,75.9
2025-06-12 20:48:00,50.313785814936594
2025-06-12 12:57:00,99.3
2025-06-12 16:56:00,59.7
2025-06-12 23:29:00,4.1
2025-06-12 19:28:00,0.3
2025-06-12 05:43:00,86.4
2025-06-12 13:20:00,50.313785814936594
2025-06-12 10:25:00,32.3
2025-06-12 20:23:00,97.8
2025-06-12 20:57:00,93.8
2025-06-12 05:36:00,79.8
2025-06-12 04:12:00,22.3
2025-06-12 09:21:00,81.6
2025-06-12 17:29:00,41.1
2025-06-12 01:02:00,60.7
2025-06-12 23:56:00,74.9
2025-06-12 01:13:00,93.7
2025-06-12 05:27:00,36.3
2025-06-12 11:52:00,68.5
2025-06-12 14:12:00,50.313785814936594
2025-06-12 00:09:00,32.1
2025-06-12 03:48:00,61.5
2025-06-12 01:39:00,93.1
2025-06-12 13:30:00,43.6
2025-06-12 15:14:00,90.4
2025-06-12 09:38:00,26.6
2025-06-12 08:58:00,50.313785814936594
2025-06-12 21:54:00,50.6
2025-06-12 19:48:00,70.9
2025-06-12 05:03:00,25.2
2025-06-12 04:23:00,23.0
2025-06-12 19:04:00,50.313785814936594
2025-06-12 05:28:00,64.6
2025-06-12 10:30:00,58.2
2025-06-12 18:04:00,85.8
2025-06-12 08:33:00,39.3
2025-06-12 22:54:00,19.6
2025-06-12 01:53:00,49.947505013566115
2025-06-12 03:18:00,51.2
2025-06-12 08:14:00,40.7
2025-06-12 03:15:00,25.1
2025-06-12 16:54:00,49.947505013566115
2025-06-12 06:34:00,17.4
2025-06-12 10:29:00,41.9
2025-06-12 06:43:00,76.1
2025-06-12 13:01:00,69.8
2025-06-12 22:26:00,9.2
2025-06-12 05:30:00,85.0
2025-06-12 22:07:00,7.7
2025-06-12 09:05:00,31.2
2025-06-12 20:24:00,34.6
2025-06-12 15:03:00,55.6
2025-06-12 10:32:00,54.8
2025-06-12 18:16:00,0.1
2025-06-12 08:24:00,20.3
2025-06-12 20:09:00,76.2
2025-06-12 01:24:00,5.2
2025-06-12 13:16:00,22.9
2025-06-12 01:13:00,29.4
2025-06-12 02:38:00,45.4
2025-06-12 14:57:00,1.7
2025-06-12 10:12:00,49.947505013566115
2025-06-12 13:29:00,49.947505013566115
2025-06-12 05:03:00,75.2
2025-06-12 02:01:00,40.6
2025-06-12 22:17:00,49.0
2025-06-12 20:12:00,24.7
2025-06-12 06:11:00,9.1
2025-06-12 19:50:00,31.5
2025-06-12 17:12:00,49.6
2025-06-12 06:05:00,53.1
2025-06-12 16:55:00,20.1
2025-06-12 02:35:00,49.947505013566115
2025-06-12 23:14:00,74.2
2025-06-12 03:45:00,12.9
2025-06-12 02:00:00,27.9
2025-06-12 06:55:00,26.3
2025-06-12 01:10:00,49.947505013566115
2025-06-12 23:54:00,39.8
2025-06-12 06:46:00,49.947505013566115
2025-06-12 09:23:00,76.2
2025-06-12 01:51:00,29.7
2025-06-12 23:34:00,36.6
2025-06-12 02:47:00,27.1
2025-06-12 05:47:00,28.1
2025-06-12 07:52:00,36.0
2025-06-12 00:11:00,49.947505013566115
2025-06-12 14:08:00,49.947505013566115
2025-06-12 08:15:00,76.7
2025-06-12 20:06:00,49.947505013566115
2025-06-12 00:16:00,49.947505013566115
2025-06-12 05:37:00,93.0
2025-06-12 09:41:00,70.2
2025-06-12 05:29:00,93.1
2025-06-12 02:18:00,54.0
2025-06-12 07:35:00,49.947505013566115
2025-06-12 10:06:00,97.7
2025-06-12 06:40:00,85.9
2025-06-12 15:02:00,86.1
2025-06-12 22:56:00,79.9
2025-06-12 02:48:00,85.0
2025-06-12 07:02:00,5.5
2025-06-12 14:09:00,21.0
2025-06-12 09:19:00,33.8
2025-06-12 07:03:00,49.947505013566115
2025-06-12 10:41:00,32.6
2025-06-12 19:09:00,22.0
2025-06-12 18:37:00,42.4
2025-06-12 00:43:00,36.9
2025-06-12 16:33:00,22.6
2025-06-12 20:01:00,49.947505013566115
2025-06-12 03:26:00,69.8
2025-06-12 15:20:00,27.4
2025-06-12 05:27:00,60.3
2025-06-12 18:35:00,69.0
2025-06-12 14:05:00,67.7
2025-06-12 18:46:00,49.947505013566115
2025-06-12 17:11:00,55.3
2025-06-12 03:35:00,49.947505013566115
2025-06-12 05:43:00,6.8
2025-06-12 05:01:00,49.947505013566115
2025-06-12 19:17:00,98.5
2025-06-12 16:46:00,29.2
2025-06-12 05:38:00,4.3
2025-06-12 07:50:00,63.7
2025-06-12 21:06:00,89.7
2025-06-12 06:52:00,77.2
2025-06-12 08:59:00,49.947505013566115
2025-06-12 06:57:00,49.947505013566115
2025-06-12 06:58:00,92.8
2025-06-12 23:31:00,13.3
2025-06-12 01:08:00,49.947505013566115
2025-06-12 00:17:00,55.7
2025-06-12 10:53:00,1.9
2025-06-12 09:09:00,12.7
2025-06-12 04:46:00,49.947505013566115
2025-06-12 05:12:00,61.2
2025-06-12 16:30:00,45.3
2025-06-12 09:33:00,49.947505013566115
2025-06-12 08:12:00,34.4
2025-06-12 22:25:00,49.947505013566115
2025-06-12 06:17:00,16.7
2025-06-12 23:08:00,61.7
2025-06-12 04:19:00,17.3
2025-06-12 01:15:00,30.4
2025-06-12 07:11:00,37.8
2025-06-12 06:04:00,16.6
2025-06-12 01:05:00,17.9
2025-06-12 01:39:00,36.5
2025-06-12 21:34:00,85.5
2025-06-12 03:28:00,68.3
2025-06-12 21:52:00,49.947505013566115
2025-06-12 12:47:00,89.0
2025-06-12 07:13:00,1.3
2025-06-12 19:45:00,78.4
2025-06-12 03:37:00,31.2
2025-06-12 01:30:00,49.947505013566115
2025-06-12 17:51:00,39.1
2025-06-12 19:06:00,50.7
2025-06-12 12:06:00,19.5
2025-06-12 01:40:00,49.947505013566115
2025-06-12 21:09:00,63.9
2025-06-12 12:20:00,20.5
2025-06-12 14:11:00,71.4
2025-06-12 10:43:00,49.947505013566115
2025-06-12 13:02:00,68.6
2025-06-12 17:22:00,1.0
2025-06-12 15:56:00,77.6
2025-06-12 10:40:00,91.7
2025-06-12 19:15:00,80.6
2025-06-12 02:58:00,27.2
2025-06-12 07:25:00,8.9
2025-06-12 19:51:00,39.3
2025-06-12 12:59:00,11.0
2025-06-12 03:31:00,50.1
2025-06-12 15:43:00,63.1
2025-06-12 19:03:00,5.1
2025-06-12 23:06:00,71.0
2025-06-12 08:07:00,81.3
2025-06-12 20:51:00,89.8
2025-06-12 11:20:00,76.5
2025-06-12 02:17:00,6.5
2025-06-12 01:56:00,80.7
2025-06-12 16:34:00,93.9
2025-06-12 09:44:00,49.947505013566115
2025-06-12 09:53:00,49.947505013566115
2025-06-12 08:19:00,12.1
2025-06-12 16:27:00,67.5
2025-06-12 20:42:00,21.5
2025-06-12 12:36:00,78.4
2025-06-12 23:42:00,56.0
2025-06-12 00:03:00,49.947505013566115
2025-06-12 00:35:00,8.5
2025-06-12 12:53:00,73.7
2025-06-12 12:56:00,9.1
2025-06-12 21:31:00,5.6
2025-06-12 05:48:00,3.8
2025-06-12 19:23:00,51.2
2025-06-12 23:32:00,64.7
2025-06-12 00:19:00,28.2
2025-06-12 05:22:00,3.9
2025-06-12 10:16:00,49.947505013566115
2025-06-12 20:29:00,53.0
2025-06-12 23:36:00,43.3
2025-06-12 10:39:00,25.1
2025-06-12 20:56:00,1.0
2025-06-12 22:27:00,22.6
2025-06-12 09:48:00,79.3
2025-06-12 00:27:00,86.0
2025-06-12 22:08:00,5.6
2025-06-12 18:03:00,86.9
2025-06-12 17:30:00,7.6
2025-06-12 22:53:00,49.5
2025-06-12 14:39:00,49.947505013566115
2025-06-12 14:03:00,49.947505013566115
2025-06-12 23:09:00,29.9
2025-06-12 20:26:00,73.5
2025-06-12 15:38:00,49.947505013566115
2025-06-12 15:41:00,70.8
2025-06-12 05:28:00,83.0
2025-06-12 19:47:00,49.947505013566115
2025-06-12 12:04:00,51.7
2025-06-12 08:03:00,30.5
2025-06-12 21:14:00,49.947505013566115
2025-06-12 11:26:00,41.3
2025-06-12 14:43:00,49.947505013566115
2025-06-12 00:45:00,52.9
2025-06-12 08:56:00,2.7
2025-06-12 22:30:00,78.4
2025-06-12 21:16:00,32.4
2025-06-12 01:02:00,81.1
2025-06-12 13:09:00,67.7
2025-06-12 05:46:00,97.8
2025-06-12 22:09:00,84.3
2025-06-12 03:21:00,84.9
2025-06-12 05:34:00,64.6
2025-06-12 18:50:00,42.3
2025-06-12 17:07:00,53.1
2025-06-12 00:28:00,49.947505013566115
2025-06-12 16:53:00,92.0
2025-06-12 06:09:00,84.3
2025-06-12 15:04:00,30.1
2025-06-12 14:21:00,24.9
2025-06-12 19:36:00,8.2
2025-06-12 00:04:00,45.4
2025-06-12 14:50:00,42.6
2025-06-12 03:19:00,3.0
2025-06-12 14:59:00,5.3
2025-06-12 10:51:00,39.0
2025-06-12 10:03:00,2.0
2025-06-12 14:02:00,49.947505013566115
2025-06-12 18:44:00,55.5
2025-06-12 22:15:00,89.0
2025-06-12 04:50:00,86.2
2025-06-12 13:40:00,15.3
2025-06-12 14:37:00,49.947505013566115
2025-06-12 02:04:00,61.7
2025-06-12 02:40:00,19.4
2025-06-12 13:05:00,90.3
2025-06-12 09:49:00,60.1
2025-06-12 11:49:00,18.9
2025-06-12 01:44:00,16.3
2025-06-12 15:32:00,73.0
2025-06-12 12:54:00,63.9
2025-06-12 02:05:00,10.9
2025-06-12 06:01:00,54.3
2025-06-12 15:46:00,76.4
2025-06-12 10:35:00,3.6
2025-06-12 04:33:00,49.947505013566115
2025-06-12 00:46:00,96.2
2025-06-12 18:24:00,49.947505013566115
2025-06-12 00:10:00,4.3
2025-06-12 21:15:00,15.7
2025-06-12 10:05:00,11.1
2025-06-12 12:05:00,76.4
2025-06-12 20:04:00,39.4
2025-06-12 10:44:00,49.947505013566115
2025-06-12 13:31:00,56.1
2025-06-12 16:50:00,98.3
2025-06-12 04:48:00,41.7
2025-06-12 02:19:00,3.6
2025-06-12 11:56:00,37.4
2025-06-12 15:08:00,74.0
2025-06-12 07:58:00,89.2
2025-06-12 12:28:00,81.2
2025-06-12 12:17:00,90.0
2025-06-12 04:14:00,32.2
2025-06-12 00:02:00,84.8
2025-06-12 02:33:00,95.1
2025-06-12 20:32:00,57.1
2025-06-12 02:22:00,95.0
2025-06-12 03:41:00,25.8
2025-06-12 00:12:00,36.3
2025-06-12 12:24:00,63.9
2025-06-12 20:18:00,49.947505013566115
2025-06-12 09:38:00,44.5
2025-06-12 11:52:00,49.947505013566115
2025-06-12 23:35:00,43.0
2025-06-12 17:48:00,41.1
2025-06-12 16:44:00,96.7
2025-06-12 00:54:00,57.9
2025-06-12 19:07:00,49.947505013566115
2025-06-12 04:09:00,41.8
2025-06-12 22:18:00,49.947505013566115
2025-06-12 16:45:00,38.3
2025-06-12 03:16:00,49.947505013566115
2025-06-12 19:37:00,48.0
2025-06-12 00:38:00,49.947505013566115
2025-06-12 14:33:00,13.7
2025-06-12 22:43:00,56.8
2025-06-12 21:05:00,96.9
2025-06-12 09:59:00,85.2
2025-06-12 14:52:00,49.947505013566115
2025-06-12 23:25:00,43.2
2025-06-12 18:57:00,77.9
2025-06-12 14:49:00,93.1
2025-06-12 11:01:00,42.3
2025-06-12 05:39:00,17.8
2025-06-12 16:26:00,59.0
2025-06-12 23:23:00,8.2
2025-06-12 11:02:00,20.7
2025-06-12 19:01:00,5.1
2025-06-12 12:25:00,10.1
2025-06-12 18:27:00,7.4
2025-06-12 12:45:00,49.947505013566115
2025-06-12 17:00:00,49.947505013566115
2025-06-12 01:01:00,35.3
2025-06-12 21:23:00,70.7
2025-06-12 06:33:00,56.8
2025-06-12 10:22:00,19.1
2025-06-12 09:59:00,55.5
2025-06-12 21:07:00,20.8
2025-06-12 08:51:00,57.9
2025-06-12 21:55:00,76.3
2025-06-12 13:45:00,36.4
2025-06-12 15:09:00,96.8
2025-06-12 21:57:00,95.0
2025-06-12 08:43:00,32.4
2025-06-12 07:50:00,27.7
2025-06-12 04:55:00,91.6
2025-06-12 13:38:00,3.0
2025-06-12 09:53:00,49.0
2025-06-12 07:58:00,99.5
2025-06-12 00:05:00,50.31471380077256
2025-06-12 09:51:00,75.5
2025-06-12 15:19:00,49.4
2025-06-12 01:51:00,81.3
2025-06-12 03:21:00,22.5
2025-06-12 18:19:00,49.9
2025-06-12 10:03:00,58.9
2025-06-12 21:48:00,61.5
2025-06-12 22:41:00,7.7
2025-06-12 12:25:00,8.4
2025-06-12 17:47:00,50.31471380077256
2025-06-12 10:45:00,48.0
2025-06-12 01:00:00,65.6
2025-06-12 15:21:00,89.0
2025-06-12 02:34:00,36.8
2025-06-12 00:04:00,48.2
2025-06-12 23:07:00,40.3
2025-06-12 06:32:00,16.0
2025-06-12 14:32:00,50.31471380077256
2025-06-12 19:39:00,15.6
2025-06-12 13:19:00,50.31471380077256
2025-06-12 19:02:00,92.7
2025-06-12 06:54:00,7.1
2025-06-12 10:01:00,23.8
2025-06-12 13:44:00,87.3
2025-06-12 14:38:00,4.8
2025-06-12 00:54:00,78.2
2025-06-12 22:29:00,98.0
2025-06-12 15:23:00,50.31471380077256
2025-06-12 18:06:00,2.2
2025-06-12 12:56:00,99.4
2025-06-12 06:13:00,50.31471380077256
2025-06-12 13:17:00,72.9
2025-06-12 18:54:00,54.9
2025-06-12 15:27:00,68.2
2025-06-12 00:26:00,21.2
2025-06-12 00:41:00,3.9
2025-06-12 22:54:00,92.1
2025-06-12 12:15:00,51.2
2025-06-12 07:55:00,37.2
2025-06-12 21:08:00,50.31471380077256
2025-06-12 06:29:00,98.2
2025-06-12 20:47:00,92.8
2025-06-12 02:00:00,70.2
2025-06-12 07:29:00,53.7
2025-06-12 00:50:00,66.4
2025-06-12 07:08:00,40.9
2025-06-12 07:02:00,90.4
2025-06-12 06:12:00,19.4
2025-06-12 22:27:00,93.3
2025-06-12 03:52:00,50.31471380077256
2025-06-12 18:37:00,6.7
2025-06-12 14:07:00,23.4
2025-06-12 06:37:00,46.4
2025-06-12 11:15:00,11.2
2025-06-12 11:10:00,14.3
2025-06-12 15:25:00,55.9
2025-06-12 12:33:00,75.5
2025-06-12 15:42:00,75.6
2025-06-12 18:15:00,37.7
2025-06-12 01:59:00,50.31471380077256
2025-06-12 05:26:00,29.0
2025-06-12 10:55:00,50.31471380077256
2025-06-12 14:37:00,10.0
2025-06-12 04:25:00,95.0
2025-06-12 09:27:00,23.1
2025-06-12 07:27:00,50.31471380077256
2025-06-12 21:12:00,50.31471380077256
2025-06-12 18:48:00,5.1
2025-06-12 23:05:00,28.2
2025-06-12 14:35:00,37.8
2025-06-12 01:39:00,70.9
2025-06-12 07:59:00,41.0
2025-06-12 23:59:00,16.0
2025-06-12 00:58:00,80.9
2025-06-12 07:04:00,54.9
2025-06-12 13:59:00,50.31471380077256
2025-06-12 11:55:00,46.3
2025-06-12 15:37:00,31.9
2025-06-12 07:11:00,44.8
2025-06-12 08:29:00,76.8
2025-06-12 19:07:00,89.5
2025-06-12 17:52:00,50.31471380077256
2025-06-12 03:18:00,3.7
2025-06-12 05:33:00,15.4
2025-06-12 03:11:00,57.6
2025-06-12 09:08:00,68.0
2025-06-12 18:30:00,14.5
2025-06-12 22:36:00,72.6
2025-06-12 12:34:00,60.7
2025-06-12 22:48:00,85.2
2025-06-12 16:47:00,28.1
2025-06-12 18:14:00,48.1
2025-06-12 09:21:00,73.8
2025-06-12 01:44:00,26.2
2025-06-12 21:15:00,63.1
2025-06-12 11:24:00,50.31471380077256
2025-06-12 19:32:00,45.0
2025-06-12 05:36:00,50.31471380077256
2025-06-12 11:49:00,1.3
2025-06-12 10:20:00,50.31471380077256
2025-06-12 22:57:00,83.0
2025-06-12 06:00:00,45.2
2025-06-12 17:59:00,41.8
2025-06-12 13:01:00,39.8
2025-06-12 05:40:00,28.4
2025-06-12 15:10:00,84.8
2025-06-12 02:43:00,84.9
2025-06-12 12:39:00,93.0
2025-06-12 04:48:00,43.0
2025-06-12 01:45:00,8.4
2025-06-12 03:56:00,83.7
2025-06-12 16:57:00,12.9
2025-06-12 23:08:00,86.7
2025-06-12 10:26:00,26.8
2025-06-12 07:03:00,50.31471380077256
2025-06-12 22:35:00,3.7
2025-06-12 19:14:00,71.8
2025-06-12 05:04:00,70.4
2025-06-12 18:43:00,73.7
2025-06-12 19:11:00,0.7
2025-06-12 14:00:00,26.1
2025-06-12 10:19:00,42.2
2025-06-12 06:59:00,60.4
2025-06-12 23:54:00,45.7
2025-06-12 14:24:00,59.0
2025-06-12 11:37:00,59.2
2025-06-12 00:44:00,80.8
2025-06-12 22:39:00,6.2
2025-06-12 13:50:00,34.6
2025-06-12 06:18:00,82.8
2025-06-12 21:51:00,50.31471380077256
2025-06-12 23:36:00,5.1
2025-06-12 02:17:00,63.0
2025-06-12 08:25:00,50.31471380077256
2025-06-12 20:23:00,88.1
2025-06-12 14:23:00,35.7
2025-06-12 16:33:00,67.0
2025-06-12 04:16:00,6.5
2025-06-12 06:55:00,94.3
2025-06-12 10:37:00,50.31471380077256
2025-06-12 23:13:00,28.7
2025-06-12 18:38:00,87.3
2025-06-12 14:01:00,55.2
2025-06-12 16:24:00,19.4
2025-06-12 09:49:00,44.4
2025-06-12 01:08:00,81.5
2025-06-12 18:16:00,9.1
2025-06-12 16:29:00,44.7
2025-06-12 09:23:00,97.6
2025-06-12 18:35:00,50.31471380077256
2025-06-12 22:21:00,83.6
2025-06-12 18:32:00,27.1
2025-06-12 02:52:00,8.0
2025-06-12 12:06:00,37.9
2025-06-12 20:04:00,65.2
2025-06-12 15:29:00,83.4
2025-06-12 08:07:00,73.3
2025-06-12 07:23:00,50.8
2025-06-12 00:29:00,35.5
2025-06-12 12:46:00,37.4
2025-06-12 18:52:00,19.0
2025-06-12 00:28:00,50.31471380077256
2025-06-12 03:37:00,68.4
2025-06-12 12:44:00,58.6
2025-06-12 12:47:00,32.7
2025-06-12 09:58:00,3.4
2025-06-12 07:22:00,42.7
2025-06-12 21:18:00,13.7
2025-06-12 10:33:00,50.31471380077256
2025-06-12 17:09:00,1.0
2025-06-12 03:48:00,68.1
2025-06-12 02:06:00,50.31471380077256
2025-06-12 04:03:00,7.4
2025-06-12 06:14:00,22.9
2025-06-12 15:48:00,63.9
2025-06-12 07:34:00,92.9
2025-06-12 06:30:00,48.7
2025-06-12 11:27:00,64.0
2025-06-12 16:43:00,20.6
2025-06-12 23:29:00,66.7
2025-06-12 01:57:00,76.5
2025-06-12 20:58:00,65.8
2025-06-12 09:15:00,59.3
2025-06-12 19:23:00,40.4
2025-06-12 08:54:00,50.31471380077256
2025-06-12 18:17:00,11.0
2025-06-12 03:58:00,95.6
2025-06-12 04:17:00,99.5
2025-06-12 13:52:00,69.5
2025-06-12 20:18:00,62.2
2025-06-12 08:41:00,69.1
2025-06-12 08:02:00,37.7
2025-06-12 06:41:00,13.9
2025-06-12 14:52:00,53.8
2025-06-12 23:14:00,55.2
2025-06-12 09:16:00,37.2
2025-06-12 03:16:00,74.3
2025-06-12 21:50:00,30.9
2025-06-12 13:37:00,84.5
2025-06-12 23:48:00,53.4
2025-06-12 04:10:00,98.2
2025-06-12 18:04:00,50.31471380077256
2025-06-12 20:29:00,66.3
2025-06-12 03:54:00,6.6
2025-06-12 11:48:00,38.9
2025-06-12 18:51:00,36.3
2025-06-12 20:46:00,89.8
2025-06-12 01:38:00,30.8
2025-06-12 18:41:00,42.2
2025-06-12 09:34:00,16.7
2025-06-12 06:58:00,51.0
2025-06-12 12:52:00,95.4
2025-06-12 06:46:00,52.3
2025-06-12 10:50:00,14.9
2025-06-12 17:18:00,50.31471380077256
2025-06-12 23:47:00,10.7
2025-06-12 17:25:00,50.4
2025-06-12 11:51:00,24.3
2025-06-12 11:19:00,24.5
2025-06-12 10:57:00,50.31471380077256
2025-06-12 19:25:00,50.31471380077256
2025-06-12 13:08:00,30.8
2025-06-12 17:39:00,50.31471380077256
2025-06-12 23:38:00,19.4
2025-06-12 02:56:00,11.4
2025-06-12 16:19:00,79.8
2025-06-12 01:43:00,1.3
2025-06-12 03:03:00,78.8
2025-06-12 12:10:00,44.0
2025-06-12 10:13:00,1.8
2025-06-12 02:24:00,50.31471380077256
2025-06-12 07:37:00,64.0
2025-06-12 06:26:00,68.8
2025-06-12 00:32:00,90.8
2025-06-12 19:53:00,26.7
2025-06-12 18:34:00,86.1
2025-06-12 10:46:00,19.7
2025-06-12 16:08:00,71.7
2025-06-12 15:45:00,18.4
2025-06-12 05:58:00,67.1
2025-06-12 00:39:00,40.7
2025-06-12 19:28:00,22.3
2025-06-12 21:43:00,86.4
2025-06-12 03:12:00,50.31471380077256
2025-06-12 13:33:00,56.4
2025-06-12 13:30:00,9.5
2025-06-12 02:57:00,17.9
2025-06-12 05:15:00,61.5
2025-06-12 17:22:00,3.9
2025-06-12 07:57:00,97.9
2025-06-12 18:55:00,93.0
2025-06-12 16:44:00,84.6
2025-06-12 10:43:00,39.2
2025-06-12 01:16:00,78.1
2025-06-12 00:12:00,26.3
2025-06-12 16:59:00,50.31471380077256
2025-06-12 23:00:00,50.31471380077256
2025-06-12 14:43:00,88.9
2025-06-12 17:53:00,20.1
2025-06-12 10:54:00,50.4
2025-06-12 23:51:00,84.3
2025-06-12 15:47:00,43.3
2025-06-12 18:08:00,23.8
2025-06-12 00:07:00,20.8
2025-06-12 09:33:00,43.0
2025-06-12 00:52:00,72.7
2025-06-12 12:02:00,43.2
2025-06-12 01:29:00,55.4
2025-06-12 21:39:00,41.2
2025-06-12 07:06:00,26.9
2025-06-12 07:52:00,7.5
2025-06-12 07:00:00,48.5
2025-06-12 18:23:00,45.3
2025-06-12 13:15:00,50.31471380077256
2025-06-12 18:42:00,16.7
2025-06-12 16:22:00,28.7
2025-06-12 20:22:00,32.2
2025-06-12 01:10:00,23.5
2025-06-12 20:50:00,21.9
2025-06-12 13:14:00,9.2
2025-06-12 13:00:00,51.9
2025-06-12 00:12:00,37.8
2025-06-12 09:01:00,33.5
2025-06-12 20:01:00,40.5
2025-06-12 18:43:00,11.4
2025-06-12 01:30:00,5.1
2025-06-12 04:52:00,73.0
2025-06-12 19:36:00,49.873700916999766
2025-06-12 13:26:00,49.873700916999766
2025-06-12 16:55:00,34.9
2025-06-12 05:42:00,53.3
2025-06-12 01:34:00,83.7
2025-06-12 17:11:00,24.1
2025-06-12 22:04:00,65.4
2025-06-12 14:06:00,26.5
2025-06-12 03:51:00,68.6
2025-06-12 22:25:00,1.3
2025-06-12 20:49:00,52.0
2025-06-12 14:24:00,63.9
2025-06-12 00:52:00,15.4
2025-06-12 08:08:00,76.5
2025-06-12 13:00:00,49.873700916999766
2025-06-12 01:43:00,9.2
2025-06-12 19:38:00,34.8
2025-06-12 15:18:00,15.7
2025-06-12 19:57:00,49.873700916999766
2025-06-12 08:09:00,66.1
2025-06-12 10:17:00,28.0
2025-06-12 13:54:00,49.873700916999766
2025-06-12 07:45:00,49.873700916999766
2025-06-12 11:14:00,81.0
2025-06-12 14:38:00,15.8
2025-06-12 13:44:00,53.6
2025-06-12 15:28:00,49.873700916999766
2025-06-12 08:35:00,81.1
2025-06-12 07:38:00,82.4
2025-06-12 08:36:00,49.873700916999766
2025-06-12 21:08:00,92.8
2025-06-12 15:55:00,24.4
2025-06-12 09:05:00,65.6
2025-06-12 02:11:00,5.3
2025-06-12 18:17:00,46.1
2025-06-12 11:48:00,97.6
2025-06-12 00:10:00,66.9
2025-06-12 19:49:00,68.7
2025-06-12 04:44:00,49.873700916999766
2025-06-12 06:46:00,49.873700916999766
2025-06-12 06:11:00,84.1
2025-06-12 01:29:00,35.1
2025-06-12 14:51:00,9.7
2025-06-12 03:32:00,36.2
2025-06-12 21:30:00,39.4
2025-06-12 20:02:00,95.7
2025-06-12 09:11:00,50.5
2025-06-12 01:23:00,52.5
2025-06-12 08:10:00,22.3
2025-06-12 11:43:00,41.4
2025-06-12 14:00:00,80.4
2025-06-12 12:32:00,73.8
2025-06-12 11:24:00,93.4
2025-06-12 11:00:00,2.9
2025-06-12 23:15:00,65.2
2025-06-12 00:57:00,68.0
2025-06-12 15:46:00,87.4
2025-06-12 10:20:00,55.6
2025-06-12 08:58:00,49.873700916999766
2025-06-12 22:58:00,52.3
2025-06-12 21:58:00,50.5
2025-06-12 16:42:00,2.0
2025-06-12 09:39:00,64.1
2025-06-12 15:37:00,26.2
2025-06-12 17:12:00,18.4
2025-06-12 06:02:00,89.5
2025-06-12 13:24:00,19.4
2025-06-12 19:03:00,32.5
2025-06-12 05:26:00,88.3
2025-06-12 01:26:00,54.7
2025-06-12 02:56:00,23.4
2025-06-12 10:09:00,3.0
2025-06-12 13:42:00,47.8
2025-06-12 17:08:00,80.4
2025-06-12 00:48:00,45.1
2025-06-12 12:53:00,88.9
2025-06-12 20:33:00,49.7
2025-06-12 17:59:00,46.9
2025-06-12 01:53:00,69.6
2025-06-12 09:41:00,68.6
2025-06-12 10:51:00,63.4
2025-06-12 04:58:00,49.873700916999766
2025-06-12 14:12:00,51.5
2025-06-12 13:17:00,88.2
2025-06-12 20:55:00,38.1
2025-06-12 17:41:00,42.7
2025-06-12 10:30:00,64.8
2025-06-12 00:22:00,37.7
2025-06-12 04:01:00,4.1
2025-06-12 08:37:00,82.0
2025-06-12 02:13:00,64.5
2025-06-12 13:29:00,69.3
2025-06-12 09:08:00,57.7
2025-06-12 12:34:00,19.5
2025-06-12 16:40:00,7.4
2025-06-12 11:35:00,59.8
2025-06-12 06:13:00,98.4
2025-06-12 12:41:00,40.4
2025-06-12 13:43:00,80.4
2025-06-12 18:06:00,32.6
2025-06-12 09:23:00,84.6
2025-06-12 20:13:00,87.3
2025-06-12 12:50:00,76.8
2025-06-12 05:33:00,49.873700916999766
2025-06-12 19:43:00,33.9
2025-06-12 12:02:00,8.1
2025-06-12 09:03:00,82.5
2025-06-12 22:49:00,79.5
2025-06-12 18:55:00,52.4
2025-06-12 18:52:00,49.873700916999766
2025-06-12 16:53:00,14.7
2025-06-12 23:06:00,69.8
2025-06-12 23:28:00,41.8
2025-06-12 05:01:00,17.5
2025-06-12 14:13:00,55.0
2025-06-12 19:54:00,6.0
2025-06-12 04:42:00,0.1
2025-06-12 06:27:00,11.9
2025-06-12 03:43:00,49.873700916999766
2025-06-12 02:08:00,71.2
2025-06-12 13:59:00,48.4
2025-06-12 04:31:00,57.5
2025-06-12 11:04:00,49.873700916999766
2025-06-12 20:45:00,81.5
2025-06-12 19:41:00,84.2
2025-06-12 10:55:00,49.873700916999766
2025-06-12 10:39:00,49.873700916999766
2025-06-12 11:37:00,70.0
2025-06-12 07:03:00,49.873700916999766
2025-06-12 02:38:00,52.8
2025-06-12 11:27:00,5.3
2025-06-12 15:06:00,49.873700916999766
2025-06-12 09:56:00,54.7
2025-06-12 02:25:00,49.873700916999766
2025-06-12 10:13:00,10.0
2025-06-12 22:31:00,29.5
2025-06-12 08:00:00,61.8
2025-06-12 22:56:00,16.0
2025-06-12 05:10:00,1.2
2025-06-12 19:08:00,0.7
2025-06-12 16:24:00,49.873700916999766
2025-06-12 17:27:00,58.0
2025-06-12 11:11:00,17.2
2025-06-12 21:47:00,49.873700916999766
2025-06-12 13:12:00,80.3
2025-06-12 08:18:00,47.8
2025-06-12 01:25:00,3.2
2025-06-12 18:12:00,29.9
2025-06-12 11:38:00,26.3
2025-06-12 14:34:00,44.8
2025-06-12 20:21:00,76.7
2025-06-12 18:18:00,3.4
2025-06-12 01:02:00,73.9
2025-06-12 01:35:00,52.0
2025-06-12 02:53:00,6.5
2025-06-12 18:48:00,23.2
2025-06-12 14:57:00,86.5
2025-06-12 20:46:00,91.0
2025-06-12 09:47:00,39.9
2025-06-12 02:50:00,49.873700916999766
2025-06-12 14:37:00,49.873700916999766
2025-06-12 00:44:00,26.0
2025-06-12 01:00:00,68.7
2025-06-12 15:04:00,93.0
2025-06-12 01:07:00,20.0
2025-06-12 17:33:00,78.9
2025-06-12 22:33:00,12.1
2025-06-12 04:37:00,49.873700916999766
2025-06-12 17:00:00,34.8
2025-06-12 08:41:00,8.0
2025-06-12 23:10:00,2.5
2025-06-12 12:59:00,96.9
2025-06-12 05:04:00,56.2
2025-06-12 15:49:00,66.6
2025-06-12 08:14:00,4.0
2025-06-12 01:47:00,56.4
2025-06-12 02:20:00,75.3
2025-06-12 10:31:00,50.3
2025-06-12 11:42:00,69.9
2025-06-12 18:26:00,74.7
2025-06-12 13:11:00,99.8
2025-06-12 18:33:00,75.4
2025-06-12 23:26:00,3.8
2025-06-12 16:19:00,71.5
2025-06-12 11:09:00,6.4
2025-06-12 07:11:00,78.8
2025-06-12 19:12:00,82.5
2025-06-12 16:51:00,16.3
2025-06-12 23:34:00,1.2
2025-06-12 16:29:00,76.5
2025-06-12 18:47:00,42.0
2025-06-12 19:52:00,22.6
2025-06-12 00:37:00,86.5
2025-06-12 11:26:00,19.6
2025-06-12 16:43:00,63.4
2025-06-12 07:49:00,53.8
2025-06-12 21:03:00,28.8
2025-06-12 08:47:00,50.3
2025-06-12 14:20:00,45.1
2025-06-12 20:29:00,58.4
2025-06-12 18:09:00,85.2
2025-06-12 13:52:00,4.1
2025-06-12 22:02:00,49.1
2025-06-12 00:45:00,29.9
2025-06-12 21:25:00,93.9
2025-06-12 02:33:00,19.1
2025-06-12 18:56:00,87.5
2025-06-12 04:03:00,6.9
2025-06-12 08:27:00,83.7
2025-06-12 01:33:00,45.3
2025-06-12 17:43:00,17.1
2025-06-12 15:03:00,67.5
2025-06-12 11:31:00,34.0
2025-06-12 18:46:00,45.7
2025-06-12 00:31:00,80.9
2025-06-12 16:05:00,74.6
2025-06-12 20:19:00,49.873700916999766
2025-06-12 11:29:00,49.873700916999766
2025-06-12 13:08:00,64.9
2025-06-12 01:19:00,49.873700916999766
2025-06-12 03:36:00,12.2
2025-06-12 23:19:00,95.5
2025-06-12 07:48:00,38.6
2025-06-12 18:23:00,25.7
2025-06-12 22:17:00,16.6
2025-06-12 06:08:00,91.2
2025-06-12 17:42:00,1.8
2025-06-12 14:46:00,80.2
2025-06-12 13:39:00,11.9
2025-06-12 21:11:00,66.9
2025-06-12 00:29:00,46.2
2025-06-12 11:05:00,36.3
2025-06-12 03:19:00,70.4
2025-06-12 12:15:00,71.4
2025-06-12 19:46:00,35.3
2025-06-12 03:25:00,28.2
2025-06-12 07:39:00,49.5
2025-06-12 05:43:00,45.7
2025-06-12 01:42:00,21.8
2025-06-12 02:02:00,49.873700916999766
2025-06-12 06:35:00,83.0
2025-06-12 05:09:00,17.5
2025-06-12 22:24:00,34.7
2025-06-12 05:19:00,11.0
2025-06-12 09:26:00,94.6
2025-06-12 13:06:00,91.6
2025-06-12 23:07:00,88.7
2025-06-12 03:08:00,15.9
2025-06-12 10:50:00,88.0
2025-06-12 00:15:00,21.2
2025-06-12 03:59:00,22.6
2025-06-12 03:41:00,4.6
2025-06-12 11:33:00,31.2
2025-06-12 09:43:00,90.0
2025-06-12 00:24:00,69.8
2025-06-12 07:15:00,74.2
2025-06-12 17:31:00,42.1
2025-06-12 08:44:00,20.4
2025-06-12 02:10:00,12.0
2025-06-12 00:23:00,53.1
2025-06-12 09:38:00,49.873700916999766
2025-06-12 05:45:00,23.2
2025-06-12 14:35:00,17.9
2025-06-12 16:13:00,35.3
2025-06-12 05:14:00,60.1
2025-06-12 11:17:00,97.9
2025-06-12 20:43:00,60.4
2025-06-12 01:58:00,62.5
2025-06-12 06:18:00,49.873700916999766
2025-06-12 01:15:00,82.1
2025-06-12 10:59:00,63.8
2025-06-12 10:12:00,88.8
2025-06-12 20:48:00,56.1
2025-06-12 21:57:00,12.2
2025-06-12 17:51:00,95.6
2025-06-12 17:20:00,10.4
2025-06-12 03:49:00,65.8
2025-06-12 14:32:00,99.9
2025-06-12 22:36:00,36.5
2025-06-12 02:05:00,53.8
2025-06-12 14:26:00,37.8
2025-06-12 06:49:00,46.4
2025-06-12 00:41:00,14.5
2025-06-12 05:23:00,33.5
2025-06-12 13:37:00,94.0
2025-06-12 14:58:00,78.3
2025-06-12 13:04:00,66.8
2025-06-12 07:50:00,3.1
2025-06-12 11:04:00,82.2
2025-06-12 05:52:00,98.8
2025-06-12 15:04:00,19.2
2025-06-12 14:43:00,67.3
2025-06-12 01:41:00,21.0
2025-06-12 22:12:00,14.9
2025-06-12 21:01:00,11.0
2025-06-12 17:07:00,82.8
2025-06-12 12:35:00,84.0
2025-06-12 10:59:00,35.1
2025-06-12 20:12:00,49.660353652861794
2025-06-12 01:47:00,40.2
2025-06-12 15:12:00,47.1
2025-06-12 09:04:00,0.9
2025-06-12 18:18:00,58.1
2025-06-12 20:40:00,12.6
2025-06-12 11:06:00,87.0
2025-06-12 08:38:00,49.660353652861794
2025-06-12 06:46:00,1.0
2025-06-12 17:57:00,96.9
2025-06-12 07:25:00,63.5
2025-06-12 06:16:00,2.1
2025-06-12 04:06:00,76.0
2025-06-12 03:30:00,0.9
2025-06-12 19:35:00,49.660353652861794
2025-06-12 23:28:00,93.6
2025-06-12 04:32:00,49.660353652861794
2025-06-12 04:50:00,87.6
2025-06-12 17:17:00,73.0
2025-06-12 18:05:00,3.1
2025-06-12 11:37:00,50.2
2025-06-12 09:31:00,49.0
2025-06-12 12:37:00,76.6
2025-06-12 18:16:00,3.9
2025-06-12 11:22:00,82.6
2025-06-12 16:28:00,98.3
2025-06-12 13:02:00,54.6
2025-06-12 20:57:00,52.4
2025-06-12 14:36:00,22.2
2025-06-12 08:48:00,0.8
2025-06-12 06:06:00,59.4
2025-06-12 22:01:00,0.6
2025-06-12 22:48:00,49.660353652861794
2025-06-12 18:17:00,0.4
2025-06-12 23:45:00,38.5
2025-06-12 05:43:00,49.660353652861794
2025-06-12 21:42:00,49.6
2025-06-12 22:14:00,49.660353652861794
2025-06-12 22:08:00,85.7
2025-06-12 14:20:00,70.7
2025-06-12 04:03:00,95.8
2025-06-12 03:31:00,88.8
2025-06-12 23:41:00,49.660353652861794
2025-06-12 12:38:00,29.8
2025-06-12 08:45:00,59.3
2025-06-12 19:24:00,61.1
2025-06-12 08:04:00,49.660353652861794
2025-06-12 07:02:00,43.2
2025-06-12 12:55:00,71.1
2025-06-12 10:52:00,59.7
2025-06-12 16:19:00,57.2
2025-06-12 00:21:00,49.660353652861794
2025-06-12 04:22:00,68.5
2025-06-12 10:31:00,75.0
2025-06-12 17:02:00,52.4
2025-06-12 22:36:00,96.5
2025-06-12 20:11:00,49.660353652861794
2025-06-12 08:51:00,1.8
2025-06-12 01:29:00,49.660353652861794
2025-06-12 03:16:00,67.7
2025-06-12 08:25:00,53.0
2025-06-12 19:06:00,29.8
2025-06-12 00:46:00,13.2
2025-06-12 14:16:00,72.7
2025-06-12 18:44:00,48.2
2025-06-12 03:45:00,67.4
2025-06-12 08:59:00,92.8
2025-06-12 09:06:00,20.6
2025-06-12 21:44:00,24.2
2025-06-12 14:37:00,72.5
2025-06-12 12:05:00,40.2
2025-06-12 17:20:00,24.8
2025-06-12 06:54:00,62.2
2025-06-12 06:07:00,85.6
2025-06-12 06:11:00,1.9
2025-06-12 01:09:00,16.3
2025-06-12 06:49:00,89.9
2025-06-12 19:41:00,0.5
2025-06-12 03:02:00,52.0
2025-06-12 00:01:00,18.5
2025-06-12 16:33:00,81.1
2025-06-12 04:17:00,53.4
2025-06-12 21:14:00,49.660353652861794
2025-06-12 14:57:00,2.3
2025-06-12 05:17:00,78.7
2025-06-12 22:10:00,89.2
2025-06-12 10:04:00,66.8
2025-06-12 10:08:00,84.4
2025-06-12 20:45:00,48.5
2025-06-12 01:32:00,68.4
2025-06-12 06:43:00,14.3
2025-06-12 06:39:00,54.5
2025-06-12 16:34:00,63.6
2025-06-12 09:22:00,42.5
2025-06-12 16:29:00,6.5
2025-06-12 14:07:00,61.3
2025-06-12 23:24:00,49.660353652861794
2025-06-12 22:19:00,46.1
2025-06-12 12:41:00,70.2
2025-06-12 17:46:00,49.660353652861794
2025-06-12 08:19:00,14.5
2025-06-12 17:27:00,52.7
2025-06-12 04:27:00,49.660353652861794
2025-06-12 06:33:00,3.4
2025-06-12 15:38:00,68.6
2025-06-12 12:22:00,27.4
2025-06-12 15:50:00,32.5
2025-06-12 13:36:00,23.1
2025-06-12 17:42:00,49.660353652861794
2025-06-12 07:08:00,91.1
2025-06-12 14:38:00,87.0
2025-06-12 11:05:00,57.5
2025-06-12 11:09:00,50.4
2025-06-12 12:03:00,44.1
2025-06-12 18:48:00,13.9
2025-06-12 13:27:00,49.6
2025-06-12 06:02:00,27.4
2025-06-12 06:44:00,66.3
2025-06-12 20:14:00,81.7
2025-06-12 20:52:00,34.7
2025-06-12 03:46:00,49.660353652861794
2025-06-12 19:34:00,52.0
2025-06-12 04:45:00,36.4
2025-06-12 07:04:00,13.8
2025-06-12 21:39:00,58.5
2025-06-12 02:06:00,33.4
2025-06-12 23:18:00,61.7
2025-06-12 10:39:00,20.1
2025-06-12 19:11:00,3.2
2025-06-12 05:08:00,37.0
2025-06-12 01:49:00,17.4
2025-06-12 04:43:00,78.5
2025-06-12 21:04:00,71.0
2025-06-12 06:10:00,41.4
2025-06-12 19:27:00,48.1
2025-06-12 23:25:00,80.7
2025-06-12 23:23:00,11.0
2025-06-12 00:04:00,18.2
2025-06-12 18:51:00,49.660353652861794
2025-06-12 07:19:00,16.3
2025-06-12 14:23:00,72.3
2025-06-12 15:40:00,19.3
2025-06-12 23:03:00,78.4
2025-06-12 06:14:00,79.2
2025-06-12 21:32:00,0.8
2025-06-12 11:42:00,64.9
2025-06-12 11:03:00,14.7
2025-06-12 19:58:00,94.7
2025-06-12 14:39:00,49.660353652861794
2025-06-12 15:08:00,98.0
2025-06-12 06:13:00,52.7
2025-06-12 19:21:00,32.1
2025-06-12 00:59:00,49.660353652861794
2025-06-12 18:50:00,49.660353652861794
2025-06-12 14:35:00,18.3
2025-06-12 08:15:00,56.1
2025-06-12 22:51:00,67.1
2025-06-12 14:30:00,28.6
2025-06-12 09:18:00,91.7
2025-06-12 14:50:00,26.2
2025-06-12 14:08:00,61.3
2025-06-12 15:31:00,49.660353652861794
2025-06-12 10:43:00,78.7
2025-06-12 22:32:00,11.9
2025-06-12 13:59:00,64.9
2025-06-12 08:44:00,22.9
2025-06-12 05:16:00,49.660353652861794
2025-06-12 20:35:00,49.6
2025-06-12 13:14:00,49.660353652861794
2025-06-12 10:47:00,61.8
2025-06-12 19:49:00,15.4
2025-06-12 16:23:00,50.8
2025-06-12 18:37:00,37.2
2025-06-12 23:36:00,17.0
2025-06-12 13:17:00,49.660353652861794
2025-06-12 15:53:00,58.6
2025-06-12 01:46:00,49.660353652861794
2025-06-12 07:55:00,24.9
2025-06-12 05:27:00,46.7
2025-06-12 09:46:00,82.1
2025-06-12 21:35:00,55.6
2025-06-12 23:16:00,70.4
2025-06-12 16:54:00,92.3
2025-06-12 20:50:00,19.5
2025-06-12 11:35:00,95.4
2025-06-12 00:52:00,82.4
2025-06-12 02:45:00,29.8
2025-06-12 08:21:00,32.1
2025-06-12 10:30:00,28.2
2025-06-12 22:15:00,6.9
2025-06-12 21:24:00,41.5
2025-06-12 00:08:00,56.8
2025-06-12 06:58:00,26.6
2025-06-12 16:49:00,53.8
2025-06-12 17:25:00,86.6
2025-06-12 02:24:00,56.6
2025-06-12 02:56:00,36.9
2025-06-12 01:27:00,57.0
2025-06-12 15:41:00,49.660353652861794
2025-06-12 10:45:00,49.660353652861794
2025-06-12 06:34:00,61.8
2025-06-12 12:20:00,48.1
2025-06-12 07:49:00,96.1
2025-06-12 01:39:00,46.7
2025-06-12 11:27:00,99.3
2025-06-12 08:31:00,11.7
2025-06-12 07:16:00,38.1
2025-06-12 20:26:00,62.2
2025-06-12 19:48:00,49.660353652861794
2025-06-12 16:42:00,55.0
2025-06-12 07:10:00,87.0
2025-06-12 02:39:00,8.9
2025-06-12 11:40:00,58.6
2025-06-12 15:28:00,24.5
2025-06-12 21:23:00,7.0
2025-06-12 00:14:00,20.4
2025-06-12 16:48:00,73.9
2025-06-12 08:08:00,11.7
2025-06-12 07:59:00,86.8
2025-06-12 08:16:00,34.6
2025-06-12 01:25:00,2.0
2025-06-12 03:52:00,33.5
2025-06-12 23:19:00,49.9
2025-06-12 11:51:00,46.4
2025-06-12 23:00:00,13.2
2025-06-12 08:35:00,49.660353652861794
2025-06-12 00:20:00,9.8
2025-06-12 20:00:00,58.4
2025-06-12 07:09:00,27.8
2025-06-12 15:47:00,73.4
2025-06-12 22:41:00,77.4
2025-06-12 02:57:00,59.3
2025-06-12 10:36:00,7.7
2025-06-12 00:56:00,58.8
2025-06-12 21:43:00,49.660353652861794
2025-06-12 06:32:00,25.7
2025-06-12 23:44:00,27.0
2025-06-12 03:49:00,17.2
2025-06-12 05:25:00,44.4
2025-06-12 09:55:00,67.5
2025-06-12 10:03:00,55.3
2025-06-12 20:18:00,26.9
2025-06-12 08:03:00,7.4
2025-06-12 12:44:00,95.6
2025-06-12 01:33:00,57.7
2025-06-12 23:11:00,94.9
2025-06-12 02:22:00,89.8
2025-06-12 02:05:00,45.2
2025-06-12 12:59:00,43.4
2025-06-12 15:24:00,44.3
2025-06-12 10:07:00,30.2
2025-06-12 23:17:00,90.8
2025-06-12 07:53:00,81.9
2025-06-12 08:01:00,96.7
2025-06-12 08:29:00,84.6
2025-06-12 13:19:00,81.2
2025-06-12 00:18:00,72.2
2025-06-12 09:37:00,78.7
2025-06-12 04:51:00,43.5
2025-06-12 09:56:00,34.1
2025-06-12 09:01:00,77.5
2025-06-12 06:29:00,49.660353652861794
2025-06-12 19:31:00,59.1
2025-06-12 11:14:00,34.0
2025-06-12 14:47:00,34.4
2025-06-12 20:38:00,33.3
2025-06-12 09:53:00,61.8
2025-06-12 17:51:00,49.660353652861794
2025-06-12 07:20:00,57.9
2025-06-12 23:55:00,62.5
2025-06-12 04:44:00,88.2
2025-06-12 05:06:00,20.3
2025-06-12 23:27:00,34.3
2025-06-12 08:39:00,50.5
2025-06-12 04:16:00,76.5
2025-06-12 15:59:00,49.660353652861794
2025-06-12 15:33:00,33.8
2025-06-12 01:50:00,30.1
2025-06-12 16:46:00,30.7
2025-06-12 20:20:00,22.0
2025-06-12 16:16:00,49.9804001872221
2025-06-12 20:04:00,64.6
2025-06-12 16:13:00,49.9804001872221
2025-06-12 18:00:00,67.9
2025-06-12 02:12:00,30.2
2025-06-12 20:06:00,49.9804001872221
2025-06-12 12:30:00,3.7
2025-06-12 13:07:00,49.9804001872221
2025-06-12 20:27:00,70.2
2025-06-12 08:44:00,17.2
2025-06-12 10:41:00,38.0
2025-06-12 02:58:00,49.9804001872221
2025-06-12 15:30:00,37.2
2025-06-12 14:07:00,10.2
2025-06-12 04:47:00,40.7
2025-06-12 01:30:00,19.6
2025-06-12 23:35:00,49.9804001872221
2025-06-12 12:26:00,87.1
2025-06-12 19:04:00,61.7
2025-06-12 14:29:00,23.8
2025-06-12 09:48:00,19.5
2025-06-12 09:58:00,49.9804001872221
2025-06-12 01:33:00,31.8
2025-06-12 03:59:00,49.7
2025-06-12 15:31:00,35.3
2025-06-12 04:19:00,92.6
2025-06-12 21:10:00,49.9804001872221
2025-06-12 18:05:00,64.9
2025-06-12 02:22:00,49.9804001872221
2025-06-12 00:11:00,59.7
2025-06-12 17:01:00,86.8
2025-06-12 15:07:00,88.5
2025-06-12 01:19:00,88.5
2025-06-12 16:47:00,49.9804001872221
2025-06-12 05:36:00,67.0
2025-06-12 00:23:00,58.3
2025-06-12 09:45:00,24.2
2025-06-12 10:55:00,70.6
2025-06-12 13:21:00,49.9804001872221
2025-06-12 10:29:00,0.6
2025-06-12 09:38:00,62.7
2025-06-12 02:44:00,63.5
2025-06-12 17:31:00,28.3
2025-06-12 15:09:00,41.8
2025-06-12 08:41:00,49.9804001872221
2025-06-12 15:12:00,76.7
2025-06-12 07:08:00,43.1
2025-06-12 19:52:00,71.0
2025-06-12 09:15:00,61.4
2025-06-12 11:55:00,38.8
2025-06-12 07:48:00,49.9804001872221
2025-06-12 12:11:00,62.3
2025-06-12 12:17:00,63.3
2025-06-12 02:09:00,65.1
2025-06-12 06:44:00,91.6
2025-06-12 08:09:00,1.5
2025-06-12 11:09:00,84.3
2025-06-12 09:51:00,78.3
2025-06-12 23:36:00,94.9
2025-06-12 05:33:00,28.0
2025-06-12 02:51:00,90.6
2025-06-12 13:24:00,43.7
2025-06-12 11:02:00,49.9804001872221
2025-06-12 00:58:00,8.3
2025-06-12 19:13:00,82.4
2025-06-12 17:29:00,82.9
2025-06-12 03:10:00,69.1
2025-06-12 02:52:00,51.1
2025-06-12 08:04:00,39.0
2025-06-12 11:05:00,15.1
2025-06-12 21:25:00,37.1
2025-06-12 01:07:00,64.1
2025-06-12 18:59:00,43.5
2025-06-12 12:55:00,40.4
2025-06-12 08:33:00,40.4
2025-06-12 21:55:00,65.2
2025-06-12 12:10:00,18.0
2025-06-12 17:27:00,96.4
2025-06-12 10:36:00,91.2
2025-06-12 19:48:00,45.4
2025-06-12 08:24:00,5.2
2025-06-12 15:48:00,59.3
2025-06-12 23:40:00,91.6
2025-06-12 20:14:00,51.8
2025-06-12 02:38:00,17.9
2025-06-12 06:58:00,21.7
2025-06-12 03:47:00,13.1
2025-06-12 16:18:00,49.9804001872221
2025-06-12 03:51:00,60.8
2025-06-12 16:31:00,45.4
2025-06-12 07:03:00,69.6
2025-06-12 00:06:00,46.4
2025-06-12 00:51:00,63.9
2025-06-12 20:08:00,77.6
2025-06-12 12:15:00,75.3
2025-06-12 15:33:00,33.9
2025-06-12 07:52:00,49.9804001872221
2025-06-12 03:46:00,52.5
2025-06-12 04:22:00,49.9804001872221
2025-06-12 01:00:00,11.1
2025-06-12 22:49:00,49.9804001872221
2025-06-12 04:20:00,29.1
2025-06-12 09:13:00,9.8
2025-06-12 14:31:00,88.0
2025-06-12 19:06:00,50.8
2025-06-12 18:27:00,40.7
2025-06-12 22:48:00,75.6
2025-06-12 00:20:00,54.3
2025-06-12 19:50:00,88.2
2025-06-12 19:37:00,18.7
2025-06-12 07:06:00,65.1
2025-06-12 14:30:00,71.6
2025-06-12 06:06:00,88.6
2025-06-12 06:55:00,34.4
2025-06-12 02:18:00,21.4
2025-06-12 01:02:00,9.3
2025-06-12 05:00:00,84.6
2025-06-12 08:16:00,49.9804001872221
2025-06-12 18:29:00,12.7
2025-06-12 03:55:00,52.9
2025-06-12 10:30:00,41.4
2025-06-12 13:38:00,49.1
2025-06-12 23:49:00,27.8
2025-06-12 08:07:00,86.0
2025-06-12 05:46:00,46.9
2025-06-12 00:30:00,6.4
2025-06-12 18:56:00,76.6
2025-06-12 00:28:00,76.7
2025-06-12 13:18:00,49.9804001872221
2025-06-12 05:30:00,45.3
2025-06-12 03:20:00,68.0
2025-06-12 15:54:00,55.9
2025-06-12 21:31:00,49.9804001872221
2025-06-12 11:20:00,64.2
2025-06-12 00:36:00,77.3
2025-06-12 07:38:00,49.9804001872221
2025-06-12 19:45:00,24.5
2025-06-12 03:16:00,55.7
2025-06-12 18:46:00,72.3
2025-06-12 15:34:00,89.3
2025-06-12 14:20:00,49.9804001872221
2025-06-12 21:13:00,24.2
2025-06-12 22:01:00,87.9
2025-06-12 23:06:00,98.5
2025-06-12 12:00:00,14.4
2025-06-12 00:50:00,63.0
2025-06-12 05:07:00,82.8
2025-06-12 02:02:00,82.9
2025-06-12 23:34:00,61.3
2025-06-12 08:56:00,7.7
2025-06-12 08:54:00,78.3
2025-06-12 03:57:00,78.6
2025-06-12 13:22:00,86.1
2025-06-12 07:42:00,9.2
2025-06-12 22:30:00,31.0
2025-06-12 04:48:00,79.5
2025-06-12 14:12:00,68.9
2025-06-12 11:22:00,93.9
2025-06-12 16:49:00,49.9804001872221
2025-06-12 16:12:00,49.9804001872221
2025-06-12 04:36:00,95.3
2025-06-12 07:49:00,63.3
2025-06-12 10:14:00,0.9
2025-06-12 22:52:00,44.8
2025-06-12 01:05:00,65.9
2025-06-12 19:38:00,65.5
2025-06-12 02:26:00,90.9
2025-06-12 18:58:00,24.5
2025-06-12 06:24:00,46.7
2025-06-12 10:09:00,2.6
2025-06-12 15:49:00,45.7
2025-06-12 18:06:00,12.3
2025-06-12 06:45:00,49.9804001872221
2025-06-12 18:40:00,49.9804001872221
2025-06-12 16:33:00,73.0
2025-06-12 09:27:00,15.5
2025-06-12 02:00:00,1.3
2025-06-12 00:35:00,46.9
2025-06-12 14:43:00,71.1
2025-06-12 08:43:00,13.7
2025-06-12 03:48:00,39.6
2025-06-12 15:26:00,29.9
2025-06-12 08:36:00,22.5
2025-06-12 17:46:00,55.9
2025-06-12 14:40:00,4.7
2025-06-12 06:20:00,87.2
2025-06-12 15:17:00,71.2
2025-06-12 05:50:00,70.0
2025-06-12 07:04:00,16.3
2025-06-12 06:49:00,2.8
2025-06-12 07:20:00,26.7
2025-06-12 15:45:00,65.9
2025-06-12 04:06:00,80.6
2025-06-12 14:33:00,35.2
2025-06-12 13:34:00,89.3
2025-06-12 06:35:00,15.7
2025-06-12 08:29:00,10.4
2025-06-12 11:07:00,85.3
2025-06-12 09:26:00,78.8
2025-06-12 22:54:00,81.8
2025-06-12 14:06:00,49.9804001872221
2025-06-12 11:37:00,28.4
2025-06-12 16:48:00,86.8
2025-06-12 02:01:00,6.3
2025-06-12 21:41:00,35.8
2025-06-12 09:18:00,97.2
2025-06-12 20:02:00,42.1
2025-06-12 23:43:00,11.9
2025-06-12 03:49:00,94.9
2025-06-12 04:45:00,61.3
2025-06-12 23:01:00,64.5
2025-06-12 01:56:00,17.8
2025-06-12 03:07:00,56.2
2025-06-12 09:39:00,60.5
2025-06-12 02:47:00,83.1
2025-06-12 23:58:00,51.3
2025-06-12 00:53:00,85.4
2025-06-12 02:37:00,38.5
2025-06-12 17:04:00,12.9
2025-06-12 01:45:00,63.4
2025-06-12 11:51:00,96.9
2025-06-12 16:36:00,33.9
2025-06-12 03:00:00,0.3
2025-06-12 06:53:00,49.9804001872221
2025-06-12 04:35:00,67.1
2025-06-12 03:35:00,47.2
2025-06-12 19:59:00,18.7
2025-06-12 14:50:00,69.6
2025-06-12 19:14:00,65.4
2025-06-12 07:17:00,84.1
2025-06-12 05:59:00,57.8
2025-06-12 18:45:00,49.9804001872221
2025-06-12 21:22:00,50.5
2025-06-12 01:52:00,60.5
2025-06-12 23:52:00,49.9804001872221
2025-06-12 02:36:00,82.0
2025-06-12 05:42:00,86.5
2025-06-12 13:09:00,21.9
2025-06-12 05:47:00,62.3
2025-06-12 04:57:00,49.9804001872221
2025-06-12 15:46:00,34.8
2025-06-12 10:19:00,49.9804001872221
2025-06-12 19:58:00,11.1
2025-06-12 23:37:00,26.7
2025-06-12 01:21:00,87.7
2025-06-12 20:25:00,18.1
2025-06-12 00:44:00,72.5
2025-06-12 00:00:00,41.2
2025-06-12 11:35:00,91.7
2025-06-12 05:02:00,72.1
2025-06-12 12:57:00,68.2
2025-06-12 15:20:00,32.1
2025-06-12 12:12:00,51.1
2025-06-12 11:46:00,32.9
2025-06-12 23:25:00,98.7
2025-06-12 18:09:00,62.4
2025-06-12 11:44:00,47.9
2025-06-12 19:55:00,82.8
2025-06-12 12:56:00,29.9
2025-06-12 09:55:00,31.8
2025-06-12 16:52:00,38.6
2025-06-12 16:26:00,41.8
2025-06-12 17:23:00,30.6
2025-06-12 04:30:00,74.6
2025-06-12 14:39:00,43.4
2025-06-12 12:43:00,66.4
2025-06-12 19:10:00,76.9
2025-06-12 01:54:00,77.4
2025-06-12 17:30:00,49.9804001872221
2025-06-12 12:59:00,54.4
2025-06-12 10:48:00,87.6
2025-06-12 11:32:00,10.6
2025-06-12 15:11:00,49.9804001872221
2025-06-12 20:26:00,3.3
2025-06-12 15:27:00,70.0
2025-06-12 11:18:00,49.9804001872221
2025-06-12 17:47:00,11.4
2025-06-12 19:40:00,63.0
2025-06-12 00:14:00,76.3
2025-06-12 08:57:00,5.3
2025-06-12 17:58:00,5.8
2025-06-12 16:25:00,42.2
2025-06-12 03:33:00,49.9804001872221
2025-06-12 15:44:00,92.1
2025-06-12 23:12:00,47.1
2025-06-12 05:17:00,49.9804001872221
2025-06-12 09:19:00,93.5
2025-06-12 12:37:00,30.9
2025-06-12 03:06:00,86.5
2025-06-12 03:29:00,6.7
2025-06-12 17:43:00,35.4
2025-06-12 13:26:00,20.2
2025-06-12 01:36:00,49.9804001872221
2025-06-12 22:40:00,40.9
2025-06-12 08:38:00,39.3
2025-06-12 08:02:00,8.6
2025-06-12 05:25:00,31.2
2025-06-12 04:38:00,49.9804001872221
2025-06-12 22:38:00,13.5
2025-06-12 21:36:00,59.7
2025-06-12 02:21:00,99.4
2025-06-12 02:40:00,52.2
2025-06-12 07:30:00,61.5
2025-06-12 07:29:00,82.5
2025-06-12 04:05:00,73.5
2025-06-12 23:53:00,48.7
2025-06-12 06:13:00,91.1
2025-06-12 16:52:00,62.8
2025-06-12 17:30:00,83.4
2025-06-12 10:37:00,12.1
2025-06-12 10:57:00,71.1
2025-06-12 02:40:00,68.9
2025-06-12 13:32:00,32.3
2025-06-12 00:38:00,37.9
2025-06-12 11:36:00,5.9
2025-06-12 04:28:00,13.0
2025-06-12 13:48:00,86.1
2025-06-12 17:52:00,83.0
2025-06-12 06:56:00,49.6
2025-06-12 06:39:00,52.6
2025-06-12 14:14:00,49.659483264826775
2025-06-12 22:04:00,49.659483264826775
2025-06-12 10:04:00,41.4
2025-06-12 18:24:00,49.659483264826775
2025-06-12 10:28:00,45.3
2025-06-12 03:07:00,97.0
2025-06-12 04:09:00,62.5
2025-06-12 20:19:00,49.659483264826775
2025-06-12 05:35:00,52.4
2025-06-12 11:13:00,51.0
2025-06-12 01:12:00,53.5
2025-06-12 08:26:00,12.1
2025-06-12 11:32:00,72.8
2025-06-12 19:21:00,49.659483264826775
2025-06-12 22:35:00,49.659483264826775
2025-06-12 00:20:00,49.659483264826775
2025-06-12 00:34:00,49.659483264826775
2025-06-12 08:55:00,75.8
2025-06-12 02:39:00,0.0
2025-06-12 10:47:00,88.3
2025-06-12 11:55:00,91.2
2025-06-12 20:18:00,77.6
2025-06-12 16:35:00,49.659483264826775
2025-06-12 12:51:00,49.659483264826775
2025-06-12 21:33:00,64.2
2025-06-12 16:50:00,75.0
2025-06-12 03:40:00,80.0
2025-06-12 01:31:00,5.1
2025-06-12 15:45:00,97.2
2025-06-12 15:56:00,65.8
2025-06-12 12:16:00,69.4
2025-06-12 02:23:00,60.8
2025-06-12 01:17:00,96.2
2025-06-12 03:45:00,76.8
2025-06-12 16:27:00,79.2
2025-06-12 07:30:00,77.0
2025-06-12 09:34:00,46.8
2025-06-12 20:09:00,7.1
2025-06-12 05:45:00,2.4
2025-06-12 03:00:00,49.659483264826775
2025-06-12 08:10:00,82.3
2025-06-12 06:16:00,51.6
2025-06-12 06:55:00,82.6
2025-06-12 23:19:00,62.2
2025-06-12 00:24:00,83.4
2025-06-12 08:28:00,92.4
2025-06-12 07:05:00,49.659483264826775
2025-06-12 03:06:00,2.2
2025-06-12 09:02:00,49.659483264826775
2025-06-12 16:45:00,67.0
2025-06-12 20:38:00,49.659483264826775
2025-06-12 01:10:00,84.9
2025-06-12 19:10:00,76.0
2025-06-12 17:53:00,55.6
2025-06-12 17:16:00,39.9
2025-06-12 19:58:00,36.5
2025-06-12 02:59:00,13.7
2025-06-12 13:46:00,10.0
2025-06-12 20:15:00,62.6
2025-06-12 12:45:00,34.2
2025-06-12 23:33:00,49.659483264826775
2025-06-12 02:51:00,32.0
2025-06-12 14:41:00,97.2
2025-06-12 07:28:00,18.3
2025-06-12 17:13:00,63.8
2025-06-12 06:06:00,96.7
2025-06-12 07:25:00,16.3
2025-06-12 14:39:00,31.0
2025-06-12 09:33:00,35.7
2025-06-12 10:18:00,49.659483264826775
2025-06-12 03:14:00,32.3
2025-06-12 23:18:00,49.659483264826775
2025-06-12 13:23:00,26.1
2025-06-12 20:35:00,2.7
2025-06-12 00:56:00,49.659483264826775
2025-06-12 14:44:00,8.5
2025-06-12 07:53:00,98.4
2025-06-12 09:59:00,82.7
2025-06-12 03:26:00,90.9
2025-06-12 03:01:00,80.0
2025-06-12 07:18:00,49.659483264826775
2025-06-12 22:08:00,85.4
2025-06-12 18:10:00,71.4
2025-06-12 01:08:00,46.3
2025-06-12 07:32:00,88.0
2025-06-12 18:18:00,49.659483264826775
2025-06-12 09:17:00,49.659483264826775
2025-06-12 14:06:00,86.8
2025-06-12 13:43:00,61.3
2025-06-12 15:05:00,8.0
2025-06-12 10:11:00,74.3
2025-06-12 21:10:00,65.9
2025-06-12 14:59:00,57.8
2025-06-12 09:40:00,50.0
2025-06-12 03:09:00,70.2
2025-06-12 13:35:00,25.6
2025-06-12 02:54:00,52.4
2025-06-12 11:39:00,46.4
2025-06-12 06:53:00,69.8
2025-06-12 13:37:00,23.5
2025-06-12 15:41:00,82.6
2025-06-12 14:35:00,51.5
2025-06-12 17:05:00,36.1
2025-06-12 12:15:00,19.5
2025-06-12 06:28:00,64.0
2025-06-12 07:08:00,94.1
2025-06-12 21:37:00,49.7
2025-06-12 10:33:00,49.659483264826775
2025-06-12 08:23:00,6.4
2025-06-12 12:30:00,2.3
2025-06-12 06:08:00,58.1
2025-06-12 11:31:00,49.659483264826775
2025-06-12 07:07:00,0.2
2025-06-12 12:52:00,79.5
2025-06-12 06:09:00,49.659483264826775
2025-06-12 21:21:00,30.9
2025-06-12 20:56:00,84.6
2025-06-12 12:53:00,62.3
2025-06-12 22:12:00,95.9
2025-06-12 20:17:00,43.2
2025-06-12 09:54:00,73.5
2025-06-12 10:38:00,4.4
2025-06-12 19:17:00,8.0
2025-06-12 16:26:00,49.659483264826775
2025-06-12 13:02:00,49.659483264826775
2025-06-12 17:08:00,31.7
2025-06-12 06:02:00,90.1
2025-06-12 20:55:00,49.659483264826775
2025-06-12 18:50:00,41.6
2025-06-12 01:57:00,42.9
2025-06-12 16:11:00,67.1
2025-06-12 21:50:00,54.3
2025-06-12 18:26:00,30.8
2025-06-12 15:54:00,34.3
2025-06-12 17:23:00,37.8
2025-06-12 03:04:00,32.2
2025-06-12 13:06:00,25.3
2025-06-12 03:18:00,64.2
2025-06-12 08:03:00,13.1
2025-06-12 19:30:00,49.659483264826775
2025-06-12 01:49:00,71.9
2025-06-12 08:25:00,95.4
2025-06-12 06:19:00,8.0
2025-06-12 17:01:00,49.659483264826775
2025-06-12 10:40:00,19.1
2025-06-12 15:06:00,97.6
2025-06-12 08:52:00,99.6
2025-06-12 12:03:00,60.1
2025-06-12 18:57:00,15.4
2025-06-12 16:05:00,83.2
2025-06-12 16:24:00,41.3
2025-06-12 16:04:00,49.659483264826775
2025-06-12 00:58:00,84.3
2025-06-12 13:31:00,60.4
2025-06-12 04:52:00,36.6
2025-06-12 18:00:00,51.1
2025-06-12 06:25:00,85.9
2025-06-12 05:55:00,14.7
2025-06-12 07:11:00,28.1
2025-06-12 16:43:00,35.3
2025-06-12 11:54:00,95.0
2025-06-12 14:27:00,94.2
2025-06-12 18:13:00,73.0
2025-06-12 10:10:00,38.8
2025-06-12 21:36:00,58.2
2025-06-12 13:07:00,39.2
2025-06-12 02:31:00,56.8
2025-06-12 19:45:00,42.6
2025-06-12 04:27:00,88.2
2025-06-12 16:10:00,55.5
2025-06-12 05:48:00,62.7
2025-06-12 21:31:00,49.659483264826775
2025-06-12 02:02:00,51.7
2025-06-12 19:55:00,49.6
2025-06-12 09:49:00,71.6
2025-06-12 03:37:00,47.3
2025-06-12 22:56:00,49.659483264826775
2025-06-12 15:29:00,24.9
2025-06-12 07:46:00,10.6
2025-06-12 18:15:00,18.1
2025-06-12 04:12:00,7.8
2025-06-12 21:12:00,53.6
2025-06-12 07:12:00,96.9
2025-06-12 05:32:00,57.1
2025-06-12 19:35:00,0.9
2025-06-12 05:50:00,49.659483264826775
2025-06-12 09:51:00,9.8
2025-06-12 10:19:00,64.7
2025-06-12 19:50:00,44.2
2025-06-12 16:54:00,54.4
2025-06-12 16:06:00,72.3
2025-06-12 14:49:00,45.2
2025-06-12 02:30:00,81.6
2025-06-12 12:11:00,84.1
2025-06-12 22:07:00,30.3
2025-06-12 08:32:00,72.3
2025-06-12 07:40:00,27.7
2025-06-12 21:04:00,28.0
2025-06-12 05:22:00,81.8
2025-06-12 18:56:00,49.659483264826775
2025-06-12 11:17:00,66.8
2025-06-12 23:41:00,41.2
2025-06-12 22:36:00,49.659483264826775
2025-06-12 17:10:00,49.659483264826775
2025-06-12 01:43:00,44.7
2025-06-12 02:26:00,16.8
2025-06-12 04:36:00,92.8
2025-06-12 14:18:00,1.8
2025-06-12 18:04:00,6.7
2025-06-12 02:24:00,47.5
2025-06-12 22:57:00,58.5
2025-06-12 07:27:00,49.659483264826775
2025-06-12 03:12:00,49.659483264826775
2025-06-12 20:53:00,62.5
2025-06-12 11:41:00,49.659483264826775
2025-06-12 16:16:00,49.659483264826775
2025-06-12 07:51:00,33.0
2025-06-12 01:07:00,32.4
2025-06-12 14:11:00,69.1
2025-06-12 14:46:00,26.1
2025-06-12 18:11:00,44.7
2025-06-12 22:10:00,49.659483264826775
2025-06-12 19:28:00,25.0
2025-06-12 17:09:00,46.8
2025-06-12 03:22:00,55.8
2025-06-12 15:50:00,96.6
2025-06-12 02:58:00,73.8
2025-06-12 08:27:00,96.7
2025-06-12 06:54:00,99.5
2025-06-12 03:52:00,96.1
2025-06-12 22:06:00,67.4
2025-06-12 16:02:00,49.659483264826775
2025-06-12 13:54:00,26.9
2025-06-12 05:27:00,42.8
2025-06-12 00:15:00,40.1
2025-06-12 15:37:00,38.9
2025-06-12 15:07:00,46.1
2025-06-12 05:12:00,82.6
2025-06-12 15:08:00,21.0
2025-06-12 21:30:00,97.3
2025-06-12 11:25:00,76.5
2025-06-12 21:16:00,94.8
2025-06-12 14:40:00,22.4
2025-06-12 17:03:00,70.5
2025-06-12 02:32:00,85.0
2025-06-12 01:56:00,70.7
2025-06-12 04:23:00,25.4
2025-06-12 17:26:00,45.4
2025-06-12 02:38:00,88.8
2025-06-12 07:14:00,26.1
2025-06-12 06:59:00,49.659483264826775
2025-06-12 14:25:00,48.2
2025-06-12 19:39:00,72.9
2025-06-12 03:16:00,4.8
2025-06-12 14:12:00,62.0
2025-06-12 19:53:00,49.659483264826775
2025-06-12 09:41:00,80.0
2025-06-12 23:40:00,56.1
2025-06-12 14:02:00,54.2
2025-06-12 15:10:00,6.5
2025-06-12 01:16:00,4.1
2025-06-12 23:36:00,28.5
2025-06-12 21:56:00,39.0
2025-06-12 18:06:00,9.4
2025-06-12 16:51:00,45.1
2025-06-12 05:42:00,31.7
2025-06-12 16:15:00,69.8
2025-06-12 03:32:00,20.8
2025-06-12 04:39:00,22.6
2025-06-12 05:33:00,40.5
2025-06-12 21:08:00,99.8
2025-06-12 15:46:00,55.9
2025-06-12 02:28:00,49.659483264826775
2025-06-12 05:34:00,73.5
2025-06-12 04:24:00,15.3
2025-06-12 10:20:00,21.4
2025-06-12 12:01:00,33.1
2025-06-12 06:36:00,94.1
2025-06-12 04:45:00,45.4
2025-06-12 14:48:00,49.732274758880266
2025-06-12 08:48:00,32.3
2025-06-12 20:46:00,89.2
2025-06-12 01:49:00,17.6
2025-06-12 21:46:00,17.8
2025-06-12 06:52:00,81.2
2025-06-12 22:00:00,64.5
2025-06-12 21:32:00,87.5
2025-06-12 05:23:00,49.732274758880266
2025-06-12 12:36:00,19.8
2025-06-12 10:28:00,0.2
2025-06-12 15:18:00,40.5
2025-06-12 18:15:00,17.9
2025-06-12 19:20:00,49.2
2025-06-12 17:13:00,70.8
2025-06-12 04:16:00,14.2
2025-06-12 14:02:00,16.4
2025-06-12 20:50:00,49.732274758880266
2025-06-12 01:04:00,70.5
2025-06-12 13:05:00,62.5
2025-06-12 23:21:00,58.8
2025-06-12 11:26:00,38.1
2025-06-12 16:03:00,91.7
2025-06-12 01:39:00,12.1
2025-06-12 05:11:00,80.2
2025-06-12 07:58:00,42.8
2025-06-12 21:01:00,83.9
2025-06-12 06:22:00,16.6
2025-06-12 19:43:00,10.1
2025-06-12 07:37:00,8.9
2025-06-12 08:36:00,41.5
2025-06-12 16:41:00,49.732274758880266
2025-06-12 13:38:00,49.732274758880266
2025-06-12 18:06:00,49.732274758880266
2025-06-12 11:35:00,72.9
2025-06-12 18:56:00,63.2
2025-06-12 18:17:00,49.732274758880266
2025-06-12 01:03:00,81.7
2025-06-12 09:45:00,49.732274758880266
2025-06-12 01:46:00,42.7
2025-06-12 13:08:00,60.6
2025-06-12 11:12:00,88.5
2025-06-12 01:25:00,49.732274758880266
2025-06-12 12:46:00,55.1
2025-06-12 17:14:00,20.3
2025-06-12 02:30:00,58.4
2025-06-12 23:49:00,12.7
2025-06-12 04:26:00,23.4
2025-06-12 05:58:00,98.8
2025-06-12 21:35:00,73.5
2025-06-12 19:56:00,15.4
2025-06-12 10:14:00,49.732274758880266
2025-06-12 06:28:00,89.6
2025-06-12 13:50:00,49.732274758880266
2025-06-12 14:32:00,46.6
2025-06-12 06:02:00,60.9
2025-06-12 07:14:00,52.8
2025-06-12 07:38:00,95.4
2025-06-12 03:43:00,51.8
2025-06-12 21:18:00,1.1
2025-06-12 16:59:00,94.5
2025-06-12 21:36:00,49.2
2025-06-12 17:40:00,8.8
2025-06-12 14:01:00,14.6
2025-06-12 17:17:00,68.1
2025-06-12 23:03:00,49.732274758880266
2025-06-12 04:20:00,19.8
2025-06-12 05:15:00,92.9
2025-06-12 23:26:00,51.2
2025-06-12 17:24:00,89.8
2025-06-12 13:44:00,49.732274758880266
2025-06-12 16:50:00,99.5
2025-06-12 11:08:00,49.732274758880266
2025-06-12 10:36:00,18.6
2025-06-12 18:31:00,67.7
2025-06-12 10:48:00,49.732274758880266
2025-06-12 08:09:00,62.3
2025-06-12 14:43:00,18.2
2025-06-12 08:05:00,15.6
2025-06-12 04:33:00,51.8
2025-06-12 23:08:00,49.732274758880266
2025-06-12 09:59:00,38.9
2025-06-12 18:28:00,41.7
2025-06-12 05:54:00,44.7
2025-06-12 02:15:00,82.6
2025-06-12 21:58:00,59.9
2025-06-12 18:52:00,75.5
2025-06-12 07:01:00,16.2
2025-06-12 11:39:00,7.9
2025-06-12 19:41:00,85.0
2025-06-12 23:53:00,74.9
2025-06-12 11:53:00,90.4
2025-06-12 13:43:00,49.732274758880266
2025-06-12 15:47:00,6.3
2025-06-12 00:31:00,42.1
2025-06-12 09:40:00,56.4
2025-06-12 21:53:00,70.1
2025-06-12 06:58:00,72.7
2025-06-12 23:10:00,88.8
2025-06-12 01:12:00,46.7
2025-06-12 07:28:00,62.9
2025-06-12 03:40:00,80.0
2025-06-12 18:02:00,49.732274758880266
2025-06-12 13:42:00,52.0
2025-06-12 00:18:00,68.4
2025-06-12 18:34:00,32.5
2025-06-12 05:26:00,80.2
2025-06-12 11:16:00,48.4
2025-06-12 21:26:00,80.0
2025-06-12 02:08:00,66.3
2025-06-12 00:52:00,48.0
2025-06-12 15:50:00,19.9
2025-06-12 08:34:00,61.7
2025-06-12 17:44:00,82.9
2025-06-12 10:26:00,8.2
2025-06-12 11:18:00,64.1
2025-06-12 09:21:00,66.7
2025-06-12 08:02:00,43.4
2025-06-12 00:25:00,25.2
2025-06-12 02:02:00,49.732274758880266
2025-06-12 16:22:00,17.0
2025-06-12 06:44:00,7.7
2025-06-12 19:09:00,76.6
2025-06-12 13:19:00,49.732274758880266
2025-06-12 10:49:00,48.5
2025-06-12 20:14:00,30.5
2025-06-12 03:00:00,43.1
2025-06-12 05:24:00,63.5
2025-06-12 18:41:00,76.4
2025-06-12 07:20:00,50.8
2025-06-12 04:07:00,31.1
2025-06-12 02:07:00,63.4
2025-06-12 08:21:00,37.4
2025-06-12 13:29:00,76.8
2025-06-12 14:46:00,66.6
2025-06-12 22:18:00,48.2
2025-06-12 18:05:00,96.6
2025-06-12 03:32:00,49.732274758880266
2025-06-12 11:32:00,46.0
2025-06-12 18:25:00,60.2
2025-06-12 20:10:00,55.9
2025-06-12 04:36:00,6.6
2025-06-12 02:54:00,49.732274758880266
2025-06-12 16:21:00,11.9
2025-06-12 19:29:00,42.8
2025-06-12 10:17:00,48.0
2025-06-12 12:48:00,71.6
2025-06-12 03:33:00,11.5
2025-06-12 20:53:00,49.732274758880266
2025-06-12 18:26:00,7.5
2025-06-12 23:00:00,93.5
2025-06-12 11:57:00,7.1
2025-06-12 20:48:00,37.1
2025-06-12 15:42:00,54.5
2025-06-12 03:34:00,21.0
2025-06-12 19:04:00,54.5
2025-06-12 15:14:00,31.4
2025-06-12 14:30:00,94.2
2025-06-12 17:35:00,93.5
2025-06-12 01:08:00,15.2
2025-06-12 04:25:00,49.732274758880266
2025-06-12 10:21:00,30.3
2025-06-12 02:55:00,49.732274758880266
2025-06-12 04:29:00,86.2
2025-06-12 03:58:00,12.6
2025-06-12 00:27:00,89.4
2025-06-12 16:49:00,90.0
2025-06-12 07:08:00,42.8
2025-06-12 05:46:00,49.732274758880266
2025-06-12 18:20:00,59.3
2025-06-12 01:16:00,49.732274758880266
2025-06-12 13:21:00,25.5
2025-06-12 02:16:00,80.6
2025-06-12 16:14:00,44.3
2025-06-12 15:03:00,42.7
2025-06-12 15:26:00,63.1
2025-06-12 20:17:00,49.732274758880266
2025-06-12 08:52:00,76.5
2025-06-12 12:12:00,76.1
2025-06-12 07:54:00,39.8
2025-06-12 10:59:00,63.6
2025-06-12 20:24:00,97.9
2025-06-12 22:19:00,37.9
2025-06-12 18:32:00,57.6
2025-06-12 12:56:00,33.8
2025-06-12 17:07:00,49.732274758880266
2025-06-12 21:22:00,3.3
2025-06-12 03:54:00,76.1
2025-06-12 17:42:00,58.6
2025-06-12 18:54:00,30.1
2025-06-12 01:20:00,39.2
2025-06-12 22:21:00,10.4
2025-06-12 21:24:00,15.1
2025-06-12 06:32:00,79.1
2025-06-12 23:58:00,77.5
2025-06-12 00:36:00,49.732274758880266
2025-06-12 06:45:00,43.7
2025-06-12 14:20:00,0.3
2025-06-12 15:32:00,40.1
2025-06-12 11:58:00,49.732274758880266
2025-06-12 10:24:00,49.732274758880266
2025-06-12 13:15:00,76.8
2025-06-12 04:23:00,10.5
2025-06-12 23:29:00,60.8
2025-06-12 22:23:00,7.5
2025-06-12 12:53:00,34.9
2025-06-12 21:00:00,81.9
2025-06-12 19:07:00,12.5
2025-06-12 22:14:00,15.8
2025-06-12 20:27:00,51.2
2025-06-12 10:29:00,45.2
2025-06-12 15:58:00,52.6
2025-06-12 17:56:00,49.732274758880266
2025-06-12 04:49:00,58.9
2025-06-12 06:54:00,94.1
2025-06-12 21:27:00,79.8
2025-06-12 09:28:00,31.2
2025-06-12 08:19:00,57.5
2025-06-12 06:30:00,49.732274758880266
2025-06-12 18:46:00,49.732274758880266
2025-06-12 06:05:00,49.732274758880266
2025-06-12 10:31:00,49.732274758880266
2025-06-12 18:19:00,52.0
2025-06-12 23:19:00,47.5
2025-06-12 10:45:00,49.732274758880266
2025-06-12 12:31:00,49.732274758880266
2025-06-12 13:06:00,4.6
2025-06-12 08:54:00,76.1
2025-06-12 10:02:00,33.2
2025-06-12 08:38:00,49.4
2025-06-12 08:45:00,97.3
2025-06-12 16:35:00,15.6
2025-06-12 00:21:00,90.3
2025-06-12 12:11:00,36.8
2025-06-12 06:35:00,30.3
2025-06-12 21:37:00,83.7
2025-06-12 21:52:00,32.5
2025-06-12 05:14:00,71.1
2025-06-12 04:35:00,67.1
2025-06-12 09:51:00,87.9
2025-06-12 18:48:00,5.4
2025-06-12 11:17:00,74.2
2025-06-12 16:28:00,89.4
2025-06-12 21:45:00,31.5
2025-06-12 17:31:00,97.5
2025-06-12 15:46:00,64.7
2025-06-12 15:08:00,43.0
2025-06-12 15:28:00,42.7
2025-06-12 16:40:00,49.732274758880266
2025-06-12 10:44:00,22.6
2025-06-12 21:10:00,12.2
2025-06-12 08:18:00,49.6
2025-06-12 07:22:00,29.2
2025-06-12 16:09:00,78.6
2025-06-12 21:13:00,69.1
2025-06-12 13:16:00,42.7
2025-06-12 16:07:00,1.4
2025-06-12 22:13:00,99.2
2025-06-12 19:36:00,34.0
2025-06-12 02:39:00,56.3
2025-06-12 02:52:00,56.1
2025-06-12 00:37:00,73.4
2025-06-12 19:40:00,49.732274758880266
2025-06-12 15:35:00,85.5
2025-06-12 15:29:00,49.732274758880266
2025-06-12 11:40:00,49.732274758880266
2025-06-12 02:23:00,2.9
2025-06-12 04:05:00,97.7
2025-06-12 21:34:00,49.732274758880266
2025-06-12 17:57:00,49.732274758880266
2025-06-12 15:10:00,34.7
2025-06-12 08:29:00,58.2
2025-06-12 17:23:00,71.7
2025-06-12 03:15:00,98.6
2025-06-12 11:45:00,16.1
2025-06-12 13:32:00,82.6
2025-06-12 22:07:00,43.0
2025-06-12 02:06:00,8.9
2025-06-12 15:31:00,88.5
2025-06-12 03:04:00,81.7
2025-06-12 08:26:00,68.8
2025-06-12 08:12:00,58.8
2025-06-12 02:45:00,55.5
2025-06-12 19:45:00,28.0
2025-06-12 02:53:00,49.732274758880266
2025-06-12 02:35:00,12.6
2025-06-12 19:22:00,2.9
2025-06-12 20:03:00,6.6
2025-06-12 19:31:00,49.38053801169591
2025-06-12 08:09:00,72.3
2025-06-12 07:43:00,49.38053801169591
2025-06-12 11:24:00,4.0
2025-06-12 12:11:00,49.38053801169591
2025-06-12 13:07:00,32.7
2025-06-12 01:01:00,88.7
2025-06-12 22:13:00,10.3
2025-06-12 11:22:00,73.3
2025-06-12 19:52:00,24.8
2025-06-12 15:58:00,81.5
2025-06-12 16:44:00,70.8
2025-06-12 21:48:00,99.5
2025-06-12 11:58:00,19.6
2025-06-12 15:44:00,17.3
2025-06-12 01:09:00,87.9
2025-06-12 10:42:00,70.9
2025-06-12 02:11:00,5.4
2025-06-12 09:34:00,82.0
2025-06-12 02:52:00,1.3
2025-06-12 09:28:00,52.3
2025-06-12 15:01:00,82.6
2025-06-12 21:52:00,64.7
2025-06-12 09:45:00,64.0
2025-06-12 15:06:00,49.38053801169591
2025-06-12 23:32:00,17.5
2025-06-12 02:31:00,58.7
2025-06-12 23:43:00,96.8
2025-06-12 02:06:00,14.2
2025-06-12 19:21:00,45.4
2025-06-12 20:23:00,33.7
2025-06-12 17:21:00,49.38053801169591
2025-06-12 05:55:00,32.7
2025-06-12 20:25:00,33.2
2025-06-12 12:43:00,14.4
2025-06-12 05:29:00,17.4
2025-06-12 18:21:00,36.2
2025-06-12 16:17:00,24.5
2025-06-12 17:37:00,41.8
2025-06-12 19:25:00,84.4
2025-06-12 22:18:00,54.8
2025-06-12 21:11:00,42.4
2025-06-12 05:48:00,67.2
2025-06-12 10:27:00,15.3
2025-06-12 04:27:00,84.6
2025-06-12 07:19:00,96.1
2025-06-12 02:57:00,73.3
2025-06-12 23:36:00,36.9
2025-06-12 17:57:00,15.8
2025-06-12 05:59:00,71.0
2025-06-12 20:55:00,95.4
2025-06-12 08:12:00,85.4
2025-06-12 19:33:00,50.9
2025-06-12 04:28:00,55.7
2025-06-12 14:48:00,97.4
2025-06-12 13:23:00,50.2
2025-06-12 11:11:00,63.5
2025-06-12 23:37:00,56.1
2025-06-12 01:32:00,8.8
2025-06-12 03:05:00,69.9
2025-06-12 03:56:00,14.0
2025-06-12 23:38:00,49.38053801169591
2025-06-12 12:34:00,9.4
2025-06-12 16:30:00,86.8
2025-06-12 16:57:00,49.38053801169591
2025-06-12 15:15:00,76.4
2025-06-12 12:22:00,14.5
2025-06-12 18:57:00,45.8
2025-06-12 12:40:00,49.38053801169591
2025-06-12 20:42:00,29.8
2025-06-12 19:03:00,44.2
2025-06-12 13:12:00,14.2
2025-06-12 18:09:00,49.5
2025-06-12 08:00:00,33.3
2025-06-12 05:54:00,78.1
2025-06-12 19:17:00,36.6
2025-06-12 08:44:00,29.1
2025-06-12 06:06:00,6.9
2025-06-12 03:48:00,92.9
2025-06-12 20:45:00,83.9
2025-06-12 21:47:00,71.2
2025-06-12 10:50:00,49.38053801169591
2025-06-12 23:07:00,22.5
2025-06-12 20:16:00,75.9
2025-06-12 21:54:00,49.38053801169591
2025-06-12 11:57:00,75.0
2025-06-12 02:40:00,49.38053801169591
2025-06-12 19:08:00,20.3
2025-06-12 02:54:00,9.7
2025-06-12 06:00:00,89.1
2025-06-12 14:41:00,25.4
2025-06-12 21:15:00,45.0
2025-06-12 19:37:00,15.4
2025-06-12 17:28:00,49.38053801169591
2025-06-12 15:11:00,46.3
2025-06-12 13:35:00,8.6
2025-06-12 17:17:00,82.4
2025-06-12 18:53:00,4.4
2025-06-12 10:46:00,44.2
2025-06-12 20:50:00,49.38053801169591
2025-06-12 22:12:00,74.2
2025-06-12 17:35:00,47.1
2025-06-12 07:01:00,49.38053801169591
2025-06-12 07:11:00,63.2
2025-06-12 17:31:00,52.8
2025-06-12 06:51:00,49.38053801169591
2025-06-12 21:46:00,49.38053801169591
2025-06-12 20:44:00,49.38053801169591
2025-06-12 01:28:00,49.38053801169591
2025-06-12 18:16:00,33.3
2025-06-12 00:15:00,49.38053801169591
2025-06-12 13:39:00,86.1
2025-06-12 17:46:00,52.3
2025-06-12 16:43:00,98.0
2025-06-12 12:54:00,49.38053801169591
2025-06-12 05:58:00,79.2
2025-06-12 09:52:00,49.38053801169591
2025-06-12 12:32:00,25.8
2025-06-12 14:08:00,49.2
2025-06-12 04:00:00,49.38053801169591
2025-06-12 14:21:00,49.38053801169591
2025-06-12 11:45:00,49.38053801169591
2025-06-12 08:51:00,75.0
2025-06-12 08:06:00,73.7
2025-06-12 22:27:00,80.7
2025-06-12 00:29:00,67.4
2025-06-12 19:36:00,88.7
2025-06-12 16:45:00,42.5
2025-06-12 14:17:00,59.6
2025-06-12 22:55:00,69.3
2025-06-12 14:51:00,50.0
2025-06-12 11:46:00,49.38053801169591
2025-06-12 01:10:00,49.1
2025-06-12 08:54:00,17.5
2025-06-12 07:06:00,97.2
2025-06-12 06:33:00,3.0
2025-06-12 16:24:00,52.2
2025-06-12 14:25:00,87.9
2025-06-12 14:24:00,76.2
2025-06-12 23:29:00,57.7
2025-06-12 16:31:00,82.3
2025-06-12 08:45:00,49.38053801169591
2025-06-12 22:39:00,74.3
2025-06-12 05:04:00,4.6
2025-06-12 15:57:00,13.3
2025-06-12 14:26:00,30.7
2025-06-12 14:23:00,17.3
2025-06-12 23:41:00,29.3
2025-06-12 14:19:00,49.38053801169591
2025-06-12 23:12:00,84.4
2025-06-12 05:08:00,87.9
2025-06-12 16:26:00,21.0
2025-06-12 08:29:00,23.9
2025-06-12 05:23:00,29.0
2025-06-12 02:36:00,49.38053801169591
2025-06-12 17:32:00,26.2
2025-06-12 14:11:00,92.0
2025-06-12 09:55:00,96.5
2025-06-12 11:00:00,37.5
2025-06-12 10:32:00,60.7
2025-06-12 16:51:00,96.6
2025-06-12 08:22:00,2.2
2025-06-12 10:18:00,37.7
2025-06-12 13:30:00,14.5
2025-06-12 13:02:00,32.2
2025-06-12 21:32:00,77.8
2025-06-12 01:31:00,47.5
2025-06-12 07:49:00,18.2
2025-06-12 10:09:00,94.2
2025-06-12 15:28:00,53.5
2025-06-12 05:15:00,93.9
2025-06-12 02:02:00,7.2
2025-06-12 16:34:00,37.7
2025-06-12 18:06:00,42.9
2025-06-12 12:23:00,53.4
2025-06-12 06:40:00,61.9
2025-06-12 01:05:00,46.7
2025-06-12 22:35:00,40.7
2025-06-12 12:27:00,59.5
2025-06-12 08:28:00,13.1
2025-06-12 20:57:00,59.5
2025-06-12 10:08:00,46.6
2025-06-12 18:22:00,84.5
2025-06-12 13:52:00,48.8
2025-06-12 00:16:00,39.5
2025-06-12 05:18:00,4.5
2025-06-12 20:21:00,16.6
2025-06-12 19:15:00,49.38053801169591
2025-06-12 09:49:00,32.2
2025-06-12 07:31:00,90.5
2025-06-12 15:34:00,27.7
2025-06-12 17:52:00,77.0
2025-06-12 19:24:00,1.7
2025-06-12 19:47:00,58.1
2025-06-12 15:21:00,47.2
2025-06-12 04:39:00,60.9
2025-06-12 03:06:00,23.8
2025-06-12 23:54:00,0.6
2025-06-12 20:28:00,24.1
2025-06-12 00:28:00,40.3
2025-06-12 21:14:00,67.6
2025-06-12 05:56:00,49.38053801169591
2025-06-12 09:57:00,27.1
2025-06-12 22:01:00,90.9
2025-06-12 18:27:00,0.4
2025-06-12 14:07:00,18.3
2025-06-12 19:58:00,49.38053801169591
2025-06-12 08:02:00,69.4
2025-06-12 03:57:00,77.7
2025-06-12 22:36:00,86.3
2025-06-12 20:09:00,25.0
2025-06-12 12:21:00,62.9
2025-06-12 06:03:00,8.0
2025-06-12 20:47:00,27.2
2025-06-12 07:42:00,88.4
2025-06-12 04:26:00,11.9
2025-06-12 09:46:00,90.5
2025-06-12 11:19:00,94.0
2025-06-12 05:06:00,21.3
2025-06-12 01:54:00,64.4
2025-06-12 18:11:00,83.8
2025-06-12 03:51:00,68.3
2025-06-12 21:12:00,76.8
2025-06-12 07:03:00,22.4
2025-06-12 10:49:00,1.4
2025-06-12 00:06:00,4.3
2025-06-12 02:49:00,39.6
2025-06-12 23:27:00,0.9
2025-06-12 12:01:00,27.9
2025-06-12 10:36:00,42.4
2025-06-12 11:16:00,49.38053801169591
2025-06-12 19:11:00,79.9
2025-06-12 16:33:00,49.38053801169591
2025-06-12 18:17:00,56.7
2025-06-12 16:29:00,49.38053801169591
2025-06-12 01:27:00,42.0
2025-06-12 17:08:00,23.7
2025-06-12 09:59:00,78.1
2025-06-12 13:11:00,67.3
2025-06-12 14:27:00,50.7
2025-06-12 04:42:00,9.3
2025-06-12 18:01:00,52.6
2025-06-12 08:52:00,43.6
2025-06-12 03:00:00,37.5
2025-06-12 11:17:00,29.3
2025-06-12 15:12:00,30.4
2025-06-12 10:30:00,62.5
2025-06-12 20:29:00,87.9
2025-06-12 05:30:00,87.8
2025-06-12 18:00:00,94.5
2025-06-12 01:18:00,59.3
2025-06-12 08:16:00,22.1
2025-06-12 09:53:00,49.38053801169591
2025-06-12 23:48:00,98.7
2025-06-12 19:20:00,49.38053801169591
2025-06-12 01:43:00,44.7
2025-06-12 03:24:00,66.0
2025-06-12 07:05:00,22.7
2025-06-12 02:43:00,17.5
2025-06-12 12:44:00,49.38053801169591
2025-06-12 22:20:00,71.5
2025-06-12 07:32:00,50.4
2025-06-12 04:31:00,80.3
2025-06-12 08:20:00,88.9
2025-06-12 07:12:00,51.0
2025-06-12 04:20:00,39.6
2025-06-12 17:45:00,49.38053801169591
2025-06-12 05:35:00,11.3
2025-06-12 00:51:00,86.0
2025-06-12 21:06:00,33.0
2025-06-12 05:12:00,63.0
2025-06-12 07:17:00,7.2
2025-06-12 15:47:00,6.8
2025-06-12 11:59:00,39.7
2025-06-12 05:31:00,1.7
2025-06-12 11:13:00,55.8
2025-06-12 16:42:00,49.38053801169591
2025-06-12 19:01:00,22.3
2025-06-12 03:41:00,32.0
2025-06-12 14:01:00,85.0
2025-06-12 14:52:00,39.4
2025-06-12 14:13:00,49.38053801169591
2025-06-12 01:49:00,49.38053801169591
2025-06-12 12:02:00,81.6
2025-06-12 16:52:00,79.6
2025-06-12 04:06:00,98.0
2025-06-12 19:59:00,7.6
2025-06-12 22:59:00,49.38053801169591
2025-06-12 03:40:00,49.38053801169591
2025-06-12 09:09:00,17.0
2025-06-12 05:52:00,31.4
2025-06-12 00:11:00,99.0
2025-06-12 00:25:00,92.0
2025-06-12 14:54:00,85.4
2025-06-12 18:45:00,52.2
2025-06-12 12:33:00,41.1
2025-06-12 17:55:00,26.4
2025-06-12 15:50:00,2.0
2025-06-12 01:56:00,63.5
2025-06-12 18:44:00,19.3
2025-06-12 23:24:00,28.3
2025-06-12 19:09:00,44.4
2025-06-12 16:12:00,49.38053801169591
2025-06-12 15:16:00,46.6
2025-06-12 05:11:00,44.4
2025-06-12 01:03:00,0.9
2025-06-12 23:30:00,44.6
2025-06-12 05:50:00,0.7
2025-06-12 13:06:00,17.6
2025-06-12 18:07:00,83.8
2025-06-12 10:51:00,80.2
2025-06-12 07:00:00,78.2
2025-06-12 07:58:00,24.6
2025-06-12 12:31:00,73.4
2025-06-12 08:36:00,25.3
2025-06-12 08:33:00,70.7
2025-06-12 23:39:00,50.4
2025-06-12 01:37:00,7.3
2025-06-12 00:26:00,84.9
2025-06-12 09:52:00,78.5
2025-06-12 17:47:00,61.1
2025-06-12 07:31:00,20.0
2025-06-12 11:45:00,57.0
2025-06-12 07:42:00,95.9
2025-06-12 20:53:00,57.5
2025-06-12 22:03:00,26.6
2025-06-12 05:48:00,0.8
2025-06-12 05:46:00,65.3
2025-06-12 11:03:00,92.4
2025-06-12 05:04:00,49.594186729301235
2025-06-12 07:59:00,26.3
2025-06-12 19:51:00,49.594186729301235
2025-06-12 00:54:00,99.5
2025-06-12 17:48:00,56.9
2025-06-12 21:11:00,38.5
2025-06-12 09:42:00,59.9
2025-06-12 16:14:00,14.1
2025-06-12 02:21:00,14.9
2025-06-12 19:41:00,77.3
2025-06-12 08:08:00,66.0
2025-06-12 13:29:00,49.594186729301235
2025-06-12 03:44:00,40.5
2025-06-12 02:40:00,79.6
2025-06-12 01:41:00,25.0
2025-06-12 11:59:00,43.8
2025-06-12 03:26:00,61.6
2025-06-12 06:37:00,48.5
2025-06-12 22:10:00,44.7
2025-06-12 07:50:00,39.3
2025-06-12 23:24:00,24.5
2025-06-12 23:04:00,32.1
2025-06-12 16:16:00,17.3
2025-06-12 04:13:00,56.7
2025-06-12 08:00:00,49.594186729301235
2025-06-12 11:17:00,86.9
2025-06-12 13:05:00,49.594186729301235
2025-06-12 19:05:00,14.4
2025-06-12 13:21:00,60.9
2025-06-12 14:51:00,15.4
2025-06-12 17:35:00,64.6
2025-06-12 13:24:00,85.7
2025-06-12 10:44:00,61.6
2025-06-12 22:11:00,76.2
2025-06-12 21:15:00,12.9
2025-06-12 10:52:00,69.3
2025-06-12 04:59:00,49.594186729301235
2025-06-12 10:35:00,52.4
2025-06-12 07:45:00,72.2
2025-06-12 19:04:00,54.4
2025-06-12 07:01:00,54.7
2025-06-12 23:36:00,70.8
2025-06-12 17:38:00,49.594186729301235
2025-06-12 10:26:00,49.594186729301235
2025-06-12 05:32:00,49.594186729301235
2025-06-12 09:27:00,93.0
2025-06-12 10:39:00,66.9
2025-06-12 16:55:00,28.3
2025-06-12 17:27:00,63.4
2025-06-12 14:46:00,0.9
2025-06-12 14:43:00,60.4
2025-06-12 15:15:00,13.2
2025-06-12 20:00:00,66.4
2025-06-12 10:50:00,71.5
2025-06-12 10:47:00,87.6
2025-06-12 02:13:00,44.5
2025-06-12 01:28:00,64.9
2025-06-12 23:31:00,1.7
2025-06-12 16:01:00,26.7
2025-06-12 03:13:00,28.4
2025-06-12 01:52:00,49.594186729301235
2025-06-12 02:56:00,1.6
2025-06-12 13:51:00,86.3
2025-06-12 23:33:00,9.4
2025-06-12 16:58:00,14.2
2025-06-12 15:54:00,92.4
2025-06-12 11:38:00,11.7
2025-06-12 09:58:00,49.594186729301235
2025-06-12 21:28:00,32.4
2025-06-12 22:05:00,49.594186729301235
2025-06-12 03:42:00,49.594186729301235
2025-06-12 17:46:00,43.5
2025-06-12 12:07:00,67.8
2025-06-12 14:08:00,49.594186729301235
2025-06-12 08:52:00,50.9
2025-06-12 06:59:00,0.8
2025-06-12 21:27:00,5.2
2025-06-12 09:45:00,49.594186729301235
2025-06-12 08:03:00,49.594186729301235
2025-06-12 17:33:00,49.594186729301235
2025-06-12 02:11:00,64.3
2025-06-12 23:09:00,96.1
2025-06-12 02:18:00,0.5
2025-06-12 16:24:00,62.2
2025-06-12 00:10:00,41.4
2025-06-12 06:54:00,1.5
2025-06-12 05:22:00,49.594186729301235
2025-06-12 23:52:00,90.8
2025-06-12 00:16:00,72.5
2025-06-12 02:58:00,81.1
2025-06-12 05:19:00,56.4
2025-06-12 11:54:00,50.5
2025-06-12 08:18:00,80.6
2025-06-12 22:29:00,74.3
2025-06-12 01:57:00,83.1
2025-06-12 09:05:00,49.594186729301235
2025-06-12 09:49:00,48.7
2025-06-12 10:59:00,49.4
2025-06-12 00:11:00,23.2
2025-06-12 13:30:00,32.1
2025-06-12 12:01:00,99.6
2025-06-12 22:54:00,78.3
2025-06-12 02:37:00,2.7
2025-06-12 06:02:00,7.0
2025-06-12 22:38:00,27.8
2025-06-12 03:14:00,82.4
2025-06-12 22:37:00,49.594186729301235
2025-06-12 10:14:00,21.3
2025-06-12 14:39:00,91.9
2025-06-12 09:43:00,36.8
2025-06-12 07:36:00,26.7
2025-06-12 16:39:00,60.6
2025-06-12 04:30:00,55.9
2025-06-12 10:22:00,10.7
2025-06-12 15:29:00,50.3
2025-06-12 21:17:00,79.0
2025-06-12 07:23:00,20.0
2025-06-12 02:52:00,71.6
2025-06-12 11:02:00,49.594186729301235
2025-06-12 18:24:00,86.3
2025-06-12 00:21:00,39.1
2025-06-12 19:46:00,54.8
2025-06-12 07:09:00,18.4
2025-06-12 04:45:00,95.4
2025-06-12 10:55:00,42.3
2025-06-12 03:27:00,17.6
2025-06-12 06:01:00,12.8
2025-06-12 13:02:00,49.594186729301235
2025-06-12 21:34:00,5.3
2025-06-12 13:18:00,88.5
2025-06-12 00:08:00,72.2
2025-06-12 14:30:00,49.594186729301235
2025-06-12 02:02:00,18.3
2025-06-12 00:33:00,43.6
2025-06-12 00:23:00,1.4
2025-06-12 12:14:00,54.3
2025-06-12 11:55:00,65.9
2025-06-12 19:56:00,18.0
2025-06-12 13:28:00,49.594186729301235
2025-06-12 00:43:00,63.9
2025-06-12 15:06:00,35.9
2025-06-12 03:57:00,38.2
2025-06-12 02:43:00,7.7
2025-06-12 08:54:00,77.0
2025-06-12 10:51:00,49.594186729301235
2025-06-12 21:23:00,90.4
2025-06-12 02:03:00,55.0
2025-06-12 04:58:00,49.594186729301235
2025-06-12 17:00:00,8.2
2025-06-12 20:26:00,70.9
2025-06-12 19:49:00,57.5
2025-06-12 14:50:00,8.6
2025-06-12 14:56:00,24.7
2025-06-12 18:35:00,24.3
2025-06-12 01:04:00,66.4
2025-06-12 02:08:00,62.9
2025-06-12 21:42:00,93.1
2025-06-12 10:45:00,87.6
2025-06-12 05:55:00,23.6
2025-06-12 13:03:00,68.8
2025-06-12 16:08:00,66.3
2025-06-12 04:04:00,63.8
2025-06-12 00:37:00,66.7
2025-06-12 02:29:00,88.5
2025-06-12 08:47:00,49.594186729301235
2025-06-12 14:25:00,40.4
2025-06-12 20:06:00,76.4
2025-06-12 04:52:00,52.5
2025-06-12 17:30:00,82.1
2025-06-12 16:56:00,31.6
2025-06-12 20:29:00,33.5
2025-06-12 00:51:00,90.9
2025-06-12 06:53:00,51.1
2025-06-12 06:48:00,64.4
2025-06-12 15:01:00,25.8
2025-06-12 08:32:00,20.2
2025-06-12 13:14:00,37.8
2025-06-12 19:34:00,4.4
2025-06-12 20:57:00,12.6
2025-06-12 04:39:00,49.594186729301235
2025-06-12 23:12:00,6.1
2025-06-12 01:54:00,98.1
2025-06-12 23:14:00,6.6
2025-06-12 17:18:00,49.594186729301235
2025-06-12 19:07:00,34.4
2025-06-12 20:32:00,76.6
2025-06-12 07:10:00,81.5
2025-06-12 09:35:00,63.2
2025-06-12 01:49:00,31.2
2025-06-12 21:26:00,49.594186729301235
2025-06-12 11:36:00,15.2
2025-06-12 11:31:00,91.9
2025-06-12 20:36:00,1.4
2025-06-12 14:49:00,66.3
2025-06-12 16:48:00,78.8
2025-06-12 18:08:00,87.7
2025-06-12 02:17:00,49.594186729301235
2025-06-12 06:17:00,54.3
2025-06-12 15:30:00,87.8
2025-06-12 01:20:00,79.4
2025-06-12 21:44:00,55.6
2025-06-12 02:15:00,99.9
2025-06-12 02:30:00,28.9
2025-06-12 11:40:00,53.7
2025-06-12 22:40:00,26.7
2025-06-12 14:31:00,58.0
2025-06-12 04:10:00,86.6
2025-06-12 14:42:00,49.594186729301235
2025-06-12 02:39:00,46.5
2025-06-12 16:07:00,35.7
2025-06-12 16:22:00,83.3
2025-06-12 20:38:00,49.594186729301235
2025-06-12 11:58:00,49.594186729301235
2025-06-12 17:15:00,44.1
2025-06-12 16:30:00,0.2
2025-06-12 11:00:00,55.4
2025-06-12 20:07:00,50.3
2025-06-12 17:23:00,22.8
2025-06-12 22:50:00,17.6
2025-06-12 06:10:00,87.4
2025-06-12 12:50:00,43.0
2025-06-12 12:20:00,92.1
2025-06-12 14:35:00,40.4
2025-06-12 17:05:00,96.6
2025-06-12 05:15:00,27.5
2025-06-12 11:05:00,16.8
2025-06-12 21:05:00,24.0
2025-06-12 12:18:00,20.5
2025-06-12 06:19:00,33.9
2025-06-12 18:43:00,94.6
2025-06-12 14:21:00,8.7
2025-06-12 08:09:00,27.7
2025-06-12 07:48:00,96.6
2025-06-12 21:38:00,49.594186729301235
2025-06-12 10:18:00,44.1
2025-06-12 00:42:00,91.3
2025-06-12 05:02:00,77.5
2025-06-12 12:51:00,99.1
2025-06-12 13:52:00,49.594186729301235
2025-06-12 18:56:00,8.0
2025-06-12 12:00:00,0.4
2025-06-12 00:46:00,69.2
2025-06-12 00:03:00,49.3
2025-06-12 00:31:00,17.2
2025-06-12 09:30:00,74.5
2025-06-12 02:26:00,20.7
2025-06-12 20:42:00,98.4
2025-06-12 12:43:00,49.594186729301235
2025-06-12 19:48:00,21.4
2025-06-12 01:31:00,46.3
2025-06-12 03:38:00,94.3
2025-06-12 01:19:00,83.3
2025-06-12 17:52:00,98.1
2025-06-12 00:41:00,14.6
2025-06-12 02:31:00,49.594186729301235
2025-06-12 08:46:00,41.8
2025-06-12 19:35:00,83.3
2025-06-12 17:41:00,2.4
2025-06-12 05:40:00,67.3
2025-06-12 13:12:00,49.594186729301235
2025-06-12 10:49:00,49.594186729301235
2025-06-12 22:31:00,12.9
2025-06-12 15:22:00,56.9
2025-06-12 13:33:00,49.594186729301235
2025-06-12 13:32:00,34.9
2025-06-12 12:21:00,23.0
2025-06-12 22:13:00,87.2
2025-06-12 22:48:00,50.03812089971884
2025-06-12 09:51:00,50.03812089971884
2025-06-12 01:38:00,96.1
2025-06-12 15:59:00,50.03812089971884
2025-06-12 23:56:00,50.03812089971884
2025-06-12 00:16:00,28.8
2025-06-12 15:02:00,60.7
2025-06-12 05:01:00,84.0
2025-06-12 18:31:00,24.9
2025-06-12 10:30:00,50.03812089971884
2025-06-12 07:07:00,91.0
2025-06-12 00:00:00,12.2
2025-06-12 10:49:00,89.1
2025-06-12 10:01:00,5.4
2025-06-12 22:58:00,94.8
2025-06-12 23:14:00,16.1
2025-06-12 13:42:00,50.03812089971884
2025-06-12 12:56:00,60.6
2025-06-12 13:21:00,96.1
2025-06-12 22:54:00,80.6
2025-06-12 14:30:00,50.03812089971884
2025-06-12 16:14:00,80.5
2025-06-12 22:32:00,44.6
2025-06-12 04:38:00,50.03812089971884
2025-06-12 15:32:00,27.8
2025-06-12 10:17:00,62.9
2025-06-12 06:57:00,47.8
2025-06-12 04:33:00,89.3
2025-06-12 04:45:00,41.6
2025-06-12 01:53:00,74.4
2025-06-12 00:49:00,23.3
2025-06-12 16:12:00,69.4
2025-06-12 11:50:00,80.4
2025-06-12 21:59:00,78.7
2025-06-12 19:53:00,5.6
2025-06-12 10:44:00,50.03812089971884
2025-06-12 04:07:00,49.3
2025-06-12 06:35:00,50.03812089971884
2025-06-12 12:49:00,50.03812089971884
2025-06-12 07:12:00,58.8
2025-06-12 08:06:00,18.9
2025-06-12 06:49:00,50.03812089971884
2025-06-12 19:18:00,50.03812089971884
2025-06-12 05:16:00,61.3
2025-06-12 12:14:00,36.6
2025-06-12 05:02:00,74.0
2025-06-12 13:03:00,68.9
2025-06-12 08:04:00,12.5
2025-06-12 02:32:00,13.3
2025-06-12 00:42:00,37.2
2025-06-12 09:32:00,40.0
2025-06-12 09:45:00,56.2
2025-06-12 05:03:00,50.03812089971884
2025-06-12 02:42:00,82.4
2025-06-12 18:21:00,29.2
2025-06-12 18:55:00,38.5
2025-06-12 00:17:00,11.3
2025-06-12 17:45:00,19.8
2025-06-12 13:35:00,16.7
2025-06-12 16:30:00,33.9
2025-06-12 05:30:00,99.3
2025-06-12 22:15:00,57.3
2025-06-12 19:10:00,41.5
2025-06-12 22:08:00,30.3
2025-06-12 22:57:00,98.5
2025-06-12 07:36:00,41.9
2025-06-12 11:45:00,44.7
2025-06-12 12:31:00,75.3
2025-06-12 21:48:00,75.8
2025-06-12 03:24:00,74.9
2025-06-12 04:58:00,87.2
2025-06-12 12:24:00,50.03812089971884
2025-06-12 13:43:00,95.5
2025-06-12 00:28:00,47.2
2025-06-12 06:40:00,78.3
2025-06-12 08:45:00,50.03812089971884
2025-06-12 09:19:00,89.6
2025-06-12 00:32:00,64.3
2025-06-12 04:31:00,97.7
2025-06-12 11:18:00,69.0
2025-06-12 02:00:00,35.0
2025-06-12 18:01:00,9.9
2025-06-12 18:52:00,50.03812089971884
2025-06-12 04:22:00,18.2
2025-06-12 04:21:00,42.2
2025-06-12 05:42:00,50.03812089971884
2025-06-12 12:39:00,2.2
2025-06-12 20:41:00,82.8
2025-06-12 07:32:00,97.9
2025-06-12 22:49:00,83.4
2025-06-12 17:17:00,50.03812089971884
2025-06-12 11:26:00,50.2
2025-06-12 03:42:00,45.9
2025-06-12 21:26:00,50.03812089971884
2025-06-12 17:29:00,50.03812089971884
2025-06-12 11:01:00,11.4
2025-06-12 21:28:00,44.0
2025-06-12 20:02:00,44.3
2025-06-12 03:14:00,50.03812089971884
2025-06-12 03:23:00,88.8
2025-06-12 23:19:00,95.6
2025-06-12 04:35:00,50.03812089971884
2025-06-12 11:51:00,50.03812089971884
2025-06-12 23:49:00,95.2
2025-06-12 10:39:00,52.4
2025-06-12 04:08:00,50.03812089971884
2025-06-12 19:32:00,91.3
2025-06-12 08:03:00,50.03812089971884
2025-06-12 06:04:00,50.03812089971884
2025-06-12 09:34:00,77.1
2025-06-12 19:12:00,50.03812089971884
2025-06-12 16:45:00,64.6
2025-06-12 07:30:00,96.4
2025-06-12 08:46:00,60.4
2025-06-12 16:16:00,50.03812089971884
2025-06-12 23:18:00,6.3
2025-06-12 18:47:00,16.2
2025-06-12 06:21:00,92.6
2025-06-12 11:17:00,59.1
2025-06-12 06:42:00,50.03812089971884
2025-06-12 04:01:00,25.6
2025-06-12 04:20:00,77.8
2025-06-12 02:19:00,32.8
2025-06-12 20:40:00,7.8
2025-06-12 01:32:00,80.8
2025-06-12 18:34:00,68.2
2025-06-12 03:03:00,50.03812089971884
2025-06-12 03:28:00,50.03812089971884
2025-06-12 19:14:00,29.5
2025-06-12 20:10:00,1.7
2025-06-12 11:35:00,50.03812089971884
2025-06-12 07:39:00,42.9
2025-06-12 17:59:00,52.1
2025-06-12 15:28:00,67.0
2025-06-12 21:42:00,71.3
2025-06-12 01:31:00,67.1
2025-06-12 07:04:00,99.5
2025-06-12 22:04:00,78.0
2025-06-12 00:03:00,24.9
2025-06-12 10:48:00,55.1
2025-06-12 20:47:00,92.6
2025-06-12 08:24:00,18.4
2025-06-12 19:45:00,55.0
2025-06-12 07:38:00,13.4
2025-06-12 08:56:00,31.7
2025-06-12 10:59:00,22.5
2025-06-12 02:14:00,52.9
2025-06-12 14:59:00,63.2
2025-06-12 18:04:00,50.03812089971884
2025-06-12 20:29:00,12.7
2025-06-12 06:26:00,38.3
2025-06-12 02:38:00,16.8
2025-06-12 03:31:00,83.5
2025-06-12 10:12:00,73.0
2025-06-12 05:15:00,3.1
2025-06-12 02:37:00,50.03812089971884
2025-06-12 20:27:00,56.1
2025-06-12 14:39:00,22.2
2025-06-12 20:26:00,19.1
2025-06-12 19:43:00,17.6
2025-06-12 22:16:00,73.4
2025-06-12 02:47:00,32.1
2025-06-12 13:34:00,22.6
2025-06-12 21:54:00,52.6
2025-06-12 01:29:00,83.9
2025-06-12 14:20:00,80.6
2025-06-12 13:41:00,3.5
2025-06-12 02:18:00,73.4
2025-06-12 09:43:00,5.5
2025-06-12 21:53:00,87.5
2025-06-12 02:58:00,96.2
2025-06-12 01:20:00,81.3
2025-06-12 08:11:00,52.4
2025-06-12 17:36:00,50.03812089971884
2025-06-12 06:07:00,16.1
2025-06-12 02:15:00,73.9
2025-06-12 14:27:00,3.4
2025-06-12 23:46:00,31.5
2025-06-12 18:45:00,10.0
2025-06-12 09:24:00,30.5
2025-06-12 17:16:00,62.3
2025-06-12 19:28:00,27.3
2025-06-12 14:08:00,50.03812089971884
2025-06-12 21:44:00,68.4
2025-06-12 05:08:00,71.5
2025-06-12 15:50:00,2.0
2025-06-12 12:02:00,59.5
2025-06-12 11:30:00,81.1
2025-06-12 17:37:00,32.7
2025-06-12 06:55:00,0.4
2025-06-12 20:34:00,94.6
2025-06-12 03:59:00,89.7
2025-06-12 13:48:00,50.03812089971884
2025-06-12 03:55:00,99.0
2025-06-12 07:19:00,42.8
2025-06-12 05:50:00,46.3
2025-06-12 11:42:00,84.6
2025-06-12 15:39:00,86.1
2025-06-12 07:47:00,56.6
2025-06-12 06:52:00,79.9
2025-06-12 02:29:00,3.8
2025-06-12 19:33:00,73.7
2025-06-12 21:02:00,59.2
2025-06-12 07:21:00,13.3
2025-06-12 12:58:00,95.4
2025-06-12 15:25:00,28.7
2025-06-12 15:57:00,32.7
2025-06-12 03:33:00,19.3
2025-06-12 01:03:00,18.4
2025-06-12 23:52:00,50.03812089971884
2025-06-12 01:04:00,42.2
2025-06-12 07:57:00,20.7
2025-06-12 18:11:00,29.2
2025-06-12 12:53:00,94.2
2025-06-12 02:12:00,92.3
2025-06-12 09:52:00,50.03812089971884
2025-06-12 13:19:00,79.0
2025-06-12 11:28:00,50.03812089971884
2025-06-12 12:09:00,79.7
2025-06-12 18:26:00,58.8
2025-06-12 03:12:00,50.03812089971884
2025-06-12 06:01:00,99.1
2025-06-12 17:28:00,59.8
2025-06-12 06:25:00,26.2
2025-06-12 14:42:00,59.5
2025-06-12 18:14:00,50.03812089971884
2025-06-12 16:42:00,73.3
2025-06-12 00:21:00,5.3
2025-06-12 14:46:00,38.0
2025-06-12 16:23:00,89.1
2025-06-12 22:02:00,89.9
2025-06-12 17:33:00,49.0
2025-06-12 14:56:00,3.7
2025-06-12 22:18:00,70.8
2025-06-12 18:13:00,63.2
2025-06-12 22:13:00,82.4
2025-06-12 01:12:00,90.9
2025-06-12 08:08:00,55.5
2025-06-12 17:12:00,72.3
2025-06-12 18:16:00,53.9
2025-06-12 12:28:00,5.7
2025-06-12 12:46:00,34.7
2025-06-12 14:36:00,70.9
2025-06-12 08:30:00,28.0
2025-06-12 06:39:00,50.03812089971884
2025-06-12 11:53:00,97.8
2025-06-12 13:00:00,98.7
2025-06-12 21:07:00,60.5
2025-06-12 15:11:00,78.7
2025-06-12 15:24:00,23.5
2025-06-12 04:06:00,62.6
2025-06-12 02:11:00,82.6
2025-06-12 11:16:00,29.2
2025-06-12 16:29:00,18.8
2025-06-12 11:13:00,16.6
2025-06-12 14:14:00,74.3
2025-06-12 07:31:00,33.7
2025-06-12 10:25:00,43.9
2025-06-12 12:15:00,28.4
2025-06-12 14:52:00,74.1
2025-06-12 12:41:00,21.5
2025-06-12 14:58:00,7.9
2025-06-12 11:31:00,88.9
2025-06-12 18:42:00,30.2
2025-06-12 08:43:00,30.9
2025-06-12 04:11:00,20.1
2025-06-12 00:57:00,77.4
2025-06-12 12:07:00,18.7
2025-06-12 02:05:00,60.1
2025-06-12 21:36:00,26.4
2025-06-12 05:26:00,46.2
2025-06-12 08:13:00,58.4
2025-06-12 08:26:00,1.7
2025-06-12 13:07:00,41.3
2025-06-12 18:24:00,74.1
2025-06-12 18:39:00,53.8
2025-06-12 20:28:00,0.7
2025-06-12 01:23:00,50.03812089971884
2025-06-12 12:00:00,50.03812089971884
2025-06-12 02:08:00,88.9
2025-06-12 19:23:00,65.9
2025-06-12 07:05:00,31.4
2025-06-12 23:07:00,6.3
2025-06-12 15:14:00,50.03812089971884
2025-06-12 10:14:00,92.1
2025-06-12 08:33:00,40.2
2025-06-12 00:20:00,50.03812089971884
2025-06-12 19:22:00,28.1
2025-06-12 01:43:00,62.1
2025-06-12 11:15:00,53.3
2025-06-12 05:27:00,50.03812089971884
2025-06-12 09:09:00,23.1
2025-06-12 03:30:00,0.4
2025-06-12 14:34:00,40.4
2025-06-12 19:13:00,78.1
2025-06-12 23:02:00,40.6
2025-06-12 00:40:00,68.6
2025-06-12 20:55:00,64.7
2025-06-12 07:41:00,46.9
2025-06-12 06:54:00,15.5
2025-06-12 03:08:00,50.03812089971884
2025-06-12 11:15:00,65.7
2025-06-12 11:55:00,87.9
2025-06-12 17:33:00,4.6
2025-06-12 05:35:00,49.697634180790956
2025-06-12 13:40:00,84.1
2025-06-12 14:09:00,49.697634180790956
2025-06-12 06:32:00,59.4
2025-06-12 21:26:00,78.5
2025-06-12 08:56:00,8.8
2025-06-12 15:24:00,30.9
2025-06-12 19:47:00,49.697634180790956
2025-06-12 08:31:00,54.7
2025-06-12 10:55:00,93.1
2025-06-12 13:53:00,58.8
2025-06-12 16:16:00,89.3
2025-06-12 00:37:00,76.7
2025-06-12 06:35:00,33.3
2025-06-12 08:42:00,7.0
2025-06-12 20:52:00,49.697634180790956
2025-06-12 21:25:00,75.2
2025-06-12 11:36:00,15.8
2025-06-12 16:27:00,49.6
2025-06-12 09:06:00,78.0
2025-06-12 11:17:00,55.4
2025-06-12 21:10:00,63.9
2025-06-12 09:24:00,25.9
2025-06-12 06:48:00,60.8
2025-06-12 09:14:00,79.3
2025-06-12 23:09:00,6.8
2025-06-12 23:04:00,92.1
2025-06-12 20:37:00,61.5
2025-06-12 22:19:00,48.1
2025-06-12 17:13:00,36.3
2025-06-12 22:08:00,81.4
2025-06-12 04:40:00,96.4
2025-06-12 13:49:00,48.7
2025-06-12 22:25:00,83.0
2025-06-12 08:13:00,25.7
2025-06-12 04:09:00,82.4
2025-06-12 18:37:00,10.3
2025-06-12 15:54:00,79.5
2025-06-12 01:39:00,49.697634180790956
2025-06-12 22:31:00,12.3
2025-06-12 19:03:00,36.2
2025-06-12 17:39:00,95.9
2025-06-12 18:22:00,40.8
2025-06-12 20:44:00,74.9
2025-06-12 10:30:00,98.4
2025-06-12 21:55:00,67.9
2025-06-12 20:50:00,22.6
2025-06-12 01:26:00,40.3
2025-06-12 01:34:00,5.2
2025-06-12 07:58:00,49.697634180790956
2025-06-12 03:33:00,95.9
2025-06-12 03:52:00,11.8
2025-06-12 04:04:00,48.9
2025-06-12 11:52:00,42.5
2025-06-12 01:38:00,88.9
2025-06-12 06:08:00,40.9
2025-06-12 01:27:00,68.0
2025-06-12 02:10:00,20.2
2025-06-12 19:19:00,49.697634180790956
2025-06-12 19:37:00,76.7
2025-06-12 08:19:00,3.6
2025-06-12 08:12:00,96.7
2025-06-12 23:37:00,5.9
2025-06-12 17:06:00,35.8
2025-06-12 06:51:00,49.697634180790956
2025-06-12 10:47:00,98.2
2025-06-12 14:56:00,34.9
2025-06-12 16:47:00,60.1
2025-06-12 18:10:00,29.0
2025-06-12 02:03:00,58.1
2025-06-12 21:06:00,73.2
2025-06-12 08:20:00,87.2
2025-06-12 05:12:00,53.9
2025-06-12 09:29:00,6.0
2025-06-12 11:32:00,85.4
2025-06-12 08:39:00,51.0
2025-06-12 15:52:00,42.2
2025-06-12 00:33:00,11.8
2025-06-12 21:08:00,60.6
2025-06-12 09:48:00,36.7
2025-06-12 12:32:00,0.1
2025-06-12 23:17:00,89.1
2025-06-12 01:24:00,74.5
2025-06-12 04:16:00,28.1
2025-06-12 06:30:00,54.9
2025-06-12 03:37:00,53.4
2025-06-12 17:12:00,64.8
2025-06-12 06:50:00,49.697634180790956
2025-06-12 09:07:00,49.697634180790956
2025-06-12 06:20:00,95.8
2025-06-12 21:16:00,21.6
2025-06-12 19:39:00,94.7
2025-06-12 14:05:00,75.7
2025-06-12 05:07:00,18.6
2025-06-12 08:44:00,3.3
2025-06-12 09:15:00,29.8
2025-06-12 03:22:00,55.0
2025-06-12 08:54:00,49.697634180790956
2025-06-12 00:02:00,49.697634180790956
2025-06-12 16:01:00,3.5
2025-06-12 22:21:00,63.0
2025-06-12 14:59:00,34.1
2025-06-12 18:00:00,26.4
2025-06-12 13:29:00,3.7
2025-06-12 11:51:00,75.2
2025-06-12 15:45:00,15.3
2025-06-12 19:36:00,5.2
2025-06-12 07:10:00,46.7
2025-06-12 01:55:00,11.8
2025-06-12 09:19:00,12.6
2025-06-12 01:13:00,49.697634180790956
2025-06-12 14:28:00,3.2
2025-06-12 01:06:00,29.4
2025-06-12 21:37:00,15.4
2025-06-12 14:43:00,29.1
2025-06-12 01:02:00,49.697634180790956
2025-06-12 09:20:00,35.8
2025-06-12 01:30:00,18.7
2025-06-12 09:55:00,83.2
2025-06-12 01:03:00,84.8
2025-06-12 13:41:00,41.6
2025-06-12 14:02:00,38.4
2025-06-12 01:50:00,84.5
2025-06-12 13:31:00,0.6
2025-06-12 03:02:00,49.697634180790956
2025-06-12 21:58:00,58.3
2025-06-12 09:23:00,49.697634180790956
2025-06-12 08:35:00,53.5
2025-06-12 14:12:00,88.0
2025-06-12 05:15:00,40.2
2025-06-12 13:35:00,94.8
2025-06-12 09:11:00,99.0
2025-06-12 17:47:00,69.6
2025-06-12 19:00:00,1.0
2025-06-12 05:23:00,74.9
2025-06-12 06:42:00,18.9
2025-06-12 04:45:00,60.6
2025-06-12 15:57:00,38.2
2025-06-12 16:32:00,18.3
2025-06-12 04:37:00,88.0
2025-06-12 12:43:00,41.2
2025-06-12 07:35:00,17.7
2025-06-12 12:26:00,49.697634180790956
2025-06-12 19:42:00,73.3
2025-06-12 08:03:00,97.4
2025-06-12 22:42:00,97.6
2025-06-12 21:17:00,63.9
2025-06-12 18:44:00,49.697634180790956
2025-06-12 09:39:00,45.4
2025-06-12 19:40:00,71.9
2025-06-12 18:26:00,41.8
2025-06-12 14:37:00,88.6
2025-06-12 23:10:00,5.0
2025-06-12 02:29:00,43.5
2025-06-12 22:36:00,50.6
2025-06-12 18:35:00,0.7
2025-06-12 19:56:00,12.7
2025-06-12 22:56:00,67.5
2025-06-12 06:14:00,61.9
2025-06-12 12:34:00,57.5
2025-06-12 06:17:00,7.3
2025-06-12 08:55:00,13.6
2025-06-12 02:47:00,49.697634180790956
2025-06-12 09:17:00,10.2
2025-06-12 03:17:00,62.9
2025-06-12 13:10:00,43.4
2025-06-12 11:37:00,62.0
2025-06-12 05:46:00,49.4
2025-06-12 08:17:00,44.4
2025-06-12 18:19:00,5.8
2025-06-12 02:23:00,84.5
2025-06-12 09:50:00,8.4
2025-06-12 03:56:00,78.5
2025-06-12 18:49:00,49.697634180790956
2025-06-12 14:24:00,71.3
2025-06-12 19:59:00,73.9
2025-06-12 08:32:00,30.0
2025-06-12 10:37:00,72.4
2025-06-12 17:20:00,97.5
2025-06-12 12:46:00,49.697634180790956
2025-06-12 23:11:00,49.697634180790956
2025-06-12 00:58:00,93.7
2025-06-12 18:11:00,49.697634180790956
2025-06-12 16:41:00,89.5
2025-06-12 12:15:00,82.1
2025-06-12 20:56:00,52.2
2025-06-12 10:43:00,43.2
2025-06-12 20:40:00,15.8
2025-06-12 08:49:00,42.6
2025-06-12 04:30:00,93.5
2025-06-12 20:21:00,7.6
2025-06-12 20:27:00,28.8
2025-06-12 12:41:00,21.2
2025-06-12 17:08:00,24.8
2025-06-12 06:28:00,49.697634180790956
2025-06-12 12:53:00,35.8
2025-06-12 16:10:00,49.697634180790956
2025-06-12 23:08:00,49.697634180790956
2025-06-12 18:02:00,3.7
2025-06-12 16:31:00,6.9
2025-06-12 16:58:00,55.5
2025-06-12 18:45:00,49.697634180790956
2025-06-12 23:36:00,57.1
2025-06-12 06:15:00,13.1
2025-06-12 14:27:00,94.5
2025-06-12 03:01:00,72.8
2025-06-12 13:21:00,28.7
2025-06-12 12:24:00,64.1
2025-06-12 09:58:00,25.8
2025-06-12 02:05:00,1.4
2025-06-12 07:15:00,1.8
2025-06-12 20:20:00,2.6
2025-06-12 13:50:00,46.9
2025-06-12 17:02:00,49.697634180790956
2025-06-12 00:34:00,49.697634180790956
2025-06-12 21:18:00,51.8
2025-06-12 13:47:00,33.7
2025-06-12 09:53:00,49.697634180790956
2025-06-12 10:56:00,75.6
2025-06-12 10:13:00,62.2
2025-06-12 08:50:00,46.1
2025-06-12 04:47:00,75.1
2025-06-12 10:28:00,24.5
2025-06-12 05:50:00,3.5
2025-06-12 15:47:00,49.697634180790956
2025-06-12 11:29:00,49.697634180790956
2025-06-12 11:50:00,70.5
2025-06-12 17:38:00,57.7
2025-06-12 22:59:00,64.9
2025-06-12 22:04:00,14.9
2025-06-12 18:32:00,23.4
2025-06-12 18:17:00,8.3
2025-06-12 18:43:00,41.5
2025-06-12 23:48:00,45.2
2025-06-12 23:23:00,55.1
2025-06-12 21:14:00,19.3
2025-06-12 14:14:00,4.6
2025-06-12 04:53:00,73.6
2025-06-12 15:27:00,84.9
2025-06-12 11:08:00,99.3
2025-06-12 23:43:00,80.8
2025-06-12 15:10:00,28.6
2025-06-12 18:14:00,75.0
2025-06-12 14:51:00,49.697634180790956
2025-06-12 19:16:00,15.6
2025-06-12 15:23:00,83.2
2025-06-12 12:59:00,76.6
2025-06-12 07:19:00,48.4
2025-06-12 21:03:00,49.697634180790956
2025-06-12 19:55:00,29.1
2025-06-12 20:57:00,19.4
2025-06-12 22:14:00,74.1
2025-06-12 16:37:00,12.7
2025-06-12 17:17:00,89.8
2025-06-12 05:05:00,13.6
2025-06-12 09:09:00,36.8
2025-06-12 07:21:00,49.697634180790956
2025-06-12 15:15:00,49.697634180790956
2025-06-12 22:48:00,56.6
2025-06-12 09:31:00,52.2
2025-06-12 15:03:00,11.6
2025-06-12 13:22:00,45.7
2025-06-12 14:52:00,48.6
2025-06-12 11:34:00,5.6
2025-06-12 03:19:00,47.0
2025-06-12 00:42:00,52.2
2025-06-12 20:00:00,49.697634180790956
2025-06-12 10:15:00,84.0
2025-06-12 17:48:00,60.0
2025-06-12 23:30:00,37.9
2025-06-12 08:43:00,13.4
2025-06-12 12:25:00,76.8
2025-06-12 13:46:00,81.3
2025-06-12 10:35:00,88.4
2025-06-12 07:33:00,96.8
2025-06-12 11:06:00,88.2
2025-06-12 09:10:00,49.697634180790956
2025-06-12 23:25:00,81.5
2025-06-12 14:04:00,9.1
2025-06-12 17:54:00,65.7
2025-06-12 13:04:00,80.2
2025-06-12 18:09:00,15.3
2025-06-12 03:18:00,66.0
2025-06-12 14:55:00,36.6
2025-06-12 10:07:00,49.697634180790956
2025-06-12 06:34:00,74.5
2025-06-12 17:04:00,79.9
2025-06-12 09:02:00,64.9
2025-06-12 17:43:00,49.697634180790956
2025-06-12 23:09:00,95.4
2025-06-12 09:37:00,49.81454693687398
2025-06-12 01:06:00,84.7
2025-06-12 18:30:00,11.8
2025-06-12 05:25:00,30.0
2025-06-12 03:26:00,75.8
2025-06-12 12:10:00,84.4
2025-06-12 14:17:00,11.6
2025-06-12 23:27:00,89.6
2025-06-12 09:01:00,29.8
2025-06-12 18:55:00,47.4
2025-06-12 10:41:00,21.0
2025-06-12 15:27:00,37.8
2025-06-12 05:27:00,16.4
2025-06-12 02:04:00,96.2
2025-06-12 08:19:00,30.9
2025-06-12 19:27:00,95.5
2025-06-12 05:35:00,77.1
2025-06-12 20:09:00,68.5
2025-06-12 12:08:00,32.2
2025-06-12 06:55:00,49.81454693687398
2025-06-12 21:48:00,66.1
2025-06-12 03:33:00,53.8
2025-06-12 11:48:00,49.81454693687398
2025-06-12 03:19:00,70.7
2025-06-12 16:26:00,18.3
2025-06-12 06:45:00,71.9
2025-06-12 00:07:00,18.8
2025-06-12 18:09:00,2.3
2025-06-12 03:06:00,63.0
2025-06-12 21:11:00,80.0
2025-06-12 02:51:00,99.7
2025-06-12 02:33:00,10.9
2025-06-12 01:29:00,86.4
2025-06-12 08:20:00,49.81454693687398
2025-06-12 16:08:00,19.0
2025-06-12 07:56:00,92.5
2025-06-12 02:11:00,21.8
2025-06-12 08:47:00,36.4
2025-06-12 00:41:00,15.7
2025-06-12 02:26:00,7.9
2025-06-12 18:44:00,10.4
2025-06-12 16:37:00,73.2
2025-06-12 11:27:00,12.8
2025-06-12 18:45:00,19.2
2025-06-12 10:10:00,40.7
2025-06-12 21:51:00,76.8
2025-06-12 17:25:00,60.5
2025-06-12 00:57:00,17.0
2025-06-12 19:54:00,15.6
2025-06-12 06:57:00,6.2
2025-06-12 16:28:00,15.2
2025-06-12 16:00:00,47.3
2025-06-12 15:10:00,58.1
2025-06-12 16:51:00,7.0
2025-06-12 10:46:00,72.4
2025-06-12 12:06:00,95.5
2025-06-12 18:54:00,35.3
2025-06-12 12:20:00,10.4
2025-06-12 10:00:00,49.81454693687398
2025-06-12 03:39:00,4.2
2025-06-12 01:01:00,49.81454693687398
2025-06-12 03:34:00,25.0
2025-06-12 13:28:00,42.5
2025-06-12 23:49:00,5.1
2025-06-12 08:26:00,66.4
2025-06-12 19:05:00,79.3
2025-06-12 20:00:00,0.9
2025-06-12 04:23:00,96.0
2025-06-12 07:59:00,25.3
2025-06-12 05:53:00,62.1
2025-06-12 22:18:00,13.4
2025-06-12 19:08:00,85.1
2025-06-12 00:23:00,49.6
2025-06-12 13:35:00,52.4
2025-06-12 08:45:00,1.6
2025-06-12 03:00:00,31.0
2025-06-12 18:48:00,27.3
2025-06-12 11:52:00,11.6
2025-06-12 08:08:00,33.0
2025-06-12 16:23:00,49.81454693687398
2025-06-12 09:23:00,49.81454693687398
2025-06-12 03:21:00,98.9
2025-06-12 08:21:00,12.4
2025-06-12 08:31:00,94.0
2025-06-12 19:37:00,1.1
2025-06-12 02:21:00,80.2
2025-06-12 06:09:00,62.0
2025-06-12 19:24:00,37.7
2025-06-12 08:07:00,18.9
2025-06-12 18:40:00,12.0
2025-06-12 22:02:00,38.9
2025-06-12 16:56:00,42.7
2025-06-12 04:31:00,89.4
2025-06-12 04:22:00,16.6
2025-06-12 17:56:00,16.2
2025-06-12 22:34:00,71.4
2025-06-12 16:31:00,36.5
2025-06-12 19:29:00,49.81454693687398
2025-06-12 13:43:00,77.2
2025-06-12 19:57:00,81.5
2025-06-12 18:10:00,17.1
2025-06-12 00:19:00,72.0
2025-06-12 22:16:00,86.2
2025-06-12 17:24:00,79.7
2025-06-12 15:57:00,77.8
2025-06-12 06:11:00,53.4
2025-06-12 08:52:00,21.8
2025-06-12 15:37:00,29.8
2025-06-12 14:24:00,5.7
2025-06-12 02:15:00,86.4
2025-06-12 05:58:00,9.0
2025-06-12 14:52:00,49.81454693687398
2025-06-12 04:12:00,17.4
2025-06-12 13:38:00,33.4
2025-06-12 01:28:00,63.4
2025-06-12 20:57:00,25.3
2025-06-12 17:03:00,49.81454693687398
2025-06-12 21:55:00,49.81454693687398
2025-06-12 14:19:00,49.81454693687398
2025-06-12 22:13:00,49.81454693687398
2025-06-12 05:06:00,86.3
2025-06-12 02:53:00,10.6
2025-06-12 00:54:00,36.7
2025-06-12 02:20:00,52.0
2025-06-12 04:55:00,15.0
2025-06-12 21:09:00,24.0
2025-06-12 13:09:00,23.7
2025-06-12 15:36:00,40.8
2025-06-12 00:47:00,74.1
2025-06-12 15:44:00,77.0
2025-06-12 03:36:00,14.5
2025-06-12 09:36:00,7.1
2025-06-12 21:40:00,24.0
2025-06-12 18:39:00,49.81454693687398
2025-06-12 04:18:00,39.0
2025-06-12 19:42:00,48.0
2025-06-12 20:36:00,44.1
2025-06-12 08:15:00,49.81454693687398
2025-06-12 07:34:00,16.5
2025-06-12 04:24:00,49.81454693687398
2025-06-12 00:22:00,90.0
2025-06-12 00:50:00,30.7
2025-06-12 16:34:00,69.4
2025-06-12 07:29:00,0.7
2025-06-12 13:27:00,64.2
2025-06-12 04:27:00,33.4
2025-06-12 06:44:00,49.81454693687398
2025-06-12 17:14:00,6.3
2025-06-12 21:36:00,16.7
2025-06-12 21:22:00,49.81454693687398
2025-06-12 02:39:00,74.5
2025-06-12 12:13:00,74.5
2025-06-12 04:37:00,49.81454693687398
2025-06-12 11:32:00,95.4
2025-06-12 21:12:00,21.6
2025-06-12 04:15:00,99.5
2025-06-12 12:48:00,30.6
2025-06-12 00:14:00,69.8
2025-06-12 04:07:00,26.5
2025-06-12 10:34:00,83.9
2025-06-12 11:35:00,34.1
2025-06-12 19:22:00,94.2
2025-06-12 05:18:00,19.5
2025-06-12 05:37:00,23.5
2025-06-12 22:39:00,37.9
2025-06-12 16:27:00,18.9
2025-06-12 13:40:00,49.81454693687398
2025-06-12 01:09:00,36.6
2025-06-12 03:29:00,32.6
2025-06-12 16:11:00,26.1
2025-06-12 22:40:00,3.7
2025-06-12 16:20:00,49.81454693687398
2025-06-12 22:35:00,71.2
2025-06-12 01:15:00,54.7
2025-06-12 17:15:00,96.9
2025-06-12 07:16:00,5.8
2025-06-12 06:37:00,81.0
2025-06-12 23:47:00,45.9
2025-06-12 10:31:00,37.4
2025-06-12 09:30:00,9.0
2025-06-12 15:16:00,87.7
2025-06-12 01:25:00,29.3
2025-06-12 02:14:00,49.81454693687398
2025-06-12 12:07:00,18.0
2025-06-12 16:36:00,49.81454693687398
2025-06-12 23:57:00,60.2
2025-06-12 17:49:00,33.0
2025-06-12 08:50:00,49.81454693687398
2025-06-12 07:48:00,22.9
2025-06-12 02:34:00,81.1
2025-06-12 13:54:00,55.5
2025-06-12 17:26:00,95.1
2025-06-12 14:07:00,49.81454693687398
2025-06-12 09:51:00,60.3
2025-06-12 21:21:00,26.3
2025-06-12 18:07:00,10.1
2025-06-12 23:38:00,1.0
2025-06-12 06:59:00,49.81454693687398
2025-06-12 06:53:00,55.8
2025-06-12 17:01:00,62.3
2025-06-12 04:58:00,24.4
2025-06-12 19:51:00,4.8
2025-06-12 23:48:00,7.5
2025-06-12 07:46:00,7.3
2025-06-12 19:25:00,17.9
2025-06-12 01:31:00,6.0
2025-06-12 13:21:00,35.4
2025-06-12 15:02:00,36.0
2025-06-12 00:34:00,70.7
2025-06-12 15:20:00,15.9
2025-06-12 05:45:00,12.1
2025-06-12 10:38:00,51.7
2025-06-12 01:49:00,49.81454693687398
2025-06-12 06:51:00,49.81454693687398
2025-06-12 21:32:00,30.7
2025-06-12 13:51:00,58.6
2025-06-12 23:35:00,68.2
2025-06-12 18:41:00,73.9
2025-06-12 13:49:00,28.1
2025-06-12 04:05:00,9.3
2025-06-12 21:53:00,60.0
2025-06-12 21:44:00,26.1
2025-06-12 15:45:00,76.5
2025-06-12 18:34:00,14.6
2025-06-12 20:24:00,87.9
2025-06-12 00:45:00,94.2
2025-06-12 21:18:00,49.81454693687398
2025-06-12 22:20:00,40.6
2025-06-12 21:03:00,81.7
2025-06-12 07:10:00,49.1
2025-06-12 22:56:00,49.3
2025-06-12 09:17:00,52.7
2025-06-12 06:15:00,19.5
2025-06-12 22:51:00,55.1
2025-06-12 21:46:00,49.81454693687398
2025-06-12 08:58:00,5.7
2025-06-12 05:02:00,93.4
2025-06-12 00:01:00,69.7
2025-06-12 13:18:00,65.4
2025-06-12 04:47:00,14.8
2025-06-12 06:07:00,76.7
2025-06-12 09:04:00,48.8
2025-06-12 11:14:00,25.8
2025-06-12 01:07:00,53.7
2025-06-12 16:16:00,21.4
2025-06-12 02:48:00,72.4
2025-06-12 10:22:00,90.0
2025-06-12 02:37:00,53.0
2025-06-12 06:00:00,49.81454693687398
2025-06-12 10:06:00,12.0
2025-06-12 08:33:00,13.1
2025-06-12 06:43:00,85.4
2025-06-12 15:51:00,86.4
2025-06-12 00:02:00,7.5
2025-06-12 21:25:00,88.5
2025-06-12 15:49:00,58.8
2025-06-12 15:38:00,49.81454693687398
2025-06-12 09:48:00,70.1
2025-06-12 00:51:00,60.5
2025-06-12 16:15:00,49.81454693687398
2025-06-12 01:08:00,44.5
2025-06-12 13:45:00,54.1
2025-06-12 15:32:00,49.81454693687398
2025-06-12 15:01:00,82.7
2025-06-12 01:42:00,49.81454693687398
2025-06-12 23:28:00,37.2
2025-06-12 14:00:00,51.5
2025-06-12 22:28:00,18.5
2025-06-12 06:40:00,35.4
2025-06-12 07:54:00,95.5
2025-06-12 23:15:00,49.81454693687398
2025-06-12 09:44:00,49.81454693687398
2025-06-12 02:50:00,30.4
2025-06-12 06:08:00,40.9
2025-06-12 03:12:00,88.9
2025-06-12 02:05:00,89.5
2025-06-12 04:38:00,1.9
2025-06-12 07:44:00,12.8
2025-06-12 04:09:00,5.2
2025-06-12 07:40:00,64.3
2025-06-12 23:41:00,49.81454693687398
2025-06-12 14:56:00,74.3
2025-06-12 01:23:00,72.7
2025-06-12 03:56:00,86.4
2025-06-12 00:29:00,5.8
2025-06-12 12:29:00,28.8
2025-06-12 12:40:00,56.3
2025-06-12 15:43:00,20.8
2025-06-12 17:29:00,67.6
2025-06-12 23:50:00,63.9
2025-06-12 16:22:00,0.4
2025-06-12 04:11:00,67.3
2025-06-12 14:08:00,50.17466168922071
2025-06-12 11:34:00,3.8
2025-06-12 06:34:00,13.9
2025-06-12 15:42:00,11.0
2025-06-12 07:51:00,51.6
2025-06-12 23:00:00,53.2
2025-06-12 22:30:00,50.3
2025-06-12 21:32:00,38.0
2025-06-12 19:11:00,48.6
2025-06-12 01:39:00,30.6
2025-06-12 15:36:00,18.5
2025-06-12 06:25:00,20.5
2025-06-12 01:21:00,52.3
2025-06-12 01:45:00,91.7
2025-06-12 02:15:00,99.4
2025-06-12 00:14:00,74.1
2025-06-12 01:48:00,44.4
2025-06-12 18:30:00,2.0
2025-06-12 00:12:00,23.1
2025-06-12 02:25:00,50.17466168922071
2025-06-12 07:37:00,6.0
2025-06-12 11:05:00,48.0
2025-06-12 22:54:00,50.17466168922071
2025-06-12 03:50:00,42.3
2025-06-12 21:50:00,91.1
2025-06-12 17:58:00,53.0
2025-06-12 09:30:00,2.6
2025-06-12 21:22:00,44.4
2025-06-12 16:19:00,3.0
2025-06-12 21:51:00,5.4
2025-06-12 19:38:00,24.5
2025-06-12 21:58:00,50.17466168922071
2025-06-12 16:11:00,68.3
2025-06-12 10:51:00,31.4
2025-06-12 13:05:00,47.3
2025-06-12 01:11:00,88.5
2025-06-12 13:50:00,3.5
2025-06-12 02:50:00,58.9
2025-06-12 22:44:00,66.9
2025-06-12 00:19:00,67.5
2025-06-12 00:10:00,97.4
2025-06-12 14:17:00,66.3
2025-06-12 02:41:00,57.0
2025-06-12 00:09:00,16.0
2025-06-12 01:49:00,53.7
2025-06-12 05:01:00,50.17466168922071
2025-06-12 05:46:00,70.3
2025-06-12 20:24:00,51.5
2025-06-12 03:36:00,95.2
2025-06-12 19:29:00,94.8
2025-06-12 21:00:00,95.8
2025-06-12 16:41:00,60.7
2025-06-12 15:27:00,47.5
2025-06-12 19:28:00,14.7
2025-06-12 20:31:00,55.9
2025-06-12 06:28:00,30.5
2025-06-12 07:54:00,25.6
2025-06-12 10:45:00,0.9
2025-06-12 12:12:00,64.9
2025-06-12 14:26:00,50.17466168922071
2025-06-12 05:58:00,66.1
2025-06-12 10:42:00,22.2
2025-06-12 11:58:00,44.7
2025-06-12 22:34:00,40.7
2025-06-12 00:05:00,29.4
2025-06-12 16:30:00,80.5
2025-06-12 11:09:00,56.4
2025-06-12 14:14:00,12.2
2025-06-12 12:34:00,73.2
2025-06-12 20:48:00,93.6
2025-06-12 02:23:00,92.0
2025-06-12 00:57:00,11.2
2025-06-12 14:34:00,71.8
2025-06-12 05:04:00,71.3
2025-06-12 08:48:00,42.9
2025-06-12 18:36:00,49.6
2025-06-12 21:14:00,10.6
2025-06-12 08:24:00,31.9
2025-06-12 15:16:00,58.8
2025-06-12 06:31:00,92.4
2025-06-12 10:12:00,36.1
2025-06-12 04:05:00,89.6
2025-06-12 04:47:00,91.4
2025-06-12 16:23:00,30.8
2025-06-12 10:55:00,71.7
2025-06-12 22:09:00,24.5
2025-06-12 20:43:00,81.2
2025-06-12 19:57:00,5.1
2025-06-12 11:14:00,74.1
2025-06-12 07:32:00,94.8
2025-06-12 15:08:00,83.7
2025-06-12 04:07:00,50.17466168922071
2025-06-12 02:42:00,26.5
2025-06-12 06:07:00,50.17466168922071
2025-06-12 17:01:00,11.0
2025-06-12 02:01:00,89.0
2025-06-12 02:09:00,81.7
2025-06-12 20:10:00,61.5
2025-06-12 07:47:00,50.17466168922071
2025-06-12 23:52:00,27.3
2025-06-12 15:54:00,20.5
2025-06-12 23:12:00,19.4
2025-06-12 23:20:00,44.8
2025-06-12 16:44:00,38.6
2025-06-12 20:55:00,54.7
2025-06-12 03:40:00,63.1
2025-06-12 23:25:00,55.7
2025-06-12 04:36:00,37.4
2025-06-12 05:37:00,2.1
2025-06-12 19:04:00,52.5
2025-06-12 04:06:00,50.1
2025-06-12 21:47:00,18.3
2025-06-12 13:31:00,71.6
2025-06-12 00:30:00,19.4
2025-06-12 23:21:00,46.6
2025-06-12 19:25:00,50.17466168922071
2025-06-12 22:47:00,24.7
2025-06-12 22:21:00,93.4
2025-06-12 13:48:00,66.2
2025-06-12 14:15:00,61.8
2025-06-12 05:10:00,37.3
2025-06-12 21:36:00,3.2
2025-06-12 14:16:00,92.5
2025-06-12 17:57:00,71.3
2025-06-12 15:38:00,57.4
2025-06-12 10:24:00,12.3
2025-06-12 06:36:00,19.3
2025-06-12 15:17:00,22.2
2025-06-12 22:57:00,8.6
2025-06-12 14:38:00,26.2
2025-06-12 14:28:00,52.6
2025-06-12 22:50:00,21.0
2025-06-12 21:33:00,67.9
2025-06-12 16:14:00,11.9
2025-06-12 09:14:00,67.5
2025-06-12 18:01:00,15.2
2025-06-12 12:26:00,74.9
2025-06-12 07:48:00,2.7
2025-06-12 21:01:00,6.9
2025-06-12 05:48:00,60.1
2025-06-12 07:59:00,38.3
2025-06-12 19:59:00,9.4
2025-06-12 12:57:00,47.5
2025-06-12 06:42:00,50.17466168922071
2025-06-12 08:25:00,41.8
2025-06-12 19:30:00,74.1
2025-06-12 15:04:00,42.6
2025-06-12 23:29:00,41.2
2025-06-12 02:57:00,39.7
2025-06-12 20:23:00,50.17466168922071
2025-06-12 13:08:00,84.2
2025-06-12 10:49:00,60.5
2025-06-12 15:00:00,50.17466168922071
2025-06-12 05:51:00,50.17466168922071
2025-06-12 16:07:00,50.17466168922071
2025-06-12 21:15:00,67.7
2025-06-12 18:14:00,99.8
2025-06-12 20:35:00,70.1
2025-06-12 06:20:00,84.2
2025-06-12 16:57:00,29.4
2025-06-12 17:55:00,10.1
2025-06-12 17:08:00,68.6
2025-06-12 11:13:00,50.17466168922071
2025-06-12 02:22:00,40.6
2025-06-12 06:23:00,3.6
2025-06-12 04:52:00,17.5
2025-06-12 20:49:00,22.4
2025-06-12 10:47:00,50.17466168922071
2025-06-12 16:45:00,86.8
2025-06-12 20:47:00,90.2
2025-06-12 10:56:00,77.6
2025-06-12 10:26:00,70.6
2025-06-12 08:31:00,93.1
2025-06-12 22:16:00,63.4
2025-06-12 19:22:00,81.6
2025-06-12 14:43:00,50.17466168922071
2025-06-12 09:01:00,78.5
2025-06-12 01:55:00,23.4
2025-06-12 02:34:00,73.8
2025-06-12 14:07:00,24.3
2025-06-12 15:29:00,27.6
2025-06-12 01:27:00,95.6
2025-06-12 01:35:00,45.0
2025-06-12 08:53:00,81.2
2025-06-12 13:17:00,74.3
2025-06-12 04:44:00,14.7
2025-06-12 03:23:00,63.6
2025-06-12 04:12:00,91.4
2025-06-12 19:26:00,98.7
2025-06-12 10:13:00,50.17466168922071
2025-06-12 06:27:00,83.2
2025-06-12 04:46:00,52.8
2025-06-12 00:23:00,5.9
2025-06-12 09:52:00,23.7
2025-06-12 15:23:00,92.6
2025-06-12 07:04:00,20.4
2025-06-12 10:04:00,54.3
2025-06-12 15:59:00,91.4
2025-06-12 19:43:00,71.6
2025-06-12 22:02:00,50.17466168922071
2025-06-12 20:37:00,30.6
2025-06-12 22:23:00,4.8
2025-06-12 03:01:00,79.1
2025-06-12 00:11:00,37.0
2025-06-12 00:24:00,10.8
2025-06-12 05:54:00,36.2
2025-06-12 17:26:00,50.17466168922071
2025-06-12 19:44:00,50.17466168922071
2025-06-12 13:27:00,14.1
2025-06-12 16:06:00,42.2
2025-06-12 11:52:00,3.8
2025-06-12 10:10:00,71.9
2025-06-12 09:56:00,50.6
2025-06-12 00:56:00,2.4
2025-06-12 03:48:00,62.8
2025-06-12 15:26:00,49.9
2025-06-12 19:18:00,22.0
2025-06-12 04:01:00,50.17466168922071
2025-06-12 21:21:00,75.1
2025-06-12 00:55:00,71.1
2025-06-12 18:05:00,35.1
2025-06-12 11:59:00,65.5
2025-06-12 17:41:00,50.17466168922071
2025-06-12 00:27:00,50.17466168922071
2025-06-12 12:29:00,25.8
2025-06-12 00:43:00,5.0
2025-06-12 17:29:00,30.9
2025-06-12 09:40:00,23.8
2025-06-12 23:34:00,74.9
2025-06-12 13:45:00,18.2
2025-06-12 08:37:00,82.4
2025-06-12 02:56:00,18.4
2025-06-12 16:18:00,76.3
2025-06-12 17:54:00,58.5
2025-06-12 13:02:00,85.0
2025-06-12 20:29:00,50.17466168922071
2025-06-12 14:29:00,86.3
2025-06-12 09:07:00,28.5
2025-06-12 04:40:00,46.7
2025-06-12 03:41:00,55.0
2025-06-12 16:09:00,16.5
2025-06-12 21:29:00,21.1
2025-06-12 04:10:00,25.5
2025-06-12 03:02:00,50.17466168922071
2025-06-12 18:57:00,50.17466168922071
2025-06-12 21:03:00,36.9
2025-06-12 15:43:00,30.5
2025-06-12 12:14:00,9.0
2025-06-12 02:46:00,23.9
2025-06-12 19:33:00,52.1
2025-06-12 20:14:00,75.3
2025-06-12 22:41:00,93.7
2025-06-12 16:20:00,28.2
2025-06-12 07:05:00,50.17466168922071
2025-06-12 12:22:00,41.7
2025-06-12 18:20:00,84.5
2025-06-12 15:56:00,84.7
2025-06-12 09:37:00,4.8
2025-06-12 10:39:00,73.2
2025-06-12 18:27:00,18.1
2025-06-12 09:17:00,68.6
2025-06-12 00:40:00,4.8
2025-06-12 12:25:00,50.17466168922071
2025-06-12 04:25:00,83.7
2025-06-12 22:51:00,3.1
2025-06-12 02:17:00,40.2
2025-06-12 09:43:00,54.9
2025-06-12 20:53:00,50.17466168922071
2025-06-12 13:11:00,23.8
2025-06-12 23:18:00,44.3
2025-06-12 11:19:00,50.17466168922071
2025-06-12 11:30:00,50.17466168922071
2025-06-12 15:25:00,77.7
2025-06-12 18:18:00,27.8
2025-06-12 10:33:00,34.2
2025-06-12 12:07:00,81.9
2025-06-12 18:49:00,97.1
2025-06-12 06:49:00,56.6
2025-06-12 09:00:00,78.3
2025-06-12 16:26:00,31.5
2025-06-12 09:46:00,51.4
2025-06-12 08:01:00,58.0
2025-06-12 01:52:00,92.3
2025-06-12 11:43:00,14.3
2025-06-12 13:49:00,34.6
2025-06-12 18:39:00,1.9
2025-06-12 01:00:00,11.8
2025-06-12 02:04:00,97.1
2025-06-12 16:35:00,15.4
2025-06-12 14:51:00,52.6
2025-06-12 06:29:00,50.17466168922071
2025-06-12 05:53:00,34.9
2025-06-12 22:13:00,50.17466168922071
2025-06-12 18:48:00,50.17466168922071
2025-06-12 11:23:00,90.9
2025-06-12 10:16:00,21.7
2025-06-12 10:34:00,78.1
2025-06-12 10:03:00,39.8
2025-06-12 12:04:00,9.1
2025-06-12 04:51:00,21.9
2025-06-12 01:12:00,96.7
2025-06-12 10:32:00,64.4
2025-06-12 03:11:00,60.4
2025-06-12 16:54:00,92.5
2025-06-12 04:42:00,50.17466168922071
2025-06-12 03:15:00,41.1
2025-06-12 03:44:00,80.7
2025-06-12 13:00:00,50.17466168922071
2025-06-12 12:00:00,33.4
2025-06-12 13:15:00,93.3
2025-06-12 15:48:00,87.3
2025-06-12 16:28:00,33.2
2025-06-12 21:17:00,49.28634215500945
2025-06-12 08:03:00,16.3
2025-06-12 23:13:00,99.4
2025-06-12 01:23:00,18.8
2025-06-12 10:18:00,63.2
2025-06-12 18:02:00,49.28634215500945
2025-06-12 15:56:00,97.5
2025-06-12 00:24:00,6.2
2025-06-12 04:18:00,62.6
2025-06-12 03:31:00,20.4
2025-06-12 18:30:00,58.0
2025-06-12 00:36:00,39.3
2025-06-12 21:09:00,3.3
2025-06-12 22:14:00,7.4
2025-06-12 13:03:00,13.2
2025-06-12 07:54:00,59.8
2025-06-12 17:41:00,49.28634215500945
2025-06-12 10:39:00,55.0
2025-06-12 06:30:00,24.2
2025-06-12 01:50:00,67.2
2025-06-12 07:55:00,49.28634215500945
2025-06-12 13:16:00,93.3
2025-06-12 18:25:00,49.28634215500945
2025-06-12 03:51:00,26.0
2025-06-12 12:18:00,54.2
2025-06-12 03:08:00,40.2
2025-06-12 21:34:00,63.8
2025-06-12 22:35:00,95.2
2025-06-12 08:15:00,70.7
2025-06-12 08:11:00,93.9
2025-06-12 14:42:00,45.8
2025-06-12 10:20:00,8.8
2025-06-12 12:20:00,10.5
2025-06-12 20:00:00,87.4
2025-06-12 08:24:00,49.28634215500945
2025-06-12 00:53:00,26.7
2025-06-12 13:46:00,49.28634215500945
2025-06-12 19:10:00,31.0
2025-06-12 10:42:00,49.28634215500945
2025-06-12 07:32:00,23.6
2025-06-12 19:45:00,34.0
2025-06-12 16:43:00,97.7
2025-06-12 03:36:00,16.8
2025-06-12 02:56:00,14.5
2025-06-12 03:45:00,49.28634215500945
2025-06-12 01:45:00,33.5
2025-06-12 06:58:00,62.3
2025-06-12 22:25:00,61.9
2025-06-12 14:00:00,25.3
2025-06-12 00:02:00,72.1
2025-06-12 19:35:00,11.4
2025-06-12 16:49:00,13.1
2025-06-12 04:01:00,49.28634215500945
2025-06-12 14:58:00,22.3
2025-06-12 21:32:00,49.28634215500945
2025-06-12 20:50:00,34.0
2025-06-12 02:29:00,2.5
2025-06-12 22:08:00,30.4
2025-06-12 19:31:00,45.2
2025-06-12 10:50:00,49.28634215500945
2025-06-12 02:10:00,56.0
2025-06-12 01:24:00,71.1
2025-06-12 11:05:00,19.8
2025-06-12 12:36:00,47.2
2025-06-12 09:45:00,39.4
2025-06-12 15:30:00,49.28634215500945
2025-06-12 12:14:00,4.7
2025-06-12 13:52:00,32.8
2025-06-12 09:27:00,49.28634215500945
2025-06-12 02:40:00,39.5
2025-06-12 17:56:00,52.7
2025-06-12 12:33:00,49.28634215500945
2025-06-12 18:48:00,49.9
2025-06-12 06:16:00,29.9
2025-06-12 23:17:00,72.2
2025-06-12 06:39:00,47.5
2025-06-12 06:40:00,45.6
2025-06-12 22:59:00,87.0
2025-06-12 00:20:00,89.7
2025-06-12 10:41:00,47.7
2025-06-12 10:14:00,86.3
2025-06-12 16:07:00,49.28634215500945
2025-06-12 23:58:00,72.0
2025-06-12 18:51:00,68.5
2025-06-12 19:49:00,77.9
2025-06-12 08:18:00,95.1
2025-06-12 23:10:00,94.7
2025-06-12 19:38:00,48.8
2025-06-12 14:49:00,61.1
2025-06-12 15:03:00,24.0
2025-06-12 20:56:00,53.1
2025-06-12 09:37:00,49.28634215500945
2025-06-12 16:40:00,2.8
2025-06-12 09:15:00,58.4
2025-06-12 10:47:00,92.2
2025-06-12 11:26:00,67.2
2025-06-12 19:43:00,98.4
2025-06-12 17:17:00,42.6
2025-06-12 08:00:00,77.9
2025-06-12 22:46:00,78.9
2025-06-12 23:59:00,16.0
2025-06-12 01:39:00,49.28634215500945
2025-06-12 17:29:00,27.2
2025-06-12 04:27:00,13.7
2025-06-12 05:24:00,66.7
2025-06-12 04:02:00,49.28634215500945
2025-06-12 19:00:00,52.9
2025-06-12 15:06:00,49.28634215500945
2025-06-12 05:58:00,49.28634215500945
2025-06-12 10:45:00,49.28634215500945
2025-06-12 11:19:00,49.28634215500945
2025-06-12 19:17:00,24.3
2025-06-12 12:04:00,88.5
2025-06-12 08:39:00,50.6
2025-06-12 00:48:00,1.6
2025-06-12 03:38:00,80.4
2025-06-12 23:48:00,42.7
2025-06-12 16:18:00,40.3
2025-06-12 07:14:00,30.2
2025-06-12 13:31:00,49.28634215500945
2025-06-12 18:59:00,52.1
2025-06-12 04:19:00,97.6
2025-06-12 00:55:00,92.0
2025-06-12 09:02:00,49.28634215500945
2025-06-12 23:03:00,38.6
2025-06-12 17:37:00,89.9
2025-06-12 13:17:00,41.9
2025-06-12 15:04:00,51.9
2025-06-12 15:45:00,41.7
2025-06-12 07:36:00,15.9
2025-06-12 18:44:00,6.4
2025-06-12 16:00:00,9.4
2025-06-12 17:20:00,33.8
2025-06-12 09:50:00,35.0
2025-06-12 22:55:00,84.8
2025-06-12 15:02:00,49.28634215500945
2025-06-12 18:36:00,43.4
2025-06-12 18:53:00,12.1
2025-06-12 21:42:00,79.1
2025-06-12 19:11:00,9.9
2025-06-12 13:34:00,67.5
2025-06-12 05:25:00,60.0
2025-06-12 02:23:00,20.0
2025-06-12 13:04:00,72.2
2025-06-12 07:53:00,49.28634215500945
2025-06-12 03:56:00,9.5
2025-06-12 03:47:00,24.3
2025-06-12 20:10:00,99.4
2025-06-12 08:53:00,50.1
2025-06-12 22:31:00,62.9
2025-06-12 18:17:00,96.2
2025-06-12 13:47:00,86.4
2025-06-12 02:43:00,49.28634215500945
2025-06-12 17:36:00,49.28634215500945
2025-06-12 12:07:00,35.1
2025-06-12 10:30:00,39.3
2025-06-12 22:12:00,16.8
2025-06-12 17:27:00,64.1
2025-06-12 23:14:00,81.2
2025-06-12 15:14:00,9.5
2025-06-12 23:11:00,49.28634215500945
2025-06-12 05:16:00,49.28634215500945
2025-06-12 03:58:00,49.28634215500945
2025-06-12 07:19:00,23.4
2025-06-12 21:19:00,38.9
2025-06-12 02:57:00,82.6
2025-06-12 14:01:00,20.0
2025-06-12 01:00:00,66.0
2025-06-12 17:47:00,49.28634215500945
2025-06-12 00:11:00,94.6
2025-06-12 21:16:00,12.6
2025-06-12 13:41:00,65.4
2025-06-12 22:18:00,57.6
2025-06-12 14:10:00,99.6
2025-06-12 07:27:00,31.1
2025-06-12 01:29:00,49.28634215500945
2025-06-12 02:31:00,49.28634215500945
2025-06-12 19:25:00,49.28634215500945
2025-06-12 15:32:00,49.28634215500945
2025-06-12 02:11:00,27.5
2025-06-12 11:12:00,43.0
2025-06-12 06:11:00,34.4
2025-06-12 18:20:00,69.5
2025-06-12 04:31:00,60.6
2025-06-12 06:43:00,49.28634215500945
2025-06-12 10:56:00,92.6
2025-06-12 11:58:00,59.1
2025-06-12 23:29:00,15.3
2025-06-12 23:49:00,39.7
2025-06-12 15:39:00,16.8
2025-06-12 02:46:00,88.7
2025-06-12 17:18:00,49.28634215500945
2025-06-12 17:34:00,70.9
2025-06-12 19:32:00,6.6
2025-06-12 14:02:00,0.3
2025-06-12 17:55:00,49.28634215500945
2025-06-12 05:40:00,7.8
2025-06-12 00:05:00,44.6
2025-06-12 08:51:00,31.2
2025-06-12 22:10:00,86.0
2025-06-12 21:27:00,18.4
2025-06-12 00:58:00,18.1
2025-06-12 13:56:00,53.9
2025-06-12 01:48:00,88.4
2025-06-12 06:32:00,74.8
2025-06-12 06:42:00,43.7
2025-06-12 01:19:00,72.4
2025-06-12 14:37:00,49.28634215500945
2025-06-12 05:44:00,34.2
2025-06-12 03:15:00,28.7
2025-06-12 02:20:00,49.28634215500945
2025-06-12 09:11:00,25.1
2025-06-12 20:17:00,72.4
2025-06-12 01:15:00,29.8
2025-06-12 14:28:00,49.28634215500945
2025-06-12 15:09:00,9.5
2025-06-12 04:06:00,65.6
2025-06-12 10:33:00,75.8
2025-06-12 15:42:00,68.3
2025-06-12 12:50:00,6.9
2025-06-12 06:01:00,49.28634215500945
2025-06-12 22:37:00,78.7
2025-06-12 05:39:00,37.2
2025-06-12 01:37:00,93.3
2025-06-12 03:04:00,44.8
2025-06-12 14:11:00,49.28634215500945
2025-06-12 01:31:00,71.5
2025-06-12 02:02:00,58.1
2025-06-12 20:04:00,49.28634215500945
2025-06-12 03:39:00,44.6
2025-06-12 00:14:00,48.5
2025-06-12 14:46:00,75.8
2025-06-12 21:46:00,44.3
2025-06-12 09:34:00,42.1
2025-06-12 05:37:00,49.28634215500945
2025-06-12 13:09:00,30.2
2025-06-12 04:53:00,97.0
2025-06-12 09:14:00,24.1
2025-06-12 11:13:00,95.6
2025-06-12 04:38:00,60.1
2025-06-12 06:21:00,4.4
2025-06-12 16:48:00,2.4
2025-06-12 09:33:00,72.5
2025-06-12 04:39:00,26.4
2025-06-12 20:06:00,49.28634215500945
2025-06-12 03:54:00,49.28634215500945
2025-06-12 15:08:00,4.2
2025-06-12 20:57:00,3.8
2025-06-12 17:16:00,36.9
2025-06-12 05:33:00,78.0
2025-06-12 00:18:00,21.4
2025-06-12 16:22:00,75.0
2025-06-12 16:17:00,37.1
2025-06-12 03:42:00,58.6
2025-06-12 07:31:00,80.8
2025-06-12 17:05:00,49.28634215500945
2025-06-12 16:53:00,6.9
2025-06-12 06:13:00,92.3
2025-06-12 03:59:00,49.28634215500945
2025-06-12 21:30:00,56.0
2025-06-12 11:41:00,40.8
2025-06-12 15:16:00,15.2
2025-06-12 08:25:00,39.4
2025-06-12 22:50:00,91.8
2025-06-12 06:52:00,20.6
2025-06-12 12:39:00,64.3
2025-06-12 21:07:00,34.4
2025-06-12 06:44:00,42.3
2025-06-12 08:35:00,17.0
2025-06-12 06:49:00,81.5
2025-06-12 23:57:00,46.8
2025-06-12 19:46:00,49.28634215500945
2025-06-12 04:04:00,49.28634215500945
2025-06-12 13:37:00,49.28634215500945
2025-06-12 20:26:00,18.4
2025-06-12 05:07:00,51.3
2025-06-12 11:49:00,25.4
2025-06-12 19:42:00,79.3
2025-06-12 16:46:00,47.9
2025-06-12 23:04:00,13.7
2025-06-12 11:10:00,49.28634215500945
2025-06-12 17:44:00,33.7
2025-06-12 17:53:00,90.6
2025-06-12 06:57:00,49.28634215500945
2025-06-12 12:54:00,51.5
2025-06-12 14:54:00,28.4
2025-06-12 11:35:00,93.8
2025-06-12 00:21:00,70.2
2025-06-12 14:39:00,49.28634215500945
2025-06-12 02:09:00,19.0
2025-06-12 23:35:00,29.8
2025-06-12 00:40:00,51.7
2025-06-12 08:30:00,49.28634215500945
2025-06-12 04:44:00,49.28634215500945
2025-06-12 22:57:00,99.3
2025-06-12 02:53:00,73.4
2025-06-12 23:25:00,20.5
2025-06-12 13:43:00,49.28634215500945
2025-06-12 01:17:00,61.3
2025-06-12 15:55:00,5.7
2025-06-12 08:46:00,49.28634215500945
2025-06-12 08:52:00,38.5
2025-06-12 15:15:00,97.5
2025-06-12 19:01:00,85.2
2025-06-12 15:37:00,72.4
2025-06-12 11:08:00,49.28634215500945
2025-06-12 21:04:00,59.8
2025-06-12 20:33:00,13.5
2025-06-12 19:11:00,41.2
2025-06-12 07:23:00,37.4
2025-06-12 00:30:00,32.7
2025-06-12 10:06:00,51.8
2025-06-12 16:10:00,28.0
2025-06-12 10:22:00,42.3
2025-06-12 08:21:00,41.8
2025-06-12 07:56:00,50.0812925170068
2025-06-12 17:21:00,1.6
2025-06-12 16:36:00,26.8
2025-06-12 21:16:00,81.7
2025-06-12 10:39:00,27.3
2025-06-12 19:55:00,91.7
2025-06-12 00:02:00,69.0
2025-06-12 21:14:00,71.0
2025-06-12 04:16:00,64.0
2025-06-12 12:31:00,99.5
2025-06-12 06:51:00,16.5
2025-06-12 02:57:00,58.1
2025-06-12 08:22:00,12.1
2025-06-12 03:21:00,52.3
2025-06-12 16:47:00,5.0
2025-06-12 02:37:00,64.5
2025-06-12 15:50:00,94.5
2025-06-12 11:55:00,70.1
2025-06-12 03:30:00,96.1
2025-06-12 09:16:00,34.0
2025-06-12 23:47:00,50.0812925170068
2025-06-12 13:42:00,94.7
2025-06-12 04:21:00,26.8
2025-06-12 03:43:00,3.6
2025-06-12 09:04:00,77.5
2025-06-12 20:47:00,55.8
2025-06-12 01:33:00,67.9
2025-06-12 01:51:00,94.2
2025-06-12 06:43:00,4.1
2025-06-12 08:53:00,68.1
2025-06-12 08:16:00,7.6
2025-06-12 20:43:00,3.4
2025-06-12 15:25:00,98.0
2025-06-12 05:30:00,50.0812925170068
2025-06-12 22:57:00,77.6
2025-06-12 17:14:00,21.7
2025-06-12 17:09:00,49.3
2025-06-12 21:29:00,60.4
2025-06-12 19:01:00,39.9
2025-06-12 22:04:00,8.9
2025-06-12 21:59:00,77.8
2025-06-12 17:02:00,50.0812925170068
2025-06-12 19:14:00,75.3
2025-06-12 17:55:00,50.0812925170068
2025-06-12 13:25:00,3.3
2025-06-12 08:29:00,28.0
2025-06-12 09:17:00,81.7
2025-06-12 13:02:00,69.9
2025-06-12 00:57:00,61.8
2025-06-12 13:45:00,84.0
2025-06-12 00:12:00,93.3
2025-06-12 22:08:00,99.2
2025-06-12 05:21:00,72.0
2025-06-12 02:25:00,52.1
2025-06-12 17:04:00,11.1
2025-06-12 01:34:00,46.8
2025-06-12 12:03:00,67.4
2025-06-12 02:50:00,50.0812925170068
2025-06-12 10:27:00,77.4
2025-06-12 18:42:00,77.0
2025-06-12 06:18:00,66.3
2025-06-12 23:25:00,38.7
2025-06-12 16:56:00,4.9
2025-06-12 22:49:00,5.6
2025-06-12 02:45:00,50.0812925170068
2025-06-12 00:26:00,50.0812925170068
2025-06-12 09:43:00,5.5
2025-06-12 20:31:00,37.4
2025-06-12 20:21:00,12.7
2025-06-12 02:28:00,72.2
2025-06-12 16:33:00,89.4
2025-06-12 03:10:00,67.3
2025-06-12 22:59:00,5.4
2025-06-12 23:07:00,71.5
2025-06-12 19:04:00,77.6
2025-06-12 20:59:00,35.2
2025-06-12 01:50:00,50.0812925170068
2025-06-12 20:04:00,13.8
2025-06-12 12:20:00,23.4
2025-06-12 03:23:00,38.3
2025-06-12 04:26:00,64.1
2025-06-12 19:36:00,58.1
2025-06-12 17:54:00,35.7
2025-06-12 04:13:00,69.5
2025-06-12 10:47:00,50.0812925170068
2025-06-12 22:01:00,96.3
2025-06-12 06:56:00,62.1
2025-06-12 22:20:00,28.6
2025-06-12 17:27:00,0.5
2025-06-12 04:05:00,56.7
2025-06-12 11:47:00,84.2
2025-06-12 11:50:00,50.0812925170068
2025-06-12 04:06:00,61.6
2025-06-12 11:51:00,57.3
2025-06-12 07:59:00,72.1
2025-06-12 04:19:00,33.6
2025-06-12 12:59:00,39.5
2025-06-12 22:23:00,88.2
2025-06-12 17:10:00,46.8
2025-06-12 07:29:00,6.2
2025-06-12 08:08:00,93.0
2025-06-12 18:16:00,69.0
2025-06-12 02:10:00,71.5
2025-06-12 22:53:00,50.0812925170068
2025-06-12 05:53:00,82.3
2025-06-12 21:12:00,33.8
2025-06-12 11:53:00,91.5
2025-06-12 19:40:00,97.6
2025-06-12 08:20:00,40.0
2025-06-12 21:56:00,59.8
2025-06-12 12:01:00,92.0
2025-06-12 21:07:00,35.5
2025-06-12 23:27:00,44.9
2025-06-12 11:58:00,16.3
2025-06-12 08:28:00,81.7
2025-06-12 20:20:00,80.5
2025-06-12 22:52:00,93.2
2025-06-12 19:32:00,20.7
2025-06-12 03:04:00,32.4
2025-06-12 15:02:00,91.5
2025-06-12 09:14:00,26.6
2025-06-12 05:39:00,45.9
2025-06-12 04:09:00,69.4
2025-06-12 14:22:00,76.9
2025-06-12 08:40:00,61.9
2025-06-12 18:03:00,5.7
2025-06-12 21:23:00,58.6
2025-06-12 10:36:00,26.6
2025-06-12 09:58:00,12.4
2025-06-12 16:01:00,81.3
2025-06-12 15:21:00,20.8
2025-06-12 22:13:00,22.7
2025-06-12 11:06:00,60.7
2025-06-12 23:33:00,50.0812925170068
2025-06-12 09:29:00,7.6
2025-06-12 01:20:00,12.4
2025-06-12 04:17:00,53.2
2025-06-12 14:17:00,8.0
2025-06-12 07:09:00,30.8
2025-06-12 13:35:00,36.8
2025-06-12 13:22:00,81.7
2025-06-12 15:55:00,28.8
2025-06-12 10:23:00,8.2
2025-06-12 21:03:00,76.8
2025-06-12 22:37:00,28.9
2025-06-12 01:00:00,8.8
2025-06-12 07:35:00,23.5
2025-06-12 01:52:00,82.8
2025-06-12 03:32:00,81.9
2025-06-12 05:45:00,32.7
2025-06-12 23:58:00,22.1
2025-06-12 11:45:00,6.2
2025-06-12 21:20:00,82.0
2025-06-12 19:09:00,75.2
2025-06-12 20:19:00,44.2
2025-06-12 02:13:00,55.9
2025-06-12 04:58:00,64.8
2025-06-12 13:58:00,60.6
2025-06-12 14:31:00,53.5
2025-06-12 16:26:00,46.6
2025-06-12 10:00:00,41.2
2025-06-12 03:02:00,65.5
2025-06-12 01:46:00,50.0812925170068
2025-06-12 12:50:00,62.2
2025-06-12 05:13:00,17.9
2025-06-12 06:59:00,53.8
2025-06-12 08:39:00,11.5
2025-06-12 14:04:00,66.1
2025-06-12 21:28:00,50.0812925170068
2025-06-12 09:12:00,57.7
2025-06-12 16:46:00,28.5
2025-06-12 20:18:00,30.8
2025-06-12 09:51:00,36.4
2025-06-12 03:25:00,82.3
2025-06-12 07:47:00,77.4
2025-06-12 11:34:00,67.7
2025-06-12 23:35:00,43.2
2025-06-12 03:29:00,2.3
2025-06-12 14:55:00,15.2
2025-06-12 07:01:00,97.1
2025-06-12 03:55:00,45.7
2025-06-12 00:52:00,50.0812925170068
2025-06-12 08:14:00,91.0
2025-06-12 15:59:00,50.0812925170068
2025-06-12 10:45:00,26.7
2025-06-12 04:41:00,30.8
2025-06-12 15:42:00,4.4
2025-06-12 16:11:00,4.3
2025-06-12 05:04:00,71.0
2025-06-12 00:44:00,50.0812925170068
2025-06-12 01:09:00,50.0812925170068
2025-06-12 14:00:00,14.9
2025-06-12 08:44:00,0.4
2025-06-12 19:31:00,6.2
2025-06-12 23:37:00,53.4
2025-06-12 08:19:00,50.0812925170068
2025-06-12 14:29:00,5.7
2025-06-12 01:28:00,73.6
2025-06-12 12:16:00,24.7
2025-06-12 13:53:00,16.5
2025-06-12 15:36:00,63.7
2025-06-12 17:12:00,47.1
2025-06-12 00:59:00,81.8
2025-06-12 16:06:00,62.7
2025-06-12 12:56:00,29.9
2025-06-12 21:30:00,51.0
2025-06-12 19:18:00,50.0812925170068
2025-06-12 02:11:00,31.5
2025-06-12 07:27:00,43.8
2025-06-12 14:13:00,19.2
2025-06-12 20:09:00,91.5
2025-06-12 19:48:00,17.6
2025-06-12 22:12:00,67.4
2025-06-12 08:01:00,33.6
2025-06-12 05:08:00,20.8
2025-06-12 00:09:00,34.2
2025-06-12 03:44:00,32.0
2025-06-12 08:11:00,51.8
2025-06-12 13:55:00,14.7
2025-06-12 03:24:00,28.1
2025-06-12 04:01:00,3.6
2025-06-12 15:28:00,39.3
2025-06-12 01:48:00,93.8
2025-06-12 08:54:00,64.8
2025-06-12 20:42:00,50.0812925170068
2025-06-12 08:06:00,2.5
2025-06-12 13:24:00,41.3
2025-06-12 23:05:00,50.0812925170068
2025-06-12 22:02:00,49.0
2025-06-12 22:46:00,3.6
2025-06-12 06:26:00,1.1
2025-06-12 18:18:00,50.6
2025-06-12 10:29:00,34.0
2025-06-12 23:11:00,68.2
2025-06-12 14:09:00,73.4
2025-06-12 12:34:00,49.7
2025-06-12 23:04:00,85.7
2025-06-12 08:09:00,44.5
2025-06-12 04:11:00,50.0812925170068
2025-06-12 16:07:00,91.7
2025-06-12 12:09:00,50.0812925170068
2025-06-12 18:31:00,9.2
2025-06-12 03:01:00,50.0812925170068
2025-06-12 02:05:00,77.6
2025-06-12 07:25:00,50.0812925170068
2025-06-12 02:14:00,61.8
2025-06-12 10:48:00,21.9
2025-06-12 03:26:00,0.7
2025-06-12 16:54:00,50.0812925170068
2025-06-12 18:51:00,50.0812925170068
2025-06-12 11:13:00,87.2
2025-06-12 14:56:00,24.1
2025-06-12 04:33:00,17.8
2025-06-12 02:34:00,23.6
2025-06-12 09:55:00,20.5
2025-06-12 09:21:00,6.2
2025-06-12 11:31:00,69.6
2025-06-12 17:08:00,54.4
2025-06-12 07:14:00,50.0812925170068
2025-06-12 03:22:00,60.8
2025-06-12 15:29:00,50.0812925170068
2025-06-12 12:52:00,98.4
2025-06-12 15:46:00,70.1
2025-06-12 05:15:00,82.2
2025-06-12 04:44:00,50.0812925170068
2025-06-12 05:24:00,67.1
2025-06-12 04:00:00,86.2
2025-06-12 06:40:00,84.8
2025-06-12 10:43:00,97.1
2025-06-12 14:32:00,50.0812925170068
2025-06-12 04:25:00,88.3
2025-06-12 08:18:00,48.8
2025-06-12 11:22:00,75.8
2025-06-12 03:34:00,36.9
2025-06-12 05:16:00,45.3
2025-06-12 11:26:00,41.4
2025-06-12 15:40:00,36.6
2025-06-12 22:06:00,1.3
2025-06-12 09:47:00,51.1
2025-06-12 16:48:00,49.0
2025-06-12 23:01:00,74.8
2025-06-12 23:31:00,50.0812925170068
2025-06-12 00:53:00,75.8
2025-06-12 18:39:00,50.0812925170068
2025-06-12 11:38:00,82.3
2025-06-12 15:35:00,39.6
2025-06-12 10:03:00,50.0812925170068
2025-06-12 13:47:00,65.8
2025-06-12 22:44:00,96.1
2025-06-12 10:13:00,8.3
2025-06-12 22:22:00,84.3
2025-06-12 01:36:00,33.4
2025-06-12 04:06:00,23.9
2025-06-12 10:13:00,27.7
2025-06-12 22:22:00,5.5
2025-06-12 17:59:00,98.7
2025-06-12 00:00:00,80.2
2025-06-12 20:20:00,49.63695830886671
2025-06-12 03:34:00,59.3
2025-06-12 00:42:00,85.0
2025-06-12 23:39:00,66.8
2025-06-12 12:06:00,99.2
2025-06-12 08:38:00,71.8
2025-06-12 03:32:00,71.7
2025-06-12 18:06:00,68.9
2025-06-12 18:19:00,79.7
2025-06-12 02:12:00,49.63695830886671
2025-06-12 08:47:00,58.8
2025-06-12 18:11:00,12.1
2025-06-12 23:32:00,16.6
2025-06-12 16:29:00,57.0
2025-06-12 21:03:00,6.0
2025-06-12 10:28:00,49.63695830886671
2025-06-12 07:00:00,61.4
2025-06-12 19:16:00,38.4
2025-06-12 19:36:00,87.8
2025-06-12 14:37:00,92.1
2025-06-12 11:17:00,28.7
2025-06-12 20:01:00,49.63695830886671
2025-06-12 09:16:00,36.2
2025-06-12 19:54:00,17.0
2025-06-12 11:49:00,18.3
2025-06-12 12:52:00,1.5
2025-06-12 10:39:00,49.63695830886671
2025-06-12 05:59:00,40.3
2025-06-12 22:59:00,75.3
2025-06-12 09:17:00,75.7
2025-06-12 01:51:00,20.8
2025-06-12 19:38:00,94.2
2025-06-12 11:33:00,26.7
2025-06-12 23:55:00,30.8
2025-06-12 15:52:00,48.9
2025-06-12 05:56:00,23.0
2025-06-12 16:22:00,13.3
2025-06-12 01:47:00,58.6
2025-06-12 12:54:00,32.4
2025-06-12 14:12:00,55.5
2025-06-12 06:31:00,38.8
2025-06-12 13:32:00,69.6
2025-06-12 16:21:00,68.3
2025-06-12 08:10:00,83.2
2025-06-12 21:05:00,82.2
2025-06-12 11:36:00,39.5
2025-06-12 10:04:00,60.1
2025-06-12 01:26:00,32.7
2025-06-12 22:49:00,57.3
2025-06-12 14:40:00,86.2
2025-06-12 05:32:00,37.4
2025-06-12 13:49:00,40.2
2025-06-12 16:28:00,39.0
2025-06-12 05:37:00,46.1
2025-06-12 03:14:00,76.4
2025-06-12 13:22:00,44.9
2025-06-12 03:35:00,30.6
2025-06-12 01:19:00,30.5
2025-06-12 22:35:00,38.8
2025-06-12 23:29:00,57.6
2025-06-12 13:50:00,18.6
2025-06-12 08:42:00,82.5
2025-06-12 07:50:00,72.7
2025-06-12 09:51:00,32.6
2025-06-12 02:05:00,84.4
2025-06-12 18:38:00,30.4
2025-06-12 00:11:00,72.1
2025-06-12 22:09:00,81.4
2025-06-12 11:46:00,68.5
2025-06-12 07:29:00,72.0
2025-06-12 05:38:00,19.7
2025-06-12 10:23:00,35.9
2025-06-12 11:20:00,36.1
2025-06-12 17:46:00,73.8
2025-06-12 17:38:00,50.3
2025-06-12 06:34:00,69.7
2025-06-12 08:22:00,86.0
2025-06-12 12:24:00,55.2
2025-06-12 07:39:00,0.9
2025-06-12 01:52:00,57.0
2025-06-12 00:14:00,1.5
2025-06-12 04:46:00,49.63695830886671
2025-06-12 22:11:00,49.63695830886671
2025-06-12 04:45:00,83.6
2025-06-12 19:46:00,49.63695830886671
2025-06-12 21:32:00,15.6
2025-06-12 05:24:00,47.4
2025-06-12 02:25:00,25.9
2025-06-12 10:14:00,33.7
2025-06-12 21:35:00,13.7
2025-06-12 07:43:00,67.5
2025-06-12 17:06:00,68.0
2025-06-12 10:07:00,80.2
2025-06-12 03:28:00,49.63695830886671
2025-06-12 08:49:00,21.3
2025-06-12 08:02:00,54.2
2025-06-12 07:42:00,15.5
2025-06-12 20:53:00,48.1
2025-06-12 13:17:00,13.4
2025-06-12 23:54:00,94.2
2025-06-12 03:49:00,66.8
2025-06-12 19:34:00,33.8
2025-06-12 01:40:00,8.0
2025-06-12 07:36:00,98.6
2025-06-12 23:14:00,49.63695830886671
2025-06-12 13:18:00,62.2
2025-06-12 20:33:00,85.0
2025-06-12 10:59:00,49.63695830886671
2025-06-12 06:06:00,89.3
2025-06-12 06:47:00,12.6
2025-06-12 05:44:00,36.2
2025-06-12 03:44:00,49.2
2025-06-12 07:09:00,59.6
2025-06-12 06:01:00,1.4
2025-06-12 13:27:00,22.6
2025-06-12 20:28:00,50.7
2025-06-12 01:17:00,67.7
2025-06-12 18:51:00,91.2
2025-06-12 13:47:00,49.63695830886671
2025-06-12 16:14:00,94.6
2025-06-12 17:53:00,50.1
2025-06-12 17:07:00,5.9
2025-06-12 09:14:00,28.1
2025-06-12 10:24:00,29.9
2025-06-12 08:46:00,72.3
2025-06-12 09:06:00,20.2
2025-06-12 22:12:00,82.4
2025-06-12 23:43:00,24.1
2025-06-12 09:41:00,34.0
2025-06-12 10:52:00,23.7
2025-06-12 00:05:00,10.7
2025-06-12 04:24:00,49.63695830886671
2025-06-12 00:27:00,88.5
2025-06-12 00:21:00,98.1
2025-06-12 10:45:00,2.2
2025-06-12 02:27:00,49.63695830886671
2025-06-12 17:56:00,78.2
2025-06-12 13:48:00,86.0
2025-06-12 00:47:00,45.2
2025-06-12 06:54:00,59.7
2025-06-12 11:08:00,83.0
2025-06-12 06:35:00,73.9
2025-06-12 20:24:00,3.6
2025-06-12 03:56:00,25.9
2025-06-12 02:00:00,86.6
2025-06-12 12:37:00,49.63695830886671
2025-06-12 08:32:00,27.9
2025-06-12 08:15:00,49.63695830886671
2025-06-12 18:50:00,7.1
2025-06-12 18:12:00,87.0
2025-06-12 08:41:00,38.1
2025-06-12 08:55:00,12.7
2025-06-12 07:52:00,1.9
2025-06-12 05:04:00,5.5
2025-06-12 09:39:00,61.9
2025-06-12 17:09:00,79.6
2025-06-12 01:44:00,49.63695830886671
2025-06-12 16:54:00,96.3
2025-06-12 01:56:00,49.63695830886671
2025-06-12 18:09:00,33.7
2025-06-12 10:19:00,73.8
2025-06-12 05:07:00,64.8
2025-06-12 15:55:00,56.1
2025-06-12 13:19:00,4.4
2025-06-12 07:44:00,84.0
2025-06-12 18:55:00,26.0
2025-06-12 20:07:00,21.8
2025-06-12 02:26:00,49.63695830886671
2025-06-12 16:34:00,75.7
2025-06-12 11:00:00,91.7
2025-06-12 00:49:00,49.63695830886671
2025-06-12 18:15:00,49.63695830886671
2025-06-12 19:05:00,87.6
2025-06-12 10:26:00,49.63695830886671
2025-06-12 11:37:00,7.2
2025-06-12 01:34:00,99.1
2025-06-12 06:18:00,92.7
2025-06-12 12:15:00,8.0
2025-06-12 05:51:00,52.4
2025-06-12 05:47:00,21.3
2025-06-12 06:32:00,26.3
2025-06-12 12:31:00,88.4
2025-06-12 11:05:00,56.6
2025-06-12 23:41:00,88.6
2025-06-12 16:15:00,49.63695830886671
2025-06-12 08:23:00,13.4
2025-06-12 05:33:00,37.4
2025-06-12 18:13:00,93.2
2025-06-12 08:44:00,65.1
2025-06-12 07:51:00,97.9
2025-06-12 00:58:00,6.8
2025-06-12 07:16:00,28.4
2025-06-12 04:43:00,49.63695830886671
2025-06-12 20:23:00,16.4
2025-06-12 12:23:00,55.8
2025-06-12 09:00:00,48.1
2025-06-12 21:46:00,91.9
2025-06-12 11:48:00,92.6
2025-06-12 18:21:00,28.9
2025-06-12 14:36:00,96.0
2025-06-12 14:22:00,68.9
2025-06-12 13:29:00,12.5
2025-06-12 17:11:00,49.63695830886671
2025-06-12 18:30:00,4.7
2025-06-12 01:27:00,81.7
2025-06-12 17:51:00,46.1
2025-06-12 21:30:00,60.1
2025-06-12 16:19:00,44.7
2025-06-12 02:07:00,43.6
2025-06-12 23:47:00,78.5
2025-06-12 02:47:00,80.6
2025-06-12 19:19:00,35.2
2025-06-12 21:04:00,0.2
2025-06-12 03:13:00,41.4
2025-06-12 15:14:00,53.6
2025-06-12 11:42:00,78.7
2025-06-12 02:06:00,22.9
2025-06-12 12:04:00,60.6
2025-06-12 08:13:00,49.1
2025-06-12 02:37:00,44.7
2025-06-12 16:24:00,39.5
2025-06-12 21:23:00,95.3
2025-06-12 00:15:00,58.2
2025-06-12 17:57:00,33.5
2025-06-12 16:31:00,10.5
2025-06-12 06:10:00,94.9
2025-06-12 10:06:00,49.63695830886671
2025-06-12 16:27:00,43.5
2025-06-12 15:38:00,47.3
2025-06-12 23:30:00,4.7
2025-06-12 11:39:00,49.63695830886671
2025-06-12 04:54:00,31.0
2025-06-12 00:59:00,54.1
2025-06-12 23:15:00,65.2
2025-06-12 10:57:00,88.0
2025-06-12 23:57:00,49.63695830886671
2025-06-12 14:13:00,49.63695830886671
2025-06-12 12:56:00,60.5
2025-06-12 02:41:00,49.63695830886671
2025-06-12 05:28:00,49.63695830886671
2025-06-12 13:05:00,17.6
2025-06-12 23:07:00,58.0
2025-06-12 12:51:00,47.5
2025-06-12 21:58:00,80.1
2025-06-12 01:58:00,32.4
2025-06-12 22:21:00,45.1
2025-06-12 02:20:00,69.2
2025-06-12 02:19:00,21.3
2025-06-12 07:49:00,91.4
2025-06-12 00:18:00,68.1
2025-06-12 14:07:00,72.7
2025-06-12 20:46:00,10.9
2025-06-12 07:46:00,27.2
2025-06-12 10:33:00,49.63695830886671
2025-06-12 22:08:00,4.1
2025-06-12 18:53:00,86.1
2025-06-12 07:17:00,20.7
2025-06-12 19:28:00,10.5
2025-06-12 19:21:00,68.8
2025-06-12 19:45:00,80.9
2025-06-12 16:51:00,70.0
2025-06-12 10:44:00,49.63695830886671
2025-06-12 08:43:00,52.5
2025-06-12 23:40:00,20.4
2025-06-12 01:25:00,87.4
2025-06-12 19:08:00,49.63695830886671
2025-06-12 12:12:00,19.1
2025-06-12 17:54:00,14.5
2025-06-12 11:59:00,90.3
2025-06-12 12:53:00,49.63695830886671
2025-06-12 13:02:00,6.4
2025-06-12 00:10:00,49.63695830886671
2025-06-12 03:26:00,23.7
2025-06-12 07:25:00,49.63695830886671
2025-06-12 10:36:00,66.0
2025-06-12 10:20:00,41.6
2025-06-12 07:23:00,12.2
2025-06-12 18:35:00,63.5
2025-06-12 22:01:00,75.3
2025-06-12 10:09:00,9.5
2025-06-12 15:41:00,87.9
2025-06-12 09:23:00,94.4
2025-06-12 17:02:00,79.7
2025-06-12 10:01:00,49.63695830886671
2025-06-12 12:40:00,80.2
2025-06-12 11:03:00,80.6
2025-06-12 19:20:00,75.6
2025-06-12 04:55:00,75.2
2025-06-12 02:35:00,29.6
2025-06-12 16:39:00,88.1
2025-06-12 09:02:00,40.5
2025-06-12 14:42:00,47.3
2025-06-12 22:24:00,81.7
2025-06-12 21:42:00,49.63695830886671
2025-06-12 08:00:00,56.7
2025-06-12 13:54:00,61.9
2025-06-12 07:27:00,94.4
2025-06-12 08:39:00,47.7
2025-06-12 18:42:00,99.0
2025-06-12 04:58:00,49.63695830886671
2025-06-12 11:18:00,4.9
2025-06-12 10:32:00,22.2
2025-06-12 10:18:00,83.8
2025-06-12 18:45:00,84.2
2025-06-12 22:05:00,16.8
2025-06-12 06:58:00,49.63695830886671
2025-06-12 11:16:00,60.1
2025-06-12 07:48:00,61.9
2025-06-12 13:46:00,30.6
2025-06-12 09:58:00,1.1
2025-06-12 17:34:00,38.9
2025-06-12 20:31:00,49.63695830886671
2025-06-12 09:22:00,89.7
2025-06-12 05:52:00,96.4
2025-06-12 18:29:00,47.4
2025-06-12 05:38:00,50.5
2025-06-12 23:34:00,78.6
2025-06-12 13:37:00,30.9
2025-06-12 01:40:00,45.2
2025-06-12 18:50:00,96.0
2025-06-12 15:59:00,67.0
2025-06-12 04:05:00,96.9
2025-06-12 21:51:00,58.2
2025-06-12 20:03:00,72.9
2025-06-12 01:23:00,58.2
2025-06-12 12:48:00,50.41405513666353
2025-06-12 17:38:00,12.5
2025-06-12 19:45:00,53.5
2025-06-12 10:55:00,38.2
2025-06-12 17:52:00,1.5
2025-06-12 06:29:00,47.1
2025-06-12 02:06:00,16.1
2025-06-12 21:26:00,15.4
2025-06-12 00:50:00,88.4
2025-06-12 08:39:00,95.1
2025-06-12 06:22:00,99.4
2025-06-12 06:05:00,50.41405513666353
2025-06-12 01:37:00,40.5
2025-06-12 03:30:00,76.5
2025-06-12 20:29:00,4.6
2025-06-12 01:34:00,15.7
2025-06-12 19:24:00,92.7
2025-06-12 08:12:00,97.5
2025-06-12 01:16:00,99.5
2025-06-12 09:50:00,11.5
2025-06-12 06:23:00,89.4
2025-06-12 13:16:00,47.4
2025-06-12 04:07:00,58.2
2025-06-12 05:41:00,56.5
2025-06-12 21:54:00,42.8
2025-06-12 08:47:00,94.6
2025-06-12 21:47:00,95.6
2025-06-12 03:05:00,28.7
2025-06-12 21:27:00,39.6
2025-06-12 20:30:00,51.1
2025-06-12 10:06:00,9.4
2025-06-12 11:25:00,50.41405513666353
2025-06-12 16:26:00,93.5
2025-06-12 13:24:00,60.6
2025-06-12 20:42:00,51.7
2025-06-12 04:10:00,71.7
2025-06-12 16:16:00,81.0
2025-06-12 14:49:00,19.7
2025-06-12 21:39:00,84.2
2025-06-12 13:32:00,64.6
2025-06-12 15:55:00,66.9
2025-06-12 22:45:00,50.41405513666353
2025-06-12 17:07:00,50.41405513666353
2025-06-12 21:18:00,83.9
2025-06-12 13:01:00,44.3
2025-06-12 09:02:00,33.7
2025-06-12 08:50:00,50.41405513666353
2025-06-12 17:15:00,63.7
2025-06-12 19:26:00,50.41405513666353
2025-06-12 11:19:00,85.7
2025-06-12 07:20:00,33.1
2025-06-12 11:51:00,50.41405513666353
2025-06-12 10:49:00,98.3
2025-06-12 23:09:00,8.0
2025-06-12 05:45:00,50.41405513666353
2025-06-12 08:31:00,100.0
2025-06-12 20:41:00,51.2
2025-06-12 00:07:00,0.7
2025-06-12 15:13:00,99.2
2025-06-12 19:22:00,97.8
2025-06-12 18:24:00,27.6
2025-06-12 21:07:00,40.6
2025-06-12 08:04:00,16.1
2025-06-12 01:30:00,15.9
2025-06-12 22:59:00,44.0
2025-06-12 21:15:00,64.9
2025-06-12 14:39:00,12.9
2025-06-12 19:47:00,51.4
2025-06-12 12:00:00,18.5
2025-06-12 02:49:00,27.7
2025-06-12 23:12:00,94.2
2025-06-12 14:47:00,83.1
2025-06-12 20:51:00,75.4
2025-06-12 01:56:00,13.9
2025-06-12 09:45:00,81.7
2025-06-12 13:10:00,50.41405513666353
2025-06-12 13:17:00,45.7
2025-06-12 16:44:00,68.9
2025-06-12 17:58:00,31.7
2025-06-12 06:43:00,92.9
2025-06-12 07:39:00,60.3
2025-06-12 10:59:00,79.4
2025-06-12 08:11:00,30.1
2025-06-12 17:09:00,79.7
2025-06-12 22:29:00,62.9
2025-06-12 12:45:00,32.8
2025-06-12 15:46:00,50.41405513666353
2025-06-12 05:33:00,89.8
2025-06-12 15:17:00,71.9
2025-06-12 01:15:00,99.8
2025-06-12 06:49:00,4.8
2025-06-12 07:46:00,93.3
2025-06-12 18:10:00,88.6
2025-06-12 23:19:00,13.3
2025-06-12 17:01:00,23.8
2025-06-12 03:06:00,47.1
2025-06-12 06:42:00,48.9
2025-06-12 16:04:00,57.8
2025-06-12 17:56:00,4.2
2025-06-12 22:31:00,32.8
2025-06-12 17:34:00,84.0
2025-06-12 17:28:00,50.41405513666353
2025-06-12 05:00:00,49.5
2025-06-12 18:09:00,21.0
2025-06-12 09:00:00,80.3
2025-06-12 08:15:00,15.8
2025-06-12 16:28:00,63.6
2025-06-12 03:59:00,50.41405513666353
2025-06-12 20:07:00,32.3
2025-06-12 04:46:00,7.9
2025-06-12 12:38:00,30.1
2025-06-12 20:12:00,70.6
2025-06-12 10:45:00,27.5
2025-06-12 19:53:00,56.6
2025-06-12 12:21:00,70.9
2025-06-12 14:13:00,50.41405513666353
2025-06-12 07:57:00,5.6
2025-06-12 22:52:00,82.6
2025-06-12 14:08:00,56.0
2025-06-12 05:02:00,39.2
2025-06-12 13:02:00,7.3
2025-06-12 04:59:00,94.7
2025-06-12 18:48:00,1.6
2025-06-12 08:07:00,50.41405513666353
2025-06-12 09:20:00,68.0
2025-06-12 01:54:00,16.4
2025-06-12 10:39:00,6.8
2025-06-12 06:53:00,2.3
2025-06-12 11:59:00,52.0
2025-06-12 00:34:00,45.6
2025-06-12 00:20:00,22.1
2025-06-12 21:19:00,98.7
2025-06-12 16:15:00,96.7
2025-06-12 01:27:00,50.41405513666353
2025-06-12 17:26:00,12.1
2025-06-12 14:58:00,22.2
2025-06-12 08:57:00,83.7
2025-06-12 08:52:00,67.8
2025-06-12 01:02:00,68.0
2025-06-12 18:13:00,41.3
2025-06-12 14:11:00,39.8
2025-06-12 00:19:00,44.8
2025-06-12 20:18:00,91.1
2025-06-12 08:34:00,40.4
2025-06-12 04:43:00,50.41405513666353
2025-06-12 04:40:00,5.2
2025-06-12 04:26:00,32.3
2025-06-12 22:48:00,50.41405513666353
2025-06-12 21:11:00,57.1
2025-06-12 12:17:00,42.8
2025-06-12 22:20:00,19.1
2025-06-12 22:23:00,30.2
2025-06-12 06:40:00,33.4
2025-06-12 12:57:00,39.6
2025-06-12 11:06:00,78.9
2025-06-12 01:49:00,20.1
2025-06-12 05:34:00,81.1
2025-06-12 16:22:00,34.4
2025-06-12 04:56:00,18.9
2025-06-12 23:20:00,34.5
2025-06-12 23:16:00,58.0
2025-06-12 06:51:00,3.2
2025-06-12 16:00:00,20.9
2025-06-12 10:23:00,3.2
2025-06-12 17:00:00,86.5
2025-06-12 20:11:00,90.5
2025-06-12 23:48:00,2.4
2025-06-12 01:51:00,17.6
2025-06-12 11:55:00,14.7
2025-06-12 23:39:00,3.2
2025-06-12 21:03:00,41.5
2025-06-12 18:47:00,12.8
2025-06-12 11:07:00,51.2
2025-06-12 21:10:00,2.0
2025-06-12 03:46:00,23.2
2025-06-12 11:32:00,68.2
2025-06-12 02:34:00,35.8
2025-06-12 07:49:00,47.9
2025-06-12 13:19:00,64.2
2025-06-12 01:03:00,49.4
2025-06-12 13:54:00,94.9
2025-06-12 06:54:00,61.1
2025-06-12 17:03:00,81.7
2025-06-12 12:58:00,4.2
2025-06-12 20:17:00,62.8
2025-06-12 07:38:00,31.6
2025-06-12 06:44:00,24.8
2025-06-12 09:54:00,81.2
2025-06-12 11:24:00,14.9
2025-06-12 10:43:00,25.5
2025-06-12 17:35:00,50.41405513666353
2025-06-12 07:11:00,50.41405513666353
2025-06-12 17:21:00,27.4
2025-06-12 01:44:00,47.8
2025-06-12 09:39:00,63.2
2025-06-12 20:08:00,14.9
2025-06-12 16:38:00,13.3
2025-06-12 08:54:00,88.6
2025-06-12 15:35:00,47.7
2025-06-12 16:25:00,8.6
2025-06-12 02:05:00,74.9
2025-06-12 05:42:00,35.2
2025-06-12 06:59:00,50.41405513666353
2025-06-12 13:08:00,46.2
2025-06-12 23:14:00,43.7
2025-06-12 01:53:00,24.6
2025-06-12 22:09:00,64.0
2025-06-12 06:57:00,86.5
2025-06-12 04:53:00,50.41405513666353
2025-06-12 07:16:00,70.8
2025-06-12 21:56:00,69.7
2025-06-12 06:58:00,27.1
2025-06-12 20:33:00,61.5
2025-06-12 18:54:00,77.5
2025-06-12 13:20:00,23.5
2025-06-12 20:23:00,44.5
2025-06-12 03:44:00,50.41405513666353
2025-06-12 04:22:00,76.8
2025-06-12 23:43:00,5.6
2025-06-12 19:34:00,85.3
2025-06-12 18:38:00,46.4
2025-06-12 12:50:00,66.7
2025-06-12 02:51:00,66.2
2025-06-12 05:48:00,7.6
2025-06-12 20:46:00,20.1
2025-06-12 22:06:00,17.7
2025-06-12 03:36:00,84.0
2025-06-12 14:31:00,86.5
2025-06-12 02:21:00,50.41405513666353
2025-06-12 15:08:00,70.5
2025-06-12 05:26:00,74.1
2025-06-12 15:27:00,90.6
2025-06-12 00:25:00,0.4
2025-06-12 00:05:00,33.5
2025-06-12 07:13:00,37.8
2025-06-12 22:21:00,84.3
2025-06-12 00:38:00,17.6
2025-06-12 02:43:00,29.8
2025-06-12 20:26:00,50.41405513666353
2025-06-12 17:45:00,31.5
2025-06-12 21:05:00,67.5
2025-06-12 00:15:00,92.2
2025-06-12 15:22:00,88.5
2025-06-12 06:16:00,49.2
2025-06-12 15:47:00,15.1
2025-06-12 04:57:00,48.8
2025-06-12 13:46:00,53.9
2025-06-12 05:44:00,50.41405513666353
2025-06-12 07:18:00,50.41405513666353
2025-06-12 02:56:00,50.41405513666353
2025-06-12 14:22:00,68.5
2025-06-12 04:01:00,50.41405513666353
2025-06-12 22:37:00,26.7
2025-06-12 15:09:00,38.7
2025-06-12 20:37:00,59.4
2025-06-12 11:42:00,87.1
2025-06-12 14:51:00,50.41405513666353
2025-06-12 23:35:00,25.5
2025-06-12 12:10:00,41.5
2025-06-12 07:02:00,12.6
2025-06-12 02:59:00,59.2
2025-06-12 15:02:00,72.5
2025-06-12 00:21:00,0.0
2025-06-12 13:06:00,77.1
2025-06-12 23:06:00,45.4
2025-06-12 15:18:00,27.5
2025-06-12 00:33:00,30.5
2025-06-12 19:09:00,89.7
2025-06-12 06:01:00,73.5
2025-06-12 07:37:00,12.1
2025-06-12 22:50:00,3.3
2025-06-12 13:09:00,19.6
2025-06-12 02:17:00,94.8
2025-06-12 23:57:00,34.3
2025-06-12 06:40:00,35.0
2025-06-12 06:37:00,48.3
2025-06-12 22:42:00,74.7
2025-06-12 00:07:00,9.4
2025-06-12 17:37:00,79.8
2025-06-12 09:59:00,11.9
2025-06-12 12:23:00,96.2
2025-06-12 02:09:00,49.776157380139004
2025-06-12 00:24:00,8.4
2025-06-12 15:24:00,42.3
2025-06-12 01:11:00,6.2
2025-06-12 08:46:00,71.6
2025-06-12 07:13:00,43.7
2025-06-12 18:24:00,81.0
2025-06-12 14:10:00,47.0
2025-06-12 21:08:00,39.9
2025-06-12 07:03:00,14.3
2025-06-12 09:53:00,7.7
2025-06-12 21:58:00,67.5
2025-06-12 10:08:00,18.4
2025-06-12 09:01:00,46.7
2025-06-12 16:26:00,57.2
2025-06-12 09:31:00,27.5
2025-06-12 23:42:00,69.0
2025-06-12 03:30:00,43.6
2025-06-12 23:59:00,30.3
2025-06-12 13:16:00,25.4
2025-06-12 07:29:00,68.3
2025-06-12 22:14:00,49.776157380139004
2025-06-12 14:03:00,20.5
2025-06-12 02:01:00,56.2
2025-06-12 15:58:00,49.776157380139004
2025-06-12 13:21:00,26.8
2025-06-12 02:27:00,12.2
2025-06-12 19:32:00,13.6
2025-06-12 08:57:00,49.776157380139004
2025-06-12 06:55:00,91.5
2025-06-12 03:04:00,2.0
2025-06-12 05:27:00,53.6
2025-06-12 14:15:00,49.776157380139004
2025-06-12 10:14:00,24.5
2025-06-12 14:01:00,89.8
2025-06-12 17:23:00,49.776157380139004
2025-06-12 04:49:00,23.1
2025-06-12 21:09:00,70.8
2025-06-12 21:05:00,62.0
2025-06-12 14:34:00,44.4
2025-06-12 15:41:00,16.3
2025-06-12 13:52:00,78.6
2025-06-12 19:04:00,32.8
2025-06-12 15:01:00,41.9
2025-06-12 07:05:00,28.5
2025-06-12 00:46:00,49.776157380139004
2025-06-12 04:56:00,49.0
2025-06-12 12:16:00,45.0
2025-06-12 12:37:00,49.776157380139004
2025-06-12 13:28:00,44.2
2025-06-12 14:28:00,90.1
2025-06-12 04:37:00,66.8
2025-06-12 23:26:00,40.1
2025-06-12 10:03:00,49.776157380139004
2025-06-12 09:56:00,92.9
2025-06-12 13:31:00,9.0
2025-06-12 04:32:00,70.1
2025-06-12 23:18:00,43.2
2025-06-12 05:18:00,71.4
2025-06-12 07:50:00,95.4
2025-06-12 07:54:00,74.3
2025-06-12 00:17:00,28.7
2025-06-12 01:51:00,65.8
2025-06-12 17:55:00,56.7
2025-06-12 13:42:00,7.2
2025-06-12 13:04:00,59.7
2025-06-12 04:22:00,57.1
2025-06-12 12:18:00,45.2
2025-06-12 16:19:00,44.8
2025-06-12 18:37:00,29.5
2025-06-12 14:54:00,35.1
2025-06-12 20:31:00,87.7
2025-06-12 22:40:00,51.3
2025-06-12 10:43:00,99.5
2025-06-12 14:17:00,2.5
2025-06-12 12:33:00,90.9
2025-06-12 07:38:00,64.8
2025-06-12 23:43:00,25.6
2025-06-12 13:49:00,60.9
2025-06-12 15:35:00,49.776157380139004
2025-06-12 06:08:00,81.9
2025-06-12 01:35:00,49.776157380139004
2025-06-12 01:14:00,17.8
2025-06-12 08:45:00,47.4
2025-06-12 21:48:00,57.2
2025-06-12 07:28:00,88.3
2025-06-12 09:32:00,49.776157380139004
2025-06-12 18:30:00,49.776157380139004
2025-06-12 19:46:00,83.5
2025-06-12 21:35:00,34.0
2025-06-12 02:48:00,45.5
2025-06-12 09:27:00,34.9
2025-06-12 18:54:00,65.4
2025-06-12 08:00:00,70.3
2025-06-12 18:36:00,43.9
2025-06-12 20:23:00,19.8
2025-06-12 05:46:00,58.8
2025-06-12 04:41:00,34.3
2025-06-12 01:49:00,49.776157380139004
2025-06-12 02:07:00,23.1
2025-06-12 03:48:00,97.5
2025-06-12 11:21:00,22.0
2025-06-12 07:18:00,49.776157380139004
2025-06-12 12:28:00,62.7
2025-06-12 03:10:00,2.9
2025-06-12 23:19:00,72.6
2025-06-12 18:04:00,63.0
2025-06-12 22:30:00,39.9
2025-06-12 09:29:00,6.7
2025-06-12 06:15:00,0.5
2025-06-12 15:02:00,53.6
2025-06-12 03:20:00,79.8
2025-06-12 04:45:00,77.9
2025-06-12 17:31:00,50.8
2025-06-12 18:31:00,90.4
2025-06-12 17:50:00,16.9
2025-06-12 03:17:00,44.7
2025-06-12 12:13:00,54.7
2025-06-12 19:16:00,95.5
2025-06-12 11:35:00,38.1
2025-06-12 00:03:00,26.4
2025-06-12 06:35:00,87.0
2025-06-12 00:04:00,89.7
2025-06-12 17:05:00,32.9
2025-06-12 02:31:00,49.776157380139004
2025-06-12 01:17:00,21.2
2025-06-12 16:24:00,11.9
2025-06-12 04:19:00,16.4
2025-06-12 08:40:00,50.2
2025-06-12 13:08:00,70.6
2025-06-12 01:33:00,40.5
2025-06-12 18:03:00,96.1
2025-06-12 21:21:00,14.0
2025-06-12 15:45:00,66.7
2025-06-12 17:04:00,59.7
2025-06-12 16:39:00,44.5
2025-06-12 07:39:00,49.776157380139004
2025-06-12 04:30:00,85.1
2025-06-12 04:52:00,48.8
2025-06-12 21:18:00,29.3
2025-06-12 09:49:00,11.5
2025-06-12 17:46:00,58.0
2025-06-12 08:31:00,91.2
2025-06-12 13:19:00,91.0
2025-06-12 21:02:00,96.4
2025-06-12 15:28:00,4.4
2025-06-12 20:08:00,61.8
2025-06-12 17:11:00,91.8
2025-06-12 10:53:00,30.5
2025-06-12 15:32:00,49.776157380139004
2025-06-12 23:20:00,24.3
2025-06-12 20:34:00,28.7
2025-06-12 01:45:00,4.1
2025-06-12 13:00:00,49.776157380139004
2025-06-12 22:32:00,15.0
2025-06-12 12:19:00,49.776157380139004
2025-06-12 04:59:00,0.7
2025-06-12 18:19:00,24.0
2025-06-12 05:00:00,28.1
2025-06-12 00:57:00,49.776157380139004
2025-06-12 07:14:00,49.776157380139004
2025-06-12 19:48:00,5.3
2025-06-12 00:25:00,49.776157380139004
2025-06-12 00:28:00,73.1
2025-06-12 16:13:00,49.776157380139004
2025-06-12 20:49:00,15.2
2025-06-12 22:21:00,48.0
2025-06-12 14:36:00,79.4
2025-06-12 17:32:00,8.9
2025-06-12 15:50:00,44.1
2025-06-12 11:37:00,52.0
2025-06-12 10:52:00,42.7
2025-06-12 10:19:00,46.3
2025-06-12 00:32:00,57.4
2025-06-12 19:44:00,88.3
2025-06-12 19:12:00,95.1
2025-06-12 01:37:00,71.0
2025-06-12 20:20:00,90.9
2025-06-12 22:41:00,49.776157380139004
2025-06-12 21:54:00,50.0
2025-06-12 00:42:00,30.9
2025-06-12 23:35:00,49.776157380139004
2025-06-12 05:57:00,93.1
2025-06-12 20:24:00,83.6
2025-06-12 02:08:00,40.0
2025-06-12 01:27:00,98.0
2025-06-12 22:22:00,63.2
2025-06-12 22:48:00,49.776157380139004
2025-06-12 16:51:00,26.7
2025-06-12 13:17:00,1.1
2025-06-12 02:28:00,96.7
2025-06-12 14:08:00,66.5
2025-06-12 12:01:00,35.8
2025-06-12 08:39:00,85.8
2025-06-12 03:32:00,43.9
2025-06-12 00:22:00,64.2
2025-06-12 18:44:00,49.3
2025-06-12 11:10:00,51.8
2025-06-12 12:56:00,96.9
2025-06-12 06:33:00,85.8
2025-06-12 13:07:00,10.6
2025-06-12 11:47:00,90.3
2025-06-12 08:48:00,74.5
2025-06-12 13:58:00,52.7
2025-06-12 04:07:00,28.2
2025-06-12 06:36:00,98.7
2025-06-12 18:22:00,85.0
2025-06-12 22:03:00,49.776157380139004
2025-06-12 16:20:00,82.4
2025-06-12 12:08:00,23.7
2025-06-12 15:39:00,49.776157380139004
2025-06-12 05:31:00,49.3
2025-06-12 13:40:00,19.7
2025-06-12 22:37:00,95.4
2025-06-12 08:01:00,5.2
2025-06-12 20:00:00,19.9
2025-06-12 20:02:00,63.8
2025-06-12 14:20:00,62.3
2025-06-12 23:14:00,71.3
2025-06-12 04:38:00,43.0
2025-06-12 18:34:00,35.3
2025-06-12 21:51:00,19.5
2025-06-12 18:33:00,25.6
2025-06-12 20:16:00,49.776157380139004
2025-06-12 19:53:00,71.5
2025-06-12 10:16:00,36.0
2025-06-12 14:32:00,49.776157380139004
2025-06-12 00:00:00,68.3
2025-06-12 20:09:00,11.4
2025-06-12 17:02:00,85.9
2025-06-12 18:11:00,49.776157380139004
2025-06-12 05:11:00,56.1
2025-06-12 06:58:00,64.7
2025-06-12 21:17:00,67.2
2025-06-12 21:15:00,49.776157380139004
2025-06-12 15:23:00,49.1
2025-06-12 12:34:00,45.6
2025-06-12 04:06:00,66.8
2025-06-12 12:49:00,65.9
2025-06-12 04:54:00,3.3
2025-06-12 22:27:00,26.9
2025-06-12 06:03:00,58.2
2025-06-12 13:44:00,4.3
2025-06-12 19:23:00,11.1
2025-06-12 05:44:00,49.776157380139004
2025-06-12 21:56:00,34.9
2025-06-12 14:13:00,49.776157380139004
2025-06-12 10:35:00,3.4
2025-06-12 06:54:00,49.776157380139004
2025-06-12 18:50:00,65.8
2025-06-12 16:56:00,24.3
2025-06-12 04:29:00,77.6
2025-06-12 19:22:00,82.6
2025-06-12 21:13:00,3.9
2025-06-12 06:16:00,59.7
2025-06-12 18:38:00,49.776157380139004
2025-06-12 12:09:00,33.4
2025-06-12 13:39:00,72.2
2025-06-12 22:58:00,1.3
2025-06-12 19:27:00,8.8
2025-06-12 02:24:00,61.3
2025-06-12 13:11:00,59.5
2025-06-12 01:59:00,60.4
2025-06-12 06:17:00,31.1
2025-06-12 10:36:00,10.0
2025-06-12 19:51:00,98.8
2025-06-12 11:27:00,49.776157380139004
2025-06-12 14:04:00,84.5
2025-06-12 12:05:00,49.776157380139004
2025-06-12 14:29:00,62.6
2025-06-12 16:52:00,22.4
2025-06-12 16:06:00,74.1
2025-06-12 02:50:00,65.4
2025-06-12 23:09:00,92.5
2025-06-12 12:42:00,33.8
2025-06-12 01:29:00,46.9
2025-06-12 18:16:00,95.0
2025-06-12 07:13:00,35.6
2025-06-12 11:14:00,85.0
2025-06-12 15:09:00,49.81767540251498
2025-06-12 21:47:00,32.2
2025-06-12 18:36:00,12.9
2025-06-12 06:57:00,49.81767540251498
2025-06-12 13:26:00,18.0
2025-06-12 09:26:00,26.7
2025-06-12 22:24:00,84.6
2025-06-12 22:11:00,59.4
2025-06-12 23:13:00,35.1
2025-06-12 11:01:00,25.0
2025-06-12 09:32:00,6.9
2025-06-12 06:36:00,49.81767540251498
2025-06-12 23:05:00,71.4
2025-06-12 19:18:00,98.1
2025-06-12 16:37:00,17.1
2025-06-12 05:15:00,66.6
2025-06-12 17:51:00,49.81767540251498
2025-06-12 03:19:00,49.81767540251498
2025-06-12 18:07:00,33.9
2025-06-12 03:58:00,56.9
2025-06-12 16:19:00,49.81767540251498
2025-06-12 04:24:00,74.8
2025-06-12 07:18:00,93.8
2025-06-12 04:13:00,38.3
2025-06-12 07:24:00,72.4
2025-06-12 20:54:00,69.4
2025-06-12 23:57:00,64.6
2025-06-12 22:44:00,83.6
2025-06-12 02:56:00,66.7
2025-06-12 10:59:00,31.8
2025-06-12 04:28:00,71.6
2025-06-12 12:40:00,55.2
2025-06-12 06:40:00,24.5
2025-06-12 23:53:00,29.2
2025-06-12 20:52:00,33.1
2025-06-12 06:37:00,49.81767540251498
2025-06-12 18:34:00,29.3
2025-06-12 01:45:00,40.5
2025-06-12 11:33:00,31.4
2025-06-12 00:31:00,87.1
2025-06-12 06:19:00,41.8
2025-06-12 17:02:00,0.4
2025-06-12 05:43:00,0.3
2025-06-12 01:16:00,49.81767540251498
2025-06-12 12:30:00,47.9
2025-06-12 04:01:00,35.4
2025-06-12 23:34:00,11.3
2025-06-12 21:48:00,38.5
2025-06-12 13:37:00,60.0
2025-06-12 07:33:00,50.4
2025-06-12 02:22:00,20.3
2025-06-12 08:38:00,95.0
2025-06-12 02:33:00,49.81767540251498
2025-06-12 14:05:00,27.1
2025-06-12 19:53:00,82.6
2025-06-12 07:51:00,24.2
2025-06-12 19:38:00,48.5
2025-06-12 19:43:00,44.9
2025-06-12 11:57:00,40.0
2025-06-12 03:53:00,74.3
2025-06-12 01:59:00,49.81767540251498
2025-06-12 08:47:00,49.81767540251498
2025-06-12 02:59:00,35.5
2025-06-12 09:59:00,92.4
2025-06-12 10:26:00,15.8
2025-06-12 23:02:00,70.6
2025-06-12 07:35:00,35.9
2025-06-12 03:14:00,30.4
2025-06-12 20:04:00,59.2
2025-06-12 08:34:00,69.0
2025-06-12 08:07:00,49.81767540251498
2025-06-12 14:08:00,13.7
2025-06-12 06:38:00,12.3
2025-06-12 07:11:00,88.7
2025-06-12 00:35:00,63.8
2025-06-12 22:07:00,33.9
2025-06-12 12:29:00,72.2
2025-06-12 23:51:00,60.1
2025-06-12 15:00:00,49.81767540251498
2025-06-12 16:03:00,77.7
2025-06-12 16:07:00,30.1
2025-06-12 07:30:00,37.7
2025-06-12 14:03:00,98.8
2025-06-12 21:23:00,49.81767540251498
2025-06-12 16:40:00,97.1
2025-06-12 11:36:00,29.3
2025-06-12 09:20:00,65.9
2025-06-12 19:21:00,99.3
2025-06-12 07:15:00,3.8
2025-06-12 11:43:00,25.0
2025-06-12 23:30:00,66.8
2025-06-12 01:35:00,42.8
2025-06-12 07:45:00,55.2
2025-06-12 01:30:00,68.1
2025-06-12 06:53:00,31.0
2025-06-12 20:45:00,62.4
2025-06-12 01:56:00,69.0
2025-06-12 06:05:00,28.4
2025-06-12 13:48:00,27.4
2025-06-12 07:27:00,48.4
2025-06-12 20:16:00,82.9
2025-06-12 18:19:00,26.8
2025-06-12 10:05:00,43.6
2025-06-12 07:57:00,78.1
2025-06-12 05:59:00,3.8
2025-06-12 23:01:00,90.4
2025-06-12 00:54:00,99.2
2025-06-12 17:57:00,60.7
2025-06-12 00:11:00,49.5
2025-06-12 01:20:00,37.0
2025-06-12 20:59:00,54.7
2025-06-12 09:09:00,49.81767540251498
2025-06-12 02:10:00,7.9
2025-06-12 05:28:00,81.9
2025-06-12 12:22:00,19.2
2025-06-12 22:57:00,67.7
2025-06-12 12:19:00,28.8
2025-06-12 16:17:00,23.1
2025-06-12 03:39:00,19.0
2025-06-12 08:29:00,56.6
2025-06-12 19:15:00,94.9
2025-06-12 13:16:00,83.0
2025-06-12 20:53:00,96.6
2025-06-12 14:09:00,80.5
2025-06-12 16:34:00,49.81767540251498
2025-06-12 12:45:00,88.0
2025-06-12 04:25:00,39.7
2025-06-12 09:19:00,32.5
2025-06-12 14:29:00,52.8
2025-06-12 05:19:00,8.5
2025-06-12 16:14:00,52.2
2025-06-12 01:28:00,40.7
2025-06-12 08:57:00,84.7
2025-06-12 08:25:00,39.8
2025-06-12 21:32:00,39.3
2025-06-12 10:03:00,7.9
2025-06-12 07:47:00,5.4
2025-06-12 17:44:00,95.8
2025-06-12 18:02:00,49.81767540251498
2025-06-12 14:28:00,69.3
2025-06-12 17:23:00,49.81767540251498
2025-06-12 07:52:00,32.4
2025-06-12 11:00:00,72.1
2025-06-12 23:21:00,52.7
2025-06-12 04:35:00,46.2
2025-06-12 17:19:00,79.4
2025-06-12 07:55:00,49.81767540251498
2025-06-12 02:36:00,49.81767540251498
2025-06-12 04:11:00,12.9
2025-06-12 01:11:00,83.6
2025-06-12 00:07:00,51.8
2025-06-12 08:33:00,49.81767540251498
2025-06-12 16:11:00,1.5
2025-06-12 01:26:00,40.2
2025-06-12 21:20:00,45.6
2025-06-12 13:54:00,14.0
2025-06-12 11:39:00,69.6
2025-06-12 16:20:00,49.81767540251498
2025-06-12 14:58:00,82.4
2025-06-12 10:15:00,67.1
2025-06-12 13:41:00,81.0
2025-06-12 01:15:00,49.81767540251498
2025-06-12 11:40:00,92.1
2025-06-12 09:03:00,88.1
2025-06-12 03:09:00,18.5
2025-06-12 03:15:00,20.1
2025-06-12 12:26:00,29.5
2025-06-12 04:52:00,49.81767540251498
2025-06-12 19:32:00,61.0
2025-06-12 19:02:00,54.3
2025-06-12 09:29:00,72.6
2025-06-12 02:43:00,72.5
2025-06-12 00:19:00,84.5
2025-06-12 20:57:00,50.7
2025-06-12 00:10:00,25.9
2025-06-12 20:15:00,90.8
2025-06-12 13:34:00,13.7
2025-06-12 04:34:00,7.4
2025-06-12 20:11:00,49.81767540251498
2025-06-12 13:21:00,49.81767540251498
2025-06-12 23:00:00,47.1
2025-06-12 05:12:00,82.0
2025-06-12 12:49:00,26.1
2025-06-12 16:38:00,49.81767540251498
2025-06-12 16:27:00,49.81767540251498
2025-06-12 21:40:00,26.9
2025-06-12 05:25:00,53.2
2025-06-12 01:44:00,95.3
2025-06-12 22:58:00,96.4
2025-06-12 08:05:00,15.6
2025-06-12 22:59:00,49.81767540251498
2025-06-12 22:49:00,67.9
2025-06-12 21:02:00,49.81767540251498
2025-06-12 11:58:00,86.8
2025-06-12 06:23:00,58.9
2025-06-12 11:26:00,49.81767540251498
2025-06-12 09:11:00,62.5
2025-06-12 21:37:00,81.4
2025-06-12 16:55:00,49.81767540251498
2025-06-12 02:03:00,93.7
2025-06-12 13:51:00,47.8
2025-06-12 01:33:00,86.0
2025-06-12 18:06:00,0.6
2025-06-12 19:23:00,49.81767540251498
2025-06-12 18:35:00,13.1
2025-06-12 08:44:00,23.1
2025-06-12 05:50:00,49.81767540251498
2025-06-12 14:06:00,95.1
2025-06-12 05:42:00,98.3
2025-06-12 00:18:00,60.7
2025-06-12 21:16:00,7.2
2025-06-12 19:24:00,61.6
2025-06-12 08:00:00,70.3
2025-06-12 01:25:00,58.1
2025-06-12 02:27:00,49.81767540251498
2025-06-12 05:33:00,24.8
2025-06-12 10:55:00,45.4
2025-06-12 18:55:00,63.7
2025-06-12 23:55:00,49.81767540251498
2025-06-12 12:58:00,49.81767540251498
2025-06-12 06:22:00,49.81767540251498
2025-06-12 09:21:00,94.4
2025-06-12 17:15:00,48.1
2025-06-12 16:29:00,0.6
2025-06-12 13:35:00,87.0
2025-06-12 20:34:00,92.1
2025-06-12 14:36:00,40.7
2025-06-12 00:21:00,24.2
2025-06-12 17:03:00,21.6
2025-06-12 01:54:00,91.9
2025-06-12 16:59:00,34.7
2025-06-12 18:50:00,7.6
2025-06-12 09:13:00,10.8
2025-06-12 23:48:00,35.9
2025-06-12 16:04:00,54.8
2025-06-12 20:08:00,89.1
2025-06-12 19:47:00,66.8
2025-06-12 18:00:00,0.4
2025-06-12 10:14:00,23.3
2025-06-12 04:51:00,86.6
2025-06-12 17:49:00,16.7
2025-06-12 05:24:00,93.4
2025-06-12 16:42:00,9.7
2025-06-12 12:01:00,80.0
2025-06-12 12:15:00,91.9
2025-06-12 14:24:00,49.81767540251498
2025-06-12 11:12:00,37.3
2025-06-12 23:40:00,61.1
2025-06-12 09:05:00,97.0
2025-06-12 15:48:00,62.2
2025-06-12 17:10:00,49.81767540251498
2025-06-12 01:52:00,51.0
2025-06-12 06:35:00,49.81767540251498
2025-06-12 22:10:00,88.7
2025-06-12 17:46:00,39.0
2025-06-12 23:22:00,79.3
2025-06-12 14:19:00,98.6
2025-06-12 10:10:00,80.5
2025-06-12 23:16:00,49.81767540251498
2025-06-12 18:53:00,49.81767540251498
2025-06-12 03:11:00,94.2
2025-06-12 02:08:00,76.4
2025-06-12 10:52:00,49.81767540251498
2025-06-12 13:45:00,56.1
2025-06-12 19:00:00,49.81767540251498
2025-06-12 06:00:00,55.3
2025-06-12 08:48:00,66.0
2025-06-12 11:13:00,49.81767540251498
2025-06-12 09:24:00,32.6
2025-06-12 23:27:00,49.81767540251498
2025-06-12 00:55:00,36.8
2025-06-12 12:35:00,72.6
2025-06-12 11:15:00,49.81767540251498
2025-06-12 10:49:00,49.9
2025-06-12 21:14:00,67.2
2025-06-12 03:22:00,13.4
2025-06-12 17:53:00,49.81767540251498
2025-06-12 22:05:00,89.1
2025-06-12 08:30:00,96.2
2025-06-12 13:07:00,83.5
2025-06-12 08:24:00,13.9
2025-06-12 03:16:00,0.0
2025-06-12 09:34:00,39.1
2025-06-12 06:21:00,71.6
2025-06-12 17:47:00,69.1
2025-06-12 15:05:00,66.2
2025-06-12 20:50:00,47.9
2025-06-12 17:13:00,49.81767540251498
2025-06-12 15:43:00,37.4
2025-06-12 21:54:00,49.81767540251498
2025-06-12 18:10:00,64.2
2025-06-12 04:18:00,16.8
2025-06-12 14:42:00,12.8
2025-06-12 04:03:00,50.0
2025-06-12 23:45:00,77.5
2025-06-12 01:58:00,49.81767540251498
2025-06-12 14:44:00,59.0
2025-06-12 08:50:00,9.0
2025-06-12 06:54:00,74.9
2025-06-12 18:23:00,96.8
2025-06-12 10:41:00,67.6
2025-06-12 13:10:00,64.9
2025-06-12 10:44:00,24.0
2025-06-12 07:32:00,65.7
2025-06-12 21:58:00,49.81767540251498
2025-06-12 17:22:00,10.9
2025-06-12 13:20:00,86.8
2025-06-12 08:04:00,14.1
2025-06-12 00:08:00,68.7
2025-06-12 03:52:00,49.791111632270166
2025-06-12 19:00:00,66.4
2025-06-12 17:02:00,94.5
2025-06-12 11:04:00,49.791111632270166
2025-06-12 11:44:00,19.2
2025-06-12 05:43:00,5.3
2025-06-12 01:16:00,16.2
2025-06-12 00:39:00,66.1
2025-06-12 10:17:00,32.6
2025-06-12 18:01:00,72.4
2025-06-12 17:29:00,75.5
2025-06-12 03:48:00,60.8
2025-06-12 20:25:00,49.791111632270166
2025-06-12 12:11:00,73.2
2025-06-12 22:03:00,71.1
2025-06-12 00:32:00,26.3
2025-06-12 20:32:00,53.5
2025-06-12 05:39:00,11.0
2025-06-12 01:02:00,96.9
2025-06-12 21:10:00,44.1
2025-06-12 02:02:00,13.5
2025-06-12 15:38:00,11.1
2025-06-12 23:00:00,88.7
2025-06-12 03:53:00,49.791111632270166
2025-06-12 03:29:00,52.7
2025-06-12 11:59:00,56.7
2025-06-12 23:12:00,6.6
2025-06-12 19:55:00,79.4
2025-06-12 11:33:00,31.0
2025-06-12 09:57:00,46.2
2025-06-12 07:01:00,93.4
2025-06-12 18:18:00,7.0
2025-06-12 03:04:00,80.4
2025-06-12 14:11:00,49.791111632270166
2025-06-12 21:14:00,72.2
2025-06-12 21:50:00,62.0
2025-06-12 04:00:00,25.7
2025-06-12 18:36:00,94.9
2025-06-12 20:52:00,1.3
2025-06-12 17:10:00,94.6
2025-06-12 19:47:00,41.5
2025-06-12 19:42:00,49.791111632270166
2025-06-12 14:45:00,78.4
2025-06-12 12:35:00,60.3
2025-06-12 17:47:00,46.8
2025-06-12 21:33:00,62.1
2025-06-12 08:40:00,42.6
2025-06-12 20:16:00,97.5
2025-06-12 04:38:00,90.2
2025-06-12 03:20:00,49.791111632270166
2025-06-12 09:42:00,99.8
2025-06-12 12:40:00,53.9
2025-06-12 13:15:00,40.8
2025-06-12 13:47:00,23.9
2025-06-12 16:55:00,49.791111632270166
2025-06-12 18:40:00,27.4
2025-06-12 21:25:00,49.791111632270166
2025-06-12 06:04:00,49.791111632270166
2025-06-12 23:16:00,60.0
2025-06-12 02:58:00,52.6
2025-06-12 12:39:00,25.6
2025-06-12 12:44:00,49.791111632270166
2025-06-12 04:09:00,43.1
2025-06-12 14:56:00,94.6
2025-06-12 03:42:00,64.8
2025-06-12 13:59:00,49.791111632270166
2025-06-12 05:22:00,33.5
2025-06-12 03:36:00,49.791111632270166
2025-06-12 10:07:00,7.0
2025-06-12 02:10:00,12.3
2025-06-12 19:36:00,20.7
2025-06-12 13:14:00,35.2
2025-06-12 19:33:00,43.3
2025-06-12 03:19:00,73.5
2025-06-12 20:12:00,40.9
2025-06-12 10:28:00,43.1
2025-06-12 02:04:00,82.3
2025-06-12 04:41:00,59.2
2025-06-12 22:57:00,51.9
2025-06-12 13:05:00,47.6
2025-06-12 19:38:00,22.2
2025-06-12 12:09:00,44.5
2025-06-12 16:53:00,35.8
2025-06-12 19:57:00,59.1
2025-06-12 11:18:00,68.2
2025-06-12 15:56:00,87.9
2025-06-12 22:53:00,49.791111632270166
2025-06-12 22:36:00,2.6
2025-06-12 00:07:00,78.5
2025-06-12 02:59:00,12.5
2025-06-12 10:20:00,15.2
2025-06-12 00:04:00,10.9
2025-06-12 09:09:00,89.3
2025-06-12 01:40:00,49.791111632270166
2025-06-12 03:09:00,9.3
2025-06-12 22:54:00,4.9
2025-06-12 01:49:00,40.0
2025-06-12 02:13:00,15.7
2025-06-12 08:03:00,49.791111632270166
2025-06-12 05:50:00,14.5
2025-06-12 14:30:00,2.0
2025-06-12 06:43:00,46.3
2025-06-12 06:59:00,3.6
2025-06-12 19:02:00,3.7
2025-06-12 07:10:00,73.2
2025-06-12 01:45:00,8.7
2025-06-12 08:06:00,60.3
2025-06-12 05:01:00,22.9
2025-06-12 15:07:00,13.9
2025-06-12 19:40:00,62.0
2025-06-12 03:00:00,67.5
2025-06-12 23:01:00,69.4
2025-06-12 06:52:00,2.6
2025-06-12 11:10:00,94.2
2025-06-12 20:09:00,83.9
2025-06-12 11:26:00,61.2
2025-06-12 14:01:00,20.7
2025-06-12 07:34:00,42.5
2025-06-12 17:59:00,59.6
2025-06-12 06:56:00,54.9
2025-06-12 05:41:00,34.9
2025-06-12 21:47:00,95.1
2025-06-12 21:08:00,49.791111632270166
2025-06-12 16:05:00,67.3
2025-06-12 06:38:00,74.0
2025-06-12 16:21:00,30.4
2025-06-12 21:11:00,16.8
2025-06-12 20:39:00,57.8
2025-06-12 07:59:00,65.4
2025-06-12 16:50:00,60.8
2025-06-12 06:18:00,18.7
2025-06-12 13:57:00,16.4
2025-06-12 06:41:00,49.791111632270166
2025-06-12 19:19:00,41.1
2025-06-12 09:24:00,7.2
2025-06-12 05:54:00,19.2
2025-06-12 12:16:00,49.791111632270166
2025-06-12 05:34:00,10.5
2025-06-12 12:59:00,82.6
2025-06-12 16:39:00,40.0
2025-06-12 03:08:00,83.1
2025-06-12 23:38:00,51.9
2025-06-12 17:30:00,21.2
2025-06-12 01:47:00,75.5
2025-06-12 02:55:00,59.2
2025-06-12 05:18:00,58.0
2025-06-12 08:51:00,54.1
2025-06-12 11:55:00,50.0
2025-06-12 02:52:00,49.791111632270166
2025-06-12 00:38:00,64.8
2025-06-12 04:25:00,77.8
2025-06-12 15:06:00,6.0
2025-06-12 08:27:00,49.791111632270166
2025-06-12 04:49:00,61.2
2025-06-12 12:13:00,45.7
2025-06-12 20:17:00,12.7
2025-06-12 23:02:00,67.0
2025-06-12 02:01:00,49.791111632270166
2025-06-12 23:14:00,73.9
2025-06-12 19:43:00,63.4
2025-06-12 23:44:00,30.1
2025-06-12 10:23:00,30.5
2025-06-12 02:51:00,33.7
2025-06-12 16:25:00,99.8
2025-06-12 14:57:00,54.2
2025-06-12 19:54:00,28.3
2025-06-12 06:32:00,21.6
2025-06-12 22:08:00,95.5
2025-06-12 07:36:00,49.791111632270166
2025-06-12 06:33:00,29.6
2025-06-12 15:17:00,49.791111632270166
2025-06-12 10:35:00,39.4
2025-06-12 00:10:00,14.8
2025-06-12 20:08:00,96.7
2025-06-12 02:28:00,24.0
2025-06-12 00:00:00,99.6
2025-06-12 07:37:00,76.9
2025-06-12 06:21:00,46.7
2025-06-12 11:05:00,70.1
2025-06-12 04:47:00,97.8
2025-06-12 06:03:00,79.9
2025-06-12 00:20:00,42.9
2025-06-12 11:35:00,31.1
2025-06-12 07:05:00,36.3
2025-06-12 06:53:00,49.791111632270166
2025-06-12 18:03:00,84.5
2025-06-12 14:23:00,38.1
2025-06-12 02:54:00,68.0
2025-06-12 06:00:00,72.1
2025-06-12 19:23:00,97.0
2025-06-12 16:46:00,49.791111632270166
2025-06-12 17:43:00,49.791111632270166
2025-06-12 18:05:00,21.8
2025-06-12 05:40:00,90.5
2025-06-12 13:33:00,49.791111632270166
2025-06-12 18:52:00,6.2
2025-06-12 16:09:00,14.2
2025-06-12 03:31:00,19.6
2025-06-12 09:06:00,86.6
2025-06-12 10:37:00,77.7
2025-06-12 22:24:00,39.8
2025-06-12 06:11:00,2.8
2025-06-12 08:17:00,49.791111632270166
2025-06-12 21:32:00,80.5
2025-06-12 01:31:00,46.0
2025-06-12 15:20:00,49.791111632270166
2025-06-12 01:58:00,80.2
2025-06-12 12:43:00,17.6
2025-06-12 19:22:00,98.7
2025-06-12 07:06:00,49.791111632270166
2025-06-12 02:20:00,29.1
2025-06-12 19:41:00,66.7
2025-06-12 02:08:00,49.791111632270166
2025-06-12 04:34:00,74.3
2025-06-12 02:30:00,49.791111632270166
2025-06-12 04:31:00,95.1
2025-06-12 19:37:00,96.2
2025-06-12 10:15:00,9.7
2025-06-12 18:56:00,66.8
2025-06-12 14:16:00,68.7
2025-06-12 05:56:00,39.5
2025-06-12 18:17:00,51.1
2025-06-12 16:31:00,6.5
2025-06-12 13:31:00,49.791111632270166
2025-06-12 23:41:00,82.8
2025-06-12 11:08:00,49.791111632270166
2025-06-12 12:52:00,95.4
2025-06-12 19:53:00,49.791111632270166
2025-06-12 22:22:00,99.8
2025-06-12 16:11:00,69.6
2025-06-12 20:26:00,6.1
2025-06-12 08:38:00,46.3
2025-06-12 17:56:00,5.3
2025-06-12 09:43:00,20.7
2025-06-12 22:40:00,49.791111632270166
2025-06-12 10:34:00,44.4
2025-06-12 02:21:00,47.8
2025-06-12 19:49:00,76.4
2025-06-12 09:04:00,14.1
2025-06-12 12:21:00,89.8
2025-06-12 21:02:00,53.0
2025-06-12 10:04:00,28.0
2025-06-12 09:40:00,2.5
2025-06-12 12:56:00,49.791111632270166
2025-06-12 23:10:00,61.8
2025-06-12 20:43:00,7.9
2025-06-12 10:59:00,1.7
2025-06-12 12:46:00,16.1
2025-06-12 08:56:00,33.5
2025-06-12 09:46:00,72.9
2025-06-12 09:05:00,4.5
2025-06-12 15:00:00,63.5
2025-06-12 23:23:00,91.3
2025-06-12 07:22:00,70.6
2025-06-12 01:33:00,5.6
2025-06-12 15:31:00,55.3
2025-06-12 16:42:00,97.9
2025-06-12 19:15:00,65.5
2025-06-12 06:01:00,4.8
2025-06-12 23:35:00,59.7
2025-06-12 12:08:00,36.0
2025-06-12 16:36:00,98.5
2025-06-12 21:21:00,73.0
2025-06-12 08:13:00,6.6
2025-06-12 07:43:00,77.0
2025-06-12 09:55:00,17.6
2025-06-12 13:10:00,52.4
2025-06-12 08:25:00,55.2
2025-06-12 18:30:00,38.6
2025-06-12 03:23:00,94.1
2025-06-12 04:55:00,49.6
2025-06-12 07:53:00,88.5
2025-06-12 02:34:00,2.5
2025-06-12 13:01:00,14.4
2025-06-12 16:10:00,29.1
2025-06-12 14:24:00,50.406503298774744
2025-06-12 00:26:00,9.9
2025-06-12 04:16:00,6.6
2025-06-12 23:43:00,5.8
2025-06-12 03:41:00,50.406503298774744
2025-06-12 15:06:00,79.8
2025-06-12 14:46:00,64.5
2025-06-12 10:46:00,56.3
2025-06-12 00:29:00,64.9
2025-06-12 11:11:00,50.406503298774744
2025-06-12 02:19:00,50.406503298774744
2025-06-12 04:35:00,41.3
2025-06-12 00:52:00,50.406503298774744
2025-06-12 01:34:00,50.406503298774744
2025-06-12 04:40:00,78.6
2025-06-12 14:08:00,12.0
2025-06-12 12:35:00,18.0
2025-06-12 19:37:00,50.406503298774744
2025-06-12 19:29:00,68.8
2025-06-12 08:54:00,15.7
2025-06-12 14:31:00,38.8
2025-06-12 00:28:00,9.4
2025-06-12 11:38:00,1.4
2025-06-12 19:58:00,58.7
2025-06-12 07:37:00,41.8
2025-06-12 00:15:00,43.6
2025-06-12 18:59:00,78.5
2025-06-12 02:51:00,49.8
2025-06-12 11:59:00,78.8
2025-06-12 21:50:00,35.5
2025-06-12 07:56:00,50.406503298774744
2025-06-12 16:18:00,3.7
2025-06-12 17:00:00,18.3
2025-06-12 13:49:00,50.406503298774744
2025-06-12 03:46:00,89.8
2025-06-12 03:33:00,44.2
2025-06-12 17:39:00,50.406503298774744
2025-06-12 20:54:00,50.406503298774744
2025-06-12 13:16:00,90.7
2025-06-12 13:33:00,18.6
2025-06-12 06:13:00,18.3
2025-06-12 09:29:00,50.406503298774744
2025-06-12 12:24:00,34.7
2025-06-12 12:00:00,1.1
2025-06-12 07:11:00,50.406503298774744
2025-06-12 20:23:00,38.5
2025-06-12 06:53:00,92.9
2025-06-12 03:43:00,57.1
2025-06-12 09:23:00,30.6
2025-06-12 21:35:00,95.8
2025-06-12 00:59:00,25.9
2025-06-12 01:08:00,50.406503298774744
2025-06-12 06:30:00,50.406503298774744
2025-06-12 02:14:00,60.5
2025-06-12 19:52:00,33.0
2025-06-12 01:52:00,60.5
2025-06-12 03:48:00,50.406503298774744
2025-06-12 21:36:00,50.406503298774744
2025-06-12 15:29:00,50.406503298774744
2025-06-12 15:47:00,95.2
2025-06-12 14:35:00,84.7
2025-06-12 11:01:00,90.6
2025-06-12 03:11:00,65.3
2025-06-12 19:45:00,0.3
2025-06-12 04:36:00,73.9
2025-06-12 02:40:00,50.406503298774744
2025-06-12 23:10:00,69.9
2025-06-12 02:37:00,70.4
2025-06-12 12:36:00,40.7
2025-06-12 18:07:00,11.8
2025-06-12 03:40:00,78.0
2025-06-12 11:08:00,2.8
2025-06-12 01:02:00,50.406503298774744
2025-06-12 16:00:00,65.5
2025-06-12 15:50:00,30.2
2025-06-12 07:48:00,50.406503298774744
2025-06-12 22:36:00,19.7
2025-06-12 01:33:00,63.7
2025-06-12 08:59:00,91.8
2025-06-12 21:52:00,50.406503298774744
2025-06-12 11:21:00,82.5
2025-06-12 20:03:00,57.5
2025-06-12 11:22:00,50.406503298774744
2025-06-12 08:18:00,65.0
2025-06-12 15:14:00,14.0
2025-06-12 19:17:00,21.9
2025-06-12 17:06:00,50.406503298774744
2025-06-12 23:57:00,86.0
2025-06-12 02:06:00,65.7
2025-06-12 12:39:00,53.4
2025-06-12 05:13:00,68.2
2025-06-12 09:16:00,77.1
2025-06-12 21:01:00,48.1
2025-06-12 16:38:00,86.5
2025-06-12 08:52:00,13.8
2025-06-12 15:38:00,51.1
2025-06-12 06:20:00,4.0
2025-06-12 14:26:00,50.406503298774744
2025-06-12 01:15:00,37.7
2025-06-12 18:16:00,80.9
2025-06-12 03:15:00,4.0
2025-06-12 04:53:00,35.3
2025-06-12 02:36:00,73.9
2025-06-12 16:23:00,48.5
2025-06-12 14:44:00,15.7
2025-06-12 13:11:00,50.406503298774744
2025-06-12 04:48:00,74.7
2025-06-12 00:35:00,11.4
2025-06-12 07:55:00,64.2
2025-06-12 08:36:00,58.9
2025-06-12 21:47:00,75.3
2025-06-12 01:46:00,84.2
2025-06-12 09:18:00,76.1
2025-06-12 06:14:00,81.1
2025-06-12 04:14:00,50.406503298774744
2025-06-12 02:47:00,50.406503298774744
2025-06-12 16:14:00,92.7
2025-06-12 03:38:00,18.5
2025-06-12 14:18:00,8.7
2025-06-12 12:49:00,15.6
2025-06-12 17:46:00,83.0
2025-06-12 13:24:00,45.7
2025-06-12 21:43:00,83.8
2025-06-12 17:35:00,50.406503298774744
2025-06-12 02:33:00,50.406503298774744
2025-06-12 16:05:00,50.406503298774744
2025-06-12 19:19:00,2.5
2025-06-12 13:45:00,13.1
2025-06-12 22:15:00,37.6
2025-06-12 21:07:00,89.2
2025-06-12 23:15:00,8.2
2025-06-12 22:40:00,99.2
2025-06-12 04:32:00,73.1
2025-06-12 14:34:00,50.406503298774744
2025-06-12 08:03:00,13.4
2025-06-12 01:06:00,10.7
2025-06-12 03:57:00,27.5
2025-06-12 20:00:00,5.0
2025-06-12 11:41:00,90.6
2025-06-12 14:58:00,23.3
2025-06-12 02:59:00,13.6
2025-06-12 05:41:00,74.9
2025-06-12 13:34:00,45.4
2025-06-12 23:32:00,3.3
2025-06-12 01:00:00,31.1
2025-06-12 02:07:00,32.9
2025-06-12 16:33:00,21.9
2025-06-12 16:06:00,37.8
2025-06-12 20:24:00,16.7
2025-06-12 04:29:00,14.5
2025-06-12 12:44:00,50.406503298774744
2025-06-12 14:19:00,91.1
2025-06-12 17:30:00,76.7
2025-06-12 14:42:00,15.2
2025-06-12 08:00:00,21.7
2025-06-12 14:20:00,17.6
2025-06-12 15:31:00,0.1
2025-06-12 19:55:00,88.7
2025-06-12 11:28:00,50.406503298774744
2025-06-12 05:50:00,7.3
2025-06-12 08:23:00,64.9
2025-06-12 21:44:00,50.406503298774744
2025-06-12 14:11:00,80.4
2025-06-12 09:06:00,31.1
2025-06-12 06:12:00,80.0
2025-06-12 00:38:00,27.0
2025-06-12 15:46:00,50.406503298774744
2025-06-12 07:57:00,12.3
2025-06-12 02:39:00,53.5
2025-06-12 06:15:00,58.9
2025-06-12 19:04:00,46.3
2025-06-12 23:44:00,61.2
2025-06-12 00:49:00,22.6
2025-06-12 13:14:00,23.4
2025-06-12 01:37:00,30.3
2025-06-12 22:27:00,14.6
2025-06-12 17:57:00,23.7
2025-06-12 18:34:00,48.1
2025-06-12 04:51:00,31.6
2025-06-12 18:49:00,50.406503298774744
2025-06-12 03:05:00,28.8
2025-06-12 23:47:00,50.406503298774744
2025-06-12 09:14:00,50.406503298774744
2025-06-12 14:41:00,92.7
2025-06-12 16:21:00,52.3
2025-06-12 07:16:00,78.2
2025-06-12 19:20:00,78.3
2025-06-12 04:00:00,95.4
2025-06-12 14:50:00,79.5
2025-06-12 18:40:00,2.5
2025-06-12 18:15:00,79.0
2025-06-12 02:48:00,45.1
2025-06-12 13:28:00,4.5
2025-06-12 11:32:00,20.6
2025-06-12 21:17:00,35.7
2025-06-12 22:23:00,45.4
2025-06-12 09:10:00,33.8
2025-06-12 13:26:00,99.2
2025-06-12 05:15:00,39.6
2025-06-12 23:34:00,21.0
2025-06-12 23:22:00,50.406503298774744
2025-06-12 07:28:00,50.406503298774744
2025-06-12 11:13:00,76.6
2025-06-12 22:17:00,57.3
2025-06-12 07:44:00,50.406503298774744
2025-06-12 20:55:00,67.9
2025-06-12 10:57:00,69.6
2025-06-12 22:16:00,83.6
2025-06-12 03:06:00,30.0
2025-06-12 15:40:00,50.406503298774744
2025-06-12 21:03:00,49.1
2025-06-12 20:20:00,42.1
2025-06-12 09:22:00,50.0
2025-06-12 14:21:00,6.1
2025-06-12 11:54:00,69.3
2025-06-12 18:25:00,51.0
2025-06-12 21:46:00,1.3
2025-06-12 00:34:00,47.8
2025-06-12 08:39:00,78.5
2025-06-12 19:57:00,42.9
2025-06-12 06:39:00,60.8
2025-06-12 20:51:00,28.3
2025-06-12 19:15:00,77.6
2025-06-12 09:53:00,65.7
2025-06-12 14:04:00,74.4
2025-06-12 01:14:00,19.7
2025-06-12 22:55:00,81.2
2025-06-12 00:13:00,21.4
2025-06-12 02:20:00,15.2
2025-06-12 00:24:00,99.7
2025-06-12 08:35:00,8.2
2025-06-12 18:14:00,81.8
2025-06-12 04:41:00,49.0
2025-06-12 23:53:00,76.7
2025-06-12 12:52:00,50.406503298774744
2025-06-12 19:44:00,48.3
2025-06-12 14:07:00,99.7
2025-06-12 04:05:00,93.2
2025-06-12 04:38:00,50.406503298774744
2025-06-12 10:48:00,97.8
2025-06-12 10:31:00,50.406503298774744
2025-06-12 13:31:00,50.406503298774744
2025-06-12 05:03:00,21.8
2025-06-12 12:56:00,46.2
2025-06-12 11:48:00,77.5
2025-06-12 06:08:00,50.406503298774744
2025-06-12 12:20:00,62.4
2025-06-12 22:48:00,22.0
2025-06-12 17:42:00,13.4
2025-06-12 07:54:00,35.9
2025-06-12 04:04:00,23.1
2025-06-12 02:49:00,73.7
2025-06-12 00:36:00,71.1
2025-06-12 03:31:00,10.1
2025-06-12 04:37:00,28.5
2025-06-12 11:26:00,35.3
2025-06-12 13:04:00,95.6
2025-06-12 12:47:00,46.3
2025-06-12 18:00:00,77.9
2025-06-12 05:18:00,79.3
2025-06-12 06:55:00,70.3
2025-06-12 07:12:00,92.7
2025-06-12 18:33:00,85.0
2025-06-12 08:12:00,21.0
2025-06-12 22:09:00,77.8
2025-06-12 05:55:00,24.8
2025-06-12 12:26:00,85.0
2025-06-12 22:00:00,89.7
2025-06-12 18:11:00,33.3
2025-06-12 08:48:00,42.0
2025-06-12 07:08:00,61.8
2025-06-12 03:19:00,10.3
2025-06-12 17:32:00,98.8
2025-06-12 06:25:00,24.9
2025-06-12 19:46:00,73.9
2025-06-12 06:37:00,12.0
2025-06-12 05:05:00,14.4
2025-06-12 04:13:00,19.6
2025-06-12 20:05:00,11.7
2025-06-12 14:06:00,41.9
2025-06-12 04:45:00,61.3
2025-06-12 22:35:00,13.1
2025-06-12 10:04:00,75.4
2025-06-12 13:40:00,50.406503298774744
2025-06-12 17:10:00,33.8
2025-06-12 14:38:00,70.5
2025-06-12 19:07:00,50.406503298774744
2025-06-12 10:32:00,29.6
2025-06-12 03:23:00,31.5
2025-06-12 09:25:00,50.406503298774744
2025-06-12 20:02:00,50.406503298774744
2025-06-12 04:25:00,16.6
2025-06-12 01:20:00,55.5
2025-06-12 01:54:00,70.5
2025-06-12 03:26:00,16.2
2025-06-12 02:29:00,80.8
2025-06-12 06:06:00,36.7
2025-06-12 18:10:00,2.2
2025-06-12 00:54:00,56.0
2025-06-12 04:18:00,50.406503298774744
2025-06-12 13:44:00,72.7
2025-06-12 19:28:00,56.1
2025-06-12 20:58:00,7.3
2025-06-12 06:40:00,20.3
2025-06-12 05:36:00,36.3
2025-06-12 10:55:00,79.9
2025-06-12 16:20:00,30.9
2025-06-12 09:19:00,94.5
2025-06-12 19:35:00,92.9
2025-06-12 23:58:00,49.4
2025-06-12 07:18:00,68.0
2025-06-12 22:31:00,59.9
2025-06-12 14:05:00,60.9
2025-06-12 13:12:00,5.4
2025-06-12 19:50:00,6.0
2025-06-12 21:52:00,67.5
2025-06-12 17:25:00,34.6
2025-06-12 09:14:00,25.7
2025-06-12 07:42:00,79.0
2025-06-12 10:16:00,73.4
2025-06-12 15:41:00,50.3160582227961
2025-06-12 03:59:00,8.5
2025-06-12 07:29:00,43.5
2025-06-12 13:20:00,50.3160582227961
2025-06-12 14:53:00,7.4
2025-06-12 00:13:00,29.6
2025-06-12 04:18:00,66.6
2025-06-12 06:24:00,66.4
2025-06-12 12:53:00,50.3160582227961
2025-06-12 00:39:00,50.3160582227961
2025-06-12 23:27:00,88.6
2025-06-12 01:42:00,58.7
2025-06-12 00:25:00,69.6
2025-06-12 23:46:00,20.0
2025-06-12 20:35:00,93.4
2025-06-12 17:41:00,50.3160582227961
2025-06-12 12:51:00,26.9
2025-06-12 15:28:00,84.9
2025-06-12 08:56:00,50.3160582227961
2025-06-12 23:59:00,50.3160582227961
2025-06-12 12:06:00,73.1
2025-06-12 10:38:00,99.9
2025-06-12 10:27:00,22.6
2025-06-12 00:06:00,3.6
2025-06-12 05:57:00,25.9
2025-06-12 10:22:00,73.0
2025-06-12 09:07:00,74.9
2025-06-12 01:04:00,21.8
2025-06-12 19:39:00,96.3
2025-06-12 08:03:00,89.9
2025-06-12 04:37:00,64.2
2025-06-12 20:16:00,15.3
2025-06-12 22:12:00,80.8
2025-06-12 18:50:00,86.8
2025-06-12 14:16:00,50.3160582227961
2025-06-12 06:33:00,28.7
2025-06-12 05:19:00,78.4
2025-06-12 13:24:00,50.3160582227961
2025-06-12 14:13:00,50.3160582227961
2025-06-12 21:00:00,51.4
2025-06-12 12:16:00,38.9
2025-06-12 16:54:00,55.7
2025-06-12 19:57:00,2.1
2025-06-12 06:52:00,50.3160582227961
2025-06-12 13:56:00,50.3160582227961
2025-06-12 19:02:00,3.0
2025-06-12 07:31:00,84.4
2025-06-12 12:22:00,4.9
2025-06-12 15:12:00,70.0
2025-06-12 00:14:00,15.2
2025-06-12 02:35:00,89.8
2025-06-12 20:44:00,33.9
2025-06-12 07:16:00,0.2
2025-06-12 21:05:00,48.2
2025-06-12 12:37:00,55.4
2025-06-12 08:32:00,50.3160582227961
2025-06-12 19:34:00,89.6
2025-06-12 14:22:00,87.6
2025-06-12 19:20:00,24.3
2025-06-12 01:49:00,34.8
2025-06-12 02:57:00,60.4
2025-06-12 07:02:00,97.0
2025-06-12 19:56:00,55.3
2025-06-12 21:19:00,99.4
2025-06-12 12:27:00,22.8
2025-06-12 18:57:00,50.3160582227961
2025-06-12 04:04:00,50.3160582227961
2025-06-12 15:13:00,71.8
2025-06-12 08:54:00,1.7
2025-06-12 00:43:00,2.3
2025-06-12 09:57:00,26.2
2025-06-12 06:54:00,16.9
2025-06-12 22:15:00,13.3
2025-06-12 00:55:00,0.2
2025-06-12 19:22:00,70.9
2025-06-12 06:20:00,47.2
2025-06-12 07:52:00,66.9
2025-06-12 22:28:00,85.8
2025-06-12 16:13:00,92.1
2025-06-12 12:09:00,58.9
2025-06-12 21:24:00,99.9
2025-06-12 22:05:00,61.7
2025-06-12 07:55:00,25.1
2025-06-12 07:05:00,40.2
2025-06-12 15:36:00,75.9
2025-06-12 19:47:00,43.4
2025-06-12 00:32:00,96.8
2025-06-12 05:24:00,54.6
2025-06-12 04:43:00,42.5
2025-06-12 21:02:00,0.8
2025-06-12 20:53:00,65.0
2025-06-12 01:11:00,65.2
2025-06-12 11:40:00,21.6
2025-06-12 19:06:00,4.1
2025-06-12 10:28:00,46.1
2025-06-12 03:30:00,54.4
2025-06-12 17:55:00,27.9
2025-06-12 02:06:00,50.3160582227961
2025-06-12 19:29:00,50.3160582227961
2025-06-12 22:41:00,45.1
2025-06-12 10:15:00,31.2
2025-06-12 06:49:00,56.7
2025-06-12 01:23:00,70.7
2025-06-12 07:49:00,46.0
2025-06-12 01:58:00,48.0
2025-06-12 01:28:00,80.1
2025-06-12 14:35:00,50.3160582227961
2025-06-12 08:23:00,8.7
2025-06-12 13:11:00,19.6
2025-06-12 18:24:00,2.4
2025-06-12 02:26:00,44.1
2025-06-12 19:38:00,80.3
2025-06-12 15:30:00,50.3160582227961
2025-06-12 22:59:00,78.2
2025-06-12 03:57:00,31.2
2025-06-12 11:08:00,44.4
2025-06-12 21:57:00,20.5
2025-06-12 16:08:00,50.3160582227961
2025-06-12 15:54:00,77.6
2025-06-12 18:44:00,55.4
2025-06-12 20:56:00,85.6
2025-06-12 20:29:00,50.3160582227961
2025-06-12 14:44:00,19.7
2025-06-12 15:38:00,46.1
2025-06-12 20:15:00,88.0
2025-06-12 23:30:00,95.9
2025-06-12 00:28:00,50.3160582227961
2025-06-12 11:09:00,70.1
2025-06-12 04:45:00,98.5
2025-06-12 05:30:00,19.9
2025-06-12 20:07:00,95.0
2025-06-12 10:01:00,50.3160582227961
2025-06-12 16:55:00,50.3160582227961
2025-06-12 05:25:00,90.6
2025-06-12 17:11:00,7.8
2025-06-12 06:44:00,34.2
2025-06-12 23:48:00,1.2
2025-06-12 04:15:00,50.3160582227961
2025-06-12 06:14:00,58.2
2025-06-12 14:43:00,46.9
2025-06-12 11:43:00,50.3160582227961
2025-06-12 21:26:00,96.4
2025-06-12 02:19:00,68.6
2025-06-12 08:02:00,89.0
2025-06-12 09:32:00,51.9
2025-06-12 05:21:00,18.5
2025-06-12 09:44:00,30.1
2025-06-12 20:39:00,98.6
2025-06-12 05:03:00,89.6
2025-06-12 22:14:00,16.2
2025-06-12 20:21:00,2.2
2025-06-12 19:05:00,96.1
2025-06-12 16:25:00,71.0
2025-06-12 02:42:00,92.1
2025-06-12 22:52:00,64.4
2025-06-12 03:53:00,7.1
2025-06-12 20:58:00,3.5
2025-06-12 21:48:00,32.4
2025-06-12 12:34:00,33.7
2025-06-12 19:25:00,3.9
2025-06-12 04:38:00,50.3160582227961
2025-06-12 17:09:00,7.9
2025-06-12 19:36:00,33.8
2025-06-12 13:48:00,26.4
2025-06-12 10:46:00,3.8
2025-06-12 13:58:00,45.7
2025-06-12 11:35:00,50.3160582227961
2025-06-12 05:50:00,41.6
2025-06-12 06:07:00,50.3160582227961
2025-06-12 10:02:00,77.4
2025-06-12 10:47:00,50.3160582227961
2025-06-12 01:01:00,98.2
2025-06-12 12:30:00,20.0
2025-06-12 04:42:00,20.0
2025-06-12 21:23:00,50.3160582227961
2025-06-12 23:32:00,6.8
2025-06-12 09:35:00,98.2
2025-06-12 10:51:00,53.5
2025-06-12 23:15:00,11.1
2025-06-12 01:06:00,88.1
2025-06-12 10:07:00,16.6
2025-06-12 01:59:00,88.5
2025-06-12 18:34:00,89.8
2025-06-12 14:51:00,94.6
2025-06-12 15:55:00,66.5
2025-06-12 03:47:00,25.4
2025-06-12 16:16:00,63.1
2025-06-12 09:56:00,63.8
2025-06-12 14:37:00,32.3
2025-06-12 18:13:00,50.3160582227961
2025-06-12 17:15:00,88.2
2025-06-12 03:31:00,39.9
2025-06-12 15:03:00,85.9
2025-06-12 20:27:00,93.6
2025-06-12 02:45:00,81.0
2025-06-12 20:13:00,18.5
2025-06-12 10:32:00,45.8
2025-06-12 12:24:00,47.1
2025-06-12 04:11:00,55.7
2025-06-12 06:45:00,39.7
2025-06-12 20:05:00,88.6
2025-06-12 21:06:00,50.3160582227961
2025-06-12 23:56:00,11.8
2025-06-12 08:31:00,46.2
2025-06-12 13:29:00,25.1
2025-06-12 19:07:00,93.0
2025-06-12 23:50:00,47.1
2025-06-12 08:13:00,71.6
2025-06-12 00:26:00,65.1
2025-06-12 06:13:00,96.8
2025-06-12 10:13:00,78.2
2025-06-12 01:27:00,27.9
2025-06-12 23:12:00,95.7
2025-06-12 02:28:00,3.0
2025-06-12 18:06:00,61.5
2025-06-12 14:46:00,8.7
2025-06-12 09:13:00,30.7
2025-06-12 05:40:00,74.8
2025-06-12 04:54:00,27.7
2025-06-12 20:48:00,37.1
2025-06-12 17:47:00,50.3
2025-06-12 12:08:00,73.4
2025-06-12 05:32:00,50.3160582227961
2025-06-12 11:21:00,62.7
2025-06-12 14:29:00,47.8
2025-06-12 00:12:00,78.8
2025-06-12 16:06:00,47.4
2025-06-12 08:22:00,39.7
2025-06-12 13:18:00,96.7
2025-06-12 03:09:00,52.4
2025-06-12 05:00:00,83.6
2025-06-12 17:44:00,70.1
2025-06-12 20:12:00,35.9
2025-06-12 04:00:00,28.0
2025-06-12 06:38:00,35.2
2025-06-12 07:15:00,5.6
2025-06-12 14:18:00,45.4
2025-06-12 08:28:00,83.2
2025-06-12 12:17:00,13.9
2025-06-12 05:20:00,50.3160582227961
2025-06-12 04:35:00,35.9
2025-06-12 23:40:00,52.6
2025-06-12 08:52:00,38.8
2025-06-12 23:16:00,80.9
2025-06-12 14:10:00,27.4
2025-06-12 08:17:00,1.0
2025-06-12 09:37:00,56.9
2025-06-12 03:45:00,93.7
2025-06-12 11:20:00,50.4
2025-06-12 12:29:00,18.0
2025-06-12 20:31:00,63.6
2025-06-12 05:39:00,91.6
2025-06-12 11:52:00,86.2
2025-06-12 20:11:00,50.3160582227961
2025-06-12 12:01:00,30.8
2025-06-12 01:21:00,82.3
2025-06-12 06:43:00,7.6
2025-06-12 03:46:00,86.8
2025-06-12 14:24:00,76.9
2025-06-12 03:11:00,49.3
2025-06-12 09:23:00,36.6
2025-06-12 02:48:00,78.9
2025-06-12 21:55:00,77.3
2025-06-12 14:58:00,26.4
2025-06-12 21:04:00,14.0
2025-06-12 21:12:00,32.7
2025-06-12 21:08:00,47.1
2025-06-12 12:23:00,87.6
2025-06-12 14:07:00,67.4
2025-06-12 05:48:00,51.6
2025-06-12 08:30:00,37.5
2025-06-12 20:25:00,86.7
2025-06-12 23:55:00,86.7
2025-06-12 14:08:00,33.4
2025-06-12 23:51:00,55.9
2025-06-12 04:55:00,56.3
2025-06-12 09:31:00,50.3160582227961
2025-06-12 03:08:00,64.5
2025-06-12 02:55:00,50.3160582227961
2025-06-12 15:56:00,88.5
2025-06-12 04:53:00,89.1
2025-06-12 10:03:00,40.1
2025-06-12 00:50:00,30.8
2025-06-12 18:11:00,36.4
2025-06-12 06:59:00,42.5
2025-06-12 15:50:00,27.1
2025-06-12 22:17:00,1.0
2025-06-12 12:52:00,74.5
2025-06-12 08:44:00,24.8
2025-06-12 09:10:00,99.6
2025-06-12 22:44:00,83.7
2025-06-12 14:03:00,72.5
2025-06-12 06:16:00,89.5
2025-06-12 16:27:00,35.7
2025-06-12 08:04:00,21.1
2025-06-12 17:13:00,78.2
2025-06-12 11:37:00,42.7
2025-06-12 09:53:00,92.3
2025-06-12 18:22:00,20.3
2025-06-12 05:45:00,16.9
2025-06-12 03:49:00,24.1
2025-06-12 18:26:00,35.0
2025-06-12 16:40:00,86.6
2025-06-12 04:00:00,19.1
2025-06-12 21:47:00,75.7
2025-06-12 06:00:00,33.4
2025-06-12 13:41:00,37.7
2025-06-12 18:57:00,23.1
2025-06-12 10:59:00,60.8
2025-06-12 09:11:00,82.2
2025-06-12 16:37:00,53.3
2025-06-12 10:44:00,50.04954009433962
2025-06-12 20:33:00,4.3
2025-06-12 14:43:00,87.4
2025-06-12 16:58:00,5.8
2025-06-12 22:16:00,97.1
2025-06-12 16:48:00,27.4
2025-06-12 16:26:00,21.3
2025-06-12 19:28:00,94.4
2025-06-12 22:59:00,27.4
2025-06-12 14:48:00,50.04954009433962
2025-06-12 03:55:00,11.9
2025-06-12 05:50:00,96.8
2025-06-12 05:15:00,75.6
2025-06-12 07:15:00,82.4
2025-06-12 03:34:00,36.3
2025-06-12 23:07:00,76.4
2025-06-12 22:57:00,30.2
2025-06-12 08:41:00,72.7
2025-06-12 09:52:00,76.6
2025-06-12 09:47:00,50.04954009433962
2025-06-12 02:03:00,94.3
2025-06-12 01:07:00,24.7
2025-06-12 23:05:00,94.6
2025-06-12 23:49:00,75.5
2025-06-12 07:43:00,4.4
2025-06-12 13:28:00,96.8
2025-06-12 01:57:00,50.04954009433962
2025-06-12 04:20:00,74.1
2025-06-12 10:01:00,69.7
2025-06-12 14:40:00,14.5
2025-06-12 13:50:00,5.1
2025-06-12 02:09:00,31.9
2025-06-12 15:41:00,15.4
2025-06-12 07:17:00,79.9
2025-06-12 18:11:00,33.9
2025-06-12 18:03:00,49.9
2025-06-12 06:13:00,60.5
2025-06-12 21:53:00,98.9
2025-06-12 18:04:00,42.1
2025-06-12 17:46:00,24.2
2025-06-12 15:55:00,50.04954009433962
2025-06-12 11:16:00,10.6
2025-06-12 02:22:00,61.5
2025-06-12 01:43:00,19.2
2025-06-12 15:38:00,50.04954009433962
2025-06-12 22:27:00,10.3
2025-06-12 17:48:00,66.7
2025-06-12 15:58:00,20.5
2025-06-12 08:07:00,58.6
2025-06-12 09:27:00,14.6
2025-06-12 07:18:00,47.1
2025-06-12 22:35:00,34.0
2025-06-12 14:51:00,79.6
2025-06-12 12:54:00,2.5
2025-06-12 05:30:00,15.8
2025-06-12 15:00:00,68.9
2025-06-12 08:24:00,50.04954009433962
2025-06-12 05:06:00,33.7
2025-06-12 02:42:00,67.1
2025-06-12 03:41:00,50.04954009433962
2025-06-12 03:52:00,38.9
2025-06-12 04:28:00,50.04954009433962
2025-06-12 16:45:00,89.1
2025-06-12 12:21:00,4.9
2025-06-12 05:59:00,97.3
2025-06-12 23:31:00,50.04954009433962
2025-06-12 20:52:00,78.0
2025-06-12 03:47:00,78.2
2025-06-12 04:13:00,90.9
2025-06-12 03:56:00,31.2
2025-06-12 13:43:00,40.6
2025-06-12 12:04:00,45.8
2025-06-12 23:55:00,91.2
2025-06-12 20:04:00,45.1
2025-06-12 07:34:00,92.5
2025-06-12 06:01:00,88.5
2025-06-12 12:03:00,50.04954009433962
2025-06-12 21:13:00,16.7
2025-06-12 01:55:00,22.6
2025-06-12 14:19:00,49.0
2025-06-12 05:55:00,54.0
2025-06-12 14:24:00,77.3
2025-06-12 14:31:00,80.7
2025-06-12 16:44:00,55.1
2025-06-12 04:10:00,50.04954009433962
2025-06-12 19:58:00,53.7
2025-06-12 10:09:00,61.7
2025-06-12 14:08:00,35.6
2025-06-12 22:08:00,55.7
2025-06-12 08:45:00,0.4
2025-06-12 00:46:00,50.6
2025-06-12 14:05:00,19.1
2025-06-12 07:31:00,96.9
2025-06-12 23:16:00,82.4
2025-06-12 22:12:00,66.5
2025-06-12 11:03:00,8.0
2025-06-12 05:03:00,98.1
2025-06-12 13:11:00,90.1
2025-06-12 23:20:00,58.1
2025-06-12 00:37:00,9.7
2025-06-12 06:11:00,1.9
2025-06-12 07:14:00,53.5
2025-06-12 01:34:00,94.6
2025-06-12 02:46:00,18.7
2025-06-12 02:36:00,50.04954009433962
2025-06-12 01:46:00,98.5
2025-06-12 10:25:00,50.04954009433962
2025-06-12 04:37:00,36.0
2025-06-12 00:43:00,42.3
2025-06-12 02:14:00,12.5
2025-06-12 00:02:00,29.4
2025-06-12 08:09:00,50.04954009433962
2025-06-12 17:52:00,78.9
2025-06-12 07:56:00,94.3
2025-06-12 00:24:00,86.3
2025-06-12 05:28:00,50.04954009433962
2025-06-12 03:33:00,32.5
2025-06-12 06:04:00,50.04954009433962
2025-06-12 01:20:00,50.04954009433962
2025-06-12 19:55:00,91.7
2025-06-12 13:34:00,38.9
2025-06-12 20:20:00,31.9
2025-06-12 05:17:00,58.6
2025-06-12 05:23:00,35.6
2025-06-12 09:30:00,86.7
2025-06-12 16:06:00,1.8
2025-06-12 19:49:00,96.6
2025-06-12 10:23:00,32.5
2025-06-12 11:26:00,77.2
2025-06-12 08:36:00,80.8
2025-06-12 00:31:00,34.6
2025-06-12 23:12:00,47.3
2025-06-12 21:12:00,21.7
2025-06-12 12:53:00,31.7
2025-06-12 08:29:00,24.5
2025-06-12 17:09:00,2.2
2025-06-12 19:21:00,87.5
2025-06-12 01:32:00,19.5
2025-06-12 10:47:00,52.5
2025-06-12 02:38:00,72.3
2025-06-12 23:30:00,9.4
2025-06-12 03:08:00,40.9
2025-06-12 11:06:00,89.6
2025-06-12 16:39:00,34.1
2025-06-12 09:06:00,67.4
2025-06-12 21:50:00,98.2
2025-06-12 03:45:00,60.7
2025-06-12 18:20:00,75.4
2025-06-12 00:41:00,42.8
2025-06-12 07:03:00,56.5
2025-06-12 18:17:00,54.1
2025-06-12 15:40:00,44.0
2025-06-12 06:45:00,46.7
2025-06-12 17:59:00,96.2
2025-06-12 01:25:00,97.2
2025-06-12 08:00:00,17.9
2025-06-12 22:51:00,50.04954009433962
2025-06-12 09:40:00,9.7
2025-06-12 21:10:00,97.1
2025-06-12 20:41:00,60.7
2025-06-12 15:11:00,6.4
2025-06-12 22:30:00,58.8
2025-06-12 13:09:00,82.5
2025-06-12 21:44:00,59.0
2025-06-12 04:52:00,70.9
2025-06-12 00:48:00,25.1
2025-06-12 13:29:00,65.3
2025-06-12 09:16:00,82.7
2025-06-12 12:16:00,21.9
2025-06-12 20:36:00,50.04954009433962
2025-06-12 06:39:00,69.4
2025-06-12 07:48:00,6.6
2025-06-12 15:36:00,91.8
2025-06-12 20:24:00,97.5
2025-06-12 20:18:00,56.4
2025-06-12 04:56:00,80.2
2025-06-12 07:10:00,50.04954009433962
2025-06-12 23:19:00,25.1
2025-06-12 09:58:00,68.1
2025-06-12 07:33:00,36.1
2025-06-12 02:40:00,0.1
2025-06-12 21:42:00,50.04954009433962
2025-06-12 03:48:00,48.5
2025-06-12 10:45:00,32.0
2025-06-12 16:01:00,76.3
2025-06-12 10:15:00,26.1
2025-06-12 11:42:00,98.9
2025-06-12 04:39:00,44.8
2025-06-12 14:03:00,35.9
2025-06-12 11:34:00,15.6
2025-06-12 15:49:00,20.7
2025-06-12 23:22:00,50.04954009433962
2025-06-12 19:54:00,50.04954009433962
2025-06-12 08:02:00,64.4
2025-06-12 08:04:00,34.9
2025-06-12 05:20:00,86.0
2025-06-12 09:07:00,19.5
2025-06-12 06:17:00,33.9
2025-06-12 00:15:00,57.7
2025-06-12 12:20:00,85.6
2025-06-12 00:14:00,50.04954009433962
2025-06-12 21:19:00,58.4
2025-06-12 17:45:00,50.04954009433962
2025-06-12 21:48:00,31.0
2025-06-12 06:55:00,59.8
2025-06-12 06:51:00,57.6
2025-06-12 12:49:00,9.8
2025-06-12 07:02:00,65.7
2025-06-12 21:06:00,50.04954009433962
2025-06-12 07:26:00,7.1
2025-06-12 14:37:00,42.6
2025-06-12 09:02:00,84.9
2025-06-12 18:45:00,41.3
2025-06-12 11:54:00,36.1
2025-06-12 10:20:00,77.8
2025-06-12 07:59:00,20.1
2025-06-12 14:42:00,76.4
2025-06-12 07:06:00,34.4
2025-06-12 02:53:00,30.8
2025-06-12 15:07:00,97.5
2025-06-12 03:25:00,41.4
2025-06-12 09:29:00,83.0
2025-06-12 14:36:00,59.0
2025-06-12 20:09:00,46.4
2025-06-12 22:47:00,18.5
2025-06-12 10:13:00,85.3
2025-06-12 00:53:00,74.8
2025-06-12 18:59:00,42.8
2025-06-12 23:44:00,50.04954009433962
2025-06-12 14:27:00,34.9
2025-06-12 15:24:00,61.7
2025-06-12 15:47:00,50.04954009433962
2025-06-12 16:15:00,61.9
2025-06-12 07:27:00,50.04954009433962
2025-06-12 06:18:00,5.2
2025-06-12 19:41:00,2.4
2025-06-12 07:20:00,30.6
2025-06-12 09:28:00,26.9
2025-06-12 05:47:00,50.04954009433962
2025-06-12 14:23:00,21.3
2025-06-12 06:05:00,32.6
2025-06-12 19:57:00,51.6
2025-06-12 21:51:00,50.04954009433962
2025-06-12 09:05:00,11.0
2025-06-12 08:50:00,50.04954009433962
2025-06-12 02:12:00,39.7
2025-06-12 20:58:00,27.4
2025-06-12 19:39:00,26.6
2025-06-12 15:14:00,50.04954009433962
2025-06-12 10:02:00,31.8
2025-06-12 20:16:00,77.4
2025-06-12 21:29:00,47.8
2025-06-12 21:37:00,2.1
2025-06-12 19:51:00,8.2
2025-06-12 18:29:00,50.04954009433962
2025-06-12 14:30:00,67.7
2025-06-12 03:09:00,20.1
2025-06-12 20:34:00,16.2
2025-06-12 13:42:00,50.04954009433962
2025-06-12 04:22:00,60.6
2025-06-12 03:37:00,54.5
2025-06-12 20:43:00,0.6
2025-06-12 23:42:00,77.6
2025-06-12 19:29:00,50.04954009433962
2025-06-12 00:00:00,26.5
2025-06-12 17:40:00,31.6
2025-06-12 13:35:00,88.8
2025-06-12 08:42:00,55.6
2025-06-12 16:17:00,73.7
2025-06-12 02:28:00,35.8
2025-06-12 15:53:00,25.5
2025-06-12 00:52:00,23.6
2025-06-12 21:28:00,50.04954009433962
2025-06-12 00:21:00,48.8
2025-06-12 18:15:00,77.7
2025-06-12 08:59:00,78.4
2025-06-12 20:11:00,92.2
2025-06-12 22:15:00,26.9
2025-06-12 01:26:00,85.2
2025-06-12 02:43:00,61.3
2025-06-12 19:52:00,6.6
2025-06-12 20:14:00,1.5
2025-06-12 18:40:00,76.0
2025-06-12 01:44:00,7.7
2025-06-12 09:13:00,50.04954009433962
2025-06-12 02:08:00,27.8
2025-06-12 09:48:00,27.2
2025-06-12 19:43:00,50.04954009433962
2025-06-12 14:17:00,36.2
2025-06-12 04:17:00,4.4
2025-06-12 16:03:00,77.4
2025-06-12 01:18:00,50.06682414078186
2025-06-12 10:44:00,93.5
2025-06-12 10:01:00,20.7
2025-06-12 03:10:00,90.9
2025-06-12 06:40:00,46.4
2025-06-12 21:08:00,68.0
2025-06-12 03:50:00,9.8
2025-06-12 11:39:00,41.7
2025-06-12 02:01:00,50.06682414078186
2025-06-12 07:32:00,72.5
2025-06-12 21:02:00,82.0
2025-06-12 21:29:00,29.5
2025-06-12 07:59:00,61.1
2025-06-12 13:14:00,95.4
2025-06-12 00:30:00,91.8
2025-06-12 15:36:00,50.06682414078186
2025-06-12 02:49:00,50.06682414078186
2025-06-12 02:15:00,12.3
2025-06-12 05:33:00,62.3
2025-06-12 08:36:00,13.4
2025-06-12 19:30:00,22.7
2025-06-12 08:10:00,79.4
2025-06-12 19:32:00,36.6
2025-06-12 22:28:00,66.8
2025-06-12 12:37:00,25.1
2025-06-12 05:14:00,3.4
2025-06-12 14:45:00,50.06682414078186
2025-06-12 11:33:00,87.2
2025-06-12 15:31:00,76.2
2025-06-12 18:02:00,80.2
2025-06-12 04:15:00,35.9
2025-06-12 20:12:00,50.06682414078186
2025-06-12 00:00:00,15.8
2025-06-12 20:37:00,12.0
2025-06-12 04:34:00,94.6
2025-06-12 07:08:00,70.5
2025-06-12 05:51:00,33.0
2025-06-12 08:04:00,80.7
2025-06-12 11:31:00,10.2
2025-06-12 05:53:00,84.7
2025-06-12 07:25:00,40.0
2025-06-12 21:43:00,89.6
2025-06-12 16:00:00,51.9
2025-06-12 01:27:00,64.0
2025-06-12 22:31:00,16.2
2025-06-12 13:15:00,25.7
2025-06-12 14:25:00,82.4
2025-06-12 22:41:00,50.06682414078186
2025-06-12 03:08:00,40.0
2025-06-12 11:34:00,22.4
2025-06-12 06:35:00,62.9
2025-06-12 00:47:00,50.6
2025-06-12 19:58:00,92.1
2025-06-12 14:28:00,68.6
2025-06-12 13:42:00,52.8
2025-06-12 07:15:00,7.5
2025-06-12 19:24:00,82.0
2025-06-12 04:14:00,7.3
2025-06-12 20:08:00,19.9
2025-06-12 19:14:00,48.1
2025-06-12 18:52:00,15.6
2025-06-12 02:14:00,95.6
2025-06-12 15:55:00,92.8
2025-06-12 16:39:00,50.06682414078186
2025-06-12 00:01:00,50.06682414078186
2025-06-12 01:06:00,52.7
2025-06-12 03:54:00,38.2
2025-06-12 16:28:00,50.06682414078186
2025-06-12 17:02:00,90.1
2025-06-12 01:51:00,75.5
2025-06-12 13:17:00,39.3
2025-06-12 10:47:00,50.06682414078186
2025-06-12 00:36:00,50.06682414078186
2025-06-12 12:22:00,69.8
2025-06-12 02:58:00,70.2
2025-06-12 01:31:00,19.9
2025-06-12 00:04:00,52.2
2025-06-12 21:07:00,27.8
2025-06-12 09:43:00,79.1
2025-06-12 22:26:00,71.5
2025-06-12 14:09:00,4.0
2025-06-12 20:35:00,41.4
2025-06-12 20:26:00,50.06682414078186
2025-06-12 06:45:00,7.2
2025-06-12 05:36:00,18.6
2025-06-12 20:54:00,64.1
2025-06-12 18:55:00,50.2
2025-06-12 00:39:00,15.0
2025-06-12 04:09:00,89.9
2025-06-12 13:56:00,69.5
2025-06-12 13:58:00,95.0
2025-06-12 05:42:00,1.2
2025-06-12 13:53:00,46.3
2025-06-12 16:16:00,50.06682414078186
2025-06-12 15:16:00,97.5
2025-06-12 09:38:00,70.5
2025-06-12 10:13:00,10.7
2025-06-12 15:04:00,22.3
2025-06-12 14:17:00,97.4
2025-06-12 08:09:00,70.9
2025-06-12 09:32:00,50.06682414078186
2025-06-12 13:26:00,98.9
2025-06-12 12:50:00,9.8
2025-06-12 04:10:00,22.4
2025-06-12 06:26:00,26.7
2025-06-12 13:32:00,77.9
2025-06-12 00:38:00,1.9
2025-06-12 06:18:00,50.06682414078186
2025-06-12 11:30:00,14.1
2025-06-12 19:35:00,47.7
2025-06-12 08:27:00,87.0
2025-06-12 23:30:00,12.9
2025-06-12 07:13:00,7.0
2025-06-12 19:17:00,12.1
2025-06-12 03:58:00,64.3
2025-06-12 06:41:00,50.06682414078186
2025-06-12 10:19:00,74.1
2025-06-12 19:47:00,43.5
2025-06-12 11:36:00,47.9
2025-06-12 14:47:00,92.5
2025-06-12 11:56:00,80.3
2025-06-12 10:36:00,67.8
2025-06-12 06:33:00,99.1
2025-06-12 16:25:00,10.9
2025-06-12 09:57:00,40.2
2025-06-12 08:20:00,99.3
2025-06-12 01:05:00,19.1
2025-06-12 06:15:00,24.9
2025-06-12 16:57:00,31.4
2025-06-12 20:39:00,57.7
2025-06-12 14:44:00,84.5
2025-06-12 07:34:00,50.06682414078186
2025-06-12 02:33:00,76.8
2025-06-12 06:47:00,80.4
2025-06-12 23:49:00,57.5
2025-06-12 22:57:00,50.06682414078186
2025-06-12 22:46:00,39.8
2025-06-12 07:01:00,35.1
2025-06-12 00:24:00,17.8
2025-06-12 12:29:00,63.7
2025-06-12 03:03:00,46.6
2025-06-12 06:29:00,47.9
2025-06-12 10:16:00,22.9
2025-06-12 11:53:00,30.7
2025-06-12 17:03:00,29.8
2025-06-12 06:25:00,88.6
2025-06-12 16:10:00,21.2
2025-06-12 22:55:00,2.5
2025-06-12 07:14:00,43.3
2025-06-12 18:04:00,50.06682414078186
2025-06-12 00:31:00,50.06682414078186
2025-06-12 06:32:00,96.3
2025-06-12 00:49:00,50.3
2025-06-12 15:59:00,50.06682414078186
2025-06-12 22:06:00,10.5
2025-06-12 13:50:00,30.9
2025-06-12 04:44:00,6.4
2025-06-12 05:31:00,87.1
2025-06-12 08:58:00,9.9
2025-06-12 03:36:00,70.9
2025-06-12 10:42:00,19.6
2025-06-12 17:39:00,96.0
2025-06-12 02:56:00,89.2
2025-06-12 02:10:00,92.6
2025-06-12 17:58:00,14.1
2025-06-12 19:12:00,35.1
2025-06-12 03:38:00,60.8
2025-06-12 08:07:00,52.7
2025-06-12 13:31:00,78.4
2025-06-12 01:12:00,50.06682414078186
2025-06-12 05:46:00,50.06682414078186
2025-06-12 19:41:00,88.2
2025-06-12 02:40:00,64.7
2025-06-12 01:36:00,30.1
2025-06-12 12:00:00,80.3
2025-06-12 15:44:00,38.8
2025-06-12 03:42:00,28.7
2025-06-12 16:32:00,54.9
2025-06-12 01:46:00,79.1
2025-06-12 18:22:00,5.3
2025-06-12 13:30:00,50.06682414078186
2025-06-12 00:35:00,9.2
2025-06-12 00:08:00,64.2
2025-06-12 18:14:00,87.3
2025-06-12 01:24:00,39.0
2025-06-12 21:56:00,21.4
2025-06-12 16:59:00,5.0
2025-06-12 20:15:00,6.0
2025-06-12 03:45:00,86.8
2025-06-12 05:32:00,82.9
2025-06-12 11:14:00,27.1
2025-06-12 07:18:00,72.1
2025-06-12 18:46:00,41.7
2025-06-12 23:03:00,47.5
2025-06-12 22:18:00,11.9
2025-06-12 12:18:00,50.0
2025-06-12 13:24:00,48.6
2025-06-12 10:39:00,32.4
2025-06-12 06:17:00,71.4
2025-06-12 18:12:00,60.5
2025-06-12 05:10:00,41.8
2025-06-12 00:16:00,4.4
2025-06-12 21:11:00,79.9
2025-06-12 06:08:00,38.7
2025-06-12 00:23:00,93.2
2025-06-12 22:37:00,5.3
2025-06-12 13:29:00,98.2
2025-06-12 15:09:00,92.0
2025-06-12 07:56:00,93.2
2025-06-12 17:45:00,52.9
2025-06-12 10:34:00,65.7
2025-06-12 08:45:00,68.9
2025-06-12 20:44:00,14.3
2025-06-12 16:54:00,50.06682414078186
2025-06-12 22:47:00,31.8
2025-06-12 09:46:00,50.06682414078186
2025-06-12 04:38:00,84.9
2025-06-12 11:06:00,71.0
2025-06-12 12:32:00,50.06682414078186
2025-06-12 16:42:00,78.7
2025-06-12 02:37:00,8.1
2025-06-12 03:21:00,50.06682414078186
2025-06-12 01:13:00,58.0
2025-06-12 03:18:00,41.1
2025-06-12 03:29:00,50.06682414078186
2025-06-12 16:45:00,30.3
2025-06-12 00:55:00,29.8
2025-06-12 02:17:00,47.9
2025-06-12 15:30:00,41.1
2025-06-12 15:22:00,50.06682414078186
2025-06-12 03:26:00,98.4
2025-06-12 23:29:00,64.6
2025-06-12 19:59:00,50.06682414078186
2025-06-12 09:20:00,77.4
2025-06-12 11:41:00,50.06682414078186
2025-06-12 21:57:00,71.5
2025-06-12 17:17:00,71.9
2025-06-12 07:06:00,28.9
2025-06-12 06:20:00,59.4
2025-06-12 14:37:00,50.06682414078186
2025-06-12 08:13:00,21.4
2025-06-12 23:27:00,52.3
2025-06-12 04:47:00,55.9
2025-06-12 00:59:00,92.5
2025-06-12 22:54:00,13.8
2025-06-12 12:35:00,98.9
2025-06-12 21:05:00,50.06682414078186
2025-06-12 03:02:00,11.7
2025-06-12 18:27:00,40.1
2025-06-12 18:33:00,56.6
2025-06-12 14:18:00,50.06682414078186
2025-06-12 08:47:00,42.7
2025-06-12 06:51:00,17.1
2025-06-12 15:40:00,81.0
2025-06-12 12:48:00,40.2
2025-06-12 00:46:00,21.1
2025-06-12 04:41:00,90.1
2025-06-12 04:48:00,78.9
2025-06-12 03:04:00,60.0
2025-06-12 20:01:00,54.6
2025-06-12 22:05:00,43.9
2025-06-12 05:04:00,4.4
2025-06-12 02:02:00,42.9
2025-06-12 11:35:00,51.6
2025-06-12 08:21:00,32.3
2025-06-12 04:13:00,81.7
2025-06-12 23:41:00,14.0
2025-06-12 18:56:00,72.1
2025-06-12 08:11:00,13.5
2025-06-12 15:54:00,64.7
2025-06-12 14:14:00,52.8
2025-06-12 18:40:00,90.8
2025-06-12 21:40:00,76.2
2025-06-12 07:40:00,27.3
2025-06-12 09:25:00,99.6
2025-06-12 00:43:00,95.1
2025-06-12 19:52:00,50.06682414078186
2025-06-12 23:42:00,26.8
2025-06-12 20:20:00,20.0
2025-06-12 09:58:00,4.2
2025-06-12 10:43:00,63.8
2025-06-12 03:52:00,55.9
2025-06-12 11:02:00,53.7
2025-06-12 00:41:00,40.7
2025-06-12 01:17:00,49.6
2025-06-12 06:43:00,30.2
2025-06-12 09:26:00,1.7
2025-06-12 16:19:00,50.06682414078186
2025-06-12 18:54:00,17.8
2025-06-12 06:31:00,92.7
2025-06-12 21:54:00,85.2
2025-06-12 04:04:00,54.2
2025-06-12 07:50:00,23.4
2025-06-12 14:53:00,16.9
2025-06-12 20:30:00,69.2
2025-06-12 03:20:00,49.378098152289034
2025-06-12 15:04:00,39.7
2025-06-12 18:04:00,94.1
2025-06-12 20:58:00,39.6
2025-06-12 12:59:00,45.6
2025-06-12 06:58:00,49.378098152289034
2025-06-12 02:53:00,37.0
2025-06-12 04:42:00,49.378098152289034
2025-06-12 14:16:00,35.5
2025-06-12 10:29:00,49.378098152289034
2025-06-12 01:10:00,41.1
2025-06-12 20:37:00,31.6
2025-06-12 06:11:00,4.2
2025-06-12 21:32:00,39.7
2025-06-12 03:28:00,49.378098152289034
2025-06-12 15:14:00,49.378098152289034
2025-06-12 19:29:00,88.0
2025-06-12 02:59:00,4.3
2025-06-12 15:09:00,49.378098152289034
2025-06-12 20:12:00,81.5
2025-06-12 08:58:00,74.0
2025-06-12 23:24:00,36.6
2025-06-12 23:16:00,49.378098152289034
2025-06-12 20:06:00,46.4
2025-06-12 19:22:00,7.9
2025-06-12 17:20:00,83.8
2025-06-12 05:24:00,38.0
2025-06-12 08:16:00,82.7
2025-06-12 15:18:00,7.0
2025-06-12 09:23:00,21.9
2025-06-12 03:01:00,17.2
2025-06-12 19:00:00,49.378098152289034
2025-06-12 06:27:00,98.9
2025-06-12 17:30:00,49.378098152289034
2025-06-12 05:08:00,76.9
2025-06-12 18:13:00,75.0
2025-06-12 04:11:00,49.378098152289034
2025-06-12 11:29:00,18.1
2025-06-12 15:47:00,49.378098152289034
2025-06-12 22:21:00,49.378098152289034
2025-06-12 21:19:00,13.5
2025-06-12 18:54:00,49.378098152289034
2025-06-12 06:19:00,49.378098152289034
2025-06-12 20:29:00,41.3
2025-06-12 03:29:00,53.3
2025-06-12 17:45:00,15.7
2025-06-12 15:22:00,47.6
2025-06-12 03:40:00,23.7
2025-06-12 05:52:00,91.0
2025-06-12 23:52:00,49.378098152289034
2025-06-12 22:16:00,48.7
2025-06-12 08:44:00,74.6
2025-06-12 08:09:00,42.4
2025-06-12 13:03:00,49.378098152289034
2025-06-12 18:23:00,83.3
2025-06-12 22:22:00,49.378098152289034
2025-06-12 20:55:00,49.378098152289034
2025-06-12 18:05:00,18.0
2025-06-12 03:39:00,3.7
2025-06-12 04:15:00,95.9
2025-06-12 08:54:00,43.2
2025-06-12 09:48:00,64.9
2025-06-12 11:35:00,52.2
2025-06-12 07:35:00,79.2
2025-06-12 03:32:00,2.7
2025-06-12 09:18:00,49.378098152289034
2025-06-12 18:40:00,49.378098152289034
2025-06-12 17:03:00,49.378098152289034
2025-06-12 07:36:00,7.4
2025-06-12 04:03:00,81.7
2025-06-12 22:47:00,49.378098152289034
2025-06-12 21:15:00,49.378098152289034
2025-06-12 09:28:00,67.3
2025-06-12 21:24:00,95.8
2025-06-12 00:08:00,62.2
2025-06-12 12:41:00,56.5
2025-06-12 18:59:00,43.8
2025-06-12 01:46:00,62.6
2025-06-12 08:11:00,53.4
2025-06-12 11:26:00,55.8
2025-06-12 10:33:00,33.6
2025-06-12 14:06:00,62.3
2025-06-12 15:31:00,1.1
2025-06-12 14:40:00,45.3
2025-06-12 07:31:00,75.4
2025-06-12 00:20:00,97.3
2025-06-12 03:46:00,85.3
2025-06-12 21:58:00,49.378098152289034
2025-06-12 23:34:00,84.5
2025-06-12 05:15:00,49.378098152289034
2025-06-12 13:53:00,49.378098152289034
2025-06-12 08:51:00,57.7
2025-06-12 04:18:00,49.378098152289034
2025-06-12 16:56:00,49.378098152289034
2025-06-12 21:06:00,68.3
2025-06-12 11:02:00,83.3
2025-06-12 17:59:00,36.4
2025-06-12 23:04:00,8.9
2025-06-12 06:04:00,65.7
2025-06-12 13:49:00,49.378098152289034
2025-06-12 21:09:00,21.1
2025-06-12 21:26:00,62.3
2025-06-12 06:01:00,49.378098152289034
2025-06-12 08:04:00,52.0
2025-06-12 08:36:00,83.4
2025-06-12 05:22:00,22.1
2025-06-12 07:40:00,49.378098152289034
2025-06-12 14:17:00,99.9
2025-06-12 09:59:00,61.9
2025-06-12 03:13:00,38.2
2025-06-12 09:31:00,9.3
2025-06-12 00:24:00,82.5
2025-06-12 04:02:00,75.8
2025-06-12 13:56:00,81.9
2025-06-12 14:13:00,30.7
2025-06-12 19:19:00,17.1
2025-06-12 16:28:00,51.4
2025-06-12 08:34:00,78.3
2025-06-12 22:05:00,26.7
2025-06-12 20:08:00,59.8
2025-06-12 14:27:00,75.4
2025-06-12 09:51:00,43.6
2025-06-12 14:52:00,71.3
2025-06-12 20:03:00,49.378098152289034
2025-06-12 23:30:00,71.1
2025-06-12 13:14:00,54.8
2025-06-12 00:22:00,23.9
2025-06-12 20:53:00,41.2
2025-06-12 10:43:00,49.378098152289034
2025-06-12 22:46:00,18.5
2025-06-12 15:56:00,49.378098152289034
2025-06-12 05:09:00,56.6
2025-06-12 11:36:00,22.3
2025-06-12 23:36:00,37.5
2025-06-12 18:33:00,65.2
2025-06-12 18:35:00,49.378098152289034
2025-06-12 22:52:00,90.3
2025-06-12 16:58:00,79.3
2025-06-12 23:27:00,5.1
2025-06-12 14:26:00,68.3
2025-06-12 14:43:00,71.9
2025-06-12 02:49:00,60.0
2025-06-12 00:48:00,83.5
2025-06-12 23:22:00,48.0
2025-06-12 06:21:00,93.8
2025-06-12 10:57:00,45.0
2025-06-12 00:57:00,93.3
2025-06-12 16:21:00,29.0
2025-06-12 11:05:00,41.5
2025-06-12 10:22:00,38.4
2025-06-12 03:30:00,76.6
2025-06-12 15:25:00,74.8
2025-06-12 16:55:00,63.8
2025-06-12 11:24:00,45.2
2025-06-12 07:59:00,49.378098152289034
2025-06-12 15:16:00,55.1
2025-06-12 17:56:00,38.2
2025-06-12 14:45:00,82.5
2025-06-12 16:49:00,49.378098152289034
2025-06-12 08:33:00,58.4
2025-06-12 05:34:00,37.9
2025-06-12 04:50:00,53.2
2025-06-12 15:37:00,49.378098152289034
2025-06-12 09:08:00,94.7
2025-06-12 12:06:00,22.3
2025-06-12 05:58:00,23.5
2025-06-12 09:11:00,16.2
2025-06-12 11:34:00,28.6
2025-06-12 04:47:00,43.4
2025-06-12 06:39:00,15.1
2025-06-12 01:14:00,21.9
2025-06-12 03:21:00,33.4
2025-06-12 03:05:00,16.3
2025-06-12 02:18:00,49.8
2025-06-12 10:31:00,79.5
2025-06-12 14:44:00,59.9
2025-06-12 21:35:00,49.378098152289034
2025-06-12 21:29:00,87.3
2025-06-12 21:21:00,46.8
2025-06-12 19:37:00,22.6
2025-06-12 20:34:00,0.8
2025-06-12 07:47:00,37.3
2025-06-12 02:56:00,18.6
2025-06-12 05:43:00,60.7
2025-06-12 13:13:00,49.378098152289034
2025-06-12 16:59:00,89.9
2025-06-12 01:30:00,49.378098152289034
2025-06-12 14:49:00,6.3
2025-06-12 15:07:00,19.0
2025-06-12 11:22:00,49.378098152289034
2025-06-12 02:29:00,49.378098152289034
2025-06-12 02:00:00,26.6
2025-06-12 19:10:00,0.0
2025-06-12 21:03:00,49.378098152289034
2025-06-12 23:21:00,3.2
2025-06-12 07:55:00,39.3
2025-06-12 07:11:00,22.8
2025-06-12 05:48:00,49.378098152289034
2025-06-12 11:41:00,73.7
2025-06-12 12:27:00,19.5
2025-06-12 01:48:00,29.3
2025-06-12 12:35:00,85.5
2025-06-12 10:03:00,57.7
2025-06-12 04:19:00,48.2
2025-06-12 21:23:00,64.1
2025-06-12 07:43:00,32.9
2025-06-12 00:19:00,29.3
2025-06-12 13:34:00,76.6
2025-06-12 11:11:00,23.9
2025-06-12 06:05:00,63.4
2025-06-12 18:30:00,31.4
2025-06-12 17:23:00,93.2
2025-06-12 03:02:00,54.8
2025-06-12 22:42:00,1.3
2025-06-12 21:07:00,30.8
2025-06-12 01:15:00,40.2
2025-06-12 23:05:00,55.5
2025-06-12 22:32:00,94.6
2025-06-12 17:50:00,23.7
2025-06-12 16:09:00,29.7
2025-06-12 21:08:00,58.3
2025-06-12 02:24:00,55.0
2025-06-12 08:00:00,6.1
2025-06-12 22:08:00,2.4
2025-06-12 23:46:00,12.3
2025-06-12 12:57:00,22.4
2025-06-12 03:11:00,13.9
2025-06-12 16:38:00,49.378098152289034
2025-06-12 00:11:00,88.2
2025-06-12 00:00:00,58.2
2025-06-12 15:30:00,18.2
2025-06-12 02:05:00,66.9
2025-06-12 23:07:00,94.2
2025-06-12 19:11:00,51.0
2025-06-12 01:11:00,2.4
2025-06-12 11:07:00,83.1
2025-06-12 18:27:00,55.2
2025-06-12 00:40:00,46.5
2025-06-12 00:10:00,29.5
2025-06-12 11:47:00,4.8
2025-06-12 01:17:00,49.378098152289034
2025-06-12 04:13:00,68.7
2025-06-12 03:08:00,71.7
2025-06-12 12:17:00,95.7
2025-06-12 16:05:00,34.8
2025-06-12 02:34:00,63.7
2025-06-12 00:02:00,96.2
2025-06-12 01:59:00,49.378098152289034
2025-06-12 06:28:00,7.0
2025-06-12 15:29:00,73.8
2025-06-12 14:28:00,75.0
2025-06-12 11:16:00,93.6
2025-06-12 16:42:00,31.0
2025-06-12 02:31:00,83.3
2025-06-12 07:18:00,68.0
2025-06-12 09:30:00,10.5
2025-06-12 06:08:00,49.378098152289034
2025-06-12 20:28:00,91.7
2025-06-12 05:17:00,21.6
2025-06-12 03:59:00,32.7
2025-06-12 22:10:00,24.0
2025-06-12 14:15:00,16.4
2025-06-12 23:58:00,28.6
2025-06-12 14:24:00,1.9
2025-06-12 01:09:00,11.9
2025-06-12 11:15:00,49.378098152289034
2025-06-12 08:50:00,24.1
2025-06-12 13:51:00,75.9
2025-06-12 09:12:00,88.1
2025-06-12 21:28:00,35.8
2025-06-12 19:30:00,86.2
2025-06-12 09:09:00,40.9
2025-06-12 01:56:00,87.4
2025-06-12 13:25:00,11.2
2025-06-12 19:59:00,49.378098152289034
2025-06-12 20:42:00,45.5
2025-06-12 11:21:00,13.1
2025-06-12 08:10:00,49.378098152289034
2025-06-12 09:19:00,49.378098152289034
2025-06-12 19:44:00,71.3
2025-06-12 17:01:00,49.378098152289034
2025-06-12 09:03:00,51.7
2025-06-12 04:28:00,9.6
2025-06-12 21:22:00,99.5
2025-06-12 14:14:00,96.8
2025-06-12 17:24:00,60.2
2025-06-12 07:33:00,23.0
2025-06-12 03:57:00,98.3
2025-06-12 12:53:00,49.378098152289034
2025-06-12 00:38:00,99.3
2025-06-12 16:14:00,49.378098152289034
2025-06-12 18:34:00,75.7
2025-06-12 02:16:00,17.6
2025-06-12 11:43:00,31.0
2025-06-12 20:30:00,57.6
2025-06-12 22:48:00,1.8
2025-06-12 19:23:00,47.1
2025-06-12 15:57:00,49.378098152289034
2025-06-12 16:06:00,16.4
2025-06-12 02:03:00,69.0
2025-06-12 06:25:00,88.7
2025-06-12 07:42:00,84.7
2025-06-12 05:23:00,11.3
2025-06-12 07:20:00,15.2
2025-06-12 10:27:00,9.8
2025-06-12 15:38:00,95.9
2025-06-12 11:56:00,98.8
2025-06-12 08:00:00,49.86672560113154
2025-06-12 08:51:00,37.7
2025-06-12 01:31:00,11.9
2025-06-12 16:07:00,9.5
2025-06-12 17:33:00,95.0
2025-06-12 23:37:00,25.5
2025-06-12 17:46:00,6.6
2025-06-12 22:54:00,69.0
2025-06-12 19:03:00,35.5
2025-06-12 23:39:00,97.0
2025-06-12 00:31:00,49.86672560113154
2025-06-12 00:30:00,57.9
2025-06-12 05:21:00,37.0
2025-06-12 06:25:00,99.7
2025-06-12 23:59:00,83.1
2025-06-12 11:39:00,49.86672560113154
2025-06-12 07:56:00,17.2
2025-06-12 20:19:00,61.5
2025-06-12 16:58:00,11.5
2025-06-12 14:52:00,69.8
2025-06-12 01:23:00,49.86672560113154
2025-06-12 09:51:00,35.6
2025-06-12 13:31:00,49.86672560113154
2025-06-12 17:13:00,79.3
2025-06-12 08:07:00,90.2
2025-06-12 04:21:00,26.4
2025-06-12 07:18:00,22.6
2025-06-12 16:35:00,95.3
2025-06-12 01:46:00,97.3
2025-06-12 12:51:00,49.86672560113154
2025-06-12 23:12:00,49.86672560113154
2025-06-12 07:11:00,2.8
2025-06-12 08:59:00,53.6
2025-06-12 19:07:00,26.9
2025-06-12 07:22:00,35.7
2025-06-12 02:15:00,60.1
2025-06-12 04:52:00,17.3
2025-06-12 14:16:00,49.86672560113154
2025-06-12 08:57:00,71.5
2025-06-12 06:27:00,15.4
2025-06-12 18:23:00,82.0
2025-06-12 05:05:00,7.0
2025-06-12 22:44:00,31.4
2025-06-12 17:05:00,61.5
2025-06-12 23:26:00,90.5
2025-06-12 13:01:00,88.8
2025-06-12 12:07:00,77.9
2025-06-12 09:23:00,49.86672560113154
2025-06-12 22:35:00,95.9
2025-06-12 18:36:00,49.86672560113154
2025-06-12 16:44:00,67.3
2025-06-12 18:17:00,49.86672560113154
2025-06-12 14:35:00,3.5
2025-06-12 04:45:00,45.8
2025-06-12 01:58:00,56.5
2025-06-12 06:48:00,49.86672560113154
2025-06-12 20:59:00,15.5
2025-06-12 03:28:00,84.7
2025-06-12 20:02:00,49.86672560113154
2025-06-12 12:32:00,53.5
2025-06-12 11:28:00,49.86672560113154
2025-06-12 00:26:00,62.3
2025-06-12 01:26:00,9.8
2025-06-12 19:41:00,21.2
2025-06-12 22:00:00,82.2
2025-06-12 20:23:00,49.86672560113154
2025-06-12 21:46:00,49.86672560113154
2025-06-12 05:12:00,49.86672560113154
2025-06-12 04:44:00,63.0
2025-06-12 05:36:00,41.6
2025-06-12 11:03:00,33.2
2025-06-12 17:29:00,97.7
2025-06-12 07:00:00,49.86672560113154
2025-06-12 12:52:00,47.5
2025-06-12 20:16:00,41.8
2025-06-12 06:10:00,54.7
2025-06-12 02:13:00,49.86672560113154
2025-06-12 17:31:00,13.1
2025-06-12 21:37:00,10.9
2025-06-12 16:32:00,46.1
2025-06-12 06:16:00,68.8
2025-06-12 04:50:00,34.6
2025-06-12 22:13:00,86.4
2025-06-12 02:36:00,70.3
2025-06-12 13:41:00,8.7
2025-06-12 19:54:00,63.5
2025-06-12 08:06:00,57.9
2025-06-12 04:35:00,15.7
2025-06-12 15:06:00,49.86672560113154
2025-06-12 17:07:00,13.3
2025-06-12 17:20:00,49.86672560113154
2025-06-12 09:49:00,2.7
2025-06-12 05:08:00,58.3
2025-06-12 18:26:00,11.8
2025-06-12 19:11:00,49.86672560113154
2025-06-12 08:46:00,97.1
2025-06-12 23:11:00,49.86672560113154
2025-06-12 16:16:00,38.5
2025-06-12 18:09:00,50.6
2025-06-12 09:41:00,37.3
2025-06-12 10:28:00,49.86672560113154
2025-06-12 21:19:00,9.3
2025-06-12 15:42:00,2.9
2025-06-12 04:18:00,4.4
2025-06-12 23:41:00,17.2
2025-06-12 00:32:00,36.8
2025-06-12 11:14:00,6.7
2025-06-12 16:01:00,57.0
2025-06-12 08:43:00,10.5
2025-06-12 01:04:00,0.9
2025-06-12 13:09:00,12.4
2025-06-12 00:51:00,14.9
2025-06-12 03:01:00,61.2
2025-06-12 13:26:00,52.0
2025-06-12 19:04:00,15.3
2025-06-12 18:46:00,45.0
2025-06-12 05:13:00,51.4
2025-06-12 23:58:00,50.8
2025-06-12 17:57:00,77.4
2025-06-12 07:30:00,49.86672560113154
2025-06-12 20:18:00,49.86672560113154
2025-06-12 16:09:00,14.2
2025-06-12 13:15:00,81.5
2025-06-12 11:06:00,77.6
2025-06-12 22:25:00,88.5
2025-06-12 11:13:00,47.7
2025-06-12 18:11:00,18.0
2025-06-12 23:22:00,88.3
2025-06-12 00:18:00,98.4
2025-06-12 12:44:00,83.8
2025-06-12 10:13:00,20.3
2025-06-12 17:06:00,25.0
2025-06-12 21:29:00,40.4
2025-06-12 04:05:00,3.9
2025-06-12 21:15:00,81.5
2025-06-12 07:21:00,61.3
2025-06-12 19:51:00,49.86672560113154
2025-06-12 11:42:00,98.6
2025-06-12 02:38:00,57.8
2025-06-12 18:45:00,18.7
2025-06-12 03:56:00,49.4
2025-06-12 23:25:00,99.4
2025-06-12 03:44:00,28.4
2025-06-12 02:52:00,7.1
2025-06-12 05:38:00,82.4
2025-06-12 08:35:00,31.8
2025-06-12 01:14:00,49.86672560113154
2025-06-12 20:10:00,94.0
2025-06-12 04:17:00,19.5
2025-06-12 11:51:00,85.1
2025-06-12 07:27:00,11.6
2025-06-12 13:53:00,24.4
2025-06-12 17:00:00,11.2
2025-06-12 18:12:00,16.8
2025-06-12 01:57:00,75.0
2025-06-12 15:15:00,42.0
2025-06-12 04:19:00,65.1
2025-06-12 10:41:00,70.2
2025-06-12 18:50:00,11.6
2025-06-12 11:09:00,72.9
2025-06-12 21:56:00,57.3
2025-06-12 15:33:00,91.5
2025-06-12 01:54:00,97.5
2025-06-12 13:56:00,31.3
2025-06-12 05:00:00,43.4
2025-06-12 08:32:00,89.6
2025-06-12 08:01:00,65.5
2025-06-12 00:22:00,49.86672560113154
2025-06-12 23:53:00,97.9
2025-06-12 20:38:00,18.7
2025-06-12 16:25:00,99.0
2025-06-12 01:00:00,49.86672560113154
2025-06-12 14:20:00,47.1
2025-06-12 16:55:00,59.4
2025-06-12 01:28:00,92.3
2025-06-12 11:34:00,63.5
2025-06-12 07:26:00,92.9
2025-06-12 18:49:00,49.86672560113154
2025-06-12 12:53:00,53.9
2025-06-12 15:58:00,77.5
2025-06-12 05:06:00,56.3
2025-06-12 14:19:00,25.4
2025-06-12 16:49:00,30.7
2025-06-12 08:44:00,85.5
2025-06-12 22:43:00,67.9
2025-06-12 02:39:00,92.7
2025-06-12 15:11:00,61.8
2025-06-12 18:43:00,44.4
2025-06-12 12:36:00,63.7
2025-06-12 01:59:00,72.5
2025-06-12 01:39:00,25.7
2025-06-12 07:06:00,71.8
2025-06-12 12:42:00,60.3
2025-06-12 10:07:00,40.8
2025-06-12 00:55:00,49.86672560113154
2025-06-12 13:35:00,73.0
2025-06-12 04:47:00,82.1
2025-06-12 05:25:00,89.0
2025-06-12 07:16:00,22.6
2025-06-12 20:47:00,37.8
2025-06-12 21:38:00,46.9
2025-06-12 08:34:00,36.0
2025-06-12 10:10:00,77.3
2025-06-12 18:44:00,52.7
2025-06-12 05:04:00,14.4
2025-06-12 04:30:00,33.9
2025-06-12 01:44:00,49.86672560113154
2025-06-12 09:35:00,19.5
2025-06-12 12:43:00,11.3
2025-06-12 22:31:00,49.86672560113154
2025-06-12 22:14:00,8.8
2025-06-12 14:41:00,49.86672560113154
2025-06-12 10:23:00,44.6
2025-06-12 20:35:00,50.9
2025-06-12 13:27:00,64.7
2025-06-12 07:31:00,77.8
2025-06-12 05:51:00,40.2
2025-06-12 06:39:00,49.86672560113154
2025-06-12 05:02:00,98.3
2025-06-12 14:53:00,7.8
2025-06-12 01:22:00,47.3
2025-06-12 09:33:00,20.2
2025-06-12 18:22:00,14.5
2025-06-12 09:13:00,59.3
2025-06-12 05:40:00,81.5
2025-06-12 17:26:00,63.6
2025-06-12 03:26:00,0.3
2025-06-12 19:06:00,53.5
2025-06-12 04:36:00,31.7
2025-06-12 03:29:00,49.86672560113154
2025-06-12 19:02:00,49.86672560113154
2025-06-12 01:37:00,1.5
2025-06-12 01:27:00,76.6
2025-06-12 23:32:00,43.0
2025-06-12 06:14:00,18.1
2025-06-12 17:23:00,49.86672560113154
2025-06-12 01:07:00,95.1
2025-06-12 20:24:00,49.86672560113154
2025-06-12 08:36:00,57.1
2025-06-12 12:50:00,49.86672560113154
2025-06-12 14:04:00,9.1
2025-06-12 16:24:00,49.86672560113154
2025-06-12 20:00:00,43.2
2025-06-12 03:06:00,87.6
2025-06-12 11:00:00,15.6
2025-06-12 18:59:00,13.5
2025-06-12 05:49:00,91.1
2025-06-12 20:37:00,49.86672560113154
2025-06-12 20:05:00,32.6
2025-06-12 19:49:00,18.1
2025-06-12 10:15:00,92.4
2025-06-12 14:54:00,13.4
2025-06-12 04:09:00,6.6
2025-06-12 09:08:00,15.0
2025-06-12 13:28:00,76.6
2025-06-12 14:13:00,29.5
2025-06-12 23:45:00,91.1
2025-06-12 05:53:00,52.1
2025-06-12 01:25:00,9.2
2025-06-12 06:04:00,41.6
2025-06-12 06:21:00,81.0
2025-06-12 17:24:00,62.4
2025-06-12 10:29:00,49.2
2025-06-12 06:29:00,76.6
2025-06-12 16:04:00,37.1
2025-06-12 16:02:00,92.0
2025-06-12 08:17:00,73.9
2025-06-12 01:05:00,64.8
2025-06-12 10:01:00,64.4
2025-06-12 06:01:00,49.86672560113154
2025-06-12 00:34:00,11.1
2025-06-12 11:16:00,49.86672560113154
2025-06-12 05:27:00,69.7
2025-06-12 18:31:00,11.2
2025-06-12 07:54:00,37.4
2025-06-12 00:59:00,40.5
2025-06-12 09:14:00,25.8
2025-06-12 21:04:00,49.86672560113154
2025-06-12 15:21:00,57.2
2025-06-12 13:02:00,11.6
2025-06-12 11:55:00,70.1
2025-06-12 18:29:00,18.1
2025-06-12 04:31:00,9.2
2025-06-12 03:47:00,28.5
2025-06-12 07:44:00,49.86672560113154
2025-06-12 23:55:00,42.6
2025-06-12 07:57:00,49.86672560113154
2025-06-12 00:07:00,31.2
2025-06-12 23:08:00,11.8
2025-06-12 10:33:00,71.4
2025-06-12 18:03:00,21.2
2025-06-12 21:30:00,56.1
2025-06-12 05:34:00,49.86672560113154
2025-06-12 12:37:00,49.86672560113154
2025-06-12 03:48:00,2.0
2025-06-12 23:51:00,42.9
2025-06-12 17:48:00,2.7
2025-06-12 08:15:00,66.1
2025-06-12 06:52:00,60.6
2025-06-12 19:37:00,21.0
2025-06-12 16:26:00,31.3
2025-06-12 00:37:00,41.3
2025-06-12 19:31:00,65.1
2025-06-12 12:48:00,50.613932505273034
2025-06-12 07:08:00,0.8
2025-06-12 10:33:00,92.6
2025-06-12 18:20:00,97.6
2025-06-12 03:01:00,41.4
2025-06-12 19:01:00,66.2
2025-06-12 04:56:00,93.5
2025-06-12 11:53:00,85.9
2025-06-12 13:54:00,32.2
2025-06-12 01:54:00,75.3
2025-06-12 05:52:00,57.2
2025-06-12 06:56:00,88.1
2025-06-12 22:06:00,5.1
2025-06-12 06:38:00,82.3
2025-06-12 13:28:00,5.5
2025-06-12 20:35:00,89.3
2025-06-12 13:51:00,50.613932505273034
2025-06-12 11:21:00,68.4
2025-06-12 22:16:00,50.613932505273034
2025-06-12 01:12:00,16.2
2025-06-12 17:04:00,41.4
2025-06-12 01:13:00,3.4
2025-06-12 21:15:00,50.613932505273034
2025-06-12 14:23:00,47.7
2025-06-12 13:50:00,4.6
2025-06-12 06:57:00,1.3
2025-06-12 17:12:00,68.7
2025-06-12 06:12:00,50.613932505273034
2025-06-12 11:13:00,89.9
2025-06-12 16:45:00,96.9
2025-06-12 21:44:00,69.5
2025-06-12 18:00:00,96.7
2025-06-12 12:36:00,50.613932505273034
2025-06-12 19:27:00,39.2
2025-06-12 02:04:00,0.4
2025-06-12 05:41:00,39.0
2025-06-12 13:22:00,13.2
2025-06-12 08:44:00,44.2
2025-06-12 03:28:00,18.5
2025-06-12 00:34:00,27.2
2025-06-12 15:52:00,61.5
2025-06-12 15:05:00,59.4
2025-06-12 02:55:00,17.6
2025-06-12 03:38:00,14.7
2025-06-12 09:26:00,49.1
2025-06-12 11:14:00,36.7
2025-06-12 05:56:00,62.3
2025-06-12 17:05:00,54.6
2025-06-12 13:00:00,19.7
2025-06-12 17:50:00,91.7
2025-06-12 10:55:00,18.8
2025-06-12 09:21:00,87.1
2025-06-12 23:26:00,39.0
2025-06-12 13:35:00,43.8
2025-06-12 11:45:00,0.4
2025-06-12 04:45:00,50.613932505273034
2025-06-12 13:42:00,50.613932505273034
2025-06-12 01:57:00,99.6
2025-06-12 21:09:00,59.7
2025-06-12 14:27:00,32.2
2025-06-12 14:49:00,50.613932505273034
2025-06-12 14:04:00,94.6
2025-06-12 07:10:00,52.1
2025-06-12 00:32:00,77.0
2025-06-12 07:16:00,70.5
2025-06-12 02:43:00,2.8
2025-06-12 13:56:00,47.0
2025-06-12 15:54:00,75.4
2025-06-12 23:53:00,76.7
2025-06-12 11:52:00,47.3
2025-06-12 07:20:00,94.2
2025-06-12 14:19:00,14.8
2025-06-12 09:09:00,7.2
2025-06-12 09:41:00,6.0
2025-06-12 15:23:00,68.7
2025-06-12 14:29:00,7.4
2025-06-12 13:32:00,4.1
2025-06-12 12:32:00,27.2
2025-06-12 15:59:00,82.8
2025-06-12 06:34:00,68.3
2025-06-12 17:02:00,39.6
2025-06-12 18:22:00,10.6
2025-06-12 11:42:00,56.4
2025-06-12 01:02:00,59.7
2025-06-12 15:51:00,50.613932505273034
2025-06-12 06:24:00,5.6
2025-06-12 06:01:00,42.1
2025-06-12 21:01:00,17.8
2025-06-12 02:10:00,60.8
2025-06-12 14:38:00,50.613932505273034
2025-06-12 03:33:00,88.0
2025-06-12 17:20:00,67.5
2025-06-12 22:02:00,28.9
2025-06-12 18:23:00,95.7
2025-06-12 06:49:00,32.0
2025-06-12 06:11:00,50.613932505273034
2025-06-12 03:21:00,13.6
2025-06-12 00:58:00,26.8
2025-06-12 14:42:00,24.5
2025-06-12 12:18:00,31.8
2025-06-12 18:33:00,13.9
2025-06-12 11:15:00,35.8
2025-06-12 16:39:00,64.2
2025-06-12 03:34:00,44.5
2025-06-12 14:20:00,9.4
2025-06-12 05:39:00,46.4
2025-06-12 05:54:00,93.7
2025-06-12 08:16:00,44.6
2025-06-12 08:30:00,85.4
2025-06-12 00:12:00,50.613932505273034
2025-06-12 10:13:00,89.9
2025-06-12 07:31:00,52.8
2025-06-12 04:34:00,15.0
2025-06-12 09:37:00,38.6
2025-06-12 18:07:00,45.7
2025-06-12 20:57:00,81.9
2025-06-12 09:17:00,39.9
2025-06-12 08:10:00,2.6
2025-06-12 21:18:00,72.6
2025-06-12 18:42:00,64.1
2025-06-12 01:00:00,78.3
2025-06-12 03:48:00,33.6
2025-06-12 13:02:00,36.9
2025-06-12 12:00:00,51.7
2025-06-12 11:31:00,18.5
2025-06-12 23:15:00,42.6
2025-06-12 18:28:00,25.8
2025-06-12 20:19:00,50.613932505273034
2025-06-12 13:07:00,94.4
2025-06-12 04:41:00,97.3
2025-06-12 09:18:00,91.0
2025-06-12 19:33:00,50.613932505273034
2025-06-12 05:19:00,31.0
2025-06-12 00:01:00,2.0
2025-06-12 05:47:00,42.2
2025-06-12 14:41:00,10.8
2025-06-12 19:16:00,50.613932505273034
2025-06-12 23:42:00,35.5
2025-06-12 06:10:00,28.1
2025-06-12 15:32:00,50.613932505273034
2025-06-12 03:07:00,20.7
2025-06-12 22:32:00,34.5
2025-06-12 08:03:00,50.613932505273034
2025-06-12 10:35:00,25.8
2025-06-12 18:25:00,50.613932505273034
2025-06-12 15:34:00,50.613932505273034
2025-06-12 05:18:00,50.613932505273034
2025-06-12 20:37:00,85.0
2025-06-12 12:11:00,50.613932505273034
2025-06-12 18:43:00,50.613932505273034
2025-06-12 19:36:00,50.613932505273034
2025-06-12 02:01:00,18.8
2025-06-12 13:44:00,50.613932505273034
2025-06-12 22:35:00,42.0
2025-06-12 12:08:00,54.9
2025-06-12 22:10:00,57.3
2025-06-12 12:54:00,54.7
2025-06-12 05:25:00,80.7
2025-06-12 15:08:00,75.3
2025-06-12 15:49:00,53.9
2025-06-12 09:07:00,99.8
2025-06-12 19:54:00,47.4
2025-06-12 04:16:00,39.6
2025-06-12 01:42:00,74.0
2025-06-12 06:28:00,89.8
2025-06-12 22:15:00,5.3
2025-06-12 13:33:00,83.8
2025-06-12 22:24:00,50.9
2025-06-12 23:41:00,41.7
2025-06-12 11:06:00,28.0
2025-06-12 04:39:00,50.613932505273034
2025-06-12 22:12:00,52.7
2025-06-12 06:42:00,23.9
2025-06-12 01:15:00,96.6
2025-06-12 19:18:00,24.7
2025-06-12 00:05:00,87.8
2025-06-12 16:05:00,32.3
2025-06-12 23:22:00,50.5
2025-06-12 02:40:00,81.1
2025-06-12 23:30:00,50.613932505273034
2025-06-12 19:30:00,37.2
2025-06-12 00:41:00,52.3
2025-06-12 01:22:00,4.1
2025-06-12 20:48:00,50.613932505273034
2025-06-12 06:58:00,44.1
2025-06-12 08:51:00,5.4
2025-06-12 10:20:00,50.613932505273034
2025-06-12 04:01:00,72.4
2025-06-12 05:22:00,4.7
2025-06-12 06:45:00,41.7
2025-06-12 14:57:00,28.7
2025-06-12 20:46:00,3.1
2025-06-12 22:31:00,50.613932505273034
2025-06-12 04:04:00,85.3
2025-06-12 04:21:00,98.9
2025-06-12 12:01:00,50.613932505273034
2025-06-12 20:54:00,68.8
2025-06-12 16:38:00,16.6
2025-06-12 12:55:00,50.613932505273034
2025-06-12 16:17:00,42.7
2025-06-12 13:17:00,50.613932505273034
2025-06-12 17:56:00,72.9
2025-06-12 11:16:00,93.4
2025-06-12 23:48:00,64.6
2025-06-12 19:50:00,87.4
2025-06-12 14:30:00,63.2
2025-06-12 14:50:00,20.4
2025-06-12 03:31:00,56.3
2025-06-12 02:16:00,50.613932505273034
2025-06-12 19:44:00,68.7
2025-06-12 19:53:00,60.7
2025-06-12 22:34:00,89.2
2025-06-12 11:29:00,50.613932505273034
2025-06-12 03:54:00,1.3
2025-06-12 17:08:00,19.9
2025-06-12 00:06:00,44.6
2025-06-12 09:31:00,83.1
2025-06-12 23:02:00,85.8
2025-06-12 22:01:00,89.4
2025-06-12 17:03:00,82.5
2025-06-12 00:57:00,23.1
2025-06-12 01:48:00,99.7
2025-06-12 08:06:00,10.6
2025-06-12 07:46:00,13.3
2025-06-12 00:47:00,19.7
2025-06-12 02:29:00,58.7
2025-06-12 08:20:00,50.613932505273034
2025-06-12 01:16:00,50.613932505273034
2025-06-12 21:02:00,93.5
2025-06-12 22:07:00,50.613932505273034
2025-06-12 18:04:00,99.1
2025-06-12 23:06:00,64.3
2025-06-12 02:32:00,24.6
2025-06-12 14:37:00,41.2
2025-06-12 09:53:00,78.6
2025-06-12 04:48:00,68.3
2025-06-12 04:07:00,36.7
2025-06-12 16:41:00,70.1
2025-06-12 19:24:00,34.0
2025-06-12 20:05:00,80.9
2025-06-12 12:39:00,47.8
2025-06-12 01:14:00,95.0
2025-06-12 05:38:00,37.4
2025-06-12 20:01:00,50.613932505273034
2025-06-12 11:54:00,25.0
2025-06-12 21:34:00,59.7
2025-06-12 16:58:00,9.8
2025-06-12 09:03:00,98.9
2025-06-12 07:30:00,50.613932505273034
2025-06-12 12:42:00,58.7
2025-06-12 16:54:00,66.9
2025-06-12 08:18:00,88.1
2025-06-12 03:05:00,11.9
2025-06-12 00:38:00,19.2
2025-06-12 05:24:00,94.3
2025-06-12 21:51:00,8.0
2025-06-12 23:13:00,59.0
2025-06-12 00:30:00,50.613932505273034
2025-06-12 22:00:00,34.2
2025-06-12 02:54:00,59.3
2025-06-12 21:04:00,4.1
2025-06-12 10:47:00,83.0
2025-06-12 21:52:00,63.2
2025-06-12 09:12:00,52.0
2025-06-12 03:45:00,44.6
2025-06-12 04:14:00,79.6
2025-06-12 18:29:00,12.0
2025-06-12 09:40:00,89.9
2025-06-12 07:09:00,28.2
2025-06-12 20:47:00,61.2
2025-06-12 02:22:00,45.8
2025-06-12 03:04:00,87.1
2025-06-12 15:02:00,53.6
2025-06-12 10:32:00,29.5
2025-06-12 01:32:00,73.1
2025-06-12 12:50:00,50.613932505273034
2025-06-12 15:17:00,23.2
2025-06-12 11:40:00,50.613932505273034
2025-06-12 15:56:00,71.6
2025-06-12 05:04:00,9.7
2025-06-12 07:34:00,50.3
2025-06-12 21:12:00,28.8
2025-06-12 22:47:00,50.613932505273034
2025-06-12 20:10:00,18.1
2025-06-12 17:41:00,37.3
2025-06-12 06:43:00,87.4
2025-06-12 03:51:00,36.7
2025-06-12 09:06:00,98.4
2025-06-12 16:06:00,34.4
2025-06-12 08:07:00,33.9
2025-06-12 22:03:00,30.5
2025-06-12 17:18:00,24.6
2025-06-12 20:44:00,37.0
2025-06-12 07:56:00,56.7
2025-06-12 03:43:00,39.0
2025-06-12 10:57:00,50.613932505273034
2025-06-12 13:52:00,35.1
2025-06-12 18:47:00,79.1
2025-06-12 04:25:00,90.9
2025-06-12 23:20:00,77.1
2025-06-12 01:17:00,56.9
2025-06-12 22:56:00,81.4
2025-06-12 08:39:00,88.5
2025-06-12 15:24:00,12.3
2025-06-12 18:31:00,41.3
2025-06-12 11:26:00,0.9
2025-06-12 05:07:00,5.1
2025-06-12 08:41:00,18.0
2025-06-12 10:25:00,96.3
2025-06-12 16:40:00,39.7
2025-06-12 07:10:00,35.8
2025-06-12 21:59:00,52.6
2025-06-12 16:09:00,50.17195767195767
2025-06-12 01:36:00,18.6
2025-06-12 16:31:00,13.0
2025-06-12 14:24:00,18.5
2025-06-12 15:01:00,49.0
2025-06-12 10:18:00,14.9
2025-06-12 12:15:00,45.6
2025-06-12 19:25:00,41.4
2025-06-12 04:39:00,33.3
2025-06-12 16:12:00,50.17195767195767
2025-06-12 12:05:00,2.6
2025-06-12 14:54:00,67.5
2025-06-12 16:30:00,83.6
2025-06-12 05:00:00,30.2
2025-06-12 06:15:00,23.3
2025-06-12 01:54:00,71.2
2025-06-12 05:13:00,11.2
2025-06-12 16:25:00,50.17195767195767
2025-06-12 05:42:00,76.5
2025-06-12 04:45:00,57.4
2025-06-12 17:49:00,50.4
2025-06-12 07:29:00,0.1
2025-06-12 05:44:00,6.2
2025-06-12 10:45:00,76.3
2025-06-12 09:03:00,4.3
2025-06-12 07:48:00,50.17195767195767
2025-06-12 07:51:00,86.9
2025-06-12 12:14:00,50.17195767195767
2025-06-12 13:44:00,50.17195767195767
2025-06-12 19:57:00,42.5
2025-06-12 07:19:00,50.17195767195767
2025-06-12 06:20:00,44.9
2025-06-12 14:15:00,36.2
2025-06-12 13:00:00,54.9
2025-06-12 11:54:00,59.1
2025-06-12 08:30:00,50.17195767195767
2025-06-12 00:40:00,62.7
2025-06-12 13:04:00,47.8
2025-06-12 15:33:00,50.17195767195767
2025-06-12 15:17:00,55.1
2025-06-12 13:36:00,34.4
2025-06-12 03:48:00,68.6
2025-06-12 15:53:00,62.0
2025-06-12 07:38:00,93.1
2025-06-12 01:30:00,3.3
2025-06-12 11:10:00,67.9
2025-06-12 02:49:00,50.17195767195767
2025-06-12 16:00:00,65.0
2025-06-12 06:56:00,25.7
2025-06-12 19:33:00,24.7
2025-06-12 00:26:00,49.7
2025-06-12 16:54:00,67.0
2025-06-12 18:11:00,59.1
2025-06-12 21:20:00,67.2
2025-06-12 01:31:00,31.2
2025-06-12 08:55:00,58.4
2025-06-12 14:31:00,4.2
2025-06-12 03:30:00,50.17195767195767
2025-06-12 21:51:00,50.17195767195767
2025-06-12 10:06:00,46.9
2025-06-12 01:09:00,90.9
2025-06-12 06:44:00,42.8
2025-06-12 06:35:00,63.5
2025-06-12 03:20:00,28.1
2025-06-12 06:30:00,50.17195767195767
2025-06-12 19:56:00,6.5
2025-06-12 12:12:00,81.9
2025-06-12 16:01:00,50.17195767195767
2025-06-12 04:55:00,25.7
2025-06-12 13:10:00,97.5
2025-06-12 04:50:00,29.7
2025-06-12 06:18:00,30.3
2025-06-12 19:47:00,50.17195767195767
2025-06-12 03:47:00,50.17195767195767
2025-06-12 21:42:00,40.8
2025-06-12 15:14:00,53.6
2025-06-12 01:11:00,89.1
2025-06-12 07:30:00,82.6
2025-06-12 05:26:00,28.5
2025-06-12 00:10:00,50.17195767195767
2025-06-12 22:18:00,62.9
2025-06-12 03:39:00,18.4
2025-06-12 10:56:00,19.7
2025-06-12 22:39:00,50.17195767195767
2025-06-12 15:16:00,13.7
2025-06-12 07:07:00,50.17195767195767
2025-06-12 05:17:00,96.3
2025-06-12 22:30:00,50.17195767195767
2025-06-12 20:27:00,61.1
2025-06-12 23:18:00,37.3
2025-06-12 08:11:00,62.6
2025-06-12 02:35:00,50.17195767195767
2025-06-12 17:16:00,68.8
2025-06-12 13:57:00,50.7
2025-06-12 13:01:00,63.0
2025-06-12 18:48:00,56.6
2025-06-12 13:37:00,76.4
2025-06-12 21:33:00,67.9
2025-06-12 01:16:00,77.6
2025-06-12 08:07:00,32.5
2025-06-12 23:33:00,50.17195767195767
2025-06-12 13:55:00,31.6
2025-06-12 14:21:00,57.0
2025-06-12 07:35:00,72.0
2025-06-12 07:50:00,82.1
2025-06-12 08:35:00,97.7
2025-06-12 08:26:00,50.17195767195767
2025-06-12 19:01:00,46.6
2025-06-12 14:20:00,20.6
2025-06-12 02:21:00,47.8
2025-06-12 10:36:00,21.5
2025-06-12 00:56:00,7.2
2025-06-12 10:32:00,81.4
2025-06-12 05:45:00,50.17195767195767
2025-06-12 03:32:00,90.3
2025-06-12 21:10:00,38.4
2025-06-12 10:24:00,50.17195767195767
2025-06-12 06:55:00,50.17195767195767
2025-06-12 13:39:00,34.2
2025-06-12 04:14:00,50.17195767195767
2025-06-12 00:39:00,22.3
2025-06-12 20:49:00,90.8
2025-06-12 12:42:00,5.9
2025-06-12 11:49:00,73.6
2025-06-12 04:26:00,50.17195767195767
2025-06-12 23:51:00,25.3
2025-06-12 09:31:00,30.3
2025-06-12 04:31:00,90.9
2025-06-12 07:37:00,12.4
2025-06-12 02:01:00,50.17195767195767
2025-06-12 13:07:00,86.2
2025-06-12 14:58:00,19.6
2025-06-12 01:34:00,86.1
2025-06-12 11:46:00,84.8
2025-06-12 11:24:00,50.17195767195767
2025-06-12 04:29:00,16.0
2025-06-12 03:46:00,55.9
2025-06-12 07:04:00,76.9
2025-06-12 11:02:00,25.7
2025-06-12 10:03:00,50.17195767195767
2025-06-12 13:49:00,50.17195767195767
2025-06-12 06:16:00,48.7
2025-06-12 17:18:00,8.9
2025-06-12 11:11:00,77.7
2025-06-12 16:08:00,8.0
2025-06-12 03:55:00,50.17195767195767
2025-06-12 02:07:00,17.9
2025-06-12 20:00:00,86.9
2025-06-12 04:19:00,76.3
2025-06-12 01:50:00,46.1
2025-06-12 03:27:00,82.5
2025-06-12 02:57:00,45.5
2025-06-12 03:08:00,69.8
2025-06-12 04:40:00,35.7
2025-06-12 19:14:00,60.5
2025-06-12 11:15:00,50.17195767195767
2025-06-12 09:36:00,50.17195767195767
2025-06-12 03:25:00,6.3
2025-06-12 16:52:00,50.17195767195767
2025-06-12 16:36:00,10.7
2025-06-12 04:01:00,74.3
2025-06-12 04:47:00,32.2
2025-06-12 14:52:00,50.17195767195767
2025-06-12 08:47:00,76.1
2025-06-12 00:29:00,43.6
2025-06-12 12:06:00,89.1
2025-06-12 16:28:00,40.4
2025-06-12 04:04:00,21.6
2025-06-12 15:58:00,62.1
2025-06-12 02:14:00,50.17195767195767
2025-06-12 23:00:00,91.2
2025-06-12 18:28:00,24.9
2025-06-12 21:15:00,48.6
2025-06-12 05:29:00,49.7
2025-06-12 17:50:00,77.7
2025-06-12 07:41:00,29.2
2025-06-12 12:49:00,92.9
2025-06-12 11:42:00,56.8
2025-06-12 16:06:00,9.6
2025-06-12 14:23:00,50.17195767195767
2025-06-12 21:50:00,12.3
2025-06-12 06:52:00,87.1
2025-06-12 11:34:00,25.9
2025-06-12 10:04:00,54.0
2025-06-12 07:25:00,21.5
2025-06-12 03:49:00,57.0
2025-06-12 02:15:00,50.17195767195767
2025-06-12 23:59:00,46.0
2025-06-12 18:51:00,80.3
2025-06-12 19:53:00,31.4
2025-06-12 06:47:00,62.5
2025-06-12 18:04:00,42.0
2025-06-12 10:58:00,81.9
2025-06-12 13:46:00,3.1
2025-06-12 23:34:00,62.7
2025-06-12 21:43:00,50.17195767195767
2025-06-12 16:21:00,90.6
2025-06-12 01:32:00,67.4
2025-06-12 19:37:00,34.3
2025-06-12 18:41:00,83.4
2025-06-12 16:04:00,48.4
2025-06-12 02:58:00,67.9
2025-06-12 07:13:00,15.9
2025-06-12 21:11:00,11.5
2025-06-12 09:09:00,52.4
2025-06-12 03:21:00,56.3
2025-06-12 17:30:00,15.3
2025-06-12 09:29:00,19.3
2025-06-12 04:32:00,50.17195767195767
2025-06-12 11:18:00,73.5
2025-06-12 15:26:00,86.2
2025-06-12 12:55:00,44.7
2025-06-12 05:14:00,42.0
2025-06-12 10:01:00,68.2
2025-06-12 14:56:00,32.6
2025-06-12 06:53:00,31.4
2025-06-12 17:21:00,69.8
2025-06-12 06:12:00,12.1
2025-06-12 21:52:00,60.3
2025-06-12 12:32:00,77.0
2025-06-12 03:02:00,50.17195767195767
2025-06-12 18:50:00,18.3
2025-06-12 19:41:00,68.8
2025-06-12 09:39:00,71.1
2025-06-12 04:27:00,30.5
2025-06-12 09:40:00,56.1
2025-06-12 18:13:00,13.1
2025-06-12 18:01:00,77.2
2025-06-12 07:17:00,40.0
2025-06-12 20:52:00,32.5
2025-06-12 22:46:00,76.1
2025-06-12 08:34:00,50.17195767195767
2025-06-12 18:33:00,59.1
2025-06-12 20:02:00,10.8
2025-06-12 03:53:00,83.1
2025-06-12 01:20:00,23.5
2025-06-12 14:59:00,30.0
2025-06-12 07:58:00,62.6
2025-06-12 03:28:00,66.4
2025-06-12 08:44:00,58.7
2025-06-12 15:13:00,22.6
2025-06-12 06:01:00,3.5
2025-06-12 22:01:00,70.1
2025-06-12 10:21:00,16.3
2025-06-12 16:55:00,56.2
2025-06-12 23:36:00,69.6
2025-06-12 21:08:00,50.17195767195767
2025-06-12 21:55:00,51.4
2025-06-12 17:00:00,91.1
2025-06-12 05:56:00,50.3
2025-06-12 12:34:00,25.2
2025-06-12 01:06:00,90.9
2025-06-12 22:36:00,99.4
2025-06-12 10:10:00,90.3
2025-06-12 20:36:00,1.7
2025-06-12 20:08:00,9.3
2025-06-12 03:59:00,48.5
2025-06-12 10:44:00,56.8
2025-06-12 09:25:00,6.5
2025-06-12 21:36:00,68.8
2025-06-12 23:32:00,49.2
2025-06-12 13:09:00,74.5
2025-06-12 09:06:00,30.6
2025-06-12 19:34:00,28.1
2025-06-12 18:12:00,50.17195767195767
2025-06-12 23:40:00,61.4
2025-06-12 21:02:00,68.4
2025-06-12 21:03:00,71.1
2025-06-12 22:00:00,47.4
2025-06-12 06:22:00,31.8
2025-06-12 09:37:00,19.7
2025-06-12 10:57:00,50.17195767195767
2025-06-12 14:06:00,21.5
2025-06-12 10:55:00,84.6
2025-06-12 03:15:00,18.0
2025-06-12 09:14:00,91.7
2025-06-12 07:34:00,50.8
2025-06-12 21:39:00,26.6
2025-06-12 03:34:00,81.5
2025-06-12 12:08:00,32.3
2025-06-12 00:38:00,88.9
2025-06-12 07:44:00,18.7
2025-06-12 12:41:00,46.4
2025-06-12 06:14:00,96.8
2025-06-12 22:42:00,95.4
2025-06-12 23:13:00,56.7
2025-06-12 20:33:00,54.7
2025-06-12 20:11:00,12.8
2025-06-12 03:11:00,45.2
2025-06-12 02:19:00,87.6
2025-06-12 02:39:00,33.8
2025-06-12 03:52:00,84.4
2025-06-12 14:45:00,65.0
2025-06-12 14:03:00,41.7
2025-06-12 15:35:00,72.0
2025-06-12 11:40:00,60.2
2025-06-12 05:51:00,20.7
2025-06-12 19:30:00,90.0
2025-06-12 16:53:00,14.1
2025-06-12 20:43:00,49.69252501471454
2025-06-12 13:25:00,37.8
2025-06-12 11:30:00,49.69252501471454
2025-06-12 10:18:00,31.4
2025-06-12 22:10:00,81.6
2025-06-12 10:31:00,28.2
2025-06-12 23:09:00,30.2
2025-06-12 14:07:00,60.4
2025-06-12 15:22:00,70.6
2025-06-12 18:36:00,17.8
2025-06-12 18:43:00,26.7
2025-06-12 16:34:00,85.5
2025-06-12 14:22:00,95.2
2025-06-12 23:25:00,68.4
2025-06-12 06:27:00,24.6
2025-06-12 21:01:00,49.69252501471454
2025-06-12 00:08:00,14.5
2025-06-12 10:29:00,2.5
2025-06-12 09:58:00,25.4
2025-06-12 17:07:00,49.69252501471454
2025-06-12 03:01:00,34.7
2025-06-12 02:27:00,61.3
2025-06-12 19:53:00,93.1
2025-06-12 15:26:00,90.6
2025-06-12 23:27:00,44.2
2025-06-12 06:28:00,49.69252501471454
2025-06-12 12:32:00,49.69252501471454
2025-06-12 09:31:00,71.2
2025-06-12 04:19:00,97.9
2025-06-12 07:27:00,68.3
2025-06-12 07:31:00,4.2
2025-06-12 12:18:00,49.69252501471454
2025-06-12 08:40:00,17.2
2025-06-12 18:31:00,94.4
2025-06-12 01:26:00,89.1
2025-06-12 18:30:00,33.4
2025-06-12 17:04:00,49.69252501471454
2025-06-12 19:27:00,89.1
2025-06-12 13:59:00,73.9
2025-06-12 13:18:00,90.0
2025-06-12 22:12:00,84.1
2025-06-12 23:16:00,75.3
2025-06-12 03:23:00,56.1
2025-06-12 21:39:00,65.3
2025-06-12 05:25:00,37.8
2025-06-12 05:44:00,56.0
2025-06-12 22:29:00,63.3
2025-06-12 22:25:00,57.9
2025-06-12 04:43:00,83.2
2025-06-12 02:00:00,47.7
2025-06-12 16:08:00,97.2
2025-06-12 14:51:00,49.69252501471454
2025-06-12 19:44:00,9.6
2025-06-12 08:04:00,20.1
2025-06-12 02:17:00,49.69252501471454
2025-06-12 04:03:00,79.7
2025-06-12 22:20:00,26.4
2025-06-12 21:12:00,48.6
2025-06-12 18:18:00,7.4
2025-06-12 09:42:00,49.69252501471454
2025-06-12 22:56:00,42.9
2025-06-12 15:52:00,18.9
2025-06-12 09:33:00,73.1
2025-06-12 16:31:00,90.8
2025-06-12 10:37:00,73.7
2025-06-12 23:20:00,37.9
2025-06-12 00:10:00,5.7
2025-06-12 06:12:00,49.69252501471454
2025-06-12 21:42:00,71.0
2025-06-12 20:30:00,32.6
2025-06-12 08:31:00,2.7
2025-06-12 10:00:00,49.69252501471454
2025-06-12 13:29:00,4.2
2025-06-12 17:47:00,21.8
2025-06-12 20:47:00,49.69252501471454
2025-06-12 14:52:00,25.9
2025-06-12 12:23:00,42.5
2025-06-12 23:59:00,33.7
2025-06-12 21:24:00,49.69252501471454
2025-06-12 14:11:00,17.2
2025-06-12 04:07:00,49.69252501471454
2025-06-12 17:02:00,37.4
2025-06-12 15:51:00,17.6
2025-06-12 05:09:00,82.6
2025-06-12 14:18:00,33.2
2025-06-12 11:38:00,88.1
2025-06-12 02:49:00,35.6
2025-06-12 01:06:00,41.4
2025-06-12 01:17:00,50.3
2025-06-12 01:14:00,29.2
2025-06-12 04:26:00,49.69252501471454
2025-06-12 23:24:00,37.3
2025-06-12 02:53:00,49.69252501471454
2025-06-12 08:32:00,1.5
2025-06-12 03:46:00,49.69252501471454
2025-06-12 20:54:00,67.5
2025-06-12 07:06:00,1.1
2025-06-12 04:40:00,96.2
2025-06-12 16:11:00,49.69252501471454
2025-06-12 17:59:00,78.5
2025-06-12 00:14:00,3.4
2025-06-12 04:53:00,51.5
2025-06-12 08:14:00,81.2
2025-06-12 10:10:00,94.6
2025-06-12 17:00:00,94.6
2025-06-12 22:36:00,41.8
2025-06-12 17:50:00,70.3
2025-06-12 02:46:00,38.0
2025-06-12 22:05:00,38.0
2025-06-12 02:13:00,39.6
2025-06-12 10:33:00,58.5
2025-06-12 14:04:00,48.9
2025-06-12 21:58:00,19.0
2025-06-12 23:29:00,87.5
2025-06-12 21:49:00,35.2
2025-06-12 12:31:00,60.5
2025-06-12 02:26:00,80.5
2025-06-12 13:39:00,49.69252501471454
2025-06-12 04:49:00,8.5
2025-06-12 10:01:00,49.69252501471454
2025-06-12 00:57:00,95.6
2025-06-12 18:05:00,39.8
2025-06-12 13:02:00,74.5
2025-06-12 01:09:00,10.5
2025-06-12 19:39:00,19.7
2025-06-12 00:25:00,49.69252501471454
2025-06-12 01:19:00,67.7
2025-06-12 13:00:00,34.3
2025-06-12 21:51:00,98.3
2025-06-12 07:07:00,60.5
2025-06-12 16:40:00,12.4
2025-06-12 15:42:00,63.2
2025-06-12 03:55:00,88.9
2025-06-12 08:17:00,98.2
2025-06-12 09:44:00,31.6
2025-06-12 18:11:00,92.1
2025-06-12 09:53:00,63.0
2025-06-12 16:00:00,81.5
2025-06-12 05:58:00,56.2
2025-06-12 18:01:00,51.4
2025-06-12 12:40:00,63.1
2025-06-12 22:35:00,7.6
2025-06-12 10:41:00,38.6
2025-06-12 15:01:00,4.6
2025-06-12 23:06:00,7.4
2025-06-12 01:18:00,54.0
2025-06-12 09:20:00,68.8
2025-06-12 07:22:00,13.4
2025-06-12 10:06:00,67.6
2025-06-12 22:31:00,7.5
2025-06-12 02:22:00,61.7
2025-06-12 02:48:00,29.5
2025-06-12 12:10:00,10.9
2025-06-12 01:15:00,49.69252501471454
2025-06-12 11:16:00,95.7
2025-06-12 16:27:00,6.7
2025-06-12 15:09:00,63.2
2025-06-12 20:09:00,14.6
2025-06-12 17:10:00,96.5
2025-06-12 02:56:00,38.7
2025-06-12 13:10:00,42.6
2025-06-12 11:53:00,21.4
2025-06-12 23:11:00,83.5
2025-06-12 19:45:00,49.69252501471454
2025-06-12 07:30:00,43.6
2025-06-12 22:34:00,67.6
2025-06-12 04:01:00,31.4
2025-06-12 12:24:00,53.7
2025-06-12 01:08:00,90.0
2025-06-12 13:34:00,67.6
2025-06-12 04:35:00,69.1
2025-06-12 19:48:00,94.4
2025-06-12 08:39:00,99.0
2025-06-12 16:12:00,29.7
2025-06-12 01:31:00,38.4
2025-06-12 12:37:00,20.1
2025-06-12 09:56:00,75.5
2025-06-12 01:46:00,73.6
2025-06-12 19:14:00,50.3
2025-06-12 12:59:00,68.8
2025-06-12 15:29:00,41.3
2025-06-12 05:38:00,37.9
2025-06-12 09:57:00,43.5
2025-06-12 17:06:00,19.3
2025-06-12 00:26:00,3.9
2025-06-12 13:28:00,6.1
2025-06-12 12:42:00,50.9
2025-06-12 04:31:00,44.7
2025-06-12 18:44:00,22.1
2025-06-12 10:36:00,49.69252501471454
2025-06-12 21:47:00,77.8
2025-06-12 11:19:00,70.5
2025-06-12 23:04:00,49.69252501471454
2025-06-12 19:19:00,49.69252501471454
2025-06-12 18:17:00,58.6
2025-06-12 06:23:00,36.5
2025-06-12 16:16:00,67.6
2025-06-12 04:56:00,85.8
2025-06-12 12:09:00,90.8
2025-06-12 04:57:00,16.0
2025-06-12 15:32:00,49.69252501471454
2025-06-12 00:16:00,5.1
2025-06-12 18:37:00,94.1
2025-06-12 13:46:00,49.69252501471454
2025-06-12 23:33:00,59.3
2025-06-12 16:36:00,63.3
2025-06-12 21:26:00,7.0
2025-06-12 11:17:00,39.3
2025-06-12 22:30:00,42.7
2025-06-12 04:37:00,17.4
2025-06-12 08:46:00,76.6
2025-06-12 05:29:00,79.1
2025-06-12 08:42:00,83.6
2025-06-12 11:21:00,14.9
2025-06-12 23:08:00,71.8
2025-06-12 13:47:00,28.9
2025-06-12 17:03:00,49.69252501471454
2025-06-12 08:02:00,42.0
2025-06-12 18:14:00,36.4
2025-06-12 05:21:00,64.2
2025-06-12 22:47:00,14.3
2025-06-12 16:52:00,55.8
2025-06-12 13:40:00,86.1
2025-06-12 16:41:00,52.0
2025-06-12 17:39:00,84.7
2025-06-12 11:50:00,22.9
2025-06-12 22:40:00,89.4
2025-06-12 22:59:00,49.69252501471454
2025-06-12 02:16:00,72.4
2025-06-12 01:32:00,94.8
2025-06-12 19:49:00,1.9
2025-06-12 05:39:00,92.5
2025-06-12 06:04:00,49.69252501471454
2025-06-12 11:56:00,49.69252501471454
2025-06-12 16:32:00,56.1
2025-06-12 01:48:00,63.3
2025-06-12 06:07:00,48.8
2025-06-12 02:31:00,66.4
2025-06-12 12:49:00,44.4
2025-06-12 18:32:00,65.7
2025-06-12 10:25:00,48.5
2025-06-12 00:20:00,64.3
2025-06-12 03:29:00,51.6
2025-06-12 20:14:00,49.69252501471454
2025-06-12 16:44:00,77.0
2025-06-12 10:35:00,49.69252501471454
2025-06-12 07:20:00,49.69252501471454
2025-06-12 04:59:00,82.3
2025-06-12 19:28:00,49.69252501471454
2025-06-12 18:38:00,77.5
2025-06-12 14:34:00,51.7
2025-06-12 09:49:00,31.6
2025-06-12 23:57:00,10.9
2025-06-12 00:28:00,49.69252501471454
2025-06-12 12:48:00,63.7
2025-06-12 06:14:00,49.69252501471454
2025-06-12 00:03:00,54.5
2025-06-12 10:11:00,84.2
2025-06-12 01:38:00,9.5
2025-06-12 17:18:00,81.8
2025-06-12 21:27:00,87.3
2025-06-12 15:21:00,47.8
2025-06-12 10:52:00,77.3
2025-06-12 13:44:00,68.6
2025-06-12 08:38:00,60.5
2025-06-12 00:06:00,55.1
2025-06-12 06:03:00,90.8
2025-06-12 23:00:00,69.6
2025-06-12 22:09:00,20.7
2025-06-12 19:51:00,82.3
2025-06-12 01:41:00,23.9
2025-06-12 18:06:00,22.6
2025-06-12 12:56:00,30.7
2025-06-12 09:04:00,50.2
2025-06-12 05:05:00,40.9
2025-06-12 16:20:00,58.4
2025-06-12 13:57:00,30.3
2025-06-12 20:16:00,49.69252501471454
2025-06-12 19:05:00,3.5
2025-06-12 04:23:00,3.7
2025-06-12 00:36:00,49.69252501471454
2025-06-12 17:28:00,92.4
2025-06-12 03:33:00,49.69252501471454
2025-06-12 03:17:00,21.9
2025-06-12 05:12:00,90.6
2025-06-12 03:18:00,28.0
2025-06-12 14:43:00,73.8
2025-06-12 06:32:00,1.1
2025-06-12 23:28:00,66.6
2025-06-12 18:03:00,0.7
2025-06-12 18:03:00,96.7
2025-06-12 03:00:00,69.0
2025-06-12 03:21:00,36.0
2025-06-12 02:22:00,2.4
2025-06-12 06:26:00,22.0
2025-06-12 04:57:00,28.5
2025-06-12 09:22:00,3.1
2025-06-12 07:40:00,84.1
2025-06-12 03:01:00,65.2
2025-06-12 21:32:00,18.2
2025-06-12 13:17:00,49.88181818181819
2025-06-12 11:25:00,34.1
2025-06-12 08:47:00,49.88181818181819
2025-06-12 19:25:00,37.7
2025-06-12 04:00:00,58.6
2025-06-12 05:24:00,49.88181818181819
2025-06-12 06:24:00,36.0
2025-06-12 01:02:00,91.7
2025-06-12 00:37:00,45.9
2025-06-12 16:56:00,50.9
2025-06-12 12:59:00,49.88181818181819
2025-06-12 02:06:00,95.3
2025-06-12 05:29:00,49.88181818181819
2025-06-12 05:35:00,99.1
2025-06-12 19:57:00,4.4
2025-06-12 17:15:00,57.3
2025-06-12 18:10:00,93.4
2025-06-12 21:02:00,81.0
2025-06-12 16:09:00,92.0
2025-06-12 17:56:00,49.88181818181819
2025-06-12 19:44:00,47.1
2025-06-12 11:30:00,69.5
2025-06-12 00:13:00,1.5
2025-06-12 04:44:00,4.9
2025-06-12 11:59:00,91.1
2025-06-12 06:44:00,84.3
2025-06-12 08:18:00,49.88181818181819
2025-06-12 20:21:00,71.0
2025-06-12 00:29:00,60.8
2025-06-12 07:14:00,9.7
2025-06-12 18:48:00,98.8
2025-06-12 13:05:00,19.1
2025-06-12 17:53:00,76.9
2025-06-12 04:04:00,45.8
2025-06-12 23:04:00,59.2
2025-06-12 17:43:00,49.88181818181819
2025-06-12 01:28:00,63.0
2025-06-12 01:41:00,28.4
2025-06-12 15:35:00,77.2
2025-06-12 01:30:00,14.9
2025-06-12 15:52:00,49.88181818181819
2025-06-12 08:23:00,49.88181818181819
2025-06-12 13:41:00,89.3
2025-06-12 09:13:00,64.7
2025-06-12 11:23:00,89.9
2025-06-12 21:10:00,36.4
2025-06-12 04:42:00,49.88181818181819
2025-06-12 19:16:00,49.9
2025-06-12 00:41:00,37.4
2025-06-12 06:13:00,44.8
2025-06-12 00:26:00,31.9
2025-06-12 23:38:00,33.9
2025-06-12 01:21:00,49.88181818181819
2025-06-12 17:30:00,32.0
2025-06-12 12:37:00,97.7
2025-06-12 12:29:00,36.4
2025-06-12 12:34:00,49.88181818181819
2025-06-12 11:27:00,63.9
2025-06-12 18:15:00,6.5
2025-06-12 23:53:00,40.2
2025-06-12 18:07:00,68.8
2025-06-12 20:59:00,33.0
2025-06-12 15:07:00,24.7
2025-06-12 21:19:00,46.7
2025-06-12 14:05:00,97.0
2025-06-12 21:00:00,30.2
2025-06-12 04:06:00,85.0
2025-06-12 13:21:00,49.88181818181819
2025-06-12 15:05:00,98.4
2025-06-12 12:36:00,95.3
2025-06-12 14:48:00,23.8
2025-06-12 20:55:00,31.7
2025-06-12 04:56:00,48.9
2025-06-12 20:54:00,67.1
2025-06-12 18:41:00,77.2
2025-06-12 06:51:00,2.2
2025-06-12 22:27:00,41.0
2025-06-12 08:52:00,16.3
2025-06-12 07:26:00,49.88181818181819
2025-06-12 08:25:00,63.8
2025-06-12 09:03:00,53.7
2025-06-12 21:34:00,13.1
2025-06-12 03:36:00,49.88181818181819
2025-06-12 01:04:00,49.88181818181819
2025-06-12 21:01:00,32.8
2025-06-12 18:57:00,8.6
2025-06-12 20:50:00,49.88181818181819
2025-06-12 23:58:00,2.6
2025-06-12 09:12:00,62.7
2025-06-12 03:26:00,33.1
2025-06-12 05:48:00,49.88181818181819
2025-06-12 15:31:00,38.9
2025-06-12 19:14:00,50.0
2025-06-12 21:06:00,49.88181818181819
2025-06-12 17:04:00,24.6
2025-06-12 02:01:00,16.3
2025-06-12 05:41:00,2.3
2025-06-12 07:05:00,63.5
2025-06-12 23:29:00,21.7
2025-06-12 08:48:00,82.7
2025-06-12 18:05:00,19.0
2025-06-12 02:48:00,30.0
2025-06-12 00:08:00,42.4
2025-06-12 02:50:00,56.0
2025-06-12 22:03:00,61.8
2025-06-12 20:18:00,97.0
2025-06-12 05:10:00,97.4
2025-06-12 06:48:00,79.8
2025-06-12 02:49:00,49.88181818181819
2025-06-12 13:30:00,57.9
2025-06-12 08:21:00,13.0
2025-06-12 12:41:00,80.9
2025-06-12 16:39:00,68.9
2025-06-12 04:21:00,49.88181818181819
2025-06-12 23:08:00,55.7
2025-06-12 15:14:00,17.4
2025-06-12 17:21:00,48.1
2025-06-12 16:07:00,4.1
2025-06-12 22:44:00,26.3
2025-06-12 21:53:00,36.4
2025-06-12 05:04:00,72.6
2025-06-12 04:25:00,97.4
2025-06-12 10:59:00,12.7
2025-06-12 17:24:00,96.9
2025-06-12 22:42:00,15.1
2025-06-12 13:59:00,99.1
2025-06-12 07:13:00,42.0
2025-06-12 15:26:00,36.7
2025-06-12 02:25:00,95.7
2025-06-12 09:05:00,86.9
2025-06-12 12:12:00,44.7
2025-06-12 11:40:00,64.4
2025-06-12 09:01:00,50.1
2025-06-12 08:39:00,71.9
2025-06-12 04:07:00,83.4
2025-06-12 03:13:00,33.7
2025-06-12 14:31:00,49.88181818181819
2025-06-12 03:58:00,9.1
2025-06-12 21:55:00,14.6
2025-06-12 08:35:00,71.0
2025-06-12 06:03:00,49.88181818181819
2025-06-12 16:04:00,33.1
2025-06-12 00:20:00,85.9
2025-06-12 14:50:00,88.0
2025-06-12 23:21:00,0.6
2025-06-12 12:42:00,63.6
2025-06-12 00:36:00,31.7
2025-06-12 02:51:00,15.0
2025-06-12 01:22:00,72.5
2025-06-12 18:00:00,56.0
2025-06-12 06:19:00,34.6
2025-06-12 01:31:00,64.1
2025-06-12 16:17:00,97.1
2025-06-12 21:27:00,57.0
2025-06-12 11:52:00,6.2
2025-06-12 20:58:00,54.1
2025-06-12 12:04:00,43.6
2025-06-12 17:23:00,31.5
2025-06-12 09:17:00,14.1
2025-06-12 17:42:00,99.8
2025-06-12 02:41:00,49.88181818181819
2025-06-12 11:31:00,49.88181818181819
2025-06-12 19:37:00,49.88181818181819
2025-06-12 20:31:00,16.5
2025-06-12 11:56:00,56.8
2025-06-12 07:41:00,45.6
2025-06-12 21:54:00,4.9
2025-06-12 19:39:00,98.1
2025-06-12 03:02:00,22.2
2025-06-12 06:53:00,32.4
2025-06-12 00:34:00,77.6
2025-06-12 10:20:00,49.88181818181819
2025-06-12 23:11:00,25.1
2025-06-12 05:15:00,13.9
2025-06-12 20:51:00,68.0
2025-06-12 02:34:00,30.3
2025-06-12 03:19:00,49.88181818181819
2025-06-12 19:31:00,83.5
2025-06-12 14:01:00,88.6
2025-06-12 23:31:00,34.4
2025-06-12 11:37:00,4.0
2025-06-12 20:14:00,52.7
2025-06-12 15:27:00,7.4
2025-06-12 23:05:00,32.7
2025-06-12 14:28:00,24.4
2025-06-12 13:14:00,90.5
2025-06-12 01:54:00,50.7
2025-06-12 19:54:00,16.4
2025-06-12 23:35:00,85.1
2025-06-12 14:14:00,13.1
2025-06-12 05:05:00,60.4
2025-06-12 01:20:00,24.7
2025-06-12 08:15:00,49.88181818181819
2025-06-12 02:32:00,79.5
2025-06-12 03:44:00,61.0
2025-06-12 10:56:00,49.88181818181819
2025-06-12 11:07:00,16.7
2025-06-12 06:06:00,42.8
2025-06-12 06:25:00,49.88181818181819
2025-06-12 09:54:00,58.8
2025-06-12 09:29:00,35.3
2025-06-12 04:16:00,63.1
2025-06-12 13:19:00,93.0
2025-06-12 02:16:00,77.6
2025-06-12 10:11:00,10.6
2025-06-12 09:23:00,92.1
2025-06-12 15:21:00,27.8
2025-06-12 10:51:00,66.3
2025-06-12 21:52:00,20.2
2025-06-12 10:19:00,71.2
2025-06-12 04:34:00,73.3
2025-06-12 14:27:00,96.1
2025-06-12 01:01:00,97.3
2025-06-12 18:13:00,49.88181818181819
2025-06-12 08:05:00,49.88181818181819
2025-06-12 04:40:00,50.8
2025-06-12 02:27:00,58.9
2025-06-12 09:59:00,61.8
2025-06-12 14:03:00,47.2
2025-06-12 19:48:00,95.4
2025-06-12 00:49:00,12.8
2025-06-12 23:39:00,28.0
2025-06-12 19:52:00,87.3
2025-06-12 03:29:00,63.3
2025-06-12 15:09:00,73.2
2025-06-12 19:45:00,97.1
2025-06-12 23:37:00,49.88181818181819
2025-06-12 16:21:00,68.6
2025-06-12 13:51:00,91.1
2025-06-12 04:35:00,17.0
2025-06-12 11:22:00,6.8
2025-06-12 22:31:00,77.2
2025-06-12 12:14:00,49.88181818181819
2025-06-12 21:09:00,63.5
2025-06-12 19:58:00,85.4
2025-06-12 10:13:00,49.88181818181819
2025-06-12 22:02:00,39.5
2025-06-12 10:52:00,39.6
2025-06-12 00:10:00,89.5
2025-06-12 06:31:00,13.6
2025-06-12 19:20:00,96.5
2025-06-12 21:31:00,65.2
2025-06-12 22:24:00,80.3
2025-06-12 22:20:00,98.4
2025-06-12 12:26:00,94.8
2025-06-12 21:04:00,77.1
2025-06-12 09:02:00,99.0
2025-06-12 16:13:00,11.7
2025-06-12 06:17:00,49.88181818181819
2025-06-12 03:54:00,49.88181818181819
2025-06-12 07:35:00,19.1
2025-06-12 04:11:00,42.2
2025-06-12 18:31:00,69.6
2025-06-12 17:22:00,82.2
2025-06-12 19:35:00,49.88181818181819
2025-06-12 08:01:00,36.7
2025-06-12 20:15:00,17.7
2025-06-12 04:24:00,13.3
2025-06-12 12:19:00,49.88181818181819
2025-06-12 23:19:00,49.88181818181819
2025-06-12 20:41:00,2.8
2025-06-12 06:07:00,12.3
2025-06-12 13:32:00,62.6
2025-06-12 02:35:00,68.1
2025-06-12 03:04:00,94.4
2025-06-12 16:49:00,49.88181818181819
2025-06-12 11:21:00,11.6
2025-06-12 15:51:00,4.3
2025-06-12 08:26:00,72.6
2025-06-12 23:22:00,94.5
2025-06-12 04:31:00,49.88181818181819
2025-06-12 09:33:00,49.88181818181819
2025-06-12 11:12:00,49.88181818181819
2025-06-12 07:47:00,29.8
2025-06-12 18:01:00,2.3
2025-06-12 06:36:00,7.2
2025-06-12 00:44:00,3.7
2025-06-12 07:25:00,27.3
2025-06-12 16:46:00,69.0
2025-06-12 03:10:00,45.9
2025-06-12 10:35:00,30.4
2025-06-12 20:32:00,62.9
2025-06-12 12:18:00,40.1
2025-06-12 11:39:00,47.3
2025-06-12 11:13:00,0.9
2025-06-12 15:01:00,69.8
2025-06-12 21:49:00,24.9
2025-06-12 05:38:00,49.88181818181819
2025-06-12 16:10:00,57.1
2025-06-12 20:09:00,13.3
2025-06-12 00:25:00,61.4
2025-06-12 06:21:00,26.0
2025-06-12 23:52:00,5.6
2025-06-12 05:36:00,4.4
2025-06-12 09:20:00,28.6
2025-06-12 19:40:00,69.8
2025-06-12 03:51:00,3.9
2025-06-12 14:52:00,39.1
2025-06-12 07:15:00,43.5
2025-06-12 07:52:00,44.0
2025-06-12 08:42:00,78.9
2025-06-12 20:47:00,38.7
2025-06-12 18:06:00,49.88181818181819
2025-06-12 21:33:00,49.88181818181819
2025-06-12 05:40:00,67.4
2025-06-12 16:01:00,84.3
2025-06-12 08:30:00,15.1
2025-06-12 12:57:00,2.1
2025-06-12 12:35:00,77.1
2025-06-12 04:58:00,4.5
2025-06-12 06:37:00,12.7
2025-06-12 10:41:00,75.5
2025-06-12 20:38:00,27.2
2025-06-12 00:50:00,24.8
2025-06-12 03:01:00,50.019744401453856
2025-06-12 10:28:00,84.5
2025-06-12 12:32:00,2.2
2025-06-12 07:51:00,47.1
2025-06-12 11:57:00,48.2
2025-06-12 08:08:00,86.7
2025-06-12 13:54:00,50.019744401453856
2025-06-12 05:47:00,65.7
2025-06-12 18:00:00,23.4
2025-06-12 21:01:00,50.0
2025-06-12 12:22:00,64.8
2025-06-12 15:01:00,31.5
2025-06-12 09:59:00,89.5
2025-06-12 01:21:00,44.3
2025-06-12 18:18:00,76.2
2025-06-12 17:52:00,63.5
2025-06-12 08:03:00,64.4
2025-06-12 11:42:00,90.5
2025-06-12 17:34:00,89.3
2025-06-12 21:17:00,55.9
2025-06-12 21:12:00,79.7
2025-06-12 08:14:00,4.2
2025-06-12 07:53:00,85.0
2025-06-12 04:43:00,65.9
2025-06-12 20:24:00,7.0
2025-06-12 15:03:00,80.6
2025-06-12 05:29:00,41.8
2025-06-12 14:35:00,82.5
2025-06-12 16:16:00,20.8
2025-06-12 21:53:00,63.2
2025-06-12 15:37:00,59.7
2025-06-12 13:29:00,52.9
2025-06-12 10:24:00,23.5
2025-06-12 21:10:00,55.0
2025-06-12 20:06:00,66.9
2025-06-12 15:11:00,60.1
2025-06-12 16:25:00,90.2
2025-06-12 23:44:00,44.6
2025-06-12 18:29:00,11.1
2025-06-12 20:04:00,50.019744401453856
2025-06-12 22:55:00,90.7
2025-06-12 06:16:00,55.0
2025-06-12 19:50:00,14.2
2025-06-12 20:08:00,6.1
2025-06-12 00:07:00,50.019744401453856
2025-06-12 13:00:00,43.7
2025-06-12 01:04:00,57.2
2025-06-12 07:25:00,88.9
2025-06-12 12:01:00,90.9
2025-06-12 02:03:00,41.6
2025-06-12 13:22:00,27.0
2025-06-12 16:54:00,61.9
2025-06-12 11:59:00,28.3
2025-06-12 16:22:00,26.9
2025-06-12 20:16:00,96.4
2025-06-12 10:12:00,6.5
2025-06-12 23:53:00,51.5
2025-06-12 05:15:00,50.019744401453856
2025-06-12 03:42:00,9.5
2025-06-12 03:13:00,27.4
2025-06-12 08:34:00,59.7
2025-06-12 01:01:00,67.2
2025-06-12 18:43:00,49.8
2025-06-12 00:29:00,2.9
2025-06-12 02:36:00,84.1
2025-06-12 04:25:00,15.8
2025-06-12 09:46:00,24.0
2025-06-12 00:10:00,50.019744401453856
2025-06-12 13:38:00,63.3
2025-06-12 04:15:00,68.1
2025-06-12 13:52:00,36.3
2025-06-12 04:18:00,77.6
2025-06-12 02:18:00,27.4
2025-06-12 00:26:00,73.6
2025-06-12 21:52:00,50.019744401453856
2025-06-12 20:57:00,24.9
2025-06-12 20:21:00,62.7
2025-06-12 06:58:00,65.3
2025-06-12 07:30:00,78.7
2025-06-12 03:27:00,37.9
2025-06-12 11:11:00,24.7
2025-06-12 23:51:00,55.2
2025-06-12 19:07:00,10.9
2025-06-12 10:05:00,77.6
2025-06-12 12:24:00,10.3
2025-06-12 10:50:00,50.019744401453856
2025-06-12 08:16:00,1.7
2025-06-12 21:59:00,70.7
2025-06-12 09:33:00,57.9
2025-06-12 03:49:00,50.019744401453856
2025-06-12 05:53:00,34.7
2025-06-12 15:12:00,53.9
2025-06-12 23:26:00,68.5
2025-06-12 00:38:00,52.6
2025-06-12 00:30:00,77.7
2025-06-12 03:45:00,10.1
2025-06-12 18:14:00,10.6
2025-06-12 19:05:00,9.8
2025-06-12 03:10:00,48.8
2025-06-12 21:32:00,57.1
2025-06-12 02:09:00,82.0
2025-06-12 00:34:00,99.1
2025-06-12 18:04:00,98.3
2025-06-12 16:48:00,92.4
2025-06-12 02:38:00,50.019744401453856
2025-06-12 01:00:00,38.4
2025-06-12 03:50:00,93.9
2025-06-12 09:01:00,8.4
2025-06-12 07:26:00,72.1
2025-06-12 12:58:00,50.019744401453856
2025-06-12 00:37:00,95.3
2025-06-12 17:09:00,80.2
2025-06-12 22:59:00,62.0
2025-06-12 23:09:00,34.4
2025-06-12 10:45:00,99.9
2025-06-12 20:56:00,81.5
2025-06-12 06:03:00,85.9
2025-06-12 11:56:00,31.9
2025-06-12 10:34:00,34.3
2025-06-12 04:03:00,37.5
2025-06-12 14:41:00,54.0
2025-06-12 20:13:00,50.019744401453856
2025-06-12 17:13:00,52.9
2025-06-12 15:19:00,50.019744401453856
2025-06-12 03:53:00,42.6
2025-06-12 05:46:00,50.019744401453856
2025-06-12 07:07:00,43.1
2025-06-12 06:49:00,29.5
2025-06-12 13:50:00,89.4
2025-06-12 22:16:00,16.0
2025-06-12 16:44:00,39.5
2025-06-12 22:08:00,50.019744401453856
2025-06-12 08:20:00,50.019744401453856
2025-06-12 05:16:00,53.2
2025-06-12 08:13:00,31.9
2025-06-12 01:43:00,82.1
2025-06-12 09:36:00,50.019744401453856
2025-06-12 06:00:00,55.1
2025-06-12 09:42:00,43.8
2025-06-12 04:05:00,64.7
2025-06-12 06:26:00,97.9
2025-06-12 11:00:00,34.7
2025-06-12 03:41:00,69.4
2025-06-12 22:29:00,50.9
2025-06-12 12:34:00,54.9
2025-06-12 02:04:00,2.1
2025-06-12 11:30:00,56.7
2025-06-12 02:28:00,42.2
2025-06-12 21:41:00,68.8
2025-06-12 22:18:00,15.9
2025-06-12 23:52:00,42.6
2025-06-12 04:12:00,68.4
2025-06-12 12:17:00,61.3
2025-06-12 07:05:00,42.9
2025-06-12 09:07:00,98.2
2025-06-12 12:44:00,68.2
2025-06-12 15:28:00,50.019744401453856
2025-06-12 04:29:00,50.019744401453856
2025-06-12 11:41:00,0.2
2025-06-12 21:31:00,50.019744401453856
2025-06-12 18:22:00,10.1
2025-06-12 00:39:00,87.5
2025-06-12 02:44:00,50.019744401453856
2025-06-12 01:59:00,9.3
2025-06-12 08:37:00,5.2
2025-06-12 20:10:00,51.2
2025-06-12 23:38:00,39.5
2025-06-12 07:55:00,68.6
2025-06-12 07:06:00,50.019744401453856
2025-06-12 18:09:00,22.3
2025-06-12 18:52:00,2.1
2025-06-12 21:43:00,49.2
2025-06-12 12:26:00,50.019744401453856
2025-06-12 23:14:00,85.5
2025-06-12 16:58:00,79.0
2025-06-12 01:31:00,94.8
2025-06-12 22:13:00,52.0
2025-06-12 02:30:00,17.5
2025-06-12 05:18:00,4.0
2025-06-12 14:49:00,50.019744401453856
2025-06-12 17:21:00,29.8
2025-06-12 01:18:00,48.3
2025-06-12 22:34:00,50.019744401453856
2025-06-12 09:41:00,52.9
2025-06-12 10:08:00,37.2
2025-06-12 04:38:00,40.5
2025-06-12 01:17:00,38.4
2025-06-12 01:40:00,78.6
2025-06-12 16:36:00,22.2
2025-06-12 03:54:00,47.0
2025-06-12 16:28:00,79.6
2025-06-12 07:34:00,56.7
2025-06-12 17:27:00,85.8
2025-06-12 23:15:00,9.7
2025-06-12 14:45:00,66.4
2025-06-12 02:53:00,21.9
2025-06-12 15:32:00,66.3
2025-06-12 04:55:00,2.5
2025-06-12 11:20:00,18.7
2025-06-12 08:33:00,71.7
2025-06-12 03:43:00,3.2
2025-06-12 07:01:00,88.9
2025-06-12 22:41:00,26.0
2025-06-12 22:43:00,79.2
2025-06-12 20:59:00,50.019744401453856
2025-06-12 22:14:00,84.1
2025-06-12 19:14:00,64.3
2025-06-12 15:22:00,50.019744401453856
2025-06-12 15:44:00,52.5
2025-06-12 19:09:00,44.4
2025-06-12 16:20:00,50.019744401453856
2025-06-12 16:04:00,50.019744401453856
2025-06-12 16:05:00,27.6
2025-06-12 06:50:00,50.019744401453856
2025-06-12 23:20:00,49.9
2025-06-12 22:30:00,50.7
2025-06-12 03:28:00,50.019744401453856
2025-06-12 21:46:00,56.1
2025-06-12 11:33:00,68.9
2025-06-12 20:09:00,62.3
2025-06-12 16:10:00,76.2
2025-06-12 12:06:00,39.1
2025-06-12 12:48:00,41.0
2025-06-12 12:11:00,28.7
2025-06-12 05:04:00,92.0
2025-06-12 02:46:00,57.4
2025-06-12 08:53:00,89.9
2025-06-12 10:51:00,7.6
2025-06-12 20:23:00,26.2
2025-06-12 17:59:00,65.7
2025-06-12 12:57:00,93.1
2025-06-12 06:22:00,22.7
2025-06-12 15:05:00,20.3
2025-06-12 16:33:00,50.019744401453856
2025-06-12 01:05:00,18.2
2025-06-12 21:25:00,97.0
2025-06-12 08:49:00,75.0
2025-06-12 02:29:00,82.4
2025-06-12 16:43:00,67.5
2025-06-12 19:13:00,82.4
2025-06-12 04:53:00,39.7
2025-06-12 16:45:00,99.0
2025-06-12 04:23:00,97.9
2025-06-12 13:58:00,43.8
2025-06-12 19:54:00,30.7
2025-06-12 11:29:00,85.8
2025-06-12 22:21:00,57.6
2025-06-12 12:10:00,62.3
2025-06-12 19:24:00,76.3
2025-06-12 15:59:00,23.5
2025-06-12 04:41:00,97.7
2025-06-12 05:51:00,20.1
2025-06-12 05:05:00,62.6
2025-06-12 23:22:00,47.6
2025-06-12 02:26:00,17.0
2025-06-12 07:00:00,57.6
2025-06-12 02:31:00,75.7
2025-06-12 06:13:00,48.3
2025-06-12 00:41:00,65.7
2025-06-12 17:36:00,62.6
2025-06-12 00:24:00,91.3
2025-06-12 11:46:00,50.019744401453856
2025-06-12 12:21:00,68.5
2025-06-12 10:46:00,23.6
2025-06-12 12:37:00,0.2
2025-06-12 16:07:00,56.1
2025-06-12 13:13:00,20.4
2025-06-12 02:39:00,73.9
2025-06-12 10:40:00,50.019744401453856
2025-06-12 15:24:00,50.019744401453856
2025-06-12 01:20:00,26.3
2025-06-12 15:47:00,84.3
2025-06-12 22:56:00,50.019744401453856
2025-06-12 17:31:00,91.7
2025-06-12 22:01:00,36.8
2025-06-12 05:28:00,50.2
2025-06-12 17:11:00,4.7
2025-06-12 12:46:00,7.8
2025-06-12 19:53:00,76.3
2025-06-12 04:22:00,7.3
2025-06-12 21:36:00,18.0
2025-06-12 04:49:00,27.4
2025-06-12 02:54:00,30.9
2025-06-12 14:59:00,37.9
2025-06-12 08:07:00,14.6
2025-06-12 05:13:00,6.0
2025-06-12 20:19:00,96.9
2025-06-12 20:30:00,85.8
2025-06-12 09:44:00,75.5
2025-06-12 23:43:00,43.0
2025-06-12 09:08:00,43.0
2025-06-12 09:32:00,8.5
2025-06-12 14:05:00,2.6
2025-06-12 20:11:00,71.0
2025-06-12 18:02:00,69.7
2025-06-12 21:02:00,50.019744401453856
2025-06-12 01:47:00,80.0
2025-06-12 16:18:00,26.0
2025-06-12 12:43:00,48.2
2025-06-12 18:33:00,42.2
2025-06-12 10:21:00,72.0
2025-06-12 08:17:00,63.0
2025-06-12 16:31:00,68.1
2025-06-12 16:12:00,49.0
2025-06-12 22:00:00,50.0
2025-06-12 12:35:00,70.1
2025-06-12 21:00:00,86.2
2025-06-12 14:02:00,49.94205948042788
2025-06-12 12:03:00,19.7
2025-06-12 18:39:00,19.2
2025-06-12 18:57:00,73.5
2025-06-12 04:44:00,11.1
2025-06-12 16:48:00,12.0
2025-06-12 19:43:00,22.0
2025-06-12 01:17:00,92.4
2025-06-12 18:23:00,24.3
2025-06-12 04:07:00,13.4
2025-06-12 02:53:00,14.3
2025-06-12 00:24:00,1.2
2025-06-12 18:04:00,16.2
2025-06-12 12:27:00,30.9
2025-06-12 01:00:00,36.6
2025-06-12 08:56:00,94.3
2025-06-12 01:48:00,69.5
2025-06-12 15:32:00,36.7
2025-06-12 11:36:00,8.5
2025-06-12 14:22:00,70.2
2025-06-12 10:31:00,0.8
2025-06-12 16:31:00,14.3
2025-06-12 16:51:00,49.94205948042788
2025-06-12 17:26:00,39.3
2025-06-12 18:09:00,52.1
2025-06-12 07:21:00,35.3
2025-06-12 16:35:00,88.2
2025-06-12 00:08:00,75.6
2025-06-12 20:07:00,49.94205948042788
2025-06-12 03:16:00,70.3
2025-06-12 03:42:00,40.3
2025-06-12 14:35:00,49.94205948042788
2025-06-12 03:57:00,49.94205948042788
2025-06-12 08:00:00,22.5
2025-06-12 12:56:00,49.94205948042788
2025-06-12 17:54:00,34.0
2025-06-12 10:43:00,49.94205948042788
2025-06-12 07:01:00,43.8
2025-06-12 16:45:00,62.6
2025-06-12 07:14:00,88.3
2025-06-12 09:57:00,82.1
2025-06-12 11:10:00,37.8
2025-06-12 23:26:00,60.1
2025-06-12 13:17:00,66.6
2025-06-12 12:32:00,38.5
2025-06-12 23:43:00,79.6
2025-06-12 06:04:00,14.3
2025-06-12 15:02:00,68.6
2025-06-12 20:21:00,59.7
2025-06-12 00:02:00,13.0
2025-06-12 10:06:00,49.94205948042788
2025-06-12 14:48:00,23.7
2025-06-12 20:06:00,16.6
2025-06-12 02:19:00,58.3
2025-06-12 09:04:00,4.3
2025-06-12 13:54:00,56.8
2025-06-12 18:50:00,85.8
2025-06-12 09:22:00,36.4
2025-06-12 09:23:00,49.94205948042788
2025-06-12 15:13:00,56.8
2025-06-12 08:40:00,53.5
2025-06-12 12:40:00,87.5
2025-06-12 05:38:00,29.8
2025-06-12 14:17:00,95.8
2025-06-12 21:27:00,46.2
2025-06-12 08:59:00,9.3
2025-06-12 13:42:00,72.8
2025-06-12 23:19:00,32.1
2025-06-12 20:22:00,27.1
2025-06-12 20:09:00,49.94205948042788
2025-06-12 17:16:00,24.1
2025-06-12 12:16:00,93.4
2025-06-12 19:15:00,39.2
2025-06-12 00:19:00,82.4
2025-06-12 04:03:00,8.5
2025-06-12 23:38:00,15.2
2025-06-12 19:21:00,67.7
2025-06-12 09:59:00,12.0
2025-06-12 09:52:00,93.2
2025-06-12 18:59:00,19.1
2025-06-12 08:46:00,42.4
2025-06-12 09:42:00,49.94205948042788
2025-06-12 09:16:00,49.94205948042788
2025-06-12 09:14:00,99.8
2025-06-12 01:16:00,39.6
2025-06-12 16:37:00,13.0
2025-06-12 01:58:00,81.8
2025-06-12 06:56:00,49.94205948042788
2025-06-12 23:39:00,37.9
2025-06-12 12:33:00,67.7
2025-06-12 04:24:00,87.3
2025-06-12 21:09:00,19.9
2025-06-12 08:30:00,67.7
2025-06-12 23:04:00,48.2
2025-06-12 12:14:00,35.9
2025-06-12 12:08:00,14.0
2025-06-12 00:39:00,7.4
2025-06-12 08:11:00,47.8
2025-06-12 20:15:00,5.9
2025-06-12 10:27:00,37.7
2025-06-12 00:58:00,66.4
2025-06-12 13:56:00,49.94205948042788
2025-06-12 23:27:00,16.9
2025-06-12 23:11:00,93.5
2025-06-12 08:50:00,92.0
2025-06-12 00:30:00,40.3
2025-06-12 02:21:00,49.94205948042788
2025-06-12 10:20:00,23.8
2025-06-12 12:55:00,49.3
2025-06-12 08:13:00,92.1
2025-06-12 08:53:00,49.94205948042788
2025-06-12 05:04:00,12.1
2025-06-12 21:30:00,0.3
2025-06-12 07:57:00,61.1
2025-06-12 18:35:00,26.0
2025-06-12 08:23:00,60.9
2025-06-12 20:59:00,88.6
2025-06-12 04:15:00,7.6
2025-06-12 14:42:00,31.6
2025-06-12 03:46:00,49.94205948042788
2025-06-12 00:20:00,49.94205948042788
2025-06-12 11:03:00,66.0
2025-06-12 07:04:00,97.9
2025-06-12 23:56:00,0.4
2025-06-12 06:02:00,47.9
2025-06-12 20:56:00,86.1
2025-06-12 07:50:00,49.94205948042788
2025-06-12 15:11:00,36.4
2025-06-12 19:41:00,49.94205948042788
2025-06-12 09:53:00,64.7
2025-06-12 19:03:00,1.7
2025-06-12 17:28:00,38.0
2025-06-12 02:22:00,38.0
2025-06-12 18:29:00,85.1
2025-06-12 21:44:00,56.1
2025-06-12 14:43:00,97.8
2025-06-12 02:25:00,49.94205948042788
2025-06-12 03:30:00,97.5
2025-06-12 00:17:00,19.3
2025-06-12 10:48:00,42.3
2025-06-12 08:44:00,56.8
2025-06-12 23:22:00,25.0
2025-06-12 13:30:00,24.7
2025-06-12 00:06:00,19.0
2025-06-12 13:07:00,32.0
2025-06-12 03:32:00,89.5
2025-06-12 19:40:00,82.0
2025-06-12 10:02:00,11.7
2025-06-12 10:30:00,34.3
2025-06-12 09:37:00,52.5
2025-06-12 10:23:00,3.4
2025-06-12 03:25:00,49.94205948042788
2025-06-12 05:57:00,31.9
2025-06-12 19:56:00,74.7
2025-06-12 00:33:00,88.5
2025-06-12 01:44:00,95.1
2025-06-12 04:58:00,20.4
2025-06-12 10:24:00,7.9
2025-06-12 06:26:00,76.2
2025-06-12 18:43:00,48.5
2025-06-12 04:26:00,13.1
2025-06-12 15:06:00,28.6
2025-06-12 21:36:00,69.4
2025-06-12 21:28:00,23.8
2025-06-12 22:27:00,49.0
2025-06-12 23:45:00,94.9
2025-06-12 13:59:00,30.2
2025-06-12 05:15:00,82.8
2025-06-12 14:55:00,54.1
2025-06-12 02:24:00,20.8
2025-06-12 10:46:00,10.3
2025-06-12 06:38:00,79.6
2025-06-12 03:09:00,5.9
2025-06-12 09:06:00,49.94205948042788
2025-06-12 15:51:00,13.0
2025-06-12 00:43:00,49.94205948042788
2025-06-12 20:49:00,49.94205948042788
2025-06-12 03:44:00,43.3
2025-06-12 22:53:00,52.2
2025-06-12 06:28:00,28.6
2025-06-12 06:18:00,49.94205948042788
2025-06-12 08:32:00,18.0
2025-06-12 11:52:00,10.8
2025-06-12 02:45:00,49.94205948042788
2025-06-12 09:34:00,27.7
2025-06-12 10:10:00,49.94205948042788
2025-06-12 17:44:00,3.5
2025-06-12 22:50:00,65.8
2025-06-12 06:48:00,2.6
2025-06-12 15:49:00,52.8
2025-06-12 12:49:00,12.5
2025-06-12 11:34:00,1.9
2025-06-12 14:07:00,86.2
2025-06-12 16:39:00,69.7
2025-06-12 11:01:00,13.2
2025-06-12 06:07:00,29.7
2025-06-12 07:40:00,6.7
2025-06-12 10:11:00,89.2
2025-06-12 19:33:00,49.94205948042788
2025-06-12 01:13:00,79.5
2025-06-12 08:01:00,30.6
2025-06-12 23:33:00,56.4
2025-06-12 22:30:00,14.1
2025-06-12 05:29:00,58.2
2025-06-12 12:04:00,49.94205948042788
2025-06-12 11:06:00,49.94205948042788
2025-06-12 20:28:00,49.94205948042788
2025-06-12 16:50:00,74.3
2025-06-12 13:12:00,49.94205948042788
2025-06-12 22:03:00,59.5
2025-06-12 06:08:00,19.0
2025-06-12 01:23:00,78.6
2025-06-12 21:32:00,3.9
2025-06-12 05:23:00,60.1
2025-06-12 15:59:00,25.0
2025-06-12 05:10:00,13.6
2025-06-12 05:26:00,3.0
2025-06-12 06:23:00,36.1
2025-06-12 02:10:00,90.6
2025-06-12 19:34:00,12.5
2025-06-12 17:59:00,71.1
2025-06-12 23:20:00,82.0
2025-06-12 03:56:00,42.3
2025-06-12 09:07:00,39.8
2025-06-12 06:41:00,48.0
2025-06-12 20:18:00,49.94205948042788
2025-06-12 12:23:00,34.2
2025-06-12 09:51:00,55.6
2025-06-12 18:11:00,8.8
2025-06-12 18:51:00,8.9
2025-06-12 15:00:00,57.7
2025-06-12 12:22:00,25.1
2025-06-12 06:33:00,29.1
2025-06-12 22:37:00,28.9
2025-06-12 23:53:00,21.9
2025-06-12 03:35:00,88.8
2025-06-12 05:30:00,13.0
2025-06-12 13:21:00,71.7
2025-06-12 15:01:00,12.8
2025-06-12 22:58:00,17.8
2025-06-12 09:50:00,84.6
2025-06-12 16:15:00,8.8
2025-06-12 09:46:00,56.3
2025-06-12 07:49:00,8.2
2025-06-12 03:06:00,19.7
2025-06-12 13:13:00,49.7
2025-06-12 11:00:00,66.3
2025-06-12 18:38:00,49.94205948042788
2025-06-12 17:52:00,75.4
2025-06-12 08:09:00,1.0
2025-06-12 18:18:00,62.4
2025-06-12 14:01:00,47.8
2025-06-12 05:50:00,80.5
2025-06-12 00:38:00,9.8
2025-06-12 21:56:00,49.94205948042788
2025-06-12 23:46:00,21.1
2025-06-12 11:38:00,98.4
2025-06-12 00:12:00,47.7
2025-06-12 18:16:00,40.9
2025-06-12 03:59:00,56.5
2025-06-12 01:53:00,49.94205948042788
2025-06-12 02:39:00,48.8
2025-06-12 08:48:00,29.8
2025-06-12 01:30:00,10.0
2025-06-12 14:28:00,97.7
2025-06-12 00:54:00,57.8
2025-06-12 18:26:00,90.3
2025-06-12 15:27:00,58.3
2025-06-12 18:01:00,49.94205948042788
2025-06-12 19:46:00,58.2
2025-06-12 14:11:00,64.7
2025-06-12 20:54:00,71.4
2025-06-12 15:09:00,49.94205948042788
2025-06-12 17:06:00,58.1
2025-06-12 14:46:00,59.4
2025-06-12 10:45:00,47.4
2025-06-12 14:34:00,50.9
2025-06-12 18:24:00,52.4
2025-06-12 09:44:00,49.94205948042788
2025-06-12 10:26:00,49.94205948042788
2025-06-12 07:11:00,49.94205948042788
2025-06-12 16:58:00,49.94205948042788
2025-06-12 19:00:00,21.4
2025-06-12 07:30:00,24.0
2025-06-12 09:27:00,73.3
2025-06-12 04:42:00,30.5
2025-06-12 23:15:00,36.8
2025-06-12 15:48:00,53.7
2025-06-12 10:29:00,17.1
2025-06-12 01:57:00,53.8
2025-06-12 00:29:00,49.94205948042788
2025-06-12 07:47:00,33.1
2025-06-12 04:38:00,78.4
2025-06-12 01:27:00,49.94205948042788
2025-06-12 07:25:00,97.9
2025-06-12 01:32:00,49.94205948042788
2025-06-12 09:00:00,49.94205948042788
2025-06-12 11:18:00,65.1
2025-06-12 13:51:00,5.8
2025-06-12 14:45:00,34.0
2025-06-12 14:59:00,84.3
2025-06-12 15:31:00,38.0
2025-06-12 12:09:00,51.4
2025-06-12 14:21:00,4.1
2025-06-12 09:39:00,87.6
2025-06-12 18:46:00,14.3
2025-06-12 06:21:00,99.7
2025-06-12 22:55:00,73.4
2025-06-12 06:20:00,0.1
2025-06-12 18:34:00,50.024092836946274
2025-06-12 22:30:00,95.5
2025-06-12 15:52:00,32.7
2025-06-12 22:12:00,22.6
2025-06-12 15:46:00,9.4
2025-06-12 13:36:00,24.0
2025-06-12 17:10:00,81.8
2025-06-12 10:54:00,23.0
2025-06-12 02:30:00,3.8
2025-06-12 06:38:00,49.5
2025-06-12 18:25:00,33.0
2025-06-12 13:26:00,17.5
2025-06-12 01:07:00,50.024092836946274
2025-06-12 17:36:00,34.8
2025-06-12 00:14:00,49.1
2025-06-12 13:12:00,19.5
2025-06-12 23:35:00,46.6
2025-06-12 20:55:00,13.7
2025-06-12 12:31:00,76.2
2025-06-12 07:13:00,7.0
2025-06-12 17:06:00,99.0
2025-06-12 10:46:00,60.9
2025-06-12 04:45:00,54.8
2025-06-12 12:36:00,96.5
2025-06-12 20:47:00,17.6
2025-06-12 15:56:00,86.7
2025-06-12 04:31:00,55.7
2025-06-12 08:42:00,14.2
2025-06-12 17:23:00,76.5
2025-06-12 12:07:00,46.7
2025-06-12 20:53:00,88.3
2025-06-12 03:03:00,34.6
2025-06-12 22:08:00,10.8
2025-06-12 19:05:00,50.024092836946274
2025-06-12 13:20:00,90.1
2025-06-12 16:27:00,42.5
2025-06-12 12:58:00,50.024092836946274
2025-06-12 07:37:00,76.0
2025-06-12 08:31:00,0.2
2025-06-12 06:22:00,92.5
2025-06-12 05:28:00,75.2
2025-06-12 03:39:00,0.1
2025-06-12 18:07:00,37.4
2025-06-12 17:05:00,14.2
2025-06-12 04:17:00,48.7
2025-06-12 10:12:00,50.024092836946274
2025-06-12 19:15:00,5.2
2025-06-12 08:10:00,9.8
2025-06-12 11:41:00,3.0
2025-06-12 21:31:00,25.2
2025-06-12 03:31:00,50.024092836946274
2025-06-12 05:04:00,80.0
2025-06-12 21:06:00,9.5
2025-06-12 00:09:00,27.8
2025-06-12 15:15:00,62.7
2025-06-12 16:41:00,91.9
2025-06-12 14:13:00,50.024092836946274
2025-06-12 19:12:00,50.024092836946274
2025-06-12 20:06:00,31.9
2025-06-12 09:35:00,54.4
2025-06-12 10:18:00,27.5
2025-06-12 05:15:00,20.5
2025-06-12 01:59:00,64.2
2025-06-12 00:44:00,37.1
2025-06-12 08:55:00,88.7
2025-06-12 21:27:00,73.7
2025-06-12 06:57:00,66.2
2025-06-12 20:35:00,93.7
2025-06-12 11:39:00,81.1
2025-06-12 02:02:00,71.3
2025-06-12 10:50:00,75.4
2025-06-12 02:11:00,78.3
2025-06-12 01:57:00,8.8
2025-06-12 22:22:00,78.3
2025-06-12 19:02:00,31.7
2025-06-12 10:39:00,11.5
2025-06-12 00:47:00,53.9
2025-06-12 02:13:00,61.0
2025-06-12 14:45:00,2.8
2025-06-12 22:56:00,43.3
2025-06-12 21:48:00,88.7
2025-06-12 09:11:00,79.0
2025-06-12 02:43:00,82.2
2025-06-12 16:12:00,19.2
2025-06-12 02:32:00,79.1
2025-06-12 04:48:00,99.5
2025-06-12 18:00:00,24.4
2025-06-12 02:04:00,88.7
2025-06-12 00:42:00,65.9
2025-06-12 14:38:00,18.3
2025-06-12 12:50:00,4.5
2025-06-12 21:29:00,2.6
2025-06-12 20:42:00,10.1
2025-06-12 17:48:00,20.2
2025-06-12 08:04:00,50.024092836946274
2025-06-12 01:06:00,50.024092836946274
2025-06-12 02:20:00,12.4
2025-06-12 09:57:00,50.024092836946274
2025-06-12 23:11:00,87.0
2025-06-12 15:01:00,50.024092836946274
2025-06-12 09:45:00,37.0
2025-06-12 06:39:00,68.3
2025-06-12 13:58:00,30.1
2025-06-12 11:12:00,36.7
2025-06-12 17:21:00,34.9
2025-06-12 07:03:00,39.6
2025-06-12 06:35:00,50.024092836946274
2025-06-12 07:06:00,91.2
2025-06-12 02:08:00,1.5
2025-06-12 04:24:00,62.4
2025-06-12 21:13:00,59.8
2025-06-12 10:23:00,1.3
2025-06-12 10:36:00,99.7
2025-06-12 07:15:00,74.3
2025-06-12 17:59:00,50.024092836946274
2025-06-12 12:17:00,38.8
2025-06-12 12:27:00,85.0
2025-06-12 06:07:00,87.1
2025-06-12 12:18:00,95.3
2025-06-12 19:11:00,65.6
2025-06-12 13:31:00,14.1
2025-06-12 10:10:00,50.024092836946274
2025-06-12 12:41:00,93.7
2025-06-12 09:22:00,50.024092836946274
2025-06-12 22:57:00,76.8
2025-06-12 10:29:00,38.9
2025-06-12 07:29:00,4.7
2025-06-12 10:56:00,87.7
2025-06-12 03:28:00,65.7
2025-06-12 07:08:00,95.6
2025-06-12 23:53:00,62.3
2025-06-12 14:56:00,50.024092836946274
2025-06-12 03:34:00,78.1
2025-06-12 01:58:00,50.024092836946274
2025-06-12 17:43:00,49.3
2025-06-12 03:12:00,67.4
2025-06-12 15:40:00,16.3
2025-06-12 08:39:00,49.2
2025-06-12 14:30:00,30.5
2025-06-12 01:29:00,46.1
2025-06-12 02:29:00,46.9
2025-06-12 12:43:00,6.5
2025-06-12 02:52:00,94.9
2025-06-12 22:40:00,82.8
2025-06-12 11:34:00,0.6
2025-06-12 01:24:00,50.024092836946274
2025-06-12 08:21:00,70.9
2025-06-12 07:57:00,5.8
2025-06-12 20:11:00,92.7
2025-06-12 01:20:00,50.024092836946274
2025-06-12 06:44:00,57.1
2025-06-12 21:05:00,82.5
2025-06-12 04:22:00,6.8
2025-06-12 08:27:00,44.2
2025-06-12 18:11:00,72.7
2025-06-12 03:45:00,53.8
2025-06-12 17:50:00,13.1
2025-06-12 14:02:00,4.0
2025-06-12 21:33:00,52.2
2025-06-12 22:04:00,68.4
2025-06-12 16:22:00,50.024092836946274
2025-06-12 21:12:00,50.024092836946274
2025-06-12 19:41:00,31.0
2025-06-12 05:59:00,39.6
2025-06-12 02:01:00,27.4
2025-06-12 14:34:00,34.5
2025-06-12 11:54:00,50.024092836946274
2025-06-12 07:19:00,4.2
2025-06-12 11:14:00,50.0
2025-06-12 21:36:00,58.2
2025-06-12 18:21:00,50.024092836946274
2025-06-12 11:26:00,51.6
2025-06-12 09:33:00,91.3
2025-06-12 16:44:00,1.6
2025-06-12 12:22:00,9.1
2025-06-12 10:40:00,55.9
2025-06-12 16:21:00,74.3
2025-06-12 23:51:00,82.2
2025-06-12 17:33:00,66.6
2025-06-12 11:37:00,50.024092836946274
2025-06-12 08:33:00,6.9
2025-06-12 20:41:00,81.1
2025-06-12 10:20:00,19.5
2025-06-12 16:24:00,33.5
2025-06-12 15:51:00,50.024092836946274
2025-06-12 09:46:00,89.6
2025-06-12 22:00:00,41.3
2025-06-12 20:08:00,38.4
2025-06-12 14:29:00,94.9
2025-06-12 13:00:00,43.8
2025-06-12 09:31:00,62.2
2025-06-12 13:04:00,19.8
2025-06-12 06:03:00,62.9
2025-06-12 23:28:00,54.9
2025-06-12 14:20:00,27.0
2025-06-12 07:07:00,50.024092836946274
2025-06-12 04:08:00,50.0
2025-06-12 05:32:00,57.7
2025-06-12 05:52:00,60.1
2025-06-12 12:01:00,53.9
2025-06-12 17:13:00,50.024092836946274
2025-06-12 20:22:00,50.024092836946274
2025-06-12 05:02:00,50.024092836946274
2025-06-12 03:10:00,16.5
2025-06-12 17:53:00,20.7
2025-06-12 04:07:00,47.5
2025-06-12 00:18:00,50.024092836946274
2025-06-12 21:41:00,34.1
2025-06-12 07:11:00,23.0
2025-06-12 23:31:00,19.5
2025-06-12 11:55:00,50.024092836946274
2025-06-12 10:53:00,2.2
2025-06-12 07:42:00,93.5
2025-06-12 04:10:00,80.3
2025-06-12 14:07:00,97.9
2025-06-12 10:11:00,8.8
2025-06-12 22:48:00,58.5
2025-06-12 17:16:00,27.1
2025-06-12 15:33:00,51.7
2025-06-12 03:46:00,50.024092836946274
2025-06-12 09:27:00,50.024092836946274
2025-06-12 21:18:00,96.6
2025-06-12 16:42:00,50.024092836946274
2025-06-12 00:45:00,14.2
2025-06-12 14:08:00,33.9
2025-06-12 13:54:00,77.5
2025-06-12 05:23:00,96.1
2025-06-12 16:28:00,50.024092836946274
2025-06-12 14:16:00,45.0
2025-06-12 05:49:00,50.024092836946274
2025-06-12 10:55:00,77.3
2025-06-12 01:51:00,5.5
2025-06-12 07:24:00,98.2
2025-06-12 03:43:00,39.9
2025-06-12 11:59:00,11.5
2025-06-12 23:49:00,50.024092836946274
2025-06-12 22:42:00,90.0
2025-06-12 23:33:00,31.2
2025-06-12 03:41:00,94.6
2025-06-12 09:16:00,29.5
2025-06-12 09:21:00,92.8
2025-06-12 07:18:00,45.4
2025-06-12 09:23:00,70.8
2025-06-12 16:34:00,50.024092836946274
2025-06-12 02:59:00,55.2
2025-06-12 10:49:00,84.4
2025-06-12 15:53:00,74.6
2025-06-12 18:44:00,93.4
2025-06-12 20:03:00,80.0
2025-06-12 00:26:00,68.0
2025-06-12 12:49:00,50.024092836946274
2025-06-12 12:44:00,85.4
2025-06-12 09:51:00,45.2
2025-06-12 18:41:00,50.024092836946274
2025-06-12 09:24:00,85.3
2025-06-12 04:56:00,62.5
2025-06-12 21:58:00,64.0
2025-06-12 03:27:00,12.5
2025-06-12 18:01:00,71.7
2025-06-12 20:52:00,41.6
2025-06-12 00:04:00,4.7
2025-06-12 03:37:00,7.8
2025-06-12 07:04:00,71.3
2025-06-12 06:59:00,60.2
2025-06-12 17:28:00,50.6
2025-06-12 03:36:00,11.5
2025-06-12 08:20:00,8.5
2025-06-12 19:49:00,66.3
2025-06-12 03:19:00,72.9
2025-06-12 16:58:00,8.9
2025-06-12 14:09:00,14.3
2025-06-12 05:22:00,19.6
2025-06-12 14:26:00,26.1
2025-06-12 10:19:00,22.9
2025-06-12 12:20:00,3.9
2025-06-12 18:40:00,74.9
2025-06-12 15:43:00,39.4
2025-06-12 00:49:00,89.6
2025-06-12 12:32:00,95.6
2025-06-12 13:44:00,43.8
2025-06-12 18:04:00,50.024092836946274
2025-06-12 13:53:00,11.4
2025-06-12 01:41:00,15.2
2025-06-12 08:03:00,15.7
2025-06-12 09:01:00,50.024092836946274
2025-06-12 23:55:00,65.7
2025-06-12 04:14:00,21.0
2025-06-12 03:14:00,95.8
2025-06-12 11:33:00,81.1
2025-06-12 13:10:00,68.9
2025-06-12 02:25:00,33.0
2025-06-12 22:48:00,63.1
2025-06-12 07:05:00,72.0
2025-06-12 05:34:00,36.9
2025-06-12 06:01:00,42.3
2025-06-12 13:57:00,9.1
2025-06-12 19:16:00,20.6
2025-06-12 06:19:00,92.9
2025-06-12 04:18:00,49.2
2025-06-12 13:28:00,95.5
2025-06-12 20:25:00,55.5
2025-06-12 05:07:00,35.0
2025-06-12 02:31:00,77.1
2025-06-12 14:12:00,8.3
2025-06-12 15:19:00,52.0
2025-06-12 06:07:00,77.6
2025-06-12 11:50:00,49.54963144963145
2025-06-12 22:35:00,91.8
2025-06-12 10:05:00,80.1
2025-06-12 12:42:00,49.54963144963145
2025-06-12 21:59:00,31.2
2025-06-12 23:26:00,23.8
2025-06-12 13:15:00,81.8
2025-06-12 21:57:00,65.3
2025-06-12 21:15:00,79.8
2025-06-12 07:31:00,49.54963144963145
2025-06-12 10:59:00,79.4
2025-06-12 06:21:00,30.4
2025-06-12 00:15:00,16.2
2025-06-12 01:32:00,76.0
2025-06-12 23:34:00,46.0
2025-06-12 02:58:00,85.8
2025-06-12 07:00:00,13.4
2025-06-12 10:30:00,26.3
2025-06-12 01:55:00,78.2
2025-06-12 12:30:00,21.5
2025-06-12 05:47:00,49.54963144963145
2025-06-12 05:33:00,51.5
2025-06-12 02:56:00,45.2
2025-06-12 20:47:00,93.9
2025-06-12 22:19:00,96.5
2025-06-12 04:28:00,30.3
2025-06-12 07:32:00,81.5
2025-06-12 06:42:00,17.1
2025-06-12 23:33:00,49.54963144963145
2025-06-12 17:11:00,5.5
2025-06-12 10:45:00,41.5
2025-06-12 09:48:00,61.2
2025-06-12 19:23:00,25.5
2025-06-12 10:11:00,26.5
2025-06-12 11:14:00,69.7
2025-06-12 03:49:00,71.3
2025-06-12 11:27:00,32.8
2025-06-12 14:09:00,7.8
2025-06-12 03:13:00,41.9
2025-06-12 13:13:00,65.7
2025-06-12 17:50:00,9.5
2025-06-12 23:38:00,49.54963144963145
2025-06-12 11:07:00,61.7
2025-06-12 21:34:00,19.6
2025-06-12 01:38:00,24.7
2025-06-12 16:06:00,49.54963144963145
2025-06-12 14:25:00,17.4
2025-06-12 12:15:00,84.5
2025-06-12 21:05:00,17.3
2025-06-12 20:40:00,69.9
2025-06-12 09:41:00,66.0
2025-06-12 16:02:00,44.7
2025-06-12 08:04:00,7.9
2025-06-12 16:25:00,49.54963144963145
2025-06-12 11:59:00,84.9
2025-06-12 15:46:00,49.54963144963145
2025-06-12 01:04:00,60.4
2025-06-12 05:05:00,3.0
2025-06-12 07:24:00,43.3
2025-06-12 16:54:00,13.7
2025-06-12 12:53:00,60.7
2025-06-12 15:02:00,34.5
2025-06-12 01:23:00,27.7
2025-06-12 01:49:00,91.9
2025-06-12 05:18:00,59.6
2025-06-12 16:44:00,20.6
2025-06-12 13:46:00,49.54963144963145
2025-06-12 06:50:00,40.1
2025-06-12 10:23:00,18.3
2025-06-12 05:11:00,11.9
2025-06-12 13:54:00,19.4
2025-06-12 07:49:00,22.2
2025-06-12 09:43:00,19.9
2025-06-12 10:58:00,37.2
2025-06-12 12:10:00,18.3
2025-06-12 09:06:00,16.6
2025-06-12 23:55:00,84.9
2025-06-12 15:09:00,49.4
2025-06-12 11:44:00,54.0
2025-06-12 12:34:00,35.0
2025-06-12 03:25:00,34.6
2025-06-12 14:35:00,98.6
2025-06-12 11:01:00,83.8
2025-06-12 15:13:00,49.54963144963145
2025-06-12 16:22:00,1.4
2025-06-12 23:13:00,71.2
2025-06-12 11:08:00,53.7
2025-06-12 16:08:00,49.54963144963145
2025-06-12 03:15:00,47.3
2025-06-12 05:52:00,49.54963144963145
2025-06-12 19:18:00,22.9
2025-06-12 10:27:00,49.5
2025-06-12 15:31:00,98.0
2025-06-12 22:03:00,26.8
2025-06-12 05:17:00,40.6
2025-06-12 03:39:00,50.6
2025-06-12 11:02:00,74.1
2025-06-12 12:09:00,32.2
2025-06-12 00:27:00,60.5
2025-06-12 20:36:00,73.8
2025-06-12 14:33:00,96.9
2025-06-12 04:25:00,27.1
2025-06-12 19:03:00,49.54963144963145
2025-06-12 22:54:00,50.1
2025-06-12 12:58:00,49.0
2025-06-12 14:22:00,29.5
2025-06-12 02:12:00,49.54963144963145
2025-06-12 02:32:00,60.5
2025-06-12 05:00:00,16.2
2025-06-12 23:40:00,19.1
2025-06-12 05:46:00,95.4
2025-06-12 02:09:00,56.4
2025-06-12 23:35:00,66.7
2025-06-12 20:12:00,44.1
2025-06-12 06:14:00,1.3
2025-06-12 09:01:00,52.1
2025-06-12 09:16:00,50.6
2025-06-12 02:05:00,49.54963144963145
2025-06-12 06:51:00,64.0
2025-06-12 14:57:00,49.54963144963145
2025-06-12 14:30:00,72.1
2025-06-12 18:49:00,73.4
2025-06-12 05:09:00,7.6
2025-06-12 02:35:00,49.54963144963145
2025-06-12 08:46:00,95.5
2025-06-12 01:35:00,87.9
2025-06-12 16:28:00,77.9
2025-06-12 04:08:00,49.54963144963145
2025-06-12 05:40:00,15.1
2025-06-12 15:20:00,79.0
2025-06-12 07:38:00,6.6
2025-06-12 06:15:00,36.5
2025-06-12 04:11:00,67.7
2025-06-12 20:55:00,94.5
2025-06-12 15:43:00,39.9
2025-06-12 23:07:00,49.54963144963145
2025-06-12 02:21:00,82.2
2025-06-12 18:59:00,83.8
2025-06-12 13:53:00,1.7
2025-06-12 20:42:00,49.3
2025-06-12 02:37:00,93.7
2025-06-12 13:02:00,85.6
2025-06-12 15:23:00,39.2
2025-06-12 18:15:00,93.2
2025-06-12 01:15:00,71.5
2025-06-12 01:57:00,42.5
2025-06-12 23:44:00,49.54963144963145
2025-06-12 13:08:00,41.3
2025-06-12 00:09:00,77.6
2025-06-12 11:39:00,94.7
2025-06-12 14:32:00,49.54963144963145
2025-06-12 14:16:00,49.54963144963145
2025-06-12 17:24:00,0.0
2025-06-12 14:28:00,83.2
2025-06-12 12:38:00,49.54963144963145
2025-06-12 11:20:00,91.6
2025-06-12 18:07:00,72.8
2025-06-12 19:39:00,39.7
2025-06-12 16:34:00,70.5
2025-06-12 11:31:00,97.9
2025-06-12 11:28:00,47.1
2025-06-12 04:09:00,70.0
2025-06-12 11:30:00,7.6
2025-06-12 22:51:00,43.8
2025-06-12 19:43:00,50.7
2025-06-12 10:14:00,59.6
2025-06-12 15:26:00,64.6
2025-06-12 01:53:00,49.54963144963145
2025-06-12 02:11:00,68.2
2025-06-12 00:18:00,2.5
2025-06-12 06:41:00,33.5
2025-06-12 06:48:00,0.5
2025-06-12 10:04:00,65.0
2025-06-12 22:06:00,28.1
2025-06-12 18:25:00,49.54963144963145
2025-06-12 21:09:00,16.5
2025-06-12 04:22:00,0.5
2025-06-12 07:35:00,12.1
2025-06-12 00:11:00,47.0
2025-06-12 02:04:00,3.3
2025-06-12 09:21:00,77.3
2025-06-12 06:24:00,82.1
2025-06-12 20:41:00,32.8
2025-06-12 07:27:00,20.0
2025-06-12 14:01:00,26.6
2025-06-12 23:00:00,29.2
2025-06-12 15:33:00,5.7
2025-06-12 08:10:00,36.3
2025-06-12 22:11:00,12.9
2025-06-12 07:09:00,24.2
2025-06-12 00:53:00,49.54963144963145
2025-06-12 13:43:00,16.7
2025-06-12 23:49:00,78.8
2025-06-12 09:32:00,76.6
2025-06-12 18:29:00,49.54963144963145
2025-06-12 11:48:00,49.54963144963145
2025-06-12 11:22:00,37.0
2025-06-12 02:45:00,90.7
2025-06-12 00:50:00,27.3
2025-06-12 05:36:00,18.2
2025-06-12 05:10:00,99.0
2025-06-12 06:39:00,33.8
2025-06-12 22:23:00,19.4
2025-06-12 00:29:00,68.8
2025-06-12 21:42:00,95.8
2025-06-12 11:00:00,44.2
2025-06-12 17:16:00,8.6
2025-06-12 13:04:00,34.6
2025-06-12 00:13:00,54.2
2025-06-12 18:18:00,75.7
2025-06-12 08:37:00,37.3
2025-06-12 01:48:00,45.9
2025-06-12 23:56:00,93.4
2025-06-12 14:48:00,71.8
2025-06-12 02:52:00,2.5
2025-06-12 06:29:00,49.54963144963145
2025-06-12 08:08:00,49.54963144963145
2025-06-12 06:32:00,99.0
2025-06-12 12:59:00,49.54963144963145
2025-06-12 16:21:00,37.8
2025-06-12 05:13:00,23.7
2025-06-12 13:52:00,49.54963144963145
2025-06-12 10:36:00,49.54963144963145
2025-06-12 14:00:00,43.9
2025-06-12 16:14:00,74.5
2025-06-12 17:41:00,97.1
2025-06-12 16:48:00,32.5
2025-06-12 19:31:00,27.6
2025-06-12 02:02:00,24.5
2025-06-12 23:17:00,46.8
2025-06-12 10:43:00,52.1
2025-06-12 06:25:00,68.5
2025-06-12 09:58:00,64.1
2025-06-12 17:10:00,35.5
2025-06-12 20:23:00,80.2
2025-06-12 19:34:00,49.54963144963145
2025-06-12 10:34:00,92.8
2025-06-12 00:16:00,92.0
2025-06-12 19:47:00,33.5
2025-06-12 11:16:00,87.9
2025-06-12 21:01:00,49.54963144963145
2025-06-12 05:35:00,31.0
2025-06-12 20:28:00,19.5
2025-06-12 21:08:00,12.3
2025-06-12 15:27:00,1.0
2025-06-12 09:31:00,51.1
2025-06-12 23:37:00,84.0
2025-06-12 14:37:00,30.7
2025-06-12 11:12:00,92.2
2025-06-12 11:55:00,12.2
2025-06-12 06:59:00,73.9
2025-06-12 11:58:00,30.4
2025-06-12 00:02:00,13.0
2025-06-12 03:35:00,70.4
2025-06-12 12:46:00,42.3
2025-06-12 13:22:00,12.0
2025-06-12 04:59:00,5.6
2025-06-12 18:28:00,55.4
2025-06-12 14:31:00,49.54963144963145
2025-06-12 08:14:00,10.1
2025-06-12 22:07:00,96.4
2025-06-12 08:19:00,57.0
2025-06-12 00:43:00,65.4
2025-06-12 23:50:00,70.2
2025-06-12 22:22:00,51.2
2025-06-12 01:39:00,49.54963144963145
2025-06-12 01:26:00,20.6
2025-06-12 08:30:00,89.5
2025-06-12 11:35:00,55.2
2025-06-12 21:48:00,46.9
2025-06-12 10:38:00,69.7
2025-06-12 19:50:00,73.1
2025-06-12 16:35:00,29.8
2025-06-12 07:03:00,48.1
2025-06-12 04:27:00,52.0
2025-06-12 12:49:00,24.0
2025-06-12 15:06:00,39.2
2025-06-12 04:52:00,27.1
2025-06-12 11:25:00,19.0
2025-06-12 10:00:00,83.5
2025-06-12 07:48:00,100.0
2025-06-12 06:43:00,49.54963144963145
2025-06-12 00:39:00,18.5
2025-06-12 23:31:00,49.7
2025-06-12 01:28:00,39.1
2025-06-12 03:02:00,49.54963144963145
2025-06-12 05:08:00,6.8
2025-06-12 13:34:00,51.3
2025-06-12 03:58:00,49.54963144963145
2025-06-12 21:53:00,24.0
2025-06-12 10:29:00,51.9
2025-06-12 13:14:00,72.0
2025-06-12 04:24:00,12.9
2025-06-12 01:27:00,49.54963144963145
2025-06-12 17:08:00,49.54963144963145
2025-06-12 12:00:00,39.7
2025-06-12 02:13:00,97.1
2025-06-12 00:41:00,49.54963144963145
2025-06-12 21:10:00,44.0
2025-06-12 01:40:00,86.6
2025-06-12 04:32:00,54.3
2025-06-12 21:43:00,60.2
2025-06-12 05:01:00,77.3
2025-06-12 22:05:00,59.8
2025-06-12 23:58:00,79.2
2025-06-12 21:19:00,80.7
2025-06-12 07:17:00,50.9
2025-06-12 19:58:00,30.4
2025-06-12 04:45:00,88.0
2025-06-12 01:14:00,18.2
2025-06-12 16:07:00,98.7
2025-06-12 16:30:00,49.54963144963145
2025-06-12 04:06:00,51.4
2025-06-12 05:37:00,77.4
2025-06-12 05:11:00,17.5
2025-06-12 21:35:00,85.2
2025-06-12 21:33:00,92.5
2025-06-12 20:11:00,24.0
2025-06-12 05:54:00,72.9
2025-06-12 11:46:00,91.7
2025-06-12 05:06:00,29.4
2025-06-12 07:48:00,61.9
2025-06-12 19:42:00,49.560128956623686
2025-06-12 21:04:00,46.8
2025-06-12 02:15:00,36.5
2025-06-12 01:07:00,49.560128956623686
2025-06-12 07:55:00,92.3
2025-06-12 15:48:00,68.9
2025-06-12 12:22:00,22.8
2025-06-12 14:53:00,49.560128956623686
2025-06-12 21:40:00,75.3
2025-06-12 03:53:00,12.1
2025-06-12 13:05:00,49.560128956623686
2025-06-12 13:53:00,4.3
2025-06-12 21:34:00,33.6
2025-06-12 01:25:00,8.9
2025-06-12 23:32:00,20.5
2025-06-12 17:41:00,66.7
2025-06-12 20:19:00,51.3
2025-06-12 12:17:00,35.4
2025-06-12 22:11:00,21.7
2025-06-12 15:45:00,49.560128956623686
2025-06-12 04:41:00,36.8
2025-06-12 19:50:00,49.560128956623686
2025-06-12 15:53:00,49.560128956623686
2025-06-12 17:26:00,26.2
2025-06-12 16:35:00,22.5
2025-06-12 07:45:00,44.0
2025-06-12 17:04:00,23.3
2025-06-12 04:05:00,49.560128956623686
2025-06-12 22:58:00,64.9
2025-06-12 05:24:00,43.1
2025-06-12 04:58:00,17.9
2025-06-12 12:41:00,53.6
2025-06-12 21:32:00,58.4
2025-06-12 22:08:00,49.560128956623686
2025-06-12 02:39:00,16.3
2025-06-12 05:08:00,49.560128956623686
2025-06-12 16:23:00,47.7
2025-06-12 16:42:00,44.4
2025-06-12 21:38:00,9.9
2025-06-12 11:33:00,20.8
2025-06-12 11:19:00,72.9
2025-06-12 16:45:00,39.2
2025-06-12 11:05:00,12.9
2025-06-12 11:12:00,95.0
2025-06-12 07:59:00,4.7
2025-06-12 15:57:00,70.6
2025-06-12 22:00:00,13.4
2025-06-12 02:50:00,56.0
2025-06-12 18:12:00,35.3
2025-06-12 15:00:00,40.3
2025-06-12 11:20:00,0.7
2025-06-12 15:17:00,9.3
2025-06-12 21:29:00,8.6
2025-06-12 02:00:00,8.3
2025-06-12 22:41:00,51.1
2025-06-12 12:48:00,84.9
2025-06-12 14:44:00,38.1
2025-06-12 16:44:00,26.0
2025-06-12 05:17:00,62.6
2025-06-12 02:54:00,49.560128956623686
2025-06-12 11:26:00,13.9
2025-06-12 01:09:00,6.4
2025-06-12 22:20:00,49.560128956623686
2025-06-12 01:22:00,12.2
2025-06-12 08:47:00,8.4
2025-06-12 01:32:00,10.2
2025-06-12 12:25:00,49.560128956623686
2025-06-12 04:45:00,49.560128956623686
2025-06-12 09:03:00,49.560128956623686
2025-06-12 00:57:00,94.5
2025-06-12 17:28:00,49.560128956623686
2025-06-12 18:35:00,70.4
2025-06-12 10:54:00,63.6
2025-06-12 07:33:00,41.9
2025-06-12 01:58:00,2.7
2025-06-12 19:55:00,2.1
2025-06-12 10:21:00,97.5
2025-06-12 14:05:00,43.1
2025-06-12 18:57:00,35.7
2025-06-12 00:38:00,68.2
2025-06-12 05:20:00,53.4
2025-06-12 14:00:00,52.4
2025-06-12 05:49:00,20.8
2025-06-12 11:36:00,76.4
2025-06-12 07:11:00,17.7
2025-06-12 08:15:00,16.0
2025-06-12 21:15:00,88.0
2025-06-12 14:08:00,35.2
2025-06-12 02:33:00,49.560128956623686
2025-06-12 15:43:00,9.0
2025-06-12 22:45:00,82.0
2025-06-12 14:43:00,25.0
2025-06-12 06:04:00,76.4
2025-06-12 17:50:00,44.1
2025-06-12 15:07:00,7.2
2025-06-12 19:09:00,23.8
2025-06-12 13:03:00,97.3
2025-06-12 02:03:00,18.0
2025-06-12 12:56:00,33.1
2025-06-12 12:52:00,62.3
2025-06-12 09:35:00,80.3
2025-06-12 07:17:00,49.560128956623686
2025-06-12 23:41:00,75.0
2025-06-12 15:06:00,42.6
2025-06-12 12:13:00,23.1
2025-06-12 20:40:00,41.2
2025-06-12 01:30:00,11.7
2025-06-12 15:34:00,87.9
2025-06-12 23:33:00,34.3
2025-06-12 05:36:00,77.6
2025-06-12 07:24:00,99.0
2025-06-12 17:32:00,3.8
2025-06-12 14:58:00,49.560128956623686
2025-06-12 16:06:00,29.3
2025-06-12 02:09:00,62.4
2025-06-12 07:25:00,40.4
2025-06-12 04:14:00,26.2
2025-06-12 13:01:00,39.6
2025-06-12 11:13:00,49.560128956623686
2025-06-12 12:32:00,35.2
2025-06-12 04:12:00,34.7
2025-06-12 14:41:00,49.560128956623686
2025-06-12 21:25:00,4.9
2025-06-12 20:49:00,53.6
2025-06-12 21:50:00,61.7
2025-06-12 22:42:00,94.5
2025-06-12 00:40:00,50.8
2025-06-12 00:51:00,49.560128956623686
2025-06-12 18:29:00,42.7
2025-06-12 01:50:00,1.8
2025-06-12 07:30:00,47.3
2025-06-12 21:02:00,29.7
2025-06-12 02:18:00,65.6
2025-06-12 09:44:00,49.560128956623686
2025-06-12 09:52:00,43.4
2025-06-12 06:57:00,14.6
2025-06-12 19:54:00,61.2
2025-06-12 06:06:00,49.560128956623686
2025-06-12 22:24:00,1.4
2025-06-12 11:02:00,54.0
2025-06-12 19:53:00,85.9
2025-06-12 15:27:00,64.7
2025-06-12 05:59:00,54.6
2025-06-12 15:03:00,86.7
2025-06-12 21:46:00,84.8
2025-06-12 04:59:00,86.3
2025-06-12 07:04:00,78.1
2025-06-12 14:22:00,44.0
2025-06-12 14:45:00,2.4
2025-06-12 02:13:00,87.0
2025-06-12 12:18:00,20.1
2025-06-12 03:31:00,33.1
2025-06-12 05:40:00,67.1
2025-06-12 03:59:00,17.5
2025-06-12 12:58:00,77.6
2025-06-12 23:40:00,94.3
2025-06-12 06:20:00,37.4
2025-06-12 20:16:00,9.6
2025-06-12 03:29:00,7.9
2025-06-12 15:50:00,36.3
2025-06-12 16:48:00,59.1
2025-06-12 21:18:00,8.0
2025-06-12 08:05:00,66.2
2025-06-12 03:54:00,3.2
2025-06-12 12:44:00,49.560128956623686
2025-06-12 08:09:00,49.560128956623686
2025-06-12 20:42:00,86.9
2025-06-12 03:28:00,34.0
2025-06-12 08:42:00,60.4
2025-06-12 22:30:00,79.4
2025-06-12 13:49:00,65.9
2025-06-12 23:50:00,40.0
2025-06-12 00:28:00,53.8
2025-06-12 14:34:00,65.4
2025-06-12 11:43:00,22.4
2025-06-12 12:24:00,49.560128956623686
2025-06-12 17:33:00,96.7
2025-06-12 20:32:00,60.0
2025-06-12 13:43:00,31.7
2025-06-12 05:16:00,49.560128956623686
2025-06-12 00:24:00,49.560128956623686
2025-06-12 06:38:00,49.0
2025-06-12 05:58:00,22.9
2025-06-12 17:49:00,24.0
2025-06-12 21:47:00,32.2
2025-06-12 12:53:00,30.5
2025-06-12 14:04:00,49.560128956623686
2025-06-12 00:31:00,46.5
2025-06-12 20:51:00,67.4
2025-06-12 00:41:00,81.8
2025-06-12 17:58:00,97.1
2025-06-12 14:42:00,9.7
2025-06-12 10:42:00,73.8
2025-06-12 16:07:00,32.6
2025-06-12 22:14:00,40.6
2025-06-12 19:44:00,14.8
2025-06-12 13:02:00,80.2
2025-06-12 01:19:00,11.2
2025-06-12 07:12:00,44.6
2025-06-12 00:00:00,3.0
2025-06-12 19:28:00,92.2
2025-06-12 02:01:00,9.5
2025-06-12 09:46:00,17.3
2025-06-12 00:20:00,49.560128956623686
2025-06-12 08:30:00,39.2
2025-06-12 09:15:00,66.8
2025-06-12 09:21:00,21.7
2025-06-12 21:24:00,49.560128956623686
2025-06-12 21:49:00,84.0
2025-06-12 17:24:00,34.4
2025-06-12 09:38:00,46.5
2025-06-12 21:30:00,24.0
2025-06-12 19:57:00,42.7
2025-06-12 10:50:00,49.560128956623686
2025-06-12 14:51:00,85.5
2025-06-12 13:08:00,31.9
2025-06-12 08:13:00,99.5
2025-06-12 15:52:00,85.5
2025-06-12 17:08:00,77.9
2025-06-12 09:13:00,22.7
2025-06-12 20:17:00,0.1
2025-06-12 13:17:00,80.7
2025-06-12 13:10:00,35.3
2025-06-12 23:30:00,9.0
2025-06-12 14:21:00,6.1
2025-06-12 06:41:00,4.3
2025-06-12 14:56:00,28.6
2025-06-12 01:03:00,96.9
2025-06-12 10:51:00,25.3
2025-06-12 16:25:00,69.4
2025-06-12 15:10:00,95.1
2025-06-12 22:10:00,49.2
2025-06-12 13:44:00,87.9
2025-06-12 10:26:00,58.1
2025-06-12 11:24:00,24.2
2025-06-12 11:55:00,93.3
2025-06-12 10:13:00,1.7
2025-06-12 00:36:00,2.9
2025-06-12 20:28:00,92.2
2025-06-12 17:09:00,49.560128956623686
2025-06-12 08:26:00,24.1
2025-06-12 23:54:00,19.3
2025-06-12 23:11:00,22.1
2025-06-12 13:27:00,49.560128956623686
2025-06-12 15:01:00,50.2
2025-06-12 09:10:00,82.0
2025-06-12 03:21:00,44.0
2025-06-12 05:43:00,18.3
2025-06-12 20:53:00,25.0
2025-06-12 01:43:00,64.1
2025-06-12 19:31:00,12.6
2025-06-12 18:01:00,66.6
2025-06-12 00:53:00,53.3
2025-06-12 23:36:00,98.5
2025-06-12 13:41:00,40.2
2025-06-12 00:12:00,91.3
2025-06-12 15:29:00,76.7
2025-06-12 16:58:00,63.7
2025-06-12 08:22:00,49.560128956623686
2025-06-12 04:18:00,60.1
2025-06-12 09:05:00,49.9
2025-06-12 22:25:00,83.0
2025-06-12 20:39:00,35.7
2025-06-12 11:58:00,49.560128956623686
2025-06-12 23:43:00,46.2
2025-06-12 05:00:00,12.2
2025-06-12 22:35:00,23.0
2025-06-12 18:13:00,90.0
2025-06-12 04:22:00,31.9
2025-06-12 04:34:00,4.2
2025-06-12 05:46:00,58.9
2025-06-12 18:34:00,91.3
2025-06-12 03:20:00,59.3
2025-06-12 01:47:00,44.0
2025-06-12 03:42:00,56.9
2025-06-12 01:46:00,49.560128956623686
2025-06-12 21:31:00,36.9
2025-06-12 01:28:00,49.560128956623686
2025-06-12 04:37:00,20.8
2025-06-12 00:34:00,64.8
2025-06-12 16:55:00,88.8
2025-06-12 13:46:00,4.8
2025-06-12 22:31:00,94.0
2025-06-12 07:14:00,29.2
2025-06-12 07:43:00,4.5
2025-06-12 02:26:00,14.8
2025-06-12 06:03:00,67.6
2025-06-12 11:07:00,75.3
2025-06-12 22:13:00,19.7
2025-06-12 08:17:00,83.3
2025-06-12 00:23:00,72.7
2025-06-12 02:53:00,41.7
2025-06-12 07:28:00,80.3
2025-06-12 06:28:00,7.4
2025-06-12 16:50:00,3.8
2025-06-12 02:58:00,50.10277843742579
2025-06-12 06:03:00,20.7
2025-06-12 13:07:00,8.4
2025-06-12 14:23:00,90.4
2025-06-12 23:50:00,51.4
2025-06-12 08:19:00,80.3
2025-06-12 09:34:00,30.5
2025-06-12 19:34:00,83.5
2025-06-12 23:00:00,50.10277843742579
2025-06-12 06:55:00,81.2
2025-06-12 06:31:00,74.7
2025-06-12 19:30:00,39.0
2025-06-12 15:44:00,48.7
2025-06-12 18:44:00,72.0
2025-06-12 04:51:00,41.8
2025-06-12 11:06:00,42.1
2025-06-12 00:37:00,14.1
2025-06-12 00:30:00,96.8
2025-06-12 04:42:00,79.8
2025-06-12 00:52:00,23.0
2025-06-12 16:30:00,24.0
2025-06-12 10:49:00,93.1
2025-06-12 08:49:00,55.1
2025-06-12 02:50:00,20.2
2025-06-12 18:32:00,50.10277843742579
2025-06-12 23:59:00,98.7
2025-06-12 11:02:00,68.2
2025-06-12 09:12:00,80.9
2025-06-12 05:40:00,63.6
2025-06-12 17:43:00,50.10277843742579
2025-06-12 10:35:00,7.9
2025-06-12 02:14:00,29.5
2025-06-12 10:20:00,22.7
2025-06-12 21:42:00,48.4
2025-06-12 00:47:00,71.3
2025-06-12 09:00:00,73.2
2025-06-12 14:08:00,34.5
2025-06-12 06:12:00,96.6
2025-06-12 22:18:00,94.8
2025-06-12 06:52:00,4.0
2025-06-12 06:43:00,50.10277843742579
2025-06-12 15:57:00,97.4
2025-06-12 19:35:00,83.8
2025-06-12 04:46:00,50.10277843742579
2025-06-12 23:34:00,86.4
2025-06-12 23:33:00,49.3
2025-06-12 11:18:00,59.2
2025-06-12 03:44:00,10.8
2025-06-12 03:53:00,5.2
2025-06-12 14:22:00,24.1
2025-06-12 17:22:00,79.0
2025-06-12 08:54:00,29.6
2025-06-12 15:04:00,18.7
2025-06-12 17:28:00,83.4
2025-06-12 10:11:00,2.2
2025-06-12 11:39:00,50.10277843742579
2025-06-12 18:09:00,33.4
2025-06-12 07:19:00,39.9
2025-06-12 04:06:00,33.1
2025-06-12 15:14:00,43.1
2025-06-12 01:30:00,16.1
2025-06-12 18:37:00,40.1
2025-06-12 16:11:00,50.10277843742579
2025-06-12 22:55:00,98.5
2025-06-12 05:03:00,84.5
2025-06-12 12:23:00,87.0
2025-06-12 20:07:00,16.1
2025-06-12 15:00:00,82.8
2025-06-12 04:54:00,50.10277843742579
2025-06-12 14:14:00,99.6
2025-06-12 03:22:00,46.1
2025-06-12 23:05:00,90.0
2025-06-12 19:08:00,56.7
2025-06-12 17:54:00,50.10277843742579
2025-06-12 22:16:00,50.10277843742579
2025-06-12 04:18:00,50.10277843742579
2025-06-12 15:27:00,50.10277843742579
2025-06-12 10:07:00,20.1
2025-06-12 16:05:00,32.0
2025-06-12 18:39:00,8.6
2025-06-12 07:03:00,23.2
2025-06-12 03:49:00,15.4
2025-06-12 16:38:00,81.3
2025-06-12 12:49:00,36.2
2025-06-12 13:37:00,66.0
2025-06-12 14:51:00,18.6
2025-06-12 05:09:00,50.10277843742579
2025-06-12 04:36:00,50.10277843742579
2025-06-12 14:57:00,35.4
2025-06-12 19:38:00,50.10277843742579
2025-06-12 16:52:00,96.2
2025-06-12 08:52:00,80.8
2025-06-12 01:57:00,15.7
2025-06-12 12:06:00,78.5
2025-06-12 10:45:00,61.1
2025-06-12 09:18:00,36.9
2025-06-12 02:47:00,65.1
2025-06-12 02:04:00,15.9
2025-06-12 01:24:00,34.7
2025-06-12 10:41:00,95.4
2025-06-12 04:41:00,7.6
2025-06-12 13:17:00,27.2
2025-06-12 03:55:00,50.10277843742579
2025-06-12 14:29:00,53.2
2025-06-12 05:16:00,42.5
2025-06-12 21:16:00,75.7
2025-06-12 09:49:00,83.4
2025-06-12 05:58:00,69.6
2025-06-12 10:22:00,42.8
2025-06-12 05:04:00,10.6
2025-06-12 14:59:00,86.2
2025-06-12 09:33:00,51.5
2025-06-12 22:59:00,39.7
2025-06-12 01:08:00,0.8
2025-06-12 07:48:00,4.5
2025-06-12 00:18:00,26.7
2025-06-12 22:31:00,31.3
2025-06-12 17:02:00,74.9
2025-06-12 07:06:00,45.5
2025-06-12 00:16:00,50.10277843742579
2025-06-12 22:12:00,50.10277843742579
2025-06-12 18:55:00,50.10277843742579
2025-06-12 07:25:00,43.4
2025-06-12 14:07:00,84.5
2025-06-12 02:09:00,97.9
2025-06-12 03:26:00,4.0
2025-06-12 10:37:00,86.7
2025-06-12 11:47:00,89.0
2025-06-12 21:50:00,95.5
2025-06-12 20:46:00,89.4
2025-06-12 11:12:00,4.8
2025-06-12 13:25:00,88.6
2025-06-12 14:21:00,50.10277843742579
2025-06-12 18:17:00,68.2
2025-06-12 02:36:00,50.10277843742579
2025-06-12 17:23:00,7.0
2025-06-12 16:09:00,71.0
2025-06-12 16:27:00,28.1
2025-06-12 12:07:00,15.9
2025-06-12 20:21:00,43.0
2025-06-12 19:58:00,64.5
2025-06-12 04:10:00,15.1
2025-06-12 01:09:00,45.2
2025-06-12 14:56:00,50.10277843742579
2025-06-12 18:46:00,50.10277843742579
2025-06-12 03:27:00,99.5
2025-06-12 05:48:00,12.9
2025-06-12 09:41:00,65.9
2025-06-12 22:14:00,50.10277843742579
2025-06-12 07:31:00,49.5
2025-06-12 06:49:00,58.4
2025-06-12 07:37:00,97.7
2025-06-12 06:59:00,70.7
2025-06-12 16:53:00,50.10277843742579
2025-06-12 04:59:00,13.9
2025-06-12 13:36:00,86.0
2025-06-12 21:27:00,50.10277843742579
2025-06-12 15:08:00,27.3
2025-06-12 05:54:00,50.10277843742579
2025-06-12 08:07:00,26.4
2025-06-12 09:10:00,35.4
2025-06-12 00:01:00,50.10277843742579
2025-06-12 21:20:00,10.6
2025-06-12 20:56:00,43.3
2025-06-12 13:58:00,18.9
2025-06-12 16:01:00,50.10277843742579
2025-06-12 12:01:00,88.2
2025-06-12 09:15:00,75.7
2025-06-12 03:35:00,50.10277843742579
2025-06-12 03:33:00,97.5
2025-06-12 10:43:00,10.9
2025-06-12 13:33:00,49.7
2025-06-12 23:01:00,16.7
2025-06-12 12:15:00,13.4
2025-06-12 04:35:00,30.0
2025-06-12 07:11:00,35.4
2025-06-12 21:10:00,10.5
2025-06-12 19:00:00,60.4
2025-06-12 14:26:00,50.10277843742579
2025-06-12 14:42:00,50.10277843742579
2025-06-12 12:37:00,48.3
2025-06-12 15:30:00,19.3
2025-06-12 12:36:00,26.7
2025-06-12 20:22:00,48.6
2025-06-12 00:28:00,7.2
2025-06-12 01:12:00,25.8
2025-06-12 12:22:00,43.2
2025-06-12 05:21:00,42.3
2025-06-12 09:09:00,50.10277843742579
2025-06-12 01:16:00,43.3
2025-06-12 22:50:00,19.4
2025-06-12 17:35:00,14.0
2025-06-12 16:44:00,6.6
2025-06-12 19:40:00,24.4
2025-06-12 06:11:00,68.7
2025-06-12 21:34:00,55.9
2025-06-12 22:45:00,50.10277843742579
2025-06-12 21:37:00,4.4
2025-06-12 23:25:00,85.6
2025-06-12 19:18:00,46.1
2025-06-12 15:56:00,15.9
2025-06-12 10:38:00,50.10277843742579
2025-06-12 05:32:00,7.3
2025-06-12 07:54:00,39.8
2025-06-12 06:30:00,50.10277843742579
2025-06-12 19:32:00,54.9
2025-06-12 11:53:00,36.8
2025-06-12 11:45:00,57.1
2025-06-12 15:53:00,2.6
2025-06-12 14:01:00,84.9
2025-06-12 19:49:00,85.3
2025-06-12 14:39:00,63.3
2025-06-12 01:54:00,39.0
2025-06-12 10:48:00,65.3
2025-06-12 17:30:00,30.3
2025-06-12 13:03:00,50.10277843742579
2025-06-12 23:32:00,88.3
2025-06-12 06:48:00,11.1
2025-06-12 19:04:00,40.1
2025-06-12 23:07:00,46.2
2025-06-12 06:20:00,89.6
2025-06-12 13:39:00,93.2
2025-06-12 08:17:00,56.0
2025-06-12 23:49:00,98.0
2025-06-12 19:20:00,17.1
2025-06-12 22:53:00,4.2
2025-06-12 01:51:00,50.10277843742579
2025-06-12 15:02:00,41.5
2025-06-12 22:57:00,40.0
2025-06-12 23:55:00,31.4
2025-06-12 20:01:00,53.2
2025-06-12 17:01:00,7.2
2025-06-12 12:24:00,22.2
2025-06-12 03:37:00,46.9
2025-06-12 20:48:00,53.0
2025-06-12 21:53:00,66.6
2025-06-12 00:23:00,82.3
2025-06-12 17:31:00,84.3
2025-06-12 01:19:00,32.0
2025-06-12 03:39:00,50.10277843742579
2025-06-12 11:40:00,50.10277843742579
2025-06-12 09:30:00,1.4
2025-06-12 15:35:00,15.2
2025-06-12 17:48:00,9.0
2025-06-12 03:14:00,28.5
2025-06-12 10:36:00,50.10277843742579
2025-06-12 16:29:00,19.9
2025-06-12 13:30:00,13.9
2025-06-12 13:18:00,95.9
2025-06-12 11:46:00,24.5
2025-06-12 11:00:00,73.6
2025-06-12 03:03:00,87.5
2025-06-12 03:30:00,65.3
2025-06-12 00:11:00,24.3
2025-06-12 17:15:00,89.1
2025-06-12 13:16:00,12.4
2025-06-12 01:40:00,5.2
2025-06-12 17:10:00,50.10277843742579
2025-06-12 11:07:00,90.4
2025-06-12 05:27:00,50.10277843742579
2025-06-12 19:26:00,0.4
2025-06-12 13:31:00,50.10277843742579
2025-06-12 01:41:00,50.2
2025-06-12 20:40:00,75.6
2025-06-12 16:20:00,37.3
2025-06-12 19:57:00,21.3
2025-06-12 05:35:00,50.10277843742579
2025-06-12 11:23:00,4.0
2025-06-12 21:22:00,59.5
2025-06-12 03:36:00,47.6
2025-06-12 07:22:00,14.7
2025-06-12 00:27:00,97.4
2025-06-12 02:18:00,99.3
2025-06-12 00:22:00,30.8
2025-06-12 01:20:00,44.1
2025-06-12 23:08:00,61.3
2025-06-12 04:57:00,4.1
2025-06-12 18:15:00,15.9
2025-06-12 10:16:00,28.2
2025-06-12 22:20:00,37.3
2025-06-12 21:30:00,28.4
2025-06-12 11:56:00,32.1
2025-06-12 15:31:00,64.6
2025-06-12 13:35:00,59.0
2025-06-12 00:26:00,29.7
2025-06-12 09:17:00,50.10277843742579
2025-06-12 00:51:00,96.8
2025-06-12 21:12:00,20.3
2025-06-12 03:25:00,57.0
2025-06-12 00:00:00,18.7
2025-06-12 11:58:00,66.6
2025-06-12 03:07:00,17.4
2025-06-12 05:15:00,25.8
2025-06-12 22:21:00,75.1
2025-06-12 01:31:00,72.6
2025-06-12 13:52:00,62.7
2025-06-12 09:08:00,19.8
2025-06-12 18:42:00,35.1
2025-06-12 16:24:00,84.0
2025-06-12 08:39:00,18.1
2025-06-12 18:53:00,39.6
2025-06-12 21:00:00,39.6
2025-06-12 07:10:00,19.1
2025-06-12 22:25:00,74.6
2025-06-12 13:59:00,53.6
2025-06-12 04:01:00,77.8
2025-06-12 09:10:00,49.2
2025-06-12 13:44:00,49.85036359371334
2025-06-12 14:32:00,13.6
2025-06-12 18:24:00,54.0
2025-06-12 06:30:00,30.8
2025-06-12 00:39:00,11.7
2025-06-12 13:19:00,14.4
2025-06-12 13:30:00,49.85036359371334
2025-06-12 00:42:00,37.5
2025-06-12 06:44:00,24.6
2025-06-12 02:27:00,83.2
2025-06-12 10:07:00,93.3
2025-06-12 12:00:00,96.9
2025-06-12 23:14:00,68.1
2025-06-12 18:53:00,28.8
2025-06-12 18:17:00,69.5
2025-06-12 06:36:00,49.85036359371334
2025-06-12 03:59:00,37.9
2025-06-12 05:00:00,75.8
2025-06-12 03:20:00,84.5
2025-06-12 23:23:00,21.0
2025-06-12 03:58:00,94.0
2025-06-12 03:57:00,41.9
2025-06-12 03:21:00,35.2
2025-06-12 16:10:00,49.85036359371334
2025-06-12 07:48:00,85.1
2025-06-12 17:57:00,57.2
2025-06-12 20:44:00,40.3
2025-06-12 06:58:00,49.85036359371334
2025-06-12 21:56:00,49.85036359371334
2025-06-12 12:52:00,12.7
2025-06-12 00:57:00,4.2
2025-06-12 12:55:00,49.85036359371334
2025-06-12 16:09:00,49.1
2025-06-12 07:32:00,60.8
2025-06-12 08:40:00,96.3
2025-06-12 23:20:00,80.7
2025-06-12 19:46:00,57.7
2025-06-12 02:46:00,61.3
2025-06-12 22:19:00,37.5
2025-06-12 00:01:00,77.7
2025-06-12 06:31:00,39.4
2025-06-12 02:44:00,28.3
2025-06-12 03:47:00,96.8
2025-06-12 06:53:00,0.2
2025-06-12 21:18:00,14.6
2025-06-12 22:32:00,77.1
2025-06-12 09:35:00,98.9
2025-06-12 10:29:00,62.6
2025-06-12 18:55:00,22.0
2025-06-12 20:21:00,78.3
2025-06-12 05:35:00,70.6
2025-06-12 01:08:00,49.85036359371334
2025-06-12 07:44:00,49.85036359371334
2025-06-12 20:23:00,68.1
2025-06-12 10:21:00,67.2
2025-06-12 11:10:00,49.85036359371334
2025-06-12 19:33:00,63.9
2025-06-12 20:45:00,38.2
2025-06-12 09:54:00,10.2
2025-06-12 02:35:00,95.9
2025-06-12 01:57:00,33.2
2025-06-12 16:18:00,49.85036359371334
2025-06-12 08:29:00,3.8
2025-06-12 07:06:00,36.2
2025-06-12 01:23:00,12.7
2025-06-12 18:43:00,84.3
2025-06-12 23:03:00,49.85036359371334
2025-06-12 21:54:00,2.0
2025-06-12 06:52:00,46.6
2025-06-12 17:20:00,49.85036359371334
2025-06-12 13:20:00,2.6
2025-06-12 04:45:00,49.85036359371334
2025-06-12 20:53:00,49.85036359371334
2025-06-12 10:49:00,18.2
2025-06-12 04:13:00,6.9
2025-06-12 22:03:00,93.5
2025-06-12 05:31:00,59.7
2025-06-12 22:38:00,51.5
2025-06-12 04:51:00,57.4
2025-06-12 16:03:00,49.85036359371334
2025-06-12 23:57:00,94.4
2025-06-12 03:14:00,50.0
2025-06-12 06:19:00,22.2
2025-06-12 15:14:00,84.8
2025-06-12 14:19:00,49.85036359371334
2025-06-12 22:25:00,91.0
2025-06-12 18:42:00,40.9
2025-06-12 09:26:00,21.1
2025-06-12 12:11:00,49.85036359371334
2025-06-12 01:19:00,33.0
2025-06-12 16:27:00,29.9
2025-06-12 10:37:00,55.6
2025-06-12 00:03:00,79.1
2025-06-12 13:08:00,13.7
2025-06-12 22:15:00,49.85036359371334
2025-06-12 17:43:00,42.4
2025-06-12 08:36:00,49.85036359371334
2025-06-12 23:12:00,49.85036359371334
2025-06-12 20:15:00,49.85036359371334
2025-06-12 08:12:00,78.7
2025-06-12 13:24:00,90.8
2025-06-12 07:05:00,66.7
2025-06-12 19:40:00,49.85036359371334
2025-06-12 03:40:00,74.4
2025-06-12 21:57:00,42.0
2025-06-12 15:57:00,38.3
2025-06-12 06:56:00,90.8
2025-06-12 00:14:00,46.5
2025-06-12 12:21:00,48.6
2025-06-12 11:25:00,56.5
2025-06-12 19:14:00,59.4
2025-06-12 15:54:00,6.4
2025-06-12 21:07:00,14.2
2025-06-12 04:49:00,84.2
2025-06-12 09:01:00,97.4
2025-06-12 20:38:00,79.9
2025-06-12 17:37:00,86.8
2025-06-12 07:35:00,22.5
2025-06-12 13:40:00,14.7
2025-06-12 17:08:00,41.5
2025-06-12 21:10:00,55.4
2025-06-12 01:13:00,88.4
2025-06-12 14:08:00,43.6
2025-06-12 15:07:00,52.1
2025-06-12 23:15:00,49.85036359371334
2025-06-12 09:08:00,5.3
2025-06-12 15:49:00,13.1
2025-06-12 06:14:00,14.6
2025-06-12 17:53:00,36.8
2025-06-12 02:20:00,49.85036359371334
2025-06-12 21:15:00,53.1
2025-06-12 02:50:00,14.0
2025-06-12 04:55:00,68.8
2025-06-12 07:53:00,87.0
2025-06-12 07:10:00,32.7
2025-06-12 06:26:00,21.5
2025-06-12 10:28:00,49.85036359371334
2025-06-12 19:12:00,99.7
2025-06-12 15:23:00,24.5
2025-06-12 14:44:00,29.0
2025-06-12 10:41:00,71.7
2025-06-12 13:50:00,74.9
2025-06-12 02:47:00,89.0
2025-06-12 01:21:00,10.1
2025-06-12 21:23:00,14.1
2025-06-12 07:37:00,22.5
2025-06-12 13:45:00,86.5
2025-06-12 04:48:00,54.4
2025-06-12 08:09:00,16.2
2025-06-12 19:15:00,68.4
2025-06-12 18:34:00,26.9
2025-06-12 02:18:00,29.0
2025-06-12 07:17:00,91.7
2025-06-12 12:20:00,39.9
2025-06-12 11:52:00,35.9
2025-06-12 18:01:00,6.8
2025-06-12 17:12:00,24.3
2025-06-12 01:17:00,99.2
2025-06-12 00:07:00,59.7
2025-06-12 19:25:00,42.3
2025-06-12 00:54:00,61.5
2025-06-12 08:14:00,29.2
2025-06-12 23:43:00,49.85036359371334
2025-06-12 00:34:00,1.2
2025-06-12 14:16:00,68.8
2025-06-12 10:14:00,21.8
2025-06-12 04:04:00,94.4
2025-06-12 02:21:00,9.5
2025-06-12 06:17:00,26.6
2025-06-12 16:33:00,49.85036359371334
2025-06-12 14:29:00,37.2
2025-06-12 20:36:00,52.6
2025-06-12 09:37:00,25.1
2025-06-12 09:55:00,42.8
2025-06-12 17:14:00,12.1
2025-06-12 14:15:00,2.9
2025-06-12 14:17:00,49.85036359371334
2025-06-12 23:28:00,24.3
2025-06-12 23:38:00,29.2
2025-06-12 04:52:00,10.8
2025-06-12 13:41:00,91.2
2025-06-12 20:28:00,13.6
2025-06-12 10:42:00,33.4
2025-06-12 08:04:00,65.5
2025-06-12 20:05:00,83.4
2025-06-12 16:26:00,52.6
2025-06-12 19:23:00,49.85036359371334
2025-06-12 08:39:00,19.4
2025-06-12 09:00:00,13.6
2025-06-12 00:40:00,86.8
2025-06-12 16:15:00,18.2
2025-06-12 18:03:00,67.2
2025-06-12 01:10:00,79.1
2025-06-12 21:50:00,47.3
2025-06-12 07:16:00,9.2
2025-06-12 09:33:00,8.2
2025-06-12 12:40:00,1.8
2025-06-12 23:08:00,88.1
2025-06-12 14:02:00,85.1
2025-06-12 08:15:00,60.8
2025-06-12 14:35:00,49.8
2025-06-12 18:20:00,49.85036359371334
2025-06-12 01:05:00,49.85036359371334
2025-06-12 16:25:00,53.0
2025-06-12 18:02:00,18.9
2025-06-12 12:47:00,10.2
2025-06-12 12:25:00,49.85036359371334
2025-06-12 14:09:00,51.5
2025-06-12 20:27:00,49.85036359371334
2025-06-12 08:57:00,64.6
2025-06-12 09:09:00,57.0
2025-06-12 06:09:00,83.9
2025-06-12 12:36:00,71.1
2025-06-12 10:20:00,13.6
2025-06-12 22:42:00,96.8
2025-06-12 05:41:00,49.85036359371334
2025-06-12 04:57:00,79.0
2025-06-12 21:32:00,49.85036359371334
2025-06-12 22:18:00,76.2
2025-06-12 05:48:00,73.1
2025-06-12 05:58:00,66.2
2025-06-12 16:22:00,36.4
2025-06-12 15:59:00,79.1
2025-06-12 00:43:00,97.5
2025-06-12 21:39:00,33.5
2025-06-12 13:48:00,93.4
2025-06-12 20:09:00,79.6
2025-06-12 03:55:00,75.4
2025-06-12 02:53:00,60.9
2025-06-12 23:25:00,51.2
2025-06-12 17:31:00,45.4
2025-06-12 00:33:00,35.0
2025-06-12 02:23:00,64.0
2025-06-12 00:21:00,56.4
2025-06-12 15:44:00,39.5
2025-06-12 04:12:00,28.1
2025-06-12 22:44:00,16.8
2025-06-12 07:45:00,17.9
2025-06-12 22:14:00,46.4
2025-06-12 18:58:00,33.0
2025-06-12 22:08:00,8.4
2025-06-12 15:45:00,94.0
2025-06-12 08:42:00,49.85036359371334
2025-06-12 21:01:00,97.4
2025-06-12 23:06:00,98.9
2025-06-12 15:27:00,14.7
2025-06-12 08:19:00,41.0
2025-06-12 17:32:00,30.8
2025-06-12 10:26:00,57.4
2025-06-12 15:32:00,45.6
2025-06-12 11:26:00,68.5
2025-06-12 04:19:00,49.85036359371334
2025-06-12 01:02:00,49.85036359371334
2025-06-12 12:44:00,94.2
2025-06-12 23:49:00,15.5
2025-06-12 02:56:00,49.85036359371334
2025-06-12 20:50:00,26.3
2025-06-12 09:53:00,3.2
2025-06-12 19:28:00,9.6
2025-06-12 15:26:00,58.4
2025-06-12 00:30:00,39.5
2025-06-12 10:13:00,25.9
2025-06-12 00:31:00,44.8
2025-06-12 15:37:00,51.2
2025-06-12 13:10:00,16.4
2025-06-12 14:12:00,62.3
2025-06-12 03:18:00,18.6
2025-06-12 10:23:00,6.5
2025-06-12 03:51:00,49.85036359371334
2025-06-12 21:14:00,92.4
2025-06-12 09:14:00,55.6
2025-06-12 03:07:00,86.8
2025-06-12 08:23:00,72.8
2025-06-12 15:17:00,35.5
2025-06-12 05:33:00,31.6
2025-06-12 16:06:00,1.9
2025-06-12 23:59:00,78.7
2025-06-12 10:16:00,63.6
2025-06-12 00:25:00,28.5
2025-06-12 15:31:00,0.9
2025-06-12 05:10:00,11.3
2025-06-12 03:12:00,26.1
2025-06-12 06:03:00,68.6
2025-06-12 01:31:00,21.1
2025-06-12 13:18:00,49.85036359371334
2025-06-12 08:52:00,23.5
2025-06-12 12:34:00,40.8
2025-06-12 12:04:00,22.3
2025-06-12 06:23:00,49.85036359371334
2025-06-12 13:35:00,63.7
2025-06-12 15:34:00,67.1
2025-06-12 04:03:00,77.7
2025-06-12 07:40:00,19.1
2025-06-12 21:30:00,63.0
2025-06-12 03:36:00,40.9
2025-06-12 02:25:00,86.4
2025-06-12 07:34:00,1.3
2025-06-12 04:16:00,65.0
2025-06-12 19:37:00,7.1
2025-06-12 11:08:00,39.3
2025-06-12 21:35:00,26.3
2025-06-12 23:21:00,29.0
2025-06-12 17:41:00,83.0
2025-06-12 01:25:00,49.85036359371334
2025-06-12 20:33:00,24.9
2025-06-12 04:43:00,5.5
2025-06-12 08:54:00,61.4
2025-06-12 19:45:00,99.1
2025-06-12 13:22:00,14.1
2025-06-12 04:07:00,19.6
2025-06-12 01:36:00,25.2
2025-06-12 12:05:00,40.7
2025-06-12 02:21:00,16.3
2025-06-12 22:26:00,93.0
2025-06-12 17:30:00,100.0
2025-06-12 18:29:00,40.1
2025-06-12 02:15:00,68.8
2025-06-12 09:52:00,2.6
2025-06-12 23:16:00,8.2
2025-06-12 07:54:00,11.4
2025-06-12 13:24:00,37.4
2025-06-12 09:24:00,21.4
2025-06-12 08:42:00,51.3
2025-06-12 20:24:00,50.02337935876432
2025-06-12 02:25:00,93.4
2025-06-12 17:25:00,50.02337935876432
2025-06-12 15:36:00,71.3
2025-06-12 12:39:00,60.8
2025-06-12 11:25:00,54.0
2025-06-12 16:46:00,98.7
2025-06-12 07:07:00,61.5
2025-06-12 02:09:00,12.5
2025-06-12 13:30:00,39.3
2025-06-12 03:07:00,16.8
2025-06-12 18:42:00,71.3
2025-06-12 19:57:00,50.02337935876432
2025-06-12 08:31:00,50.02337935876432
2025-06-12 12:35:00,7.9
2025-06-12 23:53:00,33.1
2025-06-12 08:34:00,50.02337935876432
2025-06-12 11:47:00,84.6
2025-06-12 12:52:00,33.0
2025-06-12 23:35:00,99.0
2025-06-12 18:49:00,4.6
2025-06-12 06:45:00,50.02337935876432
2025-06-12 08:04:00,58.6
2025-06-12 08:21:00,14.1
2025-06-12 07:26:00,6.1
2025-06-12 04:57:00,50.02337935876432
2025-06-12 18:10:00,52.3
2025-06-12 20:44:00,87.2
2025-06-12 10:39:00,27.2
2025-06-12 02:44:00,58.7
2025-06-12 01:33:00,17.8
2025-06-12 14:27:00,13.7
2025-06-12 16:27:00,94.5
2025-06-12 14:34:00,50.02337935876432
2025-06-12 01:48:00,50.02337935876432
2025-06-12 13:02:00,75.4
2025-06-12 23:08:00,50.02337935876432
2025-06-12 22:24:00,50.02337935876432
2025-06-12 15:53:00,50.02337935876432
2025-06-12 07:00:00,55.2
2025-06-12 09:49:00,14.3
2025-06-12 16:50:00,39.7
2025-06-12 14:35:00,73.9
2025-06-12 05:33:00,25.7
2025-06-12 13:42:00,82.3
2025-06-12 18:41:00,93.9
2025-06-12 05:20:00,62.3
2025-06-12 19:09:00,3.6
2025-06-12 18:05:00,9.5
2025-06-12 23:10:00,34.4
2025-06-12 10:53:00,50.02337935876432
2025-06-12 00:51:00,68.6
2025-06-12 22:25:00,29.0
2025-06-12 09:32:00,36.3
2025-06-12 20:59:00,50.02337935876432
2025-06-12 06:19:00,91.1
2025-06-12 01:17:00,50.02337935876432
2025-06-12 23:48:00,31.5
2025-06-12 12:21:00,47.1
2025-06-12 00:13:00,81.7
2025-06-12 04:40:00,82.1
2025-06-12 03:13:00,54.2
2025-06-12 03:55:00,69.2
2025-06-12 09:23:00,92.6
2025-06-12 22:29:00,97.4
2025-06-12 07:48:00,40.8
2025-06-12 17:43:00,94.5
2025-06-12 18:06:00,76.4
2025-06-12 03:29:00,33.2
2025-06-12 08:53:00,50.02337935876432
2025-06-12 14:02:00,78.5
2025-06-12 09:29:00,38.2
2025-06-12 06:43:00,50.02337935876432
2025-06-12 14:38:00,50.02337935876432
2025-06-12 09:08:00,61.1
2025-06-12 00:32:00,43.0
2025-06-12 02:57:00,46.8
2025-06-12 21:10:00,10.3
2025-06-12 01:49:00,15.9
2025-06-12 07:04:00,46.8
2025-06-12 01:28:00,77.0
2025-06-12 20:08:00,50.02337935876432
2025-06-12 08:26:00,81.0
2025-06-12 11:00:00,39.5
2025-06-12 15:27:00,80.7
2025-06-12 10:58:00,25.2
2025-06-12 06:25:00,12.3
2025-06-12 21:00:00,88.8
2025-06-12 09:55:00,44.5
2025-06-12 23:07:00,18.0
2025-06-12 23:51:00,1.5
2025-06-12 05:58:00,13.4
2025-06-12 01:03:00,10.9
2025-06-12 02:54:00,50.02337935876432
2025-06-12 18:16:00,50.02337935876432
2025-06-12 09:11:00,73.3
2025-06-12 11:56:00,16.5
2025-06-12 04:26:00,56.1
2025-06-12 04:22:00,29.3
2025-06-12 00:36:00,50.02337935876432
2025-06-12 02:24:00,84.5
2025-06-12 21:56:00,34.6
2025-06-12 20:36:00,7.5
2025-06-12 14:40:00,96.7
2025-06-12 20:06:00,92.6
2025-06-12 21:30:00,50.02337935876432
2025-06-12 17:16:00,92.7
2025-06-12 10:18:00,91.1
2025-06-12 14:55:00,58.4
2025-06-12 23:58:00,19.5
2025-06-12 15:19:00,77.6
2025-06-12 03:05:00,37.2
2025-06-12 10:01:00,72.2
2025-06-12 11:13:00,21.4
2025-06-12 03:52:00,22.2
2025-06-12 08:32:00,54.0
2025-06-12 18:38:00,6.6
2025-06-12 21:51:00,97.9
2025-06-12 16:55:00,50.02337935876432
2025-06-12 04:30:00,50.02337935876432
2025-06-12 00:48:00,12.3
2025-06-12 06:53:00,23.7
2025-06-12 16:19:00,94.5
2025-06-12 11:48:00,64.1
2025-06-12 19:53:00,86.8
2025-06-12 17:17:00,70.0
2025-06-12 21:46:00,84.5
2025-06-12 12:48:00,50.6
2025-06-12 06:20:00,4.7
2025-06-12 11:38:00,73.3
2025-06-12 14:07:00,28.7
2025-06-12 22:03:00,82.6
2025-06-12 14:06:00,49.6
2025-06-12 10:44:00,63.3
2025-06-12 14:59:00,80.3
2025-06-12 18:32:00,79.2
2025-06-12 08:01:00,8.6
2025-06-12 10:32:00,6.8
2025-06-12 01:54:00,50.02337935876432
2025-06-12 14:43:00,73.3
2025-06-12 06:14:00,89.4
2025-06-12 06:09:00,48.6
2025-06-12 16:44:00,26.7
2025-06-12 13:03:00,28.1
2025-06-12 06:07:00,18.4
2025-06-12 05:12:00,12.8
2025-06-12 02:07:00,93.8
2025-06-12 15:44:00,97.1
2025-06-12 19:36:00,76.8
2025-06-12 19:23:00,10.7
2025-06-12 16:54:00,16.8
2025-06-12 10:20:00,50.02337935876432
2025-06-12 18:22:00,50.02337935876432
2025-06-12 23:52:00,65.9
2025-06-12 06:50:00,62.7
2025-06-12 17:06:00,36.1
2025-06-12 02:35:00,1.8
2025-06-12 11:40:00,93.5
2025-06-12 22:11:00,55.4
2025-06-12 04:15:00,56.5
2025-06-12 20:38:00,22.2
2025-06-12 11:24:00,66.3
2025-06-12 17:26:00,13.1
2025-06-12 04:19:00,70.9
2025-06-12 02:41:00,42.7
2025-06-12 20:56:00,92.9
2025-06-12 15:58:00,4.1
2025-06-12 02:37:00,70.8
2025-06-12 12:03:00,47.2
2025-06-12 12:43:00,85.6
2025-06-12 04:28:00,21.1
2025-06-12 18:58:00,50.02337935876432
2025-06-12 18:40:00,1.5
2025-06-12 18:17:00,6.0
2025-06-12 18:31:00,10.9
2025-06-12 21:22:00,51.6
2025-06-12 06:42:00,28.3
2025-06-12 19:40:00,41.5
2025-06-12 05:31:00,50.02337935876432
2025-06-12 16:48:00,50.02337935876432
2025-06-12 03:37:00,77.6
2025-06-12 02:38:00,53.3
2025-06-12 17:51:00,19.1
2025-06-12 04:47:00,49.6
2025-06-12 10:27:00,50.02337935876432
2025-06-12 17:28:00,55.6
2025-06-12 18:56:00,83.9
2025-06-12 03:31:00,50.02337935876432
2025-06-12 22:50:00,50.02337935876432
2025-06-12 12:49:00,35.1
2025-06-12 05:18:00,50.02337935876432
2025-06-12 16:40:00,96.5
2025-06-12 01:27:00,45.3
2025-06-12 19:43:00,37.8
2025-06-12 08:28:00,22.6
2025-06-12 03:58:00,22.4
2025-06-12 04:20:00,88.2
2025-06-12 21:44:00,94.8
2025-06-12 19:56:00,50.02337935876432
2025-06-12 19:17:00,98.4
2025-06-12 05:22:00,50.02337935876432
2025-06-12 01:55:00,50.02337935876432
2025-06-12 02:12:00,50.02337935876432
2025-06-12 02:11:00,50.02337935876432
2025-06-12 12:10:00,50.6
2025-06-12 17:11:00,68.5
2025-06-12 05:51:00,6.0
2025-06-12 20:00:00,41.4
2025-06-12 13:36:00,64.9
2025-06-12 04:14:00,99.4
2025-06-12 06:24:00,5.1
2025-06-12 23:01:00,50.02337935876432
2025-06-12 09:20:00,50.02337935876432
2025-06-12 18:51:00,31.1
2025-06-12 19:26:00,50.02337935876432
2025-06-12 14:42:00,8.1
2025-06-12 22:44:00,78.7
2025-06-12 15:41:00,98.4
2025-06-12 05:39:00,72.5
2025-06-12 15:50:00,73.1
2025-06-12 06:15:00,50.02337935876432
2025-06-12 14:03:00,99.3
2025-06-12 20:53:00,18.1
2025-06-12 16:33:00,79.0
2025-06-12 03:14:00,35.1
2025-06-12 05:25:00,50.02337935876432
2025-06-12 08:33:00,50.02337935876432
2025-06-12 21:23:00,75.3
2025-06-12 08:58:00,50.02337935876432
2025-06-12 16:17:00,28.6
2025-06-12 00:54:00,59.3
2025-06-12 20:11:00,21.3
2025-06-12 21:36:00,78.6
2025-06-12 07:05:00,7.0
2025-06-12 07:29:00,50.02337935876432
2025-06-12 17:32:00,27.2
2025-06-12 12:07:00,62.9
2025-06-12 12:47:00,83.4
2025-06-12 09:58:00,50.02337935876432
2025-06-12 11:11:00,20.8
2025-06-12 22:46:00,14.5
2025-06-12 03:43:00,45.5
2025-06-12 18:27:00,83.8
2025-06-12 14:36:00,50.02337935876432
2025-06-12 00:41:00,50.02337935876432
2025-06-12 14:09:00,42.0
2025-06-12 20:13:00,76.9
2025-06-12 11:19:00,75.6
2025-06-12 06:51:00,91.9
2025-06-12 21:28:00,93.8
2025-06-12 07:46:00,52.4
2025-06-12 10:41:00,8.3
2025-06-12 12:15:00,43.7
2025-06-12 06:35:00,7.7
2025-06-12 23:17:00,79.5
2025-06-12 15:15:00,11.7
2025-06-12 09:45:00,4.3
2025-06-12 00:43:00,90.9
2025-06-12 02:32:00,37.5
2025-06-12 08:17:00,41.1
2025-06-12 10:09:00,93.7
2025-06-12 09:10:00,68.1
2025-06-12 22:51:00,53.8
2025-06-12 10:59:00,74.8
2025-06-12 12:01:00,52.0
2025-06-12 07:03:00,60.3
2025-06-12 20:55:00,22.2
2025-06-12 17:22:00,10.2
2025-06-12 17:46:00,9.9
2025-06-12 12:17:00,79.8
2025-06-12 14:59:00,44.4
2025-06-12 15:44:00,73.1
2025-06-12 18:23:00,47.4
2025-06-12 04:23:00,70.7
2025-06-12 02:48:00,4.3
2025-06-12 09:29:00,26.0
2025-06-12 19:13:00,5.2
2025-06-12 23:27:00,50.19809456598448
2025-06-12 13:08:00,98.9
2025-06-12 12:02:00,50.19809456598448
2025-06-12 19:11:00,23.6
2025-06-12 07:18:00,25.6
2025-06-12 16:23:00,39.4
2025-06-12 12:49:00,50.19809456598448
2025-06-12 11:31:00,29.9
2025-06-12 07:48:00,78.3
2025-06-12 05:45:00,72.0
2025-06-12 13:45:00,95.0
2025-06-12 00:45:00,2.9
2025-06-12 12:40:00,64.6
2025-06-12 05:33:00,33.5
2025-06-12 05:23:00,19.4
2025-06-12 14:24:00,51.1
2025-06-12 05:35:00,45.6
2025-06-12 06:08:00,42.0
2025-06-12 16:40:00,98.6
2025-06-12 16:15:00,15.5
2025-06-12 14:50:00,76.2
2025-06-12 01:59:00,99.0
2025-06-12 02:58:00,99.9
2025-06-12 18:00:00,81.0
2025-06-12 19:54:00,24.9
2025-06-12 13:55:00,98.7
2025-06-12 15:19:00,50.19809456598448
2025-06-12 03:54:00,25.7
2025-06-12 11:22:00,67.6
2025-06-12 16:39:00,74.3
2025-06-12 03:49:00,46.3
2025-06-12 01:06:00,4.7
2025-06-12 06:29:00,16.9
2025-06-12 19:51:00,38.4
2025-06-12 22:16:00,24.0
2025-06-12 04:19:00,73.8
2025-06-12 17:58:00,34.6
2025-06-12 18:45:00,82.0
2025-06-12 03:33:00,8.3
2025-06-12 11:26:00,34.9
2025-06-12 18:18:00,66.4
2025-06-12 11:43:00,50.19809456598448
2025-06-12 22:17:00,58.7
2025-06-12 03:50:00,50.19809456598448
2025-06-12 13:04:00,68.9
2025-06-12 16:12:00,62.4
2025-06-12 02:41:00,37.2
2025-06-12 23:45:00,50.19809456598448
2025-06-12 19:14:00,8.5
2025-06-12 12:10:00,59.6
2025-06-12 01:12:00,69.0
2025-06-12 16:53:00,78.4
2025-06-12 11:45:00,19.0
2025-06-12 22:10:00,50.19809456598448
2025-06-12 21:24:00,71.2
2025-06-12 23:57:00,17.7
2025-06-12 02:14:00,69.8
2025-06-12 13:37:00,92.3
2025-06-12 18:05:00,62.9
2025-06-12 22:31:00,52.6
2025-06-12 00:42:00,50.19809456598448
2025-06-12 14:47:00,96.2
2025-06-12 19:02:00,55.3
2025-06-12 01:03:00,15.7
2025-06-12 09:52:00,57.2
2025-06-12 14:46:00,53.3
2025-06-12 05:08:00,84.0
2025-06-12 05:09:00,7.2
2025-06-12 10:52:00,55.3
2025-06-12 05:28:00,7.2
2025-06-12 22:33:00,17.1
2025-06-12 18:40:00,27.4
2025-06-12 04:24:00,7.1
2025-06-12 08:57:00,12.4
2025-06-12 16:46:00,49.4
2025-06-12 07:25:00,71.6
2025-06-12 06:11:00,12.4
2025-06-12 20:01:00,50.19809456598448
2025-06-12 07:19:00,66.4
2025-06-12 17:44:00,50.19809456598448
2025-06-12 22:11:00,25.6
2025-06-12 18:36:00,32.3
2025-06-12 14:56:00,51.0
2025-06-12 14:03:00,81.1
2025-06-12 12:47:00,46.2
2025-06-12 06:51:00,62.9
2025-06-12 06:17:00,28.6
2025-06-12 23:59:00,50.19809456598448
2025-06-12 17:45:00,36.5
2025-06-12 16:22:00,8.6
2025-06-12 13:19:00,22.5
2025-06-12 18:42:00,74.5
2025-06-12 13:05:00,54.8
2025-06-12 22:15:00,96.1
2025-06-12 22:48:00,9.4
2025-06-12 17:14:00,50.19809456598448
2025-06-12 17:24:00,70.2
2025-06-12 12:05:00,83.6
2025-06-12 20:26:00,16.7
2025-06-12 00:14:00,18.0
2025-06-12 23:33:00,50.19809456598448
2025-06-12 01:33:00,8.7
2025-06-12 13:00:00,81.1
2025-06-12 13:34:00,27.6
2025-06-12 13:46:00,50.19809456598448
2025-06-12 06:14:00,76.8
2025-06-12 17:12:00,50.19809456598448
2025-06-12 23:19:00,5.2
2025-06-12 15:48:00,80.3
2025-06-12 12:04:00,60.9
2025-06-12 18:02:00,20.4
2025-06-12 03:25:00,65.5
2025-06-12 00:26:00,50.19809456598448
2025-06-12 13:52:00,33.0
2025-06-12 21:55:00,47.3
2025-06-12 14:08:00,74.9
2025-06-12 20:03:00,50.19809456598448
2025-06-12 08:36:00,47.5
2025-06-12 23:02:00,99.2
2025-06-12 07:39:00,53.4
2025-06-12 01:55:00,85.0
2025-06-12 14:34:00,60.2
2025-06-12 09:17:00,94.9
2025-06-12 11:38:00,5.4
2025-06-12 13:48:00,50.19809456598448
2025-06-12 08:07:00,40.4
2025-06-12 13:28:00,38.9
2025-06-12 19:16:00,33.5
2025-06-12 17:32:00,8.5
2025-06-12 06:38:00,65.2
2025-06-12 17:52:00,96.0
2025-06-12 06:23:00,48.9
2025-06-12 00:03:00,98.5
2025-06-12 08:12:00,32.2
2025-06-12 17:07:00,50.19809456598448
2025-06-12 21:32:00,31.1
2025-06-12 15:10:00,43.9
2025-06-12 01:57:00,50.19809456598448
2025-06-12 04:35:00,18.3
2025-06-12 21:47:00,45.2
2025-06-12 22:08:00,27.5
2025-06-12 16:58:00,50.19809456598448
2025-06-12 19:29:00,91.1
2025-06-12 09:46:00,12.2
2025-06-12 02:01:00,77.7
2025-06-12 07:07:00,85.6
2025-06-12 00:27:00,49.7
2025-06-12 14:00:00,7.4
2025-06-12 15:45:00,43.2
2025-06-12 10:54:00,58.8
2025-06-12 06:58:00,13.4
2025-06-12 23:39:00,72.7
2025-06-12 11:49:00,58.4
2025-06-12 16:03:00,69.8
2025-06-12 23:22:00,35.1
2025-06-12 21:16:00,77.8
2025-06-12 09:41:00,29.0
2025-06-12 01:51:00,50.19809456598448
2025-06-12 01:23:00,8.9
2025-06-12 20:53:00,98.6
2025-06-12 20:29:00,32.7
2025-06-12 05:16:00,43.8
2025-06-12 09:32:00,44.3
2025-06-12 04:16:00,50.19809456598448
2025-06-12 16:43:00,60.6
2025-06-12 18:08:00,28.1
2025-06-12 00:41:00,36.7
2025-06-12 22:36:00,50.19809456598448
2025-06-12 11:05:00,82.4
2025-06-12 18:56:00,61.0
2025-06-12 00:31:00,89.9
2025-06-12 09:56:00,22.8
2025-06-12 10:12:00,50.19809456598448
2025-06-12 06:32:00,9.7
2025-06-12 21:13:00,50.19809456598448
2025-06-12 07:59:00,78.0
2025-06-12 06:45:00,74.8
2025-06-12 00:49:00,35.2
2025-06-12 11:06:00,79.8
2025-06-12 12:44:00,67.7
2025-06-12 01:21:00,71.3
2025-06-12 05:58:00,97.1
2025-06-12 11:19:00,64.8
2025-06-12 16:10:00,93.6
2025-06-12 01:32:00,97.3
2025-06-12 21:22:00,2.2
2025-06-12 08:50:00,50.19809456598448
2025-06-12 14:06:00,58.5
2025-06-12 19:41:00,33.7
2025-06-12 15:08:00,50.19809456598448
2025-06-12 10:27:00,24.8
2025-06-12 06:56:00,47.0
2025-06-12 05:49:00,89.2
2025-06-12 18:15:00,91.0
2025-06-12 03:48:00,69.3
2025-06-12 20:48:00,30.3
2025-06-12 05:51:00,29.1
2025-06-12 03:37:00,50.19809456598448
2025-06-12 03:22:00,25.9
2025-06-12 06:54:00,97.6
2025-06-12 14:04:00,6.9
2025-06-12 19:05:00,37.9
2025-06-12 12:57:00,67.6
2025-06-12 21:59:00,46.1
2025-06-12 23:14:00,32.5
2025-06-12 11:35:00,20.7
2025-06-12 16:31:00,97.0
2025-06-12 21:17:00,53.4
2025-06-12 16:01:00,47.0
2025-06-12 02:02:00,93.1
2025-06-12 00:12:00,36.9
2025-06-12 18:26:00,46.6
2025-06-12 21:54:00,51.4
2025-06-12 18:49:00,37.9
2025-06-12 06:39:00,61.4
2025-06-12 19:08:00,63.0
2025-06-12 18:33:00,99.2
2025-06-12 19:55:00,50.19809456598448
2025-06-12 13:36:00,50.19809456598448
2025-06-12 07:36:00,97.8
2025-06-12 20:21:00,51.9
2025-06-12 16:51:00,39.7
2025-06-12 10:25:00,50.19809456598448
2025-06-12 20:43:00,61.1
2025-06-12 22:47:00,50.19809456598448
2025-06-12 11:48:00,56.4
2025-06-12 09:27:00,36.0
2025-06-12 01:37:00,62.0
2025-06-12 20:47:00,39.2
2025-06-12 13:56:00,50.19809456598448
2025-06-12 02:16:00,0.6
2025-06-12 07:17:00,5.0
2025-06-12 04:44:00,45.1
2025-06-12 19:23:00,6.3
2025-06-12 09:54:00,79.1
2025-06-12 09:26:00,18.7
2025-06-12 02:50:00,36.6
2025-06-12 05:31:00,76.5
2025-06-12 14:58:00,66.6
2025-06-12 04:15:00,50.19809456598448
2025-06-12 05:56:00,57.5
2025-06-12 03:01:00,8.2
2025-06-12 18:34:00,10.2
2025-06-12 09:37:00,3.7
2025-06-12 10:41:00,50.19809456598448
2025-06-12 14:14:00,50.19809456598448
2025-06-12 09:36:00,33.7
2025-06-12 03:57:00,81.8
2025-06-12 02:12:00,18.9
2025-06-12 18:22:00,45.6
2025-06-12 02:49:00,16.1
2025-06-12 05:04:00,24.1
2025-06-12 08:56:00,78.4
2025-06-12 00:39:00,50.19809456598448
2025-06-12 08:27:00,12.6
2025-06-12 04:48:00,50.19809456598448
2025-06-12 03:08:00,19.3
2025-06-12 14:43:00,39.3
2025-06-12 03:04:00,71.1
2025-06-12 18:20:00,73.9
2025-06-12 10:34:00,32.4
2025-06-12 16:38:00,3.9
2025-06-12 07:40:00,36.1
2025-06-12 13:17:00,50.19809456598448
2025-06-12 12:23:00,47.6
2025-06-12 21:04:00,50.19809456598448
2025-06-12 17:03:00,33.5
2025-06-12 19:33:00,47.3
2025-06-12 10:10:00,59.9
2025-06-12 21:11:00,57.7
2025-06-12 01:54:00,10.5
2025-06-12 16:11:00,84.9
2025-06-12 14:41:00,45.9
2025-06-12 20:48:00,80.5
2025-06-12 10:24:00,83.0
2025-06-12 22:13:00,5.4
2025-06-12 08:21:00,52.5
2025-06-12 05:59:00,80.5
2025-06-12 06:31:00,74.1
2025-06-12 16:14:00,56.0
2025-06-12 04:38:00,66.7
2025-06-12 16:18:00,80.9
2025-06-12 07:58:00,88.7
2025-06-12 01:47:00,49.54486036141751
2025-06-12 14:20:00,89.8
2025-06-12 18:34:00,53.7
2025-06-12 08:35:00,55.5
2025-06-12 12:23:00,96.3
2025-06-12 01:46:00,30.3
2025-06-12 20:29:00,51.2
2025-06-12 12:18:00,26.8
2025-06-12 12:38:00,66.1
2025-06-12 07:21:00,31.5
2025-06-12 16:31:00,90.4
2025-06-12 02:19:00,90.2
2025-06-12 05:49:00,91.5
2025-06-12 23:21:00,4.2
2025-06-12 10:13:00,23.1
2025-06-12 15:19:00,74.2
2025-06-12 23:25:00,32.3
2025-06-12 02:01:00,86.9
2025-06-12 13:40:00,59.8
2025-06-12 05:55:00,98.7
2025-06-12 10:00:00,93.1
2025-06-12 14:42:00,96.0
2025-06-12 11:45:00,17.1
2025-06-12 06:30:00,50.8
2025-06-12 03:27:00,49.54486036141751
2025-06-12 16:29:00,85.8
2025-06-12 11:23:00,89.1
2025-06-12 23:37:00,49.54486036141751
2025-06-12 02:09:00,51.3
2025-06-12 00:45:00,47.6
2025-06-12 15:32:00,61.0
2025-06-12 03:28:00,65.9
2025-06-12 00:59:00,11.0
2025-06-12 09:08:00,87.3
2025-06-12 05:51:00,90.6
2025-06-12 00:49:00,83.2
2025-06-12 14:40:00,77.1
2025-06-12 20:38:00,49.54486036141751
2025-06-12 02:16:00,20.3
2025-06-12 04:30:00,8.9
2025-06-12 07:47:00,81.0
2025-06-12 14:47:00,71.5
2025-06-12 06:49:00,23.2
2025-06-12 02:41:00,72.8
2025-06-12 01:41:00,89.2
2025-06-12 08:05:00,65.7
2025-06-12 23:52:00,61.3
2025-06-12 14:07:00,43.7
2025-06-12 18:05:00,0.2
2025-06-12 08:52:00,49.54486036141751
2025-06-12 16:52:00,23.0
2025-06-12 13:46:00,35.4
2025-06-12 19:35:00,9.1
2025-06-12 05:22:00,57.4
2025-06-12 05:34:00,19.9
2025-06-12 21:05:00,23.1
2025-06-12 05:18:00,24.9
2025-06-12 21:08:00,62.7
2025-06-12 21:22:00,84.2
2025-06-12 12:15:00,66.4
2025-06-12 18:26:00,60.0
2025-06-12 06:27:00,49.54486036141751
2025-06-12 11:01:00,78.5
2025-06-12 09:43:00,24.8
2025-06-12 18:20:00,78.5
2025-06-12 15:41:00,25.2
2025-06-12 20:25:00,71.1
2025-06-12 23:01:00,27.1
2025-06-12 17:13:00,29.4
2025-06-12 10:08:00,49.54486036141751
2025-06-12 11:07:00,49.54486036141751
2025-06-12 09:40:00,47.6
2025-06-12 09:21:00,49.54486036141751
2025-06-12 13:20:00,98.1
2025-06-12 15:37:00,41.4
2025-06-12 17:46:00,3.6
2025-06-12 23:41:00,51.8
2025-06-12 18:28:00,84.4
2025-06-12 12:36:00,68.2
2025-06-12 23:07:00,19.8
2025-06-12 10:05:00,40.0
2025-06-12 09:20:00,60.7
2025-06-12 18:00:00,49.1
2025-06-12 04:33:00,96.3
2025-06-12 15:58:00,30.1
2025-06-12 15:12:00,17.6
2025-06-12 23:13:00,21.1
2025-06-12 07:27:00,95.4
2025-06-12 22:27:00,64.1
2025-06-12 07:48:00,91.8
2025-06-12 15:44:00,45.2
2025-06-12 10:44:00,47.2
2025-06-12 09:31:00,49.54486036141751
2025-06-12 12:07:00,4.2
2025-06-12 21:40:00,10.0
2025-06-12 17:18:00,48.0
2025-06-12 23:40:00,59.9
2025-06-12 18:58:00,49.54486036141751
2025-06-12 16:28:00,46.4
2025-06-12 02:03:00,52.6
2025-06-12 15:47:00,56.0
2025-06-12 13:33:00,14.0
2025-06-12 09:14:00,58.8
2025-06-12 05:37:00,2.0
2025-06-12 09:50:00,49.54486036141751
2025-06-12 13:07:00,75.2
2025-06-12 03:11:00,49.54486036141751
2025-06-12 13:32:00,84.0
2025-06-12 07:11:00,20.5
2025-06-12 16:12:00,29.1
2025-06-12 08:51:00,43.2
2025-06-12 21:04:00,69.9
2025-06-12 21:47:00,42.7
2025-06-12 13:28:00,21.8
2025-06-12 13:59:00,49.6
2025-06-12 01:23:00,64.7
2025-06-12 17:27:00,28.7
2025-06-12 00:24:00,22.3
2025-06-12 01:50:00,39.7
2025-06-12 12:51:00,85.5
2025-06-12 06:44:00,64.0
2025-06-12 00:39:00,49.54486036141751
2025-06-12 20:02:00,49.54486036141751
2025-06-12 11:50:00,49.54486036141751
2025-06-12 05:11:00,17.9
2025-06-12 04:01:00,36.3
2025-06-12 12:50:00,71.1
2025-06-12 02:00:00,3.6
2025-06-12 21:27:00,60.0
2025-06-12 12:45:00,49.54486036141751
2025-06-12 18:41:00,88.0
2025-06-12 17:50:00,39.0
2025-06-12 20:54:00,88.4
2025-06-12 00:32:00,63.7
2025-06-12 06:02:00,80.4
2025-06-12 06:10:00,99.4
2025-06-12 10:30:00,58.0
2025-06-12 02:50:00,0.4
2025-06-12 09:01:00,52.7
2025-06-12 15:14:00,86.6
2025-06-12 06:13:00,42.1
2025-06-12 15:04:00,7.9
2025-06-12 21:26:00,31.9
2025-06-12 16:03:00,34.7
2025-06-12 11:27:00,13.8
2025-06-12 07:34:00,65.4
2025-06-12 04:16:00,83.9
2025-06-12 18:09:00,12.7
2025-06-12 01:42:00,50.5
2025-06-12 16:53:00,17.2
2025-06-12 17:42:00,92.4
2025-06-12 03:31:00,23.1
2025-06-12 11:11:00,19.4
2025-06-12 21:32:00,21.1
2025-06-12 13:08:00,49.54486036141751
2025-06-12 19:05:00,49.54486036141751
2025-06-12 06:47:00,88.5
2025-06-12 06:00:00,15.2
2025-06-12 19:53:00,31.2
2025-06-12 00:48:00,80.5
2025-06-12 03:24:00,37.2
2025-06-12 09:37:00,29.7
2025-06-12 22:33:00,29.5
2025-06-12 09:00:00,1.0
2025-06-12 15:43:00,25.2
2025-06-12 07:51:00,49.54486036141751
2025-06-12 00:09:00,13.1
2025-06-12 18:45:00,90.9
2025-06-12 12:14:00,48.8
2025-06-12 21:14:00,49.54486036141751
2025-06-12 21:43:00,59.3
2025-06-12 16:48:00,99.5
2025-06-12 17:35:00,49.54486036141751
2025-06-12 20:55:00,49.54486036141751
2025-06-12 14:46:00,88.8
2025-06-12 21:28:00,18.7
2025-06-12 19:18:00,47.2
2025-06-12 02:36:00,35.7
2025-06-12 07:59:00,5.8
2025-06-12 02:49:00,75.1
2025-06-12 07:54:00,72.0
2025-06-12 04:14:00,57.8
2025-06-12 23:24:00,36.5
2025-06-12 00:55:00,98.9
2025-06-12 19:14:00,60.9
2025-06-12 07:14:00,8.4
2025-06-12 02:58:00,4.1
2025-06-12 13:05:00,46.4
2025-06-12 07:00:00,28.3
2025-06-12 21:29:00,94.9
2025-06-12 07:40:00,48.5
2025-06-12 06:04:00,29.0
2025-06-12 10:26:00,90.3
2025-06-12 07:03:00,68.9
2025-06-12 01:24:00,84.0
2025-06-12 23:59:00,13.9
2025-06-12 00:56:00,58.2
2025-06-12 00:14:00,80.0
2025-06-12 16:06:00,41.3
2025-06-12 08:04:00,13.2
2025-06-12 19:50:00,22.9
2025-06-12 08:33:00,0.3
2025-06-12 17:38:00,85.4
2025-06-12 22:14:00,32.0
2025-06-12 21:17:00,93.0
2025-06-12 12:00:00,60.7
2025-06-12 13:10:00,53.1
2025-06-12 16:49:00,39.3
2025-06-12 21:35:00,10.2
2025-06-12 04:35:00,14.0
2025-06-12 20:17:00,56.7
2025-06-12 22:06:00,69.8
2025-06-12 02:40:00,97.1
2025-06-12 07:06:00,6.1
2025-06-12 17:09:00,20.3
2025-06-12 14:22:00,80.2
2025-06-12 10:51:00,80.7
2025-06-12 06:07:00,53.7
2025-06-12 09:22:00,49.54486036141751
2025-06-12 05:13:00,49.54486036141751
2025-06-12 17:00:00,62.5
2025-06-12 08:25:00,59.3
2025-06-12 22:16:00,80.0
2025-06-12 00:58:00,28.4
2025-06-12 23:19:00,49.54486036141751
2025-06-12 04:08:00,49.54486036141751
2025-06-12 07:22:00,33.2
2025-06-12 00:44:00,49.54486036141751
2025-06-12 14:54:00,94.6
2025-06-12 10:22:00,69.6
2025-06-12 16:38:00,12.2
2025-06-12 05:40:00,49.54486036141751
2025-06-12 05:00:00,72.4
2025-06-12 00:15:00,19.2
2025-06-12 21:58:00,98.5
2025-06-12 02:07:00,89.2
2025-06-12 09:51:00,49.54486036141751
2025-06-12 12:41:00,63.3
2025-06-12 09:46:00,16.2
2025-06-12 10:57:00,20.5
2025-06-12 00:31:00,49.54486036141751
2025-06-12 07:17:00,3.1
2025-06-12 20:32:00,47.1
2025-06-12 18:53:00,66.1
2025-06-12 20:57:00,43.2
2025-06-12 13:25:00,83.7
2025-06-12 07:23:00,50.1
2025-06-12 13:30:00,62.1
2025-06-12 04:20:00,90.2
2025-06-12 06:28:00,52.4
2025-06-12 06:24:00,76.9
2025-06-12 17:04:00,49.54486036141751
2025-06-12 18:38:00,71.7
2025-06-12 13:04:00,67.7
2025-06-12 15:00:00,55.1
2025-06-12 18:04:00,85.4
2025-06-12 07:52:00,47.4
2025-06-12 01:08:00,49.54486036141751
2025-06-12 23:12:00,49.54486036141751
2025-06-12 02:46:00,49.54486036141751
2025-06-12 01:53:00,49.54486036141751
2025-06-12 01:38:00,88.4
2025-06-12 08:00:00,32.1
2025-06-12 10:38:00,52.9
2025-06-12 07:09:00,74.0
2025-06-12 22:07:00,41.5
2025-06-12 23:14:00,96.4
2025-06-12 05:05:00,18.0
2025-06-12 13:31:00,32.8
2025-06-12 15:54:00,8.1
2025-06-12 08:22:00,58.1
2025-06-12 03:03:00,45.7
2025-06-12 19:29:00,74.3
2025-06-12 00:22:00,17.6
2025-06-12 20:39:00,21.3
2025-06-12 06:13:00,10.5
2025-06-12 12:47:00,55.0
2025-06-12 21:27:00,93.5
2025-06-12 08:27:00,50.136426804852206
2025-06-12 23:09:00,4.7
2025-06-12 11:52:00,1.2
2025-06-12 09:04:00,50.136426804852206
2025-06-12 17:37:00,40.3
2025-06-12 13:52:00,92.2
2025-06-12 17:35:00,76.0
2025-06-12 11:51:00,49.1
2025-06-12 13:21:00,54.0
2025-06-12 23:01:00,46.9
2025-06-12 06:23:00,17.7
2025-06-12 02:29:00,73.7
2025-06-12 05:18:00,85.0
2025-06-12 15:36:00,19.5
2025-06-12 12:49:00,43.4
2025-06-12 00:53:00,50.136426804852206
2025-06-12 01:39:00,74.8
2025-06-12 07:48:00,42.1
2025-06-12 02:26:00,21.4
2025-06-12 04:17:00,50.136426804852206
2025-06-12 01:46:00,62.2
2025-06-12 19:21:00,16.9
2025-06-12 21:41:00,50.136426804852206
2025-06-12 12:13:00,0.0
2025-06-12 16:36:00,64.4
2025-06-12 08:06:00,22.1
2025-06-12 21:47:00,64.7
2025-06-12 23:48:00,87.1
2025-06-12 07:06:00,50.136426804852206
2025-06-12 00:38:00,28.6
2025-06-12 15:25:00,52.2
2025-06-12 21:19:00,16.6
2025-06-12 11:56:00,9.9
2025-06-12 15:28:00,50.8
2025-06-12 04:25:00,70.0
2025-06-12 07:57:00,60.0
2025-06-12 00:19:00,28.1
2025-06-12 18:14:00,95.8
2025-06-12 15:32:00,46.0
2025-06-12 02:33:00,19.9
2025-06-12 18:25:00,74.6
2025-06-12 05:05:00,14.1
2025-06-12 15:49:00,81.4
2025-06-12 16:28:00,11.5
2025-06-12 11:10:00,94.2
2025-06-12 00:02:00,42.8
2025-06-12 02:12:00,90.3
2025-06-12 18:07:00,18.3
2025-06-12 10:58:00,71.3
2025-06-12 23:02:00,50.136426804852206
2025-06-12 03:34:00,50.136426804852206
2025-06-12 01:52:00,90.6
2025-06-12 11:50:00,50.136426804852206
2025-06-12 17:31:00,50.136426804852206
2025-06-12 16:22:00,46.9
2025-06-12 20:10:00,13.0
2025-06-12 23:03:00,50.136426804852206
2025-06-12 00:59:00,17.7
2025-06-12 23:38:00,28.5
2025-06-12 06:32:00,92.1
2025-06-12 17:53:00,92.2
2025-06-12 06:00:00,60.3
2025-06-12 10:59:00,50.136426804852206
2025-06-12 16:39:00,77.4
2025-06-12 23:22:00,89.5
2025-06-12 11:06:00,50.136426804852206
2025-06-12 02:21:00,22.6
2025-06-12 07:42:00,9.1
2025-06-12 17:38:00,70.5
2025-06-12 19:01:00,50.136426804852206
2025-06-12 07:50:00,90.6
2025-06-12 19:25:00,74.7
2025-06-12 22:07:00,50.136426804852206
2025-06-12 03:33:00,90.1
2025-06-12 11:37:00,82.9
2025-06-12 11:39:00,17.1
2025-06-12 21:17:00,91.4
2025-06-12 00:36:00,42.2
2025-06-12 08:53:00,64.4
2025-06-12 22:32:00,50.136426804852206
2025-06-12 22:50:00,72.7
2025-06-12 10:21:00,48.3
2025-06-12 04:43:00,39.6
2025-06-12 15:31:00,20.0
2025-06-12 17:46:00,6.0
2025-06-12 09:53:00,50.136426804852206
2025-06-12 16:20:00,57.4
2025-06-12 03:24:00,8.6
2025-06-12 22:48:00,50.136426804852206
2025-06-12 01:04:00,42.7
2025-06-12 18:55:00,34.4
2025-06-12 12:33:00,50.136426804852206
2025-06-12 18:51:00,40.5
2025-06-12 14:33:00,81.0
2025-06-12 10:45:00,50.136426804852206
2025-06-12 09:08:00,91.3
2025-06-12 22:59:00,90.5
2025-06-12 08:33:00,35.7
2025-06-12 12:57:00,48.8
2025-06-12 16:33:00,66.7
2025-06-12 16:59:00,96.5
2025-06-12 00:35:00,72.5
2025-06-12 19:06:00,59.6
2025-06-12 15:34:00,35.1
2025-06-12 10:02:00,10.2
2025-06-12 00:04:00,27.1
2025-06-12 20:32:00,87.7
2025-06-12 08:28:00,77.1
2025-06-12 15:09:00,92.6
2025-06-12 11:05:00,90.3
2025-06-12 13:31:00,97.3
2025-06-12 03:16:00,78.1
2025-06-12 07:29:00,50.136426804852206
2025-06-12 06:59:00,96.0
2025-06-12 21:33:00,7.7
2025-06-12 06:47:00,15.5
2025-06-12 02:41:00,72.9
2025-06-12 23:41:00,76.5
2025-06-12 03:14:00,11.0
2025-06-12 13:51:00,88.2
2025-06-12 04:38:00,4.5
2025-06-12 15:16:00,70.7
2025-06-12 18:03:00,50.136426804852206
2025-06-12 20:02:00,71.7
2025-06-12 03:13:00,49.9
2025-06-12 05:27:00,4.4
2025-06-12 14:12:00,68.2
2025-06-12 00:29:00,50.136426804852206
2025-06-12 11:20:00,50.136426804852206
2025-06-12 22:21:00,24.9
2025-06-12 01:40:00,50.136426804852206
2025-06-12 21:58:00,82.2
2025-06-12 01:01:00,65.2
2025-06-12 19:33:00,42.1
2025-06-12 16:42:00,59.3
2025-06-12 04:02:00,50.136426804852206
2025-06-12 00:05:00,70.5
2025-06-12 04:11:00,4.9
2025-06-12 00:48:00,43.4
2025-06-12 18:11:00,50.136426804852206
2025-06-12 18:00:00,61.0
2025-06-12 15:39:00,4.6
2025-06-12 01:30:00,62.5
2025-06-12 06:25:00,50.136426804852206
2025-06-12 20:04:00,24.4
2025-06-12 06:19:00,84.3
2025-06-12 09:13:00,11.1
2025-06-12 04:32:00,57.8
2025-06-12 07:26:00,43.8
2025-06-12 06:40:00,69.9
2025-06-12 23:17:00,63.0
2025-06-12 18:54:00,49.9
2025-06-12 11:58:00,41.8
2025-06-12 10:03:00,76.4
2025-06-12 12:45:00,45.6
2025-06-12 21:38:00,35.2
2025-06-12 00:17:00,54.3
2025-06-12 05:08:00,83.6
2025-06-12 19:02:00,64.1
2025-06-12 20:17:00,78.4
2025-06-12 10:35:00,27.0
2025-06-12 10:09:00,50.136426804852206
2025-06-12 16:17:00,85.2
2025-06-12 04:41:00,50.136426804852206
2025-06-12 17:13:00,4.0
2025-06-12 21:54:00,96.8
2025-06-12 14:03:00,44.5
2025-06-12 21:45:00,21.3
2025-06-12 10:36:00,30.6
2025-06-12 09:51:00,74.1
2025-06-12 22:16:00,80.4
2025-06-12 15:35:00,42.2
2025-06-12 03:30:00,88.8
2025-06-12 07:00:00,42.2
2025-06-12 08:57:00,85.4
2025-06-12 07:14:00,50.136426804852206
2025-06-12 02:08:00,49.1
2025-06-12 19:34:00,44.0
2025-06-12 17:42:00,50.136426804852206
2025-06-12 08:51:00,42.1
2025-06-12 18:33:00,93.6
2025-06-12 21:39:00,79.9
2025-06-12 17:59:00,75.2
2025-06-12 01:07:00,94.9
2025-06-12 00:09:00,50.136426804852206
2025-06-12 16:49:00,59.0
2025-06-12 17:21:00,7.8
2025-06-12 03:19:00,50.136426804852206
2025-06-12 20:05:00,55.6
2025-06-12 23:14:00,50.136426804852206
2025-06-12 13:08:00,62.5
2025-06-12 17:25:00,72.1
2025-06-12 01:48:00,50.136426804852206
2025-06-12 05:16:00,27.5
2025-06-12 03:44:00,50.136426804852206
2025-06-12 05:42:00,50.136426804852206
2025-06-12 21:49:00,36.1
2025-06-12 13:07:00,17.5
2025-06-12 09:21:00,15.4
2025-06-12 23:21:00,52.5
2025-06-12 05:32:00,59.0
2025-06-12 05:54:00,1.8
2025-06-12 17:55:00,30.8
2025-06-12 01:42:00,49.9
2025-06-12 18:24:00,43.1
2025-06-12 23:43:00,50.136426804852206
2025-06-12 05:12:00,67.3
2025-06-12 12:40:00,25.7
2025-06-12 19:57:00,90.4
2025-06-12 04:16:00,50.136426804852206
2025-06-12 12:11:00,23.4
2025-06-12 01:45:00,50.9
2025-06-12 07:51:00,14.3
2025-06-12 17:15:00,50.136426804852206
2025-06-12 05:36:00,88.2
2025-06-12 13:33:00,50.136426804852206
2025-06-12 12:06:00,48.0
2025-06-12 10:54:00,50.136426804852206
2025-06-12 17:32:00,26.6
2025-06-12 19:12:00,58.6
2025-06-12 07:53:00,23.0
2025-06-12 15:43:00,12.1
2025-06-12 19:43:00,97.6
2025-06-12 02:51:00,31.2
2025-06-12 20:38:00,39.9
2025-06-12 08:17:00,50.136426804852206
2025-06-12 22:29:00,40.8
2025-06-12 11:30:00,45.2
2025-06-12 12:56:00,50.136426804852206
2025-06-12 23:27:00,87.2
2025-06-12 13:12:00,85.7
2025-06-12 13:34:00,52.8
2025-06-12 19:27:00,50.136426804852206
2025-06-12 11:36:00,54.9
2025-06-12 07:46:00,71.7
2025-06-12 14:43:00,8.2
2025-06-12 14:24:00,47.1
2025-06-12 23:12:00,37.3
2025-06-12 08:36:00,43.5
2025-06-12 19:50:00,33.1
2025-06-12 18:10:00,29.7
2025-06-12 12:23:00,90.7
2025-06-12 02:59:00,2.8
2025-06-12 04:40:00,50.136426804852206
2025-06-12 06:31:00,12.3
2025-06-12 09:36:00,76.4
2025-06-12 21:04:00,50.136426804852206
2025-06-12 23:51:00,62.9
2025-06-12 23:40:00,50.136426804852206
2025-06-12 09:38:00,4.9
2025-06-12 11:55:00,61.2
2025-06-12 17:01:00,89.8
2025-06-12 23:47:00,71.3
2025-06-12 23:28:00,75.7
2025-06-12 23:11:00,78.0
2025-06-12 01:21:00,55.0
2025-06-12 22:10:00,70.4
2025-06-12 03:51:00,40.4
2025-06-12 03:17:00,61.4
2025-06-12 02:01:00,31.5
2025-06-12 09:37:00,44.2
2025-06-12 12:30:00,63.8
2025-06-12 02:03:00,58.9
2025-06-12 19:04:00,50.136426804852206
2025-06-12 23:13:00,15.6
2025-06-12 10:33:00,4.8
2025-06-12 17:20:00,88.6
2025-06-12 09:58:00,50.136426804852206
2025-06-12 19:53:00,31.6
2025-06-12 09:17:00,37.5
2025-06-12 01:28:00,25.5
2025-06-12 23:23:00,18.9
2025-06-12 17:00:00,33.7
2025-06-12 22:02:00,13.1
2025-06-12 06:14:00,40.6
2025-06-12 13:53:00,35.2
2025-06-12 23:36:00,28.2
2025-06-12 14:18:00,36.7
2025-06-12 07:36:00,50.136426804852206
2025-06-12 05:09:00,18.5
2025-06-12 18:08:00,10.4
2025-06-12 14:34:00,69.0
2025-06-12 18:52:00,50.136426804852206
2025-06-12 21:56:00,11.4
2025-06-12 20:43:00,1.1
2025-06-12 14:15:00,99.9
2025-06-12 14:20:00,50.136426804852206
2025-06-12 02:30:00,84.1
2025-06-12 16:46:00,94.8
2025-06-12 11:11:00,67.8
2025-06-12 23:20:00,80.0
2025-06-12 05:10:00,86.8
2025-06-12 11:15:00,50.136426804852206
2025-06-12 23:26:00,35.4
2025-06-12 02:54:00,61.3
2025-06-12 12:32:00,90.1
2025-06-12 04:08:00,64.8
2025-06-12 03:55:00,21.7
2025-06-12 21:18:00,37.7
2025-06-12 15:57:00,10.1
2025-06-12 03:43:00,7.9
2025-06-12 10:15:00,50.037891637220255
2025-06-12 11:37:00,30.0
2025-06-12 13:32:00,40.6
2025-06-12 03:23:00,65.5
2025-06-12 19:12:00,37.6
2025-06-12 11:27:00,60.9
2025-06-12 06:43:00,43.5
2025-06-12 19:44:00,56.8
2025-06-12 23:51:00,55.2
2025-06-12 04:05:00,15.5
2025-06-12 14:10:00,26.7
2025-06-12 19:31:00,4.2
2025-06-12 17:01:00,23.0
2025-06-12 02:28:00,50.037891637220255
2025-06-12 14:20:00,96.7
2025-06-12 07:38:00,20.7
2025-06-12 11:34:00,6.9
2025-06-12 11:22:00,50.0
2025-06-12 15:06:00,68.7
2025-06-12 17:56:00,50.037891637220255
2025-06-12 05:38:00,4.9
2025-06-12 02:23:00,39.1
2025-06-12 18:16:00,10.2
2025-06-12 10:02:00,50.037891637220255
2025-06-12 02:39:00,10.9
2025-06-12 21:51:00,47.9
2025-06-12 17:38:00,50.037891637220255
2025-06-12 23:11:00,63.7
2025-06-12 16:36:00,32.9
2025-06-12 11:11:00,50.037891637220255
2025-06-12 11:31:00,83.6
2025-06-12 08:07:00,72.1
2025-06-12 20:58:00,79.4
2025-06-12 11:56:00,43.4
2025-06-12 22:09:00,57.7
2025-06-12 19:20:00,11.0
2025-06-12 17:13:00,76.7
2025-06-12 01:39:00,11.8
2025-06-12 12:09:00,7.3
2025-06-12 13:20:00,66.9
2025-06-12 15:17:00,76.0
2025-06-12 16:48:00,90.1
2025-06-12 00:48:00,23.6
2025-06-12 05:16:00,40.3
2025-06-12 00:56:00,43.1
2025-06-12 19:25:00,95.8
2025-06-12 14:19:00,2.1
2025-06-12 07:28:00,58.2
2025-06-12 10:25:00,50.037891637220255
2025-06-12 16:07:00,0.6
2025-06-12 22:54:00,11.4
2025-06-12 10:22:00,10.2
2025-06-12 23:24:00,50.037891637220255
2025-06-12 14:38:00,99.1
2025-06-12 04:21:00,35.0
2025-06-12 14:00:00,50.037891637220255
2025-06-12 22:07:00,65.3
2025-06-12 13:17:00,77.2
2025-06-12 12:45:00,43.8
2025-06-12 14:40:00,50.037891637220255
2025-06-12 04:36:00,87.3
2025-06-12 04:03:00,17.7
2025-06-12 22:14:00,50.037891637220255
2025-06-12 03:18:00,2.2
2025-06-12 10:42:00,7.1
2025-06-12 21:01:00,34.5
2025-06-12 06:49:00,94.9
2025-06-12 06:55:00,50.6
2025-06-12 12:38:00,50.037891637220255
2025-06-12 11:39:00,68.6
2025-06-12 11:20:00,11.1
2025-06-12 20:59:00,53.0
2025-06-12 23:42:00,50.037891637220255
2025-06-12 13:49:00,68.1
2025-06-12 20:33:00,20.4
2025-06-12 10:36:00,50.037891637220255
2025-06-12 01:31:00,84.8
2025-06-12 17:22:00,2.5
2025-06-12 19:59:00,50.037891637220255
2025-06-12 00:10:00,76.5
2025-06-12 10:13:00,10.8
2025-06-12 20:38:00,47.8
2025-06-12 12:35:00,13.5
2025-06-12 01:20:00,44.3
2025-06-12 13:07:00,58.6
2025-06-12 20:48:00,57.4
2025-06-12 03:04:00,15.3
2025-06-12 06:45:00,19.8
2025-06-12 15:20:00,50.037891637220255
2025-06-12 19:07:00,97.6
2025-06-12 20:35:00,20.5
2025-06-12 16:09:00,85.1
2025-06-12 12:51:00,10.5
2025-06-12 07:29:00,40.3
2025-06-12 00:23:00,50.037891637220255
2025-06-12 13:27:00,48.4
2025-06-12 16:27:00,66.9
2025-06-12 23:03:00,50.037891637220255
2025-06-12 07:13:00,50.037891637220255
2025-06-12 00:13:00,82.3
2025-06-12 17:12:00,27.7
2025-06-12 19:37:00,67.6
2025-06-12 13:19:00,48.3
2025-06-12 12:18:00,29.1
2025-06-12 05:09:00,50.037891637220255
2025-06-12 03:13:00,22.3
2025-06-12 00:30:00,50.037891637220255
2025-06-12 23:25:00,65.0
2025-06-12 20:51:00,50.037891637220255
2025-06-12 03:12:00,50.037891637220255
2025-06-12 09:16:00,83.1
2025-06-12 00:38:00,41.6
2025-06-12 02:08:00,50.037891637220255
2025-06-12 14:36:00,50.037891637220255
2025-06-12 23:27:00,18.5
2025-06-12 12:26:00,77.0
2025-06-12 01:48:00,74.9
2025-06-12 04:22:00,42.6
2025-06-12 16:57:00,27.8
2025-06-12 11:15:00,92.1
2025-06-12 23:56:00,50.037891637220255
2025-06-12 14:22:00,82.7
2025-06-12 22:33:00,50.037891637220255
2025-06-12 20:01:00,43.3
2025-06-12 17:21:00,36.8
2025-06-12 14:13:00,35.3
2025-06-12 11:33:00,35.2
2025-06-12 15:51:00,71.0
2025-06-12 20:46:00,7.6
2025-06-12 05:59:00,50.037891637220255
2025-06-12 06:16:00,68.7
2025-06-12 11:10:00,52.4
2025-06-12 23:49:00,12.9
2025-06-12 09:15:00,39.0
2025-06-12 16:44:00,16.8
2025-06-12 07:26:00,76.1
2025-06-12 02:09:00,34.7
2025-06-12 04:13:00,7.5
2025-06-12 17:34:00,80.1
2025-06-12 09:38:00,46.1
2025-06-12 10:39:00,35.9
2025-06-12 15:14:00,16.2
2025-06-12 03:31:00,21.4
2025-06-12 13:45:00,65.5
2025-06-12 09:31:00,5.5
2025-06-12 15:31:00,19.3
2025-06-12 01:55:00,68.4
2025-06-12 16:40:00,46.5
2025-06-12 03:34:00,81.5
2025-06-12 01:43:00,50.037891637220255
2025-06-12 03:45:00,50.037891637220255
2025-06-12 02:50:00,70.2
2025-06-12 15:27:00,75.1
2025-06-12 13:57:00,53.9
2025-06-12 22:26:00,42.6
2025-06-12 11:01:00,18.7
2025-06-12 10:40:00,80.6
2025-06-12 01:42:00,56.9
2025-06-12 19:38:00,99.1
2025-06-12 07:14:00,72.7
2025-06-12 03:56:00,91.5
2025-06-12 06:21:00,81.2
2025-06-12 14:04:00,95.1
2025-06-12 05:41:00,93.3
2025-06-12 21:39:00,48.9
2025-06-12 18:46:00,42.8
2025-06-12 14:57:00,50.037891637220255
2025-06-12 18:10:00,14.1
2025-06-12 18:39:00,42.4
2025-06-12 04:34:00,90.0
2025-06-12 13:08:00,14.4
2025-06-12 01:26:00,51.0
2025-06-12 05:46:00,26.0
2025-06-12 23:41:00,50.037891637220255
2025-06-12 13:01:00,93.6
2025-06-12 04:45:00,82.5
2025-06-12 16:47:00,50.037891637220255
2025-06-12 12:02:00,73.0
2025-06-12 22:28:00,76.4
2025-06-12 05:37:00,50.037891637220255
2025-06-12 09:37:00,28.9
2025-06-12 06:22:00,47.8
2025-06-12 09:30:00,93.2
2025-06-12 03:48:00,1.7
2025-06-12 11:46:00,84.7
2025-06-12 12:43:00,28.6
2025-06-12 12:20:00,33.5
2025-06-12 21:44:00,20.3
2025-06-12 22:36:00,9.2
2025-06-12 08:14:00,15.8
2025-06-12 15:38:00,81.4
2025-06-12 01:53:00,0.8
2025-06-12 15:43:00,81.5
2025-06-12 06:46:00,38.5
2025-06-12 00:26:00,12.9
2025-06-12 10:50:00,43.8
2025-06-12 03:25:00,68.4
2025-06-12 21:52:00,69.5
2025-06-12 11:07:00,50.037891637220255
2025-06-12 09:45:00,56.9
2025-06-12 09:36:00,95.0
2025-06-12 09:52:00,26.4
2025-06-12 01:58:00,61.7
2025-06-12 06:08:00,68.3
2025-06-12 07:59:00,50.0
2025-06-12 10:06:00,98.1
2025-06-12 15:22:00,17.3
2025-06-12 04:59:00,56.7
2025-06-12 18:49:00,60.8
2025-06-12 23:20:00,6.1
2025-06-12 04:58:00,84.6
2025-06-12 00:20:00,10.6
2025-06-12 15:10:00,50.037891637220255
2025-06-12 16:30:00,64.9
2025-06-12 19:21:00,12.4
2025-06-12 05:49:00,4.8
2025-06-12 14:08:00,76.0
2025-06-12 16:43:00,65.7
2025-06-12 07:51:00,50.037891637220255
2025-06-12 08:39:00,50.037891637220255
2025-06-12 22:39:00,15.8
2025-06-12 04:35:00,70.9
2025-06-12 15:04:00,85.7
2025-06-12 02:30:00,59.8
2025-06-12 03:39:00,52.8
2025-06-12 15:59:00,37.9
2025-06-12 08:54:00,84.2
2025-06-12 02:26:00,26.1
2025-06-12 19:22:00,39.9
2025-06-12 02:42:00,69.4
2025-06-12 02:17:00,50.037891637220255
2025-06-12 04:16:00,56.5
2025-06-12 17:59:00,35.5
2025-06-12 10:16:00,12.8
2025-06-12 03:57:00,50.037891637220255
2025-06-12 13:06:00,85.8
2025-06-12 17:10:00,93.3
2025-06-12 15:15:00,82.7
2025-06-12 22:17:00,0.6
2025-06-12 18:53:00,19.7
2025-06-12 15:09:00,73.8
2025-06-12 03:41:00,26.0
2025-06-12 21:21:00,87.4
2025-06-12 08:50:00,50.037891637220255
2025-06-12 13:09:00,90.1
2025-06-12 14:28:00,3.8
2025-06-12 16:37:00,78.7
2025-06-12 21:19:00,15.1
2025-06-12 15:47:00,47.3
2025-06-12 03:44:00,60.3
2025-06-12 08:43:00,93.3
2025-06-12 16:53:00,68.4
2025-06-12 03:01:00,61.8
2025-06-12 19:53:00,44.1
2025-06-12 05:47:00,46.1
2025-06-12 10:44:00,50.037891637220255
2025-06-12 08:00:00,1.7
2025-06-12 07:12:00,50.037891637220255
2025-06-12 19:27:00,17.5
2025-06-12 20:08:00,50.037891637220255
2025-06-12 22:00:00,72.6
2025-06-12 00:45:00,78.2
2025-06-12 21:33:00,81.2
2025-06-12 00:28:00,14.4
2025-06-12 16:00:00,17.1
2025-06-12 16:50:00,50.037891637220255
2025-06-12 09:24:00,50.037891637220255
2025-06-12 18:50:00,37.6
2025-06-12 16:16:00,30.7
2025-06-12 06:33:00,41.0
2025-06-12 23:40:00,42.0
2025-06-12 13:37:00,42.9
2025-06-12 18:45:00,30.9
2025-06-12 20:41:00,75.0
2025-06-12 18:34:00,78.4
2025-06-12 06:41:00,41.7
2025-06-12 06:52:00,42.9
2025-06-12 22:21:00,20.1
2025-06-12 07:18:00,12.1
2025-06-12 13:30:00,84.3
2025-06-12 07:32:00,54.4
2025-06-12 13:58:00,1.8
2025-06-12 05:01:00,8.7
2025-06-12 07:21:00,96.2
2025-06-12 06:15:00,62.3
2025-06-12 04:56:00,15.7
2025-06-12 19:13:00,89.8
2025-06-12 01:45:00,40.9
2025-06-12 05:45:00,88.4
2025-06-12 23:22:00,28.2
2025-06-12 17:48:00,72.6
2025-06-12 14:11:00,1.3
2025-06-12 09:13:00,99.3
2025-06-12 10:57:00,23.3
2025-06-12 05:30:00,41.4
2025-06-12 00:59:00,63.7
2025-06-12 17:33:00,50.037891637220255
2025-06-12 08:17:00,49.0
2025-06-12 04:43:00,25.6
2025-06-12 06:32:00,39.5
2025-06-12 17:46:00,62.6
2025-06-12 21:35:00,96.0
2025-06-12 06:58:00,21.3
2025-06-12 10:47:00,79.6
2025-06-12 10:07:00,48.7
2025-06-12 07:10:00,50.037891637220255
2025-06-12 11:41:00,50.037891637220255
2025-06-12 21:12:00,21.0
2025-06-12 21:49:00,5.1
2025-06-12 02:07:00,50.037891637220255
2025-06-12 13:14:00,3.8
2025-06-12 04:49:00,2.7
2025-06-12 19:20:00,99.8
2025-06-12 15:22:00,2.5
2025-06-12 06:53:00,32.2
2025-06-12 15:57:00,43.0
2025-06-12 03:01:00,43.7
2025-06-12 01:32:00,22.1
2025-06-12 02:29:00,21.4
2025-06-12 17:48:00,43.2
2025-06-12 20:21:00,50.60542317173377
2025-06-12 11:54:00,93.9
2025-06-12 08:13:00,98.6
2025-06-12 06:23:00,60.1
2025-06-12 10:33:00,79.7
2025-06-12 19:48:00,50.60542317173377
2025-06-12 03:27:00,1.0
2025-06-12 21:50:00,50.60542317173377
2025-06-12 03:14:00,89.5
2025-06-12 10:19:00,86.2
2025-06-12 12:49:00,42.8
2025-06-12 21:13:00,32.9
2025-06-12 09:21:00,2.9
2025-06-12 11:18:00,50.60542317173377
2025-06-12 10:42:00,82.5
2025-06-12 11:32:00,20.9
2025-06-12 10:49:00,4.9
2025-06-12 00:04:00,74.9
2025-06-12 02:51:00,21.1
2025-06-12 06:04:00,62.1
2025-06-12 16:23:00,11.2
2025-06-12 20:33:00,64.6
2025-06-12 19:09:00,3.2
2025-06-12 11:03:00,67.0
2025-06-12 22:54:00,78.4
2025-06-12 12:03:00,50.60542317173377
2025-06-12 17:27:00,50.60542317173377
2025-06-12 00:46:00,96.1
2025-06-12 10:46:00,19.3
2025-06-12 10:05:00,50.60542317173377
2025-06-12 17:26:00,18.2
2025-06-12 10:09:00,80.7
2025-06-12 11:19:00,63.1
2025-06-12 23:54:00,67.3
2025-06-12 19:45:00,45.9
2025-06-12 05:46:00,50.60542317173377
2025-06-12 02:09:00,65.1
2025-06-12 23:09:00,35.1
2025-06-12 00:39:00,96.7
2025-06-12 19:37:00,50.60542317173377
2025-06-12 07:57:00,67.5
2025-06-12 07:55:00,82.3
2025-06-12 11:25:00,50.60542317173377
2025-06-12 14:41:00,3.7
2025-06-12 09:13:00,59.9
2025-06-12 12:28:00,86.4
2025-06-12 10:38:00,40.3
2025-06-12 08:58:00,27.7
2025-06-12 13:29:00,99.9
2025-06-12 19:38:00,3.0
2025-06-12 16:02:00,48.5
2025-06-12 06:48:00,50.60542317173377
2025-06-12 23:21:00,12.2
2025-06-12 20:12:00,26.5
2025-06-12 06:45:00,96.3
2025-06-12 14:07:00,50.60542317173377
2025-06-12 08:31:00,54.9
2025-06-12 15:51:00,50.60542317173377
2025-06-12 23:38:00,84.8
2025-06-12 13:06:00,51.4
2025-06-12 20:42:00,71.9
2025-06-12 05:26:00,50.60542317173377
2025-06-12 21:01:00,37.9
2025-06-12 16:12:00,35.2
2025-06-12 05:52:00,14.4
2025-06-12 20:35:00,76.4
2025-06-12 19:07:00,27.4
2025-06-12 10:51:00,45.2
2025-06-12 15:41:00,32.0
2025-06-12 12:34:00,48.2
2025-06-12 11:02:00,59.1
2025-06-12 18:43:00,50.60542317173377
2025-06-12 18:53:00,99.0
2025-06-12 16:55:00,27.6
2025-06-12 22:27:00,17.8
2025-06-12 14:16:00,76.3
2025-06-12 06:38:00,50.60542317173377
2025-06-12 05:09:00,53.1
2025-06-12 13:08:00,46.3
2025-06-12 21:41:00,30.4
2025-06-12 23:27:00,79.3
2025-06-12 19:03:00,85.9
2025-06-12 21:49:00,39.1
2025-06-12 07:45:00,76.2
2025-06-12 09:48:00,64.8
2025-06-12 22:28:00,97.4
2025-06-12 07:35:00,50.60542317173377
2025-06-12 19:36:00,56.8
2025-06-12 08:38:00,57.8
2025-06-12 18:06:00,74.6
2025-06-12 10:48:00,2.8
2025-06-12 11:51:00,10.5
2025-06-12 06:00:00,50.60542317173377
2025-06-12 18:34:00,28.6
2025-06-12 07:03:00,57.6
2025-06-12 10:00:00,88.7
2025-06-12 21:51:00,16.5
2025-06-12 00:18:00,51.3
2025-06-12 14:51:00,38.4
2025-06-12 11:08:00,53.7
2025-06-12 00:35:00,84.9
2025-06-12 17:20:00,9.7
2025-06-12 04:53:00,58.7
2025-06-12 13:16:00,9.1
2025-06-12 02:26:00,15.4
2025-06-12 09:23:00,30.9
2025-06-12 21:48:00,62.6
2025-06-12 11:57:00,79.4
2025-06-12 21:55:00,17.9
2025-06-12 14:43:00,50.60542317173377
2025-06-12 09:04:00,73.9
2025-06-12 22:05:00,28.6
2025-06-12 02:00:00,71.3
2025-06-12 18:09:00,25.0
2025-06-12 18:46:00,50.60542317173377
2025-06-12 18:35:00,63.5
2025-06-12 13:03:00,84.6
2025-06-12 22:09:00,75.4
2025-06-12 21:30:00,3.3
2025-06-12 07:32:00,50.60542317173377
2025-06-12 02:30:00,6.7
2025-06-12 17:51:00,64.9
2025-06-12 21:45:00,65.5
2025-06-12 10:34:00,95.9
2025-06-12 01:45:00,80.4
2025-06-12 09:49:00,8.2
2025-06-12 17:23:00,84.1
2025-06-12 11:41:00,62.5
2025-06-12 21:18:00,1.0
2025-06-12 04:28:00,11.9
2025-06-12 23:26:00,50.60542317173377
2025-06-12 11:05:00,29.4
2025-06-12 04:38:00,74.8
2025-06-12 12:29:00,74.1
2025-06-12 09:54:00,50.60542317173377
2025-06-12 02:23:00,60.7
2025-06-12 13:32:00,50.60542317173377
2025-06-12 22:03:00,34.2
2025-06-12 23:17:00,41.5
2025-06-12 17:36:00,76.8
2025-06-12 07:09:00,0.5
2025-06-12 18:03:00,35.3
2025-06-12 08:14:00,22.0
2025-06-12 08:52:00,25.5
2025-06-12 01:40:00,24.3
2025-06-12 08:57:00,94.3
2025-06-12 19:59:00,29.0
2025-06-12 00:58:00,93.3
2025-06-12 09:59:00,79.2
2025-06-12 21:35:00,83.8
2025-06-12 18:26:00,86.3
2025-06-12 17:52:00,39.6
2025-06-12 23:03:00,52.2
2025-06-12 09:08:00,17.4
2025-06-12 01:06:00,16.0
2025-06-12 18:02:00,47.5
2025-06-12 05:29:00,86.6
2025-06-12 14:27:00,54.7
2025-06-12 20:40:00,83.4
2025-06-12 08:42:00,32.3
2025-06-12 12:24:00,15.6
2025-06-12 21:22:00,53.3
2025-06-12 04:26:00,71.3
2025-06-12 18:50:00,48.5
2025-06-12 20:13:00,32.1
2025-06-12 10:18:00,50.60542317173377
2025-06-12 11:23:00,97.8
2025-06-12 04:24:00,64.0
2025-06-12 11:14:00,50.3
2025-06-12 21:57:00,27.2
2025-06-12 01:10:00,50.60542317173377
2025-06-12 12:50:00,57.2
2025-06-12 07:08:00,59.3
2025-06-12 10:07:00,50.60542317173377
2025-06-12 15:03:00,64.1
2025-06-12 23:18:00,14.8
2025-06-12 12:25:00,60.1
2025-06-12 21:16:00,44.8
2025-06-12 22:47:00,99.6
2025-06-12 05:05:00,27.4
2025-06-12 20:22:00,19.7
2025-06-12 18:00:00,36.5
2025-06-12 01:20:00,20.9
2025-06-12 22:50:00,84.1
2025-06-12 05:41:00,79.6
2025-06-12 20:44:00,32.7
2025-06-12 14:23:00,97.1
2025-06-12 10:27:00,68.4
2025-06-12 01:39:00,50.60542317173377
2025-06-12 00:26:00,61.5
2025-06-12 01:01:00,2.0
2025-06-12 05:19:00,86.0
2025-06-12 08:16:00,14.0
2025-06-12 22:01:00,95.3
2025-06-12 01:05:00,41.5
2025-06-12 15:19:00,91.0
2025-06-12 12:46:00,98.4
2025-06-12 17:13:00,1.4
2025-06-12 17:57:00,95.7
2025-06-12 16:44:00,7.2
2025-06-12 10:06:00,50.60542317173377
2025-06-12 16:29:00,19.2
2025-06-12 08:10:00,56.9
2025-06-12 07:12:00,58.6
2025-06-12 00:12:00,51.9
2025-06-12 19:17:00,94.8
2025-06-12 17:04:00,66.2
2025-06-12 04:50:00,94.9
2025-06-12 12:42:00,54.8
2025-06-12 14:31:00,56.5
2025-06-12 14:08:00,19.6
2025-06-12 19:46:00,75.8
2025-06-12 09:18:00,32.4
2025-06-12 03:30:00,44.3
2025-06-12 01:16:00,5.8
2025-06-12 03:28:00,96.5
2025-06-12 07:10:00,52.6
2025-06-12 14:11:00,77.5
2025-06-12 16:30:00,15.3
2025-06-12 07:56:00,50.60542317173377
2025-06-12 14:14:00,34.4
2025-06-12 07:36:00,31.8
2025-06-12 11:40:00,46.9
2025-06-12 09:10:00,70.6
2025-06-12 23:22:00,59.8
2025-06-12 04:13:00,9.5
2025-06-12 11:28:00,47.2
2025-06-12 04:33:00,50.60542317173377
2025-06-12 05:30:00,34.4
2025-06-12 04:23:00,35.0
2025-06-12 19:55:00,45.9
2025-06-12 07:21:00,21.5
2025-06-12 04:29:00,99.7
2025-06-12 18:39:00,93.9
2025-06-12 05:10:00,97.2
2025-06-12 01:56:00,80.7
2025-06-12 09:34:00,29.9
2025-06-12 17:35:00,0.9
2025-06-12 22:46:00,40.8
2025-06-12 05:45:00,35.5
2025-06-12 09:20:00,46.7
2025-06-12 03:16:00,27.4
2025-06-12 02:43:00,59.6
2025-06-12 00:49:00,50.60542317173377
2025-06-12 04:58:00,49.1
2025-06-12 19:29:00,47.0
2025-06-12 17:06:00,95.8
2025-06-12 11:52:00,23.1
2025-06-12 02:46:00,90.1
2025-06-12 13:20:00,98.4
2025-06-12 07:26:00,82.5
2025-06-12 13:41:00,7.6
2025-06-12 09:24:00,75.1
2025-06-12 20:48:00,35.1
2025-06-12 15:01:00,39.0
2025-06-12 21:46:00,52.3
2025-06-12 17:08:00,26.9
2025-06-12 07:52:00,58.2
2025-06-12 10:08:00,9.6
2025-06-12 11:22:00,50.60542317173377
2025-06-12 15:05:00,2.4
2025-06-12 02:52:00,15.8
2025-06-12 06:40:00,50.60542317173377
2025-06-12 06:10:00,59.3
2025-06-12 04:21:00,70.9
2025-06-12 23:36:00,50.60542317173377
2025-06-12 20:45:00,50.60542317173377
2025-06-12 12:19:00,50.60542317173377
2025-06-12 23:30:00,61.6
2025-06-12 04:15:00,25.5
2025-06-12 16:51:00,51.7
2025-06-12 23:12:00,52.7
2025-06-12 12:23:00,21.2
2025-06-12 13:48:00,16.0
2025-06-12 15:50:00,50.60542317173377
2025-06-12 00:45:00,77.9
2025-06-12 10:15:00,51.5
2025-06-12 02:28:00,15.5
2025-06-12 23:42:00,96.0
2025-06-12 10:04:00,50.60542317173377
2025-06-12 02:27:00,90.4
2025-06-12 22:30:00,41.0
2025-06-12 22:33:00,62.1
2025-06-12 15:25:00,81.0
2025-06-12 06:41:00,72.1
2025-06-12 13:37:00,88.8
2025-06-12 07:25:00,78.1
2025-06-12 05:31:00,20.7
2025-06-12 03:50:00,50.60542317173377
2025-06-12 16:18:00,20.9
2025-06-12 03:39:00,53.8
2025-06-12 11:31:00,90.7
2025-06-12 12:32:00,98.0
2025-06-12 07:47:00,3.1
2025-06-12 22:11:00,49.2
2025-06-12 18:18:00,93.0
2025-06-12 04:19:00,85.5
2025-06-12 21:28:00,65.6
2025-06-12 19:40:00,40.8
2025-06-12 18:27:00,50.60542317173377
2025-06-12 22:48:00,50.60542317173377
2025-06-12 08:30:00,50.60542317173377
2025-06-12 10:17:00,44.9
2025-06-12 07:27:00,65.2
2025-06-12 13:23:00,47.7
2025-06-12 16:39:00,90.4
2025-06-12 13:28:00,87.3
2025-06-12 21:00:00,4.1
2025-06-12 06:27:00,50.60542317173377
2025-06-12 14:36:00,0.8
2025-06-12 06:11:00,25.2
2025-06-12 08:17:00,50.4
2025-06-12 09:14:00,53.1
2025-06-12 22:12:00,79.9
2025-06-12 21:53:00,72.6
2025-06-12 04:12:00,14.6
2025-06-12 00:56:00,78.8
2025-06-12 05:04:00,91.3
2025-06-12 05:53:00,98.0
2025-06-12 23:16:00,12.2
2025-06-12 03:00:00,93.6
2025-06-12 14:28:00,58.7
2025-06-12 13:31:00,3.5
2025-06-12 01:47:00,52.4
2025-06-12 11:45:00,5.7
2025-06-12 20:18:00,76.8
2025-06-12 17:41:00,54.2
2025-06-12 14:25:00,31.9
2025-06-12 19:24:00,74.5
2025-06-12 13:36:00,29.7
2025-06-12 23:07:00,34.1
2025-06-12 01:55:00,28.5
2025-06-12 15:52:00,6.9
2025-06-12 00:29:00,14.3
2025-06-12 09:47:00,99.5
2025-06-12 17:40:00,53.3
2025-06-12 22:42:00,49.935598591549294
2025-06-12 19:07:00,49.935598591549294
2025-06-12 11:13:00,59.3
2025-06-12 23:13:00,49.935598591549294
2025-06-12 16:13:00,15.1
2025-06-12 06:21:00,49.935598591549294
2025-06-12 10:49:00,13.5
2025-06-12 02:35:00,6.2
2025-06-12 03:42:00,49.935598591549294
2025-06-12 15:10:00,30.2
2025-06-12 10:25:00,86.9
2025-06-12 23:28:00,66.1
2025-06-12 12:29:00,60.6
2025-06-12 04:44:00,76.1
2025-06-12 03:35:00,49.935598591549294
2025-06-12 01:11:00,0.7
2025-06-12 09:27:00,64.7
2025-06-12 19:51:00,59.0
2025-06-12 12:06:00,6.2
2025-06-12 11:27:00,10.1
2025-06-12 04:26:00,1.9
2025-06-12 14:42:00,3.5
2025-06-12 20:26:00,75.0
2025-06-12 14:56:00,94.4
2025-06-12 17:13:00,5.5
2025-06-12 16:52:00,49.935598591549294
2025-06-12 22:01:00,98.2
2025-06-12 08:02:00,1.3
2025-06-12 23:58:00,61.8
2025-06-12 03:22:00,35.4
2025-06-12 04:37:00,49.935598591549294
2025-06-12 06:49:00,14.6
2025-06-12 02:23:00,42.6
2025-06-12 14:58:00,87.4
2025-06-12 06:00:00,74.3
2025-06-12 22:46:00,9.1
2025-06-12 12:33:00,96.3
2025-06-12 21:04:00,69.5
2025-06-12 18:12:00,98.0
2025-06-12 15:23:00,21.2
2025-06-12 04:00:00,65.4
2025-06-12 06:38:00,51.2
2025-06-12 19:04:00,44.1
2025-06-12 19:11:00,69.0
2025-06-12 00:03:00,25.7
2025-06-12 15:22:00,63.8
2025-06-12 09:59:00,47.2
2025-06-12 20:21:00,85.5
2025-06-12 07:57:00,67.5
2025-06-12 12:01:00,20.4
2025-06-12 10:08:00,10.3
2025-06-12 02:41:00,7.1
2025-06-12 09:15:00,64.7
2025-06-12 07:38:00,15.9
2025-06-12 07:04:00,92.3
2025-06-12 20:38:00,49.935598591549294
2025-06-12 06:57:00,49.935598591549294
2025-06-12 16:38:00,86.1
2025-06-12 00:06:00,4.1
2025-06-12 20:01:00,3.4
2025-06-12 06:11:00,30.9
2025-06-12 15:02:00,6.1
2025-06-12 03:21:00,66.0
2025-06-12 11:23:00,63.9
2025-06-12 17:27:00,24.6
2025-06-12 22:13:00,79.1
2025-06-12 18:03:00,45.2
2025-06-12 15:39:00,66.0
2025-06-12 01:38:00,17.0
2025-06-12 20:25:00,41.0
2025-06-12 10:03:00,86.4
2025-06-12 13:01:00,35.7
2025-06-12 01:00:00,52.6
2025-06-12 09:26:00,59.0
2025-06-12 04:16:00,74.5
2025-06-12 07:53:00,78.0
2025-06-12 23:20:00,72.1
2025-06-12 21:23:00,49.935598591549294
2025-06-12 05:45:00,49.935598591549294
2025-06-12 12:00:00,29.8
2025-06-12 15:00:00,49.935598591549294
2025-06-12 17:28:00,66.7
2025-06-12 03:01:00,76.9
2025-06-12 10:21:00,45.3
2025-06-12 07:43:00,49.935598591549294
2025-06-12 00:32:00,69.1
2025-06-12 11:33:00,11.0
2025-06-12 04:32:00,23.7
2025-06-12 08:13:00,68.1
2025-06-12 00:25:00,100.0
2025-06-12 18:30:00,56.3
2025-06-12 03:45:00,20.4
2025-06-12 08:08:00,39.2
2025-06-12 06:25:00,0.6
2025-06-12 09:51:00,27.6
2025-06-12 13:05:00,18.0
2025-06-12 02:15:00,86.0
2025-06-12 09:30:00,34.8
2025-06-12 09:43:00,50.4
2025-06-12 17:39:00,8.3
2025-06-12 15:12:00,42.1
2025-06-12 21:15:00,49.935598591549294
2025-06-12 20:04:00,49.935598591549294
2025-06-12 05:51:00,73.1
2025-06-12 11:11:00,76.1
2025-06-12 13:04:00,75.4
2025-06-12 22:56:00,91.8
2025-06-12 20:10:00,94.3
2025-06-12 17:55:00,18.9
2025-06-12 23:31:00,61.1
2025-06-12 08:22:00,57.0
2025-06-12 16:26:00,5.1
2025-06-12 05:28:00,43.7
2025-06-12 00:57:00,49.935598591549294
2025-06-12 09:45:00,14.6
2025-06-12 04:29:00,49.935598591549294
2025-06-12 10:46:00,6.3
2025-06-12 23:27:00,38.3
2025-06-12 23:10:00,32.5
2025-06-12 01:56:00,49.935598591549294
2025-06-12 17:33:00,40.3
2025-06-12 09:37:00,30.5
2025-06-12 13:09:00,90.3
2025-06-12 07:55:00,7.0
2025-06-12 05:20:00,68.2
2025-06-12 04:25:00,27.9
2025-06-12 02:29:00,14.9
2025-06-12 14:34:00,2.0
2025-06-12 09:12:00,94.4
2025-06-12 09:13:00,28.2
2025-06-12 19:32:00,83.9
2025-06-12 03:02:00,49.935598591549294
2025-06-12 14:40:00,89.6
2025-06-12 12:10:00,4.8
2025-06-12 10:50:00,95.4
2025-06-12 00:45:00,39.4
2025-06-12 04:20:00,44.7
2025-06-12 18:10:00,52.3
2025-06-12 05:59:00,88.5
2025-06-12 23:00:00,41.3
2025-06-12 13:59:00,30.9
2025-06-12 18:47:00,57.8
2025-06-12 15:38:00,71.9
2025-06-12 00:42:00,8.7
2025-06-12 13:41:00,45.1
2025-06-12 18:16:00,55.5
2025-06-12 21:34:00,65.8
2025-06-12 15:51:00,79.2
2025-06-12 11:57:00,40.1
2025-06-12 08:41:00,99.3
2025-06-12 19:45:00,45.3
2025-06-12 03:30:00,55.5
2025-06-12 21:53:00,68.2
2025-06-12 11:01:00,28.8
2025-06-12 13:15:00,89.4
2025-06-12 11:35:00,49.6
2025-06-12 04:13:00,54.9
2025-06-12 03:33:00,89.0
2025-06-12 14:48:00,81.4
2025-06-12 23:26:00,10.9
2025-06-12 00:37:00,49.935598591549294
2025-06-12 21:48:00,26.3
2025-06-12 11:28:00,49.935598591549294
2025-06-12 22:52:00,23.8
2025-06-12 00:38:00,99.7
2025-06-12 09:54:00,83.7
2025-06-12 04:34:00,58.1
2025-06-12 13:30:00,35.3
2025-06-12 19:09:00,32.7
2025-06-12 23:35:00,63.6
2025-06-12 04:03:00,49.935598591549294
2025-06-12 15:36:00,24.9
2025-06-12 01:41:00,33.6
2025-06-12 04:50:00,41.1
2025-06-12 01:03:00,66.8
2025-06-12 12:23:00,16.8
2025-06-12 01:04:00,85.2
2025-06-12 14:18:00,19.9
2025-06-12 09:34:00,49.935598591549294
2025-06-12 23:09:00,88.9
2025-06-12 03:39:00,26.9
2025-06-12 19:30:00,50.0
2025-06-12 06:09:00,31.4
2025-06-12 13:20:00,32.2
2025-06-12 07:27:00,82.7
2025-06-12 06:39:00,51.9
2025-06-12 17:06:00,49.935598591549294
2025-06-12 19:37:00,49.935598591549294
2025-06-12 16:35:00,88.9
2025-06-12 22:25:00,75.3
2025-06-12 08:49:00,24.5
2025-06-12 01:27:00,82.6
2025-06-12 15:09:00,93.0
2025-06-12 23:07:00,1.9
2025-06-12 20:12:00,34.4
2025-06-12 10:18:00,99.0
2025-06-12 18:51:00,52.9
2025-06-12 23:17:00,5.1
2025-06-12 21:57:00,60.2
2025-06-12 07:00:00,49.935598591549294
2025-06-12 10:23:00,81.0
2025-06-12 20:31:00,67.3
2025-06-12 14:39:00,66.1
2025-06-12 02:44:00,49.8
2025-06-12 13:54:00,10.1
2025-06-12 11:00:00,49.935598591549294
2025-06-12 12:52:00,21.3
2025-06-12 00:43:00,75.0
2025-06-12 12:31:00,49.935598591549294
2025-06-12 09:46:00,49.935598591549294
2025-06-12 06:12:00,42.5
2025-06-12 15:04:00,46.1
2025-06-12 23:36:00,19.3
2025-06-12 14:19:00,49.935598591549294
2025-06-12 05:42:00,85.1
2025-06-12 17:32:00,46.7
2025-06-12 21:37:00,47.3
2025-06-12 09:48:00,65.8
2025-06-12 08:21:00,63.8
2025-06-12 10:06:00,49.935598591549294
2025-06-12 02:07:00,39.5
2025-06-12 09:38:00,99.7
2025-06-12 15:56:00,49.935598591549294
2025-06-12 18:50:00,64.8
2025-06-12 03:44:00,56.7
2025-06-12 01:42:00,64.7
2025-06-12 20:52:00,30.2
2025-06-12 21:13:00,2.5
2025-06-12 07:14:00,99.8
2025-06-12 05:50:00,30.2
2025-06-12 09:19:00,85.4
2025-06-12 18:23:00,20.8
2025-06-12 07:22:00,94.5
2025-06-12 02:14:00,19.5
2025-06-12 11:04:00,25.1
2025-06-12 13:55:00,4.0
2025-06-12 14:06:00,49.935598591549294
2025-06-12 06:50:00,49.935598591549294
2025-06-12 08:56:00,45.0
2025-06-12 04:43:00,68.2
2025-06-12 00:04:00,95.6
2025-06-12 11:59:00,76.9
2025-06-12 05:43:00,38.1
2025-06-12 07:24:00,49.935598591549294
2025-06-12 14:35:00,49.935598591549294
2025-06-12 06:52:00,59.1
2025-06-12 10:17:00,82.4
2025-06-12 01:52:00,19.6
2025-06-12 00:51:00,49.935598591549294
2025-06-12 17:49:00,95.9
2025-06-12 14:15:00,92.6
2025-06-12 09:49:00,9.2
2025-06-12 23:24:00,13.1
2025-06-12 06:06:00,86.4
2025-06-12 23:46:00,49.935598591549294
2025-06-12 19:40:00,13.6
2025-06-12 01:17:00,11.5
2025-06-12 16:12:00,91.6
2025-06-12 11:58:00,51.1
2025-06-12 07:23:00,6.0
2025-06-12 02:54:00,90.3
2025-06-12 07:47:00,78.2
2025-06-12 16:58:00,34.5
2025-06-12 06:10:00,88.9
2025-06-12 10:28:00,76.3
2025-06-12 03:55:00,37.4
2025-06-12 04:14:00,24.9
2025-06-12 22:54:00,49.935598591549294
2025-06-12 20:24:00,95.1
2025-06-12 21:27:00,38.8
2025-06-12 04:58:00,51.7
2025-06-12 20:13:00,18.5
2025-06-12 11:16:00,57.8
2025-06-12 15:49:00,60.1
2025-06-12 21:49:00,22.6
2025-06-12 17:15:00,49.935598591549294
2025-06-12 14:22:00,65.6
2025-06-12 13:13:00,25.4
2025-06-12 15:17:00,49.935598591549294
2025-06-12 16:33:00,94.7
2025-06-12 13:02:00,87.2
2025-06-12 04:54:00,26.1
2025-06-12 21:08:00,17.8
2025-06-12 20:33:00,43.9
2025-06-12 00:47:00,69.6
2025-06-12 02:48:00,69.7
2025-06-12 01:21:00,53.7
2025-06-12 13:08:00,51.7
2025-06-12 23:25:00,90.5
2025-06-12 05:38:00,62.8
2025-06-12 17:47:00,38.0
2025-06-12 19:16:00,9.5
2025-06-12 08:40:00,81.1
2025-06-12 21:19:00,24.9
2025-06-12 06:33:00,54.3
2025-06-12 18:46:00,78.9
2025-06-12 22:17:00,96.4
2025-06-12 20:36:00,75.6
2025-06-12 00:49:00,69.1
2025-06-12 04:46:00,42.5
2025-06-12 04:01:00,38.2
2025-06-12 01:58:00,5.0
2025-06-12 19:17:00,57.4
2025-06-12 11:40:00,49.935598591549294
2025-06-12 14:57:00,6.7
2025-06-12 16:19:00,5.7
2025-06-12 21:41:00,61.9
2025-06-12 20:14:00,93.3
2025-06-12 17:54:00,34.7
2025-06-12 07:42:00,66.1
2025-06-12 15:54:00,28.2
2025-06-12 09:13:00,65.5
2025-06-12 02:11:00,51.0
2025-06-12 15:52:00,32.0
2025-06-12 08:57:00,85.9
2025-06-12 09:20:00,67.7
2025-06-12 03:04:00,12.2
2025-06-12 10:21:00,49.740225962104276
2025-06-12 17:29:00,3.2
2025-06-12 22:22:00,70.6
2025-06-12 00:20:00,49.740225962104276
2025-06-12 00:57:00,4.4
2025-06-12 13:05:00,19.1
2025-06-12 17:50:00,96.0
2025-06-12 19:46:00,88.6
2025-06-12 13:03:00,73.9
2025-06-12 19:51:00,49.740225962104276
2025-06-12 03:13:00,47.7
2025-06-12 11:01:00,72.1
2025-06-12 15:16:00,49.740225962104276
2025-06-12 22:04:00,76.6
2025-06-12 10:12:00,86.8
2025-06-12 10:01:00,96.2
2025-06-12 12:14:00,26.7
2025-06-12 08:51:00,49.740225962104276
2025-06-12 09:35:00,40.8
2025-06-12 00:46:00,84.7
2025-06-12 15:12:00,32.1
2025-06-12 06:17:00,13.4
2025-06-12 11:40:00,49.740225962104276
2025-06-12 03:25:00,85.9
2025-06-12 14:09:00,33.7
2025-06-12 18:27:00,32.2
2025-06-12 20:53:00,49.740225962104276
2025-06-12 16:05:00,49.740225962104276
2025-06-12 05:13:00,40.1
2025-06-12 22:44:00,59.4
2025-06-12 00:29:00,70.2
2025-06-12 06:19:00,94.6
2025-06-12 07:34:00,77.1
2025-06-12 00:07:00,96.0
2025-06-12 04:58:00,19.5
2025-06-12 03:34:00,63.4
2025-06-12 19:15:00,70.8
2025-06-12 21:58:00,49.740225962104276
2025-06-12 13:57:00,66.8
2025-06-12 08:10:00,49.740225962104276
2025-06-12 21:46:00,97.7
2025-06-12 21:51:00,51.1
2025-06-12 18:08:00,55.2
2025-06-12 05:03:00,12.3
2025-06-12 20:10:00,64.2
2025-06-12 04:17:00,62.0
2025-06-12 07:04:00,1.8
2025-06-12 00:43:00,94.1
2025-06-12 04:31:00,32.5
2025-06-12 16:22:00,60.7
2025-06-12 19:20:00,11.9
2025-06-12 19:36:00,85.4
2025-06-12 13:11:00,21.3
2025-06-12 07:36:00,3.8
2025-06-12 09:08:00,49.740225962104276
2025-06-12 00:42:00,62.0
2025-06-12 07:23:00,9.2
2025-06-12 01:40:00,66.5
2025-06-12 20:35:00,89.6
2025-06-12 03:39:00,41.2
2025-06-12 20:19:00,2.7
2025-06-12 09:17:00,49.740225962104276
2025-06-12 09:43:00,49.740225962104276
2025-06-12 15:47:00,89.0
2025-06-12 14:13:00,50.9
2025-06-12 06:22:00,49.740225962104276
2025-06-12 18:18:00,95.4
2025-06-12 01:41:00,12.6
2025-06-12 21:04:00,98.8
2025-06-12 04:44:00,47.3
2025-06-12 12:06:00,49.740225962104276
2025-06-12 08:42:00,34.5
2025-06-12 03:07:00,33.7
2025-06-12 15:55:00,9.7
2025-06-12 12:58:00,49.740225962104276
2025-06-12 22:46:00,49.740225962104276
2025-06-12 15:45:00,27.0
2025-06-12 06:11:00,7.0
2025-06-12 17:04:00,61.3
2025-06-12 09:27:00,40.1
2025-06-12 13:36:00,81.2
2025-06-12 00:52:00,73.1
2025-06-12 11:35:00,87.6
2025-06-12 04:07:00,24.7
2025-06-12 11:39:00,77.5
2025-06-12 15:06:00,83.6
2025-06-12 01:32:00,44.3
2025-06-12 13:20:00,74.7
2025-06-12 17:41:00,35.9
2025-06-12 20:24:00,33.1
2025-06-12 12:13:00,75.6
2025-06-12 09:30:00,9.9
2025-06-12 16:19:00,49.740225962104276
2025-06-12 12:44:00,49.740225962104276
2025-06-12 15:07:00,2.5
2025-06-12 19:56:00,30.7
2025-06-12 09:21:00,10.1
2025-06-12 01:43:00,54.0
2025-06-12 00:33:00,9.9
2025-06-12 20:18:00,49.740225962104276
2025-06-12 21:27:00,16.8
2025-06-12 14:43:00,49.740225962104276
2025-06-12 11:25:00,3.7
2025-06-12 11:13:00,79.6
2025-06-12 05:55:00,79.7
2025-06-12 09:01:00,97.9
2025-06-12 11:15:00,90.7
2025-06-12 13:43:00,37.9
2025-06-12 13:27:00,49.740225962104276
2025-06-12 17:02:00,48.9
2025-06-12 19:39:00,21.8
2025-06-12 06:38:00,40.4
2025-06-12 02:23:00,49.740225962104276
2025-06-12 22:48:00,97.5
2025-06-12 00:32:00,51.5
2025-06-12 07:56:00,55.8
2025-06-12 15:59:00,87.6
2025-06-12 22:30:00,33.4
2025-06-12 08:40:00,61.2
2025-06-12 10:25:00,45.5
2025-06-12 14:00:00,65.6
2025-06-12 03:31:00,78.7
2025-06-12 11:42:00,2.0
2025-06-12 01:38:00,84.5
2025-06-12 16:27:00,37.2
2025-06-12 13:10:00,89.4
2025-06-12 02:59:00,92.3
2025-06-12 19:16:00,43.4
2025-06-12 05:05:00,59.2
2025-06-12 10:43:00,49.740225962104276
2025-06-12 23:58:00,7.7
2025-06-12 09:55:00,76.0
2025-06-12 13:56:00,25.6
2025-06-12 22:10:00,93.7
2025-06-12 04:49:00,93.9
2025-06-12 02:35:00,49.740225962104276
2025-06-12 11:12:00,100.0
2025-06-12 23:39:00,15.3
2025-06-12 21:19:00,49.740225962104276
2025-06-12 21:54:00,52.8
2025-06-12 18:42:00,15.4
2025-06-12 14:04:00,49.740225962104276
2025-06-12 07:08:00,70.9
2025-06-12 20:07:00,98.7
2025-06-12 18:03:00,49.740225962104276
2025-06-12 23:15:00,41.5
2025-06-12 03:41:00,14.5
2025-06-12 16:55:00,41.4
2025-06-12 06:06:00,96.6
2025-06-12 12:32:00,33.8
2025-06-12 19:18:00,49.740225962104276
2025-06-12 10:07:00,85.5
2025-06-12 20:43:00,15.6
2025-06-12 06:14:00,21.7
2025-06-12 00:14:00,9.7
2025-06-12 17:44:00,32.7
2025-06-12 02:19:00,98.2
2025-06-12 00:01:00,49.740225962104276
2025-06-12 03:56:00,64.8
2025-06-12 23:18:00,34.7
2025-06-12 04:41:00,5.2
2025-06-12 15:50:00,84.5
2025-06-12 22:19:00,59.3
2025-06-12 16:35:00,26.8
2025-06-12 03:42:00,5.0
2025-06-12 04:01:00,34.4
2025-06-12 05:43:00,22.8
2025-06-12 15:41:00,13.2
2025-06-12 18:53:00,7.7
2025-06-12 08:14:00,82.0
2025-06-12 14:07:00,79.8
2025-06-12 06:05:00,17.8
2025-06-12 15:24:00,26.5
2025-06-12 04:18:00,80.5
2025-06-12 23:51:00,9.5
2025-06-12 14:42:00,49.740225962104276
2025-06-12 15:19:00,49.740225962104276
2025-06-12 03:21:00,25.7
2025-06-12 03:11:00,29.8
2025-06-12 20:37:00,11.0
2025-06-12 06:47:00,42.8
2025-06-12 05:41:00,73.4
2025-06-12 18:35:00,51.7
2025-06-12 21:18:00,3.5
2025-06-12 07:15:00,85.4
2025-06-12 22:49:00,88.2
2025-06-12 08:18:00,49.740225962104276
2025-06-12 08:54:00,5.7
2025-06-12 11:08:00,49.740225962104276
2025-06-12 06:21:00,49.740225962104276
2025-06-12 04:37:00,16.3
2025-06-12 17:37:00,5.1
2025-06-12 04:20:00,58.3
2025-06-12 10:46:00,36.3
2025-06-12 08:41:00,7.7
2025-06-12 09:04:00,49.740225962104276
2025-06-12 19:41:00,40.9
2025-06-12 01:48:00,38.9
2025-06-12 00:38:00,49.740225962104276
2025-06-12 23:38:00,65.0
2025-06-12 23:37:00,6.6
2025-06-12 15:18:00,89.8
2025-06-12 07:07:00,95.8
2025-06-12 03:46:00,37.3
2025-06-12 06:18:00,49.740225962104276
2025-06-12 18:07:00,38.4
2025-06-12 13:55:00,49.740225962104276
2025-06-12 20:08:00,96.8
2025-06-12 09:41:00,64.2
2025-06-12 08:26:00,49.740225962104276
2025-06-12 03:40:00,36.5
2025-06-12 08:11:00,76.5
2025-06-12 12:51:00,84.6
2025-06-12 23:19:00,62.8
2025-06-12 11:06:00,67.2
2025-06-12 01:28:00,71.4
2025-06-12 09:28:00,7.0
2025-06-12 18:19:00,5.5
2025-06-12 14:06:00,26.7
2025-06-12 10:59:00,33.9
2025-06-12 19:00:00,87.2
2025-06-12 06:59:00,8.4
2025-06-12 07:21:00,93.8
2025-06-12 18:09:00,63.9
2025-06-12 21:45:00,52.2
2025-06-12 03:19:00,65.6
2025-06-12 07:46:00,34.0
2025-06-12 09:42:00,22.2
2025-06-12 04:05:00,14.2
2025-06-12 04:12:00,84.1
2025-06-12 14:12:00,49.740225962104276
2025-06-12 12:08:00,49.740225962104276
2025-06-12 08:13:00,8.1
2025-06-12 02:09:00,78.1
2025-06-12 05:40:00,87.5
2025-06-12 04:06:00,14.5
2025-06-12 12:27:00,91.0
2025-06-12 14:31:00,53.1
2025-06-12 22:01:00,49.740225962104276
2025-06-12 17:42:00,87.0
2025-06-12 04:56:00,16.6
2025-06-12 16:21:00,23.9
2025-06-12 23:53:00,23.7
2025-06-12 02:00:00,14.2
2025-06-12 07:09:00,87.5
2025-06-12 08:47:00,73.1
2025-06-12 05:12:00,50.3
2025-06-12 21:55:00,0.1
2025-06-12 08:58:00,49.740225962104276
2025-06-12 17:36:00,10.9
2025-06-12 23:29:00,49.740225962104276
2025-06-12 19:27:00,16.3
2025-06-12 23:55:00,73.7
2025-06-12 12:24:00,18.0
2025-06-12 09:39:00,76.0
2025-06-12 19:49:00,25.0
2025-06-12 00:12:00,28.9
2025-06-12 15:03:00,1.8
2025-06-12 19:12:00,27.8
2025-06-12 00:47:00,89.5
2025-06-12 14:11:00,86.3
2025-06-12 02:10:00,52.6
2025-06-12 21:47:00,75.2
2025-06-12 03:50:00,14.2
2025-06-12 03:08:00,4.7
2025-06-12 10:42:00,50.9
2025-06-12 20:41:00,38.1
2025-06-12 13:51:00,19.6
2025-06-12 06:50:00,62.3
2025-06-12 07:41:00,76.2
2025-06-12 00:11:00,11.6
2025-06-12 04:48:00,29.2
2025-06-12 03:54:00,21.6
2025-06-12 20:55:00,94.1
2025-06-12 13:47:00,39.2
2025-06-12 15:38:00,67.4
2025-06-12 07:02:00,45.3
2025-06-12 07:57:00,49.740225962104276
2025-06-12 16:49:00,49.740225962104276
2025-06-12 23:24:00,20.7
2025-06-12 03:52:00,77.7
2025-06-12 04:14:00,59.7
2025-06-12 15:22:00,50.18838223164841
2025-06-12 13:59:00,71.6
2025-06-12 15:08:00,37.8
2025-06-12 12:32:00,1.9
2025-06-12 15:02:00,2.5
2025-06-12 20:43:00,51.0
2025-06-12 23:19:00,93.2
2025-06-12 06:54:00,50.18838223164841
2025-06-12 20:10:00,75.5
2025-06-12 12:18:00,98.5
2025-06-12 09:23:00,39.4
2025-06-12 03:59:00,50.18838223164841
2025-06-12 20:16:00,50.18838223164841
2025-06-12 06:00:00,89.1
2025-06-12 00:35:00,79.2
2025-06-12 17:36:00,51.3
2025-06-12 21:51:00,32.4
2025-06-12 03:33:00,65.7
2025-06-12 12:01:00,21.0
2025-06-12 04:07:00,66.3
2025-06-12 18:13:00,80.4
2025-06-12 06:12:00,26.9
2025-06-12 20:04:00,10.1
2025-06-12 18:23:00,58.9
2025-06-12 23:34:00,3.5
2025-06-12 09:16:00,70.7
2025-06-12 07:07:00,83.7
2025-06-12 11:16:00,30.8
2025-06-12 15:00:00,27.0
2025-06-12 09:53:00,50.18838223164841
2025-06-12 17:57:00,70.4
2025-06-12 13:00:00,99.9
2025-06-12 08:20:00,93.9
2025-06-12 19:11:00,14.5
2025-06-12 17:30:00,82.9
2025-06-12 23:59:00,72.1
2025-06-12 03:20:00,50.6
2025-06-12 16:29:00,69.6
2025-06-12 08:22:00,50.18838223164841
2025-06-12 01:33:00,50.18838223164841
2025-06-12 15:57:00,48.6
2025-06-12 20:28:00,50.18838223164841
2025-06-12 22:38:00,79.7
2025-06-12 15:29:00,57.9
2025-06-12 16:28:00,50.18838223164841
2025-06-12 13:27:00,81.3
2025-06-12 21:16:00,50.18838223164841
2025-06-12 13:37:00,83.8
2025-06-12 05:09:00,69.8
2025-06-12 13:45:00,50.18838223164841
2025-06-12 16:30:00,45.3
2025-06-12 20:15:00,63.7
2025-06-12 17:02:00,50.18838223164841
2025-06-12 03:50:00,72.4
2025-06-12 04:01:00,35.5
2025-06-12 18:27:00,13.2
2025-06-12 11:14:00,2.1
2025-06-12 08:07:00,69.3
2025-06-12 16:51:00,14.3
2025-06-12 11:04:00,58.8
2025-06-12 12:51:00,61.0
2025-06-12 11:27:00,11.0
2025-06-12 03:09:00,39.3
2025-06-12 20:55:00,50.18838223164841
2025-06-12 11:03:00,31.7
2025-06-12 21:38:00,66.7
2025-06-12 02:34:00,91.9
2025-06-12 02:19:00,19.7
2025-06-12 21:48:00,8.2
2025-06-12 12:07:00,50.18838223164841
2025-06-12 14:34:00,15.0
2025-06-12 21:44:00,5.8
2025-06-12 11:48:00,87.6
2025-06-12 10:24:00,42.7
2025-06-12 22:57:00,92.7
2025-06-12 10:07:00,23.4
2025-06-12 03:23:00,50.18838223164841
2025-06-12 16:52:00,22.3
2025-06-12 17:19:00,50.18838223164841
2025-06-12 16:41:00,56.3
2025-06-12 15:58:00,87.6
2025-06-12 12:52:00,83.6
2025-06-12 03:28:00,93.3
2025-06-12 15:38:00,97.8
2025-06-12 17:24:00,50.4
2025-06-12 20:09:00,61.7
2025-06-12 09:17:00,59.6
2025-06-12 18:58:00,20.6
2025-06-12 01:06:00,32.7
2025-06-12 21:09:00,91.4
2025-06-12 19:51:00,18.9
2025-06-12 22:52:00,71.0
2025-06-12 08:19:00,76.2
2025-06-12 15:55:00,25.5
2025-06-12 11:10:00,94.2
2025-06-12 02:42:00,42.8
2025-06-12 06:05:00,75.5
2025-06-12 07:06:00,99.9
2025-06-12 12:58:00,50.18838223164841
2025-06-12 02:17:00,83.7
2025-06-12 17:03:00,76.3
2025-06-12 17:27:00,1.8
2025-06-12 08:31:00,18.2
2025-06-12 08:28:00,2.1
2025-06-12 06:53:00,50.18838223164841
2025-06-12 20:11:00,21.7
2025-06-12 08:39:00,98.3
2025-06-12 13:51:00,18.5
2025-06-12 02:14:00,89.4
2025-06-12 09:46:00,40.2
2025-06-12 12:09:00,39.1
2025-06-12 04:38:00,2.5
2025-06-12 04:13:00,5.2
2025-06-12 01:16:00,29.7
2025-06-12 10:42:00,7.8
2025-06-12 21:32:00,74.6
2025-06-12 00:01:00,65.4
2025-06-12 15:14:00,72.0
2025-06-12 22:42:00,52.5
2025-06-12 02:22:00,81.9
2025-06-12 16:23:00,58.7
2025-06-12 16:15:00,50.18838223164841
2025-06-12 15:21:00,50.18838223164841
2025-06-12 15:10:00,50.18838223164841
2025-06-12 09:45:00,50.18838223164841
2025-06-12 12:48:00,21.0
2025-06-12 19:31:00,25.5
2025-06-12 19:33:00,58.9
2025-06-12 18:25:00,32.8
2025-06-12 23:54:00,75.8
2025-06-12 14:12:00,7.8
2025-06-12 17:31:00,50.18838223164841
2025-06-12 19:35:00,77.0
2025-06-12 00:36:00,22.6
2025-06-12 05:50:00,45.6
2025-06-12 18:51:00,3.0
2025-06-12 07:55:00,40.7
2025-06-12 17:11:00,8.9
2025-06-12 04:45:00,88.7
2025-06-12 02:28:00,73.2
2025-06-12 14:01:00,15.8
2025-06-12 22:44:00,93.3
2025-06-12 05:56:00,92.9
2025-06-12 01:02:00,59.3
2025-06-12 17:40:00,78.6
2025-06-12 17:20:00,2.4
2025-06-12 20:41:00,47.4
2025-06-12 00:42:00,50.18838223164841
2025-06-12 08:37:00,24.7
2025-06-12 06:44:00,33.8
2025-06-12 11:59:00,56.0
2025-06-12 17:52:00,44.1
2025-06-12 17:28:00,88.8
2025-06-12 13:20:00,5.3
2025-06-12 07:39:00,24.1
2025-06-12 08:45:00,31.2
2025-06-12 13:31:00,44.6
2025-06-12 19:37:00,73.8
2025-06-12 08:53:00,33.4
2025-06-12 02:45:00,82.6
2025-06-12 21:43:00,24.7
2025-06-12 01:27:00,70.9
2025-06-12 03:36:00,55.8
2025-06-12 06:13:00,50.18838223164841
2025-06-12 05:04:00,72.9
2025-06-12 07:21:00,11.6
2025-06-12 02:43:00,10.6
2025-06-12 12:44:00,98.0
2025-06-12 06:31:00,69.1
2025-06-12 08:41:00,94.2
2025-06-12 18:04:00,36.4
2025-06-12 00:14:00,47.6
2025-06-12 20:40:00,12.6
2025-06-12 14:41:00,47.8
2025-06-12 21:59:00,50.18838223164841
2025-06-12 19:25:00,2.0
2025-06-12 03:32:00,87.6
2025-06-12 01:47:00,31.6
2025-06-12 03:41:00,83.9
2025-06-12 13:08:00,22.9
2025-06-12 19:21:00,60.8
2025-06-12 02:04:00,68.2
2025-06-12 07:33:00,16.5
2025-06-12 05:23:00,51.3
2025-06-12 04:04:00,75.3
2025-06-12 12:25:00,10.2
2025-06-12 20:24:00,50.18838223164841
2025-06-12 12:39:00,5.9
2025-06-12 22:18:00,50.18838223164841
2025-06-12 06:32:00,50.18838223164841
2025-06-12 12:00:00,21.7
2025-06-12 10:22:00,67.7
2025-06-12 11:57:00,89.4
2025-06-12 03:24:00,2.1
2025-06-12 13:21:00,23.7
2025-06-12 23:11:00,53.0
2025-06-12 08:55:00,76.3
2025-06-12 14:04:00,12.3
2025-06-12 08:25:00,7.3
2025-06-12 10:34:00,50.18838223164841
2025-06-12 11:44:00,32.4
2025-06-12 21:00:00,60.9
2025-06-12 22:08:00,73.3
2025-06-12 01:40:00,50.18838223164841
2025-06-12 15:18:00,83.5
2025-06-12 02:55:00,50.18838223164841
2025-06-12 14:52:00,50.18838223164841
2025-06-12 02:53:00,50.18838223164841
2025-06-12 07:50:00,41.8
2025-06-12 20:31:00,71.7
2025-06-12 01:22:00,50.18838223164841
2025-06-12 18:09:00,79.7
2025-06-12 00:08:00,35.0
2025-06-12 05:28:00,50.18838223164841
2025-06-12 10:03:00,50.18838223164841
2025-06-12 19:38:00,58.8
2025-06-12 14:56:00,80.8
2025-06-12 15:03:00,11.4
2025-06-12 18:01:00,50.18838223164841
2025-06-12 12:27:00,50.18838223164841
2025-06-12 12:10:00,35.7
2025-06-12 09:20:00,50.18838223164841
2025-06-12 04:10:00,93.1
2025-06-12 22:14:00,11.1
2025-06-12 22:21:00,43.1
2025-06-12 01:23:00,34.7
2025-06-12 08:36:00,77.8
2025-06-12 10:57:00,51.9
2025-06-12 05:46:00,50.18838223164841
2025-06-12 00:32:00,79.8
2025-06-12 04:40:00,27.1
2025-06-12 17:06:00,69.3
2025-06-12 07:49:00,50.18838223164841
2025-06-12 20:54:00,65.1
2025-06-12 20:46:00,85.8
2025-06-12 20:44:00,50.18838223164841
2025-06-12 20:02:00,6.4
2025-06-12 16:59:00,47.2
2025-06-12 05:41:00,76.4
2025-06-12 20:12:00,90.0
2025-06-12 17:04:00,75.8
2025-06-12 09:13:00,43.9
2025-06-12 16:06:00,73.6
2025-06-12 12:13:00,27.8
2025-06-12 13:47:00,27.1
2025-06-12 22:53:00,53.2
2025-06-12 10:56:00,28.1
2025-06-12 12:43:00,66.9
2025-06-12 21:08:00,78.0
2025-06-12 04:00:00,50.18838223164841
2025-06-12 16:07:00,50.18838223164841
2025-06-12 04:23:00,62.0
2025-06-12 15:59:00,54.8
2025-06-12 07:05:00,77.2
2025-06-12 13:11:00,18.8
2025-06-12 03:13:00,41.8
2025-06-12 14:21:00,92.3
2025-06-12 13:32:00,8.2
2025-06-12 21:23:00,88.0
2025-06-12 08:43:00,50.18838223164841
2025-06-12 13:06:00,76.3
2025-06-12 08:26:00,50.18838223164841
2025-06-12 11:07:00,29.4
2025-06-12 23:06:00,85.4
2025-06-12 00:33:00,66.8
2025-06-12 07:02:00,50.18838223164841
2025-06-12 18:28:00,37.1
2025-06-12 00:40:00,8.7
2025-06-12 13:05:00,45.7
2025-06-12 08:17:00,97.0
2025-06-12 23:41:00,53.9
2025-06-12 03:45:00,65.9
2025-06-12 15:34:00,31.6
2025-06-12 10:39:00,79.6
2025-06-12 18:30:00,23.7
2025-06-12 12:45:00,99.2
2025-06-12 00:49:00,14.6
2025-06-12 01:26:00,63.5
2025-06-12 20:13:00,41.5
2025-06-12 08:32:00,91.5
2025-06-12 23:13:00,99.8
2025-06-12 05:39:00,50.18838223164841
2025-06-12 16:18:00,85.7
2025-06-12 12:31:00,19.7
2025-06-12 04:12:00,89.7
2025-06-12 09:48:00,34.3
2025-06-12 15:41:00,63.0
2025-06-12 09:24:00,34.2
2025-06-12 21:51:00,31.4
2025-06-12 06:36:00,19.9
2025-06-12 17:00:00,49.927249175694776
2025-06-12 19:05:00,92.3
2025-06-12 22:27:00,49.927249175694776
2025-06-12 18:35:00,13.2
2025-06-12 13:08:00,72.3
2025-06-12 20:29:00,96.4
2025-06-12 12:31:00,90.6
2025-06-12 11:09:00,93.6
2025-06-12 22:58:00,54.2
2025-06-12 12:23:00,51.4
2025-06-12 23:52:00,20.7
2025-06-12 11:04:00,68.2
2025-06-12 20:17:00,52.0
2025-06-12 09:04:00,55.3
2025-06-12 15:36:00,51.4
2025-06-12 06:58:00,89.1
2025-06-12 16:01:00,93.7
2025-06-12 16:19:00,23.9
2025-06-12 02:42:00,68.4
2025-06-12 18:30:00,76.9
2025-06-12 08:37:00,51.7
2025-06-12 21:54:00,80.3
2025-06-12 11:01:00,49.927249175694776
2025-06-12 06:06:00,96.8
2025-06-12 23:25:00,28.1
2025-06-12 18:09:00,93.3
2025-06-12 12:19:00,82.3
2025-06-12 02:51:00,8.0
2025-06-12 04:47:00,49.927249175694776
2025-06-12 06:50:00,54.3
2025-06-12 03:32:00,22.1
2025-06-12 07:46:00,23.0
2025-06-12 01:36:00,16.5
2025-06-12 15:53:00,26.7
2025-06-12 13:49:00,49.927249175694776
2025-06-12 23:43:00,35.6
2025-06-12 19:44:00,64.5
2025-06-12 23:33:00,86.5
2025-06-12 22:21:00,49.927249175694776
2025-06-12 02:09:00,49.927249175694776
2025-06-12 12:05:00,64.0
2025-06-12 18:49:00,99.8
2025-06-12 17:05:00,40.8
2025-06-12 18:16:00,95.4
2025-06-12 12:47:00,49.927249175694776
2025-06-12 16:47:00,49.4
2025-06-12 20:48:00,44.4
2025-06-12 20:21:00,13.7
2025-06-12 18:43:00,80.2
2025-06-12 19:27:00,78.7
2025-06-12 02:17:00,71.3
2025-06-12 14:29:00,8.3
2025-06-12 17:57:00,92.7
2025-06-12 03:15:00,7.8
2025-06-12 22:48:00,49.927249175694776
2025-06-12 19:51:00,8.2
2025-06-12 09:58:00,34.9
2025-06-12 01:18:00,44.5
2025-06-12 18:06:00,7.7
2025-06-12 14:35:00,49.927249175694776
2025-06-12 09:20:00,12.6
2025-06-12 06:07:00,92.0
2025-06-12 10:12:00,93.5
2025-06-12 23:03:00,81.9
2025-06-12 16:12:00,23.2
2025-06-12 00:14:00,90.9
2025-06-12 18:41:00,49.927249175694776
2025-06-12 03:04:00,79.6
2025-06-12 15:43:00,35.9
2025-06-12 06:09:00,22.7
2025-06-12 11:06:00,47.1
2025-06-12 00:04:00,31.7
2025-06-12 01:42:00,41.3
2025-06-12 20:06:00,39.7
2025-06-12 04:12:00,49.927249175694776
2025-06-12 04:21:00,94.6
2025-06-12 15:32:00,6.7
2025-06-12 05:58:00,40.1
2025-06-12 16:16:00,20.6
2025-06-12 15:40:00,94.0
2025-06-12 04:18:00,41.2
2025-06-12 07:06:00,90.3
2025-06-12 17:37:00,77.5
2025-06-12 01:49:00,66.5
2025-06-12 12:11:00,59.4
2025-06-12 21:17:00,50.4
2025-06-12 11:53:00,66.4
2025-06-12 02:38:00,81.7
2025-06-12 00:26:00,80.8
2025-06-12 02:30:00,49.927249175694776
2025-06-12 03:08:00,49.927249175694776
2025-06-12 07:47:00,43.2
2025-06-12 22:16:00,18.9
2025-06-12 15:27:00,48.8
2025-06-12 07:20:00,97.3
2025-06-12 01:03:00,2.7
2025-06-12 03:17:00,98.5
2025-06-12 21:09:00,27.2
2025-06-12 16:06:00,3.6
2025-06-12 07:08:00,35.0
2025-06-12 08:38:00,67.4
2025-06-12 07:12:00,82.1
2025-06-12 17:42:00,41.9
2025-06-12 14:06:00,49.927249175694776
2025-06-12 03:54:00,34.6
2025-06-12 16:17:00,82.4
2025-06-12 04:29:00,47.6
2025-06-12 17:51:00,0.3
2025-06-12 16:07:00,49.927249175694776
2025-06-12 17:19:00,72.2
2025-06-12 06:26:00,40.7
2025-06-12 20:33:00,8.0
2025-06-12 03:47:00,32.7
2025-06-12 14:54:00,61.0
2025-06-12 16:40:00,49.927249175694776
2025-06-12 11:07:00,78.5
2025-06-12 23:40:00,29.0
2025-06-12 21:49:00,77.5
2025-06-12 01:44:00,38.6
2025-06-12 11:00:00,95.5
2025-06-12 16:02:00,11.0
2025-06-12 09:48:00,49.927249175694776
2025-06-12 13:55:00,43.6
2025-06-12 11:55:00,89.7
2025-06-12 12:52:00,49.927249175694776
2025-06-12 22:41:00,93.3
2025-06-12 10:10:00,46.0
2025-06-12 08:25:00,49.927249175694776
2025-06-12 22:35:00,45.0
2025-06-12 10:34:00,85.7
2025-06-12 02:41:00,78.4
2025-06-12 02:57:00,92.0
2025-06-12 20:04:00,82.7
2025-06-12 11:45:00,55.9
2025-06-12 06:02:00,61.5
2025-06-12 22:01:00,49.927249175694776
2025-06-12 20:13:00,60.0
2025-06-12 22:15:00,64.6
2025-06-12 00:09:00,17.6
2025-06-12 20:39:00,39.5
2025-06-12 02:29:00,53.6
2025-06-12 00:01:00,49.927249175694776
2025-06-12 15:14:00,88.0
2025-06-12 15:00:00,36.2
2025-06-12 20:11:00,98.3
2025-06-12 08:14:00,9.6
2025-06-12 08:20:00,54.6
2025-06-12 18:47:00,37.4
2025-06-12 09:03:00,96.0
2025-06-12 02:13:00,49.927249175694776
2025-06-12 03:29:00,8.0
2025-06-12 07:31:00,36.3
2025-06-12 02:33:00,49.927249175694776
2025-06-12 07:14:00,33.9
2025-06-12 02:24:00,73.2
2025-06-12 10:08:00,62.7
2025-06-12 15:02:00,97.6
2025-06-12 13:58:00,74.0
2025-06-12 16:27:00,73.7
2025-06-12 03:02:00,1.5
2025-06-12 10:21:00,25.4
2025-06-12 22:44:00,43.5
2025-06-12 22:38:00,25.3
2025-06-12 00:37:00,78.4
2025-06-12 17:23:00,45.6
2025-06-12 13:45:00,2.2
2025-06-12 07:32:00,58.0
2025-06-12 20:07:00,28.2
2025-06-12 01:13:00,16.8
2025-06-12 12:34:00,89.3
2025-06-12 03:45:00,49.927249175694776
2025-06-12 15:13:00,49.927249175694776
2025-06-12 20:40:00,6.4
2025-06-12 02:50:00,32.2
2025-06-12 04:55:00,53.9
2025-06-12 06:44:00,16.9
2025-06-12 14:53:00,58.3
2025-06-12 15:44:00,49.927249175694776
2025-06-12 06:15:00,6.6
2025-06-12 01:34:00,40.8
2025-06-12 23:22:00,49.927249175694776
2025-06-12 17:10:00,25.7
2025-06-12 12:42:00,75.8
2025-06-12 11:34:00,97.0
2025-06-12 06:22:00,46.5
2025-06-12 09:33:00,45.9
2025-06-12 09:34:00,48.5
2025-06-12 08:30:00,44.2
2025-06-12 09:30:00,10.0
2025-06-12 05:48:00,37.4
2025-06-12 14:47:00,42.6
2025-06-12 22:10:00,19.7
2025-06-12 17:18:00,84.9
2025-06-12 09:40:00,23.8
2025-06-12 00:32:00,15.1
2025-06-12 23:20:00,66.3
2025-06-12 12:43:00,11.8
2025-06-12 11:47:00,33.1
2025-06-12 19:34:00,22.4
2025-06-12 21:52:00,49.927249175694776
2025-06-12 10:33:00,18.7
2025-06-12 05:34:00,25.6
2025-06-12 11:59:00,3.0
2025-06-12 15:24:00,88.3
2025-06-12 10:07:00,49.8
2025-06-12 06:43:00,12.1
2025-06-12 00:49:00,19.2
2025-06-12 02:00:00,37.0
2025-06-12 09:55:00,20.8
2025-06-12 20:47:00,67.1
2025-06-12 02:55:00,98.5
2025-06-12 10:01:00,73.5
2025-06-12 03:23:00,8.3
2025-06-12 01:54:00,60.7
2025-06-12 17:40:00,32.9
2025-06-12 20:26:00,4.7
2025-06-12 05:17:00,24.6
2025-06-12 06:53:00,94.8
2025-06-12 11:57:00,94.8
2025-06-12 15:38:00,7.9
2025-06-12 08:52:00,81.7
2025-06-12 06:55:00,49.927249175694776
2025-06-12 16:59:00,41.1
2025-06-12 16:44:00,17.9
2025-06-12 00:00:00,0.1
2025-06-12 06:41:00,86.0
2025-06-12 02:26:00,66.2
2025-06-12 05:33:00,73.1
2025-06-12 10:04:00,33.6
2025-06-12 23:19:00,47.0
2025-06-12 08:18:00,52.3
2025-06-12 11:35:00,97.1
2025-06-12 22:50:00,4.0
2025-06-12 14:24:00,2.7
2025-06-12 13:40:00,70.5
2025-06-12 23:11:00,31.8
2025-06-12 05:57:00,63.6
2025-06-12 15:48:00,26.5
2025-06-12 10:59:00,60.3
2025-06-12 00:33:00,55.8
2025-06-12 16:37:00,32.7
2025-06-12 20:50:00,65.0
2025-06-12 15:18:00,49.7
2025-06-12 14:20:00,6.7
2025-06-12 05:18:00,69.0
2025-06-12 17:04:00,19.7
2025-06-12 04:38:00,44.8
2025-06-12 19:55:00,87.6
2025-06-12 03:46:00,30.0
2025-06-12 13:52:00,94.0
2025-06-12 04:30:00,55.3
2025-06-12 00:18:00,73.1
2025-06-12 05:37:00,31.4
2025-06-12 10:44:00,1.3
2025-06-12 09:53:00,49.927249175694776
2025-06-12 03:48:00,49.927249175694776
2025-06-12 04:04:00,15.4
2025-06-12 12:48:00,3.1
2025-06-12 10:15:00,65.7
2025-06-12 16:11:00,16.3
2025-06-12 03:36:00,49.927249175694776
2025-06-12 12:01:00,20.7
2025-06-12 15:50:00,5.7
2025-06-12 17:03:00,22.8
2025-06-12 08:15:00,93.3
2025-06-12 20:23:00,17.2
2025-06-12 07:51:00,2.8
2025-06-12 22:24:00,12.8
2025-06-12 12:45:00,24.0
2025-06-12 18:21:00,9.0
2025-06-12 01:50:00,33.6
2025-06-12 21:10:00,39.9
2025-06-12 22:22:00,49.927249175694776
2025-06-12 08:32:00,54.9
2025-06-12 17:12:00,87.3
2025-06-12 14:14:00,30.9
2025-06-12 09:14:00,33.8
2025-06-12 21:45:00,14.8
2025-06-12 10:53:00,64.4
2025-06-12 12:01:00,49.72265128325876
2025-06-12 21:06:00,49.72265128325876
2025-06-12 22:32:00,84.0
2025-06-12 15:10:00,0.3
2025-06-12 14:41:00,63.2
2025-06-12 20:34:00,94.3
2025-06-12 10:18:00,62.4
2025-06-12 14:27:00,87.7
2025-06-12 10:52:00,25.6
2025-06-12 20:47:00,9.9
2025-06-12 19:24:00,71.4
2025-06-12 17:37:00,39.5
2025-06-12 17:32:00,49.72265128325876
2025-06-12 17:33:00,98.7
2025-06-12 07:47:00,60.3
2025-06-12 01:32:00,6.8
2025-06-12 18:21:00,2.3
2025-06-12 09:39:00,46.7
2025-06-12 05:06:00,80.3
2025-06-12 12:32:00,49.72265128325876
2025-06-12 09:52:00,13.7
2025-06-12 02:44:00,84.1
2025-06-12 00:21:00,64.1
2025-06-12 00:16:00,49.72265128325876
2025-06-12 06:28:00,49.2
2025-06-12 18:17:00,67.6
2025-06-12 08:16:00,38.4
2025-06-12 00:28:00,57.5
2025-06-12 16:49:00,44.6
2025-06-12 18:46:00,94.2
2025-06-12 22:36:00,49.72265128325876
2025-06-12 12:33:00,76.4
2025-06-12 20:55:00,51.6
2025-06-12 23:18:00,90.6
2025-06-12 15:23:00,74.5
2025-06-12 06:41:00,3.5
2025-06-12 18:39:00,72.3
2025-06-12 22:33:00,49.72265128325876
2025-06-12 14:13:00,0.1
2025-06-12 15:37:00,49.72265128325876
2025-06-12 06:05:00,89.5
2025-06-12 01:22:00,58.7
2025-06-12 02:09:00,85.1
2025-06-12 07:55:00,74.8
2025-06-12 07:45:00,92.4
2025-06-12 03:06:00,0.9
2025-06-12 16:31:00,97.3
2025-06-12 13:08:00,86.3
2025-06-12 10:48:00,80.7
2025-06-12 18:38:00,13.3
2025-06-12 00:27:00,49.72265128325876
2025-06-12 20:36:00,39.7
2025-06-12 17:02:00,45.6
2025-06-12 15:47:00,21.4
2025-06-12 23:50:00,69.5
2025-06-12 11:51:00,6.0
2025-06-12 11:04:00,30.0
2025-06-12 02:13:00,69.0
2025-06-12 05:14:00,40.2
2025-06-12 05:04:00,73.6
2025-06-12 10:34:00,90.8
2025-06-12 22:12:00,39.9
2025-06-12 15:57:00,49.72265128325876
2025-06-12 14:55:00,82.5
2025-06-12 16:22:00,20.7
2025-06-12 22:48:00,29.8
2025-06-12 21:31:00,49.72265128325876
2025-06-12 04:04:00,31.6
2025-06-12 01:44:00,0.6
2025-06-12 09:19:00,10.0
2025-06-12 07:53:00,0.3
2025-06-12 09:02:00,62.5
2025-06-12 22:52:00,17.0
2025-06-12 05:34:00,50.2
2025-06-12 03:23:00,4.7
2025-06-12 11:02:00,77.3
2025-06-12 20:56:00,49.72265128325876
2025-06-12 04:23:00,49.72265128325876
2025-06-12 04:10:00,11.4
2025-06-12 04:11:00,85.6
2025-06-12 09:43:00,62.8
2025-06-12 08:44:00,49.72265128325876
2025-06-12 01:51:00,49.72265128325876
2025-06-12 00:45:00,16.7
2025-06-12 01:35:00,15.7
2025-06-12 03:37:00,90.7
2025-06-12 18:58:00,30.7
2025-06-12 11:55:00,28.9
2025-06-12 02:04:00,49.72265128325876
2025-06-12 12:17:00,79.1
2025-06-12 20:16:00,14.7
2025-06-12 10:38:00,45.4
2025-06-12 00:10:00,70.7
2025-06-12 14:49:00,86.5
2025-06-12 05:19:00,65.9
2025-06-12 17:00:00,49.0
2025-06-12 19:09:00,71.0
2025-06-12 13:39:00,62.8
2025-06-12 22:05:00,31.7
2025-06-12 17:30:00,49.72265128325876
2025-06-12 02:22:00,74.5
2025-06-12 01:05:00,85.1
2025-06-12 15:03:00,73.8
2025-06-12 12:58:00,49.72265128325876
2025-06-12 21:02:00,60.0
2025-06-12 14:25:00,0.6
2025-06-12 13:00:00,63.3
2025-06-12 17:17:00,67.9
2025-06-12 01:03:00,42.4
2025-06-12 04:13:00,49.72265128325876
2025-06-12 21:32:00,50.0
2025-06-12 06:24:00,43.0
2025-06-12 08:53:00,27.5
2025-06-12 10:33:00,52.5
2025-06-12 12:38:00,35.2
2025-06-12 02:51:00,22.7
2025-06-12 03:31:00,62.7
2025-06-12 17:58:00,46.9
2025-06-12 15:59:00,29.5
2025-06-12 09:15:00,94.6
2025-06-12 06:31:00,76.3
2025-06-12 11:29:00,71.5
2025-06-12 20:25:00,49.72265128325876
2025-06-12 19:49:00,1.6
2025-06-12 00:06:00,0.1
2025-06-12 15:19:00,93.4
2025-06-12 18:10:00,30.9
2025-06-12 14:42:00,57.1
2025-06-12 17:52:00,69.7
2025-06-12 11:43:00,37.1
2025-06-12 13:40:00,16.8
2025-06-12 08:57:00,49.72265128325876
2025-06-12 19:38:00,32.1
2025-06-12 21:43:00,41.3
2025-06-12 13:31:00,53.3
2025-06-12 05:16:00,68.1
2025-06-12 00:30:00,59.7
2025-06-12 03:18:00,48.2
2025-06-12 13:09:00,76.6
2025-06-12 11:14:00,71.6
2025-06-12 05:15:00,0.9
2025-06-12 23:57:00,38.8
2025-06-12 09:25:00,24.0
2025-06-12 03:08:00,36.6
2025-06-12 00:23:00,63.1
2025-06-12 19:53:00,81.2
2025-06-12 04:02:00,76.3
2025-06-12 02:31:00,47.1
2025-06-12 06:04:00,73.2
2025-06-12 00:38:00,95.4
2025-06-12 10:59:00,85.7
2025-06-12 10:22:00,77.9
2025-06-12 00:55:00,62.9
2025-06-12 06:51:00,99.3
2025-06-12 14:05:00,39.0
2025-06-12 23:20:00,0.7
2025-06-12 05:36:00,5.1
2025-06-12 02:30:00,12.9
2025-06-12 21:53:00,12.1
2025-06-12 23:27:00,85.1
2025-06-12 08:49:00,30.8
2025-06-12 09:41:00,99.5
2025-06-12 16:04:00,22.0
2025-06-12 14:52:00,14.3
2025-06-12 11:18:00,49.1
2025-06-12 05:00:00,61.8
2025-06-12 05:52:00,92.3
2025-06-12 05:44:00,84.6
2025-06-12 10:19:00,89.1
2025-06-12 10:56:00,1.1
2025-06-12 03:11:00,58.6
2025-06-12 01:54:00,48.0
2025-06-12 13:52:00,73.4
2025-06-12 20:03:00,1.1
2025-06-12 16:16:00,49.72265128325876
2025-06-12 10:43:00,10.2
2025-06-12 11:00:00,60.9
2025-06-12 00:32:00,95.9
2025-06-12 14:51:00,56.6
2025-06-12 19:15:00,62.4
2025-06-12 22:11:00,8.1
2025-06-12 17:43:00,66.4
2025-06-12 20:43:00,0.8
2025-06-12 05:27:00,37.1
2025-06-12 18:36:00,25.3
2025-06-12 04:32:00,0.4
2025-06-12 19:06:00,70.5
2025-06-12 17:10:00,43.3
2025-06-12 14:02:00,54.1
2025-06-12 20:14:00,77.0
2025-06-12 11:16:00,49.72265128325876
2025-06-12 15:12:00,47.8
2025-06-12 11:27:00,34.8
2025-06-12 01:41:00,47.7
2025-06-12 23:12:00,20.6
2025-06-12 13:10:00,30.3
2025-06-12 15:40:00,13.2
2025-06-12 13:53:00,85.2
2025-06-12 13:25:00,49.72265128325876
2025-06-12 22:57:00,90.3
2025-06-12 19:35:00,18.7
2025-06-12 01:38:00,25.8
2025-06-12 04:20:00,88.0
2025-06-12 03:30:00,69.6
2025-06-12 06:45:00,61.6
2025-06-12 13:59:00,89.2
2025-06-12 05:50:00,16.9
2025-06-12 08:17:00,27.6
2025-06-12 12:30:00,58.0
2025-06-12 12:07:00,6.3
2025-06-12 17:24:00,49.72265128325876
2025-06-12 08:13:00,49.72265128325876
2025-06-12 18:31:00,27.7
2025-06-12 12:08:00,36.6
2025-06-12 07:05:00,65.3
2025-06-12 16:32:00,68.8
2025-06-12 06:18:00,91.0
2025-06-12 12:27:00,62.4
2025-06-12 00:18:00,63.2
2025-06-12 22:18:00,32.1
2025-06-12 20:24:00,66.4
2025-06-12 17:55:00,83.1
2025-06-12 19:00:00,3.2
2025-06-12 21:13:00,89.2
2025-06-12 01:04:00,31.6
2025-06-12 05:22:00,21.0
2025-06-12 06:46:00,53.8
2025-06-12 19:11:00,72.3
2025-06-12 12:26:00,9.5
2025-06-12 04:19:00,96.7
2025-06-12 20:06:00,63.0
2025-06-12 06:40:00,49.72265128325876
2025-06-12 04:56:00,33.7
2025-06-12 20:50:00,58.0
2025-06-12 16:07:00,15.0
2025-06-12 23:55:00,56.0
2025-06-12 02:43:00,50.9
2025-06-12 12:10:00,49.72265128325876
2025-06-12 21:29:00,25.4
2025-06-12 23:10:00,14.5
2025-06-12 12:04:00,81.0
2025-06-12 10:07:00,25.5
2025-06-12 08:26:00,49.72265128325876
2025-06-12 19:26:00,67.1
2025-06-12 18:35:00,49.72265128325876
2025-06-12 07:32:00,48.5
2025-06-12 18:34:00,10.3
2025-06-12 23:48:00,49.72265128325876
2025-06-12 07:19:00,90.4
2025-06-12 09:03:00,70.9
2025-06-12 23:28:00,95.4
2025-06-12 05:02:00,2.2
2025-06-12 00:34:00,7.5
2025-06-12 23:29:00,57.7
2025-06-12 19:42:00,50.6
2025-06-12 08:51:00,53.1
2025-06-12 12:39:00,10.3
2025-06-12 03:45:00,65.6
2025-06-12 01:23:00,72.5
2025-06-12 04:42:00,47.1
2025-06-12 00:42:00,51.3
2025-06-12 09:17:00,4.3
2025-06-12 16:18:00,49.72265128325876
2025-06-12 11:21:00,49.72265128325876
2025-06-12 03:57:00,96.7
2025-06-12 09:06:00,76.9
2025-06-12 18:50:00,91.9
2025-06-12 01:55:00,80.5
2025-06-12 19:14:00,68.6
2025-06-12 11:25:00,49.2
2025-06-12 03:53:00,24.5
2025-06-12 03:52:00,49.72265128325876
2025-06-12 09:42:00,88.3
2025-06-12 10:45:00,38.0
2025-06-12 06:50:00,37.9
2025-06-12 10:09:00,78.8
2025-06-12 16:29:00,47.8
2025-06-12 23:00:00,49.72265128325876
2025-06-12 15:25:00,49.72265128325876
2025-06-12 09:26:00,96.2
2025-06-12 22:30:00,65.7
2025-06-12 03:26:00,49.72265128325876
2025-06-12 03:09:00,14.4
2025-06-12 12:18:00,49.72265128325876
2025-06-12 00:02:00,70.8
2025-06-12 09:49:00,51.3
2025-06-12 13:54:00,90.7
2025-06-12 18:40:00,26.7
2025-06-12 02:37:00,7.5
2025-06-12 07:12:00,75.3
2025-06-12 16:08:00,21.6
2025-06-12 20:02:00,49.72265128325876
2025-06-12 23:02:00,33.2
2025-06-12 16:58:00,62.0
2025-06-12 20:09:00,98.8
2025-06-12 15:30:00,27.2
2025-06-12 06:09:00,49.72265128325876
2025-06-12 09:20:00,59.0
2025-06-12 18:13:00,17.8
2025-06-12 18:22:00,22.6
2025-06-12 03:43:00,55.5
2025-06-12 03:23:00,96.3
2025-06-12 01:02:00,37.1
2025-06-12 15:05:00,50.25777465777466
2025-06-12 04:40:00,50.25777465777466
2025-06-12 08:07:00,39.7
2025-06-12 00:40:00,4.0
2025-06-12 23:17:00,57.3
2025-06-12 04:07:00,67.2
2025-06-12 12:47:00,80.5
2025-06-12 04:46:00,50.25777465777466
2025-06-12 14:12:00,50.25777465777466
2025-06-12 08:31:00,58.6
2025-06-12 04:12:00,27.8
2025-06-12 05:03:00,10.4
2025-06-12 10:39:00,33.6
2025-06-12 03:13:00,83.6
2025-06-12 19:45:00,45.3
2025-06-12 20:07:00,97.1
2025-06-12 17:42:00,97.8
2025-06-12 17:35:00,77.1
2025-06-12 10:56:00,40.4
2025-06-12 05:37:00,16.5
2025-06-12 14:06:00,3.4
2025-06-12 10:17:00,44.9
2025-06-12 15:04:00,89.3
2025-06-12 23:26:00,51.5
2025-06-12 13:35:00,45.6
2025-06-12 18:51:00,10.3
2025-06-12 19:33:00,53.7
2025-06-12 17:41:00,64.0
2025-06-12 06:35:00,50.25777465777466
2025-06-12 09:38:00,77.3
2025-06-12 13:05:00,37.4
2025-06-12 05:42:00,75.7
2025-06-12 06:09:00,56.1
2025-06-12 14:52:00,90.3
2025-06-12 18:57:00,48.4
2025-06-12 13:21:00,82.8
2025-06-12 23:54:00,73.0
2025-06-12 22:31:00,92.9
2025-06-12 12:44:00,50.25777465777466
2025-06-12 12:33:00,44.8
2025-06-12 20:11:00,13.9
2025-06-12 17:09:00,36.6
2025-06-12 06:12:00,33.9
2025-06-12 08:42:00,50.25777465777466
2025-06-12 05:50:00,64.3
2025-06-12 08:01:00,93.1
2025-06-12 22:26:00,46.7
2025-06-12 02:37:00,54.9
2025-06-12 01:24:00,10.4
2025-06-12 08:15:00,41.6
2025-06-12 18:32:00,50.25777465777466
2025-06-12 17:30:00,29.7
2025-06-12 00:48:00,98.9
2025-06-12 14:40:00,60.6
2025-06-12 07:19:00,66.5
2025-06-12 21:39:00,89.4
2025-06-12 21:20:00,20.4
2025-06-12 09:15:00,50.25777465777466
2025-06-12 08:10:00,50.25777465777466
2025-06-12 22:04:00,18.7
2025-06-12 20:43:00,50.25777465777466
2025-06-12 12:03:00,16.9
2025-06-12 23:03:00,50.25777465777466
2025-06-12 01:31:00,0.7
2025-06-12 15:01:00,30.3
2025-06-12 16:36:00,38.3
2025-06-12 11:14:00,39.7
2025-06-12 13:01:00,44.7
2025-06-12 08:33:00,35.6
2025-06-12 05:52:00,38.0
2025-06-12 00:19:00,50.25777465777466
2025-06-12 02:47:00,77.2
2025-06-12 18:43:00,39.1
2025-06-12 23:48:00,9.1
2025-06-12 12:52:00,44.3
2025-06-12 11:01:00,39.6
2025-06-12 07:11:00,80.6
2025-06-12 18:16:00,50.25777465777466
2025-06-12 18:52:00,50.25777465777466
2025-06-12 01:18:00,9.6
2025-06-12 10:55:00,31.2
2025-06-12 04:04:00,9.8
2025-06-12 13:18:00,50.25777465777466
2025-06-12 06:36:00,15.6
2025-06-12 15:52:00,3.4
2025-06-12 21:19:00,11.5
2025-06-12 20:48:00,45.1
2025-06-12 12:41:00,71.9
2025-06-12 21:42:00,49.3
2025-06-12 15:26:00,93.1
2025-06-12 07:45:00,18.5
2025-06-12 15:09:00,19.9
2025-06-12 18:44:00,19.8
2025-06-12 12:21:00,1.4
2025-06-12 00:15:00,89.0
2025-06-12 12:56:00,50.7
2025-06-12 22:48:00,68.6
2025-06-12 06:50:00,12.2
2025-06-12 11:45:00,51.8
2025-06-12 12:14:00,44.5
2025-06-12 22:32:00,38.5
2025-06-12 15:35:00,29.5
2025-06-12 08:40:00,1.8
2025-06-12 18:17:00,50.25777465777466
2025-06-12 02:31:00,2.1
2025-06-12 18:49:00,19.3
2025-06-12 08:08:00,73.5
2025-06-12 16:39:00,79.3
2025-06-12 09:27:00,62.0
2025-06-12 19:56:00,17.3
2025-06-12 08:13:00,50.25777465777466
2025-06-12 10:33:00,41.8
2025-06-12 17:26:00,23.6
2025-06-12 08:37:00,37.4
2025-06-12 06:21:00,79.6
2025-06-12 09:47:00,97.3
2025-06-12 19:57:00,50.25777465777466
2025-06-12 01:11:00,26.2
2025-06-12 22:03:00,95.1
2025-06-12 04:16:00,98.6
2025-06-12 06:25:00,3.4
2025-06-12 18:53:00,91.1
2025-06-12 21:35:00,28.3
2025-06-12 04:10:00,15.3
2025-06-12 21:53:00,75.7
2025-06-12 15:15:00,1.1
2025-06-12 11:13:00,59.5
2025-06-12 04:14:00,3.2
2025-06-12 06:06:00,3.5
2025-06-12 11:06:00,52.8
2025-06-12 06:41:00,69.2
2025-06-12 21:10:00,58.3
2025-06-12 03:24:00,70.7
2025-06-12 16:41:00,0.7
2025-06-12 18:37:00,4.4
2025-06-12 07:24:00,20.1
2025-06-12 18:36:00,29.0
2025-06-12 17:37:00,0.1
2025-06-12 15:14:00,86.8
2025-06-12 12:19:00,10.8
2025-06-12 18:15:00,50.25777465777466
2025-06-12 04:20:00,97.2
2025-06-12 01:47:00,14.8
2025-06-12 15:37:00,84.5
2025-06-12 12:30:00,44.4
2025-06-12 06:37:00,37.2
2025-06-12 17:11:00,29.5
2025-06-12 02:50:00,48.1
2025-06-12 07:14:00,60.7
2025-06-12 16:58:00,50.25777465777466
2025-06-12 11:17:00,53.2
2025-06-12 03:37:00,50.25777465777466
2025-06-12 23:08:00,35.9
2025-06-12 04:48:00,41.5
2025-06-12 09:37:00,72.4
2025-06-12 10:42:00,15.3
2025-06-12 15:13:00,60.7
2025-06-12 06:42:00,28.5
2025-06-12 02:48:00,74.3
2025-06-12 04:27:00,18.1
2025-06-12 06:57:00,41.4
2025-06-12 04:28:00,9.2
2025-06-12 10:52:00,42.7
2025-06-12 01:17:00,47.5
2025-06-12 07:02:00,23.4
2025-06-12 22:53:00,16.3
2025-06-12 06:02:00,42.3
2025-06-12 18:09:00,46.7
2025-06-12 21:00:00,92.8
2025-06-12 08:44:00,74.0
2025-06-12 16:53:00,86.7
2025-06-12 19:44:00,68.5
2025-06-12 05:24:00,86.2
2025-06-12 04:33:00,73.5
2025-06-12 19:48:00,50.3
2025-06-12 16:48:00,82.1
2025-06-12 16:23:00,30.2
2025-06-12 00:56:00,50.25777465777466
2025-06-12 06:18:00,38.4
2025-06-12 07:04:00,43.5
2025-06-12 08:14:00,1.0
2025-06-12 01:28:00,77.8
2025-06-12 14:00:00,82.4
2025-06-12 02:08:00,80.3
2025-06-12 08:36:00,25.6
2025-06-12 01:20:00,0.5
2025-06-12 06:55:00,51.4
2025-06-12 12:35:00,27.6
2025-06-12 05:23:00,48.5
2025-06-12 12:48:00,66.1
2025-06-12 01:09:00,50.25777465777466
2025-06-12 09:06:00,84.7
2025-06-12 17:44:00,50.25777465777466
2025-06-12 14:16:00,73.6
2025-06-12 08:47:00,48.4
2025-06-12 00:29:00,52.4
2025-06-12 20:36:00,10.8
2025-06-12 06:00:00,43.8
2025-06-12 06:40:00,50.25777465777466
2025-06-12 15:00:00,29.7
2025-06-12 18:54:00,10.9
2025-06-12 04:44:00,33.7
2025-06-12 05:04:00,99.0
2025-06-12 08:32:00,33.0
2025-06-12 06:32:00,50.25777465777466
2025-06-12 19:02:00,50.25777465777466
2025-06-12 20:25:00,35.8
2025-06-12 15:08:00,24.1
2025-06-12 11:34:00,50.25777465777466
2025-06-12 04:11:00,50.25777465777466
2025-06-12 02:03:00,27.6
2025-06-12 14:49:00,23.5
2025-06-12 19:31:00,35.1
2025-06-12 20:40:00,4.8
2025-06-12 09:21:00,71.0
2025-06-12 20:16:00,99.2
2025-06-12 19:27:00,50.25777465777466
2025-06-12 00:35:00,83.0
2025-06-12 05:30:00,58.7
2025-06-12 21:07:00,50.25777465777466
2025-06-12 10:30:00,62.5
2025-06-12 15:55:00,58.4
2025-06-12 23:19:00,53.1
2025-06-12 17:31:00,50.25777465777466
2025-06-12 19:28:00,2.8
2025-06-12 10:40:00,21.1
2025-06-12 20:09:00,50.25777465777466
2025-06-12 02:59:00,45.8
2025-06-12 19:36:00,72.1
2025-06-12 16:02:00,50.25777465777466
2025-06-12 09:28:00,34.9
2025-06-12 19:06:00,72.4
2025-06-12 23:05:00,39.3
2025-06-12 13:40:00,3.2
2025-06-12 18:50:00,75.6
2025-06-12 21:52:00,77.7
2025-06-12 12:25:00,50.25777465777466
2025-06-12 23:00:00,6.6
2025-06-12 06:33:00,83.7
2025-06-12 05:56:00,21.0
2025-06-12 18:11:00,43.3
2025-06-12 06:38:00,50.25777465777466
2025-06-12 15:46:00,11.3
2025-06-12 22:22:00,50.25777465777466
2025-06-12 09:45:00,6.2
2025-06-12 13:32:00,32.0
2025-06-12 04:36:00,62.2
2025-06-12 23:16:00,70.4
2025-06-12 06:08:00,50.25777465777466
2025-06-12 06:29:00,81.7
2025-06-12 17:57:00,93.1
2025-06-12 05:17:00,34.6
2025-06-12 22:19:00,50.25777465777466
2025-06-12 08:20:00,50.25777465777466
2025-06-12 19:32:00,62.3
2025-06-12 09:29:00,49.7
2025-06-12 23:23:00,2.1
2025-06-12 14:08:00,22.7
2025-06-12 11:42:00,92.9
2025-06-12 23:01:00,24.6
2025-06-12 00:43:00,49.4
2025-06-12 01:56:00,79.8
2025-06-12 09:07:00,98.0
2025-06-12 09:11:00,62.2
2025-06-12 18:03:00,16.1
2025-06-12 21:26:00,70.2
2025-06-12 20:46:00,28.3
2025-06-12 02:25:00,69.8
2025-06-12 07:54:00,25.3
2025-06-12 19:13:00,34.8
2025-06-12 02:27:00,2.3
2025-06-12 07:59:00,96.2
2025-06-12 03:41:00,72.6
2025-06-12 17:36:00,74.5
2025-06-12 04:35:00,23.9
2025-06-12 14:46:00,40.9
2025-06-12 08:11:00,28.2
2025-06-12 15:06:00,69.4
2025-06-12 05:25:00,50.25777465777466
2025-06-12 21:05:00,29.3
2025-06-12 17:22:00,50.25777465777466
2025-06-12 05:55:00,67.4
2025-06-12 12:08:00,71.9
2025-06-12 20:19:00,15.0
2025-06-12 23:28:00,76.3
2025-06-12 08:29:00,83.8
2025-06-12 01:19:00,58.0
2025-06-12 03:10:00,28.2
2025-06-12 01:21:00,50.25777465777466
2025-06-12 03:28:00,20.3
2025-06-12 10:35:00,36.3
2025-06-12 13:45:00,80.2
2025-06-12 10:11:00,65.5
2025-06-12 01:43:00,84.5
2025-06-12 10:38:00,9.0
2025-06-12 04:03:00,8.2
2025-06-12 16:54:00,86.3
2025-06-12 01:36:00,34.7
2025-06-12 15:22:00,50.5
2025-06-12 03:59:00,59.3
2025-06-12 11:26:00,77.6
2025-06-12 16:55:00,55.7
2025-06-12 04:23:00,78.1
2025-06-12 16:04:00,68.1
2025-06-12 21:56:00,7.1
2025-06-12 03:21:00,72.5
2025-06-12 05:45:00,50.25777465777466
2025-06-12 19:15:00,52.1
2025-06-12 03:34:00,50.25777465777466
2025-06-12 22:25:00,5.9
2025-06-12 01:57:00,35.9
2025-06-12 12:55:00,31.3
2025-06-12 15:03:00,74.5
2025-06-12 12:45:00,50.25777465777466
2025-06-12 07:20:00,69.7
2025-06-12 16:33:00,49.9464552238806
2025-06-12 11:17:00,73.9
2025-06-12 01:59:00,49.5
2025-06-12 23:17:00,34.4
2025-06-12 12:16:00,50.9
2025-06-12 13:14:00,75.1
2025-06-12 08:00:00,49.9464552238806
2025-06-12 02:24:00,25.0
2025-06-12 09:38:00,87.7
2025-06-12 07:22:00,30.6
2025-06-12 14:11:00,49.9464552238806
2025-06-12 01:31:00,54.7
2025-06-12 06:45:00,49.9464552238806
2025-06-12 17:12:00,14.9
2025-06-12 12:04:00,27.6
2025-06-12 16:35:00,14.2
2025-06-12 15:44:00,63.5
2025-06-12 15:18:00,57.6
2025-06-12 10:07:00,96.3
2025-06-12 23:10:00,49.9464552238806
2025-06-12 03:13:00,18.4
2025-06-12 06:20:00,63.9
2025-06-12 07:58:00,55.6
2025-06-12 12:21:00,28.5
2025-06-12 21:51:00,49.9464552238806
2025-06-12 07:04:00,20.2
2025-06-12 22:28:00,49.9464552238806
2025-06-12 06:13:00,66.3
2025-06-12 00:44:00,49.9464552238806
2025-06-12 17:43:00,5.6
2025-06-12 13:53:00,78.1
2025-06-12 19:14:00,92.1
2025-06-12 06:31:00,49.9464552238806
2025-06-12 15:15:00,10.7
2025-06-12 07:34:00,25.6
2025-06-12 17:23:00,60.6
2025-06-12 02:38:00,11.1
2025-06-12 07:50:00,9.0
2025-06-12 09:25:00,37.8
2025-06-12 00:35:00,63.2
2025-06-12 00:03:00,47.6
2025-06-12 13:38:00,11.2
2025-06-12 23:28:00,79.7
2025-06-12 09:06:00,38.3
2025-06-12 08:37:00,33.7
2025-06-12 01:56:00,25.9
2025-06-12 16:55:00,49.9464552238806
2025-06-12 04:12:00,82.7
2025-06-12 09:07:00,62.1
2025-06-12 10:48:00,8.9
2025-06-12 13:34:00,62.1
2025-06-12 16:52:00,29.3
2025-06-12 06:54:00,62.0
2025-06-12 05:37:00,45.3
2025-06-12 13:45:00,24.3
2025-06-12 17:25:00,11.1
2025-06-12 07:55:00,38.3
2025-06-12 22:58:00,49.2
2025-06-12 08:53:00,7.0
2025-06-12 15:40:00,72.5
2025-06-12 16:01:00,81.5
2025-06-12 00:37:00,56.2
2025-06-12 04:58:00,53.1
2025-06-12 04:26:00,57.1
2025-06-12 10:53:00,23.4
2025-06-12 19:22:00,49.9464552238806
2025-06-12 10:55:00,23.8
2025-06-12 09:09:00,100.0
2025-06-12 09:35:00,73.0
2025-06-12 22:44:00,11.7
2025-06-12 10:52:00,24.2
2025-06-12 01:44:00,82.0
2025-06-12 23:07:00,68.4
2025-06-12 11:24:00,92.4
2025-06-12 19:37:00,49.9464552238806
2025-06-12 20:41:00,33.2
2025-06-12 22:34:00,26.5
2025-06-12 09:52:00,58.2
2025-06-12 10:02:00,10.6
2025-06-12 04:54:00,73.5
2025-06-12 10:01:00,73.3
2025-06-12 16:32:00,91.1
2025-06-12 23:45:00,19.0
2025-06-12 00:48:00,49.9464552238806
2025-06-12 15:10:00,1.9
2025-06-12 22:48:00,49.9464552238806
2025-06-12 11:32:00,49.9464552238806
2025-06-12 15:17:00,19.9
2025-06-12 16:40:00,80.6
2025-06-12 16:27:00,27.6
2025-06-12 10:10:00,3.6
2025-06-12 19:59:00,17.4
2025-06-12 04:34:00,89.6
2025-06-12 08:49:00,40.8
2025-06-12 15:28:00,48.8
2025-06-12 15:07:00,36.8
2025-06-12 03:00:00,36.1
2025-06-12 02:23:00,20.0
2025-06-12 12:30:00,5.1
2025-06-12 22:00:00,64.4
2025-06-12 05:11:00,19.2
2025-06-12 12:46:00,84.6
2025-06-12 12:01:00,61.2
2025-06-12 23:39:00,38.5
2025-06-12 23:37:00,49.9464552238806
2025-06-12 18:46:00,49.9464552238806
2025-06-12 17:47:00,49.9464552238806
2025-06-12 01:39:00,30.4
2025-06-12 06:51:00,49.9464552238806
2025-06-12 06:09:00,12.6
2025-06-12 05:27:00,92.5
2025-06-12 16:38:00,95.6
2025-06-12 07:54:00,61.9
2025-06-12 10:27:00,2.2
2025-06-12 18:34:00,70.3
2025-06-12 13:17:00,6.6
2025-06-12 06:03:00,17.2
2025-06-12 07:41:00,64.2
2025-06-12 07:42:00,44.5
2025-06-12 00:08:00,85.2
2025-06-12 08:29:00,100.0
2025-06-12 23:54:00,66.3
2025-06-12 06:01:00,37.1
2025-06-12 09:54:00,51.6
2025-06-12 06:58:00,91.7
2025-06-12 00:18:00,49.9464552238806
2025-06-12 17:22:00,93.6
2025-06-12 13:11:00,17.4
2025-06-12 09:30:00,49.9464552238806
2025-06-12 04:56:00,82.1
2025-06-12 14:20:00,46.2
2025-06-12 12:26:00,49.9464552238806
2025-06-12 07:02:00,37.3
2025-06-12 18:41:00,49.9464552238806
2025-06-12 16:15:00,49.9464552238806
2025-06-12 01:45:00,49.9464552238806
2025-06-12 17:58:00,17.0
2025-06-12 06:33:00,73.3
2025-06-12 13:57:00,33.0
2025-06-12 01:50:00,60.7
2025-06-12 03:30:00,65.7
2025-06-12 02:48:00,49.9464552238806
2025-06-12 03:25:00,22.4
2025-06-12 14:17:00,32.0
2025-06-12 01:09:00,74.8
2025-06-12 05:21:00,64.9
2025-06-12 14:37:00,49.9464552238806
2025-06-12 18:54:00,49.9464552238806
2025-06-12 18:51:00,74.4
2025-06-12 13:35:00,47.8
2025-06-12 06:29:00,26.3
2025-06-12 19:42:00,90.5
2025-06-12 07:11:00,44.0
2025-06-12 02:09:00,71.0
2025-06-12 00:14:00,12.2
2025-06-12 02:46:00,55.1
2025-06-12 15:53:00,96.3
2025-06-12 17:49:00,8.2
2025-06-12 18:40:00,49.9464552238806
2025-06-12 21:00:00,12.5
2025-06-12 16:20:00,43.6
2025-06-12 13:27:00,27.1
2025-06-12 14:49:00,85.3
2025-06-12 01:07:00,46.2
2025-06-12 23:08:00,68.8
2025-06-12 20:18:00,74.9
2025-06-12 14:42:00,49.9464552238806
2025-06-12 09:39:00,75.2
2025-06-12 19:49:00,49.9464552238806
2025-06-12 09:23:00,42.8
2025-06-12 06:21:00,84.3
2025-06-12 08:35:00,46.7
2025-06-12 16:14:00,91.9
2025-06-12 01:01:00,15.6
2025-06-12 16:57:00,49.9464552238806
2025-06-12 13:22:00,41.6
2025-06-12 06:47:00,54.1
2025-06-12 20:20:00,18.6
2025-06-12 17:11:00,37.2
2025-06-12 01:24:00,1.8
2025-06-12 08:27:00,89.5
2025-06-12 14:52:00,49.9464552238806
2025-06-12 05:43:00,49.9464552238806
2025-06-12 23:51:00,99.6
2025-06-12 12:35:00,49.9464552238806
2025-06-12 06:53:00,68.6
2025-06-12 01:53:00,89.2
2025-06-12 06:10:00,52.7
2025-06-12 15:54:00,84.9
2025-06-12 00:56:00,50.7
2025-06-12 11:39:00,23.1
2025-06-12 00:34:00,49.9464552238806
2025-06-12 01:06:00,40.7
2025-06-12 21:33:00,24.0
2025-06-12 22:50:00,36.7
2025-06-12 21:46:00,12.3
2025-06-12 04:53:00,98.6
2025-06-12 10:46:00,94.3
2025-06-12 13:18:00,83.2
2025-06-12 17:18:00,55.2
2025-06-12 09:49:00,49.9464552238806
2025-06-12 03:21:00,92.8
2025-06-12 21:03:00,55.4
2025-06-12 19:17:00,76.7
2025-06-12 11:13:00,33.4
2025-06-12 07:37:00,96.3
2025-06-12 17:26:00,49.9464552238806
2025-06-12 23:02:00,12.0
2025-06-12 05:33:00,65.4
2025-06-12 12:36:00,74.8
2025-06-12 22:20:00,21.2
2025-06-12 03:38:00,43.3
2025-06-12 10:21:00,0.2
2025-06-12 22:46:00,49.9464552238806
2025-06-12 16:44:00,37.8
2025-06-12 14:16:00,50.9
2025-06-12 20:09:00,82.1
2025-06-12 20:19:00,49.9464552238806
2025-06-12 14:48:00,68.2
2025-06-12 09:34:00,39.6
2025-06-12 05:15:00,34.9
2025-06-12 13:01:00,64.8
2025-06-12 22:21:00,51.3
2025-06-12 17:57:00,0.9
2025-06-12 16:51:00,54.8
2025-06-12 21:47:00,56.0
2025-06-12 06:19:00,49.9464552238806
2025-06-12 09:44:00,76.8
2025-06-12 19:11:00,16.4
2025-06-12 10:39:00,11.3
2025-06-12 05:24:00,45.5
2025-06-12 13:43:00,22.2
2025-06-12 03:04:00,89.0
2025-06-12 22:41:00,4.4
2025-06-12 08:46:00,19.2
2025-06-12 05:20:00,2.6
2025-06-12 18:29:00,49.9464552238806
2025-06-12 12:38:00,19.7
2025-06-12 07:17:00,49.9464552238806
2025-06-12 15:12:00,2.1
2025-06-12 07:26:00,72.4
2025-06-12 09:31:00,11.9
2025-06-12 06:23:00,91.3
2025-06-12 15:16:00,70.5
2025-06-12 15:22:00,8.3
2025-06-12 08:41:00,18.1
2025-06-12 00:00:00,94.5
2025-06-12 02:37:00,49.1
2025-06-12 06:17:00,96.1
2025-06-12 03:24:00,13.1
2025-06-12 05:55:00,47.2
2025-06-12 17:29:00,94.8
2025-06-12 13:50:00,6.6
2025-06-12 07:23:00,68.3
2025-06-12 09:42:00,49.9464552238806
2025-06-12 14:26:00,17.7
2025-06-12 18:56:00,49.9464552238806
2025-06-12 04:32:00,49.9464552238806
2025-06-12 11:05:00,88.1
2025-06-12 19:30:00,2.0
2025-06-12 20:39:00,49.9464552238806
2025-06-12 17:03:00,36.3
2025-06-12 15:09:00,34.5
2025-06-12 19:29:00,46.2
2025-06-12 16:46:00,35.6
2025-06-12 02:21:00,49.9464552238806
2025-06-12 22:32:00,49.9464552238806
2025-06-12 05:02:00,11.2
2025-06-12 06:32:00,45.8
2025-06-12 16:31:00,78.2
2025-06-12 14:41:00,45.6
2025-06-12 19:53:00,49.9464552238806
2025-06-12 03:22:00,30.5
2025-06-12 06:40:00,19.3
2025-06-12 05:51:00,89.5
2025-06-12 18:25:00,49.9464552238806
2025-06-12 13:36:00,22.1
2025-06-12 01:47:00,67.1
2025-06-12 15:31:00,5.3
2025-06-12 10:44:00,25.7
2025-06-12 03:03:00,30.7
2025-06-12 07:09:00,52.7
2025-06-12 02:51:00,27.4
2025-06-12 17:40:00,8.3
2025-06-12 03:43:00,39.3
2025-06-12 02:42:00,68.9
2025-06-12 15:47:00,99.1
2025-06-12 21:38:00,57.6
2025-06-12 17:17:00,85.6
2025-06-12 18:44:00,55.3
2025-06-12 15:41:00,49.9464552238806
2025-06-12 17:48:00,11.4
2025-06-12 15:21:00,49.9464552238806
2025-06-12 17:04:00,78.2
2025-06-12 07:39:00,99.0
2025-06-12 02:59:00,1.5
2025-06-12 15:30:00,49.9464552238806
2025-06-12 14:21:00,15.7
2025-06-12 23:11:00,57.4
2025-06-12 16:42:00,98.2
2025-06-12 22:05:00,49.742524640779
2025-06-12 21:26:00,96.1
2025-06-12 11:03:00,64.5
2025-06-12 16:48:00,66.8
2025-06-12 16:47:00,11.5
2025-06-12 03:35:00,49.742524640779
2025-06-12 23:37:00,12.5
2025-06-12 16:50:00,32.2
2025-06-12 11:27:00,21.7
2025-06-12 23:49:00,78.2
2025-06-12 02:53:00,40.1
2025-06-12 01:43:00,61.7
2025-06-12 07:47:00,70.7
2025-06-12 10:10:00,83.4
2025-06-12 03:26:00,10.0
2025-06-12 00:48:00,28.0
2025-06-12 02:12:00,24.4
2025-06-12 13:15:00,21.3
2025-06-12 09:07:00,49.742524640779
2025-06-12 01:09:00,49.742524640779
2025-06-12 13:28:00,68.2
2025-06-12 07:14:00,49.742524640779
2025-06-12 22:57:00,19.2
2025-06-12 14:32:00,70.4
2025-06-12 17:03:00,2.4
2025-06-12 13:44:00,26.9
2025-06-12 20:09:00,66.0
2025-06-12 09:27:00,42.6
2025-06-12 00:09:00,13.3
2025-06-12 08:10:00,81.9
2025-06-12 18:05:00,58.2
2025-06-12 18:38:00,14.3
2025-06-12 06:47:00,30.9
2025-06-12 13:57:00,86.2
2025-06-12 06:34:00,99.0
2025-06-12 21:58:00,84.8
2025-06-12 20:06:00,46.5
2025-06-12 00:04:00,35.3
2025-06-12 21:06:00,50.9
2025-06-12 12:55:00,49.2
2025-06-12 10:32:00,42.8
2025-06-12 13:47:00,65.5
2025-06-12 07:29:00,32.3
2025-06-12 18:51:00,50.7
2025-06-12 19:35:00,4.6
2025-06-12 10:11:00,54.0
2025-06-12 07:35:00,49.742524640779
2025-06-12 12:05:00,30.9
2025-06-12 13:21:00,49.742524640779
2025-06-12 05:08:00,12.2
2025-06-12 08:12:00,43.9
2025-06-12 02:00:00,12.2
2025-06-12 17:46:00,49.742524640779
2025-06-12 15:04:00,53.9
2025-06-12 10:21:00,92.8
2025-06-12 21:45:00,56.9
2025-06-12 16:39:00,0.7
2025-06-12 08:42:00,11.1
2025-06-12 00:44:00,22.5
2025-06-12 06:51:00,96.2
2025-06-12 16:43:00,33.3
2025-06-12 21:57:00,28.9
2025-06-12 08:19:00,49.742524640779
2025-06-12 04:23:00,99.9
2025-06-12 15:17:00,49.742524640779
2025-06-12 02:31:00,1.1
2025-06-12 20:16:00,8.2
2025-06-12 22:15:00,49.742524640779
2025-06-12 22:32:00,46.2
2025-06-12 13:01:00,53.4
2025-06-12 19:59:00,38.9
2025-06-12 09:35:00,74.5
2025-06-12 13:27:00,85.1
2025-06-12 10:29:00,42.4
2025-06-12 23:06:00,46.7
2025-06-12 23:08:00,15.4
2025-06-12 04:51:00,46.6
2025-06-12 22:35:00,49.742524640779
2025-06-12 16:05:00,6.8
2025-06-12 21:01:00,24.4
2025-06-12 01:30:00,50.1
2025-06-12 18:19:00,9.6
2025-06-12 03:41:00,67.7
2025-06-12 02:18:00,92.9
2025-06-12 05:32:00,24.0
2025-06-12 10:47:00,70.7
2025-06-12 10:41:00,28.0
2025-06-12 21:51:00,7.6
2025-06-12 09:09:00,31.9
2025-06-12 13:07:00,49.742524640779
2025-06-12 10:39:00,48.4
2025-06-12 10:53:00,39.0
2025-06-12 00:37:00,17.8
2025-06-12 07:27:00,49.742524640779
2025-06-12 17:24:00,61.6
2025-06-12 17:06:00,35.1
2025-06-12 07:11:00,92.2
2025-06-12 10:07:00,96.0
2025-06-12 19:44:00,78.4
2025-06-12 04:05:00,90.3
2025-06-12 13:17:00,88.6
2025-06-12 14:55:00,69.9
2025-06-12 17:57:00,17.7
2025-06-12 23:53:00,42.6
2025-06-12 17:13:00,60.2
2025-06-12 21:38:00,16.8
2025-06-12 03:05:00,26.6
2025-06-12 09:46:00,25.0
2025-06-12 13:23:00,40.1
2025-06-12 19:04:00,67.9
2025-06-12 12:53:00,2.8
2025-06-12 17:59:00,71.1
2025-06-12 22:33:00,20.8
2025-06-12 21:03:00,45.7
2025-06-12 02:08:00,49.742524640779
2025-06-12 11:59:00,10.5
2025-06-12 03:22:00,82.6
2025-06-12 19:52:00,38.1
2025-06-12 22:09:00,48.4
2025-06-12 14:03:00,87.8
2025-06-12 21:12:00,88.6
2025-06-12 11:36:00,2.4
2025-06-12 20:48:00,49.742524640779
2025-06-12 10:00:00,69.4
2025-06-12 16:21:00,66.7
2025-06-12 07:18:00,25.8
2025-06-12 16:37:00,53.0
2025-06-12 09:40:00,32.3
2025-06-12 19:46:00,49.742524640779
2025-06-12 13:18:00,54.2
2025-06-12 06:06:00,39.6
2025-06-12 15:21:00,80.4
2025-06-12 22:54:00,12.7
2025-06-12 05:27:00,7.8
2025-06-12 17:25:00,32.4
2025-06-12 03:24:00,46.1
2025-06-12 09:41:00,49.742524640779
2025-06-12 08:55:00,7.1
2025-06-12 15:33:00,5.5
2025-06-12 21:08:00,71.5
2025-06-12 06:07:00,6.4
2025-06-12 02:09:00,34.1
2025-06-12 12:11:00,55.6
2025-06-12 11:54:00,57.7
2025-06-12 17:35:00,48.0
2025-06-12 05:09:00,49.742524640779
2025-06-12 01:46:00,39.8
2025-06-12 18:22:00,95.2
2025-06-12 02:25:00,87.4
2025-06-12 03:47:00,68.1
2025-06-12 15:11:00,86.9
2025-06-12 08:39:00,50.8
2025-06-12 19:05:00,38.5
2025-06-12 14:48:00,85.0
2025-06-12 04:18:00,54.2
2025-06-12 04:35:00,20.0
2025-06-12 04:29:00,73.5
2025-06-12 11:42:00,19.0
2025-06-12 06:09:00,0.2
2025-06-12 07:37:00,27.2
2025-06-12 16:10:00,13.0
2025-06-12 13:08:00,76.0
2025-06-12 19:20:00,79.2
2025-06-12 08:54:00,82.1
2025-06-12 09:42:00,71.3
2025-06-12 20:29:00,12.3
2025-06-12 18:03:00,85.0
2025-06-12 08:18:00,14.8
2025-06-12 20:22:00,49.5
2025-06-12 05:53:00,31.3
2025-06-12 05:33:00,87.3
2025-06-12 23:33:00,53.0
2025-06-12 01:10:00,35.9
2025-06-12 14:21:00,78.9
2025-06-12 19:34:00,39.5
2025-06-12 03:44:00,21.3
2025-06-12 14:36:00,81.3
2025-06-12 12:35:00,57.0
2025-06-12 07:57:00,0.7
2025-06-12 13:46:00,49.742524640779
2025-06-12 13:39:00,52.1
2025-06-12 21:10:00,20.8
2025-06-12 10:23:00,61.7
2025-06-12 06:05:00,22.9
2025-06-12 18:01:00,49.742524640779
2025-06-12 13:04:00,29.1
2025-06-12 01:52:00,91.7
2025-06-12 21:43:00,35.6
2025-06-12 07:06:00,46.1
2025-06-12 10:03:00,49.742524640779
2025-06-12 09:44:00,70.5
2025-06-12 06:13:00,98.3
2025-06-12 11:40:00,13.3
2025-06-12 03:21:00,4.1
2025-06-12 20:27:00,69.0
2025-06-12 23:38:00,70.6
2025-06-12 05:56:00,49.742524640779
2025-06-12 17:00:00,99.3
2025-06-12 23:36:00,93.1
2025-06-12 07:08:00,95.6
2025-06-12 22:23:00,49.742524640779
2025-06-12 23:47:00,49.742524640779
2025-06-12 09:38:00,31.0
2025-06-12 19:19:00,49.742524640779
2025-06-12 03:53:00,45.5
2025-06-12 05:02:00,61.4
2025-06-12 22:18:00,32.1
2025-06-12 11:51:00,36.0
2025-06-12 08:27:00,44.4
2025-06-12 22:21:00,89.5
2025-06-12 03:33:00,89.5
2025-06-12 11:49:00,1.7
2025-06-12 20:51:00,75.3
2025-06-12 05:28:00,3.1
2025-06-12 16:34:00,25.2
2025-06-12 02:46:00,52.8
2025-06-12 23:01:00,49.742524640779
2025-06-12 05:04:00,42.0
2025-06-12 01:34:00,62.3
2025-06-12 14:39:00,69.2
2025-06-12 04:54:00,36.3
2025-06-12 13:38:00,47.4
2025-06-12 01:02:00,49.742524640779
2025-06-12 18:46:00,23.4
2025-06-12 16:35:00,59.1
2025-06-12 21:52:00,40.1
2025-06-12 22:37:00,49.742524640779
2025-06-12 19:36:00,1.1
2025-06-12 15:53:00,96.6
2025-06-12 08:46:00,56.4
2025-06-12 06:45:00,68.2
2025-06-12 00:41:00,53.9
2025-06-12 13:33:00,49.742524640779
2025-06-12 04:42:00,49.742524640779
2025-06-12 03:58:00,3.3
2025-06-12 19:40:00,1.0
2025-06-12 17:55:00,17.3
2025-06-12 23:25:00,49.742524640779
2025-06-12 08:11:00,57.3
2025-06-12 21:20:00,49.742524640779
2025-06-12 17:22:00,92.3
2025-06-12 22:14:00,5.0
2025-06-12 18:00:00,71.6
2025-06-12 15:29:00,29.4
2025-06-12 22:46:00,62.5
2025-06-12 15:35:00,8.8
2025-06-12 06:32:00,56.0
2025-06-12 14:12:00,90.0
2025-06-12 02:44:00,52.8
2025-06-12 16:36:00,37.9
2025-06-12 03:37:00,6.6
2025-06-12 09:47:00,48.0
2025-06-12 12:06:00,85.5
2025-06-12 08:41:00,30.3
2025-06-12 19:31:00,26.4
2025-06-12 18:12:00,49.742524640779
2025-06-12 05:43:00,49.742524640779
2025-06-12 17:49:00,49.0
2025-06-12 13:50:00,49.742524640779
2025-06-12 16:06:00,46.9
2025-06-12 21:04:00,67.9
2025-06-12 13:16:00,20.0
2025-06-12 17:27:00,53.0
2025-06-12 00:12:00,98.2
2025-06-12 13:22:00,71.7
2025-06-12 20:49:00,38.7
2025-06-12 15:31:00,70.0
2025-06-12 01:26:00,22.7
2025-06-12 06:40:00,61.1
2025-06-12 07:43:00,83.8
2025-06-12 08:56:00,41.0
2025-06-12 12:57:00,65.4
2025-06-12 20:08:00,76.2
2025-06-12 07:23:00,49.742524640779
2025-06-12 08:23:00,72.4
2025-06-12 03:14:00,24.5
2025-06-12 04:43:00,49.742524640779
2025-06-12 16:13:00,62.1
2025-06-12 01:22:00,88.6
2025-06-12 01:59:00,49.742524640779
2025-06-12 23:13:00,15.6
2025-06-12 20:31:00,11.9
2025-06-12 15:23:00,10.4
2025-06-12 02:58:00,7.6
2025-06-12 13:55:00,40.2
2025-06-12 11:34:00,49.742524640779
2025-06-12 05:57:00,68.9
2025-06-12 22:24:00,93.2
2025-06-12 02:39:00,60.7
2025-06-12 03:59:00,6.5
2025-06-12 12:12:00,74.4
2025-06-12 09:00:00,50.1
2025-06-12 19:00:00,49.742524640779
2025-06-12 18:17:00,7.2
2025-06-12 16:52:00,6.7
2025-06-12 00:19:00,96.6
2025-06-12 17:52:00,64.7
2025-06-12 01:28:00,97.8
2025-06-12 17:42:00,0.0
2025-06-12 19:57:00,13.2
2025-06-12 18:48:00,95.7
2025-06-12 18:20:00,50.09606761356967
2025-06-12 09:31:00,5.9
2025-06-12 11:35:00,50.09606761356967
2025-06-12 06:50:00,44.9
2025-06-12 15:28:00,77.9
2025-06-12 03:12:00,50.09606761356967
2025-06-12 09:00:00,47.7
2025-06-12 05:31:00,42.1
2025-06-12 20:11:00,21.5
2025-06-12 03:21:00,75.7
2025-06-12 06:02:00,1.8
2025-06-12 11:11:00,70.0
2025-06-12 08:41:00,70.6
2025-06-12 23:17:00,45.2
2025-06-12 21:38:00,19.9
2025-06-12 13:09:00,50.09606761356967
2025-06-12 12:36:00,50.09606761356967
2025-06-12 16:09:00,84.1
2025-06-12 12:29:00,17.0
2025-06-12 13:32:00,53.3
2025-06-12 08:08:00,59.5
2025-06-12 10:24:00,32.5
2025-06-12 01:20:00,42.6
2025-06-12 02:43:00,57.6
2025-06-12 15:38:00,42.5
2025-06-12 15:36:00,59.7
2025-06-12 10:04:00,38.0
2025-06-12 17:38:00,35.5
2025-06-12 16:39:00,70.6
2025-06-12 08:55:00,69.7
2025-06-12 15:41:00,70.6
2025-06-12 02:59:00,50.09606761356967
2025-06-12 23:22:00,3.7
2025-06-12 16:02:00,66.5
2025-06-12 09:15:00,49.9
2025-06-12 07:35:00,94.8
2025-06-12 03:51:00,60.8
2025-06-12 07:47:00,9.7
2025-06-12 21:14:00,50.09606761356967
2025-06-12 07:06:00,33.6
2025-06-12 23:41:00,80.7
2025-06-12 15:10:00,11.6
2025-06-12 11:49:00,86.0
2025-06-12 11:50:00,10.3
2025-06-12 16:06:00,29.6
2025-06-12 04:24:00,50.09606761356967
2025-06-12 00:23:00,34.5
2025-06-12 21:44:00,70.6
2025-06-12 20:52:00,64.7
2025-06-12 09:18:00,56.0
2025-06-12 07:04:00,7.5
2025-06-12 08:43:00,32.6
2025-06-12 22:52:00,38.0
2025-06-12 23:31:00,13.6
2025-06-12 14:46:00,31.7
2025-06-12 02:18:00,34.2
2025-06-12 12:05:00,17.9
2025-06-12 10:45:00,48.6
2025-06-12 00:31:00,50.09606761356967
2025-06-12 11:18:00,94.2
2025-06-12 21:42:00,38.4
2025-06-12 15:52:00,73.4
2025-06-12 18:18:00,74.9
2025-06-12 05:34:00,53.3
2025-06-12 00:16:00,34.7
2025-06-12 16:41:00,6.1
2025-06-12 06:48:00,83.0
2025-06-12 19:37:00,57.5
2025-06-12 01:34:00,29.2
2025-06-12 14:22:00,3.5
2025-06-12 08:49:00,21.9
2025-06-12 23:42:00,68.0
2025-06-12 17:17:00,18.7
2025-06-12 18:50:00,48.5
2025-06-12 05:23:00,94.3
2025-06-12 22:12:00,55.4
2025-06-12 20:16:00,50.09606761356967
2025-06-12 06:07:00,24.6
2025-06-12 13:00:00,29.0
2025-06-12 05:42:00,50.09606761356967
2025-06-12 09:49:00,99.0
2025-06-12 10:47:00,96.4
2025-06-12 05:18:00,47.6
2025-06-12 09:52:00,2.8
2025-06-12 03:15:00,91.5
2025-06-12 21:53:00,17.2
2025-06-12 10:48:00,19.2
2025-06-12 07:02:00,50.09606761356967
2025-06-12 05:48:00,37.6
2025-06-12 03:33:00,79.9
2025-06-12 14:55:00,13.1
2025-06-12 19:27:00,92.8
2025-06-12 10:57:00,80.2
2025-06-12 02:06:00,72.1
2025-06-12 23:55:00,97.2
2025-06-12 23:46:00,51.6
2025-06-12 17:59:00,50.09606761356967
2025-06-12 23:33:00,26.3
2025-06-12 00:46:00,50.09606761356967
2025-06-12 07:09:00,47.7
2025-06-12 16:46:00,60.6
2025-06-12 17:13:00,41.6
2025-06-12 20:43:00,19.0
2025-06-12 01:56:00,56.8
2025-06-12 21:04:00,26.1
2025-06-12 01:47:00,81.7
2025-06-12 07:53:00,24.3
2025-06-12 00:18:00,69.4
2025-06-12 00:24:00,85.0
2025-06-12 04:11:00,53.4
2025-06-12 15:18:00,32.9
2025-06-12 17:23:00,6.8
2025-06-12 18:23:00,59.7
2025-06-12 17:34:00,88.7
2025-06-12 17:31:00,70.9
2025-06-12 12:08:00,46.3
2025-06-12 15:34:00,68.7
2025-06-12 09:06:00,50.09606761356967
2025-06-12 03:22:00,3.1
2025-06-12 10:42:00,50.09606761356967
2025-06-12 04:03:00,57.4
2025-06-12 00:11:00,37.8
2025-06-12 05:17:00,50.09606761356967
2025-06-12 22:49:00,43.7
2025-06-12 19:35:00,5.0
2025-06-12 21:41:00,9.2
2025-06-12 02:46:00,38.9
2025-06-12 01:51:00,61.8
2025-06-12 13:03:00,23.7
2025-06-12 00:04:00,50.09606761356967
2025-06-12 14:18:00,26.6
2025-06-12 19:33:00,47.3
2025-06-12 04:27:00,50.09606761356967
2025-06-12 13:31:00,5.6
2025-06-12 09:10:00,63.6
2025-06-12 15:15:00,69.5
2025-06-12 19:17:00,50.09606761356967
2025-06-12 02:39:00,31.8
2025-06-12 14:43:00,6.0
2025-06-12 12:48:00,50.09606761356967
2025-06-12 19:40:00,79.5
2025-06-12 20:34:00,21.3
2025-06-12 12:24:00,70.7
2025-06-12 18:59:00,50.09606761356967
2025-06-12 10:46:00,71.8
2025-06-12 16:05:00,33.1
2025-06-12 17:00:00,14.8
2025-06-12 13:44:00,51.3
2025-06-12 19:51:00,54.5
2025-06-12 02:02:00,17.0
2025-06-12 19:11:00,27.3
2025-06-12 09:32:00,91.0
2025-06-12 01:19:00,77.8
2025-06-12 21:16:00,57.9
2025-06-12 19:14:00,63.6
2025-06-12 02:47:00,12.6
2025-06-12 00:33:00,24.5
2025-06-12 19:28:00,26.2
2025-06-12 06:49:00,50.09606761356967
2025-06-12 01:06:00,83.3
2025-06-12 10:30:00,44.9
2025-06-12 14:29:00,50.09606761356967
2025-06-12 22:50:00,69.2
2025-06-12 11:39:00,8.8
2025-06-12 04:43:00,35.2
2025-06-12 17:53:00,77.9
2025-06-12 19:31:00,59.4
2025-06-12 12:20:00,85.8
2025-06-12 07:48:00,30.0
2025-06-12 18:33:00,50.09606761356967
2025-06-12 09:21:00,96.6
2025-06-12 11:34:00,57.2
2025-06-12 23:11:00,29.4
2025-06-12 08:26:00,2.0
2025-06-12 04:48:00,18.8
2025-06-12 14:24:00,12.8
2025-06-12 17:06:00,80.8
2025-06-12 20:09:00,34.7
2025-06-12 21:35:00,31.1
2025-06-12 13:49:00,83.3
2025-06-12 20:55:00,24.7
2025-06-12 22:39:00,63.4
2025-06-12 21:43:00,59.8
2025-06-12 08:34:00,13.1
2025-06-12 01:14:00,50.2
2025-06-12 06:30:00,82.9
2025-06-12 13:20:00,50.09606761356967
2025-06-12 21:55:00,17.4
2025-06-12 19:38:00,47.5
2025-06-12 03:23:00,50.09606761356967
2025-06-12 02:55:00,3.3
2025-06-12 10:31:00,84.8
2025-06-12 05:08:00,29.9
2025-06-12 14:41:00,3.5
2025-06-12 11:58:00,38.9
2025-06-12 06:34:00,56.1
2025-06-12 02:29:00,46.9
2025-06-12 09:53:00,37.5
2025-06-12 03:42:00,2.1
2025-06-12 02:58:00,59.4
2025-06-12 09:20:00,50.09606761356967
2025-06-12 10:58:00,50.09606761356967
2025-06-12 02:11:00,51.4
2025-06-12 05:52:00,29.3
2025-06-12 18:53:00,75.1
2025-06-12 04:25:00,98.8
2025-06-12 06:38:00,92.6
2025-06-12 07:58:00,50.09606761356967
2025-06-12 12:04:00,38.3
2025-06-12 12:07:00,50.09606761356967
2025-06-12 00:09:00,15.9
2025-06-12 04:39:00,43.2
2025-06-12 04:36:00,25.4
2025-06-12 02:54:00,71.8
2025-06-12 00:48:00,69.5
2025-06-12 11:57:00,72.7
2025-06-12 22:23:00,76.9
2025-06-12 17:22:00,26.4
2025-06-12 05:19:00,15.3
2025-06-12 00:45:00,5.6
2025-06-12 05:35:00,45.3
2025-06-12 23:47:00,1.5
2025-06-12 00:38:00,51.9
2025-06-12 17:47:00,33.7
2025-06-12 18:49:00,1.7
2025-06-12 14:30:00,14.5
2025-06-12 18:03:00,83.9
2025-06-12 10:29:00,2.4
2025-06-12 16:55:00,25.6
2025-06-12 16:49:00,50.09606761356967
2025-06-12 05:02:00,35.8
2025-06-12 22:08:00,50.09606761356967
2025-06-12 19:54:00,14.2
2025-06-12 05:28:00,75.9
2025-06-12 18:24:00,30.4
2025-06-12 20:06:00,24.3
2025-06-12 02:56:00,72.1
2025-06-12 19:34:00,62.5
2025-06-12 08:21:00,8.0
2025-06-12 19:02:00,40.9
2025-06-12 23:43:00,79.9
2025-06-12 06:21:00,50.09606761356967
2025-06-12 12:10:00,70.4
2025-06-12 23:15:00,25.3
2025-06-12 19:49:00,82.1
2025-06-12 03:55:00,3.4
2025-06-12 07:51:00,4.1
2025-06-12 00:41:00,50.09606761356967
2025-06-12 22:31:00,10.5
2025-06-12 14:07:00,50.09606761356967
2025-06-12 06:45:00,98.5
2025-06-12 23:02:00,85.3
2025-06-12 10:17:00,60.4
2025-06-12 00:34:00,51.4
2025-06-12 18:36:00,83.9
2025-06-12 02:36:00,38.8
2025-06-12 06:43:00,70.5
2025-06-12 21:09:00,97.4
2025-06-12 19:47:00,16.7
2025-06-12 06:31:00,2.2
2025-06-12 17:16:00,62.9
2025-06-12 21:56:00,60.2
2025-06-12 01:07:00,50.09606761356967
2025-06-12 09:16:00,57.8
2025-06-12 17:21:00,50.09606761356967
2025-06-12 20:42:00,80.2
2025-06-12 13:18:00,93.2
2025-06-12 07:39:00,50.09606761356967
2025-06-12 17:12:00,50.09606761356967
2025-06-12 05:33:00,78.6
2025-06-12 12:42:00,10.8
2025-06-12 14:06:00,50.09606761356967
2025-06-12 18:31:00,74.4
2025-06-12 15:08:00,25.5
2025-06-12 11:52:00,98.7
2025-06-12 18:11:00,50.09606761356967
2025-06-12 02:51:00,89.6
2025-06-12 15:17:00,92.7
2025-06-12 12:17:00,4.0
2025-06-12 16:53:00,50.09606761356967
2025-06-12 17:19:00,33.0
2025-06-12 16:48:00,78.2
2025-06-12 16:30:00,37.3
2025-06-12 01:01:00,92.6
2025-06-12 06:18:00,35.7
2025-06-12 18:48:00,33.3
2025-06-12 11:48:00,32.1
2025-06-12 22:32:00,17.7
2025-06-12 20:05:00,39.6
2025-06-12 16:26:00,6.3
2025-06-12 17:40:00,22.0
2025-06-12 09:42:00,10.1
2025-06-12 08:05:00,50.09606761356967
2025-06-12 15:04:00,11.1
2025-06-12 15:27:00,74.9
2025-06-12 08:39:00,49.952608030142464
2025-06-12 03:18:00,52.6
2025-06-12 01:15:00,83.6
2025-06-12 08:07:00,7.2
2025-06-12 09:25:00,22.0
2025-06-12 15:34:00,11.1
2025-06-12 13:16:00,91.6
2025-06-12 11:07:00,69.7
2025-06-12 19:58:00,24.3
2025-06-12 15:07:00,24.5
2025-06-12 15:29:00,60.7
2025-06-12 06:33:00,49.952608030142464
2025-06-12 15:50:00,49.952608030142464
2025-06-12 02:47:00,20.4
2025-06-12 12:32:00,98.3
2025-06-12 22:53:00,86.9
2025-06-12 09:15:00,42.9
2025-06-12 06:42:00,60.5
2025-06-12 02:01:00,76.6
2025-06-12 00:44:00,56.1
2025-06-12 09:11:00,20.9
2025-06-12 20:20:00,17.4
2025-06-12 13:21:00,49.952608030142464
2025-06-12 02:23:00,47.8
2025-06-12 07:25:00,49.952608030142464
2025-06-12 19:05:00,11.9
2025-06-12 16:25:00,66.8
2025-06-12 17:12:00,9.3
2025-06-12 03:11:00,42.1
2025-06-12 23:05:00,49.952608030142464
2025-06-12 13:04:00,65.9
2025-06-12 14:41:00,35.0
2025-06-12 15:06:00,95.5
2025-06-12 00:03:00,72.7
2025-06-12 20:02:00,60.8
2025-06-12 20:04:00,54.7
2025-06-12 14:22:00,49.952608030142464
2025-06-12 05:44:00,10.0
2025-06-12 09:46:00,27.4
2025-06-12 09:52:00,67.6
2025-06-12 05:58:00,86.9
2025-06-12 18:42:00,49.952608030142464
2025-06-12 12:39:00,19.2
2025-06-12 12:20:00,51.9
2025-06-12 03:23:00,39.9
2025-06-12 22:03:00,99.1
2025-06-12 05:14:00,49.952608030142464
2025-06-12 20:46:00,16.7
2025-06-12 07:31:00,49.952608030142464
2025-06-12 18:20:00,22.7
2025-06-12 05:17:00,52.2
2025-06-12 12:22:00,49.952608030142464
2025-06-12 11:21:00,49.952608030142464
2025-06-12 18:13:00,62.9
2025-06-12 17:50:00,14.5
2025-06-12 12:49:00,60.3
2025-06-12 19:32:00,61.5
2025-06-12 05:43:00,56.2
2025-06-12 23:28:00,92.7
2025-06-12 23:44:00,75.2
2025-06-12 19:33:00,49.952608030142464
2025-06-12 10:19:00,8.8
2025-06-12 10:56:00,59.8
2025-06-12 07:20:00,94.6
2025-06-12 04:46:00,66.2
2025-06-12 01:22:00,87.2
2025-06-12 09:30:00,5.8
2025-06-12 10:38:00,47.1
2025-06-12 06:31:00,15.1
2025-06-12 19:44:00,22.7
2025-06-12 07:02:00,15.9
2025-06-12 22:19:00,34.8
2025-06-12 08:05:00,69.0
2025-06-12 03:42:00,36.5
2025-06-12 12:45:00,51.3
2025-06-12 07:23:00,91.4
2025-06-12 22:37:00,33.9
2025-06-12 11:31:00,30.0
2025-06-12 06:59:00,10.1
2025-06-12 16:33:00,27.3
2025-06-12 01:40:00,12.7
2025-06-12 18:34:00,81.8
2025-06-12 04:36:00,60.3
2025-06-12 19:00:00,46.0
2025-06-12 13:57:00,59.3
2025-06-12 02:26:00,30.0
2025-06-12 08:56:00,85.3
2025-06-12 10:57:00,65.9
2025-06-12 03:53:00,62.2
2025-06-12 18:55:00,49.952608030142464
2025-06-12 00:04:00,55.3
2025-06-12 16:46:00,24.7
2025-06-12 07:01:00,79.3
2025-06-12 18:15:00,62.2
2025-06-12 08:24:00,17.5
2025-06-12 00:38:00,29.3
2025-06-12 14:01:00,63.3
2025-06-12 10:40:00,26.6
2025-06-12 05:41:00,81.6
2025-06-12 08:13:00,55.9
2025-06-12 06:57:00,95.9
2025-06-12 02:07:00,16.9
2025-06-12 21:24:00,78.1
2025-06-12 13:37:00,32.5
2025-06-12 19:36:00,9.6
2025-06-12 22:20:00,13.8
2025-06-12 15:24:00,49.952608030142464
2025-06-12 09:10:00,87.9
2025-06-12 04:27:00,39.5
2025-06-12 18:36:00,94.1
2025-06-12 14:21:00,62.8
2025-06-12 05:53:00,92.5
2025-06-12 22:47:00,8.5
2025-06-12 14:12:00,77.3
2025-06-12 10:41:00,49.952608030142464
2025-06-12 21:13:00,48.5
2025-06-12 22:46:00,55.5
2025-06-12 19:31:00,76.2
2025-06-12 15:21:00,22.1
2025-06-12 04:26:00,86.0
2025-06-12 09:20:00,54.5
2025-06-12 23:13:00,19.3
2025-06-12 20:47:00,30.5
2025-06-12 09:43:00,24.2
2025-06-12 19:04:00,19.2
2025-06-12 02:36:00,67.2
2025-06-12 08:00:00,85.1
2025-06-12 01:13:00,83.0
2025-06-12 08:51:00,47.0
2025-06-12 10:29:00,26.0
2025-06-12 14:46:00,49.952608030142464
2025-06-12 04:03:00,76.6
2025-06-12 17:00:00,49.952608030142464
2025-06-12 22:27:00,54.7
2025-06-12 03:57:00,31.0
2025-06-12 15:15:00,23.2
2025-06-12 11:34:00,54.5
2025-06-12 02:03:00,20.2
2025-06-12 00:24:00,86.2
2025-06-12 07:00:00,13.0
2025-06-12 08:42:00,49.952608030142464
2025-06-12 02:16:00,9.6
2025-06-12 05:39:00,13.8
2025-06-12 22:42:00,41.6
2025-06-12 18:22:00,88.3
2025-06-12 14:25:00,55.2
2025-06-12 01:18:00,10.6
2025-06-12 04:57:00,92.2
2025-06-12 08:25:00,24.7
2025-06-12 22:59:00,84.6
2025-06-12 05:47:00,7.3
2025-06-12 03:43:00,71.9
2025-06-12 01:02:00,32.1
2025-06-12 23:29:00,32.8
2025-06-12 19:55:00,79.2
2025-06-12 06:18:00,36.4
2025-06-12 17:27:00,96.9
2025-06-12 18:49:00,23.5
2025-06-12 01:36:00,66.1
2025-06-12 15:00:00,15.7
2025-06-12 22:14:00,65.3
2025-06-12 17:54:00,51.9
2025-06-12 18:03:00,68.3
2025-06-12 13:54:00,84.6
2025-06-12 17:35:00,57.9
2025-06-12 17:56:00,15.1
2025-06-12 09:19:00,89.9
2025-06-12 18:08:00,0.9
2025-06-12 18:23:00,3.6
2025-06-12 06:03:00,27.9
2025-06-12 04:50:00,92.1
2025-06-12 19:46:00,1.5
2025-06-12 01:31:00,9.7
2025-06-12 14:17:00,49.952608030142464
2025-06-12 22:40:00,38.0
2025-06-12 04:59:00,69.6
2025-06-12 10:33:00,50.7
2025-06-12 02:45:00,79.3
2025-06-12 04:09:00,93.0
2025-06-12 18:28:00,85.0
2025-06-12 04:30:00,91.7
2025-06-12 20:56:00,82.8
2025-06-12 04:40:00,59.7
2025-06-12 22:45:00,49.952608030142464
2025-06-12 18:46:00,35.0
2025-06-12 18:37:00,58.3
2025-06-12 15:36:00,49.952608030142464
2025-06-12 21:54:00,27.3
2025-06-12 15:14:00,95.1
2025-06-12 09:57:00,83.7
2025-06-12 03:00:00,49.952608030142464
2025-06-12 00:29:00,49.952608030142464
2025-06-12 04:51:00,17.1
2025-06-12 11:44:00,69.0
2025-06-12 11:18:00,58.4
2025-06-12 03:25:00,42.2
2025-06-12 07:41:00,94.8
2025-06-12 22:28:00,66.8
2025-06-12 02:11:00,49.952608030142464
2025-06-12 21:05:00,0.6
2025-06-12 20:36:00,88.9
2025-06-12 17:39:00,87.2
2025-06-12 02:54:00,70.2
2025-06-12 16:29:00,49.952608030142464
2025-06-12 00:58:00,49.952608030142464
2025-06-12 02:08:00,85.1
2025-06-12 19:03:00,48.6
2025-06-12 11:58:00,49.952608030142464
2025-06-12 02:24:00,77.3
2025-06-12 18:59:00,34.5
2025-06-12 15:03:00,88.3
2025-06-12 22:57:00,76.2
2025-06-12 00:05:00,49.952608030142464
2025-06-12 15:44:00,35.7
2025-06-12 11:20:00,25.2
2025-06-12 18:53:00,27.9
2025-06-12 19:47:00,34.1
2025-06-12 12:51:00,27.8
2025-06-12 02:04:00,49.952608030142464
2025-06-12 08:52:00,99.3
2025-06-12 18:27:00,5.0
2025-06-12 22:16:00,49.952608030142464
2025-06-12 20:52:00,49.952608030142464
2025-06-12 01:09:00,87.0
2025-06-12 16:54:00,50.8
2025-06-12 18:39:00,21.5
2025-06-12 22:33:00,42.4
2025-06-12 04:14:00,27.9
2025-06-12 17:01:00,49.952608030142464
2025-06-12 10:05:00,38.2
2025-06-12 19:43:00,49.952608030142464
2025-06-12 02:12:00,4.7
2025-06-12 02:41:00,49.952608030142464
2025-06-12 21:38:00,49.952608030142464
2025-06-12 11:47:00,49.952608030142464
2025-06-12 21:57:00,22.1
2025-06-12 21:09:00,15.5
2025-06-12 08:17:00,6.9
2025-06-12 13:51:00,34.8
2025-06-12 10:32:00,84.7
2025-06-12 16:53:00,95.5
2025-06-12 02:37:00,79.5
2025-06-12 01:30:00,70.2
2025-06-12 15:02:00,0.7
2025-06-12 07:28:00,5.4
2025-06-12 20:35:00,9.6
2025-06-12 05:26:00,10.3
2025-06-12 05:31:00,12.0
2025-06-12 16:07:00,77.6
2025-06-12 04:48:00,10.5
2025-06-12 09:05:00,76.1
2025-06-12 16:24:00,49.952608030142464
2025-06-12 18:56:00,27.2
2025-06-12 10:39:00,85.9
2025-06-12 15:35:00,24.9
2025-06-12 21:25:00,85.1
2025-06-12 00:16:00,5.9
2025-06-12 12:30:00,45.7
2025-06-12 20:19:00,88.0
2025-06-12 12:13:00,49.952608030142464
2025-06-12 17:51:00,84.3
2025-06-12 18:07:00,21.5
2025-06-12 18:48:00,14.2
2025-06-12 20:33:00,3.7
2025-06-12 06:56:00,79.6
2025-06-12 08:22:00,18.7
2025-06-12 02:48:00,20.6
2025-06-12 03:32:00,28.4
2025-06-12 21:18:00,49.952608030142464
2025-06-12 08:14:00,12.2
2025-06-12 03:07:00,47.7
2025-06-12 14:08:00,77.6
2025-06-12 03:52:00,28.1
2025-06-12 03:10:00,61.4
2025-06-12 00:07:00,82.0
2025-06-12 15:39:00,32.9
2025-06-12 09:37:00,97.9
2025-06-12 18:13:00,29.2
2025-06-12 06:41:00,50.21640523646657
2025-06-12 21:30:00,27.3
2025-06-12 16:21:00,50.21640523646657
2025-06-12 17:38:00,50.21640523646657
2025-06-12 17:00:00,40.3
2025-06-12 02:53:00,93.0
2025-06-12 14:21:00,82.4
2025-06-12 05:45:00,29.4
2025-06-12 18:41:00,59.0
2025-06-12 02:41:00,8.2
2025-06-12 19:55:00,64.1
2025-06-12 00:51:00,93.0
2025-06-12 06:36:00,90.5
2025-06-12 21:20:00,26.0
2025-06-12 15:23:00,76.1
2025-06-12 16:55:00,78.8
2025-06-12 21:42:00,69.5
2025-06-12 15:24:00,18.9
2025-06-12 00:19:00,38.3
2025-06-12 15:47:00,7.8
2025-06-12 13:26:00,55.6
2025-06-12 22:17:00,66.5
2025-06-12 04:26:00,18.8
2025-06-12 00:22:00,91.0
2025-06-12 18:10:00,93.6
2025-06-12 22:14:00,50.21640523646657
2025-06-12 15:50:00,50.21640523646657
2025-06-12 21:34:00,92.1
2025-06-12 21:37:00,97.7
2025-06-12 01:38:00,1.4
2025-06-12 01:51:00,36.8
2025-06-12 18:21:00,16.4
2025-06-12 04:32:00,50.21640523646657
2025-06-12 21:55:00,82.9
2025-06-12 04:27:00,76.5
2025-06-12 00:58:00,34.2
2025-06-12 20:08:00,94.4
2025-06-12 20:11:00,50.21640523646657
2025-06-12 10:52:00,80.4
2025-06-12 09:55:00,50.21640523646657
2025-06-12 03:00:00,97.9
2025-06-12 13:29:00,86.4
2025-06-12 00:38:00,76.4
2025-06-12 10:04:00,50.21640523646657
2025-06-12 23:37:00,99.2
2025-06-12 18:39:00,68.1
2025-06-12 20:52:00,4.6
2025-06-12 02:12:00,36.9
2025-06-12 14:03:00,50.21640523646657
2025-06-12 11:03:00,77.8
2025-06-12 08:17:00,11.2
2025-06-12 19:42:00,91.1
2025-06-12 14:37:00,9.6
2025-06-12 13:35:00,50.21640523646657
2025-06-12 06:20:00,26.5
2025-06-12 23:09:00,44.6
2025-06-12 05:23:00,34.4
2025-06-12 03:08:00,36.1
2025-06-12 11:11:00,50.21640523646657
2025-06-12 23:30:00,40.3
2025-06-12 07:41:00,19.0
2025-06-12 15:38:00,52.7
2025-06-12 00:31:00,66.7
2025-06-12 14:33:00,83.1
2025-06-12 03:07:00,16.8
2025-06-12 12:40:00,41.1
2025-06-12 12:20:00,50.21640523646657
2025-06-12 22:13:00,17.1
2025-06-12 08:07:00,55.2
2025-06-12 14:25:00,9.4
2025-06-12 03:19:00,50.21640523646657
2025-06-12 01:02:00,50.21640523646657
2025-06-12 01:10:00,26.8
2025-06-12 11:36:00,50.21640523646657
2025-06-12 23:16:00,70.2
2025-06-12 23:32:00,60.0
2025-06-12 00:03:00,64.0
2025-06-12 00:27:00,31.5
2025-06-12 06:08:00,75.9
2025-06-12 22:53:00,71.5
2025-06-12 09:42:00,92.7
2025-06-12 10:29:00,35.2
2025-06-12 08:24:00,40.8
2025-06-12 22:18:00,46.6
2025-06-12 05:12:00,81.1
2025-06-12 03:14:00,75.1
2025-06-12 23:17:00,50.21640523646657
2025-06-12 21:41:00,50.21640523646657
2025-06-12 11:58:00,50.21640523646657
2025-06-12 19:00:00,54.8
2025-06-12 11:12:00,30.2
2025-06-12 13:36:00,18.8
2025-06-12 18:12:00,13.4
2025-06-12 03:39:00,50.21640523646657
2025-06-12 12:21:00,51.6
2025-06-12 06:59:00,11.9
2025-06-12 06:21:00,30.9
2025-06-12 03:18:00,97.4
2025-06-12 17:18:00,81.8
2025-06-12 19:16:00,70.3
2025-06-12 21:24:00,98.3
2025-06-12 22:51:00,24.6
2025-06-12 10:55:00,30.8
2025-06-12 19:03:00,57.0
2025-06-12 02:03:00,40.0
2025-06-12 16:41:00,30.6
2025-06-12 01:20:00,21.5
2025-06-12 05:14:00,90.3
2025-06-12 13:12:00,23.5
2025-06-12 19:39:00,72.9
2025-06-12 06:28:00,50.21640523646657
2025-06-12 15:54:00,44.3
2025-06-12 16:17:00,60.4
2025-06-12 19:23:00,0.1
2025-06-12 19:25:00,28.9
2025-06-12 16:43:00,50.21640523646657
2025-06-12 11:49:00,36.1
2025-06-12 09:50:00,50.21640523646657
2025-06-12 00:33:00,68.0
2025-06-12 05:09:00,50.21640523646657
2025-06-12 16:48:00,36.0
2025-06-12 18:52:00,97.5
2025-06-12 08:28:00,76.1
2025-06-12 08:09:00,14.6
2025-06-12 11:13:00,10.1
2025-06-12 13:51:00,11.9
2025-06-12 16:53:00,91.6
2025-06-12 01:59:00,56.1
2025-06-12 03:09:00,67.4
2025-06-12 07:36:00,50.21640523646657
2025-06-12 14:12:00,47.6
2025-06-12 11:33:00,12.8
2025-06-12 07:01:00,50.21640523646657
2025-06-12 17:01:00,84.1
2025-06-12 00:05:00,50.21640523646657
2025-06-12 20:21:00,81.4
2025-06-12 08:46:00,94.7
2025-06-12 10:36:00,50.21640523646657
2025-06-12 04:52:00,50.21640523646657
2025-06-12 14:48:00,71.5
2025-06-12 02:17:00,89.6
2025-06-12 16:37:00,51.8
2025-06-12 12:54:00,63.7
2025-06-12 12:04:00,50.21640523646657
2025-06-12 06:46:00,82.2
2025-06-12 13:33:00,59.0
2025-06-12 21:48:00,33.4
2025-06-12 16:27:00,76.2
2025-06-12 03:41:00,27.6
2025-06-12 17:09:00,88.9
2025-06-12 21:18:00,37.4
2025-06-12 16:22:00,61.0
2025-06-12 06:56:00,40.9
2025-06-12 00:30:00,2.6
2025-06-12 14:36:00,82.3
2025-06-12 23:36:00,79.7
2025-06-12 21:16:00,26.5
2025-06-12 08:58:00,50.21640523646657
2025-06-12 22:41:00,58.8
2025-06-12 07:07:00,60.3
2025-06-12 19:11:00,65.2
2025-06-12 06:13:00,50.21640523646657
2025-06-12 03:13:00,24.0
2025-06-12 16:26:00,67.6
2025-06-12 17:46:00,9.4
2025-06-12 04:17:00,22.8
2025-06-12 01:21:00,45.0
2025-06-12 11:07:00,2.1
2025-06-12 01:45:00,42.1
2025-06-12 07:48:00,7.3
2025-06-12 01:32:00,50.21640523646657
2025-06-12 20:31:00,17.7
2025-06-12 05:32:00,13.6
2025-06-12 15:44:00,50.6
2025-06-12 23:27:00,62.6
2025-06-12 09:03:00,97.6
2025-06-12 21:44:00,75.4
2025-06-12 05:44:00,83.1
2025-06-12 02:02:00,96.9
2025-06-12 22:26:00,6.0
2025-06-12 17:58:00,5.8
2025-06-12 03:55:00,24.5
2025-06-12 10:47:00,50.21640523646657
2025-06-12 17:45:00,50.21640523646657
2025-06-12 19:50:00,50.21640523646657
2025-06-12 04:11:00,87.0
2025-06-12 19:35:00,64.1
2025-06-12 09:14:00,38.3
2025-06-12 06:57:00,46.0
2025-06-12 12:24:00,3.6
2025-06-12 05:58:00,24.2
2025-06-12 02:00:00,34.7
2025-06-12 21:52:00,48.9
2025-06-12 15:22:00,72.1
2025-06-12 19:45:00,16.0
2025-06-12 07:57:00,64.3
2025-06-12 08:05:00,78.1
2025-06-12 09:01:00,50.21640523646657
2025-06-12 12:46:00,54.4
2025-06-12 15:30:00,11.4
2025-06-12 18:08:00,85.2
2025-06-12 01:37:00,46.6
2025-06-12 03:35:00,60.1
2025-06-12 09:02:00,18.6
2025-06-12 01:35:00,70.8
2025-06-12 02:52:00,5.4
2025-06-12 23:19:00,31.5
2025-06-12 20:59:00,58.1
2025-06-12 19:36:00,42.8
2025-06-12 01:07:00,46.9
2025-06-12 17:24:00,3.7
2025-06-12 10:31:00,9.8
2025-06-12 05:02:00,98.3
2025-06-12 21:49:00,12.0
2025-06-12 15:29:00,81.3
2025-06-12 03:24:00,97.6
2025-06-12 07:16:00,22.4
2025-06-12 14:34:00,31.6
2025-06-12 19:01:00,50.21640523646657
2025-06-12 21:21:00,76.2
2025-06-12 15:10:00,4.5
2025-06-12 15:59:00,63.9
2025-06-12 13:19:00,41.1
2025-06-12 13:41:00,40.1
2025-06-12 07:09:00,50.21640523646657
2025-06-12 03:56:00,90.4
2025-06-12 02:45:00,99.2
2025-06-12 07:46:00,50.21640523646657
2025-06-12 08:29:00,50.21640523646657
2025-06-12 23:08:00,78.6
2025-06-12 16:09:00,85.4
2025-06-12 11:16:00,32.4
2025-06-12 04:48:00,50.21640523646657
2025-06-12 09:48:00,28.0
2025-06-12 03:21:00,55.7
2025-06-12 04:25:00,50.21640523646657
2025-06-12 07:03:00,93.4
2025-06-12 21:22:00,86.8
2025-06-12 09:13:00,96.3
2025-06-12 16:56:00,30.3
2025-06-12 21:59:00,19.1
2025-06-12 22:09:00,50.21640523646657
2025-06-12 22:23:00,77.9
2025-06-12 12:06:00,50.21640523646657
2025-06-12 07:28:00,25.0
2025-06-12 13:52:00,80.2
2025-06-12 00:52:00,32.2
2025-06-12 22:42:00,54.1
2025-06-12 17:20:00,3.4
2025-06-12 17:56:00,51.7
2025-06-12 08:12:00,50.21640523646657
2025-06-12 21:15:00,91.0
2025-06-12 09:52:00,19.6
2025-06-12 23:41:00,50.9
2025-06-12 05:10:00,87.8
2025-06-12 00:44:00,50.21640523646657
2025-06-12 12:48:00,60.1
2025-06-12 11:56:00,34.5
2025-06-12 12:01:00,70.1
2025-06-12 20:51:00,54.3
2025-06-12 08:59:00,61.1
2025-06-12 20:46:00,71.7
2025-06-12 14:13:00,46.5
2025-06-12 17:22:00,92.7
2025-06-12 09:33:00,81.4
2025-06-12 17:53:00,76.0
2025-06-12 17:39:00,92.6
2025-06-12 20:24:00,40.5
2025-06-12 19:59:00,79.2
2025-06-12 23:42:00,45.0
2025-06-12 18:16:00,17.0
2025-06-12 01:52:00,42.6
2025-06-12 10:23:00,42.7
2025-06-12 06:23:00,21.0
2025-06-12 06:12:00,56.1
2025-06-12 19:51:00,50.21640523646657
2025-06-12 22:44:00,50.21640523646657
2025-06-12 04:33:00,46.2
2025-06-12 18:47:00,91.5
2025-06-12 23:52:00,34.9
2025-06-12 00:35:00,90.2
2025-06-12 16:24:00,28.1
2025-06-12 02:56:00,22.1
2025-06-12 01:47:00,13.3
2025-06-12 01:26:00,92.2
2025-06-12 10:01:00,66.6
2025-06-12 18:56:00,4.9
2025-06-12 18:38:00,62.5
2025-06-12 10:11:00,39.0
2025-06-12 13:39:00,50.21640523646657
2025-06-12 00:40:00,14.7
2025-06-12 15:27:00,56.6
2025-06-12 22:00:00,66.8
2025-06-12 09:36:00,92.5
2025-06-12 02:40:00,22.3
2025-06-12 06:49:00,61.0
2025-06-12 11:17:00,59.7
2025-06-12 23:18:00,32.0
2025-06-12 18:42:00,3.4
2025-06-12 09:45:00,63.7
2025-06-12 21:31:00,8.0
2025-06-12 02:22:00,90.9
2025-06-12 15:16:00,49.70408187272085
2025-06-12 21:16:00,98.2
2025-06-12 14:06:00,93.2
2025-06-12 08:28:00,77.3
2025-06-12 04:54:00,31.3
2025-06-12 02:49:00,19.7
2025-06-12 02:08:00,49.70408187272085
2025-06-12 00:32:00,22.6
2025-06-12 04:47:00,80.3
2025-06-12 13:18:00,44.9
2025-06-12 15:06:00,79.1
2025-06-12 04:15:00,66.0
2025-06-12 23:13:00,72.8
2025-06-12 05:30:00,94.4
2025-06-12 13:56:00,80.3
2025-06-12 17:18:00,57.9
2025-06-12 10:58:00,56.4
2025-06-12 06:52:00,49.70408187272085
2025-06-12 16:32:00,49.9
2025-06-12 22:23:00,97.5
2025-06-12 19:41:00,55.6
2025-06-12 21:41:00,49.70408187272085
2025-06-12 10:55:00,3.9
2025-06-12 14:40:00,46.0
2025-06-12 18:35:00,8.8
2025-06-12 14:10:00,77.6
2025-06-12 20:28:00,58.3
2025-06-12 11:02:00,72.7
2025-06-12 03:31:00,64.3
2025-06-12 07:37:00,49.70408187272085
2025-06-12 23:02:00,10.4
2025-06-12 08:04:00,75.1
2025-06-12 10:51:00,70.3
2025-06-12 21:18:00,9.5
2025-06-12 15:48:00,60.5
2025-06-12 10:26:00,49.70408187272085
2025-06-12 19:24:00,97.1
2025-06-12 20:58:00,49.70408187272085
2025-06-12 21:56:00,43.9
2025-06-12 20:21:00,32.1
2025-06-12 03:42:00,31.1
2025-06-12 15:10:00,29.0
2025-06-12 21:22:00,32.2
2025-06-12 03:06:00,49.70408187272085
2025-06-12 04:00:00,4.4
2025-06-12 08:37:00,20.5
2025-06-12 12:57:00,51.7
2025-06-12 19:53:00,24.5
2025-06-12 03:50:00,56.0
2025-06-12 04:56:00,9.8
2025-06-12 05:53:00,76.7
2025-06-12 19:29:00,49.3
2025-06-12 16:24:00,82.9
2025-06-12 09:39:00,92.2
2025-06-12 10:41:00,49.70408187272085
2025-06-12 05:19:00,46.1
2025-06-12 19:59:00,78.5
2025-06-12 14:12:00,49.70408187272085
2025-06-12 14:16:00,78.4
2025-06-12 02:40:00,49.70408187272085
2025-06-12 00:46:00,56.2
2025-06-12 22:31:00,96.1
2025-06-12 05:08:00,19.7
2025-06-12 04:01:00,14.7
2025-06-12 15:30:00,36.8
2025-06-12 02:38:00,55.1
2025-06-12 20:17:00,96.1
2025-06-12 02:59:00,86.0
2025-06-12 09:46:00,94.7
2025-06-12 14:22:00,46.8
2025-06-12 01:07:00,50.0
2025-06-12 00:37:00,49.70408187272085
2025-06-12 12:53:00,10.3
2025-06-12 23:46:00,47.9
2025-06-12 13:05:00,0.6
2025-06-12 18:19:00,35.1
2025-06-12 04:57:00,22.2
2025-06-12 04:31:00,42.4
2025-06-12 20:25:00,73.7
2025-06-12 23:05:00,89.1
2025-06-12 07:12:00,71.3
2025-06-12 03:20:00,43.0
2025-06-12 18:00:00,91.4
2025-06-12 22:17:00,58.8
2025-06-12 14:43:00,49.70408187272085
2025-06-12 23:40:00,26.7
2025-06-12 05:54:00,8.3
2025-06-12 03:24:00,64.3
2025-06-12 17:29:00,49.70408187272085
2025-06-12 12:54:00,64.8
2025-06-12 13:22:00,49.70408187272085
2025-06-12 21:49:00,64.6
2025-06-12 06:05:00,65.6
2025-06-12 03:29:00,49.70408187272085
2025-06-12 23:21:00,49.70408187272085
2025-06-12 05:05:00,81.4
2025-06-12 23:25:00,27.7
2025-06-12 13:52:00,35.1
2025-06-12 06:40:00,61.2
2025-06-12 21:51:00,56.7
2025-06-12 17:22:00,47.0
2025-06-12 13:36:00,31.3
2025-06-12 21:29:00,28.8
2025-06-12 20:36:00,48.0
2025-06-12 12:16:00,3.0
2025-06-12 21:08:00,78.2
2025-06-12 12:50:00,81.0
2025-06-12 14:27:00,97.6
2025-06-12 04:40:00,77.5
2025-06-12 13:33:00,54.3
2025-06-12 20:07:00,17.5
2025-06-12 16:37:00,72.9
2025-06-12 18:32:00,88.4
2025-06-12 20:13:00,49.70408187272085
2025-06-12 00:56:00,0.5
2025-06-12 07:39:00,35.1
2025-06-12 03:16:00,56.8
2025-06-12 12:10:00,90.3
2025-06-12 22:56:00,49.70408187272085
2025-06-12 03:47:00,49.70408187272085
2025-06-12 20:01:00,23.8
2025-06-12 19:13:00,87.9
2025-06-12 06:41:00,49.70408187272085
2025-06-12 03:26:00,67.9
2025-06-12 22:48:00,50.6
2025-06-12 15:32:00,61.3
2025-06-12 08:15:00,74.5
2025-06-12 21:54:00,19.6
2025-06-12 04:14:00,91.0
2025-06-12 21:58:00,49.70408187272085
2025-06-12 23:35:00,49.70408187272085
2025-06-12 20:16:00,12.5
2025-06-12 03:59:00,19.3
2025-06-12 08:26:00,49.70408187272085
2025-06-12 03:12:00,47.3
2025-06-12 14:11:00,61.5
2025-06-12 13:04:00,5.3
2025-06-12 22:33:00,50.6
2025-06-12 01:05:00,82.6
2025-06-12 09:04:00,66.8
2025-06-12 12:52:00,49.70408187272085
2025-06-12 18:16:00,47.9
2025-06-12 03:44:00,63.8
2025-06-12 13:35:00,34.9
2025-06-12 15:23:00,86.2
2025-06-12 15:27:00,41.1
2025-06-12 02:03:00,0.8
2025-06-12 07:09:00,56.8
2025-06-12 10:09:00,31.1
2025-06-12 10:18:00,50.3
2025-06-12 06:21:00,96.0
2025-06-12 19:23:00,43.7
2025-06-12 15:29:00,49.70408187272085
2025-06-12 00:45:00,49.70408187272085
2025-06-12 04:48:00,24.9
2025-06-12 07:44:00,9.7
2025-06-12 05:52:00,31.8
2025-06-12 23:14:00,2.6
2025-06-12 04:24:00,49.70408187272085
2025-06-12 05:18:00,54.7
2025-06-12 05:07:00,76.4
2025-06-12 03:37:00,49.6
2025-06-12 13:47:00,63.6
2025-06-12 18:36:00,67.8
2025-06-12 06:29:00,56.0
2025-06-12 04:06:00,91.1
2025-06-12 03:49:00,61.9
2025-06-12 17:36:00,18.7
2025-06-12 00:59:00,77.3
2025-06-12 11:20:00,58.7
2025-06-12 07:11:00,29.1
2025-06-12 06:04:00,56.9
2025-06-12 22:18:00,13.5
2025-06-12 22:26:00,24.6
2025-06-12 01:58:00,49.70408187272085
2025-06-12 03:51:00,34.0
2025-06-12 22:44:00,2.6
2025-06-12 23:52:00,20.7
2025-06-12 05:09:00,1.9
2025-06-12 12:44:00,82.4
2025-06-12 01:53:00,10.7
2025-06-12 04:23:00,49.70408187272085
2025-06-12 05:33:00,61.2
2025-06-12 13:14:00,3.2
2025-06-12 22:50:00,49.70408187272085
2025-06-12 06:23:00,90.1
2025-06-12 07:21:00,4.5
2025-06-12 11:15:00,49.70408187272085
2025-06-12 20:48:00,19.9
2025-06-12 19:43:00,49.70408187272085
2025-06-12 07:50:00,25.2
2025-06-12 17:39:00,27.3
2025-06-12 06:22:00,16.6
2025-06-12 17:21:00,39.7
2025-06-12 06:31:00,34.8
2025-06-12 08:57:00,87.2
2025-06-12 20:20:00,49.70408187272085
2025-06-12 14:58:00,37.2
2025-06-12 16:14:00,34.2
2025-06-12 09:07:00,6.8
2025-06-12 06:59:00,88.6
2025-06-12 01:45:00,49.70408187272085
2025-06-12 17:25:00,33.1
2025-06-12 06:12:00,49.70408187272085
2025-06-12 12:40:00,70.5
2025-06-12 17:17:00,85.6
2025-06-12 18:51:00,13.3
2025-06-12 08:29:00,49.70408187272085
2025-06-12 08:16:00,26.0
2025-06-12 18:38:00,8.8
2025-06-12 12:34:00,42.8
2025-06-12 11:57:00,73.4
2025-06-12 10:21:00,60.0
2025-06-12 01:20:00,28.4
2025-06-12 00:03:00,89.4
2025-06-12 03:35:00,76.9
2025-06-12 18:15:00,58.6
2025-06-12 20:59:00,59.1
2025-06-12 17:52:00,22.7
2025-06-12 18:47:00,7.3
2025-06-12 02:54:00,33.2
2025-06-12 17:04:00,28.8
2025-06-12 17:43:00,49.70408187272085
2025-06-12 23:36:00,64.3
2025-06-12 05:14:00,14.8
2025-06-12 00:12:00,35.8
2025-06-12 00:14:00,49.70408187272085
2025-06-12 01:50:00,18.1
2025-06-12 03:25:00,19.0
2025-06-12 15:55:00,6.2
2025-06-12 11:51:00,10.1
2025-06-12 13:17:00,47.4
2025-06-12 04:35:00,53.5
2025-06-12 01:48:00,83.2
2025-06-12 11:44:00,16.9
2025-06-12 22:38:00,2.4
2025-06-12 12:00:00,27.3
2025-06-12 06:03:00,75.6
2025-06-12 19:15:00,49.70408187272085
2025-06-12 01:10:00,49.70408187272085
2025-06-12 16:01:00,13.1
2025-06-12 10:06:00,22.5
2025-06-12 13:29:00,40.6
2025-06-12 04:28:00,3.8
2025-06-12 17:45:00,51.3
2025-06-12 14:57:00,26.1
2025-06-12 21:26:00,7.9
2025-06-12 07:41:00,49.70408187272085
2025-06-12 16:38:00,79.6
2025-06-12 03:23:00,49.70408187272085
2025-06-12 15:34:00,4.9
2025-06-12 02:13:00,73.2
2025-06-12 18:25:00,0.2
2025-06-12 18:58:00,15.7
2025-06-12 09:55:00,85.3
2025-06-12 00:30:00,33.3
2025-06-12 04:43:00,55.9
2025-06-12 16:26:00,68.9
2025-06-12 12:36:00,87.1
2025-06-12 16:55:00,92.2
2025-06-12 22:08:00,92.3
2025-06-12 08:08:00,15.3
2025-06-12 06:01:00,94.4
2025-06-12 08:19:00,55.7
2025-06-12 18:43:00,69.1
2025-06-12 08:56:00,84.0
2025-06-12 08:48:00,91.0
2025-06-12 04:37:00,1.6
2025-06-12 04:30:00,55.7
2025-06-12 01:17:00,49.70408187272085
2025-06-12 06:57:00,88.9
2025-06-12 16:36:00,8.8
2025-06-12 00:40:00,56.4
2025-06-12 16:35:00,13.9
2025-06-12 22:21:00,23.8
2025-06-12 22:35:00,14.9
2025-06-12 04:51:00,39.6
2025-06-12 14:04:00,49.3
2025-06-12 16:16:00,49.70408187272085
2025-06-12 16:54:00,59.6
2025-06-12 17:31:00,4.2
2025-06-12 02:50:00,9.9
2025-06-12 13:39:00,49.70408187272085
2025-06-12 14:14:00,4.8
2025-06-12 08:32:00,59.4
2025-06-12 03:14:00,58.1
2025-06-12 17:35:00,50.4
2025-06-12 22:42:00,15.6
2025-06-12 18:37:00,6.2
2025-06-12 20:34:00,59.0
2025-06-12 22:40:00,38.4
2025-06-12 14:18:00,58.7
2025-06-12 08:41:00,85.8
2025-06-12 00:35:00,85.6
2025-06-12 09:40:00,15.3
2025-06-12 23:08:00,14.1
2025-06-12 07:05:00,32.2
2025-06-12 15:41:00,98.8
2025-06-12 22:03:00,62.3
2025-06-12 02:46:00,50.1110094970102
2025-06-12 16:43:00,50.1110094970102
2025-06-12 13:37:00,64.2
2025-06-12 19:28:00,50.1110094970102
2025-06-12 15:35:00,77.9
2025-06-12 08:56:00,83.3
2025-06-12 02:19:00,67.8
2025-06-12 01:07:00,17.3
2025-06-12 13:45:00,73.5
2025-06-12 09:56:00,85.6
2025-06-12 19:25:00,82.4
2025-06-12 04:16:00,24.0
2025-06-12 09:21:00,68.8
2025-06-12 19:13:00,9.4
2025-06-12 06:48:00,47.8
2025-06-12 09:04:00,50.1110094970102
2025-06-12 23:47:00,99.5
2025-06-12 09:07:00,52.3
2025-06-12 17:24:00,94.4
2025-06-12 14:16:00,81.0
2025-06-12 02:12:00,19.3
2025-06-12 19:54:00,3.5
2025-06-12 21:21:00,32.3
2025-06-12 07:37:00,50.1110094970102
2025-06-12 16:17:00,16.4
2025-06-12 11:11:00,68.0
2025-06-12 13:36:00,58.4
2025-06-12 22:42:00,92.1
2025-06-12 02:16:00,1.6
2025-06-12 09:53:00,80.8
2025-06-12 09:29:00,27.4
2025-06-12 21:54:00,99.2
2025-06-12 08:02:00,93.1
2025-06-12 01:53:00,94.2
2025-06-12 04:57:00,50.1110094970102
2025-06-12 14:47:00,50.1110094970102
2025-06-12 03:47:00,25.6
2025-06-12 10:31:00,87.9
2025-06-12 08:23:00,50.1110094970102
2025-06-12 21:32:00,47.1
2025-06-12 06:53:00,35.8
2025-06-12 08:58:00,40.1
2025-06-12 03:44:00,50.1110094970102
2025-06-12 23:22:00,41.0
2025-06-12 00:38:00,21.1
2025-06-12 20:53:00,99.1
2025-06-12 05:31:00,50.1110094970102
2025-06-12 04:04:00,34.8
2025-06-12 12:30:00,61.3
2025-06-12 08:53:00,35.0
2025-06-12 12:54:00,78.8
2025-06-12 12:06:00,18.2
2025-06-12 10:09:00,94.1
2025-06-12 16:31:00,12.2
2025-06-12 18:42:00,50.1110094970102
2025-06-12 01:47:00,50.1110094970102
2025-06-12 03:49:00,58.0
2025-06-12 19:31:00,59.0
2025-06-12 15:03:00,52.4
2025-06-12 20:19:00,86.4
2025-06-12 18:16:00,15.5
2025-06-12 12:29:00,4.5
2025-06-12 13:06:00,35.3
2025-06-12 23:02:00,50.1110094970102
2025-06-12 19:48:00,81.9
2025-06-12 14:39:00,92.1
2025-06-12 00:37:00,41.0
2025-06-12 00:40:00,41.6
2025-06-12 16:30:00,33.7
2025-06-12 06:06:00,50.1110094970102
2025-06-12 16:07:00,37.1
2025-06-12 15:55:00,21.8
2025-06-12 01:40:00,60.2
2025-06-12 18:41:00,74.0
2025-06-12 14:30:00,30.1
2025-06-12 12:43:00,50.1110094970102
2025-06-12 09:57:00,24.0
2025-06-12 11:00:00,26.0
2025-06-12 11:12:00,50.1110094970102
2025-06-12 02:37:00,78.5
2025-06-12 08:51:00,23.8
2025-06-12 14:35:00,93.8
2025-06-12 12:24:00,75.4
2025-06-12 06:34:00,62.4
2025-06-12 14:09:00,79.6
2025-06-12 23:13:00,50.1110094970102
2025-06-12 12:49:00,61.8
2025-06-12 13:04:00,85.7
2025-06-12 23:59:00,31.5
2025-06-12 00:11:00,95.6
2025-06-12 01:39:00,17.6
2025-06-12 01:10:00,14.7
2025-06-12 10:59:00,50.1110094970102
2025-06-12 09:08:00,74.0
2025-06-12 10:00:00,10.8
2025-06-12 10:14:00,17.9
2025-06-12 04:32:00,27.9
2025-06-12 09:02:00,81.6
2025-06-12 14:32:00,69.2
2025-06-12 08:59:00,60.8
2025-06-12 11:51:00,52.7
2025-06-12 09:41:00,76.2
2025-06-12 00:03:00,21.9
2025-06-12 05:02:00,11.0
2025-06-12 19:12:00,93.4
2025-06-12 14:04:00,50.1110094970102
2025-06-12 15:59:00,21.8
2025-06-12 09:24:00,84.0
2025-06-12 11:33:00,84.7
2025-06-12 03:46:00,62.5
2025-06-12 11:42:00,99.8
2025-06-12 00:13:00,13.4
2025-06-12 17:47:00,14.9
2025-06-12 11:52:00,29.7
2025-06-12 12:57:00,78.3
2025-06-12 15:18:00,94.4
2025-06-12 23:26:00,6.2
2025-06-12 07:08:00,90.3
2025-06-12 14:10:00,93.0
2025-06-12 13:55:00,31.4
2025-06-12 17:46:00,15.6
2025-06-12 11:39:00,50.1110094970102
2025-06-12 02:20:00,3.3
2025-06-12 02:31:00,81.9
2025-06-12 21:11:00,36.5
2025-06-12 07:43:00,69.8
2025-06-12 12:05:00,44.1
2025-06-12 15:21:00,15.8
2025-06-12 23:09:00,7.3
2025-06-12 12:19:00,77.2
2025-06-12 21:56:00,59.1
2025-06-12 14:06:00,88.3
2025-06-12 02:39:00,0.4
2025-06-12 08:07:00,77.3
2025-06-12 01:31:00,50.1110094970102
2025-06-12 00:56:00,35.7
2025-06-12 09:17:00,50.1110094970102
2025-06-12 08:20:00,70.5
2025-06-12 18:28:00,40.9
2025-06-12 11:48:00,21.3
2025-06-12 23:37:00,35.1
2025-06-12 20:36:00,1.8
2025-06-12 14:52:00,50.1110094970102
2025-06-12 20:46:00,61.0
2025-06-12 09:03:00,68.8
2025-06-12 12:01:00,54.3
2025-06-12 01:43:00,38.1
2025-06-12 06:30:00,58.9
2025-06-12 00:29:00,50.1110094970102
2025-06-12 09:28:00,83.0
2025-06-12 07:42:00,50.1110094970102
2025-06-12 23:11:00,41.1
2025-06-12 23:39:00,77.4
2025-06-12 12:58:00,76.5
2025-06-12 01:28:00,63.3
2025-06-12 23:29:00,50.1110094970102
2025-06-12 23:15:00,74.0
2025-06-12 11:53:00,31.4
2025-06-12 02:01:00,10.2
2025-06-12 04:13:00,69.4
2025-06-12 01:27:00,73.9
2025-06-12 03:29:00,50.4
2025-06-12 21:04:00,25.0
2025-06-12 22:20:00,14.8
2025-06-12 08:41:00,66.5
2025-06-12 05:51:00,94.7
2025-06-12 05:28:00,40.7
2025-06-12 12:03:00,47.4
2025-06-12 12:08:00,21.9
2025-06-12 18:18:00,93.8
2025-06-12 21:46:00,74.8
2025-06-12 13:54:00,22.4
2025-06-12 15:56:00,25.8
2025-06-12 06:43:00,50.1110094970102
2025-06-12 10:19:00,40.9
2025-06-12 21:26:00,38.4
2025-06-12 15:49:00,50.1110094970102
2025-06-12 03:42:00,70.7
2025-06-12 11:13:00,21.1
2025-06-12 16:45:00,39.4
2025-06-12 14:38:00,70.1
2025-06-12 15:34:00,62.8
2025-06-12 10:21:00,49.3
2025-06-12 07:24:00,48.1
2025-06-12 23:40:00,62.2
2025-06-12 08:18:00,67.8
2025-06-12 08:43:00,4.5
2025-06-12 03:05:00,45.3
2025-06-12 00:44:00,7.6
2025-06-12 03:37:00,42.2
2025-06-12 22:26:00,97.4
2025-06-12 10:18:00,66.8
2025-06-12 22:13:00,27.9
2025-06-12 23:28:00,28.0
2025-06-12 04:56:00,19.1
2025-06-12 16:21:00,14.5
2025-06-12 23:36:00,50.1110094970102
2025-06-12 16:06:00,40.5
2025-06-12 08:19:00,24.5
2025-06-12 02:21:00,0.4
2025-06-12 10:10:00,94.4
2025-06-12 23:53:00,29.2
2025-06-12 18:20:00,61.5
2025-06-12 12:48:00,79.4
2025-06-12 15:12:00,50.1110094970102
2025-06-12 21:42:00,15.8
2025-06-12 03:32:00,97.4
2025-06-12 00:23:00,72.6
2025-06-12 13:12:00,4.7
2025-06-12 06:12:00,11.5
2025-06-12 03:31:00,86.8
2025-06-12 11:15:00,94.7
2025-06-12 09:23:00,81.0
2025-06-12 10:38:00,69.1
2025-06-12 11:46:00,50.1110094970102
2025-06-12 10:13:00,73.9
2025-06-12 05:50:00,17.4
2025-06-12 14:57:00,50.1110094970102
2025-06-12 14:36:00,16.7
2025-06-12 17:58:00,46.3
2025-06-12 09:11:00,50.1110094970102
2025-06-12 12:20:00,17.7
2025-06-12 09:22:00,26.2
2025-06-12 14:50:00,42.8
2025-06-12 04:54:00,38.5
2025-06-12 14:58:00,37.0
2025-06-12 16:47:00,69.4
2025-06-12 17:02:00,50.1110094970102
2025-06-12 20:00:00,47.9
2025-06-12 13:38:00,50.1110094970102
2025-06-12 14:28:00,71.0
2025-06-12 02:47:00,40.6
2025-06-12 16:34:00,6.7
2025-06-12 19:07:00,50.1110094970102
2025-06-12 23:03:00,12.0
2025-06-12 08:08:00,18.6
2025-06-12 11:59:00,86.4
2025-06-12 16:20:00,81.3
2025-06-12 17:34:00,50.1110094970102
2025-06-12 10:08:00,48.0
2025-06-12 00:21:00,97.4
2025-06-12 06:25:00,13.2
2025-06-12 19:24:00,71.0
2025-06-12 13:44:00,28.2
2025-06-12 04:48:00,64.7
2025-06-12 22:47:00,49.0
2025-06-12 16:32:00,50.1110094970102
2025-06-12 02:18:00,32.5
2025-06-12 16:22:00,40.8
2025-06-12 18:47:00,19.2
2025-06-12 12:25:00,50.1110094970102
2025-06-12 03:56:00,2.5
2025-06-12 06:39:00,50.1110094970102
2025-06-12 21:12:00,89.1
2025-06-12 14:59:00,46.9
2025-06-12 04:12:00,50.1110094970102
2025-06-12 09:37:00,51.2
2025-06-12 20:49:00,40.7
2025-06-12 05:10:00,47.5
2025-06-12 21:51:00,50.1110094970102
2025-06-12 22:58:00,20.8
2025-06-12 23:00:00,50.0
2025-06-12 01:41:00,51.8
2025-06-12 17:26:00,99.8
2025-06-12 15:17:00,1.1
2025-06-12 09:39:00,41.8
2025-06-12 10:50:00,36.2
2025-06-12 16:44:00,87.4
2025-06-12 18:01:00,82.9
2025-06-12 05:33:00,34.5
2025-06-12 02:53:00,99.5
2025-06-12 17:40:00,7.6
2025-06-12 16:58:00,61.5
2025-06-12 06:40:00,50.1110094970102
2025-06-12 05:59:00,12.2
2025-06-12 00:53:00,88.9
2025-06-12 02:33:00,64.0
2025-06-12 01:19:00,0.9
2025-06-12 20:21:00,97.0
2025-06-12 15:40:00,55.7
2025-06-12 11:50:00,50.1110094970102
2025-06-12 02:59:00,86.5
2025-06-12 11:58:00,65.1
2025-06-12 12:41:00,50.1110094970102
2025-06-12 20:51:00,19.6
2025-06-12 01:49:00,36.8
2025-06-12 16:10:00,7.8
2025-06-12 20:55:00,37.4
2025-06-12 01:52:00,4.5
2025-06-12 18:31:00,50.1110094970102
2025-06-12 15:45:00,50.1110094970102
2025-06-12 01:37:00,50.1110094970102
2025-06-12 19:41:00,10.2
2025-06-12 06:07:00,47.1
2025-06-12 01:02:00,69.4
2025-06-12 01:46:00,16.4
2025-06-12 00:27:00,18.4
2025-06-12 04:11:00,9.7
2025-06-12 05:18:00,31.3
2025-06-12 05:26:00,94.9
2025-06-12 22:34:00,50.1110094970102
2025-06-12 07:19:00,50.1110094970102
2025-06-12 17:23:00,20.6
2025-06-12 17:10:00,11.9
2025-06-12 17:10:00,37.4
2025-06-12 08:43:00,6.5
2025-06-12 16:45:00,4.8
2025-06-12 04:00:00,9.4
2025-06-12 16:44:00,12.5
2025-06-12 00:56:00,32.0
2025-06-12 12:35:00,64.1
2025-06-12 20:15:00,87.9
2025-06-12 16:48:00,38.2
2025-06-12 20:16:00,27.5
2025-06-12 21:46:00,50.26990393626991
2025-06-12 16:14:00,28.0
2025-06-12 14:38:00,50.26990393626991
2025-06-12 23:20:00,83.9
2025-06-12 10:55:00,50.26990393626991
2025-06-12 16:42:00,59.8
2025-06-12 17:20:00,40.5
2025-06-12 10:11:00,6.6
2025-06-12 21:07:00,0.1
2025-06-12 08:32:00,29.0
2025-06-12 22:31:00,76.5
2025-06-12 14:44:00,51.3
2025-06-12 05:01:00,50.26990393626991
2025-06-12 03:38:00,50.26990393626991
2025-06-12 17:44:00,50.26990393626991
2025-06-12 05:23:00,65.1
2025-06-12 01:04:00,72.9
2025-06-12 11:54:00,29.2
2025-06-12 05:59:00,71.5
2025-06-12 22:59:00,10.8
2025-06-12 02:00:00,60.8
2025-06-12 14:06:00,11.1
2025-06-12 00:54:00,50.26990393626991
2025-06-12 20:54:00,16.6
2025-06-12 09:32:00,35.5
2025-06-12 13:03:00,30.5
2025-06-12 22:34:00,22.3
2025-06-12 00:38:00,24.8
2025-06-12 06:27:00,9.5
2025-06-12 02:54:00,50.26990393626991
2025-06-12 03:22:00,24.2
2025-06-12 01:47:00,69.0
2025-06-12 06:12:00,25.1
2025-06-12 05:45:00,50.26990393626991
2025-06-12 14:42:00,95.5
2025-06-12 22:11:00,46.3
2025-06-12 16:38:00,10.6
2025-06-12 20:24:00,66.0
2025-06-12 13:35:00,1.7
2025-06-12 11:41:00,30.1
2025-06-12 09:51:00,19.9
2025-06-12 17:05:00,6.4
2025-06-12 01:55:00,32.4
2025-06-12 00:55:00,49.6
2025-06-12 08:35:00,1.4
2025-06-12 12:12:00,68.0
2025-06-12 00:36:00,79.9
2025-06-12 20:43:00,23.5
2025-06-12 10:30:00,29.9
2025-06-12 06:54:00,21.0
2025-06-12 02:33:00,80.0
2025-06-12 20:31:00,21.0
2025-06-12 09:55:00,83.0
2025-06-12 12:10:00,73.8
2025-06-12 04:49:00,50.26990393626991
2025-06-12 20:02:00,25.7
2025-06-12 22:04:00,50.26990393626991
2025-06-12 12:38:00,18.0
2025-06-12 12:53:00,98.0
2025-06-12 07:12:00,96.1
2025-06-12 17:47:00,7.9
2025-06-12 23:04:00,49.0
2025-06-12 07:00:00,57.5
2025-06-12 01:36:00,68.2
2025-06-12 09:43:00,50.26990393626991
2025-06-12 08:45:00,50.26990393626991
2025-06-12 11:11:00,72.2
2025-06-12 06:44:00,22.4
2025-06-12 12:28:00,92.9
2025-06-12 00:08:00,20.0
2025-06-12 20:11:00,16.6
2025-06-12 17:45:00,88.5
2025-06-12 11:21:00,52.1
2025-06-12 09:18:00,8.0
2025-06-12 16:55:00,63.9
2025-06-12 04:41:00,2.8
2025-06-12 03:07:00,50.26990393626991
2025-06-12 18:10:00,7.4
2025-06-12 09:04:00,21.1
2025-06-12 19:56:00,70.5
2025-06-12 06:46:00,85.2
2025-06-12 10:34:00,50.26990393626991
2025-06-12 03:26:00,63.0
2025-06-12 15:24:00,62.0
2025-06-12 21:16:00,96.9
2025-06-12 17:41:00,96.7
2025-06-12 21:45:00,73.8
2025-06-12 22:25:00,33.4
2025-06-12 14:29:00,82.9
2025-06-12 21:11:00,8.5
2025-06-12 10:48:00,57.1
2025-06-12 12:15:00,95.4
2025-06-12 21:27:00,50.26990393626991
2025-06-12 15:02:00,5.8
2025-06-12 04:19:00,18.8
2025-06-12 08:41:00,98.6
2025-06-12 11:53:00,27.6
2025-06-12 11:50:00,94.7
2025-06-12 08:09:00,82.6
2025-06-12 00:53:00,21.7
2025-06-12 18:22:00,78.2
2025-06-12 21:13:00,50.26990393626991
2025-06-12 00:30:00,50.26990393626991
2025-06-12 06:53:00,65.3
2025-06-12 00:32:00,65.5
2025-06-12 13:09:00,69.8
2025-06-12 10:03:00,62.0
2025-06-12 05:32:00,41.5
2025-06-12 15:28:00,50.6
2025-06-12 14:37:00,13.2
2025-06-12 06:22:00,61.8
2025-06-12 08:10:00,49.3
2025-06-12 14:49:00,49.0
2025-06-12 05:28:00,50.26990393626991
2025-06-12 14:21:00,23.4
2025-06-12 11:17:00,65.2
2025-06-12 04:15:00,8.4
2025-06-12 10:57:00,6.0
2025-06-12 12:22:00,18.7
2025-06-12 19:36:00,87.1
2025-06-12 08:53:00,38.7
2025-06-12 10:25:00,35.6
2025-06-12 05:08:00,89.0
2025-06-12 16:58:00,16.8
2025-06-12 00:39:00,8.9
2025-06-12 02:35:00,94.7
2025-06-12 11:25:00,36.9
2025-06-12 09:03:00,50.26990393626991
2025-06-12 14:25:00,60.2
2025-06-12 11:56:00,38.8
2025-06-12 14:10:00,14.8
2025-06-12 16:09:00,21.2
2025-06-12 11:38:00,22.7
2025-06-12 01:18:00,35.9
2025-06-12 01:10:00,16.0
2025-06-12 01:44:00,52.5
2025-06-12 23:58:00,76.5
2025-06-12 02:03:00,44.2
2025-06-12 22:52:00,86.3
2025-06-12 02:21:00,32.3
2025-06-12 08:13:00,93.0
2025-06-12 12:49:00,50.26990393626991
2025-06-12 11:12:00,53.5
2025-06-12 22:56:00,11.7
2025-06-12 16:49:00,54.2
2025-06-12 17:33:00,50.26990393626991
2025-06-12 00:04:00,18.9
2025-06-12 10:15:00,20.2
2025-06-12 03:44:00,52.0
2025-06-12 01:52:00,5.1
2025-06-12 18:11:00,46.8
2025-06-12 13:17:00,14.4
2025-06-12 20:40:00,15.8
2025-06-12 14:41:00,66.5
2025-06-12 06:10:00,80.1
2025-06-12 02:44:00,20.3
2025-06-12 05:16:00,50.26990393626991
2025-06-12 20:35:00,90.6
2025-06-12 13:00:00,49.2
2025-06-12 10:58:00,10.8
2025-06-12 10:52:00,88.6
2025-06-12 13:14:00,98.4
2025-06-12 14:00:00,18.1
2025-06-12 18:32:00,24.4
2025-06-12 20:49:00,3.7
2025-06-12 18:49:00,62.9
2025-06-12 01:45:00,67.8
2025-06-12 01:30:00,17.4
2025-06-12 03:50:00,30.0
2025-06-12 16:05:00,28.2
2025-06-12 08:31:00,60.1
2025-06-12 10:16:00,50.26990393626991
2025-06-12 19:53:00,81.2
2025-06-12 16:00:00,38.6
2025-06-12 16:27:00,71.3
2025-06-12 05:30:00,50.26990393626991
2025-06-12 05:38:00,99.0
2025-06-12 02:05:00,56.6
2025-06-12 08:07:00,26.2
2025-06-12 10:18:00,99.2
2025-06-12 04:09:00,67.8
2025-06-12 05:54:00,50.26990393626991
2025-06-12 13:11:00,18.2
2025-06-12 17:30:00,18.6
2025-06-12 02:42:00,59.7
2025-06-12 02:49:00,68.4
2025-06-12 00:03:00,50.26990393626991
2025-06-12 13:54:00,89.3
2025-06-12 10:36:00,78.2
2025-06-12 07:08:00,50.26990393626991
2025-06-12 20:58:00,52.0
2025-06-12 06:42:00,20.8
2025-06-12 15:54:00,33.9
2025-06-12 15:19:00,4.0
2025-06-12 15:22:00,84.1
2025-06-12 08:16:00,4.0
2025-06-12 01:38:00,10.6
2025-06-12 08:12:00,81.7
2025-06-12 02:09:00,85.4
2025-06-12 04:35:00,57.2
2025-06-12 05:00:00,50.26990393626991
2025-06-12 22:12:00,99.1
2025-06-12 22:16:00,50.7
2025-06-12 20:23:00,40.2
2025-06-12 01:07:00,89.0
2025-06-12 05:09:00,42.9
2025-06-12 11:01:00,81.9
2025-06-12 09:42:00,42.0
2025-06-12 01:42:00,90.0
2025-06-12 01:26:00,61.9
2025-06-12 11:52:00,82.0
2025-06-12 15:23:00,79.2
2025-06-12 03:37:00,26.6
2025-06-12 01:24:00,15.9
2025-06-12 13:41:00,76.2
2025-06-12 08:56:00,54.0
2025-06-12 12:55:00,25.8
2025-06-12 08:57:00,50.26990393626991
2025-06-12 05:12:00,92.2
2025-06-12 05:53:00,60.1
2025-06-12 05:03:00,78.5
2025-06-12 16:20:00,52.5
2025-06-12 05:42:00,24.5
2025-06-12 01:27:00,37.7
2025-06-12 00:44:00,30.6
2025-06-12 00:59:00,39.8
2025-06-12 06:41:00,14.9
2025-06-12 18:02:00,69.1
2025-06-12 15:27:00,26.1
2025-06-12 06:15:00,50.26990393626991
2025-06-12 18:15:00,26.4
2025-06-12 05:31:00,50.26990393626991
2025-06-12 08:24:00,50.26990393626991
2025-06-12 19:20:00,50.26990393626991
2025-06-12 07:31:00,27.2
2025-06-12 15:31:00,0.3
2025-06-12 02:15:00,55.2
2025-06-12 13:48:00,49.2
2025-06-12 17:52:00,50.26990393626991
2025-06-12 03:09:00,24.0
2025-06-12 14:18:00,77.4
2025-06-12 06:20:00,11.8
2025-06-12 14:51:00,7.8
2025-06-12 19:24:00,7.7
2025-06-12 19:55:00,32.8
2025-06-12 05:44:00,92.5
2025-06-12 20:50:00,82.6
2025-06-12 12:54:00,32.7
2025-06-12 22:46:00,95.7
2025-06-12 00:49:00,66.8
2025-06-12 01:00:00,86.1
2025-06-12 08:34:00,49.3
2025-06-12 06:08:00,28.4
2025-06-12 05:46:00,79.4
2025-06-12 12:31:00,50.26990393626991
2025-06-12 22:03:00,11.7
2025-06-12 00:42:00,87.9
2025-06-12 03:01:00,50.26990393626991
2025-06-12 17:14:00,62.3
2025-06-12 19:15:00,50.26990393626991
2025-06-12 14:15:00,63.7
2025-06-12 10:39:00,55.0
2025-06-12 11:42:00,67.6
2025-06-12 23:18:00,66.7
2025-06-12 17:32:00,19.6
2025-06-12 12:59:00,10.3
2025-06-12 17:06:00,27.6
2025-06-12 07:25:00,50.26990393626991
2025-06-12 19:14:00,78.4
2025-06-12 02:18:00,67.7
2025-06-12 21:17:00,86.3
2025-06-12 18:36:00,8.5
2025-06-12 12:05:00,36.6
2025-06-12 00:45:00,65.0
2025-06-12 20:51:00,77.0
2025-06-12 04:40:00,50.26990393626991
2025-06-12 20:47:00,31.0
2025-06-12 22:37:00,19.2
2025-06-12 20:07:00,50.9
2025-06-12 06:35:00,49.3
2025-06-12 10:29:00,90.6
2025-06-12 05:40:00,10.3
2025-06-12 12:20:00,50.26990393626991
2025-06-12 00:26:00,2.5
2025-06-12 14:59:00,18.1
2025-06-12 18:52:00,85.8
2025-06-12 22:39:00,50.26990393626991
2025-06-12 15:33:00,95.3
2025-06-12 03:17:00,61.2
2025-06-12 22:40:00,50.26990393626991
2025-06-12 06:09:00,88.8
2025-06-12 13:32:00,50.26990393626991
2025-06-12 02:32:00,4.7
2025-06-12 00:43:00,77.7
2025-06-12 00:16:00,95.3
2025-06-12 07:44:00,76.1
2025-06-12 21:48:00,49.485271956675305
2025-06-12 05:32:00,49.485271956675305
2025-06-12 13:34:00,83.5
2025-06-12 21:24:00,67.7
2025-06-12 23:50:00,30.6
2025-06-12 09:14:00,93.6
2025-06-12 08:02:00,36.6
2025-06-12 18:22:00,49.485271956675305
2025-06-12 22:45:00,5.1
2025-06-12 05:18:00,36.9
2025-06-12 20:29:00,9.4
2025-06-12 18:56:00,30.1
2025-06-12 12:56:00,51.8
2025-06-12 12:52:00,30.6
2025-06-12 16:59:00,18.2
2025-06-12 02:14:00,62.2
2025-06-12 15:40:00,88.1
2025-06-12 20:30:00,23.1
2025-06-12 17:36:00,90.3
2025-06-12 05:56:00,69.1
2025-06-12 11:13:00,10.5
2025-06-12 01:58:00,55.8
2025-06-12 19:29:00,18.6
2025-06-12 22:47:00,25.4
2025-06-12 07:46:00,73.1
2025-06-12 14:07:00,1.5
2025-06-12 12:11:00,49.485271956675305
2025-06-12 18:08:00,21.7
2025-06-12 21:39:00,27.6
2025-06-12 00:06:00,80.5
2025-06-12 00:26:00,49.485271956675305
2025-06-12 19:17:00,34.3
2025-06-12 04:09:00,66.2
2025-06-12 08:10:00,90.5
2025-06-12 08:19:00,56.1
2025-06-12 08:08:00,49.485271956675305
2025-06-12 17:48:00,73.0
2025-06-12 03:26:00,49.485271956675305
2025-06-12 09:40:00,28.7
2025-06-12 11:57:00,20.7
2025-06-12 10:51:00,45.9
2025-06-12 09:05:00,16.7
2025-06-12 16:37:00,80.1
2025-06-12 04:46:00,49.485271956675305
2025-06-12 03:48:00,43.8
2025-06-12 07:34:00,93.0
2025-06-12 01:53:00,49.485271956675305
2025-06-12 15:26:00,13.3
2025-06-12 01:12:00,47.5
2025-06-12 15:36:00,49.485271956675305
2025-06-12 08:34:00,99.4
2025-06-12 17:14:00,26.4
2025-06-12 01:32:00,15.9
2025-06-12 00:08:00,72.4
2025-06-12 14:56:00,31.7
2025-06-12 03:24:00,90.9
2025-06-12 03:33:00,49.485271956675305
2025-06-12 21:28:00,63.3
2025-06-12 15:15:00,3.2
2025-06-12 16:23:00,17.5
2025-06-12 08:09:00,49.485271956675305
2025-06-12 20:58:00,73.3
2025-06-12 08:00:00,49.485271956675305
2025-06-12 22:15:00,79.3
2025-06-12 09:12:00,41.5
2025-06-12 18:44:00,49.485271956675305
2025-06-12 05:27:00,32.3
2025-06-12 13:01:00,49.9
2025-06-12 13:19:00,49.485271956675305
2025-06-12 01:04:00,68.7
2025-06-12 08:53:00,81.1
2025-06-12 19:06:00,50.7
2025-06-12 01:23:00,10.6
2025-06-12 12:10:00,70.7
2025-06-12 16:54:00,8.6
2025-06-12 16:21:00,20.3
2025-06-12 16:16:00,88.4
2025-06-12 21:12:00,87.1
2025-06-12 06:56:00,93.2
2025-06-12 21:26:00,97.8
2025-06-12 00:45:00,69.6
2025-06-12 11:52:00,69.2
2025-06-12 17:03:00,46.6
2025-06-12 06:21:00,39.4
2025-06-12 18:21:00,25.0
2025-06-12 05:36:00,49.485271956675305
2025-06-12 09:39:00,5.9
2025-06-12 16:08:00,63.5
2025-06-12 00:32:00,65.7
2025-06-12 17:58:00,49.485271956675305
2025-06-12 21:03:00,89.5
2025-06-12 04:15:00,12.2
2025-06-12 09:50:00,45.6
2025-06-12 10:13:00,9.4
2025-06-12 19:10:00,76.5
2025-06-12 16:33:00,28.5
2025-06-12 23:13:00,28.1
2025-06-12 20:24:00,49.485271956675305
2025-06-12 01:56:00,39.1
2025-06-12 20:45:00,49.485271956675305
2025-06-12 02:02:00,17.0
2025-06-12 12:04:00,11.8
2025-06-12 02:49:00,54.2
2025-06-12 02:53:00,49.485271956675305
2025-06-12 00:23:00,64.5
2025-06-12 07:30:00,49.485271956675305
2025-06-12 10:17:00,82.5
2025-06-12 10:12:00,77.5
2025-06-12 08:55:00,5.5
2025-06-12 02:57:00,84.2
2025-06-12 15:55:00,49.485271956675305
2025-06-12 13:08:00,48.8
2025-06-12 07:28:00,18.3
2025-06-12 13:54:00,59.5
2025-06-12 11:18:00,49.485271956675305
2025-06-12 12:54:00,49.485271956675305
2025-06-12 07:08:00,60.0
2025-06-12 10:53:00,15.7
2025-06-12 16:47:00,17.8
2025-06-12 14:42:00,49.485271956675305
2025-06-12 20:46:00,5.8
2025-06-12 01:29:00,54.4
2025-06-12 03:11:00,85.1
2025-06-12 17:49:00,7.0
2025-06-12 18:58:00,50.2
2025-06-12 18:23:00,40.1
2025-06-12 05:48:00,19.9
2025-06-12 05:47:00,49.485271956675305
2025-06-12 04:19:00,25.8
2025-06-12 22:01:00,71.4
2025-06-12 12:19:00,98.3
2025-06-12 14:57:00,37.4
2025-06-12 01:38:00,9.0
2025-06-12 16:41:00,78.5
2025-06-12 19:41:00,75.3
2025-06-12 06:17:00,59.8
2025-06-12 01:41:00,49.485271956675305
2025-06-12 00:12:00,74.1
2025-06-12 06:35:00,18.5
2025-06-12 09:52:00,48.6
2025-06-12 10:39:00,52.2
2025-06-12 23:33:00,52.6
2025-06-12 00:22:00,20.7
2025-06-12 03:52:00,36.8
2025-06-12 10:37:00,6.6
2025-06-12 06:59:00,49.485271956675305
2025-06-12 23:01:00,69.4
2025-06-12 00:50:00,9.4
2025-06-12 09:51:00,11.9
2025-06-12 16:40:00,88.4
2025-06-12 06:48:00,72.8
2025-06-12 16:45:00,88.2
2025-06-12 13:29:00,37.6
2025-06-12 09:00:00,74.5
2025-06-12 13:30:00,72.0
2025-06-12 17:53:00,42.2
2025-06-12 10:05:00,67.8
2025-06-12 19:16:00,2.9
2025-06-12 07:39:00,24.3
2025-06-12 08:59:00,49.485271956675305
2025-06-12 08:45:00,78.0
2025-06-12 06:11:00,96.7
2025-06-12 01:15:00,89.5
2025-06-12 01:50:00,3.3
2025-06-12 17:00:00,27.6
2025-06-12 18:33:00,49.485271956675305
2025-06-12 20:41:00,99.1
2025-06-12 09:17:00,78.4
2025-06-12 13:35:00,49.485271956675305
2025-06-12 23:16:00,39.5
2025-06-12 06:33:00,49.485271956675305
2025-06-12 22:05:00,93.8
2025-06-12 09:30:00,76.7
2025-06-12 05:39:00,42.1
2025-06-12 09:26:00,37.4
2025-06-12 06:00:00,81.7
2025-06-12 04:14:00,49.485271956675305
2025-06-12 17:13:00,74.7
2025-06-12 12:40:00,22.1
2025-06-12 14:22:00,99.0
2025-06-12 13:10:00,78.2
2025-06-12 18:16:00,55.3
2025-06-12 08:17:00,49.485271956675305
2025-06-12 19:53:00,49.485271956675305
2025-06-12 09:09:00,56.8
2025-06-12 15:13:00,77.9
2025-06-12 06:40:00,43.2
2025-06-12 20:14:00,98.5
2025-06-12 06:55:00,32.5
2025-06-12 06:47:00,70.6
2025-06-12 16:44:00,75.9
2025-06-12 11:48:00,49.4
2025-06-12 03:53:00,49.485271956675305
2025-06-12 12:24:00,21.3
2025-06-12 21:14:00,96.2
2025-06-12 05:37:00,17.7
2025-06-12 17:54:00,67.3
2025-06-12 03:28:00,42.6
2025-06-12 04:55:00,46.9
2025-06-12 09:53:00,75.6
2025-06-12 21:19:00,26.8
2025-06-12 13:56:00,67.8
2025-06-12 17:10:00,52.0
2025-06-12 19:13:00,49.485271956675305
2025-06-12 13:55:00,92.4
2025-06-12 01:47:00,0.7
2025-06-12 20:00:00,23.6
2025-06-12 23:02:00,42.7
2025-06-12 15:41:00,70.8
2025-06-12 15:37:00,54.4
2025-06-12 20:54:00,97.3
2025-06-12 12:30:00,10.7
2025-06-12 19:39:00,31.0
2025-06-12 13:51:00,91.3
2025-06-12 04:58:00,17.9
2025-06-12 21:25:00,46.8
2025-06-12 13:31:00,42.6
2025-06-12 06:12:00,39.7
2025-06-12 20:06:00,78.1
2025-06-12 13:27:00,7.5
2025-06-12 12:29:00,95.8
2025-06-12 00:13:00,98.1
2025-06-12 10:34:00,49.485271956675305
2025-06-12 01:44:00,60.7
2025-06-12 18:11:00,42.0
2025-06-12 04:17:00,79.6
2025-06-12 15:25:00,58.2
2025-06-12 13:46:00,90.4
2025-06-12 15:18:00,48.2
2025-06-12 07:38:00,45.7
2025-06-12 16:32:00,76.6
2025-06-12 07:21:00,60.3
2025-06-12 11:01:00,18.5
2025-06-12 03:51:00,79.6
2025-06-12 08:49:00,49.485271956675305
2025-06-12 20:26:00,26.2
2025-06-12 07:59:00,44.9
2025-06-12 22:38:00,18.5
2025-06-12 00:39:00,94.9
2025-06-12 15:45:00,54.4
2025-06-12 08:25:00,93.2
2025-06-12 14:11:00,49.485271956675305
2025-06-12 16:24:00,72.1
2025-06-12 07:09:00,25.3
2025-06-12 17:56:00,34.2
2025-06-12 21:06:00,64.4
2025-06-12 17:21:00,9.2
2025-06-12 19:00:00,36.5
2025-06-12 06:05:00,20.6
2025-06-12 15:43:00,38.4
2025-06-12 11:00:00,49.485271956675305
2025-06-12 19:21:00,93.3
2025-06-12 10:29:00,65.7
2025-06-12 18:48:00,41.5
2025-06-12 07:52:00,43.7
2025-06-12 15:33:00,79.2
2025-06-12 02:47:00,49.485271956675305
2025-06-12 09:27:00,41.9
2025-06-12 17:22:00,50.0997191011236
2025-06-12 21:32:00,50.0997191011236
2025-06-12 12:09:00,63.8
2025-06-12 12:04:00,25.5
2025-06-12 11:07:00,24.7
2025-06-12 19:42:00,27.5
2025-06-12 00:08:00,89.7
2025-06-12 17:10:00,90.7
2025-06-12 09:47:00,60.0
2025-06-12 00:09:00,80.8
2025-06-12 06:55:00,50.4
2025-06-12 07:55:00,34.7
2025-06-12 21:31:00,7.5
2025-06-12 02:25:00,94.5
2025-06-12 02:07:00,5.2
2025-06-12 17:39:00,44.9
2025-06-12 11:27:00,50.0997191011236
2025-06-12 23:38:00,89.1
2025-06-12 09:05:00,55.8
2025-06-12 03:56:00,50.0997191011236
2025-06-12 10:32:00,22.2
2025-06-12 06:58:00,3.9
2025-06-12 12:46:00,18.8
2025-06-12 11:47:00,50.0997191011236
2025-06-12 10:28:00,7.2
2025-06-12 13:36:00,32.9
2025-06-12 13:05:00,10.2
2025-06-12 02:49:00,42.4
2025-06-12 06:15:00,50.0997191011236
2025-06-12 16:26:00,26.2
2025-06-12 07:29:00,55.7
2025-06-12 10:48:00,74.3
2025-06-12 20:39:00,30.8
2025-06-12 06:04:00,57.7
2025-06-12 02:02:00,55.9
2025-06-12 12:57:00,80.8
2025-06-12 16:31:00,50.0997191011236
2025-06-12 14:00:00,50.0997191011236
2025-06-12 19:36:00,80.3
2025-06-12 22:14:00,19.6
2025-06-12 01:13:00,3.4
2025-06-12 09:16:00,88.1
2025-06-12 17:18:00,40.5
2025-06-12 03:11:00,50.0997191011236
2025-06-12 10:34:00,46.3
2025-06-12 17:21:00,50.0997191011236
2025-06-12 16:01:00,35.4
2025-06-12 14:35:00,96.9
2025-06-12 15:57:00,81.9
2025-06-12 00:03:00,79.4
2025-06-12 16:41:00,55.6
2025-06-12 21:06:00,13.6
2025-06-12 10:26:00,34.9
2025-06-12 19:58:00,50.0997191011236
2025-06-12 23:11:00,87.2
2025-06-12 18:19:00,47.8
2025-06-12 09:52:00,50.0997191011236
2025-06-12 20:01:00,12.5
2025-06-12 02:43:00,50.0997191011236
2025-06-12 22:26:00,67.2
2025-06-12 21:17:00,83.6
2025-06-12 13:14:00,50.0997191011236
2025-06-12 18:04:00,13.1
2025-06-12 15:36:00,96.4
2025-06-12 08:29:00,29.6
2025-06-12 15:02:00,9.8
2025-06-12 12:19:00,70.7
2025-06-12 17:55:00,44.9
2025-06-12 11:59:00,93.2
2025-06-12 15:29:00,47.0
2025-06-12 22:09:00,50.0997191011236
2025-06-12 01:18:00,50.9
2025-06-12 20:41:00,78.6
2025-06-12 19:10:00,96.7
2025-06-12 04:59:00,87.2
2025-06-12 01:11:00,5.6
2025-06-12 14:31:00,37.6
2025-06-12 09:19:00,49.0
2025-06-12 13:07:00,88.0
2025-06-12 12:22:00,8.8
2025-06-12 17:50:00,80.0
2025-06-12 04:51:00,50.0997191011236
2025-06-12 14:07:00,50.0997191011236
2025-06-12 10:05:00,42.5
2025-06-12 13:11:00,28.1
2025-06-12 21:23:00,93.0
2025-06-12 19:48:00,22.5
2025-06-12 15:30:00,49.3
2025-06-12 04:29:00,50.0997191011236
2025-06-12 20:23:00,50.0997191011236
2025-06-12 21:57:00,50.0997191011236
2025-06-12 18:41:00,5.0
2025-06-12 08:44:00,63.7
2025-06-12 14:23:00,89.7
2025-06-12 11:04:00,97.6
2025-06-12 08:15:00,1.7
2025-06-12 23:03:00,36.2
2025-06-12 19:52:00,50.0997191011236
2025-06-12 10:45:00,77.2
2025-06-12 15:59:00,42.7
2025-06-12 20:14:00,99.3
2025-06-12 11:17:00,50.0997191011236
2025-06-12 05:22:00,43.3
2025-06-12 00:02:00,42.4
2025-06-12 05:11:00,93.5
2025-06-12 16:59:00,22.2
2025-06-12 18:57:00,15.6
2025-06-12 11:28:00,56.9
2025-06-12 08:20:00,73.7
2025-06-12 08:52:00,27.4
2025-06-12 17:58:00,50.0997191011236
2025-06-12 20:06:00,15.4
2025-06-12 19:54:00,9.8
2025-06-12 02:16:00,50.0997191011236
2025-06-12 08:24:00,8.9
2025-06-12 23:30:00,81.8
2025-06-12 22:42:00,78.3
2025-06-12 15:20:00,50.0997191011236
2025-06-12 12:10:00,59.7
2025-06-12 01:03:00,9.1
2025-06-12 16:46:00,2.3
2025-06-12 11:42:00,50.0997191011236
2025-06-12 21:38:00,27.7
2025-06-12 15:06:00,0.6
2025-06-12 22:46:00,27.3
2025-06-12 20:52:00,58.2
2025-06-12 05:29:00,74.1
2025-06-12 04:28:00,50.0997191011236
2025-06-12 17:45:00,38.1
2025-06-12 02:01:00,22.4
2025-06-12 15:12:00,13.8
2025-06-12 11:22:00,3.9
2025-06-12 14:21:00,5.2
2025-06-12 04:32:00,75.3
2025-06-12 21:54:00,50.0997191011236
2025-06-12 04:13:00,27.7
2025-06-12 03:43:00,61.4
2025-06-12 20:37:00,81.4
2025-06-12 19:25:00,16.0
2025-06-12 15:55:00,85.7
2025-06-12 01:37:00,50.1
2025-06-12 16:52:00,58.1
2025-06-12 13:06:00,50.0997191011236
2025-06-12 03:26:00,99.9
2025-06-12 19:14:00,42.4
2025-06-12 22:25:00,50.0997191011236
2025-06-12 05:02:00,18.7
2025-06-12 09:02:00,17.6
2025-06-12 09:46:00,50.0997191011236
2025-06-12 05:49:00,14.7
2025-06-12 10:50:00,6.4
2025-06-12 19:31:00,21.7
2025-06-12 12:26:00,33.6
2025-06-12 13:37:00,36.1
2025-06-12 23:47:00,56.3
2025-06-12 15:44:00,49.3
2025-06-12 17:59:00,41.2
2025-06-12 16:32:00,26.2
2025-06-12 21:46:00,50.0997191011236
2025-06-12 14:15:00,7.0
2025-06-12 09:41:00,20.2
2025-06-12 15:53:00,6.4
2025-06-12 18:46:00,81.9
2025-06-12 20:10:00,50.0997191011236
2025-06-12 13:01:00,50.0997191011236
2025-06-12 18:13:00,74.9
2025-06-12 18:53:00,59.6
2025-06-12 11:13:00,26.2
2025-06-12 11:03:00,38.1
2025-06-12 12:17:00,88.5
2025-06-12 13:15:00,54.3
2025-06-12 00:24:00,26.6
2025-06-12 23:20:00,32.1
2025-06-12 13:31:00,94.6
2025-06-12 07:17:00,65.8
2025-06-12 07:08:00,0.3
2025-06-12 06:56:00,53.9
2025-06-12 04:48:00,50.0997191011236
2025-06-12 13:32:00,44.0
2025-06-12 22:03:00,97.9
2025-06-12 12:01:00,51.9
2025-06-12 20:36:00,80.6
2025-06-12 11:21:00,94.5
2025-06-12 17:00:00,50.0997191011236
2025-06-12 09:45:00,89.4
2025-06-12 01:19:00,50.0997191011236
2025-06-12 15:31:00,50.0997191011236
2025-06-12 12:24:00,52.1
2025-06-12 17:49:00,50.0997191011236
2025-06-12 01:46:00,62.0
2025-06-12 22:37:00,82.6
2025-06-12 17:35:00,50.0997191011236
2025-06-12 19:06:00,47.2
2025-06-12 01:45:00,95.3
2025-06-12 20:40:00,50.0997191011236
2025-06-12 14:44:00,99.1
2025-06-12 02:36:00,29.8
2025-06-12 17:04:00,78.5
2025-06-12 19:35:00,62.1
2025-06-12 20:35:00,26.4
2025-06-12 23:16:00,63.2
2025-06-12 03:20:00,21.1
2025-06-12 03:39:00,3.9
2025-06-12 14:36:00,50.0997191011236
2025-06-12 00:58:00,69.5
2025-06-12 18:10:00,51.3
2025-06-12 12:07:00,72.7
2025-06-12 04:25:00,46.4
2025-06-12 04:46:00,53.1
2025-06-12 10:04:00,64.1
2025-06-12 00:32:00,77.8
2025-06-12 14:34:00,34.1
2025-06-12 18:55:00,87.1
2025-06-12 23:25:00,50.0997191011236
2025-06-12 13:33:00,79.5
2025-06-12 16:21:00,77.5
2025-06-12 02:59:00,29.0
2025-06-12 22:34:00,97.1
2025-06-12 18:59:00,40.2
2025-06-12 06:19:00,93.0
2025-06-12 15:27:00,93.6
2025-06-12 20:56:00,18.1
2025-06-12 11:24:00,5.0
2025-06-12 18:45:00,27.0
2025-06-12 05:15:00,50.0997191011236
2025-06-12 09:20:00,65.0
2025-06-12 18:03:00,79.6
2025-06-12 14:30:00,8.3
2025-06-12 22:04:00,11.6
2025-06-12 12:49:00,84.3
2025-06-12 09:42:00,97.2
2025-06-12 20:38:00,76.3
2025-06-12 18:24:00,20.7
2025-06-12 09:57:00,22.1
2025-06-12 01:07:00,38.3
2025-06-12 16:13:00,13.0
2025-06-12 03:03:00,50.0997191011236
2025-06-12 00:15:00,58.7
2025-06-12 02:26:00,69.2
2025-06-12 02:50:00,92.3
2025-06-12 04:55:00,45.6
2025-06-12 10:14:00,11.5
2025-06-12 15:52:00,47.0
2025-06-12 07:46:00,50.0997191011236
2025-06-12 14:46:00,15.0
2025-06-12 04:07:00,19.2
2025-06-12 17:34:00,50.0997191011236
2025-06-12 05:57:00,50.0997191011236
2025-06-12 04:19:00,56.3
2025-06-12 04:53:00,60.2
2025-06-12 12:55:00,93.0
2025-06-12 06:00:00,51.1
2025-06-12 11:58:00,50.0997191011236
2025-06-12 19:12:00,77.9
2025-06-12 14:45:00,48.8
2025-06-12 21:21:00,9.8
2025-06-12 06:28:00,8.1
2025-06-12 07:54:00,52.1
2025-06-12 13:08:00,59.4
2025-06-12 20:43:00,50.0997191011236
2025-06-12 20:54:00,50.0997191011236
2025-06-12 18:31:00,42.4
2025-06-12 07:22:00,63.7
2025-06-12 01:02:00,76.4
2025-06-12 13:56:00,45.4
2025-06-12 08:04:00,64.6
2025-06-12 12:13:00,50.0997191011236
2025-06-12 19:08:00,25.7
2025-06-12 06:23:00,50.7
2025-06-12 22:01:00,50.0997191011236
2025-06-12 08:19:00,95.2
2025-06-12 11:32:00,80.1
2025-06-12 08:25:00,37.0
2025-06-12 10:21:00,83.0
2025-06-12 03:53:00,29.4
2025-06-12 02:13:00,97.6
2025-06-12 08:17:00,50.0997191011236
2025-06-12 14:10:00,20.3
2025-06-12 06:40:00,95.1
2025-06-12 10:15:00,47.2
2025-06-12 03:08:00,79.7
2025-06-12 09:07:00,69.7
2025-06-12 22:44:00,94.9
2025-06-12 02:15:00,50.0997191011236
2025-06-12 02:10:00,50.0997191011236
2025-06-12 03:40:00,50.0997191011236
2025-06-12 03:49:00,72.9
2025-06-12 06:38:00,51.9
2025-06-12 22:33:00,45.5
2025-06-12 08:56:00,74.6
2025-06-12 06:03:00,45.7
2025-06-12 15:09:00,6.8
2025-06-12 19:47:00,15.9
2025-06-12 05:37:00,0.4
2025-06-12 02:14:00,90.5
2025-06-12 03:06:00,62.7
2025-06-12 16:09:00,86.8
2025-06-12 02:11:00,33.4
2025-06-12 10:13:00,65.6
2025-06-12 06:57:00,67.5
2025-06-12 23:54:00,12.9
2025-06-12 08:26:00,11.9
2025-06-12 11:22:00,96.0
2025-06-12 12:10:00,49.889081537019685
2025-06-12 03:13:00,57.5
2025-06-12 08:19:00,85.1
2025-06-12 17:19:00,52.4
2025-06-12 19:39:00,88.0
2025-06-12 20:29:00,11.7
2025-06-12 22:33:00,67.4
2025-06-12 13:28:00,49.889081537019685
2025-06-12 05:38:00,38.4
2025-06-12 12:27:00,31.6
2025-06-12 20:32:00,81.9
2025-06-12 07:13:00,63.1
2025-06-12 13:39:00,32.6
2025-06-12 23:05:00,76.3
2025-06-12 03:16:00,49.6
2025-06-12 01:45:00,4.8
2025-06-12 23:57:00,49.889081537019685
2025-06-12 04:51:00,99.6
2025-06-12 02:38:00,48.7
2025-06-12 20:17:00,67.3
2025-06-12 02:34:00,64.8
2025-06-12 23:53:00,60.1
2025-06-12 22:03:00,98.9
2025-06-12 17:08:00,75.2
2025-06-12 02:14:00,79.0
2025-06-12 05:42:00,37.5
2025-06-12 15:14:00,47.2
2025-06-12 06:07:00,49.889081537019685
2025-06-12 10:11:00,35.8
2025-06-12 07:21:00,1.6
2025-06-12 10:31:00,5.8
2025-06-12 00:12:00,20.4
2025-06-12 11:32:00,55.4
2025-06-12 16:32:00,27.0
2025-06-12 14:40:00,21.3
2025-06-12 21:56:00,79.1
2025-06-12 04:13:00,81.7
2025-06-12 01:01:00,5.7
2025-06-12 15:39:00,49.889081537019685
2025-06-12 01:07:00,99.2
2025-06-12 21:11:00,20.6
2025-06-12 02:15:00,4.3
2025-06-12 19:54:00,16.5
2025-06-12 19:16:00,15.3
2025-06-12 00:01:00,49.889081537019685
2025-06-12 04:18:00,49.889081537019685
2025-06-12 12:56:00,45.3
2025-06-12 12:38:00,85.4
2025-06-12 15:13:00,57.9
2025-06-12 08:52:00,11.1
2025-06-12 12:16:00,49.889081537019685
2025-06-12 06:24:00,6.1
2025-06-12 05:45:00,49.889081537019685
2025-06-12 19:30:00,62.1
2025-06-12 05:19:00,79.1
2025-06-12 19:29:00,68.8
2025-06-12 07:09:00,92.1
2025-06-12 01:20:00,15.7
2025-06-12 17:57:00,51.5
2025-06-12 22:16:00,33.2
2025-06-12 08:24:00,5.7
2025-06-12 12:21:00,91.2
2025-06-12 17:54:00,28.6
2025-06-12 23:41:00,98.2
2025-06-12 03:49:00,26.9
2025-06-12 16:30:00,14.0
2025-06-12 03:40:00,2.1
2025-06-12 14:47:00,19.1
2025-06-12 06:15:00,71.1
2025-06-12 21:39:00,31.0
2025-06-12 06:20:00,32.7
2025-06-12 10:09:00,49.889081537019685
2025-06-12 16:47:00,83.1
2025-06-12 00:11:00,16.7
2025-06-12 08:09:00,48.5
2025-06-12 12:34:00,34.2
2025-06-12 15:12:00,32.0
2025-06-12 07:39:00,3.3
2025-06-12 16:27:00,44.0
2025-06-12 20:55:00,92.2
2025-06-12 10:50:00,65.2
2025-06-12 23:58:00,25.7
2025-06-12 09:23:00,49.889081537019685
2025-06-12 17:27:00,22.2
2025-06-12 14:18:00,49.889081537019685
2025-06-12 09:53:00,2.2
2025-06-12 15:47:00,21.1
2025-06-12 08:35:00,67.8
2025-06-12 18:04:00,38.5
2025-06-12 18:09:00,98.3
2025-06-12 03:15:00,9.2
2025-06-12 14:06:00,49.889081537019685
2025-06-12 09:32:00,73.3
2025-06-12 11:16:00,49.889081537019685
2025-06-12 18:38:00,92.9
2025-06-12 19:50:00,38.3
2025-06-12 07:57:00,1.6
2025-06-12 02:00:00,70.9
2025-06-12 13:57:00,97.0
2025-06-12 19:13:00,76.2
2025-06-12 22:02:00,49.889081537019685
2025-06-12 00:56:00,54.6
2025-06-12 04:36:00,54.6
2025-06-12 07:52:00,15.6
2025-06-12 20:56:00,50.0
2025-06-12 21:47:00,58.3
2025-06-12 06:08:00,12.9
2025-06-12 17:48:00,98.5
2025-06-12 16:59:00,4.3
2025-06-12 04:25:00,41.7
2025-06-12 19:48:00,11.4
2025-06-12 02:16:00,49.889081537019685
2025-06-12 06:06:00,97.0
2025-06-12 17:16:00,48.5
2025-06-12 16:55:00,66.7
2025-06-12 06:25:00,49.889081537019685
2025-06-12 06:11:00,73.0
2025-06-12 17:49:00,49.889081537019685
2025-06-12 13:09:00,39.1
2025-06-12 09:17:00,97.6
2025-06-12 10:33:00,8.5
2025-06-12 00:57:00,83.0
2025-06-12 17:46:00,35.7
2025-06-12 21:17:00,93.0
2025-06-12 14:39:00,9.5
2025-06-12 13:50:00,54.5
2025-06-12 22:37:00,76.2
2025-06-12 18:40:00,10.5
2025-06-12 18:15:00,34.8
2025-06-12 12:30:00,90.0
2025-06-12 20:47:00,13.1
2025-06-12 08:56:00,19.2
2025-06-12 16:41:00,77.1
2025-06-12 02:11:00,19.9
2025-06-12 01:26:00,94.4
2025-06-12 09:22:00,88.8
2025-06-12 03:09:00,49.889081537019685
2025-06-12 17:04:00,49.889081537019685
2025-06-12 08:32:00,13.9
2025-06-12 16:35:00,66.2
2025-06-12 07:37:00,71.2
2025-06-12 10:14:00,38.3
2025-06-12 20:43:00,8.1
2025-06-12 17:53:00,83.9
2025-06-12 11:23:00,49.889081537019685
2025-06-12 07:55:00,49.889081537019685
2025-06-12 11:47:00,77.3
2025-06-12 07:01:00,8.5
2025-06-12 12:37:00,15.6
2025-06-12 14:37:00,41.5
2025-06-12 10:19:00,54.0
2025-06-12 12:42:00,66.3
2025-06-12 16:49:00,35.8
2025-06-12 03:22:00,73.2
2025-06-12 06:38:00,49.889081537019685
2025-06-12 16:05:00,54.9
2025-06-12 13:19:00,18.4
2025-06-12 20:02:00,39.5
2025-06-12 03:51:00,7.0
2025-06-12 11:54:00,49.889081537019685
2025-06-12 17:28:00,59.1
2025-06-12 17:09:00,76.7
2025-06-12 15:36:00,78.6
2025-06-12 12:08:00,49.889081537019685
2025-06-12 01:47:00,81.9
2025-06-12 03:23:00,1.8
2025-06-12 12:59:00,26.8
2025-06-12 10:32:00,77.4
2025-06-12 18:21:00,6.2
2025-06-12 00:28:00,15.7
2025-06-12 11:05:00,74.5
2025-06-12 06:30:00,3.6
2025-06-12 00:22:00,21.8
2025-06-12 07:59:00,43.0
2025-06-12 00:58:00,58.1
2025-06-12 07:27:00,4.3
2025-06-12 08:43:00,49.889081537019685
2025-06-12 06:27:00,14.6
2025-06-12 15:17:00,49.889081537019685
2025-06-12 00:38:00,62.7
2025-06-12 14:53:00,47.4
2025-06-12 07:42:00,50.1
2025-06-12 15:09:00,49.889081537019685
2025-06-12 00:17:00,70.5
2025-06-12 19:46:00,44.9
2025-06-12 05:31:00,92.2
2025-06-12 19:53:00,16.0
2025-06-12 07:04:00,95.3
2025-06-12 19:38:00,52.1
2025-06-12 19:21:00,98.6
2025-06-12 14:28:00,33.2
2025-06-12 15:55:00,99.3
2025-06-12 22:45:00,28.5
2025-06-12 00:03:00,49.889081537019685
2025-06-12 23:08:00,69.8
2025-06-12 03:03:00,92.5
2025-06-12 00:59:00,21.5
2025-06-12 06:37:00,33.4
2025-06-12 07:00:00,48.6
2025-06-12 01:44:00,32.1
2025-06-12 13:37:00,82.3
2025-06-12 04:04:00,49.889081537019685
2025-06-12 04:29:00,49.889081537019685
2025-06-12 05:35:00,58.9
2025-06-12 08:06:00,49.889081537019685
2025-06-12 13:01:00,31.7
2025-06-12 02:27:00,47.5
2025-06-12 06:53:00,79.2
2025-06-12 23:13:00,62.0
2025-06-12 01:52:00,72.6
2025-06-12 01:58:00,76.7
2025-06-12 08:49:00,90.5
2025-06-12 01:37:00,79.9
2025-06-12 08:31:00,86.9
2025-06-12 15:07:00,69.7
2025-06-12 13:32:00,59.5
2025-06-12 15:45:00,52.5
2025-06-12 05:10:00,49.889081537019685
2025-06-12 05:09:00,71.8
2025-06-12 12:09:00,57.4
2025-06-12 16:00:00,96.1
2025-06-12 06:36:00,98.3
2025-06-12 15:58:00,49.889081537019685
2025-06-12 03:12:00,45.9
2025-06-12 03:39:00,49.889081537019685
2025-06-12 08:20:00,90.4
2025-06-12 08:08:00,70.1
2025-06-12 05:23:00,30.1
2025-06-12 05:08:00,5.5
2025-06-12 19:42:00,95.9
2025-06-12 16:26:00,19.2
2025-06-12 07:10:00,41.9
2025-06-12 10:24:00,60.2
2025-06-12 13:29:00,31.0
2025-06-12 01:31:00,87.5
2025-06-12 01:50:00,41.6
2025-06-12 08:27:00,12.2
2025-06-12 20:04:00,92.2
2025-06-12 11:28:00,80.4
2025-06-12 01:24:00,9.6
2025-06-12 02:19:00,16.7
2025-06-12 13:04:00,96.3
2025-06-12 20:52:00,79.6
2025-06-12 00:25:00,1.0
2025-06-12 13:46:00,45.8
2025-06-12 00:42:00,50.1
2025-06-12 23:15:00,60.3
2025-06-12 01:48:00,63.4
2025-06-12 10:22:00,35.6
2025-06-12 20:09:00,79.5
2025-06-12 03:30:00,24.4
2025-06-12 11:02:00,81.6
2025-06-12 04:32:00,15.5
2025-06-12 19:58:00,69.3
2025-06-12 15:08:00,11.7
2025-06-12 23:18:00,30.5
2025-06-12 00:09:00,70.2
2025-06-12 08:38:00,12.9
2025-06-12 11:37:00,5.3
2025-06-12 00:21:00,25.8
2025-06-12 21:03:00,82.5
2025-06-12 06:57:00,49.889081537019685
2025-06-12 15:40:00,85.8
2025-06-12 04:31:00,12.1
2025-06-12 14:26:00,92.4
2025-06-12 07:28:00,49.889081537019685
2025-06-12 17:45:00,3.7
2025-06-12 19:27:00,55.3
2025-06-12 05:01:00,49.889081537019685
2025-06-12 12:35:00,80.1
2025-06-12 19:43:00,28.1
2025-06-12 06:26:00,92.1
2025-06-12 12:00:00,72.1
2025-06-12 06:45:00,49.889081537019685
2025-06-12 09:48:00,83.1
2025-06-12 07:40:00,78.4
2025-06-12 15:50:00,61.6
2025-06-12 13:52:00,87.7
2025-06-12 11:08:00,71.9
2025-06-12 04:55:00,96.6
2025-06-12 13:45:00,52.9
2025-06-12 15:56:00,88.0
2025-06-12 18:00:00,49.889081537019685
2025-06-12 17:38:00,81.5
2025-06-12 18:41:00,60.7
2025-06-12 21:41:00,23.0
2025-06-12 22:05:00,49.889081537019685
2025-06-12 16:40:00,28.1
2025-06-12 08:21:00,49.889081537019685
2025-06-12 02:29:00,93.9
2025-06-12 17:02:00,26.9
2025-06-12 23:06:00,63.9
2025-06-12 03:05:00,24.7
2025-06-12 13:36:00,77.6
2025-06-12 12:46:00,28.7
2025-06-12 03:43:00,87.6
2025-06-12 09:58:00,91.0
2025-06-12 08:01:00,73.2
2025-06-12 03:31:00,65.6
2025-06-12 21:37:00,92.4
2025-06-12 01:35:00,37.5
2025-06-12 09:59:00,12.8
2025-06-12 13:53:00,19.9
2025-06-12 15:18:00,60.0
2025-06-12 08:29:00,88.6
2025-06-12 21:56:00,78.8
2025-06-12 01:44:00,4.3
2025-06-12 22:34:00,19.3
2025-06-12 06:39:00,56.9
2025-06-12 11:59:00,22.2
2025-06-12 02:35:00,50.12778039031272
2025-06-12 23:21:00,12.6
2025-06-12 05:08:00,78.9
2025-06-12 20:32:00,23.4
2025-06-12 05:31:00,17.2
2025-06-12 02:50:00,95.7
2025-06-12 19:48:00,33.4
2025-06-12 23:11:00,63.8
2025-06-12 03:59:00,23.7
2025-06-12 07:49:00,89.9
2025-06-12 03:09:00,86.6
2025-06-12 10:40:00,14.2
2025-06-12 17:57:00,50.12778039031272
2025-06-12 13:35:00,57.7
2025-06-12 13:20:00,69.0
2025-06-12 01:03:00,91.7
2025-06-12 01:42:00,61.4
2025-06-12 10:42:00,15.8
2025-06-12 12:25:00,95.0
2025-06-12 23:27:00,2.1
2025-06-12 08:18:00,2.4
2025-06-12 15:21:00,40.6
2025-06-12 11:12:00,50.12778039031272
2025-06-12 17:09:00,42.9
2025-06-12 13:00:00,29.0
2025-06-12 22:50:00,34.8
2025-06-12 12:34:00,90.6
2025-06-12 16:02:00,0.6
2025-06-12 13:37:00,34.9
2025-06-12 18:41:00,58.7
2025-06-12 00:13:00,18.3
2025-06-12 04:04:00,81.3
2025-06-12 13:51:00,50.12778039031272
2025-06-12 23:47:00,50.12778039031272
2025-06-12 14:24:00,91.8
2025-06-12 17:59:00,12.5
2025-06-12 01:01:00,16.9
2025-06-12 03:19:00,21.7
2025-06-12 11:27:00,59.3
2025-06-12 05:59:00,79.2
2025-06-12 07:04:00,97.9
2025-06-12 01:19:00,44.8
2025-06-12 12:58:00,67.7
2025-06-12 20:56:00,50.12778039031272
2025-06-12 05:12:00,94.8
2025-06-12 19:28:00,3.2
2025-06-12 12:38:00,70.8
2025-06-12 10:33:00,77.0
2025-06-12 20:59:00,69.7
2025-06-12 13:11:00,19.9
2025-06-12 13:29:00,62.8
2025-06-12 04:44:00,39.4
2025-06-12 16:12:00,50.12778039031272
2025-06-12 22:15:00,50.12778039031272
2025-06-12 21:44:00,59.5
2025-06-12 10:53:00,70.4
2025-06-12 05:48:00,26.9
2025-06-12 15:03:00,40.6
2025-06-12 05:09:00,68.2
2025-06-12 22:43:00,49.8
2025-06-12 22:13:00,64.7
2025-06-12 17:07:00,83.8
2025-06-12 09:39:00,13.6
2025-06-12 04:55:00,55.8
2025-06-12 00:24:00,28.5
2025-06-12 12:40:00,38.2
2025-06-12 15:48:00,45.1
2025-06-12 02:47:00,80.3
2025-06-12 21:32:00,62.5
2025-06-12 03:10:00,29.9
2025-06-12 08:52:00,50.12778039031272
2025-06-12 21:21:00,40.3
2025-06-12 14:51:00,91.9
2025-06-12 18:23:00,72.8
2025-06-12 21:06:00,19.7
2025-06-12 01:17:00,1.3
2025-06-12 23:36:00,50.12778039031272
2025-06-12 01:35:00,7.0
2025-06-12 09:20:00,50.12778039031272
2025-06-12 10:47:00,50.12778039031272
2025-06-12 18:48:00,50.12778039031272
2025-06-12 19:03:00,19.4
2025-06-12 00:36:00,20.2
2025-06-12 16:06:00,50.12778039031272
2025-06-12 01:52:00,77.8
2025-06-12 10:21:00,26.5
2025-06-12 21:18:00,86.2
2025-06-12 23:19:00,6.9
2025-06-12 19:50:00,48.7
2025-06-12 19:42:00,16.8
2025-06-12 13:28:00,52.8
2025-06-12 06:12:00,17.0
2025-06-12 00:37:00,50.12778039031272
2025-06-12 10:56:00,81.5
2025-06-12 17:16:00,22.8
2025-06-12 16:57:00,47.3
2025-06-12 09:17:00,40.7
2025-06-12 14:05:00,55.3
2025-06-12 14:33:00,99.8
2025-06-12 23:48:00,92.1
2025-06-12 21:20:00,22.0
2025-06-12 11:08:00,53.7
2025-06-12 20:12:00,78.1
2025-06-12 04:17:00,62.8
2025-06-12 06:02:00,20.1
2025-06-12 08:16:00,65.8
2025-06-12 06:17:00,61.7
2025-06-12 02:20:00,20.0
2025-06-12 12:46:00,66.4
2025-06-12 18:04:00,53.8
2025-06-12 23:58:00,62.8
2025-06-12 10:44:00,58.6
2025-06-12 00:42:00,50.12778039031272
2025-06-12 10:59:00,7.8
2025-06-12 15:25:00,10.5
2025-06-12 09:21:00,51.1
2025-06-12 12:33:00,64.3
2025-06-12 16:23:00,57.7
2025-06-12 23:50:00,88.1
2025-06-12 10:49:00,93.7
2025-06-12 10:51:00,3.3
2025-06-12 06:14:00,36.7
2025-06-12 11:58:00,35.2
2025-06-12 06:56:00,65.1
2025-06-12 22:42:00,64.7
2025-06-12 01:16:00,1.2
2025-06-12 10:09:00,78.4
2025-06-12 03:11:00,89.0
2025-06-12 14:23:00,58.5
2025-06-12 21:13:00,45.5
2025-06-12 05:15:00,23.2
2025-06-12 08:48:00,26.3
2025-06-12 21:35:00,72.7
2025-06-12 18:43:00,50.12778039031272
2025-06-12 16:40:00,21.4
2025-06-12 20:17:00,92.0
2025-06-12 03:29:00,40.7
2025-06-12 15:24:00,33.8
2025-06-12 15:22:00,35.4
2025-06-12 16:47:00,33.1
2025-06-12 17:37:00,74.0
2025-06-12 03:31:00,16.6
2025-06-12 11:07:00,90.8
2025-06-12 04:47:00,61.1
2025-06-12 08:03:00,45.2
2025-06-12 09:18:00,26.6
2025-06-12 20:13:00,33.0
2025-06-12 22:12:00,56.5
2025-06-12 14:25:00,45.6
2025-06-12 13:10:00,69.6
2025-06-12 14:34:00,14.3
2025-06-12 21:46:00,44.3
2025-06-12 06:51:00,50.12778039031272
2025-06-12 07:32:00,37.0
2025-06-12 06:53:00,34.3
2025-06-12 01:05:00,98.6
2025-06-12 11:49:00,90.9
2025-06-12 20:06:00,12.7
2025-06-12 16:26:00,58.7
2025-06-12 00:19:00,50.12778039031272
2025-06-12 10:12:00,54.4
2025-06-12 04:24:00,50.12778039031272
2025-06-12 10:06:00,31.1
2025-06-12 21:01:00,37.8
2025-06-12 16:03:00,50.4
2025-06-12 17:01:00,68.4
2025-06-12 15:00:00,95.1
2025-06-12 07:38:00,50.12778039031272
2025-06-12 01:38:00,84.7
2025-06-12 14:18:00,50.12778039031272
2025-06-12 00:44:00,56.7
2025-06-12 20:50:00,27.3
2025-06-12 16:11:00,28.9
2025-06-12 21:19:00,54.7
2025-06-12 05:25:00,50.12778039031272
2025-06-12 22:55:00,21.9
2025-06-12 22:23:00,95.8
2025-06-12 14:28:00,38.0
2025-06-12 19:11:00,75.0
2025-06-12 03:38:00,50.12778039031272
2025-06-12 04:46:00,44.4
2025-06-12 12:48:00,62.7
2025-06-12 04:57:00,0.4
2025-06-12 11:13:00,48.6
2025-06-12 16:35:00,69.3
2025-06-12 16:25:00,76.0
2025-06-12 02:59:00,87.1
2025-06-12 04:39:00,95.7
2025-06-12 05:37:00,50.12778039031272
2025-06-12 23:31:00,50.12778039031272
2025-06-12 06:45:00,80.7
2025-06-12 00:45:00,50.12778039031272
2025-06-12 02:10:00,73.0
2025-06-12 06:50:00,27.1
2025-06-12 19:44:00,50.12778039031272
2025-06-12 02:03:00,39.8
2025-06-12 08:50:00,50.12778039031272
2025-06-12 02:12:00,54.8
2025-06-12 17:26:00,99.4
2025-06-12 22:06:00,73.7
2025-06-12 02:55:00,50.12778039031272
2025-06-12 22:28:00,50.12778039031272
2025-06-12 03:56:00,1.7
2025-06-12 04:41:00,3.4
2025-06-12 17:04:00,28.7
2025-06-12 04:53:00,50.12778039031272
2025-06-12 12:47:00,89.9
2025-06-12 08:33:00,40.3
2025-06-12 09:16:00,65.9
2025-06-12 22:08:00,50.7
2025-06-12 06:37:00,57.5
2025-06-12 12:12:00,11.0
2025-06-12 10:41:00,26.0
2025-06-12 09:15:00,50.12778039031272
2025-06-12 06:30:00,50.12778039031272
2025-06-12 11:00:00,75.5
2025-06-12 07:54:00,9.0
2025-06-12 11:15:00,13.6
2025-06-12 18:25:00,50.12778039031272
2025-06-12 13:54:00,51.1
2025-06-12 13:46:00,66.5
2025-06-12 19:57:00,94.9
2025-06-12 14:41:00,19.3
2025-06-12 08:06:00,23.0
2025-06-12 08:41:00,58.6
2025-06-12 20:23:00,32.4
2025-06-12 10:37:00,28.9
2025-06-12 21:40:00,88.8
2025-06-12 10:35:00,50.12778039031272
2025-06-12 08:53:00,35.4
2025-06-12 04:25:00,53.8
2025-06-12 23:35:00,92.7
2025-06-12 06:43:00,50.12778039031272
2025-06-12 00:03:00,67.5
2025-06-12 23:32:00,97.9
2025-06-12 21:26:00,2.4
2025-06-12 03:04:00,50.12778039031272
2025-06-12 07:51:00,15.8
2025-06-12 07:42:00,17.9
2025-06-12 23:13:00,50.12778039031272
2025-06-12 03:15:00,76.4
2025-06-12 11:06:00,30.7
2025-06-12 04:12:00,59.9
2025-06-12 16:50:00,79.0
2025-06-12 23:12:00,50.12778039031272
2025-06-12 19:32:00,71.2
2025-06-12 18:21:00,47.0
2025-06-12 04:26:00,10.9
2025-06-12 01:09:00,80.8
2025-06-12 23:38:00,69.7
2025-06-12 06:19:00,72.7
2025-06-12 14:56:00,60.2
2025-06-12 11:02:00,30.8
2025-06-12 23:02:00,31.6
2025-06-12 19:23:00,38.8
2025-06-12 14:14:00,50.12778039031272
2025-06-12 17:35:00,50.12778039031272
2025-06-12 06:25:00,2.7
2025-06-12 23:09:00,50.12778039031272
2025-06-12 17:44:00,78.3
2025-06-12 17:36:00,50.12778039031272
2025-06-12 07:25:00,73.1
2025-06-12 22:16:00,20.3
2025-06-12 14:12:00,62.9
2025-06-12 21:17:00,42.8
2025-06-12 16:30:00,51.5
2025-06-12 15:13:00,50.12778039031272
2025-06-12 01:13:00,17.8
2025-06-12 14:32:00,50.12778039031272
2025-06-12 01:04:00,75.9
2025-06-12 07:52:00,87.6
2025-06-12 19:37:00,89.9
2025-06-12 18:39:00,12.6
2025-06-12 23:43:00,52.5
2025-06-12 20:57:00,50.12778039031272
2025-06-12 19:38:00,95.9
2025-06-12 00:47:00,95.3
2025-06-12 17:03:00,4.5
2025-06-12 13:07:00,61.4
2025-06-12 09:34:00,40.8
2025-06-12 20:08:00,88.6
2025-06-12 01:07:00,98.6
2025-06-12 14:45:00,49.8
2025-06-12 06:54:00,20.1
2025-06-12 04:58:00,50.1655304792927
2025-06-12 06:39:00,76.1
2025-06-12 20:22:00,59.4
2025-06-12 14:40:00,50.1655304792927
2025-06-12 15:07:00,89.7
2025-06-12 15:40:00,97.7
2025-06-12 21:25:00,38.1
2025-06-12 22:31:00,28.4
2025-06-12 00:47:00,84.8
2025-06-12 02:55:00,48.2
2025-06-12 15:01:00,50.1655304792927
2025-06-12 18:56:00,42.7
2025-06-12 03:08:00,63.3
2025-06-12 03:36:00,70.7
2025-06-12 07:55:00,59.4
2025-06-12 14:53:00,61.0
2025-06-12 23:00:00,53.8
2025-06-12 23:01:00,62.5
2025-06-12 11:57:00,10.3
2025-06-12 18:36:00,47.6
2025-06-12 03:44:00,74.4
2025-06-12 17:17:00,54.0
2025-06-12 01:55:00,25.8
2025-06-12 21:08:00,41.6
2025-06-12 17:35:00,45.5
2025-06-12 20:48:00,74.9
2025-06-12 14:15:00,45.4
2025-06-12 23:16:00,51.6
2025-06-12 23:39:00,26.0
2025-06-12 20:57:00,35.2
2025-06-12 20:56:00,10.4
2025-06-12 02:35:00,20.5
2025-06-12 04:03:00,50.1655304792927
2025-06-12 21:32:00,36.5
2025-06-12 11:20:00,12.8
2025-06-12 05:04:00,50.1655304792927
2025-06-12 21:33:00,48.7
2025-06-12 17:37:00,56.9
2025-06-12 05:11:00,6.1
2025-06-12 22:50:00,50.1655304792927
2025-06-12 08:57:00,40.0
2025-06-12 03:27:00,20.7
2025-06-12 19:15:00,79.0
2025-06-12 02:43:00,75.1
2025-06-12 10:35:00,99.8
2025-06-12 03:54:00,29.9
2025-06-12 18:54:00,41.0
2025-06-12 17:05:00,50.1655304792927
2025-06-12 10:26:00,14.7
2025-06-12 00:01:00,12.2
2025-06-12 09:41:00,7.3
2025-06-12 07:50:00,17.4
2025-06-12 02:18:00,94.1
2025-06-12 13:38:00,27.3
2025-06-12 23:34:00,65.8
2025-06-12 06:12:00,30.8
2025-06-12 09:49:00,50.1655304792927
2025-06-12 04:53:00,62.7
2025-06-12 02:36:00,17.0
2025-06-12 13:14:00,91.9
2025-06-12 04:35:00,56.5
2025-06-12 05:08:00,78.8
2025-06-12 12:54:00,48.5
2025-06-12 18:29:00,95.2
2025-06-12 14:13:00,91.4
2025-06-12 22:47:00,37.3
2025-06-12 23:17:00,15.0
2025-06-12 21:34:00,50.1655304792927
2025-06-12 17:33:00,74.4
2025-06-12 08:29:00,19.7
2025-06-12 03:41:00,46.5
2025-06-12 21:46:00,55.6
2025-06-12 17:47:00,72.5
2025-06-12 20:58:00,7.0
2025-06-12 19:10:00,47.1
2025-06-12 22:05:00,63.5
2025-06-12 22:06:00,26.4
2025-06-12 00:52:00,16.5
2025-06-12 01:48:00,50.1655304792927
2025-06-12 00:18:00,2.3
2025-06-12 00:36:00,61.2
2025-06-12 12:48:00,98.8
2025-06-12 03:31:00,89.5
2025-06-12 23:33:00,85.6
2025-06-12 03:48:00,4.3
2025-06-12 18:39:00,60.0
2025-06-12 14:55:00,74.2
2025-06-12 04:47:00,10.5
2025-06-12 11:38:00,24.9
2025-06-12 04:43:00,94.5
2025-06-12 20:29:00,50.1655304792927
2025-06-12 21:51:00,54.7
2025-06-12 13:09:00,70.8
2025-06-12 16:36:00,44.7
2025-06-12 23:35:00,41.5
2025-06-12 05:21:00,27.7
2025-06-12 01:29:00,75.9
2025-06-12 14:08:00,2.2
2025-06-12 21:44:00,32.1
2025-06-12 07:13:00,81.0
2025-06-12 05:54:00,89.5
2025-06-12 03:33:00,82.4
2025-06-12 18:59:00,78.1
2025-06-12 03:43:00,68.0
2025-06-12 03:32:00,66.9
2025-06-12 20:32:00,22.6
2025-06-12 00:25:00,40.8
2025-06-12 10:00:00,14.5
2025-06-12 19:55:00,36.4
2025-06-12 04:55:00,61.8
2025-06-12 17:21:00,48.7
2025-06-12 14:52:00,23.0
2025-06-12 11:54:00,1.2
2025-06-12 19:31:00,32.9
2025-06-12 08:56:00,42.8
2025-06-12 23:30:00,36.1
2025-06-12 16:22:00,32.7
2025-06-12 00:29:00,96.5
2025-06-12 05:50:00,57.2
2025-06-12 21:05:00,98.7
2025-06-12 15:49:00,5.9
2025-06-12 05:18:00,57.1
2025-06-12 16:31:00,29.8
2025-06-12 03:49:00,44.0
2025-06-12 12:38:00,24.7
2025-06-12 13:59:00,34.0
2025-06-12 19:09:00,8.0
2025-06-12 01:25:00,87.5
2025-06-12 01:56:00,30.9
2025-06-12 15:54:00,43.0
2025-06-12 00:00:00,58.9
2025-06-12 21:01:00,91.3
2025-06-12 22:46:00,26.3
2025-06-12 03:12:00,63.2
2025-06-12 10:32:00,63.1
2025-06-12 07:37:00,13.9
2025-06-12 19:36:00,93.6
2025-06-12 02:33:00,63.8
2025-06-12 06:24:00,0.5
2025-06-12 11:07:00,55.1
2025-06-12 04:31:00,72.5
2025-06-12 19:27:00,95.7
2025-06-12 22:25:00,96.1
2025-06-12 01:21:00,26.8
2025-06-12 15:43:00,94.5
2025-06-12 13:41:00,43.7
2025-06-12 14:28:00,49.1
2025-06-12 03:34:00,97.0
2025-06-12 12:55:00,71.1
2025-06-12 15:37:00,49.5
2025-06-12 04:14:00,88.6
2025-06-12 06:40:00,2.7
2025-06-12 00:40:00,77.4
2025-06-12 10:16:00,61.6
2025-06-12 09:06:00,77.9
2025-06-12 23:09:00,50.1655304792927
2025-06-12 01:43:00,68.1
2025-06-12 15:47:00,99.1
2025-06-12 06:33:00,53.9
2025-06-12 09:56:00,20.5
2025-06-12 11:35:00,64.1
2025-06-12 19:56:00,50.1655304792927
2025-06-12 14:35:00,35.7
2025-06-12 19:11:00,6.2
2025-06-12 08:53:00,50.1655304792927
2025-06-12 19:50:00,9.2
2025-06-12 02:45:00,9.0
2025-06-12 05:52:00,1.1
2025-06-12 06:29:00,68.3
2025-06-12 01:41:00,63.1
2025-06-12 04:04:00,86.8
2025-06-12 01:16:00,88.8
2025-06-12 13:46:00,8.9
2025-06-12 15:21:00,77.6
2025-06-12 07:24:00,25.3
2025-06-12 10:54:00,50.1655304792927
2025-06-12 05:41:00,54.8
2025-06-12 06:14:00,95.6
2025-06-12 23:56:00,54.2
2025-06-12 03:10:00,50.2
2025-06-12 17:56:00,63.1
2025-06-12 17:36:00,27.5
2025-06-12 18:52:00,50.1655304792927
2025-06-12 03:14:00,50.1655304792927
2025-06-12 15:59:00,50.1655304792927
2025-06-12 02:40:00,64.4
2025-06-12 21:12:00,17.3
2025-06-12 16:40:00,58.9
2025-06-12 23:43:00,51.8
2025-06-12 07:05:00,60.8
2025-06-12 00:16:00,40.4
2025-06-12 19:05:00,94.5
2025-06-12 01:26:00,3.2
2025-06-12 00:55:00,9.3
2025-06-12 14:42:00,7.4
2025-06-12 20:40:00,23.6
2025-06-12 08:20:00,2.2
2025-06-12 00:05:00,53.8
2025-06-12 08:25:00,90.6
2025-06-12 17:28:00,92.0
2025-06-12 03:35:00,74.5
2025-06-12 02:57:00,54.4
2025-06-12 04:56:00,64.7
2025-06-12 05:06:00,50.1655304792927
2025-06-12 19:43:00,50.1655304792927
2025-06-12 01:33:00,12.3
2025-06-12 20:16:00,72.1
2025-06-12 06:18:00,53.4
2025-06-12 01:27:00,50.1655304792927
2025-06-12 14:07:00,26.4
2025-06-12 08:34:00,54.0
2025-06-12 19:22:00,15.8
2025-06-12 12:59:00,50.1655304792927
2025-06-12 03:57:00,29.9
2025-06-12 15:23:00,40.9
2025-06-12 15:08:00,14.6
2025-06-12 01:12:00,56.4
2025-06-12 17:23:00,38.3
2025-06-12 08:15:00,54.6
2025-06-12 02:51:00,27.0
2025-06-12 17:45:00,38.3
2025-06-12 18:44:00,43.6
2025-06-12 04:10:00,37.3
2025-06-12 19:59:00,61.5
2025-06-12 13:52:00,73.7
2025-06-12 02:28:00,49.4
2025-06-12 19:51:00,36.8
2025-06-12 00:43:00,25.3
2025-06-12 07:22:00,87.8
2025-06-12 20:03:00,53.5
2025-06-12 12:40:00,14.6
2025-06-12 10:06:00,50.1655304792927
2025-06-12 20:49:00,54.8
2025-06-12 18:02:00,3.6
2025-06-12 15:06:00,50.1655304792927
2025-06-12 16:01:00,35.6
2025-06-12 22:54:00,22.4
2025-06-12 14:18:00,71.6
2025-06-12 16:11:00,50.1655304792927
2025-06-12 20:25:00,86.0
2025-06-12 01:32:00,11.5
2025-06-12 03:38:00,10.2
2025-06-12 21:09:00,94.4
2025-06-12 05:43:00,88.3
2025-06-12 01:50:00,94.0
2025-06-12 18:49:00,50.1655304792927
2025-06-12 03:42:00,73.0
2025-06-12 03:25:00,46.0
2025-06-12 00:41:00,13.4
2025-06-12 00:30:00,19.4
2025-06-12 02:30:00,79.4
2025-06-12 17:30:00,89.9
2025-06-12 10:30:00,21.5
2025-06-12 03:24:00,59.7
2025-06-12 23:47:00,50.1655304792927
2025-06-12 18:41:00,94.7
2025-06-12 22:19:00,50.1655304792927
2025-06-12 10:49:00,51.1
2025-06-12 03:55:00,50.1655304792927
2025-06-12 23:40:00,56.4
2025-06-12 04:49:00,50.1655304792927
2025-06-12 03:39:00,50.1655304792927
2025-06-12 06:28:00,83.6
2025-06-12 20:04:00,75.2
2025-06-12 19:14:00,42.9
2025-06-12 12:23:00,54.2
2025-06-12 19:21:00,35.9
2025-06-12 02:06:00,88.3
2025-06-12 06:56:00,25.3
2025-06-12 15:28:00,78.8
2025-06-12 23:14:00,64.7
2025-06-12 06:04:00,69.9
2025-06-12 01:59:00,43.8
2025-06-12 00:03:00,19.5
2025-06-12 23:18:00,82.9
2025-06-12 23:07:00,94.2
2025-06-12 23:31:00,75.9
2025-06-12 21:39:00,40.1
2025-06-12 14:12:00,68.3
2025-06-12 07:43:00,37.5
2025-06-12 02:04:00,50.2
2025-06-12 16:49:00,15.1
2025-06-12 22:58:00,67.9
2025-06-12 11:53:00,97.2
2025-06-12 03:29:00,32.9
2025-06-12 15:33:00,67.5
2025-06-12 13:42:00,44.6
2025-06-12 17:01:00,50.1655304792927
2025-06-12 12:42:00,50.0
2025-06-12 02:49:00,84.2
2025-06-12 19:01:00,55.2
2025-06-12 09:34:00,13.9
2025-06-12 21:57:00,13.0
2025-06-12 04:19:00,85.3
2025-06-12 02:57:00,68.2
2025-06-12 17:31:00,50.16485882352941
2025-06-12 18:36:00,50.16485882352941
2025-06-12 20:34:00,90.4
2025-06-12 01:38:00,57.6
2025-06-12 05:58:00,59.2
2025-06-12 17:59:00,50.16485882352941
2025-06-12 11:47:00,50.16485882352941
2025-06-12 17:08:00,50.16485882352941
2025-06-12 22:39:00,98.1
2025-06-12 15:03:00,6.4
2025-06-12 10:36:00,54.5
2025-06-12 14:41:00,67.3
2025-06-12 00:19:00,99.8
2025-06-12 23:50:00,82.5
2025-06-12 16:58:00,50.16485882352941
2025-06-12 17:30:00,50.16485882352941
2025-06-12 17:33:00,50.16485882352941
2025-06-12 19:51:00,19.6
2025-06-12 10:39:00,38.0
2025-06-12 18:55:00,3.3
2025-06-12 04:10:00,53.3
2025-06-12 03:03:00,28.9
2025-06-12 03:42:00,50.16485882352941
2025-06-12 05:35:00,78.0
2025-06-12 01:40:00,43.4
2025-06-12 19:15:00,74.8
2025-06-12 00:51:00,44.6
2025-06-12 00:49:00,15.7
2025-06-12 09:06:00,63.0
2025-06-12 07:57:00,67.0
2025-06-12 19:07:00,48.0
2025-06-12 00:42:00,99.1
2025-06-12 06:53:00,13.1
2025-06-12 00:52:00,7.9
2025-06-12 04:09:00,59.1
2025-06-12 11:07:00,25.1
2025-06-12 13:18:00,32.7
2025-06-12 10:27:00,3.0
2025-06-12 13:02:00,65.2
2025-06-12 00:09:00,45.9
2025-06-12 02:10:00,74.5
2025-06-12 20:46:00,45.9
2025-06-12 09:07:00,90.2
2025-06-12 21:26:00,35.2
2025-06-12 06:20:00,39.6
2025-06-12 08:43:00,67.5
2025-06-12 14:14:00,70.9
2025-06-12 00:10:00,13.0
2025-06-12 16:11:00,81.9
2025-06-12 03:11:00,48.6
2025-06-12 03:34:00,68.0
2025-06-12 08:21:00,5.9
2025-06-12 21:06:00,79.7
2025-06-12 12:58:00,50.9
2025-06-12 12:36:00,50.16485882352941
2025-06-12 07:49:00,41.3
2025-06-12 03:04:00,59.8
2025-06-12 00:58:00,98.5
2025-06-12 16:34:00,63.3
2025-06-12 02:03:00,0.3
2025-06-12 14:09:00,16.7
2025-06-12 03:45:00,19.7
2025-06-12 22:51:00,22.6
2025-06-12 06:10:00,72.0
2025-06-12 15:31:00,29.2
2025-06-12 06:04:00,77.6
2025-06-12 05:28:00,95.1
2025-06-12 09:37:00,26.7
2025-06-12 22:36:00,50.16485882352941
2025-06-12 01:57:00,18.4
2025-06-12 22:41:00,50.16485882352941
2025-06-12 01:32:00,85.4
2025-06-12 05:00:00,50.16485882352941
2025-06-12 11:32:00,98.1
2025-06-12 16:15:00,67.7
2025-06-12 01:28:00,86.6
2025-06-12 01:37:00,52.5
2025-06-12 07:40:00,50.1
2025-06-12 04:11:00,2.8
2025-06-12 18:45:00,46.5
2025-06-12 23:21:00,87.8
2025-06-12 20:26:00,24.9
2025-06-12 22:53:00,17.7
2025-06-12 03:23:00,67.4
2025-06-12 10:08:00,54.7
2025-06-12 06:26:00,50.16485882352941
2025-06-12 12:12:00,16.9
2025-06-12 21:45:00,5.3
2025-06-12 03:28:00,84.0
2025-06-12 19:56:00,39.2
2025-06-12 12:26:00,85.8
2025-06-12 07:41:00,38.7
2025-06-12 01:03:00,62.5
2025-06-12 03:37:00,39.7
2025-06-12 20:24:00,50.16485882352941
2025-06-12 04:18:00,70.4
2025-06-12 02:06:00,35.1
2025-06-12 16:40:00,50.16485882352941
2025-06-12 00:25:00,34.4
2025-06-12 07:46:00,17.4
2025-06-12 19:09:00,30.8
2025-06-12 09:42:00,65.7
2025-06-12 05:41:00,64.8
2025-06-12 21:48:00,92.8
2025-06-12 23:15:00,17.2
2025-06-12 04:37:00,33.6
2025-06-12 11:02:00,40.7
2025-06-12 07:31:00,90.9
2025-06-12 15:35:00,46.2
2025-06-12 01:00:00,72.6
2025-06-12 23:01:00,65.6
2025-06-12 00:38:00,92.5
2025-06-12 11:17:00,56.7
2025-06-12 06:30:00,53.4
2025-06-12 06:05:00,5.5
2025-06-12 00:15:00,50.16485882352941
2025-06-12 05:57:00,50.16485882352941
2025-06-12 21:34:00,98.1
2025-06-12 17:37:00,66.2
2025-06-12 23:59:00,6.9
2025-06-12 08:38:00,53.2
2025-06-12 07:00:00,44.7
2025-06-12 04:28:00,24.4
2025-06-12 06:08:00,66.9
2025-06-12 12:33:00,87.3
2025-06-12 20:13:00,22.9
2025-06-12 23:38:00,50.16485882352941
2025-06-12 14:47:00,98.1
2025-06-12 20:14:00,96.8
2025-06-12 00:54:00,78.0
2025-06-12 15:34:00,76.8
2025-06-12 00:18:00,20.1
2025-06-12 01:15:00,18.6
2025-06-12 00:16:00,23.4
2025-06-12 19:28:00,3.9
2025-06-12 06:02:00,68.0
2025-06-12 06:27:00,50.16485882352941
2025-06-12 16:49:00,50.16485882352941
2025-06-12 06:25:00,63.3
2025-06-12 18:11:00,50.16485882352941
2025-06-12 02:49:00,29.6
2025-06-12 02:46:00,9.5
2025-06-12 16:06:00,40.8
2025-06-12 01:22:00,74.8
2025-06-12 09:39:00,97.7
2025-06-12 18:31:00,50.16485882352941
2025-06-12 08:17:00,50.16485882352941
2025-06-12 00:36:00,49.9
2025-06-12 10:18:00,69.9
2025-06-12 17:32:00,29.0
2025-06-12 06:46:00,21.0
2025-06-12 06:43:00,50.16485882352941
2025-06-12 01:10:00,20.0
2025-06-12 06:12:00,14.2
2025-06-12 05:56:00,50.16485882352941
2025-06-12 21:42:00,78.6
2025-06-12 15:29:00,28.0
2025-06-12 15:50:00,59.3
2025-06-12 08:29:00,50.6
2025-06-12 23:40:00,43.6
2025-06-12 21:46:00,61.4
2025-06-12 20:57:00,69.4
2025-06-12 14:26:00,8.6
2025-06-12 21:49:00,9.9
2025-06-12 20:02:00,68.5
2025-06-12 17:46:00,72.9
2025-06-12 00:23:00,58.5
2025-06-12 03:17:00,50.16485882352941
2025-06-12 10:53:00,40.0
2025-06-12 05:36:00,35.9
2025-06-12 09:15:00,95.6
2025-06-12 23:18:00,49.5
2025-06-12 02:34:00,50.8
2025-06-12 07:01:00,22.4
2025-06-12 02:32:00,30.3
2025-06-12 12:50:00,9.5
2025-06-12 08:27:00,99.5
2025-06-12 04:13:00,33.3
2025-06-12 16:19:00,88.5
2025-06-12 18:26:00,70.9
2025-06-12 11:48:00,50.16485882352941
2025-06-12 22:43:00,77.8
2025-06-12 03:54:00,45.7
2025-06-12 08:23:00,66.5
2025-06-12 16:57:00,31.4
2025-06-12 21:35:00,46.0
2025-06-12 00:01:00,84.9
2025-06-12 12:59:00,50.16485882352941
2025-06-12 00:12:00,35.7
2025-06-12 19:30:00,45.8
2025-06-12 15:30:00,52.6
2025-06-12 08:35:00,66.0
2025-06-12 08:50:00,50.16485882352941
2025-06-12 07:23:00,87.7
2025-06-12 19:55:00,14.5
2025-06-12 16:07:00,50.16485882352941
2025-06-12 23:36:00,66.9
2025-06-12 16:28:00,88.8
2025-06-12 04:44:00,67.3
2025-06-12 08:10:00,50.16485882352941
2025-06-12 11:46:00,70.1
2025-06-12 07:03:00,39.3
2025-06-12 07:14:00,50.16485882352941
2025-06-12 06:34:00,46.8
2025-06-12 23:47:00,91.9
2025-06-12 10:46:00,65.3
2025-06-12 18:53:00,27.1
2025-06-12 00:31:00,7.0
2025-06-12 22:29:00,32.6
2025-06-12 23:24:00,46.0
2025-06-12 22:07:00,15.7
2025-06-12 10:10:00,50.16485882352941
2025-06-12 18:23:00,38.9
2025-06-12 13:56:00,88.8
2025-06-12 03:15:00,19.3
2025-06-12 17:35:00,8.6
2025-06-12 09:29:00,34.0
2025-06-12 10:43:00,49.8
2025-06-12 07:02:00,50.16485882352941
2025-06-12 12:51:00,88.0
2025-06-12 19:59:00,22.8
2025-06-12 05:51:00,82.1
2025-06-12 19:11:00,99.9
2025-06-12 18:04:00,76.1
2025-06-12 21:04:00,80.8
2025-06-12 22:24:00,15.1
2025-06-12 17:51:00,44.5
2025-06-12 23:03:00,15.2
2025-06-12 01:24:00,71.9
2025-06-12 06:15:00,18.9
2025-06-12 09:01:00,24.1
2025-06-12 07:22:00,29.9
2025-06-12 10:57:00,94.1
2025-06-12 07:48:00,89.1
2025-06-12 16:42:00,71.8
2025-06-12 20:10:00,79.3
2025-06-12 11:28:00,77.3
2025-06-12 07:28:00,45.9
2025-06-12 00:35:00,49.8
2025-06-12 23:07:00,50.16485882352941
2025-06-12 23:29:00,50.16485882352941
2025-06-12 04:30:00,78.7
2025-06-12 17:52:00,50.16485882352941
2025-06-12 06:03:00,47.3
2025-06-12 06:21:00,95.3
2025-06-12 22:45:00,32.0
2025-06-12 09:41:00,50.16485882352941
2025-06-12 04:27:00,79.6
2025-06-12 13:38:00,0.6
2025-06-12 11:42:00,14.7
2025-06-12 20:16:00,24.0
2025-06-12 23:49:00,14.6
2025-06-12 14:00:00,50.16485882352941
2025-06-12 19:31:00,63.3
2025-06-12 05:59:00,67.6
2025-06-12 02:35:00,48.9
2025-06-12 20:20:00,69.3
2025-06-12 00:17:00,16.9
2025-06-12 00:33:00,23.5
2025-06-12 22:04:00,50.16485882352941
2025-06-12 17:20:00,50.16485882352941
2025-06-12 13:44:00,16.2
2025-06-12 02:05:00,18.4
2025-06-12 21:55:00,2.9
2025-06-12 01:17:00,47.9
2025-06-12 20:33:00,82.0
2025-06-12 21:27:00,32.3
2025-06-12 08:39:00,50.16485882352941
2025-06-12 07:58:00,37.7
2025-06-12 21:07:00,37.9
2025-06-12 20:53:00,35.5
2025-06-12 17:04:00,84.9
2025-06-12 08:44:00,41.5
2025-06-12 15:40:00,27.5
2025-06-12 16:02:00,31.1
2025-06-12 23:44:00,50.16485882352941
2025-06-12 09:46:00,50.16485882352941
2025-06-12 11:56:00,50.16485882352941
2025-06-12 18:15:00,31.0
2025-06-12 16:12:00,50.16485882352941
2025-06-12 04:45:00,64.9
2025-06-12 09:00:00,14.9
2025-06-12 11:55:00,69.1
2025-06-12 11:40:00,56.0
2025-06-12 22:20:00,8.3
2025-06-12 21:03:00,16.0
2025-06-12 10:02:00,50.16485882352941
2025-06-12 02:08:00,97.6
2025-06-12 05:30:00,90.7
2025-06-12 08:49:00,4.4
2025-06-12 10:30:00,89.6
2025-06-12 00:13:00,32.5
2025-06-12 22:05:00,13.6
2025-06-12 01:05:00,64.2
2025-06-12 18:27:00,50.16485882352941
2025-06-12 10:17:00,12.1
2025-06-12 13:33:00,50.16485882352941
2025-06-12 13:07:00,50.16485882352941
2025-06-12 22:49:00,30.5
2025-06-12 04:43:00,78.5
2025-06-12 22:31:00,83.1
2025-06-12 19:25:00,78.6
2025-06-12 03:10:00,13.2
2025-06-12 06:16:00,50.16485882352941
2025-06-12 06:50:00,50.16485882352941
2025-06-12 07:34:00,77.5
2025-06-12 21:14:00,46.7
2025-06-12 08:34:00,9.5
2025-06-12 21:11:00,1.4
2025-06-12 09:59:00,55.5
2025-06-12 07:05:00,50.9
2025-06-12 20:19:00,49.7
2025-06-12 22:58:00,31.7
2025-06-12 14:36:00,49.40323484760014
2025-06-12 14:54:00,68.6
2025-06-12 09:39:00,25.7
2025-06-12 01:28:00,49.40323484760014
2025-06-12 17:56:00,49.40323484760014
2025-06-12 14:45:00,49.40323484760014
2025-06-12 16:35:00,9.0
2025-06-12 19:05:00,42.8
2025-06-12 19:22:00,52.6
2025-06-12 21:58:00,69.1
2025-06-12 06:43:00,91.4
2025-06-12 08:00:00,62.7
2025-06-12 08:32:00,45.0
2025-06-12 16:49:00,79.9
2025-06-12 04:38:00,33.0
2025-06-12 15:15:00,38.6
2025-06-12 00:01:00,49.40323484760014
2025-06-12 21:08:00,53.4
2025-06-12 08:55:00,84.9
2025-06-12 17:54:00,68.6
2025-06-12 16:54:00,49.40323484760014
2025-06-12 03:36:00,70.3
2025-06-12 17:44:00,29.0
2025-06-12 22:23:00,49.40323484760014
2025-06-12 18:42:00,30.1
2025-06-12 23:25:00,85.4
2025-06-12 23:27:00,59.5
2025-06-12 05:24:00,49.40323484760014
2025-06-12 06:14:00,42.1
2025-06-12 04:56:00,76.0
2025-06-12 06:46:00,14.3
2025-06-12 22:38:00,68.8
2025-06-12 14:28:00,31.8
2025-06-12 09:28:00,33.8
2025-06-12 21:10:00,13.7
2025-06-12 02:39:00,11.0
2025-06-12 17:53:00,6.1
2025-06-12 09:03:00,52.5
2025-06-12 20:13:00,49.40323484760014
2025-06-12 21:06:00,49.40323484760014
2025-06-12 09:13:00,11.1
2025-06-12 05:59:00,50.6
2025-06-12 19:58:00,71.5
2025-06-12 17:50:00,11.8
2025-06-12 11:42:00,48.9
2025-06-12 12:56:00,77.9
2025-06-12 06:01:00,96.6
2025-06-12 04:37:00,40.7
2025-06-12 19:46:00,13.3
2025-06-12 11:10:00,16.6
2025-06-12 13:13:00,96.2
2025-06-12 17:10:00,49.40323484760014
2025-06-12 23:05:00,99.5
2025-06-12 03:28:00,91.3
2025-06-12 06:31:00,64.1
2025-06-12 01:41:00,48.2
2025-06-12 08:46:00,97.5
2025-06-12 14:18:00,22.7
2025-06-12 02:59:00,36.6
2025-06-12 13:50:00,95.5
2025-06-12 16:38:00,28.8
2025-06-12 04:26:00,15.9
2025-06-12 19:00:00,50.3
2025-06-12 00:05:00,70.3
2025-06-12 00:12:00,73.2
2025-06-12 14:55:00,49.40323484760014
2025-06-12 07:56:00,49.40323484760014
2025-06-12 01:44:00,97.8
2025-06-12 06:54:00,13.6
2025-06-12 21:25:00,45.3
2025-06-12 00:16:00,38.6
2025-06-12 13:04:00,56.1
2025-06-12 15:52:00,66.9
2025-06-12 08:08:00,61.3
2025-06-12 03:26:00,95.0
2025-06-12 20:15:00,53.4
2025-06-12 15:24:00,54.6
2025-06-12 03:50:00,88.2
2025-06-12 10:48:00,93.3
2025-06-12 11:14:00,98.1
2025-06-12 08:59:00,50.7
2025-06-12 09:32:00,44.5
2025-06-12 09:07:00,96.6
2025-06-12 21:24:00,39.4
2025-06-12 14:51:00,49.40323484760014
2025-06-12 04:58:00,34.1
2025-06-12 18:08:00,49.40323484760014
2025-06-12 09:53:00,51.2
2025-06-12 23:17:00,76.0
2025-06-12 19:40:00,85.9
2025-06-12 22:15:00,0.7
2025-06-12 08:33:00,81.3
2025-06-12 22:02:00,31.8
2025-06-12 07:32:00,54.7
2025-06-12 10:46:00,49.40323484760014
2025-06-12 20:04:00,72.6
2025-06-12 19:02:00,49.40323484760014
2025-06-12 09:51:00,73.3
2025-06-12 16:03:00,35.7
2025-06-12 22:27:00,58.3
2025-06-12 17:51:00,34.8
2025-06-12 01:09:00,79.5
2025-06-12 01:56:00,81.0
2025-06-12 05:47:00,92.6
2025-06-12 01:10:00,55.3
2025-06-12 04:25:00,48.8
2025-06-12 22:03:00,62.9
2025-06-12 09:18:00,83.4
2025-06-12 23:20:00,49.40323484760014
2025-06-12 11:39:00,70.0
2025-06-12 03:15:00,83.9
2025-06-12 01:04:00,49.40323484760014
2025-06-12 05:17:00,79.6
2025-06-12 12:29:00,17.7
2025-06-12 15:35:00,9.7
2025-06-12 06:04:00,8.6
2025-06-12 10:14:00,13.2
2025-06-12 23:58:00,13.3
2025-06-12 01:46:00,64.4
2025-06-12 01:06:00,7.4
2025-06-12 12:37:00,49.1
2025-06-12 17:12:00,44.5
2025-06-12 14:34:00,75.2
2025-06-12 02:34:00,49.0
2025-06-12 03:53:00,11.2
2025-06-12 01:33:00,54.4
2025-06-12 22:50:00,59.4
2025-06-12 14:09:00,59.7
2025-06-12 08:15:00,61.3
2025-06-12 13:19:00,92.5
2025-06-12 17:23:00,59.5
2025-06-12 22:14:00,19.5
2025-06-12 17:32:00,43.0
2025-06-12 22:28:00,95.8
2025-06-12 14:06:00,49.40323484760014
2025-06-12 19:23:00,49.40323484760014
2025-06-12 08:17:00,42.4
2025-06-12 05:10:00,27.3
2025-06-12 05:50:00,31.3
2025-06-12 06:05:00,17.3
2025-06-12 00:29:00,68.1
2025-06-12 23:45:00,90.9
2025-06-12 06:39:00,49.40323484760014
2025-06-12 10:32:00,59.9
2025-06-12 01:22:00,15.5
2025-06-12 08:50:00,6.3
2025-06-12 14:11:00,49.40323484760014
2025-06-12 09:16:00,17.9
2025-06-12 12:01:00,33.5
2025-06-12 19:21:00,33.7
2025-06-12 20:39:00,23.1
2025-06-12 03:37:00,23.6
2025-06-12 19:31:00,78.2
2025-06-12 17:47:00,49.40323484760014
2025-06-12 03:45:00,12.6
2025-06-12 22:10:00,16.0
2025-06-12 10:36:00,15.5
2025-06-12 09:23:00,6.3
2025-06-12 22:21:00,49.40323484760014
2025-06-12 15:39:00,20.2
2025-06-12 20:41:00,66.3
2025-06-12 04:35:00,70.5
2025-06-12 03:09:00,94.3
2025-06-12 21:42:00,22.5
2025-06-12 21:33:00,52.7
2025-06-12 13:56:00,50.3
2025-06-12 23:07:00,49.40323484760014
2025-06-12 00:54:00,11.2
2025-06-12 04:52:00,87.5
2025-06-12 06:22:00,68.8
2025-06-12 15:19:00,55.4
2025-06-12 13:28:00,76.8
2025-06-12 04:17:00,47.9
2025-06-12 03:29:00,49.40323484760014
2025-06-12 09:45:00,48.6
2025-06-12 11:57:00,54.9
2025-06-12 21:46:00,14.3
2025-06-12 12:14:00,70.2
2025-06-12 10:00:00,47.7
2025-06-12 15:04:00,69.8
2025-06-12 13:18:00,38.1
2025-06-12 11:43:00,64.4
2025-06-12 09:08:00,42.3
2025-06-12 13:44:00,82.1
2025-06-12 06:50:00,86.1
2025-06-12 06:18:00,31.2
2025-06-12 21:19:00,31.6
2025-06-12 21:56:00,31.1
2025-06-12 02:32:00,39.8
2025-06-12 23:52:00,41.5
2025-06-12 14:16:00,18.1
2025-06-12 01:24:00,69.1
2025-06-12 11:45:00,49.40323484760014
2025-06-12 01:05:00,76.2
2025-06-12 21:05:00,30.9
2025-06-12 04:16:00,53.3
2025-06-12 22:39:00,49.40323484760014
2025-06-12 11:12:00,64.2
2025-06-12 20:22:00,49.40323484760014
2025-06-12 19:41:00,1.3
2025-06-12 21:13:00,49.40323484760014
2025-06-12 12:02:00,49.40323484760014
2025-06-12 11:17:00,49.40323484760014
2025-06-12 10:28:00,14.1
2025-06-12 09:05:00,84.6
2025-06-12 14:24:00,16.0
2025-06-12 16:12:00,86.2
2025-06-12 20:14:00,6.0
2025-06-12 08:49:00,49.40323484760014
2025-06-12 06:56:00,35.8
2025-06-12 04:59:00,58.1
2025-06-12 20:23:00,49.40323484760014
2025-06-12 18:09:00,93.5
2025-06-12 15:30:00,3.9
2025-06-12 08:13:00,92.9
2025-06-12 09:44:00,94.0
2025-06-12 21:18:00,77.2
2025-06-12 19:36:00,88.5
2025-06-12 17:38:00,73.8
2025-06-12 20:17:00,53.3
2025-06-12 05:11:00,47.1
2025-06-12 09:29:00,84.4
2025-06-12 12:05:00,49.40323484760014
2025-06-12 23:40:00,93.2
2025-06-12 13:10:00,5.3
2025-06-12 23:03:00,91.7
2025-06-12 13:15:00,7.4
2025-06-12 05:57:00,35.4
2025-06-12 06:25:00,77.5
2025-06-12 14:17:00,5.2
2025-06-12 00:50:00,69.6
2025-06-12 15:45:00,62.8
2025-06-12 23:42:00,70.5
2025-06-12 16:08:00,77.5
2025-06-12 11:18:00,24.9
2025-06-12 04:13:00,66.7
2025-06-12 01:47:00,49.8
2025-06-12 23:22:00,49.40323484760014
2025-06-12 20:42:00,64.3
2025-06-12 05:01:00,97.3
2025-06-12 10:25:00,51.7
2025-06-12 21:47:00,35.0
2025-06-12 01:31:00,54.6
2025-06-12 15:16:00,21.1
2025-06-12 13:35:00,14.3
2025-06-12 13:51:00,33.7
2025-06-12 00:40:00,86.7
2025-06-12 04:40:00,49.40323484760014
2025-06-12 03:42:00,27.7
2025-06-12 00:30:00,74.8
2025-06-12 18:41:00,83.4
2025-06-12 18:49:00,49.40323484760014
2025-06-12 15:13:00,65.8
2025-06-12 01:35:00,13.7
2025-06-12 07:48:00,49.40323484760014
2025-06-12 17:17:00,54.6
2025-06-12 11:35:00,66.1
2025-06-12 16:25:00,2.6
2025-06-12 22:34:00,86.4
2025-06-12 16:27:00,41.7
2025-06-12 19:55:00,29.5
2025-06-12 05:19:00,49.40323484760014
2025-06-12 13:47:00,50.4
2025-06-12 03:22:00,7.2
2025-06-12 07:06:00,57.4
2025-06-12 00:18:00,41.8
2025-06-12 17:26:00,58.0
2025-06-12 16:09:00,2.0
2025-06-12 12:27:00,18.8
2025-06-12 06:38:00,49.40323484760014
2025-06-12 07:42:00,21.4
2025-06-12 21:32:00,8.1
2025-06-12 05:42:00,50.6
2025-06-12 08:01:00,52.4
2025-06-12 11:58:00,20.1
2025-06-12 07:43:00,70.1
2025-06-12 16:24:00,48.0
2025-06-12 00:07:00,89.6
2025-06-12 04:34:00,75.6
2025-06-12 00:44:00,38.6
2025-06-12 04:15:00,49.40323484760014
2025-06-12 02:09:00,24.7
2025-06-12 12:18:00,51.7
2025-06-12 07:07:00,88.4
2025-06-12 11:55:00,63.8
2025-06-12 23:37:00,9.3
2025-06-12 16:24:00,95.9
2025-06-12 00:30:00,29.0
2025-06-12 23:54:00,39.8
2025-06-12 09:48:00,12.6
2025-06-12 05:36:00,91.5
2025-06-12 17:20:00,50.400661703887515
2025-06-12 09:05:00,76.8
2025-06-12 19:03:00,50.400661703887515
2025-06-12 03:13:00,91.9
2025-06-12 08:50:00,56.0
2025-06-12 06:42:00,76.4
2025-06-12 08:22:00,56.1
2025-06-12 03:27:00,73.0
2025-06-12 04:52:00,27.4
2025-06-12 15:56:00,4.1
2025-06-12 05:52:00,75.6
2025-06-12 18:20:00,39.5
2025-06-12 02:20:00,8.4
2025-06-12 11:33:00,27.3
2025-06-12 23:02:00,99.2
2025-06-12 02:36:00,76.8
2025-06-12 23:45:00,93.4
2025-06-12 03:44:00,23.5
2025-06-12 16:34:00,8.0
2025-06-12 21:12:00,79.4
2025-06-12 11:07:00,0.5
2025-06-12 17:50:00,10.8
2025-06-12 14:28:00,24.5
2025-06-12 00:41:00,50.400661703887515
2025-06-12 01:21:00,97.1
2025-06-12 09:23:00,23.1
2025-06-12 08:54:00,96.5
2025-06-12 06:38:00,50.400661703887515
2025-06-12 20:18:00,59.4
2025-06-12 20:08:00,3.6
2025-06-12 02:58:00,76.4
2025-06-12 05:22:00,12.0
2025-06-12 07:47:00,50.400661703887515
2025-06-12 22:57:00,71.6
2025-06-12 15:54:00,63.2
2025-06-12 10:10:00,27.2
2025-06-12 18:59:00,95.9
2025-06-12 21:17:00,22.5
2025-06-12 01:36:00,95.2
2025-06-12 19:27:00,39.4
2025-06-12 22:40:00,50.400661703887515
2025-06-12 14:56:00,50.400661703887515
2025-06-12 11:10:00,97.9
2025-06-12 09:25:00,74.9
2025-06-12 21:19:00,16.8
2025-06-12 09:13:00,76.3
2025-06-12 22:25:00,91.4
2025-06-12 11:45:00,59.6
2025-06-12 05:19:00,92.2
2025-06-12 22:48:00,20.6
2025-06-12 03:58:00,26.2
2025-06-12 09:12:00,37.0
2025-06-12 06:23:00,88.0
2025-06-12 06:18:00,17.5
2025-06-12 01:20:00,61.6
2025-06-12 22:03:00,75.5
2025-06-12 13:15:00,47.1
2025-06-12 05:00:00,50.400661703887515
2025-06-12 03:22:00,53.9
2025-06-12 16:25:00,14.0
2025-06-12 13:11:00,75.9
2025-06-12 06:37:00,33.1
2025-06-12 13:03:00,50.400661703887515
2025-06-12 07:58:00,88.4
2025-06-12 09:06:00,50.400661703887515
2025-06-12 10:46:00,50.1
2025-06-12 12:17:00,50.400661703887515
2025-06-12 13:46:00,39.7
2025-06-12 14:55:00,66.4
2025-06-12 07:51:00,13.4
2025-06-12 11:25:00,28.9
2025-06-12 13:28:00,17.5
2025-06-12 22:07:00,50.400661703887515
2025-06-12 05:21:00,99.5
2025-06-12 04:39:00,52.2
2025-06-12 08:25:00,20.2
2025-06-12 11:43:00,50.400661703887515
2025-06-12 17:13:00,50.400661703887515
2025-06-12 10:37:00,48.0
2025-06-12 03:25:00,50.8
2025-06-12 13:23:00,70.9
2025-06-12 18:41:00,86.6
2025-06-12 17:01:00,37.4
2025-06-12 22:47:00,80.5
2025-06-12 05:54:00,65.3
2025-06-12 23:31:00,58.3
2025-06-12 11:58:00,18.2
2025-06-12 01:37:00,55.9
2025-06-12 07:46:00,46.0
2025-06-12 20:41:00,97.9
2025-06-12 20:09:00,21.1
2025-06-12 12:21:00,21.9
2025-06-12 10:47:00,50.400661703887515
2025-06-12 05:31:00,36.7
2025-06-12 18:36:00,67.6
2025-06-12 04:51:00,91.7
2025-06-12 03:15:00,25.2
2025-06-12 13:29:00,44.2
2025-06-12 08:13:00,33.0
2025-06-12 12:01:00,33.0
2025-06-12 20:01:00,50.400661703887515
2025-06-12 15:48:00,43.2
2025-06-12 22:49:00,19.4
2025-06-12 23:00:00,81.4
2025-06-12 14:12:00,20.5
2025-06-12 03:37:00,16.6
2025-06-12 22:00:00,10.7
2025-06-12 02:12:00,54.0
2025-06-12 07:21:00,24.6
2025-06-12 14:53:00,76.0
2025-06-12 11:53:00,74.9
2025-06-12 01:12:00,86.5
2025-06-12 17:12:00,97.5
2025-06-12 01:09:00,30.6
2025-06-12 04:14:00,50.400661703887515
2025-06-12 07:18:00,20.1
2025-06-12 21:39:00,43.7
2025-06-12 06:29:00,59.8
2025-06-12 05:59:00,6.1
2025-06-12 09:27:00,10.0
2025-06-12 14:51:00,11.7
2025-06-12 13:08:00,50.400661703887515
2025-06-12 07:59:00,84.0
2025-06-12 11:09:00,67.5
2025-06-12 02:18:00,83.6
2025-06-12 22:38:00,41.6
2025-06-12 22:56:00,27.7
2025-06-12 15:17:00,61.9
2025-06-12 01:11:00,99.1
2025-06-12 15:31:00,50.400661703887515
2025-06-12 21:27:00,50.400661703887515
2025-06-12 21:13:00,42.0
2025-06-12 03:39:00,34.9
2025-06-12 10:52:00,55.0
2025-06-12 22:10:00,52.3
2025-06-12 03:10:00,50.400661703887515
2025-06-12 04:45:00,16.1
2025-06-12 09:40:00,14.7
2025-06-12 18:47:00,18.7
2025-06-12 21:11:00,11.0
2025-06-12 10:17:00,13.6
2025-06-12 13:25:00,26.3
2025-06-12 09:01:00,47.3
2025-06-12 15:30:00,22.3
2025-06-12 07:43:00,47.9
2025-06-12 03:24:00,0.6
2025-06-12 11:06:00,65.3
2025-06-12 00:58:00,50.400661703887515
2025-06-12 05:49:00,27.9
2025-06-12 19:12:00,37.1
2025-06-12 05:41:00,52.2
2025-06-12 06:12:00,40.1
2025-06-12 21:38:00,64.3
2025-06-12 18:22:00,96.4
2025-06-12 10:22:00,68.3
2025-06-12 21:42:00,3.0
2025-06-12 04:54:00,31.7
2025-06-12 04:58:00,56.7
2025-06-12 05:16:00,59.2
2025-06-12 08:26:00,10.6
2025-06-12 13:33:00,74.7
2025-06-12 19:05:00,50.400661703887515
2025-06-12 18:56:00,74.4
2025-06-12 12:06:00,85.8
2025-06-12 14:54:00,15.2
2025-06-12 14:00:00,34.0
2025-06-12 14:45:00,34.7
2025-06-12 07:14:00,15.5
2025-06-12 00:13:00,17.0
2025-06-12 04:24:00,51.0
2025-06-12 00:14:00,82.5
2025-06-12 23:25:00,40.7
2025-06-12 16:18:00,18.8
2025-06-12 09:29:00,88.8
2025-06-12 08:18:00,50.400661703887515
2025-06-12 00:01:00,54.0
2025-06-12 20:15:00,77.4
2025-06-12 08:12:00,19.7
2025-06-12 06:28:00,83.1
2025-06-12 21:20:00,56.8
2025-06-12 18:06:00,31.1
2025-06-12 14:31:00,82.7
2025-06-12 02:50:00,27.6
2025-06-12 07:13:00,30.2
2025-06-12 09:56:00,91.7
2025-06-12 04:26:00,68.3
2025-06-12 10:54:00,51.9
2025-06-12 13:40:00,7.3
2025-06-12 17:02:00,66.1
2025-06-12 15:19:00,50.400661703887515
2025-06-12 11:13:00,70.2
2025-06-12 04:47:00,93.1
2025-06-12 02:19:00,55.5
2025-06-12 01:41:00,50.400661703887515
2025-06-12 03:42:00,46.0
2025-06-12 00:19:00,53.9
2025-06-12 18:04:00,50.400661703887515
2025-06-12 16:29:00,61.7
2025-06-12 00:48:00,50.400661703887515
2025-06-12 13:21:00,90.9
2025-06-12 21:46:00,94.6
2025-06-12 19:52:00,50.400661703887515
2025-06-12 15:20:00,17.5
2025-06-12 15:13:00,48.4
2025-06-12 20:00:00,12.2
2025-06-12 16:03:00,50.400661703887515
2025-06-12 11:52:00,9.6
2025-06-12 16:22:00,20.1
2025-06-12 07:03:00,93.6
2025-06-12 14:37:00,68.9
2025-06-12 00:49:00,1.4
2025-06-12 21:21:00,36.8
2025-06-12 13:19:00,27.6
2025-06-12 03:33:00,99.0
2025-06-12 08:27:00,55.9
2025-06-12 23:53:00,12.4
2025-06-12 20:48:00,70.3
2025-06-12 18:05:00,78.0
2025-06-12 03:41:00,41.2
2025-06-12 12:50:00,46.6
2025-06-12 08:07:00,32.7
2025-06-12 20:14:00,50.400661703887515
2025-06-12 00:04:00,50.400661703887515
2025-06-12 02:01:00,50.400661703887515
2025-06-12 02:23:00,19.7
2025-06-12 19:10:00,74.6
2025-06-12 09:44:00,50.400661703887515
2025-06-12 03:09:00,46.8
2025-06-12 03:02:00,36.2
2025-06-12 19:15:00,81.1
2025-06-12 16:55:00,63.0
2025-06-12 22:28:00,23.0
2025-06-12 12:58:00,50.400661703887515
2025-06-12 01:01:00,50.400661703887515
2025-06-12 18:02:00,82.9
2025-06-12 16:08:00,50.400661703887515
2025-06-12 09:53:00,2.1
2025-06-12 13:07:00,50.400661703887515
2025-06-12 10:41:00,68.7
2025-06-12 04:56:00,45.8
2025-06-12 15:38:00,50.400661703887515
2025-06-12 12:46:00,46.2
2025-06-12 06:32:00,82.7
2025-06-12 08:57:00,0.0
2025-06-12 18:50:00,56.9
2025-06-12 22:17:00,4.5
2025-06-12 06:06:00,89.5
2025-06-12 03:08:00,94.5
2025-06-12 00:24:00,64.5
2025-06-12 05:15:00,85.3
2025-06-12 04:42:00,33.1
2025-06-12 07:39:00,77.2
2025-06-12 10:04:00,71.5
2025-06-12 15:28:00,29.3
2025-06-12 18:33:00,21.9
2025-06-12 01:42:00,10.1
2025-06-12 16:57:00,59.9
2025-06-12 05:58:00,40.9
2025-06-12 06:31:00,50.400661703887515
2025-06-12 18:28:00,9.2
2025-06-12 19:14:00,20.0
2025-06-12 19:25:00,39.3
2025-06-12 10:12:00,2.6
2025-06-12 07:15:00,10.7
2025-06-12 16:46:00,82.9
2025-06-12 07:38:00,15.5
2025-06-12 04:50:00,52.2
2025-06-12 09:39:00,15.9
2025-06-12 11:00:00,52.4
2025-06-12 21:10:00,14.1
2025-06-12 13:44:00,50.400661703887515
2025-06-12 21:40:00,73.9
2025-06-12 02:04:00,50.400661703887515
2025-06-12 11:18:00,63.0
2025-06-12 17:34:00,3.3
2025-06-12 18:30:00,37.7
2025-06-12 01:07:00,73.4
2025-06-12 01:30:00,3.1
2025-06-12 22:45:00,33.5
2025-06-12 08:53:00,19.6
2025-06-12 02:27:00,50.400661703887515
2025-06-12 06:57:00,97.7
2025-06-12 22:26:00,56.2
2025-06-12 04:31:00,84.9
2025-06-12 06:08:00,24.2
2025-06-12 09:04:00,62.9
2025-06-12 22:27:00,11.3
2025-06-12 10:56:00,50.400661703887515
2025-06-12 12:59:00,41.5
2025-06-12 03:32:00,49.84418741885991
2025-06-12 06:54:00,1.0
2025-06-12 15:39:00,19.0
2025-06-12 04:16:00,48.9
2025-06-12 15:19:00,1.4
2025-06-12 06:33:00,82.2
2025-06-12 20:45:00,49.84418741885991
2025-06-12 01:48:00,94.1
2025-06-12 17:55:00,14.5
2025-06-12 02:31:00,46.1
2025-06-12 08:05:00,13.5
2025-06-12 00:33:00,27.4
2025-06-12 10:57:00,84.1
2025-06-12 20:59:00,49.84418741885991
2025-06-12 14:46:00,82.9
2025-06-12 03:47:00,7.4
2025-06-12 03:08:00,49.84418741885991
2025-06-12 22:50:00,49.84418741885991
2025-06-12 06:14:00,6.9
2025-06-12 22:44:00,83.4
2025-06-12 06:59:00,91.0
2025-06-12 15:10:00,2.4
2025-06-12 21:39:00,30.6
2025-06-12 19:08:00,90.7
2025-06-12 07:55:00,32.3
2025-06-12 22:48:00,54.6
2025-06-12 19:39:00,74.8
2025-06-12 01:13:00,49.84418741885991
2025-06-12 20:14:00,49.84418741885991
2025-06-12 03:10:00,62.3
2025-06-12 17:36:00,49.84418741885991
2025-06-12 23:21:00,76.9
2025-06-12 19:44:00,37.9
2025-06-12 03:51:00,80.0
2025-06-12 17:44:00,2.4
2025-06-12 07:11:00,32.9
2025-06-12 08:02:00,66.9
2025-06-12 08:58:00,95.1
2025-06-12 05:56:00,22.9
2025-06-12 20:56:00,73.8
2025-06-12 06:58:00,98.8
2025-06-12 06:11:00,50.0
2025-06-12 16:04:00,68.6
2025-06-12 13:59:00,92.1
2025-06-12 00:50:00,64.8
2025-06-12 09:54:00,74.0
2025-06-12 21:31:00,23.3
2025-06-12 13:15:00,1.6
2025-06-12 20:31:00,43.9
2025-06-12 10:46:00,65.4
2025-06-12 08:36:00,28.0
2025-06-12 14:24:00,23.0
2025-06-12 14:31:00,86.0
2025-06-12 22:11:00,26.0
2025-06-12 16:41:00,49.84418741885991
2025-06-12 01:08:00,34.5
2025-06-12 17:38:00,55.7
2025-06-12 11:46:00,72.5
2025-06-12 13:49:00,39.9
2025-06-12 06:25:00,62.0
2025-06-12 23:46:00,23.3
2025-06-12 09:46:00,86.5
2025-06-12 05:24:00,9.5
2025-06-12 22:16:00,66.6
2025-06-12 17:53:00,0.5
2025-06-12 19:59:00,57.6
2025-06-12 11:33:00,4.4
2025-06-12 08:26:00,27.9
2025-06-12 11:42:00,32.9
2025-06-12 07:17:00,14.2
2025-06-12 19:04:00,53.6
2025-06-12 13:02:00,41.2
2025-06-12 05:52:00,71.6
2025-06-12 03:02:00,81.8
2025-06-12 20:18:00,92.8
2025-06-12 04:29:00,93.1
2025-06-12 14:14:00,49.84418741885991
2025-06-12 01:32:00,49.84418741885991
2025-06-12 19:02:00,49.84418741885991
2025-06-12 23:24:00,9.9
2025-06-12 19:27:00,46.0
2025-06-12 20:53:00,50.2
2025-06-12 15:37:00,49.84418741885991
2025-06-12 09:42:00,96.0
2025-06-12 23:34:00,37.3
2025-06-12 02:01:00,88.6
2025-06-12 22:00:00,46.0
2025-06-12 05:40:00,49.84418741885991
2025-06-12 00:10:00,9.0
2025-06-12 06:08:00,49.84418741885991
2025-06-12 18:32:00,92.7
2025-06-12 09:08:00,91.8
2025-06-12 07:46:00,11.4
2025-06-12 08:07:00,57.5
2025-06-12 11:08:00,64.9
2025-06-12 05:08:00,47.0
2025-06-12 04:32:00,49.84418741885991
2025-06-12 07:28:00,94.4
2025-06-12 09:59:00,64.3
2025-06-12 12:27:00,54.0
2025-06-12 16:40:00,49.84418741885991
2025-06-12 02:52:00,32.3
2025-06-12 12:34:00,19.1
2025-06-12 07:27:00,56.9
2025-06-12 11:21:00,47.0
2025-06-12 14:39:00,49.84418741885991
2025-06-12 06:17:00,26.3
2025-06-12 00:46:00,4.4
2025-06-12 06:36:00,98.7
2025-06-12 21:57:00,44.3
2025-06-12 16:29:00,3.2
2025-06-12 20:52:00,14.1
2025-06-12 14:11:00,88.2
2025-06-12 07:34:00,68.7
2025-06-12 05:21:00,73.6
2025-06-12 13:55:00,49.84418741885991
2025-06-12 09:18:00,5.8
2025-06-12 01:04:00,30.4
2025-06-12 01:11:00,82.3
2025-06-12 15:18:00,49.84418741885991
2025-06-12 02:54:00,43.5
2025-06-12 11:06:00,9.9
2025-06-12 03:22:00,0.0
2025-06-12 14:25:00,95.4
2025-06-12 03:27:00,93.8
2025-06-12 03:39:00,49.84418741885991
2025-06-12 00:11:00,43.6
2025-06-12 20:44:00,68.2
2025-06-12 12:36:00,28.6
2025-06-12 09:17:00,16.5
2025-06-12 06:31:00,13.1
2025-06-12 11:19:00,40.1
2025-06-12 16:02:00,78.8
2025-06-12 09:38:00,11.0
2025-06-12 13:17:00,40.0
2025-06-12 02:26:00,28.9
2025-06-12 01:41:00,92.8
2025-06-12 13:22:00,94.4
2025-06-12 10:12:00,40.8
2025-06-12 09:57:00,78.8
2025-06-12 02:57:00,56.2
2025-06-12 11:56:00,0.3
2025-06-12 22:10:00,76.5
2025-06-12 13:30:00,49.2
2025-06-12 06:16:00,31.9
2025-06-12 17:58:00,26.3
2025-06-12 16:36:00,66.6
2025-06-12 19:01:00,64.2
2025-06-12 14:59:00,49.84418741885991
2025-06-12 03:33:00,95.4
2025-06-12 21:29:00,95.4
2025-06-12 06:29:00,82.0
2025-06-12 06:45:00,47.9
2025-06-12 11:27:00,52.6
2025-06-12 07:00:00,49.84418741885991
2025-06-12 23:57:00,24.4
2025-06-12 12:05:00,49.84418741885991
2025-06-12 11:57:00,85.7
2025-06-12 21:23:00,19.5
2025-06-12 07:06:00,33.5
2025-06-12 19:32:00,68.1
2025-06-12 01:57:00,47.3
2025-06-12 13:01:00,63.9
2025-06-12 01:10:00,7.6
2025-06-12 00:32:00,94.8
2025-06-12 17:40:00,99.8
2025-06-12 13:46:00,57.5
2025-06-12 03:11:00,76.7
2025-06-12 11:41:00,60.4
2025-06-12 15:09:00,88.1
2025-06-12 07:41:00,10.5
2025-06-12 08:49:00,34.0
2025-06-12 15:44:00,96.2
2025-06-12 17:17:00,44.4
2025-06-12 19:06:00,20.2
2025-06-12 05:38:00,67.4
2025-06-12 17:52:00,49.84418741885991
2025-06-12 10:33:00,76.8
2025-06-12 16:35:00,71.7
2025-06-12 01:45:00,51.9
2025-06-12 23:26:00,20.3
2025-06-12 16:03:00,17.8
2025-06-12 10:44:00,33.9
2025-06-12 18:57:00,49.84418741885991
2025-06-12 01:31:00,67.6
2025-06-12 18:38:00,55.4
2025-06-12 22:33:00,49.84418741885991
2025-06-12 02:50:00,54.3
2025-06-12 16:33:00,49.84418741885991
2025-06-12 16:32:00,0.6
2025-06-12 23:20:00,10.7
2025-06-12 19:21:00,7.6
2025-06-12 08:41:00,8.0
2025-06-12 13:36:00,66.3
2025-06-12 22:12:00,65.9
2025-06-12 18:15:00,81.5
2025-06-12 15:15:00,49.84418741885991
2025-06-12 11:02:00,77.8
2025-06-12 23:00:00,52.7
2025-06-12 08:38:00,92.9
2025-06-12 20:07:00,58.5
2025-06-12 03:23:00,22.4
2025-06-12 15:24:00,75.4
2025-06-12 05:57:00,60.1
2025-06-12 13:37:00,51.1
2025-06-12 19:13:00,25.4
2025-06-12 18:29:00,13.2
2025-06-12 13:24:00,90.8
2025-06-12 02:13:00,49.84418741885991
2025-06-12 15:57:00,99.8
2025-06-12 16:00:00,49.84418741885991
2025-06-12 22:51:00,72.4
2025-06-12 21:22:00,52.2
2025-06-12 07:15:00,63.7
2025-06-12 14:49:00,37.7
2025-06-12 12:22:00,67.9
2025-06-12 22:54:00,13.1
2025-06-12 10:29:00,2.1
2025-06-12 00:45:00,49.84418741885991
2025-06-12 11:55:00,12.3
2025-06-12 23:47:00,49.84418741885991
2025-06-12 18:06:00,73.9
2025-06-12 14:03:00,75.9
2025-06-12 10:58:00,25.6
2025-06-12 06:27:00,46.3
2025-06-12 23:35:00,62.1
2025-06-12 12:18:00,35.9
2025-06-12 15:49:00,53.4
2025-06-12 21:10:00,60.7
2025-06-12 19:47:00,49.84418741885991
2025-06-12 06:26:00,49.84418741885991
2025-06-12 22:34:00,77.2
2025-06-12 05:54:00,66.4
2025-06-12 01:21:00,96.9
2025-06-12 22:26:00,75.4
2025-06-12 20:33:00,30.9
2025-06-12 17:25:00,68.4
2025-06-12 22:45:00,35.6
2025-06-12 02:43:00,38.7
2025-06-12 09:34:00,63.2
2025-06-12 13:12:00,95.1
2025-06-12 20:11:00,29.1
2025-06-12 16:16:00,13.8
2025-06-12 06:34:00,37.1
2025-06-12 22:07:00,13.2
2025-06-12 05:32:00,2.0
2025-06-12 12:29:00,32.3
2025-06-12 05:27:00,96.3
2025-06-12 00:34:00,49.84418741885991
2025-06-12 06:41:00,35.1
2025-06-12 19:43:00,20.5
2025-06-12 08:19:00,42.3
2025-06-12 23:08:00,7.3
2025-06-12 04:23:00,29.6
2025-06-12 02:33:00,26.4
2025-06-12 16:34:00,49.84418741885991
2025-06-12 17:50:00,74.6
2025-06-12 21:13:00,52.6
2025-06-12 05:43:00,86.7
2025-06-12 17:31:00,7.8
2025-06-12 09:31:00,10.7
2025-06-12 00:56:00,55.0
2025-06-12 00:08:00,3.9
2025-06-12 19:00:00,22.9
2025-06-12 18:18:00,49.84418741885991
2025-06-12 16:22:00,35.7
2025-06-12 18:23:00,44.4
2025-06-12 18:27:00,55.2
2025-06-12 03:26:00,28.1
2025-06-12 02:53:00,52.9
2025-06-12 09:05:00,54.6
2025-06-12 22:56:00,77.2
2025-06-12 14:04:00,34.0
2025-06-12 14:56:00,96.6
2025-06-12 01:06:00,14.2
2025-06-12 01:37:00,32.3
2025-06-12 05:07:00,98.1
2025-06-12 02:39:00,38.9
2025-06-12 06:20:00,57.9
2025-06-12 10:50:00,49.84418741885991
2025-06-12 12:31:00,59.9
2025-06-12 14:33:00,14.0
2025-06-12 01:14:00,29.3
2025-06-12 18:20:00,94.7
2025-06-12 07:43:00,94.0
2025-06-12 06:28:00,53.7
2025-06-12 15:51:00,32.7
2025-06-12 09:51:00,14.0
2025-06-12 07:58:00,64.1
2025-06-12 18:59:00,0.6
2025-06-12 14:50:00,67.8
2025-06-12 20:01:00,58.5
2025-06-12 06:13:00,3.0
2025-06-12 12:59:00,46.2
2025-06-12 08:01:00,75.6
2025-06-12 21:10:00,18.7
2025-06-12 11:48:00,5.0
2025-06-12 04:37:00,40.1
2025-06-12 13:25:00,59.7
2025-06-12 04:10:00,6.5
2025-06-12 19:06:00,28.0
2025-06-12 04:31:00,61.4
2025-06-12 02:17:00,50.31892714921527
2025-06-12 08:56:00,89.8
2025-06-12 15:39:00,10.0
2025-06-12 04:51:00,54.5
2025-06-12 07:24:00,0.8
2025-06-12 04:19:00,23.2
2025-06-12 01:04:00,65.7
2025-06-12 10:22:00,50.31892714921527
2025-06-12 09:41:00,50.31892714921527
2025-06-12 22:14:00,84.6
2025-06-12 14:31:00,61.6
2025-06-12 22:24:00,4.7
2025-06-12 03:56:00,89.3
2025-06-12 18:14:00,50.31892714921527
2025-06-12 08:30:00,50.31892714921527
2025-06-12 18:00:00,46.8
2025-06-12 13:01:00,94.1
2025-06-12 07:32:00,37.4
2025-06-12 02:46:00,83.4
2025-06-12 06:37:00,64.0
2025-06-12 22:59:00,5.3
2025-06-12 11:49:00,62.1
2025-06-12 17:19:00,50.2
2025-06-12 10:27:00,32.0
2025-06-12 10:59:00,11.0
2025-06-12 18:32:00,10.0
2025-06-12 06:36:00,66.1
2025-06-12 01:21:00,64.9
2025-06-12 04:43:00,66.1
2025-06-12 16:32:00,62.5
2025-06-12 11:32:00,26.9
2025-06-12 15:36:00,78.6
2025-06-12 05:12:00,19.1
2025-06-12 18:18:00,50.0
2025-06-12 13:31:00,50.31892714921527
2025-06-12 01:30:00,94.9
2025-06-12 08:59:00,26.4
2025-06-12 17:42:00,57.4
2025-06-12 21:13:00,37.8
2025-06-12 08:05:00,60.7
2025-06-12 13:21:00,74.3
2025-06-12 19:03:00,6.7
2025-06-12 03:22:00,83.6
2025-06-12 19:15:00,50.31892714921527
2025-06-12 20:44:00,43.1
2025-06-12 17:28:00,93.3
2025-06-12 11:17:00,44.3
2025-06-12 03:10:00,24.5
2025-06-12 03:11:00,41.2
2025-06-12 01:35:00,50.31892714921527
2025-06-12 14:03:00,88.1
2025-06-12 01:06:00,73.0
2025-06-12 09:29:00,70.9
2025-06-12 00:47:00,17.5
2025-06-12 01:12:00,16.8
2025-06-12 05:16:00,90.7
2025-06-12 02:28:00,35.7
2025-06-12 04:36:00,33.6
2025-06-12 00:41:00,61.0
2025-06-12 21:39:00,61.2
2025-06-12 10:55:00,67.8
2025-06-12 20:22:00,59.2
2025-06-12 00:57:00,21.0
2025-06-12 14:18:00,67.2
2025-06-12 21:11:00,78.6
2025-06-12 23:41:00,51.5
2025-06-12 18:15:00,56.9
2025-06-12 12:45:00,63.1
2025-06-12 14:27:00,46.6
2025-06-12 15:19:00,25.5
2025-06-12 08:39:00,73.7
2025-06-12 11:13:00,71.0
2025-06-12 09:45:00,50.31892714921527
2025-06-12 00:26:00,3.1
2025-06-12 03:18:00,4.1
2025-06-12 11:30:00,56.0
2025-06-12 13:29:00,94.7
2025-06-12 05:05:00,61.9
2025-06-12 01:46:00,83.0
2025-06-12 04:42:00,14.1
2025-06-12 08:41:00,50.31892714921527
2025-06-12 21:20:00,32.5
2025-06-12 04:20:00,6.6
2025-06-12 03:21:00,70.6
2025-06-12 18:16:00,91.9
2025-06-12 18:46:00,58.3
2025-06-12 10:09:00,50.31892714921527
2025-06-12 19:43:00,60.1
2025-06-12 14:41:00,85.8
2025-06-12 02:29:00,62.3
2025-06-12 02:07:00,89.1
2025-06-12 11:00:00,74.0
2025-06-12 01:29:00,64.0
2025-06-12 15:28:00,93.9
2025-06-12 02:55:00,5.1
2025-06-12 15:48:00,28.4
2025-06-12 09:39:00,49.9
2025-06-12 22:35:00,15.7
2025-06-12 06:51:00,23.1
2025-06-12 10:12:00,50.31892714921527
2025-06-12 01:47:00,58.2
2025-06-12 08:16:00,80.9
2025-06-12 03:23:00,61.9
2025-06-12 08:31:00,38.0
2025-06-12 09:26:00,98.2
2025-06-12 16:15:00,71.4
2025-06-12 12:30:00,95.6
2025-06-12 15:54:00,80.8
2025-06-12 00:24:00,24.3
2025-06-12 20:10:00,84.2
2025-06-12 20:45:00,42.9
2025-06-12 05:33:00,12.9
2025-06-12 00:02:00,50.31892714921527
2025-06-12 10:01:00,96.5
2025-06-12 20:00:00,26.3
2025-06-12 01:07:00,50.31892714921527
2025-06-12 16:05:00,24.7
2025-06-12 05:07:00,55.4
2025-06-12 12:41:00,67.1
2025-06-12 12:20:00,44.7
2025-06-12 19:14:00,4.1
2025-06-12 22:39:00,27.2
2025-06-12 02:23:00,8.7
2025-06-12 10:16:00,49.5
2025-06-12 17:02:00,86.4
2025-06-12 05:37:00,8.6
2025-06-12 03:17:00,15.8
2025-06-12 20:42:00,65.8
2025-06-12 14:40:00,50.31892714921527
2025-06-12 01:05:00,74.3
2025-06-12 00:34:00,99.8
2025-06-12 13:20:00,92.1
2025-06-12 06:14:00,63.8
2025-06-12 15:26:00,50.31892714921527
2025-06-12 03:16:00,6.4
2025-06-12 11:34:00,50.31892714921527
2025-06-12 03:35:00,39.7
2025-06-12 16:12:00,74.7
2025-06-12 05:51:00,5.4
2025-06-12 19:04:00,36.0
2025-06-12 10:47:00,50.4
2025-06-12 19:27:00,10.3
2025-06-12 11:44:00,50.31892714921527
2025-06-12 17:59:00,50.31892714921527
2025-06-12 08:18:00,51.9
2025-06-12 02:06:00,69.7
2025-06-12 14:29:00,55.4
2025-06-12 03:33:00,74.9
2025-06-12 07:07:00,92.6
2025-06-12 15:05:00,49.8
2025-06-12 18:49:00,80.4
2025-06-12 03:50:00,83.2
2025-06-12 21:03:00,34.8
2025-06-12 09:09:00,37.4
2025-06-12 08:47:00,8.6
2025-06-12 17:34:00,68.1
2025-06-12 01:22:00,75.9
2025-06-12 20:18:00,50.31892714921527
2025-06-12 19:29:00,0.9
2025-06-12 04:17:00,87.3
2025-06-12 07:29:00,54.4
2025-06-12 06:39:00,37.0
2025-06-12 23:20:00,92.2
2025-06-12 05:40:00,41.4
2025-06-12 04:12:00,49.3
2025-06-12 19:37:00,64.0
2025-06-12 10:23:00,91.8
2025-06-12 03:37:00,46.8
2025-06-12 04:56:00,76.6
2025-06-12 09:35:00,50.31892714921527
2025-06-12 17:45:00,72.3
2025-06-12 05:43:00,53.7
2025-06-12 01:03:00,90.8
2025-06-12 00:55:00,57.8
2025-06-12 11:28:00,74.3
2025-06-12 09:38:00,21.5
2025-06-12 21:42:00,99.7
2025-06-12 13:53:00,59.3
2025-06-12 03:34:00,32.4
2025-06-12 12:16:00,26.1
2025-06-12 11:04:00,50.31892714921527
2025-06-12 06:28:00,53.3
2025-06-12 14:19:00,45.6
2025-06-12 18:23:00,4.9
2025-06-12 04:05:00,68.8
2025-06-12 20:56:00,50.9
2025-06-12 16:37:00,23.0
2025-06-12 17:21:00,7.1
2025-06-12 15:59:00,28.2
2025-06-12 13:37:00,59.5
2025-06-12 00:13:00,86.5
2025-06-12 14:45:00,69.9
2025-06-12 19:57:00,50.31892714921527
2025-06-12 18:27:00,59.4
2025-06-12 08:17:00,68.5
2025-06-12 10:44:00,50.31892714921527
2025-06-12 08:51:00,50.31892714921527
2025-06-12 08:32:00,93.9
2025-06-12 15:35:00,93.8
2025-06-12 06:54:00,50.31892714921527
2025-06-12 06:11:00,56.8
2025-06-12 13:35:00,29.9
2025-06-12 21:41:00,97.8
2025-06-12 03:32:00,50.31892714921527
2025-06-12 03:55:00,7.2
2025-06-12 08:27:00,40.0
2025-06-12 18:30:00,8.9
2025-06-12 23:17:00,77.0
2025-06-12 02:22:00,63.8
2025-06-12 21:18:00,24.6
2025-06-12 07:06:00,50.31892714921527
2025-06-12 13:17:00,54.1
2025-06-12 13:22:00,85.3
2025-06-12 10:30:00,86.6
2025-06-12 07:55:00,50.31892714921527
2025-06-12 20:53:00,50.31892714921527
2025-06-12 04:22:00,13.3
2025-06-12 00:22:00,71.6
2025-06-12 15:31:00,92.3
2025-06-12 17:00:00,67.3
2025-06-12 18:35:00,30.4
2025-06-12 06:10:00,50.31892714921527
2025-06-12 03:08:00,1.9
2025-06-12 04:41:00,70.7
2025-06-12 06:55:00,71.7
2025-06-12 01:59:00,50.31892714921527
2025-06-12 15:38:00,45.2
2025-06-12 10:35:00,50.31892714921527
2025-06-12 14:05:00,41.8
2025-06-12 19:39:00,61.7
2025-06-12 16:54:00,46.7
2025-06-12 13:00:00,45.5
2025-06-12 21:33:00,91.5
2025-06-12 15:17:00,50.31892714921527
2025-06-12 16:16:00,95.6
2025-06-12 18:58:00,62.3
2025-06-12 12:33:00,87.3
2025-06-12 00:46:00,97.3
2025-06-12 06:32:00,61.8
2025-06-12 20:38:00,12.6
2025-06-12 01:14:00,36.4
2025-06-12 10:04:00,43.2
2025-06-12 08:44:00,4.0
2025-06-12 23:13:00,17.4
2025-06-12 11:54:00,31.6
2025-06-12 07:10:00,12.6
2025-06-12 19:36:00,63.6
2025-06-12 02:53:00,50.31892714921527
2025-06-12 20:11:00,50.31892714921527
2025-06-12 03:14:00,98.3
2025-06-12 08:58:00,12.3
2025-06-12 15:51:00,14.6
2025-06-12 05:31:00,40.5
2025-06-12 10:00:00,15.6
2025-06-12 01:53:00,60.9
2025-06-12 10:15:00,91.7
2025-06-12 00:39:00,98.3
2025-06-12 05:47:00,97.8
2025-06-12 16:13:00,77.0
2025-06-12 04:34:00,29.0
2025-06-12 18:50:00,50.31892714921527
2025-06-12 11:22:00,88.6
2025-06-12 04:40:00,24.7
2025-06-12 15:32:00,1.8
2025-06-12 16:25:00,41.3
2025-06-12 17:47:00,10.2
2025-06-12 00:52:00,52.2
2025-06-12 14:12:00,30.9
2025-06-12 00:06:00,33.6
2025-06-12 03:48:00,95.7
2025-06-12 11:36:00,64.2
2025-06-12 14:09:00,43.7
2025-06-12 22:52:00,68.4
2025-06-12 06:06:00,50.31892714921527
2025-06-12 22:12:00,11.3
2025-06-12 00:25:00,50.31892714921527
2025-06-12 21:57:00,33.0
2025-06-12 14:20:00,41.9
2025-06-12 18:40:00,25.7
2025-06-12 21:54:00,62.9
2025-06-12 23:50:00,36.5
2025-06-12 07:36:00,27.5
2025-06-12 17:09:00,9.6
2025-06-12 15:55:00,19.0
2025-06-12 06:30:00,54.9
2025-06-12 02:11:00,55.4
2025-06-12 11:31:00,68.1
2025-06-12 22:08:00,52.4
2025-06-12 23:14:00,98.1
2025-06-12 01:37:00,60.6
2025-06-12 19:49:00,46.6
2025-06-12 03:20:00,45.1
2025-06-12 07:53:00,83.9
2025-06-12 22:00:00,51.6
2025-06-12 23:40:00,50.31892714921527
2025-06-12 14:51:00,53.4
2025-06-12 23:15:00,54.2
2025-06-12 13:03:00,50.31892714921527
2025-06-12 11:53:00,91.3
2025-06-12 12:49:00,68.9
2025-06-12 19:13:00,7.5
2025-06-12 17:30:00,78.4
2025-06-12 22:53:00,50.31892714921527
2025-06-12 16:01:00,76.6
2025-06-12 19:23:00,19.1
2025-06-12 16:11:00,6.5
2025-06-12 01:51:00,67.3
2025-06-12 22:50:00,64.2
2025-06-12 03:46:00,69.0
2025-06-12 03:51:00,50.31892714921527
2025-06-12 10:21:00,26.8
2025-06-12 11:18:00,36.5
2025-06-12 15:08:00,1.1
2025-06-12 23:05:00,50.9
2025-06-12 11:38:00,25.6
2025-06-12 19:16:00,96.0
2025-06-12 19:58:00,99.4
2025-06-12 01:00:00,42.7
2025-06-12 06:33:00,57.1
2025-06-12 14:43:00,97.9
2025-06-12 22:10:00,20.7
2025-06-12 14:38:00,43.7
2025-06-12 09:36:00,88.3
2025-06-12 23:30:00,96.6
2025-06-12 20:07:00,31.1
2025-06-12 20:02:00,8.3
2025-06-12 22:17:00,6.1
2025-06-12 06:43:00,88.8
2025-06-12 17:34:00,30.3
2025-06-12 11:04:00,49.91221338324755
2025-06-12 09:03:00,70.6
2025-06-12 07:51:00,9.1
2025-06-12 07:28:00,23.8
2025-06-12 10:03:00,77.0
2025-06-12 00:04:00,5.4
2025-06-12 14:25:00,42.8
2025-06-12 19:09:00,8.4
2025-06-12 16:40:00,30.0
2025-06-12 16:19:00,34.8
2025-06-12 01:15:00,0.3
2025-06-12 15:42:00,88.4
2025-06-12 02:46:00,5.9
2025-06-12 14:23:00,75.2
2025-06-12 03:40:00,55.7
2025-06-12 22:49:00,57.5
2025-06-12 14:37:00,49.91221338324755
2025-06-12 10:02:00,59.9
2025-06-12 18:33:00,53.7
2025-06-12 08:05:00,47.0
2025-06-12 05:19:00,17.0
2025-06-12 09:06:00,49.91221338324755
2025-06-12 12:44:00,21.3
2025-06-12 01:07:00,33.8
2025-06-12 05:46:00,49.91221338324755
2025-06-12 22:03:00,18.4
2025-06-12 22:01:00,89.7
2025-06-12 14:44:00,47.6
2025-06-12 05:25:00,96.6
2025-06-12 15:43:00,51.1
2025-06-12 06:58:00,63.5
2025-06-12 03:25:00,14.3
2025-06-12 10:26:00,97.7
2025-06-12 07:12:00,39.8
2025-06-12 19:06:00,98.2
2025-06-12 21:04:00,28.6
2025-06-12 18:28:00,4.3
2025-06-12 15:03:00,51.5
2025-06-12 20:47:00,65.4
2025-06-12 17:06:00,31.4
2025-06-12 18:58:00,49.91221338324755
2025-06-12 01:21:00,46.7
2025-06-12 19:12:00,29.9
2025-06-12 06:18:00,90.5
2025-06-12 23:47:00,13.7
2025-06-12 23:20:00,9.4
2025-06-12 01:03:00,49.0
2025-06-12 13:03:00,5.7
2025-06-12 17:07:00,89.0
2025-06-12 04:58:00,97.1
2025-06-12 07:59:00,89.9
2025-06-12 09:00:00,9.9
2025-06-12 20:10:00,49.1
2025-06-12 11:01:00,22.5
2025-06-12 00:42:00,12.0
2025-06-12 22:24:00,18.3
2025-06-12 00:22:00,22.0
2025-06-12 17:44:00,9.8
2025-06-12 23:11:00,83.0
2025-06-12 19:03:00,15.6
2025-06-12 05:06:00,15.2
2025-06-12 21:38:00,49.91221338324755
2025-06-12 17:37:00,41.5
2025-06-12 04:56:00,3.6
2025-06-12 03:10:00,14.6
2025-06-12 23:35:00,49.91221338324755
2025-06-12 11:34:00,42.5
2025-06-12 06:02:00,49.91221338324755
2025-06-12 07:35:00,87.0
2025-06-12 04:12:00,90.2
2025-06-12 02:32:00,0.2
2025-06-12 04:37:00,86.7
2025-06-12 15:05:00,9.3
2025-06-12 10:33:00,6.1
2025-06-12 01:38:00,39.4
2025-06-12 01:55:00,49.91221338324755
2025-06-12 01:01:00,13.4
2025-06-12 10:12:00,49.91221338324755
2025-06-12 08:14:00,99.5
2025-06-12 21:45:00,42.2
2025-06-12 09:42:00,49.91221338324755
2025-06-12 12:48:00,61.5
2025-06-12 12:03:00,62.3
2025-06-12 06:05:00,35.0
2025-06-12 23:13:00,20.5
2025-06-12 15:47:00,16.0
2025-06-12 08:19:00,32.4
2025-06-12 18:07:00,33.3
2025-06-12 15:28:00,49.91221338324755
2025-06-12 03:20:00,11.5
2025-06-12 16:44:00,6.3
2025-06-12 16:48:00,34.8
2025-06-12 17:17:00,89.7
2025-06-12 01:11:00,42.4
2025-06-12 00:58:00,28.2
2025-06-12 12:15:00,6.8
2025-06-12 07:21:00,89.6
2025-06-12 21:06:00,35.9
2025-06-12 04:50:00,49.91221338324755
2025-06-12 05:14:00,23.9
2025-06-12 21:57:00,49.91221338324755
2025-06-12 06:10:00,26.5
2025-06-12 05:27:00,91.6
2025-06-12 18:24:00,61.3
2025-06-12 15:57:00,98.2
2025-06-12 23:04:00,98.3
2025-06-12 15:00:00,64.7
2025-06-12 17:59:00,46.3
2025-06-12 00:18:00,62.0
2025-06-12 00:52:00,49.91221338324755
2025-06-12 15:50:00,41.5
2025-06-12 18:09:00,41.6
2025-06-12 07:00:00,80.6
2025-06-12 07:11:00,80.1
2025-06-12 08:15:00,58.3
2025-06-12 14:33:00,49.91221338324755
2025-06-12 17:45:00,75.1
2025-06-12 18:04:00,93.9
2025-06-12 08:47:00,74.6
2025-06-12 14:06:00,57.6
2025-06-12 22:19:00,86.7
2025-06-12 17:23:00,41.5
2025-06-12 08:08:00,18.1
2025-06-12 21:32:00,39.8
2025-06-12 11:46:00,92.5
2025-06-12 07:46:00,94.2
2025-06-12 12:12:00,99.7
2025-06-12 18:11:00,24.0
2025-06-12 08:58:00,49.91221338324755
2025-06-12 13:15:00,27.0
2025-06-12 19:41:00,78.9
2025-06-12 08:04:00,49.91221338324755
2025-06-12 01:25:00,49.91221338324755
2025-06-12 11:10:00,22.2
2025-06-12 02:08:00,35.9
2025-06-12 07:36:00,23.4
2025-06-12 09:14:00,31.3
2025-06-12 00:25:00,71.6
2025-06-12 16:55:00,47.3
2025-06-12 21:58:00,22.0
2025-06-12 20:12:00,49.91221338324755
2025-06-12 12:26:00,58.5
2025-06-12 17:47:00,78.1
2025-06-12 04:18:00,68.8
2025-06-12 09:55:00,46.2
2025-06-12 02:47:00,20.1
2025-06-12 01:31:00,86.7
2025-06-12 10:57:00,63.0
2025-06-12 04:25:00,64.7
2025-06-12 22:40:00,67.9
2025-06-12 10:07:00,49.91221338324755
2025-06-12 13:44:00,79.9
2025-06-12 18:54:00,49.91221338324755
2025-06-12 08:41:00,49.91221338324755
2025-06-12 21:46:00,0.7
2025-06-12 15:36:00,54.9
2025-06-12 16:07:00,49.91221338324755
2025-06-12 10:43:00,53.5
2025-06-12 12:33:00,5.0
2025-06-12 11:21:00,38.8
2025-06-12 15:23:00,16.2
2025-06-12 17:41:00,88.1
2025-06-12 20:11:00,69.5
2025-06-12 23:37:00,28.4
2025-06-12 03:15:00,49.91221338324755
2025-06-12 15:17:00,24.8
2025-06-12 13:43:00,41.8
2025-06-12 15:51:00,16.9
2025-06-12 23:59:00,10.8
2025-06-12 05:52:00,72.8
2025-06-12 09:47:00,44.8
2025-06-12 16:11:00,83.1
2025-06-12 13:21:00,59.1
2025-06-12 11:37:00,25.1
2025-06-12 02:43:00,49.91221338324755
2025-06-12 16:23:00,17.3
2025-06-12 21:08:00,76.6
2025-06-12 15:48:00,94.7
2025-06-12 03:29:00,95.9
2025-06-12 17:05:00,96.7
2025-06-12 11:36:00,82.6
2025-06-12 10:21:00,49.91221338324755
2025-06-12 09:29:00,80.4
2025-06-12 04:16:00,26.1
2025-06-12 05:38:00,83.9
2025-06-12 17:15:00,43.0
2025-06-12 15:13:00,41.6
2025-06-12 07:57:00,88.5
2025-06-12 21:49:00,66.0
2025-06-12 18:51:00,49.91221338324755
2025-06-12 23:01:00,94.0
2025-06-12 15:59:00,52.1
2025-06-12 01:54:00,92.2
2025-06-12 19:28:00,55.4
2025-06-12 21:01:00,26.0
2025-06-12 14:07:00,88.6
2025-06-12 22:41:00,52.7
2025-06-12 06:22:00,31.1
2025-06-12 02:36:00,49.91221338324755
2025-06-12 04:22:00,81.4
2025-06-12 14:30:00,91.1
2025-06-12 19:01:00,97.6
2025-06-12 09:59:00,27.6
2025-06-12 13:30:00,67.3
2025-06-12 15:27:00,49.91221338324755
2025-06-12 19:51:00,67.5
2025-06-12 01:56:00,12.0
2025-06-12 20:40:00,49.91221338324755
2025-06-12 23:58:00,49.91221338324755
2025-06-12 15:07:00,53.3
2025-06-12 22:57:00,32.2
2025-06-12 19:55:00,25.7
2025-06-12 13:09:00,49.91221338324755
2025-06-12 00:17:00,68.6
2025-06-12 16:42:00,87.6
2025-06-12 19:59:00,48.6
2025-06-12 07:18:00,48.5
2025-06-12 07:30:00,49.91221338324755
2025-06-12 00:27:00,79.0
2025-06-12 09:23:00,76.1
2025-06-12 14:47:00,83.2
2025-06-12 19:36:00,49.91221338324755
2025-06-12 14:29:00,69.3
2025-06-12 19:14:00,37.5
2025-06-12 19:07:00,47.6
2025-06-12 14:24:00,10.4
2025-06-12 11:38:00,15.6
2025-06-12 21:43:00,7.6
2025-06-12 12:05:00,5.1
2025-06-12 02:53:00,13.2
2025-06-12 04:40:00,39.4
2025-06-12 03:32:00,26.7
2025-06-12 09:46:00,49.91221338324755
2025-06-12 23:19:00,53.4
2025-06-12 23:03:00,81.2
2025-06-12 11:14:00,49.91221338324755
2025-06-12 13:20:00,0.6
2025-06-12 22:31:00,35.6
2025-06-12 12:43:00,45.9
2025-06-12 06:16:00,49.91221338324755
2025-06-12 07:03:00,95.9
2025-06-12 08:28:00,39.4
2025-06-12 16:01:00,90.6
2025-06-12 04:53:00,26.0
2025-06-12 22:18:00,40.5
2025-06-12 18:18:00,52.7
2025-06-12 07:52:00,12.6
2025-06-12 22:21:00,73.5
2025-06-12 21:11:00,97.0
2025-06-12 14:58:00,35.8
2025-06-12 02:02:00,47.3
2025-06-12 08:33:00,15.2
2025-06-12 08:29:00,33.0
2025-06-12 07:43:00,45.6
2025-06-12 21:52:00,57.7
2025-06-12 14:51:00,17.9
2025-06-12 07:44:00,59.9
2025-06-12 21:02:00,3.0
2025-06-12 23:16:00,68.1
2025-06-12 10:22:00,68.2
2025-06-12 06:24:00,80.2
2025-06-12 21:30:00,12.1
2025-06-12 18:55:00,39.5
2025-06-12 09:38:00,41.5
2025-06-12 08:01:00,34.1
2025-06-12 02:31:00,49.91221338324755
2025-06-12 03:02:00,4.4
2025-06-12 11:07:00,44.9
2025-06-12 10:42:00,3.6
2025-06-12 01:33:00,0.4
2025-06-12 19:02:00,85.4
2025-06-12 16:45:00,8.2
2025-06-12 06:41:00,45.2
2025-06-12 02:27:00,77.3
2025-06-12 07:25:00,49.91221338324755
2025-06-12 23:46:00,37.9
2025-06-12 10:13:00,49.91221338324755
2025-06-12 17:41:00,65.4
2025-06-12 14:32:00,26.3
2025-06-12 16:06:00,52.5
2025-06-12 13:16:00,96.1
2025-06-12 16:22:00,95.3
2025-06-12 16:32:00,75.3
2025-06-12 22:01:00,76.9
2025-06-12 21:47:00,50.557353635505194
2025-06-12 10:30:00,14.0
2025-06-12 22:29:00,77.2
2025-06-12 03:37:00,52.2
2025-06-12 22:03:00,47.4
2025-06-12 06:22:00,1.9
2025-06-12 12:19:00,93.7
2025-06-12 11:25:00,52.0
2025-06-12 11:37:00,29.1
2025-06-12 08:17:00,70.3
2025-06-12 11:08:00,90.6
2025-06-12 00:54:00,80.8
2025-06-12 06:36:00,4.1
2025-06-12 20:36:00,96.2
2025-06-12 10:52:00,10.7
2025-06-12 07:44:00,28.7
2025-06-12 13:38:00,45.2
2025-06-12 01:07:00,18.6
2025-06-12 15:00:00,70.1
2025-06-12 10:58:00,64.2
2025-06-12 19:54:00,5.5
2025-06-12 23:52:00,34.9
2025-06-12 02:35:00,58.5
2025-06-12 16:41:00,54.2
2025-06-12 19:36:00,38.6
2025-06-12 03:22:00,46.8
2025-06-12 18:13:00,32.7
2025-06-12 00:18:00,17.9
2025-06-12 22:52:00,33.7
2025-06-12 16:20:00,88.8
2025-06-12 12:05:00,43.9
2025-06-12 05:42:00,68.7
2025-06-12 00:58:00,94.4
2025-06-12 17:16:00,74.2
2025-06-12 10:40:00,58.0
2025-06-12 18:56:00,76.2
2025-06-12 01:10:00,79.3
2025-06-12 02:36:00,47.9
2025-06-12 02:49:00,50.557353635505194
2025-06-12 10:56:00,84.1
2025-06-12 15:06:00,50.557353635505194
2025-06-12 04:31:00,9.6
2025-06-12 02:57:00,50.557353635505194
2025-06-12 01:19:00,58.6
2025-06-12 06:43:00,5.8
2025-06-12 03:07:00,40.0
2025-06-12 04:08:00,4.6
2025-06-12 18:31:00,25.0
2025-06-12 15:38:00,50.557353635505194
2025-06-12 02:27:00,2.1
2025-06-12 07:33:00,34.1
2025-06-12 03:29:00,18.9
2025-06-12 23:29:00,52.7
2025-06-12 15:25:00,1.4
2025-06-12 04:30:00,50.557353635505194
2025-06-12 12:33:00,42.8
2025-06-12 10:25:00,57.5
2025-06-12 02:58:00,83.1
2025-06-12 19:05:00,50.557353635505194
2025-06-12 01:57:00,47.7
2025-06-12 15:02:00,42.7
2025-06-12 01:00:00,15.4
2025-06-12 04:42:00,68.9
2025-06-12 18:27:00,1.2
2025-06-12 10:27:00,50.557353635505194
2025-06-12 00:56:00,84.6
2025-06-12 17:08:00,38.4
2025-06-12 21:31:00,24.4
2025-06-12 00:05:00,82.2
2025-06-12 06:40:00,75.8
2025-06-12 06:25:00,5.1
2025-06-12 14:15:00,96.5
2025-06-12 13:50:00,85.9
2025-06-12 23:54:00,23.2
2025-06-12 13:52:00,34.0
2025-06-12 09:22:00,19.3
2025-06-12 05:54:00,6.5
2025-06-12 00:53:00,60.5
2025-06-12 13:10:00,5.7
2025-06-12 23:01:00,50.557353635505194
2025-06-12 21:15:00,13.4
2025-06-12 05:09:00,50.557353635505194
2025-06-12 16:26:00,32.0
2025-06-12 05:56:00,50.557353635505194
2025-06-12 01:58:00,26.9
2025-06-12 00:15:00,41.8
2025-06-12 20:01:00,6.1
2025-06-12 03:57:00,9.0
2025-06-12 03:16:00,63.5
2025-06-12 10:17:00,72.3
2025-06-12 17:46:00,90.3
2025-06-12 18:28:00,2.3
2025-06-12 11:38:00,50.557353635505194
2025-06-12 02:59:00,22.6
2025-06-12 10:02:00,50.557353635505194
2025-06-12 02:45:00,80.5
2025-06-12 22:40:00,93.2
2025-06-12 10:34:00,73.2
2025-06-12 17:02:00,22.3
2025-06-12 04:37:00,35.7
2025-06-12 02:05:00,67.2
2025-06-12 16:14:00,15.4
2025-06-12 13:42:00,50.557353635505194
2025-06-12 07:57:00,2.3
2025-06-12 12:18:00,56.7
2025-06-12 21:12:00,19.1
2025-06-12 04:29:00,4.7
2025-06-12 22:55:00,23.9
2025-06-12 15:51:00,56.5
2025-06-12 11:41:00,30.9
2025-06-12 12:24:00,5.9
2025-06-12 12:08:00,54.5
2025-06-12 15:20:00,81.1
2025-06-12 20:43:00,64.1
2025-06-12 08:21:00,50.557353635505194
2025-06-12 01:02:00,84.6
2025-06-12 02:40:00,7.4
2025-06-12 06:06:00,87.2
2025-06-12 00:30:00,10.5
2025-06-12 03:45:00,88.7
2025-06-12 02:33:00,66.0
2025-06-12 09:24:00,50.557353635505194
2025-06-12 07:40:00,22.5
2025-06-12 07:59:00,50.557353635505194
2025-06-12 18:35:00,60.1
2025-06-12 09:01:00,50.557353635505194
2025-06-12 19:40:00,44.5
2025-06-12 19:39:00,94.6
2025-06-12 20:52:00,92.3
2025-06-12 04:56:00,5.1
2025-06-12 03:00:00,47.5
2025-06-12 13:54:00,28.3
2025-06-12 08:59:00,99.6
2025-06-12 14:42:00,99.8
2025-06-12 00:34:00,1.1
2025-06-12 10:35:00,79.5
2025-06-12 15:15:00,45.2
2025-06-12 09:53:00,50.557353635505194
2025-06-12 09:46:00,50.557353635505194
2025-06-12 06:27:00,57.0
2025-06-12 06:23:00,25.8
2025-06-12 10:47:00,61.0
2025-06-12 04:32:00,50.557353635505194
2025-06-12 06:21:00,6.9
2025-06-12 04:23:00,92.1
2025-06-12 08:55:00,24.9
2025-06-12 11:10:00,32.7
2025-06-12 00:26:00,86.3
2025-06-12 10:22:00,50.4
2025-06-12 21:03:00,99.1
2025-06-12 03:46:00,50.557353635505194
2025-06-12 13:11:00,26.4
2025-06-12 12:14:00,10.4
2025-06-12 03:10:00,60.3
2025-06-12 04:44:00,18.8
2025-06-12 21:37:00,3.7
2025-06-12 15:21:00,1.9
2025-06-12 06:39:00,22.7
2025-06-12 08:25:00,58.0
2025-06-12 02:46:00,50.557353635505194
2025-06-12 19:49:00,50.557353635505194
2025-06-12 20:38:00,33.9
2025-06-12 03:54:00,94.3
2025-06-12 22:54:00,50.557353635505194
2025-06-12 23:03:00,97.2
2025-06-12 02:54:00,41.1
2025-06-12 17:39:00,83.3
2025-06-12 11:00:00,12.8
2025-06-12 18:11:00,29.0
2025-06-12 14:59:00,11.5
2025-06-12 14:14:00,77.4
2025-06-12 09:27:00,47.9
2025-06-12 23:30:00,50.557353635505194
2025-06-12 06:09:00,23.5
2025-06-12 23:44:00,50.557353635505194
2025-06-12 07:49:00,22.9
2025-06-12 04:07:00,28.9
2025-06-12 20:28:00,36.4
2025-06-12 05:53:00,98.6
2025-06-12 01:21:00,50.557353635505194
2025-06-12 12:48:00,82.3
2025-06-12 20:59:00,50.557353635505194
2025-06-12 20:05:00,81.5
2025-06-12 07:12:00,41.4
2025-06-12 16:40:00,85.6
2025-06-12 14:57:00,32.8
2025-06-12 00:55:00,49.0
2025-06-12 07:11:00,50.557353635505194
2025-06-12 05:57:00,1.2
2025-06-12 06:32:00,54.9
2025-06-12 01:54:00,18.9
2025-06-12 19:16:00,94.4
2025-06-12 15:41:00,41.4
2025-06-12 15:52:00,34.9
2025-06-12 09:50:00,44.7
2025-06-12 12:21:00,50.557353635505194
2025-06-12 09:54:00,62.6
2025-06-12 02:11:00,85.9
2025-06-12 08:30:00,94.0
2025-06-12 14:34:00,50.557353635505194
2025-06-12 06:10:00,42.2
2025-06-12 05:00:00,50.557353635505194
2025-06-12 18:04:00,50.557353635505194
2025-06-12 22:58:00,80.2
2025-06-12 13:12:00,50.557353635505194
2025-06-12 00:00:00,37.4
2025-06-12 09:38:00,41.3
2025-06-12 20:14:00,82.9
2025-06-12 18:42:00,69.9
2025-06-12 18:51:00,33.6
2025-06-12 22:53:00,50.557353635505194
2025-06-12 16:13:00,50.557353635505194
2025-06-12 02:04:00,50.557353635505194
2025-06-12 07:52:00,92.6
2025-06-12 18:45:00,30.7
2025-06-12 22:14:00,46.6
2025-06-12 12:23:00,75.0
2025-06-12 07:10:00,8.6
2025-06-12 14:07:00,51.0
2025-06-12 11:04:00,98.9
2025-06-12 17:00:00,38.1
2025-06-12 12:15:00,77.3
2025-06-12 09:06:00,50.557353635505194
2025-06-12 21:51:00,74.0
2025-06-12 09:33:00,78.6
2025-06-12 05:11:00,70.5
2025-06-12 13:00:00,66.7
2025-06-12 02:41:00,95.2
2025-06-12 21:44:00,95.3
2025-06-12 16:55:00,57.0
2025-06-12 05:14:00,80.0
2025-06-12 09:19:00,78.0
2025-06-12 06:38:00,62.7
2025-06-12 18:07:00,35.3
2025-06-12 07:02:00,37.1
2025-06-12 15:04:00,52.9
2025-06-12 00:41:00,70.8
2025-06-12 02:44:00,61.7
2025-06-12 10:03:00,70.4
2025-06-12 00:13:00,75.1
2025-06-12 13:18:00,88.1
2025-06-12 20:48:00,70.9
2025-06-12 17:03:00,79.9
2025-06-12 07:32:00,77.5
2025-06-12 11:40:00,12.9
2025-06-12 20:41:00,93.9
2025-06-12 01:40:00,39.2
2025-06-12 15:42:00,87.2
2025-06-12 08:23:00,17.6
2025-06-12 16:34:00,67.3
2025-06-12 10:49:00,8.6
2025-06-12 22:59:00,96.5
2025-06-12 22:38:00,50.557353635505194
2025-06-12 11:19:00,13.6
2025-06-12 03:41:00,50.557353635505194
2025-06-12 09:32:00,12.9
2025-06-12 12:10:00,41.0
2025-06-12 15:37:00,54.9
2025-06-12 12:26:00,64.5
2025-06-12 16:54:00,19.6
2025-06-12 01:16:00,56.0
2025-06-12 19:00:00,91.2
2025-06-12 18:26:00,93.8
2025-06-12 14:51:00,86.0
2025-06-12 19:29:00,23.9
2025-06-12 00:27:00,50.557353635505194
2025-06-12 01:43:00,52.3
2025-06-12 17:13:00,93.2
2025-06-12 13:55:00,30.4
2025-06-12 09:39:00,60.8
2025-06-12 06:56:00,21.9
2025-06-12 15:43:00,53.8
2025-06-12 06:50:00,98.2
2025-06-12 20:56:00,76.7
2025-06-12 05:35:00,47.2
2025-06-12 10:46:00,13.2
2025-06-12 14:13:00,25.1
2025-06-12 12:12:00,50.557353635505194
2025-06-12 22:27:00,28.8
2025-06-12 00:07:00,90.1
2025-06-12 22:19:00,28.6
2025-06-12 12:33:00,85.7
2025-06-12 23:04:00,90.0
2025-06-12 21:36:00,1.5
2025-06-12 19:31:00,61.0
2025-06-12 15:40:00,80.6
2025-06-12 20:40:00,42.8
2025-06-12 12:14:00,38.0
2025-06-12 05:20:00,7.1
2025-06-12 16:18:00,42.9
2025-06-12 03:36:00,38.1
2025-06-12 12:48:00,73.0
2025-06-12 21:47:00,49.87196987526477
2025-06-12 07:32:00,67.4
2025-06-12 14:58:00,46.1
2025-06-12 11:01:00,97.8
2025-06-12 06:42:00,49.87196987526477
2025-06-12 21:02:00,64.1
2025-06-12 04:19:00,15.8
2025-06-12 17:20:00,84.1
2025-06-12 04:18:00,49.87196987526477
2025-06-12 22:00:00,62.4
2025-06-12 02:55:00,70.9
2025-06-12 00:25:00,49.87196987526477
2025-06-12 10:12:00,12.9
2025-06-12 06:24:00,77.0
2025-06-12 10:25:00,49.3
2025-06-12 00:36:00,49.87196987526477
2025-06-12 10:55:00,29.6
2025-06-12 16:41:00,48.3
2025-06-12 08:47:00,15.5
2025-06-12 15:07:00,39.7
2025-06-12 03:11:00,49.87196987526477
2025-06-12 07:33:00,16.5
2025-06-12 05:49:00,22.3
2025-06-12 21:32:00,55.6
2025-06-12 01:19:00,45.4
2025-06-12 21:42:00,49.87196987526477
2025-06-12 04:05:00,69.8
2025-06-12 03:35:00,34.3
2025-06-12 13:46:00,1.7
2025-06-12 02:01:00,96.1
2025-06-12 00:46:00,7.9
2025-06-12 18:09:00,61.1
2025-06-12 15:35:00,61.0
2025-06-12 11:00:00,73.5
2025-06-12 23:28:00,1.4
2025-06-12 16:13:00,12.5
2025-06-12 15:57:00,96.7
2025-06-12 17:50:00,79.9
2025-06-12 20:47:00,5.8
2025-06-12 20:17:00,84.3
2025-06-12 16:24:00,49.87196987526477
2025-06-12 14:31:00,82.7
2025-06-12 02:17:00,18.8
2025-06-12 18:39:00,77.5
2025-06-12 07:43:00,8.9
2025-06-12 12:57:00,23.1
2025-06-12 09:38:00,81.6
2025-06-12 08:05:00,99.3
2025-06-12 14:15:00,18.8
2025-06-12 08:00:00,49.87196987526477
2025-06-12 15:38:00,49.87196987526477
2025-06-12 13:47:00,75.0
2025-06-12 22:31:00,49.87196987526477
2025-06-12 14:56:00,72.6
2025-06-12 18:03:00,76.9
2025-06-12 21:33:00,97.4
2025-06-12 17:49:00,37.4
2025-06-12 10:39:00,65.8
2025-06-12 22:14:00,2.6
2025-06-12 02:46:00,49.87196987526477
2025-06-12 00:09:00,10.9
2025-06-12 08:03:00,49.87196987526477
2025-06-12 19:06:00,97.8
2025-06-12 14:42:00,1.3
2025-06-12 09:46:00,46.3
2025-06-12 16:38:00,67.2
2025-06-12 15:24:00,15.0
2025-06-12 07:45:00,36.2
2025-06-12 17:10:00,30.6
2025-06-12 11:59:00,62.0
2025-06-12 04:41:00,22.9
2025-06-12 07:36:00,49.87196987526477
2025-06-12 15:08:00,51.0
2025-06-12 20:09:00,61.8
2025-06-12 03:43:00,29.5
2025-06-12 23:23:00,56.4
2025-06-12 08:24:00,74.9
2025-06-12 16:23:00,58.8
2025-06-12 23:21:00,49.87196987526477
2025-06-12 11:52:00,81.6
2025-06-12 07:28:00,21.9
2025-06-12 20:23:00,66.9
2025-06-12 21:26:00,91.0
2025-06-12 19:11:00,4.5
2025-06-12 01:42:00,49.87196987526477
2025-06-12 08:34:00,49.87196987526477
2025-06-12 20:38:00,81.9
2025-06-12 09:37:00,70.9
2025-06-12 02:48:00,54.5
2025-06-12 22:36:00,49.87196987526477
2025-06-12 12:26:00,40.7
2025-06-12 19:32:00,49.87196987526477
2025-06-12 05:47:00,72.7
2025-06-12 10:45:00,49.87196987526477
2025-06-12 22:26:00,59.0
2025-06-12 15:25:00,27.9
2025-06-12 01:55:00,29.7
2025-06-12 02:35:00,14.6
2025-06-12 14:10:00,1.8
2025-06-12 10:27:00,49.87196987526477
2025-06-12 13:55:00,51.2
2025-06-12 16:22:00,13.7
2025-06-12 22:38:00,49.87196987526477
2025-06-12 14:35:00,44.0
2025-06-12 17:45:00,79.4
2025-06-12 20:24:00,81.2
2025-06-12 01:06:00,90.6
2025-06-12 19:45:00,49.87196987526477
2025-06-12 08:56:00,54.1
2025-06-12 13:00:00,95.0
2025-06-12 03:37:00,66.7
2025-06-12 03:23:00,35.6
2025-06-12 20:00:00,9.5
2025-06-12 09:26:00,51.0
2025-06-12 04:42:00,49.87196987526477
2025-06-12 09:18:00,35.3
2025-06-12 07:27:00,49.87196987526477
2025-06-12 22:53:00,36.6
2025-06-12 02:39:00,49.87196987526477
2025-06-12 10:07:00,77.4
2025-06-12 19:48:00,16.2
2025-06-12 00:27:00,75.7
2025-06-12 03:47:00,49.87196987526477
2025-06-12 04:26:00,2.3
2025-06-12 03:20:00,77.0
2025-06-12 06:12:00,17.6
2025-06-12 13:37:00,66.2
2025-06-12 02:44:00,5.5
2025-06-12 19:30:00,93.7
2025-06-12 16:10:00,49.87196987526477
2025-06-12 16:51:00,37.5
2025-06-12 10:48:00,45.7
2025-06-12 17:27:00,49.87196987526477
2025-06-12 01:26:00,22.7
2025-06-12 12:00:00,66.7
2025-06-12 12:21:00,14.5
2025-06-12 12:30:00,66.6
2025-06-12 04:17:00,45.5
2025-06-12 09:32:00,39.0
2025-06-12 10:56:00,45.5
2025-06-12 16:37:00,10.0
2025-06-12 04:11:00,59.3
2025-06-12 01:54:00,99.9
2025-06-12 04:57:00,30.3
2025-06-12 19:22:00,78.4
2025-06-12 16:55:00,89.2
2025-06-12 03:10:00,37.9
2025-06-12 11:37:00,93.4
2025-06-12 04:08:00,84.7
2025-06-12 03:41:00,85.1
2025-06-12 06:38:00,30.2
2025-06-12 09:21:00,16.5
2025-06-12 04:38:00,49.87196987526477
2025-06-12 21:13:00,26.9
2025-06-12 18:22:00,94.9
2025-06-12 06:08:00,64.1
2025-06-12 13:56:00,49.87196987526477
2025-06-12 00:01:00,49.87196987526477
2025-06-12 10:43:00,41.7
2025-06-12 15:32:00,26.9
2025-06-12 04:54:00,49.87196987526477
2025-06-12 23:10:00,87.8
2025-06-12 09:34:00,87.5
2025-06-12 20:37:00,95.2
2025-06-12 06:04:00,49.87196987526477
2025-06-12 16:04:00,87.3
2025-06-12 07:24:00,45.7
2025-06-12 03:25:00,91.8
2025-06-12 01:21:00,49.87196987526477
2025-06-12 19:20:00,49.87196987526477
2025-06-12 16:59:00,45.7
2025-06-12 10:47:00,56.7
2025-06-12 01:37:00,49.87196987526477
2025-06-12 17:38:00,49.87196987526477
2025-06-12 06:15:00,33.0
2025-06-12 14:22:00,0.6
2025-06-12 19:55:00,78.6
2025-06-12 22:10:00,60.5
2025-06-12 01:09:00,0.8
2025-06-12 19:42:00,14.5
2025-06-12 20:31:00,25.3
2025-06-12 09:41:00,83.7
2025-06-12 20:46:00,75.0
2025-06-12 22:17:00,62.2
2025-06-12 08:53:00,33.1
2025-06-12 20:22:00,40.5
2025-06-12 16:00:00,75.3
2025-06-12 12:49:00,49.87196987526477
2025-06-12 03:01:00,49.87196987526477
2025-06-12 12:39:00,44.0
2025-06-12 06:33:00,95.5
2025-06-12 16:56:00,26.5
2025-06-12 04:28:00,49.87196987526477
2025-06-12 01:28:00,8.1
2025-06-12 19:04:00,49.87196987526477
2025-06-12 08:04:00,37.2
2025-06-12 05:32:00,47.7
2025-06-12 00:10:00,69.6
2025-06-12 18:52:00,49.87196987526477
2025-06-12 17:02:00,17.6
2025-06-12 16:01:00,49.87196987526477
2025-06-12 14:43:00,79.3
2025-06-12 00:33:00,57.7
2025-06-12 12:45:00,11.8
2025-06-12 14:04:00,75.7
2025-06-12 20:53:00,34.3
2025-06-12 12:59:00,97.6
2025-06-12 18:41:00,10.3
2025-06-12 13:49:00,16.1
2025-06-12 22:43:00,13.9
2025-06-12 15:15:00,49.87196987526477
2025-06-12 02:28:00,99.4
2025-06-12 21:18:00,97.3
2025-06-12 10:02:00,49.87196987526477
2025-06-12 09:23:00,42.7
2025-06-12 11:33:00,41.0
2025-06-12 19:10:00,90.2
2025-06-12 20:21:00,94.2
2025-06-12 18:57:00,33.5
2025-06-12 07:10:00,63.5
2025-06-12 12:42:00,12.8
2025-06-12 04:40:00,49.87196987526477
2025-06-12 11:23:00,42.6
2025-06-12 13:07:00,17.9
2025-06-12 12:20:00,85.1
2025-06-12 19:58:00,50.6
2025-06-12 10:23:00,57.2
2025-06-12 20:36:00,83.8
2025-06-12 09:15:00,93.1
2025-06-12 10:46:00,70.5
2025-06-12 10:59:00,37.7
2025-06-12 06:36:00,17.1
2025-06-12 23:09:00,0.8
2025-06-12 22:09:00,70.8
2025-06-12 04:49:00,16.2
2025-06-12 20:28:00,33.0
2025-06-12 20:19:00,30.2
2025-06-12 14:12:00,68.3
2025-06-12 16:43:00,72.0
2025-06-12 11:21:00,77.8
2025-06-12 10:40:00,65.0
2025-06-12 04:43:00,48.7
2025-06-12 08:35:00,29.5
2025-06-12 18:14:00,40.1
2025-06-12 01:39:00,68.8
2025-06-12 08:57:00,56.5
2025-06-12 22:03:00,49.87196987526477
2025-06-12 19:21:00,69.3
2025-06-12 14:06:00,63.4
2025-06-12 00:45:00,49.87196987526477
2025-06-12 02:29:00,10.1
2025-06-12 15:41:00,97.7
2025-06-12 15:14:00,26.4
2025-06-12 13:24:00,87.7
2025-06-12 06:55:00,30.0
2025-06-12 14:00:00,5.8
2025-06-12 16:42:00,70.4
2025-06-12 15:28:00,73.8
2025-06-12 00:21:00,49.87196987526477
2025-06-12 17:41:00,49.87196987526477
2025-06-12 12:07:00,23.8
2025-06-12 05:25:00,37.4
2025-06-12 01:15:00,14.0
2025-06-12 05:42:00,2.1
2025-06-12 00:05:00,82.7
2025-06-12 17:19:00,42.0
2025-06-12 21:25:00,51.4
2025-06-12 20:49:00,98.7
2025-06-12 10:14:00,89.0
2025-06-12 14:39:00,12.2
2025-06-12 21:37:00,53.5
2025-06-12 13:36:00,23.4
2025-06-12 21:40:00,8.0
2025-06-12 06:14:00,49.87196987526477
2025-06-12 11:30:00,49.87196987526477
2025-06-12 15:47:00,36.8
2025-06-12 10:37:00,38.0
2025-06-12 11:41:00,64.8
2025-06-12 11:04:00,70.1
2025-06-12 03:19:00,49.93628109892701
2025-06-12 09:22:00,98.7
2025-06-12 09:00:00,49.93628109892701
2025-06-12 23:34:00,30.0
2025-06-12 13:11:00,2.7
2025-06-12 13:46:00,49.93628109892701
2025-06-12 08:40:00,3.5
2025-06-12 14:13:00,93.1
2025-06-12 18:28:00,17.6
2025-06-12 11:39:00,18.9
2025-06-12 00:51:00,49.93628109892701
2025-06-12 14:40:00,13.3
2025-06-12 03:32:00,49.93628109892701
2025-06-12 16:59:00,49.93628109892701
2025-06-12 18:21:00,0.8
2025-06-12 23:12:00,19.7
2025-06-12 17:35:00,93.8
2025-06-12 00:53:00,49.93628109892701
2025-06-12 16:46:00,77.7
2025-06-12 10:32:00,13.0
2025-06-12 05:53:00,74.1
2025-06-12 14:03:00,33.5
2025-06-12 09:57:00,73.5
2025-06-12 22:52:00,49.93628109892701
2025-06-12 18:10:00,92.0
2025-06-12 07:06:00,61.1
2025-06-12 22:22:00,17.5
2025-06-12 08:33:00,5.3
2025-06-12 14:42:00,41.1
2025-06-12 07:12:00,96.2
2025-06-12 12:44:00,56.8
2025-06-12 14:29:00,1.6
2025-06-12 06:31:00,30.3
2025-06-12 17:00:00,0.2
2025-06-12 08:48:00,49.93628109892701
2025-06-12 23:31:00,76.9
2025-06-12 15:53:00,89.7
2025-06-12 16:27:00,30.6
2025-06-12 01:53:00,58.3
2025-06-12 08:57:00,27.2
2025-06-12 12:03:00,49.93628109892701
2025-06-12 23:26:00,39.1
2025-06-12 17:57:00,25.4
2025-06-12 05:23:00,63.5
2025-06-12 03:50:00,40.9
2025-06-12 03:02:00,61.6
2025-06-12 18:14:00,48.9
2025-06-12 00:26:00,92.2
2025-06-12 14:37:00,91.7
2025-06-12 15:08:00,49.0
2025-06-12 17:45:00,49.93628109892701
2025-06-12 16:18:00,65.0
2025-06-12 16:28:00,29.9
2025-06-12 05:50:00,49.93628109892701
2025-06-12 07:18:00,49.93628109892701
2025-06-12 16:32:00,19.4
2025-06-12 03:37:00,66.7
2025-06-12 01:12:00,24.9
2025-06-12 03:14:00,49.93628109892701
2025-06-12 07:23:00,10.1
2025-06-12 06:33:00,13.1
2025-06-12 21:33:00,68.5
2025-06-12 04:55:00,39.0
2025-06-12 17:01:00,76.7
2025-06-12 10:43:00,49.93628109892701
2025-06-12 04:29:00,80.4
2025-06-12 19:19:00,79.8
2025-06-12 12:06:00,49.93628109892701
2025-06-12 06:36:00,5.8
2025-06-12 12:37:00,55.1
2025-06-12 10:20:00,59.0
2025-06-12 06:24:00,38.1
2025-06-12 00:46:00,68.0
2025-06-12 02:57:00,49.93628109892701
2025-06-12 08:15:00,4.8
2025-06-12 05:24:00,49.93628109892701
2025-06-12 08:03:00,52.7
2025-06-12 03:06:00,66.4
2025-06-12 10:08:00,82.7
2025-06-12 17:38:00,25.1
2025-06-12 01:29:00,82.6
2025-06-12 22:29:00,49.93628109892701
2025-06-12 22:54:00,96.0
2025-06-12 14:09:00,11.0
2025-06-12 16:22:00,65.2
2025-06-12 16:20:00,49.93628109892701
2025-06-12 15:41:00,1.6
2025-06-12 16:10:00,19.0
2025-06-12 07:19:00,75.9
2025-06-12 11:54:00,59.8
2025-06-12 14:54:00,26.1
2025-06-12 03:38:00,64.0
2025-06-12 14:52:00,54.3
2025-06-12 04:26:00,49.93628109892701
2025-06-12 13:35:00,49.93628109892701
2025-06-12 03:40:00,30.5
2025-06-12 06:59:00,55.8
2025-06-12 13:49:00,68.0
2025-06-12 18:06:00,53.6
2025-06-12 06:03:00,89.4
2025-06-12 10:11:00,34.9
2025-06-12 20:28:00,41.6
2025-06-12 08:13:00,9.3
2025-06-12 22:38:00,90.1
2025-06-12 20:56:00,7.8
2025-06-12 22:53:00,5.7
2025-06-12 07:37:00,68.4
2025-06-12 19:10:00,84.8
2025-06-12 08:21:00,47.6
2025-06-12 05:49:00,49.93628109892701
2025-06-12 03:48:00,49.93628109892701
2025-06-12 16:24:00,28.7
2025-06-12 12:40:00,8.8
2025-06-12 13:47:00,91.2
2025-06-12 04:57:00,51.5
2025-06-12 23:16:00,69.4
2025-06-12 01:52:00,28.0
2025-06-12 20:44:00,65.9
2025-06-12 02:25:00,69.9
2025-06-12 16:58:00,98.8
2025-06-12 12:34:00,49.93628109892701
2025-06-12 21:26:00,8.4
2025-06-12 22:44:00,38.6
2025-06-12 09:20:00,49.93628109892701
2025-06-12 23:35:00,51.5
2025-06-12 13:20:00,97.1
2025-06-12 09:30:00,70.9
2025-06-12 09:35:00,49.93628109892701
2025-06-12 15:54:00,88.0
2025-06-12 00:08:00,40.6
2025-06-12 02:49:00,48.4
2025-06-12 02:17:00,28.1
2025-06-12 16:05:00,1.8
2025-06-12 18:18:00,49.93628109892701
2025-06-12 02:09:00,25.8
2025-06-12 19:31:00,49.93628109892701
2025-06-12 19:52:00,49.93628109892701
2025-06-12 12:19:00,49.93628109892701
2025-06-12 18:09:00,0.9
2025-06-12 16:50:00,75.8
2025-06-12 14:43:00,49.93628109892701
2025-06-12 16:54:00,5.6
2025-06-12 12:17:00,49.93628109892701
2025-06-12 11:37:00,24.0
2025-06-12 00:59:00,10.4
2025-06-12 12:50:00,14.5
2025-06-12 00:37:00,42.9
2025-06-12 21:49:00,24.1
2025-06-12 06:10:00,84.7
2025-06-12 08:44:00,81.9
2025-06-12 05:03:00,49.93628109892701
2025-06-12 23:59:00,35.5
2025-06-12 08:54:00,35.6
2025-06-12 22:26:00,50.9
2025-06-12 20:23:00,75.1
2025-06-12 01:56:00,84.0
2025-06-12 20:12:00,84.5
2025-06-12 05:44:00,77.1
2025-06-12 19:43:00,13.6
2025-06-12 13:10:00,89.9
2025-06-12 11:15:00,54.1
2025-06-12 10:06:00,5.2
2025-06-12 14:59:00,34.7
2025-06-12 01:31:00,82.4
2025-06-12 01:17:00,49.93628109892701
2025-06-12 09:31:00,59.9
2025-06-12 19:48:00,95.1
2025-06-12 23:07:00,44.9
2025-06-12 14:21:00,76.0
2025-06-12 10:03:00,90.1
2025-06-12 18:32:00,49.93628109892701
2025-06-12 05:21:00,56.4
2025-06-12 09:18:00,49.93628109892701
2025-06-12 02:18:00,82.7
2025-06-12 07:47:00,49.93628109892701
2025-06-12 18:01:00,33.6
2025-06-12 07:22:00,3.5
2025-06-12 19:55:00,59.6
2025-06-12 22:14:00,49.93628109892701
2025-06-12 20:36:00,16.5
2025-06-12 00:01:00,47.2
2025-06-12 17:33:00,50.2
2025-06-12 20:31:00,62.9
2025-06-12 18:50:00,54.1
2025-06-12 00:48:00,3.3
2025-06-12 05:07:00,1.8
2025-06-12 11:49:00,92.0
2025-06-12 15:16:00,49.93628109892701
2025-06-12 07:27:00,53.5
2025-06-12 16:53:00,74.0
2025-06-12 14:10:00,30.8
2025-06-12 22:13:00,9.3
2025-06-12 14:47:00,92.0
2025-06-12 03:27:00,32.3
2025-06-12 04:33:00,45.1
2025-06-12 02:10:00,49.2
2025-06-12 09:56:00,21.7
2025-06-12 11:09:00,74.1
2025-06-12 21:35:00,49.93628109892701
2025-06-12 11:25:00,12.8
2025-06-12 01:18:00,37.7
2025-06-12 00:35:00,43.2
2025-06-12 16:21:00,47.2
2025-06-12 19:28:00,49.93628109892701
2025-06-12 01:10:00,0.5
2025-06-12 13:26:00,78.2
2025-06-12 17:14:00,84.9
2025-06-12 16:17:00,45.5
2025-06-12 05:38:00,27.4
2025-06-12 02:34:00,82.6
2025-06-12 12:59:00,23.9
2025-06-12 14:58:00,37.2
2025-06-12 11:00:00,40.2
2025-06-12 04:07:00,46.1
2025-06-12 12:32:00,4.9
2025-06-12 03:08:00,2.3
2025-06-12 15:59:00,8.6
2025-06-12 01:28:00,84.4
2025-06-12 16:13:00,49.93628109892701
2025-06-12 01:08:00,49.93628109892701
2025-06-12 07:17:00,49.93628109892701
2025-06-12 15:52:00,5.6
2025-06-12 03:36:00,18.2
2025-06-12 19:47:00,60.7
2025-06-12 02:07:00,66.3
2025-06-12 23:08:00,40.6
2025-06-12 21:02:00,49.93628109892701
2025-06-12 13:15:00,75.3
2025-06-12 13:22:00,70.4
2025-06-12 16:45:00,6.8
2025-06-12 18:39:00,41.5
2025-06-12 13:52:00,60.8
2025-06-12 01:40:00,15.4
2025-06-12 01:58:00,49.93628109892701
2025-06-12 15:26:00,14.6
2025-06-12 03:17:00,81.2
2025-06-12 23:05:00,10.1
2025-06-12 01:11:00,27.0
2025-06-12 15:06:00,42.4
2025-06-12 09:09:00,51.2
2025-06-12 21:16:00,44.1
2025-06-12 13:30:00,97.8
2025-06-12 14:51:00,58.7
2025-06-12 10:54:00,37.4
2025-06-12 16:44:00,49.93628109892701
2025-06-12 04:21:00,74.9
2025-06-12 07:43:00,98.0
2025-06-12 09:04:00,68.9
2025-06-12 20:48:00,49.7
2025-06-12 23:33:00,81.4
2025-06-12 05:05:00,18.3
2025-06-12 08:19:00,42.1
2025-06-12 09:58:00,59.1
2025-06-12 08:20:00,6.2
2025-06-12 13:51:00,53.0
2025-06-12 01:25:00,30.7
2025-06-12 13:42:00,48.8
2025-06-12 22:12:00,7.9
2025-06-12 13:29:00,95.4
2025-06-12 21:20:00,15.1
2025-06-12 07:44:00,66.7
2025-06-12 09:41:00,31.2
2025-06-12 23:54:00,11.8
2025-06-12 21:32:00,32.3
2025-06-12 02:42:00,49.93628109892701
2025-06-12 06:18:00,17.0
2025-06-12 08:09:00,92.5
2025-06-12 00:42:00,49.93628109892701
2025-06-12 03:29:00,79.8
2025-06-12 05:35:00,49.93628109892701
2025-06-12 23:38:00,91.8
2025-06-12 09:52:00,45.3
2025-06-12 07:07:00,15.9
2025-06-12 01:23:00,55.6
2025-06-12 02:52:00,22.8
2025-06-12 22:05:00,55.0
2025-06-12 02:20:00,89.1
2025-06-12 01:41:00,28.3
2025-06-12 04:14:00,49.93628109892701
2025-06-12 12:22:00,84.9
2025-06-12 08:43:00,72.3
2025-06-12 20:02:00,78.1
2025-06-12 18:12:00,49.93628109892701
2025-06-12 05:42:00,62.7
2025-06-12 11:06:00,59.1
2025-06-12 00:41:00,82.4
2025-06-12 15:21:00,30.4
2025-06-12 18:33:00,28.2
2025-06-12 06:08:00,5.7
2025-06-12 05:48:00,88.0
2025-06-12 06:16:00,49.797736698660984
2025-06-12 20:48:00,8.4
2025-06-12 10:46:00,49.797736698660984
2025-06-12 01:04:00,59.8
2025-06-12 17:19:00,47.2
2025-06-12 23:53:00,25.0
2025-06-12 07:38:00,49.797736698660984
2025-06-12 02:32:00,49.797736698660984
2025-06-12 03:40:00,16.6
2025-06-12 15:38:00,5.0
2025-06-12 00:44:00,92.8
2025-06-12 18:03:00,98.1
2025-06-12 14:34:00,49.797736698660984
2025-06-12 04:05:00,70.6
2025-06-12 10:16:00,64.9
2025-06-12 06:38:00,94.9
2025-06-12 21:03:00,60.5
2025-06-12 11:10:00,33.1
2025-06-12 10:09:00,64.6
2025-06-12 11:52:00,10.1
2025-06-12 21:51:00,49.4
2025-06-12 15:37:00,19.1
2025-06-12 17:51:00,54.7
2025-06-12 10:11:00,79.7
2025-06-12 22:11:00,1.3
2025-06-12 10:15:00,46.5
2025-06-12 09:17:00,66.6
2025-06-12 00:06:00,92.3
2025-06-12 09:24:00,8.0
2025-06-12 03:34:00,43.4
2025-06-12 20:47:00,46.8
2025-06-12 06:20:00,91.7
2025-06-12 19:11:00,65.9
2025-06-12 02:05:00,80.8
2025-06-12 10:07:00,59.4
2025-06-12 02:10:00,93.9
2025-06-12 09:25:00,70.5
2025-06-12 09:52:00,63.2
2025-06-12 22:49:00,63.6
2025-06-12 10:53:00,68.3
2025-06-12 06:34:00,87.6
2025-06-12 08:41:00,39.6
2025-06-12 05:19:00,15.6
2025-06-12 10:39:00,49.797736698660984
2025-06-12 23:48:00,33.7
2025-06-12 08:23:00,35.8
2025-06-12 02:02:00,66.8
2025-06-12 07:57:00,55.8
2025-06-12 16:03:00,39.1
2025-06-12 09:33:00,92.7
2025-06-12 06:01:00,0.4
2025-06-12 08:46:00,95.2
2025-06-12 16:09:00,22.0
2025-06-12 05:48:00,38.1
2025-06-12 12:16:00,37.5
2025-06-12 04:28:00,49.797736698660984
2025-06-12 23:49:00,68.3
2025-06-12 00:54:00,49.797736698660984
2025-06-12 16:45:00,6.0
2025-06-12 23:27:00,24.3
2025-06-12 00:25:00,62.7
2025-06-12 00:43:00,73.5
2025-06-12 10:21:00,92.3
2025-06-12 07:24:00,4.6
2025-06-12 00:09:00,60.0
2025-06-12 20:42:00,66.1
2025-06-12 16:58:00,78.9
2025-06-12 13:50:00,5.2
2025-06-12 04:03:00,70.8
2025-06-12 14:50:00,51.9
2025-06-12 18:14:00,72.0
2025-06-12 16:29:00,20.1
2025-06-12 06:25:00,31.7
2025-06-12 02:57:00,56.3
2025-06-12 22:21:00,49.797736698660984
2025-06-12 19:52:00,20.3
2025-06-12 03:27:00,37.4
2025-06-12 11:24:00,82.8
2025-06-12 14:22:00,43.0
2025-06-12 11:35:00,93.9
2025-06-12 08:19:00,98.8
2025-06-12 15:41:00,49.797736698660984
2025-06-12 14:55:00,2.1
2025-06-12 11:13:00,54.1
2025-06-12 11:51:00,71.1
2025-06-12 21:38:00,9.5
2025-06-12 11:59:00,7.8
2025-06-12 12:11:00,36.8
2025-06-12 10:27:00,99.2
2025-06-12 08:29:00,15.3
2025-06-12 07:40:00,87.2
2025-06-12 07:51:00,49.797736698660984
2025-06-12 12:51:00,25.4
2025-06-12 04:47:00,68.6
2025-06-12 20:15:00,56.6
2025-06-12 03:07:00,53.2
2025-06-12 17:55:00,18.5
2025-06-12 21:27:00,32.8
2025-06-12 18:08:00,49.797736698660984
2025-06-12 03:53:00,49.797736698660984
2025-06-12 21:23:00,71.8
2025-06-12 10:18:00,61.8
2025-06-12 08:17:00,56.2
2025-06-12 07:42:00,49.797736698660984
2025-06-12 09:51:00,0.1
2025-06-12 10:28:00,47.7
2025-06-12 02:13:00,99.8
2025-06-12 04:04:00,85.0
2025-06-12 01:52:00,65.7
2025-06-12 12:48:00,31.4
2025-06-12 00:08:00,49.797736698660984
2025-06-12 12:24:00,66.1
2025-06-12 21:19:00,82.2
2025-06-12 21:58:00,7.1
2025-06-12 21:11:00,22.0
2025-06-12 18:21:00,83.5
2025-06-12 13:42:00,49.797736698660984
2025-06-12 01:10:00,97.8
2025-06-12 04:11:00,73.5
2025-06-12 16:49:00,64.4
2025-06-12 20:25:00,47.1
2025-06-12 09:31:00,94.7
2025-06-12 01:19:00,27.2
2025-06-12 08:45:00,86.1
2025-06-12 23:33:00,96.7
2025-06-12 00:20:00,34.9
2025-06-12 07:14:00,42.9
2025-06-12 12:57:00,14.9
2025-06-12 18:35:00,52.6
2025-06-12 02:37:00,17.5
2025-06-12 16:54:00,5.9
2025-06-12 03:44:00,21.6
2025-06-12 04:45:00,12.6
2025-06-12 15:54:00,41.0
2025-06-12 17:26:00,59.5
2025-06-12 06:31:00,77.7
2025-06-12 20:43:00,50.9
2025-06-12 13:05:00,6.6
2025-06-12 02:45:00,76.3
2025-06-12 09:32:00,41.2
2025-06-12 06:04:00,49.797736698660984
2025-06-12 21:49:00,61.0
2025-06-12 01:12:00,62.7
2025-06-12 15:27:00,32.8
2025-06-12 01:01:00,86.2
2025-06-12 14:58:00,61.7
2025-06-12 00:19:00,71.2
2025-06-12 14:37:00,76.1
2025-06-12 11:15:00,49.797736698660984
2025-06-12 04:32:00,78.1
2025-06-12 19:50:00,49.797736698660984
2025-06-12 06:45:00,2.2
2025-06-12 14:57:00,20.4
2025-06-12 00:15:00,50.8
2025-06-12 13:03:00,2.9
2025-06-12 07:48:00,86.6
2025-06-12 20:00:00,49.1
2025-06-12 01:18:00,14.2
2025-06-12 14:09:00,36.0
2025-06-12 10:58:00,71.9
2025-06-12 19:03:00,72.1
2025-06-12 19:30:00,35.8
2025-06-12 22:53:00,49.797736698660984
2025-06-12 07:59:00,42.1
2025-06-12 13:11:00,30.9
2025-06-12 17:13:00,49.797736698660984
2025-06-12 07:31:00,88.3
2025-06-12 01:59:00,94.7
2025-06-12 19:31:00,49.797736698660984
2025-06-12 06:15:00,49.797736698660984
2025-06-12 11:47:00,71.6
2025-06-12 14:03:00,2.9
2025-06-12 21:34:00,34.5
2025-06-12 00:49:00,58.2
2025-06-12 20:41:00,37.1
2025-06-12 02:25:00,23.6
2025-06-12 07:50:00,18.7
2025-06-12 23:59:00,49.797736698660984
2025-06-12 19:05:00,49.797736698660984
2025-06-12 07:43:00,49.797736698660984
2025-06-12 01:41:00,49.797736698660984
2025-06-12 03:46:00,86.3
2025-06-12 10:30:00,49.797736698660984
2025-06-12 12:01:00,35.1
2025-06-12 21:47:00,52.5
2025-06-12 00:03:00,99.0
2025-06-12 00:30:00,80.2
2025-06-12 23:58:00,37.0
2025-06-12 08:28:00,35.8
2025-06-12 18:07:00,49.797736698660984
2025-06-12 07:53:00,49.797736698660984
2025-06-12 11:08:00,31.6
2025-06-12 11:26:00,81.4
2025-06-12 03:04:00,60.8
2025-06-12 22:35:00,65.9
2025-06-12 17:25:00,25.3
2025-06-12 18:48:00,1.6
2025-06-12 06:43:00,49.797736698660984
2025-06-12 00:34:00,49.797736698660984
2025-06-12 00:35:00,96.0
2025-06-12 13:30:00,1.2
2025-06-12 00:26:00,87.3
2025-06-12 00:27:00,23.1
2025-06-12 10:00:00,72.8
2025-06-12 23:13:00,49.797736698660984
2025-06-12 12:28:00,76.0
2025-06-12 08:01:00,37.1
2025-06-12 04:24:00,77.7
2025-06-12 03:30:00,93.2
2025-06-12 21:25:00,49.797736698660984
2025-06-12 22:32:00,47.4
2025-06-12 17:47:00,80.2
2025-06-12 19:42:00,59.0
2025-06-12 20:57:00,15.3
2025-06-12 23:47:00,49.797736698660984
2025-06-12 21:31:00,49.797736698660984
2025-06-12 01:37:00,74.9
2025-06-12 14:46:00,31.1
2025-06-12 07:07:00,35.7
2025-06-12 03:28:00,29.7
2025-06-12 17:02:00,29.2
2025-06-12 06:58:00,76.8
2025-06-12 14:02:00,51.3
2025-06-12 08:10:00,97.2
2025-06-12 08:11:00,58.1
2025-06-12 02:53:00,58.5
2025-06-12 20:29:00,49.797736698660984
2025-06-12 06:36:00,44.2
2025-06-12 22:20:00,10.8
2025-06-12 18:26:00,95.1
2025-06-12 05:55:00,49.797736698660984
2025-06-12 21:16:00,31.0
2025-06-12 06:21:00,36.0
2025-06-12 21:52:00,72.8
2025-06-12 19:18:00,14.4
2025-06-12 09:56:00,47.9
2025-06-12 04:35:00,61.9
2025-06-12 17:12:00,49.797736698660984
2025-06-12 04:21:00,56.2
2025-06-12 00:02:00,28.0
2025-06-12 12:27:00,93.3
2025-06-12 12:34:00,76.5
2025-06-12 13:45:00,45.1
2025-06-12 14:13:00,14.7
2025-06-12 23:05:00,52.5
2025-06-12 16:32:00,32.6
2025-06-12 08:31:00,57.5
2025-06-12 03:18:00,49.797736698660984
2025-06-12 20:19:00,64.3
2025-06-12 21:39:00,1.4
2025-06-12 03:52:00,60.2
2025-06-12 05:37:00,60.5
2025-06-12 16:25:00,42.4
2025-06-12 18:11:00,30.1
2025-06-12 22:06:00,31.7
2025-06-12 22:23:00,59.9
2025-06-12 02:47:00,49.797736698660984
2025-06-12 13:58:00,49.797736698660984
2025-06-12 19:23:00,75.9
2025-06-12 03:47:00,17.4
2025-06-12 12:58:00,49.797736698660984
2025-06-12 10:08:00,9.6
2025-06-12 12:33:00,30.5
2025-06-12 16:16:00,9.4
2025-06-12 07:01:00,28.4
2025-06-12 03:51:00,6.7
2025-06-12 00:24:00,24.7
2025-06-12 23:18:00,19.4
2025-06-12 17:23:00,49.797736698660984
2025-06-12 10:45:00,57.9
2025-06-12 12:35:00,55.7
2025-06-12 06:23:00,39.6
2025-06-12 09:07:00,42.9
2025-06-12 15:17:00,49.797736698660984
2025-06-12 01:35:00,91.5
2025-06-12 09:19:00,37.8
2025-06-12 18:55:00,66.3
2025-06-12 00:56:00,79.8
2025-06-12 18:53:00,17.8
2025-06-12 18:39:00,70.6
2025-06-12 20:24:00,94.8
2025-06-12 09:29:00,91.7
2025-06-12 14:10:00,68.3
2025-06-12 20:07:00,49.797736698660984
2025-06-12 21:50:00,92.5
2025-06-12 19:59:00,1.0
2025-06-12 19:45:00,3.1
2025-06-12 17:40:00,49.797736698660984
2025-06-12 10:38:00,61.0
2025-06-12 08:13:00,12.6
2025-06-12 06:24:00,74.1
2025-06-12 18:05:00,30.7
2025-06-12 00:28:00,21.1
2025-06-12 17:16:00,41.2
2025-06-12 18:57:00,67.0
2025-06-12 22:40:00,5.8
2025-06-12 13:29:00,27.2
2025-06-12 06:40:00,54.0
2025-06-12 09:58:00,90.1
2025-06-12 19:44:00,4.5
2025-06-12 03:22:00,35.5
2025-06-12 03:14:00,17.3
2025-06-12 18:03:00,50.18136565940501
2025-06-12 20:58:00,61.2
2025-06-12 14:47:00,19.4
2025-06-12 14:48:00,50.18136565940501
2025-06-12 11:40:00,53.4
2025-06-12 07:02:00,12.8
2025-06-12 15:09:00,50.18136565940501
2025-06-12 08:47:00,28.3
2025-06-12 05:17:00,18.0
2025-06-12 10:47:00,19.7
2025-06-12 05:38:00,47.1
2025-06-12 14:10:00,33.7
2025-06-12 19:48:00,89.8
2025-06-12 03:57:00,50.18136565940501
2025-06-12 06:47:00,13.0
2025-06-12 06:30:00,23.2
2025-06-12 10:27:00,70.0
2025-06-12 14:02:00,50.18136565940501
2025-06-12 12:04:00,48.3
2025-06-12 17:29:00,49.9
2025-06-12 13:23:00,6.7
2025-06-12 23:33:00,60.4
2025-06-12 00:15:00,50.18136565940501
2025-06-12 12:15:00,96.5
2025-06-12 00:02:00,50.18136565940501
2025-06-12 20:44:00,50.18136565940501
2025-06-12 14:16:00,67.5
2025-06-12 21:25:00,60.0
2025-06-12 23:31:00,35.1
2025-06-12 04:26:00,9.3
2025-06-12 08:09:00,50.18136565940501
2025-06-12 05:21:00,58.8
2025-06-12 14:46:00,14.9
2025-06-12 09:06:00,50.18136565940501
2025-06-12 22:42:00,98.1
2025-06-12 01:29:00,85.4
2025-06-12 16:38:00,99.4
2025-06-12 06:42:00,50.18136565940501
2025-06-12 11:29:00,50.18136565940501
2025-06-12 02:35:00,9.9
2025-06-12 23:53:00,85.9
2025-06-12 09:30:00,14.7
2025-06-12 03:53:00,86.7
2025-06-12 10:00:00,93.9
2025-06-12 15:19:00,4.1
2025-06-12 05:45:00,8.4
2025-06-12 02:09:00,55.3
2025-06-12 20:34:00,9.8
2025-06-12 03:28:00,55.6
2025-06-12 06:53:00,44.4
2025-06-12 08:34:00,50.18136565940501
2025-06-12 10:42:00,75.3
2025-06-12 11:16:00,50.18136565940501
2025-06-12 14:03:00,21.8
2025-06-12 20:54:00,50.18136565940501
2025-06-12 14:22:00,30.4
2025-06-12 18:02:00,50.18136565940501
2025-06-12 23:43:00,13.2
2025-06-12 13:46:00,84.7
2025-06-12 16:39:00,89.9
2025-06-12 12:20:00,39.0
2025-06-12 18:57:00,98.6
2025-06-12 20:53:00,36.1
2025-06-12 05:29:00,28.0
2025-06-12 21:20:00,76.0
2025-06-12 12:37:00,42.0
2025-06-12 21:02:00,77.6
2025-06-12 17:12:00,38.9
2025-06-12 07:01:00,84.0
2025-06-12 09:22:00,31.2
2025-06-12 17:22:00,43.7
2025-06-12 04:49:00,73.6
2025-06-12 01:19:00,95.7
2025-06-12 01:33:00,93.0
2025-06-12 09:43:00,69.3
2025-06-12 02:45:00,0.3
2025-06-12 10:56:00,56.8
2025-06-12 20:35:00,50.18136565940501
2025-06-12 21:57:00,13.8
2025-06-12 09:31:00,30.4
2025-06-12 12:13:00,55.7
2025-06-12 03:36:00,50.2
2025-06-12 16:56:00,50.18136565940501
2025-06-12 08:06:00,27.0
2025-06-12 08:50:00,43.2
2025-06-12 12:10:00,5.7
2025-06-12 14:37:00,43.0
2025-06-12 11:08:00,74.4
2025-06-12 03:39:00,52.7
2025-06-12 01:07:00,33.5
2025-06-12 09:20:00,50.18136565940501
2025-06-12 23:56:00,42.9
2025-06-12 02:27:00,99.1
2025-06-12 11:56:00,32.3
2025-06-12 17:04:00,50.18136565940501
2025-06-12 04:21:00,82.0
2025-06-12 14:51:00,86.6
2025-06-12 00:21:00,16.6
2025-06-12 03:27:00,69.4
2025-06-12 06:38:00,53.4
2025-06-12 01:43:00,51.7
2025-06-12 20:16:00,50.18136565940501
2025-06-12 10:17:00,41.2
2025-06-12 12:16:00,17.1
2025-06-12 04:40:00,50.18136565940501
2025-06-12 18:53:00,80.2
2025-06-12 19:12:00,48.2
2025-06-12 02:23:00,33.2
2025-06-12 04:03:00,59.0
2025-06-12 03:35:00,41.0
2025-06-12 05:03:00,58.7
2025-06-12 02:58:00,46.0
2025-06-12 09:16:00,59.5
2025-06-12 10:07:00,51.8
2025-06-12 05:41:00,43.4
2025-06-12 20:09:00,95.3
2025-06-12 02:05:00,3.0
2025-06-12 20:51:00,19.4
2025-06-12 05:58:00,50.18136565940501
2025-06-12 16:16:00,50.18136565940501
2025-06-12 05:59:00,77.8
2025-06-12 14:11:00,19.8
2025-06-12 16:02:00,89.8
2025-06-12 10:55:00,50.18136565940501
2025-06-12 21:47:00,41.2
2025-06-12 03:43:00,42.0
2025-06-12 11:33:00,50.18136565940501
2025-06-12 16:14:00,50.18136565940501
2025-06-12 06:12:00,15.9
2025-06-12 19:31:00,50.18136565940501
2025-06-12 15:51:00,1.4
2025-06-12 15:54:00,18.3
2025-06-12 04:00:00,53.3
2025-06-12 06:09:00,71.6
2025-06-12 21:28:00,10.6
2025-06-12 02:46:00,18.7
2025-06-12 06:44:00,51.7
2025-06-12 17:07:00,51.9
2025-06-12 08:16:00,30.5
2025-06-12 06:13:00,42.5
2025-06-12 09:53:00,50.18136565940501
2025-06-12 06:51:00,20.5
2025-06-12 11:45:00,50.18136565940501
2025-06-12 21:23:00,52.3
2025-06-12 21:35:00,50.18136565940501
2025-06-12 19:15:00,11.6
2025-06-12 00:49:00,6.8
2025-06-12 21:09:00,9.6
2025-06-12 18:25:00,94.1
2025-06-12 00:40:00,97.6
2025-06-12 18:19:00,41.4
2025-06-12 09:34:00,50.18136565940501
2025-06-12 13:33:00,46.2
2025-06-12 11:07:00,42.3
2025-06-12 09:01:00,2.4
2025-06-12 20:41:00,67.2
2025-06-12 23:25:00,50.18136565940501
2025-06-12 08:58:00,28.3
2025-06-12 08:41:00,92.1
2025-06-12 23:46:00,28.9
2025-06-12 21:44:00,81.7
2025-06-12 16:01:00,20.0
2025-06-12 06:21:00,37.9
2025-06-12 18:55:00,50.18136565940501
2025-06-12 06:07:00,64.9
2025-06-12 15:06:00,78.9
2025-06-12 07:59:00,59.8
2025-06-12 09:33:00,54.3
2025-06-12 00:48:00,50.4
2025-06-12 07:05:00,32.3
2025-06-12 19:08:00,50.18136565940501
2025-06-12 00:18:00,22.0
2025-06-12 20:08:00,76.6
2025-06-12 19:03:00,89.7
2025-06-12 17:02:00,40.8
2025-06-12 11:18:00,84.5
2025-06-12 15:15:00,98.7
2025-06-12 09:27:00,23.7
2025-06-12 13:42:00,6.2
2025-06-12 13:15:00,48.6
2025-06-12 18:38:00,15.5
2025-06-12 19:17:00,50.18136565940501
2025-06-12 11:32:00,95.1
2025-06-12 10:10:00,50.18136565940501
2025-06-12 09:38:00,94.8
2025-06-12 08:52:00,50.18136565940501
2025-06-12 13:41:00,6.5
2025-06-12 09:37:00,26.4
2025-06-12 17:21:00,14.6
2025-06-12 09:44:00,17.8
2025-06-12 16:48:00,35.5
2025-06-12 21:56:00,4.4
2025-06-12 18:35:00,27.7
2025-06-12 18:47:00,75.4
2025-06-12 07:52:00,50.18136565940501
2025-06-12 12:57:00,18.8
2025-06-12 19:46:00,69.5
2025-06-12 11:13:00,11.0
2025-06-12 05:06:00,63.4
2025-06-12 17:27:00,51.9
2025-06-12 19:36:00,12.0
2025-06-12 10:57:00,47.7
2025-06-12 15:26:00,10.1
2025-06-12 15:30:00,23.8
2025-06-12 06:04:00,75.9
2025-06-12 20:30:00,43.4
2025-06-12 18:39:00,22.1
2025-06-12 06:01:00,36.9
2025-06-12 04:18:00,76.0
2025-06-12 10:26:00,57.3
2025-06-12 03:15:00,60.2
2025-06-12 12:19:00,57.1
2025-06-12 16:54:00,14.6
2025-06-12 18:06:00,5.8
2025-06-12 05:33:00,58.9
2025-06-12 21:51:00,83.4
2025-06-12 09:39:00,83.7
2025-06-12 06:27:00,57.7
2025-06-12 22:00:00,61.5
2025-06-12 09:51:00,74.7
2025-06-12 12:07:00,4.1
2025-06-12 13:47:00,65.1
2025-06-12 03:37:00,50.18136565940501
2025-06-12 12:56:00,39.5
2025-06-12 17:25:00,63.3
2025-06-12 22:47:00,65.3
2025-06-12 10:06:00,46.4
2025-06-12 14:14:00,70.6
2025-06-12 06:11:00,94.3
2025-06-12 07:30:00,4.4
2025-06-12 14:20:00,61.3
2025-06-12 10:28:00,99.9
2025-06-12 07:23:00,19.8
2025-06-12 04:44:00,12.2
2025-06-12 13:54:00,44.9
2025-06-12 08:36:00,41.1
2025-06-12 20:45:00,30.5
2025-06-12 07:24:00,65.3
2025-06-12 19:18:00,66.4
2025-06-12 14:58:00,26.6
2025-06-12 10:54:00,52.4
2025-06-12 07:21:00,26.8
2025-06-12 02:52:00,54.0
2025-06-12 17:00:00,97.1
2025-06-12 21:14:00,61.0
2025-06-12 21:38:00,75.8
2025-06-12 00:04:00,85.9
2025-06-12 12:54:00,35.5
2025-06-12 18:00:00,16.5
2025-06-12 09:05:00,88.1
2025-06-12 14:49:00,46.6
2025-06-12 16:29:00,57.4
2025-06-12 18:01:00,51.2
2025-06-12 06:32:00,21.6
2025-06-12 19:58:00,2.3
2025-06-12 12:05:00,45.6
2025-06-12 01:28:00,94.9
2025-06-12 07:22:00,22.3
2025-06-12 20:20:00,21.1
2025-06-12 17:08:00,81.8
2025-06-12 17:01:00,95.8
2025-06-12 01:56:00,41.8
2025-06-12 23:12:00,11.5
2025-06-12 17:52:00,50.18136565940501
2025-06-12 07:26:00,65.3
2025-06-12 11:03:00,96.5
2025-06-12 21:58:00,33.4
2025-06-12 22:45:00,59.4
2025-06-12 04:19:00,99.1
2025-06-12 06:56:00,68.4
2025-06-12 17:05:00,94.3
2025-06-12 05:51:00,49.7
2025-06-12 04:02:00,20.9
2025-06-12 06:19:00,50.18136565940501
2025-06-12 09:57:00,77.7
2025-06-12 05:54:00,72.5
2025-06-12 05:35:00,87.8
2025-06-12 10:01:00,84.6
2025-06-12 15:08:00,7.7
2025-06-12 15:02:00,50.18136565940501
2025-06-12 18:32:00,34.0
2025-06-12 19:02:00,44.9
2025-06-12 11:24:00,99.1
2025-06-12 04:48:00,49.5
2025-06-12 07:50:00,68.9
2025-06-12 10:44:00,20.6
2025-06-12 23:19:00,99.7
2025-06-12 01:30:00,93.2
2025-06-12 18:02:00,49.66792053602915
2025-06-12 17:41:00,39.9
2025-06-12 07:57:00,24.0
2025-06-12 03:56:00,50.5
2025-06-12 18:42:00,3.1
2025-06-12 09:10:00,38.1
2025-06-12 03:58:00,49.66792053602915
2025-06-12 09:52:00,68.7
2025-06-12 04:14:00,41.0
2025-06-12 10:54:00,76.1
2025-06-12 13:23:00,17.3
2025-06-12 14:14:00,15.0
2025-06-12 14:21:00,49.66792053602915
2025-06-12 17:32:00,61.4
2025-06-12 19:12:00,19.1
2025-06-12 23:30:00,44.1
2025-06-12 17:21:00,49.66792053602915
2025-06-12 22:31:00,51.4
2025-06-12 09:09:00,68.6
2025-06-12 17:16:00,16.4
2025-06-12 11:45:00,85.8
2025-06-12 04:45:00,75.9
2025-06-12 18:55:00,15.6
2025-06-12 01:16:00,49.66792053602915
2025-06-12 08:05:00,9.1
2025-06-12 15:24:00,62.8
2025-06-12 06:44:00,55.5
2025-06-12 13:25:00,50.3
2025-06-12 12:42:00,49.66792053602915
2025-06-12 09:00:00,8.6
2025-06-12 15:13:00,49.66792053602915
2025-06-12 00:39:00,44.2
2025-06-12 21:51:00,55.3
2025-06-12 05:04:00,42.4
2025-06-12 15:47:00,49.66792053602915
2025-06-12 20:15:00,44.3
2025-06-12 07:01:00,48.7
2025-06-12 19:40:00,28.4
2025-06-12 19:52:00,36.4
2025-06-12 08:20:00,11.4
2025-06-12 20:09:00,33.8
2025-06-12 12:24:00,32.2
2025-06-12 21:15:00,25.1
2025-06-12 11:19:00,40.1
2025-06-12 16:22:00,63.9
2025-06-12 23:50:00,41.8
2025-06-12 01:13:00,9.9
2025-06-12 20:25:00,25.3
2025-06-12 09:31:00,8.9
2025-06-12 16:39:00,61.2
2025-06-12 16:24:00,49.66792053602915
2025-06-12 06:54:00,58.6
2025-06-12 22:44:00,43.6
2025-06-12 04:00:00,49.66792053602915
2025-06-12 08:24:00,59.3
2025-06-12 05:14:00,26.7
2025-06-12 11:31:00,77.2
2025-06-12 05:07:00,56.3
2025-06-12 08:58:00,34.0
2025-06-12 01:41:00,35.4
2025-06-12 10:13:00,60.6
2025-06-12 16:08:00,49.66792053602915
2025-06-12 00:13:00,60.0
2025-06-12 16:21:00,68.0
2025-06-12 05:06:00,3.7
2025-06-12 11:53:00,53.9
2025-06-12 14:10:00,49.66792053602915
2025-06-12 19:10:00,25.2
2025-06-12 00:10:00,32.6
2025-06-12 21:08:00,71.6
2025-06-12 18:57:00,27.0
2025-06-12 03:54:00,34.3
2025-06-12 07:46:00,14.9
2025-06-12 04:52:00,49.66792053602915
2025-06-12 06:47:00,85.4
2025-06-12 18:14:00,3.9
2025-06-12 19:33:00,64.4
2025-06-12 14:16:00,33.1
2025-06-12 09:20:00,32.7
2025-06-12 08:43:00,67.5
2025-06-12 06:38:00,65.2
2025-06-12 08:30:00,82.3
2025-06-12 04:08:00,49.66792053602915
2025-06-12 02:17:00,95.9
2025-06-12 17:50:00,49.66792053602915
2025-06-12 02:52:00,32.9
2025-06-12 22:14:00,36.5
2025-06-12 17:52:00,72.1
2025-06-12 08:33:00,11.4
2025-06-12 09:14:00,96.6
2025-06-12 14:34:00,22.3
2025-06-12 13:00:00,91.2
2025-06-12 22:20:00,90.3
2025-06-12 07:29:00,87.3
2025-06-12 18:34:00,49.66792053602915
2025-06-12 07:17:00,49.66792053602915
2025-06-12 23:29:00,8.8
2025-06-12 16:56:00,49.66792053602915
2025-06-12 23:52:00,87.0
2025-06-12 08:38:00,23.4
2025-06-12 04:16:00,9.5
2025-06-12 21:07:00,49.66792053602915
2025-06-12 18:37:00,12.7
2025-06-12 07:54:00,55.0
2025-06-12 01:27:00,49.5
2025-06-12 18:58:00,83.8
2025-06-12 01:12:00,32.6
2025-06-12 08:47:00,14.2
2025-06-12 11:10:00,52.9
2025-06-12 06:09:00,44.0
2025-06-12 11:06:00,49.66792053602915
2025-06-12 12:54:00,31.4
2025-06-12 02:33:00,49.66792053602915
2025-06-12 13:59:00,37.0
2025-06-12 18:33:00,27.5
2025-06-12 17:31:00,49.66792053602915
2025-06-12 16:10:00,49.66792053602915
2025-06-12 13:13:00,78.9
2025-06-12 21:20:00,68.6
2025-06-12 20:39:00,67.5
2025-06-12 14:46:00,22.6
2025-06-12 16:42:00,66.4
2025-06-12 03:35:00,98.0
2025-06-12 13:43:00,70.6
2025-06-12 10:22:00,73.5
2025-06-12 11:59:00,64.5
2025-06-12 16:58:00,81.0
2025-06-12 09:11:00,83.3
2025-06-12 13:57:00,30.0
2025-06-12 08:59:00,49.66792053602915
2025-06-12 20:57:00,17.4
2025-06-12 23:51:00,25.2
2025-06-12 22:29:00,71.8
2025-06-12 02:03:00,30.1
2025-06-12 13:12:00,14.5
2025-06-12 00:46:00,49.66792053602915
2025-06-12 17:09:00,91.9
2025-06-12 18:09:00,49.66792053602915
2025-06-12 00:54:00,61.3
2025-06-12 09:28:00,49.66792053602915
2025-06-12 09:03:00,42.2
2025-06-12 19:15:00,18.0
2025-06-12 14:17:00,45.8
2025-06-12 11:56:00,83.1
2025-06-12 10:43:00,61.2
2025-06-12 20:18:00,39.8
2025-06-12 18:08:00,49.66792053602915
2025-06-12 03:39:00,44.4
2025-06-12 10:09:00,18.4
2025-06-12 15:38:00,97.6
2025-06-12 13:30:00,10.5
2025-06-12 08:57:00,49.66792053602915
2025-06-12 13:11:00,42.6
2025-06-12 23:41:00,2.3
2025-06-12 15:33:00,23.0
2025-06-12 18:31:00,54.7
2025-06-12 11:01:00,0.5
2025-06-12 06:46:00,3.3
2025-06-12 14:13:00,38.2
2025-06-12 07:15:00,88.0
2025-06-12 22:26:00,49.66792053602915
2025-06-12 23:56:00,35.8
2025-06-12 04:19:00,50.9
2025-06-12 02:42:00,32.1
2025-06-12 00:05:00,58.7
2025-06-12 23:16:00,87.3
2025-06-12 21:59:00,76.7
2025-06-12 03:15:00,15.8
2025-06-12 12:34:00,56.2
2025-06-12 04:47:00,49.66792053602915
2025-06-12 18:32:00,25.4
2025-06-12 22:49:00,88.6
2025-06-12 04:43:00,51.8
2025-06-12 08:46:00,49.66792053602915
2025-06-12 00:56:00,7.9
2025-06-12 10:19:00,62.5
2025-06-12 20:28:00,39.3
2025-06-12 16:38:00,42.3
2025-06-12 06:04:00,17.5
2025-06-12 21:54:00,9.0
2025-06-12 00:37:00,32.4
2025-06-12 08:06:00,49.66792053602915
2025-06-12 02:46:00,2.5
2025-06-12 17:20:00,65.7
2025-06-12 11:26:00,45.7
2025-06-12 13:18:00,17.7
2025-06-12 01:30:00,49.66792053602915
2025-06-12 14:26:00,49.66792053602915
2025-06-12 12:43:00,58.3
2025-06-12 07:20:00,18.9
2025-06-12 12:21:00,3.9
2025-06-12 02:11:00,44.5
2025-06-12 06:49:00,8.1
2025-06-12 13:07:00,29.0
2025-06-12 02:16:00,16.4
2025-06-12 08:04:00,39.3
2025-06-12 20:42:00,57.3
2025-06-12 14:20:00,41.3
2025-06-12 01:56:00,68.0
2025-06-12 10:32:00,82.9
2025-06-12 13:50:00,51.7
2025-06-12 18:28:00,88.5
2025-06-12 18:01:00,49.66792053602915
2025-06-12 20:13:00,8.3
2025-06-12 03:00:00,9.1
2025-06-12 19:41:00,9.7
2025-06-12 06:10:00,49.66792053602915
2025-06-12 08:53:00,68.1
2025-06-12 08:13:00,24.6
2025-06-12 18:50:00,90.1
2025-06-12 05:10:00,23.8
2025-06-12 13:09:00,8.3
2025-06-12 21:04:00,6.9
2025-06-12 23:47:00,86.9
2025-06-12 04:58:00,32.3
2025-06-12 21:38:00,49.66792053602915
2025-06-12 04:23:00,49.66792053602915
2025-06-12 19:20:00,64.1
2025-06-12 20:30:00,6.5
2025-06-12 15:00:00,2.1
2025-06-12 21:18:00,9.2
2025-06-12 21:25:00,49.66792053602915
2025-06-12 17:19:00,57.8
2025-06-12 14:58:00,49.66792053602915
2025-06-12 10:12:00,55.0
2025-06-12 01:14:00,80.5
2025-06-12 15:44:00,30.2
2025-06-12 00:45:00,93.4
2025-06-12 14:51:00,73.4
2025-06-12 03:29:00,49.66792053602915
2025-06-12 13:35:00,11.5
2025-06-12 05:28:00,17.1
2025-06-12 06:33:00,72.8
2025-06-12 22:38:00,10.6
2025-06-12 09:18:00,49.66792053602915
2025-06-12 09:22:00,83.2
2025-06-12 00:23:00,67.9
2025-06-12 21:49:00,52.3
2025-06-12 05:26:00,80.5
2025-06-12 21:47:00,60.7
2025-06-12 21:11:00,49.66792053602915
2025-06-12 19:37:00,69.6
2025-06-12 10:07:00,9.0
2025-06-12 06:43:00,23.0
2025-06-12 06:57:00,39.2
2025-06-12 08:27:00,31.5
2025-06-12 07:55:00,95.0
2025-06-12 03:23:00,12.9
2025-06-12 00:32:00,64.0
2025-06-12 15:54:00,19.4
2025-06-12 07:36:00,17.9
2025-06-12 03:59:00,78.9
2025-06-12 21:10:00,79.8
2025-06-12 10:06:00,7.5
2025-06-12 06:21:00,2.2
2025-06-12 21:29:00,74.1
2025-06-12 07:45:00,49.66792053602915
2025-06-12 00:15:00,49.66792053602915
2025-06-12 00:06:00,37.2
2025-06-12 02:13:00,16.8
2025-06-12 08:51:00,49.66792053602915
2025-06-12 11:39:00,62.9
2025-06-12 22:16:00,69.1
2025-06-12 22:08:00,95.9
2025-06-12 20:35:00,46.1
2025-06-12 14:15:00,49.66792053602915
2025-06-12 15:08:00,80.1
2025-06-12 05:35:00,58.6
2025-06-12 20:54:00,60.8
2025-06-12 05:05:00,47.7
2025-06-12 03:08:00,10.7
2025-06-12 19:42:00,82.2
2025-06-12 10:29:00,41.0
2025-06-12 00:59:00,31.4
2025-06-12 18:52:00,4.7
2025-06-12 17:55:00,9.2
2025-06-12 15:27:00,65.8
2025-06-12 17:04:00,66.8
2025-06-12 18:46:00,16.6
2025-06-12 07:30:00,42.2
2025-06-12 04:11:00,7.2
2025-06-12 04:03:00,49.66792053602915
2025-06-12 07:51:00,56.7
2025-06-12 19:55:00,25.2
2025-06-12 08:36:00,29.8
2025-06-12 23:06:00,77.6
2025-06-12 05:30:00,36.7
2025-06-12 19:08:00,68.4
2025-06-12 19:02:00,20.6
2025-06-12 07:06:00,15.6
2025-06-12 02:38:00,13.5
2025-06-12 22:17:00,49.66792053602915
2025-06-12 08:10:00,80.3
2025-06-12 21:26:00,58.6
2025-06-12 07:53:00,68.8
2025-06-12 04:33:00,38.6
2025-06-12 03:40:00,45.3
2025-06-12 01:46:00,93.3
2025-06-12 16:47:00,93.6
2025-06-12 17:34:00,91.6
2025-06-12 10:34:00,49.66792053602915
2025-06-12 08:52:00,45.1
2025-06-12 12:05:00,49.66792053602915
2025-06-12 01:09:00,77.0
2025-06-12 01:34:00,70.3
2025-06-12 06:35:00,55.0
2025-06-12 05:50:00,3.8
2025-06-12 21:06:00,39.6
2025-06-12 22:18:00,19.0
2025-06-12 01:17:00,88.6
2025-06-12 20:29:00,49.66792053602915
2025-06-12 08:41:00,9.8
2025-06-12 10:25:00,97.7
2025-06-12 15:18:00,59.8
2025-06-12 03:20:00,49.1
2025-06-12 15:14:00,43.0
2025-06-12 08:14:00,6.8
2025-06-12 07:35:00,49.66792053602915
2025-06-12 16:14:00,80.3
2025-06-12 10:03:00,55.0
2025-06-12 11:22:00,49.66792053602915
2025-06-12 07:39:00,54.6
2025-06-12 19:48:00,49.66792053602915
2025-06-12 19:19:00,3.9
2025-06-12 12:25:00,49.66792053602915
2025-06-12 14:52:00,16.5
2025-06-12 23:58:00,66.8
2025-06-12 02:29:00,21.4
2025-06-12 16:27:00,12.1
2025-06-12 04:50:00,37.0
2025-06-12 03:50:00,56.5
2025-06-12 18:30:00,26.0
2025-06-12 18:41:00,58.2
2025-06-12 06:35:00,93.4
2025-06-12 10:34:00,33.8
2025-06-12 09:00:00,50.4
2025-06-12 00:01:00,19.2
2025-06-12 22:23:00,93.8
2025-06-12 16:10:00,25.3
2025-06-12 07:36:00,49.82591552591553
2025-06-12 22:57:00,35.7
2025-06-12 23:02:00,75.6
2025-06-12 12:11:00,62.2
2025-06-12 22:42:00,87.8
2025-06-12 00:11:00,89.9
2025-06-12 16:36:00,70.9
2025-06-12 09:19:00,40.5
2025-06-12 09:38:00,49.82591552591553
2025-06-12 11:24:00,10.1
2025-06-12 21:25:00,3.1
2025-06-12 18:42:00,84.1
2025-06-12 04:25:00,91.9
2025-06-12 22:48:00,40.5
2025-06-12 17:57:00,96.1
2025-06-12 15:17:00,76.1
2025-06-12 00:37:00,72.3
2025-06-12 09:01:00,51.0
2025-06-12 17:02:00,30.9
2025-06-12 21:05:00,2.2
2025-06-12 14:43:00,49.82591552591553
2025-06-12 13:39:00,19.2
2025-06-12 09:51:00,100.0
2025-06-12 10:29:00,49.82591552591553
2025-06-12 17:59:00,49.82591552591553
2025-06-12 03:15:00,46.3
2025-06-12 04:50:00,90.4
2025-06-12 18:29:00,93.6
2025-06-12 08:52:00,36.5
2025-06-12 06:47:00,10.5
2025-06-12 21:23:00,48.6
2025-06-12 09:31:00,49.82591552591553
2025-06-12 05:30:00,50.3
2025-06-12 12:22:00,4.0
2025-06-12 02:21:00,17.4
2025-06-12 05:01:00,3.9
2025-06-12 02:12:00,49.82591552591553
2025-06-12 14:22:00,49.82591552591553
2025-06-12 16:19:00,87.0
2025-06-12 14:31:00,44.3
2025-06-12 08:41:00,91.3
2025-06-12 07:03:00,49.82591552591553
2025-06-12 09:15:00,27.2
2025-06-12 06:17:00,49.82591552591553
2025-06-12 22:03:00,25.7
2025-06-12 23:05:00,49.82591552591553
2025-06-12 15:11:00,50.5
2025-06-12 17:46:00,46.4
2025-06-12 15:04:00,93.2
2025-06-12 13:44:00,69.5
2025-06-12 23:09:00,40.2
2025-06-12 13:11:00,98.9
2025-06-12 03:10:00,56.9
2025-06-12 13:27:00,92.9
2025-06-12 16:03:00,55.5
2025-06-12 15:00:00,61.5
2025-06-12 16:29:00,70.2
2025-06-12 07:32:00,72.4
2025-06-12 05:58:00,64.1
2025-06-12 17:52:00,49.82591552591553
2025-06-12 00:29:00,49.82591552591553
2025-06-12 14:27:00,94.9
2025-06-12 05:24:00,21.1
2025-06-12 02:49:00,46.6
2025-06-12 01:18:00,64.4
2025-06-12 07:38:00,83.2
2025-06-12 00:47:00,82.1
2025-06-12 02:08:00,53.8
2025-06-12 20:11:00,94.6
2025-06-12 04:57:00,24.1
2025-06-12 10:38:00,11.8
2025-06-12 05:17:00,63.6
2025-06-12 08:09:00,40.9
2025-06-12 11:43:00,49.82591552591553
2025-06-12 04:23:00,42.9
2025-06-12 23:48:00,59.3
2025-06-12 07:45:00,49.82591552591553
2025-06-12 09:45:00,49.82591552591553
2025-06-12 20:54:00,45.6
2025-06-12 03:33:00,22.4
2025-06-12 10:20:00,38.0
2025-06-12 16:17:00,38.5
2025-06-12 12:06:00,73.9
2025-06-12 13:20:00,49.82591552591553
2025-06-12 00:36:00,49.82591552591553
2025-06-12 09:33:00,58.1
2025-06-12 09:56:00,34.4
2025-06-12 15:27:00,86.9
2025-06-12 01:00:00,91.3
2025-06-12 05:41:00,59.9
2025-06-12 12:30:00,50.0
2025-06-12 04:26:00,85.5
2025-06-12 08:20:00,62.2
2025-06-12 01:44:00,70.1
2025-06-12 04:46:00,82.3
2025-06-12 18:48:00,49.82591552591553
2025-06-12 01:29:00,21.0
2025-06-12 12:05:00,19.5
2025-06-12 18:20:00,88.1
2025-06-12 10:44:00,90.9
2025-06-12 02:40:00,55.4
2025-06-12 22:32:00,89.7
2025-06-12 13:19:00,47.8
2025-06-12 17:06:00,32.8
2025-06-12 20:36:00,71.4
2025-06-12 14:18:00,49.82591552591553
2025-06-12 18:04:00,42.7
2025-06-12 23:01:00,75.5
2025-06-12 00:33:00,15.0
2025-06-12 19:33:00,79.3
2025-06-12 15:16:00,4.1
2025-06-12 22:19:00,16.7
2025-06-12 14:04:00,68.3
2025-06-12 19:46:00,7.1
2025-06-12 18:11:00,49.82591552591553
2025-06-12 06:51:00,77.6
2025-06-12 00:04:00,91.7
2025-06-12 15:53:00,49.82591552591553
2025-06-12 19:23:00,40.3
2025-06-12 23:52:00,71.9
2025-06-12 05:14:00,12.7
2025-06-12 21:37:00,79.4
2025-06-12 17:26:00,2.4
2025-06-12 04:04:00,11.7
2025-06-12 13:33:00,67.6
2025-06-12 07:47:00,80.0
2025-06-12 07:04:00,30.0
2025-06-12 03:57:00,25.6
2025-06-12 22:46:00,21.9
2025-06-12 08:40:00,19.1
2025-06-12 23:26:00,16.1
2025-06-12 03:30:00,49.82591552591553
2025-06-12 12:16:00,48.6
2025-06-12 08:51:00,27.2
2025-06-12 15:03:00,16.1
2025-06-12 15:52:00,88.0
2025-06-12 07:37:00,49.82591552591553
2025-06-12 11:23:00,25.4
2025-06-12 23:25:00,7.8
2025-06-12 06:38:00,60.0
2025-06-12 21:02:00,12.7
2025-06-12 20:12:00,73.0
2025-06-12 05:52:00,5.0
2025-06-12 08:58:00,49.82591552591553
2025-06-12 02:17:00,28.2
2025-06-12 13:49:00,70.1
2025-06-12 22:11:00,39.0
2025-06-12 12:35:00,83.9
2025-06-12 11:00:00,49.82591552591553
2025-06-12 01:21:00,97.3
2025-06-12 02:41:00,91.6
2025-06-12 13:47:00,81.7
2025-06-12 11:16:00,87.3
2025-06-12 16:24:00,49.82591552591553
2025-06-12 12:42:00,31.2
2025-06-12 17:11:00,19.3
2025-06-12 22:38:00,32.7
2025-06-12 16:50:00,98.2
2025-06-12 04:48:00,49.82591552591553
2025-06-12 18:46:00,58.1
2025-06-12 03:05:00,50.7
2025-06-12 05:55:00,13.4
2025-06-12 08:10:00,40.6
2025-06-12 01:06:00,93.1
2025-06-12 02:46:00,48.9
2025-06-12 05:39:00,74.1
2025-06-12 09:09:00,49.82591552591553
2025-06-12 03:37:00,95.6
2025-06-12 12:45:00,95.0
2025-06-12 00:43:00,25.5
2025-06-12 12:07:00,1.6
2025-06-12 10:56:00,17.2
2025-06-12 09:42:00,16.3
2025-06-12 12:09:00,49.82591552591553
2025-06-12 07:54:00,96.5
2025-06-12 20:42:00,99.2
2025-06-12 03:53:00,84.3
2025-06-12 02:56:00,49.82591552591553
2025-06-12 05:29:00,97.9
2025-06-12 11:09:00,98.7
2025-06-12 06:22:00,52.2
2025-06-12 23:49:00,25.0
2025-06-12 13:12:00,59.0
2025-06-12 23:55:00,77.7
2025-06-12 13:18:00,49.82591552591553
2025-06-12 21:08:00,26.9
2025-06-12 06:31:00,79.5
2025-06-12 05:00:00,15.0
2025-06-12 21:42:00,49.5
2025-06-12 10:39:00,90.9
2025-06-12 19:38:00,48.1
2025-06-12 14:05:00,0.4
2025-06-12 20:28:00,66.0
2025-06-12 07:49:00,46.9
2025-06-12 03:00:00,30.5
2025-06-12 05:28:00,79.6
2025-06-12 05:34:00,88.8
2025-06-12 18:32:00,18.9
2025-06-12 09:13:00,77.3
2025-06-12 12:27:00,27.4
2025-06-12 08:56:00,50.6
2025-06-12 16:58:00,21.5
2025-06-12 23:34:00,37.3
2025-06-12 22:05:00,85.8
2025-06-12 04:16:00,31.3
2025-06-12 04:09:00,2.3
2025-06-12 19:51:00,23.0
2025-06-12 09:40:00,49.82591552591553
2025-06-12 13:21:00,93.9
2025-06-12 22:13:00,66.9
2025-06-12 15:41:00,1.9
2025-06-12 18:34:00,62.1
2025-06-12 22:43:00,6.0
2025-06-12 01:03:00,92.4
2025-06-12 10:51:00,17.0
2025-06-12 05:57:00,77.8
2025-06-12 23:30:00,30.0
2025-06-12 11:42:00,25.9
2025-06-12 20:44:00,92.5
2025-06-12 00:25:00,49.82591552591553
2025-06-12 14:12:00,37.1
2025-06-12 21:54:00,0.4
2025-06-12 21:40:00,78.5
2025-06-12 20:00:00,55.9
2025-06-12 19:41:00,56.6
2025-06-12 04:03:00,99.3
2025-06-12 16:16:00,49.82591552591553
2025-06-12 16:42:00,90.9
2025-06-12 00:50:00,23.9
2025-06-12 04:33:00,93.9
2025-06-12 10:16:00,74.1
2025-06-12 02:07:00,47.9
2025-06-12 18:27:00,49.82591552591553
2025-06-12 21:28:00,32.6
2025-06-12 18:50:00,76.9
2025-06-12 23:42:00,50.7
2025-06-12 03:39:00,10.6
2025-06-12 19:03:00,55.2
2025-06-12 11:47:00,48.7
2025-06-12 17:27:00,49.82591552591553
2025-06-12 12:59:00,18.3
2025-06-12 18:49:00,73.9
2025-06-12 14:15:00,8.7
2025-06-12 00:28:00,31.8
2025-06-12 14:33:00,23.6
2025-06-12 18:09:00,67.7
2025-06-12 20:39:00,75.2
2025-06-12 17:23:00,74.8
2025-06-12 08:38:00,49.82591552591553
2025-06-12 12:18:00,83.3
2025-06-12 12:31:00,53.3
2025-06-12 21:47:00,79.7
2025-06-12 15:12:00,49.82591552591553
2025-06-12 18:21:00,5.9
2025-06-12 17:54:00,99.3
2025-06-12 07:12:00,94.0
2025-06-12 07:30:00,69.0
2025-06-12 18:28:00,37.7
2025-06-12 04:39:00,61.8
2025-06-12 08:27:00,81.0
2025-06-12 01:04:00,62.0
2025-06-12 12:53:00,7.3
2025-06-12 16:00:00,20.8
2025-06-12 20:47:00,77.7
2025-06-12 06:06:00,49.82591552591553
2025-06-12 18:55:00,60.2
2025-06-12 14:19:00,34.2
2025-06-12 22:17:00,13.1
2025-06-12 23:44:00,77.2
2025-06-12 07:34:00,83.8
2025-06-12 17:08:00,12.5
2025-06-12 15:34:00,73.3
2025-06-12 08:21:00,49.82591552591553
2025-06-12 21:07:00,44.3
2025-06-12 02:58:00,49.82591552591553
2025-06-12 20:24:00,47.0
2025-06-12 03:01:00,87.9
2025-06-12 07:41:00,75.2
2025-06-12 15:20:00,97.6
2025-06-12 15:36:00,57.4
2025-06-12 02:02:00,16.0
2025-06-12 09:21:00,11.4
2025-06-12 21:53:00,60.5
2025-06-12 23:50:00,49.82591552591553
2025-06-12 09:12:00,56.7
2025-06-12 06:03:00,55.7
2025-06-12 20:07:00,12.0
2025-06-12 13:54:00,4.6
2025-06-12 10:58:00,43.7
2025-06-12 06:44:00,70.6
2025-06-12 13:22:00,75.4
2025-06-12 13:59:00,49.2
2025-06-12 07:51:00,62.0
2025-06-12 08:02:00,90.3
2025-06-12 19:36:00,49.82264106490752
2025-06-12 08:26:00,10.4
2025-06-12 09:47:00,63.8
2025-06-12 17:00:00,82.1
2025-06-12 01:19:00,3.3
2025-06-12 10:26:00,18.8
2025-06-12 13:52:00,89.5
2025-06-12 01:12:00,49.82264106490752
2025-06-12 04:39:00,60.2
2025-06-12 08:50:00,46.0
2025-06-12 11:09:00,5.7
2025-06-12 05:42:00,35.2
2025-06-12 06:40:00,18.3
2025-06-12 01:42:00,54.4
2025-06-12 13:41:00,49.82264106490752
2025-06-12 20:00:00,49.82264106490752
2025-06-12 03:30:00,37.8
2025-06-12 23:13:00,78.8
2025-06-12 18:39:00,49.82264106490752
2025-06-12 19:52:00,7.5
2025-06-12 01:37:00,92.3
2025-06-12 16:43:00,36.1
2025-06-12 14:43:00,90.4
2025-06-12 15:31:00,2.1
2025-06-12 04:00:00,49.2
2025-06-12 21:12:00,79.9
2025-06-12 10:53:00,55.7
2025-06-12 08:07:00,85.1
2025-06-12 09:24:00,21.7
2025-06-12 05:36:00,49.1
2025-06-12 17:25:00,20.3
2025-06-12 13:27:00,48.8
2025-06-12 16:35:00,81.7
2025-06-12 01:13:00,49.82264106490752
2025-06-12 17:48:00,12.8
2025-06-12 00:09:00,79.8
2025-06-12 09:09:00,70.5
2025-06-12 13:21:00,78.7
2025-06-12 17:44:00,81.9
2025-06-12 12:51:00,18.1
2025-06-12 18:36:00,46.5
2025-06-12 21:03:00,69.4
2025-06-12 00:40:00,58.1
2025-06-12 06:21:00,49.82264106490752
2025-06-12 14:15:00,11.7
2025-06-12 01:16:00,96.9
2025-06-12 05:02:00,49.82264106490752
2025-06-12 18:57:00,60.4
2025-06-12 15:22:00,2.0
2025-06-12 19:05:00,5.7
2025-06-12 07:04:00,49.82264106490752
2025-06-12 05:03:00,49.82264106490752
2025-06-12 13:43:00,93.2
2025-06-12 13:40:00,67.6
2025-06-12 22:34:00,14.4
2025-06-12 19:20:00,91.9
2025-06-12 11:37:00,13.0
2025-06-12 00:25:00,49.82264106490752
2025-06-12 07:25:00,58.6
2025-06-12 09:18:00,45.6
2025-06-12 08:00:00,49.82264106490752
2025-06-12 11:39:00,80.4
2025-06-12 10:06:00,49.82264106490752
2025-06-12 03:36:00,44.7
2025-06-12 18:58:00,87.9
2025-06-12 22:12:00,49.82264106490752
2025-06-12 19:51:00,16.5
2025-06-12 06:52:00,95.8
2025-06-12 14:29:00,73.7
2025-06-12 15:27:00,20.4
2025-06-12 15:30:00,53.6
2025-06-12 03:09:00,10.3
2025-06-12 12:46:00,68.5
2025-06-12 04:59:00,84.7
2025-06-12 13:51:00,74.7
2025-06-12 20:29:00,36.6
2025-06-12 12:40:00,78.4
2025-06-12 10:37:00,57.9
2025-06-12 02:04:00,4.1
2025-06-12 07:21:00,39.5
2025-06-12 17:16:00,38.4
2025-06-12 01:39:00,17.6
2025-06-12 00:06:00,24.7
2025-06-12 21:02:00,49.82264106490752
2025-06-12 15:43:00,10.0
2025-06-12 15:59:00,60.8
2025-06-12 11:32:00,49.82264106490752
2025-06-12 11:43:00,8.4
2025-06-12 16:14:00,76.8
2025-06-12 10:05:00,41.6
2025-06-12 11:34:00,13.1
2025-06-12 03:02:00,68.2
2025-06-12 16:24:00,80.1
2025-06-12 18:37:00,47.7
2025-06-12 03:37:00,21.7
2025-06-12 01:50:00,50.0
2025-06-12 02:24:00,62.7
2025-06-12 21:28:00,2.6
2025-06-12 02:37:00,38.8
2025-06-12 11:26:00,27.2
2025-06-12 00:45:00,59.5
2025-06-12 23:03:00,82.4
2025-06-12 02:48:00,10.9
2025-06-12 19:09:00,49.82264106490752
2025-06-12 03:50:00,8.6
2025-06-12 01:14:00,68.6
2025-06-12 05:45:00,2.9
2025-06-12 22:33:00,65.2
2025-06-12 20:55:00,9.9
2025-06-12 22:19:00,93.3
2025-06-12 22:37:00,49.82264106490752
2025-06-12 06:35:00,83.6
2025-06-12 09:53:00,15.0
2025-06-12 13:37:00,5.0
2025-06-12 20:26:00,9.6
2025-06-12 02:35:00,49.82264106490752
2025-06-12 02:38:00,60.4
2025-06-12 02:34:00,29.5
2025-06-12 19:10:00,67.4
2025-06-12 07:59:00,88.5
2025-06-12 17:38:00,87.6
2025-06-12 09:13:00,35.9
2025-06-12 04:17:00,49.82264106490752
2025-06-12 12:07:00,87.3
2025-06-12 04:29:00,59.7
2025-06-12 21:57:00,2.3
2025-06-12 07:01:00,52.7
2025-06-12 17:34:00,15.5
2025-06-12 18:33:00,80.6
2025-06-12 18:23:00,76.3
2025-06-12 22:52:00,20.4
2025-06-12 19:57:00,12.5
2025-06-12 14:59:00,21.6
2025-06-12 22:27:00,6.4
2025-06-12 03:26:00,30.7
2025-06-12 10:00:00,9.0
2025-06-12 17:23:00,27.5
2025-06-12 06:39:00,49.82264106490752
2025-06-12 21:42:00,49.82264106490752
2025-06-12 15:02:00,58.2
2025-06-12 00:26:00,49.82264106490752
2025-06-12 19:32:00,48.7
2025-06-12 07:14:00,49.82264106490752
2025-06-12 11:03:00,2.4
2025-06-12 04:58:00,33.3
2025-06-12 23:40:00,1.3
2025-06-12 10:08:00,57.2
2025-06-12 14:08:00,34.9
2025-06-12 00:49:00,42.6
2025-06-12 13:45:00,49.82264106490752
2025-06-12 14:13:00,49.82264106490752
2025-06-12 00:34:00,88.9
2025-06-12 20:49:00,49.82264106490752
2025-06-12 00:44:00,3.8
2025-06-12 04:15:00,47.3
2025-06-12 19:58:00,4.6
2025-06-12 09:19:00,14.1
2025-06-12 14:06:00,49.82264106490752
2025-06-12 21:10:00,49.82264106490752
2025-06-12 15:11:00,56.2
2025-06-12 17:33:00,96.9
2025-06-12 19:53:00,49.82264106490752
2025-06-12 14:34:00,48.5
2025-06-12 21:38:00,48.8
2025-06-12 14:05:00,1.2
2025-06-12 10:21:00,49.82264106490752
2025-06-12 23:53:00,8.7
2025-06-12 00:15:00,45.2
2025-06-12 09:06:00,49.82264106490752
2025-06-12 08:20:00,49.82264106490752
2025-06-12 05:54:00,49.82264106490752
2025-06-12 15:29:00,11.1
2025-06-12 16:15:00,49.82264106490752
2025-06-12 06:04:00,64.7
2025-06-12 22:36:00,68.6
2025-06-12 01:31:00,5.4
2025-06-12 11:44:00,37.7
2025-06-12 10:09:00,94.0
2025-06-12 07:06:00,66.5
2025-06-12 12:37:00,32.4
2025-06-12 17:19:00,3.2
2025-06-12 14:55:00,90.2
2025-06-12 15:39:00,7.9
2025-06-12 19:26:00,49.82264106490752
2025-06-12 07:39:00,49.82264106490752
2025-06-12 06:06:00,5.6
2025-06-12 03:14:00,82.6
2025-06-12 06:32:00,63.2
2025-06-12 17:13:00,23.1
2025-06-12 04:23:00,15.7
2025-06-12 06:33:00,73.7
2025-06-12 23:36:00,49.82264106490752
2025-06-12 02:23:00,8.6
2025-06-12 13:00:00,96.8
2025-06-12 03:16:00,5.5
2025-06-12 05:32:00,56.0
2025-06-12 21:39:00,87.8
2025-06-12 16:30:00,41.0
2025-06-12 10:46:00,55.4
2025-06-12 14:56:00,74.0
2025-06-12 15:55:00,38.4
2025-06-12 17:54:00,49.82264106490752
2025-06-12 14:57:00,52.3
2025-06-12 14:12:00,62.7
2025-06-12 10:18:00,85.8
2025-06-12 09:28:00,91.7
2025-06-12 12:52:00,34.8
2025-06-12 07:11:00,19.5
2025-06-12 17:14:00,9.3
2025-06-12 08:54:00,13.4
2025-06-12 09:59:00,71.8
2025-06-12 14:01:00,19.3
2025-06-12 18:46:00,3.1
2025-06-12 07:13:00,49.82264106490752
2025-06-12 22:11:00,48.8
2025-06-12 12:36:00,3.0
2025-06-12 18:28:00,14.0
2025-06-12 09:14:00,49.82264106490752
2025-06-12 00:52:00,37.4
2025-06-12 21:31:00,96.7
2025-06-12 18:30:00,32.6
2025-06-12 17:01:00,49.82264106490752
2025-06-12 15:32:00,11.4
2025-06-12 07:54:00,28.3
2025-06-12 16:57:00,3.0
2025-06-12 17:51:00,49.82264106490752
2025-06-12 01:55:00,58.3
2025-06-12 06:45:00,81.9
2025-06-12 23:08:00,69.5
2025-06-12 08:29:00,15.4
2025-06-12 02:10:00,49.2
2025-06-12 17:10:00,67.3
2025-06-12 06:47:00,61.1
2025-06-12 03:51:00,75.5
2025-06-12 20:01:00,49.82264106490752
2025-06-12 16:31:00,49.82264106490752
2025-06-12 20:05:00,88.7
2025-06-12 03:29:00,35.2
2025-06-12 15:25:00,4.6
2025-06-12 05:04:00,98.4
2025-06-12 13:07:00,86.6
2025-06-12 09:01:00,64.9
2025-06-12 10:43:00,83.5
2025-06-12 10:10:00,9.1
2025-06-12 11:20:00,85.5
2025-06-12 17:24:00,21.5
2025-06-12 00:50:00,66.2
2025-06-12 14:04:00,43.0
2025-06-12 15:45:00,49.82264106490752
2025-06-12 00:19:00,43.6
2025-06-12 19:38:00,46.0
2025-06-12 07:02:00,30.2
2025-06-12 23:35:00,49.1
2025-06-12 08:22:00,46.9
2025-06-12 16:33:00,1.8
2025-06-12 02:01:00,3.3
2025-06-12 06:30:00,6.4
2025-06-12 00:16:00,2.8
2025-06-12 19:02:00,19.9
2025-06-12 08:12:00,21.9
2025-06-12 16:18:00,10.0
2025-06-12 20:31:00,82.5
2025-06-12 19:42:00,40.1
2025-06-12 04:18:00,49.82264106490752
2025-06-12 19:00:00,86.3
2025-06-12 08:28:00,29.5
2025-06-12 19:18:00,1.1
2025-06-12 10:07:00,44.6
2025-06-12 08:24:00,20.0
2025-06-12 20:19:00,75.0
2025-06-12 22:18:00,52.6
2025-06-12 15:14:00,85.5
2025-06-12 20:48:00,50.2
2025-06-12 17:40:00,25.8
2025-06-12 15:49:00,37.8
2025-06-12 21:15:00,49.82264106490752
2025-06-12 07:42:00,8.1
2025-06-12 21:50:00,20.8
2025-06-12 11:50:00,45.5
2025-06-12 01:02:00,49.82264106490752
2025-06-12 19:23:00,24.9
2025-06-12 20:36:00,22.8
2025-06-12 04:50:00,46.9
2025-06-12 18:43:00,1.8
2025-06-12 16:38:00,41.2
2025-06-12 13:17:00,26.4
2025-06-12 00:54:00,73.1
2025-06-12 15:38:00,80.8
2025-06-12 18:56:00,86.4
2025-06-12 16:09:00,91.8
2025-06-12 11:46:00,49.82264106490752
2025-06-12 22:41:00,49.82264106490752
2025-06-12 06:07:00,53.9
2025-06-12 08:08:00,11.1
2025-06-12 14:41:00,14.6
2025-06-12 05:28:00,90.1
2025-06-12 11:28:00,57.7
2025-06-12 10:02:00,57.8
2025-06-12 17:29:00,63.6
2025-06-12 11:58:00,30.8
2025-06-12 06:15:00,21.5
2025-06-12 11:23:00,2.9
2025-06-12 01:36:00,86.9
2025-06-12 00:35:00,18.1
2025-06-12 00:52:00,63.3
2025-06-12 19:21:00,73.4
2025-06-12 12:34:00,95.7
2025-06-12 15:33:00,38.5
2025-06-12 21:00:00,66.0
2025-06-12 11:03:00,78.9
2025-06-12 17:56:00,92.3
2025-06-12 03:18:00,18.2
2025-06-12 15:16:00,9.6
2025-06-12 04:07:00,60.9
2025-06-12 13:07:00,33.4
2025-06-12 14:25:00,94.4
2025-06-12 02:01:00,0.6
2025-06-12 12:20:00,49.73505924170616
2025-06-12 23:05:00,91.6
2025-06-12 05:58:00,34.4
2025-06-12 18:34:00,52.0
2025-06-12 16:39:00,76.3
2025-06-12 03:39:00,62.8
2025-06-12 13:23:00,36.3
2025-06-12 19:01:00,30.9
2025-06-12 22:44:00,68.7
2025-06-12 11:04:00,16.4
2025-06-12 09:24:00,19.4
2025-06-12 14:12:00,49.73505924170616
2025-06-12 01:04:00,48.3
2025-06-12 14:31:00,50.9
2025-06-12 20:49:00,49.73505924170616
2025-06-12 06:52:00,20.6
2025-06-12 04:08:00,60.7
2025-06-12 14:34:00,45.9
2025-06-12 00:10:00,24.3
2025-06-12 06:42:00,49.73505924170616
2025-06-12 00:25:00,15.3
2025-06-12 19:44:00,76.8
2025-06-12 17:55:00,26.9
2025-06-12 22:39:00,96.9
2025-06-12 10:45:00,64.5
2025-06-12 22:10:00,2.6
2025-06-12 21:46:00,72.7
2025-06-12 11:36:00,1.8
2025-06-12 10:14:00,6.1
2025-06-12 20:42:00,49.73505924170616
2025-06-12 21:54:00,82.6
2025-06-12 17:26:00,92.9
2025-06-12 15:07:00,78.4
2025-06-12 10:11:00,81.4
2025-06-12 06:47:00,71.5
2025-06-12 16:37:00,92.4
2025-06-12 07:54:00,15.3
2025-06-12 06:12:00,49.6
2025-06-12 07:36:00,49.73505924170616
2025-06-12 16:56:00,57.3
2025-06-12 01:39:00,68.1
2025-06-12 20:09:00,62.6
2025-06-12 21:23:00,52.0
2025-06-12 19:14:00,91.2
2025-06-12 15:54:00,70.5
2025-06-12 08:14:00,49.73505924170616
2025-06-12 11:48:00,22.4
2025-06-12 19:45:00,7.8
2025-06-12 15:11:00,3.2
2025-06-12 09:50:00,49.73505924170616
2025-06-12 04:14:00,31.3
2025-06-12 19:58:00,85.5
2025-06-12 02:22:00,17.7
2025-06-12 22:20:00,7.3
2025-06-12 12:49:00,52.0
2025-06-12 05:25:00,29.4
2025-06-12 07:48:00,83.5
2025-06-12 12:18:00,49.73505924170616
2025-06-12 15:25:00,83.0
2025-06-12 19:06:00,59.5
2025-06-12 07:13:00,49.73505924170616
2025-06-12 01:28:00,86.0
2025-06-12 16:55:00,86.0
2025-06-12 05:56:00,70.1
2025-06-12 18:12:00,36.2
2025-06-12 09:35:00,51.0
2025-06-12 00:14:00,34.2
2025-06-12 13:01:00,13.4
2025-06-12 07:17:00,71.3
2025-06-12 13:20:00,36.1
2025-06-12 19:04:00,58.1
2025-06-12 10:53:00,9.2
2025-06-12 04:00:00,87.3
2025-06-12 19:53:00,48.7
2025-06-12 14:26:00,58.8
2025-06-12 02:14:00,97.1
2025-06-12 07:39:00,74.2
2025-06-12 00:03:00,15.8
2025-06-12 12:05:00,17.2
2025-06-12 09:22:00,49.73505924170616
2025-06-12 06:49:00,28.2
2025-06-12 02:49:00,70.2
2025-06-12 16:42:00,75.8
2025-06-12 21:25:00,34.8
2025-06-12 07:44:00,28.7
2025-06-12 05:39:00,74.3
2025-06-12 17:22:00,91.9
2025-06-12 10:26:00,2.7
2025-06-12 08:49:00,57.0
2025-06-12 00:58:00,2.1
2025-06-12 10:07:00,45.1
2025-06-12 19:18:00,36.2
2025-06-12 07:08:00,29.4
2025-06-12 08:52:00,0.9
2025-06-12 12:48:00,4.3
2025-06-12 09:39:00,35.5
2025-06-12 14:36:00,26.0
2025-06-12 02:37:00,79.9
2025-06-12 22:49:00,59.1
2025-06-12 15:15:00,26.5
2025-06-12 02:17:00,15.8
2025-06-12 04:22:00,11.2
2025-06-12 21:36:00,67.9
2025-06-12 03:21:00,32.6
2025-06-12 13:32:00,61.4
2025-06-12 18:57:00,17.7
2025-06-12 01:57:00,34.7
2025-06-12 08:00:00,35.6
2025-06-12 16:01:00,49.73505924170616
2025-06-12 22:19:00,16.0
2025-06-12 08:08:00,1.0
2025-06-12 05:37:00,20.3
2025-06-12 18:05:00,33.7
2025-06-12 04:45:00,36.9
2025-06-12 12:54:00,21.2
2025-06-12 04:38:00,28.8
2025-06-12 15:59:00,50.1
2025-06-12 05:40:00,48.4
2025-06-12 05:34:00,61.7
2025-06-12 06:17:00,20.8
2025-06-12 15:56:00,42.6
2025-06-12 05:33:00,31.6
2025-06-12 03:04:00,44.1
2025-06-12 08:07:00,51.2
2025-06-12 15:29:00,10.2
2025-06-12 18:04:00,6.4
2025-06-12 20:50:00,49.73505924170616
2025-06-12 01:14:00,49.73505924170616
2025-06-12 15:14:00,12.3
2025-06-12 05:46:00,49.73505924170616
2025-06-12 03:13:00,81.1
2025-06-12 08:11:00,91.2
2025-06-12 13:26:00,49.73505924170616
2025-06-12 05:45:00,51.8
2025-06-12 02:34:00,82.4
2025-06-12 13:14:00,14.5
2025-06-12 05:16:00,25.3
2025-06-12 13:36:00,44.5
2025-06-12 18:20:00,62.8
2025-06-12 12:26:00,16.8
2025-06-12 06:22:00,3.3
2025-06-12 12:31:00,49.4
2025-06-12 08:55:00,91.4
2025-06-12 10:54:00,92.8
2025-06-12 17:54:00,49.73505924170616
2025-06-12 21:08:00,90.4
2025-06-12 23:10:00,52.8
2025-06-12 14:00:00,67.2
2025-06-12 09:59:00,86.1
2025-06-12 12:51:00,44.4
2025-06-12 17:48:00,42.9
2025-06-12 21:20:00,0.3
2025-06-12 11:38:00,25.2
2025-06-12 10:38:00,25.9
2025-06-12 20:02:00,36.3
2025-06-12 11:33:00,43.4
2025-06-12 00:33:00,2.8
2025-06-12 19:19:00,23.1
2025-06-12 17:17:00,40.2
2025-06-12 23:30:00,18.5
2025-06-12 06:21:00,88.1
2025-06-12 17:47:00,49.73505924170616
2025-06-12 05:19:00,93.8
2025-06-12 12:15:00,72.8
2025-06-12 09:03:00,46.6
2025-06-12 22:34:00,42.9
2025-06-12 17:33:00,10.3
2025-06-12 16:33:00,49.73505924170616
2025-06-12 11:24:00,32.9
2025-06-12 21:24:00,10.8
2025-06-12 14:58:00,85.1
2025-06-12 12:00:00,12.1
2025-06-12 13:48:00,62.7
2025-06-12 18:02:00,30.3
2025-06-12 01:01:00,47.2
2025-06-12 16:04:00,0.2
2025-06-12 06:32:00,70.6
2025-06-12 15:58:00,31.2
2025-06-12 20:48:00,9.5
2025-06-12 00:28:00,47.0
2025-06-12 07:23:00,49.73505924170616
2025-06-12 11:44:00,5.2
2025-06-12 07:45:00,54.4
2025-06-12 03:40:00,25.2
2025-06-12 15:40:00,53.6
2025-06-12 20:17:00,44.2
2025-06-12 22:46:00,42.5
2025-06-12 07:34:00,82.5
2025-06-12 11:05:00,49.73505924170616
2025-06-12 01:08:00,49.73505924170616
2025-06-12 06:50:00,49.0
2025-06-12 16:14:00,49.73505924170616
2025-06-12 21:14:00,22.3
2025-06-12 14:22:00,84.3
2025-06-12 12:19:00,5.6
2025-06-12 21:40:00,74.6
2025-06-12 23:37:00,35.8
2025-06-12 13:53:00,1.3
2025-06-12 06:44:00,48.1
2025-06-12 04:25:00,49.73505924170616
2025-06-12 04:57:00,54.3
2025-06-12 17:10:00,49.73505924170616
2025-06-12 18:28:00,0.9
2025-06-12 10:30:00,16.4
2025-06-12 02:12:00,38.5
2025-06-12 19:49:00,41.2
2025-06-12 23:54:00,49.73505924170616
2025-06-12 14:33:00,45.6
2025-06-12 21:34:00,16.0
2025-06-12 05:05:00,4.3
2025-06-12 17:02:00,27.9
2025-06-12 11:55:00,92.1
2025-06-12 13:22:00,97.9
2025-06-12 14:39:00,55.9
2025-06-12 00:26:00,83.0
2025-06-12 02:08:00,53.8
2025-06-12 12:44:00,99.7
2025-06-12 10:17:00,82.4
2025-06-12 09:41:00,5.0
2025-06-12 22:54:00,49.73505924170616
2025-06-12 04:32:00,88.8
2025-06-12 17:05:00,88.6
2025-06-12 01:32:00,6.9
2025-06-12 00:27:00,41.8
2025-06-12 03:36:00,74.6
2025-06-12 02:59:00,20.0
2025-06-12 22:00:00,17.5
2025-06-12 22:26:00,90.2
2025-06-12 08:01:00,49.73505924170616
2025-06-12 06:57:00,93.2
2025-06-12 20:36:00,35.7
2025-06-12 11:25:00,49.73505924170616
2025-06-12 17:52:00,49.73505924170616
2025-06-12 21:49:00,77.9
2025-06-12 00:18:00,87.5
2025-06-12 00:53:00,83.0
2025-06-12 16:59:00,91.8
2025-06-12 14:18:00,3.4
2025-06-12 14:08:00,36.7
2025-06-12 12:16:00,38.0
2025-06-12 23:46:00,29.9
2025-06-12 21:27:00,67.5
2025-06-12 00:40:00,41.9
2025-06-12 09:36:00,49.73505924170616
2025-06-12 20:58:00,49.73505924170616
2025-06-12 13:35:00,31.9
2025-06-12 16:51:00,69.3
2025-06-12 10:55:00,48.7
2025-06-12 21:31:00,22.4
2025-06-12 02:50:00,80.6
2025-06-12 08:40:00,67.5
2025-06-12 13:25:00,85.6
2025-06-12 08:05:00,70.6
2025-06-12 05:42:00,92.8
2025-06-12 19:19:00,66.6
2025-06-12 14:42:00,18.4
2025-06-12 23:15:00,28.3
2025-06-12 00:37:00,54.1
2025-06-12 16:16:00,2.3
2025-06-12 01:09:00,60.1
2025-06-12 00:41:00,50.04950773558369
2025-06-12 00:03:00,43.2
2025-06-12 19:56:00,31.0
2025-06-12 11:14:00,25.4
2025-06-12 02:51:00,92.8
2025-06-12 09:02:00,30.9
2025-06-12 10:58:00,84.2
2025-06-12 17:23:00,81.0
2025-06-12 19:03:00,13.2
2025-06-12 22:36:00,39.7
2025-06-12 08:21:00,40.0
2025-06-12 07:19:00,36.9
2025-06-12 06:46:00,49.6
2025-06-12 13:59:00,93.4
2025-06-12 11:01:00,18.1
2025-06-12 05:10:00,33.7
2025-06-12 12:22:00,21.5
2025-06-12 23:42:00,26.2
2025-06-12 06:00:00,27.5
2025-06-12 19:32:00,50.04950773558369
2025-06-12 04:46:00,51.2
2025-06-12 03:11:00,58.4
2025-06-12 16:25:00,50.04950773558369
2025-06-12 13:29:00,94.6
2025-06-12 13:47:00,50.04950773558369
2025-06-12 14:52:00,25.7
2025-06-12 16:33:00,73.7
2025-06-12 06:21:00,21.1
2025-06-12 14:05:00,50.04950773558369
2025-06-12 21:46:00,60.6
2025-06-12 06:56:00,96.1
2025-06-12 14:09:00,38.2
2025-06-12 18:16:00,50.04950773558369
2025-06-12 01:55:00,35.9
2025-06-12 15:54:00,39.2
2025-06-12 18:41:00,80.2
2025-06-12 02:19:00,87.9
2025-06-12 11:37:00,86.4
2025-06-12 18:06:00,89.4
2025-06-12 20:17:00,90.3
2025-06-12 01:29:00,26.1
2025-06-12 12:43:00,93.3
2025-06-12 01:36:00,37.8
2025-06-12 09:22:00,76.2
2025-06-12 13:05:00,30.6
2025-06-12 08:18:00,77.8
2025-06-12 01:00:00,27.9
2025-06-12 20:47:00,52.7
2025-06-12 22:40:00,6.2
2025-06-12 02:27:00,1.6
2025-06-12 18:04:00,58.7
2025-06-12 13:02:00,92.4
2025-06-12 17:54:00,44.1
2025-06-12 19:30:00,50.04950773558369
2025-06-12 01:03:00,71.1
2025-06-12 05:34:00,71.0
2025-06-12 17:46:00,13.0
2025-06-12 08:00:00,9.5
2025-06-12 09:38:00,86.4
2025-06-12 18:53:00,53.5
2025-06-12 20:05:00,30.2
2025-06-12 07:14:00,36.8
2025-06-12 14:00:00,99.1
2025-06-12 20:55:00,84.4
2025-06-12 04:52:00,36.7
2025-06-12 15:41:00,50.04950773558369
2025-06-12 14:07:00,50.04950773558369
2025-06-12 15:16:00,46.1
2025-06-12 01:41:00,50.04950773558369
2025-06-12 06:44:00,21.9
2025-06-12 17:05:00,7.0
2025-06-12 05:41:00,4.1
2025-06-12 17:47:00,75.8
2025-06-12 22:27:00,88.6
2025-06-12 02:06:00,47.9
2025-06-12 01:51:00,88.8
2025-06-12 23:54:00,51.6
2025-06-12 23:03:00,98.8
2025-06-12 03:41:00,10.1
2025-06-12 20:34:00,97.7
2025-06-12 20:40:00,73.5
2025-06-12 06:04:00,78.5
2025-06-12 02:58:00,50.04950773558369
2025-06-12 01:27:00,63.8
2025-06-12 14:38:00,72.5
2025-06-12 15:32:00,53.3
2025-06-12 00:42:00,60.5
2025-06-12 08:56:00,28.5
2025-06-12 09:26:00,94.7
2025-06-12 16:28:00,52.9
2025-06-12 12:52:00,50.04950773558369
2025-06-12 10:53:00,50.04950773558369
2025-06-12 07:32:00,6.1
2025-06-12 17:55:00,19.2
2025-06-12 09:12:00,59.0
2025-06-12 02:01:00,16.7
2025-06-12 01:16:00,50.04950773558369
2025-06-12 23:16:00,30.3
2025-06-12 17:22:00,42.8
2025-06-12 04:45:00,68.1
2025-06-12 23:17:00,51.2
2025-06-12 20:52:00,50.04950773558369
2025-06-12 07:48:00,81.7
2025-06-12 19:51:00,50.04950773558369
2025-06-12 16:34:00,88.5
2025-06-12 02:35:00,97.0
2025-06-12 03:32:00,37.9
2025-06-12 02:28:00,50.04950773558369
2025-06-12 06:48:00,97.3
2025-06-12 19:26:00,69.9
2025-06-12 11:26:00,53.0
2025-06-12 12:31:00,19.1
2025-06-12 09:30:00,80.0
2025-06-12 20:58:00,21.8
2025-06-12 19:46:00,41.6
2025-06-12 07:44:00,77.1
2025-06-12 12:07:00,50.04950773558369
2025-06-12 16:31:00,53.8
2025-06-12 13:28:00,32.0
2025-06-12 04:39:00,22.5
2025-06-12 16:42:00,12.0
2025-06-12 15:28:00,50.04950773558369
2025-06-12 06:19:00,73.2
2025-06-12 14:40:00,25.7
2025-06-12 08:53:00,50.04950773558369
2025-06-12 10:47:00,72.0
2025-06-12 06:34:00,5.1
2025-06-12 18:35:00,80.4
2025-06-12 03:28:00,50.04950773558369
2025-06-12 16:26:00,95.2
2025-06-12 10:43:00,50.04950773558369
2025-06-12 02:31:00,15.1
2025-06-12 23:39:00,98.1
2025-06-12 03:45:00,55.1
2025-06-12 23:51:00,23.6
2025-06-12 09:36:00,28.8
2025-06-12 05:55:00,50.04950773558369
2025-06-12 06:18:00,35.5
2025-06-12 11:15:00,1.8
2025-06-12 02:05:00,68.9
2025-06-12 17:53:00,6.6
2025-06-12 22:51:00,16.4
2025-06-12 00:07:00,42.8
2025-06-12 05:05:00,53.7
2025-06-12 06:58:00,2.0
2025-06-12 15:11:00,73.3
2025-06-12 09:27:00,50.04950773558369
2025-06-12 18:09:00,64.2
2025-06-12 15:40:00,40.2
2025-06-12 04:20:00,99.5
2025-06-12 05:00:00,4.0
2025-06-12 10:22:00,97.0
2025-06-12 05:12:00,10.9
2025-06-12 12:08:00,29.4
2025-06-12 00:51:00,77.5
2025-06-12 07:27:00,50.04950773558369
2025-06-12 12:19:00,84.8
2025-06-12 03:42:00,50.04950773558369
2025-06-12 23:41:00,84.6
2025-06-12 04:30:00,63.0
2025-06-12 09:45:00,48.7
2025-06-12 23:13:00,78.4
2025-06-12 08:23:00,71.5
2025-06-12 16:09:00,50.04950773558369
2025-06-12 13:23:00,50.04950773558369
2025-06-12 15:13:00,81.2
2025-06-12 04:00:00,57.9
2025-06-12 01:37:00,22.4
2025-06-12 11:45:00,91.5
2025-06-12 19:01:00,2.3
2025-06-12 23:36:00,50.04950773558369
2025-06-12 09:52:00,13.3
2025-06-12 13:00:00,77.4
2025-06-12 01:46:00,50.04950773558369
2025-06-12 18:25:00,12.2
2025-06-12 14:11:00,52.4
2025-06-12 02:09:00,64.9
2025-06-12 23:49:00,50.04950773558369
2025-06-12 06:47:00,70.8
2025-06-12 20:23:00,50.04950773558369
2025-06-12 19:04:00,69.2
2025-06-12 11:33:00,57.6
2025-06-12 08:47:00,0.4
2025-06-12 14:50:00,5.8
2025-06-12 18:02:00,95.0
2025-06-12 13:42:00,81.0
2025-06-12 19:54:00,43.5
2025-06-12 22:14:00,68.0
2025-06-12 06:23:00,26.4
2025-06-12 13:46:00,67.6
2025-06-12 10:11:00,31.1
2025-06-12 06:37:00,50.04950773558369
2025-06-12 10:41:00,48.9
2025-06-12 15:20:00,50.04950773558369
2025-06-12 05:29:00,50.04950773558369
2025-06-12 19:33:00,50.04950773558369
2025-06-12 22:23:00,12.3
2025-06-12 16:41:00,7.4
2025-06-12 06:35:00,53.7
2025-06-12 20:19:00,50.04950773558369
2025-06-12 10:28:00,50.04950773558369
2025-06-12 04:41:00,78.1
2025-06-12 17:31:00,72.7
2025-06-12 20:10:00,61.3
2025-06-12 17:59:00,9.0
2025-06-12 05:36:00,90.0
2025-06-12 15:05:00,95.2
2025-06-12 17:01:00,38.9
2025-06-12 14:37:00,61.6
2025-06-12 09:42:00,16.8
2025-06-12 19:20:00,50.04950773558369
2025-06-12 08:24:00,40.7
2025-06-12 23:04:00,64.1
2025-06-12 15:45:00,95.3
2025-06-12 16:24:00,93.9
2025-06-12 20:43:00,60.6
2025-06-12 09:15:00,95.9
2025-06-12 03:58:00,40.2
2025-06-12 06:32:00,48.9
2025-06-12 04:50:00,50.04950773558369
2025-06-12 05:16:00,71.6
2025-06-12 18:30:00,79.7
2025-06-12 03:15:00,7.9
2025-06-12 11:24:00,91.5
2025-06-12 19:42:00,50.04950773558369
2025-06-12 18:08:00,60.0
2025-06-12 14:36:00,10.2
2025-06-12 21:01:00,36.7
2025-06-12 01:17:00,50.04950773558369
2025-06-12 17:15:00,21.5
2025-06-12 15:49:00,87.1
2025-06-12 17:41:00,2.7
2025-06-12 21:38:00,50.04950773558369
2025-06-12 00:19:00,56.5
2025-06-12 07:09:00,89.5
2025-06-12 10:45:00,24.7
2025-06-12 02:59:00,7.6
2025-06-12 07:56:00,79.0
2025-06-12 07:34:00,50.04950773558369
2025-06-12 01:48:00,24.7
2025-06-12 10:25:00,51.3
2025-06-12 08:29:00,74.8
2025-06-12 13:35:00,53.2
2025-06-12 01:20:00,50.04950773558369
2025-06-12 16:40:00,82.3
2025-06-12 02:47:00,76.1
2025-06-12 21:43:00,45.2
2025-06-12 07:08:00,12.8
2025-06-12 08:12:00,1.0
2025-06-12 07:01:00,13.0
2025-06-12 08:26:00,91.4
2025-06-12 08:07:00,50.04950773558369
2025-06-12 12:11:00,87.6
2025-06-12 20:16:00,50.04950773558369
2025-06-12 14:16:00,74.2
2025-06-12 15:38:00,74.1
2025-06-12 12:03:00,94.2
2025-06-12 18:36:00,56.1
2025-06-12 19:57:00,65.8
2025-06-12 05:50:00,19.6
2025-06-12 00:13:00,61.0
2025-06-12 07:35:00,25.1
2025-06-12 04:36:00,6.4
2025-06-12 03:37:00,70.9
2025-06-12 05:48:00,46.8
2025-06-12 08:48:00,9.3
2025-06-12 00:15:00,3.1
2025-06-12 11:47:00,98.2
2025-06-12 23:56:00,33.6
2025-06-12 15:19:00,85.1
2025-06-12 08:57:00,50.04950773558369
2025-06-12 10:59:00,51.5
2025-06-12 09:39:00,11.1
2025-06-12 22:39:00,75.1
2025-06-12 12:49:00,50.04950773558369
2025-06-12 15:58:00,68.0
2025-06-12 22:56:00,97.5
2025-06-12 23:32:00,49.9
2025-06-12 12:32:00,19.5
2025-06-12 13:57:00,50.04950773558369
2025-06-12 18:26:00,26.1
2025-06-12 13:31:00,61.1
2025-06-12 11:56:00,83.0
2025-06-12 16:27:00,50.04950773558369
2025-06-12 01:02:00,42.5
2025-06-12 09:08:00,50.04950773558369
2025-06-12 22:43:00,52.1
2025-06-12 23:43:00,64.1
2025-06-12 16:08:00,62.1
2025-06-12 15:21:00,85.5
2025-06-12 01:39:00,50.04950773558369
2025-06-12 05:02:00,37.1
2025-06-12 21:11:00,0.5
2025-06-12 03:10:00,62.2
2025-06-12 01:12:00,49.64720650636492
2025-06-12 12:13:00,71.5
2025-06-12 09:28:00,85.2
2025-06-12 17:32:00,94.5
2025-06-12 22:11:00,6.0
2025-06-12 05:25:00,11.0
2025-06-12 02:18:00,21.5
2025-06-12 07:23:00,16.6
2025-06-12 02:06:00,67.0
2025-06-12 10:16:00,9.4
2025-06-12 12:01:00,57.6
2025-06-12 23:22:00,76.5
2025-06-12 00:46:00,49.64720650636492
2025-06-12 10:02:00,52.6
2025-06-12 13:15:00,26.0
2025-06-12 07:13:00,99.1
2025-06-12 14:37:00,76.3
2025-06-12 13:16:00,49.64720650636492
2025-06-12 02:25:00,8.3
2025-06-12 16:04:00,68.6
2025-06-12 14:44:00,63.0
2025-06-12 20:48:00,95.8
2025-06-12 08:57:00,43.8
2025-06-12 02:08:00,59.0
2025-06-12 08:03:00,25.6
2025-06-12 12:30:00,24.9
2025-06-12 17:36:00,49.64720650636492
2025-06-12 07:12:00,91.2
2025-06-12 03:24:00,12.9
2025-06-12 23:19:00,15.5
2025-06-12 18:51:00,38.2
2025-06-12 02:04:00,92.1
2025-06-12 19:09:00,0.4
2025-06-12 20:52:00,93.3
2025-06-12 05:57:00,43.7
2025-06-12 10:10:00,34.4
2025-06-12 22:59:00,49.64720650636492
2025-06-12 21:23:00,12.3
2025-06-12 04:23:00,7.0
2025-06-12 05:51:00,67.6
2025-06-12 22:43:00,14.4
2025-06-12 16:05:00,20.0
2025-06-12 16:11:00,49.64720650636492
2025-06-12 19:46:00,49.64720650636492
2025-06-12 05:26:00,41.6
2025-06-12 00:05:00,49.64720650636492
2025-06-12 15:32:00,49.64720650636492
2025-06-12 15:57:00,49.64720650636492
2025-06-12 06:45:00,82.6
2025-06-12 00:07:00,49.64720650636492
2025-06-12 21:34:00,12.5
2025-06-12 08:59:00,39.0
2025-06-12 05:27:00,32.4
2025-06-12 07:05:00,16.5
2025-06-12 14:54:00,35.9
2025-06-12 09:47:00,75.0
2025-06-12 10:06:00,84.7
2025-06-12 22:44:00,8.9
2025-06-12 07:16:00,39.2
2025-06-12 14:24:00,0.5
2025-06-12 16:53:00,93.4
2025-06-12 17:23:00,81.2
2025-06-12 20:29:00,49.64720650636492
2025-06-12 00:53:00,57.3
2025-06-12 19:16:00,29.5
2025-06-12 06:40:00,49.64720650636492
2025-06-12 11:59:00,45.6
2025-06-12 03:51:00,27.2
2025-06-12 17:02:00,23.0
2025-06-12 17:13:00,10.2
2025-06-12 00:36:00,63.1
2025-06-12 01:07:00,45.4
2025-06-12 04:16:00,49.64720650636492
2025-06-12 18:55:00,63.6
2025-06-12 19:36:00,23.7
2025-06-12 00:25:00,50.7
2025-06-12 06:15:00,49.64720650636492
2025-06-12 04:04:00,86.2
2025-06-12 21:42:00,90.1
2025-06-12 03:49:00,49.64720650636492
2025-06-12 03:23:00,38.0
2025-06-12 13:28:00,32.1
2025-06-12 12:07:00,49.64720650636492
2025-06-12 22:33:00,40.2
2025-06-12 06:28:00,29.9
2025-06-12 13:35:00,72.1
2025-06-12 21:19:00,13.6
2025-06-12 21:44:00,72.8
2025-06-12 16:02:00,65.4
2025-06-12 23:49:00,38.3
2025-06-12 22:07:00,54.0
2025-06-12 03:50:00,88.2
2025-06-12 16:15:00,41.8
2025-06-12 03:19:00,49.64720650636492
2025-06-12 19:34:00,23.0
2025-06-12 15:08:00,49.64720650636492
2025-06-12 09:03:00,87.4
2025-06-12 20:08:00,89.6
2025-06-12 06:13:00,6.2
2025-06-12 10:12:00,27.6
2025-06-12 13:42:00,49.64720650636492
2025-06-12 16:59:00,32.3
2025-06-12 08:37:00,69.6
2025-06-12 22:22:00,49.64720650636492
2025-06-12 07:55:00,65.2
2025-06-12 04:21:00,35.5
2025-06-12 21:59:00,86.7
2025-06-12 21:57:00,87.6
2025-06-12 23:04:00,49.64720650636492
2025-06-12 06:20:00,84.8
2025-06-12 13:20:00,71.4
2025-06-12 17:40:00,21.6
2025-06-12 00:57:00,49.64720650636492
2025-06-12 15:38:00,45.8
2025-06-12 04:43:00,52.6
2025-06-12 21:22:00,49.64720650636492
2025-06-12 22:17:00,88.0
2025-06-12 06:42:00,63.6
2025-06-12 19:19:00,31.2
2025-06-12 01:57:00,33.6
2025-06-12 14:21:00,27.7
2025-06-12 13:33:00,49.64720650636492
2025-06-12 12:53:00,56.4
2025-06-12 17:52:00,49.9
2025-06-12 02:38:00,95.5
2025-06-12 13:37:00,83.5
2025-06-12 22:20:00,77.3
2025-06-12 02:35:00,39.4
2025-06-12 14:31:00,51.4
2025-06-12 01:20:00,27.3
2025-06-12 10:51:00,51.6
2025-06-12 12:59:00,29.7
2025-06-12 09:30:00,14.5
2025-06-12 06:17:00,12.7
2025-06-12 03:27:00,49.64720650636492
2025-06-12 07:09:00,27.8
2025-06-12 18:26:00,49.64720650636492
2025-06-12 18:09:00,68.2
2025-06-12 02:51:00,71.7
2025-06-12 05:10:00,19.9
2025-06-12 23:13:00,57.0
2025-06-12 18:41:00,6.9
2025-06-12 10:04:00,35.7
2025-06-12 13:48:00,72.9
2025-06-12 01:58:00,97.7
2025-06-12 14:56:00,83.5
2025-06-12 06:30:00,49.64720650636492
2025-06-12 20:40:00,80.0
2025-06-12 11:25:00,33.5
2025-06-12 21:47:00,36.6
2025-06-12 00:47:00,49.64720650636492
2025-06-12 01:46:00,91.6
2025-06-12 14:42:00,78.5
2025-06-12 01:16:00,11.9
2025-06-12 15:14:00,64.7
2025-06-12 07:59:00,49.64720650636492
2025-06-12 20:50:00,2.8
2025-06-12 19:18:00,30.6
2025-06-12 13:26:00,38.6
2025-06-12 12:00:00,46.7
2025-06-12 08:10:00,1.2
2025-06-12 08:08:00,49.64720650636492
2025-06-12 00:18:00,47.4
2025-06-12 10:00:00,32.2
2025-06-12 21:41:00,91.8
2025-06-12 18:47:00,71.8
2025-06-12 12:39:00,49.64720650636492
2025-06-12 21:27:00,87.9
2025-06-12 03:59:00,36.4
2025-06-12 22:52:00,64.4
2025-06-12 12:20:00,82.2
2025-06-12 09:58:00,97.9
2025-06-12 10:49:00,94.8
2025-06-12 18:23:00,45.2
2025-06-12 16:55:00,24.9
2025-06-12 07:47:00,49.64720650636492
2025-06-12 02:17:00,49.64720650636492
2025-06-12 15:12:00,38.0
2025-06-12 06:51:00,89.2
2025-06-12 00:19:00,36.5
2025-06-12 14:07:00,2.6
2025-06-12 04:36:00,49.64720650636492
2025-06-12 08:17:00,69.9
2025-06-12 12:37:00,49.7
2025-06-12 22:53:00,87.0
2025-06-12 13:09:00,91.9
2025-06-12 10:05:00,69.9
2025-06-12 18:00:00,49.64720650636492
2025-06-12 03:31:00,69.4
2025-06-12 08:13:00,52.8
2025-06-12 17:01:00,59.0
2025-06-12 10:57:00,13.9
2025-06-12 12:45:00,48.8
2025-06-12 13:52:00,7.3
2025-06-12 04:26:00,3.5
2025-06-12 15:02:00,44.1
2025-06-12 03:54:00,49.64720650636492
2025-06-12 20:12:00,49.64720650636492
2025-06-12 07:36:00,62.9
2025-06-12 06:21:00,90.1
2025-06-12 05:16:00,60.1
2025-06-12 20:53:00,51.3
2025-06-12 02:26:00,5.4
2025-06-12 00:50:00,49.64720650636492
2025-06-12 17:14:00,18.3
2025-06-12 10:52:00,6.8
2025-06-12 11:11:00,17.1
2025-06-12 14:03:00,65.9
2025-06-12 16:10:00,49.64720650636492
2025-06-12 12:40:00,0.0
2025-06-12 06:07:00,14.5
2025-06-12 06:05:00,49.64720650636492
2025-06-12 20:41:00,34.3
2025-06-12 00:03:00,11.0
2025-06-12 22:19:00,66.4
2025-06-12 17:18:00,49.64720650636492
2025-06-12 06:44:00,86.6
2025-06-12 11:09:00,46.4
2025-06-12 10:07:00,93.2
2025-06-12 14:41:00,39.0
2025-06-12 07:42:00,84.3
2025-06-12 02:30:00,36.0
2025-06-12 15:03:00,12.1
2025-06-12 15:45:00,96.4
2025-06-12 19:58:00,94.3
2025-06-12 09:10:00,6.2
2025-06-12 00:30:00,49.64720650636492
2025-06-12 15:16:00,35.5
2025-06-12 09:18:00,43.1
2025-06-12 02:56:00,52.2
2025-06-12 21:30:00,97.7
2025-06-12 01:05:00,33.5
2025-06-12 18:33:00,26.9
2025-06-12 00:20:00,14.9
2025-06-12 02:54:00,49.6
2025-06-12 14:17:00,94.3
2025-06-12 20:10:00,49.64720650636492
2025-06-12 09:44:00,72.0
2025-06-12 04:10:00,60.6
2025-06-12 19:20:00,81.6
2025-06-12 07:41:00,47.5
2025-06-12 11:32:00,84.7
2025-06-12 05:43:00,41.3
2025-06-12 06:43:00,51.8
2025-06-12 01:19:00,24.2
2025-06-12 15:39:00,65.2
2025-06-12 19:07:00,72.6
2025-06-12 23:55:00,92.3
2025-06-12 05:52:00,28.2
2025-06-12 07:48:00,3.1
2025-06-12 04:59:00,21.2
2025-06-12 15:37:00,80.2
2025-06-12 01:21:00,88.0
2025-06-12 20:46:00,55.5
2025-06-12 01:47:00,74.6
2025-06-12 02:36:00,24.0
2025-06-12 14:14:00,66.0
2025-06-12 11:00:00,3.8
2025-06-12 08:39:00,69.2
2025-06-12 13:59:00,26.7
2025-06-12 07:30:00,90.3
2025-06-12 14:28:00,97.8
2025-06-12 05:07:00,45.5
2025-06-12 15:59:00,61.8
2025-06-12 01:25:00,82.5
2025-06-12 15:44:00,49.64720650636492
2025-06-12 21:50:00,0.6
2025-06-12 09:20:00,11.5
2025-06-12 20:58:00,3.7
2025-06-12 09:54:00,45.2
2025-06-12 21:08:00,99.1
2025-06-12 14:10:00,82.8
2025-06-12 14:26:00,21.6
2025-06-12 18:42:00,35.4
2025-06-12 14:45:00,4.8
2025-06-12 10:40:00,35.3
2025-06-12 08:45:00,44.6
2025-06-12 16:20:00,68.5
2025-06-12 18:14:00,37.7
2025-06-12 01:11:00,65.1
2025-06-12 04:11:00,91.7
2025-06-12 03:20:00,38.8
2025-06-12 14:33:00,9.6
2025-06-12 20:32:00,35.6
2025-06-12 08:52:00,36.6
2025-06-12 02:13:00,54.5
2025-06-12 09:48:00,46.7
2025-06-12 01:54:00,33.1
2025-06-12 20:43:00,6.5
2025-06-12 14:23:00,2.3
2025-06-12 06:23:00,43.6
2025-06-12 02:58:00,47.2
2025-06-12 16:54:00,16.8
2025-06-12 02:14:00,1.6
2025-06-12 22:23:00,71.1
2025-06-12 14:55:00,76.5
2025-06-12 07:08:00,13.9
2025-06-12 21:13:00,56.1
2025-06-12 00:54:00,20.4
2025-06-12 07:44:00,49.44888862615275
2025-06-12 15:40:00,88.6
2025-06-12 06:52:00,55.1
2025-06-12 23:38:00,49.44888862615275
2025-06-12 21:43:00,49.44888862615275
2025-06-12 10:43:00,44.0
2025-06-12 04:10:00,48.4
2025-06-12 12:50:00,1.8
2025-06-12 22:47:00,49.8
2025-06-12 00:57:00,85.5
2025-06-12 04:43:00,7.9
2025-06-12 05:10:00,49.44888862615275
2025-06-12 19:48:00,62.4
2025-06-12 04:36:00,33.7
2025-06-12 21:45:00,90.2
2025-06-12 22:45:00,40.6
2025-06-12 11:39:00,29.2
2025-06-12 20:21:00,23.3
2025-06-12 03:43:00,43.1
2025-06-12 22:22:00,16.0
2025-06-12 19:14:00,41.2
2025-06-12 20:14:00,89.5
2025-06-12 23:50:00,77.4
2025-06-12 20:42:00,47.1
2025-06-12 01:57:00,47.2
2025-06-12 14:38:00,9.6
2025-06-12 18:07:00,71.7
2025-06-12 09:32:00,18.7
2025-06-12 05:01:00,93.2
2025-06-12 10:44:00,86.4
2025-06-12 13:59:00,81.9
2025-06-12 00:51:00,60.8
2025-06-12 12:45:00,49.44888862615275
2025-06-12 01:36:00,74.9
2025-06-12 19:52:00,81.2
2025-06-12 22:20:00,66.1
2025-06-12 07:02:00,35.8
2025-06-12 18:21:00,67.6
2025-06-12 01:21:00,21.4
2025-06-12 20:53:00,39.6
2025-06-12 21:15:00,68.8
2025-06-12 17:29:00,73.9
2025-06-12 16:30:00,38.6
2025-06-12 15:55:00,98.6
2025-06-12 14:10:00,27.8
2025-06-12 12:51:00,83.6
2025-06-12 22:37:00,49.44888862615275
2025-06-12 17:37:00,58.6
2025-06-12 14:52:00,24.8
2025-06-12 09:19:00,21.8
2025-06-12 18:47:00,49.44888862615275
2025-06-12 12:31:00,49.44888862615275
2025-06-12 01:01:00,19.8
2025-06-12 17:12:00,49.44888862615275
2025-06-12 10:54:00,7.6
2025-06-12 01:24:00,63.7
2025-06-12 17:06:00,49.1
2025-06-12 09:58:00,58.7
2025-06-12 19:59:00,76.9
2025-06-12 10:32:00,21.4
2025-06-12 09:03:00,39.1
2025-06-12 05:26:00,55.4
2025-06-12 19:02:00,49.44888862615275
2025-06-12 02:18:00,42.1
2025-06-12 11:48:00,1.2
2025-06-12 12:10:00,49.44888862615275
2025-06-12 03:05:00,46.7
2025-06-12 04:39:00,28.2
2025-06-12 17:27:00,80.6
2025-06-12 18:10:00,49.44888862615275
2025-06-12 07:17:00,87.6
2025-06-12 17:31:00,80.1
2025-06-12 23:35:00,97.6
2025-06-12 08:39:00,75.5
2025-06-12 16:35:00,66.6
2025-06-12 09:12:00,1.6
2025-06-12 06:46:00,49.44888862615275
2025-06-12 17:26:00,3.1
2025-06-12 06:19:00,49.44888862615275
2025-06-12 05:37:00,99.4
2025-06-12 02:42:00,74.6
2025-06-12 04:09:00,8.9
2025-06-12 06:10:00,41.0
2025-06-12 20:31:00,26.0
2025-06-12 03:27:00,2.0
2025-06-12 15:31:00,75.4
2025-06-12 01:42:00,62.9
2025-06-12 08:52:00,12.5
2025-06-12 08:04:00,49.44888862615275
2025-06-12 15:18:00,37.0
2025-06-12 17:10:00,79.3
2025-06-12 20:23:00,69.2
2025-06-12 18:43:00,30.1
2025-06-12 18:44:00,76.6
2025-06-12 13:27:00,67.3
2025-06-12 06:40:00,61.5
2025-06-12 14:25:00,88.0
2025-06-12 14:36:00,26.9
2025-06-12 03:02:00,25.4
2025-06-12 20:47:00,35.8
2025-06-12 10:52:00,75.1
2025-06-12 00:21:00,57.0
2025-06-12 20:09:00,53.1
2025-06-12 12:06:00,92.9
2025-06-12 10:10:00,6.0
2025-06-12 06:33:00,49.6
2025-06-12 17:30:00,64.0
2025-06-12 03:14:00,43.2
2025-06-12 20:34:00,95.5
2025-06-12 17:40:00,49.44888862615275
2025-06-12 21:14:00,49.44888862615275
2025-06-12 04:01:00,20.6
2025-06-12 08:33:00,78.8
2025-06-12 13:06:00,54.8
2025-06-12 20:45:00,40.7
2025-06-12 21:17:00,49.44888862615275
2025-06-12 21:37:00,35.8
2025-06-12 01:47:00,3.6
2025-06-12 16:06:00,57.4
2025-06-12 17:17:00,91.1
2025-06-12 08:29:00,14.7
2025-06-12 18:45:00,56.4
2025-06-12 23:25:00,96.2
2025-06-12 13:53:00,77.2
2025-06-12 20:03:00,71.0
2025-06-12 05:41:00,7.4
2025-06-12 13:25:00,61.6
2025-06-12 04:35:00,54.0
2025-06-12 19:18:00,57.0
2025-06-12 17:02:00,17.2
2025-06-12 09:40:00,11.5
2025-06-12 18:55:00,17.8
2025-06-12 13:45:00,26.7
2025-06-12 09:33:00,38.9
2025-06-12 14:30:00,49.44888862615275
2025-06-12 16:20:00,48.7
2025-06-12 17:43:00,87.0
2025-06-12 10:03:00,6.7
2025-06-12 10:04:00,58.6
2025-06-12 04:54:00,75.5
2025-06-12 14:14:00,57.8
2025-06-12 11:13:00,81.8
2025-06-12 03:42:00,5.3
2025-06-12 17:18:00,37.1
2025-06-12 22:27:00,49.44888862615275
2025-06-12 02:47:00,38.1
2025-06-12 00:08:00,64.5
2025-06-12 11:45:00,49.44888862615275
2025-06-12 14:15:00,49.7
2025-06-12 03:56:00,32.9
2025-06-12 13:02:00,22.9
2025-06-12 07:47:00,36.0
2025-06-12 15:15:00,51.2
2025-06-12 02:43:00,42.5
2025-06-12 19:47:00,53.6
2025-06-12 21:55:00,39.0
2025-06-12 00:47:00,56.3
2025-06-12 14:58:00,14.8
2025-06-12 05:33:00,54.2
2025-06-12 12:54:00,99.3
2025-06-12 05:00:00,2.6
2025-06-12 21:54:00,43.0
2025-06-12 16:23:00,6.4
2025-06-12 00:58:00,49.44888862615275
2025-06-12 07:04:00,71.3
2025-06-12 16:22:00,30.7
2025-06-12 10:45:00,97.8
2025-06-12 13:09:00,17.6
2025-06-12 17:19:00,56.8
2025-06-12 22:02:00,23.6
2025-06-12 05:48:00,62.3
2025-06-12 02:26:00,25.5
2025-06-12 18:01:00,75.8
2025-06-12 17:07:00,24.2
2025-06-12 15:16:00,78.4
2025-06-12 21:28:00,57.6
2025-06-12 14:57:00,25.0
2025-06-12 12:40:00,49.44888862615275
2025-06-12 12:42:00,87.3
2025-06-12 18:57:00,49.44888862615275
2025-06-12 10:05:00,49.44888862615275
2025-06-12 10:47:00,49.44888862615275
2025-06-12 19:40:00,4.9
2025-06-12 10:36:00,49.44888862615275
2025-06-12 14:33:00,81.1
2025-06-12 07:45:00,89.3
2025-06-12 04:48:00,61.0
2025-06-12 04:55:00,17.1
2025-06-12 06:08:00,32.2
2025-06-12 16:46:00,28.4
2025-06-12 09:05:00,0.0
2025-06-12 15:52:00,13.3
2025-06-12 13:07:00,49.44888862615275
2025-06-12 07:18:00,66.9
2025-06-12 12:49:00,49.44888862615275
2025-06-12 10:24:00,40.3
2025-06-12 13:18:00,49.44888862615275
2025-06-12 20:26:00,77.9
2025-06-12 12:22:00,97.2
2025-06-12 22:03:00,56.5
2025-06-12 06:05:00,72.4
2025-06-12 18:30:00,28.6
2025-06-12 22:52:00,86.6
2025-06-12 20:18:00,48.9
2025-06-12 15:49:00,93.6
2025-06-12 23:55:00,14.8
2025-06-12 00:32:00,13.8
2025-06-12 20:15:00,59.4
2025-06-12 10:21:00,49.44888862615275
2025-06-12 07:27:00,49.44888862615275
2025-06-12 03:46:00,94.4
2025-06-12 15:13:00,40.8
2025-06-12 15:20:00,32.3
2025-06-12 18:56:00,27.8
2025-06-12 19:53:00,77.8
2025-06-12 07:09:00,93.8
2025-06-12 14:09:00,2.1
2025-06-12 12:24:00,21.3
2025-06-12 11:50:00,55.8
2025-06-12 22:12:00,7.2
2025-06-12 02:05:00,71.4
2025-06-12 03:39:00,11.9
2025-06-12 21:20:00,85.8
2025-06-12 05:25:00,69.2
2025-06-12 02:24:00,50.6
2025-06-12 06:51:00,77.1
2025-06-12 03:53:00,42.9
2025-06-12 08:31:00,25.0
2025-06-12 12:03:00,49.44888862615275
2025-06-12 20:04:00,34.4
2025-06-12 06:42:00,91.2
2025-06-12 14:42:00,8.0
2025-06-12 10:25:00,1.9
2025-06-12 20:52:00,0.7
2025-06-12 15:45:00,53.3
2025-06-12 20:36:00,58.7
2025-06-12 22:21:00,52.2
2025-06-12 04:57:00,49.44888862615275
2025-06-12 23:06:00,24.6
2025-06-12 21:49:00,35.9
2025-06-12 14:49:00,69.7
2025-06-12 23:53:00,67.8
2025-06-12 06:49:00,57.3
2025-06-12 14:34:00,77.3
2025-06-12 09:49:00,49.44888862615275
2025-06-12 11:35:00,43.0
2025-06-12 09:00:00,49.44888862615275
2025-06-12 13:35:00,78.3
2025-06-12 13:12:00,55.7
2025-06-12 20:39:00,44.3
2025-06-12 14:02:00,10.2
2025-06-12 19:01:00,4.7
2025-06-12 18:37:00,80.9
2025-06-12 06:53:00,99.4
2025-06-12 23:37:00,37.2
2025-06-12 01:45:00,44.7
2025-06-12 13:56:00,14.7
2025-06-12 07:33:00,50.4
2025-06-12 12:41:00,85.4
2025-06-12 13:20:00,5.5
2025-06-12 22:06:00,87.7
2025-06-12 11:42:00,49.44888862615275
2025-06-12 01:50:00,53.1
2025-06-12 17:57:00,49.44888862615275
2025-06-12 01:06:00,49.44888862615275
2025-06-12 07:38:00,38.4
2025-06-12 21:04:00,39.8
2025-06-12 09:18:00,55.1
2025-06-12 11:53:00,51.3
2025-06-12 14:29:00,26.0
2025-06-12 06:12:00,98.2
2025-06-12 20:38:00,14.1
2025-06-12 03:28:00,49.44888862615275
2025-06-12 07:56:00,98.0
2025-06-12 00:11:00,86.1
2025-06-12 11:20:00,83.4
2025-06-12 17:33:00,49.44888862615275
2025-06-12 19:37:00,61.3
2025-06-12 03:17:00,26.8
2025-06-12 00:49:00,60.1
2025-06-12 14:00:00,3.2
2025-06-12 21:01:00,64.9
2025-06-12 14:37:00,77.3
2025-06-12 00:53:00,49.44888862615275
2025-06-12 19:55:00,22.9
2025-06-12 19:32:00,33.2
2025-06-12 16:42:00,49.44888862615275
2025-06-12 16:36:00,84.1
2025-06-12 22:55:00,95.4
2025-06-12 17:52:00,72.5
2025-06-12 10:06:00,70.6
2025-06-12 07:38:00,96.9
2025-06-12 03:25:00,58.7
2025-06-12 15:23:00,59.1
2025-06-12 22:26:00,34.5
2025-06-12 12:00:00,92.6
2025-06-12 15:26:00,91.5
2025-06-12 02:09:00,85.1
2025-06-12 01:06:00,57.1
2025-06-12 02:27:00,55.4
2025-06-12 22:45:00,76.1
2025-06-12 04:33:00,11.2
2025-06-12 14:42:00,87.7
2025-06-12 03:13:00,47.9
2025-06-12 08:49:00,8.0
2025-06-12 02:51:00,23.5
2025-06-12 05:17:00,84.4
2025-06-12 07:35:00,66.3
2025-06-12 11:04:00,92.9
2025-06-12 18:58:00,45.5
2025-06-12 09:51:00,98.6
2025-06-12 08:12:00,98.8
2025-06-12 06:03:00,49.953150620754265
2025-06-12 00:04:00,16.0
2025-06-12 00:22:00,96.9
2025-06-12 21:40:00,49.953150620754265
2025-06-12 03:36:00,1.2
2025-06-12 11:39:00,64.0
2025-06-12 09:39:00,85.2
2025-06-12 05:41:00,62.4
2025-06-12 15:12:00,49.953150620754265
2025-06-12 22:51:00,31.8
2025-06-12 12:37:00,22.2
2025-06-12 02:06:00,47.4
2025-06-12 09:11:00,7.5
2025-06-12 19:24:00,35.7
2025-06-12 13:24:00,70.2
2025-06-12 19:36:00,77.4
2025-06-12 10:37:00,46.7
2025-06-12 05:54:00,49.953150620754265
2025-06-12 17:03:00,63.2
2025-06-12 22:14:00,39.9
2025-06-12 07:59:00,18.7
2025-06-12 10:24:00,23.6
2025-06-12 14:09:00,48.4
2025-06-12 03:38:00,63.8
2025-06-12 17:39:00,83.4
2025-06-12 01:19:00,49.953150620754265
2025-06-12 16:56:00,38.0
2025-06-12 18:23:00,24.6
2025-06-12 03:09:00,49.953150620754265
2025-06-12 07:32:00,57.5
2025-06-12 23:41:00,52.2
2025-06-12 14:03:00,32.5
2025-06-12 21:18:00,28.8
2025-06-12 12:13:00,74.6
2025-06-12 00:13:00,90.1
2025-06-12 13:03:00,45.7
2025-06-12 23:04:00,40.7
2025-06-12 23:14:00,71.4
2025-06-12 01:51:00,49.953150620754265
2025-06-12 07:06:00,49.953150620754265
2025-06-12 15:18:00,71.8
2025-06-12 20:00:00,94.7
2025-06-12 07:49:00,24.3
2025-06-12 05:50:00,1.9
2025-06-12 16:53:00,83.9
2025-06-12 20:50:00,36.0
2025-06-12 23:32:00,1.4
2025-06-12 06:47:00,87.2
2025-06-12 16:00:00,68.6
2025-06-12 00:33:00,73.7
2025-06-12 18:12:00,99.0
2025-06-12 01:17:00,98.2
2025-06-12 21:00:00,67.6
2025-06-12 08:32:00,30.6
2025-06-12 15:59:00,97.8
2025-06-12 20:25:00,26.8
2025-06-12 19:25:00,49.953150620754265
2025-06-12 18:32:00,1.5
2025-06-12 16:37:00,99.5
2025-06-12 17:44:00,21.2
2025-06-12 22:30:00,61.1
2025-06-12 04:02:00,98.9
2025-06-12 11:34:00,60.1
2025-06-12 12:58:00,53.0
2025-06-12 04:50:00,73.9
2025-06-12 18:40:00,74.7
2025-06-12 15:15:00,3.5
2025-06-12 05:19:00,18.5
2025-06-12 05:45:00,21.8
2025-06-12 18:10:00,77.3
2025-06-12 09:17:00,52.9
2025-06-12 15:37:00,6.8
2025-06-12 10:58:00,94.1
2025-06-12 23:31:00,76.8
2025-06-12 12:43:00,99.9
2025-06-12 13:56:00,13.9
2025-06-12 09:12:00,4.7
2025-06-12 12:32:00,93.0
2025-06-12 19:49:00,49.953150620754265
2025-06-12 22:41:00,14.5
2025-06-12 08:16:00,51.1
2025-06-12 00:41:00,82.8
2025-06-12 13:38:00,21.6
2025-06-12 08:19:00,91.5
2025-06-12 20:10:00,100.0
2025-06-12 05:03:00,16.1
2025-06-12 23:03:00,16.7
2025-06-12 03:48:00,68.9
2025-06-12 20:01:00,9.3
2025-06-12 19:06:00,82.0
2025-06-12 06:21:00,49.953150620754265
2025-06-12 17:43:00,91.8
2025-06-12 07:23:00,55.3
2025-06-12 12:07:00,94.0
2025-06-12 10:09:00,3.2
2025-06-12 10:08:00,49.953150620754265
2025-06-12 05:24:00,49.953150620754265
2025-06-12 03:24:00,58.6
2025-06-12 11:36:00,68.0
2025-06-12 06:23:00,78.5
2025-06-12 22:20:00,61.6
2025-06-12 07:19:00,49.953150620754265
2025-06-12 07:00:00,6.1
2025-06-12 16:44:00,15.9
2025-06-12 07:58:00,24.1
2025-06-12 16:21:00,8.3
2025-06-12 10:38:00,49.953150620754265
2025-06-12 15:50:00,60.9
2025-06-12 13:45:00,20.0
2025-06-12 01:37:00,94.0
2025-06-12 00:36:00,71.1
2025-06-12 17:02:00,31.1
2025-06-12 02:00:00,92.8
2025-06-12 19:16:00,69.8
2025-06-12 01:21:00,12.8
2025-06-12 13:26:00,5.8
2025-06-12 22:13:00,7.1
2025-06-12 12:09:00,33.1
2025-06-12 09:34:00,49.953150620754265
2025-06-12 03:18:00,46.7
2025-06-12 19:40:00,62.2
2025-06-12 00:35:00,46.7
2025-06-12 06:30:00,85.4
2025-06-12 21:54:00,35.8
2025-06-12 09:36:00,49.953150620754265
2025-06-12 13:47:00,64.1
2025-06-12 21:59:00,6.0
2025-06-12 23:35:00,49.953150620754265
2025-06-12 08:28:00,24.8
2025-06-12 01:22:00,47.9
2025-06-12 07:43:00,56.1
2025-06-12 01:16:00,12.0
2025-06-12 16:07:00,49.0
2025-06-12 19:27:00,8.6
2025-06-12 07:29:00,56.2
2025-06-12 19:15:00,49.953150620754265
2025-06-12 01:10:00,22.9
2025-06-12 06:52:00,7.8
2025-06-12 08:55:00,10.8
2025-06-12 14:14:00,21.9
2025-06-12 06:29:00,50.2
2025-06-12 04:49:00,77.6
2025-06-12 08:38:00,49.953150620754265
2025-06-12 13:41:00,82.7
2025-06-12 07:31:00,77.0
2025-06-12 01:48:00,45.8
2025-06-12 04:21:00,51.9
2025-06-12 07:30:00,19.5
2025-06-12 00:57:00,49.953150620754265
2025-06-12 10:01:00,93.3
2025-06-12 19:55:00,56.1
2025-06-12 18:37:00,41.9
2025-06-12 23:09:00,57.1
2025-06-12 10:25:00,37.5
2025-06-12 08:02:00,53.4
2025-06-12 03:30:00,20.0
2025-06-12 19:32:00,54.4
2025-06-12 13:35:00,74.9
2025-06-12 22:19:00,21.4
2025-06-12 15:00:00,7.7
2025-06-12 07:10:00,57.7
2025-06-12 14:31:00,53.1
2025-06-12 16:59:00,14.9
2025-06-12 12:57:00,49.953150620754265
2025-06-12 21:52:00,34.1
2025-06-12 06:27:00,10.2
2025-06-12 10:48:00,49.953150620754265
2025-06-12 18:24:00,52.6
2025-06-12 06:36:00,33.9
2025-06-12 06:05:00,49.953150620754265
2025-06-12 21:14:00,15.0
2025-06-12 04:06:00,42.0
2025-06-12 09:27:00,56.3
2025-06-12 19:23:00,46.0
2025-06-12 01:26:00,76.0
2025-06-12 04:12:00,68.2
2025-06-12 02:08:00,42.9
2025-06-12 12:55:00,21.2
2025-06-12 21:31:00,75.7
2025-06-12 15:38:00,49.953150620754265
2025-06-12 19:58:00,86.5
2025-06-12 14:02:00,92.6
2025-06-12 18:29:00,90.4
2025-06-12 00:28:00,77.0
2025-06-12 14:40:00,39.2
2025-06-12 13:21:00,0.6
2025-06-12 13:39:00,36.1
2025-06-12 22:23:00,79.8
2025-06-12 16:35:00,8.7
2025-06-12 20:28:00,49.953150620754265
2025-06-12 10:23:00,33.5
2025-06-12 01:27:00,49.953150620754265
2025-06-12 05:35:00,82.8
2025-06-12 03:51:00,41.9
2025-06-12 21:17:00,49.953150620754265
2025-06-12 06:58:00,75.0
2025-06-12 09:48:00,53.9
2025-06-12 21:25:00,49.953150620754265
2025-06-12 06:09:00,86.5
2025-06-12 20:23:00,56.1
2025-06-12 12:19:00,76.2
2025-06-12 11:53:00,59.8
2025-06-12 14:21:00,19.8
2025-06-12 17:22:00,93.2
2025-06-12 22:58:00,92.5
2025-06-12 00:39:00,50.1
2025-06-12 13:14:00,8.9
2025-06-12 01:11:00,66.1
2025-06-12 02:44:00,25.7
2025-06-12 14:36:00,77.6
2025-06-12 22:43:00,49.953150620754265
2025-06-12 20:52:00,89.9
2025-06-12 04:47:00,49.953150620754265
2025-06-12 02:10:00,80.1
2025-06-12 05:42:00,49.953150620754265
2025-06-12 11:32:00,2.2
2025-06-12 07:26:00,8.2
2025-06-12 02:03:00,49.953150620754265
2025-06-12 05:15:00,26.4
2025-06-12 10:42:00,10.3
2025-06-12 04:08:00,73.0
2025-06-12 09:15:00,54.8
2025-06-12 15:13:00,52.6
2025-06-12 09:22:00,97.6
2025-06-12 05:08:00,76.9
2025-06-12 05:43:00,34.3
2025-06-12 18:18:00,55.8
2025-06-12 22:09:00,63.3
2025-06-12 16:40:00,49.953150620754265
2025-06-12 14:49:00,49.953150620754265
2025-06-12 19:19:00,15.4
2025-06-12 19:28:00,91.1
2025-06-12 03:52:00,6.9
2025-06-12 10:56:00,13.8
2025-06-12 05:30:00,28.1
2025-06-12 09:52:00,13.3
2025-06-12 01:04:00,49.953150620754265
2025-06-12 06:57:00,2.5
2025-06-12 02:17:00,49.953150620754265
2025-06-12 07:16:00,64.4
2025-06-12 14:24:00,79.8
2025-06-12 04:29:00,93.3
2025-06-12 07:22:00,40.3
2025-06-12 11:13:00,79.8
2025-06-12 17:45:00,77.7
2025-06-12 13:55:00,61.7
2025-06-12 04:30:00,52.1
2025-06-12 04:15:00,49.953150620754265
2025-06-12 04:38:00,69.0
2025-06-12 23:28:00,74.8
2025-06-12 05:47:00,46.2
2025-06-12 02:42:00,27.6
2025-06-12 17:26:00,93.9
2025-06-12 07:56:00,14.5
2025-06-12 14:25:00,9.2
2025-06-12 06:53:00,27.1
2025-06-12 01:18:00,9.7
2025-06-12 07:13:00,49.953150620754265
2025-06-12 05:37:00,16.9
2025-06-12 21:49:00,16.5
2025-06-12 19:34:00,83.0
2025-06-12 06:42:00,49.953150620754265
2025-06-12 14:28:00,19.5
2025-06-12 02:34:00,21.5
2025-06-12 07:20:00,1.1
2025-06-12 03:11:00,74.8
2025-06-12 08:47:00,1.7
2025-06-12 16:57:00,59.3
2025-06-12 00:18:00,20.1
2025-06-12 23:15:00,49.58899212042808
2025-06-12 17:14:00,6.3
2025-06-12 00:09:00,49.58899212042808
2025-06-12 17:55:00,45.9
2025-06-12 21:38:00,73.6
2025-06-12 09:18:00,34.0
2025-06-12 05:12:00,40.6
2025-06-12 13:03:00,3.4
2025-06-12 03:36:00,5.0
2025-06-12 00:20:00,39.7
2025-06-12 06:29:00,49.58899212042808
2025-06-12 12:00:00,26.4
2025-06-12 02:58:00,74.1
2025-06-12 06:45:00,10.0
2025-06-12 20:26:00,29.6
2025-06-12 04:43:00,87.2
2025-06-12 03:27:00,49.9
2025-06-12 09:48:00,63.1
2025-06-12 19:00:00,49.58899212042808
2025-06-12 01:33:00,29.5
2025-06-12 18:25:00,49.58899212042808
2025-06-12 08:02:00,25.1
2025-06-12 02:54:00,65.6
2025-06-12 11:38:00,6.3
2025-06-12 02:40:00,81.1
2025-06-12 04:30:00,67.9
2025-06-12 10:24:00,49.58899212042808
2025-06-12 13:55:00,24.8
2025-06-12 08:47:00,49.58899212042808
2025-06-12 01:37:00,43.6
2025-06-12 09:08:00,7.0
2025-06-12 23:50:00,98.5
2025-06-12 19:56:00,98.4
2025-06-12 01:47:00,76.6
2025-06-12 13:12:00,39.6
2025-06-12 18:08:00,45.6
2025-06-12 11:06:00,38.5
2025-06-12 14:38:00,49.58899212042808
2025-06-12 22:50:00,9.3
2025-06-12 08:30:00,65.5
2025-06-12 01:53:00,49.58899212042808
2025-06-12 00:55:00,57.1
2025-06-12 23:33:00,71.5
2025-06-12 11:24:00,73.9
2025-06-12 15:09:00,85.2
2025-06-12 17:30:00,21.9
2025-06-12 01:23:00,35.9
2025-06-12 20:01:00,72.9
2025-06-12 07:33:00,15.5
2025-06-12 05:09:00,49.58899212042808
2025-06-12 06:52:00,11.4
2025-06-12 08:16:00,59.4
2025-06-12 16:35:00,49.58899212042808
2025-06-12 09:14:00,50.9
2025-06-12 23:09:00,47.7
2025-06-12 10:49:00,74.3
2025-06-12 09:33:00,31.8
2025-06-12 07:54:00,80.8
2025-06-12 08:39:00,34.1
2025-06-12 02:03:00,72.7
2025-06-12 18:33:00,70.1
2025-06-12 10:20:00,91.6
2025-06-12 10:27:00,86.6
2025-06-12 06:56:00,68.2
2025-06-12 11:33:00,40.8
2025-06-12 07:12:00,45.9
2025-06-12 05:28:00,52.8
2025-06-12 12:47:00,45.3
2025-06-12 01:39:00,96.5
2025-06-12 10:59:00,79.6
2025-06-12 20:45:00,19.2
2025-06-12 03:50:00,49.58899212042808
2025-06-12 14:37:00,44.3
2025-06-12 11:07:00,49.58899212042808
2025-06-12 01:55:00,99.3
2025-06-12 10:02:00,85.0
2025-06-12 07:19:00,81.1
2025-06-12 00:57:00,83.6
2025-06-12 10:46:00,53.9
2025-06-12 09:30:00,49.8
2025-06-12 15:32:00,83.5
2025-06-12 01:50:00,32.4
2025-06-12 11:35:00,20.6
2025-06-12 07:29:00,44.1
2025-06-12 22:47:00,97.8
2025-06-12 23:19:00,24.4
2025-06-12 09:02:00,42.5
2025-06-12 19:47:00,49.58899212042808
2025-06-12 17:11:00,49.58899212042808
2025-06-12 01:38:00,8.7
2025-06-12 02:09:00,3.9
2025-06-12 06:08:00,61.2
2025-06-12 08:53:00,49.58899212042808
2025-06-12 18:19:00,99.6
2025-06-12 16:55:00,25.2
2025-06-12 23:45:00,24.8
2025-06-12 17:33:00,20.4
2025-06-12 21:51:00,66.4
2025-06-12 23:38:00,49.58899212042808
2025-06-12 14:05:00,68.2
2025-06-12 20:05:00,49.58899212042808
2025-06-12 16:30:00,84.5
2025-06-12 16:03:00,32.6
2025-06-12 04:50:00,12.4
2025-06-12 08:09:00,26.4
2025-06-12 22:07:00,49.58899212042808
2025-06-12 04:42:00,30.2
2025-06-12 08:00:00,36.5
2025-06-12 09:22:00,99.7
2025-06-12 17:37:00,28.7
2025-06-12 21:58:00,68.8
2025-06-12 20:37:00,35.6
2025-06-12 21:07:00,66.9
2025-06-12 09:39:00,74.8
2025-06-12 18:32:00,86.5
2025-06-12 13:18:00,29.1
2025-06-12 06:42:00,89.9
2025-06-12 17:04:00,76.8
2025-06-12 01:15:00,16.2
2025-06-12 07:59:00,59.5
2025-06-12 08:20:00,21.5
2025-06-12 04:49:00,74.5
2025-06-12 09:44:00,34.4
2025-06-12 00:25:00,76.6
2025-06-12 01:24:00,49.58899212042808
2025-06-12 00:59:00,49.58899212042808
2025-06-12 18:05:00,1.1
2025-06-12 21:19:00,49.58899212042808
2025-06-12 18:26:00,73.1
2025-06-12 07:24:00,62.0
2025-06-12 14:15:00,18.4
2025-06-12 14:49:00,0.1
2025-06-12 04:06:00,71.7
2025-06-12 11:55:00,49.0
2025-06-12 16:17:00,84.5
2025-06-12 16:41:00,57.5
2025-06-12 06:19:00,43.6
2025-06-12 18:47:00,97.1
2025-06-12 14:43:00,28.9
2025-06-12 13:48:00,11.8
2025-06-12 16:13:00,78.6
2025-06-12 23:12:00,49.58899212042808
2025-06-12 23:55:00,48.9
2025-06-12 17:42:00,17.5
2025-06-12 19:38:00,75.4
2025-06-12 05:13:00,58.5
2025-06-12 19:03:00,95.1
2025-06-12 16:40:00,55.3
2025-06-12 21:42:00,46.2
2025-06-12 23:35:00,40.1
2025-06-12 19:43:00,35.2
2025-06-12 09:40:00,16.6
2025-06-12 17:47:00,51.6
2025-06-12 14:29:00,96.0
2025-06-12 22:36:00,49.58899212042808
2025-06-12 14:33:00,12.8
2025-06-12 10:04:00,79.5
2025-06-12 07:50:00,80.0
2025-06-12 12:07:00,93.2
2025-06-12 04:58:00,49.58899212042808
2025-06-12 22:03:00,28.6
2025-06-12 03:16:00,19.6
2025-06-12 23:08:00,83.8
2025-06-12 15:08:00,89.9
2025-06-12 16:20:00,57.5
2025-06-12 02:07:00,86.4
2025-06-12 20:39:00,71.8
2025-06-12 02:06:00,6.9
2025-06-12 13:21:00,62.8
2025-06-12 20:12:00,92.2
2025-06-12 17:05:00,37.2
2025-06-12 07:04:00,51.6
2025-06-12 18:20:00,13.0
2025-06-12 17:06:00,71.8
2025-06-12 02:57:00,58.7
2025-06-12 18:13:00,49.58899212042808
2025-06-12 08:55:00,97.3
2025-06-12 07:49:00,88.5
2025-06-12 12:33:00,75.6
2025-06-12 23:00:00,49.58899212042808
2025-06-12 17:51:00,37.0
2025-06-12 22:14:00,63.9
2025-06-12 21:35:00,11.1
2025-06-12 05:03:00,33.9
2025-06-12 17:15:00,22.1
2025-06-12 21:28:00,49.58899212042808
2025-06-12 14:22:00,68.8
2025-06-12 10:00:00,47.7
2025-06-12 13:37:00,93.9
2025-06-12 01:20:00,20.2
2025-06-12 22:41:00,92.4
2025-06-12 08:40:00,3.4
2025-06-12 05:53:00,27.6
2025-06-12 16:37:00,64.8
2025-06-12 11:49:00,96.7
2025-06-12 10:52:00,100.0
2025-06-12 03:37:00,49.58899212042808
2025-06-12 23:27:00,49.58899212042808
2025-06-12 03:07:00,35.2
2025-06-12 21:23:00,1.9
2025-06-12 16:51:00,7.0
2025-06-12 18:39:00,81.2
2025-06-12 23:51:00,9.3
2025-06-12 00:17:00,82.2
2025-06-12 14:40:00,19.0
2025-06-12 02:36:00,93.4
2025-06-12 07:42:00,49.58899212042808
2025-06-12 07:20:00,6.8
2025-06-12 19:08:00,22.9
2025-06-12 16:43:00,84.2
2025-06-12 17:08:00,3.2
2025-06-12 16:42:00,45.4
2025-06-12 07:41:00,23.6
2025-06-12 18:48:00,72.3
2025-06-12 06:39:00,52.8
2025-06-12 01:58:00,78.8
2025-06-12 18:53:00,30.3
2025-06-12 07:37:00,95.2
2025-06-12 17:50:00,49.58899212042808
2025-06-12 15:51:00,25.8
2025-06-12 04:32:00,41.7
2025-06-12 03:19:00,48.1
2025-06-12 23:53:00,56.1
2025-06-12 07:56:00,98.8
2025-06-12 06:02:00,25.8
2025-06-12 21:26:00,55.5
2025-06-12 15:07:00,49.58899212042808
2025-06-12 02:41:00,53.1
2025-06-12 12:34:00,49.58899212042808
2025-06-12 00:28:00,40.6
2025-06-12 13:01:00,16.9
2025-06-12 12:05:00,49.58899212042808
2025-06-12 01:51:00,97.5
2025-06-12 04:51:00,35.8
2025-06-12 15:19:00,70.6
2025-06-12 01:30:00,49.58899212042808
2025-06-12 05:10:00,60.8
2025-06-12 19:10:00,12.0
2025-06-12 00:29:00,95.7
2025-06-12 05:57:00,46.5
2025-06-12 23:11:00,7.3
2025-06-12 21:37:00,61.8
2025-06-12 23:04:00,15.9
2025-06-12 17:02:00,41.9
2025-06-12 19:54:00,67.6
2025-06-12 00:31:00,89.9
2025-06-12 19:11:00,49.58899212042808
2025-06-12 04:04:00,97.8
2025-06-12 18:04:00,83.1
2025-06-12 03:05:00,49.58899212042808
2025-06-12 03:22:00,70.7
2025-06-12 03:46:00,32.5
2025-06-12 04:33:00,96.3
2025-06-12 01:21:00,23.1
2025-06-12 11:15:00,43.0
2025-06-12 01:28:00,23.5
2025-06-12 21:36:00,49.58899212042808
2025-06-12 20:50:00,65.8
2025-06-12 02:21:00,73.2
2025-06-12 02:25:00,85.9
2025-06-12 02:42:00,73.9
2025-06-12 19:53:00,97.3
2025-06-12 02:08:00,4.0
2025-06-12 23:25:00,49.2
2025-06-12 21:53:00,20.2
2025-06-12 02:23:00,21.7
2025-06-12 22:05:00,65.5
2025-06-12 20:27:00,16.3
2025-06-12 08:35:00,26.7
2025-06-12 13:00:00,89.8
2025-06-12 06:41:00,11.1
2025-06-12 11:31:00,33.7
2025-06-12 10:41:00,92.7
2025-06-12 22:51:00,49.1
2025-06-12 00:10:00,86.9
2025-06-12 13:22:00,66.0
2025-06-12 03:38:00,49.58899212042808
2025-06-12 20:42:00,49.58899212042808
2025-06-12 00:14:00,26.7
2025-06-12 04:16:00,79.3
2025-06-12 19:20:00,67.8
2025-06-12 13:31:00,79.9
2025-06-12 21:15:00,74.1
2025-06-12 19:39:00,38.7
2025-06-12 10:47:00,49.58899212042808
2025-06-12 01:11:00,60.7
2025-06-12 05:56:00,81.7
2025-06-12 04:26:00,69.3
2025-06-12 11:26:00,32.2
2025-06-12 06:27:00,47.8
2025-06-12 22:42:00,25.1
2025-06-12 12:46:00,26.2
2025-06-12 22:24:00,23.3
2025-06-12 21:01:00,47.7
2025-06-12 13:39:00,15.8
2025-06-12 20:33:00,14.5
2025-06-12 06:49:00,59.2
2025-06-12 00:41:00,7.1
2025-06-12 23:34:00,92.0
2025-06-12 00:39:00,58.1
2025-06-12 21:52:00,89.0
2025-06-12 00:12:00,67.3
2025-06-12 17:40:00,66.2
2025-06-12 21:40:00,37.9
2025-06-12 19:02:00,93.4
2025-06-12 08:28:00,90.6
2025-06-12 01:07:00,42.4
2025-06-12 08:06:00,86.4
2025-06-12 08:44:00,56.0
2025-06-12 11:42:00,70.3
2025-06-12 06:06:00,83.3
2025-06-12 00:34:00,54.6
2025-06-12 06:05:00,87.9
2025-06-12 02:16:00,20.6
2025-06-12 03:29:00,91.8
2025-06-12 05:58:00,49.58899212042808
2025-06-12 19:36:00,24.2
2025-06-12 23:56:00,56.7
2025-06-12 10:21:00,24.5
2025-06-12 07:08:00,0.2
2025-06-12 19:50:00,61.0
2025-06-12 03:02:00,21.2
2025-06-12 07:05:00,58.2
2025-06-12 20:58:00,88.1
2025-06-12 05:05:00,12.3
2025-06-12 09:49:00,50.2977004785806
2025-06-12 15:19:00,60.3
2025-06-12 14:30:00,71.4
2025-06-12 00:44:00,37.2
2025-06-12 21:24:00,37.9
2025-06-12 01:49:00,24.3
2025-06-12 23:46:00,60.7
2025-06-12 12:56:00,81.2
2025-06-12 21:52:00,65.8
2025-06-12 18:40:00,41.7
2025-06-12 05:08:00,37.0
2025-06-12 08:39:00,89.5
2025-06-12 02:27:00,97.8
2025-06-12 08:45:00,50.2977004785806
2025-06-12 10:38:00,20.6
2025-06-12 00:29:00,60.8
2025-06-12 10:57:00,17.7
2025-06-12 10:14:00,55.6
2025-06-12 23:44:00,80.5
2025-06-12 14:59:00,64.8
2025-06-12 22:53:00,45.3
2025-06-12 14:22:00,34.5
2025-06-12 19:23:00,60.2
2025-06-12 15:24:00,17.9
2025-06-12 05:00:00,22.8
2025-06-12 21:08:00,33.8
2025-06-12 11:15:00,75.4
2025-06-12 22:48:00,50.2977004785806
2025-06-12 09:56:00,50.2977004785806
2025-06-12 00:18:00,94.5
2025-06-12 22:17:00,68.7
2025-06-12 06:22:00,17.0
2025-06-12 21:55:00,61.4
2025-06-12 12:36:00,56.8
2025-06-12 18:51:00,50.2977004785806
2025-06-12 21:54:00,50.2977004785806
2025-06-12 23:49:00,28.2
2025-06-12 18:06:00,64.0
2025-06-12 22:46:00,55.5
2025-06-12 16:14:00,50.2977004785806
2025-06-12 05:20:00,77.9
2025-06-12 12:48:00,62.6
2025-06-12 03:07:00,10.8
2025-06-12 09:10:00,57.0
2025-06-12 13:07:00,72.6
2025-06-12 02:04:00,31.9
2025-06-12 09:44:00,66.7
2025-06-12 09:42:00,80.1
2025-06-12 16:13:00,50.2977004785806
2025-06-12 19:49:00,35.2
2025-06-12 21:06:00,30.3
2025-06-12 08:43:00,20.4
2025-06-12 05:10:00,41.0
2025-06-12 05:09:00,46.6
2025-06-12 14:51:00,1.5
2025-06-12 14:09:00,32.1
2025-06-12 18:00:00,92.7
2025-06-12 20:05:00,18.7
2025-06-12 20:09:00,26.0
2025-06-12 08:13:00,49.8
2025-06-12 12:34:00,92.7
2025-06-12 23:10:00,50.2977004785806
2025-06-12 02:43:00,32.6
2025-06-12 01:19:00,74.6
2025-06-12 06:55:00,51.9
2025-06-12 08:35:00,99.8
2025-06-12 01:46:00,80.6
2025-06-12 03:37:00,65.8
2025-06-12 06:18:00,35.0
2025-06-12 19:31:00,2.6
2025-06-12 10:15:00,88.6
2025-06-12 12:17:00,50.3
2025-06-12 19:41:00,71.4
2025-06-12 13:09:00,11.7
2025-06-12 02:44:00,20.4
2025-06-12 21:16:00,98.7
2025-06-12 17:04:00,10.7
2025-06-12 07:14:00,71.1
2025-06-12 09:40:00,50.2977004785806
2025-06-12 14:10:00,64.3
2025-06-12 17:53:00,50.2977004785806
2025-06-12 19:30:00,39.9
2025-06-12 20:02:00,92.7
2025-06-12 03:09:00,21.3
2025-06-12 01:05:00,94.6
2025-06-12 02:48:00,66.6
2025-06-12 18:32:00,38.6
2025-06-12 13:12:00,50.9
2025-06-12 06:59:00,1.1
2025-06-12 16:41:00,19.1
2025-06-12 14:17:00,65.3
2025-06-12 09:07:00,50.2977004785806
2025-06-12 10:46:00,38.0
2025-06-12 00:55:00,85.1
2025-06-12 20:44:00,1.8
2025-06-12 09:33:00,18.5
2025-06-12 09:54:00,61.9
2025-06-12 00:00:00,50.2977004785806
2025-06-12 12:35:00,77.8
2025-06-12 04:58:00,97.0
2025-06-12 12:06:00,69.1
2025-06-12 12:54:00,50.2977004785806
2025-06-12 03:46:00,60.9
2025-06-12 11:57:00,99.1
2025-06-12 10:20:00,35.1
2025-06-12 18:14:00,2.1
2025-06-12 03:16:00,11.8
2025-06-12 03:28:00,66.5
2025-06-12 07:26:00,2.7
2025-06-12 02:58:00,73.0
2025-06-12 08:12:00,29.4
2025-06-12 16:34:00,82.3
2025-06-12 11:01:00,50.2977004785806
2025-06-12 18:49:00,93.3
2025-06-12 03:36:00,29.8
2025-06-12 03:13:00,62.7
2025-06-12 06:20:00,50.2977004785806
2025-06-12 02:22:00,13.6
2025-06-12 06:23:00,64.7
2025-06-12 14:41:00,93.8
2025-06-12 01:29:00,10.5
2025-06-12 21:09:00,11.9
2025-06-12 11:05:00,73.9
2025-06-12 19:06:00,27.2
2025-06-12 23:03:00,9.9
2025-06-12 17:00:00,43.2
2025-06-12 04:30:00,0.4
2025-06-12 22:12:00,40.1
2025-06-12 00:42:00,28.9
2025-06-12 07:42:00,37.2
2025-06-12 18:57:00,47.5
2025-06-12 00:51:00,50.2977004785806
2025-06-12 06:57:00,16.9
2025-06-12 12:52:00,51.7
2025-06-12 00:20:00,73.5
2025-06-12 06:53:00,89.0
2025-06-12 06:40:00,62.7
2025-06-12 23:14:00,98.2
2025-06-12 15:12:00,82.6
2025-06-12 17:01:00,25.6
2025-06-12 21:58:00,10.2
2025-06-12 12:02:00,98.5
2025-06-12 16:31:00,34.5
2025-06-12 02:36:00,70.3
2025-06-12 19:48:00,70.9
2025-06-12 04:41:00,32.0
2025-06-12 03:03:00,90.8
2025-06-12 17:33:00,14.5
2025-06-12 16:39:00,98.2
2025-06-12 02:05:00,19.6
2025-06-12 01:22:00,68.6
2025-06-12 13:05:00,11.4
2025-06-12 09:09:00,36.6
2025-06-12 19:22:00,11.8
2025-06-12 20:34:00,61.4
2025-06-12 11:18:00,61.8
2025-06-12 16:47:00,35.2
2025-06-12 10:07:00,90.4
2025-06-12 13:42:00,99.7
2025-06-12 16:04:00,3.8
2025-06-12 06:10:00,95.0
2025-06-12 15:11:00,96.1
2025-06-12 21:10:00,50.2977004785806
2025-06-12 15:02:00,65.0
2025-06-12 09:22:00,9.7
2025-06-12 23:39:00,50.2977004785806
2025-06-12 03:32:00,50.2977004785806
2025-06-12 23:57:00,91.6
2025-06-12 10:06:00,79.8
2025-06-12 04:50:00,65.9
2025-06-12 00:49:00,58.6
2025-06-12 22:02:00,98.2
2025-06-12 15:47:00,92.5
2025-06-12 00:19:00,13.2
2025-06-12 09:00:00,68.7
2025-06-12 01:54:00,54.2
2025-06-12 09:32:00,50.2977004785806
2025-06-12 22:07:00,50.2977004785806
2025-06-12 23:28:00,7.4
2025-06-12 22:41:00,78.2
2025-06-12 14:52:00,84.0
2025-06-12 03:04:00,37.7
2025-06-12 18:21:00,93.6
2025-06-12 13:44:00,16.3
2025-06-12 21:15:00,5.0
2025-06-12 14:11:00,21.0
2025-06-12 23:22:00,30.1
2025-06-12 17:24:00,4.9
2025-06-12 08:16:00,72.6
2025-06-12 04:22:00,50.2977004785806
2025-06-12 21:50:00,59.0
2025-06-12 12:28:00,61.4
2025-06-12 06:45:00,50.2977004785806
2025-06-12 15:21:00,58.8
2025-06-12 11:47:00,50.2977004785806
2025-06-12 17:22:00,82.4
2025-06-12 17:36:00,57.6
2025-06-12 03:14:00,48.4
2025-06-12 20:15:00,23.8
2025-06-12 00:40:00,47.2
2025-06-12 01:12:00,95.2
2025-06-12 15:22:00,65.8
2025-06-12 16:54:00,94.8
2025-06-12 00:13:00,14.4
2025-06-12 10:51:00,11.1
2025-06-12 22:20:00,96.1
2025-06-12 05:19:00,36.6
2025-06-12 13:27:00,30.3
2025-06-12 13:21:00,50.2977004785806
2025-06-12 03:43:00,50.2977004785806
2025-06-12 06:11:00,91.2
2025-06-12 19:19:00,6.0
2025-06-12 16:23:00,26.6
2025-06-12 08:10:00,40.1
2025-06-12 00:04:00,28.5
2025-06-12 07:04:00,45.3
2025-06-12 01:47:00,73.1
2025-06-12 08:05:00,50.2977004785806
2025-06-12 08:06:00,50.2977004785806
2025-06-12 07:20:00,97.8
2025-06-12 16:46:00,14.8
2025-06-12 15:48:00,73.8
2025-06-12 02:32:00,75.4
2025-06-12 01:25:00,8.1
2025-06-12 06:33:00,0.6
2025-06-12 06:08:00,69.5
2025-06-12 07:51:00,2.7
2025-06-12 23:24:00,98.4
2025-06-12 16:01:00,50.2977004785806
2025-06-12 04:21:00,82.1
2025-06-12 20:43:00,76.2
2025-06-12 12:41:00,6.3
2025-06-12 09:38:00,12.9
2025-06-12 00:59:00,12.5
2025-06-12 17:15:00,50.2977004785806
2025-06-12 00:35:00,73.4
2025-06-12 12:26:00,52.8
2025-06-12 21:37:00,50.2977004785806
2025-06-12 06:35:00,50.2977004785806
2025-06-12 19:58:00,40.1
2025-06-12 11:20:00,22.1
2025-06-12 21:19:00,58.6
2025-06-12 09:03:00,94.8
2025-06-12 01:59:00,30.6
2025-06-12 13:16:00,50.2977004785806
2025-06-12 18:48:00,28.9
2025-06-12 17:21:00,83.5
2025-06-12 00:33:00,97.6
2025-06-12 06:19:00,32.9
2025-06-12 23:55:00,15.2
2025-06-12 15:15:00,75.8
2025-06-12 12:05:00,60.7
2025-06-12 02:38:00,14.5
2025-06-12 21:39:00,50.2977004785806
2025-06-12 12:16:00,8.7
2025-06-12 21:04:00,69.4
2025-06-12 13:15:00,79.3
2025-06-12 22:28:00,43.3
2025-06-12 04:12:00,39.0
2025-06-12 16:37:00,92.4
2025-06-12 20:56:00,98.2
2025-06-12 23:32:00,50.2977004785806
2025-06-12 20:37:00,94.3
2025-06-12 02:35:00,2.2
2025-06-12 07:15:00,80.1
2025-06-12 03:38:00,75.4
2025-06-12 00:57:00,51.2
2025-06-12 19:57:00,14.5
2025-06-12 11:03:00,55.7
2025-06-12 18:44:00,81.5
2025-06-12 00:53:00,25.9
2025-06-12 13:06:00,74.6
2025-06-12 11:30:00,5.0
2025-06-12 07:31:00,17.7
2025-06-12 00:28:00,3.1
2025-06-12 20:40:00,76.5
2025-06-12 21:26:00,50.2977004785806
2025-06-12 11:25:00,28.7
2025-06-12 07:19:00,50.2977004785806
2025-06-12 14:16:00,43.3
2025-06-12 21:46:00,8.8
2025-06-12 02:07:00,28.1
2025-06-12 02:19:00,16.4
2025-06-12 07:00:00,50.2977004785806
2025-06-12 17:08:00,24.2
2025-06-12 17:40:00,8.9
2025-06-12 22:30:00,13.1
2025-06-12 08:24:00,60.1
2025-06-12 08:46:00,22.0
2025-06-12 13:08:00,50.2977004785806
2025-06-12 18:24:00,48.0
2025-06-12 07:23:00,50.2977004785806
2025-06-12 02:26:00,18.3
2025-06-12 13:23:00,32.8
2025-06-12 09:30:00,46.7
2025-06-12 10:22:00,92.7
2025-06-12 03:57:00,50.2977004785806
2025-06-12 01:04:00,49.82536769031651
2025-06-12 08:03:00,86.6
2025-06-12 21:08:00,9.3
2025-06-12 10:01:00,89.9
2025-06-12 20:53:00,2.3
2025-06-12 18:15:00,51.9
2025-06-12 05:11:00,54.0
2025-06-12 18:18:00,50.1
2025-06-12 12:01:00,59.9
2025-06-12 14:50:00,60.9
2025-06-12 08:19:00,70.1
2025-06-12 09:58:00,49.82536769031651
2025-06-12 01:46:00,58.9
2025-06-12 02:01:00,87.5
2025-06-12 01:59:00,33.7
2025-06-12 01:09:00,98.8
2025-06-12 23:35:00,49.82536769031651
2025-06-12 21:53:00,43.0
2025-06-12 02:39:00,34.7
2025-06-12 13:13:00,77.7
2025-06-12 18:52:00,47.0
2025-06-12 16:39:00,49.82536769031651
2025-06-12 18:51:00,78.7
2025-06-12 12:11:00,40.4
2025-06-12 09:55:00,62.2
2025-06-12 13:19:00,44.2
2025-06-12 07:51:00,86.9
2025-06-12 19:32:00,41.1
2025-06-12 10:59:00,49.82536769031651
2025-06-12 08:21:00,62.2
2025-06-12 05:01:00,92.3
2025-06-12 03:50:00,0.8
2025-06-12 07:53:00,66.3
2025-06-12 11:08:00,87.4
2025-06-12 07:02:00,18.9
2025-06-12 03:25:00,49.82536769031651
2025-06-12 23:22:00,74.3
2025-06-12 19:00:00,13.8
2025-06-12 06:07:00,40.1
2025-06-12 12:40:00,72.8
2025-06-12 18:50:00,47.2
2025-06-12 04:30:00,8.2
2025-06-12 06:03:00,83.3
2025-06-12 02:19:00,49.82536769031651
2025-06-12 10:13:00,12.8
2025-06-12 18:34:00,55.9
2025-06-12 15:01:00,49.82536769031651
2025-06-12 02:05:00,34.6
2025-06-12 18:20:00,52.2
2025-06-12 21:39:00,64.6
2025-06-12 20:39:00,25.3
2025-06-12 21:12:00,44.3
2025-06-12 08:53:00,98.9
2025-06-12 18:43:00,81.4
2025-06-12 15:21:00,44.3
2025-06-12 05:39:00,93.5
2025-06-12 14:13:00,7.3
2025-06-12 15:17:00,88.7
2025-06-12 07:18:00,14.8
2025-06-12 20:27:00,26.1
2025-06-12 12:02:00,5.1
2025-06-12 08:34:00,88.8
2025-06-12 01:37:00,49.82536769031651
2025-06-12 21:42:00,49.82536769031651
2025-06-12 10:09:00,1.8
2025-06-12 23:02:00,77.6
2025-06-12 00:38:00,7.4
2025-06-12 23:04:00,15.8
2025-06-12 08:20:00,70.7
2025-06-12 09:53:00,58.7
2025-06-12 12:39:00,89.3
2025-06-12 14:07:00,82.9
2025-06-12 13:08:00,17.0
2025-06-12 09:03:00,62.1
2025-06-12 14:25:00,82.8
2025-06-12 07:30:00,54.8
2025-06-12 05:19:00,47.2
2025-06-12 22:34:00,11.6
2025-06-12 01:12:00,49.82536769031651
2025-06-12 03:17:00,81.2
2025-06-12 23:56:00,40.2
2025-06-12 08:51:00,34.2
2025-06-12 19:22:00,55.0
2025-06-12 00:10:00,3.5
2025-06-12 17:42:00,19.8
2025-06-12 09:48:00,78.8
2025-06-12 05:36:00,37.3
2025-06-12 05:46:00,52.1
2025-06-12 22:57:00,96.0
2025-06-12 15:56:00,90.6
2025-06-12 02:13:00,21.1
2025-06-12 01:18:00,83.8
2025-06-12 21:54:00,64.3
2025-06-12 09:15:00,72.5
2025-06-12 05:47:00,86.2
2025-06-12 16:24:00,12.0
2025-06-12 20:16:00,49.82536769031651
2025-06-12 23:16:00,21.4
2025-06-12 14:01:00,38.5
2025-06-12 08:35:00,7.3
2025-06-12 01:10:00,91.6
2025-06-12 12:29:00,2.5
2025-06-12 00:44:00,8.4
2025-06-12 04:28:00,68.4
2025-06-12 01:50:00,53.0
2025-06-12 07:22:00,49.82536769031651
2025-06-12 19:31:00,36.8
2025-06-12 18:59:00,49.82536769031651
2025-06-12 16:31:00,49.82536769031651
2025-06-12 16:32:00,30.5
2025-06-12 08:18:00,89.1
2025-06-12 11:19:00,47.8
2025-06-12 23:28:00,76.6
2025-06-12 05:57:00,1.5
2025-06-12 20:08:00,49.82536769031651
2025-06-12 21:55:00,4.0
2025-06-12 00:01:00,35.4
2025-06-12 00:24:00,65.9
2025-06-12 13:49:00,49.82536769031651
2025-06-12 08:44:00,16.5
2025-06-12 20:44:00,49.82536769031651
2025-06-12 10:23:00,77.0
2025-06-12 09:16:00,67.1
2025-06-12 00:18:00,51.9
2025-06-12 15:16:00,22.9
2025-06-12 18:57:00,13.4
2025-06-12 22:55:00,38.1
2025-06-12 09:13:00,97.3
2025-06-12 07:41:00,92.9
2025-06-12 01:35:00,61.6
2025-06-12 16:55:00,49.82536769031651
2025-06-12 16:04:00,42.2
2025-06-12 14:48:00,4.5
2025-06-12 08:40:00,65.0
2025-06-12 22:16:00,67.6
2025-06-12 01:49:00,49.82536769031651
2025-06-12 09:46:00,2.8
2025-06-12 06:44:00,96.8
2025-06-12 03:41:00,30.4
2025-06-12 22:41:00,76.6
2025-06-12 13:46:00,92.4
2025-06-12 03:43:00,21.6
2025-06-12 22:26:00,65.4
2025-06-12 23:26:00,6.8
2025-06-12 17:16:00,49.82536769031651
2025-06-12 12:42:00,15.6
2025-06-12 19:29:00,68.9
2025-06-12 06:55:00,49.82536769031651
2025-06-12 19:25:00,68.4
2025-06-12 02:36:00,0.8
2025-06-12 05:31:00,11.5
2025-06-12 02:34:00,70.7
2025-06-12 11:26:00,60.9
2025-06-12 19:13:00,49.82536769031651
2025-06-12 04:20:00,49.82536769031651
2025-06-12 18:48:00,8.7
2025-06-12 20:07:00,59.1
2025-06-12 06:26:00,44.5
2025-06-12 16:23:00,92.8
2025-06-12 17:43:00,49.82536769031651
2025-06-12 17:17:00,31.0
2025-06-12 19:10:00,49.82536769031651
2025-06-12 23:53:00,49.82536769031651
2025-06-12 07:43:00,90.3
2025-06-12 14:57:00,98.9
2025-06-12 07:34:00,75.8
2025-06-12 08:50:00,37.6
2025-06-12 08:05:00,23.6
2025-06-12 20:12:00,75.9
2025-06-12 20:09:00,49.82536769031651
2025-06-12 15:08:00,82.6
2025-06-12 16:12:00,32.9
2025-06-12 15:12:00,37.3
2025-06-12 20:10:00,61.5
2025-06-12 19:35:00,27.4
2025-06-12 13:16:00,12.1
2025-06-12 04:00:00,40.7
2025-06-12 18:33:00,6.3
2025-06-12 06:19:00,89.3
2025-06-12 07:36:00,93.7
2025-06-12 11:48:00,49.82536769031651
2025-06-12 17:31:00,99.9
2025-06-12 22:49:00,49.82536769031651
2025-06-12 08:48:00,4.3
2025-06-12 03:57:00,75.0
2025-06-12 00:16:00,21.7
2025-06-12 09:04:00,49.82536769031651
2025-06-12 01:15:00,72.5
2025-06-12 08:27:00,96.1
2025-06-12 06:40:00,73.1
2025-06-12 14:19:00,20.4
2025-06-12 05:51:00,82.0
2025-06-12 03:21:00,44.2
2025-06-12 20:20:00,48.7
2025-06-12 06:12:00,55.4
2025-06-12 06:51:00,82.6
2025-06-12 18:38:00,18.6
2025-06-12 14:15:00,49.82536769031651
2025-06-12 21:38:00,23.6
2025-06-12 16:18:00,56.3
2025-06-12 13:41:00,95.7
2025-06-12 07:21:00,7.2
2025-06-12 22:09:00,79.5
2025-06-12 11:23:00,74.0
2025-06-12 08:33:00,52.3
2025-06-12 19:38:00,54.5
2025-06-12 02:54:00,4.0
2025-06-12 19:21:00,74.5
2025-06-12 02:08:00,46.5
2025-06-12 10:35:00,14.2
2025-06-12 12:00:00,96.4
2025-06-12 03:18:00,29.5
2025-06-12 04:38:00,40.9
2025-06-12 15:51:00,93.3
2025-06-12 00:09:00,96.1
2025-06-12 17:32:00,65.6
2025-06-12 18:46:00,74.3
2025-06-12 00:03:00,35.7
2025-06-12 16:33:00,49.0
2025-06-12 05:14:00,77.2
2025-06-12 14:23:00,84.2
2025-06-12 11:49:00,73.3
2025-06-12 11:45:00,3.5
2025-06-12 17:05:00,89.3
2025-06-12 01:26:00,50.9
2025-06-12 16:28:00,7.7
2025-06-12 13:47:00,45.7
2025-06-12 12:35:00,19.2
2025-06-12 08:41:00,19.6
2025-06-12 22:32:00,49.82536769031651
2025-06-12 15:59:00,49.82536769031651
2025-06-12 11:07:00,5.8
2025-06-12 07:55:00,39.3
2025-06-12 17:56:00,37.7
2025-06-12 00:55:00,75.8
2025-06-12 10:29:00,71.9
2025-06-12 12:44:00,49.3
2025-06-12 22:06:00,95.4
2025-06-12 12:08:00,27.3
2025-06-12 03:38:00,58.4
2025-06-12 18:08:00,24.0
2025-06-12 11:28:00,18.4
2025-06-12 17:20:00,61.3
2025-06-12 09:28:00,49.82536769031651
2025-06-12 11:58:00,76.0
2025-06-12 15:54:00,45.4
2025-06-12 03:19:00,49.82536769031651
2025-06-12 11:22:00,85.0
2025-06-12 09:25:00,32.5
2025-06-12 08:54:00,62.0
2025-06-12 03:26:00,59.5
2025-06-12 10:25:00,76.4
2025-06-12 08:28:00,93.9
2025-06-12 14:43:00,32.4
2025-06-12 01:19:00,48.7
2025-06-12 19:47:00,34.2
2025-06-12 17:06:00,82.8
2025-06-12 04:02:00,49.82536769031651
2025-06-12 07:56:00,6.3
2025-06-12 11:54:00,32.6
2025-06-12 22:19:00,26.7
2025-06-12 08:36:00,27.2
2025-06-12 12:47:00,38.2
2025-06-12 13:22:00,81.9
2025-06-12 21:17:00,93.8
2025-06-12 16:08:00,92.7
2025-06-12 12:45:00,97.3
2025-06-12 10:45:00,75.8
2025-06-12 10:07:00,75.5
2025-06-12 14:31:00,25.0
2025-06-12 14:32:00,73.7
2025-06-12 07:15:00,90.3
2025-06-12 20:41:00,84.1
2025-06-12 05:55:00,36.1
2025-06-12 05:58:00,6.3
2025-06-12 10:14:00,98.1
2025-06-12 17:21:00,34.3
2025-06-12 12:24:00,8.0
2025-06-12 06:15:00,86.5
2025-06-12 17:23:00,67.8
2025-06-12 23:31:00,20.8
2025-06-12 02:30:00,25.9
2025-06-12 04:35:00,71.6
2025-06-12 04:51:00,59.9
2025-06-12 18:21:00,67.1
2025-06-12 11:01:00,77.0
2025-06-12 14:12:00,59.5
2025-06-12 23:34:00,49.82536769031651
2025-06-12 00:13:00,49.82536769031651
2025-06-12 23:38:00,94.0
2025-06-12 10:42:00,43.1
2025-06-12 23:50:00,50.7
2025-06-12 04:21:00,17.5
2025-06-12 18:41:00,98.2
2025-06-12 16:45:00,45.5
2025-06-12 03:10:00,49.82536769031651
2025-06-12 12:05:00,17.2
2025-06-12 00:46:00,35.4
2025-06-12 09:24:00,7.7
2025-06-12 23:29:00,50.10362276498773
2025-06-12 18:34:00,72.7
2025-06-12 06:39:00,60.8
2025-06-12 05:37:00,88.7
2025-06-12 13:07:00,69.3
2025-06-12 21:45:00,70.4
2025-06-12 13:32:00,81.6
2025-06-12 02:58:00,89.3
2025-06-12 01:44:00,96.6
2025-06-12 20:50:00,50.10362276498773
2025-06-12 02:30:00,7.1
2025-06-12 13:05:00,22.4
2025-06-12 14:45:00,72.6
2025-06-12 21:46:00,14.7
2025-06-12 22:33:00,81.2
2025-06-12 11:31:00,50.6
2025-06-12 00:15:00,55.6
2025-06-12 11:48:00,92.2
2025-06-12 17:35:00,50.10362276498773
2025-06-12 09:33:00,50.10362276498773
2025-06-12 07:12:00,43.1
2025-06-12 07:58:00,87.0
2025-06-12 14:51:00,82.8
2025-06-12 05:52:00,58.9
2025-06-12 06:32:00,77.1
2025-06-12 00:59:00,72.5
2025-06-12 18:17:00,4.9
2025-06-12 21:20:00,99.4
2025-06-12 19:43:00,15.8
2025-06-12 03:20:00,81.0
2025-06-12 20:35:00,23.1
2025-06-12 17:17:00,31.7
2025-06-12 09:29:00,13.8
2025-06-12 17:16:00,10.4
2025-06-12 21:47:00,50.10362276498773
2025-06-12 08:45:00,50.10362276498773
2025-06-12 10:04:00,15.0
2025-06-12 16:18:00,85.8
2025-06-12 09:45:00,92.4
2025-06-12 04:07:00,46.1
2025-06-12 07:29:00,54.2
2025-06-12 12:45:00,51.7
2025-06-12 08:10:00,50.10362276498773
2025-06-12 17:02:00,78.3
2025-06-12 12:46:00,84.4
2025-06-12 18:56:00,58.6
2025-06-12 22:31:00,27.1
2025-06-12 10:48:00,6.5
2025-06-12 05:35:00,26.1
2025-06-12 14:02:00,94.6
2025-06-12 12:35:00,50.10362276498773
2025-06-12 01:24:00,29.1
2025-06-12 04:52:00,50.10362276498773
2025-06-12 19:16:00,48.9
2025-06-12 04:48:00,9.0
2025-06-12 15:56:00,93.7
2025-06-12 04:35:00,50.10362276498773
2025-06-12 11:55:00,0.7
2025-06-12 20:06:00,44.2
2025-06-12 04:01:00,50.10362276498773
2025-06-12 05:58:00,77.2
2025-06-12 22:05:00,4.3
2025-06-12 11:04:00,50.10362276498773
2025-06-12 08:17:00,4.4
2025-06-12 14:37:00,50.10362276498773
2025-06-12 11:02:00,69.9
2025-06-12 08:09:00,23.9
2025-06-12 06:48:00,50.10362276498773
2025-06-12 05:13:00,68.0
2025-06-12 07:01:00,42.7
2025-06-12 08:23:00,50.10362276498773
2025-06-12 13:42:00,43.7
2025-06-12 23:23:00,6.4
2025-06-12 19:03:00,50.10362276498773
2025-06-12 18:30:00,51.9
2025-06-12 06:02:00,24.1
2025-06-12 02:42:00,43.7
2025-06-12 06:45:00,39.1
2025-06-12 18:10:00,9.7
2025-06-12 01:13:00,81.7
2025-06-12 02:15:00,51.8
2025-06-12 14:46:00,94.2
2025-06-12 09:58:00,33.6
2025-06-12 09:00:00,51.4
2025-06-12 20:18:00,4.3
2025-06-12 17:34:00,21.0
2025-06-12 14:12:00,57.5
2025-06-12 14:11:00,29.9
2025-06-12 07:40:00,51.1
2025-06-12 05:45:00,46.6
2025-06-12 12:06:00,37.1
2025-06-12 00:29:00,65.1
2025-06-12 09:27:00,85.9
2025-06-12 22:09:00,97.2
2025-06-12 14:07:00,50.10362276498773
2025-06-12 23:04:00,1.6
2025-06-12 08:43:00,77.9
2025-06-12 04:26:00,25.2
2025-06-12 19:08:00,50.10362276498773
2025-06-12 11:25:00,9.2
2025-06-12 12:22:00,36.8
2025-06-12 19:02:00,10.2
2025-06-12 10:22:00,5.4
2025-06-12 14:44:00,3.7
2025-06-12 00:33:00,70.2
2025-06-12 15:06:00,30.9
2025-06-12 06:15:00,32.8
2025-06-12 08:27:00,74.4
2025-06-12 07:24:00,85.0
2025-06-12 14:13:00,50.10362276498773
2025-06-12 21:58:00,66.2
2025-06-12 03:28:00,70.8
2025-06-12 21:35:00,71.4
2025-06-12 12:16:00,2.3
2025-06-12 18:52:00,10.8
2025-06-12 20:19:00,89.3
2025-06-12 14:58:00,88.5
2025-06-12 06:29:00,35.4
2025-06-12 01:53:00,95.9
2025-06-12 21:41:00,32.5
2025-06-12 02:41:00,50.10362276498773
2025-06-12 02:54:00,26.2
2025-06-12 23:34:00,52.6
2025-06-12 16:16:00,88.6
2025-06-12 05:34:00,2.4
2025-06-12 21:57:00,81.2
2025-06-12 03:42:00,50.10362276498773
2025-06-12 11:44:00,42.0
2025-06-12 21:26:00,17.0
2025-06-12 07:14:00,50.10362276498773
2025-06-12 16:35:00,50.10362276498773
2025-06-12 15:35:00,57.9
2025-06-12 22:01:00,13.9
2025-06-12 09:59:00,4.5
2025-06-12 11:01:00,75.7
2025-06-12 02:59:00,88.9
2025-06-12 09:22:00,50.10362276498773
2025-06-12 07:23:00,50.10362276498773
2025-06-12 15:45:00,96.7
2025-06-12 10:20:00,83.3
2025-06-12 05:50:00,7.5
2025-06-12 16:11:00,98.8
2025-06-12 01:52:00,72.8
2025-06-12 07:56:00,38.9
2025-06-12 15:24:00,49.1
2025-06-12 07:54:00,50.10362276498773
2025-06-12 21:30:00,50.10362276498773
2025-06-12 07:37:00,36.7
2025-06-12 10:53:00,45.9
2025-06-12 15:23:00,16.7
2025-06-12 14:34:00,56.6
2025-06-12 09:31:00,38.1
2025-06-12 04:02:00,50.3
2025-06-12 00:31:00,50.10362276498773
2025-06-12 22:39:00,17.2
2025-06-12 00:52:00,57.3
2025-06-12 11:57:00,6.8
2025-06-12 19:20:00,74.3
2025-06-12 10:52:00,50.10362276498773
2025-06-12 18:16:00,50.10362276498773
2025-06-12 19:07:00,50.10362276498773
2025-06-12 23:53:00,34.9
2025-06-12 03:38:00,31.2
2025-06-12 17:40:00,81.7
2025-06-12 17:54:00,43.4
2025-06-12 22:30:00,5.3
2025-06-12 19:28:00,62.3
2025-06-12 08:05:00,96.1
2025-06-12 11:29:00,16.4
2025-06-12 10:44:00,78.0
2025-06-12 04:13:00,50.10362276498773
2025-06-12 19:52:00,16.5
2025-06-12 17:46:00,49.0
2025-06-12 19:21:00,9.9
2025-06-12 20:15:00,49.7
2025-06-12 19:05:00,43.9
2025-06-12 19:15:00,51.9
2025-06-12 06:51:00,50.10362276498773
2025-06-12 04:38:00,50.10362276498773
2025-06-12 02:26:00,2.9
2025-06-12 01:35:00,44.6
2025-06-12 03:09:00,3.1
2025-06-12 17:25:00,49.2
2025-06-12 22:10:00,15.9
2025-06-12 17:36:00,81.8
2025-06-12 07:06:00,83.3
2025-06-12 00:27:00,32.3
2025-06-12 14:30:00,63.1
2025-06-12 08:26:00,63.0
2025-06-12 09:17:00,50.10362276498773
2025-06-12 05:51:00,50.10362276498773
2025-06-12 20:21:00,50.10362276498773
2025-06-12 08:58:00,19.8
2025-06-12 20:58:00,50.10362276498773
2025-06-12 06:04:00,50.10362276498773
2025-06-12 18:51:00,50.10362276498773
2025-06-12 10:56:00,50.10362276498773
2025-06-12 11:07:00,50.10362276498773
2025-06-12 22:52:00,50.10362276498773
2025-06-12 12:59:00,62.4
2025-06-12 16:14:00,48.6
2025-06-12 20:39:00,11.8
2025-06-12 03:18:00,75.3
2025-06-12 22:35:00,50.10362276498773
2025-06-12 17:37:00,53.0
2025-06-12 20:44:00,59.7
2025-06-12 03:17:00,6.9
2025-06-12 08:00:00,20.0
2025-06-12 21:03:00,38.8
2025-06-12 00:48:00,87.4
2025-06-12 07:42:00,78.8
2025-06-12 12:27:00,84.5
2025-06-12 15:14:00,50.10362276498773
2025-06-12 06:49:00,43.3
2025-06-12 13:10:00,50.10362276498773
2025-06-12 14:39:00,45.7
2025-06-12 05:26:00,29.9
2025-06-12 02:52:00,78.2
2025-06-12 21:29:00,88.3
2025-06-12 07:33:00,50.10362276498773
2025-06-12 04:03:00,50.10362276498773
2025-06-12 19:18:00,6.1
2025-06-12 02:02:00,58.4
2025-06-12 03:57:00,43.4
2025-06-12 10:35:00,47.9
2025-06-12 18:26:00,25.0
2025-06-12 01:18:00,54.9
2025-06-12 19:58:00,98.2
2025-06-12 07:52:00,37.4
2025-06-12 08:56:00,26.6
2025-06-12 11:06:00,37.0
2025-06-12 07:31:00,50.0
2025-06-12 07:05:00,6.7
2025-06-12 20:07:00,45.7
2025-06-12 20:27:00,75.5
2025-06-12 08:02:00,31.2
2025-06-12 00:06:00,54.2
2025-06-12 15:34:00,50.10362276498773
2025-06-12 05:02:00,0.2
2025-06-12 12:43:00,69.6
2025-06-12 00:17:00,53.9
2025-06-12 23:54:00,37.5
2025-06-12 16:47:00,38.4
2025-06-12 16:43:00,5.8
2025-06-12 19:37:00,97.6
2025-06-12 22:47:00,17.8
2025-06-12 15:37:00,79.4
2025-06-12 06:07:00,98.4
2025-06-12 12:19:00,21.8
2025-06-12 16:51:00,43.8
2025-06-12 01:40:00,50.10362276498773
2025-06-12 01:33:00,83.7
2025-06-12 02:44:00,50.10362276498773
2025-06-12 03:44:00,13.6
2025-06-12 13:43:00,71.0
2025-06-12 10:41:00,40.3
2025-06-12 06:08:00,22.3
2025-06-12 02:32:00,71.0
2025-06-12 00:20:00,76.6
2025-06-12 19:54:00,50.10362276498773
2025-06-12 18:40:00,50.10362276498773
2025-06-12 04:40:00,56.4
2025-06-12 20:42:00,59.9
2025-06-12 05:07:00,37.6
2025-06-12 12:57:00,50.10362276498773
2025-06-12 04:51:00,50.10362276498773
2025-06-12 17:58:00,3.7
2025-06-12 07:45:00,44.0
2025-06-12 02:23:00,58.1
2025-06-12 20:33:00,92.4
2025-06-12 00:00:00,61.6
2025-06-12 08:28:00,73.2
2025-06-12 00:35:00,44.3
2025-06-12 13:15:00,10.9
2025-06-12 08:42:00,63.0
2025-06-12 06:30:00,24.1
2025-06-12 16:20:00,83.4
2025-06-12 12:08:00,32.7
2025-06-12 08:11:00,35.3
2025-06-12 07:00:00,72.6
2025-06-12 01:54:00,23.2
2025-06-12 09:28:00,50.10362276498773
2025-06-12 15:11:00,42.3
2025-06-12 08:18:00,72.3
2025-06-12 14:25:00,27.3
2025-06-12 23:57:00,44.0
2025-06-12 20:40:00,97.4
2025-06-12 22:51:00,50.10362276498773
2025-06-12 13:31:00,6.6
2025-06-12 20:22:00,69.3
2025-06-12 18:08:00,84.7
2025-06-12 10:15:00,51.1
2025-06-12 19:34:00,86.0
2025-06-12 16:26:00,51.4
2025-06-12 15:02:00,27.2
2025-06-12 21:49:00,63.0
2025-06-12 17:53:00,73.1
2025-06-12 11:32:00,35.1
2025-06-12 18:24:00,99.2
2025-06-12 11:18:00,62.2
2025-06-12 23:22:00,20.1
2025-06-12 13:11:00,56.7
2025-06-12 19:06:00,34.8
2025-06-12 05:47:00,79.3
2025-06-12 12:03:00,50.10362276498773
2025-06-12 07:57:00,77.8
2025-06-12 15:21:00,60.9
2025-06-12 15:44:00,98.8
2025-06-12 12:18:00,97.0
2025-06-12 19:51:00,13.3
2025-06-12 17:10:00,13.0
2025-06-12 20:13:00,50.10362276498773
2025-06-12 18:29:00,5.9
2025-06-12 05:04:00,43.8
2025-06-12 21:53:00,82.1
2025-06-12 18:14:00,34.6
2025-06-12 13:08:00,78.8
2025-06-12 13:30:00,2.1
2025-06-12 04:11:00,56.6
2025-06-12 06:38:00,93.4
2025-06-12 23:20:00,83.0
2025-06-12 06:22:00,53.3
2025-06-12 03:33:00,40.5
2025-06-12 02:31:00,50.12327810650887
2025-06-12 22:41:00,63.5
2025-06-12 09:16:00,74.3
2025-06-12 02:38:00,4.2
2025-06-12 08:38:00,17.2
2025-06-12 07:23:00,88.7
2025-06-12 10:31:00,75.1
2025-06-12 10:12:00,50.12327810650887
2025-06-12 12:55:00,83.4
2025-06-12 21:52:00,22.0
2025-06-12 03:22:00,50.12327810650887
2025-06-12 17:11:00,50.12327810650887
2025-06-12 19:56:00,50.3
2025-06-12 17:52:00,16.1
2025-06-12 23:05:00,40.7
2025-06-12 18:55:00,15.5
2025-06-12 00:30:00,2.1
2025-06-12 05:47:00,8.5
2025-06-12 08:37:00,13.1
2025-06-12 16:31:00,72.8
2025-06-12 21:59:00,49.3
2025-06-12 13:27:00,50.12327810650887
2025-06-12 03:30:00,14.2
2025-06-12 17:02:00,88.0
2025-06-12 17:47:00,50.12327810650887
2025-06-12 05:17:00,34.3
2025-06-12 05:28:00,69.6
2025-06-12 03:47:00,9.1
2025-06-12 02:18:00,32.8
2025-06-12 14:43:00,50.12327810650887
2025-06-12 23:00:00,17.0
2025-06-12 09:10:00,92.7
2025-06-12 03:32:00,12.8
2025-06-12 07:55:00,52.9
2025-06-12 12:20:00,1.7
2025-06-12 20:37:00,39.1
2025-06-12 05:24:00,27.9
2025-06-12 03:53:00,50.12327810650887
2025-06-12 20:08:00,10.6
2025-06-12 12:31:00,71.9
2025-06-12 18:57:00,9.3
2025-06-12 21:50:00,34.5
2025-06-12 08:14:00,14.6
2025-06-12 08:05:00,67.4
2025-06-12 04:52:00,50.12327810650887
2025-06-12 04:41:00,45.5
2025-06-12 17:08:00,21.4
2025-06-12 11:31:00,90.3
2025-06-12 02:24:00,50.12327810650887
2025-06-12 01:38:00,69.7
2025-06-12 01:12:00,71.4
2025-06-12 18:18:00,5.3
2025-06-12 16:32:00,66.4
2025-06-12 12:39:00,64.2
2025-06-12 23:52:00,37.7
2025-06-12 13:32:00,2.9
2025-06-12 08:57:00,9.2
2025-06-12 23:25:00,56.7
2025-06-12 11:47:00,50.12327810650887
2025-06-12 04:39:00,67.4
2025-06-12 02:43:00,35.2
2025-06-12 17:29:00,36.9
2025-06-12 21:14:00,91.1
2025-06-12 17:32:00,55.3
2025-06-12 23:46:00,16.7
2025-06-12 21:58:00,2.3
2025-06-12 15:18:00,41.1
2025-06-12 08:00:00,48.2
2025-06-12 22:42:00,8.3
2025-06-12 05:22:00,97.5
2025-06-12 14:08:00,50.8
2025-06-12 01:41:00,51.7
2025-06-12 01:48:00,3.5
2025-06-12 06:41:00,50.12327810650887
2025-06-12 15:47:00,77.0
2025-06-12 16:57:00,98.4
2025-06-12 13:25:00,86.3
2025-06-12 10:55:00,84.2
2025-06-12 14:53:00,61.8
2025-06-12 16:26:00,76.6
2025-06-12 06:08:00,38.0
2025-06-12 17:21:00,91.4
2025-06-12 19:24:00,82.5
2025-06-12 02:46:00,24.1
2025-06-12 06:13:00,83.9
2025-06-12 18:14:00,1.6
2025-06-12 04:43:00,35.8
2025-06-12 00:13:00,0.1
2025-06-12 11:36:00,93.5
2025-06-12 11:10:00,52.8
2025-06-12 15:30:00,92.0
2025-06-12 18:21:00,55.2
2025-06-12 05:13:00,54.7
2025-06-12 09:52:00,7.2
2025-06-12 18:34:00,99.1
2025-06-12 10:22:00,89.0
2025-06-12 15:36:00,1.4
2025-06-12 11:55:00,52.8
2025-06-12 11:50:00,64.0
2025-06-12 08:07:00,89.1
2025-06-12 03:35:00,70.7
2025-06-12 04:37:00,90.6
2025-06-12 14:13:00,89.7
2025-06-12 16:14:00,65.4
2025-06-12 03:59:00,50.12327810650887
2025-06-12 09:47:00,10.7
2025-06-12 19:15:00,34.9
2025-06-12 14:25:00,3.0
2025-06-12 02:11:00,49.2
2025-06-12 14:26:00,81.6
2025-06-12 02:37:00,58.5
2025-06-12 10:53:00,16.8
2025-06-12 06:10:00,50.12327810650887
2025-06-12 02:28:00,32.4
2025-06-12 02:29:00,30.1
2025-06-12 08:56:00,0.4
2025-06-12 14:45:00,88.5
2025-06-12 20:03:00,39.6
2025-06-12 10:42:00,93.4
2025-06-12 21:30:00,98.5
2025-06-12 13:45:00,53.9
2025-06-12 21:33:00,69.1
2025-06-12 01:07:00,66.8
2025-06-12 09:34:00,95.9
2025-06-12 22:08:00,7.5
2025-06-12 07:29:00,71.8
2025-06-12 03:41:00,90.0
2025-06-12 11:44:00,11.8
2025-06-12 01:31:00,50.12327810650887
2025-06-12 15:58:00,85.5
2025-06-12 14:38:00,59.9
2025-06-12 16:13:00,24.6
2025-06-12 10:18:00,50.12327810650887
2025-06-12 00:25:00,68.6
2025-06-12 15:52:00,68.0
2025-06-12 04:00:00,38.4
2025-06-12 04:16:00,69.8
2025-06-12 10:46:00,81.6
2025-06-12 15:09:00,50.12327810650887
2025-06-12 14:15:00,13.1
2025-06-12 08:52:00,34.6
2025-06-12 07:46:00,50.12327810650887
2025-06-12 05:38:00,72.8
2025-06-12 00:37:00,76.0
2025-06-12 17:39:00,85.7
2025-06-12 14:24:00,50.12327810650887
2025-06-12 10:23:00,95.0
2025-06-12 01:28:00,0.3
2025-06-12 00:12:00,88.3
2025-06-12 09:31:00,3.6
2025-06-12 06:30:00,16.9
2025-06-12 23:58:00,4.5
2025-06-12 05:33:00,25.9
2025-06-12 15:25:00,77.5
2025-06-12 00:51:00,1.5
2025-06-12 12:56:00,76.2
2025-06-12 17:48:00,70.0
2025-06-12 12:48:00,50.12327810650887
2025-06-12 21:42:00,75.2
2025-06-12 16:04:00,9.8
2025-06-12 14:20:00,35.0
2025-06-12 13:06:00,21.8
2025-06-12 22:49:00,71.8
2025-06-12 03:28:00,50.3
2025-06-12 05:42:00,50.12327810650887
2025-06-12 23:53:00,48.4
2025-06-12 01:20:00,84.7
2025-06-12 10:16:00,67.4
2025-06-12 04:38:00,71.8
2025-06-12 17:14:00,42.8
2025-06-12 03:46:00,49.3
2025-06-12 13:38:00,36.0
2025-06-12 02:02:00,31.8
2025-06-12 21:15:00,90.3
2025-06-12 14:01:00,98.3
2025-06-12 05:50:00,96.7
2025-06-12 10:49:00,60.1
2025-06-12 22:12:00,30.8
2025-06-12 09:08:00,22.8
2025-06-12 10:01:00,48.0
2025-06-12 23:49:00,29.7
2025-06-12 11:18:00,92.8
2025-06-12 04:23:00,20.4
2025-06-12 22:45:00,50.12327810650887
2025-06-12 00:31:00,28.8
2025-06-12 21:44:00,30.6
2025-06-12 21:57:00,0.5
2025-06-12 00:35:00,43.2
2025-06-12 12:13:00,74.4
2025-06-12 21:37:00,88.7
2025-06-12 22:26:00,3.7
2025-06-12 22:22:00,48.1
2025-06-12 06:04:00,53.1
2025-06-12 21:51:00,43.5
2025-06-12 03:18:00,9.2
2025-06-12 20:24:00,50.12327810650887
2025-06-12 15:34:00,57.7
2025-06-12 20:00:00,69.9
2025-06-12 11:45:00,98.1
2025-06-12 10:30:00,73.2
2025-06-12 03:09:00,88.9
2025-06-12 01:17:00,50.12327810650887
2025-06-12 18:46:00,37.2
2025-06-12 01:08:00,33.1
2025-06-12 01:56:00,2.8
2025-06-12 19:17:00,28.3
2025-06-12 10:20:00,95.1
2025-06-12 05:20:00,30.2
2025-06-12 14:17:00,50.12327810650887
2025-06-12 14:52:00,50.12327810650887
2025-06-12 07:22:00,89.9
2025-06-12 22:39:00,39.7
2025-06-12 02:49:00,98.4
2025-06-12 10:25:00,8.1
2025-06-12 11:17:00,5.3
2025-06-12 10:54:00,63.8
2025-06-12 22:17:00,91.1
2025-06-12 07:01:00,80.8
2025-06-12 15:27:00,8.4
2025-06-12 22:43:00,11.0
2025-06-12 00:36:00,67.5
2025-06-12 14:42:00,68.6
2025-06-12 04:29:00,32.2
2025-06-12 23:03:00,91.8
2025-06-12 01:50:00,95.2
2025-06-12 09:50:00,54.0
2025-06-12 06:56:00,66.5
2025-06-12 02:54:00,50.12327810650887
2025-06-12 16:30:00,36.8
2025-06-12 01:52:00,77.6
2025-06-12 17:55:00,70.9
2025-06-12 12:16:00,93.5
2025-06-12 22:01:00,77.7
2025-06-12 09:35:00,35.1
2025-06-12 19:12:00,57.1
2025-06-12 10:56:00,11.4
2025-06-12 02:44:00,41.8
2025-06-12 23:34:00,59.9
2025-06-12 23:14:00,34.5
2025-06-12 10:03:00,53.4
2025-06-12 03:51:00,50.12327810650887
2025-06-12 13:35:00,16.3
2025-06-12 21:05:00,68.2
2025-06-12 20:30:00,29.3
2025-06-12 18:19:00,94.7
2025-06-12 23:08:00,80.9
2025-06-12 09:00:00,68.0
2025-06-12 17:54:00,72.2
2025-06-12 13:33:00,10.1
2025-06-12 09:23:00,39.1
2025-06-12 03:03:00,6.6
2025-06-12 09:59:00,10.9
2025-06-12 11:56:00,86.8
2025-06-12 10:51:00,4.0
2025-06-12 07:30:00,45.5
2025-06-12 16:41:00,50.12327810650887
2025-06-12 23:35:00,50.12327810650887
2025-06-12 12:36:00,46.1
2025-06-12 09:46:00,95.1
2025-06-12 00:01:00,63.7
2025-06-12 07:18:00,54.9
2025-06-12 15:28:00,0.3
2025-06-12 21:55:00,91.9
2025-06-12 17:06:00,50.12327810650887
2025-06-12 20:34:00,50.12327810650887
2025-06-12 09:53:00,29.9
2025-06-12 10:00:00,90.4
2025-06-12 07:00:00,77.9
2025-06-12 22:51:00,66.0
2025-06-12 22:16:00,75.6
2025-06-12 23:33:00,20.5
2025-06-12 21:16:00,10.2
2025-06-12 15:39:00,50.12327810650887
2025-06-12 22:25:00,0.3
2025-06-12 20:17:00,66.1
2025-06-12 09:12:00,18.0
2025-06-12 15:40:00,77.4
2025-06-12 19:34:00,77.9
2025-06-12 14:48:00,49.63956792297757
2025-06-12 02:38:00,14.1
2025-06-12 14:09:00,66.0
2025-06-12 18:30:00,71.3
2025-06-12 23:29:00,32.2
2025-06-12 00:30:00,34.7
2025-06-12 05:00:00,12.8
2025-06-12 22:37:00,97.1
2025-06-12 02:54:00,20.1
2025-06-12 14:39:00,45.8
2025-06-12 22:48:00,73.1
2025-06-12 14:55:00,89.2
2025-06-12 08:28:00,81.3
2025-06-12 23:11:00,90.3
2025-06-12 07:51:00,10.3
2025-06-12 23:50:00,61.3
2025-06-12 18:19:00,22.0
2025-06-12 22:33:00,41.9
2025-06-12 02:45:00,31.2
2025-06-12 17:50:00,24.2
2025-06-12 10:55:00,9.0
2025-06-12 20:55:00,49.63956792297757
2025-06-12 08:13:00,98.4
2025-06-12 04:33:00,97.1
2025-06-12 05:29:00,2.7
2025-06-12 14:42:00,17.3
2025-06-12 18:43:00,10.2
2025-06-12 13:52:00,66.7
2025-06-12 04:35:00,12.4
2025-06-12 21:28:00,49.0
2025-06-12 03:08:00,95.1
2025-06-12 20:35:00,16.4
2025-06-12 07:42:00,19.5
2025-06-12 21:52:00,29.6
2025-06-12 15:26:00,89.1
2025-06-12 03:33:00,83.5
2025-06-12 20:56:00,13.0
2025-06-12 23:45:00,43.3
2025-06-12 05:41:00,50.5
2025-06-12 16:48:00,8.7
2025-06-12 07:16:00,5.6
2025-06-12 16:55:00,45.8
2025-06-12 17:52:00,46.8
2025-06-12 10:57:00,49.63956792297757
2025-06-12 10:38:00,76.6
2025-06-12 17:34:00,63.9
2025-06-12 05:05:00,41.3
2025-06-12 01:42:00,73.8
2025-06-12 00:27:00,84.8
2025-06-12 08:16:00,58.9
2025-06-12 09:11:00,2.1
2025-06-12 02:39:00,19.8
2025-06-12 13:27:00,49.63956792297757
2025-06-12 02:56:00,37.0
2025-06-12 16:14:00,0.7
2025-06-12 00:45:00,20.9
2025-06-12 17:19:00,88.9
2025-06-12 15:19:00,52.3
2025-06-12 05:39:00,55.9
2025-06-12 08:33:00,3.0
2025-06-12 09:00:00,3.1
2025-06-12 19:38:00,16.8
2025-06-12 05:30:00,83.9
2025-06-12 03:43:00,80.3
2025-06-12 07:41:00,47.5
2025-06-12 15:13:00,42.4
2025-06-12 07:25:00,97.6
2025-06-12 00:25:00,12.8
2025-06-12 03:47:00,62.8
2025-06-12 14:51:00,4.5
2025-06-12 13:53:00,27.1
2025-06-12 14:27:00,49.9
2025-06-12 04:58:00,40.2
2025-06-12 20:31:00,47.1
2025-06-12 22:55:00,77.6
2025-06-12 00:21:00,46.6
2025-06-12 13:29:00,80.4
2025-06-12 05:46:00,49.63956792297757
2025-06-12 00:26:00,49.63956792297757
2025-06-12 11:02:00,9.6
2025-06-12 07:15:00,77.0
2025-06-12 21:00:00,70.2
2025-06-12 08:56:00,13.0
2025-06-12 22:24:00,14.3
2025-06-12 13:43:00,82.0
2025-06-12 17:20:00,38.0
2025-06-12 06:12:00,54.0
2025-06-12 23:09:00,34.0
2025-06-12 17:09:00,50.1
2025-06-12 22:42:00,49.63956792297757
2025-06-12 10:31:00,76.7
2025-06-12 13:37:00,24.9
2025-06-12 21:24:00,40.6
2025-06-12 02:13:00,44.3
2025-06-12 18:20:00,3.8
2025-06-12 23:15:00,27.6
2025-06-12 01:46:00,22.8
2025-06-12 13:01:00,49.63956792297757
2025-06-12 12:10:00,72.4
2025-06-12 12:43:00,97.4
2025-06-12 14:23:00,24.5
2025-06-12 03:22:00,93.3
2025-06-12 14:56:00,58.0
2025-06-12 16:15:00,98.0
2025-06-12 13:45:00,38.7
2025-06-12 10:54:00,28.1
2025-06-12 01:52:00,98.0
2025-06-12 14:11:00,99.7
2025-06-12 03:21:00,37.0
2025-06-12 15:21:00,75.2
2025-06-12 09:29:00,38.8
2025-06-12 06:29:00,94.6
2025-06-12 00:04:00,23.1
2025-06-12 21:31:00,18.9
2025-06-12 19:52:00,9.6
2025-06-12 15:08:00,56.0
2025-06-12 02:43:00,8.3
2025-06-12 11:35:00,22.0
2025-06-12 22:05:00,26.0
2025-06-12 13:09:00,49.63956792297757
2025-06-12 04:06:00,62.5
2025-06-12 11:31:00,49.63956792297757
2025-06-12 09:02:00,95.4
2025-06-12 16:53:00,49.63956792297757
2025-06-12 00:43:00,49.63956792297757
2025-06-12 01:50:00,49.63956792297757
2025-06-12 05:54:00,22.2
2025-06-12 16:42:00,80.2
2025-06-12 16:33:00,22.3
2025-06-12 17:23:00,19.5
2025-06-12 10:44:00,62.0
2025-06-12 01:26:00,2.0
2025-06-12 02:27:00,69.1
2025-06-12 12:02:00,49.63956792297757
2025-06-12 18:59:00,43.5
2025-06-12 21:27:00,32.8
2025-06-12 13:38:00,19.9
2025-06-12 18:51:00,53.2
2025-06-12 05:51:00,19.3
2025-06-12 01:08:00,25.3
2025-06-12 21:02:00,97.9
2025-06-12 02:24:00,45.0
2025-06-12 11:26:00,0.5
2025-06-12 18:08:00,69.0
2025-06-12 17:15:00,49.63956792297757
2025-06-12 06:58:00,5.4
2025-06-12 10:22:00,68.0
2025-06-12 14:44:00,79.3
2025-06-12 20:36:00,43.4
2025-06-12 22:36:00,49.63956792297757
2025-06-12 12:38:00,21.2
2025-06-12 16:27:00,12.8
2025-06-12 07:36:00,55.5
2025-06-12 23:59:00,49.63956792297757
2025-06-12 11:39:00,28.2
2025-06-12 11:13:00,66.7
2025-06-12 06:16:00,81.5
2025-06-12 14:58:00,19.5
2025-06-12 20:51:00,71.3
2025-06-12 08:34:00,29.5
2025-06-12 05:50:00,21.0
2025-06-12 10:59:00,54.6
2025-06-12 18:05:00,13.7
2025-06-12 13:00:00,83.5
2025-06-12 19:45:00,61.4
2025-06-12 07:56:00,41.7
2025-06-12 04:45:00,19.3
2025-06-12 16:12:00,92.4
2025-06-12 23:01:00,49.63956792297757
2025-06-12 12:09:00,60.3
2025-06-12 10:24:00,96.8
2025-06-12 19:37:00,92.7
2025-06-12 19:00:00,93.5
2025-06-12 15:06:00,17.0
2025-06-12 11:47:00,82.3
2025-06-12 12:24:00,41.9
2025-06-12 10:04:00,0.0
2025-06-12 23:55:00,49.63956792297757
2025-06-12 05:18:00,57.3
2025-06-12 09:15:00,58.6
2025-06-12 04:04:00,5.5
2025-06-12 13:25:00,58.8
2025-06-12 01:03:00,49.63956792297757
2025-06-12 11:23:00,49.63956792297757
2025-06-12 06:53:00,91.7
2025-06-12 02:37:00,38.2
2025-06-12 05:55:00,85.2
2025-06-12 23:00:00,0.5
2025-06-12 00:33:00,86.6
2025-06-12 04:12:00,16.8
2025-06-12 15:00:00,7.9
2025-06-12 15:52:00,95.8
2025-06-12 09:24:00,97.0
2025-06-12 21:36:00,76.1
2025-06-12 03:52:00,24.6
2025-06-12 01:01:00,81.5
2025-06-12 15:45:00,79.9
2025-06-12 06:18:00,49.63956792297757
2025-06-12 13:51:00,80.3
2025-06-12 06:22:00,77.1
2025-06-12 21:39:00,49.63956792297757
2025-06-12 08:17:00,48.0
2025-06-12 07:02:00,1.2
2025-06-12 06:13:00,58.2
2025-06-12 16:30:00,4.6
2025-06-12 04:54:00,34.3
2025-06-12 04:48:00,38.2
2025-06-12 04:31:00,98.6
2025-06-12 15:12:00,49.63956792297757
2025-06-12 17:45:00,73.9
2025-06-12 08:14:00,15.6
2025-06-12 22:09:00,49.63956792297757
2025-06-12 15:36:00,97.2
2025-06-12 22:23:00,55.2
2025-06-12 09:37:00,28.7
2025-06-12 19:30:00,49.63956792297757
2025-06-12 18:07:00,91.4
2025-06-12 18:58:00,49.63956792297757
2025-06-12 04:00:00,4.7
2025-06-12 02:33:00,16.2
2025-06-12 10:32:00,70.1
2025-06-12 11:14:00,19.5
2025-06-12 23:28:00,87.8
2025-06-12 08:44:00,57.6
2025-06-12 03:56:00,1.6
2025-06-12 09:48:00,69.5
2025-06-12 20:28:00,54.6
2025-06-12 01:04:00,82.9
2025-06-12 20:16:00,30.8
2025-06-12 14:53:00,37.4
2025-06-12 16:07:00,78.6
2025-06-12 01:30:00,77.0
2025-06-12 06:41:00,30.7
2025-06-12 18:55:00,18.2
2025-06-12 18:41:00,8.1
2025-06-12 05:34:00,65.6
2025-06-12 11:11:00,49.63956792297757
2025-06-12 20:44:00,3.7
2025-06-12 01:51:00,49.63956792297757
2025-06-12 05:16:00,69.0
2025-06-12 13:26:00,3.1
2025-06-12 08:43:00,49.63956792297757
2025-06-12 21:05:00,49.63956792297757
2025-06-12 21:47:00,88.0
2025-06-12 19:23:00,5.6
2025-06-12 07:08:00,84.1
2025-06-12 00:12:00,63.7
2025-06-12 07:07:00,93.5
2025-06-12 09:01:00,15.4
2025-06-12 18:17:00,23.6
2025-06-12 03:42:00,56.3
2025-06-12 03:28:00,79.3
2025-06-12 01:59:00,59.0
2025-06-12 05:07:00,60.9
2025-06-12 15:51:00,15.4
2025-06-12 15:49:00,48.2
2025-06-12 13:59:00,31.4
2025-06-12 13:55:00,52.2
2025-06-12 18:33:00,56.8
2025-06-12 03:40:00,49.63956792297757
2025-06-12 12:14:00,3.0
2025-06-12 10:25:00,39.9
2025-06-12 00:23:00,19.8
2025-06-12 23:17:00,10.7
2025-06-12 09:19:00,73.4
2025-06-12 11:49:00,37.6
2025-06-12 12:59:00,49.63956792297757
2025-06-12 23:38:00,57.8
2025-06-12 21:08:00,28.9
2025-06-12 02:59:00,41.3
2025-06-12 03:45:00,64.6
2025-06-12 13:40:00,64.7
2025-06-12 14:37:00,49.8
2025-06-12 12:51:00,88.4
2025-06-12 05:06:00,50.29152382078261
2025-06-12 02:47:00,51.4
2025-06-12 01:20:00,72.9
2025-06-12 16:46:00,82.7
2025-06-12 01:35:00,64.0
2025-06-12 19:38:00,87.2
2025-06-12 15:48:00,20.2
2025-06-12 07:19:00,10.7
2025-06-12 04:11:00,48.2
2025-06-12 19:32:00,66.4
2025-06-12 02:06:00,39.6
2025-06-12 00:33:00,79.9
2025-06-12 02:02:00,55.0
2025-06-12 00:52:00,48.3
2025-06-12 18:01:00,94.8
2025-06-12 18:20:00,77.7
2025-06-12 18:21:00,85.6
2025-06-12 14:34:00,91.0
2025-06-12 11:50:00,5.7
2025-06-12 18:39:00,82.6
2025-06-12 16:56:00,40.7
2025-06-12 03:37:00,10.4
2025-06-12 02:51:00,50.29152382078261
2025-06-12 22:32:00,20.9
2025-06-12 14:19:00,89.8
2025-06-12 11:20:00,80.3
2025-06-12 21:11:00,87.0
2025-06-12 01:51:00,6.7
2025-06-12 20:13:00,8.0
2025-06-12 17:49:00,98.1
2025-06-12 05:40:00,39.4
2025-06-12 13:16:00,73.4
2025-06-12 02:35:00,29.0
2025-06-12 01:49:00,65.9
2025-06-12 14:17:00,50.29152382078261
2025-06-12 00:12:00,59.6
2025-06-12 22:13:00,30.1
2025-06-12 14:48:00,64.7
2025-06-12 18:16:00,34.5
2025-06-12 03:51:00,32.9
2025-06-12 22:52:00,43.6
2025-06-12 19:24:00,46.9
2025-06-12 13:45:00,50.29152382078261
2025-06-12 17:43:00,91.9
2025-06-12 19:12:00,50.29152382078261
2025-06-12 06:11:00,35.1
2025-06-12 15:39:00,67.6
2025-06-12 09:47:00,3.9
2025-06-12 00:19:00,26.0
2025-06-12 13:53:00,65.3
2025-06-12 12:37:00,2.9
2025-06-12 04:21:00,90.0
2025-06-12 15:41:00,99.9
2025-06-12 10:32:00,24.0
2025-06-12 16:07:00,42.3
2025-06-12 23:58:00,15.5
2025-06-12 09:35:00,71.6
2025-06-12 13:46:00,59.7
2025-06-12 21:16:00,64.3
2025-06-12 16:53:00,69.2
2025-06-12 09:55:00,37.8
2025-06-12 20:33:00,22.8
2025-06-12 07:11:00,91.6
2025-06-12 01:43:00,62.1
2025-06-12 10:33:00,96.3
2025-06-12 10:26:00,0.7
2025-06-12 17:12:00,98.9
2025-06-12 15:00:00,91.2
2025-06-12 15:11:00,79.6
2025-06-12 12:07:00,62.6
2025-06-12 20:24:00,86.9
2025-06-12 00:05:00,70.1
2025-06-12 22:07:00,50.29152382078261
2025-06-12 18:27:00,45.1
2025-06-12 09:26:00,50.29152382078261
2025-06-12 11:25:00,26.8
2025-06-12 01:33:00,83.2
2025-06-12 14:30:00,50.29152382078261
2025-06-12 07:27:00,61.6
2025-06-12 14:09:00,50.29152382078261
2025-06-12 06:38:00,50.29152382078261
2025-06-12 04:53:00,15.8
2025-06-12 05:09:00,70.7
2025-06-12 22:15:00,50.29152382078261
2025-06-12 10:20:00,9.0
2025-06-12 17:54:00,7.0
2025-06-12 03:42:00,43.6
2025-06-12 09:45:00,9.8
2025-06-12 15:40:00,66.6
2025-06-12 02:52:00,50.29152382078261
2025-06-12 07:15:00,71.8
2025-06-12 07:50:00,50.29152382078261
2025-06-12 00:06:00,67.8
2025-06-12 02:23:00,31.5
2025-06-12 19:22:00,72.0
2025-06-12 16:27:00,30.0
2025-06-12 19:06:00,51.6
2025-06-12 15:30:00,98.3
2025-06-12 05:07:00,50.29152382078261
2025-06-12 03:41:00,21.7
2025-06-12 09:59:00,30.4
2025-06-12 04:39:00,50.29152382078261
2025-06-12 12:14:00,84.8
2025-06-12 11:26:00,50.29152382078261
2025-06-12 13:08:00,74.7
2025-06-12 07:06:00,52.4
2025-06-12 06:00:00,41.8
2025-06-12 04:10:00,60.6
2025-06-12 03:28:00,30.9
2025-06-12 02:30:00,47.4
2025-06-12 18:09:00,23.2
2025-06-12 13:09:00,61.1
2025-06-12 07:57:00,42.7
2025-06-12 22:16:00,93.4
2025-06-12 00:40:00,14.4
2025-06-12 12:48:00,19.4
2025-06-12 20:02:00,93.7
2025-06-12 17:33:00,78.2
2025-06-12 04:05:00,44.3
2025-06-12 12:25:00,64.6
2025-06-12 00:43:00,50.29152382078261
2025-06-12 21:13:00,27.4
2025-06-12 10:07:00,46.3
2025-06-12 21:07:00,45.4
2025-06-12 14:04:00,91.0
2025-06-12 18:17:00,50.29152382078261
2025-06-12 20:48:00,4.8
2025-06-12 18:19:00,37.9
2025-06-12 00:25:00,59.7
2025-06-12 08:55:00,50.0
2025-06-12 21:32:00,67.5
2025-06-12 09:17:00,50.29152382078261
2025-06-12 05:22:00,62.5
2025-06-12 09:37:00,19.6
2025-06-12 13:01:00,63.1
2025-06-12 21:10:00,10.2
2025-06-12 02:42:00,6.2
2025-06-12 07:18:00,50.29152382078261
2025-06-12 01:36:00,50.29152382078261
2025-06-12 02:11:00,47.3
2025-06-12 22:10:00,50.29152382078261
2025-06-12 19:37:00,52.0
2025-06-12 14:08:00,29.3
2025-06-12 01:47:00,10.3
2025-06-12 23:29:00,1.9
2025-06-12 09:58:00,44.5
2025-06-12 09:09:00,50.29152382078261
2025-06-12 03:46:00,66.6
2025-06-12 23:04:00,65.9
2025-06-12 20:25:00,63.4
2025-06-12 17:31:00,20.8
2025-06-12 17:03:00,47.2
2025-06-12 04:22:00,30.4
2025-06-12 10:39:00,34.8
2025-06-12 17:57:00,13.8
2025-06-12 01:27:00,50.29152382078261
2025-06-12 18:52:00,50.29152382078261
2025-06-12 02:07:00,25.9
2025-06-12 06:30:00,88.4
2025-06-12 01:38:00,99.3
2025-06-12 11:51:00,74.6
2025-06-12 21:36:00,32.3
2025-06-12 21:24:00,23.8
2025-06-12 02:59:00,65.2
2025-06-12 12:39:00,56.5
2025-06-12 10:22:00,3.0
2025-06-12 12:08:00,27.8
2025-06-12 21:27:00,69.6
2025-06-12 11:47:00,50.29152382078261
2025-06-12 00:20:00,50.29152382078261
2025-06-12 12:32:00,38.9
2025-06-12 20:58:00,62.1
2025-06-12 00:56:00,89.8
2025-06-12 03:24:00,50.29152382078261
2025-06-12 02:54:00,62.2
2025-06-12 19:48:00,46.4
2025-06-12 04:34:00,50.29152382078261
2025-06-12 13:17:00,50.29152382078261
2025-06-12 02:04:00,65.7
2025-06-12 14:24:00,62.2
2025-06-12 23:09:00,2.7
2025-06-12 23:26:00,33.0
2025-06-12 19:33:00,67.2
2025-06-12 08:43:00,50.29152382078261
2025-06-12 13:14:00,21.7
2025-06-12 09:15:00,11.0
2025-06-12 12:22:00,52.4
2025-06-12 14:11:00,50.29152382078261
2025-06-12 13:30:00,49.8
2025-06-12 19:57:00,50.29152382078261
2025-06-12 22:42:00,1.5
2025-06-12 03:30:00,36.6
2025-06-12 10:31:00,32.9
2025-06-12 07:10:00,64.8
2025-06-12 13:59:00,48.9
2025-06-12 12:28:00,62.0
2025-06-12 22:26:00,50.29152382078261
2025-06-12 22:55:00,62.3
2025-06-12 05:50:00,25.3
2025-06-12 20:45:00,20.9
2025-06-12 09:20:00,29.9
2025-06-12 11:55:00,88.6
2025-06-12 04:33:00,46.7
2025-06-12 09:57:00,35.1
2025-06-12 23:35:00,21.7
2025-06-12 10:06:00,74.0
2025-06-12 04:47:00,17.8
2025-06-12 10:05:00,76.4
2025-06-12 07:33:00,97.7
2025-06-12 08:14:00,50.29152382078261
2025-06-12 05:27:00,32.1
2025-06-12 22:59:00,50.29152382078261
2025-06-12 12:23:00,2.7
2025-06-12 09:56:00,51.1
2025-06-12 03:20:00,28.3
2025-06-12 03:26:00,11.1
2025-06-12 05:04:00,50.29152382078261
2025-06-12 07:40:00,30.0
2025-06-12 22:33:00,24.9
2025-06-12 04:14:00,50.29152382078261
2025-06-12 15:53:00,8.3
2025-06-12 03:01:00,53.3
2025-06-12 00:55:00,49.1
2025-06-12 03:44:00,65.0
2025-06-12 05:21:00,43.1
2025-06-12 10:14:00,44.6
2025-06-12 01:10:00,66.2
2025-06-12 23:01:00,29.3
2025-06-12 04:56:00,50.29152382078261
2025-06-12 16:37:00,17.4
2025-06-12 03:10:00,8.7
2025-06-12 14:10:00,22.9
2025-06-12 23:59:00,74.8
2025-06-12 19:34:00,97.8
2025-06-12 12:50:00,77.7
2025-06-12 00:09:00,50.29152382078261
2025-06-12 06:52:00,17.8
2025-06-12 09:52:00,7.7
2025-06-12 05:57:00,90.4
2025-06-12 19:23:00,50.29152382078261
2025-06-12 17:22:00,22.3
2025-06-12 22:54:00,81.0
2025-06-12 01:56:00,78.5
2025-06-12 11:00:00,8.5
2025-06-12 17:05:00,17.1
2025-06-12 18:12:00,25.3
2025-06-12 11:49:00,80.4
2025-06-12 01:59:00,67.9
2025-06-12 18:33:00,50.29152382078261
2025-06-12 22:58:00,61.9
2025-06-12 00:54:00,49.0
2025-06-12 17:37:00,33.7
2025-06-12 21:59:00,45.4
2025-06-12 23:47:00,45.9
2025-06-12 15:49:00,52.5
2025-06-12 07:20:00,50.29152382078261
2025-06-12 08:16:00,50.29152382078261
2025-06-12 18:04:00,99.4
2025-06-12 14:55:00,50.29152382078261
2025-06-12 02:37:00,85.8
2025-06-12 18:30:00,35.0
2025-06-12 03:09:00,20.1
2025-06-12 15:34:00,10.2
2025-06-12 02:03:00,72.3
2025-06-12 10:13:00,93.8
2025-06-12 00:02:00,50.29152382078261
2025-06-12 05:08:00,95.8
2025-06-12 11:13:00,63.1
2025-06-12 23:32:00,81.1
2025-06-12 12:41:00,48.0
2025-06-12 17:44:00,92.5
2025-06-12 06:12:00,15.9
2025-06-12 01:21:00,19.2
2025-06-12 15:56:00,52.1
2025-06-12 18:59:00,40.1
2025-06-12 07:16:00,62.5
2025-06-12 20:11:00,53.0
2025-06-12 01:34:00,99.9
2025-06-12 03:13:00,62.0
2025-06-12 12:16:00,60.3
2025-06-12 17:36:00,25.4
2025-06-12 09:10:00,90.2
2025-06-12 05:49:00,63.9
2025-06-12 07:54:00,1.9
2025-06-12 08:03:00,6.1
2025-06-12 20:00:00,50.29152382078261
2025-06-12 19:15:00,97.7
2025-06-12 07:14:00,73.5
2025-06-12 05:10:00,58.9
2025-06-12 14:07:00,19.0
2025-06-12 15:14:00,50.29152382078261
2025-06-12 18:55:00,81.3
2025-06-12 19:51:00,12.2
2025-06-12 06:04:00,50.15830883217688
2025-06-12 18:43:00,92.7
2025-06-12 14:58:00,2.2
2025-06-12 19:42:00,80.5
2025-06-12 12:01:00,45.4
2025-06-12 07:25:00,15.7
2025-06-12 02:08:00,51.5
2025-06-12 17:31:00,3.7
2025-06-12 07:43:00,27.7
2025-06-12 22:12:00,13.3
2025-06-12 06:26:00,97.1
2025-06-12 04:18:00,77.3
2025-06-12 12:13:00,36.1
2025-06-12 21:20:00,38.6
2025-06-12 04:30:00,50.15830883217688
2025-06-12 05:10:00,1.3
2025-06-12 12:22:00,14.3
2025-06-12 01:56:00,41.1
2025-06-12 08:52:00,16.9
2025-06-12 02:58:00,50.15830883217688
2025-06-12 05:36:00,39.3
2025-06-12 00:40:00,42.6
2025-06-12 02:13:00,78.1
2025-06-12 19:02:00,50.15830883217688
2025-06-12 23:22:00,50.15830883217688
2025-06-12 03:16:00,88.0
2025-06-12 14:13:00,13.0
2025-06-12 00:51:00,9.5
2025-06-12 09:50:00,77.8
2025-06-12 21:43:00,93.4
2025-06-12 08:48:00,50.15830883217688
2025-06-12 09:59:00,18.6
2025-06-12 05:32:00,41.0
2025-06-12 14:16:00,97.0
2025-06-12 05:45:00,50.15830883217688
2025-06-12 01:08:00,82.5
2025-06-12 11:18:00,92.6
2025-06-12 18:33:00,97.5
2025-06-12 09:54:00,50.15830883217688
2025-06-12 05:21:00,20.2
2025-06-12 14:33:00,81.9
2025-06-12 18:44:00,99.1
2025-06-12 07:07:00,89.1
2025-06-12 09:57:00,58.8
2025-06-12 23:27:00,50.15830883217688
2025-06-12 12:32:00,32.2
2025-06-12 03:36:00,61.3
2025-06-12 13:12:00,45.5
2025-06-12 06:25:00,50.15830883217688
2025-06-12 20:50:00,38.4
2025-06-12 20:45:00,50.15830883217688
2025-06-12 22:10:00,49.9
2025-06-12 22:16:00,30.9
2025-06-12 09:40:00,86.0
2025-06-12 02:31:00,64.6
2025-06-12 08:00:00,50.15830883217688
2025-06-12 19:12:00,46.1
2025-06-12 18:27:00,50.15830883217688
2025-06-12 08:03:00,80.5
2025-06-12 18:23:00,51.3
2025-06-12 18:15:00,75.9
2025-06-12 05:09:00,3.3
2025-06-12 17:39:00,38.9
2025-06-12 12:24:00,21.4
2025-06-12 03:51:00,50.15830883217688
2025-06-12 00:38:00,50.15830883217688
2025-06-12 07:13:00,14.9
2025-06-12 10:12:00,66.1
2025-06-12 15:33:00,50.3
2025-06-12 07:22:00,47.0
2025-06-12 01:04:00,78.0
2025-06-12 02:07:00,20.1
2025-06-12 06:21:00,45.8
2025-06-12 04:07:00,3.9
2025-06-12 14:53:00,16.8
2025-06-12 23:39:00,74.7
2025-06-12 08:26:00,63.8
2025-06-12 02:42:00,59.2
2025-06-12 06:53:00,54.9
2025-06-12 16:42:00,72.1
2025-06-12 12:17:00,50.15830883217688
2025-06-12 19:01:00,37.4
2025-06-12 06:40:00,62.4
2025-06-12 07:42:00,12.0
2025-06-12 18:07:00,0.6
2025-06-12 16:51:00,90.6
2025-06-12 04:23:00,45.8
2025-06-12 04:04:00,99.9
2025-06-12 22:59:00,97.5
2025-06-12 05:18:00,28.4
2025-06-12 17:12:00,61.7
2025-06-12 18:47:00,89.4
2025-06-12 18:51:00,93.9
2025-06-12 19:18:00,99.0
2025-06-12 05:48:00,71.1
2025-06-12 06:16:00,50.15830883217688
2025-06-12 05:22:00,50.15830883217688
2025-06-12 05:54:00,37.3
2025-06-12 18:10:00,8.6
2025-06-12 12:33:00,6.2
2025-06-12 21:25:00,19.9
2025-06-12 10:57:00,50.15830883217688
2025-06-12 22:20:00,44.5
2025-06-12 12:50:00,33.6
2025-06-12 00:11:00,47.2
2025-06-12 04:45:00,74.4
2025-06-12 13:55:00,4.5
2025-06-12 06:28:00,66.8
2025-06-12 03:10:00,10.3
2025-06-12 23:28:00,75.7
2025-06-12 04:58:00,59.4
2025-06-12 03:41:00,79.7
2025-06-12 21:08:00,58.0
2025-06-12 20:42:00,28.6
2025-06-12 21:04:00,50.15830883217688
2025-06-12 13:35:00,34.0
2025-06-12 04:10:00,55.2
2025-06-12 13:16:00,8.4
2025-06-12 07:20:00,43.1
2025-06-12 18:06:00,66.5
2025-06-12 07:14:00,65.5
2025-06-12 13:47:00,28.7
2025-06-12 03:01:00,51.8
2025-06-12 21:50:00,7.9
2025-06-12 07:28:00,97.7
2025-06-12 07:00:00,15.9
2025-06-12 23:51:00,1.3
2025-06-12 06:45:00,8.0
2025-06-12 11:31:00,61.8
2025-06-12 01:10:00,5.6
2025-06-12 05:42:00,6.1
2025-06-12 16:39:00,48.3
2025-06-12 21:58:00,30.6
2025-06-12 17:36:00,95.8
2025-06-12 09:30:00,36.7
2025-06-12 20:49:00,55.7
2025-06-12 09:32:00,50.15830883217688
2025-06-12 00:28:00,50.15830883217688
2025-06-12 10:29:00,24.6
2025-06-12 16:46:00,67.8
2025-06-12 07:16:00,50.15830883217688
2025-06-12 03:05:00,42.7
2025-06-12 16:08:00,90.8
2025-06-12 02:22:00,24.2
2025-06-12 00:13:00,56.2
2025-06-12 07:56:00,38.5
2025-06-12 22:50:00,85.0
2025-06-12 23:36:00,92.8
2025-06-12 01:35:00,32.3
2025-06-12 09:29:00,84.9
2025-06-12 16:20:00,15.5
2025-06-12 11:39:00,46.7
2025-06-12 23:05:00,81.7
2025-06-12 10:48:00,50.15830883217688
2025-06-12 07:17:00,29.5
2025-06-12 00:21:00,62.4
2025-06-12 17:18:00,79.7
2025-06-12 17:33:00,90.8
2025-06-12 10:14:00,3.2
2025-06-12 17:00:00,8.8
2025-06-12 07:46:00,74.6
2025-06-12 05:15:00,33.4
2025-06-12 15:08:00,60.7
2025-06-12 00:18:00,95.0
2025-06-12 13:11:00,49.3
2025-06-12 19:23:00,50.15830883217688
2025-06-12 17:28:00,44.9
2025-06-12 16:15:00,25.8
2025-06-12 06:55:00,96.6
2025-06-12 00:29:00,59.5
2025-06-12 21:32:00,50.15830883217688
2025-06-12 22:39:00,77.9
2025-06-12 01:32:00,83.5
2025-06-12 15:16:00,97.0
2025-06-12 04:06:00,14.3
2025-06-12 20:56:00,86.7
2025-06-12 14:00:00,84.5
2025-06-12 08:39:00,58.1
2025-06-12 23:49:00,29.2
2025-06-12 07:24:00,92.2
2025-06-12 20:48:00,54.5
2025-06-12 17:05:00,98.8
2025-06-12 19:17:00,12.3
2025-06-12 20:18:00,50.15830883217688
2025-06-12 17:19:00,50.15830883217688
2025-06-12 18:36:00,22.0
2025-06-12 08:49:00,43.4
2025-06-12 18:45:00,48.1
2025-06-12 00:50:00,79.5
2025-06-12 10:23:00,41.1
2025-06-12 14:19:00,71.0
2025-06-12 01:18:00,55.1
2025-06-12 17:35:00,50.15830883217688
2025-06-12 19:56:00,57.2
2025-06-12 22:52:00,92.8
2025-06-12 06:42:00,84.5
2025-06-12 20:28:00,84.2
2025-06-12 04:28:00,25.8
2025-06-12 05:07:00,50.15830883217688
2025-06-12 16:02:00,43.5
2025-06-12 10:32:00,74.3
2025-06-12 12:56:00,9.7
2025-06-12 11:11:00,2.9
2025-06-12 08:15:00,70.0
2025-06-12 06:13:00,50.15830883217688
2025-06-12 09:51:00,78.8
2025-06-12 19:55:00,59.5
2025-06-12 01:46:00,90.1
2025-06-12 01:44:00,46.2
2025-06-12 11:57:00,39.2
2025-06-12 23:29:00,6.6
2025-06-12 20:43:00,39.8
2025-06-12 03:06:00,50.15830883217688
2025-06-12 12:59:00,8.4
2025-06-12 03:20:00,69.2
2025-06-12 12:16:00,50.15830883217688
2025-06-12 05:28:00,86.4
2025-06-12 07:59:00,90.7
2025-06-12 22:28:00,64.9
2025-06-12 21:52:00,66.7
2025-06-12 03:38:00,54.0
2025-06-12 21:10:00,1.3
2025-06-12 00:33:00,43.6
2025-06-12 19:31:00,59.0
2025-06-12 03:46:00,50.15830883217688
2025-06-12 22:47:00,48.5
2025-06-12 17:14:00,83.4
2025-06-12 08:18:00,61.7
2025-06-12 20:35:00,6.5
2025-06-12 06:18:00,80.5
2025-06-12 09:18:00,86.3
2025-06-12 09:05:00,37.2
2025-06-12 21:28:00,39.2
2025-06-12 13:57:00,40.0
2025-06-12 21:18:00,75.4
2025-06-12 14:50:00,98.8
2025-06-12 17:03:00,56.9
2025-06-12 19:33:00,72.5
2025-06-12 01:06:00,37.6
2025-06-12 04:56:00,50.15830883217688
2025-06-12 11:16:00,50.15830883217688
2025-06-12 22:05:00,30.0
2025-06-12 11:33:00,69.3
2025-06-12 03:34:00,32.8
2025-06-12 16:17:00,16.6
2025-06-12 13:31:00,50.15830883217688
2025-06-12 05:44:00,12.8
2025-06-12 08:58:00,28.3
2025-06-12 17:52:00,66.4
2025-06-12 19:35:00,27.1
2025-06-12 04:14:00,97.5
2025-06-12 03:23:00,85.2
2025-06-12 19:03:00,4.7
2025-06-12 06:12:00,50.15830883217688
2025-06-12 07:09:00,81.9
2025-06-12 06:09:00,86.8
2025-06-12 01:30:00,17.4
2025-06-12 15:42:00,50.15830883217688
2025-06-12 12:03:00,59.8
2025-06-12 11:43:00,50.15830883217688
2025-06-12 05:27:00,25.2
2025-06-12 10:03:00,70.5
2025-06-12 13:37:00,85.5
2025-06-12 08:55:00,97.2
2025-06-12 10:09:00,22.4
2025-06-12 19:45:00,8.3
2025-06-12 11:07:00,50.15830883217688
2025-06-12 15:15:00,82.9
2025-06-12 06:44:00,61.0
2025-06-12 15:32:00,75.3
2025-06-12 19:38:00,69.4
2025-06-12 03:17:00,42.9
2025-06-12 00:44:00,45.2
2025-06-12 13:54:00,50.15830883217688
2025-06-12 01:07:00,92.1
2025-06-12 09:04:00,83.2
2025-06-12 03:12:00,89.1
2025-06-12 06:05:00,40.7
2025-06-12 19:19:00,68.8
2025-06-12 05:57:00,92.9
2025-06-12 06:46:00,50.15830883217688
2025-06-12 08:10:00,94.9
2025-06-12 08:36:00,81.2
2025-06-12 21:41:00,42.3
2025-06-12 23:53:00,46.9
2025-06-12 09:27:00,16.9
2025-06-12 19:13:00,52.2
2025-06-12 05:59:00,85.0
2025-06-12 07:21:00,29.6
2025-06-12 09:11:00,15.9
2025-06-12 20:36:00,12.8
2025-06-12 06:19:00,76.9
2025-06-12 00:42:00,63.4
2025-06-12 03:22:00,98.4
2025-06-12 14:02:00,32.1
2025-06-12 10:06:00,3.4
2025-06-12 18:39:00,51.2
2025-06-12 13:06:00,36.5
2025-06-12 21:22:00,61.6
2025-06-12 02:30:00,31.5
2025-06-12 10:44:00,68.5
2025-06-12 02:12:00,4.6
2025-06-12 13:43:00,50.5
2025-06-12 03:18:00,50.8
2025-06-12 08:57:00,75.9
2025-06-12 07:11:00,19.9
2025-06-12 22:45:00,20.9
2025-06-12 14:51:00,83.4
2025-06-12 13:17:00,50.05645730416373
2025-06-12 18:18:00,47.7
2025-06-12 10:43:00,52.3
2025-06-12 01:47:00,36.0
2025-06-12 10:14:00,62.1
2025-06-12 09:55:00,50.05645730416373
2025-06-12 07:00:00,40.3
2025-06-12 14:13:00,1.5
2025-06-12 11:30:00,25.3
2025-06-12 08:54:00,80.8
2025-06-12 17:34:00,80.2
2025-06-12 22:40:00,64.2
2025-06-12 06:13:00,88.4
2025-06-12 03:56:00,41.7
2025-06-12 02:16:00,17.3
2025-06-12 04:16:00,47.6
2025-06-12 21:14:00,7.9
2025-06-12 07:05:00,50.05645730416373
2025-06-12 01:50:00,41.1
2025-06-12 23:32:00,9.2
2025-06-12 11:52:00,28.0
2025-06-12 23:50:00,47.1
2025-06-12 15:22:00,3.9
2025-06-12 16:00:00,87.0
2025-06-12 00:44:00,73.7
2025-06-12 16:10:00,72.3
2025-06-12 14:14:00,5.2
2025-06-12 19:45:00,55.2
2025-06-12 02:54:00,50.05645730416373
2025-06-12 22:42:00,81.9
2025-06-12 12:02:00,50.05645730416373
2025-06-12 18:55:00,50.05645730416373
2025-06-12 18:44:00,50.9
2025-06-12 02:50:00,25.6
2025-06-12 10:27:00,50.05645730416373
2025-06-12 10:45:00,58.5
2025-06-12 15:17:00,36.6
2025-06-12 08:28:00,17.8
2025-06-12 11:45:00,45.4
2025-06-12 03:12:00,42.9
2025-06-12 23:58:00,50.05645730416373
2025-06-12 22:56:00,64.3
2025-06-12 22:08:00,31.8
2025-06-12 20:29:00,50.05645730416373
2025-06-12 06:22:00,85.3
2025-06-12 00:47:00,37.4
2025-06-12 00:35:00,79.9
2025-06-12 14:30:00,47.9
2025-06-12 21:49:00,69.3
2025-06-12 20:49:00,50.05645730416373
2025-06-12 14:47:00,68.6
2025-06-12 23:07:00,17.7
2025-06-12 06:52:00,59.1
2025-06-12 19:24:00,75.8
2025-06-12 02:09:00,68.1
2025-06-12 12:27:00,58.4
2025-06-12 20:22:00,50.05645730416373
2025-06-12 06:17:00,50.05645730416373
2025-06-12 20:32:00,56.9
2025-06-12 17:01:00,85.7
2025-06-12 04:06:00,19.9
2025-06-12 12:23:00,41.1
2025-06-12 06:39:00,57.0
2025-06-12 03:51:00,44.6
2025-06-12 13:08:00,73.1
2025-06-12 04:37:00,90.5
2025-06-12 04:25:00,30.6
2025-06-12 11:03:00,26.9
2025-06-12 03:21:00,76.1
2025-06-12 22:24:00,69.7
2025-06-12 03:09:00,83.9
2025-06-12 22:20:00,30.9
2025-06-12 12:04:00,22.5
2025-06-12 22:15:00,28.7
2025-06-12 23:30:00,80.1
2025-06-12 22:01:00,93.3
2025-06-12 21:06:00,50.05645730416373
2025-06-12 01:33:00,17.5
2025-06-12 04:48:00,47.1
2025-06-12 19:34:00,99.7
2025-06-12 18:17:00,39.3
2025-06-12 11:25:00,24.8
2025-06-12 14:42:00,97.3
2025-06-12 03:11:00,39.1
2025-06-12 16:29:00,50.05645730416373
2025-06-12 06:33:00,50.05645730416373
2025-06-12 22:09:00,50.05645730416373
2025-06-12 18:16:00,94.8
2025-06-12 03:16:00,60.1
2025-06-12 16:36:00,31.6
2025-06-12 18:32:00,95.5
2025-06-12 17:30:00,60.3
2025-06-12 22:29:00,64.7
2025-06-12 09:17:00,25.1
2025-06-12 11:59:00,50.05645730416373
2025-06-12 10:26:00,26.4
2025-06-12 16:40:00,76.3
2025-06-12 09:07:00,80.2
2025-06-12 12:06:00,19.2
2025-06-12 18:47:00,22.2
2025-06-12 11:11:00,43.6
2025-06-12 04:07:00,73.9
2025-06-12 17:40:00,95.8
2025-06-12 08:37:00,93.6
2025-06-12 01:11:00,43.6
2025-06-12 21:34:00,60.1
2025-06-12 16:20:00,23.2
2025-06-12 12:52:00,5.3
2025-06-12 17:38:00,12.7
2025-06-12 14:44:00,49.5
2025-06-12 13:14:00,50.05645730416373
2025-06-12 08:16:00,86.4
2025-06-12 13:28:00,20.4
2025-06-12 05:41:00,13.8
2025-06-12 08:17:00,51.2
2025-06-12 03:20:00,72.6
2025-06-12 14:57:00,50.05645730416373
2025-06-12 05:37:00,37.0
2025-06-12 15:53:00,64.5
2025-06-12 11:01:00,2.8
2025-06-12 07:10:00,47.0
2025-06-12 11:43:00,93.3
2025-06-12 20:31:00,91.6
2025-06-12 09:56:00,13.4
2025-06-12 05:58:00,95.3
2025-06-12 14:20:00,50.05645730416373
2025-06-12 01:38:00,6.6
2025-06-12 05:17:00,56.3
2025-06-12 02:44:00,92.7
2025-06-12 08:43:00,49.2
2025-06-12 19:17:00,55.5
2025-06-12 23:23:00,97.4
2025-06-12 13:35:00,11.6
2025-06-12 23:13:00,87.8
2025-06-12 16:39:00,15.8
2025-06-12 02:34:00,61.3
2025-06-12 07:25:00,51.6
2025-06-12 12:49:00,21.9
2025-06-12 08:21:00,29.2
2025-06-12 18:58:00,11.3
2025-06-12 07:38:00,47.9
2025-06-12 15:39:00,9.5
2025-06-12 07:45:00,7.9
2025-06-12 03:01:00,16.4
2025-06-12 18:00:00,59.3
2025-06-12 14:03:00,16.5
2025-06-12 12:39:00,28.2
2025-06-12 01:13:00,50.05645730416373
2025-06-12 04:33:00,50.05645730416373
2025-06-12 04:13:00,89.7
2025-06-12 06:29:00,32.8
2025-06-12 14:23:00,20.3
2025-06-12 02:31:00,50.05645730416373
2025-06-12 07:04:00,68.8
2025-06-12 06:35:00,33.6
2025-06-12 16:19:00,85.4
2025-06-12 08:30:00,50.05645730416373
2025-06-12 10:00:00,77.8
2025-06-12 04:40:00,50.05645730416373
2025-06-12 21:05:00,15.9
2025-06-12 15:59:00,92.1
2025-06-12 01:42:00,87.2
2025-06-12 01:56:00,60.1
2025-06-12 20:13:00,31.1
2025-06-12 13:21:00,63.3
2025-06-12 21:33:00,5.1
2025-06-12 00:07:00,38.8
2025-06-12 19:42:00,50.05645730416373
2025-06-12 01:21:00,31.6
2025-06-12 08:42:00,28.7
2025-06-12 18:43:00,35.9
2025-06-12 09:48:00,49.7
2025-06-12 19:00:00,43.5
2025-06-12 15:18:00,50.05645730416373
2025-06-12 07:54:00,50.05645730416373
2025-06-12 19:23:00,35.4
2025-06-12 11:26:00,12.4
2025-06-12 03:14:00,21.6
2025-06-12 05:16:00,71.8
2025-06-12 21:47:00,74.7
2025-06-12 14:08:00,50.05645730416373
2025-06-12 22:50:00,38.4
2025-06-12 22:07:00,80.3
2025-06-12 18:41:00,1.9
2025-06-12 15:51:00,50.05645730416373
2025-06-12 15:52:00,69.5
2025-06-12 19:26:00,50.05645730416373
2025-06-12 08:22:00,68.0
2025-06-12 16:41:00,50.05645730416373
2025-06-12 00:52:00,2.8
2025-06-12 00:22:00,50.05645730416373
2025-06-12 09:16:00,83.5
2025-06-12 04:11:00,97.0
2025-06-12 09:35:00,27.4
2025-06-12 01:15:00,35.3
2025-06-12 09:37:00,71.5
2025-06-12 00:10:00,76.5
2025-06-12 06:58:00,90.1
2025-06-12 11:41:00,58.3
2025-06-12 20:53:00,0.7
2025-06-12 05:19:00,18.9
2025-06-12 16:54:00,50.05645730416373
2025-06-12 11:37:00,27.3
2025-06-12 14:28:00,50.05645730416373
2025-06-12 21:19:00,67.6
2025-06-12 19:21:00,46.6
2025-06-12 06:28:00,37.3
2025-06-12 01:48:00,67.8
2025-06-12 03:50:00,50.05645730416373
2025-06-12 21:04:00,98.1
2025-06-12 18:56:00,73.2
2025-06-12 21:43:00,58.7
2025-06-12 18:21:00,32.7
2025-06-12 13:15:00,61.5
2025-06-12 23:41:00,21.4
2025-06-12 05:51:00,16.5
2025-06-12 06:20:00,87.4
2025-06-12 13:05:00,56.6
2025-06-12 00:23:00,27.6
2025-06-12 18:39:00,56.5
2025-06-12 18:28:00,91.5
2025-06-12 02:57:00,50.05645730416373
2025-06-12 07:16:00,86.9
2025-06-12 00:14:00,4.7
2025-06-12 21:22:00,48.2
2025-06-12 04:08:00,18.3
2025-06-12 18:11:00,8.6
2025-06-12 10:38:00,1.2
2025-06-12 03:54:00,12.2
2025-06-12 00:01:00,89.9
2025-06-12 16:08:00,50.05645730416373
2025-06-12 10:11:00,39.3
2025-06-12 22:21:00,64.9
2025-06-12 23:57:00,7.1
2025-06-12 17:27:00,15.5
2025-06-12 16:52:00,75.6
2025-06-12 05:04:00,77.5
2025-06-12 01:23:00,63.1
2025-06-12 03:15:00,0.9
2025-06-12 03:52:00,50.05645730416373
2025-06-12 15:45:00,9.9
2025-06-12 23:29:00,50.05645730416373
2025-06-12 02:10:00,92.8
2025-06-12 23:53:00,58.2
2025-06-12 02:33:00,38.7
2025-06-12 03:57:00,50.05645730416373
2025-06-12 01:03:00,28.1
2025-06-12 20:25:00,72.1
2025-06-12 00:02:00,61.0
2025-06-12 19:15:00,24.9
2025-06-12 15:25:00,43.3
2025-06-12 07:07:00,73.3
2025-06-12 06:54:00,62.9
2025-06-12 16:18:00,60.1
2025-06-12 02:00:00,9.8
2025-06-12 23:02:00,50.05645730416373
2025-06-12 12:09:00,77.7
2025-06-12 19:58:00,28.4
2025-06-12 06:37:00,64.6
2025-06-12 15:44:00,40.8
2025-06-12 13:53:00,14.8
2025-06-12 11:07:00,28.6
2025-06-12 09:25:00,64.2
2025-06-12 15:35:00,31.3
2025-06-12 09:38:00,56.2
2025-06-12 00:36:00,3.7
2025-06-12 21:23:00,50.05645730416373
2025-06-12 23:42:00,67.8
2025-06-12 15:19:00,26.2
2025-06-12 03:04:00,37.7
2025-06-12 23:11:00,28.0
2025-06-12 20:58:00,66.4
2025-06-12 01:17:00,70.7
2025-06-12 06:19:00,59.1
2025-06-12 11:19:00,3.8
2025-06-12 05:57:00,7.9
2025-06-12 11:18:00,67.6
2025-06-12 18:03:00,34.8
2025-06-12 06:08:00,23.2
2025-06-12 11:02:00,50.05645730416373
2025-06-12 15:03:00,50.05645730416373
2025-06-12 17:08:00,50.05645730416373
2025-06-12 05:49:00,36.4
2025-06-12 02:58:00,64.5
2025-06-12 12:45:00,8.0
2025-06-12 11:05:00,21.4
2025-06-12 03:36:00,98.7
2025-06-12 21:25:00,55.2
2025-06-12 20:38:00,96.6
2025-06-12 14:18:00,24.1
2025-06-12 02:36:00,50.05645730416373
2025-06-12 19:36:00,68.1
2025-06-12 00:38:00,27.5
2025-06-12 22:28:00,99.1
2025-06-12 15:58:00,11.3
2025-06-12 15:50:00,85.0
2025-06-12 12:35:00,14.6
2025-06-12 13:09:00,87.8
2025-06-12 08:13:00,15.2
2025-06-12 01:51:00,43.3
2025-06-12 10:47:00,20.5
2025-06-12 16:04:00,10.8
2025-06-12 23:39:00,69.0
2025-06-12 05:39:00,40.8
2025-06-12 05:08:00,29.4
2025-06-12 08:27:00,38.3
2025-06-12 21:44:00,1.1
2025-06-12 10:24:00,20.3
2025-06-12 17:41:00,71.1
2025-06-12 14:58:00,49.90502819548872
2025-06-12 12:45:00,95.3
2025-06-12 01:00:00,84.1
2025-06-12 12:12:00,42.1
2025-06-12 12:34:00,49.90502819548872
2025-06-12 20:12:00,5.9
2025-06-12 08:58:00,98.1
2025-06-12 07:12:00,44.1
2025-06-12 13:03:00,5.7
2025-06-12 15:14:00,83.2
2025-06-12 15:48:00,26.8
2025-06-12 04:23:00,19.6
2025-06-12 18:24:00,72.0
2025-06-12 22:15:00,61.1
2025-06-12 01:28:00,28.3
2025-06-12 01:44:00,52.4
2025-06-12 07:32:00,49.90502819548872
2025-06-12 19:17:00,54.5
2025-06-12 10:51:00,49.0
2025-06-12 01:03:00,94.7
2025-06-12 22:46:00,5.8
2025-06-12 09:21:00,57.3
2025-06-12 22:39:00,49.90502819548872
2025-06-12 20:49:00,49.90502819548872
2025-06-12 14:40:00,68.5
2025-06-12 13:42:00,59.4
2025-06-12 02:08:00,62.5
2025-06-12 20:22:00,90.5
2025-06-12 03:35:00,49.90502819548872
2025-06-12 22:11:00,42.9
2025-06-12 03:50:00,11.8
2025-06-12 01:34:00,49.90502819548872
2025-06-12 16:35:00,27.7
2025-06-12 10:12:00,1.3
2025-06-12 01:05:00,14.2
2025-06-12 11:20:00,24.9
2025-06-12 08:32:00,53.2
2025-06-12 19:23:00,50.0
2025-06-12 09:29:00,42.7
2025-06-12 15:42:00,5.4
2025-06-12 09:34:00,76.8
2025-06-12 22:42:00,61.5
2025-06-12 14:06:00,11.8
2025-06-12 23:34:00,9.1
2025-06-12 10:14:00,49.90502819548872
2025-06-12 20:55:00,46.5
2025-06-12 10:42:00,4.5
2025-06-12 13:53:00,61.0
2025-06-12 23:11:00,84.9
2025-06-12 12:33:00,73.8
2025-06-12 09:47:00,33.7
2025-06-12 09:12:00,57.8
2025-06-12 06:18:00,49.90502819548872
2025-06-12 06:19:00,3.5
2025-06-12 17:23:00,49.90502819548872
2025-06-12 16:01:00,1.6
2025-06-12 07:03:00,27.1
2025-06-12 16:02:00,49.90502819548872
2025-06-12 16:40:00,85.6
2025-06-12 00:02:00,80.8
2025-06-12 07:08:00,58.9
2025-06-12 00:44:00,75.4
2025-06-12 05:55:00,47.0
2025-06-12 16:36:00,44.6
2025-06-12 04:49:00,8.4
2025-06-12 16:57:00,60.3
2025-06-12 14:24:00,23.3
2025-06-12 01:46:00,79.6
2025-06-12 09:08:00,63.1
2025-06-12 08:12:00,78.5
2025-06-12 12:20:00,46.3
2025-06-12 09:55:00,49.90502819548872
2025-06-12 21:01:00,52.9
2025-06-12 00:57:00,39.7
2025-06-12 19:50:00,70.0
2025-06-12 03:20:00,3.4
2025-06-12 15:07:00,49.90502819548872
2025-06-12 16:56:00,60.5
2025-06-12 04:25:00,49.90502819548872
2025-06-12 02:06:00,64.5
2025-06-12 03:38:00,49.90502819548872
2025-06-12 14:07:00,49.90502819548872
2025-06-12 19:48:00,5.0
2025-06-12 20:25:00,86.4
2025-06-12 04:50:00,34.5
2025-06-12 15:54:00,3.5
2025-06-12 19:42:00,89.7
2025-06-12 23:16:00,49.90502819548872
2025-06-12 14:37:00,3.3
2025-06-12 23:47:00,92.9
2025-06-12 05:43:00,19.6
2025-06-12 02:38:00,4.6
2025-06-12 20:26:00,68.1
2025-06-12 21:22:00,76.8
2025-06-12 08:27:00,80.0
2025-06-12 19:15:00,23.4
2025-06-12 11:53:00,51.7
2025-06-12 07:25:00,72.5
2025-06-12 17:34:00,39.0
2025-06-12 19:26:00,28.9
2025-06-12 03:22:00,80.8
2025-06-12 17:56:00,51.3
2025-06-12 11:03:00,49.90502819548872
2025-06-12 07:13:00,15.1
2025-06-12 01:33:00,89.1
2025-06-12 19:45:00,23.0
2025-06-12 20:51:00,17.6
2025-06-12 22:24:00,53.9
2025-06-12 14:18:00,89.2
2025-06-12 19:22:00,94.1
2025-06-12 06:26:00,49.90502819548872
2025-06-12 19:08:00,67.7
2025-06-12 18:41:00,94.7
2025-06-12 22:36:00,11.6
2025-06-12 05:40:00,29.1
2025-06-12 10:21:00,66.4
2025-06-12 11:59:00,59.1
2025-06-12 09:23:00,76.8
2025-06-12 19:24:00,92.2
2025-06-12 22:38:00,49.90502819548872
2025-06-12 15:09:00,29.7
2025-06-12 18:23:00,41.9
2025-06-12 18:59:00,49.90502819548872
2025-06-12 02:40:00,24.7
2025-06-12 19:31:00,9.3
2025-06-12 03:15:00,94.4
2025-06-12 12:02:00,70.4
2025-06-12 06:06:00,19.9
2025-06-12 06:36:00,86.0
2025-06-12 18:05:00,8.0
2025-06-12 10:05:00,49.90502819548872
2025-06-12 19:09:00,59.6
2025-06-12 16:05:00,97.6
2025-06-12 20:53:00,98.9
2025-06-12 09:39:00,49.90502819548872
2025-06-12 00:35:00,86.2
2025-06-12 05:13:00,54.4
2025-06-12 03:27:00,73.6
2025-06-12 17:07:00,84.0
2025-06-12 21:57:00,96.1
2025-06-12 10:55:00,89.4
2025-06-12 08:56:00,99.1
2025-06-12 18:46:00,47.0
2025-06-12 05:10:00,42.3
2025-06-12 06:01:00,14.4
2025-06-12 02:43:00,21.8
2025-06-12 22:13:00,29.3
2025-06-12 19:59:00,49.90502819548872
2025-06-12 22:43:00,92.5
2025-06-12 17:26:00,49.90502819548872
2025-06-12 19:13:00,32.2
2025-06-12 17:05:00,85.0
2025-06-12 10:20:00,4.0
2025-06-12 15:27:00,14.3
2025-06-12 08:43:00,36.1
2025-06-12 06:42:00,13.9
2025-06-12 09:44:00,31.6
2025-06-12 05:35:00,50.1
2025-06-12 21:04:00,11.3
2025-06-12 15:33:00,49.90502819548872
2025-06-12 09:46:00,49.90502819548872
2025-06-12 06:38:00,68.9
2025-06-12 02:10:00,29.8
2025-06-12 01:14:00,33.0
2025-06-12 03:02:00,24.5
2025-06-12 05:17:00,49.90502819548872
2025-06-12 05:23:00,49.90502819548872
2025-06-12 00:52:00,87.9
2025-06-12 08:17:00,83.2
2025-06-12 17:38:00,88.8
2025-06-12 00:22:00,90.2
2025-06-12 19:38:00,3.8
2025-06-12 06:12:00,88.0
2025-06-12 21:02:00,49.90502819548872
2025-06-12 23:18:00,61.2
2025-06-12 12:53:00,76.6
2025-06-12 20:38:00,63.0
2025-06-12 20:08:00,33.5
2025-06-12 13:20:00,0.2
2025-06-12 11:21:00,6.7
2025-06-12 11:48:00,16.2
2025-06-12 03:54:00,53.7
2025-06-12 01:18:00,13.2
2025-06-12 06:09:00,30.3
2025-06-12 15:55:00,19.5
2025-06-12 02:00:00,58.7
2025-06-12 16:54:00,60.3
2025-06-12 05:47:00,37.7
2025-06-12 01:11:00,80.8
2025-06-12 12:59:00,52.2
2025-06-12 10:23:00,32.6
2025-06-12 21:45:00,8.5
2025-06-12 10:11:00,49.90502819548872
2025-06-12 19:53:00,62.2
2025-06-12 05:01:00,41.8
2025-06-12 17:03:00,52.2
2025-06-12 19:30:00,29.7
2025-06-12 20:14:00,84.5
2025-06-12 20:50:00,48.0
2025-06-12 18:20:00,49.6
2025-06-12 21:56:00,39.3
2025-06-12 11:45:00,54.0
2025-06-12 13:05:00,15.3
2025-06-12 00:54:00,41.9
2025-06-12 20:01:00,96.3
2025-06-12 13:55:00,41.0
2025-06-12 23:57:00,70.0
2025-06-12 05:07:00,30.4
2025-06-12 22:50:00,88.9
2025-06-12 15:03:00,76.1
2025-06-12 20:16:00,70.5
2025-06-12 02:19:00,1.1
2025-06-12 08:04:00,35.3
2025-06-12 10:10:00,76.7
2025-06-12 11:30:00,76.4
2025-06-12 18:01:00,35.7
2025-06-12 15:18:00,25.3
2025-06-12 02:53:00,32.0
2025-06-12 06:02:00,55.0
2025-06-12 08:30:00,12.0
2025-06-12 15:17:00,8.4
2025-06-12 13:39:00,90.4
2025-06-12 16:28:00,83.9
2025-06-12 22:06:00,43.5
2025-06-12 22:00:00,49.90502819548872
2025-06-12 18:18:00,28.0
2025-06-12 07:07:00,49.90502819548872
2025-06-12 05:08:00,14.6
2025-06-12 23:26:00,11.5
2025-06-12 13:06:00,49.90502819548872
2025-06-12 03:29:00,29.2
2025-06-12 20:34:00,14.8
2025-06-12 22:44:00,75.1
2025-06-12 02:09:00,7.9
2025-06-12 01:15:00,49.90502819548872
2025-06-12 05:21:00,75.3
2025-06-12 17:54:00,45.7
2025-06-12 20:39:00,81.0
2025-06-12 06:31:00,49.90502819548872
2025-06-12 02:17:00,64.6
2025-06-12 17:14:00,32.9
2025-06-12 21:36:00,49.90502819548872
2025-06-12 12:52:00,57.0
2025-06-12 02:24:00,9.7
2025-06-12 21:49:00,49.90502819548872
2025-06-12 02:32:00,44.1
2025-06-12 00:27:00,47.6
2025-06-12 10:53:00,68.1
2025-06-12 19:57:00,40.3
2025-06-12 11:02:00,68.4
2025-06-12 23:58:00,87.2
2025-06-12 01:24:00,97.7
2025-06-12 22:54:00,56.3
2025-06-12 13:57:00,0.2
2025-06-12 15:34:00,19.2
2025-06-12 11:58:00,82.2
2025-06-12 09:24:00,57.9
2025-06-12 20:18:00,5.3
2025-06-12 10:43:00,35.4
2025-06-12 16:12:00,69.0
2025-06-12 21:25:00,44.3
2025-06-12 19:10:00,63.8
2025-06-12 22:58:00,34.0
2025-06-12 23:10:00,78.5
2025-06-12 16:32:00,71.4
2025-06-12 13:56:00,16.0
2025-06-12 20:06:00,19.3
2025-06-12 23:28:00,14.6
2025-06-12 11:17:00,49.90502819548872
2025-06-12 23:45:00,59.9
2025-06-12 03:00:00,51.9
2025-06-12 11:55:00,49.90502819548872
2025-06-12 08:33:00,7.2
2025-06-12 09:02:00,49.90502819548872
2025-06-12 09:26:00,3.9
2025-06-12 01:27:00,86.2
2025-06-12 00:43:00,35.6
2025-06-12 19:11:00,91.5
2025-06-12 03:44:00,52.7
2025-06-12 14:43:00,76.5
2025-06-12 01:04:00,49.90502819548872
2025-06-12 20:14:00,65.6
2025-06-12 14:43:00,80.8
2025-06-12 21:44:00,50.475078938135894
2025-06-12 02:21:00,40.3
2025-06-12 19:06:00,99.2
2025-06-12 16:14:00,85.5
2025-06-12 15:40:00,62.3
2025-06-12 22:29:00,66.5
2025-06-12 15:26:00,6.3
2025-06-12 12:54:00,76.2
2025-06-12 11:24:00,66.9
2025-06-12 19:12:00,85.2
2025-06-12 03:03:00,38.7
2025-06-12 16:23:00,32.4
2025-06-12 06:12:00,13.2
2025-06-12 06:57:00,73.6
2025-06-12 15:06:00,94.2
2025-06-12 17:38:00,50.475078938135894
2025-06-12 16:16:00,32.4
2025-06-12 01:52:00,73.6
2025-06-12 06:02:00,20.2
2025-06-12 02:10:00,50.475078938135894
2025-06-12 12:52:00,67.8
2025-06-12 18:41:00,64.1
2025-06-12 05:46:00,50.475078938135894
2025-06-12 01:08:00,65.7
2025-06-12 04:32:00,94.7
2025-06-12 01:04:00,84.4
2025-06-12 00:30:00,96.6
2025-06-12 18:27:00,50.475078938135894
2025-06-12 08:06:00,91.1
2025-06-12 13:13:00,1.1
2025-06-12 11:55:00,76.1
2025-06-12 20:01:00,50.475078938135894
2025-06-12 16:03:00,50.475078938135894
2025-06-12 18:51:00,0.7
2025-06-12 15:58:00,32.9
2025-06-12 21:56:00,55.9
2025-06-12 00:03:00,98.7
2025-06-12 06:06:00,98.0
2025-06-12 00:28:00,90.3
2025-06-12 19:31:00,50.2
2025-06-12 12:46:00,89.9
2025-06-12 19:04:00,50.475078938135894
2025-06-12 04:12:00,50.475078938135894
2025-06-12 06:42:00,61.2
2025-06-12 04:04:00,50.2
2025-06-12 16:52:00,16.3
2025-06-12 19:07:00,71.2
2025-06-12 07:44:00,18.1
2025-06-12 18:24:00,31.2
2025-06-12 09:22:00,87.5
2025-06-12 10:50:00,65.0
2025-06-12 22:41:00,39.3
2025-06-12 01:29:00,9.2
2025-06-12 22:09:00,50.475078938135894
2025-06-12 10:12:00,50.475078938135894
2025-06-12 13:04:00,89.0
2025-06-12 15:23:00,19.9
2025-06-12 22:33:00,98.7
2025-06-12 14:49:00,50.475078938135894
2025-06-12 07:19:00,45.7
2025-06-12 04:59:00,60.1
2025-06-12 13:06:00,69.1
2025-06-12 07:52:00,91.7
2025-06-12 22:16:00,22.0
2025-06-12 18:59:00,53.6
2025-06-12 18:55:00,23.7
2025-06-12 06:17:00,44.2
2025-06-12 05:39:00,12.7
2025-06-12 18:10:00,50.475078938135894
2025-06-12 19:28:00,99.5
2025-06-12 14:00:00,84.5
2025-06-12 00:43:00,67.4
2025-06-12 02:35:00,69.5
2025-06-12 20:18:00,19.9
2025-06-12 23:39:00,99.7
2025-06-12 05:38:00,43.4
2025-06-12 17:06:00,81.7
2025-06-12 13:55:00,89.7
2025-06-12 12:32:00,48.1
2025-06-12 20:07:00,50.475078938135894
2025-06-12 06:56:00,7.9
2025-06-12 20:36:00,29.0
2025-06-12 02:44:00,63.2
2025-06-12 11:07:00,50.475078938135894
2025-06-12 12:51:00,53.0
2025-06-12 14:03:00,75.0
2025-06-12 22:38:00,54.2
2025-06-12 10:57:00,19.1
2025-06-12 12:36:00,61.6
2025-06-12 00:42:00,50.475078938135894
2025-06-12 20:51:00,58.1
2025-06-12 04:50:00,5.2
2025-06-12 14:16:00,50.475078938135894
2025-06-12 00:34:00,35.8
2025-06-12 02:42:00,27.4
2025-06-12 05:40:00,84.3
2025-06-12 07:30:00,54.6
2025-06-12 23:45:00,95.1
2025-06-12 04:23:00,45.2
2025-06-12 01:43:00,25.7
2025-06-12 01:15:00,50.475078938135894
2025-06-12 10:51:00,39.5
2025-06-12 15:57:00,74.8
2025-06-12 23:30:00,16.5
2025-06-12 14:18:00,30.5
2025-06-12 06:10:00,64.6
2025-06-12 17:10:00,6.2
2025-06-12 16:10:00,37.6
2025-06-12 01:53:00,8.7
2025-06-12 23:43:00,50.475078938135894
2025-06-12 20:30:00,8.8
2025-06-12 06:31:00,38.0
2025-06-12 19:41:00,50.475078938135894
2025-06-12 16:46:00,65.6
2025-06-12 20:37:00,15.1
2025-06-12 14:39:00,38.0
2025-06-12 23:24:00,42.8
2025-06-12 07:34:00,20.3
2025-06-12 02:56:00,45.3
2025-06-12 15:19:00,83.6
2025-06-12 06:55:00,50.475078938135894
2025-06-12 21:12:00,74.9
2025-06-12 21:17:00,12.5
2025-06-12 09:14:00,91.1
2025-06-12 03:24:00,32.9
2025-06-12 05:06:00,53.8
2025-06-12 17:43:00,69.9
2025-06-12 05:47:00,10.6
2025-06-12 14:58:00,36.0
2025-06-12 12:59:00,18.9
2025-06-12 08:02:00,49.4
2025-06-12 13:15:00,50.475078938135894
2025-06-12 09:56:00,50.475078938135894
2025-06-12 09:13:00,36.8
2025-06-12 04:20:00,50.475078938135894
2025-06-12 09:36:00,3.1
2025-06-12 08:58:00,61.2
2025-06-12 13:56:00,48.1
2025-06-12 22:02:00,24.5
2025-06-12 20:00:00,97.3
2025-06-12 17:08:00,18.0
2025-06-12 02:40:00,72.1
2025-06-12 01:01:00,59.3
2025-06-12 13:47:00,58.5
2025-06-12 00:02:00,50.475078938135894
2025-06-12 01:07:00,75.3
2025-06-12 15:49:00,13.9
2025-06-12 21:37:00,33.0
2025-06-12 20:40:00,98.6
2025-06-12 13:23:00,34.2
2025-06-12 09:48:00,12.3
2025-06-12 17:55:00,63.1
2025-06-12 10:55:00,26.4
2025-06-12 07:08:00,79.3
2025-06-12 03:27:00,72.0
2025-06-12 16:13:00,50.475078938135894
2025-06-12 12:50:00,20.8
2025-06-12 21:21:00,50.475078938135894
2025-06-12 09:27:00,42.3
2025-06-12 01:00:00,93.1
2025-06-12 05:13:00,40.5
2025-06-12 19:02:00,60.8
2025-06-12 11:58:00,50.475078938135894
2025-06-12 05:32:00,75.4
2025-06-12 10:30:00,47.4
2025-06-12 08:54:00,20.1
2025-06-12 15:13:00,76.9
2025-06-12 23:05:00,10.7
2025-06-12 06:45:00,17.1
2025-06-12 19:26:00,21.4
2025-06-12 09:06:00,50.475078938135894
2025-06-12 07:27:00,50.475078938135894
2025-06-12 01:36:00,50.475078938135894
2025-06-12 21:58:00,58.8
2025-06-12 03:20:00,93.5
2025-06-12 17:31:00,97.1
2025-06-12 03:29:00,68.7
2025-06-12 01:09:00,67.5
2025-06-12 09:34:00,93.2
2025-06-12 11:34:00,80.3
2025-06-12 04:15:00,7.5
2025-06-12 19:00:00,79.8
2025-06-12 10:40:00,50.475078938135894
2025-06-12 16:19:00,0.5
2025-06-12 01:28:00,9.4
2025-06-12 06:41:00,21.6
2025-06-12 09:08:00,31.9
2025-06-12 17:01:00,0.9
2025-06-12 07:31:00,55.6
2025-06-12 21:01:00,15.5
2025-06-12 10:21:00,88.8
2025-06-12 05:59:00,29.6
2025-06-12 03:41:00,14.1
2025-06-12 18:52:00,76.1
2025-06-12 13:57:00,19.0
2025-06-12 15:22:00,95.8
2025-06-12 17:29:00,82.3
2025-06-12 09:30:00,35.0
2025-06-12 02:36:00,47.1
2025-06-12 04:46:00,99.4
2025-06-12 02:48:00,10.0
2025-06-12 04:41:00,50.475078938135894
2025-06-12 22:08:00,61.3
2025-06-12 12:15:00,63.0
2025-06-12 20:52:00,70.7
2025-06-12 23:08:00,96.0
2025-06-12 12:28:00,50.475078938135894
2025-06-12 02:26:00,86.4
2025-06-12 23:51:00,57.7
2025-06-12 13:26:00,85.2
2025-06-12 17:49:00,59.8
2025-06-12 20:09:00,49.8
2025-06-12 03:01:00,30.4
2025-06-12 04:55:00,50.475078938135894
2025-06-12 11:54:00,84.3
2025-06-12 09:47:00,7.4
2025-06-12 08:17:00,59.8
2025-06-12 17:03:00,38.1
2025-06-12 01:46:00,50.475078938135894
2025-06-12 15:09:00,50.475078938135894
2025-06-12 05:25:00,11.8
2025-06-12 16:40:00,46.5
2025-06-12 00:47:00,13.6
2025-06-12 17:40:00,13.1
2025-06-12 07:12:00,79.0
2025-06-12 19:47:00,76.2
2025-06-12 09:31:00,11.4
2025-06-12 10:38:00,14.5
2025-06-12 15:12:00,99.2
2025-06-12 13:34:00,0.8
2025-06-12 16:44:00,11.9
2025-06-12 18:16:00,37.2
2025-06-12 19:15:00,33.0
2025-06-12 09:29:00,93.6
2025-06-12 02:14:00,30.8
2025-06-12 08:59:00,37.2
2025-06-12 19:51:00,48.0
2025-06-12 16:05:00,26.0
2025-06-12 00:44:00,4.3
2025-06-12 03:06:00,43.9
2025-06-12 10:56:00,47.8
2025-06-12 22:17:00,57.5
2025-06-12 03:32:00,59.2
2025-06-12 04:03:00,2.4
2025-06-12 01:17:00,58.1
2025-06-12 16:38:00,55.0
2025-06-12 11:38:00,12.0
2025-06-12 15:53:00,50.475078938135894
2025-06-12 02:32:00,50.3
2025-06-12 08:39:00,20.2
2025-06-12 17:00:00,50.475078938135894
2025-06-12 00:05:00,17.6
2025-06-12 10:54:00,50.475078938135894
2025-06-12 08:13:00,68.5
2025-06-12 22:32:00,28.4
2025-06-12 13:43:00,49.5
2025-06-12 01:30:00,16.0
2025-06-12 12:33:00,64.8
2025-06-12 14:44:00,93.7
2025-06-12 21:48:00,26.9
2025-06-12 07:23:00,41.9
2025-06-12 18:22:00,59.9
2025-06-12 09:28:00,96.0
2025-06-12 14:17:00,76.1
2025-06-12 04:29:00,63.1
2025-06-12 12:14:00,46.4
2025-06-12 13:30:00,45.6
2025-06-12 03:38:00,1.0
2025-06-12 06:48:00,88.7
2025-06-12 11:14:00,13.4
2025-06-12 19:17:00,89.5
2025-06-12 13:41:00,53.4
2025-06-12 16:29:00,65.2
2025-06-12 03:10:00,59.5
2025-06-12 22:56:00,17.0
2025-06-12 15:34:00,53.7
2025-06-12 14:08:00,14.4
2025-06-12 10:36:00,50.475078938135894
2025-06-12 12:30:00,50.475078938135894
2025-06-12 02:11:00,50.475078938135894
2025-06-12 01:58:00,77.6
2025-06-12 03:11:00,31.1
2025-06-12 07:15:00,64.3
2025-06-12 09:11:00,85.3
2025-06-12 21:51:00,82.5
2025-06-12 14:55:00,24.3
2025-06-12 21:28:00,75.2
2025-06-12 19:37:00,93.2
2025-06-12 09:20:00,82.1
2025-06-12 00:14:00,50.475078938135894
2025-06-12 15:27:00,80.6
2025-06-12 14:45:00,38.7
2025-06-12 03:33:00,50.1
2025-06-12 13:19:00,65.8
2025-06-12 22:07:00,18.1
2025-06-12 00:00:00,38.5
2025-06-12 01:45:00,21.8
2025-06-12 02:50:00,4.3
2025-06-12 06:19:00,87.1
2025-06-12 20:49:00,2.7
2025-06-12 15:47:00,53.8
2025-06-12 22:59:00,50.492298592215775
2025-06-12 04:42:00,65.4
2025-06-12 16:20:00,92.5
2025-06-12 13:49:00,50.492298592215775
2025-06-12 02:49:00,95.3
2025-06-12 16:55:00,15.6
2025-06-12 12:14:00,58.9
2025-06-12 12:46:00,50.492298592215775
2025-06-12 12:40:00,14.5
2025-06-12 15:28:00,46.3
2025-06-12 11:32:00,96.7
2025-06-12 18:19:00,50.492298592215775
2025-06-12 17:59:00,29.7
2025-06-12 22:48:00,73.7
2025-06-12 03:24:00,35.5
2025-06-12 18:53:00,62.6
2025-06-12 12:48:00,63.6
2025-06-12 02:19:00,2.8
2025-06-12 20:27:00,33.7
2025-06-12 04:37:00,59.9
2025-06-12 14:01:00,30.9
2025-06-12 15:10:00,7.3
2025-06-12 19:17:00,54.2
2025-06-12 18:07:00,66.3
2025-06-12 07:26:00,78.3
2025-06-12 19:49:00,30.8
2025-06-12 14:14:00,88.2
2025-06-12 12:03:00,60.7
2025-06-12 06:38:00,98.1
2025-06-12 14:23:00,50.492298592215775
2025-06-12 00:28:00,87.6
2025-06-12 14:31:00,19.5
2025-06-12 23:41:00,84.1
2025-06-12 05:50:00,50.492298592215775
2025-06-12 11:16:00,88.3
2025-06-12 09:15:00,45.1
2025-06-12 05:45:00,20.6
2025-06-12 17:16:00,19.1
2025-06-12 01:48:00,69.4
2025-06-12 17:44:00,59.9
2025-06-12 11:21:00,95.3
2025-06-12 00:52:00,51.1
2025-06-12 15:25:00,81.4
2025-06-12 10:24:00,3.9
2025-06-12 22:14:00,37.8
2025-06-12 14:42:00,14.2
2025-06-12 23:49:00,62.9
2025-06-12 02:38:00,82.7
2025-06-12 14:28:00,26.0
2025-06-12 21:05:00,5.9
2025-06-12 03:08:00,50.492298592215775
2025-06-12 17:55:00,36.2
2025-06-12 21:06:00,46.1
2025-06-12 04:26:00,69.9
2025-06-12 08:24:00,50.492298592215775
2025-06-12 23:30:00,72.1
2025-06-12 15:24:00,89.5
2025-06-12 18:56:00,99.8
2025-06-12 16:16:00,95.4
2025-06-12 15:57:00,14.7
2025-06-12 01:31:00,75.4
2025-06-12 12:55:00,10.5
2025-06-12 17:22:00,89.6
2025-06-12 23:07:00,35.6
2025-06-12 15:00:00,17.9
2025-06-12 06:05:00,50.492298592215775
2025-06-12 21:16:00,14.6
2025-06-12 15:08:00,9.7
2025-06-12 09:18:00,25.1
2025-06-12 13:11:00,65.9
2025-06-12 20:39:00,49.6
2025-06-12 15:26:00,55.6
2025-06-12 02:24:00,70.3
2025-06-12 20:15:00,52.2
2025-06-12 16:13:00,54.1
2025-06-12 08:56:00,39.8
2025-06-12 07:29:00,49.2
2025-06-12 08:50:00,5.1
2025-06-12 13:41:00,36.6
2025-06-12 17:30:00,64.3
2025-06-12 10:29:00,57.0
2025-06-12 18:22:00,80.6
2025-06-12 10:18:00,50.492298592215775
2025-06-12 17:06:00,13.5
2025-06-12 10:31:00,59.0
2025-06-12 04:12:00,50.492298592215775
2025-06-12 15:46:00,62.7
2025-06-12 20:19:00,24.3
2025-06-12 20:09:00,50.492298592215775
2025-06-12 11:15:00,6.3
2025-06-12 02:00:00,50.492298592215775
2025-06-12 05:51:00,93.7
2025-06-12 10:30:00,38.1
2025-06-12 09:51:00,86.5
2025-06-12 22:25:00,70.1
2025-06-12 15:16:00,32.3
2025-06-12 20:38:00,4.5
2025-06-12 19:31:00,13.8
2025-06-12 20:13:00,50.492298592215775
2025-06-12 06:04:00,73.4
2025-06-12 23:06:00,69.4
2025-06-12 21:51:00,17.2
2025-06-12 22:36:00,79.4
2025-06-12 00:16:00,62.3
2025-06-12 18:15:00,93.8
2025-06-12 01:38:00,99.0
2025-06-12 08:36:00,4.0
2025-06-12 01:46:00,50.492298592215775
2025-06-12 10:20:00,98.5
2025-06-12 19:09:00,76.2
2025-06-12 05:53:00,13.9
2025-06-12 16:42:00,88.3
2025-06-12 03:39:00,83.3
2025-06-12 04:04:00,52.9
2025-06-12 20:59:00,35.9
2025-06-12 15:53:00,31.4
2025-06-12 15:34:00,81.0
2025-06-12 22:57:00,30.2
2025-06-12 09:42:00,6.7
2025-06-12 13:44:00,36.7
2025-06-12 11:44:00,29.9
2025-06-12 07:32:00,71.8
2025-06-12 01:27:00,27.3
2025-06-12 18:45:00,17.9
2025-06-12 16:53:00,87.3
2025-06-12 08:31:00,49.3
2025-06-12 14:51:00,72.1
2025-06-12 15:31:00,37.2
2025-06-12 22:30:00,98.5
2025-06-12 14:36:00,82.3
2025-06-12 23:37:00,65.7
2025-06-12 20:45:00,50.492298592215775
2025-06-12 10:58:00,96.0
2025-06-12 23:56:00,34.2
2025-06-12 15:18:00,82.6
2025-06-12 10:16:00,79.5
2025-06-12 08:37:00,8.8
2025-06-12 06:52:00,54.5
2025-06-12 08:02:00,79.7
2025-06-12 14:09:00,55.8
2025-06-12 06:59:00,95.8
2025-06-12 01:05:00,87.8
2025-06-12 17:19:00,33.7
2025-06-12 06:41:00,58.4
2025-06-12 23:02:00,40.2
2025-06-12 06:12:00,95.4
2025-06-12 22:00:00,62.8
2025-06-12 17:34:00,50.492298592215775
2025-06-12 10:23:00,92.6
2025-06-12 00:36:00,15.5
2025-06-12 16:37:00,50.492298592215775
2025-06-12 06:08:00,50.492298592215775
2025-06-12 03:45:00,22.5
2025-06-12 21:49:00,95.1
2025-06-12 22:20:00,50.492298592215775
2025-06-12 11:34:00,97.4
2025-06-12 14:08:00,50.492298592215775
2025-06-12 09:23:00,47.6
2025-06-12 13:36:00,9.6
2025-06-12 12:44:00,83.8
2025-06-12 08:21:00,80.2
2025-06-12 19:07:00,47.5
2025-06-12 03:21:00,50.492298592215775
2025-06-12 02:51:00,11.7
2025-06-12 08:58:00,50.492298592215775
2025-06-12 07:49:00,50.492298592215775
2025-06-12 18:40:00,61.0
2025-06-12 12:17:00,43.8
2025-06-12 20:47:00,91.9
2025-06-12 15:59:00,59.7
2025-06-12 13:52:00,67.1
2025-06-12 17:13:00,26.7
2025-06-12 07:46:00,73.6
2025-06-12 04:15:00,50.492298592215775
2025-06-12 09:54:00,79.3
2025-06-12 17:33:00,77.7
2025-06-12 11:05:00,97.0
2025-06-12 15:47:00,34.3
2025-06-12 07:50:00,50.492298592215775
2025-06-12 04:34:00,47.8
2025-06-12 08:03:00,48.3
2025-06-12 08:22:00,27.4
2025-06-12 02:30:00,12.2
2025-06-12 05:26:00,59.3
2025-06-12 12:13:00,92.1
2025-06-12 09:25:00,68.2
2025-06-12 08:34:00,41.4
2025-06-12 23:17:00,50.492298592215775
2025-06-12 21:20:00,46.0
2025-06-12 19:14:00,50.492298592215775
2025-06-12 01:32:00,74.0
2025-06-12 01:11:00,34.5
2025-06-12 21:14:00,20.5
2025-06-12 07:41:00,64.8
2025-06-12 20:20:00,42.4
2025-06-12 11:57:00,99.8
2025-06-12 07:16:00,27.6
2025-06-12 12:30:00,4.5
2025-06-12 22:13:00,76.5
2025-06-12 08:52:00,61.6
2025-06-12 04:45:00,72.9
2025-06-12 23:14:00,87.0
2025-06-12 18:02:00,31.2
2025-06-12 10:05:00,91.8
2025-06-12 10:04:00,50.492298592215775
2025-06-12 05:19:00,56.2
2025-06-12 04:36:00,81.1
2025-06-12 13:32:00,57.5
2025-06-12 12:21:00,95.8
2025-06-12 10:03:00,39.8
2025-06-12 15:05:00,21.7
2025-06-12 02:44:00,50.492298592215775
2025-06-12 05:12:00,8.0
2025-06-12 19:40:00,84.9
2025-06-12 03:47:00,2.1
2025-06-12 02:12:00,14.7
2025-06-12 01:37:00,82.2
2025-06-12 19:04:00,50.492298592215775
2025-06-12 20:36:00,48.7
2025-06-12 22:39:00,13.9
2025-06-12 11:48:00,37.7
2025-06-12 21:10:00,29.9
2025-06-12 15:20:00,50.492298592215775
2025-06-12 15:56:00,51.5
2025-06-12 06:58:00,7.8
2025-06-12 08:27:00,82.5
2025-06-12 21:19:00,10.4
2025-06-12 07:28:00,11.1
2025-06-12 19:57:00,27.3
2025-06-12 00:35:00,11.6
2025-06-12 20:30:00,50.492298592215775
2025-06-12 02:32:00,78.6
2025-06-12 06:39:00,86.5
2025-06-12 11:24:00,95.4
2025-06-12 13:28:00,0.2
2025-06-12 00:57:00,73.8
2025-06-12 19:34:00,50.492298592215775
2025-06-12 15:04:00,50.492298592215775
2025-06-12 12:45:00,13.3
2025-06-12 16:01:00,50.492298592215775
2025-06-12 11:01:00,47.7
2025-06-12 11:47:00,79.8
2025-06-12 01:39:00,45.2
2025-06-12 00:14:00,76.6
2025-06-12 12:16:00,46.5
2025-06-12 00:13:00,50.492298592215775
2025-06-12 21:45:00,34.7
2025-06-12 16:02:00,51.6
2025-06-12 22:06:00,64.1
2025-06-12 12:35:00,7.5
2025-06-12 11:19:00,30.9
2025-06-12 02:41:00,57.6
2025-06-12 07:08:00,36.4
2025-06-12 14:39:00,74.1
2025-06-12 03:12:00,88.5
2025-06-12 06:44:00,95.2
2025-06-12 11:18:00,50.492298592215775
2025-06-12 10:08:00,18.0
2025-06-12 19:11:00,69.1
2025-06-12 19:06:00,42.6
2025-06-12 20:28:00,4.8
2025-06-12 22:37:00,50.492298592215775
2025-06-12 01:01:00,27.9
2025-06-12 12:07:00,5.1
2025-06-12 02:31:00,53.7
2025-06-12 14:00:00,86.2
2025-06-12 12:33:00,69.2
2025-06-12 03:17:00,50.492298592215775
2025-06-12 00:58:00,69.7
2025-06-12 16:19:00,50.492298592215775
2025-06-12 07:19:00,44.2
2025-06-12 02:05:00,67.3
2025-06-12 09:39:00,68.9
2025-06-12 22:38:00,64.3
2025-06-12 16:08:00,71.8
2025-06-12 16:27:00,12.7
2025-06-12 03:38:00,88.8
2025-06-12 21:56:00,50.492298592215775
2025-06-12 20:26:00,0.9
2025-06-12 08:35:00,58.4
2025-06-12 03:52:00,26.8
2025-06-12 17:38:00,50.492298592215775
2025-06-12 19:19:00,27.3
2025-06-12 06:32:00,50.492298592215775
2025-06-12 21:55:00,50.492298592215775
2025-06-12 03:04:00,76.7
2025-06-12 09:52:00,4.7
2025-06-12 01:06:00,46.0
2025-06-12 21:41:00,83.4
2025-06-12 10:25:00,42.3
2025-06-12 07:31:00,88.5
2025-06-12 21:37:00,20.5
2025-06-12 01:02:00,77.4
2025-06-12 03:37:00,8.6
2025-06-12 17:15:00,95.0
2025-06-12 23:26:00,50.492298592215775
2025-06-12 14:12:00,50.492298592215775
2025-06-12 16:56:00,88.5
2025-06-12 12:39:00,61.5
2025-06-12 14:11:00,69.6
2025-06-12 11:17:00,91.1
2025-06-12 06:51:00,91.8
2025-06-12 17:37:00,99.8
2025-06-12 14:19:00,17.0
2025-06-12 01:16:00,52.2
2025-06-12 19:59:00,22.9
2025-06-12 13:40:00,89.4
2025-06-12 04:56:00,50.492298592215775
2025-06-12 03:40:00,87.5
2025-06-12 05:47:00,65.8
2025-06-12 15:37:00,50.492298592215775
2025-06-12 02:47:00,27.9
2025-06-12 10:32:00,50.8
2025-06-12 11:29:00,27.6
2025-06-12 02:06:00,3.7
2025-06-12 17:04:00,80.8
2025-06-12 01:35:00,50.492298592215775
2025-06-12 14:29:00,64.2
2025-06-12 14:58:00,74.3
2025-06-12 19:55:00,50.190676567656766
2025-06-12 09:24:00,73.7
2025-06-12 20:19:00,50.190676567656766
2025-06-12 02:35:00,50.190676567656766
2025-06-12 06:38:00,11.2
2025-06-12 13:05:00,18.5
2025-06-12 06:41:00,95.7
2025-06-12 05:04:00,98.7
2025-06-12 17:06:00,9.3
2025-06-12 13:44:00,14.4
2025-06-12 00:02:00,81.0
2025-06-12 18:42:00,39.7
2025-06-12 02:55:00,20.2
2025-06-12 17:18:00,19.1
2025-06-12 13:42:00,68.4
2025-06-12 12:05:00,2.0
2025-06-12 23:55:00,50.190676567656766
2025-06-12 15:15:00,32.2
2025-06-12 18:02:00,49.3
2025-06-12 03:51:00,50.190676567656766
2025-06-12 09:17:00,50.190676567656766
2025-06-12 22:24:00,15.5
2025-06-12 04:38:00,51.7
2025-06-12 09:31:00,22.5
2025-06-12 16:17:00,17.3
2025-06-12 13:01:00,68.5
2025-06-12 07:21:00,60.8
2025-06-12 19:41:00,27.9
2025-06-12 02:42:00,20.4
2025-06-12 00:37:00,36.2
2025-06-12 23:09:00,61.4
2025-06-12 09:00:00,92.0
2025-06-12 00:11:00,16.9
2025-06-12 11:11:00,25.7
2025-06-12 22:27:00,5.3
2025-06-12 15:31:00,41.6
2025-06-12 16:53:00,74.8
2025-06-12 14:52:00,2.1
2025-06-12 09:04:00,50.190676567656766
2025-06-12 14:04:00,88.5
2025-06-12 11:24:00,36.7
2025-06-12 21:50:00,39.7
2025-06-12 04:57:00,50.190676567656766
2025-06-12 18:10:00,58.1
2025-06-12 07:24:00,99.2
2025-06-12 04:35:00,21.8
2025-06-12 04:04:00,15.0
2025-06-12 03:18:00,56.9
2025-06-12 19:58:00,19.2
2025-06-12 10:54:00,50.190676567656766
2025-06-12 04:36:00,50.190676567656766
2025-06-12 14:08:00,50.190676567656766
2025-06-12 18:03:00,88.7
2025-06-12 01:49:00,14.7
2025-06-12 03:52:00,22.3
2025-06-12 00:40:00,17.2
2025-06-12 13:40:00,50.190676567656766
2025-06-12 18:18:00,73.6
2025-06-12 15:53:00,47.6
2025-06-12 15:11:00,66.8
2025-06-12 17:19:00,72.0
2025-06-12 05:07:00,9.4
2025-06-12 18:21:00,89.6
2025-06-12 15:54:00,30.5
2025-06-12 01:26:00,50.190676567656766
2025-06-12 01:51:00,43.0
2025-06-12 20:30:00,51.3
2025-06-12 07:49:00,74.2
2025-06-12 05:45:00,9.7
2025-06-12 21:35:00,50.190676567656766
2025-06-12 10:34:00,50.190676567656766
2025-06-12 19:08:00,54.4
2025-06-12 01:08:00,75.3
2025-06-12 11:55:00,50.190676567656766
2025-06-12 08:32:00,0.1
2025-06-12 08:24:00,25.9
2025-06-12 00:43:00,1.5
2025-06-12 21:07:00,22.1
2025-06-12 13:18:00,1.6
2025-06-12 05:19:00,50.190676567656766
2025-06-12 03:04:00,83.6
2025-06-12 23:03:00,50.190676567656766
2025-06-12 14:48:00,50.190676567656766
2025-06-12 00:32:00,29.0
2025-06-12 22:57:00,82.9
2025-06-12 16:59:00,44.6
2025-06-12 07:12:00,52.9
2025-06-12 12:57:00,50.8
2025-06-12 04:17:00,46.1
2025-06-12 09:10:00,13.0
2025-06-12 14:45:00,62.8
2025-06-12 18:40:00,82.6
2025-06-12 15:36:00,98.7
2025-06-12 15:41:00,19.2
2025-06-12 03:50:00,24.1
2025-06-12 18:09:00,50.190676567656766
2025-06-12 22:30:00,50.190676567656766
2025-06-12 04:34:00,50.190676567656766
2025-06-12 21:29:00,44.9
2025-06-12 14:39:00,75.1
2025-06-12 11:22:00,5.8
2025-06-12 00:50:00,95.3
2025-06-12 06:50:00,52.7
2025-06-12 15:33:00,50.190676567656766
2025-06-12 03:34:00,50.190676567656766
2025-06-12 20:50:00,83.0
2025-06-12 09:50:00,97.2
2025-06-12 14:22:00,95.0
2025-06-12 12:53:00,50.190676567656766
2025-06-12 12:25:00,13.3
2025-06-12 20:39:00,18.1
2025-06-12 22:36:00,25.5
2025-06-12 22:52:00,35.9
2025-06-12 05:38:00,88.0
2025-06-12 01:52:00,83.9
2025-06-12 07:18:00,40.0
2025-06-12 10:03:00,56.6
2025-06-12 06:57:00,50.190676567656766
2025-06-12 08:57:00,24.8
2025-06-12 09:44:00,89.7
2025-06-12 00:01:00,50.190676567656766
2025-06-12 05:58:00,32.4
2025-06-12 08:59:00,35.9
2025-06-12 00:35:00,76.4
2025-06-12 06:37:00,50.190676567656766
2025-06-12 17:27:00,50.190676567656766
2025-06-12 20:58:00,50.190676567656766
2025-06-12 02:44:00,34.9
2025-06-12 14:55:00,92.7
2025-06-12 20:35:00,50.190676567656766
2025-06-12 09:26:00,94.3
2025-06-12 23:36:00,22.4
2025-06-12 15:12:00,66.7
2025-06-12 19:54:00,68.7
2025-06-12 12:10:00,20.1
2025-06-12 23:44:00,59.0
2025-06-12 13:34:00,29.7
2025-06-12 19:18:00,35.5
2025-06-12 19:43:00,42.2
2025-06-12 06:49:00,50.190676567656766
2025-06-12 07:47:00,61.6
2025-06-12 07:02:00,21.0
2025-06-12 01:34:00,42.4
2025-06-12 21:24:00,89.2
2025-06-12 09:29:00,21.6
2025-06-12 18:25:00,62.9
2025-06-12 10:19:00,32.4
2025-06-12 17:58:00,31.3
2025-06-12 13:15:00,50.190676567656766
2025-06-12 22:16:00,50.190676567656766
2025-06-12 10:39:00,50.190676567656766
2025-06-12 13:19:00,94.2
2025-06-12 20:10:00,51.8
2025-06-12 05:28:00,14.2
2025-06-12 20:04:00,90.7
2025-06-12 03:54:00,95.1
2025-06-12 17:03:00,63.6
2025-06-12 04:23:00,9.9
2025-06-12 19:17:00,19.8
2025-06-12 11:15:00,60.6
2025-06-12 05:55:00,36.6
2025-06-12 03:19:00,66.6
2025-06-12 17:42:00,94.2
2025-06-12 10:21:00,50.190676567656766
2025-06-12 07:16:00,9.7
2025-06-12 14:23:00,51.6
2025-06-12 07:38:00,50.190676567656766
2025-06-12 03:27:00,43.1
2025-06-12 08:31:00,61.8
2025-06-12 01:35:00,54.3
2025-06-12 03:48:00,50.190676567656766
2025-06-12 02:56:00,95.7
2025-06-12 08:45:00,50.190676567656766
2025-06-12 02:29:00,8.5
2025-06-12 19:19:00,19.9
2025-06-12 05:03:00,13.8
2025-06-12 19:05:00,50.190676567656766
2025-06-12 23:46:00,50.190676567656766
2025-06-12 21:57:00,45.6
2025-06-12 04:16:00,17.8
2025-06-12 03:21:00,48.8
2025-06-12 17:23:00,48.8
2025-06-12 06:29:00,5.0
2025-06-12 05:51:00,50.190676567656766
2025-06-12 03:05:00,92.8
2025-06-12 03:11:00,45.8
2025-06-12 16:00:00,50.190676567656766
2025-06-12 16:03:00,25.6
2025-06-12 01:19:00,83.1
2025-06-12 15:10:00,39.9
2025-06-12 11:54:00,87.0
2025-06-12 17:57:00,8.1
2025-06-12 07:34:00,13.0
2025-06-12 07:37:00,2.1
2025-06-12 03:07:00,50.190676567656766
2025-06-12 10:32:00,57.0
2025-06-12 06:54:00,80.7
2025-06-12 02:59:00,15.1
2025-06-12 21:36:00,11.4
2025-06-12 08:23:00,18.8
2025-06-12 17:39:00,50.7
2025-06-12 11:20:00,50.190676567656766
2025-06-12 20:13:00,88.1
2025-06-12 10:24:00,9.8
2025-06-12 17:24:00,88.3
2025-06-12 02:39:00,69.7
2025-06-12 09:33:00,29.2
2025-06-12 10:51:00,82.3
2025-06-12 16:55:00,80.7
2025-06-12 07:06:00,74.0
2025-06-12 17:30:00,100.0
2025-06-12 12:49:00,46.8
2025-06-12 13:03:00,67.6
2025-06-12 08:34:00,50.190676567656766
2025-06-12 00:07:00,89.2
2025-06-12 11:47:00,10.3
2025-06-12 13:41:00,40.3
2025-06-12 13:04:00,43.5
2025-06-12 08:19:00,19.5
2025-06-12 23:48:00,50.190676567656766
2025-06-12 12:29:00,98.2
2025-06-12 11:33:00,64.5
2025-06-12 13:17:00,20.8
2025-06-12 11:25:00,50.190676567656766
2025-06-12 21:20:00,24.0
2025-06-12 12:59:00,50.190676567656766
2025-06-12 20:53:00,43.0
2025-06-12 21:49:00,45.9
2025-06-12 15:50:00,50.190676567656766
2025-06-12 10:18:00,80.6
2025-06-12 09:06:00,95.1
2025-06-12 00:42:00,24.1
2025-06-12 04:08:00,30.7
2025-06-12 05:02:00,33.9
2025-06-12 06:39:00,4.9
2025-06-12 07:15:00,46.7
2025-06-12 18:55:00,19.7
2025-06-12 21:30:00,69.0
2025-06-12 10:45:00,31.2
2025-06-12 09:27:00,50.190676567656766
2025-06-12 06:55:00,57.3
2025-06-12 09:51:00,62.2
2025-06-12 00:53:00,13.0
2025-06-12 20:27:00,98.3
2025-06-12 17:05:00,5.0
2025-06-12 12:33:00,58.0
2025-06-12 13:51:00,80.2
2025-06-12 14:24:00,2.8
2025-06-12 01:48:00,14.2
2025-06-12 19:39:00,32.4
2025-06-12 03:35:00,97.0
2025-06-12 08:22:00,50.190676567656766
2025-06-12 06:35:00,51.0
2025-06-12 11:51:00,57.4
2025-06-12 19:21:00,29.4
2025-06-12 14:40:00,3.8
2025-06-12 17:53:00,18.1
2025-06-12 17:29:00,50.190676567656766
2025-06-12 04:11:00,4.6
2025-06-12 00:06:00,25.8
2025-06-12 05:13:00,14.6
2025-06-12 03:12:00,96.5
2025-06-12 13:49:00,34.4
2025-06-12 06:25:00,59.3
2025-06-12 23:42:00,42.5
2025-06-12 12:56:00,25.1
2025-06-12 21:28:00,50.8
2025-06-12 22:00:00,50.7
2025-06-12 02:11:00,7.3
2025-06-12 19:28:00,50.190676567656766
2025-06-12 11:43:00,54.3
2025-06-12 21:23:00,81.2
2025-06-12 23:04:00,29.8
2025-06-12 03:47:00,13.3
2025-06-12 00:10:00,10.7
2025-06-12 09:41:00,15.8
2025-06-12 17:37:00,60.5
2025-06-12 11:46:00,95.9
2025-06-12 10:46:00,28.4
2025-06-12 00:56:00,50.190676567656766
2025-06-12 08:28:00,60.6
2025-06-12 09:35:00,33.6
2025-06-12 14:50:00,86.8
2025-06-12 05:53:00,12.4
2025-06-12 02:34:00,96.2
2025-06-12 12:45:00,4.4
2025-06-12 17:21:00,53.2
2025-06-12 02:31:00,60.6
2025-06-12 17:09:00,34.0
2025-06-12 07:11:00,7.4
2025-06-12 03:16:00,54.0
2025-06-12 15:29:00,50.190676567656766
2025-06-12 18:29:00,40.9
2025-06-12 16:33:00,52.3
2025-06-12 05:06:00,22.1
2025-06-12 01:58:00,97.9
2025-06-12 17:35:00,78.8
2025-06-12 11:31:00,6.6
2025-06-12 22:54:00,27.2
2025-06-12 06:14:00,66.0
2025-06-12 03:22:00,36.0
2025-06-12 04:41:00,91.0
2025-06-12 07:33:00,49.0
2025-06-12 21:18:00,65.7
2025-06-12 16:50:00,50.190676567656766
2025-06-12 20:54:00,99.9
2025-06-12 21:36:00,15.7
2025-06-12 02:42:00,23.7
2025-06-12 13:17:00,19.0
2025-06-12 18:07:00,49.69925181201777
2025-06-12 01:02:00,13.4
2025-06-12 01:29:00,58.5
2025-06-12 11:59:00,99.1
2025-06-12 17:44:00,17.3
2025-06-12 20:25:00,49.69925181201777
2025-06-12 09:33:00,42.7
2025-06-12 22:28:00,28.6
2025-06-12 19:53:00,49.69925181201777
2025-06-12 17:03:00,0.2
2025-06-12 08:49:00,1.9
2025-06-12 19:25:00,63.5
2025-06-12 10:56:00,96.5
2025-06-12 16:19:00,49.69925181201777
2025-06-12 20:04:00,76.2
2025-06-12 22:53:00,49.69925181201777
2025-06-12 20:31:00,69.7
2025-06-12 01:09:00,6.0
2025-06-12 15:12:00,47.5
2025-06-12 05:00:00,49.69925181201777
2025-06-12 07:26:00,29.5
2025-06-12 02:13:00,0.8
2025-06-12 16:35:00,44.7
2025-06-12 23:17:00,31.7
2025-06-12 02:51:00,61.3
2025-06-12 20:27:00,21.9
2025-06-12 12:18:00,49.3
2025-06-12 14:27:00,48.8
2025-06-12 09:54:00,66.3
2025-06-12 11:03:00,50.4
2025-06-12 09:06:00,94.6
2025-06-12 02:36:00,20.1
2025-06-12 20:22:00,36.8
2025-06-12 17:28:00,49.69925181201777
2025-06-12 21:37:00,23.2
2025-06-12 20:00:00,76.5
2025-06-12 23:53:00,18.1
2025-06-12 08:53:00,100.0
2025-06-12 16:47:00,71.1
2025-06-12 14:50:00,87.0
2025-06-12 15:28:00,69.4
2025-06-12 19:32:00,36.3
2025-06-12 13:07:00,86.8
2025-06-12 15:16:00,20.1
2025-06-12 07:27:00,35.3
2025-06-12 06:10:00,49.69925181201777
2025-06-12 21:18:00,18.6
2025-06-12 23:50:00,65.9
2025-06-12 08:44:00,84.8
2025-06-12 16:05:00,89.6
2025-06-12 15:58:00,25.0
2025-06-12 01:17:00,17.8
2025-06-12 22:43:00,51.2
2025-06-12 07:17:00,49.69925181201777
2025-06-12 20:08:00,41.0
2025-06-12 11:50:00,49.9
2025-06-12 21:38:00,4.7
2025-06-12 04:18:00,79.4
2025-06-12 13:33:00,92.6
2025-06-12 08:22:00,29.4
2025-06-12 14:40:00,8.6
2025-06-12 04:04:00,70.5
2025-06-12 01:41:00,85.2
2025-06-12 19:04:00,4.1
2025-06-12 23:03:00,49.69925181201777
2025-06-12 14:25:00,23.8
2025-06-12 01:12:00,15.0
2025-06-12 05:56:00,45.3
2025-06-12 20:42:00,48.9
2025-06-12 22:18:00,30.2
2025-06-12 14:26:00,34.1
2025-06-12 22:22:00,29.0
2025-06-12 17:46:00,78.2
2025-06-12 12:56:00,80.6
2025-06-12 01:00:00,8.8
2025-06-12 23:41:00,98.9
2025-06-12 06:12:00,49.69925181201777
2025-06-12 02:53:00,41.6
2025-06-12 13:53:00,53.2
2025-06-12 11:49:00,10.0
2025-06-12 02:46:00,24.3
2025-06-12 21:44:00,28.1
2025-06-12 19:05:00,40.0
2025-06-12 06:30:00,60.6
2025-06-12 03:08:00,26.1
2025-06-12 17:13:00,1.1
2025-06-12 16:58:00,43.4
2025-06-12 03:12:00,29.6
2025-06-12 03:56:00,81.8
2025-06-12 21:25:00,90.2
2025-06-12 06:29:00,49.69925181201777
2025-06-12 10:35:00,63.0
2025-06-12 10:25:00,30.2
2025-06-12 04:53:00,60.0
2025-06-12 18:13:00,86.4
2025-06-12 13:37:00,79.2
2025-06-12 03:36:00,49.69925181201777
2025-06-12 09:09:00,26.1
2025-06-12 03:07:00,64.0
2025-06-12 10:33:00,47.0
2025-06-12 19:58:00,39.7
2025-06-12 12:44:00,49.69925181201777
2025-06-12 16:26:00,68.5
2025-06-12 01:39:00,81.5
2025-06-12 22:32:00,42.8
2025-06-12 15:22:00,26.9
2025-06-12 02:15:00,49.69925181201777
2025-06-12 23:34:00,29.5
2025-06-12 04:14:00,26.5
2025-06-12 07:39:00,58.1
2025-06-12 05:22:00,49.69925181201777
2025-06-12 22:30:00,60.1
2025-06-12 20:35:00,86.2
2025-06-12 01:04:00,69.4
2025-06-12 04:48:00,59.6
2025-06-12 20:55:00,98.2
2025-06-12 11:41:00,49.69925181201777
2025-06-12 04:34:00,17.0
2025-06-12 18:58:00,25.6
2025-06-12 17:58:00,91.0
2025-06-12 03:04:00,79.8
2025-06-12 22:49:00,10.9
2025-06-12 08:26:00,45.2
2025-06-12 02:47:00,64.4
2025-06-12 04:01:00,61.5
2025-06-12 04:36:00,43.4
2025-06-12 14:18:00,49.69925181201777
2025-06-12 07:41:00,13.1
2025-06-12 01:23:00,98.6
2025-06-12 14:47:00,68.5
2025-06-12 13:03:00,25.2
2025-06-12 16:43:00,12.2
2025-06-12 18:48:00,71.6
2025-06-12 06:54:00,60.6
2025-06-12 19:15:00,13.9
2025-06-12 19:33:00,49.69925181201777
2025-06-12 19:36:00,0.7
2025-06-12 11:07:00,85.0
2025-06-12 19:23:00,49.69925181201777
2025-06-12 11:11:00,68.8
2025-06-12 17:48:00,95.6
2025-06-12 04:22:00,61.0
2025-06-12 09:12:00,24.1
2025-06-12 11:34:00,79.7
2025-06-12 15:46:00,27.7
2025-06-12 08:15:00,49.69925181201777
2025-06-12 17:40:00,41.7
2025-06-12 22:20:00,37.6
2025-06-12 11:54:00,94.2
2025-06-12 17:18:00,24.7
2025-06-12 16:22:00,49.69925181201777
2025-06-12 22:50:00,65.3
2025-06-12 01:40:00,95.9
2025-06-12 04:46:00,49.69925181201777
2025-06-12 14:04:00,49.69925181201777
2025-06-12 20:45:00,45.0
2025-06-12 10:38:00,22.2
2025-06-12 04:16:00,49.69925181201777
2025-06-12 06:07:00,10.9
2025-06-12 07:20:00,71.9
2025-06-12 23:49:00,87.7
2025-06-12 13:12:00,99.1
2025-06-12 15:20:00,45.9
2025-06-12 01:30:00,54.2
2025-06-12 01:01:00,50.6
2025-06-12 05:41:00,50.8
2025-06-12 04:58:00,51.8
2025-06-12 22:08:00,53.8
2025-06-12 05:49:00,53.6
2025-06-12 01:51:00,49.69925181201777
2025-06-12 12:33:00,11.9
2025-06-12 22:26:00,36.4
2025-06-12 11:27:00,83.9
2025-06-12 12:02:00,19.2
2025-06-12 07:21:00,70.3
2025-06-12 21:05:00,94.9
2025-06-12 19:02:00,95.7
2025-06-12 11:36:00,49.69925181201777
2025-06-12 11:46:00,26.9
2025-06-12 02:30:00,90.0
2025-06-12 11:30:00,61.2
2025-06-12 04:09:00,9.6
2025-06-12 16:20:00,38.5
2025-06-12 00:03:00,61.7
2025-06-12 10:02:00,93.1
2025-06-12 21:17:00,94.9
2025-06-12 18:35:00,49.69925181201777
2025-06-12 04:29:00,55.5
2025-06-12 17:56:00,49.69925181201777
2025-06-12 20:03:00,96.3
2025-06-12 08:11:00,38.6
2025-06-12 17:42:00,47.7
2025-06-12 08:32:00,49.69925181201777
2025-06-12 15:04:00,60.4
2025-06-12 09:18:00,49.69925181201777
2025-06-12 02:22:00,28.7
2025-06-12 23:23:00,33.9
2025-06-12 13:54:00,73.6
2025-06-12 03:02:00,87.7
2025-06-12 17:43:00,99.0
2025-06-12 17:26:00,56.4
2025-06-12 06:14:00,9.9
2025-06-12 16:39:00,69.5
2025-06-12 18:53:00,78.5
2025-06-12 19:55:00,82.9
2025-06-12 16:29:00,45.1
2025-06-12 09:20:00,58.0
2025-06-12 03:09:00,52.5
2025-06-12 06:27:00,76.8
2025-06-12 14:08:00,14.6
2025-06-12 01:33:00,18.1
2025-06-12 08:03:00,0.4
2025-06-12 06:35:00,74.1
2025-06-12 03:50:00,79.3
2025-06-12 02:11:00,96.5
2025-06-12 04:59:00,87.6
2025-06-12 14:22:00,46.5
2025-06-12 06:56:00,99.4
2025-06-12 05:09:00,49.69925181201777
2025-06-12 01:57:00,2.8
2025-06-12 15:38:00,49.69925181201777
2025-06-12 15:55:00,49.69925181201777
2025-06-12 14:58:00,57.3
2025-06-12 05:23:00,67.7
2025-06-12 22:17:00,6.6
2025-06-12 04:20:00,69.4
2025-06-12 16:37:00,35.2
2025-06-12 07:43:00,63.8
2025-06-12 15:00:00,5.5
2025-06-12 14:35:00,67.1
2025-06-12 07:13:00,69.7
2025-06-12 00:08:00,83.9
2025-06-12 01:47:00,4.3
2025-06-12 22:41:00,22.2
2025-06-12 16:38:00,50.2
2025-06-12 23:01:00,19.4
2025-06-12 22:06:00,88.1
2025-06-12 15:54:00,35.4
2025-06-12 15:30:00,36.5
2025-06-12 06:11:00,18.6
2025-06-12 22:39:00,58.2
2025-06-12 11:42:00,23.5
2025-06-12 05:59:00,3.2
2025-06-12 10:34:00,75.5
2025-06-12 01:16:00,49.69925181201777
2025-06-12 07:31:00,49.69925181201777
2025-06-12 17:05:00,27.8
2025-06-12 06:32:00,93.6
2025-06-12 18:55:00,6.4
2025-06-12 11:05:00,42.0
2025-06-12 15:08:00,49.69925181201777
2025-06-12 11:56:00,44.1
2025-06-12 09:24:00,69.6
2025-06-12 08:17:00,28.3
2025-06-12 08:41:00,49.69925181201777
2025-06-12 17:49:00,61.2
2025-06-12 10:48:00,83.6
2025-06-12 04:25:00,34.4
2025-06-12 17:39:00,24.1
2025-06-12 00:47:00,79.0
2025-06-12 03:52:00,18.3
2025-06-12 12:55:00,49.69925181201777
2025-06-12 13:40:00,83.0
2025-06-12 18:16:00,84.2
2025-06-12 19:38:00,72.4
2025-06-12 13:16:00,85.6
2025-06-12 05:01:00,2.7
2025-06-12 10:16:00,9.8
2025-06-12 11:39:00,1.7
2025-06-12 10:45:00,63.2
2025-06-12 14:46:00,74.5
2025-06-12 07:56:00,9.6
2025-06-12 14:41:00,85.5
2025-06-12 23:57:00,97.7
2025-06-12 15:56:00,9.7
2025-06-12 03:54:00,22.1
2025-06-12 08:28:00,18.7
2025-06-12 20:14:00,1.7
2025-06-12 02:06:00,8.5
2025-06-12 05:10:00,39.8
2025-06-12 08:19:00,79.3
2025-06-12 17:41:00,18.2
2025-06-12 02:19:00,86.6
2025-06-12 17:19:00,49.69925181201777
2025-06-12 16:08:00,82.5
2025-06-12 09:37:00,91.4
2025-06-12 15:02:00,54.1
2025-06-12 19:27:00,49.69925181201777
2025-06-12 18:47:00,97.5
2025-06-12 14:02:00,27.7
2025-06-12 13:10:00,11.8
2025-06-12 12:27:00,30.6
2025-06-12 22:40:00,29.7
2025-06-12 11:20:00,61.8
2025-06-12 10:47:00,46.5
2025-06-12 18:37:00,50.9
2025-06-12 12:31:00,49.69925181201777
2025-06-12 12:53:00,49.69925181201777
2025-06-12 00:17:00,4.1
2025-06-12 19:52:00,33.4
2025-06-12 15:45:00,81.9
2025-06-12 13:15:00,48.5
2025-06-12 16:04:00,87.9
2025-06-12 20:44:00,65.2
2025-06-12 23:35:00,8.1
2025-06-12 05:05:00,67.1
2025-06-12 00:36:00,98.8
2025-06-12 02:31:00,39.6
2025-06-12 19:14:00,50.15234640140434
2025-06-12 05:52:00,83.9
2025-06-12 18:40:00,11.3
2025-06-12 09:54:00,21.8
2025-06-12 14:14:00,94.8
2025-06-12 05:54:00,4.5
2025-06-12 18:17:00,50.15234640140434
2025-06-12 11:11:00,8.0
2025-06-12 13:54:00,36.6
2025-06-12 14:27:00,67.6
2025-06-12 06:49:00,50.15234640140434
2025-06-12 14:35:00,88.8
2025-06-12 18:56:00,57.9
2025-06-12 23:18:00,82.4
2025-06-12 23:50:00,42.8
2025-06-12 18:18:00,5.6
2025-06-12 06:48:00,50.15234640140434
2025-06-12 21:48:00,50.15234640140434
2025-06-12 15:33:00,67.3
2025-06-12 10:10:00,61.4
2025-06-12 22:32:00,71.9
2025-06-12 11:37:00,14.7
2025-06-12 11:24:00,65.7
2025-06-12 20:05:00,9.6
2025-06-12 05:29:00,16.9
2025-06-12 02:20:00,12.8
2025-06-12 18:32:00,10.4
2025-06-12 23:22:00,49.3
2025-06-12 11:16:00,50.15234640140434
2025-06-12 13:37:00,58.7
2025-06-12 12:27:00,59.0
2025-06-12 05:46:00,33.5
2025-06-12 12:49:00,50.15234640140434
2025-06-12 09:40:00,50.15234640140434
2025-06-12 17:25:00,67.9
2025-06-12 18:49:00,72.3
2025-06-12 15:24:00,16.4
2025-06-12 23:36:00,35.9
2025-06-12 22:53:00,4.5
2025-06-12 15:13:00,39.8
2025-06-12 13:26:00,83.4
2025-06-12 16:57:00,90.5
2025-06-12 21:13:00,78.4
2025-06-12 16:29:00,35.5
2025-06-12 19:36:00,97.3
2025-06-12 14:09:00,50.15234640140434
2025-06-12 12:08:00,50.7
2025-06-12 13:58:00,71.8
2025-06-12 08:09:00,47.4
2025-06-12 23:01:00,89.5
2025-06-12 21:53:00,93.1
2025-06-12 07:09:00,61.0
2025-06-12 23:15:00,50.15234640140434
2025-06-12 02:59:00,50.15234640140434
2025-06-12 04:36:00,43.4
2025-06-12 01:57:00,68.6
2025-06-12 15:31:00,50.15234640140434
2025-06-12 18:58:00,42.8
2025-06-12 19:53:00,94.6
2025-06-12 15:02:00,51.7
2025-06-12 05:47:00,98.8
2025-06-12 15:19:00,50.5
2025-06-12 03:08:00,0.0
2025-06-12 13:21:00,50.15234640140434
2025-06-12 11:36:00,18.8
2025-06-12 10:38:00,87.9
2025-06-12 17:06:00,68.6
2025-06-12 10:05:00,87.4
2025-06-12 01:18:00,63.9
2025-06-12 22:38:00,75.3
2025-06-12 13:32:00,50.15234640140434
2025-06-12 15:47:00,50.15234640140434
2025-06-12 12:31:00,4.8
2025-06-12 14:15:00,87.5
2025-06-12 10:52:00,15.2
2025-06-12 21:21:00,25.1
2025-06-12 21:22:00,50.15234640140434
2025-06-12 22:30:00,7.2
2025-06-12 02:19:00,50.15234640140434
2025-06-12 23:40:00,89.0
2025-06-12 10:36:00,50.15234640140434
2025-06-12 05:37:00,91.1
2025-06-12 17:59:00,47.4
2025-06-12 11:01:00,3.7
2025-06-12 11:03:00,97.0
2025-06-12 19:01:00,5.1
2025-06-12 05:44:00,50.15234640140434
2025-06-12 10:15:00,90.6
2025-06-12 00:40:00,21.2
2025-06-12 19:57:00,11.3
2025-06-12 07:06:00,87.0
2025-06-12 10:49:00,99.0
2025-06-12 22:21:00,89.9
2025-06-12 00:17:00,6.5
2025-06-12 10:17:00,95.0
2025-06-12 04:50:00,58.5
2025-06-12 13:47:00,43.2
2025-06-12 11:51:00,57.0
2025-06-12 22:35:00,84.9
2025-06-12 01:42:00,34.6
2025-06-12 20:46:00,3.8
2025-06-12 23:05:00,13.6
2025-06-12 02:52:00,46.5
2025-06-12 02:17:00,16.5
2025-06-12 22:06:00,67.0
2025-06-12 06:51:00,89.1
2025-06-12 08:16:00,32.9
2025-06-12 11:48:00,34.7
2025-06-12 10:39:00,15.3
2025-06-12 22:20:00,68.5
2025-06-12 02:16:00,23.0
2025-06-12 11:33:00,98.5
2025-06-12 19:07:00,72.8
2025-06-12 17:58:00,50.15234640140434
2025-06-12 08:23:00,62.4
2025-06-12 16:30:00,28.6
2025-06-12 10:18:00,14.7
2025-06-12 20:58:00,7.6
2025-06-12 03:06:00,50.15234640140434
2025-06-12 12:04:00,54.4
2025-06-12 19:13:00,50.15234640140434
2025-06-12 05:21:00,50.15234640140434
2025-06-12 02:56:00,50.15234640140434
2025-06-12 16:52:00,88.5
2025-06-12 11:58:00,11.8
2025-06-12 04:33:00,66.5
2025-06-12 08:55:00,50.15234640140434
2025-06-12 10:23:00,6.5
2025-06-12 20:03:00,44.4
2025-06-12 09:53:00,0.8
2025-06-12 02:34:00,69.3
2025-06-12 00:47:00,50.4
2025-06-12 11:02:00,19.2
2025-06-12 11:04:00,46.2
2025-06-12 10:57:00,47.9
2025-06-12 05:43:00,39.9
2025-06-12 07:12:00,50.15234640140434
2025-06-12 08:46:00,27.4
2025-06-12 11:46:00,72.4
2025-06-12 04:02:00,68.6
2025-06-12 05:18:00,48.5
2025-06-12 15:30:00,57.7
2025-06-12 17:44:00,55.7
2025-06-12 17:11:00,2.4
2025-06-12 15:29:00,43.2
2025-06-12 19:59:00,40.9
2025-06-12 02:40:00,13.4
2025-06-12 05:03:00,76.5
2025-06-12 21:11:00,50.15234640140434
2025-06-12 22:17:00,4.6
2025-06-12 20:36:00,37.9
2025-06-12 05:36:00,40.6
2025-06-12 04:48:00,50.15234640140434
2025-06-12 16:07:00,70.8
2025-06-12 11:25:00,54.3
2025-06-12 19:39:00,11.8
2025-06-12 15:00:00,37.8
2025-06-12 13:08:00,19.4
2025-06-12 19:02:00,56.3
2025-06-12 07:46:00,43.8
2025-06-12 07:38:00,76.8
2025-06-12 19:35:00,18.2
2025-06-12 23:55:00,50.15234640140434
2025-06-12 15:42:00,98.0
2025-06-12 09:49:00,33.3
2025-06-12 05:02:00,67.1
2025-06-12 14:38:00,50.15234640140434
2025-06-12 15:57:00,32.3
2025-06-12 17:38:00,59.7
2025-06-12 10:03:00,50.15234640140434
2025-06-12 01:06:00,26.6
2025-06-12 19:03:00,60.0
2025-06-12 11:44:00,19.9
2025-06-12 20:34:00,14.8
2025-06-12 23:20:00,52.4
2025-06-12 02:10:00,15.3
2025-06-12 09:39:00,49.2
2025-06-12 03:15:00,21.3
2025-06-12 06:07:00,60.8
2025-06-12 08:43:00,62.1
2025-06-12 12:10:00,50.15234640140434
2025-06-12 07:52:00,32.3
2025-06-12 00:11:00,44.5
2025-06-12 11:06:00,25.7
2025-06-12 08:32:00,50.15234640140434
2025-06-12 08:26:00,50.15234640140434
2025-06-12 07:04:00,45.4
2025-06-12 12:18:00,50.15234640140434
2025-06-12 04:11:00,77.9
2025-06-12 14:44:00,59.5
2025-06-12 13:00:00,45.3
2025-06-12 21:54:00,50.15234640140434
2025-06-12 20:39:00,13.7
2025-06-12 08:53:00,61.1
2025-06-12 03:45:00,96.6
2025-06-12 14:36:00,50.15234640140434
2025-06-12 10:51:00,95.4
2025-06-12 14:37:00,50.15234640140434
2025-06-12 15:34:00,50.15234640140434
2025-06-12 12:12:00,80.7
2025-06-12 12:05:00,14.5
2025-06-12 19:23:00,50.15234640140434
2025-06-12 23:14:00,94.6
2025-06-12 20:52:00,17.7
2025-06-12 13:24:00,85.7
2025-06-12 02:06:00,57.8
2025-06-12 12:20:00,35.7
2025-06-12 01:01:00,51.0
2025-06-12 16:01:00,85.9
2025-06-12 22:31:00,4.1
2025-06-12 16:44:00,50.15234640140434
2025-06-12 06:43:00,50.15234640140434
2025-06-12 19:29:00,34.9
2025-06-12 12:56:00,61.4
2025-06-12 19:28:00,73.5
2025-06-12 11:13:00,54.8
2025-06-12 09:36:00,70.6
2025-06-12 02:28:00,88.3
2025-06-12 07:42:00,99.5
2025-06-12 04:09:00,6.3
2025-06-12 23:58:00,67.5
2025-06-12 23:07:00,40.1
2025-06-12 13:45:00,10.2
2025-06-12 04:45:00,34.2
2025-06-12 13:44:00,99.2
2025-06-12 10:13:00,63.8
2025-06-12 22:46:00,68.1
2025-06-12 18:50:00,50.15234640140434
2025-06-12 09:06:00,33.2
2025-06-12 01:47:00,86.8
2025-06-12 21:25:00,26.2
2025-06-12 06:32:00,86.4
2025-06-12 12:47:00,50.15234640140434
2025-06-12 01:55:00,71.3
2025-06-12 12:24:00,11.1
2025-06-12 11:21:00,40.6
2025-06-12 19:50:00,47.5
2025-06-12 16:43:00,65.7
2025-06-12 15:14:00,50.15234640140434
2025-06-12 00:42:00,67.3
2025-06-12 20:27:00,59.0
2025-06-12 12:03:00,50.8
2025-06-12 23:31:00,66.0
2025-06-12 10:55:00,65.2
2025-06-12 18:30:00,19.9
2025-06-12 23:16:00,61.0
2025-06-12 18:12:00,9.2
2025-06-12 04:44:00,61.5
2025-06-12 11:05:00,39.2
2025-06-12 05:25:00,9.6
2025-06-12 06:37:00,16.6
2025-06-12 13:23:00,89.3
2025-06-12 21:44:00,82.8
2025-06-12 03:12:00,37.6
2025-06-12 12:59:00,73.9
2025-06-12 14:20:00,50.15234640140434
2025-06-12 03:18:00,83.4
2025-06-12 19:48:00,27.3
2025-06-12 18:06:00,69.2
2025-06-12 00:50:00,82.2
2025-06-12 22:15:00,17.0
2025-06-12 18:45:00,6.9
2025-06-12 01:15:00,5.3
2025-06-12 21:32:00,50.15234640140434
2025-06-12 03:17:00,94.9
2025-06-12 23:24:00,41.2
2025-06-12 01:34:00,43.8
2025-06-12 12:57:00,53.2
2025-06-12 10:43:00,50.15234640140434
2025-06-12 03:54:00,53.2
2025-06-12 19:37:00,50.15234640140434
2025-06-12 04:46:00,22.2
2025-06-12 14:22:00,50.15234640140434
2025-06-12 17:03:00,50.15234640140434
2025-06-12 07:20:00,72.6
2025-06-12 02:11:00,59.5
2025-06-12 21:59:00,62.0
2025-06-12 08:24:00,88.3
2025-06-12 08:45:00,70.5
2025-06-12 22:41:00,69.4
2025-06-12 01:33:00,23.2
2025-06-12 08:13:00,14.1
2025-06-12 12:02:00,50.15234640140434
2025-06-12 06:20:00,43.0
2025-06-12 22:48:00,36.8
2025-06-12 17:00:00,67.7
2025-06-12 17:36:00,81.0
2025-06-12 06:53:00,41.8
2025-06-12 03:14:00,76.9
2025-06-12 20:06:00,89.5
2025-06-12 11:30:00,76.4
2025-06-12 02:38:00,88.4
2025-06-12 12:29:00,28.1
2025-06-12 11:00:00,24.4
2025-06-12 17:27:00,74.5
2025-06-12 00:41:00,57.1
2025-06-12 10:04:00,22.7
2025-06-12 01:49:00,14.2
2025-06-12 00:03:00,75.5
2025-06-12 10:33:00,49.8
2025-06-12 07:23:00,20.7
2025-06-12 15:21:00,75.4
2025-06-12 07:11:00,69.2
2025-06-12 20:29:00,50.15747328871669
2025-06-12 11:37:00,15.4
2025-06-12 12:08:00,90.0
2025-06-12 00:04:00,91.5
2025-06-12 05:31:00,10.5
2025-06-12 00:28:00,82.5
2025-06-12 00:53:00,32.5
2025-06-12 22:32:00,68.4
2025-06-12 23:41:00,35.7
2025-06-12 10:27:00,95.4
2025-06-12 10:14:00,85.3
2025-06-12 17:25:00,31.5
2025-06-12 16:44:00,42.4
2025-06-12 14:11:00,50.15747328871669
2025-06-12 15:30:00,93.1
2025-06-12 10:25:00,8.5
2025-06-12 09:18:00,46.8
2025-06-12 02:10:00,30.6
2025-06-12 16:39:00,11.5
2025-06-12 21:27:00,97.9
2025-06-12 03:01:00,40.6
2025-06-12 16:29:00,56.7
2025-06-12 16:36:00,88.8
2025-06-12 05:00:00,16.4
2025-06-12 03:51:00,27.6
2025-06-12 21:19:00,74.9
2025-06-12 12:48:00,37.7
2025-06-12 08:16:00,48.9
2025-06-12 17:31:00,45.4
2025-06-12 13:44:00,3.8
2025-06-12 01:27:00,69.3
2025-06-12 12:32:00,77.7
2025-06-12 23:57:00,6.9
2025-06-12 18:44:00,26.4
2025-06-12 16:13:00,34.8
2025-06-12 17:51:00,15.2
2025-06-12 08:08:00,98.8
2025-06-12 09:51:00,48.6
2025-06-12 01:52:00,43.3
2025-06-12 21:25:00,47.9
2025-06-12 18:55:00,73.8
2025-06-12 19:48:00,29.4
2025-06-12 12:19:00,62.8
2025-06-12 17:04:00,15.8
2025-06-12 19:39:00,73.9
2025-06-12 19:52:00,50.15747328871669
2025-06-12 20:43:00,70.5
2025-06-12 18:46:00,85.5
2025-06-12 22:54:00,75.8
2025-06-12 20:56:00,74.7
2025-06-12 13:37:00,57.9
2025-06-12 07:42:00,62.7
2025-06-12 02:53:00,79.5
2025-06-12 01:39:00,6.5
2025-06-12 11:01:00,50.15747328871669
2025-06-12 23:27:00,34.9
2025-06-12 01:47:00,10.6
2025-06-12 11:53:00,32.0
2025-06-12 22:06:00,83.5
2025-06-12 06:45:00,70.0
2025-06-12 14:27:00,45.0
2025-06-12 22:48:00,47.8
2025-06-12 14:57:00,32.5
2025-06-12 15:45:00,5.3
2025-06-12 13:07:00,50.15747328871669
2025-06-12 16:50:00,50.15747328871669
2025-06-12 05:33:00,53.6
2025-06-12 20:49:00,50.15747328871669
2025-06-12 08:54:00,63.7
2025-06-12 04:03:00,50.15747328871669
2025-06-12 12:52:00,96.4
2025-06-12 20:46:00,54.8
2025-06-12 10:03:00,16.0
2025-06-12 17:49:00,33.1
2025-06-12 21:52:00,8.0
2025-06-12 20:14:00,79.7
2025-06-12 07:36:00,96.5
2025-06-12 01:50:00,70.3
2025-06-12 16:20:00,95.6
2025-06-12 03:10:00,63.5
2025-06-12 07:34:00,67.8
2025-06-12 18:48:00,2.6
2025-06-12 01:48:00,16.5
2025-06-12 12:28:00,50.15747328871669
2025-06-12 11:55:00,35.4
2025-06-12 16:15:00,10.1
2025-06-12 08:58:00,77.0
2025-06-12 16:18:00,43.0
2025-06-12 01:55:00,54.7
2025-06-12 21:59:00,1.9
2025-06-12 19:09:00,78.6
2025-06-12 09:02:00,73.3
2025-06-12 22:10:00,90.5
2025-06-12 15:29:00,54.9
2025-06-12 04:33:00,50.15747328871669
2025-06-12 11:59:00,81.6
2025-06-12 03:02:00,97.6
2025-06-12 12:34:00,65.8
2025-06-12 17:28:00,4.6
2025-06-12 12:15:00,73.8
2025-06-12 03:11:00,50.15747328871669
2025-06-12 10:12:00,32.9
2025-06-12 04:54:00,18.2
2025-06-12 21:34:00,68.5
2025-06-12 18:42:00,23.5
2025-06-12 21:02:00,50.15747328871669
2025-06-12 10:39:00,74.5
2025-06-12 08:39:00,81.0
2025-06-12 09:41:00,26.3
2025-06-12 04:34:00,30.0
2025-06-12 10:32:00,59.3
2025-06-12 19:05:00,47.4
2025-06-12 19:44:00,55.5
2025-06-12 13:29:00,40.3
2025-06-12 20:25:00,3.1
2025-06-12 18:45:00,28.5
2025-06-12 07:24:00,50.15747328871669
2025-06-12 02:28:00,18.2
2025-06-12 02:06:00,79.2
2025-06-12 15:33:00,96.6
2025-06-12 08:41:00,58.0
2025-06-12 03:31:00,74.2
2025-06-12 18:05:00,14.9
2025-06-12 13:54:00,59.1
2025-06-12 04:57:00,25.4
2025-06-12 07:15:00,50.15747328871669
2025-06-12 20:58:00,52.0
2025-06-12 05:05:00,46.4
2025-06-12 09:45:00,22.9
2025-06-12 02:12:00,50.15747328871669
2025-06-12 14:03:00,21.7
2025-06-12 08:30:00,35.3
2025-06-12 03:19:00,51.6
2025-06-12 09:13:00,48.8
2025-06-12 12:02:00,99.7
2025-06-12 11:17:00,33.2
2025-06-12 13:53:00,50.15747328871669
2025-06-12 22:27:00,98.9
2025-06-12 10:43:00,26.4
2025-06-12 14:53:00,54.0
2025-06-12 06:51:00,60.2
2025-06-12 09:09:00,78.2
2025-06-12 12:47:00,1.5
2025-06-12 01:35:00,5.2
2025-06-12 07:30:00,50.15747328871669
2025-06-12 02:37:00,46.6
2025-06-12 15:28:00,50.15747328871669
2025-06-12 15:20:00,59.8
2025-06-12 10:05:00,50.2
2025-06-12 08:33:00,77.6
2025-06-12 11:08:00,15.8
2025-06-12 21:11:00,84.5
2025-06-12 03:52:00,65.9
2025-06-12 09:49:00,67.9
2025-06-12 17:45:00,48.8
2025-06-12 05:38:00,24.3
2025-06-12 05:14:00,23.4
2025-06-12 14:10:00,50.15747328871669
2025-06-12 19:38:00,10.2
2025-06-12 04:27:00,37.5
2025-06-12 17:03:00,20.2
2025-06-12 12:18:00,40.0
2025-06-12 23:52:00,79.3
2025-06-12 15:44:00,50.15747328871669
2025-06-12 20:22:00,20.3
2025-06-12 05:55:00,41.0
2025-06-12 21:28:00,50.15747328871669
2025-06-12 07:06:00,95.1
2025-06-12 11:11:00,93.4
2025-06-12 23:34:00,30.2
2025-06-12 03:07:00,58.8
2025-06-12 05:27:00,44.3
2025-06-12 05:51:00,69.3
2025-06-12 18:18:00,45.3
2025-06-12 02:45:00,93.8
2025-06-12 14:46:00,37.2
2025-06-12 03:13:00,41.7
2025-06-12 21:50:00,66.2
2025-06-12 13:43:00,92.1
2025-06-12 21:05:00,49.0
2025-06-12 12:49:00,60.0
2025-06-12 06:33:00,85.5
2025-06-12 23:23:00,50.15747328871669
2025-06-12 00:21:00,93.3
2025-06-12 17:21:00,34.3
2025-06-12 16:23:00,50.15747328871669
2025-06-12 14:23:00,6.3
2025-06-12 14:45:00,11.8
2025-06-12 00:03:00,49.4
2025-06-12 23:40:00,14.8
2025-06-12 18:41:00,92.7
2025-06-12 21:20:00,73.7
2025-06-12 03:56:00,2.0
2025-06-12 11:18:00,15.6
2025-06-12 06:43:00,50.15747328871669
2025-06-12 16:21:00,58.7
2025-06-12 08:52:00,86.6
2025-06-12 22:43:00,70.6
2025-06-12 01:49:00,67.2
2025-06-12 11:23:00,50.15747328871669
2025-06-12 12:37:00,75.1
2025-06-12 01:36:00,93.6
2025-06-12 09:23:00,50.15747328871669
2025-06-12 14:21:00,71.8
2025-06-12 05:07:00,19.3
2025-06-12 15:07:00,50.15747328871669
2025-06-12 01:00:00,78.4
2025-06-12 19:54:00,6.9
2025-06-12 17:34:00,50.15747328871669
2025-06-12 13:34:00,92.6
2025-06-12 07:26:00,50.15747328871669
2025-06-12 23:59:00,50.15747328871669
2025-06-12 21:08:00,6.6
2025-06-12 16:54:00,87.7
2025-06-12 12:51:00,50.15747328871669
2025-06-12 12:09:00,70.7
2025-06-12 05:30:00,23.1
2025-06-12 16:02:00,83.1
2025-06-12 12:39:00,50.15747328871669
2025-06-12 04:52:00,1.6
2025-06-12 19:04:00,50.15747328871669
2025-06-12 09:22:00,50.15747328871669
2025-06-12 04:19:00,59.9
2025-06-12 00:45:00,13.1
2025-06-12 16:12:00,67.0
2025-06-12 04:14:00,47.5
2025-06-12 04:46:00,8.7
2025-06-12 04:13:00,26.5
2025-06-12 06:57:00,61.2
2025-06-12 21:43:00,17.0
2025-06-12 07:18:00,50.15747328871669
2025-06-12 10:34:00,93.5
2025-06-12 00:13:00,62.7
2025-06-12 19:35:00,3.6
2025-06-12 21:18:00,87.8
2025-06-12 01:17:00,69.4
2025-06-12 15:51:00,7.9
2025-06-12 11:33:00,67.1
2025-06-12 22:46:00,72.4
2025-06-12 19:18:00,81.7
2025-06-12 00:14:00,37.8
2025-06-12 18:31:00,76.3
2025-06-12 15:13:00,6.9
2025-06-12 18:11:00,6.5
2025-06-12 18:04:00,62.6
2025-06-12 05:45:00,68.5
2025-06-12 03:42:00,30.3
2025-06-12 04:58:00,50.15747328871669
2025-06-12 16:22:00,66.4
2025-06-12 13:38:00,67.8
2025-06-12 12:27:00,45.4
2025-06-12 16:35:00,91.8
2025-06-12 18:33:00,8.0
2025-06-12 09:27:00,50.15747328871669
2025-06-12 18:54:00,31.9
2025-06-12 22:29:00,35.8
2025-06-12 06:56:00,41.0
2025-06-12 11:05:00,86.0
2025-06-12 05:39:00,78.4
2025-06-12 10:15:00,94.5
2025-06-12 17:39:00,5.6
2025-06-12 02:56:00,40.4
2025-06-12 09:59:00,9.3
2025-06-12 07:49:00,50.15747328871669
2025-06-12 00:36:00,70.8
2025-06-12 06:26:00,17.3
2025-06-12 15:35:00,2.5
2025-06-12 20:15:00,98.9
2025-06-12 21:09:00,63.6
2025-06-12 08:18:00,52.1
2025-06-12 05:22:00,50.15747328871669
2025-06-12 01:05:00,82.1
2025-06-12 07:20:00,50.15747328871669
2025-06-12 13:47:00,50.3
2025-06-12 01:41:00,50.15747328871669
2025-06-12 22:52:00,39.0
2025-06-12 01:25:00,6.2
2025-06-12 09:05:00,47.6
2025-06-12 13:30:00,79.3
2025-06-12 00:39:00,77.3
2025-06-12 17:48:00,24.0
2025-06-12 02:17:00,24.8
2025-06-12 02:03:00,15.4
2025-06-12 20:33:00,82.9
2025-06-12 19:37:00,54.6
2025-06-12 00:17:00,56.0
2025-06-12 12:12:00,76.9
2025-06-12 04:09:00,79.6
2025-06-12 07:22:00,70.4
2025-06-12 14:59:00,63.0
2025-06-12 06:09:00,33.4
2025-06-12 01:34:00,0.9
2025-06-12 09:14:00,50.15747328871669
2025-06-12 18:34:00,60.5
2025-06-12 22:00:00,41.8
2025-06-12 14:54:00,26.7
2025-06-12 08:24:00,16.5
2025-06-12 09:08:00,37.6
2025-06-12 05:48:00,70.5
2025-06-12 10:06:00,89.2
2025-06-12 12:10:00,99.9
2025-06-12 21:44:00,33.4
2025-06-12 05:17:00,50.15747328871669
2025-06-12 22:44:00,11.9
2025-06-12 09:00:00,61.6
2025-06-12 17:24:00,64.9
2025-06-12 07:07:00,75.1
2025-06-12 15:37:00,79.2
2025-06-12 04:23:00,40.2
2025-06-12 01:31:00,68.5
2025-06-12 23:28:00,13.7
2025-06-12 05:10:00,50.15747328871669
2025-06-12 16:28:00,40.5
2025-06-12 13:51:00,99.2
2025-06-12 18:06:00,11.1
2025-06-12 03:36:00,50.15747328871669
2025-06-12 10:24:00,68.2
2025-06-12 10:37:00,69.9
2025-06-12 17:50:00,48.4
2025-06-12 13:33:00,50.15747328871669
2025-06-12 14:17:00,20.4
2025-06-12 22:23:00,27.0
2025-06-12 04:00:00,95.1
2025-06-12 15:22:00,61.8
2025-06-12 04:31:00,2.5
2025-06-12 23:36:00,50.07997412982127
2025-06-12 10:21:00,75.8
2025-06-12 14:22:00,81.7
2025-06-12 03:13:00,18.8
2025-06-12 00:40:00,63.2
2025-06-12 18:41:00,16.8
2025-06-12 00:12:00,26.5
2025-06-12 01:19:00,49.5
2025-06-12 07:38:00,50.07997412982127
2025-06-12 03:38:00,94.4
2025-06-12 21:36:00,50.07997412982127
2025-06-12 14:05:00,36.1
2025-06-12 06:37:00,50.07997412982127
2025-06-12 18:35:00,50.07997412982127
2025-06-12 18:18:00,3.9
2025-06-12 20:31:00,68.4
2025-06-12 18:19:00,36.8
2025-06-12 23:53:00,61.6
2025-06-12 09:28:00,6.4
2025-06-12 14:00:00,94.0
2025-06-12 00:44:00,37.4
2025-06-12 05:52:00,50.07997412982127
2025-06-12 10:41:00,17.8
2025-06-12 00:18:00,77.8
2025-06-12 12:41:00,5.6
2025-06-12 01:13:00,74.4
2025-06-12 19:58:00,57.5
2025-06-12 23:51:00,90.2
2025-06-12 05:37:00,36.3
2025-06-12 17:16:00,50.07997412982127
2025-06-12 04:40:00,15.2
2025-06-12 15:33:00,54.6
2025-06-12 08:33:00,50.07997412982127
2025-06-12 22:55:00,57.8
2025-06-12 09:58:00,99.4
2025-06-12 16:34:00,50.07997412982127
2025-06-12 09:14:00,17.4
2025-06-12 02:47:00,50.07997412982127
2025-06-12 12:20:00,50.07997412982127
2025-06-12 09:56:00,50.07997412982127
2025-06-12 06:30:00,32.2
2025-06-12 07:01:00,86.7
2025-06-12 03:27:00,71.4
2025-06-12 10:56:00,31.2
2025-06-12 23:02:00,50.07997412982127
2025-06-12 01:59:00,68.0
2025-06-12 19:13:00,50.07997412982127
2025-06-12 14:29:00,30.5
2025-06-12 18:45:00,16.4
2025-06-12 12:03:00,82.0
2025-06-12 10:07:00,59.5
2025-06-12 11:58:00,56.7
2025-06-12 01:15:00,21.0
2025-06-12 16:43:00,15.4
2025-06-12 11:03:00,50.07997412982127
2025-06-12 20:21:00,21.0
2025-06-12 06:47:00,80.4
2025-06-12 20:37:00,29.8
2025-06-12 23:11:00,60.8
2025-06-12 06:50:00,94.4
2025-06-12 21:12:00,57.5
2025-06-12 02:14:00,75.3
2025-06-12 08:40:00,97.4
2025-06-12 20:08:00,66.6
2025-06-12 22:04:00,58.1
2025-06-12 09:47:00,93.1
2025-06-12 20:55:00,50.07997412982127
2025-06-12 01:22:00,10.3
2025-06-12 16:53:00,45.8
2025-06-12 19:35:00,2.6
2025-06-12 23:12:00,50.07997412982127
2025-06-12 18:42:00,87.3
2025-06-12 10:20:00,50.07997412982127
2025-06-12 01:32:00,58.2
2025-06-12 22:34:00,44.5
2025-06-12 18:15:00,29.7
2025-06-12 02:54:00,26.1
2025-06-12 04:30:00,66.7
2025-06-12 09:59:00,50.07997412982127
2025-06-12 00:47:00,33.8
2025-06-12 04:18:00,50.07997412982127
2025-06-12 01:18:00,46.0
2025-06-12 21:21:00,50.07997412982127
2025-06-12 10:02:00,82.5
2025-06-12 18:17:00,50.07997412982127
2025-06-12 21:17:00,50.07997412982127
2025-06-12 18:16:00,12.6
2025-06-12 09:06:00,50.07997412982127
2025-06-12 13:55:00,56.3
2025-06-12 20:52:00,50.07997412982127
2025-06-12 20:26:00,16.3
2025-06-12 18:28:00,92.1
2025-06-12 18:22:00,90.5
2025-06-12 15:44:00,21.9
2025-06-12 07:10:00,30.1
2025-06-12 17:05:00,70.2
2025-06-12 14:44:00,1.1
2025-06-12 04:27:00,62.3
2025-06-12 17:48:00,8.6
2025-06-12 09:35:00,54.5
2025-06-12 11:59:00,27.4
2025-06-12 05:05:00,81.0
2025-06-12 19:02:00,50.07997412982127
2025-06-12 16:14:00,34.9
2025-06-12 02:16:00,50.07997412982127
2025-06-12 02:22:00,50.07997412982127
2025-06-12 11:00:00,82.8
2025-06-12 21:13:00,58.3
2025-06-12 15:19:00,65.8
2025-06-12 15:05:00,41.1
2025-06-12 09:04:00,50.07997412982127
2025-06-12 19:54:00,30.1
2025-06-12 05:26:00,5.1
2025-06-12 21:55:00,64.6
2025-06-12 08:08:00,5.3
2025-06-12 18:47:00,2.1
2025-06-12 00:22:00,4.5
2025-06-12 08:38:00,57.5
2025-06-12 23:06:00,97.8
2025-06-12 02:44:00,67.3
2025-06-12 01:20:00,50.07997412982127
2025-06-12 15:43:00,40.8
2025-06-12 23:04:00,4.4
2025-06-12 10:37:00,50.07997412982127
2025-06-12 06:06:00,94.1
2025-06-12 21:58:00,96.9
2025-06-12 06:01:00,33.8
2025-06-12 15:24:00,99.6
2025-06-12 00:08:00,74.6
2025-06-12 07:49:00,78.0
2025-06-12 21:14:00,50.07997412982127
2025-06-12 11:18:00,28.9
2025-06-12 08:23:00,55.2
2025-06-12 11:57:00,81.5
2025-06-12 09:13:00,39.5
2025-06-12 15:38:00,45.5
2025-06-12 15:51:00,50.07997412982127
2025-06-12 12:57:00,50.07997412982127
2025-06-12 04:32:00,13.8
2025-06-12 12:37:00,42.7
2025-06-12 23:43:00,85.9
2025-06-12 13:52:00,80.0
2025-06-12 07:14:00,13.8
2025-06-12 01:55:00,62.9
2025-06-12 21:46:00,80.3
2025-06-12 23:54:00,95.8
2025-06-12 09:42:00,30.7
2025-06-12 09:38:00,89.8
2025-06-12 09:37:00,85.5
2025-06-12 23:21:00,50.07997412982127
2025-06-12 14:19:00,8.3
2025-06-12 01:53:00,76.9
2025-06-12 20:20:00,85.5
2025-06-12 06:25:00,93.4
2025-06-12 21:18:00,17.4
2025-06-12 03:08:00,50.07997412982127
2025-06-12 03:48:00,46.5
2025-06-12 13:12:00,2.5
2025-06-12 15:03:00,11.4
2025-06-12 06:24:00,43.3
2025-06-12 15:30:00,80.2
2025-06-12 16:06:00,38.5
2025-06-12 18:36:00,50.07997412982127
2025-06-12 10:29:00,61.7
2025-06-12 12:36:00,11.0
2025-06-12 03:53:00,61.4
2025-06-12 20:41:00,51.0
2025-06-12 11:41:00,41.8
2025-06-12 00:19:00,24.1
2025-06-12 01:48:00,38.3
2025-06-12 20:25:00,42.8
2025-06-12 02:29:00,22.6
2025-06-12 07:57:00,50.07997412982127
2025-06-12 19:26:00,94.4
2025-06-12 00:23:00,77.2
2025-06-12 10:24:00,13.6
2025-06-12 10:43:00,32.9
2025-06-12 18:39:00,88.0
2025-06-12 03:12:00,29.8
2025-06-12 16:51:00,90.9
2025-06-12 03:18:00,50.07997412982127
2025-06-12 22:29:00,67.0
2025-06-12 00:15:00,17.5
2025-06-12 03:05:00,22.2
2025-06-12 14:43:00,97.6
2025-06-12 15:56:00,55.4
2025-06-12 22:07:00,81.3
2025-06-12 08:21:00,54.1
2025-06-12 23:47:00,61.6
2025-06-12 16:03:00,93.5
2025-06-12 21:44:00,1.5
2025-06-12 08:36:00,50.07997412982127
2025-06-12 17:28:00,65.2
2025-06-12 09:25:00,50.07997412982127
2025-06-12 10:08:00,57.6
2025-06-12 03:45:00,50.07997412982127
2025-06-12 09:01:00,50.07997412982127
2025-06-12 15:16:00,27.3
2025-06-12 23:18:00,50.07997412982127
2025-06-12 22:15:00,51.9
2025-06-12 04:50:00,17.6
2025-06-12 18:38:00,92.6
2025-06-12 15:08:00,97.2
2025-06-12 08:30:00,43.1
2025-06-12 07:13:00,94.0
2025-06-12 08:05:00,45.8
2025-06-12 18:34:00,27.5
2025-06-12 15:07:00,29.8
2025-06-12 16:08:00,15.0
2025-06-12 21:30:00,30.2
2025-06-12 03:51:00,64.7
2025-06-12 10:09:00,47.2
2025-06-12 17:14:00,30.6
2025-06-12 03:21:00,32.8
2025-06-12 08:54:00,66.3
2025-06-12 23:09:00,11.6
2025-06-12 03:47:00,88.0
2025-06-12 10:33:00,37.4
2025-06-12 06:07:00,13.7
2025-06-12 12:08:00,20.6
2025-06-12 12:32:00,25.6
2025-06-12 23:05:00,64.7
2025-06-12 04:13:00,6.1
2025-06-12 06:48:00,18.0
2025-06-12 12:38:00,97.4
2025-06-12 02:10:00,50.07997412982127
2025-06-12 23:48:00,75.6
2025-06-12 01:37:00,2.4
2025-06-12 20:39:00,65.4
2025-06-12 17:51:00,11.4
2025-06-12 15:54:00,80.6
2025-06-12 07:11:00,25.0
2025-06-12 14:18:00,50.07997412982127
2025-06-12 19:59:00,94.7
2025-06-12 20:04:00,4.5
2025-06-12 00:59:00,44.4
2025-06-12 12:28:00,26.0
2025-06-12 15:40:00,87.5
2025-06-12 21:49:00,88.7
2025-06-12 08:42:00,13.3
2025-06-12 01:38:00,97.7
2025-06-12 12:27:00,18.3
2025-06-12 22:42:00,68.5
2025-06-12 10:38:00,75.7
2025-06-12 00:13:00,70.7
2025-06-12 03:24:00,20.1
2025-06-12 06:12:00,70.2
2025-06-12 12:34:00,99.5
2025-06-12 00:49:00,6.9
2025-06-12 22:59:00,42.3
2025-06-12 03:17:00,87.9
2025-06-12 22:11:00,22.3
2025-06-12 07:56:00,50.07997412982127
2025-06-12 06:41:00,50.07997412982127
2025-06-12 05:11:00,65.2
2025-06-12 06:49:00,54.5
2025-06-12 08:55:00,50.07997412982127
2025-06-12 09:03:00,11.1
2025-06-12 05:55:00,84.4
2025-06-12 23:26:00,59.8
2025-06-12 13:33:00,26.5
2025-06-12 18:24:00,35.3
2025-06-12 14:46:00,20.7
2025-06-12 01:45:00,40.6
2025-06-12 10:12:00,66.0
2025-06-12 15:00:00,59.1
2025-06-12 22:38:00,50.07997412982127
2025-06-12 17:54:00,50.07997412982127
2025-06-12 07:22:00,50.07997412982127
2025-06-12 07:20:00,50.07997412982127
2025-06-12 05:54:00,14.1
2025-06-12 10:59:00,88.2
2025-06-12 00:28:00,91.5
2025-06-12 07:54:00,73.0
2025-06-12 12:05:00,55.9
2025-06-12 02:48:00,99.4
2025-06-12 16:45:00,2.7
2025-06-12 11:46:00,56.8
2025-06-12 15:14:00,48.8
2025-06-12 13:39:00,50.07997412982127
2025-06-12 18:05:00,31.6
2025-06-12 19:32:00,2.2
2025-06-12 18:56:00,16.9
2025-06-12 18:42:00,45.3
2025-06-12 23:46:00,43.3
2025-06-12 13:17:00,54.2
2025-06-12 13:31:00,58.9
2025-06-12 03:08:00,17.9
2025-06-12 14:42:00,83.2
2025-06-12 13:16:00,76.2
2025-06-12 22:29:00,42.9
2025-06-12 08:08:00,27.8
2025-06-12 03:41:00,90.2
2025-06-12 19:19:00,24.4
2025-06-12 19:29:00,48.4
2025-06-12 09:25:00,49.822039706925075
2025-06-12 02:16:00,16.3
2025-06-12 21:46:00,3.6
2025-06-12 10:06:00,8.6
2025-06-12 14:34:00,9.8
2025-06-12 23:49:00,49.822039706925075
2025-06-12 10:59:00,54.5
2025-06-12 08:48:00,7.6
2025-06-12 04:33:00,49.822039706925075
2025-06-12 13:37:00,43.2
2025-06-12 04:35:00,81.6
2025-06-12 11:28:00,26.1
2025-06-12 14:31:00,7.9
2025-06-12 04:08:00,84.8
2025-06-12 23:14:00,87.7
2025-06-12 03:37:00,19.6
2025-06-12 16:25:00,5.6
2025-06-12 01:47:00,67.0
2025-06-12 11:53:00,28.9
2025-06-12 11:46:00,98.8
2025-06-12 17:31:00,49.822039706925075
2025-06-12 05:26:00,33.0
2025-06-12 19:32:00,44.3
2025-06-12 20:26:00,79.4
2025-06-12 00:40:00,13.3
2025-06-12 11:48:00,45.1
2025-06-12 11:33:00,11.8
2025-06-12 08:31:00,32.9
2025-06-12 01:55:00,13.0
2025-06-12 19:50:00,91.4
2025-06-12 14:00:00,26.9
2025-06-12 09:53:00,46.0
2025-06-12 22:57:00,46.7
2025-06-12 13:22:00,7.3
2025-06-12 07:55:00,45.9
2025-06-12 09:54:00,49.822039706925075
2025-06-12 02:20:00,43.1
2025-06-12 06:25:00,67.6
2025-06-12 12:40:00,49.822039706925075
2025-06-12 11:02:00,74.7
2025-06-12 21:43:00,94.5
2025-06-12 23:24:00,78.9
2025-06-12 17:57:00,92.8
2025-06-12 09:27:00,49.822039706925075
2025-06-12 06:23:00,81.1
2025-06-12 05:28:00,89.8
2025-06-12 07:40:00,16.9
2025-06-12 18:13:00,74.9
2025-06-12 09:35:00,49.822039706925075
2025-06-12 23:08:00,81.1
2025-06-12 16:23:00,84.0
2025-06-12 13:26:00,17.6
2025-06-12 15:12:00,65.5
2025-06-12 03:29:00,70.3
2025-06-12 14:26:00,49.822039706925075
2025-06-12 18:15:00,85.3
2025-06-12 09:04:00,49.822039706925075
2025-06-12 12:34:00,88.2
2025-06-12 22:43:00,19.1
2025-06-12 06:43:00,95.3
2025-06-12 06:30:00,94.8
2025-06-12 07:12:00,49.822039706925075
2025-06-12 04:36:00,72.1
2025-06-12 07:44:00,63.0
2025-06-12 19:17:00,27.3
2025-06-12 16:09:00,77.1
2025-06-12 09:37:00,51.6
2025-06-12 01:22:00,31.1
2025-06-12 03:47:00,6.6
2025-06-12 11:41:00,69.1
2025-06-12 09:32:00,64.2
2025-06-12 12:03:00,78.1
2025-06-12 02:31:00,50.8
2025-06-12 03:52:00,31.6
2025-06-12 02:01:00,88.2
2025-06-12 21:48:00,70.0
2025-06-12 21:17:00,44.9
2025-06-12 23:31:00,22.8
2025-06-12 00:01:00,24.0
2025-06-12 20:35:00,49.822039706925075
2025-06-12 10:34:00,52.9
2025-06-12 20:22:00,19.0
2025-06-12 18:48:00,52.1
2025-06-12 07:46:00,82.1
2025-06-12 19:37:00,90.4
2025-06-12 15:48:00,23.8
2025-06-12 03:15:00,49.6
2025-06-12 10:49:00,49.822039706925075
2025-06-12 23:13:00,9.7
2025-06-12 22:47:00,76.9
2025-06-12 01:34:00,5.5
2025-06-12 19:57:00,21.9
2025-06-12 00:27:00,9.4
2025-06-12 21:04:00,58.3
2025-06-12 00:29:00,49.822039706925075
2025-06-12 20:16:00,60.0
2025-06-12 09:23:00,27.3
2025-06-12 12:57:00,40.4
2025-06-12 09:52:00,45.0
2025-06-12 18:11:00,19.1
2025-06-12 07:23:00,4.2
2025-06-12 06:20:00,90.5
2025-06-12 03:49:00,92.8
2025-06-12 15:37:00,62.6
2025-06-12 14:56:00,72.8
2025-06-12 01:12:00,49.822039706925075
2025-06-12 04:32:00,79.5
2025-06-12 17:44:00,48.9
2025-06-12 19:04:00,6.9
2025-06-12 12:15:00,90.8
2025-06-12 05:29:00,86.7
2025-06-12 21:35:00,49.822039706925075
2025-06-12 01:38:00,48.5
2025-06-12 06:14:00,21.1
2025-06-12 18:50:00,60.8
2025-06-12 04:46:00,52.9
2025-06-12 03:36:00,34.3
2025-06-12 06:05:00,73.7
2025-06-12 21:52:00,2.4
2025-06-12 17:37:00,49.822039706925075
2025-06-12 13:19:00,37.3
2025-06-12 06:24:00,59.7
2025-06-12 00:20:00,12.1
2025-06-12 13:49:00,49.822039706925075
2025-06-12 12:11:00,92.0
2025-06-12 14:54:00,49.822039706925075
2025-06-12 05:53:00,5.5
2025-06-12 21:57:00,49.822039706925075
2025-06-12 22:39:00,89.0
2025-06-12 09:07:00,42.9
2025-06-12 09:43:00,80.5
2025-06-12 23:38:00,59.5
2025-06-12 07:04:00,49.822039706925075
2025-06-12 16:45:00,87.2
2025-06-12 19:43:00,67.9
2025-06-12 10:27:00,6.2
2025-06-12 11:05:00,24.7
2025-06-12 15:05:00,49.822039706925075
2025-06-12 01:50:00,49.4
2025-06-12 12:13:00,68.1
2025-06-12 09:03:00,43.1
2025-06-12 00:04:00,6.0
2025-06-12 11:42:00,17.4
2025-06-12 00:57:00,85.3
2025-06-12 09:26:00,55.8
2025-06-12 12:55:00,16.3
2025-06-12 22:40:00,81.7
2025-06-12 04:48:00,56.0
2025-06-12 14:43:00,49.822039706925075
2025-06-12 15:28:00,4.1
2025-06-12 17:07:00,90.7
2025-06-12 11:49:00,16.3
2025-06-12 19:00:00,50.9
2025-06-12 17:18:00,88.5
2025-06-12 02:36:00,28.1
2025-06-12 09:39:00,57.1
2025-06-12 01:40:00,18.5
2025-06-12 16:19:00,1.7
2025-06-12 12:02:00,60.8
2025-06-12 01:13:00,94.4
2025-06-12 10:40:00,75.4
2025-06-12 04:24:00,26.5
2025-06-12 04:37:00,49.822039706925075
2025-06-12 18:25:00,28.7
2025-06-12 20:46:00,54.7
2025-06-12 14:27:00,26.8
2025-06-12 13:11:00,51.6
2025-06-12 11:36:00,79.0
2025-06-12 07:18:00,71.6
2025-06-12 09:24:00,45.4
2025-06-12 14:35:00,30.7
2025-06-12 04:15:00,49.4
2025-06-12 21:56:00,1.3
2025-06-12 12:10:00,95.3
2025-06-12 02:58:00,26.0
2025-06-12 22:16:00,53.7
2025-06-12 21:45:00,49.822039706925075
2025-06-12 07:49:00,35.6
2025-06-12 07:56:00,49.822039706925075
2025-06-12 12:23:00,79.3
2025-06-12 23:03:00,11.0
2025-06-12 09:11:00,44.0
2025-06-12 14:02:00,84.0
2025-06-12 09:47:00,14.6
2025-06-12 01:41:00,49.822039706925075
2025-06-12 00:25:00,71.9
2025-06-12 04:13:00,49.822039706925075
2025-06-12 01:11:00,91.2
2025-06-12 10:51:00,63.5
2025-06-12 07:39:00,69.8
2025-06-12 08:13:00,70.4
2025-06-12 18:27:00,55.4
2025-06-12 22:58:00,98.7
2025-06-12 13:14:00,80.2
2025-06-12 23:02:00,49.822039706925075
2025-06-12 23:34:00,60.9
2025-06-12 23:54:00,89.8
2025-06-12 07:16:00,18.8
2025-06-12 05:00:00,49.822039706925075
2025-06-12 22:08:00,98.1
2025-06-12 15:21:00,97.3
2025-06-12 19:13:00,65.3
2025-06-12 04:34:00,53.1
2025-06-12 20:12:00,74.3
2025-06-12 20:10:00,76.4
2025-06-12 17:59:00,71.0
2025-06-12 08:30:00,49.822039706925075
2025-06-12 16:20:00,49.822039706925075
2025-06-12 21:58:00,49.822039706925075
2025-06-12 06:13:00,11.9
2025-06-12 17:52:00,31.5
2025-06-12 09:29:00,21.9
2025-06-12 15:11:00,36.0
2025-06-12 17:10:00,67.7
2025-06-12 11:23:00,72.3
2025-06-12 02:24:00,90.4
2025-06-12 19:07:00,14.6
2025-06-12 07:17:00,33.7
2025-06-12 14:07:00,49.822039706925075
2025-06-12 13:47:00,36.3
2025-06-12 03:44:00,96.8
2025-06-12 01:20:00,56.2
2025-06-12 16:37:00,82.9
2025-06-12 01:18:00,58.2
2025-06-12 17:14:00,63.3
2025-06-12 04:01:00,34.9
2025-06-12 10:05:00,25.0
2025-06-12 11:44:00,88.1
2025-06-12 06:59:00,72.0
2025-06-12 23:51:00,31.2
2025-06-12 18:46:00,67.8
2025-06-12 16:36:00,53.9
2025-06-12 13:33:00,62.8
2025-06-12 04:12:00,49.822039706925075
2025-06-12 12:17:00,48.4
2025-06-12 22:59:00,67.2
2025-06-12 06:06:00,33.9
2025-06-12 14:22:00,49.822039706925075
2025-06-12 11:03:00,42.7
2025-06-12 01:30:00,32.2
2025-06-12 14:20:00,38.8
2025-06-12 16:35:00,71.7
2025-06-12 15:07:00,25.7
2025-06-12 21:00:00,87.3
2025-06-12 01:57:00,49.822039706925075
2025-06-12 21:03:00,52.1
2025-06-12 05:50:00,73.5
2025-06-12 04:43:00,78.8
2025-06-12 16:51:00,63.0
2025-06-12 22:55:00,49.822039706925075
2025-06-12 22:03:00,49.4
2025-06-12 15:43:00,49.822039706925075
2025-06-12 21:30:00,13.5
2025-06-12 04:39:00,41.2
2025-06-12 08:49:00,91.5
2025-06-12 23:00:00,22.0
2025-06-12 21:11:00,23.8
2025-06-12 18:47:00,68.3
2025-06-12 16:34:00,81.9
2025-06-12 02:17:00,49.822039706925075
2025-06-12 01:33:00,77.4
2025-06-12 14:28:00,84.7
2025-06-12 05:31:00,74.1
2025-06-12 18:35:00,61.2
2025-06-12 21:24:00,97.6
2025-06-12 00:45:00,27.9
2025-06-12 20:01:00,91.3
2025-06-12 06:10:00,6.3
2025-06-12 10:53:00,9.4
2025-06-12 12:30:00,30.9
2025-06-12 04:44:00,61.5
2025-06-12 11:30:00,20.3
2025-06-12 22:07:00,73.8
2025-06-12 12:34:00,50.313785814936594
2025-06-12 02:56:00,95.5
2025-06-12 10:49:00,0.3
2025-06-12 21:31:00,77.5
2025-06-12 14:32:00,50.313785814936594
2025-06-12 12:36:00,50.313785814936594
2025-06-12 06:43:00,6.1
2025-06-12 15:17:00,50.313785814936594
2025-06-12 08:56:00,65.3
2025-06-12 11:00:00,11.0
2025-06-12 13:22:00,50.313785814936594
2025-06-12 07:16:00,23.4
2025-06-12 04:53:00,46.9
2025-06-12 13:56:00,37.6
2025-06-12 06:19:00,54.0
2025-06-12 10:35:00,50.4
2025-06-12 08:22:00,94.2
2025-06-12 02:05:00,23.1
2025-06-12 23:32:00,43.2
2025-06-12 18:05:00,33.5
2025-06-12 09:52:00,50.313785814936594
2025-06-12 13:18:00,22.7
2025-06-12 23:37:00,24.7
2025-06-12 04:46:00,3.4
2025-06-12 03:22:00,54.0
2025-06-12 19:39:00,50.313785814936594
2025-06-12 18:31:00,63.2
2025-06-12 02:32:00,32.9
2025-06-12 23:02:00,86.1
2025-06-12 08:01:00,64.8
2025-06-12 02:53:00,50.313785814936594
2025-06-12 23:45:00,67.6
2025-06-12 13:23:00,47.2
2025-06-12 09:18:00,94.6
2025-06-12 18:50:00,24.5
2025-06-12 03:58:00,3.5
2025-06-12 02:45:00,51.3
2025-06-12 15:43:00,72.6
2025-06-12 06:28:00,18.5
2025-06-12 01:05:00,64.4
2025-06-12 02:48:00,98.7
2025-06-12 08:32:00,58.2
2025-06-12 01:46:00,50.313785814936594
2025-06-12 06:58:00,68.1
2025-06-12 09:09:00,40.3
2025-06-12 13:01:00,90.3
2025-06-12 11:51:00,50.313785814936594
2025-06-12 10:24:00,86.8
2025-06-12 13:59:00,63.7
2025-06-12 03:02:00,69.7
2025-06-12 02:42:00,3.1
2025-06-12 03:31:00,53.1
2025-06-12 09:48:00,47.2
2025-06-12 07:11:00,88.9
2025-06-12 07:56:00,50.313785814936594
2025-06-12 08:25:00,13.4
2025-06-12 01:50:00,40.4
2025-06-12 08:33:00,90.3
2025-06-12 10:53:00,39.2
2025-06-12 11:44:00,28.3
2025-06-12 17:09:00,63.0
2025-06-12 17:33:00,28.5
2025-06-12 14:10:00,23.7
2025-06-12 13:58:00,21.9
2025-06-12 08:05:00,40.1
2025-06-12 11:39:00,85.2
2025-06-12 06:42:00,84.3
2025-06-12 18:54:00,69.4
2025-06-12 22:23:00,50.313785814936594
2025-06-12 11:43:00,37.7
2025-06-12 21:30:00,52.5
2025-06-12 03:33:00,8.7
2025-06-12 00:37:00,50.313785814936594
2025-06-12 23:58:00,43.4
2025-06-12 22:43:00,42.1
2025-06-12 04:02:00,48.7
2025-06-12 12:04:00,14.2
2025-06-12 16:25:00,2.5
2025-06-12 16:34:00,47.3
2025-06-12 02:08:00,0.8
2025-06-12 02:00:00,50.313785814936594
2025-06-12 19:30:00,20.4
2025-06-12 05:59:00,81.5
2025-06-12 20:20:00,75.1
2025-06-12 05:01:00,88.7
2025-06-12 16:02:00,30.0
2025-06-12 22:52:00,49.7
2025-06-12 00:29:00,37.0
2025-06-12 23:33:00,65.1
2025-06-12 18:42:00,18.4
2025-06-12 22:59:00,66.4
2025-06-12 21:44:00,58.8
2025-06-12 08:27:00,60.3
2025-06-12 04:30:00,71.6
2025-06-12 11:20:00,12.8
2025-06-12 22:49:00,57.8
2025-06-12 00:39:00,67.5
2025-06-12 19:36:00,31.0
2025-06-12 20:21:00,46.4
2025-06-12 07:58:00,69.3
2025-06-12 06:06:00,69.1
2025-06-12 04:50:00,29.4
2025-06-12 22:32:00,30.6
2025-06-12 05:51:00,91.9
2025-06-12 16:59:00,80.0
2025-06-12 01:15:00,40.8
2025-06-12 18:08:00,56.3
2025-06-12 12:40:00,11.7
2025-06-12 17:58:00,58.0
2025-06-12 08:57:00,59.2
2025-06-12 08:12:00,34.5
2025-06-12 03:18:00,18.4
2025-06-12 18:36:00,88.1
2025-06-12 12:17:00,82.9
2025-06-12 16:48:00,50.313785814936594
2025-06-12 05:21:00,50.313785814936594
2025-06-12 00:46:00,50.313785814936594
2025-06-12 01:11:00,50.313785814936594
2025-06-12 08:52:00,10.3
2025-06-12 17:11:00,15.4
2025-06-12 04:49:00,50.313785814936594
2025-06-12 09:54:00,88.0
2025-06-12 17:35:00,94.9
2025-06-12 14:27:00,50.313785814936594
2025-06-12 18:20:00,88.9
2025-06-12 18:41:00,42.5
2025-06-12 18:14:00,94.6
2025-06-12 11:05:00,32.9
2025-06-12 03:25:00,4.5
2025-06-12 09:10:00,50.313785814936594
2025-06-12 21:08:00,5.4
2025-06-12 07:15:00,23.5
2025-06-12 12:09:00,42.7
2025-06-12 00:26:00,54.5
2025-06-12 22:45:00,13.7
2025-06-12 22:46:00,9.5
2025-06-12 21:56:00,16.1
2025-06-12 19:22:00,81.2
2025-06-12 05:35:00,56.2
2025-06-12 07:38:00,84.8
2025-06-12 23:48:00,55.0
2025-06-12 04:18:00,22.4
2025-06-12 08:38:00,50.313785814936594
2025-06-12 08:43:00,59.3
2025-06-12 12:02:00,60.4
2025-06-12 19:34:00,96.9
2025-06-12 01:49:00,55.4
2025-06-12 03:32:00,11.4
2025-06-12 21:34:00,89.3
2025-06-12 14:51:00,50.313785814936594
2025-06-12 10:38:00,63.1
2025-06-12 07:21:00,60.9
2025-06-12 17:56:00,57.5
2025-06-12 10:14:00,32.7
2025-06-12 12:19:00,50.313785814936594
2025-06-12 02:14:00,8.6
2025-06-12 01:38:00,30.7
2025-06-12 22:04:00,11.5
2025-06-12 12:58:00,64.7
2025-06-12 20:25:00,63.3
2025-06-12 04:04:00,50.313785814936594
2025-06-12 19:12:00,50.313785814936594
2025-06-12 08:45:00,21.2
2025-06-12 05:11:00,87.8
2025-06-12 09:23:00,85.9
2025-06-12 11:37:00,49.9
2025-06-12 15:23:00,19.9
2025-06-12 10:48:00,90.0
2025-06-12 11:32:00,0.5
2025-06-12 19:19:00,8.2
2025-06-12 06:08:00,39.4
2025-06-12 04:25:00,25.6
2025-06-12 06:22:00,19.9
2025-06-12 17:00:00,17.0
2025-06-12 12:03:00,48.7
2025-06-12 08:02:00,76.3
2025-06-12 20:12:00,50.313785814936594
2025-06-12 01:20:00,99.3
2025-06-12 15:09:00,99.8
2025-06-12 09:07:00,0.2
2025-06-12 20:35:00,81.9
2025-06-12 13:08:00,50.313785814936594
2025-06-12 04:35:00,34.3
2025-06-12 21:20:00,50.313785814936594
2025-06-12 10:45:00,84.6
2025-06-12 10:51:00,64.1
2025-06-12 16:57:00,93.1
2025-06-12 21:46:00,13.0
2025-06-12 10:15:00,88.8
2025-06-12 19:40:00,66.1
2025-06-12 04:08:00,63.8
2025-06-12 04:58:00,76.0
2025-06-12 14:31:00,51.3
2025-06-12 21:49:00,36.6
2025-06-12 05:37:00,72.7
2025-06-12 14:56:00,78.7
2025-06-12 18:52:00,59.9
2025-06-12 21:01:00,83.8
2025-06-12 17:17:00,8.8
2025-06-12 01:31:00,48.5
2025-06-12 20:05:00,82.1
2025-06-12 17:30:00,30.1
2025-06-12 04:24:00,68.2
2025-06-12 16:20:00,61.2
2025-06-12 05:14:00,90.6
2025-06-12 00:17:00,11.0
2025-06-12 06:18:00,2.4
2025-06-12 12:49:00,73.5
2025-06-12 12:46:00,24.7
2025-06-12 10:08:00,8.4
2025-06-12 02:24:00,50.313785814936594
2025-06-12 02:16:00,50.313785814936594
2025-06-12 17:15:00,39.9
2025-06-12 04:28:00,85.9
2025-06-12 17:14:00,77.5
2025-06-12 11:45:00,3.0
2025-06-12 16:22:00,35.6
2025-06-12 07:49:00,50.313785814936594
2025-06-12 12:55:00,88.1
2025-06-12 13:17:00,89.0
2025-06-12 04:09:00,33.7
2025-06-12 19:02:00,66.3
2025-06-12 02:59:00,7.0
2025-06-12 11:53:00,22.3
2025-06-12 05:48:00,16.0
2025-06-12 11:22:00,75.9
2025-06-12 20:48:00,50.313785814936594
2025-06-12 12:57:00,99.3
2025-06-12 16:56:00,59.7
2025-06-12 23:29:00,4.1
2025-06-12 19:28:00,0.3
2025-06-12 05:43:00,86.4
2025-06-12 13:20:00,50.313785814936594
2025-06-12 10:25:00,32.3
2025-06-12 20:23:00,97.8
2025-06-12 20:57:00,93.8
2025-06-12 05:36:00,79.8
2025-06-12 04:12:00,22.3
2025-06-12 09:21:00,81.6
2025-06-12 17:29:00,41.1
2025-06-12 01:02:00,60.7
2025-06-12 23:56:00,74.9
2025-06-12 01:13:00,93.7
2025-06-12 05:27:00,36.3
2025-06-12 11:52:00,68.5
2025-06-12 14:12:00,50.313785814936594
2025-06-12 00:09:00,32.1
2025-06-12 03:48:00,61.5
2025-06-12 01:39:00,93.1
2025-06-12 13:30:00,43.6
2025-06-12 15:14:00,90.4
2025-06-12 09:38:00,26.6
2025-06-12 08:58:00,50.313785814936594
2025-06-12 21:54:00,50.6
2025-06-12 19:48:00,70.9
2025-06-12 05:03:00,25.2
2025-06-12 04:23:00,23.0
2025-06-12 19:04:00,50.313785814936594
2025-06-12 05:28:00,64.6
2025-06-12 10:30:00,58.2
2025-06-12 18:04:00,85.8
2025-06-12 08:33:00,39.3
2025-06-12 22:54:00,19.6
2025-06-12 01:53:00,49.947505013566115
2025-06-12 03:18:00,51.2
2025-06-12 08:14:00,40.7
2025-06-12 03:15:00,25.1
2025-06-12 16:54:00,49.947505013566115
2025-06-12 06:34:00,17.4
2025-06-12 10:29:00,41.9
2025-06-12 06:43:00,76.1
2025-06-12 13:01:00,69.8
2025-06-12 22:26:00,9.2
2025-06-12 05:30:00,85.0
2025-06-12 22:07:00,7.7
2025-06-12 09:05:00,31.2
2025-06-12 20:24:00,34.6
2025-06-12 15:03:00,55.6
2025-06-12 10:32:00,54.8
2025-06-12 18:16:00,0.1
2025-06-12 08:24:00,20.3
2025-06-12 20:09:00,76.2
2025-06-12 01:24:00,5.2
2025-06-12 13:16:00,22.9
2025-06-12 01:13:00,29.4
2025-06-12 02:38:00,45.4
2025-06-12 14:57:00,1.7
2025-06-12 10:12:00,49.947505013566115
2025-06-12 13:29:00,49.947505013566115
2025-06-12 05:03:00,75.2
2025-06-12 02:01:00,40.6
2025-06-12 22:17:00,49.0
2025-06-12 20:12:00,24.7
2025-06-12 06:11:00,9.1
2025-06-12 19:50:00,31.5
2025-06-12 17:12:00,49.6
2025-06-12 06:05:00,53.1
2025-06-12 16:55:00,20.1
2025-06-12 02:35:00,49.947505013566115
2025-06-12 23:14:00,74.2
2025-06-12 03:45:00,12.9
2025-06-12 02:00:00,27.9
2025-06-12 06:55:00,26.3
2025-06-12 01:10:00,49.947505013566115
2025-06-12 23:54:00,39.8
2025-06-12 06:46:00,49.947505013566115
2025-06-12 09:23:00,76.2
2025-06-12 01:51:00,29.7
2025-06-12 23:34:00,36.6
2025-06-12 02:47:00,27.1
2025-06-12 05:47:00,28.1
2025-06-12 07:52:00,36.0
2025-06-12 00:11:00,49.947505013566115
2025-06-12 14:08:00,49.947505013566115
2025-06-12 08:15:00,76.7
2025-06-12 20:06:00,49.947505013566115
2025-06-12 00:16:00,49.947505013566115
2025-06-12 05:37:00,93.0
2025-06-12 09:41:00,70.2
2025-06-12 05:29:00,93.1
2025-06-12 02:18:00,54.0
2025-06-12 07:35:00,49.947505013566115
2025-06-12 10:06:00,97.7
2025-06-12 06:40:00,85.9
2025-06-12 15:02:00,86.1
2025-06-12 22:56:00,79.9
2025-06-12 02:48:00,85.0
2025-06-12 07:02:00,5.5
2025-06-12 14:09:00,21.0
2025-06-12 09:19:00,33.8
2025-06-12 07:03:00,49.947505013566115
2025-06-12 10:41:00,32.6
2025-06-12 19:09:00,22.0
2025-06-12 18:37:00,42.4
2025-06-12 00:43:00,36.9
2025-06-12 16:33:00,22.6
2025-06-12 20:01:00,49.947505013566115
2025-06-12 03:26:00,69.8
2025-06-12 15:20:00,27.4
2025-06-12 05:27:00,60.3
2025-06-12 18:35:00,69.0
2025-06-12 14:05:00,67.7
2025-06-12 18:46:00,49.947505013566115
2025-06-12 17:11:00,55.3
2025-06-12 03:35:00,49.947505013566115
2025-06-12 05:43:00,6.8
2025-06-12 05:01:00,49.947505013566115
2025-06-12 19:17:00,98.5
2025-06-12 16:46:00,29.2
2025-06-12 05:38:00,4.3
2025-06-12 07:50:00,63.7
2025-06-12 21:06:00,89.7
2025-06-12 06:52:00,77.2
2025-06-12 08:59:00,49.947505013566115
2025-06-12 06:57:00,49.947505013566115
2025-06-12 06:58:00,92.8
2025-06-12 23:31:00,13.3
2025-06-12 01:08:00,49.947505013566115
2025-06-12 00:17:00,55.7
2025-06-12 10:53:00,1.9
2025-06-12 09:09:00,12.7
2025-06-12 04:46:00,49.947505013566115
2025-06-12 05:12:00,61.2
2025-06-12 16:30:00,45.3
2025-06-12 09:33:00,49.947505013566115
2025-06-12 08:12:00,34.4
2025-06-12 22:25:00,49.947505013566115
2025-06-12 06:17:00,16.7
2025-06-12 23:08:00,61.7
2025-06-12 04:19:00,17.3
2025-06-12 01:15:00,30.4
2025-06-12 07:11:00,37.8
2025-06-12 06:04:00,16.6
2025-06-12 01:05:00,17.9
2025-06-12 01:39:00,36.5
2025-06-12 21:34:00,85.5
2025-06-12 03:28:00,68.3
2025-06-12 21:52:00,49.947505013566115
2025-06-12 12:47:00,89.0
2025-06-12 07:13:00,1.3
2025-06-12 19:45:00,78.4
2025-06-12 03:37:00,31.2
2025-06-12 01:30:00,49.947505013566115
2025-06-12 17:51:00,39.1
2025-06-12 19:06:00,50.7
2025-06-12 12:06:00,19.5
2025-06-12 01:40:00,49.947505013566115
2025-06-12 21:09:00,63.9
2025-06-12 12:20:00,20.5
2025-06-12 14:11:00,71.4
2025-06-12 10:43:00,49.947505013566115
2025-06-12 13:02:00,68.6
2025-06-12 17:22:00,1.0
2025-06-12 15:56:00,77.6
2025-06-12 10:40:00,91.7
2025-06-12 19:15:00,80.6
2025-06-12 02:58:00,27.2
2025-06-12 07:25:00,8.9
2025-06-12 19:51:00,39.3
2025-06-12 12:59:00,11.0
2025-06-12 03:31:00,50.1
2025-06-12 15:43:00,63.1
2025-06-12 19:03:00,5.1
2025-06-12 23:06:00,71.0
2025-06-12 08:07:00,81.3
2025-06-12 20:51:00,89.8
2025-06-12 11:20:00,76.5
2025-06-12 02:17:00,6.5
2025-06-12 01:56:00,80.7
2025-06-12 16:34:00,93.9
2025-06-12 09:44:00,49.947505013566115
2025-06-12 09:53:00,49.947505013566115
2025-06-12 08:19:00,12.1
2025-06-12 16:27:00,67.5
2025-06-12 20:42:00,21.5
2025-06-12 12:36:00,78.4
2025-06-12 23:42:00,56.0
2025-06-12 00:03:00,49.947505013566115
2025-06-12 00:35:00,8.5
2025-06-12 12:53:00,73.7
2025-06-12 12:56:00,9.1
2025-06-12 21:31:00,5.6
2025-06-12 05:48:00,3.8
2025-06-12 19:23:00,51.2
2025-06-12 23:32:00,64.7
2025-06-12 00:19:00,28.2
2025-06-12 05:22:00,3.9
2025-06-12 10:16:00,49.947505013566115
2025-06-12 20:29:00,53.0
2025-06-12 23:36:00,43.3
2025-06-12 10:39:00,25.1
2025-06-12 20:56:00,1.0
2025-06-12 22:27:00,22.6
2025-06-12 09:48:00,79.3
2025-06-12 00:27:00,86.0
2025-06-12 22:08:00,5.6
2025-06-12 18:03:00,86.9
2025-06-12 17:30:00,7.6
2025-06-12 22:53:00,49.5
2025-06-12 14:39:00,49.947505013566115
2025-06-12 14:03:00,49.947505013566115
2025-06-12 23:09:00,29.9
2025-06-12 20:26:00,73.5
2025-06-12 15:38:00,49.947505013566115
2025-06-12 15:41:00,70.8
2025-06-12 05:28:00,83.0
2025-06-12 19:47:00,49.947505013566115
2025-06-12 12:04:00,51.7
2025-06-12 08:03:00,30.5
2025-06-12 21:14:00,49.947505013566115
2025-06-12 11:26:00,41.3
2025-06-12 14:43:00,49.947505013566115
2025-06-12 00:45:00,52.9
2025-06-12 08:56:00,2.7
2025-06-12 22:30:00,78.4
2025-06-12 21:16:00,32.4
2025-06-12 01:02:00,81.1
2025-06-12 13:09:00,67.7
2025-06-12 05:46:00,97.8
2025-06-12 22:09:00,84.3
2025-06-12 03:21:00,84.9
2025-06-12 05:34:00,64.6
2025-06-12 18:50:00,42.3
2025-06-12 17:07:00,53.1
2025-06-12 00:28:00,49.947505013566115
2025-06-12 16:53:00,92.0
2025-06-12 06:09:00,84.3
2025-06-12 15:04:00,30.1
2025-06-12 14:21:00,24.9
2025-06-12 19:36:00,8.2
2025-06-12 00:04:00,45.4
2025-06-12 14:50:00,42.6
2025-06-12 03:19:00,3.0
2025-06-12 14:59:00,5.3
2025-06-12 10:51:00,39.0
2025-06-12 10:03:00,2.0
2025-06-12 14:02:00,49.947505013566115
2025-06-12 18:44:00,55.5
2025-06-12 22:15:00,89.0
2025-06-12 04:50:00,86.2
2025-06-12 13:40:00,15.3
2025-06-12 14:37:00,49.947505013566115
2025-06-12 02:04:00,61.7
2025-06-12 02:40:00,19.4
2025-06-12 13:05:00,90.3
2025-06-12 09:49:00,60.1
2025-06-12 11:49:00,18.9
2025-06-12 01:44:00,16.3
2025-06-12 15:32:00,73.0
2025-06-12 12:54:00,63.9
2025-06-12 02:05:00,10.9
2025-06-12 06:01:00,54.3
2025-06-12 15:46:00,76.4
2025-06-12 10:35:00,3.6
2025-06-12 04:33:00,49.947505013566115
2025-06-12 00:46:00,96.2
2025-06-12 18:24:00,49.947505013566115
2025-06-12 00:10:00,4.3
2025-06-12 21:15:00,15.7
2025-06-12 10:05:00,11.1
2025-06-12 12:05:00,76.4
2025-06-12 20:04:00,39.4
2025-06-12 10:44:00,49.947505013566115
2025-06-12 13:31:00,56.1
2025-06-12 16:50:00,98.3
2025-06-12 04:48:00,41.7
2025-06-12 02:19:00,3.6
2025-06-12 11:56:00,37.4
2025-06-12 15:08:00,74.0
2025-06-12 07:58:00,89.2
2025-06-12 12:28:00,81.2
2025-06-12 12:17:00,90.0
2025-06-12 04:14:00,32.2
2025-06-12 00:02:00,84.8
2025-06-12 02:33:00,95.1
2025-06-12 20:32:00,57.1
2025-06-12 02:22:00,95.0
2025-06-12 03:41:00,25.8
2025-06-12 00:12:00,36.3
2025-06-12 12:24:00,63.9
2025-06-12 20:18:00,49.947505013566115
2025-06-12 09:38:00,44.5
2025-06-12 11:52:00,49.947505013566115
2025-06-12 23:35:00,43.0
2025-06-12 17:48:00,41.1
2025-06-12 16:44:00,96.7
2025-06-12 00:54:00,57.9
2025-06-12 19:07:00,49.947505013566115
2025-06-12 04:09:00,41.8
2025-06-12 22:18:00,49.947505013566115
2025-06-12 16:45:00,38.3
2025-06-12 03:16:00,49.947505013566115
2025-06-12 19:37:00,48.0
2025-06-12 00:38:00,49.947505013566115
2025-06-12 14:33:00,13.7
2025-06-12 22:43:00,56.8
2025-06-12 21:05:00,96.9
2025-06-12 09:59:00,85.2
2025-06-12 14:52:00,49.947505013566115
2025-06-12 23:25:00,43.2
2025-06-12 18:57:00,77.9
2025-06-12 14:49:00,93.1
2025-06-12 11:01:00,42.3
2025-06-12 05:39:00,17.8
2025-06-12 16:26:00,59.0
2025-06-12 23:23:00,8.2
2025-06-12 11:02:00,20.7
2025-06-12 19:01:00,5.1
2025-06-12 12:25:00,10.1
2025-06-12 18:27:00,7.4
2025-06-12 12:45:00,49.947505013566115
2025-06-12 17:00:00,49.947505013566115
2025-06-12 01:01:00,35.3
2025-06-12 21:23:00,70.7
2025-06-12 06:33:00,56.8
2025-06-12 10:22:00,19.1
2025-06-12 09:59:00,55.5
2025-06-12 21:07:00,20.8
2025-06-12 08:51:00,57.9
2025-06-12 21:55:00,76.3
2025-06-12 13:45:00,36.4
2025-06-12 15:09:00,96.8
2025-06-12 21:57:00,95.0
2025-06-12 08:43:00,32.4
2025-06-12 07:50:00,27.7
2025-06-12 04:55:00,91.6
2025-06-12 13:38:00,3.0
2025-06-12 09:53:00,49.0
2025-06-12 07:58:00,99.5
2025-06-12 00:05:00,50.31471380077256
2025-06-12 09:51:00,75.5
2025-06-12 15:19:00,49.4
2025-06-12 01:51:00,81.3
2025-06-12 03:21:00,22.5
2025-06-12 18:19:00,49.9
2025-06-12 10:03:00,58.9
2025-06-12 21:48:00,61.5
2025-06-12 22:41:00,7.7
2025-06-12 12:25:00,8.4
2025-06-12 17:47:00,50.31471380077256
2025-06-12 10:45:00,48.0
2025-06-12 01:00:00,65.6
2025-06-12 15:21:00,89.0
2025-06-12 02:34:00,36.8
2025-06-12 00:04:00,48.2
2025-06-12 23:07:00,40.3
2025-06-12 06:32:00,16.0
2025-06-12 14:32:00,50.31471380077256
2025-06-12 19:39:00,15.6
2025-06-12 13:19:00,50.31471380077256
2025-06-12 19:02:00,92.7
2025-06-12 06:54:00,7.1
2025-06-12 10:01:00,23.8
2025-06-12 13:44:00,87.3
2025-06-12 14:38:00,4.8
2025-06-12 00:54:00,78.2
2025-06-12 22:29:00,98.0
2025-06-12 15:23:00,50.31471380077256
2025-06-12 18:06:00,2.2
2025-06-12 12:56:00,99.4
2025-06-12 06:13:00,50.31471380077256
2025-06-12 13:17:00,72.9
2025-06-12 18:54:00,54.9
2025-06-12 15:27:00,68.2
2025-06-12 00:26:00,21.2
2025-06-12 00:41:00,3.9
2025-06-12 22:54:00,92.1
2025-06-12 12:15:00,51.2
2025-06-12 07:55:00,37.2
2025-06-12 21:08:00,50.31471380077256
2025-06-12 06:29:00,98.2
2025-06-12 20:47:00,92.8
2025-06-12 02:00:00,70.2
2025-06-12 07:29:00,53.7
2025-06-12 00:50:00,66.4
2025-06-12 07:08:00,40.9
2025-06-12 07:02:00,90.4
2025-06-12 06:12:00,19.4
2025-06-12 22:27:00,93.3
2025-06-12 03:52:00,50.31471380077256
2025-06-12 18:37:00,6.7
2025-06-12 14:07:00,23.4
2025-06-12 06:37:00,46.4
2025-06-12 11:15:00,11.2
2025-06-12 11:10:00,14.3
2025-06-12 15:25:00,55.9
2025-06-12 12:33:00,75.5
2025-06-12 15:42:00,75.6
2025-06-12 18:15:00,37.7
2025-06-12 01:59:00,50.31471380077256
2025-06-12 05:26:00,29.0
2025-06-12 10:55:00,50.31471380077256
2025-06-12 14:37:00,10.0
2025-06-12 04:25:00,95.0
2025-06-12 09:27:00,23.1
2025-06-12 07:27:00,50.31471380077256
2025-06-12 21:12:00,50.31471380077256
2025-06-12 18:48:00,5.1
2025-06-12 23:05:00,28.2
2025-06-12 14:35:00,37.8
2025-06-12 01:39:00,70.9
2025-06-12 07:59:00,41.0
2025-06-12 23:59:00,16.0
2025-06-12 00:58:00,80.9
2025-06-12 07:04:00,54.9
2025-06-12 13:59:00,50.31471380077256
2025-06-12 11:55:00,46.3
2025-06-12 15:37:00,31.9
2025-06-12 07:11:00,44.8
2025-06-12 08:29:00,76.8
2025-06-12 19:07:00,89.5
2025-06-12 17:52:00,50.31471380077256
2025-06-12 03:18:00,3.7
2025-06-12 05:33:00,15.4
2025-06-12 03:11:00,57.6
2025-06-12 09:08:00,68.0
2025-06-12 18:30:00,14.5
2025-06-12 22:36:00,72.6
2025-06-12 12:34:00,60.7
2025-06-12 22:48:00,85.2
2025-06-12 16:47:00,28.1
2025-06-12 18:14:00,48.1
2025-06-12 09:21:00,73.8
2025-06-12 01:44:00,26.2
2025-06-12 21:15:00,63.1
2025-06-12 11:24:00,50.31471380077256
2025-06-12 19:32:00,45.0
2025-06-12 05:36:00,50.31471380077256
2025-06-12 11:49:00,1.3
2025-06-12 10:20:00,50.31471380077256
2025-06-12 22:57:00,83.0
2025-06-12 06:00:00,45.2
2025-06-12 17:59:00,41.8
2025-06-12 13:01:00,39.8
2025-06-12 05:40:00,28.4
2025-06-12 15:10:00,84.8
2025-06-12 02:43:00,84.9
2025-06-12 12:39:00,93.0
2025-06-12 04:48:00,43.0
2025-06-12 01:45:00,8.4
2025-06-12 03:56:00,83.7
2025-06-12 16:57:00,12.9
2025-06-12 23:08:00,86.7
2025-06-12 10:26:00,26.8
2025-06-12 07:03:00,50.31471380077256
2025-06-12 22:35:00,3.7
2025-06-12 19:14:00,71.8
2025-06-12 05:04:00,70.4
2025-06-12 18:43:00,73.7
2025-06-12 19:11:00,0.7
2025-06-12 14:00:00,26.1
2025-06-12 10:19:00,42.2
2025-06-12 06:59:00,60.4
2025-06-12 23:54:00,45.7
2025-06-12 14:24:00,59.0
2025-06-12 11:37:00,59.2
2025-06-12 00:44:00,80.8
2025-06-12 22:39:00,6.2
2025-06-12 13:50:00,34.6
2025-06-12 06:18:00,82.8
2025-06-12 21:51:00,50.31471380077256
2025-06-12 23:36:00,5.1
2025-06-12 02:17:00,63.0
2025-06-12 08:25:00,50.31471380077256
2025-06-12 20:23:00,88.1
2025-06-12 14:23:00,35.7
2025-06-12 16:33:00,67.0
2025-06-12 04:16:00,6.5
2025-06-12 06:55:00,94.3
2025-06-12 10:37:00,50.31471380077256
2025-06-12 23:13:00,28.7
2025-06-12 18:38:00,87.3
2025-06-12 14:01:00,55.2
2025-06-12 16:24:00,19.4
2025-06-12 09:49:00,44.4
2025-06-12 01:08:00,81.5
2025-06-12 18:16:00,9.1
2025-06-12 16:29:00,44.7
2025-06-12 09:23:00,97.6
2025-06-12 18:35:00,50.31471380077256
2025-06-12 22:21:00,83.6
2025-06-12 18:32:00,27.1
2025-06-12 02:52:00,8.0
2025-06-12 12:06:00,37.9
2025-06-12 20:04:00,65.2
2025-06-12 15:29:00,83.4
2025-06-12 08:07:00,73.3
2025-06-12 07:23:00,50.8
2025-06-12 00:29:00,35.5
2025-06-12 12:46:00,37.4
2025-06-12 18:52:00,19.0
2025-06-12 00:28:00,50.31471380077256
2025-06-12 03:37:00,68.4
2025-06-12 12:44:00,58.6
2025-06-12 12:47:00,32.7
2025-06-12 09:58:00,3.4
2025-06-12 07:22:00,42.7
2025-06-12 21:18:00,13.7
2025-06-12 10:33:00,50.31471380077256
2025-06-12 17:09:00,1.0
2025-06-12 03:48:00,68.1
2025-06-12 02:06:00,50.31471380077256
2025-06-12 04:03:00,7.4
2025-06-12 06:14:00,22.9
2025-06-12 15:48:00,63.9
2025-06-12 07:34:00,92.9
2025-06-12 06:30:00,48.7
2025-06-12 11:27:00,64.0
2025-06-12 16:43:00,20.6
2025-06-12 23:29:00,66.7
2025-06-12 01:57:00,76.5
2025-06-12 20:58:00,65.8
2025-06-12 09:15:00,59.3
2025-06-12 19:23:00,40.4
2025-06-12 08:54:00,50.31471380077256
2025-06-12 18:17:00,11.0
2025-06-12 03:58:00,95.6
2025-06-12 04:17:00,99.5
2025-06-12 13:52:00,69.5
2025-06-12 20:18:00,62.2
2025-06-12 08:41:00,69.1
2025-06-12 08:02:00,37.7
2025-06-12 06:41:00,13.9
2025-06-12 14:52:00,53.8
2025-06-12 23:14:00,55.2
2025-06-12 09:16:00,37.2
2025-06-12 03:16:00,74.3
2025-06-12 21:50:00,30.9
2025-06-12 13:37:00,84.5
2025-06-12 23:48:00,53.4
2025-06-12 04:10:00,98.2
2025-06-12 18:04:00,50.31471380077256
2025-06-12 20:29:00,66.3
2025-06-12 03:54:00,6.6
2025-06-12 11:48:00,38.9
2025-06-12 18:51:00,36.3
2025-06-12 20:46:00,89.8
2025-06-12 01:38:00,30.8
2025-06-12 18:41:00,42.2
2025-06-12 09:34:00,16.7
2025-06-12 06:58:00,51.0
2025-06-12 12:52:00,95.4
2025-06-12 06:46:00,52.3
2025-06-12 10:50:00,14.9
2025-06-12 17:18:00,50.31471380077256
2025-06-12 23:47:00,10.7
2025-06-12 17:25:00,50.4
2025-06-12 11:51:00,24.3
2025-06-12 11:19:00,24.5
2025-06-12 10:57:00,50.31471380077256
2025-06-12 19:25:00,50.31471380077256
2025-06-12 13:08:00,30.8
2025-06-12 17:39:00,50.31471380077256
2025-06-12 23:38:00,19.4
2025-06-12 02:56:00,11.4
2025-06-12 16:19:00,79.8
2025-06-12 01:43:00,1.3
2025-06-12 03:03:00,78.8
2025-06-12 12:10:00,44.0
2025-06-12 10:13:00,1.8
2025-06-12 02:24:00,50.31471380077256
2025-06-12 07:37:00,64.0
2025-06-12 06:26:00,68.8
2025-06-12 00:32:00,90.8
2025-06-12 19:53:00,26.7
2025-06-12 18:34:00,86.1
2025-06-12 10:46:00,19.7
2025-06-12 16:08:00,71.7
2025-06-12 15:45:00,18.4
2025-06-12 05:58:00,67.1
2025-06-12 00:39:00,40.7
2025-06-12 19:28:00,22.3
2025-06-12 21:43:00,86.4
2025-06-12 03:12:00,50.31471380077256
2025-06-12 13:33:00,56.4
2025-06-12 13:30:00,9.5
2025-06-12 02:57:00,17.9
2025-06-12 05:15:00,61.5
2025-06-12 17:22:00,3.9
2025-06-12 07:57:00,97.9
2025-06-12 18:55:00,93.0
2025-06-12 16:44:00,84.6
2025-06-12 10:43:00,39.2
2025-06-12 01:16:00,78.1
2025-06-12 00:12:00,26.3
2025-06-12 16:59:00,50.31471380077256
2025-06-12 23:00:00,50.31471380077256
2025-06-12 14:43:00,88.9
2025-06-12 17:53:00,20.1
2025-06-12 10:54:00,50.4
2025-06-12 23:51:00,84.3
2025-06-12 15:47:00,43.3
2025-06-12 18:08:00,23.8
2025-06-12 00:07:00,20.8
2025-06-12 09:33:00,43.0
2025-06-12 00:52:00,72.7
2025-06-12 12:02:00,43.2
2025-06-12 01:29:00,55.4
2025-06-12 21:39:00,41.2
2025-06-12 07:06:00,26.9
2025-06-12 07:52:00,7.5
2025-06-12 07:00:00,48.5
2025-06-12 18:23:00,45.3
2025-06-12 13:15:00,50.31471380077256
2025-06-12 18:42:00,16.7
2025-06-12 16:22:00,28.7
2025-06-12 20:22:00,32.2
2025-06-12 01:10:00,23.5
2025-06-12 20:50:00,21.9
2025-06-12 13:14:00,9.2
2025-06-12 13:00:00,51.9
2025-06-12 00:12:00,37.8
2025-06-12 09:01:00,33.5
2025-06-12 20:01:00,40.5
2025-06-12 18:43:00,11.4
2025-06-12 01:30:00,5.1
2025-06-12 04:52:00,73.0
2025-06-12 19:36:00,49.873700916999766
2025-06-12 13:26:00,49.873700916999766
2025-06-12 16:55:00,34.9
2025-06-12 05:42:00,53.3
2025-06-12 01:34:00,83.7
2025-06-12 17:11:00,24.1
2025-06-12 22:04:00,65.4
2025-06-12 14:06:00,26.5
2025-06-12 03:51:00,68.6
2025-06-12 22:25:00,1.3
2025-06-12 20:49:00,52.0
2025-06-12 14:24:00,63.9
2025-06-12 00:52:00,15.4
2025-06-12 08:08:00,76.5
2025-06-12 13:00:00,49.873700916999766
2025-06-12 01:43:00,9.2
2025-06-12 19:38:00,34.8
2025-06-12 15:18:00,15.7
2025-06-12 19:57:00,49.873700916999766
2025-06-12 08:09:00,66.1
2025-06-12 10:17:00,28.0
2025-06-12 13:54:00,49.873700916999766
2025-06-12 07:45:00,49.873700916999766
2025-06-12 11:14:00,81.0
2025-06-12 14:38:00,15.8
2025-06-12 13:44:00,53.6
2025-06-12 15:28:00,49.873700916999766
2025-06-12 08:35:00,81.1
2025-06-12 07:38:00,82.4
2025-06-12 08:36:00,49.873700916999766
2025-06-12 21:08:00,92.8
2025-06-12 15:55:00,24.4
2025-06-12 09:05:00,65.6
2025-06-12 02:11:00,5.3
2025-06-12 18:17:00,46.1
2025-06-12 11:48:00,97.6
2025-06-12 00:10:00,66.9
2025-06-12 19:49:00,68.7
2025-06-12 04:44:00,49.873700916999766
2025-06-12 06:46:00,49.873700916999766
2025-06-12 06:11:00,84.1
2025-06-12 01:29:00,35.1
2025-06-12 14:51:00,9.7
2025-06-12 03:32:00,36.2
2025-06-12 21:30:00,39.4
2025-06-12 20:02:00,95.7
2025-06-12 09:11:00,50.5
2025-06-12 01:23:00,52.5
2025-06-12 08:10:00,22.3
2025-06-12 11:43:00,41.4
2025-06-12 14:00:00,80.4
2025-06-12 12:32:00,73.8
2025-06-12 11:24:00,93.4
2025-06-12 11:00:00,2.9
2025-06-12 23:15:00,65.2
2025-06-12 00:57:00,68.0
2025-06-12 15:46:00,87.4
2025-06-12 10:20:00,55.6
2025-06-12 08:58:00,49.873700916999766
2025-06-12 22:58:00,52.3
2025-06-12 21:58:00,50.5
2025-06-12 16:42:00,2.0
2025-06-12 09:39:00,64.1
2025-06-12 15:37:00,26.2
2025-06-12 17:12:00,18.4
2025-06-12 06:02:00,89.5
2025-06-12 13:24:00,19.4
2025-06-12 19:03:00,32.5
2025-06-12 05:26:00,88.3
2025-06-12 01:26:00,54.7
2025-06-12 02:56:00,23.4
2025-06-12 10:09:00,3.0
2025-06-12 13:42:00,47.8
2025-06-12 17:08:00,80.4
2025-06-12 00:48:00,45.1
2025-06-12 12:53:00,88.9
2025-06-12 20:33:00,49.7
2025-06-12 17:59:00,46.9
2025-06-12 01:53:00,69.6
2025-06-12 09:41:00,68.6
2025-06-12 10:51:00,63.4
2025-06-12 04:58:00,49.873700916999766
2025-06-12 14:12:00,51.5
2025-06-12 13:17:00,88.2
2025-06-12 20:55:00,38.1
2025-06-12 17:41:00,42.7
2025-06-12 10:30:00,64.8
2025-06-12 00:22:00,37.7
2025-06-12 04:01:00,4.1
2025-06-12 08:37:00,82.0
2025-06-12 02:13:00,64.5
2025-06-12 13:29:00,69.3
2025-06-12 09:08:00,57.7
2025-06-12 12:34:00,19.5
2025-06-12 16:40:00,7.4
2025-06-12 11:35:00,59.8
2025-06-12 06:13:00,98.4
2025-06-12 12:41:00,40.4
2025-06-12 13:43:00,80.4
2025-06-12 18:06:00,32.6
2025-06-12 09:23:00,84.6
2025-06-12 20:13:00,87.3
2025-06-12 12:50:00,76.8
2025-06-12 05:33:00,49.873700916999766
2025-06-12 19:43:00,33.9
2025-06-12 12:02:00,8.1
2025-06-12 09:03:00,82.5
2025-06-12 22:49:00,79.5
2025-06-12 18:55:00,52.4
2025-06-12 18:52:00,49.873700916999766
2025-06-12 16:53:00,14.7
2025-06-12 23:06:00,69.8
2025-06-12 23:28:00,41.8
2025-06-12 05:01:00,17.5
2025-06-12 14:13:00,55.0
2025-06-12 19:54:00,6.0
2025-06-12 04:42:00,0.1
2025-06-12 06:27:00,11.9
2025-06-12 03:43:00,49.873700916999766
2025-06-12 02:08:00,71.2
2025-06-12 13:59:00,48.4
2025-06-12 04:31:00,57.5
2025-06-12 11:04:00,49.873700916999766
2025-06-12 20:45:00,81.5
2025-06-12 19:41:00,84.2
2025-06-12 10:55:00,49.873700916999766
2025-06-12 10:39:00,49.873700916999766
2025-06-12 11:37:00,70.0
2025-06-12 07:03:00,49.873700916999766
2025-06-12 02:38:00,52.8
2025-06-12 11:27:00,5.3
2025-06-12 15:06:00,49.873700916999766
2025-06-12 09:56:00,54.7
2025-06-12 02:25:00,49.873700916999766
2025-06-12 10:13:00,10.0
2025-06-12 22:31:00,29.5
2025-06-12 08:00:00,61.8
2025-06-12 22:56:00,16.0
2025-06-12 05:10:00,1.2
2025-06-12 19:08:00,0.7
2025-06-12 16:24:00,49.873700916999766
2025-06-12 17:27:00,58.0
2025-06-12 11:11:00,17.2
2025-06-12 21:47:00,49.873700916999766
2025-06-12 13:12:00,80.3
2025-06-12 08:18:00,47.8
2025-06-12 01:25:00,3.2
2025-06-12 18:12:00,29.9
2025-06-12 11:38:00,26.3
2025-06-12 14:34:00,44.8
2025-06-12 20:21:00,76.7
2025-06-12 18:18:00,3.4
2025-06-12 01:02:00,73.9
2025-06-12 01:35:00,52.0
2025-06-12 02:53:00,6.5
2025-06-12 18:48:00,23.2
2025-06-12 14:57:00,86.5
2025-06-12 20:46:00,91.0
2025-06-12 09:47:00,39.9
2025-06-12 02:50:00,49.873700916999766
2025-06-12 14:37:00,49.873700916999766
2025-06-12 00:44:00,26.0
2025-06-12 01:00:00,68.7
2025-06-12 15:04:00,93.0
2025-06-12 01:07:00,20.0
2025-06-12 17:33:00,78.9
2025-06-12 22:33:00,12.1
2025-06-12 04:37:00,49.873700916999766
2025-06-12 17:00:00,34.8
2025-06-12 08:41:00,8.0
2025-06-12 23:10:00,2.5
2025-06-12 12:59:00,96.9
2025-06-12 05:04:00,56.2
2025-06-12 15:49:00,66.6
2025-06-12 08:14:00,4.0
2025-06-12 01:47:00,56.4
2025-06-12 02:20:00,75.3
2025-06-12 10:31:00,50.3
2025-06-12 11:42:00,69.9
2025-06-12 18:26:00,74.7
2025-06-12 13:11:00,99.8
2025-06-12 18:33:00,75.4
2025-06-12 23:26:00,3.8
2025-06-12 16:19:00,71.5
2025-06-12 11:09:00,6.4
2025-06-12 07:11:00,78.8
2025-06-12 19:12:00,82.5
2025-06-12 16:51:00,16.3
2025-06-12 23:34:00,1.2
2025-06-12 16:29:00,76.5
2025-06-12 18:47:00,42.0
2025-06-12 19:52:00,22.6
2025-06-12 00:37:00,86.5
2025-06-12 11:26:00,19.6
2025-06-12 16:43:00,63.4
2025-06-12 07:49:00,53.8
2025-06-12 21:03:00,28.8
2025-06-12 08:47:00,50.3
2025-06-12 14:20:00,45.1
2025-06-12 20:29:00,58.4
2025-06-12 18:09:00,85.2
2025-06-12 13:52:00,4.1
2025-06-12 22:02:00,49.1
2025-06-12 00:45:00,29.9
2025-06-12 21:25:00,93.9
2025-06-12 02:33:00,19.1
2025-06-12 18:56:00,87.5
2025-06-12 04:03:00,6.9
2025-06-12 08:27:00,83.7
2025-06-12 01:33:00,45.3
2025-06-12 17:43:00,17.1
2025-06-12 15:03:00,67.5
2025-06-12 11:31:00,34.0
2025-06-12 18:46:00,45.7
2025-06-12 00:31:00,80.9
2025-06-12 16:05:00,74.6
2025-06-12 20:19:00,49.873700916999766
2025-06-12 11:29:00,49.873700916999766
2025-06-12 13:08:00,64.9
2025-06-12 01:19:00,49.873700916999766
2025-06-12 03:36:00,12.2
2025-06-12 23:19:00,95.5
2025-06-12 07:48:00,38.6
2025-06-12 18:23:00,25.7
2025-06-12 22:17:00,16.6
2025-06-12 06:08:00,91.2
2025-06-12 17:42:00,1.8
2025-06-12 14:46:00,80.2
2025-06-12 13:39:00,11.9
2025-06-12 21:11:00,66.9
2025-06-12 00:29:00,46.2
2025-06-12 11:05:00,36.3
2025-06-12 03:19:00,70.4
2025-06-12 12:15:00,71.4
2025-06-12 19:46:00,35.3
2025-06-12 03:25:00,28.2
2025-06-12 07:39:00,49.5
2025-06-12 05:43:00,45.7
2025-06-12 01:42:00,21.8
2025-06-12 02:02:00,49.873700916999766
2025-06-12 06:35:00,83.0
2025-06-12 05:09:00,17.5
2025-06-12 22:24:00,34.7
2025-06-12 05:19:00,11.0
2025-06-12 09:26:00,94.6
2025-06-12 13:06:00,91.6
2025-06-12 23:07:00,88.7
2025-06-12 03:08:00,15.9
2025-06-12 10:50:00,88.0
2025-06-12 00:15:00,21.2
2025-06-12 03:59:00,22.6
2025-06-12 03:41:00,4.6
2025-06-12 11:33:00,31.2
2025-06-12 09:43:00,90.0
2025-06-12 00:24:00,69.8
2025-06-12 07:15:00,74.2
2025-06-12 17:31:00,42.1
2025-06-12 08:44:00,20.4
2025-06-12 02:10:00,12.0
2025-06-12 00:23:00,53.1
2025-06-12 09:38:00,49.873700916999766
2025-06-12 05:45:00,23.2
2025-06-12 14:35:00,17.9
2025-06-12 16:13:00,35.3
2025-06-12 05:14:00,60.1
2025-06-12 11:17:00,97.9
2025-06-12 20:43:00,60.4
2025-06-12 01:58:00,62.5
2025-06-12 06:18:00,49.873700916999766
2025-06-12 01:15:00,82.1
2025-06-12 10:59:00,63.8
2025-06-12 10:12:00,88.8
2025-06-12 20:48:00,56.1
2025-06-12 21:57:00,12.2
2025-06-12 17:51:00,95.6
2025-06-12 17:20:00,10.4
2025-06-12 03:49:00,65.8
2025-06-12 14:32:00,99.9
2025-06-12 22:36:00,36.5
2025-06-12 02:05:00,53.8
2025-06-12 14:26:00,37.8
2025-06-12 06:49:00,46.4
2025-06-12 00:41:00,14.5
2025-06-12 05:23:00,33.5
2025-06-12 13:37:00,94.0
2025-06-12 14:58:00,78.3
2025-06-12 13:04:00,66.8
2025-06-12 07:50:00,3.1
2025-06-12 11:04:00,82.2
2025-06-12 05:52:00,98.8
2025-06-12 15:04:00,19.2
2025-06-12 14:43:00,67.3
2025-06-12 01:41:00,21.0
2025-06-12 22:12:00,14.9
2025-06-12 21:01:00,11.0
2025-06-12 17:07:00,82.8
2025-06-12 12:35:00,84.0
2025-06-12 10:59:00,35.1
2025-06-12 20:12:00,49.660353652861794
2025-06-12 01:47:00,40.2
2025-06-12 15:12:00,47.1
2025-06-12 09:04:00,0.9
2025-06-12 18:18:00,58.1
2025-06-12 20:40:00,12.6
2025-06-12 11:06:00,87.0
2025-06-12 08:38:00,49.660353652861794
2025-06-12 06:46:00,1.0
2025-06-12 17:57:00,96.9
2025-06-12 07:25:00,63.5
2025-06-12 06:16:00,2.1
2025-06-12 04:06:00,76.0
2025-06-12 03:30:00,0.9
2025-06-12 19:35:00,49.660353652861794
2025-06-12 23:28:00,93.6
2025-06-12 04:32:00,49.660353652861794
2025-06-12 04:50:00,87.6
2025-06-12 17:17:00,73.0
2025-06-12 18:05:00,3.1
2025-06-12 11:37:00,50.2
2025-06-12 09:31:00,49.0
2025-06-12 12:37:00,76.6
2025-06-12 18:16:00,3.9
2025-06-12 11:22:00,82.6
2025-06-12 16:28:00,98.3
2025-06-12 13:02:00,54.6
2025-06-12 20:57:00,52.4
2025-06-12 14:36:00,22.2
2025-06-12 08:48:00,0.8
2025-06-12 06:06:00,59.4
2025-06-12 22:01:00,0.6
2025-06-12 22:48:00,49.660353652861794
2025-06-12 18:17:00,0.4
2025-06-12 23:45:00,38.5
2025-06-12 05:43:00,49.660353652861794
2025-06-12 21:42:00,49.6
2025-06-12 22:14:00,49.660353652861794
2025-06-12 22:08:00,85.7
2025-06-12 14:20:00,70.7
2025-06-12 04:03:00,95.8
2025-06-12 03:31:00,88.8
2025-06-12 23:41:00,49.660353652861794
2025-06-12 12:38:00,29.8
2025-06-12 08:45:00,59.3
2025-06-12 19:24:00,61.1
2025-06-12 08:04:00,49.660353652861794
2025-06-12 07:02:00,43.2
2025-06-12 12:55:00,71.1
2025-06-12 10:52:00,59.7
2025-06-12 16:19:00,57.2
2025-06-12 00:21:00,49.660353652861794
2025-06-12 04:22:00,68.5
2025-06-12 10:31:00,75.0
2025-06-12 17:02:00,52.4
2025-06-12 22:36:00,96.5
2025-06-12 20:11:00,49.660353652861794
2025-06-12 08:51:00,1.8
2025-06-12 01:29:00,49.660353652861794
2025-06-12 03:16:00,67.7
2025-06-12 08:25:00,53.0
2025-06-12 19:06:00,29.8
2025-06-12 00:46:00,13.2
2025-06-12 14:16:00,72.7
2025-06-12 18:44:00,48.2
2025-06-12 03:45:00,67.4
2025-06-12 08:59:00,92.8
2025-06-12 09:06:00,20.6
2025-06-12 21:44:00,24.2
2025-06-12 14:37:00,72.5
2025-06-12 12:05:00,40.2
2025-06-12 17:20:00,24.8
2025-06-12 06:54:00,62.2
2025-06-12 06:07:00,85.6
2025-06-12 06:11:00,1.9
2025-06-12 01:09:00,16.3
2025-06-12 06:49:00,89.9
2025-06-12 19:41:00,0.5
2025-06-12 03:02:00,52.0
2025-06-12 00:01:00,18.5
2025-06-12 16:33:00,81.1
2025-06-12 04:17:00,53.4
2025-06-12 21:14:00,49.660353652861794
2025-06-12 14:57:00,2.3
2025-06-12 05:17:00,78.7
2025-06-12 22:10:00,89.2
2025-06-12 10:04:00,66.8
2025-06-12 10:08:00,84.4
2025-06-12 20:45:00,48.5
2025-06-12 01:32:00,68.4
2025-06-12 06:43:00,14.3
2025-06-12 06:39:00,54.5
2025-06-12 16:34:00,63.6
2025-06-12 09:22:00,42.5
2025-06-12 16:29:00,6.5
2025-06-12 14:07:00,61.3
2025-06-12 23:24:00,49.660353652861794
2025-06-12 22:19:00,46.1
2025-06-12 12:41:00,70.2
2025-06-12 17:46:00,49.660353652861794
2025-06-12 08:19:00,14.5
2025-06-12 17:27:00,52.7
2025-06-12 04:27:00,49.660353652861794
2025-06-12 06:33:00,3.4
2025-06-12 15:38:00,68.6
2025-06-12 12:22:00,27.4
2025-06-12 15:50:00,32.5
2025-06-12 13:36:00,23.1
2025-06-12 17:42:00,49.660353652861794
2025-06-12 07:08:00,91.1
2025-06-12 14:38:00,87.0
2025-06-12 11:05:00,57.5
2025-06-12 11:09:00,50.4
2025-06-12 12:03:00,44.1
2025-06-12 18:48:00,13.9
2025-06-12 13:27:00,49.6
2025-06-12 06:02:00,27.4
2025-06-12 06:44:00,66.3
2025-06-12 20:14:00,81.7
2025-06-12 20:52:00,34.7
2025-06-12 03:46:00,49.660353652861794
2025-06-12 19:34:00,52.0
2025-06-12 04:45:00,36.4
2025-06-12 07:04:00,13.8
2025-06-12 21:39:00,58.5
2025-06-12 02:06:00,33.4
2025-06-12 23:18:00,61.7
2025-06-12 10:39:00,20.1
2025-06-12 19:11:00,3.2
2025-06-12 05:08:00,37.0
2025-06-12 01:49:00,17.4
2025-06-12 04:43:00,78.5
2025-06-12 21:04:00,71.0
2025-06-12 06:10:00,41.4
2025-06-12 19:27:00,48.1
2025-06-12 23:25:00,80.7
2025-06-12 23:23:00,11.0
2025-06-12 00:04:00,18.2
2025-06-12 18:51:00,49.660353652861794
2025-06-12 07:19:00,16.3
2025-06-12 14:23:00,72.3
2025-06-12 15:40:00,19.3
2025-06-12 23:03:00,78.4
2025-06-12 06:14:00,79.2
2025-06-12 21:32:00,0.8
2025-06-12 11:42:00,64.9
2025-06-12 11:03:00,14.7
2025-06-12 19:58:00,94.7
2025-06-12 14:39:00,49.660353652861794
2025-06-12 15:08:00,98.0
2025-06-12 06:13:00,52.7
2025-06-12 19:21:00,32.1
2025-06-12 00:59:00,49.660353652861794
2025-06-12 18:50:00,49.660353652861794
2025-06-12 14:35:00,18.3
2025-06-12 08:15:00,56.1
2025-06-12 22:51:00,67.1
2025-06-12 14:30:00,28.6
2025-06-12 09:18:00,91.7
2025-06-12 14:50:00,26.2
2025-06-12 14:08:00,61.3
2025-06-12 15:31:00,49.660353652861794
2025-06-12 10:43:00,78.7
2025-06-12 22:32:00,11.9
2025-06-12 13:59:00,64.9
2025-06-12 08:44:00,22.9
2025-06-12 05:16:00,49.660353652861794
2025-06-12 20:35:00,49.6
2025-06-12 13:14:00,49.660353652861794
2025-06-12 10:47:00,61.8
2025-06-12 19:49:00,15.4
2025-06-12 16:23:00,50.8
2025-06-12 18:37:00,37.2
2025-06-12 23:36:00,17.0
2025-06-12 13:17:00,49.660353652861794
2025-06-12 15:53:00,58.6
2025-06-12 01:46:00,49.660353652861794
2025-06-12 07:55:00,24.9
2025-06-12 05:27:00,46.7
2025-06-12 09:46:00,82.1
2025-06-12 21:35:00,55.6
2025-06-12 23:16:00,70.4
2025-06-12 16:54:00,92.3
2025-06-12 20:50:00,19.5
2025-06-12 11:35:00,95.4
2025-06-12 00:52:00,82.4
2025-06-12 02:45:00,29.8
2025-06-12 08:21:00,32.1
2025-06-12 10:30:00,28.2
2025-06-12 22:15:00,6.9
2025-06-12 21:24:00,41.5
2025-06-12 00:08:00,56.8
2025-06-12 06:58:00,26.6
2025-06-12 16:49:00,53.8
2025-06-12 17:25:00,86.6
2025-06-12 02:24:00,56.6
2025-06-12 02:56:00,36.9
2025-06-12 01:27:00,57.0
2025-06-12 15:41:00,49.660353652861794
2025-06-12 10:45:00,49.660353652861794
2025-06-12 06:34:00,61.8
2025-06-12 12:20:00,48.1
2025-06-12 07:49:00,96.1
2025-06-12 01:39:00,46.7
2025-06-12 11:27:00,99.3
2025-06-12 08:31:00,11.7
2025-06-12 07:16:00,38.1
2025-06-12 20:26:00,62.2
2025-06-12 19:48:00,49.660353652861794
2025-06-12 16:42:00,55.0
2025-06-12 07:10:00,87.0
2025-06-12 02:39:00,8.9
2025-06-12 11:40:00,58.6
2025-06-12 15:28:00,24.5
2025-06-12 21:23:00,7.0
2025-06-12 00:14:00,20.4
2025-06-12 16:48:00,73.9
2025-06-12 08:08:00,11.7
2025-06-12 07:59:00,86.8
2025-06-12 08:16:00,34.6
2025-06-12 01:25:00,2.0
2025-06-12 03:52:00,33.5
2025-06-12 23:19:00,49.9
2025-06-12 11:51:00,46.4
2025-06-12 23:00:00,13.2
2025-06-12 08:35:00,49.660353652861794
2025-06-12 00:20:00,9.8
2025-06-12 20:00:00,58.4
2025-06-12 07:09:00,27.8
2025-06-12 15:47:00,73.4
2025-06-12 22:41:00,77.4
2025-06-12 02:57:00,59.3
2025-06-12 10:36:00,7.7
2025-06-12 00:56:00,58.8
2025-06-12 21:43:00,49.660353652861794
2025-06-12 06:32:00,25.7
2025-06-12 23:44:00,27.0
2025-06-12 03:49:00,17.2
2025-06-12 05:25:00,44.4
2025-06-12 09:55:00,67.5
2025-06-12 10:03:00,55.3
2025-06-12 20:18:00,26.9
2025-06-12 08:03:00,7.4
2025-06-12 12:44:00,95.6
2025-06-12 01:33:00,57.7
2025-06-12 23:11:00,94.9
2025-06-12 02:22:00,89.8
2025-06-12 02:05:00,45.2
2025-06-12 12:59:00,43.4
2025-06-12 15:24:00,44.3
2025-06-12 10:07:00,30.2
2025-06-12 23:17:00,90.8
2025-06-12 07:53:00,81.9
2025-06-12 08:01:00,96.7
2025-06-12 08:29:00,84.6
2025-06-12 13:19:00,81.2
2025-06-12 00:18:00,72.2
2025-06-12 09:37:00,78.7
2025-06-12 04:51:00,43.5
2025-06-12 09:56:00,34.1
2025-06-12 09:01:00,77.5
2025-06-12 06:29:00,49.660353652861794
2025-06-12 19:31:00,59.1
2025-06-12 11:14:00,34.0
2025-06-12 14:47:00,34.4
2025-06-12 20:38:00,33.3
2025-06-12 09:53:00,61.8
2025-06-12 17:51:00,49.660353652861794
2025-06-12 07:20:00,57.9
2025-06-12 23:55:00,62.5
2025-06-12 04:44:00,88.2
2025-06-12 05:06:00,20.3
2025-06-12 23:27:00,34.3
2025-06-12 08:39:00,50.5
2025-06-12 04:16:00,76.5
2025-06-12 15:59:00,49.660353652861794
2025-06-12 15:33:00,33.8
2025-06-12 01:50:00,30.1
2025-06-12 16:46:00,30.7
2025-06-12 20:20:00,22.0
2025-06-12 16:16:00,49.9804001872221
2025-06-12 20:04:00,64.6
2025-06-12 16:13:00,49.9804001872221
2025-06-12 18:00:00,67.9
2025-06-12 02:12:00,30.2
2025-06-12 20:06:00,49.9804001872221
2025-06-12 12:30:00,3.7
2025-06-12 13:07:00,49.9804001872221
2025-06-12 20:27:00,70.2
2025-06-12 08:44:00,17.2
2025-06-12 10:41:00,38.0
2025-06-12 02:58:00,49.9804001872221
2025-06-12 15:30:00,37.2
2025-06-12 14:07:00,10.2
2025-06-12 04:47:00,40.7
2025-06-12 01:30:00,19.6
2025-06-12 23:35:00,49.9804001872221
2025-06-12 12:26:00,87.1
2025-06-12 19:04:00,61.7
2025-06-12 14:29:00,23.8
2025-06-12 09:48:00,19.5
2025-06-12 09:58:00,49.9804001872221
2025-06-12 01:33:00,31.8
2025-06-12 03:59:00,49.7
2025-06-12 15:31:00,35.3
2025-06-12 04:19:00,92.6
2025-06-12 21:10:00,49.9804001872221
2025-06-12 18:05:00,64.9
2025-06-12 02:22:00,49.9804001872221
2025-06-12 00:11:00,59.7
2025-06-12 17:01:00,86.8
2025-06-12 15:07:00,88.5
2025-06-12 01:19:00,88.5
2025-06-12 16:47:00,49.9804001872221
2025-06-12 05:36:00,67.0
2025-06-12 00:23:00,58.3
2025-06-12 09:45:00,24.2
2025-06-12 10:55:00,70.6
2025-06-12 13:21:00,49.9804001872221
2025-06-12 10:29:00,0.6
2025-06-12 09:38:00,62.7
2025-06-12 02:44:00,63.5
2025-06-12 17:31:00,28.3
2025-06-12 15:09:00,41.8
2025-06-12 08:41:00,49.9804001872221
2025-06-12 15:12:00,76.7
2025-06-12 07:08:00,43.1
2025-06-12 19:52:00,71.0
2025-06-12 09:15:00,61.4
2025-06-12 11:55:00,38.8
2025-06-12 07:48:00,49.9804001872221
2025-06-12 12:11:00,62.3
2025-06-12 12:17:00,63.3
2025-06-12 02:09:00,65.1
2025-06-12 06:44:00,91.6
2025-06-12 08:09:00,1.5
2025-06-12 11:09:00,84.3
2025-06-12 09:51:00,78.3
2025-06-12 23:36:00,94.9
2025-06-12 05:33:00,28.0
2025-06-12 02:51:00,90.6
2025-06-12 13:24:00,43.7
2025-06-12 11:02:00,49.9804001872221
2025-06-12 00:58:00,8.3
2025-06-12 19:13:00,82.4
2025-06-12 17:29:00,82.9
2025-06-12 03:10:00,69.1
2025-06-12 02:52:00,51.1
2025-06-12 08:04:00,39.0
2025-06-12 11:05:00,15.1
2025-06-12 21:25:00,37.1
2025-06-12 01:07:00,64.1
2025-06-12 18:59:00,43.5
2025-06-12 12:55:00,40.4
2025-06-12 08:33:00,40.4
2025-06-12 21:55:00,65.2
2025-06-12 12:10:00,18.0
2025-06-12 17:27:00,96.4
2025-06-12 10:36:00,91.2
2025-06-12 19:48:00,45.4
2025-06-12 08:24:00,5.2
2025-06-12 15:48:00,59.3
2025-06-12 23:40:00,91.6
2025-06-12 20:14:00,51.8
2025-06-12 02:38:00,17.9
2025-06-12 06:58:00,21.7
2025-06-12 03:47:00,13.1
2025-06-12 16:18:00,49.9804001872221
2025-06-12 03:51:00,60.8
2025-06-12 16:31:00,45.4
2025-06-12 07:03:00,69.6
2025-06-12 00:06:00,46.4
2025-06-12 00:51:00,63.9
2025-06-12 20:08:00,77.6
2025-06-12 12:15:00,75.3
2025-06-12 15:33:00,33.9
2025-06-12 07:52:00,49.9804001872221
2025-06-12 03:46:00,52.5
2025-06-12 04:22:00,49.9804001872221
2025-06-12 01:00:00,11.1
2025-06-12 22:49:00,49.9804001872221
2025-06-12 04:20:00,29.1
2025-06-12 09:13:00,9.8
2025-06-12 14:31:00,88.0
2025-06-12 19:06:00,50.8
2025-06-12 18:27:00,40.7
2025-06-12 22:48:00,75.6
2025-06-12 00:20:00,54.3
2025-06-12 19:50:00,88.2
2025-06-12 19:37:00,18.7
2025-06-12 07:06:00,65.1
2025-06-12 14:30:00,71.6
2025-06-12 06:06:00,88.6
2025-06-12 06:55:00,34.4
2025-06-12 02:18:00,21.4
2025-06-12 01:02:00,9.3
2025-06-12 05:00:00,84.6
2025-06-12 08:16:00,49.9804001872221
2025-06-12 18:29:00,12.7
2025-06-12 03:55:00,52.9
2025-06-12 10:30:00,41.4
2025-06-12 13:38:00,49.1
2025-06-12 23:49:00,27.8
2025-06-12 08:07:00,86.0
2025-06-12 05:46:00,46.9
2025-06-12 00:30:00,6.4
2025-06-12 18:56:00,76.6
2025-06-12 00:28:00,76.7
2025-06-12 13:18:00,49.9804001872221
2025-06-12 05:30:00,45.3
2025-06-12 03:20:00,68.0
2025-06-12 15:54:00,55.9
2025-06-12 21:31:00,49.9804001872221
2025-06-12 11:20:00,64.2
2025-06-12 00:36:00,77.3
2025-06-12 07:38:00,49.9804001872221
2025-06-12 19:45:00,24.5
2025-06-12 03:16:00,55.7
2025-06-12 18:46:00,72.3
2025-06-12 15:34:00,89.3
2025-06-12 14:20:00,49.9804001872221
2025-06-12 21:13:00,24.2
2025-06-12 22:01:00,87.9
2025-06-12 23:06:00,98.5
2025-06-12 12:00:00,14.4
2025-06-12 00:50:00,63.0
2025-06-12 05:07:00,82.8
2025-06-12 02:02:00,82.9
2025-06-12 23:34:00,61.3
2025-06-12 08:56:00,7.7
2025-06-12 08:54:00,78.3
2025-06-12 03:57:00,78.6
2025-06-12 13:22:00,86.1
2025-06-12 07:42:00,9.2
2025-06-12 22:30:00,31.0
2025-06-12 04:48:00,79.5
2025-06-12 14:12:00,68.9
2025-06-12 11:22:00,93.9
2025-06-12 16:49:00,49.9804001872221
2025-06-12 16:12:00,49.9804001872221
2025-06-12 04:36:00,95.3
2025-06-12 07:49:00,63.3
2025-06-12 10:14:00,0.9
2025-06-12 22:52:00,44.8
2025-06-12 01:05:00,65.9
2025-06-12 19:38:00,65.5
2025-06-12 02:26:00,90.9
2025-06-12 18:58:00,24.5
2025-06-12 06:24:00,46.7
2025-06-12 10:09:00,2.6
2025-06-12 15:49:00,45.7
2025-06-12 18:06:00,12.3
2025-06-12 06:45:00,49.9804001872221
2025-06-12 18:40:00,49.9804001872221
2025-06-12 16:33:00,73.0
2025-06-12 09:27:00,15.5
2025-06-12 02:00:00,1.3
2025-06-12 00:35:00,46.9
2025-06-12 14:43:00,71.1
2025-06-12 08:43:00,13.7
2025-06-12 03:48:00,39.6
2025-06-12 15:26:00,29.9
2025-06-12 08:36:00,22.5
2025-06-12 17:46:00,55.9
2025-06-12 14:40:00,4.7
2025-06-12 06:20:00,87.2
2025-06-12 15:17:00,71.2
2025-06-12 05:50:00,70.0
2025-06-12 07:04:00,16.3
2025-06-12 06:49:00,2.8
2025-06-12 07:20:00,26.7
2025-06-12 15:45:00,65.9
2025-06-12 04:06:00,80.6
2025-06-12 14:33:00,35.2
2025-06-12 13:34:00,89.3
2025-06-12 06:35:00,15.7
2025-06-12 08:29:00,10.4
2025-06-12 11:07:00,85.3
2025-06-12 09:26:00,78.8
2025-06-12 22:54:00,81.8
2025-06-12 14:06:00,49.9804001872221
2025-06-12 11:37:00,28.4
2025-06-12 16:48:00,86.8
2025-06-12 02:01:00,6.3
2025-06-12 21:41:00,35.8
2025-06-12 09:18:00,97.2
2025-06-12 20:02:00,42.1
2025-06-12 23:43:00,11.9
2025-06-12 03:49:00,94.9
2025-06-12 04:45:00,61.3
2025-06-12 23:01:00,64.5
2025-06-12 01:56:00,17.8
2025-06-12 03:07:00,56.2
2025-06-12 09:39:00,60.5
2025-06-12 02:47:00,83.1
2025-06-12 23:58:00,51.3
2025-06-12 00:53:00,85.4
2025-06-12 02:37:00,38.5
2025-06-12 17:04:00,12.9
2025-06-12 01:45:00,63.4
2025-06-12 11:51:00,96.9
2025-06-12 16:36:00,33.9
2025-06-12 03:00:00,0.3
2025-06-12 06:53:00,49.9804001872221
2025-06-12 04:35:00,67.1
2025-06-12 03:35:00,47.2
2025-06-12 19:59:00,18.7
2025-06-12 14:50:00,69.6
2025-06-12 19:14:00,65.4
2025-06-12 07:17:00,84.1
2025-06-12 05:59:00,57.8
2025-06-12 18:45:00,49.9804001872221
2025-06-12 21:22:00,50.5
2025-06-12 01:52:00,60.5
2025-06-12 23:52:00,49.9804001872221
2025-06-12 02:36:00,82.0
2025-06-12 05:42:00,86.5
2025-06-12 13:09:00,21.9
2025-06-12 05:47:00,62.3
2025-06-12 04:57:00,49.9804001872221
2025-06-12 15:46:00,34.8
2025-06-12 10:19:00,49.9804001872221
2025-06-12 19:58:00,11.1
2025-06-12 23:37:00,26.7
2025-06-12 01:21:00,87.7
2025-06-12 20:25:00,18.1
2025-06-12 00:44:00,72.5
2025-06-12 00:00:00,41.2
2025-06-12 11:35:00,91.7
2025-06-12 05:02:00,72.1
2025-06-12 12:57:00,68.2
2025-06-12 15:20:00,32.1
2025-06-12 12:12:00,51.1
2025-06-12 11:46:00,32.9
2025-06-12 23:25:00,98.7
2025-06-12 18:09:00,62.4
2025-06-12 11:44:00,47.9
2025-06-12 19:55:00,82.8
2025-06-12 12:56:00,29.9
2025-06-12 09:55:00,31.8
2025-06-12 16:52:00,38.6
2025-06-12 16:26:00,41.8
2025-06-12 17:23:00,30.6
2025-06-12 04:30:00,74.6
2025-06-12 14:39:00,43.4
2025-06-12 12:43:00,66.4
2025-06-12 19:10:00,76.9
2025-06-12 01:54:00,77.4
2025-06-12 17:30:00,49.9804001872221
2025-06-12 12:59:00,54.4
2025-06-12 10:48:00,87.6
2025-06-12 11:32:00,10.6
2025-06-12 15:11:00,49.9804001872221
2025-06-12 20:26:00,3.3
2025-06-12 15:27:00,70.0
2025-06-12 11:18:00,49.9804001872221
2025-06-12 17:47:00,11.4
2025-06-12 19:40:00,63.0
2025-06-12 00:14:00,76.3
2025-06-12 08:57:00,5.3
2025-06-12 17:58:00,5.8
2025-06-12 16:25:00,42.2
2025-06-12 03:33:00,49.9804001872221
2025-06-12 15:44:00,92.1
2025-06-12 23:12:00,47.1
2025-06-12 05:17:00,49.9804001872221
2025-06-12 09:19:00,93.5
2025-06-12 12:37:00,30.9
2025-06-12 03:06:00,86.5
2025-06-12 03:29:00,6.7
2025-06-12 17:43:00,35.4
2025-06-12 13:26:00,20.2
2025-06-12 01:36:00,49.9804001872221
2025-06-12 22:40:00,40.9
2025-06-12 08:38:00,39.3
2025-06-12 08:02:00,8.6
2025-06-12 05:25:00,31.2
2025-06-12 04:38:00,49.9804001872221
2025-06-12 22:38:00,13.5
2025-06-12 21:36:00,59.7
2025-06-12 02:21:00,99.4
2025-06-12 02:40:00,52.2
2025-06-12 07:30:00,61.5
2025-06-12 07:29:00,82.5
2025-06-12 04:05:00,73.5
2025-06-12 23:53:00,48.7
2025-06-12 06:13:00,91.1
2025-06-12 16:52:00,62.8
2025-06-12 17:30:00,83.4
2025-06-12 10:37:00,12.1
2025-06-12 10:57:00,71.1
2025-06-12 02:40:00,68.9
2025-06-12 13:32:00,32.3
2025-06-12 00:38:00,37.9
2025-06-12 11:36:00,5.9
2025-06-12 04:28:00,13.0
2025-06-12 13:48:00,86.1
2025-06-12 17:52:00,83.0
2025-06-12 06:56:00,49.6
2025-06-12 06:39:00,52.6
2025-06-12 14:14:00,49.659483264826775
2025-06-12 22:04:00,49.659483264826775
2025-06-12 10:04:00,41.4
2025-06-12 18:24:00,49.659483264826775
2025-06-12 10:28:00,45.3
2025-06-12 03:07:00,97.0
2025-06-12 04:09:00,62.5
2025-06-12 20:19:00,49.659483264826775
2025-06-12 05:35:00,52.4
2025-06-12 11:13:00,51.0
2025-06-12 01:12:00,53.5
2025-06-12 08:26:00,12.1
2025-06-12 11:32:00,72.8
2025-06-12 19:21:00,49.659483264826775
2025-06-12 22:35:00,49.659483264826775
2025-06-12 00:20:00,49.659483264826775
2025-06-12 00:34:00,49.659483264826775
2025-06-12 08:55:00,75.8
2025-06-12 02:39:00,0.0
2025-06-12 10:47:00,88.3
2025-06-12 11:55:00,91.2
2025-06-12 20:18:00,77.6
2025-06-12 16:35:00,49.659483264826775
2025-06-12 12:51:00,49.659483264826775
2025-06-12 21:33:00,64.2
2025-06-12 16:50:00,75.0
2025-06-12 03:40:00,80.0
2025-06-12 01:31:00,5.1
2025-06-12 15:45:00,97.2
2025-06-12 15:56:00,65.8
2025-06-12 12:16:00,69.4
2025-06-12 02:23:00,60.8
2025-06-12 01:17:00,96.2
2025-06-12 03:45:00,76.8
2025-06-12 16:27:00,79.2
2025-06-12 07:30:00,77.0
2025-06-12 09:34:00,46.8
2025-06-12 20:09:00,7.1
2025-06-12 05:45:00,2.4
2025-06-12 03:00:00,49.659483264826775
2025-06-12 08:10:00,82.3
2025-06-12 06:16:00,51.6
2025-06-12 06:55:00,82.6
2025-06-12 23:19:00,62.2
2025-06-12 00:24:00,83.4
2025-06-12 08:28:00,92.4
2025-06-12 07:05:00,49.659483264826775
2025-06-12 03:06:00,2.2
2025-06-12 09:02:00,49.659483264826775
2025-06-12 16:45:00,67.0
2025-06-12 20:38:00,49.659483264826775
2025-06-12 01:10:00,84.9
2025-06-12 19:10:00,76.0
2025-06-12 17:53:00,55.6
2025-06-12 17:16:00,39.9
2025-06-12 19:58:00,36.5
2025-06-12 02:59:00,13.7
2025-06-12 13:46:00,10.0
2025-06-12 20:15:00,62.6
2025-06-12 12:45:00,34.2
2025-06-12 23:33:00,49.659483264826775
2025-06-12 02:51:00,32.0
2025-06-12 14:41:00,97.2
2025-06-12 07:28:00,18.3
2025-06-12 17:13:00,63.8
2025-06-12 06:06:00,96.7
2025-06-12 07:25:00,16.3
2025-06-12 14:39:00,31.0
2025-06-12 09:33:00,35.7
2025-06-12 10:18:00,49.659483264826775
2025-06-12 03:14:00,32.3
2025-06-12 23:18:00,49.659483264826775
2025-06-12 13:23:00,26.1
2025-06-12 20:35:00,2.7
2025-06-12 00:56:00,49.659483264826775
2025-06-12 14:44:00,8.5
2025-06-12 07:53:00,98.4
2025-06-12 09:59:00,82.7
2025-06-12 03:26:00,90.9
2025-06-12 03:01:00,80.0
2025-06-12 07:18:00,49.659483264826775
2025-06-12 22:08:00,85.4
2025-06-12 18:10:00,71.4
2025-06-12 01:08:00,46.3
2025-06-12 07:32:00,88.0
2025-06-12 18:18:00,49.659483264826775
2025-06-12 09:17:00,49.659483264826775
2025-06-12 14:06:00,86.8
2025-06-12 13:43:00,61.3
2025-06-12 15:05:00,8.0
2025-06-12 10:11:00,74.3
2025-06-12 21:10:00,65.9
2025-06-12 14:59:00,57.8
2025-06-12 09:40:00,50.0
2025-06-12 03:09:00,70.2
2025-06-12 13:35:00,25.6
2025-06-12 02:54:00,52.4
2025-06-12 11:39:00,46.4
2025-06-12 06:53:00,69.8
2025-06-12 13:37:00,23.5
2025-06-12 15:41:00,82.6
2025-06-12 14:35:00,51.5
2025-06-12 17:05:00,36.1
2025-06-12 12:15:00,19.5
2025-06-12 06:28:00,64.0
2025-06-12 07:08:00,94.1
2025-06-12 21:37:00,49.7
2025-06-12 10:33:00,49.659483264826775
2025-06-12 08:23:00,6.4
2025-06-12 12:30:00,2.3
2025-06-12 06:08:00,58.1
2025-06-12 11:31:00,49.659483264826775
2025-06-12 07:07:00,0.2
2025-06-12 12:52:00,79.5
2025-06-12 06:09:00,49.659483264826775
2025-06-12 21:21:00,30.9
2025-06-12 20:56:00,84.6
2025-06-12 12:53:00,62.3
2025-06-12 22:12:00,95.9
2025-06-12 20:17:00,43.2
2025-06-12 09:54:00,73.5
2025-06-12 10:38:00,4.4
2025-06-12 19:17:00,8.0
2025-06-12 16:26:00,49.659483264826775
2025-06-12 13:02:00,49.659483264826775
2025-06-12 17:08:00,31.7
2025-06-12 06:02:00,90.1
2025-06-12 20:55:00,49.659483264826775
2025-06-12 18:50:00,41.6
2025-06-12 01:57:00,42.9
2025-06-12 16:11:00,67.1
2025-06-12 21:50:00,54.3
2025-06-12 18:26:00,30.8
2025-06-12 15:54:00,34.3
2025-06-12 17:23:00,37.8
2025-06-12 03:04:00,32.2
2025-06-12 13:06:00,25.3
2025-06-12 03:18:00,64.2
2025-06-12 08:03:00,13.1
2025-06-12 19:30:00,49.659483264826775
2025-06-12 01:49:00,71.9
2025-06-12 08:25:00,95.4
2025-06-12 06:19:00,8.0
2025-06-12 17:01:00,49.659483264826775
2025-06-12 10:40:00,19.1
2025-06-12 15:06:00,97.6
2025-06-12 08:52:00,99.6
2025-06-12 12:03:00,60.1
2025-06-12 18:57:00,15.4
2025-06-12 16:05:00,83.2
2025-06-12 16:24:00,41.3
2025-06-12 16:04:00,49.659483264826775
2025-06-12 00:58:00,84.3
2025-06-12 13:31:00,60.4
2025-06-12 04:52:00,36.6
2025-06-12 18:00:00,51.1
2025-06-12 06:25:00,85.9
2025-06-12 05:55:00,14.7
2025-06-12 07:11:00,28.1
2025-06-12 16:43:00,35.3
2025-06-12 11:54:00,95.0
2025-06-12 14:27:00,94.2
2025-06-12 18:13:00,73.0
2025-06-12 10:10:00,38.8
2025-06-12 21:36:00,58.2
2025-06-12 13:07:00,39.2
2025-06-12 02:31:00,56.8
2025-06-12 19:45:00,42.6
2025-06-12 04:27:00,88.2
2025-06-12 16:10:00,55.5
2025-06-12 05:48:00,62.7
2025-06-12 21:31:00,49.659483264826775
2025-06-12 02:02:00,51.7
2025-06-12 19:55:00,49.6
2025-06-12 09:49:00,71.6
2025-06-12 03:37:00,47.3
2025-06-12 22:56:00,49.659483264826775
2025-06-12 15:29:00,24.9
2025-06-12 07:46:00,10.6
2025-06-12 18:15:00,18.1
2025-06-12 04:12:00,7.8
2025-06-12 21:12:00,53.6
2025-06-12 07:12:00,96.9
2025-06-12 05:32:00,57.1
2025-06-12 19:35:00,0.9
2025-06-12 05:50:00,49.659483264826775
2025-06-12 09:51:00,9.8
2025-06-12 10:19:00,64.7
2025-06-12 19:50:00,44.2
2025-06-12 16:54:00,54.4
2025-06-12 16:06:00,72.3
2025-06-12 14:49:00,45.2
2025-06-12 02:30:00,81.6
2025-06-12 12:11:00,84.1
2025-06-12 22:07:00,30.3
2025-06-12 08:32:00,72.3
2025-06-12 07:40:00,27.7
2025-06-12 21:04:00,28.0
2025-06-12 05:22:00,81.8
2025-06-12 18:56:00,49.659483264826775
2025-06-12 11:17:00,66.8
2025-06-12 23:41:00,41.2
2025-06-12 22:36:00,49.659483264826775
2025-06-12 17:10:00,49.659483264826775
2025-06-12 01:43:00,44.7
2025-06-12 02:26:00,16.8
2025-06-12 04:36:00,92.8
2025-06-12 14:18:00,1.8
2025-06-12 18:04:00,6.7
2025-06-12 02:24:00,47.5
2025-06-12 22:57:00,58.5
2025-06-12 07:27:00,49.659483264826775
2025-06-12 03:12:00,49.659483264826775
2025-06-12 20:53:00,62.5
2025-06-12 11:41:00,49.659483264826775
2025-06-12 16:16:00,49.659483264826775
2025-06-12 07:51:00,33.0
2025-06-12 01:07:00,32.4
2025-06-12 14:11:00,69.1
2025-06-12 14:46:00,26.1
2025-06-12 18:11:00,44.7
2025-06-12 22:10:00,49.659483264826775
2025-06-12 19:28:00,25.0
2025-06-12 17:09:00,46.8
2025-06-12 03:22:00,55.8
2025-06-12 15:50:00,96.6
2025-06-12 02:58:00,73.8
2025-06-12 08:27:00,96.7
2025-06-12 06:54:00,99.5
2025-06-12 03:52:00,96.1
2025-06-12 22:06:00,67.4
2025-06-12 16:02:00,49.659483264826775
2025-06-12 13:54:00,26.9
2025-06-12 05:27:00,42.8
2025-06-12 00:15:00,40.1
2025-06-12 15:37:00,38.9
2025-06-12 15:07:00,46.1
2025-06-12 05:12:00,82.6
2025-06-12 15:08:00,21.0
2025-06-12 21:30:00,97.3
2025-06-12 11:25:00,76.5
2025-06-12 21:16:00,94.8
2025-06-12 14:40:00,22.4
2025-06-12 17:03:00,70.5
2025-06-12 02:32:00,85.0
2025-06-12 01:56:00,70.7
2025-06-12 04:23:00,25.4
2025-06-12 17:26:00,45.4
2025-06-12 02:38:00,88.8
2025-06-12 07:14:00,26.1
2025-06-12 06:59:00,49.659483264826775
2025-06-12 14:25:00,48.2
2025-06-12 19:39:00,72.9
2025-06-12 03:16:00,4.8
2025-06-12 14:12:00,62.0
2025-06-12 19:53:00,49.659483264826775
2025-06-12 09:41:00,80.0
2025-06-12 23:40:00,56.1
2025-06-12 14:02:00,54.2
2025-06-12 15:10:00,6.5
2025-06-12 01:16:00,4.1
2025-06-12 23:36:00,28.5
2025-06-12 21:56:00,39.0
2025-06-12 18:06:00,9.4
2025-06-12 16:51:00,45.1
2025-06-12 05:42:00,31.7
2025-06-12 16:15:00,69.8
2025-06-12 03:32:00,20.8
2025-06-12 04:39:00,22.6
2025-06-12 05:33:00,40.5
2025-06-12 21:08:00,99.8
2025-06-12 15:46:00,55.9
2025-06-12 02:28:00,49.659483264826775
2025-06-12 05:34:00,73.5
2025-06-12 04:24:00,15.3
2025-06-12 10:20:00,21.4
2025-06-12 12:01:00,33.1
2025-06-12 06:36:00,94.1
2025-06-12 04:45:00,45.4
2025-06-12 14:48:00,49.732274758880266
2025-06-12 08:48:00,32.3
2025-06-12 20:46:00,89.2
2025-06-12 01:49:00,17.6
2025-06-12 21:46:00,17.8
2025-06-12 06:52:00,81.2
2025-06-12 22:00:00,64.5
2025-06-12 21:32:00,87.5
2025-06-12 05:23:00,49.732274758880266
2025-06-12 12:36:00,19.8
2025-06-12 10:28:00,0.2
2025-06-12 15:18:00,40.5
2025-06-12 18:15:00,17.9
2025-06-12 19:20:00,49.2
2025-06-12 17:13:00,70.8
2025-06-12 04:16:00,14.2
2025-06-12 14:02:00,16.4
2025-06-12 20:50:00,49.732274758880266
2025-06-12 01:04:00,70.5
2025-06-12 13:05:00,62.5
2025-06-12 23:21:00,58.8
2025-06-12 11:26:00,38.1
2025-06-12 16:03:00,91.7
2025-06-12 01:39:00,12.1
2025-06-12 05:11:00,80.2
2025-06-12 07:58:00,42.8
2025-06-12 21:01:00,83.9
2025-06-12 06:22:00,16.6
2025-06-12 19:43:00,10.1
2025-06-12 07:37:00,8.9
2025-06-12 08:36:00,41.5
2025-06-12 16:41:00,49.732274758880266
2025-06-12 13:38:00,49.732274758880266
2025-06-12 18:06:00,49.732274758880266
2025-06-12 11:35:00,72.9
2025-06-12 18:56:00,63.2
2025-06-12 18:17:00,49.732274758880266
2025-06-12 01:03:00,81.7
2025-06-12 09:45:00,49.732274758880266
2025-06-12 01:46:00,42.7
2025-06-12 13:08:00,60.6
2025-06-12 11:12:00,88.5
2025-06-12 01:25:00,49.732274758880266
2025-06-12 12:46:00,55.1
2025-06-12 17:14:00,20.3
2025-06-12 02:30:00,58.4
2025-06-12 23:49:00,12.7
2025-06-12 04:26:00,23.4
2025-06-12 05:58:00,98.8
2025-06-12 21:35:00,73.5
2025-06-12 19:56:00,15.4
2025-06-12 10:14:00,49.732274758880266
2025-06-12 06:28:00,89.6
2025-06-12 13:50:00,49.732274758880266
2025-06-12 14:32:00,46.6
2025-06-12 06:02:00,60.9
2025-06-12 07:14:00,52.8
2025-06-12 07:38:00,95.4
2025-06-12 03:43:00,51.8
2025-06-12 21:18:00,1.1
2025-06-12 16:59:00,94.5
2025-06-12 21:36:00,49.2
2025-06-12 17:40:00,8.8
2025-06-12 14:01:00,14.6
2025-06-12 17:17:00,68.1
2025-06-12 23:03:00,49.732274758880266
2025-06-12 04:20:00,19.8
2025-06-12 05:15:00,92.9
2025-06-12 23:26:00,51.2
2025-06-12 17:24:00,89.8
2025-06-12 13:44:00,49.732274758880266
2025-06-12 16:50:00,99.5
2025-06-12 11:08:00,49.732274758880266
2025-06-12 10:36:00,18.6
2025-06-12 18:31:00,67.7
2025-06-12 10:48:00,49.732274758880266
2025-06-12 08:09:00,62.3
2025-06-12 14:43:00,18.2
2025-06-12 08:05:00,15.6
2025-06-12 04:33:00,51.8
2025-06-12 23:08:00,49.732274758880266
2025-06-12 09:59:00,38.9
2025-06-12 18:28:00,41.7
2025-06-12 05:54:00,44.7
2025-06-12 02:15:00,82.6
2025-06-12 21:58:00,59.9
2025-06-12 18:52:00,75.5
2025-06-12 07:01:00,16.2
2025-06-12 11:39:00,7.9
2025-06-12 19:41:00,85.0
2025-06-12 23:53:00,74.9
2025-06-12 11:53:00,90.4
2025-06-12 13:43:00,49.732274758880266
2025-06-12 15:47:00,6.3
2025-06-12 00:31:00,42.1
2025-06-12 09:40:00,56.4
2025-06-12 21:53:00,70.1
2025-06-12 06:58:00,72.7
2025-06-12 23:10:00,88.8
2025-06-12 01:12:00,46.7
2025-06-12 07:28:00,62.9
2025-06-12 03:40:00,80.0
2025-06-12 18:02:00,49.732274758880266
2025-06-12 13:42:00,52.0
2025-06-12 00:18:00,68.4
2025-06-12 18:34:00,32.5
2025-06-12 05:26:00,80.2
2025-06-12 11:16:00,48.4
2025-06-12 21:26:00,80.0
2025-06-12 02:08:00,66.3
2025-06-12 00:52:00,48.0
2025-06-12 15:50:00,19.9
2025-06-12 08:34:00,61.7
2025-06-12 17:44:00,82.9
2025-06-12 10:26:00,8.2
2025-06-12 11:18:00,64.1
2025-06-12 09:21:00,66.7
2025-06-12 08:02:00,43.4
2025-06-12 00:25:00,25.2
2025-06-12 02:02:00,49.732274758880266
2025-06-12 16:22:00,17.0
2025-06-12 06:44:00,7.7
2025-06-12 19:09:00,76.6
2025-06-12 13:19:00,49.732274758880266
2025-06-12 10:49:00,48.5
2025-06-12 20:14:00,30.5
2025-06-12 03:00:00,43.1
2025-06-12 05:24:00,63.5
2025-06-12 18:41:00,76.4
2025-06-12 07:20:00,50.8
2025-06-12 04:07:00,31.1
2025-06-12 02:07:00,63.4
2025-06-12 08:21:00,37.4
2025-06-12 13:29:00,76.8
2025-06-12 14:46:00,66.6
2025-06-12 22:18:00,48.2
2025-06-12 18:05:00,96.6
2025-06-12 03:32:00,49.732274758880266
2025-06-12 11:32:00,46.0
2025-06-12 18:25:00,60.2
2025-06-12 20:10:00,55.9
2025-06-12 04:36:00,6.6
2025-06-12 02:54:00,49.732274758880266
2025-06-12 16:21:00,11.9
2025-06-12 19:29:00,42.8
2025-06-12 10:17:00,48.0
2025-06-12 12:48:00,71.6
2025-06-12 03:33:00,11.5
2025-06-12 20:53:00,49.732274758880266
2025-06-12 18:26:00,7.5
2025-06-12 23:00:00,93.5
2025-06-12 11:57:00,7.1
2025-06-12 20:48:00,37.1
2025-06-12 15:42:00,54.5
2025-06-12 03:34:00,21.0
2025-06-12 19:04:00,54.5
2025-06-12 15:14:00,31.4
2025-06-12 14:30:00,94.2
2025-06-12 17:35:00,93.5
2025-06-12 01:08:00,15.2
2025-06-12 04:25:00,49.732274758880266
2025-06-12 10:21:00,30.3
2025-06-12 02:55:00,49.732274758880266
2025-06-12 04:29:00,86.2
2025-06-12 03:58:00,12.6
2025-06-12 00:27:00,89.4
2025-06-12 16:49:00,90.0
2025-06-12 07:08:00,42.8
2025-06-12 05:46:00,49.732274758880266
2025-06-12 18:20:00,59.3
2025-06-12 01:16:00,49.732274758880266
2025-06-12 13:21:00,25.5
2025-06-12 02:16:00,80.6
2025-06-12 16:14:00,44.3
2025-06-12 15:03:00,42.7
2025-06-12 15:26:00,63.1
2025-06-12 20:17:00,49.732274758880266
2025-06-12 08:52:00,76.5
2025-06-12 12:12:00,76.1
2025-06-12 07:54:00,39.8
2025-06-12 10:59:00,63.6
2025-06-12 20:24:00,97.9
2025-06-12 22:19:00,37.9
2025-06-12 18:32:00,57.6
2025-06-12 12:56:00,33.8
2025-06-12 17:07:00,49.732274758880266
2025-06-12 21:22:00,3.3
2025-06-12 03:54:00,76.1
2025-06-12 17:42:00,58.6
2025-06-12 18:54:00,30.1
2025-06-12 01:20:00,39.2
2025-06-12 22:21:00,10.4
2025-06-12 21:24:00,15.1
2025-06-12 06:32:00,79.1
2025-06-12 23:58:00,77.5
2025-06-12 00:36:00,49.732274758880266
2025-06-12 06:45:00,43.7
2025-06-12 14:20:00,0.3
2025-06-12 15:32:00,40.1
2025-06-12 11:58:00,49.732274758880266
2025-06-12 10:24:00,49.732274758880266
2025-06-12 13:15:00,76.8
2025-06-12 04:23:00,10.5
2025-06-12 23:29:00,60.8
2025-06-12 22:23:00,7.5
2025-06-12 12:53:00,34.9
2025-06-12 21:00:00,81.9
2025-06-12 19:07:00,12.5
2025-06-12 22:14:00,15.8
2025-06-12 20:27:00,51.2
2025-06-12 10:29:00,45.2
2025-06-12 15:58:00,52.6
2025-06-12 17:56:00,49.732274758880266
2025-06-12 04:49:00,58.9
2025-06-12 06:54:00,94.1
2025-06-12 21:27:00,79.8
2025-06-12 09:28:00,31.2
2025-06-12 08:19:00,57.5
2025-06-12 06:30:00,49.732274758880266
2025-06-12 18:46:00,49.732274758880266
2025-06-12 06:05:00,49.732274758880266
2025-06-12 10:31:00,49.732274758880266
2025-06-12 18:19:00,52.0
2025-06-12 23:19:00,47.5
2025-06-12 10:45:00,49.732274758880266
2025-06-12 12:31:00,49.732274758880266
2025-06-12 13:06:00,4.6
2025-06-12 08:54:00,76.1
2025-06-12 10:02:00,33.2
2025-06-12 08:38:00,49.4
2025-06-12 08:45:00,97.3
2025-06-12 16:35:00,15.6
2025-06-12 00:21:00,90.3
2025-06-12 12:11:00,36.8
2025-06-12 06:35:00,30.3
2025-06-12 21:37:00,83.7
2025-06-12 21:52:00,32.5
2025-06-12 05:14:00,71.1
2025-06-12 04:35:00,67.1
2025-06-12 09:51:00,87.9
2025-06-12 18:48:00,5.4
2025-06-12 11:17:00,74.2
2025-06-12 16:28:00,89.4
2025-06-12 21:45:00,31.5
2025-06-12 17:31:00,97.5
2025-06-12 15:46:00,64.7
2025-06-12 15:08:00,43.0
2025-06-12 15:28:00,42.7
2025-06-12 16:40:00,49.732274758880266
2025-06-12 10:44:00,22.6
2025-06-12 21:10:00,12.2
2025-06-12 08:18:00,49.6
2025-06-12 07:22:00,29.2
2025-06-12 16:09:00,78.6
2025-06-12 21:13:00,69.1
2025-06-12 13:16:00,42.7
2025-06-12 16:07:00,1.4
2025-06-12 22:13:00,99.2
2025-06-12 19:36:00,34.0
2025-06-12 02:39:00,56.3
2025-06-12 02:52:00,56.1
2025-06-12 00:37:00,73.4
2025-06-12 19:40:00,49.732274758880266
2025-06-12 15:35:00,85.5
2025-06-12 15:29:00,49.732274758880266
2025-06-12 11:40:00,49.732274758880266
2025-06-12 02:23:00,2.9
2025-06-12 04:05:00,97.7
2025-06-12 21:34:00,49.732274758880266
2025-06-12 17:57:00,49.732274758880266
2025-06-12 15:10:00,34.7
2025-06-12 08:29:00,58.2
2025-06-12 17:23:00,71.7
2025-06-12 03:15:00,98.6
2025-06-12 11:45:00,16.1
2025-06-12 13:32:00,82.6
2025-06-12 22:07:00,43.0
2025-06-12 02:06:00,8.9
2025-06-12 15:31:00,88.5
2025-06-12 03:04:00,81.7
2025-06-12 08:26:00,68.8
2025-06-12 08:12:00,58.8
2025-06-12 02:45:00,55.5
2025-06-12 19:45:00,28.0
2025-06-12 02:53:00,49.732274758880266
2025-06-12 02:35:00,12.6
2025-06-12 19:22:00,2.9
2025-06-12 20:03:00,6.6
2025-06-12 19:31:00,49.38053801169591
2025-06-12 08:09:00,72.3
2025-06-12 07:43:00,49.38053801169591
2025-06-12 11:24:00,4.0
2025-06-12 12:11:00,49.38053801169591
2025-06-12 13:07:00,32.7
2025-06-12 01:01:00,88.7
2025-06-12 22:13:00,10.3
2025-06-12 11:22:00,73.3
2025-06-12 19:52:00,24.8
2025-06-12 15:58:00,81.5
2025-06-12 16:44:00,70.8
2025-06-12 21:48:00,99.5
2025-06-12 11:58:00,19.6
2025-06-12 15:44:00,17.3
2025-06-12 01:09:00,87.9
2025-06-12 10:42:00,70.9
2025-06-12 02:11:00,5.4
2025-06-12 09:34:00,82.0
2025-06-12 02:52:00,1.3
2025-06-12 09:28:00,52.3
2025-06-12 15:01:00,82.6
2025-06-12 21:52:00,64.7
2025-06-12 09:45:00,64.0
2025-06-12 15:06:00,49.38053801169591
2025-06-12 23:32:00,17.5
2025-06-12 02:31:00,58.7
2025-06-12 23:43:00,96.8
2025-06-12 02:06:00,14.2
2025-06-12 19:21:00,45.4
2025-06-12 20:23:00,33.7
2025-06-12 17:21:00,49.38053801169591
2025-06-12 05:55:00,32.7
2025-06-12 20:25:00,33.2
2025-06-12 12:43:00,14.4
2025-06-12 05:29:00,17.4
2025-06-12 18:21:00,36.2
2025-06-12 16:17:00,24.5
2025-06-12 17:37:00,41.8
2025-06-12 19:25:00,84.4
2025-06-12 22:18:00,54.8
2025-06-12 21:11:00,42.4
2025-06-12 05:48:00,67.2
2025-06-12 10:27:00,15.3
2025-06-12 04:27:00,84.6
2025-06-12 07:19:00,96.1
2025-06-12 02:57:00,73.3
2025-06-12 23:36:00,36.9
2025-06-12 17:57:00,15.8
2025-06-12 05:59:00,71.0
2025-06-12 20:55:00,95.4
2025-06-12 08:12:00,85.4
2025-06-12 19:33:00,50.9
2025-06-12 04:28:00,55.7
2025-06-12 14:48:00,97.4
2025-06-12 13:23:00,50.2
2025-06-12 11:11:00,63.5
2025-06-12 23:37:00,56.1
2025-06-12 01:32:00,8.8
2025-06-12 03:05:00,69.9
2025-06-12 03:56:00,14.0
2025-06-12 23:38:00,49.38053801169591
2025-06-12 12:34:00,9.4
2025-06-12 16:30:00,86.8
2025-06-12 16:57:00,49.38053801169591
2025-06-12 15:15:00,76.4
2025-06-12 12:22:00,14.5
2025-06-12 18:57:00,45.8
2025-06-12 12:40:00,49.38053801169591
2025-06-12 20:42:00,29.8
2025-06-12 19:03:00,44.2
2025-06-12 13:12:00,14.2
2025-06-12 18:09:00,49.5
2025-06-12 08:00:00,33.3
2025-06-12 05:54:00,78.1
2025-06-12 19:17:00,36.6
2025-06-12 08:44:00,29.1
2025-06-12 06:06:00,6.9
2025-06-12 03:48:00,92.9
2025-06-12 20:45:00,83.9
2025-06-12 21:47:00,71.2
2025-06-12 10:50:00,49.38053801169591
2025-06-12 23:07:00,22.5
2025-06-12 20:16:00,75.9
2025-06-12 21:54:00,49.38053801169591
2025-06-12 11:57:00,75.0
2025-06-12 02:40:00,49.38053801169591
2025-06-12 19:08:00,20.3
2025-06-12 02:54:00,9.7
2025-06-12 06:00:00,89.1
2025-06-12 14:41:00,25.4
2025-06-12 21:15:00,45.0
2025-06-12 19:37:00,15.4
2025-06-12 17:28:00,49.38053801169591
2025-06-12 15:11:00,46.3
2025-06-12 13:35:00,8.6
2025-06-12 17:17:00,82.4
2025-06-12 18:53:00,4.4
2025-06-12 10:46:00,44.2
2025-06-12 20:50:00,49.38053801169591
2025-06-12 22:12:00,74.2
2025-06-12 17:35:00,47.1
2025-06-12 07:01:00,49.38053801169591
2025-06-12 07:11:00,63.2
2025-06-12 17:31:00,52.8
2025-06-12 06:51:00,49.38053801169591
2025-06-12 21:46:00,49.38053801169591
2025-06-12 20:44:00,49.38053801169591
2025-06-12 01:28:00,49.38053801169591
2025-06-12 18:16:00,33.3
2025-06-12 00:15:00,49.38053801169591
2025-06-12 13:39:00,86.1
2025-06-12 17:46:00,52.3
2025-06-12 16:43:00,98.0
2025-06-12 12:54:00,49.38053801169591
2025-06-12 05:58:00,79.2
2025-06-12 09:52:00,49.38053801169591
2025-06-12 12:32:00,25.8
2025-06-12 14:08:00,49.2
2025-06-12 04:00:00,49.38053801169591
2025-06-12 14:21:00,49.38053801169591
2025-06-12 11:45:00,49.38053801169591
2025-06-12 08:51:00,75.0
2025-06-12 08:06:00,73.7
2025-06-12 22:27:00,80.7
2025-06-12 00:29:00,67.4
2025-06-12 19:36:00,88.7
2025-06-12 16:45:00,42.5
2025-06-12 14:17:00,59.6
2025-06-12 22:55:00,69.3
2025-06-12 14:51:00,50.0
2025-06-12 11:46:00,49.38053801169591
2025-06-12 01:10:00,49.1
2025-06-12 08:54:00,17.5
2025-06-12 07:06:00,97.2
2025-06-12 06:33:00,3.0
2025-06-12 16:24:00,52.2
2025-06-12 14:25:00,87.9
2025-06-12 14:24:00,76.2
2025-06-12 23:29:00,57.7
2025-06-12 16:31:00,82.3
2025-06-12 08:45:00,49.38053801169591
2025-06-12 22:39:00,74.3
2025-06-12 05:04:00,4.6
2025-06-12 15:57:00,13.3
2025-06-12 14:26:00,30.7
2025-06-12 14:23:00,17.3
2025-06-12 23:41:00,29.3
2025-06-12 14:19:00,49.38053801169591
2025-06-12 23:12:00,84.4
2025-06-12 05:08:00,87.9
2025-06-12 16:26:00,21.0
2025-06-12 08:29:00,23.9
2025-06-12 05:23:00,29.0
2025-06-12 02:36:00,49.38053801169591
2025-06-12 17:32:00,26.2
2025-06-12 14:11:00,92.0
2025-06-12 09:55:00,96.5
2025-06-12 11:00:00,37.5
2025-06-12 10:32:00,60.7
2025-06-12 16:51:00,96.6
2025-06-12 08:22:00,2.2
2025-06-12 10:18:00,37.7
2025-06-12 13:30:00,14.5
2025-06-12 13:02:00,32.2
2025-06-12 21:32:00,77.8
2025-06-12 01:31:00,47.5
2025-06-12 07:49:00,18.2
2025-06-12 10:09:00,94.2
2025-06-12 15:28:00,53.5
2025-06-12 05:15:00,93.9
2025-06-12 02:02:00,7.2
2025-06-12 16:34:00,37.7
2025-06-12 18:06:00,42.9
2025-06-12 12:23:00,53.4
2025-06-12 06:40:00,61.9
2025-06-12 01:05:00,46.7
2025-06-12 22:35:00,40.7
2025-06-12 12:27:00,59.5
2025-06-12 08:28:00,13.1
2025-06-12 20:57:00,59.5
2025-06-12 10:08:00,46.6
2025-06-12 18:22:00,84.5
2025-06-12 13:52:00,48.8
2025-06-12 00:16:00,39.5
2025-06-12 05:18:00,4.5
2025-06-12 20:21:00,16.6
2025-06-12 19:15:00,49.38053801169591
2025-06-12 09:49:00,32.2
2025-06-12 07:31:00,90.5
2025-06-12 15:34:00,27.7
2025-06-12 17:52:00,77.0
2025-06-12 19:24:00,1.7
2025-06-12 19:47:00,58.1
2025-06-12 15:21:00,47.2
2025-06-12 04:39:00,60.9
2025-06-12 03:06:00,23.8
2025-06-12 23:54:00,0.6
2025-06-12 20:28:00,24.1
2025-06-12 00:28:00,40.3
2025-06-12 21:14:00,67.6
2025-06-12 05:56:00,49.38053801169591
2025-06-12 09:57:00,27.1
2025-06-12 22:01:00,90.9
2025-06-12 18:27:00,0.4
2025-06-12 14:07:00,18.3
2025-06-12 19:58:00,49.38053801169591
2025-06-12 08:02:00,69.4
2025-06-12 03:57:00,77.7
2025-06-12 22:36:00,86.3
2025-06-12 20:09:00,25.0
2025-06-12 12:21:00,62.9
2025-06-12 06:03:00,8.0
2025-06-12 20:47:00,27.2
2025-06-12 07:42:00,88.4
2025-06-12 04:26:00,11.9
2025-06-12 09:46:00,90.5
2025-06-12 11:19:00,94.0
2025-06-12 05:06:00,21.3
2025-06-12 01:54:00,64.4
2025-06-12 18:11:00,83.8
2025-06-12 03:51:00,68.3
2025-06-12 21:12:00,76.8
2025-06-12 07:03:00,22.4
2025-06-12 10:49:00,1.4
2025-06-12 00:06:00,4.3
2025-06-12 02:49:00,39.6
2025-06-12 23:27:00,0.9
2025-06-12 12:01:00,27.9
2025-06-12 10:36:00,42.4
2025-06-12 11:16:00,49.38053801169591
2025-06-12 19:11:00,79.9
2025-06-12 16:33:00,49.38053801169591
2025-06-12 18:17:00,56.7
2025-06-12 16:29:00,49.38053801169591
2025-06-12 01:27:00,42.0
2025-06-12 17:08:00,23.7
2025-06-12 09:59:00,78.1
2025-06-12 13:11:00,67.3
2025-06-12 14:27:00,50.7
2025-06-12 04:42:00,9.3
2025-06-12 18:01:00,52.6
2025-06-12 08:52:00,43.6
2025-06-12 03:00:00,37.5
2025-06-12 11:17:00,29.3
2025-06-12 15:12:00,30.4
2025-06-12 10:30:00,62.5
2025-06-12 20:29:00,87.9
2025-06-12 05:30:00,87.8
2025-06-12 18:00:00,94.5
2025-06-12 01:18:00,59.3
2025-06-12 08:16:00,22.1
2025-06-12 09:53:00,49.38053801169591
2025-06-12 23:48:00,98.7
2025-06-12 19:20:00,49.38053801169591
2025-06-12 01:43:00,44.7
2025-06-12 03:24:00,66.0
2025-06-12 07:05:00,22.7
2025-06-12 02:43:00,17.5
2025-06-12 12:44:00,49.38053801169591
2025-06-12 22:20:00,71.5
2025-06-12 07:32:00,50.4
2025-06-12 04:31:00,80.3
2025-06-12 08:20:00,88.9
2025-06-12 07:12:00,51.0
2025-06-12 04:20:00,39.6
2025-06-12 17:45:00,49.38053801169591
2025-06-12 05:35:00,11.3
2025-06-12 00:51:00,86.0
2025-06-12 21:06:00,33.0
2025-06-12 05:12:00,63.0
2025-06-12 07:17:00,7.2
2025-06-12 15:47:00,6.8
2025-06-12 11:59:00,39.7
2025-06-12 05:31:00,1.7
2025-06-12 11:13:00,55.8
2025-06-12 16:42:00,49.38053801169591
2025-06-12 19:01:00,22.3
2025-06-12 03:41:00,32.0
2025-06-12 14:01:00,85.0
2025-06-12 14:52:00,39.4
2025-06-12 14:13:00,49.38053801169591
2025-06-12 01:49:00,49.38053801169591
2025-06-12 12:02:00,81.6
2025-06-12 16:52:00,79.6
2025-06-12 04:06:00,98.0
2025-06-12 19:59:00,7.6
2025-06-12 22:59:00,49.38053801169591
2025-06-12 03:40:00,49.38053801169591
2025-06-12 09:09:00,17.0
2025-06-12 05:52:00,31.4
2025-06-12 00:11:00,99.0
2025-06-12 00:25:00,92.0
2025-06-12 14:54:00,85.4
2025-06-12 18:45:00,52.2
2025-06-12 12:33:00,41.1
2025-06-12 17:55:00,26.4
2025-06-12 15:50:00,2.0
2025-06-12 01:56:00,63.5
2025-06-12 18:44:00,19.3
2025-06-12 23:24:00,28.3
2025-06-12 19:09:00,44.4
2025-06-12 16:12:00,49.38053801169591
2025-06-12 15:16:00,46.6
2025-06-12 05:11:00,44.4
2025-06-12 01:03:00,0.9
2025-06-12 23:30:00,44.6
2025-06-12 05:50:00,0.7
2025-06-12 13:06:00,17.6
2025-06-12 18:07:00,83.8
2025-06-12 10:51:00,80.2
2025-06-12 07:00:00,78.2
2025-06-12 07:58:00,24.6
2025-06-12 12:31:00,73.4
2025-06-12 08:36:00,25.3
2025-06-12 08:33:00,70.7
2025-06-12 23:39:00,50.4
2025-06-12 01:37:00,7.3
2025-06-12 00:26:00,84.9
2025-06-12 09:52:00,78.5
2025-06-12 17:47:00,61.1
2025-06-12 07:31:00,20.0
2025-06-12 11:45:00,57.0
2025-06-12 07:42:00,95.9
2025-06-12 20:53:00,57.5
2025-06-12 22:03:00,26.6
2025-06-12 05:48:00,0.8
2025-06-12 05:46:00,65.3
2025-06-12 11:03:00,92.4
2025-06-12 05:04:00,49.594186729301235
2025-06-12 07:59:00,26.3
2025-06-12 19:51:00,49.594186729301235
2025-06-12 00:54:00,99.5
2025-06-12 17:48:00,56.9
2025-06-12 21:11:00,38.5
2025-06-12 09:42:00,59.9
2025-06-12 16:14:00,14.1
2025-06-12 02:21:00,14.9
2025-06-12 19:41:00,77.3
2025-06-12 08:08:00,66.0
2025-06-12 13:29:00,49.594186729301235
2025-06-12 03:44:00,40.5
2025-06-12 02:40:00,79.6
2025-06-12 01:41:00,25.0
2025-06-12 11:59:00,43.8
2025-06-12 03:26:00,61.6
2025-06-12 06:37:00,48.5
2025-06-12 22:10:00,44.7
2025-06-12 07:50:00,39.3
2025-06-12 23:24:00,24.5
2025-06-12 23:04:00,32.1
2025-06-12 16:16:00,17.3
2025-06-12 04:13:00,56.7
2025-06-12 08:00:00,49.594186729301235
2025-06-12 11:17:00,86.9
2025-06-12 13:05:00,49.594186729301235
2025-06-12 19:05:00,14.4
2025-06-12 13:21:00,60.9
2025-06-12 14:51:00,15.4
2025-06-12 17:35:00,64.6
2025-06-12 13:24:00,85.7
2025-06-12 10:44:00,61.6
2025-06-12 22:11:00,76.2
2025-06-12 21:15:00,12.9
2025-06-12 10:52:00,69.3
2025-06-12 04:59:00,49.594186729301235
2025-06-12 10:35:00,52.4
2025-06-12 07:45:00,72.2
2025-06-12 19:04:00,54.4
2025-06-12 07:01:00,54.7
2025-06-12 23:36:00,70.8
2025-06-12 17:38:00,49.594186729301235
2025-06-12 10:26:00,49.594186729301235
2025-06-12 05:32:00,49.594186729301235
2025-06-12 09:27:00,93.0
2025-06-12 10:39:00,66.9
2025-06-12 16:55:00,28.3
2025-06-12 17:27:00,63.4
2025-06-12 14:46:00,0.9
2025-06-12 14:43:00,60.4
2025-06-12 15:15:00,13.2
2025-06-12 20:00:00,66.4
2025-06-12 10:50:00,71.5
2025-06-12 10:47:00,87.6
2025-06-12 02:13:00,44.5
2025-06-12 01:28:00,64.9
2025-06-12 23:31:00,1.7
2025-06-12 16:01:00,26.7
2025-06-12 03:13:00,28.4
2025-06-12 01:52:00,49.594186729301235
2025-06-12 02:56:00,1.6
2025-06-12 13:51:00,86.3
2025-06-12 23:33:00,9.4
2025-06-12 16:58:00,14.2
2025-06-12 15:54:00,92.4
2025-06-12 11:38:00,11.7
2025-06-12 09:58:00,49.594186729301235
2025-06-12 21:28:00,32.4
2025-06-12 22:05:00,49.594186729301235
2025-06-12 03:42:00,49.594186729301235
2025-06-12 17:46:00,43.5
2025-06-12 12:07:00,67.8
2025-06-12 14:08:00,49.594186729301235
2025-06-12 08:52:00,50.9
2025-06-12 06:59:00,0.8
2025-06-12 21:27:00,5.2
2025-06-12 09:45:00,49.594186729301235
2025-06-12 08:03:00,49.594186729301235
2025-06-12 17:33:00,49.594186729301235
2025-06-12 02:11:00,64.3
2025-06-12 23:09:00,96.1
2025-06-12 02:18:00,0.5
2025-06-12 16:24:00,62.2
2025-06-12 00:10:00,41.4
2025-06-12 06:54:00,1.5
2025-06-12 05:22:00,49.594186729301235
2025-06-12 23:52:00,90.8
2025-06-12 00:16:00,72.5
2025-06-12 02:58:00,81.1
2025-06-12 05:19:00,56.4
2025-06-12 11:54:00,50.5
2025-06-12 08:18:00,80.6
2025-06-12 22:29:00,74.3
2025-06-12 01:57:00,83.1
2025-06-12 09:05:00,49.594186729301235
2025-06-12 09:49:00,48.7
2025-06-12 10:59:00,49.4
2025-06-12 00:11:00,23.2
2025-06-12 13:30:00,32.1
2025-06-12 12:01:00,99.6
2025-06-12 22:54:00,78.3
2025-06-12 02:37:00,2.7
2025-06-12 06:02:00,7.0
2025-06-12 22:38:00,27.8
2025-06-12 03:14:00,82.4
2025-06-12 22:37:00,49.594186729301235
2025-06-12 10:14:00,21.3
2025-06-12 14:39:00,91.9
2025-06-12 09:43:00,36.8
2025-06-12 07:36:00,26.7
2025-06-12 16:39:00,60.6
2025-06-12 04:30:00,55.9
2025-06-12 10:22:00,10.7
2025-06-12 15:29:00,50.3
2025-06-12 21:17:00,79.0
2025-06-12 07:23:00,20.0
2025-06-12 02:52:00,71.6
2025-06-12 11:02:00,49.594186729301235
2025-06-12 18:24:00,86.3
2025-06-12 00:21:00,39.1
2025-06-12 19:46:00,54.8
2025-06-12 07:09:00,18.4
2025-06-12 04:45:00,95.4
2025-06-12 10:55:00,42.3
2025-06-12 03:27:00,17.6
2025-06-12 06:01:00,12.8
2025-06-12 13:02:00,49.594186729301235
2025-06-12 21:34:00,5.3
2025-06-12 13:18:00,88.5
2025-06-12 00:08:00,72.2
2025-06-12 14:30:00,49.594186729301235
2025-06-12 02:02:00,18.3
2025-06-12 00:33:00,43.6
2025-06-12 00:23:00,1.4
2025-06-12 12:14:00,54.3
2025-06-12 11:55:00,65.9
2025-06-12 19:56:00,18.0
2025-06-12 13:28:00,49.594186729301235
2025-06-12 00:43:00,63.9
2025-06-12 15:06:00,35.9
2025-06-12 03:57:00,38.2
2025-06-12 02:43:00,7.7
2025-06-12 08:54:00,77.0
2025-06-12 10:51:00,49.594186729301235
2025-06-12 21:23:00,90.4
2025-06-12 02:03:00,55.0
2025-06-12 04:58:00,49.594186729301235
2025-06-12 17:00:00,8.2
2025-06-12 20:26:00,70.9
2025-06-12 19:49:00,57.5
2025-06-12 14:50:00,8.6
2025-06-12 14:56:00,24.7
2025-06-12 18:35:00,24.3
2025-06-12 01:04:00,66.4
2025-06-12 02:08:00,62.9
2025-06-12 21:42:00,93.1
2025-06-12 10:45:00,87.6
2025-06-12 05:55:00,23.6
2025-06-12 13:03:00,68.8
2025-06-12 16:08:00,66.3
2025-06-12 04:04:00,63.8
2025-06-12 00:37:00,66.7
2025-06-12 02:29:00,88.5
2025-06-12 08:47:00,49.594186729301235
2025-06-12 14:25:00,40.4
2025-06-12 20:06:00,76.4
2025-06-12 04:52:00,52.5
2025-06-12 17:30:00,82.1
2025-06-12 16:56:00,31.6
2025-06-12 20:29:00,33.5
2025-06-12 00:51:00,90.9
2025-06-12 06:53:00,51.1
2025-06-12 06:48:00,64.4
2025-06-12 15:01:00,25.8
2025-06-12 08:32:00,20.2
2025-06-12 13:14:00,37.8
2025-06-12 19:34:00,4.4
2025-06-12 20:57:00,12.6
2025-06-12 04:39:00,49.594186729301235
2025-06-12 23:12:00,6.1
2025-06-12 01:54:00,98.1
2025-06-12 23:14:00,6.6
2025-06-12 17:18:00,49.594186729301235
2025-06-12 19:07:00,34.4
2025-06-12 20:32:00,76.6
2025-06-12 07:10:00,81.5
2025-06-12 09:35:00,63.2
2025-06-12 01:49:00,31.2
2025-06-12 21:26:00,49.594186729301235
2025-06-12 11:36:00,15.2
2025-06-12 11:31:00,91.9
2025-06-12 20:36:00,1.4
2025-06-12 14:49:00,66.3
2025-06-12 16:48:00,78.8
2025-06-12 18:08:00,87.7
2025-06-12 02:17:00,49.594186729301235
2025-06-12 06:17:00,54.3
2025-06-12 15:30:00,87.8
2025-06-12 01:20:00,79.4
2025-06-12 21:44:00,55.6
2025-06-12 02:15:00,99.9
2025-06-12 02:30:00,28.9
2025-06-12 11:40:00,53.7
2025-06-12 22:40:00,26.7
2025-06-12 14:31:00,58.0
2025-06-12 04:10:00,86.6
2025-06-12 14:42:00,49.594186729301235
2025-06-12 02:39:00,46.5
2025-06-12 16:07:00,35.7
2025-06-12 16:22:00,83.3
2025-06-12 20:38:00,49.594186729301235
2025-06-12 11:58:00,49.594186729301235
2025-06-12 17:15:00,44.1
2025-06-12 16:30:00,0.2
2025-06-12 11:00:00,55.4
2025-06-12 20:07:00,50.3
2025-06-12 17:23:00,22.8
2025-06-12 22:50:00,17.6
2025-06-12 06:10:00,87.4
2025-06-12 12:50:00,43.0
2025-06-12 12:20:00,92.1
2025-06-12 14:35:00,40.4
2025-06-12 17:05:00,96.6
2025-06-12 05:15:00,27.5
2025-06-12 11:05:00,16.8
2025-06-12 21:05:00,24.0
2025-06-12 12:18:00,20.5
2025-06-12 06:19:00,33.9
2025-06-12 18:43:00,94.6
2025-06-12 14:21:00,8.7
2025-06-12 08:09:00,27.7
2025-06-12 07:48:00,96.6
2025-06-12 21:38:00,49.594186729301235
2025-06-12 10:18:00,44.1
2025-06-12 00:42:00,91.3
2025-06-12 05:02:00,77.5
2025-06-12 12:51:00,99.1
2025-06-12 13:52:00,49.594186729301235
2025-06-12 18:56:00,8.0
2025-06-12 12:00:00,0.4
2025-06-12 00:46:00,69.2
2025-06-12 00:03:00,49.3
2025-06-12 00:31:00,17.2
2025-06-12 09:30:00,74.5
2025-06-12 02:26:00,20.7
2025-06-12 20:42:00,98.4
2025-06-12 12:43:00,49.594186729301235
2025-06-12 19:48:00,21.4
2025-06-12 01:31:00,46.3
2025-06-12 03:38:00,94.3
2025-06-12 01:19:00,83.3
2025-06-12 17:52:00,98.1
2025-06-12 00:41:00,14.6
2025-06-12 02:31:00,49.594186729301235
2025-06-12 08:46:00,41.8
2025-06-12 19:35:00,83.3
2025-06-12 17:41:00,2.4
2025-06-12 05:40:00,67.3
2025-06-12 13:12:00,49.594186729301235
2025-06-12 10:49:00,49.594186729301235
2025-06-12 22:31:00,12.9
2025-06-12 15:22:00,56.9
2025-06-12 13:33:00,49.594186729301235
2025-06-12 13:32:00,34.9
2025-06-12 12:21:00,23.0
2025-06-12 22:13:00,87.2
2025-06-12 22:48:00,50.03812089971884
2025-06-12 09:51:00,50.03812089971884
2025-06-12 01:38:00,96.1
2025-06-12 15:59:00,50.03812089971884
2025-06-12 23:56:00,50.03812089971884
2025-06-12 00:16:00,28.8
2025-06-12 15:02:00,60.7
2025-06-12 05:01:00,84.0
2025-06-12 18:31:00,24.9
2025-06-12 10:30:00,50.03812089971884
2025-06-12 07:07:00,91.0
2025-06-12 00:00:00,12.2
2025-06-12 10:49:00,89.1
2025-06-12 10:01:00,5.4
2025-06-12 22:58:00,94.8
2025-06-12 23:14:00,16.1
2025-06-12 13:42:00,50.03812089971884
2025-06-12 12:56:00,60.6
2025-06-12 13:21:00,96.1
2025-06-12 22:54:00,80.6
2025-06-12 14:30:00,50.03812089971884
2025-06-12 16:14:00,80.5
2025-06-12 22:32:00,44.6
2025-06-12 04:38:00,50.03812089971884
2025-06-12 15:32:00,27.8
2025-06-12 10:17:00,62.9
2025-06-12 06:57:00,47.8
2025-06-12 04:33:00,89.3
2025-06-12 04:45:00,41.6
2025-06-12 01:53:00,74.4
2025-06-12 00:49:00,23.3
2025-06-12 16:12:00,69.4
2025-06-12 11:50:00,80.4
2025-06-12 21:59:00,78.7
2025-06-12 19:53:00,5.6
2025-06-12 10:44:00,50.03812089971884
2025-06-12 04:07:00,49.3
2025-06-12 06:35:00,50.03812089971884
2025-06-12 12:49:00,50.03812089971884
2025-06-12 07:12:00,58.8
2025-06-12 08:06:00,18.9
2025-06-12 06:49:00,50.03812089971884
2025-06-12 19:18:00,50.03812089971884
2025-06-12 05:16:00,61.3
2025-06-12 12:14:00,36.6
2025-06-12 05:02:00,74.0
2025-06-12 13:03:00,68.9
2025-06-12 08:04:00,12.5
2025-06-12 02:32:00,13.3
2025-06-12 00:42:00,37.2
2025-06-12 09:32:00,40.0
2025-06-12 09:45:00,56.2
2025-06-12 05:03:00,50.03812089971884
2025-06-12 02:42:00,82.4
2025-06-12 18:21:00,29.2
2025-06-12 18:55:00,38.5
2025-06-12 00:17:00,11.3
2025-06-12 17:45:00,19.8
2025-06-12 13:35:00,16.7
2025-06-12 16:30:00,33.9
2025-06-12 05:30:00,99.3
2025-06-12 22:15:00,57.3
2025-06-12 19:10:00,41.5
2025-06-12 22:08:00,30.3
2025-06-12 22:57:00,98.5
2025-06-12 07:36:00,41.9
2025-06-12 11:45:00,44.7
2025-06-12 12:31:00,75.3
2025-06-12 21:48:00,75.8
2025-06-12 03:24:00,74.9
2025-06-12 04:58:00,87.2
2025-06-12 12:24:00,50.03812089971884
2025-06-12 13:43:00,95.5
2025-06-12 00:28:00,47.2
2025-06-12 06:40:00,78.3
2025-06-12 08:45:00,50.03812089971884
2025-06-12 09:19:00,89.6
2025-06-12 00:32:00,64.3
2025-06-12 04:31:00,97.7
2025-06-12 11:18:00,69.0
2025-06-12 02:00:00,35.0
2025-06-12 18:01:00,9.9
2025-06-12 18:52:00,50.03812089971884
2025-06-12 04:22:00,18.2
2025-06-12 04:21:00,42.2
2025-06-12 05:42:00,50.03812089971884
2025-06-12 12:39:00,2.2
2025-06-12 20:41:00,82.8
2025-06-12 07:32:00,97.9
2025-06-12 22:49:00,83.4
2025-06-12 17:17:00,50.03812089971884
2025-06-12 11:26:00,50.2
2025-06-12 03:42:00,45.9
2025-06-12 21:26:00,50.03812089971884
2025-06-12 17:29:00,50.03812089971884
2025-06-12 11:01:00,11.4
2025-06-12 21:28:00,44.0
2025-06-12 20:02:00,44.3
2025-06-12 03:14:00,50.03812089971884
2025-06-12 03:23:00,88.8
2025-06-12 23:19:00,95.6
2025-06-12 04:35:00,50.03812089971884
2025-06-12 11:51:00,50.03812089971884
2025-06-12 23:49:00,95.2
2025-06-12 10:39:00,52.4
2025-06-12 04:08:00,50.03812089971884
2025-06-12 19:32:00,91.3
2025-06-12 08:03:00,50.03812089971884
2025-06-12 06:04:00,50.03812089971884
2025-06-12 09:34:00,77.1
2025-06-12 19:12:00,50.03812089971884
2025-06-12 16:45:00,64.6
2025-06-12 07:30:00,96.4
2025-06-12 08:46:00,60.4
2025-06-12 16:16:00,50.03812089971884
2025-06-12 23:18:00,6.3
2025-06-12 18:47:00,16.2
2025-06-12 06:21:00,92.6
2025-06-12 11:17:00,59.1
2025-06-12 06:42:00,50.03812089971884
2025-06-12 04:01:00,25.6
2025-06-12 04:20:00,77.8
2025-06-12 02:19:00,32.8
2025-06-12 20:40:00,7.8
2025-06-12 01:32:00,80.8
2025-06-12 18:34:00,68.2
2025-06-12 03:03:00,50.03812089971884
2025-06-12 03:28:00,50.03812089971884
2025-06-12 19:14:00,29.5
2025-06-12 20:10:00,1.7
2025-06-12 11:35:00,50.03812089971884
2025-06-12 07:39:00,42.9
2025-06-12 17:59:00,52.1
2025-06-12 15:28:00,67.0
2025-06-12 21:42:00,71.3
2025-06-12 01:31:00,67.1
2025-06-12 07:04:00,99.5
2025-06-12 22:04:00,78.0
2025-06-12 00:03:00,24.9
2025-06-12 10:48:00,55.1
2025-06-12 20:47:00,92.6
2025-06-12 08:24:00,18.4
2025-06-12 19:45:00,55.0
2025-06-12 07:38:00,13.4
2025-06-12 08:56:00,31.7
2025-06-12 10:59:00,22.5
2025-06-12 02:14:00,52.9
2025-06-12 14:59:00,63.2
2025-06-12 18:04:00,50.03812089971884
2025-06-12 20:29:00,12.7
2025-06-12 06:26:00,38.3
2025-06-12 02:38:00,16.8
2025-06-12 03:31:00,83.5
2025-06-12 10:12:00,73.0
2025-06-12 05:15:00,3.1
2025-06-12 02:37:00,50.03812089971884
2025-06-12 20:27:00,56.1
2025-06-12 14:39:00,22.2
2025-06-12 20:26:00,19.1
2025-06-12 19:43:00,17.6
2025-06-12 22:16:00,73.4
2025-06-12 02:47:00,32.1
2025-06-12 13:34:00,22.6
2025-06-12 21:54:00,52.6
2025-06-12 01:29:00,83.9
2025-06-12 14:20:00,80.6
2025-06-12 13:41:00,3.5
2025-06-12 02:18:00,73.4
2025-06-12 09:43:00,5.5
2025-06-12 21:53:00,87.5
2025-06-12 02:58:00,96.2
2025-06-12 01:20:00,81.3
2025-06-12 08:11:00,52.4
2025-06-12 17:36:00,50.03812089971884
2025-06-12 06:07:00,16.1
2025-06-12 02:15:00,73.9
2025-06-12 14:27:00,3.4
2025-06-12 23:46:00,31.5
2025-06-12 18:45:00,10.0
2025-06-12 09:24:00,30.5
2025-06-12 17:16:00,62.3
2025-06-12 19:28:00,27.3
2025-06-12 14:08:00,50.03812089971884
2025-06-12 21:44:00,68.4
2025-06-12 05:08:00,71.5
2025-06-12 15:50:00,2.0
2025-06-12 12:02:00,59.5
2025-06-12 11:30:00,81.1
2025-06-12 17:37:00,32.7
2025-06-12 06:55:00,0.4
2025-06-12 20:34:00,94.6
2025-06-12 03:59:00,89.7
2025-06-12 13:48:00,50.03812089971884
2025-06-12 03:55:00,99.0
2025-06-12 07:19:00,42.8
2025-06-12 05:50:00,46.3
2025-06-12 11:42:00,84.6
2025-06-12 15:39:00,86.1
2025-06-12 07:47:00,56.6
2025-06-12 06:52:00,79.9
2025-06-12 02:29:00,3.8
2025-06-12 19:33:00,73.7
2025-06-12 21:02:00,59.2
2025-06-12 07:21:00,13.3
2025-06-12 12:58:00,95.4
2025-06-12 15:25:00,28.7
2025-06-12 15:57:00,32.7
2025-06-12 03:33:00,19.3
2025-06-12 01:03:00,18.4
2025-06-12 23:52:00,50.03812089971884
2025-06-12 01:04:00,42.2
2025-06-12 07:57:00,20.7
2025-06-12 18:11:00,29.2
2025-06-12 12:53:00,94.2
2025-06-12 02:12:00,92.3
2025-06-12 09:52:00,50.03812089971884
2025-06-12 13:19:00,79.0
2025-06-12 11:28:00,50.03812089971884
2025-06-12 12:09:00,79.7
2025-06-12 18:26:00,58.8
2025-06-12 03:12:00,50.03812089971884
2025-06-12 06:01:00,99.1
2025-06-12 17:28:00,59.8
2025-06-12 06:25:00,26.2
2025-06-12 14:42:00,59.5
2025-06-12 18:14:00,50.03812089971884
2025-06-12 16:42:00,73.3
2025-06-12 00:21:00,5.3
2025-06-12 14:46:00,38.0
2025-06-12 16:23:00,89.1
2025-06-12 22:02:00,89.9
2025-06-12 17:33:00,49.0
2025-06-12 14:56:00,3.7
2025-06-12 22:18:00,70.8
2025-06-12 18:13:00,63.2
2025-06-12 22:13:00,82.4
2025-06-12 01:12:00,90.9
2025-06-12 08:08:00,55.5
2025-06-12 17:12:00,72.3
2025-06-12 18:16:00,53.9
2025-06-12 12:28:00,5.7
2025-06-12 12:46:00,34.7
2025-06-12 14:36:00,70.9
2025-06-12 08:30:00,28.0
2025-06-12 06:39:00,50.03812089971884
2025-06-12 11:53:00,97.8
2025-06-12 13:00:00,98.7
2025-06-12 21:07:00,60.5
2025-06-12 15:11:00,78.7
2025-06-12 15:24:00,23.5
2025-06-12 04:06:00,62.6
2025-06-12 02:11:00,82.6
2025-06-12 11:16:00,29.2
2025-06-12 16:29:00,18.8
2025-06-12 11:13:00,16.6
2025-06-12 14:14:00,74.3
2025-06-12 07:31:00,33.7
2025-06-12 10:25:00,43.9
2025-06-12 12:15:00,28.4
2025-06-12 14:52:00,74.1
2025-06-12 12:41:00,21.5
2025-06-12 14:58:00,7.9
2025-06-12 11:31:00,88.9
2025-06-12 18:42:00,30.2
2025-06-12 08:43:00,30.9
2025-06-12 04:11:00,20.1
2025-06-12 00:57:00,77.4
2025-06-12 12:07:00,18.7
2025-06-12 02:05:00,60.1
2025-06-12 21:36:00,26.4
2025-06-12 05:26:00,46.2
2025-06-12 08:13:00,58.4
2025-06-12 08:26:00,1.7
2025-06-12 13:07:00,41.3
2025-06-12 18:24:00,74.1
2025-06-12 18:39:00,53.8
2025-06-12 20:28:00,0.7
2025-06-12 01:23:00,50.03812089971884
2025-06-12 12:00:00,50.03812089971884
2025-06-12 02:08:00,88.9
2025-06-12 19:23:00,65.9
2025-06-12 07:05:00,31.4
2025-06-12 23:07:00,6.3
2025-06-12 15:14:00,50.03812089971884
2025-06-12 10:14:00,92.1
2025-06-12 08:33:00,40.2
2025-06-12 00:20:00,50.03812089971884
2025-06-12 19:22:00,28.1
2025-06-12 01:43:00,62.1
2025-06-12 11:15:00,53.3
2025-06-12 05:27:00,50.03812089971884
2025-06-12 09:09:00,23.1
2025-06-12 03:30:00,0.4
2025-06-12 14:34:00,40.4
2025-06-12 19:13:00,78.1
2025-06-12 23:02:00,40.6
2025-06-12 00:40:00,68.6
2025-06-12 20:55:00,64.7
2025-06-12 07:41:00,46.9
2025-06-12 06:54:00,15.5
2025-06-12 03:08:00,50.03812089971884
2025-06-12 11:15:00,65.7
2025-06-12 11:55:00,87.9
2025-06-12 17:33:00,4.6
2025-06-12 05:35:00,49.697634180790956
2025-06-12 13:40:00,84.1
2025-06-12 14:09:00,49.697634180790956
2025-06-12 06:32:00,59.4
2025-06-12 21:26:00,78.5
2025-06-12 08:56:00,8.8
2025-06-12 15:24:00,30.9
2025-06-12 19:47:00,49.697634180790956
2025-06-12 08:31:00,54.7
2025-06-12 10:55:00,93.1
2025-06-12 13:53:00,58.8
2025-06-12 16:16:00,89.3
2025-06-12 00:37:00,76.7
2025-06-12 06:35:00,33.3
2025-06-12 08:42:00,7.0
2025-06-12 20:52:00,49.697634180790956
2025-06-12 21:25:00,75.2
2025-06-12 11:36:00,15.8
2025-06-12 16:27:00,49.6
2025-06-12 09:06:00,78.0
2025-06-12 11:17:00,55.4
2025-06-12 21:10:00,63.9
2025-06-12 09:24:00,25.9
2025-06-12 06:48:00,60.8
2025-06-12 09:14:00,79.3
2025-06-12 23:09:00,6.8
2025-06-12 23:04:00,92.1
2025-06-12 20:37:00,61.5
2025-06-12 22:19:00,48.1
2025-06-12 17:13:00,36.3
2025-06-12 22:08:00,81.4
2025-06-12 04:40:00,96.4
2025-06-12 13:49:00,48.7
2025-06-12 22:25:00,83.0
2025-06-12 08:13:00,25.7
2025-06-12 04:09:00,82.4
2025-06-12 18:37:00,10.3
2025-06-12 15:54:00,79.5
2025-06-12 01:39:00,49.697634180790956
2025-06-12 22:31:00,12.3
2025-06-12 19:03:00,36.2
2025-06-12 17:39:00,95.9
2025-06-12 18:22:00,40.8
2025-06-12 20:44:00,74.9
2025-06-12 10:30:00,98.4
2025-06-12 21:55:00,67.9
2025-06-12 20:50:00,22.6
2025-06-12 01:26:00,40.3
2025-06-12 01:34:00,5.2
2025-06-12 07:58:00,49.697634180790956
2025-06-12 03:33:00,95.9
2025-06-12 03:52:00,11.8
2025-06-12 04:04:00,48.9
2025-06-12 11:52:00,42.5
2025-06-12 01:38:00,88.9
2025-06-12 06:08:00,40.9
2025-06-12 01:27:00,68.0
2025-06-12 02:10:00,20.2
2025-06-12 19:19:00,49.697634180790956
2025-06-12 19:37:00,76.7
2025-06-12 08:19:00,3.6
2025-06-12 08:12:00,96.7
2025-06-12 23:37:00,5.9
2025-06-12 17:06:00,35.8
2025-06-12 06:51:00,49.697634180790956
2025-06-12 10:47:00,98.2
2025-06-12 14:56:00,34.9
2025-06-12 16:47:00,60.1
2025-06-12 18:10:00,29.0
2025-06-12 02:03:00,58.1
2025-06-12 21:06:00,73.2
2025-06-12 08:20:00,87.2
2025-06-12 05:12:00,53.9
2025-06-12 09:29:00,6.0
2025-06-12 11:32:00,85.4
2025-06-12 08:39:00,51.0
2025-06-12 15:52:00,42.2
2025-06-12 00:33:00,11.8
2025-06-12 21:08:00,60.6
2025-06-12 09:48:00,36.7
2025-06-12 12:32:00,0.1
2025-06-12 23:17:00,89.1
2025-06-12 01:24:00,74.5
2025-06-12 04:16:00,28.1
2025-06-12 06:30:00,54.9
2025-06-12 03:37:00,53.4
2025-06-12 17:12:00,64.8
2025-06-12 06:50:00,49.697634180790956
2025-06-12 09:07:00,49.697634180790956
2025-06-12 06:20:00,95.8
2025-06-12 21:16:00,21.6
2025-06-12 19:39:00,94.7
2025-06-12 14:05:00,75.7
2025-06-12 05:07:00,18.6
2025-06-12 08:44:00,3.3
2025-06-12 09:15:00,29.8
2025-06-12 03:22:00,55.0
2025-06-12 08:54:00,49.697634180790956
2025-06-12 00:02:00,49.697634180790956
2025-06-12 16:01:00,3.5
2025-06-12 22:21:00,63.0
2025-06-12 14:59:00,34.1
2025-06-12 18:00:00,26.4
2025-06-12 13:29:00,3.7
2025-06-12 11:51:00,75.2
2025-06-12 15:45:00,15.3
2025-06-12 19:36:00,5.2
2025-06-12 07:10:00,46.7
2025-06-12 01:55:00,11.8
2025-06-12 09:19:00,12.6
2025-06-12 01:13:00,49.697634180790956
2025-06-12 14:28:00,3.2
2025-06-12 01:06:00,29.4
2025-06-12 21:37:00,15.4
2025-06-12 14:43:00,29.1
2025-06-12 01:02:00,49.697634180790956
2025-06-12 09:20:00,35.8
2025-06-12 01:30:00,18.7
2025-06-12 09:55:00,83.2
2025-06-12 01:03:00,84.8
2025-06-12 13:41:00,41.6
2025-06-12 14:02:00,38.4
2025-06-12 01:50:00,84.5
2025-06-12 13:31:00,0.6
2025-06-12 03:02:00,49.697634180790956
2025-06-12 21:58:00,58.3
2025-06-12 09:23:00,49.697634180790956
2025-06-12 08:35:00,53.5
2025-06-12 14:12:00,88.0
2025-06-12 05:15:00,40.2
2025-06-12 13:35:00,94.8
2025-06-12 09:11:00,99.0
2025-06-12 17:47:00,69.6
2025-06-12 19:00:00,1.0
2025-06-12 05:23:00,74.9
2025-06-12 06:42:00,18.9
2025-06-12 04:45:00,60.6
2025-06-12 15:57:00,38.2
2025-06-12 16:32:00,18.3
2025-06-12 04:37:00,88.0
2025-06-12 12:43:00,41.2
2025-06-12 07:35:00,17.7
2025-06-12 12:26:00,49.697634180790956
2025-06-12 19:42:00,73.3
2025-06-12 08:03:00,97.4
2025-06-12 22:42:00,97.6
2025-06-12 21:17:00,63.9
2025-06-12 18:44:00,49.697634180790956
2025-06-12 09:39:00,45.4
2025-06-12 19:40:00,71.9
2025-06-12 18:26:00,41.8
2025-06-12 14:37:00,88.6
2025-06-12 23:10:00,5.0
2025-06-12 02:29:00,43.5
2025-06-12 22:36:00,50.6
2025-06-12 18:35:00,0.7
2025-06-12 19:56:00,12.7
2025-06-12 22:56:00,67.5
2025-06-12 06:14:00,61.9
2025-06-12 12:34:00,57.5
2025-06-12 06:17:00,7.3
2025-06-12 08:55:00,13.6
2025-06-12 02:47:00,49.697634180790956
2025-06-12 09:17:00,10.2
2025-06-12 03:17:00,62.9
2025-06-12 13:10:00,43.4
2025-06-12 11:37:00,62.0
2025-06-12 05:46:00,49.4
2025-06-12 08:17:00,44.4
2025-06-12 18:19:00,5.8
2025-06-12 02:23:00,84.5
2025-06-12 09:50:00,8.4
2025-06-12 03:56:00,78.5
2025-06-12 18:49:00,49.697634180790956
2025-06-12 14:24:00,71.3
2025-06-12 19:59:00,73.9
2025-06-12 08:32:00,30.0
2025-06-12 10:37:00,72.4
2025-06-12 17:20:00,97.5
2025-06-12 12:46:00,49.697634180790956
2025-06-12 23:11:00,49.697634180790956
2025-06-12 00:58:00,93.7
2025-06-12 18:11:00,49.697634180790956
2025-06-12 16:41:00,89.5
2025-06-12 12:15:00,82.1
2025-06-12 20:56:00,52.2
2025-06-12 10:43:00,43.2
2025-06-12 20:40:00,15.8
2025-06-12 08:49:00,42.6
2025-06-12 04:30:00,93.5
2025-06-12 20:21:00,7.6
2025-06-12 20:27:00,28.8
2025-06-12 12:41:00,21.2
2025-06-12 17:08:00,24.8
2025-06-12 06:28:00,49.697634180790956
2025-06-12 12:53:00,35.8
2025-06-12 16:10:00,49.697634180790956
2025-06-12 23:08:00,49.697634180790956
2025-06-12 18:02:00,3.7
2025-06-12 16:31:00,6.9
2025-06-12 16:58:00,55.5
2025-06-12 18:45:00,49.697634180790956
2025-06-12 23:36:00,57.1
2025-06-12 06:15:00,13.1
2025-06-12 14:27:00,94.5
2025-06-12 03:01:00,72.8
2025-06-12 13:21:00,28.7
2025-06-12 12:24:00,64.1
2025-06-12 09:58:00,25.8
2025-06-12 02:05:00,1.4
2025-06-12 07:15:00,1.8
2025-06-12 20:20:00,2.6
2025-06-12 13:50:00,46.9
2025-06-12 17:02:00,49.697634180790956
2025-06-12 00:34:00,49.697634180790956
2025-06-12 21:18:00,51.8
2025-06-12 13:47:00,33.7
2025-06-12 09:53:00,49.697634180790956
2025-06-12 10:56:00,75.6
2025-06-12 10:13:00,62.2
2025-06-12 08:50:00,46.1
2025-06-12 04:47:00,75.1
2025-06-12 10:28:00,24.5
2025-06-12 05:50:00,3.5
2025-06-12 15:47:00,49.697634180790956
2025-06-12 11:29:00,49.697634180790956
2025-06-12 11:50:00,70.5
2025-06-12 17:38:00,57.7
2025-06-12 22:59:00,64.9
2025-06-12 22:04:00,14.9
2025-06-12 18:32:00,23.4
2025-06-12 18:17:00,8.3
2025-06-12 18:43:00,41.5
2025-06-12 23:48:00,45.2
2025-06-12 23:23:00,55.1
2025-06-12 21:14:00,19.3
2025-06-12 14:14:00,4.6
2025-06-12 04:53:00,73.6
2025-06-12 15:27:00,84.9
2025-06-12 11:08:00,99.3
2025-06-12 23:43:00,80.8
2025-06-12 15:10:00,28.6
2025-06-12 18:14:00,75.0
2025-06-12 14:51:00,49.697634180790956
2025-06-12 19:16:00,15.6
2025-06-12 15:23:00,83.2
2025-06-12 12:59:00,76.6
2025-06-12 07:19:00,48.4
2025-06-12 21:03:00,49.697634180790956
2025-06-12 19:55:00,29.1
2025-06-12 20:57:00,19.4
2025-06-12 22:14:00,74.1
2025-06-12 16:37:00,12.7
2025-06-12 17:17:00,89.8
2025-06-12 05:05:00,13.6
2025-06-12 09:09:00,36.8
2025-06-12 07:21:00,49.697634180790956
2025-06-12 15:15:00,49.697634180790956
2025-06-12 22:48:00,56.6
2025-06-12 09:31:00,52.2
2025-06-12 15:03:00,11.6
2025-06-12 13:22:00,45.7
2025-06-12 14:52:00,48.6
2025-06-12 11:34:00,5.6
2025-06-12 03:19:00,47.0
2025-06-12 00:42:00,52.2
2025-06-12 20:00:00,49.697634180790956
2025-06-12 10:15:00,84.0
2025-06-12 17:48:00,60.0
2025-06-12 23:30:00,37.9
2025-06-12 08:43:00,13.4
2025-06-12 12:25:00,76.8
2025-06-12 13:46:00,81.3
2025-06-12 10:35:00,88.4
2025-06-12 07:33:00,96.8
2025-06-12 11:06:00,88.2
2025-06-12 09:10:00,49.697634180790956
2025-06-12 23:25:00,81.5
2025-06-12 14:04:00,9.1
2025-06-12 17:54:00,65.7
2025-06-12 13:04:00,80.2
2025-06-12 18:09:00,15.3
2025-06-12 03:18:00,66.0
2025-06-12 14:55:00,36.6
2025-06-12 10:07:00,49.697634180790956
2025-06-12 06:34:00,74.5
2025-06-12 17:04:00,79.9
2025-06-12 09:02:00,64.9
2025-06-12 17:43:00,49.697634180790956
2025-06-12 23:09:00,95.4
2025-06-12 09:37:00,49.81454693687398
2025-06-12 01:06:00,84.7
2025-06-12 18:30:00,11.8
2025-06-12 05:25:00,30.0
2025-06-12 03:26:00,75.8
2025-06-12 12:10:00,84.4
2025-06-12 14:17:00,11.6
2025-06-12 23:27:00,89.6
2025-06-12 09:01:00,29.8
2025-06-12 18:55:00,47.4
2025-06-12 10:41:00,21.0
2025-06-12 15:27:00,37.8
2025-06-12 05:27:00,16.4
2025-06-12 02:04:00,96.2
2025-06-12 08:19:00,30.9
2025-06-12 19:27:00,95.5
2025-06-12 05:35:00,77.1
2025-06-12 20:09:00,68.5
2025-06-12 12:08:00,32.2
2025-06-12 06:55:00,49.81454693687398
2025-06-12 21:48:00,66.1
2025-06-12 03:33:00,53.8
2025-06-12 11:48:00,49.81454693687398
2025-06-12 03:19:00,70.7
2025-06-12 16:26:00,18.3
2025-06-12 06:45:00,71.9
2025-06-12 00:07:00,18.8
2025-06-12 18:09:00,2.3
2025-06-12 03:06:00,63.0
2025-06-12 21:11:00,80.0
2025-06-12 02:51:00,99.7
2025-06-12 02:33:00,10.9
2025-06-12 01:29:00,86.4
2025-06-12 08:20:00,49.81454693687398
2025-06-12 16:08:00,19.0
2025-06-12 07:56:00,92.5
2025-06-12 02:11:00,21.8
2025-06-12 08:47:00,36.4
2025-06-12 00:41:00,15.7
2025-06-12 02:26:00,7.9
2025-06-12 18:44:00,10.4
2025-06-12 16:37:00,73.2
2025-06-12 11:27:00,12.8
2025-06-12 18:45:00,19.2
2025-06-12 10:10:00,40.7
2025-06-12 21:51:00,76.8
2025-06-12 17:25:00,60.5
2025-06-12 00:57:00,17.0
2025-06-12 19:54:00,15.6
2025-06-12 06:57:00,6.2
2025-06-12 16:28:00,15.2
2025-06-12 16:00:00,47.3
2025-06-12 15:10:00,58.1
2025-06-12 16:51:00,7.0
2025-06-12 10:46:00,72.4
2025-06-12 12:06:00,95.5
2025-06-12 18:54:00,35.3
2025-06-12 12:20:00,10.4
2025-06-12 10:00:00,49.81454693687398
2025-06-12 03:39:00,4.2
2025-06-12 01:01:00,49.81454693687398
2025-06-12 03:34:00,25.0
2025-06-12 13:28:00,42.5
2025-06-12 23:49:00,5.1
2025-06-12 08:26:00,66.4
2025-06-12 19:05:00,79.3
2025-06-12 20:00:00,0.9
2025-06-12 04:23:00,96.0
2025-06-12 07:59:00,25.3
2025-06-12 05:53:00,62.1
2025-06-12 22:18:00,13.4
2025-06-12 19:08:00,85.1
2025-06-12 00:23:00,49.6
2025-06-12 13:35:00,52.4
2025-06-12 08:45:00,1.6
2025-06-12 03:00:00,31.0
2025-06-12 18:48:00,27.3
2025-06-12 11:52:00,11.6
2025-06-12 08:08:00,33.0
2025-06-12 16:23:00,49.81454693687398
2025-06-12 09:23:00,49.81454693687398
2025-06-12 03:21:00,98.9
2025-06-12 08:21:00,12.4
2025-06-12 08:31:00,94.0
2025-06-12 19:37:00,1.1
2025-06-12 02:21:00,80.2
2025-06-12 06:09:00,62.0
2025-06-12 19:24:00,37.7
2025-06-12 08:07:00,18.9
2025-06-12 18:40:00,12.0
2025-06-12 22:02:00,38.9
2025-06-12 16:56:00,42.7
2025-06-12 04:31:00,89.4
2025-06-12 04:22:00,16.6
2025-06-12 17:56:00,16.2
2025-06-12 22:34:00,71.4
2025-06-12 16:31:00,36.5
2025-06-12 19:29:00,49.81454693687398
2025-06-12 13:43:00,77.2
2025-06-12 19:57:00,81.5
2025-06-12 18:10:00,17.1
2025-06-12 00:19:00,72.0
2025-06-12 22:16:00,86.2
2025-06-12 17:24:00,79.7
2025-06-12 15:57:00,77.8
2025-06-12 06:11:00,53.4
2025-06-12 08:52:00,21.8
2025-06-12 15:37:00,29.8
2025-06-12 14:24:00,5.7
2025-06-12 02:15:00,86.4
2025-06-12 05:58:00,9.0
2025-06-12 14:52:00,49.81454693687398
2025-06-12 04:12:00,17.4
2025-06-12 13:38:00,33.4
2025-06-12 01:28:00,63.4
2025-06-12 20:57:00,25.3
2025-06-12 17:03:00,49.81454693687398
2025-06-12 21:55:00,49.81454693687398
2025-06-12 14:19:00,49.81454693687398
2025-06-12 22:13:00,49.81454693687398
2025-06-12 05:06:00,86.3
2025-06-12 02:53:00,10.6
2025-06-12 00:54:00,36.7
2025-06-12 02:20:00,52.0
2025-06-12 04:55:00,15.0
2025-06-12 21:09:00,24.0
2025-06-12 13:09:00,23.7
2025-06-12 15:36:00,40.8
2025-06-12 00:47:00,74.1
2025-06-12 15:44:00,77.0
2025-06-12 03:36:00,14.5
2025-06-12 09:36:00,7.1
2025-06-12 21:40:00,24.0
2025-06-12 18:39:00,49.81454693687398
2025-06-12 04:18:00,39.0
2025-06-12 19:42:00,48.0
2025-06-12 20:36:00,44.1
2025-06-12 08:15:00,49.81454693687398
2025-06-12 07:34:00,16.5
2025-06-12 04:24:00,49.81454693687398
2025-06-12 00:22:00,90.0
2025-06-12 00:50:00,30.7
2025-06-12 16:34:00,69.4
2025-06-12 07:29:00,0.7
2025-06-12 13:27:00,64.2
2025-06-12 04:27:00,33.4
2025-06-12 06:44:00,49.81454693687398
2025-06-12 17:14:00,6.3
2025-06-12 21:36:00,16.7
2025-06-12 21:22:00,49.81454693687398
2025-06-12 02:39:00,74.5
2025-06-12 12:13:00,74.5
2025-06-12 04:37:00,49.81454693687398
2025-06-12 11:32:00,95.4
2025-06-12 21:12:00,21.6
2025-06-12 04:15:00,99.5
2025-06-12 12:48:00,30.6
2025-06-12 00:14:00,69.8
2025-06-12 04:07:00,26.5
2025-06-12 10:34:00,83.9
2025-06-12 11:35:00,34.1
2025-06-12 19:22:00,94.2
2025-06-12 05:18:00,19.5
2025-06-12 05:37:00,23.5
2025-06-12 22:39:00,37.9
2025-06-12 16:27:00,18.9
2025-06-12 13:40:00,49.81454693687398
2025-06-12 01:09:00,36.6
2025-06-12 03:29:00,32.6
2025-06-12 16:11:00,26.1
2025-06-12 22:40:00,3.7
2025-06-12 16:20:00,49.81454693687398
2025-06-12 22:35:00,71.2
2025-06-12 01:15:00,54.7
2025-06-12 17:15:00,96.9
2025-06-12 07:16:00,5.8
2025-06-12 06:37:00,81.0
2025-06-12 23:47:00,45.9
2025-06-12 10:31:00,37.4
2025-06-12 09:30:00,9.0
2025-06-12 15:16:00,87.7
2025-06-12 01:25:00,29.3
2025-06-12 02:14:00,49.81454693687398
2025-06-12 12:07:00,18.0
2025-06-12 16:36:00,49.81454693687398
2025-06-12 23:57:00,60.2
2025-06-12 17:49:00,33.0
2025-06-12 08:50:00,49.81454693687398
2025-06-12 07:48:00,22.9
2025-06-12 02:34:00,81.1
2025-06-12 13:54:00,55.5
2025-06-12 17:26:00,95.1
2025-06-12 14:07:00,49.81454693687398
2025-06-12 09:51:00,60.3
2025-06-12 21:21:00,26.3
2025-06-12 18:07:00,10.1
2025-06-12 23:38:00,1.0
2025-06-12 06:59:00,49.81454693687398
2025-06-12 06:53:00,55.8
2025-06-12 17:01:00,62.3
2025-06-12 04:58:00,24.4
2025-06-12 19:51:00,4.8
2025-06-12 23:48:00,7.5
2025-06-12 07:46:00,7.3
2025-06-12 19:25:00,17.9
2025-06-12 01:31:00,6.0
2025-06-12 13:21:00,35.4
2025-06-12 15:02:00,36.0
2025-06-12 00:34:00,70.7
2025-06-12 15:20:00,15.9
2025-06-12 05:45:00,12.1
2025-06-12 10:38:00,51.7
2025-06-12 01:49:00,49.81454693687398
2025-06-12 06:51:00,49.81454693687398
2025-06-12 21:32:00,30.7
2025-06-12 13:51:00,58.6
2025-06-12 23:35:00,68.2
2025-06-12 18:41:00,73.9
2025-06-12 13:49:00,28.1
2025-06-12 04:05:00,9.3
2025-06-12 21:53:00,60.0
2025-06-12 21:44:00,26.1
2025-06-12 15:45:00,76.5
2025-06-12 18:34:00,14.6
2025-06-12 20:24:00,87.9
2025-06-12 00:45:00,94.2
2025-06-12 21:18:00,49.81454693687398
2025-06-12 22:20:00,40.6
2025-06-12 21:03:00,81.7
2025-06-12 07:10:00,49.1
2025-06-12 22:56:00,49.3
2025-06-12 09:17:00,52.7
2025-06-12 06:15:00,19.5
2025-06-12 22:51:00,55.1
2025-06-12 21:46:00,49.81454693687398
2025-06-12 08:58:00,5.7
2025-06-12 05:02:00,93.4
2025-06-12 00:01:00,69.7
2025-06-12 13:18:00,65.4
2025-06-12 04:47:00,14.8
2025-06-12 06:07:00,76.7
2025-06-12 09:04:00,48.8
2025-06-12 11:14:00,25.8
2025-06-12 01:07:00,53.7
2025-06-12 16:16:00,21.4
2025-06-12 02:48:00,72.4
2025-06-12 10:22:00,90.0
2025-06-12 02:37:00,53.0
2025-06-12 06:00:00,49.81454693687398
2025-06-12 10:06:00,12.0
2025-06-12 08:33:00,13.1
2025-06-12 06:43:00,85.4
2025-06-12 15:51:00,86.4
2025-06-12 00:02:00,7.5
2025-06-12 21:25:00,88.5
2025-06-12 15:49:00,58.8
2025-06-12 15:38:00,49.81454693687398
2025-06-12 09:48:00,70.1
2025-06-12 00:51:00,60.5
2025-06-12 16:15:00,49.81454693687398
2025-06-12 01:08:00,44.5
2025-06-12 13:45:00,54.1
2025-06-12 15:32:00,49.81454693687398
2025-06-12 15:01:00,82.7
2025-06-12 01:42:00,49.81454693687398
2025-06-12 23:28:00,37.2
2025-06-12 14:00:00,51.5
2025-06-12 22:28:00,18.5
2025-06-12 06:40:00,35.4
2025-06-12 07:54:00,95.5
2025-06-12 23:15:00,49.81454693687398
2025-06-12 09:44:00,49.81454693687398
2025-06-12 02:50:00,30.4
2025-06-12 06:08:00,40.9
2025-06-12 03:12:00,88.9
2025-06-12 02:05:00,89.5
2025-06-12 04:38:00,1.9
2025-06-12 07:44:00,12.8
2025-06-12 04:09:00,5.2
2025-06-12 07:40:00,64.3
2025-06-12 23:41:00,49.81454693687398
2025-06-12 14:56:00,74.3
2025-06-12 01:23:00,72.7
2025-06-12 03:56:00,86.4
2025-06-12 00:29:00,5.8
2025-06-12 12:29:00,28.8
2025-06-12 12:40:00,56.3
2025-06-12 15:43:00,20.8
2025-06-12 17:29:00,67.6
2025-06-12 23:50:00,63.9
2025-06-12 16:22:00,0.4
2025-06-12 04:11:00,67.3
2025-06-12 14:08:00,50.17466168922071
2025-06-12 11:34:00,3.8
2025-06-12 06:34:00,13.9
2025-06-12 15:42:00,11.0
2025-06-12 07:51:00,51.6
2025-06-12 23:00:00,53.2
2025-06-12 22:30:00,50.3
2025-06-12 21:32:00,38.0
2025-06-12 19:11:00,48.6
2025-06-12 01:39:00,30.6
2025-06-12 15:36:00,18.5
2025-06-12 06:25:00,20.5
2025-06-12 01:21:00,52.3
2025-06-12 01:45:00,91.7
2025-06-12 02:15:00,99.4
2025-06-12 00:14:00,74.1
2025-06-12 01:48:00,44.4
2025-06-12 18:30:00,2.0
2025-06-12 00:12:00,23.1
2025-06-12 02:25:00,50.17466168922071
2025-06-12 07:37:00,6.0
2025-06-12 11:05:00,48.0
2025-06-12 22:54:00,50.17466168922071
2025-06-12 03:50:00,42.3
2025-06-12 21:50:00,91.1
2025-06-12 17:58:00,53.0
2025-06-12 09:30:00,2.6
2025-06-12 21:22:00,44.4
2025-06-12 16:19:00,3.0
2025-06-12 21:51:00,5.4
2025-06-12 19:38:00,24.5
2025-06-12 21:58:00,50.17466168922071
2025-06-12 16:11:00,68.3
2025-06-12 10:51:00,31.4
2025-06-12 13:05:00,47.3
2025-06-12 01:11:00,88.5
2025-06-12 13:50:00,3.5
2025-06-12 02:50:00,58.9
2025-06-12 22:44:00,66.9
2025-06-12 00:19:00,67.5
2025-06-12 00:10:00,97.4
2025-06-12 14:17:00,66.3
2025-06-12 02:41:00,57.0
2025-06-12 00:09:00,16.0
2025-06-12 01:49:00,53.7
2025-06-12 05:01:00,50.17466168922071
2025-06-12 05:46:00,70.3
2025-06-12 20:24:00,51.5
2025-06-12 03:36:00,95.2
2025-06-12 19:29:00,94.8
2025-06-12 21:00:00,95.8
2025-06-12 16:41:00,60.7
2025-06-12 15:27:00,47.5
2025-06-12 19:28:00,14.7
2025-06-12 20:31:00,55.9
2025-06-12 06:28:00,30.5
2025-06-12 07:54:00,25.6
2025-06-12 10:45:00,0.9
2025-06-12 12:12:00,64.9
2025-06-12 14:26:00,50.17466168922071
2025-06-12 05:58:00,66.1
2025-06-12 10:42:00,22.2
2025-06-12 11:58:00,44.7
2025-06-12 22:34:00,40.7
2025-06-12 00:05:00,29.4
2025-06-12 16:30:00,80.5
2025-06-12 11:09:00,56.4
2025-06-12 14:14:00,12.2
2025-06-12 12:34:00,73.2
2025-06-12 20:48:00,93.6
2025-06-12 02:23:00,92.0
2025-06-12 00:57:00,11.2
2025-06-12 14:34:00,71.8
2025-06-12 05:04:00,71.3
2025-06-12 08:48:00,42.9
2025-06-12 18:36:00,49.6
2025-06-12 21:14:00,10.6
2025-06-12 08:24:00,31.9
2025-06-12 15:16:00,58.8
2025-06-12 06:31:00,92.4
2025-06-12 10:12:00,36.1
2025-06-12 04:05:00,89.6
2025-06-12 04:47:00,91.4
2025-06-12 16:23:00,30.8
2025-06-12 10:55:00,71.7
2025-06-12 22:09:00,24.5
2025-06-12 20:43:00,81.2
2025-06-12 19:57:00,5.1
2025-06-12 11:14:00,74.1
2025-06-12 07:32:00,94.8
2025-06-12 15:08:00,83.7
2025-06-12 04:07:00,50.17466168922071
2025-06-12 02:42:00,26.5
2025-06-12 06:07:00,50.17466168922071
2025-06-12 17:01:00,11.0
2025-06-12 02:01:00,89.0
2025-06-12 02:09:00,81.7
2025-06-12 20:10:00,61.5
2025-06-12 07:47:00,50.17466168922071
2025-06-12 23:52:00,27.3
2025-06-12 15:54:00,20.5
2025-06-12 23:12:00,19.4
2025-06-12 23:20:00,44.8
2025-06-12 16:44:00,38.6
2025-06-12 20:55:00,54.7
2025-06-12 03:40:00,63.1
2025-06-12 23:25:00,55.7
2025-06-12 04:36:00,37.4
2025-06-12 05:37:00,2.1
2025-06-12 19:04:00,52.5
2025-06-12 04:06:00,50.1
2025-06-12 21:47:00,18.3
2025-06-12 13:31:00,71.6
2025-06-12 00:30:00,19.4
2025-06-12 23:21:00,46.6
2025-06-12 19:25:00,50.17466168922071
2025-06-12 22:47:00,24.7
2025-06-12 22:21:00,93.4
2025-06-12 13:48:00,66.2
2025-06-12 14:15:00,61.8
2025-06-12 05:10:00,37.3
2025-06-12 21:36:00,3.2
2025-06-12 14:16:00,92.5
2025-06-12 17:57:00,71.3
2025-06-12 15:38:00,57.4
2025-06-12 10:24:00,12.3
2025-06-12 06:36:00,19.3
2025-06-12 15:17:00,22.2
2025-06-12 22:57:00,8.6
2025-06-12 14:38:00,26.2
2025-06-12 14:28:00,52.6
2025-06-12 22:50:00,21.0
2025-06-12 21:33:00,67.9
2025-06-12 16:14:00,11.9
2025-06-12 09:14:00,67.5
2025-06-12 18:01:00,15.2
2025-06-12 12:26:00,74.9
2025-06-12 07:48:00,2.7
2025-06-12 21:01:00,6.9
2025-06-12 05:48:00,60.1
2025-06-12 07:59:00,38.3
2025-06-12 19:59:00,9.4
2025-06-12 12:57:00,47.5
2025-06-12 06:42:00,50.17466168922071
2025-06-12 08:25:00,41.8
2025-06-12 19:30:00,74.1
2025-06-12 15:04:00,42.6
2025-06-12 23:29:00,41.2
2025-06-12 02:57:00,39.7
2025-06-12 20:23:00,50.17466168922071
2025-06-12 13:08:00,84.2
2025-06-12 10:49:00,60.5
2025-06-12 15:00:00,50.17466168922071
2025-06-12 05:51:00,50.17466168922071
2025-06-12 16:07:00,50.17466168922071
2025-06-12 21:15:00,67.7
2025-06-12 18:14:00,99.8
2025-06-12 20:35:00,70.1
2025-06-12 06:20:00,84.2
2025-06-12 16:57:00,29.4
2025-06-12 17:55:00,10.1
2025-06-12 17:08:00,68.6
2025-06-12 11:13:00,50.17466168922071
2025-06-12 02:22:00,40.6
2025-06-12 06:23:00,3.6
2025-06-12 04:52:00,17.5
2025-06-12 20:49:00,22.4
2025-06-12 10:47:00,50.17466168922071
2025-06-12 16:45:00,86.8
2025-06-12 20:47:00,90.2
2025-06-12 10:56:00,77.6
2025-06-12 10:26:00,70.6
2025-06-12 08:31:00,93.1
2025-06-12 22:16:00,63.4
2025-06-12 19:22:00,81.6
2025-06-12 14:43:00,50.17466168922071
2025-06-12 09:01:00,78.5
2025-06-12 01:55:00,23.4
2025-06-12 02:34:00,73.8
2025-06-12 14:07:00,24.3
2025-06-12 15:29:00,27.6
2025-06-12 01:27:00,95.6
2025-06-12 01:35:00,45.0
2025-06-12 08:53:00,81.2
2025-06-12 13:17:00,74.3
2025-06-12 04:44:00,14.7
2025-06-12 03:23:00,63.6
2025-06-12 04:12:00,91.4
2025-06-12 19:26:00,98.7
2025-06-12 10:13:00,50.17466168922071
2025-06-12 06:27:00,83.2
2025-06-12 04:46:00,52.8
2025-06-12 00:23:00,5.9
2025-06-12 09:52:00,23.7
2025-06-12 15:23:00,92.6
2025-06-12 07:04:00,20.4
2025-06-12 10:04:00,54.3
2025-06-12 15:59:00,91.4
2025-06-12 19:43:00,71.6
2025-06-12 22:02:00,50.17466168922071
2025-06-12 20:37:00,30.6
2025-06-12 22:23:00,4.8
2025-06-12 03:01:00,79.1
2025-06-12 00:11:00,37.0
2025-06-12 00:24:00,10.8
2025-06-12 05:54:00,36.2
2025-06-12 17:26:00,50.17466168922071
2025-06-12 19:44:00,50.17466168922071
2025-06-12 13:27:00,14.1
2025-06-12 16:06:00,42.2
2025-06-12 11:52:00,3.8
2025-06-12 10:10:00,71.9
2025-06-12 09:56:00,50.6
2025-06-12 00:56:00,2.4
2025-06-12 03:48:00,62.8
2025-06-12 15:26:00,49.9
2025-06-12 19:18:00,22.0
2025-06-12 04:01:00,50.17466168922071
2025-06-12 21:21:00,75.1
2025-06-12 00:55:00,71.1
2025-06-12 18:05:00,35.1
2025-06-12 11:59:00,65.5
2025-06-12 17:41:00,50.17466168922071
2025-06-12 00:27:00,50.17466168922071
2025-06-12 12:29:00,25.8
2025-06-12 00:43:00,5.0
2025-06-12 17:29:00,30.9
2025-06-12 09:40:00,23.8
2025-06-12 23:34:00,74.9
2025-06-12 13:45:00,18.2
2025-06-12 08:37:00,82.4
2025-06-12 02:56:00,18.4
2025-06-12 16:18:00,76.3
2025-06-12 17:54:00,58.5
2025-06-12 13:02:00,85.0
2025-06-12 20:29:00,50.17466168922071
2025-06-12 14:29:00,86.3
2025-06-12 09:07:00,28.5
2025-06-12 04:40:00,46.7
2025-06-12 03:41:00,55.0
2025-06-12 16:09:00,16.5
2025-06-12 21:29:00,21.1
2025-06-12 04:10:00,25.5
2025-06-12 03:02:00,50.17466168922071
2025-06-12 18:57:00,50.17466168922071
2025-06-12 21:03:00,36.9
2025-06-12 15:43:00,30.5
2025-06-12 12:14:00,9.0
2025-06-12 02:46:00,23.9
2025-06-12 19:33:00,52.1
2025-06-12 20:14:00,75.3
2025-06-12 22:41:00,93.7
2025-06-12 16:20:00,28.2
2025-06-12 07:05:00,50.17466168922071
2025-06-12 12:22:00,41.7
2025-06-12 18:20:00,84.5
2025-06-12 15:56:00,84.7
2025-06-12 09:37:00,4.8
2025-06-12 10:39:00,73.2
2025-06-12 18:27:00,18.1
2025-06-12 09:17:00,68.6
2025-06-12 00:40:00,4.8
2025-06-12 12:25:00,50.17466168922071
2025-06-12 04:25:00,83.7
2025-06-12 22:51:00,3.1
2025-06-12 02:17:00,40.2
2025-06-12 09:43:00,54.9
2025-06-12 20:53:00,50.17466168922071
2025-06-12 13:11:00,23.8
2025-06-12 23:18:00,44.3
2025-06-12 11:19:00,50.17466168922071
2025-06-12 11:30:00,50.17466168922071
2025-06-12 15:25:00,77.7
2025-06-12 18:18:00,27.8
2025-06-12 10:33:00,34.2
2025-06-12 12:07:00,81.9
2025-06-12 18:49:00,97.1
2025-06-12 06:49:00,56.6
2025-06-12 09:00:00,78.3
2025-06-12 16:26:00,31.5
2025-06-12 09:46:00,51.4
2025-06-12 08:01:00,58.0
2025-06-12 01:52:00,92.3
2025-06-12 11:43:00,14.3
2025-06-12 13:49:00,34.6
2025-06-12 18:39:00,1.9
2025-06-12 01:00:00,11.8
2025-06-12 02:04:00,97.1
2025-06-12 16:35:00,15.4
2025-06-12 14:51:00,52.6
2025-06-12 06:29:00,50.17466168922071
2025-06-12 05:53:00,34.9
2025-06-12 22:13:00,50.17466168922071
2025-06-12 18:48:00,50.17466168922071
2025-06-12 11:23:00,90.9
2025-06-12 10:16:00,21.7
2025-06-12 10:34:00,78.1
2025-06-12 10:03:00,39.8
2025-06-12 12:04:00,9.1
2025-06-12 04:51:00,21.9
2025-06-12 01:12:00,96.7
2025-06-12 10:32:00,64.4
2025-06-12 03:11:00,60.4
2025-06-12 16:54:00,92.5
2025-06-12 04:42:00,50.17466168922071
2025-06-12 03:15:00,41.1
2025-06-12 03:44:00,80.7
2025-06-12 13:00:00,50.17466168922071
2025-06-12 12:00:00,33.4
2025-06-12 13:15:00,93.3
2025-06-12 15:48:00,87.3
2025-06-12 16:28:00,33.2
2025-06-12 21:17:00,49.28634215500945
2025-06-12 08:03:00,16.3
2025-06-12 23:13:00,99.4
2025-06-12 01:23:00,18.8
2025-06-12 10:18:00,63.2
2025-06-12 18:02:00,49.28634215500945
2025-06-12 15:56:00,97.5
2025-06-12 00:24:00,6.2
2025-06-12 04:18:00,62.6
2025-06-12 03:31:00,20.4
2025-06-12 18:30:00,58.0
2025-06-12 00:36:00,39.3
2025-06-12 21:09:00,3.3
2025-06-12 22:14:00,7.4
2025-06-12 13:03:00,13.2
2025-06-12 07:54:00,59.8
2025-06-12 17:41:00,49.28634215500945
2025-06-12 10:39:00,55.0
2025-06-12 06:30:00,24.2
2025-06-12 01:50:00,67.2
2025-06-12 07:55:00,49.28634215500945
2025-06-12 13:16:00,93.3
2025-06-12 18:25:00,49.28634215500945
2025-06-12 03:51:00,26.0
2025-06-12 12:18:00,54.2
2025-06-12 03:08:00,40.2
2025-06-12 21:34:00,63.8
2025-06-12 22:35:00,95.2
2025-06-12 08:15:00,70.7
2025-06-12 08:11:00,93.9
2025-06-12 14:42:00,45.8
2025-06-12 10:20:00,8.8
2025-06-12 12:20:00,10.5
2025-06-12 20:00:00,87.4
2025-06-12 08:24:00,49.28634215500945
2025-06-12 00:53:00,26.7
2025-06-12 13:46:00,49.28634215500945
2025-06-12 19:10:00,31.0
2025-06-12 10:42:00,49.28634215500945
2025-06-12 07:32:00,23.6
2025-06-12 19:45:00,34.0
2025-06-12 16:43:00,97.7
2025-06-12 03:36:00,16.8
2025-06-12 02:56:00,14.5
2025-06-12 03:45:00,49.28634215500945
2025-06-12 01:45:00,33.5
2025-06-12 06:58:00,62.3
2025-06-12 22:25:00,61.9
2025-06-12 14:00:00,25.3
2025-06-12 00:02:00,72.1
2025-06-12 19:35:00,11.4
2025-06-12 16:49:00,13.1
2025-06-12 04:01:00,49.28634215500945
2025-06-12 14:58:00,22.3
2025-06-12 21:32:00,49.28634215500945
2025-06-12 20:50:00,34.0
2025-06-12 02:29:00,2.5
2025-06-12 22:08:00,30.4
2025-06-12 19:31:00,45.2
2025-06-12 10:50:00,49.28634215500945
2025-06-12 02:10:00,56.0
2025-06-12 01:24:00,71.1
2025-06-12 11:05:00,19.8
2025-06-12 12:36:00,47.2
2025-06-12 09:45:00,39.4
2025-06-12 15:30:00,49.28634215500945
2025-06-12 12:14:00,4.7
2025-06-12 13:52:00,32.8
2025-06-12 09:27:00,49.28634215500945
2025-06-12 02:40:00,39.5
2025-06-12 17:56:00,52.7
2025-06-12 12:33:00,49.28634215500945
2025-06-12 18:48:00,49.9
2025-06-12 06:16:00,29.9
2025-06-12 23:17:00,72.2
2025-06-12 06:39:00,47.5
2025-06-12 06:40:00,45.6
2025-06-12 22:59:00,87.0
2025-06-12 00:20:00,89.7
2025-06-12 10:41:00,47.7
2025-06-12 10:14:00,86.3
2025-06-12 16:07:00,49.28634215500945
2025-06-12 23:58:00,72.0
2025-06-12 18:51:00,68.5
2025-06-12 19:49:00,77.9
2025-06-12 08:18:00,95.1
2025-06-12 23:10:00,94.7
2025-06-12 19:38:00,48.8
2025-06-12 14:49:00,61.1
2025-06-12 15:03:00,24.0
2025-06-12 20:56:00,53.1
2025-06-12 09:37:00,49.28634215500945
2025-06-12 16:40:00,2.8
2025-06-12 09:15:00,58.4
2025-06-12 10:47:00,92.2
2025-06-12 11:26:00,67.2
2025-06-12 19:43:00,98.4
2025-06-12 17:17:00,42.6
2025-06-12 08:00:00,77.9
2025-06-12 22:46:00,78.9
2025-06-12 23:59:00,16.0
2025-06-12 01:39:00,49.28634215500945
2025-06-12 17:29:00,27.2
2025-06-12 04:27:00,13.7
2025-06-12 05:24:00,66.7
2025-06-12 04:02:00,49.28634215500945
2025-06-12 19:00:00,52.9
2025-06-12 15:06:00,49.28634215500945
2025-06-12 05:58:00,49.28634215500945
2025-06-12 10:45:00,49.28634215500945
2025-06-12 11:19:00,49.28634215500945
2025-06-12 19:17:00,24.3
2025-06-12 12:04:00,88.5
2025-06-12 08:39:00,50.6
2025-06-12 00:48:00,1.6
2025-06-12 03:38:00,80.4
2025-06-12 23:48:00,42.7
2025-06-12 16:18:00,40.3
2025-06-12 07:14:00,30.2
2025-06-12 13:31:00,49.28634215500945
2025-06-12 18:59:00,52.1
2025-06-12 04:19:00,97.6
2025-06-12 00:55:00,92.0
2025-06-12 09:02:00,49.28634215500945
2025-06-12 23:03:00,38.6
2025-06-12 17:37:00,89.9
2025-06-12 13:17:00,41.9
2025-06-12 15:04:00,51.9
2025-06-12 15:45:00,41.7
2025-06-12 07:36:00,15.9
2025-06-12 18:44:00,6.4
2025-06-12 16:00:00,9.4
2025-06-12 17:20:00,33.8
2025-06-12 09:50:00,35.0
2025-06-12 22:55:00,84.8
2025-06-12 15:02:00,49.28634215500945
2025-06-12 18:36:00,43.4
2025-06-12 18:53:00,12.1
2025-06-12 21:42:00,79.1
2025-06-12 19:11:00,9.9
2025-06-12 13:34:00,67.5
2025-06-12 05:25:00,60.0
2025-06-12 02:23:00,20.0
2025-06-12 13:04:00,72.2
2025-06-12 07:53:00,49.28634215500945
2025-06-12 03:56:00,9.5
2025-06-12 03:47:00,24.3
2025-06-12 20:10:00,99.4
2025-06-12 08:53:00,50.1
2025-06-12 22:31:00,62.9
2025-06-12 18:17:00,96.2
2025-06-12 13:47:00,86.4
2025-06-12 02:43:00,49.28634215500945
2025-06-12 17:36:00,49.28634215500945
2025-06-12 12:07:00,35.1
2025-06-12 10:30:00,39.3
2025-06-12 22:12:00,16.8
2025-06-12 17:27:00,64.1
2025-06-12 23:14:00,81.2
2025-06-12 15:14:00,9.5
2025-06-12 23:11:00,49.28634215500945
2025-06-12 05:16:00,49.28634215500945
2025-06-12 03:58:00,49.28634215500945
2025-06-12 07:19:00,23.4
2025-06-12 21:19:00,38.9
2025-06-12 02:57:00,82.6
2025-06-12 14:01:00,20.0
2025-06-12 01:00:00,66.0
2025-06-12 17:47:00,49.28634215500945
2025-06-12 00:11:00,94.6
2025-06-12 21:16:00,12.6
2025-06-12 13:41:00,65.4
2025-06-12 22:18:00,57.6
2025-06-12 14:10:00,99.6
2025-06-12 07:27:00,31.1
2025-06-12 01:29:00,49.28634215500945
2025-06-12 02:31:00,49.28634215500945
2025-06-12 19:25:00,49.28634215500945
2025-06-12 15:32:00,49.28634215500945
2025-06-12 02:11:00,27.5
2025-06-12 11:12:00,43.0
2025-06-12 06:11:00,34.4
2025-06-12 18:20:00,69.5
2025-06-12 04:31:00,60.6
2025-06-12 06:43:00,49.28634215500945
2025-06-12 10:56:00,92.6
2025-06-12 11:58:00,59.1
2025-06-12 23:29:00,15.3
2025-06-12 23:49:00,39.7
2025-06-12 15:39:00,16.8
2025-06-12 02:46:00,88.7
2025-06-12 17:18:00,49.28634215500945
2025-06-12 17:34:00,70.9
2025-06-12 19:32:00,6.6
2025-06-12 14:02:00,0.3
2025-06-12 17:55:00,49.28634215500945
2025-06-12 05:40:00,7.8
2025-06-12 00:05:00,44.6
2025-06-12 08:51:00,31.2
2025-06-12 22:10:00,86.0
2025-06-12 21:27:00,18.4
2025-06-12 00:58:00,18.1
2025-06-12 13:56:00,53.9
2025-06-12 01:48:00,88.4
2025-06-12 06:32:00,74.8
2025-06-12 06:42:00,43.7
2025-06-12 01:19:00,72.4
2025-06-12 14:37:00,49.28634215500945
2025-06-12 05:44:00,34.2
2025-06-12 03:15:00,28.7
2025-06-12 02:20:00,49.28634215500945
2025-06-12 09:11:00,25.1
2025-06-12 20:17:00,72.4
2025-06-12 01:15:00,29.8
2025-06-12 14:28:00,49.28634215500945
2025-06-12 15:09:00,9.5
2025-06-12 04:06:00,65.6
2025-06-12 10:33:00,75.8
2025-06-12 15:42:00,68.3
2025-06-12 12:50:00,6.9
2025-06-12 06:01:00,49.28634215500945
2025-06-12 22:37:00,78.7
2025-06-12 05:39:00,37.2
2025-06-12 01:37:00,93.3
2025-06-12 03:04:00,44.8
2025-06-12 14:11:00,49.28634215500945
2025-06-12 01:31:00,71.5
2025-06-12 02:02:00,58.1
2025-06-12 20:04:00,49.28634215500945
2025-06-12 03:39:00,44.6
2025-06-12 00:14:00,48.5
2025-06-12 14:46:00,75.8
2025-06-12 21:46:00,44.3
2025-06-12 09:34:00,42.1
2025-06-12 05:37:00,49.28634215500945
2025-06-12 13:09:00,30.2
2025-06-12 04:53:00,97.0
2025-06-12 09:14:00,24.1
2025-06-12 11:13:00,95.6
2025-06-12 04:38:00,60.1
2025-06-12 06:21:00,4.4
2025-06-12 16:48:00,2.4
2025-06-12 09:33:00,72.5
2025-06-12 04:39:00,26.4
2025-06-12 20:06:00,49.28634215500945
2025-06-12 03:54:00,49.28634215500945
2025-06-12 15:08:00,4.2
2025-06-12 20:57:00,3.8
2025-06-12 17:16:00,36.9
2025-06-12 05:33:00,78.0
2025-06-12 00:18:00,21.4
2025-06-12 16:22:00,75.0
2025-06-12 16:17:00,37.1
2025-06-12 03:42:00,58.6
2025-06-12 07:31:00,80.8
2025-06-12 17:05:00,49.28634215500945
2025-06-12 16:53:00,6.9
2025-06-12 06:13:00,92.3
2025-06-12 03:59:00,49.28634215500945
2025-06-12 21:30:00,56.0
2025-06-12 11:41:00,40.8
2025-06-12 15:16:00,15.2
2025-06-12 08:25:00,39.4
2025-06-12 22:50:00,91.8
2025-06-12 06:52:00,20.6
2025-06-12 12:39:00,64.3
2025-06-12 21:07:00,34.4
2025-06-12 06:44:00,42.3
2025-06-12 08:35:00,17.0
2025-06-12 06:49:00,81.5
2025-06-12 23:57:00,46.8
2025-06-12 19:46:00,49.28634215500945
2025-06-12 04:04:00,49.28634215500945
2025-06-12 13:37:00,49.28634215500945
2025-06-12 20:26:00,18.4
2025-06-12 05:07:00,51.3
2025-06-12 11:49:00,25.4
2025-06-12 19:42:00,79.3
2025-06-12 16:46:00,47.9
2025-06-12 23:04:00,13.7
2025-06-12 11:10:00,49.28634215500945
2025-06-12 17:44:00,33.7
2025-06-12 17:53:00,90.6
2025-06-12 06:57:00,49.28634215500945
2025-06-12 12:54:00,51.5
2025-06-12 14:54:00,28.4
2025-06-12 11:35:00,93.8
2025-06-12 00:21:00,70.2
2025-06-12 14:39:00,49.28634215500945
2025-06-12 02:09:00,19.0
2025-06-12 23:35:00,29.8
2025-06-12 00:40:00,51.7
2025-06-12 08:30:00,49.28634215500945
2025-06-12 04:44:00,49.28634215500945
2025-06-12 22:57:00,99.3
2025-06-12 02:53:00,73.4
2025-06-12 23:25:00,20.5
2025-06-12 13:43:00,49.28634215500945
2025-06-12 01:17:00,61.3
2025-06-12 15:55:00,5.7
2025-06-12 08:46:00,49.28634215500945
2025-06-12 08:52:00,38.5
2025-06-12 15:15:00,97.5
2025-06-12 19:01:00,85.2
2025-06-12 15:37:00,72.4
2025-06-12 11:08:00,49.28634215500945
2025-06-12 21:04:00,59.8
2025-06-12 20:33:00,13.5
2025-06-12 19:11:00,41.2
2025-06-12 07:23:00,37.4
2025-06-12 00:30:00,32.7
2025-06-12 10:06:00,51.8
2025-06-12 16:10:00,28.0
2025-06-12 10:22:00,42.3
2025-06-12 08:21:00,41.8
2025-06-12 07:56:00,50.0812925170068
2025-06-12 17:21:00,1.6
2025-06-12 16:36:00,26.8
2025-06-12 21:16:00,81.7
2025-06-12 10:39:00,27.3
2025-06-12 19:55:00,91.7
2025-06-12 00:02:00,69.0
2025-06-12 21:14:00,71.0
2025-06-12 04:16:00,64.0
2025-06-12 12:31:00,99.5
2025-06-12 06:51:00,16.5
2025-06-12 02:57:00,58.1
2025-06-12 08:22:00,12.1
2025-06-12 03:21:00,52.3
2025-06-12 16:47:00,5.0
2025-06-12 02:37:00,64.5
2025-06-12 15:50:00,94.5
2025-06-12 11:55:00,70.1
2025-06-12 03:30:00,96.1
2025-06-12 09:16:00,34.0
2025-06-12 23:47:00,50.0812925170068
2025-06-12 13:42:00,94.7
2025-06-12 04:21:00,26.8
2025-06-12 03:43:00,3.6
2025-06-12 09:04:00,77.5
2025-06-12 20:47:00,55.8
2025-06-12 01:33:00,67.9
2025-06-12 01:51:00,94.2
2025-06-12 06:43:00,4.1
2025-06-12 08:53:00,68.1
2025-06-12 08:16:00,7.6
2025-06-12 20:43:00,3.4
2025-06-12 15:25:00,98.0
2025-06-12 05:30:00,50.0812925170068
2025-06-12 22:57:00,77.6
2025-06-12 17:14:00,21.7
2025-06-12 17:09:00,49.3
2025-06-12 21:29:00,60.4
2025-06-12 19:01:00,39.9
2025-06-12 22:04:00,8.9
2025-06-12 21:59:00,77.8
2025-06-12 17:02:00,50.0812925170068
2025-06-12 19:14:00,75.3
2025-06-12 17:55:00,50.0812925170068
2025-06-12 13:25:00,3.3
2025-06-12 08:29:00,28.0
2025-06-12 09:17:00,81.7
2025-06-12 13:02:00,69.9
2025-06-12 00:57:00,61.8
2025-06-12 13:45:00,84.0
2025-06-12 00:12:00,93.3
2025-06-12 22:08:00,99.2
2025-06-12 05:21:00,72.0
2025-06-12 02:25:00,52.1
2025-06-12 17:04:00,11.1
2025-06-12 01:34:00,46.8
2025-06-12 12:03:00,67.4
2025-06-12 02:50:00,50.0812925170068
2025-06-12 10:27:00,77.4
2025-06-12 18:42:00,77.0
2025-06-12 06:18:00,66.3
2025-06-12 23:25:00,38.7
2025-06-12 16:56:00,4.9
2025-06-12 22:49:00,5.6
2025-06-12 02:45:00,50.0812925170068
2025-06-12 00:26:00,50.0812925170068
2025-06-12 09:43:00,5.5
2025-06-12 20:31:00,37.4
2025-06-12 20:21:00,12.7
2025-06-12 02:28:00,72.2
2025-06-12 16:33:00,89.4
2025-06-12 03:10:00,67.3
2025-06-12 22:59:00,5.4
2025-06-12 23:07:00,71.5
2025-06-12 19:04:00,77.6
2025-06-12 20:59:00,35.2
2025-06-12 01:50:00,50.0812925170068
2025-06-12 20:04:00,13.8
2025-06-12 12:20:00,23.4
2025-06-12 03:23:00,38.3
2025-06-12 04:26:00,64.1
2025-06-12 19:36:00,58.1
2025-06-12 17:54:00,35.7
2025-06-12 04:13:00,69.5
2025-06-12 10:47:00,50.0812925170068
2025-06-12 22:01:00,96.3
2025-06-12 06:56:00,62.1
2025-06-12 22:20:00,28.6
2025-06-12 17:27:00,0.5
2025-06-12 04:05:00,56.7
2025-06-12 11:47:00,84.2
2025-06-12 11:50:00,50.0812925170068
2025-06-12 04:06:00,61.6
2025-06-12 11:51:00,57.3
2025-06-12 07:59:00,72.1
2025-06-12 04:19:00,33.6
2025-06-12 12:59:00,39.5
2025-06-12 22:23:00,88.2
2025-06-12 17:10:00,46.8
2025-06-12 07:29:00,6.2
2025-06-12 08:08:00,93.0
2025-06-12 18:16:00,69.0
2025-06-12 02:10:00,71.5
2025-06-12 22:53:00,50.0812925170068
2025-06-12 05:53:00,82.3
2025-06-12 21:12:00,33.8
2025-06-12 11:53:00,91.5
2025-06-12 19:40:00,97.6
2025-06-12 08:20:00,40.0
2025-06-12 21:56:00,59.8
2025-06-12 12:01:00,92.0
2025-06-12 21:07:00,35.5
2025-06-12 23:27:00,44.9
2025-06-12 11:58:00,16.3
2025-06-12 08:28:00,81.7
2025-06-12 20:20:00,80.5
2025-06-12 22:52:00,93.2
2025-06-12 19:32:00,20.7
2025-06-12 03:04:00,32.4
2025-06-12 15:02:00,91.5
2025-06-12 09:14:00,26.6
2025-06-12 05:39:00,45.9
2025-06-12 04:09:00,69.4
2025-06-12 14:22:00,76.9
2025-06-12 08:40:00,61.9
2025-06-12 18:03:00,5.7
2025-06-12 21:23:00,58.6
2025-06-12 10:36:00,26.6
2025-06-12 09:58:00,12.4
2025-06-12 16:01:00,81.3
2025-06-12 15:21:00,20.8
2025-06-12 22:13:00,22.7
2025-06-12 11:06:00,60.7
2025-06-12 23:33:00,50.0812925170068
2025-06-12 09:29:00,7.6
2025-06-12 01:20:00,12.4
2025-06-12 04:17:00,53.2
2025-06-12 14:17:00,8.0
2025-06-12 07:09:00,30.8
2025-06-12 13:35:00,36.8
2025-06-12 13:22:00,81.7
2025-06-12 15:55:00,28.8
2025-06-12 10:23:00,8.2
2025-06-12 21:03:00,76.8
2025-06-12 22:37:00,28.9
2025-06-12 01:00:00,8.8
2025-06-12 07:35:00,23.5
2025-06-12 01:52:00,82.8
2025-06-12 03:32:00,81.9
2025-06-12 05:45:00,32.7
2025-06-12 23:58:00,22.1
2025-06-12 11:45:00,6.2
2025-06-12 21:20:00,82.0
2025-06-12 19:09:00,75.2
2025-06-12 20:19:00,44.2
2025-06-12 02:13:00,55.9
2025-06-12 04:58:00,64.8
2025-06-12 13:58:00,60.6
2025-06-12 14:31:00,53.5
2025-06-12 16:26:00,46.6
2025-06-12 10:00:00,41.2
2025-06-12 03:02:00,65.5
2025-06-12 01:46:00,50.0812925170068
2025-06-12 12:50:00,62.2
2025-06-12 05:13:00,17.9
2025-06-12 06:59:00,53.8
2025-06-12 08:39:00,11.5
2025-06-12 14:04:00,66.1
2025-06-12 21:28:00,50.0812925170068
2025-06-12 09:12:00,57.7
2025-06-12 16:46:00,28.5
2025-06-12 20:18:00,30.8
2025-06-12 09:51:00,36.4
2025-06-12 03:25:00,82.3
2025-06-12 07:47:00,77.4
2025-06-12 11:34:00,67.7
2025-06-12 23:35:00,43.2
2025-06-12 03:29:00,2.3
2025-06-12 14:55:00,15.2
2025-06-12 07:01:00,97.1
2025-06-12 03:55:00,45.7
2025-06-12 00:52:00,50.0812925170068
2025-06-12 08:14:00,91.0
2025-06-12 15:59:00,50.0812925170068
2025-06-12 10:45:00,26.7
2025-06-12 04:41:00,30.8
2025-06-12 15:42:00,4.4
2025-06-12 16:11:00,4.3
2025-06-12 05:04:00,71.0
2025-06-12 00:44:00,50.0812925170068
2025-06-12 01:09:00,50.0812925170068
2025-06-12 14:00:00,14.9
2025-06-12 08:44:00,0.4
2025-06-12 19:31:00,6.2
2025-06-12 23:37:00,53.4
2025-06-12 08:19:00,50.0812925170068
2025-06-12 14:29:00,5.7
2025-06-12 01:28:00,73.6
2025-06-12 12:16:00,24.7
2025-06-12 13:53:00,16.5
2025-06-12 15:36:00,63.7
2025-06-12 17:12:00,47.1
2025-06-12 00:59:00,81.8
2025-06-12 16:06:00,62.7
2025-06-12 12:56:00,29.9
2025-06-12 21:30:00,51.0
2025-06-12 19:18:00,50.0812925170068
2025-06-12 02:11:00,31.5
2025-06-12 07:27:00,43.8
2025-06-12 14:13:00,19.2
2025-06-12 20:09:00,91.5
2025-06-12 19:48:00,17.6
2025-06-12 22:12:00,67.4
2025-06-12 08:01:00,33.6
2025-06-12 05:08:00,20.8
2025-06-12 00:09:00,34.2
2025-06-12 03:44:00,32.0
2025-06-12 08:11:00,51.8
2025-06-12 13:55:00,14.7
2025-06-12 03:24:00,28.1
2025-06-12 04:01:00,3.6
2025-06-12 15:28:00,39.3
2025-06-12 01:48:00,93.8
2025-06-12 08:54:00,64.8
2025-06-12 20:42:00,50.0812925170068
2025-06-12 08:06:00,2.5
2025-06-12 13:24:00,41.3
2025-06-12 23:05:00,50.0812925170068
2025-06-12 22:02:00,49.0
2025-06-12 22:46:00,3.6
2025-06-12 06:26:00,1.1
2025-06-12 18:18:00,50.6
2025-06-12 10:29:00,34.0
2025-06-12 23:11:00,68.2
2025-06-12 14:09:00,73.4
2025-06-12 12:34:00,49.7
2025-06-12 23:04:00,85.7
2025-06-12 08:09:00,44.5
2025-06-12 04:11:00,50.0812925170068
2025-06-12 16:07:00,91.7
2025-06-12 12:09:00,50.0812925170068
2025-06-12 18:31:00,9.2
2025-06-12 03:01:00,50.0812925170068
2025-06-12 02:05:00,77.6
2025-06-12 07:25:00,50.0812925170068
2025-06-12 02:14:00,61.8
2025-06-12 10:48:00,21.9
2025-06-12 03:26:00,0.7
2025-06-12 16:54:00,50.0812925170068
2025-06-12 18:51:00,50.0812925170068
2025-06-12 11:13:00,87.2
2025-06-12 14:56:00,24.1
2025-06-12 04:33:00,17.8
2025-06-12 02:34:00,23.6
2025-06-12 09:55:00,20.5
2025-06-12 09:21:00,6.2
2025-06-12 11:31:00,69.6
2025-06-12 17:08:00,54.4
2025-06-12 07:14:00,50.0812925170068
2025-06-12 03:22:00,60.8
2025-06-12 15:29:00,50.0812925170068
2025-06-12 12:52:00,98.4
2025-06-12 15:46:00,70.1
2025-06-12 05:15:00,82.2
2025-06-12 04:44:00,50.0812925170068
2025-06-12 05:24:00,67.1
2025-06-12 04:00:00,86.2
2025-06-12 06:40:00,84.8
2025-06-12 10:43:00,97.1
2025-06-12 14:32:00,50.0812925170068
2025-06-12 04:25:00,88.3
2025-06-12 08:18:00,48.8
2025-06-12 11:22:00,75.8
2025-06-12 03:34:00,36.9
2025-06-12 05:16:00,45.3
2025-06-12 11:26:00,41.4
2025-06-12 15:40:00,36.6
2025-06-12 22:06:00,1.3
2025-06-12 09:47:00,51.1
2025-06-12 16:48:00,49.0
2025-06-12 23:01:00,74.8
2025-06-12 23:31:00,50.0812925170068
2025-06-12 00:53:00,75.8
2025-06-12 18:39:00,50.0812925170068
2025-06-12 11:38:00,82.3
2025-06-12 15:35:00,39.6
2025-06-12 10:03:00,50.0812925170068
2025-06-12 13:47:00,65.8
2025-06-12 22:44:00,96.1
2025-06-12 10:13:00,8.3
2025-06-12 22:22:00,84.3
2025-06-12 01:36:00,33.4
2025-06-12 04:06:00,23.9
2025-06-12 10:13:00,27.7
2025-06-12 22:22:00,5.5
2025-06-12 17:59:00,98.7
2025-06-12 00:00:00,80.2
2025-06-12 20:20:00,49.63695830886671
2025-06-12 03:34:00,59.3
2025-06-12 00:42:00,85.0
2025-06-12 23:39:00,66.8
2025-06-12 12:06:00,99.2
2025-06-12 08:38:00,71.8
2025-06-12 03:32:00,71.7
2025-06-12 18:06:00,68.9
2025-06-12 18:19:00,79.7
2025-06-12 02:12:00,49.63695830886671
2025-06-12 08:47:00,58.8
2025-06-12 18:11:00,12.1
2025-06-12 23:32:00,16.6
2025-06-12 16:29:00,57.0
2025-06-12 21:03:00,6.0
2025-06-12 10:28:00,49.63695830886671
2025-06-12 07:00:00,61.4
2025-06-12 19:16:00,38.4
2025-06-12 19:36:00,87.8
2025-06-12 14:37:00,92.1
2025-06-12 11:17:00,28.7
2025-06-12 20:01:00,49.63695830886671
2025-06-12 09:16:00,36.2
2025-06-12 19:54:00,17.0
2025-06-12 11:49:00,18.3
2025-06-12 12:52:00,1.5
2025-06-12 10:39:00,49.63695830886671
2025-06-12 05:59:00,40.3
2025-06-12 22:59:00,75.3
2025-06-12 09:17:00,75.7
2025-06-12 01:51:00,20.8
2025-06-12 19:38:00,94.2
2025-06-12 11:33:00,26.7
2025-06-12 23:55:00,30.8
2025-06-12 15:52:00,48.9
2025-06-12 05:56:00,23.0
2025-06-12 16:22:00,13.3
2025-06-12 01:47:00,58.6
2025-06-12 12:54:00,32.4
2025-06-12 14:12:00,55.5
2025-06-12 06:31:00,38.8
2025-06-12 13:32:00,69.6
2025-06-12 16:21:00,68.3
2025-06-12 08:10:00,83.2
2025-06-12 21:05:00,82.2
2025-06-12 11:36:00,39.5
2025-06-12 10:04:00,60.1
2025-06-12 01:26:00,32.7
2025-06-12 22:49:00,57.3
2025-06-12 14:40:00,86.2
2025-06-12 05:32:00,37.4
2025-06-12 13:49:00,40.2
2025-06-12 16:28:00,39.0
2025-06-12 05:37:00,46.1
2025-06-12 03:14:00,76.4
2025-06-12 13:22:00,44.9
2025-06-12 03:35:00,30.6
2025-06-12 01:19:00,30.5
2025-06-12 22:35:00,38.8
2025-06-12 23:29:00,57.6
2025-06-12 13:50:00,18.6
2025-06-12 08:42:00,82.5
2025-06-12 07:50:00,72.7
2025-06-12 09:51:00,32.6
2025-06-12 02:05:00,84.4
2025-06-12 18:38:00,30.4
2025-06-12 00:11:00,72.1
2025-06-12 22:09:00,81.4
2025-06-12 11:46:00,68.5
2025-06-12 07:29:00,72.0
2025-06-12 05:38:00,19.7
2025-06-12 10:23:00,35.9
2025-06-12 11:20:00,36.1
2025-06-12 17:46:00,73.8
2025-06-12 17:38:00,50.3
2025-06-12 06:34:00,69.7
2025-06-12 08:22:00,86.0
2025-06-12 12:24:00,55.2
2025-06-12 07:39:00,0.9
2025-06-12 01:52:00,57.0
2025-06-12 00:14:00,1.5
2025-06-12 04:46:00,49.63695830886671
2025-06-12 22:11:00,49.63695830886671
2025-06-12 04:45:00,83.6
2025-06-12 19:46:00,49.63695830886671
2025-06-12 21:32:00,15.6
2025-06-12 05:24:00,47.4
2025-06-12 02:25:00,25.9
2025-06-12 10:14:00,33.7
2025-06-12 21:35:00,13.7
2025-06-12 07:43:00,67.5
2025-06-12 17:06:00,68.0
2025-06-12 10:07:00,80.2
2025-06-12 03:28:00,49.63695830886671
2025-06-12 08:49:00,21.3
2025-06-12 08:02:00,54.2
2025-06-12 07:42:00,15.5
2025-06-12 20:53:00,48.1
2025-06-12 13:17:00,13.4
2025-06-12 23:54:00,94.2
2025-06-12 03:49:00,66.8
2025-06-12 19:34:00,33.8
2025-06-12 01:40:00,8.0
2025-06-12 07:36:00,98.6
2025-06-12 23:14:00,49.63695830886671
2025-06-12 13:18:00,62.2
2025-06-12 20:33:00,85.0
2025-06-12 10:59:00,49.63695830886671
2025-06-12 06:06:00,89.3
2025-06-12 06:47:00,12.6
2025-06-12 05:44:00,36.2
2025-06-12 03:44:00,49.2
2025-06-12 07:09:00,59.6
2025-06-12 06:01:00,1.4
2025-06-12 13:27:00,22.6
2025-06-12 20:28:00,50.7
2025-06-12 01:17:00,67.7
2025-06-12 18:51:00,91.2
2025-06-12 13:47:00,49.63695830886671
2025-06-12 16:14:00,94.6
2025-06-12 17:53:00,50.1
2025-06-12 17:07:00,5.9
2025-06-12 09:14:00,28.1
2025-06-12 10:24:00,29.9
2025-06-12 08:46:00,72.3
2025-06-12 09:06:00,20.2
2025-06-12 22:12:00,82.4
2025-06-12 23:43:00,24.1
2025-06-12 09:41:00,34.0
2025-06-12 10:52:00,23.7
2025-06-12 00:05:00,10.7
2025-06-12 04:24:00,49.63695830886671
2025-06-12 00:27:00,88.5
2025-06-12 00:21:00,98.1
2025-06-12 10:45:00,2.2
2025-06-12 02:27:00,49.63695830886671
2025-06-12 17:56:00,78.2
2025-06-12 13:48:00,86.0
2025-06-12 00:47:00,45.2
2025-06-12 06:54:00,59.7
2025-06-12 11:08:00,83.0
2025-06-12 06:35:00,73.9
2025-06-12 20:24:00,3.6
2025-06-12 03:56:00,25.9
2025-06-12 02:00:00,86.6
2025-06-12 12:37:00,49.63695830886671
2025-06-12 08:32:00,27.9
2025-06-12 08:15:00,49.63695830886671
2025-06-12 18:50:00,7.1
2025-06-12 18:12:00,87.0
2025-06-12 08:41:00,38.1
2025-06-12 08:55:00,12.7
2025-06-12 07:52:00,1.9
2025-06-12 05:04:00,5.5
2025-06-12 09:39:00,61.9
2025-06-12 17:09:00,79.6
2025-06-12 01:44:00,49.63695830886671
2025-06-12 16:54:00,96.3
2025-06-12 01:56:00,49.63695830886671
2025-06-12 18:09:00,33.7
2025-06-12 10:19:00,73.8
2025-06-12 05:07:00,64.8
2025-06-12 15:55:00,56.1
2025-06-12 13:19:00,4.4
2025-06-12 07:44:00,84.0
2025-06-12 18:55:00,26.0
2025-06-12 20:07:00,21.8
2025-06-12 02:26:00,49.63695830886671
2025-06-12 16:34:00,75.7
2025-06-12 11:00:00,91.7
2025-06-12 00:49:00,49.63695830886671
2025-06-12 18:15:00,49.63695830886671
2025-06-12 19:05:00,87.6
2025-06-12 10:26:00,49.63695830886671
2025-06-12 11:37:00,7.2
2025-06-12 01:34:00,99.1
2025-06-12 06:18:00,92.7
2025-06-12 12:15:00,8.0
2025-06-12 05:51:00,52.4
2025-06-12 05:47:00,21.3
2025-06-12 06:32:00,26.3
2025-06-12 12:31:00,88.4
2025-06-12 11:05:00,56.6
2025-06-12 23:41:00,88.6
2025-06-12 16:15:00,49.63695830886671
2025-06-12 08:23:00,13.4
2025-06-12 05:33:00,37.4
2025-06-12 18:13:00,93.2
2025-06-12 08:44:00,65.1
2025-06-12 07:51:00,97.9
2025-06-12 00:58:00,6.8
2025-06-12 07:16:00,28.4
2025-06-12 04:43:00,49.63695830886671
2025-06-12 20:23:00,16.4
2025-06-12 12:23:00,55.8
2025-06-12 09:00:00,48.1
2025-06-12 21:46:00,91.9
2025-06-12 11:48:00,92.6
2025-06-12 18:21:00,28.9
2025-06-12 14:36:00,96.0
2025-06-12 14:22:00,68.9
2025-06-12 13:29:00,12.5
2025-06-12 17:11:00,49.63695830886671
2025-06-12 18:30:00,4.7
2025-06-12 01:27:00,81.7
2025-06-12 17:51:00,46.1
2025-06-12 21:30:00,60.1
2025-06-12 16:19:00,44.7
2025-06-12 02:07:00,43.6
2025-06-12 23:47:00,78.5
2025-06-12 02:47:00,80.6
2025-06-12 19:19:00,35.2
2025-06-12 21:04:00,0.2
2025-06-12 03:13:00,41.4
2025-06-12 15:14:00,53.6
2025-06-12 11:42:00,78.7
2025-06-12 02:06:00,22.9
2025-06-12 12:04:00,60.6
2025-06-12 08:13:00,49.1
2025-06-12 02:37:00,44.7
2025-06-12 16:24:00,39.5
2025-06-12 21:23:00,95.3
2025-06-12 00:15:00,58.2
2025-06-12 17:57:00,33.5
2025-06-12 16:31:00,10.5
2025-06-12 06:10:00,94.9
2025-06-12 10:06:00,49.63695830886671
2025-06-12 16:27:00,43.5
2025-06-12 15:38:00,47.3
2025-06-12 23:30:00,4.7
2025-06-12 11:39:00,49.63695830886671
2025-06-12 04:54:00,31.0
2025-06-12 00:59:00,54.1
2025-06-12 23:15:00,65.2
2025-06-12 10:57:00,88.0
2025-06-12 23:57:00,49.63695830886671
2025-06-12 14:13:00,49.63695830886671
2025-06-12 12:56:00,60.5
2025-06-12 02:41:00,49.63695830886671
2025-06-12 05:28:00,49.63695830886671
2025-06-12 13:05:00,17.6
2025-06-12 23:07:00,58.0
2025-06-12 12:51:00,47.5
2025-06-12 21:58:00,80.1
2025-06-12 01:58:00,32.4
2025-06-12 22:21:00,45.1
2025-06-12 02:20:00,69.2
2025-06-12 02:19:00,21.3
2025-06-12 07:49:00,91.4
2025-06-12 00:18:00,68.1
2025-06-12 14:07:00,72.7
2025-06-12 20:46:00,10.9
2025-06-12 07:46:00,27.2
2025-06-12 10:33:00,49.63695830886671
2025-06-12 22:08:00,4.1
2025-06-12 18:53:00,86.1
2025-06-12 07:17:00,20.7
2025-06-12 19:28:00,10.5
2025-06-12 19:21:00,68.8
2025-06-12 19:45:00,80.9
2025-06-12 16:51:00,70.0
2025-06-12 10:44:00,49.63695830886671
2025-06-12 08:43:00,52.5
2025-06-12 23:40:00,20.4
2025-06-12 01:25:00,87.4
2025-06-12 19:08:00,49.63695830886671
2025-06-12 12:12:00,19.1
2025-06-12 17:54:00,14.5
2025-06-12 11:59:00,90.3
2025-06-12 12:53:00,49.63695830886671
2025-06-12 13:02:00,6.4
2025-06-12 00:10:00,49.63695830886671
2025-06-12 03:26:00,23.7
2025-06-12 07:25:00,49.63695830886671
2025-06-12 10:36:00,66.0
2025-06-12 10:20:00,41.6
2025-06-12 07:23:00,12.2
2025-06-12 18:35:00,63.5
2025-06-12 22:01:00,75.3
2025-06-12 10:09:00,9.5
2025-06-12 15:41:00,87.9
2025-06-12 09:23:00,94.4
2025-06-12 17:02:00,79.7
2025-06-12 10:01:00,49.63695830886671
2025-06-12 12:40:00,80.2
2025-06-12 11:03:00,80.6
2025-06-12 19:20:00,75.6
2025-06-12 04:55:00,75.2
2025-06-12 02:35:00,29.6
2025-06-12 16:39:00,88.1
2025-06-12 09:02:00,40.5
2025-06-12 14:42:00,47.3
2025-06-12 22:24:00,81.7
2025-06-12 21:42:00,49.63695830886671
2025-06-12 08:00:00,56.7
2025-06-12 13:54:00,61.9
2025-06-12 07:27:00,94.4
2025-06-12 08:39:00,47.7
2025-06-12 18:42:00,99.0
2025-06-12 04:58:00,49.63695830886671
2025-06-12 11:18:00,4.9
2025-06-12 10:32:00,22.2
2025-06-12 10:18:00,83.8
2025-06-12 18:45:00,84.2
2025-06-12 22:05:00,16.8
2025-06-12 06:58:00,49.63695830886671
2025-06-12 11:16:00,60.1
2025-06-12 07:48:00,61.9
2025-06-12 13:46:00,30.6
2025-06-12 09:58:00,1.1
2025-06-12 17:34:00,38.9
2025-06-12 20:31:00,49.63695830886671
2025-06-12 09:22:00,89.7
2025-06-12 05:52:00,96.4
2025-06-12 18:29:00,47.4
2025-06-12 05:38:00,50.5
2025-06-12 23:34:00,78.6
2025-06-12 13:37:00,30.9
2025-06-12 01:40:00,45.2
2025-06-12 18:50:00,96.0
2025-06-12 15:59:00,67.0
2025-06-12 04:05:00,96.9
2025-06-12 21:51:00,58.2
2025-06-12 20:03:00,72.9
2025-06-12 01:23:00,58.2
2025-06-12 12:48:00,50.41405513666353
2025-06-12 17:38:00,12.5
2025-06-12 19:45:00,53.5
2025-06-12 10:55:00,38.2
2025-06-12 17:52:00,1.5
2025-06-12 06:29:00,47.1
2025-06-12 02:06:00,16.1
2025-06-12 21:26:00,15.4
2025-06-12 00:50:00,88.4
2025-06-12 08:39:00,95.1
2025-06-12 06:22:00,99.4
2025-06-12 06:05:00,50.41405513666353
2025-06-12 01:37:00,40.5
2025-06-12 03:30:00,76.5
2025-06-12 20:29:00,4.6
2025-06-12 01:34:00,15.7
2025-06-12 19:24:00,92.7
2025-06-12 08:12:00,97.5
2025-06-12 01:16:00,99.5
2025-06-12 09:50:00,11.5
2025-06-12 06:23:00,89.4
2025-06-12 13:16:00,47.4
2025-06-12 04:07:00,58.2
2025-06-12 05:41:00,56.5
2025-06-12 21:54:00,42.8
2025-06-12 08:47:00,94.6
2025-06-12 21:47:00,95.6
2025-06-12 03:05:00,28.7
2025-06-12 21:27:00,39.6
2025-06-12 20:30:00,51.1
2025-06-12 10:06:00,9.4
2025-06-12 11:25:00,50.41405513666353
2025-06-12 16:26:00,93.5
2025-06-12 13:24:00,60.6
2025-06-12 20:42:00,51.7
2025-06-12 04:10:00,71.7
2025-06-12 16:16:00,81.0
2025-06-12 14:49:00,19.7
2025-06-12 21:39:00,84.2
2025-06-12 13:32:00,64.6
2025-06-12 15:55:00,66.9
2025-06-12 22:45:00,50.41405513666353
2025-06-12 17:07:00,50.41405513666353
2025-06-12 21:18:00,83.9
2025-06-12 13:01:00,44.3
2025-06-12 09:02:00,33.7
2025-06-12 08:50:00,50.41405513666353
2025-06-12 17:15:00,63.7
2025-06-12 19:26:00,50.41405513666353
2025-06-12 11:19:00,85.7
2025-06-12 07:20:00,33.1
2025-06-12 11:51:00,50.41405513666353
2025-06-12 10:49:00,98.3
2025-06-12 23:09:00,8.0
2025-06-12 05:45:00,50.41405513666353
2025-06-12 08:31:00,100.0
2025-06-12 20:41:00,51.2
2025-06-12 00:07:00,0.7
2025-06-12 15:13:00,99.2
2025-06-12 19:22:00,97.8
2025-06-12 18:24:00,27.6
2025-06-12 21:07:00,40.6
2025-06-12 08:04:00,16.1
2025-06-12 01:30:00,15.9
2025-06-12 22:59:00,44.0
2025-06-12 21:15:00,64.9
2025-06-12 14:39:00,12.9
2025-06-12 19:47:00,51.4
2025-06-12 12:00:00,18.5
2025-06-12 02:49:00,27.7
2025-06-12 23:12:00,94.2
2025-06-12 14:47:00,83.1
2025-06-12 20:51:00,75.4
2025-06-12 01:56:00,13.9
2025-06-12 09:45:00,81.7
2025-06-12 13:10:00,50.41405513666353
2025-06-12 13:17:00,45.7
2025-06-12 16:44:00,68.9
2025-06-12 17:58:00,31.7
2025-06-12 06:43:00,92.9
2025-06-12 07:39:00,60.3
2025-06-12 10:59:00,79.4
2025-06-12 08:11:00,30.1
2025-06-12 17:09:00,79.7
2025-06-12 22:29:00,62.9
2025-06-12 12:45:00,32.8
2025-06-12 15:46:00,50.41405513666353
2025-06-12 05:33:00,89.8
2025-06-12 15:17:00,71.9
2025-06-12 01:15:00,99.8
2025-06-12 06:49:00,4.8
2025-06-12 07:46:00,93.3
2025-06-12 18:10:00,88.6
2025-06-12 23:19:00,13.3
2025-06-12 17:01:00,23.8
2025-06-12 03:06:00,47.1
2025-06-12 06:42:00,48.9
2025-06-12 16:04:00,57.8
2025-06-12 17:56:00,4.2
2025-06-12 22:31:00,32.8
2025-06-12 17:34:00,84.0
2025-06-12 17:28:00,50.41405513666353
2025-06-12 05:00:00,49.5
2025-06-12 18:09:00,21.0
2025-06-12 09:00:00,80.3
2025-06-12 08:15:00,15.8
2025-06-12 16:28:00,63.6
2025-06-12 03:59:00,50.41405513666353
2025-06-12 20:07:00,32.3
2025-06-12 04:46:00,7.9
2025-06-12 12:38:00,30.1
2025-06-12 20:12:00,70.6
2025-06-12 10:45:00,27.5
2025-06-12 19:53:00,56.6
2025-06-12 12:21:00,70.9
2025-06-12 14:13:00,50.41405513666353
2025-06-12 07:57:00,5.6
2025-06-12 22:52:00,82.6
2025-06-12 14:08:00,56.0
2025-06-12 05:02:00,39.2
2025-06-12 13:02:00,7.3
2025-06-12 04:59:00,94.7
2025-06-12 18:48:00,1.6
2025-06-12 08:07:00,50.41405513666353
2025-06-12 09:20:00,68.0
2025-06-12 01:54:00,16.4
2025-06-12 10:39:00,6.8
2025-06-12 06:53:00,2.3
2025-06-12 11:59:00,52.0
2025-06-12 00:34:00,45.6
2025-06-12 00:20:00,22.1
2025-06-12 21:19:00,98.7
2025-06-12 16:15:00,96.7
2025-06-12 01:27:00,50.41405513666353
2025-06-12 17:26:00,12.1
2025-06-12 14:58:00,22.2
2025-06-12 08:57:00,83.7
2025-06-12 08:52:00,67.8
2025-06-12 01:02:00,68.0
2025-06-12 18:13:00,41.3
2025-06-12 14:11:00,39.8
2025-06-12 00:19:00,44.8
2025-06-12 20:18:00,91.1
2025-06-12 08:34:00,40.4
2025-06-12 04:43:00,50.41405513666353
2025-06-12 04:40:00,5.2
2025-06-12 04:26:00,32.3
2025-06-12 22:48:00,50.41405513666353
2025-06-12 21:11:00,57.1
2025-06-12 12:17:00,42.8
2025-06-12 22:20:00,19.1
2025-06-12 22:23:00,30.2
2025-06-12 06:40:00,33.4
2025-06-12 12:57:00,39.6
2025-06-12 11:06:00,78.9
2025-06-12 01:49:00,20.1
2025-06-12 05:34:00,81.1
2025-06-12 16:22:00,34.4
2025-06-12 04:56:00,18.9
2025-06-12 23:20:00,34.5
2025-06-12 23:16:00,58.0
2025-06-12 06:51:00,3.2
2025-06-12 16:00:00,20.9
2025-06-12 10:23:00,3.2
2025-06-12 17:00:00,86.5
2025-06-12 20:11:00,90.5
2025-06-12 23:48:00,2.4
2025-06-12 01:51:00,17.6
2025-06-12 11:55:00,14.7
2025-06-12 23:39:00,3.2
2025-06-12 21:03:00,41.5
2025-06-12 18:47:00,12.8
2025-06-12 11:07:00,51.2
2025-06-12 21:10:00,2.0
2025-06-12 03:46:00,23.2
2025-06-12 11:32:00,68.2
2025-06-12 02:34:00,35.8
2025-06-12 07:49:00,47.9
2025-06-12 13:19:00,64.2
2025-06-12 01:03:00,49.4
2025-06-12 13:54:00,94.9
2025-06-12 06:54:00,61.1
2025-06-12 17:03:00,81.7
2025-06-12 12:58:00,4.2
2025-06-12 20:17:00,62.8
2025-06-12 07:38:00,31.6
2025-06-12 06:44:00,24.8
2025-06-12 09:54:00,81.2
2025-06-12 11:24:00,14.9
2025-06-12 10:43:00,25.5
2025-06-12 17:35:00,50.41405513666353
2025-06-12 07:11:00,50.41405513666353
2025-06-12 17:21:00,27.4
2025-06-12 01:44:00,47.8
2025-06-12 09:39:00,63.2
2025-06-12 20:08:00,14.9
2025-06-12 16:38:00,13.3
2025-06-12 08:54:00,88.6
2025-06-12 15:35:00,47.7
2025-06-12 16:25:00,8.6
2025-06-12 02:05:00,74.9
2025-06-12 05:42:00,35.2
2025-06-12 06:59:00,50.41405513666353
2025-06-12 13:08:00,46.2
2025-06-12 23:14:00,43.7
2025-06-12 01:53:00,24.6
2025-06-12 22:09:00,64.0
2025-06-12 06:57:00,86.5
2025-06-12 04:53:00,50.41405513666353
2025-06-12 07:16:00,70.8
2025-06-12 21:56:00,69.7
2025-06-12 06:58:00,27.1
2025-06-12 20:33:00,61.5
2025-06-12 18:54:00,77.5
2025-06-12 13:20:00,23.5
2025-06-12 20:23:00,44.5
2025-06-12 03:44:00,50.41405513666353
2025-06-12 04:22:00,76.8
2025-06-12 23:43:00,5.6
2025-06-12 19:34:00,85.3
2025-06-12 18:38:00,46.4
2025-06-12 12:50:00,66.7
2025-06-12 02:51:00,66.2
2025-06-12 05:48:00,7.6
2025-06-12 20:46:00,20.1
2025-06-12 22:06:00,17.7
2025-06-12 03:36:00,84.0
2025-06-12 14:31:00,86.5
2025-06-12 02:21:00,50.41405513666353
2025-06-12 15:08:00,70.5
2025-06-12 05:26:00,74.1
2025-06-12 15:27:00,90.6
2025-06-12 00:25:00,0.4
2025-06-12 00:05:00,33.5
2025-06-12 07:13:00,37.8
2025-06-12 22:21:00,84.3
2025-06-12 00:38:00,17.6
2025-06-12 02:43:00,29.8
2025-06-12 20:26:00,50.41405513666353
2025-06-12 17:45:00,31.5
2025-06-12 21:05:00,67.5
2025-06-12 00:15:00,92.2
2025-06-12 15:22:00,88.5
2025-06-12 06:16:00,49.2
2025-06-12 15:47:00,15.1
2025-06-12 04:57:00,48.8
2025-06-12 13:46:00,53.9
2025-06-12 05:44:00,50.41405513666353
2025-06-12 07:18:00,50.41405513666353
2025-06-12 02:56:00,50.41405513666353
2025-06-12 14:22:00,68.5
2025-06-12 04:01:00,50.41405513666353
2025-06-12 22:37:00,26.7
2025-06-12 15:09:00,38.7
2025-06-12 20:37:00,59.4
2025-06-12 11:42:00,87.1
2025-06-12 14:51:00,50.41405513666353
2025-06-12 23:35:00,25.5
2025-06-12 12:10:00,41.5
2025-06-12 07:02:00,12.6
2025-06-12 02:59:00,59.2
2025-06-12 15:02:00,72.5
2025-06-12 00:21:00,0.0
2025-06-12 13:06:00,77.1
2025-06-12 23:06:00,45.4
2025-06-12 15:18:00,27.5
2025-06-12 00:33:00,30.5
2025-06-12 19:09:00,89.7
2025-06-12 06:01:00,73.5
2025-06-12 07:37:00,12.1
2025-06-12 22:50:00,3.3
2025-06-12 13:09:00,19.6
2025-06-12 02:17:00,94.8
2025-06-12 23:57:00,34.3
2025-06-12 06:40:00,35.0
2025-06-12 06:37:00,48.3
2025-06-12 22:42:00,74.7
2025-06-12 00:07:00,9.4
2025-06-12 17:37:00,79.8
2025-06-12 09:59:00,11.9
2025-06-12 12:23:00,96.2
2025-06-12 02:09:00,49.776157380139004
2025-06-12 00:24:00,8.4
2025-06-12 15:24:00,42.3
2025-06-12 01:11:00,6.2
2025-06-12 08:46:00,71.6
2025-06-12 07:13:00,43.7
2025-06-12 18:24:00,81.0
2025-06-12 14:10:00,47.0
2025-06-12 21:08:00,39.9
2025-06-12 07:03:00,14.3
2025-06-12 09:53:00,7.7
2025-06-12 21:58:00,67.5
2025-06-12 10:08:00,18.4
2025-06-12 09:01:00,46.7
2025-06-12 16:26:00,57.2
2025-06-12 09:31:00,27.5
2025-06-12 23:42:00,69.0
2025-06-12 03:30:00,43.6
2025-06-12 23:59:00,30.3
2025-06-12 13:16:00,25.4
2025-06-12 07:29:00,68.3
2025-06-12 22:14:00,49.776157380139004
2025-06-12 14:03:00,20.5
2025-06-12 02:01:00,56.2
2025-06-12 15:58:00,49.776157380139004
2025-06-12 13:21:00,26.8
2025-06-12 02:27:00,12.2
2025-06-12 19:32:00,13.6
2025-06-12 08:57:00,49.776157380139004
2025-06-12 06:55:00,91.5
2025-06-12 03:04:00,2.0
2025-06-12 05:27:00,53.6
2025-06-12 14:15:00,49.776157380139004
2025-06-12 10:14:00,24.5
2025-06-12 14:01:00,89.8
2025-06-12 17:23:00,49.776157380139004
2025-06-12 04:49:00,23.1
2025-06-12 21:09:00,70.8
2025-06-12 21:05:00,62.0
2025-06-12 14:34:00,44.4
2025-06-12 15:41:00,16.3
2025-06-12 13:52:00,78.6
2025-06-12 19:04:00,32.8
2025-06-12 15:01:00,41.9
2025-06-12 07:05:00,28.5
2025-06-12 00:46:00,49.776157380139004
2025-06-12 04:56:00,49.0
2025-06-12 12:16:00,45.0
2025-06-12 12:37:00,49.776157380139004
2025-06-12 13:28:00,44.2
2025-06-12 14:28:00,90.1
2025-06-12 04:37:00,66.8
2025-06-12 23:26:00,40.1
2025-06-12 10:03:00,49.776157380139004
2025-06-12 09:56:00,92.9
2025-06-12 13:31:00,9.0
2025-06-12 04:32:00,70.1
2025-06-12 23:18:00,43.2
2025-06-12 05:18:00,71.4
2025-06-12 07:50:00,95.4
2025-06-12 07:54:00,74.3
2025-06-12 00:17:00,28.7
2025-06-12 01:51:00,65.8
2025-06-12 17:55:00,56.7
2025-06-12 13:42:00,7.2
2025-06-12 13:04:00,59.7
2025-06-12 04:22:00,57.1
2025-06-12 12:18:00,45.2
2025-06-12 16:19:00,44.8
2025-06-12 18:37:00,29.5
2025-06-12 14:54:00,35.1
2025-06-12 20:31:00,87.7
2025-06-12 22:40:00,51.3
2025-06-12 10:43:00,99.5
2025-06-12 14:17:00,2.5
2025-06-12 12:33:00,90.9
2025-06-12 07:38:00,64.8
2025-06-12 23:43:00,25.6
2025-06-12 13:49:00,60.9
2025-06-12 15:35:00,49.776157380139004
2025-06-12 06:08:00,81.9
2025-06-12 01:35:00,49.776157380139004
2025-06-12 01:14:00,17.8
2025-06-12 08:45:00,47.4
2025-06-12 21:48:00,57.2
2025-06-12 07:28:00,88.3
2025-06-12 09:32:00,49.776157380139004
2025-06-12 18:30:00,49.776157380139004
2025-06-12 19:46:00,83.5
2025-06-12 21:35:00,34.0
2025-06-12 02:48:00,45.5
2025-06-12 09:27:00,34.9
2025-06-12 18:54:00,65.4
2025-06-12 08:00:00,70.3
2025-06-12 18:36:00,43.9
2025-06-12 20:23:00,19.8
2025-06-12 05:46:00,58.8
2025-06-12 04:41:00,34.3
2025-06-12 01:49:00,49.776157380139004
2025-06-12 02:07:00,23.1
2025-06-12 03:48:00,97.5
2025-06-12 11:21:00,22.0
2025-06-12 07:18:00,49.776157380139004
2025-06-12 12:28:00,62.7
2025-06-12 03:10:00,2.9
2025-06-12 23:19:00,72.6
2025-06-12 18:04:00,63.0
2025-06-12 22:30:00,39.9
2025-06-12 09:29:00,6.7
2025-06-12 06:15:00,0.5
2025-06-12 15:02:00,53.6
2025-06-12 03:20:00,79.8
2025-06-12 04:45:00,77.9
2025-06-12 17:31:00,50.8
2025-06-12 18:31:00,90.4
2025-06-12 17:50:00,16.9
2025-06-12 03:17:00,44.7
2025-06-12 12:13:00,54.7
2025-06-12 19:16:00,95.5
2025-06-12 11:35:00,38.1
2025-06-12 00:03:00,26.4
2025-06-12 06:35:00,87.0
2025-06-12 00:04:00,89.7
2025-06-12 17:05:00,32.9
2025-06-12 02:31:00,49.776157380139004
2025-06-12 01:17:00,21.2
2025-06-12 16:24:00,11.9
2025-06-12 04:19:00,16.4
2025-06-12 08:40:00,50.2
2025-06-12 13:08:00,70.6
2025-06-12 01:33:00,40.5
2025-06-12 18:03:00,96.1
2025-06-12 21:21:00,14.0
2025-06-12 15:45:00,66.7
2025-06-12 17:04:00,59.7
2025-06-12 16:39:00,44.5
2025-06-12 07:39:00,49.776157380139004
2025-06-12 04:30:00,85.1
2025-06-12 04:52:00,48.8
2025-06-12 21:18:00,29.3
2025-06-12 09:49:00,11.5
2025-06-12 17:46:00,58.0
2025-06-12 08:31:00,91.2
2025-06-12 13:19:00,91.0
2025-06-12 21:02:00,96.4
2025-06-12 15:28:00,4.4
2025-06-12 20:08:00,61.8
2025-06-12 17:11:00,91.8
2025-06-12 10:53:00,30.5
2025-06-12 15:32:00,49.776157380139004
2025-06-12 23:20:00,24.3
2025-06-12 20:34:00,28.7
2025-06-12 01:45:00,4.1
2025-06-12 13:00:00,49.776157380139004
2025-06-12 22:32:00,15.0
2025-06-12 12:19:00,49.776157380139004
2025-06-12 04:59:00,0.7
2025-06-12 18:19:00,24.0
2025-06-12 05:00:00,28.1
2025-06-12 00:57:00,49.776157380139004
2025-06-12 07:14:00,49.776157380139004
2025-06-12 19:48:00,5.3
2025-06-12 00:25:00,49.776157380139004
2025-06-12 00:28:00,73.1
2025-06-12 16:13:00,49.776157380139004
2025-06-12 20:49:00,15.2
2025-06-12 22:21:00,48.0
2025-06-12 14:36:00,79.4
2025-06-12 17:32:00,8.9
2025-06-12 15:50:00,44.1
2025-06-12 11:37:00,52.0
2025-06-12 10:52:00,42.7
2025-06-12 10:19:00,46.3
2025-06-12 00:32:00,57.4
2025-06-12 19:44:00,88.3
2025-06-12 19:12:00,95.1
2025-06-12 01:37:00,71.0
2025-06-12 20:20:00,90.9
2025-06-12 22:41:00,49.776157380139004
2025-06-12 21:54:00,50.0
2025-06-12 00:42:00,30.9
2025-06-12 23:35:00,49.776157380139004
2025-06-12 05:57:00,93.1
2025-06-12 20:24:00,83.6
2025-06-12 02:08:00,40.0
2025-06-12 01:27:00,98.0
2025-06-12 22:22:00,63.2
2025-06-12 22:48:00,49.776157380139004
2025-06-12 16:51:00,26.7
2025-06-12 13:17:00,1.1
2025-06-12 02:28:00,96.7
2025-06-12 14:08:00,66.5
2025-06-12 12:01:00,35.8
2025-06-12 08:39:00,85.8
2025-06-12 03:32:00,43.9
2025-06-12 00:22:00,64.2
2025-06-12 18:44:00,49.3
2025-06-12 11:10:00,51.8
2025-06-12 12:56:00,96.9
2025-06-12 06:33:00,85.8
2025-06-12 13:07:00,10.6
2025-06-12 11:47:00,90.3
2025-06-12 08:48:00,74.5
2025-06-12 13:58:00,52.7
2025-06-12 04:07:00,28.2
2025-06-12 06:36:00,98.7
2025-06-12 18:22:00,85.0
2025-06-12 22:03:00,49.776157380139004
2025-06-12 16:20:00,82.4
2025-06-12 12:08:00,23.7
2025-06-12 15:39:00,49.776157380139004
2025-06-12 05:31:00,49.3
2025-06-12 13:40:00,19.7
2025-06-12 22:37:00,95.4
2025-06-12 08:01:00,5.2
2025-06-12 20:00:00,19.9
2025-06-12 20:02:00,63.8
2025-06-12 14:20:00,62.3
2025-06-12 23:14:00,71.3
2025-06-12 04:38:00,43.0
2025-06-12 18:34:00,35.3
2025-06-12 21:51:00,19.5
2025-06-12 18:33:00,25.6
2025-06-12 20:16:00,49.776157380139004
2025-06-12 19:53:00,71.5
2025-06-12 10:16:00,36.0
2025-06-12 14:32:00,49.776157380139004
2025-06-12 00:00:00,68.3
2025-06-12 20:09:00,11.4
2025-06-12 17:02:00,85.9
2025-06-12 18:11:00,49.776157380139004
2025-06-12 05:11:00,56.1
2025-06-12 06:58:00,64.7
2025-06-12 21:17:00,67.2
2025-06-12 21:15:00,49.776157380139004
2025-06-12 15:23:00,49.1
2025-06-12 12:34:00,45.6
2025-06-12 04:06:00,66.8
2025-06-12 12:49:00,65.9
2025-06-12 04:54:00,3.3
2025-06-12 22:27:00,26.9
2025-06-12 06:03:00,58.2
2025-06-12 13:44:00,4.3
2025-06-12 19:23:00,11.1
2025-06-12 05:44:00,49.776157380139004
2025-06-12 21:56:00,34.9
2025-06-12 14:13:00,49.776157380139004
2025-06-12 10:35:00,3.4
2025-06-12 06:54:00,49.776157380139004
2025-06-12 18:50:00,65.8
2025-06-12 16:56:00,24.3
2025-06-12 04:29:00,77.6
2025-06-12 19:22:00,82.6
2025-06-12 21:13:00,3.9
2025-06-12 06:16:00,59.7
2025-06-12 18:38:00,49.776157380139004
2025-06-12 12:09:00,33.4
2025-06-12 13:39:00,72.2
2025-06-12 22:58:00,1.3
2025-06-12 19:27:00,8.8
2025-06-12 02:24:00,61.3
2025-06-12 13:11:00,59.5
2025-06-12 01:59:00,60.4
2025-06-12 06:17:00,31.1
2025-06-12 10:36:00,10.0
2025-06-12 19:51:00,98.8
2025-06-12 11:27:00,49.776157380139004
2025-06-12 14:04:00,84.5
2025-06-12 12:05:00,49.776157380139004
2025-06-12 14:29:00,62.6
2025-06-12 16:52:00,22.4
2025-06-12 16:06:00,74.1
2025-06-12 02:50:00,65.4
2025-06-12 23:09:00,92.5
2025-06-12 12:42:00,33.8
2025-06-12 01:29:00,46.9
2025-06-12 18:16:00,95.0
2025-06-12 07:13:00,35.6
2025-06-12 11:14:00,85.0
2025-06-12 15:09:00,49.81767540251498
2025-06-12 21:47:00,32.2
2025-06-12 18:36:00,12.9
2025-06-12 06:57:00,49.81767540251498
2025-06-12 13:26:00,18.0
2025-06-12 09:26:00,26.7
2025-06-12 22:24:00,84.6
2025-06-12 22:11:00,59.4
2025-06-12 23:13:00,35.1
2025-06-12 11:01:00,25.0
2025-06-12 09:32:00,6.9
2025-06-12 06:36:00,49.81767540251498
2025-06-12 23:05:00,71.4
2025-06-12 19:18:00,98.1
2025-06-12 16:37:00,17.1
2025-06-12 05:15:00,66.6
2025-06-12 17:51:00,49.81767540251498
2025-06-12 03:19:00,49.81767540251498
2025-06-12 18:07:00,33.9
2025-06-12 03:58:00,56.9
2025-06-12 16:19:00,49.81767540251498
2025-06-12 04:24:00,74.8
2025-06-12 07:18:00,93.8
2025-06-12 04:13:00,38.3
2025-06-12 07:24:00,72.4
2025-06-12 20:54:00,69.4
2025-06-12 23:57:00,64.6
2025-06-12 22:44:00,83.6
2025-06-12 02:56:00,66.7
2025-06-12 10:59:00,31.8
2025-06-12 04:28:00,71.6
2025-06-12 12:40:00,55.2
2025-06-12 06:40:00,24.5
2025-06-12 23:53:00,29.2
2025-06-12 20:52:00,33.1
2025-06-12 06:37:00,49.81767540251498
2025-06-12 18:34:00,29.3
2025-06-12 01:45:00,40.5
2025-06-12 11:33:00,31.4
2025-06-12 00:31:00,87.1
2025-06-12 06:19:00,41.8
2025-06-12 17:02:00,0.4
2025-06-12 05:43:00,0.3
2025-06-12 01:16:00,49.81767540251498
2025-06-12 12:30:00,47.9
2025-06-12 04:01:00,35.4
2025-06-12 23:34:00,11.3
2025-06-12 21:48:00,38.5
2025-06-12 13:37:00,60.0
2025-06-12 07:33:00,50.4
2025-06-12 02:22:00,20.3
2025-06-12 08:38:00,95.0
2025-06-12 02:33:00,49.81767540251498
2025-06-12 14:05:00,27.1
2025-06-12 19:53:00,82.6
2025-06-12 07:51:00,24.2
2025-06-12 19:38:00,48.5
2025-06-12 19:43:00,44.9
2025-06-12 11:57:00,40.0
2025-06-12 03:53:00,74.3
2025-06-12 01:59:00,49.81767540251498
2025-06-12 08:47:00,49.81767540251498
2025-06-12 02:59:00,35.5
2025-06-12 09:59:00,92.4
2025-06-12 10:26:00,15.8
2025-06-12 23:02:00,70.6
2025-06-12 07:35:00,35.9
2025-06-12 03:14:00,30.4
2025-06-12 20:04:00,59.2
2025-06-12 08:34:00,69.0
2025-06-12 08:07:00,49.81767540251498
2025-06-12 14:08:00,13.7
2025-06-12 06:38:00,12.3
2025-06-12 07:11:00,88.7
2025-06-12 00:35:00,63.8
2025-06-12 22:07:00,33.9
2025-06-12 12:29:00,72.2
2025-06-12 23:51:00,60.1
2025-06-12 15:00:00,49.81767540251498
2025-06-12 16:03:00,77.7
2025-06-12 16:07:00,30.1
2025-06-12 07:30:00,37.7
2025-06-12 14:03:00,98.8
2025-06-12 21:23:00,49.81767540251498
2025-06-12 16:40:00,97.1
2025-06-12 11:36:00,29.3
2025-06-12 09:20:00,65.9
2025-06-12 19:21:00,99.3
2025-06-12 07:15:00,3.8
2025-06-12 11:43:00,25.0
2025-06-12 23:30:00,66.8
2025-06-12 01:35:00,42.8
2025-06-12 07:45:00,55.2
2025-06-12 01:30:00,68.1
2025-06-12 06:53:00,31.0
2025-06-12 20:45:00,62.4
2025-06-12 01:56:00,69.0
2025-06-12 06:05:00,28.4
2025-06-12 13:48:00,27.4
2025-06-12 07:27:00,48.4
2025-06-12 20:16:00,82.9
2025-06-12 18:19:00,26.8
2025-06-12 10:05:00,43.6
2025-06-12 07:57:00,78.1
2025-06-12 05:59:00,3.8
2025-06-12 23:01:00,90.4
2025-06-12 00:54:00,99.2
2025-06-12 17:57:00,60.7
2025-06-12 00:11:00,49.5
2025-06-12 01:20:00,37.0
2025-06-12 20:59:00,54.7
2025-06-12 09:09:00,49.81767540251498
2025-06-12 02:10:00,7.9
2025-06-12 05:28:00,81.9
2025-06-12 12:22:00,19.2
2025-06-12 22:57:00,67.7
2025-06-12 12:19:00,28.8
2025-06-12 16:17:00,23.1
2025-06-12 03:39:00,19.0
2025-06-12 08:29:00,56.6
2025-06-12 19:15:00,94.9
2025-06-12 13:16:00,83.0
2025-06-12 20:53:00,96.6
2025-06-12 14:09:00,80.5
2025-06-12 16:34:00,49.81767540251498
2025-06-12 12:45:00,88.0
2025-06-12 04:25:00,39.7
2025-06-12 09:19:00,32.5
2025-06-12 14:29:00,52.8
2025-06-12 05:19:00,8.5
2025-06-12 16:14:00,52.2
2025-06-12 01:28:00,40.7
2025-06-12 08:57:00,84.7
2025-06-12 08:25:00,39.8
2025-06-12 21:32:00,39.3
2025-06-12 10:03:00,7.9
2025-06-12 07:47:00,5.4
2025-06-12 17:44:00,95.8
2025-06-12 18:02:00,49.81767540251498
2025-06-12 14:28:00,69.3
2025-06-12 17:23:00,49.81767540251498
2025-06-12 07:52:00,32.4
2025-06-12 11:00:00,72.1
2025-06-12 23:21:00,52.7
2025-06-12 04:35:00,46.2
2025-06-12 17:19:00,79.4
2025-06-12 07:55:00,49.81767540251498
2025-06-12 02:36:00,49.81767540251498
2025-06-12 04:11:00,12.9
2025-06-12 01:11:00,83.6
2025-06-12 00:07:00,51.8
2025-06-12 08:33:00,49.81767540251498
2025-06-12 16:11:00,1.5
2025-06-12 01:26:00,40.2
2025-06-12 21:20:00,45.6
2025-06-12 13:54:00,14.0
2025-06-12 11:39:00,69.6
2025-06-12 16:20:00,49.81767540251498
2025-06-12 14:58:00,82.4
2025-06-12 10:15:00,67.1
2025-06-12 13:41:00,81.0
2025-06-12 01:15:00,49.81767540251498
2025-06-12 11:40:00,92.1
2025-06-12 09:03:00,88.1
2025-06-12 03:09:00,18.5
2025-06-12 03:15:00,20.1
2025-06-12 12:26:00,29.5
2025-06-12 04:52:00,49.81767540251498
2025-06-12 19:32:00,61.0
2025-06-12 19:02:00,54.3
2025-06-12 09:29:00,72.6
2025-06-12 02:43:00,72.5
2025-06-12 00:19:00,84.5
2025-06-12 20:57:00,50.7
2025-06-12 00:10:00,25.9
2025-06-12 20:15:00,90.8
2025-06-12 13:34:00,13.7
2025-06-12 04:34:00,7.4
2025-06-12 20:11:00,49.81767540251498
2025-06-12 13:21:00,49.81767540251498
2025-06-12 23:00:00,47.1
2025-06-12 05:12:00,82.0
2025-06-12 12:49:00,26.1
2025-06-12 16:38:00,49.81767540251498
2025-06-12 16:27:00,49.81767540251498
2025-06-12 21:40:00,26.9
2025-06-12 05:25:00,53.2
2025-06-12 01:44:00,95.3
2025-06-12 22:58:00,96.4
2025-06-12 08:05:00,15.6
2025-06-12 22:59:00,49.81767540251498
2025-06-12 22:49:00,67.9
2025-06-12 21:02:00,49.81767540251498
2025-06-12 11:58:00,86.8
2025-06-12 06:23:00,58.9
2025-06-12 11:26:00,49.81767540251498
2025-06-12 09:11:00,62.5
2025-06-12 21:37:00,81.4
2025-06-12 16:55:00,49.81767540251498
2025-06-12 02:03:00,93.7
2025-06-12 13:51:00,47.8
2025-06-12 01:33:00,86.0
2025-06-12 18:06:00,0.6
2025-06-12 19:23:00,49.81767540251498
2025-06-12 18:35:00,13.1
2025-06-12 08:44:00,23.1
2025-06-12 05:50:00,49.81767540251498
2025-06-12 14:06:00,95.1
2025-06-12 05:42:00,98.3
2025-06-12 00:18:00,60.7
2025-06-12 21:16:00,7.2
2025-06-12 19:24:00,61.6
2025-06-12 08:00:00,70.3
2025-06-12 01:25:00,58.1
2025-06-12 02:27:00,49.81767540251498
2025-06-12 05:33:00,24.8
2025-06-12 10:55:00,45.4
2025-06-12 18:55:00,63.7
2025-06-12 23:55:00,49.81767540251498
2025-06-12 12:58:00,49.81767540251498
2025-06-12 06:22:00,49.81767540251498
2025-06-12 09:21:00,94.4
2025-06-12 17:15:00,48.1
2025-06-12 16:29:00,0.6
2025-06-12 13:35:00,87.0
2025-06-12 20:34:00,92.1
2025-06-12 14:36:00,40.7
2025-06-12 00:21:00,24.2
2025-06-12 17:03:00,21.6
2025-06-12 01:54:00,91.9
2025-06-12 16:59:00,34.7
2025-06-12 18:50:00,7.6
2025-06-12 09:13:00,10.8
2025-06-12 23:48:00,35.9
2025-06-12 16:04:00,54.8
2025-06-12 20:08:00,89.1
2025-06-12 19:47:00,66.8
2025-06-12 18:00:00,0.4
2025-06-12 10:14:00,23.3
2025-06-12 04:51:00,86.6
2025-06-12 17:49:00,16.7
2025-06-12 05:24:00,93.4
2025-06-12 16:42:00,9.7
2025-06-12 12:01:00,80.0
2025-06-12 12:15:00,91.9
2025-06-12 14:24:00,49.81767540251498
2025-06-12 11:12:00,37.3
2025-06-12 23:40:00,61.1
2025-06-12 09:05:00,97.0
2025-06-12 15:48:00,62.2
2025-06-12 17:10:00,49.81767540251498
2025-06-12 01:52:00,51.0
2025-06-12 06:35:00,49.81767540251498
2025-06-12 22:10:00,88.7
2025-06-12 17:46:00,39.0
2025-06-12 23:22:00,79.3
2025-06-12 14:19:00,98.6
2025-06-12 10:10:00,80.5
2025-06-12 23:16:00,49.81767540251498
2025-06-12 18:53:00,49.81767540251498
2025-06-12 03:11:00,94.2
2025-06-12 02:08:00,76.4
2025-06-12 10:52:00,49.81767540251498
2025-06-12 13:45:00,56.1
2025-06-12 19:00:00,49.81767540251498
2025-06-12 06:00:00,55.3
2025-06-12 08:48:00,66.0
2025-06-12 11:13:00,49.81767540251498
2025-06-12 09:24:00,32.6
2025-06-12 23:27:00,49.81767540251498
2025-06-12 00:55:00,36.8
2025-06-12 12:35:00,72.6
2025-06-12 11:15:00,49.81767540251498
2025-06-12 10:49:00,49.9
2025-06-12 21:14:00,67.2
2025-06-12 03:22:00,13.4
2025-06-12 17:53:00,49.81767540251498
2025-06-12 22:05:00,89.1
2025-06-12 08:30:00,96.2
2025-06-12 13:07:00,83.5
2025-06-12 08:24:00,13.9
2025-06-12 03:16:00,0.0
2025-06-12 09:34:00,39.1
2025-06-12 06:21:00,71.6
2025-06-12 17:47:00,69.1
2025-06-12 15:05:00,66.2
2025-06-12 20:50:00,47.9
2025-06-12 17:13:00,49.81767540251498
2025-06-12 15:43:00,37.4
2025-06-12 21:54:00,49.81767540251498
2025-06-12 18:10:00,64.2
2025-06-12 04:18:00,16.8
2025-06-12 14:42:00,12.8
2025-06-12 04:03:00,50.0
2025-06-12 23:45:00,77.5
2025-06-12 01:58:00,49.81767540251498
2025-06-12 14:44:00,59.0
2025-06-12 08:50:00,9.0
2025-06-12 06:54:00,74.9
2025-06-12 18:23:00,96.8
2025-06-12 10:41:00,67.6
2025-06-12 13:10:00,64.9
2025-06-12 10:44:00,24.0
2025-06-12 07:32:00,65.7
2025-06-12 21:58:00,49.81767540251498
2025-06-12 17:22:00,10.9
2025-06-12 13:20:00,86.8
2025-06-12 08:04:00,14.1
2025-06-12 00:08:00,68.7
2025-06-12 03:52:00,49.791111632270166
2025-06-12 19:00:00,66.4
2025-06-12 17:02:00,94.5
2025-06-12 11:04:00,49.791111632270166
2025-06-12 11:44:00,19.2
2025-06-12 05:43:00,5.3
2025-06-12 01:16:00,16.2
2025-06-12 00:39:00,66.1
2025-06-12 10:17:00,32.6
2025-06-12 18:01:00,72.4
2025-06-12 17:29:00,75.5
2025-06-12 03:48:00,60.8
2025-06-12 20:25:00,49.791111632270166
2025-06-12 12:11:00,73.2
2025-06-12 22:03:00,71.1
2025-06-12 00:32:00,26.3
2025-06-12 20:32:00,53.5
2025-06-12 05:39:00,11.0
2025-06-12 01:02:00,96.9
2025-06-12 21:10:00,44.1
2025-06-12 02:02:00,13.5
2025-06-12 15:38:00,11.1
2025-06-12 23:00:00,88.7
2025-06-12 03:53:00,49.791111632270166
2025-06-12 03:29:00,52.7
2025-06-12 11:59:00,56.7
2025-06-12 23:12:00,6.6
2025-06-12 19:55:00,79.4
2025-06-12 11:33:00,31.0
2025-06-12 09:57:00,46.2
2025-06-12 07:01:00,93.4
2025-06-12 18:18:00,7.0
2025-06-12 03:04:00,80.4
2025-06-12 14:11:00,49.791111632270166
2025-06-12 21:14:00,72.2
2025-06-12 21:50:00,62.0
2025-06-12 04:00:00,25.7
2025-06-12 18:36:00,94.9
2025-06-12 20:52:00,1.3
2025-06-12 17:10:00,94.6
2025-06-12 19:47:00,41.5
2025-06-12 19:42:00,49.791111632270166
2025-06-12 14:45:00,78.4
2025-06-12 12:35:00,60.3
2025-06-12 17:47:00,46.8
2025-06-12 21:33:00,62.1
2025-06-12 08:40:00,42.6
2025-06-12 20:16:00,97.5
2025-06-12 04:38:00,90.2
2025-06-12 03:20:00,49.791111632270166
2025-06-12 09:42:00,99.8
2025-06-12 12:40:00,53.9
2025-06-12 13:15:00,40.8
2025-06-12 13:47:00,23.9
2025-06-12 16:55:00,49.791111632270166
2025-06-12 18:40:00,27.4
2025-06-12 21:25:00,49.791111632270166
2025-06-12 06:04:00,49.791111632270166
2025-06-12 23:16:00,60.0
2025-06-12 02:58:00,52.6
2025-06-12 12:39:00,25.6
2025-06-12 12:44:00,49.791111632270166
2025-06-12 04:09:00,43.1
2025-06-12 14:56:00,94.6
2025-06-12 03:42:00,64.8
2025-06-12 13:59:00,49.791111632270166
2025-06-12 05:22:00,33.5
2025-06-12 03:36:00,49.791111632270166
2025-06-12 10:07:00,7.0
2025-06-12 02:10:00,12.3
2025-06-12 19:36:00,20.7
2025-06-12 13:14:00,35.2
2025-06-12 19:33:00,43.3
2025-06-12 03:19:00,73.5
2025-06-12 20:12:00,40.9
2025-06-12 10:28:00,43.1
2025-06-12 02:04:00,82.3
2025-06-12 04:41:00,59.2
2025-06-12 22:57:00,51.9
2025-06-12 13:05:00,47.6
2025-06-12 19:38:00,22.2
2025-06-12 12:09:00,44.5
2025-06-12 16:53:00,35.8
2025-06-12 19:57:00,59.1
2025-06-12 11:18:00,68.2
2025-06-12 15:56:00,87.9
2025-06-12 22:53:00,49.791111632270166
2025-06-12 22:36:00,2.6
2025-06-12 00:07:00,78.5
2025-06-12 02:59:00,12.5
2025-06-12 10:20:00,15.2
2025-06-12 00:04:00,10.9
2025-06-12 09:09:00,89.3
2025-06-12 01:40:00,49.791111632270166
2025-06-12 03:09:00,9.3
2025-06-12 22:54:00,4.9
2025-06-12 01:49:00,40.0
2025-06-12 02:13:00,15.7
2025-06-12 08:03:00,49.791111632270166
2025-06-12 05:50:00,14.5
2025-06-12 14:30:00,2.0
2025-06-12 06:43:00,46.3
2025-06-12 06:59:00,3.6
2025-06-12 19:02:00,3.7
2025-06-12 07:10:00,73.2
2025-06-12 01:45:00,8.7
2025-06-12 08:06:00,60.3
2025-06-12 05:01:00,22.9
2025-06-12 15:07:00,13.9
2025-06-12 19:40:00,62.0
2025-06-12 03:00:00,67.5
2025-06-12 23:01:00,69.4
2025-06-12 06:52:00,2.6
2025-06-12 11:10:00,94.2
2025-06-12 20:09:00,83.9
2025-06-12 11:26:00,61.2
2025-06-12 14:01:00,20.7
2025-06-12 07:34:00,42.5
2025-06-12 17:59:00,59.6
2025-06-12 06:56:00,54.9
2025-06-12 05:41:00,34.9
2025-06-12 21:47:00,95.1
2025-06-12 21:08:00,49.791111632270166
2025-06-12 16:05:00,67.3
2025-06-12 06:38:00,74.0
2025-06-12 16:21:00,30.4
2025-06-12 21:11:00,16.8
2025-06-12 20:39:00,57.8
2025-06-12 07:59:00,65.4
2025-06-12 16:50:00,60.8
2025-06-12 06:18:00,18.7
2025-06-12 13:57:00,16.4
2025-06-12 06:41:00,49.791111632270166
2025-06-12 19:19:00,41.1
2025-06-12 09:24:00,7.2
2025-06-12 05:54:00,19.2
2025-06-12 12:16:00,49.791111632270166
2025-06-12 05:34:00,10.5
2025-06-12 12:59:00,82.6
2025-06-12 16:39:00,40.0
2025-06-12 03:08:00,83.1
2025-06-12 23:38:00,51.9
2025-06-12 17:30:00,21.2
2025-06-12 01:47:00,75.5
2025-06-12 02:55:00,59.2
2025-06-12 05:18:00,58.0
2025-06-12 08:51:00,54.1
2025-06-12 11:55:00,50.0
2025-06-12 02:52:00,49.791111632270166
2025-06-12 00:38:00,64.8
2025-06-12 04:25:00,77.8
2025-06-12 15:06:00,6.0
2025-06-12 08:27:00,49.791111632270166
2025-06-12 04:49:00,61.2
2025-06-12 12:13:00,45.7
2025-06-12 20:17:00,12.7
2025-06-12 23:02:00,67.0
2025-06-12 02:01:00,49.791111632270166
2025-06-12 23:14:00,73.9
2025-06-12 19:43:00,63.4
2025-06-12 23:44:00,30.1
2025-06-12 10:23:00,30.5
2025-06-12 02:51:00,33.7
2025-06-12 16:25:00,99.8
2025-06-12 14:57:00,54.2
2025-06-12 19:54:00,28.3
2025-06-12 06:32:00,21.6
2025-06-12 22:08:00,95.5
2025-06-12 07:36:00,49.791111632270166
2025-06-12 06:33:00,29.6
2025-06-12 15:17:00,49.791111632270166
2025-06-12 10:35:00,39.4
2025-06-12 00:10:00,14.8
2025-06-12 20:08:00,96.7
2025-06-12 02:28:00,24.0
2025-06-12 00:00:00,99.6
2025-06-12 07:37:00,76.9
2025-06-12 06:21:00,46.7
2025-06-12 11:05:00,70.1
2025-06-12 04:47:00,97.8
2025-06-12 06:03:00,79.9
2025-06-12 00:20:00,42.9
2025-06-12 11:35:00,31.1
2025-06-12 07:05:00,36.3
2025-06-12 06:53:00,49.791111632270166
2025-06-12 18:03:00,84.5
2025-06-12 14:23:00,38.1
2025-06-12 02:54:00,68.0
2025-06-12 06:00:00,72.1
2025-06-12 19:23:00,97.0
2025-06-12 16:46:00,49.791111632270166
2025-06-12 17:43:00,49.791111632270166
2025-06-12 18:05:00,21.8
2025-06-12 05:40:00,90.5
2025-06-12 13:33:00,49.791111632270166
2025-06-12 18:52:00,6.2
2025-06-12 16:09:00,14.2
2025-06-12 03:31:00,19.6
2025-06-12 09:06:00,86.6
2025-06-12 10:37:00,77.7
2025-06-12 22:24:00,39.8
2025-06-12 06:11:00,2.8
2025-06-12 08:17:00,49.791111632270166
2025-06-12 21:32:00,80.5
2025-06-12 01:31:00,46.0
2025-06-12 15:20:00,49.791111632270166
2025-06-12 01:58:00,80.2
2025-06-12 12:43:00,17.6
2025-06-12 19:22:00,98.7
2025-06-12 07:06:00,49.791111632270166
2025-06-12 02:20:00,29.1
2025-06-12 19:41:00,66.7
2025-06-12 02:08:00,49.791111632270166
2025-06-12 04:34:00,74.3
2025-06-12 02:30:00,49.791111632270166
2025-06-12 04:31:00,95.1
2025-06-12 19:37:00,96.2
2025-06-12 10:15:00,9.7
2025-06-12 18:56:00,66.8
2025-06-12 14:16:00,68.7
2025-06-12 05:56:00,39.5
2025-06-12 18:17:00,51.1
2025-06-12 16:31:00,6.5
2025-06-12 13:31:00,49.791111632270166
2025-06-12 23:41:00,82.8
2025-06-12 11:08:00,49.791111632270166
2025-06-12 12:52:00,95.4
2025-06-12 19:53:00,49.791111632270166
2025-06-12 22:22:00,99.8
2025-06-12 16:11:00,69.6
2025-06-12 20:26:00,6.1
2025-06-12 08:38:00,46.3
2025-06-12 17:56:00,5.3
2025-06-12 09:43:00,20.7
2025-06-12 22:40:00,49.791111632270166
2025-06-12 10:34:00,44.4
2025-06-12 02:21:00,47.8
2025-06-12 19:49:00,76.4
2025-06-12 09:04:00,14.1
2025-06-12 12:21:00,89.8
2025-06-12 21:02:00,53.0
2025-06-12 10:04:00,28.0
2025-06-12 09:40:00,2.5
2025-06-12 12:56:00,49.791111632270166
2025-06-12 23:10:00,61.8
2025-06-12 20:43:00,7.9
2025-06-12 10:59:00,1.7
2025-06-12 12:46:00,16.1
2025-06-12 08:56:00,33.5
2025-06-12 09:46:00,72.9
2025-06-12 09:05:00,4.5
2025-06-12 15:00:00,63.5
2025-06-12 23:23:00,91.3
2025-06-12 07:22:00,70.6
2025-06-12 01:33:00,5.6
2025-06-12 15:31:00,55.3
2025-06-12 16:42:00,97.9
2025-06-12 19:15:00,65.5
2025-06-12 06:01:00,4.8
2025-06-12 23:35:00,59.7
2025-06-12 12:08:00,36.0
2025-06-12 16:36:00,98.5
2025-06-12 21:21:00,73.0
2025-06-12 08:13:00,6.6
2025-06-12 07:43:00,77.0
2025-06-12 09:55:00,17.6
2025-06-12 13:10:00,52.4
2025-06-12 08:25:00,55.2
2025-06-12 18:30:00,38.6
2025-06-12 03:23:00,94.1
2025-06-12 04:55:00,49.6
2025-06-12 07:53:00,88.5
2025-06-12 02:34:00,2.5
2025-06-12 13:01:00,14.4
2025-06-12 16:10:00,29.1
2025-06-12 14:24:00,50.406503298774744
2025-06-12 00:26:00,9.9
2025-06-12 04:16:00,6.6
2025-06-12 23:43:00,5.8
2025-06-12 03:41:00,50.406503298774744
2025-06-12 15:06:00,79.8
2025-06-12 14:46:00,64.5
2025-06-12 10:46:00,56.3
2025-06-12 00:29:00,64.9
2025-06-12 11:11:00,50.406503298774744
2025-06-12 02:19:00,50.406503298774744
2025-06-12 04:35:00,41.3
2025-06-12 00:52:00,50.406503298774744
2025-06-12 01:34:00,50.406503298774744
2025-06-12 04:40:00,78.6
2025-06-12 14:08:00,12.0
2025-06-12 12:35:00,18.0
2025-06-12 19:37:00,50.406503298774744
2025-06-12 19:29:00,68.8
2025-06-12 08:54:00,15.7
2025-06-12 14:31:00,38.8
2025-06-12 00:28:00,9.4
2025-06-12 11:38:00,1.4
2025-06-12 19:58:00,58.7
2025-06-12 07:37:00,41.8
2025-06-12 00:15:00,43.6
2025-06-12 18:59:00,78.5
2025-06-12 02:51:00,49.8
2025-06-12 11:59:00,78.8
2025-06-12 21:50:00,35.5
2025-06-12 07:56:00,50.406503298774744
2025-06-12 16:18:00,3.7
2025-06-12 17:00:00,18.3
2025-06-12 13:49:00,50.406503298774744
2025-06-12 03:46:00,89.8
2025-06-12 03:33:00,44.2
2025-06-12 17:39:00,50.406503298774744
2025-06-12 20:54:00,50.406503298774744
2025-06-12 13:16:00,90.7
2025-06-12 13:33:00,18.6
2025-06-12 06:13:00,18.3
2025-06-12 09:29:00,50.406503298774744
2025-06-12 12:24:00,34.7
2025-06-12 12:00:00,1.1
2025-06-12 07:11:00,50.406503298774744
2025-06-12 20:23:00,38.5
2025-06-12 06:53:00,92.9
2025-06-12 03:43:00,57.1
2025-06-12 09:23:00,30.6
2025-06-12 21:35:00,95.8
2025-06-12 00:59:00,25.9
2025-06-12 01:08:00,50.406503298774744
2025-06-12 06:30:00,50.406503298774744
2025-06-12 02:14:00,60.5
2025-06-12 19:52:00,33.0
2025-06-12 01:52:00,60.5
2025-06-12 03:48:00,50.406503298774744
2025-06-12 21:36:00,50.406503298774744
2025-06-12 15:29:00,50.406503298774744
2025-06-12 15:47:00,95.2
2025-06-12 14:35:00,84.7
2025-06-12 11:01:00,90.6
2025-06-12 03:11:00,65.3
2025-06-12 19:45:00,0.3
2025-06-12 04:36:00,73.9
2025-06-12 02:40:00,50.406503298774744
2025-06-12 23:10:00,69.9
2025-06-12 02:37:00,70.4
2025-06-12 12:36:00,40.7
2025-06-12 18:07:00,11.8
2025-06-12 03:40:00,78.0
2025-06-12 11:08:00,2.8
2025-06-12 01:02:00,50.406503298774744
2025-06-12 16:00:00,65.5
2025-06-12 15:50:00,30.2
2025-06-12 07:48:00,50.406503298774744
2025-06-12 22:36:00,19.7
2025-06-12 01:33:00,63.7
2025-06-12 08:59:00,91.8
2025-06-12 21:52:00,50.406503298774744
2025-06-12 11:21:00,82.5
2025-06-12 20:03:00,57.5
2025-06-12 11:22:00,50.406503298774744
2025-06-12 08:18:00,65.0
2025-06-12 15:14:00,14.0
2025-06-12 19:17:00,21.9
2025-06-12 17:06:00,50.406503298774744
2025-06-12 23:57:00,86.0
2025-06-12 02:06:00,65.7
2025-06-12 12:39:00,53.4
2025-06-12 05:13:00,68.2
2025-06-12 09:16:00,77.1
2025-06-12 21:01:00,48.1
2025-06-12 16:38:00,86.5
2025-06-12 08:52:00,13.8
2025-06-12 15:38:00,51.1
2025-06-12 06:20:00,4.0
2025-06-12 14:26:00,50.406503298774744
2025-06-12 01:15:00,37.7
2025-06-12 18:16:00,80.9
2025-06-12 03:15:00,4.0
2025-06-12 04:53:00,35.3
2025-06-12 02:36:00,73.9
2025-06-12 16:23:00,48.5
2025-06-12 14:44:00,15.7
2025-06-12 13:11:00,50.406503298774744
2025-06-12 04:48:00,74.7
2025-06-12 00:35:00,11.4
2025-06-12 07:55:00,64.2
2025-06-12 08:36:00,58.9
2025-06-12 21:47:00,75.3
2025-06-12 01:46:00,84.2
2025-06-12 09:18:00,76.1
2025-06-12 06:14:00,81.1
2025-06-12 04:14:00,50.406503298774744
2025-06-12 02:47:00,50.406503298774744
2025-06-12 16:14:00,92.7
2025-06-12 03:38:00,18.5
2025-06-12 14:18:00,8.7
2025-06-12 12:49:00,15.6
2025-06-12 17:46:00,83.0
2025-06-12 13:24:00,45.7
2025-06-12 21:43:00,83.8
2025-06-12 17:35:00,50.406503298774744
2025-06-12 02:33:00,50.406503298774744
2025-06-12 16:05:00,50.406503298774744
2025-06-12 19:19:00,2.5
2025-06-12 13:45:00,13.1
2025-06-12 22:15:00,37.6
2025-06-12 21:07:00,89.2
2025-06-12 23:15:00,8.2
2025-06-12 22:40:00,99.2
2025-06-12 04:32:00,73.1
2025-06-12 14:34:00,50.406503298774744
2025-06-12 08:03:00,13.4
2025-06-12 01:06:00,10.7
2025-06-12 03:57:00,27.5
2025-06-12 20:00:00,5.0
2025-06-12 11:41:00,90.6
2025-06-12 14:58:00,23.3
2025-06-12 02:59:00,13.6
2025-06-12 05:41:00,74.9
2025-06-12 13:34:00,45.4
2025-06-12 23:32:00,3.3
2025-06-12 01:00:00,31.1
2025-06-12 02:07:00,32.9
2025-06-12 16:33:00,21.9
2025-06-12 16:06:00,37.8
2025-06-12 20:24:00,16.7
2025-06-12 04:29:00,14.5
2025-06-12 12:44:00,50.406503298774744
2025-06-12 14:19:00,91.1
2025-06-12 17:30:00,76.7
2025-06-12 14:42:00,15.2
2025-06-12 08:00:00,21.7
2025-06-12 14:20:00,17.6
2025-06-12 15:31:00,0.1
2025-06-12 19:55:00,88.7
2025-06-12 11:28:00,50.406503298774744
2025-06-12 05:50:00,7.3
2025-06-12 08:23:00,64.9
2025-06-12 21:44:00,50.406503298774744
2025-06-12 14:11:00,80.4
2025-06-12 09:06:00,31.1
2025-06-12 06:12:00,80.0
2025-06-12 00:38:00,27.0
2025-06-12 15:46:00,50.406503298774744
2025-06-12 07:57:00,12.3
2025-06-12 02:39:00,53.5
2025-06-12 06:15:00,58.9
2025-06-12 19:04:00,46.3
2025-06-12 23:44:00,61.2
2025-06-12 00:49:00,22.6
2025-06-12 13:14:00,23.4
2025-06-12 01:37:00,30.3
2025-06-12 22:27:00,14.6
2025-06-12 17:57:00,23.7
2025-06-12 18:34:00,48.1
2025-06-12 04:51:00,31.6
2025-06-12 18:49:00,50.406503298774744
2025-06-12 03:05:00,28.8
2025-06-12 23:47:00,50.406503298774744
2025-06-12 09:14:00,50.406503298774744
2025-06-12 14:41:00,92.7
2025-06-12 16:21:00,52.3
2025-06-12 07:16:00,78.2
2025-06-12 19:20:00,78.3
2025-06-12 04:00:00,95.4
2025-06-12 14:50:00,79.5
2025-06-12 18:40:00,2.5
2025-06-12 18:15:00,79.0
2025-06-12 02:48:00,45.1
2025-06-12 13:28:00,4.5
2025-06-12 11:32:00,20.6
2025-06-12 21:17:00,35.7
2025-06-12 22:23:00,45.4
2025-06-12 09:10:00,33.8
2025-06-12 13:26:00,99.2
2025-06-12 05:15:00,39.6
2025-06-12 23:34:00,21.0
2025-06-12 23:22:00,50.406503298774744
2025-06-12 07:28:00,50.406503298774744
2025-06-12 11:13:00,76.6
2025-06-12 22:17:00,57.3
2025-06-12 07:44:00,50.406503298774744
2025-06-12 20:55:00,67.9
2025-06-12 10:57:00,69.6
2025-06-12 22:16:00,83.6
2025-06-12 03:06:00,30.0
2025-06-12 15:40:00,50.406503298774744
2025-06-12 21:03:00,49.1
2025-06-12 20:20:00,42.1
2025-06-12 09:22:00,50.0
2025-06-12 14:21:00,6.1
2025-06-12 11:54:00,69.3
2025-06-12 18:25:00,51.0
2025-06-12 21:46:00,1.3
2025-06-12 00:34:00,47.8
2025-06-12 08:39:00,78.5
2025-06-12 19:57:00,42.9
2025-06-12 06:39:00,60.8
2025-06-12 20:51:00,28.3
2025-06-12 19:15:00,77.6
2025-06-12 09:53:00,65.7
2025-06-12 14:04:00,74.4
2025-06-12 01:14:00,19.7
2025-06-12 22:55:00,81.2
2025-06-12 00:13:00,21.4
2025-06-12 02:20:00,15.2
2025-06-12 00:24:00,99.7
2025-06-12 08:35:00,8.2
2025-06-12 18:14:00,81.8
2025-06-12 04:41:00,49.0
2025-06-12 23:53:00,76.7
2025-06-12 12:52:00,50.406503298774744
2025-06-12 19:44:00,48.3
2025-06-12 14:07:00,99.7
2025-06-12 04:05:00,93.2
2025-06-12 04:38:00,50.406503298774744
2025-06-12 10:48:00,97.8
2025-06-12 10:31:00,50.406503298774744
2025-06-12 13:31:00,50.406503298774744
2025-06-12 05:03:00,21.8
2025-06-12 12:56:00,46.2
2025-06-12 11:48:00,77.5
2025-06-12 06:08:00,50.406503298774744
2025-06-12 12:20:00,62.4
2025-06-12 22:48:00,22.0
2025-06-12 17:42:00,13.4
2025-06-12 07:54:00,35.9
2025-06-12 04:04:00,23.1
2025-06-12 02:49:00,73.7
2025-06-12 00:36:00,71.1
2025-06-12 03:31:00,10.1
2025-06-12 04:37:00,28.5
2025-06-12 11:26:00,35.3
2025-06-12 13:04:00,95.6
2025-06-12 12:47:00,46.3
2025-06-12 18:00:00,77.9
2025-06-12 05:18:00,79.3
2025-06-12 06:55:00,70.3
2025-06-12 07:12:00,92.7
2025-06-12 18:33:00,85.0
2025-06-12 08:12:00,21.0
2025-06-12 22:09:00,77.8
2025-06-12 05:55:00,24.8
2025-06-12 12:26:00,85.0
2025-06-12 22:00:00,89.7
2025-06-12 18:11:00,33.3
2025-06-12 08:48:00,42.0
2025-06-12 07:08:00,61.8
2025-06-12 03:19:00,10.3
2025-06-12 17:32:00,98.8
2025-06-12 06:25:00,24.9
2025-06-12 19:46:00,73.9
2025-06-12 06:37:00,12.0
2025-06-12 05:05:00,14.4
2025-06-12 04:13:00,19.6
2025-06-12 20:05:00,11.7
2025-06-12 14:06:00,41.9
2025-06-12 04:45:00,61.3
2025-06-12 22:35:00,13.1
2025-06-12 10:04:00,75.4
2025-06-12 13:40:00,50.406503298774744
2025-06-12 17:10:00,33.8
2025-06-12 14:38:00,70.5
2025-06-12 19:07:00,50.406503298774744
2025-06-12 10:32:00,29.6
2025-06-12 03:23:00,31.5
2025-06-12 09:25:00,50.406503298774744
2025-06-12 20:02:00,50.406503298774744
2025-06-12 04:25:00,16.6
2025-06-12 01:20:00,55.5
2025-06-12 01:54:00,70.5
2025-06-12 03:26:00,16.2
2025-06-12 02:29:00,80.8
2025-06-12 06:06:00,36.7
2025-06-12 18:10:00,2.2
2025-06-12 00:54:00,56.0
2025-06-12 04:18:00,50.406503298774744
2025-06-12 13:44:00,72.7
2025-06-12 19:28:00,56.1
2025-06-12 20:58:00,7.3
2025-06-12 06:40:00,20.3
2025-06-12 05:36:00,36.3
2025-06-12 10:55:00,79.9
2025-06-12 16:20:00,30.9
2025-06-12 09:19:00,94.5
2025-06-12 19:35:00,92.9
2025-06-12 23:58:00,49.4
2025-06-12 07:18:00,68.0
2025-06-12 22:31:00,59.9
2025-06-12 14:05:00,60.9
2025-06-12 13:12:00,5.4
2025-06-12 19:50:00,6.0
2025-06-12 21:52:00,67.5
2025-06-12 17:25:00,34.6
2025-06-12 09:14:00,25.7
2025-06-12 07:42:00,79.0
2025-06-12 10:16:00,73.4
2025-06-12 15:41:00,50.3160582227961
2025-06-12 03:59:00,8.5
2025-06-12 07:29:00,43.5
2025-06-12 13:20:00,50.3160582227961
2025-06-12 14:53:00,7.4
2025-06-12 00:13:00,29.6
2025-06-12 04:18:00,66.6
2025-06-12 06:24:00,66.4
2025-06-12 12:53:00,50.3160582227961
2025-06-12 00:39:00,50.3160582227961
2025-06-12 23:27:00,88.6
2025-06-12 01:42:00,58.7
2025-06-12 00:25:00,69.6
2025-06-12 23:46:00,20.0
2025-06-12 20:35:00,93.4
2025-06-12 17:41:00,50.3160582227961
2025-06-12 12:51:00,26.9
2025-06-12 15:28:00,84.9
2025-06-12 08:56:00,50.3160582227961
2025-06-12 23:59:00,50.3160582227961
2025-06-12 12:06:00,73.1
2025-06-12 10:38:00,99.9
2025-06-12 10:27:00,22.6
2025-06-12 00:06:00,3.6
2025-06-12 05:57:00,25.9
2025-06-12 10:22:00,73.0
2025-06-12 09:07:00,74.9
2025-06-12 01:04:00,21.8
2025-06-12 19:39:00,96.3
2025-06-12 08:03:00,89.9
2025-06-12 04:37:00,64.2
2025-06-12 20:16:00,15.3
2025-06-12 22:12:00,80.8
2025-06-12 18:50:00,86.8
2025-06-12 14:16:00,50.3160582227961
2025-06-12 06:33:00,28.7
2025-06-12 05:19:00,78.4
2025-06-12 13:24:00,50.3160582227961
2025-06-12 14:13:00,50.3160582227961
2025-06-12 21:00:00,51.4
2025-06-12 12:16:00,38.9
2025-06-12 16:54:00,55.7
2025-06-12 19:57:00,2.1
2025-06-12 06:52:00,50.3160582227961
2025-06-12 13:56:00,50.3160582227961
2025-06-12 19:02:00,3.0
2025-06-12 07:31:00,84.4
2025-06-12 12:22:00,4.9
2025-06-12 15:12:00,70.0
2025-06-12 00:14:00,15.2
2025-06-12 02:35:00,89.8
2025-06-12 20:44:00,33.9
2025-06-12 07:16:00,0.2
2025-06-12 21:05:00,48.2
2025-06-12 12:37:00,55.4
2025-06-12 08:32:00,50.3160582227961
2025-06-12 19:34:00,89.6
2025-06-12 14:22:00,87.6
2025-06-12 19:20:00,24.3
2025-06-12 01:49:00,34.8
2025-06-12 02:57:00,60.4
2025-06-12 07:02:00,97.0
2025-06-12 19:56:00,55.3
2025-06-12 21:19:00,99.4
2025-06-12 12:27:00,22.8
2025-06-12 18:57:00,50.3160582227961
2025-06-12 04:04:00,50.3160582227961
2025-06-12 15:13:00,71.8
2025-06-12 08:54:00,1.7
2025-06-12 00:43:00,2.3
2025-06-12 09:57:00,26.2
2025-06-12 06:54:00,16.9
2025-06-12 22:15:00,13.3
2025-06-12 00:55:00,0.2
2025-06-12 19:22:00,70.9
2025-06-12 06:20:00,47.2
2025-06-12 07:52:00,66.9
2025-06-12 22:28:00,85.8
2025-06-12 16:13:00,92.1
2025-06-12 12:09:00,58.9
2025-06-12 21:24:00,99.9
2025-06-12 22:05:00,61.7
2025-06-12 07:55:00,25.1
2025-06-12 07:05:00,40.2
2025-06-12 15:36:00,75.9
2025-06-12 19:47:00,43.4
2025-06-12 00:32:00,96.8
2025-06-12 05:24:00,54.6
2025-06-12 04:43:00,42.5
2025-06-12 21:02:00,0.8
2025-06-12 20:53:00,65.0
2025-06-12 01:11:00,65.2
2025-06-12 11:40:00,21.6
2025-06-12 19:06:00,4.1
2025-06-12 10:28:00,46.1
2025-06-12 03:30:00,54.4
2025-06-12 17:55:00,27.9
2025-06-12 02:06:00,50.3160582227961
2025-06-12 19:29:00,50.3160582227961
2025-06-12 22:41:00,45.1
2025-06-12 10:15:00,31.2
2025-06-12 06:49:00,56.7
2025-06-12 01:23:00,70.7
2025-06-12 07:49:00,46.0
2025-06-12 01:58:00,48.0
2025-06-12 01:28:00,80.1
2025-06-12 14:35:00,50.3160582227961
2025-06-12 08:23:00,8.7
2025-06-12 13:11:00,19.6
2025-06-12 18:24:00,2.4
2025-06-12 02:26:00,44.1
2025-06-12 19:38:00,80.3
2025-06-12 15:30:00,50.3160582227961
2025-06-12 22:59:00,78.2
2025-06-12 03:57:00,31.2
2025-06-12 11:08:00,44.4
2025-06-12 21:57:00,20.5
2025-06-12 16:08:00,50.3160582227961
2025-06-12 15:54:00,77.6
2025-06-12 18:44:00,55.4
2025-06-12 20:56:00,85.6
2025-06-12 20:29:00,50.3160582227961
2025-06-12 14:44:00,19.7
2025-06-12 15:38:00,46.1
2025-06-12 20:15:00,88.0
2025-06-12 23:30:00,95.9
2025-06-12 00:28:00,50.3160582227961
2025-06-12 11:09:00,70.1
2025-06-12 04:45:00,98.5
2025-06-12 05:30:00,19.9
2025-06-12 20:07:00,95.0
2025-06-12 10:01:00,50.3160582227961
2025-06-12 16:55:00,50.3160582227961
2025-06-12 05:25:00,90.6
2025-06-12 17:11:00,7.8
2025-06-12 06:44:00,34.2
2025-06-12 23:48:00,1.2
2025-06-12 04:15:00,50.3160582227961
2025-06-12 06:14:00,58.2
2025-06-12 14:43:00,46.9
2025-06-12 11:43:00,50.3160582227961
2025-06-12 21:26:00,96.4
2025-06-12 02:19:00,68.6
2025-06-12 08:02:00,89.0
2025-06-12 09:32:00,51.9
2025-06-12 05:21:00,18.5
2025-06-12 09:44:00,30.1
2025-06-12 20:39:00,98.6
2025-06-12 05:03:00,89.6
2025-06-12 22:14:00,16.2
2025-06-12 20:21:00,2.2
2025-06-12 19:05:00,96.1
2025-06-12 16:25:00,71.0
2025-06-12 02:42:00,92.1
2025-06-12 22:52:00,64.4
2025-06-12 03:53:00,7.1
2025-06-12 20:58:00,3.5
2025-06-12 21:48:00,32.4
2025-06-12 12:34:00,33.7
2025-06-12 19:25:00,3.9
2025-06-12 04:38:00,50.3160582227961
2025-06-12 17:09:00,7.9
2025-06-12 19:36:00,33.8
2025-06-12 13:48:00,26.4
2025-06-12 10:46:00,3.8
2025-06-12 13:58:00,45.7
2025-06-12 11:35:00,50.3160582227961
2025-06-12 05:50:00,41.6
2025-06-12 06:07:00,50.3160582227961
2025-06-12 10:02:00,77.4
2025-06-12 10:47:00,50.3160582227961
2025-06-12 01:01:00,98.2
2025-06-12 12:30:00,20.0
2025-06-12 04:42:00,20.0
2025-06-12 21:23:00,50.3160582227961
2025-06-12 23:32:00,6.8
2025-06-12 09:35:00,98.2
2025-06-12 10:51:00,53.5
2025-06-12 23:15:00,11.1
2025-06-12 01:06:00,88.1
2025-06-12 10:07:00,16.6
2025-06-12 01:59:00,88.5
2025-06-12 18:34:00,89.8
2025-06-12 14:51:00,94.6
2025-06-12 15:55:00,66.5
2025-06-12 03:47:00,25.4
2025-06-12 16:16:00,63.1
2025-06-12 09:56:00,63.8
2025-06-12 14:37:00,32.3
2025-06-12 18:13:00,50.3160582227961
2025-06-12 17:15:00,88.2
2025-06-12 03:31:00,39.9
2025-06-12 15:03:00,85.9
2025-06-12 20:27:00,93.6
2025-06-12 02:45:00,81.0
2025-06-12 20:13:00,18.5
2025-06-12 10:32:00,45.8
2025-06-12 12:24:00,47.1
2025-06-12 04:11:00,55.7
2025-06-12 06:45:00,39.7
2025-06-12 20:05:00,88.6
2025-06-12 21:06:00,50.3160582227961
2025-06-12 23:56:00,11.8
2025-06-12 08:31:00,46.2
2025-06-12 13:29:00,25.1
2025-06-12 19:07:00,93.0
2025-06-12 23:50:00,47.1
2025-06-12 08:13:00,71.6
2025-06-12 00:26:00,65.1
2025-06-12 06:13:00,96.8
2025-06-12 10:13:00,78.2
2025-06-12 01:27:00,27.9
2025-06-12 23:12:00,95.7
2025-06-12 02:28:00,3.0
2025-06-12 18:06:00,61.5
2025-06-12 14:46:00,8.7
2025-06-12 09:13:00,30.7
2025-06-12 05:40:00,74.8
2025-06-12 04:54:00,27.7
2025-06-12 20:48:00,37.1
2025-06-12 17:47:00,50.3
2025-06-12 12:08:00,73.4
2025-06-12 05:32:00,50.3160582227961
2025-06-12 11:21:00,62.7
2025-06-12 14:29:00,47.8
2025-06-12 00:12:00,78.8
2025-06-12 16:06:00,47.4
2025-06-12 08:22:00,39.7
2025-06-12 13:18:00,96.7
2025-06-12 03:09:00,52.4
2025-06-12 05:00:00,83.6
2025-06-12 17:44:00,70.1
2025-06-12 20:12:00,35.9
2025-06-12 04:00:00,28.0
2025-06-12 06:38:00,35.2
2025-06-12 07:15:00,5.6
2025-06-12 14:18:00,45.4
2025-06-12 08:28:00,83.2
2025-06-12 12:17:00,13.9
2025-06-12 05:20:00,50.3160582227961
2025-06-12 04:35:00,35.9
2025-06-12 23:40:00,52.6
2025-06-12 08:52:00,38.8
2025-06-12 23:16:00,80.9
2025-06-12 14:10:00,27.4
2025-06-12 08:17:00,1.0
2025-06-12 09:37:00,56.9
2025-06-12 03:45:00,93.7
2025-06-12 11:20:00,50.4
2025-06-12 12:29:00,18.0
2025-06-12 20:31:00,63.6
2025-06-12 05:39:00,91.6
2025-06-12 11:52:00,86.2
2025-06-12 20:11:00,50.3160582227961
2025-06-12 12:01:00,30.8
2025-06-12 01:21:00,82.3
2025-06-12 06:43:00,7.6
2025-06-12 03:46:00,86.8
2025-06-12 14:24:00,76.9
2025-06-12 03:11:00,49.3
2025-06-12 09:23:00,36.6
2025-06-12 02:48:00,78.9
2025-06-12 21:55:00,77.3
2025-06-12 14:58:00,26.4
2025-06-12 21:04:00,14.0
2025-06-12 21:12:00,32.7
2025-06-12 21:08:00,47.1
2025-06-12 12:23:00,87.6
2025-06-12 14:07:00,67.4
2025-06-12 05:48:00,51.6
2025-06-12 08:30:00,37.5
2025-06-12 20:25:00,86.7
2025-06-12 23:55:00,86.7
2025-06-12 14:08:00,33.4
2025-06-12 23:51:00,55.9
2025-06-12 04:55:00,56.3
2025-06-12 09:31:00,50.3160582227961
2025-06-12 03:08:00,64.5
2025-06-12 02:55:00,50.3160582227961
2025-06-12 15:56:00,88.5
2025-06-12 04:53:00,89.1
2025-06-12 10:03:00,40.1
2025-06-12 00:50:00,30.8
2025-06-12 18:11:00,36.4
2025-06-12 06:59:00,42.5
2025-06-12 15:50:00,27.1
2025-06-12 22:17:00,1.0
2025-06-12 12:52:00,74.5
2025-06-12 08:44:00,24.8
2025-06-12 09:10:00,99.6
2025-06-12 22:44:00,83.7
2025-06-12 14:03:00,72.5
2025-06-12 06:16:00,89.5
2025-06-12 16:27:00,35.7
2025-06-12 08:04:00,21.1
2025-06-12 17:13:00,78.2
2025-06-12 11:37:00,42.7
2025-06-12 09:53:00,92.3
2025-06-12 18:22:00,20.3
2025-06-12 05:45:00,16.9
2025-06-12 03:49:00,24.1
2025-06-12 18:26:00,35.0
2025-06-12 16:40:00,86.6
2025-06-12 04:00:00,19.1
2025-06-12 21:47:00,75.7
2025-06-12 06:00:00,33.4
2025-06-12 13:41:00,37.7
2025-06-12 18:57:00,23.1
2025-06-12 10:59:00,60.8
2025-06-12 09:11:00,82.2
2025-06-12 16:37:00,53.3
2025-06-12 10:44:00,50.04954009433962
2025-06-12 20:33:00,4.3
2025-06-12 14:43:00,87.4
2025-06-12 16:58:00,5.8
2025-06-12 22:16:00,97.1
2025-06-12 16:48:00,27.4
2025-06-12 16:26:00,21.3
2025-06-12 19:28:00,94.4
2025-06-12 22:59:00,27.4
2025-06-12 14:48:00,50.04954009433962
2025-06-12 03:55:00,11.9
2025-06-12 05:50:00,96.8
2025-06-12 05:15:00,75.6
2025-06-12 07:15:00,82.4
2025-06-12 03:34:00,36.3
2025-06-12 23:07:00,76.4
2025-06-12 22:57:00,30.2
2025-06-12 08:41:00,72.7
2025-06-12 09:52:00,76.6
2025-06-12 09:47:00,50.04954009433962
2025-06-12 02:03:00,94.3
2025-06-12 01:07:00,24.7
2025-06-12 23:05:00,94.6
2025-06-12 23:49:00,75.5
2025-06-12 07:43:00,4.4
2025-06-12 13:28:00,96.8
2025-06-12 01:57:00,50.04954009433962
2025-06-12 04:20:00,74.1
2025-06-12 10:01:00,69.7
2025-06-12 14:40:00,14.5
2025-06-12 13:50:00,5.1
2025-06-12 02:09:00,31.9
2025-06-12 15:41:00,15.4
2025-06-12 07:17:00,79.9
2025-06-12 18:11:00,33.9
2025-06-12 18:03:00,49.9
2025-06-12 06:13:00,60.5
2025-06-12 21:53:00,98.9
2025-06-12 18:04:00,42.1
2025-06-12 17:46:00,24.2
2025-06-12 15:55:00,50.04954009433962
2025-06-12 11:16:00,10.6
2025-06-12 02:22:00,61.5
2025-06-12 01:43:00,19.2
2025-06-12 15:38:00,50.04954009433962
2025-06-12 22:27:00,10.3
2025-06-12 17:48:00,66.7
2025-06-12 15:58:00,20.5
2025-06-12 08:07:00,58.6
2025-06-12 09:27:00,14.6
2025-06-12 07:18:00,47.1
2025-06-12 22:35:00,34.0
2025-06-12 14:51:00,79.6
2025-06-12 12:54:00,2.5
2025-06-12 05:30:00,15.8
2025-06-12 15:00:00,68.9
2025-06-12 08:24:00,50.04954009433962
2025-06-12 05:06:00,33.7
2025-06-12 02:42:00,67.1
2025-06-12 03:41:00,50.04954009433962
2025-06-12 03:52:00,38.9
2025-06-12 04:28:00,50.04954009433962
2025-06-12 16:45:00,89.1
2025-06-12 12:21:00,4.9
2025-06-12 05:59:00,97.3
2025-06-12 23:31:00,50.04954009433962
2025-06-12 20:52:00,78.0
2025-06-12 03:47:00,78.2
2025-06-12 04:13:00,90.9
2025-06-12 03:56:00,31.2
2025-06-12 13:43:00,40.6
2025-06-12 12:04:00,45.8
2025-06-12 23:55:00,91.2
2025-06-12 20:04:00,45.1
2025-06-12 07:34:00,92.5
2025-06-12 06:01:00,88.5
2025-06-12 12:03:00,50.04954009433962
2025-06-12 21:13:00,16.7
2025-06-12 01:55:00,22.6
2025-06-12 14:19:00,49.0
2025-06-12 05:55:00,54.0
2025-06-12 14:24:00,77.3
2025-06-12 14:31:00,80.7
2025-06-12 16:44:00,55.1
2025-06-12 04:10:00,50.04954009433962
2025-06-12 19:58:00,53.7
2025-06-12 10:09:00,61.7
2025-06-12 14:08:00,35.6
2025-06-12 22:08:00,55.7
2025-06-12 08:45:00,0.4
2025-06-12 00:46:00,50.6
2025-06-12 14:05:00,19.1
2025-06-12 07:31:00,96.9
2025-06-12 23:16:00,82.4
2025-06-12 22:12:00,66.5
2025-06-12 11:03:00,8.0
2025-06-12 05:03:00,98.1
2025-06-12 13:11:00,90.1
2025-06-12 23:20:00,58.1
2025-06-12 00:37:00,9.7
2025-06-12 06:11:00,1.9
2025-06-12 07:14:00,53.5
2025-06-12 01:34:00,94.6
2025-06-12 02:46:00,18.7
2025-06-12 02:36:00,50.04954009433962
2025-06-12 01:46:00,98.5
2025-06-12 10:25:00,50.04954009433962
2025-06-12 04:37:00,36.0
2025-06-12 00:43:00,42.3
2025-06-12 02:14:00,12.5
2025-06-12 00:02:00,29.4
2025-06-12 08:09:00,50.04954009433962
2025-06-12 17:52:00,78.9
2025-06-12 07:56:00,94.3
2025-06-12 00:24:00,86.3
2025-06-12 05:28:00,50.04954009433962
2025-06-12 03:33:00,32.5
2025-06-12 06:04:00,50.04954009433962
2025-06-12 01:20:00,50.04954009433962
2025-06-12 19:55:00,91.7
2025-06-12 13:34:00,38.9
2025-06-12 20:20:00,31.9
2025-06-12 05:17:00,58.6
2025-06-12 05:23:00,35.6
2025-06-12 09:30:00,86.7
2025-06-12 16:06:00,1.8
2025-06-12 19:49:00,96.6
2025-06-12 10:23:00,32.5
2025-06-12 11:26:00,77.2
2025-06-12 08:36:00,80.8
2025-06-12 00:31:00,34.6
2025-06-12 23:12:00,47.3
2025-06-12 21:12:00,21.7
2025-06-12 12:53:00,31.7
2025-06-12 08:29:00,24.5
2025-06-12 17:09:00,2.2
2025-06-12 19:21:00,87.5
2025-06-12 01:32:00,19.5
2025-06-12 10:47:00,52.5
2025-06-12 02:38:00,72.3
2025-06-12 23:30:00,9.4
2025-06-12 03:08:00,40.9
2025-06-12 11:06:00,89.6
2025-06-12 16:39:00,34.1
2025-06-12 09:06:00,67.4
2025-06-12 21:50:00,98.2
2025-06-12 03:45:00,60.7
2025-06-12 18:20:00,75.4
2025-06-12 00:41:00,42.8
2025-06-12 07:03:00,56.5
2025-06-12 18:17:00,54.1
2025-06-12 15:40:00,44.0
2025-06-12 06:45:00,46.7
2025-06-12 17:59:00,96.2
2025-06-12 01:25:00,97.2
2025-06-12 08:00:00,17.9
2025-06-12 22:51:00,50.04954009433962
2025-06-12 09:40:00,9.7
2025-06-12 21:10:00,97.1
2025-06-12 20:41:00,60.7
2025-06-12 15:11:00,6.4
2025-06-12 22:30:00,58.8
2025-06-12 13:09:00,82.5
2025-06-12 21:44:00,59.0
2025-06-12 04:52:00,70.9
2025-06-12 00:48:00,25.1
2025-06-12 13:29:00,65.3
2025-06-12 09:16:00,82.7
2025-06-12 12:16:00,21.9
2025-06-12 20:36:00,50.04954009433962
2025-06-12 06:39:00,69.4
2025-06-12 07:48:00,6.6
2025-06-12 15:36:00,91.8
2025-06-12 20:24:00,97.5
2025-06-12 20:18:00,56.4
2025-06-12 04:56:00,80.2
2025-06-12 07:10:00,50.04954009433962
2025-06-12 23:19:00,25.1
2025-06-12 09:58:00,68.1
2025-06-12 07:33:00,36.1
2025-06-12 02:40:00,0.1
2025-06-12 21:42:00,50.04954009433962
2025-06-12 03:48:00,48.5
2025-06-12 10:45:00,32.0
2025-06-12 16:01:00,76.3
2025-06-12 10:15:00,26.1
2025-06-12 11:42:00,98.9
2025-06-12 04:39:00,44.8
2025-06-12 14:03:00,35.9
2025-06-12 11:34:00,15.6
2025-06-12 15:49:00,20.7
2025-06-12 23:22:00,50.04954009433962
2025-06-12 19:54:00,50.04954009433962
2025-06-12 08:02:00,64.4
2025-06-12 08:04:00,34.9
2025-06-12 05:20:00,86.0
2025-06-12 09:07:00,19.5
2025-06-12 06:17:00,33.9
2025-06-12 00:15:00,57.7
2025-06-12 12:20:00,85.6
2025-06-12 00:14:00,50.04954009433962
2025-06-12 21:19:00,58.4
2025-06-12 17:45:00,50.04954009433962
2025-06-12 21:48:00,31.0
2025-06-12 06:55:00,59.8
2025-06-12 06:51:00,57.6
2025-06-12 12:49:00,9.8
2025-06-12 07:02:00,65.7
2025-06-12 21:06:00,50.04954009433962
2025-06-12 07:26:00,7.1
2025-06-12 14:37:00,42.6
2025-06-12 09:02:00,84.9
2025-06-12 18:45:00,41.3
2025-06-12 11:54:00,36.1
2025-06-12 10:20:00,77.8
2025-06-12 07:59:00,20.1
2025-06-12 14:42:00,76.4
2025-06-12 07:06:00,34.4
2025-06-12 02:53:00,30.8
2025-06-12 15:07:00,97.5
2025-06-12 03:25:00,41.4
2025-06-12 09:29:00,83.0
2025-06-12 14:36:00,59.0
2025-06-12 20:09:00,46.4
2025-06-12 22:47:00,18.5
2025-06-12 10:13:00,85.3
2025-06-12 00:53:00,74.8
2025-06-12 18:59:00,42.8
2025-06-12 23:44:00,50.04954009433962
2025-06-12 14:27:00,34.9
2025-06-12 15:24:00,61.7
2025-06-12 15:47:00,50.04954009433962
2025-06-12 16:15:00,61.9
2025-06-12 07:27:00,50.04954009433962
2025-06-12 06:18:00,5.2
2025-06-12 19:41:00,2.4
2025-06-12 07:20:00,30.6
2025-06-12 09:28:00,26.9
2025-06-12 05:47:00,50.04954009433962
2025-06-12 14:23:00,21.3
2025-06-12 06:05:00,32.6
2025-06-12 19:57:00,51.6
2025-06-12 21:51:00,50.04954009433962
2025-06-12 09:05:00,11.0
2025-06-12 08:50:00,50.04954009433962
2025-06-12 02:12:00,39.7
2025-06-12 20:58:00,27.4
2025-06-12 19:39:00,26.6
2025-06-12 15:14:00,50.04954009433962
2025-06-12 10:02:00,31.8
2025-06-12 20:16:00,77.4
2025-06-12 21:29:00,47.8
2025-06-12 21:37:00,2.1
2025-06-12 19:51:00,8.2
2025-06-12 18:29:00,50.04954009433962
2025-06-12 14:30:00,67.7
2025-06-12 03:09:00,20.1
2025-06-12 20:34:00,16.2
2025-06-12 13:42:00,50.04954009433962
2025-06-12 04:22:00,60.6
2025-06-12 03:37:00,54.5
2025-06-12 20:43:00,0.6
2025-06-12 23:42:00,77.6
2025-06-12 19:29:00,50.04954009433962
2025-06-12 00:00:00,26.5
2025-06-12 17:40:00,31.6
2025-06-12 13:35:00,88.8
2025-06-12 08:42:00,55.6
2025-06-12 16:17:00,73.7
2025-06-12 02:28:00,35.8
2025-06-12 15:53:00,25.5
2025-06-12 00:52:00,23.6
2025-06-12 21:28:00,50.04954009433962
2025-06-12 00:21:00,48.8
2025-06-12 18:15:00,77.7
2025-06-12 08:59:00,78.4
2025-06-12 20:11:00,92.2
2025-06-12 22:15:00,26.9
2025-06-12 01:26:00,85.2
2025-06-12 02:43:00,61.3
2025-06-12 19:52:00,6.6
2025-06-12 20:14:00,1.5
2025-06-12 18:40:00,76.0
2025-06-12 01:44:00,7.7
2025-06-12 09:13:00,50.04954009433962
2025-06-12 02:08:00,27.8
2025-06-12 09:48:00,27.2
2025-06-12 19:43:00,50.04954009433962
2025-06-12 14:17:00,36.2
2025-06-12 04:17:00,4.4
2025-06-12 16:03:00,77.4
2025-06-12 01:18:00,50.06682414078186
2025-06-12 10:44:00,93.5
2025-06-12 10:01:00,20.7
2025-06-12 03:10:00,90.9
2025-06-12 06:40:00,46.4
2025-06-12 21:08:00,68.0
2025-06-12 03:50:00,9.8
2025-06-12 11:39:00,41.7
2025-06-12 02:01:00,50.06682414078186
2025-06-12 07:32:00,72.5
2025-06-12 21:02:00,82.0
2025-06-12 21:29:00,29.5
2025-06-12 07:59:00,61.1
2025-06-12 13:14:00,95.4
2025-06-12 00:30:00,91.8
2025-06-12 15:36:00,50.06682414078186
2025-06-12 02:49:00,50.06682414078186
2025-06-12 02:15:00,12.3
2025-06-12 05:33:00,62.3
2025-06-12 08:36:00,13.4
2025-06-12 19:30:00,22.7
2025-06-12 08:10:00,79.4
2025-06-12 19:32:00,36.6
2025-06-12 22:28:00,66.8
2025-06-12 12:37:00,25.1
2025-06-12 05:14:00,3.4
2025-06-12 14:45:00,50.06682414078186
2025-06-12 11:33:00,87.2
2025-06-12 15:31:00,76.2
2025-06-12 18:02:00,80.2
2025-06-12 04:15:00,35.9
2025-06-12 20:12:00,50.06682414078186
2025-06-12 00:00:00,15.8
2025-06-12 20:37:00,12.0
2025-06-12 04:34:00,94.6
2025-06-12 07:08:00,70.5
2025-06-12 05:51:00,33.0
2025-06-12 08:04:00,80.7
2025-06-12 11:31:00,10.2
2025-06-12 05:53:00,84.7
2025-06-12 07:25:00,40.0
2025-06-12 21:43:00,89.6
2025-06-12 16:00:00,51.9
2025-06-12 01:27:00,64.0
2025-06-12 22:31:00,16.2
2025-06-12 13:15:00,25.7
2025-06-12 14:25:00,82.4
2025-06-12 22:41:00,50.06682414078186
2025-06-12 03:08:00,40.0
2025-06-12 11:34:00,22.4
2025-06-12 06:35:00,62.9
2025-06-12 00:47:00,50.6
2025-06-12 19:58:00,92.1
2025-06-12 14:28:00,68.6
2025-06-12 13:42:00,52.8
2025-06-12 07:15:00,7.5
2025-06-12 19:24:00,82.0
2025-06-12 04:14:00,7.3
2025-06-12 20:08:00,19.9
2025-06-12 19:14:00,48.1
2025-06-12 18:52:00,15.6
2025-06-12 02:14:00,95.6
2025-06-12 15:55:00,92.8
2025-06-12 16:39:00,50.06682414078186
2025-06-12 00:01:00,50.06682414078186
2025-06-12 01:06:00,52.7
2025-06-12 03:54:00,38.2
2025-06-12 16:28:00,50.06682414078186
2025-06-12 17:02:00,90.1
2025-06-12 01:51:00,75.5
2025-06-12 13:17:00,39.3
2025-06-12 10:47:00,50.06682414078186
2025-06-12 00:36:00,50.06682414078186
2025-06-12 12:22:00,69.8
2025-06-12 02:58:00,70.2
2025-06-12 01:31:00,19.9
2025-06-12 00:04:00,52.2
2025-06-12 21:07:00,27.8
2025-06-12 09:43:00,79.1
2025-06-12 22:26:00,71.5
2025-06-12 14:09:00,4.0
2025-06-12 20:35:00,41.4
2025-06-12 20:26:00,50.06682414078186
2025-06-12 06:45:00,7.2
2025-06-12 05:36:00,18.6
2025-06-12 20:54:00,64.1
2025-06-12 18:55:00,50.2
2025-06-12 00:39:00,15.0
2025-06-12 04:09:00,89.9
2025-06-12 13:56:00,69.5
2025-06-12 13:58:00,95.0
2025-06-12 05:42:00,1.2
2025-06-12 13:53:00,46.3
2025-06-12 16:16:00,50.06682414078186
2025-06-12 15:16:00,97.5
2025-06-12 09:38:00,70.5
2025-06-12 10:13:00,10.7
2025-06-12 15:04:00,22.3
2025-06-12 14:17:00,97.4
2025-06-12 08:09:00,70.9
2025-06-12 09:32:00,50.06682414078186
2025-06-12 13:26:00,98.9
2025-06-12 12:50:00,9.8
2025-06-12 04:10:00,22.4
2025-06-12 06:26:00,26.7
2025-06-12 13:32:00,77.9
2025-06-12 00:38:00,1.9
2025-06-12 06:18:00,50.06682414078186
2025-06-12 11:30:00,14.1
2025-06-12 19:35:00,47.7
2025-06-12 08:27:00,87.0
2025-06-12 23:30:00,12.9
2025-06-12 07:13:00,7.0
2025-06-12 19:17:00,12.1
2025-06-12 03:58:00,64.3
2025-06-12 06:41:00,50.06682414078186
2025-06-12 10:19:00,74.1
2025-06-12 19:47:00,43.5
2025-06-12 11:36:00,47.9
2025-06-12 14:47:00,92.5
2025-06-12 11:56:00,80.3
2025-06-12 10:36:00,67.8
2025-06-12 06:33:00,99.1
2025-06-12 16:25:00,10.9
2025-06-12 09:57:00,40.2
2025-06-12 08:20:00,99.3
2025-06-12 01:05:00,19.1
2025-06-12 06:15:00,24.9
2025-06-12 16:57:00,31.4
2025-06-12 20:39:00,57.7
2025-06-12 14:44:00,84.5
2025-06-12 07:34:00,50.06682414078186
2025-06-12 02:33:00,76.8
2025-06-12 06:47:00,80.4
2025-06-12 23:49:00,57.5
2025-06-12 22:57:00,50.06682414078186
2025-06-12 22:46:00,39.8
2025-06-12 07:01:00,35.1
2025-06-12 00:24:00,17.8
2025-06-12 12:29:00,63.7
2025-06-12 03:03:00,46.6
2025-06-12 06:29:00,47.9
2025-06-12 10:16:00,22.9
2025-06-12 11:53:00,30.7
2025-06-12 17:03:00,29.8
2025-06-12 06:25:00,88.6
2025-06-12 16:10:00,21.2
2025-06-12 22:55:00,2.5
2025-06-12 07:14:00,43.3
2025-06-12 18:04:00,50.06682414078186
2025-06-12 00:31:00,50.06682414078186
2025-06-12 06:32:00,96.3
2025-06-12 00:49:00,50.3
2025-06-12 15:59:00,50.06682414078186
2025-06-12 22:06:00,10.5
2025-06-12 13:50:00,30.9
2025-06-12 04:44:00,6.4
2025-06-12 05:31:00,87.1
2025-06-12 08:58:00,9.9
2025-06-12 03:36:00,70.9
2025-06-12 10:42:00,19.6
2025-06-12 17:39:00,96.0
2025-06-12 02:56:00,89.2
2025-06-12 02:10:00,92.6
2025-06-12 17:58:00,14.1
2025-06-12 19:12:00,35.1
2025-06-12 03:38:00,60.8
2025-06-12 08:07:00,52.7
2025-06-12 13:31:00,78.4
2025-06-12 01:12:00,50.06682414078186
2025-06-12 05:46:00,50.06682414078186
2025-06-12 19:41:00,88.2
2025-06-12 02:40:00,64.7
2025-06-12 01:36:00,30.1
2025-06-12 12:00:00,80.3
2025-06-12 15:44:00,38.8
2025-06-12 03:42:00,28.7
2025-06-12 16:32:00,54.9
2025-06-12 01:46:00,79.1
2025-06-12 18:22:00,5.3
2025-06-12 13:30:00,50.06682414078186
2025-06-12 00:35:00,9.2
2025-06-12 00:08:00,64.2
2025-06-12 18:14:00,87.3
2025-06-12 01:24:00,39.0
2025-06-12 21:56:00,21.4
2025-06-12 16:59:00,5.0
2025-06-12 20:15:00,6.0
2025-06-12 03:45:00,86.8
2025-06-12 05:32:00,82.9
2025-06-12 11:14:00,27.1
2025-06-12 07:18:00,72.1
2025-06-12 18:46:00,41.7
2025-06-12 23:03:00,47.5
2025-06-12 22:18:00,11.9
2025-06-12 12:18:00,50.0
2025-06-12 13:24:00,48.6
2025-06-12 10:39:00,32.4
2025-06-12 06:17:00,71.4
2025-06-12 18:12:00,60.5
2025-06-12 05:10:00,41.8
2025-06-12 00:16:00,4.4
2025-06-12 21:11:00,79.9
2025-06-12 06:08:00,38.7
2025-06-12 00:23:00,93.2
2025-06-12 22:37:00,5.3
2025-06-12 13:29:00,98.2
2025-06-12 15:09:00,92.0
2025-06-12 07:56:00,93.2
2025-06-12 17:45:00,52.9
2025-06-12 10:34:00,65.7
2025-06-12 08:45:00,68.9
2025-06-12 20:44:00,14.3
2025-06-12 16:54:00,50.06682414078186
2025-06-12 22:47:00,31.8
2025-06-12 09:46:00,50.06682414078186
2025-06-12 04:38:00,84.9
2025-06-12 11:06:00,71.0
2025-06-12 12:32:00,50.06682414078186
2025-06-12 16:42:00,78.7
2025-06-12 02:37:00,8.1
2025-06-12 03:21:00,50.06682414078186
2025-06-12 01:13:00,58.0
2025-06-12 03:18:00,41.1
2025-06-12 03:29:00,50.06682414078186
2025-06-12 16:45:00,30.3
2025-06-12 00:55:00,29.8
2025-06-12 02:17:00,47.9
2025-06-12 15:30:00,41.1
2025-06-12 15:22:00,50.06682414078186
2025-06-12 03:26:00,98.4
2025-06-12 23:29:00,64.6
2025-06-12 19:59:00,50.06682414078186
2025-06-12 09:20:00,77.4
2025-06-12 11:41:00,50.06682414078186
2025-06-12 21:57:00,71.5
2025-06-12 17:17:00,71.9
2025-06-12 07:06:00,28.9
2025-06-12 06:20:00,59.4
2025-06-12 14:37:00,50.06682414078186
2025-06-12 08:13:00,21.4
2025-06-12 23:27:00,52.3
2025-06-12 04:47:00,55.9
2025-06-12 00:59:00,92.5
2025-06-12 22:54:00,13.8
2025-06-12 12:35:00,98.9
2025-06-12 21:05:00,50.06682414078186
2025-06-12 03:02:00,11.7
2025-06-12 18:27:00,40.1
2025-06-12 18:33:00,56.6
2025-06-12 14:18:00,50.06682414078186
2025-06-12 08:47:00,42.7
2025-06-12 06:51:00,17.1
2025-06-12 15:40:00,81.0
2025-06-12 12:48:00,40.2
2025-06-12 00:46:00,21.1
2025-06-12 04:41:00,90.1
2025-06-12 04:48:00,78.9
2025-06-12 03:04:00,60.0
2025-06-12 20:01:00,54.6
2025-06-12 22:05:00,43.9
2025-06-12 05:04:00,4.4
2025-06-12 02:02:00,42.9
2025-06-12 11:35:00,51.6
2025-06-12 08:21:00,32.3
2025-06-12 04:13:00,81.7
2025-06-12 23:41:00,14.0
2025-06-12 18:56:00,72.1
2025-06-12 08:11:00,13.5
2025-06-12 15:54:00,64.7
2025-06-12 14:14:00,52.8
2025-06-12 18:40:00,90.8
2025-06-12 21:40:00,76.2
2025-06-12 07:40:00,27.3
2025-06-12 09:25:00,99.6
2025-06-12 00:43:00,95.1
2025-06-12 19:52:00,50.06682414078186
2025-06-12 23:42:00,26.8
2025-06-12 20:20:00,20.0
2025-06-12 09:58:00,4.2
2025-06-12 10:43:00,63.8
2025-06-12 03:52:00,55.9
2025-06-12 11:02:00,53.7
2025-06-12 00:41:00,40.7
2025-06-12 01:17:00,49.6
2025-06-12 06:43:00,30.2
2025-06-12 09:26:00,1.7
2025-06-12 16:19:00,50.06682414078186
2025-06-12 18:54:00,17.8
2025-06-12 06:31:00,92.7
2025-06-12 21:54:00,85.2
2025-06-12 04:04:00,54.2
2025-06-12 07:50:00,23.4
2025-06-12 14:53:00,16.9
2025-06-12 20:30:00,69.2
2025-06-12 03:20:00,49.378098152289034
2025-06-12 15:04:00,39.7
2025-06-12 18:04:00,94.1
2025-06-12 20:58:00,39.6
2025-06-12 12:59:00,45.6
2025-06-12 06:58:00,49.378098152289034
2025-06-12 02:53:00,37.0
2025-06-12 04:42:00,49.378098152289034
2025-06-12 14:16:00,35.5
2025-06-12 10:29:00,49.378098152289034
2025-06-12 01:10:00,41.1
2025-06-12 20:37:00,31.6
2025-06-12 06:11:00,4.2
2025-06-12 21:32:00,39.7
2025-06-12 03:28:00,49.378098152289034
2025-06-12 15:14:00,49.378098152289034
2025-06-12 19:29:00,88.0
2025-06-12 02:59:00,4.3
2025-06-12 15:09:00,49.378098152289034
2025-06-12 20:12:00,81.5
2025-06-12 08:58:00,74.0
2025-06-12 23:24:00,36.6
2025-06-12 23:16:00,49.378098152289034
2025-06-12 20:06:00,46.4
2025-06-12 19:22:00,7.9
2025-06-12 17:20:00,83.8
2025-06-12 05:24:00,38.0
2025-06-12 08:16:00,82.7
2025-06-12 15:18:00,7.0
2025-06-12 09:23:00,21.9
2025-06-12 03:01:00,17.2
2025-06-12 19:00:00,49.378098152289034
2025-06-12 06:27:00,98.9
2025-06-12 17:30:00,49.378098152289034
2025-06-12 05:08:00,76.9
2025-06-12 18:13:00,75.0
2025-06-12 04:11:00,49.378098152289034
2025-06-12 11:29:00,18.1
2025-06-12 15:47:00,49.378098152289034
2025-06-12 22:21:00,49.378098152289034
2025-06-12 21:19:00,13.5
2025-06-12 18:54:00,49.378098152289034
2025-06-12 06:19:00,49.378098152289034
2025-06-12 20:29:00,41.3
2025-06-12 03:29:00,53.3
2025-06-12 17:45:00,15.7
2025-06-12 15:22:00,47.6
2025-06-12 03:40:00,23.7
2025-06-12 05:52:00,91.0
2025-06-12 23:52:00,49.378098152289034
2025-06-12 22:16:00,48.7
2025-06-12 08:44:00,74.6
2025-06-12 08:09:00,42.4
2025-06-12 13:03:00,49.378098152289034
2025-06-12 18:23:00,83.3
2025-06-12 22:22:00,49.378098152289034
2025-06-12 20:55:00,49.378098152289034
2025-06-12 18:05:00,18.0
2025-06-12 03:39:00,3.7
2025-06-12 04:15:00,95.9
2025-06-12 08:54:00,43.2
2025-06-12 09:48:00,64.9
2025-06-12 11:35:00,52.2
2025-06-12 07:35:00,79.2
2025-06-12 03:32:00,2.7
2025-06-12 09:18:00,49.378098152289034
2025-06-12 18:40:00,49.378098152289034
2025-06-12 17:03:00,49.378098152289034
2025-06-12 07:36:00,7.4
2025-06-12 04:03:00,81.7
2025-06-12 22:47:00,49.378098152289034
2025-06-12 21:15:00,49.378098152289034
2025-06-12 09:28:00,67.3
2025-06-12 21:24:00,95.8
2025-06-12 00:08:00,62.2
2025-06-12 12:41:00,56.5
2025-06-12 18:59:00,43.8
2025-06-12 01:46:00,62.6
2025-06-12 08:11:00,53.4
2025-06-12 11:26:00,55.8
2025-06-12 10:33:00,33.6
2025-06-12 14:06:00,62.3
2025-06-12 15:31:00,1.1
2025-06-12 14:40:00,45.3
2025-06-12 07:31:00,75.4
2025-06-12 00:20:00,97.3
2025-06-12 03:46:00,85.3
2025-06-12 21:58:00,49.378098152289034
2025-06-12 23:34:00,84.5
2025-06-12 05:15:00,49.378098152289034
2025-06-12 13:53:00,49.378098152289034
2025-06-12 08:51:00,57.7
2025-06-12 04:18:00,49.378098152289034
2025-06-12 16:56:00,49.378098152289034
2025-06-12 21:06:00,68.3
2025-06-12 11:02:00,83.3
2025-06-12 17:59:00,36.4
2025-06-12 23:04:00,8.9
2025-06-12 06:04:00,65.7
2025-06-12 13:49:00,49.378098152289034
2025-06-12 21:09:00,21.1
2025-06-12 21:26:00,62.3
2025-06-12 06:01:00,49.378098152289034
2025-06-12 08:04:00,52.0
2025-06-12 08:36:00,83.4
2025-06-12 05:22:00,22.1
2025-06-12 07:40:00,49.378098152289034
2025-06-12 14:17:00,99.9
2025-06-12 09:59:00,61.9
2025-06-12 03:13:00,38.2
2025-06-12 09:31:00,9.3
2025-06-12 00:24:00,82.5
2025-06-12 04:02:00,75.8
2025-06-12 13:56:00,81.9
2025-06-12 14:13:00,30.7
2025-06-12 19:19:00,17.1
2025-06-12 16:28:00,51.4
2025-06-12 08:34:00,78.3
2025-06-12 22:05:00,26.7
2025-06-12 20:08:00,59.8
2025-06-12 14:27:00,75.4
2025-06-12 09:51:00,43.6
2025-06-12 14:52:00,71.3
2025-06-12 20:03:00,49.378098152289034
2025-06-12 23:30:00,71.1
2025-06-12 13:14:00,54.8
2025-06-12 00:22:00,23.9
2025-06-12 20:53:00,41.2
2025-06-12 10:43:00,49.378098152289034
2025-06-12 22:46:00,18.5
2025-06-12 15:56:00,49.378098152289034
2025-06-12 05:09:00,56.6
2025-06-12 11:36:00,22.3
2025-06-12 23:36:00,37.5
2025-06-12 18:33:00,65.2
2025-06-12 18:35:00,49.378098152289034
2025-06-12 22:52:00,90.3
2025-06-12 16:58:00,79.3
2025-06-12 23:27:00,5.1
2025-06-12 14:26:00,68.3
2025-06-12 14:43:00,71.9
2025-06-12 02:49:00,60.0
2025-06-12 00:48:00,83.5
2025-06-12 23:22:00,48.0
2025-06-12 06:21:00,93.8
2025-06-12 10:57:00,45.0
2025-06-12 00:57:00,93.3
2025-06-12 16:21:00,29.0
2025-06-12 11:05:00,41.5
2025-06-12 10:22:00,38.4
2025-06-12 03:30:00,76.6
2025-06-12 15:25:00,74.8
2025-06-12 16:55:00,63.8
2025-06-12 11:24:00,45.2
2025-06-12 07:59:00,49.378098152289034
2025-06-12 15:16:00,55.1
2025-06-12 17:56:00,38.2
2025-06-12 14:45:00,82.5
2025-06-12 16:49:00,49.378098152289034
2025-06-12 08:33:00,58.4
2025-06-12 05:34:00,37.9
2025-06-12 04:50:00,53.2
2025-06-12 15:37:00,49.378098152289034
2025-06-12 09:08:00,94.7
2025-06-12 12:06:00,22.3
2025-06-12 05:58:00,23.5
2025-06-12 09:11:00,16.2
2025-06-12 11:34:00,28.6
2025-06-12 04:47:00,43.4
2025-06-12 06:39:00,15.1
2025-06-12 01:14:00,21.9
2025-06-12 03:21:00,33.4
2025-06-12 03:05:00,16.3
2025-06-12 02:18:00,49.8
2025-06-12 10:31:00,79.5
2025-06-12 14:44:00,59.9
2025-06-12 21:35:00,49.378098152289034
2025-06-12 21:29:00,87.3
2025-06-12 21:21:00,46.8
2025-06-12 19:37:00,22.6
2025-06-12 20:34:00,0.8
2025-06-12 07:47:00,37.3
2025-06-12 02:56:00,18.6
2025-06-12 05:43:00,60.7
2025-06-12 13:13:00,49.378098152289034
2025-06-12 16:59:00,89.9
2025-06-12 01:30:00,49.378098152289034
2025-06-12 14:49:00,6.3
2025-06-12 15:07:00,19.0
2025-06-12 11:22:00,49.378098152289034
2025-06-12 02:29:00,49.378098152289034
2025-06-12 02:00:00,26.6
2025-06-12 19:10:00,0.0
2025-06-12 21:03:00,49.378098152289034
2025-06-12 23:21:00,3.2
2025-06-12 07:55:00,39.3
2025-06-12 07:11:00,22.8
2025-06-12 05:48:00,49.378098152289034
2025-06-12 11:41:00,73.7
2025-06-12 12:27:00,19.5
2025-06-12 01:48:00,29.3
2025-06-12 12:35:00,85.5
2025-06-12 10:03:00,57.7
2025-06-12 04:19:00,48.2
2025-06-12 21:23:00,64.1
2025-06-12 07:43:00,32.9
2025-06-12 00:19:00,29.3
2025-06-12 13:34:00,76.6
2025-06-12 11:11:00,23.9
2025-06-12 06:05:00,63.4
2025-06-12 18:30:00,31.4
2025-06-12 17:23:00,93.2
2025-06-12 03:02:00,54.8
2025-06-12 22:42:00,1.3
2025-06-12 21:07:00,30.8
2025-06-12 01:15:00,40.2
2025-06-12 23:05:00,55.5
2025-06-12 22:32:00,94.6
2025-06-12 17:50:00,23.7
2025-06-12 16:09:00,29.7
2025-06-12 21:08:00,58.3
2025-06-12 02:24:00,55.0
2025-06-12 08:00:00,6.1
2025-06-12 22:08:00,2.4
2025-06-12 23:46:00,12.3
2025-06-12 12:57:00,22.4
2025-06-12 03:11:00,13.9
2025-06-12 16:38:00,49.378098152289034
2025-06-12 00:11:00,88.2
2025-06-12 00:00:00,58.2
2025-06-12 15:30:00,18.2
2025-06-12 02:05:00,66.9
2025-06-12 23:07:00,94.2
2025-06-12 19:11:00,51.0
2025-06-12 01:11:00,2.4
2025-06-12 11:07:00,83.1
2025-06-12 18:27:00,55.2
2025-06-12 00:40:00,46.5
2025-06-12 00:10:00,29.5
2025-06-12 11:47:00,4.8
2025-06-12 01:17:00,49.378098152289034
2025-06-12 04:13:00,68.7
2025-06-12 03:08:00,71.7
2025-06-12 12:17:00,95.7
2025-06-12 16:05:00,34.8
2025-06-12 02:34:00,63.7
2025-06-12 00:02:00,96.2
2025-06-12 01:59:00,49.378098152289034
2025-06-12 06:28:00,7.0
2025-06-12 15:29:00,73.8
2025-06-12 14:28:00,75.0
2025-06-12 11:16:00,93.6
2025-06-12 16:42:00,31.0
2025-06-12 02:31:00,83.3
2025-06-12 07:18:00,68.0
2025-06-12 09:30:00,10.5
2025-06-12 06:08:00,49.378098152289034
2025-06-12 20:28:00,91.7
2025-06-12 05:17:00,21.6
2025-06-12 03:59:00,32.7
2025-06-12 22:10:00,24.0
2025-06-12 14:15:00,16.4
2025-06-12 23:58:00,28.6
2025-06-12 14:24:00,1.9
2025-06-12 01:09:00,11.9
2025-06-12 11:15:00,49.378098152289034
2025-06-12 08:50:00,24.1
2025-06-12 13:51:00,75.9
2025-06-12 09:12:00,88.1
2025-06-12 21:28:00,35.8
2025-06-12 19:30:00,86.2
2025-06-12 09:09:00,40.9
2025-06-12 01:56:00,87.4
2025-06-12 13:25:00,11.2
2025-06-12 19:59:00,49.378098152289034
2025-06-12 20:42:00,45.5
2025-06-12 11:21:00,13.1
2025-06-12 08:10:00,49.378098152289034
2025-06-12 09:19:00,49.378098152289034
2025-06-12 19:44:00,71.3
2025-06-12 17:01:00,49.378098152289034
2025-06-12 09:03:00,51.7
2025-06-12 04:28:00,9.6
2025-06-12 21:22:00,99.5
2025-06-12 14:14:00,96.8
2025-06-12 17:24:00,60.2
2025-06-12 07:33:00,23.0
2025-06-12 03:57:00,98.3
2025-06-12 12:53:00,49.378098152289034
2025-06-12 00:38:00,99.3
2025-06-12 16:14:00,49.378098152289034
2025-06-12 18:34:00,75.7
2025-06-12 02:16:00,17.6
2025-06-12 11:43:00,31.0
2025-06-12 20:30:00,57.6
2025-06-12 22:48:00,1.8
2025-06-12 19:23:00,47.1
2025-06-12 15:57:00,49.378098152289034
2025-06-12 16:06:00,16.4
2025-06-12 02:03:00,69.0
2025-06-12 06:25:00,88.7
2025-06-12 07:42:00,84.7
2025-06-12 05:23:00,11.3
2025-06-12 07:20:00,15.2
2025-06-12 10:27:00,9.8
2025-06-12 15:38:00,95.9
2025-06-12 11:56:00,98.8
2025-06-12 08:00:00,49.86672560113154
2025-06-12 08:51:00,37.7
2025-06-12 01:31:00,11.9
2025-06-12 16:07:00,9.5
2025-06-12 17:33:00,95.0
2025-06-12 23:37:00,25.5
2025-06-12 17:46:00,6.6
2025-06-12 22:54:00,69.0
2025-06-12 19:03:00,35.5
2025-06-12 23:39:00,97.0
2025-06-12 00:31:00,49.86672560113154
2025-06-12 00:30:00,57.9
2025-06-12 05:21:00,37.0
2025-06-12 06:25:00,99.7
2025-06-12 23:59:00,83.1
2025-06-12 11:39:00,49.86672560113154
2025-06-12 07:56:00,17.2
2025-06-12 20:19:00,61.5
2025-06-12 16:58:00,11.5
2025-06-12 14:52:00,69.8
2025-06-12 01:23:00,49.86672560113154
2025-06-12 09:51:00,35.6
2025-06-12 13:31:00,49.86672560113154
2025-06-12 17:13:00,79.3
2025-06-12 08:07:00,90.2
2025-06-12 04:21:00,26.4
2025-06-12 07:18:00,22.6
2025-06-12 16:35:00,95.3
2025-06-12 01:46:00,97.3
2025-06-12 12:51:00,49.86672560113154
2025-06-12 23:12:00,49.86672560113154
2025-06-12 07:11:00,2.8
2025-06-12 08:59:00,53.6
2025-06-12 19:07:00,26.9
2025-06-12 07:22:00,35.7
2025-06-12 02:15:00,60.1
2025-06-12 04:52:00,17.3
2025-06-12 14:16:00,49.86672560113154
2025-06-12 08:57:00,71.5
2025-06-12 06:27:00,15.4
2025-06-12 18:23:00,82.0
2025-06-12 05:05:00,7.0
2025-06-12 22:44:00,31.4
2025-06-12 17:05:00,61.5
2025-06-12 23:26:00,90.5
2025-06-12 13:01:00,88.8
2025-06-12 12:07:00,77.9
2025-06-12 09:23:00,49.86672560113154
2025-06-12 22:35:00,95.9
2025-06-12 18:36:00,49.86672560113154
2025-06-12 16:44:00,67.3
2025-06-12 18:17:00,49.86672560113154
2025-06-12 14:35:00,3.5
2025-06-12 04:45:00,45.8
2025-06-12 01:58:00,56.5
2025-06-12 06:48:00,49.86672560113154
2025-06-12 20:59:00,15.5
2025-06-12 03:28:00,84.7
2025-06-12 20:02:00,49.86672560113154
2025-06-12 12:32:00,53.5
2025-06-12 11:28:00,49.86672560113154
2025-06-12 00:26:00,62.3
2025-06-12 01:26:00,9.8
2025-06-12 19:41:00,21.2
2025-06-12 22:00:00,82.2
2025-06-12 20:23:00,49.86672560113154
2025-06-12 21:46:00,49.86672560113154
2025-06-12 05:12:00,49.86672560113154
2025-06-12 04:44:00,63.0
2025-06-12 05:36:00,41.6
2025-06-12 11:03:00,33.2
2025-06-12 17:29:00,97.7
2025-06-12 07:00:00,49.86672560113154
2025-06-12 12:52:00,47.5
2025-06-12 20:16:00,41.8
2025-06-12 06:10:00,54.7
2025-06-12 02:13:00,49.86672560113154
2025-06-12 17:31:00,13.1
2025-06-12 21:37:00,10.9
2025-06-12 16:32:00,46.1
2025-06-12 06:16:00,68.8
2025-06-12 04:50:00,34.6
2025-06-12 22:13:00,86.4
2025-06-12 02:36:00,70.3
2025-06-12 13:41:00,8.7
2025-06-12 19:54:00,63.5
2025-06-12 08:06:00,57.9
2025-06-12 04:35:00,15.7
2025-06-12 15:06:00,49.86672560113154
2025-06-12 17:07:00,13.3
2025-06-12 17:20:00,49.86672560113154
2025-06-12 09:49:00,2.7
2025-06-12 05:08:00,58.3
2025-06-12 18:26:00,11.8
2025-06-12 19:11:00,49.86672560113154
2025-06-12 08:46:00,97.1
2025-06-12 23:11:00,49.86672560113154
2025-06-12 16:16:00,38.5
2025-06-12 18:09:00,50.6
2025-06-12 09:41:00,37.3
2025-06-12 10:28:00,49.86672560113154
2025-06-12 21:19:00,9.3
2025-06-12 15:42:00,2.9
2025-06-12 04:18:00,4.4
2025-06-12 23:41:00,17.2
2025-06-12 00:32:00,36.8
2025-06-12 11:14:00,6.7
2025-06-12 16:01:00,57.0
2025-06-12 08:43:00,10.5
2025-06-12 01:04:00,0.9
2025-06-12 13:09:00,12.4
2025-06-12 00:51:00,14.9
2025-06-12 03:01:00,61.2
2025-06-12 13:26:00,52.0
2025-06-12 19:04:00,15.3
2025-06-12 18:46:00,45.0
2025-06-12 05:13:00,51.4
2025-06-12 23:58:00,50.8
2025-06-12 17:57:00,77.4
2025-06-12 07:30:00,49.86672560113154
2025-06-12 20:18:00,49.86672560113154
2025-06-12 16:09:00,14.2
2025-06-12 13:15:00,81.5
2025-06-12 11:06:00,77.6
2025-06-12 22:25:00,88.5
2025-06-12 11:13:00,47.7
2025-06-12 18:11:00,18.0
2025-06-12 23:22:00,88.3
2025-06-12 00:18:00,98.4
2025-06-12 12:44:00,83.8
2025-06-12 10:13:00,20.3
2025-06-12 17:06:00,25.0
2025-06-12 21:29:00,40.4
2025-06-12 04:05:00,3.9
2025-06-12 21:15:00,81.5
2025-06-12 07:21:00,61.3
2025-06-12 19:51:00,49.86672560113154
2025-06-12 11:42:00,98.6
2025-06-12 02:38:00,57.8
2025-06-12 18:45:00,18.7
2025-06-12 03:56:00,49.4
2025-06-12 23:25:00,99.4
2025-06-12 03:44:00,28.4
2025-06-12 02:52:00,7.1
2025-06-12 05:38:00,82.4
2025-06-12 08:35:00,31.8
2025-06-12 01:14:00,49.86672560113154
2025-06-12 20:10:00,94.0
2025-06-12 04:17:00,19.5
2025-06-12 11:51:00,85.1
2025-06-12 07:27:00,11.6
2025-06-12 13:53:00,24.4
2025-06-12 17:00:00,11.2
2025-06-12 18:12:00,16.8
2025-06-12 01:57:00,75.0
2025-06-12 15:15:00,42.0
2025-06-12 04:19:00,65.1
2025-06-12 10:41:00,70.2
2025-06-12 18:50:00,11.6
2025-06-12 11:09:00,72.9
2025-06-12 21:56:00,57.3
2025-06-12 15:33:00,91.5
2025-06-12 01:54:00,97.5
2025-06-12 13:56:00,31.3
2025-06-12 05:00:00,43.4
2025-06-12 08:32:00,89.6
2025-06-12 08:01:00,65.5
2025-06-12 00:22:00,49.86672560113154
2025-06-12 23:53:00,97.9
2025-06-12 20:38:00,18.7
2025-06-12 16:25:00,99.0
2025-06-12 01:00:00,49.86672560113154
2025-06-12 14:20:00,47.1
2025-06-12 16:55:00,59.4
2025-06-12 01:28:00,92.3
2025-06-12 11:34:00,63.5
2025-06-12 07:26:00,92.9
2025-06-12 18:49:00,49.86672560113154
2025-06-12 12:53:00,53.9
2025-06-12 15:58:00,77.5
2025-06-12 05:06:00,56.3
2025-06-12 14:19:00,25.4
2025-06-12 16:49:00,30.7
2025-06-12 08:44:00,85.5
2025-06-12 22:43:00,67.9
2025-06-12 02:39:00,92.7
2025-06-12 15:11:00,61.8
2025-06-12 18:43:00,44.4
2025-06-12 12:36:00,63.7
2025-06-12 01:59:00,72.5
2025-06-12 01:39:00,25.7
2025-06-12 07:06:00,71.8
2025-06-12 12:42:00,60.3
2025-06-12 10:07:00,40.8
2025-06-12 00:55:00,49.86672560113154
2025-06-12 13:35:00,73.0
2025-06-12 04:47:00,82.1
2025-06-12 05:25:00,89.0
2025-06-12 07:16:00,22.6
2025-06-12 20:47:00,37.8
2025-06-12 21:38:00,46.9
2025-06-12 08:34:00,36.0
2025-06-12 10:10:00,77.3
2025-06-12 18:44:00,52.7
2025-06-12 05:04:00,14.4
2025-06-12 04:30:00,33.9
2025-06-12 01:44:00,49.86672560113154
2025-06-12 09:35:00,19.5
2025-06-12 12:43:00,11.3
2025-06-12 22:31:00,49.86672560113154
2025-06-12 22:14:00,8.8
2025-06-12 14:41:00,49.86672560113154
2025-06-12 10:23:00,44.6
2025-06-12 20:35:00,50.9
2025-06-12 13:27:00,64.7
2025-06-12 07:31:00,77.8
2025-06-12 05:51:00,40.2
2025-06-12 06:39:00,49.86672560113154
2025-06-12 05:02:00,98.3
2025-06-12 14:53:00,7.8
2025-06-12 01:22:00,47.3
2025-06-12 09:33:00,20.2
2025-06-12 18:22:00,14.5
2025-06-12 09:13:00,59.3
2025-06-12 05:40:00,81.5
2025-06-12 17:26:00,63.6
2025-06-12 03:26:00,0.3
2025-06-12 19:06:00,53.5
2025-06-12 04:36:00,31.7
2025-06-12 03:29:00,49.86672560113154
2025-06-12 19:02:00,49.86672560113154
2025-06-12 01:37:00,1.5
2025-06-12 01:27:00,76.6
2025-06-12 23:32:00,43.0
2025-06-12 06:14:00,18.1
2025-06-12 17:23:00,49.86672560113154
2025-06-12 01:07:00,95.1
2025-06-12 20:24:00,49.86672560113154
2025-06-12 08:36:00,57.1
2025-06-12 12:50:00,49.86672560113154
2025-06-12 14:04:00,9.1
2025-06-12 16:24:00,49.86672560113154
2025-06-12 20:00:00,43.2
2025-06-12 03:06:00,87.6
2025-06-12 11:00:00,15.6
2025-06-12 18:59:00,13.5
2025-06-12 05:49:00,91.1
2025-06-12 20:37:00,49.86672560113154
2025-06-12 20:05:00,32.6
2025-06-12 19:49:00,18.1
2025-06-12 10:15:00,92.4
2025-06-12 14:54:00,13.4
2025-06-12 04:09:00,6.6
2025-06-12 09:08:00,15.0
2025-06-12 13:28:00,76.6
2025-06-12 14:13:00,29.5
2025-06-12 23:45:00,91.1
2025-06-12 05:53:00,52.1
2025-06-12 01:25:00,9.2
2025-06-12 06:04:00,41.6
2025-06-12 06:21:00,81.0
2025-06-12 17:24:00,62.4
2025-06-12 10:29:00,49.2
2025-06-12 06:29:00,76.6
2025-06-12 16:04:00,37.1
2025-06-12 16:02:00,92.0
2025-06-12 08:17:00,73.9
2025-06-12 01:05:00,64.8
2025-06-12 10:01:00,64.4
2025-06-12 06:01:00,49.86672560113154
2025-06-12 00:34:00,11.1
2025-06-12 11:16:00,49.86672560113154
2025-06-12 05:27:00,69.7
2025-06-12 18:31:00,11.2
2025-06-12 07:54:00,37.4
2025-06-12 00:59:00,40.5
2025-06-12 09:14:00,25.8
2025-06-12 21:04:00,49.86672560113154
2025-06-12 15:21:00,57.2
2025-06-12 13:02:00,11.6
2025-06-12 11:55:00,70.1
2025-06-12 18:29:00,18.1
2025-06-12 04:31:00,9.2
2025-06-12 03:47:00,28.5
2025-06-12 07:44:00,49.86672560113154
2025-06-12 23:55:00,42.6
2025-06-12 07:57:00,49.86672560113154
2025-06-12 00:07:00,31.2
2025-06-12 23:08:00,11.8
2025-06-12 10:33:00,71.4
2025-06-12 18:03:00,21.2
2025-06-12 21:30:00,56.1
2025-06-12 05:34:00,49.86672560113154
2025-06-12 12:37:00,49.86672560113154
2025-06-12 03:48:00,2.0
2025-06-12 23:51:00,42.9
2025-06-12 17:48:00,2.7
2025-06-12 08:15:00,66.1
2025-06-12 06:52:00,60.6
2025-06-12 19:37:00,21.0
2025-06-12 16:26:00,31.3
2025-06-12 00:37:00,41.3
2025-06-12 19:31:00,65.1
2025-06-12 12:48:00,50.613932505273034
2025-06-12 07:08:00,0.8
2025-06-12 10:33:00,92.6
2025-06-12 18:20:00,97.6
2025-06-12 03:01:00,41.4
2025-06-12 19:01:00,66.2
2025-06-12 04:56:00,93.5
2025-06-12 11:53:00,85.9
2025-06-12 13:54:00,32.2
2025-06-12 01:54:00,75.3
2025-06-12 05:52:00,57.2
2025-06-12 06:56:00,88.1
2025-06-12 22:06:00,5.1
2025-06-12 06:38:00,82.3
2025-06-12 13:28:00,5.5
2025-06-12 20:35:00,89.3
2025-06-12 13:51:00,50.613932505273034
2025-06-12 11:21:00,68.4
2025-06-12 22:16:00,50.613932505273034
2025-06-12 01:12:00,16.2
2025-06-12 17:04:00,41.4
2025-06-12 01:13:00,3.4
2025-06-12 21:15:00,50.613932505273034
2025-06-12 14:23:00,47.7
2025-06-12 13:50:00,4.6
2025-06-12 06:57:00,1.3
2025-06-12 17:12:00,68.7
2025-06-12 06:12:00,50.613932505273034
2025-06-12 11:13:00,89.9
2025-06-12 16:45:00,96.9
2025-06-12 21:44:00,69.5
2025-06-12 18:00:00,96.7
2025-06-12 12:36:00,50.613932505273034
2025-06-12 19:27:00,39.2
2025-06-12 02:04:00,0.4
2025-06-12 05:41:00,39.0
2025-06-12 13:22:00,13.2
2025-06-12 08:44:00,44.2
2025-06-12 03:28:00,18.5
2025-06-12 00:34:00,27.2
2025-06-12 15:52:00,61.5
2025-06-12 15:05:00,59.4
2025-06-12 02:55:00,17.6
2025-06-12 03:38:00,14.7
2025-06-12 09:26:00,49.1
2025-06-12 11:14:00,36.7
2025-06-12 05:56:00,62.3
2025-06-12 17:05:00,54.6
2025-06-12 13:00:00,19.7
2025-06-12 17:50:00,91.7
2025-06-12 10:55:00,18.8
2025-06-12 09:21:00,87.1
2025-06-12 23:26:00,39.0
2025-06-12 13:35:00,43.8
2025-06-12 11:45:00,0.4
2025-06-12 04:45:00,50.613932505273034
2025-06-12 13:42:00,50.613932505273034
2025-06-12 01:57:00,99.6
2025-06-12 21:09:00,59.7
2025-06-12 14:27:00,32.2
2025-06-12 14:49:00,50.613932505273034
2025-06-12 14:04:00,94.6
2025-06-12 07:10:00,52.1
2025-06-12 00:32:00,77.0
2025-06-12 07:16:00,70.5
2025-06-12 02:43:00,2.8
2025-06-12 13:56:00,47.0
2025-06-12 15:54:00,75.4
2025-06-12 23:53:00,76.7
2025-06-12 11:52:00,47.3
2025-06-12 07:20:00,94.2
2025-06-12 14:19:00,14.8
2025-06-12 09:09:00,7.2
2025-06-12 09:41:00,6.0
2025-06-12 15:23:00,68.7
2025-06-12 14:29:00,7.4
2025-06-12 13:32:00,4.1
2025-06-12 12:32:00,27.2
2025-06-12 15:59:00,82.8
2025-06-12 06:34:00,68.3
2025-06-12 17:02:00,39.6
2025-06-12 18:22:00,10.6
2025-06-12 11:42:00,56.4
2025-06-12 01:02:00,59.7
2025-06-12 15:51:00,50.613932505273034
2025-06-12 06:24:00,5.6
2025-06-12 06:01:00,42.1
2025-06-12 21:01:00,17.8
2025-06-12 02:10:00,60.8
2025-06-12 14:38:00,50.613932505273034
2025-06-12 03:33:00,88.0
2025-06-12 17:20:00,67.5
2025-06-12 22:02:00,28.9
2025-06-12 18:23:00,95.7
2025-06-12 06:49:00,32.0
2025-06-12 06:11:00,50.613932505273034
2025-06-12 03:21:00,13.6
2025-06-12 00:58:00,26.8
2025-06-12 14:42:00,24.5
2025-06-12 12:18:00,31.8
2025-06-12 18:33:00,13.9
2025-06-12 11:15:00,35.8
2025-06-12 16:39:00,64.2
2025-06-12 03:34:00,44.5
2025-06-12 14:20:00,9.4
2025-06-12 05:39:00,46.4
2025-06-12 05:54:00,93.7
2025-06-12 08:16:00,44.6
2025-06-12 08:30:00,85.4
2025-06-12 00:12:00,50.613932505273034
2025-06-12 10:13:00,89.9
2025-06-12 07:31:00,52.8
2025-06-12 04:34:00,15.0
2025-06-12 09:37:00,38.6
2025-06-12 18:07:00,45.7
2025-06-12 20:57:00,81.9
2025-06-12 09:17:00,39.9
2025-06-12 08:10:00,2.6
2025-06-12 21:18:00,72.6
2025-06-12 18:42:00,64.1
2025-06-12 01:00:00,78.3
2025-06-12 03:48:00,33.6
2025-06-12 13:02:00,36.9
2025-06-12 12:00:00,51.7
2025-06-12 11:31:00,18.5
2025-06-12 23:15:00,42.6
2025-06-12 18:28:00,25.8
2025-06-12 20:19:00,50.613932505273034
2025-06-12 13:07:00,94.4
2025-06-12 04:41:00,97.3
2025-06-12 09:18:00,91.0
2025-06-12 19:33:00,50.613932505273034
2025-06-12 05:19:00,31.0
2025-06-12 00:01:00,2.0
2025-06-12 05:47:00,42.2
2025-06-12 14:41:00,10.8
2025-06-12 19:16:00,50.613932505273034
2025-06-12 23:42:00,35.5
2025-06-12 06:10:00,28.1
2025-06-12 15:32:00,50.613932505273034
2025-06-12 03:07:00,20.7
2025-06-12 22:32:00,34.5
2025-06-12 08:03:00,50.613932505273034
2025-06-12 10:35:00,25.8
2025-06-12 18:25:00,50.613932505273034
2025-06-12 15:34:00,50.613932505273034
2025-06-12 05:18:00,50.613932505273034
2025-06-12 20:37:00,85.0
2025-06-12 12:11:00,50.613932505273034
2025-06-12 18:43:00,50.613932505273034
2025-06-12 19:36:00,50.613932505273034
2025-06-12 02:01:00,18.8
2025-06-12 13:44:00,50.613932505273034
2025-06-12 22:35:00,42.0
2025-06-12 12:08:00,54.9
2025-06-12 22:10:00,57.3
2025-06-12 12:54:00,54.7
2025-06-12 05:25:00,80.7
2025-06-12 15:08:00,75.3
2025-06-12 15:49:00,53.9
2025-06-12 09:07:00,99.8
2025-06-12 19:54:00,47.4
2025-06-12 04:16:00,39.6
2025-06-12 01:42:00,74.0
2025-06-12 06:28:00,89.8
2025-06-12 22:15:00,5.3
2025-06-12 13:33:00,83.8
2025-06-12 22:24:00,50.9
2025-06-12 23:41:00,41.7
2025-06-12 11:06:00,28.0
2025-06-12 04:39:00,50.613932505273034
2025-06-12 22:12:00,52.7
2025-06-12 06:42:00,23.9
2025-06-12 01:15:00,96.6
2025-06-12 19:18:00,24.7
2025-06-12 00:05:00,87.8
2025-06-12 16:05:00,32.3
2025-06-12 23:22:00,50.5
2025-06-12 02:40:00,81.1
2025-06-12 23:30:00,50.613932505273034
2025-06-12 19:30:00,37.2
2025-06-12 00:41:00,52.3
2025-06-12 01:22:00,4.1
2025-06-12 20:48:00,50.613932505273034
2025-06-12 06:58:00,44.1
2025-06-12 08:51:00,5.4
2025-06-12 10:20:00,50.613932505273034
2025-06-12 04:01:00,72.4
2025-06-12 05:22:00,4.7
2025-06-12 06:45:00,41.7
2025-06-12 14:57:00,28.7
2025-06-12 20:46:00,3.1
2025-06-12 22:31:00,50.613932505273034
2025-06-12 04:04:00,85.3
2025-06-12 04:21:00,98.9
2025-06-12 12:01:00,50.613932505273034
2025-06-12 20:54:00,68.8
2025-06-12 16:38:00,16.6
2025-06-12 12:55:00,50.613932505273034
2025-06-12 16:17:00,42.7
2025-06-12 13:17:00,50.613932505273034
2025-06-12 17:56:00,72.9
2025-06-12 11:16:00,93.4
2025-06-12 23:48:00,64.6
2025-06-12 19:50:00,87.4
2025-06-12 14:30:00,63.2
2025-06-12 14:50:00,20.4
2025-06-12 03:31:00,56.3
2025-06-12 02:16:00,50.613932505273034
2025-06-12 19:44:00,68.7
2025-06-12 19:53:00,60.7
2025-06-12 22:34:00,89.2
2025-06-12 11:29:00,50.613932505273034
2025-06-12 03:54:00,1.3
2025-06-12 17:08:00,19.9
2025-06-12 00:06:00,44.6
2025-06-12 09:31:00,83.1
2025-06-12 23:02:00,85.8
2025-06-12 22:01:00,89.4
2025-06-12 17:03:00,82.5
2025-06-12 00:57:00,23.1
2025-06-12 01:48:00,99.7
2025-06-12 08:06:00,10.6
2025-06-12 07:46:00,13.3
2025-06-12 00:47:00,19.7
2025-06-12 02:29:00,58.7
2025-06-12 08:20:00,50.613932505273034
2025-06-12 01:16:00,50.613932505273034
2025-06-12 21:02:00,93.5
2025-06-12 22:07:00,50.613932505273034
2025-06-12 18:04:00,99.1
2025-06-12 23:06:00,64.3
2025-06-12 02:32:00,24.6
2025-06-12 14:37:00,41.2
2025-06-12 09:53:00,78.6
2025-06-12 04:48:00,68.3
2025-06-12 04:07:00,36.7
2025-06-12 16:41:00,70.1
2025-06-12 19:24:00,34.0
2025-06-12 20:05:00,80.9
2025-06-12 12:39:00,47.8
2025-06-12 01:14:00,95.0
2025-06-12 05:38:00,37.4
2025-06-12 20:01:00,50.613932505273034
2025-06-12 11:54:00,25.0
2025-06-12 21:34:00,59.7
2025-06-12 16:58:00,9.8
2025-06-12 09:03:00,98.9
2025-06-12 07:30:00,50.613932505273034
2025-06-12 12:42:00,58.7
2025-06-12 16:54:00,66.9
2025-06-12 08:18:00,88.1
2025-06-12 03:05:00,11.9
2025-06-12 00:38:00,19.2
2025-06-12 05:24:00,94.3
2025-06-12 21:51:00,8.0
2025-06-12 23:13:00,59.0
2025-06-12 00:30:00,50.613932505273034
2025-06-12 22:00:00,34.2
2025-06-12 02:54:00,59.3
2025-06-12 21:04:00,4.1
2025-06-12 10:47:00,83.0
2025-06-12 21:52:00,63.2
2025-06-12 09:12:00,52.0
2025-06-12 03:45:00,44.6
2025-06-12 04:14:00,79.6
2025-06-12 18:29:00,12.0
2025-06-12 09:40:00,89.9
2025-06-12 07:09:00,28.2
2025-06-12 20:47:00,61.2
2025-06-12 02:22:00,45.8
2025-06-12 03:04:00,87.1
2025-06-12 15:02:00,53.6
2025-06-12 10:32:00,29.5
2025-06-12 01:32:00,73.1
2025-06-12 12:50:00,50.613932505273034
2025-06-12 15:17:00,23.2
2025-06-12 11:40:00,50.613932505273034
2025-06-12 15:56:00,71.6
2025-06-12 05:04:00,9.7
2025-06-12 07:34:00,50.3
2025-06-12 21:12:00,28.8
2025-06-12 22:47:00,50.613932505273034
2025-06-12 20:10:00,18.1
2025-06-12 17:41:00,37.3
2025-06-12 06:43:00,87.4
2025-06-12 03:51:00,36.7
2025-06-12 09:06:00,98.4
2025-06-12 16:06:00,34.4
2025-06-12 08:07:00,33.9
2025-06-12 22:03:00,30.5
2025-06-12 17:18:00,24.6
2025-06-12 20:44:00,37.0
2025-06-12 07:56:00,56.7
2025-06-12 03:43:00,39.0
2025-06-12 10:57:00,50.613932505273034
2025-06-12 13:52:00,35.1
2025-06-12 18:47:00,79.1
2025-06-12 04:25:00,90.9
2025-06-12 23:20:00,77.1
2025-06-12 01:17:00,56.9
2025-06-12 22:56:00,81.4
2025-06-12 08:39:00,88.5
2025-06-12 15:24:00,12.3
2025-06-12 18:31:00,41.3
2025-06-12 11:26:00,0.9
2025-06-12 05:07:00,5.1
2025-06-12 08:41:00,18.0
2025-06-12 10:25:00,96.3
2025-06-12 16:40:00,39.7
2025-06-12 07:10:00,35.8
2025-06-12 21:59:00,52.6
2025-06-12 16:09:00,50.17195767195767
2025-06-12 01:36:00,18.6
2025-06-12 16:31:00,13.0
2025-06-12 14:24:00,18.5
2025-06-12 15:01:00,49.0
2025-06-12 10:18:00,14.9
2025-06-12 12:15:00,45.6
2025-06-12 19:25:00,41.4
2025-06-12 04:39:00,33.3
2025-06-12 16:12:00,50.17195767195767
2025-06-12 12:05:00,2.6
2025-06-12 14:54:00,67.5
2025-06-12 16:30:00,83.6
2025-06-12 05:00:00,30.2
2025-06-12 06:15:00,23.3
2025-06-12 01:54:00,71.2
2025-06-12 05:13:00,11.2
2025-06-12 16:25:00,50.17195767195767
2025-06-12 05:42:00,76.5
2025-06-12 04:45:00,57.4
2025-06-12 17:49:00,50.4
2025-06-12 07:29:00,0.1
2025-06-12 05:44:00,6.2
2025-06-12 10:45:00,76.3
2025-06-12 09:03:00,4.3
2025-06-12 07:48:00,50.17195767195767
2025-06-12 07:51:00,86.9
2025-06-12 12:14:00,50.17195767195767
2025-06-12 13:44:00,50.17195767195767
2025-06-12 19:57:00,42.5
2025-06-12 07:19:00,50.17195767195767
2025-06-12 06:20:00,44.9
2025-06-12 14:15:00,36.2
2025-06-12 13:00:00,54.9
2025-06-12 11:54:00,59.1
2025-06-12 08:30:00,50.17195767195767
2025-06-12 00:40:00,62.7
2025-06-12 13:04:00,47.8
2025-06-12 15:33:00,50.17195767195767
2025-06-12 15:17:00,55.1
2025-06-12 13:36:00,34.4
2025-06-12 03:48:00,68.6
2025-06-12 15:53:00,62.0
2025-06-12 07:38:00,93.1
2025-06-12 01:30:00,3.3
2025-06-12 11:10:00,67.9
2025-06-12 02:49:00,50.17195767195767
2025-06-12 16:00:00,65.0
2025-06-12 06:56:00,25.7
2025-06-12 19:33:00,24.7
2025-06-12 00:26:00,49.7
2025-06-12 16:54:00,67.0
2025-06-12 18:11:00,59.1
2025-06-12 21:20:00,67.2
2025-06-12 01:31:00,31.2
2025-06-12 08:55:00,58.4
2025-06-12 14:31:00,4.2
2025-06-12 03:30:00,50.17195767195767
2025-06-12 21:51:00,50.17195767195767
2025-06-12 10:06:00,46.9
2025-06-12 01:09:00,90.9
2025-06-12 06:44:00,42.8
2025-06-12 06:35:00,63.5
2025-06-12 03:20:00,28.1
2025-06-12 06:30:00,50.17195767195767
2025-06-12 19:56:00,6.5
2025-06-12 12:12:00,81.9
2025-06-12 16:01:00,50.17195767195767
2025-06-12 04:55:00,25.7
2025-06-12 13:10:00,97.5
2025-06-12 04:50:00,29.7
2025-06-12 06:18:00,30.3
2025-06-12 19:47:00,50.17195767195767
2025-06-12 03:47:00,50.17195767195767
2025-06-12 21:42:00,40.8
2025-06-12 15:14:00,53.6
2025-06-12 01:11:00,89.1
2025-06-12 07:30:00,82.6
2025-06-12 05:26:00,28.5
2025-06-12 00:10:00,50.17195767195767
2025-06-12 22:18:00,62.9
2025-06-12 03:39:00,18.4
2025-06-12 10:56:00,19.7
2025-06-12 22:39:00,50.17195767195767
2025-06-12 15:16:00,13.7
2025-06-12 07:07:00,50.17195767195767
2025-06-12 05:17:00,96.3
2025-06-12 22:30:00,50.17195767195767
2025-06-12 20:27:00,61.1
2025-06-12 23:18:00,37.3
2025-06-12 08:11:00,62.6
2025-06-12 02:35:00,50.17195767195767
2025-06-12 17:16:00,68.8
2025-06-12 13:57:00,50.7
2025-06-12 13:01:00,63.0
2025-06-12 18:48:00,56.6
2025-06-12 13:37:00,76.4
2025-06-12 21:33:00,67.9
2025-06-12 01:16:00,77.6
2025-06-12 08:07:00,32.5
2025-06-12 23:33:00,50.17195767195767
2025-06-12 13:55:00,31.6
2025-06-12 14:21:00,57.0
2025-06-12 07:35:00,72.0
2025-06-12 07:50:00,82.1
2025-06-12 08:35:00,97.7
2025-06-12 08:26:00,50.17195767195767
2025-06-12 19:01:00,46.6
2025-06-12 14:20:00,20.6
2025-06-12 02:21:00,47.8
2025-06-12 10:36:00,21.5
2025-06-12 00:56:00,7.2
2025-06-12 10:32:00,81.4
2025-06-12 05:45:00,50.17195767195767
2025-06-12 03:32:00,90.3
2025-06-12 21:10:00,38.4
2025-06-12 10:24:00,50.17195767195767
2025-06-12 06:55:00,50.17195767195767
2025-06-12 13:39:00,34.2
2025-06-12 04:14:00,50.17195767195767
2025-06-12 00:39:00,22.3
2025-06-12 20:49:00,90.8
2025-06-12 12:42:00,5.9
2025-06-12 11:49:00,73.6
2025-06-12 04:26:00,50.17195767195767
2025-06-12 23:51:00,25.3
2025-06-12 09:31:00,30.3
2025-06-12 04:31:00,90.9
2025-06-12 07:37:00,12.4
2025-06-12 02:01:00,50.17195767195767
2025-06-12 13:07:00,86.2
2025-06-12 14:58:00,19.6
2025-06-12 01:34:00,86.1
2025-06-12 11:46:00,84.8
2025-06-12 11:24:00,50.17195767195767
2025-06-12 04:29:00,16.0
2025-06-12 03:46:00,55.9
2025-06-12 07:04:00,76.9
2025-06-12 11:02:00,25.7
2025-06-12 10:03:00,50.17195767195767
2025-06-12 13:49:00,50.17195767195767
2025-06-12 06:16:00,48.7
2025-06-12 17:18:00,8.9
2025-06-12 11:11:00,77.7
2025-06-12 16:08:00,8.0
2025-06-12 03:55:00,50.17195767195767
2025-06-12 02:07:00,17.9
2025-06-12 20:00:00,86.9
2025-06-12 04:19:00,76.3
2025-06-12 01:50:00,46.1
2025-06-12 03:27:00,82.5
2025-06-12 02:57:00,45.5
2025-06-12 03:08:00,69.8
2025-06-12 04:40:00,35.7
2025-06-12 19:14:00,60.5
2025-06-12 11:15:00,50.17195767195767
2025-06-12 09:36:00,50.17195767195767
2025-06-12 03:25:00,6.3
2025-06-12 16:52:00,50.17195767195767
2025-06-12 16:36:00,10.7
2025-06-12 04:01:00,74.3
2025-06-12 04:47:00,32.2
2025-06-12 14:52:00,50.17195767195767
2025-06-12 08:47:00,76.1
2025-06-12 00:29:00,43.6
2025-06-12 12:06:00,89.1
2025-06-12 16:28:00,40.4
2025-06-12 04:04:00,21.6
2025-06-12 15:58:00,62.1
2025-06-12 02:14:00,50.17195767195767
2025-06-12 23:00:00,91.2
2025-06-12 18:28:00,24.9
2025-06-12 21:15:00,48.6
2025-06-12 05:29:00,49.7
2025-06-12 17:50:00,77.7
2025-06-12 07:41:00,29.2
2025-06-12 12:49:00,92.9
2025-06-12 11:42:00,56.8
2025-06-12 16:06:00,9.6
2025-06-12 14:23:00,50.17195767195767
2025-06-12 21:50:00,12.3
2025-06-12 06:52:00,87.1
2025-06-12 11:34:00,25.9
2025-06-12 10:04:00,54.0
2025-06-12 07:25:00,21.5
2025-06-12 03:49:00,57.0
2025-06-12 02:15:00,50.17195767195767
2025-06-12 23:59:00,46.0
2025-06-12 18:51:00,80.3
2025-06-12 19:53:00,31.4
2025-06-12 06:47:00,62.5
2025-06-12 18:04:00,42.0
2025-06-12 10:58:00,81.9
2025-06-12 13:46:00,3.1
2025-06-12 23:34:00,62.7
2025-06-12 21:43:00,50.17195767195767
2025-06-12 16:21:00,90.6
2025-06-12 01:32:00,67.4
2025-06-12 19:37:00,34.3
2025-06-12 18:41:00,83.4
2025-06-12 16:04:00,48.4
2025-06-12 02:58:00,67.9
2025-06-12 07:13:00,15.9
2025-06-12 21:11:00,11.5
2025-06-12 09:09:00,52.4
2025-06-12 03:21:00,56.3
2025-06-12 17:30:00,15.3
2025-06-12 09:29:00,19.3
2025-06-12 04:32:00,50.17195767195767
2025-06-12 11:18:00,73.5
2025-06-12 15:26:00,86.2
2025-06-12 12:55:00,44.7
2025-06-12 05:14:00,42.0
2025-06-12 10:01:00,68.2
2025-06-12 14:56:00,32.6
2025-06-12 06:53:00,31.4
2025-06-12 17:21:00,69.8
2025-06-12 06:12:00,12.1
2025-06-12 21:52:00,60.3
2025-06-12 12:32:00,77.0
2025-06-12 03:02:00,50.17195767195767
2025-06-12 18:50:00,18.3
2025-06-12 19:41:00,68.8
2025-06-12 09:39:00,71.1
2025-06-12 04:27:00,30.5
2025-06-12 09:40:00,56.1
2025-06-12 18:13:00,13.1
2025-06-12 18:01:00,77.2
2025-06-12 07:17:00,40.0
2025-06-12 20:52:00,32.5
2025-06-12 22:46:00,76.1
2025-06-12 08:34:00,50.17195767195767
2025-06-12 18:33:00,59.1
2025-06-12 20:02:00,10.8
2025-06-12 03:53:00,83.1
2025-06-12 01:20:00,23.5
2025-06-12 14:59:00,30.0
2025-06-12 07:58:00,62.6
2025-06-12 03:28:00,66.4
2025-06-12 08:44:00,58.7
2025-06-12 15:13:00,22.6
2025-06-12 06:01:00,3.5
2025-06-12 22:01:00,70.1
2025-06-12 10:21:00,16.3
2025-06-12 16:55:00,56.2
2025-06-12 23:36:00,69.6
2025-06-12 21:08:00,50.17195767195767
2025-06-12 21:55:00,51.4
2025-06-12 17:00:00,91.1
2025-06-12 05:56:00,50.3
2025-06-12 12:34:00,25.2
2025-06-12 01:06:00,90.9
2025-06-12 22:36:00,99.4
2025-06-12 10:10:00,90.3
2025-06-12 20:36:00,1.7
2025-06-12 20:08:00,9.3
2025-06-12 03:59:00,48.5
2025-06-12 10:44:00,56.8
2025-06-12 09:25:00,6.5
2025-06-12 21:36:00,68.8
2025-06-12 23:32:00,49.2
2025-06-12 13:09:00,74.5
2025-06-12 09:06:00,30.6
2025-06-12 19:34:00,28.1
2025-06-12 18:12:00,50.17195767195767
2025-06-12 23:40:00,61.4
2025-06-12 21:02:00,68.4
2025-06-12 21:03:00,71.1
2025-06-12 22:00:00,47.4
2025-06-12 06:22:00,31.8
2025-06-12 09:37:00,19.7
2025-06-12 10:57:00,50.17195767195767
2025-06-12 14:06:00,21.5
2025-06-12 10:55:00,84.6
2025-06-12 03:15:00,18.0
2025-06-12 09:14:00,91.7
2025-06-12 07:34:00,50.8
2025-06-12 21:39:00,26.6
2025-06-12 03:34:00,81.5
2025-06-12 12:08:00,32.3
2025-06-12 00:38:00,88.9
2025-06-12 07:44:00,18.7
2025-06-12 12:41:00,46.4
2025-06-12 06:14:00,96.8
2025-06-12 22:42:00,95.4
2025-06-12 23:13:00,56.7
2025-06-12 20:33:00,54.7
2025-06-12 20:11:00,12.8
2025-06-12 03:11:00,45.2
2025-06-12 02:19:00,87.6
2025-06-12 02:39:00,33.8
2025-06-12 03:52:00,84.4
2025-06-12 14:45:00,65.0
2025-06-12 14:03:00,41.7
2025-06-12 15:35:00,72.0
2025-06-12 11:40:00,60.2
2025-06-12 05:51:00,20.7
2025-06-12 19:30:00,90.0
2025-06-12 16:53:00,14.1
2025-06-12 20:43:00,49.69252501471454
2025-06-12 13:25:00,37.8
2025-06-12 11:30:00,49.69252501471454
2025-06-12 10:18:00,31.4
2025-06-12 22:10:00,81.6
2025-06-12 10:31:00,28.2
2025-06-12 23:09:00,30.2
2025-06-12 14:07:00,60.4
2025-06-12 15:22:00,70.6
2025-06-12 18:36:00,17.8
2025-06-12 18:43:00,26.7
2025-06-12 16:34:00,85.5
2025-06-12 14:22:00,95.2
2025-06-12 23:25:00,68.4
2025-06-12 06:27:00,24.6
2025-06-12 21:01:00,49.69252501471454
2025-06-12 00:08:00,14.5
2025-06-12 10:29:00,2.5
2025-06-12 09:58:00,25.4
2025-06-12 17:07:00,49.69252501471454
2025-06-12 03:01:00,34.7
2025-06-12 02:27:00,61.3
2025-06-12 19:53:00,93.1
2025-06-12 15:26:00,90.6
2025-06-12 23:27:00,44.2
2025-06-12 06:28:00,49.69252501471454
2025-06-12 12:32:00,49.69252501471454
2025-06-12 09:31:00,71.2
2025-06-12 04:19:00,97.9
2025-06-12 07:27:00,68.3
2025-06-12 07:31:00,4.2
2025-06-12 12:18:00,49.69252501471454
2025-06-12 08:40:00,17.2
2025-06-12 18:31:00,94.4
2025-06-12 01:26:00,89.1
2025-06-12 18:30:00,33.4
2025-06-12 17:04:00,49.69252501471454
2025-06-12 19:27:00,89.1
2025-06-12 13:59:00,73.9
2025-06-12 13:18:00,90.0
2025-06-12 22:12:00,84.1
2025-06-12 23:16:00,75.3
2025-06-12 03:23:00,56.1
2025-06-12 21:39:00,65.3
2025-06-12 05:25:00,37.8
2025-06-12 05:44:00,56.0
2025-06-12 22:29:00,63.3
2025-06-12 22:25:00,57.9
2025-06-12 04:43:00,83.2
2025-06-12 02:00:00,47.7
2025-06-12 16:08:00,97.2
2025-06-12 14:51:00,49.69252501471454
2025-06-12 19:44:00,9.6
2025-06-12 08:04:00,20.1
2025-06-12 02:17:00,49.69252501471454
2025-06-12 04:03:00,79.7
2025-06-12 22:20:00,26.4
2025-06-12 21:12:00,48.6
2025-06-12 18:18:00,7.4
2025-06-12 09:42:00,49.69252501471454
2025-06-12 22:56:00,42.9
2025-06-12 15:52:00,18.9
2025-06-12 09:33:00,73.1
2025-06-12 16:31:00,90.8
2025-06-12 10:37:00,73.7
2025-06-12 23:20:00,37.9
2025-06-12 00:10:00,5.7
2025-06-12 06:12:00,49.69252501471454
2025-06-12 21:42:00,71.0
2025-06-12 20:30:00,32.6
2025-06-12 08:31:00,2.7
2025-06-12 10:00:00,49.69252501471454
2025-06-12 13:29:00,4.2
2025-06-12 17:47:00,21.8
2025-06-12 20:47:00,49.69252501471454
2025-06-12 14:52:00,25.9
2025-06-12 12:23:00,42.5
2025-06-12 23:59:00,33.7
2025-06-12 21:24:00,49.69252501471454
2025-06-12 14:11:00,17.2
2025-06-12 04:07:00,49.69252501471454
2025-06-12 17:02:00,37.4
2025-06-12 15:51:00,17.6
2025-06-12 05:09:00,82.6
2025-06-12 14:18:00,33.2
2025-06-12 11:38:00,88.1
2025-06-12 02:49:00,35.6
2025-06-12 01:06:00,41.4
2025-06-12 01:17:00,50.3
2025-06-12 01:14:00,29.2
2025-06-12 04:26:00,49.69252501471454
2025-06-12 23:24:00,37.3
2025-06-12 02:53:00,49.69252501471454
2025-06-12 08:32:00,1.5
2025-06-12 03:46:00,49.69252501471454
2025-06-12 20:54:00,67.5
2025-06-12 07:06:00,1.1
2025-06-12 04:40:00,96.2
2025-06-12 16:11:00,49.69252501471454
2025-06-12 17:59:00,78.5
2025-06-12 00:14:00,3.4
2025-06-12 04:53:00,51.5
2025-06-12 08:14:00,81.2
2025-06-12 10:10:00,94.6
2025-06-12 17:00:00,94.6
2025-06-12 22:36:00,41.8
2025-06-12 17:50:00,70.3
2025-06-12 02:46:00,38.0
2025-06-12 22:05:00,38.0
2025-06-12 02:13:00,39.6
2025-06-12 10:33:00,58.5
2025-06-12 14:04:00,48.9
2025-06-12 21:58:00,19.0
2025-06-12 23:29:00,87.5
2025-06-12 21:49:00,35.2
2025-06-12 12:31:00,60.5
2025-06-12 02:26:00,80.5
2025-06-12 13:39:00,49.69252501471454
2025-06-12 04:49:00,8.5
2025-06-12 10:01:00,49.69252501471454
2025-06-12 00:57:00,95.6
2025-06-12 18:05:00,39.8
2025-06-12 13:02:00,74.5
2025-06-12 01:09:00,10.5
2025-06-12 19:39:00,19.7
2025-06-12 00:25:00,49.69252501471454
2025-06-12 01:19:00,67.7
2025-06-12 13:00:00,34.3
2025-06-12 21:51:00,98.3
2025-06-12 07:07:00,60.5
2025-06-12 16:40:00,12.4
2025-06-12 15:42:00,63.2
2025-06-12 03:55:00,88.9
2025-06-12 08:17:00,98.2
2025-06-12 09:44:00,31.6
2025-06-12 18:11:00,92.1
2025-06-12 09:53:00,63.0
2025-06-12 16:00:00,81.5
2025-06-12 05:58:00,56.2
2025-06-12 18:01:00,51.4
2025-06-12 12:40:00,63.1
2025-06-12 22:35:00,7.6
2025-06-12 10:41:00,38.6
2025-06-12 15:01:00,4.6
2025-06-12 23:06:00,7.4
2025-06-12 01:18:00,54.0
2025-06-12 09:20:00,68.8
2025-06-12 07:22:00,13.4
2025-06-12 10:06:00,67.6
2025-06-12 22:31:00,7.5
2025-06-12 02:22:00,61.7
2025-06-12 02:48:00,29.5
2025-06-12 12:10:00,10.9
2025-06-12 01:15:00,49.69252501471454
2025-06-12 11:16:00,95.7
2025-06-12 16:27:00,6.7
2025-06-12 15:09:00,63.2
2025-06-12 20:09:00,14.6
2025-06-12 17:10:00,96.5
2025-06-12 02:56:00,38.7
2025-06-12 13:10:00,42.6
2025-06-12 11:53:00,21.4
2025-06-12 23:11:00,83.5
2025-06-12 19:45:00,49.69252501471454
2025-06-12 07:30:00,43.6
2025-06-12 22:34:00,67.6
2025-06-12 04:01:00,31.4
2025-06-12 12:24:00,53.7
2025-06-12 01:08:00,90.0
2025-06-12 13:34:00,67.6
2025-06-12 04:35:00,69.1
2025-06-12 19:48:00,94.4
2025-06-12 08:39:00,99.0
2025-06-12 16:12:00,29.7
2025-06-12 01:31:00,38.4
2025-06-12 12:37:00,20.1
2025-06-12 09:56:00,75.5
2025-06-12 01:46:00,73.6
2025-06-12 19:14:00,50.3
2025-06-12 12:59:00,68.8
2025-06-12 15:29:00,41.3
2025-06-12 05:38:00,37.9
2025-06-12 09:57:00,43.5
2025-06-12 17:06:00,19.3
2025-06-12 00:26:00,3.9
2025-06-12 13:28:00,6.1
2025-06-12 12:42:00,50.9
2025-06-12 04:31:00,44.7
2025-06-12 18:44:00,22.1
2025-06-12 10:36:00,49.69252501471454
2025-06-12 21:47:00,77.8
2025-06-12 11:19:00,70.5
2025-06-12 23:04:00,49.69252501471454
2025-06-12 19:19:00,49.69252501471454
2025-06-12 18:17:00,58.6
2025-06-12 06:23:00,36.5
2025-06-12 16:16:00,67.6
2025-06-12 04:56:00,85.8
2025-06-12 12:09:00,90.8
2025-06-12 04:57:00,16.0
2025-06-12 15:32:00,49.69252501471454
2025-06-12 00:16:00,5.1
2025-06-12 18:37:00,94.1
2025-06-12 13:46:00,49.69252501471454
2025-06-12 23:33:00,59.3
2025-06-12 16:36:00,63.3
2025-06-12 21:26:00,7.0
2025-06-12 11:17:00,39.3
2025-06-12 22:30:00,42.7
2025-06-12 04:37:00,17.4
2025-06-12 08:46:00,76.6
2025-06-12 05:29:00,79.1
2025-06-12 08:42:00,83.6
2025-06-12 11:21:00,14.9
2025-06-12 23:08:00,71.8
2025-06-12 13:47:00,28.9
2025-06-12 17:03:00,49.69252501471454
2025-06-12 08:02:00,42.0
2025-06-12 18:14:00,36.4
2025-06-12 05:21:00,64.2
2025-06-12 22:47:00,14.3
2025-06-12 16:52:00,55.8
2025-06-12 13:40:00,86.1
2025-06-12 16:41:00,52.0
2025-06-12 17:39:00,84.7
2025-06-12 11:50:00,22.9
2025-06-12 22:40:00,89.4
2025-06-12 22:59:00,49.69252501471454
2025-06-12 02:16:00,72.4
2025-06-12 01:32:00,94.8
2025-06-12 19:49:00,1.9
2025-06-12 05:39:00,92.5
2025-06-12 06:04:00,49.69252501471454
2025-06-12 11:56:00,49.69252501471454
2025-06-12 16:32:00,56.1
2025-06-12 01:48:00,63.3
2025-06-12 06:07:00,48.8
2025-06-12 02:31:00,66.4
2025-06-12 12:49:00,44.4
2025-06-12 18:32:00,65.7
2025-06-12 10:25:00,48.5
2025-06-12 00:20:00,64.3
2025-06-12 03:29:00,51.6
2025-06-12 20:14:00,49.69252501471454
2025-06-12 16:44:00,77.0
2025-06-12 10:35:00,49.69252501471454
2025-06-12 07:20:00,49.69252501471454
2025-06-12 04:59:00,82.3
2025-06-12 19:28:00,49.69252501471454
2025-06-12 18:38:00,77.5
2025-06-12 14:34:00,51.7
2025-06-12 09:49:00,31.6
2025-06-12 23:57:00,10.9
2025-06-12 00:28:00,49.69252501471454
2025-06-12 12:48:00,63.7
2025-06-12 06:14:00,49.69252501471454
2025-06-12 00:03:00,54.5
2025-06-12 10:11:00,84.2
2025-06-12 01:38:00,9.5
2025-06-12 17:18:00,81.8
2025-06-12 21:27:00,87.3
2025-06-12 15:21:00,47.8
2025-06-12 10:52:00,77.3
2025-06-12 13:44:00,68.6
2025-06-12 08:38:00,60.5
2025-06-12 00:06:00,55.1
2025-06-12 06:03:00,90.8
2025-06-12 23:00:00,69.6
2025-06-12 22:09:00,20.7
2025-06-12 19:51:00,82.3
2025-06-12 01:41:00,23.9
2025-06-12 18:06:00,22.6
2025-06-12 12:56:00,30.7
2025-06-12 09:04:00,50.2
2025-06-12 05:05:00,40.9
2025-06-12 16:20:00,58.4
2025-06-12 13:57:00,30.3
2025-06-12 20:16:00,49.69252501471454
2025-06-12 19:05:00,3.5
2025-06-12 04:23:00,3.7
2025-06-12 00:36:00,49.69252501471454
2025-06-12 17:28:00,92.4
2025-06-12 03:33:00,49.69252501471454
2025-06-12 03:17:00,21.9
2025-06-12 05:12:00,90.6
2025-06-12 03:18:00,28.0
2025-06-12 14:43:00,73.8
2025-06-12 06:32:00,1.1
2025-06-12 23:28:00,66.6
2025-06-12 18:03:00,0.7
2025-06-12 18:03:00,96.7
2025-06-12 03:00:00,69.0
2025-06-12 03:21:00,36.0
2025-06-12 02:22:00,2.4
2025-06-12 06:26:00,22.0
2025-06-12 04:57:00,28.5
2025-06-12 09:22:00,3.1
2025-06-12 07:40:00,84.1
2025-06-12 03:01:00,65.2
2025-06-12 21:32:00,18.2
2025-06-12 13:17:00,49.88181818181819
2025-06-12 11:25:00,34.1
2025-06-12 08:47:00,49.88181818181819
2025-06-12 19:25:00,37.7
2025-06-12 04:00:00,58.6
2025-06-12 05:24:00,49.88181818181819
2025-06-12 06:24:00,36.0
2025-06-12 01:02:00,91.7
2025-06-12 00:37:00,45.9
2025-06-12 16:56:00,50.9
2025-06-12 12:59:00,49.88181818181819
2025-06-12 02:06:00,95.3
2025-06-12 05:29:00,49.88181818181819
2025-06-12 05:35:00,99.1
2025-06-12 19:57:00,4.4
2025-06-12 17:15:00,57.3
2025-06-12 18:10:00,93.4
2025-06-12 21:02:00,81.0
2025-06-12 16:09:00,92.0
2025-06-12 17:56:00,49.88181818181819
2025-06-12 19:44:00,47.1
2025-06-12 11:30:00,69.5
2025-06-12 00:13:00,1.5
2025-06-12 04:44:00,4.9
2025-06-12 11:59:00,91.1
2025-06-12 06:44:00,84.3
2025-06-12 08:18:00,49.88181818181819
2025-06-12 20:21:00,71.0
2025-06-12 00:29:00,60.8
2025-06-12 07:14:00,9.7
2025-06-12 18:48:00,98.8
2025-06-12 13:05:00,19.1
2025-06-12 17:53:00,76.9
2025-06-12 04:04:00,45.8
2025-06-12 23:04:00,59.2
2025-06-12 17:43:00,49.88181818181819
2025-06-12 01:28:00,63.0
2025-06-12 01:41:00,28.4
2025-06-12 15:35:00,77.2
2025-06-12 01:30:00,14.9
2025-06-12 15:52:00,49.88181818181819
2025-06-12 08:23:00,49.88181818181819
2025-06-12 13:41:00,89.3
2025-06-12 09:13:00,64.7
2025-06-12 11:23:00,89.9
2025-06-12 21:10:00,36.4
2025-06-12 04:42:00,49.88181818181819
2025-06-12 19:16:00,49.9
2025-06-12 00:41:00,37.4
2025-06-12 06:13:00,44.8
2025-06-12 00:26:00,31.9
2025-06-12 23:38:00,33.9
2025-06-12 01:21:00,49.88181818181819
2025-06-12 17:30:00,32.0
2025-06-12 12:37:00,97.7
2025-06-12 12:29:00,36.4
2025-06-12 12:34:00,49.88181818181819
2025-06-12 11:27:00,63.9
2025-06-12 18:15:00,6.5
2025-06-12 23:53:00,40.2
2025-06-12 18:07:00,68.8
2025-06-12 20:59:00,33.0
2025-06-12 15:07:00,24.7
2025-06-12 21:19:00,46.7
2025-06-12 14:05:00,97.0
2025-06-12 21:00:00,30.2
2025-06-12 04:06:00,85.0
2025-06-12 13:21:00,49.88181818181819
2025-06-12 15:05:00,98.4
2025-06-12 12:36:00,95.3
2025-06-12 14:48:00,23.8
2025-06-12 20:55:00,31.7
2025-06-12 04:56:00,48.9
2025-06-12 20:54:00,67.1
2025-06-12 18:41:00,77.2
2025-06-12 06:51:00,2.2
2025-06-12 22:27:00,41.0
2025-06-12 08:52:00,16.3
2025-06-12 07:26:00,49.88181818181819
2025-06-12 08:25:00,63.8
2025-06-12 09:03:00,53.7
2025-06-12 21:34:00,13.1
2025-06-12 03:36:00,49.88181818181819
2025-06-12 01:04:00,49.88181818181819
2025-06-12 21:01:00,32.8
2025-06-12 18:57:00,8.6
2025-06-12 20:50:00,49.88181818181819
2025-06-12 23:58:00,2.6
2025-06-12 09:12:00,62.7
2025-06-12 03:26:00,33.1
2025-06-12 05:48:00,49.88181818181819
2025-06-12 15:31:00,38.9
2025-06-12 19:14:00,50.0
2025-06-12 21:06:00,49.88181818181819
2025-06-12 17:04:00,24.6
2025-06-12 02:01:00,16.3
2025-06-12 05:41:00,2.3
2025-06-12 07:05:00,63.5
2025-06-12 23:29:00,21.7
2025-06-12 08:48:00,82.7
2025-06-12 18:05:00,19.0
2025-06-12 02:48:00,30.0
2025-06-12 00:08:00,42.4
2025-06-12 02:50:00,56.0
2025-06-12 22:03:00,61.8
2025-06-12 20:18:00,97.0
2025-06-12 05:10:00,97.4
2025-06-12 06:48:00,79.8
2025-06-12 02:49:00,49.88181818181819
2025-06-12 13:30:00,57.9
2025-06-12 08:21:00,13.0
2025-06-12 12:41:00,80.9
2025-06-12 16:39:00,68.9
2025-06-12 04:21:00,49.88181818181819
2025-06-12 23:08:00,55.7
2025-06-12 15:14:00,17.4
2025-06-12 17:21:00,48.1
2025-06-12 16:07:00,4.1
2025-06-12 22:44:00,26.3
2025-06-12 21:53:00,36.4
2025-06-12 05:04:00,72.6
2025-06-12 04:25:00,97.4
2025-06-12 10:59:00,12.7
2025-06-12 17:24:00,96.9
2025-06-12 22:42:00,15.1
2025-06-12 13:59:00,99.1
2025-06-12 07:13:00,42.0
2025-06-12 15:26:00,36.7
2025-06-12 02:25:00,95.7
2025-06-12 09:05:00,86.9
2025-06-12 12:12:00,44.7
2025-06-12 11:40:00,64.4
2025-06-12 09:01:00,50.1
2025-06-12 08:39:00,71.9
2025-06-12 04:07:00,83.4
2025-06-12 03:13:00,33.7
2025-06-12 14:31:00,49.88181818181819
2025-06-12 03:58:00,9.1
2025-06-12 21:55:00,14.6
2025-06-12 08:35:00,71.0
2025-06-12 06:03:00,49.88181818181819
2025-06-12 16:04:00,33.1
2025-06-12 00:20:00,85.9
2025-06-12 14:50:00,88.0
2025-06-12 23:21:00,0.6
2025-06-12 12:42:00,63.6
2025-06-12 00:36:00,31.7
2025-06-12 02:51:00,15.0
2025-06-12 01:22:00,72.5
2025-06-12 18:00:00,56.0
2025-06-12 06:19:00,34.6
2025-06-12 01:31:00,64.1
2025-06-12 16:17:00,97.1
2025-06-12 21:27:00,57.0
2025-06-12 11:52:00,6.2
2025-06-12 20:58:00,54.1
2025-06-12 12:04:00,43.6
2025-06-12 17:23:00,31.5
2025-06-12 09:17:00,14.1
2025-06-12 17:42:00,99.8
2025-06-12 02:41:00,49.88181818181819
2025-06-12 11:31:00,49.88181818181819
2025-06-12 19:37:00,49.88181818181819
2025-06-12 20:31:00,16.5
2025-06-12 11:56:00,56.8
2025-06-12 07:41:00,45.6
2025-06-12 21:54:00,4.9
2025-06-12 19:39:00,98.1
2025-06-12 03:02:00,22.2
2025-06-12 06:53:00,32.4
2025-06-12 00:34:00,77.6
2025-06-12 10:20:00,49.88181818181819
2025-06-12 23:11:00,25.1
2025-06-12 05:15:00,13.9
2025-06-12 20:51:00,68.0
2025-06-12 02:34:00,30.3
2025-06-12 03:19:00,49.88181818181819
2025-06-12 19:31:00,83.5
2025-06-12 14:01:00,88.6
2025-06-12 23:31:00,34.4
2025-06-12 11:37:00,4.0
2025-06-12 20:14:00,52.7
2025-06-12 15:27:00,7.4
2025-06-12 23:05:00,32.7
2025-06-12 14:28:00,24.4
2025-06-12 13:14:00,90.5
2025-06-12 01:54:00,50.7
2025-06-12 19:54:00,16.4
2025-06-12 23:35:00,85.1
2025-06-12 14:14:00,13.1
2025-06-12 05:05:00,60.4
2025-06-12 01:20:00,24.7
2025-06-12 08:15:00,49.88181818181819
2025-06-12 02:32:00,79.5
2025-06-12 03:44:00,61.0
2025-06-12 10:56:00,49.88181818181819
2025-06-12 11:07:00,16.7
2025-06-12 06:06:00,42.8
2025-06-12 06:25:00,49.88181818181819
2025-06-12 09:54:00,58.8
2025-06-12 09:29:00,35.3
2025-06-12 04:16:00,63.1
2025-06-12 13:19:00,93.0
2025-06-12 02:16:00,77.6
2025-06-12 10:11:00,10.6
2025-06-12 09:23:00,92.1
2025-06-12 15:21:00,27.8
2025-06-12 10:51:00,66.3
2025-06-12 21:52:00,20.2
2025-06-12 10:19:00,71.2
2025-06-12 04:34:00,73.3
2025-06-12 14:27:00,96.1
2025-06-12 01:01:00,97.3
2025-06-12 18:13:00,49.88181818181819
2025-06-12 08:05:00,49.88181818181819
2025-06-12 04:40:00,50.8
2025-06-12 02:27:00,58.9
2025-06-12 09:59:00,61.8
2025-06-12 14:03:00,47.2
2025-06-12 19:48:00,95.4
2025-06-12 00:49:00,12.8
2025-06-12 23:39:00,28.0
2025-06-12 19:52:00,87.3
2025-06-12 03:29:00,63.3
2025-06-12 15:09:00,73.2
2025-06-12 19:45:00,97.1
2025-06-12 23:37:00,49.88181818181819
2025-06-12 16:21:00,68.6
2025-06-12 13:51:00,91.1
2025-06-12 04:35:00,17.0
2025-06-12 11:22:00,6.8
2025-06-12 22:31:00,77.2
2025-06-12 12:14:00,49.88181818181819
2025-06-12 21:09:00,63.5
2025-06-12 19:58:00,85.4
2025-06-12 10:13:00,49.88181818181819
2025-06-12 22:02:00,39.5
2025-06-12 10:52:00,39.6
2025-06-12 00:10:00,89.5
2025-06-12 06:31:00,13.6
2025-06-12 19:20:00,96.5
2025-06-12 21:31:00,65.2
2025-06-12 22:24:00,80.3
2025-06-12 22:20:00,98.4
2025-06-12 12:26:00,94.8
2025-06-12 21:04:00,77.1
2025-06-12 09:02:00,99.0
2025-06-12 16:13:00,11.7
2025-06-12 06:17:00,49.88181818181819
2025-06-12 03:54:00,49.88181818181819
2025-06-12 07:35:00,19.1
2025-06-12 04:11:00,42.2
2025-06-12 18:31:00,69.6
2025-06-12 17:22:00,82.2
2025-06-12 19:35:00,49.88181818181819
2025-06-12 08:01:00,36.7
2025-06-12 20:15:00,17.7
2025-06-12 04:24:00,13.3
2025-06-12 12:19:00,49.88181818181819
2025-06-12 23:19:00,49.88181818181819
2025-06-12 20:41:00,2.8
2025-06-12 06:07:00,12.3
2025-06-12 13:32:00,62.6
2025-06-12 02:35:00,68.1
2025-06-12 03:04:00,94.4
2025-06-12 16:49:00,49.88181818181819
2025-06-12 11:21:00,11.6
2025-06-12 15:51:00,4.3
2025-06-12 08:26:00,72.6
2025-06-12 23:22:00,94.5
2025-06-12 04:31:00,49.88181818181819
2025-06-12 09:33:00,49.88181818181819
2025-06-12 11:12:00,49.88181818181819
2025-06-12 07:47:00,29.8
2025-06-12 18:01:00,2.3
2025-06-12 06:36:00,7.2
2025-06-12 00:44:00,3.7
2025-06-12 07:25:00,27.3
2025-06-12 16:46:00,69.0
2025-06-12 03:10:00,45.9
2025-06-12 10:35:00,30.4
2025-06-12 20:32:00,62.9
2025-06-12 12:18:00,40.1
2025-06-12 11:39:00,47.3
2025-06-12 11:13:00,0.9
2025-06-12 15:01:00,69.8
2025-06-12 21:49:00,24.9
2025-06-12 05:38:00,49.88181818181819
2025-06-12 16:10:00,57.1
2025-06-12 20:09:00,13.3
2025-06-12 00:25:00,61.4
2025-06-12 06:21:00,26.0
2025-06-12 23:52:00,5.6
2025-06-12 05:36:00,4.4
2025-06-12 09:20:00,28.6
2025-06-12 19:40:00,69.8
2025-06-12 03:51:00,3.9
2025-06-12 14:52:00,39.1
2025-06-12 07:15:00,43.5
2025-06-12 07:52:00,44.0
2025-06-12 08:42:00,78.9
2025-06-12 20:47:00,38.7
2025-06-12 18:06:00,49.88181818181819
2025-06-12 21:33:00,49.88181818181819
2025-06-12 05:40:00,67.4
2025-06-12 16:01:00,84.3
2025-06-12 08:30:00,15.1
2025-06-12 12:57:00,2.1
2025-06-12 12:35:00,77.1
2025-06-12 04:58:00,4.5
2025-06-12 06:37:00,12.7
2025-06-12 10:41:00,75.5
2025-06-12 20:38:00,27.2
2025-06-12 00:50:00,24.8
2025-06-12 03:01:00,50.019744401453856
2025-06-12 10:28:00,84.5
2025-06-12 12:32:00,2.2
2025-06-12 07:51:00,47.1
2025-06-12 11:57:00,48.2
2025-06-12 08:08:00,86.7
2025-06-12 13:54:00,50.019744401453856
2025-06-12 05:47:00,65.7
2025-06-12 18:00:00,23.4
2025-06-12 21:01:00,50.0
2025-06-12 12:22:00,64.8
2025-06-12 15:01:00,31.5
2025-06-12 09:59:00,89.5
2025-06-12 01:21:00,44.3
2025-06-12 18:18:00,76.2
2025-06-12 17:52:00,63.5
2025-06-12 08:03:00,64.4
2025-06-12 11:42:00,90.5
2025-06-12 17:34:00,89.3
2025-06-12 21:17:00,55.9
2025-06-12 21:12:00,79.7
2025-06-12 08:14:00,4.2
2025-06-12 07:53:00,85.0
2025-06-12 04:43:00,65.9
2025-06-12 20:24:00,7.0
2025-06-12 15:03:00,80.6
2025-06-12 05:29:00,41.8
2025-06-12 14:35:00,82.5
2025-06-12 16:16:00,20.8
2025-06-12 21:53:00,63.2
2025-06-12 15:37:00,59.7
2025-06-12 13:29:00,52.9
2025-06-12 10:24:00,23.5
2025-06-12 21:10:00,55.0
2025-06-12 20:06:00,66.9
2025-06-12 15:11:00,60.1
2025-06-12 16:25:00,90.2
2025-06-12 23:44:00,44.6
2025-06-12 18:29:00,11.1
2025-06-12 20:04:00,50.019744401453856
2025-06-12 22:55:00,90.7
2025-06-12 06:16:00,55.0
2025-06-12 19:50:00,14.2
2025-06-12 20:08:00,6.1
2025-06-12 00:07:00,50.019744401453856
2025-06-12 13:00:00,43.7
2025-06-12 01:04:00,57.2
2025-06-12 07:25:00,88.9
2025-06-12 12:01:00,90.9
2025-06-12 02:03:00,41.6
2025-06-12 13:22:00,27.0
2025-06-12 16:54:00,61.9
2025-06-12 11:59:00,28.3
2025-06-12 16:22:00,26.9
2025-06-12 20:16:00,96.4
2025-06-12 10:12:00,6.5
2025-06-12 23:53:00,51.5
2025-06-12 05:15:00,50.019744401453856
2025-06-12 03:42:00,9.5
2025-06-12 03:13:00,27.4
2025-06-12 08:34:00,59.7
2025-06-12 01:01:00,67.2
2025-06-12 18:43:00,49.8
2025-06-12 00:29:00,2.9
2025-06-12 02:36:00,84.1
2025-06-12 04:25:00,15.8
2025-06-12 09:46:00,24.0
2025-06-12 00:10:00,50.019744401453856
2025-06-12 13:38:00,63.3
2025-06-12 04:15:00,68.1
2025-06-12 13:52:00,36.3
2025-06-12 04:18:00,77.6
2025-06-12 02:18:00,27.4
2025-06-12 00:26:00,73.6
2025-06-12 21:52:00,50.019744401453856
2025-06-12 20:57:00,24.9
2025-06-12 20:21:00,62.7
2025-06-12 06:58:00,65.3
2025-06-12 07:30:00,78.7
2025-06-12 03:27:00,37.9
2025-06-12 11:11:00,24.7
2025-06-12 23:51:00,55.2
2025-06-12 19:07:00,10.9
2025-06-12 10:05:00,77.6
2025-06-12 12:24:00,10.3
2025-06-12 10:50:00,50.019744401453856
2025-06-12 08:16:00,1.7
2025-06-12 21:59:00,70.7
2025-06-12 09:33:00,57.9
2025-06-12 03:49:00,50.019744401453856
2025-06-12 05:53:00,34.7
2025-06-12 15:12:00,53.9
2025-06-12 23:26:00,68.5
2025-06-12 00:38:00,52.6
2025-06-12 00:30:00,77.7
2025-06-12 03:45:00,10.1
2025-06-12 18:14:00,10.6
2025-06-12 19:05:00,9.8
2025-06-12 03:10:00,48.8
2025-06-12 21:32:00,57.1
2025-06-12 02:09:00,82.0
2025-06-12 00:34:00,99.1
2025-06-12 18:04:00,98.3
2025-06-12 16:48:00,92.4
2025-06-12 02:38:00,50.019744401453856
2025-06-12 01:00:00,38.4
2025-06-12 03:50:00,93.9
2025-06-12 09:01:00,8.4
2025-06-12 07:26:00,72.1
2025-06-12 12:58:00,50.019744401453856
2025-06-12 00:37:00,95.3
2025-06-12 17:09:00,80.2
2025-06-12 22:59:00,62.0
2025-06-12 23:09:00,34.4
2025-06-12 10:45:00,99.9
2025-06-12 20:56:00,81.5
2025-06-12 06:03:00,85.9
2025-06-12 11:56:00,31.9
2025-06-12 10:34:00,34.3
2025-06-12 04:03:00,37.5
2025-06-12 14:41:00,54.0
2025-06-12 20:13:00,50.019744401453856
2025-06-12 17:13:00,52.9
2025-06-12 15:19:00,50.019744401453856
2025-06-12 03:53:00,42.6
2025-06-12 05:46:00,50.019744401453856
2025-06-12 07:07:00,43.1
2025-06-12 06:49:00,29.5
2025-06-12 13:50:00,89.4
2025-06-12 22:16:00,16.0
2025-06-12 16:44:00,39.5
2025-06-12 22:08:00,50.019744401453856
2025-06-12 08:20:00,50.019744401453856
2025-06-12 05:16:00,53.2
2025-06-12 08:13:00,31.9
2025-06-12 01:43:00,82.1
2025-06-12 09:36:00,50.019744401453856
2025-06-12 06:00:00,55.1
2025-06-12 09:42:00,43.8
2025-06-12 04:05:00,64.7
2025-06-12 06:26:00,97.9
2025-06-12 11:00:00,34.7
2025-06-12 03:41:00,69.4
2025-06-12 22:29:00,50.9
2025-06-12 12:34:00,54.9
2025-06-12 02:04:00,2.1
2025-06-12 11:30:00,56.7
2025-06-12 02:28:00,42.2
2025-06-12 21:41:00,68.8
2025-06-12 22:18:00,15.9
2025-06-12 23:52:00,42.6
2025-06-12 04:12:00,68.4
2025-06-12 12:17:00,61.3
2025-06-12 07:05:00,42.9
2025-06-12 09:07:00,98.2
2025-06-12 12:44:00,68.2
2025-06-12 15:28:00,50.019744401453856
2025-06-12 04:29:00,50.019744401453856
2025-06-12 11:41:00,0.2
2025-06-12 21:31:00,50.019744401453856
2025-06-12 18:22:00,10.1
2025-06-12 00:39:00,87.5
2025-06-12 02:44:00,50.019744401453856
2025-06-12 01:59:00,9.3
2025-06-12 08:37:00,5.2
2025-06-12 20:10:00,51.2
2025-06-12 23:38:00,39.5
2025-06-12 07:55:00,68.6
2025-06-12 07:06:00,50.019744401453856
2025-06-12 18:09:00,22.3
2025-06-12 18:52:00,2.1
2025-06-12 21:43:00,49.2
2025-06-12 12:26:00,50.019744401453856
2025-06-12 23:14:00,85.5
2025-06-12 16:58:00,79.0
2025-06-12 01:31:00,94.8
2025-06-12 22:13:00,52.0
2025-06-12 02:30:00,17.5
2025-06-12 05:18:00,4.0
2025-06-12 14:49:00,50.019744401453856
2025-06-12 17:21:00,29.8
2025-06-12 01:18:00,48.3
2025-06-12 22:34:00,50.019744401453856
2025-06-12 09:41:00,52.9
2025-06-12 10:08:00,37.2
2025-06-12 04:38:00,40.5
2025-06-12 01:17:00,38.4
2025-06-12 01:40:00,78.6
2025-06-12 16:36:00,22.2
2025-06-12 03:54:00,47.0
2025-06-12 16:28:00,79.6
2025-06-12 07:34:00,56.7
2025-06-12 17:27:00,85.8
2025-06-12 23:15:00,9.7
2025-06-12 14:45:00,66.4
2025-06-12 02:53:00,21.9
2025-06-12 15:32:00,66.3
2025-06-12 04:55:00,2.5
2025-06-12 11:20:00,18.7
2025-06-12 08:33:00,71.7
2025-06-12 03:43:00,3.2
2025-06-12 07:01:00,88.9
2025-06-12 22:41:00,26.0
2025-06-12 22:43:00,79.2
2025-06-12 20:59:00,50.019744401453856
2025-06-12 22:14:00,84.1
2025-06-12 19:14:00,64.3
2025-06-12 15:22:00,50.019744401453856
2025-06-12 15:44:00,52.5
2025-06-12 19:09:00,44.4
2025-06-12 16:20:00,50.019744401453856
2025-06-12 16:04:00,50.019744401453856
2025-06-12 16:05:00,27.6
2025-06-12 06:50:00,50.019744401453856
2025-06-12 23:20:00,49.9
2025-06-12 22:30:00,50.7
2025-06-12 03:28:00,50.019744401453856
2025-06-12 21:46:00,56.1
2025-06-12 11:33:00,68.9
2025-06-12 20:09:00,62.3
2025-06-12 16:10:00,76.2
2025-06-12 12:06:00,39.1
2025-06-12 12:48:00,41.0
2025-06-12 12:11:00,28.7
2025-06-12 05:04:00,92.0
2025-06-12 02:46:00,57.4
2025-06-12 08:53:00,89.9
2025-06-12 10:51:00,7.6
2025-06-12 20:23:00,26.2
2025-06-12 17:59:00,65.7
2025-06-12 12:57:00,93.1
2025-06-12 06:22:00,22.7
2025-06-12 15:05:00,20.3
2025-06-12 16:33:00,50.019744401453856
2025-06-12 01:05:00,18.2
2025-06-12 21:25:00,97.0
2025-06-12 08:49:00,75.0
2025-06-12 02:29:00,82.4
2025-06-12 16:43:00,67.5
2025-06-12 19:13:00,82.4
2025-06-12 04:53:00,39.7
2025-06-12 16:45:00,99.0
2025-06-12 04:23:00,97.9
2025-06-12 13:58:00,43.8
2025-06-12 19:54:00,30.7
2025-06-12 11:29:00,85.8
2025-06-12 22:21:00,57.6
2025-06-12 12:10:00,62.3
2025-06-12 19:24:00,76.3
2025-06-12 15:59:00,23.5
2025-06-12 04:41:00,97.7
2025-06-12 05:51:00,20.1
2025-06-12 05:05:00,62.6
2025-06-12 23:22:00,47.6
2025-06-12 02:26:00,17.0
2025-06-12 07:00:00,57.6
2025-06-12 02:31:00,75.7
2025-06-12 06:13:00,48.3
2025-06-12 00:41:00,65.7
2025-06-12 17:36:00,62.6
2025-06-12 00:24:00,91.3
2025-06-12 11:46:00,50.019744401453856
2025-06-12 12:21:00,68.5
2025-06-12 10:46:00,23.6
2025-06-12 12:37:00,0.2
2025-06-12 16:07:00,56.1
2025-06-12 13:13:00,20.4
2025-06-12 02:39:00,73.9
2025-06-12 10:40:00,50.019744401453856
2025-06-12 15:24:00,50.019744401453856
2025-06-12 01:20:00,26.3
2025-06-12 15:47:00,84.3
2025-06-12 22:56:00,50.019744401453856
2025-06-12 17:31:00,91.7
2025-06-12 22:01:00,36.8
2025-06-12 05:28:00,50.2
2025-06-12 17:11:00,4.7
2025-06-12 12:46:00,7.8
2025-06-12 19:53:00,76.3
2025-06-12 04:22:00,7.3
2025-06-12 21:36:00,18.0
2025-06-12 04:49:00,27.4
2025-06-12 02:54:00,30.9
2025-06-12 14:59:00,37.9
2025-06-12 08:07:00,14.6
2025-06-12 05:13:00,6.0
2025-06-12 20:19:00,96.9
2025-06-12 20:30:00,85.8
2025-06-12 09:44:00,75.5
2025-06-12 23:43:00,43.0
2025-06-12 09:08:00,43.0
2025-06-12 09:32:00,8.5
2025-06-12 14:05:00,2.6
2025-06-12 20:11:00,71.0
2025-06-12 18:02:00,69.7
2025-06-12 21:02:00,50.019744401453856
2025-06-12 01:47:00,80.0
2025-06-12 16:18:00,26.0
2025-06-12 12:43:00,48.2
2025-06-12 18:33:00,42.2
2025-06-12 10:21:00,72.0
2025-06-12 08:17:00,63.0
2025-06-12 16:31:00,68.1
2025-06-12 16:12:00,49.0
2025-06-12 22:00:00,50.0
2025-06-12 12:35:00,70.1
2025-06-12 21:00:00,86.2
2025-06-12 14:02:00,49.94205948042788
2025-06-12 12:03:00,19.7
2025-06-12 18:39:00,19.2
2025-06-12 18:57:00,73.5
2025-06-12 04:44:00,11.1
2025-06-12 16:48:00,12.0
2025-06-12 19:43:00,22.0
2025-06-12 01:17:00,92.4
2025-06-12 18:23:00,24.3
2025-06-12 04:07:00,13.4
2025-06-12 02:53:00,14.3
2025-06-12 00:24:00,1.2
2025-06-12 18:04:00,16.2
2025-06-12 12:27:00,30.9
2025-06-12 01:00:00,36.6
2025-06-12 08:56:00,94.3
2025-06-12 01:48:00,69.5
2025-06-12 15:32:00,36.7
2025-06-12 11:36:00,8.5
2025-06-12 14:22:00,70.2
2025-06-12 10:31:00,0.8
2025-06-12 16:31:00,14.3
2025-06-12 16:51:00,49.94205948042788
2025-06-12 17:26:00,39.3
2025-06-12 18:09:00,52.1
2025-06-12 07:21:00,35.3
2025-06-12 16:35:00,88.2
2025-06-12 00:08:00,75.6
2025-06-12 20:07:00,49.94205948042788
2025-06-12 03:16:00,70.3
2025-06-12 03:42:00,40.3
2025-06-12 14:35:00,49.94205948042788
2025-06-12 03:57:00,49.94205948042788
2025-06-12 08:00:00,22.5
2025-06-12 12:56:00,49.94205948042788
2025-06-12 17:54:00,34.0
2025-06-12 10:43:00,49.94205948042788
2025-06-12 07:01:00,43.8
2025-06-12 16:45:00,62.6
2025-06-12 07:14:00,88.3
2025-06-12 09:57:00,82.1
2025-06-12 11:10:00,37.8
2025-06-12 23:26:00,60.1
2025-06-12 13:17:00,66.6
2025-06-12 12:32:00,38.5
2025-06-12 23:43:00,79.6
2025-06-12 06:04:00,14.3
2025-06-12 15:02:00,68.6
2025-06-12 20:21:00,59.7
2025-06-12 00:02:00,13.0
2025-06-12 10:06:00,49.94205948042788
2025-06-12 14:48:00,23.7
2025-06-12 20:06:00,16.6
2025-06-12 02:19:00,58.3
2025-06-12 09:04:00,4.3
2025-06-12 13:54:00,56.8
2025-06-12 18:50:00,85.8
2025-06-12 09:22:00,36.4
2025-06-12 09:23:00,49.94205948042788
2025-06-12 15:13:00,56.8
2025-06-12 08:40:00,53.5
2025-06-12 12:40:00,87.5
2025-06-12 05:38:00,29.8
2025-06-12 14:17:00,95.8
2025-06-12 21:27:00,46.2
2025-06-12 08:59:00,9.3
2025-06-12 13:42:00,72.8
2025-06-12 23:19:00,32.1
2025-06-12 20:22:00,27.1
2025-06-12 20:09:00,49.94205948042788
2025-06-12 17:16:00,24.1
2025-06-12 12:16:00,93.4
2025-06-12 19:15:00,39.2
2025-06-12 00:19:00,82.4
2025-06-12 04:03:00,8.5
2025-06-12 23:38:00,15.2
2025-06-12 19:21:00,67.7
2025-06-12 09:59:00,12.0
2025-06-12 09:52:00,93.2
2025-06-12 18:59:00,19.1
2025-06-12 08:46:00,42.4
2025-06-12 09:42:00,49.94205948042788
2025-06-12 09:16:00,49.94205948042788
2025-06-12 09:14:00,99.8
2025-06-12 01:16:00,39.6
2025-06-12 16:37:00,13.0
2025-06-12 01:58:00,81.8
2025-06-12 06:56:00,49.94205948042788
2025-06-12 23:39:00,37.9
2025-06-12 12:33:00,67.7
2025-06-12 04:24:00,87.3
2025-06-12 21:09:00,19.9
2025-06-12 08:30:00,67.7
2025-06-12 23:04:00,48.2
2025-06-12 12:14:00,35.9
2025-06-12 12:08:00,14.0
2025-06-12 00:39:00,7.4
2025-06-12 08:11:00,47.8
2025-06-12 20:15:00,5.9
2025-06-12 10:27:00,37.7
2025-06-12 00:58:00,66.4
2025-06-12 13:56:00,49.94205948042788
2025-06-12 23:27:00,16.9
2025-06-12 23:11:00,93.5
2025-06-12 08:50:00,92.0
2025-06-12 00:30:00,40.3
2025-06-12 02:21:00,49.94205948042788
2025-06-12 10:20:00,23.8
2025-06-12 12:55:00,49.3
2025-06-12 08:13:00,92.1
2025-06-12 08:53:00,49.94205948042788
2025-06-12 05:04:00,12.1
2025-06-12 21:30:00,0.3
2025-06-12 07:57:00,61.1
2025-06-12 18:35:00,26.0
2025-06-12 08:23:00,60.9
2025-06-12 20:59:00,88.6
2025-06-12 04:15:00,7.6
2025-06-12 14:42:00,31.6
2025-06-12 03:46:00,49.94205948042788
2025-06-12 00:20:00,49.94205948042788
2025-06-12 11:03:00,66.0
2025-06-12 07:04:00,97.9
2025-06-12 23:56:00,0.4
2025-06-12 06:02:00,47.9
2025-06-12 20:56:00,86.1
2025-06-12 07:50:00,49.94205948042788
2025-06-12 15:11:00,36.4
2025-06-12 19:41:00,49.94205948042788
2025-06-12 09:53:00,64.7
2025-06-12 19:03:00,1.7
2025-06-12 17:28:00,38.0
2025-06-12 02:22:00,38.0
2025-06-12 18:29:00,85.1
2025-06-12 21:44:00,56.1
2025-06-12 14:43:00,97.8
2025-06-12 02:25:00,49.94205948042788
2025-06-12 03:30:00,97.5
2025-06-12 00:17:00,19.3
2025-06-12 10:48:00,42.3
2025-06-12 08:44:00,56.8
2025-06-12 23:22:00,25.0
2025-06-12 13:30:00,24.7
2025-06-12 00:06:00,19.0
2025-06-12 13:07:00,32.0
2025-06-12 03:32:00,89.5
2025-06-12 19:40:00,82.0
2025-06-12 10:02:00,11.7
2025-06-12 10:30:00,34.3
2025-06-12 09:37:00,52.5
2025-06-12 10:23:00,3.4
2025-06-12 03:25:00,49.94205948042788
2025-06-12 05:57:00,31.9
2025-06-12 19:56:00,74.7
2025-06-12 00:33:00,88.5
2025-06-12 01:44:00,95.1
2025-06-12 04:58:00,20.4
2025-06-12 10:24:00,7.9
2025-06-12 06:26:00,76.2
2025-06-12 18:43:00,48.5
2025-06-12 04:26:00,13.1
2025-06-12 15:06:00,28.6
2025-06-12 21:36:00,69.4
2025-06-12 21:28:00,23.8
2025-06-12 22:27:00,49.0
2025-06-12 23:45:00,94.9
2025-06-12 13:59:00,30.2
2025-06-12 05:15:00,82.8
2025-06-12 14:55:00,54.1
2025-06-12 02:24:00,20.8
2025-06-12 10:46:00,10.3
2025-06-12 06:38:00,79.6
2025-06-12 03:09:00,5.9
2025-06-12 09:06:00,49.94205948042788
2025-06-12 15:51:00,13.0
2025-06-12 00:43:00,49.94205948042788
2025-06-12 20:49:00,49.94205948042788
2025-06-12 03:44:00,43.3
2025-06-12 22:53:00,52.2
2025-06-12 06:28:00,28.6
2025-06-12 06:18:00,49.94205948042788
2025-06-12 08:32:00,18.0
2025-06-12 11:52:00,10.8
2025-06-12 02:45:00,49.94205948042788
2025-06-12 09:34:00,27.7
2025-06-12 10:10:00,49.94205948042788
2025-06-12 17:44:00,3.5
2025-06-12 22:50:00,65.8
2025-06-12 06:48:00,2.6
2025-06-12 15:49:00,52.8
2025-06-12 12:49:00,12.5
2025-06-12 11:34:00,1.9
2025-06-12 14:07:00,86.2
2025-06-12 16:39:00,69.7
2025-06-12 11:01:00,13.2
2025-06-12 06:07:00,29.7
2025-06-12 07:40:00,6.7
2025-06-12 10:11:00,89.2
2025-06-12 19:33:00,49.94205948042788
2025-06-12 01:13:00,79.5
2025-06-12 08:01:00,30.6
2025-06-12 23:33:00,56.4
2025-06-12 22:30:00,14.1
2025-06-12 05:29:00,58.2
2025-06-12 12:04:00,49.94205948042788
2025-06-12 11:06:00,49.94205948042788
2025-06-12 20:28:00,49.94205948042788
2025-06-12 16:50:00,74.3
2025-06-12 13:12:00,49.94205948042788
2025-06-12 22:03:00,59.5
2025-06-12 06:08:00,19.0
2025-06-12 01:23:00,78.6
2025-06-12 21:32:00,3.9
2025-06-12 05:23:00,60.1
2025-06-12 15:59:00,25.0
2025-06-12 05:10:00,13.6
2025-06-12 05:26:00,3.0
2025-06-12 06:23:00,36.1
2025-06-12 02:10:00,90.6
2025-06-12 19:34:00,12.5
2025-06-12 17:59:00,71.1
2025-06-12 23:20:00,82.0
2025-06-12 03:56:00,42.3
2025-06-12 09:07:00,39.8
2025-06-12 06:41:00,48.0
2025-06-12 20:18:00,49.94205948042788
2025-06-12 12:23:00,34.2
2025-06-12 09:51:00,55.6
2025-06-12 18:11:00,8.8
2025-06-12 18:51:00,8.9
2025-06-12 15:00:00,57.7
2025-06-12 12:22:00,25.1
2025-06-12 06:33:00,29.1
2025-06-12 22:37:00,28.9
2025-06-12 23:53:00,21.9
2025-06-12 03:35:00,88.8
2025-06-12 05:30:00,13.0
2025-06-12 13:21:00,71.7
2025-06-12 15:01:00,12.8
2025-06-12 22:58:00,17.8
2025-06-12 09:50:00,84.6
2025-06-12 16:15:00,8.8
2025-06-12 09:46:00,56.3
2025-06-12 07:49:00,8.2
2025-06-12 03:06:00,19.7
2025-06-12 13:13:00,49.7
2025-06-12 11:00:00,66.3
2025-06-12 18:38:00,49.94205948042788
2025-06-12 17:52:00,75.4
2025-06-12 08:09:00,1.0
2025-06-12 18:18:00,62.4
2025-06-12 14:01:00,47.8
2025-06-12 05:50:00,80.5
2025-06-12 00:38:00,9.8
2025-06-12 21:56:00,49.94205948042788
2025-06-12 23:46:00,21.1
2025-06-12 11:38:00,98.4
2025-06-12 00:12:00,47.7
2025-06-12 18:16:00,40.9
2025-06-12 03:59:00,56.5
2025-06-12 01:53:00,49.94205948042788
2025-06-12 02:39:00,48.8
2025-06-12 08:48:00,29.8
2025-06-12 01:30:00,10.0
2025-06-12 14:28:00,97.7
2025-06-12 00:54:00,57.8
2025-06-12 18:26:00,90.3
2025-06-12 15:27:00,58.3
2025-06-12 18:01:00,49.94205948042788
2025-06-12 19:46:00,58.2
2025-06-12 14:11:00,64.7
2025-06-12 20:54:00,71.4
2025-06-12 15:09:00,49.94205948042788
2025-06-12 17:06:00,58.1
2025-06-12 14:46:00,59.4
2025-06-12 10:45:00,47.4
2025-06-12 14:34:00,50.9
2025-06-12 18:24:00,52.4
2025-06-12 09:44:00,49.94205948042788
2025-06-12 10:26:00,49.94205948042788
2025-06-12 07:11:00,49.94205948042788
2025-06-12 16:58:00,49.94205948042788
2025-06-12 19:00:00,21.4
2025-06-12 07:30:00,24.0
2025-06-12 09:27:00,73.3
2025-06-12 04:42:00,30.5
2025-06-12 23:15:00,36.8
2025-06-12 15:48:00,53.7
2025-06-12 10:29:00,17.1
2025-06-12 01:57:00,53.8
2025-06-12 00:29:00,49.94205948042788
2025-06-12 07:47:00,33.1
2025-06-12 04:38:00,78.4
2025-06-12 01:27:00,49.94205948042788
2025-06-12 07:25:00,97.9
2025-06-12 01:32:00,49.94205948042788
2025-06-12 09:00:00,49.94205948042788
2025-06-12 11:18:00,65.1
2025-06-12 13:51:00,5.8
2025-06-12 14:45:00,34.0
2025-06-12 14:59:00,84.3
2025-06-12 15:31:00,38.0
2025-06-12 12:09:00,51.4
2025-06-12 14:21:00,4.1
2025-06-12 09:39:00,87.6
2025-06-12 18:46:00,14.3
2025-06-12 06:21:00,99.7
2025-06-12 22:55:00,73.4
2025-06-12 06:20:00,0.1
2025-06-12 18:34:00,50.024092836946274
2025-06-12 22:30:00,95.5
2025-06-12 15:52:00,32.7
2025-06-12 22:12:00,22.6
2025-06-12 15:46:00,9.4
2025-06-12 13:36:00,24.0
2025-06-12 17:10:00,81.8
2025-06-12 10:54:00,23.0
2025-06-12 02:30:00,3.8
2025-06-12 06:38:00,49.5
2025-06-12 18:25:00,33.0
2025-06-12 13:26:00,17.5
2025-06-12 01:07:00,50.024092836946274
2025-06-12 17:36:00,34.8
2025-06-12 00:14:00,49.1
2025-06-12 13:12:00,19.5
2025-06-12 23:35:00,46.6
2025-06-12 20:55:00,13.7
2025-06-12 12:31:00,76.2
2025-06-12 07:13:00,7.0
2025-06-12 17:06:00,99.0
2025-06-12 10:46:00,60.9
2025-06-12 04:45:00,54.8
2025-06-12 12:36:00,96.5
2025-06-12 20:47:00,17.6
2025-06-12 15:56:00,86.7
2025-06-12 04:31:00,55.7
2025-06-12 08:42:00,14.2
2025-06-12 17:23:00,76.5
2025-06-12 12:07:00,46.7
2025-06-12 20:53:00,88.3
2025-06-12 03:03:00,34.6
2025-06-12 22:08:00,10.8
2025-06-12 19:05:00,50.024092836946274
2025-06-12 13:20:00,90.1
2025-06-12 16:27:00,42.5
2025-06-12 12:58:00,50.024092836946274
2025-06-12 07:37:00,76.0
2025-06-12 08:31:00,0.2
2025-06-12 06:22:00,92.5
2025-06-12 05:28:00,75.2
2025-06-12 03:39:00,0.1
2025-06-12 18:07:00,37.4
2025-06-12 17:05:00,14.2
2025-06-12 04:17:00,48.7
2025-06-12 10:12:00,50.024092836946274
2025-06-12 19:15:00,5.2
2025-06-12 08:10:00,9.8
2025-06-12 11:41:00,3.0
2025-06-12 21:31:00,25.2
2025-06-12 03:31:00,50.024092836946274
2025-06-12 05:04:00,80.0
2025-06-12 21:06:00,9.5
2025-06-12 00:09:00,27.8
2025-06-12 15:15:00,62.7
2025-06-12 16:41:00,91.9
2025-06-12 14:13:00,50.024092836946274
2025-06-12 19:12:00,50.024092836946274
2025-06-12 20:06:00,31.9
2025-06-12 09:35:00,54.4
2025-06-12 10:18:00,27.5
2025-06-12 05:15:00,20.5
2025-06-12 01:59:00,64.2
2025-06-12 00:44:00,37.1
2025-06-12 08:55:00,88.7
2025-06-12 21:27:00,73.7
2025-06-12 06:57:00,66.2
2025-06-12 20:35:00,93.7
2025-06-12 11:39:00,81.1
2025-06-12 02:02:00,71.3
2025-06-12 10:50:00,75.4
2025-06-12 02:11:00,78.3
2025-06-12 01:57:00,8.8
2025-06-12 22:22:00,78.3
2025-06-12 19:02:00,31.7
2025-06-12 10:39:00,11.5
2025-06-12 00:47:00,53.9
2025-06-12 02:13:00,61.0
2025-06-12 14:45:00,2.8
2025-06-12 22:56:00,43.3
2025-06-12 21:48:00,88.7
2025-06-12 09:11:00,79.0
2025-06-12 02:43:00,82.2
2025-06-12 16:12:00,19.2
2025-06-12 02:32:00,79.1
2025-06-12 04:48:00,99.5
2025-06-12 18:00:00,24.4
2025-06-12 02:04:00,88.7
2025-06-12 00:42:00,65.9
2025-06-12 14:38:00,18.3
2025-06-12 12:50:00,4.5
2025-06-12 21:29:00,2.6
2025-06-12 20:42:00,10.1
2025-06-12 17:48:00,20.2
2025-06-12 08:04:00,50.024092836946274
2025-06-12 01:06:00,50.024092836946274
2025-06-12 02:20:00,12.4
2025-06-12 09:57:00,50.024092836946274
2025-06-12 23:11:00,87.0
2025-06-12 15:01:00,50.024092836946274
2025-06-12 09:45:00,37.0
2025-06-12 06:39:00,68.3
2025-06-12 13:58:00,30.1
2025-06-12 11:12:00,36.7
2025-06-12 17:21:00,34.9
2025-06-12 07:03:00,39.6
2025-06-12 06:35:00,50.024092836946274
2025-06-12 07:06:00,91.2
2025-06-12 02:08:00,1.5
2025-06-12 04:24:00,62.4
2025-06-12 21:13:00,59.8
2025-06-12 10:23:00,1.3
2025-06-12 10:36:00,99.7
2025-06-12 07:15:00,74.3
2025-06-12 17:59:00,50.024092836946274
2025-06-12 12:17:00,38.8
2025-06-12 12:27:00,85.0
2025-06-12 06:07:00,87.1
2025-06-12 12:18:00,95.3
2025-06-12 19:11:00,65.6
2025-06-12 13:31:00,14.1
2025-06-12 10:10:00,50.024092836946274
2025-06-12 12:41:00,93.7
2025-06-12 09:22:00,50.024092836946274
2025-06-12 22:57:00,76.8
2025-06-12 10:29:00,38.9
2025-06-12 07:29:00,4.7
2025-06-12 10:56:00,87.7
2025-06-12 03:28:00,65.7
2025-06-12 07:08:00,95.6
2025-06-12 23:53:00,62.3
2025-06-12 14:56:00,50.024092836946274
2025-06-12 03:34:00,78.1
2025-06-12 01:58:00,50.024092836946274
2025-06-12 17:43:00,49.3
2025-06-12 03:12:00,67.4
2025-06-12 15:40:00,16.3
2025-06-12 08:39:00,49.2
2025-06-12 14:30:00,30.5
2025-06-12 01:29:00,46.1
2025-06-12 02:29:00,46.9
2025-06-12 12:43:00,6.5
2025-06-12 02:52:00,94.9
2025-06-12 22:40:00,82.8
2025-06-12 11:34:00,0.6
2025-06-12 01:24:00,50.024092836946274
2025-06-12 08:21:00,70.9
2025-06-12 07:57:00,5.8
2025-06-12 20:11:00,92.7
2025-06-12 01:20:00,50.024092836946274
2025-06-12 06:44:00,57.1
2025-06-12 21:05:00,82.5
2025-06-12 04:22:00,6.8
2025-06-12 08:27:00,44.2
2025-06-12 18:11:00,72.7
2025-06-12 03:45:00,53.8
2025-06-12 17:50:00,13.1
2025-06-12 14:02:00,4.0
2025-06-12 21:33:00,52.2
2025-06-12 22:04:00,68.4
2025-06-12 16:22:00,50.024092836946274
2025-06-12 21:12:00,50.024092836946274
2025-06-12 19:41:00,31.0
2025-06-12 05:59:00,39.6
2025-06-12 02:01:00,27.4
2025-06-12 14:34:00,34.5
2025-06-12 11:54:00,50.024092836946274
2025-06-12 07:19:00,4.2
2025-06-12 11:14:00,50.0
2025-06-12 21:36:00,58.2
2025-06-12 18:21:00,50.024092836946274
2025-06-12 11:26:00,51.6
2025-06-12 09:33:00,91.3
2025-06-12 16:44:00,1.6
2025-06-12 12:22:00,9.1
2025-06-12 10:40:00,55.9
2025-06-12 16:21:00,74.3
2025-06-12 23:51:00,82.2
2025-06-12 17:33:00,66.6
2025-06-12 11:37:00,50.024092836946274
2025-06-12 08:33:00,6.9
2025-06-12 20:41:00,81.1
2025-06-12 10:20:00,19.5
2025-06-12 16:24:00,33.5
2025-06-12 15:51:00,50.024092836946274
2025-06-12 09:46:00,89.6
2025-06-12 22:00:00,41.3
2025-06-12 20:08:00,38.4
2025-06-12 14:29:00,94.9
2025-06-12 13:00:00,43.8
2025-06-12 09:31:00,62.2
2025-06-12 13:04:00,19.8
2025-06-12 06:03:00,62.9
2025-06-12 23:28:00,54.9
2025-06-12 14:20:00,27.0
2025-06-12 07:07:00,50.024092836946274
2025-06-12 04:08:00,50.0
2025-06-12 05:32:00,57.7
2025-06-12 05:52:00,60.1
2025-06-12 12:01:00,53.9
2025-06-12 17:13:00,50.024092836946274
2025-06-12 20:22:00,50.024092836946274
2025-06-12 05:02:00,50.024092836946274
2025-06-12 03:10:00,16.5
2025-06-12 17:53:00,20.7
2025-06-12 04:07:00,47.5
2025-06-12 00:18:00,50.024092836946274
2025-06-12 21:41:00,34.1
2025-06-12 07:11:00,23.0
2025-06-12 23:31:00,19.5
2025-06-12 11:55:00,50.024092836946274
2025-06-12 10:53:00,2.2
2025-06-12 07:42:00,93.5
2025-06-12 04:10:00,80.3
2025-06-12 14:07:00,97.9
2025-06-12 10:11:00,8.8
2025-06-12 22:48:00,58.5
2025-06-12 17:16:00,27.1
2025-06-12 15:33:00,51.7
2025-06-12 03:46:00,50.024092836946274
2025-06-12 09:27:00,50.024092836946274
2025-06-12 21:18:00,96.6
2025-06-12 16:42:00,50.024092836946274
2025-06-12 00:45:00,14.2
2025-06-12 14:08:00,33.9
2025-06-12 13:54:00,77.5
2025-06-12 05:23:00,96.1
2025-06-12 16:28:00,50.024092836946274
2025-06-12 14:16:00,45.0
2025-06-12 05:49:00,50.024092836946274
2025-06-12 10:55:00,77.3
2025-06-12 01:51:00,5.5
2025-06-12 07:24:00,98.2
2025-06-12 03:43:00,39.9
2025-06-12 11:59:00,11.5
2025-06-12 23:49:00,50.024092836946274
2025-06-12 22:42:00,90.0
2025-06-12 23:33:00,31.2
2025-06-12 03:41:00,94.6
2025-06-12 09:16:00,29.5
2025-06-12 09:21:00,92.8
2025-06-12 07:18:00,45.4
2025-06-12 09:23:00,70.8
2025-06-12 16:34:00,50.024092836946274
2025-06-12 02:59:00,55.2
2025-06-12 10:49:00,84.4
2025-06-12 15:53:00,74.6
2025-06-12 18:44:00,93.4
2025-06-12 20:03:00,80.0
2025-06-12 00:26:00,68.0
2025-06-12 12:49:00,50.024092836946274
2025-06-12 12:44:00,85.4
2025-06-12 09:51:00,45.2
2025-06-12 18:41:00,50.024092836946274
2025-06-12 09:24:00,85.3
2025-06-12 04:56:00,62.5
2025-06-12 21:58:00,64.0
2025-06-12 03:27:00,12.5
2025-06-12 18:01:00,71.7
2025-06-12 20:52:00,41.6
2025-06-12 00:04:00,4.7
2025-06-12 03:37:00,7.8
2025-06-12 07:04:00,71.3
2025-06-12 06:59:00,60.2
2025-06-12 17:28:00,50.6
2025-06-12 03:36:00,11.5
2025-06-12 08:20:00,8.5
2025-06-12 19:49:00,66.3
2025-06-12 03:19:00,72.9
2025-06-12 16:58:00,8.9
2025-06-12 14:09:00,14.3
2025-06-12 05:22:00,19.6
2025-06-12 14:26:00,26.1
2025-06-12 10:19:00,22.9
2025-06-12 12:20:00,3.9
2025-06-12 18:40:00,74.9
2025-06-12 15:43:00,39.4
2025-06-12 00:49:00,89.6
2025-06-12 12:32:00,95.6
2025-06-12 13:44:00,43.8
2025-06-12 18:04:00,50.024092836946274
2025-06-12 13:53:00,11.4
2025-06-12 01:41:00,15.2
2025-06-12 08:03:00,15.7
2025-06-12 09:01:00,50.024092836946274
2025-06-12 23:55:00,65.7
2025-06-12 04:14:00,21.0
2025-06-12 03:14:00,95.8
2025-06-12 11:33:00,81.1
2025-06-12 13:10:00,68.9
2025-06-12 02:25:00,33.0
2025-06-12 22:48:00,63.1
2025-06-12 07:05:00,72.0
2025-06-12 05:34:00,36.9
2025-06-12 06:01:00,42.3
2025-06-12 13:57:00,9.1
2025-06-12 19:16:00,20.6
2025-06-12 06:19:00,92.9
2025-06-12 04:18:00,49.2
2025-06-12 13:28:00,95.5
2025-06-12 20:25:00,55.5
2025-06-12 05:07:00,35.0
2025-06-12 02:31:00,77.1
2025-06-12 14:12:00,8.3
2025-06-12 15:19:00,52.0
2025-06-12 06:07:00,77.6
2025-06-12 11:50:00,49.54963144963145
2025-06-12 22:35:00,91.8
2025-06-12 10:05:00,80.1
2025-06-12 12:42:00,49.54963144963145
2025-06-12 21:59:00,31.2
2025-06-12 23:26:00,23.8
2025-06-12 13:15:00,81.8
2025-06-12 21:57:00,65.3
2025-06-12 21:15:00,79.8
2025-06-12 07:31:00,49.54963144963145
2025-06-12 10:59:00,79.4
2025-06-12 06:21:00,30.4
2025-06-12 00:15:00,16.2
2025-06-12 01:32:00,76.0
2025-06-12 23:34:00,46.0
2025-06-12 02:58:00,85.8
2025-06-12 07:00:00,13.4
2025-06-12 10:30:00,26.3
2025-06-12 01:55:00,78.2
2025-06-12 12:30:00,21.5
2025-06-12 05:47:00,49.54963144963145
2025-06-12 05:33:00,51.5
2025-06-12 02:56:00,45.2
2025-06-12 20:47:00,93.9
2025-06-12 22:19:00,96.5
2025-06-12 04:28:00,30.3
2025-06-12 07:32:00,81.5
2025-06-12 06:42:00,17.1
2025-06-12 23:33:00,49.54963144963145
2025-06-12 17:11:00,5.5
2025-06-12 10:45:00,41.5
2025-06-12 09:48:00,61.2
2025-06-12 19:23:00,25.5
2025-06-12 10:11:00,26.5
2025-06-12 11:14:00,69.7
2025-06-12 03:49:00,71.3
2025-06-12 11:27:00,32.8
2025-06-12 14:09:00,7.8
2025-06-12 03:13:00,41.9
2025-06-12 13:13:00,65.7
2025-06-12 17:50:00,9.5
2025-06-12 23:38:00,49.54963144963145
2025-06-12 11:07:00,61.7
2025-06-12 21:34:00,19.6
2025-06-12 01:38:00,24.7
2025-06-12 16:06:00,49.54963144963145
2025-06-12 14:25:00,17.4
2025-06-12 12:15:00,84.5
2025-06-12 21:05:00,17.3
2025-06-12 20:40:00,69.9
2025-06-12 09:41:00,66.0
2025-06-12 16:02:00,44.7
2025-06-12 08:04:00,7.9
2025-06-12 16:25:00,49.54963144963145
2025-06-12 11:59:00,84.9
2025-06-12 15:46:00,49.54963144963145
2025-06-12 01:04:00,60.4
2025-06-12 05:05:00,3.0
2025-06-12 07:24:00,43.3
2025-06-12 16:54:00,13.7
2025-06-12 12:53:00,60.7
2025-06-12 15:02:00,34.5
2025-06-12 01:23:00,27.7
2025-06-12 01:49:00,91.9
2025-06-12 05:18:00,59.6
2025-06-12 16:44:00,20.6
2025-06-12 13:46:00,49.54963144963145
2025-06-12 06:50:00,40.1
2025-06-12 10:23:00,18.3
2025-06-12 05:11:00,11.9
2025-06-12 13:54:00,19.4
2025-06-12 07:49:00,22.2
2025-06-12 09:43:00,19.9
2025-06-12 10:58:00,37.2
2025-06-12 12:10:00,18.3
2025-06-12 09:06:00,16.6
2025-06-12 23:55:00,84.9
2025-06-12 15:09:00,49.4
2025-06-12 11:44:00,54.0
2025-06-12 12:34:00,35.0
2025-06-12 03:25:00,34.6
2025-06-12 14:35:00,98.6
2025-06-12 11:01:00,83.8
2025-06-12 15:13:00,49.54963144963145
2025-06-12 16:22:00,1.4
2025-06-12 23:13:00,71.2
2025-06-12 11:08:00,53.7
2025-06-12 16:08:00,49.54963144963145
2025-06-12 03:15:00,47.3
2025-06-12 05:52:00,49.54963144963145
2025-06-12 19:18:00,22.9
2025-06-12 10:27:00,49.5
2025-06-12 15:31:00,98.0
2025-06-12 22:03:00,26.8
2025-06-12 05:17:00,40.6
2025-06-12 03:39:00,50.6
2025-06-12 11:02:00,74.1
2025-06-12 12:09:00,32.2
2025-06-12 00:27:00,60.5
2025-06-12 20:36:00,73.8
2025-06-12 14:33:00,96.9
2025-06-12 04:25:00,27.1
2025-06-12 19:03:00,49.54963144963145
2025-06-12 22:54:00,50.1
2025-06-12 12:58:00,49.0
2025-06-12 14:22:00,29.5
2025-06-12 02:12:00,49.54963144963145
2025-06-12 02:32:00,60.5
2025-06-12 05:00:00,16.2
2025-06-12 23:40:00,19.1
2025-06-12 05:46:00,95.4
2025-06-12 02:09:00,56.4
2025-06-12 23:35:00,66.7
2025-06-12 20:12:00,44.1
2025-06-12 06:14:00,1.3
2025-06-12 09:01:00,52.1
2025-06-12 09:16:00,50.6
2025-06-12 02:05:00,49.54963144963145
2025-06-12 06:51:00,64.0
2025-06-12 14:57:00,49.54963144963145
2025-06-12 14:30:00,72.1
2025-06-12 18:49:00,73.4
2025-06-12 05:09:00,7.6
2025-06-12 02:35:00,49.54963144963145
2025-06-12 08:46:00,95.5
2025-06-12 01:35:00,87.9
2025-06-12 16:28:00,77.9
2025-06-12 04:08:00,49.54963144963145
2025-06-12 05:40:00,15.1
2025-06-12 15:20:00,79.0
2025-06-12 07:38:00,6.6
2025-06-12 06:15:00,36.5
2025-06-12 04:11:00,67.7
2025-06-12 20:55:00,94.5
2025-06-12 15:43:00,39.9
2025-06-12 23:07:00,49.54963144963145
2025-06-12 02:21:00,82.2
2025-06-12 18:59:00,83.8
2025-06-12 13:53:00,1.7
2025-06-12 20:42:00,49.3
2025-06-12 02:37:00,93.7
2025-06-12 13:02:00,85.6
2025-06-12 15:23:00,39.2
2025-06-12 18:15:00,93.2
2025-06-12 01:15:00,71.5
2025-06-12 01:57:00,42.5
2025-06-12 23:44:00,49.54963144963145
2025-06-12 13:08:00,41.3
2025-06-12 00:09:00,77.6
2025-06-12 11:39:00,94.7
2025-06-12 14:32:00,49.54963144963145
2025-06-12 14:16:00,49.54963144963145
2025-06-12 17:24:00,0.0
2025-06-12 14:28:00,83.2
2025-06-12 12:38:00,49.54963144963145
2025-06-12 11:20:00,91.6
2025-06-12 18:07:00,72.8
2025-06-12 19:39:00,39.7
2025-06-12 16:34:00,70.5
2025-06-12 11:31:00,97.9
2025-06-12 11:28:00,47.1
2025-06-12 04:09:00,70.0
2025-06-12 11:30:00,7.6
2025-06-12 22:51:00,43.8
2025-06-12 19:43:00,50.7
2025-06-12 10:14:00,59.6
2025-06-12 15:26:00,64.6
2025-06-12 01:53:00,49.54963144963145
2025-06-12 02:11:00,68.2
2025-06-12 00:18:00,2.5
2025-06-12 06:41:00,33.5
2025-06-12 06:48:00,0.5
2025-06-12 10:04:00,65.0
2025-06-12 22:06:00,28.1
2025-06-12 18:25:00,49.54963144963145
2025-06-12 21:09:00,16.5
2025-06-12 04:22:00,0.5
2025-06-12 07:35:00,12.1
2025-06-12 00:11:00,47.0
2025-06-12 02:04:00,3.3
2025-06-12 09:21:00,77.3
2025-06-12 06:24:00,82.1
2025-06-12 20:41:00,32.8
2025-06-12 07:27:00,20.0
2025-06-12 14:01:00,26.6
2025-06-12 23:00:00,29.2
2025-06-12 15:33:00,5.7
2025-06-12 08:10:00,36.3
2025-06-12 22:11:00,12.9
2025-06-12 07:09:00,24.2
2025-06-12 00:53:00,49.54963144963145
2025-06-12 13:43:00,16.7
2025-06-12 23:49:00,78.8
2025-06-12 09:32:00,76.6
2025-06-12 18:29:00,49.54963144963145
2025-06-12 11:48:00,49.54963144963145
2025-06-12 11:22:00,37.0
2025-06-12 02:45:00,90.7
2025-06-12 00:50:00,27.3
2025-06-12 05:36:00,18.2
2025-06-12 05:10:00,99.0
2025-06-12 06:39:00,33.8
2025-06-12 22:23:00,19.4
2025-06-12 00:29:00,68.8
2025-06-12 21:42:00,95.8
2025-06-12 11:00:00,44.2
2025-06-12 17:16:00,8.6
2025-06-12 13:04:00,34.6
2025-06-12 00:13:00,54.2
2025-06-12 18:18:00,75.7
2025-06-12 08:37:00,37.3
2025-06-12 01:48:00,45.9
2025-06-12 23:56:00,93.4
2025-06-12 14:48:00,71.8
2025-06-12 02:52:00,2.5
2025-06-12 06:29:00,49.54963144963145
2025-06-12 08:08:00,49.54963144963145
2025-06-12 06:32:00,99.0
2025-06-12 12:59:00,49.54963144963145
2025-06-12 16:21:00,37.8
2025-06-12 05:13:00,23.7
2025-06-12 13:52:00,49.54963144963145
2025-06-12 10:36:00,49.54963144963145
2025-06-12 14:00:00,43.9
2025-06-12 16:14:00,74.5
2025-06-12 17:41:00,97.1
2025-06-12 16:48:00,32.5
2025-06-12 19:31:00,27.6
2025-06-12 02:02:00,24.5
2025-06-12 23:17:00,46.8
2025-06-12 10:43:00,52.1
2025-06-12 06:25:00,68.5
2025-06-12 09:58:00,64.1
2025-06-12 17:10:00,35.5
2025-06-12 20:23:00,80.2
2025-06-12 19:34:00,49.54963144963145
2025-06-12 10:34:00,92.8
2025-06-12 00:16:00,92.0
2025-06-12 19:47:00,33.5
2025-06-12 11:16:00,87.9
2025-06-12 21:01:00,49.54963144963145
2025-06-12 05:35:00,31.0
2025-06-12 20:28:00,19.5
2025-06-12 21:08:00,12.3
2025-06-12 15:27:00,1.0
2025-06-12 09:31:00,51.1
2025-06-12 23:37:00,84.0
2025-06-12 14:37:00,30.7
2025-06-12 11:12:00,92.2
2025-06-12 11:55:00,12.2
2025-06-12 06:59:00,73.9
2025-06-12 11:58:00,30.4
2025-06-12 00:02:00,13.0
2025-06-12 03:35:00,70.4
2025-06-12 12:46:00,42.3
2025-06-12 13:22:00,12.0
2025-06-12 04:59:00,5.6
2025-06-12 18:28:00,55.4
2025-06-12 14:31:00,49.54963144963145
2025-06-12 08:14:00,10.1
2025-06-12 22:07:00,96.4
2025-06-12 08:19:00,57.0
2025-06-12 00:43:00,65.4
2025-06-12 23:50:00,70.2
2025-06-12 22:22:00,51.2
2025-06-12 01:39:00,49.54963144963145
2025-06-12 01:26:00,20.6
2025-06-12 08:30:00,89.5
2025-06-12 11:35:00,55.2
2025-06-12 21:48:00,46.9
2025-06-12 10:38:00,69.7
2025-06-12 19:50:00,73.1
2025-06-12 16:35:00,29.8
2025-06-12 07:03:00,48.1
2025-06-12 04:27:00,52.0
2025-06-12 12:49:00,24.0
2025-06-12 15:06:00,39.2
2025-06-12 04:52:00,27.1
2025-06-12 11:25:00,19.0
2025-06-12 10:00:00,83.5
2025-06-12 07:48:00,100.0
2025-06-12 06:43:00,49.54963144963145
2025-06-12 00:39:00,18.5
2025-06-12 23:31:00,49.7
2025-06-12 01:28:00,39.1
2025-06-12 03:02:00,49.54963144963145
2025-06-12 05:08:00,6.8
2025-06-12 13:34:00,51.3
2025-06-12 03:58:00,49.54963144963145
2025-06-12 21:53:00,24.0
2025-06-12 10:29:00,51.9
2025-06-12 13:14:00,72.0
2025-06-12 04:24:00,12.9
2025-06-12 01:27:00,49.54963144963145
2025-06-12 17:08:00,49.54963144963145
2025-06-12 12:00:00,39.7
2025-06-12 02:13:00,97.1
2025-06-12 00:41:00,49.54963144963145
2025-06-12 21:10:00,44.0
2025-06-12 01:40:00,86.6
2025-06-12 04:32:00,54.3
2025-06-12 21:43:00,60.2
2025-06-12 05:01:00,77.3
2025-06-12 22:05:00,59.8
2025-06-12 23:58:00,79.2
2025-06-12 21:19:00,80.7
2025-06-12 07:17:00,50.9
2025-06-12 19:58:00,30.4
2025-06-12 04:45:00,88.0
2025-06-12 01:14:00,18.2
2025-06-12 16:07:00,98.7
2025-06-12 16:30:00,49.54963144963145
2025-06-12 04:06:00,51.4
2025-06-12 05:37:00,77.4
2025-06-12 05:11:00,17.5
2025-06-12 21:35:00,85.2
2025-06-12 21:33:00,92.5
2025-06-12 20:11:00,24.0
2025-06-12 05:54:00,72.9
2025-06-12 11:46:00,91.7
2025-06-12 05:06:00,29.4
2025-06-12 07:48:00,61.9
2025-06-12 19:42:00,49.560128956623686
2025-06-12 21:04:00,46.8
2025-06-12 02:15:00,36.5
2025-06-12 01:07:00,49.560128956623686
2025-06-12 07:55:00,92.3
2025-06-12 15:48:00,68.9
2025-06-12 12:22:00,22.8
2025-06-12 14:53:00,49.560128956623686
2025-06-12 21:40:00,75.3
2025-06-12 03:53:00,12.1
2025-06-12 13:05:00,49.560128956623686
2025-06-12 13:53:00,4.3
2025-06-12 21:34:00,33.6
2025-06-12 01:25:00,8.9
2025-06-12 23:32:00,20.5
2025-06-12 17:41:00,66.7
2025-06-12 20:19:00,51.3
2025-06-12 12:17:00,35.4
2025-06-12 22:11:00,21.7
2025-06-12 15:45:00,49.560128956623686
2025-06-12 04:41:00,36.8
2025-06-12 19:50:00,49.560128956623686
2025-06-12 15:53:00,49.560128956623686
2025-06-12 17:26:00,26.2
2025-06-12 16:35:00,22.5
2025-06-12 07:45:00,44.0
2025-06-12 17:04:00,23.3
2025-06-12 04:05:00,49.560128956623686
2025-06-12 22:58:00,64.9
2025-06-12 05:24:00,43.1
2025-06-12 04:58:00,17.9
2025-06-12 12:41:00,53.6
2025-06-12 21:32:00,58.4
2025-06-12 22:08:00,49.560128956623686
2025-06-12 02:39:00,16.3
2025-06-12 05:08:00,49.560128956623686
2025-06-12 16:23:00,47.7
2025-06-12 16:42:00,44.4
2025-06-12 21:38:00,9.9
2025-06-12 11:33:00,20.8
2025-06-12 11:19:00,72.9
2025-06-12 16:45:00,39.2
2025-06-12 11:05:00,12.9
2025-06-12 11:12:00,95.0
2025-06-12 07:59:00,4.7
2025-06-12 15:57:00,70.6
2025-06-12 22:00:00,13.4
2025-06-12 02:50:00,56.0
2025-06-12 18:12:00,35.3
2025-06-12 15:00:00,40.3
2025-06-12 11:20:00,0.7
2025-06-12 15:17:00,9.3
2025-06-12 21:29:00,8.6
2025-06-12 02:00:00,8.3
2025-06-12 22:41:00,51.1
2025-06-12 12:48:00,84.9
2025-06-12 14:44:00,38.1
2025-06-12 16:44:00,26.0
2025-06-12 05:17:00,62.6
2025-06-12 02:54:00,49.560128956623686
2025-06-12 11:26:00,13.9
2025-06-12 01:09:00,6.4
2025-06-12 22:20:00,49.560128956623686
2025-06-12 01:22:00,12.2
2025-06-12 08:47:00,8.4
2025-06-12 01:32:00,10.2
2025-06-12 12:25:00,49.560128956623686
2025-06-12 04:45:00,49.560128956623686
2025-06-12 09:03:00,49.560128956623686
2025-06-12 00:57:00,94.5
2025-06-12 17:28:00,49.560128956623686
2025-06-12 18:35:00,70.4
2025-06-12 10:54:00,63.6
2025-06-12 07:33:00,41.9
2025-06-12 01:58:00,2.7
2025-06-12 19:55:00,2.1
2025-06-12 10:21:00,97.5
2025-06-12 14:05:00,43.1
2025-06-12 18:57:00,35.7
2025-06-12 00:38:00,68.2
2025-06-12 05:20:00,53.4
2025-06-12 14:00:00,52.4
2025-06-12 05:49:00,20.8
2025-06-12 11:36:00,76.4
2025-06-12 07:11:00,17.7
2025-06-12 08:15:00,16.0
2025-06-12 21:15:00,88.0
2025-06-12 14:08:00,35.2
2025-06-12 02:33:00,49.560128956623686
2025-06-12 15:43:00,9.0
2025-06-12 22:45:00,82.0
2025-06-12 14:43:00,25.0
2025-06-12 06:04:00,76.4
2025-06-12 17:50:00,44.1
2025-06-12 15:07:00,7.2
2025-06-12 19:09:00,23.8
2025-06-12 13:03:00,97.3
2025-06-12 02:03:00,18.0
2025-06-12 12:56:00,33.1
2025-06-12 12:52:00,62.3
2025-06-12 09:35:00,80.3
2025-06-12 07:17:00,49.560128956623686
2025-06-12 23:41:00,75.0
2025-06-12 15:06:00,42.6
2025-06-12 12:13:00,23.1
2025-06-12 20:40:00,41.2
2025-06-12 01:30:00,11.7
2025-06-12 15:34:00,87.9
2025-06-12 23:33:00,34.3
2025-06-12 05:36:00,77.6
2025-06-12 07:24:00,99.0
2025-06-12 17:32:00,3.8
2025-06-12 14:58:00,49.560128956623686
2025-06-12 16:06:00,29.3
2025-06-12 02:09:00,62.4
2025-06-12 07:25:00,40.4
2025-06-12 04:14:00,26.2
2025-06-12 13:01:00,39.6
2025-06-12 11:13:00,49.560128956623686
2025-06-12 12:32:00,35.2
2025-06-12 04:12:00,34.7
2025-06-12 14:41:00,49.560128956623686
2025-06-12 21:25:00,4.9
2025-06-12 20:49:00,53.6
2025-06-12 21:50:00,61.7
2025-06-12 22:42:00,94.5
2025-06-12 00:40:00,50.8
2025-06-12 00:51:00,49.560128956623686
2025-06-12 18:29:00,42.7
2025-06-12 01:50:00,1.8
2025-06-12 07:30:00,47.3
2025-06-12 21:02:00,29.7
2025-06-12 02:18:00,65.6
2025-06-12 09:44:00,49.560128956623686
2025-06-12 09:52:00,43.4
2025-06-12 06:57:00,14.6
2025-06-12 19:54:00,61.2
2025-06-12 06:06:00,49.560128956623686
2025-06-12 22:24:00,1.4
2025-06-12 11:02:00,54.0
2025-06-12 19:53:00,85.9
2025-06-12 15:27:00,64.7
2025-06-12 05:59:00,54.6
2025-06-12 15:03:00,86.7
2025-06-12 21:46:00,84.8
2025-06-12 04:59:00,86.3
2025-06-12 07:04:00,78.1
2025-06-12 14:22:00,44.0
2025-06-12 14:45:00,2.4
2025-06-12 02:13:00,87.0
2025-06-12 12:18:00,20.1
2025-06-12 03:31:00,33.1
2025-06-12 05:40:00,67.1
2025-06-12 03:59:00,17.5
2025-06-12 12:58:00,77.6
2025-06-12 23:40:00,94.3
2025-06-12 06:20:00,37.4
2025-06-12 20:16:00,9.6
2025-06-12 03:29:00,7.9
2025-06-12 15:50:00,36.3
2025-06-12 16:48:00,59.1
2025-06-12 21:18:00,8.0
2025-06-12 08:05:00,66.2
2025-06-12 03:54:00,3.2
2025-06-12 12:44:00,49.560128956623686
2025-06-12 08:09:00,49.560128956623686
2025-06-12 20:42:00,86.9
2025-06-12 03:28:00,34.0
2025-06-12 08:42:00,60.4
2025-06-12 22:30:00,79.4
2025-06-12 13:49:00,65.9
2025-06-12 23:50:00,40.0
2025-06-12 00:28:00,53.8
2025-06-12 14:34:00,65.4
2025-06-12 11:43:00,22.4
2025-06-12 12:24:00,49.560128956623686
2025-06-12 17:33:00,96.7
2025-06-12 20:32:00,60.0
2025-06-12 13:43:00,31.7
2025-06-12 05:16:00,49.560128956623686
2025-06-12 00:24:00,49.560128956623686
2025-06-12 06:38:00,49.0
2025-06-12 05:58:00,22.9
2025-06-12 17:49:00,24.0
2025-06-12 21:47:00,32.2
2025-06-12 12:53:00,30.5
2025-06-12 14:04:00,49.560128956623686
2025-06-12 00:31:00,46.5
2025-06-12 20:51:00,67.4
2025-06-12 00:41:00,81.8
2025-06-12 17:58:00,97.1
2025-06-12 14:42:00,9.7
2025-06-12 10:42:00,73.8
2025-06-12 16:07:00,32.6
2025-06-12 22:14:00,40.6
2025-06-12 19:44:00,14.8
2025-06-12 13:02:00,80.2
2025-06-12 01:19:00,11.2
2025-06-12 07:12:00,44.6
2025-06-12 00:00:00,3.0
2025-06-12 19:28:00,92.2
2025-06-12 02:01:00,9.5
2025-06-12 09:46:00,17.3
2025-06-12 00:20:00,49.560128956623686
2025-06-12 08:30:00,39.2
2025-06-12 09:15:00,66.8
2025-06-12 09:21:00,21.7
2025-06-12 21:24:00,49.560128956623686
2025-06-12 21:49:00,84.0
2025-06-12 17:24:00,34.4
2025-06-12 09:38:00,46.5
2025-06-12 21:30:00,24.0
2025-06-12 19:57:00,42.7
2025-06-12 10:50:00,49.560128956623686
2025-06-12 14:51:00,85.5
2025-06-12 13:08:00,31.9
2025-06-12 08:13:00,99.5
2025-06-12 15:52:00,85.5
2025-06-12 17:08:00,77.9
2025-06-12 09:13:00,22.7
2025-06-12 20:17:00,0.1
2025-06-12 13:17:00,80.7
2025-06-12 13:10:00,35.3
2025-06-12 23:30:00,9.0
2025-06-12 14:21:00,6.1
2025-06-12 06:41:00,4.3
2025-06-12 14:56:00,28.6
2025-06-12 01:03:00,96.9
2025-06-12 10:51:00,25.3
2025-06-12 16:25:00,69.4
2025-06-12 15:10:00,95.1
2025-06-12 22:10:00,49.2
2025-06-12 13:44:00,87.9
2025-06-12 10:26:00,58.1
2025-06-12 11:24:00,24.2
2025-06-12 11:55:00,93.3
2025-06-12 10:13:00,1.7
2025-06-12 00:36:00,2.9
2025-06-12 20:28:00,92.2
2025-06-12 17:09:00,49.560128956623686
2025-06-12 08:26:00,24.1
2025-06-12 23:54:00,19.3
2025-06-12 23:11:00,22.1
2025-06-12 13:27:00,49.560128956623686
2025-06-12 15:01:00,50.2
2025-06-12 09:10:00,82.0
2025-06-12 03:21:00,44.0
2025-06-12 05:43:00,18.3
2025-06-12 20:53:00,25.0
2025-06-12 01:43:00,64.1
2025-06-12 19:31:00,12.6
2025-06-12 18:01:00,66.6
2025-06-12 00:53:00,53.3
2025-06-12 23:36:00,98.5
2025-06-12 13:41:00,40.2
2025-06-12 00:12:00,91.3
2025-06-12 15:29:00,76.7
2025-06-12 16:58:00,63.7
2025-06-12 08:22:00,49.560128956623686
2025-06-12 04:18:00,60.1
2025-06-12 09:05:00,49.9
2025-06-12 22:25:00,83.0
2025-06-12 20:39:00,35.7
2025-06-12 11:58:00,49.560128956623686
2025-06-12 23:43:00,46.2
2025-06-12 05:00:00,12.2
2025-06-12 22:35:00,23.0
2025-06-12 18:13:00,90.0
2025-06-12 04:22:00,31.9
2025-06-12 04:34:00,4.2
2025-06-12 05:46:00,58.9
2025-06-12 18:34:00,91.3
2025-06-12 03:20:00,59.3
2025-06-12 01:47:00,44.0
2025-06-12 03:42:00,56.9
2025-06-12 01:46:00,49.560128956623686
2025-06-12 21:31:00,36.9
2025-06-12 01:28:00,49.560128956623686
2025-06-12 04:37:00,20.8
2025-06-12 00:34:00,64.8
2025-06-12 16:55:00,88.8
2025-06-12 13:46:00,4.8
2025-06-12 22:31:00,94.0
2025-06-12 07:14:00,29.2
2025-06-12 07:43:00,4.5
2025-06-12 02:26:00,14.8
2025-06-12 06:03:00,67.6
2025-06-12 11:07:00,75.3
2025-06-12 22:13:00,19.7
2025-06-12 08:17:00,83.3
2025-06-12 00:23:00,72.7
2025-06-12 02:53:00,41.7
2025-06-12 07:28:00,80.3
2025-06-12 06:28:00,7.4
2025-06-12 16:50:00,3.8
2025-06-12 02:58:00,50.10277843742579
2025-06-12 06:03:00,20.7
2025-06-12 13:07:00,8.4
2025-06-12 14:23:00,90.4
2025-06-12 23:50:00,51.4
2025-06-12 08:19:00,80.3
2025-06-12 09:34:00,30.5
2025-06-12 19:34:00,83.5
2025-06-12 23:00:00,50.10277843742579
2025-06-12 06:55:00,81.2
2025-06-12 06:31:00,74.7
2025-06-12 19:30:00,39.0
2025-06-12 15:44:00,48.7
2025-06-12 18:44:00,72.0
2025-06-12 04:51:00,41.8
2025-06-12 11:06:00,42.1
2025-06-12 00:37:00,14.1
2025-06-12 00:30:00,96.8
2025-06-12 04:42:00,79.8
2025-06-12 00:52:00,23.0
2025-06-12 16:30:00,24.0
2025-06-12 10:49:00,93.1
2025-06-12 08:49:00,55.1
2025-06-12 02:50:00,20.2
2025-06-12 18:32:00,50.10277843742579
2025-06-12 23:59:00,98.7
2025-06-12 11:02:00,68.2
2025-06-12 09:12:00,80.9
2025-06-12 05:40:00,63.6
2025-06-12 17:43:00,50.10277843742579
2025-06-12 10:35:00,7.9
2025-06-12 02:14:00,29.5
2025-06-12 10:20:00,22.7
2025-06-12 21:42:00,48.4
2025-06-12 00:47:00,71.3
2025-06-12 09:00:00,73.2
2025-06-12 14:08:00,34.5
2025-06-12 06:12:00,96.6
2025-06-12 22:18:00,94.8
2025-06-12 06:52:00,4.0
2025-06-12 06:43:00,50.10277843742579
2025-06-12 15:57:00,97.4
2025-06-12 19:35:00,83.8
2025-06-12 04:46:00,50.10277843742579
2025-06-12 23:34:00,86.4
2025-06-12 23:33:00,49.3
2025-06-12 11:18:00,59.2
2025-06-12 03:44:00,10.8
2025-06-12 03:53:00,5.2
2025-06-12 14:22:00,24.1
2025-06-12 17:22:00,79.0
2025-06-12 08:54:00,29.6
2025-06-12 15:04:00,18.7
2025-06-12 17:28:00,83.4
2025-06-12 10:11:00,2.2
2025-06-12 11:39:00,50.10277843742579
2025-06-12 18:09:00,33.4
2025-06-12 07:19:00,39.9
2025-06-12 04:06:00,33.1
2025-06-12 15:14:00,43.1
2025-06-12 01:30:00,16.1
2025-06-12 18:37:00,40.1
2025-06-12 16:11:00,50.10277843742579
2025-06-12 22:55:00,98.5
2025-06-12 05:03:00,84.5
2025-06-12 12:23:00,87.0
2025-06-12 20:07:00,16.1
2025-06-12 15:00:00,82.8
2025-06-12 04:54:00,50.10277843742579
2025-06-12 14:14:00,99.6
2025-06-12 03:22:00,46.1
2025-06-12 23:05:00,90.0
2025-06-12 19:08:00,56.7
2025-06-12 17:54:00,50.10277843742579
2025-06-12 22:16:00,50.10277843742579
2025-06-12 04:18:00,50.10277843742579
2025-06-12 15:27:00,50.10277843742579
2025-06-12 10:07:00,20.1
2025-06-12 16:05:00,32.0
2025-06-12 18:39:00,8.6
2025-06-12 07:03:00,23.2
2025-06-12 03:49:00,15.4
2025-06-12 16:38:00,81.3
2025-06-12 12:49:00,36.2
2025-06-12 13:37:00,66.0
2025-06-12 14:51:00,18.6
2025-06-12 05:09:00,50.10277843742579
2025-06-12 04:36:00,50.10277843742579
2025-06-12 14:57:00,35.4
2025-06-12 19:38:00,50.10277843742579
2025-06-12 16:52:00,96.2
2025-06-12 08:52:00,80.8
2025-06-12 01:57:00,15.7
2025-06-12 12:06:00,78.5
2025-06-12 10:45:00,61.1
2025-06-12 09:18:00,36.9
2025-06-12 02:47:00,65.1
2025-06-12 02:04:00,15.9
2025-06-12 01:24:00,34.7
2025-06-12 10:41:00,95.4
2025-06-12 04:41:00,7.6
2025-06-12 13:17:00,27.2
2025-06-12 03:55:00,50.10277843742579
2025-06-12 14:29:00,53.2
2025-06-12 05:16:00,42.5
2025-06-12 21:16:00,75.7
2025-06-12 09:49:00,83.4
2025-06-12 05:58:00,69.6
2025-06-12 10:22:00,42.8
2025-06-12 05:04:00,10.6
2025-06-12 14:59:00,86.2
2025-06-12 09:33:00,51.5
2025-06-12 22:59:00,39.7
2025-06-12 01:08:00,0.8
2025-06-12 07:48:00,4.5
2025-06-12 00:18:00,26.7
2025-06-12 22:31:00,31.3
2025-06-12 17:02:00,74.9
2025-06-12 07:06:00,45.5
2025-06-12 00:16:00,50.10277843742579
2025-06-12 22:12:00,50.10277843742579
2025-06-12 18:55:00,50.10277843742579
2025-06-12 07:25:00,43.4
2025-06-12 14:07:00,84.5
2025-06-12 02:09:00,97.9
2025-06-12 03:26:00,4.0
2025-06-12 10:37:00,86.7
2025-06-12 11:47:00,89.0
2025-06-12 21:50:00,95.5
2025-06-12 20:46:00,89.4
2025-06-12 11:12:00,4.8
2025-06-12 13:25:00,88.6
2025-06-12 14:21:00,50.10277843742579
2025-06-12 18:17:00,68.2
2025-06-12 02:36:00,50.10277843742579
2025-06-12 17:23:00,7.0
2025-06-12 16:09:00,71.0
2025-06-12 16:27:00,28.1
2025-06-12 12:07:00,15.9
2025-06-12 20:21:00,43.0
2025-06-12 19:58:00,64.5
2025-06-12 04:10:00,15.1
2025-06-12 01:09:00,45.2
2025-06-12 14:56:00,50.10277843742579
2025-06-12 18:46:00,50.10277843742579
2025-06-12 03:27:00,99.5
2025-06-12 05:48:00,12.9
2025-06-12 09:41:00,65.9
2025-06-12 22:14:00,50.10277843742579
2025-06-12 07:31:00,49.5
2025-06-12 06:49:00,58.4
2025-06-12 07:37:00,97.7
2025-06-12 06:59:00,70.7
2025-06-12 16:53:00,50.10277843742579
2025-06-12 04:59:00,13.9
2025-06-12 13:36:00,86.0
2025-06-12 21:27:00,50.10277843742579
2025-06-12 15:08:00,27.3
2025-06-12 05:54:00,50.10277843742579
2025-06-12 08:07:00,26.4
2025-06-12 09:10:00,35.4
2025-06-12 00:01:00,50.10277843742579
2025-06-12 21:20:00,10.6
2025-06-12 20:56:00,43.3
2025-06-12 13:58:00,18.9
2025-06-12 16:01:00,50.10277843742579
2025-06-12 12:01:00,88.2
2025-06-12 09:15:00,75.7
2025-06-12 03:35:00,50.10277843742579
2025-06-12 03:33:00,97.5
2025-06-12 10:43:00,10.9
2025-06-12 13:33:00,49.7
2025-06-12 23:01:00,16.7
2025-06-12 12:15:00,13.4
2025-06-12 04:35:00,30.0
2025-06-12 07:11:00,35.4
2025-06-12 21:10:00,10.5
2025-06-12 19:00:00,60.4
2025-06-12 14:26:00,50.10277843742579
2025-06-12 14:42:00,50.10277843742579
2025-06-12 12:37:00,48.3
2025-06-12 15:30:00,19.3
2025-06-12 12:36:00,26.7
2025-06-12 20:22:00,48.6
2025-06-12 00:28:00,7.2
2025-06-12 01:12:00,25.8
2025-06-12 12:22:00,43.2
2025-06-12 05:21:00,42.3
2025-06-12 09:09:00,50.10277843742579
2025-06-12 01:16:00,43.3
2025-06-12 22:50:00,19.4
2025-06-12 17:35:00,14.0
2025-06-12 16:44:00,6.6
2025-06-12 19:40:00,24.4
2025-06-12 06:11:00,68.7
2025-06-12 21:34:00,55.9
2025-06-12 22:45:00,50.10277843742579
2025-06-12 21:37:00,4.4
2025-06-12 23:25:00,85.6
2025-06-12 19:18:00,46.1
2025-06-12 15:56:00,15.9
2025-06-12 10:38:00,50.10277843742579
2025-06-12 05:32:00,7.3
2025-06-12 07:54:00,39.8
2025-06-12 06:30:00,50.10277843742579
2025-06-12 19:32:00,54.9
2025-06-12 11:53:00,36.8
2025-06-12 11:45:00,57.1
2025-06-12 15:53:00,2.6
2025-06-12 14:01:00,84.9
2025-06-12 19:49:00,85.3
2025-06-12 14:39:00,63.3
2025-06-12 01:54:00,39.0
2025-06-12 10:48:00,65.3
2025-06-12 17:30:00,30.3
2025-06-12 13:03:00,50.10277843742579
2025-06-12 23:32:00,88.3
2025-06-12 06:48:00,11.1
2025-06-12 19:04:00,40.1
2025-06-12 23:07:00,46.2
2025-06-12 06:20:00,89.6
2025-06-12 13:39:00,93.2
2025-06-12 08:17:00,56.0
2025-06-12 23:49:00,98.0
2025-06-12 19:20:00,17.1
2025-06-12 22:53:00,4.2
2025-06-12 01:51:00,50.10277843742579
2025-06-12 15:02:00,41.5
2025-06-12 22:57:00,40.0
2025-06-12 23:55:00,31.4
2025-06-12 20:01:00,53.2
2025-06-12 17:01:00,7.2
2025-06-12 12:24:00,22.2
2025-06-12 03:37:00,46.9
2025-06-12 20:48:00,53.0
2025-06-12 21:53:00,66.6
2025-06-12 00:23:00,82.3
2025-06-12 17:31:00,84.3
2025-06-12 01:19:00,32.0
2025-06-12 03:39:00,50.10277843742579
2025-06-12 11:40:00,50.10277843742579
2025-06-12 09:30:00,1.4
2025-06-12 15:35:00,15.2
2025-06-12 17:48:00,9.0
2025-06-12 03:14:00,28.5
2025-06-12 10:36:00,50.10277843742579
2025-06-12 16:29:00,19.9
2025-06-12 13:30:00,13.9
2025-06-12 13:18:00,95.9
2025-06-12 11:46:00,24.5
2025-06-12 11:00:00,73.6
2025-06-12 03:03:00,87.5
2025-06-12 03:30:00,65.3
2025-06-12 00:11:00,24.3
2025-06-12 17:15:00,89.1
2025-06-12 13:16:00,12.4
2025-06-12 01:40:00,5.2
2025-06-12 17:10:00,50.10277843742579
2025-06-12 11:07:00,90.4
2025-06-12 05:27:00,50.10277843742579
2025-06-12 19:26:00,0.4
2025-06-12 13:31:00,50.10277843742579
2025-06-12 01:41:00,50.2
2025-06-12 20:40:00,75.6
2025-06-12 16:20:00,37.3
2025-06-12 19:57:00,21.3
2025-06-12 05:35:00,50.10277843742579
2025-06-12 11:23:00,4.0
2025-06-12 21:22:00,59.5
2025-06-12 03:36:00,47.6
2025-06-12 07:22:00,14.7
2025-06-12 00:27:00,97.4
2025-06-12 02:18:00,99.3
2025-06-12 00:22:00,30.8
2025-06-12 01:20:00,44.1
2025-06-12 23:08:00,61.3
2025-06-12 04:57:00,4.1
2025-06-12 18:15:00,15.9
2025-06-12 10:16:00,28.2
2025-06-12 22:20:00,37.3
2025-06-12 21:30:00,28.4
2025-06-12 11:56:00,32.1
2025-06-12 15:31:00,64.6
2025-06-12 13:35:00,59.0
2025-06-12 00:26:00,29.7
2025-06-12 09:17:00,50.10277843742579
2025-06-12 00:51:00,96.8
2025-06-12 21:12:00,20.3
2025-06-12 03:25:00,57.0
2025-06-12 00:00:00,18.7
2025-06-12 11:58:00,66.6
2025-06-12 03:07:00,17.4
2025-06-12 05:15:00,25.8
2025-06-12 22:21:00,75.1
2025-06-12 01:31:00,72.6
2025-06-12 13:52:00,62.7
2025-06-12 09:08:00,19.8
2025-06-12 18:42:00,35.1
2025-06-12 16:24:00,84.0
2025-06-12 08:39:00,18.1
2025-06-12 18:53:00,39.6
2025-06-12 21:00:00,39.6
2025-06-12 07:10:00,19.1
2025-06-12 22:25:00,74.6
2025-06-12 13:59:00,53.6
2025-06-12 04:01:00,77.8
2025-06-12 09:10:00,49.2
2025-06-12 13:44:00,49.85036359371334
2025-06-12 14:32:00,13.6
2025-06-12 18:24:00,54.0
2025-06-12 06:30:00,30.8
2025-06-12 00:39:00,11.7
2025-06-12 13:19:00,14.4
2025-06-12 13:30:00,49.85036359371334
2025-06-12 00:42:00,37.5
2025-06-12 06:44:00,24.6
2025-06-12 02:27:00,83.2
2025-06-12 10:07:00,93.3
2025-06-12 12:00:00,96.9
2025-06-12 23:14:00,68.1
2025-06-12 18:53:00,28.8
2025-06-12 18:17:00,69.5
2025-06-12 06:36:00,49.85036359371334
2025-06-12 03:59:00,37.9
2025-06-12 05:00:00,75.8
2025-06-12 03:20:00,84.5
2025-06-12 23:23:00,21.0
2025-06-12 03:58:00,94.0
2025-06-12 03:57:00,41.9
2025-06-12 03:21:00,35.2
2025-06-12 16:10:00,49.85036359371334
2025-06-12 07:48:00,85.1
2025-06-12 17:57:00,57.2
2025-06-12 20:44:00,40.3
2025-06-12 06:58:00,49.85036359371334
2025-06-12 21:56:00,49.85036359371334
2025-06-12 12:52:00,12.7
2025-06-12 00:57:00,4.2
2025-06-12 12:55:00,49.85036359371334
2025-06-12 16:09:00,49.1
2025-06-12 07:32:00,60.8
2025-06-12 08:40:00,96.3
2025-06-12 23:20:00,80.7
2025-06-12 19:46:00,57.7
2025-06-12 02:46:00,61.3
2025-06-12 22:19:00,37.5
2025-06-12 00:01:00,77.7
2025-06-12 06:31:00,39.4
2025-06-12 02:44:00,28.3
2025-06-12 03:47:00,96.8
2025-06-12 06:53:00,0.2
2025-06-12 21:18:00,14.6
2025-06-12 22:32:00,77.1
2025-06-12 09:35:00,98.9
2025-06-12 10:29:00,62.6
2025-06-12 18:55:00,22.0
2025-06-12 20:21:00,78.3
2025-06-12 05:35:00,70.6
2025-06-12 01:08:00,49.85036359371334
2025-06-12 07:44:00,49.85036359371334
2025-06-12 20:23:00,68.1
2025-06-12 10:21:00,67.2
2025-06-12 11:10:00,49.85036359371334
2025-06-12 19:33:00,63.9
2025-06-12 20:45:00,38.2
2025-06-12 09:54:00,10.2
2025-06-12 02:35:00,95.9
2025-06-12 01:57:00,33.2
2025-06-12 16:18:00,49.85036359371334
2025-06-12 08:29:00,3.8
2025-06-12 07:06:00,36.2
2025-06-12 01:23:00,12.7
2025-06-12 18:43:00,84.3
2025-06-12 23:03:00,49.85036359371334
2025-06-12 21:54:00,2.0
2025-06-12 06:52:00,46.6
2025-06-12 17:20:00,49.85036359371334
2025-06-12 13:20:00,2.6
2025-06-12 04:45:00,49.85036359371334
2025-06-12 20:53:00,49.85036359371334
2025-06-12 10:49:00,18.2
2025-06-12 04:13:00,6.9
2025-06-12 22:03:00,93.5
2025-06-12 05:31:00,59.7
2025-06-12 22:38:00,51.5
2025-06-12 04:51:00,57.4
2025-06-12 16:03:00,49.85036359371334
2025-06-12 23:57:00,94.4
2025-06-12 03:14:00,50.0
2025-06-12 06:19:00,22.2
2025-06-12 15:14:00,84.8
2025-06-12 14:19:00,49.85036359371334
2025-06-12 22:25:00,91.0
2025-06-12 18:42:00,40.9
2025-06-12 09:26:00,21.1
2025-06-12 12:11:00,49.85036359371334
2025-06-12 01:19:00,33.0
2025-06-12 16:27:00,29.9
2025-06-12 10:37:00,55.6
2025-06-12 00:03:00,79.1
2025-06-12 13:08:00,13.7
2025-06-12 22:15:00,49.85036359371334
2025-06-12 17:43:00,42.4
2025-06-12 08:36:00,49.85036359371334
2025-06-12 23:12:00,49.85036359371334
2025-06-12 20:15:00,49.85036359371334
2025-06-12 08:12:00,78.7
2025-06-12 13:24:00,90.8
2025-06-12 07:05:00,66.7
2025-06-12 19:40:00,49.85036359371334
2025-06-12 03:40:00,74.4
2025-06-12 21:57:00,42.0
2025-06-12 15:57:00,38.3
2025-06-12 06:56:00,90.8
2025-06-12 00:14:00,46.5
2025-06-12 12:21:00,48.6
2025-06-12 11:25:00,56.5
2025-06-12 19:14:00,59.4
2025-06-12 15:54:00,6.4
2025-06-12 21:07:00,14.2
2025-06-12 04:49:00,84.2
2025-06-12 09:01:00,97.4
2025-06-12 20:38:00,79.9
2025-06-12 17:37:00,86.8
2025-06-12 07:35:00,22.5
2025-06-12 13:40:00,14.7
2025-06-12 17:08:00,41.5
2025-06-12 21:10:00,55.4
2025-06-12 01:13:00,88.4
2025-06-12 14:08:00,43.6
2025-06-12 15:07:00,52.1
2025-06-12 23:15:00,49.85036359371334
2025-06-12 09:08:00,5.3
2025-06-12 15:49:00,13.1
2025-06-12 06:14:00,14.6
2025-06-12 17:53:00,36.8
2025-06-12 02:20:00,49.85036359371334
2025-06-12 21:15:00,53.1
2025-06-12 02:50:00,14.0
2025-06-12 04:55:00,68.8
2025-06-12 07:53:00,87.0
2025-06-12 07:10:00,32.7
2025-06-12 06:26:00,21.5
2025-06-12 10:28:00,49.85036359371334
2025-06-12 19:12:00,99.7
2025-06-12 15:23:00,24.5
2025-06-12 14:44:00,29.0
2025-06-12 10:41:00,71.7
2025-06-12 13:50:00,74.9
2025-06-12 02:47:00,89.0
2025-06-12 01:21:00,10.1
2025-06-12 21:23:00,14.1
2025-06-12 07:37:00,22.5
2025-06-12 13:45:00,86.5
2025-06-12 04:48:00,54.4
2025-06-12 08:09:00,16.2
2025-06-12 19:15:00,68.4
2025-06-12 18:34:00,26.9
2025-06-12 02:18:00,29.0
2025-06-12 07:17:00,91.7
2025-06-12 12:20:00,39.9
2025-06-12 11:52:00,35.9
2025-06-12 18:01:00,6.8
2025-06-12 17:12:00,24.3
2025-06-12 01:17:00,99.2
2025-06-12 00:07:00,59.7
2025-06-12 19:25:00,42.3
2025-06-12 00:54:00,61.5
2025-06-12 08:14:00,29.2
2025-06-12 23:43:00,49.85036359371334
2025-06-12 00:34:00,1.2
2025-06-12 14:16:00,68.8
2025-06-12 10:14:00,21.8
2025-06-12 04:04:00,94.4
2025-06-12 02:21:00,9.5
2025-06-12 06:17:00,26.6
2025-06-12 16:33:00,49.85036359371334
2025-06-12 14:29:00,37.2
2025-06-12 20:36:00,52.6
2025-06-12 09:37:00,25.1
2025-06-12 09:55:00,42.8
2025-06-12 17:14:00,12.1
2025-06-12 14:15:00,2.9
2025-06-12 14:17:00,49.85036359371334
2025-06-12 23:28:00,24.3
2025-06-12 23:38:00,29.2
2025-06-12 04:52:00,10.8
2025-06-12 13:41:00,91.2
2025-06-12 20:28:00,13.6
2025-06-12 10:42:00,33.4
2025-06-12 08:04:00,65.5
2025-06-12 20:05:00,83.4
2025-06-12 16:26:00,52.6
2025-06-12 19:23:00,49.85036359371334
2025-06-12 08:39:00,19.4
2025-06-12 09:00:00,13.6
2025-06-12 00:40:00,86.8
2025-06-12 16:15:00,18.2
2025-06-12 18:03:00,67.2
2025-06-12 01:10:00,79.1
2025-06-12 21:50:00,47.3
2025-06-12 07:16:00,9.2
2025-06-12 09:33:00,8.2
2025-06-12 12:40:00,1.8
2025-06-12 23:08:00,88.1
2025-06-12 14:02:00,85.1
2025-06-12 08:15:00,60.8
2025-06-12 14:35:00,49.8
2025-06-12 18:20:00,49.85036359371334
2025-06-12 01:05:00,49.85036359371334
2025-06-12 16:25:00,53.0
2025-06-12 18:02:00,18.9
2025-06-12 12:47:00,10.2
2025-06-12 12:25:00,49.85036359371334
2025-06-12 14:09:00,51.5
2025-06-12 20:27:00,49.85036359371334
2025-06-12 08:57:00,64.6
2025-06-12 09:09:00,57.0
2025-06-12 06:09:00,83.9
2025-06-12 12:36:00,71.1
2025-06-12 10:20:00,13.6
2025-06-12 22:42:00,96.8
2025-06-12 05:41:00,49.85036359371334
2025-06-12 04:57:00,79.0
2025-06-12 21:32:00,49.85036359371334
2025-06-12 22:18:00,76.2
2025-06-12 05:48:00,73.1
2025-06-12 05:58:00,66.2
2025-06-12 16:22:00,36.4
2025-06-12 15:59:00,79.1
2025-06-12 00:43:00,97.5
2025-06-12 21:39:00,33.5
2025-06-12 13:48:00,93.4
2025-06-12 20:09:00,79.6
2025-06-12 03:55:00,75.4
2025-06-12 02:53:00,60.9
2025-06-12 23:25:00,51.2
2025-06-12 17:31:00,45.4
2025-06-12 00:33:00,35.0
2025-06-12 02:23:00,64.0
2025-06-12 00:21:00,56.4
2025-06-12 15:44:00,39.5
2025-06-12 04:12:00,28.1
2025-06-12 22:44:00,16.8
2025-06-12 07:45:00,17.9
2025-06-12 22:14:00,46.4
2025-06-12 18:58:00,33.0
2025-06-12 22:08:00,8.4
2025-06-12 15:45:00,94.0
2025-06-12 08:42:00,49.85036359371334
2025-06-12 21:01:00,97.4
2025-06-12 23:06:00,98.9
2025-06-12 15:27:00,14.7
2025-06-12 08:19:00,41.0
2025-06-12 17:32:00,30.8
2025-06-12 10:26:00,57.4
2025-06-12 15:32:00,45.6
2025-06-12 11:26:00,68.5
2025-06-12 04:19:00,49.85036359371334
2025-06-12 01:02:00,49.85036359371334
2025-06-12 12:44:00,94.2
2025-06-12 23:49:00,15.5
2025-06-12 02:56:00,49.85036359371334
2025-06-12 20:50:00,26.3
2025-06-12 09:53:00,3.2
2025-06-12 19:28:00,9.6
2025-06-12 15:26:00,58.4
2025-06-12 00:30:00,39.5
2025-06-12 10:13:00,25.9
2025-06-12 00:31:00,44.8
2025-06-12 15:37:00,51.2
2025-06-12 13:10:00,16.4
2025-06-12 14:12:00,62.3
2025-06-12 03:18:00,18.6
2025-06-12 10:23:00,6.5
2025-06-12 03:51:00,49.85036359371334
2025-06-12 21:14:00,92.4
2025-06-12 09:14:00,55.6
2025-06-12 03:07:00,86.8
2025-06-12 08:23:00,72.8
2025-06-12 15:17:00,35.5
2025-06-12 05:33:00,31.6
2025-06-12 16:06:00,1.9
2025-06-12 23:59:00,78.7
2025-06-12 10:16:00,63.6
2025-06-12 00:25:00,28.5
2025-06-12 15:31:00,0.9
2025-06-12 05:10:00,11.3
2025-06-12 03:12:00,26.1
2025-06-12 06:03:00,68.6
2025-06-12 01:31:00,21.1
2025-06-12 13:18:00,49.85036359371334
2025-06-12 08:52:00,23.5
2025-06-12 12:34:00,40.8
2025-06-12 12:04:00,22.3
2025-06-12 06:23:00,49.85036359371334
2025-06-12 13:35:00,63.7
2025-06-12 15:34:00,67.1
2025-06-12 04:03:00,77.7
2025-06-12 07:40:00,19.1
2025-06-12 21:30:00,63.0
2025-06-12 03:36:00,40.9
2025-06-12 02:25:00,86.4
2025-06-12 07:34:00,1.3
2025-06-12 04:16:00,65.0
2025-06-12 19:37:00,7.1
2025-06-12 11:08:00,39.3
2025-06-12 21:35:00,26.3
2025-06-12 23:21:00,29.0
2025-06-12 17:41:00,83.0
2025-06-12 01:25:00,49.85036359371334
2025-06-12 20:33:00,24.9
2025-06-12 04:43:00,5.5
2025-06-12 08:54:00,61.4
2025-06-12 19:45:00,99.1
2025-06-12 13:22:00,14.1
2025-06-12 04:07:00,19.6
2025-06-12 01:36:00,25.2
2025-06-12 12:05:00,40.7
2025-06-12 02:21:00,16.3
2025-06-12 22:26:00,93.0
2025-06-12 17:30:00,100.0
2025-06-12 18:29:00,40.1
2025-06-12 02:15:00,68.8
2025-06-12 09:52:00,2.6
2025-06-12 23:16:00,8.2
2025-06-12 07:54:00,11.4
2025-06-12 13:24:00,37.4
2025-06-12 09:24:00,21.4
2025-06-12 08:42:00,51.3
2025-06-12 20:24:00,50.02337935876432
2025-06-12 02:25:00,93.4
2025-06-12 17:25:00,50.02337935876432
2025-06-12 15:36:00,71.3
2025-06-12 12:39:00,60.8
2025-06-12 11:25:00,54.0
2025-06-12 16:46:00,98.7
2025-06-12 07:07:00,61.5
2025-06-12 02:09:00,12.5
2025-06-12 13:30:00,39.3
2025-06-12 03:07:00,16.8
2025-06-12 18:42:00,71.3
2025-06-12 19:57:00,50.02337935876432
2025-06-12 08:31:00,50.02337935876432
2025-06-12 12:35:00,7.9
2025-06-12 23:53:00,33.1
2025-06-12 08:34:00,50.02337935876432
2025-06-12 11:47:00,84.6
2025-06-12 12:52:00,33.0
2025-06-12 23:35:00,99.0
2025-06-12 18:49:00,4.6
2025-06-12 06:45:00,50.02337935876432
2025-06-12 08:04:00,58.6
2025-06-12 08:21:00,14.1
2025-06-12 07:26:00,6.1
2025-06-12 04:57:00,50.02337935876432
2025-06-12 18:10:00,52.3
2025-06-12 20:44:00,87.2
2025-06-12 10:39:00,27.2
2025-06-12 02:44:00,58.7
2025-06-12 01:33:00,17.8
2025-06-12 14:27:00,13.7
2025-06-12 16:27:00,94.5
2025-06-12 14:34:00,50.02337935876432
2025-06-12 01:48:00,50.02337935876432
2025-06-12 13:02:00,75.4
2025-06-12 23:08:00,50.02337935876432
2025-06-12 22:24:00,50.02337935876432
2025-06-12 15:53:00,50.02337935876432
2025-06-12 07:00:00,55.2
2025-06-12 09:49:00,14.3
2025-06-12 16:50:00,39.7
2025-06-12 14:35:00,73.9
2025-06-12 05:33:00,25.7
2025-06-12 13:42:00,82.3
2025-06-12 18:41:00,93.9
2025-06-12 05:20:00,62.3
2025-06-12 19:09:00,3.6
2025-06-12 18:05:00,9.5
2025-06-12 23:10:00,34.4
2025-06-12 10:53:00,50.02337935876432
2025-06-12 00:51:00,68.6
2025-06-12 22:25:00,29.0
2025-06-12 09:32:00,36.3
2025-06-12 20:59:00,50.02337935876432
2025-06-12 06:19:00,91.1
2025-06-12 01:17:00,50.02337935876432
2025-06-12 23:48:00,31.5
2025-06-12 12:21:00,47.1
2025-06-12 00:13:00,81.7
2025-06-12 04:40:00,82.1
2025-06-12 03:13:00,54.2
2025-06-12 03:55:00,69.2
2025-06-12 09:23:00,92.6
2025-06-12 22:29:00,97.4
2025-06-12 07:48:00,40.8
2025-06-12 17:43:00,94.5
2025-06-12 18:06:00,76.4
2025-06-12 03:29:00,33.2
2025-06-12 08:53:00,50.02337935876432
2025-06-12 14:02:00,78.5
2025-06-12 09:29:00,38.2
2025-06-12 06:43:00,50.02337935876432
2025-06-12 14:38:00,50.02337935876432
2025-06-12 09:08:00,61.1
2025-06-12 00:32:00,43.0
2025-06-12 02:57:00,46.8
2025-06-12 21:10:00,10.3
2025-06-12 01:49:00,15.9
2025-06-12 07:04:00,46.8
2025-06-12 01:28:00,77.0
2025-06-12 20:08:00,50.02337935876432
2025-06-12 08:26:00,81.0
2025-06-12 11:00:00,39.5
2025-06-12 15:27:00,80.7
2025-06-12 10:58:00,25.2
2025-06-12 06:25:00,12.3
2025-06-12 21:00:00,88.8
2025-06-12 09:55:00,44.5
2025-06-12 23:07:00,18.0
2025-06-12 23:51:00,1.5
2025-06-12 05:58:00,13.4
2025-06-12 01:03:00,10.9
2025-06-12 02:54:00,50.02337935876432
2025-06-12 18:16:00,50.02337935876432
2025-06-12 09:11:00,73.3
2025-06-12 11:56:00,16.5
2025-06-12 04:26:00,56.1
2025-06-12 04:22:00,29.3
2025-06-12 00:36:00,50.02337935876432
2025-06-12 02:24:00,84.5
2025-06-12 21:56:00,34.6
2025-06-12 20:36:00,7.5
2025-06-12 14:40:00,96.7
2025-06-12 20:06:00,92.6
2025-06-12 21:30:00,50.02337935876432
2025-06-12 17:16:00,92.7
2025-06-12 10:18:00,91.1
2025-06-12 14:55:00,58.4
2025-06-12 23:58:00,19.5
2025-06-12 15:19:00,77.6
2025-06-12 03:05:00,37.2
2025-06-12 10:01:00,72.2
2025-06-12 11:13:00,21.4
2025-06-12 03:52:00,22.2
2025-06-12 08:32:00,54.0
2025-06-12 18:38:00,6.6
2025-06-12 21:51:00,97.9
2025-06-12 16:55:00,50.02337935876432
2025-06-12 04:30:00,50.02337935876432
2025-06-12 00:48:00,12.3
2025-06-12 06:53:00,23.7
2025-06-12 16:19:00,94.5
2025-06-12 11:48:00,64.1
2025-06-12 19:53:00,86.8
2025-06-12 17:17:00,70.0
2025-06-12 21:46:00,84.5
2025-06-12 12:48:00,50.6
2025-06-12 06:20:00,4.7
2025-06-12 11:38:00,73.3
2025-06-12 14:07:00,28.7
2025-06-12 22:03:00,82.6
2025-06-12 14:06:00,49.6
2025-06-12 10:44:00,63.3
2025-06-12 14:59:00,80.3
2025-06-12 18:32:00,79.2
2025-06-12 08:01:00,8.6
2025-06-12 10:32:00,6.8
2025-06-12 01:54:00,50.02337935876432
2025-06-12 14:43:00,73.3
2025-06-12 06:14:00,89.4
2025-06-12 06:09:00,48.6
2025-06-12 16:44:00,26.7
2025-06-12 13:03:00,28.1
2025-06-12 06:07:00,18.4
2025-06-12 05:12:00,12.8
2025-06-12 02:07:00,93.8
2025-06-12 15:44:00,97.1
2025-06-12 19:36:00,76.8
2025-06-12 19:23:00,10.7
2025-06-12 16:54:00,16.8
2025-06-12 10:20:00,50.02337935876432
2025-06-12 18:22:00,50.02337935876432
2025-06-12 23:52:00,65.9
2025-06-12 06:50:00,62.7
2025-06-12 17:06:00,36.1
2025-06-12 02:35:00,1.8
2025-06-12 11:40:00,93.5
2025-06-12 22:11:00,55.4
2025-06-12 04:15:00,56.5
2025-06-12 20:38:00,22.2
2025-06-12 11:24:00,66.3
2025-06-12 17:26:00,13.1
2025-06-12 04:19:00,70.9
2025-06-12 02:41:00,42.7
2025-06-12 20:56:00,92.9
2025-06-12 15:58:00,4.1
2025-06-12 02:37:00,70.8
2025-06-12 12:03:00,47.2
2025-06-12 12:43:00,85.6
2025-06-12 04:28:00,21.1
2025-06-12 18:58:00,50.02337935876432
2025-06-12 18:40:00,1.5
2025-06-12 18:17:00,6.0
2025-06-12 18:31:00,10.9
2025-06-12 21:22:00,51.6
2025-06-12 06:42:00,28.3
2025-06-12 19:40:00,41.5
2025-06-12 05:31:00,50.02337935876432
2025-06-12 16:48:00,50.02337935876432
2025-06-12 03:37:00,77.6
2025-06-12 02:38:00,53.3
2025-06-12 17:51:00,19.1
2025-06-12 04:47:00,49.6
2025-06-12 10:27:00,50.02337935876432
2025-06-12 17:28:00,55.6
2025-06-12 18:56:00,83.9
2025-06-12 03:31:00,50.02337935876432
2025-06-12 22:50:00,50.02337935876432
2025-06-12 12:49:00,35.1
2025-06-12 05:18:00,50.02337935876432
2025-06-12 16:40:00,96.5
2025-06-12 01:27:00,45.3
2025-06-12 19:43:00,37.8
2025-06-12 08:28:00,22.6
2025-06-12 03:58:00,22.4
2025-06-12 04:20:00,88.2
2025-06-12 21:44:00,94.8
2025-06-12 19:56:00,50.02337935876432
2025-06-12 19:17:00,98.4
2025-06-12 05:22:00,50.02337935876432
2025-06-12 01:55:00,50.02337935876432
2025-06-12 02:12:00,50.02337935876432
2025-06-12 02:11:00,50.02337935876432
2025-06-12 12:10:00,50.6
2025-06-12 17:11:00,68.5
2025-06-12 05:51:00,6.0
2025-06-12 20:00:00,41.4
2025-06-12 13:36:00,64.9
2025-06-12 04:14:00,99.4
2025-06-12 06:24:00,5.1
2025-06-12 23:01:00,50.02337935876432
2025-06-12 09:20:00,50.02337935876432
2025-06-12 18:51:00,31.1
2025-06-12 19:26:00,50.02337935876432
2025-06-12 14:42:00,8.1
2025-06-12 22:44:00,78.7
2025-06-12 15:41:00,98.4
2025-06-12 05:39:00,72.5
2025-06-12 15:50:00,73.1
2025-06-12 06:15:00,50.02337935876432
2025-06-12 14:03:00,99.3
2025-06-12 20:53:00,18.1
2025-06-12 16:33:00,79.0
2025-06-12 03:14:00,35.1
2025-06-12 05:25:00,50.02337935876432
2025-06-12 08:33:00,50.02337935876432
2025-06-12 21:23:00,75.3
2025-06-12 08:58:00,50.02337935876432
2025-06-12 16:17:00,28.6
2025-06-12 00:54:00,59.3
2025-06-12 20:11:00,21.3
2025-06-12 21:36:00,78.6
2025-06-12 07:05:00,7.0
2025-06-12 07:29:00,50.02337935876432
2025-06-12 17:32:00,27.2
2025-06-12 12:07:00,62.9
2025-06-12 12:47:00,83.4
2025-06-12 09:58:00,50.02337935876432
2025-06-12 11:11:00,20.8
2025-06-12 22:46:00,14.5
2025-06-12 03:43:00,45.5
2025-06-12 18:27:00,83.8
2025-06-12 14:36:00,50.02337935876432
2025-06-12 00:41:00,50.02337935876432
2025-06-12 14:09:00,42.0
2025-06-12 20:13:00,76.9
2025-06-12 11:19:00,75.6
2025-06-12 06:51:00,91.9
2025-06-12 21:28:00,93.8
2025-06-12 07:46:00,52.4
2025-06-12 10:41:00,8.3
2025-06-12 12:15:00,43.7
2025-06-12 06:35:00,7.7
2025-06-12 23:17:00,79.5
2025-06-12 15:15:00,11.7
2025-06-12 09:45:00,4.3
2025-06-12 00:43:00,90.9
2025-06-12 02:32:00,37.5
2025-06-12 08:17:00,41.1
2025-06-12 10:09:00,93.7
2025-06-12 09:10:00,68.1
2025-06-12 22:51:00,53.8
2025-06-12 10:59:00,74.8
2025-06-12 12:01:00,52.0
2025-06-12 07:03:00,60.3
2025-06-12 20:55:00,22.2
2025-06-12 17:22:00,10.2
2025-06-12 17:46:00,9.9
2025-06-12 12:17:00,79.8
2025-06-12 14:59:00,44.4
2025-06-12 15:44:00,73.1
2025-06-12 18:23:00,47.4
2025-06-12 04:23:00,70.7
2025-06-12 02:48:00,4.3
2025-06-12 09:29:00,26.0
2025-06-12 19:13:00,5.2
2025-06-12 23:27:00,50.19809456598448
2025-06-12 13:08:00,98.9
2025-06-12 12:02:00,50.19809456598448
2025-06-12 19:11:00,23.6
2025-06-12 07:18:00,25.6
2025-06-12 16:23:00,39.4
2025-06-12 12:49:00,50.19809456598448
2025-06-12 11:31:00,29.9
2025-06-12 07:48:00,78.3
2025-06-12 05:45:00,72.0
2025-06-12 13:45:00,95.0
2025-06-12 00:45:00,2.9
2025-06-12 12:40:00,64.6
2025-06-12 05:33:00,33.5
2025-06-12 05:23:00,19.4
2025-06-12 14:24:00,51.1
2025-06-12 05:35:00,45.6
2025-06-12 06:08:00,42.0
2025-06-12 16:40:00,98.6
2025-06-12 16:15:00,15.5
2025-06-12 14:50:00,76.2
2025-06-12 01:59:00,99.0
2025-06-12 02:58:00,99.9
2025-06-12 18:00:00,81.0
2025-06-12 19:54:00,24.9
2025-06-12 13:55:00,98.7
2025-06-12 15:19:00,50.19809456598448
2025-06-12 03:54:00,25.7
2025-06-12 11:22:00,67.6
2025-06-12 16:39:00,74.3
2025-06-12 03:49:00,46.3
2025-06-12 01:06:00,4.7
2025-06-12 06:29:00,16.9
2025-06-12 19:51:00,38.4
2025-06-12 22:16:00,24.0
2025-06-12 04:19:00,73.8
2025-06-12 17:58:00,34.6
2025-06-12 18:45:00,82.0
2025-06-12 03:33:00,8.3
2025-06-12 11:26:00,34.9
2025-06-12 18:18:00,66.4
2025-06-12 11:43:00,50.19809456598448
2025-06-12 22:17:00,58.7
2025-06-12 03:50:00,50.19809456598448
2025-06-12 13:04:00,68.9
2025-06-12 16:12:00,62.4
2025-06-12 02:41:00,37.2
2025-06-12 23:45:00,50.19809456598448
2025-06-12 19:14:00,8.5
2025-06-12 12:10:00,59.6
2025-06-12 01:12:00,69.0
2025-06-12 16:53:00,78.4
2025-06-12 11:45:00,19.0
2025-06-12 22:10:00,50.19809456598448
2025-06-12 21:24:00,71.2
2025-06-12 23:57:00,17.7
2025-06-12 02:14:00,69.8
2025-06-12 13:37:00,92.3
2025-06-12 18:05:00,62.9
2025-06-12 22:31:00,52.6
2025-06-12 00:42:00,50.19809456598448
2025-06-12 14:47:00,96.2
2025-06-12 19:02:00,55.3
2025-06-12 01:03:00,15.7
2025-06-12 09:52:00,57.2
2025-06-12 14:46:00,53.3
2025-06-12 05:08:00,84.0
2025-06-12 05:09:00,7.2
2025-06-12 10:52:00,55.3
2025-06-12 05:28:00,7.2
2025-06-12 22:33:00,17.1
2025-06-12 18:40:00,27.4
2025-06-12 04:24:00,7.1
2025-06-12 08:57:00,12.4
2025-06-12 16:46:00,49.4
2025-06-12 07:25:00,71.6
2025-06-12 06:11:00,12.4
2025-06-12 20:01:00,50.19809456598448
2025-06-12 07:19:00,66.4
2025-06-12 17:44:00,50.19809456598448
2025-06-12 22:11:00,25.6
2025-06-12 18:36:00,32.3
2025-06-12 14:56:00,51.0
2025-06-12 14:03:00,81.1
2025-06-12 12:47:00,46.2
2025-06-12 06:51:00,62.9
2025-06-12 06:17:00,28.6
2025-06-12 23:59:00,50.19809456598448
2025-06-12 17:45:00,36.5
2025-06-12 16:22:00,8.6
2025-06-12 13:19:00,22.5
2025-06-12 18:42:00,74.5
2025-06-12 13:05:00,54.8
2025-06-12 22:15:00,96.1
2025-06-12 22:48:00,9.4
2025-06-12 17:14:00,50.19809456598448
2025-06-12 17:24:00,70.2
2025-06-12 12:05:00,83.6
2025-06-12 20:26:00,16.7
2025-06-12 00:14:00,18.0
2025-06-12 23:33:00,50.19809456598448
2025-06-12 01:33:00,8.7
2025-06-12 13:00:00,81.1
2025-06-12 13:34:00,27.6
2025-06-12 13:46:00,50.19809456598448
2025-06-12 06:14:00,76.8
2025-06-12 17:12:00,50.19809456598448
2025-06-12 23:19:00,5.2
2025-06-12 15:48:00,80.3
2025-06-12 12:04:00,60.9
2025-06-12 18:02:00,20.4
2025-06-12 03:25:00,65.5
2025-06-12 00:26:00,50.19809456598448
2025-06-12 13:52:00,33.0
2025-06-12 21:55:00,47.3
2025-06-12 14:08:00,74.9
2025-06-12 20:03:00,50.19809456598448
2025-06-12 08:36:00,47.5
2025-06-12 23:02:00,99.2
2025-06-12 07:39:00,53.4
2025-06-12 01:55:00,85.0
2025-06-12 14:34:00,60.2
2025-06-12 09:17:00,94.9
2025-06-12 11:38:00,5.4
2025-06-12 13:48:00,50.19809456598448
2025-06-12 08:07:00,40.4
2025-06-12 13:28:00,38.9
2025-06-12 19:16:00,33.5
2025-06-12 17:32:00,8.5
2025-06-12 06:38:00,65.2
2025-06-12 17:52:00,96.0
2025-06-12 06:23:00,48.9
2025-06-12 00:03:00,98.5
2025-06-12 08:12:00,32.2
2025-06-12 17:07:00,50.19809456598448
2025-06-12 21:32:00,31.1
2025-06-12 15:10:00,43.9
2025-06-12 01:57:00,50.19809456598448
2025-06-12 04:35:00,18.3
2025-06-12 21:47:00,45.2
2025-06-12 22:08:00,27.5
2025-06-12 16:58:00,50.19809456598448
2025-06-12 19:29:00,91.1
2025-06-12 09:46:00,12.2
2025-06-12 02:01:00,77.7
2025-06-12 07:07:00,85.6
2025-06-12 00:27:00,49.7
2025-06-12 14:00:00,7.4
2025-06-12 15:45:00,43.2
2025-06-12 10:54:00,58.8
2025-06-12 06:58:00,13.4
2025-06-12 23:39:00,72.7
2025-06-12 11:49:00,58.4
2025-06-12 16:03:00,69.8
2025-06-12 23:22:00,35.1
2025-06-12 21:16:00,77.8
2025-06-12 09:41:00,29.0
2025-06-12 01:51:00,50.19809456598448
2025-06-12 01:23:00,8.9
2025-06-12 20:53:00,98.6
2025-06-12 20:29:00,32.7
2025-06-12 05:16:00,43.8
2025-06-12 09:32:00,44.3
2025-06-12 04:16:00,50.19809456598448
2025-06-12 16:43:00,60.6
2025-06-12 18:08:00,28.1
2025-06-12 00:41:00,36.7
2025-06-12 22:36:00,50.19809456598448
2025-06-12 11:05:00,82.4
2025-06-12 18:56:00,61.0
2025-06-12 00:31:00,89.9
2025-06-12 09:56:00,22.8
2025-06-12 10:12:00,50.19809456598448
2025-06-12 06:32:00,9.7
2025-06-12 21:13:00,50.19809456598448
2025-06-12 07:59:00,78.0
2025-06-12 06:45:00,74.8
2025-06-12 00:49:00,35.2
2025-06-12 11:06:00,79.8
2025-06-12 12:44:00,67.7
2025-06-12 01:21:00,71.3
2025-06-12 05:58:00,97.1
2025-06-12 11:19:00,64.8
2025-06-12 16:10:00,93.6
2025-06-12 01:32:00,97.3
2025-06-12 21:22:00,2.2
2025-06-12 08:50:00,50.19809456598448
2025-06-12 14:06:00,58.5
2025-06-12 19:41:00,33.7
2025-06-12 15:08:00,50.19809456598448
2025-06-12 10:27:00,24.8
2025-06-12 06:56:00,47.0
2025-06-12 05:49:00,89.2
2025-06-12 18:15:00,91.0
2025-06-12 03:48:00,69.3
2025-06-12 20:48:00,30.3
2025-06-12 05:51:00,29.1
2025-06-12 03:37:00,50.19809456598448
2025-06-12 03:22:00,25.9
2025-06-12 06:54:00,97.6
2025-06-12 14:04:00,6.9
2025-06-12 19:05:00,37.9
2025-06-12 12:57:00,67.6
2025-06-12 21:59:00,46.1
2025-06-12 23:14:00,32.5
2025-06-12 11:35:00,20.7
2025-06-12 16:31:00,97.0
2025-06-12 21:17:00,53.4
2025-06-12 16:01:00,47.0
2025-06-12 02:02:00,93.1
2025-06-12 00:12:00,36.9
2025-06-12 18:26:00,46.6
2025-06-12 21:54:00,51.4
2025-06-12 18:49:00,37.9
2025-06-12 06:39:00,61.4
2025-06-12 19:08:00,63.0
2025-06-12 18:33:00,99.2
2025-06-12 19:55:00,50.19809456598448
2025-06-12 13:36:00,50.19809456598448
2025-06-12 07:36:00,97.8
2025-06-12 20:21:00,51.9
2025-06-12 16:51:00,39.7
2025-06-12 10:25:00,50.19809456598448
2025-06-12 20:43:00,61.1
2025-06-12 22:47:00,50.19809456598448
2025-06-12 11:48:00,56.4
2025-06-12 09:27:00,36.0
2025-06-12 01:37:00,62.0
2025-06-12 20:47:00,39.2
2025-06-12 13:56:00,50.19809456598448
2025-06-12 02:16:00,0.6
2025-06-12 07:17:00,5.0
2025-06-12 04:44:00,45.1
2025-06-12 19:23:00,6.3
2025-06-12 09:54:00,79.1
2025-06-12 09:26:00,18.7
2025-06-12 02:50:00,36.6
2025-06-12 05:31:00,76.5
2025-06-12 14:58:00,66.6
2025-06-12 04:15:00,50.19809456598448
2025-06-12 05:56:00,57.5
2025-06-12 03:01:00,8.2
2025-06-12 18:34:00,10.2
2025-06-12 09:37:00,3.7
2025-06-12 10:41:00,50.19809456598448
2025-06-12 14:14:00,50.19809456598448
2025-06-12 09:36:00,33.7
2025-06-12 03:57:00,81.8
2025-06-12 02:12:00,18.9
2025-06-12 18:22:00,45.6
2025-06-12 02:49:00,16.1
2025-06-12 05:04:00,24.1
2025-06-12 08:56:00,78.4
2025-06-12 00:39:00,50.19809456598448
2025-06-12 08:27:00,12.6
2025-06-12 04:48:00,50.19809456598448
2025-06-12 03:08:00,19.3
2025-06-12 14:43:00,39.3
2025-06-12 03:04:00,71.1
2025-06-12 18:20:00,73.9
2025-06-12 10:34:00,32.4
2025-06-12 16:38:00,3.9
2025-06-12 07:40:00,36.1
2025-06-12 13:17:00,50.19809456598448
2025-06-12 12:23:00,47.6
2025-06-12 21:04:00,50.19809456598448
2025-06-12 17:03:00,33.5
2025-06-12 19:33:00,47.3
2025-06-12 10:10:00,59.9
2025-06-12 21:11:00,57.7
2025-06-12 01:54:00,10.5
2025-06-12 16:11:00,84.9
2025-06-12 14:41:00,45.9
2025-06-12 20:48:00,80.5
2025-06-12 10:24:00,83.0
2025-06-12 22:13:00,5.4
2025-06-12 08:21:00,52.5
2025-06-12 05:59:00,80.5
2025-06-12 06:31:00,74.1
2025-06-12 16:14:00,56.0
2025-06-12 04:38:00,66.7
2025-06-12 16:18:00,80.9
2025-06-12 07:58:00,88.7
2025-06-12 01:47:00,49.54486036141751
2025-06-12 14:20:00,89.8
2025-06-12 18:34:00,53.7
2025-06-12 08:35:00,55.5
2025-06-12 12:23:00,96.3
2025-06-12 01:46:00,30.3
2025-06-12 20:29:00,51.2
2025-06-12 12:18:00,26.8
2025-06-12 12:38:00,66.1
2025-06-12 07:21:00,31.5
2025-06-12 16:31:00,90.4
2025-06-12 02:19:00,90.2
2025-06-12 05:49:00,91.5
2025-06-12 23:21:00,4.2
2025-06-12 10:13:00,23.1
2025-06-12 15:19:00,74.2
2025-06-12 23:25:00,32.3
2025-06-12 02:01:00,86.9
2025-06-12 13:40:00,59.8
2025-06-12 05:55:00,98.7
2025-06-12 10:00:00,93.1
2025-06-12 14:42:00,96.0
2025-06-12 11:45:00,17.1
2025-06-12 06:30:00,50.8
2025-06-12 03:27:00,49.54486036141751
2025-06-12 16:29:00,85.8
2025-06-12 11:23:00,89.1
2025-06-12 23:37:00,49.54486036141751
2025-06-12 02:09:00,51.3
2025-06-12 00:45:00,47.6
2025-06-12 15:32:00,61.0
2025-06-12 03:28:00,65.9
2025-06-12 00:59:00,11.0
2025-06-12 09:08:00,87.3
2025-06-12 05:51:00,90.6
2025-06-12 00:49:00,83.2
2025-06-12 14:40:00,77.1
2025-06-12 20:38:00,49.54486036141751
2025-06-12 02:16:00,20.3
2025-06-12 04:30:00,8.9
2025-06-12 07:47:00,81.0
2025-06-12 14:47:00,71.5
2025-06-12 06:49:00,23.2
2025-06-12 02:41:00,72.8
2025-06-12 01:41:00,89.2
2025-06-12 08:05:00,65.7
2025-06-12 23:52:00,61.3
2025-06-12 14:07:00,43.7
2025-06-12 18:05:00,0.2
2025-06-12 08:52:00,49.54486036141751
2025-06-12 16:52:00,23.0
2025-06-12 13:46:00,35.4
2025-06-12 19:35:00,9.1
2025-06-12 05:22:00,57.4
2025-06-12 05:34:00,19.9
2025-06-12 21:05:00,23.1
2025-06-12 05:18:00,24.9
2025-06-12 21:08:00,62.7
2025-06-12 21:22:00,84.2
2025-06-12 12:15:00,66.4
2025-06-12 18:26:00,60.0
2025-06-12 06:27:00,49.54486036141751
2025-06-12 11:01:00,78.5
2025-06-12 09:43:00,24.8
2025-06-12 18:20:00,78.5
2025-06-12 15:41:00,25.2
2025-06-12 20:25:00,71.1
2025-06-12 23:01:00,27.1
2025-06-12 17:13:00,29.4
2025-06-12 10:08:00,49.54486036141751
2025-06-12 11:07:00,49.54486036141751
2025-06-12 09:40:00,47.6
2025-06-12 09:21:00,49.54486036141751
2025-06-12 13:20:00,98.1
2025-06-12 15:37:00,41.4
2025-06-12 17:46:00,3.6
2025-06-12 23:41:00,51.8
2025-06-12 18:28:00,84.4
2025-06-12 12:36:00,68.2
2025-06-12 23:07:00,19.8
2025-06-12 10:05:00,40.0
2025-06-12 09:20:00,60.7
2025-06-12 18:00:00,49.1
2025-06-12 04:33:00,96.3
2025-06-12 15:58:00,30.1
2025-06-12 15:12:00,17.6
2025-06-12 23:13:00,21.1
2025-06-12 07:27:00,95.4
2025-06-12 22:27:00,64.1
2025-06-12 07:48:00,91.8
2025-06-12 15:44:00,45.2
2025-06-12 10:44:00,47.2
2025-06-12 09:31:00,49.54486036141751
2025-06-12 12:07:00,4.2
2025-06-12 21:40:00,10.0
2025-06-12 17:18:00,48.0
2025-06-12 23:40:00,59.9
2025-06-12 18:58:00,49.54486036141751
2025-06-12 16:28:00,46.4
2025-06-12 02:03:00,52.6
2025-06-12 15:47:00,56.0
2025-06-12 13:33:00,14.0
2025-06-12 09:14:00,58.8
2025-06-12 05:37:00,2.0
2025-06-12 09:50:00,49.54486036141751
2025-06-12 13:07:00,75.2
2025-06-12 03:11:00,49.54486036141751
2025-06-12 13:32:00,84.0
2025-06-12 07:11:00,20.5
2025-06-12 16:12:00,29.1
2025-06-12 08:51:00,43.2
2025-06-12 21:04:00,69.9
2025-06-12 21:47:00,42.7
2025-06-12 13:28:00,21.8
2025-06-12 13:59:00,49.6
2025-06-12 01:23:00,64.7
2025-06-12 17:27:00,28.7
2025-06-12 00:24:00,22.3
2025-06-12 01:50:00,39.7
2025-06-12 12:51:00,85.5
2025-06-12 06:44:00,64.0
2025-06-12 00:39:00,49.54486036141751
2025-06-12 20:02:00,49.54486036141751
2025-06-12 11:50:00,49.54486036141751
2025-06-12 05:11:00,17.9
2025-06-12 04:01:00,36.3
2025-06-12 12:50:00,71.1
2025-06-12 02:00:00,3.6
2025-06-12 21:27:00,60.0
2025-06-12 12:45:00,49.54486036141751
2025-06-12 18:41:00,88.0
2025-06-12 17:50:00,39.0
2025-06-12 20:54:00,88.4
2025-06-12 00:32:00,63.7
2025-06-12 06:02:00,80.4
2025-06-12 06:10:00,99.4
2025-06-12 10:30:00,58.0
2025-06-12 02:50:00,0.4
2025-06-12 09:01:00,52.7
2025-06-12 15:14:00,86.6
2025-06-12 06:13:00,42.1
2025-06-12 15:04:00,7.9
2025-06-12 21:26:00,31.9
2025-06-12 16:03:00,34.7
2025-06-12 11:27:00,13.8
2025-06-12 07:34:00,65.4
2025-06-12 04:16:00,83.9
2025-06-12 18:09:00,12.7
2025-06-12 01:42:00,50.5
2025-06-12 16:53:00,17.2
2025-06-12 17:42:00,92.4
2025-06-12 03:31:00,23.1
2025-06-12 11:11:00,19.4
2025-06-12 21:32:00,21.1
2025-06-12 13:08:00,49.54486036141751
2025-06-12 19:05:00,49.54486036141751
2025-06-12 06:47:00,88.5
2025-06-12 06:00:00,15.2
2025-06-12 19:53:00,31.2
2025-06-12 00:48:00,80.5
2025-06-12 03:24:00,37.2
2025-06-12 09:37:00,29.7
2025-06-12 22:33:00,29.5
2025-06-12 09:00:00,1.0
2025-06-12 15:43:00,25.2
2025-06-12 07:51:00,49.54486036141751
2025-06-12 00:09:00,13.1
2025-06-12 18:45:00,90.9
2025-06-12 12:14:00,48.8
2025-06-12 21:14:00,49.54486036141751
2025-06-12 21:43:00,59.3
2025-06-12 16:48:00,99.5
2025-06-12 17:35:00,49.54486036141751
2025-06-12 20:55:00,49.54486036141751
2025-06-12 14:46:00,88.8
2025-06-12 21:28:00,18.7
2025-06-12 19:18:00,47.2
2025-06-12 02:36:00,35.7
2025-06-12 07:59:00,5.8
2025-06-12 02:49:00,75.1
2025-06-12 07:54:00,72.0
2025-06-12 04:14:00,57.8
2025-06-12 23:24:00,36.5
2025-06-12 00:55:00,98.9
2025-06-12 19:14:00,60.9
2025-06-12 07:14:00,8.4
2025-06-12 02:58:00,4.1
2025-06-12 13:05:00,46.4
2025-06-12 07:00:00,28.3
2025-06-12 21:29:00,94.9
2025-06-12 07:40:00,48.5
2025-06-12 06:04:00,29.0
2025-06-12 10:26:00,90.3
2025-06-12 07:03:00,68.9
2025-06-12 01:24:00,84.0
2025-06-12 23:59:00,13.9
2025-06-12 00:56:00,58.2
2025-06-12 00:14:00,80.0
2025-06-12 16:06:00,41.3
2025-06-12 08:04:00,13.2
2025-06-12 19:50:00,22.9
2025-06-12 08:33:00,0.3
2025-06-12 17:38:00,85.4
2025-06-12 22:14:00,32.0
2025-06-12 21:17:00,93.0
2025-06-12 12:00:00,60.7
2025-06-12 13:10:00,53.1
2025-06-12 16:49:00,39.3
2025-06-12 21:35:00,10.2
2025-06-12 04:35:00,14.0
2025-06-12 20:17:00,56.7
2025-06-12 22:06:00,69.8
2025-06-12 02:40:00,97.1
2025-06-12 07:06:00,6.1
2025-06-12 17:09:00,20.3
2025-06-12 14:22:00,80.2
2025-06-12 10:51:00,80.7
2025-06-12 06:07:00,53.7
2025-06-12 09:22:00,49.54486036141751
2025-06-12 05:13:00,49.54486036141751
2025-06-12 17:00:00,62.5
2025-06-12 08:25:00,59.3
2025-06-12 22:16:00,80.0
2025-06-12 00:58:00,28.4
2025-06-12 23:19:00,49.54486036141751
2025-06-12 04:08:00,49.54486036141751
2025-06-12 07:22:00,33.2
2025-06-12 00:44:00,49.54486036141751
2025-06-12 14:54:00,94.6
2025-06-12 10:22:00,69.6
2025-06-12 16:38:00,12.2
2025-06-12 05:40:00,49.54486036141751
2025-06-12 05:00:00,72.4
2025-06-12 00:15:00,19.2
2025-06-12 21:58:00,98.5
2025-06-12 02:07:00,89.2
2025-06-12 09:51:00,49.54486036141751
2025-06-12 12:41:00,63.3
2025-06-12 09:46:00,16.2
2025-06-12 10:57:00,20.5
2025-06-12 00:31:00,49.54486036141751
2025-06-12 07:17:00,3.1
2025-06-12 20:32:00,47.1
2025-06-12 18:53:00,66.1
2025-06-12 20:57:00,43.2
2025-06-12 13:25:00,83.7
2025-06-12 07:23:00,50.1
2025-06-12 13:30:00,62.1
2025-06-12 04:20:00,90.2
2025-06-12 06:28:00,52.4
2025-06-12 06:24:00,76.9
2025-06-12 17:04:00,49.54486036141751
2025-06-12 18:38:00,71.7
2025-06-12 13:04:00,67.7
2025-06-12 15:00:00,55.1
2025-06-12 18:04:00,85.4
2025-06-12 07:52:00,47.4
2025-06-12 01:08:00,49.54486036141751
2025-06-12 23:12:00,49.54486036141751
2025-06-12 02:46:00,49.54486036141751
2025-06-12 01:53:00,49.54486036141751
2025-06-12 01:38:00,88.4
2025-06-12 08:00:00,32.1
2025-06-12 10:38:00,52.9
2025-06-12 07:09:00,74.0
2025-06-12 22:07:00,41.5
2025-06-12 23:14:00,96.4
2025-06-12 05:05:00,18.0
2025-06-12 13:31:00,32.8
2025-06-12 15:54:00,8.1
2025-06-12 08:22:00,58.1
2025-06-12 03:03:00,45.7
2025-06-12 19:29:00,74.3
2025-06-12 00:22:00,17.6
2025-06-12 20:39:00,21.3
2025-06-12 06:13:00,10.5
2025-06-12 12:47:00,55.0
2025-06-12 21:27:00,93.5
2025-06-12 08:27:00,50.136426804852206
2025-06-12 23:09:00,4.7
2025-06-12 11:52:00,1.2
2025-06-12 09:04:00,50.136426804852206
2025-06-12 17:37:00,40.3
2025-06-12 13:52:00,92.2
2025-06-12 17:35:00,76.0
2025-06-12 11:51:00,49.1
2025-06-12 13:21:00,54.0
2025-06-12 23:01:00,46.9
2025-06-12 06:23:00,17.7
2025-06-12 02:29:00,73.7
2025-06-12 05:18:00,85.0
2025-06-12 15:36:00,19.5
2025-06-12 12:49:00,43.4
2025-06-12 00:53:00,50.136426804852206
2025-06-12 01:39:00,74.8
2025-06-12 07:48:00,42.1
2025-06-12 02:26:00,21.4
2025-06-12 04:17:00,50.136426804852206
2025-06-12 01:46:00,62.2
2025-06-12 19:21:00,16.9
2025-06-12 21:41:00,50.136426804852206
2025-06-12 12:13:00,0.0
2025-06-12 16:36:00,64.4
2025-06-12 08:06:00,22.1
2025-06-12 21:47:00,64.7
2025-06-12 23:48:00,87.1
2025-06-12 07:06:00,50.136426804852206
2025-06-12 00:38:00,28.6
2025-06-12 15:25:00,52.2
2025-06-12 21:19:00,16.6
2025-06-12 11:56:00,9.9
2025-06-12 15:28:00,50.8
2025-06-12 04:25:00,70.0
2025-06-12 07:57:00,60.0
2025-06-12 00:19:00,28.1
2025-06-12 18:14:00,95.8
2025-06-12 15:32:00,46.0
2025-06-12 02:33:00,19.9
2025-06-12 18:25:00,74.6
2025-06-12 05:05:00,14.1
2025-06-12 15:49:00,81.4
2025-06-12 16:28:00,11.5
2025-06-12 11:10:00,94.2
2025-06-12 00:02:00,42.8
2025-06-12 02:12:00,90.3
2025-06-12 18:07:00,18.3
2025-06-12 10:58:00,71.3
2025-06-12 23:02:00,50.136426804852206
2025-06-12 03:34:00,50.136426804852206
2025-06-12 01:52:00,90.6
2025-06-12 11:50:00,50.136426804852206
2025-06-12 17:31:00,50.136426804852206
2025-06-12 16:22:00,46.9
2025-06-12 20:10:00,13.0
2025-06-12 23:03:00,50.136426804852206
2025-06-12 00:59:00,17.7
2025-06-12 23:38:00,28.5
2025-06-12 06:32:00,92.1
2025-06-12 17:53:00,92.2
2025-06-12 06:00:00,60.3
2025-06-12 10:59:00,50.136426804852206
2025-06-12 16:39:00,77.4
2025-06-12 23:22:00,89.5
2025-06-12 11:06:00,50.136426804852206
2025-06-12 02:21:00,22.6
2025-06-12 07:42:00,9.1
2025-06-12 17:38:00,70.5
2025-06-12 19:01:00,50.136426804852206
2025-06-12 07:50:00,90.6
2025-06-12 19:25:00,74.7
2025-06-12 22:07:00,50.136426804852206
2025-06-12 03:33:00,90.1
2025-06-12 11:37:00,82.9
2025-06-12 11:39:00,17.1
2025-06-12 21:17:00,91.4
2025-06-12 00:36:00,42.2
2025-06-12 08:53:00,64.4
2025-06-12 22:32:00,50.136426804852206
2025-06-12 22:50:00,72.7
2025-06-12 10:21:00,48.3
2025-06-12 04:43:00,39.6
2025-06-12 15:31:00,20.0
2025-06-12 17:46:00,6.0
2025-06-12 09:53:00,50.136426804852206
2025-06-12 16:20:00,57.4
2025-06-12 03:24:00,8.6
2025-06-12 22:48:00,50.136426804852206
2025-06-12 01:04:00,42.7
2025-06-12 18:55:00,34.4
2025-06-12 12:33:00,50.136426804852206
2025-06-12 18:51:00,40.5
2025-06-12 14:33:00,81.0
2025-06-12 10:45:00,50.136426804852206
2025-06-12 09:08:00,91.3
2025-06-12 22:59:00,90.5
2025-06-12 08:33:00,35.7
2025-06-12 12:57:00,48.8
2025-06-12 16:33:00,66.7
2025-06-12 16:59:00,96.5
2025-06-12 00:35:00,72.5
2025-06-12 19:06:00,59.6
2025-06-12 15:34:00,35.1
2025-06-12 10:02:00,10.2
2025-06-12 00:04:00,27.1
2025-06-12 20:32:00,87.7
2025-06-12 08:28:00,77.1
2025-06-12 15:09:00,92.6
2025-06-12 11:05:00,90.3
2025-06-12 13:31:00,97.3
2025-06-12 03:16:00,78.1
2025-06-12 07:29:00,50.136426804852206
2025-06-12 06:59:00,96.0
2025-06-12 21:33:00,7.7
2025-06-12 06:47:00,15.5
2025-06-12 02:41:00,72.9
2025-06-12 23:41:00,76.5
2025-06-12 03:14:00,11.0
2025-06-12 13:51:00,88.2
2025-06-12 04:38:00,4.5
2025-06-12 15:16:00,70.7
2025-06-12 18:03:00,50.136426804852206
2025-06-12 20:02:00,71.7
2025-06-12 03:13:00,49.9
2025-06-12 05:27:00,4.4
2025-06-12 14:12:00,68.2
2025-06-12 00:29:00,50.136426804852206
2025-06-12 11:20:00,50.136426804852206
2025-06-12 22:21:00,24.9
2025-06-12 01:40:00,50.136426804852206
2025-06-12 21:58:00,82.2
2025-06-12 01:01:00,65.2
2025-06-12 19:33:00,42.1
2025-06-12 16:42:00,59.3
2025-06-12 04:02:00,50.136426804852206
2025-06-12 00:05:00,70.5
2025-06-12 04:11:00,4.9
2025-06-12 00:48:00,43.4
2025-06-12 18:11:00,50.136426804852206
2025-06-12 18:00:00,61.0
2025-06-12 15:39:00,4.6
2025-06-12 01:30:00,62.5
2025-06-12 06:25:00,50.136426804852206
2025-06-12 20:04:00,24.4
2025-06-12 06:19:00,84.3
2025-06-12 09:13:00,11.1
2025-06-12 04:32:00,57.8
2025-06-12 07:26:00,43.8
2025-06-12 06:40:00,69.9
2025-06-12 23:17:00,63.0
2025-06-12 18:54:00,49.9
2025-06-12 11:58:00,41.8
2025-06-12 10:03:00,76.4
2025-06-12 12:45:00,45.6
2025-06-12 21:38:00,35.2
2025-06-12 00:17:00,54.3
2025-06-12 05:08:00,83.6
2025-06-12 19:02:00,64.1
2025-06-12 20:17:00,78.4
2025-06-12 10:35:00,27.0
2025-06-12 10:09:00,50.136426804852206
2025-06-12 16:17:00,85.2
2025-06-12 04:41:00,50.136426804852206
2025-06-12 17:13:00,4.0
2025-06-12 21:54:00,96.8
2025-06-12 14:03:00,44.5
2025-06-12 21:45:00,21.3
2025-06-12 10:36:00,30.6
2025-06-12 09:51:00,74.1
2025-06-12 22:16:00,80.4
2025-06-12 15:35:00,42.2
2025-06-12 03:30:00,88.8
2025-06-12 07:00:00,42.2
2025-06-12 08:57:00,85.4
2025-06-12 07:14:00,50.136426804852206
2025-06-12 02:08:00,49.1
2025-06-12 19:34:00,44.0
2025-06-12 17:42:00,50.136426804852206
2025-06-12 08:51:00,42.1
2025-06-12 18:33:00,93.6
2025-06-12 21:39:00,79.9
2025-06-12 17:59:00,75.2
2025-06-12 01:07:00,94.9
2025-06-12 00:09:00,50.136426804852206
2025-06-12 16:49:00,59.0
2025-06-12 17:21:00,7.8
2025-06-12 03:19:00,50.136426804852206
2025-06-12 20:05:00,55.6
2025-06-12 23:14:00,50.136426804852206
2025-06-12 13:08:00,62.5
2025-06-12 17:25:00,72.1
2025-06-12 01:48:00,50.136426804852206
2025-06-12 05:16:00,27.5
2025-06-12 03:44:00,50.136426804852206
2025-06-12 05:42:00,50.136426804852206
2025-06-12 21:49:00,36.1
2025-06-12 13:07:00,17.5
2025-06-12 09:21:00,15.4
2025-06-12 23:21:00,52.5
2025-06-12 05:32:00,59.0
2025-06-12 05:54:00,1.8
2025-06-12 17:55:00,30.8
2025-06-12 01:42:00,49.9
2025-06-12 18:24:00,43.1
2025-06-12 23:43:00,50.136426804852206
2025-06-12 05:12:00,67.3
2025-06-12 12:40:00,25.7
2025-06-12 19:57:00,90.4
2025-06-12 04:16:00,50.136426804852206
2025-06-12 12:11:00,23.4
2025-06-12 01:45:00,50.9
2025-06-12 07:51:00,14.3
2025-06-12 17:15:00,50.136426804852206
2025-06-12 05:36:00,88.2
2025-06-12 13:33:00,50.136426804852206
2025-06-12 12:06:00,48.0
2025-06-12 10:54:00,50.136426804852206
2025-06-12 17:32:00,26.6
2025-06-12 19:12:00,58.6
2025-06-12 07:53:00,23.0
2025-06-12 15:43:00,12.1
2025-06-12 19:43:00,97.6
2025-06-12 02:51:00,31.2
2025-06-12 20:38:00,39.9
2025-06-12 08:17:00,50.136426804852206
2025-06-12 22:29:00,40.8
2025-06-12 11:30:00,45.2
2025-06-12 12:56:00,50.136426804852206
2025-06-12 23:27:00,87.2
2025-06-12 13:12:00,85.7
2025-06-12 13:34:00,52.8
2025-06-12 19:27:00,50.136426804852206
2025-06-12 11:36:00,54.9
2025-06-12 07:46:00,71.7
2025-06-12 14:43:00,8.2
2025-06-12 14:24:00,47.1
2025-06-12 23:12:00,37.3
2025-06-12 08:36:00,43.5
2025-06-12 19:50:00,33.1
2025-06-12 18:10:00,29.7
2025-06-12 12:23:00,90.7
2025-06-12 02:59:00,2.8
2025-06-12 04:40:00,50.136426804852206
2025-06-12 06:31:00,12.3
2025-06-12 09:36:00,76.4
2025-06-12 21:04:00,50.136426804852206
2025-06-12 23:51:00,62.9
2025-06-12 23:40:00,50.136426804852206
2025-06-12 09:38:00,4.9
2025-06-12 11:55:00,61.2
2025-06-12 17:01:00,89.8
2025-06-12 23:47:00,71.3
2025-06-12 23:28:00,75.7
2025-06-12 23:11:00,78.0
2025-06-12 01:21:00,55.0
2025-06-12 22:10:00,70.4
2025-06-12 03:51:00,40.4
2025-06-12 03:17:00,61.4
2025-06-12 02:01:00,31.5
2025-06-12 09:37:00,44.2
2025-06-12 12:30:00,63.8
2025-06-12 02:03:00,58.9
2025-06-12 19:04:00,50.136426804852206
2025-06-12 23:13:00,15.6
2025-06-12 10:33:00,4.8
2025-06-12 17:20:00,88.6
2025-06-12 09:58:00,50.136426804852206
2025-06-12 19:53:00,31.6
2025-06-12 09:17:00,37.5
2025-06-12 01:28:00,25.5
2025-06-12 23:23:00,18.9
2025-06-12 17:00:00,33.7
2025-06-12 22:02:00,13.1
2025-06-12 06:14:00,40.6
2025-06-12 13:53:00,35.2
2025-06-12 23:36:00,28.2
2025-06-12 14:18:00,36.7
2025-06-12 07:36:00,50.136426804852206
2025-06-12 05:09:00,18.5
2025-06-12 18:08:00,10.4
2025-06-12 14:34:00,69.0
2025-06-12 18:52:00,50.136426804852206
2025-06-12 21:56:00,11.4
2025-06-12 20:43:00,1.1
2025-06-12 14:15:00,99.9
2025-06-12 14:20:00,50.136426804852206
2025-06-12 02:30:00,84.1
2025-06-12 16:46:00,94.8
2025-06-12 11:11:00,67.8
2025-06-12 23:20:00,80.0
2025-06-12 05:10:00,86.8
2025-06-12 11:15:00,50.136426804852206
2025-06-12 23:26:00,35.4
2025-06-12 02:54:00,61.3
2025-06-12 12:32:00,90.1
2025-06-12 04:08:00,64.8
2025-06-12 03:55:00,21.7
2025-06-12 21:18:00,37.7
2025-06-12 15:57:00,10.1
2025-06-12 03:43:00,7.9
2025-06-12 10:15:00,50.037891637220255
2025-06-12 11:37:00,30.0
2025-06-12 13:32:00,40.6
2025-06-12 03:23:00,65.5
2025-06-12 19:12:00,37.6
2025-06-12 11:27:00,60.9
2025-06-12 06:43:00,43.5
2025-06-12 19:44:00,56.8
2025-06-12 23:51:00,55.2
2025-06-12 04:05:00,15.5
2025-06-12 14:10:00,26.7
2025-06-12 19:31:00,4.2
2025-06-12 17:01:00,23.0
2025-06-12 02:28:00,50.037891637220255
2025-06-12 14:20:00,96.7
2025-06-12 07:38:00,20.7
2025-06-12 11:34:00,6.9
2025-06-12 11:22:00,50.0
2025-06-12 15:06:00,68.7
2025-06-12 17:56:00,50.037891637220255
2025-06-12 05:38:00,4.9
2025-06-12 02:23:00,39.1
2025-06-12 18:16:00,10.2
2025-06-12 10:02:00,50.037891637220255
2025-06-12 02:39:00,10.9
2025-06-12 21:51:00,47.9
2025-06-12 17:38:00,50.037891637220255
2025-06-12 23:11:00,63.7
2025-06-12 16:36:00,32.9
2025-06-12 11:11:00,50.037891637220255
2025-06-12 11:31:00,83.6
2025-06-12 08:07:00,72.1
2025-06-12 20:58:00,79.4
2025-06-12 11:56:00,43.4
2025-06-12 22:09:00,57.7
2025-06-12 19:20:00,11.0
2025-06-12 17:13:00,76.7
2025-06-12 01:39:00,11.8
2025-06-12 12:09:00,7.3
2025-06-12 13:20:00,66.9
2025-06-12 15:17:00,76.0
2025-06-12 16:48:00,90.1
2025-06-12 00:48:00,23.6
2025-06-12 05:16:00,40.3
2025-06-12 00:56:00,43.1
2025-06-12 19:25:00,95.8
2025-06-12 14:19:00,2.1
2025-06-12 07:28:00,58.2
2025-06-12 10:25:00,50.037891637220255
2025-06-12 16:07:00,0.6
2025-06-12 22:54:00,11.4
2025-06-12 10:22:00,10.2
2025-06-12 23:24:00,50.037891637220255
2025-06-12 14:38:00,99.1
2025-06-12 04:21:00,35.0
2025-06-12 14:00:00,50.037891637220255
2025-06-12 22:07:00,65.3
2025-06-12 13:17:00,77.2
2025-06-12 12:45:00,43.8
2025-06-12 14:40:00,50.037891637220255
2025-06-12 04:36:00,87.3
2025-06-12 04:03:00,17.7
2025-06-12 22:14:00,50.037891637220255
2025-06-12 03:18:00,2.2
2025-06-12 10:42:00,7.1
2025-06-12 21:01:00,34.5
2025-06-12 06:49:00,94.9
2025-06-12 06:55:00,50.6
2025-06-12 12:38:00,50.037891637220255
2025-06-12 11:39:00,68.6
2025-06-12 11:20:00,11.1
2025-06-12 20:59:00,53.0
2025-06-12 23:42:00,50.037891637220255
2025-06-12 13:49:00,68.1
2025-06-12 20:33:00,20.4
2025-06-12 10:36:00,50.037891637220255
2025-06-12 01:31:00,84.8
2025-06-12 17:22:00,2.5
2025-06-12 19:59:00,50.037891637220255
2025-06-12 00:10:00,76.5
2025-06-12 10:13:00,10.8
2025-06-12 20:38:00,47.8
2025-06-12 12:35:00,13.5
2025-06-12 01:20:00,44.3
2025-06-12 13:07:00,58.6
2025-06-12 20:48:00,57.4
2025-06-12 03:04:00,15.3
2025-06-12 06:45:00,19.8
2025-06-12 15:20:00,50.037891637220255
2025-06-12 19:07:00,97.6
2025-06-12 20:35:00,20.5
2025-06-12 16:09:00,85.1
2025-06-12 12:51:00,10.5
2025-06-12 07:29:00,40.3
2025-06-12 00:23:00,50.037891637220255
2025-06-12 13:27:00,48.4
2025-06-12 16:27:00,66.9
2025-06-12 23:03:00,50.037891637220255
2025-06-12 07:13:00,50.037891637220255
2025-06-12 00:13:00,82.3
2025-06-12 17:12:00,27.7
2025-06-12 19:37:00,67.6
2025-06-12 13:19:00,48.3
2025-06-12 12:18:00,29.1
2025-06-12 05:09:00,50.037891637220255
2025-06-12 03:13:00,22.3
2025-06-12 00:30:00,50.037891637220255
2025-06-12 23:25:00,65.0
2025-06-12 20:51:00,50.037891637220255
2025-06-12 03:12:00,50.037891637220255
2025-06-12 09:16:00,83.1
2025-06-12 00:38:00,41.6
2025-06-12 02:08:00,50.037891637220255
2025-06-12 14:36:00,50.037891637220255
2025-06-12 23:27:00,18.5
2025-06-12 12:26:00,77.0
2025-06-12 01:48:00,74.9
2025-06-12 04:22:00,42.6
2025-06-12 16:57:00,27.8
2025-06-12 11:15:00,92.1
2025-06-12 23:56:00,50.037891637220255
2025-06-12 14:22:00,82.7
2025-06-12 22:33:00,50.037891637220255
2025-06-12 20:01:00,43.3
2025-06-12 17:21:00,36.8
2025-06-12 14:13:00,35.3
2025-06-12 11:33:00,35.2
2025-06-12 15:51:00,71.0
2025-06-12 20:46:00,7.6
2025-06-12 05:59:00,50.037891637220255
2025-06-12 06:16:00,68.7
2025-06-12 11:10:00,52.4
2025-06-12 23:49:00,12.9
2025-06-12 09:15:00,39.0
2025-06-12 16:44:00,16.8
2025-06-12 07:26:00,76.1
2025-06-12 02:09:00,34.7
2025-06-12 04:13:00,7.5
2025-06-12 17:34:00,80.1
2025-06-12 09:38:00,46.1
2025-06-12 10:39:00,35.9
2025-06-12 15:14:00,16.2
2025-06-12 03:31:00,21.4
2025-06-12 13:45:00,65.5
2025-06-12 09:31:00,5.5
2025-06-12 15:31:00,19.3
2025-06-12 01:55:00,68.4
2025-06-12 16:40:00,46.5
2025-06-12 03:34:00,81.5
2025-06-12 01:43:00,50.037891637220255
2025-06-12 03:45:00,50.037891637220255
2025-06-12 02:50:00,70.2
2025-06-12 15:27:00,75.1
2025-06-12 13:57:00,53.9
2025-06-12 22:26:00,42.6
2025-06-12 11:01:00,18.7
2025-06-12 10:40:00,80.6
2025-06-12 01:42:00,56.9
2025-06-12 19:38:00,99.1
2025-06-12 07:14:00,72.7
2025-06-12 03:56:00,91.5
2025-06-12 06:21:00,81.2
2025-06-12 14:04:00,95.1
2025-06-12 05:41:00,93.3
2025-06-12 21:39:00,48.9
2025-06-12 18:46:00,42.8
2025-06-12 14:57:00,50.037891637220255
2025-06-12 18:10:00,14.1
2025-06-12 18:39:00,42.4
2025-06-12 04:34:00,90.0
2025-06-12 13:08:00,14.4
2025-06-12 01:26:00,51.0
2025-06-12 05:46:00,26.0
2025-06-12 23:41:00,50.037891637220255
2025-06-12 13:01:00,93.6
2025-06-12 04:45:00,82.5
2025-06-12 16:47:00,50.037891637220255
2025-06-12 12:02:00,73.0
2025-06-12 22:28:00,76.4
2025-06-12 05:37:00,50.037891637220255
2025-06-12 09:37:00,28.9
2025-06-12 06:22:00,47.8
2025-06-12 09:30:00,93.2
2025-06-12 03:48:00,1.7
2025-06-12 11:46:00,84.7
2025-06-12 12:43:00,28.6
2025-06-12 12:20:00,33.5
2025-06-12 21:44:00,20.3
2025-06-12 22:36:00,9.2
2025-06-12 08:14:00,15.8
2025-06-12 15:38:00,81.4
2025-06-12 01:53:00,0.8
2025-06-12 15:43:00,81.5
2025-06-12 06:46:00,38.5
2025-06-12 00:26:00,12.9
2025-06-12 10:50:00,43.8
2025-06-12 03:25:00,68.4
2025-06-12 21:52:00,69.5
2025-06-12 11:07:00,50.037891637220255
2025-06-12 09:45:00,56.9
2025-06-12 09:36:00,95.0
2025-06-12 09:52:00,26.4
2025-06-12 01:58:00,61.7
2025-06-12 06:08:00,68.3
2025-06-12 07:59:00,50.0
2025-06-12 10:06:00,98.1
2025-06-12 15:22:00,17.3
2025-06-12 04:59:00,56.7
2025-06-12 18:49:00,60.8
2025-06-12 23:20:00,6.1
2025-06-12 04:58:00,84.6
2025-06-12 00:20:00,10.6
2025-06-12 15:10:00,50.037891637220255
2025-06-12 16:30:00,64.9
2025-06-12 19:21:00,12.4
2025-06-12 05:49:00,4.8
2025-06-12 14:08:00,76.0
2025-06-12 16:43:00,65.7
2025-06-12 07:51:00,50.037891637220255
2025-06-12 08:39:00,50.037891637220255
2025-06-12 22:39:00,15.8
2025-06-12 04:35:00,70.9
2025-06-12 15:04:00,85.7
2025-06-12 02:30:00,59.8
2025-06-12 03:39:00,52.8
2025-06-12 15:59:00,37.9
2025-06-12 08:54:00,84.2
2025-06-12 02:26:00,26.1
2025-06-12 19:22:00,39.9
2025-06-12 02:42:00,69.4
2025-06-12 02:17:00,50.037891637220255
2025-06-12 04:16:00,56.5
2025-06-12 17:59:00,35.5
2025-06-12 10:16:00,12.8
2025-06-12 03:57:00,50.037891637220255
2025-06-12 13:06:00,85.8
2025-06-12 17:10:00,93.3
2025-06-12 15:15:00,82.7
2025-06-12 22:17:00,0.6
2025-06-12 18:53:00,19.7
2025-06-12 15:09:00,73.8
2025-06-12 03:41:00,26.0
2025-06-12 21:21:00,87.4
2025-06-12 08:50:00,50.037891637220255
2025-06-12 13:09:00,90.1
2025-06-12 14:28:00,3.8
2025-06-12 16:37:00,78.7
2025-06-12 21:19:00,15.1
2025-06-12 15:47:00,47.3
2025-06-12 03:44:00,60.3
2025-06-12 08:43:00,93.3
2025-06-12 16:53:00,68.4
2025-06-12 03:01:00,61.8
2025-06-12 19:53:00,44.1
2025-06-12 05:47:00,46.1
2025-06-12 10:44:00,50.037891637220255
2025-06-12 08:00:00,1.7
2025-06-12 07:12:00,50.037891637220255
2025-06-12 19:27:00,17.5
2025-06-12 20:08:00,50.037891637220255
2025-06-12 22:00:00,72.6
2025-06-12 00:45:00,78.2
2025-06-12 21:33:00,81.2
2025-06-12 00:28:00,14.4
2025-06-12 16:00:00,17.1
2025-06-12 16:50:00,50.037891637220255
2025-06-12 09:24:00,50.037891637220255
2025-06-12 18:50:00,37.6
2025-06-12 16:16:00,30.7
2025-06-12 06:33:00,41.0
2025-06-12 23:40:00,42.0
2025-06-12 13:37:00,42.9
2025-06-12 18:45:00,30.9
2025-06-12 20:41:00,75.0
2025-06-12 18:34:00,78.4
2025-06-12 06:41:00,41.7
2025-06-12 06:52:00,42.9
2025-06-12 22:21:00,20.1
2025-06-12 07:18:00,12.1
2025-06-12 13:30:00,84.3
2025-06-12 07:32:00,54.4
2025-06-12 13:58:00,1.8
2025-06-12 05:01:00,8.7
2025-06-12 07:21:00,96.2
2025-06-12 06:15:00,62.3
2025-06-12 04:56:00,15.7
2025-06-12 19:13:00,89.8
2025-06-12 01:45:00,40.9
2025-06-12 05:45:00,88.4
2025-06-12 23:22:00,28.2
2025-06-12 17:48:00,72.6
2025-06-12 14:11:00,1.3
2025-06-12 09:13:00,99.3
2025-06-12 10:57:00,23.3
2025-06-12 05:30:00,41.4
2025-06-12 00:59:00,63.7
2025-06-12 17:33:00,50.037891637220255
2025-06-12 08:17:00,49.0
2025-06-12 04:43:00,25.6
2025-06-12 06:32:00,39.5
2025-06-12 17:46:00,62.6
2025-06-12 21:35:00,96.0
2025-06-12 06:58:00,21.3
2025-06-12 10:47:00,79.6
2025-06-12 10:07:00,48.7
2025-06-12 07:10:00,50.037891637220255
2025-06-12 11:41:00,50.037891637220255
2025-06-12 21:12:00,21.0
2025-06-12 21:49:00,5.1
2025-06-12 02:07:00,50.037891637220255
2025-06-12 13:14:00,3.8
2025-06-12 04:49:00,2.7
2025-06-12 19:20:00,99.8
2025-06-12 15:22:00,2.5
2025-06-12 06:53:00,32.2
2025-06-12 15:57:00,43.0
2025-06-12 03:01:00,43.7
2025-06-12 01:32:00,22.1
2025-06-12 02:29:00,21.4
2025-06-12 17:48:00,43.2
2025-06-12 20:21:00,50.60542317173377
2025-06-12 11:54:00,93.9
2025-06-12 08:13:00,98.6
2025-06-12 06:23:00,60.1
2025-06-12 10:33:00,79.7
2025-06-12 19:48:00,50.60542317173377
2025-06-12 03:27:00,1.0
2025-06-12 21:50:00,50.60542317173377
2025-06-12 03:14:00,89.5
2025-06-12 10:19:00,86.2
2025-06-12 12:49:00,42.8
2025-06-12 21:13:00,32.9
2025-06-12 09:21:00,2.9
2025-06-12 11:18:00,50.60542317173377
2025-06-12 10:42:00,82.5
2025-06-12 11:32:00,20.9
2025-06-12 10:49:00,4.9
2025-06-12 00:04:00,74.9
2025-06-12 02:51:00,21.1
2025-06-12 06:04:00,62.1
2025-06-12 16:23:00,11.2
2025-06-12 20:33:00,64.6
2025-06-12 19:09:00,3.2
2025-06-12 11:03:00,67.0
2025-06-12 22:54:00,78.4
2025-06-12 12:03:00,50.60542317173377
2025-06-12 17:27:00,50.60542317173377
2025-06-12 00:46:00,96.1
2025-06-12 10:46:00,19.3
2025-06-12 10:05:00,50.60542317173377
2025-06-12 17:26:00,18.2
2025-06-12 10:09:00,80.7
2025-06-12 11:19:00,63.1
2025-06-12 23:54:00,67.3
2025-06-12 19:45:00,45.9
2025-06-12 05:46:00,50.60542317173377
2025-06-12 02:09:00,65.1
2025-06-12 23:09:00,35.1
2025-06-12 00:39:00,96.7
2025-06-12 19:37:00,50.60542317173377
2025-06-12 07:57:00,67.5
2025-06-12 07:55:00,82.3
2025-06-12 11:25:00,50.60542317173377
2025-06-12 14:41:00,3.7
2025-06-12 09:13:00,59.9
2025-06-12 12:28:00,86.4
2025-06-12 10:38:00,40.3
2025-06-12 08:58:00,27.7
2025-06-12 13:29:00,99.9
2025-06-12 19:38:00,3.0
2025-06-12 16:02:00,48.5
2025-06-12 06:48:00,50.60542317173377
2025-06-12 23:21:00,12.2
2025-06-12 20:12:00,26.5
2025-06-12 06:45:00,96.3
2025-06-12 14:07:00,50.60542317173377
2025-06-12 08:31:00,54.9
2025-06-12 15:51:00,50.60542317173377
2025-06-12 23:38:00,84.8
2025-06-12 13:06:00,51.4
2025-06-12 20:42:00,71.9
2025-06-12 05:26:00,50.60542317173377
2025-06-12 21:01:00,37.9
2025-06-12 16:12:00,35.2
2025-06-12 05:52:00,14.4
2025-06-12 20:35:00,76.4
2025-06-12 19:07:00,27.4
2025-06-12 10:51:00,45.2
2025-06-12 15:41:00,32.0
2025-06-12 12:34:00,48.2
2025-06-12 11:02:00,59.1
2025-06-12 18:43:00,50.60542317173377
2025-06-12 18:53:00,99.0
2025-06-12 16:55:00,27.6
2025-06-12 22:27:00,17.8
2025-06-12 14:16:00,76.3
2025-06-12 06:38:00,50.60542317173377
2025-06-12 05:09:00,53.1
2025-06-12 13:08:00,46.3
2025-06-12 21:41:00,30.4
2025-06-12 23:27:00,79.3
2025-06-12 19:03:00,85.9
2025-06-12 21:49:00,39.1
2025-06-12 07:45:00,76.2
2025-06-12 09:48:00,64.8
2025-06-12 22:28:00,97.4
2025-06-12 07:35:00,50.60542317173377
2025-06-12 19:36:00,56.8
2025-06-12 08:38:00,57.8
2025-06-12 18:06:00,74.6
2025-06-12 10:48:00,2.8
2025-06-12 11:51:00,10.5
2025-06-12 06:00:00,50.60542317173377
2025-06-12 18:34:00,28.6
2025-06-12 07:03:00,57.6
2025-06-12 10:00:00,88.7
2025-06-12 21:51:00,16.5
2025-06-12 00:18:00,51.3
2025-06-12 14:51:00,38.4
2025-06-12 11:08:00,53.7
2025-06-12 00:35:00,84.9
2025-06-12 17:20:00,9.7
2025-06-12 04:53:00,58.7
2025-06-12 13:16:00,9.1
2025-06-12 02:26:00,15.4
2025-06-12 09:23:00,30.9
2025-06-12 21:48:00,62.6
2025-06-12 11:57:00,79.4
2025-06-12 21:55:00,17.9
2025-06-12 14:43:00,50.60542317173377
2025-06-12 09:04:00,73.9
2025-06-12 22:05:00,28.6
2025-06-12 02:00:00,71.3
2025-06-12 18:09:00,25.0
2025-06-12 18:46:00,50.60542317173377
2025-06-12 18:35:00,63.5
2025-06-12 13:03:00,84.6
2025-06-12 22:09:00,75.4
2025-06-12 21:30:00,3.3
2025-06-12 07:32:00,50.60542317173377
2025-06-12 02:30:00,6.7
2025-06-12 17:51:00,64.9
2025-06-12 21:45:00,65.5
2025-06-12 10:34:00,95.9
2025-06-12 01:45:00,80.4
2025-06-12 09:49:00,8.2
2025-06-12 17:23:00,84.1
2025-06-12 11:41:00,62.5
2025-06-12 21:18:00,1.0
2025-06-12 04:28:00,11.9
2025-06-12 23:26:00,50.60542317173377
2025-06-12 11:05:00,29.4
2025-06-12 04:38:00,74.8
2025-06-12 12:29:00,74.1
2025-06-12 09:54:00,50.60542317173377
2025-06-12 02:23:00,60.7
2025-06-12 13:32:00,50.60542317173377
2025-06-12 22:03:00,34.2
2025-06-12 23:17:00,41.5
2025-06-12 17:36:00,76.8
2025-06-12 07:09:00,0.5
2025-06-12 18:03:00,35.3
2025-06-12 08:14:00,22.0
2025-06-12 08:52:00,25.5
2025-06-12 01:40:00,24.3
2025-06-12 08:57:00,94.3
2025-06-12 19:59:00,29.0
2025-06-12 00:58:00,93.3
2025-06-12 09:59:00,79.2
2025-06-12 21:35:00,83.8
2025-06-12 18:26:00,86.3
2025-06-12 17:52:00,39.6
2025-06-12 23:03:00,52.2
2025-06-12 09:08:00,17.4
2025-06-12 01:06:00,16.0
2025-06-12 18:02:00,47.5
2025-06-12 05:29:00,86.6
2025-06-12 14:27:00,54.7
2025-06-12 20:40:00,83.4
2025-06-12 08:42:00,32.3
2025-06-12 12:24:00,15.6
2025-06-12 21:22:00,53.3
2025-06-12 04:26:00,71.3
2025-06-12 18:50:00,48.5
2025-06-12 20:13:00,32.1
2025-06-12 10:18:00,50.60542317173377
2025-06-12 11:23:00,97.8
2025-06-12 04:24:00,64.0
2025-06-12 11:14:00,50.3
2025-06-12 21:57:00,27.2
2025-06-12 01:10:00,50.60542317173377
2025-06-12 12:50:00,57.2
2025-06-12 07:08:00,59.3
2025-06-12 10:07:00,50.60542317173377
2025-06-12 15:03:00,64.1
2025-06-12 23:18:00,14.8
2025-06-12 12:25:00,60.1
2025-06-12 21:16:00,44.8
2025-06-12 22:47:00,99.6
2025-06-12 05:05:00,27.4
2025-06-12 20:22:00,19.7
2025-06-12 18:00:00,36.5
2025-06-12 01:20:00,20.9
2025-06-12 22:50:00,84.1
2025-06-12 05:41:00,79.6
2025-06-12 20:44:00,32.7
2025-06-12 14:23:00,97.1
2025-06-12 10:27:00,68.4
2025-06-12 01:39:00,50.60542317173377
2025-06-12 00:26:00,61.5
2025-06-12 01:01:00,2.0
2025-06-12 05:19:00,86.0
2025-06-12 08:16:00,14.0
2025-06-12 22:01:00,95.3
2025-06-12 01:05:00,41.5
2025-06-12 15:19:00,91.0
2025-06-12 12:46:00,98.4
2025-06-12 17:13:00,1.4
2025-06-12 17:57:00,95.7
2025-06-12 16:44:00,7.2
2025-06-12 10:06:00,50.60542317173377
2025-06-12 16:29:00,19.2
2025-06-12 08:10:00,56.9
2025-06-12 07:12:00,58.6
2025-06-12 00:12:00,51.9
2025-06-12 19:17:00,94.8
2025-06-12 17:04:00,66.2
2025-06-12 04:50:00,94.9
2025-06-12 12:42:00,54.8
2025-06-12 14:31:00,56.5
2025-06-12 14:08:00,19.6
2025-06-12 19:46:00,75.8
2025-06-12 09:18:00,32.4
2025-06-12 03:30:00,44.3
2025-06-12 01:16:00,5.8
2025-06-12 03:28:00,96.5
2025-06-12 07:10:00,52.6
2025-06-12 14:11:00,77.5
2025-06-12 16:30:00,15.3
2025-06-12 07:56:00,50.60542317173377
2025-06-12 14:14:00,34.4
2025-06-12 07:36:00,31.8
2025-06-12 11:40:00,46.9
2025-06-12 09:10:00,70.6
2025-06-12 23:22:00,59.8
2025-06-12 04:13:00,9.5
2025-06-12 11:28:00,47.2
2025-06-12 04:33:00,50.60542317173377
2025-06-12 05:30:00,34.4
2025-06-12 04:23:00,35.0
2025-06-12 19:55:00,45.9
2025-06-12 07:21:00,21.5
2025-06-12 04:29:00,99.7
2025-06-12 18:39:00,93.9
2025-06-12 05:10:00,97.2
2025-06-12 01:56:00,80.7
2025-06-12 09:34:00,29.9
2025-06-12 17:35:00,0.9
2025-06-12 22:46:00,40.8
2025-06-12 05:45:00,35.5
2025-06-12 09:20:00,46.7
2025-06-12 03:16:00,27.4
2025-06-12 02:43:00,59.6
2025-06-12 00:49:00,50.60542317173377
2025-06-12 04:58:00,49.1
2025-06-12 19:29:00,47.0
2025-06-12 17:06:00,95.8
2025-06-12 11:52:00,23.1
2025-06-12 02:46:00,90.1
2025-06-12 13:20:00,98.4
2025-06-12 07:26:00,82.5
2025-06-12 13:41:00,7.6
2025-06-12 09:24:00,75.1
2025-06-12 20:48:00,35.1
2025-06-12 15:01:00,39.0
2025-06-12 21:46:00,52.3
2025-06-12 17:08:00,26.9
2025-06-12 07:52:00,58.2
2025-06-12 10:08:00,9.6
2025-06-12 11:22:00,50.60542317173377
2025-06-12 15:05:00,2.4
2025-06-12 02:52:00,15.8
2025-06-12 06:40:00,50.60542317173377
2025-06-12 06:10:00,59.3
2025-06-12 04:21:00,70.9
2025-06-12 23:36:00,50.60542317173377
2025-06-12 20:45:00,50.60542317173377
2025-06-12 12:19:00,50.60542317173377
2025-06-12 23:30:00,61.6
2025-06-12 04:15:00,25.5
2025-06-12 16:51:00,51.7
2025-06-12 23:12:00,52.7
2025-06-12 12:23:00,21.2
2025-06-12 13:48:00,16.0
2025-06-12 15:50:00,50.60542317173377
2025-06-12 00:45:00,77.9
2025-06-12 10:15:00,51.5
2025-06-12 02:28:00,15.5
2025-06-12 23:42:00,96.0
2025-06-12 10:04:00,50.60542317173377
2025-06-12 02:27:00,90.4
2025-06-12 22:30:00,41.0
2025-06-12 22:33:00,62.1
2025-06-12 15:25:00,81.0
2025-06-12 06:41:00,72.1
2025-06-12 13:37:00,88.8
2025-06-12 07:25:00,78.1
2025-06-12 05:31:00,20.7
2025-06-12 03:50:00,50.60542317173377
2025-06-12 16:18:00,20.9
2025-06-12 03:39:00,53.8
2025-06-12 11:31:00,90.7
2025-06-12 12:32:00,98.0
2025-06-12 07:47:00,3.1
2025-06-12 22:11:00,49.2
2025-06-12 18:18:00,93.0
2025-06-12 04:19:00,85.5
2025-06-12 21:28:00,65.6
2025-06-12 19:40:00,40.8
2025-06-12 18:27:00,50.60542317173377
2025-06-12 22:48:00,50.60542317173377
2025-06-12 08:30:00,50.60542317173377
2025-06-12 10:17:00,44.9
2025-06-12 07:27:00,65.2
2025-06-12 13:23:00,47.7
2025-06-12 16:39:00,90.4
2025-06-12 13:28:00,87.3
2025-06-12 21:00:00,4.1
2025-06-12 06:27:00,50.60542317173377
2025-06-12 14:36:00,0.8
2025-06-12 06:11:00,25.2
2025-06-12 08:17:00,50.4
2025-06-12 09:14:00,53.1
2025-06-12 22:12:00,79.9
2025-06-12 21:53:00,72.6
2025-06-12 04:12:00,14.6
2025-06-12 00:56:00,78.8
2025-06-12 05:04:00,91.3
2025-06-12 05:53:00,98.0
2025-06-12 23:16:00,12.2
2025-06-12 03:00:00,93.6
2025-06-12 14:28:00,58.7
2025-06-12 13:31:00,3.5
2025-06-12 01:47:00,52.4
2025-06-12 11:45:00,5.7
2025-06-12 20:18:00,76.8
2025-06-12 17:41:00,54.2
2025-06-12 14:25:00,31.9
2025-06-12 19:24:00,74.5
2025-06-12 13:36:00,29.7
2025-06-12 23:07:00,34.1
2025-06-12 01:55:00,28.5
2025-06-12 15:52:00,6.9
2025-06-12 00:29:00,14.3
2025-06-12 09:47:00,99.5
2025-06-12 17:40:00,53.3
2025-06-12 22:42:00,49.935598591549294
2025-06-12 19:07:00,49.935598591549294
2025-06-12 11:13:00,59.3
2025-06-12 23:13:00,49.935598591549294
2025-06-12 16:13:00,15.1
2025-06-12 06:21:00,49.935598591549294
2025-06-12 10:49:00,13.5
2025-06-12 02:35:00,6.2
2025-06-12 03:42:00,49.935598591549294
2025-06-12 15:10:00,30.2
2025-06-12 10:25:00,86.9
2025-06-12 23:28:00,66.1
2025-06-12 12:29:00,60.6
2025-06-12 04:44:00,76.1
2025-06-12 03:35:00,49.935598591549294
2025-06-12 01:11:00,0.7
2025-06-12 09:27:00,64.7
2025-06-12 19:51:00,59.0
2025-06-12 12:06:00,6.2
2025-06-12 11:27:00,10.1
2025-06-12 04:26:00,1.9
2025-06-12 14:42:00,3.5
2025-06-12 20:26:00,75.0
2025-06-12 14:56:00,94.4
2025-06-12 17:13:00,5.5
2025-06-12 16:52:00,49.935598591549294
2025-06-12 22:01:00,98.2
2025-06-12 08:02:00,1.3
2025-06-12 23:58:00,61.8
2025-06-12 03:22:00,35.4
2025-06-12 04:37:00,49.935598591549294
2025-06-12 06:49:00,14.6
2025-06-12 02:23:00,42.6
2025-06-12 14:58:00,87.4
2025-06-12 06:00:00,74.3
2025-06-12 22:46:00,9.1
2025-06-12 12:33:00,96.3
2025-06-12 21:04:00,69.5
2025-06-12 18:12:00,98.0
2025-06-12 15:23:00,21.2
2025-06-12 04:00:00,65.4
2025-06-12 06:38:00,51.2
2025-06-12 19:04:00,44.1
2025-06-12 19:11:00,69.0
2025-06-12 00:03:00,25.7
2025-06-12 15:22:00,63.8
2025-06-12 09:59:00,47.2
2025-06-12 20:21:00,85.5
2025-06-12 07:57:00,67.5
2025-06-12 12:01:00,20.4
2025-06-12 10:08:00,10.3
2025-06-12 02:41:00,7.1
2025-06-12 09:15:00,64.7
2025-06-12 07:38:00,15.9
2025-06-12 07:04:00,92.3
2025-06-12 20:38:00,49.935598591549294
2025-06-12 06:57:00,49.935598591549294
2025-06-12 16:38:00,86.1
2025-06-12 00:06:00,4.1
2025-06-12 20:01:00,3.4
2025-06-12 06:11:00,30.9
2025-06-12 15:02:00,6.1
2025-06-12 03:21:00,66.0
2025-06-12 11:23:00,63.9
2025-06-12 17:27:00,24.6
2025-06-12 22:13:00,79.1
2025-06-12 18:03:00,45.2
2025-06-12 15:39:00,66.0
2025-06-12 01:38:00,17.0
2025-06-12 20:25:00,41.0
2025-06-12 10:03:00,86.4
2025-06-12 13:01:00,35.7
2025-06-12 01:00:00,52.6
2025-06-12 09:26:00,59.0
2025-06-12 04:16:00,74.5
2025-06-12 07:53:00,78.0
2025-06-12 23:20:00,72.1
2025-06-12 21:23:00,49.935598591549294
2025-06-12 05:45:00,49.935598591549294
2025-06-12 12:00:00,29.8
2025-06-12 15:00:00,49.935598591549294
2025-06-12 17:28:00,66.7
2025-06-12 03:01:00,76.9
2025-06-12 10:21:00,45.3
2025-06-12 07:43:00,49.935598591549294
2025-06-12 00:32:00,69.1
2025-06-12 11:33:00,11.0
2025-06-12 04:32:00,23.7
2025-06-12 08:13:00,68.1
2025-06-12 00:25:00,100.0
2025-06-12 18:30:00,56.3
2025-06-12 03:45:00,20.4
2025-06-12 08:08:00,39.2
2025-06-12 06:25:00,0.6
2025-06-12 09:51:00,27.6
2025-06-12 13:05:00,18.0
2025-06-12 02:15:00,86.0
2025-06-12 09:30:00,34.8
2025-06-12 09:43:00,50.4
2025-06-12 17:39:00,8.3
2025-06-12 15:12:00,42.1
2025-06-12 21:15:00,49.935598591549294
2025-06-12 20:04:00,49.935598591549294
2025-06-12 05:51:00,73.1
2025-06-12 11:11:00,76.1
2025-06-12 13:04:00,75.4
2025-06-12 22:56:00,91.8
2025-06-12 20:10:00,94.3
2025-06-12 17:55:00,18.9
2025-06-12 23:31:00,61.1
2025-06-12 08:22:00,57.0
2025-06-12 16:26:00,5.1
2025-06-12 05:28:00,43.7
2025-06-12 00:57:00,49.935598591549294
2025-06-12 09:45:00,14.6
2025-06-12 04:29:00,49.935598591549294
2025-06-12 10:46:00,6.3
2025-06-12 23:27:00,38.3
2025-06-12 23:10:00,32.5
2025-06-12 01:56:00,49.935598591549294
2025-06-12 17:33:00,40.3
2025-06-12 09:37:00,30.5
2025-06-12 13:09:00,90.3
2025-06-12 07:55:00,7.0
2025-06-12 05:20:00,68.2
2025-06-12 04:25:00,27.9
2025-06-12 02:29:00,14.9
2025-06-12 14:34:00,2.0
2025-06-12 09:12:00,94.4
2025-06-12 09:13:00,28.2
2025-06-12 19:32:00,83.9
2025-06-12 03:02:00,49.935598591549294
2025-06-12 14:40:00,89.6
2025-06-12 12:10:00,4.8
2025-06-12 10:50:00,95.4
2025-06-12 00:45:00,39.4
2025-06-12 04:20:00,44.7
2025-06-12 18:10:00,52.3
2025-06-12 05:59:00,88.5
2025-06-12 23:00:00,41.3
2025-06-12 13:59:00,30.9
2025-06-12 18:47:00,57.8
2025-06-12 15:38:00,71.9
2025-06-12 00:42:00,8.7
2025-06-12 13:41:00,45.1
2025-06-12 18:16:00,55.5
2025-06-12 21:34:00,65.8
2025-06-12 15:51:00,79.2
2025-06-12 11:57:00,40.1
2025-06-12 08:41:00,99.3
2025-06-12 19:45:00,45.3
2025-06-12 03:30:00,55.5
2025-06-12 21:53:00,68.2
2025-06-12 11:01:00,28.8
2025-06-12 13:15:00,89.4
2025-06-12 11:35:00,49.6
2025-06-12 04:13:00,54.9
2025-06-12 03:33:00,89.0
2025-06-12 14:48:00,81.4
2025-06-12 23:26:00,10.9
2025-06-12 00:37:00,49.935598591549294
2025-06-12 21:48:00,26.3
2025-06-12 11:28:00,49.935598591549294
2025-06-12 22:52:00,23.8
2025-06-12 00:38:00,99.7
2025-06-12 09:54:00,83.7
2025-06-12 04:34:00,58.1
2025-06-12 13:30:00,35.3
2025-06-12 19:09:00,32.7
2025-06-12 23:35:00,63.6
2025-06-12 04:03:00,49.935598591549294
2025-06-12 15:36:00,24.9
2025-06-12 01:41:00,33.6
2025-06-12 04:50:00,41.1
2025-06-12 01:03:00,66.8
2025-06-12 12:23:00,16.8
2025-06-12 01:04:00,85.2
2025-06-12 14:18:00,19.9
2025-06-12 09:34:00,49.935598591549294
2025-06-12 23:09:00,88.9
2025-06-12 03:39:00,26.9
2025-06-12 19:30:00,50.0
2025-06-12 06:09:00,31.4
2025-06-12 13:20:00,32.2
2025-06-12 07:27:00,82.7
2025-06-12 06:39:00,51.9
2025-06-12 17:06:00,49.935598591549294
2025-06-12 19:37:00,49.935598591549294
2025-06-12 16:35:00,88.9
2025-06-12 22:25:00,75.3
2025-06-12 08:49:00,24.5
2025-06-12 01:27:00,82.6
2025-06-12 15:09:00,93.0
2025-06-12 23:07:00,1.9
2025-06-12 20:12:00,34.4
2025-06-12 10:18:00,99.0
2025-06-12 18:51:00,52.9
2025-06-12 23:17:00,5.1
2025-06-12 21:57:00,60.2
2025-06-12 07:00:00,49.935598591549294
2025-06-12 10:23:00,81.0
2025-06-12 20:31:00,67.3
2025-06-12 14:39:00,66.1
2025-06-12 02:44:00,49.8
2025-06-12 13:54:00,10.1
2025-06-12 11:00:00,49.935598591549294
2025-06-12 12:52:00,21.3
2025-06-12 00:43:00,75.0
2025-06-12 12:31:00,49.935598591549294
2025-06-12 09:46:00,49.935598591549294
2025-06-12 06:12:00,42.5
2025-06-12 15:04:00,46.1
2025-06-12 23:36:00,19.3
2025-06-12 14:19:00,49.935598591549294
2025-06-12 05:42:00,85.1
2025-06-12 17:32:00,46.7
2025-06-12 21:37:00,47.3
2025-06-12 09:48:00,65.8
2025-06-12 08:21:00,63.8
2025-06-12 10:06:00,49.935598591549294
2025-06-12 02:07:00,39.5
2025-06-12 09:38:00,99.7
2025-06-12 15:56:00,49.935598591549294
2025-06-12 18:50:00,64.8
2025-06-12 03:44:00,56.7
2025-06-12 01:42:00,64.7
2025-06-12 20:52:00,30.2
2025-06-12 21:13:00,2.5
2025-06-12 07:14:00,99.8
2025-06-12 05:50:00,30.2
2025-06-12 09:19:00,85.4
2025-06-12 18:23:00,20.8
2025-06-12 07:22:00,94.5
2025-06-12 02:14:00,19.5
2025-06-12 11:04:00,25.1
2025-06-12 13:55:00,4.0
2025-06-12 14:06:00,49.935598591549294
2025-06-12 06:50:00,49.935598591549294
2025-06-12 08:56:00,45.0
2025-06-12 04:43:00,68.2
2025-06-12 00:04:00,95.6
2025-06-12 11:59:00,76.9
2025-06-12 05:43:00,38.1
2025-06-12 07:24:00,49.935598591549294
2025-06-12 14:35:00,49.935598591549294
2025-06-12 06:52:00,59.1
2025-06-12 10:17:00,82.4
2025-06-12 01:52:00,19.6
2025-06-12 00:51:00,49.935598591549294
2025-06-12 17:49:00,95.9
2025-06-12 14:15:00,92.6
2025-06-12 09:49:00,9.2
2025-06-12 23:24:00,13.1
2025-06-12 06:06:00,86.4
2025-06-12 23:46:00,49.935598591549294
2025-06-12 19:40:00,13.6
2025-06-12 01:17:00,11.5
2025-06-12 16:12:00,91.6
2025-06-12 11:58:00,51.1
2025-06-12 07:23:00,6.0
2025-06-12 02:54:00,90.3
2025-06-12 07:47:00,78.2
2025-06-12 16:58:00,34.5
2025-06-12 06:10:00,88.9
2025-06-12 10:28:00,76.3
2025-06-12 03:55:00,37.4
2025-06-12 04:14:00,24.9
2025-06-12 22:54:00,49.935598591549294
2025-06-12 20:24:00,95.1
2025-06-12 21:27:00,38.8
2025-06-12 04:58:00,51.7
2025-06-12 20:13:00,18.5
2025-06-12 11:16:00,57.8
2025-06-12 15:49:00,60.1
2025-06-12 21:49:00,22.6
2025-06-12 17:15:00,49.935598591549294
2025-06-12 14:22:00,65.6
2025-06-12 13:13:00,25.4
2025-06-12 15:17:00,49.935598591549294
2025-06-12 16:33:00,94.7
2025-06-12 13:02:00,87.2
2025-06-12 04:54:00,26.1
2025-06-12 21:08:00,17.8
2025-06-12 20:33:00,43.9
2025-06-12 00:47:00,69.6
2025-06-12 02:48:00,69.7
2025-06-12 01:21:00,53.7
2025-06-12 13:08:00,51.7
2025-06-12 23:25:00,90.5
2025-06-12 05:38:00,62.8
2025-06-12 17:47:00,38.0
2025-06-12 19:16:00,9.5
2025-06-12 08:40:00,81.1
2025-06-12 21:19:00,24.9
2025-06-12 06:33:00,54.3
2025-06-12 18:46:00,78.9
2025-06-12 22:17:00,96.4
2025-06-12 20:36:00,75.6
2025-06-12 00:49:00,69.1
2025-06-12 04:46:00,42.5
2025-06-12 04:01:00,38.2
2025-06-12 01:58:00,5.0
2025-06-12 19:17:00,57.4
2025-06-12 11:40:00,49.935598591549294
2025-06-12 14:57:00,6.7
2025-06-12 16:19:00,5.7
2025-06-12 21:41:00,61.9
2025-06-12 20:14:00,93.3
2025-06-12 17:54:00,34.7
2025-06-12 07:42:00,66.1
2025-06-12 15:54:00,28.2
2025-06-12 09:13:00,65.5
2025-06-12 02:11:00,51.0
2025-06-12 15:52:00,32.0
2025-06-12 08:57:00,85.9
2025-06-12 09:20:00,67.7
2025-06-12 03:04:00,12.2
2025-06-12 10:21:00,49.740225962104276
2025-06-12 17:29:00,3.2
2025-06-12 22:22:00,70.6
2025-06-12 00:20:00,49.740225962104276
2025-06-12 00:57:00,4.4
2025-06-12 13:05:00,19.1
2025-06-12 17:50:00,96.0
2025-06-12 19:46:00,88.6
2025-06-12 13:03:00,73.9
2025-06-12 19:51:00,49.740225962104276
2025-06-12 03:13:00,47.7
2025-06-12 11:01:00,72.1
2025-06-12 15:16:00,49.740225962104276
2025-06-12 22:04:00,76.6
2025-06-12 10:12:00,86.8
2025-06-12 10:01:00,96.2
2025-06-12 12:14:00,26.7
2025-06-12 08:51:00,49.740225962104276
2025-06-12 09:35:00,40.8
2025-06-12 00:46:00,84.7
2025-06-12 15:12:00,32.1
2025-06-12 06:17:00,13.4
2025-06-12 11:40:00,49.740225962104276
2025-06-12 03:25:00,85.9
2025-06-12 14:09:00,33.7
2025-06-12 18:27:00,32.2
2025-06-12 20:53:00,49.740225962104276
2025-06-12 16:05:00,49.740225962104276
2025-06-12 05:13:00,40.1
2025-06-12 22:44:00,59.4
2025-06-12 00:29:00,70.2
2025-06-12 06:19:00,94.6
2025-06-12 07:34:00,77.1
2025-06-12 00:07:00,96.0
2025-06-12 04:58:00,19.5
2025-06-12 03:34:00,63.4
2025-06-12 19:15:00,70.8
2025-06-12 21:58:00,49.740225962104276
2025-06-12 13:57:00,66.8
2025-06-12 08:10:00,49.740225962104276
2025-06-12 21:46:00,97.7
2025-06-12 21:51:00,51.1
2025-06-12 18:08:00,55.2
2025-06-12 05:03:00,12.3
2025-06-12 20:10:00,64.2
2025-06-12 04:17:00,62.0
2025-06-12 07:04:00,1.8
2025-06-12 00:43:00,94.1
2025-06-12 04:31:00,32.5
2025-06-12 16:22:00,60.7
2025-06-12 19:20:00,11.9
2025-06-12 19:36:00,85.4
2025-06-12 13:11:00,21.3
2025-06-12 07:36:00,3.8
2025-06-12 09:08:00,49.740225962104276
2025-06-12 00:42:00,62.0
2025-06-12 07:23:00,9.2
2025-06-12 01:40:00,66.5
2025-06-12 20:35:00,89.6
2025-06-12 03:39:00,41.2
2025-06-12 20:19:00,2.7
2025-06-12 09:17:00,49.740225962104276
2025-06-12 09:43:00,49.740225962104276
2025-06-12 15:47:00,89.0
2025-06-12 14:13:00,50.9
2025-06-12 06:22:00,49.740225962104276
2025-06-12 18:18:00,95.4
2025-06-12 01:41:00,12.6
2025-06-12 21:04:00,98.8
2025-06-12 04:44:00,47.3
2025-06-12 12:06:00,49.740225962104276
2025-06-12 08:42:00,34.5
2025-06-12 03:07:00,33.7
2025-06-12 15:55:00,9.7
2025-06-12 12:58:00,49.740225962104276
2025-06-12 22:46:00,49.740225962104276
2025-06-12 15:45:00,27.0
2025-06-12 06:11:00,7.0
2025-06-12 17:04:00,61.3
2025-06-12 09:27:00,40.1
2025-06-12 13:36:00,81.2
2025-06-12 00:52:00,73.1
2025-06-12 11:35:00,87.6
2025-06-12 04:07:00,24.7
2025-06-12 11:39:00,77.5
2025-06-12 15:06:00,83.6
2025-06-12 01:32:00,44.3
2025-06-12 13:20:00,74.7
2025-06-12 17:41:00,35.9
2025-06-12 20:24:00,33.1
2025-06-12 12:13:00,75.6
2025-06-12 09:30:00,9.9
2025-06-12 16:19:00,49.740225962104276
2025-06-12 12:44:00,49.740225962104276
2025-06-12 15:07:00,2.5
2025-06-12 19:56:00,30.7
2025-06-12 09:21:00,10.1
2025-06-12 01:43:00,54.0
2025-06-12 00:33:00,9.9
2025-06-12 20:18:00,49.740225962104276
2025-06-12 21:27:00,16.8
2025-06-12 14:43:00,49.740225962104276
2025-06-12 11:25:00,3.7
2025-06-12 11:13:00,79.6
2025-06-12 05:55:00,79.7
2025-06-12 09:01:00,97.9
2025-06-12 11:15:00,90.7
2025-06-12 13:43:00,37.9
2025-06-12 13:27:00,49.740225962104276
2025-06-12 17:02:00,48.9
2025-06-12 19:39:00,21.8
2025-06-12 06:38:00,40.4
2025-06-12 02:23:00,49.740225962104276
2025-06-12 22:48:00,97.5
2025-06-12 00:32:00,51.5
2025-06-12 07:56:00,55.8
2025-06-12 15:59:00,87.6
2025-06-12 22:30:00,33.4
2025-06-12 08:40:00,61.2
2025-06-12 10:25:00,45.5
2025-06-12 14:00:00,65.6
2025-06-12 03:31:00,78.7
2025-06-12 11:42:00,2.0
2025-06-12 01:38:00,84.5
2025-06-12 16:27:00,37.2
2025-06-12 13:10:00,89.4
2025-06-12 02:59:00,92.3
2025-06-12 19:16:00,43.4
2025-06-12 05:05:00,59.2
2025-06-12 10:43:00,49.740225962104276
2025-06-12 23:58:00,7.7
2025-06-12 09:55:00,76.0
2025-06-12 13:56:00,25.6
2025-06-12 22:10:00,93.7
2025-06-12 04:49:00,93.9
2025-06-12 02:35:00,49.740225962104276
2025-06-12 11:12:00,100.0
2025-06-12 23:39:00,15.3
2025-06-12 21:19:00,49.740225962104276
2025-06-12 21:54:00,52.8
2025-06-12 18:42:00,15.4
2025-06-12 14:04:00,49.740225962104276
2025-06-12 07:08:00,70.9
2025-06-12 20:07:00,98.7
2025-06-12 18:03:00,49.740225962104276
2025-06-12 23:15:00,41.5
2025-06-12 03:41:00,14.5
2025-06-12 16:55:00,41.4
2025-06-12 06:06:00,96.6
2025-06-12 12:32:00,33.8
2025-06-12 19:18:00,49.740225962104276
2025-06-12 10:07:00,85.5
2025-06-12 20:43:00,15.6
2025-06-12 06:14:00,21.7
2025-06-12 00:14:00,9.7
2025-06-12 17:44:00,32.7
2025-06-12 02:19:00,98.2
2025-06-12 00:01:00,49.740225962104276
2025-06-12 03:56:00,64.8
2025-06-12 23:18:00,34.7
2025-06-12 04:41:00,5.2
2025-06-12 15:50:00,84.5
2025-06-12 22:19:00,59.3
2025-06-12 16:35:00,26.8
2025-06-12 03:42:00,5.0
2025-06-12 04:01:00,34.4
2025-06-12 05:43:00,22.8
2025-06-12 15:41:00,13.2
2025-06-12 18:53:00,7.7
2025-06-12 08:14:00,82.0
2025-06-12 14:07:00,79.8
2025-06-12 06:05:00,17.8
2025-06-12 15:24:00,26.5
2025-06-12 04:18:00,80.5
2025-06-12 23:51:00,9.5
2025-06-12 14:42:00,49.740225962104276
2025-06-12 15:19:00,49.740225962104276
2025-06-12 03:21:00,25.7
2025-06-12 03:11:00,29.8
2025-06-12 20:37:00,11.0
2025-06-12 06:47:00,42.8
2025-06-12 05:41:00,73.4
2025-06-12 18:35:00,51.7
2025-06-12 21:18:00,3.5
2025-06-12 07:15:00,85.4
2025-06-12 22:49:00,88.2
2025-06-12 08:18:00,49.740225962104276
2025-06-12 08:54:00,5.7
2025-06-12 11:08:00,49.740225962104276
2025-06-12 06:21:00,49.740225962104276
2025-06-12 04:37:00,16.3
2025-06-12 17:37:00,5.1
2025-06-12 04:20:00,58.3
2025-06-12 10:46:00,36.3
2025-06-12 08:41:00,7.7
2025-06-12 09:04:00,49.740225962104276
2025-06-12 19:41:00,40.9
2025-06-12 01:48:00,38.9
2025-06-12 00:38:00,49.740225962104276
2025-06-12 23:38:00,65.0
2025-06-12 23:37:00,6.6
2025-06-12 15:18:00,89.8
2025-06-12 07:07:00,95.8
2025-06-12 03:46:00,37.3
2025-06-12 06:18:00,49.740225962104276
2025-06-12 18:07:00,38.4
2025-06-12 13:55:00,49.740225962104276
2025-06-12 20:08:00,96.8
2025-06-12 09:41:00,64.2
2025-06-12 08:26:00,49.740225962104276
2025-06-12 03:40:00,36.5
2025-06-12 08:11:00,76.5
2025-06-12 12:51:00,84.6
2025-06-12 23:19:00,62.8
2025-06-12 11:06:00,67.2
2025-06-12 01:28:00,71.4
2025-06-12 09:28:00,7.0
2025-06-12 18:19:00,5.5
2025-06-12 14:06:00,26.7
2025-06-12 10:59:00,33.9
2025-06-12 19:00:00,87.2
2025-06-12 06:59:00,8.4
2025-06-12 07:21:00,93.8
2025-06-12 18:09:00,63.9
2025-06-12 21:45:00,52.2
2025-06-12 03:19:00,65.6
2025-06-12 07:46:00,34.0
2025-06-12 09:42:00,22.2
2025-06-12 04:05:00,14.2
2025-06-12 04:12:00,84.1
2025-06-12 14:12:00,49.740225962104276
2025-06-12 12:08:00,49.740225962104276
2025-06-12 08:13:00,8.1
2025-06-12 02:09:00,78.1
2025-06-12 05:40:00,87.5
2025-06-12 04:06:00,14.5
2025-06-12 12:27:00,91.0
2025-06-12 14:31:00,53.1
2025-06-12 22:01:00,49.740225962104276
2025-06-12 17:42:00,87.0
2025-06-12 04:56:00,16.6
2025-06-12 16:21:00,23.9
2025-06-12 23:53:00,23.7
2025-06-12 02:00:00,14.2
2025-06-12 07:09:00,87.5
2025-06-12 08:47:00,73.1
2025-06-12 05:12:00,50.3
2025-06-12 21:55:00,0.1
2025-06-12 08:58:00,49.740225962104276
2025-06-12 17:36:00,10.9
2025-06-12 23:29:00,49.740225962104276
2025-06-12 19:27:00,16.3
2025-06-12 23:55:00,73.7
2025-06-12 12:24:00,18.0
2025-06-12 09:39:00,76.0
2025-06-12 19:49:00,25.0
2025-06-12 00:12:00,28.9
2025-06-12 15:03:00,1.8
2025-06-12 19:12:00,27.8
2025-06-12 00:47:00,89.5
2025-06-12 14:11:00,86.3
2025-06-12 02:10:00,52.6
2025-06-12 21:47:00,75.2
2025-06-12 03:50:00,14.2
2025-06-12 03:08:00,4.7
2025-06-12 10:42:00,50.9
2025-06-12 20:41:00,38.1
2025-06-12 13:51:00,19.6
2025-06-12 06:50:00,62.3
2025-06-12 07:41:00,76.2
2025-06-12 00:11:00,11.6
2025-06-12 04:48:00,29.2
2025-06-12 03:54:00,21.6
2025-06-12 20:55:00,94.1
2025-06-12 13:47:00,39.2
2025-06-12 15:38:00,67.4
2025-06-12 07:02:00,45.3
2025-06-12 07:57:00,49.740225962104276
2025-06-12 16:49:00,49.740225962104276
2025-06-12 23:24:00,20.7
2025-06-12 03:52:00,77.7
2025-06-12 04:14:00,59.7
2025-06-12 15:22:00,50.18838223164841
2025-06-12 13:59:00,71.6
2025-06-12 15:08:00,37.8
2025-06-12 12:32:00,1.9
2025-06-12 15:02:00,2.5
2025-06-12 20:43:00,51.0
2025-06-12 23:19:00,93.2
2025-06-12 06:54:00,50.18838223164841
2025-06-12 20:10:00,75.5
2025-06-12 12:18:00,98.5
2025-06-12 09:23:00,39.4
2025-06-12 03:59:00,50.18838223164841
2025-06-12 20:16:00,50.18838223164841
2025-06-12 06:00:00,89.1
2025-06-12 00:35:00,79.2
2025-06-12 17:36:00,51.3
2025-06-12 21:51:00,32.4
2025-06-12 03:33:00,65.7
2025-06-12 12:01:00,21.0
2025-06-12 04:07:00,66.3
2025-06-12 18:13:00,80.4
2025-06-12 06:12:00,26.9
2025-06-12 20:04:00,10.1
2025-06-12 18:23:00,58.9
2025-06-12 23:34:00,3.5
2025-06-12 09:16:00,70.7
2025-06-12 07:07:00,83.7
2025-06-12 11:16:00,30.8
2025-06-12 15:00:00,27.0
2025-06-12 09:53:00,50.18838223164841
2025-06-12 17:57:00,70.4
2025-06-12 13:00:00,99.9
2025-06-12 08:20:00,93.9
2025-06-12 19:11:00,14.5
2025-06-12 17:30:00,82.9
2025-06-12 23:59:00,72.1
2025-06-12 03:20:00,50.6
2025-06-12 16:29:00,69.6
2025-06-12 08:22:00,50.18838223164841
2025-06-12 01:33:00,50.18838223164841
2025-06-12 15:57:00,48.6
2025-06-12 20:28:00,50.18838223164841
2025-06-12 22:38:00,79.7
2025-06-12 15:29:00,57.9
2025-06-12 16:28:00,50.18838223164841
2025-06-12 13:27:00,81.3
2025-06-12 21:16:00,50.18838223164841
2025-06-12 13:37:00,83.8
2025-06-12 05:09:00,69.8
2025-06-12 13:45:00,50.18838223164841
2025-06-12 16:30:00,45.3
2025-06-12 20:15:00,63.7
2025-06-12 17:02:00,50.18838223164841
2025-06-12 03:50:00,72.4
2025-06-12 04:01:00,35.5
2025-06-12 18:27:00,13.2
2025-06-12 11:14:00,2.1
2025-06-12 08:07:00,69.3
2025-06-12 16:51:00,14.3
2025-06-12 11:04:00,58.8
2025-06-12 12:51:00,61.0
2025-06-12 11:27:00,11.0
2025-06-12 03:09:00,39.3
2025-06-12 20:55:00,50.18838223164841
2025-06-12 11:03:00,31.7
2025-06-12 21:38:00,66.7
2025-06-12 02:34:00,91.9
2025-06-12 02:19:00,19.7
2025-06-12 21:48:00,8.2
2025-06-12 12:07:00,50.18838223164841
2025-06-12 14:34:00,15.0
2025-06-12 21:44:00,5.8
2025-06-12 11:48:00,87.6
2025-06-12 10:24:00,42.7
2025-06-12 22:57:00,92.7
2025-06-12 10:07:00,23.4
2025-06-12 03:23:00,50.18838223164841
2025-06-12 16:52:00,22.3
2025-06-12 17:19:00,50.18838223164841
2025-06-12 16:41:00,56.3
2025-06-12 15:58:00,87.6
2025-06-12 12:52:00,83.6
2025-06-12 03:28:00,93.3
2025-06-12 15:38:00,97.8
2025-06-12 17:24:00,50.4
2025-06-12 20:09:00,61.7
2025-06-12 09:17:00,59.6
2025-06-12 18:58:00,20.6
2025-06-12 01:06:00,32.7
2025-06-12 21:09:00,91.4
2025-06-12 19:51:00,18.9
2025-06-12 22:52:00,71.0
2025-06-12 08:19:00,76.2
2025-06-12 15:55:00,25.5
2025-06-12 11:10:00,94.2
2025-06-12 02:42:00,42.8
2025-06-12 06:05:00,75.5
2025-06-12 07:06:00,99.9
2025-06-12 12:58:00,50.18838223164841
2025-06-12 02:17:00,83.7
2025-06-12 17:03:00,76.3
2025-06-12 17:27:00,1.8
2025-06-12 08:31:00,18.2
2025-06-12 08:28:00,2.1
2025-06-12 06:53:00,50.18838223164841
2025-06-12 20:11:00,21.7
2025-06-12 08:39:00,98.3
2025-06-12 13:51:00,18.5
2025-06-12 02:14:00,89.4
2025-06-12 09:46:00,40.2
2025-06-12 12:09:00,39.1
2025-06-12 04:38:00,2.5
2025-06-12 04:13:00,5.2
2025-06-12 01:16:00,29.7
2025-06-12 10:42:00,7.8
2025-06-12 21:32:00,74.6
2025-06-12 00:01:00,65.4
2025-06-12 15:14:00,72.0
2025-06-12 22:42:00,52.5
2025-06-12 02:22:00,81.9
2025-06-12 16:23:00,58.7
2025-06-12 16:15:00,50.18838223164841
2025-06-12 15:21:00,50.18838223164841
2025-06-12 15:10:00,50.18838223164841
2025-06-12 09:45:00,50.18838223164841
2025-06-12 12:48:00,21.0
2025-06-12 19:31:00,25.5
2025-06-12 19:33:00,58.9
2025-06-12 18:25:00,32.8
2025-06-12 23:54:00,75.8
2025-06-12 14:12:00,7.8
2025-06-12 17:31:00,50.18838223164841
2025-06-12 19:35:00,77.0
2025-06-12 00:36:00,22.6
2025-06-12 05:50:00,45.6
2025-06-12 18:51:00,3.0
2025-06-12 07:55:00,40.7
2025-06-12 17:11:00,8.9
2025-06-12 04:45:00,88.7
2025-06-12 02:28:00,73.2
2025-06-12 14:01:00,15.8
2025-06-12 22:44:00,93.3
2025-06-12 05:56:00,92.9
2025-06-12 01:02:00,59.3
2025-06-12 17:40:00,78.6
2025-06-12 17:20:00,2.4
2025-06-12 20:41:00,47.4
2025-06-12 00:42:00,50.18838223164841
2025-06-12 08:37:00,24.7
2025-06-12 06:44:00,33.8
2025-06-12 11:59:00,56.0
2025-06-12 17:52:00,44.1
2025-06-12 17:28:00,88.8
2025-06-12 13:20:00,5.3
2025-06-12 07:39:00,24.1
2025-06-12 08:45:00,31.2
2025-06-12 13:31:00,44.6
2025-06-12 19:37:00,73.8
2025-06-12 08:53:00,33.4
2025-06-12 02:45:00,82.6
2025-06-12 21:43:00,24.7
2025-06-12 01:27:00,70.9
2025-06-12 03:36:00,55.8
2025-06-12 06:13:00,50.18838223164841
2025-06-12 05:04:00,72.9
2025-06-12 07:21:00,11.6
2025-06-12 02:43:00,10.6
2025-06-12 12:44:00,98.0
2025-06-12 06:31:00,69.1
2025-06-12 08:41:00,94.2
2025-06-12 18:04:00,36.4
2025-06-12 00:14:00,47.6
2025-06-12 20:40:00,12.6
2025-06-12 14:41:00,47.8
2025-06-12 21:59:00,50.18838223164841
2025-06-12 19:25:00,2.0
2025-06-12 03:32:00,87.6
2025-06-12 01:47:00,31.6
2025-06-12 03:41:00,83.9
2025-06-12 13:08:00,22.9
2025-06-12 19:21:00,60.8
2025-06-12 02:04:00,68.2
2025-06-12 07:33:00,16.5
2025-06-12 05:23:00,51.3
2025-06-12 04:04:00,75.3
2025-06-12 12:25:00,10.2
2025-06-12 20:24:00,50.18838223164841
2025-06-12 12:39:00,5.9
2025-06-12 22:18:00,50.18838223164841
2025-06-12 06:32:00,50.18838223164841
2025-06-12 12:00:00,21.7
2025-06-12 10:22:00,67.7
2025-06-12 11:57:00,89.4
2025-06-12 03:24:00,2.1
2025-06-12 13:21:00,23.7
2025-06-12 23:11:00,53.0
2025-06-12 08:55:00,76.3
2025-06-12 14:04:00,12.3
2025-06-12 08:25:00,7.3
2025-06-12 10:34:00,50.18838223164841
2025-06-12 11:44:00,32.4
2025-06-12 21:00:00,60.9
2025-06-12 22:08:00,73.3
2025-06-12 01:40:00,50.18838223164841
2025-06-12 15:18:00,83.5
2025-06-12 02:55:00,50.18838223164841
2025-06-12 14:52:00,50.18838223164841
2025-06-12 02:53:00,50.18838223164841
2025-06-12 07:50:00,41.8
2025-06-12 20:31:00,71.7
2025-06-12 01:22:00,50.18838223164841
2025-06-12 18:09:00,79.7
2025-06-12 00:08:00,35.0
2025-06-12 05:28:00,50.18838223164841
2025-06-12 10:03:00,50.18838223164841
2025-06-12 19:38:00,58.8
2025-06-12 14:56:00,80.8
2025-06-12 15:03:00,11.4
2025-06-12 18:01:00,50.18838223164841
2025-06-12 12:27:00,50.18838223164841
2025-06-12 12:10:00,35.7
2025-06-12 09:20:00,50.18838223164841
2025-06-12 04:10:00,93.1
2025-06-12 22:14:00,11.1
2025-06-12 22:21:00,43.1
2025-06-12 01:23:00,34.7
2025-06-12 08:36:00,77.8
2025-06-12 10:57:00,51.9
2025-06-12 05:46:00,50.18838223164841
2025-06-12 00:32:00,79.8
2025-06-12 04:40:00,27.1
2025-06-12 17:06:00,69.3
2025-06-12 07:49:00,50.18838223164841
2025-06-12 20:54:00,65.1
2025-06-12 20:46:00,85.8
2025-06-12 20:44:00,50.18838223164841
2025-06-12 20:02:00,6.4
2025-06-12 16:59:00,47.2
2025-06-12 05:41:00,76.4
2025-06-12 20:12:00,90.0
2025-06-12 17:04:00,75.8
2025-06-12 09:13:00,43.9
2025-06-12 16:06:00,73.6
2025-06-12 12:13:00,27.8
2025-06-12 13:47:00,27.1
2025-06-12 22:53:00,53.2
2025-06-12 10:56:00,28.1
2025-06-12 12:43:00,66.9
2025-06-12 21:08:00,78.0
2025-06-12 04:00:00,50.18838223164841
2025-06-12 16:07:00,50.18838223164841
2025-06-12 04:23:00,62.0
2025-06-12 15:59:00,54.8
2025-06-12 07:05:00,77.2
2025-06-12 13:11:00,18.8
2025-06-12 03:13:00,41.8
2025-06-12 14:21:00,92.3
2025-06-12 13:32:00,8.2
2025-06-12 21:23:00,88.0
2025-06-12 08:43:00,50.18838223164841
2025-06-12 13:06:00,76.3
2025-06-12 08:26:00,50.18838223164841
2025-06-12 11:07:00,29.4
2025-06-12 23:06:00,85.4
2025-06-12 00:33:00,66.8
2025-06-12 07:02:00,50.18838223164841
2025-06-12 18:28:00,37.1
2025-06-12 00:40:00,8.7
2025-06-12 13:05:00,45.7
2025-06-12 08:17:00,97.0
2025-06-12 23:41:00,53.9
2025-06-12 03:45:00,65.9
2025-06-12 15:34:00,31.6
2025-06-12 10:39:00,79.6
2025-06-12 18:30:00,23.7
2025-06-12 12:45:00,99.2
2025-06-12 00:49:00,14.6
2025-06-12 01:26:00,63.5
2025-06-12 20:13:00,41.5
2025-06-12 08:32:00,91.5
2025-06-12 23:13:00,99.8
2025-06-12 05:39:00,50.18838223164841
2025-06-12 16:18:00,85.7
2025-06-12 12:31:00,19.7
2025-06-12 04:12:00,89.7
2025-06-12 09:48:00,34.3
2025-06-12 15:41:00,63.0
2025-06-12 09:24:00,34.2
2025-06-12 21:51:00,31.4
2025-06-12 06:36:00,19.9
2025-06-12 17:00:00,49.927249175694776
2025-06-12 19:05:00,92.3
2025-06-12 22:27:00,49.927249175694776
2025-06-12 18:35:00,13.2
2025-06-12 13:08:00,72.3
2025-06-12 20:29:00,96.4
2025-06-12 12:31:00,90.6
2025-06-12 11:09:00,93.6
2025-06-12 22:58:00,54.2
2025-06-12 12:23:00,51.4
2025-06-12 23:52:00,20.7
2025-06-12 11:04:00,68.2
2025-06-12 20:17:00,52.0
2025-06-12 09:04:00,55.3
2025-06-12 15:36:00,51.4
2025-06-12 06:58:00,89.1
2025-06-12 16:01:00,93.7
2025-06-12 16:19:00,23.9
2025-06-12 02:42:00,68.4
2025-06-12 18:30:00,76.9
2025-06-12 08:37:00,51.7
2025-06-12 21:54:00,80.3
2025-06-12 11:01:00,49.927249175694776
2025-06-12 06:06:00,96.8
2025-06-12 23:25:00,28.1
2025-06-12 18:09:00,93.3
2025-06-12 12:19:00,82.3
2025-06-12 02:51:00,8.0
2025-06-12 04:47:00,49.927249175694776
2025-06-12 06:50:00,54.3
2025-06-12 03:32:00,22.1
2025-06-12 07:46:00,23.0
2025-06-12 01:36:00,16.5
2025-06-12 15:53:00,26.7
2025-06-12 13:49:00,49.927249175694776
2025-06-12 23:43:00,35.6
2025-06-12 19:44:00,64.5
2025-06-12 23:33:00,86.5
2025-06-12 22:21:00,49.927249175694776
2025-06-12 02:09:00,49.927249175694776
2025-06-12 12:05:00,64.0
2025-06-12 18:49:00,99.8
2025-06-12 17:05:00,40.8
2025-06-12 18:16:00,95.4
2025-06-12 12:47:00,49.927249175694776
2025-06-12 16:47:00,49.4
2025-06-12 20:48:00,44.4
2025-06-12 20:21:00,13.7
2025-06-12 18:43:00,80.2
2025-06-12 19:27:00,78.7
2025-06-12 02:17:00,71.3
2025-06-12 14:29:00,8.3
2025-06-12 17:57:00,92.7
2025-06-12 03:15:00,7.8
2025-06-12 22:48:00,49.927249175694776
2025-06-12 19:51:00,8.2
2025-06-12 09:58:00,34.9
2025-06-12 01:18:00,44.5
2025-06-12 18:06:00,7.7
2025-06-12 14:35:00,49.927249175694776
2025-06-12 09:20:00,12.6
2025-06-12 06:07:00,92.0
2025-06-12 10:12:00,93.5
2025-06-12 23:03:00,81.9
2025-06-12 16:12:00,23.2
2025-06-12 00:14:00,90.9
2025-06-12 18:41:00,49.927249175694776
2025-06-12 03:04:00,79.6
2025-06-12 15:43:00,35.9
2025-06-12 06:09:00,22.7
2025-06-12 11:06:00,47.1
2025-06-12 00:04:00,31.7
2025-06-12 01:42:00,41.3
2025-06-12 20:06:00,39.7
2025-06-12 04:12:00,49.927249175694776
2025-06-12 04:21:00,94.6
2025-06-12 15:32:00,6.7
2025-06-12 05:58:00,40.1
2025-06-12 16:16:00,20.6
2025-06-12 15:40:00,94.0
2025-06-12 04:18:00,41.2
2025-06-12 07:06:00,90.3
2025-06-12 17:37:00,77.5
2025-06-12 01:49:00,66.5
2025-06-12 12:11:00,59.4
2025-06-12 21:17:00,50.4
2025-06-12 11:53:00,66.4
2025-06-12 02:38:00,81.7
2025-06-12 00:26:00,80.8
2025-06-12 02:30:00,49.927249175694776
2025-06-12 03:08:00,49.927249175694776
2025-06-12 07:47:00,43.2
2025-06-12 22:16:00,18.9
2025-06-12 15:27:00,48.8
2025-06-12 07:20:00,97.3
2025-06-12 01:03:00,2.7
2025-06-12 03:17:00,98.5
2025-06-12 21:09:00,27.2
2025-06-12 16:06:00,3.6
2025-06-12 07:08:00,35.0
2025-06-12 08:38:00,67.4
2025-06-12 07:12:00,82.1
2025-06-12 17:42:00,41.9
2025-06-12 14:06:00,49.927249175694776
2025-06-12 03:54:00,34.6
2025-06-12 16:17:00,82.4
2025-06-12 04:29:00,47.6
2025-06-12 17:51:00,0.3
2025-06-12 16:07:00,49.927249175694776
2025-06-12 17:19:00,72.2
2025-06-12 06:26:00,40.7
2025-06-12 20:33:00,8.0
2025-06-12 03:47:00,32.7
2025-06-12 14:54:00,61.0
2025-06-12 16:40:00,49.927249175694776
2025-06-12 11:07:00,78.5
2025-06-12 23:40:00,29.0
2025-06-12 21:49:00,77.5
2025-06-12 01:44:00,38.6
2025-06-12 11:00:00,95.5
2025-06-12 16:02:00,11.0
2025-06-12 09:48:00,49.927249175694776
2025-06-12 13:55:00,43.6
2025-06-12 11:55:00,89.7
2025-06-12 12:52:00,49.927249175694776
2025-06-12 22:41:00,93.3
2025-06-12 10:10:00,46.0
2025-06-12 08:25:00,49.927249175694776
2025-06-12 22:35:00,45.0
2025-06-12 10:34:00,85.7
2025-06-12 02:41:00,78.4
2025-06-12 02:57:00,92.0
2025-06-12 20:04:00,82.7
2025-06-12 11:45:00,55.9
2025-06-12 06:02:00,61.5
2025-06-12 22:01:00,49.927249175694776
2025-06-12 20:13:00,60.0
2025-06-12 22:15:00,64.6
2025-06-12 00:09:00,17.6
2025-06-12 20:39:00,39.5
2025-06-12 02:29:00,53.6
2025-06-12 00:01:00,49.927249175694776
2025-06-12 15:14:00,88.0
2025-06-12 15:00:00,36.2
2025-06-12 20:11:00,98.3
2025-06-12 08:14:00,9.6
2025-06-12 08:20:00,54.6
2025-06-12 18:47:00,37.4
2025-06-12 09:03:00,96.0
2025-06-12 02:13:00,49.927249175694776
2025-06-12 03:29:00,8.0
2025-06-12 07:31:00,36.3
2025-06-12 02:33:00,49.927249175694776
2025-06-12 07:14:00,33.9
2025-06-12 02:24:00,73.2
2025-06-12 10:08:00,62.7
2025-06-12 15:02:00,97.6
2025-06-12 13:58:00,74.0
2025-06-12 16:27:00,73.7
2025-06-12 03:02:00,1.5
2025-06-12 10:21:00,25.4
2025-06-12 22:44:00,43.5
2025-06-12 22:38:00,25.3
2025-06-12 00:37:00,78.4
2025-06-12 17:23:00,45.6
2025-06-12 13:45:00,2.2
2025-06-12 07:32:00,58.0
2025-06-12 20:07:00,28.2
2025-06-12 01:13:00,16.8
2025-06-12 12:34:00,89.3
2025-06-12 03:45:00,49.927249175694776
2025-06-12 15:13:00,49.927249175694776
2025-06-12 20:40:00,6.4
2025-06-12 02:50:00,32.2
2025-06-12 04:55:00,53.9
2025-06-12 06:44:00,16.9
2025-06-12 14:53:00,58.3
2025-06-12 15:44:00,49.927249175694776
2025-06-12 06:15:00,6.6
2025-06-12 01:34:00,40.8
2025-06-12 23:22:00,49.927249175694776
2025-06-12 17:10:00,25.7
2025-06-12 12:42:00,75.8
2025-06-12 11:34:00,97.0
2025-06-12 06:22:00,46.5
2025-06-12 09:33:00,45.9
2025-06-12 09:34:00,48.5
2025-06-12 08:30:00,44.2
2025-06-12 09:30:00,10.0
2025-06-12 05:48:00,37.4
2025-06-12 14:47:00,42.6
2025-06-12 22:10:00,19.7
2025-06-12 17:18:00,84.9
2025-06-12 09:40:00,23.8
2025-06-12 00:32:00,15.1
2025-06-12 23:20:00,66.3
2025-06-12 12:43:00,11.8
2025-06-12 11:47:00,33.1
2025-06-12 19:34:00,22.4
2025-06-12 21:52:00,49.927249175694776
2025-06-12 10:33:00,18.7
2025-06-12 05:34:00,25.6
2025-06-12 11:59:00,3.0
2025-06-12 15:24:00,88.3
2025-06-12 10:07:00,49.8
2025-06-12 06:43:00,12.1
2025-06-12 00:49:00,19.2
2025-06-12 02:00:00,37.0
2025-06-12 09:55:00,20.8
2025-06-12 20:47:00,67.1
2025-06-12 02:55:00,98.5
2025-06-12 10:01:00,73.5
2025-06-12 03:23:00,8.3
2025-06-12 01:54:00,60.7
2025-06-12 17:40:00,32.9
2025-06-12 20:26:00,4.7
2025-06-12 05:17:00,24.6
2025-06-12 06:53:00,94.8
2025-06-12 11:57:00,94.8
2025-06-12 15:38:00,7.9
2025-06-12 08:52:00,81.7
2025-06-12 06:55:00,49.927249175694776
2025-06-12 16:59:00,41.1
2025-06-12 16:44:00,17.9
2025-06-12 00:00:00,0.1
2025-06-12 06:41:00,86.0
2025-06-12 02:26:00,66.2
2025-06-12 05:33:00,73.1
2025-06-12 10:04:00,33.6
2025-06-12 23:19:00,47.0
2025-06-12 08:18:00,52.3
2025-06-12 11:35:00,97.1
2025-06-12 22:50:00,4.0
2025-06-12 14:24:00,2.7
2025-06-12 13:40:00,70.5
2025-06-12 23:11:00,31.8
2025-06-12 05:57:00,63.6
2025-06-12 15:48:00,26.5
2025-06-12 10:59:00,60.3
2025-06-12 00:33:00,55.8
2025-06-12 16:37:00,32.7
2025-06-12 20:50:00,65.0
2025-06-12 15:18:00,49.7
2025-06-12 14:20:00,6.7
2025-06-12 05:18:00,69.0
2025-06-12 17:04:00,19.7
2025-06-12 04:38:00,44.8
2025-06-12 19:55:00,87.6
2025-06-12 03:46:00,30.0
2025-06-12 13:52:00,94.0
2025-06-12 04:30:00,55.3
2025-06-12 00:18:00,73.1
2025-06-12 05:37:00,31.4
2025-06-12 10:44:00,1.3
2025-06-12 09:53:00,49.927249175694776
2025-06-12 03:48:00,49.927249175694776
2025-06-12 04:04:00,15.4
2025-06-12 12:48:00,3.1
2025-06-12 10:15:00,65.7
2025-06-12 16:11:00,16.3
2025-06-12 03:36:00,49.927249175694776
2025-06-12 12:01:00,20.7
2025-06-12 15:50:00,5.7
2025-06-12 17:03:00,22.8
2025-06-12 08:15:00,93.3
2025-06-12 20:23:00,17.2
2025-06-12 07:51:00,2.8
2025-06-12 22:24:00,12.8
2025-06-12 12:45:00,24.0
2025-06-12 18:21:00,9.0
2025-06-12 01:50:00,33.6
2025-06-12 21:10:00,39.9
2025-06-12 22:22:00,49.927249175694776
2025-06-12 08:32:00,54.9
2025-06-12 17:12:00,87.3
2025-06-12 14:14:00,30.9
2025-06-12 09:14:00,33.8
2025-06-12 21:45:00,14.8
2025-06-12 10:53:00,64.4
2025-06-12 12:01:00,49.72265128325876
2025-06-12 21:06:00,49.72265128325876
2025-06-12 22:32:00,84.0
2025-06-12 15:10:00,0.3
2025-06-12 14:41:00,63.2
2025-06-12 20:34:00,94.3
2025-06-12 10:18:00,62.4
2025-06-12 14:27:00,87.7
2025-06-12 10:52:00,25.6
2025-06-12 20:47:00,9.9
2025-06-12 19:24:00,71.4
2025-06-12 17:37:00,39.5
2025-06-12 17:32:00,49.72265128325876
2025-06-12 17:33:00,98.7
2025-06-12 07:47:00,60.3
2025-06-12 01:32:00,6.8
2025-06-12 18:21:00,2.3
2025-06-12 09:39:00,46.7
2025-06-12 05:06:00,80.3
2025-06-12 12:32:00,49.72265128325876
2025-06-12 09:52:00,13.7
2025-06-12 02:44:00,84.1
2025-06-12 00:21:00,64.1
2025-06-12 00:16:00,49.72265128325876
2025-06-12 06:28:00,49.2
2025-06-12 18:17:00,67.6
2025-06-12 08:16:00,38.4
2025-06-12 00:28:00,57.5
2025-06-12 16:49:00,44.6
2025-06-12 18:46:00,94.2
2025-06-12 22:36:00,49.72265128325876
2025-06-12 12:33:00,76.4
2025-06-12 20:55:00,51.6
2025-06-12 23:18:00,90.6
2025-06-12 15:23:00,74.5
2025-06-12 06:41:00,3.5
2025-06-12 18:39:00,72.3
2025-06-12 22:33:00,49.72265128325876
2025-06-12 14:13:00,0.1
2025-06-12 15:37:00,49.72265128325876
2025-06-12 06:05:00,89.5
2025-06-12 01:22:00,58.7
2025-06-12 02:09:00,85.1
2025-06-12 07:55:00,74.8
2025-06-12 07:45:00,92.4
2025-06-12 03:06:00,0.9
2025-06-12 16:31:00,97.3
2025-06-12 13:08:00,86.3
2025-06-12 10:48:00,80.7
2025-06-12 18:38:00,13.3
2025-06-12 00:27:00,49.72265128325876
2025-06-12 20:36:00,39.7
2025-06-12 17:02:00,45.6
2025-06-12 15:47:00,21.4
2025-06-12 23:50:00,69.5
2025-06-12 11:51:00,6.0
2025-06-12 11:04:00,30.0
2025-06-12 02:13:00,69.0
2025-06-12 05:14:00,40.2
2025-06-12 05:04:00,73.6
2025-06-12 10:34:00,90.8
2025-06-12 22:12:00,39.9
2025-06-12 15:57:00,49.72265128325876
2025-06-12 14:55:00,82.5
2025-06-12 16:22:00,20.7
2025-06-12 22:48:00,29.8
2025-06-12 21:31:00,49.72265128325876
2025-06-12 04:04:00,31.6
2025-06-12 01:44:00,0.6
2025-06-12 09:19:00,10.0
2025-06-12 07:53:00,0.3
2025-06-12 09:02:00,62.5
2025-06-12 22:52:00,17.0
2025-06-12 05:34:00,50.2
2025-06-12 03:23:00,4.7
2025-06-12 11:02:00,77.3
2025-06-12 20:56:00,49.72265128325876
2025-06-12 04:23:00,49.72265128325876
2025-06-12 04:10:00,11.4
2025-06-12 04:11:00,85.6
2025-06-12 09:43:00,62.8
2025-06-12 08:44:00,49.72265128325876
2025-06-12 01:51:00,49.72265128325876
2025-06-12 00:45:00,16.7
2025-06-12 01:35:00,15.7
2025-06-12 03:37:00,90.7
2025-06-12 18:58:00,30.7
2025-06-12 11:55:00,28.9
2025-06-12 02:04:00,49.72265128325876
2025-06-12 12:17:00,79.1
2025-06-12 20:16:00,14.7
2025-06-12 10:38:00,45.4
2025-06-12 00:10:00,70.7
2025-06-12 14:49:00,86.5
2025-06-12 05:19:00,65.9
2025-06-12 17:00:00,49.0
2025-06-12 19:09:00,71.0
2025-06-12 13:39:00,62.8
2025-06-12 22:05:00,31.7
2025-06-12 17:30:00,49.72265128325876
2025-06-12 02:22:00,74.5
2025-06-12 01:05:00,85.1
2025-06-12 15:03:00,73.8
2025-06-12 12:58:00,49.72265128325876
2025-06-12 21:02:00,60.0
2025-06-12 14:25:00,0.6
2025-06-12 13:00:00,63.3
2025-06-12 17:17:00,67.9
2025-06-12 01:03:00,42.4
2025-06-12 04:13:00,49.72265128325876
2025-06-12 21:32:00,50.0
2025-06-12 06:24:00,43.0
2025-06-12 08:53:00,27.5
2025-06-12 10:33:00,52.5
2025-06-12 12:38:00,35.2
2025-06-12 02:51:00,22.7
2025-06-12 03:31:00,62.7
2025-06-12 17:58:00,46.9
2025-06-12 15:59:00,29.5
2025-06-12 09:15:00,94.6
2025-06-12 06:31:00,76.3
2025-06-12 11:29:00,71.5
2025-06-12 20:25:00,49.72265128325876
2025-06-12 19:49:00,1.6
2025-06-12 00:06:00,0.1
2025-06-12 15:19:00,93.4
2025-06-12 18:10:00,30.9
2025-06-12 14:42:00,57.1
2025-06-12 17:52:00,69.7
2025-06-12 11:43:00,37.1
2025-06-12 13:40:00,16.8
2025-06-12 08:57:00,49.72265128325876
2025-06-12 19:38:00,32.1
2025-06-12 21:43:00,41.3
2025-06-12 13:31:00,53.3
2025-06-12 05:16:00,68.1
2025-06-12 00:30:00,59.7
2025-06-12 03:18:00,48.2
2025-06-12 13:09:00,76.6
2025-06-12 11:14:00,71.6
2025-06-12 05:15:00,0.9
2025-06-12 23:57:00,38.8
2025-06-12 09:25:00,24.0
2025-06-12 03:08:00,36.6
2025-06-12 00:23:00,63.1
2025-06-12 19:53:00,81.2
2025-06-12 04:02:00,76.3
2025-06-12 02:31:00,47.1
2025-06-12 06:04:00,73.2
2025-06-12 00:38:00,95.4
2025-06-12 10:59:00,85.7
2025-06-12 10:22:00,77.9
2025-06-12 00:55:00,62.9
2025-06-12 06:51:00,99.3
2025-06-12 14:05:00,39.0
2025-06-12 23:20:00,0.7
2025-06-12 05:36:00,5.1
2025-06-12 02:30:00,12.9
2025-06-12 21:53:00,12.1
2025-06-12 23:27:00,85.1
2025-06-12 08:49:00,30.8
2025-06-12 09:41:00,99.5
2025-06-12 16:04:00,22.0
2025-06-12 14:52:00,14.3
2025-06-12 11:18:00,49.1
2025-06-12 05:00:00,61.8
2025-06-12 05:52:00,92.3
2025-06-12 05:44:00,84.6
2025-06-12 10:19:00,89.1
2025-06-12 10:56:00,1.1
2025-06-12 03:11:00,58.6
2025-06-12 01:54:00,48.0
2025-06-12 13:52:00,73.4
2025-06-12 20:03:00,1.1
2025-06-12 16:16:00,49.72265128325876
2025-06-12 10:43:00,10.2
2025-06-12 11:00:00,60.9
2025-06-12 00:32:00,95.9
2025-06-12 14:51:00,56.6
2025-06-12 19:15:00,62.4
2025-06-12 22:11:00,8.1
2025-06-12 17:43:00,66.4
2025-06-12 20:43:00,0.8
2025-06-12 05:27:00,37.1
2025-06-12 18:36:00,25.3
2025-06-12 04:32:00,0.4
2025-06-12 19:06:00,70.5
2025-06-12 17:10:00,43.3
2025-06-12 14:02:00,54.1
2025-06-12 20:14:00,77.0
2025-06-12 11:16:00,49.72265128325876
2025-06-12 15:12:00,47.8
2025-06-12 11:27:00,34.8
2025-06-12 01:41:00,47.7
2025-06-12 23:12:00,20.6
2025-06-12 13:10:00,30.3
2025-06-12 15:40:00,13.2
2025-06-12 13:53:00,85.2
2025-06-12 13:25:00,49.72265128325876
2025-06-12 22:57:00,90.3
2025-06-12 19:35:00,18.7
2025-06-12 01:38:00,25.8
2025-06-12 04:20:00,88.0
2025-06-12 03:30:00,69.6
2025-06-12 06:45:00,61.6
2025-06-12 13:59:00,89.2
2025-06-12 05:50:00,16.9
2025-06-12 08:17:00,27.6
2025-06-12 12:30:00,58.0
2025-06-12 12:07:00,6.3
2025-06-12 17:24:00,49.72265128325876
2025-06-12 08:13:00,49.72265128325876
2025-06-12 18:31:00,27.7
2025-06-12 12:08:00,36.6
2025-06-12 07:05:00,65.3
2025-06-12 16:32:00,68.8
2025-06-12 06:18:00,91.0
2025-06-12 12:27:00,62.4
2025-06-12 00:18:00,63.2
2025-06-12 22:18:00,32.1
2025-06-12 20:24:00,66.4
2025-06-12 17:55:00,83.1
2025-06-12 19:00:00,3.2
2025-06-12 21:13:00,89.2
2025-06-12 01:04:00,31.6
2025-06-12 05:22:00,21.0
2025-06-12 06:46:00,53.8
2025-06-12 19:11:00,72.3
2025-06-12 12:26:00,9.5
2025-06-12 04:19:00,96.7
2025-06-12 20:06:00,63.0
2025-06-12 06:40:00,49.72265128325876
2025-06-12 04:56:00,33.7
2025-06-12 20:50:00,58.0
2025-06-12 16:07:00,15.0
2025-06-12 23:55:00,56.0
2025-06-12 02:43:00,50.9
2025-06-12 12:10:00,49.72265128325876
2025-06-12 21:29:00,25.4
2025-06-12 23:10:00,14.5
2025-06-12 12:04:00,81.0
2025-06-12 10:07:00,25.5
2025-06-12 08:26:00,49.72265128325876
2025-06-12 19:26:00,67.1
2025-06-12 18:35:00,49.72265128325876
2025-06-12 07:32:00,48.5
2025-06-12 18:34:00,10.3
2025-06-12 23:48:00,49.72265128325876
2025-06-12 07:19:00,90.4
2025-06-12 09:03:00,70.9
2025-06-12 23:28:00,95.4
2025-06-12 05:02:00,2.2
2025-06-12 00:34:00,7.5
2025-06-12 23:29:00,57.7
2025-06-12 19:42:00,50.6
2025-06-12 08:51:00,53.1
2025-06-12 12:39:00,10.3
2025-06-12 03:45:00,65.6
2025-06-12 01:23:00,72.5
2025-06-12 04:42:00,47.1
2025-06-12 00:42:00,51.3
2025-06-12 09:17:00,4.3
2025-06-12 16:18:00,49.72265128325876
2025-06-12 11:21:00,49.72265128325876
2025-06-12 03:57:00,96.7
2025-06-12 09:06:00,76.9
2025-06-12 18:50:00,91.9
2025-06-12 01:55:00,80.5
2025-06-12 19:14:00,68.6
2025-06-12 11:25:00,49.2
2025-06-12 03:53:00,24.5
2025-06-12 03:52:00,49.72265128325876
2025-06-12 09:42:00,88.3
2025-06-12 10:45:00,38.0
2025-06-12 06:50:00,37.9
2025-06-12 10:09:00,78.8
2025-06-12 16:29:00,47.8
2025-06-12 23:00:00,49.72265128325876
2025-06-12 15:25:00,49.72265128325876
2025-06-12 09:26:00,96.2
2025-06-12 22:30:00,65.7
2025-06-12 03:26:00,49.72265128325876
2025-06-12 03:09:00,14.4
2025-06-12 12:18:00,49.72265128325876
2025-06-12 00:02:00,70.8
2025-06-12 09:49:00,51.3
2025-06-12 13:54:00,90.7
2025-06-12 18:40:00,26.7
2025-06-12 02:37:00,7.5
2025-06-12 07:12:00,75.3
2025-06-12 16:08:00,21.6
2025-06-12 20:02:00,49.72265128325876
2025-06-12 23:02:00,33.2
2025-06-12 16:58:00,62.0
2025-06-12 20:09:00,98.8
2025-06-12 15:30:00,27.2
2025-06-12 06:09:00,49.72265128325876
2025-06-12 09:20:00,59.0
2025-06-12 18:13:00,17.8
2025-06-12 18:22:00,22.6
2025-06-12 03:43:00,55.5
2025-06-12 03:23:00,96.3
2025-06-12 01:02:00,37.1
2025-06-12 15:05:00,50.25777465777466
2025-06-12 04:40:00,50.25777465777466
2025-06-12 08:07:00,39.7
2025-06-12 00:40:00,4.0
2025-06-12 23:17:00,57.3
2025-06-12 04:07:00,67.2
2025-06-12 12:47:00,80.5
2025-06-12 04:46:00,50.25777465777466
2025-06-12 14:12:00,50.25777465777466
2025-06-12 08:31:00,58.6
2025-06-12 04:12:00,27.8
2025-06-12 05:03:00,10.4
2025-06-12 10:39:00,33.6
2025-06-12 03:13:00,83.6
2025-06-12 19:45:00,45.3
2025-06-12 20:07:00,97.1
2025-06-12 17:42:00,97.8
2025-06-12 17:35:00,77.1
2025-06-12 10:56:00,40.4
2025-06-12 05:37:00,16.5
2025-06-12 14:06:00,3.4
2025-06-12 10:17:00,44.9
2025-06-12 15:04:00,89.3
2025-06-12 23:26:00,51.5
2025-06-12 13:35:00,45.6
2025-06-12 18:51:00,10.3
2025-06-12 19:33:00,53.7
2025-06-12 17:41:00,64.0
2025-06-12 06:35:00,50.25777465777466
2025-06-12 09:38:00,77.3
2025-06-12 13:05:00,37.4
2025-06-12 05:42:00,75.7
2025-06-12 06:09:00,56.1
2025-06-12 14:52:00,90.3
2025-06-12 18:57:00,48.4
2025-06-12 13:21:00,82.8
2025-06-12 23:54:00,73.0
2025-06-12 22:31:00,92.9
2025-06-12 12:44:00,50.25777465777466
2025-06-12 12:33:00,44.8
2025-06-12 20:11:00,13.9
2025-06-12 17:09:00,36.6
2025-06-12 06:12:00,33.9
2025-06-12 08:42:00,50.25777465777466
2025-06-12 05:50:00,64.3
2025-06-12 08:01:00,93.1
2025-06-12 22:26:00,46.7
2025-06-12 02:37:00,54.9
2025-06-12 01:24:00,10.4
2025-06-12 08:15:00,41.6
2025-06-12 18:32:00,50.25777465777466
2025-06-12 17:30:00,29.7
2025-06-12 00:48:00,98.9
2025-06-12 14:40:00,60.6
2025-06-12 07:19:00,66.5
2025-06-12 21:39:00,89.4
2025-06-12 21:20:00,20.4
2025-06-12 09:15:00,50.25777465777466
2025-06-12 08:10:00,50.25777465777466
2025-06-12 22:04:00,18.7
2025-06-12 20:43:00,50.25777465777466
2025-06-12 12:03:00,16.9
2025-06-12 23:03:00,50.25777465777466
2025-06-12 01:31:00,0.7
2025-06-12 15:01:00,30.3
2025-06-12 16:36:00,38.3
2025-06-12 11:14:00,39.7
2025-06-12 13:01:00,44.7
2025-06-12 08:33:00,35.6
2025-06-12 05:52:00,38.0
2025-06-12 00:19:00,50.25777465777466
2025-06-12 02:47:00,77.2
2025-06-12 18:43:00,39.1
2025-06-12 23:48:00,9.1
2025-06-12 12:52:00,44.3
2025-06-12 11:01:00,39.6
2025-06-12 07:11:00,80.6
2025-06-12 18:16:00,50.25777465777466
2025-06-12 18:52:00,50.25777465777466
2025-06-12 01:18:00,9.6
2025-06-12 10:55:00,31.2
2025-06-12 04:04:00,9.8
2025-06-12 13:18:00,50.25777465777466
2025-06-12 06:36:00,15.6
2025-06-12 15:52:00,3.4
2025-06-12 21:19:00,11.5
2025-06-12 20:48:00,45.1
2025-06-12 12:41:00,71.9
2025-06-12 21:42:00,49.3
2025-06-12 15:26:00,93.1
2025-06-12 07:45:00,18.5
2025-06-12 15:09:00,19.9
2025-06-12 18:44:00,19.8
2025-06-12 12:21:00,1.4
2025-06-12 00:15:00,89.0
2025-06-12 12:56:00,50.7
2025-06-12 22:48:00,68.6
2025-06-12 06:50:00,12.2
2025-06-12 11:45:00,51.8
2025-06-12 12:14:00,44.5
2025-06-12 22:32:00,38.5
2025-06-12 15:35:00,29.5
2025-06-12 08:40:00,1.8
2025-06-12 18:17:00,50.25777465777466
2025-06-12 02:31:00,2.1
2025-06-12 18:49:00,19.3
2025-06-12 08:08:00,73.5
2025-06-12 16:39:00,79.3
2025-06-12 09:27:00,62.0
2025-06-12 19:56:00,17.3
2025-06-12 08:13:00,50.25777465777466
2025-06-12 10:33:00,41.8
2025-06-12 17:26:00,23.6
2025-06-12 08:37:00,37.4
2025-06-12 06:21:00,79.6
2025-06-12 09:47:00,97.3
2025-06-12 19:57:00,50.25777465777466
2025-06-12 01:11:00,26.2
2025-06-12 22:03:00,95.1
2025-06-12 04:16:00,98.6
2025-06-12 06:25:00,3.4
2025-06-12 18:53:00,91.1
2025-06-12 21:35:00,28.3
2025-06-12 04:10:00,15.3
2025-06-12 21:53:00,75.7
2025-06-12 15:15:00,1.1
2025-06-12 11:13:00,59.5
2025-06-12 04:14:00,3.2
2025-06-12 06:06:00,3.5
2025-06-12 11:06:00,52.8
2025-06-12 06:41:00,69.2
2025-06-12 21:10:00,58.3
2025-06-12 03:24:00,70.7
2025-06-12 16:41:00,0.7
2025-06-12 18:37:00,4.4
2025-06-12 07:24:00,20.1
2025-06-12 18:36:00,29.0
2025-06-12 17:37:00,0.1
2025-06-12 15:14:00,86.8
2025-06-12 12:19:00,10.8
2025-06-12 18:15:00,50.25777465777466
2025-06-12 04:20:00,97.2
2025-06-12 01:47:00,14.8
2025-06-12 15:37:00,84.5
2025-06-12 12:30:00,44.4
2025-06-12 06:37:00,37.2
2025-06-12 17:11:00,29.5
2025-06-12 02:50:00,48.1
2025-06-12 07:14:00,60.7
2025-06-12 16:58:00,50.25777465777466
2025-06-12 11:17:00,53.2
2025-06-12 03:37:00,50.25777465777466
2025-06-12 23:08:00,35.9
2025-06-12 04:48:00,41.5
2025-06-12 09:37:00,72.4
2025-06-12 10:42:00,15.3
2025-06-12 15:13:00,60.7
2025-06-12 06:42:00,28.5
2025-06-12 02:48:00,74.3
2025-06-12 04:27:00,18.1
2025-06-12 06:57:00,41.4
2025-06-12 04:28:00,9.2
2025-06-12 10:52:00,42.7
2025-06-12 01:17:00,47.5
2025-06-12 07:02:00,23.4
2025-06-12 22:53:00,16.3
2025-06-12 06:02:00,42.3
2025-06-12 18:09:00,46.7
2025-06-12 21:00:00,92.8
2025-06-12 08:44:00,74.0
2025-06-12 16:53:00,86.7
2025-06-12 19:44:00,68.5
2025-06-12 05:24:00,86.2
2025-06-12 04:33:00,73.5
2025-06-12 19:48:00,50.3
2025-06-12 16:48:00,82.1
2025-06-12 16:23:00,30.2
2025-06-12 00:56:00,50.25777465777466
2025-06-12 06:18:00,38.4
2025-06-12 07:04:00,43.5
2025-06-12 08:14:00,1.0
2025-06-12 01:28:00,77.8
2025-06-12 14:00:00,82.4
2025-06-12 02:08:00,80.3
2025-06-12 08:36:00,25.6
2025-06-12 01:20:00,0.5
2025-06-12 06:55:00,51.4
2025-06-12 12:35:00,27.6
2025-06-12 05:23:00,48.5
2025-06-12 12:48:00,66.1
2025-06-12 01:09:00,50.25777465777466
2025-06-12 09:06:00,84.7
2025-06-12 17:44:00,50.25777465777466
2025-06-12 14:16:00,73.6
2025-06-12 08:47:00,48.4
2025-06-12 00:29:00,52.4
2025-06-12 20:36:00,10.8
2025-06-12 06:00:00,43.8
2025-06-12 06:40:00,50.25777465777466
2025-06-12 15:00:00,29.7
2025-06-12 18:54:00,10.9
2025-06-12 04:44:00,33.7
2025-06-12 05:04:00,99.0
2025-06-12 08:32:00,33.0
2025-06-12 06:32:00,50.25777465777466
2025-06-12 19:02:00,50.25777465777466
2025-06-12 20:25:00,35.8
2025-06-12 15:08:00,24.1
2025-06-12 11:34:00,50.25777465777466
2025-06-12 04:11:00,50.25777465777466
2025-06-12 02:03:00,27.6
2025-06-12 14:49:00,23.5
2025-06-12 19:31:00,35.1
2025-06-12 20:40:00,4.8
2025-06-12 09:21:00,71.0
2025-06-12 20:16:00,99.2
2025-06-12 19:27:00,50.25777465777466
2025-06-12 00:35:00,83.0
2025-06-12 05:30:00,58.7
2025-06-12 21:07:00,50.25777465777466
2025-06-12 10:30:00,62.5
2025-06-12 15:55:00,58.4
2025-06-12 23:19:00,53.1
2025-06-12 17:31:00,50.25777465777466
2025-06-12 19:28:00,2.8
2025-06-12 10:40:00,21.1
2025-06-12 20:09:00,50.25777465777466
2025-06-12 02:59:00,45.8
2025-06-12 19:36:00,72.1
2025-06-12 16:02:00,50.25777465777466
2025-06-12 09:28:00,34.9
2025-06-12 19:06:00,72.4
2025-06-12 23:05:00,39.3
2025-06-12 13:40:00,3.2
2025-06-12 18:50:00,75.6
2025-06-12 21:52:00,77.7
2025-06-12 12:25:00,50.25777465777466
2025-06-12 23:00:00,6.6
2025-06-12 06:33:00,83.7
2025-06-12 05:56:00,21.0
2025-06-12 18:11:00,43.3
2025-06-12 06:38:00,50.25777465777466
2025-06-12 15:46:00,11.3
2025-06-12 22:22:00,50.25777465777466
2025-06-12 09:45:00,6.2
2025-06-12 13:32:00,32.0
2025-06-12 04:36:00,62.2
2025-06-12 23:16:00,70.4
2025-06-12 06:08:00,50.25777465777466
2025-06-12 06:29:00,81.7
2025-06-12 17:57:00,93.1
2025-06-12 05:17:00,34.6
2025-06-12 22:19:00,50.25777465777466
2025-06-12 08:20:00,50.25777465777466
2025-06-12 19:32:00,62.3
2025-06-12 09:29:00,49.7
2025-06-12 23:23:00,2.1
2025-06-12 14:08:00,22.7
2025-06-12 11:42:00,92.9
2025-06-12 23:01:00,24.6
2025-06-12 00:43:00,49.4
2025-06-12 01:56:00,79.8
2025-06-12 09:07:00,98.0
2025-06-12 09:11:00,62.2
2025-06-12 18:03:00,16.1
2025-06-12 21:26:00,70.2
2025-06-12 20:46:00,28.3
2025-06-12 02:25:00,69.8
2025-06-12 07:54:00,25.3
2025-06-12 19:13:00,34.8
2025-06-12 02:27:00,2.3
2025-06-12 07:59:00,96.2
2025-06-12 03:41:00,72.6
2025-06-12 17:36:00,74.5
2025-06-12 04:35:00,23.9
2025-06-12 14:46:00,40.9
2025-06-12 08:11:00,28.2
2025-06-12 15:06:00,69.4
2025-06-12 05:25:00,50.25777465777466
2025-06-12 21:05:00,29.3
2025-06-12 17:22:00,50.25777465777466
2025-06-12 05:55:00,67.4
2025-06-12 12:08:00,71.9
2025-06-12 20:19:00,15.0
2025-06-12 23:28:00,76.3
2025-06-12 08:29:00,83.8
2025-06-12 01:19:00,58.0
2025-06-12 03:10:00,28.2
2025-06-12 01:21:00,50.25777465777466
2025-06-12 03:28:00,20.3
2025-06-12 10:35:00,36.3
2025-06-12 13:45:00,80.2
2025-06-12 10:11:00,65.5
2025-06-12 01:43:00,84.5
2025-06-12 10:38:00,9.0
2025-06-12 04:03:00,8.2
2025-06-12 16:54:00,86.3
2025-06-12 01:36:00,34.7
2025-06-12 15:22:00,50.5
2025-06-12 03:59:00,59.3
2025-06-12 11:26:00,77.6
2025-06-12 16:55:00,55.7
2025-06-12 04:23:00,78.1
2025-06-12 16:04:00,68.1
2025-06-12 21:56:00,7.1
2025-06-12 03:21:00,72.5
2025-06-12 05:45:00,50.25777465777466
2025-06-12 19:15:00,52.1
2025-06-12 03:34:00,50.25777465777466
2025-06-12 22:25:00,5.9
2025-06-12 01:57:00,35.9
2025-06-12 12:55:00,31.3
2025-06-12 15:03:00,74.5
2025-06-12 12:45:00,50.25777465777466
2025-06-12 07:20:00,69.7
2025-06-12 16:33:00,49.9464552238806
2025-06-12 11:17:00,73.9
2025-06-12 01:59:00,49.5
2025-06-12 23:17:00,34.4
2025-06-12 12:16:00,50.9
2025-06-12 13:14:00,75.1
2025-06-12 08:00:00,49.9464552238806
2025-06-12 02:24:00,25.0
2025-06-12 09:38:00,87.7
2025-06-12 07:22:00,30.6
2025-06-12 14:11:00,49.9464552238806
2025-06-12 01:31:00,54.7
2025-06-12 06:45:00,49.9464552238806
2025-06-12 17:12:00,14.9
2025-06-12 12:04:00,27.6
2025-06-12 16:35:00,14.2
2025-06-12 15:44:00,63.5
2025-06-12 15:18:00,57.6
2025-06-12 10:07:00,96.3
2025-06-12 23:10:00,49.9464552238806
2025-06-12 03:13:00,18.4
2025-06-12 06:20:00,63.9
2025-06-12 07:58:00,55.6
2025-06-12 12:21:00,28.5
2025-06-12 21:51:00,49.9464552238806
2025-06-12 07:04:00,20.2
2025-06-12 22:28:00,49.9464552238806
2025-06-12 06:13:00,66.3
2025-06-12 00:44:00,49.9464552238806
2025-06-12 17:43:00,5.6
2025-06-12 13:53:00,78.1
2025-06-12 19:14:00,92.1
2025-06-12 06:31:00,49.9464552238806
2025-06-12 15:15:00,10.7
2025-06-12 07:34:00,25.6
2025-06-12 17:23:00,60.6
2025-06-12 02:38:00,11.1
2025-06-12 07:50:00,9.0
2025-06-12 09:25:00,37.8
2025-06-12 00:35:00,63.2
2025-06-12 00:03:00,47.6
2025-06-12 13:38:00,11.2
2025-06-12 23:28:00,79.7
2025-06-12 09:06:00,38.3
2025-06-12 08:37:00,33.7
2025-06-12 01:56:00,25.9
2025-06-12 16:55:00,49.9464552238806
2025-06-12 04:12:00,82.7
2025-06-12 09:07:00,62.1
2025-06-12 10:48:00,8.9
2025-06-12 13:34:00,62.1
2025-06-12 16:52:00,29.3
2025-06-12 06:54:00,62.0
2025-06-12 05:37:00,45.3
2025-06-12 13:45:00,24.3
2025-06-12 17:25:00,11.1
2025-06-12 07:55:00,38.3
2025-06-12 22:58:00,49.2
2025-06-12 08:53:00,7.0
2025-06-12 15:40:00,72.5
2025-06-12 16:01:00,81.5
2025-06-12 00:37:00,56.2
2025-06-12 04:58:00,53.1
2025-06-12 04:26:00,57.1
2025-06-12 10:53:00,23.4
2025-06-12 19:22:00,49.9464552238806
2025-06-12 10:55:00,23.8
2025-06-12 09:09:00,100.0
2025-06-12 09:35:00,73.0
2025-06-12 22:44:00,11.7
2025-06-12 10:52:00,24.2
2025-06-12 01:44:00,82.0
2025-06-12 23:07:00,68.4
2025-06-12 11:24:00,92.4
2025-06-12 19:37:00,49.9464552238806
2025-06-12 20:41:00,33.2
2025-06-12 22:34:00,26.5
2025-06-12 09:52:00,58.2
2025-06-12 10:02:00,10.6
2025-06-12 04:54:00,73.5
2025-06-12 10:01:00,73.3
2025-06-12 16:32:00,91.1
2025-06-12 23:45:00,19.0
2025-06-12 00:48:00,49.9464552238806
2025-06-12 15:10:00,1.9
2025-06-12 22:48:00,49.9464552238806
2025-06-12 11:32:00,49.9464552238806
2025-06-12 15:17:00,19.9
2025-06-12 16:40:00,80.6
2025-06-12 16:27:00,27.6
2025-06-12 10:10:00,3.6
2025-06-12 19:59:00,17.4
2025-06-12 04:34:00,89.6
2025-06-12 08:49:00,40.8
2025-06-12 15:28:00,48.8
2025-06-12 15:07:00,36.8
2025-06-12 03:00:00,36.1
2025-06-12 02:23:00,20.0
2025-06-12 12:30:00,5.1
2025-06-12 22:00:00,64.4
2025-06-12 05:11:00,19.2
2025-06-12 12:46:00,84.6
2025-06-12 12:01:00,61.2
2025-06-12 23:39:00,38.5
2025-06-12 23:37:00,49.9464552238806
2025-06-12 18:46:00,49.9464552238806
2025-06-12 17:47:00,49.9464552238806
2025-06-12 01:39:00,30.4
2025-06-12 06:51:00,49.9464552238806
2025-06-12 06:09:00,12.6
2025-06-12 05:27:00,92.5
2025-06-12 16:38:00,95.6
2025-06-12 07:54:00,61.9
2025-06-12 10:27:00,2.2
2025-06-12 18:34:00,70.3
2025-06-12 13:17:00,6.6
2025-06-12 06:03:00,17.2
2025-06-12 07:41:00,64.2
2025-06-12 07:42:00,44.5
2025-06-12 00:08:00,85.2
2025-06-12 08:29:00,100.0
2025-06-12 23:54:00,66.3
2025-06-12 06:01:00,37.1
2025-06-12 09:54:00,51.6
2025-06-12 06:58:00,91.7
2025-06-12 00:18:00,49.9464552238806
2025-06-12 17:22:00,93.6
2025-06-12 13:11:00,17.4
2025-06-12 09:30:00,49.9464552238806
2025-06-12 04:56:00,82.1
2025-06-12 14:20:00,46.2
2025-06-12 12:26:00,49.9464552238806
2025-06-12 07:02:00,37.3
2025-06-12 18:41:00,49.9464552238806
2025-06-12 16:15:00,49.9464552238806
2025-06-12 01:45:00,49.9464552238806
2025-06-12 17:58:00,17.0
2025-06-12 06:33:00,73.3
2025-06-12 13:57:00,33.0
2025-06-12 01:50:00,60.7
2025-06-12 03:30:00,65.7
2025-06-12 02:48:00,49.9464552238806
2025-06-12 03:25:00,22.4
2025-06-12 14:17:00,32.0
2025-06-12 01:09:00,74.8
2025-06-12 05:21:00,64.9
2025-06-12 14:37:00,49.9464552238806
2025-06-12 18:54:00,49.9464552238806
2025-06-12 18:51:00,74.4
2025-06-12 13:35:00,47.8
2025-06-12 06:29:00,26.3
2025-06-12 19:42:00,90.5
2025-06-12 07:11:00,44.0
2025-06-12 02:09:00,71.0
2025-06-12 00:14:00,12.2
2025-06-12 02:46:00,55.1
2025-06-12 15:53:00,96.3
2025-06-12 17:49:00,8.2
2025-06-12 18:40:00,49.9464552238806
2025-06-12 21:00:00,12.5
2025-06-12 16:20:00,43.6
2025-06-12 13:27:00,27.1
2025-06-12 14:49:00,85.3
2025-06-12 01:07:00,46.2
2025-06-12 23:08:00,68.8
2025-06-12 20:18:00,74.9
2025-06-12 14:42:00,49.9464552238806
2025-06-12 09:39:00,75.2
2025-06-12 19:49:00,49.9464552238806
2025-06-12 09:23:00,42.8
2025-06-12 06:21:00,84.3
2025-06-12 08:35:00,46.7
2025-06-12 16:14:00,91.9
2025-06-12 01:01:00,15.6
2025-06-12 16:57:00,49.9464552238806
2025-06-12 13:22:00,41.6
2025-06-12 06:47:00,54.1
2025-06-12 20:20:00,18.6
2025-06-12 17:11:00,37.2
2025-06-12 01:24:00,1.8
2025-06-12 08:27:00,89.5
2025-06-12 14:52:00,49.9464552238806
2025-06-12 05:43:00,49.9464552238806
2025-06-12 23:51:00,99.6
2025-06-12 12:35:00,49.9464552238806
2025-06-12 06:53:00,68.6
2025-06-12 01:53:00,89.2
2025-06-12 06:10:00,52.7
2025-06-12 15:54:00,84.9
2025-06-12 00:56:00,50.7
2025-06-12 11:39:00,23.1
2025-06-12 00:34:00,49.9464552238806
2025-06-12 01:06:00,40.7
2025-06-12 21:33:00,24.0
2025-06-12 22:50:00,36.7
2025-06-12 21:46:00,12.3
2025-06-12 04:53:00,98.6
2025-06-12 10:46:00,94.3
2025-06-12 13:18:00,83.2
2025-06-12 17:18:00,55.2
2025-06-12 09:49:00,49.9464552238806
2025-06-12 03:21:00,92.8
2025-06-12 21:03:00,55.4
2025-06-12 19:17:00,76.7
2025-06-12 11:13:00,33.4
2025-06-12 07:37:00,96.3
2025-06-12 17:26:00,49.9464552238806
2025-06-12 23:02:00,12.0
2025-06-12 05:33:00,65.4
2025-06-12 12:36:00,74.8
2025-06-12 22:20:00,21.2
2025-06-12 03:38:00,43.3
2025-06-12 10:21:00,0.2
2025-06-12 22:46:00,49.9464552238806
2025-06-12 16:44:00,37.8
2025-06-12 14:16:00,50.9
2025-06-12 20:09:00,82.1
2025-06-12 20:19:00,49.9464552238806
2025-06-12 14:48:00,68.2
2025-06-12 09:34:00,39.6
2025-06-12 05:15:00,34.9
2025-06-12 13:01:00,64.8
2025-06-12 22:21:00,51.3
2025-06-12 17:57:00,0.9
2025-06-12 16:51:00,54.8
2025-06-12 21:47:00,56.0
2025-06-12 06:19:00,49.9464552238806
2025-06-12 09:44:00,76.8
2025-06-12 19:11:00,16.4
2025-06-12 10:39:00,11.3
2025-06-12 05:24:00,45.5
2025-06-12 13:43:00,22.2
2025-06-12 03:04:00,89.0
2025-06-12 22:41:00,4.4
2025-06-12 08:46:00,19.2
2025-06-12 05:20:00,2.6
2025-06-12 18:29:00,49.9464552238806
2025-06-12 12:38:00,19.7
2025-06-12 07:17:00,49.9464552238806
2025-06-12 15:12:00,2.1
2025-06-12 07:26:00,72.4
2025-06-12 09:31:00,11.9
2025-06-12 06:23:00,91.3
2025-06-12 15:16:00,70.5
2025-06-12 15:22:00,8.3
2025-06-12 08:41:00,18.1
2025-06-12 00:00:00,94.5
2025-06-12 02:37:00,49.1
2025-06-12 06:17:00,96.1
2025-06-12 03:24:00,13.1
2025-06-12 05:55:00,47.2
2025-06-12 17:29:00,94.8
2025-06-12 13:50:00,6.6
2025-06-12 07:23:00,68.3
2025-06-12 09:42:00,49.9464552238806
2025-06-12 14:26:00,17.7
2025-06-12 18:56:00,49.9464552238806
2025-06-12 04:32:00,49.9464552238806
2025-06-12 11:05:00,88.1
2025-06-12 19:30:00,2.0
2025-06-12 20:39:00,49.9464552238806
2025-06-12 17:03:00,36.3
2025-06-12 15:09:00,34.5
2025-06-12 19:29:00,46.2
2025-06-12 16:46:00,35.6
2025-06-12 02:21:00,49.9464552238806
2025-06-12 22:32:00,49.9464552238806
2025-06-12 05:02:00,11.2
2025-06-12 06:32:00,45.8
2025-06-12 16:31:00,78.2
2025-06-12 14:41:00,45.6
2025-06-12 19:53:00,49.9464552238806
2025-06-12 03:22:00,30.5
2025-06-12 06:40:00,19.3
2025-06-12 05:51:00,89.5
2025-06-12 18:25:00,49.9464552238806
2025-06-12 13:36:00,22.1
2025-06-12 01:47:00,67.1
2025-06-12 15:31:00,5.3
2025-06-12 10:44:00,25.7
2025-06-12 03:03:00,30.7
2025-06-12 07:09:00,52.7
2025-06-12 02:51:00,27.4
2025-06-12 17:40:00,8.3
2025-06-12 03:43:00,39.3
2025-06-12 02:42:00,68.9
2025-06-12 15:47:00,99.1
2025-06-12 21:38:00,57.6
2025-06-12 17:17:00,85.6
2025-06-12 18:44:00,55.3
2025-06-12 15:41:00,49.9464552238806
2025-06-12 17:48:00,11.4
2025-06-12 15:21:00,49.9464552238806
2025-06-12 17:04:00,78.2
2025-06-12 07:39:00,99.0
2025-06-12 02:59:00,1.5
2025-06-12 15:30:00,49.9464552238806
2025-06-12 14:21:00,15.7
2025-06-12 23:11:00,57.4
2025-06-12 16:42:00,98.2
2025-06-12 22:05:00,49.742524640779
2025-06-12 21:26:00,96.1
2025-06-12 11:03:00,64.5
2025-06-12 16:48:00,66.8
2025-06-12 16:47:00,11.5
2025-06-12 03:35:00,49.742524640779
2025-06-12 23:37:00,12.5
2025-06-12 16:50:00,32.2
2025-06-12 11:27:00,21.7
2025-06-12 23:49:00,78.2
2025-06-12 02:53:00,40.1
2025-06-12 01:43:00,61.7
2025-06-12 07:47:00,70.7
2025-06-12 10:10:00,83.4
2025-06-12 03:26:00,10.0
2025-06-12 00:48:00,28.0
2025-06-12 02:12:00,24.4
2025-06-12 13:15:00,21.3
2025-06-12 09:07:00,49.742524640779
2025-06-12 01:09:00,49.742524640779
2025-06-12 13:28:00,68.2
2025-06-12 07:14:00,49.742524640779
2025-06-12 22:57:00,19.2
2025-06-12 14:32:00,70.4
2025-06-12 17:03:00,2.4
2025-06-12 13:44:00,26.9
2025-06-12 20:09:00,66.0
2025-06-12 09:27:00,42.6
2025-06-12 00:09:00,13.3
2025-06-12 08:10:00,81.9
2025-06-12 18:05:00,58.2
2025-06-12 18:38:00,14.3
2025-06-12 06:47:00,30.9
2025-06-12 13:57:00,86.2
2025-06-12 06:34:00,99.0
2025-06-12 21:58:00,84.8
2025-06-12 20:06:00,46.5
2025-06-12 00:04:00,35.3
2025-06-12 21:06:00,50.9
2025-06-12 12:55:00,49.2
2025-06-12 10:32:00,42.8
2025-06-12 13:47:00,65.5
2025-06-12 07:29:00,32.3
2025-06-12 18:51:00,50.7
2025-06-12 19:35:00,4.6
2025-06-12 10:11:00,54.0
2025-06-12 07:35:00,49.742524640779
2025-06-12 12:05:00,30.9
2025-06-12 13:21:00,49.742524640779
2025-06-12 05:08:00,12.2
2025-06-12 08:12:00,43.9
2025-06-12 02:00:00,12.2
2025-06-12 17:46:00,49.742524640779
2025-06-12 15:04:00,53.9
2025-06-12 10:21:00,92.8
2025-06-12 21:45:00,56.9
2025-06-12 16:39:00,0.7
2025-06-12 08:42:00,11.1
2025-06-12 00:44:00,22.5
2025-06-12 06:51:00,96.2
2025-06-12 16:43:00,33.3
2025-06-12 21:57:00,28.9
2025-06-12 08:19:00,49.742524640779
2025-06-12 04:23:00,99.9
2025-06-12 15:17:00,49.742524640779
2025-06-12 02:31:00,1.1
2025-06-12 20:16:00,8.2
2025-06-12 22:15:00,49.742524640779
2025-06-12 22:32:00,46.2
2025-06-12 13:01:00,53.4
2025-06-12 19:59:00,38.9
2025-06-12 09:35:00,74.5
2025-06-12 13:27:00,85.1
2025-06-12 10:29:00,42.4
2025-06-12 23:06:00,46.7
2025-06-12 23:08:00,15.4
2025-06-12 04:51:00,46.6
2025-06-12 22:35:00,49.742524640779
2025-06-12 16:05:00,6.8
2025-06-12 21:01:00,24.4
2025-06-12 01:30:00,50.1
2025-06-12 18:19:00,9.6
2025-06-12 03:41:00,67.7
2025-06-12 02:18:00,92.9
2025-06-12 05:32:00,24.0
2025-06-12 10:47:00,70.7
2025-06-12 10:41:00,28.0
2025-06-12 21:51:00,7.6
2025-06-12 09:09:00,31.9
2025-06-12 13:07:00,49.742524640779
2025-06-12 10:39:00,48.4
2025-06-12 10:53:00,39.0
2025-06-12 00:37:00,17.8
2025-06-12 07:27:00,49.742524640779
2025-06-12 17:24:00,61.6
2025-06-12 17:06:00,35.1
2025-06-12 07:11:00,92.2
2025-06-12 10:07:00,96.0
2025-06-12 19:44:00,78.4
2025-06-12 04:05:00,90.3
2025-06-12 13:17:00,88.6
2025-06-12 14:55:00,69.9
2025-06-12 17:57:00,17.7
2025-06-12 23:53:00,42.6
2025-06-12 17:13:00,60.2
2025-06-12 21:38:00,16.8
2025-06-12 03:05:00,26.6
2025-06-12 09:46:00,25.0
2025-06-12 13:23:00,40.1
2025-06-12 19:04:00,67.9
2025-06-12 12:53:00,2.8
2025-06-12 17:59:00,71.1
2025-06-12 22:33:00,20.8
2025-06-12 21:03:00,45.7
2025-06-12 02:08:00,49.742524640779
2025-06-12 11:59:00,10.5
2025-06-12 03:22:00,82.6
2025-06-12 19:52:00,38.1
2025-06-12 22:09:00,48.4
2025-06-12 14:03:00,87.8
2025-06-12 21:12:00,88.6
2025-06-12 11:36:00,2.4
2025-06-12 20:48:00,49.742524640779
2025-06-12 10:00:00,69.4
2025-06-12 16:21:00,66.7
2025-06-12 07:18:00,25.8
2025-06-12 16:37:00,53.0
2025-06-12 09:40:00,32.3
2025-06-12 19:46:00,49.742524640779
2025-06-12 13:18:00,54.2
2025-06-12 06:06:00,39.6
2025-06-12 15:21:00,80.4
2025-06-12 22:54:00,12.7
2025-06-12 05:27:00,7.8
2025-06-12 17:25:00,32.4
2025-06-12 03:24:00,46.1
2025-06-12 09:41:00,49.742524640779
2025-06-12 08:55:00,7.1
2025-06-12 15:33:00,5.5
2025-06-12 21:08:00,71.5
2025-06-12 06:07:00,6.4
2025-06-12 02:09:00,34.1
2025-06-12 12:11:00,55.6
2025-06-12 11:54:00,57.7
2025-06-12 17:35:00,48.0
2025-06-12 05:09:00,49.742524640779
2025-06-12 01:46:00,39.8
2025-06-12 18:22:00,95.2
2025-06-12 02:25:00,87.4
2025-06-12 03:47:00,68.1
2025-06-12 15:11:00,86.9
2025-06-12 08:39:00,50.8
2025-06-12 19:05:00,38.5
2025-06-12 14:48:00,85.0
2025-06-12 04:18:00,54.2
2025-06-12 04:35:00,20.0
2025-06-12 04:29:00,73.5
2025-06-12 11:42:00,19.0
2025-06-12 06:09:00,0.2
2025-06-12 07:37:00,27.2
2025-06-12 16:10:00,13.0
2025-06-12 13:08:00,76.0
2025-06-12 19:20:00,79.2
2025-06-12 08:54:00,82.1
2025-06-12 09:42:00,71.3
2025-06-12 20:29:00,12.3
2025-06-12 18:03:00,85.0
2025-06-12 08:18:00,14.8
2025-06-12 20:22:00,49.5
2025-06-12 05:53:00,31.3
2025-06-12 05:33:00,87.3
2025-06-12 23:33:00,53.0
2025-06-12 01:10:00,35.9
2025-06-12 14:21:00,78.9
2025-06-12 19:34:00,39.5
2025-06-12 03:44:00,21.3
2025-06-12 14:36:00,81.3
2025-06-12 12:35:00,57.0
2025-06-12 07:57:00,0.7
2025-06-12 13:46:00,49.742524640779
2025-06-12 13:39:00,52.1
2025-06-12 21:10:00,20.8
2025-06-12 10:23:00,61.7
2025-06-12 06:05:00,22.9
2025-06-12 18:01:00,49.742524640779
2025-06-12 13:04:00,29.1
2025-06-12 01:52:00,91.7
2025-06-12 21:43:00,35.6
2025-06-12 07:06:00,46.1
2025-06-12 10:03:00,49.742524640779
2025-06-12 09:44:00,70.5
2025-06-12 06:13:00,98.3
2025-06-12 11:40:00,13.3
2025-06-12 03:21:00,4.1
2025-06-12 20:27:00,69.0
2025-06-12 23:38:00,70.6
2025-06-12 05:56:00,49.742524640779
2025-06-12 17:00:00,99.3
2025-06-12 23:36:00,93.1
2025-06-12 07:08:00,95.6
2025-06-12 22:23:00,49.742524640779
2025-06-12 23:47:00,49.742524640779
2025-06-12 09:38:00,31.0
2025-06-12 19:19:00,49.742524640779
2025-06-12 03:53:00,45.5
2025-06-12 05:02:00,61.4
2025-06-12 22:18:00,32.1
2025-06-12 11:51:00,36.0
2025-06-12 08:27:00,44.4
2025-06-12 22:21:00,89.5
2025-06-12 03:33:00,89.5
2025-06-12 11:49:00,1.7
2025-06-12 20:51:00,75.3
2025-06-12 05:28:00,3.1
2025-06-12 16:34:00,25.2
2025-06-12 02:46:00,52.8
2025-06-12 23:01:00,49.742524640779
2025-06-12 05:04:00,42.0
2025-06-12 01:34:00,62.3
2025-06-12 14:39:00,69.2
2025-06-12 04:54:00,36.3
2025-06-12 13:38:00,47.4
2025-06-12 01:02:00,49.742524640779
2025-06-12 18:46:00,23.4
2025-06-12 16:35:00,59.1
2025-06-12 21:52:00,40.1
2025-06-12 22:37:00,49.742524640779
2025-06-12 19:36:00,1.1
2025-06-12 15:53:00,96.6
2025-06-12 08:46:00,56.4
2025-06-12 06:45:00,68.2
2025-06-12 00:41:00,53.9
2025-06-12 13:33:00,49.742524640779
2025-06-12 04:42:00,49.742524640779
2025-06-12 03:58:00,3.3
2025-06-12 19:40:00,1.0
2025-06-12 17:55:00,17.3
2025-06-12 23:25:00,49.742524640779
2025-06-12 08:11:00,57.3
2025-06-12 21:20:00,49.742524640779
2025-06-12 17:22:00,92.3
2025-06-12 22:14:00,5.0
2025-06-12 18:00:00,71.6
2025-06-12 15:29:00,29.4
2025-06-12 22:46:00,62.5
2025-06-12 15:35:00,8.8
2025-06-12 06:32:00,56.0
2025-06-12 14:12:00,90.0
2025-06-12 02:44:00,52.8
2025-06-12 16:36:00,37.9
2025-06-12 03:37:00,6.6
2025-06-12 09:47:00,48.0
2025-06-12 12:06:00,85.5
2025-06-12 08:41:00,30.3
2025-06-12 19:31:00,26.4
2025-06-12 18:12:00,49.742524640779
2025-06-12 05:43:00,49.742524640779
2025-06-12 17:49:00,49.0
2025-06-12 13:50:00,49.742524640779
2025-06-12 16:06:00,46.9
2025-06-12 21:04:00,67.9
2025-06-12 13:16:00,20.0
2025-06-12 17:27:00,53.0
2025-06-12 00:12:00,98.2
2025-06-12 13:22:00,71.7
2025-06-12 20:49:00,38.7
2025-06-12 15:31:00,70.0
2025-06-12 01:26:00,22.7
2025-06-12 06:40:00,61.1
2025-06-12 07:43:00,83.8
2025-06-12 08:56:00,41.0
2025-06-12 12:57:00,65.4
2025-06-12 20:08:00,76.2
2025-06-12 07:23:00,49.742524640779
2025-06-12 08:23:00,72.4
2025-06-12 03:14:00,24.5
2025-06-12 04:43:00,49.742524640779
2025-06-12 16:13:00,62.1
2025-06-12 01:22:00,88.6
2025-06-12 01:59:00,49.742524640779
2025-06-12 23:13:00,15.6
2025-06-12 20:31:00,11.9
2025-06-12 15:23:00,10.4
2025-06-12 02:58:00,7.6
2025-06-12 13:55:00,40.2
2025-06-12 11:34:00,49.742524640779
2025-06-12 05:57:00,68.9
2025-06-12 22:24:00,93.2
2025-06-12 02:39:00,60.7
2025-06-12 03:59:00,6.5
2025-06-12 12:12:00,74.4
2025-06-12 09:00:00,50.1
2025-06-12 19:00:00,49.742524640779
2025-06-12 18:17:00,7.2
2025-06-12 16:52:00,6.7
2025-06-12 00:19:00,96.6
2025-06-12 17:52:00,64.7
2025-06-12 01:28:00,97.8
2025-06-12 17:42:00,0.0
2025-06-12 19:57:00,13.2
2025-06-12 18:48:00,95.7
2025-06-12 18:20:00,50.09606761356967
2025-06-12 09:31:00,5.9
2025-06-12 11:35:00,50.09606761356967
2025-06-12 06:50:00,44.9
2025-06-12 15:28:00,77.9
2025-06-12 03:12:00,50.09606761356967
2025-06-12 09:00:00,47.7
2025-06-12 05:31:00,42.1
2025-06-12 20:11:00,21.5
2025-06-12 03:21:00,75.7
2025-06-12 06:02:00,1.8
2025-06-12 11:11:00,70.0
2025-06-12 08:41:00,70.6
2025-06-12 23:17:00,45.2
2025-06-12 21:38:00,19.9
2025-06-12 13:09:00,50.09606761356967
2025-06-12 12:36:00,50.09606761356967
2025-06-12 16:09:00,84.1
2025-06-12 12:29:00,17.0
2025-06-12 13:32:00,53.3
2025-06-12 08:08:00,59.5
2025-06-12 10:24:00,32.5
2025-06-12 01:20:00,42.6
2025-06-12 02:43:00,57.6
2025-06-12 15:38:00,42.5
2025-06-12 15:36:00,59.7
2025-06-12 10:04:00,38.0
2025-06-12 17:38:00,35.5
2025-06-12 16:39:00,70.6
2025-06-12 08:55:00,69.7
2025-06-12 15:41:00,70.6
2025-06-12 02:59:00,50.09606761356967
2025-06-12 23:22:00,3.7
2025-06-12 16:02:00,66.5
2025-06-12 09:15:00,49.9
2025-06-12 07:35:00,94.8
2025-06-12 03:51:00,60.8
2025-06-12 07:47:00,9.7
2025-06-12 21:14:00,50.09606761356967
2025-06-12 07:06:00,33.6
2025-06-12 23:41:00,80.7
2025-06-12 15:10:00,11.6
2025-06-12 11:49:00,86.0
2025-06-12 11:50:00,10.3
2025-06-12 16:06:00,29.6
2025-06-12 04:24:00,50.09606761356967
2025-06-12 00:23:00,34.5
2025-06-12 21:44:00,70.6
2025-06-12 20:52:00,64.7
2025-06-12 09:18:00,56.0
2025-06-12 07:04:00,7.5
2025-06-12 08:43:00,32.6
2025-06-12 22:52:00,38.0
2025-06-12 23:31:00,13.6
2025-06-12 14:46:00,31.7
2025-06-12 02:18:00,34.2
2025-06-12 12:05:00,17.9
2025-06-12 10:45:00,48.6
2025-06-12 00:31:00,50.09606761356967
2025-06-12 11:18:00,94.2
2025-06-12 21:42:00,38.4
2025-06-12 15:52:00,73.4
2025-06-12 18:18:00,74.9
2025-06-12 05:34:00,53.3
2025-06-12 00:16:00,34.7
2025-06-12 16:41:00,6.1
2025-06-12 06:48:00,83.0
2025-06-12 19:37:00,57.5
2025-06-12 01:34:00,29.2
2025-06-12 14:22:00,3.5
2025-06-12 08:49:00,21.9
2025-06-12 23:42:00,68.0
2025-06-12 17:17:00,18.7
2025-06-12 18:50:00,48.5
2025-06-12 05:23:00,94.3
2025-06-12 22:12:00,55.4
2025-06-12 20:16:00,50.09606761356967
2025-06-12 06:07:00,24.6
2025-06-12 13:00:00,29.0
2025-06-12 05:42:00,50.09606761356967
2025-06-12 09:49:00,99.0
2025-06-12 10:47:00,96.4
2025-06-12 05:18:00,47.6
2025-06-12 09:52:00,2.8
2025-06-12 03:15:00,91.5
2025-06-12 21:53:00,17.2
2025-06-12 10:48:00,19.2
2025-06-12 07:02:00,50.09606761356967
2025-06-12 05:48:00,37.6
2025-06-12 03:33:00,79.9
2025-06-12 14:55:00,13.1
2025-06-12 19:27:00,92.8
2025-06-12 10:57:00,80.2
2025-06-12 02:06:00,72.1
2025-06-12 23:55:00,97.2
2025-06-12 23:46:00,51.6
2025-06-12 17:59:00,50.09606761356967
2025-06-12 23:33:00,26.3
2025-06-12 00:46:00,50.09606761356967
2025-06-12 07:09:00,47.7
2025-06-12 16:46:00,60.6
2025-06-12 17:13:00,41.6
2025-06-12 20:43:00,19.0
2025-06-12 01:56:00,56.8
2025-06-12 21:04:00,26.1
2025-06-12 01:47:00,81.7
2025-06-12 07:53:00,24.3
2025-06-12 00:18:00,69.4
2025-06-12 00:24:00,85.0
2025-06-12 04:11:00,53.4
2025-06-12 15:18:00,32.9
2025-06-12 17:23:00,6.8
2025-06-12 18:23:00,59.7
2025-06-12 17:34:00,88.7
2025-06-12 17:31:00,70.9
2025-06-12 12:08:00,46.3
2025-06-12 15:34:00,68.7
2025-06-12 09:06:00,50.09606761356967
2025-06-12 03:22:00,3.1
2025-06-12 10:42:00,50.09606761356967
2025-06-12 04:03:00,57.4
2025-06-12 00:11:00,37.8
2025-06-12 05:17:00,50.09606761356967
2025-06-12 22:49:00,43.7
2025-06-12 19:35:00,5.0
2025-06-12 21:41:00,9.2
2025-06-12 02:46:00,38.9
2025-06-12 01:51:00,61.8
2025-06-12 13:03:00,23.7
2025-06-12 00:04:00,50.09606761356967
2025-06-12 14:18:00,26.6
2025-06-12 19:33:00,47.3
2025-06-12 04:27:00,50.09606761356967
2025-06-12 13:31:00,5.6
2025-06-12 09:10:00,63.6
2025-06-12 15:15:00,69.5
2025-06-12 19:17:00,50.09606761356967
2025-06-12 02:39:00,31.8
2025-06-12 14:43:00,6.0
2025-06-12 12:48:00,50.09606761356967
2025-06-12 19:40:00,79.5
2025-06-12 20:34:00,21.3
2025-06-12 12:24:00,70.7
2025-06-12 18:59:00,50.09606761356967
2025-06-12 10:46:00,71.8
2025-06-12 16:05:00,33.1
2025-06-12 17:00:00,14.8
2025-06-12 13:44:00,51.3
2025-06-12 19:51:00,54.5
2025-06-12 02:02:00,17.0
2025-06-12 19:11:00,27.3
2025-06-12 09:32:00,91.0
2025-06-12 01:19:00,77.8
2025-06-12 21:16:00,57.9
2025-06-12 19:14:00,63.6
2025-06-12 02:47:00,12.6
2025-06-12 00:33:00,24.5
2025-06-12 19:28:00,26.2
2025-06-12 06:49:00,50.09606761356967
2025-06-12 01:06:00,83.3
2025-06-12 10:30:00,44.9
2025-06-12 14:29:00,50.09606761356967
2025-06-12 22:50:00,69.2
2025-06-12 11:39:00,8.8
2025-06-12 04:43:00,35.2
2025-06-12 17:53:00,77.9
2025-06-12 19:31:00,59.4
2025-06-12 12:20:00,85.8
2025-06-12 07:48:00,30.0
2025-06-12 18:33:00,50.09606761356967
2025-06-12 09:21:00,96.6
2025-06-12 11:34:00,57.2
2025-06-12 23:11:00,29.4
2025-06-12 08:26:00,2.0
2025-06-12 04:48:00,18.8
2025-06-12 14:24:00,12.8
2025-06-12 17:06:00,80.8
2025-06-12 20:09:00,34.7
2025-06-12 21:35:00,31.1
2025-06-12 13:49:00,83.3
2025-06-12 20:55:00,24.7
2025-06-12 22:39:00,63.4
2025-06-12 21:43:00,59.8
2025-06-12 08:34:00,13.1
2025-06-12 01:14:00,50.2
2025-06-12 06:30:00,82.9
2025-06-12 13:20:00,50.09606761356967
2025-06-12 21:55:00,17.4
2025-06-12 19:38:00,47.5
2025-06-12 03:23:00,50.09606761356967
2025-06-12 02:55:00,3.3
2025-06-12 10:31:00,84.8
2025-06-12 05:08:00,29.9
2025-06-12 14:41:00,3.5
2025-06-12 11:58:00,38.9
2025-06-12 06:34:00,56.1
2025-06-12 02:29:00,46.9
2025-06-12 09:53:00,37.5
2025-06-12 03:42:00,2.1
2025-06-12 02:58:00,59.4
2025-06-12 09:20:00,50.09606761356967
2025-06-12 10:58:00,50.09606761356967
2025-06-12 02:11:00,51.4
2025-06-12 05:52:00,29.3
2025-06-12 18:53:00,75.1
2025-06-12 04:25:00,98.8
2025-06-12 06:38:00,92.6
2025-06-12 07:58:00,50.09606761356967
2025-06-12 12:04:00,38.3
2025-06-12 12:07:00,50.09606761356967
2025-06-12 00:09:00,15.9
2025-06-12 04:39:00,43.2
2025-06-12 04:36:00,25.4
2025-06-12 02:54:00,71.8
2025-06-12 00:48:00,69.5
2025-06-12 11:57:00,72.7
2025-06-12 22:23:00,76.9
2025-06-12 17:22:00,26.4
2025-06-12 05:19:00,15.3
2025-06-12 00:45:00,5.6
2025-06-12 05:35:00,45.3
2025-06-12 23:47:00,1.5
2025-06-12 00:38:00,51.9
2025-06-12 17:47:00,33.7
2025-06-12 18:49:00,1.7
2025-06-12 14:30:00,14.5
2025-06-12 18:03:00,83.9
2025-06-12 10:29:00,2.4
2025-06-12 16:55:00,25.6
2025-06-12 16:49:00,50.09606761356967
2025-06-12 05:02:00,35.8
2025-06-12 22:08:00,50.09606761356967
2025-06-12 19:54:00,14.2
2025-06-12 05:28:00,75.9
2025-06-12 18:24:00,30.4
2025-06-12 20:06:00,24.3
2025-06-12 02:56:00,72.1
2025-06-12 19:34:00,62.5
2025-06-12 08:21:00,8.0
2025-06-12 19:02:00,40.9
2025-06-12 23:43:00,79.9
2025-06-12 06:21:00,50.09606761356967
2025-06-12 12:10:00,70.4
2025-06-12 23:15:00,25.3
2025-06-12 19:49:00,82.1
2025-06-12 03:55:00,3.4
2025-06-12 07:51:00,4.1
2025-06-12 00:41:00,50.09606761356967
2025-06-12 22:31:00,10.5
2025-06-12 14:07:00,50.09606761356967
2025-06-12 06:45:00,98.5
2025-06-12 23:02:00,85.3
2025-06-12 10:17:00,60.4
2025-06-12 00:34:00,51.4
2025-06-12 18:36:00,83.9
2025-06-12 02:36:00,38.8
2025-06-12 06:43:00,70.5
2025-06-12 21:09:00,97.4
2025-06-12 19:47:00,16.7
2025-06-12 06:31:00,2.2
2025-06-12 17:16:00,62.9
2025-06-12 21:56:00,60.2
2025-06-12 01:07:00,50.09606761356967
2025-06-12 09:16:00,57.8
2025-06-12 17:21:00,50.09606761356967
2025-06-12 20:42:00,80.2
2025-06-12 13:18:00,93.2
2025-06-12 07:39:00,50.09606761356967
2025-06-12 17:12:00,50.09606761356967
2025-06-12 05:33:00,78.6
2025-06-12 12:42:00,10.8
2025-06-12 14:06:00,50.09606761356967
2025-06-12 18:31:00,74.4
2025-06-12 15:08:00,25.5
2025-06-12 11:52:00,98.7
2025-06-12 18:11:00,50.09606761356967
2025-06-12 02:51:00,89.6
2025-06-12 15:17:00,92.7
2025-06-12 12:17:00,4.0
2025-06-12 16:53:00,50.09606761356967
2025-06-12 17:19:00,33.0
2025-06-12 16:48:00,78.2
2025-06-12 16:30:00,37.3
2025-06-12 01:01:00,92.6
2025-06-12 06:18:00,35.7
2025-06-12 18:48:00,33.3
2025-06-12 11:48:00,32.1
2025-06-12 22:32:00,17.7
2025-06-12 20:05:00,39.6
2025-06-12 16:26:00,6.3
2025-06-12 17:40:00,22.0
2025-06-12 09:42:00,10.1
2025-06-12 08:05:00,50.09606761356967
2025-06-12 15:04:00,11.1
2025-06-12 15:27:00,74.9
2025-06-12 08:39:00,49.952608030142464
2025-06-12 03:18:00,52.6
2025-06-12 01:15:00,83.6
2025-06-12 08:07:00,7.2
2025-06-12 09:25:00,22.0
2025-06-12 15:34:00,11.1
2025-06-12 13:16:00,91.6
2025-06-12 11:07:00,69.7
2025-06-12 19:58:00,24.3
2025-06-12 15:07:00,24.5
2025-06-12 15:29:00,60.7
2025-06-12 06:33:00,49.952608030142464
2025-06-12 15:50:00,49.952608030142464
2025-06-12 02:47:00,20.4
2025-06-12 12:32:00,98.3
2025-06-12 22:53:00,86.9
2025-06-12 09:15:00,42.9
2025-06-12 06:42:00,60.5
2025-06-12 02:01:00,76.6
2025-06-12 00:44:00,56.1
2025-06-12 09:11:00,20.9
2025-06-12 20:20:00,17.4
2025-06-12 13:21:00,49.952608030142464
2025-06-12 02:23:00,47.8
2025-06-12 07:25:00,49.952608030142464
2025-06-12 19:05:00,11.9
2025-06-12 16:25:00,66.8
2025-06-12 17:12:00,9.3
2025-06-12 03:11:00,42.1
2025-06-12 23:05:00,49.952608030142464
2025-06-12 13:04:00,65.9
2025-06-12 14:41:00,35.0
2025-06-12 15:06:00,95.5
2025-06-12 00:03:00,72.7
2025-06-12 20:02:00,60.8
2025-06-12 20:04:00,54.7
2025-06-12 14:22:00,49.952608030142464
2025-06-12 05:44:00,10.0
2025-06-12 09:46:00,27.4
2025-06-12 09:52:00,67.6
2025-06-12 05:58:00,86.9
2025-06-12 18:42:00,49.952608030142464
2025-06-12 12:39:00,19.2
2025-06-12 12:20:00,51.9
2025-06-12 03:23:00,39.9
2025-06-12 22:03:00,99.1
2025-06-12 05:14:00,49.952608030142464
2025-06-12 20:46:00,16.7
2025-06-12 07:31:00,49.952608030142464
2025-06-12 18:20:00,22.7
2025-06-12 05:17:00,52.2
2025-06-12 12:22:00,49.952608030142464
2025-06-12 11:21:00,49.952608030142464
2025-06-12 18:13:00,62.9
2025-06-12 17:50:00,14.5
2025-06-12 12:49:00,60.3
2025-06-12 19:32:00,61.5
2025-06-12 05:43:00,56.2
2025-06-12 23:28:00,92.7
2025-06-12 23:44:00,75.2
2025-06-12 19:33:00,49.952608030142464
2025-06-12 10:19:00,8.8
2025-06-12 10:56:00,59.8
2025-06-12 07:20:00,94.6
2025-06-12 04:46:00,66.2
2025-06-12 01:22:00,87.2
2025-06-12 09:30:00,5.8
2025-06-12 10:38:00,47.1
2025-06-12 06:31:00,15.1
2025-06-12 19:44:00,22.7
2025-06-12 07:02:00,15.9
2025-06-12 22:19:00,34.8
2025-06-12 08:05:00,69.0
2025-06-12 03:42:00,36.5
2025-06-12 12:45:00,51.3
2025-06-12 07:23:00,91.4
2025-06-12 22:37:00,33.9
2025-06-12 11:31:00,30.0
2025-06-12 06:59:00,10.1
2025-06-12 16:33:00,27.3
2025-06-12 01:40:00,12.7
2025-06-12 18:34:00,81.8
2025-06-12 04:36:00,60.3
2025-06-12 19:00:00,46.0
2025-06-12 13:57:00,59.3
2025-06-12 02:26:00,30.0
2025-06-12 08:56:00,85.3
2025-06-12 10:57:00,65.9
2025-06-12 03:53:00,62.2
2025-06-12 18:55:00,49.952608030142464
2025-06-12 00:04:00,55.3
2025-06-12 16:46:00,24.7
2025-06-12 07:01:00,79.3
2025-06-12 18:15:00,62.2
2025-06-12 08:24:00,17.5
2025-06-12 00:38:00,29.3
2025-06-12 14:01:00,63.3
2025-06-12 10:40:00,26.6
2025-06-12 05:41:00,81.6
2025-06-12 08:13:00,55.9
2025-06-12 06:57:00,95.9
2025-06-12 02:07:00,16.9
2025-06-12 21:24:00,78.1
2025-06-12 13:37:00,32.5
2025-06-12 19:36:00,9.6
2025-06-12 22:20:00,13.8
2025-06-12 15:24:00,49.952608030142464
2025-06-12 09:10:00,87.9
2025-06-12 04:27:00,39.5
2025-06-12 18:36:00,94.1
2025-06-12 14:21:00,62.8
2025-06-12 05:53:00,92.5
2025-06-12 22:47:00,8.5
2025-06-12 14:12:00,77.3
2025-06-12 10:41:00,49.952608030142464
2025-06-12 21:13:00,48.5
2025-06-12 22:46:00,55.5
2025-06-12 19:31:00,76.2
2025-06-12 15:21:00,22.1
2025-06-12 04:26:00,86.0
2025-06-12 09:20:00,54.5
2025-06-12 23:13:00,19.3
2025-06-12 20:47:00,30.5
2025-06-12 09:43:00,24.2
2025-06-12 19:04:00,19.2
2025-06-12 02:36:00,67.2
2025-06-12 08:00:00,85.1
2025-06-12 01:13:00,83.0
2025-06-12 08:51:00,47.0
2025-06-12 10:29:00,26.0
2025-06-12 14:46:00,49.952608030142464
2025-06-12 04:03:00,76.6
2025-06-12 17:00:00,49.952608030142464
2025-06-12 22:27:00,54.7
2025-06-12 03:57:00,31.0
2025-06-12 15:15:00,23.2
2025-06-12 11:34:00,54.5
2025-06-12 02:03:00,20.2
2025-06-12 00:24:00,86.2
2025-06-12 07:00:00,13.0
2025-06-12 08:42:00,49.952608030142464
2025-06-12 02:16:00,9.6
2025-06-12 05:39:00,13.8
2025-06-12 22:42:00,41.6
2025-06-12 18:22:00,88.3
2025-06-12 14:25:00,55.2
2025-06-12 01:18:00,10.6
2025-06-12 04:57:00,92.2
2025-06-12 08:25:00,24.7
2025-06-12 22:59:00,84.6
2025-06-12 05:47:00,7.3
2025-06-12 03:43:00,71.9
2025-06-12 01:02:00,32.1
2025-06-12 23:29:00,32.8
2025-06-12 19:55:00,79.2
2025-06-12 06:18:00,36.4
2025-06-12 17:27:00,96.9
2025-06-12 18:49:00,23.5
2025-06-12 01:36:00,66.1
2025-06-12 15:00:00,15.7
2025-06-12 22:14:00,65.3
2025-06-12 17:54:00,51.9
2025-06-12 18:03:00,68.3
2025-06-12 13:54:00,84.6
2025-06-12 17:35:00,57.9
2025-06-12 17:56:00,15.1
2025-06-12 09:19:00,89.9
2025-06-12 18:08:00,0.9
2025-06-12 18:23:00,3.6
2025-06-12 06:03:00,27.9
2025-06-12 04:50:00,92.1
2025-06-12 19:46:00,1.5
2025-06-12 01:31:00,9.7
2025-06-12 14:17:00,49.952608030142464
2025-06-12 22:40:00,38.0
2025-06-12 04:59:00,69.6
2025-06-12 10:33:00,50.7
2025-06-12 02:45:00,79.3
2025-06-12 04:09:00,93.0
2025-06-12 18:28:00,85.0
2025-06-12 04:30:00,91.7
2025-06-12 20:56:00,82.8
2025-06-12 04:40:00,59.7
2025-06-12 22:45:00,49.952608030142464
2025-06-12 18:46:00,35.0
2025-06-12 18:37:00,58.3
2025-06-12 15:36:00,49.952608030142464
2025-06-12 21:54:00,27.3
2025-06-12 15:14:00,95.1
2025-06-12 09:57:00,83.7
2025-06-12 03:00:00,49.952608030142464
2025-06-12 00:29:00,49.952608030142464
2025-06-12 04:51:00,17.1
2025-06-12 11:44:00,69.0
2025-06-12 11:18:00,58.4
2025-06-12 03:25:00,42.2
2025-06-12 07:41:00,94.8
2025-06-12 22:28:00,66.8
2025-06-12 02:11:00,49.952608030142464
2025-06-12 21:05:00,0.6
2025-06-12 20:36:00,88.9
2025-06-12 17:39:00,87.2
2025-06-12 02:54:00,70.2
2025-06-12 16:29:00,49.952608030142464
2025-06-12 00:58:00,49.952608030142464
2025-06-12 02:08:00,85.1
2025-06-12 19:03:00,48.6
2025-06-12 11:58:00,49.952608030142464
2025-06-12 02:24:00,77.3
2025-06-12 18:59:00,34.5
2025-06-12 15:03:00,88.3
2025-06-12 22:57:00,76.2
2025-06-12 00:05:00,49.952608030142464
2025-06-12 15:44:00,35.7
2025-06-12 11:20:00,25.2
2025-06-12 18:53:00,27.9
2025-06-12 19:47:00,34.1
2025-06-12 12:51:00,27.8
2025-06-12 02:04:00,49.952608030142464
2025-06-12 08:52:00,99.3
2025-06-12 18:27:00,5.0
2025-06-12 22:16:00,49.952608030142464
2025-06-12 20:52:00,49.952608030142464
2025-06-12 01:09:00,87.0
2025-06-12 16:54:00,50.8
2025-06-12 18:39:00,21.5
2025-06-12 22:33:00,42.4
2025-06-12 04:14:00,27.9
2025-06-12 17:01:00,49.952608030142464
2025-06-12 10:05:00,38.2
2025-06-12 19:43:00,49.952608030142464
2025-06-12 02:12:00,4.7
2025-06-12 02:41:00,49.952608030142464
2025-06-12 21:38:00,49.952608030142464
2025-06-12 11:47:00,49.952608030142464
2025-06-12 21:57:00,22.1
2025-06-12 21:09:00,15.5
2025-06-12 08:17:00,6.9
2025-06-12 13:51:00,34.8
2025-06-12 10:32:00,84.7
2025-06-12 16:53:00,95.5
2025-06-12 02:37:00,79.5
2025-06-12 01:30:00,70.2
2025-06-12 15:02:00,0.7
2025-06-12 07:28:00,5.4
2025-06-12 20:35:00,9.6
2025-06-12 05:26:00,10.3
2025-06-12 05:31:00,12.0
2025-06-12 16:07:00,77.6
2025-06-12 04:48:00,10.5
2025-06-12 09:05:00,76.1
2025-06-12 16:24:00,49.952608030142464
2025-06-12 18:56:00,27.2
2025-06-12 10:39:00,85.9
2025-06-12 15:35:00,24.9
2025-06-12 21:25:00,85.1
2025-06-12 00:16:00,5.9
2025-06-12 12:30:00,45.7
2025-06-12 20:19:00,88.0
2025-06-12 12:13:00,49.952608030142464
2025-06-12 17:51:00,84.3
2025-06-12 18:07:00,21.5
2025-06-12 18:48:00,14.2
2025-06-12 20:33:00,3.7
2025-06-12 06:56:00,79.6
2025-06-12 08:22:00,18.7
2025-06-12 02:48:00,20.6
2025-06-12 03:32:00,28.4
2025-06-12 21:18:00,49.952608030142464
2025-06-12 08:14:00,12.2
2025-06-12 03:07:00,47.7
2025-06-12 14:08:00,77.6
2025-06-12 03:52:00,28.1
2025-06-12 03:10:00,61.4
2025-06-12 00:07:00,82.0
2025-06-12 15:39:00,32.9
2025-06-12 09:37:00,97.9
2025-06-12 18:13:00,29.2
2025-06-12 06:41:00,50.21640523646657
2025-06-12 21:30:00,27.3
2025-06-12 16:21:00,50.21640523646657
2025-06-12 17:38:00,50.21640523646657
2025-06-12 17:00:00,40.3
2025-06-12 02:53:00,93.0
2025-06-12 14:21:00,82.4
2025-06-12 05:45:00,29.4
2025-06-12 18:41:00,59.0
2025-06-12 02:41:00,8.2
2025-06-12 19:55:00,64.1
2025-06-12 00:51:00,93.0
2025-06-12 06:36:00,90.5
2025-06-12 21:20:00,26.0
2025-06-12 15:23:00,76.1
2025-06-12 16:55:00,78.8
2025-06-12 21:42:00,69.5
2025-06-12 15:24:00,18.9
2025-06-12 00:19:00,38.3
2025-06-12 15:47:00,7.8
2025-06-12 13:26:00,55.6
2025-06-12 22:17:00,66.5
2025-06-12 04:26:00,18.8
2025-06-12 00:22:00,91.0
2025-06-12 18:10:00,93.6
2025-06-12 22:14:00,50.21640523646657
2025-06-12 15:50:00,50.21640523646657
2025-06-12 21:34:00,92.1
2025-06-12 21:37:00,97.7
2025-06-12 01:38:00,1.4
2025-06-12 01:51:00,36.8
2025-06-12 18:21:00,16.4
2025-06-12 04:32:00,50.21640523646657
2025-06-12 21:55:00,82.9
2025-06-12 04:27:00,76.5
2025-06-12 00:58:00,34.2
2025-06-12 20:08:00,94.4
2025-06-12 20:11:00,50.21640523646657
2025-06-12 10:52:00,80.4
2025-06-12 09:55:00,50.21640523646657
2025-06-12 03:00:00,97.9
2025-06-12 13:29:00,86.4
2025-06-12 00:38:00,76.4
2025-06-12 10:04:00,50.21640523646657
2025-06-12 23:37:00,99.2
2025-06-12 18:39:00,68.1
2025-06-12 20:52:00,4.6
2025-06-12 02:12:00,36.9
2025-06-12 14:03:00,50.21640523646657
2025-06-12 11:03:00,77.8
2025-06-12 08:17:00,11.2
2025-06-12 19:42:00,91.1
2025-06-12 14:37:00,9.6
2025-06-12 13:35:00,50.21640523646657
2025-06-12 06:20:00,26.5
2025-06-12 23:09:00,44.6
2025-06-12 05:23:00,34.4
2025-06-12 03:08:00,36.1
2025-06-12 11:11:00,50.21640523646657
2025-06-12 23:30:00,40.3
2025-06-12 07:41:00,19.0
2025-06-12 15:38:00,52.7
2025-06-12 00:31:00,66.7
2025-06-12 14:33:00,83.1
2025-06-12 03:07:00,16.8
2025-06-12 12:40:00,41.1
2025-06-12 12:20:00,50.21640523646657
2025-06-12 22:13:00,17.1
2025-06-12 08:07:00,55.2
2025-06-12 14:25:00,9.4
2025-06-12 03:19:00,50.21640523646657
2025-06-12 01:02:00,50.21640523646657
2025-06-12 01:10:00,26.8
2025-06-12 11:36:00,50.21640523646657
2025-06-12 23:16:00,70.2
2025-06-12 23:32:00,60.0
2025-06-12 00:03:00,64.0
2025-06-12 00:27:00,31.5
2025-06-12 06:08:00,75.9
2025-06-12 22:53:00,71.5
2025-06-12 09:42:00,92.7
2025-06-12 10:29:00,35.2
2025-06-12 08:24:00,40.8
2025-06-12 22:18:00,46.6
2025-06-12 05:12:00,81.1
2025-06-12 03:14:00,75.1
2025-06-12 23:17:00,50.21640523646657
2025-06-12 21:41:00,50.21640523646657
2025-06-12 11:58:00,50.21640523646657
2025-06-12 19:00:00,54.8
2025-06-12 11:12:00,30.2
2025-06-12 13:36:00,18.8
2025-06-12 18:12:00,13.4
2025-06-12 03:39:00,50.21640523646657
2025-06-12 12:21:00,51.6
2025-06-12 06:59:00,11.9
2025-06-12 06:21:00,30.9
2025-06-12 03:18:00,97.4
2025-06-12 17:18:00,81.8
2025-06-12 19:16:00,70.3
2025-06-12 21:24:00,98.3
2025-06-12 22:51:00,24.6
2025-06-12 10:55:00,30.8
2025-06-12 19:03:00,57.0
2025-06-12 02:03:00,40.0
2025-06-12 16:41:00,30.6
2025-06-12 01:20:00,21.5
2025-06-12 05:14:00,90.3
2025-06-12 13:12:00,23.5
2025-06-12 19:39:00,72.9
2025-06-12 06:28:00,50.21640523646657
2025-06-12 15:54:00,44.3
2025-06-12 16:17:00,60.4
2025-06-12 19:23:00,0.1
2025-06-12 19:25:00,28.9
2025-06-12 16:43:00,50.21640523646657
2025-06-12 11:49:00,36.1
2025-06-12 09:50:00,50.21640523646657
2025-06-12 00:33:00,68.0
2025-06-12 05:09:00,50.21640523646657
2025-06-12 16:48:00,36.0
2025-06-12 18:52:00,97.5
2025-06-12 08:28:00,76.1
2025-06-12 08:09:00,14.6
2025-06-12 11:13:00,10.1
2025-06-12 13:51:00,11.9
2025-06-12 16:53:00,91.6
2025-06-12 01:59:00,56.1
2025-06-12 03:09:00,67.4
2025-06-12 07:36:00,50.21640523646657
2025-06-12 14:12:00,47.6
2025-06-12 11:33:00,12.8
2025-06-12 07:01:00,50.21640523646657
2025-06-12 17:01:00,84.1
2025-06-12 00:05:00,50.21640523646657
2025-06-12 20:21:00,81.4
2025-06-12 08:46:00,94.7
2025-06-12 10:36:00,50.21640523646657
2025-06-12 04:52:00,50.21640523646657
2025-06-12 14:48:00,71.5
2025-06-12 02:17:00,89.6
2025-06-12 16:37:00,51.8
2025-06-12 12:54:00,63.7
2025-06-12 12:04:00,50.21640523646657
2025-06-12 06:46:00,82.2
2025-06-12 13:33:00,59.0
2025-06-12 21:48:00,33.4
2025-06-12 16:27:00,76.2
2025-06-12 03:41:00,27.6
2025-06-12 17:09:00,88.9
2025-06-12 21:18:00,37.4
2025-06-12 16:22:00,61.0
2025-06-12 06:56:00,40.9
2025-06-12 00:30:00,2.6
2025-06-12 14:36:00,82.3
2025-06-12 23:36:00,79.7
2025-06-12 21:16:00,26.5
2025-06-12 08:58:00,50.21640523646657
2025-06-12 22:41:00,58.8
2025-06-12 07:07:00,60.3
2025-06-12 19:11:00,65.2
2025-06-12 06:13:00,50.21640523646657
2025-06-12 03:13:00,24.0
2025-06-12 16:26:00,67.6
2025-06-12 17:46:00,9.4
2025-06-12 04:17:00,22.8
2025-06-12 01:21:00,45.0
2025-06-12 11:07:00,2.1
2025-06-12 01:45:00,42.1
2025-06-12 07:48:00,7.3
2025-06-12 01:32:00,50.21640523646657
2025-06-12 20:31:00,17.7
2025-06-12 05:32:00,13.6
2025-06-12 15:44:00,50.6
2025-06-12 23:27:00,62.6
2025-06-12 09:03:00,97.6
2025-06-12 21:44:00,75.4
2025-06-12 05:44:00,83.1
2025-06-12 02:02:00,96.9
2025-06-12 22:26:00,6.0
2025-06-12 17:58:00,5.8
2025-06-12 03:55:00,24.5
2025-06-12 10:47:00,50.21640523646657
2025-06-12 17:45:00,50.21640523646657
2025-06-12 19:50:00,50.21640523646657
2025-06-12 04:11:00,87.0
2025-06-12 19:35:00,64.1
2025-06-12 09:14:00,38.3
2025-06-12 06:57:00,46.0
2025-06-12 12:24:00,3.6
2025-06-12 05:58:00,24.2
2025-06-12 02:00:00,34.7
2025-06-12 21:52:00,48.9
2025-06-12 15:22:00,72.1
2025-06-12 19:45:00,16.0
2025-06-12 07:57:00,64.3
2025-06-12 08:05:00,78.1
2025-06-12 09:01:00,50.21640523646657
2025-06-12 12:46:00,54.4
2025-06-12 15:30:00,11.4
2025-06-12 18:08:00,85.2
2025-06-12 01:37:00,46.6
2025-06-12 03:35:00,60.1
2025-06-12 09:02:00,18.6
2025-06-12 01:35:00,70.8
2025-06-12 02:52:00,5.4
2025-06-12 23:19:00,31.5
2025-06-12 20:59:00,58.1
2025-06-12 19:36:00,42.8
2025-06-12 01:07:00,46.9
2025-06-12 17:24:00,3.7
2025-06-12 10:31:00,9.8
2025-06-12 05:02:00,98.3
2025-06-12 21:49:00,12.0
2025-06-12 15:29:00,81.3
2025-06-12 03:24:00,97.6
2025-06-12 07:16:00,22.4
2025-06-12 14:34:00,31.6
2025-06-12 19:01:00,50.21640523646657
2025-06-12 21:21:00,76.2
2025-06-12 15:10:00,4.5
2025-06-12 15:59:00,63.9
2025-06-12 13:19:00,41.1
2025-06-12 13:41:00,40.1
2025-06-12 07:09:00,50.21640523646657
2025-06-12 03:56:00,90.4
2025-06-12 02:45:00,99.2
2025-06-12 07:46:00,50.21640523646657
2025-06-12 08:29:00,50.21640523646657
2025-06-12 23:08:00,78.6
2025-06-12 16:09:00,85.4
2025-06-12 11:16:00,32.4
2025-06-12 04:48:00,50.21640523646657
2025-06-12 09:48:00,28.0
2025-06-12 03:21:00,55.7
2025-06-12 04:25:00,50.21640523646657
2025-06-12 07:03:00,93.4
2025-06-12 21:22:00,86.8
2025-06-12 09:13:00,96.3
2025-06-12 16:56:00,30.3
2025-06-12 21:59:00,19.1
2025-06-12 22:09:00,50.21640523646657
2025-06-12 22:23:00,77.9
2025-06-12 12:06:00,50.21640523646657
2025-06-12 07:28:00,25.0
2025-06-12 13:52:00,80.2
2025-06-12 00:52:00,32.2
2025-06-12 22:42:00,54.1
2025-06-12 17:20:00,3.4
2025-06-12 17:56:00,51.7
2025-06-12 08:12:00,50.21640523646657
2025-06-12 21:15:00,91.0
2025-06-12 09:52:00,19.6
2025-06-12 23:41:00,50.9
2025-06-12 05:10:00,87.8
2025-06-12 00:44:00,50.21640523646657
2025-06-12 12:48:00,60.1
2025-06-12 11:56:00,34.5
2025-06-12 12:01:00,70.1
2025-06-12 20:51:00,54.3
2025-06-12 08:59:00,61.1
2025-06-12 20:46:00,71.7
2025-06-12 14:13:00,46.5
2025-06-12 17:22:00,92.7
2025-06-12 09:33:00,81.4
2025-06-12 17:53:00,76.0
2025-06-12 17:39:00,92.6
2025-06-12 20:24:00,40.5
2025-06-12 19:59:00,79.2
2025-06-12 23:42:00,45.0
2025-06-12 18:16:00,17.0
2025-06-12 01:52:00,42.6
2025-06-12 10:23:00,42.7
2025-06-12 06:23:00,21.0
2025-06-12 06:12:00,56.1
2025-06-12 19:51:00,50.21640523646657
2025-06-12 22:44:00,50.21640523646657
2025-06-12 04:33:00,46.2
2025-06-12 18:47:00,91.5
2025-06-12 23:52:00,34.9
2025-06-12 00:35:00,90.2
2025-06-12 16:24:00,28.1
2025-06-12 02:56:00,22.1
2025-06-12 01:47:00,13.3
2025-06-12 01:26:00,92.2
2025-06-12 10:01:00,66.6
2025-06-12 18:56:00,4.9
2025-06-12 18:38:00,62.5
2025-06-12 10:11:00,39.0
2025-06-12 13:39:00,50.21640523646657
2025-06-12 00:40:00,14.7
2025-06-12 15:27:00,56.6
2025-06-12 22:00:00,66.8
2025-06-12 09:36:00,92.5
2025-06-12 02:40:00,22.3
2025-06-12 06:49:00,61.0
2025-06-12 11:17:00,59.7
2025-06-12 23:18:00,32.0
2025-06-12 18:42:00,3.4
2025-06-12 09:45:00,63.7
2025-06-12 21:31:00,8.0
2025-06-12 02:22:00,90.9
2025-06-12 15:16:00,49.70408187272085
2025-06-12 21:16:00,98.2
2025-06-12 14:06:00,93.2
2025-06-12 08:28:00,77.3
2025-06-12 04:54:00,31.3
2025-06-12 02:49:00,19.7
2025-06-12 02:08:00,49.70408187272085
2025-06-12 00:32:00,22.6
2025-06-12 04:47:00,80.3
2025-06-12 13:18:00,44.9
2025-06-12 15:06:00,79.1
2025-06-12 04:15:00,66.0
2025-06-12 23:13:00,72.8
2025-06-12 05:30:00,94.4
2025-06-12 13:56:00,80.3
2025-06-12 17:18:00,57.9
2025-06-12 10:58:00,56.4
2025-06-12 06:52:00,49.70408187272085
2025-06-12 16:32:00,49.9
2025-06-12 22:23:00,97.5
2025-06-12 19:41:00,55.6
2025-06-12 21:41:00,49.70408187272085
2025-06-12 10:55:00,3.9
2025-06-12 14:40:00,46.0
2025-06-12 18:35:00,8.8
2025-06-12 14:10:00,77.6
2025-06-12 20:28:00,58.3
2025-06-12 11:02:00,72.7
2025-06-12 03:31:00,64.3
2025-06-12 07:37:00,49.70408187272085
2025-06-12 23:02:00,10.4
2025-06-12 08:04:00,75.1
2025-06-12 10:51:00,70.3
2025-06-12 21:18:00,9.5
2025-06-12 15:48:00,60.5
2025-06-12 10:26:00,49.70408187272085
2025-06-12 19:24:00,97.1
2025-06-12 20:58:00,49.70408187272085
2025-06-12 21:56:00,43.9
2025-06-12 20:21:00,32.1
2025-06-12 03:42:00,31.1
2025-06-12 15:10:00,29.0
2025-06-12 21:22:00,32.2
2025-06-12 03:06:00,49.70408187272085
2025-06-12 04:00:00,4.4
2025-06-12 08:37:00,20.5
2025-06-12 12:57:00,51.7
2025-06-12 19:53:00,24.5
2025-06-12 03:50:00,56.0
2025-06-12 04:56:00,9.8
2025-06-12 05:53:00,76.7
2025-06-12 19:29:00,49.3
2025-06-12 16:24:00,82.9
2025-06-12 09:39:00,92.2
2025-06-12 10:41:00,49.70408187272085
2025-06-12 05:19:00,46.1
2025-06-12 19:59:00,78.5
2025-06-12 14:12:00,49.70408187272085
2025-06-12 14:16:00,78.4
2025-06-12 02:40:00,49.70408187272085
2025-06-12 00:46:00,56.2
2025-06-12 22:31:00,96.1
2025-06-12 05:08:00,19.7
2025-06-12 04:01:00,14.7
2025-06-12 15:30:00,36.8
2025-06-12 02:38:00,55.1
2025-06-12 20:17:00,96.1
2025-06-12 02:59:00,86.0
2025-06-12 09:46:00,94.7
2025-06-12 14:22:00,46.8
2025-06-12 01:07:00,50.0
2025-06-12 00:37:00,49.70408187272085
2025-06-12 12:53:00,10.3
2025-06-12 23:46:00,47.9
2025-06-12 13:05:00,0.6
2025-06-12 18:19:00,35.1
2025-06-12 04:57:00,22.2
2025-06-12 04:31:00,42.4
2025-06-12 20:25:00,73.7
2025-06-12 23:05:00,89.1
2025-06-12 07:12:00,71.3
2025-06-12 03:20:00,43.0
2025-06-12 18:00:00,91.4
2025-06-12 22:17:00,58.8
2025-06-12 14:43:00,49.70408187272085
2025-06-12 23:40:00,26.7
2025-06-12 05:54:00,8.3
2025-06-12 03:24:00,64.3
2025-06-12 17:29:00,49.70408187272085
2025-06-12 12:54:00,64.8
2025-06-12 13:22:00,49.70408187272085
2025-06-12 21:49:00,64.6
2025-06-12 06:05:00,65.6
2025-06-12 03:29:00,49.70408187272085
2025-06-12 23:21:00,49.70408187272085
2025-06-12 05:05:00,81.4
2025-06-12 23:25:00,27.7
2025-06-12 13:52:00,35.1
2025-06-12 06:40:00,61.2
2025-06-12 21:51:00,56.7
2025-06-12 17:22:00,47.0
2025-06-12 13:36:00,31.3
2025-06-12 21:29:00,28.8
2025-06-12 20:36:00,48.0
2025-06-12 12:16:00,3.0
2025-06-12 21:08:00,78.2
2025-06-12 12:50:00,81.0
2025-06-12 14:27:00,97.6
2025-06-12 04:40:00,77.5
2025-06-12 13:33:00,54.3
2025-06-12 20:07:00,17.5
2025-06-12 16:37:00,72.9
2025-06-12 18:32:00,88.4
2025-06-12 20:13:00,49.70408187272085
2025-06-12 00:56:00,0.5
2025-06-12 07:39:00,35.1
2025-06-12 03:16:00,56.8
2025-06-12 12:10:00,90.3
2025-06-12 22:56:00,49.70408187272085
2025-06-12 03:47:00,49.70408187272085
2025-06-12 20:01:00,23.8
2025-06-12 19:13:00,87.9
2025-06-12 06:41:00,49.70408187272085
2025-06-12 03:26:00,67.9
2025-06-12 22:48:00,50.6
2025-06-12 15:32:00,61.3
2025-06-12 08:15:00,74.5
2025-06-12 21:54:00,19.6
2025-06-12 04:14:00,91.0
2025-06-12 21:58:00,49.70408187272085
2025-06-12 23:35:00,49.70408187272085
2025-06-12 20:16:00,12.5
2025-06-12 03:59:00,19.3
2025-06-12 08:26:00,49.70408187272085
2025-06-12 03:12:00,47.3
2025-06-12 14:11:00,61.5
2025-06-12 13:04:00,5.3
2025-06-12 22:33:00,50.6
2025-06-12 01:05:00,82.6
2025-06-12 09:04:00,66.8
2025-06-12 12:52:00,49.70408187272085
2025-06-12 18:16:00,47.9
2025-06-12 03:44:00,63.8
2025-06-12 13:35:00,34.9
2025-06-12 15:23:00,86.2
2025-06-12 15:27:00,41.1
2025-06-12 02:03:00,0.8
2025-06-12 07:09:00,56.8
2025-06-12 10:09:00,31.1
2025-06-12 10:18:00,50.3
2025-06-12 06:21:00,96.0
2025-06-12 19:23:00,43.7
2025-06-12 15:29:00,49.70408187272085
2025-06-12 00:45:00,49.70408187272085
2025-06-12 04:48:00,24.9
2025-06-12 07:44:00,9.7
2025-06-12 05:52:00,31.8
2025-06-12 23:14:00,2.6
2025-06-12 04:24:00,49.70408187272085
2025-06-12 05:18:00,54.7
2025-06-12 05:07:00,76.4
2025-06-12 03:37:00,49.6
2025-06-12 13:47:00,63.6
2025-06-12 18:36:00,67.8
2025-06-12 06:29:00,56.0
2025-06-12 04:06:00,91.1
2025-06-12 03:49:00,61.9
2025-06-12 17:36:00,18.7
2025-06-12 00:59:00,77.3
2025-06-12 11:20:00,58.7
2025-06-12 07:11:00,29.1
2025-06-12 06:04:00,56.9
2025-06-12 22:18:00,13.5
2025-06-12 22:26:00,24.6
2025-06-12 01:58:00,49.70408187272085
2025-06-12 03:51:00,34.0
2025-06-12 22:44:00,2.6
2025-06-12 23:52:00,20.7
2025-06-12 05:09:00,1.9
2025-06-12 12:44:00,82.4
2025-06-12 01:53:00,10.7
2025-06-12 04:23:00,49.70408187272085
2025-06-12 05:33:00,61.2
2025-06-12 13:14:00,3.2
2025-06-12 22:50:00,49.70408187272085
2025-06-12 06:23:00,90.1
2025-06-12 07:21:00,4.5
2025-06-12 11:15:00,49.70408187272085
2025-06-12 20:48:00,19.9
2025-06-12 19:43:00,49.70408187272085
2025-06-12 07:50:00,25.2
2025-06-12 17:39:00,27.3
2025-06-12 06:22:00,16.6
2025-06-12 17:21:00,39.7
2025-06-12 06:31:00,34.8
2025-06-12 08:57:00,87.2
2025-06-12 20:20:00,49.70408187272085
2025-06-12 14:58:00,37.2
2025-06-12 16:14:00,34.2
2025-06-12 09:07:00,6.8
2025-06-12 06:59:00,88.6
2025-06-12 01:45:00,49.70408187272085
2025-06-12 17:25:00,33.1
2025-06-12 06:12:00,49.70408187272085
2025-06-12 12:40:00,70.5
2025-06-12 17:17:00,85.6
2025-06-12 18:51:00,13.3
2025-06-12 08:29:00,49.70408187272085
2025-06-12 08:16:00,26.0
2025-06-12 18:38:00,8.8
2025-06-12 12:34:00,42.8
2025-06-12 11:57:00,73.4
2025-06-12 10:21:00,60.0
2025-06-12 01:20:00,28.4
2025-06-12 00:03:00,89.4
2025-06-12 03:35:00,76.9
2025-06-12 18:15:00,58.6
2025-06-12 20:59:00,59.1
2025-06-12 17:52:00,22.7
2025-06-12 18:47:00,7.3
2025-06-12 02:54:00,33.2
2025-06-12 17:04:00,28.8
2025-06-12 17:43:00,49.70408187272085
2025-06-12 23:36:00,64.3
2025-06-12 05:14:00,14.8
2025-06-12 00:12:00,35.8
2025-06-12 00:14:00,49.70408187272085
2025-06-12 01:50:00,18.1
2025-06-12 03:25:00,19.0
2025-06-12 15:55:00,6.2
2025-06-12 11:51:00,10.1
2025-06-12 13:17:00,47.4
2025-06-12 04:35:00,53.5
2025-06-12 01:48:00,83.2
2025-06-12 11:44:00,16.9
2025-06-12 22:38:00,2.4
2025-06-12 12:00:00,27.3
2025-06-12 06:03:00,75.6
2025-06-12 19:15:00,49.70408187272085
2025-06-12 01:10:00,49.70408187272085
2025-06-12 16:01:00,13.1
2025-06-12 10:06:00,22.5
2025-06-12 13:29:00,40.6
2025-06-12 04:28:00,3.8
2025-06-12 17:45:00,51.3
2025-06-12 14:57:00,26.1
2025-06-12 21:26:00,7.9
2025-06-12 07:41:00,49.70408187272085
2025-06-12 16:38:00,79.6
2025-06-12 03:23:00,49.70408187272085
2025-06-12 15:34:00,4.9
2025-06-12 02:13:00,73.2
2025-06-12 18:25:00,0.2
2025-06-12 18:58:00,15.7
2025-06-12 09:55:00,85.3
2025-06-12 00:30:00,33.3
2025-06-12 04:43:00,55.9
2025-06-12 16:26:00,68.9
2025-06-12 12:36:00,87.1
2025-06-12 16:55:00,92.2
2025-06-12 22:08:00,92.3
2025-06-12 08:08:00,15.3
2025-06-12 06:01:00,94.4
2025-06-12 08:19:00,55.7
2025-06-12 18:43:00,69.1
2025-06-12 08:56:00,84.0
2025-06-12 08:48:00,91.0
2025-06-12 04:37:00,1.6
2025-06-12 04:30:00,55.7
2025-06-12 01:17:00,49.70408187272085
2025-06-12 06:57:00,88.9
2025-06-12 16:36:00,8.8
2025-06-12 00:40:00,56.4
2025-06-12 16:35:00,13.9
2025-06-12 22:21:00,23.8
2025-06-12 22:35:00,14.9
2025-06-12 04:51:00,39.6
2025-06-12 14:04:00,49.3
2025-06-12 16:16:00,49.70408187272085
2025-06-12 16:54:00,59.6
2025-06-12 17:31:00,4.2
2025-06-12 02:50:00,9.9
2025-06-12 13:39:00,49.70408187272085
2025-06-12 14:14:00,4.8
2025-06-12 08:32:00,59.4
2025-06-12 03:14:00,58.1
2025-06-12 17:35:00,50.4
2025-06-12 22:42:00,15.6
2025-06-12 18:37:00,6.2
2025-06-12 20:34:00,59.0
2025-06-12 22:40:00,38.4
2025-06-12 14:18:00,58.7
2025-06-12 08:41:00,85.8
2025-06-12 00:35:00,85.6
2025-06-12 09:40:00,15.3
2025-06-12 23:08:00,14.1
2025-06-12 07:05:00,32.2
2025-06-12 15:41:00,98.8
2025-06-12 22:03:00,62.3
2025-06-12 02:46:00,50.1110094970102
2025-06-12 16:43:00,50.1110094970102
2025-06-12 13:37:00,64.2
2025-06-12 19:28:00,50.1110094970102
2025-06-12 15:35:00,77.9
2025-06-12 08:56:00,83.3
2025-06-12 02:19:00,67.8
2025-06-12 01:07:00,17.3
2025-06-12 13:45:00,73.5
2025-06-12 09:56:00,85.6
2025-06-12 19:25:00,82.4
2025-06-12 04:16:00,24.0
2025-06-12 09:21:00,68.8
2025-06-12 19:13:00,9.4
2025-06-12 06:48:00,47.8
2025-06-12 09:04:00,50.1110094970102
2025-06-12 23:47:00,99.5
2025-06-12 09:07:00,52.3
2025-06-12 17:24:00,94.4
2025-06-12 14:16:00,81.0
2025-06-12 02:12:00,19.3
2025-06-12 19:54:00,3.5
2025-06-12 21:21:00,32.3
2025-06-12 07:37:00,50.1110094970102
2025-06-12 16:17:00,16.4
2025-06-12 11:11:00,68.0
2025-06-12 13:36:00,58.4
2025-06-12 22:42:00,92.1
2025-06-12 02:16:00,1.6
2025-06-12 09:53:00,80.8
2025-06-12 09:29:00,27.4
2025-06-12 21:54:00,99.2
2025-06-12 08:02:00,93.1
2025-06-12 01:53:00,94.2
2025-06-12 04:57:00,50.1110094970102
2025-06-12 14:47:00,50.1110094970102
2025-06-12 03:47:00,25.6
2025-06-12 10:31:00,87.9
2025-06-12 08:23:00,50.1110094970102
2025-06-12 21:32:00,47.1
2025-06-12 06:53:00,35.8
2025-06-12 08:58:00,40.1
2025-06-12 03:44:00,50.1110094970102
2025-06-12 23:22:00,41.0
2025-06-12 00:38:00,21.1
2025-06-12 20:53:00,99.1
2025-06-12 05:31:00,50.1110094970102
2025-06-12 04:04:00,34.8
2025-06-12 12:30:00,61.3
2025-06-12 08:53:00,35.0
2025-06-12 12:54:00,78.8
2025-06-12 12:06:00,18.2
2025-06-12 10:09:00,94.1
2025-06-12 16:31:00,12.2
2025-06-12 18:42:00,50.1110094970102
2025-06-12 01:47:00,50.1110094970102
2025-06-12 03:49:00,58.0
2025-06-12 19:31:00,59.0
2025-06-12 15:03:00,52.4
2025-06-12 20:19:00,86.4
2025-06-12 18:16:00,15.5
2025-06-12 12:29:00,4.5
2025-06-12 13:06:00,35.3
2025-06-12 23:02:00,50.1110094970102
2025-06-12 19:48:00,81.9
2025-06-12 14:39:00,92.1
2025-06-12 00:37:00,41.0
2025-06-12 00:40:00,41.6
2025-06-12 16:30:00,33.7
2025-06-12 06:06:00,50.1110094970102
2025-06-12 16:07:00,37.1
2025-06-12 15:55:00,21.8
2025-06-12 01:40:00,60.2
2025-06-12 18:41:00,74.0
2025-06-12 14:30:00,30.1
2025-06-12 12:43:00,50.1110094970102
2025-06-12 09:57:00,24.0
2025-06-12 11:00:00,26.0
2025-06-12 11:12:00,50.1110094970102
2025-06-12 02:37:00,78.5
2025-06-12 08:51:00,23.8
2025-06-12 14:35:00,93.8
2025-06-12 12:24:00,75.4
2025-06-12 06:34:00,62.4
2025-06-12 14:09:00,79.6
2025-06-12 23:13:00,50.1110094970102
2025-06-12 12:49:00,61.8
2025-06-12 13:04:00,85.7
2025-06-12 23:59:00,31.5
2025-06-12 00:11:00,95.6
2025-06-12 01:39:00,17.6
2025-06-12 01:10:00,14.7
2025-06-12 10:59:00,50.1110094970102
2025-06-12 09:08:00,74.0
2025-06-12 10:00:00,10.8
2025-06-12 10:14:00,17.9
2025-06-12 04:32:00,27.9
2025-06-12 09:02:00,81.6
2025-06-12 14:32:00,69.2
2025-06-12 08:59:00,60.8
2025-06-12 11:51:00,52.7
2025-06-12 09:41:00,76.2
2025-06-12 00:03:00,21.9
2025-06-12 05:02:00,11.0
2025-06-12 19:12:00,93.4
2025-06-12 14:04:00,50.1110094970102
2025-06-12 15:59:00,21.8
2025-06-12 09:24:00,84.0
2025-06-12 11:33:00,84.7
2025-06-12 03:46:00,62.5
2025-06-12 11:42:00,99.8
2025-06-12 00:13:00,13.4
2025-06-12 17:47:00,14.9
2025-06-12 11:52:00,29.7
2025-06-12 12:57:00,78.3
2025-06-12 15:18:00,94.4
2025-06-12 23:26:00,6.2
2025-06-12 07:08:00,90.3
2025-06-12 14:10:00,93.0
2025-06-12 13:55:00,31.4
2025-06-12 17:46:00,15.6
2025-06-12 11:39:00,50.1110094970102
2025-06-12 02:20:00,3.3
2025-06-12 02:31:00,81.9
2025-06-12 21:11:00,36.5
2025-06-12 07:43:00,69.8
2025-06-12 12:05:00,44.1
2025-06-12 15:21:00,15.8
2025-06-12 23:09:00,7.3
2025-06-12 12:19:00,77.2
2025-06-12 21:56:00,59.1
2025-06-12 14:06:00,88.3
2025-06-12 02:39:00,0.4
2025-06-12 08:07:00,77.3
2025-06-12 01:31:00,50.1110094970102
2025-06-12 00:56:00,35.7
2025-06-12 09:17:00,50.1110094970102
2025-06-12 08:20:00,70.5
2025-06-12 18:28:00,40.9
2025-06-12 11:48:00,21.3
2025-06-12 23:37:00,35.1
2025-06-12 20:36:00,1.8
2025-06-12 14:52:00,50.1110094970102
2025-06-12 20:46:00,61.0
2025-06-12 09:03:00,68.8
2025-06-12 12:01:00,54.3
2025-06-12 01:43:00,38.1
2025-06-12 06:30:00,58.9
2025-06-12 00:29:00,50.1110094970102
2025-06-12 09:28:00,83.0
2025-06-12 07:42:00,50.1110094970102
2025-06-12 23:11:00,41.1
2025-06-12 23:39:00,77.4
2025-06-12 12:58:00,76.5
2025-06-12 01:28:00,63.3
2025-06-12 23:29:00,50.1110094970102
2025-06-12 23:15:00,74.0
2025-06-12 11:53:00,31.4
2025-06-12 02:01:00,10.2
2025-06-12 04:13:00,69.4
2025-06-12 01:27:00,73.9
2025-06-12 03:29:00,50.4
2025-06-12 21:04:00,25.0
2025-06-12 22:20:00,14.8
2025-06-12 08:41:00,66.5
2025-06-12 05:51:00,94.7
2025-06-12 05:28:00,40.7
2025-06-12 12:03:00,47.4
2025-06-12 12:08:00,21.9
2025-06-12 18:18:00,93.8
2025-06-12 21:46:00,74.8
2025-06-12 13:54:00,22.4
2025-06-12 15:56:00,25.8
2025-06-12 06:43:00,50.1110094970102
2025-06-12 10:19:00,40.9
2025-06-12 21:26:00,38.4
2025-06-12 15:49:00,50.1110094970102
2025-06-12 03:42:00,70.7
2025-06-12 11:13:00,21.1
2025-06-12 16:45:00,39.4
2025-06-12 14:38:00,70.1
2025-06-12 15:34:00,62.8
2025-06-12 10:21:00,49.3
2025-06-12 07:24:00,48.1
2025-06-12 23:40:00,62.2
2025-06-12 08:18:00,67.8
2025-06-12 08:43:00,4.5
2025-06-12 03:05:00,45.3
2025-06-12 00:44:00,7.6
2025-06-12 03:37:00,42.2
2025-06-12 22:26:00,97.4
2025-06-12 10:18:00,66.8
2025-06-12 22:13:00,27.9
2025-06-12 23:28:00,28.0
2025-06-12 04:56:00,19.1
2025-06-12 16:21:00,14.5
2025-06-12 23:36:00,50.1110094970102
2025-06-12 16:06:00,40.5
2025-06-12 08:19:00,24.5
2025-06-12 02:21:00,0.4
2025-06-12 10:10:00,94.4
2025-06-12 23:53:00,29.2
2025-06-12 18:20:00,61.5
2025-06-12 12:48:00,79.4
2025-06-12 15:12:00,50.1110094970102
2025-06-12 21:42:00,15.8
2025-06-12 03:32:00,97.4
2025-06-12 00:23:00,72.6
2025-06-12 13:12:00,4.7
2025-06-12 06:12:00,11.5
2025-06-12 03:31:00,86.8
2025-06-12 11:15:00,94.7
2025-06-12 09:23:00,81.0
2025-06-12 10:38:00,69.1
2025-06-12 11:46:00,50.1110094970102
2025-06-12 10:13:00,73.9
2025-06-12 05:50:00,17.4
2025-06-12 14:57:00,50.1110094970102
2025-06-12 14:36:00,16.7
2025-06-12 17:58:00,46.3
2025-06-12 09:11:00,50.1110094970102
2025-06-12 12:20:00,17.7
2025-06-12 09:22:00,26.2
2025-06-12 14:50:00,42.8
2025-06-12 04:54:00,38.5
2025-06-12 14:58:00,37.0
2025-06-12 16:47:00,69.4
2025-06-12 17:02:00,50.1110094970102
2025-06-12 20:00:00,47.9
2025-06-12 13:38:00,50.1110094970102
2025-06-12 14:28:00,71.0
2025-06-12 02:47:00,40.6
2025-06-12 16:34:00,6.7
2025-06-12 19:07:00,50.1110094970102
2025-06-12 23:03:00,12.0
2025-06-12 08:08:00,18.6
2025-06-12 11:59:00,86.4
2025-06-12 16:20:00,81.3
2025-06-12 17:34:00,50.1110094970102
2025-06-12 10:08:00,48.0
2025-06-12 00:21:00,97.4
2025-06-12 06:25:00,13.2
2025-06-12 19:24:00,71.0
2025-06-12 13:44:00,28.2
2025-06-12 04:48:00,64.7
2025-06-12 22:47:00,49.0
2025-06-12 16:32:00,50.1110094970102
2025-06-12 02:18:00,32.5
2025-06-12 16:22:00,40.8
2025-06-12 18:47:00,19.2
2025-06-12 12:25:00,50.1110094970102
2025-06-12 03:56:00,2.5
2025-06-12 06:39:00,50.1110094970102
2025-06-12 21:12:00,89.1
2025-06-12 14:59:00,46.9
2025-06-12 04:12:00,50.1110094970102
2025-06-12 09:37:00,51.2
2025-06-12 20:49:00,40.7
2025-06-12 05:10:00,47.5
2025-06-12 21:51:00,50.1110094970102
2025-06-12 22:58:00,20.8
2025-06-12 23:00:00,50.0
2025-06-12 01:41:00,51.8
2025-06-12 17:26:00,99.8
2025-06-12 15:17:00,1.1
2025-06-12 09:39:00,41.8
2025-06-12 10:50:00,36.2
2025-06-12 16:44:00,87.4
2025-06-12 18:01:00,82.9
2025-06-12 05:33:00,34.5
2025-06-12 02:53:00,99.5
2025-06-12 17:40:00,7.6
2025-06-12 16:58:00,61.5
2025-06-12 06:40:00,50.1110094970102
2025-06-12 05:59:00,12.2
2025-06-12 00:53:00,88.9
2025-06-12 02:33:00,64.0
2025-06-12 01:19:00,0.9
2025-06-12 20:21:00,97.0
2025-06-12 15:40:00,55.7
2025-06-12 11:50:00,50.1110094970102
2025-06-12 02:59:00,86.5
2025-06-12 11:58:00,65.1
2025-06-12 12:41:00,50.1110094970102
2025-06-12 20:51:00,19.6
2025-06-12 01:49:00,36.8
2025-06-12 16:10:00,7.8
2025-06-12 20:55:00,37.4
2025-06-12 01:52:00,4.5
2025-06-12 18:31:00,50.1110094970102
2025-06-12 15:45:00,50.1110094970102
2025-06-12 01:37:00,50.1110094970102
2025-06-12 19:41:00,10.2
2025-06-12 06:07:00,47.1
2025-06-12 01:02:00,69.4
2025-06-12 01:46:00,16.4
2025-06-12 00:27:00,18.4
2025-06-12 04:11:00,9.7
2025-06-12 05:18:00,31.3
2025-06-12 05:26:00,94.9
2025-06-12 22:34:00,50.1110094970102
2025-06-12 07:19:00,50.1110094970102
2025-06-12 17:23:00,20.6
2025-06-12 17:10:00,11.9
2025-06-12 17:10:00,37.4
2025-06-12 08:43:00,6.5
2025-06-12 16:45:00,4.8
2025-06-12 04:00:00,9.4
2025-06-12 16:44:00,12.5
2025-06-12 00:56:00,32.0
2025-06-12 12:35:00,64.1
2025-06-12 20:15:00,87.9
2025-06-12 16:48:00,38.2
2025-06-12 20:16:00,27.5
2025-06-12 21:46:00,50.26990393626991
2025-06-12 16:14:00,28.0
2025-06-12 14:38:00,50.26990393626991
2025-06-12 23:20:00,83.9
2025-06-12 10:55:00,50.26990393626991
2025-06-12 16:42:00,59.8
2025-06-12 17:20:00,40.5
2025-06-12 10:11:00,6.6
2025-06-12 21:07:00,0.1
2025-06-12 08:32:00,29.0
2025-06-12 22:31:00,76.5
2025-06-12 14:44:00,51.3
2025-06-12 05:01:00,50.26990393626991
2025-06-12 03:38:00,50.26990393626991
2025-06-12 17:44:00,50.26990393626991
2025-06-12 05:23:00,65.1
2025-06-12 01:04:00,72.9
2025-06-12 11:54:00,29.2
2025-06-12 05:59:00,71.5
2025-06-12 22:59:00,10.8
2025-06-12 02:00:00,60.8
2025-06-12 14:06:00,11.1
2025-06-12 00:54:00,50.26990393626991
2025-06-12 20:54:00,16.6
2025-06-12 09:32:00,35.5
2025-06-12 13:03:00,30.5
2025-06-12 22:34:00,22.3
2025-06-12 00:38:00,24.8
2025-06-12 06:27:00,9.5
2025-06-12 02:54:00,50.26990393626991
2025-06-12 03:22:00,24.2
2025-06-12 01:47:00,69.0
2025-06-12 06:12:00,25.1
2025-06-12 05:45:00,50.26990393626991
2025-06-12 14:42:00,95.5
2025-06-12 22:11:00,46.3
2025-06-12 16:38:00,10.6
2025-06-12 20:24:00,66.0
2025-06-12 13:35:00,1.7
2025-06-12 11:41:00,30.1
2025-06-12 09:51:00,19.9
2025-06-12 17:05:00,6.4
2025-06-12 01:55:00,32.4
2025-06-12 00:55:00,49.6
2025-06-12 08:35:00,1.4
2025-06-12 12:12:00,68.0
2025-06-12 00:36:00,79.9
2025-06-12 20:43:00,23.5
2025-06-12 10:30:00,29.9
2025-06-12 06:54:00,21.0
2025-06-12 02:33:00,80.0
2025-06-12 20:31:00,21.0
2025-06-12 09:55:00,83.0
2025-06-12 12:10:00,73.8
2025-06-12 04:49:00,50.26990393626991
2025-06-12 20:02:00,25.7
2025-06-12 22:04:00,50.26990393626991
2025-06-12 12:38:00,18.0
2025-06-12 12:53:00,98.0
2025-06-12 07:12:00,96.1
2025-06-12 17:47:00,7.9
2025-06-12 23:04:00,49.0
2025-06-12 07:00:00,57.5
2025-06-12 01:36:00,68.2
2025-06-12 09:43:00,50.26990393626991
2025-06-12 08:45:00,50.26990393626991
2025-06-12 11:11:00,72.2
2025-06-12 06:44:00,22.4
2025-06-12 12:28:00,92.9
2025-06-12 00:08:00,20.0
2025-06-12 20:11:00,16.6
2025-06-12 17:45:00,88.5
2025-06-12 11:21:00,52.1
2025-06-12 09:18:00,8.0
2025-06-12 16:55:00,63.9
2025-06-12 04:41:00,2.8
2025-06-12 03:07:00,50.26990393626991
2025-06-12 18:10:00,7.4
2025-06-12 09:04:00,21.1
2025-06-12 19:56:00,70.5
2025-06-12 06:46:00,85.2
2025-06-12 10:34:00,50.26990393626991
2025-06-12 03:26:00,63.0
2025-06-12 15:24:00,62.0
2025-06-12 21:16:00,96.9
2025-06-12 17:41:00,96.7
2025-06-12 21:45:00,73.8
2025-06-12 22:25:00,33.4
2025-06-12 14:29:00,82.9
2025-06-12 21:11:00,8.5
2025-06-12 10:48:00,57.1
2025-06-12 12:15:00,95.4
2025-06-12 21:27:00,50.26990393626991
2025-06-12 15:02:00,5.8
2025-06-12 04:19:00,18.8
2025-06-12 08:41:00,98.6
2025-06-12 11:53:00,27.6
2025-06-12 11:50:00,94.7
2025-06-12 08:09:00,82.6
2025-06-12 00:53:00,21.7
2025-06-12 18:22:00,78.2
2025-06-12 21:13:00,50.26990393626991
2025-06-12 00:30:00,50.26990393626991
2025-06-12 06:53:00,65.3
2025-06-12 00:32:00,65.5
2025-06-12 13:09:00,69.8
2025-06-12 10:03:00,62.0
2025-06-12 05:32:00,41.5
2025-06-12 15:28:00,50.6
2025-06-12 14:37:00,13.2
2025-06-12 06:22:00,61.8
2025-06-12 08:10:00,49.3
2025-06-12 14:49:00,49.0
2025-06-12 05:28:00,50.26990393626991
2025-06-12 14:21:00,23.4
2025-06-12 11:17:00,65.2
2025-06-12 04:15:00,8.4
2025-06-12 10:57:00,6.0
2025-06-12 12:22:00,18.7
2025-06-12 19:36:00,87.1
2025-06-12 08:53:00,38.7
2025-06-12 10:25:00,35.6
2025-06-12 05:08:00,89.0
2025-06-12 16:58:00,16.8
2025-06-12 00:39:00,8.9
2025-06-12 02:35:00,94.7
2025-06-12 11:25:00,36.9
2025-06-12 09:03:00,50.26990393626991
2025-06-12 14:25:00,60.2
2025-06-12 11:56:00,38.8
2025-06-12 14:10:00,14.8
2025-06-12 16:09:00,21.2
2025-06-12 11:38:00,22.7
2025-06-12 01:18:00,35.9
2025-06-12 01:10:00,16.0
2025-06-12 01:44:00,52.5
2025-06-12 23:58:00,76.5
2025-06-12 02:03:00,44.2
2025-06-12 22:52:00,86.3
2025-06-12 02:21:00,32.3
2025-06-12 08:13:00,93.0
2025-06-12 12:49:00,50.26990393626991
2025-06-12 11:12:00,53.5
2025-06-12 22:56:00,11.7
2025-06-12 16:49:00,54.2
2025-06-12 17:33:00,50.26990393626991
2025-06-12 00:04:00,18.9
2025-06-12 10:15:00,20.2
2025-06-12 03:44:00,52.0
2025-06-12 01:52:00,5.1
2025-06-12 18:11:00,46.8
2025-06-12 13:17:00,14.4
2025-06-12 20:40:00,15.8
2025-06-12 14:41:00,66.5
2025-06-12 06:10:00,80.1
2025-06-12 02:44:00,20.3
2025-06-12 05:16:00,50.26990393626991
2025-06-12 20:35:00,90.6
2025-06-12 13:00:00,49.2
2025-06-12 10:58:00,10.8
2025-06-12 10:52:00,88.6
2025-06-12 13:14:00,98.4
2025-06-12 14:00:00,18.1
2025-06-12 18:32:00,24.4
2025-06-12 20:49:00,3.7
2025-06-12 18:49:00,62.9
2025-06-12 01:45:00,67.8
2025-06-12 01:30:00,17.4
2025-06-12 03:50:00,30.0
2025-06-12 16:05:00,28.2
2025-06-12 08:31:00,60.1
2025-06-12 10:16:00,50.26990393626991
2025-06-12 19:53:00,81.2
2025-06-12 16:00:00,38.6
2025-06-12 16:27:00,71.3
2025-06-12 05:30:00,50.26990393626991
2025-06-12 05:38:00,99.0
2025-06-12 02:05:00,56.6
2025-06-12 08:07:00,26.2
2025-06-12 10:18:00,99.2
2025-06-12 04:09:00,67.8
2025-06-12 05:54:00,50.26990393626991
2025-06-12 13:11:00,18.2
2025-06-12 17:30:00,18.6
2025-06-12 02:42:00,59.7
2025-06-12 02:49:00,68.4
2025-06-12 00:03:00,50.26990393626991
2025-06-12 13:54:00,89.3
2025-06-12 10:36:00,78.2
2025-06-12 07:08:00,50.26990393626991
2025-06-12 20:58:00,52.0
2025-06-12 06:42:00,20.8
2025-06-12 15:54:00,33.9
2025-06-12 15:19:00,4.0
2025-06-12 15:22:00,84.1
2025-06-12 08:16:00,4.0
2025-06-12 01:38:00,10.6
2025-06-12 08:12:00,81.7
2025-06-12 02:09:00,85.4
2025-06-12 04:35:00,57.2
2025-06-12 05:00:00,50.26990393626991
2025-06-12 22:12:00,99.1
2025-06-12 22:16:00,50.7
2025-06-12 20:23:00,40.2
2025-06-12 01:07:00,89.0
2025-06-12 05:09:00,42.9
2025-06-12 11:01:00,81.9
2025-06-12 09:42:00,42.0
2025-06-12 01:42:00,90.0
2025-06-12 01:26:00,61.9
2025-06-12 11:52:00,82.0
2025-06-12 15:23:00,79.2
2025-06-12 03:37:00,26.6
2025-06-12 01:24:00,15.9
2025-06-12 13:41:00,76.2
2025-06-12 08:56:00,54.0
2025-06-12 12:55:00,25.8
2025-06-12 08:57:00,50.26990393626991
2025-06-12 05:12:00,92.2
2025-06-12 05:53:00,60.1
2025-06-12 05:03:00,78.5
2025-06-12 16:20:00,52.5
2025-06-12 05:42:00,24.5
2025-06-12 01:27:00,37.7
2025-06-12 00:44:00,30.6
2025-06-12 00:59:00,39.8
2025-06-12 06:41:00,14.9
2025-06-12 18:02:00,69.1
2025-06-12 15:27:00,26.1
2025-06-12 06:15:00,50.26990393626991
2025-06-12 18:15:00,26.4
2025-06-12 05:31:00,50.26990393626991
2025-06-12 08:24:00,50.26990393626991
2025-06-12 19:20:00,50.26990393626991
2025-06-12 07:31:00,27.2
2025-06-12 15:31:00,0.3
2025-06-12 02:15:00,55.2
2025-06-12 13:48:00,49.2
2025-06-12 17:52:00,50.26990393626991
2025-06-12 03:09:00,24.0
2025-06-12 14:18:00,77.4
2025-06-12 06:20:00,11.8
2025-06-12 14:51:00,7.8
2025-06-12 19:24:00,7.7
2025-06-12 19:55:00,32.8
2025-06-12 05:44:00,92.5
2025-06-12 20:50:00,82.6
2025-06-12 12:54:00,32.7
2025-06-12 22:46:00,95.7
2025-06-12 00:49:00,66.8
2025-06-12 01:00:00,86.1
2025-06-12 08:34:00,49.3
2025-06-12 06:08:00,28.4
2025-06-12 05:46:00,79.4
2025-06-12 12:31:00,50.26990393626991
2025-06-12 22:03:00,11.7
2025-06-12 00:42:00,87.9
2025-06-12 03:01:00,50.26990393626991
2025-06-12 17:14:00,62.3
2025-06-12 19:15:00,50.26990393626991
2025-06-12 14:15:00,63.7
2025-06-12 10:39:00,55.0
2025-06-12 11:42:00,67.6
2025-06-12 23:18:00,66.7
2025-06-12 17:32:00,19.6
2025-06-12 12:59:00,10.3
2025-06-12 17:06:00,27.6
2025-06-12 07:25:00,50.26990393626991
2025-06-12 19:14:00,78.4
2025-06-12 02:18:00,67.7
2025-06-12 21:17:00,86.3
2025-06-12 18:36:00,8.5
2025-06-12 12:05:00,36.6
2025-06-12 00:45:00,65.0
2025-06-12 20:51:00,77.0
2025-06-12 04:40:00,50.26990393626991
2025-06-12 20:47:00,31.0
2025-06-12 22:37:00,19.2
2025-06-12 20:07:00,50.9
2025-06-12 06:35:00,49.3
2025-06-12 10:29:00,90.6
2025-06-12 05:40:00,10.3
2025-06-12 12:20:00,50.26990393626991
2025-06-12 00:26:00,2.5
2025-06-12 14:59:00,18.1
2025-06-12 18:52:00,85.8
2025-06-12 22:39:00,50.26990393626991
2025-06-12 15:33:00,95.3
2025-06-12 03:17:00,61.2
2025-06-12 22:40:00,50.26990393626991
2025-06-12 06:09:00,88.8
2025-06-12 13:32:00,50.26990393626991
2025-06-12 02:32:00,4.7
2025-06-12 00:43:00,77.7
2025-06-12 00:16:00,95.3
2025-06-12 07:44:00,76.1
2025-06-12 21:48:00,49.485271956675305
2025-06-12 05:32:00,49.485271956675305
2025-06-12 13:34:00,83.5
2025-06-12 21:24:00,67.7
2025-06-12 23:50:00,30.6
2025-06-12 09:14:00,93.6
2025-06-12 08:02:00,36.6
2025-06-12 18:22:00,49.485271956675305
2025-06-12 22:45:00,5.1
2025-06-12 05:18:00,36.9
2025-06-12 20:29:00,9.4
2025-06-12 18:56:00,30.1
2025-06-12 12:56:00,51.8
2025-06-12 12:52:00,30.6
2025-06-12 16:59:00,18.2
2025-06-12 02:14:00,62.2
2025-06-12 15:40:00,88.1
2025-06-12 20:30:00,23.1
2025-06-12 17:36:00,90.3
2025-06-12 05:56:00,69.1
2025-06-12 11:13:00,10.5
2025-06-12 01:58:00,55.8
2025-06-12 19:29:00,18.6
2025-06-12 22:47:00,25.4
2025-06-12 07:46:00,73.1
2025-06-12 14:07:00,1.5
2025-06-12 12:11:00,49.485271956675305
2025-06-12 18:08:00,21.7
2025-06-12 21:39:00,27.6
2025-06-12 00:06:00,80.5
2025-06-12 00:26:00,49.485271956675305
2025-06-12 19:17:00,34.3
2025-06-12 04:09:00,66.2
2025-06-12 08:10:00,90.5
2025-06-12 08:19:00,56.1
2025-06-12 08:08:00,49.485271956675305
2025-06-12 17:48:00,73.0
2025-06-12 03:26:00,49.485271956675305
2025-06-12 09:40:00,28.7
2025-06-12 11:57:00,20.7
2025-06-12 10:51:00,45.9
2025-06-12 09:05:00,16.7
2025-06-12 16:37:00,80.1
2025-06-12 04:46:00,49.485271956675305
2025-06-12 03:48:00,43.8
2025-06-12 07:34:00,93.0
2025-06-12 01:53:00,49.485271956675305
2025-06-12 15:26:00,13.3
2025-06-12 01:12:00,47.5
2025-06-12 15:36:00,49.485271956675305
2025-06-12 08:34:00,99.4
2025-06-12 17:14:00,26.4
2025-06-12 01:32:00,15.9
2025-06-12 00:08:00,72.4
2025-06-12 14:56:00,31.7
2025-06-12 03:24:00,90.9
2025-06-12 03:33:00,49.485271956675305
2025-06-12 21:28:00,63.3
2025-06-12 15:15:00,3.2
2025-06-12 16:23:00,17.5
2025-06-12 08:09:00,49.485271956675305
2025-06-12 20:58:00,73.3
2025-06-12 08:00:00,49.485271956675305
2025-06-12 22:15:00,79.3
2025-06-12 09:12:00,41.5
2025-06-12 18:44:00,49.485271956675305
2025-06-12 05:27:00,32.3
2025-06-12 13:01:00,49.9
2025-06-12 13:19:00,49.485271956675305
2025-06-12 01:04:00,68.7
2025-06-12 08:53:00,81.1
2025-06-12 19:06:00,50.7
2025-06-12 01:23:00,10.6
2025-06-12 12:10:00,70.7
2025-06-12 16:54:00,8.6
2025-06-12 16:21:00,20.3
2025-06-12 16:16:00,88.4
2025-06-12 21:12:00,87.1
2025-06-12 06:56:00,93.2
2025-06-12 21:26:00,97.8
2025-06-12 00:45:00,69.6
2025-06-12 11:52:00,69.2
2025-06-12 17:03:00,46.6
2025-06-12 06:21:00,39.4
2025-06-12 18:21:00,25.0
2025-06-12 05:36:00,49.485271956675305
2025-06-12 09:39:00,5.9
2025-06-12 16:08:00,63.5
2025-06-12 00:32:00,65.7
2025-06-12 17:58:00,49.485271956675305
2025-06-12 21:03:00,89.5
2025-06-12 04:15:00,12.2
2025-06-12 09:50:00,45.6
2025-06-12 10:13:00,9.4
2025-06-12 19:10:00,76.5
2025-06-12 16:33:00,28.5
2025-06-12 23:13:00,28.1
2025-06-12 20:24:00,49.485271956675305
2025-06-12 01:56:00,39.1
2025-06-12 20:45:00,49.485271956675305
2025-06-12 02:02:00,17.0
2025-06-12 12:04:00,11.8
2025-06-12 02:49:00,54.2
2025-06-12 02:53:00,49.485271956675305
2025-06-12 00:23:00,64.5
2025-06-12 07:30:00,49.485271956675305
2025-06-12 10:17:00,82.5
2025-06-12 10:12:00,77.5
2025-06-12 08:55:00,5.5
2025-06-12 02:57:00,84.2
2025-06-12 15:55:00,49.485271956675305
2025-06-12 13:08:00,48.8
2025-06-12 07:28:00,18.3
2025-06-12 13:54:00,59.5
2025-06-12 11:18:00,49.485271956675305
2025-06-12 12:54:00,49.485271956675305
2025-06-12 07:08:00,60.0
2025-06-12 10:53:00,15.7
2025-06-12 16:47:00,17.8
2025-06-12 14:42:00,49.485271956675305
2025-06-12 20:46:00,5.8
2025-06-12 01:29:00,54.4
2025-06-12 03:11:00,85.1
2025-06-12 17:49:00,7.0
2025-06-12 18:58:00,50.2
2025-06-12 18:23:00,40.1
2025-06-12 05:48:00,19.9
2025-06-12 05:47:00,49.485271956675305
2025-06-12 04:19:00,25.8
2025-06-12 22:01:00,71.4
2025-06-12 12:19:00,98.3
2025-06-12 14:57:00,37.4
2025-06-12 01:38:00,9.0
2025-06-12 16:41:00,78.5
2025-06-12 19:41:00,75.3
2025-06-12 06:17:00,59.8
2025-06-12 01:41:00,49.485271956675305
2025-06-12 00:12:00,74.1
2025-06-12 06:35:00,18.5
2025-06-12 09:52:00,48.6
2025-06-12 10:39:00,52.2
2025-06-12 23:33:00,52.6
2025-06-12 00:22:00,20.7
2025-06-12 03:52:00,36.8
2025-06-12 10:37:00,6.6
2025-06-12 06:59:00,49.485271956675305
2025-06-12 23:01:00,69.4
2025-06-12 00:50:00,9.4
2025-06-12 09:51:00,11.9
2025-06-12 16:40:00,88.4
2025-06-12 06:48:00,72.8
2025-06-12 16:45:00,88.2
2025-06-12 13:29:00,37.6
2025-06-12 09:00:00,74.5
2025-06-12 13:30:00,72.0
2025-06-12 17:53:00,42.2
2025-06-12 10:05:00,67.8
2025-06-12 19:16:00,2.9
2025-06-12 07:39:00,24.3
2025-06-12 08:59:00,49.485271956675305
2025-06-12 08:45:00,78.0
2025-06-12 06:11:00,96.7
2025-06-12 01:15:00,89.5
2025-06-12 01:50:00,3.3
2025-06-12 17:00:00,27.6
2025-06-12 18:33:00,49.485271956675305
2025-06-12 20:41:00,99.1
2025-06-12 09:17:00,78.4
2025-06-12 13:35:00,49.485271956675305
2025-06-12 23:16:00,39.5
2025-06-12 06:33:00,49.485271956675305
2025-06-12 22:05:00,93.8
2025-06-12 09:30:00,76.7
2025-06-12 05:39:00,42.1
2025-06-12 09:26:00,37.4
2025-06-12 06:00:00,81.7
2025-06-12 04:14:00,49.485271956675305
2025-06-12 17:13:00,74.7
2025-06-12 12:40:00,22.1
2025-06-12 14:22:00,99.0
2025-06-12 13:10:00,78.2
2025-06-12 18:16:00,55.3
2025-06-12 08:17:00,49.485271956675305
2025-06-12 19:53:00,49.485271956675305
2025-06-12 09:09:00,56.8
2025-06-12 15:13:00,77.9
2025-06-12 06:40:00,43.2
2025-06-12 20:14:00,98.5
2025-06-12 06:55:00,32.5
2025-06-12 06:47:00,70.6
2025-06-12 16:44:00,75.9
2025-06-12 11:48:00,49.4
2025-06-12 03:53:00,49.485271956675305
2025-06-12 12:24:00,21.3
2025-06-12 21:14:00,96.2
2025-06-12 05:37:00,17.7
2025-06-12 17:54:00,67.3
2025-06-12 03:28:00,42.6
2025-06-12 04:55:00,46.9
2025-06-12 09:53:00,75.6
2025-06-12 21:19:00,26.8
2025-06-12 13:56:00,67.8
2025-06-12 17:10:00,52.0
2025-06-12 19:13:00,49.485271956675305
2025-06-12 13:55:00,92.4
2025-06-12 01:47:00,0.7
2025-06-12 20:00:00,23.6
2025-06-12 23:02:00,42.7
2025-06-12 15:41:00,70.8
2025-06-12 15:37:00,54.4
2025-06-12 20:54:00,97.3
2025-06-12 12:30:00,10.7
2025-06-12 19:39:00,31.0
2025-06-12 13:51:00,91.3
2025-06-12 04:58:00,17.9
2025-06-12 21:25:00,46.8
2025-06-12 13:31:00,42.6
2025-06-12 06:12:00,39.7
2025-06-12 20:06:00,78.1
2025-06-12 13:27:00,7.5
2025-06-12 12:29:00,95.8
2025-06-12 00:13:00,98.1
2025-06-12 10:34:00,49.485271956675305
2025-06-12 01:44:00,60.7
2025-06-12 18:11:00,42.0
2025-06-12 04:17:00,79.6
2025-06-12 15:25:00,58.2
2025-06-12 13:46:00,90.4
2025-06-12 15:18:00,48.2
2025-06-12 07:38:00,45.7
2025-06-12 16:32:00,76.6
2025-06-12 07:21:00,60.3
2025-06-12 11:01:00,18.5
2025-06-12 03:51:00,79.6
2025-06-12 08:49:00,49.485271956675305
2025-06-12 20:26:00,26.2
2025-06-12 07:59:00,44.9
2025-06-12 22:38:00,18.5
2025-06-12 00:39:00,94.9
2025-06-12 15:45:00,54.4
2025-06-12 08:25:00,93.2
2025-06-12 14:11:00,49.485271956675305
2025-06-12 16:24:00,72.1
2025-06-12 07:09:00,25.3
2025-06-12 17:56:00,34.2
2025-06-12 21:06:00,64.4
2025-06-12 17:21:00,9.2
2025-06-12 19:00:00,36.5
2025-06-12 06:05:00,20.6
2025-06-12 15:43:00,38.4
2025-06-12 11:00:00,49.485271956675305
2025-06-12 19:21:00,93.3
2025-06-12 10:29:00,65.7
2025-06-12 18:48:00,41.5
2025-06-12 07:52:00,43.7
2025-06-12 15:33:00,79.2
2025-06-12 02:47:00,49.485271956675305
2025-06-12 09:27:00,41.9
2025-06-12 17:22:00,50.0997191011236
2025-06-12 21:32:00,50.0997191011236
2025-06-12 12:09:00,63.8
2025-06-12 12:04:00,25.5
2025-06-12 11:07:00,24.7
2025-06-12 19:42:00,27.5
2025-06-12 00:08:00,89.7
2025-06-12 17:10:00,90.7
2025-06-12 09:47:00,60.0
2025-06-12 00:09:00,80.8
2025-06-12 06:55:00,50.4
2025-06-12 07:55:00,34.7
2025-06-12 21:31:00,7.5
2025-06-12 02:25:00,94.5
2025-06-12 02:07:00,5.2
2025-06-12 17:39:00,44.9
2025-06-12 11:27:00,50.0997191011236
2025-06-12 23:38:00,89.1
2025-06-12 09:05:00,55.8
2025-06-12 03:56:00,50.0997191011236
2025-06-12 10:32:00,22.2
2025-06-12 06:58:00,3.9
2025-06-12 12:46:00,18.8
2025-06-12 11:47:00,50.0997191011236
2025-06-12 10:28:00,7.2
2025-06-12 13:36:00,32.9
2025-06-12 13:05:00,10.2
2025-06-12 02:49:00,42.4
2025-06-12 06:15:00,50.0997191011236
2025-06-12 16:26:00,26.2
2025-06-12 07:29:00,55.7
2025-06-12 10:48:00,74.3
2025-06-12 20:39:00,30.8
2025-06-12 06:04:00,57.7
2025-06-12 02:02:00,55.9
2025-06-12 12:57:00,80.8
2025-06-12 16:31:00,50.0997191011236
2025-06-12 14:00:00,50.0997191011236
2025-06-12 19:36:00,80.3
2025-06-12 22:14:00,19.6
2025-06-12 01:13:00,3.4
2025-06-12 09:16:00,88.1
2025-06-12 17:18:00,40.5
2025-06-12 03:11:00,50.0997191011236
2025-06-12 10:34:00,46.3
2025-06-12 17:21:00,50.0997191011236
2025-06-12 16:01:00,35.4
2025-06-12 14:35:00,96.9
2025-06-12 15:57:00,81.9
2025-06-12 00:03:00,79.4
2025-06-12 16:41:00,55.6
2025-06-12 21:06:00,13.6
2025-06-12 10:26:00,34.9
2025-06-12 19:58:00,50.0997191011236
2025-06-12 23:11:00,87.2
2025-06-12 18:19:00,47.8
2025-06-12 09:52:00,50.0997191011236
2025-06-12 20:01:00,12.5
2025-06-12 02:43:00,50.0997191011236
2025-06-12 22:26:00,67.2
2025-06-12 21:17:00,83.6
2025-06-12 13:14:00,50.0997191011236
2025-06-12 18:04:00,13.1
2025-06-12 15:36:00,96.4
2025-06-12 08:29:00,29.6
2025-06-12 15:02:00,9.8
2025-06-12 12:19:00,70.7
2025-06-12 17:55:00,44.9
2025-06-12 11:59:00,93.2
2025-06-12 15:29:00,47.0
2025-06-12 22:09:00,50.0997191011236
2025-06-12 01:18:00,50.9
2025-06-12 20:41:00,78.6
2025-06-12 19:10:00,96.7
2025-06-12 04:59:00,87.2
2025-06-12 01:11:00,5.6
2025-06-12 14:31:00,37.6
2025-06-12 09:19:00,49.0
2025-06-12 13:07:00,88.0
2025-06-12 12:22:00,8.8
2025-06-12 17:50:00,80.0
2025-06-12 04:51:00,50.0997191011236
2025-06-12 14:07:00,50.0997191011236
2025-06-12 10:05:00,42.5
2025-06-12 13:11:00,28.1
2025-06-12 21:23:00,93.0
2025-06-12 19:48:00,22.5
2025-06-12 15:30:00,49.3
2025-06-12 04:29:00,50.0997191011236
2025-06-12 20:23:00,50.0997191011236
2025-06-12 21:57:00,50.0997191011236
2025-06-12 18:41:00,5.0
2025-06-12 08:44:00,63.7
2025-06-12 14:23:00,89.7
2025-06-12 11:04:00,97.6
2025-06-12 08:15:00,1.7
2025-06-12 23:03:00,36.2
2025-06-12 19:52:00,50.0997191011236
2025-06-12 10:45:00,77.2
2025-06-12 15:59:00,42.7
2025-06-12 20:14:00,99.3
2025-06-12 11:17:00,50.0997191011236
2025-06-12 05:22:00,43.3
2025-06-12 00:02:00,42.4
2025-06-12 05:11:00,93.5
2025-06-12 16:59:00,22.2
2025-06-12 18:57:00,15.6
2025-06-12 11:28:00,56.9
2025-06-12 08:20:00,73.7
2025-06-12 08:52:00,27.4
2025-06-12 17:58:00,50.0997191011236
2025-06-12 20:06:00,15.4
2025-06-12 19:54:00,9.8
2025-06-12 02:16:00,50.0997191011236
2025-06-12 08:24:00,8.9
2025-06-12 23:30:00,81.8
2025-06-12 22:42:00,78.3
2025-06-12 15:20:00,50.0997191011236
2025-06-12 12:10:00,59.7
2025-06-12 01:03:00,9.1
2025-06-12 16:46:00,2.3
2025-06-12 11:42:00,50.0997191011236
2025-06-12 21:38:00,27.7
2025-06-12 15:06:00,0.6
2025-06-12 22:46:00,27.3
2025-06-12 20:52:00,58.2
2025-06-12 05:29:00,74.1
2025-06-12 04:28:00,50.0997191011236
2025-06-12 17:45:00,38.1
2025-06-12 02:01:00,22.4
2025-06-12 15:12:00,13.8
2025-06-12 11:22:00,3.9
2025-06-12 14:21:00,5.2
2025-06-12 04:32:00,75.3
2025-06-12 21:54:00,50.0997191011236
2025-06-12 04:13:00,27.7
2025-06-12 03:43:00,61.4
2025-06-12 20:37:00,81.4
2025-06-12 19:25:00,16.0
2025-06-12 15:55:00,85.7
2025-06-12 01:37:00,50.1
2025-06-12 16:52:00,58.1
2025-06-12 13:06:00,50.0997191011236
2025-06-12 03:26:00,99.9
2025-06-12 19:14:00,42.4
2025-06-12 22:25:00,50.0997191011236
2025-06-12 05:02:00,18.7
2025-06-12 09:02:00,17.6
2025-06-12 09:46:00,50.0997191011236
2025-06-12 05:49:00,14.7
2025-06-12 10:50:00,6.4
2025-06-12 19:31:00,21.7
2025-06-12 12:26:00,33.6
2025-06-12 13:37:00,36.1
2025-06-12 23:47:00,56.3
2025-06-12 15:44:00,49.3
2025-06-12 17:59:00,41.2
2025-06-12 16:32:00,26.2
2025-06-12 21:46:00,50.0997191011236
2025-06-12 14:15:00,7.0
2025-06-12 09:41:00,20.2
2025-06-12 15:53:00,6.4
2025-06-12 18:46:00,81.9
2025-06-12 20:10:00,50.0997191011236
2025-06-12 13:01:00,50.0997191011236
2025-06-12 18:13:00,74.9
2025-06-12 18:53:00,59.6
2025-06-12 11:13:00,26.2
2025-06-12 11:03:00,38.1
2025-06-12 12:17:00,88.5
2025-06-12 13:15:00,54.3
2025-06-12 00:24:00,26.6
2025-06-12 23:20:00,32.1
2025-06-12 13:31:00,94.6
2025-06-12 07:17:00,65.8
2025-06-12 07:08:00,0.3
2025-06-12 06:56:00,53.9
2025-06-12 04:48:00,50.0997191011236
2025-06-12 13:32:00,44.0
2025-06-12 22:03:00,97.9
2025-06-12 12:01:00,51.9
2025-06-12 20:36:00,80.6
2025-06-12 11:21:00,94.5
2025-06-12 17:00:00,50.0997191011236
2025-06-12 09:45:00,89.4
2025-06-12 01:19:00,50.0997191011236
2025-06-12 15:31:00,50.0997191011236
2025-06-12 12:24:00,52.1
2025-06-12 17:49:00,50.0997191011236
2025-06-12 01:46:00,62.0
2025-06-12 22:37:00,82.6
2025-06-12 17:35:00,50.0997191011236
2025-06-12 19:06:00,47.2
2025-06-12 01:45:00,95.3
2025-06-12 20:40:00,50.0997191011236
2025-06-12 14:44:00,99.1
2025-06-12 02:36:00,29.8
2025-06-12 17:04:00,78.5
2025-06-12 19:35:00,62.1
2025-06-12 20:35:00,26.4
2025-06-12 23:16:00,63.2
2025-06-12 03:20:00,21.1
2025-06-12 03:39:00,3.9
2025-06-12 14:36:00,50.0997191011236
2025-06-12 00:58:00,69.5
2025-06-12 18:10:00,51.3
2025-06-12 12:07:00,72.7
2025-06-12 04:25:00,46.4
2025-06-12 04:46:00,53.1
2025-06-12 10:04:00,64.1
2025-06-12 00:32:00,77.8
2025-06-12 14:34:00,34.1
2025-06-12 18:55:00,87.1
2025-06-12 23:25:00,50.0997191011236
2025-06-12 13:33:00,79.5
2025-06-12 16:21:00,77.5
2025-06-12 02:59:00,29.0
2025-06-12 22:34:00,97.1
2025-06-12 18:59:00,40.2
2025-06-12 06:19:00,93.0
2025-06-12 15:27:00,93.6
2025-06-12 20:56:00,18.1
2025-06-12 11:24:00,5.0
2025-06-12 18:45:00,27.0
2025-06-12 05:15:00,50.0997191011236
2025-06-12 09:20:00,65.0
2025-06-12 18:03:00,79.6
2025-06-12 14:30:00,8.3
2025-06-12 22:04:00,11.6
2025-06-12 12:49:00,84.3
2025-06-12 09:42:00,97.2
2025-06-12 20:38:00,76.3
2025-06-12 18:24:00,20.7
2025-06-12 09:57:00,22.1
2025-06-12 01:07:00,38.3
2025-06-12 16:13:00,13.0
2025-06-12 03:03:00,50.0997191011236
2025-06-12 00:15:00,58.7
2025-06-12 02:26:00,69.2
2025-06-12 02:50:00,92.3
2025-06-12 04:55:00,45.6
2025-06-12 10:14:00,11.5
2025-06-12 15:52:00,47.0
2025-06-12 07:46:00,50.0997191011236
2025-06-12 14:46:00,15.0
2025-06-12 04:07:00,19.2
2025-06-12 17:34:00,50.0997191011236
2025-06-12 05:57:00,50.0997191011236
2025-06-12 04:19:00,56.3
2025-06-12 04:53:00,60.2
2025-06-12 12:55:00,93.0
2025-06-12 06:00:00,51.1
2025-06-12 11:58:00,50.0997191011236
2025-06-12 19:12:00,77.9
2025-06-12 14:45:00,48.8
2025-06-12 21:21:00,9.8
2025-06-12 06:28:00,8.1
2025-06-12 07:54:00,52.1
2025-06-12 13:08:00,59.4
2025-06-12 20:43:00,50.0997191011236
2025-06-12 20:54:00,50.0997191011236
2025-06-12 18:31:00,42.4
2025-06-12 07:22:00,63.7
2025-06-12 01:02:00,76.4
2025-06-12 13:56:00,45.4
2025-06-12 08:04:00,64.6
2025-06-12 12:13:00,50.0997191011236
2025-06-12 19:08:00,25.7
2025-06-12 06:23:00,50.7
2025-06-12 22:01:00,50.0997191011236
2025-06-12 08:19:00,95.2
2025-06-12 11:32:00,80.1
2025-06-12 08:25:00,37.0
2025-06-12 10:21:00,83.0
2025-06-12 03:53:00,29.4
2025-06-12 02:13:00,97.6
2025-06-12 08:17:00,50.0997191011236
2025-06-12 14:10:00,20.3
2025-06-12 06:40:00,95.1
2025-06-12 10:15:00,47.2
2025-06-12 03:08:00,79.7
2025-06-12 09:07:00,69.7
2025-06-12 22:44:00,94.9
2025-06-12 02:15:00,50.0997191011236
2025-06-12 02:10:00,50.0997191011236
2025-06-12 03:40:00,50.0997191011236
2025-06-12 03:49:00,72.9
2025-06-12 06:38:00,51.9
2025-06-12 22:33:00,45.5
2025-06-12 08:56:00,74.6
2025-06-12 06:03:00,45.7
2025-06-12 15:09:00,6.8
2025-06-12 19:47:00,15.9
2025-06-12 05:37:00,0.4
2025-06-12 02:14:00,90.5
2025-06-12 03:06:00,62.7
2025-06-12 16:09:00,86.8
2025-06-12 02:11:00,33.4
2025-06-12 10:13:00,65.6
2025-06-12 06:57:00,67.5
2025-06-12 23:54:00,12.9
2025-06-12 08:26:00,11.9
2025-06-12 11:22:00,96.0
2025-06-12 12:10:00,49.889081537019685
2025-06-12 03:13:00,57.5
2025-06-12 08:19:00,85.1
2025-06-12 17:19:00,52.4
2025-06-12 19:39:00,88.0
2025-06-12 20:29:00,11.7
2025-06-12 22:33:00,67.4
2025-06-12 13:28:00,49.889081537019685
2025-06-12 05:38:00,38.4
2025-06-12 12:27:00,31.6
2025-06-12 20:32:00,81.9
2025-06-12 07:13:00,63.1
2025-06-12 13:39:00,32.6
2025-06-12 23:05:00,76.3
2025-06-12 03:16:00,49.6
2025-06-12 01:45:00,4.8
2025-06-12 23:57:00,49.889081537019685
2025-06-12 04:51:00,99.6
2025-06-12 02:38:00,48.7
2025-06-12 20:17:00,67.3
2025-06-12 02:34:00,64.8
2025-06-12 23:53:00,60.1
2025-06-12 22:03:00,98.9
2025-06-12 17:08:00,75.2
2025-06-12 02:14:00,79.0
2025-06-12 05:42:00,37.5
2025-06-12 15:14:00,47.2
2025-06-12 06:07:00,49.889081537019685
2025-06-12 10:11:00,35.8
2025-06-12 07:21:00,1.6
2025-06-12 10:31:00,5.8
2025-06-12 00:12:00,20.4
2025-06-12 11:32:00,55.4
2025-06-12 16:32:00,27.0
2025-06-12 14:40:00,21.3
2025-06-12 21:56:00,79.1
2025-06-12 04:13:00,81.7
2025-06-12 01:01:00,5.7
2025-06-12 15:39:00,49.889081537019685
2025-06-12 01:07:00,99.2
2025-06-12 21:11:00,20.6
2025-06-12 02:15:00,4.3
2025-06-12 19:54:00,16.5
2025-06-12 19:16:00,15.3
2025-06-12 00:01:00,49.889081537019685
2025-06-12 04:18:00,49.889081537019685
2025-06-12 12:56:00,45.3
2025-06-12 12:38:00,85.4
2025-06-12 15:13:00,57.9
2025-06-12 08:52:00,11.1
2025-06-12 12:16:00,49.889081537019685
2025-06-12 06:24:00,6.1
2025-06-12 05:45:00,49.889081537019685
2025-06-12 19:30:00,62.1
2025-06-12 05:19:00,79.1
2025-06-12 19:29:00,68.8
2025-06-12 07:09:00,92.1
2025-06-12 01:20:00,15.7
2025-06-12 17:57:00,51.5
2025-06-12 22:16:00,33.2
2025-06-12 08:24:00,5.7
2025-06-12 12:21:00,91.2
2025-06-12 17:54:00,28.6
2025-06-12 23:41:00,98.2
2025-06-12 03:49:00,26.9
2025-06-12 16:30:00,14.0
2025-06-12 03:40:00,2.1
2025-06-12 14:47:00,19.1
2025-06-12 06:15:00,71.1
2025-06-12 21:39:00,31.0
2025-06-12 06:20:00,32.7
2025-06-12 10:09:00,49.889081537019685
2025-06-12 16:47:00,83.1
2025-06-12 00:11:00,16.7
2025-06-12 08:09:00,48.5
2025-06-12 12:34:00,34.2
2025-06-12 15:12:00,32.0
2025-06-12 07:39:00,3.3
2025-06-12 16:27:00,44.0
2025-06-12 20:55:00,92.2
2025-06-12 10:50:00,65.2
2025-06-12 23:58:00,25.7
2025-06-12 09:23:00,49.889081537019685
2025-06-12 17:27:00,22.2
2025-06-12 14:18:00,49.889081537019685
2025-06-12 09:53:00,2.2
2025-06-12 15:47:00,21.1
2025-06-12 08:35:00,67.8
2025-06-12 18:04:00,38.5
2025-06-12 18:09:00,98.3
2025-06-12 03:15:00,9.2
2025-06-12 14:06:00,49.889081537019685
2025-06-12 09:32:00,73.3
2025-06-12 11:16:00,49.889081537019685
2025-06-12 18:38:00,92.9
2025-06-12 19:50:00,38.3
2025-06-12 07:57:00,1.6
2025-06-12 02:00:00,70.9
2025-06-12 13:57:00,97.0
2025-06-12 19:13:00,76.2
2025-06-12 22:02:00,49.889081537019685
2025-06-12 00:56:00,54.6
2025-06-12 04:36:00,54.6
2025-06-12 07:52:00,15.6
2025-06-12 20:56:00,50.0
2025-06-12 21:47:00,58.3
2025-06-12 06:08:00,12.9
2025-06-12 17:48:00,98.5
2025-06-12 16:59:00,4.3
2025-06-12 04:25:00,41.7
2025-06-12 19:48:00,11.4
2025-06-12 02:16:00,49.889081537019685
2025-06-12 06:06:00,97.0
2025-06-12 17:16:00,48.5
2025-06-12 16:55:00,66.7
2025-06-12 06:25:00,49.889081537019685
2025-06-12 06:11:00,73.0
2025-06-12 17:49:00,49.889081537019685
2025-06-12 13:09:00,39.1
2025-06-12 09:17:00,97.6
2025-06-12 10:33:00,8.5
2025-06-12 00:57:00,83.0
2025-06-12 17:46:00,35.7
2025-06-12 21:17:00,93.0
2025-06-12 14:39:00,9.5
2025-06-12 13:50:00,54.5
2025-06-12 22:37:00,76.2
2025-06-12 18:40:00,10.5
2025-06-12 18:15:00,34.8
2025-06-12 12:30:00,90.0
2025-06-12 20:47:00,13.1
2025-06-12 08:56:00,19.2
2025-06-12 16:41:00,77.1
2025-06-12 02:11:00,19.9
2025-06-12 01:26:00,94.4
2025-06-12 09:22:00,88.8
2025-06-12 03:09:00,49.889081537019685
2025-06-12 17:04:00,49.889081537019685
2025-06-12 08:32:00,13.9
2025-06-12 16:35:00,66.2
2025-06-12 07:37:00,71.2
2025-06-12 10:14:00,38.3
2025-06-12 20:43:00,8.1
2025-06-12 17:53:00,83.9
2025-06-12 11:23:00,49.889081537019685
2025-06-12 07:55:00,49.889081537019685
2025-06-12 11:47:00,77.3
2025-06-12 07:01:00,8.5
2025-06-12 12:37:00,15.6
2025-06-12 14:37:00,41.5
2025-06-12 10:19:00,54.0
2025-06-12 12:42:00,66.3
2025-06-12 16:49:00,35.8
2025-06-12 03:22:00,73.2
2025-06-12 06:38:00,49.889081537019685
2025-06-12 16:05:00,54.9
2025-06-12 13:19:00,18.4
2025-06-12 20:02:00,39.5
2025-06-12 03:51:00,7.0
2025-06-12 11:54:00,49.889081537019685
2025-06-12 17:28:00,59.1
2025-06-12 17:09:00,76.7
2025-06-12 15:36:00,78.6
2025-06-12 12:08:00,49.889081537019685
2025-06-12 01:47:00,81.9
2025-06-12 03:23:00,1.8
2025-06-12 12:59:00,26.8
2025-06-12 10:32:00,77.4
2025-06-12 18:21:00,6.2
2025-06-12 00:28:00,15.7
2025-06-12 11:05:00,74.5
2025-06-12 06:30:00,3.6
2025-06-12 00:22:00,21.8
2025-06-12 07:59:00,43.0
2025-06-12 00:58:00,58.1
2025-06-12 07:27:00,4.3
2025-06-12 08:43:00,49.889081537019685
2025-06-12 06:27:00,14.6
2025-06-12 15:17:00,49.889081537019685
2025-06-12 00:38:00,62.7
2025-06-12 14:53:00,47.4
2025-06-12 07:42:00,50.1
2025-06-12 15:09:00,49.889081537019685
2025-06-12 00:17:00,70.5
2025-06-12 19:46:00,44.9
2025-06-12 05:31:00,92.2
2025-06-12 19:53:00,16.0
2025-06-12 07:04:00,95.3
2025-06-12 19:38:00,52.1
2025-06-12 19:21:00,98.6
2025-06-12 14:28:00,33.2
2025-06-12 15:55:00,99.3
2025-06-12 22:45:00,28.5
2025-06-12 00:03:00,49.889081537019685
2025-06-12 23:08:00,69.8
2025-06-12 03:03:00,92.5
2025-06-12 00:59:00,21.5
2025-06-12 06:37:00,33.4
2025-06-12 07:00:00,48.6
2025-06-12 01:44:00,32.1
2025-06-12 13:37:00,82.3
2025-06-12 04:04:00,49.889081537019685
2025-06-12 04:29:00,49.889081537019685
2025-06-12 05:35:00,58.9
2025-06-12 08:06:00,49.889081537019685
2025-06-12 13:01:00,31.7
2025-06-12 02:27:00,47.5
2025-06-12 06:53:00,79.2
2025-06-12 23:13:00,62.0
2025-06-12 01:52:00,72.6
2025-06-12 01:58:00,76.7
2025-06-12 08:49:00,90.5
2025-06-12 01:37:00,79.9
2025-06-12 08:31:00,86.9
2025-06-12 15:07:00,69.7
2025-06-12 13:32:00,59.5
2025-06-12 15:45:00,52.5
2025-06-12 05:10:00,49.889081537019685
2025-06-12 05:09:00,71.8
2025-06-12 12:09:00,57.4
2025-06-12 16:00:00,96.1
2025-06-12 06:36:00,98.3
2025-06-12 15:58:00,49.889081537019685
2025-06-12 03:12:00,45.9
2025-06-12 03:39:00,49.889081537019685
2025-06-12 08:20:00,90.4
2025-06-12 08:08:00,70.1
2025-06-12 05:23:00,30.1
2025-06-12 05:08:00,5.5
2025-06-12 19:42:00,95.9
2025-06-12 16:26:00,19.2
2025-06-12 07:10:00,41.9
2025-06-12 10:24:00,60.2
2025-06-12 13:29:00,31.0
2025-06-12 01:31:00,87.5
2025-06-12 01:50:00,41.6
2025-06-12 08:27:00,12.2
2025-06-12 20:04:00,92.2
2025-06-12 11:28:00,80.4
2025-06-12 01:24:00,9.6
2025-06-12 02:19:00,16.7
2025-06-12 13:04:00,96.3
2025-06-12 20:52:00,79.6
2025-06-12 00:25:00,1.0
2025-06-12 13:46:00,45.8
2025-06-12 00:42:00,50.1
2025-06-12 23:15:00,60.3
2025-06-12 01:48:00,63.4
2025-06-12 10:22:00,35.6
2025-06-12 20:09:00,79.5
2025-06-12 03:30:00,24.4
2025-06-12 11:02:00,81.6
2025-06-12 04:32:00,15.5
2025-06-12 19:58:00,69.3
2025-06-12 15:08:00,11.7
2025-06-12 23:18:00,30.5
2025-06-12 00:09:00,70.2
2025-06-12 08:38:00,12.9
2025-06-12 11:37:00,5.3
2025-06-12 00:21:00,25.8
2025-06-12 21:03:00,82.5
2025-06-12 06:57:00,49.889081537019685
2025-06-12 15:40:00,85.8
2025-06-12 04:31:00,12.1
2025-06-12 14:26:00,92.4
2025-06-12 07:28:00,49.889081537019685
2025-06-12 17:45:00,3.7
2025-06-12 19:27:00,55.3
2025-06-12 05:01:00,49.889081537019685
2025-06-12 12:35:00,80.1
2025-06-12 19:43:00,28.1
2025-06-12 06:26:00,92.1
2025-06-12 12:00:00,72.1
2025-06-12 06:45:00,49.889081537019685
2025-06-12 09:48:00,83.1
2025-06-12 07:40:00,78.4
2025-06-12 15:50:00,61.6
2025-06-12 13:52:00,87.7
2025-06-12 11:08:00,71.9
2025-06-12 04:55:00,96.6
2025-06-12 13:45:00,52.9
2025-06-12 15:56:00,88.0
2025-06-12 18:00:00,49.889081537019685
2025-06-12 17:38:00,81.5
2025-06-12 18:41:00,60.7
2025-06-12 21:41:00,23.0
2025-06-12 22:05:00,49.889081537019685
2025-06-12 16:40:00,28.1
2025-06-12 08:21:00,49.889081537019685
2025-06-12 02:29:00,93.9
2025-06-12 17:02:00,26.9
2025-06-12 23:06:00,63.9
2025-06-12 03:05:00,24.7
2025-06-12 13:36:00,77.6
2025-06-12 12:46:00,28.7
2025-06-12 03:43:00,87.6
2025-06-12 09:58:00,91.0
2025-06-12 08:01:00,73.2
2025-06-12 03:31:00,65.6
2025-06-12 21:37:00,92.4
2025-06-12 01:35:00,37.5
2025-06-12 09:59:00,12.8
2025-06-12 13:53:00,19.9
2025-06-12 15:18:00,60.0
2025-06-12 08:29:00,88.6
2025-06-12 21:56:00,78.8
2025-06-12 01:44:00,4.3
2025-06-12 22:34:00,19.3
2025-06-12 06:39:00,56.9
2025-06-12 11:59:00,22.2
2025-06-12 02:35:00,50.12778039031272
2025-06-12 23:21:00,12.6
2025-06-12 05:08:00,78.9
2025-06-12 20:32:00,23.4
2025-06-12 05:31:00,17.2
2025-06-12 02:50:00,95.7
2025-06-12 19:48:00,33.4
2025-06-12 23:11:00,63.8
2025-06-12 03:59:00,23.7
2025-06-12 07:49:00,89.9
2025-06-12 03:09:00,86.6
2025-06-12 10:40:00,14.2
2025-06-12 17:57:00,50.12778039031272
2025-06-12 13:35:00,57.7
2025-06-12 13:20:00,69.0
2025-06-12 01:03:00,91.7
2025-06-12 01:42:00,61.4
2025-06-12 10:42:00,15.8
2025-06-12 12:25:00,95.0
2025-06-12 23:27:00,2.1
2025-06-12 08:18:00,2.4
2025-06-12 15:21:00,40.6
2025-06-12 11:12:00,50.12778039031272
2025-06-12 17:09:00,42.9
2025-06-12 13:00:00,29.0
2025-06-12 22:50:00,34.8
2025-06-12 12:34:00,90.6
2025-06-12 16:02:00,0.6
2025-06-12 13:37:00,34.9
2025-06-12 18:41:00,58.7
2025-06-12 00:13:00,18.3
2025-06-12 04:04:00,81.3
2025-06-12 13:51:00,50.12778039031272
2025-06-12 23:47:00,50.12778039031272
2025-06-12 14:24:00,91.8
2025-06-12 17:59:00,12.5
2025-06-12 01:01:00,16.9
2025-06-12 03:19:00,21.7
2025-06-12 11:27:00,59.3
2025-06-12 05:59:00,79.2
2025-06-12 07:04:00,97.9
2025-06-12 01:19:00,44.8
2025-06-12 12:58:00,67.7
2025-06-12 20:56:00,50.12778039031272
2025-06-12 05:12:00,94.8
2025-06-12 19:28:00,3.2
2025-06-12 12:38:00,70.8
2025-06-12 10:33:00,77.0
2025-06-12 20:59:00,69.7
2025-06-12 13:11:00,19.9
2025-06-12 13:29:00,62.8
2025-06-12 04:44:00,39.4
2025-06-12 16:12:00,50.12778039031272
2025-06-12 22:15:00,50.12778039031272
2025-06-12 21:44:00,59.5
2025-06-12 10:53:00,70.4
2025-06-12 05:48:00,26.9
2025-06-12 15:03:00,40.6
2025-06-12 05:09:00,68.2
2025-06-12 22:43:00,49.8
2025-06-12 22:13:00,64.7
2025-06-12 17:07:00,83.8
2025-06-12 09:39:00,13.6
2025-06-12 04:55:00,55.8
2025-06-12 00:24:00,28.5
2025-06-12 12:40:00,38.2
2025-06-12 15:48:00,45.1
2025-06-12 02:47:00,80.3
2025-06-12 21:32:00,62.5
2025-06-12 03:10:00,29.9
2025-06-12 08:52:00,50.12778039031272
2025-06-12 21:21:00,40.3
2025-06-12 14:51:00,91.9
2025-06-12 18:23:00,72.8
2025-06-12 21:06:00,19.7
2025-06-12 01:17:00,1.3
2025-06-12 23:36:00,50.12778039031272
2025-06-12 01:35:00,7.0
2025-06-12 09:20:00,50.12778039031272
2025-06-12 10:47:00,50.12778039031272
2025-06-12 18:48:00,50.12778039031272
2025-06-12 19:03:00,19.4
2025-06-12 00:36:00,20.2
2025-06-12 16:06:00,50.12778039031272
2025-06-12 01:52:00,77.8
2025-06-12 10:21:00,26.5
2025-06-12 21:18:00,86.2
2025-06-12 23:19:00,6.9
2025-06-12 19:50:00,48.7
2025-06-12 19:42:00,16.8
2025-06-12 13:28:00,52.8
2025-06-12 06:12:00,17.0
2025-06-12 00:37:00,50.12778039031272
2025-06-12 10:56:00,81.5
2025-06-12 17:16:00,22.8
2025-06-12 16:57:00,47.3
2025-06-12 09:17:00,40.7
2025-06-12 14:05:00,55.3
2025-06-12 14:33:00,99.8
2025-06-12 23:48:00,92.1
2025-06-12 21:20:00,22.0
2025-06-12 11:08:00,53.7
2025-06-12 20:12:00,78.1
2025-06-12 04:17:00,62.8
2025-06-12 06:02:00,20.1
2025-06-12 08:16:00,65.8
2025-06-12 06:17:00,61.7
2025-06-12 02:20:00,20.0
2025-06-12 12:46:00,66.4
2025-06-12 18:04:00,53.8
2025-06-12 23:58:00,62.8
2025-06-12 10:44:00,58.6
2025-06-12 00:42:00,50.12778039031272
2025-06-12 10:59:00,7.8
2025-06-12 15:25:00,10.5
2025-06-12 09:21:00,51.1
2025-06-12 12:33:00,64.3
2025-06-12 16:23:00,57.7
2025-06-12 23:50:00,88.1
2025-06-12 10:49:00,93.7
2025-06-12 10:51:00,3.3
2025-06-12 06:14:00,36.7
2025-06-12 11:58:00,35.2
2025-06-12 06:56:00,65.1
2025-06-12 22:42:00,64.7
2025-06-12 01:16:00,1.2
2025-06-12 10:09:00,78.4
2025-06-12 03:11:00,89.0
2025-06-12 14:23:00,58.5
2025-06-12 21:13:00,45.5
2025-06-12 05:15:00,23.2
2025-06-12 08:48:00,26.3
2025-06-12 21:35:00,72.7
2025-06-12 18:43:00,50.12778039031272
2025-06-12 16:40:00,21.4
2025-06-12 20:17:00,92.0
2025-06-12 03:29:00,40.7
2025-06-12 15:24:00,33.8
2025-06-12 15:22:00,35.4
2025-06-12 16:47:00,33.1
2025-06-12 17:37:00,74.0
2025-06-12 03:31:00,16.6
2025-06-12 11:07:00,90.8
2025-06-12 04:47:00,61.1
2025-06-12 08:03:00,45.2
2025-06-12 09:18:00,26.6
2025-06-12 20:13:00,33.0
2025-06-12 22:12:00,56.5
2025-06-12 14:25:00,45.6
2025-06-12 13:10:00,69.6
2025-06-12 14:34:00,14.3
2025-06-12 21:46:00,44.3
2025-06-12 06:51:00,50.12778039031272
2025-06-12 07:32:00,37.0
2025-06-12 06:53:00,34.3
2025-06-12 01:05:00,98.6
2025-06-12 11:49:00,90.9
2025-06-12 20:06:00,12.7
2025-06-12 16:26:00,58.7
2025-06-12 00:19:00,50.12778039031272
2025-06-12 10:12:00,54.4
2025-06-12 04:24:00,50.12778039031272
2025-06-12 10:06:00,31.1
2025-06-12 21:01:00,37.8
2025-06-12 16:03:00,50.4
2025-06-12 17:01:00,68.4
2025-06-12 15:00:00,95.1
2025-06-12 07:38:00,50.12778039031272
2025-06-12 01:38:00,84.7
2025-06-12 14:18:00,50.12778039031272
2025-06-12 00:44:00,56.7
2025-06-12 20:50:00,27.3
2025-06-12 16:11:00,28.9
2025-06-12 21:19:00,54.7
2025-06-12 05:25:00,50.12778039031272
2025-06-12 22:55:00,21.9
2025-06-12 22:23:00,95.8
2025-06-12 14:28:00,38.0
2025-06-12 19:11:00,75.0
2025-06-12 03:38:00,50.12778039031272
2025-06-12 04:46:00,44.4
2025-06-12 12:48:00,62.7
2025-06-12 04:57:00,0.4
2025-06-12 11:13:00,48.6
2025-06-12 16:35:00,69.3
2025-06-12 16:25:00,76.0
2025-06-12 02:59:00,87.1
2025-06-12 04:39:00,95.7
2025-06-12 05:37:00,50.12778039031272
2025-06-12 23:31:00,50.12778039031272
2025-06-12 06:45:00,80.7
2025-06-12 00:45:00,50.12778039031272
2025-06-12 02:10:00,73.0
2025-06-12 06:50:00,27.1
2025-06-12 19:44:00,50.12778039031272
2025-06-12 02:03:00,39.8
2025-06-12 08:50:00,50.12778039031272
2025-06-12 02:12:00,54.8
2025-06-12 17:26:00,99.4
2025-06-12 22:06:00,73.7
2025-06-12 02:55:00,50.12778039031272
2025-06-12 22:28:00,50.12778039031272
2025-06-12 03:56:00,1.7
2025-06-12 04:41:00,3.4
2025-06-12 17:04:00,28.7
2025-06-12 04:53:00,50.12778039031272
2025-06-12 12:47:00,89.9
2025-06-12 08:33:00,40.3
2025-06-12 09:16:00,65.9
2025-06-12 22:08:00,50.7
2025-06-12 06:37:00,57.5
2025-06-12 12:12:00,11.0
2025-06-12 10:41:00,26.0
2025-06-12 09:15:00,50.12778039031272
2025-06-12 06:30:00,50.12778039031272
2025-06-12 11:00:00,75.5
2025-06-12 07:54:00,9.0
2025-06-12 11:15:00,13.6
2025-06-12 18:25:00,50.12778039031272
2025-06-12 13:54:00,51.1
2025-06-12 13:46:00,66.5
2025-06-12 19:57:00,94.9
2025-06-12 14:41:00,19.3
2025-06-12 08:06:00,23.0
2025-06-12 08:41:00,58.6
2025-06-12 20:23:00,32.4
2025-06-12 10:37:00,28.9
2025-06-12 21:40:00,88.8
2025-06-12 10:35:00,50.12778039031272
2025-06-12 08:53:00,35.4
2025-06-12 04:25:00,53.8
2025-06-12 23:35:00,92.7
2025-06-12 06:43:00,50.12778039031272
2025-06-12 00:03:00,67.5
2025-06-12 23:32:00,97.9
2025-06-12 21:26:00,2.4
2025-06-12 03:04:00,50.12778039031272
2025-06-12 07:51:00,15.8
2025-06-12 07:42:00,17.9
2025-06-12 23:13:00,50.12778039031272
2025-06-12 03:15:00,76.4
2025-06-12 11:06:00,30.7
2025-06-12 04:12:00,59.9
2025-06-12 16:50:00,79.0
2025-06-12 23:12:00,50.12778039031272
2025-06-12 19:32:00,71.2
2025-06-12 18:21:00,47.0
2025-06-12 04:26:00,10.9
2025-06-12 01:09:00,80.8
2025-06-12 23:38:00,69.7
2025-06-12 06:19:00,72.7
2025-06-12 14:56:00,60.2
2025-06-12 11:02:00,30.8
2025-06-12 23:02:00,31.6
2025-06-12 19:23:00,38.8
2025-06-12 14:14:00,50.12778039031272
2025-06-12 17:35:00,50.12778039031272
2025-06-12 06:25:00,2.7
2025-06-12 23:09:00,50.12778039031272
2025-06-12 17:44:00,78.3
2025-06-12 17:36:00,50.12778039031272
2025-06-12 07:25:00,73.1
2025-06-12 22:16:00,20.3
2025-06-12 14:12:00,62.9
2025-06-12 21:17:00,42.8
2025-06-12 16:30:00,51.5
2025-06-12 15:13:00,50.12778039031272
2025-06-12 01:13:00,17.8
2025-06-12 14:32:00,50.12778039031272
2025-06-12 01:04:00,75.9
2025-06-12 07:52:00,87.6
2025-06-12 19:37:00,89.9
2025-06-12 18:39:00,12.6
2025-06-12 23:43:00,52.5
2025-06-12 20:57:00,50.12778039031272
2025-06-12 19:38:00,95.9
2025-06-12 00:47:00,95.3
2025-06-12 17:03:00,4.5
2025-06-12 13:07:00,61.4
2025-06-12 09:34:00,40.8
2025-06-12 20:08:00,88.6
2025-06-12 01:07:00,98.6
2025-06-12 14:45:00,49.8
2025-06-12 06:54:00,20.1
2025-06-12 04:58:00,50.1655304792927
2025-06-12 06:39:00,76.1
2025-06-12 20:22:00,59.4
2025-06-12 14:40:00,50.1655304792927
2025-06-12 15:07:00,89.7
2025-06-12 15:40:00,97.7
2025-06-12 21:25:00,38.1
2025-06-12 22:31:00,28.4
2025-06-12 00:47:00,84.8
2025-06-12 02:55:00,48.2
2025-06-12 15:01:00,50.1655304792927
2025-06-12 18:56:00,42.7
2025-06-12 03:08:00,63.3
2025-06-12 03:36:00,70.7
2025-06-12 07:55:00,59.4
2025-06-12 14:53:00,61.0
2025-06-12 23:00:00,53.8
2025-06-12 23:01:00,62.5
2025-06-12 11:57:00,10.3
2025-06-12 18:36:00,47.6
2025-06-12 03:44:00,74.4
2025-06-12 17:17:00,54.0
2025-06-12 01:55:00,25.8
2025-06-12 21:08:00,41.6
2025-06-12 17:35:00,45.5
2025-06-12 20:48:00,74.9
2025-06-12 14:15:00,45.4
2025-06-12 23:16:00,51.6
2025-06-12 23:39:00,26.0
2025-06-12 20:57:00,35.2
2025-06-12 20:56:00,10.4
2025-06-12 02:35:00,20.5
2025-06-12 04:03:00,50.1655304792927
2025-06-12 21:32:00,36.5
2025-06-12 11:20:00,12.8
2025-06-12 05:04:00,50.1655304792927
2025-06-12 21:33:00,48.7
2025-06-12 17:37:00,56.9
2025-06-12 05:11:00,6.1
2025-06-12 22:50:00,50.1655304792927
2025-06-12 08:57:00,40.0
2025-06-12 03:27:00,20.7
2025-06-12 19:15:00,79.0
2025-06-12 02:43:00,75.1
2025-06-12 10:35:00,99.8
2025-06-12 03:54:00,29.9
2025-06-12 18:54:00,41.0
2025-06-12 17:05:00,50.1655304792927
2025-06-12 10:26:00,14.7
2025-06-12 00:01:00,12.2
2025-06-12 09:41:00,7.3
2025-06-12 07:50:00,17.4
2025-06-12 02:18:00,94.1
2025-06-12 13:38:00,27.3
2025-06-12 23:34:00,65.8
2025-06-12 06:12:00,30.8
2025-06-12 09:49:00,50.1655304792927
2025-06-12 04:53:00,62.7
2025-06-12 02:36:00,17.0
2025-06-12 13:14:00,91.9
2025-06-12 04:35:00,56.5
2025-06-12 05:08:00,78.8
2025-06-12 12:54:00,48.5
2025-06-12 18:29:00,95.2
2025-06-12 14:13:00,91.4
2025-06-12 22:47:00,37.3
2025-06-12 23:17:00,15.0
2025-06-12 21:34:00,50.1655304792927
2025-06-12 17:33:00,74.4
2025-06-12 08:29:00,19.7
2025-06-12 03:41:00,46.5
2025-06-12 21:46:00,55.6
2025-06-12 17:47:00,72.5
2025-06-12 20:58:00,7.0
2025-06-12 19:10:00,47.1
2025-06-12 22:05:00,63.5
2025-06-12 22:06:00,26.4
2025-06-12 00:52:00,16.5
2025-06-12 01:48:00,50.1655304792927
2025-06-12 00:18:00,2.3
2025-06-12 00:36:00,61.2
2025-06-12 12:48:00,98.8
2025-06-12 03:31:00,89.5
2025-06-12 23:33:00,85.6
2025-06-12 03:48:00,4.3
2025-06-12 18:39:00,60.0
2025-06-12 14:55:00,74.2
2025-06-12 04:47:00,10.5
2025-06-12 11:38:00,24.9
2025-06-12 04:43:00,94.5
2025-06-12 20:29:00,50.1655304792927
2025-06-12 21:51:00,54.7
2025-06-12 13:09:00,70.8
2025-06-12 16:36:00,44.7
2025-06-12 23:35:00,41.5
2025-06-12 05:21:00,27.7
2025-06-12 01:29:00,75.9
2025-06-12 14:08:00,2.2
2025-06-12 21:44:00,32.1
2025-06-12 07:13:00,81.0
2025-06-12 05:54:00,89.5
2025-06-12 03:33:00,82.4
2025-06-12 18:59:00,78.1
2025-06-12 03:43:00,68.0
2025-06-12 03:32:00,66.9
2025-06-12 20:32:00,22.6
2025-06-12 00:25:00,40.8
2025-06-12 10:00:00,14.5
2025-06-12 19:55:00,36.4
2025-06-12 04:55:00,61.8
2025-06-12 17:21:00,48.7
2025-06-12 14:52:00,23.0
2025-06-12 11:54:00,1.2
2025-06-12 19:31:00,32.9
2025-06-12 08:56:00,42.8
2025-06-12 23:30:00,36.1
2025-06-12 16:22:00,32.7
2025-06-12 00:29:00,96.5
2025-06-12 05:50:00,57.2
2025-06-12 21:05:00,98.7
2025-06-12 15:49:00,5.9
2025-06-12 05:18:00,57.1
2025-06-12 16:31:00,29.8
2025-06-12 03:49:00,44.0
2025-06-12 12:38:00,24.7
2025-06-12 13:59:00,34.0
2025-06-12 19:09:00,8.0
2025-06-12 01:25:00,87.5
2025-06-12 01:56:00,30.9
2025-06-12 15:54:00,43.0
2025-06-12 00:00:00,58.9
2025-06-12 21:01:00,91.3
2025-06-12 22:46:00,26.3
2025-06-12 03:12:00,63.2
2025-06-12 10:32:00,63.1
2025-06-12 07:37:00,13.9
2025-06-12 19:36:00,93.6
2025-06-12 02:33:00,63.8
2025-06-12 06:24:00,0.5
2025-06-12 11:07:00,55.1
2025-06-12 04:31:00,72.5
2025-06-12 19:27:00,95.7
2025-06-12 22:25:00,96.1
2025-06-12 01:21:00,26.8
2025-06-12 15:43:00,94.5
2025-06-12 13:41:00,43.7
2025-06-12 14:28:00,49.1
2025-06-12 03:34:00,97.0
2025-06-12 12:55:00,71.1
2025-06-12 15:37:00,49.5
2025-06-12 04:14:00,88.6
2025-06-12 06:40:00,2.7
2025-06-12 00:40:00,77.4
2025-06-12 10:16:00,61.6
2025-06-12 09:06:00,77.9
2025-06-12 23:09:00,50.1655304792927
2025-06-12 01:43:00,68.1
2025-06-12 15:47:00,99.1
2025-06-12 06:33:00,53.9
2025-06-12 09:56:00,20.5
2025-06-12 11:35:00,64.1
2025-06-12 19:56:00,50.1655304792927
2025-06-12 14:35:00,35.7
2025-06-12 19:11:00,6.2
2025-06-12 08:53:00,50.1655304792927
2025-06-12 19:50:00,9.2
2025-06-12 02:45:00,9.0
2025-06-12 05:52:00,1.1
2025-06-12 06:29:00,68.3
2025-06-12 01:41:00,63.1
2025-06-12 04:04:00,86.8
2025-06-12 01:16:00,88.8
2025-06-12 13:46:00,8.9
2025-06-12 15:21:00,77.6
2025-06-12 07:24:00,25.3
2025-06-12 10:54:00,50.1655304792927
2025-06-12 05:41:00,54.8
2025-06-12 06:14:00,95.6
2025-06-12 23:56:00,54.2
2025-06-12 03:10:00,50.2
2025-06-12 17:56:00,63.1
2025-06-12 17:36:00,27.5
2025-06-12 18:52:00,50.1655304792927
2025-06-12 03:14:00,50.1655304792927
2025-06-12 15:59:00,50.1655304792927
2025-06-12 02:40:00,64.4
2025-06-12 21:12:00,17.3
2025-06-12 16:40:00,58.9
2025-06-12 23:43:00,51.8
2025-06-12 07:05:00,60.8
2025-06-12 00:16:00,40.4
2025-06-12 19:05:00,94.5
2025-06-12 01:26:00,3.2
2025-06-12 00:55:00,9.3
2025-06-12 14:42:00,7.4
2025-06-12 20:40:00,23.6
2025-06-12 08:20:00,2.2
2025-06-12 00:05:00,53.8
2025-06-12 08:25:00,90.6
2025-06-12 17:28:00,92.0
2025-06-12 03:35:00,74.5
2025-06-12 02:57:00,54.4
2025-06-12 04:56:00,64.7
2025-06-12 05:06:00,50.1655304792927
2025-06-12 19:43:00,50.1655304792927
2025-06-12 01:33:00,12.3
2025-06-12 20:16:00,72.1
2025-06-12 06:18:00,53.4
2025-06-12 01:27:00,50.1655304792927
2025-06-12 14:07:00,26.4
2025-06-12 08:34:00,54.0
2025-06-12 19:22:00,15.8
2025-06-12 12:59:00,50.1655304792927
2025-06-12 03:57:00,29.9
2025-06-12 15:23:00,40.9
2025-06-12 15:08:00,14.6
2025-06-12 01:12:00,56.4
2025-06-12 17:23:00,38.3
2025-06-12 08:15:00,54.6
2025-06-12 02:51:00,27.0
2025-06-12 17:45:00,38.3
2025-06-12 18:44:00,43.6
2025-06-12 04:10:00,37.3
2025-06-12 19:59:00,61.5
2025-06-12 13:52:00,73.7
2025-06-12 02:28:00,49.4
2025-06-12 19:51:00,36.8
2025-06-12 00:43:00,25.3
2025-06-12 07:22:00,87.8
2025-06-12 20:03:00,53.5
2025-06-12 12:40:00,14.6
2025-06-12 10:06:00,50.1655304792927
2025-06-12 20:49:00,54.8
2025-06-12 18:02:00,3.6
2025-06-12 15:06:00,50.1655304792927
2025-06-12 16:01:00,35.6
2025-06-12 22:54:00,22.4
2025-06-12 14:18:00,71.6
2025-06-12 16:11:00,50.1655304792927
2025-06-12 20:25:00,86.0
2025-06-12 01:32:00,11.5
2025-06-12 03:38:00,10.2
2025-06-12 21:09:00,94.4
2025-06-12 05:43:00,88.3
2025-06-12 01:50:00,94.0
2025-06-12 18:49:00,50.1655304792927
2025-06-12 03:42:00,73.0
2025-06-12 03:25:00,46.0
2025-06-12 00:41:00,13.4
2025-06-12 00:30:00,19.4
2025-06-12 02:30:00,79.4
2025-06-12 17:30:00,89.9
2025-06-12 10:30:00,21.5
2025-06-12 03:24:00,59.7
2025-06-12 23:47:00,50.1655304792927
2025-06-12 18:41:00,94.7
2025-06-12 22:19:00,50.1655304792927
2025-06-12 10:49:00,51.1
2025-06-12 03:55:00,50.1655304792927
2025-06-12 23:40:00,56.4
2025-06-12 04:49:00,50.1655304792927
2025-06-12 03:39:00,50.1655304792927
2025-06-12 06:28:00,83.6
2025-06-12 20:04:00,75.2
2025-06-12 19:14:00,42.9
2025-06-12 12:23:00,54.2
2025-06-12 19:21:00,35.9
2025-06-12 02:06:00,88.3
2025-06-12 06:56:00,25.3
2025-06-12 15:28:00,78.8
2025-06-12 23:14:00,64.7
2025-06-12 06:04:00,69.9
2025-06-12 01:59:00,43.8
2025-06-12 00:03:00,19.5
2025-06-12 23:18:00,82.9
2025-06-12 23:07:00,94.2
2025-06-12 23:31:00,75.9
2025-06-12 21:39:00,40.1
2025-06-12 14:12:00,68.3
2025-06-12 07:43:00,37.5
2025-06-12 02:04:00,50.2
2025-06-12 16:49:00,15.1
2025-06-12 22:58:00,67.9
2025-06-12 11:53:00,97.2
2025-06-12 03:29:00,32.9
2025-06-12 15:33:00,67.5
2025-06-12 13:42:00,44.6
2025-06-12 17:01:00,50.1655304792927
2025-06-12 12:42:00,50.0
2025-06-12 02:49:00,84.2
2025-06-12 19:01:00,55.2
2025-06-12 09:34:00,13.9
2025-06-12 21:57:00,13.0
2025-06-12 04:19:00,85.3
2025-06-12 02:57:00,68.2
2025-06-12 17:31:00,50.16485882352941
2025-06-12 18:36:00,50.16485882352941
2025-06-12 20:34:00,90.4
2025-06-12 01:38:00,57.6
2025-06-12 05:58:00,59.2
2025-06-12 17:59:00,50.16485882352941
2025-06-12 11:47:00,50.16485882352941
2025-06-12 17:08:00,50.16485882352941
2025-06-12 22:39:00,98.1
2025-06-12 15:03:00,6.4
2025-06-12 10:36:00,54.5
2025-06-12 14:41:00,67.3
2025-06-12 00:19:00,99.8
2025-06-12 23:50:00,82.5
2025-06-12 16:58:00,50.16485882352941
2025-06-12 17:30:00,50.16485882352941
2025-06-12 17:33:00,50.16485882352941
2025-06-12 19:51:00,19.6
2025-06-12 10:39:00,38.0
2025-06-12 18:55:00,3.3
2025-06-12 04:10:00,53.3
2025-06-12 03:03:00,28.9
2025-06-12 03:42:00,50.16485882352941
2025-06-12 05:35:00,78.0
2025-06-12 01:40:00,43.4
2025-06-12 19:15:00,74.8
2025-06-12 00:51:00,44.6
2025-06-12 00:49:00,15.7
2025-06-12 09:06:00,63.0
2025-06-12 07:57:00,67.0
2025-06-12 19:07:00,48.0
2025-06-12 00:42:00,99.1
2025-06-12 06:53:00,13.1
2025-06-12 00:52:00,7.9
2025-06-12 04:09:00,59.1
2025-06-12 11:07:00,25.1
2025-06-12 13:18:00,32.7
2025-06-12 10:27:00,3.0
2025-06-12 13:02:00,65.2
2025-06-12 00:09:00,45.9
2025-06-12 02:10:00,74.5
2025-06-12 20:46:00,45.9
2025-06-12 09:07:00,90.2
2025-06-12 21:26:00,35.2
2025-06-12 06:20:00,39.6
2025-06-12 08:43:00,67.5
2025-06-12 14:14:00,70.9
2025-06-12 00:10:00,13.0
2025-06-12 16:11:00,81.9
2025-06-12 03:11:00,48.6
2025-06-12 03:34:00,68.0
2025-06-12 08:21:00,5.9
2025-06-12 21:06:00,79.7
2025-06-12 12:58:00,50.9
2025-06-12 12:36:00,50.16485882352941
2025-06-12 07:49:00,41.3
2025-06-12 03:04:00,59.8
2025-06-12 00:58:00,98.5
2025-06-12 16:34:00,63.3
2025-06-12 02:03:00,0.3
2025-06-12 14:09:00,16.7
2025-06-12 03:45:00,19.7
2025-06-12 22:51:00,22.6
2025-06-12 06:10:00,72.0
2025-06-12 15:31:00,29.2
2025-06-12 06:04:00,77.6
2025-06-12 05:28:00,95.1
2025-06-12 09:37:00,26.7
2025-06-12 22:36:00,50.16485882352941
2025-06-12 01:57:00,18.4
2025-06-12 22:41:00,50.16485882352941
2025-06-12 01:32:00,85.4
2025-06-12 05:00:00,50.16485882352941
2025-06-12 11:32:00,98.1
2025-06-12 16:15:00,67.7
2025-06-12 01:28:00,86.6
2025-06-12 01:37:00,52.5
2025-06-12 07:40:00,50.1
2025-06-12 04:11:00,2.8
2025-06-12 18:45:00,46.5
2025-06-12 23:21:00,87.8
2025-06-12 20:26:00,24.9
2025-06-12 22:53:00,17.7
2025-06-12 03:23:00,67.4
2025-06-12 10:08:00,54.7
2025-06-12 06:26:00,50.16485882352941
2025-06-12 12:12:00,16.9
2025-06-12 21:45:00,5.3
2025-06-12 03:28:00,84.0
2025-06-12 19:56:00,39.2
2025-06-12 12:26:00,85.8
2025-06-12 07:41:00,38.7
2025-06-12 01:03:00,62.5
2025-06-12 03:37:00,39.7
2025-06-12 20:24:00,50.16485882352941
2025-06-12 04:18:00,70.4
2025-06-12 02:06:00,35.1
2025-06-12 16:40:00,50.16485882352941
2025-06-12 00:25:00,34.4
2025-06-12 07:46:00,17.4
2025-06-12 19:09:00,30.8
2025-06-12 09:42:00,65.7
2025-06-12 05:41:00,64.8
2025-06-12 21:48:00,92.8
2025-06-12 23:15:00,17.2
2025-06-12 04:37:00,33.6
2025-06-12 11:02:00,40.7
2025-06-12 07:31:00,90.9
2025-06-12 15:35:00,46.2
2025-06-12 01:00:00,72.6
2025-06-12 23:01:00,65.6
2025-06-12 00:38:00,92.5
2025-06-12 11:17:00,56.7
2025-06-12 06:30:00,53.4
2025-06-12 06:05:00,5.5
2025-06-12 00:15:00,50.16485882352941
2025-06-12 05:57:00,50.16485882352941
2025-06-12 21:34:00,98.1
2025-06-12 17:37:00,66.2
2025-06-12 23:59:00,6.9
2025-06-12 08:38:00,53.2
2025-06-12 07:00:00,44.7
2025-06-12 04:28:00,24.4
2025-06-12 06:08:00,66.9
2025-06-12 12:33:00,87.3
2025-06-12 20:13:00,22.9
2025-06-12 23:38:00,50.16485882352941
2025-06-12 14:47:00,98.1
2025-06-12 20:14:00,96.8
2025-06-12 00:54:00,78.0
2025-06-12 15:34:00,76.8
2025-06-12 00:18:00,20.1
2025-06-12 01:15:00,18.6
2025-06-12 00:16:00,23.4
2025-06-12 19:28:00,3.9
2025-06-12 06:02:00,68.0
2025-06-12 06:27:00,50.16485882352941
2025-06-12 16:49:00,50.16485882352941
2025-06-12 06:25:00,63.3
2025-06-12 18:11:00,50.16485882352941
2025-06-12 02:49:00,29.6
2025-06-12 02:46:00,9.5
2025-06-12 16:06:00,40.8
2025-06-12 01:22:00,74.8
2025-06-12 09:39:00,97.7
2025-06-12 18:31:00,50.16485882352941
2025-06-12 08:17:00,50.16485882352941
2025-06-12 00:36:00,49.9
2025-06-12 10:18:00,69.9
2025-06-12 17:32:00,29.0
2025-06-12 06:46:00,21.0
2025-06-12 06:43:00,50.16485882352941
2025-06-12 01:10:00,20.0
2025-06-12 06:12:00,14.2
2025-06-12 05:56:00,50.16485882352941
2025-06-12 21:42:00,78.6
2025-06-12 15:29:00,28.0
2025-06-12 15:50:00,59.3
2025-06-12 08:29:00,50.6
2025-06-12 23:40:00,43.6
2025-06-12 21:46:00,61.4
2025-06-12 20:57:00,69.4
2025-06-12 14:26:00,8.6
2025-06-12 21:49:00,9.9
2025-06-12 20:02:00,68.5
2025-06-12 17:46:00,72.9
2025-06-12 00:23:00,58.5
2025-06-12 03:17:00,50.16485882352941
2025-06-12 10:53:00,40.0
2025-06-12 05:36:00,35.9
2025-06-12 09:15:00,95.6
2025-06-12 23:18:00,49.5
2025-06-12 02:34:00,50.8
2025-06-12 07:01:00,22.4
2025-06-12 02:32:00,30.3
2025-06-12 12:50:00,9.5
2025-06-12 08:27:00,99.5
2025-06-12 04:13:00,33.3
2025-06-12 16:19:00,88.5
2025-06-12 18:26:00,70.9
2025-06-12 11:48:00,50.16485882352941
2025-06-12 22:43:00,77.8
2025-06-12 03:54:00,45.7
2025-06-12 08:23:00,66.5
2025-06-12 16:57:00,31.4
2025-06-12 21:35:00,46.0
2025-06-12 00:01:00,84.9
2025-06-12 12:59:00,50.16485882352941
2025-06-12 00:12:00,35.7
2025-06-12 19:30:00,45.8
2025-06-12 15:30:00,52.6
2025-06-12 08:35:00,66.0
2025-06-12 08:50:00,50.16485882352941
2025-06-12 07:23:00,87.7
2025-06-12 19:55:00,14.5
2025-06-12 16:07:00,50.16485882352941
2025-06-12 23:36:00,66.9
2025-06-12 16:28:00,88.8
2025-06-12 04:44:00,67.3
2025-06-12 08:10:00,50.16485882352941
2025-06-12 11:46:00,70.1
2025-06-12 07:03:00,39.3
2025-06-12 07:14:00,50.16485882352941
2025-06-12 06:34:00,46.8
2025-06-12 23:47:00,91.9
2025-06-12 10:46:00,65.3
2025-06-12 18:53:00,27.1
2025-06-12 00:31:00,7.0
2025-06-12 22:29:00,32.6
2025-06-12 23:24:00,46.0
2025-06-12 22:07:00,15.7
2025-06-12 10:10:00,50.16485882352941
2025-06-12 18:23:00,38.9
2025-06-12 13:56:00,88.8
2025-06-12 03:15:00,19.3
2025-06-12 17:35:00,8.6
2025-06-12 09:29:00,34.0
2025-06-12 10:43:00,49.8
2025-06-12 07:02:00,50.16485882352941
2025-06-12 12:51:00,88.0
2025-06-12 19:59:00,22.8
2025-06-12 05:51:00,82.1
2025-06-12 19:11:00,99.9
2025-06-12 18:04:00,76.1
2025-06-12 21:04:00,80.8
2025-06-12 22:24:00,15.1
2025-06-12 17:51:00,44.5
2025-06-12 23:03:00,15.2
2025-06-12 01:24:00,71.9
2025-06-12 06:15:00,18.9
2025-06-12 09:01:00,24.1
2025-06-12 07:22:00,29.9
2025-06-12 10:57:00,94.1
2025-06-12 07:48:00,89.1
2025-06-12 16:42:00,71.8
2025-06-12 20:10:00,79.3
2025-06-12 11:28:00,77.3
2025-06-12 07:28:00,45.9
2025-06-12 00:35:00,49.8
2025-06-12 23:07:00,50.16485882352941
2025-06-12 23:29:00,50.16485882352941
2025-06-12 04:30:00,78.7
2025-06-12 17:52:00,50.16485882352941
2025-06-12 06:03:00,47.3
2025-06-12 06:21:00,95.3
2025-06-12 22:45:00,32.0
2025-06-12 09:41:00,50.16485882352941
2025-06-12 04:27:00,79.6
2025-06-12 13:38:00,0.6
2025-06-12 11:42:00,14.7
2025-06-12 20:16:00,24.0
2025-06-12 23:49:00,14.6
2025-06-12 14:00:00,50.16485882352941
2025-06-12 19:31:00,63.3
2025-06-12 05:59:00,67.6
2025-06-12 02:35:00,48.9
2025-06-12 20:20:00,69.3
2025-06-12 00:17:00,16.9
2025-06-12 00:33:00,23.5
2025-06-12 22:04:00,50.16485882352941
2025-06-12 17:20:00,50.16485882352941
2025-06-12 13:44:00,16.2
2025-06-12 02:05:00,18.4
2025-06-12 21:55:00,2.9
2025-06-12 01:17:00,47.9
2025-06-12 20:33:00,82.0
2025-06-12 21:27:00,32.3
2025-06-12 08:39:00,50.16485882352941
2025-06-12 07:58:00,37.7
2025-06-12 21:07:00,37.9
2025-06-12 20:53:00,35.5
2025-06-12 17:04:00,84.9
2025-06-12 08:44:00,41.5
2025-06-12 15:40:00,27.5
2025-06-12 16:02:00,31.1
2025-06-12 23:44:00,50.16485882352941
2025-06-12 09:46:00,50.16485882352941
2025-06-12 11:56:00,50.16485882352941
2025-06-12 18:15:00,31.0
2025-06-12 16:12:00,50.16485882352941
2025-06-12 04:45:00,64.9
2025-06-12 09:00:00,14.9
2025-06-12 11:55:00,69.1
2025-06-12 11:40:00,56.0
2025-06-12 22:20:00,8.3
2025-06-12 21:03:00,16.0
2025-06-12 10:02:00,50.16485882352941
2025-06-12 02:08:00,97.6
2025-06-12 05:30:00,90.7
2025-06-12 08:49:00,4.4
2025-06-12 10:30:00,89.6
2025-06-12 00:13:00,32.5
2025-06-12 22:05:00,13.6
2025-06-12 01:05:00,64.2
2025-06-12 18:27:00,50.16485882352941
2025-06-12 10:17:00,12.1
2025-06-12 13:33:00,50.16485882352941
2025-06-12 13:07:00,50.16485882352941
2025-06-12 22:49:00,30.5
2025-06-12 04:43:00,78.5
2025-06-12 22:31:00,83.1
2025-06-12 19:25:00,78.6
2025-06-12 03:10:00,13.2
2025-06-12 06:16:00,50.16485882352941
2025-06-12 06:50:00,50.16485882352941
2025-06-12 07:34:00,77.5
2025-06-12 21:14:00,46.7
2025-06-12 08:34:00,9.5
2025-06-12 21:11:00,1.4
2025-06-12 09:59:00,55.5
2025-06-12 07:05:00,50.9
2025-06-12 20:19:00,49.7
2025-06-12 22:58:00,31.7
2025-06-12 14:36:00,49.40323484760014
2025-06-12 14:54:00,68.6
2025-06-12 09:39:00,25.7
2025-06-12 01:28:00,49.40323484760014
2025-06-12 17:56:00,49.40323484760014
2025-06-12 14:45:00,49.40323484760014
2025-06-12 16:35:00,9.0
2025-06-12 19:05:00,42.8
2025-06-12 19:22:00,52.6
2025-06-12 21:58:00,69.1
2025-06-12 06:43:00,91.4
2025-06-12 08:00:00,62.7
2025-06-12 08:32:00,45.0
2025-06-12 16:49:00,79.9
2025-06-12 04:38:00,33.0
2025-06-12 15:15:00,38.6
2025-06-12 00:01:00,49.40323484760014
2025-06-12 21:08:00,53.4
2025-06-12 08:55:00,84.9
2025-06-12 17:54:00,68.6
2025-06-12 16:54:00,49.40323484760014
2025-06-12 03:36:00,70.3
2025-06-12 17:44:00,29.0
2025-06-12 22:23:00,49.40323484760014
2025-06-12 18:42:00,30.1
2025-06-12 23:25:00,85.4
2025-06-12 23:27:00,59.5
2025-06-12 05:24:00,49.40323484760014
2025-06-12 06:14:00,42.1
2025-06-12 04:56:00,76.0
2025-06-12 06:46:00,14.3
2025-06-12 22:38:00,68.8
2025-06-12 14:28:00,31.8
2025-06-12 09:28:00,33.8
2025-06-12 21:10:00,13.7
2025-06-12 02:39:00,11.0
2025-06-12 17:53:00,6.1
2025-06-12 09:03:00,52.5
2025-06-12 20:13:00,49.40323484760014
2025-06-12 21:06:00,49.40323484760014
2025-06-12 09:13:00,11.1
2025-06-12 05:59:00,50.6
2025-06-12 19:58:00,71.5
2025-06-12 17:50:00,11.8
2025-06-12 11:42:00,48.9
2025-06-12 12:56:00,77.9
2025-06-12 06:01:00,96.6
2025-06-12 04:37:00,40.7
2025-06-12 19:46:00,13.3
2025-06-12 11:10:00,16.6
2025-06-12 13:13:00,96.2
2025-06-12 17:10:00,49.40323484760014
2025-06-12 23:05:00,99.5
2025-06-12 03:28:00,91.3
2025-06-12 06:31:00,64.1
2025-06-12 01:41:00,48.2
2025-06-12 08:46:00,97.5
2025-06-12 14:18:00,22.7
2025-06-12 02:59:00,36.6
2025-06-12 13:50:00,95.5
2025-06-12 16:38:00,28.8
2025-06-12 04:26:00,15.9
2025-06-12 19:00:00,50.3
2025-06-12 00:05:00,70.3
2025-06-12 00:12:00,73.2
2025-06-12 14:55:00,49.40323484760014
2025-06-12 07:56:00,49.40323484760014
2025-06-12 01:44:00,97.8
2025-06-12 06:54:00,13.6
2025-06-12 21:25:00,45.3
2025-06-12 00:16:00,38.6
2025-06-12 13:04:00,56.1
2025-06-12 15:52:00,66.9
2025-06-12 08:08:00,61.3
2025-06-12 03:26:00,95.0
2025-06-12 20:15:00,53.4
2025-06-12 15:24:00,54.6
2025-06-12 03:50:00,88.2
2025-06-12 10:48:00,93.3
2025-06-12 11:14:00,98.1
2025-06-12 08:59:00,50.7
2025-06-12 09:32:00,44.5
2025-06-12 09:07:00,96.6
2025-06-12 21:24:00,39.4
2025-06-12 14:51:00,49.40323484760014
2025-06-12 04:58:00,34.1
2025-06-12 18:08:00,49.40323484760014
2025-06-12 09:53:00,51.2
2025-06-12 23:17:00,76.0
2025-06-12 19:40:00,85.9
2025-06-12 22:15:00,0.7
2025-06-12 08:33:00,81.3
2025-06-12 22:02:00,31.8
2025-06-12 07:32:00,54.7
2025-06-12 10:46:00,49.40323484760014
2025-06-12 20:04:00,72.6
2025-06-12 19:02:00,49.40323484760014
2025-06-12 09:51:00,73.3
2025-06-12 16:03:00,35.7
2025-06-12 22:27:00,58.3
2025-06-12 17:51:00,34.8
2025-06-12 01:09:00,79.5
2025-06-12 01:56:00,81.0
2025-06-12 05:47:00,92.6
2025-06-12 01:10:00,55.3
2025-06-12 04:25:00,48.8
2025-06-12 22:03:00,62.9
2025-06-12 09:18:00,83.4
2025-06-12 23:20:00,49.40323484760014
2025-06-12 11:39:00,70.0
2025-06-12 03:15:00,83.9
2025-06-12 01:04:00,49.40323484760014
2025-06-12 05:17:00,79.6
2025-06-12 12:29:00,17.7
2025-06-12 15:35:00,9.7
2025-06-12 06:04:00,8.6
2025-06-12 10:14:00,13.2
2025-06-12 23:58:00,13.3
2025-06-12 01:46:00,64.4
2025-06-12 01:06:00,7.4
2025-06-12 12:37:00,49.1
2025-06-12 17:12:00,44.5
2025-06-12 14:34:00,75.2
2025-06-12 02:34:00,49.0
2025-06-12 03:53:00,11.2
2025-06-12 01:33:00,54.4
2025-06-12 22:50:00,59.4
2025-06-12 14:09:00,59.7
2025-06-12 08:15:00,61.3
2025-06-12 13:19:00,92.5
2025-06-12 17:23:00,59.5
2025-06-12 22:14:00,19.5
2025-06-12 17:32:00,43.0
2025-06-12 22:28:00,95.8
2025-06-12 14:06:00,49.40323484760014
2025-06-12 19:23:00,49.40323484760014
2025-06-12 08:17:00,42.4
2025-06-12 05:10:00,27.3
2025-06-12 05:50:00,31.3
2025-06-12 06:05:00,17.3
2025-06-12 00:29:00,68.1
2025-06-12 23:45:00,90.9
2025-06-12 06:39:00,49.40323484760014
2025-06-12 10:32:00,59.9
2025-06-12 01:22:00,15.5
2025-06-12 08:50:00,6.3
2025-06-12 14:11:00,49.40323484760014
2025-06-12 09:16:00,17.9
2025-06-12 12:01:00,33.5
2025-06-12 19:21:00,33.7
2025-06-12 20:39:00,23.1
2025-06-12 03:37:00,23.6
2025-06-12 19:31:00,78.2
2025-06-12 17:47:00,49.40323484760014
2025-06-12 03:45:00,12.6
2025-06-12 22:10:00,16.0
2025-06-12 10:36:00,15.5
2025-06-12 09:23:00,6.3
2025-06-12 22:21:00,49.40323484760014
2025-06-12 15:39:00,20.2
2025-06-12 20:41:00,66.3
2025-06-12 04:35:00,70.5
2025-06-12 03:09:00,94.3
2025-06-12 21:42:00,22.5
2025-06-12 21:33:00,52.7
2025-06-12 13:56:00,50.3
2025-06-12 23:07:00,49.40323484760014
2025-06-12 00:54:00,11.2
2025-06-12 04:52:00,87.5
2025-06-12 06:22:00,68.8
2025-06-12 15:19:00,55.4
2025-06-12 13:28:00,76.8
2025-06-12 04:17:00,47.9
2025-06-12 03:29:00,49.40323484760014
2025-06-12 09:45:00,48.6
2025-06-12 11:57:00,54.9
2025-06-12 21:46:00,14.3
2025-06-12 12:14:00,70.2
2025-06-12 10:00:00,47.7
2025-06-12 15:04:00,69.8
2025-06-12 13:18:00,38.1
2025-06-12 11:43:00,64.4
2025-06-12 09:08:00,42.3
2025-06-12 13:44:00,82.1
2025-06-12 06:50:00,86.1
2025-06-12 06:18:00,31.2
2025-06-12 21:19:00,31.6
2025-06-12 21:56:00,31.1
2025-06-12 02:32:00,39.8
2025-06-12 23:52:00,41.5
2025-06-12 14:16:00,18.1
2025-06-12 01:24:00,69.1
2025-06-12 11:45:00,49.40323484760014
2025-06-12 01:05:00,76.2
2025-06-12 21:05:00,30.9
2025-06-12 04:16:00,53.3
2025-06-12 22:39:00,49.40323484760014
2025-06-12 11:12:00,64.2
2025-06-12 20:22:00,49.40323484760014
2025-06-12 19:41:00,1.3
2025-06-12 21:13:00,49.40323484760014
2025-06-12 12:02:00,49.40323484760014
2025-06-12 11:17:00,49.40323484760014
2025-06-12 10:28:00,14.1
2025-06-12 09:05:00,84.6
2025-06-12 14:24:00,16.0
2025-06-12 16:12:00,86.2
2025-06-12 20:14:00,6.0
2025-06-12 08:49:00,49.40323484760014
2025-06-12 06:56:00,35.8
2025-06-12 04:59:00,58.1
2025-06-12 20:23:00,49.40323484760014
2025-06-12 18:09:00,93.5
2025-06-12 15:30:00,3.9
2025-06-12 08:13:00,92.9
2025-06-12 09:44:00,94.0
2025-06-12 21:18:00,77.2
2025-06-12 19:36:00,88.5
2025-06-12 17:38:00,73.8
2025-06-12 20:17:00,53.3
2025-06-12 05:11:00,47.1
2025-06-12 09:29:00,84.4
2025-06-12 12:05:00,49.40323484760014
2025-06-12 23:40:00,93.2
2025-06-12 13:10:00,5.3
2025-06-12 23:03:00,91.7
2025-06-12 13:15:00,7.4
2025-06-12 05:57:00,35.4
2025-06-12 06:25:00,77.5
2025-06-12 14:17:00,5.2
2025-06-12 00:50:00,69.6
2025-06-12 15:45:00,62.8
2025-06-12 23:42:00,70.5
2025-06-12 16:08:00,77.5
2025-06-12 11:18:00,24.9
2025-06-12 04:13:00,66.7
2025-06-12 01:47:00,49.8
2025-06-12 23:22:00,49.40323484760014
2025-06-12 20:42:00,64.3
2025-06-12 05:01:00,97.3
2025-06-12 10:25:00,51.7
2025-06-12 21:47:00,35.0
2025-06-12 01:31:00,54.6
2025-06-12 15:16:00,21.1
2025-06-12 13:35:00,14.3
2025-06-12 13:51:00,33.7
2025-06-12 00:40:00,86.7
2025-06-12 04:40:00,49.40323484760014
2025-06-12 03:42:00,27.7
2025-06-12 00:30:00,74.8
2025-06-12 18:41:00,83.4
2025-06-12 18:49:00,49.40323484760014
2025-06-12 15:13:00,65.8
2025-06-12 01:35:00,13.7
2025-06-12 07:48:00,49.40323484760014
2025-06-12 17:17:00,54.6
2025-06-12 11:35:00,66.1
2025-06-12 16:25:00,2.6
2025-06-12 22:34:00,86.4
2025-06-12 16:27:00,41.7
2025-06-12 19:55:00,29.5
2025-06-12 05:19:00,49.40323484760014
2025-06-12 13:47:00,50.4
2025-06-12 03:22:00,7.2
2025-06-12 07:06:00,57.4
2025-06-12 00:18:00,41.8
2025-06-12 17:26:00,58.0
2025-06-12 16:09:00,2.0
2025-06-12 12:27:00,18.8
2025-06-12 06:38:00,49.40323484760014
2025-06-12 07:42:00,21.4
2025-06-12 21:32:00,8.1
2025-06-12 05:42:00,50.6
2025-06-12 08:01:00,52.4
2025-06-12 11:58:00,20.1
2025-06-12 07:43:00,70.1
2025-06-12 16:24:00,48.0
2025-06-12 00:07:00,89.6
2025-06-12 04:34:00,75.6
2025-06-12 00:44:00,38.6
2025-06-12 04:15:00,49.40323484760014
2025-06-12 02:09:00,24.7
2025-06-12 12:18:00,51.7
2025-06-12 07:07:00,88.4
2025-06-12 11:55:00,63.8
2025-06-12 23:37:00,9.3
2025-06-12 16:24:00,95.9
2025-06-12 00:30:00,29.0
2025-06-12 23:54:00,39.8
2025-06-12 09:48:00,12.6
2025-06-12 05:36:00,91.5
2025-06-12 17:20:00,50.400661703887515
2025-06-12 09:05:00,76.8
2025-06-12 19:03:00,50.400661703887515
2025-06-12 03:13:00,91.9
2025-06-12 08:50:00,56.0
2025-06-12 06:42:00,76.4
2025-06-12 08:22:00,56.1
2025-06-12 03:27:00,73.0
2025-06-12 04:52:00,27.4
2025-06-12 15:56:00,4.1
2025-06-12 05:52:00,75.6
2025-06-12 18:20:00,39.5
2025-06-12 02:20:00,8.4
2025-06-12 11:33:00,27.3
2025-06-12 23:02:00,99.2
2025-06-12 02:36:00,76.8
2025-06-12 23:45:00,93.4
2025-06-12 03:44:00,23.5
2025-06-12 16:34:00,8.0
2025-06-12 21:12:00,79.4
2025-06-12 11:07:00,0.5
2025-06-12 17:50:00,10.8
2025-06-12 14:28:00,24.5
2025-06-12 00:41:00,50.400661703887515
2025-06-12 01:21:00,97.1
2025-06-12 09:23:00,23.1
2025-06-12 08:54:00,96.5
2025-06-12 06:38:00,50.400661703887515
2025-06-12 20:18:00,59.4
2025-06-12 20:08:00,3.6
2025-06-12 02:58:00,76.4
2025-06-12 05:22:00,12.0
2025-06-12 07:47:00,50.400661703887515
2025-06-12 22:57:00,71.6
2025-06-12 15:54:00,63.2
2025-06-12 10:10:00,27.2
2025-06-12 18:59:00,95.9
2025-06-12 21:17:00,22.5
2025-06-12 01:36:00,95.2
2025-06-12 19:27:00,39.4
2025-06-12 22:40:00,50.400661703887515
2025-06-12 14:56:00,50.400661703887515
2025-06-12 11:10:00,97.9
2025-06-12 09:25:00,74.9
2025-06-12 21:19:00,16.8
2025-06-12 09:13:00,76.3
2025-06-12 22:25:00,91.4
2025-06-12 11:45:00,59.6
2025-06-12 05:19:00,92.2
2025-06-12 22:48:00,20.6
2025-06-12 03:58:00,26.2
2025-06-12 09:12:00,37.0
2025-06-12 06:23:00,88.0
2025-06-12 06:18:00,17.5
2025-06-12 01:20:00,61.6
2025-06-12 22:03:00,75.5
2025-06-12 13:15:00,47.1
2025-06-12 05:00:00,50.400661703887515
2025-06-12 03:22:00,53.9
2025-06-12 16:25:00,14.0
2025-06-12 13:11:00,75.9
2025-06-12 06:37:00,33.1
2025-06-12 13:03:00,50.400661703887515
2025-06-12 07:58:00,88.4
2025-06-12 09:06:00,50.400661703887515
2025-06-12 10:46:00,50.1
2025-06-12 12:17:00,50.400661703887515
2025-06-12 13:46:00,39.7
2025-06-12 14:55:00,66.4
2025-06-12 07:51:00,13.4
2025-06-12 11:25:00,28.9
2025-06-12 13:28:00,17.5
2025-06-12 22:07:00,50.400661703887515
2025-06-12 05:21:00,99.5
2025-06-12 04:39:00,52.2
2025-06-12 08:25:00,20.2
2025-06-12 11:43:00,50.400661703887515
2025-06-12 17:13:00,50.400661703887515
2025-06-12 10:37:00,48.0
2025-06-12 03:25:00,50.8
2025-06-12 13:23:00,70.9
2025-06-12 18:41:00,86.6
2025-06-12 17:01:00,37.4
2025-06-12 22:47:00,80.5
2025-06-12 05:54:00,65.3
2025-06-12 23:31:00,58.3
2025-06-12 11:58:00,18.2
2025-06-12 01:37:00,55.9
2025-06-12 07:46:00,46.0
2025-06-12 20:41:00,97.9
2025-06-12 20:09:00,21.1
2025-06-12 12:21:00,21.9
2025-06-12 10:47:00,50.400661703887515
2025-06-12 05:31:00,36.7
2025-06-12 18:36:00,67.6
2025-06-12 04:51:00,91.7
2025-06-12 03:15:00,25.2
2025-06-12 13:29:00,44.2
2025-06-12 08:13:00,33.0
2025-06-12 12:01:00,33.0
2025-06-12 20:01:00,50.400661703887515
2025-06-12 15:48:00,43.2
2025-06-12 22:49:00,19.4
2025-06-12 23:00:00,81.4
2025-06-12 14:12:00,20.5
2025-06-12 03:37:00,16.6
2025-06-12 22:00:00,10.7
2025-06-12 02:12:00,54.0
2025-06-12 07:21:00,24.6
2025-06-12 14:53:00,76.0
2025-06-12 11:53:00,74.9
2025-06-12 01:12:00,86.5
2025-06-12 17:12:00,97.5
2025-06-12 01:09:00,30.6
2025-06-12 04:14:00,50.400661703887515
2025-06-12 07:18:00,20.1
2025-06-12 21:39:00,43.7
2025-06-12 06:29:00,59.8
2025-06-12 05:59:00,6.1
2025-06-12 09:27:00,10.0
2025-06-12 14:51:00,11.7
2025-06-12 13:08:00,50.400661703887515
2025-06-12 07:59:00,84.0
2025-06-12 11:09:00,67.5
2025-06-12 02:18:00,83.6
2025-06-12 22:38:00,41.6
2025-06-12 22:56:00,27.7
2025-06-12 15:17:00,61.9
2025-06-12 01:11:00,99.1
2025-06-12 15:31:00,50.400661703887515
2025-06-12 21:27:00,50.400661703887515
2025-06-12 21:13:00,42.0
2025-06-12 03:39:00,34.9
2025-06-12 10:52:00,55.0
2025-06-12 22:10:00,52.3
2025-06-12 03:10:00,50.400661703887515
2025-06-12 04:45:00,16.1
2025-06-12 09:40:00,14.7
2025-06-12 18:47:00,18.7
2025-06-12 21:11:00,11.0
2025-06-12 10:17:00,13.6
2025-06-12 13:25:00,26.3
2025-06-12 09:01:00,47.3
2025-06-12 15:30:00,22.3
2025-06-12 07:43:00,47.9
2025-06-12 03:24:00,0.6
2025-06-12 11:06:00,65.3
2025-06-12 00:58:00,50.400661703887515
2025-06-12 05:49:00,27.9
2025-06-12 19:12:00,37.1
2025-06-12 05:41:00,52.2
2025-06-12 06:12:00,40.1
2025-06-12 21:38:00,64.3
2025-06-12 18:22:00,96.4
2025-06-12 10:22:00,68.3
2025-06-12 21:42:00,3.0
2025-06-12 04:54:00,31.7
2025-06-12 04:58:00,56.7
2025-06-12 05:16:00,59.2
2025-06-12 08:26:00,10.6
2025-06-12 13:33:00,74.7
2025-06-12 19:05:00,50.400661703887515
2025-06-12 18:56:00,74.4
2025-06-12 12:06:00,85.8
2025-06-12 14:54:00,15.2
2025-06-12 14:00:00,34.0
2025-06-12 14:45:00,34.7
2025-06-12 07:14:00,15.5
2025-06-12 00:13:00,17.0
2025-06-12 04:24:00,51.0
2025-06-12 00:14:00,82.5
2025-06-12 23:25:00,40.7
2025-06-12 16:18:00,18.8
2025-06-12 09:29:00,88.8
2025-06-12 08:18:00,50.400661703887515
2025-06-12 00:01:00,54.0
2025-06-12 20:15:00,77.4
2025-06-12 08:12:00,19.7
2025-06-12 06:28:00,83.1
2025-06-12 21:20:00,56.8
2025-06-12 18:06:00,31.1
2025-06-12 14:31:00,82.7
2025-06-12 02:50:00,27.6
2025-06-12 07:13:00,30.2
2025-06-12 09:56:00,91.7
2025-06-12 04:26:00,68.3
2025-06-12 10:54:00,51.9
2025-06-12 13:40:00,7.3
2025-06-12 17:02:00,66.1
2025-06-12 15:19:00,50.400661703887515
2025-06-12 11:13:00,70.2
2025-06-12 04:47:00,93.1
2025-06-12 02:19:00,55.5
2025-06-12 01:41:00,50.400661703887515
2025-06-12 03:42:00,46.0
2025-06-12 00:19:00,53.9
2025-06-12 18:04:00,50.400661703887515
2025-06-12 16:29:00,61.7
2025-06-12 00:48:00,50.400661703887515
2025-06-12 13:21:00,90.9
2025-06-12 21:46:00,94.6
2025-06-12 19:52:00,50.400661703887515
2025-06-12 15:20:00,17.5
2025-06-12 15:13:00,48.4
2025-06-12 20:00:00,12.2
2025-06-12 16:03:00,50.400661703887515
2025-06-12 11:52:00,9.6
2025-06-12 16:22:00,20.1
2025-06-12 07:03:00,93.6
2025-06-12 14:37:00,68.9
2025-06-12 00:49:00,1.4
2025-06-12 21:21:00,36.8
2025-06-12 13:19:00,27.6
2025-06-12 03:33:00,99.0
2025-06-12 08:27:00,55.9
2025-06-12 23:53:00,12.4
2025-06-12 20:48:00,70.3
2025-06-12 18:05:00,78.0
2025-06-12 03:41:00,41.2
2025-06-12 12:50:00,46.6
2025-06-12 08:07:00,32.7
2025-06-12 20:14:00,50.400661703887515
2025-06-12 00:04:00,50.400661703887515
2025-06-12 02:01:00,50.400661703887515
2025-06-12 02:23:00,19.7
2025-06-12 19:10:00,74.6
2025-06-12 09:44:00,50.400661703887515
2025-06-12 03:09:00,46.8
2025-06-12 03:02:00,36.2
2025-06-12 19:15:00,81.1
2025-06-12 16:55:00,63.0
2025-06-12 22:28:00,23.0
2025-06-12 12:58:00,50.400661703887515
2025-06-12 01:01:00,50.400661703887515
2025-06-12 18:02:00,82.9
2025-06-12 16:08:00,50.400661703887515
2025-06-12 09:53:00,2.1
2025-06-12 13:07:00,50.400661703887515
2025-06-12 10:41:00,68.7
2025-06-12 04:56:00,45.8
2025-06-12 15:38:00,50.400661703887515
2025-06-12 12:46:00,46.2
2025-06-12 06:32:00,82.7
2025-06-12 08:57:00,0.0
2025-06-12 18:50:00,56.9
2025-06-12 22:17:00,4.5
2025-06-12 06:06:00,89.5
2025-06-12 03:08:00,94.5
2025-06-12 00:24:00,64.5
2025-06-12 05:15:00,85.3
2025-06-12 04:42:00,33.1
2025-06-12 07:39:00,77.2
2025-06-12 10:04:00,71.5
2025-06-12 15:28:00,29.3
2025-06-12 18:33:00,21.9
2025-06-12 01:42:00,10.1
2025-06-12 16:57:00,59.9
2025-06-12 05:58:00,40.9
2025-06-12 06:31:00,50.400661703887515
2025-06-12 18:28:00,9.2
2025-06-12 19:14:00,20.0
2025-06-12 19:25:00,39.3
2025-06-12 10:12:00,2.6
2025-06-12 07:15:00,10.7
2025-06-12 16:46:00,82.9
2025-06-12 07:38:00,15.5
2025-06-12 04:50:00,52.2
2025-06-12 09:39:00,15.9
2025-06-12 11:00:00,52.4
2025-06-12 21:10:00,14.1
2025-06-12 13:44:00,50.400661703887515
2025-06-12 21:40:00,73.9
2025-06-12 02:04:00,50.400661703887515
2025-06-12 11:18:00,63.0
2025-06-12 17:34:00,3.3
2025-06-12 18:30:00,37.7
2025-06-12 01:07:00,73.4
2025-06-12 01:30:00,3.1
2025-06-12 22:45:00,33.5
2025-06-12 08:53:00,19.6
2025-06-12 02:27:00,50.400661703887515
2025-06-12 06:57:00,97.7
2025-06-12 22:26:00,56.2
2025-06-12 04:31:00,84.9
2025-06-12 06:08:00,24.2
2025-06-12 09:04:00,62.9
2025-06-12 22:27:00,11.3
2025-06-12 10:56:00,50.400661703887515
2025-06-12 12:59:00,41.5
2025-06-12 03:32:00,49.84418741885991
2025-06-12 06:54:00,1.0
2025-06-12 15:39:00,19.0
2025-06-12 04:16:00,48.9
2025-06-12 15:19:00,1.4
2025-06-12 06:33:00,82.2
2025-06-12 20:45:00,49.84418741885991
2025-06-12 01:48:00,94.1
2025-06-12 17:55:00,14.5
2025-06-12 02:31:00,46.1
2025-06-12 08:05:00,13.5
2025-06-12 00:33:00,27.4
2025-06-12 10:57:00,84.1
2025-06-12 20:59:00,49.84418741885991
2025-06-12 14:46:00,82.9
2025-06-12 03:47:00,7.4
2025-06-12 03:08:00,49.84418741885991
2025-06-12 22:50:00,49.84418741885991
2025-06-12 06:14:00,6.9
2025-06-12 22:44:00,83.4
2025-06-12 06:59:00,91.0
2025-06-12 15:10:00,2.4
2025-06-12 21:39:00,30.6
2025-06-12 19:08:00,90.7
2025-06-12 07:55:00,32.3
2025-06-12 22:48:00,54.6
2025-06-12 19:39:00,74.8
2025-06-12 01:13:00,49.84418741885991
2025-06-12 20:14:00,49.84418741885991
2025-06-12 03:10:00,62.3
2025-06-12 17:36:00,49.84418741885991
2025-06-12 23:21:00,76.9
2025-06-12 19:44:00,37.9
2025-06-12 03:51:00,80.0
2025-06-12 17:44:00,2.4
2025-06-12 07:11:00,32.9
2025-06-12 08:02:00,66.9
2025-06-12 08:58:00,95.1
2025-06-12 05:56:00,22.9
2025-06-12 20:56:00,73.8
2025-06-12 06:58:00,98.8
2025-06-12 06:11:00,50.0
2025-06-12 16:04:00,68.6
2025-06-12 13:59:00,92.1
2025-06-12 00:50:00,64.8
2025-06-12 09:54:00,74.0
2025-06-12 21:31:00,23.3
2025-06-12 13:15:00,1.6
2025-06-12 20:31:00,43.9
2025-06-12 10:46:00,65.4
2025-06-12 08:36:00,28.0
2025-06-12 14:24:00,23.0
2025-06-12 14:31:00,86.0
2025-06-12 22:11:00,26.0
2025-06-12 16:41:00,49.84418741885991
2025-06-12 01:08:00,34.5
2025-06-12 17:38:00,55.7
2025-06-12 11:46:00,72.5
2025-06-12 13:49:00,39.9
2025-06-12 06:25:00,62.0
2025-06-12 23:46:00,23.3
2025-06-12 09:46:00,86.5
2025-06-12 05:24:00,9.5
2025-06-12 22:16:00,66.6
2025-06-12 17:53:00,0.5
2025-06-12 19:59:00,57.6
2025-06-12 11:33:00,4.4
2025-06-12 08:26:00,27.9
2025-06-12 11:42:00,32.9
2025-06-12 07:17:00,14.2
2025-06-12 19:04:00,53.6
2025-06-12 13:02:00,41.2
2025-06-12 05:52:00,71.6
2025-06-12 03:02:00,81.8
2025-06-12 20:18:00,92.8
2025-06-12 04:29:00,93.1
2025-06-12 14:14:00,49.84418741885991
2025-06-12 01:32:00,49.84418741885991
2025-06-12 19:02:00,49.84418741885991
2025-06-12 23:24:00,9.9
2025-06-12 19:27:00,46.0
2025-06-12 20:53:00,50.2
2025-06-12 15:37:00,49.84418741885991
2025-06-12 09:42:00,96.0
2025-06-12 23:34:00,37.3
2025-06-12 02:01:00,88.6
2025-06-12 22:00:00,46.0
2025-06-12 05:40:00,49.84418741885991
2025-06-12 00:10:00,9.0
2025-06-12 06:08:00,49.84418741885991
2025-06-12 18:32:00,92.7
2025-06-12 09:08:00,91.8
2025-06-12 07:46:00,11.4
2025-06-12 08:07:00,57.5
2025-06-12 11:08:00,64.9
2025-06-12 05:08:00,47.0
2025-06-12 04:32:00,49.84418741885991
2025-06-12 07:28:00,94.4
2025-06-12 09:59:00,64.3
2025-06-12 12:27:00,54.0
2025-06-12 16:40:00,49.84418741885991
2025-06-12 02:52:00,32.3
2025-06-12 12:34:00,19.1
2025-06-12 07:27:00,56.9
2025-06-12 11:21:00,47.0
2025-06-12 14:39:00,49.84418741885991
2025-06-12 06:17:00,26.3
2025-06-12 00:46:00,4.4
2025-06-12 06:36:00,98.7
2025-06-12 21:57:00,44.3
2025-06-12 16:29:00,3.2
2025-06-12 20:52:00,14.1
2025-06-12 14:11:00,88.2
2025-06-12 07:34:00,68.7
2025-06-12 05:21:00,73.6
2025-06-12 13:55:00,49.84418741885991
2025-06-12 09:18:00,5.8
2025-06-12 01:04:00,30.4
2025-06-12 01:11:00,82.3
2025-06-12 15:18:00,49.84418741885991
2025-06-12 02:54:00,43.5
2025-06-12 11:06:00,9.9
2025-06-12 03:22:00,0.0
2025-06-12 14:25:00,95.4
2025-06-12 03:27:00,93.8
2025-06-12 03:39:00,49.84418741885991
2025-06-12 00:11:00,43.6
2025-06-12 20:44:00,68.2
2025-06-12 12:36:00,28.6
2025-06-12 09:17:00,16.5
2025-06-12 06:31:00,13.1
2025-06-12 11:19:00,40.1
2025-06-12 16:02:00,78.8
2025-06-12 09:38:00,11.0
2025-06-12 13:17:00,40.0
2025-06-12 02:26:00,28.9
2025-06-12 01:41:00,92.8
2025-06-12 13:22:00,94.4
2025-06-12 10:12:00,40.8
2025-06-12 09:57:00,78.8
2025-06-12 02:57:00,56.2
2025-06-12 11:56:00,0.3
2025-06-12 22:10:00,76.5
2025-06-12 13:30:00,49.2
2025-06-12 06:16:00,31.9
2025-06-12 17:58:00,26.3
2025-06-12 16:36:00,66.6
2025-06-12 19:01:00,64.2
2025-06-12 14:59:00,49.84418741885991
2025-06-12 03:33:00,95.4
2025-06-12 21:29:00,95.4
2025-06-12 06:29:00,82.0
2025-06-12 06:45:00,47.9
2025-06-12 11:27:00,52.6
2025-06-12 07:00:00,49.84418741885991
2025-06-12 23:57:00,24.4
2025-06-12 12:05:00,49.84418741885991
2025-06-12 11:57:00,85.7
2025-06-12 21:23:00,19.5
2025-06-12 07:06:00,33.5
2025-06-12 19:32:00,68.1
2025-06-12 01:57:00,47.3
2025-06-12 13:01:00,63.9
2025-06-12 01:10:00,7.6
2025-06-12 00:32:00,94.8
2025-06-12 17:40:00,99.8
2025-06-12 13:46:00,57.5
2025-06-12 03:11:00,76.7
2025-06-12 11:41:00,60.4
2025-06-12 15:09:00,88.1
2025-06-12 07:41:00,10.5
2025-06-12 08:49:00,34.0
2025-06-12 15:44:00,96.2
2025-06-12 17:17:00,44.4
2025-06-12 19:06:00,20.2
2025-06-12 05:38:00,67.4
2025-06-12 17:52:00,49.84418741885991
2025-06-12 10:33:00,76.8
2025-06-12 16:35:00,71.7
2025-06-12 01:45:00,51.9
2025-06-12 23:26:00,20.3
2025-06-12 16:03:00,17.8
2025-06-12 10:44:00,33.9
2025-06-12 18:57:00,49.84418741885991
2025-06-12 01:31:00,67.6
2025-06-12 18:38:00,55.4
2025-06-12 22:33:00,49.84418741885991
2025-06-12 02:50:00,54.3
2025-06-12 16:33:00,49.84418741885991
2025-06-12 16:32:00,0.6
2025-06-12 23:20:00,10.7
2025-06-12 19:21:00,7.6
2025-06-12 08:41:00,8.0
2025-06-12 13:36:00,66.3
2025-06-12 22:12:00,65.9
2025-06-12 18:15:00,81.5
2025-06-12 15:15:00,49.84418741885991
2025-06-12 11:02:00,77.8
2025-06-12 23:00:00,52.7
2025-06-12 08:38:00,92.9
2025-06-12 20:07:00,58.5
2025-06-12 03:23:00,22.4
2025-06-12 15:24:00,75.4
2025-06-12 05:57:00,60.1
2025-06-12 13:37:00,51.1
2025-06-12 19:13:00,25.4
2025-06-12 18:29:00,13.2
2025-06-12 13:24:00,90.8
2025-06-12 02:13:00,49.84418741885991
2025-06-12 15:57:00,99.8
2025-06-12 16:00:00,49.84418741885991
2025-06-12 22:51:00,72.4
2025-06-12 21:22:00,52.2
2025-06-12 07:15:00,63.7
2025-06-12 14:49:00,37.7
2025-06-12 12:22:00,67.9
2025-06-12 22:54:00,13.1
2025-06-12 10:29:00,2.1
2025-06-12 00:45:00,49.84418741885991
2025-06-12 11:55:00,12.3
2025-06-12 23:47:00,49.84418741885991
2025-06-12 18:06:00,73.9
2025-06-12 14:03:00,75.9
2025-06-12 10:58:00,25.6
2025-06-12 06:27:00,46.3
2025-06-12 23:35:00,62.1
2025-06-12 12:18:00,35.9
2025-06-12 15:49:00,53.4
2025-06-12 21:10:00,60.7
2025-06-12 19:47:00,49.84418741885991
2025-06-12 06:26:00,49.84418741885991
2025-06-12 22:34:00,77.2
2025-06-12 05:54:00,66.4
2025-06-12 01:21:00,96.9
2025-06-12 22:26:00,75.4
2025-06-12 20:33:00,30.9
2025-06-12 17:25:00,68.4
2025-06-12 22:45:00,35.6
2025-06-12 02:43:00,38.7
2025-06-12 09:34:00,63.2
2025-06-12 13:12:00,95.1
2025-06-12 20:11:00,29.1
2025-06-12 16:16:00,13.8
2025-06-12 06:34:00,37.1
2025-06-12 22:07:00,13.2
2025-06-12 05:32:00,2.0
2025-06-12 12:29:00,32.3
2025-06-12 05:27:00,96.3
2025-06-12 00:34:00,49.84418741885991
2025-06-12 06:41:00,35.1
2025-06-12 19:43:00,20.5
2025-06-12 08:19:00,42.3
2025-06-12 23:08:00,7.3
2025-06-12 04:23:00,29.6
2025-06-12 02:33:00,26.4
2025-06-12 16:34:00,49.84418741885991
2025-06-12 17:50:00,74.6
2025-06-12 21:13:00,52.6
2025-06-12 05:43:00,86.7
2025-06-12 17:31:00,7.8
2025-06-12 09:31:00,10.7
2025-06-12 00:56:00,55.0
2025-06-12 00:08:00,3.9
2025-06-12 19:00:00,22.9
2025-06-12 18:18:00,49.84418741885991
2025-06-12 16:22:00,35.7
2025-06-12 18:23:00,44.4
2025-06-12 18:27:00,55.2
2025-06-12 03:26:00,28.1
2025-06-12 02:53:00,52.9
2025-06-12 09:05:00,54.6
2025-06-12 22:56:00,77.2
2025-06-12 14:04:00,34.0
2025-06-12 14:56:00,96.6
2025-06-12 01:06:00,14.2
2025-06-12 01:37:00,32.3
2025-06-12 05:07:00,98.1
2025-06-12 02:39:00,38.9
2025-06-12 06:20:00,57.9
2025-06-12 10:50:00,49.84418741885991
2025-06-12 12:31:00,59.9
2025-06-12 14:33:00,14.0
2025-06-12 01:14:00,29.3
2025-06-12 18:20:00,94.7
2025-06-12 07:43:00,94.0
2025-06-12 06:28:00,53.7
2025-06-12 15:51:00,32.7
2025-06-12 09:51:00,14.0
2025-06-12 07:58:00,64.1
2025-06-12 18:59:00,0.6
2025-06-12 14:50:00,67.8
2025-06-12 20:01:00,58.5
2025-06-12 06:13:00,3.0
2025-06-12 12:59:00,46.2
2025-06-12 08:01:00,75.6
2025-06-12 21:10:00,18.7
2025-06-12 11:48:00,5.0
2025-06-12 04:37:00,40.1
2025-06-12 13:25:00,59.7
2025-06-12 04:10:00,6.5
2025-06-12 19:06:00,28.0
2025-06-12 04:31:00,61.4
2025-06-12 02:17:00,50.31892714921527
2025-06-12 08:56:00,89.8
2025-06-12 15:39:00,10.0
2025-06-12 04:51:00,54.5
2025-06-12 07:24:00,0.8
2025-06-12 04:19:00,23.2
2025-06-12 01:04:00,65.7
2025-06-12 10:22:00,50.31892714921527
2025-06-12 09:41:00,50.31892714921527
2025-06-12 22:14:00,84.6
2025-06-12 14:31:00,61.6
2025-06-12 22:24:00,4.7
2025-06-12 03:56:00,89.3
2025-06-12 18:14:00,50.31892714921527
2025-06-12 08:30:00,50.31892714921527
2025-06-12 18:00:00,46.8
2025-06-12 13:01:00,94.1
2025-06-12 07:32:00,37.4
2025-06-12 02:46:00,83.4
2025-06-12 06:37:00,64.0
2025-06-12 22:59:00,5.3
2025-06-12 11:49:00,62.1
2025-06-12 17:19:00,50.2
2025-06-12 10:27:00,32.0
2025-06-12 10:59:00,11.0
2025-06-12 18:32:00,10.0
2025-06-12 06:36:00,66.1
2025-06-12 01:21:00,64.9
2025-06-12 04:43:00,66.1
2025-06-12 16:32:00,62.5
2025-06-12 11:32:00,26.9
2025-06-12 15:36:00,78.6
2025-06-12 05:12:00,19.1
2025-06-12 18:18:00,50.0
2025-06-12 13:31:00,50.31892714921527
2025-06-12 01:30:00,94.9
2025-06-12 08:59:00,26.4
2025-06-12 17:42:00,57.4
2025-06-12 21:13:00,37.8
2025-06-12 08:05:00,60.7
2025-06-12 13:21:00,74.3
2025-06-12 19:03:00,6.7
2025-06-12 03:22:00,83.6
2025-06-12 19:15:00,50.31892714921527
2025-06-12 20:44:00,43.1
2025-06-12 17:28:00,93.3
2025-06-12 11:17:00,44.3
2025-06-12 03:10:00,24.5
2025-06-12 03:11:00,41.2
2025-06-12 01:35:00,50.31892714921527
2025-06-12 14:03:00,88.1
2025-06-12 01:06:00,73.0
2025-06-12 09:29:00,70.9
2025-06-12 00:47:00,17.5
2025-06-12 01:12:00,16.8
2025-06-12 05:16:00,90.7
2025-06-12 02:28:00,35.7
2025-06-12 04:36:00,33.6
2025-06-12 00:41:00,61.0
2025-06-12 21:39:00,61.2
2025-06-12 10:55:00,67.8
2025-06-12 20:22:00,59.2
2025-06-12 00:57:00,21.0
2025-06-12 14:18:00,67.2
2025-06-12 21:11:00,78.6
2025-06-12 23:41:00,51.5
2025-06-12 18:15:00,56.9
2025-06-12 12:45:00,63.1
2025-06-12 14:27:00,46.6
2025-06-12 15:19:00,25.5
2025-06-12 08:39:00,73.7
2025-06-12 11:13:00,71.0
2025-06-12 09:45:00,50.31892714921527
2025-06-12 00:26:00,3.1
2025-06-12 03:18:00,4.1
2025-06-12 11:30:00,56.0
2025-06-12 13:29:00,94.7
2025-06-12 05:05:00,61.9
2025-06-12 01:46:00,83.0
2025-06-12 04:42:00,14.1
2025-06-12 08:41:00,50.31892714921527
2025-06-12 21:20:00,32.5
2025-06-12 04:20:00,6.6
2025-06-12 03:21:00,70.6
2025-06-12 18:16:00,91.9
2025-06-12 18:46:00,58.3
2025-06-12 10:09:00,50.31892714921527
2025-06-12 19:43:00,60.1
2025-06-12 14:41:00,85.8
2025-06-12 02:29:00,62.3
2025-06-12 02:07:00,89.1
2025-06-12 11:00:00,74.0
2025-06-12 01:29:00,64.0
2025-06-12 15:28:00,93.9
2025-06-12 02:55:00,5.1
2025-06-12 15:48:00,28.4
2025-06-12 09:39:00,49.9
2025-06-12 22:35:00,15.7
2025-06-12 06:51:00,23.1
2025-06-12 10:12:00,50.31892714921527
2025-06-12 01:47:00,58.2
2025-06-12 08:16:00,80.9
2025-06-12 03:23:00,61.9
2025-06-12 08:31:00,38.0
2025-06-12 09:26:00,98.2
2025-06-12 16:15:00,71.4
2025-06-12 12:30:00,95.6
2025-06-12 15:54:00,80.8
2025-06-12 00:24:00,24.3
2025-06-12 20:10:00,84.2
2025-06-12 20:45:00,42.9
2025-06-12 05:33:00,12.9
2025-06-12 00:02:00,50.31892714921527
2025-06-12 10:01:00,96.5
2025-06-12 20:00:00,26.3
2025-06-12 01:07:00,50.31892714921527
2025-06-12 16:05:00,24.7
2025-06-12 05:07:00,55.4
2025-06-12 12:41:00,67.1
2025-06-12 12:20:00,44.7
2025-06-12 19:14:00,4.1
2025-06-12 22:39:00,27.2
2025-06-12 02:23:00,8.7
2025-06-12 10:16:00,49.5
2025-06-12 17:02:00,86.4
2025-06-12 05:37:00,8.6
2025-06-12 03:17:00,15.8
2025-06-12 20:42:00,65.8
2025-06-12 14:40:00,50.31892714921527
2025-06-12 01:05:00,74.3
2025-06-12 00:34:00,99.8
2025-06-12 13:20:00,92.1
2025-06-12 06:14:00,63.8
2025-06-12 15:26:00,50.31892714921527
2025-06-12 03:16:00,6.4
2025-06-12 11:34:00,50.31892714921527
2025-06-12 03:35:00,39.7
2025-06-12 16:12:00,74.7
2025-06-12 05:51:00,5.4
2025-06-12 19:04:00,36.0
2025-06-12 10:47:00,50.4
2025-06-12 19:27:00,10.3
2025-06-12 11:44:00,50.31892714921527
2025-06-12 17:59:00,50.31892714921527
2025-06-12 08:18:00,51.9
2025-06-12 02:06:00,69.7
2025-06-12 14:29:00,55.4
2025-06-12 03:33:00,74.9
2025-06-12 07:07:00,92.6
2025-06-12 15:05:00,49.8
2025-06-12 18:49:00,80.4
2025-06-12 03:50:00,83.2
2025-06-12 21:03:00,34.8
2025-06-12 09:09:00,37.4
2025-06-12 08:47:00,8.6
2025-06-12 17:34:00,68.1
2025-06-12 01:22:00,75.9
2025-06-12 20:18:00,50.31892714921527
2025-06-12 19:29:00,0.9
2025-06-12 04:17:00,87.3
2025-06-12 07:29:00,54.4
2025-06-12 06:39:00,37.0
2025-06-12 23:20:00,92.2
2025-06-12 05:40:00,41.4
2025-06-12 04:12:00,49.3
2025-06-12 19:37:00,64.0
2025-06-12 10:23:00,91.8
2025-06-12 03:37:00,46.8
2025-06-12 04:56:00,76.6
2025-06-12 09:35:00,50.31892714921527
2025-06-12 17:45:00,72.3
2025-06-12 05:43:00,53.7
2025-06-12 01:03:00,90.8
2025-06-12 00:55:00,57.8
2025-06-12 11:28:00,74.3
2025-06-12 09:38:00,21.5
2025-06-12 21:42:00,99.7
2025-06-12 13:53:00,59.3
2025-06-12 03:34:00,32.4
2025-06-12 12:16:00,26.1
2025-06-12 11:04:00,50.31892714921527
2025-06-12 06:28:00,53.3
2025-06-12 14:19:00,45.6
2025-06-12 18:23:00,4.9
2025-06-12 04:05:00,68.8
2025-06-12 20:56:00,50.9
2025-06-12 16:37:00,23.0
2025-06-12 17:21:00,7.1
2025-06-12 15:59:00,28.2
2025-06-12 13:37:00,59.5
2025-06-12 00:13:00,86.5
2025-06-12 14:45:00,69.9
2025-06-12 19:57:00,50.31892714921527
2025-06-12 18:27:00,59.4
2025-06-12 08:17:00,68.5
2025-06-12 10:44:00,50.31892714921527
2025-06-12 08:51:00,50.31892714921527
2025-06-12 08:32:00,93.9
2025-06-12 15:35:00,93.8
2025-06-12 06:54:00,50.31892714921527
2025-06-12 06:11:00,56.8
2025-06-12 13:35:00,29.9
2025-06-12 21:41:00,97.8
2025-06-12 03:32:00,50.31892714921527
2025-06-12 03:55:00,7.2
2025-06-12 08:27:00,40.0
2025-06-12 18:30:00,8.9
2025-06-12 23:17:00,77.0
2025-06-12 02:22:00,63.8
2025-06-12 21:18:00,24.6
2025-06-12 07:06:00,50.31892714921527
2025-06-12 13:17:00,54.1
2025-06-12 13:22:00,85.3
2025-06-12 10:30:00,86.6
2025-06-12 07:55:00,50.31892714921527
2025-06-12 20:53:00,50.31892714921527
2025-06-12 04:22:00,13.3
2025-06-12 00:22:00,71.6
2025-06-12 15:31:00,92.3
2025-06-12 17:00:00,67.3
2025-06-12 18:35:00,30.4
2025-06-12 06:10:00,50.31892714921527
2025-06-12 03:08:00,1.9
2025-06-12 04:41:00,70.7
2025-06-12 06:55:00,71.7
2025-06-12 01:59:00,50.31892714921527
2025-06-12 15:38:00,45.2
2025-06-12 10:35:00,50.31892714921527
2025-06-12 14:05:00,41.8
2025-06-12 19:39:00,61.7
2025-06-12 16:54:00,46.7
2025-06-12 13:00:00,45.5
2025-06-12 21:33:00,91.5
2025-06-12 15:17:00,50.31892714921527
2025-06-12 16:16:00,95.6
2025-06-12 18:58:00,62.3
2025-06-12 12:33:00,87.3
2025-06-12 00:46:00,97.3
2025-06-12 06:32:00,61.8
2025-06-12 20:38:00,12.6
2025-06-12 01:14:00,36.4
2025-06-12 10:04:00,43.2
2025-06-12 08:44:00,4.0
2025-06-12 23:13:00,17.4
2025-06-12 11:54:00,31.6
2025-06-12 07:10:00,12.6
2025-06-12 19:36:00,63.6
2025-06-12 02:53:00,50.31892714921527
2025-06-12 20:11:00,50.31892714921527
2025-06-12 03:14:00,98.3
2025-06-12 08:58:00,12.3
2025-06-12 15:51:00,14.6
2025-06-12 05:31:00,40.5
2025-06-12 10:00:00,15.6
2025-06-12 01:53:00,60.9
2025-06-12 10:15:00,91.7
2025-06-12 00:39:00,98.3
2025-06-12 05:47:00,97.8
2025-06-12 16:13:00,77.0
2025-06-12 04:34:00,29.0
2025-06-12 18:50:00,50.31892714921527
2025-06-12 11:22:00,88.6
2025-06-12 04:40:00,24.7
2025-06-12 15:32:00,1.8
2025-06-12 16:25:00,41.3
2025-06-12 17:47:00,10.2
2025-06-12 00:52:00,52.2
2025-06-12 14:12:00,30.9
2025-06-12 00:06:00,33.6
2025-06-12 03:48:00,95.7
2025-06-12 11:36:00,64.2
2025-06-12 14:09:00,43.7
2025-06-12 22:52:00,68.4
2025-06-12 06:06:00,50.31892714921527
2025-06-12 22:12:00,11.3
2025-06-12 00:25:00,50.31892714921527
2025-06-12 21:57:00,33.0
2025-06-12 14:20:00,41.9
2025-06-12 18:40:00,25.7
2025-06-12 21:54:00,62.9
2025-06-12 23:50:00,36.5
2025-06-12 07:36:00,27.5
2025-06-12 17:09:00,9.6
2025-06-12 15:55:00,19.0
2025-06-12 06:30:00,54.9
2025-06-12 02:11:00,55.4
2025-06-12 11:31:00,68.1
2025-06-12 22:08:00,52.4
2025-06-12 23:14:00,98.1
2025-06-12 01:37:00,60.6
2025-06-12 19:49:00,46.6
2025-06-12 03:20:00,45.1
2025-06-12 07:53:00,83.9
2025-06-12 22:00:00,51.6
2025-06-12 23:40:00,50.31892714921527
2025-06-12 14:51:00,53.4
2025-06-12 23:15:00,54.2
2025-06-12 13:03:00,50.31892714921527
2025-06-12 11:53:00,91.3
2025-06-12 12:49:00,68.9
2025-06-12 19:13:00,7.5
2025-06-12 17:30:00,78.4
2025-06-12 22:53:00,50.31892714921527
2025-06-12 16:01:00,76.6
2025-06-12 19:23:00,19.1
2025-06-12 16:11:00,6.5
2025-06-12 01:51:00,67.3
2025-06-12 22:50:00,64.2
2025-06-12 03:46:00,69.0
2025-06-12 03:51:00,50.31892714921527
2025-06-12 10:21:00,26.8
2025-06-12 11:18:00,36.5
2025-06-12 15:08:00,1.1
2025-06-12 23:05:00,50.9
2025-06-12 11:38:00,25.6
2025-06-12 19:16:00,96.0
2025-06-12 19:58:00,99.4
2025-06-12 01:00:00,42.7
2025-06-12 06:33:00,57.1
2025-06-12 14:43:00,97.9
2025-06-12 22:10:00,20.7
2025-06-12 14:38:00,43.7
2025-06-12 09:36:00,88.3
2025-06-12 23:30:00,96.6
2025-06-12 20:07:00,31.1
2025-06-12 20:02:00,8.3
2025-06-12 22:17:00,6.1
2025-06-12 06:43:00,88.8
2025-06-12 17:34:00,30.3
2025-06-12 11:04:00,49.91221338324755
2025-06-12 09:03:00,70.6
2025-06-12 07:51:00,9.1
2025-06-12 07:28:00,23.8
2025-06-12 10:03:00,77.0
2025-06-12 00:04:00,5.4
2025-06-12 14:25:00,42.8
2025-06-12 19:09:00,8.4
2025-06-12 16:40:00,30.0
2025-06-12 16:19:00,34.8
2025-06-12 01:15:00,0.3
2025-06-12 15:42:00,88.4
2025-06-12 02:46:00,5.9
2025-06-12 14:23:00,75.2
2025-06-12 03:40:00,55.7
2025-06-12 22:49:00,57.5
2025-06-12 14:37:00,49.91221338324755
2025-06-12 10:02:00,59.9
2025-06-12 18:33:00,53.7
2025-06-12 08:05:00,47.0
2025-06-12 05:19:00,17.0
2025-06-12 09:06:00,49.91221338324755
2025-06-12 12:44:00,21.3
2025-06-12 01:07:00,33.8
2025-06-12 05:46:00,49.91221338324755
2025-06-12 22:03:00,18.4
2025-06-12 22:01:00,89.7
2025-06-12 14:44:00,47.6
2025-06-12 05:25:00,96.6
2025-06-12 15:43:00,51.1
2025-06-12 06:58:00,63.5
2025-06-12 03:25:00,14.3
2025-06-12 10:26:00,97.7
2025-06-12 07:12:00,39.8
2025-06-12 19:06:00,98.2
2025-06-12 21:04:00,28.6
2025-06-12 18:28:00,4.3
2025-06-12 15:03:00,51.5
2025-06-12 20:47:00,65.4
2025-06-12 17:06:00,31.4
2025-06-12 18:58:00,49.91221338324755
2025-06-12 01:21:00,46.7
2025-06-12 19:12:00,29.9
2025-06-12 06:18:00,90.5
2025-06-12 23:47:00,13.7
2025-06-12 23:20:00,9.4
2025-06-12 01:03:00,49.0
2025-06-12 13:03:00,5.7
2025-06-12 17:07:00,89.0
2025-06-12 04:58:00,97.1
2025-06-12 07:59:00,89.9
2025-06-12 09:00:00,9.9
2025-06-12 20:10:00,49.1
2025-06-12 11:01:00,22.5
2025-06-12 00:42:00,12.0
2025-06-12 22:24:00,18.3
2025-06-12 00:22:00,22.0
2025-06-12 17:44:00,9.8
2025-06-12 23:11:00,83.0
2025-06-12 19:03:00,15.6
2025-06-12 05:06:00,15.2
2025-06-12 21:38:00,49.91221338324755
2025-06-12 17:37:00,41.5
2025-06-12 04:56:00,3.6
2025-06-12 03:10:00,14.6
2025-06-12 23:35:00,49.91221338324755
2025-06-12 11:34:00,42.5
2025-06-12 06:02:00,49.91221338324755
2025-06-12 07:35:00,87.0
2025-06-12 04:12:00,90.2
2025-06-12 02:32:00,0.2
2025-06-12 04:37:00,86.7
2025-06-12 15:05:00,9.3
2025-06-12 10:33:00,6.1
2025-06-12 01:38:00,39.4
2025-06-12 01:55:00,49.91221338324755
2025-06-12 01:01:00,13.4
2025-06-12 10:12:00,49.91221338324755
2025-06-12 08:14:00,99.5
2025-06-12 21:45:00,42.2
2025-06-12 09:42:00,49.91221338324755
2025-06-12 12:48:00,61.5
2025-06-12 12:03:00,62.3
2025-06-12 06:05:00,35.0
2025-06-12 23:13:00,20.5
2025-06-12 15:47:00,16.0
2025-06-12 08:19:00,32.4
2025-06-12 18:07:00,33.3
2025-06-12 15:28:00,49.91221338324755
2025-06-12 03:20:00,11.5
2025-06-12 16:44:00,6.3
2025-06-12 16:48:00,34.8
2025-06-12 17:17:00,89.7
2025-06-12 01:11:00,42.4
2025-06-12 00:58:00,28.2
2025-06-12 12:15:00,6.8
2025-06-12 07:21:00,89.6
2025-06-12 21:06:00,35.9
2025-06-12 04:50:00,49.91221338324755
2025-06-12 05:14:00,23.9
2025-06-12 21:57:00,49.91221338324755
2025-06-12 06:10:00,26.5
2025-06-12 05:27:00,91.6
2025-06-12 18:24:00,61.3
2025-06-12 15:57:00,98.2
2025-06-12 23:04:00,98.3
2025-06-12 15:00:00,64.7
2025-06-12 17:59:00,46.3
2025-06-12 00:18:00,62.0
2025-06-12 00:52:00,49.91221338324755
2025-06-12 15:50:00,41.5
2025-06-12 18:09:00,41.6
2025-06-12 07:00:00,80.6
2025-06-12 07:11:00,80.1
2025-06-12 08:15:00,58.3
2025-06-12 14:33:00,49.91221338324755
2025-06-12 17:45:00,75.1
2025-06-12 18:04:00,93.9
2025-06-12 08:47:00,74.6
2025-06-12 14:06:00,57.6
2025-06-12 22:19:00,86.7
2025-06-12 17:23:00,41.5
2025-06-12 08:08:00,18.1
2025-06-12 21:32:00,39.8
2025-06-12 11:46:00,92.5
2025-06-12 07:46:00,94.2
2025-06-12 12:12:00,99.7
2025-06-12 18:11:00,24.0
2025-06-12 08:58:00,49.91221338324755
2025-06-12 13:15:00,27.0
2025-06-12 19:41:00,78.9
2025-06-12 08:04:00,49.91221338324755
2025-06-12 01:25:00,49.91221338324755
2025-06-12 11:10:00,22.2
2025-06-12 02:08:00,35.9
2025-06-12 07:36:00,23.4
2025-06-12 09:14:00,31.3
2025-06-12 00:25:00,71.6
2025-06-12 16:55:00,47.3
2025-06-12 21:58:00,22.0
2025-06-12 20:12:00,49.91221338324755
2025-06-12 12:26:00,58.5
2025-06-12 17:47:00,78.1
2025-06-12 04:18:00,68.8
2025-06-12 09:55:00,46.2
2025-06-12 02:47:00,20.1
2025-06-12 01:31:00,86.7
2025-06-12 10:57:00,63.0
2025-06-12 04:25:00,64.7
2025-06-12 22:40:00,67.9
2025-06-12 10:07:00,49.91221338324755
2025-06-12 13:44:00,79.9
2025-06-12 18:54:00,49.91221338324755
2025-06-12 08:41:00,49.91221338324755
2025-06-12 21:46:00,0.7
2025-06-12 15:36:00,54.9
2025-06-12 16:07:00,49.91221338324755
2025-06-12 10:43:00,53.5
2025-06-12 12:33:00,5.0
2025-06-12 11:21:00,38.8
2025-06-12 15:23:00,16.2
2025-06-12 17:41:00,88.1
2025-06-12 20:11:00,69.5
2025-06-12 23:37:00,28.4
2025-06-12 03:15:00,49.91221338324755
2025-06-12 15:17:00,24.8
2025-06-12 13:43:00,41.8
2025-06-12 15:51:00,16.9
2025-06-12 23:59:00,10.8
2025-06-12 05:52:00,72.8
2025-06-12 09:47:00,44.8
2025-06-12 16:11:00,83.1
2025-06-12 13:21:00,59.1
2025-06-12 11:37:00,25.1
2025-06-12 02:43:00,49.91221338324755
2025-06-12 16:23:00,17.3
2025-06-12 21:08:00,76.6
2025-06-12 15:48:00,94.7
2025-06-12 03:29:00,95.9
2025-06-12 17:05:00,96.7
2025-06-12 11:36:00,82.6
2025-06-12 10:21:00,49.91221338324755
2025-06-12 09:29:00,80.4
2025-06-12 04:16:00,26.1
2025-06-12 05:38:00,83.9
2025-06-12 17:15:00,43.0
2025-06-12 15:13:00,41.6
2025-06-12 07:57:00,88.5
2025-06-12 21:49:00,66.0
2025-06-12 18:51:00,49.91221338324755
2025-06-12 23:01:00,94.0
2025-06-12 15:59:00,52.1
2025-06-12 01:54:00,92.2
2025-06-12 19:28:00,55.4
2025-06-12 21:01:00,26.0
2025-06-12 14:07:00,88.6
2025-06-12 22:41:00,52.7
2025-06-12 06:22:00,31.1
2025-06-12 02:36:00,49.91221338324755
2025-06-12 04:22:00,81.4
2025-06-12 14:30:00,91.1
2025-06-12 19:01:00,97.6
2025-06-12 09:59:00,27.6
2025-06-12 13:30:00,67.3
2025-06-12 15:27:00,49.91221338324755
2025-06-12 19:51:00,67.5
2025-06-12 01:56:00,12.0
2025-06-12 20:40:00,49.91221338324755
2025-06-12 23:58:00,49.91221338324755
2025-06-12 15:07:00,53.3
2025-06-12 22:57:00,32.2
2025-06-12 19:55:00,25.7
2025-06-12 13:09:00,49.91221338324755
2025-06-12 00:17:00,68.6
2025-06-12 16:42:00,87.6
2025-06-12 19:59:00,48.6
2025-06-12 07:18:00,48.5
2025-06-12 07:30:00,49.91221338324755
2025-06-12 00:27:00,79.0
2025-06-12 09:23:00,76.1
2025-06-12 14:47:00,83.2
2025-06-12 19:36:00,49.91221338324755
2025-06-12 14:29:00,69.3
2025-06-12 19:14:00,37.5
2025-06-12 19:07:00,47.6
2025-06-12 14:24:00,10.4
2025-06-12 11:38:00,15.6
2025-06-12 21:43:00,7.6
2025-06-12 12:05:00,5.1
2025-06-12 02:53:00,13.2
2025-06-12 04:40:00,39.4
2025-06-12 03:32:00,26.7
2025-06-12 09:46:00,49.91221338324755
2025-06-12 23:19:00,53.4
2025-06-12 23:03:00,81.2
2025-06-12 11:14:00,49.91221338324755
2025-06-12 13:20:00,0.6
2025-06-12 22:31:00,35.6
2025-06-12 12:43:00,45.9
2025-06-12 06:16:00,49.91221338324755
2025-06-12 07:03:00,95.9
2025-06-12 08:28:00,39.4
2025-06-12 16:01:00,90.6
2025-06-12 04:53:00,26.0
2025-06-12 22:18:00,40.5
2025-06-12 18:18:00,52.7
2025-06-12 07:52:00,12.6
2025-06-12 22:21:00,73.5
2025-06-12 21:11:00,97.0
2025-06-12 14:58:00,35.8
2025-06-12 02:02:00,47.3
2025-06-12 08:33:00,15.2
2025-06-12 08:29:00,33.0
2025-06-12 07:43:00,45.6
2025-06-12 21:52:00,57.7
2025-06-12 14:51:00,17.9
2025-06-12 07:44:00,59.9
2025-06-12 21:02:00,3.0
2025-06-12 23:16:00,68.1
2025-06-12 10:22:00,68.2
2025-06-12 06:24:00,80.2
2025-06-12 21:30:00,12.1
2025-06-12 18:55:00,39.5
2025-06-12 09:38:00,41.5
2025-06-12 08:01:00,34.1
2025-06-12 02:31:00,49.91221338324755
2025-06-12 03:02:00,4.4
2025-06-12 11:07:00,44.9
2025-06-12 10:42:00,3.6
2025-06-12 01:33:00,0.4
2025-06-12 19:02:00,85.4
2025-06-12 16:45:00,8.2
2025-06-12 06:41:00,45.2
2025-06-12 02:27:00,77.3
2025-06-12 07:25:00,49.91221338324755
2025-06-12 23:46:00,37.9
2025-06-12 10:13:00,49.91221338324755
2025-06-12 17:41:00,65.4
2025-06-12 14:32:00,26.3
2025-06-12 16:06:00,52.5
2025-06-12 13:16:00,96.1
2025-06-12 16:22:00,95.3
2025-06-12 16:32:00,75.3
2025-06-12 22:01:00,76.9
2025-06-12 21:47:00,50.557353635505194
2025-06-12 10:30:00,14.0
2025-06-12 22:29:00,77.2
2025-06-12 03:37:00,52.2
2025-06-12 22:03:00,47.4
2025-06-12 06:22:00,1.9
2025-06-12 12:19:00,93.7
2025-06-12 11:25:00,52.0
2025-06-12 11:37:00,29.1
2025-06-12 08:17:00,70.3
2025-06-12 11:08:00,90.6
2025-06-12 00:54:00,80.8
2025-06-12 06:36:00,4.1
2025-06-12 20:36:00,96.2
2025-06-12 10:52:00,10.7
2025-06-12 07:44:00,28.7
2025-06-12 13:38:00,45.2
2025-06-12 01:07:00,18.6
2025-06-12 15:00:00,70.1
2025-06-12 10:58:00,64.2
2025-06-12 19:54:00,5.5
2025-06-12 23:52:00,34.9
2025-06-12 02:35:00,58.5
2025-06-12 16:41:00,54.2
2025-06-12 19:36:00,38.6
2025-06-12 03:22:00,46.8
2025-06-12 18:13:00,32.7
2025-06-12 00:18:00,17.9
2025-06-12 22:52:00,33.7
2025-06-12 16:20:00,88.8
2025-06-12 12:05:00,43.9
2025-06-12 05:42:00,68.7
2025-06-12 00:58:00,94.4
2025-06-12 17:16:00,74.2
2025-06-12 10:40:00,58.0
2025-06-12 18:56:00,76.2
2025-06-12 01:10:00,79.3
2025-06-12 02:36:00,47.9
2025-06-12 02:49:00,50.557353635505194
2025-06-12 10:56:00,84.1
2025-06-12 15:06:00,50.557353635505194
2025-06-12 04:31:00,9.6
2025-06-12 02:57:00,50.557353635505194
2025-06-12 01:19:00,58.6
2025-06-12 06:43:00,5.8
2025-06-12 03:07:00,40.0
2025-06-12 04:08:00,4.6
2025-06-12 18:31:00,25.0
2025-06-12 15:38:00,50.557353635505194
2025-06-12 02:27:00,2.1
2025-06-12 07:33:00,34.1
2025-06-12 03:29:00,18.9
2025-06-12 23:29:00,52.7
2025-06-12 15:25:00,1.4
2025-06-12 04:30:00,50.557353635505194
2025-06-12 12:33:00,42.8
2025-06-12 10:25:00,57.5
2025-06-12 02:58:00,83.1
2025-06-12 19:05:00,50.557353635505194
2025-06-12 01:57:00,47.7
2025-06-12 15:02:00,42.7
2025-06-12 01:00:00,15.4
2025-06-12 04:42:00,68.9
2025-06-12 18:27:00,1.2
2025-06-12 10:27:00,50.557353635505194
2025-06-12 00:56:00,84.6
2025-06-12 17:08:00,38.4
2025-06-12 21:31:00,24.4
2025-06-12 00:05:00,82.2
2025-06-12 06:40:00,75.8
2025-06-12 06:25:00,5.1
2025-06-12 14:15:00,96.5
2025-06-12 13:50:00,85.9
2025-06-12 23:54:00,23.2
2025-06-12 13:52:00,34.0
2025-06-12 09:22:00,19.3
2025-06-12 05:54:00,6.5
2025-06-12 00:53:00,60.5
2025-06-12 13:10:00,5.7
2025-06-12 23:01:00,50.557353635505194
2025-06-12 21:15:00,13.4
2025-06-12 05:09:00,50.557353635505194
2025-06-12 16:26:00,32.0
2025-06-12 05:56:00,50.557353635505194
2025-06-12 01:58:00,26.9
2025-06-12 00:15:00,41.8
2025-06-12 20:01:00,6.1
2025-06-12 03:57:00,9.0
2025-06-12 03:16:00,63.5
2025-06-12 10:17:00,72.3
2025-06-12 17:46:00,90.3
2025-06-12 18:28:00,2.3
2025-06-12 11:38:00,50.557353635505194
2025-06-12 02:59:00,22.6
2025-06-12 10:02:00,50.557353635505194
2025-06-12 02:45:00,80.5
2025-06-12 22:40:00,93.2
2025-06-12 10:34:00,73.2
2025-06-12 17:02:00,22.3
2025-06-12 04:37:00,35.7
2025-06-12 02:05:00,67.2
2025-06-12 16:14:00,15.4
2025-06-12 13:42:00,50.557353635505194
2025-06-12 07:57:00,2.3
2025-06-12 12:18:00,56.7
2025-06-12 21:12:00,19.1
2025-06-12 04:29:00,4.7
2025-06-12 22:55:00,23.9
2025-06-12 15:51:00,56.5
2025-06-12 11:41:00,30.9
2025-06-12 12:24:00,5.9
2025-06-12 12:08:00,54.5
2025-06-12 15:20:00,81.1
2025-06-12 20:43:00,64.1
2025-06-12 08:21:00,50.557353635505194
2025-06-12 01:02:00,84.6
2025-06-12 02:40:00,7.4
2025-06-12 06:06:00,87.2
2025-06-12 00:30:00,10.5
2025-06-12 03:45:00,88.7
2025-06-12 02:33:00,66.0
2025-06-12 09:24:00,50.557353635505194
2025-06-12 07:40:00,22.5
2025-06-12 07:59:00,50.557353635505194
2025-06-12 18:35:00,60.1
2025-06-12 09:01:00,50.557353635505194
2025-06-12 19:40:00,44.5
2025-06-12 19:39:00,94.6
2025-06-12 20:52:00,92.3
2025-06-12 04:56:00,5.1
2025-06-12 03:00:00,47.5
2025-06-12 13:54:00,28.3
2025-06-12 08:59:00,99.6
2025-06-12 14:42:00,99.8
2025-06-12 00:34:00,1.1
2025-06-12 10:35:00,79.5
2025-06-12 15:15:00,45.2
2025-06-12 09:53:00,50.557353635505194
2025-06-12 09:46:00,50.557353635505194
2025-06-12 06:27:00,57.0
2025-06-12 06:23:00,25.8
2025-06-12 10:47:00,61.0
2025-06-12 04:32:00,50.557353635505194
2025-06-12 06:21:00,6.9
2025-06-12 04:23:00,92.1
2025-06-12 08:55:00,24.9
2025-06-12 11:10:00,32.7
2025-06-12 00:26:00,86.3
2025-06-12 10:22:00,50.4
2025-06-12 21:03:00,99.1
2025-06-12 03:46:00,50.557353635505194
2025-06-12 13:11:00,26.4
2025-06-12 12:14:00,10.4
2025-06-12 03:10:00,60.3
2025-06-12 04:44:00,18.8
2025-06-12 21:37:00,3.7
2025-06-12 15:21:00,1.9
2025-06-12 06:39:00,22.7
2025-06-12 08:25:00,58.0
2025-06-12 02:46:00,50.557353635505194
2025-06-12 19:49:00,50.557353635505194
2025-06-12 20:38:00,33.9
2025-06-12 03:54:00,94.3
2025-06-12 22:54:00,50.557353635505194
2025-06-12 23:03:00,97.2
2025-06-12 02:54:00,41.1
2025-06-12 17:39:00,83.3
2025-06-12 11:00:00,12.8
2025-06-12 18:11:00,29.0
2025-06-12 14:59:00,11.5
2025-06-12 14:14:00,77.4
2025-06-12 09:27:00,47.9
2025-06-12 23:30:00,50.557353635505194
2025-06-12 06:09:00,23.5
2025-06-12 23:44:00,50.557353635505194
2025-06-12 07:49:00,22.9
2025-06-12 04:07:00,28.9
2025-06-12 20:28:00,36.4
2025-06-12 05:53:00,98.6
2025-06-12 01:21:00,50.557353635505194
2025-06-12 12:48:00,82.3
2025-06-12 20:59:00,50.557353635505194
2025-06-12 20:05:00,81.5
2025-06-12 07:12:00,41.4
2025-06-12 16:40:00,85.6
2025-06-12 14:57:00,32.8
2025-06-12 00:55:00,49.0
2025-06-12 07:11:00,50.557353635505194
2025-06-12 05:57:00,1.2
2025-06-12 06:32:00,54.9
2025-06-12 01:54:00,18.9
2025-06-12 19:16:00,94.4
2025-06-12 15:41:00,41.4
2025-06-12 15:52:00,34.9
2025-06-12 09:50:00,44.7
2025-06-12 12:21:00,50.557353635505194
2025-06-12 09:54:00,62.6
2025-06-12 02:11:00,85.9
2025-06-12 08:30:00,94.0
2025-06-12 14:34:00,50.557353635505194
2025-06-12 06:10:00,42.2
2025-06-12 05:00:00,50.557353635505194
2025-06-12 18:04:00,50.557353635505194
2025-06-12 22:58:00,80.2
2025-06-12 13:12:00,50.557353635505194
2025-06-12 00:00:00,37.4
2025-06-12 09:38:00,41.3
2025-06-12 20:14:00,82.9
2025-06-12 18:42:00,69.9
2025-06-12 18:51:00,33.6
2025-06-12 22:53:00,50.557353635505194
2025-06-12 16:13:00,50.557353635505194
2025-06-12 02:04:00,50.557353635505194
2025-06-12 07:52:00,92.6
2025-06-12 18:45:00,30.7
2025-06-12 22:14:00,46.6
2025-06-12 12:23:00,75.0
2025-06-12 07:10:00,8.6
2025-06-12 14:07:00,51.0
2025-06-12 11:04:00,98.9
2025-06-12 17:00:00,38.1
2025-06-12 12:15:00,77.3
2025-06-12 09:06:00,50.557353635505194
2025-06-12 21:51:00,74.0
2025-06-12 09:33:00,78.6
2025-06-12 05:11:00,70.5
2025-06-12 13:00:00,66.7
2025-06-12 02:41:00,95.2
2025-06-12 21:44:00,95.3
2025-06-12 16:55:00,57.0
2025-06-12 05:14:00,80.0
2025-06-12 09:19:00,78.0
2025-06-12 06:38:00,62.7
2025-06-12 18:07:00,35.3
2025-06-12 07:02:00,37.1
2025-06-12 15:04:00,52.9
2025-06-12 00:41:00,70.8
2025-06-12 02:44:00,61.7
2025-06-12 10:03:00,70.4
2025-06-12 00:13:00,75.1
2025-06-12 13:18:00,88.1
2025-06-12 20:48:00,70.9
2025-06-12 17:03:00,79.9
2025-06-12 07:32:00,77.5
2025-06-12 11:40:00,12.9
2025-06-12 20:41:00,93.9
2025-06-12 01:40:00,39.2
2025-06-12 15:42:00,87.2
2025-06-12 08:23:00,17.6
2025-06-12 16:34:00,67.3
2025-06-12 10:49:00,8.6
2025-06-12 22:59:00,96.5
2025-06-12 22:38:00,50.557353635505194
2025-06-12 11:19:00,13.6
2025-06-12 03:41:00,50.557353635505194
2025-06-12 09:32:00,12.9
2025-06-12 12:10:00,41.0
2025-06-12 15:37:00,54.9
2025-06-12 12:26:00,64.5
2025-06-12 16:54:00,19.6
2025-06-12 01:16:00,56.0
2025-06-12 19:00:00,91.2
2025-06-12 18:26:00,93.8
2025-06-12 14:51:00,86.0
2025-06-12 19:29:00,23.9
2025-06-12 00:27:00,50.557353635505194
2025-06-12 01:43:00,52.3
2025-06-12 17:13:00,93.2
2025-06-12 13:55:00,30.4
2025-06-12 09:39:00,60.8
2025-06-12 06:56:00,21.9
2025-06-12 15:43:00,53.8
2025-06-12 06:50:00,98.2
2025-06-12 20:56:00,76.7
2025-06-12 05:35:00,47.2
2025-06-12 10:46:00,13.2
2025-06-12 14:13:00,25.1
2025-06-12 12:12:00,50.557353635505194
2025-06-12 22:27:00,28.8
2025-06-12 00:07:00,90.1
2025-06-12 22:19:00,28.6
2025-06-12 12:33:00,85.7
2025-06-12 23:04:00,90.0
2025-06-12 21:36:00,1.5
2025-06-12 19:31:00,61.0
2025-06-12 15:40:00,80.6
2025-06-12 20:40:00,42.8
2025-06-12 12:14:00,38.0
2025-06-12 05:20:00,7.1
2025-06-12 16:18:00,42.9
2025-06-12 03:36:00,38.1
2025-06-12 12:48:00,73.0
2025-06-12 21:47:00,49.87196987526477
2025-06-12 07:32:00,67.4
2025-06-12 14:58:00,46.1
2025-06-12 11:01:00,97.8
2025-06-12 06:42:00,49.87196987526477
2025-06-12 21:02:00,64.1
2025-06-12 04:19:00,15.8
2025-06-12 17:20:00,84.1
2025-06-12 04:18:00,49.87196987526477
2025-06-12 22:00:00,62.4
2025-06-12 02:55:00,70.9
2025-06-12 00:25:00,49.87196987526477
2025-06-12 10:12:00,12.9
2025-06-12 06:24:00,77.0
2025-06-12 10:25:00,49.3
2025-06-12 00:36:00,49.87196987526477
2025-06-12 10:55:00,29.6
2025-06-12 16:41:00,48.3
2025-06-12 08:47:00,15.5
2025-06-12 15:07:00,39.7
2025-06-12 03:11:00,49.87196987526477
2025-06-12 07:33:00,16.5
2025-06-12 05:49:00,22.3
2025-06-12 21:32:00,55.6
2025-06-12 01:19:00,45.4
2025-06-12 21:42:00,49.87196987526477
2025-06-12 04:05:00,69.8
2025-06-12 03:35:00,34.3
2025-06-12 13:46:00,1.7
2025-06-12 02:01:00,96.1
2025-06-12 00:46:00,7.9
2025-06-12 18:09:00,61.1
2025-06-12 15:35:00,61.0
2025-06-12 11:00:00,73.5
2025-06-12 23:28:00,1.4
2025-06-12 16:13:00,12.5
2025-06-12 15:57:00,96.7
2025-06-12 17:50:00,79.9
2025-06-12 20:47:00,5.8
2025-06-12 20:17:00,84.3
2025-06-12 16:24:00,49.87196987526477
2025-06-12 14:31:00,82.7
2025-06-12 02:17:00,18.8
2025-06-12 18:39:00,77.5
2025-06-12 07:43:00,8.9
2025-06-12 12:57:00,23.1
2025-06-12 09:38:00,81.6
2025-06-12 08:05:00,99.3
2025-06-12 14:15:00,18.8
2025-06-12 08:00:00,49.87196987526477
2025-06-12 15:38:00,49.87196987526477
2025-06-12 13:47:00,75.0
2025-06-12 22:31:00,49.87196987526477
2025-06-12 14:56:00,72.6
2025-06-12 18:03:00,76.9
2025-06-12 21:33:00,97.4
2025-06-12 17:49:00,37.4
2025-06-12 10:39:00,65.8
2025-06-12 22:14:00,2.6
2025-06-12 02:46:00,49.87196987526477
2025-06-12 00:09:00,10.9
2025-06-12 08:03:00,49.87196987526477
2025-06-12 19:06:00,97.8
2025-06-12 14:42:00,1.3
2025-06-12 09:46:00,46.3
2025-06-12 16:38:00,67.2
2025-06-12 15:24:00,15.0
2025-06-12 07:45:00,36.2
2025-06-12 17:10:00,30.6
2025-06-12 11:59:00,62.0
2025-06-12 04:41:00,22.9
2025-06-12 07:36:00,49.87196987526477
2025-06-12 15:08:00,51.0
2025-06-12 20:09:00,61.8
2025-06-12 03:43:00,29.5
2025-06-12 23:23:00,56.4
2025-06-12 08:24:00,74.9
2025-06-12 16:23:00,58.8
2025-06-12 23:21:00,49.87196987526477
2025-06-12 11:52:00,81.6
2025-06-12 07:28:00,21.9
2025-06-12 20:23:00,66.9
2025-06-12 21:26:00,91.0
2025-06-12 19:11:00,4.5
2025-06-12 01:42:00,49.87196987526477
2025-06-12 08:34:00,49.87196987526477
2025-06-12 20:38:00,81.9
2025-06-12 09:37:00,70.9
2025-06-12 02:48:00,54.5
2025-06-12 22:36:00,49.87196987526477
2025-06-12 12:26:00,40.7
2025-06-12 19:32:00,49.87196987526477
2025-06-12 05:47:00,72.7
2025-06-12 10:45:00,49.87196987526477
2025-06-12 22:26:00,59.0
2025-06-12 15:25:00,27.9
2025-06-12 01:55:00,29.7
2025-06-12 02:35:00,14.6
2025-06-12 14:10:00,1.8
2025-06-12 10:27:00,49.87196987526477
2025-06-12 13:55:00,51.2
2025-06-12 16:22:00,13.7
2025-06-12 22:38:00,49.87196987526477
2025-06-12 14:35:00,44.0
2025-06-12 17:45:00,79.4
2025-06-12 20:24:00,81.2
2025-06-12 01:06:00,90.6
2025-06-12 19:45:00,49.87196987526477
2025-06-12 08:56:00,54.1
2025-06-12 13:00:00,95.0
2025-06-12 03:37:00,66.7
2025-06-12 03:23:00,35.6
2025-06-12 20:00:00,9.5
2025-06-12 09:26:00,51.0
2025-06-12 04:42:00,49.87196987526477
2025-06-12 09:18:00,35.3
2025-06-12 07:27:00,49.87196987526477
2025-06-12 22:53:00,36.6
2025-06-12 02:39:00,49.87196987526477
2025-06-12 10:07:00,77.4
2025-06-12 19:48:00,16.2
2025-06-12 00:27:00,75.7
2025-06-12 03:47:00,49.87196987526477
2025-06-12 04:26:00,2.3
2025-06-12 03:20:00,77.0
2025-06-12 06:12:00,17.6
2025-06-12 13:37:00,66.2
2025-06-12 02:44:00,5.5
2025-06-12 19:30:00,93.7
2025-06-12 16:10:00,49.87196987526477
2025-06-12 16:51:00,37.5
2025-06-12 10:48:00,45.7
2025-06-12 17:27:00,49.87196987526477
2025-06-12 01:26:00,22.7
2025-06-12 12:00:00,66.7
2025-06-12 12:21:00,14.5
2025-06-12 12:30:00,66.6
2025-06-12 04:17:00,45.5
2025-06-12 09:32:00,39.0
2025-06-12 10:56:00,45.5
2025-06-12 16:37:00,10.0
2025-06-12 04:11:00,59.3
2025-06-12 01:54:00,99.9
2025-06-12 04:57:00,30.3
2025-06-12 19:22:00,78.4
2025-06-12 16:55:00,89.2
2025-06-12 03:10:00,37.9
2025-06-12 11:37:00,93.4
2025-06-12 04:08:00,84.7
2025-06-12 03:41:00,85.1
2025-06-12 06:38:00,30.2
2025-06-12 09:21:00,16.5
2025-06-12 04:38:00,49.87196987526477
2025-06-12 21:13:00,26.9
2025-06-12 18:22:00,94.9
2025-06-12 06:08:00,64.1
2025-06-12 13:56:00,49.87196987526477
2025-06-12 00:01:00,49.87196987526477
2025-06-12 10:43:00,41.7
2025-06-12 15:32:00,26.9
2025-06-12 04:54:00,49.87196987526477
2025-06-12 23:10:00,87.8
2025-06-12 09:34:00,87.5
2025-06-12 20:37:00,95.2
2025-06-12 06:04:00,49.87196987526477
2025-06-12 16:04:00,87.3
2025-06-12 07:24:00,45.7
2025-06-12 03:25:00,91.8
2025-06-12 01:21:00,49.87196987526477
2025-06-12 19:20:00,49.87196987526477
2025-06-12 16:59:00,45.7
2025-06-12 10:47:00,56.7
2025-06-12 01:37:00,49.87196987526477
2025-06-12 17:38:00,49.87196987526477
2025-06-12 06:15:00,33.0
2025-06-12 14:22:00,0.6
2025-06-12 19:55:00,78.6
2025-06-12 22:10:00,60.5
2025-06-12 01:09:00,0.8
2025-06-12 19:42:00,14.5
2025-06-12 20:31:00,25.3
2025-06-12 09:41:00,83.7
2025-06-12 20:46:00,75.0
2025-06-12 22:17:00,62.2
2025-06-12 08:53:00,33.1
2025-06-12 20:22:00,40.5
2025-06-12 16:00:00,75.3
2025-06-12 12:49:00,49.87196987526477
2025-06-12 03:01:00,49.87196987526477
2025-06-12 12:39:00,44.0
2025-06-12 06:33:00,95.5
2025-06-12 16:56:00,26.5
2025-06-12 04:28:00,49.87196987526477
2025-06-12 01:28:00,8.1
2025-06-12 19:04:00,49.87196987526477
2025-06-12 08:04:00,37.2
2025-06-12 05:32:00,47.7
2025-06-12 00:10:00,69.6
2025-06-12 18:52:00,49.87196987526477
2025-06-12 17:02:00,17.6
2025-06-12 16:01:00,49.87196987526477
2025-06-12 14:43:00,79.3
2025-06-12 00:33:00,57.7
2025-06-12 12:45:00,11.8
2025-06-12 14:04:00,75.7
2025-06-12 20:53:00,34.3
2025-06-12 12:59:00,97.6
2025-06-12 18:41:00,10.3
2025-06-12 13:49:00,16.1
2025-06-12 22:43:00,13.9
2025-06-12 15:15:00,49.87196987526477
2025-06-12 02:28:00,99.4
2025-06-12 21:18:00,97.3
2025-06-12 10:02:00,49.87196987526477
2025-06-12 09:23:00,42.7
2025-06-12 11:33:00,41.0
2025-06-12 19:10:00,90.2
2025-06-12 20:21:00,94.2
2025-06-12 18:57:00,33.5
2025-06-12 07:10:00,63.5
2025-06-12 12:42:00,12.8
2025-06-12 04:40:00,49.87196987526477
2025-06-12 11:23:00,42.6
2025-06-12 13:07:00,17.9
2025-06-12 12:20:00,85.1
2025-06-12 19:58:00,50.6
2025-06-12 10:23:00,57.2
2025-06-12 20:36:00,83.8
2025-06-12 09:15:00,93.1
2025-06-12 10:46:00,70.5
2025-06-12 10:59:00,37.7
2025-06-12 06:36:00,17.1
2025-06-12 23:09:00,0.8
2025-06-12 22:09:00,70.8
2025-06-12 04:49:00,16.2
2025-06-12 20:28:00,33.0
2025-06-12 20:19:00,30.2
2025-06-12 14:12:00,68.3
2025-06-12 16:43:00,72.0
2025-06-12 11:21:00,77.8
2025-06-12 10:40:00,65.0
2025-06-12 04:43:00,48.7
2025-06-12 08:35:00,29.5
2025-06-12 18:14:00,40.1
2025-06-12 01:39:00,68.8
2025-06-12 08:57:00,56.5
2025-06-12 22:03:00,49.87196987526477
2025-06-12 19:21:00,69.3
2025-06-12 14:06:00,63.4
2025-06-12 00:45:00,49.87196987526477
2025-06-12 02:29:00,10.1
2025-06-12 15:41:00,97.7
2025-06-12 15:14:00,26.4
2025-06-12 13:24:00,87.7
2025-06-12 06:55:00,30.0
2025-06-12 14:00:00,5.8
2025-06-12 16:42:00,70.4
2025-06-12 15:28:00,73.8
2025-06-12 00:21:00,49.87196987526477
2025-06-12 17:41:00,49.87196987526477
2025-06-12 12:07:00,23.8
2025-06-12 05:25:00,37.4
2025-06-12 01:15:00,14.0
2025-06-12 05:42:00,2.1
2025-06-12 00:05:00,82.7
2025-06-12 17:19:00,42.0
2025-06-12 21:25:00,51.4
2025-06-12 20:49:00,98.7
2025-06-12 10:14:00,89.0
2025-06-12 14:39:00,12.2
2025-06-12 21:37:00,53.5
2025-06-12 13:36:00,23.4
2025-06-12 21:40:00,8.0
2025-06-12 06:14:00,49.87196987526477
2025-06-12 11:30:00,49.87196987526477
2025-06-12 15:47:00,36.8
2025-06-12 10:37:00,38.0
2025-06-12 11:41:00,64.8
2025-06-12 11:04:00,70.1
2025-06-12 03:19:00,49.93628109892701
2025-06-12 09:22:00,98.7
2025-06-12 09:00:00,49.93628109892701
2025-06-12 23:34:00,30.0
2025-06-12 13:11:00,2.7
2025-06-12 13:46:00,49.93628109892701
2025-06-12 08:40:00,3.5
2025-06-12 14:13:00,93.1
2025-06-12 18:28:00,17.6
2025-06-12 11:39:00,18.9
2025-06-12 00:51:00,49.93628109892701
2025-06-12 14:40:00,13.3
2025-06-12 03:32:00,49.93628109892701
2025-06-12 16:59:00,49.93628109892701
2025-06-12 18:21:00,0.8
2025-06-12 23:12:00,19.7
2025-06-12 17:35:00,93.8
2025-06-12 00:53:00,49.93628109892701
2025-06-12 16:46:00,77.7
2025-06-12 10:32:00,13.0
2025-06-12 05:53:00,74.1
2025-06-12 14:03:00,33.5
2025-06-12 09:57:00,73.5
2025-06-12 22:52:00,49.93628109892701
2025-06-12 18:10:00,92.0
2025-06-12 07:06:00,61.1
2025-06-12 22:22:00,17.5
2025-06-12 08:33:00,5.3
2025-06-12 14:42:00,41.1
2025-06-12 07:12:00,96.2
2025-06-12 12:44:00,56.8
2025-06-12 14:29:00,1.6
2025-06-12 06:31:00,30.3
2025-06-12 17:00:00,0.2
2025-06-12 08:48:00,49.93628109892701
2025-06-12 23:31:00,76.9
2025-06-12 15:53:00,89.7
2025-06-12 16:27:00,30.6
2025-06-12 01:53:00,58.3
2025-06-12 08:57:00,27.2
2025-06-12 12:03:00,49.93628109892701
2025-06-12 23:26:00,39.1
2025-06-12 17:57:00,25.4
2025-06-12 05:23:00,63.5
2025-06-12 03:50:00,40.9
2025-06-12 03:02:00,61.6
2025-06-12 18:14:00,48.9
2025-06-12 00:26:00,92.2
2025-06-12 14:37:00,91.7
2025-06-12 15:08:00,49.0
2025-06-12 17:45:00,49.93628109892701
2025-06-12 16:18:00,65.0
2025-06-12 16:28:00,29.9
2025-06-12 05:50:00,49.93628109892701
2025-06-12 07:18:00,49.93628109892701
2025-06-12 16:32:00,19.4
2025-06-12 03:37:00,66.7
2025-06-12 01:12:00,24.9
2025-06-12 03:14:00,49.93628109892701
2025-06-12 07:23:00,10.1
2025-06-12 06:33:00,13.1
2025-06-12 21:33:00,68.5
2025-06-12 04:55:00,39.0
2025-06-12 17:01:00,76.7
2025-06-12 10:43:00,49.93628109892701
2025-06-12 04:29:00,80.4
2025-06-12 19:19:00,79.8
2025-06-12 12:06:00,49.93628109892701
2025-06-12 06:36:00,5.8
2025-06-12 12:37:00,55.1
2025-06-12 10:20:00,59.0
2025-06-12 06:24:00,38.1
2025-06-12 00:46:00,68.0
2025-06-12 02:57:00,49.93628109892701
2025-06-12 08:15:00,4.8
2025-06-12 05:24:00,49.93628109892701
2025-06-12 08:03:00,52.7
2025-06-12 03:06:00,66.4
2025-06-12 10:08:00,82.7
2025-06-12 17:38:00,25.1
2025-06-12 01:29:00,82.6
2025-06-12 22:29:00,49.93628109892701
2025-06-12 22:54:00,96.0
2025-06-12 14:09:00,11.0
2025-06-12 16:22:00,65.2
2025-06-12 16:20:00,49.93628109892701
2025-06-12 15:41:00,1.6
2025-06-12 16:10:00,19.0
2025-06-12 07:19:00,75.9
2025-06-12 11:54:00,59.8
2025-06-12 14:54:00,26.1
2025-06-12 03:38:00,64.0
2025-06-12 14:52:00,54.3
2025-06-12 04:26:00,49.93628109892701
2025-06-12 13:35:00,49.93628109892701
2025-06-12 03:40:00,30.5
2025-06-12 06:59:00,55.8
2025-06-12 13:49:00,68.0
2025-06-12 18:06:00,53.6
2025-06-12 06:03:00,89.4
2025-06-12 10:11:00,34.9
2025-06-12 20:28:00,41.6
2025-06-12 08:13:00,9.3
2025-06-12 22:38:00,90.1
2025-06-12 20:56:00,7.8
2025-06-12 22:53:00,5.7
2025-06-12 07:37:00,68.4
2025-06-12 19:10:00,84.8
2025-06-12 08:21:00,47.6
2025-06-12 05:49:00,49.93628109892701
2025-06-12 03:48:00,49.93628109892701
2025-06-12 16:24:00,28.7
2025-06-12 12:40:00,8.8
2025-06-12 13:47:00,91.2
2025-06-12 04:57:00,51.5
2025-06-12 23:16:00,69.4
2025-06-12 01:52:00,28.0
2025-06-12 20:44:00,65.9
2025-06-12 02:25:00,69.9
2025-06-12 16:58:00,98.8
2025-06-12 12:34:00,49.93628109892701
2025-06-12 21:26:00,8.4
2025-06-12 22:44:00,38.6
2025-06-12 09:20:00,49.93628109892701
2025-06-12 23:35:00,51.5
2025-06-12 13:20:00,97.1
2025-06-12 09:30:00,70.9
2025-06-12 09:35:00,49.93628109892701
2025-06-12 15:54:00,88.0
2025-06-12 00:08:00,40.6
2025-06-12 02:49:00,48.4
2025-06-12 02:17:00,28.1
2025-06-12 16:05:00,1.8
2025-06-12 18:18:00,49.93628109892701
2025-06-12 02:09:00,25.8
2025-06-12 19:31:00,49.93628109892701
2025-06-12 19:52:00,49.93628109892701
2025-06-12 12:19:00,49.93628109892701
2025-06-12 18:09:00,0.9
2025-06-12 16:50:00,75.8
2025-06-12 14:43:00,49.93628109892701
2025-06-12 16:54:00,5.6
2025-06-12 12:17:00,49.93628109892701
2025-06-12 11:37:00,24.0
2025-06-12 00:59:00,10.4
2025-06-12 12:50:00,14.5
2025-06-12 00:37:00,42.9
2025-06-12 21:49:00,24.1
2025-06-12 06:10:00,84.7
2025-06-12 08:44:00,81.9
2025-06-12 05:03:00,49.93628109892701
2025-06-12 23:59:00,35.5
2025-06-12 08:54:00,35.6
2025-06-12 22:26:00,50.9
2025-06-12 20:23:00,75.1
2025-06-12 01:56:00,84.0
2025-06-12 20:12:00,84.5
2025-06-12 05:44:00,77.1
2025-06-12 19:43:00,13.6
2025-06-12 13:10:00,89.9
2025-06-12 11:15:00,54.1
2025-06-12 10:06:00,5.2
2025-06-12 14:59:00,34.7
2025-06-12 01:31:00,82.4
2025-06-12 01:17:00,49.93628109892701
2025-06-12 09:31:00,59.9
2025-06-12 19:48:00,95.1
2025-06-12 23:07:00,44.9
2025-06-12 14:21:00,76.0
2025-06-12 10:03:00,90.1
2025-06-12 18:32:00,49.93628109892701
2025-06-12 05:21:00,56.4
2025-06-12 09:18:00,49.93628109892701
2025-06-12 02:18:00,82.7
2025-06-12 07:47:00,49.93628109892701
2025-06-12 18:01:00,33.6
2025-06-12 07:22:00,3.5
2025-06-12 19:55:00,59.6
2025-06-12 22:14:00,49.93628109892701
2025-06-12 20:36:00,16.5
2025-06-12 00:01:00,47.2
2025-06-12 17:33:00,50.2
2025-06-12 20:31:00,62.9
2025-06-12 18:50:00,54.1
2025-06-12 00:48:00,3.3
2025-06-12 05:07:00,1.8
2025-06-12 11:49:00,92.0
2025-06-12 15:16:00,49.93628109892701
2025-06-12 07:27:00,53.5
2025-06-12 16:53:00,74.0
2025-06-12 14:10:00,30.8
2025-06-12 22:13:00,9.3
2025-06-12 14:47:00,92.0
2025-06-12 03:27:00,32.3
2025-06-12 04:33:00,45.1
2025-06-12 02:10:00,49.2
2025-06-12 09:56:00,21.7
2025-06-12 11:09:00,74.1
2025-06-12 21:35:00,49.93628109892701
2025-06-12 11:25:00,12.8
2025-06-12 01:18:00,37.7
2025-06-12 00:35:00,43.2
2025-06-12 16:21:00,47.2
2025-06-12 19:28:00,49.93628109892701
2025-06-12 01:10:00,0.5
2025-06-12 13:26:00,78.2
2025-06-12 17:14:00,84.9
2025-06-12 16:17:00,45.5
2025-06-12 05:38:00,27.4
2025-06-12 02:34:00,82.6
2025-06-12 12:59:00,23.9
2025-06-12 14:58:00,37.2
2025-06-12 11:00:00,40.2
2025-06-12 04:07:00,46.1
2025-06-12 12:32:00,4.9
2025-06-12 03:08:00,2.3
2025-06-12 15:59:00,8.6
2025-06-12 01:28:00,84.4
2025-06-12 16:13:00,49.93628109892701
2025-06-12 01:08:00,49.93628109892701
2025-06-12 07:17:00,49.93628109892701
2025-06-12 15:52:00,5.6
2025-06-12 03:36:00,18.2
2025-06-12 19:47:00,60.7
2025-06-12 02:07:00,66.3
2025-06-12 23:08:00,40.6
2025-06-12 21:02:00,49.93628109892701
2025-06-12 13:15:00,75.3
2025-06-12 13:22:00,70.4
2025-06-12 16:45:00,6.8
2025-06-12 18:39:00,41.5
2025-06-12 13:52:00,60.8
2025-06-12 01:40:00,15.4
2025-06-12 01:58:00,49.93628109892701
2025-06-12 15:26:00,14.6
2025-06-12 03:17:00,81.2
2025-06-12 23:05:00,10.1
2025-06-12 01:11:00,27.0
2025-06-12 15:06:00,42.4
2025-06-12 09:09:00,51.2
2025-06-12 21:16:00,44.1
2025-06-12 13:30:00,97.8
2025-06-12 14:51:00,58.7
2025-06-12 10:54:00,37.4
2025-06-12 16:44:00,49.93628109892701
2025-06-12 04:21:00,74.9
2025-06-12 07:43:00,98.0
2025-06-12 09:04:00,68.9
2025-06-12 20:48:00,49.7
2025-06-12 23:33:00,81.4
2025-06-12 05:05:00,18.3
2025-06-12 08:19:00,42.1
2025-06-12 09:58:00,59.1
2025-06-12 08:20:00,6.2
2025-06-12 13:51:00,53.0
2025-06-12 01:25:00,30.7
2025-06-12 13:42:00,48.8
2025-06-12 22:12:00,7.9
2025-06-12 13:29:00,95.4
2025-06-12 21:20:00,15.1
2025-06-12 07:44:00,66.7
2025-06-12 09:41:00,31.2
2025-06-12 23:54:00,11.8
2025-06-12 21:32:00,32.3
2025-06-12 02:42:00,49.93628109892701
2025-06-12 06:18:00,17.0
2025-06-12 08:09:00,92.5
2025-06-12 00:42:00,49.93628109892701
2025-06-12 03:29:00,79.8
2025-06-12 05:35:00,49.93628109892701
2025-06-12 23:38:00,91.8
2025-06-12 09:52:00,45.3
2025-06-12 07:07:00,15.9
2025-06-12 01:23:00,55.6
2025-06-12 02:52:00,22.8
2025-06-12 22:05:00,55.0
2025-06-12 02:20:00,89.1
2025-06-12 01:41:00,28.3
2025-06-12 04:14:00,49.93628109892701
2025-06-12 12:22:00,84.9
2025-06-12 08:43:00,72.3
2025-06-12 20:02:00,78.1
2025-06-12 18:12:00,49.93628109892701
2025-06-12 05:42:00,62.7
2025-06-12 11:06:00,59.1
2025-06-12 00:41:00,82.4
2025-06-12 15:21:00,30.4
2025-06-12 18:33:00,28.2
2025-06-12 06:08:00,5.7
2025-06-12 05:48:00,88.0
2025-06-12 06:16:00,49.797736698660984
2025-06-12 20:48:00,8.4
2025-06-12 10:46:00,49.797736698660984
2025-06-12 01:04:00,59.8
2025-06-12 17:19:00,47.2
2025-06-12 23:53:00,25.0
2025-06-12 07:38:00,49.797736698660984
2025-06-12 02:32:00,49.797736698660984
2025-06-12 03:40:00,16.6
2025-06-12 15:38:00,5.0
2025-06-12 00:44:00,92.8
2025-06-12 18:03:00,98.1
2025-06-12 14:34:00,49.797736698660984
2025-06-12 04:05:00,70.6
2025-06-12 10:16:00,64.9
2025-06-12 06:38:00,94.9
2025-06-12 21:03:00,60.5
2025-06-12 11:10:00,33.1
2025-06-12 10:09:00,64.6
2025-06-12 11:52:00,10.1
2025-06-12 21:51:00,49.4
2025-06-12 15:37:00,19.1
2025-06-12 17:51:00,54.7
2025-06-12 10:11:00,79.7
2025-06-12 22:11:00,1.3
2025-06-12 10:15:00,46.5
2025-06-12 09:17:00,66.6
2025-06-12 00:06:00,92.3
2025-06-12 09:24:00,8.0
2025-06-12 03:34:00,43.4
2025-06-12 20:47:00,46.8
2025-06-12 06:20:00,91.7
2025-06-12 19:11:00,65.9
2025-06-12 02:05:00,80.8
2025-06-12 10:07:00,59.4
2025-06-12 02:10:00,93.9
2025-06-12 09:25:00,70.5
2025-06-12 09:52:00,63.2
2025-06-12 22:49:00,63.6
2025-06-12 10:53:00,68.3
2025-06-12 06:34:00,87.6
2025-06-12 08:41:00,39.6
2025-06-12 05:19:00,15.6
2025-06-12 10:39:00,49.797736698660984
2025-06-12 23:48:00,33.7
2025-06-12 08:23:00,35.8
2025-06-12 02:02:00,66.8
2025-06-12 07:57:00,55.8
2025-06-12 16:03:00,39.1
2025-06-12 09:33:00,92.7
2025-06-12 06:01:00,0.4
2025-06-12 08:46:00,95.2
2025-06-12 16:09:00,22.0
2025-06-12 05:48:00,38.1
2025-06-12 12:16:00,37.5
2025-06-12 04:28:00,49.797736698660984
2025-06-12 23:49:00,68.3
2025-06-12 00:54:00,49.797736698660984
2025-06-12 16:45:00,6.0
2025-06-12 23:27:00,24.3
2025-06-12 00:25:00,62.7
2025-06-12 00:43:00,73.5
2025-06-12 10:21:00,92.3
2025-06-12 07:24:00,4.6
2025-06-12 00:09:00,60.0
2025-06-12 20:42:00,66.1
2025-06-12 16:58:00,78.9
2025-06-12 13:50:00,5.2
2025-06-12 04:03:00,70.8
2025-06-12 14:50:00,51.9
2025-06-12 18:14:00,72.0
2025-06-12 16:29:00,20.1
2025-06-12 06:25:00,31.7
2025-06-12 02:57:00,56.3
2025-06-12 22:21:00,49.797736698660984
2025-06-12 19:52:00,20.3
2025-06-12 03:27:00,37.4
2025-06-12 11:24:00,82.8
2025-06-12 14:22:00,43.0
2025-06-12 11:35:00,93.9
2025-06-12 08:19:00,98.8
2025-06-12 15:41:00,49.797736698660984
2025-06-12 14:55:00,2.1
2025-06-12 11:13:00,54.1
2025-06-12 11:51:00,71.1
2025-06-12 21:38:00,9.5
2025-06-12 11:59:00,7.8
2025-06-12 12:11:00,36.8
2025-06-12 10:27:00,99.2
2025-06-12 08:29:00,15.3
2025-06-12 07:40:00,87.2
2025-06-12 07:51:00,49.797736698660984
2025-06-12 12:51:00,25.4
2025-06-12 04:47:00,68.6
2025-06-12 20:15:00,56.6
2025-06-12 03:07:00,53.2
2025-06-12 17:55:00,18.5
2025-06-12 21:27:00,32.8
2025-06-12 18:08:00,49.797736698660984
2025-06-12 03:53:00,49.797736698660984
2025-06-12 21:23:00,71.8
2025-06-12 10:18:00,61.8
2025-06-12 08:17:00,56.2
2025-06-12 07:42:00,49.797736698660984
2025-06-12 09:51:00,0.1
2025-06-12 10:28:00,47.7
2025-06-12 02:13:00,99.8
2025-06-12 04:04:00,85.0
2025-06-12 01:52:00,65.7
2025-06-12 12:48:00,31.4
2025-06-12 00:08:00,49.797736698660984
2025-06-12 12:24:00,66.1
2025-06-12 21:19:00,82.2
2025-06-12 21:58:00,7.1
2025-06-12 21:11:00,22.0
2025-06-12 18:21:00,83.5
2025-06-12 13:42:00,49.797736698660984
2025-06-12 01:10:00,97.8
2025-06-12 04:11:00,73.5
2025-06-12 16:49:00,64.4
2025-06-12 20:25:00,47.1
2025-06-12 09:31:00,94.7
2025-06-12 01:19:00,27.2
2025-06-12 08:45:00,86.1
2025-06-12 23:33:00,96.7
2025-06-12 00:20:00,34.9
2025-06-12 07:14:00,42.9
2025-06-12 12:57:00,14.9
2025-06-12 18:35:00,52.6
2025-06-12 02:37:00,17.5
2025-06-12 16:54:00,5.9
2025-06-12 03:44:00,21.6
2025-06-12 04:45:00,12.6
2025-06-12 15:54:00,41.0
2025-06-12 17:26:00,59.5
2025-06-12 06:31:00,77.7
2025-06-12 20:43:00,50.9
2025-06-12 13:05:00,6.6
2025-06-12 02:45:00,76.3
2025-06-12 09:32:00,41.2
2025-06-12 06:04:00,49.797736698660984
2025-06-12 21:49:00,61.0
2025-06-12 01:12:00,62.7
2025-06-12 15:27:00,32.8
2025-06-12 01:01:00,86.2
2025-06-12 14:58:00,61.7
2025-06-12 00:19:00,71.2
2025-06-12 14:37:00,76.1
2025-06-12 11:15:00,49.797736698660984
2025-06-12 04:32:00,78.1
2025-06-12 19:50:00,49.797736698660984
2025-06-12 06:45:00,2.2
2025-06-12 14:57:00,20.4
2025-06-12 00:15:00,50.8
2025-06-12 13:03:00,2.9
2025-06-12 07:48:00,86.6
2025-06-12 20:00:00,49.1
2025-06-12 01:18:00,14.2
2025-06-12 14:09:00,36.0
2025-06-12 10:58:00,71.9
2025-06-12 19:03:00,72.1
2025-06-12 19:30:00,35.8
2025-06-12 22:53:00,49.797736698660984
2025-06-12 07:59:00,42.1
2025-06-12 13:11:00,30.9
2025-06-12 17:13:00,49.797736698660984
2025-06-12 07:31:00,88.3
2025-06-12 01:59:00,94.7
2025-06-12 19:31:00,49.797736698660984
2025-06-12 06:15:00,49.797736698660984
2025-06-12 11:47:00,71.6
2025-06-12 14:03:00,2.9
2025-06-12 21:34:00,34.5
2025-06-12 00:49:00,58.2
2025-06-12 20:41:00,37.1
2025-06-12 02:25:00,23.6
2025-06-12 07:50:00,18.7
2025-06-12 23:59:00,49.797736698660984
2025-06-12 19:05:00,49.797736698660984
2025-06-12 07:43:00,49.797736698660984
2025-06-12 01:41:00,49.797736698660984
2025-06-12 03:46:00,86.3
2025-06-12 10:30:00,49.797736698660984
2025-06-12 12:01:00,35.1
2025-06-12 21:47:00,52.5
2025-06-12 00:03:00,99.0
2025-06-12 00:30:00,80.2
2025-06-12 23:58:00,37.0
2025-06-12 08:28:00,35.8
2025-06-12 18:07:00,49.797736698660984
2025-06-12 07:53:00,49.797736698660984
2025-06-12 11:08:00,31.6
2025-06-12 11:26:00,81.4
2025-06-12 03:04:00,60.8
2025-06-12 22:35:00,65.9
2025-06-12 17:25:00,25.3
2025-06-12 18:48:00,1.6
2025-06-12 06:43:00,49.797736698660984
2025-06-12 00:34:00,49.797736698660984
2025-06-12 00:35:00,96.0
2025-06-12 13:30:00,1.2
2025-06-12 00:26:00,87.3
2025-06-12 00:27:00,23.1
2025-06-12 10:00:00,72.8
2025-06-12 23:13:00,49.797736698660984
2025-06-12 12:28:00,76.0
2025-06-12 08:01:00,37.1
2025-06-12 04:24:00,77.7
2025-06-12 03:30:00,93.2
2025-06-12 21:25:00,49.797736698660984
2025-06-12 22:32:00,47.4
2025-06-12 17:47:00,80.2
2025-06-12 19:42:00,59.0
2025-06-12 20:57:00,15.3
2025-06-12 23:47:00,49.797736698660984
2025-06-12 21:31:00,49.797736698660984
2025-06-12 01:37:00,74.9
2025-06-12 14:46:00,31.1
2025-06-12 07:07:00,35.7
2025-06-12 03:28:00,29.7
2025-06-12 17:02:00,29.2
2025-06-12 06:58:00,76.8
2025-06-12 14:02:00,51.3
2025-06-12 08:10:00,97.2
2025-06-12 08:11:00,58.1
2025-06-12 02:53:00,58.5
2025-06-12 20:29:00,49.797736698660984
2025-06-12 06:36:00,44.2
2025-06-12 22:20:00,10.8
2025-06-12 18:26:00,95.1
2025-06-12 05:55:00,49.797736698660984
2025-06-12 21:16:00,31.0
2025-06-12 06:21:00,36.0
2025-06-12 21:52:00,72.8
2025-06-12 19:18:00,14.4
2025-06-12 09:56:00,47.9
2025-06-12 04:35:00,61.9
2025-06-12 17:12:00,49.797736698660984
2025-06-12 04:21:00,56.2
2025-06-12 00:02:00,28.0
2025-06-12 12:27:00,93.3
2025-06-12 12:34:00,76.5
2025-06-12 13:45:00,45.1
2025-06-12 14:13:00,14.7
2025-06-12 23:05:00,52.5
2025-06-12 16:32:00,32.6
2025-06-12 08:31:00,57.5
2025-06-12 03:18:00,49.797736698660984
2025-06-12 20:19:00,64.3
2025-06-12 21:39:00,1.4
2025-06-12 03:52:00,60.2
2025-06-12 05:37:00,60.5
2025-06-12 16:25:00,42.4
2025-06-12 18:11:00,30.1
2025-06-12 22:06:00,31.7
2025-06-12 22:23:00,59.9
2025-06-12 02:47:00,49.797736698660984
2025-06-12 13:58:00,49.797736698660984
2025-06-12 19:23:00,75.9
2025-06-12 03:47:00,17.4
2025-06-12 12:58:00,49.797736698660984
2025-06-12 10:08:00,9.6
2025-06-12 12:33:00,30.5
2025-06-12 16:16:00,9.4
2025-06-12 07:01:00,28.4
2025-06-12 03:51:00,6.7
2025-06-12 00:24:00,24.7
2025-06-12 23:18:00,19.4
2025-06-12 17:23:00,49.797736698660984
2025-06-12 10:45:00,57.9
2025-06-12 12:35:00,55.7
2025-06-12 06:23:00,39.6
2025-06-12 09:07:00,42.9
2025-06-12 15:17:00,49.797736698660984
2025-06-12 01:35:00,91.5
2025-06-12 09:19:00,37.8
2025-06-12 18:55:00,66.3
2025-06-12 00:56:00,79.8
2025-06-12 18:53:00,17.8
2025-06-12 18:39:00,70.6
2025-06-12 20:24:00,94.8
2025-06-12 09:29:00,91.7
2025-06-12 14:10:00,68.3
2025-06-12 20:07:00,49.797736698660984
2025-06-12 21:50:00,92.5
2025-06-12 19:59:00,1.0
2025-06-12 19:45:00,3.1
2025-06-12 17:40:00,49.797736698660984
2025-06-12 10:38:00,61.0
2025-06-12 08:13:00,12.6
2025-06-12 06:24:00,74.1
2025-06-12 18:05:00,30.7
2025-06-12 00:28:00,21.1
2025-06-12 17:16:00,41.2
2025-06-12 18:57:00,67.0
2025-06-12 22:40:00,5.8
2025-06-12 13:29:00,27.2
2025-06-12 06:40:00,54.0
2025-06-12 09:58:00,90.1
2025-06-12 19:44:00,4.5
2025-06-12 03:22:00,35.5
2025-06-12 03:14:00,17.3
2025-06-12 18:03:00,50.18136565940501
2025-06-12 20:58:00,61.2
2025-06-12 14:47:00,19.4
2025-06-12 14:48:00,50.18136565940501
2025-06-12 11:40:00,53.4
2025-06-12 07:02:00,12.8
2025-06-12 15:09:00,50.18136565940501
2025-06-12 08:47:00,28.3
2025-06-12 05:17:00,18.0
2025-06-12 10:47:00,19.7
2025-06-12 05:38:00,47.1
2025-06-12 14:10:00,33.7
2025-06-12 19:48:00,89.8
2025-06-12 03:57:00,50.18136565940501
2025-06-12 06:47:00,13.0
2025-06-12 06:30:00,23.2
2025-06-12 10:27:00,70.0
2025-06-12 14:02:00,50.18136565940501
2025-06-12 12:04:00,48.3
2025-06-12 17:29:00,49.9
2025-06-12 13:23:00,6.7
2025-06-12 23:33:00,60.4
2025-06-12 00:15:00,50.18136565940501
2025-06-12 12:15:00,96.5
2025-06-12 00:02:00,50.18136565940501
2025-06-12 20:44:00,50.18136565940501
2025-06-12 14:16:00,67.5
2025-06-12 21:25:00,60.0
2025-06-12 23:31:00,35.1
2025-06-12 04:26:00,9.3
2025-06-12 08:09:00,50.18136565940501
2025-06-12 05:21:00,58.8
2025-06-12 14:46:00,14.9
2025-06-12 09:06:00,50.18136565940501
2025-06-12 22:42:00,98.1
2025-06-12 01:29:00,85.4
2025-06-12 16:38:00,99.4
2025-06-12 06:42:00,50.18136565940501
2025-06-12 11:29:00,50.18136565940501
2025-06-12 02:35:00,9.9
2025-06-12 23:53:00,85.9
2025-06-12 09:30:00,14.7
2025-06-12 03:53:00,86.7
2025-06-12 10:00:00,93.9
2025-06-12 15:19:00,4.1
2025-06-12 05:45:00,8.4
2025-06-12 02:09:00,55.3
2025-06-12 20:34:00,9.8
2025-06-12 03:28:00,55.6
2025-06-12 06:53:00,44.4
2025-06-12 08:34:00,50.18136565940501
2025-06-12 10:42:00,75.3
2025-06-12 11:16:00,50.18136565940501
2025-06-12 14:03:00,21.8
2025-06-12 20:54:00,50.18136565940501
2025-06-12 14:22:00,30.4
2025-06-12 18:02:00,50.18136565940501
2025-06-12 23:43:00,13.2
2025-06-12 13:46:00,84.7
2025-06-12 16:39:00,89.9
2025-06-12 12:20:00,39.0
2025-06-12 18:57:00,98.6
2025-06-12 20:53:00,36.1
2025-06-12 05:29:00,28.0
2025-06-12 21:20:00,76.0
2025-06-12 12:37:00,42.0
2025-06-12 21:02:00,77.6
2025-06-12 17:12:00,38.9
2025-06-12 07:01:00,84.0
2025-06-12 09:22:00,31.2
2025-06-12 17:22:00,43.7
2025-06-12 04:49:00,73.6
2025-06-12 01:19:00,95.7
2025-06-12 01:33:00,93.0
2025-06-12 09:43:00,69.3
2025-06-12 02:45:00,0.3
2025-06-12 10:56:00,56.8
2025-06-12 20:35:00,50.18136565940501
2025-06-12 21:57:00,13.8
2025-06-12 09:31:00,30.4
2025-06-12 12:13:00,55.7
2025-06-12 03:36:00,50.2
2025-06-12 16:56:00,50.18136565940501
2025-06-12 08:06:00,27.0
2025-06-12 08:50:00,43.2
2025-06-12 12:10:00,5.7
2025-06-12 14:37:00,43.0
2025-06-12 11:08:00,74.4
2025-06-12 03:39:00,52.7
2025-06-12 01:07:00,33.5
2025-06-12 09:20:00,50.18136565940501
2025-06-12 23:56:00,42.9
2025-06-12 02:27:00,99.1
2025-06-12 11:56:00,32.3
2025-06-12 17:04:00,50.18136565940501
2025-06-12 04:21:00,82.0
2025-06-12 14:51:00,86.6
2025-06-12 00:21:00,16.6
2025-06-12 03:27:00,69.4
2025-06-12 06:38:00,53.4
2025-06-12 01:43:00,51.7
2025-06-12 20:16:00,50.18136565940501
2025-06-12 10:17:00,41.2
2025-06-12 12:16:00,17.1
2025-06-12 04:40:00,50.18136565940501
2025-06-12 18:53:00,80.2
2025-06-12 19:12:00,48.2
2025-06-12 02:23:00,33.2
2025-06-12 04:03:00,59.0
2025-06-12 03:35:00,41.0
2025-06-12 05:03:00,58.7
2025-06-12 02:58:00,46.0
2025-06-12 09:16:00,59.5
2025-06-12 10:07:00,51.8
2025-06-12 05:41:00,43.4
2025-06-12 20:09:00,95.3
2025-06-12 02:05:00,3.0
2025-06-12 20:51:00,19.4
2025-06-12 05:58:00,50.18136565940501
2025-06-12 16:16:00,50.18136565940501
2025-06-12 05:59:00,77.8
2025-06-12 14:11:00,19.8
2025-06-12 16:02:00,89.8
2025-06-12 10:55:00,50.18136565940501
2025-06-12 21:47:00,41.2
2025-06-12 03:43:00,42.0
2025-06-12 11:33:00,50.18136565940501
2025-06-12 16:14:00,50.18136565940501
2025-06-12 06:12:00,15.9
2025-06-12 19:31:00,50.18136565940501
2025-06-12 15:51:00,1.4
2025-06-12 15:54:00,18.3
2025-06-12 04:00:00,53.3
2025-06-12 06:09:00,71.6
2025-06-12 21:28:00,10.6
2025-06-12 02:46:00,18.7
2025-06-12 06:44:00,51.7
2025-06-12 17:07:00,51.9
2025-06-12 08:16:00,30.5
2025-06-12 06:13:00,42.5
2025-06-12 09:53:00,50.18136565940501
2025-06-12 06:51:00,20.5
2025-06-12 11:45:00,50.18136565940501
2025-06-12 21:23:00,52.3
2025-06-12 21:35:00,50.18136565940501
2025-06-12 19:15:00,11.6
2025-06-12 00:49:00,6.8
2025-06-12 21:09:00,9.6
2025-06-12 18:25:00,94.1
2025-06-12 00:40:00,97.6
2025-06-12 18:19:00,41.4
2025-06-12 09:34:00,50.18136565940501
2025-06-12 13:33:00,46.2
2025-06-12 11:07:00,42.3
2025-06-12 09:01:00,2.4
2025-06-12 20:41:00,67.2
2025-06-12 23:25:00,50.18136565940501
2025-06-12 08:58:00,28.3
2025-06-12 08:41:00,92.1
2025-06-12 23:46:00,28.9
2025-06-12 21:44:00,81.7
2025-06-12 16:01:00,20.0
2025-06-12 06:21:00,37.9
2025-06-12 18:55:00,50.18136565940501
2025-06-12 06:07:00,64.9
2025-06-12 15:06:00,78.9
2025-06-12 07:59:00,59.8
2025-06-12 09:33:00,54.3
2025-06-12 00:48:00,50.4
2025-06-12 07:05:00,32.3
2025-06-12 19:08:00,50.18136565940501
2025-06-12 00:18:00,22.0
2025-06-12 20:08:00,76.6
2025-06-12 19:03:00,89.7
2025-06-12 17:02:00,40.8
2025-06-12 11:18:00,84.5
2025-06-12 15:15:00,98.7
2025-06-12 09:27:00,23.7
2025-06-12 13:42:00,6.2
2025-06-12 13:15:00,48.6
2025-06-12 18:38:00,15.5
2025-06-12 19:17:00,50.18136565940501
2025-06-12 11:32:00,95.1
2025-06-12 10:10:00,50.18136565940501
2025-06-12 09:38:00,94.8
2025-06-12 08:52:00,50.18136565940501
2025-06-12 13:41:00,6.5
2025-06-12 09:37:00,26.4
2025-06-12 17:21:00,14.6
2025-06-12 09:44:00,17.8
2025-06-12 16:48:00,35.5
2025-06-12 21:56:00,4.4
2025-06-12 18:35:00,27.7
2025-06-12 18:47:00,75.4
2025-06-12 07:52:00,50.18136565940501
2025-06-12 12:57:00,18.8
2025-06-12 19:46:00,69.5
2025-06-12 11:13:00,11.0
2025-06-12 05:06:00,63.4
2025-06-12 17:27:00,51.9
2025-06-12 19:36:00,12.0
2025-06-12 10:57:00,47.7
2025-06-12 15:26:00,10.1
2025-06-12 15:30:00,23.8
2025-06-12 06:04:00,75.9
2025-06-12 20:30:00,43.4
2025-06-12 18:39:00,22.1
2025-06-12 06:01:00,36.9
2025-06-12 04:18:00,76.0
2025-06-12 10:26:00,57.3
2025-06-12 03:15:00,60.2
2025-06-12 12:19:00,57.1
2025-06-12 16:54:00,14.6
2025-06-12 18:06:00,5.8
2025-06-12 05:33:00,58.9
2025-06-12 21:51:00,83.4
2025-06-12 09:39:00,83.7
2025-06-12 06:27:00,57.7
2025-06-12 22:00:00,61.5
2025-06-12 09:51:00,74.7
2025-06-12 12:07:00,4.1
2025-06-12 13:47:00,65.1
2025-06-12 03:37:00,50.18136565940501
2025-06-12 12:56:00,39.5
2025-06-12 17:25:00,63.3
2025-06-12 22:47:00,65.3
2025-06-12 10:06:00,46.4
2025-06-12 14:14:00,70.6
2025-06-12 06:11:00,94.3
2025-06-12 07:30:00,4.4
2025-06-12 14:20:00,61.3
2025-06-12 10:28:00,99.9
2025-06-12 07:23:00,19.8
2025-06-12 04:44:00,12.2
2025-06-12 13:54:00,44.9
2025-06-12 08:36:00,41.1
2025-06-12 20:45:00,30.5
2025-06-12 07:24:00,65.3
2025-06-12 19:18:00,66.4
2025-06-12 14:58:00,26.6
2025-06-12 10:54:00,52.4
2025-06-12 07:21:00,26.8
2025-06-12 02:52:00,54.0
2025-06-12 17:00:00,97.1
2025-06-12 21:14:00,61.0
2025-06-12 21:38:00,75.8
2025-06-12 00:04:00,85.9
2025-06-12 12:54:00,35.5
2025-06-12 18:00:00,16.5
2025-06-12 09:05:00,88.1
2025-06-12 14:49:00,46.6
2025-06-12 16:29:00,57.4
2025-06-12 18:01:00,51.2
2025-06-12 06:32:00,21.6
2025-06-12 19:58:00,2.3
2025-06-12 12:05:00,45.6
2025-06-12 01:28:00,94.9
2025-06-12 07:22:00,22.3
2025-06-12 20:20:00,21.1
2025-06-12 17:08:00,81.8
2025-06-12 17:01:00,95.8
2025-06-12 01:56:00,41.8
2025-06-12 23:12:00,11.5
2025-06-12 17:52:00,50.18136565940501
2025-06-12 07:26:00,65.3
2025-06-12 11:03:00,96.5
2025-06-12 21:58:00,33.4
2025-06-12 22:45:00,59.4
2025-06-12 04:19:00,99.1
2025-06-12 06:56:00,68.4
2025-06-12 17:05:00,94.3
2025-06-12 05:51:00,49.7
2025-06-12 04:02:00,20.9
2025-06-12 06:19:00,50.18136565940501
2025-06-12 09:57:00,77.7
2025-06-12 05:54:00,72.5
2025-06-12 05:35:00,87.8
2025-06-12 10:01:00,84.6
2025-06-12 15:08:00,7.7
2025-06-12 15:02:00,50.18136565940501
2025-06-12 18:32:00,34.0
2025-06-12 19:02:00,44.9
2025-06-12 11:24:00,99.1
2025-06-12 04:48:00,49.5
2025-06-12 07:50:00,68.9
2025-06-12 10:44:00,20.6
2025-06-12 23:19:00,99.7
2025-06-12 01:30:00,93.2
2025-06-12 18:02:00,49.66792053602915
2025-06-12 17:41:00,39.9
2025-06-12 07:57:00,24.0
2025-06-12 03:56:00,50.5
2025-06-12 18:42:00,3.1
2025-06-12 09:10:00,38.1
2025-06-12 03:58:00,49.66792053602915
2025-06-12 09:52:00,68.7
2025-06-12 04:14:00,41.0
2025-06-12 10:54:00,76.1
2025-06-12 13:23:00,17.3
2025-06-12 14:14:00,15.0
2025-06-12 14:21:00,49.66792053602915
2025-06-12 17:32:00,61.4
2025-06-12 19:12:00,19.1
2025-06-12 23:30:00,44.1
2025-06-12 17:21:00,49.66792053602915
2025-06-12 22:31:00,51.4
2025-06-12 09:09:00,68.6
2025-06-12 17:16:00,16.4
2025-06-12 11:45:00,85.8
2025-06-12 04:45:00,75.9
2025-06-12 18:55:00,15.6
2025-06-12 01:16:00,49.66792053602915
2025-06-12 08:05:00,9.1
2025-06-12 15:24:00,62.8
2025-06-12 06:44:00,55.5
2025-06-12 13:25:00,50.3
2025-06-12 12:42:00,49.66792053602915
2025-06-12 09:00:00,8.6
2025-06-12 15:13:00,49.66792053602915
2025-06-12 00:39:00,44.2
2025-06-12 21:51:00,55.3
2025-06-12 05:04:00,42.4
2025-06-12 15:47:00,49.66792053602915
2025-06-12 20:15:00,44.3
2025-06-12 07:01:00,48.7
2025-06-12 19:40:00,28.4
2025-06-12 19:52:00,36.4
2025-06-12 08:20:00,11.4
2025-06-12 20:09:00,33.8
2025-06-12 12:24:00,32.2
2025-06-12 21:15:00,25.1
2025-06-12 11:19:00,40.1
2025-06-12 16:22:00,63.9
2025-06-12 23:50:00,41.8
2025-06-12 01:13:00,9.9
2025-06-12 20:25:00,25.3
2025-06-12 09:31:00,8.9
2025-06-12 16:39:00,61.2
2025-06-12 16:24:00,49.66792053602915
2025-06-12 06:54:00,58.6
2025-06-12 22:44:00,43.6
2025-06-12 04:00:00,49.66792053602915
2025-06-12 08:24:00,59.3
2025-06-12 05:14:00,26.7
2025-06-12 11:31:00,77.2
2025-06-12 05:07:00,56.3
2025-06-12 08:58:00,34.0
2025-06-12 01:41:00,35.4
2025-06-12 10:13:00,60.6
2025-06-12 16:08:00,49.66792053602915
2025-06-12 00:13:00,60.0
2025-06-12 16:21:00,68.0
2025-06-12 05:06:00,3.7
2025-06-12 11:53:00,53.9
2025-06-12 14:10:00,49.66792053602915
2025-06-12 19:10:00,25.2
2025-06-12 00:10:00,32.6
2025-06-12 21:08:00,71.6
2025-06-12 18:57:00,27.0
2025-06-12 03:54:00,34.3
2025-06-12 07:46:00,14.9
2025-06-12 04:52:00,49.66792053602915
2025-06-12 06:47:00,85.4
2025-06-12 18:14:00,3.9
2025-06-12 19:33:00,64.4
2025-06-12 14:16:00,33.1
2025-06-12 09:20:00,32.7
2025-06-12 08:43:00,67.5
2025-06-12 06:38:00,65.2
2025-06-12 08:30:00,82.3
2025-06-12 04:08:00,49.66792053602915
2025-06-12 02:17:00,95.9
2025-06-12 17:50:00,49.66792053602915
2025-06-12 02:52:00,32.9
2025-06-12 22:14:00,36.5
2025-06-12 17:52:00,72.1
2025-06-12 08:33:00,11.4
2025-06-12 09:14:00,96.6
2025-06-12 14:34:00,22.3
2025-06-12 13:00:00,91.2
2025-06-12 22:20:00,90.3
2025-06-12 07:29:00,87.3
2025-06-12 18:34:00,49.66792053602915
2025-06-12 07:17:00,49.66792053602915
2025-06-12 23:29:00,8.8
2025-06-12 16:56:00,49.66792053602915
2025-06-12 23:52:00,87.0
2025-06-12 08:38:00,23.4
2025-06-12 04:16:00,9.5
2025-06-12 21:07:00,49.66792053602915
2025-06-12 18:37:00,12.7
2025-06-12 07:54:00,55.0
2025-06-12 01:27:00,49.5
2025-06-12 18:58:00,83.8
2025-06-12 01:12:00,32.6
2025-06-12 08:47:00,14.2
2025-06-12 11:10:00,52.9
2025-06-12 06:09:00,44.0
2025-06-12 11:06:00,49.66792053602915
2025-06-12 12:54:00,31.4
2025-06-12 02:33:00,49.66792053602915
2025-06-12 13:59:00,37.0
2025-06-12 18:33:00,27.5
2025-06-12 17:31:00,49.66792053602915
2025-06-12 16:10:00,49.66792053602915
2025-06-12 13:13:00,78.9
2025-06-12 21:20:00,68.6
2025-06-12 20:39:00,67.5
2025-06-12 14:46:00,22.6
2025-06-12 16:42:00,66.4
2025-06-12 03:35:00,98.0
2025-06-12 13:43:00,70.6
2025-06-12 10:22:00,73.5
2025-06-12 11:59:00,64.5
2025-06-12 16:58:00,81.0
2025-06-12 09:11:00,83.3
2025-06-12 13:57:00,30.0
2025-06-12 08:59:00,49.66792053602915
2025-06-12 20:57:00,17.4
2025-06-12 23:51:00,25.2
2025-06-12 22:29:00,71.8
2025-06-12 02:03:00,30.1
2025-06-12 13:12:00,14.5
2025-06-12 00:46:00,49.66792053602915
2025-06-12 17:09:00,91.9
2025-06-12 18:09:00,49.66792053602915
2025-06-12 00:54:00,61.3
2025-06-12 09:28:00,49.66792053602915
2025-06-12 09:03:00,42.2
2025-06-12 19:15:00,18.0
2025-06-12 14:17:00,45.8
2025-06-12 11:56:00,83.1
2025-06-12 10:43:00,61.2
2025-06-12 20:18:00,39.8
2025-06-12 18:08:00,49.66792053602915
2025-06-12 03:39:00,44.4
2025-06-12 10:09:00,18.4
2025-06-12 15:38:00,97.6
2025-06-12 13:30:00,10.5
2025-06-12 08:57:00,49.66792053602915
2025-06-12 13:11:00,42.6
2025-06-12 23:41:00,2.3
2025-06-12 15:33:00,23.0
2025-06-12 18:31:00,54.7
2025-06-12 11:01:00,0.5
2025-06-12 06:46:00,3.3
2025-06-12 14:13:00,38.2
2025-06-12 07:15:00,88.0
2025-06-12 22:26:00,49.66792053602915
2025-06-12 23:56:00,35.8
2025-06-12 04:19:00,50.9
2025-06-12 02:42:00,32.1
2025-06-12 00:05:00,58.7
2025-06-12 23:16:00,87.3
2025-06-12 21:59:00,76.7
2025-06-12 03:15:00,15.8
2025-06-12 12:34:00,56.2
2025-06-12 04:47:00,49.66792053602915
2025-06-12 18:32:00,25.4
2025-06-12 22:49:00,88.6
2025-06-12 04:43:00,51.8
2025-06-12 08:46:00,49.66792053602915
2025-06-12 00:56:00,7.9
2025-06-12 10:19:00,62.5
2025-06-12 20:28:00,39.3
2025-06-12 16:38:00,42.3
2025-06-12 06:04:00,17.5
2025-06-12 21:54:00,9.0
2025-06-12 00:37:00,32.4
2025-06-12 08:06:00,49.66792053602915
2025-06-12 02:46:00,2.5
2025-06-12 17:20:00,65.7
2025-06-12 11:26:00,45.7
2025-06-12 13:18:00,17.7
2025-06-12 01:30:00,49.66792053602915
2025-06-12 14:26:00,49.66792053602915
2025-06-12 12:43:00,58.3
2025-06-12 07:20:00,18.9
2025-06-12 12:21:00,3.9
2025-06-12 02:11:00,44.5
2025-06-12 06:49:00,8.1
2025-06-12 13:07:00,29.0
2025-06-12 02:16:00,16.4
2025-06-12 08:04:00,39.3
2025-06-12 20:42:00,57.3
2025-06-12 14:20:00,41.3
2025-06-12 01:56:00,68.0
2025-06-12 10:32:00,82.9
2025-06-12 13:50:00,51.7
2025-06-12 18:28:00,88.5
2025-06-12 18:01:00,49.66792053602915
2025-06-12 20:13:00,8.3
2025-06-12 03:00:00,9.1
2025-06-12 19:41:00,9.7
2025-06-12 06:10:00,49.66792053602915
2025-06-12 08:53:00,68.1
2025-06-12 08:13:00,24.6
2025-06-12 18:50:00,90.1
2025-06-12 05:10:00,23.8
2025-06-12 13:09:00,8.3
2025-06-12 21:04:00,6.9
2025-06-12 23:47:00,86.9
2025-06-12 04:58:00,32.3
2025-06-12 21:38:00,49.66792053602915
2025-06-12 04:23:00,49.66792053602915
2025-06-12 19:20:00,64.1
2025-06-12 20:30:00,6.5
2025-06-12 15:00:00,2.1
2025-06-12 21:18:00,9.2
2025-06-12 21:25:00,49.66792053602915
2025-06-12 17:19:00,57.8
2025-06-12 14:58:00,49.66792053602915
2025-06-12 10:12:00,55.0
2025-06-12 01:14:00,80.5
2025-06-12 15:44:00,30.2
2025-06-12 00:45:00,93.4
2025-06-12 14:51:00,73.4
2025-06-12 03:29:00,49.66792053602915
2025-06-12 13:35:00,11.5
2025-06-12 05:28:00,17.1
2025-06-12 06:33:00,72.8
2025-06-12 22:38:00,10.6
2025-06-12 09:18:00,49.66792053602915
2025-06-12 09:22:00,83.2
2025-06-12 00:23:00,67.9
2025-06-12 21:49:00,52.3
2025-06-12 05:26:00,80.5
2025-06-12 21:47:00,60.7
2025-06-12 21:11:00,49.66792053602915
2025-06-12 19:37:00,69.6
2025-06-12 10:07:00,9.0
2025-06-12 06:43:00,23.0
2025-06-12 06:57:00,39.2
2025-06-12 08:27:00,31.5
2025-06-12 07:55:00,95.0
2025-06-12 03:23:00,12.9
2025-06-12 00:32:00,64.0
2025-06-12 15:54:00,19.4
2025-06-12 07:36:00,17.9
2025-06-12 03:59:00,78.9
2025-06-12 21:10:00,79.8
2025-06-12 10:06:00,7.5
2025-06-12 06:21:00,2.2
2025-06-12 21:29:00,74.1
2025-06-12 07:45:00,49.66792053602915
2025-06-12 00:15:00,49.66792053602915
2025-06-12 00:06:00,37.2
2025-06-12 02:13:00,16.8
2025-06-12 08:51:00,49.66792053602915
2025-06-12 11:39:00,62.9
2025-06-12 22:16:00,69.1
2025-06-12 22:08:00,95.9
2025-06-12 20:35:00,46.1
2025-06-12 14:15:00,49.66792053602915
2025-06-12 15:08:00,80.1
2025-06-12 05:35:00,58.6
2025-06-12 20:54:00,60.8
2025-06-12 05:05:00,47.7
2025-06-12 03:08:00,10.7
2025-06-12 19:42:00,82.2
2025-06-12 10:29:00,41.0
2025-06-12 00:59:00,31.4
2025-06-12 18:52:00,4.7
2025-06-12 17:55:00,9.2
2025-06-12 15:27:00,65.8
2025-06-12 17:04:00,66.8
2025-06-12 18:46:00,16.6
2025-06-12 07:30:00,42.2
2025-06-12 04:11:00,7.2
2025-06-12 04:03:00,49.66792053602915
2025-06-12 07:51:00,56.7
2025-06-12 19:55:00,25.2
2025-06-12 08:36:00,29.8
2025-06-12 23:06:00,77.6
2025-06-12 05:30:00,36.7
2025-06-12 19:08:00,68.4
2025-06-12 19:02:00,20.6
2025-06-12 07:06:00,15.6
2025-06-12 02:38:00,13.5
2025-06-12 22:17:00,49.66792053602915
2025-06-12 08:10:00,80.3
2025-06-12 21:26:00,58.6
2025-06-12 07:53:00,68.8
2025-06-12 04:33:00,38.6
2025-06-12 03:40:00,45.3
2025-06-12 01:46:00,93.3
2025-06-12 16:47:00,93.6
2025-06-12 17:34:00,91.6
2025-06-12 10:34:00,49.66792053602915
2025-06-12 08:52:00,45.1
2025-06-12 12:05:00,49.66792053602915
2025-06-12 01:09:00,77.0
2025-06-12 01:34:00,70.3
2025-06-12 06:35:00,55.0
2025-06-12 05:50:00,3.8
2025-06-12 21:06:00,39.6
2025-06-12 22:18:00,19.0
2025-06-12 01:17:00,88.6
2025-06-12 20:29:00,49.66792053602915
2025-06-12 08:41:00,9.8
2025-06-12 10:25:00,97.7
2025-06-12 15:18:00,59.8
2025-06-12 03:20:00,49.1
2025-06-12 15:14:00,43.0
2025-06-12 08:14:00,6.8
2025-06-12 07:35:00,49.66792053602915
2025-06-12 16:14:00,80.3
2025-06-12 10:03:00,55.0
2025-06-12 11:22:00,49.66792053602915
2025-06-12 07:39:00,54.6
2025-06-12 19:48:00,49.66792053602915
2025-06-12 19:19:00,3.9
2025-06-12 12:25:00,49.66792053602915
2025-06-12 14:52:00,16.5
2025-06-12 23:58:00,66.8
2025-06-12 02:29:00,21.4
2025-06-12 16:27:00,12.1
2025-06-12 04:50:00,37.0
2025-06-12 03:50:00,56.5
2025-06-12 18:30:00,26.0
2025-06-12 18:41:00,58.2
2025-06-12 06:35:00,93.4
2025-06-12 10:34:00,33.8
2025-06-12 09:00:00,50.4
2025-06-12 00:01:00,19.2
2025-06-12 22:23:00,93.8
2025-06-12 16:10:00,25.3
2025-06-12 07:36:00,49.82591552591553
2025-06-12 22:57:00,35.7
2025-06-12 23:02:00,75.6
2025-06-12 12:11:00,62.2
2025-06-12 22:42:00,87.8
2025-06-12 00:11:00,89.9
2025-06-12 16:36:00,70.9
2025-06-12 09:19:00,40.5
2025-06-12 09:38:00,49.82591552591553
2025-06-12 11:24:00,10.1
2025-06-12 21:25:00,3.1
2025-06-12 18:42:00,84.1
2025-06-12 04:25:00,91.9
2025-06-12 22:48:00,40.5
2025-06-12 17:57:00,96.1
2025-06-12 15:17:00,76.1
2025-06-12 00:37:00,72.3
2025-06-12 09:01:00,51.0
2025-06-12 17:02:00,30.9
2025-06-12 21:05:00,2.2
2025-06-12 14:43:00,49.82591552591553
2025-06-12 13:39:00,19.2
2025-06-12 09:51:00,100.0
2025-06-12 10:29:00,49.82591552591553
2025-06-12 17:59:00,49.82591552591553
2025-06-12 03:15:00,46.3
2025-06-12 04:50:00,90.4
2025-06-12 18:29:00,93.6
2025-06-12 08:52:00,36.5
2025-06-12 06:47:00,10.5
2025-06-12 21:23:00,48.6
2025-06-12 09:31:00,49.82591552591553
2025-06-12 05:30:00,50.3
2025-06-12 12:22:00,4.0
2025-06-12 02:21:00,17.4
2025-06-12 05:01:00,3.9
2025-06-12 02:12:00,49.82591552591553
2025-06-12 14:22:00,49.82591552591553
2025-06-12 16:19:00,87.0
2025-06-12 14:31:00,44.3
2025-06-12 08:41:00,91.3
2025-06-12 07:03:00,49.82591552591553
2025-06-12 09:15:00,27.2
2025-06-12 06:17:00,49.82591552591553
2025-06-12 22:03:00,25.7
2025-06-12 23:05:00,49.82591552591553
2025-06-12 15:11:00,50.5
2025-06-12 17:46:00,46.4
2025-06-12 15:04:00,93.2
2025-06-12 13:44:00,69.5
2025-06-12 23:09:00,40.2
2025-06-12 13:11:00,98.9
2025-06-12 03:10:00,56.9
2025-06-12 13:27:00,92.9
2025-06-12 16:03:00,55.5
2025-06-12 15:00:00,61.5
2025-06-12 16:29:00,70.2
2025-06-12 07:32:00,72.4
2025-06-12 05:58:00,64.1
2025-06-12 17:52:00,49.82591552591553
2025-06-12 00:29:00,49.82591552591553
2025-06-12 14:27:00,94.9
2025-06-12 05:24:00,21.1
2025-06-12 02:49:00,46.6
2025-06-12 01:18:00,64.4
2025-06-12 07:38:00,83.2
2025-06-12 00:47:00,82.1
2025-06-12 02:08:00,53.8
2025-06-12 20:11:00,94.6
2025-06-12 04:57:00,24.1
2025-06-12 10:38:00,11.8
2025-06-12 05:17:00,63.6
2025-06-12 08:09:00,40.9
2025-06-12 11:43:00,49.82591552591553
2025-06-12 04:23:00,42.9
2025-06-12 23:48:00,59.3
2025-06-12 07:45:00,49.82591552591553
2025-06-12 09:45:00,49.82591552591553
2025-06-12 20:54:00,45.6
2025-06-12 03:33:00,22.4
2025-06-12 10:20:00,38.0
2025-06-12 16:17:00,38.5
2025-06-12 12:06:00,73.9
2025-06-12 13:20:00,49.82591552591553
2025-06-12 00:36:00,49.82591552591553
2025-06-12 09:33:00,58.1
2025-06-12 09:56:00,34.4
2025-06-12 15:27:00,86.9
2025-06-12 01:00:00,91.3
2025-06-12 05:41:00,59.9
2025-06-12 12:30:00,50.0
2025-06-12 04:26:00,85.5
2025-06-12 08:20:00,62.2
2025-06-12 01:44:00,70.1
2025-06-12 04:46:00,82.3
2025-06-12 18:48:00,49.82591552591553
2025-06-12 01:29:00,21.0
2025-06-12 12:05:00,19.5
2025-06-12 18:20:00,88.1
2025-06-12 10:44:00,90.9
2025-06-12 02:40:00,55.4
2025-06-12 22:32:00,89.7
2025-06-12 13:19:00,47.8
2025-06-12 17:06:00,32.8
2025-06-12 20:36:00,71.4
2025-06-12 14:18:00,49.82591552591553
2025-06-12 18:04:00,42.7
2025-06-12 23:01:00,75.5
2025-06-12 00:33:00,15.0
2025-06-12 19:33:00,79.3
2025-06-12 15:16:00,4.1
2025-06-12 22:19:00,16.7
2025-06-12 14:04:00,68.3
2025-06-12 19:46:00,7.1
2025-06-12 18:11:00,49.82591552591553
2025-06-12 06:51:00,77.6
2025-06-12 00:04:00,91.7
2025-06-12 15:53:00,49.82591552591553
2025-06-12 19:23:00,40.3
2025-06-12 23:52:00,71.9
2025-06-12 05:14:00,12.7
2025-06-12 21:37:00,79.4
2025-06-12 17:26:00,2.4
2025-06-12 04:04:00,11.7
2025-06-12 13:33:00,67.6
2025-06-12 07:47:00,80.0
2025-06-12 07:04:00,30.0
2025-06-12 03:57:00,25.6
2025-06-12 22:46:00,21.9
2025-06-12 08:40:00,19.1
2025-06-12 23:26:00,16.1
2025-06-12 03:30:00,49.82591552591553
2025-06-12 12:16:00,48.6
2025-06-12 08:51:00,27.2
2025-06-12 15:03:00,16.1
2025-06-12 15:52:00,88.0
2025-06-12 07:37:00,49.82591552591553
2025-06-12 11:23:00,25.4
2025-06-12 23:25:00,7.8
2025-06-12 06:38:00,60.0
2025-06-12 21:02:00,12.7
2025-06-12 20:12:00,73.0
2025-06-12 05:52:00,5.0
2025-06-12 08:58:00,49.82591552591553
2025-06-12 02:17:00,28.2
2025-06-12 13:49:00,70.1
2025-06-12 22:11:00,39.0
2025-06-12 12:35:00,83.9
2025-06-12 11:00:00,49.82591552591553
2025-06-12 01:21:00,97.3
2025-06-12 02:41:00,91.6
2025-06-12 13:47:00,81.7
2025-06-12 11:16:00,87.3
2025-06-12 16:24:00,49.82591552591553
2025-06-12 12:42:00,31.2
2025-06-12 17:11:00,19.3
2025-06-12 22:38:00,32.7
2025-06-12 16:50:00,98.2
2025-06-12 04:48:00,49.82591552591553
2025-06-12 18:46:00,58.1
2025-06-12 03:05:00,50.7
2025-06-12 05:55:00,13.4
2025-06-12 08:10:00,40.6
2025-06-12 01:06:00,93.1
2025-06-12 02:46:00,48.9
2025-06-12 05:39:00,74.1
2025-06-12 09:09:00,49.82591552591553
2025-06-12 03:37:00,95.6
2025-06-12 12:45:00,95.0
2025-06-12 00:43:00,25.5
2025-06-12 12:07:00,1.6
2025-06-12 10:56:00,17.2
2025-06-12 09:42:00,16.3
2025-06-12 12:09:00,49.82591552591553
2025-06-12 07:54:00,96.5
2025-06-12 20:42:00,99.2
2025-06-12 03:53:00,84.3
2025-06-12 02:56:00,49.82591552591553
2025-06-12 05:29:00,97.9
2025-06-12 11:09:00,98.7
2025-06-12 06:22:00,52.2
2025-06-12 23:49:00,25.0
2025-06-12 13:12:00,59.0
2025-06-12 23:55:00,77.7
2025-06-12 13:18:00,49.82591552591553
2025-06-12 21:08:00,26.9
2025-06-12 06:31:00,79.5
2025-06-12 05:00:00,15.0
2025-06-12 21:42:00,49.5
2025-06-12 10:39:00,90.9
2025-06-12 19:38:00,48.1
2025-06-12 14:05:00,0.4
2025-06-12 20:28:00,66.0
2025-06-12 07:49:00,46.9
2025-06-12 03:00:00,30.5
2025-06-12 05:28:00,79.6
2025-06-12 05:34:00,88.8
2025-06-12 18:32:00,18.9
2025-06-12 09:13:00,77.3
2025-06-12 12:27:00,27.4
2025-06-12 08:56:00,50.6
2025-06-12 16:58:00,21.5
2025-06-12 23:34:00,37.3
2025-06-12 22:05:00,85.8
2025-06-12 04:16:00,31.3
2025-06-12 04:09:00,2.3
2025-06-12 19:51:00,23.0
2025-06-12 09:40:00,49.82591552591553
2025-06-12 13:21:00,93.9
2025-06-12 22:13:00,66.9
2025-06-12 15:41:00,1.9
2025-06-12 18:34:00,62.1
2025-06-12 22:43:00,6.0
2025-06-12 01:03:00,92.4
2025-06-12 10:51:00,17.0
2025-06-12 05:57:00,77.8
2025-06-12 23:30:00,30.0
2025-06-12 11:42:00,25.9
2025-06-12 20:44:00,92.5
2025-06-12 00:25:00,49.82591552591553
2025-06-12 14:12:00,37.1
2025-06-12 21:54:00,0.4
2025-06-12 21:40:00,78.5
2025-06-12 20:00:00,55.9
2025-06-12 19:41:00,56.6
2025-06-12 04:03:00,99.3
2025-06-12 16:16:00,49.82591552591553
2025-06-12 16:42:00,90.9
2025-06-12 00:50:00,23.9
2025-06-12 04:33:00,93.9
2025-06-12 10:16:00,74.1
2025-06-12 02:07:00,47.9
2025-06-12 18:27:00,49.82591552591553
2025-06-12 21:28:00,32.6
2025-06-12 18:50:00,76.9
2025-06-12 23:42:00,50.7
2025-06-12 03:39:00,10.6
2025-06-12 19:03:00,55.2
2025-06-12 11:47:00,48.7
2025-06-12 17:27:00,49.82591552591553
2025-06-12 12:59:00,18.3
2025-06-12 18:49:00,73.9
2025-06-12 14:15:00,8.7
2025-06-12 00:28:00,31.8
2025-06-12 14:33:00,23.6
2025-06-12 18:09:00,67.7
2025-06-12 20:39:00,75.2
2025-06-12 17:23:00,74.8
2025-06-12 08:38:00,49.82591552591553
2025-06-12 12:18:00,83.3
2025-06-12 12:31:00,53.3
2025-06-12 21:47:00,79.7
2025-06-12 15:12:00,49.82591552591553
2025-06-12 18:21:00,5.9
2025-06-12 17:54:00,99.3
2025-06-12 07:12:00,94.0
2025-06-12 07:30:00,69.0
2025-06-12 18:28:00,37.7
2025-06-12 04:39:00,61.8
2025-06-12 08:27:00,81.0
2025-06-12 01:04:00,62.0
2025-06-12 12:53:00,7.3
2025-06-12 16:00:00,20.8
2025-06-12 20:47:00,77.7
2025-06-12 06:06:00,49.82591552591553
2025-06-12 18:55:00,60.2
2025-06-12 14:19:00,34.2
2025-06-12 22:17:00,13.1
2025-06-12 23:44:00,77.2
2025-06-12 07:34:00,83.8
2025-06-12 17:08:00,12.5
2025-06-12 15:34:00,73.3
2025-06-12 08:21:00,49.82591552591553
2025-06-12 21:07:00,44.3
2025-06-12 02:58:00,49.82591552591553
2025-06-12 20:24:00,47.0
2025-06-12 03:01:00,87.9
2025-06-12 07:41:00,75.2
2025-06-12 15:20:00,97.6
2025-06-12 15:36:00,57.4
2025-06-12 02:02:00,16.0
2025-06-12 09:21:00,11.4
2025-06-12 21:53:00,60.5
2025-06-12 23:50:00,49.82591552591553
2025-06-12 09:12:00,56.7
2025-06-12 06:03:00,55.7
2025-06-12 20:07:00,12.0
2025-06-12 13:54:00,4.6
2025-06-12 10:58:00,43.7
2025-06-12 06:44:00,70.6
2025-06-12 13:22:00,75.4
2025-06-12 13:59:00,49.2
2025-06-12 07:51:00,62.0
2025-06-12 08:02:00,90.3
2025-06-12 19:36:00,49.82264106490752
2025-06-12 08:26:00,10.4
2025-06-12 09:47:00,63.8
2025-06-12 17:00:00,82.1
2025-06-12 01:19:00,3.3
2025-06-12 10:26:00,18.8
2025-06-12 13:52:00,89.5
2025-06-12 01:12:00,49.82264106490752
2025-06-12 04:39:00,60.2
2025-06-12 08:50:00,46.0
2025-06-12 11:09:00,5.7
2025-06-12 05:42:00,35.2
2025-06-12 06:40:00,18.3
2025-06-12 01:42:00,54.4
2025-06-12 13:41:00,49.82264106490752
2025-06-12 20:00:00,49.82264106490752
2025-06-12 03:30:00,37.8
2025-06-12 23:13:00,78.8
2025-06-12 18:39:00,49.82264106490752
2025-06-12 19:52:00,7.5
2025-06-12 01:37:00,92.3
2025-06-12 16:43:00,36.1
2025-06-12 14:43:00,90.4
2025-06-12 15:31:00,2.1
2025-06-12 04:00:00,49.2
2025-06-12 21:12:00,79.9
2025-06-12 10:53:00,55.7
2025-06-12 08:07:00,85.1
2025-06-12 09:24:00,21.7
2025-06-12 05:36:00,49.1
2025-06-12 17:25:00,20.3
2025-06-12 13:27:00,48.8
2025-06-12 16:35:00,81.7
2025-06-12 01:13:00,49.82264106490752
2025-06-12 17:48:00,12.8
2025-06-12 00:09:00,79.8
2025-06-12 09:09:00,70.5
2025-06-12 13:21:00,78.7
2025-06-12 17:44:00,81.9
2025-06-12 12:51:00,18.1
2025-06-12 18:36:00,46.5
2025-06-12 21:03:00,69.4
2025-06-12 00:40:00,58.1
2025-06-12 06:21:00,49.82264106490752
2025-06-12 14:15:00,11.7
2025-06-12 01:16:00,96.9
2025-06-12 05:02:00,49.82264106490752
2025-06-12 18:57:00,60.4
2025-06-12 15:22:00,2.0
2025-06-12 19:05:00,5.7
2025-06-12 07:04:00,49.82264106490752
2025-06-12 05:03:00,49.82264106490752
2025-06-12 13:43:00,93.2
2025-06-12 13:40:00,67.6
2025-06-12 22:34:00,14.4
2025-06-12 19:20:00,91.9
2025-06-12 11:37:00,13.0
2025-06-12 00:25:00,49.82264106490752
2025-06-12 07:25:00,58.6
2025-06-12 09:18:00,45.6
2025-06-12 08:00:00,49.82264106490752
2025-06-12 11:39:00,80.4
2025-06-12 10:06:00,49.82264106490752
2025-06-12 03:36:00,44.7
2025-06-12 18:58:00,87.9
2025-06-12 22:12:00,49.82264106490752
2025-06-12 19:51:00,16.5
2025-06-12 06:52:00,95.8
2025-06-12 14:29:00,73.7
2025-06-12 15:27:00,20.4
2025-06-12 15:30:00,53.6
2025-06-12 03:09:00,10.3
2025-06-12 12:46:00,68.5
2025-06-12 04:59:00,84.7
2025-06-12 13:51:00,74.7
2025-06-12 20:29:00,36.6
2025-06-12 12:40:00,78.4
2025-06-12 10:37:00,57.9
2025-06-12 02:04:00,4.1
2025-06-12 07:21:00,39.5
2025-06-12 17:16:00,38.4
2025-06-12 01:39:00,17.6
2025-06-12 00:06:00,24.7
2025-06-12 21:02:00,49.82264106490752
2025-06-12 15:43:00,10.0
2025-06-12 15:59:00,60.8
2025-06-12 11:32:00,49.82264106490752
2025-06-12 11:43:00,8.4
2025-06-12 16:14:00,76.8
2025-06-12 10:05:00,41.6
2025-06-12 11:34:00,13.1
2025-06-12 03:02:00,68.2
2025-06-12 16:24:00,80.1
2025-06-12 18:37:00,47.7
2025-06-12 03:37:00,21.7
2025-06-12 01:50:00,50.0
2025-06-12 02:24:00,62.7
2025-06-12 21:28:00,2.6
2025-06-12 02:37:00,38.8
2025-06-12 11:26:00,27.2
2025-06-12 00:45:00,59.5
2025-06-12 23:03:00,82.4
2025-06-12 02:48:00,10.9
2025-06-12 19:09:00,49.82264106490752
2025-06-12 03:50:00,8.6
2025-06-12 01:14:00,68.6
2025-06-12 05:45:00,2.9
2025-06-12 22:33:00,65.2
2025-06-12 20:55:00,9.9
2025-06-12 22:19:00,93.3
2025-06-12 22:37:00,49.82264106490752
2025-06-12 06:35:00,83.6
2025-06-12 09:53:00,15.0
2025-06-12 13:37:00,5.0
2025-06-12 20:26:00,9.6
2025-06-12 02:35:00,49.82264106490752
2025-06-12 02:38:00,60.4
2025-06-12 02:34:00,29.5
2025-06-12 19:10:00,67.4
2025-06-12 07:59:00,88.5
2025-06-12 17:38:00,87.6
2025-06-12 09:13:00,35.9
2025-06-12 04:17:00,49.82264106490752
2025-06-12 12:07:00,87.3
2025-06-12 04:29:00,59.7
2025-06-12 21:57:00,2.3
2025-06-12 07:01:00,52.7
2025-06-12 17:34:00,15.5
2025-06-12 18:33:00,80.6
2025-06-12 18:23:00,76.3
2025-06-12 22:52:00,20.4
2025-06-12 19:57:00,12.5
2025-06-12 14:59:00,21.6
2025-06-12 22:27:00,6.4
2025-06-12 03:26:00,30.7
2025-06-12 10:00:00,9.0
2025-06-12 17:23:00,27.5
2025-06-12 06:39:00,49.82264106490752
2025-06-12 21:42:00,49.82264106490752
2025-06-12 15:02:00,58.2
2025-06-12 00:26:00,49.82264106490752
2025-06-12 19:32:00,48.7
2025-06-12 07:14:00,49.82264106490752
2025-06-12 11:03:00,2.4
2025-06-12 04:58:00,33.3
2025-06-12 23:40:00,1.3
2025-06-12 10:08:00,57.2
2025-06-12 14:08:00,34.9
2025-06-12 00:49:00,42.6
2025-06-12 13:45:00,49.82264106490752
2025-06-12 14:13:00,49.82264106490752
2025-06-12 00:34:00,88.9
2025-06-12 20:49:00,49.82264106490752
2025-06-12 00:44:00,3.8
2025-06-12 04:15:00,47.3
2025-06-12 19:58:00,4.6
2025-06-12 09:19:00,14.1
2025-06-12 14:06:00,49.82264106490752
2025-06-12 21:10:00,49.82264106490752
2025-06-12 15:11:00,56.2
2025-06-12 17:33:00,96.9
2025-06-12 19:53:00,49.82264106490752
2025-06-12 14:34:00,48.5
2025-06-12 21:38:00,48.8
2025-06-12 14:05:00,1.2
2025-06-12 10:21:00,49.82264106490752
2025-06-12 23:53:00,8.7
2025-06-12 00:15:00,45.2
2025-06-12 09:06:00,49.82264106490752
2025-06-12 08:20:00,49.82264106490752
2025-06-12 05:54:00,49.82264106490752
2025-06-12 15:29:00,11.1
2025-06-12 16:15:00,49.82264106490752
2025-06-12 06:04:00,64.7
2025-06-12 22:36:00,68.6
2025-06-12 01:31:00,5.4
2025-06-12 11:44:00,37.7
2025-06-12 10:09:00,94.0
2025-06-12 07:06:00,66.5
2025-06-12 12:37:00,32.4
2025-06-12 17:19:00,3.2
2025-06-12 14:55:00,90.2
2025-06-12 15:39:00,7.9
2025-06-12 19:26:00,49.82264106490752
2025-06-12 07:39:00,49.82264106490752
2025-06-12 06:06:00,5.6
2025-06-12 03:14:00,82.6
2025-06-12 06:32:00,63.2
2025-06-12 17:13:00,23.1
2025-06-12 04:23:00,15.7
2025-06-12 06:33:00,73.7
2025-06-12 23:36:00,49.82264106490752
2025-06-12 02:23:00,8.6
2025-06-12 13:00:00,96.8
2025-06-12 03:16:00,5.5
2025-06-12 05:32:00,56.0
2025-06-12 21:39:00,87.8
2025-06-12 16:30:00,41.0
2025-06-12 10:46:00,55.4
2025-06-12 14:56:00,74.0
2025-06-12 15:55:00,38.4
2025-06-12 17:54:00,49.82264106490752
2025-06-12 14:57:00,52.3
2025-06-12 14:12:00,62.7
2025-06-12 10:18:00,85.8
2025-06-12 09:28:00,91.7
2025-06-12 12:52:00,34.8
2025-06-12 07:11:00,19.5
2025-06-12 17:14:00,9.3
2025-06-12 08:54:00,13.4
2025-06-12 09:59:00,71.8
2025-06-12 14:01:00,19.3
2025-06-12 18:46:00,3.1
2025-06-12 07:13:00,49.82264106490752
2025-06-12 22:11:00,48.8
2025-06-12 12:36:00,3.0
2025-06-12 18:28:00,14.0
2025-06-12 09:14:00,49.82264106490752
2025-06-12 00:52:00,37.4
2025-06-12 21:31:00,96.7
2025-06-12 18:30:00,32.6
2025-06-12 17:01:00,49.82264106490752
2025-06-12 15:32:00,11.4
2025-06-12 07:54:00,28.3
2025-06-12 16:57:00,3.0
2025-06-12 17:51:00,49.82264106490752
2025-06-12 01:55:00,58.3
2025-06-12 06:45:00,81.9
2025-06-12 23:08:00,69.5
2025-06-12 08:29:00,15.4
2025-06-12 02:10:00,49.2
2025-06-12 17:10:00,67.3
2025-06-12 06:47:00,61.1
2025-06-12 03:51:00,75.5
2025-06-12 20:01:00,49.82264106490752
2025-06-12 16:31:00,49.82264106490752
2025-06-12 20:05:00,88.7
2025-06-12 03:29:00,35.2
2025-06-12 15:25:00,4.6
2025-06-12 05:04:00,98.4
2025-06-12 13:07:00,86.6
2025-06-12 09:01:00,64.9
2025-06-12 10:43:00,83.5
2025-06-12 10:10:00,9.1
2025-06-12 11:20:00,85.5
2025-06-12 17:24:00,21.5
2025-06-12 00:50:00,66.2
2025-06-12 14:04:00,43.0
2025-06-12 15:45:00,49.82264106490752
2025-06-12 00:19:00,43.6
2025-06-12 19:38:00,46.0
2025-06-12 07:02:00,30.2
2025-06-12 23:35:00,49.1
2025-06-12 08:22:00,46.9
2025-06-12 16:33:00,1.8
2025-06-12 02:01:00,3.3
2025-06-12 06:30:00,6.4
2025-06-12 00:16:00,2.8
2025-06-12 19:02:00,19.9
2025-06-12 08:12:00,21.9
2025-06-12 16:18:00,10.0
2025-06-12 20:31:00,82.5
2025-06-12 19:42:00,40.1
2025-06-12 04:18:00,49.82264106490752
2025-06-12 19:00:00,86.3
2025-06-12 08:28:00,29.5
2025-06-12 19:18:00,1.1
2025-06-12 10:07:00,44.6
2025-06-12 08:24:00,20.0
2025-06-12 20:19:00,75.0
2025-06-12 22:18:00,52.6
2025-06-12 15:14:00,85.5
2025-06-12 20:48:00,50.2
2025-06-12 17:40:00,25.8
2025-06-12 15:49:00,37.8
2025-06-12 21:15:00,49.82264106490752
2025-06-12 07:42:00,8.1
2025-06-12 21:50:00,20.8
2025-06-12 11:50:00,45.5
2025-06-12 01:02:00,49.82264106490752
2025-06-12 19:23:00,24.9
2025-06-12 20:36:00,22.8
2025-06-12 04:50:00,46.9
2025-06-12 18:43:00,1.8
2025-06-12 16:38:00,41.2
2025-06-12 13:17:00,26.4
2025-06-12 00:54:00,73.1
2025-06-12 15:38:00,80.8
2025-06-12 18:56:00,86.4
2025-06-12 16:09:00,91.8
2025-06-12 11:46:00,49.82264106490752
2025-06-12 22:41:00,49.82264106490752
2025-06-12 06:07:00,53.9
2025-06-12 08:08:00,11.1
2025-06-12 14:41:00,14.6
2025-06-12 05:28:00,90.1
2025-06-12 11:28:00,57.7
2025-06-12 10:02:00,57.8
2025-06-12 17:29:00,63.6
2025-06-12 11:58:00,30.8
2025-06-12 06:15:00,21.5
2025-06-12 11:23:00,2.9
2025-06-12 01:36:00,86.9
2025-06-12 00:35:00,18.1
2025-06-12 00:52:00,63.3
2025-06-12 19:21:00,73.4
2025-06-12 12:34:00,95.7
2025-06-12 15:33:00,38.5
2025-06-12 21:00:00,66.0
2025-06-12 11:03:00,78.9
2025-06-12 17:56:00,92.3
2025-06-12 03:18:00,18.2
2025-06-12 15:16:00,9.6
2025-06-12 04:07:00,60.9
2025-06-12 13:07:00,33.4
2025-06-12 14:25:00,94.4
2025-06-12 02:01:00,0.6
2025-06-12 12:20:00,49.73505924170616
2025-06-12 23:05:00,91.6
2025-06-12 05:58:00,34.4
2025-06-12 18:34:00,52.0
2025-06-12 16:39:00,76.3
2025-06-12 03:39:00,62.8
2025-06-12 13:23:00,36.3
2025-06-12 19:01:00,30.9
2025-06-12 22:44:00,68.7
2025-06-12 11:04:00,16.4
2025-06-12 09:24:00,19.4
2025-06-12 14:12:00,49.73505924170616
2025-06-12 01:04:00,48.3
2025-06-12 14:31:00,50.9
2025-06-12 20:49:00,49.73505924170616
2025-06-12 06:52:00,20.6
2025-06-12 04:08:00,60.7
2025-06-12 14:34:00,45.9
2025-06-12 00:10:00,24.3
2025-06-12 06:42:00,49.73505924170616
2025-06-12 00:25:00,15.3
2025-06-12 19:44:00,76.8
2025-06-12 17:55:00,26.9
2025-06-12 22:39:00,96.9
2025-06-12 10:45:00,64.5
2025-06-12 22:10:00,2.6
2025-06-12 21:46:00,72.7
2025-06-12 11:36:00,1.8
2025-06-12 10:14:00,6.1
2025-06-12 20:42:00,49.73505924170616
2025-06-12 21:54:00,82.6
2025-06-12 17:26:00,92.9
2025-06-12 15:07:00,78.4
2025-06-12 10:11:00,81.4
2025-06-12 06:47:00,71.5
2025-06-12 16:37:00,92.4
2025-06-12 07:54:00,15.3
2025-06-12 06:12:00,49.6
2025-06-12 07:36:00,49.73505924170616
2025-06-12 16:56:00,57.3
2025-06-12 01:39:00,68.1
2025-06-12 20:09:00,62.6
2025-06-12 21:23:00,52.0
2025-06-12 19:14:00,91.2
2025-06-12 15:54:00,70.5
2025-06-12 08:14:00,49.73505924170616
2025-06-12 11:48:00,22.4
2025-06-12 19:45:00,7.8
2025-06-12 15:11:00,3.2
2025-06-12 09:50:00,49.73505924170616
2025-06-12 04:14:00,31.3
2025-06-12 19:58:00,85.5
2025-06-12 02:22:00,17.7
2025-06-12 22:20:00,7.3
2025-06-12 12:49:00,52.0
2025-06-12 05:25:00,29.4
2025-06-12 07:48:00,83.5
2025-06-12 12:18:00,49.73505924170616
2025-06-12 15:25:00,83.0
2025-06-12 19:06:00,59.5
2025-06-12 07:13:00,49.73505924170616
2025-06-12 01:28:00,86.0
2025-06-12 16:55:00,86.0
2025-06-12 05:56:00,70.1
2025-06-12 18:12:00,36.2
2025-06-12 09:35:00,51.0
2025-06-12 00:14:00,34.2
2025-06-12 13:01:00,13.4
2025-06-12 07:17:00,71.3
2025-06-12 13:20:00,36.1
2025-06-12 19:04:00,58.1
2025-06-12 10:53:00,9.2
2025-06-12 04:00:00,87.3
2025-06-12 19:53:00,48.7
2025-06-12 14:26:00,58.8
2025-06-12 02:14:00,97.1
2025-06-12 07:39:00,74.2
2025-06-12 00:03:00,15.8
2025-06-12 12:05:00,17.2
2025-06-12 09:22:00,49.73505924170616
2025-06-12 06:49:00,28.2
2025-06-12 02:49:00,70.2
2025-06-12 16:42:00,75.8
2025-06-12 21:25:00,34.8
2025-06-12 07:44:00,28.7
2025-06-12 05:39:00,74.3
2025-06-12 17:22:00,91.9
2025-06-12 10:26:00,2.7
2025-06-12 08:49:00,57.0
2025-06-12 00:58:00,2.1
2025-06-12 10:07:00,45.1
2025-06-12 19:18:00,36.2
2025-06-12 07:08:00,29.4
2025-06-12 08:52:00,0.9
2025-06-12 12:48:00,4.3
2025-06-12 09:39:00,35.5
2025-06-12 14:36:00,26.0
2025-06-12 02:37:00,79.9
2025-06-12 22:49:00,59.1
2025-06-12 15:15:00,26.5
2025-06-12 02:17:00,15.8
2025-06-12 04:22:00,11.2
2025-06-12 21:36:00,67.9
2025-06-12 03:21:00,32.6
2025-06-12 13:32:00,61.4
2025-06-12 18:57:00,17.7
2025-06-12 01:57:00,34.7
2025-06-12 08:00:00,35.6
2025-06-12 16:01:00,49.73505924170616
2025-06-12 22:19:00,16.0
2025-06-12 08:08:00,1.0
2025-06-12 05:37:00,20.3
2025-06-12 18:05:00,33.7
2025-06-12 04:45:00,36.9
2025-06-12 12:54:00,21.2
2025-06-12 04:38:00,28.8
2025-06-12 15:59:00,50.1
2025-06-12 05:40:00,48.4
2025-06-12 05:34:00,61.7
2025-06-12 06:17:00,20.8
2025-06-12 15:56:00,42.6
2025-06-12 05:33:00,31.6
2025-06-12 03:04:00,44.1
2025-06-12 08:07:00,51.2
2025-06-12 15:29:00,10.2
2025-06-12 18:04:00,6.4
2025-06-12 20:50:00,49.73505924170616
2025-06-12 01:14:00,49.73505924170616
2025-06-12 15:14:00,12.3
2025-06-12 05:46:00,49.73505924170616
2025-06-12 03:13:00,81.1
2025-06-12 08:11:00,91.2
2025-06-12 13:26:00,49.73505924170616
2025-06-12 05:45:00,51.8
2025-06-12 02:34:00,82.4
2025-06-12 13:14:00,14.5
2025-06-12 05:16:00,25.3
2025-06-12 13:36:00,44.5
2025-06-12 18:20:00,62.8
2025-06-12 12:26:00,16.8
2025-06-12 06:22:00,3.3
2025-06-12 12:31:00,49.4
2025-06-12 08:55:00,91.4
2025-06-12 10:54:00,92.8
2025-06-12 17:54:00,49.73505924170616
2025-06-12 21:08:00,90.4
2025-06-12 23:10:00,52.8
2025-06-12 14:00:00,67.2
2025-06-12 09:59:00,86.1
2025-06-12 12:51:00,44.4
2025-06-12 17:48:00,42.9
2025-06-12 21:20:00,0.3
2025-06-12 11:38:00,25.2
2025-06-12 10:38:00,25.9
2025-06-12 20:02:00,36.3
2025-06-12 11:33:00,43.4
2025-06-12 00:33:00,2.8
2025-06-12 19:19:00,23.1
2025-06-12 17:17:00,40.2
2025-06-12 23:30:00,18.5
2025-06-12 06:21:00,88.1
2025-06-12 17:47:00,49.73505924170616
2025-06-12 05:19:00,93.8
2025-06-12 12:15:00,72.8
2025-06-12 09:03:00,46.6
2025-06-12 22:34:00,42.9
2025-06-12 17:33:00,10.3
2025-06-12 16:33:00,49.73505924170616
2025-06-12 11:24:00,32.9
2025-06-12 21:24:00,10.8
2025-06-12 14:58:00,85.1
2025-06-12 12:00:00,12.1
2025-06-12 13:48:00,62.7
2025-06-12 18:02:00,30.3
2025-06-12 01:01:00,47.2
2025-06-12 16:04:00,0.2
2025-06-12 06:32:00,70.6
2025-06-12 15:58:00,31.2
2025-06-12 20:48:00,9.5
2025-06-12 00:28:00,47.0
2025-06-12 07:23:00,49.73505924170616
2025-06-12 11:44:00,5.2
2025-06-12 07:45:00,54.4
2025-06-12 03:40:00,25.2
2025-06-12 15:40:00,53.6
2025-06-12 20:17:00,44.2
2025-06-12 22:46:00,42.5
2025-06-12 07:34:00,82.5
2025-06-12 11:05:00,49.73505924170616
2025-06-12 01:08:00,49.73505924170616
2025-06-12 06:50:00,49.0
2025-06-12 16:14:00,49.73505924170616
2025-06-12 21:14:00,22.3
2025-06-12 14:22:00,84.3
2025-06-12 12:19:00,5.6
2025-06-12 21:40:00,74.6
2025-06-12 23:37:00,35.8
2025-06-12 13:53:00,1.3
2025-06-12 06:44:00,48.1
2025-06-12 04:25:00,49.73505924170616
2025-06-12 04:57:00,54.3
2025-06-12 17:10:00,49.73505924170616
2025-06-12 18:28:00,0.9
2025-06-12 10:30:00,16.4
2025-06-12 02:12:00,38.5
2025-06-12 19:49:00,41.2
2025-06-12 23:54:00,49.73505924170616
2025-06-12 14:33:00,45.6
2025-06-12 21:34:00,16.0
2025-06-12 05:05:00,4.3
2025-06-12 17:02:00,27.9
2025-06-12 11:55:00,92.1
2025-06-12 13:22:00,97.9
2025-06-12 14:39:00,55.9
2025-06-12 00:26:00,83.0
2025-06-12 02:08:00,53.8
2025-06-12 12:44:00,99.7
2025-06-12 10:17:00,82.4
2025-06-12 09:41:00,5.0
2025-06-12 22:54:00,49.73505924170616
2025-06-12 04:32:00,88.8
2025-06-12 17:05:00,88.6
2025-06-12 01:32:00,6.9
2025-06-12 00:27:00,41.8
2025-06-12 03:36:00,74.6
2025-06-12 02:59:00,20.0
2025-06-12 22:00:00,17.5
2025-06-12 22:26:00,90.2
2025-06-12 08:01:00,49.73505924170616
2025-06-12 06:57:00,93.2
2025-06-12 20:36:00,35.7
2025-06-12 11:25:00,49.73505924170616
2025-06-12 17:52:00,49.73505924170616
2025-06-12 21:49:00,77.9
2025-06-12 00:18:00,87.5
2025-06-12 00:53:00,83.0
2025-06-12 16:59:00,91.8
2025-06-12 14:18:00,3.4
2025-06-12 14:08:00,36.7
2025-06-12 12:16:00,38.0
2025-06-12 23:46:00,29.9
2025-06-12 21:27:00,67.5
2025-06-12 00:40:00,41.9
2025-06-12 09:36:00,49.73505924170616
2025-06-12 20:58:00,49.73505924170616
2025-06-12 13:35:00,31.9
2025-06-12 16:51:00,69.3
2025-06-12 10:55:00,48.7
2025-06-12 21:31:00,22.4
2025-06-12 02:50:00,80.6
2025-06-12 08:40:00,67.5
2025-06-12 13:25:00,85.6
2025-06-12 08:05:00,70.6
2025-06-12 05:42:00,92.8
2025-06-12 19:19:00,66.6
2025-06-12 14:42:00,18.4
2025-06-12 23:15:00,28.3
2025-06-12 00:37:00,54.1
2025-06-12 16:16:00,2.3
2025-06-12 01:09:00,60.1
2025-06-12 00:41:00,50.04950773558369
2025-06-12 00:03:00,43.2
2025-06-12 19:56:00,31.0
2025-06-12 11:14:00,25.4
2025-06-12 02:51:00,92.8
2025-06-12 09:02:00,30.9
2025-06-12 10:58:00,84.2
2025-06-12 17:23:00,81.0
2025-06-12 19:03:00,13.2
2025-06-12 22:36:00,39.7
2025-06-12 08:21:00,40.0
2025-06-12 07:19:00,36.9
2025-06-12 06:46:00,49.6
2025-06-12 13:59:00,93.4
2025-06-12 11:01:00,18.1
2025-06-12 05:10:00,33.7
2025-06-12 12:22:00,21.5
2025-06-12 23:42:00,26.2
2025-06-12 06:00:00,27.5
2025-06-12 19:32:00,50.04950773558369
2025-06-12 04:46:00,51.2
2025-06-12 03:11:00,58.4
2025-06-12 16:25:00,50.04950773558369
2025-06-12 13:29:00,94.6
2025-06-12 13:47:00,50.04950773558369
2025-06-12 14:52:00,25.7
2025-06-12 16:33:00,73.7
2025-06-12 06:21:00,21.1
2025-06-12 14:05:00,50.04950773558369
2025-06-12 21:46:00,60.6
2025-06-12 06:56:00,96.1
2025-06-12 14:09:00,38.2
2025-06-12 18:16:00,50.04950773558369
2025-06-12 01:55:00,35.9
2025-06-12 15:54:00,39.2
2025-06-12 18:41:00,80.2
2025-06-12 02:19:00,87.9
2025-06-12 11:37:00,86.4
2025-06-12 18:06:00,89.4
2025-06-12 20:17:00,90.3
2025-06-12 01:29:00,26.1
2025-06-12 12:43:00,93.3
2025-06-12 01:36:00,37.8
2025-06-12 09:22:00,76.2
2025-06-12 13:05:00,30.6
2025-06-12 08:18:00,77.8
2025-06-12 01:00:00,27.9
2025-06-12 20:47:00,52.7
2025-06-12 22:40:00,6.2
2025-06-12 02:27:00,1.6
2025-06-12 18:04:00,58.7
2025-06-12 13:02:00,92.4
2025-06-12 17:54:00,44.1
2025-06-12 19:30:00,50.04950773558369
2025-06-12 01:03:00,71.1
2025-06-12 05:34:00,71.0
2025-06-12 17:46:00,13.0
2025-06-12 08:00:00,9.5
2025-06-12 09:38:00,86.4
2025-06-12 18:53:00,53.5
2025-06-12 20:05:00,30.2
2025-06-12 07:14:00,36.8
2025-06-12 14:00:00,99.1
2025-06-12 20:55:00,84.4
2025-06-12 04:52:00,36.7
2025-06-12 15:41:00,50.04950773558369
2025-06-12 14:07:00,50.04950773558369
2025-06-12 15:16:00,46.1
2025-06-12 01:41:00,50.04950773558369
2025-06-12 06:44:00,21.9
2025-06-12 17:05:00,7.0
2025-06-12 05:41:00,4.1
2025-06-12 17:47:00,75.8
2025-06-12 22:27:00,88.6
2025-06-12 02:06:00,47.9
2025-06-12 01:51:00,88.8
2025-06-12 23:54:00,51.6
2025-06-12 23:03:00,98.8
2025-06-12 03:41:00,10.1
2025-06-12 20:34:00,97.7
2025-06-12 20:40:00,73.5
2025-06-12 06:04:00,78.5
2025-06-12 02:58:00,50.04950773558369
2025-06-12 01:27:00,63.8
2025-06-12 14:38:00,72.5
2025-06-12 15:32:00,53.3
2025-06-12 00:42:00,60.5
2025-06-12 08:56:00,28.5
2025-06-12 09:26:00,94.7
2025-06-12 16:28:00,52.9
2025-06-12 12:52:00,50.04950773558369
2025-06-12 10:53:00,50.04950773558369
2025-06-12 07:32:00,6.1
2025-06-12 17:55:00,19.2
2025-06-12 09:12:00,59.0
2025-06-12 02:01:00,16.7
2025-06-12 01:16:00,50.04950773558369
2025-06-12 23:16:00,30.3
2025-06-12 17:22:00,42.8
2025-06-12 04:45:00,68.1
2025-06-12 23:17:00,51.2
2025-06-12 20:52:00,50.04950773558369
2025-06-12 07:48:00,81.7
2025-06-12 19:51:00,50.04950773558369
2025-06-12 16:34:00,88.5
2025-06-12 02:35:00,97.0
2025-06-12 03:32:00,37.9
2025-06-12 02:28:00,50.04950773558369
2025-06-12 06:48:00,97.3
2025-06-12 19:26:00,69.9
2025-06-12 11:26:00,53.0
2025-06-12 12:31:00,19.1
2025-06-12 09:30:00,80.0
2025-06-12 20:58:00,21.8
2025-06-12 19:46:00,41.6
2025-06-12 07:44:00,77.1
2025-06-12 12:07:00,50.04950773558369
2025-06-12 16:31:00,53.8
2025-06-12 13:28:00,32.0
2025-06-12 04:39:00,22.5
2025-06-12 16:42:00,12.0
2025-06-12 15:28:00,50.04950773558369
2025-06-12 06:19:00,73.2
2025-06-12 14:40:00,25.7
2025-06-12 08:53:00,50.04950773558369
2025-06-12 10:47:00,72.0
2025-06-12 06:34:00,5.1
2025-06-12 18:35:00,80.4
2025-06-12 03:28:00,50.04950773558369
2025-06-12 16:26:00,95.2
2025-06-12 10:43:00,50.04950773558369
2025-06-12 02:31:00,15.1
2025-06-12 23:39:00,98.1
2025-06-12 03:45:00,55.1
2025-06-12 23:51:00,23.6
2025-06-12 09:36:00,28.8
2025-06-12 05:55:00,50.04950773558369
2025-06-12 06:18:00,35.5
2025-06-12 11:15:00,1.8
2025-06-12 02:05:00,68.9
2025-06-12 17:53:00,6.6
2025-06-12 22:51:00,16.4
2025-06-12 00:07:00,42.8
2025-06-12 05:05:00,53.7
2025-06-12 06:58:00,2.0
2025-06-12 15:11:00,73.3
2025-06-12 09:27:00,50.04950773558369
2025-06-12 18:09:00,64.2
2025-06-12 15:40:00,40.2
2025-06-12 04:20:00,99.5
2025-06-12 05:00:00,4.0
2025-06-12 10:22:00,97.0
2025-06-12 05:12:00,10.9
2025-06-12 12:08:00,29.4
2025-06-12 00:51:00,77.5
2025-06-12 07:27:00,50.04950773558369
2025-06-12 12:19:00,84.8
2025-06-12 03:42:00,50.04950773558369
2025-06-12 23:41:00,84.6
2025-06-12 04:30:00,63.0
2025-06-12 09:45:00,48.7
2025-06-12 23:13:00,78.4
2025-06-12 08:23:00,71.5
2025-06-12 16:09:00,50.04950773558369
2025-06-12 13:23:00,50.04950773558369
2025-06-12 15:13:00,81.2
2025-06-12 04:00:00,57.9
2025-06-12 01:37:00,22.4
2025-06-12 11:45:00,91.5
2025-06-12 19:01:00,2.3
2025-06-12 23:36:00,50.04950773558369
2025-06-12 09:52:00,13.3
2025-06-12 13:00:00,77.4
2025-06-12 01:46:00,50.04950773558369
2025-06-12 18:25:00,12.2
2025-06-12 14:11:00,52.4
2025-06-12 02:09:00,64.9
2025-06-12 23:49:00,50.04950773558369
2025-06-12 06:47:00,70.8
2025-06-12 20:23:00,50.04950773558369
2025-06-12 19:04:00,69.2
2025-06-12 11:33:00,57.6
2025-06-12 08:47:00,0.4
2025-06-12 14:50:00,5.8
2025-06-12 18:02:00,95.0
2025-06-12 13:42:00,81.0
2025-06-12 19:54:00,43.5
2025-06-12 22:14:00,68.0
2025-06-12 06:23:00,26.4
2025-06-12 13:46:00,67.6
2025-06-12 10:11:00,31.1
2025-06-12 06:37:00,50.04950773558369
2025-06-12 10:41:00,48.9
2025-06-12 15:20:00,50.04950773558369
2025-06-12 05:29:00,50.04950773558369
2025-06-12 19:33:00,50.04950773558369
2025-06-12 22:23:00,12.3
2025-06-12 16:41:00,7.4
2025-06-12 06:35:00,53.7
2025-06-12 20:19:00,50.04950773558369
2025-06-12 10:28:00,50.04950773558369
2025-06-12 04:41:00,78.1
2025-06-12 17:31:00,72.7
2025-06-12 20:10:00,61.3
2025-06-12 17:59:00,9.0
2025-06-12 05:36:00,90.0
2025-06-12 15:05:00,95.2
2025-06-12 17:01:00,38.9
2025-06-12 14:37:00,61.6
2025-06-12 09:42:00,16.8
2025-06-12 19:20:00,50.04950773558369
2025-06-12 08:24:00,40.7
2025-06-12 23:04:00,64.1
2025-06-12 15:45:00,95.3
2025-06-12 16:24:00,93.9
2025-06-12 20:43:00,60.6
2025-06-12 09:15:00,95.9
2025-06-12 03:58:00,40.2
2025-06-12 06:32:00,48.9
2025-06-12 04:50:00,50.04950773558369
2025-06-12 05:16:00,71.6
2025-06-12 18:30:00,79.7
2025-06-12 03:15:00,7.9
2025-06-12 11:24:00,91.5
2025-06-12 19:42:00,50.04950773558369
2025-06-12 18:08:00,60.0
2025-06-12 14:36:00,10.2
2025-06-12 21:01:00,36.7
2025-06-12 01:17:00,50.04950773558369
2025-06-12 17:15:00,21.5
2025-06-12 15:49:00,87.1
2025-06-12 17:41:00,2.7
2025-06-12 21:38:00,50.04950773558369
2025-06-12 00:19:00,56.5
2025-06-12 07:09:00,89.5
2025-06-12 10:45:00,24.7
2025-06-12 02:59:00,7.6
2025-06-12 07:56:00,79.0
2025-06-12 07:34:00,50.04950773558369
2025-06-12 01:48:00,24.7
2025-06-12 10:25:00,51.3
2025-06-12 08:29:00,74.8
2025-06-12 13:35:00,53.2
2025-06-12 01:20:00,50.04950773558369
2025-06-12 16:40:00,82.3
2025-06-12 02:47:00,76.1
2025-06-12 21:43:00,45.2
2025-06-12 07:08:00,12.8
2025-06-12 08:12:00,1.0
2025-06-12 07:01:00,13.0
2025-06-12 08:26:00,91.4
2025-06-12 08:07:00,50.04950773558369
2025-06-12 12:11:00,87.6
2025-06-12 20:16:00,50.04950773558369
2025-06-12 14:16:00,74.2
2025-06-12 15:38:00,74.1
2025-06-12 12:03:00,94.2
2025-06-12 18:36:00,56.1
2025-06-12 19:57:00,65.8
2025-06-12 05:50:00,19.6
2025-06-12 00:13:00,61.0
2025-06-12 07:35:00,25.1
2025-06-12 04:36:00,6.4
2025-06-12 03:37:00,70.9
2025-06-12 05:48:00,46.8
2025-06-12 08:48:00,9.3
2025-06-12 00:15:00,3.1
2025-06-12 11:47:00,98.2
2025-06-12 23:56:00,33.6
2025-06-12 15:19:00,85.1
2025-06-12 08:57:00,50.04950773558369
2025-06-12 10:59:00,51.5
2025-06-12 09:39:00,11.1
2025-06-12 22:39:00,75.1
2025-06-12 12:49:00,50.04950773558369
2025-06-12 15:58:00,68.0
2025-06-12 22:56:00,97.5
2025-06-12 23:32:00,49.9
2025-06-12 12:32:00,19.5
2025-06-12 13:57:00,50.04950773558369
2025-06-12 18:26:00,26.1
2025-06-12 13:31:00,61.1
2025-06-12 11:56:00,83.0
2025-06-12 16:27:00,50.04950773558369
2025-06-12 01:02:00,42.5
2025-06-12 09:08:00,50.04950773558369
2025-06-12 22:43:00,52.1
2025-06-12 23:43:00,64.1
2025-06-12 16:08:00,62.1
2025-06-12 15:21:00,85.5
2025-06-12 01:39:00,50.04950773558369
2025-06-12 05:02:00,37.1
2025-06-12 21:11:00,0.5
2025-06-12 03:10:00,62.2
2025-06-12 01:12:00,49.64720650636492
2025-06-12 12:13:00,71.5
2025-06-12 09:28:00,85.2
2025-06-12 17:32:00,94.5
2025-06-12 22:11:00,6.0
2025-06-12 05:25:00,11.0
2025-06-12 02:18:00,21.5
2025-06-12 07:23:00,16.6
2025-06-12 02:06:00,67.0
2025-06-12 10:16:00,9.4
2025-06-12 12:01:00,57.6
2025-06-12 23:22:00,76.5
2025-06-12 00:46:00,49.64720650636492
2025-06-12 10:02:00,52.6
2025-06-12 13:15:00,26.0
2025-06-12 07:13:00,99.1
2025-06-12 14:37:00,76.3
2025-06-12 13:16:00,49.64720650636492
2025-06-12 02:25:00,8.3
2025-06-12 16:04:00,68.6
2025-06-12 14:44:00,63.0
2025-06-12 20:48:00,95.8
2025-06-12 08:57:00,43.8
2025-06-12 02:08:00,59.0
2025-06-12 08:03:00,25.6
2025-06-12 12:30:00,24.9
2025-06-12 17:36:00,49.64720650636492
2025-06-12 07:12:00,91.2
2025-06-12 03:24:00,12.9
2025-06-12 23:19:00,15.5
2025-06-12 18:51:00,38.2
2025-06-12 02:04:00,92.1
2025-06-12 19:09:00,0.4
2025-06-12 20:52:00,93.3
2025-06-12 05:57:00,43.7
2025-06-12 10:10:00,34.4
2025-06-12 22:59:00,49.64720650636492
2025-06-12 21:23:00,12.3
2025-06-12 04:23:00,7.0
2025-06-12 05:51:00,67.6
2025-06-12 22:43:00,14.4
2025-06-12 16:05:00,20.0
2025-06-12 16:11:00,49.64720650636492
2025-06-12 19:46:00,49.64720650636492
2025-06-12 05:26:00,41.6
2025-06-12 00:05:00,49.64720650636492
2025-06-12 15:32:00,49.64720650636492
2025-06-12 15:57:00,49.64720650636492
2025-06-12 06:45:00,82.6
2025-06-12 00:07:00,49.64720650636492
2025-06-12 21:34:00,12.5
2025-06-12 08:59:00,39.0
2025-06-12 05:27:00,32.4
2025-06-12 07:05:00,16.5
2025-06-12 14:54:00,35.9
2025-06-12 09:47:00,75.0
2025-06-12 10:06:00,84.7
2025-06-12 22:44:00,8.9
2025-06-12 07:16:00,39.2
2025-06-12 14:24:00,0.5
2025-06-12 16:53:00,93.4
2025-06-12 17:23:00,81.2
2025-06-12 20:29:00,49.64720650636492
2025-06-12 00:53:00,57.3
2025-06-12 19:16:00,29.5
2025-06-12 06:40:00,49.64720650636492
2025-06-12 11:59:00,45.6
2025-06-12 03:51:00,27.2
2025-06-12 17:02:00,23.0
2025-06-12 17:13:00,10.2
2025-06-12 00:36:00,63.1
2025-06-12 01:07:00,45.4
2025-06-12 04:16:00,49.64720650636492
2025-06-12 18:55:00,63.6
2025-06-12 19:36:00,23.7
2025-06-12 00:25:00,50.7
2025-06-12 06:15:00,49.64720650636492
2025-06-12 04:04:00,86.2
2025-06-12 21:42:00,90.1
2025-06-12 03:49:00,49.64720650636492
2025-06-12 03:23:00,38.0
2025-06-12 13:28:00,32.1
2025-06-12 12:07:00,49.64720650636492
2025-06-12 22:33:00,40.2
2025-06-12 06:28:00,29.9
2025-06-12 13:35:00,72.1
2025-06-12 21:19:00,13.6
2025-06-12 21:44:00,72.8
2025-06-12 16:02:00,65.4
2025-06-12 23:49:00,38.3
2025-06-12 22:07:00,54.0
2025-06-12 03:50:00,88.2
2025-06-12 16:15:00,41.8
2025-06-12 03:19:00,49.64720650636492
2025-06-12 19:34:00,23.0
2025-06-12 15:08:00,49.64720650636492
2025-06-12 09:03:00,87.4
2025-06-12 20:08:00,89.6
2025-06-12 06:13:00,6.2
2025-06-12 10:12:00,27.6
2025-06-12 13:42:00,49.64720650636492
2025-06-12 16:59:00,32.3
2025-06-12 08:37:00,69.6
2025-06-12 22:22:00,49.64720650636492
2025-06-12 07:55:00,65.2
2025-06-12 04:21:00,35.5
2025-06-12 21:59:00,86.7
2025-06-12 21:57:00,87.6
2025-06-12 23:04:00,49.64720650636492
2025-06-12 06:20:00,84.8
2025-06-12 13:20:00,71.4
2025-06-12 17:40:00,21.6
2025-06-12 00:57:00,49.64720650636492
2025-06-12 15:38:00,45.8
2025-06-12 04:43:00,52.6
2025-06-12 21:22:00,49.64720650636492
2025-06-12 22:17:00,88.0
2025-06-12 06:42:00,63.6
2025-06-12 19:19:00,31.2
2025-06-12 01:57:00,33.6
2025-06-12 14:21:00,27.7
2025-06-12 13:33:00,49.64720650636492
2025-06-12 12:53:00,56.4
2025-06-12 17:52:00,49.9
2025-06-12 02:38:00,95.5
2025-06-12 13:37:00,83.5
2025-06-12 22:20:00,77.3
2025-06-12 02:35:00,39.4
2025-06-12 14:31:00,51.4
2025-06-12 01:20:00,27.3
2025-06-12 10:51:00,51.6
2025-06-12 12:59:00,29.7
2025-06-12 09:30:00,14.5
2025-06-12 06:17:00,12.7
2025-06-12 03:27:00,49.64720650636492
2025-06-12 07:09:00,27.8
2025-06-12 18:26:00,49.64720650636492
2025-06-12 18:09:00,68.2
2025-06-12 02:51:00,71.7
2025-06-12 05:10:00,19.9
2025-06-12 23:13:00,57.0
2025-06-12 18:41:00,6.9
2025-06-12 10:04:00,35.7
2025-06-12 13:48:00,72.9
2025-06-12 01:58:00,97.7
2025-06-12 14:56:00,83.5
2025-06-12 06:30:00,49.64720650636492
2025-06-12 20:40:00,80.0
2025-06-12 11:25:00,33.5
2025-06-12 21:47:00,36.6
2025-06-12 00:47:00,49.64720650636492
2025-06-12 01:46:00,91.6
2025-06-12 14:42:00,78.5
2025-06-12 01:16:00,11.9
2025-06-12 15:14:00,64.7
2025-06-12 07:59:00,49.64720650636492
2025-06-12 20:50:00,2.8
2025-06-12 19:18:00,30.6
2025-06-12 13:26:00,38.6
2025-06-12 12:00:00,46.7
2025-06-12 08:10:00,1.2
2025-06-12 08:08:00,49.64720650636492
2025-06-12 00:18:00,47.4
2025-06-12 10:00:00,32.2
2025-06-12 21:41:00,91.8
2025-06-12 18:47:00,71.8
2025-06-12 12:39:00,49.64720650636492
2025-06-12 21:27:00,87.9
2025-06-12 03:59:00,36.4
2025-06-12 22:52:00,64.4
2025-06-12 12:20:00,82.2
2025-06-12 09:58:00,97.9
2025-06-12 10:49:00,94.8
2025-06-12 18:23:00,45.2
2025-06-12 16:55:00,24.9
2025-06-12 07:47:00,49.64720650636492
2025-06-12 02:17:00,49.64720650636492
2025-06-12 15:12:00,38.0
2025-06-12 06:51:00,89.2
2025-06-12 00:19:00,36.5
2025-06-12 14:07:00,2.6
2025-06-12 04:36:00,49.64720650636492
2025-06-12 08:17:00,69.9
2025-06-12 12:37:00,49.7
2025-06-12 22:53:00,87.0
2025-06-12 13:09:00,91.9
2025-06-12 10:05:00,69.9
2025-06-12 18:00:00,49.64720650636492
2025-06-12 03:31:00,69.4
2025-06-12 08:13:00,52.8
2025-06-12 17:01:00,59.0
2025-06-12 10:57:00,13.9
2025-06-12 12:45:00,48.8
2025-06-12 13:52:00,7.3
2025-06-12 04:26:00,3.5
2025-06-12 15:02:00,44.1
2025-06-12 03:54:00,49.64720650636492
2025-06-12 20:12:00,49.64720650636492
2025-06-12 07:36:00,62.9
2025-06-12 06:21:00,90.1
2025-06-12 05:16:00,60.1
2025-06-12 20:53:00,51.3
2025-06-12 02:26:00,5.4
2025-06-12 00:50:00,49.64720650636492
2025-06-12 17:14:00,18.3
2025-06-12 10:52:00,6.8
2025-06-12 11:11:00,17.1
2025-06-12 14:03:00,65.9
2025-06-12 16:10:00,49.64720650636492
2025-06-12 12:40:00,0.0
2025-06-12 06:07:00,14.5
2025-06-12 06:05:00,49.64720650636492
2025-06-12 20:41:00,34.3
2025-06-12 00:03:00,11.0
2025-06-12 22:19:00,66.4
2025-06-12 17:18:00,49.64720650636492
2025-06-12 06:44:00,86.6
2025-06-12 11:09:00,46.4
2025-06-12 10:07:00,93.2
2025-06-12 14:41:00,39.0
2025-06-12 07:42:00,84.3
2025-06-12 02:30:00,36.0
2025-06-12 15:03:00,12.1
2025-06-12 15:45:00,96.4
2025-06-12 19:58:00,94.3
2025-06-12 09:10:00,6.2
2025-06-12 00:30:00,49.64720650636492
2025-06-12 15:16:00,35.5
2025-06-12 09:18:00,43.1
2025-06-12 02:56:00,52.2
2025-06-12 21:30:00,97.7
2025-06-12 01:05:00,33.5
2025-06-12 18:33:00,26.9
2025-06-12 00:20:00,14.9
2025-06-12 02:54:00,49.6
2025-06-12 14:17:00,94.3
2025-06-12 20:10:00,49.64720650636492
2025-06-12 09:44:00,72.0
2025-06-12 04:10:00,60.6
2025-06-12 19:20:00,81.6
2025-06-12 07:41:00,47.5
2025-06-12 11:32:00,84.7
2025-06-12 05:43:00,41.3
2025-06-12 06:43:00,51.8
2025-06-12 01:19:00,24.2
2025-06-12 15:39:00,65.2
2025-06-12 19:07:00,72.6
2025-06-12 23:55:00,92.3
2025-06-12 05:52:00,28.2
2025-06-12 07:48:00,3.1
2025-06-12 04:59:00,21.2
2025-06-12 15:37:00,80.2
2025-06-12 01:21:00,88.0
2025-06-12 20:46:00,55.5
2025-06-12 01:47:00,74.6
2025-06-12 02:36:00,24.0
2025-06-12 14:14:00,66.0
2025-06-12 11:00:00,3.8
2025-06-12 08:39:00,69.2
2025-06-12 13:59:00,26.7
2025-06-12 07:30:00,90.3
2025-06-12 14:28:00,97.8
2025-06-12 05:07:00,45.5
2025-06-12 15:59:00,61.8
2025-06-12 01:25:00,82.5
2025-06-12 15:44:00,49.64720650636492
2025-06-12 21:50:00,0.6
2025-06-12 09:20:00,11.5
2025-06-12 20:58:00,3.7
2025-06-12 09:54:00,45.2
2025-06-12 21:08:00,99.1
2025-06-12 14:10:00,82.8
2025-06-12 14:26:00,21.6
2025-06-12 18:42:00,35.4
2025-06-12 14:45:00,4.8
2025-06-12 10:40:00,35.3
2025-06-12 08:45:00,44.6
2025-06-12 16:20:00,68.5
2025-06-12 18:14:00,37.7
2025-06-12 01:11:00,65.1
2025-06-12 04:11:00,91.7
2025-06-12 03:20:00,38.8
2025-06-12 14:33:00,9.6
2025-06-12 20:32:00,35.6
2025-06-12 08:52:00,36.6
2025-06-12 02:13:00,54.5
2025-06-12 09:48:00,46.7
2025-06-12 01:54:00,33.1
2025-06-12 20:43:00,6.5
2025-06-12 14:23:00,2.3
2025-06-12 06:23:00,43.6
2025-06-12 02:58:00,47.2
2025-06-12 16:54:00,16.8
2025-06-12 02:14:00,1.6
2025-06-12 22:23:00,71.1
2025-06-12 14:55:00,76.5
2025-06-12 07:08:00,13.9
2025-06-12 21:13:00,56.1
2025-06-12 00:54:00,20.4
2025-06-12 07:44:00,49.44888862615275
2025-06-12 15:40:00,88.6
2025-06-12 06:52:00,55.1
2025-06-12 23:38:00,49.44888862615275
2025-06-12 21:43:00,49.44888862615275
2025-06-12 10:43:00,44.0
2025-06-12 04:10:00,48.4
2025-06-12 12:50:00,1.8
2025-06-12 22:47:00,49.8
2025-06-12 00:57:00,85.5
2025-06-12 04:43:00,7.9
2025-06-12 05:10:00,49.44888862615275
2025-06-12 19:48:00,62.4
2025-06-12 04:36:00,33.7
2025-06-12 21:45:00,90.2
2025-06-12 22:45:00,40.6
2025-06-12 11:39:00,29.2
2025-06-12 20:21:00,23.3
2025-06-12 03:43:00,43.1
2025-06-12 22:22:00,16.0
2025-06-12 19:14:00,41.2
2025-06-12 20:14:00,89.5
2025-06-12 23:50:00,77.4
2025-06-12 20:42:00,47.1
2025-06-12 01:57:00,47.2
2025-06-12 14:38:00,9.6
2025-06-12 18:07:00,71.7
2025-06-12 09:32:00,18.7
2025-06-12 05:01:00,93.2
2025-06-12 10:44:00,86.4
2025-06-12 13:59:00,81.9
2025-06-12 00:51:00,60.8
2025-06-12 12:45:00,49.44888862615275
2025-06-12 01:36:00,74.9
2025-06-12 19:52:00,81.2
2025-06-12 22:20:00,66.1
2025-06-12 07:02:00,35.8
2025-06-12 18:21:00,67.6
2025-06-12 01:21:00,21.4
2025-06-12 20:53:00,39.6
2025-06-12 21:15:00,68.8
2025-06-12 17:29:00,73.9
2025-06-12 16:30:00,38.6
2025-06-12 15:55:00,98.6
2025-06-12 14:10:00,27.8
2025-06-12 12:51:00,83.6
2025-06-12 22:37:00,49.44888862615275
2025-06-12 17:37:00,58.6
2025-06-12 14:52:00,24.8
2025-06-12 09:19:00,21.8
2025-06-12 18:47:00,49.44888862615275
2025-06-12 12:31:00,49.44888862615275
2025-06-12 01:01:00,19.8
2025-06-12 17:12:00,49.44888862615275
2025-06-12 10:54:00,7.6
2025-06-12 01:24:00,63.7
2025-06-12 17:06:00,49.1
2025-06-12 09:58:00,58.7
2025-06-12 19:59:00,76.9
2025-06-12 10:32:00,21.4
2025-06-12 09:03:00,39.1
2025-06-12 05:26:00,55.4
2025-06-12 19:02:00,49.44888862615275
2025-06-12 02:18:00,42.1
2025-06-12 11:48:00,1.2
2025-06-12 12:10:00,49.44888862615275
2025-06-12 03:05:00,46.7
2025-06-12 04:39:00,28.2
2025-06-12 17:27:00,80.6
2025-06-12 18:10:00,49.44888862615275
2025-06-12 07:17:00,87.6
2025-06-12 17:31:00,80.1
2025-06-12 23:35:00,97.6
2025-06-12 08:39:00,75.5
2025-06-12 16:35:00,66.6
2025-06-12 09:12:00,1.6
2025-06-12 06:46:00,49.44888862615275
2025-06-12 17:26:00,3.1
2025-06-12 06:19:00,49.44888862615275
2025-06-12 05:37:00,99.4
2025-06-12 02:42:00,74.6
2025-06-12 04:09:00,8.9
2025-06-12 06:10:00,41.0
2025-06-12 20:31:00,26.0
2025-06-12 03:27:00,2.0
2025-06-12 15:31:00,75.4
2025-06-12 01:42:00,62.9
2025-06-12 08:52:00,12.5
2025-06-12 08:04:00,49.44888862615275
2025-06-12 15:18:00,37.0
2025-06-12 17:10:00,79.3
2025-06-12 20:23:00,69.2
2025-06-12 18:43:00,30.1
2025-06-12 18:44:00,76.6
2025-06-12 13:27:00,67.3
2025-06-12 06:40:00,61.5
2025-06-12 14:25:00,88.0
2025-06-12 14:36:00,26.9
2025-06-12 03:02:00,25.4
2025-06-12 20:47:00,35.8
2025-06-12 10:52:00,75.1
2025-06-12 00:21:00,57.0
2025-06-12 20:09:00,53.1
2025-06-12 12:06:00,92.9
2025-06-12 10:10:00,6.0
2025-06-12 06:33:00,49.6
2025-06-12 17:30:00,64.0
2025-06-12 03:14:00,43.2
2025-06-12 20:34:00,95.5
2025-06-12 17:40:00,49.44888862615275
2025-06-12 21:14:00,49.44888862615275
2025-06-12 04:01:00,20.6
2025-06-12 08:33:00,78.8
2025-06-12 13:06:00,54.8
2025-06-12 20:45:00,40.7
2025-06-12 21:17:00,49.44888862615275
2025-06-12 21:37:00,35.8
2025-06-12 01:47:00,3.6
2025-06-12 16:06:00,57.4
2025-06-12 17:17:00,91.1
2025-06-12 08:29:00,14.7
2025-06-12 18:45:00,56.4
2025-06-12 23:25:00,96.2
2025-06-12 13:53:00,77.2
2025-06-12 20:03:00,71.0
2025-06-12 05:41:00,7.4
2025-06-12 13:25:00,61.6
2025-06-12 04:35:00,54.0
2025-06-12 19:18:00,57.0
2025-06-12 17:02:00,17.2
2025-06-12 09:40:00,11.5
2025-06-12 18:55:00,17.8
2025-06-12 13:45:00,26.7
2025-06-12 09:33:00,38.9
2025-06-12 14:30:00,49.44888862615275
2025-06-12 16:20:00,48.7
2025-06-12 17:43:00,87.0
2025-06-12 10:03:00,6.7
2025-06-12 10:04:00,58.6
2025-06-12 04:54:00,75.5
2025-06-12 14:14:00,57.8
2025-06-12 11:13:00,81.8
2025-06-12 03:42:00,5.3
2025-06-12 17:18:00,37.1
2025-06-12 22:27:00,49.44888862615275
2025-06-12 02:47:00,38.1
2025-06-12 00:08:00,64.5
2025-06-12 11:45:00,49.44888862615275
2025-06-12 14:15:00,49.7
2025-06-12 03:56:00,32.9
2025-06-12 13:02:00,22.9
2025-06-12 07:47:00,36.0
2025-06-12 15:15:00,51.2
2025-06-12 02:43:00,42.5
2025-06-12 19:47:00,53.6
2025-06-12 21:55:00,39.0
2025-06-12 00:47:00,56.3
2025-06-12 14:58:00,14.8
2025-06-12 05:33:00,54.2
2025-06-12 12:54:00,99.3
2025-06-12 05:00:00,2.6
2025-06-12 21:54:00,43.0
2025-06-12 16:23:00,6.4
2025-06-12 00:58:00,49.44888862615275
2025-06-12 07:04:00,71.3
2025-06-12 16:22:00,30.7
2025-06-12 10:45:00,97.8
2025-06-12 13:09:00,17.6
2025-06-12 17:19:00,56.8
2025-06-12 22:02:00,23.6
2025-06-12 05:48:00,62.3
2025-06-12 02:26:00,25.5
2025-06-12 18:01:00,75.8
2025-06-12 17:07:00,24.2
2025-06-12 15:16:00,78.4
2025-06-12 21:28:00,57.6
2025-06-12 14:57:00,25.0
2025-06-12 12:40:00,49.44888862615275
2025-06-12 12:42:00,87.3
2025-06-12 18:57:00,49.44888862615275
2025-06-12 10:05:00,49.44888862615275
2025-06-12 10:47:00,49.44888862615275
2025-06-12 19:40:00,4.9
2025-06-12 10:36:00,49.44888862615275
2025-06-12 14:33:00,81.1
2025-06-12 07:45:00,89.3
2025-06-12 04:48:00,61.0
2025-06-12 04:55:00,17.1
2025-06-12 06:08:00,32.2
2025-06-12 16:46:00,28.4
2025-06-12 09:05:00,0.0
2025-06-12 15:52:00,13.3
2025-06-12 13:07:00,49.44888862615275
2025-06-12 07:18:00,66.9
2025-06-12 12:49:00,49.44888862615275
2025-06-12 10:24:00,40.3
2025-06-12 13:18:00,49.44888862615275
2025-06-12 20:26:00,77.9
2025-06-12 12:22:00,97.2
2025-06-12 22:03:00,56.5
2025-06-12 06:05:00,72.4
2025-06-12 18:30:00,28.6
2025-06-12 22:52:00,86.6
2025-06-12 20:18:00,48.9
2025-06-12 15:49:00,93.6
2025-06-12 23:55:00,14.8
2025-06-12 00:32:00,13.8
2025-06-12 20:15:00,59.4
2025-06-12 10:21:00,49.44888862615275
2025-06-12 07:27:00,49.44888862615275
2025-06-12 03:46:00,94.4
2025-06-12 15:13:00,40.8
2025-06-12 15:20:00,32.3
2025-06-12 18:56:00,27.8
2025-06-12 19:53:00,77.8
2025-06-12 07:09:00,93.8
2025-06-12 14:09:00,2.1
2025-06-12 12:24:00,21.3
2025-06-12 11:50:00,55.8
2025-06-12 22:12:00,7.2
2025-06-12 02:05:00,71.4
2025-06-12 03:39:00,11.9
2025-06-12 21:20:00,85.8
2025-06-12 05:25:00,69.2
2025-06-12 02:24:00,50.6
2025-06-12 06:51:00,77.1
2025-06-12 03:53:00,42.9
2025-06-12 08:31:00,25.0
2025-06-12 12:03:00,49.44888862615275
2025-06-12 20:04:00,34.4
2025-06-12 06:42:00,91.2
2025-06-12 14:42:00,8.0
2025-06-12 10:25:00,1.9
2025-06-12 20:52:00,0.7
2025-06-12 15:45:00,53.3
2025-06-12 20:36:00,58.7
2025-06-12 22:21:00,52.2
2025-06-12 04:57:00,49.44888862615275
2025-06-12 23:06:00,24.6
2025-06-12 21:49:00,35.9
2025-06-12 14:49:00,69.7
2025-06-12 23:53:00,67.8
2025-06-12 06:49:00,57.3
2025-06-12 14:34:00,77.3
2025-06-12 09:49:00,49.44888862615275
2025-06-12 11:35:00,43.0
2025-06-12 09:00:00,49.44888862615275
2025-06-12 13:35:00,78.3
2025-06-12 13:12:00,55.7
2025-06-12 20:39:00,44.3
2025-06-12 14:02:00,10.2
2025-06-12 19:01:00,4.7
2025-06-12 18:37:00,80.9
2025-06-12 06:53:00,99.4
2025-06-12 23:37:00,37.2
2025-06-12 01:45:00,44.7
2025-06-12 13:56:00,14.7
2025-06-12 07:33:00,50.4
2025-06-12 12:41:00,85.4
2025-06-12 13:20:00,5.5
2025-06-12 22:06:00,87.7
2025-06-12 11:42:00,49.44888862615275
2025-06-12 01:50:00,53.1
2025-06-12 17:57:00,49.44888862615275
2025-06-12 01:06:00,49.44888862615275
2025-06-12 07:38:00,38.4
2025-06-12 21:04:00,39.8
2025-06-12 09:18:00,55.1
2025-06-12 11:53:00,51.3
2025-06-12 14:29:00,26.0
2025-06-12 06:12:00,98.2
2025-06-12 20:38:00,14.1
2025-06-12 03:28:00,49.44888862615275
2025-06-12 07:56:00,98.0
2025-06-12 00:11:00,86.1
2025-06-12 11:20:00,83.4
2025-06-12 17:33:00,49.44888862615275
2025-06-12 19:37:00,61.3
2025-06-12 03:17:00,26.8
2025-06-12 00:49:00,60.1
2025-06-12 14:00:00,3.2
2025-06-12 21:01:00,64.9
2025-06-12 14:37:00,77.3
2025-06-12 00:53:00,49.44888862615275
2025-06-12 19:55:00,22.9
2025-06-12 19:32:00,33.2
2025-06-12 16:42:00,49.44888862615275
2025-06-12 16:36:00,84.1
2025-06-12 22:55:00,95.4
2025-06-12 17:52:00,72.5
2025-06-12 10:06:00,70.6
2025-06-12 07:38:00,96.9
2025-06-12 03:25:00,58.7
2025-06-12 15:23:00,59.1
2025-06-12 22:26:00,34.5
2025-06-12 12:00:00,92.6
2025-06-12 15:26:00,91.5
2025-06-12 02:09:00,85.1
2025-06-12 01:06:00,57.1
2025-06-12 02:27:00,55.4
2025-06-12 22:45:00,76.1
2025-06-12 04:33:00,11.2
2025-06-12 14:42:00,87.7
2025-06-12 03:13:00,47.9
2025-06-12 08:49:00,8.0
2025-06-12 02:51:00,23.5
2025-06-12 05:17:00,84.4
2025-06-12 07:35:00,66.3
2025-06-12 11:04:00,92.9
2025-06-12 18:58:00,45.5
2025-06-12 09:51:00,98.6
2025-06-12 08:12:00,98.8
2025-06-12 06:03:00,49.953150620754265
2025-06-12 00:04:00,16.0
2025-06-12 00:22:00,96.9
2025-06-12 21:40:00,49.953150620754265
2025-06-12 03:36:00,1.2
2025-06-12 11:39:00,64.0
2025-06-12 09:39:00,85.2
2025-06-12 05:41:00,62.4
2025-06-12 15:12:00,49.953150620754265
2025-06-12 22:51:00,31.8
2025-06-12 12:37:00,22.2
2025-06-12 02:06:00,47.4
2025-06-12 09:11:00,7.5
2025-06-12 19:24:00,35.7
2025-06-12 13:24:00,70.2
2025-06-12 19:36:00,77.4
2025-06-12 10:37:00,46.7
2025-06-12 05:54:00,49.953150620754265
2025-06-12 17:03:00,63.2
2025-06-12 22:14:00,39.9
2025-06-12 07:59:00,18.7
2025-06-12 10:24:00,23.6
2025-06-12 14:09:00,48.4
2025-06-12 03:38:00,63.8
2025-06-12 17:39:00,83.4
2025-06-12 01:19:00,49.953150620754265
2025-06-12 16:56:00,38.0
2025-06-12 18:23:00,24.6
2025-06-12 03:09:00,49.953150620754265
2025-06-12 07:32:00,57.5
2025-06-12 23:41:00,52.2
2025-06-12 14:03:00,32.5
2025-06-12 21:18:00,28.8
2025-06-12 12:13:00,74.6
2025-06-12 00:13:00,90.1
2025-06-12 13:03:00,45.7
2025-06-12 23:04:00,40.7
2025-06-12 23:14:00,71.4
2025-06-12 01:51:00,49.953150620754265
2025-06-12 07:06:00,49.953150620754265
2025-06-12 15:18:00,71.8
2025-06-12 20:00:00,94.7
2025-06-12 07:49:00,24.3
2025-06-12 05:50:00,1.9
2025-06-12 16:53:00,83.9
2025-06-12 20:50:00,36.0
2025-06-12 23:32:00,1.4
2025-06-12 06:47:00,87.2
2025-06-12 16:00:00,68.6
2025-06-12 00:33:00,73.7
2025-06-12 18:12:00,99.0
2025-06-12 01:17:00,98.2
2025-06-12 21:00:00,67.6
2025-06-12 08:32:00,30.6
2025-06-12 15:59:00,97.8
2025-06-12 20:25:00,26.8
2025-06-12 19:25:00,49.953150620754265
2025-06-12 18:32:00,1.5
2025-06-12 16:37:00,99.5
2025-06-12 17:44:00,21.2
2025-06-12 22:30:00,61.1
2025-06-12 04:02:00,98.9
2025-06-12 11:34:00,60.1
2025-06-12 12:58:00,53.0
2025-06-12 04:50:00,73.9
2025-06-12 18:40:00,74.7
2025-06-12 15:15:00,3.5
2025-06-12 05:19:00,18.5
2025-06-12 05:45:00,21.8
2025-06-12 18:10:00,77.3
2025-06-12 09:17:00,52.9
2025-06-12 15:37:00,6.8
2025-06-12 10:58:00,94.1
2025-06-12 23:31:00,76.8
2025-06-12 12:43:00,99.9
2025-06-12 13:56:00,13.9
2025-06-12 09:12:00,4.7
2025-06-12 12:32:00,93.0
2025-06-12 19:49:00,49.953150620754265
2025-06-12 22:41:00,14.5
2025-06-12 08:16:00,51.1
2025-06-12 00:41:00,82.8
2025-06-12 13:38:00,21.6
2025-06-12 08:19:00,91.5
2025-06-12 20:10:00,100.0
2025-06-12 05:03:00,16.1
2025-06-12 23:03:00,16.7
2025-06-12 03:48:00,68.9
2025-06-12 20:01:00,9.3
2025-06-12 19:06:00,82.0
2025-06-12 06:21:00,49.953150620754265
2025-06-12 17:43:00,91.8
2025-06-12 07:23:00,55.3
2025-06-12 12:07:00,94.0
2025-06-12 10:09:00,3.2
2025-06-12 10:08:00,49.953150620754265
2025-06-12 05:24:00,49.953150620754265
2025-06-12 03:24:00,58.6
2025-06-12 11:36:00,68.0
2025-06-12 06:23:00,78.5
2025-06-12 22:20:00,61.6
2025-06-12 07:19:00,49.953150620754265
2025-06-12 07:00:00,6.1
2025-06-12 16:44:00,15.9
2025-06-12 07:58:00,24.1
2025-06-12 16:21:00,8.3
2025-06-12 10:38:00,49.953150620754265
2025-06-12 15:50:00,60.9
2025-06-12 13:45:00,20.0
2025-06-12 01:37:00,94.0
2025-06-12 00:36:00,71.1
2025-06-12 17:02:00,31.1
2025-06-12 02:00:00,92.8
2025-06-12 19:16:00,69.8
2025-06-12 01:21:00,12.8
2025-06-12 13:26:00,5.8
2025-06-12 22:13:00,7.1
2025-06-12 12:09:00,33.1
2025-06-12 09:34:00,49.953150620754265
2025-06-12 03:18:00,46.7
2025-06-12 19:40:00,62.2
2025-06-12 00:35:00,46.7
2025-06-12 06:30:00,85.4
2025-06-12 21:54:00,35.8
2025-06-12 09:36:00,49.953150620754265
2025-06-12 13:47:00,64.1
2025-06-12 21:59:00,6.0
2025-06-12 23:35:00,49.953150620754265
2025-06-12 08:28:00,24.8
2025-06-12 01:22:00,47.9
2025-06-12 07:43:00,56.1
2025-06-12 01:16:00,12.0
2025-06-12 16:07:00,49.0
2025-06-12 19:27:00,8.6
2025-06-12 07:29:00,56.2
2025-06-12 19:15:00,49.953150620754265
2025-06-12 01:10:00,22.9
2025-06-12 06:52:00,7.8
2025-06-12 08:55:00,10.8
2025-06-12 14:14:00,21.9
2025-06-12 06:29:00,50.2
2025-06-12 04:49:00,77.6
2025-06-12 08:38:00,49.953150620754265
2025-06-12 13:41:00,82.7
2025-06-12 07:31:00,77.0
2025-06-12 01:48:00,45.8
2025-06-12 04:21:00,51.9
2025-06-12 07:30:00,19.5
2025-06-12 00:57:00,49.953150620754265
2025-06-12 10:01:00,93.3
2025-06-12 19:55:00,56.1
2025-06-12 18:37:00,41.9
2025-06-12 23:09:00,57.1
2025-06-12 10:25:00,37.5
2025-06-12 08:02:00,53.4
2025-06-12 03:30:00,20.0
2025-06-12 19:32:00,54.4
2025-06-12 13:35:00,74.9
2025-06-12 22:19:00,21.4
2025-06-12 15:00:00,7.7
2025-06-12 07:10:00,57.7
2025-06-12 14:31:00,53.1
2025-06-12 16:59:00,14.9
2025-06-12 12:57:00,49.953150620754265
2025-06-12 21:52:00,34.1
2025-06-12 06:27:00,10.2
2025-06-12 10:48:00,49.953150620754265
2025-06-12 18:24:00,52.6
2025-06-12 06:36:00,33.9
2025-06-12 06:05:00,49.953150620754265
2025-06-12 21:14:00,15.0
2025-06-12 04:06:00,42.0
2025-06-12 09:27:00,56.3
2025-06-12 19:23:00,46.0
2025-06-12 01:26:00,76.0
2025-06-12 04:12:00,68.2
2025-06-12 02:08:00,42.9
2025-06-12 12:55:00,21.2
2025-06-12 21:31:00,75.7
2025-06-12 15:38:00,49.953150620754265
2025-06-12 19:58:00,86.5
2025-06-12 14:02:00,92.6
2025-06-12 18:29:00,90.4
2025-06-12 00:28:00,77.0
2025-06-12 14:40:00,39.2
2025-06-12 13:21:00,0.6
2025-06-12 13:39:00,36.1
2025-06-12 22:23:00,79.8
2025-06-12 16:35:00,8.7
2025-06-12 20:28:00,49.953150620754265
2025-06-12 10:23:00,33.5
2025-06-12 01:27:00,49.953150620754265
2025-06-12 05:35:00,82.8
2025-06-12 03:51:00,41.9
2025-06-12 21:17:00,49.953150620754265
2025-06-12 06:58:00,75.0
2025-06-12 09:48:00,53.9
2025-06-12 21:25:00,49.953150620754265
2025-06-12 06:09:00,86.5
2025-06-12 20:23:00,56.1
2025-06-12 12:19:00,76.2
2025-06-12 11:53:00,59.8
2025-06-12 14:21:00,19.8
2025-06-12 17:22:00,93.2
2025-06-12 22:58:00,92.5
2025-06-12 00:39:00,50.1
2025-06-12 13:14:00,8.9
2025-06-12 01:11:00,66.1
2025-06-12 02:44:00,25.7
2025-06-12 14:36:00,77.6
2025-06-12 22:43:00,49.953150620754265
2025-06-12 20:52:00,89.9
2025-06-12 04:47:00,49.953150620754265
2025-06-12 02:10:00,80.1
2025-06-12 05:42:00,49.953150620754265
2025-06-12 11:32:00,2.2
2025-06-12 07:26:00,8.2
2025-06-12 02:03:00,49.953150620754265
2025-06-12 05:15:00,26.4
2025-06-12 10:42:00,10.3
2025-06-12 04:08:00,73.0
2025-06-12 09:15:00,54.8
2025-06-12 15:13:00,52.6
2025-06-12 09:22:00,97.6
2025-06-12 05:08:00,76.9
2025-06-12 05:43:00,34.3
2025-06-12 18:18:00,55.8
2025-06-12 22:09:00,63.3
2025-06-12 16:40:00,49.953150620754265
2025-06-12 14:49:00,49.953150620754265
2025-06-12 19:19:00,15.4
2025-06-12 19:28:00,91.1
2025-06-12 03:52:00,6.9
2025-06-12 10:56:00,13.8
2025-06-12 05:30:00,28.1
2025-06-12 09:52:00,13.3
2025-06-12 01:04:00,49.953150620754265
2025-06-12 06:57:00,2.5
2025-06-12 02:17:00,49.953150620754265
2025-06-12 07:16:00,64.4
2025-06-12 14:24:00,79.8
2025-06-12 04:29:00,93.3
2025-06-12 07:22:00,40.3
2025-06-12 11:13:00,79.8
2025-06-12 17:45:00,77.7
2025-06-12 13:55:00,61.7
2025-06-12 04:30:00,52.1
2025-06-12 04:15:00,49.953150620754265
2025-06-12 04:38:00,69.0
2025-06-12 23:28:00,74.8
2025-06-12 05:47:00,46.2
2025-06-12 02:42:00,27.6
2025-06-12 17:26:00,93.9
2025-06-12 07:56:00,14.5
2025-06-12 14:25:00,9.2
2025-06-12 06:53:00,27.1
2025-06-12 01:18:00,9.7
2025-06-12 07:13:00,49.953150620754265
2025-06-12 05:37:00,16.9
2025-06-12 21:49:00,16.5
2025-06-12 19:34:00,83.0
2025-06-12 06:42:00,49.953150620754265
2025-06-12 14:28:00,19.5
2025-06-12 02:34:00,21.5
2025-06-12 07:20:00,1.1
2025-06-12 03:11:00,74.8
2025-06-12 08:47:00,1.7
2025-06-12 16:57:00,59.3
2025-06-12 00:18:00,20.1
2025-06-12 23:15:00,49.58899212042808
2025-06-12 17:14:00,6.3
2025-06-12 00:09:00,49.58899212042808
2025-06-12 17:55:00,45.9
2025-06-12 21:38:00,73.6
2025-06-12 09:18:00,34.0
2025-06-12 05:12:00,40.6
2025-06-12 13:03:00,3.4
2025-06-12 03:36:00,5.0
2025-06-12 00:20:00,39.7
2025-06-12 06:29:00,49.58899212042808
2025-06-12 12:00:00,26.4
2025-06-12 02:58:00,74.1
2025-06-12 06:45:00,10.0
2025-06-12 20:26:00,29.6
2025-06-12 04:43:00,87.2
2025-06-12 03:27:00,49.9
2025-06-12 09:48:00,63.1
2025-06-12 19:00:00,49.58899212042808
2025-06-12 01:33:00,29.5
2025-06-12 18:25:00,49.58899212042808
2025-06-12 08:02:00,25.1
2025-06-12 02:54:00,65.6
2025-06-12 11:38:00,6.3
2025-06-12 02:40:00,81.1
2025-06-12 04:30:00,67.9
2025-06-12 10:24:00,49.58899212042808
2025-06-12 13:55:00,24.8
2025-06-12 08:47:00,49.58899212042808
2025-06-12 01:37:00,43.6
2025-06-12 09:08:00,7.0
2025-06-12 23:50:00,98.5
2025-06-12 19:56:00,98.4
2025-06-12 01:47:00,76.6
2025-06-12 13:12:00,39.6
2025-06-12 18:08:00,45.6
2025-06-12 11:06:00,38.5
2025-06-12 14:38:00,49.58899212042808
2025-06-12 22:50:00,9.3
2025-06-12 08:30:00,65.5
2025-06-12 01:53:00,49.58899212042808
2025-06-12 00:55:00,57.1
2025-06-12 23:33:00,71.5
2025-06-12 11:24:00,73.9
2025-06-12 15:09:00,85.2
2025-06-12 17:30:00,21.9
2025-06-12 01:23:00,35.9
2025-06-12 20:01:00,72.9
2025-06-12 07:33:00,15.5
2025-06-12 05:09:00,49.58899212042808
2025-06-12 06:52:00,11.4
2025-06-12 08:16:00,59.4
2025-06-12 16:35:00,49.58899212042808
2025-06-12 09:14:00,50.9
2025-06-12 23:09:00,47.7
2025-06-12 10:49:00,74.3
2025-06-12 09:33:00,31.8
2025-06-12 07:54:00,80.8
2025-06-12 08:39:00,34.1
2025-06-12 02:03:00,72.7
2025-06-12 18:33:00,70.1
2025-06-12 10:20:00,91.6
2025-06-12 10:27:00,86.6
2025-06-12 06:56:00,68.2
2025-06-12 11:33:00,40.8
2025-06-12 07:12:00,45.9
2025-06-12 05:28:00,52.8
2025-06-12 12:47:00,45.3
2025-06-12 01:39:00,96.5
2025-06-12 10:59:00,79.6
2025-06-12 20:45:00,19.2
2025-06-12 03:50:00,49.58899212042808
2025-06-12 14:37:00,44.3
2025-06-12 11:07:00,49.58899212042808
2025-06-12 01:55:00,99.3
2025-06-12 10:02:00,85.0
2025-06-12 07:19:00,81.1
2025-06-12 00:57:00,83.6
2025-06-12 10:46:00,53.9
2025-06-12 09:30:00,49.8
2025-06-12 15:32:00,83.5
2025-06-12 01:50:00,32.4
2025-06-12 11:35:00,20.6
2025-06-12 07:29:00,44.1
2025-06-12 22:47:00,97.8
2025-06-12 23:19:00,24.4
2025-06-12 09:02:00,42.5
2025-06-12 19:47:00,49.58899212042808
2025-06-12 17:11:00,49.58899212042808
2025-06-12 01:38:00,8.7
2025-06-12 02:09:00,3.9
2025-06-12 06:08:00,61.2
2025-06-12 08:53:00,49.58899212042808
2025-06-12 18:19:00,99.6
2025-06-12 16:55:00,25.2
2025-06-12 23:45:00,24.8
2025-06-12 17:33:00,20.4
2025-06-12 21:51:00,66.4
2025-06-12 23:38:00,49.58899212042808
2025-06-12 14:05:00,68.2
2025-06-12 20:05:00,49.58899212042808
2025-06-12 16:30:00,84.5
2025-06-12 16:03:00,32.6
2025-06-12 04:50:00,12.4
2025-06-12 08:09:00,26.4
2025-06-12 22:07:00,49.58899212042808
2025-06-12 04:42:00,30.2
2025-06-12 08:00:00,36.5
2025-06-12 09:22:00,99.7
2025-06-12 17:37:00,28.7
2025-06-12 21:58:00,68.8
2025-06-12 20:37:00,35.6
2025-06-12 21:07:00,66.9
2025-06-12 09:39:00,74.8
2025-06-12 18:32:00,86.5
2025-06-12 13:18:00,29.1
2025-06-12 06:42:00,89.9
2025-06-12 17:04:00,76.8
2025-06-12 01:15:00,16.2
2025-06-12 07:59:00,59.5
2025-06-12 08:20:00,21.5
2025-06-12 04:49:00,74.5
2025-06-12 09:44:00,34.4
2025-06-12 00:25:00,76.6
2025-06-12 01:24:00,49.58899212042808
2025-06-12 00:59:00,49.58899212042808
2025-06-12 18:05:00,1.1
2025-06-12 21:19:00,49.58899212042808
2025-06-12 18:26:00,73.1
2025-06-12 07:24:00,62.0
2025-06-12 14:15:00,18.4
2025-06-12 14:49:00,0.1
2025-06-12 04:06:00,71.7
2025-06-12 11:55:00,49.0
2025-06-12 16:17:00,84.5
2025-06-12 16:41:00,57.5
2025-06-12 06:19:00,43.6
2025-06-12 18:47:00,97.1
2025-06-12 14:43:00,28.9
2025-06-12 13:48:00,11.8
2025-06-12 16:13:00,78.6
2025-06-12 23:12:00,49.58899212042808
2025-06-12 23:55:00,48.9
2025-06-12 17:42:00,17.5
2025-06-12 19:38:00,75.4
2025-06-12 05:13:00,58.5
2025-06-12 19:03:00,95.1
2025-06-12 16:40:00,55.3
2025-06-12 21:42:00,46.2
2025-06-12 23:35:00,40.1
2025-06-12 19:43:00,35.2
2025-06-12 09:40:00,16.6
2025-06-12 17:47:00,51.6
2025-06-12 14:29:00,96.0
2025-06-12 22:36:00,49.58899212042808
2025-06-12 14:33:00,12.8
2025-06-12 10:04:00,79.5
2025-06-12 07:50:00,80.0
2025-06-12 12:07:00,93.2
2025-06-12 04:58:00,49.58899212042808
2025-06-12 22:03:00,28.6
2025-06-12 03:16:00,19.6
2025-06-12 23:08:00,83.8
2025-06-12 15:08:00,89.9
2025-06-12 16:20:00,57.5
2025-06-12 02:07:00,86.4
2025-06-12 20:39:00,71.8
2025-06-12 02:06:00,6.9
2025-06-12 13:21:00,62.8
2025-06-12 20:12:00,92.2
2025-06-12 17:05:00,37.2
2025-06-12 07:04:00,51.6
2025-06-12 18:20:00,13.0
2025-06-12 17:06:00,71.8
2025-06-12 02:57:00,58.7
2025-06-12 18:13:00,49.58899212042808
2025-06-12 08:55:00,97.3
2025-06-12 07:49:00,88.5
2025-06-12 12:33:00,75.6
2025-06-12 23:00:00,49.58899212042808
2025-06-12 17:51:00,37.0
2025-06-12 22:14:00,63.9
2025-06-12 21:35:00,11.1
2025-06-12 05:03:00,33.9
2025-06-12 17:15:00,22.1
2025-06-12 21:28:00,49.58899212042808
2025-06-12 14:22:00,68.8
2025-06-12 10:00:00,47.7
2025-06-12 13:37:00,93.9
2025-06-12 01:20:00,20.2
2025-06-12 22:41:00,92.4
2025-06-12 08:40:00,3.4
2025-06-12 05:53:00,27.6
2025-06-12 16:37:00,64.8
2025-06-12 11:49:00,96.7
2025-06-12 10:52:00,100.0
2025-06-12 03:37:00,49.58899212042808
2025-06-12 23:27:00,49.58899212042808
2025-06-12 03:07:00,35.2
2025-06-12 21:23:00,1.9
2025-06-12 16:51:00,7.0
2025-06-12 18:39:00,81.2
2025-06-12 23:51:00,9.3
2025-06-12 00:17:00,82.2
2025-06-12 14:40:00,19.0
2025-06-12 02:36:00,93.4
2025-06-12 07:42:00,49.58899212042808
2025-06-12 07:20:00,6.8
2025-06-12 19:08:00,22.9
2025-06-12 16:43:00,84.2
2025-06-12 17:08:00,3.2
2025-06-12 16:42:00,45.4
2025-06-12 07:41:00,23.6
2025-06-12 18:48:00,72.3
2025-06-12 06:39:00,52.8
2025-06-12 01:58:00,78.8
2025-06-12 18:53:00,30.3
2025-06-12 07:37:00,95.2
2025-06-12 17:50:00,49.58899212042808
2025-06-12 15:51:00,25.8
2025-06-12 04:32:00,41.7
2025-06-12 03:19:00,48.1
2025-06-12 23:53:00,56.1
2025-06-12 07:56:00,98.8
2025-06-12 06:02:00,25.8
2025-06-12 21:26:00,55.5
2025-06-12 15:07:00,49.58899212042808
2025-06-12 02:41:00,53.1
2025-06-12 12:34:00,49.58899212042808
2025-06-12 00:28:00,40.6
2025-06-12 13:01:00,16.9
2025-06-12 12:05:00,49.58899212042808
2025-06-12 01:51:00,97.5
2025-06-12 04:51:00,35.8
2025-06-12 15:19:00,70.6
2025-06-12 01:30:00,49.58899212042808
2025-06-12 05:10:00,60.8
2025-06-12 19:10:00,12.0
2025-06-12 00:29:00,95.7
2025-06-12 05:57:00,46.5
2025-06-12 23:11:00,7.3
2025-06-12 21:37:00,61.8
2025-06-12 23:04:00,15.9
2025-06-12 17:02:00,41.9
2025-06-12 19:54:00,67.6
2025-06-12 00:31:00,89.9
2025-06-12 19:11:00,49.58899212042808
2025-06-12 04:04:00,97.8
2025-06-12 18:04:00,83.1
2025-06-12 03:05:00,49.58899212042808
2025-06-12 03:22:00,70.7
2025-06-12 03:46:00,32.5
2025-06-12 04:33:00,96.3
2025-06-12 01:21:00,23.1
2025-06-12 11:15:00,43.0
2025-06-12 01:28:00,23.5
2025-06-12 21:36:00,49.58899212042808
2025-06-12 20:50:00,65.8
2025-06-12 02:21:00,73.2
2025-06-12 02:25:00,85.9
2025-06-12 02:42:00,73.9
2025-06-12 19:53:00,97.3
2025-06-12 02:08:00,4.0
2025-06-12 23:25:00,49.2
2025-06-12 21:53:00,20.2
2025-06-12 02:23:00,21.7
2025-06-12 22:05:00,65.5
2025-06-12 20:27:00,16.3
2025-06-12 08:35:00,26.7
2025-06-12 13:00:00,89.8
2025-06-12 06:41:00,11.1
2025-06-12 11:31:00,33.7
2025-06-12 10:41:00,92.7
2025-06-12 22:51:00,49.1
2025-06-12 00:10:00,86.9
2025-06-12 13:22:00,66.0
2025-06-12 03:38:00,49.58899212042808
2025-06-12 20:42:00,49.58899212042808
2025-06-12 00:14:00,26.7
2025-06-12 04:16:00,79.3
2025-06-12 19:20:00,67.8
2025-06-12 13:31:00,79.9
2025-06-12 21:15:00,74.1
2025-06-12 19:39:00,38.7
2025-06-12 10:47:00,49.58899212042808
2025-06-12 01:11:00,60.7
2025-06-12 05:56:00,81.7
2025-06-12 04:26:00,69.3
2025-06-12 11:26:00,32.2
2025-06-12 06:27:00,47.8
2025-06-12 22:42:00,25.1
2025-06-12 12:46:00,26.2
2025-06-12 22:24:00,23.3
2025-06-12 21:01:00,47.7
2025-06-12 13:39:00,15.8
2025-06-12 20:33:00,14.5
2025-06-12 06:49:00,59.2
2025-06-12 00:41:00,7.1
2025-06-12 23:34:00,92.0
2025-06-12 00:39:00,58.1
2025-06-12 21:52:00,89.0
2025-06-12 00:12:00,67.3
2025-06-12 17:40:00,66.2
2025-06-12 21:40:00,37.9
2025-06-12 19:02:00,93.4
2025-06-12 08:28:00,90.6
2025-06-12 01:07:00,42.4
2025-06-12 08:06:00,86.4
2025-06-12 08:44:00,56.0
2025-06-12 11:42:00,70.3
2025-06-12 06:06:00,83.3
2025-06-12 00:34:00,54.6
2025-06-12 06:05:00,87.9
2025-06-12 02:16:00,20.6
2025-06-12 03:29:00,91.8
2025-06-12 05:58:00,49.58899212042808
2025-06-12 19:36:00,24.2
2025-06-12 23:56:00,56.7
2025-06-12 10:21:00,24.5
2025-06-12 07:08:00,0.2
2025-06-12 19:50:00,61.0
2025-06-12 03:02:00,21.2
2025-06-12 07:05:00,58.2
2025-06-12 20:58:00,88.1
2025-06-12 05:05:00,12.3
2025-06-12 09:49:00,50.2977004785806
2025-06-12 15:19:00,60.3
2025-06-12 14:30:00,71.4
2025-06-12 00:44:00,37.2
2025-06-12 21:24:00,37.9
2025-06-12 01:49:00,24.3
2025-06-12 23:46:00,60.7
2025-06-12 12:56:00,81.2
2025-06-12 21:52:00,65.8
2025-06-12 18:40:00,41.7
2025-06-12 05:08:00,37.0
2025-06-12 08:39:00,89.5
2025-06-12 02:27:00,97.8
2025-06-12 08:45:00,50.2977004785806
2025-06-12 10:38:00,20.6
2025-06-12 00:29:00,60.8
2025-06-12 10:57:00,17.7
2025-06-12 10:14:00,55.6
2025-06-12 23:44:00,80.5
2025-06-12 14:59:00,64.8
2025-06-12 22:53:00,45.3
2025-06-12 14:22:00,34.5
2025-06-12 19:23:00,60.2
2025-06-12 15:24:00,17.9
2025-06-12 05:00:00,22.8
2025-06-12 21:08:00,33.8
2025-06-12 11:15:00,75.4
2025-06-12 22:48:00,50.2977004785806
2025-06-12 09:56:00,50.2977004785806
2025-06-12 00:18:00,94.5
2025-06-12 22:17:00,68.7
2025-06-12 06:22:00,17.0
2025-06-12 21:55:00,61.4
2025-06-12 12:36:00,56.8
2025-06-12 18:51:00,50.2977004785806
2025-06-12 21:54:00,50.2977004785806
2025-06-12 23:49:00,28.2
2025-06-12 18:06:00,64.0
2025-06-12 22:46:00,55.5
2025-06-12 16:14:00,50.2977004785806
2025-06-12 05:20:00,77.9
2025-06-12 12:48:00,62.6
2025-06-12 03:07:00,10.8
2025-06-12 09:10:00,57.0
2025-06-12 13:07:00,72.6
2025-06-12 02:04:00,31.9
2025-06-12 09:44:00,66.7
2025-06-12 09:42:00,80.1
2025-06-12 16:13:00,50.2977004785806
2025-06-12 19:49:00,35.2
2025-06-12 21:06:00,30.3
2025-06-12 08:43:00,20.4
2025-06-12 05:10:00,41.0
2025-06-12 05:09:00,46.6
2025-06-12 14:51:00,1.5
2025-06-12 14:09:00,32.1
2025-06-12 18:00:00,92.7
2025-06-12 20:05:00,18.7
2025-06-12 20:09:00,26.0
2025-06-12 08:13:00,49.8
2025-06-12 12:34:00,92.7
2025-06-12 23:10:00,50.2977004785806
2025-06-12 02:43:00,32.6
2025-06-12 01:19:00,74.6
2025-06-12 06:55:00,51.9
2025-06-12 08:35:00,99.8
2025-06-12 01:46:00,80.6
2025-06-12 03:37:00,65.8
2025-06-12 06:18:00,35.0
2025-06-12 19:31:00,2.6
2025-06-12 10:15:00,88.6
2025-06-12 12:17:00,50.3
2025-06-12 19:41:00,71.4
2025-06-12 13:09:00,11.7
2025-06-12 02:44:00,20.4
2025-06-12 21:16:00,98.7
2025-06-12 17:04:00,10.7
2025-06-12 07:14:00,71.1
2025-06-12 09:40:00,50.2977004785806
2025-06-12 14:10:00,64.3
2025-06-12 17:53:00,50.2977004785806
2025-06-12 19:30:00,39.9
2025-06-12 20:02:00,92.7
2025-06-12 03:09:00,21.3
2025-06-12 01:05:00,94.6
2025-06-12 02:48:00,66.6
2025-06-12 18:32:00,38.6
2025-06-12 13:12:00,50.9
2025-06-12 06:59:00,1.1
2025-06-12 16:41:00,19.1
2025-06-12 14:17:00,65.3
2025-06-12 09:07:00,50.2977004785806
2025-06-12 10:46:00,38.0
2025-06-12 00:55:00,85.1
2025-06-12 20:44:00,1.8
2025-06-12 09:33:00,18.5
2025-06-12 09:54:00,61.9
2025-06-12 00:00:00,50.2977004785806
2025-06-12 12:35:00,77.8
2025-06-12 04:58:00,97.0
2025-06-12 12:06:00,69.1
2025-06-12 12:54:00,50.2977004785806
2025-06-12 03:46:00,60.9
2025-06-12 11:57:00,99.1
2025-06-12 10:20:00,35.1
2025-06-12 18:14:00,2.1
2025-06-12 03:16:00,11.8
2025-06-12 03:28:00,66.5
2025-06-12 07:26:00,2.7
2025-06-12 02:58:00,73.0
2025-06-12 08:12:00,29.4
2025-06-12 16:34:00,82.3
2025-06-12 11:01:00,50.2977004785806
2025-06-12 18:49:00,93.3
2025-06-12 03:36:00,29.8
2025-06-12 03:13:00,62.7
2025-06-12 06:20:00,50.2977004785806
2025-06-12 02:22:00,13.6
2025-06-12 06:23:00,64.7
2025-06-12 14:41:00,93.8
2025-06-12 01:29:00,10.5
2025-06-12 21:09:00,11.9
2025-06-12 11:05:00,73.9
2025-06-12 19:06:00,27.2
2025-06-12 23:03:00,9.9
2025-06-12 17:00:00,43.2
2025-06-12 04:30:00,0.4
2025-06-12 22:12:00,40.1
2025-06-12 00:42:00,28.9
2025-06-12 07:42:00,37.2
2025-06-12 18:57:00,47.5
2025-06-12 00:51:00,50.2977004785806
2025-06-12 06:57:00,16.9
2025-06-12 12:52:00,51.7
2025-06-12 00:20:00,73.5
2025-06-12 06:53:00,89.0
2025-06-12 06:40:00,62.7
2025-06-12 23:14:00,98.2
2025-06-12 15:12:00,82.6
2025-06-12 17:01:00,25.6
2025-06-12 21:58:00,10.2
2025-06-12 12:02:00,98.5
2025-06-12 16:31:00,34.5
2025-06-12 02:36:00,70.3
2025-06-12 19:48:00,70.9
2025-06-12 04:41:00,32.0
2025-06-12 03:03:00,90.8
2025-06-12 17:33:00,14.5
2025-06-12 16:39:00,98.2
2025-06-12 02:05:00,19.6
2025-06-12 01:22:00,68.6
2025-06-12 13:05:00,11.4
2025-06-12 09:09:00,36.6
2025-06-12 19:22:00,11.8
2025-06-12 20:34:00,61.4
2025-06-12 11:18:00,61.8
2025-06-12 16:47:00,35.2
2025-06-12 10:07:00,90.4
2025-06-12 13:42:00,99.7
2025-06-12 16:04:00,3.8
2025-06-12 06:10:00,95.0
2025-06-12 15:11:00,96.1
2025-06-12 21:10:00,50.2977004785806
2025-06-12 15:02:00,65.0
2025-06-12 09:22:00,9.7
2025-06-12 23:39:00,50.2977004785806
2025-06-12 03:32:00,50.2977004785806
2025-06-12 23:57:00,91.6
2025-06-12 10:06:00,79.8
2025-06-12 04:50:00,65.9
2025-06-12 00:49:00,58.6
2025-06-12 22:02:00,98.2
2025-06-12 15:47:00,92.5
2025-06-12 00:19:00,13.2
2025-06-12 09:00:00,68.7
2025-06-12 01:54:00,54.2
2025-06-12 09:32:00,50.2977004785806
2025-06-12 22:07:00,50.2977004785806
2025-06-12 23:28:00,7.4
2025-06-12 22:41:00,78.2
2025-06-12 14:52:00,84.0
2025-06-12 03:04:00,37.7
2025-06-12 18:21:00,93.6
2025-06-12 13:44:00,16.3
2025-06-12 21:15:00,5.0
2025-06-12 14:11:00,21.0
2025-06-12 23:22:00,30.1
2025-06-12 17:24:00,4.9
2025-06-12 08:16:00,72.6
2025-06-12 04:22:00,50.2977004785806
2025-06-12 21:50:00,59.0
2025-06-12 12:28:00,61.4
2025-06-12 06:45:00,50.2977004785806
2025-06-12 15:21:00,58.8
2025-06-12 11:47:00,50.2977004785806
2025-06-12 17:22:00,82.4
2025-06-12 17:36:00,57.6
2025-06-12 03:14:00,48.4
2025-06-12 20:15:00,23.8
2025-06-12 00:40:00,47.2
2025-06-12 01:12:00,95.2
2025-06-12 15:22:00,65.8
2025-06-12 16:54:00,94.8
2025-06-12 00:13:00,14.4
2025-06-12 10:51:00,11.1
2025-06-12 22:20:00,96.1
2025-06-12 05:19:00,36.6
2025-06-12 13:27:00,30.3
2025-06-12 13:21:00,50.2977004785806
2025-06-12 03:43:00,50.2977004785806
2025-06-12 06:11:00,91.2
2025-06-12 19:19:00,6.0
2025-06-12 16:23:00,26.6
2025-06-12 08:10:00,40.1
2025-06-12 00:04:00,28.5
2025-06-12 07:04:00,45.3
2025-06-12 01:47:00,73.1
2025-06-12 08:05:00,50.2977004785806
2025-06-12 08:06:00,50.2977004785806
2025-06-12 07:20:00,97.8
2025-06-12 16:46:00,14.8
2025-06-12 15:48:00,73.8
2025-06-12 02:32:00,75.4
2025-06-12 01:25:00,8.1
2025-06-12 06:33:00,0.6
2025-06-12 06:08:00,69.5
2025-06-12 07:51:00,2.7
2025-06-12 23:24:00,98.4
2025-06-12 16:01:00,50.2977004785806
2025-06-12 04:21:00,82.1
2025-06-12 20:43:00,76.2
2025-06-12 12:41:00,6.3
2025-06-12 09:38:00,12.9
2025-06-12 00:59:00,12.5
2025-06-12 17:15:00,50.2977004785806
2025-06-12 00:35:00,73.4
2025-06-12 12:26:00,52.8
2025-06-12 21:37:00,50.2977004785806
2025-06-12 06:35:00,50.2977004785806
2025-06-12 19:58:00,40.1
2025-06-12 11:20:00,22.1
2025-06-12 21:19:00,58.6
2025-06-12 09:03:00,94.8
2025-06-12 01:59:00,30.6
2025-06-12 13:16:00,50.2977004785806
2025-06-12 18:48:00,28.9
2025-06-12 17:21:00,83.5
2025-06-12 00:33:00,97.6
2025-06-12 06:19:00,32.9
2025-06-12 23:55:00,15.2
2025-06-12 15:15:00,75.8
2025-06-12 12:05:00,60.7
2025-06-12 02:38:00,14.5
2025-06-12 21:39:00,50.2977004785806
2025-06-12 12:16:00,8.7
2025-06-12 21:04:00,69.4
2025-06-12 13:15:00,79.3
2025-06-12 22:28:00,43.3
2025-06-12 04:12:00,39.0
2025-06-12 16:37:00,92.4
2025-06-12 20:56:00,98.2
2025-06-12 23:32:00,50.2977004785806
2025-06-12 20:37:00,94.3
2025-06-12 02:35:00,2.2
2025-06-12 07:15:00,80.1
2025-06-12 03:38:00,75.4
2025-06-12 00:57:00,51.2
2025-06-12 19:57:00,14.5
2025-06-12 11:03:00,55.7
2025-06-12 18:44:00,81.5
2025-06-12 00:53:00,25.9
2025-06-12 13:06:00,74.6
2025-06-12 11:30:00,5.0
2025-06-12 07:31:00,17.7
2025-06-12 00:28:00,3.1
2025-06-12 20:40:00,76.5
2025-06-12 21:26:00,50.2977004785806
2025-06-12 11:25:00,28.7
2025-06-12 07:19:00,50.2977004785806
2025-06-12 14:16:00,43.3
2025-06-12 21:46:00,8.8
2025-06-12 02:07:00,28.1
2025-06-12 02:19:00,16.4
2025-06-12 07:00:00,50.2977004785806
2025-06-12 17:08:00,24.2
2025-06-12 17:40:00,8.9
2025-06-12 22:30:00,13.1
2025-06-12 08:24:00,60.1
2025-06-12 08:46:00,22.0
2025-06-12 13:08:00,50.2977004785806
2025-06-12 18:24:00,48.0
2025-06-12 07:23:00,50.2977004785806
2025-06-12 02:26:00,18.3
2025-06-12 13:23:00,32.8
2025-06-12 09:30:00,46.7
2025-06-12 10:22:00,92.7
2025-06-12 03:57:00,50.2977004785806
2025-06-12 01:04:00,49.82536769031651
2025-06-12 08:03:00,86.6
2025-06-12 21:08:00,9.3
2025-06-12 10:01:00,89.9
2025-06-12 20:53:00,2.3
2025-06-12 18:15:00,51.9
2025-06-12 05:11:00,54.0
2025-06-12 18:18:00,50.1
2025-06-12 12:01:00,59.9
2025-06-12 14:50:00,60.9
2025-06-12 08:19:00,70.1
2025-06-12 09:58:00,49.82536769031651
2025-06-12 01:46:00,58.9
2025-06-12 02:01:00,87.5
2025-06-12 01:59:00,33.7
2025-06-12 01:09:00,98.8
2025-06-12 23:35:00,49.82536769031651
2025-06-12 21:53:00,43.0
2025-06-12 02:39:00,34.7
2025-06-12 13:13:00,77.7
2025-06-12 18:52:00,47.0
2025-06-12 16:39:00,49.82536769031651
2025-06-12 18:51:00,78.7
2025-06-12 12:11:00,40.4
2025-06-12 09:55:00,62.2
2025-06-12 13:19:00,44.2
2025-06-12 07:51:00,86.9
2025-06-12 19:32:00,41.1
2025-06-12 10:59:00,49.82536769031651
2025-06-12 08:21:00,62.2
2025-06-12 05:01:00,92.3
2025-06-12 03:50:00,0.8
2025-06-12 07:53:00,66.3
2025-06-12 11:08:00,87.4
2025-06-12 07:02:00,18.9
2025-06-12 03:25:00,49.82536769031651
2025-06-12 23:22:00,74.3
2025-06-12 19:00:00,13.8
2025-06-12 06:07:00,40.1
2025-06-12 12:40:00,72.8
2025-06-12 18:50:00,47.2
2025-06-12 04:30:00,8.2
2025-06-12 06:03:00,83.3
2025-06-12 02:19:00,49.82536769031651
2025-06-12 10:13:00,12.8
2025-06-12 18:34:00,55.9
2025-06-12 15:01:00,49.82536769031651
2025-06-12 02:05:00,34.6
2025-06-12 18:20:00,52.2
2025-06-12 21:39:00,64.6
2025-06-12 20:39:00,25.3
2025-06-12 21:12:00,44.3
2025-06-12 08:53:00,98.9
2025-06-12 18:43:00,81.4
2025-06-12 15:21:00,44.3
2025-06-12 05:39:00,93.5
2025-06-12 14:13:00,7.3
2025-06-12 15:17:00,88.7
2025-06-12 07:18:00,14.8
2025-06-12 20:27:00,26.1
2025-06-12 12:02:00,5.1
2025-06-12 08:34:00,88.8
2025-06-12 01:37:00,49.82536769031651
2025-06-12 21:42:00,49.82536769031651
2025-06-12 10:09:00,1.8
2025-06-12 23:02:00,77.6
2025-06-12 00:38:00,7.4
2025-06-12 23:04:00,15.8
2025-06-12 08:20:00,70.7
2025-06-12 09:53:00,58.7
2025-06-12 12:39:00,89.3
2025-06-12 14:07:00,82.9
2025-06-12 13:08:00,17.0
2025-06-12 09:03:00,62.1
2025-06-12 14:25:00,82.8
2025-06-12 07:30:00,54.8
2025-06-12 05:19:00,47.2
2025-06-12 22:34:00,11.6
2025-06-12 01:12:00,49.82536769031651
2025-06-12 03:17:00,81.2
2025-06-12 23:56:00,40.2
2025-06-12 08:51:00,34.2
2025-06-12 19:22:00,55.0
2025-06-12 00:10:00,3.5
2025-06-12 17:42:00,19.8
2025-06-12 09:48:00,78.8
2025-06-12 05:36:00,37.3
2025-06-12 05:46:00,52.1
2025-06-12 22:57:00,96.0
2025-06-12 15:56:00,90.6
2025-06-12 02:13:00,21.1
2025-06-12 01:18:00,83.8
2025-06-12 21:54:00,64.3
2025-06-12 09:15:00,72.5
2025-06-12 05:47:00,86.2
2025-06-12 16:24:00,12.0
2025-06-12 20:16:00,49.82536769031651
2025-06-12 23:16:00,21.4
2025-06-12 14:01:00,38.5
2025-06-12 08:35:00,7.3
2025-06-12 01:10:00,91.6
2025-06-12 12:29:00,2.5
2025-06-12 00:44:00,8.4
2025-06-12 04:28:00,68.4
2025-06-12 01:50:00,53.0
2025-06-12 07:22:00,49.82536769031651
2025-06-12 19:31:00,36.8
2025-06-12 18:59:00,49.82536769031651
2025-06-12 16:31:00,49.82536769031651
2025-06-12 16:32:00,30.5
2025-06-12 08:18:00,89.1
2025-06-12 11:19:00,47.8
2025-06-12 23:28:00,76.6
2025-06-12 05:57:00,1.5
2025-06-12 20:08:00,49.82536769031651
2025-06-12 21:55:00,4.0
2025-06-12 00:01:00,35.4
2025-06-12 00:24:00,65.9
2025-06-12 13:49:00,49.82536769031651
2025-06-12 08:44:00,16.5
2025-06-12 20:44:00,49.82536769031651
2025-06-12 10:23:00,77.0
2025-06-12 09:16:00,67.1
2025-06-12 00:18:00,51.9
2025-06-12 15:16:00,22.9
2025-06-12 18:57:00,13.4
2025-06-12 22:55:00,38.1
2025-06-12 09:13:00,97.3
2025-06-12 07:41:00,92.9
2025-06-12 01:35:00,61.6
2025-06-12 16:55:00,49.82536769031651
2025-06-12 16:04:00,42.2
2025-06-12 14:48:00,4.5
2025-06-12 08:40:00,65.0
2025-06-12 22:16:00,67.6
2025-06-12 01:49:00,49.82536769031651
2025-06-12 09:46:00,2.8
2025-06-12 06:44:00,96.8
2025-06-12 03:41:00,30.4
2025-06-12 22:41:00,76.6
2025-06-12 13:46:00,92.4
2025-06-12 03:43:00,21.6
2025-06-12 22:26:00,65.4
2025-06-12 23:26:00,6.8
2025-06-12 17:16:00,49.82536769031651
2025-06-12 12:42:00,15.6
2025-06-12 19:29:00,68.9
2025-06-12 06:55:00,49.82536769031651
2025-06-12 19:25:00,68.4
2025-06-12 02:36:00,0.8
2025-06-12 05:31:00,11.5
2025-06-12 02:34:00,70.7
2025-06-12 11:26:00,60.9
2025-06-12 19:13:00,49.82536769031651
2025-06-12 04:20:00,49.82536769031651
2025-06-12 18:48:00,8.7
2025-06-12 20:07:00,59.1
2025-06-12 06:26:00,44.5
2025-06-12 16:23:00,92.8
2025-06-12 17:43:00,49.82536769031651
2025-06-12 17:17:00,31.0
2025-06-12 19:10:00,49.82536769031651
2025-06-12 23:53:00,49.82536769031651
2025-06-12 07:43:00,90.3
2025-06-12 14:57:00,98.9
2025-06-12 07:34:00,75.8
2025-06-12 08:50:00,37.6
2025-06-12 08:05:00,23.6
2025-06-12 20:12:00,75.9
2025-06-12 20:09:00,49.82536769031651
2025-06-12 15:08:00,82.6
2025-06-12 16:12:00,32.9
2025-06-12 15:12:00,37.3
2025-06-12 20:10:00,61.5
2025-06-12 19:35:00,27.4
2025-06-12 13:16:00,12.1
2025-06-12 04:00:00,40.7
2025-06-12 18:33:00,6.3
2025-06-12 06:19:00,89.3
2025-06-12 07:36:00,93.7
2025-06-12 11:48:00,49.82536769031651
2025-06-12 17:31:00,99.9
2025-06-12 22:49:00,49.82536769031651
2025-06-12 08:48:00,4.3
2025-06-12 03:57:00,75.0
2025-06-12 00:16:00,21.7
2025-06-12 09:04:00,49.82536769031651
2025-06-12 01:15:00,72.5
2025-06-12 08:27:00,96.1
2025-06-12 06:40:00,73.1
2025-06-12 14:19:00,20.4
2025-06-12 05:51:00,82.0
2025-06-12 03:21:00,44.2
2025-06-12 20:20:00,48.7
2025-06-12 06:12:00,55.4
2025-06-12 06:51:00,82.6
2025-06-12 18:38:00,18.6
2025-06-12 14:15:00,49.82536769031651
2025-06-12 21:38:00,23.6
2025-06-12 16:18:00,56.3
2025-06-12 13:41:00,95.7
2025-06-12 07:21:00,7.2
2025-06-12 22:09:00,79.5
2025-06-12 11:23:00,74.0
2025-06-12 08:33:00,52.3
2025-06-12 19:38:00,54.5
2025-06-12 02:54:00,4.0
2025-06-12 19:21:00,74.5
2025-06-12 02:08:00,46.5
2025-06-12 10:35:00,14.2
2025-06-12 12:00:00,96.4
2025-06-12 03:18:00,29.5
2025-06-12 04:38:00,40.9
2025-06-12 15:51:00,93.3
2025-06-12 00:09:00,96.1
2025-06-12 17:32:00,65.6
2025-06-12 18:46:00,74.3
2025-06-12 00:03:00,35.7
2025-06-12 16:33:00,49.0
2025-06-12 05:14:00,77.2
2025-06-12 14:23:00,84.2
2025-06-12 11:49:00,73.3
2025-06-12 11:45:00,3.5
2025-06-12 17:05:00,89.3
2025-06-12 01:26:00,50.9
2025-06-12 16:28:00,7.7
2025-06-12 13:47:00,45.7
2025-06-12 12:35:00,19.2
2025-06-12 08:41:00,19.6
2025-06-12 22:32:00,49.82536769031651
2025-06-12 15:59:00,49.82536769031651
2025-06-12 11:07:00,5.8
2025-06-12 07:55:00,39.3
2025-06-12 17:56:00,37.7
2025-06-12 00:55:00,75.8
2025-06-12 10:29:00,71.9
2025-06-12 12:44:00,49.3
2025-06-12 22:06:00,95.4
2025-06-12 12:08:00,27.3
2025-06-12 03:38:00,58.4
2025-06-12 18:08:00,24.0
2025-06-12 11:28:00,18.4
2025-06-12 17:20:00,61.3
2025-06-12 09:28:00,49.82536769031651
2025-06-12 11:58:00,76.0
2025-06-12 15:54:00,45.4
2025-06-12 03:19:00,49.82536769031651
2025-06-12 11:22:00,85.0
2025-06-12 09:25:00,32.5
2025-06-12 08:54:00,62.0
2025-06-12 03:26:00,59.5
2025-06-12 10:25:00,76.4
2025-06-12 08:28:00,93.9
2025-06-12 14:43:00,32.4
2025-06-12 01:19:00,48.7
2025-06-12 19:47:00,34.2
2025-06-12 17:06:00,82.8
2025-06-12 04:02:00,49.82536769031651
2025-06-12 07:56:00,6.3
2025-06-12 11:54:00,32.6
2025-06-12 22:19:00,26.7
2025-06-12 08:36:00,27.2
2025-06-12 12:47:00,38.2
2025-06-12 13:22:00,81.9
2025-06-12 21:17:00,93.8
2025-06-12 16:08:00,92.7
2025-06-12 12:45:00,97.3
2025-06-12 10:45:00,75.8
2025-06-12 10:07:00,75.5
2025-06-12 14:31:00,25.0
2025-06-12 14:32:00,73.7
2025-06-12 07:15:00,90.3
2025-06-12 20:41:00,84.1
2025-06-12 05:55:00,36.1
2025-06-12 05:58:00,6.3
2025-06-12 10:14:00,98.1
2025-06-12 17:21:00,34.3
2025-06-12 12:24:00,8.0
2025-06-12 06:15:00,86.5
2025-06-12 17:23:00,67.8
2025-06-12 23:31:00,20.8
2025-06-12 02:30:00,25.9
2025-06-12 04:35:00,71.6
2025-06-12 04:51:00,59.9
2025-06-12 18:21:00,67.1
2025-06-12 11:01:00,77.0
2025-06-12 14:12:00,59.5
2025-06-12 23:34:00,49.82536769031651
2025-06-12 00:13:00,49.82536769031651
2025-06-12 23:38:00,94.0
2025-06-12 10:42:00,43.1
2025-06-12 23:50:00,50.7
2025-06-12 04:21:00,17.5
2025-06-12 18:41:00,98.2
2025-06-12 16:45:00,45.5
2025-06-12 03:10:00,49.82536769031651
2025-06-12 12:05:00,17.2
2025-06-12 00:46:00,35.4
2025-06-12 09:24:00,7.7
2025-06-12 23:29:00,50.10362276498773
2025-06-12 18:34:00,72.7
2025-06-12 06:39:00,60.8
2025-06-12 05:37:00,88.7
2025-06-12 13:07:00,69.3
2025-06-12 21:45:00,70.4
2025-06-12 13:32:00,81.6
2025-06-12 02:58:00,89.3
2025-06-12 01:44:00,96.6
2025-06-12 20:50:00,50.10362276498773
2025-06-12 02:30:00,7.1
2025-06-12 13:05:00,22.4
2025-06-12 14:45:00,72.6
2025-06-12 21:46:00,14.7
2025-06-12 22:33:00,81.2
2025-06-12 11:31:00,50.6
2025-06-12 00:15:00,55.6
2025-06-12 11:48:00,92.2
2025-06-12 17:35:00,50.10362276498773
2025-06-12 09:33:00,50.10362276498773
2025-06-12 07:12:00,43.1
2025-06-12 07:58:00,87.0
2025-06-12 14:51:00,82.8
2025-06-12 05:52:00,58.9
2025-06-12 06:32:00,77.1
2025-06-12 00:59:00,72.5
2025-06-12 18:17:00,4.9
2025-06-12 21:20:00,99.4
2025-06-12 19:43:00,15.8
2025-06-12 03:20:00,81.0
2025-06-12 20:35:00,23.1
2025-06-12 17:17:00,31.7
2025-06-12 09:29:00,13.8
2025-06-12 17:16:00,10.4
2025-06-12 21:47:00,50.10362276498773
2025-06-12 08:45:00,50.10362276498773
2025-06-12 10:04:00,15.0
2025-06-12 16:18:00,85.8
2025-06-12 09:45:00,92.4
2025-06-12 04:07:00,46.1
2025-06-12 07:29:00,54.2
2025-06-12 12:45:00,51.7
2025-06-12 08:10:00,50.10362276498773
2025-06-12 17:02:00,78.3
2025-06-12 12:46:00,84.4
2025-06-12 18:56:00,58.6
2025-06-12 22:31:00,27.1
2025-06-12 10:48:00,6.5
2025-06-12 05:35:00,26.1
2025-06-12 14:02:00,94.6
2025-06-12 12:35:00,50.10362276498773
2025-06-12 01:24:00,29.1
2025-06-12 04:52:00,50.10362276498773
2025-06-12 19:16:00,48.9
2025-06-12 04:48:00,9.0
2025-06-12 15:56:00,93.7
2025-06-12 04:35:00,50.10362276498773
2025-06-12 11:55:00,0.7
2025-06-12 20:06:00,44.2
2025-06-12 04:01:00,50.10362276498773
2025-06-12 05:58:00,77.2
2025-06-12 22:05:00,4.3
2025-06-12 11:04:00,50.10362276498773
2025-06-12 08:17:00,4.4
2025-06-12 14:37:00,50.10362276498773
2025-06-12 11:02:00,69.9
2025-06-12 08:09:00,23.9
2025-06-12 06:48:00,50.10362276498773
2025-06-12 05:13:00,68.0
2025-06-12 07:01:00,42.7
2025-06-12 08:23:00,50.10362276498773
2025-06-12 13:42:00,43.7
2025-06-12 23:23:00,6.4
2025-06-12 19:03:00,50.10362276498773
2025-06-12 18:30:00,51.9
2025-06-12 06:02:00,24.1
2025-06-12 02:42:00,43.7
2025-06-12 06:45:00,39.1
2025-06-12 18:10:00,9.7
2025-06-12 01:13:00,81.7
2025-06-12 02:15:00,51.8
2025-06-12 14:46:00,94.2
2025-06-12 09:58:00,33.6
2025-06-12 09:00:00,51.4
2025-06-12 20:18:00,4.3
2025-06-12 17:34:00,21.0
2025-06-12 14:12:00,57.5
2025-06-12 14:11:00,29.9
2025-06-12 07:40:00,51.1
2025-06-12 05:45:00,46.6
2025-06-12 12:06:00,37.1
2025-06-12 00:29:00,65.1
2025-06-12 09:27:00,85.9
2025-06-12 22:09:00,97.2
2025-06-12 14:07:00,50.10362276498773
2025-06-12 23:04:00,1.6
2025-06-12 08:43:00,77.9
2025-06-12 04:26:00,25.2
2025-06-12 19:08:00,50.10362276498773
2025-06-12 11:25:00,9.2
2025-06-12 12:22:00,36.8
2025-06-12 19:02:00,10.2
2025-06-12 10:22:00,5.4
2025-06-12 14:44:00,3.7
2025-06-12 00:33:00,70.2
2025-06-12 15:06:00,30.9
2025-06-12 06:15:00,32.8
2025-06-12 08:27:00,74.4
2025-06-12 07:24:00,85.0
2025-06-12 14:13:00,50.10362276498773
2025-06-12 21:58:00,66.2
2025-06-12 03:28:00,70.8
2025-06-12 21:35:00,71.4
2025-06-12 12:16:00,2.3
2025-06-12 18:52:00,10.8
2025-06-12 20:19:00,89.3
2025-06-12 14:58:00,88.5
2025-06-12 06:29:00,35.4
2025-06-12 01:53:00,95.9
2025-06-12 21:41:00,32.5
2025-06-12 02:41:00,50.10362276498773
2025-06-12 02:54:00,26.2
2025-06-12 23:34:00,52.6
2025-06-12 16:16:00,88.6
2025-06-12 05:34:00,2.4
2025-06-12 21:57:00,81.2
2025-06-12 03:42:00,50.10362276498773
2025-06-12 11:44:00,42.0
2025-06-12 21:26:00,17.0
2025-06-12 07:14:00,50.10362276498773
2025-06-12 16:35:00,50.10362276498773
2025-06-12 15:35:00,57.9
2025-06-12 22:01:00,13.9
2025-06-12 09:59:00,4.5
2025-06-12 11:01:00,75.7
2025-06-12 02:59:00,88.9
2025-06-12 09:22:00,50.10362276498773
2025-06-12 07:23:00,50.10362276498773
2025-06-12 15:45:00,96.7
2025-06-12 10:20:00,83.3
2025-06-12 05:50:00,7.5
2025-06-12 16:11:00,98.8
2025-06-12 01:52:00,72.8
2025-06-12 07:56:00,38.9
2025-06-12 15:24:00,49.1
2025-06-12 07:54:00,50.10362276498773
2025-06-12 21:30:00,50.10362276498773
2025-06-12 07:37:00,36.7
2025-06-12 10:53:00,45.9
2025-06-12 15:23:00,16.7
2025-06-12 14:34:00,56.6
2025-06-12 09:31:00,38.1
2025-06-12 04:02:00,50.3
2025-06-12 00:31:00,50.10362276498773
2025-06-12 22:39:00,17.2
2025-06-12 00:52:00,57.3
2025-06-12 11:57:00,6.8
2025-06-12 19:20:00,74.3
2025-06-12 10:52:00,50.10362276498773
2025-06-12 18:16:00,50.10362276498773
2025-06-12 19:07:00,50.10362276498773
2025-06-12 23:53:00,34.9
2025-06-12 03:38:00,31.2
2025-06-12 17:40:00,81.7
2025-06-12 17:54:00,43.4
2025-06-12 22:30:00,5.3
2025-06-12 19:28:00,62.3
2025-06-12 08:05:00,96.1
2025-06-12 11:29:00,16.4
2025-06-12 10:44:00,78.0
2025-06-12 04:13:00,50.10362276498773
2025-06-12 19:52:00,16.5
2025-06-12 17:46:00,49.0
2025-06-12 19:21:00,9.9
2025-06-12 20:15:00,49.7
2025-06-12 19:05:00,43.9
2025-06-12 19:15:00,51.9
2025-06-12 06:51:00,50.10362276498773
2025-06-12 04:38:00,50.10362276498773
2025-06-12 02:26:00,2.9
2025-06-12 01:35:00,44.6
2025-06-12 03:09:00,3.1
2025-06-12 17:25:00,49.2
2025-06-12 22:10:00,15.9
2025-06-12 17:36:00,81.8
2025-06-12 07:06:00,83.3
2025-06-12 00:27:00,32.3
2025-06-12 14:30:00,63.1
2025-06-12 08:26:00,63.0
2025-06-12 09:17:00,50.10362276498773
2025-06-12 05:51:00,50.10362276498773
2025-06-12 20:21:00,50.10362276498773
2025-06-12 08:58:00,19.8
2025-06-12 20:58:00,50.10362276498773
2025-06-12 06:04:00,50.10362276498773
2025-06-12 18:51:00,50.10362276498773
2025-06-12 10:56:00,50.10362276498773
2025-06-12 11:07:00,50.10362276498773
2025-06-12 22:52:00,50.10362276498773
2025-06-12 12:59:00,62.4
2025-06-12 16:14:00,48.6
2025-06-12 20:39:00,11.8
2025-06-12 03:18:00,75.3
2025-06-12 22:35:00,50.10362276498773
2025-06-12 17:37:00,53.0
2025-06-12 20:44:00,59.7
2025-06-12 03:17:00,6.9
2025-06-12 08:00:00,20.0
2025-06-12 21:03:00,38.8
2025-06-12 00:48:00,87.4
2025-06-12 07:42:00,78.8
2025-06-12 12:27:00,84.5
2025-06-12 15:14:00,50.10362276498773
2025-06-12 06:49:00,43.3
2025-06-12 13:10:00,50.10362276498773
2025-06-12 14:39:00,45.7
2025-06-12 05:26:00,29.9
2025-06-12 02:52:00,78.2
2025-06-12 21:29:00,88.3
2025-06-12 07:33:00,50.10362276498773
2025-06-12 04:03:00,50.10362276498773
2025-06-12 19:18:00,6.1
2025-06-12 02:02:00,58.4
2025-06-12 03:57:00,43.4
2025-06-12 10:35:00,47.9
2025-06-12 18:26:00,25.0
2025-06-12 01:18:00,54.9
2025-06-12 19:58:00,98.2
2025-06-12 07:52:00,37.4
2025-06-12 08:56:00,26.6
2025-06-12 11:06:00,37.0
2025-06-12 07:31:00,50.0
2025-06-12 07:05:00,6.7
2025-06-12 20:07:00,45.7
2025-06-12 20:27:00,75.5
2025-06-12 08:02:00,31.2
2025-06-12 00:06:00,54.2
2025-06-12 15:34:00,50.10362276498773
2025-06-12 05:02:00,0.2
2025-06-12 12:43:00,69.6
2025-06-12 00:17:00,53.9
2025-06-12 23:54:00,37.5
2025-06-12 16:47:00,38.4
2025-06-12 16:43:00,5.8
2025-06-12 19:37:00,97.6
2025-06-12 22:47:00,17.8
2025-06-12 15:37:00,79.4
2025-06-12 06:07:00,98.4
2025-06-12 12:19:00,21.8
2025-06-12 16:51:00,43.8
2025-06-12 01:40:00,50.10362276498773
2025-06-12 01:33:00,83.7
2025-06-12 02:44:00,50.10362276498773
2025-06-12 03:44:00,13.6
2025-06-12 13:43:00,71.0
2025-06-12 10:41:00,40.3
2025-06-12 06:08:00,22.3
2025-06-12 02:32:00,71.0
2025-06-12 00:20:00,76.6
2025-06-12 19:54:00,50.10362276498773
2025-06-12 18:40:00,50.10362276498773
2025-06-12 04:40:00,56.4
2025-06-12 20:42:00,59.9
2025-06-12 05:07:00,37.6
2025-06-12 12:57:00,50.10362276498773
2025-06-12 04:51:00,50.10362276498773
2025-06-12 17:58:00,3.7
2025-06-12 07:45:00,44.0
2025-06-12 02:23:00,58.1
2025-06-12 20:33:00,92.4
2025-06-12 00:00:00,61.6
2025-06-12 08:28:00,73.2
2025-06-12 00:35:00,44.3
2025-06-12 13:15:00,10.9
2025-06-12 08:42:00,63.0
2025-06-12 06:30:00,24.1
2025-06-12 16:20:00,83.4
2025-06-12 12:08:00,32.7
2025-06-12 08:11:00,35.3
2025-06-12 07:00:00,72.6
2025-06-12 01:54:00,23.2
2025-06-12 09:28:00,50.10362276498773
2025-06-12 15:11:00,42.3
2025-06-12 08:18:00,72.3
2025-06-12 14:25:00,27.3
2025-06-12 23:57:00,44.0
2025-06-12 20:40:00,97.4
2025-06-12 22:51:00,50.10362276498773
2025-06-12 13:31:00,6.6
2025-06-12 20:22:00,69.3
2025-06-12 18:08:00,84.7
2025-06-12 10:15:00,51.1
2025-06-12 19:34:00,86.0
2025-06-12 16:26:00,51.4
2025-06-12 15:02:00,27.2
2025-06-12 21:49:00,63.0
2025-06-12 17:53:00,73.1
2025-06-12 11:32:00,35.1
2025-06-12 18:24:00,99.2
2025-06-12 11:18:00,62.2
2025-06-12 23:22:00,20.1
2025-06-12 13:11:00,56.7
2025-06-12 19:06:00,34.8
2025-06-12 05:47:00,79.3
2025-06-12 12:03:00,50.10362276498773
2025-06-12 07:57:00,77.8
2025-06-12 15:21:00,60.9
2025-06-12 15:44:00,98.8
2025-06-12 12:18:00,97.0
2025-06-12 19:51:00,13.3
2025-06-12 17:10:00,13.0
2025-06-12 20:13:00,50.10362276498773
2025-06-12 18:29:00,5.9
2025-06-12 05:04:00,43.8
2025-06-12 21:53:00,82.1
2025-06-12 18:14:00,34.6
2025-06-12 13:08:00,78.8
2025-06-12 13:30:00,2.1
2025-06-12 04:11:00,56.6
2025-06-12 06:38:00,93.4
2025-06-12 23:20:00,83.0
2025-06-12 06:22:00,53.3
2025-06-12 03:33:00,40.5
2025-06-12 02:31:00,50.12327810650887
2025-06-12 22:41:00,63.5
2025-06-12 09:16:00,74.3
2025-06-12 02:38:00,4.2
2025-06-12 08:38:00,17.2
2025-06-12 07:23:00,88.7
2025-06-12 10:31:00,75.1
2025-06-12 10:12:00,50.12327810650887
2025-06-12 12:55:00,83.4
2025-06-12 21:52:00,22.0
2025-06-12 03:22:00,50.12327810650887
2025-06-12 17:11:00,50.12327810650887
2025-06-12 19:56:00,50.3
2025-06-12 17:52:00,16.1
2025-06-12 23:05:00,40.7
2025-06-12 18:55:00,15.5
2025-06-12 00:30:00,2.1
2025-06-12 05:47:00,8.5
2025-06-12 08:37:00,13.1
2025-06-12 16:31:00,72.8
2025-06-12 21:59:00,49.3
2025-06-12 13:27:00,50.12327810650887
2025-06-12 03:30:00,14.2
2025-06-12 17:02:00,88.0
2025-06-12 17:47:00,50.12327810650887
2025-06-12 05:17:00,34.3
2025-06-12 05:28:00,69.6
2025-06-12 03:47:00,9.1
2025-06-12 02:18:00,32.8
2025-06-12 14:43:00,50.12327810650887
2025-06-12 23:00:00,17.0
2025-06-12 09:10:00,92.7
2025-06-12 03:32:00,12.8
2025-06-12 07:55:00,52.9
2025-06-12 12:20:00,1.7
2025-06-12 20:37:00,39.1
2025-06-12 05:24:00,27.9
2025-06-12 03:53:00,50.12327810650887
2025-06-12 20:08:00,10.6
2025-06-12 12:31:00,71.9
2025-06-12 18:57:00,9.3
2025-06-12 21:50:00,34.5
2025-06-12 08:14:00,14.6
2025-06-12 08:05:00,67.4
2025-06-12 04:52:00,50.12327810650887
2025-06-12 04:41:00,45.5
2025-06-12 17:08:00,21.4
2025-06-12 11:31:00,90.3
2025-06-12 02:24:00,50.12327810650887
2025-06-12 01:38:00,69.7
2025-06-12 01:12:00,71.4
2025-06-12 18:18:00,5.3
2025-06-12 16:32:00,66.4
2025-06-12 12:39:00,64.2
2025-06-12 23:52:00,37.7
2025-06-12 13:32:00,2.9
2025-06-12 08:57:00,9.2
2025-06-12 23:25:00,56.7
2025-06-12 11:47:00,50.12327810650887
2025-06-12 04:39:00,67.4
2025-06-12 02:43:00,35.2
2025-06-12 17:29:00,36.9
2025-06-12 21:14:00,91.1
2025-06-12 17:32:00,55.3
2025-06-12 23:46:00,16.7
2025-06-12 21:58:00,2.3
2025-06-12 15:18:00,41.1
2025-06-12 08:00:00,48.2
2025-06-12 22:42:00,8.3
2025-06-12 05:22:00,97.5
2025-06-12 14:08:00,50.8
2025-06-12 01:41:00,51.7
2025-06-12 01:48:00,3.5
2025-06-12 06:41:00,50.12327810650887
2025-06-12 15:47:00,77.0
2025-06-12 16:57:00,98.4
2025-06-12 13:25:00,86.3
2025-06-12 10:55:00,84.2
2025-06-12 14:53:00,61.8
2025-06-12 16:26:00,76.6
2025-06-12 06:08:00,38.0
2025-06-12 17:21:00,91.4
2025-06-12 19:24:00,82.5
2025-06-12 02:46:00,24.1
2025-06-12 06:13:00,83.9
2025-06-12 18:14:00,1.6
2025-06-12 04:43:00,35.8
2025-06-12 00:13:00,0.1
2025-06-12 11:36:00,93.5
2025-06-12 11:10:00,52.8
2025-06-12 15:30:00,92.0
2025-06-12 18:21:00,55.2
2025-06-12 05:13:00,54.7
2025-06-12 09:52:00,7.2
2025-06-12 18:34:00,99.1
2025-06-12 10:22:00,89.0
2025-06-12 15:36:00,1.4
2025-06-12 11:55:00,52.8
2025-06-12 11:50:00,64.0
2025-06-12 08:07:00,89.1
2025-06-12 03:35:00,70.7
2025-06-12 04:37:00,90.6
2025-06-12 14:13:00,89.7
2025-06-12 16:14:00,65.4
2025-06-12 03:59:00,50.12327810650887
2025-06-12 09:47:00,10.7
2025-06-12 19:15:00,34.9
2025-06-12 14:25:00,3.0
2025-06-12 02:11:00,49.2
2025-06-12 14:26:00,81.6
2025-06-12 02:37:00,58.5
2025-06-12 10:53:00,16.8
2025-06-12 06:10:00,50.12327810650887
2025-06-12 02:28:00,32.4
2025-06-12 02:29:00,30.1
2025-06-12 08:56:00,0.4
2025-06-12 14:45:00,88.5
2025-06-12 20:03:00,39.6
2025-06-12 10:42:00,93.4
2025-06-12 21:30:00,98.5
2025-06-12 13:45:00,53.9
2025-06-12 21:33:00,69.1
2025-06-12 01:07:00,66.8
2025-06-12 09:34:00,95.9
2025-06-12 22:08:00,7.5
2025-06-12 07:29:00,71.8
2025-06-12 03:41:00,90.0
2025-06-12 11:44:00,11.8
2025-06-12 01:31:00,50.12327810650887
2025-06-12 15:58:00,85.5
2025-06-12 14:38:00,59.9
2025-06-12 16:13:00,24.6
2025-06-12 10:18:00,50.12327810650887
2025-06-12 00:25:00,68.6
2025-06-12 15:52:00,68.0
2025-06-12 04:00:00,38.4
2025-06-12 04:16:00,69.8
2025-06-12 10:46:00,81.6
2025-06-12 15:09:00,50.12327810650887
2025-06-12 14:15:00,13.1
2025-06-12 08:52:00,34.6
2025-06-12 07:46:00,50.12327810650887
2025-06-12 05:38:00,72.8
2025-06-12 00:37:00,76.0
2025-06-12 17:39:00,85.7
2025-06-12 14:24:00,50.12327810650887
2025-06-12 10:23:00,95.0
2025-06-12 01:28:00,0.3
2025-06-12 00:12:00,88.3
2025-06-12 09:31:00,3.6
2025-06-12 06:30:00,16.9
2025-06-12 23:58:00,4.5
2025-06-12 05:33:00,25.9
2025-06-12 15:25:00,77.5
2025-06-12 00:51:00,1.5
2025-06-12 12:56:00,76.2
2025-06-12 17:48:00,70.0
2025-06-12 12:48:00,50.12327810650887
2025-06-12 21:42:00,75.2
2025-06-12 16:04:00,9.8
2025-06-12 14:20:00,35.0
2025-06-12 13:06:00,21.8
2025-06-12 22:49:00,71.8
2025-06-12 03:28:00,50.3
2025-06-12 05:42:00,50.12327810650887
2025-06-12 23:53:00,48.4
2025-06-12 01:20:00,84.7
2025-06-12 10:16:00,67.4
2025-06-12 04:38:00,71.8
2025-06-12 17:14:00,42.8
2025-06-12 03:46:00,49.3
2025-06-12 13:38:00,36.0
2025-06-12 02:02:00,31.8
2025-06-12 21:15:00,90.3
2025-06-12 14:01:00,98.3
2025-06-12 05:50:00,96.7
2025-06-12 10:49:00,60.1
2025-06-12 22:12:00,30.8
2025-06-12 09:08:00,22.8
2025-06-12 10:01:00,48.0
2025-06-12 23:49:00,29.7
2025-06-12 11:18:00,92.8
2025-06-12 04:23:00,20.4
2025-06-12 22:45:00,50.12327810650887
2025-06-12 00:31:00,28.8
2025-06-12 21:44:00,30.6
2025-06-12 21:57:00,0.5
2025-06-12 00:35:00,43.2
2025-06-12 12:13:00,74.4
2025-06-12 21:37:00,88.7
2025-06-12 22:26:00,3.7
2025-06-12 22:22:00,48.1
2025-06-12 06:04:00,53.1
2025-06-12 21:51:00,43.5
2025-06-12 03:18:00,9.2
2025-06-12 20:24:00,50.12327810650887
2025-06-12 15:34:00,57.7
2025-06-12 20:00:00,69.9
2025-06-12 11:45:00,98.1
2025-06-12 10:30:00,73.2
2025-06-12 03:09:00,88.9
2025-06-12 01:17:00,50.12327810650887
2025-06-12 18:46:00,37.2
2025-06-12 01:08:00,33.1
2025-06-12 01:56:00,2.8
2025-06-12 19:17:00,28.3
2025-06-12 10:20:00,95.1
2025-06-12 05:20:00,30.2
2025-06-12 14:17:00,50.12327810650887
2025-06-12 14:52:00,50.12327810650887
2025-06-12 07:22:00,89.9
2025-06-12 22:39:00,39.7
2025-06-12 02:49:00,98.4
2025-06-12 10:25:00,8.1
2025-06-12 11:17:00,5.3
2025-06-12 10:54:00,63.8
2025-06-12 22:17:00,91.1
2025-06-12 07:01:00,80.8
2025-06-12 15:27:00,8.4
2025-06-12 22:43:00,11.0
2025-06-12 00:36:00,67.5
2025-06-12 14:42:00,68.6
2025-06-12 04:29:00,32.2
2025-06-12 23:03:00,91.8
2025-06-12 01:50:00,95.2
2025-06-12 09:50:00,54.0
2025-06-12 06:56:00,66.5
2025-06-12 02:54:00,50.12327810650887
2025-06-12 16:30:00,36.8
2025-06-12 01:52:00,77.6
2025-06-12 17:55:00,70.9
2025-06-12 12:16:00,93.5
2025-06-12 22:01:00,77.7
2025-06-12 09:35:00,35.1
2025-06-12 19:12:00,57.1
2025-06-12 10:56:00,11.4
2025-06-12 02:44:00,41.8
2025-06-12 23:34:00,59.9
2025-06-12 23:14:00,34.5
2025-06-12 10:03:00,53.4
2025-06-12 03:51:00,50.12327810650887
2025-06-12 13:35:00,16.3
2025-06-12 21:05:00,68.2
2025-06-12 20:30:00,29.3
2025-06-12 18:19:00,94.7
2025-06-12 23:08:00,80.9
2025-06-12 09:00:00,68.0
2025-06-12 17:54:00,72.2
2025-06-12 13:33:00,10.1
2025-06-12 09:23:00,39.1
2025-06-12 03:03:00,6.6
2025-06-12 09:59:00,10.9
2025-06-12 11:56:00,86.8
2025-06-12 10:51:00,4.0
2025-06-12 07:30:00,45.5
2025-06-12 16:41:00,50.12327810650887
2025-06-12 23:35:00,50.12327810650887
2025-06-12 12:36:00,46.1
2025-06-12 09:46:00,95.1
2025-06-12 00:01:00,63.7
2025-06-12 07:18:00,54.9
2025-06-12 15:28:00,0.3
2025-06-12 21:55:00,91.9
2025-06-12 17:06:00,50.12327810650887
2025-06-12 20:34:00,50.12327810650887
2025-06-12 09:53:00,29.9
2025-06-12 10:00:00,90.4
2025-06-12 07:00:00,77.9
2025-06-12 22:51:00,66.0
2025-06-12 22:16:00,75.6
2025-06-12 23:33:00,20.5
2025-06-12 21:16:00,10.2
2025-06-12 15:39:00,50.12327810650887
2025-06-12 22:25:00,0.3
2025-06-12 20:17:00,66.1
2025-06-12 09:12:00,18.0
2025-06-12 15:40:00,77.4
2025-06-12 19:34:00,77.9
2025-06-12 14:48:00,49.63956792297757
2025-06-12 02:38:00,14.1
2025-06-12 14:09:00,66.0
2025-06-12 18:30:00,71.3
2025-06-12 23:29:00,32.2
2025-06-12 00:30:00,34.7
2025-06-12 05:00:00,12.8
2025-06-12 22:37:00,97.1
2025-06-12 02:54:00,20.1
2025-06-12 14:39:00,45.8
2025-06-12 22:48:00,73.1
2025-06-12 14:55:00,89.2
2025-06-12 08:28:00,81.3
2025-06-12 23:11:00,90.3
2025-06-12 07:51:00,10.3
2025-06-12 23:50:00,61.3
2025-06-12 18:19:00,22.0
2025-06-12 22:33:00,41.9
2025-06-12 02:45:00,31.2
2025-06-12 17:50:00,24.2
2025-06-12 10:55:00,9.0
2025-06-12 20:55:00,49.63956792297757
2025-06-12 08:13:00,98.4
2025-06-12 04:33:00,97.1
2025-06-12 05:29:00,2.7
2025-06-12 14:42:00,17.3
2025-06-12 18:43:00,10.2
2025-06-12 13:52:00,66.7
2025-06-12 04:35:00,12.4
2025-06-12 21:28:00,49.0
2025-06-12 03:08:00,95.1
2025-06-12 20:35:00,16.4
2025-06-12 07:42:00,19.5
2025-06-12 21:52:00,29.6
2025-06-12 15:26:00,89.1
2025-06-12 03:33:00,83.5
2025-06-12 20:56:00,13.0
2025-06-12 23:45:00,43.3
2025-06-12 05:41:00,50.5
2025-06-12 16:48:00,8.7
2025-06-12 07:16:00,5.6
2025-06-12 16:55:00,45.8
2025-06-12 17:52:00,46.8
2025-06-12 10:57:00,49.63956792297757
2025-06-12 10:38:00,76.6
2025-06-12 17:34:00,63.9
2025-06-12 05:05:00,41.3
2025-06-12 01:42:00,73.8
2025-06-12 00:27:00,84.8
2025-06-12 08:16:00,58.9
2025-06-12 09:11:00,2.1
2025-06-12 02:39:00,19.8
2025-06-12 13:27:00,49.63956792297757
2025-06-12 02:56:00,37.0
2025-06-12 16:14:00,0.7
2025-06-12 00:45:00,20.9
2025-06-12 17:19:00,88.9
2025-06-12 15:19:00,52.3
2025-06-12 05:39:00,55.9
2025-06-12 08:33:00,3.0
2025-06-12 09:00:00,3.1
2025-06-12 19:38:00,16.8
2025-06-12 05:30:00,83.9
2025-06-12 03:43:00,80.3
2025-06-12 07:41:00,47.5
2025-06-12 15:13:00,42.4
2025-06-12 07:25:00,97.6
2025-06-12 00:25:00,12.8
2025-06-12 03:47:00,62.8
2025-06-12 14:51:00,4.5
2025-06-12 13:53:00,27.1
2025-06-12 14:27:00,49.9
2025-06-12 04:58:00,40.2
2025-06-12 20:31:00,47.1
2025-06-12 22:55:00,77.6
2025-06-12 00:21:00,46.6
2025-06-12 13:29:00,80.4
2025-06-12 05:46:00,49.63956792297757
2025-06-12 00:26:00,49.63956792297757
2025-06-12 11:02:00,9.6
2025-06-12 07:15:00,77.0
2025-06-12 21:00:00,70.2
2025-06-12 08:56:00,13.0
2025-06-12 22:24:00,14.3
2025-06-12 13:43:00,82.0
2025-06-12 17:20:00,38.0
2025-06-12 06:12:00,54.0
2025-06-12 23:09:00,34.0
2025-06-12 17:09:00,50.1
2025-06-12 22:42:00,49.63956792297757
2025-06-12 10:31:00,76.7
2025-06-12 13:37:00,24.9
2025-06-12 21:24:00,40.6
2025-06-12 02:13:00,44.3
2025-06-12 18:20:00,3.8
2025-06-12 23:15:00,27.6
2025-06-12 01:46:00,22.8
2025-06-12 13:01:00,49.63956792297757
2025-06-12 12:10:00,72.4
2025-06-12 12:43:00,97.4
2025-06-12 14:23:00,24.5
2025-06-12 03:22:00,93.3
2025-06-12 14:56:00,58.0
2025-06-12 16:15:00,98.0
2025-06-12 13:45:00,38.7
2025-06-12 10:54:00,28.1
2025-06-12 01:52:00,98.0
2025-06-12 14:11:00,99.7
2025-06-12 03:21:00,37.0
2025-06-12 15:21:00,75.2
2025-06-12 09:29:00,38.8
2025-06-12 06:29:00,94.6
2025-06-12 00:04:00,23.1
2025-06-12 21:31:00,18.9
2025-06-12 19:52:00,9.6
2025-06-12 15:08:00,56.0
2025-06-12 02:43:00,8.3
2025-06-12 11:35:00,22.0
2025-06-12 22:05:00,26.0
2025-06-12 13:09:00,49.63956792297757
2025-06-12 04:06:00,62.5
2025-06-12 11:31:00,49.63956792297757
2025-06-12 09:02:00,95.4
2025-06-12 16:53:00,49.63956792297757
2025-06-12 00:43:00,49.63956792297757
2025-06-12 01:50:00,49.63956792297757
2025-06-12 05:54:00,22.2
2025-06-12 16:42:00,80.2
2025-06-12 16:33:00,22.3
2025-06-12 17:23:00,19.5
2025-06-12 10:44:00,62.0
2025-06-12 01:26:00,2.0
2025-06-12 02:27:00,69.1
2025-06-12 12:02:00,49.63956792297757
2025-06-12 18:59:00,43.5
2025-06-12 21:27:00,32.8
2025-06-12 13:38:00,19.9
2025-06-12 18:51:00,53.2
2025-06-12 05:51:00,19.3
2025-06-12 01:08:00,25.3
2025-06-12 21:02:00,97.9
2025-06-12 02:24:00,45.0
2025-06-12 11:26:00,0.5
2025-06-12 18:08:00,69.0
2025-06-12 17:15:00,49.63956792297757
2025-06-12 06:58:00,5.4
2025-06-12 10:22:00,68.0
2025-06-12 14:44:00,79.3
2025-06-12 20:36:00,43.4
2025-06-12 22:36:00,49.63956792297757
2025-06-12 12:38:00,21.2
2025-06-12 16:27:00,12.8
2025-06-12 07:36:00,55.5
2025-06-12 23:59:00,49.63956792297757
2025-06-12 11:39:00,28.2
2025-06-12 11:13:00,66.7
2025-06-12 06:16:00,81.5
2025-06-12 14:58:00,19.5
2025-06-12 20:51:00,71.3
2025-06-12 08:34:00,29.5
2025-06-12 05:50:00,21.0
2025-06-12 10:59:00,54.6
2025-06-12 18:05:00,13.7
2025-06-12 13:00:00,83.5
2025-06-12 19:45:00,61.4
2025-06-12 07:56:00,41.7
2025-06-12 04:45:00,19.3
2025-06-12 16:12:00,92.4
2025-06-12 23:01:00,49.63956792297757
2025-06-12 12:09:00,60.3
2025-06-12 10:24:00,96.8
2025-06-12 19:37:00,92.7
2025-06-12 19:00:00,93.5
2025-06-12 15:06:00,17.0
2025-06-12 11:47:00,82.3
2025-06-12 12:24:00,41.9
2025-06-12 10:04:00,0.0
2025-06-12 23:55:00,49.63956792297757
2025-06-12 05:18:00,57.3
2025-06-12 09:15:00,58.6
2025-06-12 04:04:00,5.5
2025-06-12 13:25:00,58.8
2025-06-12 01:03:00,49.63956792297757
2025-06-12 11:23:00,49.63956792297757
2025-06-12 06:53:00,91.7
2025-06-12 02:37:00,38.2
2025-06-12 05:55:00,85.2
2025-06-12 23:00:00,0.5
2025-06-12 00:33:00,86.6
2025-06-12 04:12:00,16.8
2025-06-12 15:00:00,7.9
2025-06-12 15:52:00,95.8
2025-06-12 09:24:00,97.0
2025-06-12 21:36:00,76.1
2025-06-12 03:52:00,24.6
2025-06-12 01:01:00,81.5
2025-06-12 15:45:00,79.9
2025-06-12 06:18:00,49.63956792297757
2025-06-12 13:51:00,80.3
2025-06-12 06:22:00,77.1
2025-06-12 21:39:00,49.63956792297757
2025-06-12 08:17:00,48.0
2025-06-12 07:02:00,1.2
2025-06-12 06:13:00,58.2
2025-06-12 16:30:00,4.6
2025-06-12 04:54:00,34.3
2025-06-12 04:48:00,38.2
2025-06-12 04:31:00,98.6
2025-06-12 15:12:00,49.63956792297757
2025-06-12 17:45:00,73.9
2025-06-12 08:14:00,15.6
2025-06-12 22:09:00,49.63956792297757
2025-06-12 15:36:00,97.2
2025-06-12 22:23:00,55.2
2025-06-12 09:37:00,28.7
2025-06-12 19:30:00,49.63956792297757
2025-06-12 18:07:00,91.4
2025-06-12 18:58:00,49.63956792297757
2025-06-12 04:00:00,4.7
2025-06-12 02:33:00,16.2
2025-06-12 10:32:00,70.1
2025-06-12 11:14:00,19.5
2025-06-12 23:28:00,87.8
2025-06-12 08:44:00,57.6
2025-06-12 03:56:00,1.6
2025-06-12 09:48:00,69.5
2025-06-12 20:28:00,54.6
2025-06-12 01:04:00,82.9
2025-06-12 20:16:00,30.8
2025-06-12 14:53:00,37.4
2025-06-12 16:07:00,78.6
2025-06-12 01:30:00,77.0
2025-06-12 06:41:00,30.7
2025-06-12 18:55:00,18.2
2025-06-12 18:41:00,8.1
2025-06-12 05:34:00,65.6
2025-06-12 11:11:00,49.63956792297757
2025-06-12 20:44:00,3.7
2025-06-12 01:51:00,49.63956792297757
2025-06-12 05:16:00,69.0
2025-06-12 13:26:00,3.1
2025-06-12 08:43:00,49.63956792297757
2025-06-12 21:05:00,49.63956792297757
2025-06-12 21:47:00,88.0
2025-06-12 19:23:00,5.6
2025-06-12 07:08:00,84.1
2025-06-12 00:12:00,63.7
2025-06-12 07:07:00,93.5
2025-06-12 09:01:00,15.4
2025-06-12 18:17:00,23.6
2025-06-12 03:42:00,56.3
2025-06-12 03:28:00,79.3
2025-06-12 01:59:00,59.0
2025-06-12 05:07:00,60.9
2025-06-12 15:51:00,15.4
2025-06-12 15:49:00,48.2
2025-06-12 13:59:00,31.4
2025-06-12 13:55:00,52.2
2025-06-12 18:33:00,56.8
2025-06-12 03:40:00,49.63956792297757
2025-06-12 12:14:00,3.0
2025-06-12 10:25:00,39.9
2025-06-12 00:23:00,19.8
2025-06-12 23:17:00,10.7
2025-06-12 09:19:00,73.4
2025-06-12 11:49:00,37.6
2025-06-12 12:59:00,49.63956792297757
2025-06-12 23:38:00,57.8
2025-06-12 21:08:00,28.9
2025-06-12 02:59:00,41.3
2025-06-12 03:45:00,64.6
2025-06-12 13:40:00,64.7
2025-06-12 14:37:00,49.8
2025-06-12 12:51:00,88.4
2025-06-12 05:06:00,50.29152382078261
2025-06-12 02:47:00,51.4
2025-06-12 01:20:00,72.9
2025-06-12 16:46:00,82.7
2025-06-12 01:35:00,64.0
2025-06-12 19:38:00,87.2
2025-06-12 15:48:00,20.2
2025-06-12 07:19:00,10.7
2025-06-12 04:11:00,48.2
2025-06-12 19:32:00,66.4
2025-06-12 02:06:00,39.6
2025-06-12 00:33:00,79.9
2025-06-12 02:02:00,55.0
2025-06-12 00:52:00,48.3
2025-06-12 18:01:00,94.8
2025-06-12 18:20:00,77.7
2025-06-12 18:21:00,85.6
2025-06-12 14:34:00,91.0
2025-06-12 11:50:00,5.7
2025-06-12 18:39:00,82.6
2025-06-12 16:56:00,40.7
2025-06-12 03:37:00,10.4
2025-06-12 02:51:00,50.29152382078261
2025-06-12 22:32:00,20.9
2025-06-12 14:19:00,89.8
2025-06-12 11:20:00,80.3
2025-06-12 21:11:00,87.0
2025-06-12 01:51:00,6.7
2025-06-12 20:13:00,8.0
2025-06-12 17:49:00,98.1
2025-06-12 05:40:00,39.4
2025-06-12 13:16:00,73.4
2025-06-12 02:35:00,29.0
2025-06-12 01:49:00,65.9
2025-06-12 14:17:00,50.29152382078261
2025-06-12 00:12:00,59.6
2025-06-12 22:13:00,30.1
2025-06-12 14:48:00,64.7
2025-06-12 18:16:00,34.5
2025-06-12 03:51:00,32.9
2025-06-12 22:52:00,43.6
2025-06-12 19:24:00,46.9
2025-06-12 13:45:00,50.29152382078261
2025-06-12 17:43:00,91.9
2025-06-12 19:12:00,50.29152382078261
2025-06-12 06:11:00,35.1
2025-06-12 15:39:00,67.6
2025-06-12 09:47:00,3.9
2025-06-12 00:19:00,26.0
2025-06-12 13:53:00,65.3
2025-06-12 12:37:00,2.9
2025-06-12 04:21:00,90.0
2025-06-12 15:41:00,99.9
2025-06-12 10:32:00,24.0
2025-06-12 16:07:00,42.3
2025-06-12 23:58:00,15.5
2025-06-12 09:35:00,71.6
2025-06-12 13:46:00,59.7
2025-06-12 21:16:00,64.3
2025-06-12 16:53:00,69.2
2025-06-12 09:55:00,37.8
2025-06-12 20:33:00,22.8
2025-06-12 07:11:00,91.6
2025-06-12 01:43:00,62.1
2025-06-12 10:33:00,96.3
2025-06-12 10:26:00,0.7
2025-06-12 17:12:00,98.9
2025-06-12 15:00:00,91.2
2025-06-12 15:11:00,79.6
2025-06-12 12:07:00,62.6
2025-06-12 20:24:00,86.9
2025-06-12 00:05:00,70.1
2025-06-12 22:07:00,50.29152382078261
2025-06-12 18:27:00,45.1
2025-06-12 09:26:00,50.29152382078261
2025-06-12 11:25:00,26.8
2025-06-12 01:33:00,83.2
2025-06-12 14:30:00,50.29152382078261
2025-06-12 07:27:00,61.6
2025-06-12 14:09:00,50.29152382078261
2025-06-12 06:38:00,50.29152382078261
2025-06-12 04:53:00,15.8
2025-06-12 05:09:00,70.7
2025-06-12 22:15:00,50.29152382078261
2025-06-12 10:20:00,9.0
2025-06-12 17:54:00,7.0
2025-06-12 03:42:00,43.6
2025-06-12 09:45:00,9.8
2025-06-12 15:40:00,66.6
2025-06-12 02:52:00,50.29152382078261
2025-06-12 07:15:00,71.8
2025-06-12 07:50:00,50.29152382078261
2025-06-12 00:06:00,67.8
2025-06-12 02:23:00,31.5
2025-06-12 19:22:00,72.0
2025-06-12 16:27:00,30.0
2025-06-12 19:06:00,51.6
2025-06-12 15:30:00,98.3
2025-06-12 05:07:00,50.29152382078261
2025-06-12 03:41:00,21.7
2025-06-12 09:59:00,30.4
2025-06-12 04:39:00,50.29152382078261
2025-06-12 12:14:00,84.8
2025-06-12 11:26:00,50.29152382078261
2025-06-12 13:08:00,74.7
2025-06-12 07:06:00,52.4
2025-06-12 06:00:00,41.8
2025-06-12 04:10:00,60.6
2025-06-12 03:28:00,30.9
2025-06-12 02:30:00,47.4
2025-06-12 18:09:00,23.2
2025-06-12 13:09:00,61.1
2025-06-12 07:57:00,42.7
2025-06-12 22:16:00,93.4
2025-06-12 00:40:00,14.4
2025-06-12 12:48:00,19.4
2025-06-12 20:02:00,93.7
2025-06-12 17:33:00,78.2
2025-06-12 04:05:00,44.3
2025-06-12 12:25:00,64.6
2025-06-12 00:43:00,50.29152382078261
2025-06-12 21:13:00,27.4
2025-06-12 10:07:00,46.3
2025-06-12 21:07:00,45.4
2025-06-12 14:04:00,91.0
2025-06-12 18:17:00,50.29152382078261
2025-06-12 20:48:00,4.8
2025-06-12 18:19:00,37.9
2025-06-12 00:25:00,59.7
2025-06-12 08:55:00,50.0
2025-06-12 21:32:00,67.5
2025-06-12 09:17:00,50.29152382078261
2025-06-12 05:22:00,62.5
2025-06-12 09:37:00,19.6
2025-06-12 13:01:00,63.1
2025-06-12 21:10:00,10.2
2025-06-12 02:42:00,6.2
2025-06-12 07:18:00,50.29152382078261
2025-06-12 01:36:00,50.29152382078261
2025-06-12 02:11:00,47.3
2025-06-12 22:10:00,50.29152382078261
2025-06-12 19:37:00,52.0
2025-06-12 14:08:00,29.3
2025-06-12 01:47:00,10.3
2025-06-12 23:29:00,1.9
2025-06-12 09:58:00,44.5
2025-06-12 09:09:00,50.29152382078261
2025-06-12 03:46:00,66.6
2025-06-12 23:04:00,65.9
2025-06-12 20:25:00,63.4
2025-06-12 17:31:00,20.8
2025-06-12 17:03:00,47.2
2025-06-12 04:22:00,30.4
2025-06-12 10:39:00,34.8
2025-06-12 17:57:00,13.8
2025-06-12 01:27:00,50.29152382078261
2025-06-12 18:52:00,50.29152382078261
2025-06-12 02:07:00,25.9
2025-06-12 06:30:00,88.4
2025-06-12 01:38:00,99.3
2025-06-12 11:51:00,74.6
2025-06-12 21:36:00,32.3
2025-06-12 21:24:00,23.8
2025-06-12 02:59:00,65.2
2025-06-12 12:39:00,56.5
2025-06-12 10:22:00,3.0
2025-06-12 12:08:00,27.8
2025-06-12 21:27:00,69.6
2025-06-12 11:47:00,50.29152382078261
2025-06-12 00:20:00,50.29152382078261
2025-06-12 12:32:00,38.9
2025-06-12 20:58:00,62.1
2025-06-12 00:56:00,89.8
2025-06-12 03:24:00,50.29152382078261
2025-06-12 02:54:00,62.2
2025-06-12 19:48:00,46.4
2025-06-12 04:34:00,50.29152382078261
2025-06-12 13:17:00,50.29152382078261
2025-06-12 02:04:00,65.7
2025-06-12 14:24:00,62.2
2025-06-12 23:09:00,2.7
2025-06-12 23:26:00,33.0
2025-06-12 19:33:00,67.2
2025-06-12 08:43:00,50.29152382078261
2025-06-12 13:14:00,21.7
2025-06-12 09:15:00,11.0
2025-06-12 12:22:00,52.4
2025-06-12 14:11:00,50.29152382078261
2025-06-12 13:30:00,49.8
2025-06-12 19:57:00,50.29152382078261
2025-06-12 22:42:00,1.5
2025-06-12 03:30:00,36.6
2025-06-12 10:31:00,32.9
2025-06-12 07:10:00,64.8
2025-06-12 13:59:00,48.9
2025-06-12 12:28:00,62.0
2025-06-12 22:26:00,50.29152382078261
2025-06-12 22:55:00,62.3
2025-06-12 05:50:00,25.3
2025-06-12 20:45:00,20.9
2025-06-12 09:20:00,29.9
2025-06-12 11:55:00,88.6
2025-06-12 04:33:00,46.7
2025-06-12 09:57:00,35.1
2025-06-12 23:35:00,21.7
2025-06-12 10:06:00,74.0
2025-06-12 04:47:00,17.8
2025-06-12 10:05:00,76.4
2025-06-12 07:33:00,97.7
2025-06-12 08:14:00,50.29152382078261
2025-06-12 05:27:00,32.1
2025-06-12 22:59:00,50.29152382078261
2025-06-12 12:23:00,2.7
2025-06-12 09:56:00,51.1
2025-06-12 03:20:00,28.3
2025-06-12 03:26:00,11.1
2025-06-12 05:04:00,50.29152382078261
2025-06-12 07:40:00,30.0
2025-06-12 22:33:00,24.9
2025-06-12 04:14:00,50.29152382078261
2025-06-12 15:53:00,8.3
2025-06-12 03:01:00,53.3
2025-06-12 00:55:00,49.1
2025-06-12 03:44:00,65.0
2025-06-12 05:21:00,43.1
2025-06-12 10:14:00,44.6
2025-06-12 01:10:00,66.2
2025-06-12 23:01:00,29.3
2025-06-12 04:56:00,50.29152382078261
2025-06-12 16:37:00,17.4
2025-06-12 03:10:00,8.7
2025-06-12 14:10:00,22.9
2025-06-12 23:59:00,74.8
2025-06-12 19:34:00,97.8
2025-06-12 12:50:00,77.7
2025-06-12 00:09:00,50.29152382078261
2025-06-12 06:52:00,17.8
2025-06-12 09:52:00,7.7
2025-06-12 05:57:00,90.4
2025-06-12 19:23:00,50.29152382078261
2025-06-12 17:22:00,22.3
2025-06-12 22:54:00,81.0
2025-06-12 01:56:00,78.5
2025-06-12 11:00:00,8.5
2025-06-12 17:05:00,17.1
2025-06-12 18:12:00,25.3
2025-06-12 11:49:00,80.4
2025-06-12 01:59:00,67.9
2025-06-12 18:33:00,50.29152382078261
2025-06-12 22:58:00,61.9
2025-06-12 00:54:00,49.0
2025-06-12 17:37:00,33.7
2025-06-12 21:59:00,45.4
2025-06-12 23:47:00,45.9
2025-06-12 15:49:00,52.5
2025-06-12 07:20:00,50.29152382078261
2025-06-12 08:16:00,50.29152382078261
2025-06-12 18:04:00,99.4
2025-06-12 14:55:00,50.29152382078261
2025-06-12 02:37:00,85.8
2025-06-12 18:30:00,35.0
2025-06-12 03:09:00,20.1
2025-06-12 15:34:00,10.2
2025-06-12 02:03:00,72.3
2025-06-12 10:13:00,93.8
2025-06-12 00:02:00,50.29152382078261
2025-06-12 05:08:00,95.8
2025-06-12 11:13:00,63.1
2025-06-12 23:32:00,81.1
2025-06-12 12:41:00,48.0
2025-06-12 17:44:00,92.5
2025-06-12 06:12:00,15.9
2025-06-12 01:21:00,19.2
2025-06-12 15:56:00,52.1
2025-06-12 18:59:00,40.1
2025-06-12 07:16:00,62.5
2025-06-12 20:11:00,53.0
2025-06-12 01:34:00,99.9
2025-06-12 03:13:00,62.0
2025-06-12 12:16:00,60.3
2025-06-12 17:36:00,25.4
2025-06-12 09:10:00,90.2
2025-06-12 05:49:00,63.9
2025-06-12 07:54:00,1.9
2025-06-12 08:03:00,6.1
2025-06-12 20:00:00,50.29152382078261
2025-06-12 19:15:00,97.7
2025-06-12 07:14:00,73.5
2025-06-12 05:10:00,58.9
2025-06-12 14:07:00,19.0
2025-06-12 15:14:00,50.29152382078261
2025-06-12 18:55:00,81.3
2025-06-12 19:51:00,12.2
2025-06-12 06:04:00,50.15830883217688
2025-06-12 18:43:00,92.7
2025-06-12 14:58:00,2.2
2025-06-12 19:42:00,80.5
2025-06-12 12:01:00,45.4
2025-06-12 07:25:00,15.7
2025-06-12 02:08:00,51.5
2025-06-12 17:31:00,3.7
2025-06-12 07:43:00,27.7
2025-06-12 22:12:00,13.3
2025-06-12 06:26:00,97.1
2025-06-12 04:18:00,77.3
2025-06-12 12:13:00,36.1
2025-06-12 21:20:00,38.6
2025-06-12 04:30:00,50.15830883217688
2025-06-12 05:10:00,1.3
2025-06-12 12:22:00,14.3
2025-06-12 01:56:00,41.1
2025-06-12 08:52:00,16.9
2025-06-12 02:58:00,50.15830883217688
2025-06-12 05:36:00,39.3
2025-06-12 00:40:00,42.6
2025-06-12 02:13:00,78.1
2025-06-12 19:02:00,50.15830883217688
2025-06-12 23:22:00,50.15830883217688
2025-06-12 03:16:00,88.0
2025-06-12 14:13:00,13.0
2025-06-12 00:51:00,9.5
2025-06-12 09:50:00,77.8
2025-06-12 21:43:00,93.4
2025-06-12 08:48:00,50.15830883217688
2025-06-12 09:59:00,18.6
2025-06-12 05:32:00,41.0
2025-06-12 14:16:00,97.0
2025-06-12 05:45:00,50.15830883217688
2025-06-12 01:08:00,82.5
2025-06-12 11:18:00,92.6
2025-06-12 18:33:00,97.5
2025-06-12 09:54:00,50.15830883217688
2025-06-12 05:21:00,20.2
2025-06-12 14:33:00,81.9
2025-06-12 18:44:00,99.1
2025-06-12 07:07:00,89.1
2025-06-12 09:57:00,58.8
2025-06-12 23:27:00,50.15830883217688
2025-06-12 12:32:00,32.2
2025-06-12 03:36:00,61.3
2025-06-12 13:12:00,45.5
2025-06-12 06:25:00,50.15830883217688
2025-06-12 20:50:00,38.4
2025-06-12 20:45:00,50.15830883217688
2025-06-12 22:10:00,49.9
2025-06-12 22:16:00,30.9
2025-06-12 09:40:00,86.0
2025-06-12 02:31:00,64.6
2025-06-12 08:00:00,50.15830883217688
2025-06-12 19:12:00,46.1
2025-06-12 18:27:00,50.15830883217688
2025-06-12 08:03:00,80.5
2025-06-12 18:23:00,51.3
2025-06-12 18:15:00,75.9
2025-06-12 05:09:00,3.3
2025-06-12 17:39:00,38.9
2025-06-12 12:24:00,21.4
2025-06-12 03:51:00,50.15830883217688
2025-06-12 00:38:00,50.15830883217688
2025-06-12 07:13:00,14.9
2025-06-12 10:12:00,66.1
2025-06-12 15:33:00,50.3
2025-06-12 07:22:00,47.0
2025-06-12 01:04:00,78.0
2025-06-12 02:07:00,20.1
2025-06-12 06:21:00,45.8
2025-06-12 04:07:00,3.9
2025-06-12 14:53:00,16.8
2025-06-12 23:39:00,74.7
2025-06-12 08:26:00,63.8
2025-06-12 02:42:00,59.2
2025-06-12 06:53:00,54.9
2025-06-12 16:42:00,72.1
2025-06-12 12:17:00,50.15830883217688
2025-06-12 19:01:00,37.4
2025-06-12 06:40:00,62.4
2025-06-12 07:42:00,12.0
2025-06-12 18:07:00,0.6
2025-06-12 16:51:00,90.6
2025-06-12 04:23:00,45.8
2025-06-12 04:04:00,99.9
2025-06-12 22:59:00,97.5
2025-06-12 05:18:00,28.4
2025-06-12 17:12:00,61.7
2025-06-12 18:47:00,89.4
2025-06-12 18:51:00,93.9
2025-06-12 19:18:00,99.0
2025-06-12 05:48:00,71.1
2025-06-12 06:16:00,50.15830883217688
2025-06-12 05:22:00,50.15830883217688
2025-06-12 05:54:00,37.3
2025-06-12 18:10:00,8.6
2025-06-12 12:33:00,6.2
2025-06-12 21:25:00,19.9
2025-06-12 10:57:00,50.15830883217688
2025-06-12 22:20:00,44.5
2025-06-12 12:50:00,33.6
2025-06-12 00:11:00,47.2
2025-06-12 04:45:00,74.4
2025-06-12 13:55:00,4.5
2025-06-12 06:28:00,66.8
2025-06-12 03:10:00,10.3
2025-06-12 23:28:00,75.7
2025-06-12 04:58:00,59.4
2025-06-12 03:41:00,79.7
2025-06-12 21:08:00,58.0
2025-06-12 20:42:00,28.6
2025-06-12 21:04:00,50.15830883217688
2025-06-12 13:35:00,34.0
2025-06-12 04:10:00,55.2
2025-06-12 13:16:00,8.4
2025-06-12 07:20:00,43.1
2025-06-12 18:06:00,66.5
2025-06-12 07:14:00,65.5
2025-06-12 13:47:00,28.7
2025-06-12 03:01:00,51.8
2025-06-12 21:50:00,7.9
2025-06-12 07:28:00,97.7
2025-06-12 07:00:00,15.9
2025-06-12 23:51:00,1.3
2025-06-12 06:45:00,8.0
2025-06-12 11:31:00,61.8
2025-06-12 01:10:00,5.6
2025-06-12 05:42:00,6.1
2025-06-12 16:39:00,48.3
2025-06-12 21:58:00,30.6
2025-06-12 17:36:00,95.8
2025-06-12 09:30:00,36.7
2025-06-12 20:49:00,55.7
2025-06-12 09:32:00,50.15830883217688
2025-06-12 00:28:00,50.15830883217688
2025-06-12 10:29:00,24.6
2025-06-12 16:46:00,67.8
2025-06-12 07:16:00,50.15830883217688
2025-06-12 03:05:00,42.7
2025-06-12 16:08:00,90.8
2025-06-12 02:22:00,24.2
2025-06-12 00:13:00,56.2
2025-06-12 07:56:00,38.5
2025-06-12 22:50:00,85.0
2025-06-12 23:36:00,92.8
2025-06-12 01:35:00,32.3
2025-06-12 09:29:00,84.9
2025-06-12 16:20:00,15.5
2025-06-12 11:39:00,46.7
2025-06-12 23:05:00,81.7
2025-06-12 10:48:00,50.15830883217688
2025-06-12 07:17:00,29.5
2025-06-12 00:21:00,62.4
2025-06-12 17:18:00,79.7
2025-06-12 17:33:00,90.8
2025-06-12 10:14:00,3.2
2025-06-12 17:00:00,8.8
2025-06-12 07:46:00,74.6
2025-06-12 05:15:00,33.4
2025-06-12 15:08:00,60.7
2025-06-12 00:18:00,95.0
2025-06-12 13:11:00,49.3
2025-06-12 19:23:00,50.15830883217688
2025-06-12 17:28:00,44.9
2025-06-12 16:15:00,25.8
2025-06-12 06:55:00,96.6
2025-06-12 00:29:00,59.5
2025-06-12 21:32:00,50.15830883217688
2025-06-12 22:39:00,77.9
2025-06-12 01:32:00,83.5
2025-06-12 15:16:00,97.0
2025-06-12 04:06:00,14.3
2025-06-12 20:56:00,86.7
2025-06-12 14:00:00,84.5
2025-06-12 08:39:00,58.1
2025-06-12 23:49:00,29.2
2025-06-12 07:24:00,92.2
2025-06-12 20:48:00,54.5
2025-06-12 17:05:00,98.8
2025-06-12 19:17:00,12.3
2025-06-12 20:18:00,50.15830883217688
2025-06-12 17:19:00,50.15830883217688
2025-06-12 18:36:00,22.0
2025-06-12 08:49:00,43.4
2025-06-12 18:45:00,48.1
2025-06-12 00:50:00,79.5
2025-06-12 10:23:00,41.1
2025-06-12 14:19:00,71.0
2025-06-12 01:18:00,55.1
2025-06-12 17:35:00,50.15830883217688
2025-06-12 19:56:00,57.2
2025-06-12 22:52:00,92.8
2025-06-12 06:42:00,84.5
2025-06-12 20:28:00,84.2
2025-06-12 04:28:00,25.8
2025-06-12 05:07:00,50.15830883217688
2025-06-12 16:02:00,43.5
2025-06-12 10:32:00,74.3
2025-06-12 12:56:00,9.7
2025-06-12 11:11:00,2.9
2025-06-12 08:15:00,70.0
2025-06-12 06:13:00,50.15830883217688
2025-06-12 09:51:00,78.8
2025-06-12 19:55:00,59.5
2025-06-12 01:46:00,90.1
2025-06-12 01:44:00,46.2
2025-06-12 11:57:00,39.2
2025-06-12 23:29:00,6.6
2025-06-12 20:43:00,39.8
2025-06-12 03:06:00,50.15830883217688
2025-06-12 12:59:00,8.4
2025-06-12 03:20:00,69.2
2025-06-12 12:16:00,50.15830883217688
2025-06-12 05:28:00,86.4
2025-06-12 07:59:00,90.7
2025-06-12 22:28:00,64.9
2025-06-12 21:52:00,66.7
2025-06-12 03:38:00,54.0
2025-06-12 21:10:00,1.3
2025-06-12 00:33:00,43.6
2025-06-12 19:31:00,59.0
2025-06-12 03:46:00,50.15830883217688
2025-06-12 22:47:00,48.5
2025-06-12 17:14:00,83.4
2025-06-12 08:18:00,61.7
2025-06-12 20:35:00,6.5
2025-06-12 06:18:00,80.5
2025-06-12 09:18:00,86.3
2025-06-12 09:05:00,37.2
2025-06-12 21:28:00,39.2
2025-06-12 13:57:00,40.0
2025-06-12 21:18:00,75.4
2025-06-12 14:50:00,98.8
2025-06-12 17:03:00,56.9
2025-06-12 19:33:00,72.5
2025-06-12 01:06:00,37.6
2025-06-12 04:56:00,50.15830883217688
2025-06-12 11:16:00,50.15830883217688
2025-06-12 22:05:00,30.0
2025-06-12 11:33:00,69.3
2025-06-12 03:34:00,32.8
2025-06-12 16:17:00,16.6
2025-06-12 13:31:00,50.15830883217688
2025-06-12 05:44:00,12.8
2025-06-12 08:58:00,28.3
2025-06-12 17:52:00,66.4
2025-06-12 19:35:00,27.1
2025-06-12 04:14:00,97.5
2025-06-12 03:23:00,85.2
2025-06-12 19:03:00,4.7
2025-06-12 06:12:00,50.15830883217688
2025-06-12 07:09:00,81.9
2025-06-12 06:09:00,86.8
2025-06-12 01:30:00,17.4
2025-06-12 15:42:00,50.15830883217688
2025-06-12 12:03:00,59.8
2025-06-12 11:43:00,50.15830883217688
2025-06-12 05:27:00,25.2
2025-06-12 10:03:00,70.5
2025-06-12 13:37:00,85.5
2025-06-12 08:55:00,97.2
2025-06-12 10:09:00,22.4
2025-06-12 19:45:00,8.3
2025-06-12 11:07:00,50.15830883217688
2025-06-12 15:15:00,82.9
2025-06-12 06:44:00,61.0
2025-06-12 15:32:00,75.3
2025-06-12 19:38:00,69.4
2025-06-12 03:17:00,42.9
2025-06-12 00:44:00,45.2
2025-06-12 13:54:00,50.15830883217688
2025-06-12 01:07:00,92.1
2025-06-12 09:04:00,83.2
2025-06-12 03:12:00,89.1
2025-06-12 06:05:00,40.7
2025-06-12 19:19:00,68.8
2025-06-12 05:57:00,92.9
2025-06-12 06:46:00,50.15830883217688
2025-06-12 08:10:00,94.9
2025-06-12 08:36:00,81.2
2025-06-12 21:41:00,42.3
2025-06-12 23:53:00,46.9
2025-06-12 09:27:00,16.9
2025-06-12 19:13:00,52.2
2025-06-12 05:59:00,85.0
2025-06-12 07:21:00,29.6
2025-06-12 09:11:00,15.9
2025-06-12 20:36:00,12.8
2025-06-12 06:19:00,76.9
2025-06-12 00:42:00,63.4
2025-06-12 03:22:00,98.4
2025-06-12 14:02:00,32.1
2025-06-12 10:06:00,3.4
2025-06-12 18:39:00,51.2
2025-06-12 13:06:00,36.5
2025-06-12 21:22:00,61.6
2025-06-12 02:30:00,31.5
2025-06-12 10:44:00,68.5
2025-06-12 02:12:00,4.6
2025-06-12 13:43:00,50.5
2025-06-12 03:18:00,50.8
2025-06-12 08:57:00,75.9
2025-06-12 07:11:00,19.9
2025-06-12 22:45:00,20.9
2025-06-12 14:51:00,83.4
2025-06-12 13:17:00,50.05645730416373
2025-06-12 18:18:00,47.7
2025-06-12 10:43:00,52.3
2025-06-12 01:47:00,36.0
2025-06-12 10:14:00,62.1
2025-06-12 09:55:00,50.05645730416373
2025-06-12 07:00:00,40.3
2025-06-12 14:13:00,1.5
2025-06-12 11:30:00,25.3
2025-06-12 08:54:00,80.8
2025-06-12 17:34:00,80.2
2025-06-12 22:40:00,64.2
2025-06-12 06:13:00,88.4
2025-06-12 03:56:00,41.7
2025-06-12 02:16:00,17.3
2025-06-12 04:16:00,47.6
2025-06-12 21:14:00,7.9
2025-06-12 07:05:00,50.05645730416373
2025-06-12 01:50:00,41.1
2025-06-12 23:32:00,9.2
2025-06-12 11:52:00,28.0
2025-06-12 23:50:00,47.1
2025-06-12 15:22:00,3.9
2025-06-12 16:00:00,87.0
2025-06-12 00:44:00,73.7
2025-06-12 16:10:00,72.3
2025-06-12 14:14:00,5.2
2025-06-12 19:45:00,55.2
2025-06-12 02:54:00,50.05645730416373
2025-06-12 22:42:00,81.9
2025-06-12 12:02:00,50.05645730416373
2025-06-12 18:55:00,50.05645730416373
2025-06-12 18:44:00,50.9
2025-06-12 02:50:00,25.6
2025-06-12 10:27:00,50.05645730416373
2025-06-12 10:45:00,58.5
2025-06-12 15:17:00,36.6
2025-06-12 08:28:00,17.8
2025-06-12 11:45:00,45.4
2025-06-12 03:12:00,42.9
2025-06-12 23:58:00,50.05645730416373
2025-06-12 22:56:00,64.3
2025-06-12 22:08:00,31.8
2025-06-12 20:29:00,50.05645730416373
2025-06-12 06:22:00,85.3
2025-06-12 00:47:00,37.4
2025-06-12 00:35:00,79.9
2025-06-12 14:30:00,47.9
2025-06-12 21:49:00,69.3
2025-06-12 20:49:00,50.05645730416373
2025-06-12 14:47:00,68.6
2025-06-12 23:07:00,17.7
2025-06-12 06:52:00,59.1
2025-06-12 19:24:00,75.8
2025-06-12 02:09:00,68.1
2025-06-12 12:27:00,58.4
2025-06-12 20:22:00,50.05645730416373
2025-06-12 06:17:00,50.05645730416373
2025-06-12 20:32:00,56.9
2025-06-12 17:01:00,85.7
2025-06-12 04:06:00,19.9
2025-06-12 12:23:00,41.1
2025-06-12 06:39:00,57.0
2025-06-12 03:51:00,44.6
2025-06-12 13:08:00,73.1
2025-06-12 04:37:00,90.5
2025-06-12 04:25:00,30.6
2025-06-12 11:03:00,26.9
2025-06-12 03:21:00,76.1
2025-06-12 22:24:00,69.7
2025-06-12 03:09:00,83.9
2025-06-12 22:20:00,30.9
2025-06-12 12:04:00,22.5
2025-06-12 22:15:00,28.7
2025-06-12 23:30:00,80.1
2025-06-12 22:01:00,93.3
2025-06-12 21:06:00,50.05645730416373
2025-06-12 01:33:00,17.5
2025-06-12 04:48:00,47.1
2025-06-12 19:34:00,99.7
2025-06-12 18:17:00,39.3
2025-06-12 11:25:00,24.8
2025-06-12 14:42:00,97.3
2025-06-12 03:11:00,39.1
2025-06-12 16:29:00,50.05645730416373
2025-06-12 06:33:00,50.05645730416373
2025-06-12 22:09:00,50.05645730416373
2025-06-12 18:16:00,94.8
2025-06-12 03:16:00,60.1
2025-06-12 16:36:00,31.6
2025-06-12 18:32:00,95.5
2025-06-12 17:30:00,60.3
2025-06-12 22:29:00,64.7
2025-06-12 09:17:00,25.1
2025-06-12 11:59:00,50.05645730416373
2025-06-12 10:26:00,26.4
2025-06-12 16:40:00,76.3
2025-06-12 09:07:00,80.2
2025-06-12 12:06:00,19.2
2025-06-12 18:47:00,22.2
2025-06-12 11:11:00,43.6
2025-06-12 04:07:00,73.9
2025-06-12 17:40:00,95.8
2025-06-12 08:37:00,93.6
2025-06-12 01:11:00,43.6
2025-06-12 21:34:00,60.1
2025-06-12 16:20:00,23.2
2025-06-12 12:52:00,5.3
2025-06-12 17:38:00,12.7
2025-06-12 14:44:00,49.5
2025-06-12 13:14:00,50.05645730416373
2025-06-12 08:16:00,86.4
2025-06-12 13:28:00,20.4
2025-06-12 05:41:00,13.8
2025-06-12 08:17:00,51.2
2025-06-12 03:20:00,72.6
2025-06-12 14:57:00,50.05645730416373
2025-06-12 05:37:00,37.0
2025-06-12 15:53:00,64.5
2025-06-12 11:01:00,2.8
2025-06-12 07:10:00,47.0
2025-06-12 11:43:00,93.3
2025-06-12 20:31:00,91.6
2025-06-12 09:56:00,13.4
2025-06-12 05:58:00,95.3
2025-06-12 14:20:00,50.05645730416373
2025-06-12 01:38:00,6.6
2025-06-12 05:17:00,56.3
2025-06-12 02:44:00,92.7
2025-06-12 08:43:00,49.2
2025-06-12 19:17:00,55.5
2025-06-12 23:23:00,97.4
2025-06-12 13:35:00,11.6
2025-06-12 23:13:00,87.8
2025-06-12 16:39:00,15.8
2025-06-12 02:34:00,61.3
2025-06-12 07:25:00,51.6
2025-06-12 12:49:00,21.9
2025-06-12 08:21:00,29.2
2025-06-12 18:58:00,11.3
2025-06-12 07:38:00,47.9
2025-06-12 15:39:00,9.5
2025-06-12 07:45:00,7.9
2025-06-12 03:01:00,16.4
2025-06-12 18:00:00,59.3
2025-06-12 14:03:00,16.5
2025-06-12 12:39:00,28.2
2025-06-12 01:13:00,50.05645730416373
2025-06-12 04:33:00,50.05645730416373
2025-06-12 04:13:00,89.7
2025-06-12 06:29:00,32.8
2025-06-12 14:23:00,20.3
2025-06-12 02:31:00,50.05645730416373
2025-06-12 07:04:00,68.8
2025-06-12 06:35:00,33.6
2025-06-12 16:19:00,85.4
2025-06-12 08:30:00,50.05645730416373
2025-06-12 10:00:00,77.8
2025-06-12 04:40:00,50.05645730416373
2025-06-12 21:05:00,15.9
2025-06-12 15:59:00,92.1
2025-06-12 01:42:00,87.2
2025-06-12 01:56:00,60.1
2025-06-12 20:13:00,31.1
2025-06-12 13:21:00,63.3
2025-06-12 21:33:00,5.1
2025-06-12 00:07:00,38.8
2025-06-12 19:42:00,50.05645730416373
2025-06-12 01:21:00,31.6
2025-06-12 08:42:00,28.7
2025-06-12 18:43:00,35.9
2025-06-12 09:48:00,49.7
2025-06-12 19:00:00,43.5
2025-06-12 15:18:00,50.05645730416373
2025-06-12 07:54:00,50.05645730416373
2025-06-12 19:23:00,35.4
2025-06-12 11:26:00,12.4
2025-06-12 03:14:00,21.6
2025-06-12 05:16:00,71.8
2025-06-12 21:47:00,74.7
2025-06-12 14:08:00,50.05645730416373
2025-06-12 22:50:00,38.4
2025-06-12 22:07:00,80.3
2025-06-12 18:41:00,1.9
2025-06-12 15:51:00,50.05645730416373
2025-06-12 15:52:00,69.5
2025-06-12 19:26:00,50.05645730416373
2025-06-12 08:22:00,68.0
2025-06-12 16:41:00,50.05645730416373
2025-06-12 00:52:00,2.8
2025-06-12 00:22:00,50.05645730416373
2025-06-12 09:16:00,83.5
2025-06-12 04:11:00,97.0
2025-06-12 09:35:00,27.4
2025-06-12 01:15:00,35.3
2025-06-12 09:37:00,71.5
2025-06-12 00:10:00,76.5
2025-06-12 06:58:00,90.1
2025-06-12 11:41:00,58.3
2025-06-12 20:53:00,0.7
2025-06-12 05:19:00,18.9
2025-06-12 16:54:00,50.05645730416373
2025-06-12 11:37:00,27.3
2025-06-12 14:28:00,50.05645730416373
2025-06-12 21:19:00,67.6
2025-06-12 19:21:00,46.6
2025-06-12 06:28:00,37.3
2025-06-12 01:48:00,67.8
2025-06-12 03:50:00,50.05645730416373
2025-06-12 21:04:00,98.1
2025-06-12 18:56:00,73.2
2025-06-12 21:43:00,58.7
2025-06-12 18:21:00,32.7
2025-06-12 13:15:00,61.5
2025-06-12 23:41:00,21.4
2025-06-12 05:51:00,16.5
2025-06-12 06:20:00,87.4
2025-06-12 13:05:00,56.6
2025-06-12 00:23:00,27.6
2025-06-12 18:39:00,56.5
2025-06-12 18:28:00,91.5
2025-06-12 02:57:00,50.05645730416373
2025-06-12 07:16:00,86.9
2025-06-12 00:14:00,4.7
2025-06-12 21:22:00,48.2
2025-06-12 04:08:00,18.3
2025-06-12 18:11:00,8.6
2025-06-12 10:38:00,1.2
2025-06-12 03:54:00,12.2
2025-06-12 00:01:00,89.9
2025-06-12 16:08:00,50.05645730416373
2025-06-12 10:11:00,39.3
2025-06-12 22:21:00,64.9
2025-06-12 23:57:00,7.1
2025-06-12 17:27:00,15.5
2025-06-12 16:52:00,75.6
2025-06-12 05:04:00,77.5
2025-06-12 01:23:00,63.1
2025-06-12 03:15:00,0.9
2025-06-12 03:52:00,50.05645730416373
2025-06-12 15:45:00,9.9
2025-06-12 23:29:00,50.05645730416373
2025-06-12 02:10:00,92.8
2025-06-12 23:53:00,58.2
2025-06-12 02:33:00,38.7
2025-06-12 03:57:00,50.05645730416373
2025-06-12 01:03:00,28.1
2025-06-12 20:25:00,72.1
2025-06-12 00:02:00,61.0
2025-06-12 19:15:00,24.9
2025-06-12 15:25:00,43.3
2025-06-12 07:07:00,73.3
2025-06-12 06:54:00,62.9
2025-06-12 16:18:00,60.1
2025-06-12 02:00:00,9.8
2025-06-12 23:02:00,50.05645730416373
2025-06-12 12:09:00,77.7
2025-06-12 19:58:00,28.4
2025-06-12 06:37:00,64.6
2025-06-12 15:44:00,40.8
2025-06-12 13:53:00,14.8
2025-06-12 11:07:00,28.6
2025-06-12 09:25:00,64.2
2025-06-12 15:35:00,31.3
2025-06-12 09:38:00,56.2
2025-06-12 00:36:00,3.7
2025-06-12 21:23:00,50.05645730416373
2025-06-12 23:42:00,67.8
2025-06-12 15:19:00,26.2
2025-06-12 03:04:00,37.7
2025-06-12 23:11:00,28.0
2025-06-12 20:58:00,66.4
2025-06-12 01:17:00,70.7
2025-06-12 06:19:00,59.1
2025-06-12 11:19:00,3.8
2025-06-12 05:57:00,7.9
2025-06-12 11:18:00,67.6
2025-06-12 18:03:00,34.8
2025-06-12 06:08:00,23.2
2025-06-12 11:02:00,50.05645730416373
2025-06-12 15:03:00,50.05645730416373
2025-06-12 17:08:00,50.05645730416373
2025-06-12 05:49:00,36.4
2025-06-12 02:58:00,64.5
2025-06-12 12:45:00,8.0
2025-06-12 11:05:00,21.4
2025-06-12 03:36:00,98.7
2025-06-12 21:25:00,55.2
2025-06-12 20:38:00,96.6
2025-06-12 14:18:00,24.1
2025-06-12 02:36:00,50.05645730416373
2025-06-12 19:36:00,68.1
2025-06-12 00:38:00,27.5
2025-06-12 22:28:00,99.1
2025-06-12 15:58:00,11.3
2025-06-12 15:50:00,85.0
2025-06-12 12:35:00,14.6
2025-06-12 13:09:00,87.8
2025-06-12 08:13:00,15.2
2025-06-12 01:51:00,43.3
2025-06-12 10:47:00,20.5
2025-06-12 16:04:00,10.8
2025-06-12 23:39:00,69.0
2025-06-12 05:39:00,40.8
2025-06-12 05:08:00,29.4
2025-06-12 08:27:00,38.3
2025-06-12 21:44:00,1.1
2025-06-12 10:24:00,20.3
2025-06-12 17:41:00,71.1
2025-06-12 14:58:00,49.90502819548872
2025-06-12 12:45:00,95.3
2025-06-12 01:00:00,84.1
2025-06-12 12:12:00,42.1
2025-06-12 12:34:00,49.90502819548872
2025-06-12 20:12:00,5.9
2025-06-12 08:58:00,98.1
2025-06-12 07:12:00,44.1
2025-06-12 13:03:00,5.7
2025-06-12 15:14:00,83.2
2025-06-12 15:48:00,26.8
2025-06-12 04:23:00,19.6
2025-06-12 18:24:00,72.0
2025-06-12 22:15:00,61.1
2025-06-12 01:28:00,28.3
2025-06-12 01:44:00,52.4
2025-06-12 07:32:00,49.90502819548872
2025-06-12 19:17:00,54.5
2025-06-12 10:51:00,49.0
2025-06-12 01:03:00,94.7
2025-06-12 22:46:00,5.8
2025-06-12 09:21:00,57.3
2025-06-12 22:39:00,49.90502819548872
2025-06-12 20:49:00,49.90502819548872
2025-06-12 14:40:00,68.5
2025-06-12 13:42:00,59.4
2025-06-12 02:08:00,62.5
2025-06-12 20:22:00,90.5
2025-06-12 03:35:00,49.90502819548872
2025-06-12 22:11:00,42.9
2025-06-12 03:50:00,11.8
2025-06-12 01:34:00,49.90502819548872
2025-06-12 16:35:00,27.7
2025-06-12 10:12:00,1.3
2025-06-12 01:05:00,14.2
2025-06-12 11:20:00,24.9
2025-06-12 08:32:00,53.2
2025-06-12 19:23:00,50.0
2025-06-12 09:29:00,42.7
2025-06-12 15:42:00,5.4
2025-06-12 09:34:00,76.8
2025-06-12 22:42:00,61.5
2025-06-12 14:06:00,11.8
2025-06-12 23:34:00,9.1
2025-06-12 10:14:00,49.90502819548872
2025-06-12 20:55:00,46.5
2025-06-12 10:42:00,4.5
2025-06-12 13:53:00,61.0
2025-06-12 23:11:00,84.9
2025-06-12 12:33:00,73.8
2025-06-12 09:47:00,33.7
2025-06-12 09:12:00,57.8
2025-06-12 06:18:00,49.90502819548872
2025-06-12 06:19:00,3.5
2025-06-12 17:23:00,49.90502819548872
2025-06-12 16:01:00,1.6
2025-06-12 07:03:00,27.1
2025-06-12 16:02:00,49.90502819548872
2025-06-12 16:40:00,85.6
2025-06-12 00:02:00,80.8
2025-06-12 07:08:00,58.9
2025-06-12 00:44:00,75.4
2025-06-12 05:55:00,47.0
2025-06-12 16:36:00,44.6
2025-06-12 04:49:00,8.4
2025-06-12 16:57:00,60.3
2025-06-12 14:24:00,23.3
2025-06-12 01:46:00,79.6
2025-06-12 09:08:00,63.1
2025-06-12 08:12:00,78.5
2025-06-12 12:20:00,46.3
2025-06-12 09:55:00,49.90502819548872
2025-06-12 21:01:00,52.9
2025-06-12 00:57:00,39.7
2025-06-12 19:50:00,70.0
2025-06-12 03:20:00,3.4
2025-06-12 15:07:00,49.90502819548872
2025-06-12 16:56:00,60.5
2025-06-12 04:25:00,49.90502819548872
2025-06-12 02:06:00,64.5
2025-06-12 03:38:00,49.90502819548872
2025-06-12 14:07:00,49.90502819548872
2025-06-12 19:48:00,5.0
2025-06-12 20:25:00,86.4
2025-06-12 04:50:00,34.5
2025-06-12 15:54:00,3.5
2025-06-12 19:42:00,89.7
2025-06-12 23:16:00,49.90502819548872
2025-06-12 14:37:00,3.3
2025-06-12 23:47:00,92.9
2025-06-12 05:43:00,19.6
2025-06-12 02:38:00,4.6
2025-06-12 20:26:00,68.1
2025-06-12 21:22:00,76.8
2025-06-12 08:27:00,80.0
2025-06-12 19:15:00,23.4
2025-06-12 11:53:00,51.7
2025-06-12 07:25:00,72.5
2025-06-12 17:34:00,39.0
2025-06-12 19:26:00,28.9
2025-06-12 03:22:00,80.8
2025-06-12 17:56:00,51.3
2025-06-12 11:03:00,49.90502819548872
2025-06-12 07:13:00,15.1
2025-06-12 01:33:00,89.1
2025-06-12 19:45:00,23.0
2025-06-12 20:51:00,17.6
2025-06-12 22:24:00,53.9
2025-06-12 14:18:00,89.2
2025-06-12 19:22:00,94.1
2025-06-12 06:26:00,49.90502819548872
2025-06-12 19:08:00,67.7
2025-06-12 18:41:00,94.7
2025-06-12 22:36:00,11.6
2025-06-12 05:40:00,29.1
2025-06-12 10:21:00,66.4
2025-06-12 11:59:00,59.1
2025-06-12 09:23:00,76.8
2025-06-12 19:24:00,92.2
2025-06-12 22:38:00,49.90502819548872
2025-06-12 15:09:00,29.7
2025-06-12 18:23:00,41.9
2025-06-12 18:59:00,49.90502819548872
2025-06-12 02:40:00,24.7
2025-06-12 19:31:00,9.3
2025-06-12 03:15:00,94.4
2025-06-12 12:02:00,70.4
2025-06-12 06:06:00,19.9
2025-06-12 06:36:00,86.0
2025-06-12 18:05:00,8.0
2025-06-12 10:05:00,49.90502819548872
2025-06-12 19:09:00,59.6
2025-06-12 16:05:00,97.6
2025-06-12 20:53:00,98.9
2025-06-12 09:39:00,49.90502819548872
2025-06-12 00:35:00,86.2
2025-06-12 05:13:00,54.4
2025-06-12 03:27:00,73.6
2025-06-12 17:07:00,84.0
2025-06-12 21:57:00,96.1
2025-06-12 10:55:00,89.4
2025-06-12 08:56:00,99.1
2025-06-12 18:46:00,47.0
2025-06-12 05:10:00,42.3
2025-06-12 06:01:00,14.4
2025-06-12 02:43:00,21.8
2025-06-12 22:13:00,29.3
2025-06-12 19:59:00,49.90502819548872
2025-06-12 22:43:00,92.5
2025-06-12 17:26:00,49.90502819548872
2025-06-12 19:13:00,32.2
2025-06-12 17:05:00,85.0
2025-06-12 10:20:00,4.0
2025-06-12 15:27:00,14.3
2025-06-12 08:43:00,36.1
2025-06-12 06:42:00,13.9
2025-06-12 09:44:00,31.6
2025-06-12 05:35:00,50.1
2025-06-12 21:04:00,11.3
2025-06-12 15:33:00,49.90502819548872
2025-06-12 09:46:00,49.90502819548872
2025-06-12 06:38:00,68.9
2025-06-12 02:10:00,29.8
2025-06-12 01:14:00,33.0
2025-06-12 03:02:00,24.5
2025-06-12 05:17:00,49.90502819548872
2025-06-12 05:23:00,49.90502819548872
2025-06-12 00:52:00,87.9
2025-06-12 08:17:00,83.2
2025-06-12 17:38:00,88.8
2025-06-12 00:22:00,90.2
2025-06-12 19:38:00,3.8
2025-06-12 06:12:00,88.0
2025-06-12 21:02:00,49.90502819548872
2025-06-12 23:18:00,61.2
2025-06-12 12:53:00,76.6
2025-06-12 20:38:00,63.0
2025-06-12 20:08:00,33.5
2025-06-12 13:20:00,0.2
2025-06-12 11:21:00,6.7
2025-06-12 11:48:00,16.2
2025-06-12 03:54:00,53.7
2025-06-12 01:18:00,13.2
2025-06-12 06:09:00,30.3
2025-06-12 15:55:00,19.5
2025-06-12 02:00:00,58.7
2025-06-12 16:54:00,60.3
2025-06-12 05:47:00,37.7
2025-06-12 01:11:00,80.8
2025-06-12 12:59:00,52.2
2025-06-12 10:23:00,32.6
2025-06-12 21:45:00,8.5
2025-06-12 10:11:00,49.90502819548872
2025-06-12 19:53:00,62.2
2025-06-12 05:01:00,41.8
2025-06-12 17:03:00,52.2
2025-06-12 19:30:00,29.7
2025-06-12 20:14:00,84.5
2025-06-12 20:50:00,48.0
2025-06-12 18:20:00,49.6
2025-06-12 21:56:00,39.3
2025-06-12 11:45:00,54.0
2025-06-12 13:05:00,15.3
2025-06-12 00:54:00,41.9
2025-06-12 20:01:00,96.3
2025-06-12 13:55:00,41.0
2025-06-12 23:57:00,70.0
2025-06-12 05:07:00,30.4
2025-06-12 22:50:00,88.9
2025-06-12 15:03:00,76.1
2025-06-12 20:16:00,70.5
2025-06-12 02:19:00,1.1
2025-06-12 08:04:00,35.3
2025-06-12 10:10:00,76.7
2025-06-12 11:30:00,76.4
2025-06-12 18:01:00,35.7
2025-06-12 15:18:00,25.3
2025-06-12 02:53:00,32.0
2025-06-12 06:02:00,55.0
2025-06-12 08:30:00,12.0
2025-06-12 15:17:00,8.4
2025-06-12 13:39:00,90.4
2025-06-12 16:28:00,83.9
2025-06-12 22:06:00,43.5
2025-06-12 22:00:00,49.90502819548872
2025-06-12 18:18:00,28.0
2025-06-12 07:07:00,49.90502819548872
2025-06-12 05:08:00,14.6
2025-06-12 23:26:00,11.5
2025-06-12 13:06:00,49.90502819548872
2025-06-12 03:29:00,29.2
2025-06-12 20:34:00,14.8
2025-06-12 22:44:00,75.1
2025-06-12 02:09:00,7.9
2025-06-12 01:15:00,49.90502819548872
2025-06-12 05:21:00,75.3
2025-06-12 17:54:00,45.7
2025-06-12 20:39:00,81.0
2025-06-12 06:31:00,49.90502819548872
2025-06-12 02:17:00,64.6
2025-06-12 17:14:00,32.9
2025-06-12 21:36:00,49.90502819548872
2025-06-12 12:52:00,57.0
2025-06-12 02:24:00,9.7
2025-06-12 21:49:00,49.90502819548872
2025-06-12 02:32:00,44.1
2025-06-12 00:27:00,47.6
2025-06-12 10:53:00,68.1
2025-06-12 19:57:00,40.3
2025-06-12 11:02:00,68.4
2025-06-12 23:58:00,87.2
2025-06-12 01:24:00,97.7
2025-06-12 22:54:00,56.3
2025-06-12 13:57:00,0.2
2025-06-12 15:34:00,19.2
2025-06-12 11:58:00,82.2
2025-06-12 09:24:00,57.9
2025-06-12 20:18:00,5.3
2025-06-12 10:43:00,35.4
2025-06-12 16:12:00,69.0
2025-06-12 21:25:00,44.3
2025-06-12 19:10:00,63.8
2025-06-12 22:58:00,34.0
2025-06-12 23:10:00,78.5
2025-06-12 16:32:00,71.4
2025-06-12 13:56:00,16.0
2025-06-12 20:06:00,19.3
2025-06-12 23:28:00,14.6
2025-06-12 11:17:00,49.90502819548872
2025-06-12 23:45:00,59.9
2025-06-12 03:00:00,51.9
2025-06-12 11:55:00,49.90502819548872
2025-06-12 08:33:00,7.2
2025-06-12 09:02:00,49.90502819548872
2025-06-12 09:26:00,3.9
2025-06-12 01:27:00,86.2
2025-06-12 00:43:00,35.6
2025-06-12 19:11:00,91.5
2025-06-12 03:44:00,52.7
2025-06-12 14:43:00,76.5
2025-06-12 01:04:00,49.90502819548872
2025-06-12 20:14:00,65.6
2025-06-12 14:43:00,80.8
2025-06-12 21:44:00,50.475078938135894
2025-06-12 02:21:00,40.3
2025-06-12 19:06:00,99.2
2025-06-12 16:14:00,85.5
2025-06-12 15:40:00,62.3
2025-06-12 22:29:00,66.5
2025-06-12 15:26:00,6.3
2025-06-12 12:54:00,76.2
2025-06-12 11:24:00,66.9
2025-06-12 19:12:00,85.2
2025-06-12 03:03:00,38.7
2025-06-12 16:23:00,32.4
2025-06-12 06:12:00,13.2
2025-06-12 06:57:00,73.6
2025-06-12 15:06:00,94.2
2025-06-12 17:38:00,50.475078938135894
2025-06-12 16:16:00,32.4
2025-06-12 01:52:00,73.6
2025-06-12 06:02:00,20.2
2025-06-12 02:10:00,50.475078938135894
2025-06-12 12:52:00,67.8
2025-06-12 18:41:00,64.1
2025-06-12 05:46:00,50.475078938135894
2025-06-12 01:08:00,65.7
2025-06-12 04:32:00,94.7
2025-06-12 01:04:00,84.4
2025-06-12 00:30:00,96.6
2025-06-12 18:27:00,50.475078938135894
2025-06-12 08:06:00,91.1
2025-06-12 13:13:00,1.1
2025-06-12 11:55:00,76.1
2025-06-12 20:01:00,50.475078938135894
2025-06-12 16:03:00,50.475078938135894
2025-06-12 18:51:00,0.7
2025-06-12 15:58:00,32.9
2025-06-12 21:56:00,55.9
2025-06-12 00:03:00,98.7
2025-06-12 06:06:00,98.0
2025-06-12 00:28:00,90.3
2025-06-12 19:31:00,50.2
2025-06-12 12:46:00,89.9
2025-06-12 19:04:00,50.475078938135894
2025-06-12 04:12:00,50.475078938135894
2025-06-12 06:42:00,61.2
2025-06-12 04:04:00,50.2
2025-06-12 16:52:00,16.3
2025-06-12 19:07:00,71.2
2025-06-12 07:44:00,18.1
2025-06-12 18:24:00,31.2
2025-06-12 09:22:00,87.5
2025-06-12 10:50:00,65.0
2025-06-12 22:41:00,39.3
2025-06-12 01:29:00,9.2
2025-06-12 22:09:00,50.475078938135894
2025-06-12 10:12:00,50.475078938135894
2025-06-12 13:04:00,89.0
2025-06-12 15:23:00,19.9
2025-06-12 22:33:00,98.7
2025-06-12 14:49:00,50.475078938135894
2025-06-12 07:19:00,45.7
2025-06-12 04:59:00,60.1
2025-06-12 13:06:00,69.1
2025-06-12 07:52:00,91.7
2025-06-12 22:16:00,22.0
2025-06-12 18:59:00,53.6
2025-06-12 18:55:00,23.7
2025-06-12 06:17:00,44.2
2025-06-12 05:39:00,12.7
2025-06-12 18:10:00,50.475078938135894
2025-06-12 19:28:00,99.5
2025-06-12 14:00:00,84.5
2025-06-12 00:43:00,67.4
2025-06-12 02:35:00,69.5
2025-06-12 20:18:00,19.9
2025-06-12 23:39:00,99.7
2025-06-12 05:38:00,43.4
2025-06-12 17:06:00,81.7
2025-06-12 13:55:00,89.7
2025-06-12 12:32:00,48.1
2025-06-12 20:07:00,50.475078938135894
2025-06-12 06:56:00,7.9
2025-06-12 20:36:00,29.0
2025-06-12 02:44:00,63.2
2025-06-12 11:07:00,50.475078938135894
2025-06-12 12:51:00,53.0
2025-06-12 14:03:00,75.0
2025-06-12 22:38:00,54.2
2025-06-12 10:57:00,19.1
2025-06-12 12:36:00,61.6
2025-06-12 00:42:00,50.475078938135894
2025-06-12 20:51:00,58.1
2025-06-12 04:50:00,5.2
2025-06-12 14:16:00,50.475078938135894
2025-06-12 00:34:00,35.8
2025-06-12 02:42:00,27.4
2025-06-12 05:40:00,84.3
2025-06-12 07:30:00,54.6
2025-06-12 23:45:00,95.1
2025-06-12 04:23:00,45.2
2025-06-12 01:43:00,25.7
2025-06-12 01:15:00,50.475078938135894
2025-06-12 10:51:00,39.5
2025-06-12 15:57:00,74.8
2025-06-12 23:30:00,16.5
2025-06-12 14:18:00,30.5
2025-06-12 06:10:00,64.6
2025-06-12 17:10:00,6.2
2025-06-12 16:10:00,37.6
2025-06-12 01:53:00,8.7
2025-06-12 23:43:00,50.475078938135894
2025-06-12 20:30:00,8.8
2025-06-12 06:31:00,38.0
2025-06-12 19:41:00,50.475078938135894
2025-06-12 16:46:00,65.6
2025-06-12 20:37:00,15.1
2025-06-12 14:39:00,38.0
2025-06-12 23:24:00,42.8
2025-06-12 07:34:00,20.3
2025-06-12 02:56:00,45.3
2025-06-12 15:19:00,83.6
2025-06-12 06:55:00,50.475078938135894
2025-06-12 21:12:00,74.9
2025-06-12 21:17:00,12.5
2025-06-12 09:14:00,91.1
2025-06-12 03:24:00,32.9
2025-06-12 05:06:00,53.8
2025-06-12 17:43:00,69.9
2025-06-12 05:47:00,10.6
2025-06-12 14:58:00,36.0
2025-06-12 12:59:00,18.9
2025-06-12 08:02:00,49.4
2025-06-12 13:15:00,50.475078938135894
2025-06-12 09:56:00,50.475078938135894
2025-06-12 09:13:00,36.8
2025-06-12 04:20:00,50.475078938135894
2025-06-12 09:36:00,3.1
2025-06-12 08:58:00,61.2
2025-06-12 13:56:00,48.1
2025-06-12 22:02:00,24.5
2025-06-12 20:00:00,97.3
2025-06-12 17:08:00,18.0
2025-06-12 02:40:00,72.1
2025-06-12 01:01:00,59.3
2025-06-12 13:47:00,58.5
2025-06-12 00:02:00,50.475078938135894
2025-06-12 01:07:00,75.3
2025-06-12 15:49:00,13.9
2025-06-12 21:37:00,33.0
2025-06-12 20:40:00,98.6
2025-06-12 13:23:00,34.2
2025-06-12 09:48:00,12.3
2025-06-12 17:55:00,63.1
2025-06-12 10:55:00,26.4
2025-06-12 07:08:00,79.3
2025-06-12 03:27:00,72.0
2025-06-12 16:13:00,50.475078938135894
2025-06-12 12:50:00,20.8
2025-06-12 21:21:00,50.475078938135894
2025-06-12 09:27:00,42.3
2025-06-12 01:00:00,93.1
2025-06-12 05:13:00,40.5
2025-06-12 19:02:00,60.8
2025-06-12 11:58:00,50.475078938135894
2025-06-12 05:32:00,75.4
2025-06-12 10:30:00,47.4
2025-06-12 08:54:00,20.1
2025-06-12 15:13:00,76.9
2025-06-12 23:05:00,10.7
2025-06-12 06:45:00,17.1
2025-06-12 19:26:00,21.4
2025-06-12 09:06:00,50.475078938135894
2025-06-12 07:27:00,50.475078938135894
2025-06-12 01:36:00,50.475078938135894
2025-06-12 21:58:00,58.8
2025-06-12 03:20:00,93.5
2025-06-12 17:31:00,97.1
2025-06-12 03:29:00,68.7
2025-06-12 01:09:00,67.5
2025-06-12 09:34:00,93.2
2025-06-12 11:34:00,80.3
2025-06-12 04:15:00,7.5
2025-06-12 19:00:00,79.8
2025-06-12 10:40:00,50.475078938135894
2025-06-12 16:19:00,0.5
2025-06-12 01:28:00,9.4
2025-06-12 06:41:00,21.6
2025-06-12 09:08:00,31.9
2025-06-12 17:01:00,0.9
2025-06-12 07:31:00,55.6
2025-06-12 21:01:00,15.5
2025-06-12 10:21:00,88.8
2025-06-12 05:59:00,29.6
2025-06-12 03:41:00,14.1
2025-06-12 18:52:00,76.1
2025-06-12 13:57:00,19.0
2025-06-12 15:22:00,95.8
2025-06-12 17:29:00,82.3
2025-06-12 09:30:00,35.0
2025-06-12 02:36:00,47.1
2025-06-12 04:46:00,99.4
2025-06-12 02:48:00,10.0
2025-06-12 04:41:00,50.475078938135894
2025-06-12 22:08:00,61.3
2025-06-12 12:15:00,63.0
2025-06-12 20:52:00,70.7
2025-06-12 23:08:00,96.0
2025-06-12 12:28:00,50.475078938135894
2025-06-12 02:26:00,86.4
2025-06-12 23:51:00,57.7
2025-06-12 13:26:00,85.2
2025-06-12 17:49:00,59.8
2025-06-12 20:09:00,49.8
2025-06-12 03:01:00,30.4
2025-06-12 04:55:00,50.475078938135894
2025-06-12 11:54:00,84.3
2025-06-12 09:47:00,7.4
2025-06-12 08:17:00,59.8
2025-06-12 17:03:00,38.1
2025-06-12 01:46:00,50.475078938135894
2025-06-12 15:09:00,50.475078938135894
2025-06-12 05:25:00,11.8
2025-06-12 16:40:00,46.5
2025-06-12 00:47:00,13.6
2025-06-12 17:40:00,13.1
2025-06-12 07:12:00,79.0
2025-06-12 19:47:00,76.2
2025-06-12 09:31:00,11.4
2025-06-12 10:38:00,14.5
2025-06-12 15:12:00,99.2
2025-06-12 13:34:00,0.8
2025-06-12 16:44:00,11.9
2025-06-12 18:16:00,37.2
2025-06-12 19:15:00,33.0
2025-06-12 09:29:00,93.6
2025-06-12 02:14:00,30.8
2025-06-12 08:59:00,37.2
2025-06-12 19:51:00,48.0
2025-06-12 16:05:00,26.0
2025-06-12 00:44:00,4.3
2025-06-12 03:06:00,43.9
2025-06-12 10:56:00,47.8
2025-06-12 22:17:00,57.5
2025-06-12 03:32:00,59.2
2025-06-12 04:03:00,2.4
2025-06-12 01:17:00,58.1
2025-06-12 16:38:00,55.0
2025-06-12 11:38:00,12.0
2025-06-12 15:53:00,50.475078938135894
2025-06-12 02:32:00,50.3
2025-06-12 08:39:00,20.2
2025-06-12 17:00:00,50.475078938135894
2025-06-12 00:05:00,17.6
2025-06-12 10:54:00,50.475078938135894
2025-06-12 08:13:00,68.5
2025-06-12 22:32:00,28.4
2025-06-12 13:43:00,49.5
2025-06-12 01:30:00,16.0
2025-06-12 12:33:00,64.8
2025-06-12 14:44:00,93.7
2025-06-12 21:48:00,26.9
2025-06-12 07:23:00,41.9
2025-06-12 18:22:00,59.9
2025-06-12 09:28:00,96.0
2025-06-12 14:17:00,76.1
2025-06-12 04:29:00,63.1
2025-06-12 12:14:00,46.4
2025-06-12 13:30:00,45.6
2025-06-12 03:38:00,1.0
2025-06-12 06:48:00,88.7
2025-06-12 11:14:00,13.4
2025-06-12 19:17:00,89.5
2025-06-12 13:41:00,53.4
2025-06-12 16:29:00,65.2
2025-06-12 03:10:00,59.5
2025-06-12 22:56:00,17.0
2025-06-12 15:34:00,53.7
2025-06-12 14:08:00,14.4
2025-06-12 10:36:00,50.475078938135894
2025-06-12 12:30:00,50.475078938135894
2025-06-12 02:11:00,50.475078938135894
2025-06-12 01:58:00,77.6
2025-06-12 03:11:00,31.1
2025-06-12 07:15:00,64.3
2025-06-12 09:11:00,85.3
2025-06-12 21:51:00,82.5
2025-06-12 14:55:00,24.3
2025-06-12 21:28:00,75.2
2025-06-12 19:37:00,93.2
2025-06-12 09:20:00,82.1
2025-06-12 00:14:00,50.475078938135894
2025-06-12 15:27:00,80.6
2025-06-12 14:45:00,38.7
2025-06-12 03:33:00,50.1
2025-06-12 13:19:00,65.8
2025-06-12 22:07:00,18.1
2025-06-12 00:00:00,38.5
2025-06-12 01:45:00,21.8
2025-06-12 02:50:00,4.3
2025-06-12 06:19:00,87.1
2025-06-12 20:49:00,2.7
2025-06-12 15:47:00,53.8
2025-06-12 22:59:00,50.492298592215775
2025-06-12 04:42:00,65.4
2025-06-12 16:20:00,92.5
2025-06-12 13:49:00,50.492298592215775
2025-06-12 02:49:00,95.3
2025-06-12 16:55:00,15.6
2025-06-12 12:14:00,58.9
2025-06-12 12:46:00,50.492298592215775
2025-06-12 12:40:00,14.5
2025-06-12 15:28:00,46.3
2025-06-12 11:32:00,96.7
2025-06-12 18:19:00,50.492298592215775
2025-06-12 17:59:00,29.7
2025-06-12 22:48:00,73.7
2025-06-12 03:24:00,35.5
2025-06-12 18:53:00,62.6
2025-06-12 12:48:00,63.6
2025-06-12 02:19:00,2.8
2025-06-12 20:27:00,33.7
2025-06-12 04:37:00,59.9
2025-06-12 14:01:00,30.9
2025-06-12 15:10:00,7.3
2025-06-12 19:17:00,54.2
2025-06-12 18:07:00,66.3
2025-06-12 07:26:00,78.3
2025-06-12 19:49:00,30.8
2025-06-12 14:14:00,88.2
2025-06-12 12:03:00,60.7
2025-06-12 06:38:00,98.1
2025-06-12 14:23:00,50.492298592215775
2025-06-12 00:28:00,87.6
2025-06-12 14:31:00,19.5
2025-06-12 23:41:00,84.1
2025-06-12 05:50:00,50.492298592215775
2025-06-12 11:16:00,88.3
2025-06-12 09:15:00,45.1
2025-06-12 05:45:00,20.6
2025-06-12 17:16:00,19.1
2025-06-12 01:48:00,69.4
2025-06-12 17:44:00,59.9
2025-06-12 11:21:00,95.3
2025-06-12 00:52:00,51.1
2025-06-12 15:25:00,81.4
2025-06-12 10:24:00,3.9
2025-06-12 22:14:00,37.8
2025-06-12 14:42:00,14.2
2025-06-12 23:49:00,62.9
2025-06-12 02:38:00,82.7
2025-06-12 14:28:00,26.0
2025-06-12 21:05:00,5.9
2025-06-12 03:08:00,50.492298592215775
2025-06-12 17:55:00,36.2
2025-06-12 21:06:00,46.1
2025-06-12 04:26:00,69.9
2025-06-12 08:24:00,50.492298592215775
2025-06-12 23:30:00,72.1
2025-06-12 15:24:00,89.5
2025-06-12 18:56:00,99.8
2025-06-12 16:16:00,95.4
2025-06-12 15:57:00,14.7
2025-06-12 01:31:00,75.4
2025-06-12 12:55:00,10.5
2025-06-12 17:22:00,89.6
2025-06-12 23:07:00,35.6
2025-06-12 15:00:00,17.9
2025-06-12 06:05:00,50.492298592215775
2025-06-12 21:16:00,14.6
2025-06-12 15:08:00,9.7
2025-06-12 09:18:00,25.1
2025-06-12 13:11:00,65.9
2025-06-12 20:39:00,49.6
2025-06-12 15:26:00,55.6
2025-06-12 02:24:00,70.3
2025-06-12 20:15:00,52.2
2025-06-12 16:13:00,54.1
2025-06-12 08:56:00,39.8
2025-06-12 07:29:00,49.2
2025-06-12 08:50:00,5.1
2025-06-12 13:41:00,36.6
2025-06-12 17:30:00,64.3
2025-06-12 10:29:00,57.0
2025-06-12 18:22:00,80.6
2025-06-12 10:18:00,50.492298592215775
2025-06-12 17:06:00,13.5
2025-06-12 10:31:00,59.0
2025-06-12 04:12:00,50.492298592215775
2025-06-12 15:46:00,62.7
2025-06-12 20:19:00,24.3
2025-06-12 20:09:00,50.492298592215775
2025-06-12 11:15:00,6.3
2025-06-12 02:00:00,50.492298592215775
2025-06-12 05:51:00,93.7
2025-06-12 10:30:00,38.1
2025-06-12 09:51:00,86.5
2025-06-12 22:25:00,70.1
2025-06-12 15:16:00,32.3
2025-06-12 20:38:00,4.5
2025-06-12 19:31:00,13.8
2025-06-12 20:13:00,50.492298592215775
2025-06-12 06:04:00,73.4
2025-06-12 23:06:00,69.4
2025-06-12 21:51:00,17.2
2025-06-12 22:36:00,79.4
2025-06-12 00:16:00,62.3
2025-06-12 18:15:00,93.8
2025-06-12 01:38:00,99.0
2025-06-12 08:36:00,4.0
2025-06-12 01:46:00,50.492298592215775
2025-06-12 10:20:00,98.5
2025-06-12 19:09:00,76.2
2025-06-12 05:53:00,13.9
2025-06-12 16:42:00,88.3
2025-06-12 03:39:00,83.3
2025-06-12 04:04:00,52.9
2025-06-12 20:59:00,35.9
2025-06-12 15:53:00,31.4
2025-06-12 15:34:00,81.0
2025-06-12 22:57:00,30.2
2025-06-12 09:42:00,6.7
2025-06-12 13:44:00,36.7
2025-06-12 11:44:00,29.9
2025-06-12 07:32:00,71.8
2025-06-12 01:27:00,27.3
2025-06-12 18:45:00,17.9
2025-06-12 16:53:00,87.3
2025-06-12 08:31:00,49.3
2025-06-12 14:51:00,72.1
2025-06-12 15:31:00,37.2
2025-06-12 22:30:00,98.5
2025-06-12 14:36:00,82.3
2025-06-12 23:37:00,65.7
2025-06-12 20:45:00,50.492298592215775
2025-06-12 10:58:00,96.0
2025-06-12 23:56:00,34.2
2025-06-12 15:18:00,82.6
2025-06-12 10:16:00,79.5
2025-06-12 08:37:00,8.8
2025-06-12 06:52:00,54.5
2025-06-12 08:02:00,79.7
2025-06-12 14:09:00,55.8
2025-06-12 06:59:00,95.8
2025-06-12 01:05:00,87.8
2025-06-12 17:19:00,33.7
2025-06-12 06:41:00,58.4
2025-06-12 23:02:00,40.2
2025-06-12 06:12:00,95.4
2025-06-12 22:00:00,62.8
2025-06-12 17:34:00,50.492298592215775
2025-06-12 10:23:00,92.6
2025-06-12 00:36:00,15.5
2025-06-12 16:37:00,50.492298592215775
2025-06-12 06:08:00,50.492298592215775
2025-06-12 03:45:00,22.5
2025-06-12 21:49:00,95.1
2025-06-12 22:20:00,50.492298592215775
2025-06-12 11:34:00,97.4
2025-06-12 14:08:00,50.492298592215775
2025-06-12 09:23:00,47.6
2025-06-12 13:36:00,9.6
2025-06-12 12:44:00,83.8
2025-06-12 08:21:00,80.2
2025-06-12 19:07:00,47.5
2025-06-12 03:21:00,50.492298592215775
2025-06-12 02:51:00,11.7
2025-06-12 08:58:00,50.492298592215775
2025-06-12 07:49:00,50.492298592215775
2025-06-12 18:40:00,61.0
2025-06-12 12:17:00,43.8
2025-06-12 20:47:00,91.9
2025-06-12 15:59:00,59.7
2025-06-12 13:52:00,67.1
2025-06-12 17:13:00,26.7
2025-06-12 07:46:00,73.6
2025-06-12 04:15:00,50.492298592215775
2025-06-12 09:54:00,79.3
2025-06-12 17:33:00,77.7
2025-06-12 11:05:00,97.0
2025-06-12 15:47:00,34.3
2025-06-12 07:50:00,50.492298592215775
2025-06-12 04:34:00,47.8
2025-06-12 08:03:00,48.3
2025-06-12 08:22:00,27.4
2025-06-12 02:30:00,12.2
2025-06-12 05:26:00,59.3
2025-06-12 12:13:00,92.1
2025-06-12 09:25:00,68.2
2025-06-12 08:34:00,41.4
2025-06-12 23:17:00,50.492298592215775
2025-06-12 21:20:00,46.0
2025-06-12 19:14:00,50.492298592215775
2025-06-12 01:32:00,74.0
2025-06-12 01:11:00,34.5
2025-06-12 21:14:00,20.5
2025-06-12 07:41:00,64.8
2025-06-12 20:20:00,42.4
2025-06-12 11:57:00,99.8
2025-06-12 07:16:00,27.6
2025-06-12 12:30:00,4.5
2025-06-12 22:13:00,76.5
2025-06-12 08:52:00,61.6
2025-06-12 04:45:00,72.9
2025-06-12 23:14:00,87.0
2025-06-12 18:02:00,31.2
2025-06-12 10:05:00,91.8
2025-06-12 10:04:00,50.492298592215775
2025-06-12 05:19:00,56.2
2025-06-12 04:36:00,81.1
2025-06-12 13:32:00,57.5
2025-06-12 12:21:00,95.8
2025-06-12 10:03:00,39.8
2025-06-12 15:05:00,21.7
2025-06-12 02:44:00,50.492298592215775
2025-06-12 05:12:00,8.0
2025-06-12 19:40:00,84.9
2025-06-12 03:47:00,2.1
2025-06-12 02:12:00,14.7
2025-06-12 01:37:00,82.2
2025-06-12 19:04:00,50.492298592215775
2025-06-12 20:36:00,48.7
2025-06-12 22:39:00,13.9
2025-06-12 11:48:00,37.7
2025-06-12 21:10:00,29.9
2025-06-12 15:20:00,50.492298592215775
2025-06-12 15:56:00,51.5
2025-06-12 06:58:00,7.8
2025-06-12 08:27:00,82.5
2025-06-12 21:19:00,10.4
2025-06-12 07:28:00,11.1
2025-06-12 19:57:00,27.3
2025-06-12 00:35:00,11.6
2025-06-12 20:30:00,50.492298592215775
2025-06-12 02:32:00,78.6
2025-06-12 06:39:00,86.5
2025-06-12 11:24:00,95.4
2025-06-12 13:28:00,0.2
2025-06-12 00:57:00,73.8
2025-06-12 19:34:00,50.492298592215775
2025-06-12 15:04:00,50.492298592215775
2025-06-12 12:45:00,13.3
2025-06-12 16:01:00,50.492298592215775
2025-06-12 11:01:00,47.7
2025-06-12 11:47:00,79.8
2025-06-12 01:39:00,45.2
2025-06-12 00:14:00,76.6
2025-06-12 12:16:00,46.5
2025-06-12 00:13:00,50.492298592215775
2025-06-12 21:45:00,34.7
2025-06-12 16:02:00,51.6
2025-06-12 22:06:00,64.1
2025-06-12 12:35:00,7.5
2025-06-12 11:19:00,30.9
2025-06-12 02:41:00,57.6
2025-06-12 07:08:00,36.4
2025-06-12 14:39:00,74.1
2025-06-12 03:12:00,88.5
2025-06-12 06:44:00,95.2
2025-06-12 11:18:00,50.492298592215775
2025-06-12 10:08:00,18.0
2025-06-12 19:11:00,69.1
2025-06-12 19:06:00,42.6
2025-06-12 20:28:00,4.8
2025-06-12 22:37:00,50.492298592215775
2025-06-12 01:01:00,27.9
2025-06-12 12:07:00,5.1
2025-06-12 02:31:00,53.7
2025-06-12 14:00:00,86.2
2025-06-12 12:33:00,69.2
2025-06-12 03:17:00,50.492298592215775
2025-06-12 00:58:00,69.7
2025-06-12 16:19:00,50.492298592215775
2025-06-12 07:19:00,44.2
2025-06-12 02:05:00,67.3
2025-06-12 09:39:00,68.9
2025-06-12 22:38:00,64.3
2025-06-12 16:08:00,71.8
2025-06-12 16:27:00,12.7
2025-06-12 03:38:00,88.8
2025-06-12 21:56:00,50.492298592215775
2025-06-12 20:26:00,0.9
2025-06-12 08:35:00,58.4
2025-06-12 03:52:00,26.8
2025-06-12 17:38:00,50.492298592215775
2025-06-12 19:19:00,27.3
2025-06-12 06:32:00,50.492298592215775
2025-06-12 21:55:00,50.492298592215775
2025-06-12 03:04:00,76.7
2025-06-12 09:52:00,4.7
2025-06-12 01:06:00,46.0
2025-06-12 21:41:00,83.4
2025-06-12 10:25:00,42.3
2025-06-12 07:31:00,88.5
2025-06-12 21:37:00,20.5
2025-06-12 01:02:00,77.4
2025-06-12 03:37:00,8.6
2025-06-12 17:15:00,95.0
2025-06-12 23:26:00,50.492298592215775
2025-06-12 14:12:00,50.492298592215775
2025-06-12 16:56:00,88.5
2025-06-12 12:39:00,61.5
2025-06-12 14:11:00,69.6
2025-06-12 11:17:00,91.1
2025-06-12 06:51:00,91.8
2025-06-12 17:37:00,99.8
2025-06-12 14:19:00,17.0
2025-06-12 01:16:00,52.2
2025-06-12 19:59:00,22.9
2025-06-12 13:40:00,89.4
2025-06-12 04:56:00,50.492298592215775
2025-06-12 03:40:00,87.5
2025-06-12 05:47:00,65.8
2025-06-12 15:37:00,50.492298592215775
2025-06-12 02:47:00,27.9
2025-06-12 10:32:00,50.8
2025-06-12 11:29:00,27.6
2025-06-12 02:06:00,3.7
2025-06-12 17:04:00,80.8
2025-06-12 01:35:00,50.492298592215775
2025-06-12 14:29:00,64.2
2025-06-12 14:58:00,74.3
2025-06-12 19:55:00,50.190676567656766
2025-06-12 09:24:00,73.7
2025-06-12 20:19:00,50.190676567656766
2025-06-12 02:35:00,50.190676567656766
2025-06-12 06:38:00,11.2
2025-06-12 13:05:00,18.5
2025-06-12 06:41:00,95.7
2025-06-12 05:04:00,98.7
2025-06-12 17:06:00,9.3
2025-06-12 13:44:00,14.4
2025-06-12 00:02:00,81.0
2025-06-12 18:42:00,39.7
2025-06-12 02:55:00,20.2
2025-06-12 17:18:00,19.1
2025-06-12 13:42:00,68.4
2025-06-12 12:05:00,2.0
2025-06-12 23:55:00,50.190676567656766
2025-06-12 15:15:00,32.2
2025-06-12 18:02:00,49.3
2025-06-12 03:51:00,50.190676567656766
2025-06-12 09:17:00,50.190676567656766
2025-06-12 22:24:00,15.5
2025-06-12 04:38:00,51.7
2025-06-12 09:31:00,22.5
2025-06-12 16:17:00,17.3
2025-06-12 13:01:00,68.5
2025-06-12 07:21:00,60.8
2025-06-12 19:41:00,27.9
2025-06-12 02:42:00,20.4
2025-06-12 00:37:00,36.2
2025-06-12 23:09:00,61.4
2025-06-12 09:00:00,92.0
2025-06-12 00:11:00,16.9
2025-06-12 11:11:00,25.7
2025-06-12 22:27:00,5.3
2025-06-12 15:31:00,41.6
2025-06-12 16:53:00,74.8
2025-06-12 14:52:00,2.1
2025-06-12 09:04:00,50.190676567656766
2025-06-12 14:04:00,88.5
2025-06-12 11:24:00,36.7
2025-06-12 21:50:00,39.7
2025-06-12 04:57:00,50.190676567656766
2025-06-12 18:10:00,58.1
2025-06-12 07:24:00,99.2
2025-06-12 04:35:00,21.8
2025-06-12 04:04:00,15.0
2025-06-12 03:18:00,56.9
2025-06-12 19:58:00,19.2
2025-06-12 10:54:00,50.190676567656766
2025-06-12 04:36:00,50.190676567656766
2025-06-12 14:08:00,50.190676567656766
2025-06-12 18:03:00,88.7
2025-06-12 01:49:00,14.7
2025-06-12 03:52:00,22.3
2025-06-12 00:40:00,17.2
2025-06-12 13:40:00,50.190676567656766
2025-06-12 18:18:00,73.6
2025-06-12 15:53:00,47.6
2025-06-12 15:11:00,66.8
2025-06-12 17:19:00,72.0
2025-06-12 05:07:00,9.4
2025-06-12 18:21:00,89.6
2025-06-12 15:54:00,30.5
2025-06-12 01:26:00,50.190676567656766
2025-06-12 01:51:00,43.0
2025-06-12 20:30:00,51.3
2025-06-12 07:49:00,74.2
2025-06-12 05:45:00,9.7
2025-06-12 21:35:00,50.190676567656766
2025-06-12 10:34:00,50.190676567656766
2025-06-12 19:08:00,54.4
2025-06-12 01:08:00,75.3
2025-06-12 11:55:00,50.190676567656766
2025-06-12 08:32:00,0.1
2025-06-12 08:24:00,25.9
2025-06-12 00:43:00,1.5
2025-06-12 21:07:00,22.1
2025-06-12 13:18:00,1.6
2025-06-12 05:19:00,50.190676567656766
2025-06-12 03:04:00,83.6
2025-06-12 23:03:00,50.190676567656766
2025-06-12 14:48:00,50.190676567656766
2025-06-12 00:32:00,29.0
2025-06-12 22:57:00,82.9
2025-06-12 16:59:00,44.6
2025-06-12 07:12:00,52.9
2025-06-12 12:57:00,50.8
2025-06-12 04:17:00,46.1
2025-06-12 09:10:00,13.0
2025-06-12 14:45:00,62.8
2025-06-12 18:40:00,82.6
2025-06-12 15:36:00,98.7
2025-06-12 15:41:00,19.2
2025-06-12 03:50:00,24.1
2025-06-12 18:09:00,50.190676567656766
2025-06-12 22:30:00,50.190676567656766
2025-06-12 04:34:00,50.190676567656766
2025-06-12 21:29:00,44.9
2025-06-12 14:39:00,75.1
2025-06-12 11:22:00,5.8
2025-06-12 00:50:00,95.3
2025-06-12 06:50:00,52.7
2025-06-12 15:33:00,50.190676567656766
2025-06-12 03:34:00,50.190676567656766
2025-06-12 20:50:00,83.0
2025-06-12 09:50:00,97.2
2025-06-12 14:22:00,95.0
2025-06-12 12:53:00,50.190676567656766
2025-06-12 12:25:00,13.3
2025-06-12 20:39:00,18.1
2025-06-12 22:36:00,25.5
2025-06-12 22:52:00,35.9
2025-06-12 05:38:00,88.0
2025-06-12 01:52:00,83.9
2025-06-12 07:18:00,40.0
2025-06-12 10:03:00,56.6
2025-06-12 06:57:00,50.190676567656766
2025-06-12 08:57:00,24.8
2025-06-12 09:44:00,89.7
2025-06-12 00:01:00,50.190676567656766
2025-06-12 05:58:00,32.4
2025-06-12 08:59:00,35.9
2025-06-12 00:35:00,76.4
2025-06-12 06:37:00,50.190676567656766
2025-06-12 17:27:00,50.190676567656766
2025-06-12 20:58:00,50.190676567656766
2025-06-12 02:44:00,34.9
2025-06-12 14:55:00,92.7
2025-06-12 20:35:00,50.190676567656766
2025-06-12 09:26:00,94.3
2025-06-12 23:36:00,22.4
2025-06-12 15:12:00,66.7
2025-06-12 19:54:00,68.7
2025-06-12 12:10:00,20.1
2025-06-12 23:44:00,59.0
2025-06-12 13:34:00,29.7
2025-06-12 19:18:00,35.5
2025-06-12 19:43:00,42.2
2025-06-12 06:49:00,50.190676567656766
2025-06-12 07:47:00,61.6
2025-06-12 07:02:00,21.0
2025-06-12 01:34:00,42.4
2025-06-12 21:24:00,89.2
2025-06-12 09:29:00,21.6
2025-06-12 18:25:00,62.9
2025-06-12 10:19:00,32.4
2025-06-12 17:58:00,31.3
2025-06-12 13:15:00,50.190676567656766
2025-06-12 22:16:00,50.190676567656766
2025-06-12 10:39:00,50.190676567656766
2025-06-12 13:19:00,94.2
2025-06-12 20:10:00,51.8
2025-06-12 05:28:00,14.2
2025-06-12 20:04:00,90.7
2025-06-12 03:54:00,95.1
2025-06-12 17:03:00,63.6
2025-06-12 04:23:00,9.9
2025-06-12 19:17:00,19.8
2025-06-12 11:15:00,60.6
2025-06-12 05:55:00,36.6
2025-06-12 03:19:00,66.6
2025-06-12 17:42:00,94.2
2025-06-12 10:21:00,50.190676567656766
2025-06-12 07:16:00,9.7
2025-06-12 14:23:00,51.6
2025-06-12 07:38:00,50.190676567656766
2025-06-12 03:27:00,43.1
2025-06-12 08:31:00,61.8
2025-06-12 01:35:00,54.3
2025-06-12 03:48:00,50.190676567656766
2025-06-12 02:56:00,95.7
2025-06-12 08:45:00,50.190676567656766
2025-06-12 02:29:00,8.5
2025-06-12 19:19:00,19.9
2025-06-12 05:03:00,13.8
2025-06-12 19:05:00,50.190676567656766
2025-06-12 23:46:00,50.190676567656766
2025-06-12 21:57:00,45.6
2025-06-12 04:16:00,17.8
2025-06-12 03:21:00,48.8
2025-06-12 17:23:00,48.8
2025-06-12 06:29:00,5.0
2025-06-12 05:51:00,50.190676567656766
2025-06-12 03:05:00,92.8
2025-06-12 03:11:00,45.8
2025-06-12 16:00:00,50.190676567656766
2025-06-12 16:03:00,25.6
2025-06-12 01:19:00,83.1
2025-06-12 15:10:00,39.9
2025-06-12 11:54:00,87.0
2025-06-12 17:57:00,8.1
2025-06-12 07:34:00,13.0
2025-06-12 07:37:00,2.1
2025-06-12 03:07:00,50.190676567656766
2025-06-12 10:32:00,57.0
2025-06-12 06:54:00,80.7
2025-06-12 02:59:00,15.1
2025-06-12 21:36:00,11.4
2025-06-12 08:23:00,18.8
2025-06-12 17:39:00,50.7
2025-06-12 11:20:00,50.190676567656766
2025-06-12 20:13:00,88.1
2025-06-12 10:24:00,9.8
2025-06-12 17:24:00,88.3
2025-06-12 02:39:00,69.7
2025-06-12 09:33:00,29.2
2025-06-12 10:51:00,82.3
2025-06-12 16:55:00,80.7
2025-06-12 07:06:00,74.0
2025-06-12 17:30:00,100.0
2025-06-12 12:49:00,46.8
2025-06-12 13:03:00,67.6
2025-06-12 08:34:00,50.190676567656766
2025-06-12 00:07:00,89.2
2025-06-12 11:47:00,10.3
2025-06-12 13:41:00,40.3
2025-06-12 13:04:00,43.5
2025-06-12 08:19:00,19.5
2025-06-12 23:48:00,50.190676567656766
2025-06-12 12:29:00,98.2
2025-06-12 11:33:00,64.5
2025-06-12 13:17:00,20.8
2025-06-12 11:25:00,50.190676567656766
2025-06-12 21:20:00,24.0
2025-06-12 12:59:00,50.190676567656766
2025-06-12 20:53:00,43.0
2025-06-12 21:49:00,45.9
2025-06-12 15:50:00,50.190676567656766
2025-06-12 10:18:00,80.6
2025-06-12 09:06:00,95.1
2025-06-12 00:42:00,24.1
2025-06-12 04:08:00,30.7
2025-06-12 05:02:00,33.9
2025-06-12 06:39:00,4.9
2025-06-12 07:15:00,46.7
2025-06-12 18:55:00,19.7
2025-06-12 21:30:00,69.0
2025-06-12 10:45:00,31.2
2025-06-12 09:27:00,50.190676567656766
2025-06-12 06:55:00,57.3
2025-06-12 09:51:00,62.2
2025-06-12 00:53:00,13.0
2025-06-12 20:27:00,98.3
2025-06-12 17:05:00,5.0
2025-06-12 12:33:00,58.0
2025-06-12 13:51:00,80.2
2025-06-12 14:24:00,2.8
2025-06-12 01:48:00,14.2
2025-06-12 19:39:00,32.4
2025-06-12 03:35:00,97.0
2025-06-12 08:22:00,50.190676567656766
2025-06-12 06:35:00,51.0
2025-06-12 11:51:00,57.4
2025-06-12 19:21:00,29.4
2025-06-12 14:40:00,3.8
2025-06-12 17:53:00,18.1
2025-06-12 17:29:00,50.190676567656766
2025-06-12 04:11:00,4.6
2025-06-12 00:06:00,25.8
2025-06-12 05:13:00,14.6
2025-06-12 03:12:00,96.5
2025-06-12 13:49:00,34.4
2025-06-12 06:25:00,59.3
2025-06-12 23:42:00,42.5
2025-06-12 12:56:00,25.1
2025-06-12 21:28:00,50.8
2025-06-12 22:00:00,50.7
2025-06-12 02:11:00,7.3
2025-06-12 19:28:00,50.190676567656766
2025-06-12 11:43:00,54.3
2025-06-12 21:23:00,81.2
2025-06-12 23:04:00,29.8
2025-06-12 03:47:00,13.3
2025-06-12 00:10:00,10.7
2025-06-12 09:41:00,15.8
2025-06-12 17:37:00,60.5
2025-06-12 11:46:00,95.9
2025-06-12 10:46:00,28.4
2025-06-12 00:56:00,50.190676567656766
2025-06-12 08:28:00,60.6
2025-06-12 09:35:00,33.6
2025-06-12 14:50:00,86.8
2025-06-12 05:53:00,12.4
2025-06-12 02:34:00,96.2
2025-06-12 12:45:00,4.4
2025-06-12 17:21:00,53.2
2025-06-12 02:31:00,60.6
2025-06-12 17:09:00,34.0
2025-06-12 07:11:00,7.4
2025-06-12 03:16:00,54.0
2025-06-12 15:29:00,50.190676567656766
2025-06-12 18:29:00,40.9
2025-06-12 16:33:00,52.3
2025-06-12 05:06:00,22.1
2025-06-12 01:58:00,97.9
2025-06-12 17:35:00,78.8
2025-06-12 11:31:00,6.6
2025-06-12 22:54:00,27.2
2025-06-12 06:14:00,66.0
2025-06-12 03:22:00,36.0
2025-06-12 04:41:00,91.0
2025-06-12 07:33:00,49.0
2025-06-12 21:18:00,65.7
2025-06-12 16:50:00,50.190676567656766
2025-06-12 20:54:00,99.9
2025-06-12 21:36:00,15.7
2025-06-12 02:42:00,23.7
2025-06-12 13:17:00,19.0
2025-06-12 18:07:00,49.69925181201777
2025-06-12 01:02:00,13.4
2025-06-12 01:29:00,58.5
2025-06-12 11:59:00,99.1
2025-06-12 17:44:00,17.3
2025-06-12 20:25:00,49.69925181201777
2025-06-12 09:33:00,42.7
2025-06-12 22:28:00,28.6
2025-06-12 19:53:00,49.69925181201777
2025-06-12 17:03:00,0.2
2025-06-12 08:49:00,1.9
2025-06-12 19:25:00,63.5
2025-06-12 10:56:00,96.5
2025-06-12 16:19:00,49.69925181201777
2025-06-12 20:04:00,76.2
2025-06-12 22:53:00,49.69925181201777
2025-06-12 20:31:00,69.7
2025-06-12 01:09:00,6.0
2025-06-12 15:12:00,47.5
2025-06-12 05:00:00,49.69925181201777
2025-06-12 07:26:00,29.5
2025-06-12 02:13:00,0.8
2025-06-12 16:35:00,44.7
2025-06-12 23:17:00,31.7
2025-06-12 02:51:00,61.3
2025-06-12 20:27:00,21.9
2025-06-12 12:18:00,49.3
2025-06-12 14:27:00,48.8
2025-06-12 09:54:00,66.3
2025-06-12 11:03:00,50.4
2025-06-12 09:06:00,94.6
2025-06-12 02:36:00,20.1
2025-06-12 20:22:00,36.8
2025-06-12 17:28:00,49.69925181201777
2025-06-12 21:37:00,23.2
2025-06-12 20:00:00,76.5
2025-06-12 23:53:00,18.1
2025-06-12 08:53:00,100.0
2025-06-12 16:47:00,71.1
2025-06-12 14:50:00,87.0
2025-06-12 15:28:00,69.4
2025-06-12 19:32:00,36.3
2025-06-12 13:07:00,86.8
2025-06-12 15:16:00,20.1
2025-06-12 07:27:00,35.3
2025-06-12 06:10:00,49.69925181201777
2025-06-12 21:18:00,18.6
2025-06-12 23:50:00,65.9
2025-06-12 08:44:00,84.8
2025-06-12 16:05:00,89.6
2025-06-12 15:58:00,25.0
2025-06-12 01:17:00,17.8
2025-06-12 22:43:00,51.2
2025-06-12 07:17:00,49.69925181201777
2025-06-12 20:08:00,41.0
2025-06-12 11:50:00,49.9
2025-06-12 21:38:00,4.7
2025-06-12 04:18:00,79.4
2025-06-12 13:33:00,92.6
2025-06-12 08:22:00,29.4
2025-06-12 14:40:00,8.6
2025-06-12 04:04:00,70.5
2025-06-12 01:41:00,85.2
2025-06-12 19:04:00,4.1
2025-06-12 23:03:00,49.69925181201777
2025-06-12 14:25:00,23.8
2025-06-12 01:12:00,15.0
2025-06-12 05:56:00,45.3
2025-06-12 20:42:00,48.9
2025-06-12 22:18:00,30.2
2025-06-12 14:26:00,34.1
2025-06-12 22:22:00,29.0
2025-06-12 17:46:00,78.2
2025-06-12 12:56:00,80.6
2025-06-12 01:00:00,8.8
2025-06-12 23:41:00,98.9
2025-06-12 06:12:00,49.69925181201777
2025-06-12 02:53:00,41.6
2025-06-12 13:53:00,53.2
2025-06-12 11:49:00,10.0
2025-06-12 02:46:00,24.3
2025-06-12 21:44:00,28.1
2025-06-12 19:05:00,40.0
2025-06-12 06:30:00,60.6
2025-06-12 03:08:00,26.1
2025-06-12 17:13:00,1.1
2025-06-12 16:58:00,43.4
2025-06-12 03:12:00,29.6
2025-06-12 03:56:00,81.8
2025-06-12 21:25:00,90.2
2025-06-12 06:29:00,49.69925181201777
2025-06-12 10:35:00,63.0
2025-06-12 10:25:00,30.2
2025-06-12 04:53:00,60.0
2025-06-12 18:13:00,86.4
2025-06-12 13:37:00,79.2
2025-06-12 03:36:00,49.69925181201777
2025-06-12 09:09:00,26.1
2025-06-12 03:07:00,64.0
2025-06-12 10:33:00,47.0
2025-06-12 19:58:00,39.7
2025-06-12 12:44:00,49.69925181201777
2025-06-12 16:26:00,68.5
2025-06-12 01:39:00,81.5
2025-06-12 22:32:00,42.8
2025-06-12 15:22:00,26.9
2025-06-12 02:15:00,49.69925181201777
2025-06-12 23:34:00,29.5
2025-06-12 04:14:00,26.5
2025-06-12 07:39:00,58.1
2025-06-12 05:22:00,49.69925181201777
2025-06-12 22:30:00,60.1
2025-06-12 20:35:00,86.2
2025-06-12 01:04:00,69.4
2025-06-12 04:48:00,59.6
2025-06-12 20:55:00,98.2
2025-06-12 11:41:00,49.69925181201777
2025-06-12 04:34:00,17.0
2025-06-12 18:58:00,25.6
2025-06-12 17:58:00,91.0
2025-06-12 03:04:00,79.8
2025-06-12 22:49:00,10.9
2025-06-12 08:26:00,45.2
2025-06-12 02:47:00,64.4
2025-06-12 04:01:00,61.5
2025-06-12 04:36:00,43.4
2025-06-12 14:18:00,49.69925181201777
2025-06-12 07:41:00,13.1
2025-06-12 01:23:00,98.6
2025-06-12 14:47:00,68.5
2025-06-12 13:03:00,25.2
2025-06-12 16:43:00,12.2
2025-06-12 18:48:00,71.6
2025-06-12 06:54:00,60.6
2025-06-12 19:15:00,13.9
2025-06-12 19:33:00,49.69925181201777
2025-06-12 19:36:00,0.7
2025-06-12 11:07:00,85.0
2025-06-12 19:23:00,49.69925181201777
2025-06-12 11:11:00,68.8
2025-06-12 17:48:00,95.6
2025-06-12 04:22:00,61.0
2025-06-12 09:12:00,24.1
2025-06-12 11:34:00,79.7
2025-06-12 15:46:00,27.7
2025-06-12 08:15:00,49.69925181201777
2025-06-12 17:40:00,41.7
2025-06-12 22:20:00,37.6
2025-06-12 11:54:00,94.2
2025-06-12 17:18:00,24.7
2025-06-12 16:22:00,49.69925181201777
2025-06-12 22:50:00,65.3
2025-06-12 01:40:00,95.9
2025-06-12 04:46:00,49.69925181201777
2025-06-12 14:04:00,49.69925181201777
2025-06-12 20:45:00,45.0
2025-06-12 10:38:00,22.2
2025-06-12 04:16:00,49.69925181201777
2025-06-12 06:07:00,10.9
2025-06-12 07:20:00,71.9
2025-06-12 23:49:00,87.7
2025-06-12 13:12:00,99.1
2025-06-12 15:20:00,45.9
2025-06-12 01:30:00,54.2
2025-06-12 01:01:00,50.6
2025-06-12 05:41:00,50.8
2025-06-12 04:58:00,51.8
2025-06-12 22:08:00,53.8
2025-06-12 05:49:00,53.6
2025-06-12 01:51:00,49.69925181201777
2025-06-12 12:33:00,11.9
2025-06-12 22:26:00,36.4
2025-06-12 11:27:00,83.9
2025-06-12 12:02:00,19.2
2025-06-12 07:21:00,70.3
2025-06-12 21:05:00,94.9
2025-06-12 19:02:00,95.7
2025-06-12 11:36:00,49.69925181201777
2025-06-12 11:46:00,26.9
2025-06-12 02:30:00,90.0
2025-06-12 11:30:00,61.2
2025-06-12 04:09:00,9.6
2025-06-12 16:20:00,38.5
2025-06-12 00:03:00,61.7
2025-06-12 10:02:00,93.1
2025-06-12 21:17:00,94.9
2025-06-12 18:35:00,49.69925181201777
2025-06-12 04:29:00,55.5
2025-06-12 17:56:00,49.69925181201777
2025-06-12 20:03:00,96.3
2025-06-12 08:11:00,38.6
2025-06-12 17:42:00,47.7
2025-06-12 08:32:00,49.69925181201777
2025-06-12 15:04:00,60.4
2025-06-12 09:18:00,49.69925181201777
2025-06-12 02:22:00,28.7
2025-06-12 23:23:00,33.9
2025-06-12 13:54:00,73.6
2025-06-12 03:02:00,87.7
2025-06-12 17:43:00,99.0
2025-06-12 17:26:00,56.4
2025-06-12 06:14:00,9.9
2025-06-12 16:39:00,69.5
2025-06-12 18:53:00,78.5
2025-06-12 19:55:00,82.9
2025-06-12 16:29:00,45.1
2025-06-12 09:20:00,58.0
2025-06-12 03:09:00,52.5
2025-06-12 06:27:00,76.8
2025-06-12 14:08:00,14.6
2025-06-12 01:33:00,18.1
2025-06-12 08:03:00,0.4
2025-06-12 06:35:00,74.1
2025-06-12 03:50:00,79.3
2025-06-12 02:11:00,96.5
2025-06-12 04:59:00,87.6
2025-06-12 14:22:00,46.5
2025-06-12 06:56:00,99.4
2025-06-12 05:09:00,49.69925181201777
2025-06-12 01:57:00,2.8
2025-06-12 15:38:00,49.69925181201777
2025-06-12 15:55:00,49.69925181201777
2025-06-12 14:58:00,57.3
2025-06-12 05:23:00,67.7
2025-06-12 22:17:00,6.6
2025-06-12 04:20:00,69.4
2025-06-12 16:37:00,35.2
2025-06-12 07:43:00,63.8
2025-06-12 15:00:00,5.5
2025-06-12 14:35:00,67.1
2025-06-12 07:13:00,69.7
2025-06-12 00:08:00,83.9
2025-06-12 01:47:00,4.3
2025-06-12 22:41:00,22.2
2025-06-12 16:38:00,50.2
2025-06-12 23:01:00,19.4
2025-06-12 22:06:00,88.1
2025-06-12 15:54:00,35.4
2025-06-12 15:30:00,36.5
2025-06-12 06:11:00,18.6
2025-06-12 22:39:00,58.2
2025-06-12 11:42:00,23.5
2025-06-12 05:59:00,3.2
2025-06-12 10:34:00,75.5
2025-06-12 01:16:00,49.69925181201777
2025-06-12 07:31:00,49.69925181201777
2025-06-12 17:05:00,27.8
2025-06-12 06:32:00,93.6
2025-06-12 18:55:00,6.4
2025-06-12 11:05:00,42.0
2025-06-12 15:08:00,49.69925181201777
2025-06-12 11:56:00,44.1
2025-06-12 09:24:00,69.6
2025-06-12 08:17:00,28.3
2025-06-12 08:41:00,49.69925181201777
2025-06-12 17:49:00,61.2
2025-06-12 10:48:00,83.6
2025-06-12 04:25:00,34.4
2025-06-12 17:39:00,24.1
2025-06-12 00:47:00,79.0
2025-06-12 03:52:00,18.3
2025-06-12 12:55:00,49.69925181201777
2025-06-12 13:40:00,83.0
2025-06-12 18:16:00,84.2
2025-06-12 19:38:00,72.4
2025-06-12 13:16:00,85.6
2025-06-12 05:01:00,2.7
2025-06-12 10:16:00,9.8
2025-06-12 11:39:00,1.7
2025-06-12 10:45:00,63.2
2025-06-12 14:46:00,74.5
2025-06-12 07:56:00,9.6
2025-06-12 14:41:00,85.5
2025-06-12 23:57:00,97.7
2025-06-12 15:56:00,9.7
2025-06-12 03:54:00,22.1
2025-06-12 08:28:00,18.7
2025-06-12 20:14:00,1.7
2025-06-12 02:06:00,8.5
2025-06-12 05:10:00,39.8
2025-06-12 08:19:00,79.3
2025-06-12 17:41:00,18.2
2025-06-12 02:19:00,86.6
2025-06-12 17:19:00,49.69925181201777
2025-06-12 16:08:00,82.5
2025-06-12 09:37:00,91.4
2025-06-12 15:02:00,54.1
2025-06-12 19:27:00,49.69925181201777
2025-06-12 18:47:00,97.5
2025-06-12 14:02:00,27.7
2025-06-12 13:10:00,11.8
2025-06-12 12:27:00,30.6
2025-06-12 22:40:00,29.7
2025-06-12 11:20:00,61.8
2025-06-12 10:47:00,46.5
2025-06-12 18:37:00,50.9
2025-06-12 12:31:00,49.69925181201777
2025-06-12 12:53:00,49.69925181201777
2025-06-12 00:17:00,4.1
2025-06-12 19:52:00,33.4
2025-06-12 15:45:00,81.9
2025-06-12 13:15:00,48.5
2025-06-12 16:04:00,87.9
2025-06-12 20:44:00,65.2
2025-06-12 23:35:00,8.1
2025-06-12 05:05:00,67.1
2025-06-12 00:36:00,98.8
2025-06-12 02:31:00,39.6
2025-06-12 19:14:00,50.15234640140434
2025-06-12 05:52:00,83.9
2025-06-12 18:40:00,11.3
2025-06-12 09:54:00,21.8
2025-06-12 14:14:00,94.8
2025-06-12 05:54:00,4.5
2025-06-12 18:17:00,50.15234640140434
2025-06-12 11:11:00,8.0
2025-06-12 13:54:00,36.6
2025-06-12 14:27:00,67.6
2025-06-12 06:49:00,50.15234640140434
2025-06-12 14:35:00,88.8
2025-06-12 18:56:00,57.9
2025-06-12 23:18:00,82.4
2025-06-12 23:50:00,42.8
2025-06-12 18:18:00,5.6
2025-06-12 06:48:00,50.15234640140434
2025-06-12 21:48:00,50.15234640140434
2025-06-12 15:33:00,67.3
2025-06-12 10:10:00,61.4
2025-06-12 22:32:00,71.9
2025-06-12 11:37:00,14.7
2025-06-12 11:24:00,65.7
2025-06-12 20:05:00,9.6
2025-06-12 05:29:00,16.9
2025-06-12 02:20:00,12.8
2025-06-12 18:32:00,10.4
2025-06-12 23:22:00,49.3
2025-06-12 11:16:00,50.15234640140434
2025-06-12 13:37:00,58.7
2025-06-12 12:27:00,59.0
2025-06-12 05:46:00,33.5
2025-06-12 12:49:00,50.15234640140434
2025-06-12 09:40:00,50.15234640140434
2025-06-12 17:25:00,67.9
2025-06-12 18:49:00,72.3
2025-06-12 15:24:00,16.4
2025-06-12 23:36:00,35.9
2025-06-12 22:53:00,4.5
2025-06-12 15:13:00,39.8
2025-06-12 13:26:00,83.4
2025-06-12 16:57:00,90.5
2025-06-12 21:13:00,78.4
2025-06-12 16:29:00,35.5
2025-06-12 19:36:00,97.3
2025-06-12 14:09:00,50.15234640140434
2025-06-12 12:08:00,50.7
2025-06-12 13:58:00,71.8
2025-06-12 08:09:00,47.4
2025-06-12 23:01:00,89.5
2025-06-12 21:53:00,93.1
2025-06-12 07:09:00,61.0
2025-06-12 23:15:00,50.15234640140434
2025-06-12 02:59:00,50.15234640140434
2025-06-12 04:36:00,43.4
2025-06-12 01:57:00,68.6
2025-06-12 15:31:00,50.15234640140434
2025-06-12 18:58:00,42.8
2025-06-12 19:53:00,94.6
2025-06-12 15:02:00,51.7
2025-06-12 05:47:00,98.8
2025-06-12 15:19:00,50.5
2025-06-12 03:08:00,0.0
2025-06-12 13:21:00,50.15234640140434
2025-06-12 11:36:00,18.8
2025-06-12 10:38:00,87.9
2025-06-12 17:06:00,68.6
2025-06-12 10:05:00,87.4
2025-06-12 01:18:00,63.9
2025-06-12 22:38:00,75.3
2025-06-12 13:32:00,50.15234640140434
2025-06-12 15:47:00,50.15234640140434
2025-06-12 12:31:00,4.8
2025-06-12 14:15:00,87.5
2025-06-12 10:52:00,15.2
2025-06-12 21:21:00,25.1
2025-06-12 21:22:00,50.15234640140434
2025-06-12 22:30:00,7.2
2025-06-12 02:19:00,50.15234640140434
2025-06-12 23:40:00,89.0
2025-06-12 10:36:00,50.15234640140434
2025-06-12 05:37:00,91.1
2025-06-12 17:59:00,47.4
2025-06-12 11:01:00,3.7
2025-06-12 11:03:00,97.0
2025-06-12 19:01:00,5.1
2025-06-12 05:44:00,50.15234640140434
2025-06-12 10:15:00,90.6
2025-06-12 00:40:00,21.2
2025-06-12 19:57:00,11.3
2025-06-12 07:06:00,87.0
2025-06-12 10:49:00,99.0
2025-06-12 22:21:00,89.9
2025-06-12 00:17:00,6.5
2025-06-12 10:17:00,95.0
2025-06-12 04:50:00,58.5
2025-06-12 13:47:00,43.2
2025-06-12 11:51:00,57.0
2025-06-12 22:35:00,84.9
2025-06-12 01:42:00,34.6
2025-06-12 20:46:00,3.8
2025-06-12 23:05:00,13.6
2025-06-12 02:52:00,46.5
2025-06-12 02:17:00,16.5
2025-06-12 22:06:00,67.0
2025-06-12 06:51:00,89.1
2025-06-12 08:16:00,32.9
2025-06-12 11:48:00,34.7
2025-06-12 10:39:00,15.3
2025-06-12 22:20:00,68.5
2025-06-12 02:16:00,23.0
2025-06-12 11:33:00,98.5
2025-06-12 19:07:00,72.8
2025-06-12 17:58:00,50.15234640140434
2025-06-12 08:23:00,62.4
2025-06-12 16:30:00,28.6
2025-06-12 10:18:00,14.7
2025-06-12 20:58:00,7.6
2025-06-12 03:06:00,50.15234640140434
2025-06-12 12:04:00,54.4
2025-06-12 19:13:00,50.15234640140434
2025-06-12 05:21:00,50.15234640140434
2025-06-12 02:56:00,50.15234640140434
2025-06-12 16:52:00,88.5
2025-06-12 11:58:00,11.8
2025-06-12 04:33:00,66.5
2025-06-12 08:55:00,50.15234640140434
2025-06-12 10:23:00,6.5
2025-06-12 20:03:00,44.4
2025-06-12 09:53:00,0.8
2025-06-12 02:34:00,69.3
2025-06-12 00:47:00,50.4
2025-06-12 11:02:00,19.2
2025-06-12 11:04:00,46.2
2025-06-12 10:57:00,47.9
2025-06-12 05:43:00,39.9
2025-06-12 07:12:00,50.15234640140434
2025-06-12 08:46:00,27.4
2025-06-12 11:46:00,72.4
2025-06-12 04:02:00,68.6
2025-06-12 05:18:00,48.5
2025-06-12 15:30:00,57.7
2025-06-12 17:44:00,55.7
2025-06-12 17:11:00,2.4
2025-06-12 15:29:00,43.2
2025-06-12 19:59:00,40.9
2025-06-12 02:40:00,13.4
2025-06-12 05:03:00,76.5
2025-06-12 21:11:00,50.15234640140434
2025-06-12 22:17:00,4.6
2025-06-12 20:36:00,37.9
2025-06-12 05:36:00,40.6
2025-06-12 04:48:00,50.15234640140434
2025-06-12 16:07:00,70.8
2025-06-12 11:25:00,54.3
2025-06-12 19:39:00,11.8
2025-06-12 15:00:00,37.8
2025-06-12 13:08:00,19.4
2025-06-12 19:02:00,56.3
2025-06-12 07:46:00,43.8
2025-06-12 07:38:00,76.8
2025-06-12 19:35:00,18.2
2025-06-12 23:55:00,50.15234640140434
2025-06-12 15:42:00,98.0
2025-06-12 09:49:00,33.3
2025-06-12 05:02:00,67.1
2025-06-12 14:38:00,50.15234640140434
2025-06-12 15:57:00,32.3
2025-06-12 17:38:00,59.7
2025-06-12 10:03:00,50.15234640140434
2025-06-12 01:06:00,26.6
2025-06-12 19:03:00,60.0
2025-06-12 11:44:00,19.9
2025-06-12 20:34:00,14.8
2025-06-12 23:20:00,52.4
2025-06-12 02:10:00,15.3
2025-06-12 09:39:00,49.2
2025-06-12 03:15:00,21.3
2025-06-12 06:07:00,60.8
2025-06-12 08:43:00,62.1
2025-06-12 12:10:00,50.15234640140434
2025-06-12 07:52:00,32.3
2025-06-12 00:11:00,44.5
2025-06-12 11:06:00,25.7
2025-06-12 08:32:00,50.15234640140434
2025-06-12 08:26:00,50.15234640140434
2025-06-12 07:04:00,45.4
2025-06-12 12:18:00,50.15234640140434
2025-06-12 04:11:00,77.9
2025-06-12 14:44:00,59.5
2025-06-12 13:00:00,45.3
2025-06-12 21:54:00,50.15234640140434
2025-06-12 20:39:00,13.7
2025-06-12 08:53:00,61.1
2025-06-12 03:45:00,96.6
2025-06-12 14:36:00,50.15234640140434
2025-06-12 10:51:00,95.4
2025-06-12 14:37:00,50.15234640140434
2025-06-12 15:34:00,50.15234640140434
2025-06-12 12:12:00,80.7
2025-06-12 12:05:00,14.5
2025-06-12 19:23:00,50.15234640140434
2025-06-12 23:14:00,94.6
2025-06-12 20:52:00,17.7
2025-06-12 13:24:00,85.7
2025-06-12 02:06:00,57.8
2025-06-12 12:20:00,35.7
2025-06-12 01:01:00,51.0
2025-06-12 16:01:00,85.9
2025-06-12 22:31:00,4.1
2025-06-12 16:44:00,50.15234640140434
2025-06-12 06:43:00,50.15234640140434
2025-06-12 19:29:00,34.9
2025-06-12 12:56:00,61.4
2025-06-12 19:28:00,73.5
2025-06-12 11:13:00,54.8
2025-06-12 09:36:00,70.6
2025-06-12 02:28:00,88.3
2025-06-12 07:42:00,99.5
2025-06-12 04:09:00,6.3
2025-06-12 23:58:00,67.5
2025-06-12 23:07:00,40.1
2025-06-12 13:45:00,10.2
2025-06-12 04:45:00,34.2
2025-06-12 13:44:00,99.2
2025-06-12 10:13:00,63.8
2025-06-12 22:46:00,68.1
2025-06-12 18:50:00,50.15234640140434
2025-06-12 09:06:00,33.2
2025-06-12 01:47:00,86.8
2025-06-12 21:25:00,26.2
2025-06-12 06:32:00,86.4
2025-06-12 12:47:00,50.15234640140434
2025-06-12 01:55:00,71.3
2025-06-12 12:24:00,11.1
2025-06-12 11:21:00,40.6
2025-06-12 19:50:00,47.5
2025-06-12 16:43:00,65.7
2025-06-12 15:14:00,50.15234640140434
2025-06-12 00:42:00,67.3
2025-06-12 20:27:00,59.0
2025-06-12 12:03:00,50.8
2025-06-12 23:31:00,66.0
2025-06-12 10:55:00,65.2
2025-06-12 18:30:00,19.9
2025-06-12 23:16:00,61.0
2025-06-12 18:12:00,9.2
2025-06-12 04:44:00,61.5
2025-06-12 11:05:00,39.2
2025-06-12 05:25:00,9.6
2025-06-12 06:37:00,16.6
2025-06-12 13:23:00,89.3
2025-06-12 21:44:00,82.8
2025-06-12 03:12:00,37.6
2025-06-12 12:59:00,73.9
2025-06-12 14:20:00,50.15234640140434
2025-06-12 03:18:00,83.4
2025-06-12 19:48:00,27.3
2025-06-12 18:06:00,69.2
2025-06-12 00:50:00,82.2
2025-06-12 22:15:00,17.0
2025-06-12 18:45:00,6.9
2025-06-12 01:15:00,5.3
2025-06-12 21:32:00,50.15234640140434
2025-06-12 03:17:00,94.9
2025-06-12 23:24:00,41.2
2025-06-12 01:34:00,43.8
2025-06-12 12:57:00,53.2
2025-06-12 10:43:00,50.15234640140434
2025-06-12 03:54:00,53.2
2025-06-12 19:37:00,50.15234640140434
2025-06-12 04:46:00,22.2
2025-06-12 14:22:00,50.15234640140434
2025-06-12 17:03:00,50.15234640140434
2025-06-12 07:20:00,72.6
2025-06-12 02:11:00,59.5
2025-06-12 21:59:00,62.0
2025-06-12 08:24:00,88.3
2025-06-12 08:45:00,70.5
2025-06-12 22:41:00,69.4
2025-06-12 01:33:00,23.2
2025-06-12 08:13:00,14.1
2025-06-12 12:02:00,50.15234640140434
2025-06-12 06:20:00,43.0
2025-06-12 22:48:00,36.8
2025-06-12 17:00:00,67.7
2025-06-12 17:36:00,81.0
2025-06-12 06:53:00,41.8
2025-06-12 03:14:00,76.9
2025-06-12 20:06:00,89.5
2025-06-12 11:30:00,76.4
2025-06-12 02:38:00,88.4
2025-06-12 12:29:00,28.1
2025-06-12 11:00:00,24.4
2025-06-12 17:27:00,74.5
2025-06-12 00:41:00,57.1
2025-06-12 10:04:00,22.7
2025-06-12 01:49:00,14.2
2025-06-12 00:03:00,75.5
2025-06-12 10:33:00,49.8
2025-06-12 07:23:00,20.7
2025-06-12 15:21:00,75.4
2025-06-12 07:11:00,69.2
2025-06-12 20:29:00,50.15747328871669
2025-06-12 11:37:00,15.4
2025-06-12 12:08:00,90.0
2025-06-12 00:04:00,91.5
2025-06-12 05:31:00,10.5
2025-06-12 00:28:00,82.5
2025-06-12 00:53:00,32.5
2025-06-12 22:32:00,68.4
2025-06-12 23:41:00,35.7
2025-06-12 10:27:00,95.4
2025-06-12 10:14:00,85.3
2025-06-12 17:25:00,31.5
2025-06-12 16:44:00,42.4
2025-06-12 14:11:00,50.15747328871669
2025-06-12 15:30:00,93.1
2025-06-12 10:25:00,8.5
2025-06-12 09:18:00,46.8
2025-06-12 02:10:00,30.6
2025-06-12 16:39:00,11.5
2025-06-12 21:27:00,97.9
2025-06-12 03:01:00,40.6
2025-06-12 16:29:00,56.7
2025-06-12 16:36:00,88.8
2025-06-12 05:00:00,16.4
2025-06-12 03:51:00,27.6
2025-06-12 21:19:00,74.9
2025-06-12 12:48:00,37.7
2025-06-12 08:16:00,48.9
2025-06-12 17:31:00,45.4
2025-06-12 13:44:00,3.8
2025-06-12 01:27:00,69.3
2025-06-12 12:32:00,77.7
2025-06-12 23:57:00,6.9
2025-06-12 18:44:00,26.4
2025-06-12 16:13:00,34.8
2025-06-12 17:51:00,15.2
2025-06-12 08:08:00,98.8
2025-06-12 09:51:00,48.6
2025-06-12 01:52:00,43.3
2025-06-12 21:25:00,47.9
2025-06-12 18:55:00,73.8
2025-06-12 19:48:00,29.4
2025-06-12 12:19:00,62.8
2025-06-12 17:04:00,15.8
2025-06-12 19:39:00,73.9
2025-06-12 19:52:00,50.15747328871669
2025-06-12 20:43:00,70.5
2025-06-12 18:46:00,85.5
2025-06-12 22:54:00,75.8
2025-06-12 20:56:00,74.7
2025-06-12 13:37:00,57.9
2025-06-12 07:42:00,62.7
2025-06-12 02:53:00,79.5
2025-06-12 01:39:00,6.5
2025-06-12 11:01:00,50.15747328871669
2025-06-12 23:27:00,34.9
2025-06-12 01:47:00,10.6
2025-06-12 11:53:00,32.0
2025-06-12 22:06:00,83.5
2025-06-12 06:45:00,70.0
2025-06-12 14:27:00,45.0
2025-06-12 22:48:00,47.8
2025-06-12 14:57:00,32.5
2025-06-12 15:45:00,5.3
2025-06-12 13:07:00,50.15747328871669
2025-06-12 16:50:00,50.15747328871669
2025-06-12 05:33:00,53.6
2025-06-12 20:49:00,50.15747328871669
2025-06-12 08:54:00,63.7
2025-06-12 04:03:00,50.15747328871669
2025-06-12 12:52:00,96.4
2025-06-12 20:46:00,54.8
2025-06-12 10:03:00,16.0
2025-06-12 17:49:00,33.1
2025-06-12 21:52:00,8.0
2025-06-12 20:14:00,79.7
2025-06-12 07:36:00,96.5
2025-06-12 01:50:00,70.3
2025-06-12 16:20:00,95.6
2025-06-12 03:10:00,63.5
2025-06-12 07:34:00,67.8
2025-06-12 18:48:00,2.6
2025-06-12 01:48:00,16.5
2025-06-12 12:28:00,50.15747328871669
2025-06-12 11:55:00,35.4
2025-06-12 16:15:00,10.1
2025-06-12 08:58:00,77.0
2025-06-12 16:18:00,43.0
2025-06-12 01:55:00,54.7
2025-06-12 21:59:00,1.9
2025-06-12 19:09:00,78.6
2025-06-12 09:02:00,73.3
2025-06-12 22:10:00,90.5
2025-06-12 15:29:00,54.9
2025-06-12 04:33:00,50.15747328871669
2025-06-12 11:59:00,81.6
2025-06-12 03:02:00,97.6
2025-06-12 12:34:00,65.8
2025-06-12 17:28:00,4.6
2025-06-12 12:15:00,73.8
2025-06-12 03:11:00,50.15747328871669
2025-06-12 10:12:00,32.9
2025-06-12 04:54:00,18.2
2025-06-12 21:34:00,68.5
2025-06-12 18:42:00,23.5
2025-06-12 21:02:00,50.15747328871669
2025-06-12 10:39:00,74.5
2025-06-12 08:39:00,81.0
2025-06-12 09:41:00,26.3
2025-06-12 04:34:00,30.0
2025-06-12 10:32:00,59.3
2025-06-12 19:05:00,47.4
2025-06-12 19:44:00,55.5
2025-06-12 13:29:00,40.3
2025-06-12 20:25:00,3.1
2025-06-12 18:45:00,28.5
2025-06-12 07:24:00,50.15747328871669
2025-06-12 02:28:00,18.2
2025-06-12 02:06:00,79.2
2025-06-12 15:33:00,96.6
2025-06-12 08:41:00,58.0
2025-06-12 03:31:00,74.2
2025-06-12 18:05:00,14.9
2025-06-12 13:54:00,59.1
2025-06-12 04:57:00,25.4
2025-06-12 07:15:00,50.15747328871669
2025-06-12 20:58:00,52.0
2025-06-12 05:05:00,46.4
2025-06-12 09:45:00,22.9
2025-06-12 02:12:00,50.15747328871669
2025-06-12 14:03:00,21.7
2025-06-12 08:30:00,35.3
2025-06-12 03:19:00,51.6
2025-06-12 09:13:00,48.8
2025-06-12 12:02:00,99.7
2025-06-12 11:17:00,33.2
2025-06-12 13:53:00,50.15747328871669
2025-06-12 22:27:00,98.9
2025-06-12 10:43:00,26.4
2025-06-12 14:53:00,54.0
2025-06-12 06:51:00,60.2
2025-06-12 09:09:00,78.2
2025-06-12 12:47:00,1.5
2025-06-12 01:35:00,5.2
2025-06-12 07:30:00,50.15747328871669
2025-06-12 02:37:00,46.6
2025-06-12 15:28:00,50.15747328871669
2025-06-12 15:20:00,59.8
2025-06-12 10:05:00,50.2
2025-06-12 08:33:00,77.6
2025-06-12 11:08:00,15.8
2025-06-12 21:11:00,84.5
2025-06-12 03:52:00,65.9
2025-06-12 09:49:00,67.9
2025-06-12 17:45:00,48.8
2025-06-12 05:38:00,24.3
2025-06-12 05:14:00,23.4
2025-06-12 14:10:00,50.15747328871669
2025-06-12 19:38:00,10.2
2025-06-12 04:27:00,37.5
2025-06-12 17:03:00,20.2
2025-06-12 12:18:00,40.0
2025-06-12 23:52:00,79.3
2025-06-12 15:44:00,50.15747328871669
2025-06-12 20:22:00,20.3
2025-06-12 05:55:00,41.0
2025-06-12 21:28:00,50.15747328871669
2025-06-12 07:06:00,95.1
2025-06-12 11:11:00,93.4
2025-06-12 23:34:00,30.2
2025-06-12 03:07:00,58.8
2025-06-12 05:27:00,44.3
2025-06-12 05:51:00,69.3
2025-06-12 18:18:00,45.3
2025-06-12 02:45:00,93.8
2025-06-12 14:46:00,37.2
2025-06-12 03:13:00,41.7
2025-06-12 21:50:00,66.2
2025-06-12 13:43:00,92.1
2025-06-12 21:05:00,49.0
2025-06-12 12:49:00,60.0
2025-06-12 06:33:00,85.5
2025-06-12 23:23:00,50.15747328871669
2025-06-12 00:21:00,93.3
2025-06-12 17:21:00,34.3
2025-06-12 16:23:00,50.15747328871669
2025-06-12 14:23:00,6.3
2025-06-12 14:45:00,11.8
2025-06-12 00:03:00,49.4
2025-06-12 23:40:00,14.8
2025-06-12 18:41:00,92.7
2025-06-12 21:20:00,73.7
2025-06-12 03:56:00,2.0
2025-06-12 11:18:00,15.6
2025-06-12 06:43:00,50.15747328871669
2025-06-12 16:21:00,58.7
2025-06-12 08:52:00,86.6
2025-06-12 22:43:00,70.6
2025-06-12 01:49:00,67.2
2025-06-12 11:23:00,50.15747328871669
2025-06-12 12:37:00,75.1
2025-06-12 01:36:00,93.6
2025-06-12 09:23:00,50.15747328871669
2025-06-12 14:21:00,71.8
2025-06-12 05:07:00,19.3
2025-06-12 15:07:00,50.15747328871669
2025-06-12 01:00:00,78.4
2025-06-12 19:54:00,6.9
2025-06-12 17:34:00,50.15747328871669
2025-06-12 13:34:00,92.6
2025-06-12 07:26:00,50.15747328871669
2025-06-12 23:59:00,50.15747328871669
2025-06-12 21:08:00,6.6
2025-06-12 16:54:00,87.7
2025-06-12 12:51:00,50.15747328871669
2025-06-12 12:09:00,70.7
2025-06-12 05:30:00,23.1
2025-06-12 16:02:00,83.1
2025-06-12 12:39:00,50.15747328871669
2025-06-12 04:52:00,1.6
2025-06-12 19:04:00,50.15747328871669
2025-06-12 09:22:00,50.15747328871669
2025-06-12 04:19:00,59.9
2025-06-12 00:45:00,13.1
2025-06-12 16:12:00,67.0
2025-06-12 04:14:00,47.5
2025-06-12 04:46:00,8.7
2025-06-12 04:13:00,26.5
2025-06-12 06:57:00,61.2
2025-06-12 21:43:00,17.0
2025-06-12 07:18:00,50.15747328871669
2025-06-12 10:34:00,93.5
2025-06-12 00:13:00,62.7
2025-06-12 19:35:00,3.6
2025-06-12 21:18:00,87.8
2025-06-12 01:17:00,69.4
2025-06-12 15:51:00,7.9
2025-06-12 11:33:00,67.1
2025-06-12 22:46:00,72.4
2025-06-12 19:18:00,81.7
2025-06-12 00:14:00,37.8
2025-06-12 18:31:00,76.3
2025-06-12 15:13:00,6.9
2025-06-12 18:11:00,6.5
2025-06-12 18:04:00,62.6
2025-06-12 05:45:00,68.5
2025-06-12 03:42:00,30.3
2025-06-12 04:58:00,50.15747328871669
2025-06-12 16:22:00,66.4
2025-06-12 13:38:00,67.8
2025-06-12 12:27:00,45.4
2025-06-12 16:35:00,91.8
2025-06-12 18:33:00,8.0
2025-06-12 09:27:00,50.15747328871669
2025-06-12 18:54:00,31.9
2025-06-12 22:29:00,35.8
2025-06-12 06:56:00,41.0
2025-06-12 11:05:00,86.0
2025-06-12 05:39:00,78.4
2025-06-12 10:15:00,94.5
2025-06-12 17:39:00,5.6
2025-06-12 02:56:00,40.4
2025-06-12 09:59:00,9.3
2025-06-12 07:49:00,50.15747328871669
2025-06-12 00:36:00,70.8
2025-06-12 06:26:00,17.3
2025-06-12 15:35:00,2.5
2025-06-12 20:15:00,98.9
2025-06-12 21:09:00,63.6
2025-06-12 08:18:00,52.1
2025-06-12 05:22:00,50.15747328871669
2025-06-12 01:05:00,82.1
2025-06-12 07:20:00,50.15747328871669
2025-06-12 13:47:00,50.3
2025-06-12 01:41:00,50.15747328871669
2025-06-12 22:52:00,39.0
2025-06-12 01:25:00,6.2
2025-06-12 09:05:00,47.6
2025-06-12 13:30:00,79.3
2025-06-12 00:39:00,77.3
2025-06-12 17:48:00,24.0
2025-06-12 02:17:00,24.8
2025-06-12 02:03:00,15.4
2025-06-12 20:33:00,82.9
2025-06-12 19:37:00,54.6
2025-06-12 00:17:00,56.0
2025-06-12 12:12:00,76.9
2025-06-12 04:09:00,79.6
2025-06-12 07:22:00,70.4
2025-06-12 14:59:00,63.0
2025-06-12 06:09:00,33.4
2025-06-12 01:34:00,0.9
2025-06-12 09:14:00,50.15747328871669
2025-06-12 18:34:00,60.5
2025-06-12 22:00:00,41.8
2025-06-12 14:54:00,26.7
2025-06-12 08:24:00,16.5
2025-06-12 09:08:00,37.6
2025-06-12 05:48:00,70.5
2025-06-12 10:06:00,89.2
2025-06-12 12:10:00,99.9
2025-06-12 21:44:00,33.4
2025-06-12 05:17:00,50.15747328871669
2025-06-12 22:44:00,11.9
2025-06-12 09:00:00,61.6
2025-06-12 17:24:00,64.9
2025-06-12 07:07:00,75.1
2025-06-12 15:37:00,79.2
2025-06-12 04:23:00,40.2
2025-06-12 01:31:00,68.5
2025-06-12 23:28:00,13.7
2025-06-12 05:10:00,50.15747328871669
2025-06-12 16:28:00,40.5
2025-06-12 13:51:00,99.2
2025-06-12 18:06:00,11.1
2025-06-12 03:36:00,50.15747328871669
2025-06-12 10:24:00,68.2
2025-06-12 10:37:00,69.9
2025-06-12 17:50:00,48.4
2025-06-12 13:33:00,50.15747328871669
2025-06-12 14:17:00,20.4
2025-06-12 22:23:00,27.0
2025-06-12 04:00:00,95.1
2025-06-12 15:22:00,61.8
2025-06-12 04:31:00,2.5
2025-06-12 23:36:00,50.07997412982127
2025-06-12 10:21:00,75.8
2025-06-12 14:22:00,81.7
2025-06-12 03:13:00,18.8
2025-06-12 00:40:00,63.2
2025-06-12 18:41:00,16.8
2025-06-12 00:12:00,26.5
2025-06-12 01:19:00,49.5
2025-06-12 07:38:00,50.07997412982127
2025-06-12 03:38:00,94.4
2025-06-12 21:36:00,50.07997412982127
2025-06-12 14:05:00,36.1
2025-06-12 06:37:00,50.07997412982127
2025-06-12 18:35:00,50.07997412982127
2025-06-12 18:18:00,3.9
2025-06-12 20:31:00,68.4
2025-06-12 18:19:00,36.8
2025-06-12 23:53:00,61.6
2025-06-12 09:28:00,6.4
2025-06-12 14:00:00,94.0
2025-06-12 00:44:00,37.4
2025-06-12 05:52:00,50.07997412982127
2025-06-12 10:41:00,17.8
2025-06-12 00:18:00,77.8
2025-06-12 12:41:00,5.6
2025-06-12 01:13:00,74.4
2025-06-12 19:58:00,57.5
2025-06-12 23:51:00,90.2
2025-06-12 05:37:00,36.3
2025-06-12 17:16:00,50.07997412982127
2025-06-12 04:40:00,15.2
2025-06-12 15:33:00,54.6
2025-06-12 08:33:00,50.07997412982127
2025-06-12 22:55:00,57.8
2025-06-12 09:58:00,99.4
2025-06-12 16:34:00,50.07997412982127
2025-06-12 09:14:00,17.4
2025-06-12 02:47:00,50.07997412982127
2025-06-12 12:20:00,50.07997412982127
2025-06-12 09:56:00,50.07997412982127
2025-06-12 06:30:00,32.2
2025-06-12 07:01:00,86.7
2025-06-12 03:27:00,71.4
2025-06-12 10:56:00,31.2
2025-06-12 23:02:00,50.07997412982127
2025-06-12 01:59:00,68.0
2025-06-12 19:13:00,50.07997412982127
2025-06-12 14:29:00,30.5
2025-06-12 18:45:00,16.4
2025-06-12 12:03:00,82.0
2025-06-12 10:07:00,59.5
2025-06-12 11:58:00,56.7
2025-06-12 01:15:00,21.0
2025-06-12 16:43:00,15.4
2025-06-12 11:03:00,50.07997412982127
2025-06-12 20:21:00,21.0
2025-06-12 06:47:00,80.4
2025-06-12 20:37:00,29.8
2025-06-12 23:11:00,60.8
2025-06-12 06:50:00,94.4
2025-06-12 21:12:00,57.5
2025-06-12 02:14:00,75.3
2025-06-12 08:40:00,97.4
2025-06-12 20:08:00,66.6
2025-06-12 22:04:00,58.1
2025-06-12 09:47:00,93.1
2025-06-12 20:55:00,50.07997412982127
2025-06-12 01:22:00,10.3
2025-06-12 16:53:00,45.8
2025-06-12 19:35:00,2.6
2025-06-12 23:12:00,50.07997412982127
2025-06-12 18:42:00,87.3
2025-06-12 10:20:00,50.07997412982127
2025-06-12 01:32:00,58.2
2025-06-12 22:34:00,44.5
2025-06-12 18:15:00,29.7
2025-06-12 02:54:00,26.1
2025-06-12 04:30:00,66.7
2025-06-12 09:59:00,50.07997412982127
2025-06-12 00:47:00,33.8
2025-06-12 04:18:00,50.07997412982127
2025-06-12 01:18:00,46.0
2025-06-12 21:21:00,50.07997412982127
2025-06-12 10:02:00,82.5
2025-06-12 18:17:00,50.07997412982127
2025-06-12 21:17:00,50.07997412982127
2025-06-12 18:16:00,12.6
2025-06-12 09:06:00,50.07997412982127
2025-06-12 13:55:00,56.3
2025-06-12 20:52:00,50.07997412982127
2025-06-12 20:26:00,16.3
2025-06-12 18:28:00,92.1
2025-06-12 18:22:00,90.5
2025-06-12 15:44:00,21.9
2025-06-12 07:10:00,30.1
2025-06-12 17:05:00,70.2
2025-06-12 14:44:00,1.1
2025-06-12 04:27:00,62.3
2025-06-12 17:48:00,8.6
2025-06-12 09:35:00,54.5
2025-06-12 11:59:00,27.4
2025-06-12 05:05:00,81.0
2025-06-12 19:02:00,50.07997412982127
2025-06-12 16:14:00,34.9
2025-06-12 02:16:00,50.07997412982127
2025-06-12 02:22:00,50.07997412982127
2025-06-12 11:00:00,82.8
2025-06-12 21:13:00,58.3
2025-06-12 15:19:00,65.8
2025-06-12 15:05:00,41.1
2025-06-12 09:04:00,50.07997412982127
2025-06-12 19:54:00,30.1
2025-06-12 05:26:00,5.1
2025-06-12 21:55:00,64.6
2025-06-12 08:08:00,5.3
2025-06-12 18:47:00,2.1
2025-06-12 00:22:00,4.5
2025-06-12 08:38:00,57.5
2025-06-12 23:06:00,97.8
2025-06-12 02:44:00,67.3
2025-06-12 01:20:00,50.07997412982127
2025-06-12 15:43:00,40.8
2025-06-12 23:04:00,4.4
2025-06-12 10:37:00,50.07997412982127
2025-06-12 06:06:00,94.1
2025-06-12 21:58:00,96.9
2025-06-12 06:01:00,33.8
2025-06-12 15:24:00,99.6
2025-06-12 00:08:00,74.6
2025-06-12 07:49:00,78.0
2025-06-12 21:14:00,50.07997412982127
2025-06-12 11:18:00,28.9
2025-06-12 08:23:00,55.2
2025-06-12 11:57:00,81.5
2025-06-12 09:13:00,39.5
2025-06-12 15:38:00,45.5
2025-06-12 15:51:00,50.07997412982127
2025-06-12 12:57:00,50.07997412982127
2025-06-12 04:32:00,13.8
2025-06-12 12:37:00,42.7
2025-06-12 23:43:00,85.9
2025-06-12 13:52:00,80.0
2025-06-12 07:14:00,13.8
2025-06-12 01:55:00,62.9
2025-06-12 21:46:00,80.3
2025-06-12 23:54:00,95.8
2025-06-12 09:42:00,30.7
2025-06-12 09:38:00,89.8
2025-06-12 09:37:00,85.5
2025-06-12 23:21:00,50.07997412982127
2025-06-12 14:19:00,8.3
2025-06-12 01:53:00,76.9
2025-06-12 20:20:00,85.5
2025-06-12 06:25:00,93.4
2025-06-12 21:18:00,17.4
2025-06-12 03:08:00,50.07997412982127
2025-06-12 03:48:00,46.5
2025-06-12 13:12:00,2.5
2025-06-12 15:03:00,11.4
2025-06-12 06:24:00,43.3
2025-06-12 15:30:00,80.2
2025-06-12 16:06:00,38.5
2025-06-12 18:36:00,50.07997412982127
2025-06-12 10:29:00,61.7
2025-06-12 12:36:00,11.0
2025-06-12 03:53:00,61.4
2025-06-12 20:41:00,51.0
2025-06-12 11:41:00,41.8
2025-06-12 00:19:00,24.1
2025-06-12 01:48:00,38.3
2025-06-12 20:25:00,42.8
2025-06-12 02:29:00,22.6
2025-06-12 07:57:00,50.07997412982127
2025-06-12 19:26:00,94.4
2025-06-12 00:23:00,77.2
2025-06-12 10:24:00,13.6
2025-06-12 10:43:00,32.9
2025-06-12 18:39:00,88.0
2025-06-12 03:12:00,29.8
2025-06-12 16:51:00,90.9
2025-06-12 03:18:00,50.07997412982127
2025-06-12 22:29:00,67.0
2025-06-12 00:15:00,17.5
2025-06-12 03:05:00,22.2
2025-06-12 14:43:00,97.6
2025-06-12 15:56:00,55.4
2025-06-12 22:07:00,81.3
2025-06-12 08:21:00,54.1
2025-06-12 23:47:00,61.6
2025-06-12 16:03:00,93.5
2025-06-12 21:44:00,1.5
2025-06-12 08:36:00,50.07997412982127
2025-06-12 17:28:00,65.2
2025-06-12 09:25:00,50.07997412982127
2025-06-12 10:08:00,57.6
2025-06-12 03:45:00,50.07997412982127
2025-06-12 09:01:00,50.07997412982127
2025-06-12 15:16:00,27.3
2025-06-12 23:18:00,50.07997412982127
2025-06-12 22:15:00,51.9
2025-06-12 04:50:00,17.6
2025-06-12 18:38:00,92.6
2025-06-12 15:08:00,97.2
2025-06-12 08:30:00,43.1
2025-06-12 07:13:00,94.0
2025-06-12 08:05:00,45.8
2025-06-12 18:34:00,27.5
2025-06-12 15:07:00,29.8
2025-06-12 16:08:00,15.0
2025-06-12 21:30:00,30.2
2025-06-12 03:51:00,64.7
2025-06-12 10:09:00,47.2
2025-06-12 17:14:00,30.6
2025-06-12 03:21:00,32.8
2025-06-12 08:54:00,66.3
2025-06-12 23:09:00,11.6
2025-06-12 03:47:00,88.0
2025-06-12 10:33:00,37.4
2025-06-12 06:07:00,13.7
2025-06-12 12:08:00,20.6
2025-06-12 12:32:00,25.6
2025-06-12 23:05:00,64.7
2025-06-12 04:13:00,6.1
2025-06-12 06:48:00,18.0
2025-06-12 12:38:00,97.4
2025-06-12 02:10:00,50.07997412982127
2025-06-12 23:48:00,75.6
2025-06-12 01:37:00,2.4
2025-06-12 20:39:00,65.4
2025-06-12 17:51:00,11.4
2025-06-12 15:54:00,80.6
2025-06-12 07:11:00,25.0
2025-06-12 14:18:00,50.07997412982127
2025-06-12 19:59:00,94.7
2025-06-12 20:04:00,4.5
2025-06-12 00:59:00,44.4
2025-06-12 12:28:00,26.0
2025-06-12 15:40:00,87.5
2025-06-12 21:49:00,88.7
2025-06-12 08:42:00,13.3
2025-06-12 01:38:00,97.7
2025-06-12 12:27:00,18.3
2025-06-12 22:42:00,68.5
2025-06-12 10:38:00,75.7
2025-06-12 00:13:00,70.7
2025-06-12 03:24:00,20.1
2025-06-12 06:12:00,70.2
2025-06-12 12:34:00,99.5
2025-06-12 00:49:00,6.9
2025-06-12 22:59:00,42.3
2025-06-12 03:17:00,87.9
2025-06-12 22:11:00,22.3
2025-06-12 07:56:00,50.07997412982127
2025-06-12 06:41:00,50.07997412982127
2025-06-12 05:11:00,65.2
2025-06-12 06:49:00,54.5
2025-06-12 08:55:00,50.07997412982127
2025-06-12 09:03:00,11.1
2025-06-12 05:55:00,84.4
2025-06-12 23:26:00,59.8
2025-06-12 13:33:00,26.5
2025-06-12 18:24:00,35.3
2025-06-12 14:46:00,20.7
2025-06-12 01:45:00,40.6
2025-06-12 10:12:00,66.0
2025-06-12 15:00:00,59.1
2025-06-12 22:38:00,50.07997412982127
2025-06-12 17:54:00,50.07997412982127
2025-06-12 07:22:00,50.07997412982127
2025-06-12 07:20:00,50.07997412982127
2025-06-12 05:54:00,14.1
2025-06-12 10:59:00,88.2
2025-06-12 00:28:00,91.5
2025-06-12 07:54:00,73.0
2025-06-12 12:05:00,55.9
2025-06-12 02:48:00,99.4
2025-06-12 16:45:00,2.7
2025-06-12 11:46:00,56.8
2025-06-12 15:14:00,48.8
2025-06-12 13:39:00,50.07997412982127
2025-06-12 18:05:00,31.6
2025-06-12 19:32:00,2.2
2025-06-12 18:56:00,16.9
2025-06-12 18:42:00,45.3
2025-06-12 23:46:00,43.3
2025-06-12 13:17:00,54.2
2025-06-12 13:31:00,58.9
2025-06-12 03:08:00,17.9
2025-06-12 14:42:00,83.2
2025-06-12 13:16:00,76.2
2025-06-12 22:29:00,42.9
2025-06-12 08:08:00,27.8
2025-06-12 03:41:00,90.2
2025-06-12 19:19:00,24.4
2025-06-12 19:29:00,48.4
2025-06-12 09:25:00,49.822039706925075
2025-06-12 02:16:00,16.3
2025-06-12 21:46:00,3.6
2025-06-12 10:06:00,8.6
2025-06-12 14:34:00,9.8
2025-06-12 23:49:00,49.822039706925075
2025-06-12 10:59:00,54.5
2025-06-12 08:48:00,7.6
2025-06-12 04:33:00,49.822039706925075
2025-06-12 13:37:00,43.2
2025-06-12 04:35:00,81.6
2025-06-12 11:28:00,26.1
2025-06-12 14:31:00,7.9
2025-06-12 04:08:00,84.8
2025-06-12 23:14:00,87.7
2025-06-12 03:37:00,19.6
2025-06-12 16:25:00,5.6
2025-06-12 01:47:00,67.0
2025-06-12 11:53:00,28.9
2025-06-12 11:46:00,98.8
2025-06-12 17:31:00,49.822039706925075
2025-06-12 05:26:00,33.0
2025-06-12 19:32:00,44.3
2025-06-12 20:26:00,79.4
2025-06-12 00:40:00,13.3
2025-06-12 11:48:00,45.1
2025-06-12 11:33:00,11.8
2025-06-12 08:31:00,32.9
2025-06-12 01:55:00,13.0
2025-06-12 19:50:00,91.4
2025-06-12 14:00:00,26.9
2025-06-12 09:53:00,46.0
2025-06-12 22:57:00,46.7
2025-06-12 13:22:00,7.3
2025-06-12 07:55:00,45.9
2025-06-12 09:54:00,49.822039706925075
2025-06-12 02:20:00,43.1
2025-06-12 06:25:00,67.6
2025-06-12 12:40:00,49.822039706925075
2025-06-12 11:02:00,74.7
2025-06-12 21:43:00,94.5
2025-06-12 23:24:00,78.9
2025-06-12 17:57:00,92.8
2025-06-12 09:27:00,49.822039706925075
2025-06-12 06:23:00,81.1
2025-06-12 05:28:00,89.8
2025-06-12 07:40:00,16.9
2025-06-12 18:13:00,74.9
2025-06-12 09:35:00,49.822039706925075
2025-06-12 23:08:00,81.1
2025-06-12 16:23:00,84.0
2025-06-12 13:26:00,17.6
2025-06-12 15:12:00,65.5
2025-06-12 03:29:00,70.3
2025-06-12 14:26:00,49.822039706925075
2025-06-12 18:15:00,85.3
2025-06-12 09:04:00,49.822039706925075
2025-06-12 12:34:00,88.2
2025-06-12 22:43:00,19.1
2025-06-12 06:43:00,95.3
2025-06-12 06:30:00,94.8
2025-06-12 07:12:00,49.822039706925075
2025-06-12 04:36:00,72.1
2025-06-12 07:44:00,63.0
2025-06-12 19:17:00,27.3
2025-06-12 16:09:00,77.1
2025-06-12 09:37:00,51.6
2025-06-12 01:22:00,31.1
2025-06-12 03:47:00,6.6
2025-06-12 11:41:00,69.1
2025-06-12 09:32:00,64.2
2025-06-12 12:03:00,78.1
2025-06-12 02:31:00,50.8
2025-06-12 03:52:00,31.6
2025-06-12 02:01:00,88.2
2025-06-12 21:48:00,70.0
2025-06-12 21:17:00,44.9
2025-06-12 23:31:00,22.8
2025-06-12 00:01:00,24.0
2025-06-12 20:35:00,49.822039706925075
2025-06-12 10:34:00,52.9
2025-06-12 20:22:00,19.0
2025-06-12 18:48:00,52.1
2025-06-12 07:46:00,82.1
2025-06-12 19:37:00,90.4
2025-06-12 15:48:00,23.8
2025-06-12 03:15:00,49.6
2025-06-12 10:49:00,49.822039706925075
2025-06-12 23:13:00,9.7
2025-06-12 22:47:00,76.9
2025-06-12 01:34:00,5.5
2025-06-12 19:57:00,21.9
2025-06-12 00:27:00,9.4
2025-06-12 21:04:00,58.3
2025-06-12 00:29:00,49.822039706925075
2025-06-12 20:16:00,60.0
2025-06-12 09:23:00,27.3
2025-06-12 12:57:00,40.4
2025-06-12 09:52:00,45.0
2025-06-12 18:11:00,19.1
2025-06-12 07:23:00,4.2
2025-06-12 06:20:00,90.5
2025-06-12 03:49:00,92.8
2025-06-12 15:37:00,62.6
2025-06-12 14:56:00,72.8
2025-06-12 01:12:00,49.822039706925075
2025-06-12 04:32:00,79.5
2025-06-12 17:44:00,48.9
2025-06-12 19:04:00,6.9
2025-06-12 12:15:00,90.8
2025-06-12 05:29:00,86.7
2025-06-12 21:35:00,49.822039706925075
2025-06-12 01:38:00,48.5
2025-06-12 06:14:00,21.1
2025-06-12 18:50:00,60.8
2025-06-12 04:46:00,52.9
2025-06-12 03:36:00,34.3
2025-06-12 06:05:00,73.7
2025-06-12 21:52:00,2.4
2025-06-12 17:37:00,49.822039706925075
2025-06-12 13:19:00,37.3
2025-06-12 06:24:00,59.7
2025-06-12 00:20:00,12.1
2025-06-12 13:49:00,49.822039706925075
2025-06-12 12:11:00,92.0
2025-06-12 14:54:00,49.822039706925075
2025-06-12 05:53:00,5.5
2025-06-12 21:57:00,49.822039706925075
2025-06-12 22:39:00,89.0
2025-06-12 09:07:00,42.9
2025-06-12 09:43:00,80.5
2025-06-12 23:38:00,59.5
2025-06-12 07:04:00,49.822039706925075
2025-06-12 16:45:00,87.2
2025-06-12 19:43:00,67.9
2025-06-12 10:27:00,6.2
2025-06-12 11:05:00,24.7
2025-06-12 15:05:00,49.822039706925075
2025-06-12 01:50:00,49.4
2025-06-12 12:13:00,68.1
2025-06-12 09:03:00,43.1
2025-06-12 00:04:00,6.0
2025-06-12 11:42:00,17.4
2025-06-12 00:57:00,85.3
2025-06-12 09:26:00,55.8
2025-06-12 12:55:00,16.3
2025-06-12 22:40:00,81.7
2025-06-12 04:48:00,56.0
2025-06-12 14:43:00,49.822039706925075
2025-06-12 15:28:00,4.1
2025-06-12 17:07:00,90.7
2025-06-12 11:49:00,16.3
2025-06-12 19:00:00,50.9
2025-06-12 17:18:00,88.5
2025-06-12 02:36:00,28.1
2025-06-12 09:39:00,57.1
2025-06-12 01:40:00,18.5
2025-06-12 16:19:00,1.7
2025-06-12 12:02:00,60.8
2025-06-12 01:13:00,94.4
2025-06-12 10:40:00,75.4
2025-06-12 04:24:00,26.5
2025-06-12 04:37:00,49.822039706925075
2025-06-12 18:25:00,28.7
2025-06-12 20:46:00,54.7
2025-06-12 14:27:00,26.8
2025-06-12 13:11:00,51.6
2025-06-12 11:36:00,79.0
2025-06-12 07:18:00,71.6
2025-06-12 09:24:00,45.4
2025-06-12 14:35:00,30.7
2025-06-12 04:15:00,49.4
2025-06-12 21:56:00,1.3
2025-06-12 12:10:00,95.3
2025-06-12 02:58:00,26.0
2025-06-12 22:16:00,53.7
2025-06-12 21:45:00,49.822039706925075
2025-06-12 07:49:00,35.6
2025-06-12 07:56:00,49.822039706925075
2025-06-12 12:23:00,79.3
2025-06-12 23:03:00,11.0
2025-06-12 09:11:00,44.0
2025-06-12 14:02:00,84.0
2025-06-12 09:47:00,14.6
2025-06-12 01:41:00,49.822039706925075
2025-06-12 00:25:00,71.9
2025-06-12 04:13:00,49.822039706925075
2025-06-12 01:11:00,91.2
2025-06-12 10:51:00,63.5
2025-06-12 07:39:00,69.8
2025-06-12 08:13:00,70.4
2025-06-12 18:27:00,55.4
2025-06-12 22:58:00,98.7
2025-06-12 13:14:00,80.2
2025-06-12 23:02:00,49.822039706925075
2025-06-12 23:34:00,60.9
2025-06-12 23:54:00,89.8
2025-06-12 07:16:00,18.8
2025-06-12 05:00:00,49.822039706925075
2025-06-12 22:08:00,98.1
2025-06-12 15:21:00,97.3
2025-06-12 19:13:00,65.3
2025-06-12 04:34:00,53.1
2025-06-12 20:12:00,74.3
2025-06-12 20:10:00,76.4
2025-06-12 17:59:00,71.0
2025-06-12 08:30:00,49.822039706925075
2025-06-12 16:20:00,49.822039706925075
2025-06-12 21:58:00,49.822039706925075
2025-06-12 06:13:00,11.9
2025-06-12 17:52:00,31.5
2025-06-12 09:29:00,21.9
2025-06-12 15:11:00,36.0
2025-06-12 17:10:00,67.7
2025-06-12 11:23:00,72.3
2025-06-12 02:24:00,90.4
2025-06-12 19:07:00,14.6
2025-06-12 07:17:00,33.7
2025-06-12 14:07:00,49.822039706925075
2025-06-12 13:47:00,36.3
2025-06-12 03:44:00,96.8
2025-06-12 01:20:00,56.2
2025-06-12 16:37:00,82.9
2025-06-12 01:18:00,58.2
2025-06-12 17:14:00,63.3
2025-06-12 04:01:00,34.9
2025-06-12 10:05:00,25.0
2025-06-12 11:44:00,88.1
2025-06-12 06:59:00,72.0
2025-06-12 23:51:00,31.2
2025-06-12 18:46:00,67.8
2025-06-12 16:36:00,53.9
2025-06-12 13:33:00,62.8
2025-06-12 04:12:00,49.822039706925075
2025-06-12 12:17:00,48.4
2025-06-12 22:59:00,67.2
2025-06-12 06:06:00,33.9
2025-06-12 14:22:00,49.822039706925075
2025-06-12 11:03:00,42.7
2025-06-12 01:30:00,32.2
2025-06-12 14:20:00,38.8
2025-06-12 16:35:00,71.7
2025-06-12 15:07:00,25.7
2025-06-12 21:00:00,87.3
2025-06-12 01:57:00,49.822039706925075
2025-06-12 21:03:00,52.1
2025-06-12 05:50:00,73.5
2025-06-12 04:43:00,78.8
2025-06-12 16:51:00,63.0
2025-06-12 22:55:00,49.822039706925075
2025-06-12 22:03:00,49.4
2025-06-12 15:43:00,49.822039706925075
2025-06-12 21:30:00,13.5
2025-06-12 04:39:00,41.2
2025-06-12 08:49:00,91.5
2025-06-12 23:00:00,22.0
2025-06-12 21:11:00,23.8
2025-06-12 18:47:00,68.3
2025-06-12 16:34:00,81.9
2025-06-12 02:17:00,49.822039706925075
2025-06-12 01:33:00,77.4
2025-06-12 14:28:00,84.7
2025-06-12 05:31:00,74.1
2025-06-12 18:35:00,61.2
2025-06-12 21:24:00,97.6
2025-06-12 00:45:00,27.9
2025-06-12 20:01:00,91.3
2025-06-12 06:10:00,6.3
2025-06-12 10:53:00,9.4
2025-06-12 12:30:00,30.9
2025-06-12 04:44:00,61.5
2025-06-12 11:30:00,20.3
2025-06-12 22:07:00,73.8
2025-06-12 12:34:00,50.313785814936594
2025-06-12 02:56:00,95.5
2025-06-12 10:49:00,0.3
2025-06-12 21:31:00,77.5
2025-06-12 14:32:00,50.313785814936594
2025-06-12 12:36:00,50.313785814936594
2025-06-12 06:43:00,6.1
2025-06-12 15:17:00,50.313785814936594
2025-06-12 08:56:00,65.3
2025-06-12 11:00:00,11.0
2025-06-12 13:22:00,50.313785814936594
2025-06-12 07:16:00,23.4
2025-06-12 04:53:00,46.9
2025-06-12 13:56:00,37.6
2025-06-12 06:19:00,54.0
2025-06-12 10:35:00,50.4
2025-06-12 08:22:00,94.2
2025-06-12 02:05:00,23.1
2025-06-12 23:32:00,43.2
2025-06-12 18:05:00,33.5
2025-06-12 09:52:00,50.313785814936594
2025-06-12 13:18:00,22.7
2025-06-12 23:37:00,24.7
2025-06-12 04:46:00,3.4
2025-06-12 03:22:00,54.0
2025-06-12 19:39:00,50.313785814936594
2025-06-12 18:31:00,63.2
2025-06-12 02:32:00,32.9
2025-06-12 23:02:00,86.1
2025-06-12 08:01:00,64.8
2025-06-12 02:53:00,50.313785814936594
2025-06-12 23:45:00,67.6
2025-06-12 13:23:00,47.2
2025-06-12 09:18:00,94.6
2025-06-12 18:50:00,24.5
2025-06-12 03:58:00,3.5
2025-06-12 02:45:00,51.3
2025-06-12 15:43:00,72.6
2025-06-12 06:28:00,18.5
2025-06-12 01:05:00,64.4
2025-06-12 02:48:00,98.7
2025-06-12 08:32:00,58.2
2025-06-12 01:46:00,50.313785814936594
2025-06-12 06:58:00,68.1
2025-06-12 09:09:00,40.3
2025-06-12 13:01:00,90.3
2025-06-12 11:51:00,50.313785814936594
2025-06-12 10:24:00,86.8
2025-06-12 13:59:00,63.7
2025-06-12 03:02:00,69.7
2025-06-12 02:42:00,3.1
2025-06-12 03:31:00,53.1
2025-06-12 09:48:00,47.2
2025-06-12 07:11:00,88.9
2025-06-12 07:56:00,50.313785814936594
2025-06-12 08:25:00,13.4
2025-06-12 01:50:00,40.4
2025-06-12 08:33:00,90.3
2025-06-12 10:53:00,39.2
2025-06-12 11:44:00,28.3
2025-06-12 17:09:00,63.0
2025-06-12 17:33:00,28.5
2025-06-12 14:10:00,23.7
2025-06-12 13:58:00,21.9
2025-06-12 08:05:00,40.1
2025-06-12 11:39:00,85.2
2025-06-12 06:42:00,84.3
2025-06-12 18:54:00,69.4
2025-06-12 22:23:00,50.313785814936594
2025-06-12 11:43:00,37.7
2025-06-12 21:30:00,52.5
2025-06-12 03:33:00,8.7
2025-06-12 00:37:00,50.313785814936594
2025-06-12 23:58:00,43.4
2025-06-12 22:43:00,42.1
2025-06-12 04:02:00,48.7
2025-06-12 12:04:00,14.2
2025-06-12 16:25:00,2.5
2025-06-12 16:34:00,47.3
2025-06-12 02:08:00,0.8
2025-06-12 02:00:00,50.313785814936594
2025-06-12 19:30:00,20.4
2025-06-12 05:59:00,81.5
2025-06-12 20:20:00,75.1
2025-06-12 05:01:00,88.7
2025-06-12 16:02:00,30.0
2025-06-12 22:52:00,49.7
2025-06-12 00:29:00,37.0
2025-06-12 23:33:00,65.1
2025-06-12 18:42:00,18.4
2025-06-12 22:59:00,66.4
2025-06-12 21:44:00,58.8
2025-06-12 08:27:00,60.3
2025-06-12 04:30:00,71.6
2025-06-12 11:20:00,12.8
2025-06-12 22:49:00,57.8
2025-06-12 00:39:00,67.5
2025-06-12 19:36:00,31.0
2025-06-12 20:21:00,46.4
2025-06-12 07:58:00,69.3
2025-06-12 06:06:00,69.1
2025-06-12 04:50:00,29.4
2025-06-12 22:32:00,30.6
2025-06-12 05:51:00,91.9
2025-06-12 16:59:00,80.0
2025-06-12 01:15:00,40.8
2025-06-12 18:08:00,56.3
2025-06-12 12:40:00,11.7
2025-06-12 17:58:00,58.0
2025-06-12 08:57:00,59.2
2025-06-12 08:12:00,34.5
2025-06-12 03:18:00,18.4
2025-06-12 18:36:00,88.1
2025-06-12 12:17:00,82.9
2025-06-12 16:48:00,50.313785814936594
2025-06-12 05:21:00,50.313785814936594
2025-06-12 00:46:00,50.313785814936594
2025-06-12 01:11:00,50.313785814936594
2025-06-12 08:52:00,10.3
2025-06-12 17:11:00,15.4
2025-06-12 04:49:00,50.313785814936594
2025-06-12 09:54:00,88.0
2025-06-12 17:35:00,94.9
2025-06-12 14:27:00,50.313785814936594
2025-06-12 18:20:00,88.9
2025-06-12 18:41:00,42.5
2025-06-12 18:14:00,94.6
2025-06-12 11:05:00,32.9
2025-06-12 03:25:00,4.5
2025-06-12 09:10:00,50.313785814936594
2025-06-12 21:08:00,5.4
2025-06-12 07:15:00,23.5
2025-06-12 12:09:00,42.7
2025-06-12 00:26:00,54.5
2025-06-12 22:45:00,13.7
2025-06-12 22:46:00,9.5
2025-06-12 21:56:00,16.1
2025-06-12 19:22:00,81.2
2025-06-12 05:35:00,56.2
2025-06-12 07:38:00,84.8
2025-06-12 23:48:00,55.0
2025-06-12 04:18:00,22.4
2025-06-12 08:38:00,50.313785814936594
2025-06-12 08:43:00,59.3
2025-06-12 12:02:00,60.4
2025-06-12 19:34:00,96.9
2025-06-12 01:49:00,55.4
2025-06-12 03:32:00,11.4
2025-06-12 21:34:00,89.3
2025-06-12 14:51:00,50.313785814936594
2025-06-12 10:38:00,63.1
2025-06-12 07:21:00,60.9
2025-06-12 17:56:00,57.5
2025-06-12 10:14:00,32.7
2025-06-12 12:19:00,50.313785814936594
2025-06-12 02:14:00,8.6
2025-06-12 01:38:00,30.7
2025-06-12 22:04:00,11.5
2025-06-12 12:58:00,64.7
2025-06-12 20:25:00,63.3
2025-06-12 04:04:00,50.313785814936594
2025-06-12 19:12:00,50.313785814936594
2025-06-12 08:45:00,21.2
2025-06-12 05:11:00,87.8
2025-06-12 09:23:00,85.9
2025-06-12 11:37:00,49.9
2025-06-12 15:23:00,19.9
2025-06-12 10:48:00,90.0
2025-06-12 11:32:00,0.5
2025-06-12 19:19:00,8.2
2025-06-12 06:08:00,39.4
2025-06-12 04:25:00,25.6
2025-06-12 06:22:00,19.9
2025-06-12 17:00:00,17.0
2025-06-12 12:03:00,48.7
2025-06-12 08:02:00,76.3
2025-06-12 20:12:00,50.313785814936594
2025-06-12 01:20:00,99.3
2025-06-12 15:09:00,99.8
2025-06-12 09:07:00,0.2
2025-06-12 20:35:00,81.9
2025-06-12 13:08:00,50.313785814936594
2025-06-12 04:35:00,34.3
2025-06-12 21:20:00,50.313785814936594
2025-06-12 10:45:00,84.6
2025-06-12 10:51:00,64.1
2025-06-12 16:57:00,93.1
2025-06-12 21:46:00,13.0
2025-06-12 10:15:00,88.8
2025-06-12 19:40:00,66.1
2025-06-12 04:08:00,63.8
2025-06-12 04:58:00,76.0
2025-06-12 14:31:00,51.3
2025-06-12 21:49:00,36.6
2025-06-12 05:37:00,72.7
2025-06-12 14:56:00,78.7
2025-06-12 18:52:00,59.9
2025-06-12 21:01:00,83.8
2025-06-12 17:17:00,8.8
2025-06-12 01:31:00,48.5
2025-06-12 20:05:00,82.1
2025-06-12 17:30:00,30.1
2025-06-12 04:24:00,68.2
2025-06-12 16:20:00,61.2
2025-06-12 05:14:00,90.6
2025-06-12 00:17:00,11.0
2025-06-12 06:18:00,2.4
2025-06-12 12:49:00,73.5
2025-06-12 12:46:00,24.7
2025-06-12 10:08:00,8.4
2025-06-12 02:24:00,50.313785814936594
2025-06-12 02:16:00,50.313785814936594
2025-06-12 17:15:00,39.9
2025-06-12 04:28:00,85.9
2025-06-12 17:14:00,77.5
2025-06-12 11:45:00,3.0
2025-06-12 16:22:00,35.6
2025-06-12 07:49:00,50.313785814936594
2025-06-12 12:55:00,88.1
2025-06-12 13:17:00,89.0
2025-06-12 04:09:00,33.7
2025-06-12 19:02:00,66.3
2025-06-12 02:59:00,7.0
2025-06-12 11:53:00,22.3
2025-06-12 05:48:00,16.0
2025-06-12 11:22:00,75.9
2025-06-12 20:48:00,50.313785814936594
2025-06-12 12:57:00,99.3
2025-06-12 16:56:00,59.7
2025-06-12 23:29:00,4.1
2025-06-12 19:28:00,0.3
2025-06-12 05:43:00,86.4
2025-06-12 13:20:00,50.313785814936594
2025-06-12 10:25:00,32.3
2025-06-12 20:23:00,97.8
2025-06-12 20:57:00,93.8
2025-06-12 05:36:00,79.8
2025-06-12 04:12:00,22.3
2025-06-12 09:21:00,81.6
2025-06-12 17:29:00,41.1
2025-06-12 01:02:00,60.7
2025-06-12 23:56:00,74.9
2025-06-12 01:13:00,93.7
2025-06-12 05:27:00,36.3
2025-06-12 11:52:00,68.5
2025-06-12 14:12:00,50.313785814936594
2025-06-12 00:09:00,32.1
2025-06-12 03:48:00,61.5
2025-06-12 01:39:00,93.1
2025-06-12 13:30:00,43.6
2025-06-12 15:14:00,90.4
2025-06-12 09:38:00,26.6
2025-06-12 08:58:00,50.313785814936594
2025-06-12 21:54:00,50.6
2025-06-12 19:48:00,70.9
2025-06-12 05:03:00,25.2
2025-06-12 04:23:00,23.0
2025-06-12 19:04:00,50.313785814936594
2025-06-12 05:28:00,64.6
2025-06-12 10:30:00,58.2
2025-06-12 18:04:00,85.8
2025-06-12 08:33:00,39.3
2025-06-12 22:54:00,19.6
2025-06-12 01:53:00,49.947505013566115
2025-06-12 03:18:00,51.2
2025-06-12 08:14:00,40.7
2025-06-12 03:15:00,25.1
2025-06-12 16:54:00,49.947505013566115
2025-06-12 06:34:00,17.4
2025-06-12 10:29:00,41.9
2025-06-12 06:43:00,76.1
2025-06-12 13:01:00,69.8
2025-06-12 22:26:00,9.2
2025-06-12 05:30:00,85.0
2025-06-12 22:07:00,7.7
2025-06-12 09:05:00,31.2
2025-06-12 20:24:00,34.6
2025-06-12 15:03:00,55.6
2025-06-12 10:32:00,54.8
2025-06-12 18:16:00,0.1
2025-06-12 08:24:00,20.3
2025-06-12 20:09:00,76.2
2025-06-12 01:24:00,5.2
2025-06-12 13:16:00,22.9
2025-06-12 01:13:00,29.4
2025-06-12 02:38:00,45.4
2025-06-12 14:57:00,1.7
2025-06-12 10:12:00,49.947505013566115
2025-06-12 13:29:00,49.947505013566115
2025-06-12 05:03:00,75.2
2025-06-12 02:01:00,40.6
2025-06-12 22:17:00,49.0
2025-06-12 20:12:00,24.7
2025-06-12 06:11:00,9.1
2025-06-12 19:50:00,31.5
2025-06-12 17:12:00,49.6
2025-06-12 06:05:00,53.1
2025-06-12 16:55:00,20.1
2025-06-12 02:35:00,49.947505013566115
2025-06-12 23:14:00,74.2
2025-06-12 03:45:00,12.9
2025-06-12 02:00:00,27.9
2025-06-12 06:55:00,26.3
2025-06-12 01:10:00,49.947505013566115
2025-06-12 23:54:00,39.8
2025-06-12 06:46:00,49.947505013566115
2025-06-12 09:23:00,76.2
2025-06-12 01:51:00,29.7
2025-06-12 23:34:00,36.6
2025-06-12 02:47:00,27.1
2025-06-12 05:47:00,28.1
2025-06-12 07:52:00,36.0
2025-06-12 00:11:00,49.947505013566115
2025-06-12 14:08:00,49.947505013566115
2025-06-12 08:15:00,76.7
2025-06-12 20:06:00,49.947505013566115
2025-06-12 00:16:00,49.947505013566115
2025-06-12 05:37:00,93.0
2025-06-12 09:41:00,70.2
2025-06-12 05:29:00,93.1
2025-06-12 02:18:00,54.0
2025-06-12 07:35:00,49.947505013566115
2025-06-12 10:06:00,97.7
2025-06-12 06:40:00,85.9
2025-06-12 15:02:00,86.1
2025-06-12 22:56:00,79.9
2025-06-12 02:48:00,85.0
2025-06-12 07:02:00,5.5
2025-06-12 14:09:00,21.0
2025-06-12 09:19:00,33.8
2025-06-12 07:03:00,49.947505013566115
2025-06-12 10:41:00,32.6
2025-06-12 19:09:00,22.0
2025-06-12 18:37:00,42.4
2025-06-12 00:43:00,36.9
2025-06-12 16:33:00,22.6
2025-06-12 20:01:00,49.947505013566115
2025-06-12 03:26:00,69.8
2025-06-12 15:20:00,27.4
2025-06-12 05:27:00,60.3
2025-06-12 18:35:00,69.0
2025-06-12 14:05:00,67.7
2025-06-12 18:46:00,49.947505013566115
2025-06-12 17:11:00,55.3
2025-06-12 03:35:00,49.947505013566115
2025-06-12 05:43:00,6.8
2025-06-12 05:01:00,49.947505013566115
2025-06-12 19:17:00,98.5
2025-06-12 16:46:00,29.2
2025-06-12 05:38:00,4.3
2025-06-12 07:50:00,63.7
2025-06-12 21:06:00,89.7
2025-06-12 06:52:00,77.2
2025-06-12 08:59:00,49.947505013566115
2025-06-12 06:57:00,49.947505013566115
2025-06-12 06:58:00,92.8
2025-06-12 23:31:00,13.3
2025-06-12 01:08:00,49.947505013566115
2025-06-12 00:17:00,55.7
2025-06-12 10:53:00,1.9
2025-06-12 09:09:00,12.7
2025-06-12 04:46:00,49.947505013566115
2025-06-12 05:12:00,61.2
2025-06-12 16:30:00,45.3
2025-06-12 09:33:00,49.947505013566115
2025-06-12 08:12:00,34.4
2025-06-12 22:25:00,49.947505013566115
2025-06-12 06:17:00,16.7
2025-06-12 23:08:00,61.7
2025-06-12 04:19:00,17.3
2025-06-12 01:15:00,30.4
2025-06-12 07:11:00,37.8
2025-06-12 06:04:00,16.6
2025-06-12 01:05:00,17.9
2025-06-12 01:39:00,36.5
2025-06-12 21:34:00,85.5
2025-06-12 03:28:00,68.3
2025-06-12 21:52:00,49.947505013566115
2025-06-12 12:47:00,89.0
2025-06-12 07:13:00,1.3
2025-06-12 19:45:00,78.4
2025-06-12 03:37:00,31.2
2025-06-12 01:30:00,49.947505013566115
2025-06-12 17:51:00,39.1
2025-06-12 19:06:00,50.7
2025-06-12 12:06:00,19.5
2025-06-12 01:40:00,49.947505013566115
2025-06-12 21:09:00,63.9
2025-06-12 12:20:00,20.5
2025-06-12 14:11:00,71.4
2025-06-12 10:43:00,49.947505013566115
2025-06-12 13:02:00,68.6
2025-06-12 17:22:00,1.0
2025-06-12 15:56:00,77.6
2025-06-12 10:40:00,91.7
2025-06-12 19:15:00,80.6
2025-06-12 02:58:00,27.2
2025-06-12 07:25:00,8.9
2025-06-12 19:51:00,39.3
2025-06-12 12:59:00,11.0
2025-06-12 03:31:00,50.1
2025-06-12 15:43:00,63.1
2025-06-12 19:03:00,5.1
2025-06-12 23:06:00,71.0
2025-06-12 08:07:00,81.3
2025-06-12 20:51:00,89.8
2025-06-12 11:20:00,76.5
2025-06-12 02:17:00,6.5
2025-06-12 01:56:00,80.7
2025-06-12 16:34:00,93.9
2025-06-12 09:44:00,49.947505013566115
2025-06-12 09:53:00,49.947505013566115
2025-06-12 08:19:00,12.1
2025-06-12 16:27:00,67.5
2025-06-12 20:42:00,21.5
2025-06-12 12:36:00,78.4
2025-06-12 23:42:00,56.0
2025-06-12 00:03:00,49.947505013566115
2025-06-12 00:35:00,8.5
2025-06-12 12:53:00,73.7
2025-06-12 12:56:00,9.1
2025-06-12 21:31:00,5.6
2025-06-12 05:48:00,3.8
2025-06-12 19:23:00,51.2
2025-06-12 23:32:00,64.7
2025-06-12 00:19:00,28.2
2025-06-12 05:22:00,3.9
2025-06-12 10:16:00,49.947505013566115
2025-06-12 20:29:00,53.0
2025-06-12 23:36:00,43.3
2025-06-12 10:39:00,25.1
2025-06-12 20:56:00,1.0
2025-06-12 22:27:00,22.6
2025-06-12 09:48:00,79.3
2025-06-12 00:27:00,86.0
2025-06-12 22:08:00,5.6
2025-06-12 18:03:00,86.9
2025-06-12 17:30:00,7.6
2025-06-12 22:53:00,49.5
2025-06-12 14:39:00,49.947505013566115
2025-06-12 14:03:00,49.947505013566115
2025-06-12 23:09:00,29.9
2025-06-12 20:26:00,73.5
2025-06-12 15:38:00,49.947505013566115
2025-06-12 15:41:00,70.8
2025-06-12 05:28:00,83.0
2025-06-12 19:47:00,49.947505013566115
2025-06-12 12:04:00,51.7
2025-06-12 08:03:00,30.5
2025-06-12 21:14:00,49.947505013566115
2025-06-12 11:26:00,41.3
2025-06-12 14:43:00,49.947505013566115
2025-06-12 00:45:00,52.9
2025-06-12 08:56:00,2.7
2025-06-12 22:30:00,78.4
2025-06-12 21:16:00,32.4
2025-06-12 01:02:00,81.1
2025-06-12 13:09:00,67.7
2025-06-12 05:46:00,97.8
2025-06-12 22:09:00,84.3
2025-06-12 03:21:00,84.9
2025-06-12 05:34:00,64.6
2025-06-12 18:50:00,42.3
2025-06-12 17:07:00,53.1
2025-06-12 00:28:00,49.947505013566115
2025-06-12 16:53:00,92.0
2025-06-12 06:09:00,84.3
2025-06-12 15:04:00,30.1
2025-06-12 14:21:00,24.9
2025-06-12 19:36:00,8.2
2025-06-12 00:04:00,45.4
2025-06-12 14:50:00,42.6
2025-06-12 03:19:00,3.0
2025-06-12 14:59:00,5.3
2025-06-12 10:51:00,39.0
2025-06-12 10:03:00,2.0
2025-06-12 14:02:00,49.947505013566115
2025-06-12 18:44:00,55.5
2025-06-12 22:15:00,89.0
2025-06-12 04:50:00,86.2
2025-06-12 13:40:00,15.3
2025-06-12 14:37:00,49.947505013566115
2025-06-12 02:04:00,61.7
2025-06-12 02:40:00,19.4
2025-06-12 13:05:00,90.3
2025-06-12 09:49:00,60.1
2025-06-12 11:49:00,18.9
2025-06-12 01:44:00,16.3
2025-06-12 15:32:00,73.0
2025-06-12 12:54:00,63.9
2025-06-12 02:05:00,10.9
2025-06-12 06:01:00,54.3
2025-06-12 15:46:00,76.4
2025-06-12 10:35:00,3.6
2025-06-12 04:33:00,49.947505013566115
2025-06-12 00:46:00,96.2
2025-06-12 18:24:00,49.947505013566115
2025-06-12 00:10:00,4.3
2025-06-12 21:15:00,15.7
2025-06-12 10:05:00,11.1
2025-06-12 12:05:00,76.4
2025-06-12 20:04:00,39.4
2025-06-12 10:44:00,49.947505013566115
2025-06-12 13:31:00,56.1
2025-06-12 16:50:00,98.3
2025-06-12 04:48:00,41.7
2025-06-12 02:19:00,3.6
2025-06-12 11:56:00,37.4
2025-06-12 15:08:00,74.0
2025-06-12 07:58:00,89.2
2025-06-12 12:28:00,81.2
2025-06-12 12:17:00,90.0
2025-06-12 04:14:00,32.2
2025-06-12 00:02:00,84.8
2025-06-12 02:33:00,95.1
2025-06-12 20:32:00,57.1
2025-06-12 02:22:00,95.0
2025-06-12 03:41:00,25.8
2025-06-12 00:12:00,36.3
2025-06-12 12:24:00,63.9
2025-06-12 20:18:00,49.947505013566115
2025-06-12 09:38:00,44.5
2025-06-12 11:52:00,49.947505013566115
2025-06-12 23:35:00,43.0
2025-06-12 17:48:00,41.1
2025-06-12 16:44:00,96.7
2025-06-12 00:54:00,57.9
2025-06-12 19:07:00,49.947505013566115
2025-06-12 04:09:00,41.8
2025-06-12 22:18:00,49.947505013566115
2025-06-12 16:45:00,38.3
2025-06-12 03:16:00,49.947505013566115
2025-06-12 19:37:00,48.0
2025-06-12 00:38:00,49.947505013566115
2025-06-12 14:33:00,13.7
2025-06-12 22:43:00,56.8
2025-06-12 21:05:00,96.9
2025-06-12 09:59:00,85.2
2025-06-12 14:52:00,49.947505013566115
2025-06-12 23:25:00,43.2
2025-06-12 18:57:00,77.9
2025-06-12 14:49:00,93.1
2025-06-12 11:01:00,42.3
2025-06-12 05:39:00,17.8
2025-06-12 16:26:00,59.0
2025-06-12 23:23:00,8.2
2025-06-12 11:02:00,20.7
2025-06-12 19:01:00,5.1
2025-06-12 12:25:00,10.1
2025-06-12 18:27:00,7.4
2025-06-12 12:45:00,49.947505013566115
2025-06-12 17:00:00,49.947505013566115
2025-06-12 01:01:00,35.3
2025-06-12 21:23:00,70.7
2025-06-12 06:33:00,56.8
2025-06-12 10:22:00,19.1
2025-06-12 09:59:00,55.5
2025-06-12 21:07:00,20.8
2025-06-12 08:51:00,57.9
2025-06-12 21:55:00,76.3
2025-06-12 13:45:00,36.4
2025-06-12 15:09:00,96.8
2025-06-12 21:57:00,95.0
2025-06-12 08:43:00,32.4
2025-06-12 07:50:00,27.7
2025-06-12 04:55:00,91.6
2025-06-12 13:38:00,3.0
2025-06-12 09:53:00,49.0
2025-06-12 07:58:00,99.5
2025-06-12 00:05:00,50.31471380077256
2025-06-12 09:51:00,75.5
2025-06-12 15:19:00,49.4
2025-06-12 01:51:00,81.3
2025-06-12 03:21:00,22.5
2025-06-12 18:19:00,49.9
2025-06-12 10:03:00,58.9
2025-06-12 21:48:00,61.5
2025-06-12 22:41:00,7.7
2025-06-12 12:25:00,8.4
2025-06-12 17:47:00,50.31471380077256
2025-06-12 10:45:00,48.0
2025-06-12 01:00:00,65.6
2025-06-12 15:21:00,89.0
2025-06-12 02:34:00,36.8
2025-06-12 00:04:00,48.2
2025-06-12 23:07:00,40.3
2025-06-12 06:32:00,16.0
2025-06-12 14:32:00,50.31471380077256
2025-06-12 19:39:00,15.6
2025-06-12 13:19:00,50.31471380077256
2025-06-12 19:02:00,92.7
2025-06-12 06:54:00,7.1
2025-06-12 10:01:00,23.8
2025-06-12 13:44:00,87.3
2025-06-12 14:38:00,4.8
2025-06-12 00:54:00,78.2
2025-06-12 22:29:00,98.0
2025-06-12 15:23:00,50.31471380077256
2025-06-12 18:06:00,2.2
2025-06-12 12:56:00,99.4
2025-06-12 06:13:00,50.31471380077256
2025-06-12 13:17:00,72.9
2025-06-12 18:54:00,54.9
2025-06-12 15:27:00,68.2
2025-06-12 00:26:00,21.2
2025-06-12 00:41:00,3.9
2025-06-12 22:54:00,92.1
2025-06-12 12:15:00,51.2
2025-06-12 07:55:00,37.2
2025-06-12 21:08:00,50.31471380077256
2025-06-12 06:29:00,98.2
2025-06-12 20:47:00,92.8
2025-06-12 02:00:00,70.2
2025-06-12 07:29:00,53.7
2025-06-12 00:50:00,66.4
2025-06-12 07:08:00,40.9
2025-06-12 07:02:00,90.4
2025-06-12 06:12:00,19.4
2025-06-12 22:27:00,93.3
2025-06-12 03:52:00,50.31471380077256
2025-06-12 18:37:00,6.7
2025-06-12 14:07:00,23.4
2025-06-12 06:37:00,46.4
2025-06-12 11:15:00,11.2
2025-06-12 11:10:00,14.3
2025-06-12 15:25:00,55.9
2025-06-12 12:33:00,75.5
2025-06-12 15:42:00,75.6
2025-06-12 18:15:00,37.7
2025-06-12 01:59:00,50.31471380077256
2025-06-12 05:26:00,29.0
2025-06-12 10:55:00,50.31471380077256
2025-06-12 14:37:00,10.0
2025-06-12 04:25:00,95.0
2025-06-12 09:27:00,23.1
2025-06-12 07:27:00,50.31471380077256
2025-06-12 21:12:00,50.31471380077256
2025-06-12 18:48:00,5.1
2025-06-12 23:05:00,28.2
2025-06-12 14:35:00,37.8
2025-06-12 01:39:00,70.9
2025-06-12 07:59:00,41.0
2025-06-12 23:59:00,16.0
2025-06-12 00:58:00,80.9
2025-06-12 07:04:00,54.9
2025-06-12 13:59:00,50.31471380077256
2025-06-12 11:55:00,46.3
2025-06-12 15:37:00,31.9
2025-06-12 07:11:00,44.8
2025-06-12 08:29:00,76.8
2025-06-12 19:07:00,89.5
2025-06-12 17:52:00,50.31471380077256
2025-06-12 03:18:00,3.7
2025-06-12 05:33:00,15.4
2025-06-12 03:11:00,57.6
2025-06-12 09:08:00,68.0
2025-06-12 18:30:00,14.5
2025-06-12 22:36:00,72.6
2025-06-12 12:34:00,60.7
2025-06-12 22:48:00,85.2
2025-06-12 16:47:00,28.1
2025-06-12 18:14:00,48.1
2025-06-12 09:21:00,73.8
2025-06-12 01:44:00,26.2
2025-06-12 21:15:00,63.1
2025-06-12 11:24:00,50.31471380077256
2025-06-12 19:32:00,45.0
2025-06-12 05:36:00,50.31471380077256
2025-06-12 11:49:00,1.3
2025-06-12 10:20:00,50.31471380077256
2025-06-12 22:57:00,83.0
2025-06-12 06:00:00,45.2
2025-06-12 17:59:00,41.8
2025-06-12 13:01:00,39.8
2025-06-12 05:40:00,28.4
2025-06-12 15:10:00,84.8
2025-06-12 02:43:00,84.9
2025-06-12 12:39:00,93.0
2025-06-12 04:48:00,43.0
2025-06-12 01:45:00,8.4
2025-06-12 03:56:00,83.7
2025-06-12 16:57:00,12.9
2025-06-12 23:08:00,86.7
2025-06-12 10:26:00,26.8
2025-06-12 07:03:00,50.31471380077256
2025-06-12 22:35:00,3.7
2025-06-12 19:14:00,71.8
2025-06-12 05:04:00,70.4
2025-06-12 18:43:00,73.7
2025-06-12 19:11:00,0.7
2025-06-12 14:00:00,26.1
2025-06-12 10:19:00,42.2
2025-06-12 06:59:00,60.4
2025-06-12 23:54:00,45.7
2025-06-12 14:24:00,59.0
2025-06-12 11:37:00,59.2
2025-06-12 00:44:00,80.8
2025-06-12 22:39:00,6.2
2025-06-12 13:50:00,34.6
2025-06-12 06:18:00,82.8
2025-06-12 21:51:00,50.31471380077256
2025-06-12 23:36:00,5.1
2025-06-12 02:17:00,63.0
2025-06-12 08:25:00,50.31471380077256
2025-06-12 20:23:00,88.1
2025-06-12 14:23:00,35.7
2025-06-12 16:33:00,67.0
2025-06-12 04:16:00,6.5
2025-06-12 06:55:00,94.3
2025-06-12 10:37:00,50.31471380077256
2025-06-12 23:13:00,28.7
2025-06-12 18:38:00,87.3
2025-06-12 14:01:00,55.2
2025-06-12 16:24:00,19.4
2025-06-12 09:49:00,44.4
2025-06-12 01:08:00,81.5
2025-06-12 18:16:00,9.1
2025-06-12 16:29:00,44.7
2025-06-12 09:23:00,97.6
2025-06-12 18:35:00,50.31471380077256
2025-06-12 22:21:00,83.6
2025-06-12 18:32:00,27.1
2025-06-12 02:52:00,8.0
2025-06-12 12:06:00,37.9
2025-06-12 20:04:00,65.2
2025-06-12 15:29:00,83.4
2025-06-12 08:07:00,73.3
2025-06-12 07:23:00,50.8
2025-06-12 00:29:00,35.5
2025-06-12 12:46:00,37.4
2025-06-12 18:52:00,19.0
2025-06-12 00:28:00,50.31471380077256
2025-06-12 03:37:00,68.4
2025-06-12 12:44:00,58.6
2025-06-12 12:47:00,32.7
2025-06-12 09:58:00,3.4
2025-06-12 07:22:00,42.7
2025-06-12 21:18:00,13.7
2025-06-12 10:33:00,50.31471380077256
2025-06-12 17:09:00,1.0
2025-06-12 03:48:00,68.1
2025-06-12 02:06:00,50.31471380077256
2025-06-12 04:03:00,7.4
2025-06-12 06:14:00,22.9
2025-06-12 15:48:00,63.9
2025-06-12 07:34:00,92.9
2025-06-12 06:30:00,48.7
2025-06-12 11:27:00,64.0
2025-06-12 16:43:00,20.6
2025-06-12 23:29:00,66.7
2025-06-12 01:57:00,76.5
2025-06-12 20:58:00,65.8
2025-06-12 09:15:00,59.3
2025-06-12 19:23:00,40.4
2025-06-12 08:54:00,50.31471380077256
2025-06-12 18:17:00,11.0
2025-06-12 03:58:00,95.6
2025-06-12 04:17:00,99.5
2025-06-12 13:52:00,69.5
2025-06-12 20:18:00,62.2
2025-06-12 08:41:00,69.1
2025-06-12 08:02:00,37.7
2025-06-12 06:41:00,13.9
2025-06-12 14:52:00,53.8
2025-06-12 23:14:00,55.2
2025-06-12 09:16:00,37.2
2025-06-12 03:16:00,74.3
2025-06-12 21:50:00,30.9
2025-06-12 13:37:00,84.5
2025-06-12 23:48:00,53.4
2025-06-12 04:10:00,98.2
2025-06-12 18:04:00,50.31471380077256
2025-06-12 20:29:00,66.3
2025-06-12 03:54:00,6.6
2025-06-12 11:48:00,38.9
2025-06-12 18:51:00,36.3
2025-06-12 20:46:00,89.8
2025-06-12 01:38:00,30.8
2025-06-12 18:41:00,42.2
2025-06-12 09:34:00,16.7
2025-06-12 06:58:00,51.0
2025-06-12 12:52:00,95.4
2025-06-12 06:46:00,52.3
2025-06-12 10:50:00,14.9
2025-06-12 17:18:00,50.31471380077256
2025-06-12 23:47:00,10.7
2025-06-12 17:25:00,50.4
2025-06-12 11:51:00,24.3
2025-06-12 11:19:00,24.5
2025-06-12 10:57:00,50.31471380077256
2025-06-12 19:25:00,50.31471380077256
2025-06-12 13:08:00,30.8
2025-06-12 17:39:00,50.31471380077256
2025-06-12 23:38:00,19.4
2025-06-12 02:56:00,11.4
2025-06-12 16:19:00,79.8
2025-06-12 01:43:00,1.3
2025-06-12 03:03:00,78.8
2025-06-12 12:10:00,44.0
2025-06-12 10:13:00,1.8
2025-06-12 02:24:00,50.31471380077256
2025-06-12 07:37:00,64.0
2025-06-12 06:26:00,68.8
2025-06-12 00:32:00,90.8
2025-06-12 19:53:00,26.7
2025-06-12 18:34:00,86.1
2025-06-12 10:46:00,19.7
2025-06-12 16:08:00,71.7
2025-06-12 15:45:00,18.4
2025-06-12 05:58:00,67.1
2025-06-12 00:39:00,40.7
2025-06-12 19:28:00,22.3
2025-06-12 21:43:00,86.4
2025-06-12 03:12:00,50.31471380077256
2025-06-12 13:33:00,56.4
2025-06-12 13:30:00,9.5
2025-06-12 02:57:00,17.9
2025-06-12 05:15:00,61.5
2025-06-12 17:22:00,3.9
2025-06-12 07:57:00,97.9
2025-06-12 18:55:00,93.0
2025-06-12 16:44:00,84.6
2025-06-12 10:43:00,39.2
2025-06-12 01:16:00,78.1
2025-06-12 00:12:00,26.3
2025-06-12 16:59:00,50.31471380077256
2025-06-12 23:00:00,50.31471380077256
2025-06-12 14:43:00,88.9
2025-06-12 17:53:00,20.1
2025-06-12 10:54:00,50.4
2025-06-12 23:51:00,84.3
2025-06-12 15:47:00,43.3
2025-06-12 18:08:00,23.8
2025-06-12 00:07:00,20.8
2025-06-12 09:33:00,43.0
2025-06-12 00:52:00,72.7
2025-06-12 12:02:00,43.2
2025-06-12 01:29:00,55.4
2025-06-12 21:39:00,41.2
2025-06-12 07:06:00,26.9
2025-06-12 07:52:00,7.5
2025-06-12 07:00:00,48.5
2025-06-12 18:23:00,45.3
2025-06-12 13:15:00,50.31471380077256
2025-06-12 18:42:00,16.7
2025-06-12 16:22:00,28.7
2025-06-12 20:22:00,32.2
2025-06-12 01:10:00,23.5
2025-06-12 20:50:00,21.9
2025-06-12 13:14:00,9.2
2025-06-12 13:00:00,51.9
2025-06-12 00:12:00,37.8
2025-06-12 09:01:00,33.5
2025-06-12 20:01:00,40.5
2025-06-12 18:43:00,11.4
2025-06-12 01:30:00,5.1
2025-06-12 04:52:00,73.0
2025-06-12 19:36:00,49.873700916999766
2025-06-12 13:26:00,49.873700916999766
2025-06-12 16:55:00,34.9
2025-06-12 05:42:00,53.3
2025-06-12 01:34:00,83.7
2025-06-12 17:11:00,24.1
2025-06-12 22:04:00,65.4
2025-06-12 14:06:00,26.5
2025-06-12 03:51:00,68.6
2025-06-12 22:25:00,1.3
2025-06-12 20:49:00,52.0
2025-06-12 14:24:00,63.9
2025-06-12 00:52:00,15.4
2025-06-12 08:08:00,76.5
2025-06-12 13:00:00,49.873700916999766
2025-06-12 01:43:00,9.2
2025-06-12 19:38:00,34.8
2025-06-12 15:18:00,15.7
2025-06-12 19:57:00,49.873700916999766
2025-06-12 08:09:00,66.1
2025-06-12 10:17:00,28.0
2025-06-12 13:54:00,49.873700916999766
2025-06-12 07:45:00,49.873700916999766
2025-06-12 11:14:00,81.0
2025-06-12 14:38:00,15.8
2025-06-12 13:44:00,53.6
2025-06-12 15:28:00,49.873700916999766
2025-06-12 08:35:00,81.1
2025-06-12 07:38:00,82.4
2025-06-12 08:36:00,49.873700916999766
2025-06-12 21:08:00,92.8
2025-06-12 15:55:00,24.4
2025-06-12 09:05:00,65.6
2025-06-12 02:11:00,5.3
2025-06-12 18:17:00,46.1
2025-06-12 11:48:00,97.6
2025-06-12 00:10:00,66.9
2025-06-12 19:49:00,68.7
2025-06-12 04:44:00,49.873700916999766
2025-06-12 06:46:00,49.873700916999766
2025-06-12 06:11:00,84.1
2025-06-12 01:29:00,35.1
2025-06-12 14:51:00,9.7
2025-06-12 03:32:00,36.2
2025-06-12 21:30:00,39.4
2025-06-12 20:02:00,95.7
2025-06-12 09:11:00,50.5
2025-06-12 01:23:00,52.5
2025-06-12 08:10:00,22.3
2025-06-12 11:43:00,41.4
2025-06-12 14:00:00,80.4
2025-06-12 12:32:00,73.8
2025-06-12 11:24:00,93.4
2025-06-12 11:00:00,2.9
2025-06-12 23:15:00,65.2
2025-06-12 00:57:00,68.0
2025-06-12 15:46:00,87.4
2025-06-12 10:20:00,55.6
2025-06-12 08:58:00,49.873700916999766
2025-06-12 22:58:00,52.3
2025-06-12 21:58:00,50.5
2025-06-12 16:42:00,2.0
2025-06-12 09:39:00,64.1
2025-06-12 15:37:00,26.2
2025-06-12 17:12:00,18.4
2025-06-12 06:02:00,89.5
2025-06-12 13:24:00,19.4
2025-06-12 19:03:00,32.5
2025-06-12 05:26:00,88.3
2025-06-12 01:26:00,54.7
2025-06-12 02:56:00,23.4
2025-06-12 10:09:00,3.0
2025-06-12 13:42:00,47.8
2025-06-12 17:08:00,80.4
2025-06-12 00:48:00,45.1
2025-06-12 12:53:00,88.9
2025-06-12 20:33:00,49.7
2025-06-12 17:59:00,46.9
2025-06-12 01:53:00,69.6
2025-06-12 09:41:00,68.6
2025-06-12 10:51:00,63.4
2025-06-12 04:58:00,49.873700916999766
2025-06-12 14:12:00,51.5
2025-06-12 13:17:00,88.2
2025-06-12 20:55:00,38.1
2025-06-12 17:41:00,42.7
2025-06-12 10:30:00,64.8
2025-06-12 00:22:00,37.7
2025-06-12 04:01:00,4.1
2025-06-12 08:37:00,82.0
2025-06-12 02:13:00,64.5
2025-06-12 13:29:00,69.3
2025-06-12 09:08:00,57.7
2025-06-12 12:34:00,19.5
2025-06-12 16:40:00,7.4
2025-06-12 11:35:00,59.8
2025-06-12 06:13:00,98.4
2025-06-12 12:41:00,40.4
2025-06-12 13:43:00,80.4
2025-06-12 18:06:00,32.6
2025-06-12 09:23:00,84.6
2025-06-12 20:13:00,87.3
2025-06-12 12:50:00,76.8
2025-06-12 05:33:00,49.873700916999766
2025-06-12 19:43:00,33.9
2025-06-12 12:02:00,8.1
2025-06-12 09:03:00,82.5
2025-06-12 22:49:00,79.5
2025-06-12 18:55:00,52.4
2025-06-12 18:52:00,49.873700916999766
2025-06-12 16:53:00,14.7
2025-06-12 23:06:00,69.8
2025-06-12 23:28:00,41.8
2025-06-12 05:01:00,17.5
2025-06-12 14:13:00,55.0
2025-06-12 19:54:00,6.0
2025-06-12 04:42:00,0.1
2025-06-12 06:27:00,11.9
2025-06-12 03:43:00,49.873700916999766
2025-06-12 02:08:00,71.2
2025-06-12 13:59:00,48.4
2025-06-12 04:31:00,57.5
2025-06-12 11:04:00,49.873700916999766
2025-06-12 20:45:00,81.5
2025-06-12 19:41:00,84.2
2025-06-12 10:55:00,49.873700916999766
2025-06-12 10:39:00,49.873700916999766
2025-06-12 11:37:00,70.0
2025-06-12 07:03:00,49.873700916999766
2025-06-12 02:38:00,52.8
2025-06-12 11:27:00,5.3
2025-06-12 15:06:00,49.873700916999766
2025-06-12 09:56:00,54.7
2025-06-12 02:25:00,49.873700916999766
2025-06-12 10:13:00,10.0
2025-06-12 22:31:00,29.5
2025-06-12 08:00:00,61.8
2025-06-12 22:56:00,16.0
2025-06-12 05:10:00,1.2
2025-06-12 19:08:00,0.7
2025-06-12 16:24:00,49.873700916999766
2025-06-12 17:27:00,58.0
2025-06-12 11:11:00,17.2
2025-06-12 21:47:00,49.873700916999766
2025-06-12 13:12:00,80.3
2025-06-12 08:18:00,47.8
2025-06-12 01:25:00,3.2
2025-06-12 18:12:00,29.9
2025-06-12 11:38:00,26.3
2025-06-12 14:34:00,44.8
2025-06-12 20:21:00,76.7
2025-06-12 18:18:00,3.4
2025-06-12 01:02:00,73.9
2025-06-12 01:35:00,52.0
2025-06-12 02:53:00,6.5
2025-06-12 18:48:00,23.2
2025-06-12 14:57:00,86.5
2025-06-12 20:46:00,91.0
2025-06-12 09:47:00,39.9
2025-06-12 02:50:00,49.873700916999766
2025-06-12 14:37:00,49.873700916999766
2025-06-12 00:44:00,26.0
2025-06-12 01:00:00,68.7
2025-06-12 15:04:00,93.0
2025-06-12 01:07:00,20.0
2025-06-12 17:33:00,78.9
2025-06-12 22:33:00,12.1
2025-06-12 04:37:00,49.873700916999766
2025-06-12 17:00:00,34.8
2025-06-12 08:41:00,8.0
2025-06-12 23:10:00,2.5
2025-06-12 12:59:00,96.9
2025-06-12 05:04:00,56.2
2025-06-12 15:49:00,66.6
2025-06-12 08:14:00,4.0
2025-06-12 01:47:00,56.4
2025-06-12 02:20:00,75.3
2025-06-12 10:31:00,50.3
2025-06-12 11:42:00,69.9
2025-06-12 18:26:00,74.7
2025-06-12 13:11:00,99.8
2025-06-12 18:33:00,75.4
2025-06-12 23:26:00,3.8
2025-06-12 16:19:00,71.5
2025-06-12 11:09:00,6.4
2025-06-12 07:11:00,78.8
2025-06-12 19:12:00,82.5
2025-06-12 16:51:00,16.3
2025-06-12 23:34:00,1.2
2025-06-12 16:29:00,76.5
2025-06-12 18:47:00,42.0
2025-06-12 19:52:00,22.6
2025-06-12 00:37:00,86.5
2025-06-12 11:26:00,19.6
2025-06-12 16:43:00,63.4
2025-06-12 07:49:00,53.8
2025-06-12 21:03:00,28.8
2025-06-12 08:47:00,50.3
2025-06-12 14:20:00,45.1
2025-06-12 20:29:00,58.4
2025-06-12 18:09:00,85.2
2025-06-12 13:52:00,4.1
2025-06-12 22:02:00,49.1
2025-06-12 00:45:00,29.9
2025-06-12 21:25:00,93.9
2025-06-12 02:33:00,19.1
2025-06-12 18:56:00,87.5
2025-06-12 04:03:00,6.9
2025-06-12 08:27:00,83.7
2025-06-12 01:33:00,45.3
2025-06-12 17:43:00,17.1
2025-06-12 15:03:00,67.5
2025-06-12 11:31:00,34.0
2025-06-12 18:46:00,45.7
2025-06-12 00:31:00,80.9
2025-06-12 16:05:00,74.6
2025-06-12 20:19:00,49.873700916999766
2025-06-12 11:29:00,49.873700916999766
2025-06-12 13:08:00,64.9
2025-06-12 01:19:00,49.873700916999766
2025-06-12 03:36:00,12.2
2025-06-12 23:19:00,95.5
2025-06-12 07:48:00,38.6
2025-06-12 18:23:00,25.7
2025-06-12 22:17:00,16.6
2025-06-12 06:08:00,91.2
2025-06-12 17:42:00,1.8
2025-06-12 14:46:00,80.2
2025-06-12 13:39:00,11.9
2025-06-12 21:11:00,66.9
2025-06-12 00:29:00,46.2
2025-06-12 11:05:00,36.3
2025-06-12 03:19:00,70.4
2025-06-12 12:15:00,71.4
2025-06-12 19:46:00,35.3
2025-06-12 03:25:00,28.2
2025-06-12 07:39:00,49.5
2025-06-12 05:43:00,45.7
2025-06-12 01:42:00,21.8
2025-06-12 02:02:00,49.873700916999766
2025-06-12 06:35:00,83.0
2025-06-12 05:09:00,17.5
2025-06-12 22:24:00,34.7
2025-06-12 05:19:00,11.0
2025-06-12 09:26:00,94.6
2025-06-12 13:06:00,91.6
2025-06-12 23:07:00,88.7
2025-06-12 03:08:00,15.9
2025-06-12 10:50:00,88.0
2025-06-12 00:15:00,21.2
2025-06-12 03:59:00,22.6
2025-06-12 03:41:00,4.6
2025-06-12 11:33:00,31.2
2025-06-12 09:43:00,90.0
2025-06-12 00:24:00,69.8
2025-06-12 07:15:00,74.2
2025-06-12 17:31:00,42.1
2025-06-12 08:44:00,20.4
2025-06-12 02:10:00,12.0
2025-06-12 00:23:00,53.1
2025-06-12 09:38:00,49.873700916999766
2025-06-12 05:45:00,23.2
2025-06-12 14:35:00,17.9
2025-06-12 16:13:00,35.3
2025-06-12 05:14:00,60.1
2025-06-12 11:17:00,97.9
2025-06-12 20:43:00,60.4
2025-06-12 01:58:00,62.5
2025-06-12 06:18:00,49.873700916999766
2025-06-12 01:15:00,82.1
2025-06-12 10:59:00,63.8
2025-06-12 10:12:00,88.8
2025-06-12 20:48:00,56.1
2025-06-12 21:57:00,12.2
2025-06-12 17:51:00,95.6
2025-06-12 17:20:00,10.4
2025-06-12 03:49:00,65.8
2025-06-12 14:32:00,99.9
2025-06-12 22:36:00,36.5
2025-06-12 02:05:00,53.8
2025-06-12 14:26:00,37.8
2025-06-12 06:49:00,46.4
2025-06-12 00:41:00,14.5
2025-06-12 05:23:00,33.5
2025-06-12 13:37:00,94.0
2025-06-12 14:58:00,78.3
2025-06-12 13:04:00,66.8
2025-06-12 07:50:00,3.1
2025-06-12 11:04:00,82.2
2025-06-12 05:52:00,98.8
2025-06-12 15:04:00,19.2
2025-06-12 14:43:00,67.3
2025-06-12 01:41:00,21.0
2025-06-12 22:12:00,14.9
2025-06-12 21:01:00,11.0
2025-06-12 17:07:00,82.8
2025-06-12 12:35:00,84.0
2025-06-12 10:59:00,35.1
2025-06-12 20:12:00,49.660353652861794
2025-06-12 01:47:00,40.2
2025-06-12 15:12:00,47.1
2025-06-12 09:04:00,0.9
2025-06-12 18:18:00,58.1
2025-06-12 20:40:00,12.6
2025-06-12 11:06:00,87.0
2025-06-12 08:38:00,49.660353652861794
2025-06-12 06:46:00,1.0
2025-06-12 17:57:00,96.9
2025-06-12 07:25:00,63.5
2025-06-12 06:16:00,2.1
2025-06-12 04:06:00,76.0
2025-06-12 03:30:00,0.9
2025-06-12 19:35:00,49.660353652861794
2025-06-12 23:28:00,93.6
2025-06-12 04:32:00,49.660353652861794
2025-06-12 04:50:00,87.6
2025-06-12 17:17:00,73.0
2025-06-12 18:05:00,3.1
2025-06-12 11:37:00,50.2
2025-06-12 09:31:00,49.0
2025-06-12 12:37:00,76.6
2025-06-12 18:16:00,3.9
2025-06-12 11:22:00,82.6
2025-06-12 16:28:00,98.3
2025-06-12 13:02:00,54.6
2025-06-12 20:57:00,52.4
2025-06-12 14:36:00,22.2
2025-06-12 08:48:00,0.8
2025-06-12 06:06:00,59.4
2025-06-12 22:01:00,0.6
2025-06-12 22:48:00,49.660353652861794
2025-06-12 18:17:00,0.4
2025-06-12 23:45:00,38.5
2025-06-12 05:43:00,49.660353652861794
2025-06-12 21:42:00,49.6
2025-06-12 22:14:00,49.660353652861794
2025-06-12 22:08:00,85.7
2025-06-12 14:20:00,70.7
2025-06-12 04:03:00,95.8
2025-06-12 03:31:00,88.8
2025-06-12 23:41:00,49.660353652861794
2025-06-12 12:38:00,29.8
2025-06-12 08:45:00,59.3
2025-06-12 19:24:00,61.1
2025-06-12 08:04:00,49.660353652861794
2025-06-12 07:02:00,43.2
2025-06-12 12:55:00,71.1
2025-06-12 10:52:00,59.7
2025-06-12 16:19:00,57.2
2025-06-12 00:21:00,49.660353652861794
2025-06-12 04:22:00,68.5
2025-06-12 10:31:00,75.0
2025-06-12 17:02:00,52.4
2025-06-12 22:36:00,96.5
2025-06-12 20:11:00,49.660353652861794
2025-06-12 08:51:00,1.8
2025-06-12 01:29:00,49.660353652861794
2025-06-12 03:16:00,67.7
2025-06-12 08:25:00,53.0
2025-06-12 19:06:00,29.8
2025-06-12 00:46:00,13.2
2025-06-12 14:16:00,72.7
2025-06-12 18:44:00,48.2
2025-06-12 03:45:00,67.4
2025-06-12 08:59:00,92.8
2025-06-12 09:06:00,20.6
2025-06-12 21:44:00,24.2
2025-06-12 14:37:00,72.5
2025-06-12 12:05:00,40.2
2025-06-12 17:20:00,24.8
2025-06-12 06:54:00,62.2
2025-06-12 06:07:00,85.6
2025-06-12 06:11:00,1.9
2025-06-12 01:09:00,16.3
2025-06-12 06:49:00,89.9
2025-06-12 19:41:00,0.5
2025-06-12 03:02:00,52.0
2025-06-12 00:01:00,18.5
2025-06-12 16:33:00,81.1
2025-06-12 04:17:00,53.4
2025-06-12 21:14:00,49.660353652861794
2025-06-12 14:57:00,2.3
2025-06-12 05:17:00,78.7
2025-06-12 22:10:00,89.2
2025-06-12 10:04:00,66.8
2025-06-12 10:08:00,84.4
2025-06-12 20:45:00,48.5
2025-06-12 01:32:00,68.4
2025-06-12 06:43:00,14.3
2025-06-12 06:39:00,54.5
2025-06-12 16:34:00,63.6
2025-06-12 09:22:00,42.5
2025-06-12 16:29:00,6.5
2025-06-12 14:07:00,61.3
2025-06-12 23:24:00,49.660353652861794
2025-06-12 22:19:00,46.1
2025-06-12 12:41:00,70.2
2025-06-12 17:46:00,49.660353652861794
2025-06-12 08:19:00,14.5
2025-06-12 17:27:00,52.7
2025-06-12 04:27:00,49.660353652861794
2025-06-12 06:33:00,3.4
2025-06-12 15:38:00,68.6
2025-06-12 12:22:00,27.4
2025-06-12 15:50:00,32.5
2025-06-12 13:36:00,23.1
2025-06-12 17:42:00,49.660353652861794
2025-06-12 07:08:00,91.1
2025-06-12 14:38:00,87.0
2025-06-12 11:05:00,57.5
2025-06-12 11:09:00,50.4
2025-06-12 12:03:00,44.1
2025-06-12 18:48:00,13.9
2025-06-12 13:27:00,49.6
2025-06-12 06:02:00,27.4
2025-06-12 06:44:00,66.3
2025-06-12 20:14:00,81.7
2025-06-12 20:52:00,34.7
2025-06-12 03:46:00,49.660353652861794
2025-06-12 19:34:00,52.0
2025-06-12 04:45:00,36.4
2025-06-12 07:04:00,13.8
2025-06-12 21:39:00,58.5
2025-06-12 02:06:00,33.4
2025-06-12 23:18:00,61.7
2025-06-12 10:39:00,20.1
2025-06-12 19:11:00,3.2
2025-06-12 05:08:00,37.0
2025-06-12 01:49:00,17.4
2025-06-12 04:43:00,78.5
2025-06-12 21:04:00,71.0
2025-06-12 06:10:00,41.4
2025-06-12 19:27:00,48.1
2025-06-12 23:25:00,80.7
2025-06-12 23:23:00,11.0
2025-06-12 00:04:00,18.2
2025-06-12 18:51:00,49.660353652861794
2025-06-12 07:19:00,16.3
2025-06-12 14:23:00,72.3
2025-06-12 15:40:00,19.3
2025-06-12 23:03:00,78.4
2025-06-12 06:14:00,79.2
2025-06-12 21:32:00,0.8
2025-06-12 11:42:00,64.9
2025-06-12 11:03:00,14.7
2025-06-12 19:58:00,94.7
2025-06-12 14:39:00,49.660353652861794
2025-06-12 15:08:00,98.0
2025-06-12 06:13:00,52.7
2025-06-12 19:21:00,32.1
2025-06-12 00:59:00,49.660353652861794
2025-06-12 18:50:00,49.660353652861794
2025-06-12 14:35:00,18.3
2025-06-12 08:15:00,56.1
2025-06-12 22:51:00,67.1
2025-06-12 14:30:00,28.6
2025-06-12 09:18:00,91.7
2025-06-12 14:50:00,26.2
2025-06-12 14:08:00,61.3
2025-06-12 15:31:00,49.660353652861794
2025-06-12 10:43:00,78.7
2025-06-12 22:32:00,11.9
2025-06-12 13:59:00,64.9
2025-06-12 08:44:00,22.9
2025-06-12 05:16:00,49.660353652861794
2025-06-12 20:35:00,49.6
2025-06-12 13:14:00,49.660353652861794
2025-06-12 10:47:00,61.8
2025-06-12 19:49:00,15.4
2025-06-12 16:23:00,50.8
2025-06-12 18:37:00,37.2
2025-06-12 23:36:00,17.0
2025-06-12 13:17:00,49.660353652861794
2025-06-12 15:53:00,58.6
2025-06-12 01:46:00,49.660353652861794
2025-06-12 07:55:00,24.9
2025-06-12 05:27:00,46.7
2025-06-12 09:46:00,82.1
2025-06-12 21:35:00,55.6
2025-06-12 23:16:00,70.4
2025-06-12 16:54:00,92.3
2025-06-12 20:50:00,19.5
2025-06-12 11:35:00,95.4
2025-06-12 00:52:00,82.4
2025-06-12 02:45:00,29.8
2025-06-12 08:21:00,32.1
2025-06-12 10:30:00,28.2
2025-06-12 22:15:00,6.9
2025-06-12 21:24:00,41.5
2025-06-12 00:08:00,56.8
2025-06-12 06:58:00,26.6
2025-06-12 16:49:00,53.8
2025-06-12 17:25:00,86.6
2025-06-12 02:24:00,56.6
2025-06-12 02:56:00,36.9
2025-06-12 01:27:00,57.0
2025-06-12 15:41:00,49.660353652861794
2025-06-12 10:45:00,49.660353652861794
2025-06-12 06:34:00,61.8
2025-06-12 12:20:00,48.1
2025-06-12 07:49:00,96.1
2025-06-12 01:39:00,46.7
2025-06-12 11:27:00,99.3
2025-06-12 08:31:00,11.7
2025-06-12 07:16:00,38.1
2025-06-12 20:26:00,62.2
2025-06-12 19:48:00,49.660353652861794
2025-06-12 16:42:00,55.0
2025-06-12 07:10:00,87.0
2025-06-12 02:39:00,8.9
2025-06-12 11:40:00,58.6
2025-06-12 15:28:00,24.5
2025-06-12 21:23:00,7.0
2025-06-12 00:14:00,20.4
2025-06-12 16:48:00,73.9
2025-06-12 08:08:00,11.7
2025-06-12 07:59:00,86.8
2025-06-12 08:16:00,34.6
2025-06-12 01:25:00,2.0
2025-06-12 03:52:00,33.5
2025-06-12 23:19:00,49.9
2025-06-12 11:51:00,46.4
2025-06-12 23:00:00,13.2
2025-06-12 08:35:00,49.660353652861794
2025-06-12 00:20:00,9.8
2025-06-12 20:00:00,58.4
2025-06-12 07:09:00,27.8
2025-06-12 15:47:00,73.4
2025-06-12 22:41:00,77.4
2025-06-12 02:57:00,59.3
2025-06-12 10:36:00,7.7
2025-06-12 00:56:00,58.8
2025-06-12 21:43:00,49.660353652861794
2025-06-12 06:32:00,25.7
2025-06-12 23:44:00,27.0
2025-06-12 03:49:00,17.2
2025-06-12 05:25:00,44.4
2025-06-12 09:55:00,67.5
2025-06-12 10:03:00,55.3
2025-06-12 20:18:00,26.9
2025-06-12 08:03:00,7.4
2025-06-12 12:44:00,95.6
2025-06-12 01:33:00,57.7
2025-06-12 23:11:00,94.9
2025-06-12 02:22:00,89.8
2025-06-12 02:05:00,45.2
2025-06-12 12:59:00,43.4
2025-06-12 15:24:00,44.3
2025-06-12 10:07:00,30.2
2025-06-12 23:17:00,90.8
2025-06-12 07:53:00,81.9
2025-06-12 08:01:00,96.7
2025-06-12 08:29:00,84.6
2025-06-12 13:19:00,81.2
2025-06-12 00:18:00,72.2
2025-06-12 09:37:00,78.7
2025-06-12 04:51:00,43.5
2025-06-12 09:56:00,34.1
2025-06-12 09:01:00,77.5
2025-06-12 06:29:00,49.660353652861794
2025-06-12 19:31:00,59.1
2025-06-12 11:14:00,34.0
2025-06-12 14:47:00,34.4
2025-06-12 20:38:00,33.3
2025-06-12 09:53:00,61.8
2025-06-12 17:51:00,49.660353652861794
2025-06-12 07:20:00,57.9
2025-06-12 23:55:00,62.5
2025-06-12 04:44:00,88.2
2025-06-12 05:06:00,20.3
2025-06-12 23:27:00,34.3
2025-06-12 08:39:00,50.5
2025-06-12 04:16:00,76.5
2025-06-12 15:59:00,49.660353652861794
2025-06-12 15:33:00,33.8
2025-06-12 01:50:00,30.1
2025-06-12 16:46:00,30.7
2025-06-12 20:20:00,22.0
2025-06-12 16:16:00,49.9804001872221
2025-06-12 20:04:00,64.6
2025-06-12 16:13:00,49.9804001872221
2025-06-12 18:00:00,67.9
2025-06-12 02:12:00,30.2
2025-06-12 20:06:00,49.9804001872221
2025-06-12 12:30:00,3.7
2025-06-12 13:07:00,49.9804001872221
2025-06-12 20:27:00,70.2
2025-06-12 08:44:00,17.2
2025-06-12 10:41:00,38.0
2025-06-12 02:58:00,49.9804001872221
2025-06-12 15:30:00,37.2
2025-06-12 14:07:00,10.2
2025-06-12 04:47:00,40.7
2025-06-12 01:30:00,19.6
2025-06-12 23:35:00,49.9804001872221
2025-06-12 12:26:00,87.1
2025-06-12 19:04:00,61.7
2025-06-12 14:29:00,23.8
2025-06-12 09:48:00,19.5
2025-06-12 09:58:00,49.9804001872221
2025-06-12 01:33:00,31.8
2025-06-12 03:59:00,49.7
2025-06-12 15:31:00,35.3
2025-06-12 04:19:00,92.6
2025-06-12 21:10:00,49.9804001872221
2025-06-12 18:05:00,64.9
2025-06-12 02:22:00,49.9804001872221
2025-06-12 00:11:00,59.7
2025-06-12 17:01:00,86.8
2025-06-12 15:07:00,88.5
2025-06-12 01:19:00,88.5
2025-06-12 16:47:00,49.9804001872221
2025-06-12 05:36:00,67.0
2025-06-12 00:23:00,58.3
2025-06-12 09:45:00,24.2
2025-06-12 10:55:00,70.6
2025-06-12 13:21:00,49.9804001872221
2025-06-12 10:29:00,0.6
2025-06-12 09:38:00,62.7
2025-06-12 02:44:00,63.5
2025-06-12 17:31:00,28.3
2025-06-12 15:09:00,41.8
2025-06-12 08:41:00,49.9804001872221
2025-06-12 15:12:00,76.7
2025-06-12 07:08:00,43.1
2025-06-12 19:52:00,71.0
2025-06-12 09:15:00,61.4
2025-06-12 11:55:00,38.8
2025-06-12 07:48:00,49.9804001872221
2025-06-12 12:11:00,62.3
2025-06-12 12:17:00,63.3
2025-06-12 02:09:00,65.1
2025-06-12 06:44:00,91.6
2025-06-12 08:09:00,1.5
2025-06-12 11:09:00,84.3
2025-06-12 09:51:00,78.3
2025-06-12 23:36:00,94.9
2025-06-12 05:33:00,28.0
2025-06-12 02:51:00,90.6
2025-06-12 13:24:00,43.7
2025-06-12 11:02:00,49.9804001872221
2025-06-12 00:58:00,8.3
2025-06-12 19:13:00,82.4
2025-06-12 17:29:00,82.9
2025-06-12 03:10:00,69.1
2025-06-12 02:52:00,51.1
2025-06-12 08:04:00,39.0
2025-06-12 11:05:00,15.1
2025-06-12 21:25:00,37.1
2025-06-12 01:07:00,64.1
2025-06-12 18:59:00,43.5
2025-06-12 12:55:00,40.4
2025-06-12 08:33:00,40.4
2025-06-12 21:55:00,65.2
2025-06-12 12:10:00,18.0
2025-06-12 17:27:00,96.4
2025-06-12 10:36:00,91.2
2025-06-12 19:48:00,45.4
2025-06-12 08:24:00,5.2
2025-06-12 15:48:00,59.3
2025-06-12 23:40:00,91.6
2025-06-12 20:14:00,51.8
2025-06-12 02:38:00,17.9
2025-06-12 06:58:00,21.7
2025-06-12 03:47:00,13.1
2025-06-12 16:18:00,49.9804001872221
2025-06-12 03:51:00,60.8
2025-06-12 16:31:00,45.4
2025-06-12 07:03:00,69.6
2025-06-12 00:06:00,46.4
2025-06-12 00:51:00,63.9
2025-06-12 20:08:00,77.6
2025-06-12 12:15:00,75.3
2025-06-12 15:33:00,33.9
2025-06-12 07:52:00,49.9804001872221
2025-06-12 03:46:00,52.5
2025-06-12 04:22:00,49.9804001872221
2025-06-12 01:00:00,11.1
2025-06-12 22:49:00,49.9804001872221
2025-06-12 04:20:00,29.1
2025-06-12 09:13:00,9.8
2025-06-12 14:31:00,88.0
2025-06-12 19:06:00,50.8
2025-06-12 18:27:00,40.7
2025-06-12 22:48:00,75.6
2025-06-12 00:20:00,54.3
2025-06-12 19:50:00,88.2
2025-06-12 19:37:00,18.7
2025-06-12 07:06:00,65.1
2025-06-12 14:30:00,71.6
2025-06-12 06:06:00,88.6
2025-06-12 06:55:00,34.4
2025-06-12 02:18:00,21.4
2025-06-12 01:02:00,9.3
2025-06-12 05:00:00,84.6
2025-06-12 08:16:00,49.9804001872221
2025-06-12 18:29:00,12.7
2025-06-12 03:55:00,52.9
2025-06-12 10:30:00,41.4
2025-06-12 13:38:00,49.1
2025-06-12 23:49:00,27.8
2025-06-12 08:07:00,86.0
2025-06-12 05:46:00,46.9
2025-06-12 00:30:00,6.4
2025-06-12 18:56:00,76.6
2025-06-12 00:28:00,76.7
2025-06-12 13:18:00,49.9804001872221
2025-06-12 05:30:00,45.3
2025-06-12 03:20:00,68.0
2025-06-12 15:54:00,55.9
2025-06-12 21:31:00,49.9804001872221
2025-06-12 11:20:00,64.2
2025-06-12 00:36:00,77.3
2025-06-12 07:38:00,49.9804001872221
2025-06-12 19:45:00,24.5
2025-06-12 03:16:00,55.7
2025-06-12 18:46:00,72.3
2025-06-12 15:34:00,89.3
2025-06-12 14:20:00,49.9804001872221
2025-06-12 21:13:00,24.2
2025-06-12 22:01:00,87.9
2025-06-12 23:06:00,98.5
2025-06-12 12:00:00,14.4
2025-06-12 00:50:00,63.0
2025-06-12 05:07:00,82.8
2025-06-12 02:02:00,82.9
2025-06-12 23:34:00,61.3
2025-06-12 08:56:00,7.7
2025-06-12 08:54:00,78.3
2025-06-12 03:57:00,78.6
2025-06-12 13:22:00,86.1
2025-06-12 07:42:00,9.2
2025-06-12 22:30:00,31.0
2025-06-12 04:48:00,79.5
2025-06-12 14:12:00,68.9
2025-06-12 11:22:00,93.9
2025-06-12 16:49:00,49.9804001872221
2025-06-12 16:12:00,49.9804001872221
2025-06-12 04:36:00,95.3
2025-06-12 07:49:00,63.3
2025-06-12 10:14:00,0.9
2025-06-12 22:52:00,44.8
2025-06-12 01:05:00,65.9
2025-06-12 19:38:00,65.5
2025-06-12 02:26:00,90.9
2025-06-12 18:58:00,24.5
2025-06-12 06:24:00,46.7
2025-06-12 10:09:00,2.6
2025-06-12 15:49:00,45.7
2025-06-12 18:06:00,12.3
2025-06-12 06:45:00,49.9804001872221
2025-06-12 18:40:00,49.9804001872221
2025-06-12 16:33:00,73.0
2025-06-12 09:27:00,15.5
2025-06-12 02:00:00,1.3
2025-06-12 00:35:00,46.9
2025-06-12 14:43:00,71.1
2025-06-12 08:43:00,13.7
2025-06-12 03:48:00,39.6
2025-06-12 15:26:00,29.9
2025-06-12 08:36:00,22.5
2025-06-12 17:46:00,55.9
2025-06-12 14:40:00,4.7
2025-06-12 06:20:00,87.2
2025-06-12 15:17:00,71.2
2025-06-12 05:50:00,70.0
2025-06-12 07:04:00,16.3
2025-06-12 06:49:00,2.8
2025-06-12 07:20:00,26.7
2025-06-12 15:45:00,65.9
2025-06-12 04:06:00,80.6
2025-06-12 14:33:00,35.2
2025-06-12 13:34:00,89.3
2025-06-12 06:35:00,15.7
2025-06-12 08:29:00,10.4
2025-06-12 11:07:00,85.3
2025-06-12 09:26:00,78.8
2025-06-12 22:54:00,81.8
2025-06-12 14:06:00,49.9804001872221
2025-06-12 11:37:00,28.4
2025-06-12 16:48:00,86.8
2025-06-12 02:01:00,6.3
2025-06-12 21:41:00,35.8
2025-06-12 09:18:00,97.2
2025-06-12 20:02:00,42.1
2025-06-12 23:43:00,11.9
2025-06-12 03:49:00,94.9
2025-06-12 04:45:00,61.3
2025-06-12 23:01:00,64.5
2025-06-12 01:56:00,17.8
2025-06-12 03:07:00,56.2
2025-06-12 09:39:00,60.5
2025-06-12 02:47:00,83.1
2025-06-12 23:58:00,51.3
2025-06-12 00:53:00,85.4
2025-06-12 02:37:00,38.5
2025-06-12 17:04:00,12.9
2025-06-12 01:45:00,63.4
2025-06-12 11:51:00,96.9
2025-06-12 16:36:00,33.9
2025-06-12 03:00:00,0.3
2025-06-12 06:53:00,49.9804001872221
2025-06-12 04:35:00,67.1
2025-06-12 03:35:00,47.2
2025-06-12 19:59:00,18.7
2025-06-12 14:50:00,69.6
2025-06-12 19:14:00,65.4
2025-06-12 07:17:00,84.1
2025-06-12 05:59:00,57.8
2025-06-12 18:45:00,49.9804001872221
2025-06-12 21:22:00,50.5
2025-06-12 01:52:00,60.5
2025-06-12 23:52:00,49.9804001872221
2025-06-12 02:36:00,82.0
2025-06-12 05:42:00,86.5
2025-06-12 13:09:00,21.9
2025-06-12 05:47:00,62.3
2025-06-12 04:57:00,49.9804001872221
2025-06-12 15:46:00,34.8
2025-06-12 10:19:00,49.9804001872221
2025-06-12 19:58:00,11.1
2025-06-12 23:37:00,26.7
2025-06-12 01:21:00,87.7
2025-06-12 20:25:00,18.1
2025-06-12 00:44:00,72.5
2025-06-12 00:00:00,41.2
2025-06-12 11:35:00,91.7
2025-06-12 05:02:00,72.1
2025-06-12 12:57:00,68.2
2025-06-12 15:20:00,32.1
2025-06-12 12:12:00,51.1
2025-06-12 11:46:00,32.9
2025-06-12 23:25:00,98.7
2025-06-12 18:09:00,62.4
2025-06-12 11:44:00,47.9
2025-06-12 19:55:00,82.8
2025-06-12 12:56:00,29.9
2025-06-12 09:55:00,31.8
2025-06-12 16:52:00,38.6
2025-06-12 16:26:00,41.8
2025-06-12 17:23:00,30.6
2025-06-12 04:30:00,74.6
2025-06-12 14:39:00,43.4
2025-06-12 12:43:00,66.4
2025-06-12 19:10:00,76.9
2025-06-12 01:54:00,77.4
2025-06-12 17:30:00,49.9804001872221
2025-06-12 12:59:00,54.4
2025-06-12 10:48:00,87.6
2025-06-12 11:32:00,10.6
2025-06-12 15:11:00,49.9804001872221
2025-06-12 20:26:00,3.3
2025-06-12 15:27:00,70.0
2025-06-12 11:18:00,49.9804001872221
2025-06-12 17:47:00,11.4
2025-06-12 19:40:00,63.0
2025-06-12 00:14:00,76.3
2025-06-12 08:57:00,5.3
2025-06-12 17:58:00,5.8
2025-06-12 16:25:00,42.2
2025-06-12 03:33:00,49.9804001872221
2025-06-12 15:44:00,92.1
2025-06-12 23:12:00,47.1
2025-06-12 05:17:00,49.9804001872221
2025-06-12 09:19:00,93.5
2025-06-12 12:37:00,30.9
2025-06-12 03:06:00,86.5
2025-06-12 03:29:00,6.7
2025-06-12 17:43:00,35.4
2025-06-12 13:26:00,20.2
2025-06-12 01:36:00,49.9804001872221
2025-06-12 22:40:00,40.9
2025-06-12 08:38:00,39.3
2025-06-12 08:02:00,8.6
2025-06-12 05:25:00,31.2
2025-06-12 04:38:00,49.9804001872221
2025-06-12 22:38:00,13.5
2025-06-12 21:36:00,59.7
2025-06-12 02:21:00,99.4
2025-06-12 02:40:00,52.2
2025-06-12 07:30:00,61.5
2025-06-12 07:29:00,82.5
2025-06-12 04:05:00,73.5
2025-06-12 23:53:00,48.7
2025-06-12 06:13:00,91.1
2025-06-12 16:52:00,62.8
2025-06-12 17:30:00,83.4
2025-06-12 10:37:00,12.1
2025-06-12 10:57:00,71.1
2025-06-12 02:40:00,68.9
2025-06-12 13:32:00,32.3
2025-06-12 00:38:00,37.9
2025-06-12 11:36:00,5.9
2025-06-12 04:28:00,13.0
2025-06-12 13:48:00,86.1
2025-06-12 17:52:00,83.0
2025-06-12 06:56:00,49.6
2025-06-12 06:39:00,52.6
2025-06-12 14:14:00,49.659483264826775
2025-06-12 22:04:00,49.659483264826775
2025-06-12 10:04:00,41.4
2025-06-12 18:24:00,49.659483264826775
2025-06-12 10:28:00,45.3
2025-06-12 03:07:00,97.0
2025-06-12 04:09:00,62.5
2025-06-12 20:19:00,49.659483264826775
2025-06-12 05:35:00,52.4
2025-06-12 11:13:00,51.0
2025-06-12 01:12:00,53.5
2025-06-12 08:26:00,12.1
2025-06-12 11:32:00,72.8
2025-06-12 19:21:00,49.659483264826775
2025-06-12 22:35:00,49.659483264826775
2025-06-12 00:20:00,49.659483264826775
2025-06-12 00:34:00,49.659483264826775
2025-06-12 08:55:00,75.8
2025-06-12 02:39:00,0.0
2025-06-12 10:47:00,88.3
2025-06-12 11:55:00,91.2
2025-06-12 20:18:00,77.6
2025-06-12 16:35:00,49.659483264826775
2025-06-12 12:51:00,49.659483264826775
2025-06-12 21:33:00,64.2
2025-06-12 16:50:00,75.0
2025-06-12 03:40:00,80.0
2025-06-12 01:31:00,5.1
2025-06-12 15:45:00,97.2
2025-06-12 15:56:00,65.8
2025-06-12 12:16:00,69.4
2025-06-12 02:23:00,60.8
2025-06-12 01:17:00,96.2
2025-06-12 03:45:00,76.8
2025-06-12 16:27:00,79.2
2025-06-12 07:30:00,77.0
2025-06-12 09:34:00,46.8
2025-06-12 20:09:00,7.1
2025-06-12 05:45:00,2.4
2025-06-12 03:00:00,49.659483264826775
2025-06-12 08:10:00,82.3
2025-06-12 06:16:00,51.6
2025-06-12 06:55:00,82.6
2025-06-12 23:19:00,62.2
2025-06-12 00:24:00,83.4
2025-06-12 08:28:00,92.4
2025-06-12 07:05:00,49.659483264826775
2025-06-12 03:06:00,2.2
2025-06-12 09:02:00,49.659483264826775
2025-06-12 16:45:00,67.0
2025-06-12 20:38:00,49.659483264826775
2025-06-12 01:10:00,84.9
2025-06-12 19:10:00,76.0
2025-06-12 17:53:00,55.6
2025-06-12 17:16:00,39.9
2025-06-12 19:58:00,36.5
2025-06-12 02:59:00,13.7
2025-06-12 13:46:00,10.0
2025-06-12 20:15:00,62.6
2025-06-12 12:45:00,34.2
2025-06-12 23:33:00,49.659483264826775
2025-06-12 02:51:00,32.0
2025-06-12 14:41:00,97.2
2025-06-12 07:28:00,18.3
2025-06-12 17:13:00,63.8
2025-06-12 06:06:00,96.7
2025-06-12 07:25:00,16.3
2025-06-12 14:39:00,31.0
2025-06-12 09:33:00,35.7
2025-06-12 10:18:00,49.659483264826775
2025-06-12 03:14:00,32.3
2025-06-12 23:18:00,49.659483264826775
2025-06-12 13:23:00,26.1
2025-06-12 20:35:00,2.7
2025-06-12 00:56:00,49.659483264826775
2025-06-12 14:44:00,8.5
2025-06-12 07:53:00,98.4
2025-06-12 09:59:00,82.7
2025-06-12 03:26:00,90.9
2025-06-12 03:01:00,80.0
2025-06-12 07:18:00,49.659483264826775
2025-06-12 22:08:00,85.4
2025-06-12 18:10:00,71.4
2025-06-12 01:08:00,46.3
2025-06-12 07:32:00,88.0
2025-06-12 18:18:00,49.659483264826775
2025-06-12 09:17:00,49.659483264826775
2025-06-12 14:06:00,86.8
2025-06-12 13:43:00,61.3
2025-06-12 15:05:00,8.0
2025-06-12 10:11:00,74.3
2025-06-12 21:10:00,65.9
2025-06-12 14:59:00,57.8
2025-06-12 09:40:00,50.0
2025-06-12 03:09:00,70.2
2025-06-12 13:35:00,25.6
2025-06-12 02:54:00,52.4
2025-06-12 11:39:00,46.4
2025-06-12 06:53:00,69.8
2025-06-12 13:37:00,23.5
2025-06-12 15:41:00,82.6
2025-06-12 14:35:00,51.5
2025-06-12 17:05:00,36.1
2025-06-12 12:15:00,19.5
2025-06-12 06:28:00,64.0
2025-06-12 07:08:00,94.1
2025-06-12 21:37:00,49.7
2025-06-12 10:33:00,49.659483264826775
2025-06-12 08:23:00,6.4
2025-06-12 12:30:00,2.3
2025-06-12 06:08:00,58.1
2025-06-12 11:31:00,49.659483264826775
2025-06-12 07:07:00,0.2
2025-06-12 12:52:00,79.5
2025-06-12 06:09:00,49.659483264826775
2025-06-12 21:21:00,30.9
2025-06-12 20:56:00,84.6
2025-06-12 12:53:00,62.3
2025-06-12 22:12:00,95.9
2025-06-12 20:17:00,43.2
2025-06-12 09:54:00,73.5
2025-06-12 10:38:00,4.4
2025-06-12 19:17:00,8.0
2025-06-12 16:26:00,49.659483264826775
2025-06-12 13:02:00,49.659483264826775
2025-06-12 17:08:00,31.7
2025-06-12 06:02:00,90.1
2025-06-12 20:55:00,49.659483264826775
2025-06-12 18:50:00,41.6
2025-06-12 01:57:00,42.9
2025-06-12 16:11:00,67.1
2025-06-12 21:50:00,54.3
2025-06-12 18:26:00,30.8
2025-06-12 15:54:00,34.3
2025-06-12 17:23:00,37.8
2025-06-12 03:04:00,32.2
2025-06-12 13:06:00,25.3
2025-06-12 03:18:00,64.2
2025-06-12 08:03:00,13.1
2025-06-12 19:30:00,49.659483264826775
2025-06-12 01:49:00,71.9
2025-06-12 08:25:00,95.4
2025-06-12 06:19:00,8.0
2025-06-12 17:01:00,49.659483264826775
2025-06-12 10:40:00,19.1
2025-06-12 15:06:00,97.6
2025-06-12 08:52:00,99.6
2025-06-12 12:03:00,60.1
2025-06-12 18:57:00,15.4
2025-06-12 16:05:00,83.2
2025-06-12 16:24:00,41.3
2025-06-12 16:04:00,49.659483264826775
2025-06-12 00:58:00,84.3
2025-06-12 13:31:00,60.4
2025-06-12 04:52:00,36.6
2025-06-12 18:00:00,51.1
2025-06-12 06:25:00,85.9
2025-06-12 05:55:00,14.7
2025-06-12 07:11:00,28.1
2025-06-12 16:43:00,35.3
2025-06-12 11:54:00,95.0
2025-06-12 14:27:00,94.2
2025-06-12 18:13:00,73.0
2025-06-12 10:10:00,38.8
2025-06-12 21:36:00,58.2
2025-06-12 13:07:00,39.2
2025-06-12 02:31:00,56.8
2025-06-12 19:45:00,42.6
2025-06-12 04:27:00,88.2
2025-06-12 16:10:00,55.5
2025-06-12 05:48:00,62.7
2025-06-12 21:31:00,49.659483264826775
2025-06-12 02:02:00,51.7
2025-06-12 19:55:00,49.6
2025-06-12 09:49:00,71.6
2025-06-12 03:37:00,47.3
2025-06-12 22:56:00,49.659483264826775
2025-06-12 15:29:00,24.9
2025-06-12 07:46:00,10.6
2025-06-12 18:15:00,18.1
2025-06-12 04:12:00,7.8
2025-06-12 21:12:00,53.6
2025-06-12 07:12:00,96.9
2025-06-12 05:32:00,57.1
2025-06-12 19:35:00,0.9
2025-06-12 05:50:00,49.659483264826775
2025-06-12 09:51:00,9.8
2025-06-12 10:19:00,64.7
2025-06-12 19:50:00,44.2
2025-06-12 16:54:00,54.4
2025-06-12 16:06:00,72.3
2025-06-12 14:49:00,45.2
2025-06-12 02:30:00,81.6
2025-06-12 12:11:00,84.1
2025-06-12 22:07:00,30.3
2025-06-12 08:32:00,72.3
2025-06-12 07:40:00,27.7
2025-06-12 21:04:00,28.0
2025-06-12 05:22:00,81.8
2025-06-12 18:56:00,49.659483264826775
2025-06-12 11:17:00,66.8
2025-06-12 23:41:00,41.2
2025-06-12 22:36:00,49.659483264826775
2025-06-12 17:10:00,49.659483264826775
2025-06-12 01:43:00,44.7
2025-06-12 02:26:00,16.8
2025-06-12 04:36:00,92.8
2025-06-12 14:18:00,1.8
2025-06-12 18:04:00,6.7
2025-06-12 02:24:00,47.5
2025-06-12 22:57:00,58.5
2025-06-12 07:27:00,49.659483264826775
2025-06-12 03:12:00,49.659483264826775
2025-06-12 20:53:00,62.5
2025-06-12 11:41:00,49.659483264826775
2025-06-12 16:16:00,49.659483264826775
2025-06-12 07:51:00,33.0
2025-06-12 01:07:00,32.4
2025-06-12 14:11:00,69.1
2025-06-12 14:46:00,26.1
2025-06-12 18:11:00,44.7
2025-06-12 22:10:00,49.659483264826775
2025-06-12 19:28:00,25.0
2025-06-12 17:09:00,46.8
2025-06-12 03:22:00,55.8
2025-06-12 15:50:00,96.6
2025-06-12 02:58:00,73.8
2025-06-12 08:27:00,96.7
2025-06-12 06:54:00,99.5
2025-06-12 03:52:00,96.1
2025-06-12 22:06:00,67.4
2025-06-12 16:02:00,49.659483264826775
2025-06-12 13:54:00,26.9
2025-06-12 05:27:00,42.8
2025-06-12 00:15:00,40.1
2025-06-12 15:37:00,38.9
2025-06-12 15:07:00,46.1
2025-06-12 05:12:00,82.6
2025-06-12 15:08:00,21.0
2025-06-12 21:30:00,97.3
2025-06-12 11:25:00,76.5
2025-06-12 21:16:00,94.8
2025-06-12 14:40:00,22.4
2025-06-12 17:03:00,70.5
2025-06-12 02:32:00,85.0
2025-06-12 01:56:00,70.7
2025-06-12 04:23:00,25.4
2025-06-12 17:26:00,45.4
2025-06-12 02:38:00,88.8
2025-06-12 07:14:00,26.1
2025-06-12 06:59:00,49.659483264826775
2025-06-12 14:25:00,48.2
2025-06-12 19:39:00,72.9
2025-06-12 03:16:00,4.8
2025-06-12 14:12:00,62.0
2025-06-12 19:53:00,49.659483264826775
2025-06-12 09:41:00,80.0
2025-06-12 23:40:00,56.1
2025-06-12 14:02:00,54.2
2025-06-12 15:10:00,6.5
2025-06-12 01:16:00,4.1
2025-06-12 23:36:00,28.5
2025-06-12 21:56:00,39.0
2025-06-12 18:06:00,9.4
2025-06-12 16:51:00,45.1
2025-06-12 05:42:00,31.7
2025-06-12 16:15:00,69.8
2025-06-12 03:32:00,20.8
2025-06-12 04:39:00,22.6
2025-06-12 05:33:00,40.5
2025-06-12 21:08:00,99.8
2025-06-12 15:46:00,55.9
2025-06-12 02:28:00,49.659483264826775
2025-06-12 05:34:00,73.5
2025-06-12 04:24:00,15.3
2025-06-12 10:20:00,21.4
2025-06-12 12:01:00,33.1
2025-06-12 06:36:00,94.1
2025-06-12 04:45:00,45.4
2025-06-12 14:48:00,49.732274758880266
2025-06-12 08:48:00,32.3
2025-06-12 20:46:00,89.2
2025-06-12 01:49:00,17.6
2025-06-12 21:46:00,17.8
2025-06-12 06:52:00,81.2
2025-06-12 22:00:00,64.5
2025-06-12 21:32:00,87.5
2025-06-12 05:23:00,49.732274758880266
2025-06-12 12:36:00,19.8
2025-06-12 10:28:00,0.2
2025-06-12 15:18:00,40.5
2025-06-12 18:15:00,17.9
2025-06-12 19:20:00,49.2
2025-06-12 17:13:00,70.8
2025-06-12 04:16:00,14.2
2025-06-12 14:02:00,16.4
2025-06-12 20:50:00,49.732274758880266
2025-06-12 01:04:00,70.5
2025-06-12 13:05:00,62.5
2025-06-12 23:21:00,58.8
2025-06-12 11:26:00,38.1
2025-06-12 16:03:00,91.7
2025-06-12 01:39:00,12.1
2025-06-12 05:11:00,80.2
2025-06-12 07:58:00,42.8
2025-06-12 21:01:00,83.9
2025-06-12 06:22:00,16.6
2025-06-12 19:43:00,10.1
2025-06-12 07:37:00,8.9
2025-06-12 08:36:00,41.5
2025-06-12 16:41:00,49.732274758880266
2025-06-12 13:38:00,49.732274758880266
2025-06-12 18:06:00,49.732274758880266
2025-06-12 11:35:00,72.9
2025-06-12 18:56:00,63.2
2025-06-12 18:17:00,49.732274758880266
2025-06-12 01:03:00,81.7
2025-06-12 09:45:00,49.732274758880266
2025-06-12 01:46:00,42.7
2025-06-12 13:08:00,60.6
2025-06-12 11:12:00,88.5
2025-06-12 01:25:00,49.732274758880266
2025-06-12 12:46:00,55.1
2025-06-12 17:14:00,20.3
2025-06-12 02:30:00,58.4
2025-06-12 23:49:00,12.7
2025-06-12 04:26:00,23.4
2025-06-12 05:58:00,98.8
2025-06-12 21:35:00,73.5
2025-06-12 19:56:00,15.4
2025-06-12 10:14:00,49.732274758880266
2025-06-12 06:28:00,89.6
2025-06-12 13:50:00,49.732274758880266
2025-06-12 14:32:00,46.6
2025-06-12 06:02:00,60.9
2025-06-12 07:14:00,52.8
2025-06-12 07:38:00,95.4
2025-06-12 03:43:00,51.8
2025-06-12 21:18:00,1.1
2025-06-12 16:59:00,94.5
2025-06-12 21:36:00,49.2
2025-06-12 17:40:00,8.8
2025-06-12 14:01:00,14.6
2025-06-12 17:17:00,68.1
2025-06-12 23:03:00,49.732274758880266
2025-06-12 04:20:00,19.8
2025-06-12 05:15:00,92.9
2025-06-12 23:26:00,51.2
2025-06-12 17:24:00,89.8
2025-06-12 13:44:00,49.732274758880266
2025-06-12 16:50:00,99.5
2025-06-12 11:08:00,49.732274758880266
2025-06-12 10:36:00,18.6
2025-06-12 18:31:00,67.7
2025-06-12 10:48:00,49.732274758880266
2025-06-12 08:09:00,62.3
2025-06-12 14:43:00,18.2
2025-06-12 08:05:00,15.6
2025-06-12 04:33:00,51.8
2025-06-12 23:08:00,49.732274758880266
2025-06-12 09:59:00,38.9
2025-06-12 18:28:00,41.7
2025-06-12 05:54:00,44.7
2025-06-12 02:15:00,82.6
2025-06-12 21:58:00,59.9
2025-06-12 18:52:00,75.5
2025-06-12 07:01:00,16.2
2025-06-12 11:39:00,7.9
2025-06-12 19:41:00,85.0
2025-06-12 23:53:00,74.9
2025-06-12 11:53:00,90.4
2025-06-12 13:43:00,49.732274758880266
2025-06-12 15:47:00,6.3
2025-06-12 00:31:00,42.1
2025-06-12 09:40:00,56.4
2025-06-12 21:53:00,70.1
2025-06-12 06:58:00,72.7
2025-06-12 23:10:00,88.8
2025-06-12 01:12:00,46.7
2025-06-12 07:28:00,62.9
2025-06-12 03:40:00,80.0
2025-06-12 18:02:00,49.732274758880266
2025-06-12 13:42:00,52.0
2025-06-12 00:18:00,68.4
2025-06-12 18:34:00,32.5
2025-06-12 05:26:00,80.2
2025-06-12 11:16:00,48.4
2025-06-12 21:26:00,80.0
2025-06-12 02:08:00,66.3
2025-06-12 00:52:00,48.0
2025-06-12 15:50:00,19.9
2025-06-12 08:34:00,61.7
2025-06-12 17:44:00,82.9
2025-06-12 10:26:00,8.2
2025-06-12 11:18:00,64.1
2025-06-12 09:21:00,66.7
2025-06-12 08:02:00,43.4
2025-06-12 00:25:00,25.2
2025-06-12 02:02:00,49.732274758880266
2025-06-12 16:22:00,17.0
2025-06-12 06:44:00,7.7
2025-06-12 19:09:00,76.6
2025-06-12 13:19:00,49.732274758880266
2025-06-12 10:49:00,48.5
2025-06-12 20:14:00,30.5
2025-06-12 03:00:00,43.1
2025-06-12 05:24:00,63.5
2025-06-12 18:41:00,76.4
2025-06-12 07:20:00,50.8
2025-06-12 04:07:00,31.1
2025-06-12 02:07:00,63.4
2025-06-12 08:21:00,37.4
2025-06-12 13:29:00,76.8
2025-06-12 14:46:00,66.6
2025-06-12 22:18:00,48.2
2025-06-12 18:05:00,96.6
2025-06-12 03:32:00,49.732274758880266
2025-06-12 11:32:00,46.0
2025-06-12 18:25:00,60.2
2025-06-12 20:10:00,55.9
2025-06-12 04:36:00,6.6
2025-06-12 02:54:00,49.732274758880266
2025-06-12 16:21:00,11.9
2025-06-12 19:29:00,42.8
2025-06-12 10:17:00,48.0
2025-06-12 12:48:00,71.6
2025-06-12 03:33:00,11.5
2025-06-12 20:53:00,49.732274758880266
2025-06-12 18:26:00,7.5
2025-06-12 23:00:00,93.5
2025-06-12 11:57:00,7.1
2025-06-12 20:48:00,37.1
2025-06-12 15:42:00,54.5
2025-06-12 03:34:00,21.0
2025-06-12 19:04:00,54.5
2025-06-12 15:14:00,31.4
2025-06-12 14:30:00,94.2
2025-06-12 17:35:00,93.5
2025-06-12 01:08:00,15.2
2025-06-12 04:25:00,49.732274758880266
2025-06-12 10:21:00,30.3
2025-06-12 02:55:00,49.732274758880266
2025-06-12 04:29:00,86.2
2025-06-12 03:58:00,12.6
2025-06-12 00:27:00,89.4
2025-06-12 16:49:00,90.0
2025-06-12 07:08:00,42.8
2025-06-12 05:46:00,49.732274758880266
2025-06-12 18:20:00,59.3
2025-06-12 01:16:00,49.732274758880266
2025-06-12 13:21:00,25.5
2025-06-12 02:16:00,80.6
2025-06-12 16:14:00,44.3
2025-06-12 15:03:00,42.7
2025-06-12 15:26:00,63.1
2025-06-12 20:17:00,49.732274758880266
2025-06-12 08:52:00,76.5
2025-06-12 12:12:00,76.1
2025-06-12 07:54:00,39.8
2025-06-12 10:59:00,63.6
2025-06-12 20:24:00,97.9
2025-06-12 22:19:00,37.9
2025-06-12 18:32:00,57.6
2025-06-12 12:56:00,33.8
2025-06-12 17:07:00,49.732274758880266
2025-06-12 21:22:00,3.3
2025-06-12 03:54:00,76.1
2025-06-12 17:42:00,58.6
2025-06-12 18:54:00,30.1
2025-06-12 01:20:00,39.2
2025-06-12 22:21:00,10.4
2025-06-12 21:24:00,15.1
2025-06-12 06:32:00,79.1
2025-06-12 23:58:00,77.5
2025-06-12 00:36:00,49.732274758880266
2025-06-12 06:45:00,43.7
2025-06-12 14:20:00,0.3
2025-06-12 15:32:00,40.1
2025-06-12 11:58:00,49.732274758880266
2025-06-12 10:24:00,49.732274758880266
2025-06-12 13:15:00,76.8
2025-06-12 04:23:00,10.5
2025-06-12 23:29:00,60.8
2025-06-12 22:23:00,7.5
2025-06-12 12:53:00,34.9
2025-06-12 21:00:00,81.9
2025-06-12 19:07:00,12.5
2025-06-12 22:14:00,15.8
2025-06-12 20:27:00,51.2
2025-06-12 10:29:00,45.2
2025-06-12 15:58:00,52.6
2025-06-12 17:56:00,49.732274758880266
2025-06-12 04:49:00,58.9
2025-06-12 06:54:00,94.1
2025-06-12 21:27:00,79.8
2025-06-12 09:28:00,31.2
2025-06-12 08:19:00,57.5
2025-06-12 06:30:00,49.732274758880266
2025-06-12 18:46:00,49.732274758880266
2025-06-12 06:05:00,49.732274758880266
2025-06-12 10:31:00,49.732274758880266
2025-06-12 18:19:00,52.0
2025-06-12 23:19:00,47.5
2025-06-12 10:45:00,49.732274758880266
2025-06-12 12:31:00,49.732274758880266
2025-06-12 13:06:00,4.6
2025-06-12 08:54:00,76.1
2025-06-12 10:02:00,33.2
2025-06-12 08:38:00,49.4
2025-06-12 08:45:00,97.3
2025-06-12 16:35:00,15.6
2025-06-12 00:21:00,90.3
2025-06-12 12:11:00,36.8
2025-06-12 06:35:00,30.3
2025-06-12 21:37:00,83.7
2025-06-12 21:52:00,32.5
2025-06-12 05:14:00,71.1
2025-06-12 04:35:00,67.1
2025-06-12 09:51:00,87.9
2025-06-12 18:48:00,5.4
2025-06-12 11:17:00,74.2
2025-06-12 16:28:00,89.4
2025-06-12 21:45:00,31.5
2025-06-12 17:31:00,97.5
2025-06-12 15:46:00,64.7
2025-06-12 15:08:00,43.0
2025-06-12 15:28:00,42.7
2025-06-12 16:40:00,49.732274758880266
2025-06-12 10:44:00,22.6
2025-06-12 21:10:00,12.2
2025-06-12 08:18:00,49.6
2025-06-12 07:22:00,29.2
2025-06-12 16:09:00,78.6
2025-06-12 21:13:00,69.1
2025-06-12 13:16:00,42.7
2025-06-12 16:07:00,1.4
2025-06-12 22:13:00,99.2
2025-06-12 19:36:00,34.0
2025-06-12 02:39:00,56.3
2025-06-12 02:52:00,56.1
2025-06-12 00:37:00,73.4
2025-06-12 19:40:00,49.732274758880266
2025-06-12 15:35:00,85.5
2025-06-12 15:29:00,49.732274758880266
2025-06-12 11:40:00,49.732274758880266
2025-06-12 02:23:00,2.9
2025-06-12 04:05:00,97.7
2025-06-12 21:34:00,49.732274758880266
2025-06-12 17:57:00,49.732274758880266
2025-06-12 15:10:00,34.7
2025-06-12 08:29:00,58.2
2025-06-12 17:23:00,71.7
2025-06-12 03:15:00,98.6
2025-06-12 11:45:00,16.1
2025-06-12 13:32:00,82.6
2025-06-12 22:07:00,43.0
2025-06-12 02:06:00,8.9
2025-06-12 15:31:00,88.5
2025-06-12 03:04:00,81.7
2025-06-12 08:26:00,68.8
2025-06-12 08:12:00,58.8
2025-06-12 02:45:00,55.5
2025-06-12 19:45:00,28.0
2025-06-12 02:53:00,49.732274758880266
2025-06-12 02:35:00,12.6
2025-06-12 19:22:00,2.9
2025-06-12 20:03:00,6.6
2025-06-12 19:31:00,49.38053801169591
2025-06-12 08:09:00,72.3
2025-06-12 07:43:00,49.38053801169591
2025-06-12 11:24:00,4.0
2025-06-12 12:11:00,49.38053801169591
2025-06-12 13:07:00,32.7
2025-06-12 01:01:00,88.7
2025-06-12 22:13:00,10.3
2025-06-12 11:22:00,73.3
2025-06-12 19:52:00,24.8
2025-06-12 15:58:00,81.5
2025-06-12 16:44:00,70.8
2025-06-12 21:48:00,99.5
2025-06-12 11:58:00,19.6
2025-06-12 15:44:00,17.3
2025-06-12 01:09:00,87.9
2025-06-12 10:42:00,70.9
2025-06-12 02:11:00,5.4
2025-06-12 09:34:00,82.0
2025-06-12 02:52:00,1.3
2025-06-12 09:28:00,52.3
2025-06-12 15:01:00,82.6
2025-06-12 21:52:00,64.7
2025-06-12 09:45:00,64.0
2025-06-12 15:06:00,49.38053801169591
2025-06-12 23:32:00,17.5
2025-06-12 02:31:00,58.7
2025-06-12 23:43:00,96.8
2025-06-12 02:06:00,14.2
2025-06-12 19:21:00,45.4
2025-06-12 20:23:00,33.7
2025-06-12 17:21:00,49.38053801169591
2025-06-12 05:55:00,32.7
2025-06-12 20:25:00,33.2
2025-06-12 12:43:00,14.4
2025-06-12 05:29:00,17.4
2025-06-12 18:21:00,36.2
2025-06-12 16:17:00,24.5
2025-06-12 17:37:00,41.8
2025-06-12 19:25:00,84.4
2025-06-12 22:18:00,54.8
2025-06-12 21:11:00,42.4
2025-06-12 05:48:00,67.2
2025-06-12 10:27:00,15.3
2025-06-12 04:27:00,84.6
2025-06-12 07:19:00,96.1
2025-06-12 02:57:00,73.3
2025-06-12 23:36:00,36.9
2025-06-12 17:57:00,15.8
2025-06-12 05:59:00,71.0
2025-06-12 20:55:00,95.4
2025-06-12 08:12:00,85.4
2025-06-12 19:33:00,50.9
2025-06-12 04:28:00,55.7
2025-06-12 14:48:00,97.4
2025-06-12 13:23:00,50.2
2025-06-12 11:11:00,63.5
2025-06-12 23:37:00,56.1
2025-06-12 01:32:00,8.8
2025-06-12 03:05:00,69.9
2025-06-12 03:56:00,14.0
2025-06-12 23:38:00,49.38053801169591
2025-06-12 12:34:00,9.4
2025-06-12 16:30:00,86.8
2025-06-12 16:57:00,49.38053801169591
2025-06-12 15:15:00,76.4
2025-06-12 12:22:00,14.5
2025-06-12 18:57:00,45.8
2025-06-12 12:40:00,49.38053801169591
2025-06-12 20:42:00,29.8
2025-06-12 19:03:00,44.2
2025-06-12 13:12:00,14.2
2025-06-12 18:09:00,49.5
2025-06-12 08:00:00,33.3
2025-06-12 05:54:00,78.1
2025-06-12 19:17:00,36.6
2025-06-12 08:44:00,29.1
2025-06-12 06:06:00,6.9
2025-06-12 03:48:00,92.9
2025-06-12 20:45:00,83.9
2025-06-12 21:47:00,71.2
2025-06-12 10:50:00,49.38053801169591
2025-06-12 23:07:00,22.5
2025-06-12 20:16:00,75.9
2025-06-12 21:54:00,49.38053801169591
2025-06-12 11:57:00,75.0
2025-06-12 02:40:00,49.38053801169591
2025-06-12 19:08:00,20.3
2025-06-12 02:54:00,9.7
2025-06-12 06:00:00,89.1
2025-06-12 14:41:00,25.4
2025-06-12 21:15:00,45.0
2025-06-12 19:37:00,15.4
2025-06-12 17:28:00,49.38053801169591
2025-06-12 15:11:00,46.3
2025-06-12 13:35:00,8.6
2025-06-12 17:17:00,82.4
2025-06-12 18:53:00,4.4
2025-06-12 10:46:00,44.2
2025-06-12 20:50:00,49.38053801169591
2025-06-12 22:12:00,74.2
2025-06-12 17:35:00,47.1
2025-06-12 07:01:00,49.38053801169591
2025-06-12 07:11:00,63.2
2025-06-12 17:31:00,52.8
2025-06-12 06:51:00,49.38053801169591
2025-06-12 21:46:00,49.38053801169591
2025-06-12 20:44:00,49.38053801169591
2025-06-12 01:28:00,49.38053801169591
2025-06-12 18:16:00,33.3
2025-06-12 00:15:00,49.38053801169591
2025-06-12 13:39:00,86.1
2025-06-12 17:46:00,52.3
2025-06-12 16:43:00,98.0
2025-06-12 12:54:00,49.38053801169591
2025-06-12 05:58:00,79.2
2025-06-12 09:52:00,49.38053801169591
2025-06-12 12:32:00,25.8
2025-06-12 14:08:00,49.2
2025-06-12 04:00:00,49.38053801169591
2025-06-12 14:21:00,49.38053801169591
2025-06-12 11:45:00,49.38053801169591
2025-06-12 08:51:00,75.0
2025-06-12 08:06:00,73.7
2025-06-12 22:27:00,80.7
2025-06-12 00:29:00,67.4
2025-06-12 19:36:00,88.7
2025-06-12 16:45:00,42.5
2025-06-12 14:17:00,59.6
2025-06-12 22:55:00,69.3
2025-06-12 14:51:00,50.0
2025-06-12 11:46:00,49.38053801169591
2025-06-12 01:10:00,49.1
2025-06-12 08:54:00,17.5
2025-06-12 07:06:00,97.2
2025-06-12 06:33:00,3.0
2025-06-12 16:24:00,52.2
2025-06-12 14:25:00,87.9
2025-06-12 14:24:00,76.2
2025-06-12 23:29:00,57.7
2025-06-12 16:31:00,82.3
2025-06-12 08:45:00,49.38053801169591
2025-06-12 22:39:00,74.3
2025-06-12 05:04:00,4.6
2025-06-12 15:57:00,13.3
2025-06-12 14:26:00,30.7
2025-06-12 14:23:00,17.3
2025-06-12 23:41:00,29.3
2025-06-12 14:19:00,49.38053801169591
2025-06-12 23:12:00,84.4
2025-06-12 05:08:00,87.9
2025-06-12 16:26:00,21.0
2025-06-12 08:29:00,23.9
2025-06-12 05:23:00,29.0
2025-06-12 02:36:00,49.38053801169591
2025-06-12 17:32:00,26.2
2025-06-12 14:11:00,92.0
2025-06-12 09:55:00,96.5
2025-06-12 11:00:00,37.5
2025-06-12 10:32:00,60.7
2025-06-12 16:51:00,96.6
2025-06-12 08:22:00,2.2
2025-06-12 10:18:00,37.7
2025-06-12 13:30:00,14.5
2025-06-12 13:02:00,32.2
2025-06-12 21:32:00,77.8
2025-06-12 01:31:00,47.5
2025-06-12 07:49:00,18.2
2025-06-12 10:09:00,94.2
2025-06-12 15:28:00,53.5
2025-06-12 05:15:00,93.9
2025-06-12 02:02:00,7.2
2025-06-12 16:34:00,37.7
2025-06-12 18:06:00,42.9
2025-06-12 12:23:00,53.4
2025-06-12 06:40:00,61.9
2025-06-12 01:05:00,46.7
2025-06-12 22:35:00,40.7
2025-06-12 12:27:00,59.5
2025-06-12 08:28:00,13.1
2025-06-12 20:57:00,59.5
2025-06-12 10:08:00,46.6
2025-06-12 18:22:00,84.5
2025-06-12 13:52:00,48.8
2025-06-12 00:16:00,39.5
2025-06-12 05:18:00,4.5
2025-06-12 20:21:00,16.6
2025-06-12 19:15:00,49.38053801169591
2025-06-12 09:49:00,32.2
2025-06-12 07:31:00,90.5
2025-06-12 15:34:00,27.7
2025-06-12 17:52:00,77.0
2025-06-12 19:24:00,1.7
2025-06-12 19:47:00,58.1
2025-06-12 15:21:00,47.2
2025-06-12 04:39:00,60.9
2025-06-12 03:06:00,23.8
2025-06-12 23:54:00,0.6
2025-06-12 20:28:00,24.1
2025-06-12 00:28:00,40.3
2025-06-12 21:14:00,67.6
2025-06-12 05:56:00,49.38053801169591
2025-06-12 09:57:00,27.1
2025-06-12 22:01:00,90.9
2025-06-12 18:27:00,0.4
2025-06-12 14:07:00,18.3
2025-06-12 19:58:00,49.38053801169591
2025-06-12 08:02:00,69.4
2025-06-12 03:57:00,77.7
2025-06-12 22:36:00,86.3
2025-06-12 20:09:00,25.0
2025-06-12 12:21:00,62.9
2025-06-12 06:03:00,8.0
2025-06-12 20:47:00,27.2
2025-06-12 07:42:00,88.4
2025-06-12 04:26:00,11.9
2025-06-12 09:46:00,90.5
2025-06-12 11:19:00,94.0
2025-06-12 05:06:00,21.3
2025-06-12 01:54:00,64.4
2025-06-12 18:11:00,83.8
2025-06-12 03:51:00,68.3
2025-06-12 21:12:00,76.8
2025-06-12 07:03:00,22.4
2025-06-12 10:49:00,1.4
2025-06-12 00:06:00,4.3
2025-06-12 02:49:00,39.6
2025-06-12 23:27:00,0.9
2025-06-12 12:01:00,27.9
2025-06-12 10:36:00,42.4
2025-06-12 11:16:00,49.38053801169591
2025-06-12 19:11:00,79.9
2025-06-12 16:33:00,49.38053801169591
2025-06-12 18:17:00,56.7
2025-06-12 16:29:00,49.38053801169591
2025-06-12 01:27:00,42.0
2025-06-12 17:08:00,23.7
2025-06-12 09:59:00,78.1
2025-06-12 13:11:00,67.3
2025-06-12 14:27:00,50.7
2025-06-12 04:42:00,9.3
2025-06-12 18:01:00,52.6
2025-06-12 08:52:00,43.6
2025-06-12 03:00:00,37.5
2025-06-12 11:17:00,29.3
2025-06-12 15:12:00,30.4
2025-06-12 10:30:00,62.5
2025-06-12 20:29:00,87.9
2025-06-12 05:30:00,87.8
2025-06-12 18:00:00,94.5
2025-06-12 01:18:00,59.3
2025-06-12 08:16:00,22.1
2025-06-12 09:53:00,49.38053801169591
2025-06-12 23:48:00,98.7
2025-06-12 19:20:00,49.38053801169591
2025-06-12 01:43:00,44.7
2025-06-12 03:24:00,66.0
2025-06-12 07:05:00,22.7
2025-06-12 02:43:00,17.5
2025-06-12 12:44:00,49.38053801169591
2025-06-12 22:20:00,71.5
2025-06-12 07:32:00,50.4
2025-06-12 04:31:00,80.3
2025-06-12 08:20:00,88.9
2025-06-12 07:12:00,51.0
2025-06-12 04:20:00,39.6
2025-06-12 17:45:00,49.38053801169591
2025-06-12 05:35:00,11.3
2025-06-12 00:51:00,86.0
2025-06-12 21:06:00,33.0
2025-06-12 05:12:00,63.0
2025-06-12 07:17:00,7.2
2025-06-12 15:47:00,6.8
2025-06-12 11:59:00,39.7
2025-06-12 05:31:00,1.7
2025-06-12 11:13:00,55.8
2025-06-12 16:42:00,49.38053801169591
2025-06-12 19:01:00,22.3
2025-06-12 03:41:00,32.0
2025-06-12 14:01:00,85.0
2025-06-12 14:52:00,39.4
2025-06-12 14:13:00,49.38053801169591
2025-06-12 01:49:00,49.38053801169591
2025-06-12 12:02:00,81.6
2025-06-12 16:52:00,79.6
2025-06-12 04:06:00,98.0
2025-06-12 19:59:00,7.6
2025-06-12 22:59:00,49.38053801169591
2025-06-12 03:40:00,49.38053801169591
2025-06-12 09:09:00,17.0
2025-06-12 05:52:00,31.4
2025-06-12 00:11:00,99.0
2025-06-12 00:25:00,92.0
2025-06-12 14:54:00,85.4
2025-06-12 18:45:00,52.2
2025-06-12 12:33:00,41.1
2025-06-12 17:55:00,26.4
2025-06-12 15:50:00,2.0
2025-06-12 01:56:00,63.5
2025-06-12 18:44:00,19.3
2025-06-12 23:24:00,28.3
2025-06-12 19:09:00,44.4
2025-06-12 16:12:00,49.38053801169591
2025-06-12 15:16:00,46.6
2025-06-12 05:11:00,44.4
2025-06-12 01:03:00,0.9
2025-06-12 23:30:00,44.6
2025-06-12 05:50:00,0.7
2025-06-12 13:06:00,17.6
2025-06-12 18:07:00,83.8
2025-06-12 10:51:00,80.2
2025-06-12 07:00:00,78.2
2025-06-12 07:58:00,24.6
2025-06-12 12:31:00,73.4
2025-06-12 08:36:00,25.3
2025-06-12 08:33:00,70.7
2025-06-12 23:39:00,50.4
2025-06-12 01:37:00,7.3
2025-06-12 00:26:00,84.9
2025-06-12 09:52:00,78.5
2025-06-12 17:47:00,61.1
2025-06-12 07:31:00,20.0
2025-06-12 11:45:00,57.0
2025-06-12 07:42:00,95.9
2025-06-12 20:53:00,57.5
2025-06-12 22:03:00,26.6
2025-06-12 05:48:00,0.8
2025-06-12 05:46:00,65.3
2025-06-12 11:03:00,92.4
2025-06-12 05:04:00,49.594186729301235
2025-06-12 07:59:00,26.3
2025-06-12 19:51:00,49.594186729301235
2025-06-12 00:54:00,99.5
2025-06-12 17:48:00,56.9
2025-06-12 21:11:00,38.5
2025-06-12 09:42:00,59.9
2025-06-12 16:14:00,14.1
2025-06-12 02:21:00,14.9
2025-06-12 19:41:00,77.3
2025-06-12 08:08:00,66.0
2025-06-12 13:29:00,49.594186729301235
2025-06-12 03:44:00,40.5
2025-06-12 02:40:00,79.6
2025-06-12 01:41:00,25.0
2025-06-12 11:59:00,43.8
2025-06-12 03:26:00,61.6
2025-06-12 06:37:00,48.5
2025-06-12 22:10:00,44.7
2025-06-12 07:50:00,39.3
2025-06-12 23:24:00,24.5
2025-06-12 23:04:00,32.1
2025-06-12 16:16:00,17.3
2025-06-12 04:13:00,56.7
2025-06-12 08:00:00,49.594186729301235
2025-06-12 11:17:00,86.9
2025-06-12 13:05:00,49.594186729301235
2025-06-12 19:05:00,14.4
2025-06-12 13:21:00,60.9
2025-06-12 14:51:00,15.4
2025-06-12 17:35:00,64.6
2025-06-12 13:24:00,85.7
2025-06-12 10:44:00,61.6
2025-06-12 22:11:00,76.2
2025-06-12 21:15:00,12.9
2025-06-12 10:52:00,69.3
2025-06-12 04:59:00,49.594186729301235
2025-06-12 10:35:00,52.4
2025-06-12 07:45:00,72.2
2025-06-12 19:04:00,54.4
2025-06-12 07:01:00,54.7
2025-06-12 23:36:00,70.8
2025-06-12 17:38:00,49.594186729301235
2025-06-12 10:26:00,49.594186729301235
2025-06-12 05:32:00,49.594186729301235
2025-06-12 09:27:00,93.0
2025-06-12 10:39:00,66.9
2025-06-12 16:55:00,28.3
2025-06-12 17:27:00,63.4
2025-06-12 14:46:00,0.9
2025-06-12 14:43:00,60.4
2025-06-12 15:15:00,13.2
2025-06-12 20:00:00,66.4
2025-06-12 10:50:00,71.5
2025-06-12 10:47:00,87.6
2025-06-12 02:13:00,44.5
2025-06-12 01:28:00,64.9
2025-06-12 23:31:00,1.7
2025-06-12 16:01:00,26.7
2025-06-12 03:13:00,28.4
2025-06-12 01:52:00,49.594186729301235
2025-06-12 02:56:00,1.6
2025-06-12 13:51:00,86.3
2025-06-12 23:33:00,9.4
2025-06-12 16:58:00,14.2
2025-06-12 15:54:00,92.4
2025-06-12 11:38:00,11.7
2025-06-12 09:58:00,49.594186729301235
2025-06-12 21:28:00,32.4
2025-06-12 22:05:00,49.594186729301235
2025-06-12 03:42:00,49.594186729301235
2025-06-12 17:46:00,43.5
2025-06-12 12:07:00,67.8
2025-06-12 14:08:00,49.594186729301235
2025-06-12 08:52:00,50.9
2025-06-12 06:59:00,0.8
2025-06-12 21:27:00,5.2
2025-06-12 09:45:00,49.594186729301235
2025-06-12 08:03:00,49.594186729301235
2025-06-12 17:33:00,49.594186729301235
2025-06-12 02:11:00,64.3
2025-06-12 23:09:00,96.1
2025-06-12 02:18:00,0.5
2025-06-12 16:24:00,62.2
2025-06-12 00:10:00,41.4
2025-06-12 06:54:00,1.5
2025-06-12 05:22:00,49.594186729301235
2025-06-12 23:52:00,90.8
2025-06-12 00:16:00,72.5
2025-06-12 02:58:00,81.1
2025-06-12 05:19:00,56.4
2025-06-12 11:54:00,50.5
2025-06-12 08:18:00,80.6
2025-06-12 22:29:00,74.3
2025-06-12 01:57:00,83.1
2025-06-12 09:05:00,49.594186729301235
2025-06-12 09:49:00,48.7
2025-06-12 10:59:00,49.4
2025-06-12 00:11:00,23.2
2025-06-12 13:30:00,32.1
2025-06-12 12:01:00,99.6
2025-06-12 22:54:00,78.3
2025-06-12 02:37:00,2.7
2025-06-12 06:02:00,7.0
2025-06-12 22:38:00,27.8
2025-06-12 03:14:00,82.4
2025-06-12 22:37:00,49.594186729301235
2025-06-12 10:14:00,21.3
2025-06-12 14:39:00,91.9
2025-06-12 09:43:00,36.8
2025-06-12 07:36:00,26.7
2025-06-12 16:39:00,60.6
2025-06-12 04:30:00,55.9
2025-06-12 10:22:00,10.7
2025-06-12 15:29:00,50.3
2025-06-12 21:17:00,79.0
2025-06-12 07:23:00,20.0
2025-06-12 02:52:00,71.6
2025-06-12 11:02:00,49.594186729301235
2025-06-12 18:24:00,86.3
2025-06-12 00:21:00,39.1
2025-06-12 19:46:00,54.8
2025-06-12 07:09:00,18.4
2025-06-12 04:45:00,95.4
2025-06-12 10:55:00,42.3
2025-06-12 03:27:00,17.6
2025-06-12 06:01:00,12.8
2025-06-12 13:02:00,49.594186729301235
2025-06-12 21:34:00,5.3
2025-06-12 13:18:00,88.5
2025-06-12 00:08:00,72.2
2025-06-12 14:30:00,49.594186729301235
2025-06-12 02:02:00,18.3
2025-06-12 00:33:00,43.6
2025-06-12 00:23:00,1.4
2025-06-12 12:14:00,54.3
2025-06-12 11:55:00,65.9
2025-06-12 19:56:00,18.0
2025-06-12 13:28:00,49.594186729301235
2025-06-12 00:43:00,63.9
2025-06-12 15:06:00,35.9
2025-06-12 03:57:00,38.2
2025-06-12 02:43:00,7.7
2025-06-12 08:54:00,77.0
2025-06-12 10:51:00,49.594186729301235
2025-06-12 21:23:00,90.4
2025-06-12 02:03:00,55.0
2025-06-12 04:58:00,49.594186729301235
2025-06-12 17:00:00,8.2
2025-06-12 20:26:00,70.9
2025-06-12 19:49:00,57.5
2025-06-12 14:50:00,8.6
2025-06-12 14:56:00,24.7
2025-06-12 18:35:00,24.3
2025-06-12 01:04:00,66.4
2025-06-12 02:08:00,62.9
2025-06-12 21:42:00,93.1
2025-06-12 10:45:00,87.6
2025-06-12 05:55:00,23.6
2025-06-12 13:03:00,68.8
2025-06-12 16:08:00,66.3
2025-06-12 04:04:00,63.8
2025-06-12 00:37:00,66.7
2025-06-12 02:29:00,88.5
2025-06-12 08:47:00,49.594186729301235
2025-06-12 14:25:00,40.4
2025-06-12 20:06:00,76.4
2025-06-12 04:52:00,52.5
2025-06-12 17:30:00,82.1
2025-06-12 16:56:00,31.6
2025-06-12 20:29:00,33.5
2025-06-12 00:51:00,90.9
2025-06-12 06:53:00,51.1
2025-06-12 06:48:00,64.4
2025-06-12 15:01:00,25.8
2025-06-12 08:32:00,20.2
2025-06-12 13:14:00,37.8
2025-06-12 19:34:00,4.4
2025-06-12 20:57:00,12.6
2025-06-12 04:39:00,49.594186729301235
2025-06-12 23:12:00,6.1
2025-06-12 01:54:00,98.1
2025-06-12 23:14:00,6.6
2025-06-12 17:18:00,49.594186729301235
2025-06-12 19:07:00,34.4
2025-06-12 20:32:00,76.6
2025-06-12 07:10:00,81.5
2025-06-12 09:35:00,63.2
2025-06-12 01:49:00,31.2
2025-06-12 21:26:00,49.594186729301235
2025-06-12 11:36:00,15.2
2025-06-12 11:31:00,91.9
2025-06-12 20:36:00,1.4
2025-06-12 14:49:00,66.3
2025-06-12 16:48:00,78.8
2025-06-12 18:08:00,87.7
2025-06-12 02:17:00,49.594186729301235
2025-06-12 06:17:00,54.3
2025-06-12 15:30:00,87.8
2025-06-12 01:20:00,79.4
2025-06-12 21:44:00,55.6
2025-06-12 02:15:00,99.9
2025-06-12 02:30:00,28.9
2025-06-12 11:40:00,53.7
2025-06-12 22:40:00,26.7
2025-06-12 14:31:00,58.0
2025-06-12 04:10:00,86.6
2025-06-12 14:42:00,49.594186729301235
2025-06-12 02:39:00,46.5
2025-06-12 16:07:00,35.7
2025-06-12 16:22:00,83.3
2025-06-12 20:38:00,49.594186729301235
2025-06-12 11:58:00,49.594186729301235
2025-06-12 17:15:00,44.1
2025-06-12 16:30:00,0.2
2025-06-12 11:00:00,55.4
2025-06-12 20:07:00,50.3
2025-06-12 17:23:00,22.8
2025-06-12 22:50:00,17.6
2025-06-12 06:10:00,87.4
2025-06-12 12:50:00,43.0
2025-06-12 12:20:00,92.1
2025-06-12 14:35:00,40.4
2025-06-12 17:05:00,96.6
2025-06-12 05:15:00,27.5
2025-06-12 11:05:00,16.8
2025-06-12 21:05:00,24.0
2025-06-12 12:18:00,20.5
2025-06-12 06:19:00,33.9
2025-06-12 18:43:00,94.6
2025-06-12 14:21:00,8.7
2025-06-12 08:09:00,27.7
2025-06-12 07:48:00,96.6
2025-06-12 21:38:00,49.594186729301235
2025-06-12 10:18:00,44.1
2025-06-12 00:42:00,91.3
2025-06-12 05:02:00,77.5
2025-06-12 12:51:00,99.1
2025-06-12 13:52:00,49.594186729301235
2025-06-12 18:56:00,8.0
2025-06-12 12:00:00,0.4
2025-06-12 00:46:00,69.2
2025-06-12 00:03:00,49.3
2025-06-12 00:31:00,17.2
2025-06-12 09:30:00,74.5
2025-06-12 02:26:00,20.7
2025-06-12 20:42:00,98.4
2025-06-12 12:43:00,49.594186729301235
2025-06-12 19:48:00,21.4
2025-06-12 01:31:00,46.3
2025-06-12 03:38:00,94.3
2025-06-12 01:19:00,83.3
2025-06-12 17:52:00,98.1
2025-06-12 00:41:00,14.6
2025-06-12 02:31:00,49.594186729301235
2025-06-12 08:46:00,41.8
2025-06-12 19:35:00,83.3
2025-06-12 17:41:00,2.4
2025-06-12 05:40:00,67.3
2025-06-12 13:12:00,49.594186729301235
2025-06-12 10:49:00,49.594186729301235
2025-06-12 22:31:00,12.9
2025-06-12 15:22:00,56.9
2025-06-12 13:33:00,49.594186729301235
2025-06-12 13:32:00,34.9
2025-06-12 12:21:00,23.0
2025-06-12 22:13:00,87.2
2025-06-12 22:48:00,50.03812089971884
2025-06-12 09:51:00,50.03812089971884
2025-06-12 01:38:00,96.1
2025-06-12 15:59:00,50.03812089971884
2025-06-12 23:56:00,50.03812089971884
2025-06-12 00:16:00,28.8
2025-06-12 15:02:00,60.7
2025-06-12 05:01:00,84.0
2025-06-12 18:31:00,24.9
2025-06-12 10:30:00,50.03812089971884
2025-06-12 07:07:00,91.0
2025-06-12 00:00:00,12.2
2025-06-12 10:49:00,89.1
2025-06-12 10:01:00,5.4
2025-06-12 22:58:00,94.8
2025-06-12 23:14:00,16.1
2025-06-12 13:42:00,50.03812089971884
2025-06-12 12:56:00,60.6
2025-06-12 13:21:00,96.1
2025-06-12 22:54:00,80.6
2025-06-12 14:30:00,50.03812089971884
2025-06-12 16:14:00,80.5
2025-06-12 22:32:00,44.6
2025-06-12 04:38:00,50.03812089971884
2025-06-12 15:32:00,27.8
2025-06-12 10:17:00,62.9
2025-06-12 06:57:00,47.8
2025-06-12 04:33:00,89.3
2025-06-12 04:45:00,41.6
2025-06-12 01:53:00,74.4
2025-06-12 00:49:00,23.3
2025-06-12 16:12:00,69.4
2025-06-12 11:50:00,80.4
2025-06-12 21:59:00,78.7
2025-06-12 19:53:00,5.6
2025-06-12 10:44:00,50.03812089971884
2025-06-12 04:07:00,49.3
2025-06-12 06:35:00,50.03812089971884
2025-06-12 12:49:00,50.03812089971884
2025-06-12 07:12:00,58.8
2025-06-12 08:06:00,18.9
2025-06-12 06:49:00,50.03812089971884
2025-06-12 19:18:00,50.03812089971884
2025-06-12 05:16:00,61.3
2025-06-12 12:14:00,36.6
2025-06-12 05:02:00,74.0
2025-06-12 13:03:00,68.9
2025-06-12 08:04:00,12.5
2025-06-12 02:32:00,13.3
2025-06-12 00:42:00,37.2
2025-06-12 09:32:00,40.0
2025-06-12 09:45:00,56.2
2025-06-12 05:03:00,50.03812089971884
2025-06-12 02:42:00,82.4
2025-06-12 18:21:00,29.2
2025-06-12 18:55:00,38.5
2025-06-12 00:17:00,11.3
2025-06-12 17:45:00,19.8
2025-06-12 13:35:00,16.7
2025-06-12 16:30:00,33.9
2025-06-12 05:30:00,99.3
2025-06-12 22:15:00,57.3
2025-06-12 19:10:00,41.5
2025-06-12 22:08:00,30.3
2025-06-12 22:57:00,98.5
2025-06-12 07:36:00,41.9
2025-06-12 11:45:00,44.7
2025-06-12 12:31:00,75.3
2025-06-12 21:48:00,75.8
2025-06-12 03:24:00,74.9
2025-06-12 04:58:00,87.2
2025-06-12 12:24:00,50.03812089971884
2025-06-12 13:43:00,95.5
2025-06-12 00:28:00,47.2
2025-06-12 06:40:00,78.3
2025-06-12 08:45:00,50.03812089971884
2025-06-12 09:19:00,89.6
2025-06-12 00:32:00,64.3
2025-06-12 04:31:00,97.7
2025-06-12 11:18:00,69.0
2025-06-12 02:00:00,35.0
2025-06-12 18:01:00,9.9
2025-06-12 18:52:00,50.03812089971884
2025-06-12 04:22:00,18.2
2025-06-12 04:21:00,42.2
2025-06-12 05:42:00,50.03812089971884
2025-06-12 12:39:00,2.2
2025-06-12 20:41:00,82.8
2025-06-12 07:32:00,97.9
2025-06-12 22:49:00,83.4
2025-06-12 17:17:00,50.03812089971884
2025-06-12 11:26:00,50.2
2025-06-12 03:42:00,45.9
2025-06-12 21:26:00,50.03812089971884
2025-06-12 17:29:00,50.03812089971884
2025-06-12 11:01:00,11.4
2025-06-12 21:28:00,44.0
2025-06-12 20:02:00,44.3
2025-06-12 03:14:00,50.03812089971884
2025-06-12 03:23:00,88.8
2025-06-12 23:19:00,95.6
2025-06-12 04:35:00,50.03812089971884
2025-06-12 11:51:00,50.03812089971884
2025-06-12 23:49:00,95.2
2025-06-12 10:39:00,52.4
2025-06-12 04:08:00,50.03812089971884
2025-06-12 19:32:00,91.3
2025-06-12 08:03:00,50.03812089971884
2025-06-12 06:04:00,50.03812089971884
2025-06-12 09:34:00,77.1
2025-06-12 19:12:00,50.03812089971884
2025-06-12 16:45:00,64.6
2025-06-12 07:30:00,96.4
2025-06-12 08:46:00,60.4
2025-06-12 16:16:00,50.03812089971884
2025-06-12 23:18:00,6.3
2025-06-12 18:47:00,16.2
2025-06-12 06:21:00,92.6
2025-06-12 11:17:00,59.1
2025-06-12 06:42:00,50.03812089971884
2025-06-12 04:01:00,25.6
2025-06-12 04:20:00,77.8
2025-06-12 02:19:00,32.8
2025-06-12 20:40:00,7.8
2025-06-12 01:32:00,80.8
2025-06-12 18:34:00,68.2
2025-06-12 03:03:00,50.03812089971884
2025-06-12 03:28:00,50.03812089971884
2025-06-12 19:14:00,29.5
2025-06-12 20:10:00,1.7
2025-06-12 11:35:00,50.03812089971884
2025-06-12 07:39:00,42.9
2025-06-12 17:59:00,52.1
2025-06-12 15:28:00,67.0
2025-06-12 21:42:00,71.3
2025-06-12 01:31:00,67.1
2025-06-12 07:04:00,99.5
2025-06-12 22:04:00,78.0
2025-06-12 00:03:00,24.9
2025-06-12 10:48:00,55.1
2025-06-12 20:47:00,92.6
2025-06-12 08:24:00,18.4
2025-06-12 19:45:00,55.0
2025-06-12 07:38:00,13.4
2025-06-12 08:56:00,31.7
2025-06-12 10:59:00,22.5
2025-06-12 02:14:00,52.9
2025-06-12 14:59:00,63.2
2025-06-12 18:04:00,50.03812089971884
2025-06-12 20:29:00,12.7
2025-06-12 06:26:00,38.3
2025-06-12 02:38:00,16.8
2025-06-12 03:31:00,83.5
2025-06-12 10:12:00,73.0
2025-06-12 05:15:00,3.1
2025-06-12 02:37:00,50.03812089971884
2025-06-12 20:27:00,56.1
2025-06-12 14:39:00,22.2
2025-06-12 20:26:00,19.1
2025-06-12 19:43:00,17.6
2025-06-12 22:16:00,73.4
2025-06-12 02:47:00,32.1
2025-06-12 13:34:00,22.6
2025-06-12 21:54:00,52.6
2025-06-12 01:29:00,83.9
2025-06-12 14:20:00,80.6
2025-06-12 13:41:00,3.5
2025-06-12 02:18:00,73.4
2025-06-12 09:43:00,5.5
2025-06-12 21:53:00,87.5
2025-06-12 02:58:00,96.2
2025-06-12 01:20:00,81.3
2025-06-12 08:11:00,52.4
2025-06-12 17:36:00,50.03812089971884
2025-06-12 06:07:00,16.1
2025-06-12 02:15:00,73.9
2025-06-12 14:27:00,3.4
2025-06-12 23:46:00,31.5
2025-06-12 18:45:00,10.0
2025-06-12 09:24:00,30.5
2025-06-12 17:16:00,62.3
2025-06-12 19:28:00,27.3
2025-06-12 14:08:00,50.03812089971884
2025-06-12 21:44:00,68.4
2025-06-12 05:08:00,71.5
2025-06-12 15:50:00,2.0
2025-06-12 12:02:00,59.5
2025-06-12 11:30:00,81.1
2025-06-12 17:37:00,32.7
2025-06-12 06:55:00,0.4
2025-06-12 20:34:00,94.6
2025-06-12 03:59:00,89.7
2025-06-12 13:48:00,50.03812089971884
2025-06-12 03:55:00,99.0
2025-06-12 07:19:00,42.8
2025-06-12 05:50:00,46.3
2025-06-12 11:42:00,84.6
2025-06-12 15:39:00,86.1
2025-06-12 07:47:00,56.6
2025-06-12 06:52:00,79.9
2025-06-12 02:29:00,3.8
2025-06-12 19:33:00,73.7
2025-06-12 21:02:00,59.2
2025-06-12 07:21:00,13.3
2025-06-12 12:58:00,95.4
2025-06-12 15:25:00,28.7
2025-06-12 15:57:00,32.7
2025-06-12 03:33:00,19.3
2025-06-12 01:03:00,18.4
2025-06-12 23:52:00,50.03812089971884
2025-06-12 01:04:00,42.2
2025-06-12 07:57:00,20.7
2025-06-12 18:11:00,29.2
2025-06-12 12:53:00,94.2
2025-06-12 02:12:00,92.3
2025-06-12 09:52:00,50.03812089971884
2025-06-12 13:19:00,79.0
2025-06-12 11:28:00,50.03812089971884
2025-06-12 12:09:00,79.7
2025-06-12 18:26:00,58.8
2025-06-12 03:12:00,50.03812089971884
2025-06-12 06:01:00,99.1
2025-06-12 17:28:00,59.8
2025-06-12 06:25:00,26.2
2025-06-12 14:42:00,59.5
2025-06-12 18:14:00,50.03812089971884
2025-06-12 16:42:00,73.3
2025-06-12 00:21:00,5.3
2025-06-12 14:46:00,38.0
2025-06-12 16:23:00,89.1
2025-06-12 22:02:00,89.9
2025-06-12 17:33:00,49.0
2025-06-12 14:56:00,3.7
2025-06-12 22:18:00,70.8
2025-06-12 18:13:00,63.2
2025-06-12 22:13:00,82.4
2025-06-12 01:12:00,90.9
2025-06-12 08:08:00,55.5
2025-06-12 17:12:00,72.3
2025-06-12 18:16:00,53.9
2025-06-12 12:28:00,5.7
2025-06-12 12:46:00,34.7
2025-06-12 14:36:00,70.9
2025-06-12 08:30:00,28.0
2025-06-12 06:39:00,50.03812089971884
2025-06-12 11:53:00,97.8
2025-06-12 13:00:00,98.7
2025-06-12 21:07:00,60.5
2025-06-12 15:11:00,78.7
2025-06-12 15:24:00,23.5
2025-06-12 04:06:00,62.6
2025-06-12 02:11:00,82.6
2025-06-12 11:16:00,29.2
2025-06-12 16:29:00,18.8
2025-06-12 11:13:00,16.6
2025-06-12 14:14:00,74.3
2025-06-12 07:31:00,33.7
2025-06-12 10:25:00,43.9
2025-06-12 12:15:00,28.4
2025-06-12 14:52:00,74.1
2025-06-12 12:41:00,21.5
2025-06-12 14:58:00,7.9
2025-06-12 11:31:00,88.9
2025-06-12 18:42:00,30.2
2025-06-12 08:43:00,30.9
2025-06-12 04:11:00,20.1
2025-06-12 00:57:00,77.4
2025-06-12 12:07:00,18.7
2025-06-12 02:05:00,60.1
2025-06-12 21:36:00,26.4
2025-06-12 05:26:00,46.2
2025-06-12 08:13:00,58.4
2025-06-12 08:26:00,1.7
2025-06-12 13:07:00,41.3
2025-06-12 18:24:00,74.1
2025-06-12 18:39:00,53.8
2025-06-12 20:28:00,0.7
2025-06-12 01:23:00,50.03812089971884
2025-06-12 12:00:00,50.03812089971884
2025-06-12 02:08:00,88.9
2025-06-12 19:23:00,65.9
2025-06-12 07:05:00,31.4
2025-06-12 23:07:00,6.3
2025-06-12 15:14:00,50.03812089971884
2025-06-12 10:14:00,92.1
2025-06-12 08:33:00,40.2
2025-06-12 00:20:00,50.03812089971884
2025-06-12 19:22:00,28.1
2025-06-12 01:43:00,62.1
2025-06-12 11:15:00,53.3
2025-06-12 05:27:00,50.03812089971884
2025-06-12 09:09:00,23.1
2025-06-12 03:30:00,0.4
2025-06-12 14:34:00,40.4
2025-06-12 19:13:00,78.1
2025-06-12 23:02:00,40.6
2025-06-12 00:40:00,68.6
2025-06-12 20:55:00,64.7
2025-06-12 07:41:00,46.9
2025-06-12 06:54:00,15.5
2025-06-12 03:08:00,50.03812089971884
2025-06-12 11:15:00,65.7
2025-06-12 11:55:00,87.9
2025-06-12 17:33:00,4.6
2025-06-12 05:35:00,49.697634180790956
2025-06-12 13:40:00,84.1
2025-06-12 14:09:00,49.697634180790956
2025-06-12 06:32:00,59.4
2025-06-12 21:26:00,78.5
2025-06-12 08:56:00,8.8
2025-06-12 15:24:00,30.9
2025-06-12 19:47:00,49.697634180790956
2025-06-12 08:31:00,54.7
2025-06-12 10:55:00,93.1
2025-06-12 13:53:00,58.8
2025-06-12 16:16:00,89.3
2025-06-12 00:37:00,76.7
2025-06-12 06:35:00,33.3
2025-06-12 08:42:00,7.0
2025-06-12 20:52:00,49.697634180790956
2025-06-12 21:25:00,75.2
2025-06-12 11:36:00,15.8
2025-06-12 16:27:00,49.6
2025-06-12 09:06:00,78.0
2025-06-12 11:17:00,55.4
2025-06-12 21:10:00,63.9
2025-06-12 09:24:00,25.9
2025-06-12 06:48:00,60.8
2025-06-12 09:14:00,79.3
2025-06-12 23:09:00,6.8
2025-06-12 23:04:00,92.1
2025-06-12 20:37:00,61.5
2025-06-12 22:19:00,48.1
2025-06-12 17:13:00,36.3
2025-06-12 22:08:00,81.4
2025-06-12 04:40:00,96.4
2025-06-12 13:49:00,48.7
2025-06-12 22:25:00,83.0
2025-06-12 08:13:00,25.7
2025-06-12 04:09:00,82.4
2025-06-12 18:37:00,10.3
2025-06-12 15:54:00,79.5
2025-06-12 01:39:00,49.697634180790956
2025-06-12 22:31:00,12.3
2025-06-12 19:03:00,36.2
2025-06-12 17:39:00,95.9
2025-06-12 18:22:00,40.8
2025-06-12 20:44:00,74.9
2025-06-12 10:30:00,98.4
2025-06-12 21:55:00,67.9
2025-06-12 20:50:00,22.6
2025-06-12 01:26:00,40.3
2025-06-12 01:34:00,5.2
2025-06-12 07:58:00,49.697634180790956
2025-06-12 03:33:00,95.9
2025-06-12 03:52:00,11.8
2025-06-12 04:04:00,48.9
2025-06-12 11:52:00,42.5
2025-06-12 01:38:00,88.9
2025-06-12 06:08:00,40.9
2025-06-12 01:27:00,68.0
2025-06-12 02:10:00,20.2
2025-06-12 19:19:00,49.697634180790956
2025-06-12 19:37:00,76.7
2025-06-12 08:19:00,3.6
2025-06-12 08:12:00,96.7
2025-06-12 23:37:00,5.9
2025-06-12 17:06:00,35.8
2025-06-12 06:51:00,49.697634180790956
2025-06-12 10:47:00,98.2
2025-06-12 14:56:00,34.9
2025-06-12 16:47:00,60.1
2025-06-12 18:10:00,29.0
2025-06-12 02:03:00,58.1
2025-06-12 21:06:00,73.2
2025-06-12 08:20:00,87.2
2025-06-12 05:12:00,53.9
2025-06-12 09:29:00,6.0
2025-06-12 11:32:00,85.4
2025-06-12 08:39:00,51.0
2025-06-12 15:52:00,42.2
2025-06-12 00:33:00,11.8
2025-06-12 21:08:00,60.6
2025-06-12 09:48:00,36.7
2025-06-12 12:32:00,0.1
2025-06-12 23:17:00,89.1
2025-06-12 01:24:00,74.5
2025-06-12 04:16:00,28.1
2025-06-12 06:30:00,54.9
2025-06-12 03:37:00,53.4
2025-06-12 17:12:00,64.8
2025-06-12 06:50:00,49.697634180790956
2025-06-12 09:07:00,49.697634180790956
2025-06-12 06:20:00,95.8
2025-06-12 21:16:00,21.6
2025-06-12 19:39:00,94.7
2025-06-12 14:05:00,75.7
2025-06-12 05:07:00,18.6
2025-06-12 08:44:00,3.3
2025-06-12 09:15:00,29.8
2025-06-12 03:22:00,55.0
2025-06-12 08:54:00,49.697634180790956
2025-06-12 00:02:00,49.697634180790956
2025-06-12 16:01:00,3.5
2025-06-12 22:21:00,63.0
2025-06-12 14:59:00,34.1
2025-06-12 18:00:00,26.4
2025-06-12 13:29:00,3.7
2025-06-12 11:51:00,75.2
2025-06-12 15:45:00,15.3
2025-06-12 19:36:00,5.2
2025-06-12 07:10:00,46.7
2025-06-12 01:55:00,11.8
2025-06-12 09:19:00,12.6
2025-06-12 01:13:00,49.697634180790956
2025-06-12 14:28:00,3.2
2025-06-12 01:06:00,29.4
2025-06-12 21:37:00,15.4
2025-06-12 14:43:00,29.1
2025-06-12 01:02:00,49.697634180790956
2025-06-12 09:20:00,35.8
2025-06-12 01:30:00,18.7
2025-06-12 09:55:00,83.2
2025-06-12 01:03:00,84.8
2025-06-12 13:41:00,41.6
2025-06-12 14:02:00,38.4
2025-06-12 01:50:00,84.5
2025-06-12 13:31:00,0.6
2025-06-12 03:02:00,49.697634180790956
2025-06-12 21:58:00,58.3
2025-06-12 09:23:00,49.697634180790956
2025-06-12 08:35:00,53.5
2025-06-12 14:12:00,88.0
2025-06-12 05:15:00,40.2
2025-06-12 13:35:00,94.8
2025-06-12 09:11:00,99.0
2025-06-12 17:47:00,69.6
2025-06-12 19:00:00,1.0
2025-06-12 05:23:00,74.9
2025-06-12 06:42:00,18.9
2025-06-12 04:45:00,60.6
2025-06-12 15:57:00,38.2
2025-06-12 16:32:00,18.3
2025-06-12 04:37:00,88.0
2025-06-12 12:43:00,41.2
2025-06-12 07:35:00,17.7
2025-06-12 12:26:00,49.697634180790956
2025-06-12 19:42:00,73.3
2025-06-12 08:03:00,97.4
2025-06-12 22:42:00,97.6
2025-06-12 21:17:00,63.9
2025-06-12 18:44:00,49.697634180790956
2025-06-12 09:39:00,45.4
2025-06-12 19:40:00,71.9
2025-06-12 18:26:00,41.8
2025-06-12 14:37:00,88.6
2025-06-12 23:10:00,5.0
2025-06-12 02:29:00,43.5
2025-06-12 22:36:00,50.6
2025-06-12 18:35:00,0.7
2025-06-12 19:56:00,12.7
2025-06-12 22:56:00,67.5
2025-06-12 06:14:00,61.9
2025-06-12 12:34:00,57.5
2025-06-12 06:17:00,7.3
2025-06-12 08:55:00,13.6
2025-06-12 02:47:00,49.697634180790956
2025-06-12 09:17:00,10.2
2025-06-12 03:17:00,62.9
2025-06-12 13:10:00,43.4
2025-06-12 11:37:00,62.0
2025-06-12 05:46:00,49.4
2025-06-12 08:17:00,44.4
2025-06-12 18:19:00,5.8
2025-06-12 02:23:00,84.5
2025-06-12 09:50:00,8.4
2025-06-12 03:56:00,78.5
2025-06-12 18:49:00,49.697634180790956
2025-06-12 14:24:00,71.3
2025-06-12 19:59:00,73.9
2025-06-12 08:32:00,30.0
2025-06-12 10:37:00,72.4
2025-06-12 17:20:00,97.5
2025-06-12 12:46:00,49.697634180790956
2025-06-12 23:11:00,49.697634180790956
2025-06-12 00:58:00,93.7
2025-06-12 18:11:00,49.697634180790956
2025-06-12 16:41:00,89.5
2025-06-12 12:15:00,82.1
2025-06-12 20:56:00,52.2
2025-06-12 10:43:00,43.2
2025-06-12 20:40:00,15.8
2025-06-12 08:49:00,42.6
2025-06-12 04:30:00,93.5
2025-06-12 20:21:00,7.6
2025-06-12 20:27:00,28.8
2025-06-12 12:41:00,21.2
2025-06-12 17:08:00,24.8
2025-06-12 06:28:00,49.697634180790956
2025-06-12 12:53:00,35.8
2025-06-12 16:10:00,49.697634180790956
2025-06-12 23:08:00,49.697634180790956
2025-06-12 18:02:00,3.7
2025-06-12 16:31:00,6.9
2025-06-12 16:58:00,55.5
2025-06-12 18:45:00,49.697634180790956
2025-06-12 23:36:00,57.1
2025-06-12 06:15:00,13.1
2025-06-12 14:27:00,94.5
2025-06-12 03:01:00,72.8
2025-06-12 13:21:00,28.7
2025-06-12 12:24:00,64.1
2025-06-12 09:58:00,25.8
2025-06-12 02:05:00,1.4
2025-06-12 07:15:00,1.8
2025-06-12 20:20:00,2.6
2025-06-12 13:50:00,46.9
2025-06-12 17:02:00,49.697634180790956
2025-06-12 00:34:00,49.697634180790956
2025-06-12 21:18:00,51.8
2025-06-12 13:47:00,33.7
2025-06-12 09:53:00,49.697634180790956
2025-06-12 10:56:00,75.6
2025-06-12 10:13:00,62.2
2025-06-12 08:50:00,46.1
2025-06-12 04:47:00,75.1
2025-06-12 10:28:00,24.5
2025-06-12 05:50:00,3.5
2025-06-12 15:47:00,49.697634180790956
2025-06-12 11:29:00,49.697634180790956
2025-06-12 11:50:00,70.5
2025-06-12 17:38:00,57.7
2025-06-12 22:59:00,64.9
2025-06-12 22:04:00,14.9
2025-06-12 18:32:00,23.4
2025-06-12 18:17:00,8.3
2025-06-12 18:43:00,41.5
2025-06-12 23:48:00,45.2
2025-06-12 23:23:00,55.1
2025-06-12 21:14:00,19.3
2025-06-12 14:14:00,4.6
2025-06-12 04:53:00,73.6
2025-06-12 15:27:00,84.9
2025-06-12 11:08:00,99.3
2025-06-12 23:43:00,80.8
2025-06-12 15:10:00,28.6
2025-06-12 18:14:00,75.0
2025-06-12 14:51:00,49.697634180790956
2025-06-12 19:16:00,15.6
2025-06-12 15:23:00,83.2
2025-06-12 12:59:00,76.6
2025-06-12 07:19:00,48.4
2025-06-12 21:03:00,49.697634180790956
2025-06-12 19:55:00,29.1
2025-06-12 20:57:00,19.4
2025-06-12 22:14:00,74.1
2025-06-12 16:37:00,12.7
2025-06-12 17:17:00,89.8
2025-06-12 05:05:00,13.6
2025-06-12 09:09:00,36.8
2025-06-12 07:21:00,49.697634180790956
2025-06-12 15:15:00,49.697634180790956
2025-06-12 22:48:00,56.6
2025-06-12 09:31:00,52.2
2025-06-12 15:03:00,11.6
2025-06-12 13:22:00,45.7
2025-06-12 14:52:00,48.6
2025-06-12 11:34:00,5.6
2025-06-12 03:19:00,47.0
2025-06-12 00:42:00,52.2
2025-06-12 20:00:00,49.697634180790956
2025-06-12 10:15:00,84.0
2025-06-12 17:48:00,60.0
2025-06-12 23:30:00,37.9
2025-06-12 08:43:00,13.4
2025-06-12 12:25:00,76.8
2025-06-12 13:46:00,81.3
2025-06-12 10:35:00,88.4
2025-06-12 07:33:00,96.8
2025-06-12 11:06:00,88.2
2025-06-12 09:10:00,49.697634180790956
2025-06-12 23:25:00,81.5
2025-06-12 14:04:00,9.1
2025-06-12 17:54:00,65.7
2025-06-12 13:04:00,80.2
2025-06-12 18:09:00,15.3
2025-06-12 03:18:00,66.0
2025-06-12 14:55:00,36.6
2025-06-12 10:07:00,49.697634180790956
2025-06-12 06:34:00,74.5
2025-06-12 17:04:00,79.9
2025-06-12 09:02:00,64.9
2025-06-12 17:43:00,49.697634180790956
2025-06-12 23:09:00,95.4
2025-06-12 09:37:00,49.81454693687398
2025-06-12 01:06:00,84.7
2025-06-12 18:30:00,11.8
2025-06-12 05:25:00,30.0
2025-06-12 03:26:00,75.8
2025-06-12 12:10:00,84.4
2025-06-12 14:17:00,11.6
2025-06-12 23:27:00,89.6
2025-06-12 09:01:00,29.8
2025-06-12 18:55:00,47.4
2025-06-12 10:41:00,21.0
2025-06-12 15:27:00,37.8
2025-06-12 05:27:00,16.4
2025-06-12 02:04:00,96.2
2025-06-12 08:19:00,30.9
2025-06-12 19:27:00,95.5
2025-06-12 05:35:00,77.1
2025-06-12 20:09:00,68.5
2025-06-12 12:08:00,32.2
2025-06-12 06:55:00,49.81454693687398
2025-06-12 21:48:00,66.1
2025-06-12 03:33:00,53.8
2025-06-12 11:48:00,49.81454693687398
2025-06-12 03:19:00,70.7
2025-06-12 16:26:00,18.3
2025-06-12 06:45:00,71.9
2025-06-12 00:07:00,18.8
2025-06-12 18:09:00,2.3
2025-06-12 03:06:00,63.0
2025-06-12 21:11:00,80.0
2025-06-12 02:51:00,99.7
2025-06-12 02:33:00,10.9
2025-06-12 01:29:00,86.4
2025-06-12 08:20:00,49.81454693687398
2025-06-12 16:08:00,19.0
2025-06-12 07:56:00,92.5
2025-06-12 02:11:00,21.8
2025-06-12 08:47:00,36.4
2025-06-12 00:41:00,15.7
2025-06-12 02:26:00,7.9
2025-06-12 18:44:00,10.4
2025-06-12 16:37:00,73.2
2025-06-12 11:27:00,12.8
2025-06-12 18:45:00,19.2
2025-06-12 10:10:00,40.7
2025-06-12 21:51:00,76.8
2025-06-12 17:25:00,60.5
2025-06-12 00:57:00,17.0
2025-06-12 19:54:00,15.6
2025-06-12 06:57:00,6.2
2025-06-12 16:28:00,15.2
2025-06-12 16:00:00,47.3
2025-06-12 15:10:00,58.1
2025-06-12 16:51:00,7.0
2025-06-12 10:46:00,72.4
2025-06-12 12:06:00,95.5
2025-06-12 18:54:00,35.3
2025-06-12 12:20:00,10.4
2025-06-12 10:00:00,49.81454693687398
2025-06-12 03:39:00,4.2
2025-06-12 01:01:00,49.81454693687398
2025-06-12 03:34:00,25.0
2025-06-12 13:28:00,42.5
2025-06-12 23:49:00,5.1
2025-06-12 08:26:00,66.4
2025-06-12 19:05:00,79.3
2025-06-12 20:00:00,0.9
2025-06-12 04:23:00,96.0
2025-06-12 07:59:00,25.3
2025-06-12 05:53:00,62.1
2025-06-12 22:18:00,13.4
2025-06-12 19:08:00,85.1
2025-06-12 00:23:00,49.6
2025-06-12 13:35:00,52.4
2025-06-12 08:45:00,1.6
2025-06-12 03:00:00,31.0
2025-06-12 18:48:00,27.3
2025-06-12 11:52:00,11.6
2025-06-12 08:08:00,33.0
2025-06-12 16:23:00,49.81454693687398
2025-06-12 09:23:00,49.81454693687398
2025-06-12 03:21:00,98.9
2025-06-12 08:21:00,12.4
2025-06-12 08:31:00,94.0
2025-06-12 19:37:00,1.1
2025-06-12 02:21:00,80.2
2025-06-12 06:09:00,62.0
2025-06-12 19:24:00,37.7
2025-06-12 08:07:00,18.9
2025-06-12 18:40:00,12.0
2025-06-12 22:02:00,38.9
2025-06-12 16:56:00,42.7
2025-06-12 04:31:00,89.4
2025-06-12 04:22:00,16.6
2025-06-12 17:56:00,16.2
2025-06-12 22:34:00,71.4
2025-06-12 16:31:00,36.5
2025-06-12 19:29:00,49.81454693687398
2025-06-12 13:43:00,77.2
2025-06-12 19:57:00,81.5
2025-06-12 18:10:00,17.1
2025-06-12 00:19:00,72.0
2025-06-12 22:16:00,86.2
2025-06-12 17:24:00,79.7
2025-06-12 15:57:00,77.8
2025-06-12 06:11:00,53.4
2025-06-12 08:52:00,21.8
2025-06-12 15:37:00,29.8
2025-06-12 14:24:00,5.7
2025-06-12 02:15:00,86.4
2025-06-12 05:58:00,9.0
2025-06-12 14:52:00,49.81454693687398
2025-06-12 04:12:00,17.4
2025-06-12 13:38:00,33.4
2025-06-12 01:28:00,63.4
2025-06-12 20:57:00,25.3
2025-06-12 17:03:00,49.81454693687398
2025-06-12 21:55:00,49.81454693687398
2025-06-12 14:19:00,49.81454693687398
2025-06-12 22:13:00,49.81454693687398
2025-06-12 05:06:00,86.3
2025-06-12 02:53:00,10.6
2025-06-12 00:54:00,36.7
2025-06-12 02:20:00,52.0
2025-06-12 04:55:00,15.0
2025-06-12 21:09:00,24.0
2025-06-12 13:09:00,23.7
2025-06-12 15:36:00,40.8
2025-06-12 00:47:00,74.1
2025-06-12 15:44:00,77.0
2025-06-12 03:36:00,14.5
2025-06-12 09:36:00,7.1
2025-06-12 21:40:00,24.0
2025-06-12 18:39:00,49.81454693687398
2025-06-12 04:18:00,39.0
2025-06-12 19:42:00,48.0
2025-06-12 20:36:00,44.1
2025-06-12 08:15:00,49.81454693687398
2025-06-12 07:34:00,16.5
2025-06-12 04:24:00,49.81454693687398
2025-06-12 00:22:00,90.0
2025-06-12 00:50:00,30.7
2025-06-12 16:34:00,69.4
2025-06-12 07:29:00,0.7
2025-06-12 13:27:00,64.2
2025-06-12 04:27:00,33.4
2025-06-12 06:44:00,49.81454693687398
2025-06-12 17:14:00,6.3
2025-06-12 21:36:00,16.7
2025-06-12 21:22:00,49.81454693687398
2025-06-12 02:39:00,74.5
2025-06-12 12:13:00,74.5
2025-06-12 04:37:00,49.81454693687398
2025-06-12 11:32:00,95.4
2025-06-12 21:12:00,21.6
2025-06-12 04:15:00,99.5
2025-06-12 12:48:00,30.6
2025-06-12 00:14:00,69.8
2025-06-12 04:07:00,26.5
2025-06-12 10:34:00,83.9
2025-06-12 11:35:00,34.1
2025-06-12 19:22:00,94.2
2025-06-12 05:18:00,19.5
2025-06-12 05:37:00,23.5
2025-06-12 22:39:00,37.9
2025-06-12 16:27:00,18.9
2025-06-12 13:40:00,49.81454693687398
2025-06-12 01:09:00,36.6
2025-06-12 03:29:00,32.6
2025-06-12 16:11:00,26.1
2025-06-12 22:40:00,3.7
2025-06-12 16:20:00,49.81454693687398
2025-06-12 22:35:00,71.2
2025-06-12 01:15:00,54.7
2025-06-12 17:15:00,96.9
2025-06-12 07:16:00,5.8
2025-06-12 06:37:00,81.0
2025-06-12 23:47:00,45.9
2025-06-12 10:31:00,37.4
2025-06-12 09:30:00,9.0
2025-06-12 15:16:00,87.7
2025-06-12 01:25:00,29.3
2025-06-12 02:14:00,49.81454693687398
2025-06-12 12:07:00,18.0
2025-06-12 16:36:00,49.81454693687398
2025-06-12 23:57:00,60.2
2025-06-12 17:49:00,33.0
2025-06-12 08:50:00,49.81454693687398
2025-06-12 07:48:00,22.9
2025-06-12 02:34:00,81.1
2025-06-12 13:54:00,55.5
2025-06-12 17:26:00,95.1
2025-06-12 14:07:00,49.81454693687398
2025-06-12 09:51:00,60.3
2025-06-12 21:21:00,26.3
2025-06-12 18:07:00,10.1
2025-06-12 23:38:00,1.0
2025-06-12 06:59:00,49.81454693687398
2025-06-12 06:53:00,55.8
2025-06-12 17:01:00,62.3
2025-06-12 04:58:00,24.4
2025-06-12 19:51:00,4.8
2025-06-12 23:48:00,7.5
2025-06-12 07:46:00,7.3
2025-06-12 19:25:00,17.9
2025-06-12 01:31:00,6.0
2025-06-12 13:21:00,35.4
2025-06-12 15:02:00,36.0
2025-06-12 00:34:00,70.7
2025-06-12 15:20:00,15.9
2025-06-12 05:45:00,12.1
2025-06-12 10:38:00,51.7
2025-06-12 01:49:00,49.81454693687398
2025-06-12 06:51:00,49.81454693687398
2025-06-12 21:32:00,30.7
2025-06-12 13:51:00,58.6
2025-06-12 23:35:00,68.2
2025-06-12 18:41:00,73.9
2025-06-12 13:49:00,28.1
2025-06-12 04:05:00,9.3
2025-06-12 21:53:00,60.0
2025-06-12 21:44:00,26.1
2025-06-12 15:45:00,76.5
2025-06-12 18:34:00,14.6
2025-06-12 20:24:00,87.9
2025-06-12 00:45:00,94.2
2025-06-12 21:18:00,49.81454693687398
2025-06-12 22:20:00,40.6
2025-06-12 21:03:00,81.7
2025-06-12 07:10:00,49.1
2025-06-12 22:56:00,49.3
2025-06-12 09:17:00,52.7
2025-06-12 06:15:00,19.5
2025-06-12 22:51:00,55.1
2025-06-12 21:46:00,49.81454693687398
2025-06-12 08:58:00,5.7
2025-06-12 05:02:00,93.4
2025-06-12 00:01:00,69.7
2025-06-12 13:18:00,65.4
2025-06-12 04:47:00,14.8
2025-06-12 06:07:00,76.7
2025-06-12 09:04:00,48.8
2025-06-12 11:14:00,25.8
2025-06-12 01:07:00,53.7
2025-06-12 16:16:00,21.4
2025-06-12 02:48:00,72.4
2025-06-12 10:22:00,90.0
2025-06-12 02:37:00,53.0
2025-06-12 06:00:00,49.81454693687398
2025-06-12 10:06:00,12.0
2025-06-12 08:33:00,13.1
2025-06-12 06:43:00,85.4
2025-06-12 15:51:00,86.4
2025-06-12 00:02:00,7.5
2025-06-12 21:25:00,88.5
2025-06-12 15:49:00,58.8
2025-06-12 15:38:00,49.81454693687398
2025-06-12 09:48:00,70.1
2025-06-12 00:51:00,60.5
2025-06-12 16:15:00,49.81454693687398
2025-06-12 01:08:00,44.5
2025-06-12 13:45:00,54.1
2025-06-12 15:32:00,49.81454693687398
2025-06-12 15:01:00,82.7
2025-06-12 01:42:00,49.81454693687398
2025-06-12 23:28:00,37.2
2025-06-12 14:00:00,51.5
2025-06-12 22:28:00,18.5
2025-06-12 06:40:00,35.4
2025-06-12 07:54:00,95.5
2025-06-12 23:15:00,49.81454693687398
2025-06-12 09:44:00,49.81454693687398
2025-06-12 02:50:00,30.4
2025-06-12 06:08:00,40.9
2025-06-12 03:12:00,88.9
2025-06-12 02:05:00,89.5
2025-06-12 04:38:00,1.9
2025-06-12 07:44:00,12.8
2025-06-12 04:09:00,5.2
2025-06-12 07:40:00,64.3
2025-06-12 23:41:00,49.81454693687398
2025-06-12 14:56:00,74.3
2025-06-12 01:23:00,72.7
2025-06-12 03:56:00,86.4
2025-06-12 00:29:00,5.8
2025-06-12 12:29:00,28.8
2025-06-12 12:40:00,56.3
2025-06-12 15:43:00,20.8
2025-06-12 17:29:00,67.6
2025-06-12 23:50:00,63.9
2025-06-12 16:22:00,0.4
2025-06-12 04:11:00,67.3
2025-06-12 14:08:00,50.17466168922071
2025-06-12 11:34:00,3.8
2025-06-12 06:34:00,13.9
2025-06-12 15:42:00,11.0
2025-06-12 07:51:00,51.6
2025-06-12 23:00:00,53.2
2025-06-12 22:30:00,50.3
2025-06-12 21:32:00,38.0
2025-06-12 19:11:00,48.6
2025-06-12 01:39:00,30.6
2025-06-12 15:36:00,18.5
2025-06-12 06:25:00,20.5
2025-06-12 01:21:00,52.3
2025-06-12 01:45:00,91.7
2025-06-12 02:15:00,99.4
2025-06-12 00:14:00,74.1
2025-06-12 01:48:00,44.4
2025-06-12 18:30:00,2.0
2025-06-12 00:12:00,23.1
2025-06-12 02:25:00,50.17466168922071
2025-06-12 07:37:00,6.0
2025-06-12 11:05:00,48.0
2025-06-12 22:54:00,50.17466168922071
2025-06-12 03:50:00,42.3
2025-06-12 21:50:00,91.1
2025-06-12 17:58:00,53.0
2025-06-12 09:30:00,2.6
2025-06-12 21:22:00,44.4
2025-06-12 16:19:00,3.0
2025-06-12 21:51:00,5.4
2025-06-12 19:38:00,24.5
2025-06-12 21:58:00,50.17466168922071
2025-06-12 16:11:00,68.3
2025-06-12 10:51:00,31.4
2025-06-12 13:05:00,47.3
2025-06-12 01:11:00,88.5
2025-06-12 13:50:00,3.5
2025-06-12 02:50:00,58.9
2025-06-12 22:44:00,66.9
2025-06-12 00:19:00,67.5
2025-06-12 00:10:00,97.4
2025-06-12 14:17:00,66.3
2025-06-12 02:41:00,57.0
2025-06-12 00:09:00,16.0
2025-06-12 01:49:00,53.7
2025-06-12 05:01:00,50.17466168922071
2025-06-12 05:46:00,70.3
2025-06-12 20:24:00,51.5
2025-06-12 03:36:00,95.2
2025-06-12 19:29:00,94.8
2025-06-12 21:00:00,95.8
2025-06-12 16:41:00,60.7
2025-06-12 15:27:00,47.5
2025-06-12 19:28:00,14.7
2025-06-12 20:31:00,55.9
2025-06-12 06:28:00,30.5
2025-06-12 07:54:00,25.6
2025-06-12 10:45:00,0.9
2025-06-12 12:12:00,64.9
2025-06-12 14:26:00,50.17466168922071
2025-06-12 05:58:00,66.1
2025-06-12 10:42:00,22.2
2025-06-12 11:58:00,44.7
2025-06-12 22:34:00,40.7
2025-06-12 00:05:00,29.4
2025-06-12 16:30:00,80.5
2025-06-12 11:09:00,56.4
2025-06-12 14:14:00,12.2
2025-06-12 12:34:00,73.2
2025-06-12 20:48:00,93.6
2025-06-12 02:23:00,92.0
2025-06-12 00:57:00,11.2
2025-06-12 14:34:00,71.8
2025-06-12 05:04:00,71.3
2025-06-12 08:48:00,42.9
2025-06-12 18:36:00,49.6
2025-06-12 21:14:00,10.6
2025-06-12 08:24:00,31.9
2025-06-12 15:16:00,58.8
2025-06-12 06:31:00,92.4
2025-06-12 10:12:00,36.1
2025-06-12 04:05:00,89.6
2025-06-12 04:47:00,91.4
2025-06-12 16:23:00,30.8
2025-06-12 10:55:00,71.7
2025-06-12 22:09:00,24.5
2025-06-12 20:43:00,81.2
2025-06-12 19:57:00,5.1
2025-06-12 11:14:00,74.1
2025-06-12 07:32:00,94.8
2025-06-12 15:08:00,83.7
2025-06-12 04:07:00,50.17466168922071
2025-06-12 02:42:00,26.5
2025-06-12 06:07:00,50.17466168922071
2025-06-12 17:01:00,11.0
2025-06-12 02:01:00,89.0
2025-06-12 02:09:00,81.7
2025-06-12 20:10:00,61.5
2025-06-12 07:47:00,50.17466168922071
2025-06-12 23:52:00,27.3
2025-06-12 15:54:00,20.5
2025-06-12 23:12:00,19.4
2025-06-12 23:20:00,44.8
2025-06-12 16:44:00,38.6
2025-06-12 20:55:00,54.7
2025-06-12 03:40:00,63.1
2025-06-12 23:25:00,55.7
2025-06-12 04:36:00,37.4
2025-06-12 05:37:00,2.1
2025-06-12 19:04:00,52.5
2025-06-12 04:06:00,50.1
2025-06-12 21:47:00,18.3
2025-06-12 13:31:00,71.6
2025-06-12 00:30:00,19.4
2025-06-12 23:21:00,46.6
2025-06-12 19:25:00,50.17466168922071
2025-06-12 22:47:00,24.7
2025-06-12 22:21:00,93.4
2025-06-12 13:48:00,66.2
2025-06-12 14:15:00,61.8
2025-06-12 05:10:00,37.3
2025-06-12 21:36:00,3.2
2025-06-12 14:16:00,92.5
2025-06-12 17:57:00,71.3
2025-06-12 15:38:00,57.4
2025-06-12 10:24:00,12.3
2025-06-12 06:36:00,19.3
2025-06-12 15:17:00,22.2
2025-06-12 22:57:00,8.6
2025-06-12 14:38:00,26.2
2025-06-12 14:28:00,52.6
2025-06-12 22:50:00,21.0
2025-06-12 21:33:00,67.9
2025-06-12 16:14:00,11.9
2025-06-12 09:14:00,67.5
2025-06-12 18:01:00,15.2
2025-06-12 12:26:00,74.9
2025-06-12 07:48:00,2.7
2025-06-12 21:01:00,6.9
2025-06-12 05:48:00,60.1
2025-06-12 07:59:00,38.3
2025-06-12 19:59:00,9.4
2025-06-12 12:57:00,47.5
2025-06-12 06:42:00,50.17466168922071
2025-06-12 08:25:00,41.8
2025-06-12 19:30:00,74.1
2025-06-12 15:04:00,42.6
2025-06-12 23:29:00,41.2
2025-06-12 02:57:00,39.7
2025-06-12 20:23:00,50.17466168922071
2025-06-12 13:08:00,84.2
2025-06-12 10:49:00,60.5
2025-06-12 15:00:00,50.17466168922071
2025-06-12 05:51:00,50.17466168922071
2025-06-12 16:07:00,50.17466168922071
2025-06-12 21:15:00,67.7
2025-06-12 18:14:00,99.8
2025-06-12 20:35:00,70.1
2025-06-12 06:20:00,84.2
2025-06-12 16:57:00,29.4
2025-06-12 17:55:00,10.1
2025-06-12 17:08:00,68.6
2025-06-12 11:13:00,50.17466168922071
2025-06-12 02:22:00,40.6
2025-06-12 06:23:00,3.6
2025-06-12 04:52:00,17.5
2025-06-12 20:49:00,22.4
2025-06-12 10:47:00,50.17466168922071
2025-06-12 16:45:00,86.8
2025-06-12 20:47:00,90.2
2025-06-12 10:56:00,77.6
2025-06-12 10:26:00,70.6
2025-06-12 08:31:00,93.1
2025-06-12 22:16:00,63.4
2025-06-12 19:22:00,81.6
2025-06-12 14:43:00,50.17466168922071
2025-06-12 09:01:00,78.5
2025-06-12 01:55:00,23.4
2025-06-12 02:34:00,73.8
2025-06-12 14:07:00,24.3
2025-06-12 15:29:00,27.6
2025-06-12 01:27:00,95.6
2025-06-12 01:35:00,45.0
2025-06-12 08:53:00,81.2
2025-06-12 13:17:00,74.3
2025-06-12 04:44:00,14.7
2025-06-12 03:23:00,63.6
2025-06-12 04:12:00,91.4
2025-06-12 19:26:00,98.7
2025-06-12 10:13:00,50.17466168922071
2025-06-12 06:27:00,83.2
2025-06-12 04:46:00,52.8
2025-06-12 00:23:00,5.9
2025-06-12 09:52:00,23.7
2025-06-12 15:23:00,92.6
2025-06-12 07:04:00,20.4
2025-06-12 10:04:00,54.3
2025-06-12 15:59:00,91.4
2025-06-12 19:43:00,71.6
2025-06-12 22:02:00,50.17466168922071
2025-06-12 20:37:00,30.6
2025-06-12 22:23:00,4.8
2025-06-12 03:01:00,79.1
2025-06-12 00:11:00,37.0
2025-06-12 00:24:00,10.8
2025-06-12 05:54:00,36.2
2025-06-12 17:26:00,50.17466168922071
2025-06-12 19:44:00,50.17466168922071
2025-06-12 13:27:00,14.1
2025-06-12 16:06:00,42.2
2025-06-12 11:52:00,3.8
2025-06-12 10:10:00,71.9
2025-06-12 09:56:00,50.6
2025-06-12 00:56:00,2.4
2025-06-12 03:48:00,62.8
2025-06-12 15:26:00,49.9
2025-06-12 19:18:00,22.0
2025-06-12 04:01:00,50.17466168922071
2025-06-12 21:21:00,75.1
2025-06-12 00:55:00,71.1
2025-06-12 18:05:00,35.1
2025-06-12 11:59:00,65.5
2025-06-12 17:41:00,50.17466168922071
2025-06-12 00:27:00,50.17466168922071
2025-06-12 12:29:00,25.8
2025-06-12 00:43:00,5.0
2025-06-12 17:29:00,30.9
2025-06-12 09:40:00,23.8
2025-06-12 23:34:00,74.9
2025-06-12 13:45:00,18.2
2025-06-12 08:37:00,82.4
2025-06-12 02:56:00,18.4
2025-06-12 16:18:00,76.3
2025-06-12 17:54:00,58.5
2025-06-12 13:02:00,85.0
2025-06-12 20:29:00,50.17466168922071
2025-06-12 14:29:00,86.3
2025-06-12 09:07:00,28.5
2025-06-12 04:40:00,46.7
2025-06-12 03:41:00,55.0
2025-06-12 16:09:00,16.5
2025-06-12 21:29:00,21.1
2025-06-12 04:10:00,25.5
2025-06-12 03:02:00,50.17466168922071
2025-06-12 18:57:00,50.17466168922071
2025-06-12 21:03:00,36.9
2025-06-12 15:43:00,30.5
2025-06-12 12:14:00,9.0
2025-06-12 02:46:00,23.9
2025-06-12 19:33:00,52.1
2025-06-12 20:14:00,75.3
2025-06-12 22:41:00,93.7
2025-06-12 16:20:00,28.2
2025-06-12 07:05:00,50.17466168922071
2025-06-12 12:22:00,41.7
2025-06-12 18:20:00,84.5
2025-06-12 15:56:00,84.7
2025-06-12 09:37:00,4.8
2025-06-12 10:39:00,73.2
2025-06-12 18:27:00,18.1
2025-06-12 09:17:00,68.6
2025-06-12 00:40:00,4.8
2025-06-12 12:25:00,50.17466168922071
2025-06-12 04:25:00,83.7
2025-06-12 22:51:00,3.1
2025-06-12 02:17:00,40.2
2025-06-12 09:43:00,54.9
2025-06-12 20:53:00,50.17466168922071
2025-06-12 13:11:00,23.8
2025-06-12 23:18:00,44.3
2025-06-12 11:19:00,50.17466168922071
2025-06-12 11:30:00,50.17466168922071
2025-06-12 15:25:00,77.7
2025-06-12 18:18:00,27.8
2025-06-12 10:33:00,34.2
2025-06-12 12:07:00,81.9
2025-06-12 18:49:00,97.1
2025-06-12 06:49:00,56.6
2025-06-12 09:00:00,78.3
2025-06-12 16:26:00,31.5
2025-06-12 09:46:00,51.4
2025-06-12 08:01:00,58.0
2025-06-12 01:52:00,92.3
2025-06-12 11:43:00,14.3
2025-06-12 13:49:00,34.6
2025-06-12 18:39:00,1.9
2025-06-12 01:00:00,11.8
2025-06-12 02:04:00,97.1
2025-06-12 16:35:00,15.4
2025-06-12 14:51:00,52.6
2025-06-12 06:29:00,50.17466168922071
2025-06-12 05:53:00,34.9
2025-06-12 22:13:00,50.17466168922071
2025-06-12 18:48:00,50.17466168922071
2025-06-12 11:23:00,90.9
2025-06-12 10:16:00,21.7
2025-06-12 10:34:00,78.1
2025-06-12 10:03:00,39.8
2025-06-12 12:04:00,9.1
2025-06-12 04:51:00,21.9
2025-06-12 01:12:00,96.7
2025-06-12 10:32:00,64.4
2025-06-12 03:11:00,60.4
2025-06-12 16:54:00,92.5
2025-06-12 04:42:00,50.17466168922071
2025-06-12 03:15:00,41.1
2025-06-12 03:44:00,80.7
2025-06-12 13:00:00,50.17466168922071
2025-06-12 12:00:00,33.4
2025-06-12 13:15:00,93.3
2025-06-12 15:48:00,87.3
2025-06-12 16:28:00,33.2
2025-06-12 21:17:00,49.28634215500945
2025-06-12 08:03:00,16.3
2025-06-12 23:13:00,99.4
2025-06-12 01:23:00,18.8
2025-06-12 10:18:00,63.2
2025-06-12 18:02:00,49.28634215500945
2025-06-12 15:56:00,97.5
2025-06-12 00:24:00,6.2
2025-06-12 04:18:00,62.6
2025-06-12 03:31:00,20.4
2025-06-12 18:30:00,58.0
2025-06-12 00:36:00,39.3
2025-06-12 21:09:00,3.3
2025-06-12 22:14:00,7.4
2025-06-12 13:03:00,13.2
2025-06-12 07:54:00,59.8
2025-06-12 17:41:00,49.28634215500945
2025-06-12 10:39:00,55.0
2025-06-12 06:30:00,24.2
2025-06-12 01:50:00,67.2
2025-06-12 07:55:00,49.28634215500945
2025-06-12 13:16:00,93.3
2025-06-12 18:25:00,49.28634215500945
2025-06-12 03:51:00,26.0
2025-06-12 12:18:00,54.2
2025-06-12 03:08:00,40.2
2025-06-12 21:34:00,63.8
2025-06-12 22:35:00,95.2
2025-06-12 08:15:00,70.7
2025-06-12 08:11:00,93.9
2025-06-12 14:42:00,45.8
2025-06-12 10:20:00,8.8
2025-06-12 12:20:00,10.5
2025-06-12 20:00:00,87.4
2025-06-12 08:24:00,49.28634215500945
2025-06-12 00:53:00,26.7
2025-06-12 13:46:00,49.28634215500945
2025-06-12 19:10:00,31.0
2025-06-12 10:42:00,49.28634215500945
2025-06-12 07:32:00,23.6
2025-06-12 19:45:00,34.0
2025-06-12 16:43:00,97.7
2025-06-12 03:36:00,16.8
2025-06-12 02:56:00,14.5
2025-06-12 03:45:00,49.28634215500945
2025-06-12 01:45:00,33.5
2025-06-12 06:58:00,62.3
2025-06-12 22:25:00,61.9
2025-06-12 14:00:00,25.3
2025-06-12 00:02:00,72.1
2025-06-12 19:35:00,11.4
2025-06-12 16:49:00,13.1
2025-06-12 04:01:00,49.28634215500945
2025-06-12 14:58:00,22.3
2025-06-12 21:32:00,49.28634215500945
2025-06-12 20:50:00,34.0
2025-06-12 02:29:00,2.5
2025-06-12 22:08:00,30.4
2025-06-12 19:31:00,45.2
2025-06-12 10:50:00,49.28634215500945
2025-06-12 02:10:00,56.0
2025-06-12 01:24:00,71.1
2025-06-12 11:05:00,19.8
2025-06-12 12:36:00,47.2
2025-06-12 09:45:00,39.4
2025-06-12 15:30:00,49.28634215500945
2025-06-12 12:14:00,4.7
2025-06-12 13:52:00,32.8
2025-06-12 09:27:00,49.28634215500945
2025-06-12 02:40:00,39.5
2025-06-12 17:56:00,52.7
2025-06-12 12:33:00,49.28634215500945
2025-06-12 18:48:00,49.9
2025-06-12 06:16:00,29.9
2025-06-12 23:17:00,72.2
2025-06-12 06:39:00,47.5
2025-06-12 06:40:00,45.6
2025-06-12 22:59:00,87.0
2025-06-12 00:20:00,89.7
2025-06-12 10:41:00,47.7
2025-06-12 10:14:00,86.3
2025-06-12 16:07:00,49.28634215500945
2025-06-12 23:58:00,72.0
2025-06-12 18:51:00,68.5
2025-06-12 19:49:00,77.9
2025-06-12 08:18:00,95.1
2025-06-12 23:10:00,94.7
2025-06-12 19:38:00,48.8
2025-06-12 14:49:00,61.1
2025-06-12 15:03:00,24.0
2025-06-12 20:56:00,53.1
2025-06-12 09:37:00,49.28634215500945
2025-06-12 16:40:00,2.8
2025-06-12 09:15:00,58.4
2025-06-12 10:47:00,92.2
2025-06-12 11:26:00,67.2
2025-06-12 19:43:00,98.4
2025-06-12 17:17:00,42.6
2025-06-12 08:00:00,77.9
2025-06-12 22:46:00,78.9
2025-06-12 23:59:00,16.0
2025-06-12 01:39:00,49.28634215500945
2025-06-12 17:29:00,27.2
2025-06-12 04:27:00,13.7
2025-06-12 05:24:00,66.7
2025-06-12 04:02:00,49.28634215500945
2025-06-12 19:00:00,52.9
2025-06-12 15:06:00,49.28634215500945
2025-06-12 05:58:00,49.28634215500945
2025-06-12 10:45:00,49.28634215500945
2025-06-12 11:19:00,49.28634215500945
2025-06-12 19:17:00,24.3
2025-06-12 12:04:00,88.5
2025-06-12 08:39:00,50.6
2025-06-12 00:48:00,1.6
2025-06-12 03:38:00,80.4
2025-06-12 23:48:00,42.7
2025-06-12 16:18:00,40.3
2025-06-12 07:14:00,30.2
2025-06-12 13:31:00,49.28634215500945
2025-06-12 18:59:00,52.1
2025-06-12 04:19:00,97.6
2025-06-12 00:55:00,92.0
2025-06-12 09:02:00,49.28634215500945
2025-06-12 23:03:00,38.6
2025-06-12 17:37:00,89.9
2025-06-12 13:17:00,41.9
2025-06-12 15:04:00,51.9
2025-06-12 15:45:00,41.7
2025-06-12 07:36:00,15.9
2025-06-12 18:44:00,6.4
2025-06-12 16:00:00,9.4
2025-06-12 17:20:00,33.8
2025-06-12 09:50:00,35.0
2025-06-12 22:55:00,84.8
2025-06-12 15:02:00,49.28634215500945
2025-06-12 18:36:00,43.4
2025-06-12 18:53:00,12.1
2025-06-12 21:42:00,79.1
2025-06-12 19:11:00,9.9
2025-06-12 13:34:00,67.5
2025-06-12 05:25:00,60.0
2025-06-12 02:23:00,20.0
2025-06-12 13:04:00,72.2
2025-06-12 07:53:00,49.28634215500945
2025-06-12 03:56:00,9.5
2025-06-12 03:47:00,24.3
2025-06-12 20:10:00,99.4
2025-06-12 08:53:00,50.1
2025-06-12 22:31:00,62.9
2025-06-12 18:17:00,96.2
2025-06-12 13:47:00,86.4
2025-06-12 02:43:00,49.28634215500945
2025-06-12 17:36:00,49.28634215500945
2025-06-12 12:07:00,35.1
2025-06-12 10:30:00,39.3
2025-06-12 22:12:00,16.8
2025-06-12 17:27:00,64.1
2025-06-12 23:14:00,81.2
2025-06-12 15:14:00,9.5
2025-06-12 23:11:00,49.28634215500945
2025-06-12 05:16:00,49.28634215500945
2025-06-12 03:58:00,49.28634215500945
2025-06-12 07:19:00,23.4
2025-06-12 21:19:00,38.9
2025-06-12 02:57:00,82.6
2025-06-12 14:01:00,20.0
2025-06-12 01:00:00,66.0
2025-06-12 17:47:00,49.28634215500945
2025-06-12 00:11:00,94.6
2025-06-12 21:16:00,12.6
2025-06-12 13:41:00,65.4
2025-06-12 22:18:00,57.6
2025-06-12 14:10:00,99.6
2025-06-12 07:27:00,31.1
2025-06-12 01:29:00,49.28634215500945
2025-06-12 02:31:00,49.28634215500945
2025-06-12 19:25:00,49.28634215500945
2025-06-12 15:32:00,49.28634215500945
2025-06-12 02:11:00,27.5
2025-06-12 11:12:00,43.0
2025-06-12 06:11:00,34.4
2025-06-12 18:20:00,69.5
2025-06-12 04:31:00,60.6
2025-06-12 06:43:00,49.28634215500945
2025-06-12 10:56:00,92.6
2025-06-12 11:58:00,59.1
2025-06-12 23:29:00,15.3
2025-06-12 23:49:00,39.7
2025-06-12 15:39:00,16.8
2025-06-12 02:46:00,88.7
2025-06-12 17:18:00,49.28634215500945
2025-06-12 17:34:00,70.9
2025-06-12 19:32:00,6.6
2025-06-12 14:02:00,0.3
2025-06-12 17:55:00,49.28634215500945
2025-06-12 05:40:00,7.8
2025-06-12 00:05:00,44.6
2025-06-12 08:51:00,31.2
2025-06-12 22:10:00,86.0
2025-06-12 21:27:00,18.4
2025-06-12 00:58:00,18.1
2025-06-12 13:56:00,53.9
2025-06-12 01:48:00,88.4
2025-06-12 06:32:00,74.8
2025-06-12 06:42:00,43.7
2025-06-12 01:19:00,72.4
2025-06-12 14:37:00,49.28634215500945
2025-06-12 05:44:00,34.2
2025-06-12 03:15:00,28.7
2025-06-12 02:20:00,49.28634215500945
2025-06-12 09:11:00,25.1
2025-06-12 20:17:00,72.4
2025-06-12 01:15:00,29.8
2025-06-12 14:28:00,49.28634215500945
2025-06-12 15:09:00,9.5
2025-06-12 04:06:00,65.6
2025-06-12 10:33:00,75.8
2025-06-12 15:42:00,68.3
2025-06-12 12:50:00,6.9
2025-06-12 06:01:00,49.28634215500945
2025-06-12 22:37:00,78.7
2025-06-12 05:39:00,37.2
2025-06-12 01:37:00,93.3
2025-06-12 03:04:00,44.8
2025-06-12 14:11:00,49.28634215500945
2025-06-12 01:31:00,71.5
2025-06-12 02:02:00,58.1
2025-06-12 20:04:00,49.28634215500945
2025-06-12 03:39:00,44.6
2025-06-12 00:14:00,48.5
2025-06-12 14:46:00,75.8
2025-06-12 21:46:00,44.3
2025-06-12 09:34:00,42.1
2025-06-12 05:37:00,49.28634215500945
2025-06-12 13:09:00,30.2
2025-06-12 04:53:00,97.0
2025-06-12 09:14:00,24.1
2025-06-12 11:13:00,95.6
2025-06-12 04:38:00,60.1
2025-06-12 06:21:00,4.4
2025-06-12 16:48:00,2.4
2025-06-12 09:33:00,72.5
2025-06-12 04:39:00,26.4
2025-06-12 20:06:00,49.28634215500945
2025-06-12 03:54:00,49.28634215500945
2025-06-12 15:08:00,4.2
2025-06-12 20:57:00,3.8
2025-06-12 17:16:00,36.9
2025-06-12 05:33:00,78.0
2025-06-12 00:18:00,21.4
2025-06-12 16:22:00,75.0
2025-06-12 16:17:00,37.1
2025-06-12 03:42:00,58.6
2025-06-12 07:31:00,80.8
2025-06-12 17:05:00,49.28634215500945
2025-06-12 16:53:00,6.9
2025-06-12 06:13:00,92.3
2025-06-12 03:59:00,49.28634215500945
2025-06-12 21:30:00,56.0
2025-06-12 11:41:00,40.8
2025-06-12 15:16:00,15.2
2025-06-12 08:25:00,39.4
2025-06-12 22:50:00,91.8
2025-06-12 06:52:00,20.6
2025-06-12 12:39:00,64.3
2025-06-12 21:07:00,34.4
2025-06-12 06:44:00,42.3
2025-06-12 08:35:00,17.0
2025-06-12 06:49:00,81.5
2025-06-12 23:57:00,46.8
2025-06-12 19:46:00,49.28634215500945
2025-06-12 04:04:00,49.28634215500945
2025-06-12 13:37:00,49.28634215500945
2025-06-12 20:26:00,18.4
2025-06-12 05:07:00,51.3
2025-06-12 11:49:00,25.4
2025-06-12 19:42:00,79.3
2025-06-12 16:46:00,47.9
2025-06-12 23:04:00,13.7
2025-06-12 11:10:00,49.28634215500945
2025-06-12 17:44:00,33.7
2025-06-12 17:53:00,90.6
2025-06-12 06:57:00,49.28634215500945
2025-06-12 12:54:00,51.5
2025-06-12 14:54:00,28.4
2025-06-12 11:35:00,93.8
2025-06-12 00:21:00,70.2
2025-06-12 14:39:00,49.28634215500945
2025-06-12 02:09:00,19.0
2025-06-12 23:35:00,29.8
2025-06-12 00:40:00,51.7
2025-06-12 08:30:00,49.28634215500945
2025-06-12 04:44:00,49.28634215500945
2025-06-12 22:57:00,99.3
2025-06-12 02:53:00,73.4
2025-06-12 23:25:00,20.5
2025-06-12 13:43:00,49.28634215500945
2025-06-12 01:17:00,61.3
2025-06-12 15:55:00,5.7
2025-06-12 08:46:00,49.28634215500945
2025-06-12 08:52:00,38.5
2025-06-12 15:15:00,97.5
2025-06-12 19:01:00,85.2
2025-06-12 15:37:00,72.4
2025-06-12 11:08:00,49.28634215500945
2025-06-12 21:04:00,59.8
2025-06-12 20:33:00,13.5
2025-06-12 19:11:00,41.2
2025-06-12 07:23:00,37.4
2025-06-12 00:30:00,32.7
2025-06-12 10:06:00,51.8
2025-06-12 16:10:00,28.0
2025-06-12 10:22:00,42.3
2025-06-12 08:21:00,41.8
2025-06-12 07:56:00,50.0812925170068
2025-06-12 17:21:00,1.6
2025-06-12 16:36:00,26.8
2025-06-12 21:16:00,81.7
2025-06-12 10:39:00,27.3
2025-06-12 19:55:00,91.7
2025-06-12 00:02:00,69.0
2025-06-12 21:14:00,71.0
2025-06-12 04:16:00,64.0
2025-06-12 12:31:00,99.5
2025-06-12 06:51:00,16.5
2025-06-12 02:57:00,58.1
2025-06-12 08:22:00,12.1
2025-06-12 03:21:00,52.3
2025-06-12 16:47:00,5.0
2025-06-12 02:37:00,64.5
2025-06-12 15:50:00,94.5
2025-06-12 11:55:00,70.1
2025-06-12 03:30:00,96.1
2025-06-12 09:16:00,34.0
2025-06-12 23:47:00,50.0812925170068
2025-06-12 13:42:00,94.7
2025-06-12 04:21:00,26.8
2025-06-12 03:43:00,3.6
2025-06-12 09:04:00,77.5
2025-06-12 20:47:00,55.8
2025-06-12 01:33:00,67.9
2025-06-12 01:51:00,94.2
2025-06-12 06:43:00,4.1
2025-06-12 08:53:00,68.1
2025-06-12 08:16:00,7.6
2025-06-12 20:43:00,3.4
2025-06-12 15:25:00,98.0
2025-06-12 05:30:00,50.0812925170068
2025-06-12 22:57:00,77.6
2025-06-12 17:14:00,21.7
2025-06-12 17:09:00,49.3
2025-06-12 21:29:00,60.4
2025-06-12 19:01:00,39.9
2025-06-12 22:04:00,8.9
2025-06-12 21:59:00,77.8
2025-06-12 17:02:00,50.0812925170068
2025-06-12 19:14:00,75.3
2025-06-12 17:55:00,50.0812925170068
2025-06-12 13:25:00,3.3
2025-06-12 08:29:00,28.0
2025-06-12 09:17:00,81.7
2025-06-12 13:02:00,69.9
2025-06-12 00:57:00,61.8
2025-06-12 13:45:00,84.0
2025-06-12 00:12:00,93.3
2025-06-12 22:08:00,99.2
2025-06-12 05:21:00,72.0
2025-06-12 02:25:00,52.1
2025-06-12 17:04:00,11.1
2025-06-12 01:34:00,46.8
2025-06-12 12:03:00,67.4
2025-06-12 02:50:00,50.0812925170068
2025-06-12 10:27:00,77.4
2025-06-12 18:42:00,77.0
2025-06-12 06:18:00,66.3
2025-06-12 23:25:00,38.7
2025-06-12 16:56:00,4.9
2025-06-12 22:49:00,5.6
2025-06-12 02:45:00,50.0812925170068
2025-06-12 00:26:00,50.0812925170068
2025-06-12 09:43:00,5.5
2025-06-12 20:31:00,37.4
2025-06-12 20:21:00,12.7
2025-06-12 02:28:00,72.2
2025-06-12 16:33:00,89.4
2025-06-12 03:10:00,67.3
2025-06-12 22:59:00,5.4
2025-06-12 23:07:00,71.5
2025-06-12 19:04:00,77.6
2025-06-12 20:59:00,35.2
2025-06-12 01:50:00,50.0812925170068
2025-06-12 20:04:00,13.8
2025-06-12 12:20:00,23.4
2025-06-12 03:23:00,38.3
2025-06-12 04:26:00,64.1
2025-06-12 19:36:00,58.1
2025-06-12 17:54:00,35.7
2025-06-12 04:13:00,69.5
2025-06-12 10:47:00,50.0812925170068
2025-06-12 22:01:00,96.3
2025-06-12 06:56:00,62.1
2025-06-12 22:20:00,28.6
2025-06-12 17:27:00,0.5
2025-06-12 04:05:00,56.7
2025-06-12 11:47:00,84.2
2025-06-12 11:50:00,50.0812925170068
2025-06-12 04:06:00,61.6
2025-06-12 11:51:00,57.3
2025-06-12 07:59:00,72.1
2025-06-12 04:19:00,33.6
2025-06-12 12:59:00,39.5
2025-06-12 22:23:00,88.2
2025-06-12 17:10:00,46.8
2025-06-12 07:29:00,6.2
2025-06-12 08:08:00,93.0
2025-06-12 18:16:00,69.0
2025-06-12 02:10:00,71.5
2025-06-12 22:53:00,50.0812925170068
2025-06-12 05:53:00,82.3
2025-06-12 21:12:00,33.8
2025-06-12 11:53:00,91.5
2025-06-12 19:40:00,97.6
2025-06-12 08:20:00,40.0
2025-06-12 21:56:00,59.8
2025-06-12 12:01:00,92.0
2025-06-12 21:07:00,35.5
2025-06-12 23:27:00,44.9
2025-06-12 11:58:00,16.3
2025-06-12 08:28:00,81.7
2025-06-12 20:20:00,80.5
2025-06-12 22:52:00,93.2
2025-06-12 19:32:00,20.7
2025-06-12 03:04:00,32.4
2025-06-12 15:02:00,91.5
2025-06-12 09:14:00,26.6
2025-06-12 05:39:00,45.9
2025-06-12 04:09:00,69.4
2025-06-12 14:22:00,76.9
2025-06-12 08:40:00,61.9
2025-06-12 18:03:00,5.7
2025-06-12 21:23:00,58.6
2025-06-12 10:36:00,26.6
2025-06-12 09:58:00,12.4
2025-06-12 16:01:00,81.3
2025-06-12 15:21:00,20.8
2025-06-12 22:13:00,22.7
2025-06-12 11:06:00,60.7
2025-06-12 23:33:00,50.0812925170068
2025-06-12 09:29:00,7.6
2025-06-12 01:20:00,12.4
2025-06-12 04:17:00,53.2
2025-06-12 14:17:00,8.0
2025-06-12 07:09:00,30.8
2025-06-12 13:35:00,36.8
2025-06-12 13:22:00,81.7
2025-06-12 15:55:00,28.8
2025-06-12 10:23:00,8.2
2025-06-12 21:03:00,76.8
2025-06-12 22:37:00,28.9
2025-06-12 01:00:00,8.8
2025-06-12 07:35:00,23.5
2025-06-12 01:52:00,82.8
2025-06-12 03:32:00,81.9
2025-06-12 05:45:00,32.7
2025-06-12 23:58:00,22.1
2025-06-12 11:45:00,6.2
2025-06-12 21:20:00,82.0
2025-06-12 19:09:00,75.2
2025-06-12 20:19:00,44.2
2025-06-12 02:13:00,55.9
2025-06-12 04:58:00,64.8
2025-06-12 13:58:00,60.6
2025-06-12 14:31:00,53.5
2025-06-12 16:26:00,46.6
2025-06-12 10:00:00,41.2
2025-06-12 03:02:00,65.5
2025-06-12 01:46:00,50.0812925170068
2025-06-12 12:50:00,62.2
2025-06-12 05:13:00,17.9
2025-06-12 06:59:00,53.8
2025-06-12 08:39:00,11.5
2025-06-12 14:04:00,66.1
2025-06-12 21:28:00,50.0812925170068
2025-06-12 09:12:00,57.7
2025-06-12 16:46:00,28.5
2025-06-12 20:18:00,30.8
2025-06-12 09:51:00,36.4
2025-06-12 03:25:00,82.3
2025-06-12 07:47:00,77.4
2025-06-12 11:34:00,67.7
2025-06-12 23:35:00,43.2
2025-06-12 03:29:00,2.3
2025-06-12 14:55:00,15.2
2025-06-12 07:01:00,97.1
2025-06-12 03:55:00,45.7
2025-06-12 00:52:00,50.0812925170068
2025-06-12 08:14:00,91.0
2025-06-12 15:59:00,50.0812925170068
2025-06-12 10:45:00,26.7
2025-06-12 04:41:00,30.8
2025-06-12 15:42:00,4.4
2025-06-12 16:11:00,4.3
2025-06-12 05:04:00,71.0
2025-06-12 00:44:00,50.0812925170068
2025-06-12 01:09:00,50.0812925170068
2025-06-12 14:00:00,14.9
2025-06-12 08:44:00,0.4
2025-06-12 19:31:00,6.2
2025-06-12 23:37:00,53.4
2025-06-12 08:19:00,50.0812925170068
2025-06-12 14:29:00,5.7
2025-06-12 01:28:00,73.6
2025-06-12 12:16:00,24.7
2025-06-12 13:53:00,16.5
2025-06-12 15:36:00,63.7
2025-06-12 17:12:00,47.1
2025-06-12 00:59:00,81.8
2025-06-12 16:06:00,62.7
2025-06-12 12:56:00,29.9
2025-06-12 21:30:00,51.0
2025-06-12 19:18:00,50.0812925170068
2025-06-12 02:11:00,31.5
2025-06-12 07:27:00,43.8
2025-06-12 14:13:00,19.2
2025-06-12 20:09:00,91.5
2025-06-12 19:48:00,17.6
2025-06-12 22:12:00,67.4
2025-06-12 08:01:00,33.6
2025-06-12 05:08:00,20.8
2025-06-12 00:09:00,34.2
2025-06-12 03:44:00,32.0
2025-06-12 08:11:00,51.8
2025-06-12 13:55:00,14.7
2025-06-12 03:24:00,28.1
2025-06-12 04:01:00,3.6
2025-06-12 15:28:00,39.3
2025-06-12 01:48:00,93.8
2025-06-12 08:54:00,64.8
2025-06-12 20:42:00,50.0812925170068
2025-06-12 08:06:00,2.5
2025-06-12 13:24:00,41.3
2025-06-12 23:05:00,50.0812925170068
2025-06-12 22:02:00,49.0
2025-06-12 22:46:00,3.6
2025-06-12 06:26:00,1.1
2025-06-12 18:18:00,50.6
2025-06-12 10:29:00,34.0
2025-06-12 23:11:00,68.2
2025-06-12 14:09:00,73.4
2025-06-12 12:34:00,49.7
2025-06-12 23:04:00,85.7
2025-06-12 08:09:00,44.5
2025-06-12 04:11:00,50.0812925170068
2025-06-12 16:07:00,91.7
2025-06-12 12:09:00,50.0812925170068
2025-06-12 18:31:00,9.2
2025-06-12 03:01:00,50.0812925170068
2025-06-12 02:05:00,77.6
2025-06-12 07:25:00,50.0812925170068
2025-06-12 02:14:00,61.8
2025-06-12 10:48:00,21.9
2025-06-12 03:26:00,0.7
2025-06-12 16:54:00,50.0812925170068
2025-06-12 18:51:00,50.0812925170068
2025-06-12 11:13:00,87.2
2025-06-12 14:56:00,24.1
2025-06-12 04:33:00,17.8
2025-06-12 02:34:00,23.6
2025-06-12 09:55:00,20.5
2025-06-12 09:21:00,6.2
2025-06-12 11:31:00,69.6
2025-06-12 17:08:00,54.4
2025-06-12 07:14:00,50.0812925170068
2025-06-12 03:22:00,60.8
2025-06-12 15:29:00,50.0812925170068
2025-06-12 12:52:00,98.4
2025-06-12 15:46:00,70.1
2025-06-12 05:15:00,82.2
2025-06-12 04:44:00,50.0812925170068
2025-06-12 05:24:00,67.1
2025-06-12 04:00:00,86.2
2025-06-12 06:40:00,84.8
2025-06-12 10:43:00,97.1
2025-06-12 14:32:00,50.0812925170068
2025-06-12 04:25:00,88.3
2025-06-12 08:18:00,48.8
2025-06-12 11:22:00,75.8
2025-06-12 03:34:00,36.9
2025-06-12 05:16:00,45.3
2025-06-12 11:26:00,41.4
2025-06-12 15:40:00,36.6
2025-06-12 22:06:00,1.3
2025-06-12 09:47:00,51.1
2025-06-12 16:48:00,49.0
2025-06-12 23:01:00,74.8
2025-06-12 23:31:00,50.0812925170068
2025-06-12 00:53:00,75.8
2025-06-12 18:39:00,50.0812925170068
2025-06-12 11:38:00,82.3
2025-06-12 15:35:00,39.6
2025-06-12 10:03:00,50.0812925170068
2025-06-12 13:47:00,65.8
2025-06-12 22:44:00,96.1
2025-06-12 10:13:00,8.3
2025-06-12 22:22:00,84.3
2025-06-12 01:36:00,33.4
2025-06-12 04:06:00,23.9
2025-06-12 10:13:00,27.7
2025-06-12 22:22:00,5.5
2025-06-12 17:59:00,98.7
2025-06-12 00:00:00,80.2
2025-06-12 20:20:00,49.63695830886671
2025-06-12 03:34:00,59.3
2025-06-12 00:42:00,85.0
2025-06-12 23:39:00,66.8
2025-06-12 12:06:00,99.2
2025-06-12 08:38:00,71.8
2025-06-12 03:32:00,71.7
2025-06-12 18:06:00,68.9
2025-06-12 18:19:00,79.7
2025-06-12 02:12:00,49.63695830886671
2025-06-12 08:47:00,58.8
2025-06-12 18:11:00,12.1
2025-06-12 23:32:00,16.6
2025-06-12 16:29:00,57.0
2025-06-12 21:03:00,6.0
2025-06-12 10:28:00,49.63695830886671
2025-06-12 07:00:00,61.4
2025-06-12 19:16:00,38.4
2025-06-12 19:36:00,87.8
2025-06-12 14:37:00,92.1
2025-06-12 11:17:00,28.7
2025-06-12 20:01:00,49.63695830886671
2025-06-12 09:16:00,36.2
2025-06-12 19:54:00,17.0
2025-06-12 11:49:00,18.3
2025-06-12 12:52:00,1.5
2025-06-12 10:39:00,49.63695830886671
2025-06-12 05:59:00,40.3
2025-06-12 22:59:00,75.3
2025-06-12 09:17:00,75.7
2025-06-12 01:51:00,20.8
2025-06-12 19:38:00,94.2
2025-06-12 11:33:00,26.7
2025-06-12 23:55:00,30.8
2025-06-12 15:52:00,48.9
2025-06-12 05:56:00,23.0
2025-06-12 16:22:00,13.3
2025-06-12 01:47:00,58.6
2025-06-12 12:54:00,32.4
2025-06-12 14:12:00,55.5
2025-06-12 06:31:00,38.8
2025-06-12 13:32:00,69.6
2025-06-12 16:21:00,68.3
2025-06-12 08:10:00,83.2
2025-06-12 21:05:00,82.2
2025-06-12 11:36:00,39.5
2025-06-12 10:04:00,60.1
2025-06-12 01:26:00,32.7
2025-06-12 22:49:00,57.3
2025-06-12 14:40:00,86.2
2025-06-12 05:32:00,37.4
2025-06-12 13:49:00,40.2
2025-06-12 16:28:00,39.0
2025-06-12 05:37:00,46.1
2025-06-12 03:14:00,76.4
2025-06-12 13:22:00,44.9
2025-06-12 03:35:00,30.6
2025-06-12 01:19:00,30.5
2025-06-12 22:35:00,38.8
2025-06-12 23:29:00,57.6
2025-06-12 13:50:00,18.6
2025-06-12 08:42:00,82.5
2025-06-12 07:50:00,72.7
2025-06-12 09:51:00,32.6
2025-06-12 02:05:00,84.4
2025-06-12 18:38:00,30.4
2025-06-12 00:11:00,72.1
2025-06-12 22:09:00,81.4
2025-06-12 11:46:00,68.5
2025-06-12 07:29:00,72.0
2025-06-12 05:38:00,19.7
2025-06-12 10:23:00,35.9
2025-06-12 11:20:00,36.1
2025-06-12 17:46:00,73.8
2025-06-12 17:38:00,50.3
2025-06-12 06:34:00,69.7
2025-06-12 08:22:00,86.0
2025-06-12 12:24:00,55.2
2025-06-12 07:39:00,0.9
2025-06-12 01:52:00,57.0
2025-06-12 00:14:00,1.5
2025-06-12 04:46:00,49.63695830886671
2025-06-12 22:11:00,49.63695830886671
2025-06-12 04:45:00,83.6
2025-06-12 19:46:00,49.63695830886671
2025-06-12 21:32:00,15.6
2025-06-12 05:24:00,47.4
2025-06-12 02:25:00,25.9
2025-06-12 10:14:00,33.7
2025-06-12 21:35:00,13.7
2025-06-12 07:43:00,67.5
2025-06-12 17:06:00,68.0
2025-06-12 10:07:00,80.2
2025-06-12 03:28:00,49.63695830886671
2025-06-12 08:49:00,21.3
2025-06-12 08:02:00,54.2
2025-06-12 07:42:00,15.5
2025-06-12 20:53:00,48.1
2025-06-12 13:17:00,13.4
2025-06-12 23:54:00,94.2
2025-06-12 03:49:00,66.8
2025-06-12 19:34:00,33.8
2025-06-12 01:40:00,8.0
2025-06-12 07:36:00,98.6
2025-06-12 23:14:00,49.63695830886671
2025-06-12 13:18:00,62.2
2025-06-12 20:33:00,85.0
2025-06-12 10:59:00,49.63695830886671
2025-06-12 06:06:00,89.3
2025-06-12 06:47:00,12.6
2025-06-12 05:44:00,36.2
2025-06-12 03:44:00,49.2
2025-06-12 07:09:00,59.6
2025-06-12 06:01:00,1.4
2025-06-12 13:27:00,22.6
2025-06-12 20:28:00,50.7
2025-06-12 01:17:00,67.7
2025-06-12 18:51:00,91.2
2025-06-12 13:47:00,49.63695830886671
2025-06-12 16:14:00,94.6
2025-06-12 17:53:00,50.1
2025-06-12 17:07:00,5.9
2025-06-12 09:14:00,28.1
2025-06-12 10:24:00,29.9
2025-06-12 08:46:00,72.3
2025-06-12 09:06:00,20.2
2025-06-12 22:12:00,82.4
2025-06-12 23:43:00,24.1
2025-06-12 09:41:00,34.0
2025-06-12 10:52:00,23.7
2025-06-12 00:05:00,10.7
2025-06-12 04:24:00,49.63695830886671
2025-06-12 00:27:00,88.5
2025-06-12 00:21:00,98.1
2025-06-12 10:45:00,2.2
2025-06-12 02:27:00,49.63695830886671
2025-06-12 17:56:00,78.2
2025-06-12 13:48:00,86.0
2025-06-12 00:47:00,45.2
2025-06-12 06:54:00,59.7
2025-06-12 11:08:00,83.0
2025-06-12 06:35:00,73.9
2025-06-12 20:24:00,3.6
2025-06-12 03:56:00,25.9
2025-06-12 02:00:00,86.6
2025-06-12 12:37:00,49.63695830886671
2025-06-12 08:32:00,27.9
2025-06-12 08:15:00,49.63695830886671
2025-06-12 18:50:00,7.1
2025-06-12 18:12:00,87.0
2025-06-12 08:41:00,38.1
2025-06-12 08:55:00,12.7
2025-06-12 07:52:00,1.9
2025-06-12 05:04:00,5.5
2025-06-12 09:39:00,61.9
2025-06-12 17:09:00,79.6
2025-06-12 01:44:00,49.63695830886671
2025-06-12 16:54:00,96.3
2025-06-12 01:56:00,49.63695830886671
2025-06-12 18:09:00,33.7
2025-06-12 10:19:00,73.8
2025-06-12 05:07:00,64.8
2025-06-12 15:55:00,56.1
2025-06-12 13:19:00,4.4
2025-06-12 07:44:00,84.0
2025-06-12 18:55:00,26.0
2025-06-12 20:07:00,21.8
2025-06-12 02:26:00,49.63695830886671
2025-06-12 16:34:00,75.7
2025-06-12 11:00:00,91.7
2025-06-12 00:49:00,49.63695830886671
2025-06-12 18:15:00,49.63695830886671
2025-06-12 19:05:00,87.6
2025-06-12 10:26:00,49.63695830886671
2025-06-12 11:37:00,7.2
2025-06-12 01:34:00,99.1
2025-06-12 06:18:00,92.7
2025-06-12 12:15:00,8.0
2025-06-12 05:51:00,52.4
2025-06-12 05:47:00,21.3
2025-06-12 06:32:00,26.3
2025-06-12 12:31:00,88.4
2025-06-12 11:05:00,56.6
2025-06-12 23:41:00,88.6
2025-06-12 16:15:00,49.63695830886671
2025-06-12 08:23:00,13.4
2025-06-12 05:33:00,37.4
2025-06-12 18:13:00,93.2
2025-06-12 08:44:00,65.1
2025-06-12 07:51:00,97.9
2025-06-12 00:58:00,6.8
2025-06-12 07:16:00,28.4
2025-06-12 04:43:00,49.63695830886671
2025-06-12 20:23:00,16.4
2025-06-12 12:23:00,55.8
2025-06-12 09:00:00,48.1
2025-06-12 21:46:00,91.9
2025-06-12 11:48:00,92.6
2025-06-12 18:21:00,28.9
2025-06-12 14:36:00,96.0
2025-06-12 14:22:00,68.9
2025-06-12 13:29:00,12.5
2025-06-12 17:11:00,49.63695830886671
2025-06-12 18:30:00,4.7
2025-06-12 01:27:00,81.7
2025-06-12 17:51:00,46.1
2025-06-12 21:30:00,60.1
2025-06-12 16:19:00,44.7
2025-06-12 02:07:00,43.6
2025-06-12 23:47:00,78.5
2025-06-12 02:47:00,80.6
2025-06-12 19:19:00,35.2
2025-06-12 21:04:00,0.2
2025-06-12 03:13:00,41.4
2025-06-12 15:14:00,53.6
2025-06-12 11:42:00,78.7
2025-06-12 02:06:00,22.9
2025-06-12 12:04:00,60.6
2025-06-12 08:13:00,49.1
2025-06-12 02:37:00,44.7
2025-06-12 16:24:00,39.5
2025-06-12 21:23:00,95.3
2025-06-12 00:15:00,58.2
2025-06-12 17:57:00,33.5
2025-06-12 16:31:00,10.5
2025-06-12 06:10:00,94.9
2025-06-12 10:06:00,49.63695830886671
2025-06-12 16:27:00,43.5
2025-06-12 15:38:00,47.3
2025-06-12 23:30:00,4.7
2025-06-12 11:39:00,49.63695830886671
2025-06-12 04:54:00,31.0
2025-06-12 00:59:00,54.1
2025-06-12 23:15:00,65.2
2025-06-12 10:57:00,88.0
2025-06-12 23:57:00,49.63695830886671
2025-06-12 14:13:00,49.63695830886671
2025-06-12 12:56:00,60.5
2025-06-12 02:41:00,49.63695830886671
2025-06-12 05:28:00,49.63695830886671
2025-06-12 13:05:00,17.6
2025-06-12 23:07:00,58.0
2025-06-12 12:51:00,47.5
2025-06-12 21:58:00,80.1
2025-06-12 01:58:00,32.4
2025-06-12 22:21:00,45.1
2025-06-12 02:20:00,69.2
2025-06-12 02:19:00,21.3
2025-06-12 07:49:00,91.4
2025-06-12 00:18:00,68.1
2025-06-12 14:07:00,72.7
2025-06-12 20:46:00,10.9
2025-06-12 07:46:00,27.2
2025-06-12 10:33:00,49.63695830886671
2025-06-12 22:08:00,4.1
2025-06-12 18:53:00,86.1
2025-06-12 07:17:00,20.7
2025-06-12 19:28:00,10.5
2025-06-12 19:21:00,68.8
2025-06-12 19:45:00,80.9
2025-06-12 16:51:00,70.0
2025-06-12 10:44:00,49.63695830886671
2025-06-12 08:43:00,52.5
2025-06-12 23:40:00,20.4
2025-06-12 01:25:00,87.4
2025-06-12 19:08:00,49.63695830886671
2025-06-12 12:12:00,19.1
2025-06-12 17:54:00,14.5
2025-06-12 11:59:00,90.3
2025-06-12 12:53:00,49.63695830886671
2025-06-12 13:02:00,6.4
2025-06-12 00:10:00,49.63695830886671
2025-06-12 03:26:00,23.7
2025-06-12 07:25:00,49.63695830886671
2025-06-12 10:36:00,66.0
2025-06-12 10:20:00,41.6
2025-06-12 07:23:00,12.2
2025-06-12 18:35:00,63.5
2025-06-12 22:01:00,75.3
2025-06-12 10:09:00,9.5
2025-06-12 15:41:00,87.9
2025-06-12 09:23:00,94.4
2025-06-12 17:02:00,79.7
2025-06-12 10:01:00,49.63695830886671
2025-06-12 12:40:00,80.2
2025-06-12 11:03:00,80.6
2025-06-12 19:20:00,75.6
2025-06-12 04:55:00,75.2
2025-06-12 02:35:00,29.6
2025-06-12 16:39:00,88.1
2025-06-12 09:02:00,40.5
2025-06-12 14:42:00,47.3
2025-06-12 22:24:00,81.7
2025-06-12 21:42:00,49.63695830886671
2025-06-12 08:00:00,56.7
2025-06-12 13:54:00,61.9
2025-06-12 07:27:00,94.4
2025-06-12 08:39:00,47.7
2025-06-12 18:42:00,99.0
2025-06-12 04:58:00,49.63695830886671
2025-06-12 11:18:00,4.9
2025-06-12 10:32:00,22.2
2025-06-12 10:18:00,83.8
2025-06-12 18:45:00,84.2
2025-06-12 22:05:00,16.8
2025-06-12 06:58:00,49.63695830886671
2025-06-12 11:16:00,60.1
2025-06-12 07:48:00,61.9
2025-06-12 13:46:00,30.6
2025-06-12 09:58:00,1.1
2025-06-12 17:34:00,38.9
2025-06-12 20:31:00,49.63695830886671
2025-06-12 09:22:00,89.7
2025-06-12 05:52:00,96.4
2025-06-12 18:29:00,47.4
2025-06-12 05:38:00,50.5
2025-06-12 23:34:00,78.6
2025-06-12 13:37:00,30.9
2025-06-12 01:40:00,45.2
2025-06-12 18:50:00,96.0
2025-06-12 15:59:00,67.0
2025-06-12 04:05:00,96.9
2025-06-12 21:51:00,58.2
2025-06-12 20:03:00,72.9
2025-06-12 01:23:00,58.2
2025-06-12 12:48:00,50.41405513666353
2025-06-12 17:38:00,12.5
2025-06-12 19:45:00,53.5
2025-06-12 10:55:00,38.2
2025-06-12 17:52:00,1.5
2025-06-12 06:29:00,47.1
2025-06-12 02:06:00,16.1
2025-06-12 21:26:00,15.4
2025-06-12 00:50:00,88.4
2025-06-12 08:39:00,95.1
2025-06-12 06:22:00,99.4
2025-06-12 06:05:00,50.41405513666353
2025-06-12 01:37:00,40.5
2025-06-12 03:30:00,76.5
2025-06-12 20:29:00,4.6
2025-06-12 01:34:00,15.7
2025-06-12 19:24:00,92.7
2025-06-12 08:12:00,97.5
2025-06-12 01:16:00,99.5
2025-06-12 09:50:00,11.5
2025-06-12 06:23:00,89.4
2025-06-12 13:16:00,47.4
2025-06-12 04:07:00,58.2
2025-06-12 05:41:00,56.5
2025-06-12 21:54:00,42.8
2025-06-12 08:47:00,94.6
2025-06-12 21:47:00,95.6
2025-06-12 03:05:00,28.7
2025-06-12 21:27:00,39.6
2025-06-12 20:30:00,51.1
2025-06-12 10:06:00,9.4
2025-06-12 11:25:00,50.41405513666353
2025-06-12 16:26:00,93.5
2025-06-12 13:24:00,60.6
2025-06-12 20:42:00,51.7
2025-06-12 04:10:00,71.7
2025-06-12 16:16:00,81.0
2025-06-12 14:49:00,19.7
2025-06-12 21:39:00,84.2
2025-06-12 13:32:00,64.6
2025-06-12 15:55:00,66.9
2025-06-12 22:45:00,50.41405513666353
2025-06-12 17:07:00,50.41405513666353
2025-06-12 21:18:00,83.9
2025-06-12 13:01:00,44.3
2025-06-12 09:02:00,33.7
2025-06-12 08:50:00,50.41405513666353
2025-06-12 17:15:00,63.7
2025-06-12 19:26:00,50.41405513666353
2025-06-12 11:19:00,85.7
2025-06-12 07:20:00,33.1
2025-06-12 11:51:00,50.41405513666353
2025-06-12 10:49:00,98.3
2025-06-12 23:09:00,8.0
2025-06-12 05:45:00,50.41405513666353
2025-06-12 08:31:00,100.0
2025-06-12 20:41:00,51.2
2025-06-12 00:07:00,0.7
2025-06-12 15:13:00,99.2
2025-06-12 19:22:00,97.8
2025-06-12 18:24:00,27.6
2025-06-12 21:07:00,40.6
2025-06-12 08:04:00,16.1
2025-06-12 01:30:00,15.9
2025-06-12 22:59:00,44.0
2025-06-12 21:15:00,64.9
2025-06-12 14:39:00,12.9
2025-06-12 19:47:00,51.4
2025-06-12 12:00:00,18.5
2025-06-12 02:49:00,27.7
2025-06-12 23:12:00,94.2
2025-06-12 14:47:00,83.1
2025-06-12 20:51:00,75.4
2025-06-12 01:56:00,13.9
2025-06-12 09:45:00,81.7
2025-06-12 13:10:00,50.41405513666353
2025-06-12 13:17:00,45.7
2025-06-12 16:44:00,68.9
2025-06-12 17:58:00,31.7
2025-06-12 06:43:00,92.9
2025-06-12 07:39:00,60.3
2025-06-12 10:59:00,79.4
2025-06-12 08:11:00,30.1
2025-06-12 17:09:00,79.7
2025-06-12 22:29:00,62.9
2025-06-12 12:45:00,32.8
2025-06-12 15:46:00,50.41405513666353
2025-06-12 05:33:00,89.8
2025-06-12 15:17:00,71.9
2025-06-12 01:15:00,99.8
2025-06-12 06:49:00,4.8
2025-06-12 07:46:00,93.3
2025-06-12 18:10:00,88.6
2025-06-12 23:19:00,13.3
2025-06-12 17:01:00,23.8
2025-06-12 03:06:00,47.1
2025-06-12 06:42:00,48.9
2025-06-12 16:04:00,57.8
2025-06-12 17:56:00,4.2
2025-06-12 22:31:00,32.8
2025-06-12 17:34:00,84.0
2025-06-12 17:28:00,50.41405513666353
2025-06-12 05:00:00,49.5
2025-06-12 18:09:00,21.0
2025-06-12 09:00:00,80.3
2025-06-12 08:15:00,15.8
2025-06-12 16:28:00,63.6
2025-06-12 03:59:00,50.41405513666353
2025-06-12 20:07:00,32.3
2025-06-12 04:46:00,7.9
2025-06-12 12:38:00,30.1
2025-06-12 20:12:00,70.6
2025-06-12 10:45:00,27.5
2025-06-12 19:53:00,56.6
2025-06-12 12:21:00,70.9
2025-06-12 14:13:00,50.41405513666353
2025-06-12 07:57:00,5.6
2025-06-12 22:52:00,82.6
2025-06-12 14:08:00,56.0
2025-06-12 05:02:00,39.2
2025-06-12 13:02:00,7.3
2025-06-12 04:59:00,94.7
2025-06-12 18:48:00,1.6
2025-06-12 08:07:00,50.41405513666353
2025-06-12 09:20:00,68.0
2025-06-12 01:54:00,16.4
2025-06-12 10:39:00,6.8
2025-06-12 06:53:00,2.3
2025-06-12 11:59:00,52.0
2025-06-12 00:34:00,45.6
2025-06-12 00:20:00,22.1
2025-06-12 21:19:00,98.7
2025-06-12 16:15:00,96.7
2025-06-12 01:27:00,50.41405513666353
2025-06-12 17:26:00,12.1
2025-06-12 14:58:00,22.2
2025-06-12 08:57:00,83.7
2025-06-12 08:52:00,67.8
2025-06-12 01:02:00,68.0
2025-06-12 18:13:00,41.3
2025-06-12 14:11:00,39.8
2025-06-12 00:19:00,44.8
2025-06-12 20:18:00,91.1
2025-06-12 08:34:00,40.4
2025-06-12 04:43:00,50.41405513666353
2025-06-12 04:40:00,5.2
2025-06-12 04:26:00,32.3
2025-06-12 22:48:00,50.41405513666353
2025-06-12 21:11:00,57.1
2025-06-12 12:17:00,42.8
2025-06-12 22:20:00,19.1
2025-06-12 22:23:00,30.2
2025-06-12 06:40:00,33.4
2025-06-12 12:57:00,39.6
2025-06-12 11:06:00,78.9
2025-06-12 01:49:00,20.1
2025-06-12 05:34:00,81.1
2025-06-12 16:22:00,34.4
2025-06-12 04:56:00,18.9
2025-06-12 23:20:00,34.5
2025-06-12 23:16:00,58.0
2025-06-12 06:51:00,3.2
2025-06-12 16:00:00,20.9
2025-06-12 10:23:00,3.2
2025-06-12 17:00:00,86.5
2025-06-12 20:11:00,90.5
2025-06-12 23:48:00,2.4
2025-06-12 01:51:00,17.6
2025-06-12 11:55:00,14.7
2025-06-12 23:39:00,3.2
2025-06-12 21:03:00,41.5
2025-06-12 18:47:00,12.8
2025-06-12 11:07:00,51.2
2025-06-12 21:10:00,2.0
2025-06-12 03:46:00,23.2
2025-06-12 11:32:00,68.2
2025-06-12 02:34:00,35.8
2025-06-12 07:49:00,47.9
2025-06-12 13:19:00,64.2
2025-06-12 01:03:00,49.4
2025-06-12 13:54:00,94.9
2025-06-12 06:54:00,61.1
2025-06-12 17:03:00,81.7
2025-06-12 12:58:00,4.2
2025-06-12 20:17:00,62.8
2025-06-12 07:38:00,31.6
2025-06-12 06:44:00,24.8
2025-06-12 09:54:00,81.2
2025-06-12 11:24:00,14.9
2025-06-12 10:43:00,25.5
2025-06-12 17:35:00,50.41405513666353
2025-06-12 07:11:00,50.41405513666353
2025-06-12 17:21:00,27.4
2025-06-12 01:44:00,47.8
2025-06-12 09:39:00,63.2
2025-06-12 20:08:00,14.9
2025-06-12 16:38:00,13.3
2025-06-12 08:54:00,88.6
2025-06-12 15:35:00,47.7
2025-06-12 16:25:00,8.6
2025-06-12 02:05:00,74.9
2025-06-12 05:42:00,35.2
2025-06-12 06:59:00,50.41405513666353
2025-06-12 13:08:00,46.2
2025-06-12 23:14:00,43.7
2025-06-12 01:53:00,24.6
2025-06-12 22:09:00,64.0
2025-06-12 06:57:00,86.5
2025-06-12 04:53:00,50.41405513666353
2025-06-12 07:16:00,70.8
2025-06-12 21:56:00,69.7
2025-06-12 06:58:00,27.1
2025-06-12 20:33:00,61.5
2025-06-12 18:54:00,77.5
2025-06-12 13:20:00,23.5
2025-06-12 20:23:00,44.5
2025-06-12 03:44:00,50.41405513666353
2025-06-12 04:22:00,76.8
2025-06-12 23:43:00,5.6
2025-06-12 19:34:00,85.3
2025-06-12 18:38:00,46.4
2025-06-12 12:50:00,66.7
2025-06-12 02:51:00,66.2
2025-06-12 05:48:00,7.6
2025-06-12 20:46:00,20.1
2025-06-12 22:06:00,17.7
2025-06-12 03:36:00,84.0
2025-06-12 14:31:00,86.5
2025-06-12 02:21:00,50.41405513666353
2025-06-12 15:08:00,70.5
2025-06-12 05:26:00,74.1
2025-06-12 15:27:00,90.6
2025-06-12 00:25:00,0.4
2025-06-12 00:05:00,33.5
2025-06-12 07:13:00,37.8
2025-06-12 22:21:00,84.3
2025-06-12 00:38:00,17.6
2025-06-12 02:43:00,29.8
2025-06-12 20:26:00,50.41405513666353
2025-06-12 17:45:00,31.5
2025-06-12 21:05:00,67.5
2025-06-12 00:15:00,92.2
2025-06-12 15:22:00,88.5
2025-06-12 06:16:00,49.2
2025-06-12 15:47:00,15.1
2025-06-12 04:57:00,48.8
2025-06-12 13:46:00,53.9
2025-06-12 05:44:00,50.41405513666353
2025-06-12 07:18:00,50.41405513666353
2025-06-12 02:56:00,50.41405513666353
2025-06-12 14:22:00,68.5
2025-06-12 04:01:00,50.41405513666353
2025-06-12 22:37:00,26.7
2025-06-12 15:09:00,38.7
2025-06-12 20:37:00,59.4
2025-06-12 11:42:00,87.1
2025-06-12 14:51:00,50.41405513666353
2025-06-12 23:35:00,25.5
2025-06-12 12:10:00,41.5
2025-06-12 07:02:00,12.6
2025-06-12 02:59:00,59.2
2025-06-12 15:02:00,72.5
2025-06-12 00:21:00,0.0
2025-06-12 13:06:00,77.1
2025-06-12 23:06:00,45.4
2025-06-12 15:18:00,27.5
2025-06-12 00:33:00,30.5
2025-06-12 19:09:00,89.7
2025-06-12 06:01:00,73.5
2025-06-12 07:37:00,12.1
2025-06-12 22:50:00,3.3
2025-06-12 13:09:00,19.6
2025-06-12 02:17:00,94.8
2025-06-12 23:57:00,34.3
2025-06-12 06:40:00,35.0
2025-06-12 06:37:00,48.3
2025-06-12 22:42:00,74.7
2025-06-12 00:07:00,9.4
2025-06-12 17:37:00,79.8
2025-06-12 09:59:00,11.9
2025-06-12 12:23:00,96.2
2025-06-12 02:09:00,49.776157380139004
2025-06-12 00:24:00,8.4
2025-06-12 15:24:00,42.3
2025-06-12 01:11:00,6.2
2025-06-12 08:46:00,71.6
2025-06-12 07:13:00,43.7
2025-06-12 18:24:00,81.0
2025-06-12 14:10:00,47.0
2025-06-12 21:08:00,39.9
2025-06-12 07:03:00,14.3
2025-06-12 09:53:00,7.7
2025-06-12 21:58:00,67.5
2025-06-12 10:08:00,18.4
2025-06-12 09:01:00,46.7
2025-06-12 16:26:00,57.2
2025-06-12 09:31:00,27.5
2025-06-12 23:42:00,69.0
2025-06-12 03:30:00,43.6
2025-06-12 23:59:00,30.3
2025-06-12 13:16:00,25.4
2025-06-12 07:29:00,68.3
2025-06-12 22:14:00,49.776157380139004
2025-06-12 14:03:00,20.5
2025-06-12 02:01:00,56.2
2025-06-12 15:58:00,49.776157380139004
2025-06-12 13:21:00,26.8
2025-06-12 02:27:00,12.2
2025-06-12 19:32:00,13.6
2025-06-12 08:57:00,49.776157380139004
2025-06-12 06:55:00,91.5
2025-06-12 03:04:00,2.0
2025-06-12 05:27:00,53.6
2025-06-12 14:15:00,49.776157380139004
2025-06-12 10:14:00,24.5
2025-06-12 14:01:00,89.8
2025-06-12 17:23:00,49.776157380139004
2025-06-12 04:49:00,23.1
2025-06-12 21:09:00,70.8
2025-06-12 21:05:00,62.0
2025-06-12 14:34:00,44.4
2025-06-12 15:41:00,16.3
2025-06-12 13:52:00,78.6
2025-06-12 19:04:00,32.8
2025-06-12 15:01:00,41.9
2025-06-12 07:05:00,28.5
2025-06-12 00:46:00,49.776157380139004
2025-06-12 04:56:00,49.0
2025-06-12 12:16:00,45.0
2025-06-12 12:37:00,49.776157380139004
2025-06-12 13:28:00,44.2
2025-06-12 14:28:00,90.1
2025-06-12 04:37:00,66.8
2025-06-12 23:26:00,40.1
2025-06-12 10:03:00,49.776157380139004
2025-06-12 09:56:00,92.9
2025-06-12 13:31:00,9.0
2025-06-12 04:32:00,70.1
2025-06-12 23:18:00,43.2
2025-06-12 05:18:00,71.4
2025-06-12 07:50:00,95.4
2025-06-12 07:54:00,74.3
2025-06-12 00:17:00,28.7
2025-06-12 01:51:00,65.8
2025-06-12 17:55:00,56.7
2025-06-12 13:42:00,7.2
2025-06-12 13:04:00,59.7
2025-06-12 04:22:00,57.1
2025-06-12 12:18:00,45.2
2025-06-12 16:19:00,44.8
2025-06-12 18:37:00,29.5
2025-06-12 14:54:00,35.1
2025-06-12 20:31:00,87.7
2025-06-12 22:40:00,51.3
2025-06-12 10:43:00,99.5
2025-06-12 14:17:00,2.5
2025-06-12 12:33:00,90.9
2025-06-12 07:38:00,64.8
2025-06-12 23:43:00,25.6
2025-06-12 13:49:00,60.9
2025-06-12 15:35:00,49.776157380139004
2025-06-12 06:08:00,81.9
2025-06-12 01:35:00,49.776157380139004
2025-06-12 01:14:00,17.8
2025-06-12 08:45:00,47.4
2025-06-12 21:48:00,57.2
2025-06-12 07:28:00,88.3
2025-06-12 09:32:00,49.776157380139004
2025-06-12 18:30:00,49.776157380139004
2025-06-12 19:46:00,83.5
2025-06-12 21:35:00,34.0
2025-06-12 02:48:00,45.5
2025-06-12 09:27:00,34.9
2025-06-12 18:54:00,65.4
2025-06-12 08:00:00,70.3
2025-06-12 18:36:00,43.9
2025-06-12 20:23:00,19.8
2025-06-12 05:46:00,58.8
2025-06-12 04:41:00,34.3
2025-06-12 01:49:00,49.776157380139004
2025-06-12 02:07:00,23.1
2025-06-12 03:48:00,97.5
2025-06-12 11:21:00,22.0
2025-06-12 07:18:00,49.776157380139004
2025-06-12 12:28:00,62.7
2025-06-12 03:10:00,2.9
2025-06-12 23:19:00,72.6
2025-06-12 18:04:00,63.0
2025-06-12 22:30:00,39.9
2025-06-12 09:29:00,6.7
2025-06-12 06:15:00,0.5
2025-06-12 15:02:00,53.6
2025-06-12 03:20:00,79.8
2025-06-12 04:45:00,77.9
2025-06-12 17:31:00,50.8
2025-06-12 18:31:00,90.4
2025-06-12 17:50:00,16.9
2025-06-12 03:17:00,44.7
2025-06-12 12:13:00,54.7
2025-06-12 19:16:00,95.5
2025-06-12 11:35:00,38.1
2025-06-12 00:03:00,26.4
2025-06-12 06:35:00,87.0
2025-06-12 00:04:00,89.7
2025-06-12 17:05:00,32.9
2025-06-12 02:31:00,49.776157380139004
2025-06-12 01:17:00,21.2
2025-06-12 16:24:00,11.9
2025-06-12 04:19:00,16.4
2025-06-12 08:40:00,50.2
2025-06-12 13:08:00,70.6
2025-06-12 01:33:00,40.5
2025-06-12 18:03:00,96.1
2025-06-12 21:21:00,14.0
2025-06-12 15:45:00,66.7
2025-06-12 17:04:00,59.7
2025-06-12 16:39:00,44.5
2025-06-12 07:39:00,49.776157380139004
2025-06-12 04:30:00,85.1
2025-06-12 04:52:00,48.8
2025-06-12 21:18:00,29.3
2025-06-12 09:49:00,11.5
2025-06-12 17:46:00,58.0
2025-06-12 08:31:00,91.2
2025-06-12 13:19:00,91.0
2025-06-12 21:02:00,96.4
2025-06-12 15:28:00,4.4
2025-06-12 20:08:00,61.8
2025-06-12 17:11:00,91.8
2025-06-12 10:53:00,30.5
2025-06-12 15:32:00,49.776157380139004
2025-06-12 23:20:00,24.3
2025-06-12 20:34:00,28.7
2025-06-12 01:45:00,4.1
2025-06-12 13:00:00,49.776157380139004
2025-06-12 22:32:00,15.0
2025-06-12 12:19:00,49.776157380139004
2025-06-12 04:59:00,0.7
2025-06-12 18:19:00,24.0
2025-06-12 05:00:00,28.1
2025-06-12 00:57:00,49.776157380139004
2025-06-12 07:14:00,49.776157380139004
2025-06-12 19:48:00,5.3
2025-06-12 00:25:00,49.776157380139004
2025-06-12 00:28:00,73.1
2025-06-12 16:13:00,49.776157380139004
2025-06-12 20:49:00,15.2
2025-06-12 22:21:00,48.0
2025-06-12 14:36:00,79.4
2025-06-12 17:32:00,8.9
2025-06-12 15:50:00,44.1
2025-06-12 11:37:00,52.0
2025-06-12 10:52:00,42.7
2025-06-12 10:19:00,46.3
2025-06-12 00:32:00,57.4
2025-06-12 19:44:00,88.3
2025-06-12 19:12:00,95.1
2025-06-12 01:37:00,71.0
2025-06-12 20:20:00,90.9
2025-06-12 22:41:00,49.776157380139004
2025-06-12 21:54:00,50.0
2025-06-12 00:42:00,30.9
2025-06-12 23:35:00,49.776157380139004
2025-06-12 05:57:00,93.1
2025-06-12 20:24:00,83.6
2025-06-12 02:08:00,40.0
2025-06-12 01:27:00,98.0
2025-06-12 22:22:00,63.2
2025-06-12 22:48:00,49.776157380139004
2025-06-12 16:51:00,26.7
2025-06-12 13:17:00,1.1
2025-06-12 02:28:00,96.7
2025-06-12 14:08:00,66.5
2025-06-12 12:01:00,35.8
2025-06-12 08:39:00,85.8
2025-06-12 03:32:00,43.9
2025-06-12 00:22:00,64.2
2025-06-12 18:44:00,49.3
2025-06-12 11:10:00,51.8
2025-06-12 12:56:00,96.9
2025-06-12 06:33:00,85.8
2025-06-12 13:07:00,10.6
2025-06-12 11:47:00,90.3
2025-06-12 08:48:00,74.5
2025-06-12 13:58:00,52.7
2025-06-12 04:07:00,28.2
2025-06-12 06:36:00,98.7
2025-06-12 18:22:00,85.0
2025-06-12 22:03:00,49.776157380139004
2025-06-12 16:20:00,82.4
2025-06-12 12:08:00,23.7
2025-06-12 15:39:00,49.776157380139004
2025-06-12 05:31:00,49.3
2025-06-12 13:40:00,19.7
2025-06-12 22:37:00,95.4
2025-06-12 08:01:00,5.2
2025-06-12 20:00:00,19.9
2025-06-12 20:02:00,63.8
2025-06-12 14:20:00,62.3
2025-06-12 23:14:00,71.3
2025-06-12 04:38:00,43.0
2025-06-12 18:34:00,35.3
2025-06-12 21:51:00,19.5
2025-06-12 18:33:00,25.6
2025-06-12 20:16:00,49.776157380139004
2025-06-12 19:53:00,71.5
2025-06-12 10:16:00,36.0
2025-06-12 14:32:00,49.776157380139004
2025-06-12 00:00:00,68.3
2025-06-12 20:09:00,11.4
2025-06-12 17:02:00,85.9
2025-06-12 18:11:00,49.776157380139004
2025-06-12 05:11:00,56.1
2025-06-12 06:58:00,64.7
2025-06-12 21:17:00,67.2
2025-06-12 21:15:00,49.776157380139004
2025-06-12 15:23:00,49.1
2025-06-12 12:34:00,45.6
2025-06-12 04:06:00,66.8
2025-06-12 12:49:00,65.9
2025-06-12 04:54:00,3.3
2025-06-12 22:27:00,26.9
2025-06-12 06:03:00,58.2
2025-06-12 13:44:00,4.3
2025-06-12 19:23:00,11.1
2025-06-12 05:44:00,49.776157380139004
2025-06-12 21:56:00,34.9
2025-06-12 14:13:00,49.776157380139004
2025-06-12 10:35:00,3.4
2025-06-12 06:54:00,49.776157380139004
2025-06-12 18:50:00,65.8
2025-06-12 16:56:00,24.3
2025-06-12 04:29:00,77.6
2025-06-12 19:22:00,82.6
2025-06-12 21:13:00,3.9
2025-06-12 06:16:00,59.7
2025-06-12 18:38:00,49.776157380139004
2025-06-12 12:09:00,33.4
2025-06-12 13:39:00,72.2
2025-06-12 22:58:00,1.3
2025-06-12 19:27:00,8.8
2025-06-12 02:24:00,61.3
2025-06-12 13:11:00,59.5
2025-06-12 01:59:00,60.4
2025-06-12 06:17:00,31.1
2025-06-12 10:36:00,10.0
2025-06-12 19:51:00,98.8
2025-06-12 11:27:00,49.776157380139004
2025-06-12 14:04:00,84.5
2025-06-12 12:05:00,49.776157380139004
2025-06-12 14:29:00,62.6
2025-06-12 16:52:00,22.4
2025-06-12 16:06:00,74.1
2025-06-12 02:50:00,65.4
2025-06-12 23:09:00,92.5
2025-06-12 12:42:00,33.8
2025-06-12 01:29:00,46.9
2025-06-12 18:16:00,95.0
2025-06-12 07:13:00,35.6
2025-06-12 11:14:00,85.0
2025-06-12 15:09:00,49.81767540251498
2025-06-12 21:47:00,32.2
2025-06-12 18:36:00,12.9
2025-06-12 06:57:00,49.81767540251498
2025-06-12 13:26:00,18.0
2025-06-12 09:26:00,26.7
2025-06-12 22:24:00,84.6
2025-06-12 22:11:00,59.4
2025-06-12 23:13:00,35.1
2025-06-12 11:01:00,25.0
2025-06-12 09:32:00,6.9
2025-06-12 06:36:00,49.81767540251498
2025-06-12 23:05:00,71.4
2025-06-12 19:18:00,98.1
2025-06-12 16:37:00,17.1
2025-06-12 05:15:00,66.6
2025-06-12 17:51:00,49.81767540251498
2025-06-12 03:19:00,49.81767540251498
2025-06-12 18:07:00,33.9
2025-06-12 03:58:00,56.9
2025-06-12 16:19:00,49.81767540251498
2025-06-12 04:24:00,74.8
2025-06-12 07:18:00,93.8
2025-06-12 04:13:00,38.3
2025-06-12 07:24:00,72.4
2025-06-12 20:54:00,69.4
2025-06-12 23:57:00,64.6
2025-06-12 22:44:00,83.6
2025-06-12 02:56:00,66.7
2025-06-12 10:59:00,31.8
2025-06-12 04:28:00,71.6
2025-06-12 12:40:00,55.2
2025-06-12 06:40:00,24.5
2025-06-12 23:53:00,29.2
2025-06-12 20:52:00,33.1
2025-06-12 06:37:00,49.81767540251498
2025-06-12 18:34:00,29.3
2025-06-12 01:45:00,40.5
2025-06-12 11:33:00,31.4
2025-06-12 00:31:00,87.1
2025-06-12 06:19:00,41.8
2025-06-12 17:02:00,0.4
2025-06-12 05:43:00,0.3
2025-06-12 01:16:00,49.81767540251498
2025-06-12 12:30:00,47.9
2025-06-12 04:01:00,35.4
2025-06-12 23:34:00,11.3
2025-06-12 21:48:00,38.5
2025-06-12 13:37:00,60.0
2025-06-12 07:33:00,50.4
2025-06-12 02:22:00,20.3
2025-06-12 08:38:00,95.0
2025-06-12 02:33:00,49.81767540251498
2025-06-12 14:05:00,27.1
2025-06-12 19:53:00,82.6
2025-06-12 07:51:00,24.2
2025-06-12 19:38:00,48.5
2025-06-12 19:43:00,44.9
2025-06-12 11:57:00,40.0
2025-06-12 03:53:00,74.3
2025-06-12 01:59:00,49.81767540251498
2025-06-12 08:47:00,49.81767540251498
2025-06-12 02:59:00,35.5
2025-06-12 09:59:00,92.4
2025-06-12 10:26:00,15.8
2025-06-12 23:02:00,70.6
2025-06-12 07:35:00,35.9
2025-06-12 03:14:00,30.4
2025-06-12 20:04:00,59.2
2025-06-12 08:34:00,69.0
2025-06-12 08:07:00,49.81767540251498
2025-06-12 14:08:00,13.7
2025-06-12 06:38:00,12.3
2025-06-12 07:11:00,88.7
2025-06-12 00:35:00,63.8
2025-06-12 22:07:00,33.9
2025-06-12 12:29:00,72.2
2025-06-12 23:51:00,60.1
2025-06-12 15:00:00,49.81767540251498
2025-06-12 16:03:00,77.7
2025-06-12 16:07:00,30.1
2025-06-12 07:30:00,37.7
2025-06-12 14:03:00,98.8
2025-06-12 21:23:00,49.81767540251498
2025-06-12 16:40:00,97.1
2025-06-12 11:36:00,29.3
2025-06-12 09:20:00,65.9
2025-06-12 19:21:00,99.3
2025-06-12 07:15:00,3.8
2025-06-12 11:43:00,25.0
2025-06-12 23:30:00,66.8
2025-06-12 01:35:00,42.8
2025-06-12 07:45:00,55.2
2025-06-12 01:30:00,68.1
2025-06-12 06:53:00,31.0
2025-06-12 20:45:00,62.4
2025-06-12 01:56:00,69.0
2025-06-12 06:05:00,28.4
2025-06-12 13:48:00,27.4
2025-06-12 07:27:00,48.4
2025-06-12 20:16:00,82.9
2025-06-12 18:19:00,26.8
2025-06-12 10:05:00,43.6
2025-06-12 07:57:00,78.1
2025-06-12 05:59:00,3.8
2025-06-12 23:01:00,90.4
2025-06-12 00:54:00,99.2
2025-06-12 17:57:00,60.7
2025-06-12 00:11:00,49.5
2025-06-12 01:20:00,37.0
2025-06-12 20:59:00,54.7
2025-06-12 09:09:00,49.81767540251498
2025-06-12 02:10:00,7.9
2025-06-12 05:28:00,81.9
2025-06-12 12:22:00,19.2
2025-06-12 22:57:00,67.7
2025-06-12 12:19:00,28.8
2025-06-12 16:17:00,23.1
2025-06-12 03:39:00,19.0
2025-06-12 08:29:00,56.6
2025-06-12 19:15:00,94.9
2025-06-12 13:16:00,83.0
2025-06-12 20:53:00,96.6
2025-06-12 14:09:00,80.5
2025-06-12 16:34:00,49.81767540251498
2025-06-12 12:45:00,88.0
2025-06-12 04:25:00,39.7
2025-06-12 09:19:00,32.5
2025-06-12 14:29:00,52.8
2025-06-12 05:19:00,8.5
2025-06-12 16:14:00,52.2
2025-06-12 01:28:00,40.7
2025-06-12 08:57:00,84.7
2025-06-12 08:25:00,39.8
2025-06-12 21:32:00,39.3
2025-06-12 10:03:00,7.9
2025-06-12 07:47:00,5.4
2025-06-12 17:44:00,95.8
2025-06-12 18:02:00,49.81767540251498
2025-06-12 14:28:00,69.3
2025-06-12 17:23:00,49.81767540251498
2025-06-12 07:52:00,32.4
2025-06-12 11:00:00,72.1
2025-06-12 23:21:00,52.7
2025-06-12 04:35:00,46.2
2025-06-12 17:19:00,79.4
2025-06-12 07:55:00,49.81767540251498
2025-06-12 02:36:00,49.81767540251498
2025-06-12 04:11:00,12.9
2025-06-12 01:11:00,83.6
2025-06-12 00:07:00,51.8
2025-06-12 08:33:00,49.81767540251498
2025-06-12 16:11:00,1.5
2025-06-12 01:26:00,40.2
2025-06-12 21:20:00,45.6
2025-06-12 13:54:00,14.0
2025-06-12 11:39:00,69.6
2025-06-12 16:20:00,49.81767540251498
2025-06-12 14:58:00,82.4
2025-06-12 10:15:00,67.1
2025-06-12 13:41:00,81.0
2025-06-12 01:15:00,49.81767540251498
2025-06-12 11:40:00,92.1
2025-06-12 09:03:00,88.1
2025-06-12 03:09:00,18.5
2025-06-12 03:15:00,20.1
2025-06-12 12:26:00,29.5
2025-06-12 04:52:00,49.81767540251498
2025-06-12 19:32:00,61.0
2025-06-12 19:02:00,54.3
2025-06-12 09:29:00,72.6
2025-06-12 02:43:00,72.5
2025-06-12 00:19:00,84.5
2025-06-12 20:57:00,50.7
2025-06-12 00:10:00,25.9
2025-06-12 20:15:00,90.8
2025-06-12 13:34:00,13.7
2025-06-12 04:34:00,7.4
2025-06-12 20:11:00,49.81767540251498
2025-06-12 13:21:00,49.81767540251498
2025-06-12 23:00:00,47.1
2025-06-12 05:12:00,82.0
2025-06-12 12:49:00,26.1
2025-06-12 16:38:00,49.81767540251498
2025-06-12 16:27:00,49.81767540251498
2025-06-12 21:40:00,26.9
2025-06-12 05:25:00,53.2
2025-06-12 01:44:00,95.3
2025-06-12 22:58:00,96.4
2025-06-12 08:05:00,15.6
2025-06-12 22:59:00,49.81767540251498
2025-06-12 22:49:00,67.9
2025-06-12 21:02:00,49.81767540251498
2025-06-12 11:58:00,86.8
2025-06-12 06:23:00,58.9
2025-06-12 11:26:00,49.81767540251498
2025-06-12 09:11:00,62.5
2025-06-12 21:37:00,81.4
2025-06-12 16:55:00,49.81767540251498
2025-06-12 02:03:00,93.7
2025-06-12 13:51:00,47.8
2025-06-12 01:33:00,86.0
2025-06-12 18:06:00,0.6
2025-06-12 19:23:00,49.81767540251498
2025-06-12 18:35:00,13.1
2025-06-12 08:44:00,23.1
2025-06-12 05:50:00,49.81767540251498
2025-06-12 14:06:00,95.1
2025-06-12 05:42:00,98.3
2025-06-12 00:18:00,60.7
2025-06-12 21:16:00,7.2
2025-06-12 19:24:00,61.6
2025-06-12 08:00:00,70.3
2025-06-12 01:25:00,58.1
2025-06-12 02:27:00,49.81767540251498
2025-06-12 05:33:00,24.8
2025-06-12 10:55:00,45.4
2025-06-12 18:55:00,63.7
2025-06-12 23:55:00,49.81767540251498
2025-06-12 12:58:00,49.81767540251498
2025-06-12 06:22:00,49.81767540251498
2025-06-12 09:21:00,94.4
2025-06-12 17:15:00,48.1
2025-06-12 16:29:00,0.6
2025-06-12 13:35:00,87.0
2025-06-12 20:34:00,92.1
2025-06-12 14:36:00,40.7
2025-06-12 00:21:00,24.2
2025-06-12 17:03:00,21.6
2025-06-12 01:54:00,91.9
2025-06-12 16:59:00,34.7
2025-06-12 18:50:00,7.6
2025-06-12 09:13:00,10.8
2025-06-12 23:48:00,35.9
2025-06-12 16:04:00,54.8
2025-06-12 20:08:00,89.1
2025-06-12 19:47:00,66.8
2025-06-12 18:00:00,0.4
2025-06-12 10:14:00,23.3
2025-06-12 04:51:00,86.6
2025-06-12 17:49:00,16.7
2025-06-12 05:24:00,93.4
2025-06-12 16:42:00,9.7
2025-06-12 12:01:00,80.0
2025-06-12 12:15:00,91.9
2025-06-12 14:24:00,49.81767540251498
2025-06-12 11:12:00,37.3
2025-06-12 23:40:00,61.1
2025-06-12 09:05:00,97.0
2025-06-12 15:48:00,62.2
2025-06-12 17:10:00,49.81767540251498
2025-06-12 01:52:00,51.0
2025-06-12 06:35:00,49.81767540251498
2025-06-12 22:10:00,88.7
2025-06-12 17:46:00,39.0
2025-06-12 23:22:00,79.3
2025-06-12 14:19:00,98.6
2025-06-12 10:10:00,80.5
2025-06-12 23:16:00,49.81767540251498
2025-06-12 18:53:00,49.81767540251498
2025-06-12 03:11:00,94.2
2025-06-12 02:08:00,76.4
2025-06-12 10:52:00,49.81767540251498
2025-06-12 13:45:00,56.1
2025-06-12 19:00:00,49.81767540251498
2025-06-12 06:00:00,55.3
2025-06-12 08:48:00,66.0
2025-06-12 11:13:00,49.81767540251498
2025-06-12 09:24:00,32.6
2025-06-12 23:27:00,49.81767540251498
2025-06-12 00:55:00,36.8
2025-06-12 12:35:00,72.6
2025-06-12 11:15:00,49.81767540251498
2025-06-12 10:49:00,49.9
2025-06-12 21:14:00,67.2
2025-06-12 03:22:00,13.4
2025-06-12 17:53:00,49.81767540251498
2025-06-12 22:05:00,89.1
2025-06-12 08:30:00,96.2
2025-06-12 13:07:00,83.5
2025-06-12 08:24:00,13.9
2025-06-12 03:16:00,0.0
2025-06-12 09:34:00,39.1
2025-06-12 06:21:00,71.6
2025-06-12 17:47:00,69.1
2025-06-12 15:05:00,66.2
2025-06-12 20:50:00,47.9
2025-06-12 17:13:00,49.81767540251498
2025-06-12 15:43:00,37.4
2025-06-12 21:54:00,49.81767540251498
2025-06-12 18:10:00,64.2
2025-06-12 04:18:00,16.8
2025-06-12 14:42:00,12.8
2025-06-12 04:03:00,50.0
2025-06-12 23:45:00,77.5
2025-06-12 01:58:00,49.81767540251498
2025-06-12 14:44:00,59.0
2025-06-12 08:50:00,9.0
2025-06-12 06:54:00,74.9
2025-06-12 18:23:00,96.8
2025-06-12 10:41:00,67.6
2025-06-12 13:10:00,64.9
2025-06-12 10:44:00,24.0
2025-06-12 07:32:00,65.7
2025-06-12 21:58:00,49.81767540251498
2025-06-12 17:22:00,10.9
2025-06-12 13:20:00,86.8
2025-06-12 08:04:00,14.1
2025-06-12 00:08:00,68.7
2025-06-12 03:52:00,49.791111632270166
2025-06-12 19:00:00,66.4
2025-06-12 17:02:00,94.5
2025-06-12 11:04:00,49.791111632270166
2025-06-12 11:44:00,19.2
2025-06-12 05:43:00,5.3
2025-06-12 01:16:00,16.2
2025-06-12 00:39:00,66.1
2025-06-12 10:17:00,32.6
2025-06-12 18:01:00,72.4
2025-06-12 17:29:00,75.5
2025-06-12 03:48:00,60.8
2025-06-12 20:25:00,49.791111632270166
2025-06-12 12:11:00,73.2
2025-06-12 22:03:00,71.1
2025-06-12 00:32:00,26.3
2025-06-12 20:32:00,53.5
2025-06-12 05:39:00,11.0
2025-06-12 01:02:00,96.9
2025-06-12 21:10:00,44.1
2025-06-12 02:02:00,13.5
2025-06-12 15:38:00,11.1
2025-06-12 23:00:00,88.7
2025-06-12 03:53:00,49.791111632270166
2025-06-12 03:29:00,52.7
2025-06-12 11:59:00,56.7
2025-06-12 23:12:00,6.6
2025-06-12 19:55:00,79.4
2025-06-12 11:33:00,31.0
2025-06-12 09:57:00,46.2
2025-06-12 07:01:00,93.4
2025-06-12 18:18:00,7.0
2025-06-12 03:04:00,80.4
2025-06-12 14:11:00,49.791111632270166
2025-06-12 21:14:00,72.2
2025-06-12 21:50:00,62.0
2025-06-12 04:00:00,25.7
2025-06-12 18:36:00,94.9
2025-06-12 20:52:00,1.3
2025-06-12 17:10:00,94.6
2025-06-12 19:47:00,41.5
2025-06-12 19:42:00,49.791111632270166
2025-06-12 14:45:00,78.4
2025-06-12 12:35:00,60.3
2025-06-12 17:47:00,46.8
2025-06-12 21:33:00,62.1
2025-06-12 08:40:00,42.6
2025-06-12 20:16:00,97.5
2025-06-12 04:38:00,90.2
2025-06-12 03:20:00,49.791111632270166
2025-06-12 09:42:00,99.8
2025-06-12 12:40:00,53.9
2025-06-12 13:15:00,40.8
2025-06-12 13:47:00,23.9
2025-06-12 16:55:00,49.791111632270166
2025-06-12 18:40:00,27.4
2025-06-12 21:25:00,49.791111632270166
2025-06-12 06:04:00,49.791111632270166
2025-06-12 23:16:00,60.0
2025-06-12 02:58:00,52.6
2025-06-12 12:39:00,25.6
2025-06-12 12:44:00,49.791111632270166
2025-06-12 04:09:00,43.1
2025-06-12 14:56:00,94.6
2025-06-12 03:42:00,64.8
2025-06-12 13:59:00,49.791111632270166
2025-06-12 05:22:00,33.5
2025-06-12 03:36:00,49.791111632270166
2025-06-12 10:07:00,7.0
2025-06-12 02:10:00,12.3
2025-06-12 19:36:00,20.7
2025-06-12 13:14:00,35.2
2025-06-12 19:33:00,43.3
2025-06-12 03:19:00,73.5
2025-06-12 20:12:00,40.9
2025-06-12 10:28:00,43.1
2025-06-12 02:04:00,82.3
2025-06-12 04:41:00,59.2
2025-06-12 22:57:00,51.9
2025-06-12 13:05:00,47.6
2025-06-12 19:38:00,22.2
2025-06-12 12:09:00,44.5
2025-06-12 16:53:00,35.8
2025-06-12 19:57:00,59.1
2025-06-12 11:18:00,68.2
2025-06-12 15:56:00,87.9
2025-06-12 22:53:00,49.791111632270166
2025-06-12 22:36:00,2.6
2025-06-12 00:07:00,78.5
2025-06-12 02:59:00,12.5
2025-06-12 10:20:00,15.2
2025-06-12 00:04:00,10.9
2025-06-12 09:09:00,89.3
2025-06-12 01:40:00,49.791111632270166
2025-06-12 03:09:00,9.3
2025-06-12 22:54:00,4.9
2025-06-12 01:49:00,40.0
2025-06-12 02:13:00,15.7
2025-06-12 08:03:00,49.791111632270166
2025-06-12 05:50:00,14.5
2025-06-12 14:30:00,2.0
2025-06-12 06:43:00,46.3
2025-06-12 06:59:00,3.6
2025-06-12 19:02:00,3.7
2025-06-12 07:10:00,73.2
2025-06-12 01:45:00,8.7
2025-06-12 08:06:00,60.3
2025-06-12 05:01:00,22.9
2025-06-12 15:07:00,13.9
2025-06-12 19:40:00,62.0
2025-06-12 03:00:00,67.5
2025-06-12 23:01:00,69.4
2025-06-12 06:52:00,2.6
2025-06-12 11:10:00,94.2
2025-06-12 20:09:00,83.9
2025-06-12 11:26:00,61.2
2025-06-12 14:01:00,20.7
2025-06-12 07:34:00,42.5
2025-06-12 17:59:00,59.6
2025-06-12 06:56:00,54.9
2025-06-12 05:41:00,34.9
2025-06-12 21:47:00,95.1
2025-06-12 21:08:00,49.791111632270166
2025-06-12 16:05:00,67.3
2025-06-12 06:38:00,74.0
2025-06-12 16:21:00,30.4
2025-06-12 21:11:00,16.8
2025-06-12 20:39:00,57.8
2025-06-12 07:59:00,65.4
2025-06-12 16:50:00,60.8
2025-06-12 06:18:00,18.7
2025-06-12 13:57:00,16.4
2025-06-12 06:41:00,49.791111632270166
2025-06-12 19:19:00,41.1
2025-06-12 09:24:00,7.2
2025-06-12 05:54:00,19.2
2025-06-12 12:16:00,49.791111632270166
2025-06-12 05:34:00,10.5
2025-06-12 12:59:00,82.6
2025-06-12 16:39:00,40.0
2025-06-12 03:08:00,83.1
2025-06-12 23:38:00,51.9
2025-06-12 17:30:00,21.2
2025-06-12 01:47:00,75.5
2025-06-12 02:55:00,59.2
2025-06-12 05:18:00,58.0
2025-06-12 08:51:00,54.1
2025-06-12 11:55:00,50.0
2025-06-12 02:52:00,49.791111632270166
2025-06-12 00:38:00,64.8
2025-06-12 04:25:00,77.8
2025-06-12 15:06:00,6.0
2025-06-12 08:27:00,49.791111632270166
2025-06-12 04:49:00,61.2
2025-06-12 12:13:00,45.7
2025-06-12 20:17:00,12.7
2025-06-12 23:02:00,67.0
2025-06-12 02:01:00,49.791111632270166
2025-06-12 23:14:00,73.9
2025-06-12 19:43:00,63.4
2025-06-12 23:44:00,30.1
2025-06-12 10:23:00,30.5
2025-06-12 02:51:00,33.7
2025-06-12 16:25:00,99.8
2025-06-12 14:57:00,54.2
2025-06-12 19:54:00,28.3
2025-06-12 06:32:00,21.6
2025-06-12 22:08:00,95.5
2025-06-12 07:36:00,49.791111632270166
2025-06-12 06:33:00,29.6
2025-06-12 15:17:00,49.791111632270166
2025-06-12 10:35:00,39.4
2025-06-12 00:10:00,14.8
2025-06-12 20:08:00,96.7
2025-06-12 02:28:00,24.0
2025-06-12 00:00:00,99.6
2025-06-12 07:37:00,76.9
2025-06-12 06:21:00,46.7
2025-06-12 11:05:00,70.1
2025-06-12 04:47:00,97.8
2025-06-12 06:03:00,79.9
2025-06-12 00:20:00,42.9
2025-06-12 11:35:00,31.1
2025-06-12 07:05:00,36.3
2025-06-12 06:53:00,49.791111632270166
2025-06-12 18:03:00,84.5
2025-06-12 14:23:00,38.1
2025-06-12 02:54:00,68.0
2025-06-12 06:00:00,72.1
2025-06-12 19:23:00,97.0
2025-06-12 16:46:00,49.791111632270166
2025-06-12 17:43:00,49.791111632270166
2025-06-12 18:05:00,21.8
2025-06-12 05:40:00,90.5
2025-06-12 13:33:00,49.791111632270166
2025-06-12 18:52:00,6.2
2025-06-12 16:09:00,14.2
2025-06-12 03:31:00,19.6
2025-06-12 09:06:00,86.6
2025-06-12 10:37:00,77.7
2025-06-12 22:24:00,39.8
2025-06-12 06:11:00,2.8
2025-06-12 08:17:00,49.791111632270166
2025-06-12 21:32:00,80.5
2025-06-12 01:31:00,46.0
2025-06-12 15:20:00,49.791111632270166
2025-06-12 01:58:00,80.2
2025-06-12 12:43:00,17.6
2025-06-12 19:22:00,98.7
2025-06-12 07:06:00,49.791111632270166
2025-06-12 02:20:00,29.1
2025-06-12 19:41:00,66.7
2025-06-12 02:08:00,49.791111632270166
2025-06-12 04:34:00,74.3
2025-06-12 02:30:00,49.791111632270166
2025-06-12 04:31:00,95.1
2025-06-12 19:37:00,96.2
2025-06-12 10:15:00,9.7
2025-06-12 18:56:00,66.8
2025-06-12 14:16:00,68.7
2025-06-12 05:56:00,39.5
2025-06-12 18:17:00,51.1
2025-06-12 16:31:00,6.5
2025-06-12 13:31:00,49.791111632270166
2025-06-12 23:41:00,82.8
2025-06-12 11:08:00,49.791111632270166
2025-06-12 12:52:00,95.4
2025-06-12 19:53:00,49.791111632270166
2025-06-12 22:22:00,99.8
2025-06-12 16:11:00,69.6
2025-06-12 20:26:00,6.1
2025-06-12 08:38:00,46.3
2025-06-12 17:56:00,5.3
2025-06-12 09:43:00,20.7
2025-06-12 22:40:00,49.791111632270166
2025-06-12 10:34:00,44.4
2025-06-12 02:21:00,47.8
2025-06-12 19:49:00,76.4
2025-06-12 09:04:00,14.1
2025-06-12 12:21:00,89.8
2025-06-12 21:02:00,53.0
2025-06-12 10:04:00,28.0
2025-06-12 09:40:00,2.5
2025-06-12 12:56:00,49.791111632270166
2025-06-12 23:10:00,61.8
2025-06-12 20:43:00,7.9
2025-06-12 10:59:00,1.7
2025-06-12 12:46:00,16.1
2025-06-12 08:56:00,33.5
2025-06-12 09:46:00,72.9
2025-06-12 09:05:00,4.5
2025-06-12 15:00:00,63.5
2025-06-12 23:23:00,91.3
2025-06-12 07:22:00,70.6
2025-06-12 01:33:00,5.6
2025-06-12 15:31:00,55.3
2025-06-12 16:42:00,97.9
2025-06-12 19:15:00,65.5
2025-06-12 06:01:00,4.8
2025-06-12 23:35:00,59.7
2025-06-12 12:08:00,36.0
2025-06-12 16:36:00,98.5
2025-06-12 21:21:00,73.0
2025-06-12 08:13:00,6.6
2025-06-12 07:43:00,77.0
2025-06-12 09:55:00,17.6
2025-06-12 13:10:00,52.4
2025-06-12 08:25:00,55.2
2025-06-12 18:30:00,38.6
2025-06-12 03:23:00,94.1
2025-06-12 04:55:00,49.6
2025-06-12 07:53:00,88.5
2025-06-12 02:34:00,2.5
2025-06-12 13:01:00,14.4
2025-06-12 16:10:00,29.1
2025-06-12 14:24:00,50.406503298774744
2025-06-12 00:26:00,9.9
2025-06-12 04:16:00,6.6
2025-06-12 23:43:00,5.8
2025-06-12 03:41:00,50.406503298774744
2025-06-12 15:06:00,79.8
2025-06-12 14:46:00,64.5
2025-06-12 10:46:00,56.3
2025-06-12 00:29:00,64.9
2025-06-12 11:11:00,50.406503298774744
2025-06-12 02:19:00,50.406503298774744
2025-06-12 04:35:00,41.3
2025-06-12 00:52:00,50.406503298774744
2025-06-12 01:34:00,50.406503298774744
2025-06-12 04:40:00,78.6
2025-06-12 14:08:00,12.0
2025-06-12 12:35:00,18.0
2025-06-12 19:37:00,50.406503298774744
2025-06-12 19:29:00,68.8
2025-06-12 08:54:00,15.7
2025-06-12 14:31:00,38.8
2025-06-12 00:28:00,9.4
2025-06-12 11:38:00,1.4
2025-06-12 19:58:00,58.7
2025-06-12 07:37:00,41.8
2025-06-12 00:15:00,43.6
2025-06-12 18:59:00,78.5
2025-06-12 02:51:00,49.8
2025-06-12 11:59:00,78.8
2025-06-12 21:50:00,35.5
2025-06-12 07:56:00,50.406503298774744
2025-06-12 16:18:00,3.7
2025-06-12 17:00:00,18.3
2025-06-12 13:49:00,50.406503298774744
2025-06-12 03:46:00,89.8
2025-06-12 03:33:00,44.2
2025-06-12 17:39:00,50.406503298774744
2025-06-12 20:54:00,50.406503298774744
2025-06-12 13:16:00,90.7
2025-06-12 13:33:00,18.6
2025-06-12 06:13:00,18.3
2025-06-12 09:29:00,50.406503298774744
2025-06-12 12:24:00,34.7
2025-06-12 12:00:00,1.1
2025-06-12 07:11:00,50.406503298774744
2025-06-12 20:23:00,38.5
2025-06-12 06:53:00,92.9
2025-06-12 03:43:00,57.1
2025-06-12 09:23:00,30.6
2025-06-12 21:35:00,95.8
2025-06-12 00:59:00,25.9
2025-06-12 01:08:00,50.406503298774744
2025-06-12 06:30:00,50.406503298774744
2025-06-12 02:14:00,60.5
2025-06-12 19:52:00,33.0
2025-06-12 01:52:00,60.5
2025-06-12 03:48:00,50.406503298774744
2025-06-12 21:36:00,50.406503298774744
2025-06-12 15:29:00,50.406503298774744
2025-06-12 15:47:00,95.2
2025-06-12 14:35:00,84.7
2025-06-12 11:01:00,90.6
2025-06-12 03:11:00,65.3
2025-06-12 19:45:00,0.3
2025-06-12 04:36:00,73.9
2025-06-12 02:40:00,50.406503298774744
2025-06-12 23:10:00,69.9
2025-06-12 02:37:00,70.4
2025-06-12 12:36:00,40.7
2025-06-12 18:07:00,11.8
2025-06-12 03:40:00,78.0
2025-06-12 11:08:00,2.8
2025-06-12 01:02:00,50.406503298774744
2025-06-12 16:00:00,65.5
2025-06-12 15:50:00,30.2
2025-06-12 07:48:00,50.406503298774744
2025-06-12 22:36:00,19.7
2025-06-12 01:33:00,63.7
2025-06-12 08:59:00,91.8
2025-06-12 21:52:00,50.406503298774744
2025-06-12 11:21:00,82.5
2025-06-12 20:03:00,57.5
2025-06-12 11:22:00,50.406503298774744
2025-06-12 08:18:00,65.0
2025-06-12 15:14:00,14.0
2025-06-12 19:17:00,21.9
2025-06-12 17:06:00,50.406503298774744
2025-06-12 23:57:00,86.0
2025-06-12 02:06:00,65.7
2025-06-12 12:39:00,53.4
2025-06-12 05:13:00,68.2
2025-06-12 09:16:00,77.1
2025-06-12 21:01:00,48.1
2025-06-12 16:38:00,86.5
2025-06-12 08:52:00,13.8
2025-06-12 15:38:00,51.1
2025-06-12 06:20:00,4.0
2025-06-12 14:26:00,50.406503298774744
2025-06-12 01:15:00,37.7
2025-06-12 18:16:00,80.9
2025-06-12 03:15:00,4.0
2025-06-12 04:53:00,35.3
2025-06-12 02:36:00,73.9
2025-06-12 16:23:00,48.5
2025-06-12 14:44:00,15.7
2025-06-12 13:11:00,50.406503298774744
2025-06-12 04:48:00,74.7
2025-06-12 00:35:00,11.4
2025-06-12 07:55:00,64.2
2025-06-12 08:36:00,58.9
2025-06-12 21:47:00,75.3
2025-06-12 01:46:00,84.2
2025-06-12 09:18:00,76.1
2025-06-12 06:14:00,81.1
2025-06-12 04:14:00,50.406503298774744
2025-06-12 02:47:00,50.406503298774744
2025-06-12 16:14:00,92.7
2025-06-12 03:38:00,18.5
2025-06-12 14:18:00,8.7
2025-06-12 12:49:00,15.6
2025-06-12 17:46:00,83.0
2025-06-12 13:24:00,45.7
2025-06-12 21:43:00,83.8
2025-06-12 17:35:00,50.406503298774744
2025-06-12 02:33:00,50.406503298774744
2025-06-12 16:05:00,50.406503298774744
2025-06-12 19:19:00,2.5
2025-06-12 13:45:00,13.1
2025-06-12 22:15:00,37.6
2025-06-12 21:07:00,89.2
2025-06-12 23:15:00,8.2
2025-06-12 22:40:00,99.2
2025-06-12 04:32:00,73.1
2025-06-12 14:34:00,50.406503298774744
2025-06-12 08:03:00,13.4
2025-06-12 01:06:00,10.7
2025-06-12 03:57:00,27.5
2025-06-12 20:00:00,5.0
2025-06-12 11:41:00,90.6
2025-06-12 14:58:00,23.3
2025-06-12 02:59:00,13.6
2025-06-12 05:41:00,74.9
2025-06-12 13:34:00,45.4
2025-06-12 23:32:00,3.3
2025-06-12 01:00:00,31.1
2025-06-12 02:07:00,32.9
2025-06-12 16:33:00,21.9
2025-06-12 16:06:00,37.8
2025-06-12 20:24:00,16.7
2025-06-12 04:29:00,14.5
2025-06-12 12:44:00,50.406503298774744
2025-06-12 14:19:00,91.1
2025-06-12 17:30:00,76.7
2025-06-12 14:42:00,15.2
2025-06-12 08:00:00,21.7
2025-06-12 14:20:00,17.6
2025-06-12 15:31:00,0.1
2025-06-12 19:55:00,88.7
2025-06-12 11:28:00,50.406503298774744
2025-06-12 05:50:00,7.3
2025-06-12 08:23:00,64.9
2025-06-12 21:44:00,50.406503298774744
2025-06-12 14:11:00,80.4
2025-06-12 09:06:00,31.1
2025-06-12 06:12:00,80.0
2025-06-12 00:38:00,27.0
2025-06-12 15:46:00,50.406503298774744
2025-06-12 07:57:00,12.3
2025-06-12 02:39:00,53.5
2025-06-12 06:15:00,58.9
2025-06-12 19:04:00,46.3
2025-06-12 23:44:00,61.2
2025-06-12 00:49:00,22.6
2025-06-12 13:14:00,23.4
2025-06-12 01:37:00,30.3
2025-06-12 22:27:00,14.6
2025-06-12 17:57:00,23.7
2025-06-12 18:34:00,48.1
2025-06-12 04:51:00,31.6
2025-06-12 18:49:00,50.406503298774744
2025-06-12 03:05:00,28.8
2025-06-12 23:47:00,50.406503298774744
2025-06-12 09:14:00,50.406503298774744
2025-06-12 14:41:00,92.7
2025-06-12 16:21:00,52.3
2025-06-12 07:16:00,78.2
2025-06-12 19:20:00,78.3
2025-06-12 04:00:00,95.4
2025-06-12 14:50:00,79.5
2025-06-12 18:40:00,2.5
2025-06-12 18:15:00,79.0
2025-06-12 02:48:00,45.1
2025-06-12 13:28:00,4.5
2025-06-12 11:32:00,20.6
2025-06-12 21:17:00,35.7
2025-06-12 22:23:00,45.4
2025-06-12 09:10:00,33.8
2025-06-12 13:26:00,99.2
2025-06-12 05:15:00,39.6
2025-06-12 23:34:00,21.0
2025-06-12 23:22:00,50.406503298774744
2025-06-12 07:28:00,50.406503298774744
2025-06-12 11:13:00,76.6
2025-06-12 22:17:00,57.3
2025-06-12 07:44:00,50.406503298774744
2025-06-12 20:55:00,67.9
2025-06-12 10:57:00,69.6
2025-06-12 22:16:00,83.6
2025-06-12 03:06:00,30.0
2025-06-12 15:40:00,50.406503298774744
2025-06-12 21:03:00,49.1
2025-06-12 20:20:00,42.1
2025-06-12 09:22:00,50.0
2025-06-12 14:21:00,6.1
2025-06-12 11:54:00,69.3
2025-06-12 18:25:00,51.0
2025-06-12 21:46:00,1.3
2025-06-12 00:34:00,47.8
2025-06-12 08:39:00,78.5
2025-06-12 19:57:00,42.9
2025-06-12 06:39:00,60.8
2025-06-12 20:51:00,28.3
2025-06-12 19:15:00,77.6
2025-06-12 09:53:00,65.7
2025-06-12 14:04:00,74.4
2025-06-12 01:14:00,19.7
2025-06-12 22:55:00,81.2
2025-06-12 00:13:00,21.4
2025-06-12 02:20:00,15.2
2025-06-12 00:24:00,99.7
2025-06-12 08:35:00,8.2
2025-06-12 18:14:00,81.8
2025-06-12 04:41:00,49.0
2025-06-12 23:53:00,76.7
2025-06-12 12:52:00,50.406503298774744
2025-06-12 19:44:00,48.3
2025-06-12 14:07:00,99.7
2025-06-12 04:05:00,93.2
2025-06-12 04:38:00,50.406503298774744
2025-06-12 10:48:00,97.8
2025-06-12 10:31:00,50.406503298774744
2025-06-12 13:31:00,50.406503298774744
2025-06-12 05:03:00,21.8
2025-06-12 12:56:00,46.2
2025-06-12 11:48:00,77.5
2025-06-12 06:08:00,50.406503298774744
2025-06-12 12:20:00,62.4
2025-06-12 22:48:00,22.0
2025-06-12 17:42:00,13.4
2025-06-12 07:54:00,35.9
2025-06-12 04:04:00,23.1
2025-06-12 02:49:00,73.7
2025-06-12 00:36:00,71.1
2025-06-12 03:31:00,10.1
2025-06-12 04:37:00,28.5
2025-06-12 11:26:00,35.3
2025-06-12 13:04:00,95.6
2025-06-12 12:47:00,46.3
2025-06-12 18:00:00,77.9
2025-06-12 05:18:00,79.3
2025-06-12 06:55:00,70.3
2025-06-12 07:12:00,92.7
2025-06-12 18:33:00,85.0
2025-06-12 08:12:00,21.0
2025-06-12 22:09:00,77.8
2025-06-12 05:55:00,24.8
2025-06-12 12:26:00,85.0
2025-06-12 22:00:00,89.7
2025-06-12 18:11:00,33.3
2025-06-12 08:48:00,42.0
2025-06-12 07:08:00,61.8
2025-06-12 03:19:00,10.3
2025-06-12 17:32:00,98.8
2025-06-12 06:25:00,24.9
2025-06-12 19:46:00,73.9
2025-06-12 06:37:00,12.0
2025-06-12 05:05:00,14.4
2025-06-12 04:13:00,19.6
2025-06-12 20:05:00,11.7
2025-06-12 14:06:00,41.9
2025-06-12 04:45:00,61.3
2025-06-12 22:35:00,13.1
2025-06-12 10:04:00,75.4
2025-06-12 13:40:00,50.406503298774744
2025-06-12 17:10:00,33.8
2025-06-12 14:38:00,70.5
2025-06-12 19:07:00,50.406503298774744
2025-06-12 10:32:00,29.6
2025-06-12 03:23:00,31.5
2025-06-12 09:25:00,50.406503298774744
2025-06-12 20:02:00,50.406503298774744
2025-06-12 04:25:00,16.6
2025-06-12 01:20:00,55.5
2025-06-12 01:54:00,70.5
2025-06-12 03:26:00,16.2
2025-06-12 02:29:00,80.8
2025-06-12 06:06:00,36.7
2025-06-12 18:10:00,2.2
2025-06-12 00:54:00,56.0
2025-06-12 04:18:00,50.406503298774744
2025-06-12 13:44:00,72.7
2025-06-12 19:28:00,56.1
2025-06-12 20:58:00,7.3
2025-06-12 06:40:00,20.3
2025-06-12 05:36:00,36.3
2025-06-12 10:55:00,79.9
2025-06-12 16:20:00,30.9
2025-06-12 09:19:00,94.5
2025-06-12 19:35:00,92.9
2025-06-12 23:58:00,49.4
2025-06-12 07:18:00,68.0
2025-06-12 22:31:00,59.9
2025-06-12 14:05:00,60.9
2025-06-12 13:12:00,5.4
2025-06-12 19:50:00,6.0
2025-06-12 21:52:00,67.5
2025-06-12 17:25:00,34.6
2025-06-12 09:14:00,25.7
2025-06-12 07:42:00,79.0
2025-06-12 10:16:00,73.4
2025-06-12 15:41:00,50.3160582227961
2025-06-12 03:59:00,8.5
2025-06-12 07:29:00,43.5
2025-06-12 13:20:00,50.3160582227961
2025-06-12 14:53:00,7.4
2025-06-12 00:13:00,29.6
2025-06-12 04:18:00,66.6
2025-06-12 06:24:00,66.4
2025-06-12 12:53:00,50.3160582227961
2025-06-12 00:39:00,50.3160582227961
2025-06-12 23:27:00,88.6
2025-06-12 01:42:00,58.7
2025-06-12 00:25:00,69.6
2025-06-12 23:46:00,20.0
2025-06-12 20:35:00,93.4
2025-06-12 17:41:00,50.3160582227961
2025-06-12 12:51:00,26.9
2025-06-12 15:28:00,84.9
2025-06-12 08:56:00,50.3160582227961
2025-06-12 23:59:00,50.3160582227961
2025-06-12 12:06:00,73.1
2025-06-12 10:38:00,99.9
2025-06-12 10:27:00,22.6
2025-06-12 00:06:00,3.6
2025-06-12 05:57:00,25.9
2025-06-12 10:22:00,73.0
2025-06-12 09:07:00,74.9
2025-06-12 01:04:00,21.8
2025-06-12 19:39:00,96.3
2025-06-12 08:03:00,89.9
2025-06-12 04:37:00,64.2
2025-06-12 20:16:00,15.3
2025-06-12 22:12:00,80.8
2025-06-12 18:50:00,86.8
2025-06-12 14:16:00,50.3160582227961
2025-06-12 06:33:00,28.7
2025-06-12 05:19:00,78.4
2025-06-12 13:24:00,50.3160582227961
2025-06-12 14:13:00,50.3160582227961
2025-06-12 21:00:00,51.4
2025-06-12 12:16:00,38.9
2025-06-12 16:54:00,55.7
2025-06-12 19:57:00,2.1
2025-06-12 06:52:00,50.3160582227961
2025-06-12 13:56:00,50.3160582227961
2025-06-12 19:02:00,3.0
2025-06-12 07:31:00,84.4
2025-06-12 12:22:00,4.9
2025-06-12 15:12:00,70.0
2025-06-12 00:14:00,15.2
2025-06-12 02:35:00,89.8
2025-06-12 20:44:00,33.9
2025-06-12 07:16:00,0.2
2025-06-12 21:05:00,48.2
2025-06-12 12:37:00,55.4
2025-06-12 08:32:00,50.3160582227961
2025-06-12 19:34:00,89.6
2025-06-12 14:22:00,87.6
2025-06-12 19:20:00,24.3
2025-06-12 01:49:00,34.8
2025-06-12 02:57:00,60.4
2025-06-12 07:02:00,97.0
2025-06-12 19:56:00,55.3
2025-06-12 21:19:00,99.4
2025-06-12 12:27:00,22.8
2025-06-12 18:57:00,50.3160582227961
2025-06-12 04:04:00,50.3160582227961
2025-06-12 15:13:00,71.8
2025-06-12 08:54:00,1.7
2025-06-12 00:43:00,2.3
2025-06-12 09:57:00,26.2
2025-06-12 06:54:00,16.9
2025-06-12 22:15:00,13.3
2025-06-12 00:55:00,0.2
2025-06-12 19:22:00,70.9
2025-06-12 06:20:00,47.2
2025-06-12 07:52:00,66.9
2025-06-12 22:28:00,85.8
2025-06-12 16:13:00,92.1
2025-06-12 12:09:00,58.9
2025-06-12 21:24:00,99.9
2025-06-12 22:05:00,61.7
2025-06-12 07:55:00,25.1
2025-06-12 07:05:00,40.2
2025-06-12 15:36:00,75.9
2025-06-12 19:47:00,43.4
2025-06-12 00:32:00,96.8
2025-06-12 05:24:00,54.6
2025-06-12 04:43:00,42.5
2025-06-12 21:02:00,0.8
2025-06-12 20:53:00,65.0
2025-06-12 01:11:00,65.2
2025-06-12 11:40:00,21.6
2025-06-12 19:06:00,4.1
2025-06-12 10:28:00,46.1
2025-06-12 03:30:00,54.4
2025-06-12 17:55:00,27.9
2025-06-12 02:06:00,50.3160582227961
2025-06-12 19:29:00,50.3160582227961
2025-06-12 22:41:00,45.1
2025-06-12 10:15:00,31.2
2025-06-12 06:49:00,56.7
2025-06-12 01:23:00,70.7
2025-06-12 07:49:00,46.0
2025-06-12 01:58:00,48.0
2025-06-12 01:28:00,80.1
2025-06-12 14:35:00,50.3160582227961
2025-06-12 08:23:00,8.7
2025-06-12 13:11:00,19.6
2025-06-12 18:24:00,2.4
2025-06-12 02:26:00,44.1
2025-06-12 19:38:00,80.3
2025-06-12 15:30:00,50.3160582227961
2025-06-12 22:59:00,78.2
2025-06-12 03:57:00,31.2
2025-06-12 11:08:00,44.4
2025-06-12 21:57:00,20.5
2025-06-12 16:08:00,50.3160582227961
2025-06-12 15:54:00,77.6
2025-06-12 18:44:00,55.4
2025-06-12 20:56:00,85.6
2025-06-12 20:29:00,50.3160582227961
2025-06-12 14:44:00,19.7
2025-06-12 15:38:00,46.1
2025-06-12 20:15:00,88.0
2025-06-12 23:30:00,95.9
2025-06-12 00:28:00,50.3160582227961
2025-06-12 11:09:00,70.1
2025-06-12 04:45:00,98.5
2025-06-12 05:30:00,19.9
2025-06-12 20:07:00,95.0
2025-06-12 10:01:00,50.3160582227961
2025-06-12 16:55:00,50.3160582227961
2025-06-12 05:25:00,90.6
2025-06-12 17:11:00,7.8
2025-06-12 06:44:00,34.2
2025-06-12 23:48:00,1.2
2025-06-12 04:15:00,50.3160582227961
2025-06-12 06:14:00,58.2
2025-06-12 14:43:00,46.9
2025-06-12 11:43:00,50.3160582227961
2025-06-12 21:26:00,96.4
2025-06-12 02:19:00,68.6
2025-06-12 08:02:00,89.0
2025-06-12 09:32:00,51.9
2025-06-12 05:21:00,18.5
2025-06-12 09:44:00,30.1
2025-06-12 20:39:00,98.6
2025-06-12 05:03:00,89.6
2025-06-12 22:14:00,16.2
2025-06-12 20:21:00,2.2
2025-06-12 19:05:00,96.1
2025-06-12 16:25:00,71.0
2025-06-12 02:42:00,92.1
2025-06-12 22:52:00,64.4
2025-06-12 03:53:00,7.1
2025-06-12 20:58:00,3.5
2025-06-12 21:48:00,32.4
2025-06-12 12:34:00,33.7
2025-06-12 19:25:00,3.9
2025-06-12 04:38:00,50.3160582227961
2025-06-12 17:09:00,7.9
2025-06-12 19:36:00,33.8
2025-06-12 13:48:00,26.4
2025-06-12 10:46:00,3.8
2025-06-12 13:58:00,45.7
2025-06-12 11:35:00,50.3160582227961
2025-06-12 05:50:00,41.6
2025-06-12 06:07:00,50.3160582227961
2025-06-12 10:02:00,77.4
2025-06-12 10:47:00,50.3160582227961
2025-06-12 01:01:00,98.2
2025-06-12 12:30:00,20.0
2025-06-12 04:42:00,20.0
2025-06-12 21:23:00,50.3160582227961
2025-06-12 23:32:00,6.8
2025-06-12 09:35:00,98.2
2025-06-12 10:51:00,53.5
2025-06-12 23:15:00,11.1
2025-06-12 01:06:00,88.1
2025-06-12 10:07:00,16.6
2025-06-12 01:59:00,88.5
2025-06-12 18:34:00,89.8
2025-06-12 14:51:00,94.6
2025-06-12 15:55:00,66.5
2025-06-12 03:47:00,25.4
2025-06-12 16:16:00,63.1
2025-06-12 09:56:00,63.8
2025-06-12 14:37:00,32.3
2025-06-12 18:13:00,50.3160582227961
2025-06-12 17:15:00,88.2
2025-06-12 03:31:00,39.9
2025-06-12 15:03:00,85.9
2025-06-12 20:27:00,93.6
2025-06-12 02:45:00,81.0
2025-06-12 20:13:00,18.5
2025-06-12 10:32:00,45.8
2025-06-12 12:24:00,47.1
2025-06-12 04:11:00,55.7
2025-06-12 06:45:00,39.7
2025-06-12 20:05:00,88.6
2025-06-12 21:06:00,50.3160582227961
2025-06-12 23:56:00,11.8
2025-06-12 08:31:00,46.2
2025-06-12 13:29:00,25.1
2025-06-12 19:07:00,93.0
2025-06-12 23:50:00,47.1
2025-06-12 08:13:00,71.6
2025-06-12 00:26:00,65.1
2025-06-12 06:13:00,96.8
2025-06-12 10:13:00,78.2
2025-06-12 01:27:00,27.9
2025-06-12 23:12:00,95.7
2025-06-12 02:28:00,3.0
2025-06-12 18:06:00,61.5
2025-06-12 14:46:00,8.7
2025-06-12 09:13:00,30.7
2025-06-12 05:40:00,74.8
2025-06-12 04:54:00,27.7
2025-06-12 20:48:00,37.1
2025-06-12 17:47:00,50.3
2025-06-12 12:08:00,73.4
2025-06-12 05:32:00,50.3160582227961
2025-06-12 11:21:00,62.7
2025-06-12 14:29:00,47.8
2025-06-12 00:12:00,78.8
2025-06-12 16:06:00,47.4
2025-06-12 08:22:00,39.7
2025-06-12 13:18:00,96.7
2025-06-12 03:09:00,52.4
2025-06-12 05:00:00,83.6
2025-06-12 17:44:00,70.1
2025-06-12 20:12:00,35.9
2025-06-12 04:00:00,28.0
2025-06-12 06:38:00,35.2
2025-06-12 07:15:00,5.6
2025-06-12 14:18:00,45.4
2025-06-12 08:28:00,83.2
2025-06-12 12:17:00,13.9
2025-06-12 05:20:00,50.3160582227961
2025-06-12 04:35:00,35.9
2025-06-12 23:40:00,52.6
2025-06-12 08:52:00,38.8
2025-06-12 23:16:00,80.9
2025-06-12 14:10:00,27.4
2025-06-12 08:17:00,1.0
2025-06-12 09:37:00,56.9
2025-06-12 03:45:00,93.7
2025-06-12 11:20:00,50.4
2025-06-12 12:29:00,18.0
2025-06-12 20:31:00,63.6
2025-06-12 05:39:00,91.6
2025-06-12 11:52:00,86.2
2025-06-12 20:11:00,50.3160582227961
2025-06-12 12:01:00,30.8
2025-06-12 01:21:00,82.3
2025-06-12 06:43:00,7.6
2025-06-12 03:46:00,86.8
2025-06-12 14:24:00,76.9
2025-06-12 03:11:00,49.3
2025-06-12 09:23:00,36.6
2025-06-12 02:48:00,78.9
2025-06-12 21:55:00,77.3
2025-06-12 14:58:00,26.4
2025-06-12 21:04:00,14.0
2025-06-12 21:12:00,32.7
2025-06-12 21:08:00,47.1
2025-06-12 12:23:00,87.6
2025-06-12 14:07:00,67.4
2025-06-12 05:48:00,51.6
2025-06-12 08:30:00,37.5
2025-06-12 20:25:00,86.7
2025-06-12 23:55:00,86.7
2025-06-12 14:08:00,33.4
2025-06-12 23:51:00,55.9
2025-06-12 04:55:00,56.3
2025-06-12 09:31:00,50.3160582227961
2025-06-12 03:08:00,64.5
2025-06-12 02:55:00,50.3160582227961
2025-06-12 15:56:00,88.5
2025-06-12 04:53:00,89.1
2025-06-12 10:03:00,40.1
2025-06-12 00:50:00,30.8
2025-06-12 18:11:00,36.4
2025-06-12 06:59:00,42.5
2025-06-12 15:50:00,27.1
2025-06-12 22:17:00,1.0
2025-06-12 12:52:00,74.5
2025-06-12 08:44:00,24.8
2025-06-12 09:10:00,99.6
2025-06-12 22:44:00,83.7
2025-06-12 14:03:00,72.5
2025-06-12 06:16:00,89.5
2025-06-12 16:27:00,35.7
2025-06-12 08:04:00,21.1
2025-06-12 17:13:00,78.2
2025-06-12 11:37:00,42.7
2025-06-12 09:53:00,92.3
2025-06-12 18:22:00,20.3
2025-06-12 05:45:00,16.9
2025-06-12 03:49:00,24.1
2025-06-12 18:26:00,35.0
2025-06-12 16:40:00,86.6
2025-06-12 04:00:00,19.1
2025-06-12 21:47:00,75.7
2025-06-12 06:00:00,33.4
2025-06-12 13:41:00,37.7
2025-06-12 18:57:00,23.1
2025-06-12 10:59:00,60.8
2025-06-12 09:11:00,82.2
2025-06-12 16:37:00,53.3
2025-06-12 10:44:00,50.04954009433962
2025-06-12 20:33:00,4.3
2025-06-12 14:43:00,87.4
2025-06-12 16:58:00,5.8
2025-06-12 22:16:00,97.1
2025-06-12 16:48:00,27.4
2025-06-12 16:26:00,21.3
2025-06-12 19:28:00,94.4
2025-06-12 22:59:00,27.4
2025-06-12 14:48:00,50.04954009433962
2025-06-12 03:55:00,11.9
2025-06-12 05:50:00,96.8
2025-06-12 05:15:00,75.6
2025-06-12 07:15:00,82.4
2025-06-12 03:34:00,36.3
2025-06-12 23:07:00,76.4
2025-06-12 22:57:00,30.2
2025-06-12 08:41:00,72.7
2025-06-12 09:52:00,76.6
2025-06-12 09:47:00,50.04954009433962
2025-06-12 02:03:00,94.3
2025-06-12 01:07:00,24.7
2025-06-12 23:05:00,94.6
2025-06-12 23:49:00,75.5
2025-06-12 07:43:00,4.4
2025-06-12 13:28:00,96.8
2025-06-12 01:57:00,50.04954009433962
2025-06-12 04:20:00,74.1
2025-06-12 10:01:00,69.7
2025-06-12 14:40:00,14.5
2025-06-12 13:50:00,5.1
2025-06-12 02:09:00,31.9
2025-06-12 15:41:00,15.4
2025-06-12 07:17:00,79.9
2025-06-12 18:11:00,33.9
2025-06-12 18:03:00,49.9
2025-06-12 06:13:00,60.5
2025-06-12 21:53:00,98.9
2025-06-12 18:04:00,42.1
2025-06-12 17:46:00,24.2
2025-06-12 15:55:00,50.04954009433962
2025-06-12 11:16:00,10.6
2025-06-12 02:22:00,61.5
2025-06-12 01:43:00,19.2
2025-06-12 15:38:00,50.04954009433962
2025-06-12 22:27:00,10.3
2025-06-12 17:48:00,66.7
2025-06-12 15:58:00,20.5
2025-06-12 08:07:00,58.6
2025-06-12 09:27:00,14.6
2025-06-12 07:18:00,47.1
2025-06-12 22:35:00,34.0
2025-06-12 14:51:00,79.6
2025-06-12 12:54:00,2.5
2025-06-12 05:30:00,15.8
2025-06-12 15:00:00,68.9
2025-06-12 08:24:00,50.04954009433962
2025-06-12 05:06:00,33.7
2025-06-12 02:42:00,67.1
2025-06-12 03:41:00,50.04954009433962
2025-06-12 03:52:00,38.9
2025-06-12 04:28:00,50.04954009433962
2025-06-12 16:45:00,89.1
2025-06-12 12:21:00,4.9
2025-06-12 05:59:00,97.3
2025-06-12 23:31:00,50.04954009433962
2025-06-12 20:52:00,78.0
2025-06-12 03:47:00,78.2
2025-06-12 04:13:00,90.9
2025-06-12 03:56:00,31.2
2025-06-12 13:43:00,40.6
2025-06-12 12:04:00,45.8
2025-06-12 23:55:00,91.2
2025-06-12 20:04:00,45.1
2025-06-12 07:34:00,92.5
2025-06-12 06:01:00,88.5
2025-06-12 12:03:00,50.04954009433962
2025-06-12 21:13:00,16.7
2025-06-12 01:55:00,22.6
2025-06-12 14:19:00,49.0
2025-06-12 05:55:00,54.0
2025-06-12 14:24:00,77.3
2025-06-12 14:31:00,80.7
2025-06-12 16:44:00,55.1
2025-06-12 04:10:00,50.04954009433962
2025-06-12 19:58:00,53.7
2025-06-12 10:09:00,61.7
2025-06-12 14:08:00,35.6
2025-06-12 22:08:00,55.7
2025-06-12 08:45:00,0.4
2025-06-12 00:46:00,50.6
2025-06-12 14:05:00,19.1
2025-06-12 07:31:00,96.9
2025-06-12 23:16:00,82.4
2025-06-12 22:12:00,66.5
2025-06-12 11:03:00,8.0
2025-06-12 05:03:00,98.1
2025-06-12 13:11:00,90.1
2025-06-12 23:20:00,58.1
2025-06-12 00:37:00,9.7
2025-06-12 06:11:00,1.9
2025-06-12 07:14:00,53.5
2025-06-12 01:34:00,94.6
2025-06-12 02:46:00,18.7
2025-06-12 02:36:00,50.04954009433962
2025-06-12 01:46:00,98.5
2025-06-12 10:25:00,50.04954009433962
2025-06-12 04:37:00,36.0
2025-06-12 00:43:00,42.3
2025-06-12 02:14:00,12.5
2025-06-12 00:02:00,29.4
2025-06-12 08:09:00,50.04954009433962
2025-06-12 17:52:00,78.9
2025-06-12 07:56:00,94.3
2025-06-12 00:24:00,86.3
2025-06-12 05:28:00,50.04954009433962
2025-06-12 03:33:00,32.5
2025-06-12 06:04:00,50.04954009433962
2025-06-12 01:20:00,50.04954009433962
2025-06-12 19:55:00,91.7
2025-06-12 13:34:00,38.9
2025-06-12 20:20:00,31.9
2025-06-12 05:17:00,58.6
2025-06-12 05:23:00,35.6
2025-06-12 09:30:00,86.7
2025-06-12 16:06:00,1.8
2025-06-12 19:49:00,96.6
2025-06-12 10:23:00,32.5
2025-06-12 11:26:00,77.2
2025-06-12 08:36:00,80.8
2025-06-12 00:31:00,34.6
2025-06-12 23:12:00,47.3
2025-06-12 21:12:00,21.7
2025-06-12 12:53:00,31.7
2025-06-12 08:29:00,24.5
2025-06-12 17:09:00,2.2
2025-06-12 19:21:00,87.5
2025-06-12 01:32:00,19.5
2025-06-12 10:47:00,52.5
2025-06-12 02:38:00,72.3
2025-06-12 23:30:00,9.4
2025-06-12 03:08:00,40.9
2025-06-12 11:06:00,89.6
2025-06-12 16:39:00,34.1
2025-06-12 09:06:00,67.4
2025-06-12 21:50:00,98.2
2025-06-12 03:45:00,60.7
2025-06-12 18:20:00,75.4
2025-06-12 00:41:00,42.8
2025-06-12 07:03:00,56.5
2025-06-12 18:17:00,54.1
2025-06-12 15:40:00,44.0
2025-06-12 06:45:00,46.7
2025-06-12 17:59:00,96.2
2025-06-12 01:25:00,97.2
2025-06-12 08:00:00,17.9
2025-06-12 22:51:00,50.04954009433962
2025-06-12 09:40:00,9.7
2025-06-12 21:10:00,97.1
2025-06-12 20:41:00,60.7
2025-06-12 15:11:00,6.4
2025-06-12 22:30:00,58.8
2025-06-12 13:09:00,82.5
2025-06-12 21:44:00,59.0
2025-06-12 04:52:00,70.9
2025-06-12 00:48:00,25.1
2025-06-12 13:29:00,65.3
2025-06-12 09:16:00,82.7
2025-06-12 12:16:00,21.9
2025-06-12 20:36:00,50.04954009433962
2025-06-12 06:39:00,69.4
2025-06-12 07:48:00,6.6
2025-06-12 15:36:00,91.8
2025-06-12 20:24:00,97.5
2025-06-12 20:18:00,56.4
2025-06-12 04:56:00,80.2
2025-06-12 07:10:00,50.04954009433962
2025-06-12 23:19:00,25.1
2025-06-12 09:58:00,68.1
2025-06-12 07:33:00,36.1
2025-06-12 02:40:00,0.1
2025-06-12 21:42:00,50.04954009433962
2025-06-12 03:48:00,48.5
2025-06-12 10:45:00,32.0
2025-06-12 16:01:00,76.3
2025-06-12 10:15:00,26.1
2025-06-12 11:42:00,98.9
2025-06-12 04:39:00,44.8
2025-06-12 14:03:00,35.9
2025-06-12 11:34:00,15.6
2025-06-12 15:49:00,20.7
2025-06-12 23:22:00,50.04954009433962
2025-06-12 19:54:00,50.04954009433962
2025-06-12 08:02:00,64.4
2025-06-12 08:04:00,34.9
2025-06-12 05:20:00,86.0
2025-06-12 09:07:00,19.5
2025-06-12 06:17:00,33.9
2025-06-12 00:15:00,57.7
2025-06-12 12:20:00,85.6
2025-06-12 00:14:00,50.04954009433962
2025-06-12 21:19:00,58.4
2025-06-12 17:45:00,50.04954009433962
2025-06-12 21:48:00,31.0
2025-06-12 06:55:00,59.8
2025-06-12 06:51:00,57.6
2025-06-12 12:49:00,9.8
2025-06-12 07:02:00,65.7
2025-06-12 21:06:00,50.04954009433962
2025-06-12 07:26:00,7.1
2025-06-12 14:37:00,42.6
2025-06-12 09:02:00,84.9
2025-06-12 18:45:00,41.3
2025-06-12 11:54:00,36.1
2025-06-12 10:20:00,77.8
2025-06-12 07:59:00,20.1
2025-06-12 14:42:00,76.4
2025-06-12 07:06:00,34.4
2025-06-12 02:53:00,30.8
2025-06-12 15:07:00,97.5
2025-06-12 03:25:00,41.4
2025-06-12 09:29:00,83.0
2025-06-12 14:36:00,59.0
2025-06-12 20:09:00,46.4
2025-06-12 22:47:00,18.5
2025-06-12 10:13:00,85.3
2025-06-12 00:53:00,74.8
2025-06-12 18:59:00,42.8
2025-06-12 23:44:00,50.04954009433962
2025-06-12 14:27:00,34.9
2025-06-12 15:24:00,61.7
2025-06-12 15:47:00,50.04954009433962
2025-06-12 16:15:00,61.9
2025-06-12 07:27:00,50.04954009433962
2025-06-12 06:18:00,5.2
2025-06-12 19:41:00,2.4
2025-06-12 07:20:00,30.6
2025-06-12 09:28:00,26.9
2025-06-12 05:47:00,50.04954009433962
2025-06-12 14:23:00,21.3
2025-06-12 06:05:00,32.6
2025-06-12 19:57:00,51.6
2025-06-12 21:51:00,50.04954009433962
2025-06-12 09:05:00,11.0
2025-06-12 08:50:00,50.04954009433962
2025-06-12 02:12:00,39.7
2025-06-12 20:58:00,27.4
2025-06-12 19:39:00,26.6
2025-06-12 15:14:00,50.04954009433962
2025-06-12 10:02:00,31.8
2025-06-12 20:16:00,77.4
2025-06-12 21:29:00,47.8
2025-06-12 21:37:00,2.1
2025-06-12 19:51:00,8.2
2025-06-12 18:29:00,50.04954009433962
2025-06-12 14:30:00,67.7
2025-06-12 03:09:00,20.1
2025-06-12 20:34:00,16.2
2025-06-12 13:42:00,50.04954009433962
2025-06-12 04:22:00,60.6
2025-06-12 03:37:00,54.5
2025-06-12 20:43:00,0.6
2025-06-12 23:42:00,77.6
2025-06-12 19:29:00,50.04954009433962
2025-06-12 00:00:00,26.5
2025-06-12 17:40:00,31.6
2025-06-12 13:35:00,88.8
2025-06-12 08:42:00,55.6
2025-06-12 16:17:00,73.7
2025-06-12 02:28:00,35.8
2025-06-12 15:53:00,25.5
2025-06-12 00:52:00,23.6
2025-06-12 21:28:00,50.04954009433962
2025-06-12 00:21:00,48.8
2025-06-12 18:15:00,77.7
2025-06-12 08:59:00,78.4
2025-06-12 20:11:00,92.2
2025-06-12 22:15:00,26.9
2025-06-12 01:26:00,85.2
2025-06-12 02:43:00,61.3
2025-06-12 19:52:00,6.6
2025-06-12 20:14:00,1.5
2025-06-12 18:40:00,76.0
2025-06-12 01:44:00,7.7
2025-06-12 09:13:00,50.04954009433962
2025-06-12 02:08:00,27.8
2025-06-12 09:48:00,27.2
2025-06-12 19:43:00,50.04954009433962
2025-06-12 14:17:00,36.2
2025-06-12 04:17:00,4.4
2025-06-12 16:03:00,77.4
2025-06-12 01:18:00,50.06682414078186
2025-06-12 10:44:00,93.5
2025-06-12 10:01:00,20.7
2025-06-12 03:10:00,90.9
2025-06-12 06:40:00,46.4
2025-06-12 21:08:00,68.0
2025-06-12 03:50:00,9.8
2025-06-12 11:39:00,41.7
2025-06-12 02:01:00,50.06682414078186
2025-06-12 07:32:00,72.5
2025-06-12 21:02:00,82.0
2025-06-12 21:29:00,29.5
2025-06-12 07:59:00,61.1
2025-06-12 13:14:00,95.4
2025-06-12 00:30:00,91.8
2025-06-12 15:36:00,50.06682414078186
2025-06-12 02:49:00,50.06682414078186
2025-06-12 02:15:00,12.3
2025-06-12 05:33:00,62.3
2025-06-12 08:36:00,13.4
2025-06-12 19:30:00,22.7
2025-06-12 08:10:00,79.4
2025-06-12 19:32:00,36.6
2025-06-12 22:28:00,66.8
2025-06-12 12:37:00,25.1
2025-06-12 05:14:00,3.4
2025-06-12 14:45:00,50.06682414078186
2025-06-12 11:33:00,87.2
2025-06-12 15:31:00,76.2
2025-06-12 18:02:00,80.2
2025-06-12 04:15:00,35.9
2025-06-12 20:12:00,50.06682414078186
2025-06-12 00:00:00,15.8
2025-06-12 20:37:00,12.0
2025-06-12 04:34:00,94.6
2025-06-12 07:08:00,70.5
2025-06-12 05:51:00,33.0
2025-06-12 08:04:00,80.7
2025-06-12 11:31:00,10.2
2025-06-12 05:53:00,84.7
2025-06-12 07:25:00,40.0
2025-06-12 21:43:00,89.6
2025-06-12 16:00:00,51.9
2025-06-12 01:27:00,64.0
2025-06-12 22:31:00,16.2
2025-06-12 13:15:00,25.7
2025-06-12 14:25:00,82.4
2025-06-12 22:41:00,50.06682414078186
2025-06-12 03:08:00,40.0
2025-06-12 11:34:00,22.4
2025-06-12 06:35:00,62.9
2025-06-12 00:47:00,50.6
2025-06-12 19:58:00,92.1
2025-06-12 14:28:00,68.6
2025-06-12 13:42:00,52.8
2025-06-12 07:15:00,7.5
2025-06-12 19:24:00,82.0
2025-06-12 04:14:00,7.3
2025-06-12 20:08:00,19.9
2025-06-12 19:14:00,48.1
2025-06-12 18:52:00,15.6
2025-06-12 02:14:00,95.6
2025-06-12 15:55:00,92.8
2025-06-12 16:39:00,50.06682414078186
2025-06-12 00:01:00,50.06682414078186
2025-06-12 01:06:00,52.7
2025-06-12 03:54:00,38.2
2025-06-12 16:28:00,50.06682414078186
2025-06-12 17:02:00,90.1
2025-06-12 01:51:00,75.5
2025-06-12 13:17:00,39.3
2025-06-12 10:47:00,50.06682414078186
2025-06-12 00:36:00,50.06682414078186
2025-06-12 12:22:00,69.8
2025-06-12 02:58:00,70.2
2025-06-12 01:31:00,19.9
2025-06-12 00:04:00,52.2
2025-06-12 21:07:00,27.8
2025-06-12 09:43:00,79.1
2025-06-12 22:26:00,71.5
2025-06-12 14:09:00,4.0
2025-06-12 20:35:00,41.4
2025-06-12 20:26:00,50.06682414078186
2025-06-12 06:45:00,7.2
2025-06-12 05:36:00,18.6
2025-06-12 20:54:00,64.1
2025-06-12 18:55:00,50.2
2025-06-12 00:39:00,15.0
2025-06-12 04:09:00,89.9
2025-06-12 13:56:00,69.5
2025-06-12 13:58:00,95.0
2025-06-12 05:42:00,1.2
2025-06-12 13:53:00,46.3
2025-06-12 16:16:00,50.06682414078186
2025-06-12 15:16:00,97.5
2025-06-12 09:38:00,70.5
2025-06-12 10:13:00,10.7
2025-06-12 15:04:00,22.3
2025-06-12 14:17:00,97.4
2025-06-12 08:09:00,70.9
2025-06-12 09:32:00,50.06682414078186
2025-06-12 13:26:00,98.9
2025-06-12 12:50:00,9.8
2025-06-12 04:10:00,22.4
2025-06-12 06:26:00,26.7
2025-06-12 13:32:00,77.9
2025-06-12 00:38:00,1.9
2025-06-12 06:18:00,50.06682414078186
2025-06-12 11:30:00,14.1
2025-06-12 19:35:00,47.7
2025-06-12 08:27:00,87.0
2025-06-12 23:30:00,12.9
2025-06-12 07:13:00,7.0
2025-06-12 19:17:00,12.1
2025-06-12 03:58:00,64.3
2025-06-12 06:41:00,50.06682414078186
2025-06-12 10:19:00,74.1
2025-06-12 19:47:00,43.5
2025-06-12 11:36:00,47.9
2025-06-12 14:47:00,92.5
2025-06-12 11:56:00,80.3
2025-06-12 10:36:00,67.8
2025-06-12 06:33:00,99.1
2025-06-12 16:25:00,10.9
2025-06-12 09:57:00,40.2
2025-06-12 08:20:00,99.3
2025-06-12 01:05:00,19.1
2025-06-12 06:15:00,24.9
2025-06-12 16:57:00,31.4
2025-06-12 20:39:00,57.7
2025-06-12 14:44:00,84.5
2025-06-12 07:34:00,50.06682414078186
2025-06-12 02:33:00,76.8
2025-06-12 06:47:00,80.4
2025-06-12 23:49:00,57.5
2025-06-12 22:57:00,50.06682414078186
2025-06-12 22:46:00,39.8
2025-06-12 07:01:00,35.1
2025-06-12 00:24:00,17.8
2025-06-12 12:29:00,63.7
2025-06-12 03:03:00,46.6
2025-06-12 06:29:00,47.9
2025-06-12 10:16:00,22.9
2025-06-12 11:53:00,30.7
2025-06-12 17:03:00,29.8
2025-06-12 06:25:00,88.6
2025-06-12 16:10:00,21.2
2025-06-12 22:55:00,2.5
2025-06-12 07:14:00,43.3
2025-06-12 18:04:00,50.06682414078186
2025-06-12 00:31:00,50.06682414078186
2025-06-12 06:32:00,96.3
2025-06-12 00:49:00,50.3
2025-06-12 15:59:00,50.06682414078186
2025-06-12 22:06:00,10.5
2025-06-12 13:50:00,30.9
2025-06-12 04:44:00,6.4
2025-06-12 05:31:00,87.1
2025-06-12 08:58:00,9.9
2025-06-12 03:36:00,70.9
2025-06-12 10:42:00,19.6
2025-06-12 17:39:00,96.0
2025-06-12 02:56:00,89.2
2025-06-12 02:10:00,92.6
2025-06-12 17:58:00,14.1
2025-06-12 19:12:00,35.1
2025-06-12 03:38:00,60.8
2025-06-12 08:07:00,52.7
2025-06-12 13:31:00,78.4
2025-06-12 01:12:00,50.06682414078186
2025-06-12 05:46:00,50.06682414078186
2025-06-12 19:41:00,88.2
2025-06-12 02:40:00,64.7
2025-06-12 01:36:00,30.1
2025-06-12 12:00:00,80.3
2025-06-12 15:44:00,38.8
2025-06-12 03:42:00,28.7
2025-06-12 16:32:00,54.9
2025-06-12 01:46:00,79.1
2025-06-12 18:22:00,5.3
2025-06-12 13:30:00,50.06682414078186
2025-06-12 00:35:00,9.2
2025-06-12 00:08:00,64.2
2025-06-12 18:14:00,87.3
2025-06-12 01:24:00,39.0
2025-06-12 21:56:00,21.4
2025-06-12 16:59:00,5.0
2025-06-12 20:15:00,6.0
2025-06-12 03:45:00,86.8
2025-06-12 05:32:00,82.9
2025-06-12 11:14:00,27.1
2025-06-12 07:18:00,72.1
2025-06-12 18:46:00,41.7
2025-06-12 23:03:00,47.5
2025-06-12 22:18:00,11.9
2025-06-12 12:18:00,50.0
2025-06-12 13:24:00,48.6
2025-06-12 10:39:00,32.4
2025-06-12 06:17:00,71.4
2025-06-12 18:12:00,60.5
2025-06-12 05:10:00,41.8
2025-06-12 00:16:00,4.4
2025-06-12 21:11:00,79.9
2025-06-12 06:08:00,38.7
2025-06-12 00:23:00,93.2
2025-06-12 22:37:00,5.3
2025-06-12 13:29:00,98.2
2025-06-12 15:09:00,92.0
2025-06-12 07:56:00,93.2
2025-06-12 17:45:00,52.9
2025-06-12 10:34:00,65.7
2025-06-12 08:45:00,68.9
2025-06-12 20:44:00,14.3
2025-06-12 16:54:00,50.06682414078186
2025-06-12 22:47:00,31.8
2025-06-12 09:46:00,50.06682414078186
2025-06-12 04:38:00,84.9
2025-06-12 11:06:00,71.0
2025-06-12 12:32:00,50.06682414078186
2025-06-12 16:42:00,78.7
2025-06-12 02:37:00,8.1
2025-06-12 03:21:00,50.06682414078186
2025-06-12 01:13:00,58.0
2025-06-12 03:18:00,41.1
2025-06-12 03:29:00,50.06682414078186
2025-06-12 16:45:00,30.3
2025-06-12 00:55:00,29.8
2025-06-12 02:17:00,47.9
2025-06-12 15:30:00,41.1
2025-06-12 15:22:00,50.06682414078186
2025-06-12 03:26:00,98.4
2025-06-12 23:29:00,64.6
2025-06-12 19:59:00,50.06682414078186
2025-06-12 09:20:00,77.4
2025-06-12 11:41:00,50.06682414078186
2025-06-12 21:57:00,71.5
2025-06-12 17:17:00,71.9
2025-06-12 07:06:00,28.9
2025-06-12 06:20:00,59.4
2025-06-12 14:37:00,50.06682414078186
2025-06-12 08:13:00,21.4
2025-06-12 23:27:00,52.3
2025-06-12 04:47:00,55.9
2025-06-12 00:59:00,92.5
2025-06-12 22:54:00,13.8
2025-06-12 12:35:00,98.9
2025-06-12 21:05:00,50.06682414078186
2025-06-12 03:02:00,11.7
2025-06-12 18:27:00,40.1
2025-06-12 18:33:00,56.6
2025-06-12 14:18:00,50.06682414078186
2025-06-12 08:47:00,42.7
2025-06-12 06:51:00,17.1
2025-06-12 15:40:00,81.0
2025-06-12 12:48:00,40.2
2025-06-12 00:46:00,21.1
2025-06-12 04:41:00,90.1
2025-06-12 04:48:00,78.9
2025-06-12 03:04:00,60.0
2025-06-12 20:01:00,54.6
2025-06-12 22:05:00,43.9
2025-06-12 05:04:00,4.4
2025-06-12 02:02:00,42.9
2025-06-12 11:35:00,51.6
2025-06-12 08:21:00,32.3
2025-06-12 04:13:00,81.7
2025-06-12 23:41:00,14.0
2025-06-12 18:56:00,72.1
2025-06-12 08:11:00,13.5
2025-06-12 15:54:00,64.7
2025-06-12 14:14:00,52.8
2025-06-12 18:40:00,90.8
2025-06-12 21:40:00,76.2
2025-06-12 07:40:00,27.3
2025-06-12 09:25:00,99.6
2025-06-12 00:43:00,95.1
2025-06-12 19:52:00,50.06682414078186
2025-06-12 23:42:00,26.8
2025-06-12 20:20:00,20.0
2025-06-12 09:58:00,4.2
2025-06-12 10:43:00,63.8
2025-06-12 03:52:00,55.9
2025-06-12 11:02:00,53.7
2025-06-12 00:41:00,40.7
2025-06-12 01:17:00,49.6
2025-06-12 06:43:00,30.2
2025-06-12 09:26:00,1.7
2025-06-12 16:19:00,50.06682414078186
2025-06-12 18:54:00,17.8
2025-06-12 06:31:00,92.7
2025-06-12 21:54:00,85.2
2025-06-12 04:04:00,54.2
2025-06-12 07:50:00,23.4
2025-06-12 14:53:00,16.9
2025-06-12 20:30:00,69.2
2025-06-12 03:20:00,49.378098152289034
2025-06-12 15:04:00,39.7
2025-06-12 18:04:00,94.1
2025-06-12 20:58:00,39.6
2025-06-12 12:59:00,45.6
2025-06-12 06:58:00,49.378098152289034
2025-06-12 02:53:00,37.0
2025-06-12 04:42:00,49.378098152289034
2025-06-12 14:16:00,35.5
2025-06-12 10:29:00,49.378098152289034
2025-06-12 01:10:00,41.1
2025-06-12 20:37:00,31.6
2025-06-12 06:11:00,4.2
2025-06-12 21:32:00,39.7
2025-06-12 03:28:00,49.378098152289034
2025-06-12 15:14:00,49.378098152289034
2025-06-12 19:29:00,88.0
2025-06-12 02:59:00,4.3
2025-06-12 15:09:00,49.378098152289034
2025-06-12 20:12:00,81.5
2025-06-12 08:58:00,74.0
2025-06-12 23:24:00,36.6
2025-06-12 23:16:00,49.378098152289034
2025-06-12 20:06:00,46.4
2025-06-12 19:22:00,7.9
2025-06-12 17:20:00,83.8
2025-06-12 05:24:00,38.0
2025-06-12 08:16:00,82.7
2025-06-12 15:18:00,7.0
2025-06-12 09:23:00,21.9
2025-06-12 03:01:00,17.2
2025-06-12 19:00:00,49.378098152289034
2025-06-12 06:27:00,98.9
2025-06-12 17:30:00,49.378098152289034
2025-06-12 05:08:00,76.9
2025-06-12 18:13:00,75.0
2025-06-12 04:11:00,49.378098152289034
2025-06-12 11:29:00,18.1
2025-06-12 15:47:00,49.378098152289034
2025-06-12 22:21:00,49.378098152289034
2025-06-12 21:19:00,13.5
2025-06-12 18:54:00,49.378098152289034
2025-06-12 06:19:00,49.378098152289034
2025-06-12 20:29:00,41.3
2025-06-12 03:29:00,53.3
2025-06-12 17:45:00,15.7
2025-06-12 15:22:00,47.6
2025-06-12 03:40:00,23.7
2025-06-12 05:52:00,91.0
2025-06-12 23:52:00,49.378098152289034
2025-06-12 22:16:00,48.7
2025-06-12 08:44:00,74.6
2025-06-12 08:09:00,42.4
2025-06-12 13:03:00,49.378098152289034
2025-06-12 18:23:00,83.3
2025-06-12 22:22:00,49.378098152289034
2025-06-12 20:55:00,49.378098152289034
2025-06-12 18:05:00,18.0
2025-06-12 03:39:00,3.7
2025-06-12 04:15:00,95.9
2025-06-12 08:54:00,43.2
2025-06-12 09:48:00,64.9
2025-06-12 11:35:00,52.2
2025-06-12 07:35:00,79.2
2025-06-12 03:32:00,2.7
2025-06-12 09:18:00,49.378098152289034
2025-06-12 18:40:00,49.378098152289034
2025-06-12 17:03:00,49.378098152289034
2025-06-12 07:36:00,7.4
2025-06-12 04:03:00,81.7
2025-06-12 22:47:00,49.378098152289034
2025-06-12 21:15:00,49.378098152289034
2025-06-12 09:28:00,67.3
2025-06-12 21:24:00,95.8
2025-06-12 00:08:00,62.2
2025-06-12 12:41:00,56.5
2025-06-12 18:59:00,43.8
2025-06-12 01:46:00,62.6
2025-06-12 08:11:00,53.4
2025-06-12 11:26:00,55.8
2025-06-12 10:33:00,33.6
2025-06-12 14:06:00,62.3
2025-06-12 15:31:00,1.1
2025-06-12 14:40:00,45.3
2025-06-12 07:31:00,75.4
2025-06-12 00:20:00,97.3
2025-06-12 03:46:00,85.3
2025-06-12 21:58:00,49.378098152289034
2025-06-12 23:34:00,84.5
2025-06-12 05:15:00,49.378098152289034
2025-06-12 13:53:00,49.378098152289034
2025-06-12 08:51:00,57.7
2025-06-12 04:18:00,49.378098152289034
2025-06-12 16:56:00,49.378098152289034
2025-06-12 21:06:00,68.3
2025-06-12 11:02:00,83.3
2025-06-12 17:59:00,36.4
2025-06-12 23:04:00,8.9
2025-06-12 06:04:00,65.7
2025-06-12 13:49:00,49.378098152289034
2025-06-12 21:09:00,21.1
2025-06-12 21:26:00,62.3
2025-06-12 06:01:00,49.378098152289034
2025-06-12 08:04:00,52.0
2025-06-12 08:36:00,83.4
2025-06-12 05:22:00,22.1
2025-06-12 07:40:00,49.378098152289034
2025-06-12 14:17:00,99.9
2025-06-12 09:59:00,61.9
2025-06-12 03:13:00,38.2
2025-06-12 09:31:00,9.3
2025-06-12 00:24:00,82.5
2025-06-12 04:02:00,75.8
2025-06-12 13:56:00,81.9
2025-06-12 14:13:00,30.7
2025-06-12 19:19:00,17.1
2025-06-12 16:28:00,51.4
2025-06-12 08:34:00,78.3
2025-06-12 22:05:00,26.7
2025-06-12 20:08:00,59.8
2025-06-12 14:27:00,75.4
2025-06-12 09:51:00,43.6
2025-06-12 14:52:00,71.3
2025-06-12 20:03:00,49.378098152289034
2025-06-12 23:30:00,71.1
2025-06-12 13:14:00,54.8
2025-06-12 00:22:00,23.9
2025-06-12 20:53:00,41.2
2025-06-12 10:43:00,49.378098152289034
2025-06-12 22:46:00,18.5
2025-06-12 15:56:00,49.378098152289034
2025-06-12 05:09:00,56.6
2025-06-12 11:36:00,22.3
2025-06-12 23:36:00,37.5
2025-06-12 18:33:00,65.2
2025-06-12 18:35:00,49.378098152289034
2025-06-12 22:52:00,90.3
2025-06-12 16:58:00,79.3
2025-06-12 23:27:00,5.1
2025-06-12 14:26:00,68.3
2025-06-12 14:43:00,71.9
2025-06-12 02:49:00,60.0
2025-06-12 00:48:00,83.5
2025-06-12 23:22:00,48.0
2025-06-12 06:21:00,93.8
2025-06-12 10:57:00,45.0
2025-06-12 00:57:00,93.3
2025-06-12 16:21:00,29.0
2025-06-12 11:05:00,41.5
2025-06-12 10:22:00,38.4
2025-06-12 03:30:00,76.6
2025-06-12 15:25:00,74.8
2025-06-12 16:55:00,63.8
2025-06-12 11:24:00,45.2
2025-06-12 07:59:00,49.378098152289034
2025-06-12 15:16:00,55.1
2025-06-12 17:56:00,38.2
2025-06-12 14:45:00,82.5
2025-06-12 16:49:00,49.378098152289034
2025-06-12 08:33:00,58.4
2025-06-12 05:34:00,37.9
2025-06-12 04:50:00,53.2
2025-06-12 15:37:00,49.378098152289034
2025-06-12 09:08:00,94.7
2025-06-12 12:06:00,22.3
2025-06-12 05:58:00,23.5
2025-06-12 09:11:00,16.2
2025-06-12 11:34:00,28.6
2025-06-12 04:47:00,43.4
2025-06-12 06:39:00,15.1
2025-06-12 01:14:00,21.9
2025-06-12 03:21:00,33.4
2025-06-12 03:05:00,16.3
2025-06-12 02:18:00,49.8
2025-06-12 10:31:00,79.5
2025-06-12 14:44:00,59.9
2025-06-12 21:35:00,49.378098152289034
2025-06-12 21:29:00,87.3
2025-06-12 21:21:00,46.8
2025-06-12 19:37:00,22.6
2025-06-12 20:34:00,0.8
2025-06-12 07:47:00,37.3
2025-06-12 02:56:00,18.6
2025-06-12 05:43:00,60.7
2025-06-12 13:13:00,49.378098152289034
2025-06-12 16:59:00,89.9
2025-06-12 01:30:00,49.378098152289034
2025-06-12 14:49:00,6.3
2025-06-12 15:07:00,19.0
2025-06-12 11:22:00,49.378098152289034
2025-06-12 02:29:00,49.378098152289034
2025-06-12 02:00:00,26.6
2025-06-12 19:10:00,0.0
2025-06-12 21:03:00,49.378098152289034
2025-06-12 23:21:00,3.2
2025-06-12 07:55:00,39.3
2025-06-12 07:11:00,22.8
2025-06-12 05:48:00,49.378098152289034
2025-06-12 11:41:00,73.7
2025-06-12 12:27:00,19.5
2025-06-12 01:48:00,29.3
2025-06-12 12:35:00,85.5
2025-06-12 10:03:00,57.7
2025-06-12 04:19:00,48.2
2025-06-12 21:23:00,64.1
2025-06-12 07:43:00,32.9
2025-06-12 00:19:00,29.3
2025-06-12 13:34:00,76.6
2025-06-12 11:11:00,23.9
2025-06-12 06:05:00,63.4
2025-06-12 18:30:00,31.4
2025-06-12 17:23:00,93.2
2025-06-12 03:02:00,54.8
2025-06-12 22:42:00,1.3
2025-06-12 21:07:00,30.8
2025-06-12 01:15:00,40.2
2025-06-12 23:05:00,55.5
2025-06-12 22:32:00,94.6
2025-06-12 17:50:00,23.7
2025-06-12 16:09:00,29.7
2025-06-12 21:08:00,58.3
2025-06-12 02:24:00,55.0
2025-06-12 08:00:00,6.1
2025-06-12 22:08:00,2.4
2025-06-12 23:46:00,12.3
2025-06-12 12:57:00,22.4
2025-06-12 03:11:00,13.9
2025-06-12 16:38:00,49.378098152289034
2025-06-12 00:11:00,88.2
2025-06-12 00:00:00,58.2
2025-06-12 15:30:00,18.2
2025-06-12 02:05:00,66.9
2025-06-12 23:07:00,94.2
2025-06-12 19:11:00,51.0
2025-06-12 01:11:00,2.4
2025-06-12 11:07:00,83.1
2025-06-12 18:27:00,55.2
2025-06-12 00:40:00,46.5
2025-06-12 00:10:00,29.5
2025-06-12 11:47:00,4.8
2025-06-12 01:17:00,49.378098152289034
2025-06-12 04:13:00,68.7
2025-06-12 03:08:00,71.7
2025-06-12 12:17:00,95.7
2025-06-12 16:05:00,34.8
2025-06-12 02:34:00,63.7
2025-06-12 00:02:00,96.2
2025-06-12 01:59:00,49.378098152289034
2025-06-12 06:28:00,7.0
2025-06-12 15:29:00,73.8
2025-06-12 14:28:00,75.0
2025-06-12 11:16:00,93.6
2025-06-12 16:42:00,31.0
2025-06-12 02:31:00,83.3
2025-06-12 07:18:00,68.0
2025-06-12 09:30:00,10.5
2025-06-12 06:08:00,49.378098152289034
2025-06-12 20:28:00,91.7
2025-06-12 05:17:00,21.6
2025-06-12 03:59:00,32.7
2025-06-12 22:10:00,24.0
2025-06-12 14:15:00,16.4
2025-06-12 23:58:00,28.6
2025-06-12 14:24:00,1.9
2025-06-12 01:09:00,11.9
2025-06-12 11:15:00,49.378098152289034
2025-06-12 08:50:00,24.1
2025-06-12 13:51:00,75.9
2025-06-12 09:12:00,88.1
2025-06-12 21:28:00,35.8
2025-06-12 19:30:00,86.2
2025-06-12 09:09:00,40.9
2025-06-12 01:56:00,87.4
2025-06-12 13:25:00,11.2
2025-06-12 19:59:00,49.378098152289034
2025-06-12 20:42:00,45.5
2025-06-12 11:21:00,13.1
2025-06-12 08:10:00,49.378098152289034
2025-06-12 09:19:00,49.378098152289034
2025-06-12 19:44:00,71.3
2025-06-12 17:01:00,49.378098152289034
2025-06-12 09:03:00,51.7
2025-06-12 04:28:00,9.6
2025-06-12 21:22:00,99.5
2025-06-12 14:14:00,96.8
2025-06-12 17:24:00,60.2
2025-06-12 07:33:00,23.0
2025-06-12 03:57:00,98.3
2025-06-12 12:53:00,49.378098152289034
2025-06-12 00:38:00,99.3
2025-06-12 16:14:00,49.378098152289034
2025-06-12 18:34:00,75.7
2025-06-12 02:16:00,17.6
2025-06-12 11:43:00,31.0
2025-06-12 20:30:00,57.6
2025-06-12 22:48:00,1.8
2025-06-12 19:23:00,47.1
2025-06-12 15:57:00,49.378098152289034
2025-06-12 16:06:00,16.4
2025-06-12 02:03:00,69.0
2025-06-12 06:25:00,88.7
2025-06-12 07:42:00,84.7
2025-06-12 05:23:00,11.3
2025-06-12 07:20:00,15.2
2025-06-12 10:27:00,9.8
2025-06-12 15:38:00,95.9
2025-06-12 11:56:00,98.8
2025-06-12 08:00:00,49.86672560113154
2025-06-12 08:51:00,37.7
2025-06-12 01:31:00,11.9
2025-06-12 16:07:00,9.5
2025-06-12 17:33:00,95.0
2025-06-12 23:37:00,25.5
2025-06-12 17:46:00,6.6
2025-06-12 22:54:00,69.0
2025-06-12 19:03:00,35.5
2025-06-12 23:39:00,97.0
2025-06-12 00:31:00,49.86672560113154
2025-06-12 00:30:00,57.9
2025-06-12 05:21:00,37.0
2025-06-12 06:25:00,99.7
2025-06-12 23:59:00,83.1
2025-06-12 11:39:00,49.86672560113154
2025-06-12 07:56:00,17.2
2025-06-12 20:19:00,61.5
2025-06-12 16:58:00,11.5
2025-06-12 14:52:00,69.8
2025-06-12 01:23:00,49.86672560113154
2025-06-12 09:51:00,35.6
2025-06-12 13:31:00,49.86672560113154
2025-06-12 17:13:00,79.3
2025-06-12 08:07:00,90.2
2025-06-12 04:21:00,26.4
2025-06-12 07:18:00,22.6
2025-06-12 16:35:00,95.3
2025-06-12 01:46:00,97.3
2025-06-12 12:51:00,49.86672560113154
2025-06-12 23:12:00,49.86672560113154
2025-06-12 07:11:00,2.8
2025-06-12 08:59:00,53.6
2025-06-12 19:07:00,26.9
2025-06-12 07:22:00,35.7
2025-06-12 02:15:00,60.1
2025-06-12 04:52:00,17.3
2025-06-12 14:16:00,49.86672560113154
2025-06-12 08:57:00,71.5
2025-06-12 06:27:00,15.4
2025-06-12 18:23:00,82.0
2025-06-12 05:05:00,7.0
2025-06-12 22:44:00,31.4
2025-06-12 17:05:00,61.5
2025-06-12 23:26:00,90.5
2025-06-12 13:01:00,88.8
2025-06-12 12:07:00,77.9
2025-06-12 09:23:00,49.86672560113154
2025-06-12 22:35:00,95.9
2025-06-12 18:36:00,49.86672560113154
2025-06-12 16:44:00,67.3
2025-06-12 18:17:00,49.86672560113154
2025-06-12 14:35:00,3.5
2025-06-12 04:45:00,45.8
2025-06-12 01:58:00,56.5
2025-06-12 06:48:00,49.86672560113154
2025-06-12 20:59:00,15.5
2025-06-12 03:28:00,84.7
2025-06-12 20:02:00,49.86672560113154
2025-06-12 12:32:00,53.5
2025-06-12 11:28:00,49.86672560113154
2025-06-12 00:26:00,62.3
2025-06-12 01:26:00,9.8
2025-06-12 19:41:00,21.2
2025-06-12 22:00:00,82.2
2025-06-12 20:23:00,49.86672560113154
2025-06-12 21:46:00,49.86672560113154
2025-06-12 05:12:00,49.86672560113154
2025-06-12 04:44:00,63.0
2025-06-12 05:36:00,41.6
2025-06-12 11:03:00,33.2
2025-06-12 17:29:00,97.7
2025-06-12 07:00:00,49.86672560113154
2025-06-12 12:52:00,47.5
2025-06-12 20:16:00,41.8
2025-06-12 06:10:00,54.7
2025-06-12 02:13:00,49.86672560113154
2025-06-12 17:31:00,13.1
2025-06-12 21:37:00,10.9
2025-06-12 16:32:00,46.1
2025-06-12 06:16:00,68.8
2025-06-12 04:50:00,34.6
2025-06-12 22:13:00,86.4
2025-06-12 02:36:00,70.3
2025-06-12 13:41:00,8.7
2025-06-12 19:54:00,63.5
2025-06-12 08:06:00,57.9
2025-06-12 04:35:00,15.7
2025-06-12 15:06:00,49.86672560113154
2025-06-12 17:07:00,13.3
2025-06-12 17:20:00,49.86672560113154
2025-06-12 09:49:00,2.7
2025-06-12 05:08:00,58.3
2025-06-12 18:26:00,11.8
2025-06-12 19:11:00,49.86672560113154
2025-06-12 08:46:00,97.1
2025-06-12 23:11:00,49.86672560113154
2025-06-12 16:16:00,38.5
2025-06-12 18:09:00,50.6
2025-06-12 09:41:00,37.3
2025-06-12 10:28:00,49.86672560113154
2025-06-12 21:19:00,9.3
2025-06-12 15:42:00,2.9
2025-06-12 04:18:00,4.4
2025-06-12 23:41:00,17.2
2025-06-12 00:32:00,36.8
2025-06-12 11:14:00,6.7
2025-06-12 16:01:00,57.0
2025-06-12 08:43:00,10.5
2025-06-12 01:04:00,0.9
2025-06-12 13:09:00,12.4
2025-06-12 00:51:00,14.9
2025-06-12 03:01:00,61.2
2025-06-12 13:26:00,52.0
2025-06-12 19:04:00,15.3
2025-06-12 18:46:00,45.0
2025-06-12 05:13:00,51.4
2025-06-12 23:58:00,50.8
2025-06-12 17:57:00,77.4
2025-06-12 07:30:00,49.86672560113154
2025-06-12 20:18:00,49.86672560113154
2025-06-12 16:09:00,14.2
2025-06-12 13:15:00,81.5
2025-06-12 11:06:00,77.6
2025-06-12 22:25:00,88.5
2025-06-12 11:13:00,47.7
2025-06-12 18:11:00,18.0
2025-06-12 23:22:00,88.3
2025-06-12 00:18:00,98.4
2025-06-12 12:44:00,83.8
2025-06-12 10:13:00,20.3
2025-06-12 17:06:00,25.0
2025-06-12 21:29:00,40.4
2025-06-12 04:05:00,3.9
2025-06-12 21:15:00,81.5
2025-06-12 07:21:00,61.3
2025-06-12 19:51:00,49.86672560113154
2025-06-12 11:42:00,98.6
2025-06-12 02:38:00,57.8
2025-06-12 18:45:00,18.7
2025-06-12 03:56:00,49.4
2025-06-12 23:25:00,99.4
2025-06-12 03:44:00,28.4
2025-06-12 02:52:00,7.1
2025-06-12 05:38:00,82.4
2025-06-12 08:35:00,31.8
2025-06-12 01:14:00,49.86672560113154
2025-06-12 20:10:00,94.0
2025-06-12 04:17:00,19.5
2025-06-12 11:51:00,85.1
2025-06-12 07:27:00,11.6
2025-06-12 13:53:00,24.4
2025-06-12 17:00:00,11.2
2025-06-12 18:12:00,16.8
2025-06-12 01:57:00,75.0
2025-06-12 15:15:00,42.0
2025-06-12 04:19:00,65.1
2025-06-12 10:41:00,70.2
2025-06-12 18:50:00,11.6
2025-06-12 11:09:00,72.9
2025-06-12 21:56:00,57.3
2025-06-12 15:33:00,91.5
2025-06-12 01:54:00,97.5
2025-06-12 13:56:00,31.3
2025-06-12 05:00:00,43.4
2025-06-12 08:32:00,89.6
2025-06-12 08:01:00,65.5
2025-06-12 00:22:00,49.86672560113154
2025-06-12 23:53:00,97.9
2025-06-12 20:38:00,18.7
2025-06-12 16:25:00,99.0
2025-06-12 01:00:00,49.86672560113154
2025-06-12 14:20:00,47.1
2025-06-12 16:55:00,59.4
2025-06-12 01:28:00,92.3
2025-06-12 11:34:00,63.5
2025-06-12 07:26:00,92.9
2025-06-12 18:49:00,49.86672560113154
2025-06-12 12:53:00,53.9
2025-06-12 15:58:00,77.5
2025-06-12 05:06:00,56.3
2025-06-12 14:19:00,25.4
2025-06-12 16:49:00,30.7
2025-06-12 08:44:00,85.5
2025-06-12 22:43:00,67.9
2025-06-12 02:39:00,92.7
2025-06-12 15:11:00,61.8
2025-06-12 18:43:00,44.4
2025-06-12 12:36:00,63.7
2025-06-12 01:59:00,72.5
2025-06-12 01:39:00,25.7
2025-06-12 07:06:00,71.8
2025-06-12 12:42:00,60.3
2025-06-12 10:07:00,40.8
2025-06-12 00:55:00,49.86672560113154
2025-06-12 13:35:00,73.0
2025-06-12 04:47:00,82.1
2025-06-12 05:25:00,89.0
2025-06-12 07:16:00,22.6
2025-06-12 20:47:00,37.8
2025-06-12 21:38:00,46.9
2025-06-12 08:34:00,36.0
2025-06-12 10:10:00,77.3
2025-06-12 18:44:00,52.7
2025-06-12 05:04:00,14.4
2025-06-12 04:30:00,33.9
2025-06-12 01:44:00,49.86672560113154
2025-06-12 09:35:00,19.5
2025-06-12 12:43:00,11.3
2025-06-12 22:31:00,49.86672560113154
2025-06-12 22:14:00,8.8
2025-06-12 14:41:00,49.86672560113154
2025-06-12 10:23:00,44.6
2025-06-12 20:35:00,50.9
2025-06-12 13:27:00,64.7
2025-06-12 07:31:00,77.8
2025-06-12 05:51:00,40.2
2025-06-12 06:39:00,49.86672560113154
2025-06-12 05:02:00,98.3
2025-06-12 14:53:00,7.8
2025-06-12 01:22:00,47.3
2025-06-12 09:33:00,20.2
2025-06-12 18:22:00,14.5
2025-06-12 09:13:00,59.3
2025-06-12 05:40:00,81.5
2025-06-12 17:26:00,63.6
2025-06-12 03:26:00,0.3
2025-06-12 19:06:00,53.5
2025-06-12 04:36:00,31.7
2025-06-12 03:29:00,49.86672560113154
2025-06-12 19:02:00,49.86672560113154
2025-06-12 01:37:00,1.5
2025-06-12 01:27:00,76.6
2025-06-12 23:32:00,43.0
2025-06-12 06:14:00,18.1
2025-06-12 17:23:00,49.86672560113154
2025-06-12 01:07:00,95.1
2025-06-12 20:24:00,49.86672560113154
2025-06-12 08:36:00,57.1
2025-06-12 12:50:00,49.86672560113154
2025-06-12 14:04:00,9.1
2025-06-12 16:24:00,49.86672560113154
2025-06-12 20:00:00,43.2
2025-06-12 03:06:00,87.6
2025-06-12 11:00:00,15.6
2025-06-12 18:59:00,13.5
2025-06-12 05:49:00,91.1
2025-06-12 20:37:00,49.86672560113154
2025-06-12 20:05:00,32.6
2025-06-12 19:49:00,18.1
2025-06-12 10:15:00,92.4
2025-06-12 14:54:00,13.4
2025-06-12 04:09:00,6.6
2025-06-12 09:08:00,15.0
2025-06-12 13:28:00,76.6
2025-06-12 14:13:00,29.5
2025-06-12 23:45:00,91.1
2025-06-12 05:53:00,52.1
2025-06-12 01:25:00,9.2
2025-06-12 06:04:00,41.6
2025-06-12 06:21:00,81.0
2025-06-12 17:24:00,62.4
2025-06-12 10:29:00,49.2
2025-06-12 06:29:00,76.6
2025-06-12 16:04:00,37.1
2025-06-12 16:02:00,92.0
2025-06-12 08:17:00,73.9
2025-06-12 01:05:00,64.8
2025-06-12 10:01:00,64.4
2025-06-12 06:01:00,49.86672560113154
2025-06-12 00:34:00,11.1
2025-06-12 11:16:00,49.86672560113154
2025-06-12 05:27:00,69.7
2025-06-12 18:31:00,11.2
2025-06-12 07:54:00,37.4
2025-06-12 00:59:00,40.5
2025-06-12 09:14:00,25.8
2025-06-12 21:04:00,49.86672560113154
2025-06-12 15:21:00,57.2
2025-06-12 13:02:00,11.6
2025-06-12 11:55:00,70.1
2025-06-12 18:29:00,18.1
2025-06-12 04:31:00,9.2
2025-06-12 03:47:00,28.5
2025-06-12 07:44:00,49.86672560113154
2025-06-12 23:55:00,42.6
2025-06-12 07:57:00,49.86672560113154
2025-06-12 00:07:00,31.2
2025-06-12 23:08:00,11.8
2025-06-12 10:33:00,71.4
2025-06-12 18:03:00,21.2
2025-06-12 21:30:00,56.1
2025-06-12 05:34:00,49.86672560113154
2025-06-12 12:37:00,49.86672560113154
2025-06-12 03:48:00,2.0
2025-06-12 23:51:00,42.9
2025-06-12 17:48:00,2.7
2025-06-12 08:15:00,66.1
2025-06-12 06:52:00,60.6
2025-06-12 19:37:00,21.0
2025-06-12 16:26:00,31.3
2025-06-12 00:37:00,41.3
2025-06-12 19:31:00,65.1
2025-06-12 12:48:00,50.613932505273034
2025-06-12 07:08:00,0.8
2025-06-12 10:33:00,92.6
2025-06-12 18:20:00,97.6
2025-06-12 03:01:00,41.4
2025-06-12 19:01:00,66.2
2025-06-12 04:56:00,93.5
2025-06-12 11:53:00,85.9
2025-06-12 13:54:00,32.2
2025-06-12 01:54:00,75.3
2025-06-12 05:52:00,57.2
2025-06-12 06:56:00,88.1
2025-06-12 22:06:00,5.1
2025-06-12 06:38:00,82.3
2025-06-12 13:28:00,5.5
2025-06-12 20:35:00,89.3
2025-06-12 13:51:00,50.613932505273034
2025-06-12 11:21:00,68.4
2025-06-12 22:16:00,50.613932505273034
2025-06-12 01:12:00,16.2
2025-06-12 17:04:00,41.4
2025-06-12 01:13:00,3.4
2025-06-12 21:15:00,50.613932505273034
2025-06-12 14:23:00,47.7
2025-06-12 13:50:00,4.6
2025-06-12 06:57:00,1.3
2025-06-12 17:12:00,68.7
2025-06-12 06:12:00,50.613932505273034
2025-06-12 11:13:00,89.9
2025-06-12 16:45:00,96.9
2025-06-12 21:44:00,69.5
2025-06-12 18:00:00,96.7
2025-06-12 12:36:00,50.613932505273034
2025-06-12 19:27:00,39.2
2025-06-12 02:04:00,0.4
2025-06-12 05:41:00,39.0
2025-06-12 13:22:00,13.2
2025-06-12 08:44:00,44.2
2025-06-12 03:28:00,18.5
2025-06-12 00:34:00,27.2
2025-06-12 15:52:00,61.5
2025-06-12 15:05:00,59.4
2025-06-12 02:55:00,17.6
2025-06-12 03:38:00,14.7
2025-06-12 09:26:00,49.1
2025-06-12 11:14:00,36.7
2025-06-12 05:56:00,62.3
2025-06-12 17:05:00,54.6
2025-06-12 13:00:00,19.7
2025-06-12 17:50:00,91.7
2025-06-12 10:55:00,18.8
2025-06-12 09:21:00,87.1
2025-06-12 23:26:00,39.0
2025-06-12 13:35:00,43.8
2025-06-12 11:45:00,0.4
2025-06-12 04:45:00,50.613932505273034
2025-06-12 13:42:00,50.613932505273034
2025-06-12 01:57:00,99.6
2025-06-12 21:09:00,59.7
2025-06-12 14:27:00,32.2
2025-06-12 14:49:00,50.613932505273034
2025-06-12 14:04:00,94.6
2025-06-12 07:10:00,52.1
2025-06-12 00:32:00,77.0
2025-06-12 07:16:00,70.5
2025-06-12 02:43:00,2.8
2025-06-12 13:56:00,47.0
2025-06-12 15:54:00,75.4
2025-06-12 23:53:00,76.7
2025-06-12 11:52:00,47.3
2025-06-12 07:20:00,94.2
2025-06-12 14:19:00,14.8
2025-06-12 09:09:00,7.2
2025-06-12 09:41:00,6.0
2025-06-12 15:23:00,68.7
2025-06-12 14:29:00,7.4
2025-06-12 13:32:00,4.1
2025-06-12 12:32:00,27.2
2025-06-12 15:59:00,82.8
2025-06-12 06:34:00,68.3
2025-06-12 17:02:00,39.6
2025-06-12 18:22:00,10.6
2025-06-12 11:42:00,56.4
2025-06-12 01:02:00,59.7
2025-06-12 15:51:00,50.613932505273034
2025-06-12 06:24:00,5.6
2025-06-12 06:01:00,42.1
2025-06-12 21:01:00,17.8
2025-06-12 02:10:00,60.8
2025-06-12 14:38:00,50.613932505273034
2025-06-12 03:33:00,88.0
2025-06-12 17:20:00,67.5
2025-06-12 22:02:00,28.9
2025-06-12 18:23:00,95.7
2025-06-12 06:49:00,32.0
2025-06-12 06:11:00,50.613932505273034
2025-06-12 03:21:00,13.6
2025-06-12 00:58:00,26.8
2025-06-12 14:42:00,24.5
2025-06-12 12:18:00,31.8
2025-06-12 18:33:00,13.9
2025-06-12 11:15:00,35.8
2025-06-12 16:39:00,64.2
2025-06-12 03:34:00,44.5
2025-06-12 14:20:00,9.4
2025-06-12 05:39:00,46.4
2025-06-12 05:54:00,93.7
2025-06-12 08:16:00,44.6
2025-06-12 08:30:00,85.4
2025-06-12 00:12:00,50.613932505273034
2025-06-12 10:13:00,89.9
2025-06-12 07:31:00,52.8
2025-06-12 04:34:00,15.0
2025-06-12 09:37:00,38.6
2025-06-12 18:07:00,45.7
2025-06-12 20:57:00,81.9
2025-06-12 09:17:00,39.9
2025-06-12 08:10:00,2.6
2025-06-12 21:18:00,72.6
2025-06-12 18:42:00,64.1
2025-06-12 01:00:00,78.3
2025-06-12 03:48:00,33.6
2025-06-12 13:02:00,36.9
2025-06-12 12:00:00,51.7
2025-06-12 11:31:00,18.5
2025-06-12 23:15:00,42.6
2025-06-12 18:28:00,25.8
2025-06-12 20:19:00,50.613932505273034
2025-06-12 13:07:00,94.4
2025-06-12 04:41:00,97.3
2025-06-12 09:18:00,91.0
2025-06-12 19:33:00,50.613932505273034
2025-06-12 05:19:00,31.0
2025-06-12 00:01:00,2.0
2025-06-12 05:47:00,42.2
2025-06-12 14:41:00,10.8
2025-06-12 19:16:00,50.613932505273034
2025-06-12 23:42:00,35.5
2025-06-12 06:10:00,28.1
2025-06-12 15:32:00,50.613932505273034
2025-06-12 03:07:00,20.7
2025-06-12 22:32:00,34.5
2025-06-12 08:03:00,50.613932505273034
2025-06-12 10:35:00,25.8
2025-06-12 18:25:00,50.613932505273034
2025-06-12 15:34:00,50.613932505273034
2025-06-12 05:18:00,50.613932505273034
2025-06-12 20:37:00,85.0
2025-06-12 12:11:00,50.613932505273034
2025-06-12 18:43:00,50.613932505273034
2025-06-12 19:36:00,50.613932505273034
2025-06-12 02:01:00,18.8
2025-06-12 13:44:00,50.613932505273034
2025-06-12 22:35:00,42.0
2025-06-12 12:08:00,54.9
2025-06-12 22:10:00,57.3
2025-06-12 12:54:00,54.7
2025-06-12 05:25:00,80.7
2025-06-12 15:08:00,75.3
2025-06-12 15:49:00,53.9
2025-06-12 09:07:00,99.8
2025-06-12 19:54:00,47.4
2025-06-12 04:16:00,39.6
2025-06-12 01:42:00,74.0
2025-06-12 06:28:00,89.8
2025-06-12 22:15:00,5.3
2025-06-12 13:33:00,83.8
2025-06-12 22:24:00,50.9
2025-06-12 23:41:00,41.7
2025-06-12 11:06:00,28.0
2025-06-12 04:39:00,50.613932505273034
2025-06-12 22:12:00,52.7
2025-06-12 06:42:00,23.9
2025-06-12 01:15:00,96.6
2025-06-12 19:18:00,24.7
2025-06-12 00:05:00,87.8
2025-06-12 16:05:00,32.3
2025-06-12 23:22:00,50.5
2025-06-12 02:40:00,81.1
2025-06-12 23:30:00,50.613932505273034
2025-06-12 19:30:00,37.2
2025-06-12 00:41:00,52.3
2025-06-12 01:22:00,4.1
2025-06-12 20:48:00,50.613932505273034
2025-06-12 06:58:00,44.1
2025-06-12 08:51:00,5.4
2025-06-12 10:20:00,50.613932505273034
2025-06-12 04:01:00,72.4
2025-06-12 05:22:00,4.7
2025-06-12 06:45:00,41.7
2025-06-12 14:57:00,28.7
2025-06-12 20:46:00,3.1
2025-06-12 22:31:00,50.613932505273034
2025-06-12 04:04:00,85.3
2025-06-12 04:21:00,98.9
2025-06-12 12:01:00,50.613932505273034
2025-06-12 20:54:00,68.8
2025-06-12 16:38:00,16.6
2025-06-12 12:55:00,50.613932505273034
2025-06-12 16:17:00,42.7
2025-06-12 13:17:00,50.613932505273034
2025-06-12 17:56:00,72.9
2025-06-12 11:16:00,93.4
2025-06-12 23:48:00,64.6
2025-06-12 19:50:00,87.4
2025-06-12 14:30:00,63.2
2025-06-12 14:50:00,20.4
2025-06-12 03:31:00,56.3
2025-06-12 02:16:00,50.613932505273034
2025-06-12 19:44:00,68.7
2025-06-12 19:53:00,60.7
2025-06-12 22:34:00,89.2
2025-06-12 11:29:00,50.613932505273034
2025-06-12 03:54:00,1.3
2025-06-12 17:08:00,19.9
2025-06-12 00:06:00,44.6
2025-06-12 09:31:00,83.1
2025-06-12 23:02:00,85.8
2025-06-12 22:01:00,89.4
2025-06-12 17:03:00,82.5
2025-06-12 00:57:00,23.1
2025-06-12 01:48:00,99.7
2025-06-12 08:06:00,10.6
2025-06-12 07:46:00,13.3
2025-06-12 00:47:00,19.7
2025-06-12 02:29:00,58.7
2025-06-12 08:20:00,50.613932505273034
2025-06-12 01:16:00,50.613932505273034
2025-06-12 21:02:00,93.5
2025-06-12 22:07:00,50.613932505273034
2025-06-12 18:04:00,99.1
2025-06-12 23:06:00,64.3
2025-06-12 02:32:00,24.6
2025-06-12 14:37:00,41.2
2025-06-12 09:53:00,78.6
2025-06-12 04:48:00,68.3
2025-06-12 04:07:00,36.7
2025-06-12 16:41:00,70.1
2025-06-12 19:24:00,34.0
2025-06-12 20:05:00,80.9
2025-06-12 12:39:00,47.8
2025-06-12 01:14:00,95.0
2025-06-12 05:38:00,37.4
2025-06-12 20:01:00,50.613932505273034
2025-06-12 11:54:00,25.0
2025-06-12 21:34:00,59.7
2025-06-12 16:58:00,9.8
2025-06-12 09:03:00,98.9
2025-06-12 07:30:00,50.613932505273034
2025-06-12 12:42:00,58.7
2025-06-12 16:54:00,66.9
2025-06-12 08:18:00,88.1
2025-06-12 03:05:00,11.9
2025-06-12 00:38:00,19.2
2025-06-12 05:24:00,94.3
2025-06-12 21:51:00,8.0
2025-06-12 23:13:00,59.0
2025-06-12 00:30:00,50.613932505273034
2025-06-12 22:00:00,34.2
2025-06-12 02:54:00,59.3
2025-06-12 21:04:00,4.1
2025-06-12 10:47:00,83.0
2025-06-12 21:52:00,63.2
2025-06-12 09:12:00,52.0
2025-06-12 03:45:00,44.6
2025-06-12 04:14:00,79.6
2025-06-12 18:29:00,12.0
2025-06-12 09:40:00,89.9
2025-06-12 07:09:00,28.2
2025-06-12 20:47:00,61.2
2025-06-12 02:22:00,45.8
2025-06-12 03:04:00,87.1
2025-06-12 15:02:00,53.6
2025-06-12 10:32:00,29.5
2025-06-12 01:32:00,73.1
2025-06-12 12:50:00,50.613932505273034
2025-06-12 15:17:00,23.2
2025-06-12 11:40:00,50.613932505273034
2025-06-12 15:56:00,71.6
2025-06-12 05:04:00,9.7
2025-06-12 07:34:00,50.3
2025-06-12 21:12:00,28.8
2025-06-12 22:47:00,50.613932505273034
2025-06-12 20:10:00,18.1
2025-06-12 17:41:00,37.3
2025-06-12 06:43:00,87.4
2025-06-12 03:51:00,36.7
2025-06-12 09:06:00,98.4
2025-06-12 16:06:00,34.4
2025-06-12 08:07:00,33.9
2025-06-12 22:03:00,30.5
2025-06-12 17:18:00,24.6
2025-06-12 20:44:00,37.0
2025-06-12 07:56:00,56.7
2025-06-12 03:43:00,39.0
2025-06-12 10:57:00,50.613932505273034
2025-06-12 13:52:00,35.1
2025-06-12 18:47:00,79.1
2025-06-12 04:25:00,90.9
2025-06-12 23:20:00,77.1
2025-06-12 01:17:00,56.9
2025-06-12 22:56:00,81.4
2025-06-12 08:39:00,88.5
2025-06-12 15:24:00,12.3
2025-06-12 18:31:00,41.3
2025-06-12 11:26:00,0.9
2025-06-12 05:07:00,5.1
2025-06-12 08:41:00,18.0
2025-06-12 10:25:00,96.3
2025-06-12 16:40:00,39.7
2025-06-12 07:10:00,35.8
2025-06-12 21:59:00,52.6
2025-06-12 16:09:00,50.17195767195767
2025-06-12 01:36:00,18.6
2025-06-12 16:31:00,13.0
2025-06-12 14:24:00,18.5
2025-06-12 15:01:00,49.0
2025-06-12 10:18:00,14.9
2025-06-12 12:15:00,45.6
2025-06-12 19:25:00,41.4
2025-06-12 04:39:00,33.3
2025-06-12 16:12:00,50.17195767195767
2025-06-12 12:05:00,2.6
2025-06-12 14:54:00,67.5
2025-06-12 16:30:00,83.6
2025-06-12 05:00:00,30.2
2025-06-12 06:15:00,23.3
2025-06-12 01:54:00,71.2
2025-06-12 05:13:00,11.2
2025-06-12 16:25:00,50.17195767195767
2025-06-12 05:42:00,76.5
2025-06-12 04:45:00,57.4
2025-06-12 17:49:00,50.4
2025-06-12 07:29:00,0.1
2025-06-12 05:44:00,6.2
2025-06-12 10:45:00,76.3
2025-06-12 09:03:00,4.3
2025-06-12 07:48:00,50.17195767195767
2025-06-12 07:51:00,86.9
2025-06-12 12:14:00,50.17195767195767
2025-06-12 13:44:00,50.17195767195767
2025-06-12 19:57:00,42.5
2025-06-12 07:19:00,50.17195767195767
2025-06-12 06:20:00,44.9
2025-06-12 14:15:00,36.2
2025-06-12 13:00:00,54.9
2025-06-12 11:54:00,59.1
2025-06-12 08:30:00,50.17195767195767
2025-06-12 00:40:00,62.7
2025-06-12 13:04:00,47.8
2025-06-12 15:33:00,50.17195767195767
2025-06-12 15:17:00,55.1
2025-06-12 13:36:00,34.4
2025-06-12 03:48:00,68.6
2025-06-12 15:53:00,62.0
2025-06-12 07:38:00,93.1
2025-06-12 01:30:00,3.3
2025-06-12 11:10:00,67.9
2025-06-12 02:49:00,50.17195767195767
2025-06-12 16:00:00,65.0
2025-06-12 06:56:00,25.7
2025-06-12 19:33:00,24.7
2025-06-12 00:26:00,49.7
2025-06-12 16:54:00,67.0
2025-06-12 18:11:00,59.1
2025-06-12 21:20:00,67.2
2025-06-12 01:31:00,31.2
2025-06-12 08:55:00,58.4
2025-06-12 14:31:00,4.2
2025-06-12 03:30:00,50.17195767195767
2025-06-12 21:51:00,50.17195767195767
2025-06-12 10:06:00,46.9
2025-06-12 01:09:00,90.9
2025-06-12 06:44:00,42.8
2025-06-12 06:35:00,63.5
2025-06-12 03:20:00,28.1
2025-06-12 06:30:00,50.17195767195767
2025-06-12 19:56:00,6.5
2025-06-12 12:12:00,81.9
2025-06-12 16:01:00,50.17195767195767
2025-06-12 04:55:00,25.7
2025-06-12 13:10:00,97.5
2025-06-12 04:50:00,29.7
2025-06-12 06:18:00,30.3
2025-06-12 19:47:00,50.17195767195767
2025-06-12 03:47:00,50.17195767195767
2025-06-12 21:42:00,40.8
2025-06-12 15:14:00,53.6
2025-06-12 01:11:00,89.1
2025-06-12 07:30:00,82.6
2025-06-12 05:26:00,28.5
2025-06-12 00:10:00,50.17195767195767
2025-06-12 22:18:00,62.9
2025-06-12 03:39:00,18.4
2025-06-12 10:56:00,19.7
2025-06-12 22:39:00,50.17195767195767
2025-06-12 15:16:00,13.7
2025-06-12 07:07:00,50.17195767195767
2025-06-12 05:17:00,96.3
2025-06-12 22:30:00,50.17195767195767
2025-06-12 20:27:00,61.1
2025-06-12 23:18:00,37.3
2025-06-12 08:11:00,62.6
2025-06-12 02:35:00,50.17195767195767
2025-06-12 17:16:00,68.8
2025-06-12 13:57:00,50.7
2025-06-12 13:01:00,63.0
2025-06-12 18:48:00,56.6
2025-06-12 13:37:00,76.4
2025-06-12 21:33:00,67.9
2025-06-12 01:16:00,77.6
2025-06-12 08:07:00,32.5
2025-06-12 23:33:00,50.17195767195767
2025-06-12 13:55:00,31.6
2025-06-12 14:21:00,57.0
2025-06-12 07:35:00,72.0
2025-06-12 07:50:00,82.1
2025-06-12 08:35:00,97.7
2025-06-12 08:26:00,50.17195767195767
2025-06-12 19:01:00,46.6
2025-06-12 14:20:00,20.6
2025-06-12 02:21:00,47.8
2025-06-12 10:36:00,21.5
2025-06-12 00:56:00,7.2
2025-06-12 10:32:00,81.4
2025-06-12 05:45:00,50.17195767195767
2025-06-12 03:32:00,90.3
2025-06-12 21:10:00,38.4
2025-06-12 10:24:00,50.17195767195767
2025-06-12 06:55:00,50.17195767195767
2025-06-12 13:39:00,34.2
2025-06-12 04:14:00,50.17195767195767
2025-06-12 00:39:00,22.3
2025-06-12 20:49:00,90.8
2025-06-12 12:42:00,5.9
2025-06-12 11:49:00,73.6
2025-06-12 04:26:00,50.17195767195767
2025-06-12 23:51:00,25.3
2025-06-12 09:31:00,30.3
2025-06-12 04:31:00,90.9
2025-06-12 07:37:00,12.4
2025-06-12 02:01:00,50.17195767195767
2025-06-12 13:07:00,86.2
2025-06-12 14:58:00,19.6
2025-06-12 01:34:00,86.1
2025-06-12 11:46:00,84.8
2025-06-12 11:24:00,50.17195767195767
2025-06-12 04:29:00,16.0
2025-06-12 03:46:00,55.9
2025-06-12 07:04:00,76.9
2025-06-12 11:02:00,25.7
2025-06-12 10:03:00,50.17195767195767
2025-06-12 13:49:00,50.17195767195767
2025-06-12 06:16:00,48.7
2025-06-12 17:18:00,8.9
2025-06-12 11:11:00,77.7
2025-06-12 16:08:00,8.0
2025-06-12 03:55:00,50.17195767195767
2025-06-12 02:07:00,17.9
2025-06-12 20:00:00,86.9
2025-06-12 04:19:00,76.3
2025-06-12 01:50:00,46.1
2025-06-12 03:27:00,82.5
2025-06-12 02:57:00,45.5
2025-06-12 03:08:00,69.8
2025-06-12 04:40:00,35.7
2025-06-12 19:14:00,60.5
2025-06-12 11:15:00,50.17195767195767
2025-06-12 09:36:00,50.17195767195767
2025-06-12 03:25:00,6.3
2025-06-12 16:52:00,50.17195767195767
2025-06-12 16:36:00,10.7
2025-06-12 04:01:00,74.3
2025-06-12 04:47:00,32.2
2025-06-12 14:52:00,50.17195767195767
2025-06-12 08:47:00,76.1
2025-06-12 00:29:00,43.6
2025-06-12 12:06:00,89.1
2025-06-12 16:28:00,40.4
2025-06-12 04:04:00,21.6
2025-06-12 15:58:00,62.1
2025-06-12 02:14:00,50.17195767195767
2025-06-12 23:00:00,91.2
2025-06-12 18:28:00,24.9
2025-06-12 21:15:00,48.6
2025-06-12 05:29:00,49.7
2025-06-12 17:50:00,77.7
2025-06-12 07:41:00,29.2
2025-06-12 12:49:00,92.9
2025-06-12 11:42:00,56.8
2025-06-12 16:06:00,9.6
2025-06-12 14:23:00,50.17195767195767
2025-06-12 21:50:00,12.3
2025-06-12 06:52:00,87.1
2025-06-12 11:34:00,25.9
2025-06-12 10:04:00,54.0
2025-06-12 07:25:00,21.5
2025-06-12 03:49:00,57.0
2025-06-12 02:15:00,50.17195767195767
2025-06-12 23:59:00,46.0
2025-06-12 18:51:00,80.3
2025-06-12 19:53:00,31.4
2025-06-12 06:47:00,62.5
2025-06-12 18:04:00,42.0
2025-06-12 10:58:00,81.9
2025-06-12 13:46:00,3.1
2025-06-12 23:34:00,62.7
2025-06-12 21:43:00,50.17195767195767
2025-06-12 16:21:00,90.6
2025-06-12 01:32:00,67.4
2025-06-12 19:37:00,34.3
2025-06-12 18:41:00,83.4
2025-06-12 16:04:00,48.4
2025-06-12 02:58:00,67.9
2025-06-12 07:13:00,15.9
2025-06-12 21:11:00,11.5
2025-06-12 09:09:00,52.4
2025-06-12 03:21:00,56.3
2025-06-12 17:30:00,15.3
2025-06-12 09:29:00,19.3
2025-06-12 04:32:00,50.17195767195767
2025-06-12 11:18:00,73.5
2025-06-12 15:26:00,86.2
2025-06-12 12:55:00,44.7
2025-06-12 05:14:00,42.0
2025-06-12 10:01:00,68.2
2025-06-12 14:56:00,32.6
2025-06-12 06:53:00,31.4
2025-06-12 17:21:00,69.8
2025-06-12 06:12:00,12.1
2025-06-12 21:52:00,60.3
2025-06-12 12:32:00,77.0
2025-06-12 03:02:00,50.17195767195767
2025-06-12 18:50:00,18.3
2025-06-12 19:41:00,68.8
2025-06-12 09:39:00,71.1
2025-06-12 04:27:00,30.5
2025-06-12 09:40:00,56.1
2025-06-12 18:13:00,13.1
2025-06-12 18:01:00,77.2
2025-06-12 07:17:00,40.0
2025-06-12 20:52:00,32.5
2025-06-12 22:46:00,76.1
2025-06-12 08:34:00,50.17195767195767
2025-06-12 18:33:00,59.1
2025-06-12 20:02:00,10.8
2025-06-12 03:53:00,83.1
2025-06-12 01:20:00,23.5
2025-06-12 14:59:00,30.0
2025-06-12 07:58:00,62.6
2025-06-12 03:28:00,66.4
2025-06-12 08:44:00,58.7
2025-06-12 15:13:00,22.6
2025-06-12 06:01:00,3.5
2025-06-12 22:01:00,70.1
2025-06-12 10:21:00,16.3
2025-06-12 16:55:00,56.2
2025-06-12 23:36:00,69.6
2025-06-12 21:08:00,50.17195767195767
2025-06-12 21:55:00,51.4
2025-06-12 17:00:00,91.1
2025-06-12 05:56:00,50.3
2025-06-12 12:34:00,25.2
2025-06-12 01:06:00,90.9
2025-06-12 22:36:00,99.4
2025-06-12 10:10:00,90.3
2025-06-12 20:36:00,1.7
2025-06-12 20:08:00,9.3
2025-06-12 03:59:00,48.5
2025-06-12 10:44:00,56.8
2025-06-12 09:25:00,6.5
2025-06-12 21:36:00,68.8
2025-06-12 23:32:00,49.2
2025-06-12 13:09:00,74.5
2025-06-12 09:06:00,30.6
2025-06-12 19:34:00,28.1
2025-06-12 18:12:00,50.17195767195767
2025-06-12 23:40:00,61.4
2025-06-12 21:02:00,68.4
2025-06-12 21:03:00,71.1
2025-06-12 22:00:00,47.4
2025-06-12 06:22:00,31.8
2025-06-12 09:37:00,19.7
2025-06-12 10:57:00,50.17195767195767
2025-06-12 14:06:00,21.5
2025-06-12 10:55:00,84.6
2025-06-12 03:15:00,18.0
2025-06-12 09:14:00,91.7
2025-06-12 07:34:00,50.8
2025-06-12 21:39:00,26.6
2025-06-12 03:34:00,81.5
2025-06-12 12:08:00,32.3
2025-06-12 00:38:00,88.9
2025-06-12 07:44:00,18.7
2025-06-12 12:41:00,46.4
2025-06-12 06:14:00,96.8
2025-06-12 22:42:00,95.4
2025-06-12 23:13:00,56.7
2025-06-12 20:33:00,54.7
2025-06-12 20:11:00,12.8
2025-06-12 03:11:00,45.2
2025-06-12 02:19:00,87.6
2025-06-12 02:39:00,33.8
2025-06-12 03:52:00,84.4
2025-06-12 14:45:00,65.0
2025-06-12 14:03:00,41.7
2025-06-12 15:35:00,72.0
2025-06-12 11:40:00,60.2
2025-06-12 05:51:00,20.7
2025-06-12 19:30:00,90.0
2025-06-12 16:53:00,14.1
2025-06-12 20:43:00,49.69252501471454
2025-06-12 13:25:00,37.8
2025-06-12 11:30:00,49.69252501471454
2025-06-12 10:18:00,31.4
2025-06-12 22:10:00,81.6
2025-06-12 10:31:00,28.2
2025-06-12 23:09:00,30.2
2025-06-12 14:07:00,60.4
2025-06-12 15:22:00,70.6
2025-06-12 18:36:00,17.8
2025-06-12 18:43:00,26.7
2025-06-12 16:34:00,85.5
2025-06-12 14:22:00,95.2
2025-06-12 23:25:00,68.4
2025-06-12 06:27:00,24.6
2025-06-12 21:01:00,49.69252501471454
2025-06-12 00:08:00,14.5
2025-06-12 10:29:00,2.5
2025-06-12 09:58:00,25.4
2025-06-12 17:07:00,49.69252501471454
2025-06-12 03:01:00,34.7
2025-06-12 02:27:00,61.3
2025-06-12 19:53:00,93.1
2025-06-12 15:26:00,90.6
2025-06-12 23:27:00,44.2
2025-06-12 06:28:00,49.69252501471454
2025-06-12 12:32:00,49.69252501471454
2025-06-12 09:31:00,71.2
2025-06-12 04:19:00,97.9
2025-06-12 07:27:00,68.3
2025-06-12 07:31:00,4.2
2025-06-12 12:18:00,49.69252501471454
2025-06-12 08:40:00,17.2
2025-06-12 18:31:00,94.4
2025-06-12 01:26:00,89.1
2025-06-12 18:30:00,33.4
2025-06-12 17:04:00,49.69252501471454
2025-06-12 19:27:00,89.1
2025-06-12 13:59:00,73.9
2025-06-12 13:18:00,90.0
2025-06-12 22:12:00,84.1
2025-06-12 23:16:00,75.3
2025-06-12 03:23:00,56.1
2025-06-12 21:39:00,65.3
2025-06-12 05:25:00,37.8
2025-06-12 05:44:00,56.0
2025-06-12 22:29:00,63.3
2025-06-12 22:25:00,57.9
2025-06-12 04:43:00,83.2
2025-06-12 02:00:00,47.7
2025-06-12 16:08:00,97.2
2025-06-12 14:51:00,49.69252501471454
2025-06-12 19:44:00,9.6
2025-06-12 08:04:00,20.1
2025-06-12 02:17:00,49.69252501471454
2025-06-12 04:03:00,79.7
2025-06-12 22:20:00,26.4
2025-06-12 21:12:00,48.6
2025-06-12 18:18:00,7.4
2025-06-12 09:42:00,49.69252501471454
2025-06-12 22:56:00,42.9
2025-06-12 15:52:00,18.9
2025-06-12 09:33:00,73.1
2025-06-12 16:31:00,90.8
2025-06-12 10:37:00,73.7
2025-06-12 23:20:00,37.9
2025-06-12 00:10:00,5.7
2025-06-12 06:12:00,49.69252501471454
2025-06-12 21:42:00,71.0
2025-06-12 20:30:00,32.6
2025-06-12 08:31:00,2.7
2025-06-12 10:00:00,49.69252501471454
2025-06-12 13:29:00,4.2
2025-06-12 17:47:00,21.8
2025-06-12 20:47:00,49.69252501471454
2025-06-12 14:52:00,25.9
2025-06-12 12:23:00,42.5
2025-06-12 23:59:00,33.7
2025-06-12 21:24:00,49.69252501471454
2025-06-12 14:11:00,17.2
2025-06-12 04:07:00,49.69252501471454
2025-06-12 17:02:00,37.4
2025-06-12 15:51:00,17.6
2025-06-12 05:09:00,82.6
2025-06-12 14:18:00,33.2
2025-06-12 11:38:00,88.1
2025-06-12 02:49:00,35.6
2025-06-12 01:06:00,41.4
2025-06-12 01:17:00,50.3
2025-06-12 01:14:00,29.2
2025-06-12 04:26:00,49.69252501471454
2025-06-12 23:24:00,37.3
2025-06-12 02:53:00,49.69252501471454
2025-06-12 08:32:00,1.5
2025-06-12 03:46:00,49.69252501471454
2025-06-12 20:54:00,67.5
2025-06-12 07:06:00,1.1
2025-06-12 04:40:00,96.2
2025-06-12 16:11:00,49.69252501471454
2025-06-12 17:59:00,78.5
2025-06-12 00:14:00,3.4
2025-06-12 04:53:00,51.5
2025-06-12 08:14:00,81.2
2025-06-12 10:10:00,94.6
2025-06-12 17:00:00,94.6
2025-06-12 22:36:00,41.8
2025-06-12 17:50:00,70.3
2025-06-12 02:46:00,38.0
2025-06-12 22:05:00,38.0
2025-06-12 02:13:00,39.6
2025-06-12 10:33:00,58.5
2025-06-12 14:04:00,48.9
2025-06-12 21:58:00,19.0
2025-06-12 23:29:00,87.5
2025-06-12 21:49:00,35.2
2025-06-12 12:31:00,60.5
2025-06-12 02:26:00,80.5
2025-06-12 13:39:00,49.69252501471454
2025-06-12 04:49:00,8.5
2025-06-12 10:01:00,49.69252501471454
2025-06-12 00:57:00,95.6
2025-06-12 18:05:00,39.8
2025-06-12 13:02:00,74.5
2025-06-12 01:09:00,10.5
2025-06-12 19:39:00,19.7
2025-06-12 00:25:00,49.69252501471454
2025-06-12 01:19:00,67.7
2025-06-12 13:00:00,34.3
2025-06-12 21:51:00,98.3
2025-06-12 07:07:00,60.5
2025-06-12 16:40:00,12.4
2025-06-12 15:42:00,63.2
2025-06-12 03:55:00,88.9
2025-06-12 08:17:00,98.2
2025-06-12 09:44:00,31.6
2025-06-12 18:11:00,92.1
2025-06-12 09:53:00,63.0
2025-06-12 16:00:00,81.5
2025-06-12 05:58:00,56.2
2025-06-12 18:01:00,51.4
2025-06-12 12:40:00,63.1
2025-06-12 22:35:00,7.6
2025-06-12 10:41:00,38.6
2025-06-12 15:01:00,4.6
2025-06-12 23:06:00,7.4
2025-06-12 01:18:00,54.0
2025-06-12 09:20:00,68.8
2025-06-12 07:22:00,13.4
2025-06-12 10:06:00,67.6
2025-06-12 22:31:00,7.5
2025-06-12 02:22:00,61.7
2025-06-12 02:48:00,29.5
2025-06-12 12:10:00,10.9
2025-06-12 01:15:00,49.69252501471454
2025-06-12 11:16:00,95.7
2025-06-12 16:27:00,6.7
2025-06-12 15:09:00,63.2
2025-06-12 20:09:00,14.6
2025-06-12 17:10:00,96.5
2025-06-12 02:56:00,38.7
2025-06-12 13:10:00,42.6
2025-06-12 11:53:00,21.4
2025-06-12 23:11:00,83.5
2025-06-12 19:45:00,49.69252501471454
2025-06-12 07:30:00,43.6
2025-06-12 22:34:00,67.6
2025-06-12 04:01:00,31.4
2025-06-12 12:24:00,53.7
2025-06-12 01:08:00,90.0
2025-06-12 13:34:00,67.6
2025-06-12 04:35:00,69.1
2025-06-12 19:48:00,94.4
2025-06-12 08:39:00,99.0
2025-06-12 16:12:00,29.7
2025-06-12 01:31:00,38.4
2025-06-12 12:37:00,20.1
2025-06-12 09:56:00,75.5
2025-06-12 01:46:00,73.6
2025-06-12 19:14:00,50.3
2025-06-12 12:59:00,68.8
2025-06-12 15:29:00,41.3
2025-06-12 05:38:00,37.9
2025-06-12 09:57:00,43.5
2025-06-12 17:06:00,19.3
2025-06-12 00:26:00,3.9
2025-06-12 13:28:00,6.1
2025-06-12 12:42:00,50.9
2025-06-12 04:31:00,44.7
2025-06-12 18:44:00,22.1
2025-06-12 10:36:00,49.69252501471454
2025-06-12 21:47:00,77.8
2025-06-12 11:19:00,70.5
2025-06-12 23:04:00,49.69252501471454
2025-06-12 19:19:00,49.69252501471454
2025-06-12 18:17:00,58.6
2025-06-12 06:23:00,36.5
2025-06-12 16:16:00,67.6
2025-06-12 04:56:00,85.8
2025-06-12 12:09:00,90.8
2025-06-12 04:57:00,16.0
2025-06-12 15:32:00,49.69252501471454
2025-06-12 00:16:00,5.1
2025-06-12 18:37:00,94.1
2025-06-12 13:46:00,49.69252501471454
2025-06-12 23:33:00,59.3
2025-06-12 16:36:00,63.3
2025-06-12 21:26:00,7.0
2025-06-12 11:17:00,39.3
2025-06-12 22:30:00,42.7
2025-06-12 04:37:00,17.4
2025-06-12 08:46:00,76.6
2025-06-12 05:29:00,79.1
2025-06-12 08:42:00,83.6
2025-06-12 11:21:00,14.9
2025-06-12 23:08:00,71.8
2025-06-12 13:47:00,28.9
2025-06-12 17:03:00,49.69252501471454
2025-06-12 08:02:00,42.0
2025-06-12 18:14:00,36.4
2025-06-12 05:21:00,64.2
2025-06-12 22:47:00,14.3
2025-06-12 16:52:00,55.8
2025-06-12 13:40:00,86.1
2025-06-12 16:41:00,52.0
2025-06-12 17:39:00,84.7
2025-06-12 11:50:00,22.9
2025-06-12 22:40:00,89.4
2025-06-12 22:59:00,49.69252501471454
2025-06-12 02:16:00,72.4
2025-06-12 01:32:00,94.8
2025-06-12 19:49:00,1.9
2025-06-12 05:39:00,92.5
2025-06-12 06:04:00,49.69252501471454
2025-06-12 11:56:00,49.69252501471454
2025-06-12 16:32:00,56.1
2025-06-12 01:48:00,63.3
2025-06-12 06:07:00,48.8
2025-06-12 02:31:00,66.4
2025-06-12 12:49:00,44.4
2025-06-12 18:32:00,65.7
2025-06-12 10:25:00,48.5
2025-06-12 00:20:00,64.3
2025-06-12 03:29:00,51.6
2025-06-12 20:14:00,49.69252501471454
2025-06-12 16:44:00,77.0
2025-06-12 10:35:00,49.69252501471454
2025-06-12 07:20:00,49.69252501471454
2025-06-12 04:59:00,82.3
2025-06-12 19:28:00,49.69252501471454
2025-06-12 18:38:00,77.5
2025-06-12 14:34:00,51.7
2025-06-12 09:49:00,31.6
2025-06-12 23:57:00,10.9
2025-06-12 00:28:00,49.69252501471454
2025-06-12 12:48:00,63.7
2025-06-12 06:14:00,49.69252501471454
2025-06-12 00:03:00,54.5
2025-06-12 10:11:00,84.2
2025-06-12 01:38:00,9.5
2025-06-12 17:18:00,81.8
2025-06-12 21:27:00,87.3
2025-06-12 15:21:00,47.8
2025-06-12 10:52:00,77.3
2025-06-12 13:44:00,68.6
2025-06-12 08:38:00,60.5
2025-06-12 00:06:00,55.1
2025-06-12 06:03:00,90.8
2025-06-12 23:00:00,69.6
2025-06-12 22:09:00,20.7
2025-06-12 19:51:00,82.3
2025-06-12 01:41:00,23.9
2025-06-12 18:06:00,22.6
2025-06-12 12:56:00,30.7
2025-06-12 09:04:00,50.2
2025-06-12 05:05:00,40.9
2025-06-12 16:20:00,58.4
2025-06-12 13:57:00,30.3
2025-06-12 20:16:00,49.69252501471454
2025-06-12 19:05:00,3.5
2025-06-12 04:23:00,3.7
2025-06-12 00:36:00,49.69252501471454
2025-06-12 17:28:00,92.4
2025-06-12 03:33:00,49.69252501471454
2025-06-12 03:17:00,21.9
2025-06-12 05:12:00,90.6
2025-06-12 03:18:00,28.0
2025-06-12 14:43:00,73.8
2025-06-12 06:32:00,1.1
2025-06-12 23:28:00,66.6
2025-06-12 18:03:00,0.7
2025-06-12 18:03:00,96.7
2025-06-12 03:00:00,69.0
2025-06-12 03:21:00,36.0
2025-06-12 02:22:00,2.4
2025-06-12 06:26:00,22.0
2025-06-12 04:57:00,28.5
2025-06-12 09:22:00,3.1
2025-06-12 07:40:00,84.1
2025-06-12 03:01:00,65.2
2025-06-12 21:32:00,18.2
2025-06-12 13:17:00,49.88181818181819
2025-06-12 11:25:00,34.1
2025-06-12 08:47:00,49.88181818181819
2025-06-12 19:25:00,37.7
2025-06-12 04:00:00,58.6
2025-06-12 05:24:00,49.88181818181819
2025-06-12 06:24:00,36.0
2025-06-12 01:02:00,91.7
2025-06-12 00:37:00,45.9
2025-06-12 16:56:00,50.9
2025-06-12 12:59:00,49.88181818181819
2025-06-12 02:06:00,95.3
2025-06-12 05:29:00,49.88181818181819
2025-06-12 05:35:00,99.1
2025-06-12 19:57:00,4.4
2025-06-12 17:15:00,57.3
2025-06-12 18:10:00,93.4
2025-06-12 21:02:00,81.0
2025-06-12 16:09:00,92.0
2025-06-12 17:56:00,49.88181818181819
2025-06-12 19:44:00,47.1
2025-06-12 11:30:00,69.5
2025-06-12 00:13:00,1.5
2025-06-12 04:44:00,4.9
2025-06-12 11:59:00,91.1
2025-06-12 06:44:00,84.3
2025-06-12 08:18:00,49.88181818181819
2025-06-12 20:21:00,71.0
2025-06-12 00:29:00,60.8
2025-06-12 07:14:00,9.7
2025-06-12 18:48:00,98.8
2025-06-12 13:05:00,19.1
2025-06-12 17:53:00,76.9
2025-06-12 04:04:00,45.8
2025-06-12 23:04:00,59.2
2025-06-12 17:43:00,49.88181818181819
2025-06-12 01:28:00,63.0
2025-06-12 01:41:00,28.4
2025-06-12 15:35:00,77.2
2025-06-12 01:30:00,14.9
2025-06-12 15:52:00,49.88181818181819
2025-06-12 08:23:00,49.88181818181819
2025-06-12 13:41:00,89.3
2025-06-12 09:13:00,64.7
2025-06-12 11:23:00,89.9
2025-06-12 21:10:00,36.4
2025-06-12 04:42:00,49.88181818181819
2025-06-12 19:16:00,49.9
2025-06-12 00:41:00,37.4
2025-06-12 06:13:00,44.8
2025-06-12 00:26:00,31.9
2025-06-12 23:38:00,33.9
2025-06-12 01:21:00,49.88181818181819
2025-06-12 17:30:00,32.0
2025-06-12 12:37:00,97.7
2025-06-12 12:29:00,36.4
2025-06-12 12:34:00,49.88181818181819
2025-06-12 11:27:00,63.9
2025-06-12 18:15:00,6.5
2025-06-12 23:53:00,40.2
2025-06-12 18:07:00,68.8
2025-06-12 20:59:00,33.0
2025-06-12 15:07:00,24.7
2025-06-12 21:19:00,46.7
2025-06-12 14:05:00,97.0
2025-06-12 21:00:00,30.2
2025-06-12 04:06:00,85.0
2025-06-12 13:21:00,49.88181818181819
2025-06-12 15:05:00,98.4
2025-06-12 12:36:00,95.3
2025-06-12 14:48:00,23.8
2025-06-12 20:55:00,31.7
2025-06-12 04:56:00,48.9
2025-06-12 20:54:00,67.1
2025-06-12 18:41:00,77.2
2025-06-12 06:51:00,2.2
2025-06-12 22:27:00,41.0
2025-06-12 08:52:00,16.3
2025-06-12 07:26:00,49.88181818181819
2025-06-12 08:25:00,63.8
2025-06-12 09:03:00,53.7
2025-06-12 21:34:00,13.1
2025-06-12 03:36:00,49.88181818181819
2025-06-12 01:04:00,49.88181818181819
2025-06-12 21:01:00,32.8
2025-06-12 18:57:00,8.6
2025-06-12 20:50:00,49.88181818181819
2025-06-12 23:58:00,2.6
2025-06-12 09:12:00,62.7
2025-06-12 03:26:00,33.1
2025-06-12 05:48:00,49.88181818181819
2025-06-12 15:31:00,38.9
2025-06-12 19:14:00,50.0
2025-06-12 21:06:00,49.88181818181819
2025-06-12 17:04:00,24.6
2025-06-12 02:01:00,16.3
2025-06-12 05:41:00,2.3
2025-06-12 07:05:00,63.5
2025-06-12 23:29:00,21.7
2025-06-12 08:48:00,82.7
2025-06-12 18:05:00,19.0
2025-06-12 02:48:00,30.0
2025-06-12 00:08:00,42.4
2025-06-12 02:50:00,56.0
2025-06-12 22:03:00,61.8
2025-06-12 20:18:00,97.0
2025-06-12 05:10:00,97.4
2025-06-12 06:48:00,79.8
2025-06-12 02:49:00,49.88181818181819
2025-06-12 13:30:00,57.9
2025-06-12 08:21:00,13.0
2025-06-12 12:41:00,80.9
2025-06-12 16:39:00,68.9
2025-06-12 04:21:00,49.88181818181819
2025-06-12 23:08:00,55.7
2025-06-12 15:14:00,17.4
2025-06-12 17:21:00,48.1
2025-06-12 16:07:00,4.1
2025-06-12 22:44:00,26.3
2025-06-12 21:53:00,36.4
2025-06-12 05:04:00,72.6
2025-06-12 04:25:00,97.4
2025-06-12 10:59:00,12.7
2025-06-12 17:24:00,96.9
2025-06-12 22:42:00,15.1
2025-06-12 13:59:00,99.1
2025-06-12 07:13:00,42.0
2025-06-12 15:26:00,36.7
2025-06-12 02:25:00,95.7
2025-06-12 09:05:00,86.9
2025-06-12 12:12:00,44.7
2025-06-12 11:40:00,64.4
2025-06-12 09:01:00,50.1
2025-06-12 08:39:00,71.9
2025-06-12 04:07:00,83.4
2025-06-12 03:13:00,33.7
2025-06-12 14:31:00,49.88181818181819
2025-06-12 03:58:00,9.1
2025-06-12 21:55:00,14.6
2025-06-12 08:35:00,71.0
2025-06-12 06:03:00,49.88181818181819
2025-06-12 16:04:00,33.1
2025-06-12 00:20:00,85.9
2025-06-12 14:50:00,88.0
2025-06-12 23:21:00,0.6
2025-06-12 12:42:00,63.6
2025-06-12 00:36:00,31.7
2025-06-12 02:51:00,15.0
2025-06-12 01:22:00,72.5
2025-06-12 18:00:00,56.0
2025-06-12 06:19:00,34.6
2025-06-12 01:31:00,64.1
2025-06-12 16:17:00,97.1
2025-06-12 21:27:00,57.0
2025-06-12 11:52:00,6.2
2025-06-12 20:58:00,54.1
2025-06-12 12:04:00,43.6
2025-06-12 17:23:00,31.5
2025-06-12 09:17:00,14.1
2025-06-12 17:42:00,99.8
2025-06-12 02:41:00,49.88181818181819
2025-06-12 11:31:00,49.88181818181819
2025-06-12 19:37:00,49.88181818181819
2025-06-12 20:31:00,16.5
2025-06-12 11:56:00,56.8
2025-06-12 07:41:00,45.6
2025-06-12 21:54:00,4.9
2025-06-12 19:39:00,98.1
2025-06-12 03:02:00,22.2
2025-06-12 06:53:00,32.4
2025-06-12 00:34:00,77.6
2025-06-12 10:20:00,49.88181818181819
2025-06-12 23:11:00,25.1
2025-06-12 05:15:00,13.9
2025-06-12 20:51:00,68.0
2025-06-12 02:34:00,30.3
2025-06-12 03:19:00,49.88181818181819
2025-06-12 19:31:00,83.5
2025-06-12 14:01:00,88.6
2025-06-12 23:31:00,34.4
2025-06-12 11:37:00,4.0
2025-06-12 20:14:00,52.7
2025-06-12 15:27:00,7.4
2025-06-12 23:05:00,32.7
2025-06-12 14:28:00,24.4
2025-06-12 13:14:00,90.5
2025-06-12 01:54:00,50.7
2025-06-12 19:54:00,16.4
2025-06-12 23:35:00,85.1
2025-06-12 14:14:00,13.1
2025-06-12 05:05:00,60.4
2025-06-12 01:20:00,24.7
2025-06-12 08:15:00,49.88181818181819
2025-06-12 02:32:00,79.5
2025-06-12 03:44:00,61.0
2025-06-12 10:56:00,49.88181818181819
2025-06-12 11:07:00,16.7
2025-06-12 06:06:00,42.8
2025-06-12 06:25:00,49.88181818181819
2025-06-12 09:54:00,58.8
2025-06-12 09:29:00,35.3
2025-06-12 04:16:00,63.1
2025-06-12 13:19:00,93.0
2025-06-12 02:16:00,77.6
2025-06-12 10:11:00,10.6
2025-06-12 09:23:00,92.1
2025-06-12 15:21:00,27.8
2025-06-12 10:51:00,66.3
2025-06-12 21:52:00,20.2
2025-06-12 10:19:00,71.2
2025-06-12 04:34:00,73.3
2025-06-12 14:27:00,96.1
2025-06-12 01:01:00,97.3
2025-06-12 18:13:00,49.88181818181819
2025-06-12 08:05:00,49.88181818181819
2025-06-12 04:40:00,50.8
2025-06-12 02:27:00,58.9
2025-06-12 09:59:00,61.8
2025-06-12 14:03:00,47.2
2025-06-12 19:48:00,95.4
2025-06-12 00:49:00,12.8
2025-06-12 23:39:00,28.0
2025-06-12 19:52:00,87.3
2025-06-12 03:29:00,63.3
2025-06-12 15:09:00,73.2
2025-06-12 19:45:00,97.1
2025-06-12 23:37:00,49.88181818181819
2025-06-12 16:21:00,68.6
2025-06-12 13:51:00,91.1
2025-06-12 04:35:00,17.0
2025-06-12 11:22:00,6.8
2025-06-12 22:31:00,77.2
2025-06-12 12:14:00,49.88181818181819
2025-06-12 21:09:00,63.5
2025-06-12 19:58:00,85.4
2025-06-12 10:13:00,49.88181818181819
2025-06-12 22:02:00,39.5
2025-06-12 10:52:00,39.6
2025-06-12 00:10:00,89.5
2025-06-12 06:31:00,13.6
2025-06-12 19:20:00,96.5
2025-06-12 21:31:00,65.2
2025-06-12 22:24:00,80.3
2025-06-12 22:20:00,98.4
2025-06-12 12:26:00,94.8
2025-06-12 21:04:00,77.1
2025-06-12 09:02:00,99.0
2025-06-12 16:13:00,11.7
2025-06-12 06:17:00,49.88181818181819
2025-06-12 03:54:00,49.88181818181819
2025-06-12 07:35:00,19.1
2025-06-12 04:11:00,42.2
2025-06-12 18:31:00,69.6
2025-06-12 17:22:00,82.2
2025-06-12 19:35:00,49.88181818181819
2025-06-12 08:01:00,36.7
2025-06-12 20:15:00,17.7
2025-06-12 04:24:00,13.3
2025-06-12 12:19:00,49.88181818181819
2025-06-12 23:19:00,49.88181818181819
2025-06-12 20:41:00,2.8
2025-06-12 06:07:00,12.3
2025-06-12 13:32:00,62.6
2025-06-12 02:35:00,68.1
2025-06-12 03:04:00,94.4
2025-06-12 16:49:00,49.88181818181819
2025-06-12 11:21:00,11.6
2025-06-12 15:51:00,4.3
2025-06-12 08:26:00,72.6
2025-06-12 23:22:00,94.5
2025-06-12 04:31:00,49.88181818181819
2025-06-12 09:33:00,49.88181818181819
2025-06-12 11:12:00,49.88181818181819
2025-06-12 07:47:00,29.8
2025-06-12 18:01:00,2.3
2025-06-12 06:36:00,7.2
2025-06-12 00:44:00,3.7
2025-06-12 07:25:00,27.3
2025-06-12 16:46:00,69.0
2025-06-12 03:10:00,45.9
2025-06-12 10:35:00,30.4
2025-06-12 20:32:00,62.9
2025-06-12 12:18:00,40.1
2025-06-12 11:39:00,47.3
2025-06-12 11:13:00,0.9
2025-06-12 15:01:00,69.8
2025-06-12 21:49:00,24.9
2025-06-12 05:38:00,49.88181818181819
2025-06-12 16:10:00,57.1
2025-06-12 20:09:00,13.3
2025-06-12 00:25:00,61.4
2025-06-12 06:21:00,26.0
2025-06-12 23:52:00,5.6
2025-06-12 05:36:00,4.4
2025-06-12 09:20:00,28.6
2025-06-12 19:40:00,69.8
2025-06-12 03:51:00,3.9
2025-06-12 14:52:00,39.1
2025-06-12 07:15:00,43.5
2025-06-12 07:52:00,44.0
2025-06-12 08:42:00,78.9
2025-06-12 20:47:00,38.7
2025-06-12 18:06:00,49.88181818181819
2025-06-12 21:33:00,49.88181818181819
2025-06-12 05:40:00,67.4
2025-06-12 16:01:00,84.3
2025-06-12 08:30:00,15.1
2025-06-12 12:57:00,2.1
2025-06-12 12:35:00,77.1
2025-06-12 04:58:00,4.5
2025-06-12 06:37:00,12.7
2025-06-12 10:41:00,75.5
2025-06-12 20:38:00,27.2
2025-06-12 00:50:00,24.8
2025-06-12 03:01:00,50.019744401453856
2025-06-12 10:28:00,84.5
2025-06-12 12:32:00,2.2
2025-06-12 07:51:00,47.1
2025-06-12 11:57:00,48.2
2025-06-12 08:08:00,86.7
2025-06-12 13:54:00,50.019744401453856
2025-06-12 05:47:00,65.7
2025-06-12 18:00:00,23.4
2025-06-12 21:01:00,50.0
2025-06-12 12:22:00,64.8
2025-06-12 15:01:00,31.5
2025-06-12 09:59:00,89.5
2025-06-12 01:21:00,44.3
2025-06-12 18:18:00,76.2
2025-06-12 17:52:00,63.5
2025-06-12 08:03:00,64.4
2025-06-12 11:42:00,90.5
2025-06-12 17:34:00,89.3
2025-06-12 21:17:00,55.9
2025-06-12 21:12:00,79.7
2025-06-12 08:14:00,4.2
2025-06-12 07:53:00,85.0
2025-06-12 04:43:00,65.9
2025-06-12 20:24:00,7.0
2025-06-12 15:03:00,80.6
2025-06-12 05:29:00,41.8
2025-06-12 14:35:00,82.5
2025-06-12 16:16:00,20.8
2025-06-12 21:53:00,63.2
2025-06-12 15:37:00,59.7
2025-06-12 13:29:00,52.9
2025-06-12 10:24:00,23.5
2025-06-12 21:10:00,55.0
2025-06-12 20:06:00,66.9
2025-06-12 15:11:00,60.1
2025-06-12 16:25:00,90.2
2025-06-12 23:44:00,44.6
2025-06-12 18:29:00,11.1
2025-06-12 20:04:00,50.019744401453856
2025-06-12 22:55:00,90.7
2025-06-12 06:16:00,55.0
2025-06-12 19:50:00,14.2
2025-06-12 20:08:00,6.1
2025-06-12 00:07:00,50.019744401453856
2025-06-12 13:00:00,43.7
2025-06-12 01:04:00,57.2
2025-06-12 07:25:00,88.9
2025-06-12 12:01:00,90.9
2025-06-12 02:03:00,41.6
2025-06-12 13:22:00,27.0
2025-06-12 16:54:00,61.9
2025-06-12 11:59:00,28.3
2025-06-12 16:22:00,26.9
2025-06-12 20:16:00,96.4
2025-06-12 10:12:00,6.5
2025-06-12 23:53:00,51.5
2025-06-12 05:15:00,50.019744401453856
2025-06-12 03:42:00,9.5
2025-06-12 03:13:00,27.4
2025-06-12 08:34:00,59.7
2025-06-12 01:01:00,67.2
2025-06-12 18:43:00,49.8
2025-06-12 00:29:00,2.9
2025-06-12 02:36:00,84.1
2025-06-12 04:25:00,15.8
2025-06-12 09:46:00,24.0
2025-06-12 00:10:00,50.019744401453856
2025-06-12 13:38:00,63.3
2025-06-12 04:15:00,68.1
2025-06-12 13:52:00,36.3
2025-06-12 04:18:00,77.6
2025-06-12 02:18:00,27.4
2025-06-12 00:26:00,73.6
2025-06-12 21:52:00,50.019744401453856
2025-06-12 20:57:00,24.9
2025-06-12 20:21:00,62.7
2025-06-12 06:58:00,65.3
2025-06-12 07:30:00,78.7
2025-06-12 03:27:00,37.9
2025-06-12 11:11:00,24.7
2025-06-12 23:51:00,55.2
2025-06-12 19:07:00,10.9
2025-06-12 10:05:00,77.6
2025-06-12 12:24:00,10.3
2025-06-12 10:50:00,50.019744401453856
2025-06-12 08:16:00,1.7
2025-06-12 21:59:00,70.7
2025-06-12 09:33:00,57.9
2025-06-12 03:49:00,50.019744401453856
2025-06-12 05:53:00,34.7
2025-06-12 15:12:00,53.9
2025-06-12 23:26:00,68.5
2025-06-12 00:38:00,52.6
2025-06-12 00:30:00,77.7
2025-06-12 03:45:00,10.1
2025-06-12 18:14:00,10.6
2025-06-12 19:05:00,9.8
2025-06-12 03:10:00,48.8
2025-06-12 21:32:00,57.1
2025-06-12 02:09:00,82.0
2025-06-12 00:34:00,99.1
2025-06-12 18:04:00,98.3
2025-06-12 16:48:00,92.4
2025-06-12 02:38:00,50.019744401453856
2025-06-12 01:00:00,38.4
2025-06-12 03:50:00,93.9
2025-06-12 09:01:00,8.4
2025-06-12 07:26:00,72.1
2025-06-12 12:58:00,50.019744401453856
2025-06-12 00:37:00,95.3
2025-06-12 17:09:00,80.2
2025-06-12 22:59:00,62.0
2025-06-12 23:09:00,34.4
2025-06-12 10:45:00,99.9
2025-06-12 20:56:00,81.5
2025-06-12 06:03:00,85.9
2025-06-12 11:56:00,31.9
2025-06-12 10:34:00,34.3
2025-06-12 04:03:00,37.5
2025-06-12 14:41:00,54.0
2025-06-12 20:13:00,50.019744401453856
2025-06-12 17:13:00,52.9
2025-06-12 15:19:00,50.019744401453856
2025-06-12 03:53:00,42.6
2025-06-12 05:46:00,50.019744401453856
2025-06-12 07:07:00,43.1
2025-06-12 06:49:00,29.5
2025-06-12 13:50:00,89.4
2025-06-12 22:16:00,16.0
2025-06-12 16:44:00,39.5
2025-06-12 22:08:00,50.019744401453856
2025-06-12 08:20:00,50.019744401453856
2025-06-12 05:16:00,53.2
2025-06-12 08:13:00,31.9
2025-06-12 01:43:00,82.1
2025-06-12 09:36:00,50.019744401453856
2025-06-12 06:00:00,55.1
2025-06-12 09:42:00,43.8
2025-06-12 04:05:00,64.7
2025-06-12 06:26:00,97.9
2025-06-12 11:00:00,34.7
2025-06-12 03:41:00,69.4
2025-06-12 22:29:00,50.9
2025-06-12 12:34:00,54.9
2025-06-12 02:04:00,2.1
2025-06-12 11:30:00,56.7
2025-06-12 02:28:00,42.2
2025-06-12 21:41:00,68.8
2025-06-12 22:18:00,15.9
2025-06-12 23:52:00,42.6
2025-06-12 04:12:00,68.4
2025-06-12 12:17:00,61.3
2025-06-12 07:05:00,42.9
2025-06-12 09:07:00,98.2
2025-06-12 12:44:00,68.2
2025-06-12 15:28:00,50.019744401453856
2025-06-12 04:29:00,50.019744401453856
2025-06-12 11:41:00,0.2
2025-06-12 21:31:00,50.019744401453856
2025-06-12 18:22:00,10.1
2025-06-12 00:39:00,87.5
2025-06-12 02:44:00,50.019744401453856
2025-06-12 01:59:00,9.3
2025-06-12 08:37:00,5.2
2025-06-12 20:10:00,51.2
2025-06-12 23:38:00,39.5
2025-06-12 07:55:00,68.6
2025-06-12 07:06:00,50.019744401453856
2025-06-12 18:09:00,22.3
2025-06-12 18:52:00,2.1
2025-06-12 21:43:00,49.2
2025-06-12 12:26:00,50.019744401453856
2025-06-12 23:14:00,85.5
2025-06-12 16:58:00,79.0
2025-06-12 01:31:00,94.8
2025-06-12 22:13:00,52.0
2025-06-12 02:30:00,17.5
2025-06-12 05:18:00,4.0
2025-06-12 14:49:00,50.019744401453856
2025-06-12 17:21:00,29.8
2025-06-12 01:18:00,48.3
2025-06-12 22:34:00,50.019744401453856
2025-06-12 09:41:00,52.9
2025-06-12 10:08:00,37.2
2025-06-12 04:38:00,40.5
2025-06-12 01:17:00,38.4
2025-06-12 01:40:00,78.6
2025-06-12 16:36:00,22.2
2025-06-12 03:54:00,47.0
2025-06-12 16:28:00,79.6
2025-06-12 07:34:00,56.7
2025-06-12 17:27:00,85.8
2025-06-12 23:15:00,9.7
2025-06-12 14:45:00,66.4
2025-06-12 02:53:00,21.9
2025-06-12 15:32:00,66.3
2025-06-12 04:55:00,2.5
2025-06-12 11:20:00,18.7
2025-06-12 08:33:00,71.7
2025-06-12 03:43:00,3.2
2025-06-12 07:01:00,88.9
2025-06-12 22:41:00,26.0
2025-06-12 22:43:00,79.2
2025-06-12 20:59:00,50.019744401453856
2025-06-12 22:14:00,84.1
2025-06-12 19:14:00,64.3
2025-06-12 15:22:00,50.019744401453856
2025-06-12 15:44:00,52.5
2025-06-12 19:09:00,44.4
2025-06-12 16:20:00,50.019744401453856
2025-06-12 16:04:00,50.019744401453856
2025-06-12 16:05:00,27.6
2025-06-12 06:50:00,50.019744401453856
2025-06-12 23:20:00,49.9
2025-06-12 22:30:00,50.7
2025-06-12 03:28:00,50.019744401453856
2025-06-12 21:46:00,56.1
2025-06-12 11:33:00,68.9
2025-06-12 20:09:00,62.3
2025-06-12 16:10:00,76.2
2025-06-12 12:06:00,39.1
2025-06-12 12:48:00,41.0
2025-06-12 12:11:00,28.7
2025-06-12 05:04:00,92.0
2025-06-12 02:46:00,57.4
2025-06-12 08:53:00,89.9
2025-06-12 10:51:00,7.6
2025-06-12 20:23:00,26.2
2025-06-12 17:59:00,65.7
2025-06-12 12:57:00,93.1
2025-06-12 06:22:00,22.7
2025-06-12 15:05:00,20.3
2025-06-12 16:33:00,50.019744401453856
2025-06-12 01:05:00,18.2
2025-06-12 21:25:00,97.0
2025-06-12 08:49:00,75.0
2025-06-12 02:29:00,82.4
2025-06-12 16:43:00,67.5
2025-06-12 19:13:00,82.4
2025-06-12 04:53:00,39.7
2025-06-12 16:45:00,99.0
2025-06-12 04:23:00,97.9
2025-06-12 13:58:00,43.8
2025-06-12 19:54:00,30.7
2025-06-12 11:29:00,85.8
2025-06-12 22:21:00,57.6
2025-06-12 12:10:00,62.3
2025-06-12 19:24:00,76.3
2025-06-12 15:59:00,23.5
2025-06-12 04:41:00,97.7
2025-06-12 05:51:00,20.1
2025-06-12 05:05:00,62.6
2025-06-12 23:22:00,47.6
2025-06-12 02:26:00,17.0
2025-06-12 07:00:00,57.6
2025-06-12 02:31:00,75.7
2025-06-12 06:13:00,48.3
2025-06-12 00:41:00,65.7
2025-06-12 17:36:00,62.6
2025-06-12 00:24:00,91.3
2025-06-12 11:46:00,50.019744401453856
2025-06-12 12:21:00,68.5
2025-06-12 10:46:00,23.6
2025-06-12 12:37:00,0.2
2025-06-12 16:07:00,56.1
2025-06-12 13:13:00,20.4
2025-06-12 02:39:00,73.9
2025-06-12 10:40:00,50.019744401453856
2025-06-12 15:24:00,50.019744401453856
2025-06-12 01:20:00,26.3
2025-06-12 15:47:00,84.3
2025-06-12 22:56:00,50.019744401453856
2025-06-12 17:31:00,91.7
2025-06-12 22:01:00,36.8
2025-06-12 05:28:00,50.2
2025-06-12 17:11:00,4.7
2025-06-12 12:46:00,7.8
2025-06-12 19:53:00,76.3
2025-06-12 04:22:00,7.3
2025-06-12 21:36:00,18.0
2025-06-12 04:49:00,27.4
2025-06-12 02:54:00,30.9
2025-06-12 14:59:00,37.9
2025-06-12 08:07:00,14.6
2025-06-12 05:13:00,6.0
2025-06-12 20:19:00,96.9
2025-06-12 20:30:00,85.8
2025-06-12 09:44:00,75.5
2025-06-12 23:43:00,43.0
2025-06-12 09:08:00,43.0
2025-06-12 09:32:00,8.5
2025-06-12 14:05:00,2.6
2025-06-12 20:11:00,71.0
2025-06-12 18:02:00,69.7
2025-06-12 21:02:00,50.019744401453856
2025-06-12 01:47:00,80.0
2025-06-12 16:18:00,26.0
2025-06-12 12:43:00,48.2
2025-06-12 18:33:00,42.2
2025-06-12 10:21:00,72.0
2025-06-12 08:17:00,63.0
2025-06-12 16:31:00,68.1
2025-06-12 16:12:00,49.0
2025-06-12 22:00:00,50.0
2025-06-12 12:35:00,70.1
2025-06-12 21:00:00,86.2
2025-06-12 14:02:00,49.94205948042788
2025-06-12 12:03:00,19.7
2025-06-12 18:39:00,19.2
2025-06-12 18:57:00,73.5
2025-06-12 04:44:00,11.1
2025-06-12 16:48:00,12.0
2025-06-12 19:43:00,22.0
2025-06-12 01:17:00,92.4
2025-06-12 18:23:00,24.3
2025-06-12 04:07:00,13.4
2025-06-12 02:53:00,14.3
2025-06-12 00:24:00,1.2
2025-06-12 18:04:00,16.2
2025-06-12 12:27:00,30.9
2025-06-12 01:00:00,36.6
2025-06-12 08:56:00,94.3
2025-06-12 01:48:00,69.5
2025-06-12 15:32:00,36.7
2025-06-12 11:36:00,8.5
2025-06-12 14:22:00,70.2
2025-06-12 10:31:00,0.8
2025-06-12 16:31:00,14.3
2025-06-12 16:51:00,49.94205948042788
2025-06-12 17:26:00,39.3
2025-06-12 18:09:00,52.1
2025-06-12 07:21:00,35.3
2025-06-12 16:35:00,88.2
2025-06-12 00:08:00,75.6
2025-06-12 20:07:00,49.94205948042788
2025-06-12 03:16:00,70.3
2025-06-12 03:42:00,40.3
2025-06-12 14:35:00,49.94205948042788
2025-06-12 03:57:00,49.94205948042788
2025-06-12 08:00:00,22.5
2025-06-12 12:56:00,49.94205948042788
2025-06-12 17:54:00,34.0
2025-06-12 10:43:00,49.94205948042788
2025-06-12 07:01:00,43.8
2025-06-12 16:45:00,62.6
2025-06-12 07:14:00,88.3
2025-06-12 09:57:00,82.1
2025-06-12 11:10:00,37.8
2025-06-12 23:26:00,60.1
2025-06-12 13:17:00,66.6
2025-06-12 12:32:00,38.5
2025-06-12 23:43:00,79.6
2025-06-12 06:04:00,14.3
2025-06-12 15:02:00,68.6
2025-06-12 20:21:00,59.7
2025-06-12 00:02:00,13.0
2025-06-12 10:06:00,49.94205948042788
2025-06-12 14:48:00,23.7
2025-06-12 20:06:00,16.6
2025-06-12 02:19:00,58.3
2025-06-12 09:04:00,4.3
2025-06-12 13:54:00,56.8
2025-06-12 18:50:00,85.8
2025-06-12 09:22:00,36.4
2025-06-12 09:23:00,49.94205948042788
2025-06-12 15:13:00,56.8
2025-06-12 08:40:00,53.5
2025-06-12 12:40:00,87.5
2025-06-12 05:38:00,29.8
2025-06-12 14:17:00,95.8
2025-06-12 21:27:00,46.2
2025-06-12 08:59:00,9.3
2025-06-12 13:42:00,72.8
2025-06-12 23:19:00,32.1
2025-06-12 20:22:00,27.1
2025-06-12 20:09:00,49.94205948042788
2025-06-12 17:16:00,24.1
2025-06-12 12:16:00,93.4
2025-06-12 19:15:00,39.2
2025-06-12 00:19:00,82.4
2025-06-12 04:03:00,8.5
2025-06-12 23:38:00,15.2
2025-06-12 19:21:00,67.7
2025-06-12 09:59:00,12.0
2025-06-12 09:52:00,93.2
2025-06-12 18:59:00,19.1
2025-06-12 08:46:00,42.4
2025-06-12 09:42:00,49.94205948042788
2025-06-12 09:16:00,49.94205948042788
2025-06-12 09:14:00,99.8
2025-06-12 01:16:00,39.6
2025-06-12 16:37:00,13.0
2025-06-12 01:58:00,81.8
2025-06-12 06:56:00,49.94205948042788
2025-06-12 23:39:00,37.9
2025-06-12 12:33:00,67.7
2025-06-12 04:24:00,87.3
2025-06-12 21:09:00,19.9
2025-06-12 08:30:00,67.7
2025-06-12 23:04:00,48.2
2025-06-12 12:14:00,35.9
2025-06-12 12:08:00,14.0
2025-06-12 00:39:00,7.4
2025-06-12 08:11:00,47.8
2025-06-12 20:15:00,5.9
2025-06-12 10:27:00,37.7
2025-06-12 00:58:00,66.4
2025-06-12 13:56:00,49.94205948042788
2025-06-12 23:27:00,16.9
2025-06-12 23:11:00,93.5
2025-06-12 08:50:00,92.0
2025-06-12 00:30:00,40.3
2025-06-12 02:21:00,49.94205948042788
2025-06-12 10:20:00,23.8
2025-06-12 12:55:00,49.3
2025-06-12 08:13:00,92.1
2025-06-12 08:53:00,49.94205948042788
2025-06-12 05:04:00,12.1
2025-06-12 21:30:00,0.3
2025-06-12 07:57:00,61.1
2025-06-12 18:35:00,26.0
2025-06-12 08:23:00,60.9
2025-06-12 20:59:00,88.6
2025-06-12 04:15:00,7.6
2025-06-12 14:42:00,31.6
2025-06-12 03:46:00,49.94205948042788
2025-06-12 00:20:00,49.94205948042788
2025-06-12 11:03:00,66.0
2025-06-12 07:04:00,97.9
2025-06-12 23:56:00,0.4
2025-06-12 06:02:00,47.9
2025-06-12 20:56:00,86.1
2025-06-12 07:50:00,49.94205948042788
2025-06-12 15:11:00,36.4
2025-06-12 19:41:00,49.94205948042788
2025-06-12 09:53:00,64.7
2025-06-12 19:03:00,1.7
2025-06-12 17:28:00,38.0
2025-06-12 02:22:00,38.0
2025-06-12 18:29:00,85.1
2025-06-12 21:44:00,56.1
2025-06-12 14:43:00,97.8
2025-06-12 02:25:00,49.94205948042788
2025-06-12 03:30:00,97.5
2025-06-12 00:17:00,19.3
2025-06-12 10:48:00,42.3
2025-06-12 08:44:00,56.8
2025-06-12 23:22:00,25.0
2025-06-12 13:30:00,24.7
2025-06-12 00:06:00,19.0
2025-06-12 13:07:00,32.0
2025-06-12 03:32:00,89.5
2025-06-12 19:40:00,82.0
2025-06-12 10:02:00,11.7
2025-06-12 10:30:00,34.3
2025-06-12 09:37:00,52.5
2025-06-12 10:23:00,3.4
2025-06-12 03:25:00,49.94205948042788
2025-06-12 05:57:00,31.9
2025-06-12 19:56:00,74.7
2025-06-12 00:33:00,88.5
2025-06-12 01:44:00,95.1
2025-06-12 04:58:00,20.4
2025-06-12 10:24:00,7.9
2025-06-12 06:26:00,76.2
2025-06-12 18:43:00,48.5
2025-06-12 04:26:00,13.1
2025-06-12 15:06:00,28.6
2025-06-12 21:36:00,69.4
2025-06-12 21:28:00,23.8
2025-06-12 22:27:00,49.0
2025-06-12 23:45:00,94.9
2025-06-12 13:59:00,30.2
2025-06-12 05:15:00,82.8
2025-06-12 14:55:00,54.1
2025-06-12 02:24:00,20.8
2025-06-12 10:46:00,10.3
2025-06-12 06:38:00,79.6
2025-06-12 03:09:00,5.9
2025-06-12 09:06:00,49.94205948042788
2025-06-12 15:51:00,13.0
2025-06-12 00:43:00,49.94205948042788
2025-06-12 20:49:00,49.94205948042788
2025-06-12 03:44:00,43.3
2025-06-12 22:53:00,52.2
2025-06-12 06:28:00,28.6
2025-06-12 06:18:00,49.94205948042788
2025-06-12 08:32:00,18.0
2025-06-12 11:52:00,10.8
2025-06-12 02:45:00,49.94205948042788
2025-06-12 09:34:00,27.7
2025-06-12 10:10:00,49.94205948042788
2025-06-12 17:44:00,3.5
2025-06-12 22:50:00,65.8
2025-06-12 06:48:00,2.6
2025-06-12 15:49:00,52.8
2025-06-12 12:49:00,12.5
2025-06-12 11:34:00,1.9
2025-06-12 14:07:00,86.2
2025-06-12 16:39:00,69.7
2025-06-12 11:01:00,13.2
2025-06-12 06:07:00,29.7
2025-06-12 07:40:00,6.7
2025-06-12 10:11:00,89.2
2025-06-12 19:33:00,49.94205948042788
2025-06-12 01:13:00,79.5
2025-06-12 08:01:00,30.6
2025-06-12 23:33:00,56.4
2025-06-12 22:30:00,14.1
2025-06-12 05:29:00,58.2
2025-06-12 12:04:00,49.94205948042788
2025-06-12 11:06:00,49.94205948042788
2025-06-12 20:28:00,49.94205948042788
2025-06-12 16:50:00,74.3
2025-06-12 13:12:00,49.94205948042788
2025-06-12 22:03:00,59.5
2025-06-12 06:08:00,19.0
2025-06-12 01:23:00,78.6
2025-06-12 21:32:00,3.9
2025-06-12 05:23:00,60.1
2025-06-12 15:59:00,25.0
2025-06-12 05:10:00,13.6
2025-06-12 05:26:00,3.0
2025-06-12 06:23:00,36.1
2025-06-12 02:10:00,90.6
2025-06-12 19:34:00,12.5
2025-06-12 17:59:00,71.1
2025-06-12 23:20:00,82.0
2025-06-12 03:56:00,42.3
2025-06-12 09:07:00,39.8
2025-06-12 06:41:00,48.0
2025-06-12 20:18:00,49.94205948042788
2025-06-12 12:23:00,34.2
2025-06-12 09:51:00,55.6
2025-06-12 18:11:00,8.8
2025-06-12 18:51:00,8.9
2025-06-12 15:00:00,57.7
2025-06-12 12:22:00,25.1
2025-06-12 06:33:00,29.1
2025-06-12 22:37:00,28.9
2025-06-12 23:53:00,21.9
2025-06-12 03:35:00,88.8
2025-06-12 05:30:00,13.0
2025-06-12 13:21:00,71.7
2025-06-12 15:01:00,12.8
2025-06-12 22:58:00,17.8
2025-06-12 09:50:00,84.6
2025-06-12 16:15:00,8.8
2025-06-12 09:46:00,56.3
2025-06-12 07:49:00,8.2
2025-06-12 03:06:00,19.7
2025-06-12 13:13:00,49.7
2025-06-12 11:00:00,66.3
2025-06-12 18:38:00,49.94205948042788
2025-06-12 17:52:00,75.4
2025-06-12 08:09:00,1.0
2025-06-12 18:18:00,62.4
2025-06-12 14:01:00,47.8
2025-06-12 05:50:00,80.5
2025-06-12 00:38:00,9.8
2025-06-12 21:56:00,49.94205948042788
2025-06-12 23:46:00,21.1
2025-06-12 11:38:00,98.4
2025-06-12 00:12:00,47.7
2025-06-12 18:16:00,40.9
2025-06-12 03:59:00,56.5
2025-06-12 01:53:00,49.94205948042788
2025-06-12 02:39:00,48.8
2025-06-12 08:48:00,29.8
2025-06-12 01:30:00,10.0
2025-06-12 14:28:00,97.7
2025-06-12 00:54:00,57.8
2025-06-12 18:26:00,90.3
2025-06-12 15:27:00,58.3
2025-06-12 18:01:00,49.94205948042788
2025-06-12 19:46:00,58.2
2025-06-12 14:11:00,64.7
2025-06-12 20:54:00,71.4
2025-06-12 15:09:00,49.94205948042788
2025-06-12 17:06:00,58.1
2025-06-12 14:46:00,59.4
2025-06-12 10:45:00,47.4
2025-06-12 14:34:00,50.9
2025-06-12 18:24:00,52.4
2025-06-12 09:44:00,49.94205948042788
2025-06-12 10:26:00,49.94205948042788
2025-06-12 07:11:00,49.94205948042788
2025-06-12 16:58:00,49.94205948042788
2025-06-12 19:00:00,21.4
2025-06-12 07:30:00,24.0
2025-06-12 09:27:00,73.3
2025-06-12 04:42:00,30.5
2025-06-12 23:15:00,36.8
2025-06-12 15:48:00,53.7
2025-06-12 10:29:00,17.1
2025-06-12 01:57:00,53.8
2025-06-12 00:29:00,49.94205948042788
2025-06-12 07:47:00,33.1
2025-06-12 04:38:00,78.4
2025-06-12 01:27:00,49.94205948042788
2025-06-12 07:25:00,97.9
2025-06-12 01:32:00,49.94205948042788
2025-06-12 09:00:00,49.94205948042788
2025-06-12 11:18:00,65.1
2025-06-12 13:51:00,5.8
2025-06-12 14:45:00,34.0
2025-06-12 14:59:00,84.3
2025-06-12 15:31:00,38.0
2025-06-12 12:09:00,51.4
2025-06-12 14:21:00,4.1
2025-06-12 09:39:00,87.6
2025-06-12 18:46:00,14.3
2025-06-12 06:21:00,99.7
2025-06-12 22:55:00,73.4
2025-06-12 06:20:00,0.1
2025-06-12 18:34:00,50.024092836946274
2025-06-12 22:30:00,95.5
2025-06-12 15:52:00,32.7
2025-06-12 22:12:00,22.6
2025-06-12 15:46:00,9.4
2025-06-12 13:36:00,24.0
2025-06-12 17:10:00,81.8
2025-06-12 10:54:00,23.0
2025-06-12 02:30:00,3.8
2025-06-12 06:38:00,49.5
2025-06-12 18:25:00,33.0
2025-06-12 13:26:00,17.5
2025-06-12 01:07:00,50.024092836946274
2025-06-12 17:36:00,34.8
2025-06-12 00:14:00,49.1
2025-06-12 13:12:00,19.5
2025-06-12 23:35:00,46.6
2025-06-12 20:55:00,13.7
2025-06-12 12:31:00,76.2
2025-06-12 07:13:00,7.0
2025-06-12 17:06:00,99.0
2025-06-12 10:46:00,60.9
2025-06-12 04:45:00,54.8
2025-06-12 12:36:00,96.5
2025-06-12 20:47:00,17.6
2025-06-12 15:56:00,86.7
2025-06-12 04:31:00,55.7
2025-06-12 08:42:00,14.2
2025-06-12 17:23:00,76.5
2025-06-12 12:07:00,46.7
2025-06-12 20:53:00,88.3
2025-06-12 03:03:00,34.6
2025-06-12 22:08:00,10.8
2025-06-12 19:05:00,50.024092836946274
2025-06-12 13:20:00,90.1
2025-06-12 16:27:00,42.5
2025-06-12 12:58:00,50.024092836946274
2025-06-12 07:37:00,76.0
2025-06-12 08:31:00,0.2
2025-06-12 06:22:00,92.5
2025-06-12 05:28:00,75.2
2025-06-12 03:39:00,0.1
2025-06-12 18:07:00,37.4
2025-06-12 17:05:00,14.2
2025-06-12 04:17:00,48.7
2025-06-12 10:12:00,50.024092836946274
2025-06-12 19:15:00,5.2
2025-06-12 08:10:00,9.8
2025-06-12 11:41:00,3.0
2025-06-12 21:31:00,25.2
2025-06-12 03:31:00,50.024092836946274
2025-06-12 05:04:00,80.0
2025-06-12 21:06:00,9.5
2025-06-12 00:09:00,27.8
2025-06-12 15:15:00,62.7
2025-06-12 16:41:00,91.9
2025-06-12 14:13:00,50.024092836946274
2025-06-12 19:12:00,50.024092836946274
2025-06-12 20:06:00,31.9
2025-06-12 09:35:00,54.4
2025-06-12 10:18:00,27.5
2025-06-12 05:15:00,20.5
2025-06-12 01:59:00,64.2
2025-06-12 00:44:00,37.1
2025-06-12 08:55:00,88.7
2025-06-12 21:27:00,73.7
2025-06-12 06:57:00,66.2
2025-06-12 20:35:00,93.7
2025-06-12 11:39:00,81.1
2025-06-12 02:02:00,71.3
2025-06-12 10:50:00,75.4
2025-06-12 02:11:00,78.3
2025-06-12 01:57:00,8.8
2025-06-12 22:22:00,78.3
2025-06-12 19:02:00,31.7
2025-06-12 10:39:00,11.5
2025-06-12 00:47:00,53.9
2025-06-12 02:13:00,61.0
2025-06-12 14:45:00,2.8
2025-06-12 22:56:00,43.3
2025-06-12 21:48:00,88.7
2025-06-12 09:11:00,79.0
2025-06-12 02:43:00,82.2
2025-06-12 16:12:00,19.2
2025-06-12 02:32:00,79.1
2025-06-12 04:48:00,99.5
2025-06-12 18:00:00,24.4
2025-06-12 02:04:00,88.7
2025-06-12 00:42:00,65.9
2025-06-12 14:38:00,18.3
2025-06-12 12:50:00,4.5
2025-06-12 21:29:00,2.6
2025-06-12 20:42:00,10.1
2025-06-12 17:48:00,20.2
2025-06-12 08:04:00,50.024092836946274
2025-06-12 01:06:00,50.024092836946274
2025-06-12 02:20:00,12.4
2025-06-12 09:57:00,50.024092836946274
2025-06-12 23:11:00,87.0
2025-06-12 15:01:00,50.024092836946274
2025-06-12 09:45:00,37.0
2025-06-12 06:39:00,68.3
2025-06-12 13:58:00,30.1
2025-06-12 11:12:00,36.7
2025-06-12 17:21:00,34.9
2025-06-12 07:03:00,39.6
2025-06-12 06:35:00,50.024092836946274
2025-06-12 07:06:00,91.2
2025-06-12 02:08:00,1.5
2025-06-12 04:24:00,62.4
2025-06-12 21:13:00,59.8
2025-06-12 10:23:00,1.3
2025-06-12 10:36:00,99.7
2025-06-12 07:15:00,74.3
2025-06-12 17:59:00,50.024092836946274
2025-06-12 12:17:00,38.8
2025-06-12 12:27:00,85.0
2025-06-12 06:07:00,87.1
2025-06-12 12:18:00,95.3
2025-06-12 19:11:00,65.6
2025-06-12 13:31:00,14.1
2025-06-12 10:10:00,50.024092836946274
2025-06-12 12:41:00,93.7
2025-06-12 09:22:00,50.024092836946274
2025-06-12 22:57:00,76.8
2025-06-12 10:29:00,38.9
2025-06-12 07:29:00,4.7
2025-06-12 10:56:00,87.7
2025-06-12 03:28:00,65.7
2025-06-12 07:08:00,95.6
2025-06-12 23:53:00,62.3
2025-06-12 14:56:00,50.024092836946274
2025-06-12 03:34:00,78.1
2025-06-12 01:58:00,50.024092836946274
2025-06-12 17:43:00,49.3
2025-06-12 03:12:00,67.4
2025-06-12 15:40:00,16.3
2025-06-12 08:39:00,49.2
2025-06-12 14:30:00,30.5
2025-06-12 01:29:00,46.1
2025-06-12 02:29:00,46.9
2025-06-12 12:43:00,6.5
2025-06-12 02:52:00,94.9
2025-06-12 22:40:00,82.8
2025-06-12 11:34:00,0.6
2025-06-12 01:24:00,50.024092836946274
2025-06-12 08:21:00,70.9
2025-06-12 07:57:00,5.8
2025-06-12 20:11:00,92.7
2025-06-12 01:20:00,50.024092836946274
2025-06-12 06:44:00,57.1
2025-06-12 21:05:00,82.5
2025-06-12 04:22:00,6.8
2025-06-12 08:27:00,44.2
2025-06-12 18:11:00,72.7
2025-06-12 03:45:00,53.8
2025-06-12 17:50:00,13.1
2025-06-12 14:02:00,4.0
2025-06-12 21:33:00,52.2
2025-06-12 22:04:00,68.4
2025-06-12 16:22:00,50.024092836946274
2025-06-12 21:12:00,50.024092836946274
2025-06-12 19:41:00,31.0
2025-06-12 05:59:00,39.6
2025-06-12 02:01:00,27.4
2025-06-12 14:34:00,34.5
2025-06-12 11:54:00,50.024092836946274
2025-06-12 07:19:00,4.2
2025-06-12 11:14:00,50.0
2025-06-12 21:36:00,58.2
2025-06-12 18:21:00,50.024092836946274
2025-06-12 11:26:00,51.6
2025-06-12 09:33:00,91.3
2025-06-12 16:44:00,1.6
2025-06-12 12:22:00,9.1
2025-06-12 10:40:00,55.9
2025-06-12 16:21:00,74.3
2025-06-12 23:51:00,82.2
2025-06-12 17:33:00,66.6
2025-06-12 11:37:00,50.024092836946274
2025-06-12 08:33:00,6.9
2025-06-12 20:41:00,81.1
2025-06-12 10:20:00,19.5
2025-06-12 16:24:00,33.5
2025-06-12 15:51:00,50.024092836946274
2025-06-12 09:46:00,89.6
2025-06-12 22:00:00,41.3
2025-06-12 20:08:00,38.4
2025-06-12 14:29:00,94.9
2025-06-12 13:00:00,43.8
2025-06-12 09:31:00,62.2
2025-06-12 13:04:00,19.8
2025-06-12 06:03:00,62.9
2025-06-12 23:28:00,54.9
2025-06-12 14:20:00,27.0
2025-06-12 07:07:00,50.024092836946274
2025-06-12 04:08:00,50.0
2025-06-12 05:32:00,57.7
2025-06-12 05:52:00,60.1
2025-06-12 12:01:00,53.9
2025-06-12 17:13:00,50.024092836946274
2025-06-12 20:22:00,50.024092836946274
2025-06-12 05:02:00,50.024092836946274
2025-06-12 03:10:00,16.5
2025-06-12 17:53:00,20.7
2025-06-12 04:07:00,47.5
2025-06-12 00:18:00,50.024092836946274
2025-06-12 21:41:00,34.1
2025-06-12 07:11:00,23.0
2025-06-12 23:31:00,19.5
2025-06-12 11:55:00,50.024092836946274
2025-06-12 10:53:00,2.2
2025-06-12 07:42:00,93.5
2025-06-12 04:10:00,80.3
2025-06-12 14:07:00,97.9
2025-06-12 10:11:00,8.8
2025-06-12 22:48:00,58.5
2025-06-12 17:16:00,27.1
2025-06-12 15:33:00,51.7
2025-06-12 03:46:00,50.024092836946274
2025-06-12 09:27:00,50.024092836946274
2025-06-12 21:18:00,96.6
2025-06-12 16:42:00,50.024092836946274
2025-06-12 00:45:00,14.2
2025-06-12 14:08:00,33.9
2025-06-12 13:54:00,77.5
2025-06-12 05:23:00,96.1
2025-06-12 16:28:00,50.024092836946274
2025-06-12 14:16:00,45.0
2025-06-12 05:49:00,50.024092836946274
2025-06-12 10:55:00,77.3
2025-06-12 01:51:00,5.5
2025-06-12 07:24:00,98.2
2025-06-12 03:43:00,39.9
2025-06-12 11:59:00,11.5
2025-06-12 23:49:00,50.024092836946274
2025-06-12 22:42:00,90.0
2025-06-12 23:33:00,31.2
2025-06-12 03:41:00,94.6
2025-06-12 09:16:00,29.5
2025-06-12 09:21:00,92.8
2025-06-12 07:18:00,45.4
2025-06-12 09:23:00,70.8
2025-06-12 16:34:00,50.024092836946274
2025-06-12 02:59:00,55.2
2025-06-12 10:49:00,84.4
2025-06-12 15:53:00,74.6
2025-06-12 18:44:00,93.4
2025-06-12 20:03:00,80.0
2025-06-12 00:26:00,68.0
2025-06-12 12:49:00,50.024092836946274
2025-06-12 12:44:00,85.4
2025-06-12 09:51:00,45.2
2025-06-12 18:41:00,50.024092836946274
2025-06-12 09:24:00,85.3
2025-06-12 04:56:00,62.5
2025-06-12 21:58:00,64.0
2025-06-12 03:27:00,12.5
2025-06-12 18:01:00,71.7
2025-06-12 20:52:00,41.6
2025-06-12 00:04:00,4.7
2025-06-12 03:37:00,7.8
2025-06-12 07:04:00,71.3
2025-06-12 06:59:00,60.2
2025-06-12 17:28:00,50.6
2025-06-12 03:36:00,11.5
2025-06-12 08:20:00,8.5
2025-06-12 19:49:00,66.3
2025-06-12 03:19:00,72.9
2025-06-12 16:58:00,8.9
2025-06-12 14:09:00,14.3
2025-06-12 05:22:00,19.6
2025-06-12 14:26:00,26.1
2025-06-12 10:19:00,22.9
2025-06-12 12:20:00,3.9
2025-06-12 18:40:00,74.9
2025-06-12 15:43:00,39.4
2025-06-12 00:49:00,89.6
2025-06-12 12:32:00,95.6
2025-06-12 13:44:00,43.8
2025-06-12 18:04:00,50.024092836946274
2025-06-12 13:53:00,11.4
2025-06-12 01:41:00,15.2
2025-06-12 08:03:00,15.7
2025-06-12 09:01:00,50.024092836946274
2025-06-12 23:55:00,65.7
2025-06-12 04:14:00,21.0
2025-06-12 03:14:00,95.8
2025-06-12 11:33:00,81.1
2025-06-12 13:10:00,68.9
2025-06-12 02:25:00,33.0
2025-06-12 22:48:00,63.1
2025-06-12 07:05:00,72.0
2025-06-12 05:34:00,36.9
2025-06-12 06:01:00,42.3
2025-06-12 13:57:00,9.1
2025-06-12 19:16:00,20.6
2025-06-12 06:19:00,92.9
2025-06-12 04:18:00,49.2
2025-06-12 13:28:00,95.5
2025-06-12 20:25:00,55.5
2025-06-12 05:07:00,35.0
2025-06-12 02:31:00,77.1
2025-06-12 14:12:00,8.3
2025-06-12 15:19:00,52.0
2025-06-12 06:07:00,77.6
2025-06-12 11:50:00,49.54963144963145
2025-06-12 22:35:00,91.8
2025-06-12 10:05:00,80.1
2025-06-12 12:42:00,49.54963144963145
2025-06-12 21:59:00,31.2
2025-06-12 23:26:00,23.8
2025-06-12 13:15:00,81.8
2025-06-12 21:57:00,65.3
2025-06-12 21:15:00,79.8
2025-06-12 07:31:00,49.54963144963145
2025-06-12 10:59:00,79.4
2025-06-12 06:21:00,30.4
2025-06-12 00:15:00,16.2
2025-06-12 01:32:00,76.0
2025-06-12 23:34:00,46.0
2025-06-12 02:58:00,85.8
2025-06-12 07:00:00,13.4
2025-06-12 10:30:00,26.3
2025-06-12 01:55:00,78.2
2025-06-12 12:30:00,21.5
2025-06-12 05:47:00,49.54963144963145
2025-06-12 05:33:00,51.5
2025-06-12 02:56:00,45.2
2025-06-12 20:47:00,93.9
2025-06-12 22:19:00,96.5
2025-06-12 04:28:00,30.3
2025-06-12 07:32:00,81.5
2025-06-12 06:42:00,17.1
2025-06-12 23:33:00,49.54963144963145
2025-06-12 17:11:00,5.5
2025-06-12 10:45:00,41.5
2025-06-12 09:48:00,61.2
2025-06-12 19:23:00,25.5
2025-06-12 10:11:00,26.5
2025-06-12 11:14:00,69.7
2025-06-12 03:49:00,71.3
2025-06-12 11:27:00,32.8
2025-06-12 14:09:00,7.8
2025-06-12 03:13:00,41.9
2025-06-12 13:13:00,65.7
2025-06-12 17:50:00,9.5
2025-06-12 23:38:00,49.54963144963145
2025-06-12 11:07:00,61.7
2025-06-12 21:34:00,19.6
2025-06-12 01:38:00,24.7
2025-06-12 16:06:00,49.54963144963145
2025-06-12 14:25:00,17.4
2025-06-12 12:15:00,84.5
2025-06-12 21:05:00,17.3
2025-06-12 20:40:00,69.9
2025-06-12 09:41:00,66.0
2025-06-12 16:02:00,44.7
2025-06-12 08:04:00,7.9
2025-06-12 16:25:00,49.54963144963145
2025-06-12 11:59:00,84.9
2025-06-12 15:46:00,49.54963144963145
2025-06-12 01:04:00,60.4
2025-06-12 05:05:00,3.0
2025-06-12 07:24:00,43.3
2025-06-12 16:54:00,13.7
2025-06-12 12:53:00,60.7
2025-06-12 15:02:00,34.5
2025-06-12 01:23:00,27.7
2025-06-12 01:49:00,91.9
2025-06-12 05:18:00,59.6
2025-06-12 16:44:00,20.6
2025-06-12 13:46:00,49.54963144963145
2025-06-12 06:50:00,40.1
2025-06-12 10:23:00,18.3
2025-06-12 05:11:00,11.9
2025-06-12 13:54:00,19.4
2025-06-12 07:49:00,22.2
2025-06-12 09:43:00,19.9
2025-06-12 10:58:00,37.2
2025-06-12 12:10:00,18.3
2025-06-12 09:06:00,16.6
2025-06-12 23:55:00,84.9
2025-06-12 15:09:00,49.4
2025-06-12 11:44:00,54.0
2025-06-12 12:34:00,35.0
2025-06-12 03:25:00,34.6
2025-06-12 14:35:00,98.6
2025-06-12 11:01:00,83.8
2025-06-12 15:13:00,49.54963144963145
2025-06-12 16:22:00,1.4
2025-06-12 23:13:00,71.2
2025-06-12 11:08:00,53.7
2025-06-12 16:08:00,49.54963144963145
2025-06-12 03:15:00,47.3
2025-06-12 05:52:00,49.54963144963145
2025-06-12 19:18:00,22.9
2025-06-12 10:27:00,49.5
2025-06-12 15:31:00,98.0
2025-06-12 22:03:00,26.8
2025-06-12 05:17:00,40.6
2025-06-12 03:39:00,50.6
2025-06-12 11:02:00,74.1
2025-06-12 12:09:00,32.2
2025-06-12 00:27:00,60.5
2025-06-12 20:36:00,73.8
2025-06-12 14:33:00,96.9
2025-06-12 04:25:00,27.1
2025-06-12 19:03:00,49.54963144963145
2025-06-12 22:54:00,50.1
2025-06-12 12:58:00,49.0
2025-06-12 14:22:00,29.5
2025-06-12 02:12:00,49.54963144963145
2025-06-12 02:32:00,60.5
2025-06-12 05:00:00,16.2
2025-06-12 23:40:00,19.1
2025-06-12 05:46:00,95.4
2025-06-12 02:09:00,56.4
2025-06-12 23:35:00,66.7
2025-06-12 20:12:00,44.1
2025-06-12 06:14:00,1.3
2025-06-12 09:01:00,52.1
2025-06-12 09:16:00,50.6
2025-06-12 02:05:00,49.54963144963145
2025-06-12 06:51:00,64.0
2025-06-12 14:57:00,49.54963144963145
2025-06-12 14:30:00,72.1
2025-06-12 18:49:00,73.4
2025-06-12 05:09:00,7.6
2025-06-12 02:35:00,49.54963144963145
2025-06-12 08:46:00,95.5
2025-06-12 01:35:00,87.9
2025-06-12 16:28:00,77.9
2025-06-12 04:08:00,49.54963144963145
2025-06-12 05:40:00,15.1
2025-06-12 15:20:00,79.0
2025-06-12 07:38:00,6.6
2025-06-12 06:15:00,36.5
2025-06-12 04:11:00,67.7
2025-06-12 20:55:00,94.5
2025-06-12 15:43:00,39.9
2025-06-12 23:07:00,49.54963144963145
2025-06-12 02:21:00,82.2
2025-06-12 18:59:00,83.8
2025-06-12 13:53:00,1.7
2025-06-12 20:42:00,49.3
2025-06-12 02:37:00,93.7
2025-06-12 13:02:00,85.6
2025-06-12 15:23:00,39.2
2025-06-12 18:15:00,93.2
2025-06-12 01:15:00,71.5
2025-06-12 01:57:00,42.5
2025-06-12 23:44:00,49.54963144963145
2025-06-12 13:08:00,41.3
2025-06-12 00:09:00,77.6
2025-06-12 11:39:00,94.7
2025-06-12 14:32:00,49.54963144963145
2025-06-12 14:16:00,49.54963144963145
2025-06-12 17:24:00,0.0
2025-06-12 14:28:00,83.2
2025-06-12 12:38:00,49.54963144963145
2025-06-12 11:20:00,91.6
2025-06-12 18:07:00,72.8
2025-06-12 19:39:00,39.7
2025-06-12 16:34:00,70.5
2025-06-12 11:31:00,97.9
2025-06-12 11:28:00,47.1
2025-06-12 04:09:00,70.0
2025-06-12 11:30:00,7.6
2025-06-12 22:51:00,43.8
2025-06-12 19:43:00,50.7
2025-06-12 10:14:00,59.6
2025-06-12 15:26:00,64.6
2025-06-12 01:53:00,49.54963144963145
2025-06-12 02:11:00,68.2
2025-06-12 00:18:00,2.5
2025-06-12 06:41:00,33.5
2025-06-12 06:48:00,0.5
2025-06-12 10:04:00,65.0
2025-06-12 22:06:00,28.1
2025-06-12 18:25:00,49.54963144963145
2025-06-12 21:09:00,16.5
2025-06-12 04:22:00,0.5
2025-06-12 07:35:00,12.1
2025-06-12 00:11:00,47.0
2025-06-12 02:04:00,3.3
2025-06-12 09:21:00,77.3
2025-06-12 06:24:00,82.1
2025-06-12 20:41:00,32.8
2025-06-12 07:27:00,20.0
2025-06-12 14:01:00,26.6
2025-06-12 23:00:00,29.2
2025-06-12 15:33:00,5.7
2025-06-12 08:10:00,36.3
2025-06-12 22:11:00,12.9
2025-06-12 07:09:00,24.2
2025-06-12 00:53:00,49.54963144963145
2025-06-12 13:43:00,16.7
2025-06-12 23:49:00,78.8
2025-06-12 09:32:00,76.6
2025-06-12 18:29:00,49.54963144963145
2025-06-12 11:48:00,49.54963144963145
2025-06-12 11:22:00,37.0
2025-06-12 02:45:00,90.7
2025-06-12 00:50:00,27.3
2025-06-12 05:36:00,18.2
2025-06-12 05:10:00,99.0
2025-06-12 06:39:00,33.8
2025-06-12 22:23:00,19.4
2025-06-12 00:29:00,68.8
2025-06-12 21:42:00,95.8
2025-06-12 11:00:00,44.2
2025-06-12 17:16:00,8.6
2025-06-12 13:04:00,34.6
2025-06-12 00:13:00,54.2
2025-06-12 18:18:00,75.7
2025-06-12 08:37:00,37.3
2025-06-12 01:48:00,45.9
2025-06-12 23:56:00,93.4
2025-06-12 14:48:00,71.8
2025-06-12 02:52:00,2.5
2025-06-12 06:29:00,49.54963144963145
2025-06-12 08:08:00,49.54963144963145
2025-06-12 06:32:00,99.0
2025-06-12 12:59:00,49.54963144963145
2025-06-12 16:21:00,37.8
2025-06-12 05:13:00,23.7
2025-06-12 13:52:00,49.54963144963145
2025-06-12 10:36:00,49.54963144963145
2025-06-12 14:00:00,43.9
2025-06-12 16:14:00,74.5
2025-06-12 17:41:00,97.1
2025-06-12 16:48:00,32.5
2025-06-12 19:31:00,27.6
2025-06-12 02:02:00,24.5
2025-06-12 23:17:00,46.8
2025-06-12 10:43:00,52.1
2025-06-12 06:25:00,68.5
2025-06-12 09:58:00,64.1
2025-06-12 17:10:00,35.5
2025-06-12 20:23:00,80.2
2025-06-12 19:34:00,49.54963144963145
2025-06-12 10:34:00,92.8
2025-06-12 00:16:00,92.0
2025-06-12 19:47:00,33.5
2025-06-12 11:16:00,87.9
2025-06-12 21:01:00,49.54963144963145
2025-06-12 05:35:00,31.0
2025-06-12 20:28:00,19.5
2025-06-12 21:08:00,12.3
2025-06-12 15:27:00,1.0
2025-06-12 09:31:00,51.1
2025-06-12 23:37:00,84.0
2025-06-12 14:37:00,30.7
2025-06-12 11:12:00,92.2
2025-06-12 11:55:00,12.2
2025-06-12 06:59:00,73.9
2025-06-12 11:58:00,30.4
2025-06-12 00:02:00,13.0
2025-06-12 03:35:00,70.4
2025-06-12 12:46:00,42.3
2025-06-12 13:22:00,12.0
2025-06-12 04:59:00,5.6
2025-06-12 18:28:00,55.4
2025-06-12 14:31:00,49.54963144963145
2025-06-12 08:14:00,10.1
2025-06-12 22:07:00,96.4
2025-06-12 08:19:00,57.0
2025-06-12 00:43:00,65.4
2025-06-12 23:50:00,70.2
2025-06-12 22:22:00,51.2
2025-06-12 01:39:00,49.54963144963145
2025-06-12 01:26:00,20.6
2025-06-12 08:30:00,89.5
2025-06-12 11:35:00,55.2
2025-06-12 21:48:00,46.9
2025-06-12 10:38:00,69.7
2025-06-12 19:50:00,73.1
2025-06-12 16:35:00,29.8
2025-06-12 07:03:00,48.1
2025-06-12 04:27:00,52.0
2025-06-12 12:49:00,24.0
2025-06-12 15:06:00,39.2
2025-06-12 04:52:00,27.1
2025-06-12 11:25:00,19.0
2025-06-12 10:00:00,83.5
2025-06-12 07:48:00,100.0
2025-06-12 06:43:00,49.54963144963145
2025-06-12 00:39:00,18.5
2025-06-12 23:31:00,49.7
2025-06-12 01:28:00,39.1
2025-06-12 03:02:00,49.54963144963145
2025-06-12 05:08:00,6.8
2025-06-12 13:34:00,51.3
2025-06-12 03:58:00,49.54963144963145
2025-06-12 21:53:00,24.0
2025-06-12 10:29:00,51.9
2025-06-12 13:14:00,72.0
2025-06-12 04:24:00,12.9
2025-06-12 01:27:00,49.54963144963145
2025-06-12 17:08:00,49.54963144963145
2025-06-12 12:00:00,39.7
2025-06-12 02:13:00,97.1
2025-06-12 00:41:00,49.54963144963145
2025-06-12 21:10:00,44.0
2025-06-12 01:40:00,86.6
2025-06-12 04:32:00,54.3
2025-06-12 21:43:00,60.2
2025-06-12 05:01:00,77.3
2025-06-12 22:05:00,59.8
2025-06-12 23:58:00,79.2
2025-06-12 21:19:00,80.7
2025-06-12 07:17:00,50.9
2025-06-12 19:58:00,30.4
2025-06-12 04:45:00,88.0
2025-06-12 01:14:00,18.2
2025-06-12 16:07:00,98.7
2025-06-12 16:30:00,49.54963144963145
2025-06-12 04:06:00,51.4
2025-06-12 05:37:00,77.4
2025-06-12 05:11:00,17.5
2025-06-12 21:35:00,85.2
2025-06-12 21:33:00,92.5
2025-06-12 20:11:00,24.0
2025-06-12 05:54:00,72.9
2025-06-12 11:46:00,91.7
2025-06-12 05:06:00,29.4
2025-06-12 07:48:00,61.9
2025-06-12 19:42:00,49.560128956623686
2025-06-12 21:04:00,46.8
2025-06-12 02:15:00,36.5
2025-06-12 01:07:00,49.560128956623686
2025-06-12 07:55:00,92.3
2025-06-12 15:48:00,68.9
2025-06-12 12:22:00,22.8
2025-06-12 14:53:00,49.560128956623686
2025-06-12 21:40:00,75.3
2025-06-12 03:53:00,12.1
2025-06-12 13:05:00,49.560128956623686
2025-06-12 13:53:00,4.3
2025-06-12 21:34:00,33.6
2025-06-12 01:25:00,8.9
2025-06-12 23:32:00,20.5
2025-06-12 17:41:00,66.7
2025-06-12 20:19:00,51.3
2025-06-12 12:17:00,35.4
2025-06-12 22:11:00,21.7
2025-06-12 15:45:00,49.560128956623686
2025-06-12 04:41:00,36.8
2025-06-12 19:50:00,49.560128956623686
2025-06-12 15:53:00,49.560128956623686
2025-06-12 17:26:00,26.2
2025-06-12 16:35:00,22.5
2025-06-12 07:45:00,44.0
2025-06-12 17:04:00,23.3
2025-06-12 04:05:00,49.560128956623686
2025-06-12 22:58:00,64.9
2025-06-12 05:24:00,43.1
2025-06-12 04:58:00,17.9
2025-06-12 12:41:00,53.6
2025-06-12 21:32:00,58.4
2025-06-12 22:08:00,49.560128956623686
2025-06-12 02:39:00,16.3
2025-06-12 05:08:00,49.560128956623686
2025-06-12 16:23:00,47.7
2025-06-12 16:42:00,44.4
2025-06-12 21:38:00,9.9
2025-06-12 11:33:00,20.8
2025-06-12 11:19:00,72.9
2025-06-12 16:45:00,39.2
2025-06-12 11:05:00,12.9
2025-06-12 11:12:00,95.0
2025-06-12 07:59:00,4.7
2025-06-12 15:57:00,70.6
2025-06-12 22:00:00,13.4
2025-06-12 02:50:00,56.0
2025-06-12 18:12:00,35.3
2025-06-12 15:00:00,40.3
2025-06-12 11:20:00,0.7
2025-06-12 15:17:00,9.3
2025-06-12 21:29:00,8.6
2025-06-12 02:00:00,8.3
2025-06-12 22:41:00,51.1
2025-06-12 12:48:00,84.9
2025-06-12 14:44:00,38.1
2025-06-12 16:44:00,26.0
2025-06-12 05:17:00,62.6
2025-06-12 02:54:00,49.560128956623686
2025-06-12 11:26:00,13.9
2025-06-12 01:09:00,6.4
2025-06-12 22:20:00,49.560128956623686
2025-06-12 01:22:00,12.2
2025-06-12 08:47:00,8.4
2025-06-12 01:32:00,10.2
2025-06-12 12:25:00,49.560128956623686
2025-06-12 04:45:00,49.560128956623686
2025-06-12 09:03:00,49.560128956623686
2025-06-12 00:57:00,94.5
2025-06-12 17:28:00,49.560128956623686
2025-06-12 18:35:00,70.4
2025-06-12 10:54:00,63.6
2025-06-12 07:33:00,41.9
2025-06-12 01:58:00,2.7
2025-06-12 19:55:00,2.1
2025-06-12 10:21:00,97.5
2025-06-12 14:05:00,43.1
2025-06-12 18:57:00,35.7
2025-06-12 00:38:00,68.2
2025-06-12 05:20:00,53.4
2025-06-12 14:00:00,52.4
2025-06-12 05:49:00,20.8
2025-06-12 11:36:00,76.4
2025-06-12 07:11:00,17.7
2025-06-12 08:15:00,16.0
2025-06-12 21:15:00,88.0
2025-06-12 14:08:00,35.2
2025-06-12 02:33:00,49.560128956623686
2025-06-12 15:43:00,9.0
2025-06-12 22:45:00,82.0
2025-06-12 14:43:00,25.0
2025-06-12 06:04:00,76.4
2025-06-12 17:50:00,44.1
2025-06-12 15:07:00,7.2
2025-06-12 19:09:00,23.8
2025-06-12 13:03:00,97.3
2025-06-12 02:03:00,18.0
2025-06-12 12:56:00,33.1
2025-06-12 12:52:00,62.3
2025-06-12 09:35:00,80.3
2025-06-12 07:17:00,49.560128956623686
2025-06-12 23:41:00,75.0
2025-06-12 15:06:00,42.6
2025-06-12 12:13:00,23.1
2025-06-12 20:40:00,41.2
2025-06-12 01:30:00,11.7
2025-06-12 15:34:00,87.9
2025-06-12 23:33:00,34.3
2025-06-12 05:36:00,77.6
2025-06-12 07:24:00,99.0
2025-06-12 17:32:00,3.8
2025-06-12 14:58:00,49.560128956623686
2025-06-12 16:06:00,29.3
2025-06-12 02:09:00,62.4
2025-06-12 07:25:00,40.4
2025-06-12 04:14:00,26.2
2025-06-12 13:01:00,39.6
2025-06-12 11:13:00,49.560128956623686
2025-06-12 12:32:00,35.2
2025-06-12 04:12:00,34.7
2025-06-12 14:41:00,49.560128956623686
2025-06-12 21:25:00,4.9
2025-06-12 20:49:00,53.6
2025-06-12 21:50:00,61.7
2025-06-12 22:42:00,94.5
2025-06-12 00:40:00,50.8
2025-06-12 00:51:00,49.560128956623686
2025-06-12 18:29:00,42.7
2025-06-12 01:50:00,1.8
2025-06-12 07:30:00,47.3
2025-06-12 21:02:00,29.7
2025-06-12 02:18:00,65.6
2025-06-12 09:44:00,49.560128956623686
2025-06-12 09:52:00,43.4
2025-06-12 06:57:00,14.6
2025-06-12 19:54:00,61.2
2025-06-12 06:06:00,49.560128956623686
2025-06-12 22:24:00,1.4
2025-06-12 11:02:00,54.0
2025-06-12 19:53:00,85.9
2025-06-12 15:27:00,64.7
2025-06-12 05:59:00,54.6
2025-06-12 15:03:00,86.7
2025-06-12 21:46:00,84.8
2025-06-12 04:59:00,86.3
2025-06-12 07:04:00,78.1
2025-06-12 14:22:00,44.0
2025-06-12 14:45:00,2.4
2025-06-12 02:13:00,87.0
2025-06-12 12:18:00,20.1
2025-06-12 03:31:00,33.1
2025-06-12 05:40:00,67.1
2025-06-12 03:59:00,17.5
2025-06-12 12:58:00,77.6
2025-06-12 23:40:00,94.3
2025-06-12 06:20:00,37.4
2025-06-12 20:16:00,9.6
2025-06-12 03:29:00,7.9
2025-06-12 15:50:00,36.3
2025-06-12 16:48:00,59.1
2025-06-12 21:18:00,8.0
2025-06-12 08:05:00,66.2
2025-06-12 03:54:00,3.2
2025-06-12 12:44:00,49.560128956623686
2025-06-12 08:09:00,49.560128956623686
2025-06-12 20:42:00,86.9
2025-06-12 03:28:00,34.0
2025-06-12 08:42:00,60.4
2025-06-12 22:30:00,79.4
2025-06-12 13:49:00,65.9
2025-06-12 23:50:00,40.0
2025-06-12 00:28:00,53.8
2025-06-12 14:34:00,65.4
2025-06-12 11:43:00,22.4
2025-06-12 12:24:00,49.560128956623686
2025-06-12 17:33:00,96.7
2025-06-12 20:32:00,60.0
2025-06-12 13:43:00,31.7
2025-06-12 05:16:00,49.560128956623686
2025-06-12 00:24:00,49.560128956623686
2025-06-12 06:38:00,49.0
2025-06-12 05:58:00,22.9
2025-06-12 17:49:00,24.0
2025-06-12 21:47:00,32.2
2025-06-12 12:53:00,30.5
2025-06-12 14:04:00,49.560128956623686
2025-06-12 00:31:00,46.5
2025-06-12 20:51:00,67.4
2025-06-12 00:41:00,81.8
2025-06-12 17:58:00,97.1
2025-06-12 14:42:00,9.7
2025-06-12 10:42:00,73.8
2025-06-12 16:07:00,32.6
2025-06-12 22:14:00,40.6
2025-06-12 19:44:00,14.8
2025-06-12 13:02:00,80.2
2025-06-12 01:19:00,11.2
2025-06-12 07:12:00,44.6
2025-06-12 00:00:00,3.0
2025-06-12 19:28:00,92.2
2025-06-12 02:01:00,9.5
2025-06-12 09:46:00,17.3
2025-06-12 00:20:00,49.560128956623686
2025-06-12 08:30:00,39.2
2025-06-12 09:15:00,66.8
2025-06-12 09:21:00,21.7
2025-06-12 21:24:00,49.560128956623686
2025-06-12 21:49:00,84.0
2025-06-12 17:24:00,34.4
2025-06-12 09:38:00,46.5
2025-06-12 21:30:00,24.0
2025-06-12 19:57:00,42.7
2025-06-12 10:50:00,49.560128956623686
2025-06-12 14:51:00,85.5
2025-06-12 13:08:00,31.9
2025-06-12 08:13:00,99.5
2025-06-12 15:52:00,85.5
2025-06-12 17:08:00,77.9
2025-06-12 09:13:00,22.7
2025-06-12 20:17:00,0.1
2025-06-12 13:17:00,80.7
2025-06-12 13:10:00,35.3
2025-06-12 23:30:00,9.0
2025-06-12 14:21:00,6.1
2025-06-12 06:41:00,4.3
2025-06-12 14:56:00,28.6
2025-06-12 01:03:00,96.9
2025-06-12 10:51:00,25.3
2025-06-12 16:25:00,69.4
2025-06-12 15:10:00,95.1
2025-06-12 22:10:00,49.2
2025-06-12 13:44:00,87.9
2025-06-12 10:26:00,58.1
2025-06-12 11:24:00,24.2
2025-06-12 11:55:00,93.3
2025-06-12 10:13:00,1.7
2025-06-12 00:36:00,2.9
2025-06-12 20:28:00,92.2
2025-06-12 17:09:00,49.560128956623686
2025-06-12 08:26:00,24.1
2025-06-12 23:54:00,19.3
2025-06-12 23:11:00,22.1
2025-06-12 13:27:00,49.560128956623686
2025-06-12 15:01:00,50.2
2025-06-12 09:10:00,82.0
2025-06-12 03:21:00,44.0
2025-06-12 05:43:00,18.3
2025-06-12 20:53:00,25.0
2025-06-12 01:43:00,64.1
2025-06-12 19:31:00,12.6
2025-06-12 18:01:00,66.6
2025-06-12 00:53:00,53.3
2025-06-12 23:36:00,98.5
2025-06-12 13:41:00,40.2
2025-06-12 00:12:00,91.3
2025-06-12 15:29:00,76.7
2025-06-12 16:58:00,63.7
2025-06-12 08:22:00,49.560128956623686
2025-06-12 04:18:00,60.1
2025-06-12 09:05:00,49.9
2025-06-12 22:25:00,83.0
2025-06-12 20:39:00,35.7
2025-06-12 11:58:00,49.560128956623686
2025-06-12 23:43:00,46.2
2025-06-12 05:00:00,12.2
2025-06-12 22:35:00,23.0
2025-06-12 18:13:00,90.0
2025-06-12 04:22:00,31.9
2025-06-12 04:34:00,4.2
2025-06-12 05:46:00,58.9
2025-06-12 18:34:00,91.3
2025-06-12 03:20:00,59.3
2025-06-12 01:47:00,44.0
2025-06-12 03:42:00,56.9
2025-06-12 01:46:00,49.560128956623686
2025-06-12 21:31:00,36.9
2025-06-12 01:28:00,49.560128956623686
2025-06-12 04:37:00,20.8
2025-06-12 00:34:00,64.8
2025-06-12 16:55:00,88.8
2025-06-12 13:46:00,4.8
2025-06-12 22:31:00,94.0
2025-06-12 07:14:00,29.2
2025-06-12 07:43:00,4.5
2025-06-12 02:26:00,14.8
2025-06-12 06:03:00,67.6
2025-06-12 11:07:00,75.3
2025-06-12 22:13:00,19.7
2025-06-12 08:17:00,83.3
2025-06-12 00:23:00,72.7
2025-06-12 02:53:00,41.7
2025-06-12 07:28:00,80.3
2025-06-12 06:28:00,7.4
2025-06-12 16:50:00,3.8
2025-06-12 02:58:00,50.10277843742579
2025-06-12 06:03:00,20.7
2025-06-12 13:07:00,8.4
2025-06-12 14:23:00,90.4
2025-06-12 23:50:00,51.4
2025-06-12 08:19:00,80.3
2025-06-12 09:34:00,30.5
2025-06-12 19:34:00,83.5
2025-06-12 23:00:00,50.10277843742579
2025-06-12 06:55:00,81.2
2025-06-12 06:31:00,74.7
2025-06-12 19:30:00,39.0
2025-06-12 15:44:00,48.7
2025-06-12 18:44:00,72.0
2025-06-12 04:51:00,41.8
2025-06-12 11:06:00,42.1
2025-06-12 00:37:00,14.1
2025-06-12 00:30:00,96.8
2025-06-12 04:42:00,79.8
2025-06-12 00:52:00,23.0
2025-06-12 16:30:00,24.0
2025-06-12 10:49:00,93.1
2025-06-12 08:49:00,55.1
2025-06-12 02:50:00,20.2
2025-06-12 18:32:00,50.10277843742579
2025-06-12 23:59:00,98.7
2025-06-12 11:02:00,68.2
2025-06-12 09:12:00,80.9
2025-06-12 05:40:00,63.6
2025-06-12 17:43:00,50.10277843742579
2025-06-12 10:35:00,7.9
2025-06-12 02:14:00,29.5
2025-06-12 10:20:00,22.7
2025-06-12 21:42:00,48.4
2025-06-12 00:47:00,71.3
2025-06-12 09:00:00,73.2
2025-06-12 14:08:00,34.5
2025-06-12 06:12:00,96.6
2025-06-12 22:18:00,94.8
2025-06-12 06:52:00,4.0
2025-06-12 06:43:00,50.10277843742579
2025-06-12 15:57:00,97.4
2025-06-12 19:35:00,83.8
2025-06-12 04:46:00,50.10277843742579
2025-06-12 23:34:00,86.4
2025-06-12 23:33:00,49.3
2025-06-12 11:18:00,59.2
2025-06-12 03:44:00,10.8
2025-06-12 03:53:00,5.2
2025-06-12 14:22:00,24.1
2025-06-12 17:22:00,79.0
2025-06-12 08:54:00,29.6
2025-06-12 15:04:00,18.7
2025-06-12 17:28:00,83.4
2025-06-12 10:11:00,2.2
2025-06-12 11:39:00,50.10277843742579
2025-06-12 18:09:00,33.4
2025-06-12 07:19:00,39.9
2025-06-12 04:06:00,33.1
2025-06-12 15:14:00,43.1
2025-06-12 01:30:00,16.1
2025-06-12 18:37:00,40.1
2025-06-12 16:11:00,50.10277843742579
2025-06-12 22:55:00,98.5
2025-06-12 05:03:00,84.5
2025-06-12 12:23:00,87.0
2025-06-12 20:07:00,16.1
2025-06-12 15:00:00,82.8
2025-06-12 04:54:00,50.10277843742579
2025-06-12 14:14:00,99.6
2025-06-12 03:22:00,46.1
2025-06-12 23:05:00,90.0
2025-06-12 19:08:00,56.7
2025-06-12 17:54:00,50.10277843742579
2025-06-12 22:16:00,50.10277843742579
2025-06-12 04:18:00,50.10277843742579
2025-06-12 15:27:00,50.10277843742579
2025-06-12 10:07:00,20.1
2025-06-12 16:05:00,32.0
2025-06-12 18:39:00,8.6
2025-06-12 07:03:00,23.2
2025-06-12 03:49:00,15.4
2025-06-12 16:38:00,81.3
2025-06-12 12:49:00,36.2
2025-06-12 13:37:00,66.0
2025-06-12 14:51:00,18.6
2025-06-12 05:09:00,50.10277843742579
2025-06-12 04:36:00,50.10277843742579
2025-06-12 14:57:00,35.4
2025-06-12 19:38:00,50.10277843742579
2025-06-12 16:52:00,96.2
2025-06-12 08:52:00,80.8
2025-06-12 01:57:00,15.7
2025-06-12 12:06:00,78.5
2025-06-12 10:45:00,61.1
2025-06-12 09:18:00,36.9
2025-06-12 02:47:00,65.1
2025-06-12 02:04:00,15.9
2025-06-12 01:24:00,34.7
2025-06-12 10:41:00,95.4
2025-06-12 04:41:00,7.6
2025-06-12 13:17:00,27.2
2025-06-12 03:55:00,50.10277843742579
2025-06-12 14:29:00,53.2
2025-06-12 05:16:00,42.5
2025-06-12 21:16:00,75.7
2025-06-12 09:49:00,83.4
2025-06-12 05:58:00,69.6
2025-06-12 10:22:00,42.8
2025-06-12 05:04:00,10.6
2025-06-12 14:59:00,86.2
2025-06-12 09:33:00,51.5
2025-06-12 22:59:00,39.7
2025-06-12 01:08:00,0.8
2025-06-12 07:48:00,4.5
2025-06-12 00:18:00,26.7
2025-06-12 22:31:00,31.3
2025-06-12 17:02:00,74.9
2025-06-12 07:06:00,45.5
2025-06-12 00:16:00,50.10277843742579
2025-06-12 22:12:00,50.10277843742579
2025-06-12 18:55:00,50.10277843742579
2025-06-12 07:25:00,43.4
2025-06-12 14:07:00,84.5
2025-06-12 02:09:00,97.9
2025-06-12 03:26:00,4.0
2025-06-12 10:37:00,86.7
2025-06-12 11:47:00,89.0
2025-06-12 21:50:00,95.5
2025-06-12 20:46:00,89.4
2025-06-12 11:12:00,4.8
2025-06-12 13:25:00,88.6
2025-06-12 14:21:00,50.10277843742579
2025-06-12 18:17:00,68.2
2025-06-12 02:36:00,50.10277843742579
2025-06-12 17:23:00,7.0
2025-06-12 16:09:00,71.0
2025-06-12 16:27:00,28.1
2025-06-12 12:07:00,15.9
2025-06-12 20:21:00,43.0
2025-06-12 19:58:00,64.5
2025-06-12 04:10:00,15.1
2025-06-12 01:09:00,45.2
2025-06-12 14:56:00,50.10277843742579
2025-06-12 18:46:00,50.10277843742579
2025-06-12 03:27:00,99.5
2025-06-12 05:48:00,12.9
2025-06-12 09:41:00,65.9
2025-06-12 22:14:00,50.10277843742579
2025-06-12 07:31:00,49.5
2025-06-12 06:49:00,58.4
2025-06-12 07:37:00,97.7
2025-06-12 06:59:00,70.7
2025-06-12 16:53:00,50.10277843742579
2025-06-12 04:59:00,13.9
2025-06-12 13:36:00,86.0
2025-06-12 21:27:00,50.10277843742579
2025-06-12 15:08:00,27.3
2025-06-12 05:54:00,50.10277843742579
2025-06-12 08:07:00,26.4
2025-06-12 09:10:00,35.4
2025-06-12 00:01:00,50.10277843742579
2025-06-12 21:20:00,10.6
2025-06-12 20:56:00,43.3
2025-06-12 13:58:00,18.9
2025-06-12 16:01:00,50.10277843742579
2025-06-12 12:01:00,88.2
2025-06-12 09:15:00,75.7
2025-06-12 03:35:00,50.10277843742579
2025-06-12 03:33:00,97.5
2025-06-12 10:43:00,10.9
2025-06-12 13:33:00,49.7
2025-06-12 23:01:00,16.7
2025-06-12 12:15:00,13.4
2025-06-12 04:35:00,30.0
2025-06-12 07:11:00,35.4
2025-06-12 21:10:00,10.5
2025-06-12 19:00:00,60.4
2025-06-12 14:26:00,50.10277843742579
2025-06-12 14:42:00,50.10277843742579
2025-06-12 12:37:00,48.3
2025-06-12 15:30:00,19.3
2025-06-12 12:36:00,26.7
2025-06-12 20:22:00,48.6
2025-06-12 00:28:00,7.2
2025-06-12 01:12:00,25.8
2025-06-12 12:22:00,43.2
2025-06-12 05:21:00,42.3
2025-06-12 09:09:00,50.10277843742579
2025-06-12 01:16:00,43.3
2025-06-12 22:50:00,19.4
2025-06-12 17:35:00,14.0
2025-06-12 16:44:00,6.6
2025-06-12 19:40:00,24.4
2025-06-12 06:11:00,68.7
2025-06-12 21:34:00,55.9
2025-06-12 22:45:00,50.10277843742579
2025-06-12 21:37:00,4.4
2025-06-12 23:25:00,85.6
2025-06-12 19:18:00,46.1
2025-06-12 15:56:00,15.9
2025-06-12 10:38:00,50.10277843742579
2025-06-12 05:32:00,7.3
2025-06-12 07:54:00,39.8
2025-06-12 06:30:00,50.10277843742579
2025-06-12 19:32:00,54.9
2025-06-12 11:53:00,36.8
2025-06-12 11:45:00,57.1
2025-06-12 15:53:00,2.6
2025-06-12 14:01:00,84.9
2025-06-12 19:49:00,85.3
2025-06-12 14:39:00,63.3
2025-06-12 01:54:00,39.0
2025-06-12 10:48:00,65.3
2025-06-12 17:30:00,30.3
2025-06-12 13:03:00,50.10277843742579
2025-06-12 23:32:00,88.3
2025-06-12 06:48:00,11.1
2025-06-12 19:04:00,40.1
2025-06-12 23:07:00,46.2
2025-06-12 06:20:00,89.6
2025-06-12 13:39:00,93.2
2025-06-12 08:17:00,56.0
2025-06-12 23:49:00,98.0
2025-06-12 19:20:00,17.1
2025-06-12 22:53:00,4.2
2025-06-12 01:51:00,50.10277843742579
2025-06-12 15:02:00,41.5
2025-06-12 22:57:00,40.0
2025-06-12 23:55:00,31.4
2025-06-12 20:01:00,53.2
2025-06-12 17:01:00,7.2
2025-06-12 12:24:00,22.2
2025-06-12 03:37:00,46.9
2025-06-12 20:48:00,53.0
2025-06-12 21:53:00,66.6
2025-06-12 00:23:00,82.3
2025-06-12 17:31:00,84.3
2025-06-12 01:19:00,32.0
2025-06-12 03:39:00,50.10277843742579
2025-06-12 11:40:00,50.10277843742579
2025-06-12 09:30:00,1.4
2025-06-12 15:35:00,15.2
2025-06-12 17:48:00,9.0
2025-06-12 03:14:00,28.5
2025-06-12 10:36:00,50.10277843742579
2025-06-12 16:29:00,19.9
2025-06-12 13:30:00,13.9
2025-06-12 13:18:00,95.9
2025-06-12 11:46:00,24.5
2025-06-12 11:00:00,73.6
2025-06-12 03:03:00,87.5
2025-06-12 03:30:00,65.3
2025-06-12 00:11:00,24.3
2025-06-12 17:15:00,89.1
2025-06-12 13:16:00,12.4
2025-06-12 01:40:00,5.2
2025-06-12 17:10:00,50.10277843742579
2025-06-12 11:07:00,90.4
2025-06-12 05:27:00,50.10277843742579
2025-06-12 19:26:00,0.4
2025-06-12 13:31:00,50.10277843742579
2025-06-12 01:41:00,50.2
2025-06-12 20:40:00,75.6
2025-06-12 16:20:00,37.3
2025-06-12 19:57:00,21.3
2025-06-12 05:35:00,50.10277843742579
2025-06-12 11:23:00,4.0
2025-06-12 21:22:00,59.5
2025-06-12 03:36:00,47.6
2025-06-12 07:22:00,14.7
2025-06-12 00:27:00,97.4
2025-06-12 02:18:00,99.3
2025-06-12 00:22:00,30.8
2025-06-12 01:20:00,44.1
2025-06-12 23:08:00,61.3
2025-06-12 04:57:00,4.1
2025-06-12 18:15:00,15.9
2025-06-12 10:16:00,28.2
2025-06-12 22:20:00,37.3
2025-06-12 21:30:00,28.4
2025-06-12 11:56:00,32.1
2025-06-12 15:31:00,64.6
2025-06-12 13:35:00,59.0
2025-06-12 00:26:00,29.7
2025-06-12 09:17:00,50.10277843742579
2025-06-12 00:51:00,96.8
2025-06-12 21:12:00,20.3
2025-06-12 03:25:00,57.0
2025-06-12 00:00:00,18.7
2025-06-12 11:58:00,66.6
2025-06-12 03:07:00,17.4
2025-06-12 05:15:00,25.8
2025-06-12 22:21:00,75.1
2025-06-12 01:31:00,72.6
2025-06-12 13:52:00,62.7
2025-06-12 09:08:00,19.8
2025-06-12 18:42:00,35.1
2025-06-12 16:24:00,84.0
2025-06-12 08:39:00,18.1
2025-06-12 18:53:00,39.6
2025-06-12 21:00:00,39.6
2025-06-12 07:10:00,19.1
2025-06-12 22:25:00,74.6
2025-06-12 13:59:00,53.6
2025-06-12 04:01:00,77.8
2025-06-12 09:10:00,49.2
2025-06-12 13:44:00,49.85036359371334
2025-06-12 14:32:00,13.6
2025-06-12 18:24:00,54.0
2025-06-12 06:30:00,30.8
2025-06-12 00:39:00,11.7
2025-06-12 13:19:00,14.4
2025-06-12 13:30:00,49.85036359371334
2025-06-12 00:42:00,37.5
2025-06-12 06:44:00,24.6
2025-06-12 02:27:00,83.2
2025-06-12 10:07:00,93.3
2025-06-12 12:00:00,96.9
2025-06-12 23:14:00,68.1
2025-06-12 18:53:00,28.8
2025-06-12 18:17:00,69.5
2025-06-12 06:36:00,49.85036359371334
2025-06-12 03:59:00,37.9
2025-06-12 05:00:00,75.8
2025-06-12 03:20:00,84.5
2025-06-12 23:23:00,21.0
2025-06-12 03:58:00,94.0
2025-06-12 03:57:00,41.9
2025-06-12 03:21:00,35.2
2025-06-12 16:10:00,49.85036359371334
2025-06-12 07:48:00,85.1
2025-06-12 17:57:00,57.2
2025-06-12 20:44:00,40.3
2025-06-12 06:58:00,49.85036359371334
2025-06-12 21:56:00,49.85036359371334
2025-06-12 12:52:00,12.7
2025-06-12 00:57:00,4.2
2025-06-12 12:55:00,49.85036359371334
2025-06-12 16:09:00,49.1
2025-06-12 07:32:00,60.8
2025-06-12 08:40:00,96.3
2025-06-12 23:20:00,80.7
2025-06-12 19:46:00,57.7
2025-06-12 02:46:00,61.3
2025-06-12 22:19:00,37.5
2025-06-12 00:01:00,77.7
2025-06-12 06:31:00,39.4
2025-06-12 02:44:00,28.3
2025-06-12 03:47:00,96.8
2025-06-12 06:53:00,0.2
2025-06-12 21:18:00,14.6
2025-06-12 22:32:00,77.1
2025-06-12 09:35:00,98.9
2025-06-12 10:29:00,62.6
2025-06-12 18:55:00,22.0
2025-06-12 20:21:00,78.3
2025-06-12 05:35:00,70.6
2025-06-12 01:08:00,49.85036359371334
2025-06-12 07:44:00,49.85036359371334
2025-06-12 20:23:00,68.1
2025-06-12 10:21:00,67.2
2025-06-12 11:10:00,49.85036359371334
2025-06-12 19:33:00,63.9
2025-06-12 20:45:00,38.2
2025-06-12 09:54:00,10.2
2025-06-12 02:35:00,95.9
2025-06-12 01:57:00,33.2
2025-06-12 16:18:00,49.85036359371334
2025-06-12 08:29:00,3.8
2025-06-12 07:06:00,36.2
2025-06-12 01:23:00,12.7
2025-06-12 18:43:00,84.3
2025-06-12 23:03:00,49.85036359371334
2025-06-12 21:54:00,2.0
2025-06-12 06:52:00,46.6
2025-06-12 17:20:00,49.85036359371334
2025-06-12 13:20:00,2.6
2025-06-12 04:45:00,49.85036359371334
2025-06-12 20:53:00,49.85036359371334
2025-06-12 10:49:00,18.2
2025-06-12 04:13:00,6.9
2025-06-12 22:03:00,93.5
2025-06-12 05:31:00,59.7
2025-06-12 22:38:00,51.5
2025-06-12 04:51:00,57.4
2025-06-12 16:03:00,49.85036359371334
2025-06-12 23:57:00,94.4
2025-06-12 03:14:00,50.0
2025-06-12 06:19:00,22.2
2025-06-12 15:14:00,84.8
2025-06-12 14:19:00,49.85036359371334
2025-06-12 22:25:00,91.0
2025-06-12 18:42:00,40.9
2025-06-12 09:26:00,21.1
2025-06-12 12:11:00,49.85036359371334
2025-06-12 01:19:00,33.0
2025-06-12 16:27:00,29.9
2025-06-12 10:37:00,55.6
2025-06-12 00:03:00,79.1
2025-06-12 13:08:00,13.7
2025-06-12 22:15:00,49.85036359371334
2025-06-12 17:43:00,42.4
2025-06-12 08:36:00,49.85036359371334
2025-06-12 23:12:00,49.85036359371334
2025-06-12 20:15:00,49.85036359371334
2025-06-12 08:12:00,78.7
2025-06-12 13:24:00,90.8
2025-06-12 07:05:00,66.7
2025-06-12 19:40:00,49.85036359371334
2025-06-12 03:40:00,74.4
2025-06-12 21:57:00,42.0
2025-06-12 15:57:00,38.3
2025-06-12 06:56:00,90.8
2025-06-12 00:14:00,46.5
2025-06-12 12:21:00,48.6
2025-06-12 11:25:00,56.5
2025-06-12 19:14:00,59.4
2025-06-12 15:54:00,6.4
2025-06-12 21:07:00,14.2
2025-06-12 04:49:00,84.2
2025-06-12 09:01:00,97.4
2025-06-12 20:38:00,79.9
2025-06-12 17:37:00,86.8
2025-06-12 07:35:00,22.5
2025-06-12 13:40:00,14.7
2025-06-12 17:08:00,41.5
2025-06-12 21:10:00,55.4
2025-06-12 01:13:00,88.4
2025-06-12 14:08:00,43.6
2025-06-12 15:07:00,52.1
2025-06-12 23:15:00,49.85036359371334
2025-06-12 09:08:00,5.3
2025-06-12 15:49:00,13.1
2025-06-12 06:14:00,14.6
2025-06-12 17:53:00,36.8
2025-06-12 02:20:00,49.85036359371334
2025-06-12 21:15:00,53.1
2025-06-12 02:50:00,14.0
2025-06-12 04:55:00,68.8
2025-06-12 07:53:00,87.0
2025-06-12 07:10:00,32.7
2025-06-12 06:26:00,21.5
2025-06-12 10:28:00,49.85036359371334
2025-06-12 19:12:00,99.7
2025-06-12 15:23:00,24.5
2025-06-12 14:44:00,29.0
2025-06-12 10:41:00,71.7
2025-06-12 13:50:00,74.9
2025-06-12 02:47:00,89.0
2025-06-12 01:21:00,10.1
2025-06-12 21:23:00,14.1
2025-06-12 07:37:00,22.5
2025-06-12 13:45:00,86.5
2025-06-12 04:48:00,54.4
2025-06-12 08:09:00,16.2
2025-06-12 19:15:00,68.4
2025-06-12 18:34:00,26.9
2025-06-12 02:18:00,29.0
2025-06-12 07:17:00,91.7
2025-06-12 12:20:00,39.9
2025-06-12 11:52:00,35.9
2025-06-12 18:01:00,6.8
2025-06-12 17:12:00,24.3
2025-06-12 01:17:00,99.2
2025-06-12 00:07:00,59.7
2025-06-12 19:25:00,42.3
2025-06-12 00:54:00,61.5
2025-06-12 08:14:00,29.2
2025-06-12 23:43:00,49.85036359371334
2025-06-12 00:34:00,1.2
2025-06-12 14:16:00,68.8
2025-06-12 10:14:00,21.8
2025-06-12 04:04:00,94.4
2025-06-12 02:21:00,9.5
2025-06-12 06:17:00,26.6
2025-06-12 16:33:00,49.85036359371334
2025-06-12 14:29:00,37.2
2025-06-12 20:36:00,52.6
2025-06-12 09:37:00,25.1
2025-06-12 09:55:00,42.8
2025-06-12 17:14:00,12.1
2025-06-12 14:15:00,2.9
2025-06-12 14:17:00,49.85036359371334
2025-06-12 23:28:00,24.3
2025-06-12 23:38:00,29.2
2025-06-12 04:52:00,10.8
2025-06-12 13:41:00,91.2
2025-06-12 20:28:00,13.6
2025-06-12 10:42:00,33.4
2025-06-12 08:04:00,65.5
2025-06-12 20:05:00,83.4
2025-06-12 16:26:00,52.6
2025-06-12 19:23:00,49.85036359371334
2025-06-12 08:39:00,19.4
2025-06-12 09:00:00,13.6
2025-06-12 00:40:00,86.8
2025-06-12 16:15:00,18.2
2025-06-12 18:03:00,67.2
2025-06-12 01:10:00,79.1
2025-06-12 21:50:00,47.3
2025-06-12 07:16:00,9.2
2025-06-12 09:33:00,8.2
2025-06-12 12:40:00,1.8
2025-06-12 23:08:00,88.1
2025-06-12 14:02:00,85.1
2025-06-12 08:15:00,60.8
2025-06-12 14:35:00,49.8
2025-06-12 18:20:00,49.85036359371334
2025-06-12 01:05:00,49.85036359371334
2025-06-12 16:25:00,53.0
2025-06-12 18:02:00,18.9
2025-06-12 12:47:00,10.2
2025-06-12 12:25:00,49.85036359371334
2025-06-12 14:09:00,51.5
2025-06-12 20:27:00,49.85036359371334
2025-06-12 08:57:00,64.6
2025-06-12 09:09:00,57.0
2025-06-12 06:09:00,83.9
2025-06-12 12:36:00,71.1
2025-06-12 10:20:00,13.6
2025-06-12 22:42:00,96.8
2025-06-12 05:41:00,49.85036359371334
2025-06-12 04:57:00,79.0
2025-06-12 21:32:00,49.85036359371334
2025-06-12 22:18:00,76.2
2025-06-12 05:48:00,73.1
2025-06-12 05:58:00,66.2
2025-06-12 16:22:00,36.4
2025-06-12 15:59:00,79.1
2025-06-12 00:43:00,97.5
2025-06-12 21:39:00,33.5
2025-06-12 13:48:00,93.4
2025-06-12 20:09:00,79.6
2025-06-12 03:55:00,75.4
2025-06-12 02:53:00,60.9
2025-06-12 23:25:00,51.2
2025-06-12 17:31:00,45.4
2025-06-12 00:33:00,35.0
2025-06-12 02:23:00,64.0
2025-06-12 00:21:00,56.4
2025-06-12 15:44:00,39.5
2025-06-12 04:12:00,28.1
2025-06-12 22:44:00,16.8
2025-06-12 07:45:00,17.9
2025-06-12 22:14:00,46.4
2025-06-12 18:58:00,33.0
2025-06-12 22:08:00,8.4
2025-06-12 15:45:00,94.0
2025-06-12 08:42:00,49.85036359371334
2025-06-12 21:01:00,97.4
2025-06-12 23:06:00,98.9
2025-06-12 15:27:00,14.7
2025-06-12 08:19:00,41.0
2025-06-12 17:32:00,30.8
2025-06-12 10:26:00,57.4
2025-06-12 15:32:00,45.6
2025-06-12 11:26:00,68.5
2025-06-12 04:19:00,49.85036359371334
2025-06-12 01:02:00,49.85036359371334
2025-06-12 12:44:00,94.2
2025-06-12 23:49:00,15.5
2025-06-12 02:56:00,49.85036359371334
2025-06-12 20:50:00,26.3
2025-06-12 09:53:00,3.2
2025-06-12 19:28:00,9.6
2025-06-12 15:26:00,58.4
2025-06-12 00:30:00,39.5
2025-06-12 10:13:00,25.9
2025-06-12 00:31:00,44.8
2025-06-12 15:37:00,51.2
2025-06-12 13:10:00,16.4
2025-06-12 14:12:00,62.3
2025-06-12 03:18:00,18.6
2025-06-12 10:23:00,6.5
2025-06-12 03:51:00,49.85036359371334
2025-06-12 21:14:00,92.4
2025-06-12 09:14:00,55.6
2025-06-12 03:07:00,86.8
2025-06-12 08:23:00,72.8
2025-06-12 15:17:00,35.5
2025-06-12 05:33:00,31.6
2025-06-12 16:06:00,1.9
2025-06-12 23:59:00,78.7
2025-06-12 10:16:00,63.6
2025-06-12 00:25:00,28.5
2025-06-12 15:31:00,0.9
2025-06-12 05:10:00,11.3
2025-06-12 03:12:00,26.1
2025-06-12 06:03:00,68.6
2025-06-12 01:31:00,21.1
2025-06-12 13:18:00,49.85036359371334
2025-06-12 08:52:00,23.5
2025-06-12 12:34:00,40.8
2025-06-12 12:04:00,22.3
2025-06-12 06:23:00,49.85036359371334
2025-06-12 13:35:00,63.7
2025-06-12 15:34:00,67.1
2025-06-12 04:03:00,77.7
2025-06-12 07:40:00,19.1
2025-06-12 21:30:00,63.0
2025-06-12 03:36:00,40.9
2025-06-12 02:25:00,86.4
2025-06-12 07:34:00,1.3
2025-06-12 04:16:00,65.0
2025-06-12 19:37:00,7.1
2025-06-12 11:08:00,39.3
2025-06-12 21:35:00,26.3
2025-06-12 23:21:00,29.0
2025-06-12 17:41:00,83.0
2025-06-12 01:25:00,49.85036359371334
2025-06-12 20:33:00,24.9
2025-06-12 04:43:00,5.5
2025-06-12 08:54:00,61.4
2025-06-12 19:45:00,99.1
2025-06-12 13:22:00,14.1
2025-06-12 04:07:00,19.6
2025-06-12 01:36:00,25.2
2025-06-12 12:05:00,40.7
2025-06-12 02:21:00,16.3
2025-06-12 22:26:00,93.0
2025-06-12 17:30:00,100.0
2025-06-12 18:29:00,40.1
2025-06-12 02:15:00,68.8
2025-06-12 09:52:00,2.6
2025-06-12 23:16:00,8.2
2025-06-12 07:54:00,11.4
2025-06-12 13:24:00,37.4
2025-06-12 09:24:00,21.4
2025-06-12 08:42:00,51.3
2025-06-12 20:24:00,50.02337935876432
2025-06-12 02:25:00,93.4
2025-06-12 17:25:00,50.02337935876432
2025-06-12 15:36:00,71.3
2025-06-12 12:39:00,60.8
2025-06-12 11:25:00,54.0
2025-06-12 16:46:00,98.7
2025-06-12 07:07:00,61.5
2025-06-12 02:09:00,12.5
2025-06-12 13:30:00,39.3
2025-06-12 03:07:00,16.8
2025-06-12 18:42:00,71.3
2025-06-12 19:57:00,50.02337935876432
2025-06-12 08:31:00,50.02337935876432
2025-06-12 12:35:00,7.9
2025-06-12 23:53:00,33.1
2025-06-12 08:34:00,50.02337935876432
2025-06-12 11:47:00,84.6
2025-06-12 12:52:00,33.0
2025-06-12 23:35:00,99.0
2025-06-12 18:49:00,4.6
2025-06-12 06:45:00,50.02337935876432
2025-06-12 08:04:00,58.6
2025-06-12 08:21:00,14.1
2025-06-12 07:26:00,6.1
2025-06-12 04:57:00,50.02337935876432
2025-06-12 18:10:00,52.3
2025-06-12 20:44:00,87.2
2025-06-12 10:39:00,27.2
2025-06-12 02:44:00,58.7
2025-06-12 01:33:00,17.8
2025-06-12 14:27:00,13.7
2025-06-12 16:27:00,94.5
2025-06-12 14:34:00,50.02337935876432
2025-06-12 01:48:00,50.02337935876432
2025-06-12 13:02:00,75.4
2025-06-12 23:08:00,50.02337935876432
2025-06-12 22:24:00,50.02337935876432
2025-06-12 15:53:00,50.02337935876432
2025-06-12 07:00:00,55.2
2025-06-12 09:49:00,14.3
2025-06-12 16:50:00,39.7
2025-06-12 14:35:00,73.9
2025-06-12 05:33:00,25.7
2025-06-12 13:42:00,82.3
2025-06-12 18:41:00,93.9
2025-06-12 05:20:00,62.3
2025-06-12 19:09:00,3.6
2025-06-12 18:05:00,9.5
2025-06-12 23:10:00,34.4
2025-06-12 10:53:00,50.02337935876432
2025-06-12 00:51:00,68.6
2025-06-12 22:25:00,29.0
2025-06-12 09:32:00,36.3
2025-06-12 20:59:00,50.02337935876432
2025-06-12 06:19:00,91.1
2025-06-12 01:17:00,50.02337935876432
2025-06-12 23:48:00,31.5
2025-06-12 12:21:00,47.1
2025-06-12 00:13:00,81.7
2025-06-12 04:40:00,82.1
2025-06-12 03:13:00,54.2
2025-06-12 03:55:00,69.2
2025-06-12 09:23:00,92.6
2025-06-12 22:29:00,97.4
2025-06-12 07:48:00,40.8
2025-06-12 17:43:00,94.5
2025-06-12 18:06:00,76.4
2025-06-12 03:29:00,33.2
2025-06-12 08:53:00,50.02337935876432
2025-06-12 14:02:00,78.5
2025-06-12 09:29:00,38.2
2025-06-12 06:43:00,50.02337935876432
2025-06-12 14:38:00,50.02337935876432
2025-06-12 09:08:00,61.1
2025-06-12 00:32:00,43.0
2025-06-12 02:57:00,46.8
2025-06-12 21:10:00,10.3
2025-06-12 01:49:00,15.9
2025-06-12 07:04:00,46.8
2025-06-12 01:28:00,77.0
2025-06-12 20:08:00,50.02337935876432
2025-06-12 08:26:00,81.0
2025-06-12 11:00:00,39.5
2025-06-12 15:27:00,80.7
2025-06-12 10:58:00,25.2
2025-06-12 06:25:00,12.3
2025-06-12 21:00:00,88.8
2025-06-12 09:55:00,44.5
2025-06-12 23:07:00,18.0
2025-06-12 23:51:00,1.5
2025-06-12 05:58:00,13.4
2025-06-12 01:03:00,10.9
2025-06-12 02:54:00,50.02337935876432
2025-06-12 18:16:00,50.02337935876432
2025-06-12 09:11:00,73.3
2025-06-12 11:56:00,16.5
2025-06-12 04:26:00,56.1
2025-06-12 04:22:00,29.3
2025-06-12 00:36:00,50.02337935876432
2025-06-12 02:24:00,84.5
2025-06-12 21:56:00,34.6
2025-06-12 20:36:00,7.5
2025-06-12 14:40:00,96.7
2025-06-12 20:06:00,92.6
2025-06-12 21:30:00,50.02337935876432
2025-06-12 17:16:00,92.7
2025-06-12 10:18:00,91.1
2025-06-12 14:55:00,58.4
2025-06-12 23:58:00,19.5
2025-06-12 15:19:00,77.6
2025-06-12 03:05:00,37.2
2025-06-12 10:01:00,72.2
2025-06-12 11:13:00,21.4
2025-06-12 03:52:00,22.2
2025-06-12 08:32:00,54.0
2025-06-12 18:38:00,6.6
2025-06-12 21:51:00,97.9
2025-06-12 16:55:00,50.02337935876432
2025-06-12 04:30:00,50.02337935876432
2025-06-12 00:48:00,12.3
2025-06-12 06:53:00,23.7
2025-06-12 16:19:00,94.5
2025-06-12 11:48:00,64.1
2025-06-12 19:53:00,86.8
2025-06-12 17:17:00,70.0
2025-06-12 21:46:00,84.5
2025-06-12 12:48:00,50.6
2025-06-12 06:20:00,4.7
2025-06-12 11:38:00,73.3
2025-06-12 14:07:00,28.7
2025-06-12 22:03:00,82.6
2025-06-12 14:06:00,49.6
2025-06-12 10:44:00,63.3
2025-06-12 14:59:00,80.3
2025-06-12 18:32:00,79.2
2025-06-12 08:01:00,8.6
2025-06-12 10:32:00,6.8
2025-06-12 01:54:00,50.02337935876432
2025-06-12 14:43:00,73.3
2025-06-12 06:14:00,89.4
2025-06-12 06:09:00,48.6
2025-06-12 16:44:00,26.7
2025-06-12 13:03:00,28.1
2025-06-12 06:07:00,18.4
2025-06-12 05:12:00,12.8
2025-06-12 02:07:00,93.8
2025-06-12 15:44:00,97.1
2025-06-12 19:36:00,76.8
2025-06-12 19:23:00,10.7
2025-06-12 16:54:00,16.8
2025-06-12 10:20:00,50.02337935876432
2025-06-12 18:22:00,50.02337935876432
2025-06-12 23:52:00,65.9
2025-06-12 06:50:00,62.7
2025-06-12 17:06:00,36.1
2025-06-12 02:35:00,1.8
2025-06-12 11:40:00,93.5
2025-06-12 22:11:00,55.4
2025-06-12 04:15:00,56.5
2025-06-12 20:38:00,22.2
2025-06-12 11:24:00,66.3
2025-06-12 17:26:00,13.1
2025-06-12 04:19:00,70.9
2025-06-12 02:41:00,42.7
2025-06-12 20:56:00,92.9
2025-06-12 15:58:00,4.1
2025-06-12 02:37:00,70.8
2025-06-12 12:03:00,47.2
2025-06-12 12:43:00,85.6
2025-06-12 04:28:00,21.1
2025-06-12 18:58:00,50.02337935876432
2025-06-12 18:40:00,1.5
2025-06-12 18:17:00,6.0
2025-06-12 18:31:00,10.9
2025-06-12 21:22:00,51.6
2025-06-12 06:42:00,28.3
2025-06-12 19:40:00,41.5
2025-06-12 05:31:00,50.02337935876432
2025-06-12 16:48:00,50.02337935876432
2025-06-12 03:37:00,77.6
2025-06-12 02:38:00,53.3
2025-06-12 17:51:00,19.1
2025-06-12 04:47:00,49.6
2025-06-12 10:27:00,50.02337935876432
2025-06-12 17:28:00,55.6
2025-06-12 18:56:00,83.9
2025-06-12 03:31:00,50.02337935876432
2025-06-12 22:50:00,50.02337935876432
2025-06-12 12:49:00,35.1
2025-06-12 05:18:00,50.02337935876432
2025-06-12 16:40:00,96.5
2025-06-12 01:27:00,45.3
2025-06-12 19:43:00,37.8
2025-06-12 08:28:00,22.6
2025-06-12 03:58:00,22.4
2025-06-12 04:20:00,88.2
2025-06-12 21:44:00,94.8
2025-06-12 19:56:00,50.02337935876432
2025-06-12 19:17:00,98.4
2025-06-12 05:22:00,50.02337935876432
2025-06-12 01:55:00,50.02337935876432
2025-06-12 02:12:00,50.02337935876432
2025-06-12 02:11:00,50.02337935876432
2025-06-12 12:10:00,50.6
2025-06-12 17:11:00,68.5
2025-06-12 05:51:00,6.0
2025-06-12 20:00:00,41.4
2025-06-12 13:36:00,64.9
2025-06-12 04:14:00,99.4
2025-06-12 06:24:00,5.1
2025-06-12 23:01:00,50.02337935876432
2025-06-12 09:20:00,50.02337935876432
2025-06-12 18:51:00,31.1
2025-06-12 19:26:00,50.02337935876432
2025-06-12 14:42:00,8.1
2025-06-12 22:44:00,78.7
2025-06-12 15:41:00,98.4
2025-06-12 05:39:00,72.5
2025-06-12 15:50:00,73.1
2025-06-12 06:15:00,50.02337935876432
2025-06-12 14:03:00,99.3
2025-06-12 20:53:00,18.1
2025-06-12 16:33:00,79.0
2025-06-12 03:14:00,35.1
2025-06-12 05:25:00,50.02337935876432
2025-06-12 08:33:00,50.02337935876432
2025-06-12 21:23:00,75.3
2025-06-12 08:58:00,50.02337935876432
2025-06-12 16:17:00,28.6
2025-06-12 00:54:00,59.3
2025-06-12 20:11:00,21.3
2025-06-12 21:36:00,78.6
2025-06-12 07:05:00,7.0
2025-06-12 07:29:00,50.02337935876432
2025-06-12 17:32:00,27.2
2025-06-12 12:07:00,62.9
2025-06-12 12:47:00,83.4
2025-06-12 09:58:00,50.02337935876432
2025-06-12 11:11:00,20.8
2025-06-12 22:46:00,14.5
2025-06-12 03:43:00,45.5
2025-06-12 18:27:00,83.8
2025-06-12 14:36:00,50.02337935876432
2025-06-12 00:41:00,50.02337935876432
2025-06-12 14:09:00,42.0
2025-06-12 20:13:00,76.9
2025-06-12 11:19:00,75.6
2025-06-12 06:51:00,91.9
2025-06-12 21:28:00,93.8
2025-06-12 07:46:00,52.4
2025-06-12 10:41:00,8.3
2025-06-12 12:15:00,43.7
2025-06-12 06:35:00,7.7
2025-06-12 23:17:00,79.5
2025-06-12 15:15:00,11.7
2025-06-12 09:45:00,4.3
2025-06-12 00:43:00,90.9
2025-06-12 02:32:00,37.5
2025-06-12 08:17:00,41.1
2025-06-12 10:09:00,93.7
2025-06-12 09:10:00,68.1
2025-06-12 22:51:00,53.8
2025-06-12 10:59:00,74.8
2025-06-12 12:01:00,52.0
2025-06-12 07:03:00,60.3
2025-06-12 20:55:00,22.2
2025-06-12 17:22:00,10.2
2025-06-12 17:46:00,9.9
2025-06-12 12:17:00,79.8
2025-06-12 14:59:00,44.4
2025-06-12 15:44:00,73.1
2025-06-12 18:23:00,47.4
2025-06-12 04:23:00,70.7
2025-06-12 02:48:00,4.3
2025-06-12 09:29:00,26.0
2025-06-12 19:13:00,5.2
2025-06-12 23:27:00,50.19809456598448
2025-06-12 13:08:00,98.9
2025-06-12 12:02:00,50.19809456598448
2025-06-12 19:11:00,23.6
2025-06-12 07:18:00,25.6
2025-06-12 16:23:00,39.4
2025-06-12 12:49:00,50.19809456598448
2025-06-12 11:31:00,29.9
2025-06-12 07:48:00,78.3
2025-06-12 05:45:00,72.0
2025-06-12 13:45:00,95.0
2025-06-12 00:45:00,2.9
2025-06-12 12:40:00,64.6
2025-06-12 05:33:00,33.5
2025-06-12 05:23:00,19.4
2025-06-12 14:24:00,51.1
2025-06-12 05:35:00,45.6
2025-06-12 06:08:00,42.0
2025-06-12 16:40:00,98.6
2025-06-12 16:15:00,15.5
2025-06-12 14:50:00,76.2
2025-06-12 01:59:00,99.0
2025-06-12 02:58:00,99.9
2025-06-12 18:00:00,81.0
2025-06-12 19:54:00,24.9
2025-06-12 13:55:00,98.7
2025-06-12 15:19:00,50.19809456598448
2025-06-12 03:54:00,25.7
2025-06-12 11:22:00,67.6
2025-06-12 16:39:00,74.3
2025-06-12 03:49:00,46.3
2025-06-12 01:06:00,4.7
2025-06-12 06:29:00,16.9
2025-06-12 19:51:00,38.4
2025-06-12 22:16:00,24.0
2025-06-12 04:19:00,73.8
2025-06-12 17:58:00,34.6
2025-06-12 18:45:00,82.0
2025-06-12 03:33:00,8.3
2025-06-12 11:26:00,34.9
2025-06-12 18:18:00,66.4
2025-06-12 11:43:00,50.19809456598448
2025-06-12 22:17:00,58.7
2025-06-12 03:50:00,50.19809456598448
2025-06-12 13:04:00,68.9
2025-06-12 16:12:00,62.4
2025-06-12 02:41:00,37.2
2025-06-12 23:45:00,50.19809456598448
2025-06-12 19:14:00,8.5
2025-06-12 12:10:00,59.6
2025-06-12 01:12:00,69.0
2025-06-12 16:53:00,78.4
2025-06-12 11:45:00,19.0
2025-06-12 22:10:00,50.19809456598448
2025-06-12 21:24:00,71.2
2025-06-12 23:57:00,17.7
2025-06-12 02:14:00,69.8
2025-06-12 13:37:00,92.3
2025-06-12 18:05:00,62.9
2025-06-12 22:31:00,52.6
2025-06-12 00:42:00,50.19809456598448
2025-06-12 14:47:00,96.2
2025-06-12 19:02:00,55.3
2025-06-12 01:03:00,15.7
2025-06-12 09:52:00,57.2
2025-06-12 14:46:00,53.3
2025-06-12 05:08:00,84.0
2025-06-12 05:09:00,7.2
2025-06-12 10:52:00,55.3
2025-06-12 05:28:00,7.2
2025-06-12 22:33:00,17.1
2025-06-12 18:40:00,27.4
2025-06-12 04:24:00,7.1
2025-06-12 08:57:00,12.4
2025-06-12 16:46:00,49.4
2025-06-12 07:25:00,71.6
2025-06-12 06:11:00,12.4
2025-06-12 20:01:00,50.19809456598448
2025-06-12 07:19:00,66.4
2025-06-12 17:44:00,50.19809456598448
2025-06-12 22:11:00,25.6
2025-06-12 18:36:00,32.3
2025-06-12 14:56:00,51.0
2025-06-12 14:03:00,81.1
2025-06-12 12:47:00,46.2
2025-06-12 06:51:00,62.9
2025-06-12 06:17:00,28.6
2025-06-12 23:59:00,50.19809456598448
2025-06-12 17:45:00,36.5
2025-06-12 16:22:00,8.6
2025-06-12 13:19:00,22.5
2025-06-12 18:42:00,74.5
2025-06-12 13:05:00,54.8
2025-06-12 22:15:00,96.1
2025-06-12 22:48:00,9.4
2025-06-12 17:14:00,50.19809456598448
2025-06-12 17:24:00,70.2
2025-06-12 12:05:00,83.6
2025-06-12 20:26:00,16.7
2025-06-12 00:14:00,18.0
2025-06-12 23:33:00,50.19809456598448
2025-06-12 01:33:00,8.7
2025-06-12 13:00:00,81.1
2025-06-12 13:34:00,27.6
2025-06-12 13:46:00,50.19809456598448
2025-06-12 06:14:00,76.8
2025-06-12 17:12:00,50.19809456598448
2025-06-12 23:19:00,5.2
2025-06-12 15:48:00,80.3
2025-06-12 12:04:00,60.9
2025-06-12 18:02:00,20.4
2025-06-12 03:25:00,65.5
2025-06-12 00:26:00,50.19809456598448
2025-06-12 13:52:00,33.0
2025-06-12 21:55:00,47.3
2025-06-12 14:08:00,74.9
2025-06-12 20:03:00,50.19809456598448
2025-06-12 08:36:00,47.5
2025-06-12 23:02:00,99.2
2025-06-12 07:39:00,53.4
2025-06-12 01:55:00,85.0
2025-06-12 14:34:00,60.2
2025-06-12 09:17:00,94.9
2025-06-12 11:38:00,5.4
2025-06-12 13:48:00,50.19809456598448
2025-06-12 08:07:00,40.4
2025-06-12 13:28:00,38.9
2025-06-12 19:16:00,33.5
2025-06-12 17:32:00,8.5
2025-06-12 06:38:00,65.2
2025-06-12 17:52:00,96.0
2025-06-12 06:23:00,48.9
2025-06-12 00:03:00,98.5
2025-06-12 08:12:00,32.2
2025-06-12 17:07:00,50.19809456598448
2025-06-12 21:32:00,31.1
2025-06-12 15:10:00,43.9
2025-06-12 01:57:00,50.19809456598448
2025-06-12 04:35:00,18.3
2025-06-12 21:47:00,45.2
2025-06-12 22:08:00,27.5
2025-06-12 16:58:00,50.19809456598448
2025-06-12 19:29:00,91.1
2025-06-12 09:46:00,12.2
2025-06-12 02:01:00,77.7
2025-06-12 07:07:00,85.6
2025-06-12 00:27:00,49.7
2025-06-12 14:00:00,7.4
2025-06-12 15:45:00,43.2
2025-06-12 10:54:00,58.8
2025-06-12 06:58:00,13.4
2025-06-12 23:39:00,72.7
2025-06-12 11:49:00,58.4
2025-06-12 16:03:00,69.8
2025-06-12 23:22:00,35.1
2025-06-12 21:16:00,77.8
2025-06-12 09:41:00,29.0
2025-06-12 01:51:00,50.19809456598448
2025-06-12 01:23:00,8.9
2025-06-12 20:53:00,98.6
2025-06-12 20:29:00,32.7
2025-06-12 05:16:00,43.8
2025-06-12 09:32:00,44.3
2025-06-12 04:16:00,50.19809456598448
2025-06-12 16:43:00,60.6
2025-06-12 18:08:00,28.1
2025-06-12 00:41:00,36.7
2025-06-12 22:36:00,50.19809456598448
2025-06-12 11:05:00,82.4
2025-06-12 18:56:00,61.0
2025-06-12 00:31:00,89.9
2025-06-12 09:56:00,22.8
2025-06-12 10:12:00,50.19809456598448
2025-06-12 06:32:00,9.7
2025-06-12 21:13:00,50.19809456598448
2025-06-12 07:59:00,78.0
2025-06-12 06:45:00,74.8
2025-06-12 00:49:00,35.2
2025-06-12 11:06:00,79.8
2025-06-12 12:44:00,67.7
2025-06-12 01:21:00,71.3
2025-06-12 05:58:00,97.1
2025-06-12 11:19:00,64.8
2025-06-12 16:10:00,93.6
2025-06-12 01:32:00,97.3
2025-06-12 21:22:00,2.2
2025-06-12 08:50:00,50.19809456598448
2025-06-12 14:06:00,58.5
2025-06-12 19:41:00,33.7
2025-06-12 15:08:00,50.19809456598448
2025-06-12 10:27:00,24.8
2025-06-12 06:56:00,47.0
2025-06-12 05:49:00,89.2
2025-06-12 18:15:00,91.0
2025-06-12 03:48:00,69.3
2025-06-12 20:48:00,30.3
2025-06-12 05:51:00,29.1
2025-06-12 03:37:00,50.19809456598448
2025-06-12 03:22:00,25.9
2025-06-12 06:54:00,97.6
2025-06-12 14:04:00,6.9
2025-06-12 19:05:00,37.9
2025-06-12 12:57:00,67.6
2025-06-12 21:59:00,46.1
2025-06-12 23:14:00,32.5
2025-06-12 11:35:00,20.7
2025-06-12 16:31:00,97.0
2025-06-12 21:17:00,53.4
2025-06-12 16:01:00,47.0
2025-06-12 02:02:00,93.1
2025-06-12 00:12:00,36.9
2025-06-12 18:26:00,46.6
2025-06-12 21:54:00,51.4
2025-06-12 18:49:00,37.9
2025-06-12 06:39:00,61.4
2025-06-12 19:08:00,63.0
2025-06-12 18:33:00,99.2
2025-06-12 19:55:00,50.19809456598448
2025-06-12 13:36:00,50.19809456598448
2025-06-12 07:36:00,97.8
2025-06-12 20:21:00,51.9
2025-06-12 16:51:00,39.7
2025-06-12 10:25:00,50.19809456598448
2025-06-12 20:43:00,61.1
2025-06-12 22:47:00,50.19809456598448
2025-06-12 11:48:00,56.4
2025-06-12 09:27:00,36.0
2025-06-12 01:37:00,62.0
2025-06-12 20:47:00,39.2
2025-06-12 13:56:00,50.19809456598448
2025-06-12 02:16:00,0.6
2025-06-12 07:17:00,5.0
2025-06-12 04:44:00,45.1
2025-06-12 19:23:00,6.3
2025-06-12 09:54:00,79.1
2025-06-12 09:26:00,18.7
2025-06-12 02:50:00,36.6
2025-06-12 05:31:00,76.5
2025-06-12 14:58:00,66.6
2025-06-12 04:15:00,50.19809456598448
2025-06-12 05:56:00,57.5
2025-06-12 03:01:00,8.2
2025-06-12 18:34:00,10.2
2025-06-12 09:37:00,3.7
2025-06-12 10:41:00,50.19809456598448
2025-06-12 14:14:00,50.19809456598448
2025-06-12 09:36:00,33.7
2025-06-12 03:57:00,81.8
2025-06-12 02:12:00,18.9
2025-06-12 18:22:00,45.6
2025-06-12 02:49:00,16.1
2025-06-12 05:04:00,24.1
2025-06-12 08:56:00,78.4
2025-06-12 00:39:00,50.19809456598448
2025-06-12 08:27:00,12.6
2025-06-12 04:48:00,50.19809456598448
2025-06-12 03:08:00,19.3
2025-06-12 14:43:00,39.3
2025-06-12 03:04:00,71.1
2025-06-12 18:20:00,73.9
2025-06-12 10:34:00,32.4
2025-06-12 16:38:00,3.9
2025-06-12 07:40:00,36.1
2025-06-12 13:17:00,50.19809456598448
2025-06-12 12:23:00,47.6
2025-06-12 21:04:00,50.19809456598448
2025-06-12 17:03:00,33.5
2025-06-12 19:33:00,47.3
2025-06-12 10:10:00,59.9
2025-06-12 21:11:00,57.7
2025-06-12 01:54:00,10.5
2025-06-12 16:11:00,84.9
2025-06-12 14:41:00,45.9
2025-06-12 20:48:00,80.5
2025-06-12 10:24:00,83.0
2025-06-12 22:13:00,5.4
2025-06-12 08:21:00,52.5
2025-06-12 05:59:00,80.5
2025-06-12 06:31:00,74.1
2025-06-12 16:14:00,56.0
2025-06-12 04:38:00,66.7
2025-06-12 16:18:00,80.9
2025-06-12 07:58:00,88.7
2025-06-12 01:47:00,49.54486036141751
2025-06-12 14:20:00,89.8
2025-06-12 18:34:00,53.7
2025-06-12 08:35:00,55.5
2025-06-12 12:23:00,96.3
2025-06-12 01:46:00,30.3
2025-06-12 20:29:00,51.2
2025-06-12 12:18:00,26.8
2025-06-12 12:38:00,66.1
2025-06-12 07:21:00,31.5
2025-06-12 16:31:00,90.4
2025-06-12 02:19:00,90.2
2025-06-12 05:49:00,91.5
2025-06-12 23:21:00,4.2
2025-06-12 10:13:00,23.1
2025-06-12 15:19:00,74.2
2025-06-12 23:25:00,32.3
2025-06-12 02:01:00,86.9
2025-06-12 13:40:00,59.8
2025-06-12 05:55:00,98.7
2025-06-12 10:00:00,93.1
2025-06-12 14:42:00,96.0
2025-06-12 11:45:00,17.1
2025-06-12 06:30:00,50.8
2025-06-12 03:27:00,49.54486036141751
2025-06-12 16:29:00,85.8
2025-06-12 11:23:00,89.1
2025-06-12 23:37:00,49.54486036141751
2025-06-12 02:09:00,51.3
2025-06-12 00:45:00,47.6
2025-06-12 15:32:00,61.0
2025-06-12 03:28:00,65.9
2025-06-12 00:59:00,11.0
2025-06-12 09:08:00,87.3
2025-06-12 05:51:00,90.6
2025-06-12 00:49:00,83.2
2025-06-12 14:40:00,77.1
2025-06-12 20:38:00,49.54486036141751
2025-06-12 02:16:00,20.3
2025-06-12 04:30:00,8.9
2025-06-12 07:47:00,81.0
2025-06-12 14:47:00,71.5
2025-06-12 06:49:00,23.2
2025-06-12 02:41:00,72.8
2025-06-12 01:41:00,89.2
2025-06-12 08:05:00,65.7
2025-06-12 23:52:00,61.3
2025-06-12 14:07:00,43.7
2025-06-12 18:05:00,0.2
2025-06-12 08:52:00,49.54486036141751
2025-06-12 16:52:00,23.0
2025-06-12 13:46:00,35.4
2025-06-12 19:35:00,9.1
2025-06-12 05:22:00,57.4
2025-06-12 05:34:00,19.9
2025-06-12 21:05:00,23.1
2025-06-12 05:18:00,24.9
2025-06-12 21:08:00,62.7
2025-06-12 21:22:00,84.2
2025-06-12 12:15:00,66.4
2025-06-12 18:26:00,60.0
2025-06-12 06:27:00,49.54486036141751
2025-06-12 11:01:00,78.5
2025-06-12 09:43:00,24.8
2025-06-12 18:20:00,78.5
2025-06-12 15:41:00,25.2
2025-06-12 20:25:00,71.1
2025-06-12 23:01:00,27.1
2025-06-12 17:13:00,29.4
2025-06-12 10:08:00,49.54486036141751
2025-06-12 11:07:00,49.54486036141751
2025-06-12 09:40:00,47.6
2025-06-12 09:21:00,49.54486036141751
2025-06-12 13:20:00,98.1
2025-06-12 15:37:00,41.4
2025-06-12 17:46:00,3.6
2025-06-12 23:41:00,51.8
2025-06-12 18:28:00,84.4
2025-06-12 12:36:00,68.2
2025-06-12 23:07:00,19.8
2025-06-12 10:05:00,40.0
2025-06-12 09:20:00,60.7
2025-06-12 18:00:00,49.1
2025-06-12 04:33:00,96.3
2025-06-12 15:58:00,30.1
2025-06-12 15:12:00,17.6
2025-06-12 23:13:00,21.1
2025-06-12 07:27:00,95.4
2025-06-12 22:27:00,64.1
2025-06-12 07:48:00,91.8
2025-06-12 15:44:00,45.2
2025-06-12 10:44:00,47.2
2025-06-12 09:31:00,49.54486036141751
2025-06-12 12:07:00,4.2
2025-06-12 21:40:00,10.0
2025-06-12 17:18:00,48.0
2025-06-12 23:40:00,59.9
2025-06-12 18:58:00,49.54486036141751
2025-06-12 16:28:00,46.4
2025-06-12 02:03:00,52.6
2025-06-12 15:47:00,56.0
2025-06-12 13:33:00,14.0
2025-06-12 09:14:00,58.8
2025-06-12 05:37:00,2.0
2025-06-12 09:50:00,49.54486036141751
2025-06-12 13:07:00,75.2
2025-06-12 03:11:00,49.54486036141751
2025-06-12 13:32:00,84.0
2025-06-12 07:11:00,20.5
2025-06-12 16:12:00,29.1
2025-06-12 08:51:00,43.2
2025-06-12 21:04:00,69.9
2025-06-12 21:47:00,42.7
2025-06-12 13:28:00,21.8
2025-06-12 13:59:00,49.6
2025-06-12 01:23:00,64.7
2025-06-12 17:27:00,28.7
2025-06-12 00:24:00,22.3
2025-06-12 01:50:00,39.7
2025-06-12 12:51:00,85.5
2025-06-12 06:44:00,64.0
2025-06-12 00:39:00,49.54486036141751
2025-06-12 20:02:00,49.54486036141751
2025-06-12 11:50:00,49.54486036141751
2025-06-12 05:11:00,17.9
2025-06-12 04:01:00,36.3
2025-06-12 12:50:00,71.1
2025-06-12 02:00:00,3.6
2025-06-12 21:27:00,60.0
2025-06-12 12:45:00,49.54486036141751
2025-06-12 18:41:00,88.0
2025-06-12 17:50:00,39.0
2025-06-12 20:54:00,88.4
2025-06-12 00:32:00,63.7
2025-06-12 06:02:00,80.4
2025-06-12 06:10:00,99.4
2025-06-12 10:30:00,58.0
2025-06-12 02:50:00,0.4
2025-06-12 09:01:00,52.7
2025-06-12 15:14:00,86.6
2025-06-12 06:13:00,42.1
2025-06-12 15:04:00,7.9
2025-06-12 21:26:00,31.9
2025-06-12 16:03:00,34.7
2025-06-12 11:27:00,13.8
2025-06-12 07:34:00,65.4
2025-06-12 04:16:00,83.9
2025-06-12 18:09:00,12.7
2025-06-12 01:42:00,50.5
2025-06-12 16:53:00,17.2
2025-06-12 17:42:00,92.4
2025-06-12 03:31:00,23.1
2025-06-12 11:11:00,19.4
2025-06-12 21:32:00,21.1
2025-06-12 13:08:00,49.54486036141751
2025-06-12 19:05:00,49.54486036141751
2025-06-12 06:47:00,88.5
2025-06-12 06:00:00,15.2
2025-06-12 19:53:00,31.2
2025-06-12 00:48:00,80.5
2025-06-12 03:24:00,37.2
2025-06-12 09:37:00,29.7
2025-06-12 22:33:00,29.5
2025-06-12 09:00:00,1.0
2025-06-12 15:43:00,25.2
2025-06-12 07:51:00,49.54486036141751
2025-06-12 00:09:00,13.1
2025-06-12 18:45:00,90.9
2025-06-12 12:14:00,48.8
2025-06-12 21:14:00,49.54486036141751
2025-06-12 21:43:00,59.3
2025-06-12 16:48:00,99.5
2025-06-12 17:35:00,49.54486036141751
2025-06-12 20:55:00,49.54486036141751
2025-06-12 14:46:00,88.8
2025-06-12 21:28:00,18.7
2025-06-12 19:18:00,47.2
2025-06-12 02:36:00,35.7
2025-06-12 07:59:00,5.8
2025-06-12 02:49:00,75.1
2025-06-12 07:54:00,72.0
2025-06-12 04:14:00,57.8
2025-06-12 23:24:00,36.5
2025-06-12 00:55:00,98.9
2025-06-12 19:14:00,60.9
2025-06-12 07:14:00,8.4
2025-06-12 02:58:00,4.1
2025-06-12 13:05:00,46.4
2025-06-12 07:00:00,28.3
2025-06-12 21:29:00,94.9
2025-06-12 07:40:00,48.5
2025-06-12 06:04:00,29.0
2025-06-12 10:26:00,90.3
2025-06-12 07:03:00,68.9
2025-06-12 01:24:00,84.0
2025-06-12 23:59:00,13.9
2025-06-12 00:56:00,58.2
2025-06-12 00:14:00,80.0
2025-06-12 16:06:00,41.3
2025-06-12 08:04:00,13.2
2025-06-12 19:50:00,22.9
2025-06-12 08:33:00,0.3
2025-06-12 17:38:00,85.4
2025-06-12 22:14:00,32.0
2025-06-12 21:17:00,93.0
2025-06-12 12:00:00,60.7
2025-06-12 13:10:00,53.1
2025-06-12 16:49:00,39.3
2025-06-12 21:35:00,10.2
2025-06-12 04:35:00,14.0
2025-06-12 20:17:00,56.7
2025-06-12 22:06:00,69.8
2025-06-12 02:40:00,97.1
2025-06-12 07:06:00,6.1
2025-06-12 17:09:00,20.3
2025-06-12 14:22:00,80.2
2025-06-12 10:51:00,80.7
2025-06-12 06:07:00,53.7
2025-06-12 09:22:00,49.54486036141751
2025-06-12 05:13:00,49.54486036141751
2025-06-12 17:00:00,62.5
2025-06-12 08:25:00,59.3
2025-06-12 22:16:00,80.0
2025-06-12 00:58:00,28.4
2025-06-12 23:19:00,49.54486036141751
2025-06-12 04:08:00,49.54486036141751
2025-06-12 07:22:00,33.2
2025-06-12 00:44:00,49.54486036141751
2025-06-12 14:54:00,94.6
2025-06-12 10:22:00,69.6
2025-06-12 16:38:00,12.2
2025-06-12 05:40:00,49.54486036141751
2025-06-12 05:00:00,72.4
2025-06-12 00:15:00,19.2
2025-06-12 21:58:00,98.5
2025-06-12 02:07:00,89.2
2025-06-12 09:51:00,49.54486036141751
2025-06-12 12:41:00,63.3
2025-06-12 09:46:00,16.2
2025-06-12 10:57:00,20.5
2025-06-12 00:31:00,49.54486036141751
2025-06-12 07:17:00,3.1
2025-06-12 20:32:00,47.1
2025-06-12 18:53:00,66.1
2025-06-12 20:57:00,43.2
2025-06-12 13:25:00,83.7
2025-06-12 07:23:00,50.1
2025-06-12 13:30:00,62.1
2025-06-12 04:20:00,90.2
2025-06-12 06:28:00,52.4
2025-06-12 06:24:00,76.9
2025-06-12 17:04:00,49.54486036141751
2025-06-12 18:38:00,71.7
2025-06-12 13:04:00,67.7
2025-06-12 15:00:00,55.1
2025-06-12 18:04:00,85.4
2025-06-12 07:52:00,47.4
2025-06-12 01:08:00,49.54486036141751
2025-06-12 23:12:00,49.54486036141751
2025-06-12 02:46:00,49.54486036141751
2025-06-12 01:53:00,49.54486036141751
2025-06-12 01:38:00,88.4
2025-06-12 08:00:00,32.1
2025-06-12 10:38:00,52.9
2025-06-12 07:09:00,74.0
2025-06-12 22:07:00,41.5
2025-06-12 23:14:00,96.4
2025-06-12 05:05:00,18.0
2025-06-12 13:31:00,32.8
2025-06-12 15:54:00,8.1
2025-06-12 08:22:00,58.1
2025-06-12 03:03:00,45.7
2025-06-12 19:29:00,74.3
2025-06-12 00:22:00,17.6
2025-06-12 20:39:00,21.3
2025-06-12 06:13:00,10.5
2025-06-12 12:47:00,55.0
2025-06-12 21:27:00,93.5
2025-06-12 08:27:00,50.136426804852206
2025-06-12 23:09:00,4.7
2025-06-12 11:52:00,1.2
2025-06-12 09:04:00,50.136426804852206
2025-06-12 17:37:00,40.3
2025-06-12 13:52:00,92.2
2025-06-12 17:35:00,76.0
2025-06-12 11:51:00,49.1
2025-06-12 13:21:00,54.0
2025-06-12 23:01:00,46.9
2025-06-12 06:23:00,17.7
2025-06-12 02:29:00,73.7
2025-06-12 05:18:00,85.0
2025-06-12 15:36:00,19.5
2025-06-12 12:49:00,43.4
2025-06-12 00:53:00,50.136426804852206
2025-06-12 01:39:00,74.8
2025-06-12 07:48:00,42.1
2025-06-12 02:26:00,21.4
2025-06-12 04:17:00,50.136426804852206
2025-06-12 01:46:00,62.2
2025-06-12 19:21:00,16.9
2025-06-12 21:41:00,50.136426804852206
2025-06-12 12:13:00,0.0
2025-06-12 16:36:00,64.4
2025-06-12 08:06:00,22.1
2025-06-12 21:47:00,64.7
2025-06-12 23:48:00,87.1
2025-06-12 07:06:00,50.136426804852206
2025-06-12 00:38:00,28.6
2025-06-12 15:25:00,52.2
2025-06-12 21:19:00,16.6
2025-06-12 11:56:00,9.9
2025-06-12 15:28:00,50.8
2025-06-12 04:25:00,70.0
2025-06-12 07:57:00,60.0
2025-06-12 00:19:00,28.1
2025-06-12 18:14:00,95.8
2025-06-12 15:32:00,46.0
2025-06-12 02:33:00,19.9
2025-06-12 18:25:00,74.6
2025-06-12 05:05:00,14.1
2025-06-12 15:49:00,81.4
2025-06-12 16:28:00,11.5
2025-06-12 11:10:00,94.2
2025-06-12 00:02:00,42.8
2025-06-12 02:12:00,90.3
2025-06-12 18:07:00,18.3
2025-06-12 10:58:00,71.3
2025-06-12 23:02:00,50.136426804852206
2025-06-12 03:34:00,50.136426804852206
2025-06-12 01:52:00,90.6
2025-06-12 11:50:00,50.136426804852206
2025-06-12 17:31:00,50.136426804852206
2025-06-12 16:22:00,46.9
2025-06-12 20:10:00,13.0
2025-06-12 23:03:00,50.136426804852206
2025-06-12 00:59:00,17.7
2025-06-12 23:38:00,28.5
2025-06-12 06:32:00,92.1
2025-06-12 17:53:00,92.2
2025-06-12 06:00:00,60.3
2025-06-12 10:59:00,50.136426804852206
2025-06-12 16:39:00,77.4
2025-06-12 23:22:00,89.5
2025-06-12 11:06:00,50.136426804852206
2025-06-12 02:21:00,22.6
2025-06-12 07:42:00,9.1
2025-06-12 17:38:00,70.5
2025-06-12 19:01:00,50.136426804852206
2025-06-12 07:50:00,90.6
2025-06-12 19:25:00,74.7
2025-06-12 22:07:00,50.136426804852206
2025-06-12 03:33:00,90.1
2025-06-12 11:37:00,82.9
2025-06-12 11:39:00,17.1
2025-06-12 21:17:00,91.4
2025-06-12 00:36:00,42.2
2025-06-12 08:53:00,64.4
2025-06-12 22:32:00,50.136426804852206
2025-06-12 22:50:00,72.7
2025-06-12 10:21:00,48.3
2025-06-12 04:43:00,39.6
2025-06-12 15:31:00,20.0
2025-06-12 17:46:00,6.0
2025-06-12 09:53:00,50.136426804852206
2025-06-12 16:20:00,57.4
2025-06-12 03:24:00,8.6
2025-06-12 22:48:00,50.136426804852206
2025-06-12 01:04:00,42.7
2025-06-12 18:55:00,34.4
2025-06-12 12:33:00,50.136426804852206
2025-06-12 18:51:00,40.5
2025-06-12 14:33:00,81.0
2025-06-12 10:45:00,50.136426804852206
2025-06-12 09:08:00,91.3
2025-06-12 22:59:00,90.5
2025-06-12 08:33:00,35.7
2025-06-12 12:57:00,48.8
2025-06-12 16:33:00,66.7
2025-06-12 16:59:00,96.5
2025-06-12 00:35:00,72.5
2025-06-12 19:06:00,59.6
2025-06-12 15:34:00,35.1
2025-06-12 10:02:00,10.2
2025-06-12 00:04:00,27.1
2025-06-12 20:32:00,87.7
2025-06-12 08:28:00,77.1
2025-06-12 15:09:00,92.6
2025-06-12 11:05:00,90.3
2025-06-12 13:31:00,97.3
2025-06-12 03:16:00,78.1
2025-06-12 07:29:00,50.136426804852206
2025-06-12 06:59:00,96.0
2025-06-12 21:33:00,7.7
2025-06-12 06:47:00,15.5
2025-06-12 02:41:00,72.9
2025-06-12 23:41:00,76.5
2025-06-12 03:14:00,11.0
2025-06-12 13:51:00,88.2
2025-06-12 04:38:00,4.5
2025-06-12 15:16:00,70.7
2025-06-12 18:03:00,50.136426804852206
2025-06-12 20:02:00,71.7
2025-06-12 03:13:00,49.9
2025-06-12 05:27:00,4.4
2025-06-12 14:12:00,68.2
2025-06-12 00:29:00,50.136426804852206
2025-06-12 11:20:00,50.136426804852206
2025-06-12 22:21:00,24.9
2025-06-12 01:40:00,50.136426804852206
2025-06-12 21:58:00,82.2
2025-06-12 01:01:00,65.2
2025-06-12 19:33:00,42.1
2025-06-12 16:42:00,59.3
2025-06-12 04:02:00,50.136426804852206
2025-06-12 00:05:00,70.5
2025-06-12 04:11:00,4.9
2025-06-12 00:48:00,43.4
2025-06-12 18:11:00,50.136426804852206
2025-06-12 18:00:00,61.0
2025-06-12 15:39:00,4.6
2025-06-12 01:30:00,62.5
2025-06-12 06:25:00,50.136426804852206
2025-06-12 20:04:00,24.4
2025-06-12 06:19:00,84.3
2025-06-12 09:13:00,11.1
2025-06-12 04:32:00,57.8
2025-06-12 07:26:00,43.8
2025-06-12 06:40:00,69.9
2025-06-12 23:17:00,63.0
2025-06-12 18:54:00,49.9
2025-06-12 11:58:00,41.8
2025-06-12 10:03:00,76.4
2025-06-12 12:45:00,45.6
2025-06-12 21:38:00,35.2
2025-06-12 00:17:00,54.3
2025-06-12 05:08:00,83.6
2025-06-12 19:02:00,64.1
2025-06-12 20:17:00,78.4
2025-06-12 10:35:00,27.0
2025-06-12 10:09:00,50.136426804852206
2025-06-12 16:17:00,85.2
2025-06-12 04:41:00,50.136426804852206
2025-06-12 17:13:00,4.0
2025-06-12 21:54:00,96.8
2025-06-12 14:03:00,44.5
2025-06-12 21:45:00,21.3
2025-06-12 10:36:00,30.6
2025-06-12 09:51:00,74.1
2025-06-12 22:16:00,80.4
2025-06-12 15:35:00,42.2
2025-06-12 03:30:00,88.8
2025-06-12 07:00:00,42.2
2025-06-12 08:57:00,85.4
2025-06-12 07:14:00,50.136426804852206
2025-06-12 02:08:00,49.1
2025-06-12 19:34:00,44.0
2025-06-12 17:42:00,50.136426804852206
2025-06-12 08:51:00,42.1
2025-06-12 18:33:00,93.6
2025-06-12 21:39:00,79.9
2025-06-12 17:59:00,75.2
2025-06-12 01:07:00,94.9
2025-06-12 00:09:00,50.136426804852206
2025-06-12 16:49:00,59.0
2025-06-12 17:21:00,7.8
2025-06-12 03:19:00,50.136426804852206
2025-06-12 20:05:00,55.6
2025-06-12 23:14:00,50.136426804852206
2025-06-12 13:08:00,62.5
2025-06-12 17:25:00,72.1
2025-06-12 01:48:00,50.136426804852206
2025-06-12 05:16:00,27.5
2025-06-12 03:44:00,50.136426804852206
2025-06-12 05:42:00,50.136426804852206
2025-06-12 21:49:00,36.1
2025-06-12 13:07:00,17.5
2025-06-12 09:21:00,15.4
2025-06-12 23:21:00,52.5
2025-06-12 05:32:00,59.0
2025-06-12 05:54:00,1.8
2025-06-12 17:55:00,30.8
2025-06-12 01:42:00,49.9
2025-06-12 18:24:00,43.1
2025-06-12 23:43:00,50.136426804852206
2025-06-12 05:12:00,67.3
2025-06-12 12:40:00,25.7
2025-06-12 19:57:00,90.4
2025-06-12 04:16:00,50.136426804852206
2025-06-12 12:11:00,23.4
2025-06-12 01:45:00,50.9
2025-06-12 07:51:00,14.3
2025-06-12 17:15:00,50.136426804852206
2025-06-12 05:36:00,88.2
2025-06-12 13:33:00,50.136426804852206
2025-06-12 12:06:00,48.0
2025-06-12 10:54:00,50.136426804852206
2025-06-12 17:32:00,26.6
2025-06-12 19:12:00,58.6
2025-06-12 07:53:00,23.0
2025-06-12 15:43:00,12.1
2025-06-12 19:43:00,97.6
2025-06-12 02:51:00,31.2
2025-06-12 20:38:00,39.9
2025-06-12 08:17:00,50.136426804852206
2025-06-12 22:29:00,40.8
2025-06-12 11:30:00,45.2
2025-06-12 12:56:00,50.136426804852206
2025-06-12 23:27:00,87.2
2025-06-12 13:12:00,85.7
2025-06-12 13:34:00,52.8
2025-06-12 19:27:00,50.136426804852206
2025-06-12 11:36:00,54.9
2025-06-12 07:46:00,71.7
2025-06-12 14:43:00,8.2
2025-06-12 14:24:00,47.1
2025-06-12 23:12:00,37.3
2025-06-12 08:36:00,43.5
2025-06-12 19:50:00,33.1
2025-06-12 18:10:00,29.7
2025-06-12 12:23:00,90.7
2025-06-12 02:59:00,2.8
2025-06-12 04:40:00,50.136426804852206
2025-06-12 06:31:00,12.3
2025-06-12 09:36:00,76.4
2025-06-12 21:04:00,50.136426804852206
2025-06-12 23:51:00,62.9
2025-06-12 23:40:00,50.136426804852206
2025-06-12 09:38:00,4.9
2025-06-12 11:55:00,61.2
2025-06-12 17:01:00,89.8
2025-06-12 23:47:00,71.3
2025-06-12 23:28:00,75.7
2025-06-12 23:11:00,78.0
2025-06-12 01:21:00,55.0
2025-06-12 22:10:00,70.4
2025-06-12 03:51:00,40.4
2025-06-12 03:17:00,61.4
2025-06-12 02:01:00,31.5
2025-06-12 09:37:00,44.2
2025-06-12 12:30:00,63.8
2025-06-12 02:03:00,58.9
2025-06-12 19:04:00,50.136426804852206
2025-06-12 23:13:00,15.6
2025-06-12 10:33:00,4.8
2025-06-12 17:20:00,88.6
2025-06-12 09:58:00,50.136426804852206
2025-06-12 19:53:00,31.6
2025-06-12 09:17:00,37.5
2025-06-12 01:28:00,25.5
2025-06-12 23:23:00,18.9
2025-06-12 17:00:00,33.7
2025-06-12 22:02:00,13.1
2025-06-12 06:14:00,40.6
2025-06-12 13:53:00,35.2
2025-06-12 23:36:00,28.2
2025-06-12 14:18:00,36.7
2025-06-12 07:36:00,50.136426804852206
2025-06-12 05:09:00,18.5
2025-06-12 18:08:00,10.4
2025-06-12 14:34:00,69.0
2025-06-12 18:52:00,50.136426804852206
2025-06-12 21:56:00,11.4
2025-06-12 20:43:00,1.1
2025-06-12 14:15:00,99.9
2025-06-12 14:20:00,50.136426804852206
2025-06-12 02:30:00,84.1
2025-06-12 16:46:00,94.8
2025-06-12 11:11:00,67.8
2025-06-12 23:20:00,80.0
2025-06-12 05:10:00,86.8
2025-06-12 11:15:00,50.136426804852206
2025-06-12 23:26:00,35.4
2025-06-12 02:54:00,61.3
2025-06-12 12:32:00,90.1
2025-06-12 04:08:00,64.8
2025-06-12 03:55:00,21.7
2025-06-12 21:18:00,37.7
2025-06-12 15:57:00,10.1
2025-06-12 03:43:00,7.9
2025-06-12 10:15:00,50.037891637220255
2025-06-12 11:37:00,30.0
2025-06-12 13:32:00,40.6
2025-06-12 03:23:00,65.5
2025-06-12 19:12:00,37.6
2025-06-12 11:27:00,60.9
2025-06-12 06:43:00,43.5
2025-06-12 19:44:00,56.8
2025-06-12 23:51:00,55.2
2025-06-12 04:05:00,15.5
2025-06-12 14:10:00,26.7
2025-06-12 19:31:00,4.2
2025-06-12 17:01:00,23.0
2025-06-12 02:28:00,50.037891637220255
2025-06-12 14:20:00,96.7
2025-06-12 07:38:00,20.7
2025-06-12 11:34:00,6.9
2025-06-12 11:22:00,50.0
2025-06-12 15:06:00,68.7
2025-06-12 17:56:00,50.037891637220255
2025-06-12 05:38:00,4.9
2025-06-12 02:23:00,39.1
2025-06-12 18:16:00,10.2
2025-06-12 10:02:00,50.037891637220255
2025-06-12 02:39:00,10.9
2025-06-12 21:51:00,47.9
2025-06-12 17:38:00,50.037891637220255
2025-06-12 23:11:00,63.7
2025-06-12 16:36:00,32.9
2025-06-12 11:11:00,50.037891637220255
2025-06-12 11:31:00,83.6
2025-06-12 08:07:00,72.1
2025-06-12 20:58:00,79.4
2025-06-12 11:56:00,43.4
2025-06-12 22:09:00,57.7
2025-06-12 19:20:00,11.0
2025-06-12 17:13:00,76.7
2025-06-12 01:39:00,11.8
2025-06-12 12:09:00,7.3
2025-06-12 13:20:00,66.9
2025-06-12 15:17:00,76.0
2025-06-12 16:48:00,90.1
2025-06-12 00:48:00,23.6
2025-06-12 05:16:00,40.3
2025-06-12 00:56:00,43.1
2025-06-12 19:25:00,95.8
2025-06-12 14:19:00,2.1
2025-06-12 07:28:00,58.2
2025-06-12 10:25:00,50.037891637220255
2025-06-12 16:07:00,0.6
2025-06-12 22:54:00,11.4
2025-06-12 10:22:00,10.2
2025-06-12 23:24:00,50.037891637220255
2025-06-12 14:38:00,99.1
2025-06-12 04:21:00,35.0
2025-06-12 14:00:00,50.037891637220255
2025-06-12 22:07:00,65.3
2025-06-12 13:17:00,77.2
2025-06-12 12:45:00,43.8
2025-06-12 14:40:00,50.037891637220255
2025-06-12 04:36:00,87.3
2025-06-12 04:03:00,17.7
2025-06-12 22:14:00,50.037891637220255
2025-06-12 03:18:00,2.2
2025-06-12 10:42:00,7.1
2025-06-12 21:01:00,34.5
2025-06-12 06:49:00,94.9
2025-06-12 06:55:00,50.6
2025-06-12 12:38:00,50.037891637220255
2025-06-12 11:39:00,68.6
2025-06-12 11:20:00,11.1
2025-06-12 20:59:00,53.0
2025-06-12 23:42:00,50.037891637220255
2025-06-12 13:49:00,68.1
2025-06-12 20:33:00,20.4
2025-06-12 10:36:00,50.037891637220255
2025-06-12 01:31:00,84.8
2025-06-12 17:22:00,2.5
2025-06-12 19:59:00,50.037891637220255
2025-06-12 00:10:00,76.5
2025-06-12 10:13:00,10.8
2025-06-12 20:38:00,47.8
2025-06-12 12:35:00,13.5
2025-06-12 01:20:00,44.3
2025-06-12 13:07:00,58.6
2025-06-12 20:48:00,57.4
2025-06-12 03:04:00,15.3
2025-06-12 06:45:00,19.8
2025-06-12 15:20:00,50.037891637220255
2025-06-12 19:07:00,97.6
2025-06-12 20:35:00,20.5
2025-06-12 16:09:00,85.1
2025-06-12 12:51:00,10.5
2025-06-12 07:29:00,40.3
2025-06-12 00:23:00,50.037891637220255
2025-06-12 13:27:00,48.4
2025-06-12 16:27:00,66.9
2025-06-12 23:03:00,50.037891637220255
2025-06-12 07:13:00,50.037891637220255
2025-06-12 00:13:00,82.3
2025-06-12 17:12:00,27.7
2025-06-12 19:37:00,67.6
2025-06-12 13:19:00,48.3
2025-06-12 12:18:00,29.1
2025-06-12 05:09:00,50.037891637220255
2025-06-12 03:13:00,22.3
2025-06-12 00:30:00,50.037891637220255
2025-06-12 23:25:00,65.0
2025-06-12 20:51:00,50.037891637220255
2025-06-12 03:12:00,50.037891637220255
2025-06-12 09:16:00,83.1
2025-06-12 00:38:00,41.6
2025-06-12 02:08:00,50.037891637220255
2025-06-12 14:36:00,50.037891637220255
2025-06-12 23:27:00,18.5
2025-06-12 12:26:00,77.0
2025-06-12 01:48:00,74.9
2025-06-12 04:22:00,42.6
2025-06-12 16:57:00,27.8
2025-06-12 11:15:00,92.1
2025-06-12 23:56:00,50.037891637220255
2025-06-12 14:22:00,82.7
2025-06-12 22:33:00,50.037891637220255
2025-06-12 20:01:00,43.3
2025-06-12 17:21:00,36.8
2025-06-12 14:13:00,35.3
2025-06-12 11:33:00,35.2
2025-06-12 15:51:00,71.0
2025-06-12 20:46:00,7.6
2025-06-12 05:59:00,50.037891637220255
2025-06-12 06:16:00,68.7
2025-06-12 11:10:00,52.4
2025-06-12 23:49:00,12.9
2025-06-12 09:15:00,39.0
2025-06-12 16:44:00,16.8
2025-06-12 07:26:00,76.1
2025-06-12 02:09:00,34.7
2025-06-12 04:13:00,7.5
2025-06-12 17:34:00,80.1
2025-06-12 09:38:00,46.1
2025-06-12 10:39:00,35.9
2025-06-12 15:14:00,16.2
2025-06-12 03:31:00,21.4
2025-06-12 13:45:00,65.5
2025-06-12 09:31:00,5.5
2025-06-12 15:31:00,19.3
2025-06-12 01:55:00,68.4
2025-06-12 16:40:00,46.5
2025-06-12 03:34:00,81.5
2025-06-12 01:43:00,50.037891637220255
2025-06-12 03:45:00,50.037891637220255
2025-06-12 02:50:00,70.2
2025-06-12 15:27:00,75.1
2025-06-12 13:57:00,53.9
2025-06-12 22:26:00,42.6
2025-06-12 11:01:00,18.7
2025-06-12 10:40:00,80.6
2025-06-12 01:42:00,56.9
2025-06-12 19:38:00,99.1
2025-06-12 07:14:00,72.7
2025-06-12 03:56:00,91.5
2025-06-12 06:21:00,81.2
2025-06-12 14:04:00,95.1
2025-06-12 05:41:00,93.3
2025-06-12 21:39:00,48.9
2025-06-12 18:46:00,42.8
2025-06-12 14:57:00,50.037891637220255
2025-06-12 18:10:00,14.1
2025-06-12 18:39:00,42.4
2025-06-12 04:34:00,90.0
2025-06-12 13:08:00,14.4
2025-06-12 01:26:00,51.0
2025-06-12 05:46:00,26.0
2025-06-12 23:41:00,50.037891637220255
2025-06-12 13:01:00,93.6
2025-06-12 04:45:00,82.5
2025-06-12 16:47:00,50.037891637220255
2025-06-12 12:02:00,73.0
2025-06-12 22:28:00,76.4
2025-06-12 05:37:00,50.037891637220255
2025-06-12 09:37:00,28.9
2025-06-12 06:22:00,47.8
2025-06-12 09:30:00,93.2
2025-06-12 03:48:00,1.7
2025-06-12 11:46:00,84.7
2025-06-12 12:43:00,28.6
2025-06-12 12:20:00,33.5
2025-06-12 21:44:00,20.3
2025-06-12 22:36:00,9.2
2025-06-12 08:14:00,15.8
2025-06-12 15:38:00,81.4
2025-06-12 01:53:00,0.8
2025-06-12 15:43:00,81.5
2025-06-12 06:46:00,38.5
2025-06-12 00:26:00,12.9
2025-06-12 10:50:00,43.8
2025-06-12 03:25:00,68.4
2025-06-12 21:52:00,69.5
2025-06-12 11:07:00,50.037891637220255
2025-06-12 09:45:00,56.9
2025-06-12 09:36:00,95.0
2025-06-12 09:52:00,26.4
2025-06-12 01:58:00,61.7
2025-06-12 06:08:00,68.3
2025-06-12 07:59:00,50.0
2025-06-12 10:06:00,98.1
2025-06-12 15:22:00,17.3
2025-06-12 04:59:00,56.7
2025-06-12 18:49:00,60.8
2025-06-12 23:20:00,6.1
2025-06-12 04:58:00,84.6
2025-06-12 00:20:00,10.6
2025-06-12 15:10:00,50.037891637220255
2025-06-12 16:30:00,64.9
2025-06-12 19:21:00,12.4
2025-06-12 05:49:00,4.8
2025-06-12 14:08:00,76.0
2025-06-12 16:43:00,65.7
2025-06-12 07:51:00,50.037891637220255
2025-06-12 08:39:00,50.037891637220255
2025-06-12 22:39:00,15.8
2025-06-12 04:35:00,70.9
2025-06-12 15:04:00,85.7
2025-06-12 02:30:00,59.8
2025-06-12 03:39:00,52.8
2025-06-12 15:59:00,37.9
2025-06-12 08:54:00,84.2
2025-06-12 02:26:00,26.1
2025-06-12 19:22:00,39.9
2025-06-12 02:42:00,69.4
2025-06-12 02:17:00,50.037891637220255
2025-06-12 04:16:00,56.5
2025-06-12 17:59:00,35.5
2025-06-12 10:16:00,12.8
2025-06-12 03:57:00,50.037891637220255
2025-06-12 13:06:00,85.8
2025-06-12 17:10:00,93.3
2025-06-12 15:15:00,82.7
2025-06-12 22:17:00,0.6
2025-06-12 18:53:00,19.7
2025-06-12 15:09:00,73.8
2025-06-12 03:41:00,26.0
2025-06-12 21:21:00,87.4
2025-06-12 08:50:00,50.037891637220255
2025-06-12 13:09:00,90.1
2025-06-12 14:28:00,3.8
2025-06-12 16:37:00,78.7
2025-06-12 21:19:00,15.1
2025-06-12 15:47:00,47.3
2025-06-12 03:44:00,60.3
2025-06-12 08:43:00,93.3
2025-06-12 16:53:00,68.4
2025-06-12 03:01:00,61.8
2025-06-12 19:53:00,44.1
2025-06-12 05:47:00,46.1
2025-06-12 10:44:00,50.037891637220255
2025-06-12 08:00:00,1.7
2025-06-12 07:12:00,50.037891637220255
2025-06-12 19:27:00,17.5
2025-06-12 20:08:00,50.037891637220255
2025-06-12 22:00:00,72.6
2025-06-12 00:45:00,78.2
2025-06-12 21:33:00,81.2
2025-06-12 00:28:00,14.4
2025-06-12 16:00:00,17.1
2025-06-12 16:50:00,50.037891637220255
2025-06-12 09:24:00,50.037891637220255
2025-06-12 18:50:00,37.6
2025-06-12 16:16:00,30.7
2025-06-12 06:33:00,41.0
2025-06-12 23:40:00,42.0
2025-06-12 13:37:00,42.9
2025-06-12 18:45:00,30.9
2025-06-12 20:41:00,75.0
2025-06-12 18:34:00,78.4
2025-06-12 06:41:00,41.7
2025-06-12 06:52:00,42.9
2025-06-12 22:21:00,20.1
2025-06-12 07:18:00,12.1
2025-06-12 13:30:00,84.3
2025-06-12 07:32:00,54.4
2025-06-12 13:58:00,1.8
2025-06-12 05:01:00,8.7
2025-06-12 07:21:00,96.2
2025-06-12 06:15:00,62.3
2025-06-12 04:56:00,15.7
2025-06-12 19:13:00,89.8
2025-06-12 01:45:00,40.9
2025-06-12 05:45:00,88.4
2025-06-12 23:22:00,28.2
2025-06-12 17:48:00,72.6
2025-06-12 14:11:00,1.3
2025-06-12 09:13:00,99.3
2025-06-12 10:57:00,23.3
2025-06-12 05:30:00,41.4
2025-06-12 00:59:00,63.7
2025-06-12 17:33:00,50.037891637220255
2025-06-12 08:17:00,49.0
2025-06-12 04:43:00,25.6
2025-06-12 06:32:00,39.5
2025-06-12 17:46:00,62.6
2025-06-12 21:35:00,96.0
2025-06-12 06:58:00,21.3
2025-06-12 10:47:00,79.6
2025-06-12 10:07:00,48.7
2025-06-12 07:10:00,50.037891637220255
2025-06-12 11:41:00,50.037891637220255
2025-06-12 21:12:00,21.0
2025-06-12 21:49:00,5.1
2025-06-12 02:07:00,50.037891637220255
2025-06-12 13:14:00,3.8
2025-06-12 04:49:00,2.7
2025-06-12 19:20:00,99.8
2025-06-12 15:22:00,2.5
2025-06-12 06:53:00,32.2
2025-06-12 15:57:00,43.0
2025-06-12 03:01:00,43.7
2025-06-12 01:32:00,22.1
2025-06-12 02:29:00,21.4
2025-06-12 17:48:00,43.2
2025-06-12 20:21:00,50.60542317173377
2025-06-12 11:54:00,93.9
2025-06-12 08:13:00,98.6
2025-06-12 06:23:00,60.1
2025-06-12 10:33:00,79.7
2025-06-12 19:48:00,50.60542317173377
2025-06-12 03:27:00,1.0
2025-06-12 21:50:00,50.60542317173377
2025-06-12 03:14:00,89.5
2025-06-12 10:19:00,86.2
2025-06-12 12:49:00,42.8
2025-06-12 21:13:00,32.9
2025-06-12 09:21:00,2.9
2025-06-12 11:18:00,50.60542317173377
2025-06-12 10:42:00,82.5
2025-06-12 11:32:00,20.9
2025-06-12 10:49:00,4.9
2025-06-12 00:04:00,74.9
2025-06-12 02:51:00,21.1
2025-06-12 06:04:00,62.1
2025-06-12 16:23:00,11.2
2025-06-12 20:33:00,64.6
2025-06-12 19:09:00,3.2
2025-06-12 11:03:00,67.0
2025-06-12 22:54:00,78.4
2025-06-12 12:03:00,50.60542317173377
2025-06-12 17:27:00,50.60542317173377
2025-06-12 00:46:00,96.1
2025-06-12 10:46:00,19.3
2025-06-12 10:05:00,50.60542317173377
2025-06-12 17:26:00,18.2
2025-06-12 10:09:00,80.7
2025-06-12 11:19:00,63.1
2025-06-12 23:54:00,67.3
2025-06-12 19:45:00,45.9
2025-06-12 05:46:00,50.60542317173377
2025-06-12 02:09:00,65.1
2025-06-12 23:09:00,35.1
2025-06-12 00:39:00,96.7
2025-06-12 19:37:00,50.60542317173377
2025-06-12 07:57:00,67.5
2025-06-12 07:55:00,82.3
2025-06-12 11:25:00,50.60542317173377
2025-06-12 14:41:00,3.7
2025-06-12 09:13:00,59.9
2025-06-12 12:28:00,86.4
2025-06-12 10:38:00,40.3
2025-06-12 08:58:00,27.7
2025-06-12 13:29:00,99.9
2025-06-12 19:38:00,3.0
2025-06-12 16:02:00,48.5
2025-06-12 06:48:00,50.60542317173377
2025-06-12 23:21:00,12.2
2025-06-12 20:12:00,26.5
2025-06-12 06:45:00,96.3
2025-06-12 14:07:00,50.60542317173377
2025-06-12 08:31:00,54.9
2025-06-12 15:51:00,50.60542317173377
2025-06-12 23:38:00,84.8
2025-06-12 13:06:00,51.4
2025-06-12 20:42:00,71.9
2025-06-12 05:26:00,50.60542317173377
2025-06-12 21:01:00,37.9
2025-06-12 16:12:00,35.2
2025-06-12 05:52:00,14.4
2025-06-12 20:35:00,76.4
2025-06-12 19:07:00,27.4
2025-06-12 10:51:00,45.2
2025-06-12 15:41:00,32.0
2025-06-12 12:34:00,48.2
2025-06-12 11:02:00,59.1
2025-06-12 18:43:00,50.60542317173377
2025-06-12 18:53:00,99.0
2025-06-12 16:55:00,27.6
2025-06-12 22:27:00,17.8
2025-06-12 14:16:00,76.3
2025-06-12 06:38:00,50.60542317173377
2025-06-12 05:09:00,53.1
2025-06-12 13:08:00,46.3
2025-06-12 21:41:00,30.4
2025-06-12 23:27:00,79.3
2025-06-12 19:03:00,85.9
2025-06-12 21:49:00,39.1
2025-06-12 07:45:00,76.2
2025-06-12 09:48:00,64.8
2025-06-12 22:28:00,97.4
2025-06-12 07:35:00,50.60542317173377
2025-06-12 19:36:00,56.8
2025-06-12 08:38:00,57.8
2025-06-12 18:06:00,74.6
2025-06-12 10:48:00,2.8
2025-06-12 11:51:00,10.5
2025-06-12 06:00:00,50.60542317173377
2025-06-12 18:34:00,28.6
2025-06-12 07:03:00,57.6
2025-06-12 10:00:00,88.7
2025-06-12 21:51:00,16.5
2025-06-12 00:18:00,51.3
2025-06-12 14:51:00,38.4
2025-06-12 11:08:00,53.7
2025-06-12 00:35:00,84.9
2025-06-12 17:20:00,9.7
2025-06-12 04:53:00,58.7
2025-06-12 13:16:00,9.1
2025-06-12 02:26:00,15.4
2025-06-12 09:23:00,30.9
2025-06-12 21:48:00,62.6
2025-06-12 11:57:00,79.4
2025-06-12 21:55:00,17.9
2025-06-12 14:43:00,50.60542317173377
2025-06-12 09:04:00,73.9
2025-06-12 22:05:00,28.6
2025-06-12 02:00:00,71.3
2025-06-12 18:09:00,25.0
2025-06-12 18:46:00,50.60542317173377
2025-06-12 18:35:00,63.5
2025-06-12 13:03:00,84.6
2025-06-12 22:09:00,75.4
2025-06-12 21:30:00,3.3
2025-06-12 07:32:00,50.60542317173377
2025-06-12 02:30:00,6.7
2025-06-12 17:51:00,64.9
2025-06-12 21:45:00,65.5
2025-06-12 10:34:00,95.9
2025-06-12 01:45:00,80.4
2025-06-12 09:49:00,8.2
2025-06-12 17:23:00,84.1
2025-06-12 11:41:00,62.5
2025-06-12 21:18:00,1.0
2025-06-12 04:28:00,11.9
2025-06-12 23:26:00,50.60542317173377
2025-06-12 11:05:00,29.4
2025-06-12 04:38:00,74.8
2025-06-12 12:29:00,74.1
2025-06-12 09:54:00,50.60542317173377
2025-06-12 02:23:00,60.7
2025-06-12 13:32:00,50.60542317173377
2025-06-12 22:03:00,34.2
2025-06-12 23:17:00,41.5
2025-06-12 17:36:00,76.8
2025-06-12 07:09:00,0.5
2025-06-12 18:03:00,35.3
2025-06-12 08:14:00,22.0
2025-06-12 08:52:00,25.5
2025-06-12 01:40:00,24.3
2025-06-12 08:57:00,94.3
2025-06-12 19:59:00,29.0
2025-06-12 00:58:00,93.3
2025-06-12 09:59:00,79.2
2025-06-12 21:35:00,83.8
2025-06-12 18:26:00,86.3
2025-06-12 17:52:00,39.6
2025-06-12 23:03:00,52.2
2025-06-12 09:08:00,17.4
2025-06-12 01:06:00,16.0
2025-06-12 18:02:00,47.5
2025-06-12 05:29:00,86.6
2025-06-12 14:27:00,54.7
2025-06-12 20:40:00,83.4
2025-06-12 08:42:00,32.3
2025-06-12 12:24:00,15.6
2025-06-12 21:22:00,53.3
2025-06-12 04:26:00,71.3
2025-06-12 18:50:00,48.5
2025-06-12 20:13:00,32.1
2025-06-12 10:18:00,50.60542317173377
2025-06-12 11:23:00,97.8
2025-06-12 04:24:00,64.0
2025-06-12 11:14:00,50.3
2025-06-12 21:57:00,27.2
2025-06-12 01:10:00,50.60542317173377
2025-06-12 12:50:00,57.2
2025-06-12 07:08:00,59.3
2025-06-12 10:07:00,50.60542317173377
2025-06-12 15:03:00,64.1
2025-06-12 23:18:00,14.8
2025-06-12 12:25:00,60.1
2025-06-12 21:16:00,44.8
2025-06-12 22:47:00,99.6
2025-06-12 05:05:00,27.4
2025-06-12 20:22:00,19.7
2025-06-12 18:00:00,36.5
2025-06-12 01:20:00,20.9
2025-06-12 22:50:00,84.1
2025-06-12 05:41:00,79.6
2025-06-12 20:44:00,32.7
2025-06-12 14:23:00,97.1
2025-06-12 10:27:00,68.4
2025-06-12 01:39:00,50.60542317173377
2025-06-12 00:26:00,61.5
2025-06-12 01:01:00,2.0
2025-06-12 05:19:00,86.0
2025-06-12 08:16:00,14.0
2025-06-12 22:01:00,95.3
2025-06-12 01:05:00,41.5
2025-06-12 15:19:00,91.0
2025-06-12 12:46:00,98.4
2025-06-12 17:13:00,1.4
2025-06-12 17:57:00,95.7
2025-06-12 16:44:00,7.2
2025-06-12 10:06:00,50.60542317173377
2025-06-12 16:29:00,19.2
2025-06-12 08:10:00,56.9
2025-06-12 07:12:00,58.6
2025-06-12 00:12:00,51.9
2025-06-12 19:17:00,94.8
2025-06-12 17:04:00,66.2
2025-06-12 04:50:00,94.9
2025-06-12 12:42:00,54.8
2025-06-12 14:31:00,56.5
2025-06-12 14:08:00,19.6
2025-06-12 19:46:00,75.8
2025-06-12 09:18:00,32.4
2025-06-12 03:30:00,44.3
2025-06-12 01:16:00,5.8
2025-06-12 03:28:00,96.5
2025-06-12 07:10:00,52.6
2025-06-12 14:11:00,77.5
2025-06-12 16:30:00,15.3
2025-06-12 07:56:00,50.60542317173377
2025-06-12 14:14:00,34.4
2025-06-12 07:36:00,31.8
2025-06-12 11:40:00,46.9
2025-06-12 09:10:00,70.6
2025-06-12 23:22:00,59.8
2025-06-12 04:13:00,9.5
2025-06-12 11:28:00,47.2
2025-06-12 04:33:00,50.60542317173377
2025-06-12 05:30:00,34.4
2025-06-12 04:23:00,35.0
2025-06-12 19:55:00,45.9
2025-06-12 07:21:00,21.5
2025-06-12 04:29:00,99.7
2025-06-12 18:39:00,93.9
2025-06-12 05:10:00,97.2
2025-06-12 01:56:00,80.7
2025-06-12 09:34:00,29.9
2025-06-12 17:35:00,0.9
2025-06-12 22:46:00,40.8
2025-06-12 05:45:00,35.5
2025-06-12 09:20:00,46.7
2025-06-12 03:16:00,27.4
2025-06-12 02:43:00,59.6
2025-06-12 00:49:00,50.60542317173377
2025-06-12 04:58:00,49.1
2025-06-12 19:29:00,47.0
2025-06-12 17:06:00,95.8
2025-06-12 11:52:00,23.1
2025-06-12 02:46:00,90.1
2025-06-12 13:20:00,98.4
2025-06-12 07:26:00,82.5
2025-06-12 13:41:00,7.6
2025-06-12 09:24:00,75.1
2025-06-12 20:48:00,35.1
2025-06-12 15:01:00,39.0
2025-06-12 21:46:00,52.3
2025-06-12 17:08:00,26.9
2025-06-12 07:52:00,58.2
2025-06-12 10:08:00,9.6
2025-06-12 11:22:00,50.60542317173377
2025-06-12 15:05:00,2.4
2025-06-12 02:52:00,15.8
2025-06-12 06:40:00,50.60542317173377
2025-06-12 06:10:00,59.3
2025-06-12 04:21:00,70.9
2025-06-12 23:36:00,50.60542317173377
2025-06-12 20:45:00,50.60542317173377
2025-06-12 12:19:00,50.60542317173377
2025-06-12 23:30:00,61.6
2025-06-12 04:15:00,25.5
2025-06-12 16:51:00,51.7
2025-06-12 23:12:00,52.7
2025-06-12 12:23:00,21.2
2025-06-12 13:48:00,16.0
2025-06-12 15:50:00,50.60542317173377
2025-06-12 00:45:00,77.9
2025-06-12 10:15:00,51.5
2025-06-12 02:28:00,15.5
2025-06-12 23:42:00,96.0
2025-06-12 10:04:00,50.60542317173377
2025-06-12 02:27:00,90.4
2025-06-12 22:30:00,41.0
2025-06-12 22:33:00,62.1
2025-06-12 15:25:00,81.0
2025-06-12 06:41:00,72.1
2025-06-12 13:37:00,88.8
2025-06-12 07:25:00,78.1
2025-06-12 05:31:00,20.7
2025-06-12 03:50:00,50.60542317173377
2025-06-12 16:18:00,20.9
2025-06-12 03:39:00,53.8
2025-06-12 11:31:00,90.7
2025-06-12 12:32:00,98.0
2025-06-12 07:47:00,3.1
2025-06-12 22:11:00,49.2
2025-06-12 18:18:00,93.0
2025-06-12 04:19:00,85.5
2025-06-12 21:28:00,65.6
2025-06-12 19:40:00,40.8
2025-06-12 18:27:00,50.60542317173377
2025-06-12 22:48:00,50.60542317173377
2025-06-12 08:30:00,50.60542317173377
2025-06-12 10:17:00,44.9
2025-06-12 07:27:00,65.2
2025-06-12 13:23:00,47.7
2025-06-12 16:39:00,90.4
2025-06-12 13:28:00,87.3
2025-06-12 21:00:00,4.1
2025-06-12 06:27:00,50.60542317173377
2025-06-12 14:36:00,0.8
2025-06-12 06:11:00,25.2
2025-06-12 08:17:00,50.4
2025-06-12 09:14:00,53.1
2025-06-12 22:12:00,79.9
2025-06-12 21:53:00,72.6
2025-06-12 04:12:00,14.6
2025-06-12 00:56:00,78.8
2025-06-12 05:04:00,91.3
2025-06-12 05:53:00,98.0
2025-06-12 23:16:00,12.2
2025-06-12 03:00:00,93.6
2025-06-12 14:28:00,58.7
2025-06-12 13:31:00,3.5
2025-06-12 01:47:00,52.4
2025-06-12 11:45:00,5.7
2025-06-12 20:18:00,76.8
2025-06-12 17:41:00,54.2
2025-06-12 14:25:00,31.9
2025-06-12 19:24:00,74.5
2025-06-12 13:36:00,29.7
2025-06-12 23:07:00,34.1
2025-06-12 01:55:00,28.5
2025-06-12 15:52:00,6.9
2025-06-12 00:29:00,14.3
2025-06-12 09:47:00,99.5
2025-06-12 17:40:00,53.3
2025-06-12 22:42:00,49.935598591549294
2025-06-12 19:07:00,49.935598591549294
2025-06-12 11:13:00,59.3
2025-06-12 23:13:00,49.935598591549294
2025-06-12 16:13:00,15.1
2025-06-12 06:21:00,49.935598591549294
2025-06-12 10:49:00,13.5
2025-06-12 02:35:00,6.2
2025-06-12 03:42:00,49.935598591549294
2025-06-12 15:10:00,30.2
2025-06-12 10:25:00,86.9
2025-06-12 23:28:00,66.1
2025-06-12 12:29:00,60.6
2025-06-12 04:44:00,76.1
2025-06-12 03:35:00,49.935598591549294
2025-06-12 01:11:00,0.7
2025-06-12 09:27:00,64.7
2025-06-12 19:51:00,59.0
2025-06-12 12:06:00,6.2
2025-06-12 11:27:00,10.1
2025-06-12 04:26:00,1.9
2025-06-12 14:42:00,3.5
2025-06-12 20:26:00,75.0
2025-06-12 14:56:00,94.4
2025-06-12 17:13:00,5.5
2025-06-12 16:52:00,49.935598591549294
2025-06-12 22:01:00,98.2
2025-06-12 08:02:00,1.3
2025-06-12 23:58:00,61.8
2025-06-12 03:22:00,35.4
2025-06-12 04:37:00,49.935598591549294
2025-06-12 06:49:00,14.6
2025-06-12 02:23:00,42.6
2025-06-12 14:58:00,87.4
2025-06-12 06:00:00,74.3
2025-06-12 22:46:00,9.1
2025-06-12 12:33:00,96.3
2025-06-12 21:04:00,69.5
2025-06-12 18:12:00,98.0
2025-06-12 15:23:00,21.2
2025-06-12 04:00:00,65.4
2025-06-12 06:38:00,51.2
2025-06-12 19:04:00,44.1
2025-06-12 19:11:00,69.0
2025-06-12 00:03:00,25.7
2025-06-12 15:22:00,63.8
2025-06-12 09:59:00,47.2
2025-06-12 20:21:00,85.5
2025-06-12 07:57:00,67.5
2025-06-12 12:01:00,20.4
2025-06-12 10:08:00,10.3
2025-06-12 02:41:00,7.1
2025-06-12 09:15:00,64.7
2025-06-12 07:38:00,15.9
2025-06-12 07:04:00,92.3
2025-06-12 20:38:00,49.935598591549294
2025-06-12 06:57:00,49.935598591549294
2025-06-12 16:38:00,86.1
2025-06-12 00:06:00,4.1
2025-06-12 20:01:00,3.4
2025-06-12 06:11:00,30.9
2025-06-12 15:02:00,6.1
2025-06-12 03:21:00,66.0
2025-06-12 11:23:00,63.9
2025-06-12 17:27:00,24.6
2025-06-12 22:13:00,79.1
2025-06-12 18:03:00,45.2
2025-06-12 15:39:00,66.0
2025-06-12 01:38:00,17.0
2025-06-12 20:25:00,41.0
2025-06-12 10:03:00,86.4
2025-06-12 13:01:00,35.7
2025-06-12 01:00:00,52.6
2025-06-12 09:26:00,59.0
2025-06-12 04:16:00,74.5
2025-06-12 07:53:00,78.0
2025-06-12 23:20:00,72.1
2025-06-12 21:23:00,49.935598591549294
2025-06-12 05:45:00,49.935598591549294
2025-06-12 12:00:00,29.8
2025-06-12 15:00:00,49.935598591549294
2025-06-12 17:28:00,66.7
2025-06-12 03:01:00,76.9
2025-06-12 10:21:00,45.3
2025-06-12 07:43:00,49.935598591549294
2025-06-12 00:32:00,69.1
2025-06-12 11:33:00,11.0
2025-06-12 04:32:00,23.7
2025-06-12 08:13:00,68.1
2025-06-12 00:25:00,100.0
2025-06-12 18:30:00,56.3
2025-06-12 03:45:00,20.4
2025-06-12 08:08:00,39.2
2025-06-12 06:25:00,0.6
2025-06-12 09:51:00,27.6
2025-06-12 13:05:00,18.0
2025-06-12 02:15:00,86.0
2025-06-12 09:30:00,34.8
2025-06-12 09:43:00,50.4
2025-06-12 17:39:00,8.3
2025-06-12 15:12:00,42.1
2025-06-12 21:15:00,49.935598591549294
2025-06-12 20:04:00,49.935598591549294
2025-06-12 05:51:00,73.1
2025-06-12 11:11:00,76.1
2025-06-12 13:04:00,75.4
2025-06-12 22:56:00,91.8
2025-06-12 20:10:00,94.3
2025-06-12 17:55:00,18.9
2025-06-12 23:31:00,61.1
2025-06-12 08:22:00,57.0
2025-06-12 16:26:00,5.1
2025-06-12 05:28:00,43.7
2025-06-12 00:57:00,49.935598591549294
2025-06-12 09:45:00,14.6
2025-06-12 04:29:00,49.935598591549294
2025-06-12 10:46:00,6.3
2025-06-12 23:27:00,38.3
2025-06-12 23:10:00,32.5
2025-06-12 01:56:00,49.935598591549294
2025-06-12 17:33:00,40.3
2025-06-12 09:37:00,30.5
2025-06-12 13:09:00,90.3
2025-06-12 07:55:00,7.0
2025-06-12 05:20:00,68.2
2025-06-12 04:25:00,27.9
2025-06-12 02:29:00,14.9
2025-06-12 14:34:00,2.0
2025-06-12 09:12:00,94.4
2025-06-12 09:13:00,28.2
2025-06-12 19:32:00,83.9
2025-06-12 03:02:00,49.935598591549294
2025-06-12 14:40:00,89.6
2025-06-12 12:10:00,4.8
2025-06-12 10:50:00,95.4
2025-06-12 00:45:00,39.4
2025-06-12 04:20:00,44.7
2025-06-12 18:10:00,52.3
2025-06-12 05:59:00,88.5
2025-06-12 23:00:00,41.3
2025-06-12 13:59:00,30.9
2025-06-12 18:47:00,57.8
2025-06-12 15:38:00,71.9
2025-06-12 00:42:00,8.7
2025-06-12 13:41:00,45.1
2025-06-12 18:16:00,55.5
2025-06-12 21:34:00,65.8
2025-06-12 15:51:00,79.2
2025-06-12 11:57:00,40.1
2025-06-12 08:41:00,99.3
2025-06-12 19:45:00,45.3
2025-06-12 03:30:00,55.5
2025-06-12 21:53:00,68.2
2025-06-12 11:01:00,28.8
2025-06-12 13:15:00,89.4
2025-06-12 11:35:00,49.6
2025-06-12 04:13:00,54.9
2025-06-12 03:33:00,89.0
2025-06-12 14:48:00,81.4
2025-06-12 23:26:00,10.9
2025-06-12 00:37:00,49.935598591549294
2025-06-12 21:48:00,26.3
2025-06-12 11:28:00,49.935598591549294
2025-06-12 22:52:00,23.8
2025-06-12 00:38:00,99.7
2025-06-12 09:54:00,83.7
2025-06-12 04:34:00,58.1
2025-06-12 13:30:00,35.3
2025-06-12 19:09:00,32.7
2025-06-12 23:35:00,63.6
2025-06-12 04:03:00,49.935598591549294
2025-06-12 15:36:00,24.9
2025-06-12 01:41:00,33.6
2025-06-12 04:50:00,41.1
2025-06-12 01:03:00,66.8
2025-06-12 12:23:00,16.8
2025-06-12 01:04:00,85.2
2025-06-12 14:18:00,19.9
2025-06-12 09:34:00,49.935598591549294
2025-06-12 23:09:00,88.9
2025-06-12 03:39:00,26.9
2025-06-12 19:30:00,50.0
2025-06-12 06:09:00,31.4
2025-06-12 13:20:00,32.2
2025-06-12 07:27:00,82.7
2025-06-12 06:39:00,51.9
2025-06-12 17:06:00,49.935598591549294
2025-06-12 19:37:00,49.935598591549294
2025-06-12 16:35:00,88.9
2025-06-12 22:25:00,75.3
2025-06-12 08:49:00,24.5
2025-06-12 01:27:00,82.6
2025-06-12 15:09:00,93.0
2025-06-12 23:07:00,1.9
2025-06-12 20:12:00,34.4
2025-06-12 10:18:00,99.0
2025-06-12 18:51:00,52.9
2025-06-12 23:17:00,5.1
2025-06-12 21:57:00,60.2
2025-06-12 07:00:00,49.935598591549294
2025-06-12 10:23:00,81.0
2025-06-12 20:31:00,67.3
2025-06-12 14:39:00,66.1
2025-06-12 02:44:00,49.8
2025-06-12 13:54:00,10.1
2025-06-12 11:00:00,49.935598591549294
2025-06-12 12:52:00,21.3
2025-06-12 00:43:00,75.0
2025-06-12 12:31:00,49.935598591549294
2025-06-12 09:46:00,49.935598591549294
2025-06-12 06:12:00,42.5
2025-06-12 15:04:00,46.1
2025-06-12 23:36:00,19.3
2025-06-12 14:19:00,49.935598591549294
2025-06-12 05:42:00,85.1
2025-06-12 17:32:00,46.7
2025-06-12 21:37:00,47.3
2025-06-12 09:48:00,65.8
2025-06-12 08:21:00,63.8
2025-06-12 10:06:00,49.935598591549294
2025-06-12 02:07:00,39.5
2025-06-12 09:38:00,99.7
2025-06-12 15:56:00,49.935598591549294
2025-06-12 18:50:00,64.8
2025-06-12 03:44:00,56.7
2025-06-12 01:42:00,64.7
2025-06-12 20:52:00,30.2
2025-06-12 21:13:00,2.5
2025-06-12 07:14:00,99.8
2025-06-12 05:50:00,30.2
2025-06-12 09:19:00,85.4
2025-06-12 18:23:00,20.8
2025-06-12 07:22:00,94.5
2025-06-12 02:14:00,19.5
2025-06-12 11:04:00,25.1
2025-06-12 13:55:00,4.0
2025-06-12 14:06:00,49.935598591549294
2025-06-12 06:50:00,49.935598591549294
2025-06-12 08:56:00,45.0
2025-06-12 04:43:00,68.2
2025-06-12 00:04:00,95.6
2025-06-12 11:59:00,76.9
2025-06-12 05:43:00,38.1
2025-06-12 07:24:00,49.935598591549294
2025-06-12 14:35:00,49.935598591549294
2025-06-12 06:52:00,59.1
2025-06-12 10:17:00,82.4
2025-06-12 01:52:00,19.6
2025-06-12 00:51:00,49.935598591549294
2025-06-12 17:49:00,95.9
2025-06-12 14:15:00,92.6
2025-06-12 09:49:00,9.2
2025-06-12 23:24:00,13.1
2025-06-12 06:06:00,86.4
2025-06-12 23:46:00,49.935598591549294
2025-06-12 19:40:00,13.6
2025-06-12 01:17:00,11.5
2025-06-12 16:12:00,91.6
2025-06-12 11:58:00,51.1
2025-06-12 07:23:00,6.0
2025-06-12 02:54:00,90.3
2025-06-12 07:47:00,78.2
2025-06-12 16:58:00,34.5
2025-06-12 06:10:00,88.9
2025-06-12 10:28:00,76.3
2025-06-12 03:55:00,37.4
2025-06-12 04:14:00,24.9
2025-06-12 22:54:00,49.935598591549294
2025-06-12 20:24:00,95.1
2025-06-12 21:27:00,38.8
2025-06-12 04:58:00,51.7
2025-06-12 20:13:00,18.5
2025-06-12 11:16:00,57.8
2025-06-12 15:49:00,60.1
2025-06-12 21:49:00,22.6
2025-06-12 17:15:00,49.935598591549294
2025-06-12 14:22:00,65.6
2025-06-12 13:13:00,25.4
2025-06-12 15:17:00,49.935598591549294
2025-06-12 16:33:00,94.7
2025-06-12 13:02:00,87.2
2025-06-12 04:54:00,26.1
2025-06-12 21:08:00,17.8
2025-06-12 20:33:00,43.9
2025-06-12 00:47:00,69.6
2025-06-12 02:48:00,69.7
2025-06-12 01:21:00,53.7
2025-06-12 13:08:00,51.7
2025-06-12 23:25:00,90.5
2025-06-12 05:38:00,62.8
2025-06-12 17:47:00,38.0
2025-06-12 19:16:00,9.5
2025-06-12 08:40:00,81.1
2025-06-12 21:19:00,24.9
2025-06-12 06:33:00,54.3
2025-06-12 18:46:00,78.9
2025-06-12 22:17:00,96.4
2025-06-12 20:36:00,75.6
2025-06-12 00:49:00,69.1
2025-06-12 04:46:00,42.5
2025-06-12 04:01:00,38.2
2025-06-12 01:58:00,5.0
2025-06-12 19:17:00,57.4
2025-06-12 11:40:00,49.935598591549294
2025-06-12 14:57:00,6.7
2025-06-12 16:19:00,5.7
2025-06-12 21:41:00,61.9
2025-06-12 20:14:00,93.3
2025-06-12 17:54:00,34.7
2025-06-12 07:42:00,66.1
2025-06-12 15:54:00,28.2
2025-06-12 09:13:00,65.5
2025-06-12 02:11:00,51.0
2025-06-12 15:52:00,32.0
2025-06-12 08:57:00,85.9
2025-06-12 09:20:00,67.7
2025-06-12 03:04:00,12.2
2025-06-12 10:21:00,49.740225962104276
2025-06-12 17:29:00,3.2
2025-06-12 22:22:00,70.6
2025-06-12 00:20:00,49.740225962104276
2025-06-12 00:57:00,4.4
2025-06-12 13:05:00,19.1
2025-06-12 17:50:00,96.0
2025-06-12 19:46:00,88.6
2025-06-12 13:03:00,73.9
2025-06-12 19:51:00,49.740225962104276
2025-06-12 03:13:00,47.7
2025-06-12 11:01:00,72.1
2025-06-12 15:16:00,49.740225962104276
2025-06-12 22:04:00,76.6
2025-06-12 10:12:00,86.8
2025-06-12 10:01:00,96.2
2025-06-12 12:14:00,26.7
2025-06-12 08:51:00,49.740225962104276
2025-06-12 09:35:00,40.8
2025-06-12 00:46:00,84.7
2025-06-12 15:12:00,32.1
2025-06-12 06:17:00,13.4
2025-06-12 11:40:00,49.740225962104276
2025-06-12 03:25:00,85.9
2025-06-12 14:09:00,33.7
2025-06-12 18:27:00,32.2
2025-06-12 20:53:00,49.740225962104276
2025-06-12 16:05:00,49.740225962104276
2025-06-12 05:13:00,40.1
2025-06-12 22:44:00,59.4
2025-06-12 00:29:00,70.2
2025-06-12 06:19:00,94.6
2025-06-12 07:34:00,77.1
2025-06-12 00:07:00,96.0
2025-06-12 04:58:00,19.5
2025-06-12 03:34:00,63.4
2025-06-12 19:15:00,70.8
2025-06-12 21:58:00,49.740225962104276
2025-06-12 13:57:00,66.8
2025-06-12 08:10:00,49.740225962104276
2025-06-12 21:46:00,97.7
2025-06-12 21:51:00,51.1
2025-06-12 18:08:00,55.2
2025-06-12 05:03:00,12.3
2025-06-12 20:10:00,64.2
2025-06-12 04:17:00,62.0
2025-06-12 07:04:00,1.8
2025-06-12 00:43:00,94.1
2025-06-12 04:31:00,32.5
2025-06-12 16:22:00,60.7
2025-06-12 19:20:00,11.9
2025-06-12 19:36:00,85.4
2025-06-12 13:11:00,21.3
2025-06-12 07:36:00,3.8
2025-06-12 09:08:00,49.740225962104276
2025-06-12 00:42:00,62.0
2025-06-12 07:23:00,9.2
2025-06-12 01:40:00,66.5
2025-06-12 20:35:00,89.6
2025-06-12 03:39:00,41.2
2025-06-12 20:19:00,2.7
2025-06-12 09:17:00,49.740225962104276
2025-06-12 09:43:00,49.740225962104276
2025-06-12 15:47:00,89.0
2025-06-12 14:13:00,50.9
2025-06-12 06:22:00,49.740225962104276
2025-06-12 18:18:00,95.4
2025-06-12 01:41:00,12.6
2025-06-12 21:04:00,98.8
2025-06-12 04:44:00,47.3
2025-06-12 12:06:00,49.740225962104276
2025-06-12 08:42:00,34.5
2025-06-12 03:07:00,33.7
2025-06-12 15:55:00,9.7
2025-06-12 12:58:00,49.740225962104276
2025-06-12 22:46:00,49.740225962104276
2025-06-12 15:45:00,27.0
2025-06-12 06:11:00,7.0
2025-06-12 17:04:00,61.3
2025-06-12 09:27:00,40.1
2025-06-12 13:36:00,81.2
2025-06-12 00:52:00,73.1
2025-06-12 11:35:00,87.6
2025-06-12 04:07:00,24.7
2025-06-12 11:39:00,77.5
2025-06-12 15:06:00,83.6
2025-06-12 01:32:00,44.3
2025-06-12 13:20:00,74.7
2025-06-12 17:41:00,35.9
2025-06-12 20:24:00,33.1
2025-06-12 12:13:00,75.6
2025-06-12 09:30:00,9.9
2025-06-12 16:19:00,49.740225962104276
2025-06-12 12:44:00,49.740225962104276
2025-06-12 15:07:00,2.5
2025-06-12 19:56:00,30.7
2025-06-12 09:21:00,10.1
2025-06-12 01:43:00,54.0
2025-06-12 00:33:00,9.9
2025-06-12 20:18:00,49.740225962104276
2025-06-12 21:27:00,16.8
2025-06-12 14:43:00,49.740225962104276
2025-06-12 11:25:00,3.7
2025-06-12 11:13:00,79.6
2025-06-12 05:55:00,79.7
2025-06-12 09:01:00,97.9
2025-06-12 11:15:00,90.7
2025-06-12 13:43:00,37.9
2025-06-12 13:27:00,49.740225962104276
2025-06-12 17:02:00,48.9
2025-06-12 19:39:00,21.8
2025-06-12 06:38:00,40.4
2025-06-12 02:23:00,49.740225962104276
2025-06-12 22:48:00,97.5
2025-06-12 00:32:00,51.5
2025-06-12 07:56:00,55.8
2025-06-12 15:59:00,87.6
2025-06-12 22:30:00,33.4
2025-06-12 08:40:00,61.2
2025-06-12 10:25:00,45.5
2025-06-12 14:00:00,65.6
2025-06-12 03:31:00,78.7
2025-06-12 11:42:00,2.0
2025-06-12 01:38:00,84.5
2025-06-12 16:27:00,37.2
2025-06-12 13:10:00,89.4
2025-06-12 02:59:00,92.3
2025-06-12 19:16:00,43.4
2025-06-12 05:05:00,59.2
2025-06-12 10:43:00,49.740225962104276
2025-06-12 23:58:00,7.7
2025-06-12 09:55:00,76.0
2025-06-12 13:56:00,25.6
2025-06-12 22:10:00,93.7
2025-06-12 04:49:00,93.9
2025-06-12 02:35:00,49.740225962104276
2025-06-12 11:12:00,100.0
2025-06-12 23:39:00,15.3
2025-06-12 21:19:00,49.740225962104276
2025-06-12 21:54:00,52.8
2025-06-12 18:42:00,15.4
2025-06-12 14:04:00,49.740225962104276
2025-06-12 07:08:00,70.9
2025-06-12 20:07:00,98.7
2025-06-12 18:03:00,49.740225962104276
2025-06-12 23:15:00,41.5
2025-06-12 03:41:00,14.5
2025-06-12 16:55:00,41.4
2025-06-12 06:06:00,96.6
2025-06-12 12:32:00,33.8
2025-06-12 19:18:00,49.740225962104276
2025-06-12 10:07:00,85.5
2025-06-12 20:43:00,15.6
2025-06-12 06:14:00,21.7
2025-06-12 00:14:00,9.7
2025-06-12 17:44:00,32.7
2025-06-12 02:19:00,98.2
2025-06-12 00:01:00,49.740225962104276
2025-06-12 03:56:00,64.8
2025-06-12 23:18:00,34.7
2025-06-12 04:41:00,5.2
2025-06-12 15:50:00,84.5
2025-06-12 22:19:00,59.3
2025-06-12 16:35:00,26.8
2025-06-12 03:42:00,5.0
2025-06-12 04:01:00,34.4
2025-06-12 05:43:00,22.8
2025-06-12 15:41:00,13.2
2025-06-12 18:53:00,7.7
2025-06-12 08:14:00,82.0
2025-06-12 14:07:00,79.8
2025-06-12 06:05:00,17.8
2025-06-12 15:24:00,26.5
2025-06-12 04:18:00,80.5
2025-06-12 23:51:00,9.5
2025-06-12 14:42:00,49.740225962104276
2025-06-12 15:19:00,49.740225962104276
2025-06-12 03:21:00,25.7
2025-06-12 03:11:00,29.8
2025-06-12 20:37:00,11.0
2025-06-12 06:47:00,42.8
2025-06-12 05:41:00,73.4
2025-06-12 18:35:00,51.7
2025-06-12 21:18:00,3.5
2025-06-12 07:15:00,85.4
2025-06-12 22:49:00,88.2
2025-06-12 08:18:00,49.740225962104276
2025-06-12 08:54:00,5.7
2025-06-12 11:08:00,49.740225962104276
2025-06-12 06:21:00,49.740225962104276
2025-06-12 04:37:00,16.3
2025-06-12 17:37:00,5.1
2025-06-12 04:20:00,58.3
2025-06-12 10:46:00,36.3
2025-06-12 08:41:00,7.7
2025-06-12 09:04:00,49.740225962104276
2025-06-12 19:41:00,40.9
2025-06-12 01:48:00,38.9
2025-06-12 00:38:00,49.740225962104276
2025-06-12 23:38:00,65.0
2025-06-12 23:37:00,6.6
2025-06-12 15:18:00,89.8
2025-06-12 07:07:00,95.8
2025-06-12 03:46:00,37.3
2025-06-12 06:18:00,49.740225962104276
2025-06-12 18:07:00,38.4
2025-06-12 13:55:00,49.740225962104276
2025-06-12 20:08:00,96.8
2025-06-12 09:41:00,64.2
2025-06-12 08:26:00,49.740225962104276
2025-06-12 03:40:00,36.5
2025-06-12 08:11:00,76.5
2025-06-12 12:51:00,84.6
2025-06-12 23:19:00,62.8
2025-06-12 11:06:00,67.2
2025-06-12 01:28:00,71.4
2025-06-12 09:28:00,7.0
2025-06-12 18:19:00,5.5
2025-06-12 14:06:00,26.7
2025-06-12 10:59:00,33.9
2025-06-12 19:00:00,87.2
2025-06-12 06:59:00,8.4
2025-06-12 07:21:00,93.8
2025-06-12 18:09:00,63.9
2025-06-12 21:45:00,52.2
2025-06-12 03:19:00,65.6
2025-06-12 07:46:00,34.0
2025-06-12 09:42:00,22.2
2025-06-12 04:05:00,14.2
2025-06-12 04:12:00,84.1
2025-06-12 14:12:00,49.740225962104276
2025-06-12 12:08:00,49.740225962104276
2025-06-12 08:13:00,8.1
2025-06-12 02:09:00,78.1
2025-06-12 05:40:00,87.5
2025-06-12 04:06:00,14.5
2025-06-12 12:27:00,91.0
2025-06-12 14:31:00,53.1
2025-06-12 22:01:00,49.740225962104276
2025-06-12 17:42:00,87.0
2025-06-12 04:56:00,16.6
2025-06-12 16:21:00,23.9
2025-06-12 23:53:00,23.7
2025-06-12 02:00:00,14.2
2025-06-12 07:09:00,87.5
2025-06-12 08:47:00,73.1
2025-06-12 05:12:00,50.3
2025-06-12 21:55:00,0.1
2025-06-12 08:58:00,49.740225962104276
2025-06-12 17:36:00,10.9
2025-06-12 23:29:00,49.740225962104276
2025-06-12 19:27:00,16.3
2025-06-12 23:55:00,73.7
2025-06-12 12:24:00,18.0
2025-06-12 09:39:00,76.0
2025-06-12 19:49:00,25.0
2025-06-12 00:12:00,28.9
2025-06-12 15:03:00,1.8
2025-06-12 19:12:00,27.8
2025-06-12 00:47:00,89.5
2025-06-12 14:11:00,86.3
2025-06-12 02:10:00,52.6
2025-06-12 21:47:00,75.2
2025-06-12 03:50:00,14.2
2025-06-12 03:08:00,4.7
2025-06-12 10:42:00,50.9
2025-06-12 20:41:00,38.1
2025-06-12 13:51:00,19.6
2025-06-12 06:50:00,62.3
2025-06-12 07:41:00,76.2
2025-06-12 00:11:00,11.6
2025-06-12 04:48:00,29.2
2025-06-12 03:54:00,21.6
2025-06-12 20:55:00,94.1
2025-06-12 13:47:00,39.2
2025-06-12 15:38:00,67.4
2025-06-12 07:02:00,45.3
2025-06-12 07:57:00,49.740225962104276
2025-06-12 16:49:00,49.740225962104276
2025-06-12 23:24:00,20.7
2025-06-12 03:52:00,77.7
2025-06-12 04:14:00,59.7
2025-06-12 15:22:00,50.18838223164841
2025-06-12 13:59:00,71.6
2025-06-12 15:08:00,37.8
2025-06-12 12:32:00,1.9
2025-06-12 15:02:00,2.5
2025-06-12 20:43:00,51.0
2025-06-12 23:19:00,93.2
2025-06-12 06:54:00,50.18838223164841
2025-06-12 20:10:00,75.5
2025-06-12 12:18:00,98.5
2025-06-12 09:23:00,39.4
2025-06-12 03:59:00,50.18838223164841
2025-06-12 20:16:00,50.18838223164841
2025-06-12 06:00:00,89.1
2025-06-12 00:35:00,79.2
2025-06-12 17:36:00,51.3
2025-06-12 21:51:00,32.4
2025-06-12 03:33:00,65.7
2025-06-12 12:01:00,21.0
2025-06-12 04:07:00,66.3
2025-06-12 18:13:00,80.4
2025-06-12 06:12:00,26.9
2025-06-12 20:04:00,10.1
2025-06-12 18:23:00,58.9
2025-06-12 23:34:00,3.5
2025-06-12 09:16:00,70.7
2025-06-12 07:07:00,83.7
2025-06-12 11:16:00,30.8
2025-06-12 15:00:00,27.0
2025-06-12 09:53:00,50.18838223164841
2025-06-12 17:57:00,70.4
2025-06-12 13:00:00,99.9
2025-06-12 08:20:00,93.9
2025-06-12 19:11:00,14.5
2025-06-12 17:30:00,82.9
2025-06-12 23:59:00,72.1
2025-06-12 03:20:00,50.6
2025-06-12 16:29:00,69.6
2025-06-12 08:22:00,50.18838223164841
2025-06-12 01:33:00,50.18838223164841
2025-06-12 15:57:00,48.6
2025-06-12 20:28:00,50.18838223164841
2025-06-12 22:38:00,79.7
2025-06-12 15:29:00,57.9
2025-06-12 16:28:00,50.18838223164841
2025-06-12 13:27:00,81.3
2025-06-12 21:16:00,50.18838223164841
2025-06-12 13:37:00,83.8
2025-06-12 05:09:00,69.8
2025-06-12 13:45:00,50.18838223164841
2025-06-12 16:30:00,45.3
2025-06-12 20:15:00,63.7
2025-06-12 17:02:00,50.18838223164841
2025-06-12 03:50:00,72.4
2025-06-12 04:01:00,35.5
2025-06-12 18:27:00,13.2
2025-06-12 11:14:00,2.1
2025-06-12 08:07:00,69.3
2025-06-12 16:51:00,14.3
2025-06-12 11:04:00,58.8
2025-06-12 12:51:00,61.0
2025-06-12 11:27:00,11.0
2025-06-12 03:09:00,39.3
2025-06-12 20:55:00,50.18838223164841
2025-06-12 11:03:00,31.7
2025-06-12 21:38:00,66.7
2025-06-12 02:34:00,91.9
2025-06-12 02:19:00,19.7
2025-06-12 21:48:00,8.2
2025-06-12 12:07:00,50.18838223164841
2025-06-12 14:34:00,15.0
2025-06-12 21:44:00,5.8
2025-06-12 11:48:00,87.6
2025-06-12 10:24:00,42.7
2025-06-12 22:57:00,92.7
2025-06-12 10:07:00,23.4
2025-06-12 03:23:00,50.18838223164841
2025-06-12 16:52:00,22.3
2025-06-12 17:19:00,50.18838223164841
2025-06-12 16:41:00,56.3
2025-06-12 15:58:00,87.6
2025-06-12 12:52:00,83.6
2025-06-12 03:28:00,93.3
2025-06-12 15:38:00,97.8
2025-06-12 17:24:00,50.4
2025-06-12 20:09:00,61.7
2025-06-12 09:17:00,59.6
2025-06-12 18:58:00,20.6
2025-06-12 01:06:00,32.7
2025-06-12 21:09:00,91.4
2025-06-12 19:51:00,18.9
2025-06-12 22:52:00,71.0
2025-06-12 08:19:00,76.2
2025-06-12 15:55:00,25.5
2025-06-12 11:10:00,94.2
2025-06-12 02:42:00,42.8
2025-06-12 06:05:00,75.5
2025-06-12 07:06:00,99.9
2025-06-12 12:58:00,50.18838223164841
2025-06-12 02:17:00,83.7
2025-06-12 17:03:00,76.3
2025-06-12 17:27:00,1.8
2025-06-12 08:31:00,18.2
2025-06-12 08:28:00,2.1
2025-06-12 06:53:00,50.18838223164841
2025-06-12 20:11:00,21.7
2025-06-12 08:39:00,98.3
2025-06-12 13:51:00,18.5
2025-06-12 02:14:00,89.4
2025-06-12 09:46:00,40.2
2025-06-12 12:09:00,39.1
2025-06-12 04:38:00,2.5
2025-06-12 04:13:00,5.2
2025-06-12 01:16:00,29.7
2025-06-12 10:42:00,7.8
2025-06-12 21:32:00,74.6
2025-06-12 00:01:00,65.4
2025-06-12 15:14:00,72.0
2025-06-12 22:42:00,52.5
2025-06-12 02:22:00,81.9
2025-06-12 16:23:00,58.7
2025-06-12 16:15:00,50.18838223164841
2025-06-12 15:21:00,50.18838223164841
2025-06-12 15:10:00,50.18838223164841
2025-06-12 09:45:00,50.18838223164841
2025-06-12 12:48:00,21.0
2025-06-12 19:31:00,25.5
2025-06-12 19:33:00,58.9
2025-06-12 18:25:00,32.8
2025-06-12 23:54:00,75.8
2025-06-12 14:12:00,7.8
2025-06-12 17:31:00,50.18838223164841
2025-06-12 19:35:00,77.0
2025-06-12 00:36:00,22.6
2025-06-12 05:50:00,45.6
2025-06-12 18:51:00,3.0
2025-06-12 07:55:00,40.7
2025-06-12 17:11:00,8.9
2025-06-12 04:45:00,88.7
2025-06-12 02:28:00,73.2
2025-06-12 14:01:00,15.8
2025-06-12 22:44:00,93.3
2025-06-12 05:56:00,92.9
2025-06-12 01:02:00,59.3
2025-06-12 17:40:00,78.6
2025-06-12 17:20:00,2.4
2025-06-12 20:41:00,47.4
2025-06-12 00:42:00,50.18838223164841
2025-06-12 08:37:00,24.7
2025-06-12 06:44:00,33.8
2025-06-12 11:59:00,56.0
2025-06-12 17:52:00,44.1
2025-06-12 17:28:00,88.8
2025-06-12 13:20:00,5.3
2025-06-12 07:39:00,24.1
2025-06-12 08:45:00,31.2
2025-06-12 13:31:00,44.6
2025-06-12 19:37:00,73.8
2025-06-12 08:53:00,33.4
2025-06-12 02:45:00,82.6
2025-06-12 21:43:00,24.7
2025-06-12 01:27:00,70.9
2025-06-12 03:36:00,55.8
2025-06-12 06:13:00,50.18838223164841
2025-06-12 05:04:00,72.9
2025-06-12 07:21:00,11.6
2025-06-12 02:43:00,10.6
2025-06-12 12:44:00,98.0
2025-06-12 06:31:00,69.1
2025-06-12 08:41:00,94.2
2025-06-12 18:04:00,36.4
2025-06-12 00:14:00,47.6
2025-06-12 20:40:00,12.6
2025-06-12 14:41:00,47.8
2025-06-12 21:59:00,50.18838223164841
2025-06-12 19:25:00,2.0
2025-06-12 03:32:00,87.6
2025-06-12 01:47:00,31.6
2025-06-12 03:41:00,83.9
2025-06-12 13:08:00,22.9
2025-06-12 19:21:00,60.8
2025-06-12 02:04:00,68.2
2025-06-12 07:33:00,16.5
2025-06-12 05:23:00,51.3
2025-06-12 04:04:00,75.3
2025-06-12 12:25:00,10.2
2025-06-12 20:24:00,50.18838223164841
2025-06-12 12:39:00,5.9
2025-06-12 22:18:00,50.18838223164841
2025-06-12 06:32:00,50.18838223164841
2025-06-12 12:00:00,21.7
2025-06-12 10:22:00,67.7
2025-06-12 11:57:00,89.4
2025-06-12 03:24:00,2.1
2025-06-12 13:21:00,23.7
2025-06-12 23:11:00,53.0
2025-06-12 08:55:00,76.3
2025-06-12 14:04:00,12.3
2025-06-12 08:25:00,7.3
2025-06-12 10:34:00,50.18838223164841
2025-06-12 11:44:00,32.4
2025-06-12 21:00:00,60.9
2025-06-12 22:08:00,73.3
2025-06-12 01:40:00,50.18838223164841
2025-06-12 15:18:00,83.5
2025-06-12 02:55:00,50.18838223164841
2025-06-12 14:52:00,50.18838223164841
2025-06-12 02:53:00,50.18838223164841
2025-06-12 07:50:00,41.8
2025-06-12 20:31:00,71.7
2025-06-12 01:22:00,50.18838223164841
2025-06-12 18:09:00,79.7
2025-06-12 00:08:00,35.0
2025-06-12 05:28:00,50.18838223164841
2025-06-12 10:03:00,50.18838223164841
2025-06-12 19:38:00,58.8
2025-06-12 14:56:00,80.8
2025-06-12 15:03:00,11.4
2025-06-12 18:01:00,50.18838223164841
2025-06-12 12:27:00,50.18838223164841
2025-06-12 12:10:00,35.7
2025-06-12 09:20:00,50.18838223164841
2025-06-12 04:10:00,93.1
2025-06-12 22:14:00,11.1
2025-06-12 22:21:00,43.1
2025-06-12 01:23:00,34.7
2025-06-12 08:36:00,77.8
2025-06-12 10:57:00,51.9
2025-06-12 05:46:00,50.18838223164841
2025-06-12 00:32:00,79.8
2025-06-12 04:40:00,27.1
2025-06-12 17:06:00,69.3
2025-06-12 07:49:00,50.18838223164841
2025-06-12 20:54:00,65.1
2025-06-12 20:46:00,85.8
2025-06-12 20:44:00,50.18838223164841
2025-06-12 20:02:00,6.4
2025-06-12 16:59:00,47.2
2025-06-12 05:41:00,76.4
2025-06-12 20:12:00,90.0
2025-06-12 17:04:00,75.8
2025-06-12 09:13:00,43.9
2025-06-12 16:06:00,73.6
2025-06-12 12:13:00,27.8
2025-06-12 13:47:00,27.1
2025-06-12 22:53:00,53.2
2025-06-12 10:56:00,28.1
2025-06-12 12:43:00,66.9
2025-06-12 21:08:00,78.0
2025-06-12 04:00:00,50.18838223164841
2025-06-12 16:07:00,50.18838223164841
2025-06-12 04:23:00,62.0
2025-06-12 15:59:00,54.8
2025-06-12 07:05:00,77.2
2025-06-12 13:11:00,18.8
2025-06-12 03:13:00,41.8
2025-06-12 14:21:00,92.3
2025-06-12 13:32:00,8.2
2025-06-12 21:23:00,88.0
2025-06-12 08:43:00,50.18838223164841
2025-06-12 13:06:00,76.3
2025-06-12 08:26:00,50.18838223164841
2025-06-12 11:07:00,29.4
2025-06-12 23:06:00,85.4
2025-06-12 00:33:00,66.8
2025-06-12 07:02:00,50.18838223164841
2025-06-12 18:28:00,37.1
2025-06-12 00:40:00,8.7
2025-06-12 13:05:00,45.7
2025-06-12 08:17:00,97.0
2025-06-12 23:41:00,53.9
2025-06-12 03:45:00,65.9
2025-06-12 15:34:00,31.6
2025-06-12 10:39:00,79.6
2025-06-12 18:30:00,23.7
2025-06-12 12:45:00,99.2
2025-06-12 00:49:00,14.6
2025-06-12 01:26:00,63.5
2025-06-12 20:13:00,41.5
2025-06-12 08:32:00,91.5
2025-06-12 23:13:00,99.8
2025-06-12 05:39:00,50.18838223164841
2025-06-12 16:18:00,85.7
2025-06-12 12:31:00,19.7
2025-06-12 04:12:00,89.7
2025-06-12 09:48:00,34.3
2025-06-12 15:41:00,63.0
2025-06-12 09:24:00,34.2
2025-06-12 21:51:00,31.4
2025-06-12 06:36:00,19.9
2025-06-12 17:00:00,49.927249175694776
2025-06-12 19:05:00,92.3
2025-06-12 22:27:00,49.927249175694776
2025-06-12 18:35:00,13.2
2025-06-12 13:08:00,72.3
2025-06-12 20:29:00,96.4
2025-06-12 12:31:00,90.6
2025-06-12 11:09:00,93.6
2025-06-12 22:58:00,54.2
2025-06-12 12:23:00,51.4
2025-06-12 23:52:00,20.7
2025-06-12 11:04:00,68.2
2025-06-12 20:17:00,52.0
2025-06-12 09:04:00,55.3
2025-06-12 15:36:00,51.4
2025-06-12 06:58:00,89.1
2025-06-12 16:01:00,93.7
2025-06-12 16:19:00,23.9
2025-06-12 02:42:00,68.4
2025-06-12 18:30:00,76.9
2025-06-12 08:37:00,51.7
2025-06-12 21:54:00,80.3
2025-06-12 11:01:00,49.927249175694776
2025-06-12 06:06:00,96.8
2025-06-12 23:25:00,28.1
2025-06-12 18:09:00,93.3
2025-06-12 12:19:00,82.3
2025-06-12 02:51:00,8.0
2025-06-12 04:47:00,49.927249175694776
2025-06-12 06:50:00,54.3
2025-06-12 03:32:00,22.1
2025-06-12 07:46:00,23.0
2025-06-12 01:36:00,16.5
2025-06-12 15:53:00,26.7
2025-06-12 13:49:00,49.927249175694776
2025-06-12 23:43:00,35.6
2025-06-12 19:44:00,64.5
2025-06-12 23:33:00,86.5
2025-06-12 22:21:00,49.927249175694776
2025-06-12 02:09:00,49.927249175694776
2025-06-12 12:05:00,64.0
2025-06-12 18:49:00,99.8
2025-06-12 17:05:00,40.8
2025-06-12 18:16:00,95.4
2025-06-12 12:47:00,49.927249175694776
2025-06-12 16:47:00,49.4
2025-06-12 20:48:00,44.4
2025-06-12 20:21:00,13.7
2025-06-12 18:43:00,80.2
2025-06-12 19:27:00,78.7
2025-06-12 02:17:00,71.3
2025-06-12 14:29:00,8.3
2025-06-12 17:57:00,92.7
2025-06-12 03:15:00,7.8
2025-06-12 22:48:00,49.927249175694776
2025-06-12 19:51:00,8.2
2025-06-12 09:58:00,34.9
2025-06-12 01:18:00,44.5
2025-06-12 18:06:00,7.7
2025-06-12 14:35:00,49.927249175694776
2025-06-12 09:20:00,12.6
2025-06-12 06:07:00,92.0
2025-06-12 10:12:00,93.5
2025-06-12 23:03:00,81.9
2025-06-12 16:12:00,23.2
2025-06-12 00:14:00,90.9
2025-06-12 18:41:00,49.927249175694776
2025-06-12 03:04:00,79.6
2025-06-12 15:43:00,35.9
2025-06-12 06:09:00,22.7
2025-06-12 11:06:00,47.1
2025-06-12 00:04:00,31.7
2025-06-12 01:42:00,41.3
2025-06-12 20:06:00,39.7
2025-06-12 04:12:00,49.927249175694776
2025-06-12 04:21:00,94.6
2025-06-12 15:32:00,6.7
2025-06-12 05:58:00,40.1
2025-06-12 16:16:00,20.6
2025-06-12 15:40:00,94.0
2025-06-12 04:18:00,41.2
2025-06-12 07:06:00,90.3
2025-06-12 17:37:00,77.5
2025-06-12 01:49:00,66.5
2025-06-12 12:11:00,59.4
2025-06-12 21:17:00,50.4
2025-06-12 11:53:00,66.4
2025-06-12 02:38:00,81.7
2025-06-12 00:26:00,80.8
2025-06-12 02:30:00,49.927249175694776
2025-06-12 03:08:00,49.927249175694776
2025-06-12 07:47:00,43.2
2025-06-12 22:16:00,18.9
2025-06-12 15:27:00,48.8
2025-06-12 07:20:00,97.3
2025-06-12 01:03:00,2.7
2025-06-12 03:17:00,98.5
2025-06-12 21:09:00,27.2
2025-06-12 16:06:00,3.6
2025-06-12 07:08:00,35.0
2025-06-12 08:38:00,67.4
2025-06-12 07:12:00,82.1
2025-06-12 17:42:00,41.9
2025-06-12 14:06:00,49.927249175694776
2025-06-12 03:54:00,34.6
2025-06-12 16:17:00,82.4
2025-06-12 04:29:00,47.6
2025-06-12 17:51:00,0.3
2025-06-12 16:07:00,49.927249175694776
2025-06-12 17:19:00,72.2
2025-06-12 06:26:00,40.7
2025-06-12 20:33:00,8.0
2025-06-12 03:47:00,32.7
2025-06-12 14:54:00,61.0
2025-06-12 16:40:00,49.927249175694776
2025-06-12 11:07:00,78.5
2025-06-12 23:40:00,29.0
2025-06-12 21:49:00,77.5
2025-06-12 01:44:00,38.6
2025-06-12 11:00:00,95.5
2025-06-12 16:02:00,11.0
2025-06-12 09:48:00,49.927249175694776
2025-06-12 13:55:00,43.6
2025-06-12 11:55:00,89.7
2025-06-12 12:52:00,49.927249175694776
2025-06-12 22:41:00,93.3
2025-06-12 10:10:00,46.0
2025-06-12 08:25:00,49.927249175694776
2025-06-12 22:35:00,45.0
2025-06-12 10:34:00,85.7
2025-06-12 02:41:00,78.4
2025-06-12 02:57:00,92.0
2025-06-12 20:04:00,82.7
2025-06-12 11:45:00,55.9
2025-06-12 06:02:00,61.5
2025-06-12 22:01:00,49.927249175694776
2025-06-12 20:13:00,60.0
2025-06-12 22:15:00,64.6
2025-06-12 00:09:00,17.6
2025-06-12 20:39:00,39.5
2025-06-12 02:29:00,53.6
2025-06-12 00:01:00,49.927249175694776
2025-06-12 15:14:00,88.0
2025-06-12 15:00:00,36.2
2025-06-12 20:11:00,98.3
2025-06-12 08:14:00,9.6
2025-06-12 08:20:00,54.6
2025-06-12 18:47:00,37.4
2025-06-12 09:03:00,96.0
2025-06-12 02:13:00,49.927249175694776
2025-06-12 03:29:00,8.0
2025-06-12 07:31:00,36.3
2025-06-12 02:33:00,49.927249175694776
2025-06-12 07:14:00,33.9
2025-06-12 02:24:00,73.2
2025-06-12 10:08:00,62.7
2025-06-12 15:02:00,97.6
2025-06-12 13:58:00,74.0
2025-06-12 16:27:00,73.7
2025-06-12 03:02:00,1.5
2025-06-12 10:21:00,25.4
2025-06-12 22:44:00,43.5
2025-06-12 22:38:00,25.3
2025-06-12 00:37:00,78.4
2025-06-12 17:23:00,45.6
2025-06-12 13:45:00,2.2
2025-06-12 07:32:00,58.0
2025-06-12 20:07:00,28.2
2025-06-12 01:13:00,16.8
2025-06-12 12:34:00,89.3
2025-06-12 03:45:00,49.927249175694776
2025-06-12 15:13:00,49.927249175694776
2025-06-12 20:40:00,6.4
2025-06-12 02:50:00,32.2
2025-06-12 04:55:00,53.9
2025-06-12 06:44:00,16.9
2025-06-12 14:53:00,58.3
2025-06-12 15:44:00,49.927249175694776
2025-06-12 06:15:00,6.6
2025-06-12 01:34:00,40.8
2025-06-12 23:22:00,49.927249175694776
2025-06-12 17:10:00,25.7
2025-06-12 12:42:00,75.8
2025-06-12 11:34:00,97.0
2025-06-12 06:22:00,46.5
2025-06-12 09:33:00,45.9
2025-06-12 09:34:00,48.5
2025-06-12 08:30:00,44.2
2025-06-12 09:30:00,10.0
2025-06-12 05:48:00,37.4
2025-06-12 14:47:00,42.6
2025-06-12 22:10:00,19.7
2025-06-12 17:18:00,84.9
2025-06-12 09:40:00,23.8
2025-06-12 00:32:00,15.1
2025-06-12 23:20:00,66.3
2025-06-12 12:43:00,11.8
2025-06-12 11:47:00,33.1
2025-06-12 19:34:00,22.4
2025-06-12 21:52:00,49.927249175694776
2025-06-12 10:33:00,18.7
2025-06-12 05:34:00,25.6
2025-06-12 11:59:00,3.0
2025-06-12 15:24:00,88.3
2025-06-12 10:07:00,49.8
2025-06-12 06:43:00,12.1
2025-06-12 00:49:00,19.2
2025-06-12 02:00:00,37.0
2025-06-12 09:55:00,20.8
2025-06-12 20:47:00,67.1
2025-06-12 02:55:00,98.5
2025-06-12 10:01:00,73.5
2025-06-12 03:23:00,8.3
2025-06-12 01:54:00,60.7
2025-06-12 17:40:00,32.9
2025-06-12 20:26:00,4.7
2025-06-12 05:17:00,24.6
2025-06-12 06:53:00,94.8
2025-06-12 11:57:00,94.8
2025-06-12 15:38:00,7.9
2025-06-12 08:52:00,81.7
2025-06-12 06:55:00,49.927249175694776
2025-06-12 16:59:00,41.1
2025-06-12 16:44:00,17.9
2025-06-12 00:00:00,0.1
2025-06-12 06:41:00,86.0
2025-06-12 02:26:00,66.2
2025-06-12 05:33:00,73.1
2025-06-12 10:04:00,33.6
2025-06-12 23:19:00,47.0
2025-06-12 08:18:00,52.3
2025-06-12 11:35:00,97.1
2025-06-12 22:50:00,4.0
2025-06-12 14:24:00,2.7
2025-06-12 13:40:00,70.5
2025-06-12 23:11:00,31.8
2025-06-12 05:57:00,63.6
2025-06-12 15:48:00,26.5
2025-06-12 10:59:00,60.3
2025-06-12 00:33:00,55.8
2025-06-12 16:37:00,32.7
2025-06-12 20:50:00,65.0
2025-06-12 15:18:00,49.7
2025-06-12 14:20:00,6.7
2025-06-12 05:18:00,69.0
2025-06-12 17:04:00,19.7
2025-06-12 04:38:00,44.8
2025-06-12 19:55:00,87.6
2025-06-12 03:46:00,30.0
2025-06-12 13:52:00,94.0
2025-06-12 04:30:00,55.3
2025-06-12 00:18:00,73.1
2025-06-12 05:37:00,31.4
2025-06-12 10:44:00,1.3
2025-06-12 09:53:00,49.927249175694776
2025-06-12 03:48:00,49.927249175694776
2025-06-12 04:04:00,15.4
2025-06-12 12:48:00,3.1
2025-06-12 10:15:00,65.7
2025-06-12 16:11:00,16.3
2025-06-12 03:36:00,49.927249175694776
2025-06-12 12:01:00,20.7
2025-06-12 15:50:00,5.7
2025-06-12 17:03:00,22.8
2025-06-12 08:15:00,93.3
2025-06-12 20:23:00,17.2
2025-06-12 07:51:00,2.8
2025-06-12 22:24:00,12.8
2025-06-12 12:45:00,24.0
2025-06-12 18:21:00,9.0
2025-06-12 01:50:00,33.6
2025-06-12 21:10:00,39.9
2025-06-12 22:22:00,49.927249175694776
2025-06-12 08:32:00,54.9
2025-06-12 17:12:00,87.3
2025-06-12 14:14:00,30.9
2025-06-12 09:14:00,33.8
2025-06-12 21:45:00,14.8
2025-06-12 10:53:00,64.4
2025-06-12 12:01:00,49.72265128325876
2025-06-12 21:06:00,49.72265128325876
2025-06-12 22:32:00,84.0
2025-06-12 15:10:00,0.3
2025-06-12 14:41:00,63.2
2025-06-12 20:34:00,94.3
2025-06-12 10:18:00,62.4
2025-06-12 14:27:00,87.7
2025-06-12 10:52:00,25.6
2025-06-12 20:47:00,9.9
2025-06-12 19:24:00,71.4
2025-06-12 17:37:00,39.5
2025-06-12 17:32:00,49.72265128325876
2025-06-12 17:33:00,98.7
2025-06-12 07:47:00,60.3
2025-06-12 01:32:00,6.8
2025-06-12 18:21:00,2.3
2025-06-12 09:39:00,46.7
2025-06-12 05:06:00,80.3
2025-06-12 12:32:00,49.72265128325876
2025-06-12 09:52:00,13.7
2025-06-12 02:44:00,84.1
2025-06-12 00:21:00,64.1
2025-06-12 00:16:00,49.72265128325876
2025-06-12 06:28:00,49.2
2025-06-12 18:17:00,67.6
2025-06-12 08:16:00,38.4
2025-06-12 00:28:00,57.5
2025-06-12 16:49:00,44.6
2025-06-12 18:46:00,94.2
2025-06-12 22:36:00,49.72265128325876
2025-06-12 12:33:00,76.4
2025-06-12 20:55:00,51.6
2025-06-12 23:18:00,90.6
2025-06-12 15:23:00,74.5
2025-06-12 06:41:00,3.5
2025-06-12 18:39:00,72.3
2025-06-12 22:33:00,49.72265128325876
2025-06-12 14:13:00,0.1
2025-06-12 15:37:00,49.72265128325876
2025-06-12 06:05:00,89.5
2025-06-12 01:22:00,58.7
2025-06-12 02:09:00,85.1
2025-06-12 07:55:00,74.8
2025-06-12 07:45:00,92.4
2025-06-12 03:06:00,0.9
2025-06-12 16:31:00,97.3
2025-06-12 13:08:00,86.3
2025-06-12 10:48:00,80.7
2025-06-12 18:38:00,13.3
2025-06-12 00:27:00,49.72265128325876
2025-06-12 20:36:00,39.7
2025-06-12 17:02:00,45.6
2025-06-12 15:47:00,21.4
2025-06-12 23:50:00,69.5
2025-06-12 11:51:00,6.0
2025-06-12 11:04:00,30.0
2025-06-12 02:13:00,69.0
2025-06-12 05:14:00,40.2
2025-06-12 05:04:00,73.6
2025-06-12 10:34:00,90.8
2025-06-12 22:12:00,39.9
2025-06-12 15:57:00,49.72265128325876
2025-06-12 14:55:00,82.5
2025-06-12 16:22:00,20.7
2025-06-12 22:48:00,29.8
2025-06-12 21:31:00,49.72265128325876
2025-06-12 04:04:00,31.6
2025-06-12 01:44:00,0.6
2025-06-12 09:19:00,10.0
2025-06-12 07:53:00,0.3
2025-06-12 09:02:00,62.5
2025-06-12 22:52:00,17.0
2025-06-12 05:34:00,50.2
2025-06-12 03:23:00,4.7
2025-06-12 11:02:00,77.3
2025-06-12 20:56:00,49.72265128325876
2025-06-12 04:23:00,49.72265128325876
2025-06-12 04:10:00,11.4
2025-06-12 04:11:00,85.6
2025-06-12 09:43:00,62.8
2025-06-12 08:44:00,49.72265128325876
2025-06-12 01:51:00,49.72265128325876
2025-06-12 00:45:00,16.7
2025-06-12 01:35:00,15.7
2025-06-12 03:37:00,90.7
2025-06-12 18:58:00,30.7
2025-06-12 11:55:00,28.9
2025-06-12 02:04:00,49.72265128325876
2025-06-12 12:17:00,79.1
2025-06-12 20:16:00,14.7
2025-06-12 10:38:00,45.4
2025-06-12 00:10:00,70.7
2025-06-12 14:49:00,86.5
2025-06-12 05:19:00,65.9
2025-06-12 17:00:00,49.0
2025-06-12 19:09:00,71.0
2025-06-12 13:39:00,62.8
2025-06-12 22:05:00,31.7
2025-06-12 17:30:00,49.72265128325876
2025-06-12 02:22:00,74.5
2025-06-12 01:05:00,85.1
2025-06-12 15:03:00,73.8
2025-06-12 12:58:00,49.72265128325876
2025-06-12 21:02:00,60.0
2025-06-12 14:25:00,0.6
2025-06-12 13:00:00,63.3
2025-06-12 17:17:00,67.9
2025-06-12 01:03:00,42.4
2025-06-12 04:13:00,49.72265128325876
2025-06-12 21:32:00,50.0
2025-06-12 06:24:00,43.0
2025-06-12 08:53:00,27.5
2025-06-12 10:33:00,52.5
2025-06-12 12:38:00,35.2
2025-06-12 02:51:00,22.7
2025-06-12 03:31:00,62.7
2025-06-12 17:58:00,46.9
2025-06-12 15:59:00,29.5
2025-06-12 09:15:00,94.6
2025-06-12 06:31:00,76.3
2025-06-12 11:29:00,71.5
2025-06-12 20:25:00,49.72265128325876
2025-06-12 19:49:00,1.6
2025-06-12 00:06:00,0.1
2025-06-12 15:19:00,93.4
2025-06-12 18:10:00,30.9
2025-06-12 14:42:00,57.1
2025-06-12 17:52:00,69.7
2025-06-12 11:43:00,37.1
2025-06-12 13:40:00,16.8
2025-06-12 08:57:00,49.72265128325876
2025-06-12 19:38:00,32.1
2025-06-12 21:43:00,41.3
2025-06-12 13:31:00,53.3
2025-06-12 05:16:00,68.1
2025-06-12 00:30:00,59.7
2025-06-12 03:18:00,48.2
2025-06-12 13:09:00,76.6
2025-06-12 11:14:00,71.6
2025-06-12 05:15:00,0.9
2025-06-12 23:57:00,38.8
2025-06-12 09:25:00,24.0
2025-06-12 03:08:00,36.6
2025-06-12 00:23:00,63.1
2025-06-12 19:53:00,81.2
2025-06-12 04:02:00,76.3
2025-06-12 02:31:00,47.1
2025-06-12 06:04:00,73.2
2025-06-12 00:38:00,95.4
2025-06-12 10:59:00,85.7
2025-06-12 10:22:00,77.9
2025-06-12 00:55:00,62.9
2025-06-12 06:51:00,99.3
2025-06-12 14:05:00,39.0
2025-06-12 23:20:00,0.7
2025-06-12 05:36:00,5.1
2025-06-12 02:30:00,12.9
2025-06-12 21:53:00,12.1
2025-06-12 23:27:00,85.1
2025-06-12 08:49:00,30.8
2025-06-12 09:41:00,99.5
2025-06-12 16:04:00,22.0
2025-06-12 14:52:00,14.3
2025-06-12 11:18:00,49.1
2025-06-12 05:00:00,61.8
2025-06-12 05:52:00,92.3
2025-06-12 05:44:00,84.6
2025-06-12 10:19:00,89.1
2025-06-12 10:56:00,1.1
2025-06-12 03:11:00,58.6
2025-06-12 01:54:00,48.0
2025-06-12 13:52:00,73.4
2025-06-12 20:03:00,1.1
2025-06-12 16:16:00,49.72265128325876
2025-06-12 10:43:00,10.2
2025-06-12 11:00:00,60.9
2025-06-12 00:32:00,95.9
2025-06-12 14:51:00,56.6
2025-06-12 19:15:00,62.4
2025-06-12 22:11:00,8.1
2025-06-12 17:43:00,66.4
2025-06-12 20:43:00,0.8
2025-06-12 05:27:00,37.1
2025-06-12 18:36:00,25.3
2025-06-12 04:32:00,0.4
2025-06-12 19:06:00,70.5
2025-06-12 17:10:00,43.3
2025-06-12 14:02:00,54.1
2025-06-12 20:14:00,77.0
2025-06-12 11:16:00,49.72265128325876
2025-06-12 15:12:00,47.8
2025-06-12 11:27:00,34.8
2025-06-12 01:41:00,47.7
2025-06-12 23:12:00,20.6
2025-06-12 13:10:00,30.3
2025-06-12 15:40:00,13.2
2025-06-12 13:53:00,85.2
2025-06-12 13:25:00,49.72265128325876
2025-06-12 22:57:00,90.3
2025-06-12 19:35:00,18.7
2025-06-12 01:38:00,25.8
2025-06-12 04:20:00,88.0
2025-06-12 03:30:00,69.6
2025-06-12 06:45:00,61.6
2025-06-12 13:59:00,89.2
2025-06-12 05:50:00,16.9
2025-06-12 08:17:00,27.6
2025-06-12 12:30:00,58.0
2025-06-12 12:07:00,6.3
2025-06-12 17:24:00,49.72265128325876
2025-06-12 08:13:00,49.72265128325876
2025-06-12 18:31:00,27.7
2025-06-12 12:08:00,36.6
2025-06-12 07:05:00,65.3
2025-06-12 16:32:00,68.8
2025-06-12 06:18:00,91.0
2025-06-12 12:27:00,62.4
2025-06-12 00:18:00,63.2
2025-06-12 22:18:00,32.1
2025-06-12 20:24:00,66.4
2025-06-12 17:55:00,83.1
2025-06-12 19:00:00,3.2
2025-06-12 21:13:00,89.2
2025-06-12 01:04:00,31.6
2025-06-12 05:22:00,21.0
2025-06-12 06:46:00,53.8
2025-06-12 19:11:00,72.3
2025-06-12 12:26:00,9.5
2025-06-12 04:19:00,96.7
2025-06-12 20:06:00,63.0
2025-06-12 06:40:00,49.72265128325876
2025-06-12 04:56:00,33.7
2025-06-12 20:50:00,58.0
2025-06-12 16:07:00,15.0
2025-06-12 23:55:00,56.0
2025-06-12 02:43:00,50.9
2025-06-12 12:10:00,49.72265128325876
2025-06-12 21:29:00,25.4
2025-06-12 23:10:00,14.5
2025-06-12 12:04:00,81.0
2025-06-12 10:07:00,25.5
2025-06-12 08:26:00,49.72265128325876
2025-06-12 19:26:00,67.1
2025-06-12 18:35:00,49.72265128325876
2025-06-12 07:32:00,48.5
2025-06-12 18:34:00,10.3
2025-06-12 23:48:00,49.72265128325876
2025-06-12 07:19:00,90.4
2025-06-12 09:03:00,70.9
2025-06-12 23:28:00,95.4
2025-06-12 05:02:00,2.2
2025-06-12 00:34:00,7.5
2025-06-12 23:29:00,57.7
2025-06-12 19:42:00,50.6
2025-06-12 08:51:00,53.1
2025-06-12 12:39:00,10.3
2025-06-12 03:45:00,65.6
2025-06-12 01:23:00,72.5
2025-06-12 04:42:00,47.1
2025-06-12 00:42:00,51.3
2025-06-12 09:17:00,4.3
2025-06-12 16:18:00,49.72265128325876
2025-06-12 11:21:00,49.72265128325876
2025-06-12 03:57:00,96.7
2025-06-12 09:06:00,76.9
2025-06-12 18:50:00,91.9
2025-06-12 01:55:00,80.5
2025-06-12 19:14:00,68.6
2025-06-12 11:25:00,49.2
2025-06-12 03:53:00,24.5
2025-06-12 03:52:00,49.72265128325876
2025-06-12 09:42:00,88.3
2025-06-12 10:45:00,38.0
2025-06-12 06:50:00,37.9
2025-06-12 10:09:00,78.8
2025-06-12 16:29:00,47.8
2025-06-12 23:00:00,49.72265128325876
2025-06-12 15:25:00,49.72265128325876
2025-06-12 09:26:00,96.2
2025-06-12 22:30:00,65.7
2025-06-12 03:26:00,49.72265128325876
2025-06-12 03:09:00,14.4
2025-06-12 12:18:00,49.72265128325876
2025-06-12 00:02:00,70.8
2025-06-12 09:49:00,51.3
2025-06-12 13:54:00,90.7
2025-06-12 18:40:00,26.7
2025-06-12 02:37:00,7.5
2025-06-12 07:12:00,75.3
2025-06-12 16:08:00,21.6
2025-06-12 20:02:00,49.72265128325876
2025-06-12 23:02:00,33.2
2025-06-12 16:58:00,62.0
2025-06-12 20:09:00,98.8
2025-06-12 15:30:00,27.2
2025-06-12 06:09:00,49.72265128325876
2025-06-12 09:20:00,59.0
2025-06-12 18:13:00,17.8
2025-06-12 18:22:00,22.6
2025-06-12 03:43:00,55.5
2025-06-12 03:23:00,96.3
2025-06-12 01:02:00,37.1
2025-06-12 15:05:00,50.25777465777466
2025-06-12 04:40:00,50.25777465777466
2025-06-12 08:07:00,39.7
2025-06-12 00:40:00,4.0
2025-06-12 23:17:00,57.3
2025-06-12 04:07:00,67.2
2025-06-12 12:47:00,80.5
2025-06-12 04:46:00,50.25777465777466
2025-06-12 14:12:00,50.25777465777466
2025-06-12 08:31:00,58.6
2025-06-12 04:12:00,27.8
2025-06-12 05:03:00,10.4
2025-06-12 10:39:00,33.6
2025-06-12 03:13:00,83.6
2025-06-12 19:45:00,45.3
2025-06-12 20:07:00,97.1
2025-06-12 17:42:00,97.8
2025-06-12 17:35:00,77.1
2025-06-12 10:56:00,40.4
2025-06-12 05:37:00,16.5
2025-06-12 14:06:00,3.4
2025-06-12 10:17:00,44.9
2025-06-12 15:04:00,89.3
2025-06-12 23:26:00,51.5
2025-06-12 13:35:00,45.6
2025-06-12 18:51:00,10.3
2025-06-12 19:33:00,53.7
2025-06-12 17:41:00,64.0
2025-06-12 06:35:00,50.25777465777466
2025-06-12 09:38:00,77.3
2025-06-12 13:05:00,37.4
2025-06-12 05:42:00,75.7
2025-06-12 06:09:00,56.1
2025-06-12 14:52:00,90.3
2025-06-12 18:57:00,48.4
2025-06-12 13:21:00,82.8
2025-06-12 23:54:00,73.0
2025-06-12 22:31:00,92.9
2025-06-12 12:44:00,50.25777465777466
2025-06-12 12:33:00,44.8
2025-06-12 20:11:00,13.9
2025-06-12 17:09:00,36.6
2025-06-12 06:12:00,33.9
2025-06-12 08:42:00,50.25777465777466
2025-06-12 05:50:00,64.3
2025-06-12 08:01:00,93.1
2025-06-12 22:26:00,46.7
2025-06-12 02:37:00,54.9
2025-06-12 01:24:00,10.4
2025-06-12 08:15:00,41.6
2025-06-12 18:32:00,50.25777465777466
2025-06-12 17:30:00,29.7
2025-06-12 00:48:00,98.9
2025-06-12 14:40:00,60.6
2025-06-12 07:19:00,66.5
2025-06-12 21:39:00,89.4
2025-06-12 21:20:00,20.4
2025-06-12 09:15:00,50.25777465777466
2025-06-12 08:10:00,50.25777465777466
2025-06-12 22:04:00,18.7
2025-06-12 20:43:00,50.25777465777466
2025-06-12 12:03:00,16.9
2025-06-12 23:03:00,50.25777465777466
2025-06-12 01:31:00,0.7
2025-06-12 15:01:00,30.3
2025-06-12 16:36:00,38.3
2025-06-12 11:14:00,39.7
2025-06-12 13:01:00,44.7
2025-06-12 08:33:00,35.6
2025-06-12 05:52:00,38.0
2025-06-12 00:19:00,50.25777465777466
2025-06-12 02:47:00,77.2
2025-06-12 18:43:00,39.1
2025-06-12 23:48:00,9.1
2025-06-12 12:52:00,44.3
2025-06-12 11:01:00,39.6
2025-06-12 07:11:00,80.6
2025-06-12 18:16:00,50.25777465777466
2025-06-12 18:52:00,50.25777465777466
2025-06-12 01:18:00,9.6
2025-06-12 10:55:00,31.2
2025-06-12 04:04:00,9.8
2025-06-12 13:18:00,50.25777465777466
2025-06-12 06:36:00,15.6
2025-06-12 15:52:00,3.4
2025-06-12 21:19:00,11.5
2025-06-12 20:48:00,45.1
2025-06-12 12:41:00,71.9
2025-06-12 21:42:00,49.3
2025-06-12 15:26:00,93.1
2025-06-12 07:45:00,18.5
2025-06-12 15:09:00,19.9
2025-06-12 18:44:00,19.8
2025-06-12 12:21:00,1.4
2025-06-12 00:15:00,89.0
2025-06-12 12:56:00,50.7
2025-06-12 22:48:00,68.6
2025-06-12 06:50:00,12.2
2025-06-12 11:45:00,51.8
2025-06-12 12:14:00,44.5
2025-06-12 22:32:00,38.5
2025-06-12 15:35:00,29.5
2025-06-12 08:40:00,1.8
2025-06-12 18:17:00,50.25777465777466
2025-06-12 02:31:00,2.1
2025-06-12 18:49:00,19.3
2025-06-12 08:08:00,73.5
2025-06-12 16:39:00,79.3
2025-06-12 09:27:00,62.0
2025-06-12 19:56:00,17.3
2025-06-12 08:13:00,50.25777465777466
2025-06-12 10:33:00,41.8
2025-06-12 17:26:00,23.6
2025-06-12 08:37:00,37.4
2025-06-12 06:21:00,79.6
2025-06-12 09:47:00,97.3
2025-06-12 19:57:00,50.25777465777466
2025-06-12 01:11:00,26.2
2025-06-12 22:03:00,95.1
2025-06-12 04:16:00,98.6
2025-06-12 06:25:00,3.4
2025-06-12 18:53:00,91.1
2025-06-12 21:35:00,28.3
2025-06-12 04:10:00,15.3
2025-06-12 21:53:00,75.7
2025-06-12 15:15:00,1.1
2025-06-12 11:13:00,59.5
2025-06-12 04:14:00,3.2
2025-06-12 06:06:00,3.5
2025-06-12 11:06:00,52.8
2025-06-12 06:41:00,69.2
2025-06-12 21:10:00,58.3
2025-06-12 03:24:00,70.7
2025-06-12 16:41:00,0.7
2025-06-12 18:37:00,4.4
2025-06-12 07:24:00,20.1
2025-06-12 18:36:00,29.0
2025-06-12 17:37:00,0.1
2025-06-12 15:14:00,86.8
2025-06-12 12:19:00,10.8
2025-06-12 18:15:00,50.25777465777466
2025-06-12 04:20:00,97.2
2025-06-12 01:47:00,14.8
2025-06-12 15:37:00,84.5
2025-06-12 12:30:00,44.4
2025-06-12 06:37:00,37.2
2025-06-12 17:11:00,29.5
2025-06-12 02:50:00,48.1
2025-06-12 07:14:00,60.7
2025-06-12 16:58:00,50.25777465777466
2025-06-12 11:17:00,53.2
2025-06-12 03:37:00,50.25777465777466
2025-06-12 23:08:00,35.9
2025-06-12 04:48:00,41.5
2025-06-12 09:37:00,72.4
2025-06-12 10:42:00,15.3
2025-06-12 15:13:00,60.7
2025-06-12 06:42:00,28.5
2025-06-12 02:48:00,74.3
2025-06-12 04:27:00,18.1
2025-06-12 06:57:00,41.4
2025-06-12 04:28:00,9.2
2025-06-12 10:52:00,42.7
2025-06-12 01:17:00,47.5
2025-06-12 07:02:00,23.4
2025-06-12 22:53:00,16.3
2025-06-12 06:02:00,42.3
2025-06-12 18:09:00,46.7
2025-06-12 21:00:00,92.8
2025-06-12 08:44:00,74.0
2025-06-12 16:53:00,86.7
2025-06-12 19:44:00,68.5
2025-06-12 05:24:00,86.2
2025-06-12 04:33:00,73.5
2025-06-12 19:48:00,50.3
2025-06-12 16:48:00,82.1
2025-06-12 16:23:00,30.2
2025-06-12 00:56:00,50.25777465777466
2025-06-12 06:18:00,38.4
2025-06-12 07:04:00,43.5
2025-06-12 08:14:00,1.0
2025-06-12 01:28:00,77.8
2025-06-12 14:00:00,82.4
2025-06-12 02:08:00,80.3
2025-06-12 08:36:00,25.6
2025-06-12 01:20:00,0.5
2025-06-12 06:55:00,51.4
2025-06-12 12:35:00,27.6
2025-06-12 05:23:00,48.5
2025-06-12 12:48:00,66.1
2025-06-12 01:09:00,50.25777465777466
2025-06-12 09:06:00,84.7
2025-06-12 17:44:00,50.25777465777466
2025-06-12 14:16:00,73.6
2025-06-12 08:47:00,48.4
2025-06-12 00:29:00,52.4
2025-06-12 20:36:00,10.8
2025-06-12 06:00:00,43.8
2025-06-12 06:40:00,50.25777465777466
2025-06-12 15:00:00,29.7
2025-06-12 18:54:00,10.9
2025-06-12 04:44:00,33.7
2025-06-12 05:04:00,99.0
2025-06-12 08:32:00,33.0
2025-06-12 06:32:00,50.25777465777466
2025-06-12 19:02:00,50.25777465777466
2025-06-12 20:25:00,35.8
2025-06-12 15:08:00,24.1
2025-06-12 11:34:00,50.25777465777466
2025-06-12 04:11:00,50.25777465777466
2025-06-12 02:03:00,27.6
2025-06-12 14:49:00,23.5
2025-06-12 19:31:00,35.1
2025-06-12 20:40:00,4.8
2025-06-12 09:21:00,71.0
2025-06-12 20:16:00,99.2
2025-06-12 19:27:00,50.25777465777466
2025-06-12 00:35:00,83.0
2025-06-12 05:30:00,58.7
2025-06-12 21:07:00,50.25777465777466
2025-06-12 10:30:00,62.5
2025-06-12 15:55:00,58.4
2025-06-12 23:19:00,53.1
2025-06-12 17:31:00,50.25777465777466
2025-06-12 19:28:00,2.8
2025-06-12 10:40:00,21.1
2025-06-12 20:09:00,50.25777465777466
2025-06-12 02:59:00,45.8
2025-06-12 19:36:00,72.1
2025-06-12 16:02:00,50.25777465777466
2025-06-12 09:28:00,34.9
2025-06-12 19:06:00,72.4
2025-06-12 23:05:00,39.3
2025-06-12 13:40:00,3.2
2025-06-12 18:50:00,75.6
2025-06-12 21:52:00,77.7
2025-06-12 12:25:00,50.25777465777466
2025-06-12 23:00:00,6.6
2025-06-12 06:33:00,83.7
2025-06-12 05:56:00,21.0
2025-06-12 18:11:00,43.3
2025-06-12 06:38:00,50.25777465777466
2025-06-12 15:46:00,11.3
2025-06-12 22:22:00,50.25777465777466
2025-06-12 09:45:00,6.2
2025-06-12 13:32:00,32.0
2025-06-12 04:36:00,62.2
2025-06-12 23:16:00,70.4
2025-06-12 06:08:00,50.25777465777466
2025-06-12 06:29:00,81.7
2025-06-12 17:57:00,93.1
2025-06-12 05:17:00,34.6
2025-06-12 22:19:00,50.25777465777466
2025-06-12 08:20:00,50.25777465777466
2025-06-12 19:32:00,62.3
2025-06-12 09:29:00,49.7
2025-06-12 23:23:00,2.1
2025-06-12 14:08:00,22.7
2025-06-12 11:42:00,92.9
2025-06-12 23:01:00,24.6
2025-06-12 00:43:00,49.4
2025-06-12 01:56:00,79.8
2025-06-12 09:07:00,98.0
2025-06-12 09:11:00,62.2
2025-06-12 18:03:00,16.1
2025-06-12 21:26:00,70.2
2025-06-12 20:46:00,28.3
2025-06-12 02:25:00,69.8
2025-06-12 07:54:00,25.3
2025-06-12 19:13:00,34.8
2025-06-12 02:27:00,2.3
2025-06-12 07:59:00,96.2
2025-06-12 03:41:00,72.6
2025-06-12 17:36:00,74.5
2025-06-12 04:35:00,23.9
2025-06-12 14:46:00,40.9
2025-06-12 08:11:00,28.2
2025-06-12 15:06:00,69.4
2025-06-12 05:25:00,50.25777465777466
2025-06-12 21:05:00,29.3
2025-06-12 17:22:00,50.25777465777466
2025-06-12 05:55:00,67.4
2025-06-12 12:08:00,71.9
2025-06-12 20:19:00,15.0
2025-06-12 23:28:00,76.3
2025-06-12 08:29:00,83.8
2025-06-12 01:19:00,58.0
2025-06-12 03:10:00,28.2
2025-06-12 01:21:00,50.25777465777466
2025-06-12 03:28:00,20.3
2025-06-12 10:35:00,36.3
2025-06-12 13:45:00,80.2
2025-06-12 10:11:00,65.5
2025-06-12 01:43:00,84.5
2025-06-12 10:38:00,9.0
2025-06-12 04:03:00,8.2
2025-06-12 16:54:00,86.3
2025-06-12 01:36:00,34.7
2025-06-12 15:22:00,50.5
2025-06-12 03:59:00,59.3
2025-06-12 11:26:00,77.6
2025-06-12 16:55:00,55.7
2025-06-12 04:23:00,78.1
2025-06-12 16:04:00,68.1
2025-06-12 21:56:00,7.1
2025-06-12 03:21:00,72.5
2025-06-12 05:45:00,50.25777465777466
2025-06-12 19:15:00,52.1
2025-06-12 03:34:00,50.25777465777466
2025-06-12 22:25:00,5.9
2025-06-12 01:57:00,35.9
2025-06-12 12:55:00,31.3
2025-06-12 15:03:00,74.5
2025-06-12 12:45:00,50.25777465777466
2025-06-12 07:20:00,69.7
2025-06-12 16:33:00,49.9464552238806
2025-06-12 11:17:00,73.9
2025-06-12 01:59:00,49.5
2025-06-12 23:17:00,34.4
2025-06-12 12:16:00,50.9
2025-06-12 13:14:00,75.1
2025-06-12 08:00:00,49.9464552238806
2025-06-12 02:24:00,25.0
2025-06-12 09:38:00,87.7
2025-06-12 07:22:00,30.6
2025-06-12 14:11:00,49.9464552238806
2025-06-12 01:31:00,54.7
2025-06-12 06:45:00,49.9464552238806
2025-06-12 17:12:00,14.9
2025-06-12 12:04:00,27.6
2025-06-12 16:35:00,14.2
2025-06-12 15:44:00,63.5
2025-06-12 15:18:00,57.6
2025-06-12 10:07:00,96.3
2025-06-12 23:10:00,49.9464552238806
2025-06-12 03:13:00,18.4
2025-06-12 06:20:00,63.9
2025-06-12 07:58:00,55.6
2025-06-12 12:21:00,28.5
2025-06-12 21:51:00,49.9464552238806
2025-06-12 07:04:00,20.2
2025-06-12 22:28:00,49.9464552238806
2025-06-12 06:13:00,66.3
2025-06-12 00:44:00,49.9464552238806
2025-06-12 17:43:00,5.6
2025-06-12 13:53:00,78.1
2025-06-12 19:14:00,92.1
2025-06-12 06:31:00,49.9464552238806
2025-06-12 15:15:00,10.7
2025-06-12 07:34:00,25.6
2025-06-12 17:23:00,60.6
2025-06-12 02:38:00,11.1
2025-06-12 07:50:00,9.0
2025-06-12 09:25:00,37.8
2025-06-12 00:35:00,63.2
2025-06-12 00:03:00,47.6
2025-06-12 13:38:00,11.2
2025-06-12 23:28:00,79.7
2025-06-12 09:06:00,38.3
2025-06-12 08:37:00,33.7
2025-06-12 01:56:00,25.9
2025-06-12 16:55:00,49.9464552238806
2025-06-12 04:12:00,82.7
2025-06-12 09:07:00,62.1
2025-06-12 10:48:00,8.9
2025-06-12 13:34:00,62.1
2025-06-12 16:52:00,29.3
2025-06-12 06:54:00,62.0
2025-06-12 05:37:00,45.3
2025-06-12 13:45:00,24.3
2025-06-12 17:25:00,11.1
2025-06-12 07:55:00,38.3
2025-06-12 22:58:00,49.2
2025-06-12 08:53:00,7.0
2025-06-12 15:40:00,72.5
2025-06-12 16:01:00,81.5
2025-06-12 00:37:00,56.2
2025-06-12 04:58:00,53.1
2025-06-12 04:26:00,57.1
2025-06-12 10:53:00,23.4
2025-06-12 19:22:00,49.9464552238806
2025-06-12 10:55:00,23.8
2025-06-12 09:09:00,100.0
2025-06-12 09:35:00,73.0
2025-06-12 22:44:00,11.7
2025-06-12 10:52:00,24.2
2025-06-12 01:44:00,82.0
2025-06-12 23:07:00,68.4
2025-06-12 11:24:00,92.4
2025-06-12 19:37:00,49.9464552238806
2025-06-12 20:41:00,33.2
2025-06-12 22:34:00,26.5
2025-06-12 09:52:00,58.2
2025-06-12 10:02:00,10.6
2025-06-12 04:54:00,73.5
2025-06-12 10:01:00,73.3
2025-06-12 16:32:00,91.1
2025-06-12 23:45:00,19.0
2025-06-12 00:48:00,49.9464552238806
2025-06-12 15:10:00,1.9
2025-06-12 22:48:00,49.9464552238806
2025-06-12 11:32:00,49.9464552238806
2025-06-12 15:17:00,19.9
2025-06-12 16:40:00,80.6
2025-06-12 16:27:00,27.6
2025-06-12 10:10:00,3.6
2025-06-12 19:59:00,17.4
2025-06-12 04:34:00,89.6
2025-06-12 08:49:00,40.8
2025-06-12 15:28:00,48.8
2025-06-12 15:07:00,36.8
2025-06-12 03:00:00,36.1
2025-06-12 02:23:00,20.0
2025-06-12 12:30:00,5.1
2025-06-12 22:00:00,64.4
2025-06-12 05:11:00,19.2
2025-06-12 12:46:00,84.6
2025-06-12 12:01:00,61.2
2025-06-12 23:39:00,38.5
2025-06-12 23:37:00,49.9464552238806
2025-06-12 18:46:00,49.9464552238806
2025-06-12 17:47:00,49.9464552238806
2025-06-12 01:39:00,30.4
2025-06-12 06:51:00,49.9464552238806
2025-06-12 06:09:00,12.6
2025-06-12 05:27:00,92.5
2025-06-12 16:38:00,95.6
2025-06-12 07:54:00,61.9
2025-06-12 10:27:00,2.2
2025-06-12 18:34:00,70.3
2025-06-12 13:17:00,6.6
2025-06-12 06:03:00,17.2
2025-06-12 07:41:00,64.2
2025-06-12 07:42:00,44.5
2025-06-12 00:08:00,85.2
2025-06-12 08:29:00,100.0
2025-06-12 23:54:00,66.3
2025-06-12 06:01:00,37.1
2025-06-12 09:54:00,51.6
2025-06-12 06:58:00,91.7
2025-06-12 00:18:00,49.9464552238806
2025-06-12 17:22:00,93.6
2025-06-12 13:11:00,17.4
2025-06-12 09:30:00,49.9464552238806
2025-06-12 04:56:00,82.1
2025-06-12 14:20:00,46.2
2025-06-12 12:26:00,49.9464552238806
2025-06-12 07:02:00,37.3
2025-06-12 18:41:00,49.9464552238806
2025-06-12 16:15:00,49.9464552238806
2025-06-12 01:45:00,49.9464552238806
2025-06-12 17:58:00,17.0
2025-06-12 06:33:00,73.3
2025-06-12 13:57:00,33.0
2025-06-12 01:50:00,60.7
2025-06-12 03:30:00,65.7
2025-06-12 02:48:00,49.9464552238806
2025-06-12 03:25:00,22.4
2025-06-12 14:17:00,32.0
2025-06-12 01:09:00,74.8
2025-06-12 05:21:00,64.9
2025-06-12 14:37:00,49.9464552238806
2025-06-12 18:54:00,49.9464552238806
2025-06-12 18:51:00,74.4
2025-06-12 13:35:00,47.8
2025-06-12 06:29:00,26.3
2025-06-12 19:42:00,90.5
2025-06-12 07:11:00,44.0
2025-06-12 02:09:00,71.0
2025-06-12 00:14:00,12.2
2025-06-12 02:46:00,55.1
2025-06-12 15:53:00,96.3
2025-06-12 17:49:00,8.2
2025-06-12 18:40:00,49.9464552238806
2025-06-12 21:00:00,12.5
2025-06-12 16:20:00,43.6
2025-06-12 13:27:00,27.1
2025-06-12 14:49:00,85.3
2025-06-12 01:07:00,46.2
2025-06-12 23:08:00,68.8
2025-06-12 20:18:00,74.9
2025-06-12 14:42:00,49.9464552238806
2025-06-12 09:39:00,75.2
2025-06-12 19:49:00,49.9464552238806
2025-06-12 09:23:00,42.8
2025-06-12 06:21:00,84.3
2025-06-12 08:35:00,46.7
2025-06-12 16:14:00,91.9
2025-06-12 01:01:00,15.6
2025-06-12 16:57:00,49.9464552238806
2025-06-12 13:22:00,41.6
2025-06-12 06:47:00,54.1
2025-06-12 20:20:00,18.6
2025-06-12 17:11:00,37.2
2025-06-12 01:24:00,1.8
2025-06-12 08:27:00,89.5
2025-06-12 14:52:00,49.9464552238806
2025-06-12 05:43:00,49.9464552238806
2025-06-12 23:51:00,99.6
2025-06-12 12:35:00,49.9464552238806
2025-06-12 06:53:00,68.6
2025-06-12 01:53:00,89.2
2025-06-12 06:10:00,52.7
2025-06-12 15:54:00,84.9
2025-06-12 00:56:00,50.7
2025-06-12 11:39:00,23.1
2025-06-12 00:34:00,49.9464552238806
2025-06-12 01:06:00,40.7
2025-06-12 21:33:00,24.0
2025-06-12 22:50:00,36.7
2025-06-12 21:46:00,12.3
2025-06-12 04:53:00,98.6
2025-06-12 10:46:00,94.3
2025-06-12 13:18:00,83.2
2025-06-12 17:18:00,55.2
2025-06-12 09:49:00,49.9464552238806
2025-06-12 03:21:00,92.8
2025-06-12 21:03:00,55.4
2025-06-12 19:17:00,76.7
2025-06-12 11:13:00,33.4
2025-06-12 07:37:00,96.3
2025-06-12 17:26:00,49.9464552238806
2025-06-12 23:02:00,12.0
2025-06-12 05:33:00,65.4
2025-06-12 12:36:00,74.8
2025-06-12 22:20:00,21.2
2025-06-12 03:38:00,43.3
2025-06-12 10:21:00,0.2
2025-06-12 22:46:00,49.9464552238806
2025-06-12 16:44:00,37.8
2025-06-12 14:16:00,50.9
2025-06-12 20:09:00,82.1
2025-06-12 20:19:00,49.9464552238806
2025-06-12 14:48:00,68.2
2025-06-12 09:34:00,39.6
2025-06-12 05:15:00,34.9
2025-06-12 13:01:00,64.8
2025-06-12 22:21:00,51.3
2025-06-12 17:57:00,0.9
2025-06-12 16:51:00,54.8
2025-06-12 21:47:00,56.0
2025-06-12 06:19:00,49.9464552238806
2025-06-12 09:44:00,76.8
2025-06-12 19:11:00,16.4
2025-06-12 10:39:00,11.3
2025-06-12 05:24:00,45.5
2025-06-12 13:43:00,22.2
2025-06-12 03:04:00,89.0
2025-06-12 22:41:00,4.4
2025-06-12 08:46:00,19.2
2025-06-12 05:20:00,2.6
2025-06-12 18:29:00,49.9464552238806
2025-06-12 12:38:00,19.7
2025-06-12 07:17:00,49.9464552238806
2025-06-12 15:12:00,2.1
2025-06-12 07:26:00,72.4
2025-06-12 09:31:00,11.9
2025-06-12 06:23:00,91.3
2025-06-12 15:16:00,70.5
2025-06-12 15:22:00,8.3
2025-06-12 08:41:00,18.1
2025-06-12 00:00:00,94.5
2025-06-12 02:37:00,49.1
2025-06-12 06:17:00,96.1
2025-06-12 03:24:00,13.1
2025-06-12 05:55:00,47.2
2025-06-12 17:29:00,94.8
2025-06-12 13:50:00,6.6
2025-06-12 07:23:00,68.3
2025-06-12 09:42:00,49.9464552238806
2025-06-12 14:26:00,17.7
2025-06-12 18:56:00,49.9464552238806
2025-06-12 04:32:00,49.9464552238806
2025-06-12 11:05:00,88.1
2025-06-12 19:30:00,2.0
2025-06-12 20:39:00,49.9464552238806
2025-06-12 17:03:00,36.3
2025-06-12 15:09:00,34.5
2025-06-12 19:29:00,46.2
2025-06-12 16:46:00,35.6
2025-06-12 02:21:00,49.9464552238806
2025-06-12 22:32:00,49.9464552238806
2025-06-12 05:02:00,11.2
2025-06-12 06:32:00,45.8
2025-06-12 16:31:00,78.2
2025-06-12 14:41:00,45.6
2025-06-12 19:53:00,49.9464552238806
2025-06-12 03:22:00,30.5
2025-06-12 06:40:00,19.3
2025-06-12 05:51:00,89.5
2025-06-12 18:25:00,49.9464552238806
2025-06-12 13:36:00,22.1
2025-06-12 01:47:00,67.1
2025-06-12 15:31:00,5.3
2025-06-12 10:44:00,25.7
2025-06-12 03:03:00,30.7
2025-06-12 07:09:00,52.7
2025-06-12 02:51:00,27.4
2025-06-12 17:40:00,8.3
2025-06-12 03:43:00,39.3
2025-06-12 02:42:00,68.9
2025-06-12 15:47:00,99.1
2025-06-12 21:38:00,57.6
2025-06-12 17:17:00,85.6
2025-06-12 18:44:00,55.3
2025-06-12 15:41:00,49.9464552238806
2025-06-12 17:48:00,11.4
2025-06-12 15:21:00,49.9464552238806
2025-06-12 17:04:00,78.2
2025-06-12 07:39:00,99.0
2025-06-12 02:59:00,1.5
2025-06-12 15:30:00,49.9464552238806
2025-06-12 14:21:00,15.7
2025-06-12 23:11:00,57.4
2025-06-12 16:42:00,98.2
2025-06-12 22:05:00,49.742524640779
2025-06-12 21:26:00,96.1
2025-06-12 11:03:00,64.5
2025-06-12 16:48:00,66.8
2025-06-12 16:47:00,11.5
2025-06-12 03:35:00,49.742524640779
2025-06-12 23:37:00,12.5
2025-06-12 16:50:00,32.2
2025-06-12 11:27:00,21.7
2025-06-12 23:49:00,78.2
2025-06-12 02:53:00,40.1
2025-06-12 01:43:00,61.7
2025-06-12 07:47:00,70.7
2025-06-12 10:10:00,83.4
2025-06-12 03:26:00,10.0
2025-06-12 00:48:00,28.0
2025-06-12 02:12:00,24.4
2025-06-12 13:15:00,21.3
2025-06-12 09:07:00,49.742524640779
2025-06-12 01:09:00,49.742524640779
2025-06-12 13:28:00,68.2
2025-06-12 07:14:00,49.742524640779
2025-06-12 22:57:00,19.2
2025-06-12 14:32:00,70.4
2025-06-12 17:03:00,2.4
2025-06-12 13:44:00,26.9
2025-06-12 20:09:00,66.0
2025-06-12 09:27:00,42.6
2025-06-12 00:09:00,13.3
2025-06-12 08:10:00,81.9
2025-06-12 18:05:00,58.2
2025-06-12 18:38:00,14.3
2025-06-12 06:47:00,30.9
2025-06-12 13:57:00,86.2
2025-06-12 06:34:00,99.0
2025-06-12 21:58:00,84.8
2025-06-12 20:06:00,46.5
2025-06-12 00:04:00,35.3
2025-06-12 21:06:00,50.9
2025-06-12 12:55:00,49.2
2025-06-12 10:32:00,42.8
2025-06-12 13:47:00,65.5
2025-06-12 07:29:00,32.3
2025-06-12 18:51:00,50.7
2025-06-12 19:35:00,4.6
2025-06-12 10:11:00,54.0
2025-06-12 07:35:00,49.742524640779
2025-06-12 12:05:00,30.9
2025-06-12 13:21:00,49.742524640779
2025-06-12 05:08:00,12.2
2025-06-12 08:12:00,43.9
2025-06-12 02:00:00,12.2
2025-06-12 17:46:00,49.742524640779
2025-06-12 15:04:00,53.9
2025-06-12 10:21:00,92.8
2025-06-12 21:45:00,56.9
2025-06-12 16:39:00,0.7
2025-06-12 08:42:00,11.1
2025-06-12 00:44:00,22.5
2025-06-12 06:51:00,96.2
2025-06-12 16:43:00,33.3
2025-06-12 21:57:00,28.9
2025-06-12 08:19:00,49.742524640779
2025-06-12 04:23:00,99.9
2025-06-12 15:17:00,49.742524640779
2025-06-12 02:31:00,1.1
2025-06-12 20:16:00,8.2
2025-06-12 22:15:00,49.742524640779
2025-06-12 22:32:00,46.2
2025-06-12 13:01:00,53.4
2025-06-12 19:59:00,38.9
2025-06-12 09:35:00,74.5
2025-06-12 13:27:00,85.1
2025-06-12 10:29:00,42.4
2025-06-12 23:06:00,46.7
2025-06-12 23:08:00,15.4
2025-06-12 04:51:00,46.6
2025-06-12 22:35:00,49.742524640779
2025-06-12 16:05:00,6.8
2025-06-12 21:01:00,24.4
2025-06-12 01:30:00,50.1
2025-06-12 18:19:00,9.6
2025-06-12 03:41:00,67.7
2025-06-12 02:18:00,92.9
2025-06-12 05:32:00,24.0
2025-06-12 10:47:00,70.7
2025-06-12 10:41:00,28.0
2025-06-12 21:51:00,7.6
2025-06-12 09:09:00,31.9
2025-06-12 13:07:00,49.742524640779
2025-06-12 10:39:00,48.4
2025-06-12 10:53:00,39.0
2025-06-12 00:37:00,17.8
2025-06-12 07:27:00,49.742524640779
2025-06-12 17:24:00,61.6
2025-06-12 17:06:00,35.1
2025-06-12 07:11:00,92.2
2025-06-12 10:07:00,96.0
2025-06-12 19:44:00,78.4
2025-06-12 04:05:00,90.3
2025-06-12 13:17:00,88.6
2025-06-12 14:55:00,69.9
2025-06-12 17:57:00,17.7
2025-06-12 23:53:00,42.6
2025-06-12 17:13:00,60.2
2025-06-12 21:38:00,16.8
2025-06-12 03:05:00,26.6
2025-06-12 09:46:00,25.0
2025-06-12 13:23:00,40.1
2025-06-12 19:04:00,67.9
2025-06-12 12:53:00,2.8
2025-06-12 17:59:00,71.1
2025-06-12 22:33:00,20.8
2025-06-12 21:03:00,45.7
2025-06-12 02:08:00,49.742524640779
2025-06-12 11:59:00,10.5
2025-06-12 03:22:00,82.6
2025-06-12 19:52:00,38.1
2025-06-12 22:09:00,48.4
2025-06-12 14:03:00,87.8
2025-06-12 21:12:00,88.6
2025-06-12 11:36:00,2.4
2025-06-12 20:48:00,49.742524640779
2025-06-12 10:00:00,69.4
2025-06-12 16:21:00,66.7
2025-06-12 07:18:00,25.8
2025-06-12 16:37:00,53.0
2025-06-12 09:40:00,32.3
2025-06-12 19:46:00,49.742524640779
2025-06-12 13:18:00,54.2
2025-06-12 06:06:00,39.6
2025-06-12 15:21:00,80.4
2025-06-12 22:54:00,12.7
2025-06-12 05:27:00,7.8
2025-06-12 17:25:00,32.4
2025-06-12 03:24:00,46.1
2025-06-12 09:41:00,49.742524640779
2025-06-12 08:55:00,7.1
2025-06-12 15:33:00,5.5
2025-06-12 21:08:00,71.5
2025-06-12 06:07:00,6.4
2025-06-12 02:09:00,34.1
2025-06-12 12:11:00,55.6
2025-06-12 11:54:00,57.7
2025-06-12 17:35:00,48.0
2025-06-12 05:09:00,49.742524640779
2025-06-12 01:46:00,39.8
2025-06-12 18:22:00,95.2
2025-06-12 02:25:00,87.4
2025-06-12 03:47:00,68.1
2025-06-12 15:11:00,86.9
2025-06-12 08:39:00,50.8
2025-06-12 19:05:00,38.5
2025-06-12 14:48:00,85.0
2025-06-12 04:18:00,54.2
2025-06-12 04:35:00,20.0
2025-06-12 04:29:00,73.5
2025-06-12 11:42:00,19.0
2025-06-12 06:09:00,0.2
2025-06-12 07:37:00,27.2
2025-06-12 16:10:00,13.0
2025-06-12 13:08:00,76.0
2025-06-12 19:20:00,79.2
2025-06-12 08:54:00,82.1
2025-06-12 09:42:00,71.3
2025-06-12 20:29:00,12.3
2025-06-12 18:03:00,85.0
2025-06-12 08:18:00,14.8
2025-06-12 20:22:00,49.5
2025-06-12 05:53:00,31.3
2025-06-12 05:33:00,87.3
2025-06-12 23:33:00,53.0
2025-06-12 01:10:00,35.9
2025-06-12 14:21:00,78.9
2025-06-12 19:34:00,39.5
2025-06-12 03:44:00,21.3
2025-06-12 14:36:00,81.3
2025-06-12 12:35:00,57.0
2025-06-12 07:57:00,0.7
2025-06-12 13:46:00,49.742524640779
2025-06-12 13:39:00,52.1
2025-06-12 21:10:00,20.8
2025-06-12 10:23:00,61.7
2025-06-12 06:05:00,22.9
2025-06-12 18:01:00,49.742524640779
2025-06-12 13:04:00,29.1
2025-06-12 01:52:00,91.7
2025-06-12 21:43:00,35.6
2025-06-12 07:06:00,46.1
2025-06-12 10:03:00,49.742524640779
2025-06-12 09:44:00,70.5
2025-06-12 06:13:00,98.3
2025-06-12 11:40:00,13.3
2025-06-12 03:21:00,4.1
2025-06-12 20:27:00,69.0
2025-06-12 23:38:00,70.6
2025-06-12 05:56:00,49.742524640779
2025-06-12 17:00:00,99.3
2025-06-12 23:36:00,93.1
2025-06-12 07:08:00,95.6
2025-06-12 22:23:00,49.742524640779
2025-06-12 23:47:00,49.742524640779
2025-06-12 09:38:00,31.0
2025-06-12 19:19:00,49.742524640779
2025-06-12 03:53:00,45.5
2025-06-12 05:02:00,61.4
2025-06-12 22:18:00,32.1
2025-06-12 11:51:00,36.0
2025-06-12 08:27:00,44.4
2025-06-12 22:21:00,89.5
2025-06-12 03:33:00,89.5
2025-06-12 11:49:00,1.7
2025-06-12 20:51:00,75.3
2025-06-12 05:28:00,3.1
2025-06-12 16:34:00,25.2
2025-06-12 02:46:00,52.8
2025-06-12 23:01:00,49.742524640779
2025-06-12 05:04:00,42.0
2025-06-12 01:34:00,62.3
2025-06-12 14:39:00,69.2
2025-06-12 04:54:00,36.3
2025-06-12 13:38:00,47.4
2025-06-12 01:02:00,49.742524640779
2025-06-12 18:46:00,23.4
2025-06-12 16:35:00,59.1
2025-06-12 21:52:00,40.1
2025-06-12 22:37:00,49.742524640779
2025-06-12 19:36:00,1.1
2025-06-12 15:53:00,96.6
2025-06-12 08:46:00,56.4
2025-06-12 06:45:00,68.2
2025-06-12 00:41:00,53.9
2025-06-12 13:33:00,49.742524640779
2025-06-12 04:42:00,49.742524640779
2025-06-12 03:58:00,3.3
2025-06-12 19:40:00,1.0
2025-06-12 17:55:00,17.3
2025-06-12 23:25:00,49.742524640779
2025-06-12 08:11:00,57.3
2025-06-12 21:20:00,49.742524640779
2025-06-12 17:22:00,92.3
2025-06-12 22:14:00,5.0
2025-06-12 18:00:00,71.6
2025-06-12 15:29:00,29.4
2025-06-12 22:46:00,62.5
2025-06-12 15:35:00,8.8
2025-06-12 06:32:00,56.0
2025-06-12 14:12:00,90.0
2025-06-12 02:44:00,52.8
2025-06-12 16:36:00,37.9
2025-06-12 03:37:00,6.6
2025-06-12 09:47:00,48.0
2025-06-12 12:06:00,85.5
2025-06-12 08:41:00,30.3
2025-06-12 19:31:00,26.4
2025-06-12 18:12:00,49.742524640779
2025-06-12 05:43:00,49.742524640779
2025-06-12 17:49:00,49.0
2025-06-12 13:50:00,49.742524640779
2025-06-12 16:06:00,46.9
2025-06-12 21:04:00,67.9
2025-06-12 13:16:00,20.0
2025-06-12 17:27:00,53.0
2025-06-12 00:12:00,98.2
2025-06-12 13:22:00,71.7
2025-06-12 20:49:00,38.7
2025-06-12 15:31:00,70.0
2025-06-12 01:26:00,22.7
2025-06-12 06:40:00,61.1
2025-06-12 07:43:00,83.8
2025-06-12 08:56:00,41.0
2025-06-12 12:57:00,65.4
2025-06-12 20:08:00,76.2
2025-06-12 07:23:00,49.742524640779
2025-06-12 08:23:00,72.4
2025-06-12 03:14:00,24.5
2025-06-12 04:43:00,49.742524640779
2025-06-12 16:13:00,62.1
2025-06-12 01:22:00,88.6
2025-06-12 01:59:00,49.742524640779
2025-06-12 23:13:00,15.6
2025-06-12 20:31:00,11.9
2025-06-12 15:23:00,10.4
2025-06-12 02:58:00,7.6
2025-06-12 13:55:00,40.2
2025-06-12 11:34:00,49.742524640779
2025-06-12 05:57:00,68.9
2025-06-12 22:24:00,93.2
2025-06-12 02:39:00,60.7
2025-06-12 03:59:00,6.5
2025-06-12 12:12:00,74.4
2025-06-12 09:00:00,50.1
2025-06-12 19:00:00,49.742524640779
2025-06-12 18:17:00,7.2
2025-06-12 16:52:00,6.7
2025-06-12 00:19:00,96.6
2025-06-12 17:52:00,64.7
2025-06-12 01:28:00,97.8
2025-06-12 17:42:00,0.0
2025-06-12 19:57:00,13.2
2025-06-12 18:48:00,95.7
2025-06-12 18:20:00,50.09606761356967
2025-06-12 09:31:00,5.9
2025-06-12 11:35:00,50.09606761356967
2025-06-12 06:50:00,44.9
2025-06-12 15:28:00,77.9
2025-06-12 03:12:00,50.09606761356967
2025-06-12 09:00:00,47.7
2025-06-12 05:31:00,42.1
2025-06-12 20:11:00,21.5
2025-06-12 03:21:00,75.7
2025-06-12 06:02:00,1.8
2025-06-12 11:11:00,70.0
2025-06-12 08:41:00,70.6
2025-06-12 23:17:00,45.2
2025-06-12 21:38:00,19.9
2025-06-12 13:09:00,50.09606761356967
2025-06-12 12:36:00,50.09606761356967
2025-06-12 16:09:00,84.1
2025-06-12 12:29:00,17.0
2025-06-12 13:32:00,53.3
2025-06-12 08:08:00,59.5
2025-06-12 10:24:00,32.5
2025-06-12 01:20:00,42.6
2025-06-12 02:43:00,57.6
2025-06-12 15:38:00,42.5
2025-06-12 15:36:00,59.7
2025-06-12 10:04:00,38.0
2025-06-12 17:38:00,35.5
2025-06-12 16:39:00,70.6
2025-06-12 08:55:00,69.7
2025-06-12 15:41:00,70.6
2025-06-12 02:59:00,50.09606761356967
2025-06-12 23:22:00,3.7
2025-06-12 16:02:00,66.5
2025-06-12 09:15:00,49.9
2025-06-12 07:35:00,94.8
2025-06-12 03:51:00,60.8
2025-06-12 07:47:00,9.7
2025-06-12 21:14:00,50.09606761356967
2025-06-12 07:06:00,33.6
2025-06-12 23:41:00,80.7
2025-06-12 15:10:00,11.6
2025-06-12 11:49:00,86.0
2025-06-12 11:50:00,10.3
2025-06-12 16:06:00,29.6
2025-06-12 04:24:00,50.09606761356967
2025-06-12 00:23:00,34.5
2025-06-12 21:44:00,70.6
2025-06-12 20:52:00,64.7
2025-06-12 09:18:00,56.0
2025-06-12 07:04:00,7.5
2025-06-12 08:43:00,32.6
2025-06-12 22:52:00,38.0
2025-06-12 23:31:00,13.6
2025-06-12 14:46:00,31.7
2025-06-12 02:18:00,34.2
2025-06-12 12:05:00,17.9
2025-06-12 10:45:00,48.6
2025-06-12 00:31:00,50.09606761356967
2025-06-12 11:18:00,94.2
2025-06-12 21:42:00,38.4
2025-06-12 15:52:00,73.4
2025-06-12 18:18:00,74.9
2025-06-12 05:34:00,53.3
2025-06-12 00:16:00,34.7
2025-06-12 16:41:00,6.1
2025-06-12 06:48:00,83.0
2025-06-12 19:37:00,57.5
2025-06-12 01:34:00,29.2
2025-06-12 14:22:00,3.5
2025-06-12 08:49:00,21.9
2025-06-12 23:42:00,68.0
2025-06-12 17:17:00,18.7
2025-06-12 18:50:00,48.5
2025-06-12 05:23:00,94.3
2025-06-12 22:12:00,55.4
2025-06-12 20:16:00,50.09606761356967
2025-06-12 06:07:00,24.6
2025-06-12 13:00:00,29.0
2025-06-12 05:42:00,50.09606761356967
2025-06-12 09:49:00,99.0
2025-06-12 10:47:00,96.4
2025-06-12 05:18:00,47.6
2025-06-12 09:52:00,2.8
2025-06-12 03:15:00,91.5
2025-06-12 21:53:00,17.2
2025-06-12 10:48:00,19.2
2025-06-12 07:02:00,50.09606761356967
2025-06-12 05:48:00,37.6
2025-06-12 03:33:00,79.9
2025-06-12 14:55:00,13.1
2025-06-12 19:27:00,92.8
2025-06-12 10:57:00,80.2
2025-06-12 02:06:00,72.1
2025-06-12 23:55:00,97.2
2025-06-12 23:46:00,51.6
2025-06-12 17:59:00,50.09606761356967
2025-06-12 23:33:00,26.3
2025-06-12 00:46:00,50.09606761356967
2025-06-12 07:09:00,47.7
2025-06-12 16:46:00,60.6
2025-06-12 17:13:00,41.6
2025-06-12 20:43:00,19.0
2025-06-12 01:56:00,56.8
2025-06-12 21:04:00,26.1
2025-06-12 01:47:00,81.7
2025-06-12 07:53:00,24.3
2025-06-12 00:18:00,69.4
2025-06-12 00:24:00,85.0
2025-06-12 04:11:00,53.4
2025-06-12 15:18:00,32.9
2025-06-12 17:23:00,6.8
2025-06-12 18:23:00,59.7
2025-06-12 17:34:00,88.7
2025-06-12 17:31:00,70.9
2025-06-12 12:08:00,46.3
2025-06-12 15:34:00,68.7
2025-06-12 09:06:00,50.09606761356967
2025-06-12 03:22:00,3.1
2025-06-12 10:42:00,50.09606761356967
2025-06-12 04:03:00,57.4
2025-06-12 00:11:00,37.8
2025-06-12 05:17:00,50.09606761356967
2025-06-12 22:49:00,43.7
2025-06-12 19:35:00,5.0
2025-06-12 21:41:00,9.2
2025-06-12 02:46:00,38.9
2025-06-12 01:51:00,61.8
2025-06-12 13:03:00,23.7
2025-06-12 00:04:00,50.09606761356967
2025-06-12 14:18:00,26.6
2025-06-12 19:33:00,47.3
2025-06-12 04:27:00,50.09606761356967
2025-06-12 13:31:00,5.6
2025-06-12 09:10:00,63.6
2025-06-12 15:15:00,69.5
2025-06-12 19:17:00,50.09606761356967
2025-06-12 02:39:00,31.8
2025-06-12 14:43:00,6.0
2025-06-12 12:48:00,50.09606761356967
2025-06-12 19:40:00,79.5
2025-06-12 20:34:00,21.3
2025-06-12 12:24:00,70.7
2025-06-12 18:59:00,50.09606761356967
2025-06-12 10:46:00,71.8
2025-06-12 16:05:00,33.1
2025-06-12 17:00:00,14.8
2025-06-12 13:44:00,51.3
2025-06-12 19:51:00,54.5
2025-06-12 02:02:00,17.0
2025-06-12 19:11:00,27.3
2025-06-12 09:32:00,91.0
2025-06-12 01:19:00,77.8
2025-06-12 21:16:00,57.9
2025-06-12 19:14:00,63.6
2025-06-12 02:47:00,12.6
2025-06-12 00:33:00,24.5
2025-06-12 19:28:00,26.2
2025-06-12 06:49:00,50.09606761356967
2025-06-12 01:06:00,83.3
2025-06-12 10:30:00,44.9
2025-06-12 14:29:00,50.09606761356967
2025-06-12 22:50:00,69.2
2025-06-12 11:39:00,8.8
2025-06-12 04:43:00,35.2
2025-06-12 17:53:00,77.9
2025-06-12 19:31:00,59.4
2025-06-12 12:20:00,85.8
2025-06-12 07:48:00,30.0
2025-06-12 18:33:00,50.09606761356967
2025-06-12 09:21:00,96.6
2025-06-12 11:34:00,57.2
2025-06-12 23:11:00,29.4
2025-06-12 08:26:00,2.0
2025-06-12 04:48:00,18.8
2025-06-12 14:24:00,12.8
2025-06-12 17:06:00,80.8
2025-06-12 20:09:00,34.7
2025-06-12 21:35:00,31.1
2025-06-12 13:49:00,83.3
2025-06-12 20:55:00,24.7
2025-06-12 22:39:00,63.4
2025-06-12 21:43:00,59.8
2025-06-12 08:34:00,13.1
2025-06-12 01:14:00,50.2
2025-06-12 06:30:00,82.9
2025-06-12 13:20:00,50.09606761356967
2025-06-12 21:55:00,17.4
2025-06-12 19:38:00,47.5
2025-06-12 03:23:00,50.09606761356967
2025-06-12 02:55:00,3.3
2025-06-12 10:31:00,84.8
2025-06-12 05:08:00,29.9
2025-06-12 14:41:00,3.5
2025-06-12 11:58:00,38.9
2025-06-12 06:34:00,56.1
2025-06-12 02:29:00,46.9
2025-06-12 09:53:00,37.5
2025-06-12 03:42:00,2.1
2025-06-12 02:58:00,59.4
2025-06-12 09:20:00,50.09606761356967
2025-06-12 10:58:00,50.09606761356967
2025-06-12 02:11:00,51.4
2025-06-12 05:52:00,29.3
2025-06-12 18:53:00,75.1
2025-06-12 04:25:00,98.8
2025-06-12 06:38:00,92.6
2025-06-12 07:58:00,50.09606761356967
2025-06-12 12:04:00,38.3
2025-06-12 12:07:00,50.09606761356967
2025-06-12 00:09:00,15.9
2025-06-12 04:39:00,43.2
2025-06-12 04:36:00,25.4
2025-06-12 02:54:00,71.8
2025-06-12 00:48:00,69.5
2025-06-12 11:57:00,72.7
2025-06-12 22:23:00,76.9
2025-06-12 17:22:00,26.4
2025-06-12 05:19:00,15.3
2025-06-12 00:45:00,5.6
2025-06-12 05:35:00,45.3
2025-06-12 23:47:00,1.5
2025-06-12 00:38:00,51.9
2025-06-12 17:47:00,33.7
2025-06-12 18:49:00,1.7
2025-06-12 14:30:00,14.5
2025-06-12 18:03:00,83.9
2025-06-12 10:29:00,2.4
2025-06-12 16:55:00,25.6
2025-06-12 16:49:00,50.09606761356967
2025-06-12 05:02:00,35.8
2025-06-12 22:08:00,50.09606761356967
2025-06-12 19:54:00,14.2
2025-06-12 05:28:00,75.9
2025-06-12 18:24:00,30.4
2025-06-12 20:06:00,24.3
2025-06-12 02:56:00,72.1
2025-06-12 19:34:00,62.5
2025-06-12 08:21:00,8.0
2025-06-12 19:02:00,40.9
2025-06-12 23:43:00,79.9
2025-06-12 06:21:00,50.09606761356967
2025-06-12 12:10:00,70.4
2025-06-12 23:15:00,25.3
2025-06-12 19:49:00,82.1
2025-06-12 03:55:00,3.4
2025-06-12 07:51:00,4.1
2025-06-12 00:41:00,50.09606761356967
2025-06-12 22:31:00,10.5
2025-06-12 14:07:00,50.09606761356967
2025-06-12 06:45:00,98.5
2025-06-12 23:02:00,85.3
2025-06-12 10:17:00,60.4
2025-06-12 00:34:00,51.4
2025-06-12 18:36:00,83.9
2025-06-12 02:36:00,38.8
2025-06-12 06:43:00,70.5
2025-06-12 21:09:00,97.4
2025-06-12 19:47:00,16.7
2025-06-12 06:31:00,2.2
2025-06-12 17:16:00,62.9
2025-06-12 21:56:00,60.2
2025-06-12 01:07:00,50.09606761356967
2025-06-12 09:16:00,57.8
2025-06-12 17:21:00,50.09606761356967
2025-06-12 20:42:00,80.2
2025-06-12 13:18:00,93.2
2025-06-12 07:39:00,50.09606761356967
2025-06-12 17:12:00,50.09606761356967
2025-06-12 05:33:00,78.6
2025-06-12 12:42:00,10.8
2025-06-12 14:06:00,50.09606761356967
2025-06-12 18:31:00,74.4
2025-06-12 15:08:00,25.5
2025-06-12 11:52:00,98.7
2025-06-12 18:11:00,50.09606761356967
2025-06-12 02:51:00,89.6
2025-06-12 15:17:00,92.7
2025-06-12 12:17:00,4.0
2025-06-12 16:53:00,50.09606761356967
2025-06-12 17:19:00,33.0
2025-06-12 16:48:00,78.2
2025-06-12 16:30:00,37.3
2025-06-12 01:01:00,92.6
2025-06-12 06:18:00,35.7
2025-06-12 18:48:00,33.3
2025-06-12 11:48:00,32.1
2025-06-12 22:32:00,17.7
2025-06-12 20:05:00,39.6
2025-06-12 16:26:00,6.3
2025-06-12 17:40:00,22.0
2025-06-12 09:42:00,10.1
2025-06-12 08:05:00,50.09606761356967
2025-06-12 15:04:00,11.1
2025-06-12 15:27:00,74.9
2025-06-12 08:39:00,49.952608030142464
2025-06-12 03:18:00,52.6
2025-06-12 01:15:00,83.6
2025-06-12 08:07:00,7.2
2025-06-12 09:25:00,22.0
2025-06-12 15:34:00,11.1
2025-06-12 13:16:00,91.6
2025-06-12 11:07:00,69.7
2025-06-12 19:58:00,24.3
2025-06-12 15:07:00,24.5
2025-06-12 15:29:00,60.7
2025-06-12 06:33:00,49.952608030142464
2025-06-12 15:50:00,49.952608030142464
2025-06-12 02:47:00,20.4
2025-06-12 12:32:00,98.3
2025-06-12 22:53:00,86.9
2025-06-12 09:15:00,42.9
2025-06-12 06:42:00,60.5
2025-06-12 02:01:00,76.6
2025-06-12 00:44:00,56.1
2025-06-12 09:11:00,20.9
2025-06-12 20:20:00,17.4
2025-06-12 13:21:00,49.952608030142464
2025-06-12 02:23:00,47.8
2025-06-12 07:25:00,49.952608030142464
2025-06-12 19:05:00,11.9
2025-06-12 16:25:00,66.8
2025-06-12 17:12:00,9.3
2025-06-12 03:11:00,42.1
2025-06-12 23:05:00,49.952608030142464
2025-06-12 13:04:00,65.9
2025-06-12 14:41:00,35.0
2025-06-12 15:06:00,95.5
2025-06-12 00:03:00,72.7
2025-06-12 20:02:00,60.8
2025-06-12 20:04:00,54.7
2025-06-12 14:22:00,49.952608030142464
2025-06-12 05:44:00,10.0
2025-06-12 09:46:00,27.4
2025-06-12 09:52:00,67.6
2025-06-12 05:58:00,86.9
2025-06-12 18:42:00,49.952608030142464
2025-06-12 12:39:00,19.2
2025-06-12 12:20:00,51.9
2025-06-12 03:23:00,39.9
2025-06-12 22:03:00,99.1
2025-06-12 05:14:00,49.952608030142464
2025-06-12 20:46:00,16.7
2025-06-12 07:31:00,49.952608030142464
2025-06-12 18:20:00,22.7
2025-06-12 05:17:00,52.2
2025-06-12 12:22:00,49.952608030142464
2025-06-12 11:21:00,49.952608030142464
2025-06-12 18:13:00,62.9
2025-06-12 17:50:00,14.5
2025-06-12 12:49:00,60.3
2025-06-12 19:32:00,61.5
2025-06-12 05:43:00,56.2
2025-06-12 23:28:00,92.7
2025-06-12 23:44:00,75.2
2025-06-12 19:33:00,49.952608030142464
2025-06-12 10:19:00,8.8
2025-06-12 10:56:00,59.8
2025-06-12 07:20:00,94.6
2025-06-12 04:46:00,66.2
2025-06-12 01:22:00,87.2
2025-06-12 09:30:00,5.8
2025-06-12 10:38:00,47.1
2025-06-12 06:31:00,15.1
2025-06-12 19:44:00,22.7
2025-06-12 07:02:00,15.9
2025-06-12 22:19:00,34.8
2025-06-12 08:05:00,69.0
2025-06-12 03:42:00,36.5
2025-06-12 12:45:00,51.3
2025-06-12 07:23:00,91.4
2025-06-12 22:37:00,33.9
2025-06-12 11:31:00,30.0
2025-06-12 06:59:00,10.1
2025-06-12 16:33:00,27.3
2025-06-12 01:40:00,12.7
2025-06-12 18:34:00,81.8
2025-06-12 04:36:00,60.3
2025-06-12 19:00:00,46.0
2025-06-12 13:57:00,59.3
2025-06-12 02:26:00,30.0
2025-06-12 08:56:00,85.3
2025-06-12 10:57:00,65.9
2025-06-12 03:53:00,62.2
2025-06-12 18:55:00,49.952608030142464
2025-06-12 00:04:00,55.3
2025-06-12 16:46:00,24.7
2025-06-12 07:01:00,79.3
2025-06-12 18:15:00,62.2
2025-06-12 08:24:00,17.5
2025-06-12 00:38:00,29.3
2025-06-12 14:01:00,63.3
2025-06-12 10:40:00,26.6
2025-06-12 05:41:00,81.6
2025-06-12 08:13:00,55.9
2025-06-12 06:57:00,95.9
2025-06-12 02:07:00,16.9
2025-06-12 21:24:00,78.1
2025-06-12 13:37:00,32.5
2025-06-12 19:36:00,9.6
2025-06-12 22:20:00,13.8
2025-06-12 15:24:00,49.952608030142464
2025-06-12 09:10:00,87.9
2025-06-12 04:27:00,39.5
2025-06-12 18:36:00,94.1
2025-06-12 14:21:00,62.8
2025-06-12 05:53:00,92.5
2025-06-12 22:47:00,8.5
2025-06-12 14:12:00,77.3
2025-06-12 10:41:00,49.952608030142464
2025-06-12 21:13:00,48.5
2025-06-12 22:46:00,55.5
2025-06-12 19:31:00,76.2
2025-06-12 15:21:00,22.1
2025-06-12 04:26:00,86.0
2025-06-12 09:20:00,54.5
2025-06-12 23:13:00,19.3
2025-06-12 20:47:00,30.5
2025-06-12 09:43:00,24.2
2025-06-12 19:04:00,19.2
2025-06-12 02:36:00,67.2
2025-06-12 08:00:00,85.1
2025-06-12 01:13:00,83.0
2025-06-12 08:51:00,47.0
2025-06-12 10:29:00,26.0
2025-06-12 14:46:00,49.952608030142464
2025-06-12 04:03:00,76.6
2025-06-12 17:00:00,49.952608030142464
2025-06-12 22:27:00,54.7
2025-06-12 03:57:00,31.0
2025-06-12 15:15:00,23.2
2025-06-12 11:34:00,54.5
2025-06-12 02:03:00,20.2
2025-06-12 00:24:00,86.2
2025-06-12 07:00:00,13.0
2025-06-12 08:42:00,49.952608030142464
2025-06-12 02:16:00,9.6
2025-06-12 05:39:00,13.8
2025-06-12 22:42:00,41.6
2025-06-12 18:22:00,88.3
2025-06-12 14:25:00,55.2
2025-06-12 01:18:00,10.6
2025-06-12 04:57:00,92.2
2025-06-12 08:25:00,24.7
2025-06-12 22:59:00,84.6
2025-06-12 05:47:00,7.3
2025-06-12 03:43:00,71.9
2025-06-12 01:02:00,32.1
2025-06-12 23:29:00,32.8
2025-06-12 19:55:00,79.2
2025-06-12 06:18:00,36.4
2025-06-12 17:27:00,96.9
2025-06-12 18:49:00,23.5
2025-06-12 01:36:00,66.1
2025-06-12 15:00:00,15.7
2025-06-12 22:14:00,65.3
2025-06-12 17:54:00,51.9
2025-06-12 18:03:00,68.3
2025-06-12 13:54:00,84.6
2025-06-12 17:35:00,57.9
2025-06-12 17:56:00,15.1
2025-06-12 09:19:00,89.9
2025-06-12 18:08:00,0.9
2025-06-12 18:23:00,3.6
2025-06-12 06:03:00,27.9
2025-06-12 04:50:00,92.1
2025-06-12 19:46:00,1.5
2025-06-12 01:31:00,9.7
2025-06-12 14:17:00,49.952608030142464
2025-06-12 22:40:00,38.0
2025-06-12 04:59:00,69.6
2025-06-12 10:33:00,50.7
2025-06-12 02:45:00,79.3
2025-06-12 04:09:00,93.0
2025-06-12 18:28:00,85.0
2025-06-12 04:30:00,91.7
2025-06-12 20:56:00,82.8
2025-06-12 04:40:00,59.7
2025-06-12 22:45:00,49.952608030142464
2025-06-12 18:46:00,35.0
2025-06-12 18:37:00,58.3
2025-06-12 15:36:00,49.952608030142464
2025-06-12 21:54:00,27.3
2025-06-12 15:14:00,95.1
2025-06-12 09:57:00,83.7
2025-06-12 03:00:00,49.952608030142464
2025-06-12 00:29:00,49.952608030142464
2025-06-12 04:51:00,17.1
2025-06-12 11:44:00,69.0
2025-06-12 11:18:00,58.4
2025-06-12 03:25:00,42.2
2025-06-12 07:41:00,94.8
2025-06-12 22:28:00,66.8
2025-06-12 02:11:00,49.952608030142464
2025-06-12 21:05:00,0.6
2025-06-12 20:36:00,88.9
2025-06-12 17:39:00,87.2
2025-06-12 02:54:00,70.2
2025-06-12 16:29:00,49.952608030142464
2025-06-12 00:58:00,49.952608030142464
2025-06-12 02:08:00,85.1
2025-06-12 19:03:00,48.6
2025-06-12 11:58:00,49.952608030142464
2025-06-12 02:24:00,77.3
2025-06-12 18:59:00,34.5
2025-06-12 15:03:00,88.3
2025-06-12 22:57:00,76.2
2025-06-12 00:05:00,49.952608030142464
2025-06-12 15:44:00,35.7
2025-06-12 11:20:00,25.2
2025-06-12 18:53:00,27.9
2025-06-12 19:47:00,34.1
2025-06-12 12:51:00,27.8
2025-06-12 02:04:00,49.952608030142464
2025-06-12 08:52:00,99.3
2025-06-12 18:27:00,5.0
2025-06-12 22:16:00,49.952608030142464
2025-06-12 20:52:00,49.952608030142464
2025-06-12 01:09:00,87.0
2025-06-12 16:54:00,50.8
2025-06-12 18:39:00,21.5
2025-06-12 22:33:00,42.4
2025-06-12 04:14:00,27.9
2025-06-12 17:01:00,49.952608030142464
2025-06-12 10:05:00,38.2
2025-06-12 19:43:00,49.952608030142464
2025-06-12 02:12:00,4.7
2025-06-12 02:41:00,49.952608030142464
2025-06-12 21:38:00,49.952608030142464
2025-06-12 11:47:00,49.952608030142464
2025-06-12 21:57:00,22.1
2025-06-12 21:09:00,15.5
2025-06-12 08:17:00,6.9
2025-06-12 13:51:00,34.8
2025-06-12 10:32:00,84.7
2025-06-12 16:53:00,95.5
2025-06-12 02:37:00,79.5
2025-06-12 01:30:00,70.2
2025-06-12 15:02:00,0.7
2025-06-12 07:28:00,5.4
2025-06-12 20:35:00,9.6
2025-06-12 05:26:00,10.3
2025-06-12 05:31:00,12.0
2025-06-12 16:07:00,77.6
2025-06-12 04:48:00,10.5
2025-06-12 09:05:00,76.1
2025-06-12 16:24:00,49.952608030142464
2025-06-12 18:56:00,27.2
2025-06-12 10:39:00,85.9
2025-06-12 15:35:00,24.9
2025-06-12 21:25:00,85.1
2025-06-12 00:16:00,5.9
2025-06-12 12:30:00,45.7
2025-06-12 20:19:00,88.0
2025-06-12 12:13:00,49.952608030142464
2025-06-12 17:51:00,84.3
2025-06-12 18:07:00,21.5
2025-06-12 18:48:00,14.2
2025-06-12 20:33:00,3.7
2025-06-12 06:56:00,79.6
2025-06-12 08:22:00,18.7
2025-06-12 02:48:00,20.6
2025-06-12 03:32:00,28.4
2025-06-12 21:18:00,49.952608030142464
2025-06-12 08:14:00,12.2
2025-06-12 03:07:00,47.7
2025-06-12 14:08:00,77.6
2025-06-12 03:52:00,28.1
2025-06-12 03:10:00,61.4
2025-06-12 00:07:00,82.0
2025-06-12 15:39:00,32.9
2025-06-12 09:37:00,97.9
2025-06-12 18:13:00,29.2
2025-06-12 06:41:00,50.21640523646657
2025-06-12 21:30:00,27.3
2025-06-12 16:21:00,50.21640523646657
2025-06-12 17:38:00,50.21640523646657
2025-06-12 17:00:00,40.3
2025-06-12 02:53:00,93.0
2025-06-12 14:21:00,82.4
2025-06-12 05:45:00,29.4
2025-06-12 18:41:00,59.0
2025-06-12 02:41:00,8.2
2025-06-12 19:55:00,64.1
2025-06-12 00:51:00,93.0
2025-06-12 06:36:00,90.5
2025-06-12 21:20:00,26.0
2025-06-12 15:23:00,76.1
2025-06-12 16:55:00,78.8
2025-06-12 21:42:00,69.5
2025-06-12 15:24:00,18.9
2025-06-12 00:19:00,38.3
2025-06-12 15:47:00,7.8
2025-06-12 13:26:00,55.6
2025-06-12 22:17:00,66.5
2025-06-12 04:26:00,18.8
2025-06-12 00:22:00,91.0
2025-06-12 18:10:00,93.6
2025-06-12 22:14:00,50.21640523646657
2025-06-12 15:50:00,50.21640523646657
2025-06-12 21:34:00,92.1
2025-06-12 21:37:00,97.7
2025-06-12 01:38:00,1.4
2025-06-12 01:51:00,36.8
2025-06-12 18:21:00,16.4
2025-06-12 04:32:00,50.21640523646657
2025-06-12 21:55:00,82.9
2025-06-12 04:27:00,76.5
2025-06-12 00:58:00,34.2
2025-06-12 20:08:00,94.4
2025-06-12 20:11:00,50.21640523646657
2025-06-12 10:52:00,80.4
2025-06-12 09:55:00,50.21640523646657
2025-06-12 03:00:00,97.9
2025-06-12 13:29:00,86.4
2025-06-12 00:38:00,76.4
2025-06-12 10:04:00,50.21640523646657
2025-06-12 23:37:00,99.2
2025-06-12 18:39:00,68.1
2025-06-12 20:52:00,4.6
2025-06-12 02:12:00,36.9
2025-06-12 14:03:00,50.21640523646657
2025-06-12 11:03:00,77.8
2025-06-12 08:17:00,11.2
2025-06-12 19:42:00,91.1
2025-06-12 14:37:00,9.6
2025-06-12 13:35:00,50.21640523646657
2025-06-12 06:20:00,26.5
2025-06-12 23:09:00,44.6
2025-06-12 05:23:00,34.4
2025-06-12 03:08:00,36.1
2025-06-12 11:11:00,50.21640523646657
2025-06-12 23:30:00,40.3
2025-06-12 07:41:00,19.0
2025-06-12 15:38:00,52.7
2025-06-12 00:31:00,66.7
2025-06-12 14:33:00,83.1
2025-06-12 03:07:00,16.8
2025-06-12 12:40:00,41.1
2025-06-12 12:20:00,50.21640523646657
2025-06-12 22:13:00,17.1
2025-06-12 08:07:00,55.2
2025-06-12 14:25:00,9.4
2025-06-12 03:19:00,50.21640523646657
2025-06-12 01:02:00,50.21640523646657
2025-06-12 01:10:00,26.8
2025-06-12 11:36:00,50.21640523646657
2025-06-12 23:16:00,70.2
2025-06-12 23:32:00,60.0
2025-06-12 00:03:00,64.0
2025-06-12 00:27:00,31.5
2025-06-12 06:08:00,75.9
2025-06-12 22:53:00,71.5
2025-06-12 09:42:00,92.7
2025-06-12 10:29:00,35.2
2025-06-12 08:24:00,40.8
2025-06-12 22:18:00,46.6
2025-06-12 05:12:00,81.1
2025-06-12 03:14:00,75.1
2025-06-12 23:17:00,50.21640523646657
2025-06-12 21:41:00,50.21640523646657
2025-06-12 11:58:00,50.21640523646657
2025-06-12 19:00:00,54.8
2025-06-12 11:12:00,30.2
2025-06-12 13:36:00,18.8
2025-06-12 18:12:00,13.4
2025-06-12 03:39:00,50.21640523646657
2025-06-12 12:21:00,51.6
2025-06-12 06:59:00,11.9
2025-06-12 06:21:00,30.9
2025-06-12 03:18:00,97.4
2025-06-12 17:18:00,81.8
2025-06-12 19:16:00,70.3
2025-06-12 21:24:00,98.3
2025-06-12 22:51:00,24.6
2025-06-12 10:55:00,30.8
2025-06-12 19:03:00,57.0
2025-06-12 02:03:00,40.0
2025-06-12 16:41:00,30.6
2025-06-12 01:20:00,21.5
2025-06-12 05:14:00,90.3
2025-06-12 13:12:00,23.5
2025-06-12 19:39:00,72.9
2025-06-12 06:28:00,50.21640523646657
2025-06-12 15:54:00,44.3
2025-06-12 16:17:00,60.4
2025-06-12 19:23:00,0.1
2025-06-12 19:25:00,28.9
2025-06-12 16:43:00,50.21640523646657
2025-06-12 11:49:00,36.1
2025-06-12 09:50:00,50.21640523646657
2025-06-12 00:33:00,68.0
2025-06-12 05:09:00,50.21640523646657
2025-06-12 16:48:00,36.0
2025-06-12 18:52:00,97.5
2025-06-12 08:28:00,76.1
2025-06-12 08:09:00,14.6
2025-06-12 11:13:00,10.1
2025-06-12 13:51:00,11.9
2025-06-12 16:53:00,91.6
2025-06-12 01:59:00,56.1
2025-06-12 03:09:00,67.4
2025-06-12 07:36:00,50.21640523646657
2025-06-12 14:12:00,47.6
2025-06-12 11:33:00,12.8
2025-06-12 07:01:00,50.21640523646657
2025-06-12 17:01:00,84.1
2025-06-12 00:05:00,50.21640523646657
2025-06-12 20:21:00,81.4
2025-06-12 08:46:00,94.7
2025-06-12 10:36:00,50.21640523646657
2025-06-12 04:52:00,50.21640523646657
2025-06-12 14:48:00,71.5
2025-06-12 02:17:00,89.6
2025-06-12 16:37:00,51.8
2025-06-12 12:54:00,63.7
2025-06-12 12:04:00,50.21640523646657
2025-06-12 06:46:00,82.2
2025-06-12 13:33:00,59.0
2025-06-12 21:48:00,33.4
2025-06-12 16:27:00,76.2
2025-06-12 03:41:00,27.6
2025-06-12 17:09:00,88.9
2025-06-12 21:18:00,37.4
2025-06-12 16:22:00,61.0
2025-06-12 06:56:00,40.9
2025-06-12 00:30:00,2.6
2025-06-12 14:36:00,82.3
2025-06-12 23:36:00,79.7
2025-06-12 21:16:00,26.5
2025-06-12 08:58:00,50.21640523646657
2025-06-12 22:41:00,58.8
2025-06-12 07:07:00,60.3
2025-06-12 19:11:00,65.2
2025-06-12 06:13:00,50.21640523646657
2025-06-12 03:13:00,24.0
2025-06-12 16:26:00,67.6
2025-06-12 17:46:00,9.4
2025-06-12 04:17:00,22.8
2025-06-12 01:21:00,45.0
2025-06-12 11:07:00,2.1
2025-06-12 01:45:00,42.1
2025-06-12 07:48:00,7.3
2025-06-12 01:32:00,50.21640523646657
2025-06-12 20:31:00,17.7
2025-06-12 05:32:00,13.6
2025-06-12 15:44:00,50.6
2025-06-12 23:27:00,62.6
2025-06-12 09:03:00,97.6
2025-06-12 21:44:00,75.4
2025-06-12 05:44:00,83.1
2025-06-12 02:02:00,96.9
2025-06-12 22:26:00,6.0
2025-06-12 17:58:00,5.8
2025-06-12 03:55:00,24.5
2025-06-12 10:47:00,50.21640523646657
2025-06-12 17:45:00,50.21640523646657
2025-06-12 19:50:00,50.21640523646657
2025-06-12 04:11:00,87.0
2025-06-12 19:35:00,64.1
2025-06-12 09:14:00,38.3
2025-06-12 06:57:00,46.0
2025-06-12 12:24:00,3.6
2025-06-12 05:58:00,24.2
2025-06-12 02:00:00,34.7
2025-06-12 21:52:00,48.9
2025-06-12 15:22:00,72.1
2025-06-12 19:45:00,16.0
2025-06-12 07:57:00,64.3
2025-06-12 08:05:00,78.1
2025-06-12 09:01:00,50.21640523646657
2025-06-12 12:46:00,54.4
2025-06-12 15:30:00,11.4
2025-06-12 18:08:00,85.2
2025-06-12 01:37:00,46.6
2025-06-12 03:35:00,60.1
2025-06-12 09:02:00,18.6
2025-06-12 01:35:00,70.8
2025-06-12 02:52:00,5.4
2025-06-12 23:19:00,31.5
2025-06-12 20:59:00,58.1
2025-06-12 19:36:00,42.8
2025-06-12 01:07:00,46.9
2025-06-12 17:24:00,3.7
2025-06-12 10:31:00,9.8
2025-06-12 05:02:00,98.3
2025-06-12 21:49:00,12.0
2025-06-12 15:29:00,81.3
2025-06-12 03:24:00,97.6
2025-06-12 07:16:00,22.4
2025-06-12 14:34:00,31.6
2025-06-12 19:01:00,50.21640523646657
2025-06-12 21:21:00,76.2
2025-06-12 15:10:00,4.5
2025-06-12 15:59:00,63.9
2025-06-12 13:19:00,41.1
2025-06-12 13:41:00,40.1
2025-06-12 07:09:00,50.21640523646657
2025-06-12 03:56:00,90.4
2025-06-12 02:45:00,99.2
2025-06-12 07:46:00,50.21640523646657
2025-06-12 08:29:00,50.21640523646657
2025-06-12 23:08:00,78.6
2025-06-12 16:09:00,85.4
2025-06-12 11:16:00,32.4
2025-06-12 04:48:00,50.21640523646657
2025-06-12 09:48:00,28.0
2025-06-12 03:21:00,55.7
2025-06-12 04:25:00,50.21640523646657
2025-06-12 07:03:00,93.4
2025-06-12 21:22:00,86.8
2025-06-12 09:13:00,96.3
2025-06-12 16:56:00,30.3
2025-06-12 21:59:00,19.1
2025-06-12 22:09:00,50.21640523646657
2025-06-12 22:23:00,77.9
2025-06-12 12:06:00,50.21640523646657
2025-06-12 07:28:00,25.0
2025-06-12 13:52:00,80.2
2025-06-12 00:52:00,32.2
2025-06-12 22:42:00,54.1
2025-06-12 17:20:00,3.4
2025-06-12 17:56:00,51.7
2025-06-12 08:12:00,50.21640523646657
2025-06-12 21:15:00,91.0
2025-06-12 09:52:00,19.6
2025-06-12 23:41:00,50.9
2025-06-12 05:10:00,87.8
2025-06-12 00:44:00,50.21640523646657
2025-06-12 12:48:00,60.1
2025-06-12 11:56:00,34.5
2025-06-12 12:01:00,70.1
2025-06-12 20:51:00,54.3
2025-06-12 08:59:00,61.1
2025-06-12 20:46:00,71.7
2025-06-12 14:13:00,46.5
2025-06-12 17:22:00,92.7
2025-06-12 09:33:00,81.4
2025-06-12 17:53:00,76.0
2025-06-12 17:39:00,92.6
2025-06-12 20:24:00,40.5
2025-06-12 19:59:00,79.2
2025-06-12 23:42:00,45.0
2025-06-12 18:16:00,17.0
2025-06-12 01:52:00,42.6
2025-06-12 10:23:00,42.7
2025-06-12 06:23:00,21.0
2025-06-12 06:12:00,56.1
2025-06-12 19:51:00,50.21640523646657
2025-06-12 22:44:00,50.21640523646657
2025-06-12 04:33:00,46.2
2025-06-12 18:47:00,91.5
2025-06-12 23:52:00,34.9
2025-06-12 00:35:00,90.2
2025-06-12 16:24:00,28.1
2025-06-12 02:56:00,22.1
2025-06-12 01:47:00,13.3
2025-06-12 01:26:00,92.2
2025-06-12 10:01:00,66.6
2025-06-12 18:56:00,4.9
2025-06-12 18:38:00,62.5
2025-06-12 10:11:00,39.0
2025-06-12 13:39:00,50.21640523646657
2025-06-12 00:40:00,14.7
2025-06-12 15:27:00,56.6
2025-06-12 22:00:00,66.8
2025-06-12 09:36:00,92.5
2025-06-12 02:40:00,22.3
2025-06-12 06:49:00,61.0
2025-06-12 11:17:00,59.7
2025-06-12 23:18:00,32.0
2025-06-12 18:42:00,3.4
2025-06-12 09:45:00,63.7
2025-06-12 21:31:00,8.0
2025-06-12 02:22:00,90.9
2025-06-12 15:16:00,49.70408187272085
2025-06-12 21:16:00,98.2
2025-06-12 14:06:00,93.2
2025-06-12 08:28:00,77.3
2025-06-12 04:54:00,31.3
2025-06-12 02:49:00,19.7
2025-06-12 02:08:00,49.70408187272085
2025-06-12 00:32:00,22.6
2025-06-12 04:47:00,80.3
2025-06-12 13:18:00,44.9
2025-06-12 15:06:00,79.1
2025-06-12 04:15:00,66.0
2025-06-12 23:13:00,72.8
2025-06-12 05:30:00,94.4
2025-06-12 13:56:00,80.3
2025-06-12 17:18:00,57.9
2025-06-12 10:58:00,56.4
2025-06-12 06:52:00,49.70408187272085
2025-06-12 16:32:00,49.9
2025-06-12 22:23:00,97.5
2025-06-12 19:41:00,55.6
2025-06-12 21:41:00,49.70408187272085
2025-06-12 10:55:00,3.9
2025-06-12 14:40:00,46.0
2025-06-12 18:35:00,8.8
2025-06-12 14:10:00,77.6
2025-06-12 20:28:00,58.3
2025-06-12 11:02:00,72.7
2025-06-12 03:31:00,64.3
2025-06-12 07:37:00,49.70408187272085
2025-06-12 23:02:00,10.4
2025-06-12 08:04:00,75.1
2025-06-12 10:51:00,70.3
2025-06-12 21:18:00,9.5
2025-06-12 15:48:00,60.5
2025-06-12 10:26:00,49.70408187272085
2025-06-12 19:24:00,97.1
2025-06-12 20:58:00,49.70408187272085
2025-06-12 21:56:00,43.9
2025-06-12 20:21:00,32.1
2025-06-12 03:42:00,31.1
2025-06-12 15:10:00,29.0
2025-06-12 21:22:00,32.2
2025-06-12 03:06:00,49.70408187272085
2025-06-12 04:00:00,4.4
2025-06-12 08:37:00,20.5
2025-06-12 12:57:00,51.7
2025-06-12 19:53:00,24.5
2025-06-12 03:50:00,56.0
2025-06-12 04:56:00,9.8
2025-06-12 05:53:00,76.7
2025-06-12 19:29:00,49.3
2025-06-12 16:24:00,82.9
2025-06-12 09:39:00,92.2
2025-06-12 10:41:00,49.70408187272085
2025-06-12 05:19:00,46.1
2025-06-12 19:59:00,78.5
2025-06-12 14:12:00,49.70408187272085
2025-06-12 14:16:00,78.4
2025-06-12 02:40:00,49.70408187272085
2025-06-12 00:46:00,56.2
2025-06-12 22:31:00,96.1
2025-06-12 05:08:00,19.7
2025-06-12 04:01:00,14.7
2025-06-12 15:30:00,36.8
2025-06-12 02:38:00,55.1
2025-06-12 20:17:00,96.1
2025-06-12 02:59:00,86.0
2025-06-12 09:46:00,94.7
2025-06-12 14:22:00,46.8
2025-06-12 01:07:00,50.0
2025-06-12 00:37:00,49.70408187272085
2025-06-12 12:53:00,10.3
2025-06-12 23:46:00,47.9
2025-06-12 13:05:00,0.6
2025-06-12 18:19:00,35.1
2025-06-12 04:57:00,22.2
2025-06-12 04:31:00,42.4
2025-06-12 20:25:00,73.7
2025-06-12 23:05:00,89.1
2025-06-12 07:12:00,71.3
2025-06-12 03:20:00,43.0
2025-06-12 18:00:00,91.4
2025-06-12 22:17:00,58.8
2025-06-12 14:43:00,49.70408187272085
2025-06-12 23:40:00,26.7
2025-06-12 05:54:00,8.3
2025-06-12 03:24:00,64.3
2025-06-12 17:29:00,49.70408187272085
2025-06-12 12:54:00,64.8
2025-06-12 13:22:00,49.70408187272085
2025-06-12 21:49:00,64.6
2025-06-12 06:05:00,65.6
2025-06-12 03:29:00,49.70408187272085
2025-06-12 23:21:00,49.70408187272085
2025-06-12 05:05:00,81.4
2025-06-12 23:25:00,27.7
2025-06-12 13:52:00,35.1
2025-06-12 06:40:00,61.2
2025-06-12 21:51:00,56.7
2025-06-12 17:22:00,47.0
2025-06-12 13:36:00,31.3
2025-06-12 21:29:00,28.8
2025-06-12 20:36:00,48.0
2025-06-12 12:16:00,3.0
2025-06-12 21:08:00,78.2
2025-06-12 12:50:00,81.0
2025-06-12 14:27:00,97.6
2025-06-12 04:40:00,77.5
2025-06-12 13:33:00,54.3
2025-06-12 20:07:00,17.5
2025-06-12 16:37:00,72.9
2025-06-12 18:32:00,88.4
2025-06-12 20:13:00,49.70408187272085
2025-06-12 00:56:00,0.5
2025-06-12 07:39:00,35.1
2025-06-12 03:16:00,56.8
2025-06-12 12:10:00,90.3
2025-06-12 22:56:00,49.70408187272085
2025-06-12 03:47:00,49.70408187272085
2025-06-12 20:01:00,23.8
2025-06-12 19:13:00,87.9
2025-06-12 06:41:00,49.70408187272085
2025-06-12 03:26:00,67.9
2025-06-12 22:48:00,50.6
2025-06-12 15:32:00,61.3
2025-06-12 08:15:00,74.5
2025-06-12 21:54:00,19.6
2025-06-12 04:14:00,91.0
2025-06-12 21:58:00,49.70408187272085
2025-06-12 23:35:00,49.70408187272085
2025-06-12 20:16:00,12.5
2025-06-12 03:59:00,19.3
2025-06-12 08:26:00,49.70408187272085
2025-06-12 03:12:00,47.3
2025-06-12 14:11:00,61.5
2025-06-12 13:04:00,5.3
2025-06-12 22:33:00,50.6
2025-06-12 01:05:00,82.6
2025-06-12 09:04:00,66.8
2025-06-12 12:52:00,49.70408187272085
2025-06-12 18:16:00,47.9
2025-06-12 03:44:00,63.8
2025-06-12 13:35:00,34.9
2025-06-12 15:23:00,86.2
2025-06-12 15:27:00,41.1
2025-06-12 02:03:00,0.8
2025-06-12 07:09:00,56.8
2025-06-12 10:09:00,31.1
2025-06-12 10:18:00,50.3
2025-06-12 06:21:00,96.0
2025-06-12 19:23:00,43.7
2025-06-12 15:29:00,49.70408187272085
2025-06-12 00:45:00,49.70408187272085
2025-06-12 04:48:00,24.9
2025-06-12 07:44:00,9.7
2025-06-12 05:52:00,31.8
2025-06-12 23:14:00,2.6
2025-06-12 04:24:00,49.70408187272085
2025-06-12 05:18:00,54.7
2025-06-12 05:07:00,76.4
2025-06-12 03:37:00,49.6
2025-06-12 13:47:00,63.6
2025-06-12 18:36:00,67.8
2025-06-12 06:29:00,56.0
2025-06-12 04:06:00,91.1
2025-06-12 03:49:00,61.9
2025-06-12 17:36:00,18.7
2025-06-12 00:59:00,77.3
2025-06-12 11:20:00,58.7
2025-06-12 07:11:00,29.1
2025-06-12 06:04:00,56.9
2025-06-12 22:18:00,13.5
2025-06-12 22:26:00,24.6
2025-06-12 01:58:00,49.70408187272085
2025-06-12 03:51:00,34.0
2025-06-12 22:44:00,2.6
2025-06-12 23:52:00,20.7
2025-06-12 05:09:00,1.9
2025-06-12 12:44:00,82.4
2025-06-12 01:53:00,10.7
2025-06-12 04:23:00,49.70408187272085
2025-06-12 05:33:00,61.2
2025-06-12 13:14:00,3.2
2025-06-12 22:50:00,49.70408187272085
2025-06-12 06:23:00,90.1
2025-06-12 07:21:00,4.5
2025-06-12 11:15:00,49.70408187272085
2025-06-12 20:48:00,19.9
2025-06-12 19:43:00,49.70408187272085
2025-06-12 07:50:00,25.2
2025-06-12 17:39:00,27.3
2025-06-12 06:22:00,16.6
2025-06-12 17:21:00,39.7
2025-06-12 06:31:00,34.8
2025-06-12 08:57:00,87.2
2025-06-12 20:20:00,49.70408187272085
2025-06-12 14:58:00,37.2
2025-06-12 16:14:00,34.2
2025-06-12 09:07:00,6.8
2025-06-12 06:59:00,88.6
2025-06-12 01:45:00,49.70408187272085
2025-06-12 17:25:00,33.1
2025-06-12 06:12:00,49.70408187272085
2025-06-12 12:40:00,70.5
2025-06-12 17:17:00,85.6
2025-06-12 18:51:00,13.3
2025-06-12 08:29:00,49.70408187272085
2025-06-12 08:16:00,26.0
2025-06-12 18:38:00,8.8
2025-06-12 12:34:00,42.8
2025-06-12 11:57:00,73.4
2025-06-12 10:21:00,60.0
2025-06-12 01:20:00,28.4
2025-06-12 00:03:00,89.4
2025-06-12 03:35:00,76.9
2025-06-12 18:15:00,58.6
2025-06-12 20:59:00,59.1
2025-06-12 17:52:00,22.7
2025-06-12 18:47:00,7.3
2025-06-12 02:54:00,33.2
2025-06-12 17:04:00,28.8
2025-06-12 17:43:00,49.70408187272085
2025-06-12 23:36:00,64.3
2025-06-12 05:14:00,14.8
2025-06-12 00:12:00,35.8
2025-06-12 00:14:00,49.70408187272085
2025-06-12 01:50:00,18.1
2025-06-12 03:25:00,19.0
2025-06-12 15:55:00,6.2
2025-06-12 11:51:00,10.1
2025-06-12 13:17:00,47.4
2025-06-12 04:35:00,53.5
2025-06-12 01:48:00,83.2
2025-06-12 11:44:00,16.9
2025-06-12 22:38:00,2.4
2025-06-12 12:00:00,27.3
2025-06-12 06:03:00,75.6
2025-06-12 19:15:00,49.70408187272085
2025-06-12 01:10:00,49.70408187272085
2025-06-12 16:01:00,13.1
2025-06-12 10:06:00,22.5
2025-06-12 13:29:00,40.6
2025-06-12 04:28:00,3.8
2025-06-12 17:45:00,51.3
2025-06-12 14:57:00,26.1
2025-06-12 21:26:00,7.9
2025-06-12 07:41:00,49.70408187272085
2025-06-12 16:38:00,79.6
2025-06-12 03:23:00,49.70408187272085
2025-06-12 15:34:00,4.9
2025-06-12 02:13:00,73.2
2025-06-12 18:25:00,0.2
2025-06-12 18:58:00,15.7
2025-06-12 09:55:00,85.3
2025-06-12 00:30:00,33.3
2025-06-12 04:43:00,55.9
2025-06-12 16:26:00,68.9
2025-06-12 12:36:00,87.1
2025-06-12 16:55:00,92.2
2025-06-12 22:08:00,92.3
2025-06-12 08:08:00,15.3
2025-06-12 06:01:00,94.4
2025-06-12 08:19:00,55.7
2025-06-12 18:43:00,69.1
2025-06-12 08:56:00,84.0
2025-06-12 08:48:00,91.0
2025-06-12 04:37:00,1.6
2025-06-12 04:30:00,55.7
2025-06-12 01:17:00,49.70408187272085
2025-06-12 06:57:00,88.9
2025-06-12 16:36:00,8.8
2025-06-12 00:40:00,56.4
2025-06-12 16:35:00,13.9
2025-06-12 22:21:00,23.8
2025-06-12 22:35:00,14.9
2025-06-12 04:51:00,39.6
2025-06-12 14:04:00,49.3
2025-06-12 16:16:00,49.70408187272085
2025-06-12 16:54:00,59.6
2025-06-12 17:31:00,4.2
2025-06-12 02:50:00,9.9
2025-06-12 13:39:00,49.70408187272085
2025-06-12 14:14:00,4.8
2025-06-12 08:32:00,59.4
2025-06-12 03:14:00,58.1
2025-06-12 17:35:00,50.4
2025-06-12 22:42:00,15.6
2025-06-12 18:37:00,6.2
2025-06-12 20:34:00,59.0
2025-06-12 22:40:00,38.4
2025-06-12 14:18:00,58.7
2025-06-12 08:41:00,85.8
2025-06-12 00:35:00,85.6
2025-06-12 09:40:00,15.3
2025-06-12 23:08:00,14.1
2025-06-12 07:05:00,32.2
2025-06-12 15:41:00,98.8
2025-06-12 22:03:00,62.3
2025-06-12 02:46:00,50.1110094970102
2025-06-12 16:43:00,50.1110094970102
2025-06-12 13:37:00,64.2
2025-06-12 19:28:00,50.1110094970102
2025-06-12 15:35:00,77.9
2025-06-12 08:56:00,83.3
2025-06-12 02:19:00,67.8
2025-06-12 01:07:00,17.3
2025-06-12 13:45:00,73.5
2025-06-12 09:56:00,85.6
2025-06-12 19:25:00,82.4
2025-06-12 04:16:00,24.0
2025-06-12 09:21:00,68.8
2025-06-12 19:13:00,9.4
2025-06-12 06:48:00,47.8
2025-06-12 09:04:00,50.1110094970102
2025-06-12 23:47:00,99.5
2025-06-12 09:07:00,52.3
2025-06-12 17:24:00,94.4
2025-06-12 14:16:00,81.0
2025-06-12 02:12:00,19.3
2025-06-12 19:54:00,3.5
2025-06-12 21:21:00,32.3
2025-06-12 07:37:00,50.1110094970102
2025-06-12 16:17:00,16.4
2025-06-12 11:11:00,68.0
2025-06-12 13:36:00,58.4
2025-06-12 22:42:00,92.1
2025-06-12 02:16:00,1.6
2025-06-12 09:53:00,80.8
2025-06-12 09:29:00,27.4
2025-06-12 21:54:00,99.2
2025-06-12 08:02:00,93.1
2025-06-12 01:53:00,94.2
2025-06-12 04:57:00,50.1110094970102
2025-06-12 14:47:00,50.1110094970102
2025-06-12 03:47:00,25.6
2025-06-12 10:31:00,87.9
2025-06-12 08:23:00,50.1110094970102
2025-06-12 21:32:00,47.1
2025-06-12 06:53:00,35.8
2025-06-12 08:58:00,40.1
2025-06-12 03:44:00,50.1110094970102
2025-06-12 23:22:00,41.0
2025-06-12 00:38:00,21.1
2025-06-12 20:53:00,99.1
2025-06-12 05:31:00,50.1110094970102
2025-06-12 04:04:00,34.8
2025-06-12 12:30:00,61.3
2025-06-12 08:53:00,35.0
2025-06-12 12:54:00,78.8
2025-06-12 12:06:00,18.2
2025-06-12 10:09:00,94.1
2025-06-12 16:31:00,12.2
2025-06-12 18:42:00,50.1110094970102
2025-06-12 01:47:00,50.1110094970102
2025-06-12 03:49:00,58.0
2025-06-12 19:31:00,59.0
2025-06-12 15:03:00,52.4
2025-06-12 20:19:00,86.4
2025-06-12 18:16:00,15.5
2025-06-12 12:29:00,4.5
2025-06-12 13:06:00,35.3
2025-06-12 23:02:00,50.1110094970102
2025-06-12 19:48:00,81.9
2025-06-12 14:39:00,92.1
2025-06-12 00:37:00,41.0
2025-06-12 00:40:00,41.6
2025-06-12 16:30:00,33.7
2025-06-12 06:06:00,50.1110094970102
2025-06-12 16:07:00,37.1
2025-06-12 15:55:00,21.8
2025-06-12 01:40:00,60.2
2025-06-12 18:41:00,74.0
2025-06-12 14:30:00,30.1
2025-06-12 12:43:00,50.1110094970102
2025-06-12 09:57:00,24.0
2025-06-12 11:00:00,26.0
2025-06-12 11:12:00,50.1110094970102
2025-06-12 02:37:00,78.5
2025-06-12 08:51:00,23.8
2025-06-12 14:35:00,93.8
2025-06-12 12:24:00,75.4
2025-06-12 06:34:00,62.4
2025-06-12 14:09:00,79.6
2025-06-12 23:13:00,50.1110094970102
2025-06-12 12:49:00,61.8
2025-06-12 13:04:00,85.7
2025-06-12 23:59:00,31.5
2025-06-12 00:11:00,95.6
2025-06-12 01:39:00,17.6
2025-06-12 01:10:00,14.7
2025-06-12 10:59:00,50.1110094970102
2025-06-12 09:08:00,74.0
2025-06-12 10:00:00,10.8
2025-06-12 10:14:00,17.9
2025-06-12 04:32:00,27.9
2025-06-12 09:02:00,81.6
2025-06-12 14:32:00,69.2
2025-06-12 08:59:00,60.8
2025-06-12 11:51:00,52.7
2025-06-12 09:41:00,76.2
2025-06-12 00:03:00,21.9
2025-06-12 05:02:00,11.0
2025-06-12 19:12:00,93.4
2025-06-12 14:04:00,50.1110094970102
2025-06-12 15:59:00,21.8
2025-06-12 09:24:00,84.0
2025-06-12 11:33:00,84.7
2025-06-12 03:46:00,62.5
2025-06-12 11:42:00,99.8
2025-06-12 00:13:00,13.4
2025-06-12 17:47:00,14.9
2025-06-12 11:52:00,29.7
2025-06-12 12:57:00,78.3
2025-06-12 15:18:00,94.4
2025-06-12 23:26:00,6.2
2025-06-12 07:08:00,90.3
2025-06-12 14:10:00,93.0
2025-06-12 13:55:00,31.4
2025-06-12 17:46:00,15.6
2025-06-12 11:39:00,50.1110094970102
2025-06-12 02:20:00,3.3
2025-06-12 02:31:00,81.9
2025-06-12 21:11:00,36.5
2025-06-12 07:43:00,69.8
2025-06-12 12:05:00,44.1
2025-06-12 15:21:00,15.8
2025-06-12 23:09:00,7.3
2025-06-12 12:19:00,77.2
2025-06-12 21:56:00,59.1
2025-06-12 14:06:00,88.3
2025-06-12 02:39:00,0.4
2025-06-12 08:07:00,77.3
2025-06-12 01:31:00,50.1110094970102
2025-06-12 00:56:00,35.7
2025-06-12 09:17:00,50.1110094970102
2025-06-12 08:20:00,70.5
2025-06-12 18:28:00,40.9
2025-06-12 11:48:00,21.3
2025-06-12 23:37:00,35.1
2025-06-12 20:36:00,1.8
2025-06-12 14:52:00,50.1110094970102
2025-06-12 20:46:00,61.0
2025-06-12 09:03:00,68.8
2025-06-12 12:01:00,54.3
2025-06-12 01:43:00,38.1
2025-06-12 06:30:00,58.9
2025-06-12 00:29:00,50.1110094970102
2025-06-12 09:28:00,83.0
2025-06-12 07:42:00,50.1110094970102
2025-06-12 23:11:00,41.1
2025-06-12 23:39:00,77.4
2025-06-12 12:58:00,76.5
2025-06-12 01:28:00,63.3
2025-06-12 23:29:00,50.1110094970102
2025-06-12 23:15:00,74.0
2025-06-12 11:53:00,31.4
2025-06-12 02:01:00,10.2
2025-06-12 04:13:00,69.4
2025-06-12 01:27:00,73.9
2025-06-12 03:29:00,50.4
2025-06-12 21:04:00,25.0
2025-06-12 22:20:00,14.8
2025-06-12 08:41:00,66.5
2025-06-12 05:51:00,94.7
2025-06-12 05:28:00,40.7
2025-06-12 12:03:00,47.4
2025-06-12 12:08:00,21.9
2025-06-12 18:18:00,93.8
2025-06-12 21:46:00,74.8
2025-06-12 13:54:00,22.4
2025-06-12 15:56:00,25.8
2025-06-12 06:43:00,50.1110094970102
2025-06-12 10:19:00,40.9
2025-06-12 21:26:00,38.4
2025-06-12 15:49:00,50.1110094970102
2025-06-12 03:42:00,70.7
2025-06-12 11:13:00,21.1
2025-06-12 16:45:00,39.4
2025-06-12 14:38:00,70.1
2025-06-12 15:34:00,62.8
2025-06-12 10:21:00,49.3
2025-06-12 07:24:00,48.1
2025-06-12 23:40:00,62.2
2025-06-12 08:18:00,67.8
2025-06-12 08:43:00,4.5
2025-06-12 03:05:00,45.3
2025-06-12 00:44:00,7.6
2025-06-12 03:37:00,42.2
2025-06-12 22:26:00,97.4
2025-06-12 10:18:00,66.8
2025-06-12 22:13:00,27.9
2025-06-12 23:28:00,28.0
2025-06-12 04:56:00,19.1
2025-06-12 16:21:00,14.5
2025-06-12 23:36:00,50.1110094970102
2025-06-12 16:06:00,40.5
2025-06-12 08:19:00,24.5
2025-06-12 02:21:00,0.4
2025-06-12 10:10:00,94.4
2025-06-12 23:53:00,29.2
2025-06-12 18:20:00,61.5
2025-06-12 12:48:00,79.4
2025-06-12 15:12:00,50.1110094970102
2025-06-12 21:42:00,15.8
2025-06-12 03:32:00,97.4
2025-06-12 00:23:00,72.6
2025-06-12 13:12:00,4.7
2025-06-12 06:12:00,11.5
2025-06-12 03:31:00,86.8
2025-06-12 11:15:00,94.7
2025-06-12 09:23:00,81.0
2025-06-12 10:38:00,69.1
2025-06-12 11:46:00,50.1110094970102
2025-06-12 10:13:00,73.9
2025-06-12 05:50:00,17.4
2025-06-12 14:57:00,50.1110094970102
2025-06-12 14:36:00,16.7
2025-06-12 17:58:00,46.3
2025-06-12 09:11:00,50.1110094970102
2025-06-12 12:20:00,17.7
2025-06-12 09:22:00,26.2
2025-06-12 14:50:00,42.8
2025-06-12 04:54:00,38.5
2025-06-12 14:58:00,37.0
2025-06-12 16:47:00,69.4
2025-06-12 17:02:00,50.1110094970102
2025-06-12 20:00:00,47.9
2025-06-12 13:38:00,50.1110094970102
2025-06-12 14:28:00,71.0
2025-06-12 02:47:00,40.6
2025-06-12 16:34:00,6.7
2025-06-12 19:07:00,50.1110094970102
2025-06-12 23:03:00,12.0
2025-06-12 08:08:00,18.6
2025-06-12 11:59:00,86.4
2025-06-12 16:20:00,81.3
2025-06-12 17:34:00,50.1110094970102
2025-06-12 10:08:00,48.0
2025-06-12 00:21:00,97.4
2025-06-12 06:25:00,13.2
2025-06-12 19:24:00,71.0
2025-06-12 13:44:00,28.2
2025-06-12 04:48:00,64.7
2025-06-12 22:47:00,49.0
2025-06-12 16:32:00,50.1110094970102
2025-06-12 02:18:00,32.5
2025-06-12 16:22:00,40.8
2025-06-12 18:47:00,19.2
2025-06-12 12:25:00,50.1110094970102
2025-06-12 03:56:00,2.5
2025-06-12 06:39:00,50.1110094970102
2025-06-12 21:12:00,89.1
2025-06-12 14:59:00,46.9
2025-06-12 04:12:00,50.1110094970102
2025-06-12 09:37:00,51.2
2025-06-12 20:49:00,40.7
2025-06-12 05:10:00,47.5
2025-06-12 21:51:00,50.1110094970102
2025-06-12 22:58:00,20.8
2025-06-12 23:00:00,50.0
2025-06-12 01:41:00,51.8
2025-06-12 17:26:00,99.8
2025-06-12 15:17:00,1.1
2025-06-12 09:39:00,41.8
2025-06-12 10:50:00,36.2
2025-06-12 16:44:00,87.4
2025-06-12 18:01:00,82.9
2025-06-12 05:33:00,34.5
2025-06-12 02:53:00,99.5
2025-06-12 17:40:00,7.6
2025-06-12 16:58:00,61.5
2025-06-12 06:40:00,50.1110094970102
2025-06-12 05:59:00,12.2
2025-06-12 00:53:00,88.9
2025-06-12 02:33:00,64.0
2025-06-12 01:19:00,0.9
2025-06-12 20:21:00,97.0
2025-06-12 15:40:00,55.7
2025-06-12 11:50:00,50.1110094970102
2025-06-12 02:59:00,86.5
2025-06-12 11:58:00,65.1
2025-06-12 12:41:00,50.1110094970102
2025-06-12 20:51:00,19.6
2025-06-12 01:49:00,36.8
2025-06-12 16:10:00,7.8
2025-06-12 20:55:00,37.4
2025-06-12 01:52:00,4.5
2025-06-12 18:31:00,50.1110094970102
2025-06-12 15:45:00,50.1110094970102
2025-06-12 01:37:00,50.1110094970102
2025-06-12 19:41:00,10.2
2025-06-12 06:07:00,47.1
2025-06-12 01:02:00,69.4
2025-06-12 01:46:00,16.4
2025-06-12 00:27:00,18.4
2025-06-12 04:11:00,9.7
2025-06-12 05:18:00,31.3
2025-06-12 05:26:00,94.9
2025-06-12 22:34:00,50.1110094970102
2025-06-12 07:19:00,50.1110094970102
2025-06-12 17:23:00,20.6
2025-06-12 17:10:00,11.9
2025-06-12 17:10:00,37.4
2025-06-12 08:43:00,6.5
2025-06-12 16:45:00,4.8
2025-06-12 04:00:00,9.4
2025-06-12 16:44:00,12.5
2025-06-12 00:56:00,32.0
2025-06-12 12:35:00,64.1
2025-06-12 20:15:00,87.9
2025-06-12 16:48:00,38.2
2025-06-12 20:16:00,27.5
2025-06-12 21:46:00,50.26990393626991
2025-06-12 16:14:00,28.0
2025-06-12 14:38:00,50.26990393626991
2025-06-12 23:20:00,83.9
2025-06-12 10:55:00,50.26990393626991
2025-06-12 16:42:00,59.8
2025-06-12 17:20:00,40.5
2025-06-12 10:11:00,6.6
2025-06-12 21:07:00,0.1
2025-06-12 08:32:00,29.0
2025-06-12 22:31:00,76.5
2025-06-12 14:44:00,51.3
2025-06-12 05:01:00,50.26990393626991
2025-06-12 03:38:00,50.26990393626991
2025-06-12 17:44:00,50.26990393626991
2025-06-12 05:23:00,65.1
2025-06-12 01:04:00,72.9
2025-06-12 11:54:00,29.2
2025-06-12 05:59:00,71.5
2025-06-12 22:59:00,10.8
2025-06-12 02:00:00,60.8
2025-06-12 14:06:00,11.1
2025-06-12 00:54:00,50.26990393626991
2025-06-12 20:54:00,16.6
2025-06-12 09:32:00,35.5
2025-06-12 13:03:00,30.5
2025-06-12 22:34:00,22.3
2025-06-12 00:38:00,24.8
2025-06-12 06:27:00,9.5
2025-06-12 02:54:00,50.26990393626991
2025-06-12 03:22:00,24.2
2025-06-12 01:47:00,69.0
2025-06-12 06:12:00,25.1
2025-06-12 05:45:00,50.26990393626991
2025-06-12 14:42:00,95.5
2025-06-12 22:11:00,46.3
2025-06-12 16:38:00,10.6
2025-06-12 20:24:00,66.0
2025-06-12 13:35:00,1.7
2025-06-12 11:41:00,30.1
2025-06-12 09:51:00,19.9
2025-06-12 17:05:00,6.4
2025-06-12 01:55:00,32.4
2025-06-12 00:55:00,49.6
2025-06-12 08:35:00,1.4
2025-06-12 12:12:00,68.0
2025-06-12 00:36:00,79.9
2025-06-12 20:43:00,23.5
2025-06-12 10:30:00,29.9
2025-06-12 06:54:00,21.0
2025-06-12 02:33:00,80.0
2025-06-12 20:31:00,21.0
2025-06-12 09:55:00,83.0
2025-06-12 12:10:00,73.8
2025-06-12 04:49:00,50.26990393626991
2025-06-12 20:02:00,25.7
2025-06-12 22:04:00,50.26990393626991
2025-06-12 12:38:00,18.0
2025-06-12 12:53:00,98.0
2025-06-12 07:12:00,96.1
2025-06-12 17:47:00,7.9
2025-06-12 23:04:00,49.0
2025-06-12 07:00:00,57.5
2025-06-12 01:36:00,68.2
2025-06-12 09:43:00,50.26990393626991
2025-06-12 08:45:00,50.26990393626991
2025-06-12 11:11:00,72.2
2025-06-12 06:44:00,22.4
2025-06-12 12:28:00,92.9
2025-06-12 00:08:00,20.0
2025-06-12 20:11:00,16.6
2025-06-12 17:45:00,88.5
2025-06-12 11:21:00,52.1
2025-06-12 09:18:00,8.0
2025-06-12 16:55:00,63.9
2025-06-12 04:41:00,2.8
2025-06-12 03:07:00,50.26990393626991
2025-06-12 18:10:00,7.4
2025-06-12 09:04:00,21.1
2025-06-12 19:56:00,70.5
2025-06-12 06:46:00,85.2
2025-06-12 10:34:00,50.26990393626991
2025-06-12 03:26:00,63.0
2025-06-12 15:24:00,62.0
2025-06-12 21:16:00,96.9
2025-06-12 17:41:00,96.7
2025-06-12 21:45:00,73.8
2025-06-12 22:25:00,33.4
2025-06-12 14:29:00,82.9
2025-06-12 21:11:00,8.5
2025-06-12 10:48:00,57.1
2025-06-12 12:15:00,95.4
2025-06-12 21:27:00,50.26990393626991
2025-06-12 15:02:00,5.8
2025-06-12 04:19:00,18.8
2025-06-12 08:41:00,98.6
2025-06-12 11:53:00,27.6
2025-06-12 11:50:00,94.7
2025-06-12 08:09:00,82.6
2025-06-12 00:53:00,21.7
2025-06-12 18:22:00,78.2
2025-06-12 21:13:00,50.26990393626991
2025-06-12 00:30:00,50.26990393626991
2025-06-12 06:53:00,65.3
2025-06-12 00:32:00,65.5
2025-06-12 13:09:00,69.8
2025-06-12 10:03:00,62.0
2025-06-12 05:32:00,41.5
2025-06-12 15:28:00,50.6
2025-06-12 14:37:00,13.2
2025-06-12 06:22:00,61.8
2025-06-12 08:10:00,49.3
2025-06-12 14:49:00,49.0
2025-06-12 05:28:00,50.26990393626991
2025-06-12 14:21:00,23.4
2025-06-12 11:17:00,65.2
2025-06-12 04:15:00,8.4
2025-06-12 10:57:00,6.0
2025-06-12 12:22:00,18.7
2025-06-12 19:36:00,87.1
2025-06-12 08:53:00,38.7
2025-06-12 10:25:00,35.6
2025-06-12 05:08:00,89.0
2025-06-12 16:58:00,16.8
2025-06-12 00:39:00,8.9
2025-06-12 02:35:00,94.7
2025-06-12 11:25:00,36.9
2025-06-12 09:03:00,50.26990393626991
2025-06-12 14:25:00,60.2
2025-06-12 11:56:00,38.8
2025-06-12 14:10:00,14.8
2025-06-12 16:09:00,21.2
2025-06-12 11:38:00,22.7
2025-06-12 01:18:00,35.9
2025-06-12 01:10:00,16.0
2025-06-12 01:44:00,52.5
2025-06-12 23:58:00,76.5
2025-06-12 02:03:00,44.2
2025-06-12 22:52:00,86.3
2025-06-12 02:21:00,32.3
2025-06-12 08:13:00,93.0
2025-06-12 12:49:00,50.26990393626991
2025-06-12 11:12:00,53.5
2025-06-12 22:56:00,11.7
2025-06-12 16:49:00,54.2
2025-06-12 17:33:00,50.26990393626991
2025-06-12 00:04:00,18.9
2025-06-12 10:15:00,20.2
2025-06-12 03:44:00,52.0
2025-06-12 01:52:00,5.1
2025-06-12 18:11:00,46.8
2025-06-12 13:17:00,14.4
2025-06-12 20:40:00,15.8
2025-06-12 14:41:00,66.5
2025-06-12 06:10:00,80.1
2025-06-12 02:44:00,20.3
2025-06-12 05:16:00,50.26990393626991
2025-06-12 20:35:00,90.6
2025-06-12 13:00:00,49.2
2025-06-12 10:58:00,10.8
2025-06-12 10:52:00,88.6
2025-06-12 13:14:00,98.4
2025-06-12 14:00:00,18.1
2025-06-12 18:32:00,24.4
2025-06-12 20:49:00,3.7
2025-06-12 18:49:00,62.9
2025-06-12 01:45:00,67.8
2025-06-12 01:30:00,17.4
2025-06-12 03:50:00,30.0
2025-06-12 16:05:00,28.2
2025-06-12 08:31:00,60.1
2025-06-12 10:16:00,50.26990393626991
2025-06-12 19:53:00,81.2
2025-06-12 16:00:00,38.6
2025-06-12 16:27:00,71.3
2025-06-12 05:30:00,50.26990393626991
2025-06-12 05:38:00,99.0
2025-06-12 02:05:00,56.6
2025-06-12 08:07:00,26.2
2025-06-12 10:18:00,99.2
2025-06-12 04:09:00,67.8
2025-06-12 05:54:00,50.26990393626991
2025-06-12 13:11:00,18.2
2025-06-12 17:30:00,18.6
2025-06-12 02:42:00,59.7
2025-06-12 02:49:00,68.4
2025-06-12 00:03:00,50.26990393626991
2025-06-12 13:54:00,89.3
2025-06-12 10:36:00,78.2
2025-06-12 07:08:00,50.26990393626991
2025-06-12 20:58:00,52.0
2025-06-12 06:42:00,20.8
2025-06-12 15:54:00,33.9
2025-06-12 15:19:00,4.0
2025-06-12 15:22:00,84.1
2025-06-12 08:16:00,4.0
2025-06-12 01:38:00,10.6
2025-06-12 08:12:00,81.7
2025-06-12 02:09:00,85.4
2025-06-12 04:35:00,57.2
2025-06-12 05:00:00,50.26990393626991
2025-06-12 22:12:00,99.1
2025-06-12 22:16:00,50.7
2025-06-12 20:23:00,40.2
2025-06-12 01:07:00,89.0
2025-06-12 05:09:00,42.9
2025-06-12 11:01:00,81.9
2025-06-12 09:42:00,42.0
2025-06-12 01:42:00,90.0
2025-06-12 01:26:00,61.9
2025-06-12 11:52:00,82.0
2025-06-12 15:23:00,79.2
2025-06-12 03:37:00,26.6
2025-06-12 01:24:00,15.9
2025-06-12 13:41:00,76.2
2025-06-12 08:56:00,54.0
2025-06-12 12:55:00,25.8
2025-06-12 08:57:00,50.26990393626991
2025-06-12 05:12:00,92.2
2025-06-12 05:53:00,60.1
2025-06-12 05:03:00,78.5
2025-06-12 16:20:00,52.5
2025-06-12 05:42:00,24.5
2025-06-12 01:27:00,37.7
2025-06-12 00:44:00,30.6
2025-06-12 00:59:00,39.8
2025-06-12 06:41:00,14.9
2025-06-12 18:02:00,69.1
2025-06-12 15:27:00,26.1
2025-06-12 06:15:00,50.26990393626991
2025-06-12 18:15:00,26.4
2025-06-12 05:31:00,50.26990393626991
2025-06-12 08:24:00,50.26990393626991
2025-06-12 19:20:00,50.26990393626991
2025-06-12 07:31:00,27.2
2025-06-12 15:31:00,0.3
2025-06-12 02:15:00,55.2
2025-06-12 13:48:00,49.2
2025-06-12 17:52:00,50.26990393626991
2025-06-12 03:09:00,24.0
2025-06-12 14:18:00,77.4
2025-06-12 06:20:00,11.8
2025-06-12 14:51:00,7.8
2025-06-12 19:24:00,7.7
2025-06-12 19:55:00,32.8
2025-06-12 05:44:00,92.5
2025-06-12 20:50:00,82.6
2025-06-12 12:54:00,32.7
2025-06-12 22:46:00,95.7
2025-06-12 00:49:00,66.8
2025-06-12 01:00:00,86.1
2025-06-12 08:34:00,49.3
2025-06-12 06:08:00,28.4
2025-06-12 05:46:00,79.4
2025-06-12 12:31:00,50.26990393626991
2025-06-12 22:03:00,11.7
2025-06-12 00:42:00,87.9
2025-06-12 03:01:00,50.26990393626991
2025-06-12 17:14:00,62.3
2025-06-12 19:15:00,50.26990393626991
2025-06-12 14:15:00,63.7
2025-06-12 10:39:00,55.0
2025-06-12 11:42:00,67.6
2025-06-12 23:18:00,66.7
2025-06-12 17:32:00,19.6
2025-06-12 12:59:00,10.3
2025-06-12 17:06:00,27.6
2025-06-12 07:25:00,50.26990393626991
2025-06-12 19:14:00,78.4
2025-06-12 02:18:00,67.7
2025-06-12 21:17:00,86.3
2025-06-12 18:36:00,8.5
2025-06-12 12:05:00,36.6
2025-06-12 00:45:00,65.0
2025-06-12 20:51:00,77.0
2025-06-12 04:40:00,50.26990393626991
2025-06-12 20:47:00,31.0
2025-06-12 22:37:00,19.2
2025-06-12 20:07:00,50.9
2025-06-12 06:35:00,49.3
2025-06-12 10:29:00,90.6
2025-06-12 05:40:00,10.3
2025-06-12 12:20:00,50.26990393626991
2025-06-12 00:26:00,2.5
2025-06-12 14:59:00,18.1
2025-06-12 18:52:00,85.8
2025-06-12 22:39:00,50.26990393626991
2025-06-12 15:33:00,95.3
2025-06-12 03:17:00,61.2
2025-06-12 22:40:00,50.26990393626991
2025-06-12 06:09:00,88.8
2025-06-12 13:32:00,50.26990393626991
2025-06-12 02:32:00,4.7
2025-06-12 00:43:00,77.7
2025-06-12 00:16:00,95.3
2025-06-12 07:44:00,76.1
2025-06-12 21:48:00,49.485271956675305
2025-06-12 05:32:00,49.485271956675305
2025-06-12 13:34:00,83.5
2025-06-12 21:24:00,67.7
2025-06-12 23:50:00,30.6
2025-06-12 09:14:00,93.6
2025-06-12 08:02:00,36.6
2025-06-12 18:22:00,49.485271956675305
2025-06-12 22:45:00,5.1
2025-06-12 05:18:00,36.9
2025-06-12 20:29:00,9.4
2025-06-12 18:56:00,30.1
2025-06-12 12:56:00,51.8
2025-06-12 12:52:00,30.6
2025-06-12 16:59:00,18.2
2025-06-12 02:14:00,62.2
2025-06-12 15:40:00,88.1
2025-06-12 20:30:00,23.1
2025-06-12 17:36:00,90.3
2025-06-12 05:56:00,69.1
2025-06-12 11:13:00,10.5
2025-06-12 01:58:00,55.8
2025-06-12 19:29:00,18.6
2025-06-12 22:47:00,25.4
2025-06-12 07:46:00,73.1
2025-06-12 14:07:00,1.5
2025-06-12 12:11:00,49.485271956675305
2025-06-12 18:08:00,21.7
2025-06-12 21:39:00,27.6
2025-06-12 00:06:00,80.5
2025-06-12 00:26:00,49.485271956675305
2025-06-12 19:17:00,34.3
2025-06-12 04:09:00,66.2
2025-06-12 08:10:00,90.5
2025-06-12 08:19:00,56.1
2025-06-12 08:08:00,49.485271956675305
2025-06-12 17:48:00,73.0
2025-06-12 03:26:00,49.485271956675305
2025-06-12 09:40:00,28.7
2025-06-12 11:57:00,20.7
2025-06-12 10:51:00,45.9
2025-06-12 09:05:00,16.7
2025-06-12 16:37:00,80.1
2025-06-12 04:46:00,49.485271956675305
2025-06-12 03:48:00,43.8
2025-06-12 07:34:00,93.0
2025-06-12 01:53:00,49.485271956675305
2025-06-12 15:26:00,13.3
2025-06-12 01:12:00,47.5
2025-06-12 15:36:00,49.485271956675305
2025-06-12 08:34:00,99.4
2025-06-12 17:14:00,26.4
2025-06-12 01:32:00,15.9
2025-06-12 00:08:00,72.4
2025-06-12 14:56:00,31.7
2025-06-12 03:24:00,90.9
2025-06-12 03:33:00,49.485271956675305
2025-06-12 21:28:00,63.3
2025-06-12 15:15:00,3.2
2025-06-12 16:23:00,17.5
2025-06-12 08:09:00,49.485271956675305
2025-06-12 20:58:00,73.3
2025-06-12 08:00:00,49.485271956675305
2025-06-12 22:15:00,79.3
2025-06-12 09:12:00,41.5
2025-06-12 18:44:00,49.485271956675305
2025-06-12 05:27:00,32.3
2025-06-12 13:01:00,49.9
2025-06-12 13:19:00,49.485271956675305
2025-06-12 01:04:00,68.7
2025-06-12 08:53:00,81.1
2025-06-12 19:06:00,50.7
2025-06-12 01:23:00,10.6
2025-06-12 12:10:00,70.7
2025-06-12 16:54:00,8.6
2025-06-12 16:21:00,20.3
2025-06-12 16:16:00,88.4
2025-06-12 21:12:00,87.1
2025-06-12 06:56:00,93.2
2025-06-12 21:26:00,97.8
2025-06-12 00:45:00,69.6
2025-06-12 11:52:00,69.2
2025-06-12 17:03:00,46.6
2025-06-12 06:21:00,39.4
2025-06-12 18:21:00,25.0
2025-06-12 05:36:00,49.485271956675305
2025-06-12 09:39:00,5.9
2025-06-12 16:08:00,63.5
2025-06-12 00:32:00,65.7
2025-06-12 17:58:00,49.485271956675305
2025-06-12 21:03:00,89.5
2025-06-12 04:15:00,12.2
2025-06-12 09:50:00,45.6
2025-06-12 10:13:00,9.4
2025-06-12 19:10:00,76.5
2025-06-12 16:33:00,28.5
2025-06-12 23:13:00,28.1
2025-06-12 20:24:00,49.485271956675305
2025-06-12 01:56:00,39.1
2025-06-12 20:45:00,49.485271956675305
2025-06-12 02:02:00,17.0
2025-06-12 12:04:00,11.8
2025-06-12 02:49:00,54.2
2025-06-12 02:53:00,49.485271956675305
2025-06-12 00:23:00,64.5
2025-06-12 07:30:00,49.485271956675305
2025-06-12 10:17:00,82.5
2025-06-12 10:12:00,77.5
2025-06-12 08:55:00,5.5
2025-06-12 02:57:00,84.2
2025-06-12 15:55:00,49.485271956675305
2025-06-12 13:08:00,48.8
2025-06-12 07:28:00,18.3
2025-06-12 13:54:00,59.5
2025-06-12 11:18:00,49.485271956675305
2025-06-12 12:54:00,49.485271956675305
2025-06-12 07:08:00,60.0
2025-06-12 10:53:00,15.7
2025-06-12 16:47:00,17.8
2025-06-12 14:42:00,49.485271956675305
2025-06-12 20:46:00,5.8
2025-06-12 01:29:00,54.4
2025-06-12 03:11:00,85.1
2025-06-12 17:49:00,7.0
2025-06-12 18:58:00,50.2
2025-06-12 18:23:00,40.1
2025-06-12 05:48:00,19.9
2025-06-12 05:47:00,49.485271956675305
2025-06-12 04:19:00,25.8
2025-06-12 22:01:00,71.4
2025-06-12 12:19:00,98.3
2025-06-12 14:57:00,37.4
2025-06-12 01:38:00,9.0
2025-06-12 16:41:00,78.5
2025-06-12 19:41:00,75.3
2025-06-12 06:17:00,59.8
2025-06-12 01:41:00,49.485271956675305
2025-06-12 00:12:00,74.1
2025-06-12 06:35:00,18.5
2025-06-12 09:52:00,48.6
2025-06-12 10:39:00,52.2
2025-06-12 23:33:00,52.6
2025-06-12 00:22:00,20.7
2025-06-12 03:52:00,36.8
2025-06-12 10:37:00,6.6
2025-06-12 06:59:00,49.485271956675305
2025-06-12 23:01:00,69.4
2025-06-12 00:50:00,9.4
2025-06-12 09:51:00,11.9
2025-06-12 16:40:00,88.4
2025-06-12 06:48:00,72.8
2025-06-12 16:45:00,88.2
2025-06-12 13:29:00,37.6
2025-06-12 09:00:00,74.5
2025-06-12 13:30:00,72.0
2025-06-12 17:53:00,42.2
2025-06-12 10:05:00,67.8
2025-06-12 19:16:00,2.9
2025-06-12 07:39:00,24.3
2025-06-12 08:59:00,49.485271956675305
2025-06-12 08:45:00,78.0
2025-06-12 06:11:00,96.7
2025-06-12 01:15:00,89.5
2025-06-12 01:50:00,3.3
2025-06-12 17:00:00,27.6
2025-06-12 18:33:00,49.485271956675305
2025-06-12 20:41:00,99.1
2025-06-12 09:17:00,78.4
2025-06-12 13:35:00,49.485271956675305
2025-06-12 23:16:00,39.5
2025-06-12 06:33:00,49.485271956675305
2025-06-12 22:05:00,93.8
2025-06-12 09:30:00,76.7
2025-06-12 05:39:00,42.1
2025-06-12 09:26:00,37.4
2025-06-12 06:00:00,81.7
2025-06-12 04:14:00,49.485271956675305
2025-06-12 17:13:00,74.7
2025-06-12 12:40:00,22.1
2025-06-12 14:22:00,99.0
2025-06-12 13:10:00,78.2
2025-06-12 18:16:00,55.3
2025-06-12 08:17:00,49.485271956675305
2025-06-12 19:53:00,49.485271956675305
2025-06-12 09:09:00,56.8
2025-06-12 15:13:00,77.9
2025-06-12 06:40:00,43.2
2025-06-12 20:14:00,98.5
2025-06-12 06:55:00,32.5
2025-06-12 06:47:00,70.6
2025-06-12 16:44:00,75.9
2025-06-12 11:48:00,49.4
2025-06-12 03:53:00,49.485271956675305
2025-06-12 12:24:00,21.3
2025-06-12 21:14:00,96.2
2025-06-12 05:37:00,17.7
2025-06-12 17:54:00,67.3
2025-06-12 03:28:00,42.6
2025-06-12 04:55:00,46.9
2025-06-12 09:53:00,75.6
2025-06-12 21:19:00,26.8
2025-06-12 13:56:00,67.8
2025-06-12 17:10:00,52.0
2025-06-12 19:13:00,49.485271956675305
2025-06-12 13:55:00,92.4
2025-06-12 01:47:00,0.7
2025-06-12 20:00:00,23.6
2025-06-12 23:02:00,42.7
2025-06-12 15:41:00,70.8
2025-06-12 15:37:00,54.4
2025-06-12 20:54:00,97.3
2025-06-12 12:30:00,10.7
2025-06-12 19:39:00,31.0
2025-06-12 13:51:00,91.3
2025-06-12 04:58:00,17.9
2025-06-12 21:25:00,46.8
2025-06-12 13:31:00,42.6
2025-06-12 06:12:00,39.7
2025-06-12 20:06:00,78.1
2025-06-12 13:27:00,7.5
2025-06-12 12:29:00,95.8
2025-06-12 00:13:00,98.1
2025-06-12 10:34:00,49.485271956675305
2025-06-12 01:44:00,60.7
2025-06-12 18:11:00,42.0
2025-06-12 04:17:00,79.6
2025-06-12 15:25:00,58.2
2025-06-12 13:46:00,90.4
2025-06-12 15:18:00,48.2
2025-06-12 07:38:00,45.7
2025-06-12 16:32:00,76.6
2025-06-12 07:21:00,60.3
2025-06-12 11:01:00,18.5
2025-06-12 03:51:00,79.6
2025-06-12 08:49:00,49.485271956675305
2025-06-12 20:26:00,26.2
2025-06-12 07:59:00,44.9
2025-06-12 22:38:00,18.5
2025-06-12 00:39:00,94.9
2025-06-12 15:45:00,54.4
2025-06-12 08:25:00,93.2
2025-06-12 14:11:00,49.485271956675305
2025-06-12 16:24:00,72.1
2025-06-12 07:09:00,25.3
2025-06-12 17:56:00,34.2
2025-06-12 21:06:00,64.4
2025-06-12 17:21:00,9.2
2025-06-12 19:00:00,36.5
2025-06-12 06:05:00,20.6
2025-06-12 15:43:00,38.4
2025-06-12 11:00:00,49.485271956675305
2025-06-12 19:21:00,93.3
2025-06-12 10:29:00,65.7
2025-06-12 18:48:00,41.5
2025-06-12 07:52:00,43.7
2025-06-12 15:33:00,79.2
2025-06-12 02:47:00,49.485271956675305
2025-06-12 09:27:00,41.9
2025-06-12 17:22:00,50.0997191011236
2025-06-12 21:32:00,50.0997191011236
2025-06-12 12:09:00,63.8
2025-06-12 12:04:00,25.5
2025-06-12 11:07:00,24.7
2025-06-12 19:42:00,27.5
2025-06-12 00:08:00,89.7
2025-06-12 17:10:00,90.7
2025-06-12 09:47:00,60.0
2025-06-12 00:09:00,80.8
2025-06-12 06:55:00,50.4
2025-06-12 07:55:00,34.7
2025-06-12 21:31:00,7.5
2025-06-12 02:25:00,94.5
2025-06-12 02:07:00,5.2
2025-06-12 17:39:00,44.9
2025-06-12 11:27:00,50.0997191011236
2025-06-12 23:38:00,89.1
2025-06-12 09:05:00,55.8
2025-06-12 03:56:00,50.0997191011236
2025-06-12 10:32:00,22.2
2025-06-12 06:58:00,3.9
2025-06-12 12:46:00,18.8
2025-06-12 11:47:00,50.0997191011236
2025-06-12 10:28:00,7.2
2025-06-12 13:36:00,32.9
2025-06-12 13:05:00,10.2
2025-06-12 02:49:00,42.4
2025-06-12 06:15:00,50.0997191011236
2025-06-12 16:26:00,26.2
2025-06-12 07:29:00,55.7
2025-06-12 10:48:00,74.3
2025-06-12 20:39:00,30.8
2025-06-12 06:04:00,57.7
2025-06-12 02:02:00,55.9
2025-06-12 12:57:00,80.8
2025-06-12 16:31:00,50.0997191011236
2025-06-12 14:00:00,50.0997191011236
2025-06-12 19:36:00,80.3
2025-06-12 22:14:00,19.6
2025-06-12 01:13:00,3.4
2025-06-12 09:16:00,88.1
2025-06-12 17:18:00,40.5
2025-06-12 03:11:00,50.0997191011236
2025-06-12 10:34:00,46.3
2025-06-12 17:21:00,50.0997191011236
2025-06-12 16:01:00,35.4
2025-06-12 14:35:00,96.9
2025-06-12 15:57:00,81.9
2025-06-12 00:03:00,79.4
2025-06-12 16:41:00,55.6
2025-06-12 21:06:00,13.6
2025-06-12 10:26:00,34.9
2025-06-12 19:58:00,50.0997191011236
2025-06-12 23:11:00,87.2
2025-06-12 18:19:00,47.8
2025-06-12 09:52:00,50.0997191011236
2025-06-12 20:01:00,12.5
2025-06-12 02:43:00,50.0997191011236
2025-06-12 22:26:00,67.2
2025-06-12 21:17:00,83.6
2025-06-12 13:14:00,50.0997191011236
2025-06-12 18:04:00,13.1
2025-06-12 15:36:00,96.4
2025-06-12 08:29:00,29.6
2025-06-12 15:02:00,9.8
2025-06-12 12:19:00,70.7
2025-06-12 17:55:00,44.9
2025-06-12 11:59:00,93.2
2025-06-12 15:29:00,47.0
2025-06-12 22:09:00,50.0997191011236
2025-06-12 01:18:00,50.9
2025-06-12 20:41:00,78.6
2025-06-12 19:10:00,96.7
2025-06-12 04:59:00,87.2
2025-06-12 01:11:00,5.6
2025-06-12 14:31:00,37.6
2025-06-12 09:19:00,49.0
2025-06-12 13:07:00,88.0
2025-06-12 12:22:00,8.8
2025-06-12 17:50:00,80.0
2025-06-12 04:51:00,50.0997191011236
2025-06-12 14:07:00,50.0997191011236
2025-06-12 10:05:00,42.5
2025-06-12 13:11:00,28.1
2025-06-12 21:23:00,93.0
2025-06-12 19:48:00,22.5
2025-06-12 15:30:00,49.3
2025-06-12 04:29:00,50.0997191011236
2025-06-12 20:23:00,50.0997191011236
2025-06-12 21:57:00,50.0997191011236
2025-06-12 18:41:00,5.0
2025-06-12 08:44:00,63.7
2025-06-12 14:23:00,89.7
2025-06-12 11:04:00,97.6
2025-06-12 08:15:00,1.7
2025-06-12 23:03:00,36.2
2025-06-12 19:52:00,50.0997191011236
2025-06-12 10:45:00,77.2
2025-06-12 15:59:00,42.7
2025-06-12 20:14:00,99.3
2025-06-12 11:17:00,50.0997191011236
2025-06-12 05:22:00,43.3
2025-06-12 00:02:00,42.4
2025-06-12 05:11:00,93.5
2025-06-12 16:59:00,22.2
2025-06-12 18:57:00,15.6
2025-06-12 11:28:00,56.9
2025-06-12 08:20:00,73.7
2025-06-12 08:52:00,27.4
2025-06-12 17:58:00,50.0997191011236
2025-06-12 20:06:00,15.4
2025-06-12 19:54:00,9.8
2025-06-12 02:16:00,50.0997191011236
2025-06-12 08:24:00,8.9
2025-06-12 23:30:00,81.8
2025-06-12 22:42:00,78.3
2025-06-12 15:20:00,50.0997191011236
2025-06-12 12:10:00,59.7
2025-06-12 01:03:00,9.1
2025-06-12 16:46:00,2.3
2025-06-12 11:42:00,50.0997191011236
2025-06-12 21:38:00,27.7
2025-06-12 15:06:00,0.6
2025-06-12 22:46:00,27.3
2025-06-12 20:52:00,58.2
2025-06-12 05:29:00,74.1
2025-06-12 04:28:00,50.0997191011236
2025-06-12 17:45:00,38.1
2025-06-12 02:01:00,22.4
2025-06-12 15:12:00,13.8
2025-06-12 11:22:00,3.9
2025-06-12 14:21:00,5.2
2025-06-12 04:32:00,75.3
2025-06-12 21:54:00,50.0997191011236
2025-06-12 04:13:00,27.7
2025-06-12 03:43:00,61.4
2025-06-12 20:37:00,81.4
2025-06-12 19:25:00,16.0
2025-06-12 15:55:00,85.7
2025-06-12 01:37:00,50.1
2025-06-12 16:52:00,58.1
2025-06-12 13:06:00,50.0997191011236
2025-06-12 03:26:00,99.9
2025-06-12 19:14:00,42.4
2025-06-12 22:25:00,50.0997191011236
2025-06-12 05:02:00,18.7
2025-06-12 09:02:00,17.6
2025-06-12 09:46:00,50.0997191011236
2025-06-12 05:49:00,14.7
2025-06-12 10:50:00,6.4
2025-06-12 19:31:00,21.7
2025-06-12 12:26:00,33.6
2025-06-12 13:37:00,36.1
2025-06-12 23:47:00,56.3
2025-06-12 15:44:00,49.3
2025-06-12 17:59:00,41.2
2025-06-12 16:32:00,26.2
2025-06-12 21:46:00,50.0997191011236
2025-06-12 14:15:00,7.0
2025-06-12 09:41:00,20.2
2025-06-12 15:53:00,6.4
2025-06-12 18:46:00,81.9
2025-06-12 20:10:00,50.0997191011236
2025-06-12 13:01:00,50.0997191011236
2025-06-12 18:13:00,74.9
2025-06-12 18:53:00,59.6
2025-06-12 11:13:00,26.2
2025-06-12 11:03:00,38.1
2025-06-12 12:17:00,88.5
2025-06-12 13:15:00,54.3
2025-06-12 00:24:00,26.6
2025-06-12 23:20:00,32.1
2025-06-12 13:31:00,94.6
2025-06-12 07:17:00,65.8
2025-06-12 07:08:00,0.3
2025-06-12 06:56:00,53.9
2025-06-12 04:48:00,50.0997191011236
2025-06-12 13:32:00,44.0
2025-06-12 22:03:00,97.9
2025-06-12 12:01:00,51.9
2025-06-12 20:36:00,80.6
2025-06-12 11:21:00,94.5
2025-06-12 17:00:00,50.0997191011236
2025-06-12 09:45:00,89.4
2025-06-12 01:19:00,50.0997191011236
2025-06-12 15:31:00,50.0997191011236
2025-06-12 12:24:00,52.1
2025-06-12 17:49:00,50.0997191011236
2025-06-12 01:46:00,62.0
2025-06-12 22:37:00,82.6
2025-06-12 17:35:00,50.0997191011236
2025-06-12 19:06:00,47.2
2025-06-12 01:45:00,95.3
2025-06-12 20:40:00,50.0997191011236
2025-06-12 14:44:00,99.1
2025-06-12 02:36:00,29.8
2025-06-12 17:04:00,78.5
2025-06-12 19:35:00,62.1
2025-06-12 20:35:00,26.4
2025-06-12 23:16:00,63.2
2025-06-12 03:20:00,21.1
2025-06-12 03:39:00,3.9
2025-06-12 14:36:00,50.0997191011236
2025-06-12 00:58:00,69.5
2025-06-12 18:10:00,51.3
2025-06-12 12:07:00,72.7
2025-06-12 04:25:00,46.4
2025-06-12 04:46:00,53.1
2025-06-12 10:04:00,64.1
2025-06-12 00:32:00,77.8
2025-06-12 14:34:00,34.1
2025-06-12 18:55:00,87.1
2025-06-12 23:25:00,50.0997191011236
2025-06-12 13:33:00,79.5
2025-06-12 16:21:00,77.5
2025-06-12 02:59:00,29.0
2025-06-12 22:34:00,97.1
2025-06-12 18:59:00,40.2
2025-06-12 06:19:00,93.0
2025-06-12 15:27:00,93.6
2025-06-12 20:56:00,18.1
2025-06-12 11:24:00,5.0
2025-06-12 18:45:00,27.0
2025-06-12 05:15:00,50.0997191011236
2025-06-12 09:20:00,65.0
2025-06-12 18:03:00,79.6
2025-06-12 14:30:00,8.3
2025-06-12 22:04:00,11.6
2025-06-12 12:49:00,84.3
2025-06-12 09:42:00,97.2
2025-06-12 20:38:00,76.3
2025-06-12 18:24:00,20.7
2025-06-12 09:57:00,22.1
2025-06-12 01:07:00,38.3
2025-06-12 16:13:00,13.0
2025-06-12 03:03:00,50.0997191011236
2025-06-12 00:15:00,58.7
2025-06-12 02:26:00,69.2
2025-06-12 02:50:00,92.3
2025-06-12 04:55:00,45.6
2025-06-12 10:14:00,11.5
2025-06-12 15:52:00,47.0
2025-06-12 07:46:00,50.0997191011236
2025-06-12 14:46:00,15.0
2025-06-12 04:07:00,19.2
2025-06-12 17:34:00,50.0997191011236
2025-06-12 05:57:00,50.0997191011236
2025-06-12 04:19:00,56.3
2025-06-12 04:53:00,60.2
2025-06-12 12:55:00,93.0
2025-06-12 06:00:00,51.1
2025-06-12 11:58:00,50.0997191011236
2025-06-12 19:12:00,77.9
2025-06-12 14:45:00,48.8
2025-06-12 21:21:00,9.8
2025-06-12 06:28:00,8.1
2025-06-12 07:54:00,52.1
2025-06-12 13:08:00,59.4
2025-06-12 20:43:00,50.0997191011236
2025-06-12 20:54:00,50.0997191011236
2025-06-12 18:31:00,42.4
2025-06-12 07:22:00,63.7
2025-06-12 01:02:00,76.4
2025-06-12 13:56:00,45.4
2025-06-12 08:04:00,64.6
2025-06-12 12:13:00,50.0997191011236
2025-06-12 19:08:00,25.7
2025-06-12 06:23:00,50.7
2025-06-12 22:01:00,50.0997191011236
2025-06-12 08:19:00,95.2
2025-06-12 11:32:00,80.1
2025-06-12 08:25:00,37.0
2025-06-12 10:21:00,83.0
2025-06-12 03:53:00,29.4
2025-06-12 02:13:00,97.6
2025-06-12 08:17:00,50.0997191011236
2025-06-12 14:10:00,20.3
2025-06-12 06:40:00,95.1
2025-06-12 10:15:00,47.2
2025-06-12 03:08:00,79.7
2025-06-12 09:07:00,69.7
2025-06-12 22:44:00,94.9
2025-06-12 02:15:00,50.0997191011236
2025-06-12 02:10:00,50.0997191011236
2025-06-12 03:40:00,50.0997191011236
2025-06-12 03:49:00,72.9
2025-06-12 06:38:00,51.9
2025-06-12 22:33:00,45.5
2025-06-12 08:56:00,74.6
2025-06-12 06:03:00,45.7
2025-06-12 15:09:00,6.8
2025-06-12 19:47:00,15.9
2025-06-12 05:37:00,0.4
2025-06-12 02:14:00,90.5
2025-06-12 03:06:00,62.7
2025-06-12 16:09:00,86.8
2025-06-12 02:11:00,33.4
2025-06-12 10:13:00,65.6
2025-06-12 06:57:00,67.5
2025-06-12 23:54:00,12.9
2025-06-12 08:26:00,11.9
2025-06-12 11:22:00,96.0
2025-06-12 12:10:00,49.889081537019685
2025-06-12 03:13:00,57.5
2025-06-12 08:19:00,85.1
2025-06-12 17:19:00,52.4
2025-06-12 19:39:00,88.0
2025-06-12 20:29:00,11.7
2025-06-12 22:33:00,67.4
2025-06-12 13:28:00,49.889081537019685
2025-06-12 05:38:00,38.4
2025-06-12 12:27:00,31.6
2025-06-12 20:32:00,81.9
2025-06-12 07:13:00,63.1
2025-06-12 13:39:00,32.6
2025-06-12 23:05:00,76.3
2025-06-12 03:16:00,49.6
2025-06-12 01:45:00,4.8
2025-06-12 23:57:00,49.889081537019685
2025-06-12 04:51:00,99.6
2025-06-12 02:38:00,48.7
2025-06-12 20:17:00,67.3
2025-06-12 02:34:00,64.8
2025-06-12 23:53:00,60.1
2025-06-12 22:03:00,98.9
2025-06-12 17:08:00,75.2
2025-06-12 02:14:00,79.0
2025-06-12 05:42:00,37.5
2025-06-12 15:14:00,47.2
2025-06-12 06:07:00,49.889081537019685
2025-06-12 10:11:00,35.8
2025-06-12 07:21:00,1.6
2025-06-12 10:31:00,5.8
2025-06-12 00:12:00,20.4
2025-06-12 11:32:00,55.4
2025-06-12 16:32:00,27.0
2025-06-12 14:40:00,21.3
2025-06-12 21:56:00,79.1
2025-06-12 04:13:00,81.7
2025-06-12 01:01:00,5.7
2025-06-12 15:39:00,49.889081537019685
2025-06-12 01:07:00,99.2
2025-06-12 21:11:00,20.6
2025-06-12 02:15:00,4.3
2025-06-12 19:54:00,16.5
2025-06-12 19:16:00,15.3
2025-06-12 00:01:00,49.889081537019685
2025-06-12 04:18:00,49.889081537019685
2025-06-12 12:56:00,45.3
2025-06-12 12:38:00,85.4
2025-06-12 15:13:00,57.9
2025-06-12 08:52:00,11.1
2025-06-12 12:16:00,49.889081537019685
2025-06-12 06:24:00,6.1
2025-06-12 05:45:00,49.889081537019685
2025-06-12 19:30:00,62.1
2025-06-12 05:19:00,79.1
2025-06-12 19:29:00,68.8
2025-06-12 07:09:00,92.1
2025-06-12 01:20:00,15.7
2025-06-12 17:57:00,51.5
2025-06-12 22:16:00,33.2
2025-06-12 08:24:00,5.7
2025-06-12 12:21:00,91.2
2025-06-12 17:54:00,28.6
2025-06-12 23:41:00,98.2
2025-06-12 03:49:00,26.9
2025-06-12 16:30:00,14.0
2025-06-12 03:40:00,2.1
2025-06-12 14:47:00,19.1
2025-06-12 06:15:00,71.1
2025-06-12 21:39:00,31.0
2025-06-12 06:20:00,32.7
2025-06-12 10:09:00,49.889081537019685
2025-06-12 16:47:00,83.1
2025-06-12 00:11:00,16.7
2025-06-12 08:09:00,48.5
2025-06-12 12:34:00,34.2
2025-06-12 15:12:00,32.0
2025-06-12 07:39:00,3.3
2025-06-12 16:27:00,44.0
2025-06-12 20:55:00,92.2
2025-06-12 10:50:00,65.2
2025-06-12 23:58:00,25.7
2025-06-12 09:23:00,49.889081537019685
2025-06-12 17:27:00,22.2
2025-06-12 14:18:00,49.889081537019685
2025-06-12 09:53:00,2.2
2025-06-12 15:47:00,21.1
2025-06-12 08:35:00,67.8
2025-06-12 18:04:00,38.5
2025-06-12 18:09:00,98.3
2025-06-12 03:15:00,9.2
2025-06-12 14:06:00,49.889081537019685
2025-06-12 09:32:00,73.3
2025-06-12 11:16:00,49.889081537019685
2025-06-12 18:38:00,92.9
2025-06-12 19:50:00,38.3
2025-06-12 07:57:00,1.6
2025-06-12 02:00:00,70.9
2025-06-12 13:57:00,97.0
2025-06-12 19:13:00,76.2
2025-06-12 22:02:00,49.889081537019685
2025-06-12 00:56:00,54.6
2025-06-12 04:36:00,54.6
2025-06-12 07:52:00,15.6
2025-06-12 20:56:00,50.0
2025-06-12 21:47:00,58.3
2025-06-12 06:08:00,12.9
2025-06-12 17:48:00,98.5
2025-06-12 16:59:00,4.3
2025-06-12 04:25:00,41.7
2025-06-12 19:48:00,11.4
2025-06-12 02:16:00,49.889081537019685
2025-06-12 06:06:00,97.0
2025-06-12 17:16:00,48.5
2025-06-12 16:55:00,66.7
2025-06-12 06:25:00,49.889081537019685
2025-06-12 06:11:00,73.0
2025-06-12 17:49:00,49.889081537019685
2025-06-12 13:09:00,39.1
2025-06-12 09:17:00,97.6
2025-06-12 10:33:00,8.5
2025-06-12 00:57:00,83.0
2025-06-12 17:46:00,35.7
2025-06-12 21:17:00,93.0
2025-06-12 14:39:00,9.5
2025-06-12 13:50:00,54.5
2025-06-12 22:37:00,76.2
2025-06-12 18:40:00,10.5
2025-06-12 18:15:00,34.8
2025-06-12 12:30:00,90.0
2025-06-12 20:47:00,13.1
2025-06-12 08:56:00,19.2
2025-06-12 16:41:00,77.1
2025-06-12 02:11:00,19.9
2025-06-12 01:26:00,94.4
2025-06-12 09:22:00,88.8
2025-06-12 03:09:00,49.889081537019685
2025-06-12 17:04:00,49.889081537019685
2025-06-12 08:32:00,13.9
2025-06-12 16:35:00,66.2
2025-06-12 07:37:00,71.2
2025-06-12 10:14:00,38.3
2025-06-12 20:43:00,8.1
2025-06-12 17:53:00,83.9
2025-06-12 11:23:00,49.889081537019685
2025-06-12 07:55:00,49.889081537019685
2025-06-12 11:47:00,77.3
2025-06-12 07:01:00,8.5
2025-06-12 12:37:00,15.6
2025-06-12 14:37:00,41.5
2025-06-12 10:19:00,54.0
2025-06-12 12:42:00,66.3
2025-06-12 16:49:00,35.8
2025-06-12 03:22:00,73.2
2025-06-12 06:38:00,49.889081537019685
2025-06-12 16:05:00,54.9
2025-06-12 13:19:00,18.4
2025-06-12 20:02:00,39.5
2025-06-12 03:51:00,7.0
2025-06-12 11:54:00,49.889081537019685
2025-06-12 17:28:00,59.1
2025-06-12 17:09:00,76.7
2025-06-12 15:36:00,78.6
2025-06-12 12:08:00,49.889081537019685
2025-06-12 01:47:00,81.9
2025-06-12 03:23:00,1.8
2025-06-12 12:59:00,26.8
2025-06-12 10:32:00,77.4
2025-06-12 18:21:00,6.2
2025-06-12 00:28:00,15.7
2025-06-12 11:05:00,74.5
2025-06-12 06:30:00,3.6
2025-06-12 00:22:00,21.8
2025-06-12 07:59:00,43.0
2025-06-12 00:58:00,58.1
2025-06-12 07:27:00,4.3
2025-06-12 08:43:00,49.889081537019685
2025-06-12 06:27:00,14.6
2025-06-12 15:17:00,49.889081537019685
2025-06-12 00:38:00,62.7
2025-06-12 14:53:00,47.4
2025-06-12 07:42:00,50.1
2025-06-12 15:09:00,49.889081537019685
2025-06-12 00:17:00,70.5
2025-06-12 19:46:00,44.9
2025-06-12 05:31:00,92.2
2025-06-12 19:53:00,16.0
2025-06-12 07:04:00,95.3
2025-06-12 19:38:00,52.1
2025-06-12 19:21:00,98.6
2025-06-12 14:28:00,33.2
2025-06-12 15:55:00,99.3
2025-06-12 22:45:00,28.5
2025-06-12 00:03:00,49.889081537019685
2025-06-12 23:08:00,69.8
2025-06-12 03:03:00,92.5
2025-06-12 00:59:00,21.5
2025-06-12 06:37:00,33.4
2025-06-12 07:00:00,48.6
2025-06-12 01:44:00,32.1
2025-06-12 13:37:00,82.3
2025-06-12 04:04:00,49.889081537019685
2025-06-12 04:29:00,49.889081537019685
2025-06-12 05:35:00,58.9
2025-06-12 08:06:00,49.889081537019685
2025-06-12 13:01:00,31.7
2025-06-12 02:27:00,47.5
2025-06-12 06:53:00,79.2
2025-06-12 23:13:00,62.0
2025-06-12 01:52:00,72.6
2025-06-12 01:58:00,76.7
2025-06-12 08:49:00,90.5
2025-06-12 01:37:00,79.9
2025-06-12 08:31:00,86.9
2025-06-12 15:07:00,69.7
2025-06-12 13:32:00,59.5
2025-06-12 15:45:00,52.5
2025-06-12 05:10:00,49.889081537019685
2025-06-12 05:09:00,71.8
2025-06-12 12:09:00,57.4
2025-06-12 16:00:00,96.1
2025-06-12 06:36:00,98.3
2025-06-12 15:58:00,49.889081537019685
2025-06-12 03:12:00,45.9
2025-06-12 03:39:00,49.889081537019685
2025-06-12 08:20:00,90.4
2025-06-12 08:08:00,70.1
2025-06-12 05:23:00,30.1
2025-06-12 05:08:00,5.5
2025-06-12 19:42:00,95.9
2025-06-12 16:26:00,19.2
2025-06-12 07:10:00,41.9
2025-06-12 10:24:00,60.2
2025-06-12 13:29:00,31.0
2025-06-12 01:31:00,87.5
2025-06-12 01:50:00,41.6
2025-06-12 08:27:00,12.2
2025-06-12 20:04:00,92.2
2025-06-12 11:28:00,80.4
2025-06-12 01:24:00,9.6
2025-06-12 02:19:00,16.7
2025-06-12 13:04:00,96.3
2025-06-12 20:52:00,79.6
2025-06-12 00:25:00,1.0
2025-06-12 13:46:00,45.8
2025-06-12 00:42:00,50.1
2025-06-12 23:15:00,60.3
2025-06-12 01:48:00,63.4
2025-06-12 10:22:00,35.6
2025-06-12 20:09:00,79.5
2025-06-12 03:30:00,24.4
2025-06-12 11:02:00,81.6
2025-06-12 04:32:00,15.5
2025-06-12 19:58:00,69.3
2025-06-12 15:08:00,11.7
2025-06-12 23:18:00,30.5
2025-06-12 00:09:00,70.2
2025-06-12 08:38:00,12.9
2025-06-12 11:37:00,5.3
2025-06-12 00:21:00,25.8
2025-06-12 21:03:00,82.5
2025-06-12 06:57:00,49.889081537019685
2025-06-12 15:40:00,85.8
2025-06-12 04:31:00,12.1
2025-06-12 14:26:00,92.4
2025-06-12 07:28:00,49.889081537019685
2025-06-12 17:45:00,3.7
2025-06-12 19:27:00,55.3
2025-06-12 05:01:00,49.889081537019685
2025-06-12 12:35:00,80.1
2025-06-12 19:43:00,28.1
2025-06-12 06:26:00,92.1
2025-06-12 12:00:00,72.1
2025-06-12 06:45:00,49.889081537019685
2025-06-12 09:48:00,83.1
2025-06-12 07:40:00,78.4
2025-06-12 15:50:00,61.6
2025-06-12 13:52:00,87.7
2025-06-12 11:08:00,71.9
2025-06-12 04:55:00,96.6
2025-06-12 13:45:00,52.9
2025-06-12 15:56:00,88.0
2025-06-12 18:00:00,49.889081537019685
2025-06-12 17:38:00,81.5
2025-06-12 18:41:00,60.7
2025-06-12 21:41:00,23.0
2025-06-12 22:05:00,49.889081537019685
2025-06-12 16:40:00,28.1
2025-06-12 08:21:00,49.889081537019685
2025-06-12 02:29:00,93.9
2025-06-12 17:02:00,26.9
2025-06-12 23:06:00,63.9
2025-06-12 03:05:00,24.7
2025-06-12 13:36:00,77.6
2025-06-12 12:46:00,28.7
2025-06-12 03:43:00,87.6
2025-06-12 09:58:00,91.0
2025-06-12 08:01:00,73.2
2025-06-12 03:31:00,65.6
2025-06-12 21:37:00,92.4
2025-06-12 01:35:00,37.5
2025-06-12 09:59:00,12.8
2025-06-12 13:53:00,19.9
2025-06-12 15:18:00,60.0
2025-06-12 08:29:00,88.6
2025-06-12 21:56:00,78.8
2025-06-12 01:44:00,4.3
2025-06-12 22:34:00,19.3
2025-06-12 06:39:00,56.9
2025-06-12 11:59:00,22.2
2025-06-12 02:35:00,50.12778039031272
2025-06-12 23:21:00,12.6
2025-06-12 05:08:00,78.9
2025-06-12 20:32:00,23.4
2025-06-12 05:31:00,17.2
2025-06-12 02:50:00,95.7
2025-06-12 19:48:00,33.4
2025-06-12 23:11:00,63.8
2025-06-12 03:59:00,23.7
2025-06-12 07:49:00,89.9
2025-06-12 03:09:00,86.6
2025-06-12 10:40:00,14.2
2025-06-12 17:57:00,50.12778039031272
2025-06-12 13:35:00,57.7
2025-06-12 13:20:00,69.0
2025-06-12 01:03:00,91.7
2025-06-12 01:42:00,61.4
2025-06-12 10:42:00,15.8
2025-06-12 12:25:00,95.0
2025-06-12 23:27:00,2.1
2025-06-12 08:18:00,2.4
2025-06-12 15:21:00,40.6
2025-06-12 11:12:00,50.12778039031272
2025-06-12 17:09:00,42.9
2025-06-12 13:00:00,29.0
2025-06-12 22:50:00,34.8
2025-06-12 12:34:00,90.6
2025-06-12 16:02:00,0.6
2025-06-12 13:37:00,34.9
2025-06-12 18:41:00,58.7
2025-06-12 00:13:00,18.3
2025-06-12 04:04:00,81.3
2025-06-12 13:51:00,50.12778039031272
2025-06-12 23:47:00,50.12778039031272
2025-06-12 14:24:00,91.8
2025-06-12 17:59:00,12.5
2025-06-12 01:01:00,16.9
2025-06-12 03:19:00,21.7
2025-06-12 11:27:00,59.3
2025-06-12 05:59:00,79.2
2025-06-12 07:04:00,97.9
2025-06-12 01:19:00,44.8
2025-06-12 12:58:00,67.7
2025-06-12 20:56:00,50.12778039031272
2025-06-12 05:12:00,94.8
2025-06-12 19:28:00,3.2
2025-06-12 12:38:00,70.8
2025-06-12 10:33:00,77.0
2025-06-12 20:59:00,69.7
2025-06-12 13:11:00,19.9
2025-06-12 13:29:00,62.8
2025-06-12 04:44:00,39.4
2025-06-12 16:12:00,50.12778039031272
2025-06-12 22:15:00,50.12778039031272
2025-06-12 21:44:00,59.5
2025-06-12 10:53:00,70.4
2025-06-12 05:48:00,26.9
2025-06-12 15:03:00,40.6
2025-06-12 05:09:00,68.2
2025-06-12 22:43:00,49.8
2025-06-12 22:13:00,64.7
2025-06-12 17:07:00,83.8
2025-06-12 09:39:00,13.6
2025-06-12 04:55:00,55.8
2025-06-12 00:24:00,28.5
2025-06-12 12:40:00,38.2
2025-06-12 15:48:00,45.1
2025-06-12 02:47:00,80.3
2025-06-12 21:32:00,62.5
2025-06-12 03:10:00,29.9
2025-06-12 08:52:00,50.12778039031272
2025-06-12 21:21:00,40.3
2025-06-12 14:51:00,91.9
2025-06-12 18:23:00,72.8
2025-06-12 21:06:00,19.7
2025-06-12 01:17:00,1.3
2025-06-12 23:36:00,50.12778039031272
2025-06-12 01:35:00,7.0
2025-06-12 09:20:00,50.12778039031272
2025-06-12 10:47:00,50.12778039031272
2025-06-12 18:48:00,50.12778039031272
2025-06-12 19:03:00,19.4
2025-06-12 00:36:00,20.2
2025-06-12 16:06:00,50.12778039031272
2025-06-12 01:52:00,77.8
2025-06-12 10:21:00,26.5
2025-06-12 21:18:00,86.2
2025-06-12 23:19:00,6.9
2025-06-12 19:50:00,48.7
2025-06-12 19:42:00,16.8
2025-06-12 13:28:00,52.8
2025-06-12 06:12:00,17.0
2025-06-12 00:37:00,50.12778039031272
2025-06-12 10:56:00,81.5
2025-06-12 17:16:00,22.8
2025-06-12 16:57:00,47.3
2025-06-12 09:17:00,40.7
2025-06-12 14:05:00,55.3
2025-06-12 14:33:00,99.8
2025-06-12 23:48:00,92.1
2025-06-12 21:20:00,22.0
2025-06-12 11:08:00,53.7
2025-06-12 20:12:00,78.1
2025-06-12 04:17:00,62.8
2025-06-12 06:02:00,20.1
2025-06-12 08:16:00,65.8
2025-06-12 06:17:00,61.7
2025-06-12 02:20:00,20.0
2025-06-12 12:46:00,66.4
2025-06-12 18:04:00,53.8
2025-06-12 23:58:00,62.8
2025-06-12 10:44:00,58.6
2025-06-12 00:42:00,50.12778039031272
2025-06-12 10:59:00,7.8
2025-06-12 15:25:00,10.5
2025-06-12 09:21:00,51.1
2025-06-12 12:33:00,64.3
2025-06-12 16:23:00,57.7
2025-06-12 23:50:00,88.1
2025-06-12 10:49:00,93.7
2025-06-12 10:51:00,3.3
2025-06-12 06:14:00,36.7
2025-06-12 11:58:00,35.2
2025-06-12 06:56:00,65.1
2025-06-12 22:42:00,64.7
2025-06-12 01:16:00,1.2
2025-06-12 10:09:00,78.4
2025-06-12 03:11:00,89.0
2025-06-12 14:23:00,58.5
2025-06-12 21:13:00,45.5
2025-06-12 05:15:00,23.2
2025-06-12 08:48:00,26.3
2025-06-12 21:35:00,72.7
2025-06-12 18:43:00,50.12778039031272
2025-06-12 16:40:00,21.4
2025-06-12 20:17:00,92.0
2025-06-12 03:29:00,40.7
2025-06-12 15:24:00,33.8
2025-06-12 15:22:00,35.4
2025-06-12 16:47:00,33.1
2025-06-12 17:37:00,74.0
2025-06-12 03:31:00,16.6
2025-06-12 11:07:00,90.8
2025-06-12 04:47:00,61.1
2025-06-12 08:03:00,45.2
2025-06-12 09:18:00,26.6
2025-06-12 20:13:00,33.0
2025-06-12 22:12:00,56.5
2025-06-12 14:25:00,45.6
2025-06-12 13:10:00,69.6
2025-06-12 14:34:00,14.3
2025-06-12 21:46:00,44.3
2025-06-12 06:51:00,50.12778039031272
2025-06-12 07:32:00,37.0
2025-06-12 06:53:00,34.3
2025-06-12 01:05:00,98.6
2025-06-12 11:49:00,90.9
2025-06-12 20:06:00,12.7
2025-06-12 16:26:00,58.7
2025-06-12 00:19:00,50.12778039031272
2025-06-12 10:12:00,54.4
2025-06-12 04:24:00,50.12778039031272
2025-06-12 10:06:00,31.1
2025-06-12 21:01:00,37.8
2025-06-12 16:03:00,50.4
2025-06-12 17:01:00,68.4
2025-06-12 15:00:00,95.1
2025-06-12 07:38:00,50.12778039031272
2025-06-12 01:38:00,84.7
2025-06-12 14:18:00,50.12778039031272
2025-06-12 00:44:00,56.7
2025-06-12 20:50:00,27.3
2025-06-12 16:11:00,28.9
2025-06-12 21:19:00,54.7
2025-06-12 05:25:00,50.12778039031272
2025-06-12 22:55:00,21.9
2025-06-12 22:23:00,95.8
2025-06-12 14:28:00,38.0
2025-06-12 19:11:00,75.0
2025-06-12 03:38:00,50.12778039031272
2025-06-12 04:46:00,44.4
2025-06-12 12:48:00,62.7
2025-06-12 04:57:00,0.4
2025-06-12 11:13:00,48.6
2025-06-12 16:35:00,69.3
2025-06-12 16:25:00,76.0
2025-06-12 02:59:00,87.1
2025-06-12 04:39:00,95.7
2025-06-12 05:37:00,50.12778039031272
2025-06-12 23:31:00,50.12778039031272
2025-06-12 06:45:00,80.7
2025-06-12 00:45:00,50.12778039031272
2025-06-12 02:10:00,73.0
2025-06-12 06:50:00,27.1
2025-06-12 19:44:00,50.12778039031272
2025-06-12 02:03:00,39.8
2025-06-12 08:50:00,50.12778039031272
2025-06-12 02:12:00,54.8
2025-06-12 17:26:00,99.4
2025-06-12 22:06:00,73.7
2025-06-12 02:55:00,50.12778039031272
2025-06-12 22:28:00,50.12778039031272
2025-06-12 03:56:00,1.7
2025-06-12 04:41:00,3.4
2025-06-12 17:04:00,28.7
2025-06-12 04:53:00,50.12778039031272
2025-06-12 12:47:00,89.9
2025-06-12 08:33:00,40.3
2025-06-12 09:16:00,65.9
2025-06-12 22:08:00,50.7
2025-06-12 06:37:00,57.5
2025-06-12 12:12:00,11.0
2025-06-12 10:41:00,26.0
2025-06-12 09:15:00,50.12778039031272
2025-06-12 06:30:00,50.12778039031272
2025-06-12 11:00:00,75.5
2025-06-12 07:54:00,9.0
2025-06-12 11:15:00,13.6
2025-06-12 18:25:00,50.12778039031272
2025-06-12 13:54:00,51.1
2025-06-12 13:46:00,66.5
2025-06-12 19:57:00,94.9
2025-06-12 14:41:00,19.3
2025-06-12 08:06:00,23.0
2025-06-12 08:41:00,58.6
2025-06-12 20:23:00,32.4
2025-06-12 10:37:00,28.9
2025-06-12 21:40:00,88.8
2025-06-12 10:35:00,50.12778039031272
2025-06-12 08:53:00,35.4
2025-06-12 04:25:00,53.8
2025-06-12 23:35:00,92.7
2025-06-12 06:43:00,50.12778039031272
2025-06-12 00:03:00,67.5
2025-06-12 23:32:00,97.9
2025-06-12 21:26:00,2.4
2025-06-12 03:04:00,50.12778039031272
2025-06-12 07:51:00,15.8
2025-06-12 07:42:00,17.9
2025-06-12 23:13:00,50.12778039031272
2025-06-12 03:15:00,76.4
2025-06-12 11:06:00,30.7
2025-06-12 04:12:00,59.9
2025-06-12 16:50:00,79.0
2025-06-12 23:12:00,50.12778039031272
2025-06-12 19:32:00,71.2
2025-06-12 18:21:00,47.0
2025-06-12 04:26:00,10.9
2025-06-12 01:09:00,80.8
2025-06-12 23:38:00,69.7
2025-06-12 06:19:00,72.7
2025-06-12 14:56:00,60.2
2025-06-12 11:02:00,30.8
2025-06-12 23:02:00,31.6
2025-06-12 19:23:00,38.8
2025-06-12 14:14:00,50.12778039031272
2025-06-12 17:35:00,50.12778039031272
2025-06-12 06:25:00,2.7
2025-06-12 23:09:00,50.12778039031272
2025-06-12 17:44:00,78.3
2025-06-12 17:36:00,50.12778039031272
2025-06-12 07:25:00,73.1
2025-06-12 22:16:00,20.3
2025-06-12 14:12:00,62.9
2025-06-12 21:17:00,42.8
2025-06-12 16:30:00,51.5
2025-06-12 15:13:00,50.12778039031272
2025-06-12 01:13:00,17.8
2025-06-12 14:32:00,50.12778039031272
2025-06-12 01:04:00,75.9
2025-06-12 07:52:00,87.6
2025-06-12 19:37:00,89.9
2025-06-12 18:39:00,12.6
2025-06-12 23:43:00,52.5
2025-06-12 20:57:00,50.12778039031272
2025-06-12 19:38:00,95.9
2025-06-12 00:47:00,95.3
2025-06-12 17:03:00,4.5
2025-06-12 13:07:00,61.4
2025-06-12 09:34:00,40.8
2025-06-12 20:08:00,88.6
2025-06-12 01:07:00,98.6
2025-06-12 14:45:00,49.8
2025-06-12 06:54:00,20.1
2025-06-12 04:58:00,50.1655304792927
2025-06-12 06:39:00,76.1
2025-06-12 20:22:00,59.4
2025-06-12 14:40:00,50.1655304792927
2025-06-12 15:07:00,89.7
2025-06-12 15:40:00,97.7
2025-06-12 21:25:00,38.1
2025-06-12 22:31:00,28.4
2025-06-12 00:47:00,84.8
2025-06-12 02:55:00,48.2
2025-06-12 15:01:00,50.1655304792927
2025-06-12 18:56:00,42.7
2025-06-12 03:08:00,63.3
2025-06-12 03:36:00,70.7
2025-06-12 07:55:00,59.4
2025-06-12 14:53:00,61.0
2025-06-12 23:00:00,53.8
2025-06-12 23:01:00,62.5
2025-06-12 11:57:00,10.3
2025-06-12 18:36:00,47.6
2025-06-12 03:44:00,74.4
2025-06-12 17:17:00,54.0
2025-06-12 01:55:00,25.8
2025-06-12 21:08:00,41.6
2025-06-12 17:35:00,45.5
2025-06-12 20:48:00,74.9
2025-06-12 14:15:00,45.4
2025-06-12 23:16:00,51.6
2025-06-12 23:39:00,26.0
2025-06-12 20:57:00,35.2
2025-06-12 20:56:00,10.4
2025-06-12 02:35:00,20.5
2025-06-12 04:03:00,50.1655304792927
2025-06-12 21:32:00,36.5
2025-06-12 11:20:00,12.8
2025-06-12 05:04:00,50.1655304792927
2025-06-12 21:33:00,48.7
2025-06-12 17:37:00,56.9
2025-06-12 05:11:00,6.1
2025-06-12 22:50:00,50.1655304792927
2025-06-12 08:57:00,40.0
2025-06-12 03:27:00,20.7
2025-06-12 19:15:00,79.0
2025-06-12 02:43:00,75.1
2025-06-12 10:35:00,99.8
2025-06-12 03:54:00,29.9
2025-06-12 18:54:00,41.0
2025-06-12 17:05:00,50.1655304792927
2025-06-12 10:26:00,14.7
2025-06-12 00:01:00,12.2
2025-06-12 09:41:00,7.3
2025-06-12 07:50:00,17.4
2025-06-12 02:18:00,94.1
2025-06-12 13:38:00,27.3
2025-06-12 23:34:00,65.8
2025-06-12 06:12:00,30.8
2025-06-12 09:49:00,50.1655304792927
2025-06-12 04:53:00,62.7
2025-06-12 02:36:00,17.0
2025-06-12 13:14:00,91.9
2025-06-12 04:35:00,56.5
2025-06-12 05:08:00,78.8
2025-06-12 12:54:00,48.5
2025-06-12 18:29:00,95.2
2025-06-12 14:13:00,91.4
2025-06-12 22:47:00,37.3
2025-06-12 23:17:00,15.0
2025-06-12 21:34:00,50.1655304792927
2025-06-12 17:33:00,74.4
2025-06-12 08:29:00,19.7
2025-06-12 03:41:00,46.5
2025-06-12 21:46:00,55.6
2025-06-12 17:47:00,72.5
2025-06-12 20:58:00,7.0
2025-06-12 19:10:00,47.1
2025-06-12 22:05:00,63.5
2025-06-12 22:06:00,26.4
2025-06-12 00:52:00,16.5
2025-06-12 01:48:00,50.1655304792927
2025-06-12 00:18:00,2.3
2025-06-12 00:36:00,61.2
2025-06-12 12:48:00,98.8
2025-06-12 03:31:00,89.5
2025-06-12 23:33:00,85.6
2025-06-12 03:48:00,4.3
2025-06-12 18:39:00,60.0
2025-06-12 14:55:00,74.2
2025-06-12 04:47:00,10.5
2025-06-12 11:38:00,24.9
2025-06-12 04:43:00,94.5
2025-06-12 20:29:00,50.1655304792927
2025-06-12 21:51:00,54.7
2025-06-12 13:09:00,70.8
2025-06-12 16:36:00,44.7
2025-06-12 23:35:00,41.5
2025-06-12 05:21:00,27.7
2025-06-12 01:29:00,75.9
2025-06-12 14:08:00,2.2
2025-06-12 21:44:00,32.1
2025-06-12 07:13:00,81.0
2025-06-12 05:54:00,89.5
2025-06-12 03:33:00,82.4
2025-06-12 18:59:00,78.1
2025-06-12 03:43:00,68.0
2025-06-12 03:32:00,66.9
2025-06-12 20:32:00,22.6
2025-06-12 00:25:00,40.8
2025-06-12 10:00:00,14.5
2025-06-12 19:55:00,36.4
2025-06-12 04:55:00,61.8
2025-06-12 17:21:00,48.7
2025-06-12 14:52:00,23.0
2025-06-12 11:54:00,1.2
2025-06-12 19:31:00,32.9
2025-06-12 08:56:00,42.8
2025-06-12 23:30:00,36.1
2025-06-12 16:22:00,32.7
2025-06-12 00:29:00,96.5
2025-06-12 05:50:00,57.2
2025-06-12 21:05:00,98.7
2025-06-12 15:49:00,5.9
2025-06-12 05:18:00,57.1
2025-06-12 16:31:00,29.8
2025-06-12 03:49:00,44.0
2025-06-12 12:38:00,24.7
2025-06-12 13:59:00,34.0
2025-06-12 19:09:00,8.0
2025-06-12 01:25:00,87.5
2025-06-12 01:56:00,30.9
2025-06-12 15:54:00,43.0
2025-06-12 00:00:00,58.9
2025-06-12 21:01:00,91.3
2025-06-12 22:46:00,26.3
2025-06-12 03:12:00,63.2
2025-06-12 10:32:00,63.1
2025-06-12 07:37:00,13.9
2025-06-12 19:36:00,93.6
2025-06-12 02:33:00,63.8
2025-06-12 06:24:00,0.5
2025-06-12 11:07:00,55.1
2025-06-12 04:31:00,72.5
2025-06-12 19:27:00,95.7
2025-06-12 22:25:00,96.1
2025-06-12 01:21:00,26.8
2025-06-12 15:43:00,94.5
2025-06-12 13:41:00,43.7
2025-06-12 14:28:00,49.1
2025-06-12 03:34:00,97.0
2025-06-12 12:55:00,71.1
2025-06-12 15:37:00,49.5
2025-06-12 04:14:00,88.6
2025-06-12 06:40:00,2.7
2025-06-12 00:40:00,77.4
2025-06-12 10:16:00,61.6
2025-06-12 09:06:00,77.9
2025-06-12 23:09:00,50.1655304792927
2025-06-12 01:43:00,68.1
2025-06-12 15:47:00,99.1
2025-06-12 06:33:00,53.9
2025-06-12 09:56:00,20.5
2025-06-12 11:35:00,64.1
2025-06-12 19:56:00,50.1655304792927
2025-06-12 14:35:00,35.7
2025-06-12 19:11:00,6.2
2025-06-12 08:53:00,50.1655304792927
2025-06-12 19:50:00,9.2
2025-06-12 02:45:00,9.0
2025-06-12 05:52:00,1.1
2025-06-12 06:29:00,68.3
2025-06-12 01:41:00,63.1
2025-06-12 04:04:00,86.8
2025-06-12 01:16:00,88.8
2025-06-12 13:46:00,8.9
2025-06-12 15:21:00,77.6
2025-06-12 07:24:00,25.3
2025-06-12 10:54:00,50.1655304792927
2025-06-12 05:41:00,54.8
2025-06-12 06:14:00,95.6
2025-06-12 23:56:00,54.2
2025-06-12 03:10:00,50.2
2025-06-12 17:56:00,63.1
2025-06-12 17:36:00,27.5
2025-06-12 18:52:00,50.1655304792927
2025-06-12 03:14:00,50.1655304792927
2025-06-12 15:59:00,50.1655304792927
2025-06-12 02:40:00,64.4
2025-06-12 21:12:00,17.3
2025-06-12 16:40:00,58.9
2025-06-12 23:43:00,51.8
2025-06-12 07:05:00,60.8
2025-06-12 00:16:00,40.4
2025-06-12 19:05:00,94.5
2025-06-12 01:26:00,3.2
2025-06-12 00:55:00,9.3
2025-06-12 14:42:00,7.4
2025-06-12 20:40:00,23.6
2025-06-12 08:20:00,2.2
2025-06-12 00:05:00,53.8
2025-06-12 08:25:00,90.6
2025-06-12 17:28:00,92.0
2025-06-12 03:35:00,74.5
2025-06-12 02:57:00,54.4
2025-06-12 04:56:00,64.7
2025-06-12 05:06:00,50.1655304792927
2025-06-12 19:43:00,50.1655304792927
2025-06-12 01:33:00,12.3
2025-06-12 20:16:00,72.1
2025-06-12 06:18:00,53.4
2025-06-12 01:27:00,50.1655304792927
2025-06-12 14:07:00,26.4
2025-06-12 08:34:00,54.0
2025-06-12 19:22:00,15.8
2025-06-12 12:59:00,50.1655304792927
2025-06-12 03:57:00,29.9
2025-06-12 15:23:00,40.9
2025-06-12 15:08:00,14.6
2025-06-12 01:12:00,56.4
2025-06-12 17:23:00,38.3
2025-06-12 08:15:00,54.6
2025-06-12 02:51:00,27.0
2025-06-12 17:45:00,38.3
2025-06-12 18:44:00,43.6
2025-06-12 04:10:00,37.3
2025-06-12 19:59:00,61.5
2025-06-12 13:52:00,73.7
2025-06-12 02:28:00,49.4
2025-06-12 19:51:00,36.8
2025-06-12 00:43:00,25.3
2025-06-12 07:22:00,87.8
2025-06-12 20:03:00,53.5
2025-06-12 12:40:00,14.6
2025-06-12 10:06:00,50.1655304792927
2025-06-12 20:49:00,54.8
2025-06-12 18:02:00,3.6
2025-06-12 15:06:00,50.1655304792927
2025-06-12 16:01:00,35.6
2025-06-12 22:54:00,22.4
2025-06-12 14:18:00,71.6
2025-06-12 16:11:00,50.1655304792927
2025-06-12 20:25:00,86.0
2025-06-12 01:32:00,11.5
2025-06-12 03:38:00,10.2
2025-06-12 21:09:00,94.4
2025-06-12 05:43:00,88.3
2025-06-12 01:50:00,94.0
2025-06-12 18:49:00,50.1655304792927
2025-06-12 03:42:00,73.0
2025-06-12 03:25:00,46.0
2025-06-12 00:41:00,13.4
2025-06-12 00:30:00,19.4
2025-06-12 02:30:00,79.4
2025-06-12 17:30:00,89.9
2025-06-12 10:30:00,21.5
2025-06-12 03:24:00,59.7
2025-06-12 23:47:00,50.1655304792927
2025-06-12 18:41:00,94.7
2025-06-12 22:19:00,50.1655304792927
2025-06-12 10:49:00,51.1
2025-06-12 03:55:00,50.1655304792927
2025-06-12 23:40:00,56.4
2025-06-12 04:49:00,50.1655304792927
2025-06-12 03:39:00,50.1655304792927
2025-06-12 06:28:00,83.6
2025-06-12 20:04:00,75.2
2025-06-12 19:14:00,42.9
2025-06-12 12:23:00,54.2
2025-06-12 19:21:00,35.9
2025-06-12 02:06:00,88.3
2025-06-12 06:56:00,25.3
2025-06-12 15:28:00,78.8
2025-06-12 23:14:00,64.7
2025-06-12 06:04:00,69.9
2025-06-12 01:59:00,43.8
2025-06-12 00:03:00,19.5
2025-06-12 23:18:00,82.9
2025-06-12 23:07:00,94.2
2025-06-12 23:31:00,75.9
2025-06-12 21:39:00,40.1
2025-06-12 14:12:00,68.3
2025-06-12 07:43:00,37.5
2025-06-12 02:04:00,50.2
2025-06-12 16:49:00,15.1
2025-06-12 22:58:00,67.9
2025-06-12 11:53:00,97.2
2025-06-12 03:29:00,32.9
2025-06-12 15:33:00,67.5
2025-06-12 13:42:00,44.6
2025-06-12 17:01:00,50.1655304792927
2025-06-12 12:42:00,50.0
2025-06-12 02:49:00,84.2
2025-06-12 19:01:00,55.2
2025-06-12 09:34:00,13.9
2025-06-12 21:57:00,13.0
2025-06-12 04:19:00,85.3
2025-06-12 02:57:00,68.2
2025-06-12 17:31:00,50.16485882352941
2025-06-12 18:36:00,50.16485882352941
2025-06-12 20:34:00,90.4
2025-06-12 01:38:00,57.6
2025-06-12 05:58:00,59.2
2025-06-12 17:59:00,50.16485882352941
2025-06-12 11:47:00,50.16485882352941
2025-06-12 17:08:00,50.16485882352941
2025-06-12 22:39:00,98.1
2025-06-12 15:03:00,6.4
2025-06-12 10:36:00,54.5
2025-06-12 14:41:00,67.3
2025-06-12 00:19:00,99.8
2025-06-12 23:50:00,82.5
2025-06-12 16:58:00,50.16485882352941
2025-06-12 17:30:00,50.16485882352941
2025-06-12 17:33:00,50.16485882352941
2025-06-12 19:51:00,19.6
2025-06-12 10:39:00,38.0
2025-06-12 18:55:00,3.3
2025-06-12 04:10:00,53.3
2025-06-12 03:03:00,28.9
2025-06-12 03:42:00,50.16485882352941
2025-06-12 05:35:00,78.0
2025-06-12 01:40:00,43.4
2025-06-12 19:15:00,74.8
2025-06-12 00:51:00,44.6
2025-06-12 00:49:00,15.7
2025-06-12 09:06:00,63.0
2025-06-12 07:57:00,67.0
2025-06-12 19:07:00,48.0
2025-06-12 00:42:00,99.1
2025-06-12 06:53:00,13.1
2025-06-12 00:52:00,7.9
2025-06-12 04:09:00,59.1
2025-06-12 11:07:00,25.1
2025-06-12 13:18:00,32.7
2025-06-12 10:27:00,3.0
2025-06-12 13:02:00,65.2
2025-06-12 00:09:00,45.9
2025-06-12 02:10:00,74.5
2025-06-12 20:46:00,45.9
2025-06-12 09:07:00,90.2
2025-06-12 21:26:00,35.2
2025-06-12 06:20:00,39.6
2025-06-12 08:43:00,67.5
2025-06-12 14:14:00,70.9
2025-06-12 00:10:00,13.0
2025-06-12 16:11:00,81.9
2025-06-12 03:11:00,48.6
2025-06-12 03:34:00,68.0
2025-06-12 08:21:00,5.9
2025-06-12 21:06:00,79.7
2025-06-12 12:58:00,50.9
2025-06-12 12:36:00,50.16485882352941
2025-06-12 07:49:00,41.3
2025-06-12 03:04:00,59.8
2025-06-12 00:58:00,98.5
2025-06-12 16:34:00,63.3
2025-06-12 02:03:00,0.3
2025-06-12 14:09:00,16.7
2025-06-12 03:45:00,19.7
2025-06-12 22:51:00,22.6
2025-06-12 06:10:00,72.0
2025-06-12 15:31:00,29.2
2025-06-12 06:04:00,77.6
2025-06-12 05:28:00,95.1
2025-06-12 09:37:00,26.7
2025-06-12 22:36:00,50.16485882352941
2025-06-12 01:57:00,18.4
2025-06-12 22:41:00,50.16485882352941
2025-06-12 01:32:00,85.4
2025-06-12 05:00:00,50.16485882352941
2025-06-12 11:32:00,98.1
2025-06-12 16:15:00,67.7
2025-06-12 01:28:00,86.6
2025-06-12 01:37:00,52.5
2025-06-12 07:40:00,50.1
2025-06-12 04:11:00,2.8
2025-06-12 18:45:00,46.5
2025-06-12 23:21:00,87.8
2025-06-12 20:26:00,24.9
2025-06-12 22:53:00,17.7
2025-06-12 03:23:00,67.4
2025-06-12 10:08:00,54.7
2025-06-12 06:26:00,50.16485882352941
2025-06-12 12:12:00,16.9
2025-06-12 21:45:00,5.3
2025-06-12 03:28:00,84.0
2025-06-12 19:56:00,39.2
2025-06-12 12:26:00,85.8
2025-06-12 07:41:00,38.7
2025-06-12 01:03:00,62.5
2025-06-12 03:37:00,39.7
2025-06-12 20:24:00,50.16485882352941
2025-06-12 04:18:00,70.4
2025-06-12 02:06:00,35.1
2025-06-12 16:40:00,50.16485882352941
2025-06-12 00:25:00,34.4
2025-06-12 07:46:00,17.4
2025-06-12 19:09:00,30.8
2025-06-12 09:42:00,65.7
2025-06-12 05:41:00,64.8
2025-06-12 21:48:00,92.8
2025-06-12 23:15:00,17.2
2025-06-12 04:37:00,33.6
2025-06-12 11:02:00,40.7
2025-06-12 07:31:00,90.9
2025-06-12 15:35:00,46.2
2025-06-12 01:00:00,72.6
2025-06-12 23:01:00,65.6
2025-06-12 00:38:00,92.5
2025-06-12 11:17:00,56.7
2025-06-12 06:30:00,53.4
2025-06-12 06:05:00,5.5
2025-06-12 00:15:00,50.16485882352941
2025-06-12 05:57:00,50.16485882352941
2025-06-12 21:34:00,98.1
2025-06-12 17:37:00,66.2
2025-06-12 23:59:00,6.9
2025-06-12 08:38:00,53.2
2025-06-12 07:00:00,44.7
2025-06-12 04:28:00,24.4
2025-06-12 06:08:00,66.9
2025-06-12 12:33:00,87.3
2025-06-12 20:13:00,22.9
2025-06-12 23:38:00,50.16485882352941
2025-06-12 14:47:00,98.1
2025-06-12 20:14:00,96.8
2025-06-12 00:54:00,78.0
2025-06-12 15:34:00,76.8
2025-06-12 00:18:00,20.1
2025-06-12 01:15:00,18.6
2025-06-12 00:16:00,23.4
2025-06-12 19:28:00,3.9
2025-06-12 06:02:00,68.0
2025-06-12 06:27:00,50.16485882352941
2025-06-12 16:49:00,50.16485882352941
2025-06-12 06:25:00,63.3
2025-06-12 18:11:00,50.16485882352941
2025-06-12 02:49:00,29.6
2025-06-12 02:46:00,9.5
2025-06-12 16:06:00,40.8
2025-06-12 01:22:00,74.8
2025-06-12 09:39:00,97.7
2025-06-12 18:31:00,50.16485882352941
2025-06-12 08:17:00,50.16485882352941
2025-06-12 00:36:00,49.9
2025-06-12 10:18:00,69.9
2025-06-12 17:32:00,29.0
2025-06-12 06:46:00,21.0
2025-06-12 06:43:00,50.16485882352941
2025-06-12 01:10:00,20.0
2025-06-12 06:12:00,14.2
2025-06-12 05:56:00,50.16485882352941
2025-06-12 21:42:00,78.6
2025-06-12 15:29:00,28.0
2025-06-12 15:50:00,59.3
2025-06-12 08:29:00,50.6
2025-06-12 23:40:00,43.6
2025-06-12 21:46:00,61.4
2025-06-12 20:57:00,69.4
2025-06-12 14:26:00,8.6
2025-06-12 21:49:00,9.9
2025-06-12 20:02:00,68.5
2025-06-12 17:46:00,72.9
2025-06-12 00:23:00,58.5
2025-06-12 03:17:00,50.16485882352941
2025-06-12 10:53:00,40.0
2025-06-12 05:36:00,35.9
2025-06-12 09:15:00,95.6
2025-06-12 23:18:00,49.5
2025-06-12 02:34:00,50.8
2025-06-12 07:01:00,22.4
2025-06-12 02:32:00,30.3
2025-06-12 12:50:00,9.5
2025-06-12 08:27:00,99.5
2025-06-12 04:13:00,33.3
2025-06-12 16:19:00,88.5
2025-06-12 18:26:00,70.9
2025-06-12 11:48:00,50.16485882352941
2025-06-12 22:43:00,77.8
2025-06-12 03:54:00,45.7
2025-06-12 08:23:00,66.5
2025-06-12 16:57:00,31.4
2025-06-12 21:35:00,46.0
2025-06-12 00:01:00,84.9
2025-06-12 12:59:00,50.16485882352941
2025-06-12 00:12:00,35.7
2025-06-12 19:30:00,45.8
2025-06-12 15:30:00,52.6
2025-06-12 08:35:00,66.0
2025-06-12 08:50:00,50.16485882352941
2025-06-12 07:23:00,87.7
2025-06-12 19:55:00,14.5
2025-06-12 16:07:00,50.16485882352941
2025-06-12 23:36:00,66.9
2025-06-12 16:28:00,88.8
2025-06-12 04:44:00,67.3
2025-06-12 08:10:00,50.16485882352941
2025-06-12 11:46:00,70.1
2025-06-12 07:03:00,39.3
2025-06-12 07:14:00,50.16485882352941
2025-06-12 06:34:00,46.8
2025-06-12 23:47:00,91.9
2025-06-12 10:46:00,65.3
2025-06-12 18:53:00,27.1
2025-06-12 00:31:00,7.0
2025-06-12 22:29:00,32.6
2025-06-12 23:24:00,46.0
2025-06-12 22:07:00,15.7
2025-06-12 10:10:00,50.16485882352941
2025-06-12 18:23:00,38.9
2025-06-12 13:56:00,88.8
2025-06-12 03:15:00,19.3
2025-06-12 17:35:00,8.6
2025-06-12 09:29:00,34.0
2025-06-12 10:43:00,49.8
2025-06-12 07:02:00,50.16485882352941
2025-06-12 12:51:00,88.0
2025-06-12 19:59:00,22.8
2025-06-12 05:51:00,82.1
2025-06-12 19:11:00,99.9
2025-06-12 18:04:00,76.1
2025-06-12 21:04:00,80.8
2025-06-12 22:24:00,15.1
2025-06-12 17:51:00,44.5
2025-06-12 23:03:00,15.2
2025-06-12 01:24:00,71.9
2025-06-12 06:15:00,18.9
2025-06-12 09:01:00,24.1
2025-06-12 07:22:00,29.9
2025-06-12 10:57:00,94.1
2025-06-12 07:48:00,89.1
2025-06-12 16:42:00,71.8
2025-06-12 20:10:00,79.3
2025-06-12 11:28:00,77.3
2025-06-12 07:28:00,45.9
2025-06-12 00:35:00,49.8
2025-06-12 23:07:00,50.16485882352941
2025-06-12 23:29:00,50.16485882352941
2025-06-12 04:30:00,78.7
2025-06-12 17:52:00,50.16485882352941
2025-06-12 06:03:00,47.3
2025-06-12 06:21:00,95.3
2025-06-12 22:45:00,32.0
2025-06-12 09:41:00,50.16485882352941
2025-06-12 04:27:00,79.6
2025-06-12 13:38:00,0.6
2025-06-12 11:42:00,14.7
2025-06-12 20:16:00,24.0
2025-06-12 23:49:00,14.6
2025-06-12 14:00:00,50.16485882352941
2025-06-12 19:31:00,63.3
2025-06-12 05:59:00,67.6
2025-06-12 02:35:00,48.9
2025-06-12 20:20:00,69.3
2025-06-12 00:17:00,16.9
2025-06-12 00:33:00,23.5
2025-06-12 22:04:00,50.16485882352941
2025-06-12 17:20:00,50.16485882352941
2025-06-12 13:44:00,16.2
2025-06-12 02:05:00,18.4
2025-06-12 21:55:00,2.9
2025-06-12 01:17:00,47.9
2025-06-12 20:33:00,82.0
2025-06-12 21:27:00,32.3
2025-06-12 08:39:00,50.16485882352941
2025-06-12 07:58:00,37.7
2025-06-12 21:07:00,37.9
2025-06-12 20:53:00,35.5
2025-06-12 17:04:00,84.9
2025-06-12 08:44:00,41.5
2025-06-12 15:40:00,27.5
2025-06-12 16:02:00,31.1
2025-06-12 23:44:00,50.16485882352941
2025-06-12 09:46:00,50.16485882352941
2025-06-12 11:56:00,50.16485882352941
2025-06-12 18:15:00,31.0
2025-06-12 16:12:00,50.16485882352941
2025-06-12 04:45:00,64.9
2025-06-12 09:00:00,14.9
2025-06-12 11:55:00,69.1
2025-06-12 11:40:00,56.0
2025-06-12 22:20:00,8.3
2025-06-12 21:03:00,16.0
2025-06-12 10:02:00,50.16485882352941
2025-06-12 02:08:00,97.6
2025-06-12 05:30:00,90.7
2025-06-12 08:49:00,4.4
2025-06-12 10:30:00,89.6
2025-06-12 00:13:00,32.5
2025-06-12 22:05:00,13.6
2025-06-12 01:05:00,64.2
2025-06-12 18:27:00,50.16485882352941
2025-06-12 10:17:00,12.1
2025-06-12 13:33:00,50.16485882352941
2025-06-12 13:07:00,50.16485882352941
2025-06-12 22:49:00,30.5
2025-06-12 04:43:00,78.5
2025-06-12 22:31:00,83.1
2025-06-12 19:25:00,78.6
2025-06-12 03:10:00,13.2
2025-06-12 06:16:00,50.16485882352941
2025-06-12 06:50:00,50.16485882352941
2025-06-12 07:34:00,77.5
2025-06-12 21:14:00,46.7
2025-06-12 08:34:00,9.5
2025-06-12 21:11:00,1.4
2025-06-12 09:59:00,55.5
2025-06-12 07:05:00,50.9
2025-06-12 20:19:00,49.7
2025-06-12 22:58:00,31.7
2025-06-12 14:36:00,49.40323484760014
2025-06-12 14:54:00,68.6
2025-06-12 09:39:00,25.7
2025-06-12 01:28:00,49.40323484760014
2025-06-12 17:56:00,49.40323484760014
2025-06-12 14:45:00,49.40323484760014
2025-06-12 16:35:00,9.0
2025-06-12 19:05:00,42.8
2025-06-12 19:22:00,52.6
2025-06-12 21:58:00,69.1
2025-06-12 06:43:00,91.4
2025-06-12 08:00:00,62.7
2025-06-12 08:32:00,45.0
2025-06-12 16:49:00,79.9
2025-06-12 04:38:00,33.0
2025-06-12 15:15:00,38.6
2025-06-12 00:01:00,49.40323484760014
2025-06-12 21:08:00,53.4
2025-06-12 08:55:00,84.9
2025-06-12 17:54:00,68.6
2025-06-12 16:54:00,49.40323484760014
2025-06-12 03:36:00,70.3
2025-06-12 17:44:00,29.0
2025-06-12 22:23:00,49.40323484760014
2025-06-12 18:42:00,30.1
2025-06-12 23:25:00,85.4
2025-06-12 23:27:00,59.5
2025-06-12 05:24:00,49.40323484760014
2025-06-12 06:14:00,42.1
2025-06-12 04:56:00,76.0
2025-06-12 06:46:00,14.3
2025-06-12 22:38:00,68.8
2025-06-12 14:28:00,31.8
2025-06-12 09:28:00,33.8
2025-06-12 21:10:00,13.7
2025-06-12 02:39:00,11.0
2025-06-12 17:53:00,6.1
2025-06-12 09:03:00,52.5
2025-06-12 20:13:00,49.40323484760014
2025-06-12 21:06:00,49.40323484760014
2025-06-12 09:13:00,11.1
2025-06-12 05:59:00,50.6
2025-06-12 19:58:00,71.5
2025-06-12 17:50:00,11.8
2025-06-12 11:42:00,48.9
2025-06-12 12:56:00,77.9
2025-06-12 06:01:00,96.6
2025-06-12 04:37:00,40.7
2025-06-12 19:46:00,13.3
2025-06-12 11:10:00,16.6
2025-06-12 13:13:00,96.2
2025-06-12 17:10:00,49.40323484760014
2025-06-12 23:05:00,99.5
2025-06-12 03:28:00,91.3
2025-06-12 06:31:00,64.1
2025-06-12 01:41:00,48.2
2025-06-12 08:46:00,97.5
2025-06-12 14:18:00,22.7
2025-06-12 02:59:00,36.6
2025-06-12 13:50:00,95.5
2025-06-12 16:38:00,28.8
2025-06-12 04:26:00,15.9
2025-06-12 19:00:00,50.3
2025-06-12 00:05:00,70.3
2025-06-12 00:12:00,73.2
2025-06-12 14:55:00,49.40323484760014
2025-06-12 07:56:00,49.40323484760014
2025-06-12 01:44:00,97.8
2025-06-12 06:54:00,13.6
2025-06-12 21:25:00,45.3
2025-06-12 00:16:00,38.6
2025-06-12 13:04:00,56.1
2025-06-12 15:52:00,66.9
2025-06-12 08:08:00,61.3
2025-06-12 03:26:00,95.0
2025-06-12 20:15:00,53.4
2025-06-12 15:24:00,54.6
2025-06-12 03:50:00,88.2
2025-06-12 10:48:00,93.3
2025-06-12 11:14:00,98.1
2025-06-12 08:59:00,50.7
2025-06-12 09:32:00,44.5
2025-06-12 09:07:00,96.6
2025-06-12 21:24:00,39.4
2025-06-12 14:51:00,49.40323484760014
2025-06-12 04:58:00,34.1
2025-06-12 18:08:00,49.40323484760014
2025-06-12 09:53:00,51.2
2025-06-12 23:17:00,76.0
2025-06-12 19:40:00,85.9
2025-06-12 22:15:00,0.7
2025-06-12 08:33:00,81.3
2025-06-12 22:02:00,31.8
2025-06-12 07:32:00,54.7
2025-06-12 10:46:00,49.40323484760014
2025-06-12 20:04:00,72.6
2025-06-12 19:02:00,49.40323484760014
2025-06-12 09:51:00,73.3
2025-06-12 16:03:00,35.7
2025-06-12 22:27:00,58.3
2025-06-12 17:51:00,34.8
2025-06-12 01:09:00,79.5
2025-06-12 01:56:00,81.0
2025-06-12 05:47:00,92.6
2025-06-12 01:10:00,55.3
2025-06-12 04:25:00,48.8
2025-06-12 22:03:00,62.9
2025-06-12 09:18:00,83.4
2025-06-12 23:20:00,49.40323484760014
2025-06-12 11:39:00,70.0
2025-06-12 03:15:00,83.9
2025-06-12 01:04:00,49.40323484760014
2025-06-12 05:17:00,79.6
2025-06-12 12:29:00,17.7
2025-06-12 15:35:00,9.7
2025-06-12 06:04:00,8.6
2025-06-12 10:14:00,13.2
2025-06-12 23:58:00,13.3
2025-06-12 01:46:00,64.4
2025-06-12 01:06:00,7.4
2025-06-12 12:37:00,49.1
2025-06-12 17:12:00,44.5
2025-06-12 14:34:00,75.2
2025-06-12 02:34:00,49.0
2025-06-12 03:53:00,11.2
2025-06-12 01:33:00,54.4
2025-06-12 22:50:00,59.4
2025-06-12 14:09:00,59.7
2025-06-12 08:15:00,61.3
2025-06-12 13:19:00,92.5
2025-06-12 17:23:00,59.5
2025-06-12 22:14:00,19.5
2025-06-12 17:32:00,43.0
2025-06-12 22:28:00,95.8
2025-06-12 14:06:00,49.40323484760014
2025-06-12 19:23:00,49.40323484760014
2025-06-12 08:17:00,42.4
2025-06-12 05:10:00,27.3
2025-06-12 05:50:00,31.3
2025-06-12 06:05:00,17.3
2025-06-12 00:29:00,68.1
2025-06-12 23:45:00,90.9
2025-06-12 06:39:00,49.40323484760014
2025-06-12 10:32:00,59.9
2025-06-12 01:22:00,15.5
2025-06-12 08:50:00,6.3
2025-06-12 14:11:00,49.40323484760014
2025-06-12 09:16:00,17.9
2025-06-12 12:01:00,33.5
2025-06-12 19:21:00,33.7
2025-06-12 20:39:00,23.1
2025-06-12 03:37:00,23.6
2025-06-12 19:31:00,78.2
2025-06-12 17:47:00,49.40323484760014
2025-06-12 03:45:00,12.6
2025-06-12 22:10:00,16.0
2025-06-12 10:36:00,15.5
2025-06-12 09:23:00,6.3
2025-06-12 22:21:00,49.40323484760014
2025-06-12 15:39:00,20.2
2025-06-12 20:41:00,66.3
2025-06-12 04:35:00,70.5
2025-06-12 03:09:00,94.3
2025-06-12 21:42:00,22.5
2025-06-12 21:33:00,52.7
2025-06-12 13:56:00,50.3
2025-06-12 23:07:00,49.40323484760014
2025-06-12 00:54:00,11.2
2025-06-12 04:52:00,87.5
2025-06-12 06:22:00,68.8
2025-06-12 15:19:00,55.4
2025-06-12 13:28:00,76.8
2025-06-12 04:17:00,47.9
2025-06-12 03:29:00,49.40323484760014
2025-06-12 09:45:00,48.6
2025-06-12 11:57:00,54.9
2025-06-12 21:46:00,14.3
2025-06-12 12:14:00,70.2
2025-06-12 10:00:00,47.7
2025-06-12 15:04:00,69.8
2025-06-12 13:18:00,38.1
2025-06-12 11:43:00,64.4
2025-06-12 09:08:00,42.3
2025-06-12 13:44:00,82.1
2025-06-12 06:50:00,86.1
2025-06-12 06:18:00,31.2
2025-06-12 21:19:00,31.6
2025-06-12 21:56:00,31.1
2025-06-12 02:32:00,39.8
2025-06-12 23:52:00,41.5
2025-06-12 14:16:00,18.1
2025-06-12 01:24:00,69.1
2025-06-12 11:45:00,49.40323484760014
2025-06-12 01:05:00,76.2
2025-06-12 21:05:00,30.9
2025-06-12 04:16:00,53.3
2025-06-12 22:39:00,49.40323484760014
2025-06-12 11:12:00,64.2
2025-06-12 20:22:00,49.40323484760014
2025-06-12 19:41:00,1.3
2025-06-12 21:13:00,49.40323484760014
2025-06-12 12:02:00,49.40323484760014
2025-06-12 11:17:00,49.40323484760014
2025-06-12 10:28:00,14.1
2025-06-12 09:05:00,84.6
2025-06-12 14:24:00,16.0
2025-06-12 16:12:00,86.2
2025-06-12 20:14:00,6.0
2025-06-12 08:49:00,49.40323484760014
2025-06-12 06:56:00,35.8
2025-06-12 04:59:00,58.1
2025-06-12 20:23:00,49.40323484760014
2025-06-12 18:09:00,93.5
2025-06-12 15:30:00,3.9
2025-06-12 08:13:00,92.9
2025-06-12 09:44:00,94.0
2025-06-12 21:18:00,77.2
2025-06-12 19:36:00,88.5
2025-06-12 17:38:00,73.8
2025-06-12 20:17:00,53.3
2025-06-12 05:11:00,47.1
2025-06-12 09:29:00,84.4
2025-06-12 12:05:00,49.40323484760014
2025-06-12 23:40:00,93.2
2025-06-12 13:10:00,5.3
2025-06-12 23:03:00,91.7
2025-06-12 13:15:00,7.4
2025-06-12 05:57:00,35.4
2025-06-12 06:25:00,77.5
2025-06-12 14:17:00,5.2
2025-06-12 00:50:00,69.6
2025-06-12 15:45:00,62.8
2025-06-12 23:42:00,70.5
2025-06-12 16:08:00,77.5
2025-06-12 11:18:00,24.9
2025-06-12 04:13:00,66.7
2025-06-12 01:47:00,49.8
2025-06-12 23:22:00,49.40323484760014
2025-06-12 20:42:00,64.3
2025-06-12 05:01:00,97.3
2025-06-12 10:25:00,51.7
2025-06-12 21:47:00,35.0
2025-06-12 01:31:00,54.6
2025-06-12 15:16:00,21.1
2025-06-12 13:35:00,14.3
2025-06-12 13:51:00,33.7
2025-06-12 00:40:00,86.7
2025-06-12 04:40:00,49.40323484760014
2025-06-12 03:42:00,27.7
2025-06-12 00:30:00,74.8
2025-06-12 18:41:00,83.4
2025-06-12 18:49:00,49.40323484760014
2025-06-12 15:13:00,65.8
2025-06-12 01:35:00,13.7
2025-06-12 07:48:00,49.40323484760014
2025-06-12 17:17:00,54.6
2025-06-12 11:35:00,66.1
2025-06-12 16:25:00,2.6
2025-06-12 22:34:00,86.4
2025-06-12 16:27:00,41.7
2025-06-12 19:55:00,29.5
2025-06-12 05:19:00,49.40323484760014
2025-06-12 13:47:00,50.4
2025-06-12 03:22:00,7.2
2025-06-12 07:06:00,57.4
2025-06-12 00:18:00,41.8
2025-06-12 17:26:00,58.0
2025-06-12 16:09:00,2.0
2025-06-12 12:27:00,18.8
2025-06-12 06:38:00,49.40323484760014
2025-06-12 07:42:00,21.4
2025-06-12 21:32:00,8.1
2025-06-12 05:42:00,50.6
2025-06-12 08:01:00,52.4
2025-06-12 11:58:00,20.1
2025-06-12 07:43:00,70.1
2025-06-12 16:24:00,48.0
2025-06-12 00:07:00,89.6
2025-06-12 04:34:00,75.6
2025-06-12 00:44:00,38.6
2025-06-12 04:15:00,49.40323484760014
2025-06-12 02:09:00,24.7
2025-06-12 12:18:00,51.7
2025-06-12 07:07:00,88.4
2025-06-12 11:55:00,63.8
2025-06-12 23:37:00,9.3
2025-06-12 16:24:00,95.9
2025-06-12 00:30:00,29.0
2025-06-12 23:54:00,39.8
2025-06-12 09:48:00,12.6
2025-06-12 05:36:00,91.5
2025-06-12 17:20:00,50.400661703887515
2025-06-12 09:05:00,76.8
2025-06-12 19:03:00,50.400661703887515
2025-06-12 03:13:00,91.9
2025-06-12 08:50:00,56.0
2025-06-12 06:42:00,76.4
2025-06-12 08:22:00,56.1
2025-06-12 03:27:00,73.0
2025-06-12 04:52:00,27.4
2025-06-12 15:56:00,4.1
2025-06-12 05:52:00,75.6
2025-06-12 18:20:00,39.5
2025-06-12 02:20:00,8.4
2025-06-12 11:33:00,27.3
2025-06-12 23:02:00,99.2
2025-06-12 02:36:00,76.8
2025-06-12 23:45:00,93.4
2025-06-12 03:44:00,23.5
2025-06-12 16:34:00,8.0
2025-06-12 21:12:00,79.4
2025-06-12 11:07:00,0.5
2025-06-12 17:50:00,10.8
2025-06-12 14:28:00,24.5
2025-06-12 00:41:00,50.400661703887515
2025-06-12 01:21:00,97.1
2025-06-12 09:23:00,23.1
2025-06-12 08:54:00,96.5
2025-06-12 06:38:00,50.400661703887515
2025-06-12 20:18:00,59.4
2025-06-12 20:08:00,3.6
2025-06-12 02:58:00,76.4
2025-06-12 05:22:00,12.0
2025-06-12 07:47:00,50.400661703887515
2025-06-12 22:57:00,71.6
2025-06-12 15:54:00,63.2
2025-06-12 10:10:00,27.2
2025-06-12 18:59:00,95.9
2025-06-12 21:17:00,22.5
2025-06-12 01:36:00,95.2
2025-06-12 19:27:00,39.4
2025-06-12 22:40:00,50.400661703887515
2025-06-12 14:56:00,50.400661703887515
2025-06-12 11:10:00,97.9
2025-06-12 09:25:00,74.9
2025-06-12 21:19:00,16.8
2025-06-12 09:13:00,76.3
2025-06-12 22:25:00,91.4
2025-06-12 11:45:00,59.6
2025-06-12 05:19:00,92.2
2025-06-12 22:48:00,20.6
2025-06-12 03:58:00,26.2
2025-06-12 09:12:00,37.0
2025-06-12 06:23:00,88.0
2025-06-12 06:18:00,17.5
2025-06-12 01:20:00,61.6
2025-06-12 22:03:00,75.5
2025-06-12 13:15:00,47.1
2025-06-12 05:00:00,50.400661703887515
2025-06-12 03:22:00,53.9
2025-06-12 16:25:00,14.0
2025-06-12 13:11:00,75.9
2025-06-12 06:37:00,33.1
2025-06-12 13:03:00,50.400661703887515
2025-06-12 07:58:00,88.4
2025-06-12 09:06:00,50.400661703887515
2025-06-12 10:46:00,50.1
2025-06-12 12:17:00,50.400661703887515
2025-06-12 13:46:00,39.7
2025-06-12 14:55:00,66.4
2025-06-12 07:51:00,13.4
2025-06-12 11:25:00,28.9
2025-06-12 13:28:00,17.5
2025-06-12 22:07:00,50.400661703887515
2025-06-12 05:21:00,99.5
2025-06-12 04:39:00,52.2
2025-06-12 08:25:00,20.2
2025-06-12 11:43:00,50.400661703887515
2025-06-12 17:13:00,50.400661703887515
2025-06-12 10:37:00,48.0
2025-06-12 03:25:00,50.8
2025-06-12 13:23:00,70.9
2025-06-12 18:41:00,86.6
2025-06-12 17:01:00,37.4
2025-06-12 22:47:00,80.5
2025-06-12 05:54:00,65.3
2025-06-12 23:31:00,58.3
2025-06-12 11:58:00,18.2
2025-06-12 01:37:00,55.9
2025-06-12 07:46:00,46.0
2025-06-12 20:41:00,97.9
2025-06-12 20:09:00,21.1
2025-06-12 12:21:00,21.9
2025-06-12 10:47:00,50.400661703887515
2025-06-12 05:31:00,36.7
2025-06-12 18:36:00,67.6
2025-06-12 04:51:00,91.7
2025-06-12 03:15:00,25.2
2025-06-12 13:29:00,44.2
2025-06-12 08:13:00,33.0
2025-06-12 12:01:00,33.0
2025-06-12 20:01:00,50.400661703887515
2025-06-12 15:48:00,43.2
2025-06-12 22:49:00,19.4
2025-06-12 23:00:00,81.4
2025-06-12 14:12:00,20.5
2025-06-12 03:37:00,16.6
2025-06-12 22:00:00,10.7
2025-06-12 02:12:00,54.0
2025-06-12 07:21:00,24.6
2025-06-12 14:53:00,76.0
2025-06-12 11:53:00,74.9
2025-06-12 01:12:00,86.5
2025-06-12 17:12:00,97.5
2025-06-12 01:09:00,30.6
2025-06-12 04:14:00,50.400661703887515
2025-06-12 07:18:00,20.1
2025-06-12 21:39:00,43.7
2025-06-12 06:29:00,59.8
2025-06-12 05:59:00,6.1
2025-06-12 09:27:00,10.0
2025-06-12 14:51:00,11.7
2025-06-12 13:08:00,50.400661703887515
2025-06-12 07:59:00,84.0
2025-06-12 11:09:00,67.5
2025-06-12 02:18:00,83.6
2025-06-12 22:38:00,41.6
2025-06-12 22:56:00,27.7
2025-06-12 15:17:00,61.9
2025-06-12 01:11:00,99.1
2025-06-12 15:31:00,50.400661703887515
2025-06-12 21:27:00,50.400661703887515
2025-06-12 21:13:00,42.0
2025-06-12 03:39:00,34.9
2025-06-12 10:52:00,55.0
2025-06-12 22:10:00,52.3
2025-06-12 03:10:00,50.400661703887515
2025-06-12 04:45:00,16.1
2025-06-12 09:40:00,14.7
2025-06-12 18:47:00,18.7
2025-06-12 21:11:00,11.0
2025-06-12 10:17:00,13.6
2025-06-12 13:25:00,26.3
2025-06-12 09:01:00,47.3
2025-06-12 15:30:00,22.3
2025-06-12 07:43:00,47.9
2025-06-12 03:24:00,0.6
2025-06-12 11:06:00,65.3
2025-06-12 00:58:00,50.400661703887515
2025-06-12 05:49:00,27.9
2025-06-12 19:12:00,37.1
2025-06-12 05:41:00,52.2
2025-06-12 06:12:00,40.1
2025-06-12 21:38:00,64.3
2025-06-12 18:22:00,96.4
2025-06-12 10:22:00,68.3
2025-06-12 21:42:00,3.0
2025-06-12 04:54:00,31.7
2025-06-12 04:58:00,56.7
2025-06-12 05:16:00,59.2
2025-06-12 08:26:00,10.6
2025-06-12 13:33:00,74.7
2025-06-12 19:05:00,50.400661703887515
2025-06-12 18:56:00,74.4
2025-06-12 12:06:00,85.8
2025-06-12 14:54:00,15.2
2025-06-12 14:00:00,34.0
2025-06-12 14:45:00,34.7
2025-06-12 07:14:00,15.5
2025-06-12 00:13:00,17.0
2025-06-12 04:24:00,51.0
2025-06-12 00:14:00,82.5
2025-06-12 23:25:00,40.7
2025-06-12 16:18:00,18.8
2025-06-12 09:29:00,88.8
2025-06-12 08:18:00,50.400661703887515
2025-06-12 00:01:00,54.0
2025-06-12 20:15:00,77.4
2025-06-12 08:12:00,19.7
2025-06-12 06:28:00,83.1
2025-06-12 21:20:00,56.8
2025-06-12 18:06:00,31.1
2025-06-12 14:31:00,82.7
2025-06-12 02:50:00,27.6
2025-06-12 07:13:00,30.2
2025-06-12 09:56:00,91.7
2025-06-12 04:26:00,68.3
2025-06-12 10:54:00,51.9
2025-06-12 13:40:00,7.3
2025-06-12 17:02:00,66.1
2025-06-12 15:19:00,50.400661703887515
2025-06-12 11:13:00,70.2
2025-06-12 04:47:00,93.1
2025-06-12 02:19:00,55.5
2025-06-12 01:41:00,50.400661703887515
2025-06-12 03:42:00,46.0
2025-06-12 00:19:00,53.9
2025-06-12 18:04:00,50.400661703887515
2025-06-12 16:29:00,61.7
2025-06-12 00:48:00,50.400661703887515
2025-06-12 13:21:00,90.9
2025-06-12 21:46:00,94.6
2025-06-12 19:52:00,50.400661703887515
2025-06-12 15:20:00,17.5
2025-06-12 15:13:00,48.4
2025-06-12 20:00:00,12.2
2025-06-12 16:03:00,50.400661703887515
2025-06-12 11:52:00,9.6
2025-06-12 16:22:00,20.1
2025-06-12 07:03:00,93.6
2025-06-12 14:37:00,68.9
2025-06-12 00:49:00,1.4
2025-06-12 21:21:00,36.8
2025-06-12 13:19:00,27.6
2025-06-12 03:33:00,99.0
2025-06-12 08:27:00,55.9
2025-06-12 23:53:00,12.4
2025-06-12 20:48:00,70.3
2025-06-12 18:05:00,78.0
2025-06-12 03:41:00,41.2
2025-06-12 12:50:00,46.6
2025-06-12 08:07:00,32.7
2025-06-12 20:14:00,50.400661703887515
2025-06-12 00:04:00,50.400661703887515
2025-06-12 02:01:00,50.400661703887515
2025-06-12 02:23:00,19.7
2025-06-12 19:10:00,74.6
2025-06-12 09:44:00,50.400661703887515
2025-06-12 03:09:00,46.8
2025-06-12 03:02:00,36.2
2025-06-12 19:15:00,81.1
2025-06-12 16:55:00,63.0
2025-06-12 22:28:00,23.0
2025-06-12 12:58:00,50.400661703887515
2025-06-12 01:01:00,50.400661703887515
2025-06-12 18:02:00,82.9
2025-06-12 16:08:00,50.400661703887515
2025-06-12 09:53:00,2.1
2025-06-12 13:07:00,50.400661703887515
2025-06-12 10:41:00,68.7
2025-06-12 04:56:00,45.8
2025-06-12 15:38:00,50.400661703887515
2025-06-12 12:46:00,46.2
2025-06-12 06:32:00,82.7
2025-06-12 08:57:00,0.0
2025-06-12 18:50:00,56.9
2025-06-12 22:17:00,4.5
2025-06-12 06:06:00,89.5
2025-06-12 03:08:00,94.5
2025-06-12 00:24:00,64.5
2025-06-12 05:15:00,85.3
2025-06-12 04:42:00,33.1
2025-06-12 07:39:00,77.2
2025-06-12 10:04:00,71.5
2025-06-12 15:28:00,29.3
2025-06-12 18:33:00,21.9
2025-06-12 01:42:00,10.1
2025-06-12 16:57:00,59.9
2025-06-12 05:58:00,40.9
2025-06-12 06:31:00,50.400661703887515
2025-06-12 18:28:00,9.2
2025-06-12 19:14:00,20.0
2025-06-12 19:25:00,39.3
2025-06-12 10:12:00,2.6
2025-06-12 07:15:00,10.7
2025-06-12 16:46:00,82.9
2025-06-12 07:38:00,15.5
2025-06-12 04:50:00,52.2
2025-06-12 09:39:00,15.9
2025-06-12 11:00:00,52.4
2025-06-12 21:10:00,14.1
2025-06-12 13:44:00,50.400661703887515
2025-06-12 21:40:00,73.9
2025-06-12 02:04:00,50.400661703887515
2025-06-12 11:18:00,63.0
2025-06-12 17:34:00,3.3
2025-06-12 18:30:00,37.7
2025-06-12 01:07:00,73.4
2025-06-12 01:30:00,3.1
2025-06-12 22:45:00,33.5
2025-06-12 08:53:00,19.6
2025-06-12 02:27:00,50.400661703887515
2025-06-12 06:57:00,97.7
2025-06-12 22:26:00,56.2
2025-06-12 04:31:00,84.9
2025-06-12 06:08:00,24.2
2025-06-12 09:04:00,62.9
2025-06-12 22:27:00,11.3
2025-06-12 10:56:00,50.400661703887515
2025-06-12 12:59:00,41.5
2025-06-12 03:32:00,49.84418741885991
2025-06-12 06:54:00,1.0
2025-06-12 15:39:00,19.0
2025-06-12 04:16:00,48.9
2025-06-12 15:19:00,1.4
2025-06-12 06:33:00,82.2
2025-06-12 20:45:00,49.84418741885991
2025-06-12 01:48:00,94.1
2025-06-12 17:55:00,14.5
2025-06-12 02:31:00,46.1
2025-06-12 08:05:00,13.5
2025-06-12 00:33:00,27.4
2025-06-12 10:57:00,84.1
2025-06-12 20:59:00,49.84418741885991
2025-06-12 14:46:00,82.9
2025-06-12 03:47:00,7.4
2025-06-12 03:08:00,49.84418741885991
2025-06-12 22:50:00,49.84418741885991
2025-06-12 06:14:00,6.9
2025-06-12 22:44:00,83.4
2025-06-12 06:59:00,91.0
2025-06-12 15:10:00,2.4
2025-06-12 21:39:00,30.6
2025-06-12 19:08:00,90.7
2025-06-12 07:55:00,32.3
2025-06-12 22:48:00,54.6
2025-06-12 19:39:00,74.8
2025-06-12 01:13:00,49.84418741885991
2025-06-12 20:14:00,49.84418741885991
2025-06-12 03:10:00,62.3
2025-06-12 17:36:00,49.84418741885991
2025-06-12 23:21:00,76.9
2025-06-12 19:44:00,37.9
2025-06-12 03:51:00,80.0
2025-06-12 17:44:00,2.4
2025-06-12 07:11:00,32.9
2025-06-12 08:02:00,66.9
2025-06-12 08:58:00,95.1
2025-06-12 05:56:00,22.9
2025-06-12 20:56:00,73.8
2025-06-12 06:58:00,98.8
2025-06-12 06:11:00,50.0
2025-06-12 16:04:00,68.6
2025-06-12 13:59:00,92.1
2025-06-12 00:50:00,64.8
2025-06-12 09:54:00,74.0
2025-06-12 21:31:00,23.3
2025-06-12 13:15:00,1.6
2025-06-12 20:31:00,43.9
2025-06-12 10:46:00,65.4
2025-06-12 08:36:00,28.0
2025-06-12 14:24:00,23.0
2025-06-12 14:31:00,86.0
2025-06-12 22:11:00,26.0
2025-06-12 16:41:00,49.84418741885991
2025-06-12 01:08:00,34.5
2025-06-12 17:38:00,55.7
2025-06-12 11:46:00,72.5
2025-06-12 13:49:00,39.9
2025-06-12 06:25:00,62.0
2025-06-12 23:46:00,23.3
2025-06-12 09:46:00,86.5
2025-06-12 05:24:00,9.5
2025-06-12 22:16:00,66.6
2025-06-12 17:53:00,0.5
2025-06-12 19:59:00,57.6
2025-06-12 11:33:00,4.4
2025-06-12 08:26:00,27.9
2025-06-12 11:42:00,32.9
2025-06-12 07:17:00,14.2
2025-06-12 19:04:00,53.6
2025-06-12 13:02:00,41.2
2025-06-12 05:52:00,71.6
2025-06-12 03:02:00,81.8
2025-06-12 20:18:00,92.8
2025-06-12 04:29:00,93.1
2025-06-12 14:14:00,49.84418741885991
2025-06-12 01:32:00,49.84418741885991
2025-06-12 19:02:00,49.84418741885991
2025-06-12 23:24:00,9.9
2025-06-12 19:27:00,46.0
2025-06-12 20:53:00,50.2
2025-06-12 15:37:00,49.84418741885991
2025-06-12 09:42:00,96.0
2025-06-12 23:34:00,37.3
2025-06-12 02:01:00,88.6
2025-06-12 22:00:00,46.0
2025-06-12 05:40:00,49.84418741885991
2025-06-12 00:10:00,9.0
2025-06-12 06:08:00,49.84418741885991
2025-06-12 18:32:00,92.7
2025-06-12 09:08:00,91.8
2025-06-12 07:46:00,11.4
2025-06-12 08:07:00,57.5
2025-06-12 11:08:00,64.9
2025-06-12 05:08:00,47.0
2025-06-12 04:32:00,49.84418741885991
2025-06-12 07:28:00,94.4
2025-06-12 09:59:00,64.3
2025-06-12 12:27:00,54.0
2025-06-12 16:40:00,49.84418741885991
2025-06-12 02:52:00,32.3
2025-06-12 12:34:00,19.1
2025-06-12 07:27:00,56.9
2025-06-12 11:21:00,47.0
2025-06-12 14:39:00,49.84418741885991
2025-06-12 06:17:00,26.3
2025-06-12 00:46:00,4.4
2025-06-12 06:36:00,98.7
2025-06-12 21:57:00,44.3
2025-06-12 16:29:00,3.2
2025-06-12 20:52:00,14.1
2025-06-12 14:11:00,88.2
2025-06-12 07:34:00,68.7
2025-06-12 05:21:00,73.6
2025-06-12 13:55:00,49.84418741885991
2025-06-12 09:18:00,5.8
2025-06-12 01:04:00,30.4
2025-06-12 01:11:00,82.3
2025-06-12 15:18:00,49.84418741885991
2025-06-12 02:54:00,43.5
2025-06-12 11:06:00,9.9
2025-06-12 03:22:00,0.0
2025-06-12 14:25:00,95.4
2025-06-12 03:27:00,93.8
2025-06-12 03:39:00,49.84418741885991
2025-06-12 00:11:00,43.6
2025-06-12 20:44:00,68.2
2025-06-12 12:36:00,28.6
2025-06-12 09:17:00,16.5
2025-06-12 06:31:00,13.1
2025-06-12 11:19:00,40.1
2025-06-12 16:02:00,78.8
2025-06-12 09:38:00,11.0
2025-06-12 13:17:00,40.0
2025-06-12 02:26:00,28.9
2025-06-12 01:41:00,92.8
2025-06-12 13:22:00,94.4
2025-06-12 10:12:00,40.8
2025-06-12 09:57:00,78.8
2025-06-12 02:57:00,56.2
2025-06-12 11:56:00,0.3
2025-06-12 22:10:00,76.5
2025-06-12 13:30:00,49.2
2025-06-12 06:16:00,31.9
2025-06-12 17:58:00,26.3
2025-06-12 16:36:00,66.6
2025-06-12 19:01:00,64.2
2025-06-12 14:59:00,49.84418741885991
2025-06-12 03:33:00,95.4
2025-06-12 21:29:00,95.4
2025-06-12 06:29:00,82.0
2025-06-12 06:45:00,47.9
2025-06-12 11:27:00,52.6
2025-06-12 07:00:00,49.84418741885991
2025-06-12 23:57:00,24.4
2025-06-12 12:05:00,49.84418741885991
2025-06-12 11:57:00,85.7
2025-06-12 21:23:00,19.5
2025-06-12 07:06:00,33.5
2025-06-12 19:32:00,68.1
2025-06-12 01:57:00,47.3
2025-06-12 13:01:00,63.9
2025-06-12 01:10:00,7.6
2025-06-12 00:32:00,94.8
2025-06-12 17:40:00,99.8
2025-06-12 13:46:00,57.5
2025-06-12 03:11:00,76.7
2025-06-12 11:41:00,60.4
2025-06-12 15:09:00,88.1
2025-06-12 07:41:00,10.5
2025-06-12 08:49:00,34.0
2025-06-12 15:44:00,96.2
2025-06-12 17:17:00,44.4
2025-06-12 19:06:00,20.2
2025-06-12 05:38:00,67.4
2025-06-12 17:52:00,49.84418741885991
2025-06-12 10:33:00,76.8
2025-06-12 16:35:00,71.7
2025-06-12 01:45:00,51.9
2025-06-12 23:26:00,20.3
2025-06-12 16:03:00,17.8
2025-06-12 10:44:00,33.9
2025-06-12 18:57:00,49.84418741885991
2025-06-12 01:31:00,67.6
2025-06-12 18:38:00,55.4
2025-06-12 22:33:00,49.84418741885991
2025-06-12 02:50:00,54.3
2025-06-12 16:33:00,49.84418741885991
2025-06-12 16:32:00,0.6
2025-06-12 23:20:00,10.7
2025-06-12 19:21:00,7.6
2025-06-12 08:41:00,8.0
2025-06-12 13:36:00,66.3
2025-06-12 22:12:00,65.9
2025-06-12 18:15:00,81.5
2025-06-12 15:15:00,49.84418741885991
2025-06-12 11:02:00,77.8
2025-06-12 23:00:00,52.7
2025-06-12 08:38:00,92.9
2025-06-12 20:07:00,58.5
2025-06-12 03:23:00,22.4
2025-06-12 15:24:00,75.4
2025-06-12 05:57:00,60.1
2025-06-12 13:37:00,51.1
2025-06-12 19:13:00,25.4
2025-06-12 18:29:00,13.2
2025-06-12 13:24:00,90.8
2025-06-12 02:13:00,49.84418741885991
2025-06-12 15:57:00,99.8
2025-06-12 16:00:00,49.84418741885991
2025-06-12 22:51:00,72.4
2025-06-12 21:22:00,52.2
2025-06-12 07:15:00,63.7
2025-06-12 14:49:00,37.7
2025-06-12 12:22:00,67.9
2025-06-12 22:54:00,13.1
2025-06-12 10:29:00,2.1
2025-06-12 00:45:00,49.84418741885991
2025-06-12 11:55:00,12.3
2025-06-12 23:47:00,49.84418741885991
2025-06-12 18:06:00,73.9
2025-06-12 14:03:00,75.9
2025-06-12 10:58:00,25.6
2025-06-12 06:27:00,46.3
2025-06-12 23:35:00,62.1
2025-06-12 12:18:00,35.9
2025-06-12 15:49:00,53.4
2025-06-12 21:10:00,60.7
2025-06-12 19:47:00,49.84418741885991
2025-06-12 06:26:00,49.84418741885991
2025-06-12 22:34:00,77.2
2025-06-12 05:54:00,66.4
2025-06-12 01:21:00,96.9
2025-06-12 22:26:00,75.4
2025-06-12 20:33:00,30.9
2025-06-12 17:25:00,68.4
2025-06-12 22:45:00,35.6
2025-06-12 02:43:00,38.7
2025-06-12 09:34:00,63.2
2025-06-12 13:12:00,95.1
2025-06-12 20:11:00,29.1
2025-06-12 16:16:00,13.8
2025-06-12 06:34:00,37.1
2025-06-12 22:07:00,13.2
2025-06-12 05:32:00,2.0
2025-06-12 12:29:00,32.3
2025-06-12 05:27:00,96.3
2025-06-12 00:34:00,49.84418741885991
2025-06-12 06:41:00,35.1
2025-06-12 19:43:00,20.5
2025-06-12 08:19:00,42.3
2025-06-12 23:08:00,7.3
2025-06-12 04:23:00,29.6
2025-06-12 02:33:00,26.4
2025-06-12 16:34:00,49.84418741885991
2025-06-12 17:50:00,74.6
2025-06-12 21:13:00,52.6
2025-06-12 05:43:00,86.7
2025-06-12 17:31:00,7.8
2025-06-12 09:31:00,10.7
2025-06-12 00:56:00,55.0
2025-06-12 00:08:00,3.9
2025-06-12 19:00:00,22.9
2025-06-12 18:18:00,49.84418741885991
2025-06-12 16:22:00,35.7
2025-06-12 18:23:00,44.4
2025-06-12 18:27:00,55.2
2025-06-12 03:26:00,28.1
2025-06-12 02:53:00,52.9
2025-06-12 09:05:00,54.6
2025-06-12 22:56:00,77.2
2025-06-12 14:04:00,34.0
2025-06-12 14:56:00,96.6
2025-06-12 01:06:00,14.2
2025-06-12 01:37:00,32.3
2025-06-12 05:07:00,98.1
2025-06-12 02:39:00,38.9
2025-06-12 06:20:00,57.9
2025-06-12 10:50:00,49.84418741885991
2025-06-12 12:31:00,59.9
2025-06-12 14:33:00,14.0
2025-06-12 01:14:00,29.3
2025-06-12 18:20:00,94.7
2025-06-12 07:43:00,94.0
2025-06-12 06:28:00,53.7
2025-06-12 15:51:00,32.7
2025-06-12 09:51:00,14.0
2025-06-12 07:58:00,64.1
2025-06-12 18:59:00,0.6
2025-06-12 14:50:00,67.8
2025-06-12 20:01:00,58.5
2025-06-12 06:13:00,3.0
2025-06-12 12:59:00,46.2
2025-06-12 08:01:00,75.6
2025-06-12 21:10:00,18.7
2025-06-12 11:48:00,5.0
2025-06-12 04:37:00,40.1
2025-06-12 13:25:00,59.7
2025-06-12 04:10:00,6.5
2025-06-12 19:06:00,28.0
2025-06-12 04:31:00,61.4
2025-06-12 02:17:00,50.31892714921527
2025-06-12 08:56:00,89.8
2025-06-12 15:39:00,10.0
2025-06-12 04:51:00,54.5
2025-06-12 07:24:00,0.8
2025-06-12 04:19:00,23.2
2025-06-12 01:04:00,65.7
2025-06-12 10:22:00,50.31892714921527
2025-06-12 09:41:00,50.31892714921527
2025-06-12 22:14:00,84.6
2025-06-12 14:31:00,61.6
2025-06-12 22:24:00,4.7
2025-06-12 03:56:00,89.3
2025-06-12 18:14:00,50.31892714921527
2025-06-12 08:30:00,50.31892714921527
2025-06-12 18:00:00,46.8
2025-06-12 13:01:00,94.1
2025-06-12 07:32:00,37.4
2025-06-12 02:46:00,83.4
2025-06-12 06:37:00,64.0
2025-06-12 22:59:00,5.3
2025-06-12 11:49:00,62.1
2025-06-12 17:19:00,50.2
2025-06-12 10:27:00,32.0
2025-06-12 10:59:00,11.0
2025-06-12 18:32:00,10.0
2025-06-12 06:36:00,66.1
2025-06-12 01:21:00,64.9
2025-06-12 04:43:00,66.1
2025-06-12 16:32:00,62.5
2025-06-12 11:32:00,26.9
2025-06-12 15:36:00,78.6
2025-06-12 05:12:00,19.1
2025-06-12 18:18:00,50.0
2025-06-12 13:31:00,50.31892714921527
2025-06-12 01:30:00,94.9
2025-06-12 08:59:00,26.4
2025-06-12 17:42:00,57.4
2025-06-12 21:13:00,37.8
2025-06-12 08:05:00,60.7
2025-06-12 13:21:00,74.3
2025-06-12 19:03:00,6.7
2025-06-12 03:22:00,83.6
2025-06-12 19:15:00,50.31892714921527
2025-06-12 20:44:00,43.1
2025-06-12 17:28:00,93.3
2025-06-12 11:17:00,44.3
2025-06-12 03:10:00,24.5
2025-06-12 03:11:00,41.2
2025-06-12 01:35:00,50.31892714921527
2025-06-12 14:03:00,88.1
2025-06-12 01:06:00,73.0
2025-06-12 09:29:00,70.9
2025-06-12 00:47:00,17.5
2025-06-12 01:12:00,16.8
2025-06-12 05:16:00,90.7
2025-06-12 02:28:00,35.7
2025-06-12 04:36:00,33.6
2025-06-12 00:41:00,61.0
2025-06-12 21:39:00,61.2
2025-06-12 10:55:00,67.8
2025-06-12 20:22:00,59.2
2025-06-12 00:57:00,21.0
2025-06-12 14:18:00,67.2
2025-06-12 21:11:00,78.6
2025-06-12 23:41:00,51.5
2025-06-12 18:15:00,56.9
2025-06-12 12:45:00,63.1
2025-06-12 14:27:00,46.6
2025-06-12 15:19:00,25.5
2025-06-12 08:39:00,73.7
2025-06-12 11:13:00,71.0
2025-06-12 09:45:00,50.31892714921527
2025-06-12 00:26:00,3.1
2025-06-12 03:18:00,4.1
2025-06-12 11:30:00,56.0
2025-06-12 13:29:00,94.7
2025-06-12 05:05:00,61.9
2025-06-12 01:46:00,83.0
2025-06-12 04:42:00,14.1
2025-06-12 08:41:00,50.31892714921527
2025-06-12 21:20:00,32.5
2025-06-12 04:20:00,6.6
2025-06-12 03:21:00,70.6
2025-06-12 18:16:00,91.9
2025-06-12 18:46:00,58.3
2025-06-12 10:09:00,50.31892714921527
2025-06-12 19:43:00,60.1
2025-06-12 14:41:00,85.8
2025-06-12 02:29:00,62.3
2025-06-12 02:07:00,89.1
2025-06-12 11:00:00,74.0
2025-06-12 01:29:00,64.0
2025-06-12 15:28:00,93.9
2025-06-12 02:55:00,5.1
2025-06-12 15:48:00,28.4
2025-06-12 09:39:00,49.9
2025-06-12 22:35:00,15.7
2025-06-12 06:51:00,23.1
2025-06-12 10:12:00,50.31892714921527
2025-06-12 01:47:00,58.2
2025-06-12 08:16:00,80.9
2025-06-12 03:23:00,61.9
2025-06-12 08:31:00,38.0
2025-06-12 09:26:00,98.2
2025-06-12 16:15:00,71.4
2025-06-12 12:30:00,95.6
2025-06-12 15:54:00,80.8
2025-06-12 00:24:00,24.3
2025-06-12 20:10:00,84.2
2025-06-12 20:45:00,42.9
2025-06-12 05:33:00,12.9
2025-06-12 00:02:00,50.31892714921527
2025-06-12 10:01:00,96.5
2025-06-12 20:00:00,26.3
2025-06-12 01:07:00,50.31892714921527
2025-06-12 16:05:00,24.7
2025-06-12 05:07:00,55.4
2025-06-12 12:41:00,67.1
2025-06-12 12:20:00,44.7
2025-06-12 19:14:00,4.1
2025-06-12 22:39:00,27.2
2025-06-12 02:23:00,8.7
2025-06-12 10:16:00,49.5
2025-06-12 17:02:00,86.4
2025-06-12 05:37:00,8.6
2025-06-12 03:17:00,15.8
2025-06-12 20:42:00,65.8
2025-06-12 14:40:00,50.31892714921527
2025-06-12 01:05:00,74.3
2025-06-12 00:34:00,99.8
2025-06-12 13:20:00,92.1
2025-06-12 06:14:00,63.8
2025-06-12 15:26:00,50.31892714921527
2025-06-12 03:16:00,6.4
2025-06-12 11:34:00,50.31892714921527
2025-06-12 03:35:00,39.7
2025-06-12 16:12:00,74.7
2025-06-12 05:51:00,5.4
2025-06-12 19:04:00,36.0
2025-06-12 10:47:00,50.4
2025-06-12 19:27:00,10.3
2025-06-12 11:44:00,50.31892714921527
2025-06-12 17:59:00,50.31892714921527
2025-06-12 08:18:00,51.9
2025-06-12 02:06:00,69.7
2025-06-12 14:29:00,55.4
2025-06-12 03:33:00,74.9
2025-06-12 07:07:00,92.6
2025-06-12 15:05:00,49.8
2025-06-12 18:49:00,80.4
2025-06-12 03:50:00,83.2
2025-06-12 21:03:00,34.8
2025-06-12 09:09:00,37.4
2025-06-12 08:47:00,8.6
2025-06-12 17:34:00,68.1
2025-06-12 01:22:00,75.9
2025-06-12 20:18:00,50.31892714921527
2025-06-12 19:29:00,0.9
2025-06-12 04:17:00,87.3
2025-06-12 07:29:00,54.4
2025-06-12 06:39:00,37.0
2025-06-12 23:20:00,92.2
2025-06-12 05:40:00,41.4
2025-06-12 04:12:00,49.3
2025-06-12 19:37:00,64.0
2025-06-12 10:23:00,91.8
2025-06-12 03:37:00,46.8
2025-06-12 04:56:00,76.6
2025-06-12 09:35:00,50.31892714921527
2025-06-12 17:45:00,72.3
2025-06-12 05:43:00,53.7
2025-06-12 01:03:00,90.8
2025-06-12 00:55:00,57.8
2025-06-12 11:28:00,74.3
2025-06-12 09:38:00,21.5
2025-06-12 21:42:00,99.7
2025-06-12 13:53:00,59.3
2025-06-12 03:34:00,32.4
2025-06-12 12:16:00,26.1
2025-06-12 11:04:00,50.31892714921527
2025-06-12 06:28:00,53.3
2025-06-12 14:19:00,45.6
2025-06-12 18:23:00,4.9
2025-06-12 04:05:00,68.8
2025-06-12 20:56:00,50.9
2025-06-12 16:37:00,23.0
2025-06-12 17:21:00,7.1
2025-06-12 15:59:00,28.2
2025-06-12 13:37:00,59.5
2025-06-12 00:13:00,86.5
2025-06-12 14:45:00,69.9
2025-06-12 19:57:00,50.31892714921527
2025-06-12 18:27:00,59.4
2025-06-12 08:17:00,68.5
2025-06-12 10:44:00,50.31892714921527
2025-06-12 08:51:00,50.31892714921527
2025-06-12 08:32:00,93.9
2025-06-12 15:35:00,93.8
2025-06-12 06:54:00,50.31892714921527
2025-06-12 06:11:00,56.8
2025-06-12 13:35:00,29.9
2025-06-12 21:41:00,97.8
2025-06-12 03:32:00,50.31892714921527
2025-06-12 03:55:00,7.2
2025-06-12 08:27:00,40.0
2025-06-12 18:30:00,8.9
2025-06-12 23:17:00,77.0
2025-06-12 02:22:00,63.8
2025-06-12 21:18:00,24.6
2025-06-12 07:06:00,50.31892714921527
2025-06-12 13:17:00,54.1
2025-06-12 13:22:00,85.3
2025-06-12 10:30:00,86.6
2025-06-12 07:55:00,50.31892714921527
2025-06-12 20:53:00,50.31892714921527
2025-06-12 04:22:00,13.3
2025-06-12 00:22:00,71.6
2025-06-12 15:31:00,92.3
2025-06-12 17:00:00,67.3
2025-06-12 18:35:00,30.4
2025-06-12 06:10:00,50.31892714921527
2025-06-12 03:08:00,1.9
2025-06-12 04:41:00,70.7
2025-06-12 06:55:00,71.7
2025-06-12 01:59:00,50.31892714921527
2025-06-12 15:38:00,45.2
2025-06-12 10:35:00,50.31892714921527
2025-06-12 14:05:00,41.8
2025-06-12 19:39:00,61.7
2025-06-12 16:54:00,46.7
2025-06-12 13:00:00,45.5
2025-06-12 21:33:00,91.5
2025-06-12 15:17:00,50.31892714921527
2025-06-12 16:16:00,95.6
2025-06-12 18:58:00,62.3
2025-06-12 12:33:00,87.3
2025-06-12 00:46:00,97.3
2025-06-12 06:32:00,61.8
2025-06-12 20:38:00,12.6
2025-06-12 01:14:00,36.4
2025-06-12 10:04:00,43.2
2025-06-12 08:44:00,4.0
2025-06-12 23:13:00,17.4
2025-06-12 11:54:00,31.6
2025-06-12 07:10:00,12.6
2025-06-12 19:36:00,63.6
2025-06-12 02:53:00,50.31892714921527
2025-06-12 20:11:00,50.31892714921527
2025-06-12 03:14:00,98.3
2025-06-12 08:58:00,12.3
2025-06-12 15:51:00,14.6
2025-06-12 05:31:00,40.5
2025-06-12 10:00:00,15.6
2025-06-12 01:53:00,60.9
2025-06-12 10:15:00,91.7
2025-06-12 00:39:00,98.3
2025-06-12 05:47:00,97.8
2025-06-12 16:13:00,77.0
2025-06-12 04:34:00,29.0
2025-06-12 18:50:00,50.31892714921527
2025-06-12 11:22:00,88.6
2025-06-12 04:40:00,24.7
2025-06-12 15:32:00,1.8
2025-06-12 16:25:00,41.3
2025-06-12 17:47:00,10.2
2025-06-12 00:52:00,52.2
2025-06-12 14:12:00,30.9
2025-06-12 00:06:00,33.6
2025-06-12 03:48:00,95.7
2025-06-12 11:36:00,64.2
2025-06-12 14:09:00,43.7
2025-06-12 22:52:00,68.4
2025-06-12 06:06:00,50.31892714921527
2025-06-12 22:12:00,11.3
2025-06-12 00:25:00,50.31892714921527
2025-06-12 21:57:00,33.0
2025-06-12 14:20:00,41.9
2025-06-12 18:40:00,25.7
2025-06-12 21:54:00,62.9
2025-06-12 23:50:00,36.5
2025-06-12 07:36:00,27.5
2025-06-12 17:09:00,9.6
2025-06-12 15:55:00,19.0
2025-06-12 06:30:00,54.9
2025-06-12 02:11:00,55.4
2025-06-12 11:31:00,68.1
2025-06-12 22:08:00,52.4
2025-06-12 23:14:00,98.1
2025-06-12 01:37:00,60.6
2025-06-12 19:49:00,46.6
2025-06-12 03:20:00,45.1
2025-06-12 07:53:00,83.9
2025-06-12 22:00:00,51.6
2025-06-12 23:40:00,50.31892714921527
2025-06-12 14:51:00,53.4
2025-06-12 23:15:00,54.2
2025-06-12 13:03:00,50.31892714921527
2025-06-12 11:53:00,91.3
2025-06-12 12:49:00,68.9
2025-06-12 19:13:00,7.5
2025-06-12 17:30:00,78.4
2025-06-12 22:53:00,50.31892714921527
2025-06-12 16:01:00,76.6
2025-06-12 19:23:00,19.1
2025-06-12 16:11:00,6.5
2025-06-12 01:51:00,67.3
2025-06-12 22:50:00,64.2
2025-06-12 03:46:00,69.0
2025-06-12 03:51:00,50.31892714921527
2025-06-12 10:21:00,26.8
2025-06-12 11:18:00,36.5
2025-06-12 15:08:00,1.1
2025-06-12 23:05:00,50.9
2025-06-12 11:38:00,25.6
2025-06-12 19:16:00,96.0
2025-06-12 19:58:00,99.4
2025-06-12 01:00:00,42.7
2025-06-12 06:33:00,57.1
2025-06-12 14:43:00,97.9
2025-06-12 22:10:00,20.7
2025-06-12 14:38:00,43.7
2025-06-12 09:36:00,88.3
2025-06-12 23:30:00,96.6
2025-06-12 20:07:00,31.1
2025-06-12 20:02:00,8.3
2025-06-12 22:17:00,6.1
2025-06-12 06:43:00,88.8
2025-06-12 17:34:00,30.3
2025-06-12 11:04:00,49.91221338324755
2025-06-12 09:03:00,70.6
2025-06-12 07:51:00,9.1
2025-06-12 07:28:00,23.8
2025-06-12 10:03:00,77.0
2025-06-12 00:04:00,5.4
2025-06-12 14:25:00,42.8
2025-06-12 19:09:00,8.4
2025-06-12 16:40:00,30.0
2025-06-12 16:19:00,34.8
2025-06-12 01:15:00,0.3
2025-06-12 15:42:00,88.4
2025-06-12 02:46:00,5.9
2025-06-12 14:23:00,75.2
2025-06-12 03:40:00,55.7
2025-06-12 22:49:00,57.5
2025-06-12 14:37:00,49.91221338324755
2025-06-12 10:02:00,59.9
2025-06-12 18:33:00,53.7
2025-06-12 08:05:00,47.0
2025-06-12 05:19:00,17.0
2025-06-12 09:06:00,49.91221338324755
2025-06-12 12:44:00,21.3
2025-06-12 01:07:00,33.8
2025-06-12 05:46:00,49.91221338324755
2025-06-12 22:03:00,18.4
2025-06-12 22:01:00,89.7
2025-06-12 14:44:00,47.6
2025-06-12 05:25:00,96.6
2025-06-12 15:43:00,51.1
2025-06-12 06:58:00,63.5
2025-06-12 03:25:00,14.3
2025-06-12 10:26:00,97.7
2025-06-12 07:12:00,39.8
2025-06-12 19:06:00,98.2
2025-06-12 21:04:00,28.6
2025-06-12 18:28:00,4.3
2025-06-12 15:03:00,51.5
2025-06-12 20:47:00,65.4
2025-06-12 17:06:00,31.4
2025-06-12 18:58:00,49.91221338324755
2025-06-12 01:21:00,46.7
2025-06-12 19:12:00,29.9
2025-06-12 06:18:00,90.5
2025-06-12 23:47:00,13.7
2025-06-12 23:20:00,9.4
2025-06-12 01:03:00,49.0
2025-06-12 13:03:00,5.7
2025-06-12 17:07:00,89.0
2025-06-12 04:58:00,97.1
2025-06-12 07:59:00,89.9
2025-06-12 09:00:00,9.9
2025-06-12 20:10:00,49.1
2025-06-12 11:01:00,22.5
2025-06-12 00:42:00,12.0
2025-06-12 22:24:00,18.3
2025-06-12 00:22:00,22.0
2025-06-12 17:44:00,9.8
2025-06-12 23:11:00,83.0
2025-06-12 19:03:00,15.6
2025-06-12 05:06:00,15.2
2025-06-12 21:38:00,49.91221338324755
2025-06-12 17:37:00,41.5
2025-06-12 04:56:00,3.6
2025-06-12 03:10:00,14.6
2025-06-12 23:35:00,49.91221338324755
2025-06-12 11:34:00,42.5
2025-06-12 06:02:00,49.91221338324755
2025-06-12 07:35:00,87.0
2025-06-12 04:12:00,90.2
2025-06-12 02:32:00,0.2
2025-06-12 04:37:00,86.7
2025-06-12 15:05:00,9.3
2025-06-12 10:33:00,6.1
2025-06-12 01:38:00,39.4
2025-06-12 01:55:00,49.91221338324755
2025-06-12 01:01:00,13.4
2025-06-12 10:12:00,49.91221338324755
2025-06-12 08:14:00,99.5
2025-06-12 21:45:00,42.2
2025-06-12 09:42:00,49.91221338324755
2025-06-12 12:48:00,61.5
2025-06-12 12:03:00,62.3
2025-06-12 06:05:00,35.0
2025-06-12 23:13:00,20.5
2025-06-12 15:47:00,16.0
2025-06-12 08:19:00,32.4
2025-06-12 18:07:00,33.3
2025-06-12 15:28:00,49.91221338324755
2025-06-12 03:20:00,11.5
2025-06-12 16:44:00,6.3
2025-06-12 16:48:00,34.8
2025-06-12 17:17:00,89.7
2025-06-12 01:11:00,42.4
2025-06-12 00:58:00,28.2
2025-06-12 12:15:00,6.8
2025-06-12 07:21:00,89.6
2025-06-12 21:06:00,35.9
2025-06-12 04:50:00,49.91221338324755
2025-06-12 05:14:00,23.9
2025-06-12 21:57:00,49.91221338324755
2025-06-12 06:10:00,26.5
2025-06-12 05:27:00,91.6
2025-06-12 18:24:00,61.3
2025-06-12 15:57:00,98.2
2025-06-12 23:04:00,98.3
2025-06-12 15:00:00,64.7
2025-06-12 17:59:00,46.3
2025-06-12 00:18:00,62.0
2025-06-12 00:52:00,49.91221338324755
2025-06-12 15:50:00,41.5
2025-06-12 18:09:00,41.6
2025-06-12 07:00:00,80.6
2025-06-12 07:11:00,80.1
2025-06-12 08:15:00,58.3
2025-06-12 14:33:00,49.91221338324755
2025-06-12 17:45:00,75.1
2025-06-12 18:04:00,93.9
2025-06-12 08:47:00,74.6
2025-06-12 14:06:00,57.6
2025-06-12 22:19:00,86.7
2025-06-12 17:23:00,41.5
2025-06-12 08:08:00,18.1
2025-06-12 21:32:00,39.8
2025-06-12 11:46:00,92.5
2025-06-12 07:46:00,94.2
2025-06-12 12:12:00,99.7
2025-06-12 18:11:00,24.0
2025-06-12 08:58:00,49.91221338324755
2025-06-12 13:15:00,27.0
2025-06-12 19:41:00,78.9
2025-06-12 08:04:00,49.91221338324755
2025-06-12 01:25:00,49.91221338324755
2025-06-12 11:10:00,22.2
2025-06-12 02:08:00,35.9
2025-06-12 07:36:00,23.4
2025-06-12 09:14:00,31.3
2025-06-12 00:25:00,71.6
2025-06-12 16:55:00,47.3
2025-06-12 21:58:00,22.0
2025-06-12 20:12:00,49.91221338324755
2025-06-12 12:26:00,58.5
2025-06-12 17:47:00,78.1
2025-06-12 04:18:00,68.8
2025-06-12 09:55:00,46.2
2025-06-12 02:47:00,20.1
2025-06-12 01:31:00,86.7
2025-06-12 10:57:00,63.0
2025-06-12 04:25:00,64.7
2025-06-12 22:40:00,67.9
2025-06-12 10:07:00,49.91221338324755
2025-06-12 13:44:00,79.9
2025-06-12 18:54:00,49.91221338324755
2025-06-12 08:41:00,49.91221338324755
2025-06-12 21:46:00,0.7
2025-06-12 15:36:00,54.9
2025-06-12 16:07:00,49.91221338324755
2025-06-12 10:43:00,53.5
2025-06-12 12:33:00,5.0
2025-06-12 11:21:00,38.8
2025-06-12 15:23:00,16.2
2025-06-12 17:41:00,88.1
2025-06-12 20:11:00,69.5
2025-06-12 23:37:00,28.4
2025-06-12 03:15:00,49.91221338324755
2025-06-12 15:17:00,24.8
2025-06-12 13:43:00,41.8
2025-06-12 15:51:00,16.9
2025-06-12 23:59:00,10.8
2025-06-12 05:52:00,72.8
2025-06-12 09:47:00,44.8
2025-06-12 16:11:00,83.1
2025-06-12 13:21:00,59.1
2025-06-12 11:37:00,25.1
2025-06-12 02:43:00,49.91221338324755
2025-06-12 16:23:00,17.3
2025-06-12 21:08:00,76.6
2025-06-12 15:48:00,94.7
2025-06-12 03:29:00,95.9
2025-06-12 17:05:00,96.7
2025-06-12 11:36:00,82.6
2025-06-12 10:21:00,49.91221338324755
2025-06-12 09:29:00,80.4
2025-06-12 04:16:00,26.1
2025-06-12 05:38:00,83.9
2025-06-12 17:15:00,43.0
2025-06-12 15:13:00,41.6
2025-06-12 07:57:00,88.5
2025-06-12 21:49:00,66.0
2025-06-12 18:51:00,49.91221338324755
2025-06-12 23:01:00,94.0
2025-06-12 15:59:00,52.1
2025-06-12 01:54:00,92.2
2025-06-12 19:28:00,55.4
2025-06-12 21:01:00,26.0
2025-06-12 14:07:00,88.6
2025-06-12 22:41:00,52.7
2025-06-12 06:22:00,31.1
2025-06-12 02:36:00,49.91221338324755
2025-06-12 04:22:00,81.4
2025-06-12 14:30:00,91.1
2025-06-12 19:01:00,97.6
2025-06-12 09:59:00,27.6
2025-06-12 13:30:00,67.3
2025-06-12 15:27:00,49.91221338324755
2025-06-12 19:51:00,67.5
2025-06-12 01:56:00,12.0
2025-06-12 20:40:00,49.91221338324755
2025-06-12 23:58:00,49.91221338324755
2025-06-12 15:07:00,53.3
2025-06-12 22:57:00,32.2
2025-06-12 19:55:00,25.7
2025-06-12 13:09:00,49.91221338324755
2025-06-12 00:17:00,68.6
2025-06-12 16:42:00,87.6
2025-06-12 19:59:00,48.6
2025-06-12 07:18:00,48.5
2025-06-12 07:30:00,49.91221338324755
2025-06-12 00:27:00,79.0
2025-06-12 09:23:00,76.1
2025-06-12 14:47:00,83.2
2025-06-12 19:36:00,49.91221338324755
2025-06-12 14:29:00,69.3
2025-06-12 19:14:00,37.5
2025-06-12 19:07:00,47.6
2025-06-12 14:24:00,10.4
2025-06-12 11:38:00,15.6
2025-06-12 21:43:00,7.6
2025-06-12 12:05:00,5.1
2025-06-12 02:53:00,13.2
2025-06-12 04:40:00,39.4
2025-06-12 03:32:00,26.7
2025-06-12 09:46:00,49.91221338324755
2025-06-12 23:19:00,53.4
2025-06-12 23:03:00,81.2
2025-06-12 11:14:00,49.91221338324755
2025-06-12 13:20:00,0.6
2025-06-12 22:31:00,35.6
2025-06-12 12:43:00,45.9
2025-06-12 06:16:00,49.91221338324755
2025-06-12 07:03:00,95.9
2025-06-12 08:28:00,39.4
2025-06-12 16:01:00,90.6
2025-06-12 04:53:00,26.0
2025-06-12 22:18:00,40.5
2025-06-12 18:18:00,52.7
2025-06-12 07:52:00,12.6
2025-06-12 22:21:00,73.5
2025-06-12 21:11:00,97.0
2025-06-12 14:58:00,35.8
2025-06-12 02:02:00,47.3
2025-06-12 08:33:00,15.2
2025-06-12 08:29:00,33.0
2025-06-12 07:43:00,45.6
2025-06-12 21:52:00,57.7
2025-06-12 14:51:00,17.9
2025-06-12 07:44:00,59.9
2025-06-12 21:02:00,3.0
2025-06-12 23:16:00,68.1
2025-06-12 10:22:00,68.2
2025-06-12 06:24:00,80.2
2025-06-12 21:30:00,12.1
2025-06-12 18:55:00,39.5
2025-06-12 09:38:00,41.5
2025-06-12 08:01:00,34.1
2025-06-12 02:31:00,49.91221338324755
2025-06-12 03:02:00,4.4
2025-06-12 11:07:00,44.9
2025-06-12 10:42:00,3.6
2025-06-12 01:33:00,0.4
2025-06-12 19:02:00,85.4
2025-06-12 16:45:00,8.2
2025-06-12 06:41:00,45.2
2025-06-12 02:27:00,77.3
2025-06-12 07:25:00,49.91221338324755
2025-06-12 23:46:00,37.9
2025-06-12 10:13:00,49.91221338324755
2025-06-12 17:41:00,65.4
2025-06-12 14:32:00,26.3
2025-06-12 16:06:00,52.5
2025-06-12 13:16:00,96.1
2025-06-12 16:22:00,95.3
2025-06-12 16:32:00,75.3
2025-06-12 22:01:00,76.9
2025-06-12 21:47:00,50.557353635505194
2025-06-12 10:30:00,14.0
2025-06-12 22:29:00,77.2
2025-06-12 03:37:00,52.2
2025-06-12 22:03:00,47.4
2025-06-12 06:22:00,1.9
2025-06-12 12:19:00,93.7
2025-06-12 11:25:00,52.0
2025-06-12 11:37:00,29.1
2025-06-12 08:17:00,70.3
2025-06-12 11:08:00,90.6
2025-06-12 00:54:00,80.8
2025-06-12 06:36:00,4.1
2025-06-12 20:36:00,96.2
2025-06-12 10:52:00,10.7
2025-06-12 07:44:00,28.7
2025-06-12 13:38:00,45.2
2025-06-12 01:07:00,18.6
2025-06-12 15:00:00,70.1
2025-06-12 10:58:00,64.2
2025-06-12 19:54:00,5.5
2025-06-12 23:52:00,34.9
2025-06-12 02:35:00,58.5
2025-06-12 16:41:00,54.2
2025-06-12 19:36:00,38.6
2025-06-12 03:22:00,46.8
2025-06-12 18:13:00,32.7
2025-06-12 00:18:00,17.9
2025-06-12 22:52:00,33.7
2025-06-12 16:20:00,88.8
2025-06-12 12:05:00,43.9
2025-06-12 05:42:00,68.7
2025-06-12 00:58:00,94.4
2025-06-12 17:16:00,74.2
2025-06-12 10:40:00,58.0
2025-06-12 18:56:00,76.2
2025-06-12 01:10:00,79.3
2025-06-12 02:36:00,47.9
2025-06-12 02:49:00,50.557353635505194
2025-06-12 10:56:00,84.1
2025-06-12 15:06:00,50.557353635505194
2025-06-12 04:31:00,9.6
2025-06-12 02:57:00,50.557353635505194
2025-06-12 01:19:00,58.6
2025-06-12 06:43:00,5.8
2025-06-12 03:07:00,40.0
2025-06-12 04:08:00,4.6
2025-06-12 18:31:00,25.0
2025-06-12 15:38:00,50.557353635505194
2025-06-12 02:27:00,2.1
2025-06-12 07:33:00,34.1
2025-06-12 03:29:00,18.9
2025-06-12 23:29:00,52.7
2025-06-12 15:25:00,1.4
2025-06-12 04:30:00,50.557353635505194
2025-06-12 12:33:00,42.8
2025-06-12 10:25:00,57.5
2025-06-12 02:58:00,83.1
2025-06-12 19:05:00,50.557353635505194
2025-06-12 01:57:00,47.7
2025-06-12 15:02:00,42.7
2025-06-12 01:00:00,15.4
2025-06-12 04:42:00,68.9
2025-06-12 18:27:00,1.2
2025-06-12 10:27:00,50.557353635505194
2025-06-12 00:56:00,84.6
2025-06-12 17:08:00,38.4
2025-06-12 21:31:00,24.4
2025-06-12 00:05:00,82.2
2025-06-12 06:40:00,75.8
2025-06-12 06:25:00,5.1
2025-06-12 14:15:00,96.5
2025-06-12 13:50:00,85.9
2025-06-12 23:54:00,23.2
2025-06-12 13:52:00,34.0
2025-06-12 09:22:00,19.3
2025-06-12 05:54:00,6.5
2025-06-12 00:53:00,60.5
2025-06-12 13:10:00,5.7
2025-06-12 23:01:00,50.557353635505194
2025-06-12 21:15:00,13.4
2025-06-12 05:09:00,50.557353635505194
2025-06-12 16:26:00,32.0
2025-06-12 05:56:00,50.557353635505194
2025-06-12 01:58:00,26.9
2025-06-12 00:15:00,41.8
2025-06-12 20:01:00,6.1
2025-06-12 03:57:00,9.0
2025-06-12 03:16:00,63.5
2025-06-12 10:17:00,72.3
2025-06-12 17:46:00,90.3
2025-06-12 18:28:00,2.3
2025-06-12 11:38:00,50.557353635505194
2025-06-12 02:59:00,22.6
2025-06-12 10:02:00,50.557353635505194
2025-06-12 02:45:00,80.5
2025-06-12 22:40:00,93.2
2025-06-12 10:34:00,73.2
2025-06-12 17:02:00,22.3
2025-06-12 04:37:00,35.7
2025-06-12 02:05:00,67.2
2025-06-12 16:14:00,15.4
2025-06-12 13:42:00,50.557353635505194
2025-06-12 07:57:00,2.3
2025-06-12 12:18:00,56.7
2025-06-12 21:12:00,19.1
2025-06-12 04:29:00,4.7
2025-06-12 22:55:00,23.9
2025-06-12 15:51:00,56.5
2025-06-12 11:41:00,30.9
2025-06-12 12:24:00,5.9
2025-06-12 12:08:00,54.5
2025-06-12 15:20:00,81.1
2025-06-12 20:43:00,64.1
2025-06-12 08:21:00,50.557353635505194
2025-06-12 01:02:00,84.6
2025-06-12 02:40:00,7.4
2025-06-12 06:06:00,87.2
2025-06-12 00:30:00,10.5
2025-06-12 03:45:00,88.7
2025-06-12 02:33:00,66.0
2025-06-12 09:24:00,50.557353635505194
2025-06-12 07:40:00,22.5
2025-06-12 07:59:00,50.557353635505194
2025-06-12 18:35:00,60.1
2025-06-12 09:01:00,50.557353635505194
2025-06-12 19:40:00,44.5
2025-06-12 19:39:00,94.6
2025-06-12 20:52:00,92.3
2025-06-12 04:56:00,5.1
2025-06-12 03:00:00,47.5
2025-06-12 13:54:00,28.3
2025-06-12 08:59:00,99.6
2025-06-12 14:42:00,99.8
2025-06-12 00:34:00,1.1
2025-06-12 10:35:00,79.5
2025-06-12 15:15:00,45.2
2025-06-12 09:53:00,50.557353635505194
2025-06-12 09:46:00,50.557353635505194
2025-06-12 06:27:00,57.0
2025-06-12 06:23:00,25.8
2025-06-12 10:47:00,61.0
2025-06-12 04:32:00,50.557353635505194
2025-06-12 06:21:00,6.9
2025-06-12 04:23:00,92.1
2025-06-12 08:55:00,24.9
2025-06-12 11:10:00,32.7
2025-06-12 00:26:00,86.3
2025-06-12 10:22:00,50.4
2025-06-12 21:03:00,99.1
2025-06-12 03:46:00,50.557353635505194
2025-06-12 13:11:00,26.4
2025-06-12 12:14:00,10.4
2025-06-12 03:10:00,60.3
2025-06-12 04:44:00,18.8
2025-06-12 21:37:00,3.7
2025-06-12 15:21:00,1.9
2025-06-12 06:39:00,22.7
2025-06-12 08:25:00,58.0
2025-06-12 02:46:00,50.557353635505194
2025-06-12 19:49:00,50.557353635505194
2025-06-12 20:38:00,33.9
2025-06-12 03:54:00,94.3
2025-06-12 22:54:00,50.557353635505194
2025-06-12 23:03:00,97.2
2025-06-12 02:54:00,41.1
2025-06-12 17:39:00,83.3
2025-06-12 11:00:00,12.8
2025-06-12 18:11:00,29.0
2025-06-12 14:59:00,11.5
2025-06-12 14:14:00,77.4
2025-06-12 09:27:00,47.9
2025-06-12 23:30:00,50.557353635505194
2025-06-12 06:09:00,23.5
2025-06-12 23:44:00,50.557353635505194
2025-06-12 07:49:00,22.9
2025-06-12 04:07:00,28.9
2025-06-12 20:28:00,36.4
2025-06-12 05:53:00,98.6
2025-06-12 01:21:00,50.557353635505194
2025-06-12 12:48:00,82.3
2025-06-12 20:59:00,50.557353635505194
2025-06-12 20:05:00,81.5
2025-06-12 07:12:00,41.4
2025-06-12 16:40:00,85.6
2025-06-12 14:57:00,32.8
2025-06-12 00:55:00,49.0
2025-06-12 07:11:00,50.557353635505194
2025-06-12 05:57:00,1.2
2025-06-12 06:32:00,54.9
2025-06-12 01:54:00,18.9
2025-06-12 19:16:00,94.4
2025-06-12 15:41:00,41.4
2025-06-12 15:52:00,34.9
2025-06-12 09:50:00,44.7
2025-06-12 12:21:00,50.557353635505194
2025-06-12 09:54:00,62.6
2025-06-12 02:11:00,85.9
2025-06-12 08:30:00,94.0
2025-06-12 14:34:00,50.557353635505194
2025-06-12 06:10:00,42.2
2025-06-12 05:00:00,50.557353635505194
2025-06-12 18:04:00,50.557353635505194
2025-06-12 22:58:00,80.2
2025-06-12 13:12:00,50.557353635505194
2025-06-12 00:00:00,37.4
2025-06-12 09:38:00,41.3
2025-06-12 20:14:00,82.9
2025-06-12 18:42:00,69.9
2025-06-12 18:51:00,33.6
2025-06-12 22:53:00,50.557353635505194
2025-06-12 16:13:00,50.557353635505194
2025-06-12 02:04:00,50.557353635505194
2025-06-12 07:52:00,92.6
2025-06-12 18:45:00,30.7
2025-06-12 22:14:00,46.6
2025-06-12 12:23:00,75.0
2025-06-12 07:10:00,8.6
2025-06-12 14:07:00,51.0
2025-06-12 11:04:00,98.9
2025-06-12 17:00:00,38.1
2025-06-12 12:15:00,77.3
2025-06-12 09:06:00,50.557353635505194
2025-06-12 21:51:00,74.0
2025-06-12 09:33:00,78.6
2025-06-12 05:11:00,70.5
2025-06-12 13:00:00,66.7
2025-06-12 02:41:00,95.2
2025-06-12 21:44:00,95.3
2025-06-12 16:55:00,57.0
2025-06-12 05:14:00,80.0
2025-06-12 09:19:00,78.0
2025-06-12 06:38:00,62.7
2025-06-12 18:07:00,35.3
2025-06-12 07:02:00,37.1
2025-06-12 15:04:00,52.9
2025-06-12 00:41:00,70.8
2025-06-12 02:44:00,61.7
2025-06-12 10:03:00,70.4
2025-06-12 00:13:00,75.1
2025-06-12 13:18:00,88.1
2025-06-12 20:48:00,70.9
2025-06-12 17:03:00,79.9
2025-06-12 07:32:00,77.5
2025-06-12 11:40:00,12.9
2025-06-12 20:41:00,93.9
2025-06-12 01:40:00,39.2
2025-06-12 15:42:00,87.2
2025-06-12 08:23:00,17.6
2025-06-12 16:34:00,67.3
2025-06-12 10:49:00,8.6
2025-06-12 22:59:00,96.5
2025-06-12 22:38:00,50.557353635505194
2025-06-12 11:19:00,13.6
2025-06-12 03:41:00,50.557353635505194
2025-06-12 09:32:00,12.9
2025-06-12 12:10:00,41.0
2025-06-12 15:37:00,54.9
2025-06-12 12:26:00,64.5
2025-06-12 16:54:00,19.6
2025-06-12 01:16:00,56.0
2025-06-12 19:00:00,91.2
2025-06-12 18:26:00,93.8
2025-06-12 14:51:00,86.0
2025-06-12 19:29:00,23.9
2025-06-12 00:27:00,50.557353635505194
2025-06-12 01:43:00,52.3
2025-06-12 17:13:00,93.2
2025-06-12 13:55:00,30.4
2025-06-12 09:39:00,60.8
2025-06-12 06:56:00,21.9
2025-06-12 15:43:00,53.8
2025-06-12 06:50:00,98.2
2025-06-12 20:56:00,76.7
2025-06-12 05:35:00,47.2
2025-06-12 10:46:00,13.2
2025-06-12 14:13:00,25.1
2025-06-12 12:12:00,50.557353635505194
2025-06-12 22:27:00,28.8
2025-06-12 00:07:00,90.1
2025-06-12 22:19:00,28.6
2025-06-12 12:33:00,85.7
2025-06-12 23:04:00,90.0
2025-06-12 21:36:00,1.5
2025-06-12 19:31:00,61.0
2025-06-12 15:40:00,80.6
2025-06-12 20:40:00,42.8
2025-06-12 12:14:00,38.0
2025-06-12 05:20:00,7.1
2025-06-12 16:18:00,42.9
2025-06-12 03:36:00,38.1
2025-06-12 12:48:00,73.0
2025-06-12 21:47:00,49.87196987526477
2025-06-12 07:32:00,67.4
2025-06-12 14:58:00,46.1
2025-06-12 11:01:00,97.8
2025-06-12 06:42:00,49.87196987526477
2025-06-12 21:02:00,64.1
2025-06-12 04:19:00,15.8
2025-06-12 17:20:00,84.1
2025-06-12 04:18:00,49.87196987526477
2025-06-12 22:00:00,62.4
2025-06-12 02:55:00,70.9
2025-06-12 00:25:00,49.87196987526477
2025-06-12 10:12:00,12.9
2025-06-12 06:24:00,77.0
2025-06-12 10:25:00,49.3
2025-06-12 00:36:00,49.87196987526477
2025-06-12 10:55:00,29.6
2025-06-12 16:41:00,48.3
2025-06-12 08:47:00,15.5
2025-06-12 15:07:00,39.7
2025-06-12 03:11:00,49.87196987526477
2025-06-12 07:33:00,16.5
2025-06-12 05:49:00,22.3
2025-06-12 21:32:00,55.6
2025-06-12 01:19:00,45.4
2025-06-12 21:42:00,49.87196987526477
2025-06-12 04:05:00,69.8
2025-06-12 03:35:00,34.3
2025-06-12 13:46:00,1.7
2025-06-12 02:01:00,96.1
2025-06-12 00:46:00,7.9
2025-06-12 18:09:00,61.1
2025-06-12 15:35:00,61.0
2025-06-12 11:00:00,73.5
2025-06-12 23:28:00,1.4
2025-06-12 16:13:00,12.5
2025-06-12 15:57:00,96.7
2025-06-12 17:50:00,79.9
2025-06-12 20:47:00,5.8
2025-06-12 20:17:00,84.3
2025-06-12 16:24:00,49.87196987526477
2025-06-12 14:31:00,82.7
2025-06-12 02:17:00,18.8
2025-06-12 18:39:00,77.5
2025-06-12 07:43:00,8.9
2025-06-12 12:57:00,23.1
2025-06-12 09:38:00,81.6
2025-06-12 08:05:00,99.3
2025-06-12 14:15:00,18.8
2025-06-12 08:00:00,49.87196987526477
2025-06-12 15:38:00,49.87196987526477
2025-06-12 13:47:00,75.0
2025-06-12 22:31:00,49.87196987526477
2025-06-12 14:56:00,72.6
2025-06-12 18:03:00,76.9
2025-06-12 21:33:00,97.4
2025-06-12 17:49:00,37.4
2025-06-12 10:39:00,65.8
2025-06-12 22:14:00,2.6
2025-06-12 02:46:00,49.87196987526477
2025-06-12 00:09:00,10.9
2025-06-12 08:03:00,49.87196987526477
2025-06-12 19:06:00,97.8
2025-06-12 14:42:00,1.3
2025-06-12 09:46:00,46.3
2025-06-12 16:38:00,67.2
2025-06-12 15:24:00,15.0
2025-06-12 07:45:00,36.2
2025-06-12 17:10:00,30.6
2025-06-12 11:59:00,62.0
2025-06-12 04:41:00,22.9
2025-06-12 07:36:00,49.87196987526477
2025-06-12 15:08:00,51.0
2025-06-12 20:09:00,61.8
2025-06-12 03:43:00,29.5
2025-06-12 23:23:00,56.4
2025-06-12 08:24:00,74.9
2025-06-12 16:23:00,58.8
2025-06-12 23:21:00,49.87196987526477
2025-06-12 11:52:00,81.6
2025-06-12 07:28:00,21.9
2025-06-12 20:23:00,66.9
2025-06-12 21:26:00,91.0
2025-06-12 19:11:00,4.5
2025-06-12 01:42:00,49.87196987526477
2025-06-12 08:34:00,49.87196987526477
2025-06-12 20:38:00,81.9
2025-06-12 09:37:00,70.9
2025-06-12 02:48:00,54.5
2025-06-12 22:36:00,49.87196987526477
2025-06-12 12:26:00,40.7
2025-06-12 19:32:00,49.87196987526477
2025-06-12 05:47:00,72.7
2025-06-12 10:45:00,49.87196987526477
2025-06-12 22:26:00,59.0
2025-06-12 15:25:00,27.9
2025-06-12 01:55:00,29.7
2025-06-12 02:35:00,14.6
2025-06-12 14:10:00,1.8
2025-06-12 10:27:00,49.87196987526477
2025-06-12 13:55:00,51.2
2025-06-12 16:22:00,13.7
2025-06-12 22:38:00,49.87196987526477
2025-06-12 14:35:00,44.0
2025-06-12 17:45:00,79.4
2025-06-12 20:24:00,81.2
2025-06-12 01:06:00,90.6
2025-06-12 19:45:00,49.87196987526477
2025-06-12 08:56:00,54.1
2025-06-12 13:00:00,95.0
2025-06-12 03:37:00,66.7
2025-06-12 03:23:00,35.6
2025-06-12 20:00:00,9.5
2025-06-12 09:26:00,51.0
2025-06-12 04:42:00,49.87196987526477
2025-06-12 09:18:00,35.3
2025-06-12 07:27:00,49.87196987526477
2025-06-12 22:53:00,36.6
2025-06-12 02:39:00,49.87196987526477
2025-06-12 10:07:00,77.4
2025-06-12 19:48:00,16.2
2025-06-12 00:27:00,75.7
2025-06-12 03:47:00,49.87196987526477
2025-06-12 04:26:00,2.3
2025-06-12 03:20:00,77.0
2025-06-12 06:12:00,17.6
2025-06-12 13:37:00,66.2
2025-06-12 02:44:00,5.5
2025-06-12 19:30:00,93.7
2025-06-12 16:10:00,49.87196987526477
2025-06-12 16:51:00,37.5
2025-06-12 10:48:00,45.7
2025-06-12 17:27:00,49.87196987526477
2025-06-12 01:26:00,22.7
2025-06-12 12:00:00,66.7
2025-06-12 12:21:00,14.5
2025-06-12 12:30:00,66.6
2025-06-12 04:17:00,45.5
2025-06-12 09:32:00,39.0
2025-06-12 10:56:00,45.5
2025-06-12 16:37:00,10.0
2025-06-12 04:11:00,59.3
2025-06-12 01:54:00,99.9
2025-06-12 04:57:00,30.3
2025-06-12 19:22:00,78.4
2025-06-12 16:55:00,89.2
2025-06-12 03:10:00,37.9
2025-06-12 11:37:00,93.4
2025-06-12 04:08:00,84.7
2025-06-12 03:41:00,85.1
2025-06-12 06:38:00,30.2
2025-06-12 09:21:00,16.5
2025-06-12 04:38:00,49.87196987526477
2025-06-12 21:13:00,26.9
2025-06-12 18:22:00,94.9
2025-06-12 06:08:00,64.1
2025-06-12 13:56:00,49.87196987526477
2025-06-12 00:01:00,49.87196987526477
2025-06-12 10:43:00,41.7
2025-06-12 15:32:00,26.9
2025-06-12 04:54:00,49.87196987526477
2025-06-12 23:10:00,87.8
2025-06-12 09:34:00,87.5
2025-06-12 20:37:00,95.2
2025-06-12 06:04:00,49.87196987526477
2025-06-12 16:04:00,87.3
2025-06-12 07:24:00,45.7
2025-06-12 03:25:00,91.8
2025-06-12 01:21:00,49.87196987526477
2025-06-12 19:20:00,49.87196987526477
2025-06-12 16:59:00,45.7
2025-06-12 10:47:00,56.7
2025-06-12 01:37:00,49.87196987526477
2025-06-12 17:38:00,49.87196987526477
2025-06-12 06:15:00,33.0
2025-06-12 14:22:00,0.6
2025-06-12 19:55:00,78.6
2025-06-12 22:10:00,60.5
2025-06-12 01:09:00,0.8
2025-06-12 19:42:00,14.5
2025-06-12 20:31:00,25.3
2025-06-12 09:41:00,83.7
2025-06-12 20:46:00,75.0
2025-06-12 22:17:00,62.2
2025-06-12 08:53:00,33.1
2025-06-12 20:22:00,40.5
2025-06-12 16:00:00,75.3
2025-06-12 12:49:00,49.87196987526477
2025-06-12 03:01:00,49.87196987526477
2025-06-12 12:39:00,44.0
2025-06-12 06:33:00,95.5
2025-06-12 16:56:00,26.5
2025-06-12 04:28:00,49.87196987526477
2025-06-12 01:28:00,8.1
2025-06-12 19:04:00,49.87196987526477
2025-06-12 08:04:00,37.2
2025-06-12 05:32:00,47.7
2025-06-12 00:10:00,69.6
2025-06-12 18:52:00,49.87196987526477
2025-06-12 17:02:00,17.6
2025-06-12 16:01:00,49.87196987526477
2025-06-12 14:43:00,79.3
2025-06-12 00:33:00,57.7
2025-06-12 12:45:00,11.8
2025-06-12 14:04:00,75.7
2025-06-12 20:53:00,34.3
2025-06-12 12:59:00,97.6
2025-06-12 18:41:00,10.3
2025-06-12 13:49:00,16.1
2025-06-12 22:43:00,13.9
2025-06-12 15:15:00,49.87196987526477
2025-06-12 02:28:00,99.4
2025-06-12 21:18:00,97.3
2025-06-12 10:02:00,49.87196987526477
2025-06-12 09:23:00,42.7
2025-06-12 11:33:00,41.0
2025-06-12 19:10:00,90.2
2025-06-12 20:21:00,94.2
2025-06-12 18:57:00,33.5
2025-06-12 07:10:00,63.5
2025-06-12 12:42:00,12.8
2025-06-12 04:40:00,49.87196987526477
2025-06-12 11:23:00,42.6
2025-06-12 13:07:00,17.9
2025-06-12 12:20:00,85.1
2025-06-12 19:58:00,50.6
2025-06-12 10:23:00,57.2
2025-06-12 20:36:00,83.8
2025-06-12 09:15:00,93.1
2025-06-12 10:46:00,70.5
2025-06-12 10:59:00,37.7
2025-06-12 06:36:00,17.1
2025-06-12 23:09:00,0.8
2025-06-12 22:09:00,70.8
2025-06-12 04:49:00,16.2
2025-06-12 20:28:00,33.0
2025-06-12 20:19:00,30.2
2025-06-12 14:12:00,68.3
2025-06-12 16:43:00,72.0
2025-06-12 11:21:00,77.8
2025-06-12 10:40:00,65.0
2025-06-12 04:43:00,48.7
2025-06-12 08:35:00,29.5
2025-06-12 18:14:00,40.1
2025-06-12 01:39:00,68.8
2025-06-12 08:57:00,56.5
2025-06-12 22:03:00,49.87196987526477
2025-06-12 19:21:00,69.3
2025-06-12 14:06:00,63.4
2025-06-12 00:45:00,49.87196987526477
2025-06-12 02:29:00,10.1
2025-06-12 15:41:00,97.7
2025-06-12 15:14:00,26.4
2025-06-12 13:24:00,87.7
2025-06-12 06:55:00,30.0
2025-06-12 14:00:00,5.8
2025-06-12 16:42:00,70.4
2025-06-12 15:28:00,73.8
2025-06-12 00:21:00,49.87196987526477
2025-06-12 17:41:00,49.87196987526477
2025-06-12 12:07:00,23.8
2025-06-12 05:25:00,37.4
2025-06-12 01:15:00,14.0
2025-06-12 05:42:00,2.1
2025-06-12 00:05:00,82.7
2025-06-12 17:19:00,42.0
2025-06-12 21:25:00,51.4
2025-06-12 20:49:00,98.7
2025-06-12 10:14:00,89.0
2025-06-12 14:39:00,12.2
2025-06-12 21:37:00,53.5
2025-06-12 13:36:00,23.4
2025-06-12 21:40:00,8.0
2025-06-12 06:14:00,49.87196987526477
2025-06-12 11:30:00,49.87196987526477
2025-06-12 15:47:00,36.8
2025-06-12 10:37:00,38.0
2025-06-12 11:41:00,64.8
2025-06-12 11:04:00,70.1
2025-06-12 03:19:00,49.93628109892701
2025-06-12 09:22:00,98.7
2025-06-12 09:00:00,49.93628109892701
2025-06-12 23:34:00,30.0
2025-06-12 13:11:00,2.7
2025-06-12 13:46:00,49.93628109892701
2025-06-12 08:40:00,3.5
2025-06-12 14:13:00,93.1
2025-06-12 18:28:00,17.6
2025-06-12 11:39:00,18.9
2025-06-12 00:51:00,49.93628109892701
2025-06-12 14:40:00,13.3
2025-06-12 03:32:00,49.93628109892701
2025-06-12 16:59:00,49.93628109892701
2025-06-12 18:21:00,0.8
2025-06-12 23:12:00,19.7
2025-06-12 17:35:00,93.8
2025-06-12 00:53:00,49.93628109892701
2025-06-12 16:46:00,77.7
2025-06-12 10:32:00,13.0
2025-06-12 05:53:00,74.1
2025-06-12 14:03:00,33.5
2025-06-12 09:57:00,73.5
2025-06-12 22:52:00,49.93628109892701
2025-06-12 18:10:00,92.0
2025-06-12 07:06:00,61.1
2025-06-12 22:22:00,17.5
2025-06-12 08:33:00,5.3
2025-06-12 14:42:00,41.1
2025-06-12 07:12:00,96.2
2025-06-12 12:44:00,56.8
2025-06-12 14:29:00,1.6
2025-06-12 06:31:00,30.3
2025-06-12 17:00:00,0.2
2025-06-12 08:48:00,49.93628109892701
2025-06-12 23:31:00,76.9
2025-06-12 15:53:00,89.7
2025-06-12 16:27:00,30.6
2025-06-12 01:53:00,58.3
2025-06-12 08:57:00,27.2
2025-06-12 12:03:00,49.93628109892701
2025-06-12 23:26:00,39.1
2025-06-12 17:57:00,25.4
2025-06-12 05:23:00,63.5
2025-06-12 03:50:00,40.9
2025-06-12 03:02:00,61.6
2025-06-12 18:14:00,48.9
2025-06-12 00:26:00,92.2
2025-06-12 14:37:00,91.7
2025-06-12 15:08:00,49.0
2025-06-12 17:45:00,49.93628109892701
2025-06-12 16:18:00,65.0
2025-06-12 16:28:00,29.9
2025-06-12 05:50:00,49.93628109892701
2025-06-12 07:18:00,49.93628109892701
2025-06-12 16:32:00,19.4
2025-06-12 03:37:00,66.7
2025-06-12 01:12:00,24.9
2025-06-12 03:14:00,49.93628109892701
2025-06-12 07:23:00,10.1
2025-06-12 06:33:00,13.1
2025-06-12 21:33:00,68.5
2025-06-12 04:55:00,39.0
2025-06-12 17:01:00,76.7
2025-06-12 10:43:00,49.93628109892701
2025-06-12 04:29:00,80.4
2025-06-12 19:19:00,79.8
2025-06-12 12:06:00,49.93628109892701
2025-06-12 06:36:00,5.8
2025-06-12 12:37:00,55.1
2025-06-12 10:20:00,59.0
2025-06-12 06:24:00,38.1
2025-06-12 00:46:00,68.0
2025-06-12 02:57:00,49.93628109892701
2025-06-12 08:15:00,4.8
2025-06-12 05:24:00,49.93628109892701
2025-06-12 08:03:00,52.7
2025-06-12 03:06:00,66.4
2025-06-12 10:08:00,82.7
2025-06-12 17:38:00,25.1
2025-06-12 01:29:00,82.6
2025-06-12 22:29:00,49.93628109892701
2025-06-12 22:54:00,96.0
2025-06-12 14:09:00,11.0
2025-06-12 16:22:00,65.2
2025-06-12 16:20:00,49.93628109892701
2025-06-12 15:41:00,1.6
2025-06-12 16:10:00,19.0
2025-06-12 07:19:00,75.9
2025-06-12 11:54:00,59.8
2025-06-12 14:54:00,26.1
2025-06-12 03:38:00,64.0
2025-06-12 14:52:00,54.3
2025-06-12 04:26:00,49.93628109892701
2025-06-12 13:35:00,49.93628109892701
2025-06-12 03:40:00,30.5
2025-06-12 06:59:00,55.8
2025-06-12 13:49:00,68.0
2025-06-12 18:06:00,53.6
2025-06-12 06:03:00,89.4
2025-06-12 10:11:00,34.9
2025-06-12 20:28:00,41.6
2025-06-12 08:13:00,9.3
2025-06-12 22:38:00,90.1
2025-06-12 20:56:00,7.8
2025-06-12 22:53:00,5.7
2025-06-12 07:37:00,68.4
2025-06-12 19:10:00,84.8
2025-06-12 08:21:00,47.6
2025-06-12 05:49:00,49.93628109892701
2025-06-12 03:48:00,49.93628109892701
2025-06-12 16:24:00,28.7
2025-06-12 12:40:00,8.8
2025-06-12 13:47:00,91.2
2025-06-12 04:57:00,51.5
2025-06-12 23:16:00,69.4
2025-06-12 01:52:00,28.0
2025-06-12 20:44:00,65.9
2025-06-12 02:25:00,69.9
2025-06-12 16:58:00,98.8
2025-06-12 12:34:00,49.93628109892701
2025-06-12 21:26:00,8.4
2025-06-12 22:44:00,38.6
2025-06-12 09:20:00,49.93628109892701
2025-06-12 23:35:00,51.5
2025-06-12 13:20:00,97.1
2025-06-12 09:30:00,70.9
2025-06-12 09:35:00,49.93628109892701
2025-06-12 15:54:00,88.0
2025-06-12 00:08:00,40.6
2025-06-12 02:49:00,48.4
2025-06-12 02:17:00,28.1
2025-06-12 16:05:00,1.8
2025-06-12 18:18:00,49.93628109892701
2025-06-12 02:09:00,25.8
2025-06-12 19:31:00,49.93628109892701
2025-06-12 19:52:00,49.93628109892701
2025-06-12 12:19:00,49.93628109892701
2025-06-12 18:09:00,0.9
2025-06-12 16:50:00,75.8
2025-06-12 14:43:00,49.93628109892701
2025-06-12 16:54:00,5.6
2025-06-12 12:17:00,49.93628109892701
2025-06-12 11:37:00,24.0
2025-06-12 00:59:00,10.4
2025-06-12 12:50:00,14.5
2025-06-12 00:37:00,42.9
2025-06-12 21:49:00,24.1
2025-06-12 06:10:00,84.7
2025-06-12 08:44:00,81.9
2025-06-12 05:03:00,49.93628109892701
2025-06-12 23:59:00,35.5
2025-06-12 08:54:00,35.6
2025-06-12 22:26:00,50.9
2025-06-12 20:23:00,75.1
2025-06-12 01:56:00,84.0
2025-06-12 20:12:00,84.5
2025-06-12 05:44:00,77.1
2025-06-12 19:43:00,13.6
2025-06-12 13:10:00,89.9
2025-06-12 11:15:00,54.1
2025-06-12 10:06:00,5.2
2025-06-12 14:59:00,34.7
2025-06-12 01:31:00,82.4
2025-06-12 01:17:00,49.93628109892701
2025-06-12 09:31:00,59.9
2025-06-12 19:48:00,95.1
2025-06-12 23:07:00,44.9
2025-06-12 14:21:00,76.0
2025-06-12 10:03:00,90.1
2025-06-12 18:32:00,49.93628109892701
2025-06-12 05:21:00,56.4
2025-06-12 09:18:00,49.93628109892701
2025-06-12 02:18:00,82.7
2025-06-12 07:47:00,49.93628109892701
2025-06-12 18:01:00,33.6
2025-06-12 07:22:00,3.5
2025-06-12 19:55:00,59.6
2025-06-12 22:14:00,49.93628109892701
2025-06-12 20:36:00,16.5
2025-06-12 00:01:00,47.2
2025-06-12 17:33:00,50.2
2025-06-12 20:31:00,62.9
2025-06-12 18:50:00,54.1
2025-06-12 00:48:00,3.3
2025-06-12 05:07:00,1.8
2025-06-12 11:49:00,92.0
2025-06-12 15:16:00,49.93628109892701
2025-06-12 07:27:00,53.5
2025-06-12 16:53:00,74.0
2025-06-12 14:10:00,30.8
2025-06-12 22:13:00,9.3
2025-06-12 14:47:00,92.0
2025-06-12 03:27:00,32.3
2025-06-12 04:33:00,45.1
2025-06-12 02:10:00,49.2
2025-06-12 09:56:00,21.7
2025-06-12 11:09:00,74.1
2025-06-12 21:35:00,49.93628109892701
2025-06-12 11:25:00,12.8
2025-06-12 01:18:00,37.7
2025-06-12 00:35:00,43.2
2025-06-12 16:21:00,47.2
2025-06-12 19:28:00,49.93628109892701
2025-06-12 01:10:00,0.5
2025-06-12 13:26:00,78.2
2025-06-12 17:14:00,84.9
2025-06-12 16:17:00,45.5
2025-06-12 05:38:00,27.4
2025-06-12 02:34:00,82.6
2025-06-12 12:59:00,23.9
2025-06-12 14:58:00,37.2
2025-06-12 11:00:00,40.2
2025-06-12 04:07:00,46.1
2025-06-12 12:32:00,4.9
2025-06-12 03:08:00,2.3
2025-06-12 15:59:00,8.6
2025-06-12 01:28:00,84.4
2025-06-12 16:13:00,49.93628109892701
2025-06-12 01:08:00,49.93628109892701
2025-06-12 07:17:00,49.93628109892701
2025-06-12 15:52:00,5.6
2025-06-12 03:36:00,18.2
2025-06-12 19:47:00,60.7
2025-06-12 02:07:00,66.3
2025-06-12 23:08:00,40.6
2025-06-12 21:02:00,49.93628109892701
2025-06-12 13:15:00,75.3
2025-06-12 13:22:00,70.4
2025-06-12 16:45:00,6.8
2025-06-12 18:39:00,41.5
2025-06-12 13:52:00,60.8
2025-06-12 01:40:00,15.4
2025-06-12 01:58:00,49.93628109892701
2025-06-12 15:26:00,14.6
2025-06-12 03:17:00,81.2
2025-06-12 23:05:00,10.1
2025-06-12 01:11:00,27.0
2025-06-12 15:06:00,42.4
2025-06-12 09:09:00,51.2
2025-06-12 21:16:00,44.1
2025-06-12 13:30:00,97.8
2025-06-12 14:51:00,58.7
2025-06-12 10:54:00,37.4
2025-06-12 16:44:00,49.93628109892701
2025-06-12 04:21:00,74.9
2025-06-12 07:43:00,98.0
2025-06-12 09:04:00,68.9
2025-06-12 20:48:00,49.7
2025-06-12 23:33:00,81.4
2025-06-12 05:05:00,18.3
2025-06-12 08:19:00,42.1
2025-06-12 09:58:00,59.1
2025-06-12 08:20:00,6.2
2025-06-12 13:51:00,53.0
2025-06-12 01:25:00,30.7
2025-06-12 13:42:00,48.8
2025-06-12 22:12:00,7.9
2025-06-12 13:29:00,95.4
2025-06-12 21:20:00,15.1
2025-06-12 07:44:00,66.7
2025-06-12 09:41:00,31.2
2025-06-12 23:54:00,11.8
2025-06-12 21:32:00,32.3
2025-06-12 02:42:00,49.93628109892701
2025-06-12 06:18:00,17.0
2025-06-12 08:09:00,92.5
2025-06-12 00:42:00,49.93628109892701
2025-06-12 03:29:00,79.8
2025-06-12 05:35:00,49.93628109892701
2025-06-12 23:38:00,91.8
2025-06-12 09:52:00,45.3
2025-06-12 07:07:00,15.9
2025-06-12 01:23:00,55.6
2025-06-12 02:52:00,22.8
2025-06-12 22:05:00,55.0
2025-06-12 02:20:00,89.1
2025-06-12 01:41:00,28.3
2025-06-12 04:14:00,49.93628109892701
2025-06-12 12:22:00,84.9
2025-06-12 08:43:00,72.3
2025-06-12 20:02:00,78.1
2025-06-12 18:12:00,49.93628109892701
2025-06-12 05:42:00,62.7
2025-06-12 11:06:00,59.1
2025-06-12 00:41:00,82.4
2025-06-12 15:21:00,30.4
2025-06-12 18:33:00,28.2
2025-06-12 06:08:00,5.7
2025-06-12 05:48:00,88.0
2025-06-12 06:16:00,49.797736698660984
2025-06-12 20:48:00,8.4
2025-06-12 10:46:00,49.797736698660984
2025-06-12 01:04:00,59.8
2025-06-12 17:19:00,47.2
2025-06-12 23:53:00,25.0
2025-06-12 07:38:00,49.797736698660984
2025-06-12 02:32:00,49.797736698660984
2025-06-12 03:40:00,16.6
2025-06-12 15:38:00,5.0
2025-06-12 00:44:00,92.8
2025-06-12 18:03:00,98.1
2025-06-12 14:34:00,49.797736698660984
2025-06-12 04:05:00,70.6
2025-06-12 10:16:00,64.9
2025-06-12 06:38:00,94.9
2025-06-12 21:03:00,60.5
2025-06-12 11:10:00,33.1
2025-06-12 10:09:00,64.6
2025-06-12 11:52:00,10.1
2025-06-12 21:51:00,49.4
2025-06-12 15:37:00,19.1
2025-06-12 17:51:00,54.7
2025-06-12 10:11:00,79.7
2025-06-12 22:11:00,1.3
2025-06-12 10:15:00,46.5
2025-06-12 09:17:00,66.6
2025-06-12 00:06:00,92.3
2025-06-12 09:24:00,8.0
2025-06-12 03:34:00,43.4
2025-06-12 20:47:00,46.8
2025-06-12 06:20:00,91.7
2025-06-12 19:11:00,65.9
2025-06-12 02:05:00,80.8
2025-06-12 10:07:00,59.4
2025-06-12 02:10:00,93.9
2025-06-12 09:25:00,70.5
2025-06-12 09:52:00,63.2
2025-06-12 22:49:00,63.6
2025-06-12 10:53:00,68.3
2025-06-12 06:34:00,87.6
2025-06-12 08:41:00,39.6
2025-06-12 05:19:00,15.6
2025-06-12 10:39:00,49.797736698660984
2025-06-12 23:48:00,33.7
2025-06-12 08:23:00,35.8
2025-06-12 02:02:00,66.8
2025-06-12 07:57:00,55.8
2025-06-12 16:03:00,39.1
2025-06-12 09:33:00,92.7
2025-06-12 06:01:00,0.4
2025-06-12 08:46:00,95.2
2025-06-12 16:09:00,22.0
2025-06-12 05:48:00,38.1
2025-06-12 12:16:00,37.5
2025-06-12 04:28:00,49.797736698660984
2025-06-12 23:49:00,68.3
2025-06-12 00:54:00,49.797736698660984
2025-06-12 16:45:00,6.0
2025-06-12 23:27:00,24.3
2025-06-12 00:25:00,62.7
2025-06-12 00:43:00,73.5
2025-06-12 10:21:00,92.3
2025-06-12 07:24:00,4.6
2025-06-12 00:09:00,60.0
2025-06-12 20:42:00,66.1
2025-06-12 16:58:00,78.9
2025-06-12 13:50:00,5.2
2025-06-12 04:03:00,70.8
2025-06-12 14:50:00,51.9
2025-06-12 18:14:00,72.0
2025-06-12 16:29:00,20.1
2025-06-12 06:25:00,31.7
2025-06-12 02:57:00,56.3
2025-06-12 22:21:00,49.797736698660984
2025-06-12 19:52:00,20.3
2025-06-12 03:27:00,37.4
2025-06-12 11:24:00,82.8
2025-06-12 14:22:00,43.0
2025-06-12 11:35:00,93.9
2025-06-12 08:19:00,98.8
2025-06-12 15:41:00,49.797736698660984
2025-06-12 14:55:00,2.1
2025-06-12 11:13:00,54.1
2025-06-12 11:51:00,71.1
2025-06-12 21:38:00,9.5
2025-06-12 11:59:00,7.8
2025-06-12 12:11:00,36.8
2025-06-12 10:27:00,99.2
2025-06-12 08:29:00,15.3
2025-06-12 07:40:00,87.2
2025-06-12 07:51:00,49.797736698660984
2025-06-12 12:51:00,25.4
2025-06-12 04:47:00,68.6
2025-06-12 20:15:00,56.6
2025-06-12 03:07:00,53.2
2025-06-12 17:55:00,18.5
2025-06-12 21:27:00,32.8
2025-06-12 18:08:00,49.797736698660984
2025-06-12 03:53:00,49.797736698660984
2025-06-12 21:23:00,71.8
2025-06-12 10:18:00,61.8
2025-06-12 08:17:00,56.2
2025-06-12 07:42:00,49.797736698660984
2025-06-12 09:51:00,0.1
2025-06-12 10:28:00,47.7
2025-06-12 02:13:00,99.8
2025-06-12 04:04:00,85.0
2025-06-12 01:52:00,65.7
2025-06-12 12:48:00,31.4
2025-06-12 00:08:00,49.797736698660984
2025-06-12 12:24:00,66.1
2025-06-12 21:19:00,82.2
2025-06-12 21:58:00,7.1
2025-06-12 21:11:00,22.0
2025-06-12 18:21:00,83.5
2025-06-12 13:42:00,49.797736698660984
2025-06-12 01:10:00,97.8
2025-06-12 04:11:00,73.5
2025-06-12 16:49:00,64.4
2025-06-12 20:25:00,47.1
2025-06-12 09:31:00,94.7
2025-06-12 01:19:00,27.2
2025-06-12 08:45:00,86.1
2025-06-12 23:33:00,96.7
2025-06-12 00:20:00,34.9
2025-06-12 07:14:00,42.9
2025-06-12 12:57:00,14.9
2025-06-12 18:35:00,52.6
2025-06-12 02:37:00,17.5
2025-06-12 16:54:00,5.9
2025-06-12 03:44:00,21.6
2025-06-12 04:45:00,12.6
2025-06-12 15:54:00,41.0
2025-06-12 17:26:00,59.5
2025-06-12 06:31:00,77.7
2025-06-12 20:43:00,50.9
2025-06-12 13:05:00,6.6
2025-06-12 02:45:00,76.3
2025-06-12 09:32:00,41.2
2025-06-12 06:04:00,49.797736698660984
2025-06-12 21:49:00,61.0
2025-06-12 01:12:00,62.7
2025-06-12 15:27:00,32.8
2025-06-12 01:01:00,86.2
2025-06-12 14:58:00,61.7
2025-06-12 00:19:00,71.2
2025-06-12 14:37:00,76.1
2025-06-12 11:15:00,49.797736698660984
2025-06-12 04:32:00,78.1
2025-06-12 19:50:00,49.797736698660984
2025-06-12 06:45:00,2.2
2025-06-12 14:57:00,20.4
2025-06-12 00:15:00,50.8
2025-06-12 13:03:00,2.9
2025-06-12 07:48:00,86.6
2025-06-12 20:00:00,49.1
2025-06-12 01:18:00,14.2
2025-06-12 14:09:00,36.0
2025-06-12 10:58:00,71.9
2025-06-12 19:03:00,72.1
2025-06-12 19:30:00,35.8
2025-06-12 22:53:00,49.797736698660984
2025-06-12 07:59:00,42.1
2025-06-12 13:11:00,30.9
2025-06-12 17:13:00,49.797736698660984
2025-06-12 07:31:00,88.3
2025-06-12 01:59:00,94.7
2025-06-12 19:31:00,49.797736698660984
2025-06-12 06:15:00,49.797736698660984
2025-06-12 11:47:00,71.6
2025-06-12 14:03:00,2.9
2025-06-12 21:34:00,34.5
2025-06-12 00:49:00,58.2
2025-06-12 20:41:00,37.1
2025-06-12 02:25:00,23.6
2025-06-12 07:50:00,18.7
2025-06-12 23:59:00,49.797736698660984
2025-06-12 19:05:00,49.797736698660984
2025-06-12 07:43:00,49.797736698660984
2025-06-12 01:41:00,49.797736698660984
2025-06-12 03:46:00,86.3
2025-06-12 10:30:00,49.797736698660984
2025-06-12 12:01:00,35.1
2025-06-12 21:47:00,52.5
2025-06-12 00:03:00,99.0
2025-06-12 00:30:00,80.2
2025-06-12 23:58:00,37.0
2025-06-12 08:28:00,35.8
2025-06-12 18:07:00,49.797736698660984
2025-06-12 07:53:00,49.797736698660984
2025-06-12 11:08:00,31.6
2025-06-12 11:26:00,81.4
2025-06-12 03:04:00,60.8
2025-06-12 22:35:00,65.9
2025-06-12 17:25:00,25.3
2025-06-12 18:48:00,1.6
2025-06-12 06:43:00,49.797736698660984
2025-06-12 00:34:00,49.797736698660984
2025-06-12 00:35:00,96.0
2025-06-12 13:30:00,1.2
2025-06-12 00:26:00,87.3
2025-06-12 00:27:00,23.1
2025-06-12 10:00:00,72.8
2025-06-12 23:13:00,49.797736698660984
2025-06-12 12:28:00,76.0
2025-06-12 08:01:00,37.1
2025-06-12 04:24:00,77.7
2025-06-12 03:30:00,93.2
2025-06-12 21:25:00,49.797736698660984
2025-06-12 22:32:00,47.4
2025-06-12 17:47:00,80.2
2025-06-12 19:42:00,59.0
2025-06-12 20:57:00,15.3
2025-06-12 23:47:00,49.797736698660984
2025-06-12 21:31:00,49.797736698660984
2025-06-12 01:37:00,74.9
2025-06-12 14:46:00,31.1
2025-06-12 07:07:00,35.7
2025-06-12 03:28:00,29.7
2025-06-12 17:02:00,29.2
2025-06-12 06:58:00,76.8
2025-06-12 14:02:00,51.3
2025-06-12 08:10:00,97.2
2025-06-12 08:11:00,58.1
2025-06-12 02:53:00,58.5
2025-06-12 20:29:00,49.797736698660984
2025-06-12 06:36:00,44.2
2025-06-12 22:20:00,10.8
2025-06-12 18:26:00,95.1
2025-06-12 05:55:00,49.797736698660984
2025-06-12 21:16:00,31.0
2025-06-12 06:21:00,36.0
2025-06-12 21:52:00,72.8
2025-06-12 19:18:00,14.4
2025-06-12 09:56:00,47.9
2025-06-12 04:35:00,61.9
2025-06-12 17:12:00,49.797736698660984
2025-06-12 04:21:00,56.2
2025-06-12 00:02:00,28.0
2025-06-12 12:27:00,93.3
2025-06-12 12:34:00,76.5
2025-06-12 13:45:00,45.1
2025-06-12 14:13:00,14.7
2025-06-12 23:05:00,52.5
2025-06-12 16:32:00,32.6
2025-06-12 08:31:00,57.5
2025-06-12 03:18:00,49.797736698660984
2025-06-12 20:19:00,64.3
2025-06-12 21:39:00,1.4
2025-06-12 03:52:00,60.2
2025-06-12 05:37:00,60.5
2025-06-12 16:25:00,42.4
2025-06-12 18:11:00,30.1
2025-06-12 22:06:00,31.7
2025-06-12 22:23:00,59.9
2025-06-12 02:47:00,49.797736698660984
2025-06-12 13:58:00,49.797736698660984
2025-06-12 19:23:00,75.9
2025-06-12 03:47:00,17.4
2025-06-12 12:58:00,49.797736698660984
2025-06-12 10:08:00,9.6
2025-06-12 12:33:00,30.5
2025-06-12 16:16:00,9.4
2025-06-12 07:01:00,28.4
2025-06-12 03:51:00,6.7
2025-06-12 00:24:00,24.7
2025-06-12 23:18:00,19.4
2025-06-12 17:23:00,49.797736698660984
2025-06-12 10:45:00,57.9
2025-06-12 12:35:00,55.7
2025-06-12 06:23:00,39.6
2025-06-12 09:07:00,42.9
2025-06-12 15:17:00,49.797736698660984
2025-06-12 01:35:00,91.5
2025-06-12 09:19:00,37.8
2025-06-12 18:55:00,66.3
2025-06-12 00:56:00,79.8
2025-06-12 18:53:00,17.8
2025-06-12 18:39:00,70.6
2025-06-12 20:24:00,94.8
2025-06-12 09:29:00,91.7
2025-06-12 14:10:00,68.3
2025-06-12 20:07:00,49.797736698660984
2025-06-12 21:50:00,92.5
2025-06-12 19:59:00,1.0
2025-06-12 19:45:00,3.1
2025-06-12 17:40:00,49.797736698660984
2025-06-12 10:38:00,61.0
2025-06-12 08:13:00,12.6
2025-06-12 06:24:00,74.1
2025-06-12 18:05:00,30.7
2025-06-12 00:28:00,21.1
2025-06-12 17:16:00,41.2
2025-06-12 18:57:00,67.0
2025-06-12 22:40:00,5.8
2025-06-12 13:29:00,27.2
2025-06-12 06:40:00,54.0
2025-06-12 09:58:00,90.1
2025-06-12 19:44:00,4.5
2025-06-12 03:22:00,35.5
2025-06-12 03:14:00,17.3
2025-06-12 18:03:00,50.18136565940501
2025-06-12 20:58:00,61.2
2025-06-12 14:47:00,19.4
2025-06-12 14:48:00,50.18136565940501
2025-06-12 11:40:00,53.4
2025-06-12 07:02:00,12.8
2025-06-12 15:09:00,50.18136565940501
2025-06-12 08:47:00,28.3
2025-06-12 05:17:00,18.0
2025-06-12 10:47:00,19.7
2025-06-12 05:38:00,47.1
2025-06-12 14:10:00,33.7
2025-06-12 19:48:00,89.8
2025-06-12 03:57:00,50.18136565940501
2025-06-12 06:47:00,13.0
2025-06-12 06:30:00,23.2
2025-06-12 10:27:00,70.0
2025-06-12 14:02:00,50.18136565940501
2025-06-12 12:04:00,48.3
2025-06-12 17:29:00,49.9
2025-06-12 13:23:00,6.7
2025-06-12 23:33:00,60.4
2025-06-12 00:15:00,50.18136565940501
2025-06-12 12:15:00,96.5
2025-06-12 00:02:00,50.18136565940501
2025-06-12 20:44:00,50.18136565940501
2025-06-12 14:16:00,67.5
2025-06-12 21:25:00,60.0
2025-06-12 23:31:00,35.1
2025-06-12 04:26:00,9.3
2025-06-12 08:09:00,50.18136565940501
2025-06-12 05:21:00,58.8
2025-06-12 14:46:00,14.9
2025-06-12 09:06:00,50.18136565940501
2025-06-12 22:42:00,98.1
2025-06-12 01:29:00,85.4
2025-06-12 16:38:00,99.4
2025-06-12 06:42:00,50.18136565940501
2025-06-12 11:29:00,50.18136565940501
2025-06-12 02:35:00,9.9
2025-06-12 23:53:00,85.9
2025-06-12 09:30:00,14.7
2025-06-12 03:53:00,86.7
2025-06-12 10:00:00,93.9
2025-06-12 15:19:00,4.1
2025-06-12 05:45:00,8.4
2025-06-12 02:09:00,55.3
2025-06-12 20:34:00,9.8
2025-06-12 03:28:00,55.6
2025-06-12 06:53:00,44.4
2025-06-12 08:34:00,50.18136565940501
2025-06-12 10:42:00,75.3
2025-06-12 11:16:00,50.18136565940501
2025-06-12 14:03:00,21.8
2025-06-12 20:54:00,50.18136565940501
2025-06-12 14:22:00,30.4
2025-06-12 18:02:00,50.18136565940501
2025-06-12 23:43:00,13.2
2025-06-12 13:46:00,84.7
2025-06-12 16:39:00,89.9
2025-06-12 12:20:00,39.0
2025-06-12 18:57:00,98.6
2025-06-12 20:53:00,36.1
2025-06-12 05:29:00,28.0
2025-06-12 21:20:00,76.0
2025-06-12 12:37:00,42.0
2025-06-12 21:02:00,77.6
2025-06-12 17:12:00,38.9
2025-06-12 07:01:00,84.0
2025-06-12 09:22:00,31.2
2025-06-12 17:22:00,43.7
2025-06-12 04:49:00,73.6
2025-06-12 01:19:00,95.7
2025-06-12 01:33:00,93.0
2025-06-12 09:43:00,69.3
2025-06-12 02:45:00,0.3
2025-06-12 10:56:00,56.8
2025-06-12 20:35:00,50.18136565940501
2025-06-12 21:57:00,13.8
2025-06-12 09:31:00,30.4
2025-06-12 12:13:00,55.7
2025-06-12 03:36:00,50.2
2025-06-12 16:56:00,50.18136565940501
2025-06-12 08:06:00,27.0
2025-06-12 08:50:00,43.2
2025-06-12 12:10:00,5.7
2025-06-12 14:37:00,43.0
2025-06-12 11:08:00,74.4
2025-06-12 03:39:00,52.7
2025-06-12 01:07:00,33.5
2025-06-12 09:20:00,50.18136565940501
2025-06-12 23:56:00,42.9
2025-06-12 02:27:00,99.1
2025-06-12 11:56:00,32.3
2025-06-12 17:04:00,50.18136565940501
2025-06-12 04:21:00,82.0
2025-06-12 14:51:00,86.6
2025-06-12 00:21:00,16.6
2025-06-12 03:27:00,69.4
2025-06-12 06:38:00,53.4
2025-06-12 01:43:00,51.7
2025-06-12 20:16:00,50.18136565940501
2025-06-12 10:17:00,41.2
2025-06-12 12:16:00,17.1
2025-06-12 04:40:00,50.18136565940501
2025-06-12 18:53:00,80.2
2025-06-12 19:12:00,48.2
2025-06-12 02:23:00,33.2
2025-06-12 04:03:00,59.0
2025-06-12 03:35:00,41.0
2025-06-12 05:03:00,58.7
2025-06-12 02:58:00,46.0
2025-06-12 09:16:00,59.5
2025-06-12 10:07:00,51.8
2025-06-12 05:41:00,43.4
2025-06-12 20:09:00,95.3
2025-06-12 02:05:00,3.0
2025-06-12 20:51:00,19.4
2025-06-12 05:58:00,50.18136565940501
2025-06-12 16:16:00,50.18136565940501
2025-06-12 05:59:00,77.8
2025-06-12 14:11:00,19.8
2025-06-12 16:02:00,89.8
2025-06-12 10:55:00,50.18136565940501
2025-06-12 21:47:00,41.2
2025-06-12 03:43:00,42.0
2025-06-12 11:33:00,50.18136565940501
2025-06-12 16:14:00,50.18136565940501
2025-06-12 06:12:00,15.9
2025-06-12 19:31:00,50.18136565940501
2025-06-12 15:51:00,1.4
2025-06-12 15:54:00,18.3
2025-06-12 04:00:00,53.3
2025-06-12 06:09:00,71.6
2025-06-12 21:28:00,10.6
2025-06-12 02:46:00,18.7
2025-06-12 06:44:00,51.7
2025-06-12 17:07:00,51.9
2025-06-12 08:16:00,30.5
2025-06-12 06:13:00,42.5
2025-06-12 09:53:00,50.18136565940501
2025-06-12 06:51:00,20.5
2025-06-12 11:45:00,50.18136565940501
2025-06-12 21:23:00,52.3
2025-06-12 21:35:00,50.18136565940501
2025-06-12 19:15:00,11.6
2025-06-12 00:49:00,6.8
2025-06-12 21:09:00,9.6
2025-06-12 18:25:00,94.1
2025-06-12 00:40:00,97.6
2025-06-12 18:19:00,41.4
2025-06-12 09:34:00,50.18136565940501
2025-06-12 13:33:00,46.2
2025-06-12 11:07:00,42.3
2025-06-12 09:01:00,2.4
2025-06-12 20:41:00,67.2
2025-06-12 23:25:00,50.18136565940501
2025-06-12 08:58:00,28.3
2025-06-12 08:41:00,92.1
2025-06-12 23:46:00,28.9
2025-06-12 21:44:00,81.7
2025-06-12 16:01:00,20.0
2025-06-12 06:21:00,37.9
2025-06-12 18:55:00,50.18136565940501
2025-06-12 06:07:00,64.9
2025-06-12 15:06:00,78.9
2025-06-12 07:59:00,59.8
2025-06-12 09:33:00,54.3
2025-06-12 00:48:00,50.4
2025-06-12 07:05:00,32.3
2025-06-12 19:08:00,50.18136565940501
2025-06-12 00:18:00,22.0
2025-06-12 20:08:00,76.6
2025-06-12 19:03:00,89.7
2025-06-12 17:02:00,40.8
2025-06-12 11:18:00,84.5
2025-06-12 15:15:00,98.7
2025-06-12 09:27:00,23.7
2025-06-12 13:42:00,6.2
2025-06-12 13:15:00,48.6
2025-06-12 18:38:00,15.5
2025-06-12 19:17:00,50.18136565940501
2025-06-12 11:32:00,95.1
2025-06-12 10:10:00,50.18136565940501
2025-06-12 09:38:00,94.8
2025-06-12 08:52:00,50.18136565940501
2025-06-12 13:41:00,6.5
2025-06-12 09:37:00,26.4
2025-06-12 17:21:00,14.6
2025-06-12 09:44:00,17.8
2025-06-12 16:48:00,35.5
2025-06-12 21:56:00,4.4
2025-06-12 18:35:00,27.7
2025-06-12 18:47:00,75.4
2025-06-12 07:52:00,50.18136565940501
2025-06-12 12:57:00,18.8
2025-06-12 19:46:00,69.5
2025-06-12 11:13:00,11.0
2025-06-12 05:06:00,63.4
2025-06-12 17:27:00,51.9
2025-06-12 19:36:00,12.0
2025-06-12 10:57:00,47.7
2025-06-12 15:26:00,10.1
2025-06-12 15:30:00,23.8
2025-06-12 06:04:00,75.9
2025-06-12 20:30:00,43.4
2025-06-12 18:39:00,22.1
2025-06-12 06:01:00,36.9
2025-06-12 04:18:00,76.0
2025-06-12 10:26:00,57.3
2025-06-12 03:15:00,60.2
2025-06-12 12:19:00,57.1
2025-06-12 16:54:00,14.6
2025-06-12 18:06:00,5.8
2025-06-12 05:33:00,58.9
2025-06-12 21:51:00,83.4
2025-06-12 09:39:00,83.7
2025-06-12 06:27:00,57.7
2025-06-12 22:00:00,61.5
2025-06-12 09:51:00,74.7
2025-06-12 12:07:00,4.1
2025-06-12 13:47:00,65.1
2025-06-12 03:37:00,50.18136565940501
2025-06-12 12:56:00,39.5
2025-06-12 17:25:00,63.3
2025-06-12 22:47:00,65.3
2025-06-12 10:06:00,46.4
2025-06-12 14:14:00,70.6
2025-06-12 06:11:00,94.3
2025-06-12 07:30:00,4.4
2025-06-12 14:20:00,61.3
2025-06-12 10:28:00,99.9
2025-06-12 07:23:00,19.8
2025-06-12 04:44:00,12.2
2025-06-12 13:54:00,44.9
2025-06-12 08:36:00,41.1
2025-06-12 20:45:00,30.5
2025-06-12 07:24:00,65.3
2025-06-12 19:18:00,66.4
2025-06-12 14:58:00,26.6
2025-06-12 10:54:00,52.4
2025-06-12 07:21:00,26.8
2025-06-12 02:52:00,54.0
2025-06-12 17:00:00,97.1
2025-06-12 21:14:00,61.0
2025-06-12 21:38:00,75.8
2025-06-12 00:04:00,85.9
2025-06-12 12:54:00,35.5
2025-06-12 18:00:00,16.5
2025-06-12 09:05:00,88.1
2025-06-12 14:49:00,46.6
2025-06-12 16:29:00,57.4
2025-06-12 18:01:00,51.2
2025-06-12 06:32:00,21.6
2025-06-12 19:58:00,2.3
2025-06-12 12:05:00,45.6
2025-06-12 01:28:00,94.9
2025-06-12 07:22:00,22.3
2025-06-12 20:20:00,21.1
2025-06-12 17:08:00,81.8
2025-06-12 17:01:00,95.8
2025-06-12 01:56:00,41.8
2025-06-12 23:12:00,11.5
2025-06-12 17:52:00,50.18136565940501
2025-06-12 07:26:00,65.3
2025-06-12 11:03:00,96.5
2025-06-12 21:58:00,33.4
2025-06-12 22:45:00,59.4
2025-06-12 04:19:00,99.1
2025-06-12 06:56:00,68.4
2025-06-12 17:05:00,94.3
2025-06-12 05:51:00,49.7
2025-06-12 04:02:00,20.9
2025-06-12 06:19:00,50.18136565940501
2025-06-12 09:57:00,77.7
2025-06-12 05:54:00,72.5
2025-06-12 05:35:00,87.8
2025-06-12 10:01:00,84.6
2025-06-12 15:08:00,7.7
2025-06-12 15:02:00,50.18136565940501
2025-06-12 18:32:00,34.0
2025-06-12 19:02:00,44.9
2025-06-12 11:24:00,99.1
2025-06-12 04:48:00,49.5
2025-06-12 07:50:00,68.9
2025-06-12 10:44:00,20.6
2025-06-12 23:19:00,99.7
2025-06-12 01:30:00,93.2
2025-06-12 18:02:00,49.66792053602915
2025-06-12 17:41:00,39.9
2025-06-12 07:57:00,24.0
2025-06-12 03:56:00,50.5
2025-06-12 18:42:00,3.1
2025-06-12 09:10:00,38.1
2025-06-12 03:58:00,49.66792053602915
2025-06-12 09:52:00,68.7
2025-06-12 04:14:00,41.0
2025-06-12 10:54:00,76.1
2025-06-12 13:23:00,17.3
2025-06-12 14:14:00,15.0
2025-06-12 14:21:00,49.66792053602915
2025-06-12 17:32:00,61.4
2025-06-12 19:12:00,19.1
2025-06-12 23:30:00,44.1
2025-06-12 17:21:00,49.66792053602915
2025-06-12 22:31:00,51.4
2025-06-12 09:09:00,68.6
2025-06-12 17:16:00,16.4
2025-06-12 11:45:00,85.8
2025-06-12 04:45:00,75.9
2025-06-12 18:55:00,15.6
2025-06-12 01:16:00,49.66792053602915
2025-06-12 08:05:00,9.1
2025-06-12 15:24:00,62.8
2025-06-12 06:44:00,55.5
2025-06-12 13:25:00,50.3
2025-06-12 12:42:00,49.66792053602915
2025-06-12 09:00:00,8.6
2025-06-12 15:13:00,49.66792053602915
2025-06-12 00:39:00,44.2
2025-06-12 21:51:00,55.3
2025-06-12 05:04:00,42.4
2025-06-12 15:47:00,49.66792053602915
2025-06-12 20:15:00,44.3
2025-06-12 07:01:00,48.7
2025-06-12 19:40:00,28.4
2025-06-12 19:52:00,36.4
2025-06-12 08:20:00,11.4
2025-06-12 20:09:00,33.8
2025-06-12 12:24:00,32.2
2025-06-12 21:15:00,25.1
2025-06-12 11:19:00,40.1
2025-06-12 16:22:00,63.9
2025-06-12 23:50:00,41.8
2025-06-12 01:13:00,9.9
2025-06-12 20:25:00,25.3
2025-06-12 09:31:00,8.9
2025-06-12 16:39:00,61.2
2025-06-12 16:24:00,49.66792053602915
2025-06-12 06:54:00,58.6
2025-06-12 22:44:00,43.6
2025-06-12 04:00:00,49.66792053602915
2025-06-12 08:24:00,59.3
2025-06-12 05:14:00,26.7
2025-06-12 11:31:00,77.2
2025-06-12 05:07:00,56.3
2025-06-12 08:58:00,34.0
2025-06-12 01:41:00,35.4
2025-06-12 10:13:00,60.6
2025-06-12 16:08:00,49.66792053602915
2025-06-12 00:13:00,60.0
2025-06-12 16:21:00,68.0
2025-06-12 05:06:00,3.7
2025-06-12 11:53:00,53.9
2025-06-12 14:10:00,49.66792053602915
2025-06-12 19:10:00,25.2
2025-06-12 00:10:00,32.6
2025-06-12 21:08:00,71.6
2025-06-12 18:57:00,27.0
2025-06-12 03:54:00,34.3
2025-06-12 07:46:00,14.9
2025-06-12 04:52:00,49.66792053602915
2025-06-12 06:47:00,85.4
2025-06-12 18:14:00,3.9
2025-06-12 19:33:00,64.4
2025-06-12 14:16:00,33.1
2025-06-12 09:20:00,32.7
2025-06-12 08:43:00,67.5
2025-06-12 06:38:00,65.2
2025-06-12 08:30:00,82.3
2025-06-12 04:08:00,49.66792053602915
2025-06-12 02:17:00,95.9
2025-06-12 17:50:00,49.66792053602915
2025-06-12 02:52:00,32.9
2025-06-12 22:14:00,36.5
2025-06-12 17:52:00,72.1
2025-06-12 08:33:00,11.4
2025-06-12 09:14:00,96.6
2025-06-12 14:34:00,22.3
2025-06-12 13:00:00,91.2
2025-06-12 22:20:00,90.3
2025-06-12 07:29:00,87.3
2025-06-12 18:34:00,49.66792053602915
2025-06-12 07:17:00,49.66792053602915
2025-06-12 23:29:00,8.8
2025-06-12 16:56:00,49.66792053602915
2025-06-12 23:52:00,87.0
2025-06-12 08:38:00,23.4
2025-06-12 04:16:00,9.5
2025-06-12 21:07:00,49.66792053602915
2025-06-12 18:37:00,12.7
2025-06-12 07:54:00,55.0
2025-06-12 01:27:00,49.5
2025-06-12 18:58:00,83.8
2025-06-12 01:12:00,32.6
2025-06-12 08:47:00,14.2
2025-06-12 11:10:00,52.9
2025-06-12 06:09:00,44.0
2025-06-12 11:06:00,49.66792053602915
2025-06-12 12:54:00,31.4
2025-06-12 02:33:00,49.66792053602915
2025-06-12 13:59:00,37.0
2025-06-12 18:33:00,27.5
2025-06-12 17:31:00,49.66792053602915
2025-06-12 16:10:00,49.66792053602915
2025-06-12 13:13:00,78.9
2025-06-12 21:20:00,68.6
2025-06-12 20:39:00,67.5
2025-06-12 14:46:00,22.6
2025-06-12 16:42:00,66.4
2025-06-12 03:35:00,98.0
2025-06-12 13:43:00,70.6
2025-06-12 10:22:00,73.5
2025-06-12 11:59:00,64.5
2025-06-12 16:58:00,81.0
2025-06-12 09:11:00,83.3
2025-06-12 13:57:00,30.0
2025-06-12 08:59:00,49.66792053602915
2025-06-12 20:57:00,17.4
2025-06-12 23:51:00,25.2
2025-06-12 22:29:00,71.8
2025-06-12 02:03:00,30.1
2025-06-12 13:12:00,14.5
2025-06-12 00:46:00,49.66792053602915
2025-06-12 17:09:00,91.9
2025-06-12 18:09:00,49.66792053602915
2025-06-12 00:54:00,61.3
2025-06-12 09:28:00,49.66792053602915
2025-06-12 09:03:00,42.2
2025-06-12 19:15:00,18.0
2025-06-12 14:17:00,45.8
2025-06-12 11:56:00,83.1
2025-06-12 10:43:00,61.2
2025-06-12 20:18:00,39.8
2025-06-12 18:08:00,49.66792053602915
2025-06-12 03:39:00,44.4
2025-06-12 10:09:00,18.4
2025-06-12 15:38:00,97.6
2025-06-12 13:30:00,10.5
2025-06-12 08:57:00,49.66792053602915
2025-06-12 13:11:00,42.6
2025-06-12 23:41:00,2.3
2025-06-12 15:33:00,23.0
2025-06-12 18:31:00,54.7
2025-06-12 11:01:00,0.5
2025-06-12 06:46:00,3.3
2025-06-12 14:13:00,38.2
2025-06-12 07:15:00,88.0
2025-06-12 22:26:00,49.66792053602915
2025-06-12 23:56:00,35.8
2025-06-12 04:19:00,50.9
2025-06-12 02:42:00,32.1
2025-06-12 00:05:00,58.7
2025-06-12 23:16:00,87.3
2025-06-12 21:59:00,76.7
2025-06-12 03:15:00,15.8
2025-06-12 12:34:00,56.2
2025-06-12 04:47:00,49.66792053602915
2025-06-12 18:32:00,25.4
2025-06-12 22:49:00,88.6
2025-06-12 04:43:00,51.8
2025-06-12 08:46:00,49.66792053602915
2025-06-12 00:56:00,7.9
2025-06-12 10:19:00,62.5
2025-06-12 20:28:00,39.3
2025-06-12 16:38:00,42.3
2025-06-12 06:04:00,17.5
2025-06-12 21:54:00,9.0
2025-06-12 00:37:00,32.4
2025-06-12 08:06:00,49.66792053602915
2025-06-12 02:46:00,2.5
2025-06-12 17:20:00,65.7
2025-06-12 11:26:00,45.7
2025-06-12 13:18:00,17.7
2025-06-12 01:30:00,49.66792053602915
2025-06-12 14:26:00,49.66792053602915
2025-06-12 12:43:00,58.3
2025-06-12 07:20:00,18.9
2025-06-12 12:21:00,3.9
2025-06-12 02:11:00,44.5
2025-06-12 06:49:00,8.1
2025-06-12 13:07:00,29.0
2025-06-12 02:16:00,16.4
2025-06-12 08:04:00,39.3
2025-06-12 20:42:00,57.3
2025-06-12 14:20:00,41.3
2025-06-12 01:56:00,68.0
2025-06-12 10:32:00,82.9
2025-06-12 13:50:00,51.7
2025-06-12 18:28:00,88.5
2025-06-12 18:01:00,49.66792053602915
2025-06-12 20:13:00,8.3
2025-06-12 03:00:00,9.1
2025-06-12 19:41:00,9.7
2025-06-12 06:10:00,49.66792053602915
2025-06-12 08:53:00,68.1
2025-06-12 08:13:00,24.6
2025-06-12 18:50:00,90.1
2025-06-12 05:10:00,23.8
2025-06-12 13:09:00,8.3
2025-06-12 21:04:00,6.9
2025-06-12 23:47:00,86.9
2025-06-12 04:58:00,32.3
2025-06-12 21:38:00,49.66792053602915
2025-06-12 04:23:00,49.66792053602915
2025-06-12 19:20:00,64.1
2025-06-12 20:30:00,6.5
2025-06-12 15:00:00,2.1
2025-06-12 21:18:00,9.2
2025-06-12 21:25:00,49.66792053602915
2025-06-12 17:19:00,57.8
2025-06-12 14:58:00,49.66792053602915
2025-06-12 10:12:00,55.0
2025-06-12 01:14:00,80.5
2025-06-12 15:44:00,30.2
2025-06-12 00:45:00,93.4
2025-06-12 14:51:00,73.4
2025-06-12 03:29:00,49.66792053602915
2025-06-12 13:35:00,11.5
2025-06-12 05:28:00,17.1
2025-06-12 06:33:00,72.8
2025-06-12 22:38:00,10.6
2025-06-12 09:18:00,49.66792053602915
2025-06-12 09:22:00,83.2
2025-06-12 00:23:00,67.9
2025-06-12 21:49:00,52.3
2025-06-12 05:26:00,80.5
2025-06-12 21:47:00,60.7
2025-06-12 21:11:00,49.66792053602915
2025-06-12 19:37:00,69.6
2025-06-12 10:07:00,9.0
2025-06-12 06:43:00,23.0
2025-06-12 06:57:00,39.2
2025-06-12 08:27:00,31.5
2025-06-12 07:55:00,95.0
2025-06-12 03:23:00,12.9
2025-06-12 00:32:00,64.0
2025-06-12 15:54:00,19.4
2025-06-12 07:36:00,17.9
2025-06-12 03:59:00,78.9
2025-06-12 21:10:00,79.8
2025-06-12 10:06:00,7.5
2025-06-12 06:21:00,2.2
2025-06-12 21:29:00,74.1
2025-06-12 07:45:00,49.66792053602915
2025-06-12 00:15:00,49.66792053602915
2025-06-12 00:06:00,37.2
2025-06-12 02:13:00,16.8
2025-06-12 08:51:00,49.66792053602915
2025-06-12 11:39:00,62.9
2025-06-12 22:16:00,69.1
2025-06-12 22:08:00,95.9
2025-06-12 20:35:00,46.1
2025-06-12 14:15:00,49.66792053602915
2025-06-12 15:08:00,80.1
2025-06-12 05:35:00,58.6
2025-06-12 20:54:00,60.8
2025-06-12 05:05:00,47.7
2025-06-12 03:08:00,10.7
2025-06-12 19:42:00,82.2
2025-06-12 10:29:00,41.0
2025-06-12 00:59:00,31.4
2025-06-12 18:52:00,4.7
2025-06-12 17:55:00,9.2
2025-06-12 15:27:00,65.8
2025-06-12 17:04:00,66.8
2025-06-12 18:46:00,16.6
2025-06-12 07:30:00,42.2
2025-06-12 04:11:00,7.2
2025-06-12 04:03:00,49.66792053602915
2025-06-12 07:51:00,56.7
2025-06-12 19:55:00,25.2
2025-06-12 08:36:00,29.8
2025-06-12 23:06:00,77.6
2025-06-12 05:30:00,36.7
2025-06-12 19:08:00,68.4
2025-06-12 19:02:00,20.6
2025-06-12 07:06:00,15.6
2025-06-12 02:38:00,13.5
2025-06-12 22:17:00,49.66792053602915
2025-06-12 08:10:00,80.3
2025-06-12 21:26:00,58.6
2025-06-12 07:53:00,68.8
2025-06-12 04:33:00,38.6
2025-06-12 03:40:00,45.3
2025-06-12 01:46:00,93.3
2025-06-12 16:47:00,93.6
2025-06-12 17:34:00,91.6
2025-06-12 10:34:00,49.66792053602915
2025-06-12 08:52:00,45.1
2025-06-12 12:05:00,49.66792053602915
2025-06-12 01:09:00,77.0
2025-06-12 01:34:00,70.3
2025-06-12 06:35:00,55.0
2025-06-12 05:50:00,3.8
2025-06-12 21:06:00,39.6
2025-06-12 22:18:00,19.0
2025-06-12 01:17:00,88.6
2025-06-12 20:29:00,49.66792053602915
2025-06-12 08:41:00,9.8
2025-06-12 10:25:00,97.7
2025-06-12 15:18:00,59.8
2025-06-12 03:20:00,49.1
2025-06-12 15:14:00,43.0
2025-06-12 08:14:00,6.8
2025-06-12 07:35:00,49.66792053602915
2025-06-12 16:14:00,80.3
2025-06-12 10:03:00,55.0
2025-06-12 11:22:00,49.66792053602915
2025-06-12 07:39:00,54.6
2025-06-12 19:48:00,49.66792053602915
2025-06-12 19:19:00,3.9
2025-06-12 12:25:00,49.66792053602915
2025-06-12 14:52:00,16.5
2025-06-12 23:58:00,66.8
2025-06-12 02:29:00,21.4
2025-06-12 16:27:00,12.1
2025-06-12 04:50:00,37.0
2025-06-12 03:50:00,56.5
2025-06-12 18:30:00,26.0
2025-06-12 18:41:00,58.2
2025-06-12 06:35:00,93.4
2025-06-12 10:34:00,33.8
2025-06-12 09:00:00,50.4
2025-06-12 00:01:00,19.2
2025-06-12 22:23:00,93.8
2025-06-12 16:10:00,25.3
2025-06-12 07:36:00,49.82591552591553
2025-06-12 22:57:00,35.7
2025-06-12 23:02:00,75.6
2025-06-12 12:11:00,62.2
2025-06-12 22:42:00,87.8
2025-06-12 00:11:00,89.9
2025-06-12 16:36:00,70.9
2025-06-12 09:19:00,40.5
2025-06-12 09:38:00,49.82591552591553
2025-06-12 11:24:00,10.1
2025-06-12 21:25:00,3.1
2025-06-12 18:42:00,84.1
2025-06-12 04:25:00,91.9
2025-06-12 22:48:00,40.5
2025-06-12 17:57:00,96.1
2025-06-12 15:17:00,76.1
2025-06-12 00:37:00,72.3
2025-06-12 09:01:00,51.0
2025-06-12 17:02:00,30.9
2025-06-12 21:05:00,2.2
2025-06-12 14:43:00,49.82591552591553
2025-06-12 13:39:00,19.2
2025-06-12 09:51:00,100.0
2025-06-12 10:29:00,49.82591552591553
2025-06-12 17:59:00,49.82591552591553
2025-06-12 03:15:00,46.3
2025-06-12 04:50:00,90.4
2025-06-12 18:29:00,93.6
2025-06-12 08:52:00,36.5
2025-06-12 06:47:00,10.5
2025-06-12 21:23:00,48.6
2025-06-12 09:31:00,49.82591552591553
2025-06-12 05:30:00,50.3
2025-06-12 12:22:00,4.0
2025-06-12 02:21:00,17.4
2025-06-12 05:01:00,3.9
2025-06-12 02:12:00,49.82591552591553
2025-06-12 14:22:00,49.82591552591553
2025-06-12 16:19:00,87.0
2025-06-12 14:31:00,44.3
2025-06-12 08:41:00,91.3
2025-06-12 07:03:00,49.82591552591553
2025-06-12 09:15:00,27.2
2025-06-12 06:17:00,49.82591552591553
2025-06-12 22:03:00,25.7
2025-06-12 23:05:00,49.82591552591553
2025-06-12 15:11:00,50.5
2025-06-12 17:46:00,46.4
2025-06-12 15:04:00,93.2
2025-06-12 13:44:00,69.5
2025-06-12 23:09:00,40.2
2025-06-12 13:11:00,98.9
2025-06-12 03:10:00,56.9
2025-06-12 13:27:00,92.9
2025-06-12 16:03:00,55.5
2025-06-12 15:00:00,61.5
2025-06-12 16:29:00,70.2
2025-06-12 07:32:00,72.4
2025-06-12 05:58:00,64.1
2025-06-12 17:52:00,49.82591552591553
2025-06-12 00:29:00,49.82591552591553
2025-06-12 14:27:00,94.9
2025-06-12 05:24:00,21.1
2025-06-12 02:49:00,46.6
2025-06-12 01:18:00,64.4
2025-06-12 07:38:00,83.2
2025-06-12 00:47:00,82.1
2025-06-12 02:08:00,53.8
2025-06-12 20:11:00,94.6
2025-06-12 04:57:00,24.1
2025-06-12 10:38:00,11.8
2025-06-12 05:17:00,63.6
2025-06-12 08:09:00,40.9
2025-06-12 11:43:00,49.82591552591553
2025-06-12 04:23:00,42.9
2025-06-12 23:48:00,59.3
2025-06-12 07:45:00,49.82591552591553
2025-06-12 09:45:00,49.82591552591553
2025-06-12 20:54:00,45.6
2025-06-12 03:33:00,22.4
2025-06-12 10:20:00,38.0
2025-06-12 16:17:00,38.5
2025-06-12 12:06:00,73.9
2025-06-12 13:20:00,49.82591552591553
2025-06-12 00:36:00,49.82591552591553
2025-06-12 09:33:00,58.1
2025-06-12 09:56:00,34.4
2025-06-12 15:27:00,86.9
2025-06-12 01:00:00,91.3
2025-06-12 05:41:00,59.9
2025-06-12 12:30:00,50.0
2025-06-12 04:26:00,85.5
2025-06-12 08:20:00,62.2
2025-06-12 01:44:00,70.1
2025-06-12 04:46:00,82.3
2025-06-12 18:48:00,49.82591552591553
2025-06-12 01:29:00,21.0
2025-06-12 12:05:00,19.5
2025-06-12 18:20:00,88.1
2025-06-12 10:44:00,90.9
2025-06-12 02:40:00,55.4
2025-06-12 22:32:00,89.7
2025-06-12 13:19:00,47.8
2025-06-12 17:06:00,32.8
2025-06-12 20:36:00,71.4
2025-06-12 14:18:00,49.82591552591553
2025-06-12 18:04:00,42.7
2025-06-12 23:01:00,75.5
2025-06-12 00:33:00,15.0
2025-06-12 19:33:00,79.3
2025-06-12 15:16:00,4.1
2025-06-12 22:19:00,16.7
2025-06-12 14:04:00,68.3
2025-06-12 19:46:00,7.1
2025-06-12 18:11:00,49.82591552591553
2025-06-12 06:51:00,77.6
2025-06-12 00:04:00,91.7
2025-06-12 15:53:00,49.82591552591553
2025-06-12 19:23:00,40.3
2025-06-12 23:52:00,71.9
2025-06-12 05:14:00,12.7
2025-06-12 21:37:00,79.4
2025-06-12 17:26:00,2.4
2025-06-12 04:04:00,11.7
2025-06-12 13:33:00,67.6
2025-06-12 07:47:00,80.0
2025-06-12 07:04:00,30.0
2025-06-12 03:57:00,25.6
2025-06-12 22:46:00,21.9
2025-06-12 08:40:00,19.1
2025-06-12 23:26:00,16.1
2025-06-12 03:30:00,49.82591552591553
2025-06-12 12:16:00,48.6
2025-06-12 08:51:00,27.2
2025-06-12 15:03:00,16.1
2025-06-12 15:52:00,88.0
2025-06-12 07:37:00,49.82591552591553
2025-06-12 11:23:00,25.4
2025-06-12 23:25:00,7.8
2025-06-12 06:38:00,60.0
2025-06-12 21:02:00,12.7
2025-06-12 20:12:00,73.0
2025-06-12 05:52:00,5.0
2025-06-12 08:58:00,49.82591552591553
2025-06-12 02:17:00,28.2
2025-06-12 13:49:00,70.1
2025-06-12 22:11:00,39.0
2025-06-12 12:35:00,83.9
2025-06-12 11:00:00,49.82591552591553
2025-06-12 01:21:00,97.3
2025-06-12 02:41:00,91.6
2025-06-12 13:47:00,81.7
2025-06-12 11:16:00,87.3
2025-06-12 16:24:00,49.82591552591553
2025-06-12 12:42:00,31.2
2025-06-12 17:11:00,19.3
2025-06-12 22:38:00,32.7
2025-06-12 16:50:00,98.2
2025-06-12 04:48:00,49.82591552591553
2025-06-12 18:46:00,58.1
2025-06-12 03:05:00,50.7
2025-06-12 05:55:00,13.4
2025-06-12 08:10:00,40.6
2025-06-12 01:06:00,93.1
2025-06-12 02:46:00,48.9
2025-06-12 05:39:00,74.1
2025-06-12 09:09:00,49.82591552591553
2025-06-12 03:37:00,95.6
2025-06-12 12:45:00,95.0
2025-06-12 00:43:00,25.5
2025-06-12 12:07:00,1.6
2025-06-12 10:56:00,17.2
2025-06-12 09:42:00,16.3
2025-06-12 12:09:00,49.82591552591553
2025-06-12 07:54:00,96.5
2025-06-12 20:42:00,99.2
2025-06-12 03:53:00,84.3
2025-06-12 02:56:00,49.82591552591553
2025-06-12 05:29:00,97.9
2025-06-12 11:09:00,98.7
2025-06-12 06:22:00,52.2
2025-06-12 23:49:00,25.0
2025-06-12 13:12:00,59.0
2025-06-12 23:55:00,77.7
2025-06-12 13:18:00,49.82591552591553
2025-06-12 21:08:00,26.9
2025-06-12 06:31:00,79.5
2025-06-12 05:00:00,15.0
2025-06-12 21:42:00,49.5
2025-06-12 10:39:00,90.9
2025-06-12 19:38:00,48.1
2025-06-12 14:05:00,0.4
2025-06-12 20:28:00,66.0
2025-06-12 07:49:00,46.9
2025-06-12 03:00:00,30.5
2025-06-12 05:28:00,79.6
2025-06-12 05:34:00,88.8
2025-06-12 18:32:00,18.9
2025-06-12 09:13:00,77.3
2025-06-12 12:27:00,27.4
2025-06-12 08:56:00,50.6
2025-06-12 16:58:00,21.5
2025-06-12 23:34:00,37.3
2025-06-12 22:05:00,85.8
2025-06-12 04:16:00,31.3
2025-06-12 04:09:00,2.3
2025-06-12 19:51:00,23.0
2025-06-12 09:40:00,49.82591552591553
2025-06-12 13:21:00,93.9
2025-06-12 22:13:00,66.9
2025-06-12 15:41:00,1.9
2025-06-12 18:34:00,62.1
2025-06-12 22:43:00,6.0
2025-06-12 01:03:00,92.4
2025-06-12 10:51:00,17.0
2025-06-12 05:57:00,77.8
2025-06-12 23:30:00,30.0
2025-06-12 11:42:00,25.9
2025-06-12 20:44:00,92.5
2025-06-12 00:25:00,49.82591552591553
2025-06-12 14:12:00,37.1
2025-06-12 21:54:00,0.4
2025-06-12 21:40:00,78.5
2025-06-12 20:00:00,55.9
2025-06-12 19:41:00,56.6
2025-06-12 04:03:00,99.3
2025-06-12 16:16:00,49.82591552591553
2025-06-12 16:42:00,90.9
2025-06-12 00:50:00,23.9
2025-06-12 04:33:00,93.9
2025-06-12 10:16:00,74.1
2025-06-12 02:07:00,47.9
2025-06-12 18:27:00,49.82591552591553
2025-06-12 21:28:00,32.6
2025-06-12 18:50:00,76.9
2025-06-12 23:42:00,50.7
2025-06-12 03:39:00,10.6
2025-06-12 19:03:00,55.2
2025-06-12 11:47:00,48.7
2025-06-12 17:27:00,49.82591552591553
2025-06-12 12:59:00,18.3
2025-06-12 18:49:00,73.9
2025-06-12 14:15:00,8.7
2025-06-12 00:28:00,31.8
2025-06-12 14:33:00,23.6
2025-06-12 18:09:00,67.7
2025-06-12 20:39:00,75.2
2025-06-12 17:23:00,74.8
2025-06-12 08:38:00,49.82591552591553
2025-06-12 12:18:00,83.3
2025-06-12 12:31:00,53.3
2025-06-12 21:47:00,79.7
2025-06-12 15:12:00,49.82591552591553
2025-06-12 18:21:00,5.9
2025-06-12 17:54:00,99.3
2025-06-12 07:12:00,94.0
2025-06-12 07:30:00,69.0
2025-06-12 18:28:00,37.7
2025-06-12 04:39:00,61.8
2025-06-12 08:27:00,81.0
2025-06-12 01:04:00,62.0
2025-06-12 12:53:00,7.3
2025-06-12 16:00:00,20.8
2025-06-12 20:47:00,77.7
2025-06-12 06:06:00,49.82591552591553
2025-06-12 18:55:00,60.2
2025-06-12 14:19:00,34.2
2025-06-12 22:17:00,13.1
2025-06-12 23:44:00,77.2
2025-06-12 07:34:00,83.8
2025-06-12 17:08:00,12.5
2025-06-12 15:34:00,73.3
2025-06-12 08:21:00,49.82591552591553
2025-06-12 21:07:00,44.3
2025-06-12 02:58:00,49.82591552591553
2025-06-12 20:24:00,47.0
2025-06-12 03:01:00,87.9
2025-06-12 07:41:00,75.2
2025-06-12 15:20:00,97.6
2025-06-12 15:36:00,57.4
2025-06-12 02:02:00,16.0
2025-06-12 09:21:00,11.4
2025-06-12 21:53:00,60.5
2025-06-12 23:50:00,49.82591552591553
2025-06-12 09:12:00,56.7
2025-06-12 06:03:00,55.7
2025-06-12 20:07:00,12.0
2025-06-12 13:54:00,4.6
2025-06-12 10:58:00,43.7
2025-06-12 06:44:00,70.6
2025-06-12 13:22:00,75.4
2025-06-12 13:59:00,49.2
2025-06-12 07:51:00,62.0
2025-06-12 08:02:00,90.3
2025-06-12 19:36:00,49.82264106490752
2025-06-12 08:26:00,10.4
2025-06-12 09:47:00,63.8
2025-06-12 17:00:00,82.1
2025-06-12 01:19:00,3.3
2025-06-12 10:26:00,18.8
2025-06-12 13:52:00,89.5
2025-06-12 01:12:00,49.82264106490752
2025-06-12 04:39:00,60.2
2025-06-12 08:50:00,46.0
2025-06-12 11:09:00,5.7
2025-06-12 05:42:00,35.2
2025-06-12 06:40:00,18.3
2025-06-12 01:42:00,54.4
2025-06-12 13:41:00,49.82264106490752
2025-06-12 20:00:00,49.82264106490752
2025-06-12 03:30:00,37.8
2025-06-12 23:13:00,78.8
2025-06-12 18:39:00,49.82264106490752
2025-06-12 19:52:00,7.5
2025-06-12 01:37:00,92.3
2025-06-12 16:43:00,36.1
2025-06-12 14:43:00,90.4
2025-06-12 15:31:00,2.1
2025-06-12 04:00:00,49.2
2025-06-12 21:12:00,79.9
2025-06-12 10:53:00,55.7
2025-06-12 08:07:00,85.1
2025-06-12 09:24:00,21.7
2025-06-12 05:36:00,49.1
2025-06-12 17:25:00,20.3
2025-06-12 13:27:00,48.8
2025-06-12 16:35:00,81.7
2025-06-12 01:13:00,49.82264106490752
2025-06-12 17:48:00,12.8
2025-06-12 00:09:00,79.8
2025-06-12 09:09:00,70.5
2025-06-12 13:21:00,78.7
2025-06-12 17:44:00,81.9
2025-06-12 12:51:00,18.1
2025-06-12 18:36:00,46.5
2025-06-12 21:03:00,69.4
2025-06-12 00:40:00,58.1
2025-06-12 06:21:00,49.82264106490752
2025-06-12 14:15:00,11.7
2025-06-12 01:16:00,96.9
2025-06-12 05:02:00,49.82264106490752
2025-06-12 18:57:00,60.4
2025-06-12 15:22:00,2.0
2025-06-12 19:05:00,5.7
2025-06-12 07:04:00,49.82264106490752
2025-06-12 05:03:00,49.82264106490752
2025-06-12 13:43:00,93.2
2025-06-12 13:40:00,67.6
2025-06-12 22:34:00,14.4
2025-06-12 19:20:00,91.9
2025-06-12 11:37:00,13.0
2025-06-12 00:25:00,49.82264106490752
2025-06-12 07:25:00,58.6
2025-06-12 09:18:00,45.6
2025-06-12 08:00:00,49.82264106490752
2025-06-12 11:39:00,80.4
2025-06-12 10:06:00,49.82264106490752
2025-06-12 03:36:00,44.7
2025-06-12 18:58:00,87.9
2025-06-12 22:12:00,49.82264106490752
2025-06-12 19:51:00,16.5
2025-06-12 06:52:00,95.8
2025-06-12 14:29:00,73.7
2025-06-12 15:27:00,20.4
2025-06-12 15:30:00,53.6
2025-06-12 03:09:00,10.3
2025-06-12 12:46:00,68.5
2025-06-12 04:59:00,84.7
2025-06-12 13:51:00,74.7
2025-06-12 20:29:00,36.6
2025-06-12 12:40:00,78.4
2025-06-12 10:37:00,57.9
2025-06-12 02:04:00,4.1
2025-06-12 07:21:00,39.5
2025-06-12 17:16:00,38.4
2025-06-12 01:39:00,17.6
2025-06-12 00:06:00,24.7
2025-06-12 21:02:00,49.82264106490752
2025-06-12 15:43:00,10.0
2025-06-12 15:59:00,60.8
2025-06-12 11:32:00,49.82264106490752
2025-06-12 11:43:00,8.4
2025-06-12 16:14:00,76.8
2025-06-12 10:05:00,41.6
2025-06-12 11:34:00,13.1
2025-06-12 03:02:00,68.2
2025-06-12 16:24:00,80.1
2025-06-12 18:37:00,47.7
2025-06-12 03:37:00,21.7
2025-06-12 01:50:00,50.0
2025-06-12 02:24:00,62.7
2025-06-12 21:28:00,2.6
2025-06-12 02:37:00,38.8
2025-06-12 11:26:00,27.2
2025-06-12 00:45:00,59.5
2025-06-12 23:03:00,82.4
2025-06-12 02:48:00,10.9
2025-06-12 19:09:00,49.82264106490752
2025-06-12 03:50:00,8.6
2025-06-12 01:14:00,68.6
2025-06-12 05:45:00,2.9
2025-06-12 22:33:00,65.2
2025-06-12 20:55:00,9.9
2025-06-12 22:19:00,93.3
2025-06-12 22:37:00,49.82264106490752
2025-06-12 06:35:00,83.6
2025-06-12 09:53:00,15.0
2025-06-12 13:37:00,5.0
2025-06-12 20:26:00,9.6
2025-06-12 02:35:00,49.82264106490752
2025-06-12 02:38:00,60.4
2025-06-12 02:34:00,29.5
2025-06-12 19:10:00,67.4
2025-06-12 07:59:00,88.5
2025-06-12 17:38:00,87.6
2025-06-12 09:13:00,35.9
2025-06-12 04:17:00,49.82264106490752
2025-06-12 12:07:00,87.3
2025-06-12 04:29:00,59.7
2025-06-12 21:57:00,2.3
2025-06-12 07:01:00,52.7
2025-06-12 17:34:00,15.5
2025-06-12 18:33:00,80.6
2025-06-12 18:23:00,76.3
2025-06-12 22:52:00,20.4
2025-06-12 19:57:00,12.5
2025-06-12 14:59:00,21.6
2025-06-12 22:27:00,6.4
2025-06-12 03:26:00,30.7
2025-06-12 10:00:00,9.0
2025-06-12 17:23:00,27.5
2025-06-12 06:39:00,49.82264106490752
2025-06-12 21:42:00,49.82264106490752
2025-06-12 15:02:00,58.2
2025-06-12 00:26:00,49.82264106490752
2025-06-12 19:32:00,48.7
2025-06-12 07:14:00,49.82264106490752
2025-06-12 11:03:00,2.4
2025-06-12 04:58:00,33.3
2025-06-12 23:40:00,1.3
2025-06-12 10:08:00,57.2
2025-06-12 14:08:00,34.9
2025-06-12 00:49:00,42.6
2025-06-12 13:45:00,49.82264106490752
2025-06-12 14:13:00,49.82264106490752
2025-06-12 00:34:00,88.9
2025-06-12 20:49:00,49.82264106490752
2025-06-12 00:44:00,3.8
2025-06-12 04:15:00,47.3
2025-06-12 19:58:00,4.6
2025-06-12 09:19:00,14.1
2025-06-12 14:06:00,49.82264106490752
2025-06-12 21:10:00,49.82264106490752
2025-06-12 15:11:00,56.2
2025-06-12 17:33:00,96.9
2025-06-12 19:53:00,49.82264106490752
2025-06-12 14:34:00,48.5
2025-06-12 21:38:00,48.8
2025-06-12 14:05:00,1.2
2025-06-12 10:21:00,49.82264106490752
2025-06-12 23:53:00,8.7
2025-06-12 00:15:00,45.2
2025-06-12 09:06:00,49.82264106490752
2025-06-12 08:20:00,49.82264106490752
2025-06-12 05:54:00,49.82264106490752
2025-06-12 15:29:00,11.1
2025-06-12 16:15:00,49.82264106490752
2025-06-12 06:04:00,64.7
2025-06-12 22:36:00,68.6
2025-06-12 01:31:00,5.4
2025-06-12 11:44:00,37.7
2025-06-12 10:09:00,94.0
2025-06-12 07:06:00,66.5
2025-06-12 12:37:00,32.4
2025-06-12 17:19:00,3.2
2025-06-12 14:55:00,90.2
2025-06-12 15:39:00,7.9
2025-06-12 19:26:00,49.82264106490752
2025-06-12 07:39:00,49.82264106490752
2025-06-12 06:06:00,5.6
2025-06-12 03:14:00,82.6
2025-06-12 06:32:00,63.2
2025-06-12 17:13:00,23.1
2025-06-12 04:23:00,15.7
2025-06-12 06:33:00,73.7
2025-06-12 23:36:00,49.82264106490752
2025-06-12 02:23:00,8.6
2025-06-12 13:00:00,96.8
2025-06-12 03:16:00,5.5
2025-06-12 05:32:00,56.0
2025-06-12 21:39:00,87.8
2025-06-12 16:30:00,41.0
2025-06-12 10:46:00,55.4
2025-06-12 14:56:00,74.0
2025-06-12 15:55:00,38.4
2025-06-12 17:54:00,49.82264106490752
2025-06-12 14:57:00,52.3
2025-06-12 14:12:00,62.7
2025-06-12 10:18:00,85.8
2025-06-12 09:28:00,91.7
2025-06-12 12:52:00,34.8
2025-06-12 07:11:00,19.5
2025-06-12 17:14:00,9.3
2025-06-12 08:54:00,13.4
2025-06-12 09:59:00,71.8
2025-06-12 14:01:00,19.3
2025-06-12 18:46:00,3.1
2025-06-12 07:13:00,49.82264106490752
2025-06-12 22:11:00,48.8
2025-06-12 12:36:00,3.0
2025-06-12 18:28:00,14.0
2025-06-12 09:14:00,49.82264106490752
2025-06-12 00:52:00,37.4
2025-06-12 21:31:00,96.7
2025-06-12 18:30:00,32.6
2025-06-12 17:01:00,49.82264106490752
2025-06-12 15:32:00,11.4
2025-06-12 07:54:00,28.3
2025-06-12 16:57:00,3.0
2025-06-12 17:51:00,49.82264106490752
2025-06-12 01:55:00,58.3
2025-06-12 06:45:00,81.9
2025-06-12 23:08:00,69.5
2025-06-12 08:29:00,15.4
2025-06-12 02:10:00,49.2
2025-06-12 17:10:00,67.3
2025-06-12 06:47:00,61.1
2025-06-12 03:51:00,75.5
2025-06-12 20:01:00,49.82264106490752
2025-06-12 16:31:00,49.82264106490752
2025-06-12 20:05:00,88.7
2025-06-12 03:29:00,35.2
2025-06-12 15:25:00,4.6
2025-06-12 05:04:00,98.4
2025-06-12 13:07:00,86.6
2025-06-12 09:01:00,64.9
2025-06-12 10:43:00,83.5
2025-06-12 10:10:00,9.1
2025-06-12 11:20:00,85.5
2025-06-12 17:24:00,21.5
2025-06-12 00:50:00,66.2
2025-06-12 14:04:00,43.0
2025-06-12 15:45:00,49.82264106490752
2025-06-12 00:19:00,43.6
2025-06-12 19:38:00,46.0
2025-06-12 07:02:00,30.2
2025-06-12 23:35:00,49.1
2025-06-12 08:22:00,46.9
2025-06-12 16:33:00,1.8
2025-06-12 02:01:00,3.3
2025-06-12 06:30:00,6.4
2025-06-12 00:16:00,2.8
2025-06-12 19:02:00,19.9
2025-06-12 08:12:00,21.9
2025-06-12 16:18:00,10.0
2025-06-12 20:31:00,82.5
2025-06-12 19:42:00,40.1
2025-06-12 04:18:00,49.82264106490752
2025-06-12 19:00:00,86.3
2025-06-12 08:28:00,29.5
2025-06-12 19:18:00,1.1
2025-06-12 10:07:00,44.6
2025-06-12 08:24:00,20.0
2025-06-12 20:19:00,75.0
2025-06-12 22:18:00,52.6
2025-06-12 15:14:00,85.5
2025-06-12 20:48:00,50.2
2025-06-12 17:40:00,25.8
2025-06-12 15:49:00,37.8
2025-06-12 21:15:00,49.82264106490752
2025-06-12 07:42:00,8.1
2025-06-12 21:50:00,20.8
2025-06-12 11:50:00,45.5
2025-06-12 01:02:00,49.82264106490752
2025-06-12 19:23:00,24.9
2025-06-12 20:36:00,22.8
2025-06-12 04:50:00,46.9
2025-06-12 18:43:00,1.8
2025-06-12 16:38:00,41.2
2025-06-12 13:17:00,26.4
2025-06-12 00:54:00,73.1
2025-06-12 15:38:00,80.8
2025-06-12 18:56:00,86.4
2025-06-12 16:09:00,91.8
2025-06-12 11:46:00,49.82264106490752
2025-06-12 22:41:00,49.82264106490752
2025-06-12 06:07:00,53.9
2025-06-12 08:08:00,11.1
2025-06-12 14:41:00,14.6
2025-06-12 05:28:00,90.1
2025-06-12 11:28:00,57.7
2025-06-12 10:02:00,57.8
2025-06-12 17:29:00,63.6
2025-06-12 11:58:00,30.8
2025-06-12 06:15:00,21.5
2025-06-12 11:23:00,2.9
2025-06-12 01:36:00,86.9
2025-06-12 00:35:00,18.1
2025-06-12 00:52:00,63.3
2025-06-12 19:21:00,73.4
2025-06-12 12:34:00,95.7
2025-06-12 15:33:00,38.5
2025-06-12 21:00:00,66.0
2025-06-12 11:03:00,78.9
2025-06-12 17:56:00,92.3
2025-06-12 03:18:00,18.2
2025-06-12 15:16:00,9.6
2025-06-12 04:07:00,60.9
2025-06-12 13:07:00,33.4
2025-06-12 14:25:00,94.4
2025-06-12 02:01:00,0.6
2025-06-12 12:20:00,49.73505924170616
2025-06-12 23:05:00,91.6
2025-06-12 05:58:00,34.4
2025-06-12 18:34:00,52.0
2025-06-12 16:39:00,76.3
2025-06-12 03:39:00,62.8
2025-06-12 13:23:00,36.3
2025-06-12 19:01:00,30.9
2025-06-12 22:44:00,68.7
2025-06-12 11:04:00,16.4
2025-06-12 09:24:00,19.4
2025-06-12 14:12:00,49.73505924170616
2025-06-12 01:04:00,48.3
2025-06-12 14:31:00,50.9
2025-06-12 20:49:00,49.73505924170616
2025-06-12 06:52:00,20.6
2025-06-12 04:08:00,60.7
2025-06-12 14:34:00,45.9
2025-06-12 00:10:00,24.3
2025-06-12 06:42:00,49.73505924170616
2025-06-12 00:25:00,15.3
2025-06-12 19:44:00,76.8
2025-06-12 17:55:00,26.9
2025-06-12 22:39:00,96.9
2025-06-12 10:45:00,64.5
2025-06-12 22:10:00,2.6
2025-06-12 21:46:00,72.7
2025-06-12 11:36:00,1.8
2025-06-12 10:14:00,6.1
2025-06-12 20:42:00,49.73505924170616
2025-06-12 21:54:00,82.6
2025-06-12 17:26:00,92.9
2025-06-12 15:07:00,78.4
2025-06-12 10:11:00,81.4
2025-06-12 06:47:00,71.5
2025-06-12 16:37:00,92.4
2025-06-12 07:54:00,15.3
2025-06-12 06:12:00,49.6
2025-06-12 07:36:00,49.73505924170616
2025-06-12 16:56:00,57.3
2025-06-12 01:39:00,68.1
2025-06-12 20:09:00,62.6
2025-06-12 21:23:00,52.0
2025-06-12 19:14:00,91.2
2025-06-12 15:54:00,70.5
2025-06-12 08:14:00,49.73505924170616
2025-06-12 11:48:00,22.4
2025-06-12 19:45:00,7.8
2025-06-12 15:11:00,3.2
2025-06-12 09:50:00,49.73505924170616
2025-06-12 04:14:00,31.3
2025-06-12 19:58:00,85.5
2025-06-12 02:22:00,17.7
2025-06-12 22:20:00,7.3
2025-06-12 12:49:00,52.0
2025-06-12 05:25:00,29.4
2025-06-12 07:48:00,83.5
2025-06-12 12:18:00,49.73505924170616
2025-06-12 15:25:00,83.0
2025-06-12 19:06:00,59.5
2025-06-12 07:13:00,49.73505924170616
2025-06-12 01:28:00,86.0
2025-06-12 16:55:00,86.0
2025-06-12 05:56:00,70.1
2025-06-12 18:12:00,36.2
2025-06-12 09:35:00,51.0
2025-06-12 00:14:00,34.2
2025-06-12 13:01:00,13.4
2025-06-12 07:17:00,71.3
2025-06-12 13:20:00,36.1
2025-06-12 19:04:00,58.1
2025-06-12 10:53:00,9.2
2025-06-12 04:00:00,87.3
2025-06-12 19:53:00,48.7
2025-06-12 14:26:00,58.8
2025-06-12 02:14:00,97.1
2025-06-12 07:39:00,74.2
2025-06-12 00:03:00,15.8
2025-06-12 12:05:00,17.2
2025-06-12 09:22:00,49.73505924170616
2025-06-12 06:49:00,28.2
2025-06-12 02:49:00,70.2
2025-06-12 16:42:00,75.8
2025-06-12 21:25:00,34.8
2025-06-12 07:44:00,28.7
2025-06-12 05:39:00,74.3
2025-06-12 17:22:00,91.9
2025-06-12 10:26:00,2.7
2025-06-12 08:49:00,57.0
2025-06-12 00:58:00,2.1
2025-06-12 10:07:00,45.1
2025-06-12 19:18:00,36.2
2025-06-12 07:08:00,29.4
2025-06-12 08:52:00,0.9
2025-06-12 12:48:00,4.3
2025-06-12 09:39:00,35.5
2025-06-12 14:36:00,26.0
2025-06-12 02:37:00,79.9
2025-06-12 22:49:00,59.1
2025-06-12 15:15:00,26.5
2025-06-12 02:17:00,15.8
2025-06-12 04:22:00,11.2
2025-06-12 21:36:00,67.9
2025-06-12 03:21:00,32.6
2025-06-12 13:32:00,61.4
2025-06-12 18:57:00,17.7
2025-06-12 01:57:00,34.7
2025-06-12 08:00:00,35.6
2025-06-12 16:01:00,49.73505924170616
2025-06-12 22:19:00,16.0
2025-06-12 08:08:00,1.0
2025-06-12 05:37:00,20.3
2025-06-12 18:05:00,33.7
2025-06-12 04:45:00,36.9
2025-06-12 12:54:00,21.2
2025-06-12 04:38:00,28.8
2025-06-12 15:59:00,50.1
2025-06-12 05:40:00,48.4
2025-06-12 05:34:00,61.7
2025-06-12 06:17:00,20.8
2025-06-12 15:56:00,42.6
2025-06-12 05:33:00,31.6
2025-06-12 03:04:00,44.1
2025-06-12 08:07:00,51.2
2025-06-12 15:29:00,10.2
2025-06-12 18:04:00,6.4
2025-06-12 20:50:00,49.73505924170616
2025-06-12 01:14:00,49.73505924170616
2025-06-12 15:14:00,12.3
2025-06-12 05:46:00,49.73505924170616
2025-06-12 03:13:00,81.1
2025-06-12 08:11:00,91.2
2025-06-12 13:26:00,49.73505924170616
2025-06-12 05:45:00,51.8
2025-06-12 02:34:00,82.4
2025-06-12 13:14:00,14.5
2025-06-12 05:16:00,25.3
2025-06-12 13:36:00,44.5
2025-06-12 18:20:00,62.8
2025-06-12 12:26:00,16.8
2025-06-12 06:22:00,3.3
2025-06-12 12:31:00,49.4
2025-06-12 08:55:00,91.4
2025-06-12 10:54:00,92.8
2025-06-12 17:54:00,49.73505924170616
2025-06-12 21:08:00,90.4
2025-06-12 23:10:00,52.8
2025-06-12 14:00:00,67.2
2025-06-12 09:59:00,86.1
2025-06-12 12:51:00,44.4
2025-06-12 17:48:00,42.9
2025-06-12 21:20:00,0.3
2025-06-12 11:38:00,25.2
2025-06-12 10:38:00,25.9
2025-06-12 20:02:00,36.3
2025-06-12 11:33:00,43.4
2025-06-12 00:33:00,2.8
2025-06-12 19:19:00,23.1
2025-06-12 17:17:00,40.2
2025-06-12 23:30:00,18.5
2025-06-12 06:21:00,88.1
2025-06-12 17:47:00,49.73505924170616
2025-06-12 05:19:00,93.8
2025-06-12 12:15:00,72.8
2025-06-12 09:03:00,46.6
2025-06-12 22:34:00,42.9
2025-06-12 17:33:00,10.3
2025-06-12 16:33:00,49.73505924170616
2025-06-12 11:24:00,32.9
2025-06-12 21:24:00,10.8
2025-06-12 14:58:00,85.1
2025-06-12 12:00:00,12.1
2025-06-12 13:48:00,62.7
2025-06-12 18:02:00,30.3
2025-06-12 01:01:00,47.2
2025-06-12 16:04:00,0.2
2025-06-12 06:32:00,70.6
2025-06-12 15:58:00,31.2
2025-06-12 20:48:00,9.5
2025-06-12 00:28:00,47.0
2025-06-12 07:23:00,49.73505924170616
2025-06-12 11:44:00,5.2
2025-06-12 07:45:00,54.4
2025-06-12 03:40:00,25.2
2025-06-12 15:40:00,53.6
2025-06-12 20:17:00,44.2
2025-06-12 22:46:00,42.5
2025-06-12 07:34:00,82.5
2025-06-12 11:05:00,49.73505924170616
2025-06-12 01:08:00,49.73505924170616
2025-06-12 06:50:00,49.0
2025-06-12 16:14:00,49.73505924170616
2025-06-12 21:14:00,22.3
2025-06-12 14:22:00,84.3
2025-06-12 12:19:00,5.6
2025-06-12 21:40:00,74.6
2025-06-12 23:37:00,35.8
2025-06-12 13:53:00,1.3
2025-06-12 06:44:00,48.1
2025-06-12 04:25:00,49.73505924170616
2025-06-12 04:57:00,54.3
2025-06-12 17:10:00,49.73505924170616
2025-06-12 18:28:00,0.9
2025-06-12 10:30:00,16.4
2025-06-12 02:12:00,38.5
2025-06-12 19:49:00,41.2
2025-06-12 23:54:00,49.73505924170616
2025-06-12 14:33:00,45.6
2025-06-12 21:34:00,16.0
2025-06-12 05:05:00,4.3
2025-06-12 17:02:00,27.9
2025-06-12 11:55:00,92.1
2025-06-12 13:22:00,97.9
2025-06-12 14:39:00,55.9
2025-06-12 00:26:00,83.0
2025-06-12 02:08:00,53.8
2025-06-12 12:44:00,99.7
2025-06-12 10:17:00,82.4
2025-06-12 09:41:00,5.0
2025-06-12 22:54:00,49.73505924170616
2025-06-12 04:32:00,88.8
2025-06-12 17:05:00,88.6
2025-06-12 01:32:00,6.9
2025-06-12 00:27:00,41.8
2025-06-12 03:36:00,74.6
2025-06-12 02:59:00,20.0
2025-06-12 22:00:00,17.5
2025-06-12 22:26:00,90.2
2025-06-12 08:01:00,49.73505924170616
2025-06-12 06:57:00,93.2
2025-06-12 20:36:00,35.7
2025-06-12 11:25:00,49.73505924170616
2025-06-12 17:52:00,49.73505924170616
2025-06-12 21:49:00,77.9
2025-06-12 00:18:00,87.5
2025-06-12 00:53:00,83.0
2025-06-12 16:59:00,91.8
2025-06-12 14:18:00,3.4
2025-06-12 14:08:00,36.7
2025-06-12 12:16:00,38.0
2025-06-12 23:46:00,29.9
2025-06-12 21:27:00,67.5
2025-06-12 00:40:00,41.9
2025-06-12 09:36:00,49.73505924170616
2025-06-12 20:58:00,49.73505924170616
2025-06-12 13:35:00,31.9
2025-06-12 16:51:00,69.3
2025-06-12 10:55:00,48.7
2025-06-12 21:31:00,22.4
2025-06-12 02:50:00,80.6
2025-06-12 08:40:00,67.5
2025-06-12 13:25:00,85.6
2025-06-12 08:05:00,70.6
2025-06-12 05:42:00,92.8
2025-06-12 19:19:00,66.6
2025-06-12 14:42:00,18.4
2025-06-12 23:15:00,28.3
2025-06-12 00:37:00,54.1
2025-06-12 16:16:00,2.3
2025-06-12 01:09:00,60.1
2025-06-12 00:41:00,50.04950773558369
2025-06-12 00:03:00,43.2
2025-06-12 19:56:00,31.0
2025-06-12 11:14:00,25.4
2025-06-12 02:51:00,92.8
2025-06-12 09:02:00,30.9
2025-06-12 10:58:00,84.2
2025-06-12 17:23:00,81.0
2025-06-12 19:03:00,13.2
2025-06-12 22:36:00,39.7
2025-06-12 08:21:00,40.0
2025-06-12 07:19:00,36.9
2025-06-12 06:46:00,49.6
2025-06-12 13:59:00,93.4
2025-06-12 11:01:00,18.1
2025-06-12 05:10:00,33.7
2025-06-12 12:22:00,21.5
2025-06-12 23:42:00,26.2
2025-06-12 06:00:00,27.5
2025-06-12 19:32:00,50.04950773558369
2025-06-12 04:46:00,51.2
2025-06-12 03:11:00,58.4
2025-06-12 16:25:00,50.04950773558369
2025-06-12 13:29:00,94.6
2025-06-12 13:47:00,50.04950773558369
2025-06-12 14:52:00,25.7
2025-06-12 16:33:00,73.7
2025-06-12 06:21:00,21.1
2025-06-12 14:05:00,50.04950773558369
2025-06-12 21:46:00,60.6
2025-06-12 06:56:00,96.1
2025-06-12 14:09:00,38.2
2025-06-12 18:16:00,50.04950773558369
2025-06-12 01:55:00,35.9
2025-06-12 15:54:00,39.2
2025-06-12 18:41:00,80.2
2025-06-12 02:19:00,87.9
2025-06-12 11:37:00,86.4
2025-06-12 18:06:00,89.4
2025-06-12 20:17:00,90.3
2025-06-12 01:29:00,26.1
2025-06-12 12:43:00,93.3
2025-06-12 01:36:00,37.8
2025-06-12 09:22:00,76.2
2025-06-12 13:05:00,30.6
2025-06-12 08:18:00,77.8
2025-06-12 01:00:00,27.9
2025-06-12 20:47:00,52.7
2025-06-12 22:40:00,6.2
2025-06-12 02:27:00,1.6
2025-06-12 18:04:00,58.7
2025-06-12 13:02:00,92.4
2025-06-12 17:54:00,44.1
2025-06-12 19:30:00,50.04950773558369
2025-06-12 01:03:00,71.1
2025-06-12 05:34:00,71.0
2025-06-12 17:46:00,13.0
2025-06-12 08:00:00,9.5
2025-06-12 09:38:00,86.4
2025-06-12 18:53:00,53.5
2025-06-12 20:05:00,30.2
2025-06-12 07:14:00,36.8
2025-06-12 14:00:00,99.1
2025-06-12 20:55:00,84.4
2025-06-12 04:52:00,36.7
2025-06-12 15:41:00,50.04950773558369
2025-06-12 14:07:00,50.04950773558369
2025-06-12 15:16:00,46.1
2025-06-12 01:41:00,50.04950773558369
2025-06-12 06:44:00,21.9
2025-06-12 17:05:00,7.0
2025-06-12 05:41:00,4.1
2025-06-12 17:47:00,75.8
2025-06-12 22:27:00,88.6
2025-06-12 02:06:00,47.9
2025-06-12 01:51:00,88.8
2025-06-12 23:54:00,51.6
2025-06-12 23:03:00,98.8
2025-06-12 03:41:00,10.1
2025-06-12 20:34:00,97.7
2025-06-12 20:40:00,73.5
2025-06-12 06:04:00,78.5
2025-06-12 02:58:00,50.04950773558369
2025-06-12 01:27:00,63.8
2025-06-12 14:38:00,72.5
2025-06-12 15:32:00,53.3
2025-06-12 00:42:00,60.5
2025-06-12 08:56:00,28.5
2025-06-12 09:26:00,94.7
2025-06-12 16:28:00,52.9
2025-06-12 12:52:00,50.04950773558369
2025-06-12 10:53:00,50.04950773558369
2025-06-12 07:32:00,6.1
2025-06-12 17:55:00,19.2
2025-06-12 09:12:00,59.0
2025-06-12 02:01:00,16.7
2025-06-12 01:16:00,50.04950773558369
2025-06-12 23:16:00,30.3
2025-06-12 17:22:00,42.8
2025-06-12 04:45:00,68.1
2025-06-12 23:17:00,51.2
2025-06-12 20:52:00,50.04950773558369
2025-06-12 07:48:00,81.7
2025-06-12 19:51:00,50.04950773558369
2025-06-12 16:34:00,88.5
2025-06-12 02:35:00,97.0
2025-06-12 03:32:00,37.9
2025-06-12 02:28:00,50.04950773558369
2025-06-12 06:48:00,97.3
2025-06-12 19:26:00,69.9
2025-06-12 11:26:00,53.0
2025-06-12 12:31:00,19.1
2025-06-12 09:30:00,80.0
2025-06-12 20:58:00,21.8
2025-06-12 19:46:00,41.6
2025-06-12 07:44:00,77.1
2025-06-12 12:07:00,50.04950773558369
2025-06-12 16:31:00,53.8
2025-06-12 13:28:00,32.0
2025-06-12 04:39:00,22.5
2025-06-12 16:42:00,12.0
2025-06-12 15:28:00,50.04950773558369
2025-06-12 06:19:00,73.2
2025-06-12 14:40:00,25.7
2025-06-12 08:53:00,50.04950773558369
2025-06-12 10:47:00,72.0
2025-06-12 06:34:00,5.1
2025-06-12 18:35:00,80.4
2025-06-12 03:28:00,50.04950773558369
2025-06-12 16:26:00,95.2
2025-06-12 10:43:00,50.04950773558369
2025-06-12 02:31:00,15.1
2025-06-12 23:39:00,98.1
2025-06-12 03:45:00,55.1
2025-06-12 23:51:00,23.6
2025-06-12 09:36:00,28.8
2025-06-12 05:55:00,50.04950773558369
2025-06-12 06:18:00,35.5
2025-06-12 11:15:00,1.8
2025-06-12 02:05:00,68.9
2025-06-12 17:53:00,6.6
2025-06-12 22:51:00,16.4
2025-06-12 00:07:00,42.8
2025-06-12 05:05:00,53.7
2025-06-12 06:58:00,2.0
2025-06-12 15:11:00,73.3
2025-06-12 09:27:00,50.04950773558369
2025-06-12 18:09:00,64.2
2025-06-12 15:40:00,40.2
2025-06-12 04:20:00,99.5
2025-06-12 05:00:00,4.0
2025-06-12 10:22:00,97.0
2025-06-12 05:12:00,10.9
2025-06-12 12:08:00,29.4
2025-06-12 00:51:00,77.5
2025-06-12 07:27:00,50.04950773558369
2025-06-12 12:19:00,84.8
2025-06-12 03:42:00,50.04950773558369
2025-06-12 23:41:00,84.6
2025-06-12 04:30:00,63.0
2025-06-12 09:45:00,48.7
2025-06-12 23:13:00,78.4
2025-06-12 08:23:00,71.5
2025-06-12 16:09:00,50.04950773558369
2025-06-12 13:23:00,50.04950773558369
2025-06-12 15:13:00,81.2
2025-06-12 04:00:00,57.9
2025-06-12 01:37:00,22.4
2025-06-12 11:45:00,91.5
2025-06-12 19:01:00,2.3
2025-06-12 23:36:00,50.04950773558369
2025-06-12 09:52:00,13.3
2025-06-12 13:00:00,77.4
2025-06-12 01:46:00,50.04950773558369
2025-06-12 18:25:00,12.2
2025-06-12 14:11:00,52.4
2025-06-12 02:09:00,64.9
2025-06-12 23:49:00,50.04950773558369
2025-06-12 06:47:00,70.8
2025-06-12 20:23:00,50.04950773558369
2025-06-12 19:04:00,69.2
2025-06-12 11:33:00,57.6
2025-06-12 08:47:00,0.4
2025-06-12 14:50:00,5.8
2025-06-12 18:02:00,95.0
2025-06-12 13:42:00,81.0
2025-06-12 19:54:00,43.5
2025-06-12 22:14:00,68.0
2025-06-12 06:23:00,26.4
2025-06-12 13:46:00,67.6
2025-06-12 10:11:00,31.1
2025-06-12 06:37:00,50.04950773558369
2025-06-12 10:41:00,48.9
2025-06-12 15:20:00,50.04950773558369
2025-06-12 05:29:00,50.04950773558369
2025-06-12 19:33:00,50.04950773558369
2025-06-12 22:23:00,12.3
2025-06-12 16:41:00,7.4
2025-06-12 06:35:00,53.7
2025-06-12 20:19:00,50.04950773558369
2025-06-12 10:28:00,50.04950773558369
2025-06-12 04:41:00,78.1
2025-06-12 17:31:00,72.7
2025-06-12 20:10:00,61.3
2025-06-12 17:59:00,9.0
2025-06-12 05:36:00,90.0
2025-06-12 15:05:00,95.2
2025-06-12 17:01:00,38.9
2025-06-12 14:37:00,61.6
2025-06-12 09:42:00,16.8
2025-06-12 19:20:00,50.04950773558369
2025-06-12 08:24:00,40.7
2025-06-12 23:04:00,64.1
2025-06-12 15:45:00,95.3
2025-06-12 16:24:00,93.9
2025-06-12 20:43:00,60.6
2025-06-12 09:15:00,95.9
2025-06-12 03:58:00,40.2
2025-06-12 06:32:00,48.9
2025-06-12 04:50:00,50.04950773558369
2025-06-12 05:16:00,71.6
2025-06-12 18:30:00,79.7
2025-06-12 03:15:00,7.9
2025-06-12 11:24:00,91.5
2025-06-12 19:42:00,50.04950773558369
2025-06-12 18:08:00,60.0
2025-06-12 14:36:00,10.2
2025-06-12 21:01:00,36.7
2025-06-12 01:17:00,50.04950773558369
2025-06-12 17:15:00,21.5
2025-06-12 15:49:00,87.1
2025-06-12 17:41:00,2.7
2025-06-12 21:38:00,50.04950773558369
2025-06-12 00:19:00,56.5
2025-06-12 07:09:00,89.5
2025-06-12 10:45:00,24.7
2025-06-12 02:59:00,7.6
2025-06-12 07:56:00,79.0
2025-06-12 07:34:00,50.04950773558369
2025-06-12 01:48:00,24.7
2025-06-12 10:25:00,51.3
2025-06-12 08:29:00,74.8
2025-06-12 13:35:00,53.2
2025-06-12 01:20:00,50.04950773558369
2025-06-12 16:40:00,82.3
2025-06-12 02:47:00,76.1
2025-06-12 21:43:00,45.2
2025-06-12 07:08:00,12.8
2025-06-12 08:12:00,1.0
2025-06-12 07:01:00,13.0
2025-06-12 08:26:00,91.4
2025-06-12 08:07:00,50.04950773558369
2025-06-12 12:11:00,87.6
2025-06-12 20:16:00,50.04950773558369
2025-06-12 14:16:00,74.2
2025-06-12 15:38:00,74.1
2025-06-12 12:03:00,94.2
2025-06-12 18:36:00,56.1
2025-06-12 19:57:00,65.8
2025-06-12 05:50:00,19.6
2025-06-12 00:13:00,61.0
2025-06-12 07:35:00,25.1
2025-06-12 04:36:00,6.4
2025-06-12 03:37:00,70.9
2025-06-12 05:48:00,46.8
2025-06-12 08:48:00,9.3
2025-06-12 00:15:00,3.1
2025-06-12 11:47:00,98.2
2025-06-12 23:56:00,33.6
2025-06-12 15:19:00,85.1
2025-06-12 08:57:00,50.04950773558369
2025-06-12 10:59:00,51.5
2025-06-12 09:39:00,11.1
2025-06-12 22:39:00,75.1
2025-06-12 12:49:00,50.04950773558369
2025-06-12 15:58:00,68.0
2025-06-12 22:56:00,97.5
2025-06-12 23:32:00,49.9
2025-06-12 12:32:00,19.5
2025-06-12 13:57:00,50.04950773558369
2025-06-12 18:26:00,26.1
2025-06-12 13:31:00,61.1
2025-06-12 11:56:00,83.0
2025-06-12 16:27:00,50.04950773558369
2025-06-12 01:02:00,42.5
2025-06-12 09:08:00,50.04950773558369
2025-06-12 22:43:00,52.1
2025-06-12 23:43:00,64.1
2025-06-12 16:08:00,62.1
2025-06-12 15:21:00,85.5
2025-06-12 01:39:00,50.04950773558369
2025-06-12 05:02:00,37.1
2025-06-12 21:11:00,0.5
2025-06-12 03:10:00,62.2
2025-06-12 01:12:00,49.64720650636492
2025-06-12 12:13:00,71.5
2025-06-12 09:28:00,85.2
2025-06-12 17:32:00,94.5
2025-06-12 22:11:00,6.0
2025-06-12 05:25:00,11.0
2025-06-12 02:18:00,21.5
2025-06-12 07:23:00,16.6
2025-06-12 02:06:00,67.0
2025-06-12 10:16:00,9.4
2025-06-12 12:01:00,57.6
2025-06-12 23:22:00,76.5
2025-06-12 00:46:00,49.64720650636492
2025-06-12 10:02:00,52.6
2025-06-12 13:15:00,26.0
2025-06-12 07:13:00,99.1
2025-06-12 14:37:00,76.3
2025-06-12 13:16:00,49.64720650636492
2025-06-12 02:25:00,8.3
2025-06-12 16:04:00,68.6
2025-06-12 14:44:00,63.0
2025-06-12 20:48:00,95.8
2025-06-12 08:57:00,43.8
2025-06-12 02:08:00,59.0
2025-06-12 08:03:00,25.6
2025-06-12 12:30:00,24.9
2025-06-12 17:36:00,49.64720650636492
2025-06-12 07:12:00,91.2
2025-06-12 03:24:00,12.9
2025-06-12 23:19:00,15.5
2025-06-12 18:51:00,38.2
2025-06-12 02:04:00,92.1
2025-06-12 19:09:00,0.4
2025-06-12 20:52:00,93.3
2025-06-12 05:57:00,43.7
2025-06-12 10:10:00,34.4
2025-06-12 22:59:00,49.64720650636492
2025-06-12 21:23:00,12.3
2025-06-12 04:23:00,7.0
2025-06-12 05:51:00,67.6
2025-06-12 22:43:00,14.4
2025-06-12 16:05:00,20.0
2025-06-12 16:11:00,49.64720650636492
2025-06-12 19:46:00,49.64720650636492
2025-06-12 05:26:00,41.6
2025-06-12 00:05:00,49.64720650636492
2025-06-12 15:32:00,49.64720650636492
2025-06-12 15:57:00,49.64720650636492
2025-06-12 06:45:00,82.6
2025-06-12 00:07:00,49.64720650636492
2025-06-12 21:34:00,12.5
2025-06-12 08:59:00,39.0
2025-06-12 05:27:00,32.4
2025-06-12 07:05:00,16.5
2025-06-12 14:54:00,35.9
2025-06-12 09:47:00,75.0
2025-06-12 10:06:00,84.7
2025-06-12 22:44:00,8.9
2025-06-12 07:16:00,39.2
2025-06-12 14:24:00,0.5
2025-06-12 16:53:00,93.4
2025-06-12 17:23:00,81.2
2025-06-12 20:29:00,49.64720650636492
2025-06-12 00:53:00,57.3
2025-06-12 19:16:00,29.5
2025-06-12 06:40:00,49.64720650636492
2025-06-12 11:59:00,45.6
2025-06-12 03:51:00,27.2
2025-06-12 17:02:00,23.0
2025-06-12 17:13:00,10.2
2025-06-12 00:36:00,63.1
2025-06-12 01:07:00,45.4
2025-06-12 04:16:00,49.64720650636492
2025-06-12 18:55:00,63.6
2025-06-12 19:36:00,23.7
2025-06-12 00:25:00,50.7
2025-06-12 06:15:00,49.64720650636492
2025-06-12 04:04:00,86.2
2025-06-12 21:42:00,90.1
2025-06-12 03:49:00,49.64720650636492
2025-06-12 03:23:00,38.0
2025-06-12 13:28:00,32.1
2025-06-12 12:07:00,49.64720650636492
2025-06-12 22:33:00,40.2
2025-06-12 06:28:00,29.9
2025-06-12 13:35:00,72.1
2025-06-12 21:19:00,13.6
2025-06-12 21:44:00,72.8
2025-06-12 16:02:00,65.4
2025-06-12 23:49:00,38.3
2025-06-12 22:07:00,54.0
2025-06-12 03:50:00,88.2
2025-06-12 16:15:00,41.8
2025-06-12 03:19:00,49.64720650636492
2025-06-12 19:34:00,23.0
2025-06-12 15:08:00,49.64720650636492
2025-06-12 09:03:00,87.4
2025-06-12 20:08:00,89.6
2025-06-12 06:13:00,6.2
2025-06-12 10:12:00,27.6
2025-06-12 13:42:00,49.64720650636492
2025-06-12 16:59:00,32.3
2025-06-12 08:37:00,69.6
2025-06-12 22:22:00,49.64720650636492
2025-06-12 07:55:00,65.2
2025-06-12 04:21:00,35.5
2025-06-12 21:59:00,86.7
2025-06-12 21:57:00,87.6
2025-06-12 23:04:00,49.64720650636492
2025-06-12 06:20:00,84.8
2025-06-12 13:20:00,71.4
2025-06-12 17:40:00,21.6
2025-06-12 00:57:00,49.64720650636492
2025-06-12 15:38:00,45.8
2025-06-12 04:43:00,52.6
2025-06-12 21:22:00,49.64720650636492
2025-06-12 22:17:00,88.0
2025-06-12 06:42:00,63.6
2025-06-12 19:19:00,31.2
2025-06-12 01:57:00,33.6
2025-06-12 14:21:00,27.7
2025-06-12 13:33:00,49.64720650636492
2025-06-12 12:53:00,56.4
2025-06-12 17:52:00,49.9
2025-06-12 02:38:00,95.5
2025-06-12 13:37:00,83.5
2025-06-12 22:20:00,77.3
2025-06-12 02:35:00,39.4
2025-06-12 14:31:00,51.4
2025-06-12 01:20:00,27.3
2025-06-12 10:51:00,51.6
2025-06-12 12:59:00,29.7
2025-06-12 09:30:00,14.5
2025-06-12 06:17:00,12.7
2025-06-12 03:27:00,49.64720650636492
2025-06-12 07:09:00,27.8
2025-06-12 18:26:00,49.64720650636492
2025-06-12 18:09:00,68.2
2025-06-12 02:51:00,71.7
2025-06-12 05:10:00,19.9
2025-06-12 23:13:00,57.0
2025-06-12 18:41:00,6.9
2025-06-12 10:04:00,35.7
2025-06-12 13:48:00,72.9
2025-06-12 01:58:00,97.7
2025-06-12 14:56:00,83.5
2025-06-12 06:30:00,49.64720650636492
2025-06-12 20:40:00,80.0
2025-06-12 11:25:00,33.5
2025-06-12 21:47:00,36.6
2025-06-12 00:47:00,49.64720650636492
2025-06-12 01:46:00,91.6
2025-06-12 14:42:00,78.5
2025-06-12 01:16:00,11.9
2025-06-12 15:14:00,64.7
2025-06-12 07:59:00,49.64720650636492
2025-06-12 20:50:00,2.8
2025-06-12 19:18:00,30.6
2025-06-12 13:26:00,38.6
2025-06-12 12:00:00,46.7
2025-06-12 08:10:00,1.2
2025-06-12 08:08:00,49.64720650636492
2025-06-12 00:18:00,47.4
2025-06-12 10:00:00,32.2
2025-06-12 21:41:00,91.8
2025-06-12 18:47:00,71.8
2025-06-12 12:39:00,49.64720650636492
2025-06-12 21:27:00,87.9
2025-06-12 03:59:00,36.4
2025-06-12 22:52:00,64.4
2025-06-12 12:20:00,82.2
2025-06-12 09:58:00,97.9
2025-06-12 10:49:00,94.8
2025-06-12 18:23:00,45.2
2025-06-12 16:55:00,24.9
2025-06-12 07:47:00,49.64720650636492
2025-06-12 02:17:00,49.64720650636492
2025-06-12 15:12:00,38.0
2025-06-12 06:51:00,89.2
2025-06-12 00:19:00,36.5
2025-06-12 14:07:00,2.6
2025-06-12 04:36:00,49.64720650636492
2025-06-12 08:17:00,69.9
2025-06-12 12:37:00,49.7
2025-06-12 22:53:00,87.0
2025-06-12 13:09:00,91.9
2025-06-12 10:05:00,69.9
2025-06-12 18:00:00,49.64720650636492
2025-06-12 03:31:00,69.4
2025-06-12 08:13:00,52.8
2025-06-12 17:01:00,59.0
2025-06-12 10:57:00,13.9
2025-06-12 12:45:00,48.8
2025-06-12 13:52:00,7.3
2025-06-12 04:26:00,3.5
2025-06-12 15:02:00,44.1
2025-06-12 03:54:00,49.64720650636492
2025-06-12 20:12:00,49.64720650636492
2025-06-12 07:36:00,62.9
2025-06-12 06:21:00,90.1
2025-06-12 05:16:00,60.1
2025-06-12 20:53:00,51.3
2025-06-12 02:26:00,5.4
2025-06-12 00:50:00,49.64720650636492
2025-06-12 17:14:00,18.3
2025-06-12 10:52:00,6.8
2025-06-12 11:11:00,17.1
2025-06-12 14:03:00,65.9
2025-06-12 16:10:00,49.64720650636492
2025-06-12 12:40:00,0.0
2025-06-12 06:07:00,14.5
2025-06-12 06:05:00,49.64720650636492
2025-06-12 20:41:00,34.3
2025-06-12 00:03:00,11.0
2025-06-12 22:19:00,66.4
2025-06-12 17:18:00,49.64720650636492
2025-06-12 06:44:00,86.6
2025-06-12 11:09:00,46.4
2025-06-12 10:07:00,93.2
2025-06-12 14:41:00,39.0
2025-06-12 07:42:00,84.3
2025-06-12 02:30:00,36.0
2025-06-12 15:03:00,12.1
2025-06-12 15:45:00,96.4
2025-06-12 19:58:00,94.3
2025-06-12 09:10:00,6.2
2025-06-12 00:30:00,49.64720650636492
2025-06-12 15:16:00,35.5
2025-06-12 09:18:00,43.1
2025-06-12 02:56:00,52.2
2025-06-12 21:30:00,97.7
2025-06-12 01:05:00,33.5
2025-06-12 18:33:00,26.9
2025-06-12 00:20:00,14.9
2025-06-12 02:54:00,49.6
2025-06-12 14:17:00,94.3
2025-06-12 20:10:00,49.64720650636492
2025-06-12 09:44:00,72.0
2025-06-12 04:10:00,60.6
2025-06-12 19:20:00,81.6
2025-06-12 07:41:00,47.5
2025-06-12 11:32:00,84.7
2025-06-12 05:43:00,41.3
2025-06-12 06:43:00,51.8
2025-06-12 01:19:00,24.2
2025-06-12 15:39:00,65.2
2025-06-12 19:07:00,72.6
2025-06-12 23:55:00,92.3
2025-06-12 05:52:00,28.2
2025-06-12 07:48:00,3.1
2025-06-12 04:59:00,21.2
2025-06-12 15:37:00,80.2
2025-06-12 01:21:00,88.0
2025-06-12 20:46:00,55.5
2025-06-12 01:47:00,74.6
2025-06-12 02:36:00,24.0
2025-06-12 14:14:00,66.0
2025-06-12 11:00:00,3.8
2025-06-12 08:39:00,69.2
2025-06-12 13:59:00,26.7
2025-06-12 07:30:00,90.3
2025-06-12 14:28:00,97.8
2025-06-12 05:07:00,45.5
2025-06-12 15:59:00,61.8
2025-06-12 01:25:00,82.5
2025-06-12 15:44:00,49.64720650636492
2025-06-12 21:50:00,0.6
2025-06-12 09:20:00,11.5
2025-06-12 20:58:00,3.7
2025-06-12 09:54:00,45.2
2025-06-12 21:08:00,99.1
2025-06-12 14:10:00,82.8
2025-06-12 14:26:00,21.6
2025-06-12 18:42:00,35.4
2025-06-12 14:45:00,4.8
2025-06-12 10:40:00,35.3
2025-06-12 08:45:00,44.6
2025-06-12 16:20:00,68.5
2025-06-12 18:14:00,37.7
2025-06-12 01:11:00,65.1
2025-06-12 04:11:00,91.7
2025-06-12 03:20:00,38.8
2025-06-12 14:33:00,9.6
2025-06-12 20:32:00,35.6
2025-06-12 08:52:00,36.6
2025-06-12 02:13:00,54.5
2025-06-12 09:48:00,46.7
2025-06-12 01:54:00,33.1
2025-06-12 20:43:00,6.5
2025-06-12 14:23:00,2.3
2025-06-12 06:23:00,43.6
2025-06-12 02:58:00,47.2
2025-06-12 16:54:00,16.8
2025-06-12 02:14:00,1.6
2025-06-12 22:23:00,71.1
2025-06-12 14:55:00,76.5
2025-06-12 07:08:00,13.9
2025-06-12 21:13:00,56.1
2025-06-12 00:54:00,20.4
2025-06-12 07:44:00,49.44888862615275
2025-06-12 15:40:00,88.6
2025-06-12 06:52:00,55.1
2025-06-12 23:38:00,49.44888862615275
2025-06-12 21:43:00,49.44888862615275
2025-06-12 10:43:00,44.0
2025-06-12 04:10:00,48.4
2025-06-12 12:50:00,1.8
2025-06-12 22:47:00,49.8
2025-06-12 00:57:00,85.5
2025-06-12 04:43:00,7.9
2025-06-12 05:10:00,49.44888862615275
2025-06-12 19:48:00,62.4
2025-06-12 04:36:00,33.7
2025-06-12 21:45:00,90.2
2025-06-12 22:45:00,40.6
2025-06-12 11:39:00,29.2
2025-06-12 20:21:00,23.3
2025-06-12 03:43:00,43.1
2025-06-12 22:22:00,16.0
2025-06-12 19:14:00,41.2
2025-06-12 20:14:00,89.5
2025-06-12 23:50:00,77.4
2025-06-12 20:42:00,47.1
2025-06-12 01:57:00,47.2
2025-06-12 14:38:00,9.6
2025-06-12 18:07:00,71.7
2025-06-12 09:32:00,18.7
2025-06-12 05:01:00,93.2
2025-06-12 10:44:00,86.4
2025-06-12 13:59:00,81.9
2025-06-12 00:51:00,60.8
2025-06-12 12:45:00,49.44888862615275
2025-06-12 01:36:00,74.9
2025-06-12 19:52:00,81.2
2025-06-12 22:20:00,66.1
2025-06-12 07:02:00,35.8
2025-06-12 18:21:00,67.6
2025-06-12 01:21:00,21.4
2025-06-12 20:53:00,39.6
2025-06-12 21:15:00,68.8
2025-06-12 17:29:00,73.9
2025-06-12 16:30:00,38.6
2025-06-12 15:55:00,98.6
2025-06-12 14:10:00,27.8
2025-06-12 12:51:00,83.6
2025-06-12 22:37:00,49.44888862615275
2025-06-12 17:37:00,58.6
2025-06-12 14:52:00,24.8
2025-06-12 09:19:00,21.8
2025-06-12 18:47:00,49.44888862615275
2025-06-12 12:31:00,49.44888862615275
2025-06-12 01:01:00,19.8
2025-06-12 17:12:00,49.44888862615275
2025-06-12 10:54:00,7.6
2025-06-12 01:24:00,63.7
2025-06-12 17:06:00,49.1
2025-06-12 09:58:00,58.7
2025-06-12 19:59:00,76.9
2025-06-12 10:32:00,21.4
2025-06-12 09:03:00,39.1
2025-06-12 05:26:00,55.4
2025-06-12 19:02:00,49.44888862615275
2025-06-12 02:18:00,42.1
2025-06-12 11:48:00,1.2
2025-06-12 12:10:00,49.44888862615275
2025-06-12 03:05:00,46.7
2025-06-12 04:39:00,28.2
2025-06-12 17:27:00,80.6
2025-06-12 18:10:00,49.44888862615275
2025-06-12 07:17:00,87.6
2025-06-12 17:31:00,80.1
2025-06-12 23:35:00,97.6
2025-06-12 08:39:00,75.5
2025-06-12 16:35:00,66.6
2025-06-12 09:12:00,1.6
2025-06-12 06:46:00,49.44888862615275
2025-06-12 17:26:00,3.1
2025-06-12 06:19:00,49.44888862615275
2025-06-12 05:37:00,99.4
2025-06-12 02:42:00,74.6
2025-06-12 04:09:00,8.9
2025-06-12 06:10:00,41.0
2025-06-12 20:31:00,26.0
2025-06-12 03:27:00,2.0
2025-06-12 15:31:00,75.4
2025-06-12 01:42:00,62.9
2025-06-12 08:52:00,12.5
2025-06-12 08:04:00,49.44888862615275
2025-06-12 15:18:00,37.0
2025-06-12 17:10:00,79.3
2025-06-12 20:23:00,69.2
2025-06-12 18:43:00,30.1
2025-06-12 18:44:00,76.6
2025-06-12 13:27:00,67.3
2025-06-12 06:40:00,61.5
2025-06-12 14:25:00,88.0
2025-06-12 14:36:00,26.9
2025-06-12 03:02:00,25.4
2025-06-12 20:47:00,35.8
2025-06-12 10:52:00,75.1
2025-06-12 00:21:00,57.0
2025-06-12 20:09:00,53.1
2025-06-12 12:06:00,92.9
2025-06-12 10:10:00,6.0
2025-06-12 06:33:00,49.6
2025-06-12 17:30:00,64.0
2025-06-12 03:14:00,43.2
2025-06-12 20:34:00,95.5
2025-06-12 17:40:00,49.44888862615275
2025-06-12 21:14:00,49.44888862615275
2025-06-12 04:01:00,20.6
2025-06-12 08:33:00,78.8
2025-06-12 13:06:00,54.8
2025-06-12 20:45:00,40.7
2025-06-12 21:17:00,49.44888862615275
2025-06-12 21:37:00,35.8
2025-06-12 01:47:00,3.6
2025-06-12 16:06:00,57.4
2025-06-12 17:17:00,91.1
2025-06-12 08:29:00,14.7
2025-06-12 18:45:00,56.4
2025-06-12 23:25:00,96.2
2025-06-12 13:53:00,77.2
2025-06-12 20:03:00,71.0
2025-06-12 05:41:00,7.4
2025-06-12 13:25:00,61.6
2025-06-12 04:35:00,54.0
2025-06-12 19:18:00,57.0
2025-06-12 17:02:00,17.2
2025-06-12 09:40:00,11.5
2025-06-12 18:55:00,17.8
2025-06-12 13:45:00,26.7
2025-06-12 09:33:00,38.9
2025-06-12 14:30:00,49.44888862615275
2025-06-12 16:20:00,48.7
2025-06-12 17:43:00,87.0
2025-06-12 10:03:00,6.7
2025-06-12 10:04:00,58.6
2025-06-12 04:54:00,75.5
2025-06-12 14:14:00,57.8
2025-06-12 11:13:00,81.8
2025-06-12 03:42:00,5.3
2025-06-12 17:18:00,37.1
2025-06-12 22:27:00,49.44888862615275
2025-06-12 02:47:00,38.1
2025-06-12 00:08:00,64.5
2025-06-12 11:45:00,49.44888862615275
2025-06-12 14:15:00,49.7
2025-06-12 03:56:00,32.9
2025-06-12 13:02:00,22.9
2025-06-12 07:47:00,36.0
2025-06-12 15:15:00,51.2
2025-06-12 02:43:00,42.5
2025-06-12 19:47:00,53.6
2025-06-12 21:55:00,39.0
2025-06-12 00:47:00,56.3
2025-06-12 14:58:00,14.8
2025-06-12 05:33:00,54.2
2025-06-12 12:54:00,99.3
2025-06-12 05:00:00,2.6
2025-06-12 21:54:00,43.0
2025-06-12 16:23:00,6.4
2025-06-12 00:58:00,49.44888862615275
2025-06-12 07:04:00,71.3
2025-06-12 16:22:00,30.7
2025-06-12 10:45:00,97.8
2025-06-12 13:09:00,17.6
2025-06-12 17:19:00,56.8
2025-06-12 22:02:00,23.6
2025-06-12 05:48:00,62.3
2025-06-12 02:26:00,25.5
2025-06-12 18:01:00,75.8
2025-06-12 17:07:00,24.2
2025-06-12 15:16:00,78.4
2025-06-12 21:28:00,57.6
2025-06-12 14:57:00,25.0
2025-06-12 12:40:00,49.44888862615275
2025-06-12 12:42:00,87.3
2025-06-12 18:57:00,49.44888862615275
2025-06-12 10:05:00,49.44888862615275
2025-06-12 10:47:00,49.44888862615275
2025-06-12 19:40:00,4.9
2025-06-12 10:36:00,49.44888862615275
2025-06-12 14:33:00,81.1
2025-06-12 07:45:00,89.3
2025-06-12 04:48:00,61.0
2025-06-12 04:55:00,17.1
2025-06-12 06:08:00,32.2
2025-06-12 16:46:00,28.4
2025-06-12 09:05:00,0.0
2025-06-12 15:52:00,13.3
2025-06-12 13:07:00,49.44888862615275
2025-06-12 07:18:00,66.9
2025-06-12 12:49:00,49.44888862615275
2025-06-12 10:24:00,40.3
2025-06-12 13:18:00,49.44888862615275
2025-06-12 20:26:00,77.9
2025-06-12 12:22:00,97.2
2025-06-12 22:03:00,56.5
2025-06-12 06:05:00,72.4
2025-06-12 18:30:00,28.6
2025-06-12 22:52:00,86.6
2025-06-12 20:18:00,48.9
2025-06-12 15:49:00,93.6
2025-06-12 23:55:00,14.8
2025-06-12 00:32:00,13.8
2025-06-12 20:15:00,59.4
2025-06-12 10:21:00,49.44888862615275
2025-06-12 07:27:00,49.44888862615275
2025-06-12 03:46:00,94.4
2025-06-12 15:13:00,40.8
2025-06-12 15:20:00,32.3
2025-06-12 18:56:00,27.8
2025-06-12 19:53:00,77.8
2025-06-12 07:09:00,93.8
2025-06-12 14:09:00,2.1
2025-06-12 12:24:00,21.3
2025-06-12 11:50:00,55.8
2025-06-12 22:12:00,7.2
2025-06-12 02:05:00,71.4
2025-06-12 03:39:00,11.9
2025-06-12 21:20:00,85.8
2025-06-12 05:25:00,69.2
2025-06-12 02:24:00,50.6
2025-06-12 06:51:00,77.1
2025-06-12 03:53:00,42.9
2025-06-12 08:31:00,25.0
2025-06-12 12:03:00,49.44888862615275
2025-06-12 20:04:00,34.4
2025-06-12 06:42:00,91.2
2025-06-12 14:42:00,8.0
2025-06-12 10:25:00,1.9
2025-06-12 20:52:00,0.7
2025-06-12 15:45:00,53.3
2025-06-12 20:36:00,58.7
2025-06-12 22:21:00,52.2
2025-06-12 04:57:00,49.44888862615275
2025-06-12 23:06:00,24.6
2025-06-12 21:49:00,35.9
2025-06-12 14:49:00,69.7
2025-06-12 23:53:00,67.8
2025-06-12 06:49:00,57.3
2025-06-12 14:34:00,77.3
2025-06-12 09:49:00,49.44888862615275
2025-06-12 11:35:00,43.0
2025-06-12 09:00:00,49.44888862615275
2025-06-12 13:35:00,78.3
2025-06-12 13:12:00,55.7
2025-06-12 20:39:00,44.3
2025-06-12 14:02:00,10.2
2025-06-12 19:01:00,4.7
2025-06-12 18:37:00,80.9
2025-06-12 06:53:00,99.4
2025-06-12 23:37:00,37.2
2025-06-12 01:45:00,44.7
2025-06-12 13:56:00,14.7
2025-06-12 07:33:00,50.4
2025-06-12 12:41:00,85.4
2025-06-12 13:20:00,5.5
2025-06-12 22:06:00,87.7
2025-06-12 11:42:00,49.44888862615275
2025-06-12 01:50:00,53.1
2025-06-12 17:57:00,49.44888862615275
2025-06-12 01:06:00,49.44888862615275
2025-06-12 07:38:00,38.4
2025-06-12 21:04:00,39.8
2025-06-12 09:18:00,55.1
2025-06-12 11:53:00,51.3
2025-06-12 14:29:00,26.0
2025-06-12 06:12:00,98.2
2025-06-12 20:38:00,14.1
2025-06-12 03:28:00,49.44888862615275
2025-06-12 07:56:00,98.0
2025-06-12 00:11:00,86.1
2025-06-12 11:20:00,83.4
2025-06-12 17:33:00,49.44888862615275
2025-06-12 19:37:00,61.3
2025-06-12 03:17:00,26.8
2025-06-12 00:49:00,60.1
2025-06-12 14:00:00,3.2
2025-06-12 21:01:00,64.9
2025-06-12 14:37:00,77.3
2025-06-12 00:53:00,49.44888862615275
2025-06-12 19:55:00,22.9
2025-06-12 19:32:00,33.2
2025-06-12 16:42:00,49.44888862615275
2025-06-12 16:36:00,84.1
2025-06-12 22:55:00,95.4
2025-06-12 17:52:00,72.5
2025-06-12 10:06:00,70.6
2025-06-12 07:38:00,96.9
2025-06-12 03:25:00,58.7
2025-06-12 15:23:00,59.1
2025-06-12 22:26:00,34.5
2025-06-12 12:00:00,92.6
2025-06-12 15:26:00,91.5
2025-06-12 02:09:00,85.1
2025-06-12 01:06:00,57.1
2025-06-12 02:27:00,55.4
2025-06-12 22:45:00,76.1
2025-06-12 04:33:00,11.2
2025-06-12 14:42:00,87.7
2025-06-12 03:13:00,47.9
2025-06-12 08:49:00,8.0
2025-06-12 02:51:00,23.5
2025-06-12 05:17:00,84.4
2025-06-12 07:35:00,66.3
2025-06-12 11:04:00,92.9
2025-06-12 18:58:00,45.5
2025-06-12 09:51:00,98.6
2025-06-12 08:12:00,98.8
2025-06-12 06:03:00,49.953150620754265
2025-06-12 00:04:00,16.0
2025-06-12 00:22:00,96.9
2025-06-12 21:40:00,49.953150620754265
2025-06-12 03:36:00,1.2
2025-06-12 11:39:00,64.0
2025-06-12 09:39:00,85.2
2025-06-12 05:41:00,62.4
2025-06-12 15:12:00,49.953150620754265
2025-06-12 22:51:00,31.8
2025-06-12 12:37:00,22.2
2025-06-12 02:06:00,47.4
2025-06-12 09:11:00,7.5
2025-06-12 19:24:00,35.7
2025-06-12 13:24:00,70.2
2025-06-12 19:36:00,77.4
2025-06-12 10:37:00,46.7
2025-06-12 05:54:00,49.953150620754265
2025-06-12 17:03:00,63.2
2025-06-12 22:14:00,39.9
2025-06-12 07:59:00,18.7
2025-06-12 10:24:00,23.6
2025-06-12 14:09:00,48.4
2025-06-12 03:38:00,63.8
2025-06-12 17:39:00,83.4
2025-06-12 01:19:00,49.953150620754265
2025-06-12 16:56:00,38.0
2025-06-12 18:23:00,24.6
2025-06-12 03:09:00,49.953150620754265
2025-06-12 07:32:00,57.5
2025-06-12 23:41:00,52.2
2025-06-12 14:03:00,32.5
2025-06-12 21:18:00,28.8
2025-06-12 12:13:00,74.6
2025-06-12 00:13:00,90.1
2025-06-12 13:03:00,45.7
2025-06-12 23:04:00,40.7
2025-06-12 23:14:00,71.4
2025-06-12 01:51:00,49.953150620754265
2025-06-12 07:06:00,49.953150620754265
2025-06-12 15:18:00,71.8
2025-06-12 20:00:00,94.7
2025-06-12 07:49:00,24.3
2025-06-12 05:50:00,1.9
2025-06-12 16:53:00,83.9
2025-06-12 20:50:00,36.0
2025-06-12 23:32:00,1.4
2025-06-12 06:47:00,87.2
2025-06-12 16:00:00,68.6
2025-06-12 00:33:00,73.7
2025-06-12 18:12:00,99.0
2025-06-12 01:17:00,98.2
2025-06-12 21:00:00,67.6
2025-06-12 08:32:00,30.6
2025-06-12 15:59:00,97.8
2025-06-12 20:25:00,26.8
2025-06-12 19:25:00,49.953150620754265
2025-06-12 18:32:00,1.5
2025-06-12 16:37:00,99.5
2025-06-12 17:44:00,21.2
2025-06-12 22:30:00,61.1
2025-06-12 04:02:00,98.9
2025-06-12 11:34:00,60.1
2025-06-12 12:58:00,53.0
2025-06-12 04:50:00,73.9
2025-06-12 18:40:00,74.7
2025-06-12 15:15:00,3.5
2025-06-12 05:19:00,18.5
2025-06-12 05:45:00,21.8
2025-06-12 18:10:00,77.3
2025-06-12 09:17:00,52.9
2025-06-12 15:37:00,6.8
2025-06-12 10:58:00,94.1
2025-06-12 23:31:00,76.8
2025-06-12 12:43:00,99.9
2025-06-12 13:56:00,13.9
2025-06-12 09:12:00,4.7
2025-06-12 12:32:00,93.0
2025-06-12 19:49:00,49.953150620754265
2025-06-12 22:41:00,14.5
2025-06-12 08:16:00,51.1
2025-06-12 00:41:00,82.8
2025-06-12 13:38:00,21.6
2025-06-12 08:19:00,91.5
2025-06-12 20:10:00,100.0
2025-06-12 05:03:00,16.1
2025-06-12 23:03:00,16.7
2025-06-12 03:48:00,68.9
2025-06-12 20:01:00,9.3
2025-06-12 19:06:00,82.0
2025-06-12 06:21:00,49.953150620754265
2025-06-12 17:43:00,91.8
2025-06-12 07:23:00,55.3
2025-06-12 12:07:00,94.0
2025-06-12 10:09:00,3.2
2025-06-12 10:08:00,49.953150620754265
2025-06-12 05:24:00,49.953150620754265
2025-06-12 03:24:00,58.6
2025-06-12 11:36:00,68.0
2025-06-12 06:23:00,78.5
2025-06-12 22:20:00,61.6
2025-06-12 07:19:00,49.953150620754265
2025-06-12 07:00:00,6.1
2025-06-12 16:44:00,15.9
2025-06-12 07:58:00,24.1
2025-06-12 16:21:00,8.3
2025-06-12 10:38:00,49.953150620754265
2025-06-12 15:50:00,60.9
2025-06-12 13:45:00,20.0
2025-06-12 01:37:00,94.0
2025-06-12 00:36:00,71.1
2025-06-12 17:02:00,31.1
2025-06-12 02:00:00,92.8
2025-06-12 19:16:00,69.8
2025-06-12 01:21:00,12.8
2025-06-12 13:26:00,5.8
2025-06-12 22:13:00,7.1
2025-06-12 12:09:00,33.1
2025-06-12 09:34:00,49.953150620754265
2025-06-12 03:18:00,46.7
2025-06-12 19:40:00,62.2
2025-06-12 00:35:00,46.7
2025-06-12 06:30:00,85.4
2025-06-12 21:54:00,35.8
2025-06-12 09:36:00,49.953150620754265
2025-06-12 13:47:00,64.1
2025-06-12 21:59:00,6.0
2025-06-12 23:35:00,49.953150620754265
2025-06-12 08:28:00,24.8
2025-06-12 01:22:00,47.9
2025-06-12 07:43:00,56.1
2025-06-12 01:16:00,12.0
2025-06-12 16:07:00,49.0
2025-06-12 19:27:00,8.6
2025-06-12 07:29:00,56.2
2025-06-12 19:15:00,49.953150620754265
2025-06-12 01:10:00,22.9
2025-06-12 06:52:00,7.8
2025-06-12 08:55:00,10.8
2025-06-12 14:14:00,21.9
2025-06-12 06:29:00,50.2
2025-06-12 04:49:00,77.6
2025-06-12 08:38:00,49.953150620754265
2025-06-12 13:41:00,82.7
2025-06-12 07:31:00,77.0
2025-06-12 01:48:00,45.8
2025-06-12 04:21:00,51.9
2025-06-12 07:30:00,19.5
2025-06-12 00:57:00,49.953150620754265
2025-06-12 10:01:00,93.3
2025-06-12 19:55:00,56.1
2025-06-12 18:37:00,41.9
2025-06-12 23:09:00,57.1
2025-06-12 10:25:00,37.5
2025-06-12 08:02:00,53.4
2025-06-12 03:30:00,20.0
2025-06-12 19:32:00,54.4
2025-06-12 13:35:00,74.9
2025-06-12 22:19:00,21.4
2025-06-12 15:00:00,7.7
2025-06-12 07:10:00,57.7
2025-06-12 14:31:00,53.1
2025-06-12 16:59:00,14.9
2025-06-12 12:57:00,49.953150620754265
2025-06-12 21:52:00,34.1
2025-06-12 06:27:00,10.2
2025-06-12 10:48:00,49.953150620754265
2025-06-12 18:24:00,52.6
2025-06-12 06:36:00,33.9
2025-06-12 06:05:00,49.953150620754265
2025-06-12 21:14:00,15.0
2025-06-12 04:06:00,42.0
2025-06-12 09:27:00,56.3
2025-06-12 19:23:00,46.0
2025-06-12 01:26:00,76.0
2025-06-12 04:12:00,68.2
2025-06-12 02:08:00,42.9
2025-06-12 12:55:00,21.2
2025-06-12 21:31:00,75.7
2025-06-12 15:38:00,49.953150620754265
2025-06-12 19:58:00,86.5
2025-06-12 14:02:00,92.6
2025-06-12 18:29:00,90.4
2025-06-12 00:28:00,77.0
2025-06-12 14:40:00,39.2
2025-06-12 13:21:00,0.6
2025-06-12 13:39:00,36.1
2025-06-12 22:23:00,79.8
2025-06-12 16:35:00,8.7
2025-06-12 20:28:00,49.953150620754265
2025-06-12 10:23:00,33.5
2025-06-12 01:27:00,49.953150620754265
2025-06-12 05:35:00,82.8
2025-06-12 03:51:00,41.9
2025-06-12 21:17:00,49.953150620754265
2025-06-12 06:58:00,75.0
2025-06-12 09:48:00,53.9
2025-06-12 21:25:00,49.953150620754265
2025-06-12 06:09:00,86.5
2025-06-12 20:23:00,56.1
2025-06-12 12:19:00,76.2
2025-06-12 11:53:00,59.8
2025-06-12 14:21:00,19.8
2025-06-12 17:22:00,93.2
2025-06-12 22:58:00,92.5
2025-06-12 00:39:00,50.1
2025-06-12 13:14:00,8.9
2025-06-12 01:11:00,66.1
2025-06-12 02:44:00,25.7
2025-06-12 14:36:00,77.6
2025-06-12 22:43:00,49.953150620754265
2025-06-12 20:52:00,89.9
2025-06-12 04:47:00,49.953150620754265
2025-06-12 02:10:00,80.1
2025-06-12 05:42:00,49.953150620754265
2025-06-12 11:32:00,2.2
2025-06-12 07:26:00,8.2
2025-06-12 02:03:00,49.953150620754265
2025-06-12 05:15:00,26.4
2025-06-12 10:42:00,10.3
2025-06-12 04:08:00,73.0
2025-06-12 09:15:00,54.8
2025-06-12 15:13:00,52.6
2025-06-12 09:22:00,97.6
2025-06-12 05:08:00,76.9
2025-06-12 05:43:00,34.3
2025-06-12 18:18:00,55.8
2025-06-12 22:09:00,63.3
2025-06-12 16:40:00,49.953150620754265
2025-06-12 14:49:00,49.953150620754265
2025-06-12 19:19:00,15.4
2025-06-12 19:28:00,91.1
2025-06-12 03:52:00,6.9
2025-06-12 10:56:00,13.8
2025-06-12 05:30:00,28.1
2025-06-12 09:52:00,13.3
2025-06-12 01:04:00,49.953150620754265
2025-06-12 06:57:00,2.5
2025-06-12 02:17:00,49.953150620754265
2025-06-12 07:16:00,64.4
2025-06-12 14:24:00,79.8
2025-06-12 04:29:00,93.3
2025-06-12 07:22:00,40.3
2025-06-12 11:13:00,79.8
2025-06-12 17:45:00,77.7
2025-06-12 13:55:00,61.7
2025-06-12 04:30:00,52.1
2025-06-12 04:15:00,49.953150620754265
2025-06-12 04:38:00,69.0
2025-06-12 23:28:00,74.8
2025-06-12 05:47:00,46.2
2025-06-12 02:42:00,27.6
2025-06-12 17:26:00,93.9
2025-06-12 07:56:00,14.5
2025-06-12 14:25:00,9.2
2025-06-12 06:53:00,27.1
2025-06-12 01:18:00,9.7
2025-06-12 07:13:00,49.953150620754265
2025-06-12 05:37:00,16.9
2025-06-12 21:49:00,16.5
2025-06-12 19:34:00,83.0
2025-06-12 06:42:00,49.953150620754265
2025-06-12 14:28:00,19.5
2025-06-12 02:34:00,21.5
2025-06-12 07:20:00,1.1
2025-06-12 03:11:00,74.8
2025-06-12 08:47:00,1.7
2025-06-12 16:57:00,59.3
2025-06-12 00:18:00,20.1
2025-06-12 23:15:00,49.58899212042808
2025-06-12 17:14:00,6.3
2025-06-12 00:09:00,49.58899212042808
2025-06-12 17:55:00,45.9
2025-06-12 21:38:00,73.6
2025-06-12 09:18:00,34.0
2025-06-12 05:12:00,40.6
2025-06-12 13:03:00,3.4
2025-06-12 03:36:00,5.0
2025-06-12 00:20:00,39.7
2025-06-12 06:29:00,49.58899212042808
2025-06-12 12:00:00,26.4
2025-06-12 02:58:00,74.1
2025-06-12 06:45:00,10.0
2025-06-12 20:26:00,29.6
2025-06-12 04:43:00,87.2
2025-06-12 03:27:00,49.9
2025-06-12 09:48:00,63.1
2025-06-12 19:00:00,49.58899212042808
2025-06-12 01:33:00,29.5
2025-06-12 18:25:00,49.58899212042808
2025-06-12 08:02:00,25.1
2025-06-12 02:54:00,65.6
2025-06-12 11:38:00,6.3
2025-06-12 02:40:00,81.1
2025-06-12 04:30:00,67.9
2025-06-12 10:24:00,49.58899212042808
2025-06-12 13:55:00,24.8
2025-06-12 08:47:00,49.58899212042808
2025-06-12 01:37:00,43.6
2025-06-12 09:08:00,7.0
2025-06-12 23:50:00,98.5
2025-06-12 19:56:00,98.4
2025-06-12 01:47:00,76.6
2025-06-12 13:12:00,39.6
2025-06-12 18:08:00,45.6
2025-06-12 11:06:00,38.5
2025-06-12 14:38:00,49.58899212042808
2025-06-12 22:50:00,9.3
2025-06-12 08:30:00,65.5
2025-06-12 01:53:00,49.58899212042808
2025-06-12 00:55:00,57.1
2025-06-12 23:33:00,71.5
2025-06-12 11:24:00,73.9
2025-06-12 15:09:00,85.2
2025-06-12 17:30:00,21.9
2025-06-12 01:23:00,35.9
2025-06-12 20:01:00,72.9
2025-06-12 07:33:00,15.5
2025-06-12 05:09:00,49.58899212042808
2025-06-12 06:52:00,11.4
2025-06-12 08:16:00,59.4
2025-06-12 16:35:00,49.58899212042808
2025-06-12 09:14:00,50.9
2025-06-12 23:09:00,47.7
2025-06-12 10:49:00,74.3
2025-06-12 09:33:00,31.8
2025-06-12 07:54:00,80.8
2025-06-12 08:39:00,34.1
2025-06-12 02:03:00,72.7
2025-06-12 18:33:00,70.1
2025-06-12 10:20:00,91.6
2025-06-12 10:27:00,86.6
2025-06-12 06:56:00,68.2
2025-06-12 11:33:00,40.8
2025-06-12 07:12:00,45.9
2025-06-12 05:28:00,52.8
2025-06-12 12:47:00,45.3
2025-06-12 01:39:00,96.5
2025-06-12 10:59:00,79.6
2025-06-12 20:45:00,19.2
2025-06-12 03:50:00,49.58899212042808
2025-06-12 14:37:00,44.3
2025-06-12 11:07:00,49.58899212042808
2025-06-12 01:55:00,99.3
2025-06-12 10:02:00,85.0
2025-06-12 07:19:00,81.1
2025-06-12 00:57:00,83.6
2025-06-12 10:46:00,53.9
2025-06-12 09:30:00,49.8
2025-06-12 15:32:00,83.5
2025-06-12 01:50:00,32.4
2025-06-12 11:35:00,20.6
2025-06-12 07:29:00,44.1
2025-06-12 22:47:00,97.8
2025-06-12 23:19:00,24.4
2025-06-12 09:02:00,42.5
2025-06-12 19:47:00,49.58899212042808
2025-06-12 17:11:00,49.58899212042808
2025-06-12 01:38:00,8.7
2025-06-12 02:09:00,3.9
2025-06-12 06:08:00,61.2
2025-06-12 08:53:00,49.58899212042808
2025-06-12 18:19:00,99.6
2025-06-12 16:55:00,25.2
2025-06-12 23:45:00,24.8
2025-06-12 17:33:00,20.4
2025-06-12 21:51:00,66.4
2025-06-12 23:38:00,49.58899212042808
2025-06-12 14:05:00,68.2
2025-06-12 20:05:00,49.58899212042808
2025-06-12 16:30:00,84.5
2025-06-12 16:03:00,32.6
2025-06-12 04:50:00,12.4
2025-06-12 08:09:00,26.4
2025-06-12 22:07:00,49.58899212042808
2025-06-12 04:42:00,30.2
2025-06-12 08:00:00,36.5
2025-06-12 09:22:00,99.7
2025-06-12 17:37:00,28.7
2025-06-12 21:58:00,68.8
2025-06-12 20:37:00,35.6
2025-06-12 21:07:00,66.9
2025-06-12 09:39:00,74.8
2025-06-12 18:32:00,86.5
2025-06-12 13:18:00,29.1
2025-06-12 06:42:00,89.9
2025-06-12 17:04:00,76.8
2025-06-12 01:15:00,16.2
2025-06-12 07:59:00,59.5
2025-06-12 08:20:00,21.5
2025-06-12 04:49:00,74.5
2025-06-12 09:44:00,34.4
2025-06-12 00:25:00,76.6
2025-06-12 01:24:00,49.58899212042808
2025-06-12 00:59:00,49.58899212042808
2025-06-12 18:05:00,1.1
2025-06-12 21:19:00,49.58899212042808
2025-06-12 18:26:00,73.1
2025-06-12 07:24:00,62.0
2025-06-12 14:15:00,18.4
2025-06-12 14:49:00,0.1
2025-06-12 04:06:00,71.7
2025-06-12 11:55:00,49.0
2025-06-12 16:17:00,84.5
2025-06-12 16:41:00,57.5
2025-06-12 06:19:00,43.6
2025-06-12 18:47:00,97.1
2025-06-12 14:43:00,28.9
2025-06-12 13:48:00,11.8
2025-06-12 16:13:00,78.6
2025-06-12 23:12:00,49.58899212042808
2025-06-12 23:55:00,48.9
2025-06-12 17:42:00,17.5
2025-06-12 19:38:00,75.4
2025-06-12 05:13:00,58.5
2025-06-12 19:03:00,95.1
2025-06-12 16:40:00,55.3
2025-06-12 21:42:00,46.2
2025-06-12 23:35:00,40.1
2025-06-12 19:43:00,35.2
2025-06-12 09:40:00,16.6
2025-06-12 17:47:00,51.6
2025-06-12 14:29:00,96.0
2025-06-12 22:36:00,49.58899212042808
2025-06-12 14:33:00,12.8
2025-06-12 10:04:00,79.5
2025-06-12 07:50:00,80.0
2025-06-12 12:07:00,93.2
2025-06-12 04:58:00,49.58899212042808
2025-06-12 22:03:00,28.6
2025-06-12 03:16:00,19.6
2025-06-12 23:08:00,83.8
2025-06-12 15:08:00,89.9
2025-06-12 16:20:00,57.5
2025-06-12 02:07:00,86.4
2025-06-12 20:39:00,71.8
2025-06-12 02:06:00,6.9
2025-06-12 13:21:00,62.8
2025-06-12 20:12:00,92.2
2025-06-12 17:05:00,37.2
2025-06-12 07:04:00,51.6
2025-06-12 18:20:00,13.0
2025-06-12 17:06:00,71.8
2025-06-12 02:57:00,58.7
2025-06-12 18:13:00,49.58899212042808
2025-06-12 08:55:00,97.3
2025-06-12 07:49:00,88.5
2025-06-12 12:33:00,75.6
2025-06-12 23:00:00,49.58899212042808
2025-06-12 17:51:00,37.0
2025-06-12 22:14:00,63.9
2025-06-12 21:35:00,11.1
2025-06-12 05:03:00,33.9
2025-06-12 17:15:00,22.1
2025-06-12 21:28:00,49.58899212042808
2025-06-12 14:22:00,68.8
2025-06-12 10:00:00,47.7
2025-06-12 13:37:00,93.9
2025-06-12 01:20:00,20.2
2025-06-12 22:41:00,92.4
2025-06-12 08:40:00,3.4
2025-06-12 05:53:00,27.6
2025-06-12 16:37:00,64.8
2025-06-12 11:49:00,96.7
2025-06-12 10:52:00,100.0
2025-06-12 03:37:00,49.58899212042808
2025-06-12 23:27:00,49.58899212042808
2025-06-12 03:07:00,35.2
2025-06-12 21:23:00,1.9
2025-06-12 16:51:00,7.0
2025-06-12 18:39:00,81.2
2025-06-12 23:51:00,9.3
2025-06-12 00:17:00,82.2
2025-06-12 14:40:00,19.0
2025-06-12 02:36:00,93.4
2025-06-12 07:42:00,49.58899212042808
2025-06-12 07:20:00,6.8
2025-06-12 19:08:00,22.9
2025-06-12 16:43:00,84.2
2025-06-12 17:08:00,3.2
2025-06-12 16:42:00,45.4
2025-06-12 07:41:00,23.6
2025-06-12 18:48:00,72.3
2025-06-12 06:39:00,52.8
2025-06-12 01:58:00,78.8
2025-06-12 18:53:00,30.3
2025-06-12 07:37:00,95.2
2025-06-12 17:50:00,49.58899212042808
2025-06-12 15:51:00,25.8
2025-06-12 04:32:00,41.7
2025-06-12 03:19:00,48.1
2025-06-12 23:53:00,56.1
2025-06-12 07:56:00,98.8
2025-06-12 06:02:00,25.8
2025-06-12 21:26:00,55.5
2025-06-12 15:07:00,49.58899212042808
2025-06-12 02:41:00,53.1
2025-06-12 12:34:00,49.58899212042808
2025-06-12 00:28:00,40.6
2025-06-12 13:01:00,16.9
2025-06-12 12:05:00,49.58899212042808
2025-06-12 01:51:00,97.5
2025-06-12 04:51:00,35.8
2025-06-12 15:19:00,70.6
2025-06-12 01:30:00,49.58899212042808
2025-06-12 05:10:00,60.8
2025-06-12 19:10:00,12.0
2025-06-12 00:29:00,95.7
2025-06-12 05:57:00,46.5
2025-06-12 23:11:00,7.3
2025-06-12 21:37:00,61.8
2025-06-12 23:04:00,15.9
2025-06-12 17:02:00,41.9
2025-06-12 19:54:00,67.6
2025-06-12 00:31:00,89.9
2025-06-12 19:11:00,49.58899212042808
2025-06-12 04:04:00,97.8
2025-06-12 18:04:00,83.1
2025-06-12 03:05:00,49.58899212042808
2025-06-12 03:22:00,70.7
2025-06-12 03:46:00,32.5
2025-06-12 04:33:00,96.3
2025-06-12 01:21:00,23.1
2025-06-12 11:15:00,43.0
2025-06-12 01:28:00,23.5
2025-06-12 21:36:00,49.58899212042808
2025-06-12 20:50:00,65.8
2025-06-12 02:21:00,73.2
2025-06-12 02:25:00,85.9
2025-06-12 02:42:00,73.9
2025-06-12 19:53:00,97.3
2025-06-12 02:08:00,4.0
2025-06-12 23:25:00,49.2
2025-06-12 21:53:00,20.2
2025-06-12 02:23:00,21.7
2025-06-12 22:05:00,65.5
2025-06-12 20:27:00,16.3
2025-06-12 08:35:00,26.7
2025-06-12 13:00:00,89.8
2025-06-12 06:41:00,11.1
2025-06-12 11:31:00,33.7
2025-06-12 10:41:00,92.7
2025-06-12 22:51:00,49.1
2025-06-12 00:10:00,86.9
2025-06-12 13:22:00,66.0
2025-06-12 03:38:00,49.58899212042808
2025-06-12 20:42:00,49.58899212042808
2025-06-12 00:14:00,26.7
2025-06-12 04:16:00,79.3
2025-06-12 19:20:00,67.8
2025-06-12 13:31:00,79.9
2025-06-12 21:15:00,74.1
2025-06-12 19:39:00,38.7
2025-06-12 10:47:00,49.58899212042808
2025-06-12 01:11:00,60.7
2025-06-12 05:56:00,81.7
2025-06-12 04:26:00,69.3
2025-06-12 11:26:00,32.2
2025-06-12 06:27:00,47.8
2025-06-12 22:42:00,25.1
2025-06-12 12:46:00,26.2
2025-06-12 22:24:00,23.3
2025-06-12 21:01:00,47.7
2025-06-12 13:39:00,15.8
2025-06-12 20:33:00,14.5
2025-06-12 06:49:00,59.2
2025-06-12 00:41:00,7.1
2025-06-12 23:34:00,92.0
2025-06-12 00:39:00,58.1
2025-06-12 21:52:00,89.0
2025-06-12 00:12:00,67.3
2025-06-12 17:40:00,66.2
2025-06-12 21:40:00,37.9
2025-06-12 19:02:00,93.4
2025-06-12 08:28:00,90.6
2025-06-12 01:07:00,42.4
2025-06-12 08:06:00,86.4
2025-06-12 08:44:00,56.0
2025-06-12 11:42:00,70.3
2025-06-12 06:06:00,83.3
2025-06-12 00:34:00,54.6
2025-06-12 06:05:00,87.9
2025-06-12 02:16:00,20.6
2025-06-12 03:29:00,91.8
2025-06-12 05:58:00,49.58899212042808
2025-06-12 19:36:00,24.2
2025-06-12 23:56:00,56.7
2025-06-12 10:21:00,24.5
2025-06-12 07:08:00,0.2
2025-06-12 19:50:00,61.0
2025-06-12 03:02:00,21.2
2025-06-12 07:05:00,58.2
2025-06-12 20:58:00,88.1
2025-06-12 05:05:00,12.3
2025-06-12 09:49:00,50.2977004785806
2025-06-12 15:19:00,60.3
2025-06-12 14:30:00,71.4
2025-06-12 00:44:00,37.2
2025-06-12 21:24:00,37.9
2025-06-12 01:49:00,24.3
2025-06-12 23:46:00,60.7
2025-06-12 12:56:00,81.2
2025-06-12 21:52:00,65.8
2025-06-12 18:40:00,41.7
2025-06-12 05:08:00,37.0
2025-06-12 08:39:00,89.5
2025-06-12 02:27:00,97.8
2025-06-12 08:45:00,50.2977004785806
2025-06-12 10:38:00,20.6
2025-06-12 00:29:00,60.8
2025-06-12 10:57:00,17.7
2025-06-12 10:14:00,55.6
2025-06-12 23:44:00,80.5
2025-06-12 14:59:00,64.8
2025-06-12 22:53:00,45.3
2025-06-12 14:22:00,34.5
2025-06-12 19:23:00,60.2
2025-06-12 15:24:00,17.9
2025-06-12 05:00:00,22.8
2025-06-12 21:08:00,33.8
2025-06-12 11:15:00,75.4
2025-06-12 22:48:00,50.2977004785806
2025-06-12 09:56:00,50.2977004785806
2025-06-12 00:18:00,94.5
2025-06-12 22:17:00,68.7
2025-06-12 06:22:00,17.0
2025-06-12 21:55:00,61.4
2025-06-12 12:36:00,56.8
2025-06-12 18:51:00,50.2977004785806
2025-06-12 21:54:00,50.2977004785806
2025-06-12 23:49:00,28.2
2025-06-12 18:06:00,64.0
2025-06-12 22:46:00,55.5
2025-06-12 16:14:00,50.2977004785806
2025-06-12 05:20:00,77.9
2025-06-12 12:48:00,62.6
2025-06-12 03:07:00,10.8
2025-06-12 09:10:00,57.0
2025-06-12 13:07:00,72.6
2025-06-12 02:04:00,31.9
2025-06-12 09:44:00,66.7
2025-06-12 09:42:00,80.1
2025-06-12 16:13:00,50.2977004785806
2025-06-12 19:49:00,35.2
2025-06-12 21:06:00,30.3
2025-06-12 08:43:00,20.4
2025-06-12 05:10:00,41.0
2025-06-12 05:09:00,46.6
2025-06-12 14:51:00,1.5
2025-06-12 14:09:00,32.1
2025-06-12 18:00:00,92.7
2025-06-12 20:05:00,18.7
2025-06-12 20:09:00,26.0
2025-06-12 08:13:00,49.8
2025-06-12 12:34:00,92.7
2025-06-12 23:10:00,50.2977004785806
2025-06-12 02:43:00,32.6
2025-06-12 01:19:00,74.6
2025-06-12 06:55:00,51.9
2025-06-12 08:35:00,99.8
2025-06-12 01:46:00,80.6
2025-06-12 03:37:00,65.8
2025-06-12 06:18:00,35.0
2025-06-12 19:31:00,2.6
2025-06-12 10:15:00,88.6
2025-06-12 12:17:00,50.3
2025-06-12 19:41:00,71.4
2025-06-12 13:09:00,11.7
2025-06-12 02:44:00,20.4
2025-06-12 21:16:00,98.7
2025-06-12 17:04:00,10.7
2025-06-12 07:14:00,71.1
2025-06-12 09:40:00,50.2977004785806
2025-06-12 14:10:00,64.3
2025-06-12 17:53:00,50.2977004785806
2025-06-12 19:30:00,39.9
2025-06-12 20:02:00,92.7
2025-06-12 03:09:00,21.3
2025-06-12 01:05:00,94.6
2025-06-12 02:48:00,66.6
2025-06-12 18:32:00,38.6
2025-06-12 13:12:00,50.9
2025-06-12 06:59:00,1.1
2025-06-12 16:41:00,19.1
2025-06-12 14:17:00,65.3
2025-06-12 09:07:00,50.2977004785806
2025-06-12 10:46:00,38.0
2025-06-12 00:55:00,85.1
2025-06-12 20:44:00,1.8
2025-06-12 09:33:00,18.5
2025-06-12 09:54:00,61.9
2025-06-12 00:00:00,50.2977004785806
2025-06-12 12:35:00,77.8
2025-06-12 04:58:00,97.0
2025-06-12 12:06:00,69.1
2025-06-12 12:54:00,50.2977004785806
2025-06-12 03:46:00,60.9
2025-06-12 11:57:00,99.1
2025-06-12 10:20:00,35.1
2025-06-12 18:14:00,2.1
2025-06-12 03:16:00,11.8
2025-06-12 03:28:00,66.5
2025-06-12 07:26:00,2.7
2025-06-12 02:58:00,73.0
2025-06-12 08:12:00,29.4
2025-06-12 16:34:00,82.3
2025-06-12 11:01:00,50.2977004785806
2025-06-12 18:49:00,93.3
2025-06-12 03:36:00,29.8
2025-06-12 03:13:00,62.7
2025-06-12 06:20:00,50.2977004785806
2025-06-12 02:22:00,13.6
2025-06-12 06:23:00,64.7
2025-06-12 14:41:00,93.8
2025-06-12 01:29:00,10.5
2025-06-12 21:09:00,11.9
2025-06-12 11:05:00,73.9
2025-06-12 19:06:00,27.2
2025-06-12 23:03:00,9.9
2025-06-12 17:00:00,43.2
2025-06-12 04:30:00,0.4
2025-06-12 22:12:00,40.1
2025-06-12 00:42:00,28.9
2025-06-12 07:42:00,37.2
2025-06-12 18:57:00,47.5
2025-06-12 00:51:00,50.2977004785806
2025-06-12 06:57:00,16.9
2025-06-12 12:52:00,51.7
2025-06-12 00:20:00,73.5
2025-06-12 06:53:00,89.0
2025-06-12 06:40:00,62.7
2025-06-12 23:14:00,98.2
2025-06-12 15:12:00,82.6
2025-06-12 17:01:00,25.6
2025-06-12 21:58:00,10.2
2025-06-12 12:02:00,98.5
2025-06-12 16:31:00,34.5
2025-06-12 02:36:00,70.3
2025-06-12 19:48:00,70.9
2025-06-12 04:41:00,32.0
2025-06-12 03:03:00,90.8
2025-06-12 17:33:00,14.5
2025-06-12 16:39:00,98.2
2025-06-12 02:05:00,19.6
2025-06-12 01:22:00,68.6
2025-06-12 13:05:00,11.4
2025-06-12 09:09:00,36.6
2025-06-12 19:22:00,11.8
2025-06-12 20:34:00,61.4
2025-06-12 11:18:00,61.8
2025-06-12 16:47:00,35.2
2025-06-12 10:07:00,90.4
2025-06-12 13:42:00,99.7
2025-06-12 16:04:00,3.8
2025-06-12 06:10:00,95.0
2025-06-12 15:11:00,96.1
2025-06-12 21:10:00,50.2977004785806
2025-06-12 15:02:00,65.0
2025-06-12 09:22:00,9.7
2025-06-12 23:39:00,50.2977004785806
2025-06-12 03:32:00,50.2977004785806
2025-06-12 23:57:00,91.6
2025-06-12 10:06:00,79.8
2025-06-12 04:50:00,65.9
2025-06-12 00:49:00,58.6
2025-06-12 22:02:00,98.2
2025-06-12 15:47:00,92.5
2025-06-12 00:19:00,13.2
2025-06-12 09:00:00,68.7
2025-06-12 01:54:00,54.2
2025-06-12 09:32:00,50.2977004785806
2025-06-12 22:07:00,50.2977004785806
2025-06-12 23:28:00,7.4
2025-06-12 22:41:00,78.2
2025-06-12 14:52:00,84.0
2025-06-12 03:04:00,37.7
2025-06-12 18:21:00,93.6
2025-06-12 13:44:00,16.3
2025-06-12 21:15:00,5.0
2025-06-12 14:11:00,21.0
2025-06-12 23:22:00,30.1
2025-06-12 17:24:00,4.9
2025-06-12 08:16:00,72.6
2025-06-12 04:22:00,50.2977004785806
2025-06-12 21:50:00,59.0
2025-06-12 12:28:00,61.4
2025-06-12 06:45:00,50.2977004785806
2025-06-12 15:21:00,58.8
2025-06-12 11:47:00,50.2977004785806
2025-06-12 17:22:00,82.4
2025-06-12 17:36:00,57.6
2025-06-12 03:14:00,48.4
2025-06-12 20:15:00,23.8
2025-06-12 00:40:00,47.2
2025-06-12 01:12:00,95.2
2025-06-12 15:22:00,65.8
2025-06-12 16:54:00,94.8
2025-06-12 00:13:00,14.4
2025-06-12 10:51:00,11.1
2025-06-12 22:20:00,96.1
2025-06-12 05:19:00,36.6
2025-06-12 13:27:00,30.3
2025-06-12 13:21:00,50.2977004785806
2025-06-12 03:43:00,50.2977004785806
2025-06-12 06:11:00,91.2
2025-06-12 19:19:00,6.0
2025-06-12 16:23:00,26.6
2025-06-12 08:10:00,40.1
2025-06-12 00:04:00,28.5
2025-06-12 07:04:00,45.3
2025-06-12 01:47:00,73.1
2025-06-12 08:05:00,50.2977004785806
2025-06-12 08:06:00,50.2977004785806
2025-06-12 07:20:00,97.8
2025-06-12 16:46:00,14.8
2025-06-12 15:48:00,73.8
2025-06-12 02:32:00,75.4
2025-06-12 01:25:00,8.1
2025-06-12 06:33:00,0.6
2025-06-12 06:08:00,69.5
2025-06-12 07:51:00,2.7
2025-06-12 23:24:00,98.4
2025-06-12 16:01:00,50.2977004785806
2025-06-12 04:21:00,82.1
2025-06-12 20:43:00,76.2
2025-06-12 12:41:00,6.3
2025-06-12 09:38:00,12.9
2025-06-12 00:59:00,12.5
2025-06-12 17:15:00,50.2977004785806
2025-06-12 00:35:00,73.4
2025-06-12 12:26:00,52.8
2025-06-12 21:37:00,50.2977004785806
2025-06-12 06:35:00,50.2977004785806
2025-06-12 19:58:00,40.1
2025-06-12 11:20:00,22.1
2025-06-12 21:19:00,58.6
2025-06-12 09:03:00,94.8
2025-06-12 01:59:00,30.6
2025-06-12 13:16:00,50.2977004785806
2025-06-12 18:48:00,28.9
2025-06-12 17:21:00,83.5
2025-06-12 00:33:00,97.6
2025-06-12 06:19:00,32.9
2025-06-12 23:55:00,15.2
2025-06-12 15:15:00,75.8
2025-06-12 12:05:00,60.7
2025-06-12 02:38:00,14.5
2025-06-12 21:39:00,50.2977004785806
2025-06-12 12:16:00,8.7
2025-06-12 21:04:00,69.4
2025-06-12 13:15:00,79.3
2025-06-12 22:28:00,43.3
2025-06-12 04:12:00,39.0
2025-06-12 16:37:00,92.4
2025-06-12 20:56:00,98.2
2025-06-12 23:32:00,50.2977004785806
2025-06-12 20:37:00,94.3
2025-06-12 02:35:00,2.2
2025-06-12 07:15:00,80.1
2025-06-12 03:38:00,75.4
2025-06-12 00:57:00,51.2
2025-06-12 19:57:00,14.5
2025-06-12 11:03:00,55.7
2025-06-12 18:44:00,81.5
2025-06-12 00:53:00,25.9
2025-06-12 13:06:00,74.6
2025-06-12 11:30:00,5.0
2025-06-12 07:31:00,17.7
2025-06-12 00:28:00,3.1
2025-06-12 20:40:00,76.5
2025-06-12 21:26:00,50.2977004785806
2025-06-12 11:25:00,28.7
2025-06-12 07:19:00,50.2977004785806
2025-06-12 14:16:00,43.3
2025-06-12 21:46:00,8.8
2025-06-12 02:07:00,28.1
2025-06-12 02:19:00,16.4
2025-06-12 07:00:00,50.2977004785806
2025-06-12 17:08:00,24.2
2025-06-12 17:40:00,8.9
2025-06-12 22:30:00,13.1
2025-06-12 08:24:00,60.1
2025-06-12 08:46:00,22.0
2025-06-12 13:08:00,50.2977004785806
2025-06-12 18:24:00,48.0
2025-06-12 07:23:00,50.2977004785806
2025-06-12 02:26:00,18.3
2025-06-12 13:23:00,32.8
2025-06-12 09:30:00,46.7
2025-06-12 10:22:00,92.7
2025-06-12 03:57:00,50.2977004785806
2025-06-12 01:04:00,49.82536769031651
2025-06-12 08:03:00,86.6
2025-06-12 21:08:00,9.3
2025-06-12 10:01:00,89.9
2025-06-12 20:53:00,2.3
2025-06-12 18:15:00,51.9
2025-06-12 05:11:00,54.0
2025-06-12 18:18:00,50.1
2025-06-12 12:01:00,59.9
2025-06-12 14:50:00,60.9
2025-06-12 08:19:00,70.1
2025-06-12 09:58:00,49.82536769031651
2025-06-12 01:46:00,58.9
2025-06-12 02:01:00,87.5
2025-06-12 01:59:00,33.7
2025-06-12 01:09:00,98.8
2025-06-12 23:35:00,49.82536769031651
2025-06-12 21:53:00,43.0
2025-06-12 02:39:00,34.7
2025-06-12 13:13:00,77.7
2025-06-12 18:52:00,47.0
2025-06-12 16:39:00,49.82536769031651
2025-06-12 18:51:00,78.7
2025-06-12 12:11:00,40.4
2025-06-12 09:55:00,62.2
2025-06-12 13:19:00,44.2
2025-06-12 07:51:00,86.9
2025-06-12 19:32:00,41.1
2025-06-12 10:59:00,49.82536769031651
2025-06-12 08:21:00,62.2
2025-06-12 05:01:00,92.3
2025-06-12 03:50:00,0.8
2025-06-12 07:53:00,66.3
2025-06-12 11:08:00,87.4
2025-06-12 07:02:00,18.9
2025-06-12 03:25:00,49.82536769031651
2025-06-12 23:22:00,74.3
2025-06-12 19:00:00,13.8
2025-06-12 06:07:00,40.1
2025-06-12 12:40:00,72.8
2025-06-12 18:50:00,47.2
2025-06-12 04:30:00,8.2
2025-06-12 06:03:00,83.3
2025-06-12 02:19:00,49.82536769031651
2025-06-12 10:13:00,12.8
2025-06-12 18:34:00,55.9
2025-06-12 15:01:00,49.82536769031651
2025-06-12 02:05:00,34.6
2025-06-12 18:20:00,52.2
2025-06-12 21:39:00,64.6
2025-06-12 20:39:00,25.3
2025-06-12 21:12:00,44.3
2025-06-12 08:53:00,98.9
2025-06-12 18:43:00,81.4
2025-06-12 15:21:00,44.3
2025-06-12 05:39:00,93.5
2025-06-12 14:13:00,7.3
2025-06-12 15:17:00,88.7
2025-06-12 07:18:00,14.8
2025-06-12 20:27:00,26.1
2025-06-12 12:02:00,5.1
2025-06-12 08:34:00,88.8
2025-06-12 01:37:00,49.82536769031651
2025-06-12 21:42:00,49.82536769031651
2025-06-12 10:09:00,1.8
2025-06-12 23:02:00,77.6
2025-06-12 00:38:00,7.4
2025-06-12 23:04:00,15.8
2025-06-12 08:20:00,70.7
2025-06-12 09:53:00,58.7
2025-06-12 12:39:00,89.3
2025-06-12 14:07:00,82.9
2025-06-12 13:08:00,17.0
2025-06-12 09:03:00,62.1
2025-06-12 14:25:00,82.8
2025-06-12 07:30:00,54.8
2025-06-12 05:19:00,47.2
2025-06-12 22:34:00,11.6
2025-06-12 01:12:00,49.82536769031651
2025-06-12 03:17:00,81.2
2025-06-12 23:56:00,40.2
2025-06-12 08:51:00,34.2
2025-06-12 19:22:00,55.0
2025-06-12 00:10:00,3.5
2025-06-12 17:42:00,19.8
2025-06-12 09:48:00,78.8
2025-06-12 05:36:00,37.3
2025-06-12 05:46:00,52.1
2025-06-12 22:57:00,96.0
2025-06-12 15:56:00,90.6
2025-06-12 02:13:00,21.1
2025-06-12 01:18:00,83.8
2025-06-12 21:54:00,64.3
2025-06-12 09:15:00,72.5
2025-06-12 05:47:00,86.2
2025-06-12 16:24:00,12.0
2025-06-12 20:16:00,49.82536769031651
2025-06-12 23:16:00,21.4
2025-06-12 14:01:00,38.5
2025-06-12 08:35:00,7.3
2025-06-12 01:10:00,91.6
2025-06-12 12:29:00,2.5
2025-06-12 00:44:00,8.4
2025-06-12 04:28:00,68.4
2025-06-12 01:50:00,53.0
2025-06-12 07:22:00,49.82536769031651
2025-06-12 19:31:00,36.8
2025-06-12 18:59:00,49.82536769031651
2025-06-12 16:31:00,49.82536769031651
2025-06-12 16:32:00,30.5
2025-06-12 08:18:00,89.1
2025-06-12 11:19:00,47.8
2025-06-12 23:28:00,76.6
2025-06-12 05:57:00,1.5
2025-06-12 20:08:00,49.82536769031651
2025-06-12 21:55:00,4.0
2025-06-12 00:01:00,35.4
2025-06-12 00:24:00,65.9
2025-06-12 13:49:00,49.82536769031651
2025-06-12 08:44:00,16.5
2025-06-12 20:44:00,49.82536769031651
2025-06-12 10:23:00,77.0
2025-06-12 09:16:00,67.1
2025-06-12 00:18:00,51.9
2025-06-12 15:16:00,22.9
2025-06-12 18:57:00,13.4
2025-06-12 22:55:00,38.1
2025-06-12 09:13:00,97.3
2025-06-12 07:41:00,92.9
2025-06-12 01:35:00,61.6
2025-06-12 16:55:00,49.82536769031651
2025-06-12 16:04:00,42.2
2025-06-12 14:48:00,4.5
2025-06-12 08:40:00,65.0
2025-06-12 22:16:00,67.6
2025-06-12 01:49:00,49.82536769031651
2025-06-12 09:46:00,2.8
2025-06-12 06:44:00,96.8
2025-06-12 03:41:00,30.4
2025-06-12 22:41:00,76.6
2025-06-12 13:46:00,92.4
2025-06-12 03:43:00,21.6
2025-06-12 22:26:00,65.4
2025-06-12 23:26:00,6.8
2025-06-12 17:16:00,49.82536769031651
2025-06-12 12:42:00,15.6
2025-06-12 19:29:00,68.9
2025-06-12 06:55:00,49.82536769031651
2025-06-12 19:25:00,68.4
2025-06-12 02:36:00,0.8
2025-06-12 05:31:00,11.5
2025-06-12 02:34:00,70.7
2025-06-12 11:26:00,60.9
2025-06-12 19:13:00,49.82536769031651
2025-06-12 04:20:00,49.82536769031651
2025-06-12 18:48:00,8.7
2025-06-12 20:07:00,59.1
2025-06-12 06:26:00,44.5
2025-06-12 16:23:00,92.8
2025-06-12 17:43:00,49.82536769031651
2025-06-12 17:17:00,31.0
2025-06-12 19:10:00,49.82536769031651
2025-06-12 23:53:00,49.82536769031651
2025-06-12 07:43:00,90.3
2025-06-12 14:57:00,98.9
2025-06-12 07:34:00,75.8
2025-06-12 08:50:00,37.6
2025-06-12 08:05:00,23.6
2025-06-12 20:12:00,75.9
2025-06-12 20:09:00,49.82536769031651
2025-06-12 15:08:00,82.6
2025-06-12 16:12:00,32.9
2025-06-12 15:12:00,37.3
2025-06-12 20:10:00,61.5
2025-06-12 19:35:00,27.4
2025-06-12 13:16:00,12.1
2025-06-12 04:00:00,40.7
2025-06-12 18:33:00,6.3
2025-06-12 06:19:00,89.3
2025-06-12 07:36:00,93.7
2025-06-12 11:48:00,49.82536769031651
2025-06-12 17:31:00,99.9
2025-06-12 22:49:00,49.82536769031651
2025-06-12 08:48:00,4.3
2025-06-12 03:57:00,75.0
2025-06-12 00:16:00,21.7
2025-06-12 09:04:00,49.82536769031651
2025-06-12 01:15:00,72.5
2025-06-12 08:27:00,96.1
2025-06-12 06:40:00,73.1
2025-06-12 14:19:00,20.4
2025-06-12 05:51:00,82.0
2025-06-12 03:21:00,44.2
2025-06-12 20:20:00,48.7
2025-06-12 06:12:00,55.4
2025-06-12 06:51:00,82.6
2025-06-12 18:38:00,18.6
2025-06-12 14:15:00,49.82536769031651
2025-06-12 21:38:00,23.6
2025-06-12 16:18:00,56.3
2025-06-12 13:41:00,95.7
2025-06-12 07:21:00,7.2
2025-06-12 22:09:00,79.5
2025-06-12 11:23:00,74.0
2025-06-12 08:33:00,52.3
2025-06-12 19:38:00,54.5
2025-06-12 02:54:00,4.0
2025-06-12 19:21:00,74.5
2025-06-12 02:08:00,46.5
2025-06-12 10:35:00,14.2
2025-06-12 12:00:00,96.4
2025-06-12 03:18:00,29.5
2025-06-12 04:38:00,40.9
2025-06-12 15:51:00,93.3
2025-06-12 00:09:00,96.1
2025-06-12 17:32:00,65.6
2025-06-12 18:46:00,74.3
2025-06-12 00:03:00,35.7
2025-06-12 16:33:00,49.0
2025-06-12 05:14:00,77.2
2025-06-12 14:23:00,84.2
2025-06-12 11:49:00,73.3
2025-06-12 11:45:00,3.5
2025-06-12 17:05:00,89.3
2025-06-12 01:26:00,50.9
2025-06-12 16:28:00,7.7
2025-06-12 13:47:00,45.7
2025-06-12 12:35:00,19.2
2025-06-12 08:41:00,19.6
2025-06-12 22:32:00,49.82536769031651
2025-06-12 15:59:00,49.82536769031651
2025-06-12 11:07:00,5.8
2025-06-12 07:55:00,39.3
2025-06-12 17:56:00,37.7
2025-06-12 00:55:00,75.8
2025-06-12 10:29:00,71.9
2025-06-12 12:44:00,49.3
2025-06-12 22:06:00,95.4
2025-06-12 12:08:00,27.3
2025-06-12 03:38:00,58.4
2025-06-12 18:08:00,24.0
2025-06-12 11:28:00,18.4
2025-06-12 17:20:00,61.3
2025-06-12 09:28:00,49.82536769031651
2025-06-12 11:58:00,76.0
2025-06-12 15:54:00,45.4
2025-06-12 03:19:00,49.82536769031651
2025-06-12 11:22:00,85.0
2025-06-12 09:25:00,32.5
2025-06-12 08:54:00,62.0
2025-06-12 03:26:00,59.5
2025-06-12 10:25:00,76.4
2025-06-12 08:28:00,93.9
2025-06-12 14:43:00,32.4
2025-06-12 01:19:00,48.7
2025-06-12 19:47:00,34.2
2025-06-12 17:06:00,82.8
2025-06-12 04:02:00,49.82536769031651
2025-06-12 07:56:00,6.3
2025-06-12 11:54:00,32.6
2025-06-12 22:19:00,26.7
2025-06-12 08:36:00,27.2
2025-06-12 12:47:00,38.2
2025-06-12 13:22:00,81.9
2025-06-12 21:17:00,93.8
2025-06-12 16:08:00,92.7
2025-06-12 12:45:00,97.3
2025-06-12 10:45:00,75.8
2025-06-12 10:07:00,75.5
2025-06-12 14:31:00,25.0
2025-06-12 14:32:00,73.7
2025-06-12 07:15:00,90.3
2025-06-12 20:41:00,84.1
2025-06-12 05:55:00,36.1
2025-06-12 05:58:00,6.3
2025-06-12 10:14:00,98.1
2025-06-12 17:21:00,34.3
2025-06-12 12:24:00,8.0
2025-06-12 06:15:00,86.5
2025-06-12 17:23:00,67.8
2025-06-12 23:31:00,20.8
2025-06-12 02:30:00,25.9
2025-06-12 04:35:00,71.6
2025-06-12 04:51:00,59.9
2025-06-12 18:21:00,67.1
2025-06-12 11:01:00,77.0
2025-06-12 14:12:00,59.5
2025-06-12 23:34:00,49.82536769031651
2025-06-12 00:13:00,49.82536769031651
2025-06-12 23:38:00,94.0
2025-06-12 10:42:00,43.1
2025-06-12 23:50:00,50.7
2025-06-12 04:21:00,17.5
2025-06-12 18:41:00,98.2
2025-06-12 16:45:00,45.5
2025-06-12 03:10:00,49.82536769031651
2025-06-12 12:05:00,17.2
2025-06-12 00:46:00,35.4
2025-06-12 09:24:00,7.7
2025-06-12 23:29:00,50.10362276498773
2025-06-12 18:34:00,72.7
2025-06-12 06:39:00,60.8
2025-06-12 05:37:00,88.7
2025-06-12 13:07:00,69.3
2025-06-12 21:45:00,70.4
2025-06-12 13:32:00,81.6
2025-06-12 02:58:00,89.3
2025-06-12 01:44:00,96.6
2025-06-12 20:50:00,50.10362276498773
2025-06-12 02:30:00,7.1
2025-06-12 13:05:00,22.4
2025-06-12 14:45:00,72.6
2025-06-12 21:46:00,14.7
2025-06-12 22:33:00,81.2
2025-06-12 11:31:00,50.6
2025-06-12 00:15:00,55.6
2025-06-12 11:48:00,92.2
2025-06-12 17:35:00,50.10362276498773
2025-06-12 09:33:00,50.10362276498773
2025-06-12 07:12:00,43.1
2025-06-12 07:58:00,87.0
2025-06-12 14:51:00,82.8
2025-06-12 05:52:00,58.9
2025-06-12 06:32:00,77.1
2025-06-12 00:59:00,72.5
2025-06-12 18:17:00,4.9
2025-06-12 21:20:00,99.4
2025-06-12 19:43:00,15.8
2025-06-12 03:20:00,81.0
2025-06-12 20:35:00,23.1
2025-06-12 17:17:00,31.7
2025-06-12 09:29:00,13.8
2025-06-12 17:16:00,10.4
2025-06-12 21:47:00,50.10362276498773
2025-06-12 08:45:00,50.10362276498773
2025-06-12 10:04:00,15.0
2025-06-12 16:18:00,85.8
2025-06-12 09:45:00,92.4
2025-06-12 04:07:00,46.1
2025-06-12 07:29:00,54.2
2025-06-12 12:45:00,51.7
2025-06-12 08:10:00,50.10362276498773
2025-06-12 17:02:00,78.3
2025-06-12 12:46:00,84.4
2025-06-12 18:56:00,58.6
2025-06-12 22:31:00,27.1
2025-06-12 10:48:00,6.5
2025-06-12 05:35:00,26.1
2025-06-12 14:02:00,94.6
2025-06-12 12:35:00,50.10362276498773
2025-06-12 01:24:00,29.1
2025-06-12 04:52:00,50.10362276498773
2025-06-12 19:16:00,48.9
2025-06-12 04:48:00,9.0
2025-06-12 15:56:00,93.7
2025-06-12 04:35:00,50.10362276498773
2025-06-12 11:55:00,0.7
2025-06-12 20:06:00,44.2
2025-06-12 04:01:00,50.10362276498773
2025-06-12 05:58:00,77.2
2025-06-12 22:05:00,4.3
2025-06-12 11:04:00,50.10362276498773
2025-06-12 08:17:00,4.4
2025-06-12 14:37:00,50.10362276498773
2025-06-12 11:02:00,69.9
2025-06-12 08:09:00,23.9
2025-06-12 06:48:00,50.10362276498773
2025-06-12 05:13:00,68.0
2025-06-12 07:01:00,42.7
2025-06-12 08:23:00,50.10362276498773
2025-06-12 13:42:00,43.7
2025-06-12 23:23:00,6.4
2025-06-12 19:03:00,50.10362276498773
2025-06-12 18:30:00,51.9
2025-06-12 06:02:00,24.1
2025-06-12 02:42:00,43.7
2025-06-12 06:45:00,39.1
2025-06-12 18:10:00,9.7
2025-06-12 01:13:00,81.7
2025-06-12 02:15:00,51.8
2025-06-12 14:46:00,94.2
2025-06-12 09:58:00,33.6
2025-06-12 09:00:00,51.4
2025-06-12 20:18:00,4.3
2025-06-12 17:34:00,21.0
2025-06-12 14:12:00,57.5
2025-06-12 14:11:00,29.9
2025-06-12 07:40:00,51.1
2025-06-12 05:45:00,46.6
2025-06-12 12:06:00,37.1
2025-06-12 00:29:00,65.1
2025-06-12 09:27:00,85.9
2025-06-12 22:09:00,97.2
2025-06-12 14:07:00,50.10362276498773
2025-06-12 23:04:00,1.6
2025-06-12 08:43:00,77.9
2025-06-12 04:26:00,25.2
2025-06-12 19:08:00,50.10362276498773
2025-06-12 11:25:00,9.2
2025-06-12 12:22:00,36.8
2025-06-12 19:02:00,10.2
2025-06-12 10:22:00,5.4
2025-06-12 14:44:00,3.7
2025-06-12 00:33:00,70.2
2025-06-12 15:06:00,30.9
2025-06-12 06:15:00,32.8
2025-06-12 08:27:00,74.4
2025-06-12 07:24:00,85.0
2025-06-12 14:13:00,50.10362276498773
2025-06-12 21:58:00,66.2
2025-06-12 03:28:00,70.8
2025-06-12 21:35:00,71.4
2025-06-12 12:16:00,2.3
2025-06-12 18:52:00,10.8
2025-06-12 20:19:00,89.3
2025-06-12 14:58:00,88.5
2025-06-12 06:29:00,35.4
2025-06-12 01:53:00,95.9
2025-06-12 21:41:00,32.5
2025-06-12 02:41:00,50.10362276498773
2025-06-12 02:54:00,26.2
2025-06-12 23:34:00,52.6
2025-06-12 16:16:00,88.6
2025-06-12 05:34:00,2.4
2025-06-12 21:57:00,81.2
2025-06-12 03:42:00,50.10362276498773
2025-06-12 11:44:00,42.0
2025-06-12 21:26:00,17.0
2025-06-12 07:14:00,50.10362276498773
2025-06-12 16:35:00,50.10362276498773
2025-06-12 15:35:00,57.9
2025-06-12 22:01:00,13.9
2025-06-12 09:59:00,4.5
2025-06-12 11:01:00,75.7
2025-06-12 02:59:00,88.9
2025-06-12 09:22:00,50.10362276498773
2025-06-12 07:23:00,50.10362276498773
2025-06-12 15:45:00,96.7
2025-06-12 10:20:00,83.3
2025-06-12 05:50:00,7.5
2025-06-12 16:11:00,98.8
2025-06-12 01:52:00,72.8
2025-06-12 07:56:00,38.9
2025-06-12 15:24:00,49.1
2025-06-12 07:54:00,50.10362276498773
2025-06-12 21:30:00,50.10362276498773
2025-06-12 07:37:00,36.7
2025-06-12 10:53:00,45.9
2025-06-12 15:23:00,16.7
2025-06-12 14:34:00,56.6
2025-06-12 09:31:00,38.1
2025-06-12 04:02:00,50.3
2025-06-12 00:31:00,50.10362276498773
2025-06-12 22:39:00,17.2
2025-06-12 00:52:00,57.3
2025-06-12 11:57:00,6.8
2025-06-12 19:20:00,74.3
2025-06-12 10:52:00,50.10362276498773
2025-06-12 18:16:00,50.10362276498773
2025-06-12 19:07:00,50.10362276498773
2025-06-12 23:53:00,34.9
2025-06-12 03:38:00,31.2
2025-06-12 17:40:00,81.7
2025-06-12 17:54:00,43.4
2025-06-12 22:30:00,5.3
2025-06-12 19:28:00,62.3
2025-06-12 08:05:00,96.1
2025-06-12 11:29:00,16.4
2025-06-12 10:44:00,78.0
2025-06-12 04:13:00,50.10362276498773
2025-06-12 19:52:00,16.5
2025-06-12 17:46:00,49.0
2025-06-12 19:21:00,9.9
2025-06-12 20:15:00,49.7
2025-06-12 19:05:00,43.9
2025-06-12 19:15:00,51.9
2025-06-12 06:51:00,50.10362276498773
2025-06-12 04:38:00,50.10362276498773
2025-06-12 02:26:00,2.9
2025-06-12 01:35:00,44.6
2025-06-12 03:09:00,3.1
2025-06-12 17:25:00,49.2
2025-06-12 22:10:00,15.9
2025-06-12 17:36:00,81.8
2025-06-12 07:06:00,83.3
2025-06-12 00:27:00,32.3
2025-06-12 14:30:00,63.1
2025-06-12 08:26:00,63.0
2025-06-12 09:17:00,50.10362276498773
2025-06-12 05:51:00,50.10362276498773
2025-06-12 20:21:00,50.10362276498773
2025-06-12 08:58:00,19.8
2025-06-12 20:58:00,50.10362276498773
2025-06-12 06:04:00,50.10362276498773
2025-06-12 18:51:00,50.10362276498773
2025-06-12 10:56:00,50.10362276498773
2025-06-12 11:07:00,50.10362276498773
2025-06-12 22:52:00,50.10362276498773
2025-06-12 12:59:00,62.4
2025-06-12 16:14:00,48.6
2025-06-12 20:39:00,11.8
2025-06-12 03:18:00,75.3
2025-06-12 22:35:00,50.10362276498773
2025-06-12 17:37:00,53.0
2025-06-12 20:44:00,59.7
2025-06-12 03:17:00,6.9
2025-06-12 08:00:00,20.0
2025-06-12 21:03:00,38.8
2025-06-12 00:48:00,87.4
2025-06-12 07:42:00,78.8
2025-06-12 12:27:00,84.5
2025-06-12 15:14:00,50.10362276498773
2025-06-12 06:49:00,43.3
2025-06-12 13:10:00,50.10362276498773
2025-06-12 14:39:00,45.7
2025-06-12 05:26:00,29.9
2025-06-12 02:52:00,78.2
2025-06-12 21:29:00,88.3
2025-06-12 07:33:00,50.10362276498773
2025-06-12 04:03:00,50.10362276498773
2025-06-12 19:18:00,6.1
2025-06-12 02:02:00,58.4
2025-06-12 03:57:00,43.4
2025-06-12 10:35:00,47.9
2025-06-12 18:26:00,25.0
2025-06-12 01:18:00,54.9
2025-06-12 19:58:00,98.2
2025-06-12 07:52:00,37.4
2025-06-12 08:56:00,26.6
2025-06-12 11:06:00,37.0
2025-06-12 07:31:00,50.0
2025-06-12 07:05:00,6.7
2025-06-12 20:07:00,45.7
2025-06-12 20:27:00,75.5
2025-06-12 08:02:00,31.2
2025-06-12 00:06:00,54.2
2025-06-12 15:34:00,50.10362276498773
2025-06-12 05:02:00,0.2
2025-06-12 12:43:00,69.6
2025-06-12 00:17:00,53.9
2025-06-12 23:54:00,37.5
2025-06-12 16:47:00,38.4
2025-06-12 16:43:00,5.8
2025-06-12 19:37:00,97.6
2025-06-12 22:47:00,17.8
2025-06-12 15:37:00,79.4
2025-06-12 06:07:00,98.4
2025-06-12 12:19:00,21.8
2025-06-12 16:51:00,43.8
2025-06-12 01:40:00,50.10362276498773
2025-06-12 01:33:00,83.7
2025-06-12 02:44:00,50.10362276498773
2025-06-12 03:44:00,13.6
2025-06-12 13:43:00,71.0
2025-06-12 10:41:00,40.3
2025-06-12 06:08:00,22.3
2025-06-12 02:32:00,71.0
2025-06-12 00:20:00,76.6
2025-06-12 19:54:00,50.10362276498773
2025-06-12 18:40:00,50.10362276498773
2025-06-12 04:40:00,56.4
2025-06-12 20:42:00,59.9
2025-06-12 05:07:00,37.6
2025-06-12 12:57:00,50.10362276498773
2025-06-12 04:51:00,50.10362276498773
2025-06-12 17:58:00,3.7
2025-06-12 07:45:00,44.0
2025-06-12 02:23:00,58.1
2025-06-12 20:33:00,92.4
2025-06-12 00:00:00,61.6
2025-06-12 08:28:00,73.2
2025-06-12 00:35:00,44.3
2025-06-12 13:15:00,10.9
2025-06-12 08:42:00,63.0
2025-06-12 06:30:00,24.1
2025-06-12 16:20:00,83.4
2025-06-12 12:08:00,32.7
2025-06-12 08:11:00,35.3
2025-06-12 07:00:00,72.6
2025-06-12 01:54:00,23.2
2025-06-12 09:28:00,50.10362276498773
2025-06-12 15:11:00,42.3
2025-06-12 08:18:00,72.3
2025-06-12 14:25:00,27.3
2025-06-12 23:57:00,44.0
2025-06-12 20:40:00,97.4
2025-06-12 22:51:00,50.10362276498773
2025-06-12 13:31:00,6.6
2025-06-12 20:22:00,69.3
2025-06-12 18:08:00,84.7
2025-06-12 10:15:00,51.1
2025-06-12 19:34:00,86.0
2025-06-12 16:26:00,51.4
2025-06-12 15:02:00,27.2
2025-06-12 21:49:00,63.0
2025-06-12 17:53:00,73.1
2025-06-12 11:32:00,35.1
2025-06-12 18:24:00,99.2
2025-06-12 11:18:00,62.2
2025-06-12 23:22:00,20.1
2025-06-12 13:11:00,56.7
2025-06-12 19:06:00,34.8
2025-06-12 05:47:00,79.3
2025-06-12 12:03:00,50.10362276498773
2025-06-12 07:57:00,77.8
2025-06-12 15:21:00,60.9
2025-06-12 15:44:00,98.8
2025-06-12 12:18:00,97.0
2025-06-12 19:51:00,13.3
2025-06-12 17:10:00,13.0
2025-06-12 20:13:00,50.10362276498773
2025-06-12 18:29:00,5.9
2025-06-12 05:04:00,43.8
2025-06-12 21:53:00,82.1
2025-06-12 18:14:00,34.6
2025-06-12 13:08:00,78.8
2025-06-12 13:30:00,2.1
2025-06-12 04:11:00,56.6
2025-06-12 06:38:00,93.4
2025-06-12 23:20:00,83.0
2025-06-12 06:22:00,53.3
2025-06-12 03:33:00,40.5
2025-06-12 02:31:00,50.12327810650887
2025-06-12 22:41:00,63.5
2025-06-12 09:16:00,74.3
2025-06-12 02:38:00,4.2
2025-06-12 08:38:00,17.2
2025-06-12 07:23:00,88.7
2025-06-12 10:31:00,75.1
2025-06-12 10:12:00,50.12327810650887
2025-06-12 12:55:00,83.4
2025-06-12 21:52:00,22.0
2025-06-12 03:22:00,50.12327810650887
2025-06-12 17:11:00,50.12327810650887
2025-06-12 19:56:00,50.3
2025-06-12 17:52:00,16.1
2025-06-12 23:05:00,40.7
2025-06-12 18:55:00,15.5
2025-06-12 00:30:00,2.1
2025-06-12 05:47:00,8.5
2025-06-12 08:37:00,13.1
2025-06-12 16:31:00,72.8
2025-06-12 21:59:00,49.3
2025-06-12 13:27:00,50.12327810650887
2025-06-12 03:30:00,14.2
2025-06-12 17:02:00,88.0
2025-06-12 17:47:00,50.12327810650887
2025-06-12 05:17:00,34.3
2025-06-12 05:28:00,69.6
2025-06-12 03:47:00,9.1
2025-06-12 02:18:00,32.8
2025-06-12 14:43:00,50.12327810650887
2025-06-12 23:00:00,17.0
2025-06-12 09:10:00,92.7
2025-06-12 03:32:00,12.8
2025-06-12 07:55:00,52.9
2025-06-12 12:20:00,1.7
2025-06-12 20:37:00,39.1
2025-06-12 05:24:00,27.9
2025-06-12 03:53:00,50.12327810650887
2025-06-12 20:08:00,10.6
2025-06-12 12:31:00,71.9
2025-06-12 18:57:00,9.3
2025-06-12 21:50:00,34.5
2025-06-12 08:14:00,14.6
2025-06-12 08:05:00,67.4
2025-06-12 04:52:00,50.12327810650887
2025-06-12 04:41:00,45.5
2025-06-12 17:08:00,21.4
2025-06-12 11:31:00,90.3
2025-06-12 02:24:00,50.12327810650887
2025-06-12 01:38:00,69.7
2025-06-12 01:12:00,71.4
2025-06-12 18:18:00,5.3
2025-06-12 16:32:00,66.4
2025-06-12 12:39:00,64.2
2025-06-12 23:52:00,37.7
2025-06-12 13:32:00,2.9
2025-06-12 08:57:00,9.2
2025-06-12 23:25:00,56.7
2025-06-12 11:47:00,50.12327810650887
2025-06-12 04:39:00,67.4
2025-06-12 02:43:00,35.2
2025-06-12 17:29:00,36.9
2025-06-12 21:14:00,91.1
2025-06-12 17:32:00,55.3
2025-06-12 23:46:00,16.7
2025-06-12 21:58:00,2.3
2025-06-12 15:18:00,41.1
2025-06-12 08:00:00,48.2
2025-06-12 22:42:00,8.3
2025-06-12 05:22:00,97.5
2025-06-12 14:08:00,50.8
2025-06-12 01:41:00,51.7
2025-06-12 01:48:00,3.5
2025-06-12 06:41:00,50.12327810650887
2025-06-12 15:47:00,77.0
2025-06-12 16:57:00,98.4
2025-06-12 13:25:00,86.3
2025-06-12 10:55:00,84.2
2025-06-12 14:53:00,61.8
2025-06-12 16:26:00,76.6
2025-06-12 06:08:00,38.0
2025-06-12 17:21:00,91.4
2025-06-12 19:24:00,82.5
2025-06-12 02:46:00,24.1
2025-06-12 06:13:00,83.9
2025-06-12 18:14:00,1.6
2025-06-12 04:43:00,35.8
2025-06-12 00:13:00,0.1
2025-06-12 11:36:00,93.5
2025-06-12 11:10:00,52.8
2025-06-12 15:30:00,92.0
2025-06-12 18:21:00,55.2
2025-06-12 05:13:00,54.7
2025-06-12 09:52:00,7.2
2025-06-12 18:34:00,99.1
2025-06-12 10:22:00,89.0
2025-06-12 15:36:00,1.4
2025-06-12 11:55:00,52.8
2025-06-12 11:50:00,64.0
2025-06-12 08:07:00,89.1
2025-06-12 03:35:00,70.7
2025-06-12 04:37:00,90.6
2025-06-12 14:13:00,89.7
2025-06-12 16:14:00,65.4
2025-06-12 03:59:00,50.12327810650887
2025-06-12 09:47:00,10.7
2025-06-12 19:15:00,34.9
2025-06-12 14:25:00,3.0
2025-06-12 02:11:00,49.2
2025-06-12 14:26:00,81.6
2025-06-12 02:37:00,58.5
2025-06-12 10:53:00,16.8
2025-06-12 06:10:00,50.12327810650887
2025-06-12 02:28:00,32.4
2025-06-12 02:29:00,30.1
2025-06-12 08:56:00,0.4
2025-06-12 14:45:00,88.5
2025-06-12 20:03:00,39.6
2025-06-12 10:42:00,93.4
2025-06-12 21:30:00,98.5
2025-06-12 13:45:00,53.9
2025-06-12 21:33:00,69.1
2025-06-12 01:07:00,66.8
2025-06-12 09:34:00,95.9
2025-06-12 22:08:00,7.5
2025-06-12 07:29:00,71.8
2025-06-12 03:41:00,90.0
2025-06-12 11:44:00,11.8
2025-06-12 01:31:00,50.12327810650887
2025-06-12 15:58:00,85.5
2025-06-12 14:38:00,59.9
2025-06-12 16:13:00,24.6
2025-06-12 10:18:00,50.12327810650887
2025-06-12 00:25:00,68.6
2025-06-12 15:52:00,68.0
2025-06-12 04:00:00,38.4
2025-06-12 04:16:00,69.8
2025-06-12 10:46:00,81.6
2025-06-12 15:09:00,50.12327810650887
2025-06-12 14:15:00,13.1
2025-06-12 08:52:00,34.6
2025-06-12 07:46:00,50.12327810650887
2025-06-12 05:38:00,72.8
2025-06-12 00:37:00,76.0
2025-06-12 17:39:00,85.7
2025-06-12 14:24:00,50.12327810650887
2025-06-12 10:23:00,95.0
2025-06-12 01:28:00,0.3
2025-06-12 00:12:00,88.3
2025-06-12 09:31:00,3.6
2025-06-12 06:30:00,16.9
2025-06-12 23:58:00,4.5
2025-06-12 05:33:00,25.9
2025-06-12 15:25:00,77.5
2025-06-12 00:51:00,1.5
2025-06-12 12:56:00,76.2
2025-06-12 17:48:00,70.0
2025-06-12 12:48:00,50.12327810650887
2025-06-12 21:42:00,75.2
2025-06-12 16:04:00,9.8
2025-06-12 14:20:00,35.0
2025-06-12 13:06:00,21.8
2025-06-12 22:49:00,71.8
2025-06-12 03:28:00,50.3
2025-06-12 05:42:00,50.12327810650887
2025-06-12 23:53:00,48.4
2025-06-12 01:20:00,84.7
2025-06-12 10:16:00,67.4
2025-06-12 04:38:00,71.8
2025-06-12 17:14:00,42.8
2025-06-12 03:46:00,49.3
2025-06-12 13:38:00,36.0
2025-06-12 02:02:00,31.8
2025-06-12 21:15:00,90.3
2025-06-12 14:01:00,98.3
2025-06-12 05:50:00,96.7
2025-06-12 10:49:00,60.1
2025-06-12 22:12:00,30.8
2025-06-12 09:08:00,22.8
2025-06-12 10:01:00,48.0
2025-06-12 23:49:00,29.7
2025-06-12 11:18:00,92.8
2025-06-12 04:23:00,20.4
2025-06-12 22:45:00,50.12327810650887
2025-06-12 00:31:00,28.8
2025-06-12 21:44:00,30.6
2025-06-12 21:57:00,0.5
2025-06-12 00:35:00,43.2
2025-06-12 12:13:00,74.4
2025-06-12 21:37:00,88.7
2025-06-12 22:26:00,3.7
2025-06-12 22:22:00,48.1
2025-06-12 06:04:00,53.1
2025-06-12 21:51:00,43.5
2025-06-12 03:18:00,9.2
2025-06-12 20:24:00,50.12327810650887
2025-06-12 15:34:00,57.7
2025-06-12 20:00:00,69.9
2025-06-12 11:45:00,98.1
2025-06-12 10:30:00,73.2
2025-06-12 03:09:00,88.9
2025-06-12 01:17:00,50.12327810650887
2025-06-12 18:46:00,37.2
2025-06-12 01:08:00,33.1
2025-06-12 01:56:00,2.8
2025-06-12 19:17:00,28.3
2025-06-12 10:20:00,95.1
2025-06-12 05:20:00,30.2
2025-06-12 14:17:00,50.12327810650887
2025-06-12 14:52:00,50.12327810650887
2025-06-12 07:22:00,89.9
2025-06-12 22:39:00,39.7
2025-06-12 02:49:00,98.4
2025-06-12 10:25:00,8.1
2025-06-12 11:17:00,5.3
2025-06-12 10:54:00,63.8
2025-06-12 22:17:00,91.1
2025-06-12 07:01:00,80.8
2025-06-12 15:27:00,8.4
2025-06-12 22:43:00,11.0
2025-06-12 00:36:00,67.5
2025-06-12 14:42:00,68.6
2025-06-12 04:29:00,32.2
2025-06-12 23:03:00,91.8
2025-06-12 01:50:00,95.2
2025-06-12 09:50:00,54.0
2025-06-12 06:56:00,66.5
2025-06-12 02:54:00,50.12327810650887
2025-06-12 16:30:00,36.8
2025-06-12 01:52:00,77.6
2025-06-12 17:55:00,70.9
2025-06-12 12:16:00,93.5
2025-06-12 22:01:00,77.7
2025-06-12 09:35:00,35.1
2025-06-12 19:12:00,57.1
2025-06-12 10:56:00,11.4
2025-06-12 02:44:00,41.8
2025-06-12 23:34:00,59.9
2025-06-12 23:14:00,34.5
2025-06-12 10:03:00,53.4
2025-06-12 03:51:00,50.12327810650887
2025-06-12 13:35:00,16.3
2025-06-12 21:05:00,68.2
2025-06-12 20:30:00,29.3
2025-06-12 18:19:00,94.7
2025-06-12 23:08:00,80.9
2025-06-12 09:00:00,68.0
2025-06-12 17:54:00,72.2
2025-06-12 13:33:00,10.1
2025-06-12 09:23:00,39.1
2025-06-12 03:03:00,6.6
2025-06-12 09:59:00,10.9
2025-06-12 11:56:00,86.8
2025-06-12 10:51:00,4.0
2025-06-12 07:30:00,45.5
2025-06-12 16:41:00,50.12327810650887
2025-06-12 23:35:00,50.12327810650887
2025-06-12 12:36:00,46.1
2025-06-12 09:46:00,95.1
2025-06-12 00:01:00,63.7
2025-06-12 07:18:00,54.9
2025-06-12 15:28:00,0.3
2025-06-12 21:55:00,91.9
2025-06-12 17:06:00,50.12327810650887
2025-06-12 20:34:00,50.12327810650887
2025-06-12 09:53:00,29.9
2025-06-12 10:00:00,90.4
2025-06-12 07:00:00,77.9
2025-06-12 22:51:00,66.0
2025-06-12 22:16:00,75.6
2025-06-12 23:33:00,20.5
2025-06-12 21:16:00,10.2
2025-06-12 15:39:00,50.12327810650887
2025-06-12 22:25:00,0.3
2025-06-12 20:17:00,66.1
2025-06-12 09:12:00,18.0
2025-06-12 15:40:00,77.4
2025-06-12 19:34:00,77.9
2025-06-12 14:48:00,49.63956792297757
2025-06-12 02:38:00,14.1
2025-06-12 14:09:00,66.0
2025-06-12 18:30:00,71.3
2025-06-12 23:29:00,32.2
2025-06-12 00:30:00,34.7
2025-06-12 05:00:00,12.8
2025-06-12 22:37:00,97.1
2025-06-12 02:54:00,20.1
2025-06-12 14:39:00,45.8
2025-06-12 22:48:00,73.1
2025-06-12 14:55:00,89.2
2025-06-12 08:28:00,81.3
2025-06-12 23:11:00,90.3
2025-06-12 07:51:00,10.3
2025-06-12 23:50:00,61.3
2025-06-12 18:19:00,22.0
2025-06-12 22:33:00,41.9
2025-06-12 02:45:00,31.2
2025-06-12 17:50:00,24.2
2025-06-12 10:55:00,9.0
2025-06-12 20:55:00,49.63956792297757
2025-06-12 08:13:00,98.4
2025-06-12 04:33:00,97.1
2025-06-12 05:29:00,2.7
2025-06-12 14:42:00,17.3
2025-06-12 18:43:00,10.2
2025-06-12 13:52:00,66.7
2025-06-12 04:35:00,12.4
2025-06-12 21:28:00,49.0
2025-06-12 03:08:00,95.1
2025-06-12 20:35:00,16.4
2025-06-12 07:42:00,19.5
2025-06-12 21:52:00,29.6
2025-06-12 15:26:00,89.1
2025-06-12 03:33:00,83.5
2025-06-12 20:56:00,13.0
2025-06-12 23:45:00,43.3
2025-06-12 05:41:00,50.5
2025-06-12 16:48:00,8.7
2025-06-12 07:16:00,5.6
2025-06-12 16:55:00,45.8
2025-06-12 17:52:00,46.8
2025-06-12 10:57:00,49.63956792297757
2025-06-12 10:38:00,76.6
2025-06-12 17:34:00,63.9
2025-06-12 05:05:00,41.3
2025-06-12 01:42:00,73.8
2025-06-12 00:27:00,84.8
2025-06-12 08:16:00,58.9
2025-06-12 09:11:00,2.1
2025-06-12 02:39:00,19.8
2025-06-12 13:27:00,49.63956792297757
2025-06-12 02:56:00,37.0
2025-06-12 16:14:00,0.7
2025-06-12 00:45:00,20.9
2025-06-12 17:19:00,88.9
2025-06-12 15:19:00,52.3
2025-06-12 05:39:00,55.9
2025-06-12 08:33:00,3.0
2025-06-12 09:00:00,3.1
2025-06-12 19:38:00,16.8
2025-06-12 05:30:00,83.9
2025-06-12 03:43:00,80.3
2025-06-12 07:41:00,47.5
2025-06-12 15:13:00,42.4
2025-06-12 07:25:00,97.6
2025-06-12 00:25:00,12.8
2025-06-12 03:47:00,62.8
2025-06-12 14:51:00,4.5
2025-06-12 13:53:00,27.1
2025-06-12 14:27:00,49.9
2025-06-12 04:58:00,40.2
2025-06-12 20:31:00,47.1
2025-06-12 22:55:00,77.6
2025-06-12 00:21:00,46.6
2025-06-12 13:29:00,80.4
2025-06-12 05:46:00,49.63956792297757
2025-06-12 00:26:00,49.63956792297757
2025-06-12 11:02:00,9.6
2025-06-12 07:15:00,77.0
2025-06-12 21:00:00,70.2
2025-06-12 08:56:00,13.0
2025-06-12 22:24:00,14.3
2025-06-12 13:43:00,82.0
2025-06-12 17:20:00,38.0
2025-06-12 06:12:00,54.0
2025-06-12 23:09:00,34.0
2025-06-12 17:09:00,50.1
2025-06-12 22:42:00,49.63956792297757
2025-06-12 10:31:00,76.7
2025-06-12 13:37:00,24.9
2025-06-12 21:24:00,40.6
2025-06-12 02:13:00,44.3
2025-06-12 18:20:00,3.8
2025-06-12 23:15:00,27.6
2025-06-12 01:46:00,22.8
2025-06-12 13:01:00,49.63956792297757
2025-06-12 12:10:00,72.4
2025-06-12 12:43:00,97.4
2025-06-12 14:23:00,24.5
2025-06-12 03:22:00,93.3
2025-06-12 14:56:00,58.0
2025-06-12 16:15:00,98.0
2025-06-12 13:45:00,38.7
2025-06-12 10:54:00,28.1
2025-06-12 01:52:00,98.0
2025-06-12 14:11:00,99.7
2025-06-12 03:21:00,37.0
2025-06-12 15:21:00,75.2
2025-06-12 09:29:00,38.8
2025-06-12 06:29:00,94.6
2025-06-12 00:04:00,23.1
2025-06-12 21:31:00,18.9
2025-06-12 19:52:00,9.6
2025-06-12 15:08:00,56.0
2025-06-12 02:43:00,8.3
2025-06-12 11:35:00,22.0
2025-06-12 22:05:00,26.0
2025-06-12 13:09:00,49.63956792297757
2025-06-12 04:06:00,62.5
2025-06-12 11:31:00,49.63956792297757
2025-06-12 09:02:00,95.4
2025-06-12 16:53:00,49.63956792297757
2025-06-12 00:43:00,49.63956792297757
2025-06-12 01:50:00,49.63956792297757
2025-06-12 05:54:00,22.2
2025-06-12 16:42:00,80.2
2025-06-12 16:33:00,22.3
2025-06-12 17:23:00,19.5
2025-06-12 10:44:00,62.0
2025-06-12 01:26:00,2.0
2025-06-12 02:27:00,69.1
2025-06-12 12:02:00,49.63956792297757
2025-06-12 18:59:00,43.5
2025-06-12 21:27:00,32.8
2025-06-12 13:38:00,19.9
2025-06-12 18:51:00,53.2
2025-06-12 05:51:00,19.3
2025-06-12 01:08:00,25.3
2025-06-12 21:02:00,97.9
2025-06-12 02:24:00,45.0
2025-06-12 11:26:00,0.5
2025-06-12 18:08:00,69.0
2025-06-12 17:15:00,49.63956792297757
2025-06-12 06:58:00,5.4
2025-06-12 10:22:00,68.0
2025-06-12 14:44:00,79.3
2025-06-12 20:36:00,43.4
2025-06-12 22:36:00,49.63956792297757
2025-06-12 12:38:00,21.2
2025-06-12 16:27:00,12.8
2025-06-12 07:36:00,55.5
2025-06-12 23:59:00,49.63956792297757
2025-06-12 11:39:00,28.2
2025-06-12 11:13:00,66.7
2025-06-12 06:16:00,81.5
2025-06-12 14:58:00,19.5
2025-06-12 20:51:00,71.3
2025-06-12 08:34:00,29.5
2025-06-12 05:50:00,21.0
2025-06-12 10:59:00,54.6
2025-06-12 18:05:00,13.7
2025-06-12 13:00:00,83.5
2025-06-12 19:45:00,61.4
2025-06-12 07:56:00,41.7
2025-06-12 04:45:00,19.3
2025-06-12 16:12:00,92.4
2025-06-12 23:01:00,49.63956792297757
2025-06-12 12:09:00,60.3
2025-06-12 10:24:00,96.8
2025-06-12 19:37:00,92.7
2025-06-12 19:00:00,93.5
2025-06-12 15:06:00,17.0
2025-06-12 11:47:00,82.3
2025-06-12 12:24:00,41.9
2025-06-12 10:04:00,0.0
2025-06-12 23:55:00,49.63956792297757
2025-06-12 05:18:00,57.3
2025-06-12 09:15:00,58.6
2025-06-12 04:04:00,5.5
2025-06-12 13:25:00,58.8
2025-06-12 01:03:00,49.63956792297757
2025-06-12 11:23:00,49.63956792297757
2025-06-12 06:53:00,91.7
2025-06-12 02:37:00,38.2
2025-06-12 05:55:00,85.2
2025-06-12 23:00:00,0.5
2025-06-12 00:33:00,86.6
2025-06-12 04:12:00,16.8
2025-06-12 15:00:00,7.9
2025-06-12 15:52:00,95.8
2025-06-12 09:24:00,97.0
2025-06-12 21:36:00,76.1
2025-06-12 03:52:00,24.6
2025-06-12 01:01:00,81.5
2025-06-12 15:45:00,79.9
2025-06-12 06:18:00,49.63956792297757
2025-06-12 13:51:00,80.3
2025-06-12 06:22:00,77.1
2025-06-12 21:39:00,49.63956792297757
2025-06-12 08:17:00,48.0
2025-06-12 07:02:00,1.2
2025-06-12 06:13:00,58.2
2025-06-12 16:30:00,4.6
2025-06-12 04:54:00,34.3
2025-06-12 04:48:00,38.2
2025-06-12 04:31:00,98.6
2025-06-12 15:12:00,49.63956792297757
2025-06-12 17:45:00,73.9
2025-06-12 08:14:00,15.6
2025-06-12 22:09:00,49.63956792297757
2025-06-12 15:36:00,97.2
2025-06-12 22:23:00,55.2
2025-06-12 09:37:00,28.7
2025-06-12 19:30:00,49.63956792297757
2025-06-12 18:07:00,91.4
2025-06-12 18:58:00,49.63956792297757
2025-06-12 04:00:00,4.7
2025-06-12 02:33:00,16.2
2025-06-12 10:32:00,70.1
2025-06-12 11:14:00,19.5
2025-06-12 23:28:00,87.8
2025-06-12 08:44:00,57.6
2025-06-12 03:56:00,1.6
2025-06-12 09:48:00,69.5
2025-06-12 20:28:00,54.6
2025-06-12 01:04:00,82.9
2025-06-12 20:16:00,30.8
2025-06-12 14:53:00,37.4
2025-06-12 16:07:00,78.6
2025-06-12 01:30:00,77.0
2025-06-12 06:41:00,30.7
2025-06-12 18:55:00,18.2
2025-06-12 18:41:00,8.1
2025-06-12 05:34:00,65.6
2025-06-12 11:11:00,49.63956792297757
2025-06-12 20:44:00,3.7
2025-06-12 01:51:00,49.63956792297757
2025-06-12 05:16:00,69.0
2025-06-12 13:26:00,3.1
2025-06-12 08:43:00,49.63956792297757
2025-06-12 21:05:00,49.63956792297757
2025-06-12 21:47:00,88.0
2025-06-12 19:23:00,5.6
2025-06-12 07:08:00,84.1
2025-06-12 00:12:00,63.7
2025-06-12 07:07:00,93.5
2025-06-12 09:01:00,15.4
2025-06-12 18:17:00,23.6
2025-06-12 03:42:00,56.3
2025-06-12 03:28:00,79.3
2025-06-12 01:59:00,59.0
2025-06-12 05:07:00,60.9
2025-06-12 15:51:00,15.4
2025-06-12 15:49:00,48.2
2025-06-12 13:59:00,31.4
2025-06-12 13:55:00,52.2
2025-06-12 18:33:00,56.8
2025-06-12 03:40:00,49.63956792297757
2025-06-12 12:14:00,3.0
2025-06-12 10:25:00,39.9
2025-06-12 00:23:00,19.8
2025-06-12 23:17:00,10.7
2025-06-12 09:19:00,73.4
2025-06-12 11:49:00,37.6
2025-06-12 12:59:00,49.63956792297757
2025-06-12 23:38:00,57.8
2025-06-12 21:08:00,28.9
2025-06-12 02:59:00,41.3
2025-06-12 03:45:00,64.6
2025-06-12 13:40:00,64.7
2025-06-12 14:37:00,49.8
2025-06-12 12:51:00,88.4
2025-06-12 05:06:00,50.29152382078261
2025-06-12 02:47:00,51.4
2025-06-12 01:20:00,72.9
2025-06-12 16:46:00,82.7
2025-06-12 01:35:00,64.0
2025-06-12 19:38:00,87.2
2025-06-12 15:48:00,20.2
2025-06-12 07:19:00,10.7
2025-06-12 04:11:00,48.2
2025-06-12 19:32:00,66.4
2025-06-12 02:06:00,39.6
2025-06-12 00:33:00,79.9
2025-06-12 02:02:00,55.0
2025-06-12 00:52:00,48.3
2025-06-12 18:01:00,94.8
2025-06-12 18:20:00,77.7
2025-06-12 18:21:00,85.6
2025-06-12 14:34:00,91.0
2025-06-12 11:50:00,5.7
2025-06-12 18:39:00,82.6
2025-06-12 16:56:00,40.7
2025-06-12 03:37:00,10.4
2025-06-12 02:51:00,50.29152382078261
2025-06-12 22:32:00,20.9
2025-06-12 14:19:00,89.8
2025-06-12 11:20:00,80.3
2025-06-12 21:11:00,87.0
2025-06-12 01:51:00,6.7
2025-06-12 20:13:00,8.0
2025-06-12 17:49:00,98.1
2025-06-12 05:40:00,39.4
2025-06-12 13:16:00,73.4
2025-06-12 02:35:00,29.0
2025-06-12 01:49:00,65.9
2025-06-12 14:17:00,50.29152382078261
2025-06-12 00:12:00,59.6
2025-06-12 22:13:00,30.1
2025-06-12 14:48:00,64.7
2025-06-12 18:16:00,34.5
2025-06-12 03:51:00,32.9
2025-06-12 22:52:00,43.6
2025-06-12 19:24:00,46.9
2025-06-12 13:45:00,50.29152382078261
2025-06-12 17:43:00,91.9
2025-06-12 19:12:00,50.29152382078261
2025-06-12 06:11:00,35.1
2025-06-12 15:39:00,67.6
2025-06-12 09:47:00,3.9
2025-06-12 00:19:00,26.0
2025-06-12 13:53:00,65.3
2025-06-12 12:37:00,2.9
2025-06-12 04:21:00,90.0
2025-06-12 15:41:00,99.9
2025-06-12 10:32:00,24.0
2025-06-12 16:07:00,42.3
2025-06-12 23:58:00,15.5
2025-06-12 09:35:00,71.6
2025-06-12 13:46:00,59.7
2025-06-12 21:16:00,64.3
2025-06-12 16:53:00,69.2
2025-06-12 09:55:00,37.8
2025-06-12 20:33:00,22.8
2025-06-12 07:11:00,91.6
2025-06-12 01:43:00,62.1
2025-06-12 10:33:00,96.3
2025-06-12 10:26:00,0.7
2025-06-12 17:12:00,98.9
2025-06-12 15:00:00,91.2
2025-06-12 15:11:00,79.6
2025-06-12 12:07:00,62.6
2025-06-12 20:24:00,86.9
2025-06-12 00:05:00,70.1
2025-06-12 22:07:00,50.29152382078261
2025-06-12 18:27:00,45.1
2025-06-12 09:26:00,50.29152382078261
2025-06-12 11:25:00,26.8
2025-06-12 01:33:00,83.2
2025-06-12 14:30:00,50.29152382078261
2025-06-12 07:27:00,61.6
2025-06-12 14:09:00,50.29152382078261
2025-06-12 06:38:00,50.29152382078261
2025-06-12 04:53:00,15.8
2025-06-12 05:09:00,70.7
2025-06-12 22:15:00,50.29152382078261
2025-06-12 10:20:00,9.0
2025-06-12 17:54:00,7.0
2025-06-12 03:42:00,43.6
2025-06-12 09:45:00,9.8
2025-06-12 15:40:00,66.6
2025-06-12 02:52:00,50.29152382078261
2025-06-12 07:15:00,71.8
2025-06-12 07:50:00,50.29152382078261
2025-06-12 00:06:00,67.8
2025-06-12 02:23:00,31.5
2025-06-12 19:22:00,72.0
2025-06-12 16:27:00,30.0
2025-06-12 19:06:00,51.6
2025-06-12 15:30:00,98.3
2025-06-12 05:07:00,50.29152382078261
2025-06-12 03:41:00,21.7
2025-06-12 09:59:00,30.4
2025-06-12 04:39:00,50.29152382078261
2025-06-12 12:14:00,84.8
2025-06-12 11:26:00,50.29152382078261
2025-06-12 13:08:00,74.7
2025-06-12 07:06:00,52.4
2025-06-12 06:00:00,41.8
2025-06-12 04:10:00,60.6
2025-06-12 03:28:00,30.9
2025-06-12 02:30:00,47.4
2025-06-12 18:09:00,23.2
2025-06-12 13:09:00,61.1
2025-06-12 07:57:00,42.7
2025-06-12 22:16:00,93.4
2025-06-12 00:40:00,14.4
2025-06-12 12:48:00,19.4
2025-06-12 20:02:00,93.7
2025-06-12 17:33:00,78.2
2025-06-12 04:05:00,44.3
2025-06-12 12:25:00,64.6
2025-06-12 00:43:00,50.29152382078261
2025-06-12 21:13:00,27.4
2025-06-12 10:07:00,46.3
2025-06-12 21:07:00,45.4
2025-06-12 14:04:00,91.0
2025-06-12 18:17:00,50.29152382078261
2025-06-12 20:48:00,4.8
2025-06-12 18:19:00,37.9
2025-06-12 00:25:00,59.7
2025-06-12 08:55:00,50.0
2025-06-12 21:32:00,67.5
2025-06-12 09:17:00,50.29152382078261
2025-06-12 05:22:00,62.5
2025-06-12 09:37:00,19.6
2025-06-12 13:01:00,63.1
2025-06-12 21:10:00,10.2
2025-06-12 02:42:00,6.2
2025-06-12 07:18:00,50.29152382078261
2025-06-12 01:36:00,50.29152382078261
2025-06-12 02:11:00,47.3
2025-06-12 22:10:00,50.29152382078261
2025-06-12 19:37:00,52.0
2025-06-12 14:08:00,29.3
2025-06-12 01:47:00,10.3
2025-06-12 23:29:00,1.9
2025-06-12 09:58:00,44.5
2025-06-12 09:09:00,50.29152382078261
2025-06-12 03:46:00,66.6
2025-06-12 23:04:00,65.9
2025-06-12 20:25:00,63.4
2025-06-12 17:31:00,20.8
2025-06-12 17:03:00,47.2
2025-06-12 04:22:00,30.4
2025-06-12 10:39:00,34.8
2025-06-12 17:57:00,13.8
2025-06-12 01:27:00,50.29152382078261
2025-06-12 18:52:00,50.29152382078261
2025-06-12 02:07:00,25.9
2025-06-12 06:30:00,88.4
2025-06-12 01:38:00,99.3
2025-06-12 11:51:00,74.6
2025-06-12 21:36:00,32.3
2025-06-12 21:24:00,23.8
2025-06-12 02:59:00,65.2
2025-06-12 12:39:00,56.5
2025-06-12 10:22:00,3.0
2025-06-12 12:08:00,27.8
2025-06-12 21:27:00,69.6
2025-06-12 11:47:00,50.29152382078261
2025-06-12 00:20:00,50.29152382078261
2025-06-12 12:32:00,38.9
2025-06-12 20:58:00,62.1
2025-06-12 00:56:00,89.8
2025-06-12 03:24:00,50.29152382078261
2025-06-12 02:54:00,62.2
2025-06-12 19:48:00,46.4
2025-06-12 04:34:00,50.29152382078261
2025-06-12 13:17:00,50.29152382078261
2025-06-12 02:04:00,65.7
2025-06-12 14:24:00,62.2
2025-06-12 23:09:00,2.7
2025-06-12 23:26:00,33.0
2025-06-12 19:33:00,67.2
2025-06-12 08:43:00,50.29152382078261
2025-06-12 13:14:00,21.7
2025-06-12 09:15:00,11.0
2025-06-12 12:22:00,52.4
2025-06-12 14:11:00,50.29152382078261
2025-06-12 13:30:00,49.8
2025-06-12 19:57:00,50.29152382078261
2025-06-12 22:42:00,1.5
2025-06-12 03:30:00,36.6
2025-06-12 10:31:00,32.9
2025-06-12 07:10:00,64.8
2025-06-12 13:59:00,48.9
2025-06-12 12:28:00,62.0
2025-06-12 22:26:00,50.29152382078261
2025-06-12 22:55:00,62.3
2025-06-12 05:50:00,25.3
2025-06-12 20:45:00,20.9
2025-06-12 09:20:00,29.9
2025-06-12 11:55:00,88.6
2025-06-12 04:33:00,46.7
2025-06-12 09:57:00,35.1
2025-06-12 23:35:00,21.7
2025-06-12 10:06:00,74.0
2025-06-12 04:47:00,17.8
2025-06-12 10:05:00,76.4
2025-06-12 07:33:00,97.7
2025-06-12 08:14:00,50.29152382078261
2025-06-12 05:27:00,32.1
2025-06-12 22:59:00,50.29152382078261
2025-06-12 12:23:00,2.7
2025-06-12 09:56:00,51.1
2025-06-12 03:20:00,28.3
2025-06-12 03:26:00,11.1
2025-06-12 05:04:00,50.29152382078261
2025-06-12 07:40:00,30.0
2025-06-12 22:33:00,24.9
2025-06-12 04:14:00,50.29152382078261
2025-06-12 15:53:00,8.3
2025-06-12 03:01:00,53.3
2025-06-12 00:55:00,49.1
2025-06-12 03:44:00,65.0
2025-06-12 05:21:00,43.1
2025-06-12 10:14:00,44.6
2025-06-12 01:10:00,66.2
2025-06-12 23:01:00,29.3
2025-06-12 04:56:00,50.29152382078261
2025-06-12 16:37:00,17.4
2025-06-12 03:10:00,8.7
2025-06-12 14:10:00,22.9
2025-06-12 23:59:00,74.8
2025-06-12 19:34:00,97.8
2025-06-12 12:50:00,77.7
2025-06-12 00:09:00,50.29152382078261
2025-06-12 06:52:00,17.8
2025-06-12 09:52:00,7.7
2025-06-12 05:57:00,90.4
2025-06-12 19:23:00,50.29152382078261
2025-06-12 17:22:00,22.3
2025-06-12 22:54:00,81.0
2025-06-12 01:56:00,78.5
2025-06-12 11:00:00,8.5
2025-06-12 17:05:00,17.1
2025-06-12 18:12:00,25.3
2025-06-12 11:49:00,80.4
2025-06-12 01:59:00,67.9
2025-06-12 18:33:00,50.29152382078261
2025-06-12 22:58:00,61.9
2025-06-12 00:54:00,49.0
2025-06-12 17:37:00,33.7
2025-06-12 21:59:00,45.4
2025-06-12 23:47:00,45.9
2025-06-12 15:49:00,52.5
2025-06-12 07:20:00,50.29152382078261
2025-06-12 08:16:00,50.29152382078261
2025-06-12 18:04:00,99.4
2025-06-12 14:55:00,50.29152382078261
2025-06-12 02:37:00,85.8
2025-06-12 18:30:00,35.0
2025-06-12 03:09:00,20.1
2025-06-12 15:34:00,10.2
2025-06-12 02:03:00,72.3
2025-06-12 10:13:00,93.8
2025-06-12 00:02:00,50.29152382078261
2025-06-12 05:08:00,95.8
2025-06-12 11:13:00,63.1
2025-06-12 23:32:00,81.1
2025-06-12 12:41:00,48.0
2025-06-12 17:44:00,92.5
2025-06-12 06:12:00,15.9
2025-06-12 01:21:00,19.2
2025-06-12 15:56:00,52.1
2025-06-12 18:59:00,40.1
2025-06-12 07:16:00,62.5
2025-06-12 20:11:00,53.0
2025-06-12 01:34:00,99.9
2025-06-12 03:13:00,62.0
2025-06-12 12:16:00,60.3
2025-06-12 17:36:00,25.4
2025-06-12 09:10:00,90.2
2025-06-12 05:49:00,63.9
2025-06-12 07:54:00,1.9
2025-06-12 08:03:00,6.1
2025-06-12 20:00:00,50.29152382078261
2025-06-12 19:15:00,97.7
2025-06-12 07:14:00,73.5
2025-06-12 05:10:00,58.9
2025-06-12 14:07:00,19.0
2025-06-12 15:14:00,50.29152382078261
2025-06-12 18:55:00,81.3
2025-06-12 19:51:00,12.2
2025-06-12 06:04:00,50.15830883217688
2025-06-12 18:43:00,92.7
2025-06-12 14:58:00,2.2
2025-06-12 19:42:00,80.5
2025-06-12 12:01:00,45.4
2025-06-12 07:25:00,15.7
2025-06-12 02:08:00,51.5
2025-06-12 17:31:00,3.7
2025-06-12 07:43:00,27.7
2025-06-12 22:12:00,13.3
2025-06-12 06:26:00,97.1
2025-06-12 04:18:00,77.3
2025-06-12 12:13:00,36.1
2025-06-12 21:20:00,38.6
2025-06-12 04:30:00,50.15830883217688
2025-06-12 05:10:00,1.3
2025-06-12 12:22:00,14.3
2025-06-12 01:56:00,41.1
2025-06-12 08:52:00,16.9
2025-06-12 02:58:00,50.15830883217688
2025-06-12 05:36:00,39.3
2025-06-12 00:40:00,42.6
2025-06-12 02:13:00,78.1
2025-06-12 19:02:00,50.15830883217688
2025-06-12 23:22:00,50.15830883217688
2025-06-12 03:16:00,88.0
2025-06-12 14:13:00,13.0
2025-06-12 00:51:00,9.5
2025-06-12 09:50:00,77.8
2025-06-12 21:43:00,93.4
2025-06-12 08:48:00,50.15830883217688
2025-06-12 09:59:00,18.6
2025-06-12 05:32:00,41.0
2025-06-12 14:16:00,97.0
2025-06-12 05:45:00,50.15830883217688
2025-06-12 01:08:00,82.5
2025-06-12 11:18:00,92.6
2025-06-12 18:33:00,97.5
2025-06-12 09:54:00,50.15830883217688
2025-06-12 05:21:00,20.2
2025-06-12 14:33:00,81.9
2025-06-12 18:44:00,99.1
2025-06-12 07:07:00,89.1
2025-06-12 09:57:00,58.8
2025-06-12 23:27:00,50.15830883217688
2025-06-12 12:32:00,32.2
2025-06-12 03:36:00,61.3
2025-06-12 13:12:00,45.5
2025-06-12 06:25:00,50.15830883217688
2025-06-12 20:50:00,38.4
2025-06-12 20:45:00,50.15830883217688
2025-06-12 22:10:00,49.9
2025-06-12 22:16:00,30.9
2025-06-12 09:40:00,86.0
2025-06-12 02:31:00,64.6
2025-06-12 08:00:00,50.15830883217688
2025-06-12 19:12:00,46.1
2025-06-12 18:27:00,50.15830883217688
2025-06-12 08:03:00,80.5
2025-06-12 18:23:00,51.3
2025-06-12 18:15:00,75.9
2025-06-12 05:09:00,3.3
2025-06-12 17:39:00,38.9
2025-06-12 12:24:00,21.4
2025-06-12 03:51:00,50.15830883217688
2025-06-12 00:38:00,50.15830883217688
2025-06-12 07:13:00,14.9
2025-06-12 10:12:00,66.1
2025-06-12 15:33:00,50.3
2025-06-12 07:22:00,47.0
2025-06-12 01:04:00,78.0
2025-06-12 02:07:00,20.1
2025-06-12 06:21:00,45.8
2025-06-12 04:07:00,3.9
2025-06-12 14:53:00,16.8
2025-06-12 23:39:00,74.7
2025-06-12 08:26:00,63.8
2025-06-12 02:42:00,59.2
2025-06-12 06:53:00,54.9
2025-06-12 16:42:00,72.1
2025-06-12 12:17:00,50.15830883217688
2025-06-12 19:01:00,37.4
2025-06-12 06:40:00,62.4
2025-06-12 07:42:00,12.0
2025-06-12 18:07:00,0.6
2025-06-12 16:51:00,90.6
2025-06-12 04:23:00,45.8
2025-06-12 04:04:00,99.9
2025-06-12 22:59:00,97.5
2025-06-12 05:18:00,28.4
2025-06-12 17:12:00,61.7
2025-06-12 18:47:00,89.4
2025-06-12 18:51:00,93.9
2025-06-12 19:18:00,99.0
2025-06-12 05:48:00,71.1
2025-06-12 06:16:00,50.15830883217688
2025-06-12 05:22:00,50.15830883217688
2025-06-12 05:54:00,37.3
2025-06-12 18:10:00,8.6
2025-06-12 12:33:00,6.2
2025-06-12 21:25:00,19.9
2025-06-12 10:57:00,50.15830883217688
2025-06-12 22:20:00,44.5
2025-06-12 12:50:00,33.6
2025-06-12 00:11:00,47.2
2025-06-12 04:45:00,74.4
2025-06-12 13:55:00,4.5
2025-06-12 06:28:00,66.8
2025-06-12 03:10:00,10.3
2025-06-12 23:28:00,75.7
2025-06-12 04:58:00,59.4
2025-06-12 03:41:00,79.7
2025-06-12 21:08:00,58.0
2025-06-12 20:42:00,28.6
2025-06-12 21:04:00,50.15830883217688
2025-06-12 13:35:00,34.0
2025-06-12 04:10:00,55.2
2025-06-12 13:16:00,8.4
2025-06-12 07:20:00,43.1
2025-06-12 18:06:00,66.5
2025-06-12 07:14:00,65.5
2025-06-12 13:47:00,28.7
2025-06-12 03:01:00,51.8
2025-06-12 21:50:00,7.9
2025-06-12 07:28:00,97.7
2025-06-12 07:00:00,15.9
2025-06-12 23:51:00,1.3
2025-06-12 06:45:00,8.0
2025-06-12 11:31:00,61.8
2025-06-12 01:10:00,5.6
2025-06-12 05:42:00,6.1
2025-06-12 16:39:00,48.3
2025-06-12 21:58:00,30.6
2025-06-12 17:36:00,95.8
2025-06-12 09:30:00,36.7
2025-06-12 20:49:00,55.7
2025-06-12 09:32:00,50.15830883217688
2025-06-12 00:28:00,50.15830883217688
2025-06-12 10:29:00,24.6
2025-06-12 16:46:00,67.8
2025-06-12 07:16:00,50.15830883217688
2025-06-12 03:05:00,42.7
2025-06-12 16:08:00,90.8
2025-06-12 02:22:00,24.2
2025-06-12 00:13:00,56.2
2025-06-12 07:56:00,38.5
2025-06-12 22:50:00,85.0
2025-06-12 23:36:00,92.8
2025-06-12 01:35:00,32.3
2025-06-12 09:29:00,84.9
2025-06-12 16:20:00,15.5
2025-06-12 11:39:00,46.7
2025-06-12 23:05:00,81.7
2025-06-12 10:48:00,50.15830883217688
2025-06-12 07:17:00,29.5
2025-06-12 00:21:00,62.4
2025-06-12 17:18:00,79.7
2025-06-12 17:33:00,90.8
2025-06-12 10:14:00,3.2
2025-06-12 17:00:00,8.8
2025-06-12 07:46:00,74.6
2025-06-12 05:15:00,33.4
2025-06-12 15:08:00,60.7
2025-06-12 00:18:00,95.0
2025-06-12 13:11:00,49.3
2025-06-12 19:23:00,50.15830883217688
2025-06-12 17:28:00,44.9
2025-06-12 16:15:00,25.8
2025-06-12 06:55:00,96.6
2025-06-12 00:29:00,59.5
2025-06-12 21:32:00,50.15830883217688
2025-06-12 22:39:00,77.9
2025-06-12 01:32:00,83.5
2025-06-12 15:16:00,97.0
2025-06-12 04:06:00,14.3
2025-06-12 20:56:00,86.7
2025-06-12 14:00:00,84.5
2025-06-12 08:39:00,58.1
2025-06-12 23:49:00,29.2
2025-06-12 07:24:00,92.2
2025-06-12 20:48:00,54.5
2025-06-12 17:05:00,98.8
2025-06-12 19:17:00,12.3
2025-06-12 20:18:00,50.15830883217688
2025-06-12 17:19:00,50.15830883217688
2025-06-12 18:36:00,22.0
2025-06-12 08:49:00,43.4
2025-06-12 18:45:00,48.1
2025-06-12 00:50:00,79.5
2025-06-12 10:23:00,41.1
2025-06-12 14:19:00,71.0
2025-06-12 01:18:00,55.1
2025-06-12 17:35:00,50.15830883217688
2025-06-12 19:56:00,57.2
2025-06-12 22:52:00,92.8
2025-06-12 06:42:00,84.5
2025-06-12 20:28:00,84.2
2025-06-12 04:28:00,25.8
2025-06-12 05:07:00,50.15830883217688
2025-06-12 16:02:00,43.5
2025-06-12 10:32:00,74.3
2025-06-12 12:56:00,9.7
2025-06-12 11:11:00,2.9
2025-06-12 08:15:00,70.0
2025-06-12 06:13:00,50.15830883217688
2025-06-12 09:51:00,78.8
2025-06-12 19:55:00,59.5
2025-06-12 01:46:00,90.1
2025-06-12 01:44:00,46.2
2025-06-12 11:57:00,39.2
2025-06-12 23:29:00,6.6
2025-06-12 20:43:00,39.8
2025-06-12 03:06:00,50.15830883217688
2025-06-12 12:59:00,8.4
2025-06-12 03:20:00,69.2
2025-06-12 12:16:00,50.15830883217688
2025-06-12 05:28:00,86.4
2025-06-12 07:59:00,90.7
2025-06-12 22:28:00,64.9
2025-06-12 21:52:00,66.7
2025-06-12 03:38:00,54.0
2025-06-12 21:10:00,1.3
2025-06-12 00:33:00,43.6
2025-06-12 19:31:00,59.0
2025-06-12 03:46:00,50.15830883217688
2025-06-12 22:47:00,48.5
2025-06-12 17:14:00,83.4
2025-06-12 08:18:00,61.7
2025-06-12 20:35:00,6.5
2025-06-12 06:18:00,80.5
2025-06-12 09:18:00,86.3
2025-06-12 09:05:00,37.2
2025-06-12 21:28:00,39.2
2025-06-12 13:57:00,40.0
2025-06-12 21:18:00,75.4
2025-06-12 14:50:00,98.8
2025-06-12 17:03:00,56.9
2025-06-12 19:33:00,72.5
2025-06-12 01:06:00,37.6
2025-06-12 04:56:00,50.15830883217688
2025-06-12 11:16:00,50.15830883217688
2025-06-12 22:05:00,30.0
2025-06-12 11:33:00,69.3
2025-06-12 03:34:00,32.8
2025-06-12 16:17:00,16.6
2025-06-12 13:31:00,50.15830883217688
2025-06-12 05:44:00,12.8
2025-06-12 08:58:00,28.3
2025-06-12 17:52:00,66.4
2025-06-12 19:35:00,27.1
2025-06-12 04:14:00,97.5
2025-06-12 03:23:00,85.2
2025-06-12 19:03:00,4.7
2025-06-12 06:12:00,50.15830883217688
2025-06-12 07:09:00,81.9
2025-06-12 06:09:00,86.8
2025-06-12 01:30:00,17.4
2025-06-12 15:42:00,50.15830883217688
2025-06-12 12:03:00,59.8
2025-06-12 11:43:00,50.15830883217688
2025-06-12 05:27:00,25.2
2025-06-12 10:03:00,70.5
2025-06-12 13:37:00,85.5
2025-06-12 08:55:00,97.2
2025-06-12 10:09:00,22.4
2025-06-12 19:45:00,8.3
2025-06-12 11:07:00,50.15830883217688
2025-06-12 15:15:00,82.9
2025-06-12 06:44:00,61.0
2025-06-12 15:32:00,75.3
2025-06-12 19:38:00,69.4
2025-06-12 03:17:00,42.9
2025-06-12 00:44:00,45.2
2025-06-12 13:54:00,50.15830883217688
2025-06-12 01:07:00,92.1
2025-06-12 09:04:00,83.2
2025-06-12 03:12:00,89.1
2025-06-12 06:05:00,40.7
2025-06-12 19:19:00,68.8
2025-06-12 05:57:00,92.9
2025-06-12 06:46:00,50.15830883217688
2025-06-12 08:10:00,94.9
2025-06-12 08:36:00,81.2
2025-06-12 21:41:00,42.3
2025-06-12 23:53:00,46.9
2025-06-12 09:27:00,16.9
2025-06-12 19:13:00,52.2
2025-06-12 05:59:00,85.0
2025-06-12 07:21:00,29.6
2025-06-12 09:11:00,15.9
2025-06-12 20:36:00,12.8
2025-06-12 06:19:00,76.9
2025-06-12 00:42:00,63.4
2025-06-12 03:22:00,98.4
2025-06-12 14:02:00,32.1
2025-06-12 10:06:00,3.4
2025-06-12 18:39:00,51.2
2025-06-12 13:06:00,36.5
2025-06-12 21:22:00,61.6
2025-06-12 02:30:00,31.5
2025-06-12 10:44:00,68.5
2025-06-12 02:12:00,4.6
2025-06-12 13:43:00,50.5
2025-06-12 03:18:00,50.8
2025-06-12 08:57:00,75.9
2025-06-12 07:11:00,19.9
2025-06-12 22:45:00,20.9
2025-06-12 14:51:00,83.4
2025-06-12 13:17:00,50.05645730416373
2025-06-12 18:18:00,47.7
2025-06-12 10:43:00,52.3
2025-06-12 01:47:00,36.0
2025-06-12 10:14:00,62.1
2025-06-12 09:55:00,50.05645730416373
2025-06-12 07:00:00,40.3
2025-06-12 14:13:00,1.5
2025-06-12 11:30:00,25.3
2025-06-12 08:54:00,80.8
2025-06-12 17:34:00,80.2
2025-06-12 22:40:00,64.2
2025-06-12 06:13:00,88.4
2025-06-12 03:56:00,41.7
2025-06-12 02:16:00,17.3
2025-06-12 04:16:00,47.6
2025-06-12 21:14:00,7.9
2025-06-12 07:05:00,50.05645730416373
2025-06-12 01:50:00,41.1
2025-06-12 23:32:00,9.2
2025-06-12 11:52:00,28.0
2025-06-12 23:50:00,47.1
2025-06-12 15:22:00,3.9
2025-06-12 16:00:00,87.0
2025-06-12 00:44:00,73.7
2025-06-12 16:10:00,72.3
2025-06-12 14:14:00,5.2
2025-06-12 19:45:00,55.2
2025-06-12 02:54:00,50.05645730416373
2025-06-12 22:42:00,81.9
2025-06-12 12:02:00,50.05645730416373
2025-06-12 18:55:00,50.05645730416373
2025-06-12 18:44:00,50.9
2025-06-12 02:50:00,25.6
2025-06-12 10:27:00,50.05645730416373
2025-06-12 10:45:00,58.5
2025-06-12 15:17:00,36.6
2025-06-12 08:28:00,17.8
2025-06-12 11:45:00,45.4
2025-06-12 03:12:00,42.9
2025-06-12 23:58:00,50.05645730416373
2025-06-12 22:56:00,64.3
2025-06-12 22:08:00,31.8
2025-06-12 20:29:00,50.05645730416373
2025-06-12 06:22:00,85.3
2025-06-12 00:47:00,37.4
2025-06-12 00:35:00,79.9
2025-06-12 14:30:00,47.9
2025-06-12 21:49:00,69.3
2025-06-12 20:49:00,50.05645730416373
2025-06-12 14:47:00,68.6
2025-06-12 23:07:00,17.7
2025-06-12 06:52:00,59.1
2025-06-12 19:24:00,75.8
2025-06-12 02:09:00,68.1
2025-06-12 12:27:00,58.4
2025-06-12 20:22:00,50.05645730416373
2025-06-12 06:17:00,50.05645730416373
2025-06-12 20:32:00,56.9
2025-06-12 17:01:00,85.7
2025-06-12 04:06:00,19.9
2025-06-12 12:23:00,41.1
2025-06-12 06:39:00,57.0
2025-06-12 03:51:00,44.6
2025-06-12 13:08:00,73.1
2025-06-12 04:37:00,90.5
2025-06-12 04:25:00,30.6
2025-06-12 11:03:00,26.9
2025-06-12 03:21:00,76.1
2025-06-12 22:24:00,69.7
2025-06-12 03:09:00,83.9
2025-06-12 22:20:00,30.9
2025-06-12 12:04:00,22.5
2025-06-12 22:15:00,28.7
2025-06-12 23:30:00,80.1
2025-06-12 22:01:00,93.3
2025-06-12 21:06:00,50.05645730416373
2025-06-12 01:33:00,17.5
2025-06-12 04:48:00,47.1
2025-06-12 19:34:00,99.7
2025-06-12 18:17:00,39.3
2025-06-12 11:25:00,24.8
2025-06-12 14:42:00,97.3
2025-06-12 03:11:00,39.1
2025-06-12 16:29:00,50.05645730416373
2025-06-12 06:33:00,50.05645730416373
2025-06-12 22:09:00,50.05645730416373
2025-06-12 18:16:00,94.8
2025-06-12 03:16:00,60.1
2025-06-12 16:36:00,31.6
2025-06-12 18:32:00,95.5
2025-06-12 17:30:00,60.3
2025-06-12 22:29:00,64.7
2025-06-12 09:17:00,25.1
2025-06-12 11:59:00,50.05645730416373
2025-06-12 10:26:00,26.4
2025-06-12 16:40:00,76.3
2025-06-12 09:07:00,80.2
2025-06-12 12:06:00,19.2
2025-06-12 18:47:00,22.2
2025-06-12 11:11:00,43.6
2025-06-12 04:07:00,73.9
2025-06-12 17:40:00,95.8
2025-06-12 08:37:00,93.6
2025-06-12 01:11:00,43.6
2025-06-12 21:34:00,60.1
2025-06-12 16:20:00,23.2
2025-06-12 12:52:00,5.3
2025-06-12 17:38:00,12.7
2025-06-12 14:44:00,49.5
2025-06-12 13:14:00,50.05645730416373
2025-06-12 08:16:00,86.4
2025-06-12 13:28:00,20.4
2025-06-12 05:41:00,13.8
2025-06-12 08:17:00,51.2
2025-06-12 03:20:00,72.6
2025-06-12 14:57:00,50.05645730416373
2025-06-12 05:37:00,37.0
2025-06-12 15:53:00,64.5
2025-06-12 11:01:00,2.8
2025-06-12 07:10:00,47.0
2025-06-12 11:43:00,93.3
2025-06-12 20:31:00,91.6
2025-06-12 09:56:00,13.4
2025-06-12 05:58:00,95.3
2025-06-12 14:20:00,50.05645730416373
2025-06-12 01:38:00,6.6
2025-06-12 05:17:00,56.3
2025-06-12 02:44:00,92.7
2025-06-12 08:43:00,49.2
2025-06-12 19:17:00,55.5
2025-06-12 23:23:00,97.4
2025-06-12 13:35:00,11.6
2025-06-12 23:13:00,87.8
2025-06-12 16:39:00,15.8
2025-06-12 02:34:00,61.3
2025-06-12 07:25:00,51.6
2025-06-12 12:49:00,21.9
2025-06-12 08:21:00,29.2
2025-06-12 18:58:00,11.3
2025-06-12 07:38:00,47.9
2025-06-12 15:39:00,9.5
2025-06-12 07:45:00,7.9
2025-06-12 03:01:00,16.4
2025-06-12 18:00:00,59.3
2025-06-12 14:03:00,16.5
2025-06-12 12:39:00,28.2
2025-06-12 01:13:00,50.05645730416373
2025-06-12 04:33:00,50.05645730416373
2025-06-12 04:13:00,89.7
2025-06-12 06:29:00,32.8
2025-06-12 14:23:00,20.3
2025-06-12 02:31:00,50.05645730416373
2025-06-12 07:04:00,68.8
2025-06-12 06:35:00,33.6
2025-06-12 16:19:00,85.4
2025-06-12 08:30:00,50.05645730416373
2025-06-12 10:00:00,77.8
2025-06-12 04:40:00,50.05645730416373
2025-06-12 21:05:00,15.9
2025-06-12 15:59:00,92.1
2025-06-12 01:42:00,87.2
2025-06-12 01:56:00,60.1
2025-06-12 20:13:00,31.1
2025-06-12 13:21:00,63.3
2025-06-12 21:33:00,5.1
2025-06-12 00:07:00,38.8
2025-06-12 19:42:00,50.05645730416373
2025-06-12 01:21:00,31.6
2025-06-12 08:42:00,28.7
2025-06-12 18:43:00,35.9
2025-06-12 09:48:00,49.7
2025-06-12 19:00:00,43.5
2025-06-12 15:18:00,50.05645730416373
2025-06-12 07:54:00,50.05645730416373
2025-06-12 19:23:00,35.4
2025-06-12 11:26:00,12.4
2025-06-12 03:14:00,21.6
2025-06-12 05:16:00,71.8
2025-06-12 21:47:00,74.7
2025-06-12 14:08:00,50.05645730416373
2025-06-12 22:50:00,38.4
2025-06-12 22:07:00,80.3
2025-06-12 18:41:00,1.9
2025-06-12 15:51:00,50.05645730416373
2025-06-12 15:52:00,69.5
2025-06-12 19:26:00,50.05645730416373
2025-06-12 08:22:00,68.0
2025-06-12 16:41:00,50.05645730416373
2025-06-12 00:52:00,2.8
2025-06-12 00:22:00,50.05645730416373
2025-06-12 09:16:00,83.5
2025-06-12 04:11:00,97.0
2025-06-12 09:35:00,27.4
2025-06-12 01:15:00,35.3
2025-06-12 09:37:00,71.5
2025-06-12 00:10:00,76.5
2025-06-12 06:58:00,90.1
2025-06-12 11:41:00,58.3
2025-06-12 20:53:00,0.7
2025-06-12 05:19:00,18.9
2025-06-12 16:54:00,50.05645730416373
2025-06-12 11:37:00,27.3
2025-06-12 14:28:00,50.05645730416373
2025-06-12 21:19:00,67.6
2025-06-12 19:21:00,46.6
2025-06-12 06:28:00,37.3
2025-06-12 01:48:00,67.8
2025-06-12 03:50:00,50.05645730416373
2025-06-12 21:04:00,98.1
2025-06-12 18:56:00,73.2
2025-06-12 21:43:00,58.7
2025-06-12 18:21:00,32.7
2025-06-12 13:15:00,61.5
2025-06-12 23:41:00,21.4
2025-06-12 05:51:00,16.5
2025-06-12 06:20:00,87.4
2025-06-12 13:05:00,56.6
2025-06-12 00:23:00,27.6
2025-06-12 18:39:00,56.5
2025-06-12 18:28:00,91.5
2025-06-12 02:57:00,50.05645730416373
2025-06-12 07:16:00,86.9
2025-06-12 00:14:00,4.7
2025-06-12 21:22:00,48.2
2025-06-12 04:08:00,18.3
2025-06-12 18:11:00,8.6
2025-06-12 10:38:00,1.2
2025-06-12 03:54:00,12.2
2025-06-12 00:01:00,89.9
2025-06-12 16:08:00,50.05645730416373
2025-06-12 10:11:00,39.3
2025-06-12 22:21:00,64.9
2025-06-12 23:57:00,7.1
2025-06-12 17:27:00,15.5
2025-06-12 16:52:00,75.6
2025-06-12 05:04:00,77.5
2025-06-12 01:23:00,63.1
2025-06-12 03:15:00,0.9
2025-06-12 03:52:00,50.05645730416373
2025-06-12 15:45:00,9.9
2025-06-12 23:29:00,50.05645730416373
2025-06-12 02:10:00,92.8
2025-06-12 23:53:00,58.2
2025-06-12 02:33:00,38.7
2025-06-12 03:57:00,50.05645730416373
2025-06-12 01:03:00,28.1
2025-06-12 20:25:00,72.1
2025-06-12 00:02:00,61.0
2025-06-12 19:15:00,24.9
2025-06-12 15:25:00,43.3
2025-06-12 07:07:00,73.3
2025-06-12 06:54:00,62.9
2025-06-12 16:18:00,60.1
2025-06-12 02:00:00,9.8
2025-06-12 23:02:00,50.05645730416373
2025-06-12 12:09:00,77.7
2025-06-12 19:58:00,28.4
2025-06-12 06:37:00,64.6
2025-06-12 15:44:00,40.8
2025-06-12 13:53:00,14.8
2025-06-12 11:07:00,28.6
2025-06-12 09:25:00,64.2
2025-06-12 15:35:00,31.3
2025-06-12 09:38:00,56.2
2025-06-12 00:36:00,3.7
2025-06-12 21:23:00,50.05645730416373
2025-06-12 23:42:00,67.8
2025-06-12 15:19:00,26.2
2025-06-12 03:04:00,37.7
2025-06-12 23:11:00,28.0
2025-06-12 20:58:00,66.4
2025-06-12 01:17:00,70.7
2025-06-12 06:19:00,59.1
2025-06-12 11:19:00,3.8
2025-06-12 05:57:00,7.9
2025-06-12 11:18:00,67.6
2025-06-12 18:03:00,34.8
2025-06-12 06:08:00,23.2
2025-06-12 11:02:00,50.05645730416373
2025-06-12 15:03:00,50.05645730416373
2025-06-12 17:08:00,50.05645730416373
2025-06-12 05:49:00,36.4
2025-06-12 02:58:00,64.5
2025-06-12 12:45:00,8.0
2025-06-12 11:05:00,21.4
2025-06-12 03:36:00,98.7
2025-06-12 21:25:00,55.2
2025-06-12 20:38:00,96.6
2025-06-12 14:18:00,24.1
2025-06-12 02:36:00,50.05645730416373
2025-06-12 19:36:00,68.1
2025-06-12 00:38:00,27.5
2025-06-12 22:28:00,99.1
2025-06-12 15:58:00,11.3
2025-06-12 15:50:00,85.0
2025-06-12 12:35:00,14.6
2025-06-12 13:09:00,87.8
2025-06-12 08:13:00,15.2
2025-06-12 01:51:00,43.3
2025-06-12 10:47:00,20.5
2025-06-12 16:04:00,10.8
2025-06-12 23:39:00,69.0
2025-06-12 05:39:00,40.8
2025-06-12 05:08:00,29.4
2025-06-12 08:27:00,38.3
2025-06-12 21:44:00,1.1
2025-06-12 10:24:00,20.3
2025-06-12 17:41:00,71.1
2025-06-12 14:58:00,49.90502819548872
2025-06-12 12:45:00,95.3
2025-06-12 01:00:00,84.1
2025-06-12 12:12:00,42.1
2025-06-12 12:34:00,49.90502819548872
2025-06-12 20:12:00,5.9
2025-06-12 08:58:00,98.1
2025-06-12 07:12:00,44.1
2025-06-12 13:03:00,5.7
2025-06-12 15:14:00,83.2
2025-06-12 15:48:00,26.8
2025-06-12 04:23:00,19.6
2025-06-12 18:24:00,72.0
2025-06-12 22:15:00,61.1
2025-06-12 01:28:00,28.3
2025-06-12 01:44:00,52.4
2025-06-12 07:32:00,49.90502819548872
2025-06-12 19:17:00,54.5
2025-06-12 10:51:00,49.0
2025-06-12 01:03:00,94.7
2025-06-12 22:46:00,5.8
2025-06-12 09:21:00,57.3
2025-06-12 22:39:00,49.90502819548872
2025-06-12 20:49:00,49.90502819548872
2025-06-12 14:40:00,68.5
2025-06-12 13:42:00,59.4
2025-06-12 02:08:00,62.5
2025-06-12 20:22:00,90.5
2025-06-12 03:35:00,49.90502819548872
2025-06-12 22:11:00,42.9
2025-06-12 03:50:00,11.8
2025-06-12 01:34:00,49.90502819548872
2025-06-12 16:35:00,27.7
2025-06-12 10:12:00,1.3
2025-06-12 01:05:00,14.2
2025-06-12 11:20:00,24.9
2025-06-12 08:32:00,53.2
2025-06-12 19:23:00,50.0
2025-06-12 09:29:00,42.7
2025-06-12 15:42:00,5.4
2025-06-12 09:34:00,76.8
2025-06-12 22:42:00,61.5
2025-06-12 14:06:00,11.8
2025-06-12 23:34:00,9.1
2025-06-12 10:14:00,49.90502819548872
2025-06-12 20:55:00,46.5
2025-06-12 10:42:00,4.5
2025-06-12 13:53:00,61.0
2025-06-12 23:11:00,84.9
2025-06-12 12:33:00,73.8
2025-06-12 09:47:00,33.7
2025-06-12 09:12:00,57.8
2025-06-12 06:18:00,49.90502819548872
2025-06-12 06:19:00,3.5
2025-06-12 17:23:00,49.90502819548872
2025-06-12 16:01:00,1.6
2025-06-12 07:03:00,27.1
2025-06-12 16:02:00,49.90502819548872
2025-06-12 16:40:00,85.6
2025-06-12 00:02:00,80.8
2025-06-12 07:08:00,58.9
2025-06-12 00:44:00,75.4
2025-06-12 05:55:00,47.0
2025-06-12 16:36:00,44.6
2025-06-12 04:49:00,8.4
2025-06-12 16:57:00,60.3
2025-06-12 14:24:00,23.3
2025-06-12 01:46:00,79.6
2025-06-12 09:08:00,63.1
2025-06-12 08:12:00,78.5
2025-06-12 12:20:00,46.3
2025-06-12 09:55:00,49.90502819548872
2025-06-12 21:01:00,52.9
2025-06-12 00:57:00,39.7
2025-06-12 19:50:00,70.0
2025-06-12 03:20:00,3.4
2025-06-12 15:07:00,49.90502819548872
2025-06-12 16:56:00,60.5
2025-06-12 04:25:00,49.90502819548872
2025-06-12 02:06:00,64.5
2025-06-12 03:38:00,49.90502819548872
2025-06-12 14:07:00,49.90502819548872
2025-06-12 19:48:00,5.0
2025-06-12 20:25:00,86.4
2025-06-12 04:50:00,34.5
2025-06-12 15:54:00,3.5
2025-06-12 19:42:00,89.7
2025-06-12 23:16:00,49.90502819548872
2025-06-12 14:37:00,3.3
2025-06-12 23:47:00,92.9
2025-06-12 05:43:00,19.6
2025-06-12 02:38:00,4.6
2025-06-12 20:26:00,68.1
2025-06-12 21:22:00,76.8
2025-06-12 08:27:00,80.0
2025-06-12 19:15:00,23.4
2025-06-12 11:53:00,51.7
2025-06-12 07:25:00,72.5
2025-06-12 17:34:00,39.0
2025-06-12 19:26:00,28.9
2025-06-12 03:22:00,80.8
2025-06-12 17:56:00,51.3
2025-06-12 11:03:00,49.90502819548872
2025-06-12 07:13:00,15.1
2025-06-12 01:33:00,89.1
2025-06-12 19:45:00,23.0
2025-06-12 20:51:00,17.6
2025-06-12 22:24:00,53.9
2025-06-12 14:18:00,89.2
2025-06-12 19:22:00,94.1
2025-06-12 06:26:00,49.90502819548872
2025-06-12 19:08:00,67.7
2025-06-12 18:41:00,94.7
2025-06-12 22:36:00,11.6
2025-06-12 05:40:00,29.1
2025-06-12 10:21:00,66.4
2025-06-12 11:59:00,59.1
2025-06-12 09:23:00,76.8
2025-06-12 19:24:00,92.2
2025-06-12 22:38:00,49.90502819548872
2025-06-12 15:09:00,29.7
2025-06-12 18:23:00,41.9
2025-06-12 18:59:00,49.90502819548872
2025-06-12 02:40:00,24.7
2025-06-12 19:31:00,9.3
2025-06-12 03:15:00,94.4
2025-06-12 12:02:00,70.4
2025-06-12 06:06:00,19.9
2025-06-12 06:36:00,86.0
2025-06-12 18:05:00,8.0
2025-06-12 10:05:00,49.90502819548872
2025-06-12 19:09:00,59.6
2025-06-12 16:05:00,97.6
2025-06-12 20:53:00,98.9
2025-06-12 09:39:00,49.90502819548872
2025-06-12 00:35:00,86.2
2025-06-12 05:13:00,54.4
2025-06-12 03:27:00,73.6
2025-06-12 17:07:00,84.0
2025-06-12 21:57:00,96.1
2025-06-12 10:55:00,89.4
2025-06-12 08:56:00,99.1
2025-06-12 18:46:00,47.0
2025-06-12 05:10:00,42.3
2025-06-12 06:01:00,14.4
2025-06-12 02:43:00,21.8
2025-06-12 22:13:00,29.3
2025-06-12 19:59:00,49.90502819548872
2025-06-12 22:43:00,92.5
2025-06-12 17:26:00,49.90502819548872
2025-06-12 19:13:00,32.2
2025-06-12 17:05:00,85.0
2025-06-12 10:20:00,4.0
2025-06-12 15:27:00,14.3
2025-06-12 08:43:00,36.1
2025-06-12 06:42:00,13.9
2025-06-12 09:44:00,31.6
2025-06-12 05:35:00,50.1
2025-06-12 21:04:00,11.3
2025-06-12 15:33:00,49.90502819548872
2025-06-12 09:46:00,49.90502819548872
2025-06-12 06:38:00,68.9
2025-06-12 02:10:00,29.8
2025-06-12 01:14:00,33.0
2025-06-12 03:02:00,24.5
2025-06-12 05:17:00,49.90502819548872
2025-06-12 05:23:00,49.90502819548872
2025-06-12 00:52:00,87.9
2025-06-12 08:17:00,83.2
2025-06-12 17:38:00,88.8
2025-06-12 00:22:00,90.2
2025-06-12 19:38:00,3.8
2025-06-12 06:12:00,88.0
2025-06-12 21:02:00,49.90502819548872
2025-06-12 23:18:00,61.2
2025-06-12 12:53:00,76.6
2025-06-12 20:38:00,63.0
2025-06-12 20:08:00,33.5
2025-06-12 13:20:00,0.2
2025-06-12 11:21:00,6.7
2025-06-12 11:48:00,16.2
2025-06-12 03:54:00,53.7
2025-06-12 01:18:00,13.2
2025-06-12 06:09:00,30.3
2025-06-12 15:55:00,19.5
2025-06-12 02:00:00,58.7
2025-06-12 16:54:00,60.3
2025-06-12 05:47:00,37.7
2025-06-12 01:11:00,80.8
2025-06-12 12:59:00,52.2
2025-06-12 10:23:00,32.6
2025-06-12 21:45:00,8.5
2025-06-12 10:11:00,49.90502819548872
2025-06-12 19:53:00,62.2
2025-06-12 05:01:00,41.8
2025-06-12 17:03:00,52.2
2025-06-12 19:30:00,29.7
2025-06-12 20:14:00,84.5
2025-06-12 20:50:00,48.0
2025-06-12 18:20:00,49.6
2025-06-12 21:56:00,39.3
2025-06-12 11:45:00,54.0
2025-06-12 13:05:00,15.3
2025-06-12 00:54:00,41.9
2025-06-12 20:01:00,96.3
2025-06-12 13:55:00,41.0
2025-06-12 23:57:00,70.0
2025-06-12 05:07:00,30.4
2025-06-12 22:50:00,88.9
2025-06-12 15:03:00,76.1
2025-06-12 20:16:00,70.5
2025-06-12 02:19:00,1.1
2025-06-12 08:04:00,35.3
2025-06-12 10:10:00,76.7
2025-06-12 11:30:00,76.4
2025-06-12 18:01:00,35.7
2025-06-12 15:18:00,25.3
2025-06-12 02:53:00,32.0
2025-06-12 06:02:00,55.0
2025-06-12 08:30:00,12.0
2025-06-12 15:17:00,8.4
2025-06-12 13:39:00,90.4
2025-06-12 16:28:00,83.9
2025-06-12 22:06:00,43.5
2025-06-12 22:00:00,49.90502819548872
2025-06-12 18:18:00,28.0
2025-06-12 07:07:00,49.90502819548872
2025-06-12 05:08:00,14.6
2025-06-12 23:26:00,11.5
2025-06-12 13:06:00,49.90502819548872
2025-06-12 03:29:00,29.2
2025-06-12 20:34:00,14.8
2025-06-12 22:44:00,75.1
2025-06-12 02:09:00,7.9
2025-06-12 01:15:00,49.90502819548872
2025-06-12 05:21:00,75.3
2025-06-12 17:54:00,45.7
2025-06-12 20:39:00,81.0
2025-06-12 06:31:00,49.90502819548872
2025-06-12 02:17:00,64.6
2025-06-12 17:14:00,32.9
2025-06-12 21:36:00,49.90502819548872
2025-06-12 12:52:00,57.0
2025-06-12 02:24:00,9.7
2025-06-12 21:49:00,49.90502819548872
2025-06-12 02:32:00,44.1
2025-06-12 00:27:00,47.6
2025-06-12 10:53:00,68.1
2025-06-12 19:57:00,40.3
2025-06-12 11:02:00,68.4
2025-06-12 23:58:00,87.2
2025-06-12 01:24:00,97.7
2025-06-12 22:54:00,56.3
2025-06-12 13:57:00,0.2
2025-06-12 15:34:00,19.2
2025-06-12 11:58:00,82.2
2025-06-12 09:24:00,57.9
2025-06-12 20:18:00,5.3
2025-06-12 10:43:00,35.4
2025-06-12 16:12:00,69.0
2025-06-12 21:25:00,44.3
2025-06-12 19:10:00,63.8
2025-06-12 22:58:00,34.0
2025-06-12 23:10:00,78.5
2025-06-12 16:32:00,71.4
2025-06-12 13:56:00,16.0
2025-06-12 20:06:00,19.3
2025-06-12 23:28:00,14.6
2025-06-12 11:17:00,49.90502819548872
2025-06-12 23:45:00,59.9
2025-06-12 03:00:00,51.9
2025-06-12 11:55:00,49.90502819548872
2025-06-12 08:33:00,7.2
2025-06-12 09:02:00,49.90502819548872
2025-06-12 09:26:00,3.9
2025-06-12 01:27:00,86.2
2025-06-12 00:43:00,35.6
2025-06-12 19:11:00,91.5
2025-06-12 03:44:00,52.7
2025-06-12 14:43:00,76.5
2025-06-12 01:04:00,49.90502819548872
2025-06-12 20:14:00,65.6
2025-06-12 14:43:00,80.8
2025-06-12 21:44:00,50.475078938135894
2025-06-12 02:21:00,40.3
2025-06-12 19:06:00,99.2
2025-06-12 16:14:00,85.5
2025-06-12 15:40:00,62.3
2025-06-12 22:29:00,66.5
2025-06-12 15:26:00,6.3
2025-06-12 12:54:00,76.2
2025-06-12 11:24:00,66.9
2025-06-12 19:12:00,85.2
2025-06-12 03:03:00,38.7
2025-06-12 16:23:00,32.4
2025-06-12 06:12:00,13.2
2025-06-12 06:57:00,73.6
2025-06-12 15:06:00,94.2
2025-06-12 17:38:00,50.475078938135894
2025-06-12 16:16:00,32.4
2025-06-12 01:52:00,73.6
2025-06-12 06:02:00,20.2
2025-06-12 02:10:00,50.475078938135894
2025-06-12 12:52:00,67.8
2025-06-12 18:41:00,64.1
2025-06-12 05:46:00,50.475078938135894
2025-06-12 01:08:00,65.7
2025-06-12 04:32:00,94.7
2025-06-12 01:04:00,84.4
2025-06-12 00:30:00,96.6
2025-06-12 18:27:00,50.475078938135894
2025-06-12 08:06:00,91.1
2025-06-12 13:13:00,1.1
2025-06-12 11:55:00,76.1
2025-06-12 20:01:00,50.475078938135894
2025-06-12 16:03:00,50.475078938135894
2025-06-12 18:51:00,0.7
2025-06-12 15:58:00,32.9
2025-06-12 21:56:00,55.9
2025-06-12 00:03:00,98.7
2025-06-12 06:06:00,98.0
2025-06-12 00:28:00,90.3
2025-06-12 19:31:00,50.2
2025-06-12 12:46:00,89.9
2025-06-12 19:04:00,50.475078938135894
2025-06-12 04:12:00,50.475078938135894
2025-06-12 06:42:00,61.2
2025-06-12 04:04:00,50.2
2025-06-12 16:52:00,16.3
2025-06-12 19:07:00,71.2
2025-06-12 07:44:00,18.1
2025-06-12 18:24:00,31.2
2025-06-12 09:22:00,87.5
2025-06-12 10:50:00,65.0
2025-06-12 22:41:00,39.3
2025-06-12 01:29:00,9.2
2025-06-12 22:09:00,50.475078938135894
2025-06-12 10:12:00,50.475078938135894
2025-06-12 13:04:00,89.0
2025-06-12 15:23:00,19.9
2025-06-12 22:33:00,98.7
2025-06-12 14:49:00,50.475078938135894
2025-06-12 07:19:00,45.7
2025-06-12 04:59:00,60.1
2025-06-12 13:06:00,69.1
2025-06-12 07:52:00,91.7
2025-06-12 22:16:00,22.0
2025-06-12 18:59:00,53.6
2025-06-12 18:55:00,23.7
2025-06-12 06:17:00,44.2
2025-06-12 05:39:00,12.7
2025-06-12 18:10:00,50.475078938135894
2025-06-12 19:28:00,99.5
2025-06-12 14:00:00,84.5
2025-06-12 00:43:00,67.4
2025-06-12 02:35:00,69.5
2025-06-12 20:18:00,19.9
2025-06-12 23:39:00,99.7
2025-06-12 05:38:00,43.4
2025-06-12 17:06:00,81.7
2025-06-12 13:55:00,89.7
2025-06-12 12:32:00,48.1
2025-06-12 20:07:00,50.475078938135894
2025-06-12 06:56:00,7.9
2025-06-12 20:36:00,29.0
2025-06-12 02:44:00,63.2
2025-06-12 11:07:00,50.475078938135894
2025-06-12 12:51:00,53.0
2025-06-12 14:03:00,75.0
2025-06-12 22:38:00,54.2
2025-06-12 10:57:00,19.1
2025-06-12 12:36:00,61.6
2025-06-12 00:42:00,50.475078938135894
2025-06-12 20:51:00,58.1
2025-06-12 04:50:00,5.2
2025-06-12 14:16:00,50.475078938135894
2025-06-12 00:34:00,35.8
2025-06-12 02:42:00,27.4
2025-06-12 05:40:00,84.3
2025-06-12 07:30:00,54.6
2025-06-12 23:45:00,95.1
2025-06-12 04:23:00,45.2
2025-06-12 01:43:00,25.7
2025-06-12 01:15:00,50.475078938135894
2025-06-12 10:51:00,39.5
2025-06-12 15:57:00,74.8
2025-06-12 23:30:00,16.5
2025-06-12 14:18:00,30.5
2025-06-12 06:10:00,64.6
2025-06-12 17:10:00,6.2
2025-06-12 16:10:00,37.6
2025-06-12 01:53:00,8.7
2025-06-12 23:43:00,50.475078938135894
2025-06-12 20:30:00,8.8
2025-06-12 06:31:00,38.0
2025-06-12 19:41:00,50.475078938135894
2025-06-12 16:46:00,65.6
2025-06-12 20:37:00,15.1
2025-06-12 14:39:00,38.0
2025-06-12 23:24:00,42.8
2025-06-12 07:34:00,20.3
2025-06-12 02:56:00,45.3
2025-06-12 15:19:00,83.6
2025-06-12 06:55:00,50.475078938135894
2025-06-12 21:12:00,74.9
2025-06-12 21:17:00,12.5
2025-06-12 09:14:00,91.1
2025-06-12 03:24:00,32.9
2025-06-12 05:06:00,53.8
2025-06-12 17:43:00,69.9
2025-06-12 05:47:00,10.6
2025-06-12 14:58:00,36.0
2025-06-12 12:59:00,18.9
2025-06-12 08:02:00,49.4
2025-06-12 13:15:00,50.475078938135894
2025-06-12 09:56:00,50.475078938135894
2025-06-12 09:13:00,36.8
2025-06-12 04:20:00,50.475078938135894
2025-06-12 09:36:00,3.1
2025-06-12 08:58:00,61.2
2025-06-12 13:56:00,48.1
2025-06-12 22:02:00,24.5
2025-06-12 20:00:00,97.3
2025-06-12 17:08:00,18.0
2025-06-12 02:40:00,72.1
2025-06-12 01:01:00,59.3
2025-06-12 13:47:00,58.5
2025-06-12 00:02:00,50.475078938135894
2025-06-12 01:07:00,75.3
2025-06-12 15:49:00,13.9
2025-06-12 21:37:00,33.0
2025-06-12 20:40:00,98.6
2025-06-12 13:23:00,34.2
2025-06-12 09:48:00,12.3
2025-06-12 17:55:00,63.1
2025-06-12 10:55:00,26.4
2025-06-12 07:08:00,79.3
2025-06-12 03:27:00,72.0
2025-06-12 16:13:00,50.475078938135894
2025-06-12 12:50:00,20.8
2025-06-12 21:21:00,50.475078938135894
2025-06-12 09:27:00,42.3
2025-06-12 01:00:00,93.1
2025-06-12 05:13:00,40.5
2025-06-12 19:02:00,60.8
2025-06-12 11:58:00,50.475078938135894
2025-06-12 05:32:00,75.4
2025-06-12 10:30:00,47.4
2025-06-12 08:54:00,20.1
2025-06-12 15:13:00,76.9
2025-06-12 23:05:00,10.7
2025-06-12 06:45:00,17.1
2025-06-12 19:26:00,21.4
2025-06-12 09:06:00,50.475078938135894
2025-06-12 07:27:00,50.475078938135894
2025-06-12 01:36:00,50.475078938135894
2025-06-12 21:58:00,58.8
2025-06-12 03:20:00,93.5
2025-06-12 17:31:00,97.1
2025-06-12 03:29:00,68.7
2025-06-12 01:09:00,67.5
2025-06-12 09:34:00,93.2
2025-06-12 11:34:00,80.3
2025-06-12 04:15:00,7.5
2025-06-12 19:00:00,79.8
2025-06-12 10:40:00,50.475078938135894
2025-06-12 16:19:00,0.5
2025-06-12 01:28:00,9.4
2025-06-12 06:41:00,21.6
2025-06-12 09:08:00,31.9
2025-06-12 17:01:00,0.9
2025-06-12 07:31:00,55.6
2025-06-12 21:01:00,15.5
2025-06-12 10:21:00,88.8
2025-06-12 05:59:00,29.6
2025-06-12 03:41:00,14.1
2025-06-12 18:52:00,76.1
2025-06-12 13:57:00,19.0
2025-06-12 15:22:00,95.8
2025-06-12 17:29:00,82.3
2025-06-12 09:30:00,35.0
2025-06-12 02:36:00,47.1
2025-06-12 04:46:00,99.4
2025-06-12 02:48:00,10.0
2025-06-12 04:41:00,50.475078938135894
2025-06-12 22:08:00,61.3
2025-06-12 12:15:00,63.0
2025-06-12 20:52:00,70.7
2025-06-12 23:08:00,96.0
2025-06-12 12:28:00,50.475078938135894
2025-06-12 02:26:00,86.4
2025-06-12 23:51:00,57.7
2025-06-12 13:26:00,85.2
2025-06-12 17:49:00,59.8
2025-06-12 20:09:00,49.8
2025-06-12 03:01:00,30.4
2025-06-12 04:55:00,50.475078938135894
2025-06-12 11:54:00,84.3
2025-06-12 09:47:00,7.4
2025-06-12 08:17:00,59.8
2025-06-12 17:03:00,38.1
2025-06-12 01:46:00,50.475078938135894
2025-06-12 15:09:00,50.475078938135894
2025-06-12 05:25:00,11.8
2025-06-12 16:40:00,46.5
2025-06-12 00:47:00,13.6
2025-06-12 17:40:00,13.1
2025-06-12 07:12:00,79.0
2025-06-12 19:47:00,76.2
2025-06-12 09:31:00,11.4
2025-06-12 10:38:00,14.5
2025-06-12 15:12:00,99.2
2025-06-12 13:34:00,0.8
2025-06-12 16:44:00,11.9
2025-06-12 18:16:00,37.2
2025-06-12 19:15:00,33.0
2025-06-12 09:29:00,93.6
2025-06-12 02:14:00,30.8
2025-06-12 08:59:00,37.2
2025-06-12 19:51:00,48.0
2025-06-12 16:05:00,26.0
2025-06-12 00:44:00,4.3
2025-06-12 03:06:00,43.9
2025-06-12 10:56:00,47.8
2025-06-12 22:17:00,57.5
2025-06-12 03:32:00,59.2
2025-06-12 04:03:00,2.4
2025-06-12 01:17:00,58.1
2025-06-12 16:38:00,55.0
2025-06-12 11:38:00,12.0
2025-06-12 15:53:00,50.475078938135894
2025-06-12 02:32:00,50.3
2025-06-12 08:39:00,20.2
2025-06-12 17:00:00,50.475078938135894
2025-06-12 00:05:00,17.6
2025-06-12 10:54:00,50.475078938135894
2025-06-12 08:13:00,68.5
2025-06-12 22:32:00,28.4
2025-06-12 13:43:00,49.5
2025-06-12 01:30:00,16.0
2025-06-12 12:33:00,64.8
2025-06-12 14:44:00,93.7
2025-06-12 21:48:00,26.9
2025-06-12 07:23:00,41.9
2025-06-12 18:22:00,59.9
2025-06-12 09:28:00,96.0
2025-06-12 14:17:00,76.1
2025-06-12 04:29:00,63.1
2025-06-12 12:14:00,46.4
2025-06-12 13:30:00,45.6
2025-06-12 03:38:00,1.0
2025-06-12 06:48:00,88.7
2025-06-12 11:14:00,13.4
2025-06-12 19:17:00,89.5
2025-06-12 13:41:00,53.4
2025-06-12 16:29:00,65.2
2025-06-12 03:10:00,59.5
2025-06-12 22:56:00,17.0
2025-06-12 15:34:00,53.7
2025-06-12 14:08:00,14.4
2025-06-12 10:36:00,50.475078938135894
2025-06-12 12:30:00,50.475078938135894
2025-06-12 02:11:00,50.475078938135894
2025-06-12 01:58:00,77.6
2025-06-12 03:11:00,31.1
2025-06-12 07:15:00,64.3
2025-06-12 09:11:00,85.3
2025-06-12 21:51:00,82.5
2025-06-12 14:55:00,24.3
2025-06-12 21:28:00,75.2
2025-06-12 19:37:00,93.2
2025-06-12 09:20:00,82.1
2025-06-12 00:14:00,50.475078938135894
2025-06-12 15:27:00,80.6
2025-06-12 14:45:00,38.7
2025-06-12 03:33:00,50.1
2025-06-12 13:19:00,65.8
2025-06-12 22:07:00,18.1
2025-06-12 00:00:00,38.5
2025-06-12 01:45:00,21.8
2025-06-12 02:50:00,4.3
2025-06-12 06:19:00,87.1
2025-06-12 20:49:00,2.7
2025-06-12 15:47:00,53.8
2025-06-12 22:59:00,50.492298592215775
2025-06-12 04:42:00,65.4
2025-06-12 16:20:00,92.5
2025-06-12 13:49:00,50.492298592215775
2025-06-12 02:49:00,95.3
2025-06-12 16:55:00,15.6
2025-06-12 12:14:00,58.9
2025-06-12 12:46:00,50.492298592215775
2025-06-12 12:40:00,14.5
2025-06-12 15:28:00,46.3
2025-06-12 11:32:00,96.7
2025-06-12 18:19:00,50.492298592215775
2025-06-12 17:59:00,29.7
2025-06-12 22:48:00,73.7
2025-06-12 03:24:00,35.5
2025-06-12 18:53:00,62.6
2025-06-12 12:48:00,63.6
2025-06-12 02:19:00,2.8
2025-06-12 20:27:00,33.7
2025-06-12 04:37:00,59.9
2025-06-12 14:01:00,30.9
2025-06-12 15:10:00,7.3
2025-06-12 19:17:00,54.2
2025-06-12 18:07:00,66.3
2025-06-12 07:26:00,78.3
2025-06-12 19:49:00,30.8
2025-06-12 14:14:00,88.2
2025-06-12 12:03:00,60.7
2025-06-12 06:38:00,98.1
2025-06-12 14:23:00,50.492298592215775
2025-06-12 00:28:00,87.6
2025-06-12 14:31:00,19.5
2025-06-12 23:41:00,84.1
2025-06-12 05:50:00,50.492298592215775
2025-06-12 11:16:00,88.3
2025-06-12 09:15:00,45.1
2025-06-12 05:45:00,20.6
2025-06-12 17:16:00,19.1
2025-06-12 01:48:00,69.4
2025-06-12 17:44:00,59.9
2025-06-12 11:21:00,95.3
2025-06-12 00:52:00,51.1
2025-06-12 15:25:00,81.4
2025-06-12 10:24:00,3.9
2025-06-12 22:14:00,37.8
2025-06-12 14:42:00,14.2
2025-06-12 23:49:00,62.9
2025-06-12 02:38:00,82.7
2025-06-12 14:28:00,26.0
2025-06-12 21:05:00,5.9
2025-06-12 03:08:00,50.492298592215775
2025-06-12 17:55:00,36.2
2025-06-12 21:06:00,46.1
2025-06-12 04:26:00,69.9
2025-06-12 08:24:00,50.492298592215775
2025-06-12 23:30:00,72.1
2025-06-12 15:24:00,89.5
2025-06-12 18:56:00,99.8
2025-06-12 16:16:00,95.4
2025-06-12 15:57:00,14.7
2025-06-12 01:31:00,75.4
2025-06-12 12:55:00,10.5
2025-06-12 17:22:00,89.6
2025-06-12 23:07:00,35.6
2025-06-12 15:00:00,17.9
2025-06-12 06:05:00,50.492298592215775
2025-06-12 21:16:00,14.6
2025-06-12 15:08:00,9.7
2025-06-12 09:18:00,25.1
2025-06-12 13:11:00,65.9
2025-06-12 20:39:00,49.6
2025-06-12 15:26:00,55.6
2025-06-12 02:24:00,70.3
2025-06-12 20:15:00,52.2
2025-06-12 16:13:00,54.1
2025-06-12 08:56:00,39.8
2025-06-12 07:29:00,49.2
2025-06-12 08:50:00,5.1
2025-06-12 13:41:00,36.6
2025-06-12 17:30:00,64.3
2025-06-12 10:29:00,57.0
2025-06-12 18:22:00,80.6
2025-06-12 10:18:00,50.492298592215775
2025-06-12 17:06:00,13.5
2025-06-12 10:31:00,59.0
2025-06-12 04:12:00,50.492298592215775
2025-06-12 15:46:00,62.7
2025-06-12 20:19:00,24.3
2025-06-12 20:09:00,50.492298592215775
2025-06-12 11:15:00,6.3
2025-06-12 02:00:00,50.492298592215775
2025-06-12 05:51:00,93.7
2025-06-12 10:30:00,38.1
2025-06-12 09:51:00,86.5
2025-06-12 22:25:00,70.1
2025-06-12 15:16:00,32.3
2025-06-12 20:38:00,4.5
2025-06-12 19:31:00,13.8
2025-06-12 20:13:00,50.492298592215775
2025-06-12 06:04:00,73.4
2025-06-12 23:06:00,69.4
2025-06-12 21:51:00,17.2
2025-06-12 22:36:00,79.4
2025-06-12 00:16:00,62.3
2025-06-12 18:15:00,93.8
2025-06-12 01:38:00,99.0
2025-06-12 08:36:00,4.0
2025-06-12 01:46:00,50.492298592215775
2025-06-12 10:20:00,98.5
2025-06-12 19:09:00,76.2
2025-06-12 05:53:00,13.9
2025-06-12 16:42:00,88.3
2025-06-12 03:39:00,83.3
2025-06-12 04:04:00,52.9
2025-06-12 20:59:00,35.9
2025-06-12 15:53:00,31.4
2025-06-12 15:34:00,81.0
2025-06-12 22:57:00,30.2
2025-06-12 09:42:00,6.7
2025-06-12 13:44:00,36.7
2025-06-12 11:44:00,29.9
2025-06-12 07:32:00,71.8
2025-06-12 01:27:00,27.3
2025-06-12 18:45:00,17.9
2025-06-12 16:53:00,87.3
2025-06-12 08:31:00,49.3
2025-06-12 14:51:00,72.1
2025-06-12 15:31:00,37.2
2025-06-12 22:30:00,98.5
2025-06-12 14:36:00,82.3
2025-06-12 23:37:00,65.7
2025-06-12 20:45:00,50.492298592215775
2025-06-12 10:58:00,96.0
2025-06-12 23:56:00,34.2
2025-06-12 15:18:00,82.6
2025-06-12 10:16:00,79.5
2025-06-12 08:37:00,8.8
2025-06-12 06:52:00,54.5
2025-06-12 08:02:00,79.7
2025-06-12 14:09:00,55.8
2025-06-12 06:59:00,95.8
2025-06-12 01:05:00,87.8
2025-06-12 17:19:00,33.7
2025-06-12 06:41:00,58.4
2025-06-12 23:02:00,40.2
2025-06-12 06:12:00,95.4
2025-06-12 22:00:00,62.8
2025-06-12 17:34:00,50.492298592215775
2025-06-12 10:23:00,92.6
2025-06-12 00:36:00,15.5
2025-06-12 16:37:00,50.492298592215775
2025-06-12 06:08:00,50.492298592215775
2025-06-12 03:45:00,22.5
2025-06-12 21:49:00,95.1
2025-06-12 22:20:00,50.492298592215775
2025-06-12 11:34:00,97.4
2025-06-12 14:08:00,50.492298592215775
2025-06-12 09:23:00,47.6
2025-06-12 13:36:00,9.6
2025-06-12 12:44:00,83.8
2025-06-12 08:21:00,80.2
2025-06-12 19:07:00,47.5
2025-06-12 03:21:00,50.492298592215775
2025-06-12 02:51:00,11.7
2025-06-12 08:58:00,50.492298592215775
2025-06-12 07:49:00,50.492298592215775
2025-06-12 18:40:00,61.0
2025-06-12 12:17:00,43.8
2025-06-12 20:47:00,91.9
2025-06-12 15:59:00,59.7
2025-06-12 13:52:00,67.1
2025-06-12 17:13:00,26.7
2025-06-12 07:46:00,73.6
2025-06-12 04:15:00,50.492298592215775
2025-06-12 09:54:00,79.3
2025-06-12 17:33:00,77.7
2025-06-12 11:05:00,97.0
2025-06-12 15:47:00,34.3
2025-06-12 07:50:00,50.492298592215775
2025-06-12 04:34:00,47.8
2025-06-12 08:03:00,48.3
2025-06-12 08:22:00,27.4
2025-06-12 02:30:00,12.2
2025-06-12 05:26:00,59.3
2025-06-12 12:13:00,92.1
2025-06-12 09:25:00,68.2
2025-06-12 08:34:00,41.4
2025-06-12 23:17:00,50.492298592215775
2025-06-12 21:20:00,46.0
2025-06-12 19:14:00,50.492298592215775
2025-06-12 01:32:00,74.0
2025-06-12 01:11:00,34.5
2025-06-12 21:14:00,20.5
2025-06-12 07:41:00,64.8
2025-06-12 20:20:00,42.4
2025-06-12 11:57:00,99.8
2025-06-12 07:16:00,27.6
2025-06-12 12:30:00,4.5
2025-06-12 22:13:00,76.5
2025-06-12 08:52:00,61.6
2025-06-12 04:45:00,72.9
2025-06-12 23:14:00,87.0
2025-06-12 18:02:00,31.2
2025-06-12 10:05:00,91.8
2025-06-12 10:04:00,50.492298592215775
2025-06-12 05:19:00,56.2
2025-06-12 04:36:00,81.1
2025-06-12 13:32:00,57.5
2025-06-12 12:21:00,95.8
2025-06-12 10:03:00,39.8
2025-06-12 15:05:00,21.7
2025-06-12 02:44:00,50.492298592215775
2025-06-12 05:12:00,8.0
2025-06-12 19:40:00,84.9
2025-06-12 03:47:00,2.1
2025-06-12 02:12:00,14.7
2025-06-12 01:37:00,82.2
2025-06-12 19:04:00,50.492298592215775
2025-06-12 20:36:00,48.7
2025-06-12 22:39:00,13.9
2025-06-12 11:48:00,37.7
2025-06-12 21:10:00,29.9
2025-06-12 15:20:00,50.492298592215775
2025-06-12 15:56:00,51.5
2025-06-12 06:58:00,7.8
2025-06-12 08:27:00,82.5
2025-06-12 21:19:00,10.4
2025-06-12 07:28:00,11.1
2025-06-12 19:57:00,27.3
2025-06-12 00:35:00,11.6
2025-06-12 20:30:00,50.492298592215775
2025-06-12 02:32:00,78.6
2025-06-12 06:39:00,86.5
2025-06-12 11:24:00,95.4
2025-06-12 13:28:00,0.2
2025-06-12 00:57:00,73.8
2025-06-12 19:34:00,50.492298592215775
2025-06-12 15:04:00,50.492298592215775
2025-06-12 12:45:00,13.3
2025-06-12 16:01:00,50.492298592215775
2025-06-12 11:01:00,47.7
2025-06-12 11:47:00,79.8
2025-06-12 01:39:00,45.2
2025-06-12 00:14:00,76.6
2025-06-12 12:16:00,46.5
2025-06-12 00:13:00,50.492298592215775
2025-06-12 21:45:00,34.7
2025-06-12 16:02:00,51.6
2025-06-12 22:06:00,64.1
2025-06-12 12:35:00,7.5
2025-06-12 11:19:00,30.9
2025-06-12 02:41:00,57.6
2025-06-12 07:08:00,36.4
2025-06-12 14:39:00,74.1
2025-06-12 03:12:00,88.5
2025-06-12 06:44:00,95.2
2025-06-12 11:18:00,50.492298592215775
2025-06-12 10:08:00,18.0
2025-06-12 19:11:00,69.1
2025-06-12 19:06:00,42.6
2025-06-12 20:28:00,4.8
2025-06-12 22:37:00,50.492298592215775
2025-06-12 01:01:00,27.9
2025-06-12 12:07:00,5.1
2025-06-12 02:31:00,53.7
2025-06-12 14:00:00,86.2
2025-06-12 12:33:00,69.2
2025-06-12 03:17:00,50.492298592215775
2025-06-12 00:58:00,69.7
2025-06-12 16:19:00,50.492298592215775
2025-06-12 07:19:00,44.2
2025-06-12 02:05:00,67.3
2025-06-12 09:39:00,68.9
2025-06-12 22:38:00,64.3
2025-06-12 16:08:00,71.8
2025-06-12 16:27:00,12.7
2025-06-12 03:38:00,88.8
2025-06-12 21:56:00,50.492298592215775
2025-06-12 20:26:00,0.9
2025-06-12 08:35:00,58.4
2025-06-12 03:52:00,26.8
2025-06-12 17:38:00,50.492298592215775
2025-06-12 19:19:00,27.3
2025-06-12 06:32:00,50.492298592215775
2025-06-12 21:55:00,50.492298592215775
2025-06-12 03:04:00,76.7
2025-06-12 09:52:00,4.7
2025-06-12 01:06:00,46.0
2025-06-12 21:41:00,83.4
2025-06-12 10:25:00,42.3
2025-06-12 07:31:00,88.5
2025-06-12 21:37:00,20.5
2025-06-12 01:02:00,77.4
2025-06-12 03:37:00,8.6
2025-06-12 17:15:00,95.0
2025-06-12 23:26:00,50.492298592215775
2025-06-12 14:12:00,50.492298592215775
2025-06-12 16:56:00,88.5
2025-06-12 12:39:00,61.5
2025-06-12 14:11:00,69.6
2025-06-12 11:17:00,91.1
2025-06-12 06:51:00,91.8
2025-06-12 17:37:00,99.8
2025-06-12 14:19:00,17.0
2025-06-12 01:16:00,52.2
2025-06-12 19:59:00,22.9
2025-06-12 13:40:00,89.4
2025-06-12 04:56:00,50.492298592215775
2025-06-12 03:40:00,87.5
2025-06-12 05:47:00,65.8
2025-06-12 15:37:00,50.492298592215775
2025-06-12 02:47:00,27.9
2025-06-12 10:32:00,50.8
2025-06-12 11:29:00,27.6
2025-06-12 02:06:00,3.7
2025-06-12 17:04:00,80.8
2025-06-12 01:35:00,50.492298592215775
2025-06-12 14:29:00,64.2
2025-06-12 14:58:00,74.3
2025-06-12 19:55:00,50.190676567656766
2025-06-12 09:24:00,73.7
2025-06-12 20:19:00,50.190676567656766
2025-06-12 02:35:00,50.190676567656766
2025-06-12 06:38:00,11.2
2025-06-12 13:05:00,18.5
2025-06-12 06:41:00,95.7
2025-06-12 05:04:00,98.7
2025-06-12 17:06:00,9.3
2025-06-12 13:44:00,14.4
2025-06-12 00:02:00,81.0
2025-06-12 18:42:00,39.7
2025-06-12 02:55:00,20.2
2025-06-12 17:18:00,19.1
2025-06-12 13:42:00,68.4
2025-06-12 12:05:00,2.0
2025-06-12 23:55:00,50.190676567656766
2025-06-12 15:15:00,32.2
2025-06-12 18:02:00,49.3
2025-06-12 03:51:00,50.190676567656766
2025-06-12 09:17:00,50.190676567656766
2025-06-12 22:24:00,15.5
2025-06-12 04:38:00,51.7
2025-06-12 09:31:00,22.5
2025-06-12 16:17:00,17.3
2025-06-12 13:01:00,68.5
2025-06-12 07:21:00,60.8
2025-06-12 19:41:00,27.9
2025-06-12 02:42:00,20.4
2025-06-12 00:37:00,36.2
2025-06-12 23:09:00,61.4
2025-06-12 09:00:00,92.0
2025-06-12 00:11:00,16.9
2025-06-12 11:11:00,25.7
2025-06-12 22:27:00,5.3
2025-06-12 15:31:00,41.6
2025-06-12 16:53:00,74.8
2025-06-12 14:52:00,2.1
2025-06-12 09:04:00,50.190676567656766
2025-06-12 14:04:00,88.5
2025-06-12 11:24:00,36.7
2025-06-12 21:50:00,39.7
2025-06-12 04:57:00,50.190676567656766
2025-06-12 18:10:00,58.1
2025-06-12 07:24:00,99.2
2025-06-12 04:35:00,21.8
2025-06-12 04:04:00,15.0
2025-06-12 03:18:00,56.9
2025-06-12 19:58:00,19.2
2025-06-12 10:54:00,50.190676567656766
2025-06-12 04:36:00,50.190676567656766
2025-06-12 14:08:00,50.190676567656766
2025-06-12 18:03:00,88.7
2025-06-12 01:49:00,14.7
2025-06-12 03:52:00,22.3
2025-06-12 00:40:00,17.2
2025-06-12 13:40:00,50.190676567656766
2025-06-12 18:18:00,73.6
2025-06-12 15:53:00,47.6
2025-06-12 15:11:00,66.8
2025-06-12 17:19:00,72.0
2025-06-12 05:07:00,9.4
2025-06-12 18:21:00,89.6
2025-06-12 15:54:00,30.5
2025-06-12 01:26:00,50.190676567656766
2025-06-12 01:51:00,43.0
2025-06-12 20:30:00,51.3
2025-06-12 07:49:00,74.2
2025-06-12 05:45:00,9.7
2025-06-12 21:35:00,50.190676567656766
2025-06-12 10:34:00,50.190676567656766
2025-06-12 19:08:00,54.4
2025-06-12 01:08:00,75.3
2025-06-12 11:55:00,50.190676567656766
2025-06-12 08:32:00,0.1
2025-06-12 08:24:00,25.9
2025-06-12 00:43:00,1.5
2025-06-12 21:07:00,22.1
2025-06-12 13:18:00,1.6
2025-06-12 05:19:00,50.190676567656766
2025-06-12 03:04:00,83.6
2025-06-12 23:03:00,50.190676567656766
2025-06-12 14:48:00,50.190676567656766
2025-06-12 00:32:00,29.0
2025-06-12 22:57:00,82.9
2025-06-12 16:59:00,44.6
2025-06-12 07:12:00,52.9
2025-06-12 12:57:00,50.8
2025-06-12 04:17:00,46.1
2025-06-12 09:10:00,13.0
2025-06-12 14:45:00,62.8
2025-06-12 18:40:00,82.6
2025-06-12 15:36:00,98.7
2025-06-12 15:41:00,19.2
2025-06-12 03:50:00,24.1
2025-06-12 18:09:00,50.190676567656766
2025-06-12 22:30:00,50.190676567656766
2025-06-12 04:34:00,50.190676567656766
2025-06-12 21:29:00,44.9
2025-06-12 14:39:00,75.1
2025-06-12 11:22:00,5.8
2025-06-12 00:50:00,95.3
2025-06-12 06:50:00,52.7
2025-06-12 15:33:00,50.190676567656766
2025-06-12 03:34:00,50.190676567656766
2025-06-12 20:50:00,83.0
2025-06-12 09:50:00,97.2
2025-06-12 14:22:00,95.0
2025-06-12 12:53:00,50.190676567656766
2025-06-12 12:25:00,13.3
2025-06-12 20:39:00,18.1
2025-06-12 22:36:00,25.5
2025-06-12 22:52:00,35.9
2025-06-12 05:38:00,88.0
2025-06-12 01:52:00,83.9
2025-06-12 07:18:00,40.0
2025-06-12 10:03:00,56.6
2025-06-12 06:57:00,50.190676567656766
2025-06-12 08:57:00,24.8
2025-06-12 09:44:00,89.7
2025-06-12 00:01:00,50.190676567656766
2025-06-12 05:58:00,32.4
2025-06-12 08:59:00,35.9
2025-06-12 00:35:00,76.4
2025-06-12 06:37:00,50.190676567656766
2025-06-12 17:27:00,50.190676567656766
2025-06-12 20:58:00,50.190676567656766
2025-06-12 02:44:00,34.9
2025-06-12 14:55:00,92.7
2025-06-12 20:35:00,50.190676567656766
2025-06-12 09:26:00,94.3
2025-06-12 23:36:00,22.4
2025-06-12 15:12:00,66.7
2025-06-12 19:54:00,68.7
2025-06-12 12:10:00,20.1
2025-06-12 23:44:00,59.0
2025-06-12 13:34:00,29.7
2025-06-12 19:18:00,35.5
2025-06-12 19:43:00,42.2
2025-06-12 06:49:00,50.190676567656766
2025-06-12 07:47:00,61.6
2025-06-12 07:02:00,21.0
2025-06-12 01:34:00,42.4
2025-06-12 21:24:00,89.2
2025-06-12 09:29:00,21.6
2025-06-12 18:25:00,62.9
2025-06-12 10:19:00,32.4
2025-06-12 17:58:00,31.3
2025-06-12 13:15:00,50.190676567656766
2025-06-12 22:16:00,50.190676567656766
2025-06-12 10:39:00,50.190676567656766
2025-06-12 13:19:00,94.2
2025-06-12 20:10:00,51.8
2025-06-12 05:28:00,14.2
2025-06-12 20:04:00,90.7
2025-06-12 03:54:00,95.1
2025-06-12 17:03:00,63.6
2025-06-12 04:23:00,9.9
2025-06-12 19:17:00,19.8
2025-06-12 11:15:00,60.6
2025-06-12 05:55:00,36.6
2025-06-12 03:19:00,66.6
2025-06-12 17:42:00,94.2
2025-06-12 10:21:00,50.190676567656766
2025-06-12 07:16:00,9.7
2025-06-12 14:23:00,51.6
2025-06-12 07:38:00,50.190676567656766
2025-06-12 03:27:00,43.1
2025-06-12 08:31:00,61.8
2025-06-12 01:35:00,54.3
2025-06-12 03:48:00,50.190676567656766
2025-06-12 02:56:00,95.7
2025-06-12 08:45:00,50.190676567656766
2025-06-12 02:29:00,8.5
2025-06-12 19:19:00,19.9
2025-06-12 05:03:00,13.8
2025-06-12 19:05:00,50.190676567656766
2025-06-12 23:46:00,50.190676567656766
2025-06-12 21:57:00,45.6
2025-06-12 04:16:00,17.8
2025-06-12 03:21:00,48.8
2025-06-12 17:23:00,48.8
2025-06-12 06:29:00,5.0
2025-06-12 05:51:00,50.190676567656766
2025-06-12 03:05:00,92.8
2025-06-12 03:11:00,45.8
2025-06-12 16:00:00,50.190676567656766
2025-06-12 16:03:00,25.6
2025-06-12 01:19:00,83.1
2025-06-12 15:10:00,39.9
2025-06-12 11:54:00,87.0
2025-06-12 17:57:00,8.1
2025-06-12 07:34:00,13.0
2025-06-12 07:37:00,2.1
2025-06-12 03:07:00,50.190676567656766
2025-06-12 10:32:00,57.0
2025-06-12 06:54:00,80.7
2025-06-12 02:59:00,15.1
2025-06-12 21:36:00,11.4
2025-06-12 08:23:00,18.8
2025-06-12 17:39:00,50.7
2025-06-12 11:20:00,50.190676567656766
2025-06-12 20:13:00,88.1
2025-06-12 10:24:00,9.8
2025-06-12 17:24:00,88.3
2025-06-12 02:39:00,69.7
2025-06-12 09:33:00,29.2
2025-06-12 10:51:00,82.3
2025-06-12 16:55:00,80.7
2025-06-12 07:06:00,74.0
2025-06-12 17:30:00,100.0
2025-06-12 12:49:00,46.8
2025-06-12 13:03:00,67.6
2025-06-12 08:34:00,50.190676567656766
2025-06-12 00:07:00,89.2
2025-06-12 11:47:00,10.3
2025-06-12 13:41:00,40.3
2025-06-12 13:04:00,43.5
2025-06-12 08:19:00,19.5
2025-06-12 23:48:00,50.190676567656766
2025-06-12 12:29:00,98.2
2025-06-12 11:33:00,64.5
2025-06-12 13:17:00,20.8
2025-06-12 11:25:00,50.190676567656766
2025-06-12 21:20:00,24.0
2025-06-12 12:59:00,50.190676567656766
2025-06-12 20:53:00,43.0
2025-06-12 21:49:00,45.9
2025-06-12 15:50:00,50.190676567656766
2025-06-12 10:18:00,80.6
2025-06-12 09:06:00,95.1
2025-06-12 00:42:00,24.1
2025-06-12 04:08:00,30.7
2025-06-12 05:02:00,33.9
2025-06-12 06:39:00,4.9
2025-06-12 07:15:00,46.7
2025-06-12 18:55:00,19.7
2025-06-12 21:30:00,69.0
2025-06-12 10:45:00,31.2
2025-06-12 09:27:00,50.190676567656766
2025-06-12 06:55:00,57.3
2025-06-12 09:51:00,62.2
2025-06-12 00:53:00,13.0
2025-06-12 20:27:00,98.3
2025-06-12 17:05:00,5.0
2025-06-12 12:33:00,58.0
2025-06-12 13:51:00,80.2
2025-06-12 14:24:00,2.8
2025-06-12 01:48:00,14.2
2025-06-12 19:39:00,32.4
2025-06-12 03:35:00,97.0
2025-06-12 08:22:00,50.190676567656766
2025-06-12 06:35:00,51.0
2025-06-12 11:51:00,57.4
2025-06-12 19:21:00,29.4
2025-06-12 14:40:00,3.8
2025-06-12 17:53:00,18.1
2025-06-12 17:29:00,50.190676567656766
2025-06-12 04:11:00,4.6
2025-06-12 00:06:00,25.8
2025-06-12 05:13:00,14.6
2025-06-12 03:12:00,96.5
2025-06-12 13:49:00,34.4
2025-06-12 06:25:00,59.3
2025-06-12 23:42:00,42.5
2025-06-12 12:56:00,25.1
2025-06-12 21:28:00,50.8
2025-06-12 22:00:00,50.7
2025-06-12 02:11:00,7.3
2025-06-12 19:28:00,50.190676567656766
2025-06-12 11:43:00,54.3
2025-06-12 21:23:00,81.2
2025-06-12 23:04:00,29.8
2025-06-12 03:47:00,13.3
2025-06-12 00:10:00,10.7
2025-06-12 09:41:00,15.8
2025-06-12 17:37:00,60.5
2025-06-12 11:46:00,95.9
2025-06-12 10:46:00,28.4
2025-06-12 00:56:00,50.190676567656766
2025-06-12 08:28:00,60.6
2025-06-12 09:35:00,33.6
2025-06-12 14:50:00,86.8
2025-06-12 05:53:00,12.4
2025-06-12 02:34:00,96.2
2025-06-12 12:45:00,4.4
2025-06-12 17:21:00,53.2
2025-06-12 02:31:00,60.6
2025-06-12 17:09:00,34.0
2025-06-12 07:11:00,7.4
2025-06-12 03:16:00,54.0
2025-06-12 15:29:00,50.190676567656766
2025-06-12 18:29:00,40.9
2025-06-12 16:33:00,52.3
2025-06-12 05:06:00,22.1
2025-06-12 01:58:00,97.9
2025-06-12 17:35:00,78.8
2025-06-12 11:31:00,6.6
2025-06-12 22:54:00,27.2
2025-06-12 06:14:00,66.0
2025-06-12 03:22:00,36.0
2025-06-12 04:41:00,91.0
2025-06-12 07:33:00,49.0
2025-06-12 21:18:00,65.7
2025-06-12 16:50:00,50.190676567656766
2025-06-12 20:54:00,99.9
2025-06-12 21:36:00,15.7
2025-06-12 02:42:00,23.7
2025-06-12 13:17:00,19.0
2025-06-12 18:07:00,49.69925181201777
2025-06-12 01:02:00,13.4
2025-06-12 01:29:00,58.5
2025-06-12 11:59:00,99.1
2025-06-12 17:44:00,17.3
2025-06-12 20:25:00,49.69925181201777
2025-06-12 09:33:00,42.7
2025-06-12 22:28:00,28.6
2025-06-12 19:53:00,49.69925181201777
2025-06-12 17:03:00,0.2
2025-06-12 08:49:00,1.9
2025-06-12 19:25:00,63.5
2025-06-12 10:56:00,96.5
2025-06-12 16:19:00,49.69925181201777
2025-06-12 20:04:00,76.2
2025-06-12 22:53:00,49.69925181201777
2025-06-12 20:31:00,69.7
2025-06-12 01:09:00,6.0
2025-06-12 15:12:00,47.5
2025-06-12 05:00:00,49.69925181201777
2025-06-12 07:26:00,29.5
2025-06-12 02:13:00,0.8
2025-06-12 16:35:00,44.7
2025-06-12 23:17:00,31.7
2025-06-12 02:51:00,61.3
2025-06-12 20:27:00,21.9
2025-06-12 12:18:00,49.3
2025-06-12 14:27:00,48.8
2025-06-12 09:54:00,66.3
2025-06-12 11:03:00,50.4
2025-06-12 09:06:00,94.6
2025-06-12 02:36:00,20.1
2025-06-12 20:22:00,36.8
2025-06-12 17:28:00,49.69925181201777
2025-06-12 21:37:00,23.2
2025-06-12 20:00:00,76.5
2025-06-12 23:53:00,18.1
2025-06-12 08:53:00,100.0
2025-06-12 16:47:00,71.1
2025-06-12 14:50:00,87.0
2025-06-12 15:28:00,69.4
2025-06-12 19:32:00,36.3
2025-06-12 13:07:00,86.8
2025-06-12 15:16:00,20.1
2025-06-12 07:27:00,35.3
2025-06-12 06:10:00,49.69925181201777
2025-06-12 21:18:00,18.6
2025-06-12 23:50:00,65.9
2025-06-12 08:44:00,84.8
2025-06-12 16:05:00,89.6
2025-06-12 15:58:00,25.0
2025-06-12 01:17:00,17.8
2025-06-12 22:43:00,51.2
2025-06-12 07:17:00,49.69925181201777
2025-06-12 20:08:00,41.0
2025-06-12 11:50:00,49.9
2025-06-12 21:38:00,4.7
2025-06-12 04:18:00,79.4
2025-06-12 13:33:00,92.6
2025-06-12 08:22:00,29.4
2025-06-12 14:40:00,8.6
2025-06-12 04:04:00,70.5
2025-06-12 01:41:00,85.2
2025-06-12 19:04:00,4.1
2025-06-12 23:03:00,49.69925181201777
2025-06-12 14:25:00,23.8
2025-06-12 01:12:00,15.0
2025-06-12 05:56:00,45.3
2025-06-12 20:42:00,48.9
2025-06-12 22:18:00,30.2
2025-06-12 14:26:00,34.1
2025-06-12 22:22:00,29.0
2025-06-12 17:46:00,78.2
2025-06-12 12:56:00,80.6
2025-06-12 01:00:00,8.8
2025-06-12 23:41:00,98.9
2025-06-12 06:12:00,49.69925181201777
2025-06-12 02:53:00,41.6
2025-06-12 13:53:00,53.2
2025-06-12 11:49:00,10.0
2025-06-12 02:46:00,24.3
2025-06-12 21:44:00,28.1
2025-06-12 19:05:00,40.0
2025-06-12 06:30:00,60.6
2025-06-12 03:08:00,26.1
2025-06-12 17:13:00,1.1
2025-06-12 16:58:00,43.4
2025-06-12 03:12:00,29.6
2025-06-12 03:56:00,81.8
2025-06-12 21:25:00,90.2
2025-06-12 06:29:00,49.69925181201777
2025-06-12 10:35:00,63.0
2025-06-12 10:25:00,30.2
2025-06-12 04:53:00,60.0
2025-06-12 18:13:00,86.4
2025-06-12 13:37:00,79.2
2025-06-12 03:36:00,49.69925181201777
2025-06-12 09:09:00,26.1
2025-06-12 03:07:00,64.0
2025-06-12 10:33:00,47.0
2025-06-12 19:58:00,39.7
2025-06-12 12:44:00,49.69925181201777
2025-06-12 16:26:00,68.5
2025-06-12 01:39:00,81.5
2025-06-12 22:32:00,42.8
2025-06-12 15:22:00,26.9
2025-06-12 02:15:00,49.69925181201777
2025-06-12 23:34:00,29.5
2025-06-12 04:14:00,26.5
2025-06-12 07:39:00,58.1
2025-06-12 05:22:00,49.69925181201777
2025-06-12 22:30:00,60.1
2025-06-12 20:35:00,86.2
2025-06-12 01:04:00,69.4
2025-06-12 04:48:00,59.6
2025-06-12 20:55:00,98.2
2025-06-12 11:41:00,49.69925181201777
2025-06-12 04:34:00,17.0
2025-06-12 18:58:00,25.6
2025-06-12 17:58:00,91.0
2025-06-12 03:04:00,79.8
2025-06-12 22:49:00,10.9
2025-06-12 08:26:00,45.2
2025-06-12 02:47:00,64.4
2025-06-12 04:01:00,61.5
2025-06-12 04:36:00,43.4
2025-06-12 14:18:00,49.69925181201777
2025-06-12 07:41:00,13.1
2025-06-12 01:23:00,98.6
2025-06-12 14:47:00,68.5
2025-06-12 13:03:00,25.2
2025-06-12 16:43:00,12.2
2025-06-12 18:48:00,71.6
2025-06-12 06:54:00,60.6
2025-06-12 19:15:00,13.9
2025-06-12 19:33:00,49.69925181201777
2025-06-12 19:36:00,0.7
2025-06-12 11:07:00,85.0
2025-06-12 19:23:00,49.69925181201777
2025-06-12 11:11:00,68.8
2025-06-12 17:48:00,95.6
2025-06-12 04:22:00,61.0
2025-06-12 09:12:00,24.1
2025-06-12 11:34:00,79.7
2025-06-12 15:46:00,27.7
2025-06-12 08:15:00,49.69925181201777
2025-06-12 17:40:00,41.7
2025-06-12 22:20:00,37.6
2025-06-12 11:54:00,94.2
2025-06-12 17:18:00,24.7
2025-06-12 16:22:00,49.69925181201777
2025-06-12 22:50:00,65.3
2025-06-12 01:40:00,95.9
2025-06-12 04:46:00,49.69925181201777
2025-06-12 14:04:00,49.69925181201777
2025-06-12 20:45:00,45.0
2025-06-12 10:38:00,22.2
2025-06-12 04:16:00,49.69925181201777
2025-06-12 06:07:00,10.9
2025-06-12 07:20:00,71.9
2025-06-12 23:49:00,87.7
2025-06-12 13:12:00,99.1
2025-06-12 15:20:00,45.9
2025-06-12 01:30:00,54.2
2025-06-12 01:01:00,50.6
2025-06-12 05:41:00,50.8
2025-06-12 04:58:00,51.8
2025-06-12 22:08:00,53.8
2025-06-12 05:49:00,53.6
2025-06-12 01:51:00,49.69925181201777
2025-06-12 12:33:00,11.9
2025-06-12 22:26:00,36.4
2025-06-12 11:27:00,83.9
2025-06-12 12:02:00,19.2
2025-06-12 07:21:00,70.3
2025-06-12 21:05:00,94.9
2025-06-12 19:02:00,95.7
2025-06-12 11:36:00,49.69925181201777
2025-06-12 11:46:00,26.9
2025-06-12 02:30:00,90.0
2025-06-12 11:30:00,61.2
2025-06-12 04:09:00,9.6
2025-06-12 16:20:00,38.5
2025-06-12 00:03:00,61.7
2025-06-12 10:02:00,93.1
2025-06-12 21:17:00,94.9
2025-06-12 18:35:00,49.69925181201777
2025-06-12 04:29:00,55.5
2025-06-12 17:56:00,49.69925181201777
2025-06-12 20:03:00,96.3
2025-06-12 08:11:00,38.6
2025-06-12 17:42:00,47.7
2025-06-12 08:32:00,49.69925181201777
2025-06-12 15:04:00,60.4
2025-06-12 09:18:00,49.69925181201777
2025-06-12 02:22:00,28.7
2025-06-12 23:23:00,33.9
2025-06-12 13:54:00,73.6
2025-06-12 03:02:00,87.7
2025-06-12 17:43:00,99.0
2025-06-12 17:26:00,56.4
2025-06-12 06:14:00,9.9
2025-06-12 16:39:00,69.5
2025-06-12 18:53:00,78.5
2025-06-12 19:55:00,82.9
2025-06-12 16:29:00,45.1
2025-06-12 09:20:00,58.0
2025-06-12 03:09:00,52.5
2025-06-12 06:27:00,76.8
2025-06-12 14:08:00,14.6
2025-06-12 01:33:00,18.1
2025-06-12 08:03:00,0.4
2025-06-12 06:35:00,74.1
2025-06-12 03:50:00,79.3
2025-06-12 02:11:00,96.5
2025-06-12 04:59:00,87.6
2025-06-12 14:22:00,46.5
2025-06-12 06:56:00,99.4
2025-06-12 05:09:00,49.69925181201777
2025-06-12 01:57:00,2.8
2025-06-12 15:38:00,49.69925181201777
2025-06-12 15:55:00,49.69925181201777
2025-06-12 14:58:00,57.3
2025-06-12 05:23:00,67.7
2025-06-12 22:17:00,6.6
2025-06-12 04:20:00,69.4
2025-06-12 16:37:00,35.2
2025-06-12 07:43:00,63.8
2025-06-12 15:00:00,5.5
2025-06-12 14:35:00,67.1
2025-06-12 07:13:00,69.7
2025-06-12 00:08:00,83.9
2025-06-12 01:47:00,4.3
2025-06-12 22:41:00,22.2
2025-06-12 16:38:00,50.2
2025-06-12 23:01:00,19.4
2025-06-12 22:06:00,88.1
2025-06-12 15:54:00,35.4
2025-06-12 15:30:00,36.5
2025-06-12 06:11:00,18.6
2025-06-12 22:39:00,58.2
2025-06-12 11:42:00,23.5
2025-06-12 05:59:00,3.2
2025-06-12 10:34:00,75.5
2025-06-12 01:16:00,49.69925181201777
2025-06-12 07:31:00,49.69925181201777
2025-06-12 17:05:00,27.8
2025-06-12 06:32:00,93.6
2025-06-12 18:55:00,6.4
2025-06-12 11:05:00,42.0
2025-06-12 15:08:00,49.69925181201777
2025-06-12 11:56:00,44.1
2025-06-12 09:24:00,69.6
2025-06-12 08:17:00,28.3
2025-06-12 08:41:00,49.69925181201777
2025-06-12 17:49:00,61.2
2025-06-12 10:48:00,83.6
2025-06-12 04:25:00,34.4
2025-06-12 17:39:00,24.1
2025-06-12 00:47:00,79.0
2025-06-12 03:52:00,18.3
2025-06-12 12:55:00,49.69925181201777
2025-06-12 13:40:00,83.0
2025-06-12 18:16:00,84.2
2025-06-12 19:38:00,72.4
2025-06-12 13:16:00,85.6
2025-06-12 05:01:00,2.7
2025-06-12 10:16:00,9.8
2025-06-12 11:39:00,1.7
2025-06-12 10:45:00,63.2
2025-06-12 14:46:00,74.5
2025-06-12 07:56:00,9.6
2025-06-12 14:41:00,85.5
2025-06-12 23:57:00,97.7
2025-06-12 15:56:00,9.7
2025-06-12 03:54:00,22.1
2025-06-12 08:28:00,18.7
2025-06-12 20:14:00,1.7
2025-06-12 02:06:00,8.5
2025-06-12 05:10:00,39.8
2025-06-12 08:19:00,79.3
2025-06-12 17:41:00,18.2
2025-06-12 02:19:00,86.6
2025-06-12 17:19:00,49.69925181201777
2025-06-12 16:08:00,82.5
2025-06-12 09:37:00,91.4
2025-06-12 15:02:00,54.1
2025-06-12 19:27:00,49.69925181201777
2025-06-12 18:47:00,97.5
2025-06-12 14:02:00,27.7
2025-06-12 13:10:00,11.8
2025-06-12 12:27:00,30.6
2025-06-12 22:40:00,29.7
2025-06-12 11:20:00,61.8
2025-06-12 10:47:00,46.5
2025-06-12 18:37:00,50.9
2025-06-12 12:31:00,49.69925181201777
2025-06-12 12:53:00,49.69925181201777
2025-06-12 00:17:00,4.1
2025-06-12 19:52:00,33.4
2025-06-12 15:45:00,81.9
2025-06-12 13:15:00,48.5
2025-06-12 16:04:00,87.9
2025-06-12 20:44:00,65.2
2025-06-12 23:35:00,8.1
2025-06-12 05:05:00,67.1
2025-06-12 00:36:00,98.8
2025-06-12 02:31:00,39.6
2025-06-12 19:14:00,50.15234640140434
2025-06-12 05:52:00,83.9
2025-06-12 18:40:00,11.3
2025-06-12 09:54:00,21.8
2025-06-12 14:14:00,94.8
2025-06-12 05:54:00,4.5
2025-06-12 18:17:00,50.15234640140434
2025-06-12 11:11:00,8.0
2025-06-12 13:54:00,36.6
2025-06-12 14:27:00,67.6
2025-06-12 06:49:00,50.15234640140434
2025-06-12 14:35:00,88.8
2025-06-12 18:56:00,57.9
2025-06-12 23:18:00,82.4
2025-06-12 23:50:00,42.8
2025-06-12 18:18:00,5.6
2025-06-12 06:48:00,50.15234640140434
2025-06-12 21:48:00,50.15234640140434
2025-06-12 15:33:00,67.3
2025-06-12 10:10:00,61.4
2025-06-12 22:32:00,71.9
2025-06-12 11:37:00,14.7
2025-06-12 11:24:00,65.7
2025-06-12 20:05:00,9.6
2025-06-12 05:29:00,16.9
2025-06-12 02:20:00,12.8
2025-06-12 18:32:00,10.4
2025-06-12 23:22:00,49.3
2025-06-12 11:16:00,50.15234640140434
2025-06-12 13:37:00,58.7
2025-06-12 12:27:00,59.0
2025-06-12 05:46:00,33.5
2025-06-12 12:49:00,50.15234640140434
2025-06-12 09:40:00,50.15234640140434
2025-06-12 17:25:00,67.9
2025-06-12 18:49:00,72.3
2025-06-12 15:24:00,16.4
2025-06-12 23:36:00,35.9
2025-06-12 22:53:00,4.5
2025-06-12 15:13:00,39.8
2025-06-12 13:26:00,83.4
2025-06-12 16:57:00,90.5
2025-06-12 21:13:00,78.4
2025-06-12 16:29:00,35.5
2025-06-12 19:36:00,97.3
2025-06-12 14:09:00,50.15234640140434
2025-06-12 12:08:00,50.7
2025-06-12 13:58:00,71.8
2025-06-12 08:09:00,47.4
2025-06-12 23:01:00,89.5
2025-06-12 21:53:00,93.1
2025-06-12 07:09:00,61.0
2025-06-12 23:15:00,50.15234640140434
2025-06-12 02:59:00,50.15234640140434
2025-06-12 04:36:00,43.4
2025-06-12 01:57:00,68.6
2025-06-12 15:31:00,50.15234640140434
2025-06-12 18:58:00,42.8
2025-06-12 19:53:00,94.6
2025-06-12 15:02:00,51.7
2025-06-12 05:47:00,98.8
2025-06-12 15:19:00,50.5
2025-06-12 03:08:00,0.0
2025-06-12 13:21:00,50.15234640140434
2025-06-12 11:36:00,18.8
2025-06-12 10:38:00,87.9
2025-06-12 17:06:00,68.6
2025-06-12 10:05:00,87.4
2025-06-12 01:18:00,63.9
2025-06-12 22:38:00,75.3
2025-06-12 13:32:00,50.15234640140434
2025-06-12 15:47:00,50.15234640140434
2025-06-12 12:31:00,4.8
2025-06-12 14:15:00,87.5
2025-06-12 10:52:00,15.2
2025-06-12 21:21:00,25.1
2025-06-12 21:22:00,50.15234640140434
2025-06-12 22:30:00,7.2
2025-06-12 02:19:00,50.15234640140434
2025-06-12 23:40:00,89.0
2025-06-12 10:36:00,50.15234640140434
2025-06-12 05:37:00,91.1
2025-06-12 17:59:00,47.4
2025-06-12 11:01:00,3.7
2025-06-12 11:03:00,97.0
2025-06-12 19:01:00,5.1
2025-06-12 05:44:00,50.15234640140434
2025-06-12 10:15:00,90.6
2025-06-12 00:40:00,21.2
2025-06-12 19:57:00,11.3
2025-06-12 07:06:00,87.0
2025-06-12 10:49:00,99.0
2025-06-12 22:21:00,89.9
2025-06-12 00:17:00,6.5
2025-06-12 10:17:00,95.0
2025-06-12 04:50:00,58.5
2025-06-12 13:47:00,43.2
2025-06-12 11:51:00,57.0
2025-06-12 22:35:00,84.9
2025-06-12 01:42:00,34.6
2025-06-12 20:46:00,3.8
2025-06-12 23:05:00,13.6
2025-06-12 02:52:00,46.5
2025-06-12 02:17:00,16.5
2025-06-12 22:06:00,67.0
2025-06-12 06:51:00,89.1
2025-06-12 08:16:00,32.9
2025-06-12 11:48:00,34.7
2025-06-12 10:39:00,15.3
2025-06-12 22:20:00,68.5
2025-06-12 02:16:00,23.0
2025-06-12 11:33:00,98.5
2025-06-12 19:07:00,72.8
2025-06-12 17:58:00,50.15234640140434
2025-06-12 08:23:00,62.4
2025-06-12 16:30:00,28.6
2025-06-12 10:18:00,14.7
2025-06-12 20:58:00,7.6
2025-06-12 03:06:00,50.15234640140434
2025-06-12 12:04:00,54.4
2025-06-12 19:13:00,50.15234640140434
2025-06-12 05:21:00,50.15234640140434
2025-06-12 02:56:00,50.15234640140434
2025-06-12 16:52:00,88.5
2025-06-12 11:58:00,11.8
2025-06-12 04:33:00,66.5
2025-06-12 08:55:00,50.15234640140434
2025-06-12 10:23:00,6.5
2025-06-12 20:03:00,44.4
2025-06-12 09:53:00,0.8
2025-06-12 02:34:00,69.3
2025-06-12 00:47:00,50.4
2025-06-12 11:02:00,19.2
2025-06-12 11:04:00,46.2
2025-06-12 10:57:00,47.9
2025-06-12 05:43:00,39.9
2025-06-12 07:12:00,50.15234640140434
2025-06-12 08:46:00,27.4
2025-06-12 11:46:00,72.4
2025-06-12 04:02:00,68.6
2025-06-12 05:18:00,48.5
2025-06-12 15:30:00,57.7
2025-06-12 17:44:00,55.7
2025-06-12 17:11:00,2.4
2025-06-12 15:29:00,43.2
2025-06-12 19:59:00,40.9
2025-06-12 02:40:00,13.4
2025-06-12 05:03:00,76.5
2025-06-12 21:11:00,50.15234640140434
2025-06-12 22:17:00,4.6
2025-06-12 20:36:00,37.9
2025-06-12 05:36:00,40.6
2025-06-12 04:48:00,50.15234640140434
2025-06-12 16:07:00,70.8
2025-06-12 11:25:00,54.3
2025-06-12 19:39:00,11.8
2025-06-12 15:00:00,37.8
2025-06-12 13:08:00,19.4
2025-06-12 19:02:00,56.3
2025-06-12 07:46:00,43.8
2025-06-12 07:38:00,76.8
2025-06-12 19:35:00,18.2
2025-06-12 23:55:00,50.15234640140434
2025-06-12 15:42:00,98.0
2025-06-12 09:49:00,33.3
2025-06-12 05:02:00,67.1
2025-06-12 14:38:00,50.15234640140434
2025-06-12 15:57:00,32.3
2025-06-12 17:38:00,59.7
2025-06-12 10:03:00,50.15234640140434
2025-06-12 01:06:00,26.6
2025-06-12 19:03:00,60.0
2025-06-12 11:44:00,19.9
2025-06-12 20:34:00,14.8
2025-06-12 23:20:00,52.4
2025-06-12 02:10:00,15.3
2025-06-12 09:39:00,49.2
2025-06-12 03:15:00,21.3
2025-06-12 06:07:00,60.8
2025-06-12 08:43:00,62.1
2025-06-12 12:10:00,50.15234640140434
2025-06-12 07:52:00,32.3
2025-06-12 00:11:00,44.5
2025-06-12 11:06:00,25.7
2025-06-12 08:32:00,50.15234640140434
2025-06-12 08:26:00,50.15234640140434
2025-06-12 07:04:00,45.4
2025-06-12 12:18:00,50.15234640140434
2025-06-12 04:11:00,77.9
2025-06-12 14:44:00,59.5
2025-06-12 13:00:00,45.3
2025-06-12 21:54:00,50.15234640140434
2025-06-12 20:39:00,13.7
2025-06-12 08:53:00,61.1
2025-06-12 03:45:00,96.6
2025-06-12 14:36:00,50.15234640140434
2025-06-12 10:51:00,95.4
2025-06-12 14:37:00,50.15234640140434
2025-06-12 15:34:00,50.15234640140434
2025-06-12 12:12:00,80.7
2025-06-12 12:05:00,14.5
2025-06-12 19:23:00,50.15234640140434
2025-06-12 23:14:00,94.6
2025-06-12 20:52:00,17.7
2025-06-12 13:24:00,85.7
2025-06-12 02:06:00,57.8
2025-06-12 12:20:00,35.7
2025-06-12 01:01:00,51.0
2025-06-12 16:01:00,85.9
2025-06-12 22:31:00,4.1
2025-06-12 16:44:00,50.15234640140434
2025-06-12 06:43:00,50.15234640140434
2025-06-12 19:29:00,34.9
2025-06-12 12:56:00,61.4
2025-06-12 19:28:00,73.5
2025-06-12 11:13:00,54.8
2025-06-12 09:36:00,70.6
2025-06-12 02:28:00,88.3
2025-06-12 07:42:00,99.5
2025-06-12 04:09:00,6.3
2025-06-12 23:58:00,67.5
2025-06-12 23:07:00,40.1
2025-06-12 13:45:00,10.2
2025-06-12 04:45:00,34.2
2025-06-12 13:44:00,99.2
2025-06-12 10:13:00,63.8
2025-06-12 22:46:00,68.1
2025-06-12 18:50:00,50.15234640140434
2025-06-12 09:06:00,33.2
2025-06-12 01:47:00,86.8
2025-06-12 21:25:00,26.2
2025-06-12 06:32:00,86.4
2025-06-12 12:47:00,50.15234640140434
2025-06-12 01:55:00,71.3
2025-06-12 12:24:00,11.1
2025-06-12 11:21:00,40.6
2025-06-12 19:50:00,47.5
2025-06-12 16:43:00,65.7
2025-06-12 15:14:00,50.15234640140434
2025-06-12 00:42:00,67.3
2025-06-12 20:27:00,59.0
2025-06-12 12:03:00,50.8
2025-06-12 23:31:00,66.0
2025-06-12 10:55:00,65.2
2025-06-12 18:30:00,19.9
2025-06-12 23:16:00,61.0
2025-06-12 18:12:00,9.2
2025-06-12 04:44:00,61.5
2025-06-12 11:05:00,39.2
2025-06-12 05:25:00,9.6
2025-06-12 06:37:00,16.6
2025-06-12 13:23:00,89.3
2025-06-12 21:44:00,82.8
2025-06-12 03:12:00,37.6
2025-06-12 12:59:00,73.9
2025-06-12 14:20:00,50.15234640140434
2025-06-12 03:18:00,83.4
2025-06-12 19:48:00,27.3
2025-06-12 18:06:00,69.2
2025-06-12 00:50:00,82.2
2025-06-12 22:15:00,17.0
2025-06-12 18:45:00,6.9
2025-06-12 01:15:00,5.3
2025-06-12 21:32:00,50.15234640140434
2025-06-12 03:17:00,94.9
2025-06-12 23:24:00,41.2
2025-06-12 01:34:00,43.8
2025-06-12 12:57:00,53.2
2025-06-12 10:43:00,50.15234640140434
2025-06-12 03:54:00,53.2
2025-06-12 19:37:00,50.15234640140434
2025-06-12 04:46:00,22.2
2025-06-12 14:22:00,50.15234640140434
2025-06-12 17:03:00,50.15234640140434
2025-06-12 07:20:00,72.6
2025-06-12 02:11:00,59.5
2025-06-12 21:59:00,62.0
2025-06-12 08:24:00,88.3
2025-06-12 08:45:00,70.5
2025-06-12 22:41:00,69.4
2025-06-12 01:33:00,23.2
2025-06-12 08:13:00,14.1
2025-06-12 12:02:00,50.15234640140434
2025-06-12 06:20:00,43.0
2025-06-12 22:48:00,36.8
2025-06-12 17:00:00,67.7
2025-06-12 17:36:00,81.0
2025-06-12 06:53:00,41.8
2025-06-12 03:14:00,76.9
2025-06-12 20:06:00,89.5
2025-06-12 11:30:00,76.4
2025-06-12 02:38:00,88.4
2025-06-12 12:29:00,28.1
2025-06-12 11:00:00,24.4
2025-06-12 17:27:00,74.5
2025-06-12 00:41:00,57.1
2025-06-12 10:04:00,22.7
2025-06-12 01:49:00,14.2
2025-06-12 00:03:00,75.5
2025-06-12 10:33:00,49.8
2025-06-12 07:23:00,20.7
2025-06-12 15:21:00,75.4
2025-06-12 07:11:00,69.2
2025-06-12 20:29:00,50.15747328871669
2025-06-12 11:37:00,15.4
2025-06-12 12:08:00,90.0
2025-06-12 00:04:00,91.5
2025-06-12 05:31:00,10.5
2025-06-12 00:28:00,82.5
2025-06-12 00:53:00,32.5
2025-06-12 22:32:00,68.4
2025-06-12 23:41:00,35.7
2025-06-12 10:27:00,95.4
2025-06-12 10:14:00,85.3
2025-06-12 17:25:00,31.5
2025-06-12 16:44:00,42.4
2025-06-12 14:11:00,50.15747328871669
2025-06-12 15:30:00,93.1
2025-06-12 10:25:00,8.5
2025-06-12 09:18:00,46.8
2025-06-12 02:10:00,30.6
2025-06-12 16:39:00,11.5
2025-06-12 21:27:00,97.9
2025-06-12 03:01:00,40.6
2025-06-12 16:29:00,56.7
2025-06-12 16:36:00,88.8
2025-06-12 05:00:00,16.4
2025-06-12 03:51:00,27.6
2025-06-12 21:19:00,74.9
2025-06-12 12:48:00,37.7
2025-06-12 08:16:00,48.9
2025-06-12 17:31:00,45.4
2025-06-12 13:44:00,3.8
2025-06-12 01:27:00,69.3
2025-06-12 12:32:00,77.7
2025-06-12 23:57:00,6.9
2025-06-12 18:44:00,26.4
2025-06-12 16:13:00,34.8
2025-06-12 17:51:00,15.2
2025-06-12 08:08:00,98.8
2025-06-12 09:51:00,48.6
2025-06-12 01:52:00,43.3
2025-06-12 21:25:00,47.9
2025-06-12 18:55:00,73.8
2025-06-12 19:48:00,29.4
2025-06-12 12:19:00,62.8
2025-06-12 17:04:00,15.8
2025-06-12 19:39:00,73.9
2025-06-12 19:52:00,50.15747328871669
2025-06-12 20:43:00,70.5
2025-06-12 18:46:00,85.5
2025-06-12 22:54:00,75.8
2025-06-12 20:56:00,74.7
2025-06-12 13:37:00,57.9
2025-06-12 07:42:00,62.7
2025-06-12 02:53:00,79.5
2025-06-12 01:39:00,6.5
2025-06-12 11:01:00,50.15747328871669
2025-06-12 23:27:00,34.9
2025-06-12 01:47:00,10.6
2025-06-12 11:53:00,32.0
2025-06-12 22:06:00,83.5
2025-06-12 06:45:00,70.0
2025-06-12 14:27:00,45.0
2025-06-12 22:48:00,47.8
2025-06-12 14:57:00,32.5
2025-06-12 15:45:00,5.3
2025-06-12 13:07:00,50.15747328871669
2025-06-12 16:50:00,50.15747328871669
2025-06-12 05:33:00,53.6
2025-06-12 20:49:00,50.15747328871669
2025-06-12 08:54:00,63.7
2025-06-12 04:03:00,50.15747328871669
2025-06-12 12:52:00,96.4
2025-06-12 20:46:00,54.8
2025-06-12 10:03:00,16.0
2025-06-12 17:49:00,33.1
2025-06-12 21:52:00,8.0
2025-06-12 20:14:00,79.7
2025-06-12 07:36:00,96.5
2025-06-12 01:50:00,70.3
2025-06-12 16:20:00,95.6
2025-06-12 03:10:00,63.5
2025-06-12 07:34:00,67.8
2025-06-12 18:48:00,2.6
2025-06-12 01:48:00,16.5
2025-06-12 12:28:00,50.15747328871669
2025-06-12 11:55:00,35.4
2025-06-12 16:15:00,10.1
2025-06-12 08:58:00,77.0
2025-06-12 16:18:00,43.0
2025-06-12 01:55:00,54.7
2025-06-12 21:59:00,1.9
2025-06-12 19:09:00,78.6
2025-06-12 09:02:00,73.3
2025-06-12 22:10:00,90.5
2025-06-12 15:29:00,54.9
2025-06-12 04:33:00,50.15747328871669
2025-06-12 11:59:00,81.6
2025-06-12 03:02:00,97.6
2025-06-12 12:34:00,65.8
2025-06-12 17:28:00,4.6
2025-06-12 12:15:00,73.8
2025-06-12 03:11:00,50.15747328871669
2025-06-12 10:12:00,32.9
2025-06-12 04:54:00,18.2
2025-06-12 21:34:00,68.5
2025-06-12 18:42:00,23.5
2025-06-12 21:02:00,50.15747328871669
2025-06-12 10:39:00,74.5
2025-06-12 08:39:00,81.0
2025-06-12 09:41:00,26.3
2025-06-12 04:34:00,30.0
2025-06-12 10:32:00,59.3
2025-06-12 19:05:00,47.4
2025-06-12 19:44:00,55.5
2025-06-12 13:29:00,40.3
2025-06-12 20:25:00,3.1
2025-06-12 18:45:00,28.5
2025-06-12 07:24:00,50.15747328871669
2025-06-12 02:28:00,18.2
2025-06-12 02:06:00,79.2
2025-06-12 15:33:00,96.6
2025-06-12 08:41:00,58.0
2025-06-12 03:31:00,74.2
2025-06-12 18:05:00,14.9
2025-06-12 13:54:00,59.1
2025-06-12 04:57:00,25.4
2025-06-12 07:15:00,50.15747328871669
2025-06-12 20:58:00,52.0
2025-06-12 05:05:00,46.4
2025-06-12 09:45:00,22.9
2025-06-12 02:12:00,50.15747328871669
2025-06-12 14:03:00,21.7
2025-06-12 08:30:00,35.3
2025-06-12 03:19:00,51.6
2025-06-12 09:13:00,48.8
2025-06-12 12:02:00,99.7
2025-06-12 11:17:00,33.2
2025-06-12 13:53:00,50.15747328871669
2025-06-12 22:27:00,98.9
2025-06-12 10:43:00,26.4
2025-06-12 14:53:00,54.0
2025-06-12 06:51:00,60.2
2025-06-12 09:09:00,78.2
2025-06-12 12:47:00,1.5
2025-06-12 01:35:00,5.2
2025-06-12 07:30:00,50.15747328871669
2025-06-12 02:37:00,46.6
2025-06-12 15:28:00,50.15747328871669
2025-06-12 15:20:00,59.8
2025-06-12 10:05:00,50.2
2025-06-12 08:33:00,77.6
2025-06-12 11:08:00,15.8
2025-06-12 21:11:00,84.5
2025-06-12 03:52:00,65.9
2025-06-12 09:49:00,67.9
2025-06-12 17:45:00,48.8
2025-06-12 05:38:00,24.3
2025-06-12 05:14:00,23.4
2025-06-12 14:10:00,50.15747328871669
2025-06-12 19:38:00,10.2
2025-06-12 04:27:00,37.5
2025-06-12 17:03:00,20.2
2025-06-12 12:18:00,40.0
2025-06-12 23:52:00,79.3
2025-06-12 15:44:00,50.15747328871669
2025-06-12 20:22:00,20.3
2025-06-12 05:55:00,41.0
2025-06-12 21:28:00,50.15747328871669
2025-06-12 07:06:00,95.1
2025-06-12 11:11:00,93.4
2025-06-12 23:34:00,30.2
2025-06-12 03:07:00,58.8
2025-06-12 05:27:00,44.3
2025-06-12 05:51:00,69.3
2025-06-12 18:18:00,45.3
2025-06-12 02:45:00,93.8
2025-06-12 14:46:00,37.2
2025-06-12 03:13:00,41.7
2025-06-12 21:50:00,66.2
2025-06-12 13:43:00,92.1
2025-06-12 21:05:00,49.0
2025-06-12 12:49:00,60.0
2025-06-12 06:33:00,85.5
2025-06-12 23:23:00,50.15747328871669
2025-06-12 00:21:00,93.3
2025-06-12 17:21:00,34.3
2025-06-12 16:23:00,50.15747328871669
2025-06-12 14:23:00,6.3
2025-06-12 14:45:00,11.8
2025-06-12 00:03:00,49.4
2025-06-12 23:40:00,14.8
2025-06-12 18:41:00,92.7
2025-06-12 21:20:00,73.7
2025-06-12 03:56:00,2.0
2025-06-12 11:18:00,15.6
2025-06-12 06:43:00,50.15747328871669
2025-06-12 16:21:00,58.7
2025-06-12 08:52:00,86.6
2025-06-12 22:43:00,70.6
2025-06-12 01:49:00,67.2
2025-06-12 11:23:00,50.15747328871669
2025-06-12 12:37:00,75.1
2025-06-12 01:36:00,93.6
2025-06-12 09:23:00,50.15747328871669
2025-06-12 14:21:00,71.8
2025-06-12 05:07:00,19.3
2025-06-12 15:07:00,50.15747328871669
2025-06-12 01:00:00,78.4
2025-06-12 19:54:00,6.9
2025-06-12 17:34:00,50.15747328871669
2025-06-12 13:34:00,92.6
2025-06-12 07:26:00,50.15747328871669
2025-06-12 23:59:00,50.15747328871669
2025-06-12 21:08:00,6.6
2025-06-12 16:54:00,87.7
2025-06-12 12:51:00,50.15747328871669
2025-06-12 12:09:00,70.7
2025-06-12 05:30:00,23.1
2025-06-12 16:02:00,83.1
2025-06-12 12:39:00,50.15747328871669
2025-06-12 04:52:00,1.6
2025-06-12 19:04:00,50.15747328871669
2025-06-12 09:22:00,50.15747328871669
2025-06-12 04:19:00,59.9
2025-06-12 00:45:00,13.1
2025-06-12 16:12:00,67.0
2025-06-12 04:14:00,47.5
2025-06-12 04:46:00,8.7
2025-06-12 04:13:00,26.5
2025-06-12 06:57:00,61.2
2025-06-12 21:43:00,17.0
2025-06-12 07:18:00,50.15747328871669
2025-06-12 10:34:00,93.5
2025-06-12 00:13:00,62.7
2025-06-12 19:35:00,3.6
2025-06-12 21:18:00,87.8
2025-06-12 01:17:00,69.4
2025-06-12 15:51:00,7.9
2025-06-12 11:33:00,67.1
2025-06-12 22:46:00,72.4
2025-06-12 19:18:00,81.7
2025-06-12 00:14:00,37.8
2025-06-12 18:31:00,76.3
2025-06-12 15:13:00,6.9
2025-06-12 18:11:00,6.5
2025-06-12 18:04:00,62.6
2025-06-12 05:45:00,68.5
2025-06-12 03:42:00,30.3
2025-06-12 04:58:00,50.15747328871669
2025-06-12 16:22:00,66.4
2025-06-12 13:38:00,67.8
2025-06-12 12:27:00,45.4
2025-06-12 16:35:00,91.8
2025-06-12 18:33:00,8.0
2025-06-12 09:27:00,50.15747328871669
2025-06-12 18:54:00,31.9
2025-06-12 22:29:00,35.8
2025-06-12 06:56:00,41.0
2025-06-12 11:05:00,86.0
2025-06-12 05:39:00,78.4
2025-06-12 10:15:00,94.5
2025-06-12 17:39:00,5.6
2025-06-12 02:56:00,40.4
2025-06-12 09:59:00,9.3
2025-06-12 07:49:00,50.15747328871669
2025-06-12 00:36:00,70.8
2025-06-12 06:26:00,17.3
2025-06-12 15:35:00,2.5
2025-06-12 20:15:00,98.9
2025-06-12 21:09:00,63.6
2025-06-12 08:18:00,52.1
2025-06-12 05:22:00,50.15747328871669
2025-06-12 01:05:00,82.1
2025-06-12 07:20:00,50.15747328871669
2025-06-12 13:47:00,50.3
2025-06-12 01:41:00,50.15747328871669
2025-06-12 22:52:00,39.0
2025-06-12 01:25:00,6.2
2025-06-12 09:05:00,47.6
2025-06-12 13:30:00,79.3
2025-06-12 00:39:00,77.3
2025-06-12 17:48:00,24.0
2025-06-12 02:17:00,24.8
2025-06-12 02:03:00,15.4
2025-06-12 20:33:00,82.9
2025-06-12 19:37:00,54.6
2025-06-12 00:17:00,56.0
2025-06-12 12:12:00,76.9
2025-06-12 04:09:00,79.6
2025-06-12 07:22:00,70.4
2025-06-12 14:59:00,63.0
2025-06-12 06:09:00,33.4
2025-06-12 01:34:00,0.9
2025-06-12 09:14:00,50.15747328871669
2025-06-12 18:34:00,60.5
2025-06-12 22:00:00,41.8
2025-06-12 14:54:00,26.7
2025-06-12 08:24:00,16.5
2025-06-12 09:08:00,37.6
2025-06-12 05:48:00,70.5
2025-06-12 10:06:00,89.2
2025-06-12 12:10:00,99.9
2025-06-12 21:44:00,33.4
2025-06-12 05:17:00,50.15747328871669
2025-06-12 22:44:00,11.9
2025-06-12 09:00:00,61.6
2025-06-12 17:24:00,64.9
2025-06-12 07:07:00,75.1
2025-06-12 15:37:00,79.2
2025-06-12 04:23:00,40.2
2025-06-12 01:31:00,68.5
2025-06-12 23:28:00,13.7
2025-06-12 05:10:00,50.15747328871669
2025-06-12 16:28:00,40.5
2025-06-12 13:51:00,99.2
2025-06-12 18:06:00,11.1
2025-06-12 03:36:00,50.15747328871669
2025-06-12 10:24:00,68.2
2025-06-12 10:37:00,69.9
2025-06-12 17:50:00,48.4
2025-06-12 13:33:00,50.15747328871669
2025-06-12 14:17:00,20.4
2025-06-12 22:23:00,27.0
2025-06-12 04:00:00,95.1
2025-06-12 15:22:00,61.8
2025-06-12 04:31:00,2.5
2025-06-12 23:36:00,50.07997412982127
2025-06-12 10:21:00,75.8
2025-06-12 14:22:00,81.7
2025-06-12 03:13:00,18.8
2025-06-12 00:40:00,63.2
2025-06-12 18:41:00,16.8
2025-06-12 00:12:00,26.5
2025-06-12 01:19:00,49.5
2025-06-12 07:38:00,50.07997412982127
2025-06-12 03:38:00,94.4
2025-06-12 21:36:00,50.07997412982127
2025-06-12 14:05:00,36.1
2025-06-12 06:37:00,50.07997412982127
2025-06-12 18:35:00,50.07997412982127
2025-06-12 18:18:00,3.9
2025-06-12 20:31:00,68.4
2025-06-12 18:19:00,36.8
2025-06-12 23:53:00,61.6
2025-06-12 09:28:00,6.4
2025-06-12 14:00:00,94.0
2025-06-12 00:44:00,37.4
2025-06-12 05:52:00,50.07997412982127
2025-06-12 10:41:00,17.8
2025-06-12 00:18:00,77.8
2025-06-12 12:41:00,5.6
2025-06-12 01:13:00,74.4
2025-06-12 19:58:00,57.5
2025-06-12 23:51:00,90.2
2025-06-12 05:37:00,36.3
2025-06-12 17:16:00,50.07997412982127
2025-06-12 04:40:00,15.2
2025-06-12 15:33:00,54.6
2025-06-12 08:33:00,50.07997412982127
2025-06-12 22:55:00,57.8
2025-06-12 09:58:00,99.4
2025-06-12 16:34:00,50.07997412982127
2025-06-12 09:14:00,17.4
2025-06-12 02:47:00,50.07997412982127
2025-06-12 12:20:00,50.07997412982127
2025-06-12 09:56:00,50.07997412982127
2025-06-12 06:30:00,32.2
2025-06-12 07:01:00,86.7
2025-06-12 03:27:00,71.4
2025-06-12 10:56:00,31.2
2025-06-12 23:02:00,50.07997412982127
2025-06-12 01:59:00,68.0
2025-06-12 19:13:00,50.07997412982127
2025-06-12 14:29:00,30.5
2025-06-12 18:45:00,16.4
2025-06-12 12:03:00,82.0
2025-06-12 10:07:00,59.5
2025-06-12 11:58:00,56.7
2025-06-12 01:15:00,21.0
2025-06-12 16:43:00,15.4
2025-06-12 11:03:00,50.07997412982127
2025-06-12 20:21:00,21.0
2025-06-12 06:47:00,80.4
2025-06-12 20:37:00,29.8
2025-06-12 23:11:00,60.8
2025-06-12 06:50:00,94.4
2025-06-12 21:12:00,57.5
2025-06-12 02:14:00,75.3
2025-06-12 08:40:00,97.4
2025-06-12 20:08:00,66.6
2025-06-12 22:04:00,58.1
2025-06-12 09:47:00,93.1
2025-06-12 20:55:00,50.07997412982127
2025-06-12 01:22:00,10.3
2025-06-12 16:53:00,45.8
2025-06-12 19:35:00,2.6
2025-06-12 23:12:00,50.07997412982127
2025-06-12 18:42:00,87.3
2025-06-12 10:20:00,50.07997412982127
2025-06-12 01:32:00,58.2
2025-06-12 22:34:00,44.5
2025-06-12 18:15:00,29.7
2025-06-12 02:54:00,26.1
2025-06-12 04:30:00,66.7
2025-06-12 09:59:00,50.07997412982127
2025-06-12 00:47:00,33.8
2025-06-12 04:18:00,50.07997412982127
2025-06-12 01:18:00,46.0
2025-06-12 21:21:00,50.07997412982127
2025-06-12 10:02:00,82.5
2025-06-12 18:17:00,50.07997412982127
2025-06-12 21:17:00,50.07997412982127
2025-06-12 18:16:00,12.6
2025-06-12 09:06:00,50.07997412982127
2025-06-12 13:55:00,56.3
2025-06-12 20:52:00,50.07997412982127
2025-06-12 20:26:00,16.3
2025-06-12 18:28:00,92.1
2025-06-12 18:22:00,90.5
2025-06-12 15:44:00,21.9
2025-06-12 07:10:00,30.1
2025-06-12 17:05:00,70.2
2025-06-12 14:44:00,1.1
2025-06-12 04:27:00,62.3
2025-06-12 17:48:00,8.6
2025-06-12 09:35:00,54.5
2025-06-12 11:59:00,27.4
2025-06-12 05:05:00,81.0
2025-06-12 19:02:00,50.07997412982127
2025-06-12 16:14:00,34.9
2025-06-12 02:16:00,50.07997412982127
2025-06-12 02:22:00,50.07997412982127
2025-06-12 11:00:00,82.8
2025-06-12 21:13:00,58.3
2025-06-12 15:19:00,65.8
2025-06-12 15:05:00,41.1
2025-06-12 09:04:00,50.07997412982127
2025-06-12 19:54:00,30.1
2025-06-12 05:26:00,5.1
2025-06-12 21:55:00,64.6
2025-06-12 08:08:00,5.3
2025-06-12 18:47:00,2.1
2025-06-12 00:22:00,4.5
2025-06-12 08:38:00,57.5
2025-06-12 23:06:00,97.8
2025-06-12 02:44:00,67.3
2025-06-12 01:20:00,50.07997412982127
2025-06-12 15:43:00,40.8
2025-06-12 23:04:00,4.4
2025-06-12 10:37:00,50.07997412982127
2025-06-12 06:06:00,94.1
2025-06-12 21:58:00,96.9
2025-06-12 06:01:00,33.8
2025-06-12 15:24:00,99.6
2025-06-12 00:08:00,74.6
2025-06-12 07:49:00,78.0
2025-06-12 21:14:00,50.07997412982127
2025-06-12 11:18:00,28.9
2025-06-12 08:23:00,55.2
2025-06-12 11:57:00,81.5
2025-06-12 09:13:00,39.5
2025-06-12 15:38:00,45.5
2025-06-12 15:51:00,50.07997412982127
2025-06-12 12:57:00,50.07997412982127
2025-06-12 04:32:00,13.8
2025-06-12 12:37:00,42.7
2025-06-12 23:43:00,85.9
2025-06-12 13:52:00,80.0
2025-06-12 07:14:00,13.8
2025-06-12 01:55:00,62.9
2025-06-12 21:46:00,80.3
2025-06-12 23:54:00,95.8
2025-06-12 09:42:00,30.7
2025-06-12 09:38:00,89.8
2025-06-12 09:37:00,85.5
2025-06-12 23:21:00,50.07997412982127
2025-06-12 14:19:00,8.3
2025-06-12 01:53:00,76.9
2025-06-12 20:20:00,85.5
2025-06-12 06:25:00,93.4
2025-06-12 21:18:00,17.4
2025-06-12 03:08:00,50.07997412982127
2025-06-12 03:48:00,46.5
2025-06-12 13:12:00,2.5
2025-06-12 15:03:00,11.4
2025-06-12 06:24:00,43.3
2025-06-12 15:30:00,80.2
2025-06-12 16:06:00,38.5
2025-06-12 18:36:00,50.07997412982127
2025-06-12 10:29:00,61.7
2025-06-12 12:36:00,11.0
2025-06-12 03:53:00,61.4
2025-06-12 20:41:00,51.0
2025-06-12 11:41:00,41.8
2025-06-12 00:19:00,24.1
2025-06-12 01:48:00,38.3
2025-06-12 20:25:00,42.8
2025-06-12 02:29:00,22.6
2025-06-12 07:57:00,50.07997412982127
2025-06-12 19:26:00,94.4
2025-06-12 00:23:00,77.2
2025-06-12 10:24:00,13.6
2025-06-12 10:43:00,32.9
2025-06-12 18:39:00,88.0
2025-06-12 03:12:00,29.8
2025-06-12 16:51:00,90.9
2025-06-12 03:18:00,50.07997412982127
2025-06-12 22:29:00,67.0
2025-06-12 00:15:00,17.5
2025-06-12 03:05:00,22.2
2025-06-12 14:43:00,97.6
2025-06-12 15:56:00,55.4
2025-06-12 22:07:00,81.3
2025-06-12 08:21:00,54.1
2025-06-12 23:47:00,61.6
2025-06-12 16:03:00,93.5
2025-06-12 21:44:00,1.5
2025-06-12 08:36:00,50.07997412982127
2025-06-12 17:28:00,65.2
2025-06-12 09:25:00,50.07997412982127
2025-06-12 10:08:00,57.6
2025-06-12 03:45:00,50.07997412982127
2025-06-12 09:01:00,50.07997412982127
2025-06-12 15:16:00,27.3
2025-06-12 23:18:00,50.07997412982127
2025-06-12 22:15:00,51.9
2025-06-12 04:50:00,17.6
2025-06-12 18:38:00,92.6
2025-06-12 15:08:00,97.2
2025-06-12 08:30:00,43.1
2025-06-12 07:13:00,94.0
2025-06-12 08:05:00,45.8
2025-06-12 18:34:00,27.5
2025-06-12 15:07:00,29.8
2025-06-12 16:08:00,15.0
2025-06-12 21:30:00,30.2
2025-06-12 03:51:00,64.7
2025-06-12 10:09:00,47.2
2025-06-12 17:14:00,30.6
2025-06-12 03:21:00,32.8
2025-06-12 08:54:00,66.3
2025-06-12 23:09:00,11.6
2025-06-12 03:47:00,88.0
2025-06-12 10:33:00,37.4
2025-06-12 06:07:00,13.7
2025-06-12 12:08:00,20.6
2025-06-12 12:32:00,25.6
2025-06-12 23:05:00,64.7
2025-06-12 04:13:00,6.1
2025-06-12 06:48:00,18.0
2025-06-12 12:38:00,97.4
2025-06-12 02:10:00,50.07997412982127
2025-06-12 23:48:00,75.6
2025-06-12 01:37:00,2.4
2025-06-12 20:39:00,65.4
2025-06-12 17:51:00,11.4
2025-06-12 15:54:00,80.6
2025-06-12 07:11:00,25.0
2025-06-12 14:18:00,50.07997412982127
2025-06-12 19:59:00,94.7
2025-06-12 20:04:00,4.5
2025-06-12 00:59:00,44.4
2025-06-12 12:28:00,26.0
2025-06-12 15:40:00,87.5
2025-06-12 21:49:00,88.7
2025-06-12 08:42:00,13.3
2025-06-12 01:38:00,97.7
2025-06-12 12:27:00,18.3
2025-06-12 22:42:00,68.5
2025-06-12 10:38:00,75.7
2025-06-12 00:13:00,70.7
2025-06-12 03:24:00,20.1
2025-06-12 06:12:00,70.2
2025-06-12 12:34:00,99.5
2025-06-12 00:49:00,6.9
2025-06-12 22:59:00,42.3
2025-06-12 03:17:00,87.9
2025-06-12 22:11:00,22.3
2025-06-12 07:56:00,50.07997412982127
2025-06-12 06:41:00,50.07997412982127
2025-06-12 05:11:00,65.2
2025-06-12 06:49:00,54.5
2025-06-12 08:55:00,50.07997412982127
2025-06-12 09:03:00,11.1
2025-06-12 05:55:00,84.4
2025-06-12 23:26:00,59.8
2025-06-12 13:33:00,26.5
2025-06-12 18:24:00,35.3
2025-06-12 14:46:00,20.7
2025-06-12 01:45:00,40.6
2025-06-12 10:12:00,66.0
2025-06-12 15:00:00,59.1
2025-06-12 22:38:00,50.07997412982127
2025-06-12 17:54:00,50.07997412982127
2025-06-12 07:22:00,50.07997412982127
2025-06-12 07:20:00,50.07997412982127
2025-06-12 05:54:00,14.1
2025-06-12 10:59:00,88.2
2025-06-12 00:28:00,91.5
2025-06-12 07:54:00,73.0
2025-06-12 12:05:00,55.9
2025-06-12 02:48:00,99.4
2025-06-12 16:45:00,2.7
2025-06-12 11:46:00,56.8
2025-06-12 15:14:00,48.8
2025-06-12 13:39:00,50.07997412982127
2025-06-12 18:05:00,31.6
2025-06-12 19:32:00,2.2
2025-06-12 18:56:00,16.9
2025-06-12 18:42:00,45.3
2025-06-12 23:46:00,43.3
2025-06-12 13:17:00,54.2
2025-06-12 13:31:00,58.9
2025-06-12 03:08:00,17.9
2025-06-12 14:42:00,83.2
2025-06-12 13:16:00,76.2
2025-06-12 22:29:00,42.9
2025-06-12 08:08:00,27.8
2025-06-12 03:41:00,90.2
2025-06-12 19:19:00,24.4
2025-06-12 19:29:00,48.4
2025-06-12 09:25:00,49.822039706925075
2025-06-12 02:16:00,16.3
2025-06-12 21:46:00,3.6
2025-06-12 10:06:00,8.6
2025-06-12 14:34:00,9.8
2025-06-12 23:49:00,49.822039706925075
2025-06-12 10:59:00,54.5
2025-06-12 08:48:00,7.6
2025-06-12 04:33:00,49.822039706925075
2025-06-12 13:37:00,43.2
2025-06-12 04:35:00,81.6
2025-06-12 11:28:00,26.1
2025-06-12 14:31:00,7.9
2025-06-12 04:08:00,84.8
2025-06-12 23:14:00,87.7
2025-06-12 03:37:00,19.6
2025-06-12 16:25:00,5.6
2025-06-12 01:47:00,67.0
2025-06-12 11:53:00,28.9
2025-06-12 11:46:00,98.8
2025-06-12 17:31:00,49.822039706925075
2025-06-12 05:26:00,33.0
2025-06-12 19:32:00,44.3
2025-06-12 20:26:00,79.4
2025-06-12 00:40:00,13.3
2025-06-12 11:48:00,45.1
2025-06-12 11:33:00,11.8
2025-06-12 08:31:00,32.9
2025-06-12 01:55:00,13.0
2025-06-12 19:50:00,91.4
2025-06-12 14:00:00,26.9
2025-06-12 09:53:00,46.0
2025-06-12 22:57:00,46.7
2025-06-12 13:22:00,7.3
2025-06-12 07:55:00,45.9
2025-06-12 09:54:00,49.822039706925075
2025-06-12 02:20:00,43.1
2025-06-12 06:25:00,67.6
2025-06-12 12:40:00,49.822039706925075
2025-06-12 11:02:00,74.7
2025-06-12 21:43:00,94.5
2025-06-12 23:24:00,78.9
2025-06-12 17:57:00,92.8
2025-06-12 09:27:00,49.822039706925075
2025-06-12 06:23:00,81.1
2025-06-12 05:28:00,89.8
2025-06-12 07:40:00,16.9
2025-06-12 18:13:00,74.9
2025-06-12 09:35:00,49.822039706925075
2025-06-12 23:08:00,81.1
2025-06-12 16:23:00,84.0
2025-06-12 13:26:00,17.6
2025-06-12 15:12:00,65.5
2025-06-12 03:29:00,70.3
2025-06-12 14:26:00,49.822039706925075
2025-06-12 18:15:00,85.3
2025-06-12 09:04:00,49.822039706925075
2025-06-12 12:34:00,88.2
2025-06-12 22:43:00,19.1
2025-06-12 06:43:00,95.3
2025-06-12 06:30:00,94.8
2025-06-12 07:12:00,49.822039706925075
2025-06-12 04:36:00,72.1
2025-06-12 07:44:00,63.0
2025-06-12 19:17:00,27.3
2025-06-12 16:09:00,77.1
2025-06-12 09:37:00,51.6
2025-06-12 01:22:00,31.1
2025-06-12 03:47:00,6.6
2025-06-12 11:41:00,69.1
2025-06-12 09:32:00,64.2
2025-06-12 12:03:00,78.1
2025-06-12 02:31:00,50.8
2025-06-12 03:52:00,31.6
2025-06-12 02:01:00,88.2
2025-06-12 21:48:00,70.0
2025-06-12 21:17:00,44.9
2025-06-12 23:31:00,22.8
2025-06-12 00:01:00,24.0
2025-06-12 20:35:00,49.822039706925075
2025-06-12 10:34:00,52.9
2025-06-12 20:22:00,19.0
2025-06-12 18:48:00,52.1
2025-06-12 07:46:00,82.1
2025-06-12 19:37:00,90.4
2025-06-12 15:48:00,23.8
2025-06-12 03:15:00,49.6
2025-06-12 10:49:00,49.822039706925075
2025-06-12 23:13:00,9.7
2025-06-12 22:47:00,76.9
2025-06-12 01:34:00,5.5
2025-06-12 19:57:00,21.9
2025-06-12 00:27:00,9.4
2025-06-12 21:04:00,58.3
2025-06-12 00:29:00,49.822039706925075
2025-06-12 20:16:00,60.0
2025-06-12 09:23:00,27.3
2025-06-12 12:57:00,40.4
2025-06-12 09:52:00,45.0
2025-06-12 18:11:00,19.1
2025-06-12 07:23:00,4.2
2025-06-12 06:20:00,90.5
2025-06-12 03:49:00,92.8
2025-06-12 15:37:00,62.6
2025-06-12 14:56:00,72.8
2025-06-12 01:12:00,49.822039706925075
2025-06-12 04:32:00,79.5
2025-06-12 17:44:00,48.9
2025-06-12 19:04:00,6.9
2025-06-12 12:15:00,90.8
2025-06-12 05:29:00,86.7
2025-06-12 21:35:00,49.822039706925075
2025-06-12 01:38:00,48.5
2025-06-12 06:14:00,21.1
2025-06-12 18:50:00,60.8
2025-06-12 04:46:00,52.9
2025-06-12 03:36:00,34.3
2025-06-12 06:05:00,73.7
2025-06-12 21:52:00,2.4
2025-06-12 17:37:00,49.822039706925075
2025-06-12 13:19:00,37.3
2025-06-12 06:24:00,59.7
2025-06-12 00:20:00,12.1
2025-06-12 13:49:00,49.822039706925075
2025-06-12 12:11:00,92.0
2025-06-12 14:54:00,49.822039706925075
2025-06-12 05:53:00,5.5
2025-06-12 21:57:00,49.822039706925075
2025-06-12 22:39:00,89.0
2025-06-12 09:07:00,42.9
2025-06-12 09:43:00,80.5
2025-06-12 23:38:00,59.5
2025-06-12 07:04:00,49.822039706925075
2025-06-12 16:45:00,87.2
2025-06-12 19:43:00,67.9
2025-06-12 10:27:00,6.2
2025-06-12 11:05:00,24.7
2025-06-12 15:05:00,49.822039706925075
2025-06-12 01:50:00,49.4
2025-06-12 12:13:00,68.1
2025-06-12 09:03:00,43.1
2025-06-12 00:04:00,6.0
2025-06-12 11:42:00,17.4
2025-06-12 00:57:00,85.3
2025-06-12 09:26:00,55.8
2025-06-12 12:55:00,16.3
2025-06-12 22:40:00,81.7
2025-06-12 04:48:00,56.0
2025-06-12 14:43:00,49.822039706925075
2025-06-12 15:28:00,4.1
2025-06-12 17:07:00,90.7
2025-06-12 11:49:00,16.3
2025-06-12 19:00:00,50.9
2025-06-12 17:18:00,88.5
2025-06-12 02:36:00,28.1
2025-06-12 09:39:00,57.1
2025-06-12 01:40:00,18.5
2025-06-12 16:19:00,1.7
2025-06-12 12:02:00,60.8
2025-06-12 01:13:00,94.4
2025-06-12 10:40:00,75.4
2025-06-12 04:24:00,26.5
2025-06-12 04:37:00,49.822039706925075
2025-06-12 18:25:00,28.7
2025-06-12 20:46:00,54.7
2025-06-12 14:27:00,26.8
2025-06-12 13:11:00,51.6
2025-06-12 11:36:00,79.0
2025-06-12 07:18:00,71.6
2025-06-12 09:24:00,45.4
2025-06-12 14:35:00,30.7
2025-06-12 04:15:00,49.4
2025-06-12 21:56:00,1.3
2025-06-12 12:10:00,95.3
2025-06-12 02:58:00,26.0
2025-06-12 22:16:00,53.7
2025-06-12 21:45:00,49.822039706925075
2025-06-12 07:49:00,35.6
2025-06-12 07:56:00,49.822039706925075
2025-06-12 12:23:00,79.3
2025-06-12 23:03:00,11.0
2025-06-12 09:11:00,44.0
2025-06-12 14:02:00,84.0
2025-06-12 09:47:00,14.6
2025-06-12 01:41:00,49.822039706925075
2025-06-12 00:25:00,71.9
2025-06-12 04:13:00,49.822039706925075
2025-06-12 01:11:00,91.2
2025-06-12 10:51:00,63.5
2025-06-12 07:39:00,69.8
2025-06-12 08:13:00,70.4
2025-06-12 18:27:00,55.4
2025-06-12 22:58:00,98.7
2025-06-12 13:14:00,80.2
2025-06-12 23:02:00,49.822039706925075
2025-06-12 23:34:00,60.9
2025-06-12 23:54:00,89.8
2025-06-12 07:16:00,18.8
2025-06-12 05:00:00,49.822039706925075
2025-06-12 22:08:00,98.1
2025-06-12 15:21:00,97.3
2025-06-12 19:13:00,65.3
2025-06-12 04:34:00,53.1
2025-06-12 20:12:00,74.3
2025-06-12 20:10:00,76.4
2025-06-12 17:59:00,71.0
2025-06-12 08:30:00,49.822039706925075
2025-06-12 16:20:00,49.822039706925075
2025-06-12 21:58:00,49.822039706925075
2025-06-12 06:13:00,11.9
2025-06-12 17:52:00,31.5
2025-06-12 09:29:00,21.9
2025-06-12 15:11:00,36.0
2025-06-12 17:10:00,67.7
2025-06-12 11:23:00,72.3
2025-06-12 02:24:00,90.4
2025-06-12 19:07:00,14.6
2025-06-12 07:17:00,33.7
2025-06-12 14:07:00,49.822039706925075
2025-06-12 13:47:00,36.3
2025-06-12 03:44:00,96.8
2025-06-12 01:20:00,56.2
2025-06-12 16:37:00,82.9
2025-06-12 01:18:00,58.2
2025-06-12 17:14:00,63.3
2025-06-12 04:01:00,34.9
2025-06-12 10:05:00,25.0
2025-06-12 11:44:00,88.1
2025-06-12 06:59:00,72.0
2025-06-12 23:51:00,31.2
2025-06-12 18:46:00,67.8
2025-06-12 16:36:00,53.9
2025-06-12 13:33:00,62.8
2025-06-12 04:12:00,49.822039706925075
2025-06-12 12:17:00,48.4
2025-06-12 22:59:00,67.2
2025-06-12 06:06:00,33.9
2025-06-12 14:22:00,49.822039706925075
2025-06-12 11:03:00,42.7
2025-06-12 01:30:00,32.2
2025-06-12 14:20:00,38.8
2025-06-12 16:35:00,71.7
2025-06-12 15:07:00,25.7
2025-06-12 21:00:00,87.3
2025-06-12 01:57:00,49.822039706925075
2025-06-12 21:03:00,52.1
2025-06-12 05:50:00,73.5
2025-06-12 04:43:00,78.8
2025-06-12 16:51:00,63.0
2025-06-12 22:55:00,49.822039706925075
2025-06-12 22:03:00,49.4
2025-06-12 15:43:00,49.822039706925075
2025-06-12 21:30:00,13.5
2025-06-12 04:39:00,41.2
2025-06-12 08:49:00,91.5
2025-06-12 23:00:00,22.0
2025-06-12 21:11:00,23.8
2025-06-12 18:47:00,68.3
2025-06-12 16:34:00,81.9
2025-06-12 02:17:00,49.822039706925075
2025-06-12 01:33:00,77.4
2025-06-12 14:28:00,84.7
2025-06-12 05:31:00,74.1
2025-06-12 18:35:00,61.2
2025-06-12 21:24:00,97.6
2025-06-12 00:45:00,27.9
2025-06-12 20:01:00,91.3
2025-06-12 06:10:00,6.3
2025-06-12 10:53:00,9.4
2025-06-12 12:30:00,30.9
2025-06-12 04:44:00,61.5
2025-06-12 11:30:00,20.3
2025-06-12 22:07:00,73.8
2025-06-12 12:34:00,50.313785814936594
2025-06-12 02:56:00,95.5
2025-06-12 10:49:00,0.3
2025-06-12 21:31:00,77.5
2025-06-12 14:32:00,50.313785814936594
2025-06-12 12:36:00,50.313785814936594
2025-06-12 06:43:00,6.1
2025-06-12 15:17:00,50.313785814936594
2025-06-12 08:56:00,65.3
2025-06-12 11:00:00,11.0
2025-06-12 13:22:00,50.313785814936594
2025-06-12 07:16:00,23.4
2025-06-12 04:53:00,46.9
2025-06-12 13:56:00,37.6
2025-06-12 06:19:00,54.0
2025-06-12 10:35:00,50.4
2025-06-12 08:22:00,94.2
2025-06-12 02:05:00,23.1
2025-06-12 23:32:00,43.2
2025-06-12 18:05:00,33.5
2025-06-12 09:52:00,50.313785814936594
2025-06-12 13:18:00,22.7
2025-06-12 23:37:00,24.7
2025-06-12 04:46:00,3.4
2025-06-12 03:22:00,54.0
2025-06-12 19:39:00,50.313785814936594
2025-06-12 18:31:00,63.2
2025-06-12 02:32:00,32.9
2025-06-12 23:02:00,86.1
2025-06-12 08:01:00,64.8
2025-06-12 02:53:00,50.313785814936594
2025-06-12 23:45:00,67.6
2025-06-12 13:23:00,47.2
2025-06-12 09:18:00,94.6
2025-06-12 18:50:00,24.5
2025-06-12 03:58:00,3.5
2025-06-12 02:45:00,51.3
2025-06-12 15:43:00,72.6
2025-06-12 06:28:00,18.5
2025-06-12 01:05:00,64.4
2025-06-12 02:48:00,98.7
2025-06-12 08:32:00,58.2
2025-06-12 01:46:00,50.313785814936594
2025-06-12 06:58:00,68.1
2025-06-12 09:09:00,40.3
2025-06-12 13:01:00,90.3
2025-06-12 11:51:00,50.313785814936594
2025-06-12 10:24:00,86.8
2025-06-12 13:59:00,63.7
2025-06-12 03:02:00,69.7
2025-06-12 02:42:00,3.1
2025-06-12 03:31:00,53.1
2025-06-12 09:48:00,47.2
2025-06-12 07:11:00,88.9
2025-06-12 07:56:00,50.313785814936594
2025-06-12 08:25:00,13.4
2025-06-12 01:50:00,40.4
2025-06-12 08:33:00,90.3
2025-06-12 10:53:00,39.2
2025-06-12 11:44:00,28.3
2025-06-12 17:09:00,63.0
2025-06-12 17:33:00,28.5
2025-06-12 14:10:00,23.7
2025-06-12 13:58:00,21.9
2025-06-12 08:05:00,40.1
2025-06-12 11:39:00,85.2
2025-06-12 06:42:00,84.3
2025-06-12 18:54:00,69.4
2025-06-12 22:23:00,50.313785814936594
2025-06-12 11:43:00,37.7
2025-06-12 21:30:00,52.5
2025-06-12 03:33:00,8.7
2025-06-12 00:37:00,50.313785814936594
2025-06-12 23:58:00,43.4
2025-06-12 22:43:00,42.1
2025-06-12 04:02:00,48.7
2025-06-12 12:04:00,14.2
2025-06-12 16:25:00,2.5
2025-06-12 16:34:00,47.3
2025-06-12 02:08:00,0.8
2025-06-12 02:00:00,50.313785814936594
2025-06-12 19:30:00,20.4
2025-06-12 05:59:00,81.5
2025-06-12 20:20:00,75.1
2025-06-12 05:01:00,88.7
2025-06-12 16:02:00,30.0
2025-06-12 22:52:00,49.7
2025-06-12 00:29:00,37.0
2025-06-12 23:33:00,65.1
2025-06-12 18:42:00,18.4
2025-06-12 22:59:00,66.4
2025-06-12 21:44:00,58.8
2025-06-12 08:27:00,60.3
2025-06-12 04:30:00,71.6
2025-06-12 11:20:00,12.8
2025-06-12 22:49:00,57.8
2025-06-12 00:39:00,67.5
2025-06-12 19:36:00,31.0
2025-06-12 20:21:00,46.4
2025-06-12 07:58:00,69.3
2025-06-12 06:06:00,69.1
2025-06-12 04:50:00,29.4
2025-06-12 22:32:00,30.6
2025-06-12 05:51:00,91.9
2025-06-12 16:59:00,80.0
2025-06-12 01:15:00,40.8
2025-06-12 18:08:00,56.3
2025-06-12 12:40:00,11.7
2025-06-12 17:58:00,58.0
2025-06-12 08:57:00,59.2
2025-06-12 08:12:00,34.5
2025-06-12 03:18:00,18.4
2025-06-12 18:36:00,88.1
2025-06-12 12:17:00,82.9
2025-06-12 16:48:00,50.313785814936594
2025-06-12 05:21:00,50.313785814936594
2025-06-12 00:46:00,50.313785814936594
2025-06-12 01:11:00,50.313785814936594
2025-06-12 08:52:00,10.3
2025-06-12 17:11:00,15.4
2025-06-12 04:49:00,50.313785814936594
2025-06-12 09:54:00,88.0
2025-06-12 17:35:00,94.9
2025-06-12 14:27:00,50.313785814936594
2025-06-12 18:20:00,88.9
2025-06-12 18:41:00,42.5
2025-06-12 18:14:00,94.6
2025-06-12 11:05:00,32.9
2025-06-12 03:25:00,4.5
2025-06-12 09:10:00,50.313785814936594
2025-06-12 21:08:00,5.4
2025-06-12 07:15:00,23.5
2025-06-12 12:09:00,42.7
2025-06-12 00:26:00,54.5
2025-06-12 22:45:00,13.7
2025-06-12 22:46:00,9.5
2025-06-12 21:56:00,16.1
2025-06-12 19:22:00,81.2
2025-06-12 05:35:00,56.2
2025-06-12 07:38:00,84.8
2025-06-12 23:48:00,55.0
2025-06-12 04:18:00,22.4
2025-06-12 08:38:00,50.313785814936594
2025-06-12 08:43:00,59.3
2025-06-12 12:02:00,60.4
2025-06-12 19:34:00,96.9
2025-06-12 01:49:00,55.4
2025-06-12 03:32:00,11.4
2025-06-12 21:34:00,89.3
2025-06-12 14:51:00,50.313785814936594
2025-06-12 10:38:00,63.1
2025-06-12 07:21:00,60.9
2025-06-12 17:56:00,57.5
2025-06-12 10:14:00,32.7
2025-06-12 12:19:00,50.313785814936594
2025-06-12 02:14:00,8.6
2025-06-12 01:38:00,30.7
2025-06-12 22:04:00,11.5
2025-06-12 12:58:00,64.7
2025-06-12 20:25:00,63.3
2025-06-12 04:04:00,50.313785814936594
2025-06-12 19:12:00,50.313785814936594
2025-06-12 08:45:00,21.2
2025-06-12 05:11:00,87.8
2025-06-12 09:23:00,85.9
2025-06-12 11:37:00,49.9
2025-06-12 15:23:00,19.9
2025-06-12 10:48:00,90.0
2025-06-12 11:32:00,0.5
2025-06-12 19:19:00,8.2
2025-06-12 06:08:00,39.4
2025-06-12 04:25:00,25.6
2025-06-12 06:22:00,19.9
2025-06-12 17:00:00,17.0
2025-06-12 12:03:00,48.7
2025-06-12 08:02:00,76.3
2025-06-12 20:12:00,50.313785814936594
2025-06-12 01:20:00,99.3
2025-06-12 15:09:00,99.8
2025-06-12 09:07:00,0.2
2025-06-12 20:35:00,81.9
2025-06-12 13:08:00,50.313785814936594
2025-06-12 04:35:00,34.3
2025-06-12 21:20:00,50.313785814936594
2025-06-12 10:45:00,84.6
2025-06-12 10:51:00,64.1
2025-06-12 16:57:00,93.1
2025-06-12 21:46:00,13.0
2025-06-12 10:15:00,88.8
2025-06-12 19:40:00,66.1
2025-06-12 04:08:00,63.8
2025-06-12 04:58:00,76.0
2025-06-12 14:31:00,51.3
2025-06-12 21:49:00,36.6
2025-06-12 05:37:00,72.7
2025-06-12 14:56:00,78.7
2025-06-12 18:52:00,59.9
2025-06-12 21:01:00,83.8
2025-06-12 17:17:00,8.8
2025-06-12 01:31:00,48.5
2025-06-12 20:05:00,82.1
2025-06-12 17:30:00,30.1
2025-06-12 04:24:00,68.2
2025-06-12 16:20:00,61.2
2025-06-12 05:14:00,90.6
2025-06-12 00:17:00,11.0
2025-06-12 06:18:00,2.4
2025-06-12 12:49:00,73.5
2025-06-12 12:46:00,24.7
2025-06-12 10:08:00,8.4
2025-06-12 02:24:00,50.313785814936594
2025-06-12 02:16:00,50.313785814936594
2025-06-12 17:15:00,39.9
2025-06-12 04:28:00,85.9
2025-06-12 17:14:00,77.5
2025-06-12 11:45:00,3.0
2025-06-12 16:22:00,35.6
2025-06-12 07:49:00,50.313785814936594
2025-06-12 12:55:00,88.1
2025-06-12 13:17:00,89.0
2025-06-12 04:09:00,33.7
2025-06-12 19:02:00,66.3
2025-06-12 02:59:00,7.0
2025-06-12 11:53:00,22.3
2025-06-12 05:48:00,16.0
2025-06-12 11:22:00,75.9
2025-06-12 20:48:00,50.313785814936594
2025-06-12 12:57:00,99.3
2025-06-12 16:56:00,59.7
2025-06-12 23:29:00,4.1
2025-06-12 19:28:00,0.3
2025-06-12 05:43:00,86.4
2025-06-12 13:20:00,50.313785814936594
2025-06-12 10:25:00,32.3
2025-06-12 20:23:00,97.8
2025-06-12 20:57:00,93.8
2025-06-12 05:36:00,79.8
2025-06-12 04:12:00,22.3
2025-06-12 09:21:00,81.6
2025-06-12 17:29:00,41.1
2025-06-12 01:02:00,60.7
2025-06-12 23:56:00,74.9
2025-06-12 01:13:00,93.7
2025-06-12 05:27:00,36.3
2025-06-12 11:52:00,68.5
2025-06-12 14:12:00,50.313785814936594
2025-06-12 00:09:00,32.1
2025-06-12 03:48:00,61.5
2025-06-12 01:39:00,93.1
2025-06-12 13:30:00,43.6
2025-06-12 15:14:00,90.4
2025-06-12 09:38:00,26.6
2025-06-12 08:58:00,50.313785814936594
2025-06-12 21:54:00,50.6
2025-06-12 19:48:00,70.9
2025-06-12 05:03:00,25.2
2025-06-12 04:23:00,23.0
2025-06-12 19:04:00,50.313785814936594
2025-06-12 05:28:00,64.6
2025-06-12 10:30:00,58.2
2025-06-12 18:04:00,85.8
2025-06-12 08:33:00,39.3
2025-06-12 22:54:00,19.6
2025-06-12 01:53:00,49.947505013566115
2025-06-12 03:18:00,51.2
2025-06-12 08:14:00,40.7
2025-06-12 03:15:00,25.1
2025-06-12 16:54:00,49.947505013566115
2025-06-12 06:34:00,17.4
2025-06-12 10:29:00,41.9
2025-06-12 06:43:00,76.1
2025-06-12 13:01:00,69.8
2025-06-12 22:26:00,9.2
2025-06-12 05:30:00,85.0
2025-06-12 22:07:00,7.7
2025-06-12 09:05:00,31.2
2025-06-12 20:24:00,34.6
2025-06-12 15:03:00,55.6
2025-06-12 10:32:00,54.8
2025-06-12 18:16:00,0.1
2025-06-12 08:24:00,20.3
2025-06-12 20:09:00,76.2
2025-06-12 01:24:00,5.2
2025-06-12 13:16:00,22.9
2025-06-12 01:13:00,29.4
2025-06-12 02:38:00,45.4
2025-06-12 14:57:00,1.7
2025-06-12 10:12:00,49.947505013566115
2025-06-12 13:29:00,49.947505013566115
2025-06-12 05:03:00,75.2
2025-06-12 02:01:00,40.6
2025-06-12 22:17:00,49.0
2025-06-12 20:12:00,24.7
2025-06-12 06:11:00,9.1
2025-06-12 19:50:00,31.5
2025-06-12 17:12:00,49.6
2025-06-12 06:05:00,53.1
2025-06-12 16:55:00,20.1
2025-06-12 02:35:00,49.947505013566115
2025-06-12 23:14:00,74.2
2025-06-12 03:45:00,12.9
2025-06-12 02:00:00,27.9
2025-06-12 06:55:00,26.3
2025-06-12 01:10:00,49.947505013566115
2025-06-12 23:54:00,39.8
2025-06-12 06:46:00,49.947505013566115
2025-06-12 09:23:00,76.2
2025-06-12 01:51:00,29.7
2025-06-12 23:34:00,36.6
2025-06-12 02:47:00,27.1
2025-06-12 05:47:00,28.1
2025-06-12 07:52:00,36.0
2025-06-12 00:11:00,49.947505013566115
2025-06-12 14:08:00,49.947505013566115
2025-06-12 08:15:00,76.7
2025-06-12 20:06:00,49.947505013566115
2025-06-12 00:16:00,49.947505013566115
2025-06-12 05:37:00,93.0
2025-06-12 09:41:00,70.2
2025-06-12 05:29:00,93.1
2025-06-12 02:18:00,54.0
2025-06-12 07:35:00,49.947505013566115
2025-06-12 10:06:00,97.7
2025-06-12 06:40:00,85.9
2025-06-12 15:02:00,86.1
2025-06-12 22:56:00,79.9
2025-06-12 02:48:00,85.0
2025-06-12 07:02:00,5.5
2025-06-12 14:09:00,21.0
2025-06-12 09:19:00,33.8
2025-06-12 07:03:00,49.947505013566115
2025-06-12 10:41:00,32.6
2025-06-12 19:09:00,22.0
2025-06-12 18:37:00,42.4
2025-06-12 00:43:00,36.9
2025-06-12 16:33:00,22.6
2025-06-12 20:01:00,49.947505013566115
2025-06-12 03:26:00,69.8
2025-06-12 15:20:00,27.4
2025-06-12 05:27:00,60.3
2025-06-12 18:35:00,69.0
2025-06-12 14:05:00,67.7
2025-06-12 18:46:00,49.947505013566115
2025-06-12 17:11:00,55.3
2025-06-12 03:35:00,49.947505013566115
2025-06-12 05:43:00,6.8
2025-06-12 05:01:00,49.947505013566115
2025-06-12 19:17:00,98.5
2025-06-12 16:46:00,29.2
2025-06-12 05:38:00,4.3
2025-06-12 07:50:00,63.7
2025-06-12 21:06:00,89.7
2025-06-12 06:52:00,77.2
2025-06-12 08:59:00,49.947505013566115
2025-06-12 06:57:00,49.947505013566115
2025-06-12 06:58:00,92.8
2025-06-12 23:31:00,13.3
2025-06-12 01:08:00,49.947505013566115
2025-06-12 00:17:00,55.7
2025-06-12 10:53:00,1.9
2025-06-12 09:09:00,12.7
2025-06-12 04:46:00,49.947505013566115
2025-06-12 05:12:00,61.2
2025-06-12 16:30:00,45.3
2025-06-12 09:33:00,49.947505013566115
2025-06-12 08:12:00,34.4
2025-06-12 22:25:00,49.947505013566115
2025-06-12 06:17:00,16.7
2025-06-12 23:08:00,61.7
2025-06-12 04:19:00,17.3
2025-06-12 01:15:00,30.4
2025-06-12 07:11:00,37.8
2025-06-12 06:04:00,16.6
2025-06-12 01:05:00,17.9
2025-06-12 01:39:00,36.5
2025-06-12 21:34:00,85.5
2025-06-12 03:28:00,68.3
2025-06-12 21:52:00,49.947505013566115
2025-06-12 12:47:00,89.0
2025-06-12 07:13:00,1.3
2025-06-12 19:45:00,78.4
2025-06-12 03:37:00,31.2
2025-06-12 01:30:00,49.947505013566115
2025-06-12 17:51:00,39.1
2025-06-12 19:06:00,50.7
2025-06-12 12:06:00,19.5
2025-06-12 01:40:00,49.947505013566115
2025-06-12 21:09:00,63.9
2025-06-12 12:20:00,20.5
2025-06-12 14:11:00,71.4
2025-06-12 10:43:00,49.947505013566115
2025-06-12 13:02:00,68.6
2025-06-12 17:22:00,1.0
2025-06-12 15:56:00,77.6
2025-06-12 10:40:00,91.7
2025-06-12 19:15:00,80.6
2025-06-12 02:58:00,27.2
2025-06-12 07:25:00,8.9
2025-06-12 19:51:00,39.3
2025-06-12 12:59:00,11.0
2025-06-12 03:31:00,50.1
2025-06-12 15:43:00,63.1
2025-06-12 19:03:00,5.1
2025-06-12 23:06:00,71.0
2025-06-12 08:07:00,81.3
2025-06-12 20:51:00,89.8
2025-06-12 11:20:00,76.5
2025-06-12 02:17:00,6.5
2025-06-12 01:56:00,80.7
2025-06-12 16:34:00,93.9
2025-06-12 09:44:00,49.947505013566115
2025-06-12 09:53:00,49.947505013566115
2025-06-12 08:19:00,12.1
2025-06-12 16:27:00,67.5
2025-06-12 20:42:00,21.5
2025-06-12 12:36:00,78.4
2025-06-12 23:42:00,56.0
2025-06-12 00:03:00,49.947505013566115
2025-06-12 00:35:00,8.5
2025-06-12 12:53:00,73.7
2025-06-12 12:56:00,9.1
2025-06-12 21:31:00,5.6
2025-06-12 05:48:00,3.8
2025-06-12 19:23:00,51.2
2025-06-12 23:32:00,64.7
2025-06-12 00:19:00,28.2
2025-06-12 05:22:00,3.9
2025-06-12 10:16:00,49.947505013566115
2025-06-12 20:29:00,53.0
2025-06-12 23:36:00,43.3
2025-06-12 10:39:00,25.1
2025-06-12 20:56:00,1.0
2025-06-12 22:27:00,22.6
2025-06-12 09:48:00,79.3
2025-06-12 00:27:00,86.0
2025-06-12 22:08:00,5.6
2025-06-12 18:03:00,86.9
2025-06-12 17:30:00,7.6
2025-06-12 22:53:00,49.5
2025-06-12 14:39:00,49.947505013566115
2025-06-12 14:03:00,49.947505013566115
2025-06-12 23:09:00,29.9
2025-06-12 20:26:00,73.5
2025-06-12 15:38:00,49.947505013566115
2025-06-12 15:41:00,70.8
2025-06-12 05:28:00,83.0
2025-06-12 19:47:00,49.947505013566115
2025-06-12 12:04:00,51.7
2025-06-12 08:03:00,30.5
2025-06-12 21:14:00,49.947505013566115
2025-06-12 11:26:00,41.3
2025-06-12 14:43:00,49.947505013566115
2025-06-12 00:45:00,52.9
2025-06-12 08:56:00,2.7
2025-06-12 22:30:00,78.4
2025-06-12 21:16:00,32.4
2025-06-12 01:02:00,81.1
2025-06-12 13:09:00,67.7
2025-06-12 05:46:00,97.8
2025-06-12 22:09:00,84.3
2025-06-12 03:21:00,84.9
2025-06-12 05:34:00,64.6
2025-06-12 18:50:00,42.3
2025-06-12 17:07:00,53.1
2025-06-12 00:28:00,49.947505013566115
2025-06-12 16:53:00,92.0
2025-06-12 06:09:00,84.3
2025-06-12 15:04:00,30.1
2025-06-12 14:21:00,24.9
2025-06-12 19:36:00,8.2
2025-06-12 00:04:00,45.4
2025-06-12 14:50:00,42.6
2025-06-12 03:19:00,3.0
2025-06-12 14:59:00,5.3
2025-06-12 10:51:00,39.0
2025-06-12 10:03:00,2.0
2025-06-12 14:02:00,49.947505013566115
2025-06-12 18:44:00,55.5
2025-06-12 22:15:00,89.0
2025-06-12 04:50:00,86.2
2025-06-12 13:40:00,15.3
2025-06-12 14:37:00,49.947505013566115
2025-06-12 02:04:00,61.7
2025-06-12 02:40:00,19.4
2025-06-12 13:05:00,90.3
2025-06-12 09:49:00,60.1
2025-06-12 11:49:00,18.9
2025-06-12 01:44:00,16.3
2025-06-12 15:32:00,73.0
2025-06-12 12:54:00,63.9
2025-06-12 02:05:00,10.9
2025-06-12 06:01:00,54.3
2025-06-12 15:46:00,76.4
2025-06-12 10:35:00,3.6
2025-06-12 04:33:00,49.947505013566115
2025-06-12 00:46:00,96.2
2025-06-12 18:24:00,49.947505013566115
2025-06-12 00:10:00,4.3
2025-06-12 21:15:00,15.7
2025-06-12 10:05:00,11.1
2025-06-12 12:05:00,76.4
2025-06-12 20:04:00,39.4
2025-06-12 10:44:00,49.947505013566115
2025-06-12 13:31:00,56.1
2025-06-12 16:50:00,98.3
2025-06-12 04:48:00,41.7
2025-06-12 02:19:00,3.6
2025-06-12 11:56:00,37.4
2025-06-12 15:08:00,74.0
2025-06-12 07:58:00,89.2
2025-06-12 12:28:00,81.2
2025-06-12 12:17:00,90.0
2025-06-12 04:14:00,32.2
2025-06-12 00:02:00,84.8
2025-06-12 02:33:00,95.1
2025-06-12 20:32:00,57.1
2025-06-12 02:22:00,95.0
2025-06-12 03:41:00,25.8
2025-06-12 00:12:00,36.3
2025-06-12 12:24:00,63.9
2025-06-12 20:18:00,49.947505013566115
2025-06-12 09:38:00,44.5
2025-06-12 11:52:00,49.947505013566115
2025-06-12 23:35:00,43.0
2025-06-12 17:48:00,41.1
2025-06-12 16:44:00,96.7
2025-06-12 00:54:00,57.9
2025-06-12 19:07:00,49.947505013566115
2025-06-12 04:09:00,41.8
2025-06-12 22:18:00,49.947505013566115
2025-06-12 16:45:00,38.3
2025-06-12 03:16:00,49.947505013566115
2025-06-12 19:37:00,48.0
2025-06-12 00:38:00,49.947505013566115
2025-06-12 14:33:00,13.7
2025-06-12 22:43:00,56.8
2025-06-12 21:05:00,96.9
2025-06-12 09:59:00,85.2
2025-06-12 14:52:00,49.947505013566115
2025-06-12 23:25:00,43.2
2025-06-12 18:57:00,77.9
2025-06-12 14:49:00,93.1
2025-06-12 11:01:00,42.3
2025-06-12 05:39:00,17.8
2025-06-12 16:26:00,59.0
2025-06-12 23:23:00,8.2
2025-06-12 11:02:00,20.7
2025-06-12 19:01:00,5.1
2025-06-12 12:25:00,10.1
2025-06-12 18:27:00,7.4
2025-06-12 12:45:00,49.947505013566115
2025-06-12 17:00:00,49.947505013566115
2025-06-12 01:01:00,35.3
2025-06-12 21:23:00,70.7
2025-06-12 06:33:00,56.8
2025-06-12 10:22:00,19.1
2025-06-12 09:59:00,55.5
2025-06-12 21:07:00,20.8
2025-06-12 08:51:00,57.9
2025-06-12 21:55:00,76.3
2025-06-12 13:45:00,36.4
2025-06-12 15:09:00,96.8
2025-06-12 21:57:00,95.0
2025-06-12 08:43:00,32.4
2025-06-12 07:50:00,27.7
2025-06-12 04:55:00,91.6
2025-06-12 13:38:00,3.0
2025-06-12 09:53:00,49.0
2025-06-12 07:58:00,99.5
2025-06-12 00:05:00,50.31471380077256
2025-06-12 09:51:00,75.5
2025-06-12 15:19:00,49.4
2025-06-12 01:51:00,81.3
2025-06-12 03:21:00,22.5
2025-06-12 18:19:00,49.9
2025-06-12 10:03:00,58.9
2025-06-12 21:48:00,61.5
2025-06-12 22:41:00,7.7
2025-06-12 12:25:00,8.4
2025-06-12 17:47:00,50.31471380077256
2025-06-12 10:45:00,48.0
2025-06-12 01:00:00,65.6
2025-06-12 15:21:00,89.0
2025-06-12 02:34:00,36.8
2025-06-12 00:04:00,48.2
2025-06-12 23:07:00,40.3
2025-06-12 06:32:00,16.0
2025-06-12 14:32:00,50.31471380077256
2025-06-12 19:39:00,15.6
2025-06-12 13:19:00,50.31471380077256
2025-06-12 19:02:00,92.7
2025-06-12 06:54:00,7.1
2025-06-12 10:01:00,23.8
2025-06-12 13:44:00,87.3
2025-06-12 14:38:00,4.8
2025-06-12 00:54:00,78.2
2025-06-12 22:29:00,98.0
2025-06-12 15:23:00,50.31471380077256
2025-06-12 18:06:00,2.2
2025-06-12 12:56:00,99.4
2025-06-12 06:13:00,50.31471380077256
2025-06-12 13:17:00,72.9
2025-06-12 18:54:00,54.9
2025-06-12 15:27:00,68.2
2025-06-12 00:26:00,21.2
2025-06-12 00:41:00,3.9
2025-06-12 22:54:00,92.1
2025-06-12 12:15:00,51.2
2025-06-12 07:55:00,37.2
2025-06-12 21:08:00,50.31471380077256
2025-06-12 06:29:00,98.2
2025-06-12 20:47:00,92.8
2025-06-12 02:00:00,70.2
2025-06-12 07:29:00,53.7
2025-06-12 00:50:00,66.4
2025-06-12 07:08:00,40.9
2025-06-12 07:02:00,90.4
2025-06-12 06:12:00,19.4
2025-06-12 22:27:00,93.3
2025-06-12 03:52:00,50.31471380077256
2025-06-12 18:37:00,6.7
2025-06-12 14:07:00,23.4
2025-06-12 06:37:00,46.4
2025-06-12 11:15:00,11.2
2025-06-12 11:10:00,14.3
2025-06-12 15:25:00,55.9
2025-06-12 12:33:00,75.5
2025-06-12 15:42:00,75.6
2025-06-12 18:15:00,37.7
2025-06-12 01:59:00,50.31471380077256
2025-06-12 05:26:00,29.0
2025-06-12 10:55:00,50.31471380077256
2025-06-12 14:37:00,10.0
2025-06-12 04:25:00,95.0
2025-06-12 09:27:00,23.1
2025-06-12 07:27:00,50.31471380077256
2025-06-12 21:12:00,50.31471380077256
2025-06-12 18:48:00,5.1
2025-06-12 23:05:00,28.2
2025-06-12 14:35:00,37.8
2025-06-12 01:39:00,70.9
2025-06-12 07:59:00,41.0
2025-06-12 23:59:00,16.0
2025-06-12 00:58:00,80.9
2025-06-12 07:04:00,54.9
2025-06-12 13:59:00,50.31471380077256
2025-06-12 11:55:00,46.3
2025-06-12 15:37:00,31.9
2025-06-12 07:11:00,44.8
2025-06-12 08:29:00,76.8
2025-06-12 19:07:00,89.5
2025-06-12 17:52:00,50.31471380077256
2025-06-12 03:18:00,3.7
2025-06-12 05:33:00,15.4
2025-06-12 03:11:00,57.6
2025-06-12 09:08:00,68.0
2025-06-12 18:30:00,14.5
2025-06-12 22:36:00,72.6
2025-06-12 12:34:00,60.7
2025-06-12 22:48:00,85.2
2025-06-12 16:47:00,28.1
2025-06-12 18:14:00,48.1
2025-06-12 09:21:00,73.8
2025-06-12 01:44:00,26.2
2025-06-12 21:15:00,63.1
2025-06-12 11:24:00,50.31471380077256
2025-06-12 19:32:00,45.0
2025-06-12 05:36:00,50.31471380077256
2025-06-12 11:49:00,1.3
2025-06-12 10:20:00,50.31471380077256
2025-06-12 22:57:00,83.0
2025-06-12 06:00:00,45.2
2025-06-12 17:59:00,41.8
2025-06-12 13:01:00,39.8
2025-06-12 05:40:00,28.4
2025-06-12 15:10:00,84.8
2025-06-12 02:43:00,84.9
2025-06-12 12:39:00,93.0
2025-06-12 04:48:00,43.0
2025-06-12 01:45:00,8.4
2025-06-12 03:56:00,83.7
2025-06-12 16:57:00,12.9
2025-06-12 23:08:00,86.7
2025-06-12 10:26:00,26.8
2025-06-12 07:03:00,50.31471380077256
2025-06-12 22:35:00,3.7
2025-06-12 19:14:00,71.8
2025-06-12 05:04:00,70.4
2025-06-12 18:43:00,73.7
2025-06-12 19:11:00,0.7
2025-06-12 14:00:00,26.1
2025-06-12 10:19:00,42.2
2025-06-12 06:59:00,60.4
2025-06-12 23:54:00,45.7
2025-06-12 14:24:00,59.0
2025-06-12 11:37:00,59.2
2025-06-12 00:44:00,80.8
2025-06-12 22:39:00,6.2
2025-06-12 13:50:00,34.6
2025-06-12 06:18:00,82.8
2025-06-12 21:51:00,50.31471380077256
2025-06-12 23:36:00,5.1
2025-06-12 02:17:00,63.0
2025-06-12 08:25:00,50.31471380077256
2025-06-12 20:23:00,88.1
2025-06-12 14:23:00,35.7
2025-06-12 16:33:00,67.0
2025-06-12 04:16:00,6.5
2025-06-12 06:55:00,94.3
2025-06-12 10:37:00,50.31471380077256
2025-06-12 23:13:00,28.7
2025-06-12 18:38:00,87.3
2025-06-12 14:01:00,55.2
2025-06-12 16:24:00,19.4
2025-06-12 09:49:00,44.4
2025-06-12 01:08:00,81.5
2025-06-12 18:16:00,9.1
2025-06-12 16:29:00,44.7
2025-06-12 09:23:00,97.6
2025-06-12 18:35:00,50.31471380077256
2025-06-12 22:21:00,83.6
2025-06-12 18:32:00,27.1
2025-06-12 02:52:00,8.0
2025-06-12 12:06:00,37.9
2025-06-12 20:04:00,65.2
2025-06-12 15:29:00,83.4
2025-06-12 08:07:00,73.3
2025-06-12 07:23:00,50.8
2025-06-12 00:29:00,35.5
2025-06-12 12:46:00,37.4
2025-06-12 18:52:00,19.0
2025-06-12 00:28:00,50.31471380077256
2025-06-12 03:37:00,68.4
2025-06-12 12:44:00,58.6
2025-06-12 12:47:00,32.7
2025-06-12 09:58:00,3.4
2025-06-12 07:22:00,42.7
2025-06-12 21:18:00,13.7
2025-06-12 10:33:00,50.31471380077256
2025-06-12 17:09:00,1.0
2025-06-12 03:48:00,68.1
2025-06-12 02:06:00,50.31471380077256
2025-06-12 04:03:00,7.4
2025-06-12 06:14:00,22.9
2025-06-12 15:48:00,63.9
2025-06-12 07:34:00,92.9
2025-06-12 06:30:00,48.7
2025-06-12 11:27:00,64.0
2025-06-12 16:43:00,20.6
2025-06-12 23:29:00,66.7
2025-06-12 01:57:00,76.5
2025-06-12 20:58:00,65.8
2025-06-12 09:15:00,59.3
2025-06-12 19:23:00,40.4
2025-06-12 08:54:00,50.31471380077256
2025-06-12 18:17:00,11.0
2025-06-12 03:58:00,95.6
2025-06-12 04:17:00,99.5
2025-06-12 13:52:00,69.5
2025-06-12 20:18:00,62.2
2025-06-12 08:41:00,69.1
2025-06-12 08:02:00,37.7
2025-06-12 06:41:00,13.9
2025-06-12 14:52:00,53.8
2025-06-12 23:14:00,55.2
2025-06-12 09:16:00,37.2
2025-06-12 03:16:00,74.3
2025-06-12 21:50:00,30.9
2025-06-12 13:37:00,84.5
2025-06-12 23:48:00,53.4
2025-06-12 04:10:00,98.2
2025-06-12 18:04:00,50.31471380077256
2025-06-12 20:29:00,66.3
2025-06-12 03:54:00,6.6
2025-06-12 11:48:00,38.9
2025-06-12 18:51:00,36.3
2025-06-12 20:46:00,89.8
2025-06-12 01:38:00,30.8
2025-06-12 18:41:00,42.2
2025-06-12 09:34:00,16.7
2025-06-12 06:58:00,51.0
2025-06-12 12:52:00,95.4
2025-06-12 06:46:00,52.3
2025-06-12 10:50:00,14.9
2025-06-12 17:18:00,50.31471380077256
2025-06-12 23:47:00,10.7
2025-06-12 17:25:00,50.4
2025-06-12 11:51:00,24.3
2025-06-12 11:19:00,24.5
2025-06-12 10:57:00,50.31471380077256
2025-06-12 19:25:00,50.31471380077256
2025-06-12 13:08:00,30.8
2025-06-12 17:39:00,50.31471380077256
2025-06-12 23:38:00,19.4
2025-06-12 02:56:00,11.4
2025-06-12 16:19:00,79.8
2025-06-12 01:43:00,1.3
2025-06-12 03:03:00,78.8
2025-06-12 12:10:00,44.0
2025-06-12 10:13:00,1.8
2025-06-12 02:24:00,50.31471380077256
2025-06-12 07:37:00,64.0
2025-06-12 06:26:00,68.8
2025-06-12 00:32:00,90.8
2025-06-12 19:53:00,26.7
2025-06-12 18:34:00,86.1
2025-06-12 10:46:00,19.7
2025-06-12 16:08:00,71.7
2025-06-12 15:45:00,18.4
2025-06-12 05:58:00,67.1
2025-06-12 00:39:00,40.7
2025-06-12 19:28:00,22.3
2025-06-12 21:43:00,86.4
2025-06-12 03:12:00,50.31471380077256
2025-06-12 13:33:00,56.4
2025-06-12 13:30:00,9.5
2025-06-12 02:57:00,17.9
2025-06-12 05:15:00,61.5
2025-06-12 17:22:00,3.9
2025-06-12 07:57:00,97.9
2025-06-12 18:55:00,93.0
2025-06-12 16:44:00,84.6
2025-06-12 10:43:00,39.2
2025-06-12 01:16:00,78.1
2025-06-12 00:12:00,26.3
2025-06-12 16:59:00,50.31471380077256
2025-06-12 23:00:00,50.31471380077256
2025-06-12 14:43:00,88.9
2025-06-12 17:53:00,20.1
2025-06-12 10:54:00,50.4
2025-06-12 23:51:00,84.3
2025-06-12 15:47:00,43.3
2025-06-12 18:08:00,23.8
2025-06-12 00:07:00,20.8
2025-06-12 09:33:00,43.0
2025-06-12 00:52:00,72.7
2025-06-12 12:02:00,43.2
2025-06-12 01:29:00,55.4
2025-06-12 21:39:00,41.2
2025-06-12 07:06:00,26.9
2025-06-12 07:52:00,7.5
2025-06-12 07:00:00,48.5
2025-06-12 18:23:00,45.3
2025-06-12 13:15:00,50.31471380077256
2025-06-12 18:42:00,16.7
2025-06-12 16:22:00,28.7
2025-06-12 20:22:00,32.2
2025-06-12 01:10:00,23.5
2025-06-12 20:50:00,21.9
2025-06-12 13:14:00,9.2
2025-06-12 13:00:00,51.9
2025-06-12 00:12:00,37.8
2025-06-12 09:01:00,33.5
2025-06-12 20:01:00,40.5
2025-06-12 18:43:00,11.4
2025-06-12 01:30:00,5.1
2025-06-12 04:52:00,73.0
2025-06-12 19:36:00,49.873700916999766
2025-06-12 13:26:00,49.873700916999766
2025-06-12 16:55:00,34.9
2025-06-12 05:42:00,53.3
2025-06-12 01:34:00,83.7
2025-06-12 17:11:00,24.1
2025-06-12 22:04:00,65.4
2025-06-12 14:06:00,26.5
2025-06-12 03:51:00,68.6
2025-06-12 22:25:00,1.3
2025-06-12 20:49:00,52.0
2025-06-12 14:24:00,63.9
2025-06-12 00:52:00,15.4
2025-06-12 08:08:00,76.5
2025-06-12 13:00:00,49.873700916999766
2025-06-12 01:43:00,9.2
2025-06-12 19:38:00,34.8
2025-06-12 15:18:00,15.7
2025-06-12 19:57:00,49.873700916999766
2025-06-12 08:09:00,66.1
2025-06-12 10:17:00,28.0
2025-06-12 13:54:00,49.873700916999766
2025-06-12 07:45:00,49.873700916999766
2025-06-12 11:14:00,81.0
2025-06-12 14:38:00,15.8
2025-06-12 13:44:00,53.6
2025-06-12 15:28:00,49.873700916999766
2025-06-12 08:35:00,81.1
2025-06-12 07:38:00,82.4
2025-06-12 08:36:00,49.873700916999766
2025-06-12 21:08:00,92.8
2025-06-12 15:55:00,24.4
2025-06-12 09:05:00,65.6
2025-06-12 02:11:00,5.3
2025-06-12 18:17:00,46.1
2025-06-12 11:48:00,97.6
2025-06-12 00:10:00,66.9
2025-06-12 19:49:00,68.7
2025-06-12 04:44:00,49.873700916999766
2025-06-12 06:46:00,49.873700916999766
2025-06-12 06:11:00,84.1
2025-06-12 01:29:00,35.1
2025-06-12 14:51:00,9.7
2025-06-12 03:32:00,36.2
2025-06-12 21:30:00,39.4
2025-06-12 20:02:00,95.7
2025-06-12 09:11:00,50.5
2025-06-12 01:23:00,52.5
2025-06-12 08:10:00,22.3
2025-06-12 11:43:00,41.4
2025-06-12 14:00:00,80.4
2025-06-12 12:32:00,73.8
2025-06-12 11:24:00,93.4
2025-06-12 11:00:00,2.9
2025-06-12 23:15:00,65.2
2025-06-12 00:57:00,68.0
2025-06-12 15:46:00,87.4
2025-06-12 10:20:00,55.6
2025-06-12 08:58:00,49.873700916999766
2025-06-12 22:58:00,52.3
2025-06-12 21:58:00,50.5
2025-06-12 16:42:00,2.0
2025-06-12 09:39:00,64.1
2025-06-12 15:37:00,26.2
2025-06-12 17:12:00,18.4
2025-06-12 06:02:00,89.5
2025-06-12 13:24:00,19.4
2025-06-12 19:03:00,32.5
2025-06-12 05:26:00,88.3
2025-06-12 01:26:00,54.7
2025-06-12 02:56:00,23.4
2025-06-12 10:09:00,3.0
2025-06-12 13:42:00,47.8
2025-06-12 17:08:00,80.4
2025-06-12 00:48:00,45.1
2025-06-12 12:53:00,88.9
2025-06-12 20:33:00,49.7
2025-06-12 17:59:00,46.9
2025-06-12 01:53:00,69.6
2025-06-12 09:41:00,68.6
2025-06-12 10:51:00,63.4
2025-06-12 04:58:00,49.873700916999766
2025-06-12 14:12:00,51.5
2025-06-12 13:17:00,88.2
2025-06-12 20:55:00,38.1
2025-06-12 17:41:00,42.7
2025-06-12 10:30:00,64.8
2025-06-12 00:22:00,37.7
2025-06-12 04:01:00,4.1
2025-06-12 08:37:00,82.0
2025-06-12 02:13:00,64.5
2025-06-12 13:29:00,69.3
2025-06-12 09:08:00,57.7
2025-06-12 12:34:00,19.5
2025-06-12 16:40:00,7.4
2025-06-12 11:35:00,59.8
2025-06-12 06:13:00,98.4
2025-06-12 12:41:00,40.4
2025-06-12 13:43:00,80.4
2025-06-12 18:06:00,32.6
2025-06-12 09:23:00,84.6
2025-06-12 20:13:00,87.3
2025-06-12 12:50:00,76.8
2025-06-12 05:33:00,49.873700916999766
2025-06-12 19:43:00,33.9
2025-06-12 12:02:00,8.1
2025-06-12 09:03:00,82.5
2025-06-12 22:49:00,79.5
2025-06-12 18:55:00,52.4
2025-06-12 18:52:00,49.873700916999766
2025-06-12 16:53:00,14.7
2025-06-12 23:06:00,69.8
2025-06-12 23:28:00,41.8
2025-06-12 05:01:00,17.5
2025-06-12 14:13:00,55.0
2025-06-12 19:54:00,6.0
2025-06-12 04:42:00,0.1
2025-06-12 06:27:00,11.9
2025-06-12 03:43:00,49.873700916999766
2025-06-12 02:08:00,71.2
2025-06-12 13:59:00,48.4
2025-06-12 04:31:00,57.5
2025-06-12 11:04:00,49.873700916999766
2025-06-12 20:45:00,81.5
2025-06-12 19:41:00,84.2
2025-06-12 10:55:00,49.873700916999766
2025-06-12 10:39:00,49.873700916999766
2025-06-12 11:37:00,70.0
2025-06-12 07:03:00,49.873700916999766
2025-06-12 02:38:00,52.8
2025-06-12 11:27:00,5.3
2025-06-12 15:06:00,49.873700916999766
2025-06-12 09:56:00,54.7
2025-06-12 02:25:00,49.873700916999766
2025-06-12 10:13:00,10.0
2025-06-12 22:31:00,29.5
2025-06-12 08:00:00,61.8
2025-06-12 22:56:00,16.0
2025-06-12 05:10:00,1.2
2025-06-12 19:08:00,0.7
2025-06-12 16:24:00,49.873700916999766
2025-06-12 17:27:00,58.0
2025-06-12 11:11:00,17.2
2025-06-12 21:47:00,49.873700916999766
2025-06-12 13:12:00,80.3
2025-06-12 08:18:00,47.8
2025-06-12 01:25:00,3.2
2025-06-12 18:12:00,29.9
2025-06-12 11:38:00,26.3
2025-06-12 14:34:00,44.8
2025-06-12 20:21:00,76.7
2025-06-12 18:18:00,3.4
2025-06-12 01:02:00,73.9
2025-06-12 01:35:00,52.0
2025-06-12 02:53:00,6.5
2025-06-12 18:48:00,23.2
2025-06-12 14:57:00,86.5
2025-06-12 20:46:00,91.0
2025-06-12 09:47:00,39.9
2025-06-12 02:50:00,49.873700916999766
2025-06-12 14:37:00,49.873700916999766
2025-06-12 00:44:00,26.0
2025-06-12 01:00:00,68.7
2025-06-12 15:04:00,93.0
2025-06-12 01:07:00,20.0
2025-06-12 17:33:00,78.9
2025-06-12 22:33:00,12.1
2025-06-12 04:37:00,49.873700916999766
2025-06-12 17:00:00,34.8
2025-06-12 08:41:00,8.0
2025-06-12 23:10:00,2.5
2025-06-12 12:59:00,96.9
2025-06-12 05:04:00,56.2
2025-06-12 15:49:00,66.6
2025-06-12 08:14:00,4.0
2025-06-12 01:47:00,56.4
2025-06-12 02:20:00,75.3
2025-06-12 10:31:00,50.3
2025-06-12 11:42:00,69.9
2025-06-12 18:26:00,74.7
2025-06-12 13:11:00,99.8
2025-06-12 18:33:00,75.4
2025-06-12 23:26:00,3.8
2025-06-12 16:19:00,71.5
2025-06-12 11:09:00,6.4
2025-06-12 07:11:00,78.8
2025-06-12 19:12:00,82.5
2025-06-12 16:51:00,16.3
2025-06-12 23:34:00,1.2
2025-06-12 16:29:00,76.5
2025-06-12 18:47:00,42.0
2025-06-12 19:52:00,22.6
2025-06-12 00:37:00,86.5
2025-06-12 11:26:00,19.6
2025-06-12 16:43:00,63.4
2025-06-12 07:49:00,53.8
2025-06-12 21:03:00,28.8
2025-06-12 08:47:00,50.3
2025-06-12 14:20:00,45.1
2025-06-12 20:29:00,58.4
2025-06-12 18:09:00,85.2
2025-06-12 13:52:00,4.1
2025-06-12 22:02:00,49.1
2025-06-12 00:45:00,29.9
2025-06-12 21:25:00,93.9
2025-06-12 02:33:00,19.1
2025-06-12 18:56:00,87.5
2025-06-12 04:03:00,6.9
2025-06-12 08:27:00,83.7
2025-06-12 01:33:00,45.3
2025-06-12 17:43:00,17.1
2025-06-12 15:03:00,67.5
2025-06-12 11:31:00,34.0
2025-06-12 18:46:00,45.7
2025-06-12 00:31:00,80.9
2025-06-12 16:05:00,74.6
2025-06-12 20:19:00,49.873700916999766
2025-06-12 11:29:00,49.873700916999766
2025-06-12 13:08:00,64.9
2025-06-12 01:19:00,49.873700916999766
2025-06-12 03:36:00,12.2
2025-06-12 23:19:00,95.5
2025-06-12 07:48:00,38.6
2025-06-12 18:23:00,25.7
2025-06-12 22:17:00,16.6
2025-06-12 06:08:00,91.2
2025-06-12 17:42:00,1.8
2025-06-12 14:46:00,80.2
2025-06-12 13:39:00,11.9
2025-06-12 21:11:00,66.9
2025-06-12 00:29:00,46.2
2025-06-12 11:05:00,36.3
2025-06-12 03:19:00,70.4
2025-06-12 12:15:00,71.4
2025-06-12 19:46:00,35.3
2025-06-12 03:25:00,28.2
2025-06-12 07:39:00,49.5
2025-06-12 05:43:00,45.7
2025-06-12 01:42:00,21.8
2025-06-12 02:02:00,49.873700916999766
2025-06-12 06:35:00,83.0
2025-06-12 05:09:00,17.5
2025-06-12 22:24:00,34.7
2025-06-12 05:19:00,11.0
2025-06-12 09:26:00,94.6
2025-06-12 13:06:00,91.6
2025-06-12 23:07:00,88.7
2025-06-12 03:08:00,15.9
2025-06-12 10:50:00,88.0
2025-06-12 00:15:00,21.2
2025-06-12 03:59:00,22.6
2025-06-12 03:41:00,4.6
2025-06-12 11:33:00,31.2
2025-06-12 09:43:00,90.0
2025-06-12 00:24:00,69.8
2025-06-12 07:15:00,74.2
2025-06-12 17:31:00,42.1
2025-06-12 08:44:00,20.4
2025-06-12 02:10:00,12.0
2025-06-12 00:23:00,53.1
2025-06-12 09:38:00,49.873700916999766
2025-06-12 05:45:00,23.2
2025-06-12 14:35:00,17.9
2025-06-12 16:13:00,35.3
2025-06-12 05:14:00,60.1
2025-06-12 11:17:00,97.9
2025-06-12 20:43:00,60.4
2025-06-12 01:58:00,62.5
2025-06-12 06:18:00,49.873700916999766
2025-06-12 01:15:00,82.1
2025-06-12 10:59:00,63.8
2025-06-12 10:12:00,88.8
2025-06-12 20:48:00,56.1
2025-06-12 21:57:00,12.2
2025-06-12 17:51:00,95.6
2025-06-12 17:20:00,10.4
2025-06-12 03:49:00,65.8
2025-06-12 14:32:00,99.9
2025-06-12 22:36:00,36.5
2025-06-12 02:05:00,53.8
2025-06-12 14:26:00,37.8
2025-06-12 06:49:00,46.4
2025-06-12 00:41:00,14.5
2025-06-12 05:23:00,33.5
2025-06-12 13:37:00,94.0
2025-06-12 14:58:00,78.3
2025-06-12 13:04:00,66.8
2025-06-12 07:50:00,3.1
2025-06-12 11:04:00,82.2
2025-06-12 05:52:00,98.8
2025-06-12 15:04:00,19.2
2025-06-12 14:43:00,67.3
2025-06-12 01:41:00,21.0
2025-06-12 22:12:00,14.9
2025-06-12 21:01:00,11.0
2025-06-12 17:07:00,82.8
2025-06-12 12:35:00,84.0
2025-06-12 10:59:00,35.1
2025-06-12 20:12:00,49.660353652861794
2025-06-12 01:47:00,40.2
2025-06-12 15:12:00,47.1
2025-06-12 09:04:00,0.9
2025-06-12 18:18:00,58.1
2025-06-12 20:40:00,12.6
2025-06-12 11:06:00,87.0
2025-06-12 08:38:00,49.660353652861794
2025-06-12 06:46:00,1.0
2025-06-12 17:57:00,96.9
2025-06-12 07:25:00,63.5
2025-06-12 06:16:00,2.1
2025-06-12 04:06:00,76.0
2025-06-12 03:30:00,0.9
2025-06-12 19:35:00,49.660353652861794
2025-06-12 23:28:00,93.6
2025-06-12 04:32:00,49.660353652861794
2025-06-12 04:50:00,87.6
2025-06-12 17:17:00,73.0
2025-06-12 18:05:00,3.1
2025-06-12 11:37:00,50.2
2025-06-12 09:31:00,49.0
2025-06-12 12:37:00,76.6
2025-06-12 18:16:00,3.9
2025-06-12 11:22:00,82.6
2025-06-12 16:28:00,98.3
2025-06-12 13:02:00,54.6
2025-06-12 20:57:00,52.4
2025-06-12 14:36:00,22.2
2025-06-12 08:48:00,0.8
2025-06-12 06:06:00,59.4
2025-06-12 22:01:00,0.6
2025-06-12 22:48:00,49.660353652861794
2025-06-12 18:17:00,0.4
2025-06-12 23:45:00,38.5
2025-06-12 05:43:00,49.660353652861794
2025-06-12 21:42:00,49.6
2025-06-12 22:14:00,49.660353652861794
2025-06-12 22:08:00,85.7
2025-06-12 14:20:00,70.7
2025-06-12 04:03:00,95.8
2025-06-12 03:31:00,88.8
2025-06-12 23:41:00,49.660353652861794
2025-06-12 12:38:00,29.8
2025-06-12 08:45:00,59.3
2025-06-12 19:24:00,61.1
2025-06-12 08:04:00,49.660353652861794
2025-06-12 07:02:00,43.2
2025-06-12 12:55:00,71.1
2025-06-12 10:52:00,59.7
2025-06-12 16:19:00,57.2
2025-06-12 00:21:00,49.660353652861794
2025-06-12 04:22:00,68.5
2025-06-12 10:31:00,75.0
2025-06-12 17:02:00,52.4
2025-06-12 22:36:00,96.5
2025-06-12 20:11:00,49.660353652861794
2025-06-12 08:51:00,1.8
2025-06-12 01:29:00,49.660353652861794
2025-06-12 03:16:00,67.7
2025-06-12 08:25:00,53.0
2025-06-12 19:06:00,29.8
2025-06-12 00:46:00,13.2
2025-06-12 14:16:00,72.7
2025-06-12 18:44:00,48.2
2025-06-12 03:45:00,67.4
2025-06-12 08:59:00,92.8
2025-06-12 09:06:00,20.6
2025-06-12 21:44:00,24.2
2025-06-12 14:37:00,72.5
2025-06-12 12:05:00,40.2
2025-06-12 17:20:00,24.8
2025-06-12 06:54:00,62.2
2025-06-12 06:07:00,85.6
2025-06-12 06:11:00,1.9
2025-06-12 01:09:00,16.3
2025-06-12 06:49:00,89.9
2025-06-12 19:41:00,0.5
2025-06-12 03:02:00,52.0
2025-06-12 00:01:00,18.5
2025-06-12 16:33:00,81.1
2025-06-12 04:17:00,53.4
2025-06-12 21:14:00,49.660353652861794
2025-06-12 14:57:00,2.3
2025-06-12 05:17:00,78.7
2025-06-12 22:10:00,89.2
2025-06-12 10:04:00,66.8
2025-06-12 10:08:00,84.4
2025-06-12 20:45:00,48.5
2025-06-12 01:32:00,68.4
2025-06-12 06:43:00,14.3
2025-06-12 06:39:00,54.5
2025-06-12 16:34:00,63.6
2025-06-12 09:22:00,42.5
2025-06-12 16:29:00,6.5
2025-06-12 14:07:00,61.3
2025-06-12 23:24:00,49.660353652861794
2025-06-12 22:19:00,46.1
2025-06-12 12:41:00,70.2
2025-06-12 17:46:00,49.660353652861794
2025-06-12 08:19:00,14.5
2025-06-12 17:27:00,52.7
2025-06-12 04:27:00,49.660353652861794
2025-06-12 06:33:00,3.4
2025-06-12 15:38:00,68.6
2025-06-12 12:22:00,27.4
2025-06-12 15:50:00,32.5
2025-06-12 13:36:00,23.1
2025-06-12 17:42:00,49.660353652861794
2025-06-12 07:08:00,91.1
2025-06-12 14:38:00,87.0
2025-06-12 11:05:00,57.5
2025-06-12 11:09:00,50.4
2025-06-12 12:03:00,44.1
2025-06-12 18:48:00,13.9
2025-06-12 13:27:00,49.6
2025-06-12 06:02:00,27.4
2025-06-12 06:44:00,66.3
2025-06-12 20:14:00,81.7
2025-06-12 20:52:00,34.7
2025-06-12 03:46:00,49.660353652861794
2025-06-12 19:34:00,52.0
2025-06-12 04:45:00,36.4
2025-06-12 07:04:00,13.8
2025-06-12 21:39:00,58.5
2025-06-12 02:06:00,33.4
2025-06-12 23:18:00,61.7
2025-06-12 10:39:00,20.1
2025-06-12 19:11:00,3.2
2025-06-12 05:08:00,37.0
2025-06-12 01:49:00,17.4
2025-06-12 04:43:00,78.5
2025-06-12 21:04:00,71.0
2025-06-12 06:10:00,41.4
2025-06-12 19:27:00,48.1
2025-06-12 23:25:00,80.7
2025-06-12 23:23:00,11.0
2025-06-12 00:04:00,18.2
2025-06-12 18:51:00,49.660353652861794
2025-06-12 07:19:00,16.3
2025-06-12 14:23:00,72.3
2025-06-12 15:40:00,19.3
2025-06-12 23:03:00,78.4
2025-06-12 06:14:00,79.2
2025-06-12 21:32:00,0.8
2025-06-12 11:42:00,64.9
2025-06-12 11:03:00,14.7
2025-06-12 19:58:00,94.7
2025-06-12 14:39:00,49.660353652861794
2025-06-12 15:08:00,98.0
2025-06-12 06:13:00,52.7
2025-06-12 19:21:00,32.1
2025-06-12 00:59:00,49.660353652861794
2025-06-12 18:50:00,49.660353652861794
2025-06-12 14:35:00,18.3
2025-06-12 08:15:00,56.1
2025-06-12 22:51:00,67.1
2025-06-12 14:30:00,28.6
2025-06-12 09:18:00,91.7
2025-06-12 14:50:00,26.2
2025-06-12 14:08:00,61.3
2025-06-12 15:31:00,49.660353652861794
2025-06-12 10:43:00,78.7
2025-06-12 22:32:00,11.9
2025-06-12 13:59:00,64.9
2025-06-12 08:44:00,22.9
2025-06-12 05:16:00,49.660353652861794
2025-06-12 20:35:00,49.6
2025-06-12 13:14:00,49.660353652861794
2025-06-12 10:47:00,61.8
2025-06-12 19:49:00,15.4
2025-06-12 16:23:00,50.8
2025-06-12 18:37:00,37.2
2025-06-12 23:36:00,17.0
2025-06-12 13:17:00,49.660353652861794
2025-06-12 15:53:00,58.6
2025-06-12 01:46:00,49.660353652861794
2025-06-12 07:55:00,24.9
2025-06-12 05:27:00,46.7
2025-06-12 09:46:00,82.1
2025-06-12 21:35:00,55.6
2025-06-12 23:16:00,70.4
2025-06-12 16:54:00,92.3
2025-06-12 20:50:00,19.5
2025-06-12 11:35:00,95.4
2025-06-12 00:52:00,82.4
2025-06-12 02:45:00,29.8
2025-06-12 08:21:00,32.1
2025-06-12 10:30:00,28.2
2025-06-12 22:15:00,6.9
2025-06-12 21:24:00,41.5
2025-06-12 00:08:00,56.8
2025-06-12 06:58:00,26.6
2025-06-12 16:49:00,53.8
2025-06-12 17:25:00,86.6
2025-06-12 02:24:00,56.6
2025-06-12 02:56:00,36.9
2025-06-12 01:27:00,57.0
2025-06-12 15:41:00,49.660353652861794
2025-06-12 10:45:00,49.660353652861794
2025-06-12 06:34:00,61.8
2025-06-12 12:20:00,48.1
2025-06-12 07:49:00,96.1
2025-06-12 01:39:00,46.7
2025-06-12 11:27:00,99.3
2025-06-12 08:31:00,11.7
2025-06-12 07:16:00,38.1
2025-06-12 20:26:00,62.2
2025-06-12 19:48:00,49.660353652861794
2025-06-12 16:42:00,55.0
2025-06-12 07:10:00,87.0
2025-06-12 02:39:00,8.9
2025-06-12 11:40:00,58.6
2025-06-12 15:28:00,24.5
2025-06-12 21:23:00,7.0
2025-06-12 00:14:00,20.4
2025-06-12 16:48:00,73.9
2025-06-12 08:08:00,11.7
2025-06-12 07:59:00,86.8
2025-06-12 08:16:00,34.6
2025-06-12 01:25:00,2.0
2025-06-12 03:52:00,33.5
2025-06-12 23:19:00,49.9
2025-06-12 11:51:00,46.4
2025-06-12 23:00:00,13.2
2025-06-12 08:35:00,49.660353652861794
2025-06-12 00:20:00,9.8
2025-06-12 20:00:00,58.4
2025-06-12 07:09:00,27.8
2025-06-12 15:47:00,73.4
2025-06-12 22:41:00,77.4
2025-06-12 02:57:00,59.3
2025-06-12 10:36:00,7.7
2025-06-12 00:56:00,58.8
2025-06-12 21:43:00,49.660353652861794
2025-06-12 06:32:00,25.7
2025-06-12 23:44:00,27.0
2025-06-12 03:49:00,17.2
2025-06-12 05:25:00,44.4
2025-06-12 09:55:00,67.5
2025-06-12 10:03:00,55.3
2025-06-12 20:18:00,26.9
2025-06-12 08:03:00,7.4
2025-06-12 12:44:00,95.6
2025-06-12 01:33:00,57.7
2025-06-12 23:11:00,94.9
2025-06-12 02:22:00,89.8
2025-06-12 02:05:00,45.2
2025-06-12 12:59:00,43.4
2025-06-12 15:24:00,44.3
2025-06-12 10:07:00,30.2
2025-06-12 23:17:00,90.8
2025-06-12 07:53:00,81.9
2025-06-12 08:01:00,96.7
2025-06-12 08:29:00,84.6
2025-06-12 13:19:00,81.2
2025-06-12 00:18:00,72.2
2025-06-12 09:37:00,78.7
2025-06-12 04:51:00,43.5
2025-06-12 09:56:00,34.1
2025-06-12 09:01:00,77.5
2025-06-12 06:29:00,49.660353652861794
2025-06-12 19:31:00,59.1
2025-06-12 11:14:00,34.0
2025-06-12 14:47:00,34.4
2025-06-12 20:38:00,33.3
2025-06-12 09:53:00,61.8
2025-06-12 17:51:00,49.660353652861794
2025-06-12 07:20:00,57.9
2025-06-12 23:55:00,62.5
2025-06-12 04:44:00,88.2
2025-06-12 05:06:00,20.3
2025-06-12 23:27:00,34.3
2025-06-12 08:39:00,50.5
2025-06-12 04:16:00,76.5
2025-06-12 15:59:00,49.660353652861794
2025-06-12 15:33:00,33.8
2025-06-12 01:50:00,30.1
2025-06-12 16:46:00,30.7
2025-06-12 20:20:00,22.0
2025-06-12 16:16:00,49.9804001872221
2025-06-12 20:04:00,64.6
2025-06-12 16:13:00,49.9804001872221
2025-06-12 18:00:00,67.9
2025-06-12 02:12:00,30.2
2025-06-12 20:06:00,49.9804001872221
2025-06-12 12:30:00,3.7
2025-06-12 13:07:00,49.9804001872221
2025-06-12 20:27:00,70.2
2025-06-12 08:44:00,17.2
2025-06-12 10:41:00,38.0
2025-06-12 02:58:00,49.9804001872221
2025-06-12 15:30:00,37.2
2025-06-12 14:07:00,10.2
2025-06-12 04:47:00,40.7
2025-06-12 01:30:00,19.6
2025-06-12 23:35:00,49.9804001872221
2025-06-12 12:26:00,87.1
2025-06-12 19:04:00,61.7
2025-06-12 14:29:00,23.8
2025-06-12 09:48:00,19.5
2025-06-12 09:58:00,49.9804001872221
2025-06-12 01:33:00,31.8
2025-06-12 03:59:00,49.7
2025-06-12 15:31:00,35.3
2025-06-12 04:19:00,92.6
2025-06-12 21:10:00,49.9804001872221
2025-06-12 18:05:00,64.9
2025-06-12 02:22:00,49.9804001872221
2025-06-12 00:11:00,59.7
2025-06-12 17:01:00,86.8
2025-06-12 15:07:00,88.5
2025-06-12 01:19:00,88.5
2025-06-12 16:47:00,49.9804001872221
2025-06-12 05:36:00,67.0
2025-06-12 00:23:00,58.3
2025-06-12 09:45:00,24.2
2025-06-12 10:55:00,70.6
2025-06-12 13:21:00,49.9804001872221
2025-06-12 10:29:00,0.6
2025-06-12 09:38:00,62.7
2025-06-12 02:44:00,63.5
2025-06-12 17:31:00,28.3
2025-06-12 15:09:00,41.8
2025-06-12 08:41:00,49.9804001872221
2025-06-12 15:12:00,76.7
2025-06-12 07:08:00,43.1
2025-06-12 19:52:00,71.0
2025-06-12 09:15:00,61.4
2025-06-12 11:55:00,38.8
2025-06-12 07:48:00,49.9804001872221
2025-06-12 12:11:00,62.3
2025-06-12 12:17:00,63.3
2025-06-12 02:09:00,65.1
2025-06-12 06:44:00,91.6
2025-06-12 08:09:00,1.5
2025-06-12 11:09:00,84.3
2025-06-12 09:51:00,78.3
2025-06-12 23:36:00,94.9
2025-06-12 05:33:00,28.0
2025-06-12 02:51:00,90.6
2025-06-12 13:24:00,43.7
2025-06-12 11:02:00,49.9804001872221
2025-06-12 00:58:00,8.3
2025-06-12 19:13:00,82.4
2025-06-12 17:29:00,82.9
2025-06-12 03:10:00,69.1
2025-06-12 02:52:00,51.1
2025-06-12 08:04:00,39.0
2025-06-12 11:05:00,15.1
2025-06-12 21:25:00,37.1
2025-06-12 01:07:00,64.1
2025-06-12 18:59:00,43.5
2025-06-12 12:55:00,40.4
2025-06-12 08:33:00,40.4
2025-06-12 21:55:00,65.2
2025-06-12 12:10:00,18.0
2025-06-12 17:27:00,96.4
2025-06-12 10:36:00,91.2
2025-06-12 19:48:00,45.4
2025-06-12 08:24:00,5.2
2025-06-12 15:48:00,59.3
2025-06-12 23:40:00,91.6
2025-06-12 20:14:00,51.8
2025-06-12 02:38:00,17.9
2025-06-12 06:58:00,21.7
2025-06-12 03:47:00,13.1
2025-06-12 16:18:00,49.9804001872221
2025-06-12 03:51:00,60.8
2025-06-12 16:31:00,45.4
2025-06-12 07:03:00,69.6
2025-06-12 00:06:00,46.4
2025-06-12 00:51:00,63.9
2025-06-12 20:08:00,77.6
2025-06-12 12:15:00,75.3
2025-06-12 15:33:00,33.9
2025-06-12 07:52:00,49.9804001872221
2025-06-12 03:46:00,52.5
2025-06-12 04:22:00,49.9804001872221
2025-06-12 01:00:00,11.1
2025-06-12 22:49:00,49.9804001872221
2025-06-12 04:20:00,29.1
2025-06-12 09:13:00,9.8
2025-06-12 14:31:00,88.0
2025-06-12 19:06:00,50.8
2025-06-12 18:27:00,40.7
2025-06-12 22:48:00,75.6
2025-06-12 00:20:00,54.3
2025-06-12 19:50:00,88.2
2025-06-12 19:37:00,18.7
2025-06-12 07:06:00,65.1
2025-06-12 14:30:00,71.6
2025-06-12 06:06:00,88.6
2025-06-12 06:55:00,34.4
2025-06-12 02:18:00,21.4
2025-06-12 01:02:00,9.3
2025-06-12 05:00:00,84.6
2025-06-12 08:16:00,49.9804001872221
2025-06-12 18:29:00,12.7
2025-06-12 03:55:00,52.9
2025-06-12 10:30:00,41.4
2025-06-12 13:38:00,49.1
2025-06-12 23:49:00,27.8
2025-06-12 08:07:00,86.0
2025-06-12 05:46:00,46.9
2025-06-12 00:30:00,6.4
2025-06-12 18:56:00,76.6
2025-06-12 00:28:00,76.7
2025-06-12 13:18:00,49.9804001872221
2025-06-12 05:30:00,45.3
2025-06-12 03:20:00,68.0
2025-06-12 15:54:00,55.9
2025-06-12 21:31:00,49.9804001872221
2025-06-12 11:20:00,64.2
2025-06-12 00:36:00,77.3
2025-06-12 07:38:00,49.9804001872221
2025-06-12 19:45:00,24.5
2025-06-12 03:16:00,55.7
2025-06-12 18:46:00,72.3
2025-06-12 15:34:00,89.3
2025-06-12 14:20:00,49.9804001872221
2025-06-12 21:13:00,24.2
2025-06-12 22:01:00,87.9
2025-06-12 23:06:00,98.5
2025-06-12 12:00:00,14.4
2025-06-12 00:50:00,63.0
2025-06-12 05:07:00,82.8
2025-06-12 02:02:00,82.9
2025-06-12 23:34:00,61.3
2025-06-12 08:56:00,7.7
2025-06-12 08:54:00,78.3
2025-06-12 03:57:00,78.6
2025-06-12 13:22:00,86.1
2025-06-12 07:42:00,9.2
2025-06-12 22:30:00,31.0
2025-06-12 04:48:00,79.5
2025-06-12 14:12:00,68.9
2025-06-12 11:22:00,93.9
2025-06-12 16:49:00,49.9804001872221
2025-06-12 16:12:00,49.9804001872221
2025-06-12 04:36:00,95.3
2025-06-12 07:49:00,63.3
2025-06-12 10:14:00,0.9
2025-06-12 22:52:00,44.8
2025-06-12 01:05:00,65.9
2025-06-12 19:38:00,65.5
2025-06-12 02:26:00,90.9
2025-06-12 18:58:00,24.5
2025-06-12 06:24:00,46.7
2025-06-12 10:09:00,2.6
2025-06-12 15:49:00,45.7
2025-06-12 18:06:00,12.3
2025-06-12 06:45:00,49.9804001872221
2025-06-12 18:40:00,49.9804001872221
2025-06-12 16:33:00,73.0
2025-06-12 09:27:00,15.5
2025-06-12 02:00:00,1.3
2025-06-12 00:35:00,46.9
2025-06-12 14:43:00,71.1
2025-06-12 08:43:00,13.7
2025-06-12 03:48:00,39.6
2025-06-12 15:26:00,29.9
2025-06-12 08:36:00,22.5
2025-06-12 17:46:00,55.9
2025-06-12 14:40:00,4.7
2025-06-12 06:20:00,87.2
2025-06-12 15:17:00,71.2
2025-06-12 05:50:00,70.0
2025-06-12 07:04:00,16.3
2025-06-12 06:49:00,2.8
2025-06-12 07:20:00,26.7
2025-06-12 15:45:00,65.9
2025-06-12 04:06:00,80.6
2025-06-12 14:33:00,35.2
2025-06-12 13:34:00,89.3
2025-06-12 06:35:00,15.7
2025-06-12 08:29:00,10.4
2025-06-12 11:07:00,85.3
2025-06-12 09:26:00,78.8
2025-06-12 22:54:00,81.8
2025-06-12 14:06:00,49.9804001872221
2025-06-12 11:37:00,28.4
2025-06-12 16:48:00,86.8
2025-06-12 02:01:00,6.3
2025-06-12 21:41:00,35.8
2025-06-12 09:18:00,97.2
2025-06-12 20:02:00,42.1
2025-06-12 23:43:00,11.9
2025-06-12 03:49:00,94.9
2025-06-12 04:45:00,61.3
2025-06-12 23:01:00,64.5
2025-06-12 01:56:00,17.8
2025-06-12 03:07:00,56.2
2025-06-12 09:39:00,60.5
2025-06-12 02:47:00,83.1
2025-06-12 23:58:00,51.3
2025-06-12 00:53:00,85.4
2025-06-12 02:37:00,38.5
2025-06-12 17:04:00,12.9
2025-06-12 01:45:00,63.4
2025-06-12 11:51:00,96.9
2025-06-12 16:36:00,33.9
2025-06-12 03:00:00,0.3
2025-06-12 06:53:00,49.9804001872221
2025-06-12 04:35:00,67.1
2025-06-12 03:35:00,47.2
2025-06-12 19:59:00,18.7
2025-06-12 14:50:00,69.6
2025-06-12 19:14:00,65.4
2025-06-12 07:17:00,84.1
2025-06-12 05:59:00,57.8
2025-06-12 18:45:00,49.9804001872221
2025-06-12 21:22:00,50.5
2025-06-12 01:52:00,60.5
2025-06-12 23:52:00,49.9804001872221
2025-06-12 02:36:00,82.0
2025-06-12 05:42:00,86.5
2025-06-12 13:09:00,21.9
2025-06-12 05:47:00,62.3
2025-06-12 04:57:00,49.9804001872221
2025-06-12 15:46:00,34.8
2025-06-12 10:19:00,49.9804001872221
2025-06-12 19:58:00,11.1
2025-06-12 23:37:00,26.7
2025-06-12 01:21:00,87.7
2025-06-12 20:25:00,18.1
2025-06-12 00:44:00,72.5
2025-06-12 00:00:00,41.2
2025-06-12 11:35:00,91.7
2025-06-12 05:02:00,72.1
2025-06-12 12:57:00,68.2
2025-06-12 15:20:00,32.1
2025-06-12 12:12:00,51.1
2025-06-12 11:46:00,32.9
2025-06-12 23:25:00,98.7
2025-06-12 18:09:00,62.4
2025-06-12 11:44:00,47.9
2025-06-12 19:55:00,82.8
2025-06-12 12:56:00,29.9
2025-06-12 09:55:00,31.8
2025-06-12 16:52:00,38.6
2025-06-12 16:26:00,41.8
2025-06-12 17:23:00,30.6
2025-06-12 04:30:00,74.6
2025-06-12 14:39:00,43.4
2025-06-12 12:43:00,66.4
2025-06-12 19:10:00,76.9
2025-06-12 01:54:00,77.4
2025-06-12 17:30:00,49.9804001872221
2025-06-12 12:59:00,54.4
2025-06-12 10:48:00,87.6
2025-06-12 11:32:00,10.6
2025-06-12 15:11:00,49.9804001872221
2025-06-12 20:26:00,3.3
2025-06-12 15:27:00,70.0
2025-06-12 11:18:00,49.9804001872221
2025-06-12 17:47:00,11.4
2025-06-12 19:40:00,63.0
2025-06-12 00:14:00,76.3
2025-06-12 08:57:00,5.3
2025-06-12 17:58:00,5.8
2025-06-12 16:25:00,42.2
2025-06-12 03:33:00,49.9804001872221
2025-06-12 15:44:00,92.1
2025-06-12 23:12:00,47.1
2025-06-12 05:17:00,49.9804001872221
2025-06-12 09:19:00,93.5
2025-06-12 12:37:00,30.9
2025-06-12 03:06:00,86.5
2025-06-12 03:29:00,6.7
2025-06-12 17:43:00,35.4
2025-06-12 13:26:00,20.2
2025-06-12 01:36:00,49.9804001872221
2025-06-12 22:40:00,40.9
2025-06-12 08:38:00,39.3
2025-06-12 08:02:00,8.6
2025-06-12 05:25:00,31.2
2025-06-12 04:38:00,49.9804001872221
2025-06-12 22:38:00,13.5
2025-06-12 21:36:00,59.7
2025-06-12 02:21:00,99.4
2025-06-12 02:40:00,52.2
2025-06-12 07:30:00,61.5
2025-06-12 07:29:00,82.5
2025-06-12 04:05:00,73.5
2025-06-12 23:53:00,48.7
2025-06-12 06:13:00,91.1
2025-06-12 16:52:00,62.8
2025-06-12 17:30:00,83.4
2025-06-12 10:37:00,12.1
2025-06-12 10:57:00,71.1
2025-06-12 02:40:00,68.9
2025-06-12 13:32:00,32.3
2025-06-12 00:38:00,37.9
2025-06-12 11:36:00,5.9
2025-06-12 04:28:00,13.0
2025-06-12 13:48:00,86.1
2025-06-12 17:52:00,83.0
2025-06-12 06:56:00,49.6
2025-06-12 06:39:00,52.6
2025-06-12 14:14:00,49.659483264826775
2025-06-12 22:04:00,49.659483264826775
2025-06-12 10:04:00,41.4
2025-06-12 18:24:00,49.659483264826775
2025-06-12 10:28:00,45.3
2025-06-12 03:07:00,97.0
2025-06-12 04:09:00,62.5
2025-06-12 20:19:00,49.659483264826775
2025-06-12 05:35:00,52.4
2025-06-12 11:13:00,51.0
2025-06-12 01:12:00,53.5
2025-06-12 08:26:00,12.1
2025-06-12 11:32:00,72.8
2025-06-12 19:21:00,49.659483264826775
2025-06-12 22:35:00,49.659483264826775
2025-06-12 00:20:00,49.659483264826775
2025-06-12 00:34:00,49.659483264826775
2025-06-12 08:55:00,75.8
2025-06-12 02:39:00,0.0
2025-06-12 10:47:00,88.3
2025-06-12 11:55:00,91.2
2025-06-12 20:18:00,77.6
2025-06-12 16:35:00,49.659483264826775
2025-06-12 12:51:00,49.659483264826775
2025-06-12 21:33:00,64.2
2025-06-12 16:50:00,75.0
2025-06-12 03:40:00,80.0
2025-06-12 01:31:00,5.1
2025-06-12 15:45:00,97.2
2025-06-12 15:56:00,65.8
2025-06-12 12:16:00,69.4
2025-06-12 02:23:00,60.8
2025-06-12 01:17:00,96.2
2025-06-12 03:45:00,76.8
2025-06-12 16:27:00,79.2
2025-06-12 07:30:00,77.0
2025-06-12 09:34:00,46.8
2025-06-12 20:09:00,7.1
2025-06-12 05:45:00,2.4
2025-06-12 03:00:00,49.659483264826775
2025-06-12 08:10:00,82.3
2025-06-12 06:16:00,51.6
2025-06-12 06:55:00,82.6
2025-06-12 23:19:00,62.2
2025-06-12 00:24:00,83.4
2025-06-12 08:28:00,92.4
2025-06-12 07:05:00,49.659483264826775
2025-06-12 03:06:00,2.2
2025-06-12 09:02:00,49.659483264826775
2025-06-12 16:45:00,67.0
2025-06-12 20:38:00,49.659483264826775
2025-06-12 01:10:00,84.9
2025-06-12 19:10:00,76.0
2025-06-12 17:53:00,55.6
2025-06-12 17:16:00,39.9
2025-06-12 19:58:00,36.5
2025-06-12 02:59:00,13.7
2025-06-12 13:46:00,10.0
2025-06-12 20:15:00,62.6
2025-06-12 12:45:00,34.2
2025-06-12 23:33:00,49.659483264826775
2025-06-12 02:51:00,32.0
2025-06-12 14:41:00,97.2
2025-06-12 07:28:00,18.3
2025-06-12 17:13:00,63.8
2025-06-12 06:06:00,96.7
2025-06-12 07:25:00,16.3
2025-06-12 14:39:00,31.0
2025-06-12 09:33:00,35.7
2025-06-12 10:18:00,49.659483264826775
2025-06-12 03:14:00,32.3
2025-06-12 23:18:00,49.659483264826775
2025-06-12 13:23:00,26.1
2025-06-12 20:35:00,2.7
2025-06-12 00:56:00,49.659483264826775
2025-06-12 14:44:00,8.5
2025-06-12 07:53:00,98.4
2025-06-12 09:59:00,82.7
2025-06-12 03:26:00,90.9
2025-06-12 03:01:00,80.0
2025-06-12 07:18:00,49.659483264826775
2025-06-12 22:08:00,85.4
2025-06-12 18:10:00,71.4
2025-06-12 01:08:00,46.3
2025-06-12 07:32:00,88.0
2025-06-12 18:18:00,49.659483264826775
2025-06-12 09:17:00,49.659483264826775
2025-06-12 14:06:00,86.8
2025-06-12 13:43:00,61.3
2025-06-12 15:05:00,8.0
2025-06-12 10:11:00,74.3
2025-06-12 21:10:00,65.9
2025-06-12 14:59:00,57.8
2025-06-12 09:40:00,50.0
2025-06-12 03:09:00,70.2
2025-06-12 13:35:00,25.6
2025-06-12 02:54:00,52.4
2025-06-12 11:39:00,46.4
2025-06-12 06:53:00,69.8
2025-06-12 13:37:00,23.5
2025-06-12 15:41:00,82.6
2025-06-12 14:35:00,51.5
2025-06-12 17:05:00,36.1
2025-06-12 12:15:00,19.5
2025-06-12 06:28:00,64.0
2025-06-12 07:08:00,94.1
2025-06-12 21:37:00,49.7
2025-06-12 10:33:00,49.659483264826775
2025-06-12 08:23:00,6.4
2025-06-12 12:30:00,2.3
2025-06-12 06:08:00,58.1
2025-06-12 11:31:00,49.659483264826775
2025-06-12 07:07:00,0.2
2025-06-12 12:52:00,79.5
2025-06-12 06:09:00,49.659483264826775
2025-06-12 21:21:00,30.9
2025-06-12 20:56:00,84.6
2025-06-12 12:53:00,62.3
2025-06-12 22:12:00,95.9
2025-06-12 20:17:00,43.2
2025-06-12 09:54:00,73.5
2025-06-12 10:38:00,4.4
2025-06-12 19:17:00,8.0
2025-06-12 16:26:00,49.659483264826775
2025-06-12 13:02:00,49.659483264826775
2025-06-12 17:08:00,31.7
2025-06-12 06:02:00,90.1
2025-06-12 20:55:00,49.659483264826775
2025-06-12 18:50:00,41.6
2025-06-12 01:57:00,42.9
2025-06-12 16:11:00,67.1
2025-06-12 21:50:00,54.3
2025-06-12 18:26:00,30.8
2025-06-12 15:54:00,34.3
2025-06-12 17:23:00,37.8
2025-06-12 03:04:00,32.2
2025-06-12 13:06:00,25.3
2025-06-12 03:18:00,64.2
2025-06-12 08:03:00,13.1
2025-06-12 19:30:00,49.659483264826775
2025-06-12 01:49:00,71.9
2025-06-12 08:25:00,95.4
2025-06-12 06:19:00,8.0
2025-06-12 17:01:00,49.659483264826775
2025-06-12 10:40:00,19.1
2025-06-12 15:06:00,97.6
2025-06-12 08:52:00,99.6
2025-06-12 12:03:00,60.1
2025-06-12 18:57:00,15.4
2025-06-12 16:05:00,83.2
2025-06-12 16:24:00,41.3
2025-06-12 16:04:00,49.659483264826775
2025-06-12 00:58:00,84.3
2025-06-12 13:31:00,60.4
2025-06-12 04:52:00,36.6
2025-06-12 18:00:00,51.1
2025-06-12 06:25:00,85.9
2025-06-12 05:55:00,14.7
2025-06-12 07:11:00,28.1
2025-06-12 16:43:00,35.3
2025-06-12 11:54:00,95.0
2025-06-12 14:27:00,94.2
2025-06-12 18:13:00,73.0
2025-06-12 10:10:00,38.8
2025-06-12 21:36:00,58.2
2025-06-12 13:07:00,39.2
2025-06-12 02:31:00,56.8
2025-06-12 19:45:00,42.6
2025-06-12 04:27:00,88.2
2025-06-12 16:10:00,55.5
2025-06-12 05:48:00,62.7
2025-06-12 21:31:00,49.659483264826775
2025-06-12 02:02:00,51.7
2025-06-12 19:55:00,49.6
2025-06-12 09:49:00,71.6
2025-06-12 03:37:00,47.3
2025-06-12 22:56:00,49.659483264826775
2025-06-12 15:29:00,24.9
2025-06-12 07:46:00,10.6
2025-06-12 18:15:00,18.1
2025-06-12 04:12:00,7.8
2025-06-12 21:12:00,53.6
2025-06-12 07:12:00,96.9
2025-06-12 05:32:00,57.1
2025-06-12 19:35:00,0.9
2025-06-12 05:50:00,49.659483264826775
2025-06-12 09:51:00,9.8
2025-06-12 10:19:00,64.7
2025-06-12 19:50:00,44.2
2025-06-12 16:54:00,54.4
2025-06-12 16:06:00,72.3
2025-06-12 14:49:00,45.2
2025-06-12 02:30:00,81.6
2025-06-12 12:11:00,84.1
2025-06-12 22:07:00,30.3
2025-06-12 08:32:00,72.3
2025-06-12 07:40:00,27.7
2025-06-12 21:04:00,28.0
2025-06-12 05:22:00,81.8
2025-06-12 18:56:00,49.659483264826775
2025-06-12 11:17:00,66.8
2025-06-12 23:41:00,41.2
2025-06-12 22:36:00,49.659483264826775
2025-06-12 17:10:00,49.659483264826775
2025-06-12 01:43:00,44.7
2025-06-12 02:26:00,16.8
2025-06-12 04:36:00,92.8
2025-06-12 14:18:00,1.8
2025-06-12 18:04:00,6.7
2025-06-12 02:24:00,47.5
2025-06-12 22:57:00,58.5
2025-06-12 07:27:00,49.659483264826775
2025-06-12 03:12:00,49.659483264826775
2025-06-12 20:53:00,62.5
2025-06-12 11:41:00,49.659483264826775
2025-06-12 16:16:00,49.659483264826775
2025-06-12 07:51:00,33.0
2025-06-12 01:07:00,32.4
2025-06-12 14:11:00,69.1
2025-06-12 14:46:00,26.1
2025-06-12 18:11:00,44.7
2025-06-12 22:10:00,49.659483264826775
2025-06-12 19:28:00,25.0
2025-06-12 17:09:00,46.8
2025-06-12 03:22:00,55.8
2025-06-12 15:50:00,96.6
2025-06-12 02:58:00,73.8
2025-06-12 08:27:00,96.7
2025-06-12 06:54:00,99.5
2025-06-12 03:52:00,96.1
2025-06-12 22:06:00,67.4
2025-06-12 16:02:00,49.659483264826775
2025-06-12 13:54:00,26.9
2025-06-12 05:27:00,42.8
2025-06-12 00:15:00,40.1
2025-06-12 15:37:00,38.9
2025-06-12 15:07:00,46.1
2025-06-12 05:12:00,82.6
2025-06-12 15:08:00,21.0
2025-06-12 21:30:00,97.3
2025-06-12 11:25:00,76.5
2025-06-12 21:16:00,94.8
2025-06-12 14:40:00,22.4
2025-06-12 17:03:00,70.5
2025-06-12 02:32:00,85.0
2025-06-12 01:56:00,70.7
2025-06-12 04:23:00,25.4
2025-06-12 17:26:00,45.4
2025-06-12 02:38:00,88.8
2025-06-12 07:14:00,26.1
2025-06-12 06:59:00,49.659483264826775
2025-06-12 14:25:00,48.2
2025-06-12 19:39:00,72.9
2025-06-12 03:16:00,4.8
2025-06-12 14:12:00,62.0
2025-06-12 19:53:00,49.659483264826775
2025-06-12 09:41:00,80.0
2025-06-12 23:40:00,56.1
2025-06-12 14:02:00,54.2
2025-06-12 15:10:00,6.5
2025-06-12 01:16:00,4.1
2025-06-12 23:36:00,28.5
2025-06-12 21:56:00,39.0
2025-06-12 18:06:00,9.4
2025-06-12 16:51:00,45.1
2025-06-12 05:42:00,31.7
2025-06-12 16:15:00,69.8
2025-06-12 03:32:00,20.8
2025-06-12 04:39:00,22.6
2025-06-12 05:33:00,40.5
2025-06-12 21:08:00,99.8
2025-06-12 15:46:00,55.9
2025-06-12 02:28:00,49.659483264826775
2025-06-12 05:34:00,73.5
2025-06-12 04:24:00,15.3
2025-06-12 10:20:00,21.4
2025-06-12 12:01:00,33.1
2025-06-12 06:36:00,94.1
2025-06-12 04:45:00,45.4
2025-06-12 14:48:00,49.732274758880266
2025-06-12 08:48:00,32.3
2025-06-12 20:46:00,89.2
2025-06-12 01:49:00,17.6
2025-06-12 21:46:00,17.8
2025-06-12 06:52:00,81.2
2025-06-12 22:00:00,64.5
2025-06-12 21:32:00,87.5
2025-06-12 05:23:00,49.732274758880266
2025-06-12 12:36:00,19.8
2025-06-12 10:28:00,0.2
2025-06-12 15:18:00,40.5
2025-06-12 18:15:00,17.9
2025-06-12 19:20:00,49.2
2025-06-12 17:13:00,70.8
2025-06-12 04:16:00,14.2
2025-06-12 14:02:00,16.4
2025-06-12 20:50:00,49.732274758880266
2025-06-12 01:04:00,70.5
2025-06-12 13:05:00,62.5
2025-06-12 23:21:00,58.8
2025-06-12 11:26:00,38.1
2025-06-12 16:03:00,91.7
2025-06-12 01:39:00,12.1
2025-06-12 05:11:00,80.2
2025-06-12 07:58:00,42.8
2025-06-12 21:01:00,83.9
2025-06-12 06:22:00,16.6
2025-06-12 19:43:00,10.1
2025-06-12 07:37:00,8.9
2025-06-12 08:36:00,41.5
2025-06-12 16:41:00,49.732274758880266
2025-06-12 13:38:00,49.732274758880266
2025-06-12 18:06:00,49.732274758880266
2025-06-12 11:35:00,72.9
2025-06-12 18:56:00,63.2
2025-06-12 18:17:00,49.732274758880266
2025-06-12 01:03:00,81.7
2025-06-12 09:45:00,49.732274758880266
2025-06-12 01:46:00,42.7
2025-06-12 13:08:00,60.6
2025-06-12 11:12:00,88.5
2025-06-12 01:25:00,49.732274758880266
2025-06-12 12:46:00,55.1
2025-06-12 17:14:00,20.3
2025-06-12 02:30:00,58.4
2025-06-12 23:49:00,12.7
2025-06-12 04:26:00,23.4
2025-06-12 05:58:00,98.8
2025-06-12 21:35:00,73.5
2025-06-12 19:56:00,15.4
2025-06-12 10:14:00,49.732274758880266
2025-06-12 06:28:00,89.6
2025-06-12 13:50:00,49.732274758880266
2025-06-12 14:32:00,46.6
2025-06-12 06:02:00,60.9
2025-06-12 07:14:00,52.8
2025-06-12 07:38:00,95.4
2025-06-12 03:43:00,51.8
2025-06-12 21:18:00,1.1
2025-06-12 16:59:00,94.5
2025-06-12 21:36:00,49.2
2025-06-12 17:40:00,8.8
2025-06-12 14:01:00,14.6
2025-06-12 17:17:00,68.1
2025-06-12 23:03:00,49.732274758880266
2025-06-12 04:20:00,19.8
2025-06-12 05:15:00,92.9
2025-06-12 23:26:00,51.2
2025-06-12 17:24:00,89.8
2025-06-12 13:44:00,49.732274758880266
2025-06-12 16:50:00,99.5
2025-06-12 11:08:00,49.732274758880266
2025-06-12 10:36:00,18.6
2025-06-12 18:31:00,67.7
2025-06-12 10:48:00,49.732274758880266
2025-06-12 08:09:00,62.3
2025-06-12 14:43:00,18.2
2025-06-12 08:05:00,15.6
2025-06-12 04:33:00,51.8
2025-06-12 23:08:00,49.732274758880266
2025-06-12 09:59:00,38.9
2025-06-12 18:28:00,41.7
2025-06-12 05:54:00,44.7
2025-06-12 02:15:00,82.6
2025-06-12 21:58:00,59.9
2025-06-12 18:52:00,75.5
2025-06-12 07:01:00,16.2
2025-06-12 11:39:00,7.9
2025-06-12 19:41:00,85.0
2025-06-12 23:53:00,74.9
2025-06-12 11:53:00,90.4
2025-06-12 13:43:00,49.732274758880266
2025-06-12 15:47:00,6.3
2025-06-12 00:31:00,42.1
2025-06-12 09:40:00,56.4
2025-06-12 21:53:00,70.1
2025-06-12 06:58:00,72.7
2025-06-12 23:10:00,88.8
2025-06-12 01:12:00,46.7
2025-06-12 07:28:00,62.9
2025-06-12 03:40:00,80.0
2025-06-12 18:02:00,49.732274758880266
2025-06-12 13:42:00,52.0
2025-06-12 00:18:00,68.4
2025-06-12 18:34:00,32.5
2025-06-12 05:26:00,80.2
2025-06-12 11:16:00,48.4
2025-06-12 21:26:00,80.0
2025-06-12 02:08:00,66.3
2025-06-12 00:52:00,48.0
2025-06-12 15:50:00,19.9
2025-06-12 08:34:00,61.7
2025-06-12 17:44:00,82.9
2025-06-12 10:26:00,8.2
2025-06-12 11:18:00,64.1
2025-06-12 09:21:00,66.7
2025-06-12 08:02:00,43.4
2025-06-12 00:25:00,25.2
2025-06-12 02:02:00,49.732274758880266
2025-06-12 16:22:00,17.0
2025-06-12 06:44:00,7.7
2025-06-12 19:09:00,76.6
2025-06-12 13:19:00,49.732274758880266
2025-06-12 10:49:00,48.5
2025-06-12 20:14:00,30.5
2025-06-12 03:00:00,43.1
2025-06-12 05:24:00,63.5
2025-06-12 18:41:00,76.4
2025-06-12 07:20:00,50.8
2025-06-12 04:07:00,31.1
2025-06-12 02:07:00,63.4
2025-06-12 08:21:00,37.4
2025-06-12 13:29:00,76.8
2025-06-12 14:46:00,66.6
2025-06-12 22:18:00,48.2
2025-06-12 18:05:00,96.6
2025-06-12 03:32:00,49.732274758880266
2025-06-12 11:32:00,46.0
2025-06-12 18:25:00,60.2
2025-06-12 20:10:00,55.9
2025-06-12 04:36:00,6.6
2025-06-12 02:54:00,49.732274758880266
2025-06-12 16:21:00,11.9
2025-06-12 19:29:00,42.8
2025-06-12 10:17:00,48.0
2025-06-12 12:48:00,71.6
2025-06-12 03:33:00,11.5
2025-06-12 20:53:00,49.732274758880266
2025-06-12 18:26:00,7.5
2025-06-12 23:00:00,93.5
2025-06-12 11:57:00,7.1
2025-06-12 20:48:00,37.1
2025-06-12 15:42:00,54.5
2025-06-12 03:34:00,21.0
2025-06-12 19:04:00,54.5
2025-06-12 15:14:00,31.4
2025-06-12 14:30:00,94.2
2025-06-12 17:35:00,93.5
2025-06-12 01:08:00,15.2
2025-06-12 04:25:00,49.732274758880266
2025-06-12 10:21:00,30.3
2025-06-12 02:55:00,49.732274758880266
2025-06-12 04:29:00,86.2
2025-06-12 03:58:00,12.6
2025-06-12 00:27:00,89.4
2025-06-12 16:49:00,90.0
2025-06-12 07:08:00,42.8
2025-06-12 05:46:00,49.732274758880266
2025-06-12 18:20:00,59.3
2025-06-12 01:16:00,49.732274758880266
2025-06-12 13:21:00,25.5
2025-06-12 02:16:00,80.6
2025-06-12 16:14:00,44.3
2025-06-12 15:03:00,42.7
2025-06-12 15:26:00,63.1
2025-06-12 20:17:00,49.732274758880266
2025-06-12 08:52:00,76.5
2025-06-12 12:12:00,76.1
2025-06-12 07:54:00,39.8
2025-06-12 10:59:00,63.6
2025-06-12 20:24:00,97.9
2025-06-12 22:19:00,37.9
2025-06-12 18:32:00,57.6
2025-06-12 12:56:00,33.8
2025-06-12 17:07:00,49.732274758880266
2025-06-12 21:22:00,3.3
2025-06-12 03:54:00,76.1
2025-06-12 17:42:00,58.6
2025-06-12 18:54:00,30.1
2025-06-12 01:20:00,39.2
2025-06-12 22:21:00,10.4
2025-06-12 21:24:00,15.1
2025-06-12 06:32:00,79.1
2025-06-12 23:58:00,77.5
2025-06-12 00:36:00,49.732274758880266
2025-06-12 06:45:00,43.7
2025-06-12 14:20:00,0.3
2025-06-12 15:32:00,40.1
2025-06-12 11:58:00,49.732274758880266
2025-06-12 10:24:00,49.732274758880266
2025-06-12 13:15:00,76.8
2025-06-12 04:23:00,10.5
2025-06-12 23:29:00,60.8
2025-06-12 22:23:00,7.5
2025-06-12 12:53:00,34.9
2025-06-12 21:00:00,81.9
2025-06-12 19:07:00,12.5
2025-06-12 22:14:00,15.8
2025-06-12 20:27:00,51.2
2025-06-12 10:29:00,45.2
2025-06-12 15:58:00,52.6
2025-06-12 17:56:00,49.732274758880266
2025-06-12 04:49:00,58.9
2025-06-12 06:54:00,94.1
2025-06-12 21:27:00,79.8
2025-06-12 09:28:00,31.2
2025-06-12 08:19:00,57.5
2025-06-12 06:30:00,49.732274758880266
2025-06-12 18:46:00,49.732274758880266
2025-06-12 06:05:00,49.732274758880266
2025-06-12 10:31:00,49.732274758880266
2025-06-12 18:19:00,52.0
2025-06-12 23:19:00,47.5
2025-06-12 10:45:00,49.732274758880266
2025-06-12 12:31:00,49.732274758880266
2025-06-12 13:06:00,4.6
2025-06-12 08:54:00,76.1
2025-06-12 10:02:00,33.2
2025-06-12 08:38:00,49.4
2025-06-12 08:45:00,97.3
2025-06-12 16:35:00,15.6
2025-06-12 00:21:00,90.3
2025-06-12 12:11:00,36.8
2025-06-12 06:35:00,30.3
2025-06-12 21:37:00,83.7
2025-06-12 21:52:00,32.5
2025-06-12 05:14:00,71.1
2025-06-12 04:35:00,67.1
2025-06-12 09:51:00,87.9
2025-06-12 18:48:00,5.4
2025-06-12 11:17:00,74.2
2025-06-12 16:28:00,89.4
2025-06-12 21:45:00,31.5
2025-06-12 17:31:00,97.5
2025-06-12 15:46:00,64.7
2025-06-12 15:08:00,43.0
2025-06-12 15:28:00,42.7
2025-06-12 16:40:00,49.732274758880266
2025-06-12 10:44:00,22.6
2025-06-12 21:10:00,12.2
2025-06-12 08:18:00,49.6
2025-06-12 07:22:00,29.2
2025-06-12 16:09:00,78.6
2025-06-12 21:13:00,69.1
2025-06-12 13:16:00,42.7
2025-06-12 16:07:00,1.4
2025-06-12 22:13:00,99.2
2025-06-12 19:36:00,34.0
2025-06-12 02:39:00,56.3
2025-06-12 02:52:00,56.1
2025-06-12 00:37:00,73.4
2025-06-12 19:40:00,49.732274758880266
2025-06-12 15:35:00,85.5
2025-06-12 15:29:00,49.732274758880266
2025-06-12 11:40:00,49.732274758880266
2025-06-12 02:23:00,2.9
2025-06-12 04:05:00,97.7
2025-06-12 21:34:00,49.732274758880266
2025-06-12 17:57:00,49.732274758880266
2025-06-12 15:10:00,34.7
2025-06-12 08:29:00,58.2
2025-06-12 17:23:00,71.7
2025-06-12 03:15:00,98.6
2025-06-12 11:45:00,16.1
2025-06-12 13:32:00,82.6
2025-06-12 22:07:00,43.0
2025-06-12 02:06:00,8.9
2025-06-12 15:31:00,88.5
2025-06-12 03:04:00,81.7
2025-06-12 08:26:00,68.8
2025-06-12 08:12:00,58.8
2025-06-12 02:45:00,55.5
2025-06-12 19:45:00,28.0
2025-06-12 02:53:00,49.732274758880266
2025-06-12 02:35:00,12.6
2025-06-12 19:22:00,2.9
2025-06-12 20:03:00,6.6
2025-06-12 19:31:00,49.38053801169591
2025-06-12 08:09:00,72.3
2025-06-12 07:43:00,49.38053801169591
2025-06-12 11:24:00,4.0
2025-06-12 12:11:00,49.38053801169591
2025-06-12 13:07:00,32.7
2025-06-12 01:01:00,88.7
2025-06-12 22:13:00,10.3
2025-06-12 11:22:00,73.3
2025-06-12 19:52:00,24.8
2025-06-12 15:58:00,81.5
2025-06-12 16:44:00,70.8
2025-06-12 21:48:00,99.5
2025-06-12 11:58:00,19.6
2025-06-12 15:44:00,17.3
2025-06-12 01:09:00,87.9
2025-06-12 10:42:00,70.9
2025-06-12 02:11:00,5.4
2025-06-12 09:34:00,82.0
2025-06-12 02:52:00,1.3
2025-06-12 09:28:00,52.3
2025-06-12 15:01:00,82.6
2025-06-12 21:52:00,64.7
2025-06-12 09:45:00,64.0
2025-06-12 15:06:00,49.38053801169591
2025-06-12 23:32:00,17.5
2025-06-12 02:31:00,58.7
2025-06-12 23:43:00,96.8
2025-06-12 02:06:00,14.2
2025-06-12 19:21:00,45.4
2025-06-12 20:23:00,33.7
2025-06-12 17:21:00,49.38053801169591
2025-06-12 05:55:00,32.7
2025-06-12 20:25:00,33.2
2025-06-12 12:43:00,14.4
2025-06-12 05:29:00,17.4
2025-06-12 18:21:00,36.2
2025-06-12 16:17:00,24.5
2025-06-12 17:37:00,41.8
2025-06-12 19:25:00,84.4
2025-06-12 22:18:00,54.8
2025-06-12 21:11:00,42.4
2025-06-12 05:48:00,67.2
2025-06-12 10:27:00,15.3
2025-06-12 04:27:00,84.6
2025-06-12 07:19:00,96.1
2025-06-12 02:57:00,73.3
2025-06-12 23:36:00,36.9
2025-06-12 17:57:00,15.8
2025-06-12 05:59:00,71.0
2025-06-12 20:55:00,95.4
2025-06-12 08:12:00,85.4
2025-06-12 19:33:00,50.9
2025-06-12 04:28:00,55.7
2025-06-12 14:48:00,97.4
2025-06-12 13:23:00,50.2
2025-06-12 11:11:00,63.5
2025-06-12 23:37:00,56.1
2025-06-12 01:32:00,8.8
2025-06-12 03:05:00,69.9
2025-06-12 03:56:00,14.0
2025-06-12 23:38:00,49.38053801169591
2025-06-12 12:34:00,9.4
2025-06-12 16:30:00,86.8
2025-06-12 16:57:00,49.38053801169591
2025-06-12 15:15:00,76.4
2025-06-12 12:22:00,14.5
2025-06-12 18:57:00,45.8
2025-06-12 12:40:00,49.38053801169591
2025-06-12 20:42:00,29.8
2025-06-12 19:03:00,44.2
2025-06-12 13:12:00,14.2
2025-06-12 18:09:00,49.5
2025-06-12 08:00:00,33.3
2025-06-12 05:54:00,78.1
2025-06-12 19:17:00,36.6
2025-06-12 08:44:00,29.1
2025-06-12 06:06:00,6.9
2025-06-12 03:48:00,92.9
2025-06-12 20:45:00,83.9
2025-06-12 21:47:00,71.2
2025-06-12 10:50:00,49.38053801169591
2025-06-12 23:07:00,22.5
2025-06-12 20:16:00,75.9
2025-06-12 21:54:00,49.38053801169591
2025-06-12 11:57:00,75.0
2025-06-12 02:40:00,49.38053801169591
2025-06-12 19:08:00,20.3
2025-06-12 02:54:00,9.7
2025-06-12 06:00:00,89.1
2025-06-12 14:41:00,25.4
2025-06-12 21:15:00,45.0
2025-06-12 19:37:00,15.4
2025-06-12 17:28:00,49.38053801169591
2025-06-12 15:11:00,46.3
2025-06-12 13:35:00,8.6
2025-06-12 17:17:00,82.4
2025-06-12 18:53:00,4.4
2025-06-12 10:46:00,44.2
2025-06-12 20:50:00,49.38053801169591
2025-06-12 22:12:00,74.2
2025-06-12 17:35:00,47.1
2025-06-12 07:01:00,49.38053801169591
2025-06-12 07:11:00,63.2
2025-06-12 17:31:00,52.8
2025-06-12 06:51:00,49.38053801169591
2025-06-12 21:46:00,49.38053801169591
2025-06-12 20:44:00,49.38053801169591
2025-06-12 01:28:00,49.38053801169591
2025-06-12 18:16:00,33.3
2025-06-12 00:15:00,49.38053801169591
2025-06-12 13:39:00,86.1
2025-06-12 17:46:00,52.3
2025-06-12 16:43:00,98.0
2025-06-12 12:54:00,49.38053801169591
2025-06-12 05:58:00,79.2
2025-06-12 09:52:00,49.38053801169591
2025-06-12 12:32:00,25.8
2025-06-12 14:08:00,49.2
2025-06-12 04:00:00,49.38053801169591
2025-06-12 14:21:00,49.38053801169591
2025-06-12 11:45:00,49.38053801169591
2025-06-12 08:51:00,75.0
2025-06-12 08:06:00,73.7
2025-06-12 22:27:00,80.7
2025-06-12 00:29:00,67.4
2025-06-12 19:36:00,88.7
2025-06-12 16:45:00,42.5
2025-06-12 14:17:00,59.6
2025-06-12 22:55:00,69.3
2025-06-12 14:51:00,50.0
2025-06-12 11:46:00,49.38053801169591
2025-06-12 01:10:00,49.1
2025-06-12 08:54:00,17.5
2025-06-12 07:06:00,97.2
2025-06-12 06:33:00,3.0
2025-06-12 16:24:00,52.2
2025-06-12 14:25:00,87.9
2025-06-12 14:24:00,76.2
2025-06-12 23:29:00,57.7
2025-06-12 16:31:00,82.3
2025-06-12 08:45:00,49.38053801169591
2025-06-12 22:39:00,74.3
2025-06-12 05:04:00,4.6
2025-06-12 15:57:00,13.3
2025-06-12 14:26:00,30.7
2025-06-12 14:23:00,17.3
2025-06-12 23:41:00,29.3
2025-06-12 14:19:00,49.38053801169591
2025-06-12 23:12:00,84.4
2025-06-12 05:08:00,87.9
2025-06-12 16:26:00,21.0
2025-06-12 08:29:00,23.9
2025-06-12 05:23:00,29.0
2025-06-12 02:36:00,49.38053801169591
2025-06-12 17:32:00,26.2
2025-06-12 14:11:00,92.0
2025-06-12 09:55:00,96.5
2025-06-12 11:00:00,37.5
2025-06-12 10:32:00,60.7
2025-06-12 16:51:00,96.6
2025-06-12 08:22:00,2.2
2025-06-12 10:18:00,37.7
2025-06-12 13:30:00,14.5
2025-06-12 13:02:00,32.2
2025-06-12 21:32:00,77.8
2025-06-12 01:31:00,47.5
2025-06-12 07:49:00,18.2
2025-06-12 10:09:00,94.2
2025-06-12 15:28:00,53.5
2025-06-12 05:15:00,93.9
2025-06-12 02:02:00,7.2
2025-06-12 16:34:00,37.7
2025-06-12 18:06:00,42.9
2025-06-12 12:23:00,53.4
2025-06-12 06:40:00,61.9
2025-06-12 01:05:00,46.7
2025-06-12 22:35:00,40.7
2025-06-12 12:27:00,59.5
2025-06-12 08:28:00,13.1
2025-06-12 20:57:00,59.5
2025-06-12 10:08:00,46.6
2025-06-12 18:22:00,84.5
2025-06-12 13:52:00,48.8
2025-06-12 00:16:00,39.5
2025-06-12 05:18:00,4.5
2025-06-12 20:21:00,16.6
2025-06-12 19:15:00,49.38053801169591
2025-06-12 09:49:00,32.2
2025-06-12 07:31:00,90.5
2025-06-12 15:34:00,27.7
2025-06-12 17:52:00,77.0
2025-06-12 19:24:00,1.7
2025-06-12 19:47:00,58.1
2025-06-12 15:21:00,47.2
2025-06-12 04:39:00,60.9
2025-06-12 03:06:00,23.8
2025-06-12 23:54:00,0.6
2025-06-12 20:28:00,24.1
2025-06-12 00:28:00,40.3
2025-06-12 21:14:00,67.6
2025-06-12 05:56:00,49.38053801169591
2025-06-12 09:57:00,27.1
2025-06-12 22:01:00,90.9
2025-06-12 18:27:00,0.4
2025-06-12 14:07:00,18.3
2025-06-12 19:58:00,49.38053801169591
2025-06-12 08:02:00,69.4
2025-06-12 03:57:00,77.7
2025-06-12 22:36:00,86.3
2025-06-12 20:09:00,25.0
2025-06-12 12:21:00,62.9
2025-06-12 06:03:00,8.0
2025-06-12 20:47:00,27.2
2025-06-12 07:42:00,88.4
2025-06-12 04:26:00,11.9
2025-06-12 09:46:00,90.5
2025-06-12 11:19:00,94.0
2025-06-12 05:06:00,21.3
2025-06-12 01:54:00,64.4
2025-06-12 18:11:00,83.8
2025-06-12 03:51:00,68.3
2025-06-12 21:12:00,76.8
2025-06-12 07:03:00,22.4
2025-06-12 10:49:00,1.4
2025-06-12 00:06:00,4.3
2025-06-12 02:49:00,39.6
2025-06-12 23:27:00,0.9
2025-06-12 12:01:00,27.9
2025-06-12 10:36:00,42.4
2025-06-12 11:16:00,49.38053801169591
2025-06-12 19:11:00,79.9
2025-06-12 16:33:00,49.38053801169591
2025-06-12 18:17:00,56.7
2025-06-12 16:29:00,49.38053801169591
2025-06-12 01:27:00,42.0
2025-06-12 17:08:00,23.7
2025-06-12 09:59:00,78.1
2025-06-12 13:11:00,67.3
2025-06-12 14:27:00,50.7
2025-06-12 04:42:00,9.3
2025-06-12 18:01:00,52.6
2025-06-12 08:52:00,43.6
2025-06-12 03:00:00,37.5
2025-06-12 11:17:00,29.3
2025-06-12 15:12:00,30.4
2025-06-12 10:30:00,62.5
2025-06-12 20:29:00,87.9
2025-06-12 05:30:00,87.8
2025-06-12 18:00:00,94.5
2025-06-12 01:18:00,59.3
2025-06-12 08:16:00,22.1
2025-06-12 09:53:00,49.38053801169591
2025-06-12 23:48:00,98.7
2025-06-12 19:20:00,49.38053801169591
2025-06-12 01:43:00,44.7
2025-06-12 03:24:00,66.0
2025-06-12 07:05:00,22.7
2025-06-12 02:43:00,17.5
2025-06-12 12:44:00,49.38053801169591
2025-06-12 22:20:00,71.5
2025-06-12 07:32:00,50.4
2025-06-12 04:31:00,80.3
2025-06-12 08:20:00,88.9
2025-06-12 07:12:00,51.0
2025-06-12 04:20:00,39.6
2025-06-12 17:45:00,49.38053801169591
2025-06-12 05:35:00,11.3
2025-06-12 00:51:00,86.0
2025-06-12 21:06:00,33.0
2025-06-12 05:12:00,63.0
2025-06-12 07:17:00,7.2
2025-06-12 15:47:00,6.8
2025-06-12 11:59:00,39.7
2025-06-12 05:31:00,1.7
2025-06-12 11:13:00,55.8
2025-06-12 16:42:00,49.38053801169591
2025-06-12 19:01:00,22.3
2025-06-12 03:41:00,32.0
2025-06-12 14:01:00,85.0
2025-06-12 14:52:00,39.4
2025-06-12 14:13:00,49.38053801169591
2025-06-12 01:49:00,49.38053801169591
2025-06-12 12:02:00,81.6
2025-06-12 16:52:00,79.6
2025-06-12 04:06:00,98.0
2025-06-12 19:59:00,7.6
2025-06-12 22:59:00,49.38053801169591
2025-06-12 03:40:00,49.38053801169591
2025-06-12 09:09:00,17.0
2025-06-12 05:52:00,31.4
2025-06-12 00:11:00,99.0
2025-06-12 00:25:00,92.0
2025-06-12 14:54:00,85.4
2025-06-12 18:45:00,52.2
2025-06-12 12:33:00,41.1
2025-06-12 17:55:00,26.4
2025-06-12 15:50:00,2.0
2025-06-12 01:56:00,63.5
2025-06-12 18:44:00,19.3
2025-06-12 23:24:00,28.3
2025-06-12 19:09:00,44.4
2025-06-12 16:12:00,49.38053801169591
2025-06-12 15:16:00,46.6
2025-06-12 05:11:00,44.4
2025-06-12 01:03:00,0.9
2025-06-12 23:30:00,44.6
2025-06-12 05:50:00,0.7
2025-06-12 13:06:00,17.6
2025-06-12 18:07:00,83.8
2025-06-12 10:51:00,80.2
2025-06-12 07:00:00,78.2
2025-06-12 07:58:00,24.6
2025-06-12 12:31:00,73.4
2025-06-12 08:36:00,25.3
2025-06-12 08:33:00,70.7
2025-06-12 23:39:00,50.4
2025-06-12 01:37:00,7.3
2025-06-12 00:26:00,84.9
2025-06-12 09:52:00,78.5
2025-06-12 17:47:00,61.1
2025-06-12 07:31:00,20.0
2025-06-12 11:45:00,57.0
2025-06-12 07:42:00,95.9
2025-06-12 20:53:00,57.5
2025-06-12 22:03:00,26.6
2025-06-12 05:48:00,0.8
2025-06-12 05:46:00,65.3
2025-06-12 11:03:00,92.4
2025-06-12 05:04:00,49.594186729301235
2025-06-12 07:59:00,26.3
2025-06-12 19:51:00,49.594186729301235
2025-06-12 00:54:00,99.5
2025-06-12 17:48:00,56.9
2025-06-12 21:11:00,38.5
2025-06-12 09:42:00,59.9
2025-06-12 16:14:00,14.1
2025-06-12 02:21:00,14.9
2025-06-12 19:41:00,77.3
2025-06-12 08:08:00,66.0
2025-06-12 13:29:00,49.594186729301235
2025-06-12 03:44:00,40.5
2025-06-12 02:40:00,79.6
2025-06-12 01:41:00,25.0
2025-06-12 11:59:00,43.8
2025-06-12 03:26:00,61.6
2025-06-12 06:37:00,48.5
2025-06-12 22:10:00,44.7
2025-06-12 07:50:00,39.3
2025-06-12 23:24:00,24.5
2025-06-12 23:04:00,32.1
2025-06-12 16:16:00,17.3
2025-06-12 04:13:00,56.7
2025-06-12 08:00:00,49.594186729301235
2025-06-12 11:17:00,86.9
2025-06-12 13:05:00,49.594186729301235
2025-06-12 19:05:00,14.4
2025-06-12 13:21:00,60.9
2025-06-12 14:51:00,15.4
2025-06-12 17:35:00,64.6
2025-06-12 13:24:00,85.7
2025-06-12 10:44:00,61.6
2025-06-12 22:11:00,76.2
2025-06-12 21:15:00,12.9
2025-06-12 10:52:00,69.3
2025-06-12 04:59:00,49.594186729301235
2025-06-12 10:35:00,52.4
2025-06-12 07:45:00,72.2
2025-06-12 19:04:00,54.4
2025-06-12 07:01:00,54.7
2025-06-12 23:36:00,70.8
2025-06-12 17:38:00,49.594186729301235
2025-06-12 10:26:00,49.594186729301235
2025-06-12 05:32:00,49.594186729301235
2025-06-12 09:27:00,93.0
2025-06-12 10:39:00,66.9
2025-06-12 16:55:00,28.3
2025-06-12 17:27:00,63.4
2025-06-12 14:46:00,0.9
2025-06-12 14:43:00,60.4
2025-06-12 15:15:00,13.2
2025-06-12 20:00:00,66.4
2025-06-12 10:50:00,71.5
2025-06-12 10:47:00,87.6
2025-06-12 02:13:00,44.5
2025-06-12 01:28:00,64.9
2025-06-12 23:31:00,1.7
2025-06-12 16:01:00,26.7
2025-06-12 03:13:00,28.4
2025-06-12 01:52:00,49.594186729301235
2025-06-12 02:56:00,1.6
2025-06-12 13:51:00,86.3
2025-06-12 23:33:00,9.4
2025-06-12 16:58:00,14.2
2025-06-12 15:54:00,92.4
2025-06-12 11:38:00,11.7
2025-06-12 09:58:00,49.594186729301235
2025-06-12 21:28:00,32.4
2025-06-12 22:05:00,49.594186729301235
2025-06-12 03:42:00,49.594186729301235
2025-06-12 17:46:00,43.5
2025-06-12 12:07:00,67.8
2025-06-12 14:08:00,49.594186729301235
2025-06-12 08:52:00,50.9
2025-06-12 06:59:00,0.8
2025-06-12 21:27:00,5.2
2025-06-12 09:45:00,49.594186729301235
2025-06-12 08:03:00,49.594186729301235
2025-06-12 17:33:00,49.594186729301235
2025-06-12 02:11:00,64.3
2025-06-12 23:09:00,96.1
2025-06-12 02:18:00,0.5
2025-06-12 16:24:00,62.2
2025-06-12 00:10:00,41.4
2025-06-12 06:54:00,1.5
2025-06-12 05:22:00,49.594186729301235
2025-06-12 23:52:00,90.8
2025-06-12 00:16:00,72.5
2025-06-12 02:58:00,81.1
2025-06-12 05:19:00,56.4
2025-06-12 11:54:00,50.5
2025-06-12 08:18:00,80.6
2025-06-12 22:29:00,74.3
2025-06-12 01:57:00,83.1
2025-06-12 09:05:00,49.594186729301235
2025-06-12 09:49:00,48.7
2025-06-12 10:59:00,49.4
2025-06-12 00:11:00,23.2
2025-06-12 13:30:00,32.1
2025-06-12 12:01:00,99.6
2025-06-12 22:54:00,78.3
2025-06-12 02:37:00,2.7
2025-06-12 06:02:00,7.0
2025-06-12 22:38:00,27.8
2025-06-12 03:14:00,82.4
2025-06-12 22:37:00,49.594186729301235
2025-06-12 10:14:00,21.3
2025-06-12 14:39:00,91.9
2025-06-12 09:43:00,36.8
2025-06-12 07:36:00,26.7
2025-06-12 16:39:00,60.6
2025-06-12 04:30:00,55.9
2025-06-12 10:22:00,10.7
2025-06-12 15:29:00,50.3
2025-06-12 21:17:00,79.0
2025-06-12 07:23:00,20.0
2025-06-12 02:52:00,71.6
2025-06-12 11:02:00,49.594186729301235
2025-06-12 18:24:00,86.3
2025-06-12 00:21:00,39.1
2025-06-12 19:46:00,54.8
2025-06-12 07:09:00,18.4
2025-06-12 04:45:00,95.4
2025-06-12 10:55:00,42.3
2025-06-12 03:27:00,17.6
2025-06-12 06:01:00,12.8
2025-06-12 13:02:00,49.594186729301235
2025-06-12 21:34:00,5.3
2025-06-12 13:18:00,88.5
2025-06-12 00:08:00,72.2
2025-06-12 14:30:00,49.594186729301235
2025-06-12 02:02:00,18.3
2025-06-12 00:33:00,43.6
2025-06-12 00:23:00,1.4
2025-06-12 12:14:00,54.3
2025-06-12 11:55:00,65.9
2025-06-12 19:56:00,18.0
2025-06-12 13:28:00,49.594186729301235
2025-06-12 00:43:00,63.9
2025-06-12 15:06:00,35.9
2025-06-12 03:57:00,38.2
2025-06-12 02:43:00,7.7
2025-06-12 08:54:00,77.0
2025-06-12 10:51:00,49.594186729301235
2025-06-12 21:23:00,90.4
2025-06-12 02:03:00,55.0
2025-06-12 04:58:00,49.594186729301235
2025-06-12 17:00:00,8.2
2025-06-12 20:26:00,70.9
2025-06-12 19:49:00,57.5
2025-06-12 14:50:00,8.6
2025-06-12 14:56:00,24.7
2025-06-12 18:35:00,24.3
2025-06-12 01:04:00,66.4
2025-06-12 02:08:00,62.9
2025-06-12 21:42:00,93.1
2025-06-12 10:45:00,87.6
2025-06-12 05:55:00,23.6
2025-06-12 13:03:00,68.8
2025-06-12 16:08:00,66.3
2025-06-12 04:04:00,63.8
2025-06-12 00:37:00,66.7
2025-06-12 02:29:00,88.5
2025-06-12 08:47:00,49.594186729301235
2025-06-12 14:25:00,40.4
2025-06-12 20:06:00,76.4
2025-06-12 04:52:00,52.5
2025-06-12 17:30:00,82.1
2025-06-12 16:56:00,31.6
2025-06-12 20:29:00,33.5
2025-06-12 00:51:00,90.9
2025-06-12 06:53:00,51.1
2025-06-12 06:48:00,64.4
2025-06-12 15:01:00,25.8
2025-06-12 08:32:00,20.2
2025-06-12 13:14:00,37.8
2025-06-12 19:34:00,4.4
2025-06-12 20:57:00,12.6
2025-06-12 04:39:00,49.594186729301235
2025-06-12 23:12:00,6.1
2025-06-12 01:54:00,98.1
2025-06-12 23:14:00,6.6
2025-06-12 17:18:00,49.594186729301235
2025-06-12 19:07:00,34.4
2025-06-12 20:32:00,76.6
2025-06-12 07:10:00,81.5
2025-06-12 09:35:00,63.2
2025-06-12 01:49:00,31.2
2025-06-12 21:26:00,49.594186729301235
2025-06-12 11:36:00,15.2
2025-06-12 11:31:00,91.9
2025-06-12 20:36:00,1.4
2025-06-12 14:49:00,66.3
2025-06-12 16:48:00,78.8
2025-06-12 18:08:00,87.7
2025-06-12 02:17:00,49.594186729301235
2025-06-12 06:17:00,54.3
2025-06-12 15:30:00,87.8
2025-06-12 01:20:00,79.4
2025-06-12 21:44:00,55.6
2025-06-12 02:15:00,99.9
2025-06-12 02:30:00,28.9
2025-06-12 11:40:00,53.7
2025-06-12 22:40:00,26.7
2025-06-12 14:31:00,58.0
2025-06-12 04:10:00,86.6
2025-06-12 14:42:00,49.594186729301235
2025-06-12 02:39:00,46.5
2025-06-12 16:07:00,35.7
2025-06-12 16:22:00,83.3
2025-06-12 20:38:00,49.594186729301235
2025-06-12 11:58:00,49.594186729301235
2025-06-12 17:15:00,44.1
2025-06-12 16:30:00,0.2
2025-06-12 11:00:00,55.4
2025-06-12 20:07:00,50.3
2025-06-12 17:23:00,22.8
2025-06-12 22:50:00,17.6
2025-06-12 06:10:00,87.4
2025-06-12 12:50:00,43.0
2025-06-12 12:20:00,92.1
2025-06-12 14:35:00,40.4
2025-06-12 17:05:00,96.6
2025-06-12 05:15:00,27.5
2025-06-12 11:05:00,16.8
2025-06-12 21:05:00,24.0
2025-06-12 12:18:00,20.5
2025-06-12 06:19:00,33.9
2025-06-12 18:43:00,94.6
2025-06-12 14:21:00,8.7
2025-06-12 08:09:00,27.7
2025-06-12 07:48:00,96.6
2025-06-12 21:38:00,49.594186729301235
2025-06-12 10:18:00,44.1
2025-06-12 00:42:00,91.3
2025-06-12 05:02:00,77.5
2025-06-12 12:51:00,99.1
2025-06-12 13:52:00,49.594186729301235
2025-06-12 18:56:00,8.0
2025-06-12 12:00:00,0.4
2025-06-12 00:46:00,69.2
2025-06-12 00:03:00,49.3
2025-06-12 00:31:00,17.2
2025-06-12 09:30:00,74.5
2025-06-12 02:26:00,20.7
2025-06-12 20:42:00,98.4
2025-06-12 12:43:00,49.594186729301235
2025-06-12 19:48:00,21.4
2025-06-12 01:31:00,46.3
2025-06-12 03:38:00,94.3
2025-06-12 01:19:00,83.3
2025-06-12 17:52:00,98.1
2025-06-12 00:41:00,14.6
2025-06-12 02:31:00,49.594186729301235
2025-06-12 08:46:00,41.8
2025-06-12 19:35:00,83.3
2025-06-12 17:41:00,2.4
2025-06-12 05:40:00,67.3
2025-06-12 13:12:00,49.594186729301235
2025-06-12 10:49:00,49.594186729301235
2025-06-12 22:31:00,12.9
2025-06-12 15:22:00,56.9
2025-06-12 13:33:00,49.594186729301235
2025-06-12 13:32:00,34.9
2025-06-12 12:21:00,23.0
2025-06-12 22:13:00,87.2
2025-06-12 22:48:00,50.03812089971884
2025-06-12 09:51:00,50.03812089971884
2025-06-12 01:38:00,96.1
2025-06-12 15:59:00,50.03812089971884
2025-06-12 23:56:00,50.03812089971884
2025-06-12 00:16:00,28.8
2025-06-12 15:02:00,60.7
2025-06-12 05:01:00,84.0
2025-06-12 18:31:00,24.9
2025-06-12 10:30:00,50.03812089971884
2025-06-12 07:07:00,91.0
2025-06-12 00:00:00,12.2
2025-06-12 10:49:00,89.1
2025-06-12 10:01:00,5.4
2025-06-12 22:58:00,94.8
2025-06-12 23:14:00,16.1
2025-06-12 13:42:00,50.03812089971884
2025-06-12 12:56:00,60.6
2025-06-12 13:21:00,96.1
2025-06-12 22:54:00,80.6
2025-06-12 14:30:00,50.03812089971884
2025-06-12 16:14:00,80.5
2025-06-12 22:32:00,44.6
2025-06-12 04:38:00,50.03812089971884
2025-06-12 15:32:00,27.8
2025-06-12 10:17:00,62.9
2025-06-12 06:57:00,47.8
2025-06-12 04:33:00,89.3
2025-06-12 04:45:00,41.6
2025-06-12 01:53:00,74.4
2025-06-12 00:49:00,23.3
2025-06-12 16:12:00,69.4
2025-06-12 11:50:00,80.4
2025-06-12 21:59:00,78.7
2025-06-12 19:53:00,5.6
2025-06-12 10:44:00,50.03812089971884
2025-06-12 04:07:00,49.3
2025-06-12 06:35:00,50.03812089971884
2025-06-12 12:49:00,50.03812089971884
2025-06-12 07:12:00,58.8
2025-06-12 08:06:00,18.9
2025-06-12 06:49:00,50.03812089971884
2025-06-12 19:18:00,50.03812089971884
2025-06-12 05:16:00,61.3
2025-06-12 12:14:00,36.6
2025-06-12 05:02:00,74.0
2025-06-12 13:03:00,68.9
2025-06-12 08:04:00,12.5
2025-06-12 02:32:00,13.3
2025-06-12 00:42:00,37.2
2025-06-12 09:32:00,40.0
2025-06-12 09:45:00,56.2
2025-06-12 05:03:00,50.03812089971884
2025-06-12 02:42:00,82.4
2025-06-12 18:21:00,29.2
2025-06-12 18:55:00,38.5
2025-06-12 00:17:00,11.3
2025-06-12 17:45:00,19.8
2025-06-12 13:35:00,16.7
2025-06-12 16:30:00,33.9
2025-06-12 05:30:00,99.3
2025-06-12 22:15:00,57.3
2025-06-12 19:10:00,41.5
2025-06-12 22:08:00,30.3
2025-06-12 22:57:00,98.5
2025-06-12 07:36:00,41.9
2025-06-12 11:45:00,44.7
2025-06-12 12:31:00,75.3
2025-06-12 21:48:00,75.8
2025-06-12 03:24:00,74.9
2025-06-12 04:58:00,87.2
2025-06-12 12:24:00,50.03812089971884
2025-06-12 13:43:00,95.5
2025-06-12 00:28:00,47.2
2025-06-12 06:40:00,78.3
2025-06-12 08:45:00,50.03812089971884
2025-06-12 09:19:00,89.6
2025-06-12 00:32:00,64.3
2025-06-12 04:31:00,97.7
2025-06-12 11:18:00,69.0
2025-06-12 02:00:00,35.0
2025-06-12 18:01:00,9.9
2025-06-12 18:52:00,50.03812089971884
2025-06-12 04:22:00,18.2
2025-06-12 04:21:00,42.2
2025-06-12 05:42:00,50.03812089971884
2025-06-12 12:39:00,2.2
2025-06-12 20:41:00,82.8
2025-06-12 07:32:00,97.9
2025-06-12 22:49:00,83.4
2025-06-12 17:17:00,50.03812089971884
2025-06-12 11:26:00,50.2
2025-06-12 03:42:00,45.9
2025-06-12 21:26:00,50.03812089971884
2025-06-12 17:29:00,50.03812089971884
2025-06-12 11:01:00,11.4
2025-06-12 21:28:00,44.0
2025-06-12 20:02:00,44.3
2025-06-12 03:14:00,50.03812089971884
2025-06-12 03:23:00,88.8
2025-06-12 23:19:00,95.6
2025-06-12 04:35:00,50.03812089971884
2025-06-12 11:51:00,50.03812089971884
2025-06-12 23:49:00,95.2
2025-06-12 10:39:00,52.4
2025-06-12 04:08:00,50.03812089971884
2025-06-12 19:32:00,91.3
2025-06-12 08:03:00,50.03812089971884
2025-06-12 06:04:00,50.03812089971884
2025-06-12 09:34:00,77.1
2025-06-12 19:12:00,50.03812089971884
2025-06-12 16:45:00,64.6
2025-06-12 07:30:00,96.4
2025-06-12 08:46:00,60.4
2025-06-12 16:16:00,50.03812089971884
2025-06-12 23:18:00,6.3
2025-06-12 18:47:00,16.2
2025-06-12 06:21:00,92.6
2025-06-12 11:17:00,59.1
2025-06-12 06:42:00,50.03812089971884
2025-06-12 04:01:00,25.6
2025-06-12 04:20:00,77.8
2025-06-12 02:19:00,32.8
2025-06-12 20:40:00,7.8
2025-06-12 01:32:00,80.8
2025-06-12 18:34:00,68.2
2025-06-12 03:03:00,50.03812089971884
2025-06-12 03:28:00,50.03812089971884
2025-06-12 19:14:00,29.5
2025-06-12 20:10:00,1.7
2025-06-12 11:35:00,50.03812089971884
2025-06-12 07:39:00,42.9
2025-06-12 17:59:00,52.1
2025-06-12 15:28:00,67.0
2025-06-12 21:42:00,71.3
2025-06-12 01:31:00,67.1
2025-06-12 07:04:00,99.5
2025-06-12 22:04:00,78.0
2025-06-12 00:03:00,24.9
2025-06-12 10:48:00,55.1
2025-06-12 20:47:00,92.6
2025-06-12 08:24:00,18.4
2025-06-12 19:45:00,55.0
2025-06-12 07:38:00,13.4
2025-06-12 08:56:00,31.7
2025-06-12 10:59:00,22.5
2025-06-12 02:14:00,52.9
2025-06-12 14:59:00,63.2
2025-06-12 18:04:00,50.03812089971884
2025-06-12 20:29:00,12.7
2025-06-12 06:26:00,38.3
2025-06-12 02:38:00,16.8
2025-06-12 03:31:00,83.5
2025-06-12 10:12:00,73.0
2025-06-12 05:15:00,3.1
2025-06-12 02:37:00,50.03812089971884
2025-06-12 20:27:00,56.1
2025-06-12 14:39:00,22.2
2025-06-12 20:26:00,19.1
2025-06-12 19:43:00,17.6
2025-06-12 22:16:00,73.4
2025-06-12 02:47:00,32.1
2025-06-12 13:34:00,22.6
2025-06-12 21:54:00,52.6
2025-06-12 01:29:00,83.9
2025-06-12 14:20:00,80.6
2025-06-12 13:41:00,3.5
2025-06-12 02:18:00,73.4
2025-06-12 09:43:00,5.5
2025-06-12 21:53:00,87.5
2025-06-12 02:58:00,96.2
2025-06-12 01:20:00,81.3
2025-06-12 08:11:00,52.4
2025-06-12 17:36:00,50.03812089971884
2025-06-12 06:07:00,16.1
2025-06-12 02:15:00,73.9
2025-06-12 14:27:00,3.4
2025-06-12 23:46:00,31.5
2025-06-12 18:45:00,10.0
2025-06-12 09:24:00,30.5
2025-06-12 17:16:00,62.3
2025-06-12 19:28:00,27.3
2025-06-12 14:08:00,50.03812089971884
2025-06-12 21:44:00,68.4
2025-06-12 05:08:00,71.5
2025-06-12 15:50:00,2.0
2025-06-12 12:02:00,59.5
2025-06-12 11:30:00,81.1
2025-06-12 17:37:00,32.7
2025-06-12 06:55:00,0.4
2025-06-12 20:34:00,94.6
2025-06-12 03:59:00,89.7
2025-06-12 13:48:00,50.03812089971884
2025-06-12 03:55:00,99.0
2025-06-12 07:19:00,42.8
2025-06-12 05:50:00,46.3
2025-06-12 11:42:00,84.6
2025-06-12 15:39:00,86.1
2025-06-12 07:47:00,56.6
2025-06-12 06:52:00,79.9
2025-06-12 02:29:00,3.8
2025-06-12 19:33:00,73.7
2025-06-12 21:02:00,59.2
2025-06-12 07:21:00,13.3
2025-06-12 12:58:00,95.4
2025-06-12 15:25:00,28.7
2025-06-12 15:57:00,32.7
2025-06-12 03:33:00,19.3
2025-06-12 01:03:00,18.4
2025-06-12 23:52:00,50.03812089971884
2025-06-12 01:04:00,42.2
2025-06-12 07:57:00,20.7
2025-06-12 18:11:00,29.2
2025-06-12 12:53:00,94.2
2025-06-12 02:12:00,92.3
2025-06-12 09:52:00,50.03812089971884
2025-06-12 13:19:00,79.0
2025-06-12 11:28:00,50.03812089971884
2025-06-12 12:09:00,79.7
2025-06-12 18:26:00,58.8
2025-06-12 03:12:00,50.03812089971884
2025-06-12 06:01:00,99.1
2025-06-12 17:28:00,59.8
2025-06-12 06:25:00,26.2
2025-06-12 14:42:00,59.5
2025-06-12 18:14:00,50.03812089971884
2025-06-12 16:42:00,73.3
2025-06-12 00:21:00,5.3
2025-06-12 14:46:00,38.0
2025-06-12 16:23:00,89.1
2025-06-12 22:02:00,89.9
2025-06-12 17:33:00,49.0
2025-06-12 14:56:00,3.7
2025-06-12 22:18:00,70.8
2025-06-12 18:13:00,63.2
2025-06-12 22:13:00,82.4
2025-06-12 01:12:00,90.9
2025-06-12 08:08:00,55.5
2025-06-12 17:12:00,72.3
2025-06-12 18:16:00,53.9
2025-06-12 12:28:00,5.7
2025-06-12 12:46:00,34.7
2025-06-12 14:36:00,70.9
2025-06-12 08:30:00,28.0
2025-06-12 06:39:00,50.03812089971884
2025-06-12 11:53:00,97.8
2025-06-12 13:00:00,98.7
2025-06-12 21:07:00,60.5
2025-06-12 15:11:00,78.7
2025-06-12 15:24:00,23.5
2025-06-12 04:06:00,62.6
2025-06-12 02:11:00,82.6
2025-06-12 11:16:00,29.2
2025-06-12 16:29:00,18.8
2025-06-12 11:13:00,16.6
2025-06-12 14:14:00,74.3
2025-06-12 07:31:00,33.7
2025-06-12 10:25:00,43.9
2025-06-12 12:15:00,28.4
2025-06-12 14:52:00,74.1
2025-06-12 12:41:00,21.5
2025-06-12 14:58:00,7.9
2025-06-12 11:31:00,88.9
2025-06-12 18:42:00,30.2
2025-06-12 08:43:00,30.9
2025-06-12 04:11:00,20.1
2025-06-12 00:57:00,77.4
2025-06-12 12:07:00,18.7
2025-06-12 02:05:00,60.1
2025-06-12 21:36:00,26.4
2025-06-12 05:26:00,46.2
2025-06-12 08:13:00,58.4
2025-06-12 08:26:00,1.7
2025-06-12 13:07:00,41.3
2025-06-12 18:24:00,74.1
2025-06-12 18:39:00,53.8
2025-06-12 20:28:00,0.7
2025-06-12 01:23:00,50.03812089971884
2025-06-12 12:00:00,50.03812089971884
2025-06-12 02:08:00,88.9
2025-06-12 19:23:00,65.9
2025-06-12 07:05:00,31.4
2025-06-12 23:07:00,6.3
2025-06-12 15:14:00,50.03812089971884
2025-06-12 10:14:00,92.1
2025-06-12 08:33:00,40.2
2025-06-12 00:20:00,50.03812089971884
2025-06-12 19:22:00,28.1
2025-06-12 01:43:00,62.1
2025-06-12 11:15:00,53.3
2025-06-12 05:27:00,50.03812089971884
2025-06-12 09:09:00,23.1
2025-06-12 03:30:00,0.4
2025-06-12 14:34:00,40.4
2025-06-12 19:13:00,78.1
2025-06-12 23:02:00,40.6
2025-06-12 00:40:00,68.6
2025-06-12 20:55:00,64.7
2025-06-12 07:41:00,46.9
2025-06-12 06:54:00,15.5
2025-06-12 03:08:00,50.03812089971884
2025-06-12 11:15:00,65.7
2025-06-12 11:55:00,87.9
2025-06-12 17:33:00,4.6
2025-06-12 05:35:00,49.697634180790956
2025-06-12 13:40:00,84.1
2025-06-12 14:09:00,49.697634180790956
2025-06-12 06:32:00,59.4
2025-06-12 21:26:00,78.5
2025-06-12 08:56:00,8.8
2025-06-12 15:24:00,30.9
2025-06-12 19:47:00,49.697634180790956
2025-06-12 08:31:00,54.7
2025-06-12 10:55:00,93.1
2025-06-12 13:53:00,58.8
2025-06-12 16:16:00,89.3
2025-06-12 00:37:00,76.7
2025-06-12 06:35:00,33.3
2025-06-12 08:42:00,7.0
2025-06-12 20:52:00,49.697634180790956
2025-06-12 21:25:00,75.2
2025-06-12 11:36:00,15.8
2025-06-12 16:27:00,49.6
2025-06-12 09:06:00,78.0
2025-06-12 11:17:00,55.4
2025-06-12 21:10:00,63.9
2025-06-12 09:24:00,25.9
2025-06-12 06:48:00,60.8
2025-06-12 09:14:00,79.3
2025-06-12 23:09:00,6.8
2025-06-12 23:04:00,92.1
2025-06-12 20:37:00,61.5
2025-06-12 22:19:00,48.1
2025-06-12 17:13:00,36.3
2025-06-12 22:08:00,81.4
2025-06-12 04:40:00,96.4
2025-06-12 13:49:00,48.7
2025-06-12 22:25:00,83.0
2025-06-12 08:13:00,25.7
2025-06-12 04:09:00,82.4
2025-06-12 18:37:00,10.3
2025-06-12 15:54:00,79.5
2025-06-12 01:39:00,49.697634180790956
2025-06-12 22:31:00,12.3
2025-06-12 19:03:00,36.2
2025-06-12 17:39:00,95.9
2025-06-12 18:22:00,40.8
2025-06-12 20:44:00,74.9
2025-06-12 10:30:00,98.4
2025-06-12 21:55:00,67.9
2025-06-12 20:50:00,22.6
2025-06-12 01:26:00,40.3
2025-06-12 01:34:00,5.2
2025-06-12 07:58:00,49.697634180790956
2025-06-12 03:33:00,95.9
2025-06-12 03:52:00,11.8
2025-06-12 04:04:00,48.9
2025-06-12 11:52:00,42.5
2025-06-12 01:38:00,88.9
2025-06-12 06:08:00,40.9
2025-06-12 01:27:00,68.0
2025-06-12 02:10:00,20.2
2025-06-12 19:19:00,49.697634180790956
2025-06-12 19:37:00,76.7
2025-06-12 08:19:00,3.6
2025-06-12 08:12:00,96.7
2025-06-12 23:37:00,5.9
2025-06-12 17:06:00,35.8
2025-06-12 06:51:00,49.697634180790956
2025-06-12 10:47:00,98.2
2025-06-12 14:56:00,34.9
2025-06-12 16:47:00,60.1
2025-06-12 18:10:00,29.0
2025-06-12 02:03:00,58.1
2025-06-12 21:06:00,73.2
2025-06-12 08:20:00,87.2
2025-06-12 05:12:00,53.9
2025-06-12 09:29:00,6.0
2025-06-12 11:32:00,85.4
2025-06-12 08:39:00,51.0
2025-06-12 15:52:00,42.2
2025-06-12 00:33:00,11.8
2025-06-12 21:08:00,60.6
2025-06-12 09:48:00,36.7
2025-06-12 12:32:00,0.1
2025-06-12 23:17:00,89.1
2025-06-12 01:24:00,74.5
2025-06-12 04:16:00,28.1
2025-06-12 06:30:00,54.9
2025-06-12 03:37:00,53.4
2025-06-12 17:12:00,64.8
2025-06-12 06:50:00,49.697634180790956
2025-06-12 09:07:00,49.697634180790956
2025-06-12 06:20:00,95.8
2025-06-12 21:16:00,21.6
2025-06-12 19:39:00,94.7
2025-06-12 14:05:00,75.7
2025-06-12 05:07:00,18.6
2025-06-12 08:44:00,3.3
2025-06-12 09:15:00,29.8
2025-06-12 03:22:00,55.0
2025-06-12 08:54:00,49.697634180790956
2025-06-12 00:02:00,49.697634180790956
2025-06-12 16:01:00,3.5
2025-06-12 22:21:00,63.0
2025-06-12 14:59:00,34.1
2025-06-12 18:00:00,26.4
2025-06-12 13:29:00,3.7
2025-06-12 11:51:00,75.2
2025-06-12 15:45:00,15.3
2025-06-12 19:36:00,5.2
2025-06-12 07:10:00,46.7
2025-06-12 01:55:00,11.8
2025-06-12 09:19:00,12.6
2025-06-12 01:13:00,49.697634180790956
2025-06-12 14:28:00,3.2
2025-06-12 01:06:00,29.4
2025-06-12 21:37:00,15.4
2025-06-12 14:43:00,29.1
2025-06-12 01:02:00,49.697634180790956
2025-06-12 09:20:00,35.8
2025-06-12 01:30:00,18.7
2025-06-12 09:55:00,83.2
2025-06-12 01:03:00,84.8
2025-06-12 13:41:00,41.6
2025-06-12 14:02:00,38.4
2025-06-12 01:50:00,84.5
2025-06-12 13:31:00,0.6
2025-06-12 03:02:00,49.697634180790956
2025-06-12 21:58:00,58.3
2025-06-12 09:23:00,49.697634180790956
2025-06-12 08:35:00,53.5
2025-06-12 14:12:00,88.0
2025-06-12 05:15:00,40.2
2025-06-12 13:35:00,94.8
2025-06-12 09:11:00,99.0
2025-06-12 17:47:00,69.6
2025-06-12 19:00:00,1.0
2025-06-12 05:23:00,74.9
2025-06-12 06:42:00,18.9
2025-06-12 04:45:00,60.6
2025-06-12 15:57:00,38.2
2025-06-12 16:32:00,18.3
2025-06-12 04:37:00,88.0
2025-06-12 12:43:00,41.2
2025-06-12 07:35:00,17.7
2025-06-12 12:26:00,49.697634180790956
2025-06-12 19:42:00,73.3
2025-06-12 08:03:00,97.4
2025-06-12 22:42:00,97.6
2025-06-12 21:17:00,63.9
2025-06-12 18:44:00,49.697634180790956
2025-06-12 09:39:00,45.4
2025-06-12 19:40:00,71.9
2025-06-12 18:26:00,41.8
2025-06-12 14:37:00,88.6
2025-06-12 23:10:00,5.0
2025-06-12 02:29:00,43.5
2025-06-12 22:36:00,50.6
2025-06-12 18:35:00,0.7
2025-06-12 19:56:00,12.7
2025-06-12 22:56:00,67.5
2025-06-12 06:14:00,61.9
2025-06-12 12:34:00,57.5
2025-06-12 06:17:00,7.3
2025-06-12 08:55:00,13.6
2025-06-12 02:47:00,49.697634180790956
2025-06-12 09:17:00,10.2
2025-06-12 03:17:00,62.9
2025-06-12 13:10:00,43.4
2025-06-12 11:37:00,62.0
2025-06-12 05:46:00,49.4
2025-06-12 08:17:00,44.4
2025-06-12 18:19:00,5.8
2025-06-12 02:23:00,84.5
2025-06-12 09:50:00,8.4
2025-06-12 03:56:00,78.5
2025-06-12 18:49:00,49.697634180790956
2025-06-12 14:24:00,71.3
2025-06-12 19:59:00,73.9
2025-06-12 08:32:00,30.0
2025-06-12 10:37:00,72.4
2025-06-12 17:20:00,97.5
2025-06-12 12:46:00,49.697634180790956
2025-06-12 23:11:00,49.697634180790956
2025-06-12 00:58:00,93.7
2025-06-12 18:11:00,49.697634180790956
2025-06-12 16:41:00,89.5
2025-06-12 12:15:00,82.1
2025-06-12 20:56:00,52.2
2025-06-12 10:43:00,43.2
2025-06-12 20:40:00,15.8
2025-06-12 08:49:00,42.6
2025-06-12 04:30:00,93.5
2025-06-12 20:21:00,7.6
2025-06-12 20:27:00,28.8
2025-06-12 12:41:00,21.2
2025-06-12 17:08:00,24.8
2025-06-12 06:28:00,49.697634180790956
2025-06-12 12:53:00,35.8
2025-06-12 16:10:00,49.697634180790956
2025-06-12 23:08:00,49.697634180790956
2025-06-12 18:02:00,3.7
2025-06-12 16:31:00,6.9
2025-06-12 16:58:00,55.5
2025-06-12 18:45:00,49.697634180790956
2025-06-12 23:36:00,57.1
2025-06-12 06:15:00,13.1
2025-06-12 14:27:00,94.5
2025-06-12 03:01:00,72.8
2025-06-12 13:21:00,28.7
2025-06-12 12:24:00,64.1
2025-06-12 09:58:00,25.8
2025-06-12 02:05:00,1.4
2025-06-12 07:15:00,1.8
2025-06-12 20:20:00,2.6
2025-06-12 13:50:00,46.9
2025-06-12 17:02:00,49.697634180790956
2025-06-12 00:34:00,49.697634180790956
2025-06-12 21:18:00,51.8
2025-06-12 13:47:00,33.7
2025-06-12 09:53:00,49.697634180790956
2025-06-12 10:56:00,75.6
2025-06-12 10:13:00,62.2
2025-06-12 08:50:00,46.1
2025-06-12 04:47:00,75.1
2025-06-12 10:28:00,24.5
2025-06-12 05:50:00,3.5
2025-06-12 15:47:00,49.697634180790956
2025-06-12 11:29:00,49.697634180790956
2025-06-12 11:50:00,70.5
2025-06-12 17:38:00,57.7
2025-06-12 22:59:00,64.9
2025-06-12 22:04:00,14.9
2025-06-12 18:32:00,23.4
2025-06-12 18:17:00,8.3
2025-06-12 18:43:00,41.5
2025-06-12 23:48:00,45.2
2025-06-12 23:23:00,55.1
2025-06-12 21:14:00,19.3
2025-06-12 14:14:00,4.6
2025-06-12 04:53:00,73.6
2025-06-12 15:27:00,84.9
2025-06-12 11:08:00,99.3
2025-06-12 23:43:00,80.8
2025-06-12 15:10:00,28.6
2025-06-12 18:14:00,75.0
2025-06-12 14:51:00,49.697634180790956
2025-06-12 19:16:00,15.6
2025-06-12 15:23:00,83.2
2025-06-12 12:59:00,76.6
2025-06-12 07:19:00,48.4
2025-06-12 21:03:00,49.697634180790956
2025-06-12 19:55:00,29.1
2025-06-12 20:57:00,19.4
2025-06-12 22:14:00,74.1
2025-06-12 16:37:00,12.7
2025-06-12 17:17:00,89.8
2025-06-12 05:05:00,13.6
2025-06-12 09:09:00,36.8
2025-06-12 07:21:00,49.697634180790956
2025-06-12 15:15:00,49.697634180790956
2025-06-12 22:48:00,56.6
2025-06-12 09:31:00,52.2
2025-06-12 15:03:00,11.6
2025-06-12 13:22:00,45.7
2025-06-12 14:52:00,48.6
2025-06-12 11:34:00,5.6
2025-06-12 03:19:00,47.0
2025-06-12 00:42:00,52.2
2025-06-12 20:00:00,49.697634180790956
2025-06-12 10:15:00,84.0
2025-06-12 17:48:00,60.0
2025-06-12 23:30:00,37.9
2025-06-12 08:43:00,13.4
2025-06-12 12:25:00,76.8
2025-06-12 13:46:00,81.3
2025-06-12 10:35:00,88.4
2025-06-12 07:33:00,96.8
2025-06-12 11:06:00,88.2
2025-06-12 09:10:00,49.697634180790956
2025-06-12 23:25:00,81.5
2025-06-12 14:04:00,9.1
2025-06-12 17:54:00,65.7
2025-06-12 13:04:00,80.2
2025-06-12 18:09:00,15.3
2025-06-12 03:18:00,66.0
2025-06-12 14:55:00,36.6
2025-06-12 10:07:00,49.697634180790956
2025-06-12 06:34:00,74.5
2025-06-12 17:04:00,79.9
2025-06-12 09:02:00,64.9
2025-06-12 17:43:00,49.697634180790956
2025-06-12 23:09:00,95.4
2025-06-12 09:37:00,49.81454693687398
2025-06-12 01:06:00,84.7
2025-06-12 18:30:00,11.8
2025-06-12 05:25:00,30.0
2025-06-12 03:26:00,75.8
2025-06-12 12:10:00,84.4
2025-06-12 14:17:00,11.6
2025-06-12 23:27:00,89.6
2025-06-12 09:01:00,29.8
2025-06-12 18:55:00,47.4
2025-06-12 10:41:00,21.0
2025-06-12 15:27:00,37.8
2025-06-12 05:27:00,16.4
2025-06-12 02:04:00,96.2
2025-06-12 08:19:00,30.9
2025-06-12 19:27:00,95.5
2025-06-12 05:35:00,77.1
2025-06-12 20:09:00,68.5
2025-06-12 12:08:00,32.2
2025-06-12 06:55:00,49.81454693687398
2025-06-12 21:48:00,66.1
2025-06-12 03:33:00,53.8
2025-06-12 11:48:00,49.81454693687398
2025-06-12 03:19:00,70.7
2025-06-12 16:26:00,18.3
2025-06-12 06:45:00,71.9
2025-06-12 00:07:00,18.8
2025-06-12 18:09:00,2.3
2025-06-12 03:06:00,63.0
2025-06-12 21:11:00,80.0
2025-06-12 02:51:00,99.7
2025-06-12 02:33:00,10.9
2025-06-12 01:29:00,86.4
2025-06-12 08:20:00,49.81454693687398
2025-06-12 16:08:00,19.0
2025-06-12 07:56:00,92.5
2025-06-12 02:11:00,21.8
2025-06-12 08:47:00,36.4
2025-06-12 00:41:00,15.7
2025-06-12 02:26:00,7.9
2025-06-12 18:44:00,10.4
2025-06-12 16:37:00,73.2
2025-06-12 11:27:00,12.8
2025-06-12 18:45:00,19.2
2025-06-12 10:10:00,40.7
2025-06-12 21:51:00,76.8
2025-06-12 17:25:00,60.5
2025-06-12 00:57:00,17.0
2025-06-12 19:54:00,15.6
2025-06-12 06:57:00,6.2
2025-06-12 16:28:00,15.2
2025-06-12 16:00:00,47.3
2025-06-12 15:10:00,58.1
2025-06-12 16:51:00,7.0
2025-06-12 10:46:00,72.4
2025-06-12 12:06:00,95.5
2025-06-12 18:54:00,35.3
2025-06-12 12:20:00,10.4
2025-06-12 10:00:00,49.81454693687398
2025-06-12 03:39:00,4.2
2025-06-12 01:01:00,49.81454693687398
2025-06-12 03:34:00,25.0
2025-06-12 13:28:00,42.5
2025-06-12 23:49:00,5.1
2025-06-12 08:26:00,66.4
2025-06-12 19:05:00,79.3
2025-06-12 20:00:00,0.9
2025-06-12 04:23:00,96.0
2025-06-12 07:59:00,25.3
2025-06-12 05:53:00,62.1
2025-06-12 22:18:00,13.4
2025-06-12 19:08:00,85.1
2025-06-12 00:23:00,49.6
2025-06-12 13:35:00,52.4
2025-06-12 08:45:00,1.6
2025-06-12 03:00:00,31.0
2025-06-12 18:48:00,27.3
2025-06-12 11:52:00,11.6
2025-06-12 08:08:00,33.0
2025-06-12 16:23:00,49.81454693687398
2025-06-12 09:23:00,49.81454693687398
2025-06-12 03:21:00,98.9
2025-06-12 08:21:00,12.4
2025-06-12 08:31:00,94.0
2025-06-12 19:37:00,1.1
2025-06-12 02:21:00,80.2
2025-06-12 06:09:00,62.0
2025-06-12 19:24:00,37.7
2025-06-12 08:07:00,18.9
2025-06-12 18:40:00,12.0
2025-06-12 22:02:00,38.9
2025-06-12 16:56:00,42.7
2025-06-12 04:31:00,89.4
2025-06-12 04:22:00,16.6
2025-06-12 17:56:00,16.2
2025-06-12 22:34:00,71.4
2025-06-12 16:31:00,36.5
2025-06-12 19:29:00,49.81454693687398
2025-06-12 13:43:00,77.2
2025-06-12 19:57:00,81.5
2025-06-12 18:10:00,17.1
2025-06-12 00:19:00,72.0
2025-06-12 22:16:00,86.2
2025-06-12 17:24:00,79.7
2025-06-12 15:57:00,77.8
2025-06-12 06:11:00,53.4
2025-06-12 08:52:00,21.8
2025-06-12 15:37:00,29.8
2025-06-12 14:24:00,5.7
2025-06-12 02:15:00,86.4
2025-06-12 05:58:00,9.0
2025-06-12 14:52:00,49.81454693687398
2025-06-12 04:12:00,17.4
2025-06-12 13:38:00,33.4
2025-06-12 01:28:00,63.4
2025-06-12 20:57:00,25.3
2025-06-12 17:03:00,49.81454693687398
2025-06-12 21:55:00,49.81454693687398
2025-06-12 14:19:00,49.81454693687398
2025-06-12 22:13:00,49.81454693687398
2025-06-12 05:06:00,86.3
2025-06-12 02:53:00,10.6
2025-06-12 00:54:00,36.7
2025-06-12 02:20:00,52.0
2025-06-12 04:55:00,15.0
2025-06-12 21:09:00,24.0
2025-06-12 13:09:00,23.7
2025-06-12 15:36:00,40.8
2025-06-12 00:47:00,74.1
2025-06-12 15:44:00,77.0
2025-06-12 03:36:00,14.5
2025-06-12 09:36:00,7.1
2025-06-12 21:40:00,24.0
2025-06-12 18:39:00,49.81454693687398
2025-06-12 04:18:00,39.0
2025-06-12 19:42:00,48.0
2025-06-12 20:36:00,44.1
2025-06-12 08:15:00,49.81454693687398
2025-06-12 07:34:00,16.5
2025-06-12 04:24:00,49.81454693687398
2025-06-12 00:22:00,90.0
2025-06-12 00:50:00,30.7
2025-06-12 16:34:00,69.4
2025-06-12 07:29:00,0.7
2025-06-12 13:27:00,64.2
2025-06-12 04:27:00,33.4
2025-06-12 06:44:00,49.81454693687398
2025-06-12 17:14:00,6.3
2025-06-12 21:36:00,16.7
2025-06-12 21:22:00,49.81454693687398
2025-06-12 02:39:00,74.5
2025-06-12 12:13:00,74.5
2025-06-12 04:37:00,49.81454693687398
2025-06-12 11:32:00,95.4
2025-06-12 21:12:00,21.6
2025-06-12 04:15:00,99.5
2025-06-12 12:48:00,30.6
2025-06-12 00:14:00,69.8
2025-06-12 04:07:00,26.5
2025-06-12 10:34:00,83.9
2025-06-12 11:35:00,34.1
2025-06-12 19:22:00,94.2
2025-06-12 05:18:00,19.5
2025-06-12 05:37:00,23.5
2025-06-12 22:39:00,37.9
2025-06-12 16:27:00,18.9
2025-06-12 13:40:00,49.81454693687398
2025-06-12 01:09:00,36.6
2025-06-12 03:29:00,32.6
2025-06-12 16:11:00,26.1
2025-06-12 22:40:00,3.7
2025-06-12 16:20:00,49.81454693687398
2025-06-12 22:35:00,71.2
2025-06-12 01:15:00,54.7
2025-06-12 17:15:00,96.9
2025-06-12 07:16:00,5.8
2025-06-12 06:37:00,81.0
2025-06-12 23:47:00,45.9
2025-06-12 10:31:00,37.4
2025-06-12 09:30:00,9.0
2025-06-12 15:16:00,87.7
2025-06-12 01:25:00,29.3
2025-06-12 02:14:00,49.81454693687398
2025-06-12 12:07:00,18.0
2025-06-12 16:36:00,49.81454693687398
2025-06-12 23:57:00,60.2
2025-06-12 17:49:00,33.0
2025-06-12 08:50:00,49.81454693687398
2025-06-12 07:48:00,22.9
2025-06-12 02:34:00,81.1
2025-06-12 13:54:00,55.5
2025-06-12 17:26:00,95.1
2025-06-12 14:07:00,49.81454693687398
2025-06-12 09:51:00,60.3
2025-06-12 21:21:00,26.3
2025-06-12 18:07:00,10.1
2025-06-12 23:38:00,1.0
2025-06-12 06:59:00,49.81454693687398
2025-06-12 06:53:00,55.8
2025-06-12 17:01:00,62.3
2025-06-12 04:58:00,24.4
2025-06-12 19:51:00,4.8
2025-06-12 23:48:00,7.5
2025-06-12 07:46:00,7.3
2025-06-12 19:25:00,17.9
2025-06-12 01:31:00,6.0
2025-06-12 13:21:00,35.4
2025-06-12 15:02:00,36.0
2025-06-12 00:34:00,70.7
2025-06-12 15:20:00,15.9
2025-06-12 05:45:00,12.1
2025-06-12 10:38:00,51.7
2025-06-12 01:49:00,49.81454693687398
2025-06-12 06:51:00,49.81454693687398
2025-06-12 21:32:00,30.7
2025-06-12 13:51:00,58.6
2025-06-12 23:35:00,68.2
2025-06-12 18:41:00,73.9
2025-06-12 13:49:00,28.1
2025-06-12 04:05:00,9.3
2025-06-12 21:53:00,60.0
2025-06-12 21:44:00,26.1
2025-06-12 15:45:00,76.5
2025-06-12 18:34:00,14.6
2025-06-12 20:24:00,87.9
2025-06-12 00:45:00,94.2
2025-06-12 21:18:00,49.81454693687398
2025-06-12 22:20:00,40.6
2025-06-12 21:03:00,81.7
2025-06-12 07:10:00,49.1
2025-06-12 22:56:00,49.3
2025-06-12 09:17:00,52.7
2025-06-12 06:15:00,19.5
2025-06-12 22:51:00,55.1
2025-06-12 21:46:00,49.81454693687398
2025-06-12 08:58:00,5.7
2025-06-12 05:02:00,93.4
2025-06-12 00:01:00,69.7
2025-06-12 13:18:00,65.4
2025-06-12 04:47:00,14.8
2025-06-12 06:07:00,76.7
2025-06-12 09:04:00,48.8
2025-06-12 11:14:00,25.8
2025-06-12 01:07:00,53.7
2025-06-12 16:16:00,21.4
2025-06-12 02:48:00,72.4
2025-06-12 10:22:00,90.0
2025-06-12 02:37:00,53.0
2025-06-12 06:00:00,49.81454693687398
2025-06-12 10:06:00,12.0
2025-06-12 08:33:00,13.1
2025-06-12 06:43:00,85.4
2025-06-12 15:51:00,86.4
2025-06-12 00:02:00,7.5
2025-06-12 21:25:00,88.5
2025-06-12 15:49:00,58.8
2025-06-12 15:38:00,49.81454693687398
2025-06-12 09:48:00,70.1
2025-06-12 00:51:00,60.5
2025-06-12 16:15:00,49.81454693687398
2025-06-12 01:08:00,44.5
2025-06-12 13:45:00,54.1
2025-06-12 15:32:00,49.81454693687398
2025-06-12 15:01:00,82.7
2025-06-12 01:42:00,49.81454693687398
2025-06-12 23:28:00,37.2
2025-06-12 14:00:00,51.5
2025-06-12 22:28:00,18.5
2025-06-12 06:40:00,35.4
2025-06-12 07:54:00,95.5
2025-06-12 23:15:00,49.81454693687398
2025-06-12 09:44:00,49.81454693687398
2025-06-12 02:50:00,30.4
2025-06-12 06:08:00,40.9
2025-06-12 03:12:00,88.9
2025-06-12 02:05:00,89.5
2025-06-12 04:38:00,1.9
2025-06-12 07:44:00,12.8
2025-06-12 04:09:00,5.2
2025-06-12 07:40:00,64.3
2025-06-12 23:41:00,49.81454693687398
2025-06-12 14:56:00,74.3
2025-06-12 01:23:00,72.7
2025-06-12 03:56:00,86.4
2025-06-12 00:29:00,5.8
2025-06-12 12:29:00,28.8
2025-06-12 12:40:00,56.3
2025-06-12 15:43:00,20.8
2025-06-12 17:29:00,67.6
2025-06-12 23:50:00,63.9
2025-06-12 16:22:00,0.4
2025-06-12 04:11:00,67.3
2025-06-12 14:08:00,50.17466168922071
2025-06-12 11:34:00,3.8
2025-06-12 06:34:00,13.9
2025-06-12 15:42:00,11.0
2025-06-12 07:51:00,51.6
2025-06-12 23:00:00,53.2
2025-06-12 22:30:00,50.3
2025-06-12 21:32:00,38.0
2025-06-12 19:11:00,48.6
2025-06-12 01:39:00,30.6
2025-06-12 15:36:00,18.5
2025-06-12 06:25:00,20.5
2025-06-12 01:21:00,52.3
2025-06-12 01:45:00,91.7
2025-06-12 02:15:00,99.4
2025-06-12 00:14:00,74.1
2025-06-12 01:48:00,44.4
2025-06-12 18:30:00,2.0
2025-06-12 00:12:00,23.1
2025-06-12 02:25:00,50.17466168922071
2025-06-12 07:37:00,6.0
2025-06-12 11:05:00,48.0
2025-06-12 22:54:00,50.17466168922071
2025-06-12 03:50:00,42.3
2025-06-12 21:50:00,91.1
2025-06-12 17:58:00,53.0
2025-06-12 09:30:00,2.6
2025-06-12 21:22:00,44.4
2025-06-12 16:19:00,3.0
2025-06-12 21:51:00,5.4
2025-06-12 19:38:00,24.5
2025-06-12 21:58:00,50.17466168922071
2025-06-12 16:11:00,68.3
2025-06-12 10:51:00,31.4
2025-06-12 13:05:00,47.3
2025-06-12 01:11:00,88.5
2025-06-12 13:50:00,3.5
2025-06-12 02:50:00,58.9
2025-06-12 22:44:00,66.9
2025-06-12 00:19:00,67.5
2025-06-12 00:10:00,97.4
2025-06-12 14:17:00,66.3
2025-06-12 02:41:00,57.0
2025-06-12 00:09:00,16.0
2025-06-12 01:49:00,53.7
2025-06-12 05:01:00,50.17466168922071
2025-06-12 05:46:00,70.3
2025-06-12 20:24:00,51.5
2025-06-12 03:36:00,95.2
2025-06-12 19:29:00,94.8
2025-06-12 21:00:00,95.8
2025-06-12 16:41:00,60.7
2025-06-12 15:27:00,47.5
2025-06-12 19:28:00,14.7
2025-06-12 20:31:00,55.9
2025-06-12 06:28:00,30.5
2025-06-12 07:54:00,25.6
2025-06-12 10:45:00,0.9
2025-06-12 12:12:00,64.9
2025-06-12 14:26:00,50.17466168922071
2025-06-12 05:58:00,66.1
2025-06-12 10:42:00,22.2
2025-06-12 11:58:00,44.7
2025-06-12 22:34:00,40.7
2025-06-12 00:05:00,29.4
2025-06-12 16:30:00,80.5
2025-06-12 11:09:00,56.4
2025-06-12 14:14:00,12.2
2025-06-12 12:34:00,73.2
2025-06-12 20:48:00,93.6
2025-06-12 02:23:00,92.0
2025-06-12 00:57:00,11.2
2025-06-12 14:34:00,71.8
2025-06-12 05:04:00,71.3
2025-06-12 08:48:00,42.9
2025-06-12 18:36:00,49.6
2025-06-12 21:14:00,10.6
2025-06-12 08:24:00,31.9
2025-06-12 15:16:00,58.8
2025-06-12 06:31:00,92.4
2025-06-12 10:12:00,36.1
2025-06-12 04:05:00,89.6
2025-06-12 04:47:00,91.4
2025-06-12 16:23:00,30.8
2025-06-12 10:55:00,71.7
2025-06-12 22:09:00,24.5
2025-06-12 20:43:00,81.2
2025-06-12 19:57:00,5.1
2025-06-12 11:14:00,74.1
2025-06-12 07:32:00,94.8
2025-06-12 15:08:00,83.7
2025-06-12 04:07:00,50.17466168922071
2025-06-12 02:42:00,26.5
2025-06-12 06:07:00,50.17466168922071
2025-06-12 17:01:00,11.0
2025-06-12 02:01:00,89.0
2025-06-12 02:09:00,81.7
2025-06-12 20:10:00,61.5
2025-06-12 07:47:00,50.17466168922071
2025-06-12 23:52:00,27.3
2025-06-12 15:54:00,20.5
2025-06-12 23:12:00,19.4
2025-06-12 23:20:00,44.8
2025-06-12 16:44:00,38.6
2025-06-12 20:55:00,54.7
2025-06-12 03:40:00,63.1
2025-06-12 23:25:00,55.7
2025-06-12 04:36:00,37.4
2025-06-12 05:37:00,2.1
2025-06-12 19:04:00,52.5
2025-06-12 04:06:00,50.1
2025-06-12 21:47:00,18.3
2025-06-12 13:31:00,71.6
2025-06-12 00:30:00,19.4
2025-06-12 23:21:00,46.6
2025-06-12 19:25:00,50.17466168922071
2025-06-12 22:47:00,24.7
2025-06-12 22:21:00,93.4
2025-06-12 13:48:00,66.2
2025-06-12 14:15:00,61.8
2025-06-12 05:10:00,37.3
2025-06-12 21:36:00,3.2
2025-06-12 14:16:00,92.5
2025-06-12 17:57:00,71.3
2025-06-12 15:38:00,57.4
2025-06-12 10:24:00,12.3
2025-06-12 06:36:00,19.3
2025-06-12 15:17:00,22.2
2025-06-12 22:57:00,8.6
2025-06-12 14:38:00,26.2
2025-06-12 14:28:00,52.6
2025-06-12 22:50:00,21.0
2025-06-12 21:33:00,67.9
2025-06-12 16:14:00,11.9
2025-06-12 09:14:00,67.5
2025-06-12 18:01:00,15.2
2025-06-12 12:26:00,74.9
2025-06-12 07:48:00,2.7
2025-06-12 21:01:00,6.9
2025-06-12 05:48:00,60.1
2025-06-12 07:59:00,38.3
2025-06-12 19:59:00,9.4
2025-06-12 12:57:00,47.5
2025-06-12 06:42:00,50.17466168922071
2025-06-12 08:25:00,41.8
2025-06-12 19:30:00,74.1
2025-06-12 15:04:00,42.6
2025-06-12 23:29:00,41.2
2025-06-12 02:57:00,39.7
2025-06-12 20:23:00,50.17466168922071
2025-06-12 13:08:00,84.2
2025-06-12 10:49:00,60.5
2025-06-12 15:00:00,50.17466168922071
2025-06-12 05:51:00,50.17466168922071
2025-06-12 16:07:00,50.17466168922071
2025-06-12 21:15:00,67.7
2025-06-12 18:14:00,99.8
2025-06-12 20:35:00,70.1
2025-06-12 06:20:00,84.2
2025-06-12 16:57:00,29.4
2025-06-12 17:55:00,10.1
2025-06-12 17:08:00,68.6
2025-06-12 11:13:00,50.17466168922071
2025-06-12 02:22:00,40.6
2025-06-12 06:23:00,3.6
2025-06-12 04:52:00,17.5
2025-06-12 20:49:00,22.4
2025-06-12 10:47:00,50.17466168922071
2025-06-12 16:45:00,86.8
2025-06-12 20:47:00,90.2
2025-06-12 10:56:00,77.6
2025-06-12 10:26:00,70.6
2025-06-12 08:31:00,93.1
2025-06-12 22:16:00,63.4
2025-06-12 19:22:00,81.6
2025-06-12 14:43:00,50.17466168922071
2025-06-12 09:01:00,78.5
2025-06-12 01:55:00,23.4
2025-06-12 02:34:00,73.8
2025-06-12 14:07:00,24.3
2025-06-12 15:29:00,27.6
2025-06-12 01:27:00,95.6
2025-06-12 01:35:00,45.0
2025-06-12 08:53:00,81.2
2025-06-12 13:17:00,74.3
2025-06-12 04:44:00,14.7
2025-06-12 03:23:00,63.6
2025-06-12 04:12:00,91.4
2025-06-12 19:26:00,98.7
2025-06-12 10:13:00,50.17466168922071
2025-06-12 06:27:00,83.2
2025-06-12 04:46:00,52.8
2025-06-12 00:23:00,5.9
2025-06-12 09:52:00,23.7
2025-06-12 15:23:00,92.6
2025-06-12 07:04:00,20.4
2025-06-12 10:04:00,54.3
2025-06-12 15:59:00,91.4
2025-06-12 19:43:00,71.6
2025-06-12 22:02:00,50.17466168922071
2025-06-12 20:37:00,30.6
2025-06-12 22:23:00,4.8
2025-06-12 03:01:00,79.1
2025-06-12 00:11:00,37.0
2025-06-12 00:24:00,10.8
2025-06-12 05:54:00,36.2
2025-06-12 17:26:00,50.17466168922071
2025-06-12 19:44:00,50.17466168922071
2025-06-12 13:27:00,14.1
2025-06-12 16:06:00,42.2
2025-06-12 11:52:00,3.8
2025-06-12 10:10:00,71.9
2025-06-12 09:56:00,50.6
2025-06-12 00:56:00,2.4
2025-06-12 03:48:00,62.8
2025-06-12 15:26:00,49.9
2025-06-12 19:18:00,22.0
2025-06-12 04:01:00,50.17466168922071
2025-06-12 21:21:00,75.1
2025-06-12 00:55:00,71.1
2025-06-12 18:05:00,35.1
2025-06-12 11:59:00,65.5
2025-06-12 17:41:00,50.17466168922071
2025-06-12 00:27:00,50.17466168922071
2025-06-12 12:29:00,25.8
2025-06-12 00:43:00,5.0
2025-06-12 17:29:00,30.9
2025-06-12 09:40:00,23.8
2025-06-12 23:34:00,74.9
2025-06-12 13:45:00,18.2
2025-06-12 08:37:00,82.4
2025-06-12 02:56:00,18.4
2025-06-12 16:18:00,76.3
2025-06-12 17:54:00,58.5
2025-06-12 13:02:00,85.0
2025-06-12 20:29:00,50.17466168922071
2025-06-12 14:29:00,86.3
2025-06-12 09:07:00,28.5
2025-06-12 04:40:00,46.7
2025-06-12 03:41:00,55.0
2025-06-12 16:09:00,16.5
2025-06-12 21:29:00,21.1
2025-06-12 04:10:00,25.5
2025-06-12 03:02:00,50.17466168922071
2025-06-12 18:57:00,50.17466168922071
2025-06-12 21:03:00,36.9
2025-06-12 15:43:00,30.5
2025-06-12 12:14:00,9.0
2025-06-12 02:46:00,23.9
2025-06-12 19:33:00,52.1
2025-06-12 20:14:00,75.3
2025-06-12 22:41:00,93.7
2025-06-12 16:20:00,28.2
2025-06-12 07:05:00,50.17466168922071
2025-06-12 12:22:00,41.7
2025-06-12 18:20:00,84.5
2025-06-12 15:56:00,84.7
2025-06-12 09:37:00,4.8
2025-06-12 10:39:00,73.2
2025-06-12 18:27:00,18.1
2025-06-12 09:17:00,68.6
2025-06-12 00:40:00,4.8
2025-06-12 12:25:00,50.17466168922071
2025-06-12 04:25:00,83.7
2025-06-12 22:51:00,3.1
2025-06-12 02:17:00,40.2
2025-06-12 09:43:00,54.9
2025-06-12 20:53:00,50.17466168922071
2025-06-12 13:11:00,23.8
2025-06-12 23:18:00,44.3
2025-06-12 11:19:00,50.17466168922071
2025-06-12 11:30:00,50.17466168922071
2025-06-12 15:25:00,77.7
2025-06-12 18:18:00,27.8
2025-06-12 10:33:00,34.2
2025-06-12 12:07:00,81.9
2025-06-12 18:49:00,97.1
2025-06-12 06:49:00,56.6
2025-06-12 09:00:00,78.3
2025-06-12 16:26:00,31.5
2025-06-12 09:46:00,51.4
2025-06-12 08:01:00,58.0
2025-06-12 01:52:00,92.3
2025-06-12 11:43:00,14.3
2025-06-12 13:49:00,34.6
2025-06-12 18:39:00,1.9
2025-06-12 01:00:00,11.8
2025-06-12 02:04:00,97.1
2025-06-12 16:35:00,15.4
2025-06-12 14:51:00,52.6
2025-06-12 06:29:00,50.17466168922071
2025-06-12 05:53:00,34.9
2025-06-12 22:13:00,50.17466168922071
2025-06-12 18:48:00,50.17466168922071
2025-06-12 11:23:00,90.9
2025-06-12 10:16:00,21.7
2025-06-12 10:34:00,78.1
2025-06-12 10:03:00,39.8
2025-06-12 12:04:00,9.1
2025-06-12 04:51:00,21.9
2025-06-12 01:12:00,96.7
2025-06-12 10:32:00,64.4
2025-06-12 03:11:00,60.4
2025-06-12 16:54:00,92.5
2025-06-12 04:42:00,50.17466168922071
2025-06-12 03:15:00,41.1
2025-06-12 03:44:00,80.7
2025-06-12 13:00:00,50.17466168922071
2025-06-12 12:00:00,33.4
2025-06-12 13:15:00,93.3
2025-06-12 15:48:00,87.3
2025-06-12 16:28:00,33.2
2025-06-12 21:17:00,49.28634215500945
2025-06-12 08:03:00,16.3
2025-06-12 23:13:00,99.4
2025-06-12 01:23:00,18.8
2025-06-12 10:18:00,63.2
2025-06-12 18:02:00,49.28634215500945
2025-06-12 15:56:00,97.5
2025-06-12 00:24:00,6.2
2025-06-12 04:18:00,62.6
2025-06-12 03:31:00,20.4
2025-06-12 18:30:00,58.0
2025-06-12 00:36:00,39.3
2025-06-12 21:09:00,3.3
2025-06-12 22:14:00,7.4
2025-06-12 13:03:00,13.2
2025-06-12 07:54:00,59.8
2025-06-12 17:41:00,49.28634215500945
2025-06-12 10:39:00,55.0
2025-06-12 06:30:00,24.2
2025-06-12 01:50:00,67.2
2025-06-12 07:55:00,49.28634215500945
2025-06-12 13:16:00,93.3
2025-06-12 18:25:00,49.28634215500945
2025-06-12 03:51:00,26.0
2025-06-12 12:18:00,54.2
2025-06-12 03:08:00,40.2
2025-06-12 21:34:00,63.8
2025-06-12 22:35:00,95.2
2025-06-12 08:15:00,70.7
2025-06-12 08:11:00,93.9
2025-06-12 14:42:00,45.8
2025-06-12 10:20:00,8.8
2025-06-12 12:20:00,10.5
2025-06-12 20:00:00,87.4
2025-06-12 08:24:00,49.28634215500945
2025-06-12 00:53:00,26.7
2025-06-12 13:46:00,49.28634215500945
2025-06-12 19:10:00,31.0
2025-06-12 10:42:00,49.28634215500945
2025-06-12 07:32:00,23.6
2025-06-12 19:45:00,34.0
2025-06-12 16:43:00,97.7
2025-06-12 03:36:00,16.8
2025-06-12 02:56:00,14.5
2025-06-12 03:45:00,49.28634215500945
2025-06-12 01:45:00,33.5
2025-06-12 06:58:00,62.3
2025-06-12 22:25:00,61.9
2025-06-12 14:00:00,25.3
2025-06-12 00:02:00,72.1
2025-06-12 19:35:00,11.4
2025-06-12 16:49:00,13.1
2025-06-12 04:01:00,49.28634215500945
2025-06-12 14:58:00,22.3
2025-06-12 21:32:00,49.28634215500945
2025-06-12 20:50:00,34.0
2025-06-12 02:29:00,2.5
2025-06-12 22:08:00,30.4
2025-06-12 19:31:00,45.2
2025-06-12 10:50:00,49.28634215500945
2025-06-12 02:10:00,56.0
2025-06-12 01:24:00,71.1
2025-06-12 11:05:00,19.8
2025-06-12 12:36:00,47.2
2025-06-12 09:45:00,39.4
2025-06-12 15:30:00,49.28634215500945
2025-06-12 12:14:00,4.7
2025-06-12 13:52:00,32.8
2025-06-12 09:27:00,49.28634215500945
2025-06-12 02:40:00,39.5
2025-06-12 17:56:00,52.7
2025-06-12 12:33:00,49.28634215500945
2025-06-12 18:48:00,49.9
2025-06-12 06:16:00,29.9
2025-06-12 23:17:00,72.2
2025-06-12 06:39:00,47.5
2025-06-12 06:40:00,45.6
2025-06-12 22:59:00,87.0
2025-06-12 00:20:00,89.7
2025-06-12 10:41:00,47.7
2025-06-12 10:14:00,86.3
2025-06-12 16:07:00,49.28634215500945
2025-06-12 23:58:00,72.0
2025-06-12 18:51:00,68.5
2025-06-12 19:49:00,77.9
2025-06-12 08:18:00,95.1
2025-06-12 23:10:00,94.7
2025-06-12 19:38:00,48.8
2025-06-12 14:49:00,61.1
2025-06-12 15:03:00,24.0
2025-06-12 20:56:00,53.1
2025-06-12 09:37:00,49.28634215500945
2025-06-12 16:40:00,2.8
2025-06-12 09:15:00,58.4
2025-06-12 10:47:00,92.2
2025-06-12 11:26:00,67.2
2025-06-12 19:43:00,98.4
2025-06-12 17:17:00,42.6
2025-06-12 08:00:00,77.9
2025-06-12 22:46:00,78.9
2025-06-12 23:59:00,16.0
2025-06-12 01:39:00,49.28634215500945
2025-06-12 17:29:00,27.2
2025-06-12 04:27:00,13.7
2025-06-12 05:24:00,66.7
2025-06-12 04:02:00,49.28634215500945
2025-06-12 19:00:00,52.9
2025-06-12 15:06:00,49.28634215500945
2025-06-12 05:58:00,49.28634215500945
2025-06-12 10:45:00,49.28634215500945
2025-06-12 11:19:00,49.28634215500945
2025-06-12 19:17:00,24.3
2025-06-12 12:04:00,88.5
2025-06-12 08:39:00,50.6
2025-06-12 00:48:00,1.6
2025-06-12 03:38:00,80.4
2025-06-12 23:48:00,42.7
2025-06-12 16:18:00,40.3
2025-06-12 07:14:00,30.2
2025-06-12 13:31:00,49.28634215500945
2025-06-12 18:59:00,52.1
2025-06-12 04:19:00,97.6
2025-06-12 00:55:00,92.0
2025-06-12 09:02:00,49.28634215500945
2025-06-12 23:03:00,38.6
2025-06-12 17:37:00,89.9
2025-06-12 13:17:00,41.9
2025-06-12 15:04:00,51.9
2025-06-12 15:45:00,41.7
2025-06-12 07:36:00,15.9
2025-06-12 18:44:00,6.4
2025-06-12 16:00:00,9.4
2025-06-12 17:20:00,33.8
2025-06-12 09:50:00,35.0
2025-06-12 22:55:00,84.8
2025-06-12 15:02:00,49.28634215500945
2025-06-12 18:36:00,43.4
2025-06-12 18:53:00,12.1
2025-06-12 21:42:00,79.1
2025-06-12 19:11:00,9.9
2025-06-12 13:34:00,67.5
2025-06-12 05:25:00,60.0
2025-06-12 02:23:00,20.0
2025-06-12 13:04:00,72.2
2025-06-12 07:53:00,49.28634215500945
2025-06-12 03:56:00,9.5
2025-06-12 03:47:00,24.3
2025-06-12 20:10:00,99.4
2025-06-12 08:53:00,50.1
2025-06-12 22:31:00,62.9
2025-06-12 18:17:00,96.2
2025-06-12 13:47:00,86.4
2025-06-12 02:43:00,49.28634215500945
2025-06-12 17:36:00,49.28634215500945
2025-06-12 12:07:00,35.1
2025-06-12 10:30:00,39.3
2025-06-12 22:12:00,16.8
2025-06-12 17:27:00,64.1
2025-06-12 23:14:00,81.2
2025-06-12 15:14:00,9.5
2025-06-12 23:11:00,49.28634215500945
2025-06-12 05:16:00,49.28634215500945
2025-06-12 03:58:00,49.28634215500945
2025-06-12 07:19:00,23.4
2025-06-12 21:19:00,38.9
2025-06-12 02:57:00,82.6
2025-06-12 14:01:00,20.0
2025-06-12 01:00:00,66.0
2025-06-12 17:47:00,49.28634215500945
2025-06-12 00:11:00,94.6
2025-06-12 21:16:00,12.6
2025-06-12 13:41:00,65.4
2025-06-12 22:18:00,57.6
2025-06-12 14:10:00,99.6
2025-06-12 07:27:00,31.1
2025-06-12 01:29:00,49.28634215500945
2025-06-12 02:31:00,49.28634215500945
2025-06-12 19:25:00,49.28634215500945
2025-06-12 15:32:00,49.28634215500945
2025-06-12 02:11:00,27.5
2025-06-12 11:12:00,43.0
2025-06-12 06:11:00,34.4
2025-06-12 18:20:00,69.5
2025-06-12 04:31:00,60.6
2025-06-12 06:43:00,49.28634215500945
2025-06-12 10:56:00,92.6
2025-06-12 11:58:00,59.1
2025-06-12 23:29:00,15.3
2025-06-12 23:49:00,39.7
2025-06-12 15:39:00,16.8
2025-06-12 02:46:00,88.7
2025-06-12 17:18:00,49.28634215500945
2025-06-12 17:34:00,70.9
2025-06-12 19:32:00,6.6
2025-06-12 14:02:00,0.3
2025-06-12 17:55:00,49.28634215500945
2025-06-12 05:40:00,7.8
2025-06-12 00:05:00,44.6
2025-06-12 08:51:00,31.2
2025-06-12 22:10:00,86.0
2025-06-12 21:27:00,18.4
2025-06-12 00:58:00,18.1
2025-06-12 13:56:00,53.9
2025-06-12 01:48:00,88.4
2025-06-12 06:32:00,74.8
2025-06-12 06:42:00,43.7
2025-06-12 01:19:00,72.4
2025-06-12 14:37:00,49.28634215500945
2025-06-12 05:44:00,34.2
2025-06-12 03:15:00,28.7
2025-06-12 02:20:00,49.28634215500945
2025-06-12 09:11:00,25.1
2025-06-12 20:17:00,72.4
2025-06-12 01:15:00,29.8
2025-06-12 14:28:00,49.28634215500945
2025-06-12 15:09:00,9.5
2025-06-12 04:06:00,65.6
2025-06-12 10:33:00,75.8
2025-06-12 15:42:00,68.3
2025-06-12 12:50:00,6.9
2025-06-12 06:01:00,49.28634215500945
2025-06-12 22:37:00,78.7
2025-06-12 05:39:00,37.2
2025-06-12 01:37:00,93.3
2025-06-12 03:04:00,44.8
2025-06-12 14:11:00,49.28634215500945
2025-06-12 01:31:00,71.5
2025-06-12 02:02:00,58.1
2025-06-12 20:04:00,49.28634215500945
2025-06-12 03:39:00,44.6
2025-06-12 00:14:00,48.5
2025-06-12 14:46:00,75.8
2025-06-12 21:46:00,44.3
2025-06-12 09:34:00,42.1
2025-06-12 05:37:00,49.28634215500945
2025-06-12 13:09:00,30.2
2025-06-12 04:53:00,97.0
2025-06-12 09:14:00,24.1
2025-06-12 11:13:00,95.6
2025-06-12 04:38:00,60.1
2025-06-12 06:21:00,4.4
2025-06-12 16:48:00,2.4
2025-06-12 09:33:00,72.5
2025-06-12 04:39:00,26.4
2025-06-12 20:06:00,49.28634215500945
2025-06-12 03:54:00,49.28634215500945
2025-06-12 15:08:00,4.2
2025-06-12 20:57:00,3.8
2025-06-12 17:16:00,36.9
2025-06-12 05:33:00,78.0
2025-06-12 00:18:00,21.4
2025-06-12 16:22:00,75.0
2025-06-12 16:17:00,37.1
2025-06-12 03:42:00,58.6
2025-06-12 07:31:00,80.8
2025-06-12 17:05:00,49.28634215500945
2025-06-12 16:53:00,6.9
2025-06-12 06:13:00,92.3
2025-06-12 03:59:00,49.28634215500945
2025-06-12 21:30:00,56.0
2025-06-12 11:41:00,40.8
2025-06-12 15:16:00,15.2
2025-06-12 08:25:00,39.4
2025-06-12 22:50:00,91.8
2025-06-12 06:52:00,20.6
2025-06-12 12:39:00,64.3
2025-06-12 21:07:00,34.4
2025-06-12 06:44:00,42.3
2025-06-12 08:35:00,17.0
2025-06-12 06:49:00,81.5
2025-06-12 23:57:00,46.8
2025-06-12 19:46:00,49.28634215500945
2025-06-12 04:04:00,49.28634215500945
2025-06-12 13:37:00,49.28634215500945
2025-06-12 20:26:00,18.4
2025-06-12 05:07:00,51.3
2025-06-12 11:49:00,25.4
2025-06-12 19:42:00,79.3
2025-06-12 16:46:00,47.9
2025-06-12 23:04:00,13.7
2025-06-12 11:10:00,49.28634215500945
2025-06-12 17:44:00,33.7
2025-06-12 17:53:00,90.6
2025-06-12 06:57:00,49.28634215500945
2025-06-12 12:54:00,51.5
2025-06-12 14:54:00,28.4
2025-06-12 11:35:00,93.8
2025-06-12 00:21:00,70.2
2025-06-12 14:39:00,49.28634215500945
2025-06-12 02:09:00,19.0
2025-06-12 23:35:00,29.8
2025-06-12 00:40:00,51.7
2025-06-12 08:30:00,49.28634215500945
2025-06-12 04:44:00,49.28634215500945
2025-06-12 22:57:00,99.3
2025-06-12 02:53:00,73.4
2025-06-12 23:25:00,20.5
2025-06-12 13:43:00,49.28634215500945
2025-06-12 01:17:00,61.3
2025-06-12 15:55:00,5.7
2025-06-12 08:46:00,49.28634215500945
2025-06-12 08:52:00,38.5
2025-06-12 15:15:00,97.5
2025-06-12 19:01:00,85.2
2025-06-12 15:37:00,72.4
2025-06-12 11:08:00,49.28634215500945
2025-06-12 21:04:00,59.8
2025-06-12 20:33:00,13.5
2025-06-12 19:11:00,41.2
2025-06-12 07:23:00,37.4
2025-06-12 00:30:00,32.7
2025-06-12 10:06:00,51.8
2025-06-12 16:10:00,28.0
2025-06-12 10:22:00,42.3
2025-06-12 08:21:00,41.8
2025-06-12 07:56:00,50.0812925170068
2025-06-12 17:21:00,1.6
2025-06-12 16:36:00,26.8
2025-06-12 21:16:00,81.7
2025-06-12 10:39:00,27.3
2025-06-12 19:55:00,91.7
2025-06-12 00:02:00,69.0
2025-06-12 21:14:00,71.0
2025-06-12 04:16:00,64.0
2025-06-12 12:31:00,99.5
2025-06-12 06:51:00,16.5
2025-06-12 02:57:00,58.1
2025-06-12 08:22:00,12.1
2025-06-12 03:21:00,52.3
2025-06-12 16:47:00,5.0
2025-06-12 02:37:00,64.5
2025-06-12 15:50:00,94.5
2025-06-12 11:55:00,70.1
2025-06-12 03:30:00,96.1
2025-06-12 09:16:00,34.0
2025-06-12 23:47:00,50.0812925170068
2025-06-12 13:42:00,94.7
2025-06-12 04:21:00,26.8
2025-06-12 03:43:00,3.6
2025-06-12 09:04:00,77.5
2025-06-12 20:47:00,55.8
2025-06-12 01:33:00,67.9
2025-06-12 01:51:00,94.2
2025-06-12 06:43:00,4.1
2025-06-12 08:53:00,68.1
2025-06-12 08:16:00,7.6
2025-06-12 20:43:00,3.4
2025-06-12 15:25:00,98.0
2025-06-12 05:30:00,50.0812925170068
2025-06-12 22:57:00,77.6
2025-06-12 17:14:00,21.7
2025-06-12 17:09:00,49.3
2025-06-12 21:29:00,60.4
2025-06-12 19:01:00,39.9
2025-06-12 22:04:00,8.9
2025-06-12 21:59:00,77.8
2025-06-12 17:02:00,50.0812925170068
2025-06-12 19:14:00,75.3
2025-06-12 17:55:00,50.0812925170068
2025-06-12 13:25:00,3.3
2025-06-12 08:29:00,28.0
2025-06-12 09:17:00,81.7
2025-06-12 13:02:00,69.9
2025-06-12 00:57:00,61.8
2025-06-12 13:45:00,84.0
2025-06-12 00:12:00,93.3
2025-06-12 22:08:00,99.2
2025-06-12 05:21:00,72.0
2025-06-12 02:25:00,52.1
2025-06-12 17:04:00,11.1
2025-06-12 01:34:00,46.8
2025-06-12 12:03:00,67.4
2025-06-12 02:50:00,50.0812925170068
2025-06-12 10:27:00,77.4
2025-06-12 18:42:00,77.0
2025-06-12 06:18:00,66.3
2025-06-12 23:25:00,38.7
2025-06-12 16:56:00,4.9
2025-06-12 22:49:00,5.6
2025-06-12 02:45:00,50.0812925170068
2025-06-12 00:26:00,50.0812925170068
2025-06-12 09:43:00,5.5
2025-06-12 20:31:00,37.4
2025-06-12 20:21:00,12.7
2025-06-12 02:28:00,72.2
2025-06-12 16:33:00,89.4
2025-06-12 03:10:00,67.3
2025-06-12 22:59:00,5.4
2025-06-12 23:07:00,71.5
2025-06-12 19:04:00,77.6
2025-06-12 20:59:00,35.2
2025-06-12 01:50:00,50.0812925170068
2025-06-12 20:04:00,13.8
2025-06-12 12:20:00,23.4
2025-06-12 03:23:00,38.3
2025-06-12 04:26:00,64.1
2025-06-12 19:36:00,58.1
2025-06-12 17:54:00,35.7
2025-06-12 04:13:00,69.5
2025-06-12 10:47:00,50.0812925170068
2025-06-12 22:01:00,96.3
2025-06-12 06:56:00,62.1
2025-06-12 22:20:00,28.6
2025-06-12 17:27:00,0.5
2025-06-12 04:05:00,56.7
2025-06-12 11:47:00,84.2
2025-06-12 11:50:00,50.0812925170068
2025-06-12 04:06:00,61.6
2025-06-12 11:51:00,57.3
2025-06-12 07:59:00,72.1
2025-06-12 04:19:00,33.6
2025-06-12 12:59:00,39.5
2025-06-12 22:23:00,88.2
2025-06-12 17:10:00,46.8
2025-06-12 07:29:00,6.2
2025-06-12 08:08:00,93.0
2025-06-12 18:16:00,69.0
2025-06-12 02:10:00,71.5
2025-06-12 22:53:00,50.0812925170068
2025-06-12 05:53:00,82.3
2025-06-12 21:12:00,33.8
2025-06-12 11:53:00,91.5
2025-06-12 19:40:00,97.6
2025-06-12 08:20:00,40.0
2025-06-12 21:56:00,59.8
2025-06-12 12:01:00,92.0
2025-06-12 21:07:00,35.5
2025-06-12 23:27:00,44.9
2025-06-12 11:58:00,16.3
2025-06-12 08:28:00,81.7
2025-06-12 20:20:00,80.5
2025-06-12 22:52:00,93.2
2025-06-12 19:32:00,20.7
2025-06-12 03:04:00,32.4
2025-06-12 15:02:00,91.5
2025-06-12 09:14:00,26.6
2025-06-12 05:39:00,45.9
2025-06-12 04:09:00,69.4
2025-06-12 14:22:00,76.9
2025-06-12 08:40:00,61.9
2025-06-12 18:03:00,5.7
2025-06-12 21:23:00,58.6
2025-06-12 10:36:00,26.6
2025-06-12 09:58:00,12.4
2025-06-12 16:01:00,81.3
2025-06-12 15:21:00,20.8
2025-06-12 22:13:00,22.7
2025-06-12 11:06:00,60.7
2025-06-12 23:33:00,50.0812925170068
2025-06-12 09:29:00,7.6
2025-06-12 01:20:00,12.4
2025-06-12 04:17:00,53.2
2025-06-12 14:17:00,8.0
2025-06-12 07:09:00,30.8
2025-06-12 13:35:00,36.8
2025-06-12 13:22:00,81.7
2025-06-12 15:55:00,28.8
2025-06-12 10:23:00,8.2
2025-06-12 21:03:00,76.8
2025-06-12 22:37:00,28.9
2025-06-12 01:00:00,8.8
2025-06-12 07:35:00,23.5
2025-06-12 01:52:00,82.8
2025-06-12 03:32:00,81.9
2025-06-12 05:45:00,32.7
2025-06-12 23:58:00,22.1
2025-06-12 11:45:00,6.2
2025-06-12 21:20:00,82.0
2025-06-12 19:09:00,75.2
2025-06-12 20:19:00,44.2
2025-06-12 02:13:00,55.9
2025-06-12 04:58:00,64.8
2025-06-12 13:58:00,60.6
2025-06-12 14:31:00,53.5
2025-06-12 16:26:00,46.6
2025-06-12 10:00:00,41.2
2025-06-12 03:02:00,65.5
2025-06-12 01:46:00,50.0812925170068
2025-06-12 12:50:00,62.2
2025-06-12 05:13:00,17.9
2025-06-12 06:59:00,53.8
2025-06-12 08:39:00,11.5
2025-06-12 14:04:00,66.1
2025-06-12 21:28:00,50.0812925170068
2025-06-12 09:12:00,57.7
2025-06-12 16:46:00,28.5
2025-06-12 20:18:00,30.8
2025-06-12 09:51:00,36.4
2025-06-12 03:25:00,82.3
2025-06-12 07:47:00,77.4
2025-06-12 11:34:00,67.7
2025-06-12 23:35:00,43.2
2025-06-12 03:29:00,2.3
2025-06-12 14:55:00,15.2
2025-06-12 07:01:00,97.1
2025-06-12 03:55:00,45.7
2025-06-12 00:52:00,50.0812925170068
2025-06-12 08:14:00,91.0
2025-06-12 15:59:00,50.0812925170068
2025-06-12 10:45:00,26.7
2025-06-12 04:41:00,30.8
2025-06-12 15:42:00,4.4
2025-06-12 16:11:00,4.3
2025-06-12 05:04:00,71.0
2025-06-12 00:44:00,50.0812925170068
2025-06-12 01:09:00,50.0812925170068
2025-06-12 14:00:00,14.9
2025-06-12 08:44:00,0.4
2025-06-12 19:31:00,6.2
2025-06-12 23:37:00,53.4
2025-06-12 08:19:00,50.0812925170068
2025-06-12 14:29:00,5.7
2025-06-12 01:28:00,73.6
2025-06-12 12:16:00,24.7
2025-06-12 13:53:00,16.5
2025-06-12 15:36:00,63.7
2025-06-12 17:12:00,47.1
2025-06-12 00:59:00,81.8
2025-06-12 16:06:00,62.7
2025-06-12 12:56:00,29.9
2025-06-12 21:30:00,51.0
2025-06-12 19:18:00,50.0812925170068
2025-06-12 02:11:00,31.5
2025-06-12 07:27:00,43.8
2025-06-12 14:13:00,19.2
2025-06-12 20:09:00,91.5
2025-06-12 19:48:00,17.6
2025-06-12 22:12:00,67.4
2025-06-12 08:01:00,33.6
2025-06-12 05:08:00,20.8
2025-06-12 00:09:00,34.2
2025-06-12 03:44:00,32.0
2025-06-12 08:11:00,51.8
2025-06-12 13:55:00,14.7
2025-06-12 03:24:00,28.1
2025-06-12 04:01:00,3.6
2025-06-12 15:28:00,39.3
2025-06-12 01:48:00,93.8
2025-06-12 08:54:00,64.8
2025-06-12 20:42:00,50.0812925170068
2025-06-12 08:06:00,2.5
2025-06-12 13:24:00,41.3
2025-06-12 23:05:00,50.0812925170068
2025-06-12 22:02:00,49.0
2025-06-12 22:46:00,3.6
2025-06-12 06:26:00,1.1
2025-06-12 18:18:00,50.6
2025-06-12 10:29:00,34.0
2025-06-12 23:11:00,68.2
2025-06-12 14:09:00,73.4
2025-06-12 12:34:00,49.7
2025-06-12 23:04:00,85.7
2025-06-12 08:09:00,44.5
2025-06-12 04:11:00,50.0812925170068
2025-06-12 16:07:00,91.7
2025-06-12 12:09:00,50.0812925170068
2025-06-12 18:31:00,9.2
2025-06-12 03:01:00,50.0812925170068
2025-06-12 02:05:00,77.6
2025-06-12 07:25:00,50.0812925170068
2025-06-12 02:14:00,61.8
2025-06-12 10:48:00,21.9
2025-06-12 03:26:00,0.7
2025-06-12 16:54:00,50.0812925170068
2025-06-12 18:51:00,50.0812925170068
2025-06-12 11:13:00,87.2
2025-06-12 14:56:00,24.1
2025-06-12 04:33:00,17.8
2025-06-12 02:34:00,23.6
2025-06-12 09:55:00,20.5
2025-06-12 09:21:00,6.2
2025-06-12 11:31:00,69.6
2025-06-12 17:08:00,54.4
2025-06-12 07:14:00,50.0812925170068
2025-06-12 03:22:00,60.8
2025-06-12 15:29:00,50.0812925170068
2025-06-12 12:52:00,98.4
2025-06-12 15:46:00,70.1
2025-06-12 05:15:00,82.2
2025-06-12 04:44:00,50.0812925170068
2025-06-12 05:24:00,67.1
2025-06-12 04:00:00,86.2
2025-06-12 06:40:00,84.8
2025-06-12 10:43:00,97.1
2025-06-12 14:32:00,50.0812925170068
2025-06-12 04:25:00,88.3
2025-06-12 08:18:00,48.8
2025-06-12 11:22:00,75.8
2025-06-12 03:34:00,36.9
2025-06-12 05:16:00,45.3
2025-06-12 11:26:00,41.4
2025-06-12 15:40:00,36.6
2025-06-12 22:06:00,1.3
2025-06-12 09:47:00,51.1
2025-06-12 16:48:00,49.0
2025-06-12 23:01:00,74.8
2025-06-12 23:31:00,50.0812925170068
2025-06-12 00:53:00,75.8
2025-06-12 18:39:00,50.0812925170068
2025-06-12 11:38:00,82.3
2025-06-12 15:35:00,39.6
2025-06-12 10:03:00,50.0812925170068
2025-06-12 13:47:00,65.8
2025-06-12 22:44:00,96.1
2025-06-12 10:13:00,8.3
2025-06-12 22:22:00,84.3
2025-06-12 01:36:00,33.4
2025-06-12 04:06:00,23.9
2025-06-12 10:13:00,27.7
2025-06-12 22:22:00,5.5
2025-06-12 17:59:00,98.7
2025-06-12 00:00:00,80.2
2025-06-12 20:20:00,49.63695830886671
2025-06-12 03:34:00,59.3
2025-06-12 00:42:00,85.0
2025-06-12 23:39:00,66.8
2025-06-12 12:06:00,99.2
2025-06-12 08:38:00,71.8
2025-06-12 03:32:00,71.7
2025-06-12 18:06:00,68.9
2025-06-12 18:19:00,79.7
2025-06-12 02:12:00,49.63695830886671
2025-06-12 08:47:00,58.8
2025-06-12 18:11:00,12.1
2025-06-12 23:32:00,16.6
2025-06-12 16:29:00,57.0
2025-06-12 21:03:00,6.0
2025-06-12 10:28:00,49.63695830886671
2025-06-12 07:00:00,61.4
2025-06-12 19:16:00,38.4
2025-06-12 19:36:00,87.8
2025-06-12 14:37:00,92.1
2025-06-12 11:17:00,28.7
2025-06-12 20:01:00,49.63695830886671
2025-06-12 09:16:00,36.2
2025-06-12 19:54:00,17.0
2025-06-12 11:49:00,18.3
2025-06-12 12:52:00,1.5
2025-06-12 10:39:00,49.63695830886671
2025-06-12 05:59:00,40.3
2025-06-12 22:59:00,75.3
2025-06-12 09:17:00,75.7
2025-06-12 01:51:00,20.8
2025-06-12 19:38:00,94.2
2025-06-12 11:33:00,26.7
2025-06-12 23:55:00,30.8
2025-06-12 15:52:00,48.9
2025-06-12 05:56:00,23.0
2025-06-12 16:22:00,13.3
2025-06-12 01:47:00,58.6
2025-06-12 12:54:00,32.4
2025-06-12 14:12:00,55.5
2025-06-12 06:31:00,38.8
2025-06-12 13:32:00,69.6
2025-06-12 16:21:00,68.3
2025-06-12 08:10:00,83.2
2025-06-12 21:05:00,82.2
2025-06-12 11:36:00,39.5
2025-06-12 10:04:00,60.1
2025-06-12 01:26:00,32.7
2025-06-12 22:49:00,57.3
2025-06-12 14:40:00,86.2
2025-06-12 05:32:00,37.4
2025-06-12 13:49:00,40.2
2025-06-12 16:28:00,39.0
2025-06-12 05:37:00,46.1
2025-06-12 03:14:00,76.4
2025-06-12 13:22:00,44.9
2025-06-12 03:35:00,30.6
2025-06-12 01:19:00,30.5
2025-06-12 22:35:00,38.8
2025-06-12 23:29:00,57.6
2025-06-12 13:50:00,18.6
2025-06-12 08:42:00,82.5
2025-06-12 07:50:00,72.7
2025-06-12 09:51:00,32.6
2025-06-12 02:05:00,84.4
2025-06-12 18:38:00,30.4
2025-06-12 00:11:00,72.1
2025-06-12 22:09:00,81.4
2025-06-12 11:46:00,68.5
2025-06-12 07:29:00,72.0
2025-06-12 05:38:00,19.7
2025-06-12 10:23:00,35.9
2025-06-12 11:20:00,36.1
2025-06-12 17:46:00,73.8
2025-06-12 17:38:00,50.3
2025-06-12 06:34:00,69.7
2025-06-12 08:22:00,86.0
2025-06-12 12:24:00,55.2
2025-06-12 07:39:00,0.9
2025-06-12 01:52:00,57.0
2025-06-12 00:14:00,1.5
2025-06-12 04:46:00,49.63695830886671
2025-06-12 22:11:00,49.63695830886671
2025-06-12 04:45:00,83.6
2025-06-12 19:46:00,49.63695830886671
2025-06-12 21:32:00,15.6
2025-06-12 05:24:00,47.4
2025-06-12 02:25:00,25.9
2025-06-12 10:14:00,33.7
2025-06-12 21:35:00,13.7
2025-06-12 07:43:00,67.5
2025-06-12 17:06:00,68.0
2025-06-12 10:07:00,80.2
2025-06-12 03:28:00,49.63695830886671
2025-06-12 08:49:00,21.3
2025-06-12 08:02:00,54.2
2025-06-12 07:42:00,15.5
2025-06-12 20:53:00,48.1
2025-06-12 13:17:00,13.4
2025-06-12 23:54:00,94.2
2025-06-12 03:49:00,66.8
2025-06-12 19:34:00,33.8
2025-06-12 01:40:00,8.0
2025-06-12 07:36:00,98.6
2025-06-12 23:14:00,49.63695830886671
2025-06-12 13:18:00,62.2
2025-06-12 20:33:00,85.0
2025-06-12 10:59:00,49.63695830886671
2025-06-12 06:06:00,89.3
2025-06-12 06:47:00,12.6
2025-06-12 05:44:00,36.2
2025-06-12 03:44:00,49.2
2025-06-12 07:09:00,59.6
2025-06-12 06:01:00,1.4
2025-06-12 13:27:00,22.6
2025-06-12 20:28:00,50.7
2025-06-12 01:17:00,67.7
2025-06-12 18:51:00,91.2
2025-06-12 13:47:00,49.63695830886671
2025-06-12 16:14:00,94.6
2025-06-12 17:53:00,50.1
2025-06-12 17:07:00,5.9
2025-06-12 09:14:00,28.1
2025-06-12 10:24:00,29.9
2025-06-12 08:46:00,72.3
2025-06-12 09:06:00,20.2
2025-06-12 22:12:00,82.4
2025-06-12 23:43:00,24.1
2025-06-12 09:41:00,34.0
2025-06-12 10:52:00,23.7
2025-06-12 00:05:00,10.7
2025-06-12 04:24:00,49.63695830886671
2025-06-12 00:27:00,88.5
2025-06-12 00:21:00,98.1
2025-06-12 10:45:00,2.2
2025-06-12 02:27:00,49.63695830886671
2025-06-12 17:56:00,78.2
2025-06-12 13:48:00,86.0
2025-06-12 00:47:00,45.2
2025-06-12 06:54:00,59.7
2025-06-12 11:08:00,83.0
2025-06-12 06:35:00,73.9
2025-06-12 20:24:00,3.6
2025-06-12 03:56:00,25.9
2025-06-12 02:00:00,86.6
2025-06-12 12:37:00,49.63695830886671
2025-06-12 08:32:00,27.9
2025-06-12 08:15:00,49.63695830886671
2025-06-12 18:50:00,7.1
2025-06-12 18:12:00,87.0
2025-06-12 08:41:00,38.1
2025-06-12 08:55:00,12.7
2025-06-12 07:52:00,1.9
2025-06-12 05:04:00,5.5
2025-06-12 09:39:00,61.9
2025-06-12 17:09:00,79.6
2025-06-12 01:44:00,49.63695830886671
2025-06-12 16:54:00,96.3
2025-06-12 01:56:00,49.63695830886671
2025-06-12 18:09:00,33.7
2025-06-12 10:19:00,73.8
2025-06-12 05:07:00,64.8
2025-06-12 15:55:00,56.1
2025-06-12 13:19:00,4.4
2025-06-12 07:44:00,84.0
2025-06-12 18:55:00,26.0
2025-06-12 20:07:00,21.8
2025-06-12 02:26:00,49.63695830886671
2025-06-12 16:34:00,75.7
2025-06-12 11:00:00,91.7
2025-06-12 00:49:00,49.63695830886671
2025-06-12 18:15:00,49.63695830886671
2025-06-12 19:05:00,87.6
2025-06-12 10:26:00,49.63695830886671
2025-06-12 11:37:00,7.2
2025-06-12 01:34:00,99.1
2025-06-12 06:18:00,92.7
2025-06-12 12:15:00,8.0
2025-06-12 05:51:00,52.4
2025-06-12 05:47:00,21.3
2025-06-12 06:32:00,26.3
2025-06-12 12:31:00,88.4
2025-06-12 11:05:00,56.6
2025-06-12 23:41:00,88.6
2025-06-12 16:15:00,49.63695830886671
2025-06-12 08:23:00,13.4
2025-06-12 05:33:00,37.4
2025-06-12 18:13:00,93.2
2025-06-12 08:44:00,65.1
2025-06-12 07:51:00,97.9
2025-06-12 00:58:00,6.8
2025-06-12 07:16:00,28.4
2025-06-12 04:43:00,49.63695830886671
2025-06-12 20:23:00,16.4
2025-06-12 12:23:00,55.8
2025-06-12 09:00:00,48.1
2025-06-12 21:46:00,91.9
2025-06-12 11:48:00,92.6
2025-06-12 18:21:00,28.9
2025-06-12 14:36:00,96.0
2025-06-12 14:22:00,68.9
2025-06-12 13:29:00,12.5
2025-06-12 17:11:00,49.63695830886671
2025-06-12 18:30:00,4.7
2025-06-12 01:27:00,81.7
2025-06-12 17:51:00,46.1
2025-06-12 21:30:00,60.1
2025-06-12 16:19:00,44.7
2025-06-12 02:07:00,43.6
2025-06-12 23:47:00,78.5
2025-06-12 02:47:00,80.6
2025-06-12 19:19:00,35.2
2025-06-12 21:04:00,0.2
2025-06-12 03:13:00,41.4
2025-06-12 15:14:00,53.6
2025-06-12 11:42:00,78.7
2025-06-12 02:06:00,22.9
2025-06-12 12:04:00,60.6
2025-06-12 08:13:00,49.1
2025-06-12 02:37:00,44.7
2025-06-12 16:24:00,39.5
2025-06-12 21:23:00,95.3
2025-06-12 00:15:00,58.2
2025-06-12 17:57:00,33.5
2025-06-12 16:31:00,10.5
2025-06-12 06:10:00,94.9
2025-06-12 10:06:00,49.63695830886671
2025-06-12 16:27:00,43.5
2025-06-12 15:38:00,47.3
2025-06-12 23:30:00,4.7
2025-06-12 11:39:00,49.63695830886671
2025-06-12 04:54:00,31.0
2025-06-12 00:59:00,54.1
2025-06-12 23:15:00,65.2
2025-06-12 10:57:00,88.0
2025-06-12 23:57:00,49.63695830886671
2025-06-12 14:13:00,49.63695830886671
2025-06-12 12:56:00,60.5
2025-06-12 02:41:00,49.63695830886671
2025-06-12 05:28:00,49.63695830886671
2025-06-12 13:05:00,17.6
2025-06-12 23:07:00,58.0
2025-06-12 12:51:00,47.5
2025-06-12 21:58:00,80.1
2025-06-12 01:58:00,32.4
2025-06-12 22:21:00,45.1
2025-06-12 02:20:00,69.2
2025-06-12 02:19:00,21.3
2025-06-12 07:49:00,91.4
2025-06-12 00:18:00,68.1
2025-06-12 14:07:00,72.7
2025-06-12 20:46:00,10.9
2025-06-12 07:46:00,27.2
2025-06-12 10:33:00,49.63695830886671
2025-06-12 22:08:00,4.1
2025-06-12 18:53:00,86.1
2025-06-12 07:17:00,20.7
2025-06-12 19:28:00,10.5
2025-06-12 19:21:00,68.8
2025-06-12 19:45:00,80.9
2025-06-12 16:51:00,70.0
2025-06-12 10:44:00,49.63695830886671
2025-06-12 08:43:00,52.5
2025-06-12 23:40:00,20.4
2025-06-12 01:25:00,87.4
2025-06-12 19:08:00,49.63695830886671
2025-06-12 12:12:00,19.1
2025-06-12 17:54:00,14.5
2025-06-12 11:59:00,90.3
2025-06-12 12:53:00,49.63695830886671
2025-06-12 13:02:00,6.4
2025-06-12 00:10:00,49.63695830886671
2025-06-12 03:26:00,23.7
2025-06-12 07:25:00,49.63695830886671
2025-06-12 10:36:00,66.0
2025-06-12 10:20:00,41.6
2025-06-12 07:23:00,12.2
2025-06-12 18:35:00,63.5
2025-06-12 22:01:00,75.3
2025-06-12 10:09:00,9.5
2025-06-12 15:41:00,87.9
2025-06-12 09:23:00,94.4
2025-06-12 17:02:00,79.7
2025-06-12 10:01:00,49.63695830886671
2025-06-12 12:40:00,80.2
2025-06-12 11:03:00,80.6
2025-06-12 19:20:00,75.6
2025-06-12 04:55:00,75.2
2025-06-12 02:35:00,29.6
2025-06-12 16:39:00,88.1
2025-06-12 09:02:00,40.5
2025-06-12 14:42:00,47.3
2025-06-12 22:24:00,81.7
2025-06-12 21:42:00,49.63695830886671
2025-06-12 08:00:00,56.7
2025-06-12 13:54:00,61.9
2025-06-12 07:27:00,94.4
2025-06-12 08:39:00,47.7
2025-06-12 18:42:00,99.0
2025-06-12 04:58:00,49.63695830886671
2025-06-12 11:18:00,4.9
2025-06-12 10:32:00,22.2
2025-06-12 10:18:00,83.8
2025-06-12 18:45:00,84.2
2025-06-12 22:05:00,16.8
2025-06-12 06:58:00,49.63695830886671
2025-06-12 11:16:00,60.1
2025-06-12 07:48:00,61.9
2025-06-12 13:46:00,30.6
2025-06-12 09:58:00,1.1
2025-06-12 17:34:00,38.9
2025-06-12 20:31:00,49.63695830886671
2025-06-12 09:22:00,89.7
2025-06-12 05:52:00,96.4
2025-06-12 18:29:00,47.4
2025-06-12 05:38:00,50.5
2025-06-12 23:34:00,78.6
2025-06-12 13:37:00,30.9
2025-06-12 01:40:00,45.2
2025-06-12 18:50:00,96.0
2025-06-12 15:59:00,67.0
2025-06-12 04:05:00,96.9
2025-06-12 21:51:00,58.2
2025-06-12 20:03:00,72.9
2025-06-12 01:23:00,58.2
2025-06-12 12:48:00,50.41405513666353
2025-06-12 17:38:00,12.5
2025-06-12 19:45:00,53.5
2025-06-12 10:55:00,38.2
2025-06-12 17:52:00,1.5
2025-06-12 06:29:00,47.1
2025-06-12 02:06:00,16.1
2025-06-12 21:26:00,15.4
2025-06-12 00:50:00,88.4
2025-06-12 08:39:00,95.1
2025-06-12 06:22:00,99.4
2025-06-12 06:05:00,50.41405513666353
2025-06-12 01:37:00,40.5
2025-06-12 03:30:00,76.5
2025-06-12 20:29:00,4.6
2025-06-12 01:34:00,15.7
2025-06-12 19:24:00,92.7
2025-06-12 08:12:00,97.5
2025-06-12 01:16:00,99.5
2025-06-12 09:50:00,11.5
2025-06-12 06:23:00,89.4
2025-06-12 13:16:00,47.4
2025-06-12 04:07:00,58.2
2025-06-12 05:41:00,56.5
2025-06-12 21:54:00,42.8
2025-06-12 08:47:00,94.6
2025-06-12 21:47:00,95.6
2025-06-12 03:05:00,28.7
2025-06-12 21:27:00,39.6
2025-06-12 20:30:00,51.1
2025-06-12 10:06:00,9.4
2025-06-12 11:25:00,50.41405513666353
2025-06-12 16:26:00,93.5
2025-06-12 13:24:00,60.6
2025-06-12 20:42:00,51.7
2025-06-12 04:10:00,71.7
2025-06-12 16:16:00,81.0
2025-06-12 14:49:00,19.7
2025-06-12 21:39:00,84.2
2025-06-12 13:32:00,64.6
2025-06-12 15:55:00,66.9
2025-06-12 22:45:00,50.41405513666353
2025-06-12 17:07:00,50.41405513666353
2025-06-12 21:18:00,83.9
2025-06-12 13:01:00,44.3
2025-06-12 09:02:00,33.7
2025-06-12 08:50:00,50.41405513666353
2025-06-12 17:15:00,63.7
2025-06-12 19:26:00,50.41405513666353
2025-06-12 11:19:00,85.7
2025-06-12 07:20:00,33.1
2025-06-12 11:51:00,50.41405513666353
2025-06-12 10:49:00,98.3
2025-06-12 23:09:00,8.0
2025-06-12 05:45:00,50.41405513666353
2025-06-12 08:31:00,100.0
2025-06-12 20:41:00,51.2
2025-06-12 00:07:00,0.7
2025-06-12 15:13:00,99.2
2025-06-12 19:22:00,97.8
2025-06-12 18:24:00,27.6
2025-06-12 21:07:00,40.6
2025-06-12 08:04:00,16.1
2025-06-12 01:30:00,15.9
2025-06-12 22:59:00,44.0
2025-06-12 21:15:00,64.9
2025-06-12 14:39:00,12.9
2025-06-12 19:47:00,51.4
2025-06-12 12:00:00,18.5
2025-06-12 02:49:00,27.7
2025-06-12 23:12:00,94.2
2025-06-12 14:47:00,83.1
2025-06-12 20:51:00,75.4
2025-06-12 01:56:00,13.9
2025-06-12 09:45:00,81.7
2025-06-12 13:10:00,50.41405513666353
2025-06-12 13:17:00,45.7
2025-06-12 16:44:00,68.9
2025-06-12 17:58:00,31.7
2025-06-12 06:43:00,92.9
2025-06-12 07:39:00,60.3
2025-06-12 10:59:00,79.4
2025-06-12 08:11:00,30.1
2025-06-12 17:09:00,79.7
2025-06-12 22:29:00,62.9
2025-06-12 12:45:00,32.8
2025-06-12 15:46:00,50.41405513666353
2025-06-12 05:33:00,89.8
2025-06-12 15:17:00,71.9
2025-06-12 01:15:00,99.8
2025-06-12 06:49:00,4.8
2025-06-12 07:46:00,93.3
2025-06-12 18:10:00,88.6
2025-06-12 23:19:00,13.3
2025-06-12 17:01:00,23.8
2025-06-12 03:06:00,47.1
2025-06-12 06:42:00,48.9
2025-06-12 16:04:00,57.8
2025-06-12 17:56:00,4.2
2025-06-12 22:31:00,32.8
2025-06-12 17:34:00,84.0
2025-06-12 17:28:00,50.41405513666353
2025-06-12 05:00:00,49.5
2025-06-12 18:09:00,21.0
2025-06-12 09:00:00,80.3
2025-06-12 08:15:00,15.8
2025-06-12 16:28:00,63.6
2025-06-12 03:59:00,50.41405513666353
2025-06-12 20:07:00,32.3
2025-06-12 04:46:00,7.9
2025-06-12 12:38:00,30.1
2025-06-12 20:12:00,70.6
2025-06-12 10:45:00,27.5
2025-06-12 19:53:00,56.6
2025-06-12 12:21:00,70.9
2025-06-12 14:13:00,50.41405513666353
2025-06-12 07:57:00,5.6
2025-06-12 22:52:00,82.6
2025-06-12 14:08:00,56.0
2025-06-12 05:02:00,39.2
2025-06-12 13:02:00,7.3
2025-06-12 04:59:00,94.7
2025-06-12 18:48:00,1.6
2025-06-12 08:07:00,50.41405513666353
2025-06-12 09:20:00,68.0
2025-06-12 01:54:00,16.4
2025-06-12 10:39:00,6.8
2025-06-12 06:53:00,2.3
2025-06-12 11:59:00,52.0
2025-06-12 00:34:00,45.6
2025-06-12 00:20:00,22.1
2025-06-12 21:19:00,98.7
2025-06-12 16:15:00,96.7
2025-06-12 01:27:00,50.41405513666353
2025-06-12 17:26:00,12.1
2025-06-12 14:58:00,22.2
2025-06-12 08:57:00,83.7
2025-06-12 08:52:00,67.8
2025-06-12 01:02:00,68.0
2025-06-12 18:13:00,41.3
2025-06-12 14:11:00,39.8
2025-06-12 00:19:00,44.8
2025-06-12 20:18:00,91.1
2025-06-12 08:34:00,40.4
2025-06-12 04:43:00,50.41405513666353
2025-06-12 04:40:00,5.2
2025-06-12 04:26:00,32.3
2025-06-12 22:48:00,50.41405513666353
2025-06-12 21:11:00,57.1
2025-06-12 12:17:00,42.8
2025-06-12 22:20:00,19.1
2025-06-12 22:23:00,30.2
2025-06-12 06:40:00,33.4
2025-06-12 12:57:00,39.6
2025-06-12 11:06:00,78.9
2025-06-12 01:49:00,20.1
2025-06-12 05:34:00,81.1
2025-06-12 16:22:00,34.4
2025-06-12 04:56:00,18.9
2025-06-12 23:20:00,34.5
2025-06-12 23:16:00,58.0
2025-06-12 06:51:00,3.2
2025-06-12 16:00:00,20.9
2025-06-12 10:23:00,3.2
2025-06-12 17:00:00,86.5
2025-06-12 20:11:00,90.5
2025-06-12 23:48:00,2.4
2025-06-12 01:51:00,17.6
2025-06-12 11:55:00,14.7
2025-06-12 23:39:00,3.2
2025-06-12 21:03:00,41.5
2025-06-12 18:47:00,12.8
2025-06-12 11:07:00,51.2
2025-06-12 21:10:00,2.0
2025-06-12 03:46:00,23.2
2025-06-12 11:32:00,68.2
2025-06-12 02:34:00,35.8
2025-06-12 07:49:00,47.9
2025-06-12 13:19:00,64.2
2025-06-12 01:03:00,49.4
2025-06-12 13:54:00,94.9
2025-06-12 06:54:00,61.1
2025-06-12 17:03:00,81.7
2025-06-12 12:58:00,4.2
2025-06-12 20:17:00,62.8
2025-06-12 07:38:00,31.6
2025-06-12 06:44:00,24.8
2025-06-12 09:54:00,81.2
2025-06-12 11:24:00,14.9
2025-06-12 10:43:00,25.5
2025-06-12 17:35:00,50.41405513666353
2025-06-12 07:11:00,50.41405513666353
2025-06-12 17:21:00,27.4
2025-06-12 01:44:00,47.8
2025-06-12 09:39:00,63.2
2025-06-12 20:08:00,14.9
2025-06-12 16:38:00,13.3
2025-06-12 08:54:00,88.6
2025-06-12 15:35:00,47.7
2025-06-12 16:25:00,8.6
2025-06-12 02:05:00,74.9
2025-06-12 05:42:00,35.2
2025-06-12 06:59:00,50.41405513666353
2025-06-12 13:08:00,46.2
2025-06-12 23:14:00,43.7
2025-06-12 01:53:00,24.6
2025-06-12 22:09:00,64.0
2025-06-12 06:57:00,86.5
2025-06-12 04:53:00,50.41405513666353
2025-06-12 07:16:00,70.8
2025-06-12 21:56:00,69.7
2025-06-12 06:58:00,27.1
2025-06-12 20:33:00,61.5
2025-06-12 18:54:00,77.5
2025-06-12 13:20:00,23.5
2025-06-12 20:23:00,44.5
2025-06-12 03:44:00,50.41405513666353
2025-06-12 04:22:00,76.8
2025-06-12 23:43:00,5.6
2025-06-12 19:34:00,85.3
2025-06-12 18:38:00,46.4
2025-06-12 12:50:00,66.7
2025-06-12 02:51:00,66.2
2025-06-12 05:48:00,7.6
2025-06-12 20:46:00,20.1
2025-06-12 22:06:00,17.7
2025-06-12 03:36:00,84.0
2025-06-12 14:31:00,86.5
2025-06-12 02:21:00,50.41405513666353
2025-06-12 15:08:00,70.5
2025-06-12 05:26:00,74.1
2025-06-12 15:27:00,90.6
2025-06-12 00:25:00,0.4
2025-06-12 00:05:00,33.5
2025-06-12 07:13:00,37.8
2025-06-12 22:21:00,84.3
2025-06-12 00:38:00,17.6
2025-06-12 02:43:00,29.8
2025-06-12 20:26:00,50.41405513666353
2025-06-12 17:45:00,31.5
2025-06-12 21:05:00,67.5
2025-06-12 00:15:00,92.2
2025-06-12 15:22:00,88.5
2025-06-12 06:16:00,49.2
2025-06-12 15:47:00,15.1
2025-06-12 04:57:00,48.8
2025-06-12 13:46:00,53.9
2025-06-12 05:44:00,50.41405513666353
2025-06-12 07:18:00,50.41405513666353
2025-06-12 02:56:00,50.41405513666353
2025-06-12 14:22:00,68.5
2025-06-12 04:01:00,50.41405513666353
2025-06-12 22:37:00,26.7
2025-06-12 15:09:00,38.7
2025-06-12 20:37:00,59.4
2025-06-12 11:42:00,87.1
2025-06-12 14:51:00,50.41405513666353
2025-06-12 23:35:00,25.5
2025-06-12 12:10:00,41.5
2025-06-12 07:02:00,12.6
2025-06-12 02:59:00,59.2
2025-06-12 15:02:00,72.5
2025-06-12 00:21:00,0.0
2025-06-12 13:06:00,77.1
2025-06-12 23:06:00,45.4
2025-06-12 15:18:00,27.5
2025-06-12 00:33:00,30.5
2025-06-12 19:09:00,89.7
2025-06-12 06:01:00,73.5
2025-06-12 07:37:00,12.1
2025-06-12 22:50:00,3.3
2025-06-12 13:09:00,19.6
2025-06-12 02:17:00,94.8
2025-06-12 23:57:00,34.3
2025-06-12 06:40:00,35.0
2025-06-12 06:37:00,48.3
2025-06-12 22:42:00,74.7
2025-06-12 00:07:00,9.4
2025-06-12 17:37:00,79.8
2025-06-12 09:59:00,11.9
2025-06-12 12:23:00,96.2
2025-06-12 02:09:00,49.776157380139004
2025-06-12 00:24:00,8.4
2025-06-12 15:24:00,42.3
2025-06-12 01:11:00,6.2
2025-06-12 08:46:00,71.6
2025-06-12 07:13:00,43.7
2025-06-12 18:24:00,81.0
2025-06-12 14:10:00,47.0
2025-06-12 21:08:00,39.9
2025-06-12 07:03:00,14.3
2025-06-12 09:53:00,7.7
2025-06-12 21:58:00,67.5
2025-06-12 10:08:00,18.4
2025-06-12 09:01:00,46.7
2025-06-12 16:26:00,57.2
2025-06-12 09:31:00,27.5
2025-06-12 23:42:00,69.0
2025-06-12 03:30:00,43.6
2025-06-12 23:59:00,30.3
2025-06-12 13:16:00,25.4
2025-06-12 07:29:00,68.3
2025-06-12 22:14:00,49.776157380139004
2025-06-12 14:03:00,20.5
2025-06-12 02:01:00,56.2
2025-06-12 15:58:00,49.776157380139004
2025-06-12 13:21:00,26.8
2025-06-12 02:27:00,12.2
2025-06-12 19:32:00,13.6
2025-06-12 08:57:00,49.776157380139004
2025-06-12 06:55:00,91.5
2025-06-12 03:04:00,2.0
2025-06-12 05:27:00,53.6
2025-06-12 14:15:00,49.776157380139004
2025-06-12 10:14:00,24.5
2025-06-12 14:01:00,89.8
2025-06-12 17:23:00,49.776157380139004
2025-06-12 04:49:00,23.1
2025-06-12 21:09:00,70.8
2025-06-12 21:05:00,62.0
2025-06-12 14:34:00,44.4
2025-06-12 15:41:00,16.3
2025-06-12 13:52:00,78.6
2025-06-12 19:04:00,32.8
2025-06-12 15:01:00,41.9
2025-06-12 07:05:00,28.5
2025-06-12 00:46:00,49.776157380139004
2025-06-12 04:56:00,49.0
2025-06-12 12:16:00,45.0
2025-06-12 12:37:00,49.776157380139004
2025-06-12 13:28:00,44.2
2025-06-12 14:28:00,90.1
2025-06-12 04:37:00,66.8
2025-06-12 23:26:00,40.1
2025-06-12 10:03:00,49.776157380139004
2025-06-12 09:56:00,92.9
2025-06-12 13:31:00,9.0
2025-06-12 04:32:00,70.1
2025-06-12 23:18:00,43.2
2025-06-12 05:18:00,71.4
2025-06-12 07:50:00,95.4
2025-06-12 07:54:00,74.3
2025-06-12 00:17:00,28.7
2025-06-12 01:51:00,65.8
2025-06-12 17:55:00,56.7
2025-06-12 13:42:00,7.2
2025-06-12 13:04:00,59.7
2025-06-12 04:22:00,57.1
2025-06-12 12:18:00,45.2
2025-06-12 16:19:00,44.8
2025-06-12 18:37:00,29.5
2025-06-12 14:54:00,35.1
2025-06-12 20:31:00,87.7
2025-06-12 22:40:00,51.3
2025-06-12 10:43:00,99.5
2025-06-12 14:17:00,2.5
2025-06-12 12:33:00,90.9
2025-06-12 07:38:00,64.8
2025-06-12 23:43:00,25.6
2025-06-12 13:49:00,60.9
2025-06-12 15:35:00,49.776157380139004
2025-06-12 06:08:00,81.9
2025-06-12 01:35:00,49.776157380139004
2025-06-12 01:14:00,17.8
2025-06-12 08:45:00,47.4
2025-06-12 21:48:00,57.2
2025-06-12 07:28:00,88.3
2025-06-12 09:32:00,49.776157380139004
2025-06-12 18:30:00,49.776157380139004
2025-06-12 19:46:00,83.5
2025-06-12 21:35:00,34.0
2025-06-12 02:48:00,45.5
2025-06-12 09:27:00,34.9
2025-06-12 18:54:00,65.4
2025-06-12 08:00:00,70.3
2025-06-12 18:36:00,43.9
2025-06-12 20:23:00,19.8
2025-06-12 05:46:00,58.8
2025-06-12 04:41:00,34.3
2025-06-12 01:49:00,49.776157380139004
2025-06-12 02:07:00,23.1
2025-06-12 03:48:00,97.5
2025-06-12 11:21:00,22.0
2025-06-12 07:18:00,49.776157380139004
2025-06-12 12:28:00,62.7
2025-06-12 03:10:00,2.9
2025-06-12 23:19:00,72.6
2025-06-12 18:04:00,63.0
2025-06-12 22:30:00,39.9
2025-06-12 09:29:00,6.7
2025-06-12 06:15:00,0.5
2025-06-12 15:02:00,53.6
2025-06-12 03:20:00,79.8
2025-06-12 04:45:00,77.9
2025-06-12 17:31:00,50.8
2025-06-12 18:31:00,90.4
2025-06-12 17:50:00,16.9
2025-06-12 03:17:00,44.7
2025-06-12 12:13:00,54.7
2025-06-12 19:16:00,95.5
2025-06-12 11:35:00,38.1
2025-06-12 00:03:00,26.4
2025-06-12 06:35:00,87.0
2025-06-12 00:04:00,89.7
2025-06-12 17:05:00,32.9
2025-06-12 02:31:00,49.776157380139004
2025-06-12 01:17:00,21.2
2025-06-12 16:24:00,11.9
2025-06-12 04:19:00,16.4
2025-06-12 08:40:00,50.2
2025-06-12 13:08:00,70.6
2025-06-12 01:33:00,40.5
2025-06-12 18:03:00,96.1
2025-06-12 21:21:00,14.0
2025-06-12 15:45:00,66.7
2025-06-12 17:04:00,59.7
2025-06-12 16:39:00,44.5
2025-06-12 07:39:00,49.776157380139004
2025-06-12 04:30:00,85.1
2025-06-12 04:52:00,48.8
2025-06-12 21:18:00,29.3
2025-06-12 09:49:00,11.5
2025-06-12 17:46:00,58.0
2025-06-12 08:31:00,91.2
2025-06-12 13:19:00,91.0
2025-06-12 21:02:00,96.4
2025-06-12 15:28:00,4.4
2025-06-12 20:08:00,61.8
2025-06-12 17:11:00,91.8
2025-06-12 10:53:00,30.5
2025-06-12 15:32:00,49.776157380139004
2025-06-12 23:20:00,24.3
2025-06-12 20:34:00,28.7
2025-06-12 01:45:00,4.1
2025-06-12 13:00:00,49.776157380139004
2025-06-12 22:32:00,15.0
2025-06-12 12:19:00,49.776157380139004
2025-06-12 04:59:00,0.7
2025-06-12 18:19:00,24.0
2025-06-12 05:00:00,28.1
2025-06-12 00:57:00,49.776157380139004
2025-06-12 07:14:00,49.776157380139004
2025-06-12 19:48:00,5.3
2025-06-12 00:25:00,49.776157380139004
2025-06-12 00:28:00,73.1
2025-06-12 16:13:00,49.776157380139004
2025-06-12 20:49:00,15.2
2025-06-12 22:21:00,48.0
2025-06-12 14:36:00,79.4
2025-06-12 17:32:00,8.9
2025-06-12 15:50:00,44.1
2025-06-12 11:37:00,52.0
2025-06-12 10:52:00,42.7
2025-06-12 10:19:00,46.3
2025-06-12 00:32:00,57.4
2025-06-12 19:44:00,88.3
2025-06-12 19:12:00,95.1
2025-06-12 01:37:00,71.0
2025-06-12 20:20:00,90.9
2025-06-12 22:41:00,49.776157380139004
2025-06-12 21:54:00,50.0
2025-06-12 00:42:00,30.9
2025-06-12 23:35:00,49.776157380139004
2025-06-12 05:57:00,93.1
2025-06-12 20:24:00,83.6
2025-06-12 02:08:00,40.0
2025-06-12 01:27:00,98.0
2025-06-12 22:22:00,63.2
2025-06-12 22:48:00,49.776157380139004
2025-06-12 16:51:00,26.7
2025-06-12 13:17:00,1.1
2025-06-12 02:28:00,96.7
2025-06-12 14:08:00,66.5
2025-06-12 12:01:00,35.8
2025-06-12 08:39:00,85.8
2025-06-12 03:32:00,43.9
2025-06-12 00:22:00,64.2
2025-06-12 18:44:00,49.3
2025-06-12 11:10:00,51.8
2025-06-12 12:56:00,96.9
2025-06-12 06:33:00,85.8
2025-06-12 13:07:00,10.6
2025-06-12 11:47:00,90.3
2025-06-12 08:48:00,74.5
2025-06-12 13:58:00,52.7
2025-06-12 04:07:00,28.2
2025-06-12 06:36:00,98.7
2025-06-12 18:22:00,85.0
2025-06-12 22:03:00,49.776157380139004
2025-06-12 16:20:00,82.4
2025-06-12 12:08:00,23.7
2025-06-12 15:39:00,49.776157380139004
2025-06-12 05:31:00,49.3
2025-06-12 13:40:00,19.7
2025-06-12 22:37:00,95.4
2025-06-12 08:01:00,5.2
2025-06-12 20:00:00,19.9
2025-06-12 20:02:00,63.8
2025-06-12 14:20:00,62.3
2025-06-12 23:14:00,71.3
2025-06-12 04:38:00,43.0
2025-06-12 18:34:00,35.3
2025-06-12 21:51:00,19.5
2025-06-12 18:33:00,25.6
2025-06-12 20:16:00,49.776157380139004
2025-06-12 19:53:00,71.5
2025-06-12 10:16:00,36.0
2025-06-12 14:32:00,49.776157380139004
2025-06-12 00:00:00,68.3
2025-06-12 20:09:00,11.4
2025-06-12 17:02:00,85.9
2025-06-12 18:11:00,49.776157380139004
2025-06-12 05:11:00,56.1
2025-06-12 06:58:00,64.7
2025-06-12 21:17:00,67.2
2025-06-12 21:15:00,49.776157380139004
2025-06-12 15:23:00,49.1
2025-06-12 12:34:00,45.6
2025-06-12 04:06:00,66.8
2025-06-12 12:49:00,65.9
2025-06-12 04:54:00,3.3
2025-06-12 22:27:00,26.9
2025-06-12 06:03:00,58.2
2025-06-12 13:44:00,4.3
2025-06-12 19:23:00,11.1
2025-06-12 05:44:00,49.776157380139004
2025-06-12 21:56:00,34.9
2025-06-12 14:13:00,49.776157380139004
2025-06-12 10:35:00,3.4
2025-06-12 06:54:00,49.776157380139004
2025-06-12 18:50:00,65.8
2025-06-12 16:56:00,24.3
2025-06-12 04:29:00,77.6
2025-06-12 19:22:00,82.6
2025-06-12 21:13:00,3.9
2025-06-12 06:16:00,59.7
2025-06-12 18:38:00,49.776157380139004
2025-06-12 12:09:00,33.4
2025-06-12 13:39:00,72.2
2025-06-12 22:58:00,1.3
2025-06-12 19:27:00,8.8
2025-06-12 02:24:00,61.3
2025-06-12 13:11:00,59.5
2025-06-12 01:59:00,60.4
2025-06-12 06:17:00,31.1
2025-06-12 10:36:00,10.0
2025-06-12 19:51:00,98.8
2025-06-12 11:27:00,49.776157380139004
2025-06-12 14:04:00,84.5
2025-06-12 12:05:00,49.776157380139004
2025-06-12 14:29:00,62.6
2025-06-12 16:52:00,22.4
2025-06-12 16:06:00,74.1
2025-06-12 02:50:00,65.4
2025-06-12 23:09:00,92.5
2025-06-12 12:42:00,33.8
2025-06-12 01:29:00,46.9
2025-06-12 18:16:00,95.0
2025-06-12 07:13:00,35.6
2025-06-12 11:14:00,85.0
2025-06-12 15:09:00,49.81767540251498
2025-06-12 21:47:00,32.2
2025-06-12 18:36:00,12.9
2025-06-12 06:57:00,49.81767540251498
2025-06-12 13:26:00,18.0
2025-06-12 09:26:00,26.7
2025-06-12 22:24:00,84.6
2025-06-12 22:11:00,59.4
2025-06-12 23:13:00,35.1
2025-06-12 11:01:00,25.0
2025-06-12 09:32:00,6.9
2025-06-12 06:36:00,49.81767540251498
2025-06-12 23:05:00,71.4
2025-06-12 19:18:00,98.1
2025-06-12 16:37:00,17.1
2025-06-12 05:15:00,66.6
2025-06-12 17:51:00,49.81767540251498
2025-06-12 03:19:00,49.81767540251498
2025-06-12 18:07:00,33.9
2025-06-12 03:58:00,56.9
2025-06-12 16:19:00,49.81767540251498
2025-06-12 04:24:00,74.8
2025-06-12 07:18:00,93.8
2025-06-12 04:13:00,38.3
2025-06-12 07:24:00,72.4
2025-06-12 20:54:00,69.4
2025-06-12 23:57:00,64.6
2025-06-12 22:44:00,83.6
2025-06-12 02:56:00,66.7
2025-06-12 10:59:00,31.8
2025-06-12 04:28:00,71.6
2025-06-12 12:40:00,55.2
2025-06-12 06:40:00,24.5
2025-06-12 23:53:00,29.2
2025-06-12 20:52:00,33.1
2025-06-12 06:37:00,49.81767540251498
2025-06-12 18:34:00,29.3
2025-06-12 01:45:00,40.5
2025-06-12 11:33:00,31.4
2025-06-12 00:31:00,87.1
2025-06-12 06:19:00,41.8
2025-06-12 17:02:00,0.4
2025-06-12 05:43:00,0.3
2025-06-12 01:16:00,49.81767540251498
2025-06-12 12:30:00,47.9
2025-06-12 04:01:00,35.4
2025-06-12 23:34:00,11.3
2025-06-12 21:48:00,38.5
2025-06-12 13:37:00,60.0
2025-06-12 07:33:00,50.4
2025-06-12 02:22:00,20.3
2025-06-12 08:38:00,95.0
2025-06-12 02:33:00,49.81767540251498
2025-06-12 14:05:00,27.1
2025-06-12 19:53:00,82.6
2025-06-12 07:51:00,24.2
2025-06-12 19:38:00,48.5
2025-06-12 19:43:00,44.9
2025-06-12 11:57:00,40.0
2025-06-12 03:53:00,74.3
2025-06-12 01:59:00,49.81767540251498
2025-06-12 08:47:00,49.81767540251498
2025-06-12 02:59:00,35.5
2025-06-12 09:59:00,92.4
2025-06-12 10:26:00,15.8
2025-06-12 23:02:00,70.6
2025-06-12 07:35:00,35.9
2025-06-12 03:14:00,30.4
2025-06-12 20:04:00,59.2
2025-06-12 08:34:00,69.0
2025-06-12 08:07:00,49.81767540251498
2025-06-12 14:08:00,13.7
2025-06-12 06:38:00,12.3
2025-06-12 07:11:00,88.7
2025-06-12 00:35:00,63.8
2025-06-12 22:07:00,33.9
2025-06-12 12:29:00,72.2
2025-06-12 23:51:00,60.1
2025-06-12 15:00:00,49.81767540251498
2025-06-12 16:03:00,77.7
2025-06-12 16:07:00,30.1
2025-06-12 07:30:00,37.7
2025-06-12 14:03:00,98.8
2025-06-12 21:23:00,49.81767540251498
2025-06-12 16:40:00,97.1
2025-06-12 11:36:00,29.3
2025-06-12 09:20:00,65.9
2025-06-12 19:21:00,99.3
2025-06-12 07:15:00,3.8
2025-06-12 11:43:00,25.0
2025-06-12 23:30:00,66.8
2025-06-12 01:35:00,42.8
2025-06-12 07:45:00,55.2
2025-06-12 01:30:00,68.1
2025-06-12 06:53:00,31.0
2025-06-12 20:45:00,62.4
2025-06-12 01:56:00,69.0
2025-06-12 06:05:00,28.4
2025-06-12 13:48:00,27.4
2025-06-12 07:27:00,48.4
2025-06-12 20:16:00,82.9
2025-06-12 18:19:00,26.8
2025-06-12 10:05:00,43.6
2025-06-12 07:57:00,78.1
2025-06-12 05:59:00,3.8
2025-06-12 23:01:00,90.4
2025-06-12 00:54:00,99.2
2025-06-12 17:57:00,60.7
2025-06-12 00:11:00,49.5
2025-06-12 01:20:00,37.0
2025-06-12 20:59:00,54.7
2025-06-12 09:09:00,49.81767540251498
2025-06-12 02:10:00,7.9
2025-06-12 05:28:00,81.9
2025-06-12 12:22:00,19.2
2025-06-12 22:57:00,67.7
2025-06-12 12:19:00,28.8
2025-06-12 16:17:00,23.1
2025-06-12 03:39:00,19.0
2025-06-12 08:29:00,56.6
2025-06-12 19:15:00,94.9
2025-06-12 13:16:00,83.0
2025-06-12 20:53:00,96.6
2025-06-12 14:09:00,80.5
2025-06-12 16:34:00,49.81767540251498
2025-06-12 12:45:00,88.0
2025-06-12 04:25:00,39.7
2025-06-12 09:19:00,32.5
2025-06-12 14:29:00,52.8
2025-06-12 05:19:00,8.5
2025-06-12 16:14:00,52.2
2025-06-12 01:28:00,40.7
2025-06-12 08:57:00,84.7
2025-06-12 08:25:00,39.8
2025-06-12 21:32:00,39.3
2025-06-12 10:03:00,7.9
2025-06-12 07:47:00,5.4
2025-06-12 17:44:00,95.8
2025-06-12 18:02:00,49.81767540251498
2025-06-12 14:28:00,69.3
2025-06-12 17:23:00,49.81767540251498
2025-06-12 07:52:00,32.4
2025-06-12 11:00:00,72.1
2025-06-12 23:21:00,52.7
2025-06-12 04:35:00,46.2
2025-06-12 17:19:00,79.4
2025-06-12 07:55:00,49.81767540251498
2025-06-12 02:36:00,49.81767540251498
2025-06-12 04:11:00,12.9
2025-06-12 01:11:00,83.6
2025-06-12 00:07:00,51.8
2025-06-12 08:33:00,49.81767540251498
2025-06-12 16:11:00,1.5
2025-06-12 01:26:00,40.2
2025-06-12 21:20:00,45.6
2025-06-12 13:54:00,14.0
2025-06-12 11:39:00,69.6
2025-06-12 16:20:00,49.81767540251498
2025-06-12 14:58:00,82.4
2025-06-12 10:15:00,67.1
2025-06-12 13:41:00,81.0
2025-06-12 01:15:00,49.81767540251498
2025-06-12 11:40:00,92.1
2025-06-12 09:03:00,88.1
2025-06-12 03:09:00,18.5
2025-06-12 03:15:00,20.1
2025-06-12 12:26:00,29.5
2025-06-12 04:52:00,49.81767540251498
2025-06-12 19:32:00,61.0
2025-06-12 19:02:00,54.3
2025-06-12 09:29:00,72.6
2025-06-12 02:43:00,72.5
2025-06-12 00:19:00,84.5
2025-06-12 20:57:00,50.7
2025-06-12 00:10:00,25.9
2025-06-12 20:15:00,90.8
2025-06-12 13:34:00,13.7
2025-06-12 04:34:00,7.4
2025-06-12 20:11:00,49.81767540251498
2025-06-12 13:21:00,49.81767540251498
2025-06-12 23:00:00,47.1
2025-06-12 05:12:00,82.0
2025-06-12 12:49:00,26.1
2025-06-12 16:38:00,49.81767540251498
2025-06-12 16:27:00,49.81767540251498
2025-06-12 21:40:00,26.9
2025-06-12 05:25:00,53.2
2025-06-12 01:44:00,95.3
2025-06-12 22:58:00,96.4
2025-06-12 08:05:00,15.6
2025-06-12 22:59:00,49.81767540251498
2025-06-12 22:49:00,67.9
2025-06-12 21:02:00,49.81767540251498
2025-06-12 11:58:00,86.8
2025-06-12 06:23:00,58.9
2025-06-12 11:26:00,49.81767540251498
2025-06-12 09:11:00,62.5
2025-06-12 21:37:00,81.4
2025-06-12 16:55:00,49.81767540251498
2025-06-12 02:03:00,93.7
2025-06-12 13:51:00,47.8
2025-06-12 01:33:00,86.0
2025-06-12 18:06:00,0.6
2025-06-12 19:23:00,49.81767540251498
2025-06-12 18:35:00,13.1
2025-06-12 08:44:00,23.1
2025-06-12 05:50:00,49.81767540251498
2025-06-12 14:06:00,95.1
2025-06-12 05:42:00,98.3
2025-06-12 00:18:00,60.7
2025-06-12 21:16:00,7.2
2025-06-12 19:24:00,61.6
2025-06-12 08:00:00,70.3
2025-06-12 01:25:00,58.1
2025-06-12 02:27:00,49.81767540251498
2025-06-12 05:33:00,24.8
2025-06-12 10:55:00,45.4
2025-06-12 18:55:00,63.7
2025-06-12 23:55:00,49.81767540251498
2025-06-12 12:58:00,49.81767540251498
2025-06-12 06:22:00,49.81767540251498
2025-06-12 09:21:00,94.4
2025-06-12 17:15:00,48.1
2025-06-12 16:29:00,0.6
2025-06-12 13:35:00,87.0
2025-06-12 20:34:00,92.1
2025-06-12 14:36:00,40.7
2025-06-12 00:21:00,24.2
2025-06-12 17:03:00,21.6
2025-06-12 01:54:00,91.9
2025-06-12 16:59:00,34.7
2025-06-12 18:50:00,7.6
2025-06-12 09:13:00,10.8
2025-06-12 23:48:00,35.9
2025-06-12 16:04:00,54.8
2025-06-12 20:08:00,89.1
2025-06-12 19:47:00,66.8
2025-06-12 18:00:00,0.4
2025-06-12 10:14:00,23.3
2025-06-12 04:51:00,86.6
2025-06-12 17:49:00,16.7
2025-06-12 05:24:00,93.4
2025-06-12 16:42:00,9.7
2025-06-12 12:01:00,80.0
2025-06-12 12:15:00,91.9
2025-06-12 14:24:00,49.81767540251498
2025-06-12 11:12:00,37.3
2025-06-12 23:40:00,61.1
2025-06-12 09:05:00,97.0
2025-06-12 15:48:00,62.2
2025-06-12 17:10:00,49.81767540251498
2025-06-12 01:52:00,51.0
2025-06-12 06:35:00,49.81767540251498
2025-06-12 22:10:00,88.7
2025-06-12 17:46:00,39.0
2025-06-12 23:22:00,79.3
2025-06-12 14:19:00,98.6
2025-06-12 10:10:00,80.5
2025-06-12 23:16:00,49.81767540251498
2025-06-12 18:53:00,49.81767540251498
2025-06-12 03:11:00,94.2
2025-06-12 02:08:00,76.4
2025-06-12 10:52:00,49.81767540251498
2025-06-12 13:45:00,56.1
2025-06-12 19:00:00,49.81767540251498
2025-06-12 06:00:00,55.3
2025-06-12 08:48:00,66.0
2025-06-12 11:13:00,49.81767540251498
2025-06-12 09:24:00,32.6
2025-06-12 23:27:00,49.81767540251498
2025-06-12 00:55:00,36.8
2025-06-12 12:35:00,72.6
2025-06-12 11:15:00,49.81767540251498
2025-06-12 10:49:00,49.9
2025-06-12 21:14:00,67.2
2025-06-12 03:22:00,13.4
2025-06-12 17:53:00,49.81767540251498
2025-06-12 22:05:00,89.1
2025-06-12 08:30:00,96.2
2025-06-12 13:07:00,83.5
2025-06-12 08:24:00,13.9
2025-06-12 03:16:00,0.0
2025-06-12 09:34:00,39.1
2025-06-12 06:21:00,71.6
2025-06-12 17:47:00,69.1
2025-06-12 15:05:00,66.2
2025-06-12 20:50:00,47.9
2025-06-12 17:13:00,49.81767540251498
2025-06-12 15:43:00,37.4
2025-06-12 21:54:00,49.81767540251498
2025-06-12 18:10:00,64.2
2025-06-12 04:18:00,16.8
2025-06-12 14:42:00,12.8
2025-06-12 04:03:00,50.0
2025-06-12 23:45:00,77.5
2025-06-12 01:58:00,49.81767540251498
2025-06-12 14:44:00,59.0
2025-06-12 08:50:00,9.0
2025-06-12 06:54:00,74.9
2025-06-12 18:23:00,96.8
2025-06-12 10:41:00,67.6
2025-06-12 13:10:00,64.9
2025-06-12 10:44:00,24.0
2025-06-12 07:32:00,65.7
2025-06-12 21:58:00,49.81767540251498
2025-06-12 17:22:00,10.9
2025-06-12 13:20:00,86.8
2025-06-12 08:04:00,14.1
2025-06-12 00:08:00,68.7
2025-06-12 03:52:00,49.791111632270166
2025-06-12 19:00:00,66.4
2025-06-12 17:02:00,94.5
2025-06-12 11:04:00,49.791111632270166
2025-06-12 11:44:00,19.2
2025-06-12 05:43:00,5.3
2025-06-12 01:16:00,16.2
2025-06-12 00:39:00,66.1
2025-06-12 10:17:00,32.6
2025-06-12 18:01:00,72.4
2025-06-12 17:29:00,75.5
2025-06-12 03:48:00,60.8
2025-06-12 20:25:00,49.791111632270166
2025-06-12 12:11:00,73.2
2025-06-12 22:03:00,71.1
2025-06-12 00:32:00,26.3
2025-06-12 20:32:00,53.5
2025-06-12 05:39:00,11.0
2025-06-12 01:02:00,96.9
2025-06-12 21:10:00,44.1
2025-06-12 02:02:00,13.5
2025-06-12 15:38:00,11.1
2025-06-12 23:00:00,88.7
2025-06-12 03:53:00,49.791111632270166
2025-06-12 03:29:00,52.7
2025-06-12 11:59:00,56.7
2025-06-12 23:12:00,6.6
2025-06-12 19:55:00,79.4
2025-06-12 11:33:00,31.0
2025-06-12 09:57:00,46.2
2025-06-12 07:01:00,93.4
2025-06-12 18:18:00,7.0
2025-06-12 03:04:00,80.4
2025-06-12 14:11:00,49.791111632270166
2025-06-12 21:14:00,72.2
2025-06-12 21:50:00,62.0
2025-06-12 04:00:00,25.7
2025-06-12 18:36:00,94.9
2025-06-12 20:52:00,1.3
2025-06-12 17:10:00,94.6
2025-06-12 19:47:00,41.5
2025-06-12 19:42:00,49.791111632270166
2025-06-12 14:45:00,78.4
2025-06-12 12:35:00,60.3
2025-06-12 17:47:00,46.8
2025-06-12 21:33:00,62.1
2025-06-12 08:40:00,42.6
2025-06-12 20:16:00,97.5
2025-06-12 04:38:00,90.2
2025-06-12 03:20:00,49.791111632270166
2025-06-12 09:42:00,99.8
2025-06-12 12:40:00,53.9
2025-06-12 13:15:00,40.8
2025-06-12 13:47:00,23.9
2025-06-12 16:55:00,49.791111632270166
2025-06-12 18:40:00,27.4
2025-06-12 21:25:00,49.791111632270166
2025-06-12 06:04:00,49.791111632270166
2025-06-12 23:16:00,60.0
2025-06-12 02:58:00,52.6
2025-06-12 12:39:00,25.6
2025-06-12 12:44:00,49.791111632270166
2025-06-12 04:09:00,43.1
2025-06-12 14:56:00,94.6
2025-06-12 03:42:00,64.8
2025-06-12 13:59:00,49.791111632270166
2025-06-12 05:22:00,33.5
2025-06-12 03:36:00,49.791111632270166
2025-06-12 10:07:00,7.0
2025-06-12 02:10:00,12.3
2025-06-12 19:36:00,20.7
2025-06-12 13:14:00,35.2
2025-06-12 19:33:00,43.3
2025-06-12 03:19:00,73.5
2025-06-12 20:12:00,40.9
2025-06-12 10:28:00,43.1
2025-06-12 02:04:00,82.3
2025-06-12 04:41:00,59.2
2025-06-12 22:57:00,51.9
2025-06-12 13:05:00,47.6
2025-06-12 19:38:00,22.2
2025-06-12 12:09:00,44.5
2025-06-12 16:53:00,35.8
2025-06-12 19:57:00,59.1
2025-06-12 11:18:00,68.2
2025-06-12 15:56:00,87.9
2025-06-12 22:53:00,49.791111632270166
2025-06-12 22:36:00,2.6
2025-06-12 00:07:00,78.5
2025-06-12 02:59:00,12.5
2025-06-12 10:20:00,15.2
2025-06-12 00:04:00,10.9
2025-06-12 09:09:00,89.3
2025-06-12 01:40:00,49.791111632270166
2025-06-12 03:09:00,9.3
2025-06-12 22:54:00,4.9
2025-06-12 01:49:00,40.0
2025-06-12 02:13:00,15.7
2025-06-12 08:03:00,49.791111632270166
2025-06-12 05:50:00,14.5
2025-06-12 14:30:00,2.0
2025-06-12 06:43:00,46.3
2025-06-12 06:59:00,3.6
2025-06-12 19:02:00,3.7
2025-06-12 07:10:00,73.2
2025-06-12 01:45:00,8.7
2025-06-12 08:06:00,60.3
2025-06-12 05:01:00,22.9
2025-06-12 15:07:00,13.9
2025-06-12 19:40:00,62.0
2025-06-12 03:00:00,67.5
2025-06-12 23:01:00,69.4
2025-06-12 06:52:00,2.6
2025-06-12 11:10:00,94.2
2025-06-12 20:09:00,83.9
2025-06-12 11:26:00,61.2
2025-06-12 14:01:00,20.7
2025-06-12 07:34:00,42.5
2025-06-12 17:59:00,59.6
2025-06-12 06:56:00,54.9
2025-06-12 05:41:00,34.9
2025-06-12 21:47:00,95.1
2025-06-12 21:08:00,49.791111632270166
2025-06-12 16:05:00,67.3
2025-06-12 06:38:00,74.0
2025-06-12 16:21:00,30.4
2025-06-12 21:11:00,16.8
2025-06-12 20:39:00,57.8
2025-06-12 07:59:00,65.4
2025-06-12 16:50:00,60.8
2025-06-12 06:18:00,18.7
2025-06-12 13:57:00,16.4
2025-06-12 06:41:00,49.791111632270166
2025-06-12 19:19:00,41.1
2025-06-12 09:24:00,7.2
2025-06-12 05:54:00,19.2
2025-06-12 12:16:00,49.791111632270166
2025-06-12 05:34:00,10.5
2025-06-12 12:59:00,82.6
2025-06-12 16:39:00,40.0
2025-06-12 03:08:00,83.1
2025-06-12 23:38:00,51.9
2025-06-12 17:30:00,21.2
2025-06-12 01:47:00,75.5
2025-06-12 02:55:00,59.2
2025-06-12 05:18:00,58.0
2025-06-12 08:51:00,54.1
2025-06-12 11:55:00,50.0
2025-06-12 02:52:00,49.791111632270166
2025-06-12 00:38:00,64.8
2025-06-12 04:25:00,77.8
2025-06-12 15:06:00,6.0
2025-06-12 08:27:00,49.791111632270166
2025-06-12 04:49:00,61.2
2025-06-12 12:13:00,45.7
2025-06-12 20:17:00,12.7
2025-06-12 23:02:00,67.0
2025-06-12 02:01:00,49.791111632270166
2025-06-12 23:14:00,73.9
2025-06-12 19:43:00,63.4
2025-06-12 23:44:00,30.1
2025-06-12 10:23:00,30.5
2025-06-12 02:51:00,33.7
2025-06-12 16:25:00,99.8
2025-06-12 14:57:00,54.2
2025-06-12 19:54:00,28.3
2025-06-12 06:32:00,21.6
2025-06-12 22:08:00,95.5
2025-06-12 07:36:00,49.791111632270166
2025-06-12 06:33:00,29.6
2025-06-12 15:17:00,49.791111632270166
2025-06-12 10:35:00,39.4
2025-06-12 00:10:00,14.8
2025-06-12 20:08:00,96.7
2025-06-12 02:28:00,24.0
2025-06-12 00:00:00,99.6
2025-06-12 07:37:00,76.9
2025-06-12 06:21:00,46.7
2025-06-12 11:05:00,70.1
2025-06-12 04:47:00,97.8
2025-06-12 06:03:00,79.9
2025-06-12 00:20:00,42.9
2025-06-12 11:35:00,31.1
2025-06-12 07:05:00,36.3
2025-06-12 06:53:00,49.791111632270166
2025-06-12 18:03:00,84.5
2025-06-12 14:23:00,38.1
2025-06-12 02:54:00,68.0
2025-06-12 06:00:00,72.1
2025-06-12 19:23:00,97.0
2025-06-12 16:46:00,49.791111632270166
2025-06-12 17:43:00,49.791111632270166
2025-06-12 18:05:00,21.8
2025-06-12 05:40:00,90.5
2025-06-12 13:33:00,49.791111632270166
2025-06-12 18:52:00,6.2
2025-06-12 16:09:00,14.2
2025-06-12 03:31:00,19.6
2025-06-12 09:06:00,86.6
2025-06-12 10:37:00,77.7
2025-06-12 22:24:00,39.8
2025-06-12 06:11:00,2.8
2025-06-12 08:17:00,49.791111632270166
2025-06-12 21:32:00,80.5
2025-06-12 01:31:00,46.0
2025-06-12 15:20:00,49.791111632270166
2025-06-12 01:58:00,80.2
2025-06-12 12:43:00,17.6
2025-06-12 19:22:00,98.7
2025-06-12 07:06:00,49.791111632270166
2025-06-12 02:20:00,29.1
2025-06-12 19:41:00,66.7
2025-06-12 02:08:00,49.791111632270166
2025-06-12 04:34:00,74.3
2025-06-12 02:30:00,49.791111632270166
2025-06-12 04:31:00,95.1
2025-06-12 19:37:00,96.2
2025-06-12 10:15:00,9.7
2025-06-12 18:56:00,66.8
2025-06-12 14:16:00,68.7
2025-06-12 05:56:00,39.5
2025-06-12 18:17:00,51.1
2025-06-12 16:31:00,6.5
2025-06-12 13:31:00,49.791111632270166
2025-06-12 23:41:00,82.8
2025-06-12 11:08:00,49.791111632270166
2025-06-12 12:52:00,95.4
2025-06-12 19:53:00,49.791111632270166
2025-06-12 22:22:00,99.8
2025-06-12 16:11:00,69.6
2025-06-12 20:26:00,6.1
2025-06-12 08:38:00,46.3
2025-06-12 17:56:00,5.3
2025-06-12 09:43:00,20.7
2025-06-12 22:40:00,49.791111632270166
2025-06-12 10:34:00,44.4
2025-06-12 02:21:00,47.8
2025-06-12 19:49:00,76.4
2025-06-12 09:04:00,14.1
2025-06-12 12:21:00,89.8
2025-06-12 21:02:00,53.0
2025-06-12 10:04:00,28.0
2025-06-12 09:40:00,2.5
2025-06-12 12:56:00,49.791111632270166
2025-06-12 23:10:00,61.8
2025-06-12 20:43:00,7.9
2025-06-12 10:59:00,1.7
2025-06-12 12:46:00,16.1
2025-06-12 08:56:00,33.5
2025-06-12 09:46:00,72.9
2025-06-12 09:05:00,4.5
2025-06-12 15:00:00,63.5
2025-06-12 23:23:00,91.3
2025-06-12 07:22:00,70.6
2025-06-12 01:33:00,5.6
2025-06-12 15:31:00,55.3
2025-06-12 16:42:00,97.9
2025-06-12 19:15:00,65.5
2025-06-12 06:01:00,4.8
2025-06-12 23:35:00,59.7
2025-06-12 12:08:00,36.0
2025-06-12 16:36:00,98.5
2025-06-12 21:21:00,73.0
2025-06-12 08:13:00,6.6
2025-06-12 07:43:00,77.0
2025-06-12 09:55:00,17.6
2025-06-12 13:10:00,52.4
2025-06-12 08:25:00,55.2
2025-06-12 18:30:00,38.6
2025-06-12 03:23:00,94.1
2025-06-12 04:55:00,49.6
2025-06-12 07:53:00,88.5
2025-06-12 02:34:00,2.5
2025-06-12 13:01:00,14.4
2025-06-12 16:10:00,29.1
2025-06-12 14:24:00,50.406503298774744
2025-06-12 00:26:00,9.9
2025-06-12 04:16:00,6.6
2025-06-12 23:43:00,5.8
2025-06-12 03:41:00,50.406503298774744
2025-06-12 15:06:00,79.8
2025-06-12 14:46:00,64.5
2025-06-12 10:46:00,56.3
2025-06-12 00:29:00,64.9
2025-06-12 11:11:00,50.406503298774744
2025-06-12 02:19:00,50.406503298774744
2025-06-12 04:35:00,41.3
2025-06-12 00:52:00,50.406503298774744
2025-06-12 01:34:00,50.406503298774744
2025-06-12 04:40:00,78.6
2025-06-12 14:08:00,12.0
2025-06-12 12:35:00,18.0
2025-06-12 19:37:00,50.406503298774744
2025-06-12 19:29:00,68.8
2025-06-12 08:54:00,15.7
2025-06-12 14:31:00,38.8
2025-06-12 00:28:00,9.4
2025-06-12 11:38:00,1.4
2025-06-12 19:58:00,58.7
2025-06-12 07:37:00,41.8
2025-06-12 00:15:00,43.6
2025-06-12 18:59:00,78.5
2025-06-12 02:51:00,49.8
2025-06-12 11:59:00,78.8
2025-06-12 21:50:00,35.5
2025-06-12 07:56:00,50.406503298774744
2025-06-12 16:18:00,3.7
2025-06-12 17:00:00,18.3
2025-06-12 13:49:00,50.406503298774744
2025-06-12 03:46:00,89.8
2025-06-12 03:33:00,44.2
2025-06-12 17:39:00,50.406503298774744
2025-06-12 20:54:00,50.406503298774744
2025-06-12 13:16:00,90.7
2025-06-12 13:33:00,18.6
2025-06-12 06:13:00,18.3
2025-06-12 09:29:00,50.406503298774744
2025-06-12 12:24:00,34.7
2025-06-12 12:00:00,1.1
2025-06-12 07:11:00,50.406503298774744
2025-06-12 20:23:00,38.5
2025-06-12 06:53:00,92.9
2025-06-12 03:43:00,57.1
2025-06-12 09:23:00,30.6
2025-06-12 21:35:00,95.8
2025-06-12 00:59:00,25.9
2025-06-12 01:08:00,50.406503298774744
2025-06-12 06:30:00,50.406503298774744
2025-06-12 02:14:00,60.5
2025-06-12 19:52:00,33.0
2025-06-12 01:52:00,60.5
2025-06-12 03:48:00,50.406503298774744
2025-06-12 21:36:00,50.406503298774744
2025-06-12 15:29:00,50.406503298774744
2025-06-12 15:47:00,95.2
2025-06-12 14:35:00,84.7
2025-06-12 11:01:00,90.6
2025-06-12 03:11:00,65.3
2025-06-12 19:45:00,0.3
2025-06-12 04:36:00,73.9
2025-06-12 02:40:00,50.406503298774744
2025-06-12 23:10:00,69.9
2025-06-12 02:37:00,70.4
2025-06-12 12:36:00,40.7
2025-06-12 18:07:00,11.8
2025-06-12 03:40:00,78.0
2025-06-12 11:08:00,2.8
2025-06-12 01:02:00,50.406503298774744
2025-06-12 16:00:00,65.5
2025-06-12 15:50:00,30.2
2025-06-12 07:48:00,50.406503298774744
2025-06-12 22:36:00,19.7
2025-06-12 01:33:00,63.7
2025-06-12 08:59:00,91.8
2025-06-12 21:52:00,50.406503298774744
2025-06-12 11:21:00,82.5
2025-06-12 20:03:00,57.5
2025-06-12 11:22:00,50.406503298774744
2025-06-12 08:18:00,65.0
2025-06-12 15:14:00,14.0
2025-06-12 19:17:00,21.9
2025-06-12 17:06:00,50.406503298774744
2025-06-12 23:57:00,86.0
2025-06-12 02:06:00,65.7
2025-06-12 12:39:00,53.4
2025-06-12 05:13:00,68.2
2025-06-12 09:16:00,77.1
2025-06-12 21:01:00,48.1
2025-06-12 16:38:00,86.5
2025-06-12 08:52:00,13.8
2025-06-12 15:38:00,51.1
2025-06-12 06:20:00,4.0
2025-06-12 14:26:00,50.406503298774744
2025-06-12 01:15:00,37.7
2025-06-12 18:16:00,80.9
2025-06-12 03:15:00,4.0
2025-06-12 04:53:00,35.3
2025-06-12 02:36:00,73.9
2025-06-12 16:23:00,48.5
2025-06-12 14:44:00,15.7
2025-06-12 13:11:00,50.406503298774744
2025-06-12 04:48:00,74.7
2025-06-12 00:35:00,11.4
2025-06-12 07:55:00,64.2
2025-06-12 08:36:00,58.9
2025-06-12 21:47:00,75.3
2025-06-12 01:46:00,84.2
2025-06-12 09:18:00,76.1
2025-06-12 06:14:00,81.1
2025-06-12 04:14:00,50.406503298774744
2025-06-12 02:47:00,50.406503298774744
2025-06-12 16:14:00,92.7
2025-06-12 03:38:00,18.5
2025-06-12 14:18:00,8.7
2025-06-12 12:49:00,15.6
2025-06-12 17:46:00,83.0
2025-06-12 13:24:00,45.7
2025-06-12 21:43:00,83.8
2025-06-12 17:35:00,50.406503298774744
2025-06-12 02:33:00,50.406503298774744
2025-06-12 16:05:00,50.406503298774744
2025-06-12 19:19:00,2.5
2025-06-12 13:45:00,13.1
2025-06-12 22:15:00,37.6
2025-06-12 21:07:00,89.2
2025-06-12 23:15:00,8.2
2025-06-12 22:40:00,99.2
2025-06-12 04:32:00,73.1
2025-06-12 14:34:00,50.406503298774744
2025-06-12 08:03:00,13.4
2025-06-12 01:06:00,10.7
2025-06-12 03:57:00,27.5
2025-06-12 20:00:00,5.0
2025-06-12 11:41:00,90.6
2025-06-12 14:58:00,23.3
2025-06-12 02:59:00,13.6
2025-06-12 05:41:00,74.9
2025-06-12 13:34:00,45.4
2025-06-12 23:32:00,3.3
2025-06-12 01:00:00,31.1
2025-06-12 02:07:00,32.9
2025-06-12 16:33:00,21.9
2025-06-12 16:06:00,37.8
2025-06-12 20:24:00,16.7
2025-06-12 04:29:00,14.5
2025-06-12 12:44:00,50.406503298774744
2025-06-12 14:19:00,91.1
2025-06-12 17:30:00,76.7
2025-06-12 14:42:00,15.2
2025-06-12 08:00:00,21.7
2025-06-12 14:20:00,17.6
2025-06-12 15:31:00,0.1
2025-06-12 19:55:00,88.7
2025-06-12 11:28:00,50.406503298774744
2025-06-12 05:50:00,7.3
2025-06-12 08:23:00,64.9
2025-06-12 21:44:00,50.406503298774744
2025-06-12 14:11:00,80.4
2025-06-12 09:06:00,31.1
2025-06-12 06:12:00,80.0
2025-06-12 00:38:00,27.0
2025-06-12 15:46:00,50.406503298774744
2025-06-12 07:57:00,12.3
2025-06-12 02:39:00,53.5
2025-06-12 06:15:00,58.9
2025-06-12 19:04:00,46.3
2025-06-12 23:44:00,61.2
2025-06-12 00:49:00,22.6
2025-06-12 13:14:00,23.4
2025-06-12 01:37:00,30.3
2025-06-12 22:27:00,14.6
2025-06-12 17:57:00,23.7
2025-06-12 18:34:00,48.1
2025-06-12 04:51:00,31.6
2025-06-12 18:49:00,50.406503298774744
2025-06-12 03:05:00,28.8
2025-06-12 23:47:00,50.406503298774744
2025-06-12 09:14:00,50.406503298774744
2025-06-12 14:41:00,92.7
2025-06-12 16:21:00,52.3
2025-06-12 07:16:00,78.2
2025-06-12 19:20:00,78.3
2025-06-12 04:00:00,95.4
2025-06-12 14:50:00,79.5
2025-06-12 18:40:00,2.5
2025-06-12 18:15:00,79.0
2025-06-12 02:48:00,45.1
2025-06-12 13:28:00,4.5
2025-06-12 11:32:00,20.6
2025-06-12 21:17:00,35.7
2025-06-12 22:23:00,45.4
2025-06-12 09:10:00,33.8
2025-06-12 13:26:00,99.2
2025-06-12 05:15:00,39.6
2025-06-12 23:34:00,21.0
2025-06-12 23:22:00,50.406503298774744
2025-06-12 07:28:00,50.406503298774744
2025-06-12 11:13:00,76.6
2025-06-12 22:17:00,57.3
2025-06-12 07:44:00,50.406503298774744
2025-06-12 20:55:00,67.9
2025-06-12 10:57:00,69.6
2025-06-12 22:16:00,83.6
2025-06-12 03:06:00,30.0
2025-06-12 15:40:00,50.406503298774744
2025-06-12 21:03:00,49.1
2025-06-12 20:20:00,42.1
2025-06-12 09:22:00,50.0
2025-06-12 14:21:00,6.1
2025-06-12 11:54:00,69.3
2025-06-12 18:25:00,51.0
2025-06-12 21:46:00,1.3
2025-06-12 00:34:00,47.8
2025-06-12 08:39:00,78.5
2025-06-12 19:57:00,42.9
2025-06-12 06:39:00,60.8
2025-06-12 20:51:00,28.3
2025-06-12 19:15:00,77.6
2025-06-12 09:53:00,65.7
2025-06-12 14:04:00,74.4
2025-06-12 01:14:00,19.7
2025-06-12 22:55:00,81.2
2025-06-12 00:13:00,21.4
2025-06-12 02:20:00,15.2
2025-06-12 00:24:00,99.7
2025-06-12 08:35:00,8.2
2025-06-12 18:14:00,81.8
2025-06-12 04:41:00,49.0
2025-06-12 23:53:00,76.7
2025-06-12 12:52:00,50.406503298774744
2025-06-12 19:44:00,48.3
2025-06-12 14:07:00,99.7
2025-06-12 04:05:00,93.2
2025-06-12 04:38:00,50.406503298774744
2025-06-12 10:48:00,97.8
2025-06-12 10:31:00,50.406503298774744
2025-06-12 13:31:00,50.406503298774744
2025-06-12 05:03:00,21.8
2025-06-12 12:56:00,46.2
2025-06-12 11:48:00,77.5
2025-06-12 06:08:00,50.406503298774744
2025-06-12 12:20:00,62.4
2025-06-12 22:48:00,22.0
2025-06-12 17:42:00,13.4
2025-06-12 07:54:00,35.9
2025-06-12 04:04:00,23.1
2025-06-12 02:49:00,73.7
2025-06-12 00:36:00,71.1
2025-06-12 03:31:00,10.1
2025-06-12 04:37:00,28.5
2025-06-12 11:26:00,35.3
2025-06-12 13:04:00,95.6
2025-06-12 12:47:00,46.3
2025-06-12 18:00:00,77.9
2025-06-12 05:18:00,79.3
2025-06-12 06:55:00,70.3
2025-06-12 07:12:00,92.7
2025-06-12 18:33:00,85.0
2025-06-12 08:12:00,21.0
2025-06-12 22:09:00,77.8
2025-06-12 05:55:00,24.8
2025-06-12 12:26:00,85.0
2025-06-12 22:00:00,89.7
2025-06-12 18:11:00,33.3
2025-06-12 08:48:00,42.0
2025-06-12 07:08:00,61.8
2025-06-12 03:19:00,10.3
2025-06-12 17:32:00,98.8
2025-06-12 06:25:00,24.9
2025-06-12 19:46:00,73.9
2025-06-12 06:37:00,12.0
2025-06-12 05:05:00,14.4
2025-06-12 04:13:00,19.6
2025-06-12 20:05:00,11.7
2025-06-12 14:06:00,41.9
2025-06-12 04:45:00,61.3
2025-06-12 22:35:00,13.1
2025-06-12 10:04:00,75.4
2025-06-12 13:40:00,50.406503298774744
2025-06-12 17:10:00,33.8
2025-06-12 14:38:00,70.5
2025-06-12 19:07:00,50.406503298774744
2025-06-12 10:32:00,29.6
2025-06-12 03:23:00,31.5
2025-06-12 09:25:00,50.406503298774744
2025-06-12 20:02:00,50.406503298774744
2025-06-12 04:25:00,16.6
2025-06-12 01:20:00,55.5
2025-06-12 01:54:00,70.5
2025-06-12 03:26:00,16.2
2025-06-12 02:29:00,80.8
2025-06-12 06:06:00,36.7
2025-06-12 18:10:00,2.2
2025-06-12 00:54:00,56.0
2025-06-12 04:18:00,50.406503298774744
2025-06-12 13:44:00,72.7
2025-06-12 19:28:00,56.1
2025-06-12 20:58:00,7.3
2025-06-12 06:40:00,20.3
2025-06-12 05:36:00,36.3
2025-06-12 10:55:00,79.9
2025-06-12 16:20:00,30.9
2025-06-12 09:19:00,94.5
2025-06-12 19:35:00,92.9
2025-06-12 23:58:00,49.4
2025-06-12 07:18:00,68.0
2025-06-12 22:31:00,59.9
2025-06-12 14:05:00,60.9
2025-06-12 13:12:00,5.4
2025-06-12 19:50:00,6.0
2025-06-12 21:52:00,67.5
2025-06-12 17:25:00,34.6
2025-06-12 09:14:00,25.7
2025-06-12 07:42:00,79.0
2025-06-12 10:16:00,73.4
2025-06-12 15:41:00,50.3160582227961
2025-06-12 03:59:00,8.5
2025-06-12 07:29:00,43.5
2025-06-12 13:20:00,50.3160582227961
2025-06-12 14:53:00,7.4
2025-06-12 00:13:00,29.6
2025-06-12 04:18:00,66.6
2025-06-12 06:24:00,66.4
2025-06-12 12:53:00,50.3160582227961
2025-06-12 00:39:00,50.3160582227961
2025-06-12 23:27:00,88.6
2025-06-12 01:42:00,58.7
2025-06-12 00:25:00,69.6
2025-06-12 23:46:00,20.0
2025-06-12 20:35:00,93.4
2025-06-12 17:41:00,50.3160582227961
2025-06-12 12:51:00,26.9
2025-06-12 15:28:00,84.9
2025-06-12 08:56:00,50.3160582227961
2025-06-12 23:59:00,50.3160582227961
2025-06-12 12:06:00,73.1
2025-06-12 10:38:00,99.9
2025-06-12 10:27:00,22.6
2025-06-12 00:06:00,3.6
2025-06-12 05:57:00,25.9
2025-06-12 10:22:00,73.0
2025-06-12 09:07:00,74.9
2025-06-12 01:04:00,21.8
2025-06-12 19:39:00,96.3
2025-06-12 08:03:00,89.9
2025-06-12 04:37:00,64.2
2025-06-12 20:16:00,15.3
2025-06-12 22:12:00,80.8
2025-06-12 18:50:00,86.8
2025-06-12 14:16:00,50.3160582227961
2025-06-12 06:33:00,28.7
2025-06-12 05:19:00,78.4
2025-06-12 13:24:00,50.3160582227961
2025-06-12 14:13:00,50.3160582227961
2025-06-12 21:00:00,51.4
2025-06-12 12:16:00,38.9
2025-06-12 16:54:00,55.7
2025-06-12 19:57:00,2.1
2025-06-12 06:52:00,50.3160582227961
2025-06-12 13:56:00,50.3160582227961
2025-06-12 19:02:00,3.0
2025-06-12 07:31:00,84.4
2025-06-12 12:22:00,4.9
2025-06-12 15:12:00,70.0
2025-06-12 00:14:00,15.2
2025-06-12 02:35:00,89.8
2025-06-12 20:44:00,33.9
2025-06-12 07:16:00,0.2
2025-06-12 21:05:00,48.2
2025-06-12 12:37:00,55.4
2025-06-12 08:32:00,50.3160582227961
2025-06-12 19:34:00,89.6
2025-06-12 14:22:00,87.6
2025-06-12 19:20:00,24.3
2025-06-12 01:49:00,34.8
2025-06-12 02:57:00,60.4
2025-06-12 07:02:00,97.0
2025-06-12 19:56:00,55.3
2025-06-12 21:19:00,99.4
2025-06-12 12:27:00,22.8
2025-06-12 18:57:00,50.3160582227961
2025-06-12 04:04:00,50.3160582227961
2025-06-12 15:13:00,71.8
2025-06-12 08:54:00,1.7
2025-06-12 00:43:00,2.3
2025-06-12 09:57:00,26.2
2025-06-12 06:54:00,16.9
2025-06-12 22:15:00,13.3
2025-06-12 00:55:00,0.2
2025-06-12 19:22:00,70.9
2025-06-12 06:20:00,47.2
2025-06-12 07:52:00,66.9
2025-06-12 22:28:00,85.8
2025-06-12 16:13:00,92.1
2025-06-12 12:09:00,58.9
2025-06-12 21:24:00,99.9
2025-06-12 22:05:00,61.7
2025-06-12 07:55:00,25.1
2025-06-12 07:05:00,40.2
2025-06-12 15:36:00,75.9
2025-06-12 19:47:00,43.4
2025-06-12 00:32:00,96.8
2025-06-12 05:24:00,54.6
2025-06-12 04:43:00,42.5
2025-06-12 21:02:00,0.8
2025-06-12 20:53:00,65.0
2025-06-12 01:11:00,65.2
2025-06-12 11:40:00,21.6
2025-06-12 19:06:00,4.1
2025-06-12 10:28:00,46.1
2025-06-12 03:30:00,54.4
2025-06-12 17:55:00,27.9
2025-06-12 02:06:00,50.3160582227961
2025-06-12 19:29:00,50.3160582227961
2025-06-12 22:41:00,45.1
2025-06-12 10:15:00,31.2
2025-06-12 06:49:00,56.7
2025-06-12 01:23:00,70.7
2025-06-12 07:49:00,46.0
2025-06-12 01:58:00,48.0
2025-06-12 01:28:00,80.1
2025-06-12 14:35:00,50.3160582227961
2025-06-12 08:23:00,8.7
2025-06-12 13:11:00,19.6
2025-06-12 18:24:00,2.4
2025-06-12 02:26:00,44.1
2025-06-12 19:38:00,80.3
2025-06-12 15:30:00,50.3160582227961
2025-06-12 22:59:00,78.2
2025-06-12 03:57:00,31.2
2025-06-12 11:08:00,44.4
2025-06-12 21:57:00,20.5
2025-06-12 16:08:00,50.3160582227961
2025-06-12 15:54:00,77.6
2025-06-12 18:44:00,55.4
2025-06-12 20:56:00,85.6
2025-06-12 20:29:00,50.3160582227961
2025-06-12 14:44:00,19.7
2025-06-12 15:38:00,46.1
2025-06-12 20:15:00,88.0
2025-06-12 23:30:00,95.9
2025-06-12 00:28:00,50.3160582227961
2025-06-12 11:09:00,70.1
2025-06-12 04:45:00,98.5
2025-06-12 05:30:00,19.9
2025-06-12 20:07:00,95.0
2025-06-12 10:01:00,50.3160582227961
2025-06-12 16:55:00,50.3160582227961
2025-06-12 05:25:00,90.6
2025-06-12 17:11:00,7.8
2025-06-12 06:44:00,34.2
2025-06-12 23:48:00,1.2
2025-06-12 04:15:00,50.3160582227961
2025-06-12 06:14:00,58.2
2025-06-12 14:43:00,46.9
2025-06-12 11:43:00,50.3160582227961
2025-06-12 21:26:00,96.4
2025-06-12 02:19:00,68.6
2025-06-12 08:02:00,89.0
2025-06-12 09:32:00,51.9
2025-06-12 05:21:00,18.5
2025-06-12 09:44:00,30.1
2025-06-12 20:39:00,98.6
2025-06-12 05:03:00,89.6
2025-06-12 22:14:00,16.2
2025-06-12 20:21:00,2.2
2025-06-12 19:05:00,96.1
2025-06-12 16:25:00,71.0
2025-06-12 02:42:00,92.1
2025-06-12 22:52:00,64.4
2025-06-12 03:53:00,7.1
2025-06-12 20:58:00,3.5
2025-06-12 21:48:00,32.4
2025-06-12 12:34:00,33.7
2025-06-12 19:25:00,3.9
2025-06-12 04:38:00,50.3160582227961
2025-06-12 17:09:00,7.9
2025-06-12 19:36:00,33.8
2025-06-12 13:48:00,26.4
2025-06-12 10:46:00,3.8
2025-06-12 13:58:00,45.7
2025-06-12 11:35:00,50.3160582227961
2025-06-12 05:50:00,41.6
2025-06-12 06:07:00,50.3160582227961
2025-06-12 10:02:00,77.4
2025-06-12 10:47:00,50.3160582227961
2025-06-12 01:01:00,98.2
2025-06-12 12:30:00,20.0
2025-06-12 04:42:00,20.0
2025-06-12 21:23:00,50.3160582227961
2025-06-12 23:32:00,6.8
2025-06-12 09:35:00,98.2
2025-06-12 10:51:00,53.5
2025-06-12 23:15:00,11.1
2025-06-12 01:06:00,88.1
2025-06-12 10:07:00,16.6
2025-06-12 01:59:00,88.5
2025-06-12 18:34:00,89.8
2025-06-12 14:51:00,94.6
2025-06-12 15:55:00,66.5
2025-06-12 03:47:00,25.4
2025-06-12 16:16:00,63.1
2025-06-12 09:56:00,63.8
2025-06-12 14:37:00,32.3
2025-06-12 18:13:00,50.3160582227961
2025-06-12 17:15:00,88.2
2025-06-12 03:31:00,39.9
2025-06-12 15:03:00,85.9
2025-06-12 20:27:00,93.6
2025-06-12 02:45:00,81.0
2025-06-12 20:13:00,18.5
2025-06-12 10:32:00,45.8
2025-06-12 12:24:00,47.1
2025-06-12 04:11:00,55.7
2025-06-12 06:45:00,39.7
2025-06-12 20:05:00,88.6
2025-06-12 21:06:00,50.3160582227961
2025-06-12 23:56:00,11.8
2025-06-12 08:31:00,46.2
2025-06-12 13:29:00,25.1
2025-06-12 19:07:00,93.0
2025-06-12 23:50:00,47.1
2025-06-12 08:13:00,71.6
2025-06-12 00:26:00,65.1
2025-06-12 06:13:00,96.8
2025-06-12 10:13:00,78.2
2025-06-12 01:27:00,27.9
2025-06-12 23:12:00,95.7
2025-06-12 02:28:00,3.0
2025-06-12 18:06:00,61.5
2025-06-12 14:46:00,8.7
2025-06-12 09:13:00,30.7
2025-06-12 05:40:00,74.8
2025-06-12 04:54:00,27.7
2025-06-12 20:48:00,37.1
2025-06-12 17:47:00,50.3
2025-06-12 12:08:00,73.4
2025-06-12 05:32:00,50.3160582227961
2025-06-12 11:21:00,62.7
2025-06-12 14:29:00,47.8
2025-06-12 00:12:00,78.8
2025-06-12 16:06:00,47.4
2025-06-12 08:22:00,39.7
2025-06-12 13:18:00,96.7
2025-06-12 03:09:00,52.4
2025-06-12 05:00:00,83.6
2025-06-12 17:44:00,70.1
2025-06-12 20:12:00,35.9
2025-06-12 04:00:00,28.0
2025-06-12 06:38:00,35.2
2025-06-12 07:15:00,5.6
2025-06-12 14:18:00,45.4
2025-06-12 08:28:00,83.2
2025-06-12 12:17:00,13.9
2025-06-12 05:20:00,50.3160582227961
2025-06-12 04:35:00,35.9
2025-06-12 23:40:00,52.6
2025-06-12 08:52:00,38.8
2025-06-12 23:16:00,80.9
2025-06-12 14:10:00,27.4
2025-06-12 08:17:00,1.0
2025-06-12 09:37:00,56.9
2025-06-12 03:45:00,93.7
2025-06-12 11:20:00,50.4
2025-06-12 12:29:00,18.0
2025-06-12 20:31:00,63.6
2025-06-12 05:39:00,91.6
2025-06-12 11:52:00,86.2
2025-06-12 20:11:00,50.3160582227961
2025-06-12 12:01:00,30.8
2025-06-12 01:21:00,82.3
2025-06-12 06:43:00,7.6
2025-06-12 03:46:00,86.8
2025-06-12 14:24:00,76.9
2025-06-12 03:11:00,49.3
2025-06-12 09:23:00,36.6
2025-06-12 02:48:00,78.9
2025-06-12 21:55:00,77.3
2025-06-12 14:58:00,26.4
2025-06-12 21:04:00,14.0
2025-06-12 21:12:00,32.7
2025-06-12 21:08:00,47.1
2025-06-12 12:23:00,87.6
2025-06-12 14:07:00,67.4
2025-06-12 05:48:00,51.6
2025-06-12 08:30:00,37.5
2025-06-12 20:25:00,86.7
2025-06-12 23:55:00,86.7
2025-06-12 14:08:00,33.4
2025-06-12 23:51:00,55.9
2025-06-12 04:55:00,56.3
2025-06-12 09:31:00,50.3160582227961
2025-06-12 03:08:00,64.5
2025-06-12 02:55:00,50.3160582227961
2025-06-12 15:56:00,88.5
2025-06-12 04:53:00,89.1
2025-06-12 10:03:00,40.1
2025-06-12 00:50:00,30.8
2025-06-12 18:11:00,36.4
2025-06-12 06:59:00,42.5
2025-06-12 15:50:00,27.1
2025-06-12 22:17:00,1.0
2025-06-12 12:52:00,74.5
2025-06-12 08:44:00,24.8
2025-06-12 09:10:00,99.6
2025-06-12 22:44:00,83.7
2025-06-12 14:03:00,72.5
2025-06-12 06:16:00,89.5
2025-06-12 16:27:00,35.7
2025-06-12 08:04:00,21.1
2025-06-12 17:13:00,78.2
2025-06-12 11:37:00,42.7
2025-06-12 09:53:00,92.3
2025-06-12 18:22:00,20.3
2025-06-12 05:45:00,16.9
2025-06-12 03:49:00,24.1
2025-06-12 18:26:00,35.0
2025-06-12 16:40:00,86.6
2025-06-12 04:00:00,19.1
2025-06-12 21:47:00,75.7
2025-06-12 06:00:00,33.4
2025-06-12 13:41:00,37.7
2025-06-12 18:57:00,23.1
2025-06-12 10:59:00,60.8
2025-06-12 09:11:00,82.2
2025-06-12 16:37:00,53.3
2025-06-12 10:44:00,50.04954009433962
2025-06-12 20:33:00,4.3
2025-06-12 14:43:00,87.4
2025-06-12 16:58:00,5.8
2025-06-12 22:16:00,97.1
2025-06-12 16:48:00,27.4
2025-06-12 16:26:00,21.3
2025-06-12 19:28:00,94.4
2025-06-12 22:59:00,27.4
2025-06-12 14:48:00,50.04954009433962
2025-06-12 03:55:00,11.9
2025-06-12 05:50:00,96.8
2025-06-12 05:15:00,75.6
2025-06-12 07:15:00,82.4
2025-06-12 03:34:00,36.3
2025-06-12 23:07:00,76.4
2025-06-12 22:57:00,30.2
2025-06-12 08:41:00,72.7
2025-06-12 09:52:00,76.6
2025-06-12 09:47:00,50.04954009433962
2025-06-12 02:03:00,94.3
2025-06-12 01:07:00,24.7
2025-06-12 23:05:00,94.6
2025-06-12 23:49:00,75.5
2025-06-12 07:43:00,4.4
2025-06-12 13:28:00,96.8
2025-06-12 01:57:00,50.04954009433962
2025-06-12 04:20:00,74.1
2025-06-12 10:01:00,69.7
2025-06-12 14:40:00,14.5
2025-06-12 13:50:00,5.1
2025-06-12 02:09:00,31.9
2025-06-12 15:41:00,15.4
2025-06-12 07:17:00,79.9
2025-06-12 18:11:00,33.9
2025-06-12 18:03:00,49.9
2025-06-12 06:13:00,60.5
2025-06-12 21:53:00,98.9
2025-06-12 18:04:00,42.1
2025-06-12 17:46:00,24.2
2025-06-12 15:55:00,50.04954009433962
2025-06-12 11:16:00,10.6
2025-06-12 02:22:00,61.5
2025-06-12 01:43:00,19.2
2025-06-12 15:38:00,50.04954009433962
2025-06-12 22:27:00,10.3
2025-06-12 17:48:00,66.7
2025-06-12 15:58:00,20.5
2025-06-12 08:07:00,58.6
2025-06-12 09:27:00,14.6
2025-06-12 07:18:00,47.1
2025-06-12 22:35:00,34.0
2025-06-12 14:51:00,79.6
2025-06-12 12:54:00,2.5
2025-06-12 05:30:00,15.8
2025-06-12 15:00:00,68.9
2025-06-12 08:24:00,50.04954009433962
2025-06-12 05:06:00,33.7
2025-06-12 02:42:00,67.1
2025-06-12 03:41:00,50.04954009433962
2025-06-12 03:52:00,38.9
2025-06-12 04:28:00,50.04954009433962
2025-06-12 16:45:00,89.1
2025-06-12 12:21:00,4.9
2025-06-12 05:59:00,97.3
2025-06-12 23:31:00,50.04954009433962
2025-06-12 20:52:00,78.0
2025-06-12 03:47:00,78.2
2025-06-12 04:13:00,90.9
2025-06-12 03:56:00,31.2
2025-06-12 13:43:00,40.6
2025-06-12 12:04:00,45.8
2025-06-12 23:55:00,91.2
2025-06-12 20:04:00,45.1
2025-06-12 07:34:00,92.5
2025-06-12 06:01:00,88.5
2025-06-12 12:03:00,50.04954009433962
2025-06-12 21:13:00,16.7
2025-06-12 01:55:00,22.6
2025-06-12 14:19:00,49.0
2025-06-12 05:55:00,54.0
2025-06-12 14:24:00,77.3
2025-06-12 14:31:00,80.7
2025-06-12 16:44:00,55.1
2025-06-12 04:10:00,50.04954009433962
2025-06-12 19:58:00,53.7
2025-06-12 10:09:00,61.7
2025-06-12 14:08:00,35.6
2025-06-12 22:08:00,55.7
2025-06-12 08:45:00,0.4
2025-06-12 00:46:00,50.6
2025-06-12 14:05:00,19.1
2025-06-12 07:31:00,96.9
2025-06-12 23:16:00,82.4
2025-06-12 22:12:00,66.5
2025-06-12 11:03:00,8.0
2025-06-12 05:03:00,98.1
2025-06-12 13:11:00,90.1
2025-06-12 23:20:00,58.1
2025-06-12 00:37:00,9.7
2025-06-12 06:11:00,1.9
2025-06-12 07:14:00,53.5
2025-06-12 01:34:00,94.6
2025-06-12 02:46:00,18.7
2025-06-12 02:36:00,50.04954009433962
2025-06-12 01:46:00,98.5
2025-06-12 10:25:00,50.04954009433962
2025-06-12 04:37:00,36.0
2025-06-12 00:43:00,42.3
2025-06-12 02:14:00,12.5
2025-06-12 00:02:00,29.4
2025-06-12 08:09:00,50.04954009433962
2025-06-12 17:52:00,78.9
2025-06-12 07:56:00,94.3
2025-06-12 00:24:00,86.3
2025-06-12 05:28:00,50.04954009433962
2025-06-12 03:33:00,32.5
2025-06-12 06:04:00,50.04954009433962
2025-06-12 01:20:00,50.04954009433962
2025-06-12 19:55:00,91.7
2025-06-12 13:34:00,38.9
2025-06-12 20:20:00,31.9
2025-06-12 05:17:00,58.6
2025-06-12 05:23:00,35.6
2025-06-12 09:30:00,86.7
2025-06-12 16:06:00,1.8
2025-06-12 19:49:00,96.6
2025-06-12 10:23:00,32.5
2025-06-12 11:26:00,77.2
2025-06-12 08:36:00,80.8
2025-06-12 00:31:00,34.6
2025-06-12 23:12:00,47.3
2025-06-12 21:12:00,21.7
2025-06-12 12:53:00,31.7
2025-06-12 08:29:00,24.5
2025-06-12 17:09:00,2.2
2025-06-12 19:21:00,87.5
2025-06-12 01:32:00,19.5
2025-06-12 10:47:00,52.5
2025-06-12 02:38:00,72.3
2025-06-12 23:30:00,9.4
2025-06-12 03:08:00,40.9
2025-06-12 11:06:00,89.6
2025-06-12 16:39:00,34.1
2025-06-12 09:06:00,67.4
2025-06-12 21:50:00,98.2
2025-06-12 03:45:00,60.7
2025-06-12 18:20:00,75.4
2025-06-12 00:41:00,42.8
2025-06-12 07:03:00,56.5
2025-06-12 18:17:00,54.1
2025-06-12 15:40:00,44.0
2025-06-12 06:45:00,46.7
2025-06-12 17:59:00,96.2
2025-06-12 01:25:00,97.2
2025-06-12 08:00:00,17.9
2025-06-12 22:51:00,50.04954009433962
2025-06-12 09:40:00,9.7
2025-06-12 21:10:00,97.1
2025-06-12 20:41:00,60.7
2025-06-12 15:11:00,6.4
2025-06-12 22:30:00,58.8
2025-06-12 13:09:00,82.5
2025-06-12 21:44:00,59.0
2025-06-12 04:52:00,70.9
2025-06-12 00:48:00,25.1
2025-06-12 13:29:00,65.3
2025-06-12 09:16:00,82.7
2025-06-12 12:16:00,21.9
2025-06-12 20:36:00,50.04954009433962
2025-06-12 06:39:00,69.4
2025-06-12 07:48:00,6.6
2025-06-12 15:36:00,91.8
2025-06-12 20:24:00,97.5
2025-06-12 20:18:00,56.4
2025-06-12 04:56:00,80.2
2025-06-12 07:10:00,50.04954009433962
2025-06-12 23:19:00,25.1
2025-06-12 09:58:00,68.1
2025-06-12 07:33:00,36.1
2025-06-12 02:40:00,0.1
2025-06-12 21:42:00,50.04954009433962
2025-06-12 03:48:00,48.5
2025-06-12 10:45:00,32.0
2025-06-12 16:01:00,76.3
2025-06-12 10:15:00,26.1
2025-06-12 11:42:00,98.9
2025-06-12 04:39:00,44.8
2025-06-12 14:03:00,35.9
2025-06-12 11:34:00,15.6
2025-06-12 15:49:00,20.7
2025-06-12 23:22:00,50.04954009433962
2025-06-12 19:54:00,50.04954009433962
2025-06-12 08:02:00,64.4
2025-06-12 08:04:00,34.9
2025-06-12 05:20:00,86.0
2025-06-12 09:07:00,19.5
2025-06-12 06:17:00,33.9
2025-06-12 00:15:00,57.7
2025-06-12 12:20:00,85.6
2025-06-12 00:14:00,50.04954009433962
2025-06-12 21:19:00,58.4
2025-06-12 17:45:00,50.04954009433962
2025-06-12 21:48:00,31.0
2025-06-12 06:55:00,59.8
2025-06-12 06:51:00,57.6
2025-06-12 12:49:00,9.8
2025-06-12 07:02:00,65.7
2025-06-12 21:06:00,50.04954009433962
2025-06-12 07:26:00,7.1
2025-06-12 14:37:00,42.6
2025-06-12 09:02:00,84.9
2025-06-12 18:45:00,41.3
2025-06-12 11:54:00,36.1
2025-06-12 10:20:00,77.8
2025-06-12 07:59:00,20.1
2025-06-12 14:42:00,76.4
2025-06-12 07:06:00,34.4
2025-06-12 02:53:00,30.8
2025-06-12 15:07:00,97.5
2025-06-12 03:25:00,41.4
2025-06-12 09:29:00,83.0
2025-06-12 14:36:00,59.0
2025-06-12 20:09:00,46.4
2025-06-12 22:47:00,18.5
2025-06-12 10:13:00,85.3
2025-06-12 00:53:00,74.8
2025-06-12 18:59:00,42.8
2025-06-12 23:44:00,50.04954009433962
2025-06-12 14:27:00,34.9
2025-06-12 15:24:00,61.7
2025-06-12 15:47:00,50.04954009433962
2025-06-12 16:15:00,61.9
2025-06-12 07:27:00,50.04954009433962
2025-06-12 06:18:00,5.2
2025-06-12 19:41:00,2.4
2025-06-12 07:20:00,30.6
2025-06-12 09:28:00,26.9
2025-06-12 05:47:00,50.04954009433962
2025-06-12 14:23:00,21.3
2025-06-12 06:05:00,32.6
2025-06-12 19:57:00,51.6
2025-06-12 21:51:00,50.04954009433962
2025-06-12 09:05:00,11.0
2025-06-12 08:50:00,50.04954009433962
2025-06-12 02:12:00,39.7
2025-06-12 20:58:00,27.4
2025-06-12 19:39:00,26.6
2025-06-12 15:14:00,50.04954009433962
2025-06-12 10:02:00,31.8
2025-06-12 20:16:00,77.4
2025-06-12 21:29:00,47.8
2025-06-12 21:37:00,2.1
2025-06-12 19:51:00,8.2
2025-06-12 18:29:00,50.04954009433962
2025-06-12 14:30:00,67.7
2025-06-12 03:09:00,20.1
2025-06-12 20:34:00,16.2
2025-06-12 13:42:00,50.04954009433962
2025-06-12 04:22:00,60.6
2025-06-12 03:37:00,54.5
2025-06-12 20:43:00,0.6
2025-06-12 23:42:00,77.6
2025-06-12 19:29:00,50.04954009433962
2025-06-12 00:00:00,26.5
2025-06-12 17:40:00,31.6
2025-06-12 13:35:00,88.8
2025-06-12 08:42:00,55.6
2025-06-12 16:17:00,73.7
2025-06-12 02:28:00,35.8
2025-06-12 15:53:00,25.5
2025-06-12 00:52:00,23.6
2025-06-12 21:28:00,50.04954009433962
2025-06-12 00:21:00,48.8
2025-06-12 18:15:00,77.7
2025-06-12 08:59:00,78.4
2025-06-12 20:11:00,92.2
2025-06-12 22:15:00,26.9
2025-06-12 01:26:00,85.2
2025-06-12 02:43:00,61.3
2025-06-12 19:52:00,6.6
2025-06-12 20:14:00,1.5
2025-06-12 18:40:00,76.0
2025-06-12 01:44:00,7.7
2025-06-12 09:13:00,50.04954009433962
2025-06-12 02:08:00,27.8
2025-06-12 09:48:00,27.2
2025-06-12 19:43:00,50.04954009433962
2025-06-12 14:17:00,36.2
2025-06-12 04:17:00,4.4
2025-06-12 16:03:00,77.4
2025-06-12 01:18:00,50.06682414078186
2025-06-12 10:44:00,93.5
2025-06-12 10:01:00,20.7
2025-06-12 03:10:00,90.9
2025-06-12 06:40:00,46.4
2025-06-12 21:08:00,68.0
2025-06-12 03:50:00,9.8
2025-06-12 11:39:00,41.7
2025-06-12 02:01:00,50.06682414078186
2025-06-12 07:32:00,72.5
2025-06-12 21:02:00,82.0
2025-06-12 21:29:00,29.5
2025-06-12 07:59:00,61.1
2025-06-12 13:14:00,95.4
2025-06-12 00:30:00,91.8
2025-06-12 15:36:00,50.06682414078186
2025-06-12 02:49:00,50.06682414078186
2025-06-12 02:15:00,12.3
2025-06-12 05:33:00,62.3
2025-06-12 08:36:00,13.4
2025-06-12 19:30:00,22.7
2025-06-12 08:10:00,79.4
2025-06-12 19:32:00,36.6
2025-06-12 22:28:00,66.8
2025-06-12 12:37:00,25.1
2025-06-12 05:14:00,3.4
2025-06-12 14:45:00,50.06682414078186
2025-06-12 11:33:00,87.2
2025-06-12 15:31:00,76.2
2025-06-12 18:02:00,80.2
2025-06-12 04:15:00,35.9
2025-06-12 20:12:00,50.06682414078186
2025-06-12 00:00:00,15.8
2025-06-12 20:37:00,12.0
2025-06-12 04:34:00,94.6
2025-06-12 07:08:00,70.5
2025-06-12 05:51:00,33.0
2025-06-12 08:04:00,80.7
2025-06-12 11:31:00,10.2
2025-06-12 05:53:00,84.7
2025-06-12 07:25:00,40.0
2025-06-12 21:43:00,89.6
2025-06-12 16:00:00,51.9
2025-06-12 01:27:00,64.0
2025-06-12 22:31:00,16.2
2025-06-12 13:15:00,25.7
2025-06-12 14:25:00,82.4
2025-06-12 22:41:00,50.06682414078186
2025-06-12 03:08:00,40.0
2025-06-12 11:34:00,22.4
2025-06-12 06:35:00,62.9
2025-06-12 00:47:00,50.6
2025-06-12 19:58:00,92.1
2025-06-12 14:28:00,68.6
2025-06-12 13:42:00,52.8
2025-06-12 07:15:00,7.5
2025-06-12 19:24:00,82.0
2025-06-12 04:14:00,7.3
2025-06-12 20:08:00,19.9
2025-06-12 19:14:00,48.1
2025-06-12 18:52:00,15.6
2025-06-12 02:14:00,95.6
2025-06-12 15:55:00,92.8
2025-06-12 16:39:00,50.06682414078186
2025-06-12 00:01:00,50.06682414078186
2025-06-12 01:06:00,52.7
2025-06-12 03:54:00,38.2
2025-06-12 16:28:00,50.06682414078186
2025-06-12 17:02:00,90.1
2025-06-12 01:51:00,75.5
2025-06-12 13:17:00,39.3
2025-06-12 10:47:00,50.06682414078186
2025-06-12 00:36:00,50.06682414078186
2025-06-12 12:22:00,69.8
2025-06-12 02:58:00,70.2
2025-06-12 01:31:00,19.9
2025-06-12 00:04:00,52.2
2025-06-12 21:07:00,27.8
2025-06-12 09:43:00,79.1
2025-06-12 22:26:00,71.5
2025-06-12 14:09:00,4.0
2025-06-12 20:35:00,41.4
2025-06-12 20:26:00,50.06682414078186
2025-06-12 06:45:00,7.2
2025-06-12 05:36:00,18.6
2025-06-12 20:54:00,64.1
2025-06-12 18:55:00,50.2
2025-06-12 00:39:00,15.0
2025-06-12 04:09:00,89.9
2025-06-12 13:56:00,69.5
2025-06-12 13:58:00,95.0
2025-06-12 05:42:00,1.2
2025-06-12 13:53:00,46.3
2025-06-12 16:16:00,50.06682414078186
2025-06-12 15:16:00,97.5
2025-06-12 09:38:00,70.5
2025-06-12 10:13:00,10.7
2025-06-12 15:04:00,22.3
2025-06-12 14:17:00,97.4
2025-06-12 08:09:00,70.9
2025-06-12 09:32:00,50.06682414078186
2025-06-12 13:26:00,98.9
2025-06-12 12:50:00,9.8
2025-06-12 04:10:00,22.4
2025-06-12 06:26:00,26.7
2025-06-12 13:32:00,77.9
2025-06-12 00:38:00,1.9
2025-06-12 06:18:00,50.06682414078186
2025-06-12 11:30:00,14.1
2025-06-12 19:35:00,47.7
2025-06-12 08:27:00,87.0
2025-06-12 23:30:00,12.9
2025-06-12 07:13:00,7.0
2025-06-12 19:17:00,12.1
2025-06-12 03:58:00,64.3
2025-06-12 06:41:00,50.06682414078186
2025-06-12 10:19:00,74.1
2025-06-12 19:47:00,43.5
2025-06-12 11:36:00,47.9
2025-06-12 14:47:00,92.5
2025-06-12 11:56:00,80.3
2025-06-12 10:36:00,67.8
2025-06-12 06:33:00,99.1
2025-06-12 16:25:00,10.9
2025-06-12 09:57:00,40.2
2025-06-12 08:20:00,99.3
2025-06-12 01:05:00,19.1
2025-06-12 06:15:00,24.9
2025-06-12 16:57:00,31.4
2025-06-12 20:39:00,57.7
2025-06-12 14:44:00,84.5
2025-06-12 07:34:00,50.06682414078186
2025-06-12 02:33:00,76.8
2025-06-12 06:47:00,80.4
2025-06-12 23:49:00,57.5
2025-06-12 22:57:00,50.06682414078186
2025-06-12 22:46:00,39.8
2025-06-12 07:01:00,35.1
2025-06-12 00:24:00,17.8
2025-06-12 12:29:00,63.7
2025-06-12 03:03:00,46.6
2025-06-12 06:29:00,47.9
2025-06-12 10:16:00,22.9
2025-06-12 11:53:00,30.7
2025-06-12 17:03:00,29.8
2025-06-12 06:25:00,88.6
2025-06-12 16:10:00,21.2
2025-06-12 22:55:00,2.5
2025-06-12 07:14:00,43.3
2025-06-12 18:04:00,50.06682414078186
2025-06-12 00:31:00,50.06682414078186
2025-06-12 06:32:00,96.3
2025-06-12 00:49:00,50.3
2025-06-12 15:59:00,50.06682414078186
2025-06-12 22:06:00,10.5
2025-06-12 13:50:00,30.9
2025-06-12 04:44:00,6.4
2025-06-12 05:31:00,87.1
2025-06-12 08:58:00,9.9
2025-06-12 03:36:00,70.9
2025-06-12 10:42:00,19.6
2025-06-12 17:39:00,96.0
2025-06-12 02:56:00,89.2
2025-06-12 02:10:00,92.6
2025-06-12 17:58:00,14.1
2025-06-12 19:12:00,35.1
2025-06-12 03:38:00,60.8
2025-06-12 08:07:00,52.7
2025-06-12 13:31:00,78.4
2025-06-12 01:12:00,50.06682414078186
2025-06-12 05:46:00,50.06682414078186
2025-06-12 19:41:00,88.2
2025-06-12 02:40:00,64.7
2025-06-12 01:36:00,30.1
2025-06-12 12:00:00,80.3
2025-06-12 15:44:00,38.8
2025-06-12 03:42:00,28.7
2025-06-12 16:32:00,54.9
2025-06-12 01:46:00,79.1
2025-06-12 18:22:00,5.3
2025-06-12 13:30:00,50.06682414078186
2025-06-12 00:35:00,9.2
2025-06-12 00:08:00,64.2
2025-06-12 18:14:00,87.3
2025-06-12 01:24:00,39.0
2025-06-12 21:56:00,21.4
2025-06-12 16:59:00,5.0
2025-06-12 20:15:00,6.0
2025-06-12 03:45:00,86.8
2025-06-12 05:32:00,82.9
2025-06-12 11:14:00,27.1
2025-06-12 07:18:00,72.1
2025-06-12 18:46:00,41.7
2025-06-12 23:03:00,47.5
2025-06-12 22:18:00,11.9
2025-06-12 12:18:00,50.0
2025-06-12 13:24:00,48.6
2025-06-12 10:39:00,32.4
2025-06-12 06:17:00,71.4
2025-06-12 18:12:00,60.5
2025-06-12 05:10:00,41.8
2025-06-12 00:16:00,4.4
2025-06-12 21:11:00,79.9
2025-06-12 06:08:00,38.7
2025-06-12 00:23:00,93.2
2025-06-12 22:37:00,5.3
2025-06-12 13:29:00,98.2
2025-06-12 15:09:00,92.0
2025-06-12 07:56:00,93.2
2025-06-12 17:45:00,52.9
2025-06-12 10:34:00,65.7
2025-06-12 08:45:00,68.9
2025-06-12 20:44:00,14.3
2025-06-12 16:54:00,50.06682414078186
2025-06-12 22:47:00,31.8
2025-06-12 09:46:00,50.06682414078186
2025-06-12 04:38:00,84.9
2025-06-12 11:06:00,71.0
2025-06-12 12:32:00,50.06682414078186
2025-06-12 16:42:00,78.7
2025-06-12 02:37:00,8.1
2025-06-12 03:21:00,50.06682414078186
2025-06-12 01:13:00,58.0
2025-06-12 03:18:00,41.1
2025-06-12 03:29:00,50.06682414078186
2025-06-12 16:45:00,30.3
2025-06-12 00:55:00,29.8
2025-06-12 02:17:00,47.9
2025-06-12 15:30:00,41.1
2025-06-12 15:22:00,50.06682414078186
2025-06-12 03:26:00,98.4
2025-06-12 23:29:00,64.6
2025-06-12 19:59:00,50.06682414078186
2025-06-12 09:20:00,77.4
2025-06-12 11:41:00,50.06682414078186
2025-06-12 21:57:00,71.5
2025-06-12 17:17:00,71.9
2025-06-12 07:06:00,28.9
2025-06-12 06:20:00,59.4
2025-06-12 14:37:00,50.06682414078186
2025-06-12 08:13:00,21.4
2025-06-12 23:27:00,52.3
2025-06-12 04:47:00,55.9
2025-06-12 00:59:00,92.5
2025-06-12 22:54:00,13.8
2025-06-12 12:35:00,98.9
2025-06-12 21:05:00,50.06682414078186
2025-06-12 03:02:00,11.7
2025-06-12 18:27:00,40.1
2025-06-12 18:33:00,56.6
2025-06-12 14:18:00,50.06682414078186
2025-06-12 08:47:00,42.7
2025-06-12 06:51:00,17.1
2025-06-12 15:40:00,81.0
2025-06-12 12:48:00,40.2
2025-06-12 00:46:00,21.1
2025-06-12 04:41:00,90.1
2025-06-12 04:48:00,78.9
2025-06-12 03:04:00,60.0
2025-06-12 20:01:00,54.6
2025-06-12 22:05:00,43.9
2025-06-12 05:04:00,4.4
2025-06-12 02:02:00,42.9
2025-06-12 11:35:00,51.6
2025-06-12 08:21:00,32.3
2025-06-12 04:13:00,81.7
2025-06-12 23:41:00,14.0
2025-06-12 18:56:00,72.1
2025-06-12 08:11:00,13.5
2025-06-12 15:54:00,64.7
2025-06-12 14:14:00,52.8
2025-06-12 18:40:00,90.8
2025-06-12 21:40:00,76.2
2025-06-12 07:40:00,27.3
2025-06-12 09:25:00,99.6
2025-06-12 00:43:00,95.1
2025-06-12 19:52:00,50.06682414078186
2025-06-12 23:42:00,26.8
2025-06-12 20:20:00,20.0
2025-06-12 09:58:00,4.2
2025-06-12 10:43:00,63.8
2025-06-12 03:52:00,55.9
2025-06-12 11:02:00,53.7
2025-06-12 00:41:00,40.7
2025-06-12 01:17:00,49.6
2025-06-12 06:43:00,30.2
2025-06-12 09:26:00,1.7
2025-06-12 16:19:00,50.06682414078186
2025-06-12 18:54:00,17.8
2025-06-12 06:31:00,92.7
2025-06-12 21:54:00,85.2
2025-06-12 04:04:00,54.2
2025-06-12 07:50:00,23.4
2025-06-12 14:53:00,16.9
2025-06-12 20:30:00,69.2
2025-06-12 03:20:00,49.378098152289034
2025-06-12 15:04:00,39.7
2025-06-12 18:04:00,94.1
2025-06-12 20:58:00,39.6
2025-06-12 12:59:00,45.6
2025-06-12 06:58:00,49.378098152289034
2025-06-12 02:53:00,37.0
2025-06-12 04:42:00,49.378098152289034
2025-06-12 14:16:00,35.5
2025-06-12 10:29:00,49.378098152289034
2025-06-12 01:10:00,41.1
2025-06-12 20:37:00,31.6
2025-06-12 06:11:00,4.2
2025-06-12 21:32:00,39.7
2025-06-12 03:28:00,49.378098152289034
2025-06-12 15:14:00,49.378098152289034
2025-06-12 19:29:00,88.0
2025-06-12 02:59:00,4.3
2025-06-12 15:09:00,49.378098152289034
2025-06-12 20:12:00,81.5
2025-06-12 08:58:00,74.0
2025-06-12 23:24:00,36.6
2025-06-12 23:16:00,49.378098152289034
2025-06-12 20:06:00,46.4
2025-06-12 19:22:00,7.9
2025-06-12 17:20:00,83.8
2025-06-12 05:24:00,38.0
2025-06-12 08:16:00,82.7
2025-06-12 15:18:00,7.0
2025-06-12 09:23:00,21.9
2025-06-12 03:01:00,17.2
2025-06-12 19:00:00,49.378098152289034
2025-06-12 06:27:00,98.9
2025-06-12 17:30:00,49.378098152289034
2025-06-12 05:08:00,76.9
2025-06-12 18:13:00,75.0
2025-06-12 04:11:00,49.378098152289034
2025-06-12 11:29:00,18.1
2025-06-12 15:47:00,49.378098152289034
2025-06-12 22:21:00,49.378098152289034
2025-06-12 21:19:00,13.5
2025-06-12 18:54:00,49.378098152289034
2025-06-12 06:19:00,49.378098152289034
2025-06-12 20:29:00,41.3
2025-06-12 03:29:00,53.3
2025-06-12 17:45:00,15.7
2025-06-12 15:22:00,47.6
2025-06-12 03:40:00,23.7
2025-06-12 05:52:00,91.0
2025-06-12 23:52:00,49.378098152289034
2025-06-12 22:16:00,48.7
2025-06-12 08:44:00,74.6
2025-06-12 08:09:00,42.4
2025-06-12 13:03:00,49.378098152289034
2025-06-12 18:23:00,83.3
2025-06-12 22:22:00,49.378098152289034
2025-06-12 20:55:00,49.378098152289034
2025-06-12 18:05:00,18.0
2025-06-12 03:39:00,3.7
2025-06-12 04:15:00,95.9
2025-06-12 08:54:00,43.2
2025-06-12 09:48:00,64.9
2025-06-12 11:35:00,52.2
2025-06-12 07:35:00,79.2
2025-06-12 03:32:00,2.7
2025-06-12 09:18:00,49.378098152289034
2025-06-12 18:40:00,49.378098152289034
2025-06-12 17:03:00,49.378098152289034
2025-06-12 07:36:00,7.4
2025-06-12 04:03:00,81.7
2025-06-12 22:47:00,49.378098152289034
2025-06-12 21:15:00,49.378098152289034
2025-06-12 09:28:00,67.3
2025-06-12 21:24:00,95.8
2025-06-12 00:08:00,62.2
2025-06-12 12:41:00,56.5
2025-06-12 18:59:00,43.8
2025-06-12 01:46:00,62.6
2025-06-12 08:11:00,53.4
2025-06-12 11:26:00,55.8
2025-06-12 10:33:00,33.6
2025-06-12 14:06:00,62.3
2025-06-12 15:31:00,1.1
2025-06-12 14:40:00,45.3
2025-06-12 07:31:00,75.4
2025-06-12 00:20:00,97.3
2025-06-12 03:46:00,85.3
2025-06-12 21:58:00,49.378098152289034
2025-06-12 23:34:00,84.5
2025-06-12 05:15:00,49.378098152289034
2025-06-12 13:53:00,49.378098152289034
2025-06-12 08:51:00,57.7
2025-06-12 04:18:00,49.378098152289034
2025-06-12 16:56:00,49.378098152289034
2025-06-12 21:06:00,68.3
2025-06-12 11:02:00,83.3
2025-06-12 17:59:00,36.4
2025-06-12 23:04:00,8.9
2025-06-12 06:04:00,65.7
2025-06-12 13:49:00,49.378098152289034
2025-06-12 21:09:00,21.1
2025-06-12 21:26:00,62.3
2025-06-12 06:01:00,49.378098152289034
2025-06-12 08:04:00,52.0
2025-06-12 08:36:00,83.4
2025-06-12 05:22:00,22.1
2025-06-12 07:40:00,49.378098152289034
2025-06-12 14:17:00,99.9
2025-06-12 09:59:00,61.9
2025-06-12 03:13:00,38.2
2025-06-12 09:31:00,9.3
2025-06-12 00:24:00,82.5
2025-06-12 04:02:00,75.8
2025-06-12 13:56:00,81.9
2025-06-12 14:13:00,30.7
2025-06-12 19:19:00,17.1
2025-06-12 16:28:00,51.4
2025-06-12 08:34:00,78.3
2025-06-12 22:05:00,26.7
2025-06-12 20:08:00,59.8
2025-06-12 14:27:00,75.4
2025-06-12 09:51:00,43.6
2025-06-12 14:52:00,71.3
2025-06-12 20:03:00,49.378098152289034
2025-06-12 23:30:00,71.1
2025-06-12 13:14:00,54.8
2025-06-12 00:22:00,23.9
2025-06-12 20:53:00,41.2
2025-06-12 10:43:00,49.378098152289034
2025-06-12 22:46:00,18.5
2025-06-12 15:56:00,49.378098152289034
2025-06-12 05:09:00,56.6
2025-06-12 11:36:00,22.3
2025-06-12 23:36:00,37.5
2025-06-12 18:33:00,65.2
2025-06-12 18:35:00,49.378098152289034
2025-06-12 22:52:00,90.3
2025-06-12 16:58:00,79.3
2025-06-12 23:27:00,5.1
2025-06-12 14:26:00,68.3
2025-06-12 14:43:00,71.9
2025-06-12 02:49:00,60.0
2025-06-12 00:48:00,83.5
2025-06-12 23:22:00,48.0
2025-06-12 06:21:00,93.8
2025-06-12 10:57:00,45.0
2025-06-12 00:57:00,93.3
2025-06-12 16:21:00,29.0
2025-06-12 11:05:00,41.5
2025-06-12 10:22:00,38.4
2025-06-12 03:30:00,76.6
2025-06-12 15:25:00,74.8
2025-06-12 16:55:00,63.8
2025-06-12 11:24:00,45.2
2025-06-12 07:59:00,49.378098152289034
2025-06-12 15:16:00,55.1
2025-06-12 17:56:00,38.2
2025-06-12 14:45:00,82.5
2025-06-12 16:49:00,49.378098152289034
2025-06-12 08:33:00,58.4
2025-06-12 05:34:00,37.9
2025-06-12 04:50:00,53.2
2025-06-12 15:37:00,49.378098152289034
2025-06-12 09:08:00,94.7
2025-06-12 12:06:00,22.3
2025-06-12 05:58:00,23.5
2025-06-12 09:11:00,16.2
2025-06-12 11:34:00,28.6
2025-06-12 04:47:00,43.4
2025-06-12 06:39:00,15.1
2025-06-12 01:14:00,21.9
2025-06-12 03:21:00,33.4
2025-06-12 03:05:00,16.3
2025-06-12 02:18:00,49.8
2025-06-12 10:31:00,79.5
2025-06-12 14:44:00,59.9
2025-06-12 21:35:00,49.378098152289034
2025-06-12 21:29:00,87.3
2025-06-12 21:21:00,46.8
2025-06-12 19:37:00,22.6
2025-06-12 20:34:00,0.8
2025-06-12 07:47:00,37.3
2025-06-12 02:56:00,18.6
2025-06-12 05:43:00,60.7
2025-06-12 13:13:00,49.378098152289034
2025-06-12 16:59:00,89.9
2025-06-12 01:30:00,49.378098152289034
2025-06-12 14:49:00,6.3
2025-06-12 15:07:00,19.0
2025-06-12 11:22:00,49.378098152289034
2025-06-12 02:29:00,49.378098152289034
2025-06-12 02:00:00,26.6
2025-06-12 19:10:00,0.0
2025-06-12 21:03:00,49.378098152289034
2025-06-12 23:21:00,3.2
2025-06-12 07:55:00,39.3
2025-06-12 07:11:00,22.8
2025-06-12 05:48:00,49.378098152289034
2025-06-12 11:41:00,73.7
2025-06-12 12:27:00,19.5
2025-06-12 01:48:00,29.3
2025-06-12 12:35:00,85.5
2025-06-12 10:03:00,57.7
2025-06-12 04:19:00,48.2
2025-06-12 21:23:00,64.1
2025-06-12 07:43:00,32.9
2025-06-12 00:19:00,29.3
2025-06-12 13:34:00,76.6
2025-06-12 11:11:00,23.9
2025-06-12 06:05:00,63.4
2025-06-12 18:30:00,31.4
2025-06-12 17:23:00,93.2
2025-06-12 03:02:00,54.8
2025-06-12 22:42:00,1.3
2025-06-12 21:07:00,30.8
2025-06-12 01:15:00,40.2
2025-06-12 23:05:00,55.5
2025-06-12 22:32:00,94.6
2025-06-12 17:50:00,23.7
2025-06-12 16:09:00,29.7
2025-06-12 21:08:00,58.3
2025-06-12 02:24:00,55.0
2025-06-12 08:00:00,6.1
2025-06-12 22:08:00,2.4
2025-06-12 23:46:00,12.3
2025-06-12 12:57:00,22.4
2025-06-12 03:11:00,13.9
2025-06-12 16:38:00,49.378098152289034
2025-06-12 00:11:00,88.2
2025-06-12 00:00:00,58.2
2025-06-12 15:30:00,18.2
2025-06-12 02:05:00,66.9
2025-06-12 23:07:00,94.2
2025-06-12 19:11:00,51.0
2025-06-12 01:11:00,2.4
2025-06-12 11:07:00,83.1
2025-06-12 18:27:00,55.2
2025-06-12 00:40:00,46.5
2025-06-12 00:10:00,29.5
2025-06-12 11:47:00,4.8
2025-06-12 01:17:00,49.378098152289034
2025-06-12 04:13:00,68.7
2025-06-12 03:08:00,71.7
2025-06-12 12:17:00,95.7
2025-06-12 16:05:00,34.8
2025-06-12 02:34:00,63.7
2025-06-12 00:02:00,96.2
2025-06-12 01:59:00,49.378098152289034
2025-06-12 06:28:00,7.0
2025-06-12 15:29:00,73.8
2025-06-12 14:28:00,75.0
2025-06-12 11:16:00,93.6
2025-06-12 16:42:00,31.0
2025-06-12 02:31:00,83.3
2025-06-12 07:18:00,68.0
2025-06-12 09:30:00,10.5
2025-06-12 06:08:00,49.378098152289034
2025-06-12 20:28:00,91.7
2025-06-12 05:17:00,21.6
2025-06-12 03:59:00,32.7
2025-06-12 22:10:00,24.0
2025-06-12 14:15:00,16.4
2025-06-12 23:58:00,28.6
2025-06-12 14:24:00,1.9
2025-06-12 01:09:00,11.9
2025-06-12 11:15:00,49.378098152289034
2025-06-12 08:50:00,24.1
2025-06-12 13:51:00,75.9
2025-06-12 09:12:00,88.1
2025-06-12 21:28:00,35.8
2025-06-12 19:30:00,86.2
2025-06-12 09:09:00,40.9
2025-06-12 01:56:00,87.4
2025-06-12 13:25:00,11.2
2025-06-12 19:59:00,49.378098152289034
2025-06-12 20:42:00,45.5
2025-06-12 11:21:00,13.1
2025-06-12 08:10:00,49.378098152289034
2025-06-12 09:19:00,49.378098152289034
2025-06-12 19:44:00,71.3
2025-06-12 17:01:00,49.378098152289034
2025-06-12 09:03:00,51.7
2025-06-12 04:28:00,9.6
2025-06-12 21:22:00,99.5
2025-06-12 14:14:00,96.8
2025-06-12 17:24:00,60.2
2025-06-12 07:33:00,23.0
2025-06-12 03:57:00,98.3
2025-06-12 12:53:00,49.378098152289034
2025-06-12 00:38:00,99.3
2025-06-12 16:14:00,49.378098152289034
2025-06-12 18:34:00,75.7
2025-06-12 02:16:00,17.6
2025-06-12 11:43:00,31.0
2025-06-12 20:30:00,57.6
2025-06-12 22:48:00,1.8
2025-06-12 19:23:00,47.1
2025-06-12 15:57:00,49.378098152289034
2025-06-12 16:06:00,16.4
2025-06-12 02:03:00,69.0
2025-06-12 06:25:00,88.7
2025-06-12 07:42:00,84.7
2025-06-12 05:23:00,11.3
2025-06-12 07:20:00,15.2
2025-06-12 10:27:00,9.8
2025-06-12 15:38:00,95.9
2025-06-12 11:56:00,98.8
2025-06-12 08:00:00,49.86672560113154
2025-06-12 08:51:00,37.7
2025-06-12 01:31:00,11.9
2025-06-12 16:07:00,9.5
2025-06-12 17:33:00,95.0
2025-06-12 23:37:00,25.5
2025-06-12 17:46:00,6.6
2025-06-12 22:54:00,69.0
2025-06-12 19:03:00,35.5
2025-06-12 23:39:00,97.0
2025-06-12 00:31:00,49.86672560113154
2025-06-12 00:30:00,57.9
2025-06-12 05:21:00,37.0
2025-06-12 06:25:00,99.7
2025-06-12 23:59:00,83.1
2025-06-12 11:39:00,49.86672560113154
2025-06-12 07:56:00,17.2
2025-06-12 20:19:00,61.5
2025-06-12 16:58:00,11.5
2025-06-12 14:52:00,69.8
2025-06-12 01:23:00,49.86672560113154
2025-06-12 09:51:00,35.6
2025-06-12 13:31:00,49.86672560113154
2025-06-12 17:13:00,79.3
2025-06-12 08:07:00,90.2
2025-06-12 04:21:00,26.4
2025-06-12 07:18:00,22.6
2025-06-12 16:35:00,95.3
2025-06-12 01:46:00,97.3
2025-06-12 12:51:00,49.86672560113154
2025-06-12 23:12:00,49.86672560113154
2025-06-12 07:11:00,2.8
2025-06-12 08:59:00,53.6
2025-06-12 19:07:00,26.9
2025-06-12 07:22:00,35.7
2025-06-12 02:15:00,60.1
2025-06-12 04:52:00,17.3
2025-06-12 14:16:00,49.86672560113154
2025-06-12 08:57:00,71.5
2025-06-12 06:27:00,15.4
2025-06-12 18:23:00,82.0
2025-06-12 05:05:00,7.0
2025-06-12 22:44:00,31.4
2025-06-12 17:05:00,61.5
2025-06-12 23:26:00,90.5
2025-06-12 13:01:00,88.8
2025-06-12 12:07:00,77.9
2025-06-12 09:23:00,49.86672560113154
2025-06-12 22:35:00,95.9
2025-06-12 18:36:00,49.86672560113154
2025-06-12 16:44:00,67.3
2025-06-12 18:17:00,49.86672560113154
2025-06-12 14:35:00,3.5
2025-06-12 04:45:00,45.8
2025-06-12 01:58:00,56.5
2025-06-12 06:48:00,49.86672560113154
2025-06-12 20:59:00,15.5
2025-06-12 03:28:00,84.7
2025-06-12 20:02:00,49.86672560113154
2025-06-12 12:32:00,53.5
2025-06-12 11:28:00,49.86672560113154
2025-06-12 00:26:00,62.3
2025-06-12 01:26:00,9.8
2025-06-12 19:41:00,21.2
2025-06-12 22:00:00,82.2
2025-06-12 20:23:00,49.86672560113154
2025-06-12 21:46:00,49.86672560113154
2025-06-12 05:12:00,49.86672560113154
2025-06-12 04:44:00,63.0
2025-06-12 05:36:00,41.6
2025-06-12 11:03:00,33.2
2025-06-12 17:29:00,97.7
2025-06-12 07:00:00,49.86672560113154
2025-06-12 12:52:00,47.5
2025-06-12 20:16:00,41.8
2025-06-12 06:10:00,54.7
2025-06-12 02:13:00,49.86672560113154
2025-06-12 17:31:00,13.1
2025-06-12 21:37:00,10.9
2025-06-12 16:32:00,46.1
2025-06-12 06:16:00,68.8
2025-06-12 04:50:00,34.6
2025-06-12 22:13:00,86.4
2025-06-12 02:36:00,70.3
2025-06-12 13:41:00,8.7
2025-06-12 19:54:00,63.5
2025-06-12 08:06:00,57.9
2025-06-12 04:35:00,15.7
2025-06-12 15:06:00,49.86672560113154
2025-06-12 17:07:00,13.3
2025-06-12 17:20:00,49.86672560113154
2025-06-12 09:49:00,2.7
2025-06-12 05:08:00,58.3
2025-06-12 18:26:00,11.8
2025-06-12 19:11:00,49.86672560113154
2025-06-12 08:46:00,97.1
2025-06-12 23:11:00,49.86672560113154
2025-06-12 16:16:00,38.5
2025-06-12 18:09:00,50.6
2025-06-12 09:41:00,37.3
2025-06-12 10:28:00,49.86672560113154
2025-06-12 21:19:00,9.3
2025-06-12 15:42:00,2.9
2025-06-12 04:18:00,4.4
2025-06-12 23:41:00,17.2
2025-06-12 00:32:00,36.8
2025-06-12 11:14:00,6.7
2025-06-12 16:01:00,57.0
2025-06-12 08:43:00,10.5
2025-06-12 01:04:00,0.9
2025-06-12 13:09:00,12.4
2025-06-12 00:51:00,14.9
2025-06-12 03:01:00,61.2
2025-06-12 13:26:00,52.0
2025-06-12 19:04:00,15.3
2025-06-12 18:46:00,45.0
2025-06-12 05:13:00,51.4
2025-06-12 23:58:00,50.8
2025-06-12 17:57:00,77.4
2025-06-12 07:30:00,49.86672560113154
2025-06-12 20:18:00,49.86672560113154
2025-06-12 16:09:00,14.2
2025-06-12 13:15:00,81.5
2025-06-12 11:06:00,77.6
2025-06-12 22:25:00,88.5
2025-06-12 11:13:00,47.7
2025-06-12 18:11:00,18.0
2025-06-12 23:22:00,88.3
2025-06-12 00:18:00,98.4
2025-06-12 12:44:00,83.8
2025-06-12 10:13:00,20.3
2025-06-12 17:06:00,25.0
2025-06-12 21:29:00,40.4
2025-06-12 04:05:00,3.9
2025-06-12 21:15:00,81.5
2025-06-12 07:21:00,61.3
2025-06-12 19:51:00,49.86672560113154
2025-06-12 11:42:00,98.6
2025-06-12 02:38:00,57.8
2025-06-12 18:45:00,18.7
2025-06-12 03:56:00,49.4
2025-06-12 23:25:00,99.4
2025-06-12 03:44:00,28.4
2025-06-12 02:52:00,7.1
2025-06-12 05:38:00,82.4
2025-06-12 08:35:00,31.8
2025-06-12 01:14:00,49.86672560113154
2025-06-12 20:10:00,94.0
2025-06-12 04:17:00,19.5
2025-06-12 11:51:00,85.1
2025-06-12 07:27:00,11.6
2025-06-12 13:53:00,24.4
2025-06-12 17:00:00,11.2
2025-06-12 18:12:00,16.8
2025-06-12 01:57:00,75.0
2025-06-12 15:15:00,42.0
2025-06-12 04:19:00,65.1
2025-06-12 10:41:00,70.2
2025-06-12 18:50:00,11.6
2025-06-12 11:09:00,72.9
2025-06-12 21:56:00,57.3
2025-06-12 15:33:00,91.5
2025-06-12 01:54:00,97.5
2025-06-12 13:56:00,31.3
2025-06-12 05:00:00,43.4
2025-06-12 08:32:00,89.6
2025-06-12 08:01:00,65.5
2025-06-12 00:22:00,49.86672560113154
2025-06-12 23:53:00,97.9
2025-06-12 20:38:00,18.7
2025-06-12 16:25:00,99.0
2025-06-12 01:00:00,49.86672560113154
2025-06-12 14:20:00,47.1
2025-06-12 16:55:00,59.4
2025-06-12 01:28:00,92.3
2025-06-12 11:34:00,63.5
2025-06-12 07:26:00,92.9
2025-06-12 18:49:00,49.86672560113154
2025-06-12 12:53:00,53.9
2025-06-12 15:58:00,77.5
2025-06-12 05:06:00,56.3
2025-06-12 14:19:00,25.4
2025-06-12 16:49:00,30.7
2025-06-12 08:44:00,85.5
2025-06-12 22:43:00,67.9
2025-06-12 02:39:00,92.7
2025-06-12 15:11:00,61.8
2025-06-12 18:43:00,44.4
2025-06-12 12:36:00,63.7
2025-06-12 01:59:00,72.5
2025-06-12 01:39:00,25.7
2025-06-12 07:06:00,71.8
2025-06-12 12:42:00,60.3
2025-06-12 10:07:00,40.8
2025-06-12 00:55:00,49.86672560113154
2025-06-12 13:35:00,73.0
2025-06-12 04:47:00,82.1
2025-06-12 05:25:00,89.0
2025-06-12 07:16:00,22.6
2025-06-12 20:47:00,37.8
2025-06-12 21:38:00,46.9
2025-06-12 08:34:00,36.0
2025-06-12 10:10:00,77.3
2025-06-12 18:44:00,52.7
2025-06-12 05:04:00,14.4
2025-06-12 04:30:00,33.9
2025-06-12 01:44:00,49.86672560113154
2025-06-12 09:35:00,19.5
2025-06-12 12:43:00,11.3
2025-06-12 22:31:00,49.86672560113154
2025-06-12 22:14:00,8.8
2025-06-12 14:41:00,49.86672560113154
2025-06-12 10:23:00,44.6
2025-06-12 20:35:00,50.9
2025-06-12 13:27:00,64.7
2025-06-12 07:31:00,77.8
2025-06-12 05:51:00,40.2
2025-06-12 06:39:00,49.86672560113154
2025-06-12 05:02:00,98.3
2025-06-12 14:53:00,7.8
2025-06-12 01:22:00,47.3
2025-06-12 09:33:00,20.2
2025-06-12 18:22:00,14.5
2025-06-12 09:13:00,59.3
2025-06-12 05:40:00,81.5
2025-06-12 17:26:00,63.6
2025-06-12 03:26:00,0.3
2025-06-12 19:06:00,53.5
2025-06-12 04:36:00,31.7
2025-06-12 03:29:00,49.86672560113154
2025-06-12 19:02:00,49.86672560113154
2025-06-12 01:37:00,1.5
2025-06-12 01:27:00,76.6
2025-06-12 23:32:00,43.0
2025-06-12 06:14:00,18.1
2025-06-12 17:23:00,49.86672560113154
2025-06-12 01:07:00,95.1
2025-06-12 20:24:00,49.86672560113154
2025-06-12 08:36:00,57.1
2025-06-12 12:50:00,49.86672560113154
2025-06-12 14:04:00,9.1
2025-06-12 16:24:00,49.86672560113154
2025-06-12 20:00:00,43.2
2025-06-12 03:06:00,87.6
2025-06-12 11:00:00,15.6
2025-06-12 18:59:00,13.5
2025-06-12 05:49:00,91.1
2025-06-12 20:37:00,49.86672560113154
2025-06-12 20:05:00,32.6
2025-06-12 19:49:00,18.1
2025-06-12 10:15:00,92.4
2025-06-12 14:54:00,13.4
2025-06-12 04:09:00,6.6
2025-06-12 09:08:00,15.0
2025-06-12 13:28:00,76.6
2025-06-12 14:13:00,29.5
2025-06-12 23:45:00,91.1
2025-06-12 05:53:00,52.1
2025-06-12 01:25:00,9.2
2025-06-12 06:04:00,41.6
2025-06-12 06:21:00,81.0
2025-06-12 17:24:00,62.4
2025-06-12 10:29:00,49.2
2025-06-12 06:29:00,76.6
2025-06-12 16:04:00,37.1
2025-06-12 16:02:00,92.0
2025-06-12 08:17:00,73.9
2025-06-12 01:05:00,64.8
2025-06-12 10:01:00,64.4
2025-06-12 06:01:00,49.86672560113154
2025-06-12 00:34:00,11.1
2025-06-12 11:16:00,49.86672560113154
2025-06-12 05:27:00,69.7
2025-06-12 18:31:00,11.2
2025-06-12 07:54:00,37.4
2025-06-12 00:59:00,40.5
2025-06-12 09:14:00,25.8
2025-06-12 21:04:00,49.86672560113154
2025-06-12 15:21:00,57.2
2025-06-12 13:02:00,11.6
2025-06-12 11:55:00,70.1
2025-06-12 18:29:00,18.1
2025-06-12 04:31:00,9.2
2025-06-12 03:47:00,28.5
2025-06-12 07:44:00,49.86672560113154
2025-06-12 23:55:00,42.6
2025-06-12 07:57:00,49.86672560113154
2025-06-12 00:07:00,31.2
2025-06-12 23:08:00,11.8
2025-06-12 10:33:00,71.4
2025-06-12 18:03:00,21.2
2025-06-12 21:30:00,56.1
2025-06-12 05:34:00,49.86672560113154
2025-06-12 12:37:00,49.86672560113154
2025-06-12 03:48:00,2.0
2025-06-12 23:51:00,42.9
2025-06-12 17:48:00,2.7
2025-06-12 08:15:00,66.1
2025-06-12 06:52:00,60.6
2025-06-12 19:37:00,21.0
2025-06-12 16:26:00,31.3
2025-06-12 00:37:00,41.3
2025-06-12 19:31:00,65.1
2025-06-12 12:48:00,50.613932505273034
2025-06-12 07:08:00,0.8
2025-06-12 10:33:00,92.6
2025-06-12 18:20:00,97.6
2025-06-12 03:01:00,41.4
2025-06-12 19:01:00,66.2
2025-06-12 04:56:00,93.5
2025-06-12 11:53:00,85.9
2025-06-12 13:54:00,32.2
2025-06-12 01:54:00,75.3
2025-06-12 05:52:00,57.2
2025-06-12 06:56:00,88.1
2025-06-12 22:06:00,5.1
2025-06-12 06:38:00,82.3
2025-06-12 13:28:00,5.5
2025-06-12 20:35:00,89.3
2025-06-12 13:51:00,50.613932505273034
2025-06-12 11:21:00,68.4
2025-06-12 22:16:00,50.613932505273034
2025-06-12 01:12:00,16.2
2025-06-12 17:04:00,41.4
2025-06-12 01:13:00,3.4
2025-06-12 21:15:00,50.613932505273034
2025-06-12 14:23:00,47.7
2025-06-12 13:50:00,4.6
2025-06-12 06:57:00,1.3
2025-06-12 17:12:00,68.7
2025-06-12 06:12:00,50.613932505273034
2025-06-12 11:13:00,89.9
2025-06-12 16:45:00,96.9
2025-06-12 21:44:00,69.5
2025-06-12 18:00:00,96.7
2025-06-12 12:36:00,50.613932505273034
2025-06-12 19:27:00,39.2
2025-06-12 02:04:00,0.4
2025-06-12 05:41:00,39.0
2025-06-12 13:22:00,13.2
2025-06-12 08:44:00,44.2
2025-06-12 03:28:00,18.5
2025-06-12 00:34:00,27.2
2025-06-12 15:52:00,61.5
2025-06-12 15:05:00,59.4
2025-06-12 02:55:00,17.6
2025-06-12 03:38:00,14.7
2025-06-12 09:26:00,49.1
2025-06-12 11:14:00,36.7
2025-06-12 05:56:00,62.3
2025-06-12 17:05:00,54.6
2025-06-12 13:00:00,19.7
2025-06-12 17:50:00,91.7
2025-06-12 10:55:00,18.8
2025-06-12 09:21:00,87.1
2025-06-12 23:26:00,39.0
2025-06-12 13:35:00,43.8
2025-06-12 11:45:00,0.4
2025-06-12 04:45:00,50.613932505273034
2025-06-12 13:42:00,50.613932505273034
2025-06-12 01:57:00,99.6
2025-06-12 21:09:00,59.7
2025-06-12 14:27:00,32.2
2025-06-12 14:49:00,50.613932505273034
2025-06-12 14:04:00,94.6
2025-06-12 07:10:00,52.1
2025-06-12 00:32:00,77.0
2025-06-12 07:16:00,70.5
2025-06-12 02:43:00,2.8
2025-06-12 13:56:00,47.0
2025-06-12 15:54:00,75.4
2025-06-12 23:53:00,76.7
2025-06-12 11:52:00,47.3
2025-06-12 07:20:00,94.2
2025-06-12 14:19:00,14.8
2025-06-12 09:09:00,7.2
2025-06-12 09:41:00,6.0
2025-06-12 15:23:00,68.7
2025-06-12 14:29:00,7.4
2025-06-12 13:32:00,4.1
2025-06-12 12:32:00,27.2
2025-06-12 15:59:00,82.8
2025-06-12 06:34:00,68.3
2025-06-12 17:02:00,39.6
2025-06-12 18:22:00,10.6
2025-06-12 11:42:00,56.4
2025-06-12 01:02:00,59.7
2025-06-12 15:51:00,50.613932505273034
2025-06-12 06:24:00,5.6
2025-06-12 06:01:00,42.1
2025-06-12 21:01:00,17.8
2025-06-12 02:10:00,60.8
2025-06-12 14:38:00,50.613932505273034
2025-06-12 03:33:00,88.0
2025-06-12 17:20:00,67.5
2025-06-12 22:02:00,28.9
2025-06-12 18:23:00,95.7
2025-06-12 06:49:00,32.0
2025-06-12 06:11:00,50.613932505273034
2025-06-12 03:21:00,13.6
2025-06-12 00:58:00,26.8
2025-06-12 14:42:00,24.5
2025-06-12 12:18:00,31.8
2025-06-12 18:33:00,13.9
2025-06-12 11:15:00,35.8
2025-06-12 16:39:00,64.2
2025-06-12 03:34:00,44.5
2025-06-12 14:20:00,9.4
2025-06-12 05:39:00,46.4
2025-06-12 05:54:00,93.7
2025-06-12 08:16:00,44.6
2025-06-12 08:30:00,85.4
2025-06-12 00:12:00,50.613932505273034
2025-06-12 10:13:00,89.9
2025-06-12 07:31:00,52.8
2025-06-12 04:34:00,15.0
2025-06-12 09:37:00,38.6
2025-06-12 18:07:00,45.7
2025-06-12 20:57:00,81.9
2025-06-12 09:17:00,39.9
2025-06-12 08:10:00,2.6
2025-06-12 21:18:00,72.6
2025-06-12 18:42:00,64.1
2025-06-12 01:00:00,78.3
2025-06-12 03:48:00,33.6
2025-06-12 13:02:00,36.9
2025-06-12 12:00:00,51.7
2025-06-12 11:31:00,18.5
2025-06-12 23:15:00,42.6
2025-06-12 18:28:00,25.8
2025-06-12 20:19:00,50.613932505273034
2025-06-12 13:07:00,94.4
2025-06-12 04:41:00,97.3
2025-06-12 09:18:00,91.0
2025-06-12 19:33:00,50.613932505273034
2025-06-12 05:19:00,31.0
2025-06-12 00:01:00,2.0
2025-06-12 05:47:00,42.2
2025-06-12 14:41:00,10.8
2025-06-12 19:16:00,50.613932505273034
2025-06-12 23:42:00,35.5
2025-06-12 06:10:00,28.1
2025-06-12 15:32:00,50.613932505273034
2025-06-12 03:07:00,20.7
2025-06-12 22:32:00,34.5
2025-06-12 08:03:00,50.613932505273034
2025-06-12 10:35:00,25.8
2025-06-12 18:25:00,50.613932505273034
2025-06-12 15:34:00,50.613932505273034
2025-06-12 05:18:00,50.613932505273034
2025-06-12 20:37:00,85.0
2025-06-12 12:11:00,50.613932505273034
2025-06-12 18:43:00,50.613932505273034
2025-06-12 19:36:00,50.613932505273034
2025-06-12 02:01:00,18.8
2025-06-12 13:44:00,50.613932505273034
2025-06-12 22:35:00,42.0
2025-06-12 12:08:00,54.9
2025-06-12 22:10:00,57.3
2025-06-12 12:54:00,54.7
2025-06-12 05:25:00,80.7
2025-06-12 15:08:00,75.3
2025-06-12 15:49:00,53.9
2025-06-12 09:07:00,99.8
2025-06-12 19:54:00,47.4
2025-06-12 04:16:00,39.6
2025-06-12 01:42:00,74.0
2025-06-12 06:28:00,89.8
2025-06-12 22:15:00,5.3
2025-06-12 13:33:00,83.8
2025-06-12 22:24:00,50.9
2025-06-12 23:41:00,41.7
2025-06-12 11:06:00,28.0
2025-06-12 04:39:00,50.613932505273034
2025-06-12 22:12:00,52.7
2025-06-12 06:42:00,23.9
2025-06-12 01:15:00,96.6
2025-06-12 19:18:00,24.7
2025-06-12 00:05:00,87.8
2025-06-12 16:05:00,32.3
2025-06-12 23:22:00,50.5
2025-06-12 02:40:00,81.1
2025-06-12 23:30:00,50.613932505273034
2025-06-12 19:30:00,37.2
2025-06-12 00:41:00,52.3
2025-06-12 01:22:00,4.1
2025-06-12 20:48:00,50.613932505273034
2025-06-12 06:58:00,44.1
2025-06-12 08:51:00,5.4
2025-06-12 10:20:00,50.613932505273034
2025-06-12 04:01:00,72.4
2025-06-12 05:22:00,4.7
2025-06-12 06:45:00,41.7
2025-06-12 14:57:00,28.7
2025-06-12 20:46:00,3.1
2025-06-12 22:31:00,50.613932505273034
2025-06-12 04:04:00,85.3
2025-06-12 04:21:00,98.9
2025-06-12 12:01:00,50.613932505273034
2025-06-12 20:54:00,68.8
2025-06-12 16:38:00,16.6
2025-06-12 12:55:00,50.613932505273034
2025-06-12 16:17:00,42.7
2025-06-12 13:17:00,50.613932505273034
2025-06-12 17:56:00,72.9
2025-06-12 11:16:00,93.4
2025-06-12 23:48:00,64.6
2025-06-12 19:50:00,87.4
2025-06-12 14:30:00,63.2
2025-06-12 14:50:00,20.4
2025-06-12 03:31:00,56.3
2025-06-12 02:16:00,50.613932505273034
2025-06-12 19:44:00,68.7
2025-06-12 19:53:00,60.7
2025-06-12 22:34:00,89.2
2025-06-12 11:29:00,50.613932505273034
2025-06-12 03:54:00,1.3
2025-06-12 17:08:00,19.9
2025-06-12 00:06:00,44.6
2025-06-12 09:31:00,83.1
2025-06-12 23:02:00,85.8
2025-06-12 22:01:00,89.4
2025-06-12 17:03:00,82.5
2025-06-12 00:57:00,23.1
2025-06-12 01:48:00,99.7
2025-06-12 08:06:00,10.6
2025-06-12 07:46:00,13.3
2025-06-12 00:47:00,19.7
2025-06-12 02:29:00,58.7
2025-06-12 08:20:00,50.613932505273034
2025-06-12 01:16:00,50.613932505273034
2025-06-12 21:02:00,93.5
2025-06-12 22:07:00,50.613932505273034
2025-06-12 18:04:00,99.1
2025-06-12 23:06:00,64.3
2025-06-12 02:32:00,24.6
2025-06-12 14:37:00,41.2
2025-06-12 09:53:00,78.6
2025-06-12 04:48:00,68.3
2025-06-12 04:07:00,36.7
2025-06-12 16:41:00,70.1
2025-06-12 19:24:00,34.0
2025-06-12 20:05:00,80.9
2025-06-12 12:39:00,47.8
2025-06-12 01:14:00,95.0
2025-06-12 05:38:00,37.4
2025-06-12 20:01:00,50.613932505273034
2025-06-12 11:54:00,25.0
2025-06-12 21:34:00,59.7
2025-06-12 16:58:00,9.8
2025-06-12 09:03:00,98.9
2025-06-12 07:30:00,50.613932505273034
2025-06-12 12:42:00,58.7
2025-06-12 16:54:00,66.9
2025-06-12 08:18:00,88.1
2025-06-12 03:05:00,11.9
2025-06-12 00:38:00,19.2
2025-06-12 05:24:00,94.3
2025-06-12 21:51:00,8.0
2025-06-12 23:13:00,59.0
2025-06-12 00:30:00,50.613932505273034
2025-06-12 22:00:00,34.2
2025-06-12 02:54:00,59.3
2025-06-12 21:04:00,4.1
2025-06-12 10:47:00,83.0
2025-06-12 21:52:00,63.2
2025-06-12 09:12:00,52.0
2025-06-12 03:45:00,44.6
2025-06-12 04:14:00,79.6
2025-06-12 18:29:00,12.0
2025-06-12 09:40:00,89.9
2025-06-12 07:09:00,28.2
2025-06-12 20:47:00,61.2
2025-06-12 02:22:00,45.8
2025-06-12 03:04:00,87.1
2025-06-12 15:02:00,53.6
2025-06-12 10:32:00,29.5
2025-06-12 01:32:00,73.1
2025-06-12 12:50:00,50.613932505273034
2025-06-12 15:17:00,23.2
2025-06-12 11:40:00,50.613932505273034
2025-06-12 15:56:00,71.6
2025-06-12 05:04:00,9.7
2025-06-12 07:34:00,50.3
2025-06-12 21:12:00,28.8
2025-06-12 22:47:00,50.613932505273034
2025-06-12 20:10:00,18.1
2025-06-12 17:41:00,37.3
2025-06-12 06:43:00,87.4
2025-06-12 03:51:00,36.7
2025-06-12 09:06:00,98.4
2025-06-12 16:06:00,34.4
2025-06-12 08:07:00,33.9
2025-06-12 22:03:00,30.5
2025-06-12 17:18:00,24.6
2025-06-12 20:44:00,37.0
2025-06-12 07:56:00,56.7
2025-06-12 03:43:00,39.0
2025-06-12 10:57:00,50.613932505273034
2025-06-12 13:52:00,35.1
2025-06-12 18:47:00,79.1
2025-06-12 04:25:00,90.9
2025-06-12 23:20:00,77.1
2025-06-12 01:17:00,56.9
2025-06-12 22:56:00,81.4
2025-06-12 08:39:00,88.5
2025-06-12 15:24:00,12.3
2025-06-12 18:31:00,41.3
2025-06-12 11:26:00,0.9
2025-06-12 05:07:00,5.1
2025-06-12 08:41:00,18.0
2025-06-12 10:25:00,96.3
2025-06-12 16:40:00,39.7
2025-06-12 07:10:00,35.8
2025-06-12 21:59:00,52.6
2025-06-12 16:09:00,50.17195767195767
2025-06-12 01:36:00,18.6
2025-06-12 16:31:00,13.0
2025-06-12 14:24:00,18.5
2025-06-12 15:01:00,49.0
2025-06-12 10:18:00,14.9
2025-06-12 12:15:00,45.6
2025-06-12 19:25:00,41.4
2025-06-12 04:39:00,33.3
2025-06-12 16:12:00,50.17195767195767
2025-06-12 12:05:00,2.6
2025-06-12 14:54:00,67.5
2025-06-12 16:30:00,83.6
2025-06-12 05:00:00,30.2
2025-06-12 06:15:00,23.3
2025-06-12 01:54:00,71.2
2025-06-12 05:13:00,11.2
2025-06-12 16:25:00,50.17195767195767
2025-06-12 05:42:00,76.5
2025-06-12 04:45:00,57.4
2025-06-12 17:49:00,50.4
2025-06-12 07:29:00,0.1
2025-06-12 05:44:00,6.2
2025-06-12 10:45:00,76.3
2025-06-12 09:03:00,4.3
2025-06-12 07:48:00,50.17195767195767
2025-06-12 07:51:00,86.9
2025-06-12 12:14:00,50.17195767195767
2025-06-12 13:44:00,50.17195767195767
2025-06-12 19:57:00,42.5
2025-06-12 07:19:00,50.17195767195767
2025-06-12 06:20:00,44.9
2025-06-12 14:15:00,36.2
2025-06-12 13:00:00,54.9
2025-06-12 11:54:00,59.1
2025-06-12 08:30:00,50.17195767195767
2025-06-12 00:40:00,62.7
2025-06-12 13:04:00,47.8
2025-06-12 15:33:00,50.17195767195767
2025-06-12 15:17:00,55.1
2025-06-12 13:36:00,34.4
2025-06-12 03:48:00,68.6
2025-06-12 15:53:00,62.0
2025-06-12 07:38:00,93.1
2025-06-12 01:30:00,3.3
2025-06-12 11:10:00,67.9
2025-06-12 02:49:00,50.17195767195767
2025-06-12 16:00:00,65.0
2025-06-12 06:56:00,25.7
2025-06-12 19:33:00,24.7
2025-06-12 00:26:00,49.7
2025-06-12 16:54:00,67.0
2025-06-12 18:11:00,59.1
2025-06-12 21:20:00,67.2
2025-06-12 01:31:00,31.2
2025-06-12 08:55:00,58.4
2025-06-12 14:31:00,4.2
2025-06-12 03:30:00,50.17195767195767
2025-06-12 21:51:00,50.17195767195767
2025-06-12 10:06:00,46.9
2025-06-12 01:09:00,90.9
2025-06-12 06:44:00,42.8
2025-06-12 06:35:00,63.5
2025-06-12 03:20:00,28.1
2025-06-12 06:30:00,50.17195767195767
2025-06-12 19:56:00,6.5
2025-06-12 12:12:00,81.9
2025-06-12 16:01:00,50.17195767195767
2025-06-12 04:55:00,25.7
2025-06-12 13:10:00,97.5
2025-06-12 04:50:00,29.7
2025-06-12 06:18:00,30.3
2025-06-12 19:47:00,50.17195767195767
2025-06-12 03:47:00,50.17195767195767
2025-06-12 21:42:00,40.8
2025-06-12 15:14:00,53.6
2025-06-12 01:11:00,89.1
2025-06-12 07:30:00,82.6
2025-06-12 05:26:00,28.5
2025-06-12 00:10:00,50.17195767195767
2025-06-12 22:18:00,62.9
2025-06-12 03:39:00,18.4
2025-06-12 10:56:00,19.7
2025-06-12 22:39:00,50.17195767195767
2025-06-12 15:16:00,13.7
2025-06-12 07:07:00,50.17195767195767
2025-06-12 05:17:00,96.3
2025-06-12 22:30:00,50.17195767195767
2025-06-12 20:27:00,61.1
2025-06-12 23:18:00,37.3
2025-06-12 08:11:00,62.6
2025-06-12 02:35:00,50.17195767195767
2025-06-12 17:16:00,68.8
2025-06-12 13:57:00,50.7
2025-06-12 13:01:00,63.0
2025-06-12 18:48:00,56.6
2025-06-12 13:37:00,76.4
2025-06-12 21:33:00,67.9
2025-06-12 01:16:00,77.6
2025-06-12 08:07:00,32.5
2025-06-12 23:33:00,50.17195767195767
2025-06-12 13:55:00,31.6
2025-06-12 14:21:00,57.0
2025-06-12 07:35:00,72.0
2025-06-12 07:50:00,82.1
2025-06-12 08:35:00,97.7
2025-06-12 08:26:00,50.17195767195767
2025-06-12 19:01:00,46.6
2025-06-12 14:20:00,20.6
2025-06-12 02:21:00,47.8
2025-06-12 10:36:00,21.5
2025-06-12 00:56:00,7.2
2025-06-12 10:32:00,81.4
2025-06-12 05:45:00,50.17195767195767
2025-06-12 03:32:00,90.3
2025-06-12 21:10:00,38.4
2025-06-12 10:24:00,50.17195767195767
2025-06-12 06:55:00,50.17195767195767
2025-06-12 13:39:00,34.2
2025-06-12 04:14:00,50.17195767195767
2025-06-12 00:39:00,22.3
2025-06-12 20:49:00,90.8
2025-06-12 12:42:00,5.9
2025-06-12 11:49:00,73.6
2025-06-12 04:26:00,50.17195767195767
2025-06-12 23:51:00,25.3
2025-06-12 09:31:00,30.3
2025-06-12 04:31:00,90.9
2025-06-12 07:37:00,12.4
2025-06-12 02:01:00,50.17195767195767
2025-06-12 13:07:00,86.2
2025-06-12 14:58:00,19.6
2025-06-12 01:34:00,86.1
2025-06-12 11:46:00,84.8
2025-06-12 11:24:00,50.17195767195767
2025-06-12 04:29:00,16.0
2025-06-12 03:46:00,55.9
2025-06-12 07:04:00,76.9
2025-06-12 11:02:00,25.7
2025-06-12 10:03:00,50.17195767195767
2025-06-12 13:49:00,50.17195767195767
2025-06-12 06:16:00,48.7
2025-06-12 17:18:00,8.9
2025-06-12 11:11:00,77.7
2025-06-12 16:08:00,8.0
2025-06-12 03:55:00,50.17195767195767
2025-06-12 02:07:00,17.9
2025-06-12 20:00:00,86.9
2025-06-12 04:19:00,76.3
2025-06-12 01:50:00,46.1
2025-06-12 03:27:00,82.5
2025-06-12 02:57:00,45.5
2025-06-12 03:08:00,69.8
2025-06-12 04:40:00,35.7
2025-06-12 19:14:00,60.5
2025-06-12 11:15:00,50.17195767195767
2025-06-12 09:36:00,50.17195767195767
2025-06-12 03:25:00,6.3
2025-06-12 16:52:00,50.17195767195767
2025-06-12 16:36:00,10.7
2025-06-12 04:01:00,74.3
2025-06-12 04:47:00,32.2
2025-06-12 14:52:00,50.17195767195767
2025-06-12 08:47:00,76.1
2025-06-12 00:29:00,43.6
2025-06-12 12:06:00,89.1
2025-06-12 16:28:00,40.4
2025-06-12 04:04:00,21.6
2025-06-12 15:58:00,62.1
2025-06-12 02:14:00,50.17195767195767
2025-06-12 23:00:00,91.2
2025-06-12 18:28:00,24.9
2025-06-12 21:15:00,48.6
2025-06-12 05:29:00,49.7
2025-06-12 17:50:00,77.7
2025-06-12 07:41:00,29.2
2025-06-12 12:49:00,92.9
2025-06-12 11:42:00,56.8
2025-06-12 16:06:00,9.6
2025-06-12 14:23:00,50.17195767195767
2025-06-12 21:50:00,12.3
2025-06-12 06:52:00,87.1
2025-06-12 11:34:00,25.9
2025-06-12 10:04:00,54.0
2025-06-12 07:25:00,21.5
2025-06-12 03:49:00,57.0
2025-06-12 02:15:00,50.17195767195767
2025-06-12 23:59:00,46.0
2025-06-12 18:51:00,80.3
2025-06-12 19:53:00,31.4
2025-06-12 06:47:00,62.5
2025-06-12 18:04:00,42.0
2025-06-12 10:58:00,81.9
2025-06-12 13:46:00,3.1
2025-06-12 23:34:00,62.7
2025-06-12 21:43:00,50.17195767195767
2025-06-12 16:21:00,90.6
2025-06-12 01:32:00,67.4
2025-06-12 19:37:00,34.3
2025-06-12 18:41:00,83.4
2025-06-12 16:04:00,48.4
2025-06-12 02:58:00,67.9
2025-06-12 07:13:00,15.9
2025-06-12 21:11:00,11.5
2025-06-12 09:09:00,52.4
2025-06-12 03:21:00,56.3
2025-06-12 17:30:00,15.3
2025-06-12 09:29:00,19.3
2025-06-12 04:32:00,50.17195767195767
2025-06-12 11:18:00,73.5
2025-06-12 15:26:00,86.2
2025-06-12 12:55:00,44.7
2025-06-12 05:14:00,42.0
2025-06-12 10:01:00,68.2
2025-06-12 14:56:00,32.6
2025-06-12 06:53:00,31.4
2025-06-12 17:21:00,69.8
2025-06-12 06:12:00,12.1
2025-06-12 21:52:00,60.3
2025-06-12 12:32:00,77.0
2025-06-12 03:02:00,50.17195767195767
2025-06-12 18:50:00,18.3
2025-06-12 19:41:00,68.8
2025-06-12 09:39:00,71.1
2025-06-12 04:27:00,30.5
2025-06-12 09:40:00,56.1
2025-06-12 18:13:00,13.1
2025-06-12 18:01:00,77.2
2025-06-12 07:17:00,40.0
2025-06-12 20:52:00,32.5
2025-06-12 22:46:00,76.1
2025-06-12 08:34:00,50.17195767195767
2025-06-12 18:33:00,59.1
2025-06-12 20:02:00,10.8
2025-06-12 03:53:00,83.1
2025-06-12 01:20:00,23.5
2025-06-12 14:59:00,30.0
2025-06-12 07:58:00,62.6
2025-06-12 03:28:00,66.4
2025-06-12 08:44:00,58.7
2025-06-12 15:13:00,22.6
2025-06-12 06:01:00,3.5
2025-06-12 22:01:00,70.1
2025-06-12 10:21:00,16.3
2025-06-12 16:55:00,56.2
2025-06-12 23:36:00,69.6
2025-06-12 21:08:00,50.17195767195767
2025-06-12 21:55:00,51.4
2025-06-12 17:00:00,91.1
2025-06-12 05:56:00,50.3
2025-06-12 12:34:00,25.2
2025-06-12 01:06:00,90.9
2025-06-12 22:36:00,99.4
2025-06-12 10:10:00,90.3
2025-06-12 20:36:00,1.7
2025-06-12 20:08:00,9.3
2025-06-12 03:59:00,48.5
2025-06-12 10:44:00,56.8
2025-06-12 09:25:00,6.5
2025-06-12 21:36:00,68.8
2025-06-12 23:32:00,49.2
2025-06-12 13:09:00,74.5
2025-06-12 09:06:00,30.6
2025-06-12 19:34:00,28.1
2025-06-12 18:12:00,50.17195767195767
2025-06-12 23:40:00,61.4
2025-06-12 21:02:00,68.4
2025-06-12 21:03:00,71.1
2025-06-12 22:00:00,47.4
2025-06-12 06:22:00,31.8
2025-06-12 09:37:00,19.7
2025-06-12 10:57:00,50.17195767195767
2025-06-12 14:06:00,21.5
2025-06-12 10:55:00,84.6
2025-06-12 03:15:00,18.0
2025-06-12 09:14:00,91.7
2025-06-12 07:34:00,50.8
2025-06-12 21:39:00,26.6
2025-06-12 03:34:00,81.5
2025-06-12 12:08:00,32.3
2025-06-12 00:38:00,88.9
2025-06-12 07:44:00,18.7
2025-06-12 12:41:00,46.4
2025-06-12 06:14:00,96.8
2025-06-12 22:42:00,95.4
2025-06-12 23:13:00,56.7
2025-06-12 20:33:00,54.7
2025-06-12 20:11:00,12.8
2025-06-12 03:11:00,45.2
2025-06-12 02:19:00,87.6
2025-06-12 02:39:00,33.8
2025-06-12 03:52:00,84.4
2025-06-12 14:45:00,65.0
2025-06-12 14:03:00,41.7
2025-06-12 15:35:00,72.0
2025-06-12 11:40:00,60.2
2025-06-12 05:51:00,20.7
2025-06-12 19:30:00,90.0
2025-06-12 16:53:00,14.1
2025-06-12 20:43:00,49.69252501471454
2025-06-12 13:25:00,37.8
2025-06-12 11:30:00,49.69252501471454
2025-06-12 10:18:00,31.4
2025-06-12 22:10:00,81.6
2025-06-12 10:31:00,28.2
2025-06-12 23:09:00,30.2
2025-06-12 14:07:00,60.4
2025-06-12 15:22:00,70.6
2025-06-12 18:36:00,17.8
2025-06-12 18:43:00,26.7
2025-06-12 16:34:00,85.5
2025-06-12 14:22:00,95.2
2025-06-12 23:25:00,68.4
2025-06-12 06:27:00,24.6
2025-06-12 21:01:00,49.69252501471454
2025-06-12 00:08:00,14.5
2025-06-12 10:29:00,2.5
2025-06-12 09:58:00,25.4
2025-06-12 17:07:00,49.69252501471454
2025-06-12 03:01:00,34.7
2025-06-12 02:27:00,61.3
2025-06-12 19:53:00,93.1
2025-06-12 15:26:00,90.6
2025-06-12 23:27:00,44.2
2025-06-12 06:28:00,49.69252501471454
2025-06-12 12:32:00,49.69252501471454
2025-06-12 09:31:00,71.2
2025-06-12 04:19:00,97.9
2025-06-12 07:27:00,68.3
2025-06-12 07:31:00,4.2
2025-06-12 12:18:00,49.69252501471454
2025-06-12 08:40:00,17.2
2025-06-12 18:31:00,94.4
2025-06-12 01:26:00,89.1
2025-06-12 18:30:00,33.4
2025-06-12 17:04:00,49.69252501471454
2025-06-12 19:27:00,89.1
2025-06-12 13:59:00,73.9
2025-06-12 13:18:00,90.0
2025-06-12 22:12:00,84.1
2025-06-12 23:16:00,75.3
2025-06-12 03:23:00,56.1
2025-06-12 21:39:00,65.3
2025-06-12 05:25:00,37.8
2025-06-12 05:44:00,56.0
2025-06-12 22:29:00,63.3
2025-06-12 22:25:00,57.9
2025-06-12 04:43:00,83.2
2025-06-12 02:00:00,47.7
2025-06-12 16:08:00,97.2
2025-06-12 14:51:00,49.69252501471454
2025-06-12 19:44:00,9.6
2025-06-12 08:04:00,20.1
2025-06-12 02:17:00,49.69252501471454
2025-06-12 04:03:00,79.7
2025-06-12 22:20:00,26.4
2025-06-12 21:12:00,48.6
2025-06-12 18:18:00,7.4
2025-06-12 09:42:00,49.69252501471454
2025-06-12 22:56:00,42.9
2025-06-12 15:52:00,18.9
2025-06-12 09:33:00,73.1
2025-06-12 16:31:00,90.8
2025-06-12 10:37:00,73.7
2025-06-12 23:20:00,37.9
2025-06-12 00:10:00,5.7
2025-06-12 06:12:00,49.69252501471454
2025-06-12 21:42:00,71.0
2025-06-12 20:30:00,32.6
2025-06-12 08:31:00,2.7
2025-06-12 10:00:00,49.69252501471454
2025-06-12 13:29:00,4.2
2025-06-12 17:47:00,21.8
2025-06-12 20:47:00,49.69252501471454
2025-06-12 14:52:00,25.9
2025-06-12 12:23:00,42.5
2025-06-12 23:59:00,33.7
2025-06-12 21:24:00,49.69252501471454
2025-06-12 14:11:00,17.2
2025-06-12 04:07:00,49.69252501471454
2025-06-12 17:02:00,37.4
2025-06-12 15:51:00,17.6
2025-06-12 05:09:00,82.6
2025-06-12 14:18:00,33.2
2025-06-12 11:38:00,88.1
2025-06-12 02:49:00,35.6
2025-06-12 01:06:00,41.4
2025-06-12 01:17:00,50.3
2025-06-12 01:14:00,29.2
2025-06-12 04:26:00,49.69252501471454
2025-06-12 23:24:00,37.3
2025-06-12 02:53:00,49.69252501471454
2025-06-12 08:32:00,1.5
2025-06-12 03:46:00,49.69252501471454
2025-06-12 20:54:00,67.5
2025-06-12 07:06:00,1.1
2025-06-12 04:40:00,96.2
2025-06-12 16:11:00,49.69252501471454
2025-06-12 17:59:00,78.5
2025-06-12 00:14:00,3.4
2025-06-12 04:53:00,51.5
2025-06-12 08:14:00,81.2
2025-06-12 10:10:00,94.6
2025-06-12 17:00:00,94.6
2025-06-12 22:36:00,41.8
2025-06-12 17:50:00,70.3
2025-06-12 02:46:00,38.0
2025-06-12 22:05:00,38.0
2025-06-12 02:13:00,39.6
2025-06-12 10:33:00,58.5
2025-06-12 14:04:00,48.9
2025-06-12 21:58:00,19.0
2025-06-12 23:29:00,87.5
2025-06-12 21:49:00,35.2
2025-06-12 12:31:00,60.5
2025-06-12 02:26:00,80.5
2025-06-12 13:39:00,49.69252501471454
2025-06-12 04:49:00,8.5
2025-06-12 10:01:00,49.69252501471454
2025-06-12 00:57:00,95.6
2025-06-12 18:05:00,39.8
2025-06-12 13:02:00,74.5
2025-06-12 01:09:00,10.5
2025-06-12 19:39:00,19.7
2025-06-12 00:25:00,49.69252501471454
2025-06-12 01:19:00,67.7
2025-06-12 13:00:00,34.3
2025-06-12 21:51:00,98.3
2025-06-12 07:07:00,60.5
2025-06-12 16:40:00,12.4
2025-06-12 15:42:00,63.2
2025-06-12 03:55:00,88.9
2025-06-12 08:17:00,98.2
2025-06-12 09:44:00,31.6
2025-06-12 18:11:00,92.1
2025-06-12 09:53:00,63.0
2025-06-12 16:00:00,81.5
2025-06-12 05:58:00,56.2
2025-06-12 18:01:00,51.4
2025-06-12 12:40:00,63.1
2025-06-12 22:35:00,7.6
2025-06-12 10:41:00,38.6
2025-06-12 15:01:00,4.6
2025-06-12 23:06:00,7.4
2025-06-12 01:18:00,54.0
2025-06-12 09:20:00,68.8
2025-06-12 07:22:00,13.4
2025-06-12 10:06:00,67.6
2025-06-12 22:31:00,7.5
2025-06-12 02:22:00,61.7
2025-06-12 02:48:00,29.5
2025-06-12 12:10:00,10.9
2025-06-12 01:15:00,49.69252501471454
2025-06-12 11:16:00,95.7
2025-06-12 16:27:00,6.7
2025-06-12 15:09:00,63.2
2025-06-12 20:09:00,14.6
2025-06-12 17:10:00,96.5
2025-06-12 02:56:00,38.7
2025-06-12 13:10:00,42.6
2025-06-12 11:53:00,21.4
2025-06-12 23:11:00,83.5
2025-06-12 19:45:00,49.69252501471454
2025-06-12 07:30:00,43.6
2025-06-12 22:34:00,67.6
2025-06-12 04:01:00,31.4
2025-06-12 12:24:00,53.7
2025-06-12 01:08:00,90.0
2025-06-12 13:34:00,67.6
2025-06-12 04:35:00,69.1
2025-06-12 19:48:00,94.4
2025-06-12 08:39:00,99.0
2025-06-12 16:12:00,29.7
2025-06-12 01:31:00,38.4
2025-06-12 12:37:00,20.1
2025-06-12 09:56:00,75.5
2025-06-12 01:46:00,73.6
2025-06-12 19:14:00,50.3
2025-06-12 12:59:00,68.8
2025-06-12 15:29:00,41.3
2025-06-12 05:38:00,37.9
2025-06-12 09:57:00,43.5
2025-06-12 17:06:00,19.3
2025-06-12 00:26:00,3.9
2025-06-12 13:28:00,6.1
2025-06-12 12:42:00,50.9
2025-06-12 04:31:00,44.7
2025-06-12 18:44:00,22.1
2025-06-12 10:36:00,49.69252501471454
2025-06-12 21:47:00,77.8
2025-06-12 11:19:00,70.5
2025-06-12 23:04:00,49.69252501471454
2025-06-12 19:19:00,49.69252501471454
2025-06-12 18:17:00,58.6
2025-06-12 06:23:00,36.5
2025-06-12 16:16:00,67.6
2025-06-12 04:56:00,85.8
2025-06-12 12:09:00,90.8
2025-06-12 04:57:00,16.0
2025-06-12 15:32:00,49.69252501471454
2025-06-12 00:16:00,5.1
2025-06-12 18:37:00,94.1
2025-06-12 13:46:00,49.69252501471454
2025-06-12 23:33:00,59.3
2025-06-12 16:36:00,63.3
2025-06-12 21:26:00,7.0
2025-06-12 11:17:00,39.3
2025-06-12 22:30:00,42.7
2025-06-12 04:37:00,17.4
2025-06-12 08:46:00,76.6
2025-06-12 05:29:00,79.1
2025-06-12 08:42:00,83.6
2025-06-12 11:21:00,14.9
2025-06-12 23:08:00,71.8
2025-06-12 13:47:00,28.9
2025-06-12 17:03:00,49.69252501471454
2025-06-12 08:02:00,42.0
2025-06-12 18:14:00,36.4
2025-06-12 05:21:00,64.2
2025-06-12 22:47:00,14.3
2025-06-12 16:52:00,55.8
2025-06-12 13:40:00,86.1
2025-06-12 16:41:00,52.0
2025-06-12 17:39:00,84.7
2025-06-12 11:50:00,22.9
2025-06-12 22:40:00,89.4
2025-06-12 22:59:00,49.69252501471454
2025-06-12 02:16:00,72.4
2025-06-12 01:32:00,94.8
2025-06-12 19:49:00,1.9
2025-06-12 05:39:00,92.5
2025-06-12 06:04:00,49.69252501471454
2025-06-12 11:56:00,49.69252501471454
2025-06-12 16:32:00,56.1
2025-06-12 01:48:00,63.3
2025-06-12 06:07:00,48.8
2025-06-12 02:31:00,66.4
2025-06-12 12:49:00,44.4
2025-06-12 18:32:00,65.7
2025-06-12 10:25:00,48.5
2025-06-12 00:20:00,64.3
2025-06-12 03:29:00,51.6
2025-06-12 20:14:00,49.69252501471454
2025-06-12 16:44:00,77.0
2025-06-12 10:35:00,49.69252501471454
2025-06-12 07:20:00,49.69252501471454
2025-06-12 04:59:00,82.3
2025-06-12 19:28:00,49.69252501471454
2025-06-12 18:38:00,77.5
2025-06-12 14:34:00,51.7
2025-06-12 09:49:00,31.6
2025-06-12 23:57:00,10.9
2025-06-12 00:28:00,49.69252501471454
2025-06-12 12:48:00,63.7
2025-06-12 06:14:00,49.69252501471454
2025-06-12 00:03:00,54.5
2025-06-12 10:11:00,84.2
2025-06-12 01:38:00,9.5
2025-06-12 17:18:00,81.8
2025-06-12 21:27:00,87.3
2025-06-12 15:21:00,47.8
2025-06-12 10:52:00,77.3
2025-06-12 13:44:00,68.6
2025-06-12 08:38:00,60.5
2025-06-12 00:06:00,55.1
2025-06-12 06:03:00,90.8
2025-06-12 23:00:00,69.6
2025-06-12 22:09:00,20.7
2025-06-12 19:51:00,82.3
2025-06-12 01:41:00,23.9
2025-06-12 18:06:00,22.6
2025-06-12 12:56:00,30.7
2025-06-12 09:04:00,50.2
2025-06-12 05:05:00,40.9
2025-06-12 16:20:00,58.4
2025-06-12 13:57:00,30.3
2025-06-12 20:16:00,49.69252501471454
2025-06-12 19:05:00,3.5
2025-06-12 04:23:00,3.7
2025-06-12 00:36:00,49.69252501471454
2025-06-12 17:28:00,92.4
2025-06-12 03:33:00,49.69252501471454
2025-06-12 03:17:00,21.9
2025-06-12 05:12:00,90.6
2025-06-12 03:18:00,28.0
2025-06-12 14:43:00,73.8
2025-06-12 06:32:00,1.1
2025-06-12 23:28:00,66.6
2025-06-12 18:03:00,0.7
2025-06-12 18:03:00,96.7
2025-06-12 03:00:00,69.0
2025-06-12 03:21:00,36.0
2025-06-12 02:22:00,2.4
2025-06-12 06:26:00,22.0
2025-06-12 04:57:00,28.5
2025-06-12 09:22:00,3.1
2025-06-12 07:40:00,84.1
2025-06-12 03:01:00,65.2
2025-06-12 21:32:00,18.2
2025-06-12 13:17:00,49.88181818181819
2025-06-12 11:25:00,34.1
2025-06-12 08:47:00,49.88181818181819
2025-06-12 19:25:00,37.7
2025-06-12 04:00:00,58.6
2025-06-12 05:24:00,49.88181818181819
2025-06-12 06:24:00,36.0
2025-06-12 01:02:00,91.7
2025-06-12 00:37:00,45.9
2025-06-12 16:56:00,50.9
2025-06-12 12:59:00,49.88181818181819
2025-06-12 02:06:00,95.3
2025-06-12 05:29:00,49.88181818181819
2025-06-12 05:35:00,99.1
2025-06-12 19:57:00,4.4
2025-06-12 17:15:00,57.3
2025-06-12 18:10:00,93.4
2025-06-12 21:02:00,81.0
2025-06-12 16:09:00,92.0
2025-06-12 17:56:00,49.88181818181819
2025-06-12 19:44:00,47.1
2025-06-12 11:30:00,69.5
2025-06-12 00:13:00,1.5
2025-06-12 04:44:00,4.9
2025-06-12 11:59:00,91.1
2025-06-12 06:44:00,84.3
2025-06-12 08:18:00,49.88181818181819
2025-06-12 20:21:00,71.0
2025-06-12 00:29:00,60.8
2025-06-12 07:14:00,9.7
2025-06-12 18:48:00,98.8
2025-06-12 13:05:00,19.1
2025-06-12 17:53:00,76.9
2025-06-12 04:04:00,45.8
2025-06-12 23:04:00,59.2
2025-06-12 17:43:00,49.88181818181819
2025-06-12 01:28:00,63.0
2025-06-12 01:41:00,28.4
2025-06-12 15:35:00,77.2
2025-06-12 01:30:00,14.9
2025-06-12 15:52:00,49.88181818181819
2025-06-12 08:23:00,49.88181818181819
2025-06-12 13:41:00,89.3
2025-06-12 09:13:00,64.7
2025-06-12 11:23:00,89.9
2025-06-12 21:10:00,36.4
2025-06-12 04:42:00,49.88181818181819
2025-06-12 19:16:00,49.9
2025-06-12 00:41:00,37.4
2025-06-12 06:13:00,44.8
2025-06-12 00:26:00,31.9
2025-06-12 23:38:00,33.9
2025-06-12 01:21:00,49.88181818181819
2025-06-12 17:30:00,32.0
2025-06-12 12:37:00,97.7
2025-06-12 12:29:00,36.4
2025-06-12 12:34:00,49.88181818181819
2025-06-12 11:27:00,63.9
2025-06-12 18:15:00,6.5
2025-06-12 23:53:00,40.2
2025-06-12 18:07:00,68.8
2025-06-12 20:59:00,33.0
2025-06-12 15:07:00,24.7
2025-06-12 21:19:00,46.7
2025-06-12 14:05:00,97.0
2025-06-12 21:00:00,30.2
2025-06-12 04:06:00,85.0
2025-06-12 13:21:00,49.88181818181819
2025-06-12 15:05:00,98.4
2025-06-12 12:36:00,95.3
2025-06-12 14:48:00,23.8
2025-06-12 20:55:00,31.7
2025-06-12 04:56:00,48.9
2025-06-12 20:54:00,67.1
2025-06-12 18:41:00,77.2
2025-06-12 06:51:00,2.2
2025-06-12 22:27:00,41.0
2025-06-12 08:52:00,16.3
2025-06-12 07:26:00,49.88181818181819
2025-06-12 08:25:00,63.8
2025-06-12 09:03:00,53.7
2025-06-12 21:34:00,13.1
2025-06-12 03:36:00,49.88181818181819
2025-06-12 01:04:00,49.88181818181819
2025-06-12 21:01:00,32.8
2025-06-12 18:57:00,8.6
2025-06-12 20:50:00,49.88181818181819
2025-06-12 23:58:00,2.6
2025-06-12 09:12:00,62.7
2025-06-12 03:26:00,33.1
2025-06-12 05:48:00,49.88181818181819
2025-06-12 15:31:00,38.9
2025-06-12 19:14:00,50.0
2025-06-12 21:06:00,49.88181818181819
2025-06-12 17:04:00,24.6
2025-06-12 02:01:00,16.3
2025-06-12 05:41:00,2.3
2025-06-12 07:05:00,63.5
2025-06-12 23:29:00,21.7
2025-06-12 08:48:00,82.7
2025-06-12 18:05:00,19.0
2025-06-12 02:48:00,30.0
2025-06-12 00:08:00,42.4
2025-06-12 02:50:00,56.0
2025-06-12 22:03:00,61.8
2025-06-12 20:18:00,97.0
2025-06-12 05:10:00,97.4
2025-06-12 06:48:00,79.8
2025-06-12 02:49:00,49.88181818181819
2025-06-12 13:30:00,57.9
2025-06-12 08:21:00,13.0
2025-06-12 12:41:00,80.9
2025-06-12 16:39:00,68.9
2025-06-12 04:21:00,49.88181818181819
2025-06-12 23:08:00,55.7
2025-06-12 15:14:00,17.4
2025-06-12 17:21:00,48.1
2025-06-12 16:07:00,4.1
2025-06-12 22:44:00,26.3
2025-06-12 21:53:00,36.4
2025-06-12 05:04:00,72.6
2025-06-12 04:25:00,97.4
2025-06-12 10:59:00,12.7
2025-06-12 17:24:00,96.9
2025-06-12 22:42:00,15.1
2025-06-12 13:59:00,99.1
2025-06-12 07:13:00,42.0
2025-06-12 15:26:00,36.7
2025-06-12 02:25:00,95.7
2025-06-12 09:05:00,86.9
2025-06-12 12:12:00,44.7
2025-06-12 11:40:00,64.4
2025-06-12 09:01:00,50.1
2025-06-12 08:39:00,71.9
2025-06-12 04:07:00,83.4
2025-06-12 03:13:00,33.7
2025-06-12 14:31:00,49.88181818181819
2025-06-12 03:58:00,9.1
2025-06-12 21:55:00,14.6
2025-06-12 08:35:00,71.0
2025-06-12 06:03:00,49.88181818181819
2025-06-12 16:04:00,33.1
2025-06-12 00:20:00,85.9
2025-06-12 14:50:00,88.0
2025-06-12 23:21:00,0.6
2025-06-12 12:42:00,63.6
2025-06-12 00:36:00,31.7
2025-06-12 02:51:00,15.0
2025-06-12 01:22:00,72.5
2025-06-12 18:00:00,56.0
2025-06-12 06:19:00,34.6
2025-06-12 01:31:00,64.1
2025-06-12 16:17:00,97.1
2025-06-12 21:27:00,57.0
2025-06-12 11:52:00,6.2
2025-06-12 20:58:00,54.1
2025-06-12 12:04:00,43.6
2025-06-12 17:23:00,31.5
2025-06-12 09:17:00,14.1
2025-06-12 17:42:00,99.8
2025-06-12 02:41:00,49.88181818181819
2025-06-12 11:31:00,49.88181818181819
2025-06-12 19:37:00,49.88181818181819
2025-06-12 20:31:00,16.5
2025-06-12 11:56:00,56.8
2025-06-12 07:41:00,45.6
2025-06-12 21:54:00,4.9
2025-06-12 19:39:00,98.1
2025-06-12 03:02:00,22.2
2025-06-12 06:53:00,32.4
2025-06-12 00:34:00,77.6
2025-06-12 10:20:00,49.88181818181819
2025-06-12 23:11:00,25.1
2025-06-12 05:15:00,13.9
2025-06-12 20:51:00,68.0
2025-06-12 02:34:00,30.3
2025-06-12 03:19:00,49.88181818181819
2025-06-12 19:31:00,83.5
2025-06-12 14:01:00,88.6
2025-06-12 23:31:00,34.4
2025-06-12 11:37:00,4.0
2025-06-12 20:14:00,52.7
2025-06-12 15:27:00,7.4
2025-06-12 23:05:00,32.7
2025-06-12 14:28:00,24.4
2025-06-12 13:14:00,90.5
2025-06-12 01:54:00,50.7
2025-06-12 19:54:00,16.4
2025-06-12 23:35:00,85.1
2025-06-12 14:14:00,13.1
2025-06-12 05:05:00,60.4
2025-06-12 01:20:00,24.7
2025-06-12 08:15:00,49.88181818181819
2025-06-12 02:32:00,79.5
2025-06-12 03:44:00,61.0
2025-06-12 10:56:00,49.88181818181819
2025-06-12 11:07:00,16.7
2025-06-12 06:06:00,42.8
2025-06-12 06:25:00,49.88181818181819
2025-06-12 09:54:00,58.8
2025-06-12 09:29:00,35.3
2025-06-12 04:16:00,63.1
2025-06-12 13:19:00,93.0
2025-06-12 02:16:00,77.6
2025-06-12 10:11:00,10.6
2025-06-12 09:23:00,92.1
2025-06-12 15:21:00,27.8
2025-06-12 10:51:00,66.3
2025-06-12 21:52:00,20.2
2025-06-12 10:19:00,71.2
2025-06-12 04:34:00,73.3
2025-06-12 14:27:00,96.1
2025-06-12 01:01:00,97.3
2025-06-12 18:13:00,49.88181818181819
2025-06-12 08:05:00,49.88181818181819
2025-06-12 04:40:00,50.8
2025-06-12 02:27:00,58.9
2025-06-12 09:59:00,61.8
2025-06-12 14:03:00,47.2
2025-06-12 19:48:00,95.4
2025-06-12 00:49:00,12.8
2025-06-12 23:39:00,28.0
2025-06-12 19:52:00,87.3
2025-06-12 03:29:00,63.3
2025-06-12 15:09:00,73.2
2025-06-12 19:45:00,97.1
2025-06-12 23:37:00,49.88181818181819
2025-06-12 16:21:00,68.6
2025-06-12 13:51:00,91.1
2025-06-12 04:35:00,17.0
2025-06-12 11:22:00,6.8
2025-06-12 22:31:00,77.2
2025-06-12 12:14:00,49.88181818181819
2025-06-12 21:09:00,63.5
2025-06-12 19:58:00,85.4
2025-06-12 10:13:00,49.88181818181819
2025-06-12 22:02:00,39.5
2025-06-12 10:52:00,39.6
2025-06-12 00:10:00,89.5
2025-06-12 06:31:00,13.6
2025-06-12 19:20:00,96.5
2025-06-12 21:31:00,65.2
2025-06-12 22:24:00,80.3
2025-06-12 22:20:00,98.4
2025-06-12 12:26:00,94.8
2025-06-12 21:04:00,77.1
2025-06-12 09:02:00,99.0
2025-06-12 16:13:00,11.7
2025-06-12 06:17:00,49.88181818181819
2025-06-12 03:54:00,49.88181818181819
2025-06-12 07:35:00,19.1
2025-06-12 04:11:00,42.2
2025-06-12 18:31:00,69.6
2025-06-12 17:22:00,82.2
2025-06-12 19:35:00,49.88181818181819
2025-06-12 08:01:00,36.7
2025-06-12 20:15:00,17.7
2025-06-12 04:24:00,13.3
2025-06-12 12:19:00,49.88181818181819
2025-06-12 23:19:00,49.88181818181819
2025-06-12 20:41:00,2.8
2025-06-12 06:07:00,12.3
2025-06-12 13:32:00,62.6
2025-06-12 02:35:00,68.1
2025-06-12 03:04:00,94.4
2025-06-12 16:49:00,49.88181818181819
2025-06-12 11:21:00,11.6
2025-06-12 15:51:00,4.3
2025-06-12 08:26:00,72.6
2025-06-12 23:22:00,94.5
2025-06-12 04:31:00,49.88181818181819
2025-06-12 09:33:00,49.88181818181819
2025-06-12 11:12:00,49.88181818181819
2025-06-12 07:47:00,29.8
2025-06-12 18:01:00,2.3
2025-06-12 06:36:00,7.2
2025-06-12 00:44:00,3.7
2025-06-12 07:25:00,27.3
2025-06-12 16:46:00,69.0
2025-06-12 03:10:00,45.9
2025-06-12 10:35:00,30.4
2025-06-12 20:32:00,62.9
2025-06-12 12:18:00,40.1
2025-06-12 11:39:00,47.3
2025-06-12 11:13:00,0.9
2025-06-12 15:01:00,69.8
2025-06-12 21:49:00,24.9
2025-06-12 05:38:00,49.88181818181819
2025-06-12 16:10:00,57.1
2025-06-12 20:09:00,13.3
2025-06-12 00:25:00,61.4
2025-06-12 06:21:00,26.0
2025-06-12 23:52:00,5.6
2025-06-12 05:36:00,4.4
2025-06-12 09:20:00,28.6
2025-06-12 19:40:00,69.8
2025-06-12 03:51:00,3.9
2025-06-12 14:52:00,39.1
2025-06-12 07:15:00,43.5
2025-06-12 07:52:00,44.0
2025-06-12 08:42:00,78.9
2025-06-12 20:47:00,38.7
2025-06-12 18:06:00,49.88181818181819
2025-06-12 21:33:00,49.88181818181819
2025-06-12 05:40:00,67.4
2025-06-12 16:01:00,84.3
2025-06-12 08:30:00,15.1
2025-06-12 12:57:00,2.1
2025-06-12 12:35:00,77.1
2025-06-12 04:58:00,4.5
2025-06-12 06:37:00,12.7
2025-06-12 10:41:00,75.5
2025-06-12 20:38:00,27.2
2025-06-12 00:50:00,24.8
2025-06-12 03:01:00,50.019744401453856
2025-06-12 10:28:00,84.5
2025-06-12 12:32:00,2.2
2025-06-12 07:51:00,47.1
2025-06-12 11:57:00,48.2
2025-06-12 08:08:00,86.7
2025-06-12 13:54:00,50.019744401453856
2025-06-12 05:47:00,65.7
2025-06-12 18:00:00,23.4
2025-06-12 21:01:00,50.0
2025-06-12 12:22:00,64.8
2025-06-12 15:01:00,31.5
2025-06-12 09:59:00,89.5
2025-06-12 01:21:00,44.3
2025-06-12 18:18:00,76.2
2025-06-12 17:52:00,63.5
2025-06-12 08:03:00,64.4
2025-06-12 11:42:00,90.5
2025-06-12 17:34:00,89.3
2025-06-12 21:17:00,55.9
2025-06-12 21:12:00,79.7
2025-06-12 08:14:00,4.2
2025-06-12 07:53:00,85.0
2025-06-12 04:43:00,65.9
2025-06-12 20:24:00,7.0
2025-06-12 15:03:00,80.6
2025-06-12 05:29:00,41.8
2025-06-12 14:35:00,82.5
2025-06-12 16:16:00,20.8
2025-06-12 21:53:00,63.2
2025-06-12 15:37:00,59.7
2025-06-12 13:29:00,52.9
2025-06-12 10:24:00,23.5
2025-06-12 21:10:00,55.0
2025-06-12 20:06:00,66.9
2025-06-12 15:11:00,60.1
2025-06-12 16:25:00,90.2
2025-06-12 23:44:00,44.6
2025-06-12 18:29:00,11.1
2025-06-12 20:04:00,50.019744401453856
2025-06-12 22:55:00,90.7
2025-06-12 06:16:00,55.0
2025-06-12 19:50:00,14.2
2025-06-12 20:08:00,6.1
2025-06-12 00:07:00,50.019744401453856
2025-06-12 13:00:00,43.7
2025-06-12 01:04:00,57.2
2025-06-12 07:25:00,88.9
2025-06-12 12:01:00,90.9
2025-06-12 02:03:00,41.6
2025-06-12 13:22:00,27.0
2025-06-12 16:54:00,61.9
2025-06-12 11:59:00,28.3
2025-06-12 16:22:00,26.9
2025-06-12 20:16:00,96.4
2025-06-12 10:12:00,6.5
2025-06-12 23:53:00,51.5
2025-06-12 05:15:00,50.019744401453856
2025-06-12 03:42:00,9.5
2025-06-12 03:13:00,27.4
2025-06-12 08:34:00,59.7
2025-06-12 01:01:00,67.2
2025-06-12 18:43:00,49.8
2025-06-12 00:29:00,2.9
2025-06-12 02:36:00,84.1
2025-06-12 04:25:00,15.8
2025-06-12 09:46:00,24.0
2025-06-12 00:10:00,50.019744401453856
2025-06-12 13:38:00,63.3
2025-06-12 04:15:00,68.1
2025-06-12 13:52:00,36.3
2025-06-12 04:18:00,77.6
2025-06-12 02:18:00,27.4
2025-06-12 00:26:00,73.6
2025-06-12 21:52:00,50.019744401453856
2025-06-12 20:57:00,24.9
2025-06-12 20:21:00,62.7
2025-06-12 06:58:00,65.3
2025-06-12 07:30:00,78.7
2025-06-12 03:27:00,37.9
2025-06-12 11:11:00,24.7
2025-06-12 23:51:00,55.2
2025-06-12 19:07:00,10.9
2025-06-12 10:05:00,77.6
2025-06-12 12:24:00,10.3
2025-06-12 10:50:00,50.019744401453856
2025-06-12 08:16:00,1.7
2025-06-12 21:59:00,70.7
2025-06-12 09:33:00,57.9
2025-06-12 03:49:00,50.019744401453856
2025-06-12 05:53:00,34.7
2025-06-12 15:12:00,53.9
2025-06-12 23:26:00,68.5
2025-06-12 00:38:00,52.6
2025-06-12 00:30:00,77.7
2025-06-12 03:45:00,10.1
2025-06-12 18:14:00,10.6
2025-06-12 19:05:00,9.8
2025-06-12 03:10:00,48.8
2025-06-12 21:32:00,57.1
2025-06-12 02:09:00,82.0
2025-06-12 00:34:00,99.1
2025-06-12 18:04:00,98.3
2025-06-12 16:48:00,92.4
2025-06-12 02:38:00,50.019744401453856
2025-06-12 01:00:00,38.4
2025-06-12 03:50:00,93.9
2025-06-12 09:01:00,8.4
2025-06-12 07:26:00,72.1
2025-06-12 12:58:00,50.019744401453856
2025-06-12 00:37:00,95.3
2025-06-12 17:09:00,80.2
2025-06-12 22:59:00,62.0
2025-06-12 23:09:00,34.4
2025-06-12 10:45:00,99.9
2025-06-12 20:56:00,81.5
2025-06-12 06:03:00,85.9
2025-06-12 11:56:00,31.9
2025-06-12 10:34:00,34.3
2025-06-12 04:03:00,37.5
2025-06-12 14:41:00,54.0
2025-06-12 20:13:00,50.019744401453856
2025-06-12 17:13:00,52.9
2025-06-12 15:19:00,50.019744401453856
2025-06-12 03:53:00,42.6
2025-06-12 05:46:00,50.019744401453856
2025-06-12 07:07:00,43.1
2025-06-12 06:49:00,29.5
2025-06-12 13:50:00,89.4
2025-06-12 22:16:00,16.0
2025-06-12 16:44:00,39.5
2025-06-12 22:08:00,50.019744401453856
2025-06-12 08:20:00,50.019744401453856
2025-06-12 05:16:00,53.2
2025-06-12 08:13:00,31.9
2025-06-12 01:43:00,82.1
2025-06-12 09:36:00,50.019744401453856
2025-06-12 06:00:00,55.1
2025-06-12 09:42:00,43.8
2025-06-12 04:05:00,64.7
2025-06-12 06:26:00,97.9
2025-06-12 11:00:00,34.7
2025-06-12 03:41:00,69.4
2025-06-12 22:29:00,50.9
2025-06-12 12:34:00,54.9
2025-06-12 02:04:00,2.1
2025-06-12 11:30:00,56.7
2025-06-12 02:28:00,42.2
2025-06-12 21:41:00,68.8
2025-06-12 22:18:00,15.9
2025-06-12 23:52:00,42.6
2025-06-12 04:12:00,68.4
2025-06-12 12:17:00,61.3
2025-06-12 07:05:00,42.9
2025-06-12 09:07:00,98.2
2025-06-12 12:44:00,68.2
2025-06-12 15:28:00,50.019744401453856
2025-06-12 04:29:00,50.019744401453856
2025-06-12 11:41:00,0.2
2025-06-12 21:31:00,50.019744401453856
2025-06-12 18:22:00,10.1
2025-06-12 00:39:00,87.5
2025-06-12 02:44:00,50.019744401453856
2025-06-12 01:59:00,9.3
2025-06-12 08:37:00,5.2
2025-06-12 20:10:00,51.2
2025-06-12 23:38:00,39.5
2025-06-12 07:55:00,68.6
2025-06-12 07:06:00,50.019744401453856
2025-06-12 18:09:00,22.3
2025-06-12 18:52:00,2.1
2025-06-12 21:43:00,49.2
2025-06-12 12:26:00,50.019744401453856
2025-06-12 23:14:00,85.5
2025-06-12 16:58:00,79.0
2025-06-12 01:31:00,94.8
2025-06-12 22:13:00,52.0
2025-06-12 02:30:00,17.5
2025-06-12 05:18:00,4.0
2025-06-12 14:49:00,50.019744401453856
2025-06-12 17:21:00,29.8
2025-06-12 01:18:00,48.3
2025-06-12 22:34:00,50.019744401453856
2025-06-12 09:41:00,52.9
2025-06-12 10:08:00,37.2
2025-06-12 04:38:00,40.5
2025-06-12 01:17:00,38.4
2025-06-12 01:40:00,78.6
2025-06-12 16:36:00,22.2
2025-06-12 03:54:00,47.0
2025-06-12 16:28:00,79.6
2025-06-12 07:34:00,56.7
2025-06-12 17:27:00,85.8
2025-06-12 23:15:00,9.7
2025-06-12 14:45:00,66.4
2025-06-12 02:53:00,21.9
2025-06-12 15:32:00,66.3
2025-06-12 04:55:00,2.5
2025-06-12 11:20:00,18.7
2025-06-12 08:33:00,71.7
2025-06-12 03:43:00,3.2
2025-06-12 07:01:00,88.9
2025-06-12 22:41:00,26.0
2025-06-12 22:43:00,79.2
2025-06-12 20:59:00,50.019744401453856
2025-06-12 22:14:00,84.1
2025-06-12 19:14:00,64.3
2025-06-12 15:22:00,50.019744401453856
2025-06-12 15:44:00,52.5
2025-06-12 19:09:00,44.4
2025-06-12 16:20:00,50.019744401453856
2025-06-12 16:04:00,50.019744401453856
2025-06-12 16:05:00,27.6
2025-06-12 06:50:00,50.019744401453856
2025-06-12 23:20:00,49.9
2025-06-12 22:30:00,50.7
2025-06-12 03:28:00,50.019744401453856
2025-06-12 21:46:00,56.1
2025-06-12 11:33:00,68.9
2025-06-12 20:09:00,62.3
2025-06-12 16:10:00,76.2
2025-06-12 12:06:00,39.1
2025-06-12 12:48:00,41.0
2025-06-12 12:11:00,28.7
2025-06-12 05:04:00,92.0
2025-06-12 02:46:00,57.4
2025-06-12 08:53:00,89.9
2025-06-12 10:51:00,7.6
2025-06-12 20:23:00,26.2
2025-06-12 17:59:00,65.7
2025-06-12 12:57:00,93.1
2025-06-12 06:22:00,22.7
2025-06-12 15:05:00,20.3
2025-06-12 16:33:00,50.019744401453856
2025-06-12 01:05:00,18.2
2025-06-12 21:25:00,97.0
2025-06-12 08:49:00,75.0
2025-06-12 02:29:00,82.4
2025-06-12 16:43:00,67.5
2025-06-12 19:13:00,82.4
2025-06-12 04:53:00,39.7
2025-06-12 16:45:00,99.0
2025-06-12 04:23:00,97.9
2025-06-12 13:58:00,43.8
2025-06-12 19:54:00,30.7
2025-06-12 11:29:00,85.8
2025-06-12 22:21:00,57.6
2025-06-12 12:10:00,62.3
2025-06-12 19:24:00,76.3
2025-06-12 15:59:00,23.5
2025-06-12 04:41:00,97.7
2025-06-12 05:51:00,20.1
2025-06-12 05:05:00,62.6
2025-06-12 23:22:00,47.6
2025-06-12 02:26:00,17.0
2025-06-12 07:00:00,57.6
2025-06-12 02:31:00,75.7
2025-06-12 06:13:00,48.3
2025-06-12 00:41:00,65.7
2025-06-12 17:36:00,62.6
2025-06-12 00:24:00,91.3
2025-06-12 11:46:00,50.019744401453856
2025-06-12 12:21:00,68.5
2025-06-12 10:46:00,23.6
2025-06-12 12:37:00,0.2
2025-06-12 16:07:00,56.1
2025-06-12 13:13:00,20.4
2025-06-12 02:39:00,73.9
2025-06-12 10:40:00,50.019744401453856
2025-06-12 15:24:00,50.019744401453856
2025-06-12 01:20:00,26.3
2025-06-12 15:47:00,84.3
2025-06-12 22:56:00,50.019744401453856
2025-06-12 17:31:00,91.7
2025-06-12 22:01:00,36.8
2025-06-12 05:28:00,50.2
2025-06-12 17:11:00,4.7
2025-06-12 12:46:00,7.8
2025-06-12 19:53:00,76.3
2025-06-12 04:22:00,7.3
2025-06-12 21:36:00,18.0
2025-06-12 04:49:00,27.4
2025-06-12 02:54:00,30.9
2025-06-12 14:59:00,37.9
2025-06-12 08:07:00,14.6
2025-06-12 05:13:00,6.0
2025-06-12 20:19:00,96.9
2025-06-12 20:30:00,85.8
2025-06-12 09:44:00,75.5
2025-06-12 23:43:00,43.0
2025-06-12 09:08:00,43.0
2025-06-12 09:32:00,8.5
2025-06-12 14:05:00,2.6
2025-06-12 20:11:00,71.0
2025-06-12 18:02:00,69.7
2025-06-12 21:02:00,50.019744401453856
2025-06-12 01:47:00,80.0
2025-06-12 16:18:00,26.0
2025-06-12 12:43:00,48.2
2025-06-12 18:33:00,42.2
2025-06-12 10:21:00,72.0
2025-06-12 08:17:00,63.0
2025-06-12 16:31:00,68.1
2025-06-12 16:12:00,49.0
2025-06-12 22:00:00,50.0
2025-06-12 12:35:00,70.1
2025-06-12 21:00:00,86.2
2025-06-12 14:02:00,49.94205948042788
2025-06-12 12:03:00,19.7
2025-06-12 18:39:00,19.2
2025-06-12 18:57:00,73.5
2025-06-12 04:44:00,11.1
2025-06-12 16:48:00,12.0
2025-06-12 19:43:00,22.0
2025-06-12 01:17:00,92.4
2025-06-12 18:23:00,24.3
2025-06-12 04:07:00,13.4
2025-06-12 02:53:00,14.3
2025-06-12 00:24:00,1.2
2025-06-12 18:04:00,16.2
2025-06-12 12:27:00,30.9
2025-06-12 01:00:00,36.6
2025-06-12 08:56:00,94.3
2025-06-12 01:48:00,69.5
2025-06-12 15:32:00,36.7
2025-06-12 11:36:00,8.5
2025-06-12 14:22:00,70.2
2025-06-12 10:31:00,0.8
2025-06-12 16:31:00,14.3
2025-06-12 16:51:00,49.94205948042788
2025-06-12 17:26:00,39.3
2025-06-12 18:09:00,52.1
2025-06-12 07:21:00,35.3
2025-06-12 16:35:00,88.2
2025-06-12 00:08:00,75.6
2025-06-12 20:07:00,49.94205948042788
2025-06-12 03:16:00,70.3
2025-06-12 03:42:00,40.3
2025-06-12 14:35:00,49.94205948042788
2025-06-12 03:57:00,49.94205948042788
2025-06-12 08:00:00,22.5
2025-06-12 12:56:00,49.94205948042788
2025-06-12 17:54:00,34.0
2025-06-12 10:43:00,49.94205948042788
2025-06-12 07:01:00,43.8
2025-06-12 16:45:00,62.6
2025-06-12 07:14:00,88.3
2025-06-12 09:57:00,82.1
2025-06-12 11:10:00,37.8
2025-06-12 23:26:00,60.1
2025-06-12 13:17:00,66.6
2025-06-12 12:32:00,38.5
2025-06-12 23:43:00,79.6
2025-06-12 06:04:00,14.3
2025-06-12 15:02:00,68.6
2025-06-12 20:21:00,59.7
2025-06-12 00:02:00,13.0
2025-06-12 10:06:00,49.94205948042788
2025-06-12 14:48:00,23.7
2025-06-12 20:06:00,16.6
2025-06-12 02:19:00,58.3
2025-06-12 09:04:00,4.3
2025-06-12 13:54:00,56.8
2025-06-12 18:50:00,85.8
2025-06-12 09:22:00,36.4
2025-06-12 09:23:00,49.94205948042788
2025-06-12 15:13:00,56.8
2025-06-12 08:40:00,53.5
2025-06-12 12:40:00,87.5
2025-06-12 05:38:00,29.8
2025-06-12 14:17:00,95.8
2025-06-12 21:27:00,46.2
2025-06-12 08:59:00,9.3
2025-06-12 13:42:00,72.8
2025-06-12 23:19:00,32.1
2025-06-12 20:22:00,27.1
2025-06-12 20:09:00,49.94205948042788
2025-06-12 17:16:00,24.1
2025-06-12 12:16:00,93.4
2025-06-12 19:15:00,39.2
2025-06-12 00:19:00,82.4
2025-06-12 04:03:00,8.5
2025-06-12 23:38:00,15.2
2025-06-12 19:21:00,67.7
2025-06-12 09:59:00,12.0
2025-06-12 09:52:00,93.2
2025-06-12 18:59:00,19.1
2025-06-12 08:46:00,42.4
2025-06-12 09:42:00,49.94205948042788
2025-06-12 09:16:00,49.94205948042788
2025-06-12 09:14:00,99.8
2025-06-12 01:16:00,39.6
2025-06-12 16:37:00,13.0
2025-06-12 01:58:00,81.8
2025-06-12 06:56:00,49.94205948042788
2025-06-12 23:39:00,37.9
2025-06-12 12:33:00,67.7
2025-06-12 04:24:00,87.3
2025-06-12 21:09:00,19.9
2025-06-12 08:30:00,67.7
2025-06-12 23:04:00,48.2
2025-06-12 12:14:00,35.9
2025-06-12 12:08:00,14.0
2025-06-12 00:39:00,7.4
2025-06-12 08:11:00,47.8
2025-06-12 20:15:00,5.9
2025-06-12 10:27:00,37.7
2025-06-12 00:58:00,66.4
2025-06-12 13:56:00,49.94205948042788
2025-06-12 23:27:00,16.9
2025-06-12 23:11:00,93.5
2025-06-12 08:50:00,92.0
2025-06-12 00:30:00,40.3
2025-06-12 02:21:00,49.94205948042788
2025-06-12 10:20:00,23.8
2025-06-12 12:55:00,49.3
2025-06-12 08:13:00,92.1
2025-06-12 08:53:00,49.94205948042788
2025-06-12 05:04:00,12.1
2025-06-12 21:30:00,0.3
2025-06-12 07:57:00,61.1
2025-06-12 18:35:00,26.0
2025-06-12 08:23:00,60.9
2025-06-12 20:59:00,88.6
2025-06-12 04:15:00,7.6
2025-06-12 14:42:00,31.6
2025-06-12 03:46:00,49.94205948042788
2025-06-12 00:20:00,49.94205948042788
2025-06-12 11:03:00,66.0
2025-06-12 07:04:00,97.9
2025-06-12 23:56:00,0.4
2025-06-12 06:02:00,47.9
2025-06-12 20:56:00,86.1
2025-06-12 07:50:00,49.94205948042788
2025-06-12 15:11:00,36.4
2025-06-12 19:41:00,49.94205948042788
2025-06-12 09:53:00,64.7
2025-06-12 19:03:00,1.7
2025-06-12 17:28:00,38.0
2025-06-12 02:22:00,38.0
2025-06-12 18:29:00,85.1
2025-06-12 21:44:00,56.1
2025-06-12 14:43:00,97.8
2025-06-12 02:25:00,49.94205948042788
2025-06-12 03:30:00,97.5
2025-06-12 00:17:00,19.3
2025-06-12 10:48:00,42.3
2025-06-12 08:44:00,56.8
2025-06-12 23:22:00,25.0
2025-06-12 13:30:00,24.7
2025-06-12 00:06:00,19.0
2025-06-12 13:07:00,32.0
2025-06-12 03:32:00,89.5
2025-06-12 19:40:00,82.0
2025-06-12 10:02:00,11.7
2025-06-12 10:30:00,34.3
2025-06-12 09:37:00,52.5
2025-06-12 10:23:00,3.4
2025-06-12 03:25:00,49.94205948042788
2025-06-12 05:57:00,31.9
2025-06-12 19:56:00,74.7
2025-06-12 00:33:00,88.5
2025-06-12 01:44:00,95.1
2025-06-12 04:58:00,20.4
2025-06-12 10:24:00,7.9
2025-06-12 06:26:00,76.2
2025-06-12 18:43:00,48.5
2025-06-12 04:26:00,13.1
2025-06-12 15:06:00,28.6
2025-06-12 21:36:00,69.4
2025-06-12 21:28:00,23.8
2025-06-12 22:27:00,49.0
2025-06-12 23:45:00,94.9
2025-06-12 13:59:00,30.2
2025-06-12 05:15:00,82.8
2025-06-12 14:55:00,54.1
2025-06-12 02:24:00,20.8
2025-06-12 10:46:00,10.3
2025-06-12 06:38:00,79.6
2025-06-12 03:09:00,5.9
2025-06-12 09:06:00,49.94205948042788
2025-06-12 15:51:00,13.0
2025-06-12 00:43:00,49.94205948042788
2025-06-12 20:49:00,49.94205948042788
2025-06-12 03:44:00,43.3
2025-06-12 22:53:00,52.2
2025-06-12 06:28:00,28.6
2025-06-12 06:18:00,49.94205948042788
2025-06-12 08:32:00,18.0
2025-06-12 11:52:00,10.8
2025-06-12 02:45:00,49.94205948042788
2025-06-12 09:34:00,27.7
2025-06-12 10:10:00,49.94205948042788
2025-06-12 17:44:00,3.5
2025-06-12 22:50:00,65.8
2025-06-12 06:48:00,2.6
2025-06-12 15:49:00,52.8
2025-06-12 12:49:00,12.5
2025-06-12 11:34:00,1.9
2025-06-12 14:07:00,86.2
2025-06-12 16:39:00,69.7
2025-06-12 11:01:00,13.2
2025-06-12 06:07:00,29.7
2025-06-12 07:40:00,6.7
2025-06-12 10:11:00,89.2
2025-06-12 19:33:00,49.94205948042788
2025-06-12 01:13:00,79.5
2025-06-12 08:01:00,30.6
2025-06-12 23:33:00,56.4
2025-06-12 22:30:00,14.1
2025-06-12 05:29:00,58.2
2025-06-12 12:04:00,49.94205948042788
2025-06-12 11:06:00,49.94205948042788
2025-06-12 20:28:00,49.94205948042788
2025-06-12 16:50:00,74.3
2025-06-12 13:12:00,49.94205948042788
2025-06-12 22:03:00,59.5
2025-06-12 06:08:00,19.0
2025-06-12 01:23:00,78.6
2025-06-12 21:32:00,3.9
2025-06-12 05:23:00,60.1
2025-06-12 15:59:00,25.0
2025-06-12 05:10:00,13.6
2025-06-12 05:26:00,3.0
2025-06-12 06:23:00,36.1
2025-06-12 02:10:00,90.6
2025-06-12 19:34:00,12.5
2025-06-12 17:59:00,71.1
2025-06-12 23:20:00,82.0
2025-06-12 03:56:00,42.3
2025-06-12 09:07:00,39.8
2025-06-12 06:41:00,48.0
2025-06-12 20:18:00,49.94205948042788
2025-06-12 12:23:00,34.2
2025-06-12 09:51:00,55.6
2025-06-12 18:11:00,8.8
2025-06-12 18:51:00,8.9
2025-06-12 15:00:00,57.7
2025-06-12 12:22:00,25.1
2025-06-12 06:33:00,29.1
2025-06-12 22:37:00,28.9
2025-06-12 23:53:00,21.9
2025-06-12 03:35:00,88.8
2025-06-12 05:30:00,13.0
2025-06-12 13:21:00,71.7
2025-06-12 15:01:00,12.8
2025-06-12 22:58:00,17.8
2025-06-12 09:50:00,84.6
2025-06-12 16:15:00,8.8
2025-06-12 09:46:00,56.3
2025-06-12 07:49:00,8.2
2025-06-12 03:06:00,19.7
2025-06-12 13:13:00,49.7
2025-06-12 11:00:00,66.3
2025-06-12 18:38:00,49.94205948042788
2025-06-12 17:52:00,75.4
2025-06-12 08:09:00,1.0
2025-06-12 18:18:00,62.4
2025-06-12 14:01:00,47.8
2025-06-12 05:50:00,80.5
2025-06-12 00:38:00,9.8
2025-06-12 21:56:00,49.94205948042788
2025-06-12 23:46:00,21.1
2025-06-12 11:38:00,98.4
2025-06-12 00:12:00,47.7
2025-06-12 18:16:00,40.9
2025-06-12 03:59:00,56.5
2025-06-12 01:53:00,49.94205948042788
2025-06-12 02:39:00,48.8
2025-06-12 08:48:00,29.8
2025-06-12 01:30:00,10.0
2025-06-12 14:28:00,97.7
2025-06-12 00:54:00,57.8
2025-06-12 18:26:00,90.3
2025-06-12 15:27:00,58.3
2025-06-12 18:01:00,49.94205948042788
2025-06-12 19:46:00,58.2
2025-06-12 14:11:00,64.7
2025-06-12 20:54:00,71.4
2025-06-12 15:09:00,49.94205948042788
2025-06-12 17:06:00,58.1
2025-06-12 14:46:00,59.4
2025-06-12 10:45:00,47.4
2025-06-12 14:34:00,50.9
2025-06-12 18:24:00,52.4
2025-06-12 09:44:00,49.94205948042788
2025-06-12 10:26:00,49.94205948042788
2025-06-12 07:11:00,49.94205948042788
2025-06-12 16:58:00,49.94205948042788
2025-06-12 19:00:00,21.4
2025-06-12 07:30:00,24.0
2025-06-12 09:27:00,73.3
2025-06-12 04:42:00,30.5
2025-06-12 23:15:00,36.8
2025-06-12 15:48:00,53.7
2025-06-12 10:29:00,17.1
2025-06-12 01:57:00,53.8
2025-06-12 00:29:00,49.94205948042788
2025-06-12 07:47:00,33.1
2025-06-12 04:38:00,78.4
2025-06-12 01:27:00,49.94205948042788
2025-06-12 07:25:00,97.9
2025-06-12 01:32:00,49.94205948042788
2025-06-12 09:00:00,49.94205948042788
2025-06-12 11:18:00,65.1
2025-06-12 13:51:00,5.8
2025-06-12 14:45:00,34.0
2025-06-12 14:59:00,84.3
2025-06-12 15:31:00,38.0
2025-06-12 12:09:00,51.4
2025-06-12 14:21:00,4.1
2025-06-12 09:39:00,87.6
2025-06-12 18:46:00,14.3
2025-06-12 06:21:00,99.7
2025-06-12 22:55:00,73.4
2025-06-12 06:20:00,0.1
2025-06-12 18:34:00,50.024092836946274
2025-06-12 22:30:00,95.5
2025-06-12 15:52:00,32.7
2025-06-12 22:12:00,22.6
2025-06-12 15:46:00,9.4
2025-06-12 13:36:00,24.0
2025-06-12 17:10:00,81.8
2025-06-12 10:54:00,23.0
2025-06-12 02:30:00,3.8
2025-06-12 06:38:00,49.5
2025-06-12 18:25:00,33.0
2025-06-12 13:26:00,17.5
2025-06-12 01:07:00,50.024092836946274
2025-06-12 17:36:00,34.8
2025-06-12 00:14:00,49.1
2025-06-12 13:12:00,19.5
2025-06-12 23:35:00,46.6
2025-06-12 20:55:00,13.7
2025-06-12 12:31:00,76.2
2025-06-12 07:13:00,7.0
2025-06-12 17:06:00,99.0
2025-06-12 10:46:00,60.9
2025-06-12 04:45:00,54.8
2025-06-12 12:36:00,96.5
2025-06-12 20:47:00,17.6
2025-06-12 15:56:00,86.7
2025-06-12 04:31:00,55.7
2025-06-12 08:42:00,14.2
2025-06-12 17:23:00,76.5
2025-06-12 12:07:00,46.7
2025-06-12 20:53:00,88.3
2025-06-12 03:03:00,34.6
2025-06-12 22:08:00,10.8
2025-06-12 19:05:00,50.024092836946274
2025-06-12 13:20:00,90.1
2025-06-12 16:27:00,42.5
2025-06-12 12:58:00,50.024092836946274
2025-06-12 07:37:00,76.0
2025-06-12 08:31:00,0.2
2025-06-12 06:22:00,92.5
2025-06-12 05:28:00,75.2
2025-06-12 03:39:00,0.1
2025-06-12 18:07:00,37.4
2025-06-12 17:05:00,14.2
2025-06-12 04:17:00,48.7
2025-06-12 10:12:00,50.024092836946274
2025-06-12 19:15:00,5.2
2025-06-12 08:10:00,9.8
2025-06-12 11:41:00,3.0
2025-06-12 21:31:00,25.2
2025-06-12 03:31:00,50.024092836946274
2025-06-12 05:04:00,80.0
2025-06-12 21:06:00,9.5
2025-06-12 00:09:00,27.8
2025-06-12 15:15:00,62.7
2025-06-12 16:41:00,91.9
2025-06-12 14:13:00,50.024092836946274
2025-06-12 19:12:00,50.024092836946274
2025-06-12 20:06:00,31.9
2025-06-12 09:35:00,54.4
2025-06-12 10:18:00,27.5
2025-06-12 05:15:00,20.5
2025-06-12 01:59:00,64.2
2025-06-12 00:44:00,37.1
2025-06-12 08:55:00,88.7
2025-06-12 21:27:00,73.7
2025-06-12 06:57:00,66.2
2025-06-12 20:35:00,93.7
2025-06-12 11:39:00,81.1
2025-06-12 02:02:00,71.3
2025-06-12 10:50:00,75.4
2025-06-12 02:11:00,78.3
2025-06-12 01:57:00,8.8
2025-06-12 22:22:00,78.3
2025-06-12 19:02:00,31.7
2025-06-12 10:39:00,11.5
2025-06-12 00:47:00,53.9
2025-06-12 02:13:00,61.0
2025-06-12 14:45:00,2.8
2025-06-12 22:56:00,43.3
2025-06-12 21:48:00,88.7
2025-06-12 09:11:00,79.0
2025-06-12 02:43:00,82.2
2025-06-12 16:12:00,19.2
2025-06-12 02:32:00,79.1
2025-06-12 04:48:00,99.5
2025-06-12 18:00:00,24.4
2025-06-12 02:04:00,88.7
2025-06-12 00:42:00,65.9
2025-06-12 14:38:00,18.3
2025-06-12 12:50:00,4.5
2025-06-12 21:29:00,2.6
2025-06-12 20:42:00,10.1
2025-06-12 17:48:00,20.2
2025-06-12 08:04:00,50.024092836946274
2025-06-12 01:06:00,50.024092836946274
2025-06-12 02:20:00,12.4
2025-06-12 09:57:00,50.024092836946274
2025-06-12 23:11:00,87.0
2025-06-12 15:01:00,50.024092836946274
2025-06-12 09:45:00,37.0
2025-06-12 06:39:00,68.3
2025-06-12 13:58:00,30.1
2025-06-12 11:12:00,36.7
2025-06-12 17:21:00,34.9
2025-06-12 07:03:00,39.6
2025-06-12 06:35:00,50.024092836946274
2025-06-12 07:06:00,91.2
2025-06-12 02:08:00,1.5
2025-06-12 04:24:00,62.4
2025-06-12 21:13:00,59.8
2025-06-12 10:23:00,1.3
2025-06-12 10:36:00,99.7
2025-06-12 07:15:00,74.3
2025-06-12 17:59:00,50.024092836946274
2025-06-12 12:17:00,38.8
2025-06-12 12:27:00,85.0
2025-06-12 06:07:00,87.1
2025-06-12 12:18:00,95.3
2025-06-12 19:11:00,65.6
2025-06-12 13:31:00,14.1
2025-06-12 10:10:00,50.024092836946274
2025-06-12 12:41:00,93.7
2025-06-12 09:22:00,50.024092836946274
2025-06-12 22:57:00,76.8
2025-06-12 10:29:00,38.9
2025-06-12 07:29:00,4.7
2025-06-12 10:56:00,87.7
2025-06-12 03:28:00,65.7
2025-06-12 07:08:00,95.6
2025-06-12 23:53:00,62.3
2025-06-12 14:56:00,50.024092836946274
2025-06-12 03:34:00,78.1
2025-06-12 01:58:00,50.024092836946274
2025-06-12 17:43:00,49.3
2025-06-12 03:12:00,67.4
2025-06-12 15:40:00,16.3
2025-06-12 08:39:00,49.2
2025-06-12 14:30:00,30.5
2025-06-12 01:29:00,46.1
2025-06-12 02:29:00,46.9
2025-06-12 12:43:00,6.5
2025-06-12 02:52:00,94.9
2025-06-12 22:40:00,82.8
2025-06-12 11:34:00,0.6
2025-06-12 01:24:00,50.024092836946274
2025-06-12 08:21:00,70.9
2025-06-12 07:57:00,5.8
2025-06-12 20:11:00,92.7
2025-06-12 01:20:00,50.024092836946274
2025-06-12 06:44:00,57.1
2025-06-12 21:05:00,82.5
2025-06-12 04:22:00,6.8
2025-06-12 08:27:00,44.2
2025-06-12 18:11:00,72.7
2025-06-12 03:45:00,53.8
2025-06-12 17:50:00,13.1
2025-06-12 14:02:00,4.0
2025-06-12 21:33:00,52.2
2025-06-12 22:04:00,68.4
2025-06-12 16:22:00,50.024092836946274
2025-06-12 21:12:00,50.024092836946274
2025-06-12 19:41:00,31.0
2025-06-12 05:59:00,39.6
2025-06-12 02:01:00,27.4
2025-06-12 14:34:00,34.5
2025-06-12 11:54:00,50.024092836946274
2025-06-12 07:19:00,4.2
2025-06-12 11:14:00,50.0
2025-06-12 21:36:00,58.2
2025-06-12 18:21:00,50.024092836946274
2025-06-12 11:26:00,51.6
2025-06-12 09:33:00,91.3
2025-06-12 16:44:00,1.6
2025-06-12 12:22:00,9.1
2025-06-12 10:40:00,55.9
2025-06-12 16:21:00,74.3
2025-06-12 23:51:00,82.2
2025-06-12 17:33:00,66.6
2025-06-12 11:37:00,50.024092836946274
2025-06-12 08:33:00,6.9
2025-06-12 20:41:00,81.1
2025-06-12 10:20:00,19.5
2025-06-12 16:24:00,33.5
2025-06-12 15:51:00,50.024092836946274
2025-06-12 09:46:00,89.6
2025-06-12 22:00:00,41.3
2025-06-12 20:08:00,38.4
2025-06-12 14:29:00,94.9
2025-06-12 13:00:00,43.8
2025-06-12 09:31:00,62.2
2025-06-12 13:04:00,19.8
2025-06-12 06:03:00,62.9
2025-06-12 23:28:00,54.9
2025-06-12 14:20:00,27.0
2025-06-12 07:07:00,50.024092836946274
2025-06-12 04:08:00,50.0
2025-06-12 05:32:00,57.7
2025-06-12 05:52:00,60.1
2025-06-12 12:01:00,53.9
2025-06-12 17:13:00,50.024092836946274
2025-06-12 20:22:00,50.024092836946274
2025-06-12 05:02:00,50.024092836946274
2025-06-12 03:10:00,16.5
2025-06-12 17:53:00,20.7
2025-06-12 04:07:00,47.5
2025-06-12 00:18:00,50.024092836946274
2025-06-12 21:41:00,34.1
2025-06-12 07:11:00,23.0
2025-06-12 23:31:00,19.5
2025-06-12 11:55:00,50.024092836946274
2025-06-12 10:53:00,2.2
2025-06-12 07:42:00,93.5
2025-06-12 04:10:00,80.3
2025-06-12 14:07:00,97.9
2025-06-12 10:11:00,8.8
2025-06-12 22:48:00,58.5
2025-06-12 17:16:00,27.1
2025-06-12 15:33:00,51.7
2025-06-12 03:46:00,50.024092836946274
2025-06-12 09:27:00,50.024092836946274
2025-06-12 21:18:00,96.6
2025-06-12 16:42:00,50.024092836946274
2025-06-12 00:45:00,14.2
2025-06-12 14:08:00,33.9
2025-06-12 13:54:00,77.5
2025-06-12 05:23:00,96.1
2025-06-12 16:28:00,50.024092836946274
2025-06-12 14:16:00,45.0
2025-06-12 05:49:00,50.024092836946274
2025-06-12 10:55:00,77.3
2025-06-12 01:51:00,5.5
2025-06-12 07:24:00,98.2
2025-06-12 03:43:00,39.9
2025-06-12 11:59:00,11.5
2025-06-12 23:49:00,50.024092836946274
2025-06-12 22:42:00,90.0
2025-06-12 23:33:00,31.2
2025-06-12 03:41:00,94.6
2025-06-12 09:16:00,29.5
2025-06-12 09:21:00,92.8
2025-06-12 07:18:00,45.4
2025-06-12 09:23:00,70.8
2025-06-12 16:34:00,50.024092836946274
2025-06-12 02:59:00,55.2
2025-06-12 10:49:00,84.4
2025-06-12 15:53:00,74.6
2025-06-12 18:44:00,93.4
2025-06-12 20:03:00,80.0
2025-06-12 00:26:00,68.0
2025-06-12 12:49:00,50.024092836946274
2025-06-12 12:44:00,85.4
2025-06-12 09:51:00,45.2
2025-06-12 18:41:00,50.024092836946274
2025-06-12 09:24:00,85.3
2025-06-12 04:56:00,62.5
2025-06-12 21:58:00,64.0
2025-06-12 03:27:00,12.5
2025-06-12 18:01:00,71.7
2025-06-12 20:52:00,41.6
2025-06-12 00:04:00,4.7
2025-06-12 03:37:00,7.8
2025-06-12 07:04:00,71.3
2025-06-12 06:59:00,60.2
2025-06-12 17:28:00,50.6
2025-06-12 03:36:00,11.5
2025-06-12 08:20:00,8.5
2025-06-12 19:49:00,66.3
2025-06-12 03:19:00,72.9
2025-06-12 16:58:00,8.9
2025-06-12 14:09:00,14.3
2025-06-12 05:22:00,19.6
2025-06-12 14:26:00,26.1
2025-06-12 10:19:00,22.9
2025-06-12 12:20:00,3.9
2025-06-12 18:40:00,74.9
2025-06-12 15:43:00,39.4
2025-06-12 00:49:00,89.6
2025-06-12 12:32:00,95.6
2025-06-12 13:44:00,43.8
2025-06-12 18:04:00,50.024092836946274
2025-06-12 13:53:00,11.4
2025-06-12 01:41:00,15.2
2025-06-12 08:03:00,15.7
2025-06-12 09:01:00,50.024092836946274
2025-06-12 23:55:00,65.7
2025-06-12 04:14:00,21.0
2025-06-12 03:14:00,95.8
2025-06-12 11:33:00,81.1
2025-06-12 13:10:00,68.9
2025-06-12 02:25:00,33.0
2025-06-12 22:48:00,63.1
2025-06-12 07:05:00,72.0
2025-06-12 05:34:00,36.9
2025-06-12 06:01:00,42.3
2025-06-12 13:57:00,9.1
2025-06-12 19:16:00,20.6
2025-06-12 06:19:00,92.9
2025-06-12 04:18:00,49.2
2025-06-12 13:28:00,95.5
2025-06-12 20:25:00,55.5
2025-06-12 05:07:00,35.0
2025-06-12 02:31:00,77.1
2025-06-12 14:12:00,8.3
2025-06-12 15:19:00,52.0
2025-06-12 06:07:00,77.6
2025-06-12 11:50:00,49.54963144963145
2025-06-12 22:35:00,91.8
2025-06-12 10:05:00,80.1
2025-06-12 12:42:00,49.54963144963145
2025-06-12 21:59:00,31.2
2025-06-12 23:26:00,23.8
2025-06-12 13:15:00,81.8
2025-06-12 21:57:00,65.3
2025-06-12 21:15:00,79.8
2025-06-12 07:31:00,49.54963144963145
2025-06-12 10:59:00,79.4
2025-06-12 06:21:00,30.4
2025-06-12 00:15:00,16.2
2025-06-12 01:32:00,76.0
2025-06-12 23:34:00,46.0
2025-06-12 02:58:00,85.8
2025-06-12 07:00:00,13.4
2025-06-12 10:30:00,26.3
2025-06-12 01:55:00,78.2
2025-06-12 12:30:00,21.5
2025-06-12 05:47:00,49.54963144963145
2025-06-12 05:33:00,51.5
2025-06-12 02:56:00,45.2
2025-06-12 20:47:00,93.9
2025-06-12 22:19:00,96.5
2025-06-12 04:28:00,30.3
2025-06-12 07:32:00,81.5
2025-06-12 06:42:00,17.1
2025-06-12 23:33:00,49.54963144963145
2025-06-12 17:11:00,5.5
2025-06-12 10:45:00,41.5
2025-06-12 09:48:00,61.2
2025-06-12 19:23:00,25.5
2025-06-12 10:11:00,26.5
2025-06-12 11:14:00,69.7
2025-06-12 03:49:00,71.3
2025-06-12 11:27:00,32.8
2025-06-12 14:09:00,7.8
2025-06-12 03:13:00,41.9
2025-06-12 13:13:00,65.7
2025-06-12 17:50:00,9.5
2025-06-12 23:38:00,49.54963144963145
2025-06-12 11:07:00,61.7
2025-06-12 21:34:00,19.6
2025-06-12 01:38:00,24.7
2025-06-12 16:06:00,49.54963144963145
2025-06-12 14:25:00,17.4
2025-06-12 12:15:00,84.5
2025-06-12 21:05:00,17.3
2025-06-12 20:40:00,69.9
2025-06-12 09:41:00,66.0
2025-06-12 16:02:00,44.7
2025-06-12 08:04:00,7.9
2025-06-12 16:25:00,49.54963144963145
2025-06-12 11:59:00,84.9
2025-06-12 15:46:00,49.54963144963145
2025-06-12 01:04:00,60.4
2025-06-12 05:05:00,3.0
2025-06-12 07:24:00,43.3
2025-06-12 16:54:00,13.7
2025-06-12 12:53:00,60.7
2025-06-12 15:02:00,34.5
2025-06-12 01:23:00,27.7
2025-06-12 01:49:00,91.9
2025-06-12 05:18:00,59.6
2025-06-12 16:44:00,20.6
2025-06-12 13:46:00,49.54963144963145
2025-06-12 06:50:00,40.1
2025-06-12 10:23:00,18.3
2025-06-12 05:11:00,11.9
2025-06-12 13:54:00,19.4
2025-06-12 07:49:00,22.2
2025-06-12 09:43:00,19.9
2025-06-12 10:58:00,37.2
2025-06-12 12:10:00,18.3
2025-06-12 09:06:00,16.6
2025-06-12 23:55:00,84.9
2025-06-12 15:09:00,49.4
2025-06-12 11:44:00,54.0
2025-06-12 12:34:00,35.0
2025-06-12 03:25:00,34.6
2025-06-12 14:35:00,98.6
2025-06-12 11:01:00,83.8
2025-06-12 15:13:00,49.54963144963145
2025-06-12 16:22:00,1.4
2025-06-12 23:13:00,71.2
2025-06-12 11:08:00,53.7
2025-06-12 16:08:00,49.54963144963145
2025-06-12 03:15:00,47.3
2025-06-12 05:52:00,49.54963144963145
2025-06-12 19:18:00,22.9
2025-06-12 10:27:00,49.5
2025-06-12 15:31:00,98.0
2025-06-12 22:03:00,26.8
2025-06-12 05:17:00,40.6
2025-06-12 03:39:00,50.6
2025-06-12 11:02:00,74.1
2025-06-12 12:09:00,32.2
2025-06-12 00:27:00,60.5
2025-06-12 20:36:00,73.8
2025-06-12 14:33:00,96.9
2025-06-12 04:25:00,27.1
2025-06-12 19:03:00,49.54963144963145
2025-06-12 22:54:00,50.1
2025-06-12 12:58:00,49.0
2025-06-12 14:22:00,29.5
2025-06-12 02:12:00,49.54963144963145
2025-06-12 02:32:00,60.5
2025-06-12 05:00:00,16.2
2025-06-12 23:40:00,19.1
2025-06-12 05:46:00,95.4
2025-06-12 02:09:00,56.4
2025-06-12 23:35:00,66.7
2025-06-12 20:12:00,44.1
2025-06-12 06:14:00,1.3
2025-06-12 09:01:00,52.1
2025-06-12 09:16:00,50.6
2025-06-12 02:05:00,49.54963144963145
2025-06-12 06:51:00,64.0
2025-06-12 14:57:00,49.54963144963145
2025-06-12 14:30:00,72.1
2025-06-12 18:49:00,73.4
2025-06-12 05:09:00,7.6
2025-06-12 02:35:00,49.54963144963145
2025-06-12 08:46:00,95.5
2025-06-12 01:35:00,87.9
2025-06-12 16:28:00,77.9
2025-06-12 04:08:00,49.54963144963145
2025-06-12 05:40:00,15.1
2025-06-12 15:20:00,79.0
2025-06-12 07:38:00,6.6
2025-06-12 06:15:00,36.5
2025-06-12 04:11:00,67.7
2025-06-12 20:55:00,94.5
2025-06-12 15:43:00,39.9
2025-06-12 23:07:00,49.54963144963145
2025-06-12 02:21:00,82.2
2025-06-12 18:59:00,83.8
2025-06-12 13:53:00,1.7
2025-06-12 20:42:00,49.3
2025-06-12 02:37:00,93.7
2025-06-12 13:02:00,85.6
2025-06-12 15:23:00,39.2
2025-06-12 18:15:00,93.2
2025-06-12 01:15:00,71.5
2025-06-12 01:57:00,42.5
2025-06-12 23:44:00,49.54963144963145
2025-06-12 13:08:00,41.3
2025-06-12 00:09:00,77.6
2025-06-12 11:39:00,94.7
2025-06-12 14:32:00,49.54963144963145
2025-06-12 14:16:00,49.54963144963145
2025-06-12 17:24:00,0.0
2025-06-12 14:28:00,83.2
2025-06-12 12:38:00,49.54963144963145
2025-06-12 11:20:00,91.6
2025-06-12 18:07:00,72.8
2025-06-12 19:39:00,39.7
2025-06-12 16:34:00,70.5
2025-06-12 11:31:00,97.9
2025-06-12 11:28:00,47.1
2025-06-12 04:09:00,70.0
2025-06-12 11:30:00,7.6
2025-06-12 22:51:00,43.8
2025-06-12 19:43:00,50.7
2025-06-12 10:14:00,59.6
2025-06-12 15:26:00,64.6
2025-06-12 01:53:00,49.54963144963145
2025-06-12 02:11:00,68.2
2025-06-12 00:18:00,2.5
2025-06-12 06:41:00,33.5
2025-06-12 06:48:00,0.5
2025-06-12 10:04:00,65.0
2025-06-12 22:06:00,28.1
2025-06-12 18:25:00,49.54963144963145
2025-06-12 21:09:00,16.5
2025-06-12 04:22:00,0.5
2025-06-12 07:35:00,12.1
2025-06-12 00:11:00,47.0
2025-06-12 02:04:00,3.3
2025-06-12 09:21:00,77.3
2025-06-12 06:24:00,82.1
2025-06-12 20:41:00,32.8
2025-06-12 07:27:00,20.0
2025-06-12 14:01:00,26.6
2025-06-12 23:00:00,29.2
2025-06-12 15:33:00,5.7
2025-06-12 08:10:00,36.3
2025-06-12 22:11:00,12.9
2025-06-12 07:09:00,24.2
2025-06-12 00:53:00,49.54963144963145
2025-06-12 13:43:00,16.7
2025-06-12 23:49:00,78.8
2025-06-12 09:32:00,76.6
2025-06-12 18:29:00,49.54963144963145
2025-06-12 11:48:00,49.54963144963145
2025-06-12 11:22:00,37.0
2025-06-12 02:45:00,90.7
2025-06-12 00:50:00,27.3
2025-06-12 05:36:00,18.2
2025-06-12 05:10:00,99.0
2025-06-12 06:39:00,33.8
2025-06-12 22:23:00,19.4
2025-06-12 00:29:00,68.8
2025-06-12 21:42:00,95.8
2025-06-12 11:00:00,44.2
2025-06-12 17:16:00,8.6
2025-06-12 13:04:00,34.6
2025-06-12 00:13:00,54.2
2025-06-12 18:18:00,75.7
2025-06-12 08:37:00,37.3
2025-06-12 01:48:00,45.9
2025-06-12 23:56:00,93.4
2025-06-12 14:48:00,71.8
2025-06-12 02:52:00,2.5
2025-06-12 06:29:00,49.54963144963145
2025-06-12 08:08:00,49.54963144963145
2025-06-12 06:32:00,99.0
2025-06-12 12:59:00,49.54963144963145
2025-06-12 16:21:00,37.8
2025-06-12 05:13:00,23.7
2025-06-12 13:52:00,49.54963144963145
2025-06-12 10:36:00,49.54963144963145
2025-06-12 14:00:00,43.9
2025-06-12 16:14:00,74.5
2025-06-12 17:41:00,97.1
2025-06-12 16:48:00,32.5
2025-06-12 19:31:00,27.6
2025-06-12 02:02:00,24.5
2025-06-12 23:17:00,46.8
2025-06-12 10:43:00,52.1
2025-06-12 06:25:00,68.5
2025-06-12 09:58:00,64.1
2025-06-12 17:10:00,35.5
2025-06-12 20:23:00,80.2
2025-06-12 19:34:00,49.54963144963145
2025-06-12 10:34:00,92.8
2025-06-12 00:16:00,92.0
2025-06-12 19:47:00,33.5
2025-06-12 11:16:00,87.9
2025-06-12 21:01:00,49.54963144963145
2025-06-12 05:35:00,31.0
2025-06-12 20:28:00,19.5
2025-06-12 21:08:00,12.3
2025-06-12 15:27:00,1.0
2025-06-12 09:31:00,51.1
2025-06-12 23:37:00,84.0
2025-06-12 14:37:00,30.7
2025-06-12 11:12:00,92.2
2025-06-12 11:55:00,12.2
2025-06-12 06:59:00,73.9
2025-06-12 11:58:00,30.4
2025-06-12 00:02:00,13.0
2025-06-12 03:35:00,70.4
2025-06-12 12:46:00,42.3
2025-06-12 13:22:00,12.0
2025-06-12 04:59:00,5.6
2025-06-12 18:28:00,55.4
2025-06-12 14:31:00,49.54963144963145
2025-06-12 08:14:00,10.1
2025-06-12 22:07:00,96.4
2025-06-12 08:19:00,57.0
2025-06-12 00:43:00,65.4
2025-06-12 23:50:00,70.2
2025-06-12 22:22:00,51.2
2025-06-12 01:39:00,49.54963144963145
2025-06-12 01:26:00,20.6
2025-06-12 08:30:00,89.5
2025-06-12 11:35:00,55.2
2025-06-12 21:48:00,46.9
2025-06-12 10:38:00,69.7
2025-06-12 19:50:00,73.1
2025-06-12 16:35:00,29.8
2025-06-12 07:03:00,48.1
2025-06-12 04:27:00,52.0
2025-06-12 12:49:00,24.0
2025-06-12 15:06:00,39.2
2025-06-12 04:52:00,27.1
2025-06-12 11:25:00,19.0
2025-06-12 10:00:00,83.5
2025-06-12 07:48:00,100.0
2025-06-12 06:43:00,49.54963144963145
2025-06-12 00:39:00,18.5
2025-06-12 23:31:00,49.7
2025-06-12 01:28:00,39.1
2025-06-12 03:02:00,49.54963144963145
2025-06-12 05:08:00,6.8
2025-06-12 13:34:00,51.3
2025-06-12 03:58:00,49.54963144963145
2025-06-12 21:53:00,24.0
2025-06-12 10:29:00,51.9
2025-06-12 13:14:00,72.0
2025-06-12 04:24:00,12.9
2025-06-12 01:27:00,49.54963144963145
2025-06-12 17:08:00,49.54963144963145
2025-06-12 12:00:00,39.7
2025-06-12 02:13:00,97.1
2025-06-12 00:41:00,49.54963144963145
2025-06-12 21:10:00,44.0
2025-06-12 01:40:00,86.6
2025-06-12 04:32:00,54.3
2025-06-12 21:43:00,60.2
2025-06-12 05:01:00,77.3
2025-06-12 22:05:00,59.8
2025-06-12 23:58:00,79.2
2025-06-12 21:19:00,80.7
2025-06-12 07:17:00,50.9
2025-06-12 19:58:00,30.4
2025-06-12 04:45:00,88.0
2025-06-12 01:14:00,18.2
2025-06-12 16:07:00,98.7
2025-06-12 16:30:00,49.54963144963145
2025-06-12 04:06:00,51.4
2025-06-12 05:37:00,77.4
2025-06-12 05:11:00,17.5
2025-06-12 21:35:00,85.2
2025-06-12 21:33:00,92.5
2025-06-12 20:11:00,24.0
2025-06-12 05:54:00,72.9
2025-06-12 11:46:00,91.7
2025-06-12 05:06:00,29.4
2025-06-12 07:48:00,61.9
2025-06-12 19:42:00,49.560128956623686
2025-06-12 21:04:00,46.8
2025-06-12 02:15:00,36.5
2025-06-12 01:07:00,49.560128956623686
2025-06-12 07:55:00,92.3
2025-06-12 15:48:00,68.9
2025-06-12 12:22:00,22.8
2025-06-12 14:53:00,49.560128956623686
2025-06-12 21:40:00,75.3
2025-06-12 03:53:00,12.1
2025-06-12 13:05:00,49.560128956623686
2025-06-12 13:53:00,4.3
2025-06-12 21:34:00,33.6
2025-06-12 01:25:00,8.9
2025-06-12 23:32:00,20.5
2025-06-12 17:41:00,66.7
2025-06-12 20:19:00,51.3
2025-06-12 12:17:00,35.4
2025-06-12 22:11:00,21.7
2025-06-12 15:45:00,49.560128956623686
2025-06-12 04:41:00,36.8
2025-06-12 19:50:00,49.560128956623686
2025-06-12 15:53:00,49.560128956623686
2025-06-12 17:26:00,26.2
2025-06-12 16:35:00,22.5
2025-06-12 07:45:00,44.0
2025-06-12 17:04:00,23.3
2025-06-12 04:05:00,49.560128956623686
2025-06-12 22:58:00,64.9
2025-06-12 05:24:00,43.1
2025-06-12 04:58:00,17.9
2025-06-12 12:41:00,53.6
2025-06-12 21:32:00,58.4
2025-06-12 22:08:00,49.560128956623686
2025-06-12 02:39:00,16.3
2025-06-12 05:08:00,49.560128956623686
2025-06-12 16:23:00,47.7
2025-06-12 16:42:00,44.4
2025-06-12 21:38:00,9.9
2025-06-12 11:33:00,20.8
2025-06-12 11:19:00,72.9
2025-06-12 16:45:00,39.2
2025-06-12 11:05:00,12.9
2025-06-12 11:12:00,95.0
2025-06-12 07:59:00,4.7
2025-06-12 15:57:00,70.6
2025-06-12 22:00:00,13.4
2025-06-12 02:50:00,56.0
2025-06-12 18:12:00,35.3
2025-06-12 15:00:00,40.3
2025-06-12 11:20:00,0.7
2025-06-12 15:17:00,9.3
2025-06-12 21:29:00,8.6
2025-06-12 02:00:00,8.3
2025-06-12 22:41:00,51.1
2025-06-12 12:48:00,84.9
2025-06-12 14:44:00,38.1
2025-06-12 16:44:00,26.0
2025-06-12 05:17:00,62.6
2025-06-12 02:54:00,49.560128956623686
2025-06-12 11:26:00,13.9
2025-06-12 01:09:00,6.4
2025-06-12 22:20:00,49.560128956623686
2025-06-12 01:22:00,12.2
2025-06-12 08:47:00,8.4
2025-06-12 01:32:00,10.2
2025-06-12 12:25:00,49.560128956623686
2025-06-12 04:45:00,49.560128956623686
2025-06-12 09:03:00,49.560128956623686
2025-06-12 00:57:00,94.5
2025-06-12 17:28:00,49.560128956623686
2025-06-12 18:35:00,70.4
2025-06-12 10:54:00,63.6
2025-06-12 07:33:00,41.9
2025-06-12 01:58:00,2.7
2025-06-12 19:55:00,2.1
2025-06-12 10:21:00,97.5
2025-06-12 14:05:00,43.1
2025-06-12 18:57:00,35.7
2025-06-12 00:38:00,68.2
2025-06-12 05:20:00,53.4
2025-06-12 14:00:00,52.4
2025-06-12 05:49:00,20.8
2025-06-12 11:36:00,76.4
2025-06-12 07:11:00,17.7
2025-06-12 08:15:00,16.0
2025-06-12 21:15:00,88.0
2025-06-12 14:08:00,35.2
2025-06-12 02:33:00,49.560128956623686
2025-06-12 15:43:00,9.0
2025-06-12 22:45:00,82.0
2025-06-12 14:43:00,25.0
2025-06-12 06:04:00,76.4
2025-06-12 17:50:00,44.1
2025-06-12 15:07:00,7.2
2025-06-12 19:09:00,23.8
2025-06-12 13:03:00,97.3
2025-06-12 02:03:00,18.0
2025-06-12 12:56:00,33.1
2025-06-12 12:52:00,62.3
2025-06-12 09:35:00,80.3
2025-06-12 07:17:00,49.560128956623686
2025-06-12 23:41:00,75.0
2025-06-12 15:06:00,42.6
2025-06-12 12:13:00,23.1
2025-06-12 20:40:00,41.2
2025-06-12 01:30:00,11.7
2025-06-12 15:34:00,87.9
2025-06-12 23:33:00,34.3
2025-06-12 05:36:00,77.6
2025-06-12 07:24:00,99.0
2025-06-12 17:32:00,3.8
2025-06-12 14:58:00,49.560128956623686
2025-06-12 16:06:00,29.3
2025-06-12 02:09:00,62.4
2025-06-12 07:25:00,40.4
2025-06-12 04:14:00,26.2
2025-06-12 13:01:00,39.6
2025-06-12 11:13:00,49.560128956623686
2025-06-12 12:32:00,35.2
2025-06-12 04:12:00,34.7
2025-06-12 14:41:00,49.560128956623686
2025-06-12 21:25:00,4.9
2025-06-12 20:49:00,53.6
2025-06-12 21:50:00,61.7
2025-06-12 22:42:00,94.5
2025-06-12 00:40:00,50.8
2025-06-12 00:51:00,49.560128956623686
2025-06-12 18:29:00,42.7
2025-06-12 01:50:00,1.8
2025-06-12 07:30:00,47.3
2025-06-12 21:02:00,29.7
2025-06-12 02:18:00,65.6
2025-06-12 09:44:00,49.560128956623686
2025-06-12 09:52:00,43.4
2025-06-12 06:57:00,14.6
2025-06-12 19:54:00,61.2
2025-06-12 06:06:00,49.560128956623686
2025-06-12 22:24:00,1.4
2025-06-12 11:02:00,54.0
2025-06-12 19:53:00,85.9
2025-06-12 15:27:00,64.7
2025-06-12 05:59:00,54.6
2025-06-12 15:03:00,86.7
2025-06-12 21:46:00,84.8
2025-06-12 04:59:00,86.3
2025-06-12 07:04:00,78.1
2025-06-12 14:22:00,44.0
2025-06-12 14:45:00,2.4
2025-06-12 02:13:00,87.0
2025-06-12 12:18:00,20.1
2025-06-12 03:31:00,33.1
2025-06-12 05:40:00,67.1
2025-06-12 03:59:00,17.5
2025-06-12 12:58:00,77.6
2025-06-12 23:40:00,94.3
2025-06-12 06:20:00,37.4
2025-06-12 20:16:00,9.6
2025-06-12 03:29:00,7.9
2025-06-12 15:50:00,36.3
2025-06-12 16:48:00,59.1
2025-06-12 21:18:00,8.0
2025-06-12 08:05:00,66.2
2025-06-12 03:54:00,3.2
2025-06-12 12:44:00,49.560128956623686
2025-06-12 08:09:00,49.560128956623686
2025-06-12 20:42:00,86.9
2025-06-12 03:28:00,34.0
2025-06-12 08:42:00,60.4
2025-06-12 22:30:00,79.4
2025-06-12 13:49:00,65.9
2025-06-12 23:50:00,40.0
2025-06-12 00:28:00,53.8
2025-06-12 14:34:00,65.4
2025-06-12 11:43:00,22.4
2025-06-12 12:24:00,49.560128956623686
2025-06-12 17:33:00,96.7
2025-06-12 20:32:00,60.0
2025-06-12 13:43:00,31.7
2025-06-12 05:16:00,49.560128956623686
2025-06-12 00:24:00,49.560128956623686
2025-06-12 06:38:00,49.0
2025-06-12 05:58:00,22.9
2025-06-12 17:49:00,24.0
2025-06-12 21:47:00,32.2
2025-06-12 12:53:00,30.5
2025-06-12 14:04:00,49.560128956623686
2025-06-12 00:31:00,46.5
2025-06-12 20:51:00,67.4
2025-06-12 00:41:00,81.8
2025-06-12 17:58:00,97.1
2025-06-12 14:42:00,9.7
2025-06-12 10:42:00,73.8
2025-06-12 16:07:00,32.6
2025-06-12 22:14:00,40.6
2025-06-12 19:44:00,14.8
2025-06-12 13:02:00,80.2
2025-06-12 01:19:00,11.2
2025-06-12 07:12:00,44.6
2025-06-12 00:00:00,3.0
2025-06-12 19:28:00,92.2
2025-06-12 02:01:00,9.5
2025-06-12 09:46:00,17.3
2025-06-12 00:20:00,49.560128956623686
2025-06-12 08:30:00,39.2
2025-06-12 09:15:00,66.8
2025-06-12 09:21:00,21.7
2025-06-12 21:24:00,49.560128956623686
2025-06-12 21:49:00,84.0
2025-06-12 17:24:00,34.4
2025-06-12 09:38:00,46.5
2025-06-12 21:30:00,24.0
2025-06-12 19:57:00,42.7
2025-06-12 10:50:00,49.560128956623686
2025-06-12 14:51:00,85.5
2025-06-12 13:08:00,31.9
2025-06-12 08:13:00,99.5
2025-06-12 15:52:00,85.5
2025-06-12 17:08:00,77.9
2025-06-12 09:13:00,22.7
2025-06-12 20:17:00,0.1
2025-06-12 13:17:00,80.7
2025-06-12 13:10:00,35.3
2025-06-12 23:30:00,9.0
2025-06-12 14:21:00,6.1
2025-06-12 06:41:00,4.3
2025-06-12 14:56:00,28.6
2025-06-12 01:03:00,96.9
2025-06-12 10:51:00,25.3
2025-06-12 16:25:00,69.4
2025-06-12 15:10:00,95.1
2025-06-12 22:10:00,49.2
2025-06-12 13:44:00,87.9
2025-06-12 10:26:00,58.1
2025-06-12 11:24:00,24.2
2025-06-12 11:55:00,93.3
2025-06-12 10:13:00,1.7
2025-06-12 00:36:00,2.9
2025-06-12 20:28:00,92.2
2025-06-12 17:09:00,49.560128956623686
2025-06-12 08:26:00,24.1
2025-06-12 23:54:00,19.3
2025-06-12 23:11:00,22.1
2025-06-12 13:27:00,49.560128956623686
2025-06-12 15:01:00,50.2
2025-06-12 09:10:00,82.0
2025-06-12 03:21:00,44.0
2025-06-12 05:43:00,18.3
2025-06-12 20:53:00,25.0
2025-06-12 01:43:00,64.1
2025-06-12 19:31:00,12.6
2025-06-12 18:01:00,66.6
2025-06-12 00:53:00,53.3
2025-06-12 23:36:00,98.5
2025-06-12 13:41:00,40.2
2025-06-12 00:12:00,91.3
2025-06-12 15:29:00,76.7
2025-06-12 16:58:00,63.7
2025-06-12 08:22:00,49.560128956623686
2025-06-12 04:18:00,60.1
2025-06-12 09:05:00,49.9
2025-06-12 22:25:00,83.0
2025-06-12 20:39:00,35.7
2025-06-12 11:58:00,49.560128956623686
2025-06-12 23:43:00,46.2
2025-06-12 05:00:00,12.2
2025-06-12 22:35:00,23.0
2025-06-12 18:13:00,90.0
2025-06-12 04:22:00,31.9
2025-06-12 04:34:00,4.2
2025-06-12 05:46:00,58.9
2025-06-12 18:34:00,91.3
2025-06-12 03:20:00,59.3
2025-06-12 01:47:00,44.0
2025-06-12 03:42:00,56.9
2025-06-12 01:46:00,49.560128956623686
2025-06-12 21:31:00,36.9
2025-06-12 01:28:00,49.560128956623686
2025-06-12 04:37:00,20.8
2025-06-12 00:34:00,64.8
2025-06-12 16:55:00,88.8
2025-06-12 13:46:00,4.8
2025-06-12 22:31:00,94.0
2025-06-12 07:14:00,29.2
2025-06-12 07:43:00,4.5
2025-06-12 02:26:00,14.8
2025-06-12 06:03:00,67.6
2025-06-12 11:07:00,75.3
2025-06-12 22:13:00,19.7
2025-06-12 08:17:00,83.3
2025-06-12 00:23:00,72.7
2025-06-12 02:53:00,41.7
2025-06-12 07:28:00,80.3
2025-06-12 06:28:00,7.4
2025-06-12 16:50:00,3.8
2025-06-12 02:58:00,50.10277843742579
2025-06-12 06:03:00,20.7
2025-06-12 13:07:00,8.4
2025-06-12 14:23:00,90.4
2025-06-12 23:50:00,51.4
2025-06-12 08:19:00,80.3
2025-06-12 09:34:00,30.5
2025-06-12 19:34:00,83.5
2025-06-12 23:00:00,50.10277843742579
2025-06-12 06:55:00,81.2
2025-06-12 06:31:00,74.7
2025-06-12 19:30:00,39.0
2025-06-12 15:44:00,48.7
2025-06-12 18:44:00,72.0
2025-06-12 04:51:00,41.8
2025-06-12 11:06:00,42.1
2025-06-12 00:37:00,14.1
2025-06-12 00:30:00,96.8
2025-06-12 04:42:00,79.8
2025-06-12 00:52:00,23.0
2025-06-12 16:30:00,24.0
2025-06-12 10:49:00,93.1
2025-06-12 08:49:00,55.1
2025-06-12 02:50:00,20.2
2025-06-12 18:32:00,50.10277843742579
2025-06-12 23:59:00,98.7
2025-06-12 11:02:00,68.2
2025-06-12 09:12:00,80.9
2025-06-12 05:40:00,63.6
2025-06-12 17:43:00,50.10277843742579
2025-06-12 10:35:00,7.9
2025-06-12 02:14:00,29.5
2025-06-12 10:20:00,22.7
2025-06-12 21:42:00,48.4
2025-06-12 00:47:00,71.3
2025-06-12 09:00:00,73.2
2025-06-12 14:08:00,34.5
2025-06-12 06:12:00,96.6
2025-06-12 22:18:00,94.8
2025-06-12 06:52:00,4.0
2025-06-12 06:43:00,50.10277843742579
2025-06-12 15:57:00,97.4
2025-06-12 19:35:00,83.8
2025-06-12 04:46:00,50.10277843742579
2025-06-12 23:34:00,86.4
2025-06-12 23:33:00,49.3
2025-06-12 11:18:00,59.2
2025-06-12 03:44:00,10.8
2025-06-12 03:53:00,5.2
2025-06-12 14:22:00,24.1
2025-06-12 17:22:00,79.0
2025-06-12 08:54:00,29.6
2025-06-12 15:04:00,18.7
2025-06-12 17:28:00,83.4
2025-06-12 10:11:00,2.2
2025-06-12 11:39:00,50.10277843742579
2025-06-12 18:09:00,33.4
2025-06-12 07:19:00,39.9
2025-06-12 04:06:00,33.1
2025-06-12 15:14:00,43.1
2025-06-12 01:30:00,16.1
2025-06-12 18:37:00,40.1
2025-06-12 16:11:00,50.10277843742579
2025-06-12 22:55:00,98.5
2025-06-12 05:03:00,84.5
2025-06-12 12:23:00,87.0
2025-06-12 20:07:00,16.1
2025-06-12 15:00:00,82.8
2025-06-12 04:54:00,50.10277843742579
2025-06-12 14:14:00,99.6
2025-06-12 03:22:00,46.1
2025-06-12 23:05:00,90.0
2025-06-12 19:08:00,56.7
2025-06-12 17:54:00,50.10277843742579
2025-06-12 22:16:00,50.10277843742579
2025-06-12 04:18:00,50.10277843742579
2025-06-12 15:27:00,50.10277843742579
2025-06-12 10:07:00,20.1
2025-06-12 16:05:00,32.0
2025-06-12 18:39:00,8.6
2025-06-12 07:03:00,23.2
2025-06-12 03:49:00,15.4
2025-06-12 16:38:00,81.3
2025-06-12 12:49:00,36.2
2025-06-12 13:37:00,66.0
2025-06-12 14:51:00,18.6
2025-06-12 05:09:00,50.10277843742579
2025-06-12 04:36:00,50.10277843742579
2025-06-12 14:57:00,35.4
2025-06-12 19:38:00,50.10277843742579
2025-06-12 16:52:00,96.2
2025-06-12 08:52:00,80.8
2025-06-12 01:57:00,15.7
2025-06-12 12:06:00,78.5
2025-06-12 10:45:00,61.1
2025-06-12 09:18:00,36.9
2025-06-12 02:47:00,65.1
2025-06-12 02:04:00,15.9
2025-06-12 01:24:00,34.7
2025-06-12 10:41:00,95.4
2025-06-12 04:41:00,7.6
2025-06-12 13:17:00,27.2
2025-06-12 03:55:00,50.10277843742579
2025-06-12 14:29:00,53.2
2025-06-12 05:16:00,42.5
2025-06-12 21:16:00,75.7
2025-06-12 09:49:00,83.4
2025-06-12 05:58:00,69.6
2025-06-12 10:22:00,42.8
2025-06-12 05:04:00,10.6
2025-06-12 14:59:00,86.2
2025-06-12 09:33:00,51.5
2025-06-12 22:59:00,39.7
2025-06-12 01:08:00,0.8
2025-06-12 07:48:00,4.5
2025-06-12 00:18:00,26.7
2025-06-12 22:31:00,31.3
2025-06-12 17:02:00,74.9
2025-06-12 07:06:00,45.5
2025-06-12 00:16:00,50.10277843742579
2025-06-12 22:12:00,50.10277843742579
2025-06-12 18:55:00,50.10277843742579
2025-06-12 07:25:00,43.4
2025-06-12 14:07:00,84.5
2025-06-12 02:09:00,97.9
2025-06-12 03:26:00,4.0
2025-06-12 10:37:00,86.7
2025-06-12 11:47:00,89.0
2025-06-12 21:50:00,95.5
2025-06-12 20:46:00,89.4
2025-06-12 11:12:00,4.8
2025-06-12 13:25:00,88.6
2025-06-12 14:21:00,50.10277843742579
2025-06-12 18:17:00,68.2
2025-06-12 02:36:00,50.10277843742579
2025-06-12 17:23:00,7.0
2025-06-12 16:09:00,71.0
2025-06-12 16:27:00,28.1
2025-06-12 12:07:00,15.9
2025-06-12 20:21:00,43.0
2025-06-12 19:58:00,64.5
2025-06-12 04:10:00,15.1
2025-06-12 01:09:00,45.2
2025-06-12 14:56:00,50.10277843742579
2025-06-12 18:46:00,50.10277843742579
2025-06-12 03:27:00,99.5
2025-06-12 05:48:00,12.9
2025-06-12 09:41:00,65.9
2025-06-12 22:14:00,50.10277843742579
2025-06-12 07:31:00,49.5
2025-06-12 06:49:00,58.4
2025-06-12 07:37:00,97.7
2025-06-12 06:59:00,70.7
2025-06-12 16:53:00,50.10277843742579
2025-06-12 04:59:00,13.9
2025-06-12 13:36:00,86.0
2025-06-12 21:27:00,50.10277843742579
2025-06-12 15:08:00,27.3
2025-06-12 05:54:00,50.10277843742579
2025-06-12 08:07:00,26.4
2025-06-12 09:10:00,35.4
2025-06-12 00:01:00,50.10277843742579
2025-06-12 21:20:00,10.6
2025-06-12 20:56:00,43.3
2025-06-12 13:58:00,18.9
2025-06-12 16:01:00,50.10277843742579
2025-06-12 12:01:00,88.2
2025-06-12 09:15:00,75.7
2025-06-12 03:35:00,50.10277843742579
2025-06-12 03:33:00,97.5
2025-06-12 10:43:00,10.9
2025-06-12 13:33:00,49.7
2025-06-12 23:01:00,16.7
2025-06-12 12:15:00,13.4
2025-06-12 04:35:00,30.0
2025-06-12 07:11:00,35.4
2025-06-12 21:10:00,10.5
2025-06-12 19:00:00,60.4
2025-06-12 14:26:00,50.10277843742579
2025-06-12 14:42:00,50.10277843742579
2025-06-12 12:37:00,48.3
2025-06-12 15:30:00,19.3
2025-06-12 12:36:00,26.7
2025-06-12 20:22:00,48.6
2025-06-12 00:28:00,7.2
2025-06-12 01:12:00,25.8
2025-06-12 12:22:00,43.2
2025-06-12 05:21:00,42.3
2025-06-12 09:09:00,50.10277843742579
2025-06-12 01:16:00,43.3
2025-06-12 22:50:00,19.4
2025-06-12 17:35:00,14.0
2025-06-12 16:44:00,6.6
2025-06-12 19:40:00,24.4
2025-06-12 06:11:00,68.7
2025-06-12 21:34:00,55.9
2025-06-12 22:45:00,50.10277843742579
2025-06-12 21:37:00,4.4
2025-06-12 23:25:00,85.6
2025-06-12 19:18:00,46.1
2025-06-12 15:56:00,15.9
2025-06-12 10:38:00,50.10277843742579
2025-06-12 05:32:00,7.3
2025-06-12 07:54:00,39.8
2025-06-12 06:30:00,50.10277843742579
2025-06-12 19:32:00,54.9
2025-06-12 11:53:00,36.8
2025-06-12 11:45:00,57.1
2025-06-12 15:53:00,2.6
2025-06-12 14:01:00,84.9
2025-06-12 19:49:00,85.3
2025-06-12 14:39:00,63.3
2025-06-12 01:54:00,39.0
2025-06-12 10:48:00,65.3
2025-06-12 17:30:00,30.3
2025-06-12 13:03:00,50.10277843742579
2025-06-12 23:32:00,88.3
2025-06-12 06:48:00,11.1
2025-06-12 19:04:00,40.1
2025-06-12 23:07:00,46.2
2025-06-12 06:20:00,89.6
2025-06-12 13:39:00,93.2
2025-06-12 08:17:00,56.0
2025-06-12 23:49:00,98.0
2025-06-12 19:20:00,17.1
2025-06-12 22:53:00,4.2
2025-06-12 01:51:00,50.10277843742579
2025-06-12 15:02:00,41.5
2025-06-12 22:57:00,40.0
2025-06-12 23:55:00,31.4
2025-06-12 20:01:00,53.2
2025-06-12 17:01:00,7.2
2025-06-12 12:24:00,22.2
2025-06-12 03:37:00,46.9
2025-06-12 20:48:00,53.0
2025-06-12 21:53:00,66.6
2025-06-12 00:23:00,82.3
2025-06-12 17:31:00,84.3
2025-06-12 01:19:00,32.0
2025-06-12 03:39:00,50.10277843742579
2025-06-12 11:40:00,50.10277843742579
2025-06-12 09:30:00,1.4
2025-06-12 15:35:00,15.2
2025-06-12 17:48:00,9.0
2025-06-12 03:14:00,28.5
2025-06-12 10:36:00,50.10277843742579
2025-06-12 16:29:00,19.9
2025-06-12 13:30:00,13.9
2025-06-12 13:18:00,95.9
2025-06-12 11:46:00,24.5
2025-06-12 11:00:00,73.6
2025-06-12 03:03:00,87.5
2025-06-12 03:30:00,65.3
2025-06-12 00:11:00,24.3
2025-06-12 17:15:00,89.1
2025-06-12 13:16:00,12.4
2025-06-12 01:40:00,5.2
2025-06-12 17:10:00,50.10277843742579
2025-06-12 11:07:00,90.4
2025-06-12 05:27:00,50.10277843742579
2025-06-12 19:26:00,0.4
2025-06-12 13:31:00,50.10277843742579
2025-06-12 01:41:00,50.2
2025-06-12 20:40:00,75.6
2025-06-12 16:20:00,37.3
2025-06-12 19:57:00,21.3
2025-06-12 05:35:00,50.10277843742579
2025-06-12 11:23:00,4.0
2025-06-12 21:22:00,59.5
2025-06-12 03:36:00,47.6
2025-06-12 07:22:00,14.7
2025-06-12 00:27:00,97.4
2025-06-12 02:18:00,99.3
2025-06-12 00:22:00,30.8
2025-06-12 01:20:00,44.1
2025-06-12 23:08:00,61.3
2025-06-12 04:57:00,4.1
2025-06-12 18:15:00,15.9
2025-06-12 10:16:00,28.2
2025-06-12 22:20:00,37.3
2025-06-12 21:30:00,28.4
2025-06-12 11:56:00,32.1
2025-06-12 15:31:00,64.6
2025-06-12 13:35:00,59.0
2025-06-12 00:26:00,29.7
2025-06-12 09:17:00,50.10277843742579
2025-06-12 00:51:00,96.8
2025-06-12 21:12:00,20.3
2025-06-12 03:25:00,57.0
2025-06-12 00:00:00,18.7
2025-06-12 11:58:00,66.6
2025-06-12 03:07:00,17.4
2025-06-12 05:15:00,25.8
2025-06-12 22:21:00,75.1
2025-06-12 01:31:00,72.6
2025-06-12 13:52:00,62.7
2025-06-12 09:08:00,19.8
2025-06-12 18:42:00,35.1
2025-06-12 16:24:00,84.0
2025-06-12 08:39:00,18.1
2025-06-12 18:53:00,39.6
2025-06-12 21:00:00,39.6
2025-06-12 07:10:00,19.1
2025-06-12 22:25:00,74.6
2025-06-12 13:59:00,53.6
2025-06-12 04:01:00,77.8
2025-06-12 09:10:00,49.2
2025-06-12 13:44:00,49.85036359371334
2025-06-12 14:32:00,13.6
2025-06-12 18:24:00,54.0
2025-06-12 06:30:00,30.8
2025-06-12 00:39:00,11.7
2025-06-12 13:19:00,14.4
2025-06-12 13:30:00,49.85036359371334
2025-06-12 00:42:00,37.5
2025-06-12 06:44:00,24.6
2025-06-12 02:27:00,83.2
2025-06-12 10:07:00,93.3
2025-06-12 12:00:00,96.9
2025-06-12 23:14:00,68.1
2025-06-12 18:53:00,28.8
2025-06-12 18:17:00,69.5
2025-06-12 06:36:00,49.85036359371334
2025-06-12 03:59:00,37.9
2025-06-12 05:00:00,75.8
2025-06-12 03:20:00,84.5
2025-06-12 23:23:00,21.0
2025-06-12 03:58:00,94.0
2025-06-12 03:57:00,41.9
2025-06-12 03:21:00,35.2
2025-06-12 16:10:00,49.85036359371334
2025-06-12 07:48:00,85.1
2025-06-12 17:57:00,57.2
2025-06-12 20:44:00,40.3
2025-06-12 06:58:00,49.85036359371334
2025-06-12 21:56:00,49.85036359371334
2025-06-12 12:52:00,12.7
2025-06-12 00:57:00,4.2
2025-06-12 12:55:00,49.85036359371334
2025-06-12 16:09:00,49.1
2025-06-12 07:32:00,60.8
2025-06-12 08:40:00,96.3
2025-06-12 23:20:00,80.7
2025-06-12 19:46:00,57.7
2025-06-12 02:46:00,61.3
2025-06-12 22:19:00,37.5
2025-06-12 00:01:00,77.7
2025-06-12 06:31:00,39.4
2025-06-12 02:44:00,28.3
2025-06-12 03:47:00,96.8
2025-06-12 06:53:00,0.2
2025-06-12 21:18:00,14.6
2025-06-12 22:32:00,77.1
2025-06-12 09:35:00,98.9
2025-06-12 10:29:00,62.6
2025-06-12 18:55:00,22.0
2025-06-12 20:21:00,78.3
2025-06-12 05:35:00,70.6
2025-06-12 01:08:00,49.85036359371334
2025-06-12 07:44:00,49.85036359371334
2025-06-12 20:23:00,68.1
2025-06-12 10:21:00,67.2
2025-06-12 11:10:00,49.85036359371334
2025-06-12 19:33:00,63.9
2025-06-12 20:45:00,38.2
2025-06-12 09:54:00,10.2
2025-06-12 02:35:00,95.9
2025-06-12 01:57:00,33.2
2025-06-12 16:18:00,49.85036359371334
2025-06-12 08:29:00,3.8
2025-06-12 07:06:00,36.2
2025-06-12 01:23:00,12.7
2025-06-12 18:43:00,84.3
2025-06-12 23:03:00,49.85036359371334
2025-06-12 21:54:00,2.0
2025-06-12 06:52:00,46.6
2025-06-12 17:20:00,49.85036359371334
2025-06-12 13:20:00,2.6
2025-06-12 04:45:00,49.85036359371334
2025-06-12 20:53:00,49.85036359371334
2025-06-12 10:49:00,18.2
2025-06-12 04:13:00,6.9
2025-06-12 22:03:00,93.5
2025-06-12 05:31:00,59.7
2025-06-12 22:38:00,51.5
2025-06-12 04:51:00,57.4
2025-06-12 16:03:00,49.85036359371334
2025-06-12 23:57:00,94.4
2025-06-12 03:14:00,50.0
2025-06-12 06:19:00,22.2
2025-06-12 15:14:00,84.8
2025-06-12 14:19:00,49.85036359371334
2025-06-12 22:25:00,91.0
2025-06-12 18:42:00,40.9
2025-06-12 09:26:00,21.1
2025-06-12 12:11:00,49.85036359371334
2025-06-12 01:19:00,33.0
2025-06-12 16:27:00,29.9
2025-06-12 10:37:00,55.6
2025-06-12 00:03:00,79.1
2025-06-12 13:08:00,13.7
2025-06-12 22:15:00,49.85036359371334
2025-06-12 17:43:00,42.4
2025-06-12 08:36:00,49.85036359371334
2025-06-12 23:12:00,49.85036359371334
2025-06-12 20:15:00,49.85036359371334
2025-06-12 08:12:00,78.7
2025-06-12 13:24:00,90.8
2025-06-12 07:05:00,66.7
2025-06-12 19:40:00,49.85036359371334
2025-06-12 03:40:00,74.4
2025-06-12 21:57:00,42.0
2025-06-12 15:57:00,38.3
2025-06-12 06:56:00,90.8
2025-06-12 00:14:00,46.5
2025-06-12 12:21:00,48.6
2025-06-12 11:25:00,56.5
2025-06-12 19:14:00,59.4
2025-06-12 15:54:00,6.4
2025-06-12 21:07:00,14.2
2025-06-12 04:49:00,84.2
2025-06-12 09:01:00,97.4
2025-06-12 20:38:00,79.9
2025-06-12 17:37:00,86.8
2025-06-12 07:35:00,22.5
2025-06-12 13:40:00,14.7
2025-06-12 17:08:00,41.5
2025-06-12 21:10:00,55.4
2025-06-12 01:13:00,88.4
2025-06-12 14:08:00,43.6
2025-06-12 15:07:00,52.1
2025-06-12 23:15:00,49.85036359371334
2025-06-12 09:08:00,5.3
2025-06-12 15:49:00,13.1
2025-06-12 06:14:00,14.6
2025-06-12 17:53:00,36.8
2025-06-12 02:20:00,49.85036359371334
2025-06-12 21:15:00,53.1
2025-06-12 02:50:00,14.0
2025-06-12 04:55:00,68.8
2025-06-12 07:53:00,87.0
2025-06-12 07:10:00,32.7
2025-06-12 06:26:00,21.5
2025-06-12 10:28:00,49.85036359371334
2025-06-12 19:12:00,99.7
2025-06-12 15:23:00,24.5
2025-06-12 14:44:00,29.0
2025-06-12 10:41:00,71.7
2025-06-12 13:50:00,74.9
2025-06-12 02:47:00,89.0
2025-06-12 01:21:00,10.1
2025-06-12 21:23:00,14.1
2025-06-12 07:37:00,22.5
2025-06-12 13:45:00,86.5
2025-06-12 04:48:00,54.4
2025-06-12 08:09:00,16.2
2025-06-12 19:15:00,68.4
2025-06-12 18:34:00,26.9
2025-06-12 02:18:00,29.0
2025-06-12 07:17:00,91.7
2025-06-12 12:20:00,39.9
2025-06-12 11:52:00,35.9
2025-06-12 18:01:00,6.8
2025-06-12 17:12:00,24.3
2025-06-12 01:17:00,99.2
2025-06-12 00:07:00,59.7
2025-06-12 19:25:00,42.3
2025-06-12 00:54:00,61.5
2025-06-12 08:14:00,29.2
2025-06-12 23:43:00,49.85036359371334
2025-06-12 00:34:00,1.2
2025-06-12 14:16:00,68.8
2025-06-12 10:14:00,21.8
2025-06-12 04:04:00,94.4
2025-06-12 02:21:00,9.5
2025-06-12 06:17:00,26.6
2025-06-12 16:33:00,49.85036359371334
2025-06-12 14:29:00,37.2
2025-06-12 20:36:00,52.6
2025-06-12 09:37:00,25.1
2025-06-12 09:55:00,42.8
2025-06-12 17:14:00,12.1
2025-06-12 14:15:00,2.9
2025-06-12 14:17:00,49.85036359371334
2025-06-12 23:28:00,24.3
2025-06-12 23:38:00,29.2
2025-06-12 04:52:00,10.8
2025-06-12 13:41:00,91.2
2025-06-12 20:28:00,13.6
2025-06-12 10:42:00,33.4
2025-06-12 08:04:00,65.5
2025-06-12 20:05:00,83.4
2025-06-12 16:26:00,52.6
2025-06-12 19:23:00,49.85036359371334
2025-06-12 08:39:00,19.4
2025-06-12 09:00:00,13.6
2025-06-12 00:40:00,86.8
2025-06-12 16:15:00,18.2
2025-06-12 18:03:00,67.2
2025-06-12 01:10:00,79.1
2025-06-12 21:50:00,47.3
2025-06-12 07:16:00,9.2
2025-06-12 09:33:00,8.2
2025-06-12 12:40:00,1.8
2025-06-12 23:08:00,88.1
2025-06-12 14:02:00,85.1
2025-06-12 08:15:00,60.8
2025-06-12 14:35:00,49.8
2025-06-12 18:20:00,49.85036359371334
2025-06-12 01:05:00,49.85036359371334
2025-06-12 16:25:00,53.0
2025-06-12 18:02:00,18.9
2025-06-12 12:47:00,10.2
2025-06-12 12:25:00,49.85036359371334
2025-06-12 14:09:00,51.5
2025-06-12 20:27:00,49.85036359371334
2025-06-12 08:57:00,64.6
2025-06-12 09:09:00,57.0
2025-06-12 06:09:00,83.9
2025-06-12 12:36:00,71.1
2025-06-12 10:20:00,13.6
2025-06-12 22:42:00,96.8
2025-06-12 05:41:00,49.85036359371334
2025-06-12 04:57:00,79.0
2025-06-12 21:32:00,49.85036359371334
2025-06-12 22:18:00,76.2
2025-06-12 05:48:00,73.1
2025-06-12 05:58:00,66.2
2025-06-12 16:22:00,36.4
2025-06-12 15:59:00,79.1
2025-06-12 00:43:00,97.5
2025-06-12 21:39:00,33.5
2025-06-12 13:48:00,93.4
2025-06-12 20:09:00,79.6
2025-06-12 03:55:00,75.4
2025-06-12 02:53:00,60.9
2025-06-12 23:25:00,51.2
2025-06-12 17:31:00,45.4
2025-06-12 00:33:00,35.0
2025-06-12 02:23:00,64.0
2025-06-12 00:21:00,56.4
2025-06-12 15:44:00,39.5
2025-06-12 04:12:00,28.1
2025-06-12 22:44:00,16.8
2025-06-12 07:45:00,17.9
2025-06-12 22:14:00,46.4
2025-06-12 18:58:00,33.0
2025-06-12 22:08:00,8.4
2025-06-12 15:45:00,94.0
2025-06-12 08:42:00,49.85036359371334
2025-06-12 21:01:00,97.4
2025-06-12 23:06:00,98.9
2025-06-12 15:27:00,14.7
2025-06-12 08:19:00,41.0
2025-06-12 17:32:00,30.8
2025-06-12 10:26:00,57.4
2025-06-12 15:32:00,45.6
2025-06-12 11:26:00,68.5
2025-06-12 04:19:00,49.85036359371334
2025-06-12 01:02:00,49.85036359371334
2025-06-12 12:44:00,94.2
2025-06-12 23:49:00,15.5
2025-06-12 02:56:00,49.85036359371334
2025-06-12 20:50:00,26.3
2025-06-12 09:53:00,3.2
2025-06-12 19:28:00,9.6
2025-06-12 15:26:00,58.4
2025-06-12 00:30:00,39.5
2025-06-12 10:13:00,25.9
2025-06-12 00:31:00,44.8
2025-06-12 15:37:00,51.2
2025-06-12 13:10:00,16.4
2025-06-12 14:12:00,62.3
2025-06-12 03:18:00,18.6
2025-06-12 10:23:00,6.5
2025-06-12 03:51:00,49.85036359371334
2025-06-12 21:14:00,92.4
2025-06-12 09:14:00,55.6
2025-06-12 03:07:00,86.8
2025-06-12 08:23:00,72.8
2025-06-12 15:17:00,35.5
2025-06-12 05:33:00,31.6
2025-06-12 16:06:00,1.9
2025-06-12 23:59:00,78.7
2025-06-12 10:16:00,63.6
2025-06-12 00:25:00,28.5
2025-06-12 15:31:00,0.9
2025-06-12 05:10:00,11.3
2025-06-12 03:12:00,26.1
2025-06-12 06:03:00,68.6
2025-06-12 01:31:00,21.1
2025-06-12 13:18:00,49.85036359371334
2025-06-12 08:52:00,23.5
2025-06-12 12:34:00,40.8
2025-06-12 12:04:00,22.3
2025-06-12 06:23:00,49.85036359371334
2025-06-12 13:35:00,63.7
2025-06-12 15:34:00,67.1
2025-06-12 04:03:00,77.7
2025-06-12 07:40:00,19.1
2025-06-12 21:30:00,63.0
2025-06-12 03:36:00,40.9
2025-06-12 02:25:00,86.4
2025-06-12 07:34:00,1.3
2025-06-12 04:16:00,65.0
2025-06-12 19:37:00,7.1
2025-06-12 11:08:00,39.3
2025-06-12 21:35:00,26.3
2025-06-12 23:21:00,29.0
2025-06-12 17:41:00,83.0
2025-06-12 01:25:00,49.85036359371334
2025-06-12 20:33:00,24.9
2025-06-12 04:43:00,5.5
2025-06-12 08:54:00,61.4
2025-06-12 19:45:00,99.1
2025-06-12 13:22:00,14.1
2025-06-12 04:07:00,19.6
2025-06-12 01:36:00,25.2
2025-06-12 12:05:00,40.7
2025-06-12 02:21:00,16.3
2025-06-12 22:26:00,93.0
2025-06-12 17:30:00,100.0
2025-06-12 18:29:00,40.1
2025-06-12 02:15:00,68.8
2025-06-12 09:52:00,2.6
2025-06-12 23:16:00,8.2
2025-06-12 07:54:00,11.4
2025-06-12 13:24:00,37.4
2025-06-12 09:24:00,21.4
2025-06-12 08:42:00,51.3
2025-06-12 20:24:00,50.02337935876432
2025-06-12 02:25:00,93.4
2025-06-12 17:25:00,50.02337935876432
2025-06-12 15:36:00,71.3
2025-06-12 12:39:00,60.8
2025-06-12 11:25:00,54.0
2025-06-12 16:46:00,98.7
2025-06-12 07:07:00,61.5
2025-06-12 02:09:00,12.5
2025-06-12 13:30:00,39.3
2025-06-12 03:07:00,16.8
2025-06-12 18:42:00,71.3
2025-06-12 19:57:00,50.02337935876432
2025-06-12 08:31:00,50.02337935876432
2025-06-12 12:35:00,7.9
2025-06-12 23:53:00,33.1
2025-06-12 08:34:00,50.02337935876432
2025-06-12 11:47:00,84.6
2025-06-12 12:52:00,33.0
2025-06-12 23:35:00,99.0
2025-06-12 18:49:00,4.6
2025-06-12 06:45:00,50.02337935876432
2025-06-12 08:04:00,58.6
2025-06-12 08:21:00,14.1
2025-06-12 07:26:00,6.1
2025-06-12 04:57:00,50.02337935876432
2025-06-12 18:10:00,52.3
2025-06-12 20:44:00,87.2
2025-06-12 10:39:00,27.2
2025-06-12 02:44:00,58.7
2025-06-12 01:33:00,17.8
2025-06-12 14:27:00,13.7
2025-06-12 16:27:00,94.5
2025-06-12 14:34:00,50.02337935876432
2025-06-12 01:48:00,50.02337935876432
2025-06-12 13:02:00,75.4
2025-06-12 23:08:00,50.02337935876432
2025-06-12 22:24:00,50.02337935876432
2025-06-12 15:53:00,50.02337935876432
2025-06-12 07:00:00,55.2
2025-06-12 09:49:00,14.3
2025-06-12 16:50:00,39.7
2025-06-12 14:35:00,73.9
2025-06-12 05:33:00,25.7
2025-06-12 13:42:00,82.3
2025-06-12 18:41:00,93.9
2025-06-12 05:20:00,62.3
2025-06-12 19:09:00,3.6
2025-06-12 18:05:00,9.5
2025-06-12 23:10:00,34.4
2025-06-12 10:53:00,50.02337935876432
2025-06-12 00:51:00,68.6
2025-06-12 22:25:00,29.0
2025-06-12 09:32:00,36.3
2025-06-12 20:59:00,50.02337935876432
2025-06-12 06:19:00,91.1
2025-06-12 01:17:00,50.02337935876432
2025-06-12 23:48:00,31.5
2025-06-12 12:21:00,47.1
2025-06-12 00:13:00,81.7
2025-06-12 04:40:00,82.1
2025-06-12 03:13:00,54.2
2025-06-12 03:55:00,69.2
2025-06-12 09:23:00,92.6
2025-06-12 22:29:00,97.4
2025-06-12 07:48:00,40.8
2025-06-12 17:43:00,94.5
2025-06-12 18:06:00,76.4
2025-06-12 03:29:00,33.2
2025-06-12 08:53:00,50.02337935876432
2025-06-12 14:02:00,78.5
2025-06-12 09:29:00,38.2
2025-06-12 06:43:00,50.02337935876432
2025-06-12 14:38:00,50.02337935876432
2025-06-12 09:08:00,61.1
2025-06-12 00:32:00,43.0
2025-06-12 02:57:00,46.8
2025-06-12 21:10:00,10.3
2025-06-12 01:49:00,15.9
2025-06-12 07:04:00,46.8
2025-06-12 01:28:00,77.0
2025-06-12 20:08:00,50.02337935876432
2025-06-12 08:26:00,81.0
2025-06-12 11:00:00,39.5
2025-06-12 15:27:00,80.7
2025-06-12 10:58:00,25.2
2025-06-12 06:25:00,12.3
2025-06-12 21:00:00,88.8
2025-06-12 09:55:00,44.5
2025-06-12 23:07:00,18.0
2025-06-12 23:51:00,1.5
2025-06-12 05:58:00,13.4
2025-06-12 01:03:00,10.9
2025-06-12 02:54:00,50.02337935876432
2025-06-12 18:16:00,50.02337935876432
2025-06-12 09:11:00,73.3
2025-06-12 11:56:00,16.5
2025-06-12 04:26:00,56.1
2025-06-12 04:22:00,29.3
2025-06-12 00:36:00,50.02337935876432
2025-06-12 02:24:00,84.5
2025-06-12 21:56:00,34.6
2025-06-12 20:36:00,7.5
2025-06-12 14:40:00,96.7
2025-06-12 20:06:00,92.6
2025-06-12 21:30:00,50.02337935876432
2025-06-12 17:16:00,92.7
2025-06-12 10:18:00,91.1
2025-06-12 14:55:00,58.4
2025-06-12 23:58:00,19.5
2025-06-12 15:19:00,77.6
2025-06-12 03:05:00,37.2
2025-06-12 10:01:00,72.2
2025-06-12 11:13:00,21.4
2025-06-12 03:52:00,22.2
2025-06-12 08:32:00,54.0
2025-06-12 18:38:00,6.6
2025-06-12 21:51:00,97.9
2025-06-12 16:55:00,50.02337935876432
2025-06-12 04:30:00,50.02337935876432
2025-06-12 00:48:00,12.3
2025-06-12 06:53:00,23.7
2025-06-12 16:19:00,94.5
2025-06-12 11:48:00,64.1
2025-06-12 19:53:00,86.8
2025-06-12 17:17:00,70.0
2025-06-12 21:46:00,84.5
2025-06-12 12:48:00,50.6
2025-06-12 06:20:00,4.7
2025-06-12 11:38:00,73.3
2025-06-12 14:07:00,28.7
2025-06-12 22:03:00,82.6
2025-06-12 14:06:00,49.6
2025-06-12 10:44:00,63.3
2025-06-12 14:59:00,80.3
2025-06-12 18:32:00,79.2
2025-06-12 08:01:00,8.6
2025-06-12 10:32:00,6.8
2025-06-12 01:54:00,50.02337935876432
2025-06-12 14:43:00,73.3
2025-06-12 06:14:00,89.4
2025-06-12 06:09:00,48.6
2025-06-12 16:44:00,26.7
2025-06-12 13:03:00,28.1
2025-06-12 06:07:00,18.4
2025-06-12 05:12:00,12.8
2025-06-12 02:07:00,93.8
2025-06-12 15:44:00,97.1
2025-06-12 19:36:00,76.8
2025-06-12 19:23:00,10.7
2025-06-12 16:54:00,16.8
2025-06-12 10:20:00,50.02337935876432
2025-06-12 18:22:00,50.02337935876432
2025-06-12 23:52:00,65.9
2025-06-12 06:50:00,62.7
2025-06-12 17:06:00,36.1
2025-06-12 02:35:00,1.8
2025-06-12 11:40:00,93.5
2025-06-12 22:11:00,55.4
2025-06-12 04:15:00,56.5
2025-06-12 20:38:00,22.2
2025-06-12 11:24:00,66.3
2025-06-12 17:26:00,13.1
2025-06-12 04:19:00,70.9
2025-06-12 02:41:00,42.7
2025-06-12 20:56:00,92.9
2025-06-12 15:58:00,4.1
2025-06-12 02:37:00,70.8
2025-06-12 12:03:00,47.2
2025-06-12 12:43:00,85.6
2025-06-12 04:28:00,21.1
2025-06-12 18:58:00,50.02337935876432
2025-06-12 18:40:00,1.5
2025-06-12 18:17:00,6.0
2025-06-12 18:31:00,10.9
2025-06-12 21:22:00,51.6
2025-06-12 06:42:00,28.3
2025-06-12 19:40:00,41.5
2025-06-12 05:31:00,50.02337935876432
2025-06-12 16:48:00,50.02337935876432
2025-06-12 03:37:00,77.6
2025-06-12 02:38:00,53.3
2025-06-12 17:51:00,19.1
2025-06-12 04:47:00,49.6
2025-06-12 10:27:00,50.02337935876432
2025-06-12 17:28:00,55.6
2025-06-12 18:56:00,83.9
2025-06-12 03:31:00,50.02337935876432
2025-06-12 22:50:00,50.02337935876432
2025-06-12 12:49:00,35.1
2025-06-12 05:18:00,50.02337935876432
2025-06-12 16:40:00,96.5
2025-06-12 01:27:00,45.3
2025-06-12 19:43:00,37.8
2025-06-12 08:28:00,22.6
2025-06-12 03:58:00,22.4
2025-06-12 04:20:00,88.2
2025-06-12 21:44:00,94.8
2025-06-12 19:56:00,50.02337935876432
2025-06-12 19:17:00,98.4
2025-06-12 05:22:00,50.02337935876432
2025-06-12 01:55:00,50.02337935876432
2025-06-12 02:12:00,50.02337935876432
2025-06-12 02:11:00,50.02337935876432
2025-06-12 12:10:00,50.6
2025-06-12 17:11:00,68.5
2025-06-12 05:51:00,6.0
2025-06-12 20:00:00,41.4
2025-06-12 13:36:00,64.9
2025-06-12 04:14:00,99.4
2025-06-12 06:24:00,5.1
2025-06-12 23:01:00,50.02337935876432
2025-06-12 09:20:00,50.02337935876432
2025-06-12 18:51:00,31.1
2025-06-12 19:26:00,50.02337935876432
2025-06-12 14:42:00,8.1
2025-06-12 22:44:00,78.7
2025-06-12 15:41:00,98.4
2025-06-12 05:39:00,72.5
2025-06-12 15:50:00,73.1
2025-06-12 06:15:00,50.02337935876432
2025-06-12 14:03:00,99.3
2025-06-12 20:53:00,18.1
2025-06-12 16:33:00,79.0
2025-06-12 03:14:00,35.1
2025-06-12 05:25:00,50.02337935876432
2025-06-12 08:33:00,50.02337935876432
2025-06-12 21:23:00,75.3
2025-06-12 08:58:00,50.02337935876432
2025-06-12 16:17:00,28.6
2025-06-12 00:54:00,59.3
2025-06-12 20:11:00,21.3
2025-06-12 21:36:00,78.6
2025-06-12 07:05:00,7.0
2025-06-12 07:29:00,50.02337935876432
2025-06-12 17:32:00,27.2
2025-06-12 12:07:00,62.9
2025-06-12 12:47:00,83.4
2025-06-12 09:58:00,50.02337935876432
2025-06-12 11:11:00,20.8
2025-06-12 22:46:00,14.5
2025-06-12 03:43:00,45.5
2025-06-12 18:27:00,83.8
2025-06-12 14:36:00,50.02337935876432
2025-06-12 00:41:00,50.02337935876432
2025-06-12 14:09:00,42.0
2025-06-12 20:13:00,76.9
2025-06-12 11:19:00,75.6
2025-06-12 06:51:00,91.9
2025-06-12 21:28:00,93.8
2025-06-12 07:46:00,52.4
2025-06-12 10:41:00,8.3
2025-06-12 12:15:00,43.7
2025-06-12 06:35:00,7.7
2025-06-12 23:17:00,79.5
2025-06-12 15:15:00,11.7
2025-06-12 09:45:00,4.3
2025-06-12 00:43:00,90.9
2025-06-12 02:32:00,37.5
2025-06-12 08:17:00,41.1
2025-06-12 10:09:00,93.7
2025-06-12 09:10:00,68.1
2025-06-12 22:51:00,53.8
2025-06-12 10:59:00,74.8
2025-06-12 12:01:00,52.0
2025-06-12 07:03:00,60.3
2025-06-12 20:55:00,22.2
2025-06-12 17:22:00,10.2
2025-06-12 17:46:00,9.9
2025-06-12 12:17:00,79.8
2025-06-12 14:59:00,44.4
2025-06-12 15:44:00,73.1
2025-06-12 18:23:00,47.4
2025-06-12 04:23:00,70.7
2025-06-12 02:48:00,4.3
2025-06-12 09:29:00,26.0
2025-06-12 19:13:00,5.2
2025-06-12 23:27:00,50.19809456598448
2025-06-12 13:08:00,98.9
2025-06-12 12:02:00,50.19809456598448
2025-06-12 19:11:00,23.6
2025-06-12 07:18:00,25.6
2025-06-12 16:23:00,39.4
2025-06-12 12:49:00,50.19809456598448
2025-06-12 11:31:00,29.9
2025-06-12 07:48:00,78.3
2025-06-12 05:45:00,72.0
2025-06-12 13:45:00,95.0
2025-06-12 00:45:00,2.9
2025-06-12 12:40:00,64.6
2025-06-12 05:33:00,33.5
2025-06-12 05:23:00,19.4
2025-06-12 14:24:00,51.1
2025-06-12 05:35:00,45.6
2025-06-12 06:08:00,42.0
2025-06-12 16:40:00,98.6
2025-06-12 16:15:00,15.5
2025-06-12 14:50:00,76.2
2025-06-12 01:59:00,99.0
2025-06-12 02:58:00,99.9
2025-06-12 18:00:00,81.0
2025-06-12 19:54:00,24.9
2025-06-12 13:55:00,98.7
2025-06-12 15:19:00,50.19809456598448
2025-06-12 03:54:00,25.7
2025-06-12 11:22:00,67.6
2025-06-12 16:39:00,74.3
2025-06-12 03:49:00,46.3
2025-06-12 01:06:00,4.7
2025-06-12 06:29:00,16.9
2025-06-12 19:51:00,38.4
2025-06-12 22:16:00,24.0
2025-06-12 04:19:00,73.8
2025-06-12 17:58:00,34.6
2025-06-12 18:45:00,82.0
2025-06-12 03:33:00,8.3
2025-06-12 11:26:00,34.9
2025-06-12 18:18:00,66.4
2025-06-12 11:43:00,50.19809456598448
2025-06-12 22:17:00,58.7
2025-06-12 03:50:00,50.19809456598448
2025-06-12 13:04:00,68.9
2025-06-12 16:12:00,62.4
2025-06-12 02:41:00,37.2
2025-06-12 23:45:00,50.19809456598448
2025-06-12 19:14:00,8.5
2025-06-12 12:10:00,59.6
2025-06-12 01:12:00,69.0
2025-06-12 16:53:00,78.4
2025-06-12 11:45:00,19.0
2025-06-12 22:10:00,50.19809456598448
2025-06-12 21:24:00,71.2
2025-06-12 23:57:00,17.7
2025-06-12 02:14:00,69.8
2025-06-12 13:37:00,92.3
2025-06-12 18:05:00,62.9
2025-06-12 22:31:00,52.6
2025-06-12 00:42:00,50.19809456598448
2025-06-12 14:47:00,96.2
2025-06-12 19:02:00,55.3
2025-06-12 01:03:00,15.7
2025-06-12 09:52:00,57.2
2025-06-12 14:46:00,53.3
2025-06-12 05:08:00,84.0
2025-06-12 05:09:00,7.2
2025-06-12 10:52:00,55.3
2025-06-12 05:28:00,7.2
2025-06-12 22:33:00,17.1
2025-06-12 18:40:00,27.4
2025-06-12 04:24:00,7.1
2025-06-12 08:57:00,12.4
2025-06-12 16:46:00,49.4
2025-06-12 07:25:00,71.6
2025-06-12 06:11:00,12.4
2025-06-12 20:01:00,50.19809456598448
2025-06-12 07:19:00,66.4
2025-06-12 17:44:00,50.19809456598448
2025-06-12 22:11:00,25.6
2025-06-12 18:36:00,32.3
2025-06-12 14:56:00,51.0
2025-06-12 14:03:00,81.1
2025-06-12 12:47:00,46.2
2025-06-12 06:51:00,62.9
2025-06-12 06:17:00,28.6
2025-06-12 23:59:00,50.19809456598448
2025-06-12 17:45:00,36.5
2025-06-12 16:22:00,8.6
2025-06-12 13:19:00,22.5
2025-06-12 18:42:00,74.5
2025-06-12 13:05:00,54.8
2025-06-12 22:15:00,96.1
2025-06-12 22:48:00,9.4
2025-06-12 17:14:00,50.19809456598448
2025-06-12 17:24:00,70.2
2025-06-12 12:05:00,83.6
2025-06-12 20:26:00,16.7
2025-06-12 00:14:00,18.0
2025-06-12 23:33:00,50.19809456598448
2025-06-12 01:33:00,8.7
2025-06-12 13:00:00,81.1
2025-06-12 13:34:00,27.6
2025-06-12 13:46:00,50.19809456598448
2025-06-12 06:14:00,76.8
2025-06-12 17:12:00,50.19809456598448
2025-06-12 23:19:00,5.2
2025-06-12 15:48:00,80.3
2025-06-12 12:04:00,60.9
2025-06-12 18:02:00,20.4
2025-06-12 03:25:00,65.5
2025-06-12 00:26:00,50.19809456598448
2025-06-12 13:52:00,33.0
2025-06-12 21:55:00,47.3
2025-06-12 14:08:00,74.9
2025-06-12 20:03:00,50.19809456598448
2025-06-12 08:36:00,47.5
2025-06-12 23:02:00,99.2
2025-06-12 07:39:00,53.4
2025-06-12 01:55:00,85.0
2025-06-12 14:34:00,60.2
2025-06-12 09:17:00,94.9
2025-06-12 11:38:00,5.4
2025-06-12 13:48:00,50.19809456598448
2025-06-12 08:07:00,40.4
2025-06-12 13:28:00,38.9
2025-06-12 19:16:00,33.5
2025-06-12 17:32:00,8.5
2025-06-12 06:38:00,65.2
2025-06-12 17:52:00,96.0
2025-06-12 06:23:00,48.9
2025-06-12 00:03:00,98.5
2025-06-12 08:12:00,32.2
2025-06-12 17:07:00,50.19809456598448
2025-06-12 21:32:00,31.1
2025-06-12 15:10:00,43.9
2025-06-12 01:57:00,50.19809456598448
2025-06-12 04:35:00,18.3
2025-06-12 21:47:00,45.2
2025-06-12 22:08:00,27.5
2025-06-12 16:58:00,50.19809456598448
2025-06-12 19:29:00,91.1
2025-06-12 09:46:00,12.2
2025-06-12 02:01:00,77.7
2025-06-12 07:07:00,85.6
2025-06-12 00:27:00,49.7
2025-06-12 14:00:00,7.4
2025-06-12 15:45:00,43.2
2025-06-12 10:54:00,58.8
2025-06-12 06:58:00,13.4
2025-06-12 23:39:00,72.7
2025-06-12 11:49:00,58.4
2025-06-12 16:03:00,69.8
2025-06-12 23:22:00,35.1
2025-06-12 21:16:00,77.8
2025-06-12 09:41:00,29.0
2025-06-12 01:51:00,50.19809456598448
2025-06-12 01:23:00,8.9
2025-06-12 20:53:00,98.6
2025-06-12 20:29:00,32.7
2025-06-12 05:16:00,43.8
2025-06-12 09:32:00,44.3
2025-06-12 04:16:00,50.19809456598448
2025-06-12 16:43:00,60.6
2025-06-12 18:08:00,28.1
2025-06-12 00:41:00,36.7
2025-06-12 22:36:00,50.19809456598448
2025-06-12 11:05:00,82.4
2025-06-12 18:56:00,61.0
2025-06-12 00:31:00,89.9
2025-06-12 09:56:00,22.8
2025-06-12 10:12:00,50.19809456598448
2025-06-12 06:32:00,9.7
2025-06-12 21:13:00,50.19809456598448
2025-06-12 07:59:00,78.0
2025-06-12 06:45:00,74.8
2025-06-12 00:49:00,35.2
2025-06-12 11:06:00,79.8
2025-06-12 12:44:00,67.7
2025-06-12 01:21:00,71.3
2025-06-12 05:58:00,97.1
2025-06-12 11:19:00,64.8
2025-06-12 16:10:00,93.6
2025-06-12 01:32:00,97.3
2025-06-12 21:22:00,2.2
2025-06-12 08:50:00,50.19809456598448
2025-06-12 14:06:00,58.5
2025-06-12 19:41:00,33.7
2025-06-12 15:08:00,50.19809456598448
2025-06-12 10:27:00,24.8
2025-06-12 06:56:00,47.0
2025-06-12 05:49:00,89.2
2025-06-12 18:15:00,91.0
2025-06-12 03:48:00,69.3
2025-06-12 20:48:00,30.3
2025-06-12 05:51:00,29.1
2025-06-12 03:37:00,50.19809456598448
2025-06-12 03:22:00,25.9
2025-06-12 06:54:00,97.6
2025-06-12 14:04:00,6.9
2025-06-12 19:05:00,37.9
2025-06-12 12:57:00,67.6
2025-06-12 21:59:00,46.1
2025-06-12 23:14:00,32.5
2025-06-12 11:35:00,20.7
2025-06-12 16:31:00,97.0
2025-06-12 21:17:00,53.4
2025-06-12 16:01:00,47.0
2025-06-12 02:02:00,93.1
2025-06-12 00:12:00,36.9
2025-06-12 18:26:00,46.6
2025-06-12 21:54:00,51.4
2025-06-12 18:49:00,37.9
2025-06-12 06:39:00,61.4
2025-06-12 19:08:00,63.0
2025-06-12 18:33:00,99.2
2025-06-12 19:55:00,50.19809456598448
2025-06-12 13:36:00,50.19809456598448
2025-06-12 07:36:00,97.8
2025-06-12 20:21:00,51.9
2025-06-12 16:51:00,39.7
2025-06-12 10:25:00,50.19809456598448
2025-06-12 20:43:00,61.1
2025-06-12 22:47:00,50.19809456598448
2025-06-12 11:48:00,56.4
2025-06-12 09:27:00,36.0
2025-06-12 01:37:00,62.0
2025-06-12 20:47:00,39.2
2025-06-12 13:56:00,50.19809456598448
2025-06-12 02:16:00,0.6
2025-06-12 07:17:00,5.0
2025-06-12 04:44:00,45.1
2025-06-12 19:23:00,6.3
2025-06-12 09:54:00,79.1
2025-06-12 09:26:00,18.7
2025-06-12 02:50:00,36.6
2025-06-12 05:31:00,76.5
2025-06-12 14:58:00,66.6
2025-06-12 04:15:00,50.19809456598448
2025-06-12 05:56:00,57.5
2025-06-12 03:01:00,8.2
2025-06-12 18:34:00,10.2
2025-06-12 09:37:00,3.7
2025-06-12 10:41:00,50.19809456598448
2025-06-12 14:14:00,50.19809456598448
2025-06-12 09:36:00,33.7
2025-06-12 03:57:00,81.8
2025-06-12 02:12:00,18.9
2025-06-12 18:22:00,45.6
2025-06-12 02:49:00,16.1
2025-06-12 05:04:00,24.1
2025-06-12 08:56:00,78.4
2025-06-12 00:39:00,50.19809456598448
2025-06-12 08:27:00,12.6
2025-06-12 04:48:00,50.19809456598448
2025-06-12 03:08:00,19.3
2025-06-12 14:43:00,39.3
2025-06-12 03:04:00,71.1
2025-06-12 18:20:00,73.9
2025-06-12 10:34:00,32.4
2025-06-12 16:38:00,3.9
2025-06-12 07:40:00,36.1
2025-06-12 13:17:00,50.19809456598448
2025-06-12 12:23:00,47.6
2025-06-12 21:04:00,50.19809456598448
2025-06-12 17:03:00,33.5
2025-06-12 19:33:00,47.3
2025-06-12 10:10:00,59.9
2025-06-12 21:11:00,57.7
2025-06-12 01:54:00,10.5
2025-06-12 16:11:00,84.9
2025-06-12 14:41:00,45.9
2025-06-12 20:48:00,80.5
2025-06-12 10:24:00,83.0
2025-06-12 22:13:00,5.4
2025-06-12 08:21:00,52.5
2025-06-12 05:59:00,80.5
2025-06-12 06:31:00,74.1
2025-06-12 16:14:00,56.0
2025-06-12 04:38:00,66.7
2025-06-12 16:18:00,80.9
2025-06-12 07:58:00,88.7
2025-06-12 01:47:00,49.54486036141751
2025-06-12 14:20:00,89.8
2025-06-12 18:34:00,53.7
2025-06-12 08:35:00,55.5
2025-06-12 12:23:00,96.3
2025-06-12 01:46:00,30.3
2025-06-12 20:29:00,51.2
2025-06-12 12:18:00,26.8
2025-06-12 12:38:00,66.1
2025-06-12 07:21:00,31.5
2025-06-12 16:31:00,90.4
2025-06-12 02:19:00,90.2
2025-06-12 05:49:00,91.5
2025-06-12 23:21:00,4.2
2025-06-12 10:13:00,23.1
2025-06-12 15:19:00,74.2
2025-06-12 23:25:00,32.3
2025-06-12 02:01:00,86.9
2025-06-12 13:40:00,59.8
2025-06-12 05:55:00,98.7
2025-06-12 10:00:00,93.1
2025-06-12 14:42:00,96.0
2025-06-12 11:45:00,17.1
2025-06-12 06:30:00,50.8
2025-06-12 03:27:00,49.54486036141751
2025-06-12 16:29:00,85.8
2025-06-12 11:23:00,89.1
2025-06-12 23:37:00,49.54486036141751
2025-06-12 02:09:00,51.3
2025-06-12 00:45:00,47.6
2025-06-12 15:32:00,61.0
2025-06-12 03:28:00,65.9
2025-06-12 00:59:00,11.0
2025-06-12 09:08:00,87.3
2025-06-12 05:51:00,90.6
2025-06-12 00:49:00,83.2
2025-06-12 14:40:00,77.1
2025-06-12 20:38:00,49.54486036141751
2025-06-12 02:16:00,20.3
2025-06-12 04:30:00,8.9
2025-06-12 07:47:00,81.0
2025-06-12 14:47:00,71.5
2025-06-12 06:49:00,23.2
2025-06-12 02:41:00,72.8
2025-06-12 01:41:00,89.2
2025-06-12 08:05:00,65.7
2025-06-12 23:52:00,61.3
2025-06-12 14:07:00,43.7
2025-06-12 18:05:00,0.2
2025-06-12 08:52:00,49.54486036141751
2025-06-12 16:52:00,23.0
2025-06-12 13:46:00,35.4
2025-06-12 19:35:00,9.1
2025-06-12 05:22:00,57.4
2025-06-12 05:34:00,19.9
2025-06-12 21:05:00,23.1
2025-06-12 05:18:00,24.9
2025-06-12 21:08:00,62.7
2025-06-12 21:22:00,84.2
2025-06-12 12:15:00,66.4
2025-06-12 18:26:00,60.0
2025-06-12 06:27:00,49.54486036141751
2025-06-12 11:01:00,78.5
2025-06-12 09:43:00,24.8
2025-06-12 18:20:00,78.5
2025-06-12 15:41:00,25.2
2025-06-12 20:25:00,71.1
2025-06-12 23:01:00,27.1
2025-06-12 17:13:00,29.4
2025-06-12 10:08:00,49.54486036141751
2025-06-12 11:07:00,49.54486036141751
2025-06-12 09:40:00,47.6
2025-06-12 09:21:00,49.54486036141751
2025-06-12 13:20:00,98.1
2025-06-12 15:37:00,41.4
2025-06-12 17:46:00,3.6
2025-06-12 23:41:00,51.8
2025-06-12 18:28:00,84.4
2025-06-12 12:36:00,68.2
2025-06-12 23:07:00,19.8
2025-06-12 10:05:00,40.0
2025-06-12 09:20:00,60.7
2025-06-12 18:00:00,49.1
2025-06-12 04:33:00,96.3
2025-06-12 15:58:00,30.1
2025-06-12 15:12:00,17.6
2025-06-12 23:13:00,21.1
2025-06-12 07:27:00,95.4
2025-06-12 22:27:00,64.1
2025-06-12 07:48:00,91.8
2025-06-12 15:44:00,45.2
2025-06-12 10:44:00,47.2
2025-06-12 09:31:00,49.54486036141751
2025-06-12 12:07:00,4.2
2025-06-12 21:40:00,10.0
2025-06-12 17:18:00,48.0
2025-06-12 23:40:00,59.9
2025-06-12 18:58:00,49.54486036141751
2025-06-12 16:28:00,46.4
2025-06-12 02:03:00,52.6
2025-06-12 15:47:00,56.0
2025-06-12 13:33:00,14.0
2025-06-12 09:14:00,58.8
2025-06-12 05:37:00,2.0
2025-06-12 09:50:00,49.54486036141751
2025-06-12 13:07:00,75.2
2025-06-12 03:11:00,49.54486036141751
2025-06-12 13:32:00,84.0
2025-06-12 07:11:00,20.5
2025-06-12 16:12:00,29.1
2025-06-12 08:51:00,43.2
2025-06-12 21:04:00,69.9
2025-06-12 21:47:00,42.7
2025-06-12 13:28:00,21.8
2025-06-12 13:59:00,49.6
2025-06-12 01:23:00,64.7
2025-06-12 17:27:00,28.7
2025-06-12 00:24:00,22.3
2025-06-12 01:50:00,39.7
2025-06-12 12:51:00,85.5
2025-06-12 06:44:00,64.0
2025-06-12 00:39:00,49.54486036141751
2025-06-12 20:02:00,49.54486036141751
2025-06-12 11:50:00,49.54486036141751
2025-06-12 05:11:00,17.9
2025-06-12 04:01:00,36.3
2025-06-12 12:50:00,71.1
2025-06-12 02:00:00,3.6
2025-06-12 21:27:00,60.0
2025-06-12 12:45:00,49.54486036141751
2025-06-12 18:41:00,88.0
2025-06-12 17:50:00,39.0
2025-06-12 20:54:00,88.4
2025-06-12 00:32:00,63.7
2025-06-12 06:02:00,80.4
2025-06-12 06:10:00,99.4
2025-06-12 10:30:00,58.0
2025-06-12 02:50:00,0.4
2025-06-12 09:01:00,52.7
2025-06-12 15:14:00,86.6
2025-06-12 06:13:00,42.1
2025-06-12 15:04:00,7.9
2025-06-12 21:26:00,31.9
2025-06-12 16:03:00,34.7
2025-06-12 11:27:00,13.8
2025-06-12 07:34:00,65.4
2025-06-12 04:16:00,83.9
2025-06-12 18:09:00,12.7
2025-06-12 01:42:00,50.5
2025-06-12 16:53:00,17.2
2025-06-12 17:42:00,92.4
2025-06-12 03:31:00,23.1
2025-06-12 11:11:00,19.4
2025-06-12 21:32:00,21.1
2025-06-12 13:08:00,49.54486036141751
2025-06-12 19:05:00,49.54486036141751
2025-06-12 06:47:00,88.5
2025-06-12 06:00:00,15.2
2025-06-12 19:53:00,31.2
2025-06-12 00:48:00,80.5
2025-06-12 03:24:00,37.2
2025-06-12 09:37:00,29.7
2025-06-12 22:33:00,29.5
2025-06-12 09:00:00,1.0
2025-06-12 15:43:00,25.2
2025-06-12 07:51:00,49.54486036141751
2025-06-12 00:09:00,13.1
2025-06-12 18:45:00,90.9
2025-06-12 12:14:00,48.8
2025-06-12 21:14:00,49.54486036141751
2025-06-12 21:43:00,59.3
2025-06-12 16:48:00,99.5
2025-06-12 17:35:00,49.54486036141751
2025-06-12 20:55:00,49.54486036141751
2025-06-12 14:46:00,88.8
2025-06-12 21:28:00,18.7
2025-06-12 19:18:00,47.2
2025-06-12 02:36:00,35.7
2025-06-12 07:59:00,5.8
2025-06-12 02:49:00,75.1
2025-06-12 07:54:00,72.0
2025-06-12 04:14:00,57.8
2025-06-12 23:24:00,36.5
2025-06-12 00:55:00,98.9
2025-06-12 19:14:00,60.9
2025-06-12 07:14:00,8.4
2025-06-12 02:58:00,4.1
2025-06-12 13:05:00,46.4
2025-06-12 07:00:00,28.3
2025-06-12 21:29:00,94.9
2025-06-12 07:40:00,48.5
2025-06-12 06:04:00,29.0
2025-06-12 10:26:00,90.3
2025-06-12 07:03:00,68.9
2025-06-12 01:24:00,84.0
2025-06-12 23:59:00,13.9
2025-06-12 00:56:00,58.2
2025-06-12 00:14:00,80.0
2025-06-12 16:06:00,41.3
2025-06-12 08:04:00,13.2
2025-06-12 19:50:00,22.9
2025-06-12 08:33:00,0.3
2025-06-12 17:38:00,85.4
2025-06-12 22:14:00,32.0
2025-06-12 21:17:00,93.0
2025-06-12 12:00:00,60.7
2025-06-12 13:10:00,53.1
2025-06-12 16:49:00,39.3
2025-06-12 21:35:00,10.2
2025-06-12 04:35:00,14.0
2025-06-12 20:17:00,56.7
2025-06-12 22:06:00,69.8
2025-06-12 02:40:00,97.1
2025-06-12 07:06:00,6.1
2025-06-12 17:09:00,20.3
2025-06-12 14:22:00,80.2
2025-06-12 10:51:00,80.7
2025-06-12 06:07:00,53.7
2025-06-12 09:22:00,49.54486036141751
2025-06-12 05:13:00,49.54486036141751
2025-06-12 17:00:00,62.5
2025-06-12 08:25:00,59.3
2025-06-12 22:16:00,80.0
2025-06-12 00:58:00,28.4
2025-06-12 23:19:00,49.54486036141751
2025-06-12 04:08:00,49.54486036141751
2025-06-12 07:22:00,33.2
2025-06-12 00:44:00,49.54486036141751
2025-06-12 14:54:00,94.6
2025-06-12 10:22:00,69.6
2025-06-12 16:38:00,12.2
2025-06-12 05:40:00,49.54486036141751
2025-06-12 05:00:00,72.4
2025-06-12 00:15:00,19.2
2025-06-12 21:58:00,98.5
2025-06-12 02:07:00,89.2
2025-06-12 09:51:00,49.54486036141751
2025-06-12 12:41:00,63.3
2025-06-12 09:46:00,16.2
2025-06-12 10:57:00,20.5
2025-06-12 00:31:00,49.54486036141751
2025-06-12 07:17:00,3.1
2025-06-12 20:32:00,47.1
2025-06-12 18:53:00,66.1
2025-06-12 20:57:00,43.2
2025-06-12 13:25:00,83.7
2025-06-12 07:23:00,50.1
2025-06-12 13:30:00,62.1
2025-06-12 04:20:00,90.2
2025-06-12 06:28:00,52.4
2025-06-12 06:24:00,76.9
2025-06-12 17:04:00,49.54486036141751
2025-06-12 18:38:00,71.7
2025-06-12 13:04:00,67.7
2025-06-12 15:00:00,55.1
2025-06-12 18:04:00,85.4
2025-06-12 07:52:00,47.4
2025-06-12 01:08:00,49.54486036141751
2025-06-12 23:12:00,49.54486036141751
2025-06-12 02:46:00,49.54486036141751
2025-06-12 01:53:00,49.54486036141751
2025-06-12 01:38:00,88.4
2025-06-12 08:00:00,32.1
2025-06-12 10:38:00,52.9
2025-06-12 07:09:00,74.0
2025-06-12 22:07:00,41.5
2025-06-12 23:14:00,96.4
2025-06-12 05:05:00,18.0
2025-06-12 13:31:00,32.8
2025-06-12 15:54:00,8.1
2025-06-12 08:22:00,58.1
2025-06-12 03:03:00,45.7
2025-06-12 19:29:00,74.3
2025-06-12 00:22:00,17.6
2025-06-12 20:39:00,21.3
2025-06-12 06:13:00,10.5
2025-06-12 12:47:00,55.0
2025-06-12 21:27:00,93.5
2025-06-12 08:27:00,50.136426804852206
2025-06-12 23:09:00,4.7
2025-06-12 11:52:00,1.2
2025-06-12 09:04:00,50.136426804852206
2025-06-12 17:37:00,40.3
2025-06-12 13:52:00,92.2
2025-06-12 17:35:00,76.0
2025-06-12 11:51:00,49.1
2025-06-12 13:21:00,54.0
2025-06-12 23:01:00,46.9
2025-06-12 06:23:00,17.7
2025-06-12 02:29:00,73.7
2025-06-12 05:18:00,85.0
2025-06-12 15:36:00,19.5
2025-06-12 12:49:00,43.4
2025-06-12 00:53:00,50.136426804852206
2025-06-12 01:39:00,74.8
2025-06-12 07:48:00,42.1
2025-06-12 02:26:00,21.4
2025-06-12 04:17:00,50.136426804852206
2025-06-12 01:46:00,62.2
2025-06-12 19:21:00,16.9
2025-06-12 21:41:00,50.136426804852206
2025-06-12 12:13:00,0.0
2025-06-12 16:36:00,64.4
2025-06-12 08:06:00,22.1
2025-06-12 21:47:00,64.7
2025-06-12 23:48:00,87.1
2025-06-12 07:06:00,50.136426804852206
2025-06-12 00:38:00,28.6
2025-06-12 15:25:00,52.2
2025-06-12 21:19:00,16.6
2025-06-12 11:56:00,9.9
2025-06-12 15:28:00,50.8
2025-06-12 04:25:00,70.0
2025-06-12 07:57:00,60.0
2025-06-12 00:19:00,28.1
2025-06-12 18:14:00,95.8
2025-06-12 15:32:00,46.0
2025-06-12 02:33:00,19.9
2025-06-12 18:25:00,74.6
2025-06-12 05:05:00,14.1
2025-06-12 15:49:00,81.4
2025-06-12 16:28:00,11.5
2025-06-12 11:10:00,94.2
2025-06-12 00:02:00,42.8
2025-06-12 02:12:00,90.3
2025-06-12 18:07:00,18.3
2025-06-12 10:58:00,71.3
2025-06-12 23:02:00,50.136426804852206
2025-06-12 03:34:00,50.136426804852206
2025-06-12 01:52:00,90.6
2025-06-12 11:50:00,50.136426804852206
2025-06-12 17:31:00,50.136426804852206
2025-06-12 16:22:00,46.9
2025-06-12 20:10:00,13.0
2025-06-12 23:03:00,50.136426804852206
2025-06-12 00:59:00,17.7
2025-06-12 23:38:00,28.5
2025-06-12 06:32:00,92.1
2025-06-12 17:53:00,92.2
2025-06-12 06:00:00,60.3
2025-06-12 10:59:00,50.136426804852206
2025-06-12 16:39:00,77.4
2025-06-12 23:22:00,89.5
2025-06-12 11:06:00,50.136426804852206
2025-06-12 02:21:00,22.6
2025-06-12 07:42:00,9.1
2025-06-12 17:38:00,70.5
2025-06-12 19:01:00,50.136426804852206
2025-06-12 07:50:00,90.6
2025-06-12 19:25:00,74.7
2025-06-12 22:07:00,50.136426804852206
2025-06-12 03:33:00,90.1
2025-06-12 11:37:00,82.9
2025-06-12 11:39:00,17.1
2025-06-12 21:17:00,91.4
2025-06-12 00:36:00,42.2
2025-06-12 08:53:00,64.4
2025-06-12 22:32:00,50.136426804852206
2025-06-12 22:50:00,72.7
2025-06-12 10:21:00,48.3
2025-06-12 04:43:00,39.6
2025-06-12 15:31:00,20.0
2025-06-12 17:46:00,6.0
2025-06-12 09:53:00,50.136426804852206
2025-06-12 16:20:00,57.4
2025-06-12 03:24:00,8.6
2025-06-12 22:48:00,50.136426804852206
2025-06-12 01:04:00,42.7
2025-06-12 18:55:00,34.4
2025-06-12 12:33:00,50.136426804852206
2025-06-12 18:51:00,40.5
2025-06-12 14:33:00,81.0
2025-06-12 10:45:00,50.136426804852206
2025-06-12 09:08:00,91.3
2025-06-12 22:59:00,90.5
2025-06-12 08:33:00,35.7
2025-06-12 12:57:00,48.8
2025-06-12 16:33:00,66.7
2025-06-12 16:59:00,96.5
2025-06-12 00:35:00,72.5
2025-06-12 19:06:00,59.6
2025-06-12 15:34:00,35.1
2025-06-12 10:02:00,10.2
2025-06-12 00:04:00,27.1
2025-06-12 20:32:00,87.7
2025-06-12 08:28:00,77.1
2025-06-12 15:09:00,92.6
2025-06-12 11:05:00,90.3
2025-06-12 13:31:00,97.3
2025-06-12 03:16:00,78.1
2025-06-12 07:29:00,50.136426804852206
2025-06-12 06:59:00,96.0
2025-06-12 21:33:00,7.7
2025-06-12 06:47:00,15.5
2025-06-12 02:41:00,72.9
2025-06-12 23:41:00,76.5
2025-06-12 03:14:00,11.0
2025-06-12 13:51:00,88.2
2025-06-12 04:38:00,4.5
2025-06-12 15:16:00,70.7
2025-06-12 18:03:00,50.136426804852206
2025-06-12 20:02:00,71.7
2025-06-12 03:13:00,49.9
2025-06-12 05:27:00,4.4
2025-06-12 14:12:00,68.2
2025-06-12 00:29:00,50.136426804852206
2025-06-12 11:20:00,50.136426804852206
2025-06-12 22:21:00,24.9
2025-06-12 01:40:00,50.136426804852206
2025-06-12 21:58:00,82.2
2025-06-12 01:01:00,65.2
2025-06-12 19:33:00,42.1
2025-06-12 16:42:00,59.3
2025-06-12 04:02:00,50.136426804852206
2025-06-12 00:05:00,70.5
2025-06-12 04:11:00,4.9
2025-06-12 00:48:00,43.4
2025-06-12 18:11:00,50.136426804852206
2025-06-12 18:00:00,61.0
2025-06-12 15:39:00,4.6
2025-06-12 01:30:00,62.5
2025-06-12 06:25:00,50.136426804852206
2025-06-12 20:04:00,24.4
2025-06-12 06:19:00,84.3
2025-06-12 09:13:00,11.1
2025-06-12 04:32:00,57.8
2025-06-12 07:26:00,43.8
2025-06-12 06:40:00,69.9
2025-06-12 23:17:00,63.0
2025-06-12 18:54:00,49.9
2025-06-12 11:58:00,41.8
2025-06-12 10:03:00,76.4
2025-06-12 12:45:00,45.6
2025-06-12 21:38:00,35.2
2025-06-12 00:17:00,54.3
2025-06-12 05:08:00,83.6
2025-06-12 19:02:00,64.1
2025-06-12 20:17:00,78.4
2025-06-12 10:35:00,27.0
2025-06-12 10:09:00,50.136426804852206
2025-06-12 16:17:00,85.2
2025-06-12 04:41:00,50.136426804852206
2025-06-12 17:13:00,4.0
2025-06-12 21:54:00,96.8
2025-06-12 14:03:00,44.5
2025-06-12 21:45:00,21.3
2025-06-12 10:36:00,30.6
2025-06-12 09:51:00,74.1
2025-06-12 22:16:00,80.4
2025-06-12 15:35:00,42.2
2025-06-12 03:30:00,88.8
2025-06-12 07:00:00,42.2
2025-06-12 08:57:00,85.4
2025-06-12 07:14:00,50.136426804852206
2025-06-12 02:08:00,49.1
2025-06-12 19:34:00,44.0
2025-06-12 17:42:00,50.136426804852206
2025-06-12 08:51:00,42.1
2025-06-12 18:33:00,93.6
2025-06-12 21:39:00,79.9
2025-06-12 17:59:00,75.2
2025-06-12 01:07:00,94.9
2025-06-12 00:09:00,50.136426804852206
2025-06-12 16:49:00,59.0
2025-06-12 17:21:00,7.8
2025-06-12 03:19:00,50.136426804852206
2025-06-12 20:05:00,55.6
2025-06-12 23:14:00,50.136426804852206
2025-06-12 13:08:00,62.5
2025-06-12 17:25:00,72.1
2025-06-12 01:48:00,50.136426804852206
2025-06-12 05:16:00,27.5
2025-06-12 03:44:00,50.136426804852206
2025-06-12 05:42:00,50.136426804852206
2025-06-12 21:49:00,36.1
2025-06-12 13:07:00,17.5
2025-06-12 09:21:00,15.4
2025-06-12 23:21:00,52.5
2025-06-12 05:32:00,59.0
2025-06-12 05:54:00,1.8
2025-06-12 17:55:00,30.8
2025-06-12 01:42:00,49.9
2025-06-12 18:24:00,43.1
2025-06-12 23:43:00,50.136426804852206
2025-06-12 05:12:00,67.3
2025-06-12 12:40:00,25.7
2025-06-12 19:57:00,90.4
2025-06-12 04:16:00,50.136426804852206
2025-06-12 12:11:00,23.4
2025-06-12 01:45:00,50.9
2025-06-12 07:51:00,14.3
2025-06-12 17:15:00,50.136426804852206
2025-06-12 05:36:00,88.2
2025-06-12 13:33:00,50.136426804852206
2025-06-12 12:06:00,48.0
2025-06-12 10:54:00,50.136426804852206
2025-06-12 17:32:00,26.6
2025-06-12 19:12:00,58.6
2025-06-12 07:53:00,23.0
2025-06-12 15:43:00,12.1
2025-06-12 19:43:00,97.6
2025-06-12 02:51:00,31.2
2025-06-12 20:38:00,39.9
2025-06-12 08:17:00,50.136426804852206
2025-06-12 22:29:00,40.8
2025-06-12 11:30:00,45.2
2025-06-12 12:56:00,50.136426804852206
2025-06-12 23:27:00,87.2
2025-06-12 13:12:00,85.7
2025-06-12 13:34:00,52.8
2025-06-12 19:27:00,50.136426804852206
2025-06-12 11:36:00,54.9
2025-06-12 07:46:00,71.7
2025-06-12 14:43:00,8.2
2025-06-12 14:24:00,47.1
2025-06-12 23:12:00,37.3
2025-06-12 08:36:00,43.5
2025-06-12 19:50:00,33.1
2025-06-12 18:10:00,29.7
2025-06-12 12:23:00,90.7
2025-06-12 02:59:00,2.8
2025-06-12 04:40:00,50.136426804852206
2025-06-12 06:31:00,12.3
2025-06-12 09:36:00,76.4
2025-06-12 21:04:00,50.136426804852206
2025-06-12 23:51:00,62.9
2025-06-12 23:40:00,50.136426804852206
2025-06-12 09:38:00,4.9
2025-06-12 11:55:00,61.2
2025-06-12 17:01:00,89.8
2025-06-12 23:47:00,71.3
2025-06-12 23:28:00,75.7
2025-06-12 23:11:00,78.0
2025-06-12 01:21:00,55.0
2025-06-12 22:10:00,70.4
2025-06-12 03:51:00,40.4
2025-06-12 03:17:00,61.4
2025-06-12 02:01:00,31.5
2025-06-12 09:37:00,44.2
2025-06-12 12:30:00,63.8
2025-06-12 02:03:00,58.9
2025-06-12 19:04:00,50.136426804852206
2025-06-12 23:13:00,15.6
2025-06-12 10:33:00,4.8
2025-06-12 17:20:00,88.6
2025-06-12 09:58:00,50.136426804852206
2025-06-12 19:53:00,31.6
2025-06-12 09:17:00,37.5
2025-06-12 01:28:00,25.5
2025-06-12 23:23:00,18.9
2025-06-12 17:00:00,33.7
2025-06-12 22:02:00,13.1
2025-06-12 06:14:00,40.6
2025-06-12 13:53:00,35.2
2025-06-12 23:36:00,28.2
2025-06-12 14:18:00,36.7
2025-06-12 07:36:00,50.136426804852206
2025-06-12 05:09:00,18.5
2025-06-12 18:08:00,10.4
2025-06-12 14:34:00,69.0
2025-06-12 18:52:00,50.136426804852206
2025-06-12 21:56:00,11.4
2025-06-12 20:43:00,1.1
2025-06-12 14:15:00,99.9
2025-06-12 14:20:00,50.136426804852206
2025-06-12 02:30:00,84.1
2025-06-12 16:46:00,94.8
2025-06-12 11:11:00,67.8
2025-06-12 23:20:00,80.0
2025-06-12 05:10:00,86.8
2025-06-12 11:15:00,50.136426804852206
2025-06-12 23:26:00,35.4
2025-06-12 02:54:00,61.3
2025-06-12 12:32:00,90.1
2025-06-12 04:08:00,64.8
2025-06-12 03:55:00,21.7
2025-06-12 21:18:00,37.7
2025-06-12 15:57:00,10.1
2025-06-12 03:43:00,7.9
2025-06-12 10:15:00,50.037891637220255
2025-06-12 11:37:00,30.0
2025-06-12 13:32:00,40.6
2025-06-12 03:23:00,65.5
2025-06-12 19:12:00,37.6
2025-06-12 11:27:00,60.9
2025-06-12 06:43:00,43.5
2025-06-12 19:44:00,56.8
2025-06-12 23:51:00,55.2
2025-06-12 04:05:00,15.5
2025-06-12 14:10:00,26.7
2025-06-12 19:31:00,4.2
2025-06-12 17:01:00,23.0
2025-06-12 02:28:00,50.037891637220255
2025-06-12 14:20:00,96.7
2025-06-12 07:38:00,20.7
2025-06-12 11:34:00,6.9
2025-06-12 11:22:00,50.0
2025-06-12 15:06:00,68.7
2025-06-12 17:56:00,50.037891637220255
2025-06-12 05:38:00,4.9
2025-06-12 02:23:00,39.1
2025-06-12 18:16:00,10.2
2025-06-12 10:02:00,50.037891637220255
2025-06-12 02:39:00,10.9
2025-06-12 21:51:00,47.9
2025-06-12 17:38:00,50.037891637220255
2025-06-12 23:11:00,63.7
2025-06-12 16:36:00,32.9
2025-06-12 11:11:00,50.037891637220255
2025-06-12 11:31:00,83.6
2025-06-12 08:07:00,72.1
2025-06-12 20:58:00,79.4
2025-06-12 11:56:00,43.4
2025-06-12 22:09:00,57.7
2025-06-12 19:20:00,11.0
2025-06-12 17:13:00,76.7
2025-06-12 01:39:00,11.8
2025-06-12 12:09:00,7.3
2025-06-12 13:20:00,66.9
2025-06-12 15:17:00,76.0
2025-06-12 16:48:00,90.1
2025-06-12 00:48:00,23.6
2025-06-12 05:16:00,40.3
2025-06-12 00:56:00,43.1
2025-06-12 19:25:00,95.8
2025-06-12 14:19:00,2.1
2025-06-12 07:28:00,58.2
2025-06-12 10:25:00,50.037891637220255
2025-06-12 16:07:00,0.6
2025-06-12 22:54:00,11.4
2025-06-12 10:22:00,10.2
2025-06-12 23:24:00,50.037891637220255
2025-06-12 14:38:00,99.1
2025-06-12 04:21:00,35.0
2025-06-12 14:00:00,50.037891637220255
2025-06-12 22:07:00,65.3
2025-06-12 13:17:00,77.2
2025-06-12 12:45:00,43.8
2025-06-12 14:40:00,50.037891637220255
2025-06-12 04:36:00,87.3
2025-06-12 04:03:00,17.7
2025-06-12 22:14:00,50.037891637220255
2025-06-12 03:18:00,2.2
2025-06-12 10:42:00,7.1
2025-06-12 21:01:00,34.5
2025-06-12 06:49:00,94.9
2025-06-12 06:55:00,50.6
2025-06-12 12:38:00,50.037891637220255
2025-06-12 11:39:00,68.6
2025-06-12 11:20:00,11.1
2025-06-12 20:59:00,53.0
2025-06-12 23:42:00,50.037891637220255
2025-06-12 13:49:00,68.1
2025-06-12 20:33:00,20.4
2025-06-12 10:36:00,50.037891637220255
2025-06-12 01:31:00,84.8
2025-06-12 17:22:00,2.5
2025-06-12 19:59:00,50.037891637220255
2025-06-12 00:10:00,76.5
2025-06-12 10:13:00,10.8
2025-06-12 20:38:00,47.8
2025-06-12 12:35:00,13.5
2025-06-12 01:20:00,44.3
2025-06-12 13:07:00,58.6
2025-06-12 20:48:00,57.4
2025-06-12 03:04:00,15.3
2025-06-12 06:45:00,19.8
2025-06-12 15:20:00,50.037891637220255
2025-06-12 19:07:00,97.6
2025-06-12 20:35:00,20.5
2025-06-12 16:09:00,85.1
2025-06-12 12:51:00,10.5
2025-06-12 07:29:00,40.3
2025-06-12 00:23:00,50.037891637220255
2025-06-12 13:27:00,48.4
2025-06-12 16:27:00,66.9
2025-06-12 23:03:00,50.037891637220255
2025-06-12 07:13:00,50.037891637220255
2025-06-12 00:13:00,82.3
2025-06-12 17:12:00,27.7
2025-06-12 19:37:00,67.6
2025-06-12 13:19:00,48.3
2025-06-12 12:18:00,29.1
2025-06-12 05:09:00,50.037891637220255
2025-06-12 03:13:00,22.3
2025-06-12 00:30:00,50.037891637220255
2025-06-12 23:25:00,65.0
2025-06-12 20:51:00,50.037891637220255
2025-06-12 03:12:00,50.037891637220255
2025-06-12 09:16:00,83.1
2025-06-12 00:38:00,41.6
2025-06-12 02:08:00,50.037891637220255
2025-06-12 14:36:00,50.037891637220255
2025-06-12 23:27:00,18.5
2025-06-12 12:26:00,77.0
2025-06-12 01:48:00,74.9
2025-06-12 04:22:00,42.6
2025-06-12 16:57:00,27.8
2025-06-12 11:15:00,92.1
2025-06-12 23:56:00,50.037891637220255
2025-06-12 14:22:00,82.7
2025-06-12 22:33:00,50.037891637220255
2025-06-12 20:01:00,43.3
2025-06-12 17:21:00,36.8
2025-06-12 14:13:00,35.3
2025-06-12 11:33:00,35.2
2025-06-12 15:51:00,71.0
2025-06-12 20:46:00,7.6
2025-06-12 05:59:00,50.037891637220255
2025-06-12 06:16:00,68.7
2025-06-12 11:10:00,52.4
2025-06-12 23:49:00,12.9
2025-06-12 09:15:00,39.0
2025-06-12 16:44:00,16.8
2025-06-12 07:26:00,76.1
2025-06-12 02:09:00,34.7
2025-06-12 04:13:00,7.5
2025-06-12 17:34:00,80.1
2025-06-12 09:38:00,46.1
2025-06-12 10:39:00,35.9
2025-06-12 15:14:00,16.2
2025-06-12 03:31:00,21.4
2025-06-12 13:45:00,65.5
2025-06-12 09:31:00,5.5
2025-06-12 15:31:00,19.3
2025-06-12 01:55:00,68.4
2025-06-12 16:40:00,46.5
2025-06-12 03:34:00,81.5
2025-06-12 01:43:00,50.037891637220255
2025-06-12 03:45:00,50.037891637220255
2025-06-12 02:50:00,70.2
2025-06-12 15:27:00,75.1
2025-06-12 13:57:00,53.9
2025-06-12 22:26:00,42.6
2025-06-12 11:01:00,18.7
2025-06-12 10:40:00,80.6
2025-06-12 01:42:00,56.9
2025-06-12 19:38:00,99.1
2025-06-12 07:14:00,72.7
2025-06-12 03:56:00,91.5
2025-06-12 06:21:00,81.2
2025-06-12 14:04:00,95.1
2025-06-12 05:41:00,93.3
2025-06-12 21:39:00,48.9
2025-06-12 18:46:00,42.8
2025-06-12 14:57:00,50.037891637220255
2025-06-12 18:10:00,14.1
2025-06-12 18:39:00,42.4
2025-06-12 04:34:00,90.0
2025-06-12 13:08:00,14.4
2025-06-12 01:26:00,51.0
2025-06-12 05:46:00,26.0
2025-06-12 23:41:00,50.037891637220255
2025-06-12 13:01:00,93.6
2025-06-12 04:45:00,82.5
2025-06-12 16:47:00,50.037891637220255
2025-06-12 12:02:00,73.0
2025-06-12 22:28:00,76.4
2025-06-12 05:37:00,50.037891637220255
2025-06-12 09:37:00,28.9
2025-06-12 06:22:00,47.8
2025-06-12 09:30:00,93.2
2025-06-12 03:48:00,1.7
2025-06-12 11:46:00,84.7
2025-06-12 12:43:00,28.6
2025-06-12 12:20:00,33.5
2025-06-12 21:44:00,20.3
2025-06-12 22:36:00,9.2
2025-06-12 08:14:00,15.8
2025-06-12 15:38:00,81.4
2025-06-12 01:53:00,0.8
2025-06-12 15:43:00,81.5
2025-06-12 06:46:00,38.5
2025-06-12 00:26:00,12.9
2025-06-12 10:50:00,43.8
2025-06-12 03:25:00,68.4
2025-06-12 21:52:00,69.5
2025-06-12 11:07:00,50.037891637220255
2025-06-12 09:45:00,56.9
2025-06-12 09:36:00,95.0
2025-06-12 09:52:00,26.4
2025-06-12 01:58:00,61.7
2025-06-12 06:08:00,68.3
2025-06-12 07:59:00,50.0
2025-06-12 10:06:00,98.1
2025-06-12 15:22:00,17.3
2025-06-12 04:59:00,56.7
2025-06-12 18:49:00,60.8
2025-06-12 23:20:00,6.1
2025-06-12 04:58:00,84.6
2025-06-12 00:20:00,10.6
2025-06-12 15:10:00,50.037891637220255
2025-06-12 16:30:00,64.9
2025-06-12 19:21:00,12.4
2025-06-12 05:49:00,4.8
2025-06-12 14:08:00,76.0
2025-06-12 16:43:00,65.7
2025-06-12 07:51:00,50.037891637220255
2025-06-12 08:39:00,50.037891637220255
2025-06-12 22:39:00,15.8
2025-06-12 04:35:00,70.9
2025-06-12 15:04:00,85.7
2025-06-12 02:30:00,59.8
2025-06-12 03:39:00,52.8
2025-06-12 15:59:00,37.9
2025-06-12 08:54:00,84.2
2025-06-12 02:26:00,26.1
2025-06-12 19:22:00,39.9
2025-06-12 02:42:00,69.4
2025-06-12 02:17:00,50.037891637220255
2025-06-12 04:16:00,56.5
2025-06-12 17:59:00,35.5
2025-06-12 10:16:00,12.8
2025-06-12 03:57:00,50.037891637220255
2025-06-12 13:06:00,85.8
2025-06-12 17:10:00,93.3
2025-06-12 15:15:00,82.7
2025-06-12 22:17:00,0.6
2025-06-12 18:53:00,19.7
2025-06-12 15:09:00,73.8
2025-06-12 03:41:00,26.0
2025-06-12 21:21:00,87.4
2025-06-12 08:50:00,50.037891637220255
2025-06-12 13:09:00,90.1
2025-06-12 14:28:00,3.8
2025-06-12 16:37:00,78.7
2025-06-12 21:19:00,15.1
2025-06-12 15:47:00,47.3
2025-06-12 03:44:00,60.3
2025-06-12 08:43:00,93.3
2025-06-12 16:53:00,68.4
2025-06-12 03:01:00,61.8
2025-06-12 19:53:00,44.1
2025-06-12 05:47:00,46.1
2025-06-12 10:44:00,50.037891637220255
2025-06-12 08:00:00,1.7
2025-06-12 07:12:00,50.037891637220255
2025-06-12 19:27:00,17.5
2025-06-12 20:08:00,50.037891637220255
2025-06-12 22:00:00,72.6
2025-06-12 00:45:00,78.2
2025-06-12 21:33:00,81.2
2025-06-12 00:28:00,14.4
2025-06-12 16:00:00,17.1
2025-06-12 16:50:00,50.037891637220255
2025-06-12 09:24:00,50.037891637220255
2025-06-12 18:50:00,37.6
2025-06-12 16:16:00,30.7
2025-06-12 06:33:00,41.0
2025-06-12 23:40:00,42.0
2025-06-12 13:37:00,42.9
2025-06-12 18:45:00,30.9
2025-06-12 20:41:00,75.0
2025-06-12 18:34:00,78.4
2025-06-12 06:41:00,41.7
2025-06-12 06:52:00,42.9
2025-06-12 22:21:00,20.1
2025-06-12 07:18:00,12.1
2025-06-12 13:30:00,84.3
2025-06-12 07:32:00,54.4
2025-06-12 13:58:00,1.8
2025-06-12 05:01:00,8.7
2025-06-12 07:21:00,96.2
2025-06-12 06:15:00,62.3
2025-06-12 04:56:00,15.7
2025-06-12 19:13:00,89.8
2025-06-12 01:45:00,40.9
2025-06-12 05:45:00,88.4
2025-06-12 23:22:00,28.2
2025-06-12 17:48:00,72.6
2025-06-12 14:11:00,1.3
2025-06-12 09:13:00,99.3
2025-06-12 10:57:00,23.3
2025-06-12 05:30:00,41.4
2025-06-12 00:59:00,63.7
2025-06-12 17:33:00,50.037891637220255
2025-06-12 08:17:00,49.0
2025-06-12 04:43:00,25.6
2025-06-12 06:32:00,39.5
2025-06-12 17:46:00,62.6
2025-06-12 21:35:00,96.0
2025-06-12 06:58:00,21.3
2025-06-12 10:47:00,79.6
2025-06-12 10:07:00,48.7
2025-06-12 07:10:00,50.037891637220255
2025-06-12 11:41:00,50.037891637220255
2025-06-12 21:12:00,21.0
2025-06-12 21:49:00,5.1
2025-06-12 02:07:00,50.037891637220255
2025-06-12 13:14:00,3.8
2025-06-12 04:49:00,2.7
2025-06-12 19:20:00,99.8
2025-06-12 15:22:00,2.5
2025-06-12 06:53:00,32.2
2025-06-12 15:57:00,43.0
2025-06-12 03:01:00,43.7
2025-06-12 01:32:00,22.1
2025-06-12 02:29:00,21.4
2025-06-12 17:48:00,43.2
2025-06-12 20:21:00,50.60542317173377
2025-06-12 11:54:00,93.9
2025-06-12 08:13:00,98.6
2025-06-12 06:23:00,60.1
2025-06-12 10:33:00,79.7
2025-06-12 19:48:00,50.60542317173377
2025-06-12 03:27:00,1.0
2025-06-12 21:50:00,50.60542317173377
2025-06-12 03:14:00,89.5
2025-06-12 10:19:00,86.2
2025-06-12 12:49:00,42.8
2025-06-12 21:13:00,32.9
2025-06-12 09:21:00,2.9
2025-06-12 11:18:00,50.60542317173377
2025-06-12 10:42:00,82.5
2025-06-12 11:32:00,20.9
2025-06-12 10:49:00,4.9
2025-06-12 00:04:00,74.9
2025-06-12 02:51:00,21.1
2025-06-12 06:04:00,62.1
2025-06-12 16:23:00,11.2
2025-06-12 20:33:00,64.6
2025-06-12 19:09:00,3.2
2025-06-12 11:03:00,67.0
2025-06-12 22:54:00,78.4
2025-06-12 12:03:00,50.60542317173377
2025-06-12 17:27:00,50.60542317173377
2025-06-12 00:46:00,96.1
2025-06-12 10:46:00,19.3
2025-06-12 10:05:00,50.60542317173377
2025-06-12 17:26:00,18.2
2025-06-12 10:09:00,80.7
2025-06-12 11:19:00,63.1
2025-06-12 23:54:00,67.3
2025-06-12 19:45:00,45.9
2025-06-12 05:46:00,50.60542317173377
2025-06-12 02:09:00,65.1
2025-06-12 23:09:00,35.1
2025-06-12 00:39:00,96.7
2025-06-12 19:37:00,50.60542317173377
2025-06-12 07:57:00,67.5
2025-06-12 07:55:00,82.3
2025-06-12 11:25:00,50.60542317173377
2025-06-12 14:41:00,3.7
2025-06-12 09:13:00,59.9
2025-06-12 12:28:00,86.4
2025-06-12 10:38:00,40.3
2025-06-12 08:58:00,27.7
2025-06-12 13:29:00,99.9
2025-06-12 19:38:00,3.0
2025-06-12 16:02:00,48.5
2025-06-12 06:48:00,50.60542317173377
2025-06-12 23:21:00,12.2
2025-06-12 20:12:00,26.5
2025-06-12 06:45:00,96.3
2025-06-12 14:07:00,50.60542317173377
2025-06-12 08:31:00,54.9
2025-06-12 15:51:00,50.60542317173377
2025-06-12 23:38:00,84.8
2025-06-12 13:06:00,51.4
2025-06-12 20:42:00,71.9
2025-06-12 05:26:00,50.60542317173377
2025-06-12 21:01:00,37.9
2025-06-12 16:12:00,35.2
2025-06-12 05:52:00,14.4
2025-06-12 20:35:00,76.4
2025-06-12 19:07:00,27.4
2025-06-12 10:51:00,45.2
2025-06-12 15:41:00,32.0
2025-06-12 12:34:00,48.2
2025-06-12 11:02:00,59.1
2025-06-12 18:43:00,50.60542317173377
2025-06-12 18:53:00,99.0
2025-06-12 16:55:00,27.6
2025-06-12 22:27:00,17.8
2025-06-12 14:16:00,76.3
2025-06-12 06:38:00,50.60542317173377
2025-06-12 05:09:00,53.1
2025-06-12 13:08:00,46.3
2025-06-12 21:41:00,30.4
2025-06-12 23:27:00,79.3
2025-06-12 19:03:00,85.9
2025-06-12 21:49:00,39.1
2025-06-12 07:45:00,76.2
2025-06-12 09:48:00,64.8
2025-06-12 22:28:00,97.4
2025-06-12 07:35:00,50.60542317173377
2025-06-12 19:36:00,56.8
2025-06-12 08:38:00,57.8
2025-06-12 18:06:00,74.6
2025-06-12 10:48:00,2.8
2025-06-12 11:51:00,10.5
2025-06-12 06:00:00,50.60542317173377
2025-06-12 18:34:00,28.6
2025-06-12 07:03:00,57.6
2025-06-12 10:00:00,88.7
2025-06-12 21:51:00,16.5
2025-06-12 00:18:00,51.3
2025-06-12 14:51:00,38.4
2025-06-12 11:08:00,53.7
2025-06-12 00:35:00,84.9
2025-06-12 17:20:00,9.7
2025-06-12 04:53:00,58.7
2025-06-12 13:16:00,9.1
2025-06-12 02:26:00,15.4
2025-06-12 09:23:00,30.9
2025-06-12 21:48:00,62.6
2025-06-12 11:57:00,79.4
2025-06-12 21:55:00,17.9
2025-06-12 14:43:00,50.60542317173377
2025-06-12 09:04:00,73.9
2025-06-12 22:05:00,28.6
2025-06-12 02:00:00,71.3
2025-06-12 18:09:00,25.0
2025-06-12 18:46:00,50.60542317173377
2025-06-12 18:35:00,63.5
2025-06-12 13:03:00,84.6
2025-06-12 22:09:00,75.4
2025-06-12 21:30:00,3.3
2025-06-12 07:32:00,50.60542317173377
2025-06-12 02:30:00,6.7
2025-06-12 17:51:00,64.9
2025-06-12 21:45:00,65.5
2025-06-12 10:34:00,95.9
2025-06-12 01:45:00,80.4
2025-06-12 09:49:00,8.2
2025-06-12 17:23:00,84.1
2025-06-12 11:41:00,62.5
2025-06-12 21:18:00,1.0
2025-06-12 04:28:00,11.9
2025-06-12 23:26:00,50.60542317173377
2025-06-12 11:05:00,29.4
2025-06-12 04:38:00,74.8
2025-06-12 12:29:00,74.1
2025-06-12 09:54:00,50.60542317173377
2025-06-12 02:23:00,60.7
2025-06-12 13:32:00,50.60542317173377
2025-06-12 22:03:00,34.2
2025-06-12 23:17:00,41.5
2025-06-12 17:36:00,76.8
2025-06-12 07:09:00,0.5
2025-06-12 18:03:00,35.3
2025-06-12 08:14:00,22.0
2025-06-12 08:52:00,25.5
2025-06-12 01:40:00,24.3
2025-06-12 08:57:00,94.3
2025-06-12 19:59:00,29.0
2025-06-12 00:58:00,93.3
2025-06-12 09:59:00,79.2
2025-06-12 21:35:00,83.8
2025-06-12 18:26:00,86.3
2025-06-12 17:52:00,39.6
2025-06-12 23:03:00,52.2
2025-06-12 09:08:00,17.4
2025-06-12 01:06:00,16.0
2025-06-12 18:02:00,47.5
2025-06-12 05:29:00,86.6
2025-06-12 14:27:00,54.7
2025-06-12 20:40:00,83.4
2025-06-12 08:42:00,32.3
2025-06-12 12:24:00,15.6
2025-06-12 21:22:00,53.3
2025-06-12 04:26:00,71.3
2025-06-12 18:50:00,48.5
2025-06-12 20:13:00,32.1
2025-06-12 10:18:00,50.60542317173377
2025-06-12 11:23:00,97.8
2025-06-12 04:24:00,64.0
2025-06-12 11:14:00,50.3
2025-06-12 21:57:00,27.2
2025-06-12 01:10:00,50.60542317173377
2025-06-12 12:50:00,57.2
2025-06-12 07:08:00,59.3
2025-06-12 10:07:00,50.60542317173377
2025-06-12 15:03:00,64.1
2025-06-12 23:18:00,14.8
2025-06-12 12:25:00,60.1
2025-06-12 21:16:00,44.8
2025-06-12 22:47:00,99.6
2025-06-12 05:05:00,27.4
2025-06-12 20:22:00,19.7
2025-06-12 18:00:00,36.5
2025-06-12 01:20:00,20.9
2025-06-12 22:50:00,84.1
2025-06-12 05:41:00,79.6
2025-06-12 20:44:00,32.7
2025-06-12 14:23:00,97.1
2025-06-12 10:27:00,68.4
2025-06-12 01:39:00,50.60542317173377
2025-06-12 00:26:00,61.5
2025-06-12 01:01:00,2.0
2025-06-12 05:19:00,86.0
2025-06-12 08:16:00,14.0
2025-06-12 22:01:00,95.3
2025-06-12 01:05:00,41.5
2025-06-12 15:19:00,91.0
2025-06-12 12:46:00,98.4
2025-06-12 17:13:00,1.4
2025-06-12 17:57:00,95.7
2025-06-12 16:44:00,7.2
2025-06-12 10:06:00,50.60542317173377
2025-06-12 16:29:00,19.2
2025-06-12 08:10:00,56.9
2025-06-12 07:12:00,58.6
2025-06-12 00:12:00,51.9
2025-06-12 19:17:00,94.8
2025-06-12 17:04:00,66.2
2025-06-12 04:50:00,94.9
2025-06-12 12:42:00,54.8
2025-06-12 14:31:00,56.5
2025-06-12 14:08:00,19.6
2025-06-12 19:46:00,75.8
2025-06-12 09:18:00,32.4
2025-06-12 03:30:00,44.3
2025-06-12 01:16:00,5.8
2025-06-12 03:28:00,96.5
2025-06-12 07:10:00,52.6
2025-06-12 14:11:00,77.5
2025-06-12 16:30:00,15.3
2025-06-12 07:56:00,50.60542317173377
2025-06-12 14:14:00,34.4
2025-06-12 07:36:00,31.8
2025-06-12 11:40:00,46.9
2025-06-12 09:10:00,70.6
2025-06-12 23:22:00,59.8
2025-06-12 04:13:00,9.5
2025-06-12 11:28:00,47.2
2025-06-12 04:33:00,50.60542317173377
2025-06-12 05:30:00,34.4
2025-06-12 04:23:00,35.0
2025-06-12 19:55:00,45.9
2025-06-12 07:21:00,21.5
2025-06-12 04:29:00,99.7
2025-06-12 18:39:00,93.9
2025-06-12 05:10:00,97.2
2025-06-12 01:56:00,80.7
2025-06-12 09:34:00,29.9
2025-06-12 17:35:00,0.9
2025-06-12 22:46:00,40.8
2025-06-12 05:45:00,35.5
2025-06-12 09:20:00,46.7
2025-06-12 03:16:00,27.4
2025-06-12 02:43:00,59.6
2025-06-12 00:49:00,50.60542317173377
2025-06-12 04:58:00,49.1
2025-06-12 19:29:00,47.0
2025-06-12 17:06:00,95.8
2025-06-12 11:52:00,23.1
2025-06-12 02:46:00,90.1
2025-06-12 13:20:00,98.4
2025-06-12 07:26:00,82.5
2025-06-12 13:41:00,7.6
2025-06-12 09:24:00,75.1
2025-06-12 20:48:00,35.1
2025-06-12 15:01:00,39.0
2025-06-12 21:46:00,52.3
2025-06-12 17:08:00,26.9
2025-06-12 07:52:00,58.2
2025-06-12 10:08:00,9.6
2025-06-12 11:22:00,50.60542317173377
2025-06-12 15:05:00,2.4
2025-06-12 02:52:00,15.8
2025-06-12 06:40:00,50.60542317173377
2025-06-12 06:10:00,59.3
2025-06-12 04:21:00,70.9
2025-06-12 23:36:00,50.60542317173377
2025-06-12 20:45:00,50.60542317173377
2025-06-12 12:19:00,50.60542317173377
2025-06-12 23:30:00,61.6
2025-06-12 04:15:00,25.5
2025-06-12 16:51:00,51.7
2025-06-12 23:12:00,52.7
2025-06-12 12:23:00,21.2
2025-06-12 13:48:00,16.0
2025-06-12 15:50:00,50.60542317173377
2025-06-12 00:45:00,77.9
2025-06-12 10:15:00,51.5
2025-06-12 02:28:00,15.5
2025-06-12 23:42:00,96.0
2025-06-12 10:04:00,50.60542317173377
2025-06-12 02:27:00,90.4
2025-06-12 22:30:00,41.0
2025-06-12 22:33:00,62.1
2025-06-12 15:25:00,81.0
2025-06-12 06:41:00,72.1
2025-06-12 13:37:00,88.8
2025-06-12 07:25:00,78.1
2025-06-12 05:31:00,20.7
2025-06-12 03:50:00,50.60542317173377
2025-06-12 16:18:00,20.9
2025-06-12 03:39:00,53.8
2025-06-12 11:31:00,90.7
2025-06-12 12:32:00,98.0
2025-06-12 07:47:00,3.1
2025-06-12 22:11:00,49.2
2025-06-12 18:18:00,93.0
2025-06-12 04:19:00,85.5
2025-06-12 21:28:00,65.6
2025-06-12 19:40:00,40.8
2025-06-12 18:27:00,50.60542317173377
2025-06-12 22:48:00,50.60542317173377
2025-06-12 08:30:00,50.60542317173377
2025-06-12 10:17:00,44.9
2025-06-12 07:27:00,65.2
2025-06-12 13:23:00,47.7
2025-06-12 16:39:00,90.4
2025-06-12 13:28:00,87.3
2025-06-12 21:00:00,4.1
2025-06-12 06:27:00,50.60542317173377
2025-06-12 14:36:00,0.8
2025-06-12 06:11:00,25.2
2025-06-12 08:17:00,50.4
2025-06-12 09:14:00,53.1
2025-06-12 22:12:00,79.9
2025-06-12 21:53:00,72.6
2025-06-12 04:12:00,14.6
2025-06-12 00:56:00,78.8
2025-06-12 05:04:00,91.3
2025-06-12 05:53:00,98.0
2025-06-12 23:16:00,12.2
2025-06-12 03:00:00,93.6
2025-06-12 14:28:00,58.7
2025-06-12 13:31:00,3.5
2025-06-12 01:47:00,52.4
2025-06-12 11:45:00,5.7
2025-06-12 20:18:00,76.8
2025-06-12 17:41:00,54.2
2025-06-12 14:25:00,31.9
2025-06-12 19:24:00,74.5
2025-06-12 13:36:00,29.7
2025-06-12 23:07:00,34.1
2025-06-12 01:55:00,28.5
2025-06-12 15:52:00,6.9
2025-06-12 00:29:00,14.3
2025-06-12 09:47:00,99.5
2025-06-12 17:40:00,53.3
2025-06-12 22:42:00,49.935598591549294
2025-06-12 19:07:00,49.935598591549294
2025-06-12 11:13:00,59.3
2025-06-12 23:13:00,49.935598591549294
2025-06-12 16:13:00,15.1
2025-06-12 06:21:00,49.935598591549294
2025-06-12 10:49:00,13.5
2025-06-12 02:35:00,6.2
2025-06-12 03:42:00,49.935598591549294
2025-06-12 15:10:00,30.2
2025-06-12 10:25:00,86.9
2025-06-12 23:28:00,66.1
2025-06-12 12:29:00,60.6
2025-06-12 04:44:00,76.1
2025-06-12 03:35:00,49.935598591549294
2025-06-12 01:11:00,0.7
2025-06-12 09:27:00,64.7
2025-06-12 19:51:00,59.0
2025-06-12 12:06:00,6.2
2025-06-12 11:27:00,10.1
2025-06-12 04:26:00,1.9
2025-06-12 14:42:00,3.5
2025-06-12 20:26:00,75.0
2025-06-12 14:56:00,94.4
2025-06-12 17:13:00,5.5
2025-06-12 16:52:00,49.935598591549294
2025-06-12 22:01:00,98.2
2025-06-12 08:02:00,1.3
2025-06-12 23:58:00,61.8
2025-06-12 03:22:00,35.4
2025-06-12 04:37:00,49.935598591549294
2025-06-12 06:49:00,14.6
2025-06-12 02:23:00,42.6
2025-06-12 14:58:00,87.4
2025-06-12 06:00:00,74.3
2025-06-12 22:46:00,9.1
2025-06-12 12:33:00,96.3
2025-06-12 21:04:00,69.5
2025-06-12 18:12:00,98.0
2025-06-12 15:23:00,21.2
2025-06-12 04:00:00,65.4
2025-06-12 06:38:00,51.2
2025-06-12 19:04:00,44.1
2025-06-12 19:11:00,69.0
2025-06-12 00:03:00,25.7
2025-06-12 15:22:00,63.8
2025-06-12 09:59:00,47.2
2025-06-12 20:21:00,85.5
2025-06-12 07:57:00,67.5
2025-06-12 12:01:00,20.4
2025-06-12 10:08:00,10.3
2025-06-12 02:41:00,7.1
2025-06-12 09:15:00,64.7
2025-06-12 07:38:00,15.9
2025-06-12 07:04:00,92.3
2025-06-12 20:38:00,49.935598591549294
2025-06-12 06:57:00,49.935598591549294
2025-06-12 16:38:00,86.1
2025-06-12 00:06:00,4.1
2025-06-12 20:01:00,3.4
2025-06-12 06:11:00,30.9
2025-06-12 15:02:00,6.1
2025-06-12 03:21:00,66.0
2025-06-12 11:23:00,63.9
2025-06-12 17:27:00,24.6
2025-06-12 22:13:00,79.1
2025-06-12 18:03:00,45.2
2025-06-12 15:39:00,66.0
2025-06-12 01:38:00,17.0
2025-06-12 20:25:00,41.0
2025-06-12 10:03:00,86.4
2025-06-12 13:01:00,35.7
2025-06-12 01:00:00,52.6
2025-06-12 09:26:00,59.0
2025-06-12 04:16:00,74.5
2025-06-12 07:53:00,78.0
2025-06-12 23:20:00,72.1
2025-06-12 21:23:00,49.935598591549294
2025-06-12 05:45:00,49.935598591549294
2025-06-12 12:00:00,29.8
2025-06-12 15:00:00,49.935598591549294
2025-06-12 17:28:00,66.7
2025-06-12 03:01:00,76.9
2025-06-12 10:21:00,45.3
2025-06-12 07:43:00,49.935598591549294
2025-06-12 00:32:00,69.1
2025-06-12 11:33:00,11.0
2025-06-12 04:32:00,23.7
2025-06-12 08:13:00,68.1
2025-06-12 00:25:00,100.0
2025-06-12 18:30:00,56.3
2025-06-12 03:45:00,20.4
2025-06-12 08:08:00,39.2
2025-06-12 06:25:00,0.6
2025-06-12 09:51:00,27.6
2025-06-12 13:05:00,18.0
2025-06-12 02:15:00,86.0
2025-06-12 09:30:00,34.8
2025-06-12 09:43:00,50.4
2025-06-12 17:39:00,8.3
2025-06-12 15:12:00,42.1
2025-06-12 21:15:00,49.935598591549294
2025-06-12 20:04:00,49.935598591549294
2025-06-12 05:51:00,73.1
2025-06-12 11:11:00,76.1
2025-06-12 13:04:00,75.4
2025-06-12 22:56:00,91.8
2025-06-12 20:10:00,94.3
2025-06-12 17:55:00,18.9
2025-06-12 23:31:00,61.1
2025-06-12 08:22:00,57.0
2025-06-12 16:26:00,5.1
2025-06-12 05:28:00,43.7
2025-06-12 00:57:00,49.935598591549294
2025-06-12 09:45:00,14.6
2025-06-12 04:29:00,49.935598591549294
2025-06-12 10:46:00,6.3
2025-06-12 23:27:00,38.3
2025-06-12 23:10:00,32.5
2025-06-12 01:56:00,49.935598591549294
2025-06-12 17:33:00,40.3
2025-06-12 09:37:00,30.5
2025-06-12 13:09:00,90.3
2025-06-12 07:55:00,7.0
2025-06-12 05:20:00,68.2
2025-06-12 04:25:00,27.9
2025-06-12 02:29:00,14.9
2025-06-12 14:34:00,2.0
2025-06-12 09:12:00,94.4
2025-06-12 09:13:00,28.2
2025-06-12 19:32:00,83.9
2025-06-12 03:02:00,49.935598591549294
2025-06-12 14:40:00,89.6
2025-06-12 12:10:00,4.8
2025-06-12 10:50:00,95.4
2025-06-12 00:45:00,39.4
2025-06-12 04:20:00,44.7
2025-06-12 18:10:00,52.3
2025-06-12 05:59:00,88.5
2025-06-12 23:00:00,41.3
2025-06-12 13:59:00,30.9
2025-06-12 18:47:00,57.8
2025-06-12 15:38:00,71.9
2025-06-12 00:42:00,8.7
2025-06-12 13:41:00,45.1
2025-06-12 18:16:00,55.5
2025-06-12 21:34:00,65.8
2025-06-12 15:51:00,79.2
2025-06-12 11:57:00,40.1
2025-06-12 08:41:00,99.3
2025-06-12 19:45:00,45.3
2025-06-12 03:30:00,55.5
2025-06-12 21:53:00,68.2
2025-06-12 11:01:00,28.8
2025-06-12 13:15:00,89.4
2025-06-12 11:35:00,49.6
2025-06-12 04:13:00,54.9
2025-06-12 03:33:00,89.0
2025-06-12 14:48:00,81.4
2025-06-12 23:26:00,10.9
2025-06-12 00:37:00,49.935598591549294
2025-06-12 21:48:00,26.3
2025-06-12 11:28:00,49.935598591549294
2025-06-12 22:52:00,23.8
2025-06-12 00:38:00,99.7
2025-06-12 09:54:00,83.7
2025-06-12 04:34:00,58.1
2025-06-12 13:30:00,35.3
2025-06-12 19:09:00,32.7
2025-06-12 23:35:00,63.6
2025-06-12 04:03:00,49.935598591549294
2025-06-12 15:36:00,24.9
2025-06-12 01:41:00,33.6
2025-06-12 04:50:00,41.1
2025-06-12 01:03:00,66.8
2025-06-12 12:23:00,16.8
2025-06-12 01:04:00,85.2
2025-06-12 14:18:00,19.9
2025-06-12 09:34:00,49.935598591549294
2025-06-12 23:09:00,88.9
2025-06-12 03:39:00,26.9
2025-06-12 19:30:00,50.0
2025-06-12 06:09:00,31.4
2025-06-12 13:20:00,32.2
2025-06-12 07:27:00,82.7
2025-06-12 06:39:00,51.9
2025-06-12 17:06:00,49.935598591549294
2025-06-12 19:37:00,49.935598591549294
2025-06-12 16:35:00,88.9
2025-06-12 22:25:00,75.3
2025-06-12 08:49:00,24.5
2025-06-12 01:27:00,82.6
2025-06-12 15:09:00,93.0
2025-06-12 23:07:00,1.9
2025-06-12 20:12:00,34.4
2025-06-12 10:18:00,99.0
2025-06-12 18:51:00,52.9
2025-06-12 23:17:00,5.1
2025-06-12 21:57:00,60.2
2025-06-12 07:00:00,49.935598591549294
2025-06-12 10:23:00,81.0
2025-06-12 20:31:00,67.3
2025-06-12 14:39:00,66.1
2025-06-12 02:44:00,49.8
2025-06-12 13:54:00,10.1
2025-06-12 11:00:00,49.935598591549294
2025-06-12 12:52:00,21.3
2025-06-12 00:43:00,75.0
2025-06-12 12:31:00,49.935598591549294
2025-06-12 09:46:00,49.935598591549294
2025-06-12 06:12:00,42.5
2025-06-12 15:04:00,46.1
2025-06-12 23:36:00,19.3
2025-06-12 14:19:00,49.935598591549294
2025-06-12 05:42:00,85.1
2025-06-12 17:32:00,46.7
2025-06-12 21:37:00,47.3
2025-06-12 09:48:00,65.8
2025-06-12 08:21:00,63.8
2025-06-12 10:06:00,49.935598591549294
2025-06-12 02:07:00,39.5
2025-06-12 09:38:00,99.7
2025-06-12 15:56:00,49.935598591549294
2025-06-12 18:50:00,64.8
2025-06-12 03:44:00,56.7
2025-06-12 01:42:00,64.7
2025-06-12 20:52:00,30.2
2025-06-12 21:13:00,2.5
2025-06-12 07:14:00,99.8
2025-06-12 05:50:00,30.2
2025-06-12 09:19:00,85.4
2025-06-12 18:23:00,20.8
2025-06-12 07:22:00,94.5
2025-06-12 02:14:00,19.5
2025-06-12 11:04:00,25.1
2025-06-12 13:55:00,4.0
2025-06-12 14:06:00,49.935598591549294
2025-06-12 06:50:00,49.935598591549294
2025-06-12 08:56:00,45.0
2025-06-12 04:43:00,68.2
2025-06-12 00:04:00,95.6
2025-06-12 11:59:00,76.9
2025-06-12 05:43:00,38.1
2025-06-12 07:24:00,49.935598591549294
2025-06-12 14:35:00,49.935598591549294
2025-06-12 06:52:00,59.1
2025-06-12 10:17:00,82.4
2025-06-12 01:52:00,19.6
2025-06-12 00:51:00,49.935598591549294
2025-06-12 17:49:00,95.9
2025-06-12 14:15:00,92.6
2025-06-12 09:49:00,9.2
2025-06-12 23:24:00,13.1
2025-06-12 06:06:00,86.4
2025-06-12 23:46:00,49.935598591549294
2025-06-12 19:40:00,13.6
2025-06-12 01:17:00,11.5
2025-06-12 16:12:00,91.6
2025-06-12 11:58:00,51.1
2025-06-12 07:23:00,6.0
2025-06-12 02:54:00,90.3
2025-06-12 07:47:00,78.2
2025-06-12 16:58:00,34.5
2025-06-12 06:10:00,88.9
2025-06-12 10:28:00,76.3
2025-06-12 03:55:00,37.4
2025-06-12 04:14:00,24.9
2025-06-12 22:54:00,49.935598591549294
2025-06-12 20:24:00,95.1
2025-06-12 21:27:00,38.8
2025-06-12 04:58:00,51.7
2025-06-12 20:13:00,18.5
2025-06-12 11:16:00,57.8
2025-06-12 15:49:00,60.1
2025-06-12 21:49:00,22.6
2025-06-12 17:15:00,49.935598591549294
2025-06-12 14:22:00,65.6
2025-06-12 13:13:00,25.4
2025-06-12 15:17:00,49.935598591549294
2025-06-12 16:33:00,94.7
2025-06-12 13:02:00,87.2
2025-06-12 04:54:00,26.1
2025-06-12 21:08:00,17.8
2025-06-12 20:33:00,43.9
2025-06-12 00:47:00,69.6
2025-06-12 02:48:00,69.7
2025-06-12 01:21:00,53.7
2025-06-12 13:08:00,51.7
2025-06-12 23:25:00,90.5
2025-06-12 05:38:00,62.8
2025-06-12 17:47:00,38.0
2025-06-12 19:16:00,9.5
2025-06-12 08:40:00,81.1
2025-06-12 21:19:00,24.9
2025-06-12 06:33:00,54.3
2025-06-12 18:46:00,78.9
2025-06-12 22:17:00,96.4
2025-06-12 20:36:00,75.6
2025-06-12 00:49:00,69.1
2025-06-12 04:46:00,42.5
2025-06-12 04:01:00,38.2
2025-06-12 01:58:00,5.0
2025-06-12 19:17:00,57.4
2025-06-12 11:40:00,49.935598591549294
2025-06-12 14:57:00,6.7
2025-06-12 16:19:00,5.7
2025-06-12 21:41:00,61.9
2025-06-12 20:14:00,93.3
2025-06-12 17:54:00,34.7
2025-06-12 07:42:00,66.1
2025-06-12 15:54:00,28.2
2025-06-12 09:13:00,65.5
2025-06-12 02:11:00,51.0
2025-06-12 15:52:00,32.0
2025-06-12 08:57:00,85.9
2025-06-12 09:20:00,67.7
2025-06-12 03:04:00,12.2
2025-06-12 10:21:00,49.740225962104276
2025-06-12 17:29:00,3.2
2025-06-12 22:22:00,70.6
2025-06-12 00:20:00,49.740225962104276
2025-06-12 00:57:00,4.4
2025-06-12 13:05:00,19.1
2025-06-12 17:50:00,96.0
2025-06-12 19:46:00,88.6
2025-06-12 13:03:00,73.9
2025-06-12 19:51:00,49.740225962104276
2025-06-12 03:13:00,47.7
2025-06-12 11:01:00,72.1
2025-06-12 15:16:00,49.740225962104276
2025-06-12 22:04:00,76.6
2025-06-12 10:12:00,86.8
2025-06-12 10:01:00,96.2
2025-06-12 12:14:00,26.7
2025-06-12 08:51:00,49.740225962104276
2025-06-12 09:35:00,40.8
2025-06-12 00:46:00,84.7
2025-06-12 15:12:00,32.1
2025-06-12 06:17:00,13.4
2025-06-12 11:40:00,49.740225962104276
2025-06-12 03:25:00,85.9
2025-06-12 14:09:00,33.7
2025-06-12 18:27:00,32.2
2025-06-12 20:53:00,49.740225962104276
2025-06-12 16:05:00,49.740225962104276
2025-06-12 05:13:00,40.1
2025-06-12 22:44:00,59.4
2025-06-12 00:29:00,70.2
2025-06-12 06:19:00,94.6
2025-06-12 07:34:00,77.1
2025-06-12 00:07:00,96.0
2025-06-12 04:58:00,19.5
2025-06-12 03:34:00,63.4
2025-06-12 19:15:00,70.8
2025-06-12 21:58:00,49.740225962104276
2025-06-12 13:57:00,66.8
2025-06-12 08:10:00,49.740225962104276
2025-06-12 21:46:00,97.7
2025-06-12 21:51:00,51.1
2025-06-12 18:08:00,55.2
2025-06-12 05:03:00,12.3
2025-06-12 20:10:00,64.2
2025-06-12 04:17:00,62.0
2025-06-12 07:04:00,1.8
2025-06-12 00:43:00,94.1
2025-06-12 04:31:00,32.5
2025-06-12 16:22:00,60.7
2025-06-12 19:20:00,11.9
2025-06-12 19:36:00,85.4
2025-06-12 13:11:00,21.3
2025-06-12 07:36:00,3.8
2025-06-12 09:08:00,49.740225962104276
2025-06-12 00:42:00,62.0
2025-06-12 07:23:00,9.2
2025-06-12 01:40:00,66.5
2025-06-12 20:35:00,89.6
2025-06-12 03:39:00,41.2
2025-06-12 20:19:00,2.7
2025-06-12 09:17:00,49.740225962104276
2025-06-12 09:43:00,49.740225962104276
2025-06-12 15:47:00,89.0
2025-06-12 14:13:00,50.9
2025-06-12 06:22:00,49.740225962104276
2025-06-12 18:18:00,95.4
2025-06-12 01:41:00,12.6
2025-06-12 21:04:00,98.8
2025-06-12 04:44:00,47.3
2025-06-12 12:06:00,49.740225962104276
2025-06-12 08:42:00,34.5
2025-06-12 03:07:00,33.7
2025-06-12 15:55:00,9.7
2025-06-12 12:58:00,49.740225962104276
2025-06-12 22:46:00,49.740225962104276
2025-06-12 15:45:00,27.0
2025-06-12 06:11:00,7.0
2025-06-12 17:04:00,61.3
2025-06-12 09:27:00,40.1
2025-06-12 13:36:00,81.2
2025-06-12 00:52:00,73.1
2025-06-12 11:35:00,87.6
2025-06-12 04:07:00,24.7
2025-06-12 11:39:00,77.5
2025-06-12 15:06:00,83.6
2025-06-12 01:32:00,44.3
2025-06-12 13:20:00,74.7
2025-06-12 17:41:00,35.9
2025-06-12 20:24:00,33.1
2025-06-12 12:13:00,75.6
2025-06-12 09:30:00,9.9
2025-06-12 16:19:00,49.740225962104276
2025-06-12 12:44:00,49.740225962104276
2025-06-12 15:07:00,2.5
2025-06-12 19:56:00,30.7
2025-06-12 09:21:00,10.1
2025-06-12 01:43:00,54.0
2025-06-12 00:33:00,9.9
2025-06-12 20:18:00,49.740225962104276
2025-06-12 21:27:00,16.8
2025-06-12 14:43:00,49.740225962104276
2025-06-12 11:25:00,3.7
2025-06-12 11:13:00,79.6
2025-06-12 05:55:00,79.7
2025-06-12 09:01:00,97.9
2025-06-12 11:15:00,90.7
2025-06-12 13:43:00,37.9
2025-06-12 13:27:00,49.740225962104276
2025-06-12 17:02:00,48.9
2025-06-12 19:39:00,21.8
2025-06-12 06:38:00,40.4
2025-06-12 02:23:00,49.740225962104276
2025-06-12 22:48:00,97.5
2025-06-12 00:32:00,51.5
2025-06-12 07:56:00,55.8
2025-06-12 15:59:00,87.6
2025-06-12 22:30:00,33.4
2025-06-12 08:40:00,61.2
2025-06-12 10:25:00,45.5
2025-06-12 14:00:00,65.6
2025-06-12 03:31:00,78.7
2025-06-12 11:42:00,2.0
2025-06-12 01:38:00,84.5
2025-06-12 16:27:00,37.2
2025-06-12 13:10:00,89.4
2025-06-12 02:59:00,92.3
2025-06-12 19:16:00,43.4
2025-06-12 05:05:00,59.2
2025-06-12 10:43:00,49.740225962104276
2025-06-12 23:58:00,7.7
2025-06-12 09:55:00,76.0
2025-06-12 13:56:00,25.6
2025-06-12 22:10:00,93.7
2025-06-12 04:49:00,93.9
2025-06-12 02:35:00,49.740225962104276
2025-06-12 11:12:00,100.0
2025-06-12 23:39:00,15.3
2025-06-12 21:19:00,49.740225962104276
2025-06-12 21:54:00,52.8
2025-06-12 18:42:00,15.4
2025-06-12 14:04:00,49.740225962104276
2025-06-12 07:08:00,70.9
2025-06-12 20:07:00,98.7
2025-06-12 18:03:00,49.740225962104276
2025-06-12 23:15:00,41.5
2025-06-12 03:41:00,14.5
2025-06-12 16:55:00,41.4
2025-06-12 06:06:00,96.6
2025-06-12 12:32:00,33.8
2025-06-12 19:18:00,49.740225962104276
2025-06-12 10:07:00,85.5
2025-06-12 20:43:00,15.6
2025-06-12 06:14:00,21.7
2025-06-12 00:14:00,9.7
2025-06-12 17:44:00,32.7
2025-06-12 02:19:00,98.2
2025-06-12 00:01:00,49.740225962104276
2025-06-12 03:56:00,64.8
2025-06-12 23:18:00,34.7
2025-06-12 04:41:00,5.2
2025-06-12 15:50:00,84.5
2025-06-12 22:19:00,59.3
2025-06-12 16:35:00,26.8
2025-06-12 03:42:00,5.0
2025-06-12 04:01:00,34.4
2025-06-12 05:43:00,22.8
2025-06-12 15:41:00,13.2
2025-06-12 18:53:00,7.7
2025-06-12 08:14:00,82.0
2025-06-12 14:07:00,79.8
2025-06-12 06:05:00,17.8
2025-06-12 15:24:00,26.5
2025-06-12 04:18:00,80.5
2025-06-12 23:51:00,9.5
2025-06-12 14:42:00,49.740225962104276
2025-06-12 15:19:00,49.740225962104276
2025-06-12 03:21:00,25.7
2025-06-12 03:11:00,29.8
2025-06-12 20:37:00,11.0
2025-06-12 06:47:00,42.8
2025-06-12 05:41:00,73.4
2025-06-12 18:35:00,51.7
2025-06-12 21:18:00,3.5
2025-06-12 07:15:00,85.4
2025-06-12 22:49:00,88.2
2025-06-12 08:18:00,49.740225962104276
2025-06-12 08:54:00,5.7
2025-06-12 11:08:00,49.740225962104276
2025-06-12 06:21:00,49.740225962104276
2025-06-12 04:37:00,16.3
2025-06-12 17:37:00,5.1
2025-06-12 04:20:00,58.3
2025-06-12 10:46:00,36.3
2025-06-12 08:41:00,7.7
2025-06-12 09:04:00,49.740225962104276
2025-06-12 19:41:00,40.9
2025-06-12 01:48:00,38.9
2025-06-12 00:38:00,49.740225962104276
2025-06-12 23:38:00,65.0
2025-06-12 23:37:00,6.6
2025-06-12 15:18:00,89.8
2025-06-12 07:07:00,95.8
2025-06-12 03:46:00,37.3
2025-06-12 06:18:00,49.740225962104276
2025-06-12 18:07:00,38.4
2025-06-12 13:55:00,49.740225962104276
2025-06-12 20:08:00,96.8
2025-06-12 09:41:00,64.2
2025-06-12 08:26:00,49.740225962104276
2025-06-12 03:40:00,36.5
2025-06-12 08:11:00,76.5
2025-06-12 12:51:00,84.6
2025-06-12 23:19:00,62.8
2025-06-12 11:06:00,67.2
2025-06-12 01:28:00,71.4
2025-06-12 09:28:00,7.0
2025-06-12 18:19:00,5.5
2025-06-12 14:06:00,26.7
2025-06-12 10:59:00,33.9
2025-06-12 19:00:00,87.2
2025-06-12 06:59:00,8.4
2025-06-12 07:21:00,93.8
2025-06-12 18:09:00,63.9
2025-06-12 21:45:00,52.2
2025-06-12 03:19:00,65.6
2025-06-12 07:46:00,34.0
2025-06-12 09:42:00,22.2
2025-06-12 04:05:00,14.2
2025-06-12 04:12:00,84.1
2025-06-12 14:12:00,49.740225962104276
2025-06-12 12:08:00,49.740225962104276
2025-06-12 08:13:00,8.1
2025-06-12 02:09:00,78.1
2025-06-12 05:40:00,87.5
2025-06-12 04:06:00,14.5
2025-06-12 12:27:00,91.0
2025-06-12 14:31:00,53.1
2025-06-12 22:01:00,49.740225962104276
2025-06-12 17:42:00,87.0
2025-06-12 04:56:00,16.6
2025-06-12 16:21:00,23.9
2025-06-12 23:53:00,23.7
2025-06-12 02:00:00,14.2
2025-06-12 07:09:00,87.5
2025-06-12 08:47:00,73.1
2025-06-12 05:12:00,50.3
2025-06-12 21:55:00,0.1
2025-06-12 08:58:00,49.740225962104276
2025-06-12 17:36:00,10.9
2025-06-12 23:29:00,49.740225962104276
2025-06-12 19:27:00,16.3
2025-06-12 23:55:00,73.7
2025-06-12 12:24:00,18.0
2025-06-12 09:39:00,76.0
2025-06-12 19:49:00,25.0
2025-06-12 00:12:00,28.9
2025-06-12 15:03:00,1.8
2025-06-12 19:12:00,27.8
2025-06-12 00:47:00,89.5
2025-06-12 14:11:00,86.3
2025-06-12 02:10:00,52.6
2025-06-12 21:47:00,75.2
2025-06-12 03:50:00,14.2
2025-06-12 03:08:00,4.7
2025-06-12 10:42:00,50.9
2025-06-12 20:41:00,38.1
2025-06-12 13:51:00,19.6
2025-06-12 06:50:00,62.3
2025-06-12 07:41:00,76.2
2025-06-12 00:11:00,11.6
2025-06-12 04:48:00,29.2
2025-06-12 03:54:00,21.6
2025-06-12 20:55:00,94.1
2025-06-12 13:47:00,39.2
2025-06-12 15:38:00,67.4
2025-06-12 07:02:00,45.3
2025-06-12 07:57:00,49.740225962104276
2025-06-12 16:49:00,49.740225962104276
2025-06-12 23:24:00,20.7
2025-06-12 03:52:00,77.7
2025-06-12 04:14:00,59.7
2025-06-12 15:22:00,50.18838223164841
2025-06-12 13:59:00,71.6
2025-06-12 15:08:00,37.8
2025-06-12 12:32:00,1.9
2025-06-12 15:02:00,2.5
2025-06-12 20:43:00,51.0
2025-06-12 23:19:00,93.2
2025-06-12 06:54:00,50.18838223164841
2025-06-12 20:10:00,75.5
2025-06-12 12:18:00,98.5
2025-06-12 09:23:00,39.4
2025-06-12 03:59:00,50.18838223164841
2025-06-12 20:16:00,50.18838223164841
2025-06-12 06:00:00,89.1
2025-06-12 00:35:00,79.2
2025-06-12 17:36:00,51.3
2025-06-12 21:51:00,32.4
2025-06-12 03:33:00,65.7
2025-06-12 12:01:00,21.0
2025-06-12 04:07:00,66.3
2025-06-12 18:13:00,80.4
2025-06-12 06:12:00,26.9
2025-06-12 20:04:00,10.1
2025-06-12 18:23:00,58.9
2025-06-12 23:34:00,3.5
2025-06-12 09:16:00,70.7
2025-06-12 07:07:00,83.7
2025-06-12 11:16:00,30.8
2025-06-12 15:00:00,27.0
2025-06-12 09:53:00,50.18838223164841
2025-06-12 17:57:00,70.4
2025-06-12 13:00:00,99.9
2025-06-12 08:20:00,93.9
2025-06-12 19:11:00,14.5
2025-06-12 17:30:00,82.9
2025-06-12 23:59:00,72.1
2025-06-12 03:20:00,50.6
2025-06-12 16:29:00,69.6
2025-06-12 08:22:00,50.18838223164841
2025-06-12 01:33:00,50.18838223164841
2025-06-12 15:57:00,48.6
2025-06-12 20:28:00,50.18838223164841
2025-06-12 22:38:00,79.7
2025-06-12 15:29:00,57.9
2025-06-12 16:28:00,50.18838223164841
2025-06-12 13:27:00,81.3
2025-06-12 21:16:00,50.18838223164841
2025-06-12 13:37:00,83.8
2025-06-12 05:09:00,69.8
2025-06-12 13:45:00,50.18838223164841
2025-06-12 16:30:00,45.3
2025-06-12 20:15:00,63.7
2025-06-12 17:02:00,50.18838223164841
2025-06-12 03:50:00,72.4
2025-06-12 04:01:00,35.5
2025-06-12 18:27:00,13.2
2025-06-12 11:14:00,2.1
2025-06-12 08:07:00,69.3
2025-06-12 16:51:00,14.3
2025-06-12 11:04:00,58.8
2025-06-12 12:51:00,61.0
2025-06-12 11:27:00,11.0
2025-06-12 03:09:00,39.3
2025-06-12 20:55:00,50.18838223164841
2025-06-12 11:03:00,31.7
2025-06-12 21:38:00,66.7
2025-06-12 02:34:00,91.9
2025-06-12 02:19:00,19.7
2025-06-12 21:48:00,8.2
2025-06-12 12:07:00,50.18838223164841
2025-06-12 14:34:00,15.0
2025-06-12 21:44:00,5.8
2025-06-12 11:48:00,87.6
2025-06-12 10:24:00,42.7
2025-06-12 22:57:00,92.7
2025-06-12 10:07:00,23.4
2025-06-12 03:23:00,50.18838223164841
2025-06-12 16:52:00,22.3
2025-06-12 17:19:00,50.18838223164841
2025-06-12 16:41:00,56.3
2025-06-12 15:58:00,87.6
2025-06-12 12:52:00,83.6
2025-06-12 03:28:00,93.3
2025-06-12 15:38:00,97.8
2025-06-12 17:24:00,50.4
2025-06-12 20:09:00,61.7
2025-06-12 09:17:00,59.6
2025-06-12 18:58:00,20.6
2025-06-12 01:06:00,32.7
2025-06-12 21:09:00,91.4
2025-06-12 19:51:00,18.9
2025-06-12 22:52:00,71.0
2025-06-12 08:19:00,76.2
2025-06-12 15:55:00,25.5
2025-06-12 11:10:00,94.2
2025-06-12 02:42:00,42.8
2025-06-12 06:05:00,75.5
2025-06-12 07:06:00,99.9
2025-06-12 12:58:00,50.18838223164841
2025-06-12 02:17:00,83.7
2025-06-12 17:03:00,76.3
2025-06-12 17:27:00,1.8
2025-06-12 08:31:00,18.2
2025-06-12 08:28:00,2.1
2025-06-12 06:53:00,50.18838223164841
2025-06-12 20:11:00,21.7
2025-06-12 08:39:00,98.3
2025-06-12 13:51:00,18.5
2025-06-12 02:14:00,89.4
2025-06-12 09:46:00,40.2
2025-06-12 12:09:00,39.1
2025-06-12 04:38:00,2.5
2025-06-12 04:13:00,5.2
2025-06-12 01:16:00,29.7
2025-06-12 10:42:00,7.8
2025-06-12 21:32:00,74.6
2025-06-12 00:01:00,65.4
2025-06-12 15:14:00,72.0
2025-06-12 22:42:00,52.5
2025-06-12 02:22:00,81.9
2025-06-12 16:23:00,58.7
2025-06-12 16:15:00,50.18838223164841
2025-06-12 15:21:00,50.18838223164841
2025-06-12 15:10:00,50.18838223164841
2025-06-12 09:45:00,50.18838223164841
2025-06-12 12:48:00,21.0
2025-06-12 19:31:00,25.5
2025-06-12 19:33:00,58.9
2025-06-12 18:25:00,32.8
2025-06-12 23:54:00,75.8
2025-06-12 14:12:00,7.8
2025-06-12 17:31:00,50.18838223164841
2025-06-12 19:35:00,77.0
2025-06-12 00:36:00,22.6
2025-06-12 05:50:00,45.6
2025-06-12 18:51:00,3.0
2025-06-12 07:55:00,40.7
2025-06-12 17:11:00,8.9
2025-06-12 04:45:00,88.7
2025-06-12 02:28:00,73.2
2025-06-12 14:01:00,15.8
2025-06-12 22:44:00,93.3
2025-06-12 05:56:00,92.9
2025-06-12 01:02:00,59.3
2025-06-12 17:40:00,78.6
2025-06-12 17:20:00,2.4
2025-06-12 20:41:00,47.4
2025-06-12 00:42:00,50.18838223164841
2025-06-12 08:37:00,24.7
2025-06-12 06:44:00,33.8
2025-06-12 11:59:00,56.0
2025-06-12 17:52:00,44.1
2025-06-12 17:28:00,88.8
2025-06-12 13:20:00,5.3
2025-06-12 07:39:00,24.1
2025-06-12 08:45:00,31.2
2025-06-12 13:31:00,44.6
2025-06-12 19:37:00,73.8
2025-06-12 08:53:00,33.4
2025-06-12 02:45:00,82.6
2025-06-12 21:43:00,24.7
2025-06-12 01:27:00,70.9
2025-06-12 03:36:00,55.8
2025-06-12 06:13:00,50.18838223164841
2025-06-12 05:04:00,72.9
2025-06-12 07:21:00,11.6
2025-06-12 02:43:00,10.6
2025-06-12 12:44:00,98.0
2025-06-12 06:31:00,69.1
2025-06-12 08:41:00,94.2
2025-06-12 18:04:00,36.4
2025-06-12 00:14:00,47.6
2025-06-12 20:40:00,12.6
2025-06-12 14:41:00,47.8
2025-06-12 21:59:00,50.18838223164841
2025-06-12 19:25:00,2.0
2025-06-12 03:32:00,87.6
2025-06-12 01:47:00,31.6
2025-06-12 03:41:00,83.9
2025-06-12 13:08:00,22.9
2025-06-12 19:21:00,60.8
2025-06-12 02:04:00,68.2
2025-06-12 07:33:00,16.5
2025-06-12 05:23:00,51.3
2025-06-12 04:04:00,75.3
2025-06-12 12:25:00,10.2
2025-06-12 20:24:00,50.18838223164841
2025-06-12 12:39:00,5.9
2025-06-12 22:18:00,50.18838223164841
2025-06-12 06:32:00,50.18838223164841
2025-06-12 12:00:00,21.7
2025-06-12 10:22:00,67.7
2025-06-12 11:57:00,89.4
2025-06-12 03:24:00,2.1
2025-06-12 13:21:00,23.7
2025-06-12 23:11:00,53.0
2025-06-12 08:55:00,76.3
2025-06-12 14:04:00,12.3
2025-06-12 08:25:00,7.3
2025-06-12 10:34:00,50.18838223164841
2025-06-12 11:44:00,32.4
2025-06-12 21:00:00,60.9
2025-06-12 22:08:00,73.3
2025-06-12 01:40:00,50.18838223164841
2025-06-12 15:18:00,83.5
2025-06-12 02:55:00,50.18838223164841
2025-06-12 14:52:00,50.18838223164841
2025-06-12 02:53:00,50.18838223164841
2025-06-12 07:50:00,41.8
2025-06-12 20:31:00,71.7
2025-06-12 01:22:00,50.18838223164841
2025-06-12 18:09:00,79.7
2025-06-12 00:08:00,35.0
2025-06-12 05:28:00,50.18838223164841
2025-06-12 10:03:00,50.18838223164841
2025-06-12 19:38:00,58.8
2025-06-12 14:56:00,80.8
2025-06-12 15:03:00,11.4
2025-06-12 18:01:00,50.18838223164841
2025-06-12 12:27:00,50.18838223164841
2025-06-12 12:10:00,35.7
2025-06-12 09:20:00,50.18838223164841
2025-06-12 04:10:00,93.1
2025-06-12 22:14:00,11.1
2025-06-12 22:21:00,43.1
2025-06-12 01:23:00,34.7
2025-06-12 08:36:00,77.8
2025-06-12 10:57:00,51.9
2025-06-12 05:46:00,50.18838223164841
2025-06-12 00:32:00,79.8
2025-06-12 04:40:00,27.1
2025-06-12 17:06:00,69.3
2025-06-12 07:49:00,50.18838223164841
2025-06-12 20:54:00,65.1
2025-06-12 20:46:00,85.8
2025-06-12 20:44:00,50.18838223164841
2025-06-12 20:02:00,6.4
2025-06-12 16:59:00,47.2
2025-06-12 05:41:00,76.4
2025-06-12 20:12:00,90.0
2025-06-12 17:04:00,75.8
2025-06-12 09:13:00,43.9
2025-06-12 16:06:00,73.6
2025-06-12 12:13:00,27.8
2025-06-12 13:47:00,27.1
2025-06-12 22:53:00,53.2
2025-06-12 10:56:00,28.1
2025-06-12 12:43:00,66.9
2025-06-12 21:08:00,78.0
2025-06-12 04:00:00,50.18838223164841
2025-06-12 16:07:00,50.18838223164841
2025-06-12 04:23:00,62.0
2025-06-12 15:59:00,54.8
2025-06-12 07:05:00,77.2
2025-06-12 13:11:00,18.8
2025-06-12 03:13:00,41.8
2025-06-12 14:21:00,92.3
2025-06-12 13:32:00,8.2
2025-06-12 21:23:00,88.0
2025-06-12 08:43:00,50.18838223164841
2025-06-12 13:06:00,76.3
2025-06-12 08:26:00,50.18838223164841
2025-06-12 11:07:00,29.4
2025-06-12 23:06:00,85.4
2025-06-12 00:33:00,66.8
2025-06-12 07:02:00,50.18838223164841
2025-06-12 18:28:00,37.1
2025-06-12 00:40:00,8.7
2025-06-12 13:05:00,45.7
2025-06-12 08:17:00,97.0
2025-06-12 23:41:00,53.9
2025-06-12 03:45:00,65.9
2025-06-12 15:34:00,31.6
2025-06-12 10:39:00,79.6
2025-06-12 18:30:00,23.7
2025-06-12 12:45:00,99.2
2025-06-12 00:49:00,14.6
2025-06-12 01:26:00,63.5
2025-06-12 20:13:00,41.5
2025-06-12 08:32:00,91.5
2025-06-12 23:13:00,99.8
2025-06-12 05:39:00,50.18838223164841
2025-06-12 16:18:00,85.7
2025-06-12 12:31:00,19.7
2025-06-12 04:12:00,89.7
2025-06-12 09:48:00,34.3
2025-06-12 15:41:00,63.0
2025-06-12 09:24:00,34.2
2025-06-12 21:51:00,31.4
2025-06-12 06:36:00,19.9
2025-06-12 17:00:00,49.927249175694776
2025-06-12 19:05:00,92.3
2025-06-12 22:27:00,49.927249175694776
2025-06-12 18:35:00,13.2
2025-06-12 13:08:00,72.3
2025-06-12 20:29:00,96.4
2025-06-12 12:31:00,90.6
2025-06-12 11:09:00,93.6
2025-06-12 22:58:00,54.2
2025-06-12 12:23:00,51.4
2025-06-12 23:52:00,20.7
2025-06-12 11:04:00,68.2
2025-06-12 20:17:00,52.0
2025-06-12 09:04:00,55.3
2025-06-12 15:36:00,51.4
2025-06-12 06:58:00,89.1
2025-06-12 16:01:00,93.7
2025-06-12 16:19:00,23.9
2025-06-12 02:42:00,68.4
2025-06-12 18:30:00,76.9
2025-06-12 08:37:00,51.7
2025-06-12 21:54:00,80.3
2025-06-12 11:01:00,49.927249175694776
2025-06-12 06:06:00,96.8
2025-06-12 23:25:00,28.1
2025-06-12 18:09:00,93.3
2025-06-12 12:19:00,82.3
2025-06-12 02:51:00,8.0
2025-06-12 04:47:00,49.927249175694776
2025-06-12 06:50:00,54.3
2025-06-12 03:32:00,22.1
2025-06-12 07:46:00,23.0
2025-06-12 01:36:00,16.5
2025-06-12 15:53:00,26.7
2025-06-12 13:49:00,49.927249175694776
2025-06-12 23:43:00,35.6
2025-06-12 19:44:00,64.5
2025-06-12 23:33:00,86.5
2025-06-12 22:21:00,49.927249175694776
2025-06-12 02:09:00,49.927249175694776
2025-06-12 12:05:00,64.0
2025-06-12 18:49:00,99.8
2025-06-12 17:05:00,40.8
2025-06-12 18:16:00,95.4
2025-06-12 12:47:00,49.927249175694776
2025-06-12 16:47:00,49.4
2025-06-12 20:48:00,44.4
2025-06-12 20:21:00,13.7
2025-06-12 18:43:00,80.2
2025-06-12 19:27:00,78.7
2025-06-12 02:17:00,71.3
2025-06-12 14:29:00,8.3
2025-06-12 17:57:00,92.7
2025-06-12 03:15:00,7.8
2025-06-12 22:48:00,49.927249175694776
2025-06-12 19:51:00,8.2
2025-06-12 09:58:00,34.9
2025-06-12 01:18:00,44.5
2025-06-12 18:06:00,7.7
2025-06-12 14:35:00,49.927249175694776
2025-06-12 09:20:00,12.6
2025-06-12 06:07:00,92.0
2025-06-12 10:12:00,93.5
2025-06-12 23:03:00,81.9
2025-06-12 16:12:00,23.2
2025-06-12 00:14:00,90.9
2025-06-12 18:41:00,49.927249175694776
2025-06-12 03:04:00,79.6
2025-06-12 15:43:00,35.9
2025-06-12 06:09:00,22.7
2025-06-12 11:06:00,47.1
2025-06-12 00:04:00,31.7
2025-06-12 01:42:00,41.3
2025-06-12 20:06:00,39.7
2025-06-12 04:12:00,49.927249175694776
2025-06-12 04:21:00,94.6
2025-06-12 15:32:00,6.7
2025-06-12 05:58:00,40.1
2025-06-12 16:16:00,20.6
2025-06-12 15:40:00,94.0
2025-06-12 04:18:00,41.2
2025-06-12 07:06:00,90.3
2025-06-12 17:37:00,77.5
2025-06-12 01:49:00,66.5
2025-06-12 12:11:00,59.4
2025-06-12 21:17:00,50.4
2025-06-12 11:53:00,66.4
2025-06-12 02:38:00,81.7
2025-06-12 00:26:00,80.8
2025-06-12 02:30:00,49.927249175694776
2025-06-12 03:08:00,49.927249175694776
2025-06-12 07:47:00,43.2
2025-06-12 22:16:00,18.9
2025-06-12 15:27:00,48.8
2025-06-12 07:20:00,97.3
2025-06-12 01:03:00,2.7
2025-06-12 03:17:00,98.5
2025-06-12 21:09:00,27.2
2025-06-12 16:06:00,3.6
2025-06-12 07:08:00,35.0
2025-06-12 08:38:00,67.4
2025-06-12 07:12:00,82.1
2025-06-12 17:42:00,41.9
2025-06-12 14:06:00,49.927249175694776
2025-06-12 03:54:00,34.6
2025-06-12 16:17:00,82.4
2025-06-12 04:29:00,47.6
2025-06-12 17:51:00,0.3
2025-06-12 16:07:00,49.927249175694776
2025-06-12 17:19:00,72.2
2025-06-12 06:26:00,40.7
2025-06-12 20:33:00,8.0
2025-06-12 03:47:00,32.7
2025-06-12 14:54:00,61.0
2025-06-12 16:40:00,49.927249175694776
2025-06-12 11:07:00,78.5
2025-06-12 23:40:00,29.0
2025-06-12 21:49:00,77.5
2025-06-12 01:44:00,38.6
2025-06-12 11:00:00,95.5
2025-06-12 16:02:00,11.0
2025-06-12 09:48:00,49.927249175694776
2025-06-12 13:55:00,43.6
2025-06-12 11:55:00,89.7
2025-06-12 12:52:00,49.927249175694776
2025-06-12 22:41:00,93.3
2025-06-12 10:10:00,46.0
2025-06-12 08:25:00,49.927249175694776
2025-06-12 22:35:00,45.0
2025-06-12 10:34:00,85.7
2025-06-12 02:41:00,78.4
2025-06-12 02:57:00,92.0
2025-06-12 20:04:00,82.7
2025-06-12 11:45:00,55.9
2025-06-12 06:02:00,61.5
2025-06-12 22:01:00,49.927249175694776
2025-06-12 20:13:00,60.0
2025-06-12 22:15:00,64.6
2025-06-12 00:09:00,17.6
2025-06-12 20:39:00,39.5
2025-06-12 02:29:00,53.6
2025-06-12 00:01:00,49.927249175694776
2025-06-12 15:14:00,88.0
2025-06-12 15:00:00,36.2
2025-06-12 20:11:00,98.3
2025-06-12 08:14:00,9.6
2025-06-12 08:20:00,54.6
2025-06-12 18:47:00,37.4
2025-06-12 09:03:00,96.0
2025-06-12 02:13:00,49.927249175694776
2025-06-12 03:29:00,8.0
2025-06-12 07:31:00,36.3
2025-06-12 02:33:00,49.927249175694776
2025-06-12 07:14:00,33.9
2025-06-12 02:24:00,73.2
2025-06-12 10:08:00,62.7
2025-06-12 15:02:00,97.6
2025-06-12 13:58:00,74.0
2025-06-12 16:27:00,73.7
2025-06-12 03:02:00,1.5
2025-06-12 10:21:00,25.4
2025-06-12 22:44:00,43.5
2025-06-12 22:38:00,25.3
2025-06-12 00:37:00,78.4
2025-06-12 17:23:00,45.6
2025-06-12 13:45:00,2.2
2025-06-12 07:32:00,58.0
2025-06-12 20:07:00,28.2
2025-06-12 01:13:00,16.8
2025-06-12 12:34:00,89.3
2025-06-12 03:45:00,49.927249175694776
2025-06-12 15:13:00,49.927249175694776
2025-06-12 20:40:00,6.4
2025-06-12 02:50:00,32.2
2025-06-12 04:55:00,53.9
2025-06-12 06:44:00,16.9
2025-06-12 14:53:00,58.3
2025-06-12 15:44:00,49.927249175694776
2025-06-12 06:15:00,6.6
2025-06-12 01:34:00,40.8
2025-06-12 23:22:00,49.927249175694776
2025-06-12 17:10:00,25.7
2025-06-12 12:42:00,75.8
2025-06-12 11:34:00,97.0
2025-06-12 06:22:00,46.5
2025-06-12 09:33:00,45.9
2025-06-12 09:34:00,48.5
2025-06-12 08:30:00,44.2
2025-06-12 09:30:00,10.0
2025-06-12 05:48:00,37.4
2025-06-12 14:47:00,42.6
2025-06-12 22:10:00,19.7
2025-06-12 17:18:00,84.9
2025-06-12 09:40:00,23.8
2025-06-12 00:32:00,15.1
2025-06-12 23:20:00,66.3
2025-06-12 12:43:00,11.8
2025-06-12 11:47:00,33.1
2025-06-12 19:34:00,22.4
2025-06-12 21:52:00,49.927249175694776
2025-06-12 10:33:00,18.7
2025-06-12 05:34:00,25.6
2025-06-12 11:59:00,3.0
2025-06-12 15:24:00,88.3
2025-06-12 10:07:00,49.8
2025-06-12 06:43:00,12.1
2025-06-12 00:49:00,19.2
2025-06-12 02:00:00,37.0
2025-06-12 09:55:00,20.8
2025-06-12 20:47:00,67.1
2025-06-12 02:55:00,98.5
2025-06-12 10:01:00,73.5
2025-06-12 03:23:00,8.3
2025-06-12 01:54:00,60.7
2025-06-12 17:40:00,32.9
2025-06-12 20:26:00,4.7
2025-06-12 05:17:00,24.6
2025-06-12 06:53:00,94.8
2025-06-12 11:57:00,94.8
2025-06-12 15:38:00,7.9
2025-06-12 08:52:00,81.7
2025-06-12 06:55:00,49.927249175694776
2025-06-12 16:59:00,41.1
2025-06-12 16:44:00,17.9
2025-06-12 00:00:00,0.1
2025-06-12 06:41:00,86.0
2025-06-12 02:26:00,66.2
2025-06-12 05:33:00,73.1
2025-06-12 10:04:00,33.6
2025-06-12 23:19:00,47.0
2025-06-12 08:18:00,52.3
2025-06-12 11:35:00,97.1
2025-06-12 22:50:00,4.0
2025-06-12 14:24:00,2.7
2025-06-12 13:40:00,70.5
2025-06-12 23:11:00,31.8
2025-06-12 05:57:00,63.6
2025-06-12 15:48:00,26.5
2025-06-12 10:59:00,60.3
2025-06-12 00:33:00,55.8
2025-06-12 16:37:00,32.7
2025-06-12 20:50:00,65.0
2025-06-12 15:18:00,49.7
2025-06-12 14:20:00,6.7
2025-06-12 05:18:00,69.0
2025-06-12 17:04:00,19.7
2025-06-12 04:38:00,44.8
2025-06-12 19:55:00,87.6
2025-06-12 03:46:00,30.0
2025-06-12 13:52:00,94.0
2025-06-12 04:30:00,55.3
2025-06-12 00:18:00,73.1
2025-06-12 05:37:00,31.4
2025-06-12 10:44:00,1.3
2025-06-12 09:53:00,49.927249175694776
2025-06-12 03:48:00,49.927249175694776
2025-06-12 04:04:00,15.4
2025-06-12 12:48:00,3.1
2025-06-12 10:15:00,65.7
2025-06-12 16:11:00,16.3
2025-06-12 03:36:00,49.927249175694776
2025-06-12 12:01:00,20.7
2025-06-12 15:50:00,5.7
2025-06-12 17:03:00,22.8
2025-06-12 08:15:00,93.3
2025-06-12 20:23:00,17.2
2025-06-12 07:51:00,2.8
2025-06-12 22:24:00,12.8
2025-06-12 12:45:00,24.0
2025-06-12 18:21:00,9.0
2025-06-12 01:50:00,33.6
2025-06-12 21:10:00,39.9
2025-06-12 22:22:00,49.927249175694776
2025-06-12 08:32:00,54.9
2025-06-12 17:12:00,87.3
2025-06-12 14:14:00,30.9
2025-06-12 09:14:00,33.8
2025-06-12 21:45:00,14.8
2025-06-12 10:53:00,64.4
2025-06-12 12:01:00,49.72265128325876
2025-06-12 21:06:00,49.72265128325876
2025-06-12 22:32:00,84.0
2025-06-12 15:10:00,0.3
2025-06-12 14:41:00,63.2
2025-06-12 20:34:00,94.3
2025-06-12 10:18:00,62.4
2025-06-12 14:27:00,87.7
2025-06-12 10:52:00,25.6
2025-06-12 20:47:00,9.9
2025-06-12 19:24:00,71.4
2025-06-12 17:37:00,39.5
2025-06-12 17:32:00,49.72265128325876
2025-06-12 17:33:00,98.7
2025-06-12 07:47:00,60.3
2025-06-12 01:32:00,6.8
2025-06-12 18:21:00,2.3
2025-06-12 09:39:00,46.7
2025-06-12 05:06:00,80.3
2025-06-12 12:32:00,49.72265128325876
2025-06-12 09:52:00,13.7
2025-06-12 02:44:00,84.1
2025-06-12 00:21:00,64.1
2025-06-12 00:16:00,49.72265128325876
2025-06-12 06:28:00,49.2
2025-06-12 18:17:00,67.6
2025-06-12 08:16:00,38.4
2025-06-12 00:28:00,57.5
2025-06-12 16:49:00,44.6
2025-06-12 18:46:00,94.2
2025-06-12 22:36:00,49.72265128325876
2025-06-12 12:33:00,76.4
2025-06-12 20:55:00,51.6
2025-06-12 23:18:00,90.6
2025-06-12 15:23:00,74.5
2025-06-12 06:41:00,3.5
2025-06-12 18:39:00,72.3
2025-06-12 22:33:00,49.72265128325876
2025-06-12 14:13:00,0.1
2025-06-12 15:37:00,49.72265128325876
2025-06-12 06:05:00,89.5
2025-06-12 01:22:00,58.7
2025-06-12 02:09:00,85.1
2025-06-12 07:55:00,74.8
2025-06-12 07:45:00,92.4
2025-06-12 03:06:00,0.9
2025-06-12 16:31:00,97.3
2025-06-12 13:08:00,86.3
2025-06-12 10:48:00,80.7
2025-06-12 18:38:00,13.3
2025-06-12 00:27:00,49.72265128325876
2025-06-12 20:36:00,39.7
2025-06-12 17:02:00,45.6
2025-06-12 15:47:00,21.4
2025-06-12 23:50:00,69.5
2025-06-12 11:51:00,6.0
2025-06-12 11:04:00,30.0
2025-06-12 02:13:00,69.0
2025-06-12 05:14:00,40.2
2025-06-12 05:04:00,73.6
2025-06-12 10:34:00,90.8
2025-06-12 22:12:00,39.9
2025-06-12 15:57:00,49.72265128325876
2025-06-12 14:55:00,82.5
2025-06-12 16:22:00,20.7
2025-06-12 22:48:00,29.8
2025-06-12 21:31:00,49.72265128325876
2025-06-12 04:04:00,31.6
2025-06-12 01:44:00,0.6
2025-06-12 09:19:00,10.0
2025-06-12 07:53:00,0.3
2025-06-12 09:02:00,62.5
2025-06-12 22:52:00,17.0
2025-06-12 05:34:00,50.2
2025-06-12 03:23:00,4.7
2025-06-12 11:02:00,77.3
2025-06-12 20:56:00,49.72265128325876
2025-06-12 04:23:00,49.72265128325876
2025-06-12 04:10:00,11.4
2025-06-12 04:11:00,85.6
2025-06-12 09:43:00,62.8
2025-06-12 08:44:00,49.72265128325876
2025-06-12 01:51:00,49.72265128325876
2025-06-12 00:45:00,16.7
2025-06-12 01:35:00,15.7
2025-06-12 03:37:00,90.7
2025-06-12 18:58:00,30.7
2025-06-12 11:55:00,28.9
2025-06-12 02:04:00,49.72265128325876
2025-06-12 12:17:00,79.1
2025-06-12 20:16:00,14.7
2025-06-12 10:38:00,45.4
2025-06-12 00:10:00,70.7
2025-06-12 14:49:00,86.5
2025-06-12 05:19:00,65.9
2025-06-12 17:00:00,49.0
2025-06-12 19:09:00,71.0
2025-06-12 13:39:00,62.8
2025-06-12 22:05:00,31.7
2025-06-12 17:30:00,49.72265128325876
2025-06-12 02:22:00,74.5
2025-06-12 01:05:00,85.1
2025-06-12 15:03:00,73.8
2025-06-12 12:58:00,49.72265128325876
2025-06-12 21:02:00,60.0
2025-06-12 14:25:00,0.6
2025-06-12 13:00:00,63.3
2025-06-12 17:17:00,67.9
2025-06-12 01:03:00,42.4
2025-06-12 04:13:00,49.72265128325876
2025-06-12 21:32:00,50.0
2025-06-12 06:24:00,43.0
2025-06-12 08:53:00,27.5
2025-06-12 10:33:00,52.5
2025-06-12 12:38:00,35.2
2025-06-12 02:51:00,22.7
2025-06-12 03:31:00,62.7
2025-06-12 17:58:00,46.9
2025-06-12 15:59:00,29.5
2025-06-12 09:15:00,94.6
2025-06-12 06:31:00,76.3
2025-06-12 11:29:00,71.5
2025-06-12 20:25:00,49.72265128325876
2025-06-12 19:49:00,1.6
2025-06-12 00:06:00,0.1
2025-06-12 15:19:00,93.4
2025-06-12 18:10:00,30.9
2025-06-12 14:42:00,57.1
2025-06-12 17:52:00,69.7
2025-06-12 11:43:00,37.1
2025-06-12 13:40:00,16.8
2025-06-12 08:57:00,49.72265128325876
2025-06-12 19:38:00,32.1
2025-06-12 21:43:00,41.3
2025-06-12 13:31:00,53.3
2025-06-12 05:16:00,68.1
2025-06-12 00:30:00,59.7
2025-06-12 03:18:00,48.2
2025-06-12 13:09:00,76.6
2025-06-12 11:14:00,71.6
2025-06-12 05:15:00,0.9
2025-06-12 23:57:00,38.8
2025-06-12 09:25:00,24.0
2025-06-12 03:08:00,36.6
2025-06-12 00:23:00,63.1
2025-06-12 19:53:00,81.2
2025-06-12 04:02:00,76.3
2025-06-12 02:31:00,47.1
2025-06-12 06:04:00,73.2
2025-06-12 00:38:00,95.4
2025-06-12 10:59:00,85.7
2025-06-12 10:22:00,77.9
2025-06-12 00:55:00,62.9
2025-06-12 06:51:00,99.3
2025-06-12 14:05:00,39.0
2025-06-12 23:20:00,0.7
2025-06-12 05:36:00,5.1
2025-06-12 02:30:00,12.9
2025-06-12 21:53:00,12.1
2025-06-12 23:27:00,85.1
2025-06-12 08:49:00,30.8
2025-06-12 09:41:00,99.5
2025-06-12 16:04:00,22.0
2025-06-12 14:52:00,14.3
2025-06-12 11:18:00,49.1
2025-06-12 05:00:00,61.8
2025-06-12 05:52:00,92.3
2025-06-12 05:44:00,84.6
2025-06-12 10:19:00,89.1
2025-06-12 10:56:00,1.1
2025-06-12 03:11:00,58.6
2025-06-12 01:54:00,48.0
2025-06-12 13:52:00,73.4
2025-06-12 20:03:00,1.1
2025-06-12 16:16:00,49.72265128325876
2025-06-12 10:43:00,10.2
2025-06-12 11:00:00,60.9
2025-06-12 00:32:00,95.9
2025-06-12 14:51:00,56.6
2025-06-12 19:15:00,62.4
2025-06-12 22:11:00,8.1
2025-06-12 17:43:00,66.4
2025-06-12 20:43:00,0.8
2025-06-12 05:27:00,37.1
2025-06-12 18:36:00,25.3
2025-06-12 04:32:00,0.4
2025-06-12 19:06:00,70.5
2025-06-12 17:10:00,43.3
2025-06-12 14:02:00,54.1
2025-06-12 20:14:00,77.0
2025-06-12 11:16:00,49.72265128325876
2025-06-12 15:12:00,47.8
2025-06-12 11:27:00,34.8
2025-06-12 01:41:00,47.7
2025-06-12 23:12:00,20.6
2025-06-12 13:10:00,30.3
2025-06-12 15:40:00,13.2
2025-06-12 13:53:00,85.2
2025-06-12 13:25:00,49.72265128325876
2025-06-12 22:57:00,90.3
2025-06-12 19:35:00,18.7
2025-06-12 01:38:00,25.8
2025-06-12 04:20:00,88.0
2025-06-12 03:30:00,69.6
2025-06-12 06:45:00,61.6
2025-06-12 13:59:00,89.2
2025-06-12 05:50:00,16.9
2025-06-12 08:17:00,27.6
2025-06-12 12:30:00,58.0
2025-06-12 12:07:00,6.3
2025-06-12 17:24:00,49.72265128325876
2025-06-12 08:13:00,49.72265128325876
2025-06-12 18:31:00,27.7
2025-06-12 12:08:00,36.6
2025-06-12 07:05:00,65.3
2025-06-12 16:32:00,68.8
2025-06-12 06:18:00,91.0
2025-06-12 12:27:00,62.4
2025-06-12 00:18:00,63.2
2025-06-12 22:18:00,32.1
2025-06-12 20:24:00,66.4
2025-06-12 17:55:00,83.1
2025-06-12 19:00:00,3.2
2025-06-12 21:13:00,89.2
2025-06-12 01:04:00,31.6
2025-06-12 05:22:00,21.0
2025-06-12 06:46:00,53.8
2025-06-12 19:11:00,72.3
2025-06-12 12:26:00,9.5
2025-06-12 04:19:00,96.7
2025-06-12 20:06:00,63.0
2025-06-12 06:40:00,49.72265128325876
2025-06-12 04:56:00,33.7
2025-06-12 20:50:00,58.0
2025-06-12 16:07:00,15.0
2025-06-12 23:55:00,56.0
2025-06-12 02:43:00,50.9
2025-06-12 12:10:00,49.72265128325876
2025-06-12 21:29:00,25.4
2025-06-12 23:10:00,14.5
2025-06-12 12:04:00,81.0
2025-06-12 10:07:00,25.5
2025-06-12 08:26:00,49.72265128325876
2025-06-12 19:26:00,67.1
2025-06-12 18:35:00,49.72265128325876
2025-06-12 07:32:00,48.5
2025-06-12 18:34:00,10.3
2025-06-12 23:48:00,49.72265128325876
2025-06-12 07:19:00,90.4
2025-06-12 09:03:00,70.9
2025-06-12 23:28:00,95.4
2025-06-12 05:02:00,2.2
2025-06-12 00:34:00,7.5
2025-06-12 23:29:00,57.7
2025-06-12 19:42:00,50.6
2025-06-12 08:51:00,53.1
2025-06-12 12:39:00,10.3
2025-06-12 03:45:00,65.6
2025-06-12 01:23:00,72.5
2025-06-12 04:42:00,47.1
2025-06-12 00:42:00,51.3
2025-06-12 09:17:00,4.3
2025-06-12 16:18:00,49.72265128325876
2025-06-12 11:21:00,49.72265128325876
2025-06-12 03:57:00,96.7
2025-06-12 09:06:00,76.9
2025-06-12 18:50:00,91.9
2025-06-12 01:55:00,80.5
2025-06-12 19:14:00,68.6
2025-06-12 11:25:00,49.2
2025-06-12 03:53:00,24.5
2025-06-12 03:52:00,49.72265128325876
2025-06-12 09:42:00,88.3
2025-06-12 10:45:00,38.0
2025-06-12 06:50:00,37.9
2025-06-12 10:09:00,78.8
2025-06-12 16:29:00,47.8
2025-06-12 23:00:00,49.72265128325876
2025-06-12 15:25:00,49.72265128325876
2025-06-12 09:26:00,96.2
2025-06-12 22:30:00,65.7
2025-06-12 03:26:00,49.72265128325876
2025-06-12 03:09:00,14.4
2025-06-12 12:18:00,49.72265128325876
2025-06-12 00:02:00,70.8
2025-06-12 09:49:00,51.3
2025-06-12 13:54:00,90.7
2025-06-12 18:40:00,26.7
2025-06-12 02:37:00,7.5
2025-06-12 07:12:00,75.3
2025-06-12 16:08:00,21.6
2025-06-12 20:02:00,49.72265128325876
2025-06-12 23:02:00,33.2
2025-06-12 16:58:00,62.0
2025-06-12 20:09:00,98.8
2025-06-12 15:30:00,27.2
2025-06-12 06:09:00,49.72265128325876
2025-06-12 09:20:00,59.0
2025-06-12 18:13:00,17.8
2025-06-12 18:22:00,22.6
2025-06-12 03:43:00,55.5
2025-06-12 03:23:00,96.3
2025-06-12 01:02:00,37.1
2025-06-12 15:05:00,50.25777465777466
2025-06-12 04:40:00,50.25777465777466
2025-06-12 08:07:00,39.7
2025-06-12 00:40:00,4.0
2025-06-12 23:17:00,57.3
2025-06-12 04:07:00,67.2
2025-06-12 12:47:00,80.5
2025-06-12 04:46:00,50.25777465777466
2025-06-12 14:12:00,50.25777465777466
2025-06-12 08:31:00,58.6
2025-06-12 04:12:00,27.8
2025-06-12 05:03:00,10.4
2025-06-12 10:39:00,33.6
2025-06-12 03:13:00,83.6
2025-06-12 19:45:00,45.3
2025-06-12 20:07:00,97.1
2025-06-12 17:42:00,97.8
2025-06-12 17:35:00,77.1
2025-06-12 10:56:00,40.4
2025-06-12 05:37:00,16.5
2025-06-12 14:06:00,3.4
2025-06-12 10:17:00,44.9
2025-06-12 15:04:00,89.3
2025-06-12 23:26:00,51.5
2025-06-12 13:35:00,45.6
2025-06-12 18:51:00,10.3
2025-06-12 19:33:00,53.7
2025-06-12 17:41:00,64.0
2025-06-12 06:35:00,50.25777465777466
2025-06-12 09:38:00,77.3
2025-06-12 13:05:00,37.4
2025-06-12 05:42:00,75.7
2025-06-12 06:09:00,56.1
2025-06-12 14:52:00,90.3
2025-06-12 18:57:00,48.4
2025-06-12 13:21:00,82.8
2025-06-12 23:54:00,73.0
2025-06-12 22:31:00,92.9
2025-06-12 12:44:00,50.25777465777466
2025-06-12 12:33:00,44.8
2025-06-12 20:11:00,13.9
2025-06-12 17:09:00,36.6
2025-06-12 06:12:00,33.9
2025-06-12 08:42:00,50.25777465777466
2025-06-12 05:50:00,64.3
2025-06-12 08:01:00,93.1
2025-06-12 22:26:00,46.7
2025-06-12 02:37:00,54.9
2025-06-12 01:24:00,10.4
2025-06-12 08:15:00,41.6
2025-06-12 18:32:00,50.25777465777466
2025-06-12 17:30:00,29.7
2025-06-12 00:48:00,98.9
2025-06-12 14:40:00,60.6
2025-06-12 07:19:00,66.5
2025-06-12 21:39:00,89.4
2025-06-12 21:20:00,20.4
2025-06-12 09:15:00,50.25777465777466
2025-06-12 08:10:00,50.25777465777466
2025-06-12 22:04:00,18.7
2025-06-12 20:43:00,50.25777465777466
2025-06-12 12:03:00,16.9
2025-06-12 23:03:00,50.25777465777466
2025-06-12 01:31:00,0.7
2025-06-12 15:01:00,30.3
2025-06-12 16:36:00,38.3
2025-06-12 11:14:00,39.7
2025-06-12 13:01:00,44.7
2025-06-12 08:33:00,35.6
2025-06-12 05:52:00,38.0
2025-06-12 00:19:00,50.25777465777466
2025-06-12 02:47:00,77.2
2025-06-12 18:43:00,39.1
2025-06-12 23:48:00,9.1
2025-06-12 12:52:00,44.3
2025-06-12 11:01:00,39.6
2025-06-12 07:11:00,80.6
2025-06-12 18:16:00,50.25777465777466
2025-06-12 18:52:00,50.25777465777466
2025-06-12 01:18:00,9.6
2025-06-12 10:55:00,31.2
2025-06-12 04:04:00,9.8
2025-06-12 13:18:00,50.25777465777466
2025-06-12 06:36:00,15.6
2025-06-12 15:52:00,3.4
2025-06-12 21:19:00,11.5
2025-06-12 20:48:00,45.1
2025-06-12 12:41:00,71.9
2025-06-12 21:42:00,49.3
2025-06-12 15:26:00,93.1
2025-06-12 07:45:00,18.5
2025-06-12 15:09:00,19.9
2025-06-12 18:44:00,19.8
2025-06-12 12:21:00,1.4
2025-06-12 00:15:00,89.0
2025-06-12 12:56:00,50.7
2025-06-12 22:48:00,68.6
2025-06-12 06:50:00,12.2
2025-06-12 11:45:00,51.8
2025-06-12 12:14:00,44.5
2025-06-12 22:32:00,38.5
2025-06-12 15:35:00,29.5
2025-06-12 08:40:00,1.8
2025-06-12 18:17:00,50.25777465777466
2025-06-12 02:31:00,2.1
2025-06-12 18:49:00,19.3
2025-06-12 08:08:00,73.5
2025-06-12 16:39:00,79.3
2025-06-12 09:27:00,62.0
2025-06-12 19:56:00,17.3
2025-06-12 08:13:00,50.25777465777466
2025-06-12 10:33:00,41.8
2025-06-12 17:26:00,23.6
2025-06-12 08:37:00,37.4
2025-06-12 06:21:00,79.6
2025-06-12 09:47:00,97.3
2025-06-12 19:57:00,50.25777465777466
2025-06-12 01:11:00,26.2
2025-06-12 22:03:00,95.1
2025-06-12 04:16:00,98.6
2025-06-12 06:25:00,3.4
2025-06-12 18:53:00,91.1
2025-06-12 21:35:00,28.3
2025-06-12 04:10:00,15.3
2025-06-12 21:53:00,75.7
2025-06-12 15:15:00,1.1
2025-06-12 11:13:00,59.5
2025-06-12 04:14:00,3.2
2025-06-12 06:06:00,3.5
2025-06-12 11:06:00,52.8
2025-06-12 06:41:00,69.2
2025-06-12 21:10:00,58.3
2025-06-12 03:24:00,70.7
2025-06-12 16:41:00,0.7
2025-06-12 18:37:00,4.4
2025-06-12 07:24:00,20.1
2025-06-12 18:36:00,29.0
2025-06-12 17:37:00,0.1
2025-06-12 15:14:00,86.8
2025-06-12 12:19:00,10.8
2025-06-12 18:15:00,50.25777465777466
2025-06-12 04:20:00,97.2
2025-06-12 01:47:00,14.8
2025-06-12 15:37:00,84.5
2025-06-12 12:30:00,44.4
2025-06-12 06:37:00,37.2
2025-06-12 17:11:00,29.5
2025-06-12 02:50:00,48.1
2025-06-12 07:14:00,60.7
2025-06-12 16:58:00,50.25777465777466
2025-06-12 11:17:00,53.2
2025-06-12 03:37:00,50.25777465777466
2025-06-12 23:08:00,35.9
2025-06-12 04:48:00,41.5
2025-06-12 09:37:00,72.4
2025-06-12 10:42:00,15.3
2025-06-12 15:13:00,60.7
2025-06-12 06:42:00,28.5
2025-06-12 02:48:00,74.3
2025-06-12 04:27:00,18.1
2025-06-12 06:57:00,41.4
2025-06-12 04:28:00,9.2
2025-06-12 10:52:00,42.7
2025-06-12 01:17:00,47.5
2025-06-12 07:02:00,23.4
2025-06-12 22:53:00,16.3
2025-06-12 06:02:00,42.3
2025-06-12 18:09:00,46.7
2025-06-12 21:00:00,92.8
2025-06-12 08:44:00,74.0
2025-06-12 16:53:00,86.7
2025-06-12 19:44:00,68.5
2025-06-12 05:24:00,86.2
2025-06-12 04:33:00,73.5
2025-06-12 19:48:00,50.3
2025-06-12 16:48:00,82.1
2025-06-12 16:23:00,30.2
2025-06-12 00:56:00,50.25777465777466
2025-06-12 06:18:00,38.4
2025-06-12 07:04:00,43.5
2025-06-12 08:14:00,1.0
2025-06-12 01:28:00,77.8
2025-06-12 14:00:00,82.4
2025-06-12 02:08:00,80.3
2025-06-12 08:36:00,25.6
2025-06-12 01:20:00,0.5
2025-06-12 06:55:00,51.4
2025-06-12 12:35:00,27.6
2025-06-12 05:23:00,48.5
2025-06-12 12:48:00,66.1
2025-06-12 01:09:00,50.25777465777466
2025-06-12 09:06:00,84.7
2025-06-12 17:44:00,50.25777465777466
2025-06-12 14:16:00,73.6
2025-06-12 08:47:00,48.4
2025-06-12 00:29:00,52.4
2025-06-12 20:36:00,10.8
2025-06-12 06:00:00,43.8
2025-06-12 06:40:00,50.25777465777466
2025-06-12 15:00:00,29.7
2025-06-12 18:54:00,10.9
2025-06-12 04:44:00,33.7
2025-06-12 05:04:00,99.0
2025-06-12 08:32:00,33.0
2025-06-12 06:32:00,50.25777465777466
2025-06-12 19:02:00,50.25777465777466
2025-06-12 20:25:00,35.8
2025-06-12 15:08:00,24.1
2025-06-12 11:34:00,50.25777465777466
2025-06-12 04:11:00,50.25777465777466
2025-06-12 02:03:00,27.6
2025-06-12 14:49:00,23.5
2025-06-12 19:31:00,35.1
2025-06-12 20:40:00,4.8
2025-06-12 09:21:00,71.0
2025-06-12 20:16:00,99.2
2025-06-12 19:27:00,50.25777465777466
2025-06-12 00:35:00,83.0
2025-06-12 05:30:00,58.7
2025-06-12 21:07:00,50.25777465777466
2025-06-12 10:30:00,62.5
2025-06-12 15:55:00,58.4
2025-06-12 23:19:00,53.1
2025-06-12 17:31:00,50.25777465777466
2025-06-12 19:28:00,2.8
2025-06-12 10:40:00,21.1
2025-06-12 20:09:00,50.25777465777466
2025-06-12 02:59:00,45.8
2025-06-12 19:36:00,72.1
2025-06-12 16:02:00,50.25777465777466
2025-06-12 09:28:00,34.9
2025-06-12 19:06:00,72.4
2025-06-12 23:05:00,39.3
2025-06-12 13:40:00,3.2
2025-06-12 18:50:00,75.6
2025-06-12 21:52:00,77.7
2025-06-12 12:25:00,50.25777465777466
2025-06-12 23:00:00,6.6
2025-06-12 06:33:00,83.7
2025-06-12 05:56:00,21.0
2025-06-12 18:11:00,43.3
2025-06-12 06:38:00,50.25777465777466
2025-06-12 15:46:00,11.3
2025-06-12 22:22:00,50.25777465777466
2025-06-12 09:45:00,6.2
2025-06-12 13:32:00,32.0
2025-06-12 04:36:00,62.2
2025-06-12 23:16:00,70.4
2025-06-12 06:08:00,50.25777465777466
2025-06-12 06:29:00,81.7
2025-06-12 17:57:00,93.1
2025-06-12 05:17:00,34.6
2025-06-12 22:19:00,50.25777465777466
2025-06-12 08:20:00,50.25777465777466
2025-06-12 19:32:00,62.3
2025-06-12 09:29:00,49.7
2025-06-12 23:23:00,2.1
2025-06-12 14:08:00,22.7
2025-06-12 11:42:00,92.9
2025-06-12 23:01:00,24.6
2025-06-12 00:43:00,49.4
2025-06-12 01:56:00,79.8
2025-06-12 09:07:00,98.0
2025-06-12 09:11:00,62.2
2025-06-12 18:03:00,16.1
2025-06-12 21:26:00,70.2
2025-06-12 20:46:00,28.3
2025-06-12 02:25:00,69.8
2025-06-12 07:54:00,25.3
2025-06-12 19:13:00,34.8
2025-06-12 02:27:00,2.3
2025-06-12 07:59:00,96.2
2025-06-12 03:41:00,72.6
2025-06-12 17:36:00,74.5
2025-06-12 04:35:00,23.9
2025-06-12 14:46:00,40.9
2025-06-12 08:11:00,28.2
2025-06-12 15:06:00,69.4
2025-06-12 05:25:00,50.25777465777466
2025-06-12 21:05:00,29.3
2025-06-12 17:22:00,50.25777465777466
2025-06-12 05:55:00,67.4
2025-06-12 12:08:00,71.9
2025-06-12 20:19:00,15.0
2025-06-12 23:28:00,76.3
2025-06-12 08:29:00,83.8
2025-06-12 01:19:00,58.0
2025-06-12 03:10:00,28.2
2025-06-12 01:21:00,50.25777465777466
2025-06-12 03:28:00,20.3
2025-06-12 10:35:00,36.3
2025-06-12 13:45:00,80.2
2025-06-12 10:11:00,65.5
2025-06-12 01:43:00,84.5
2025-06-12 10:38:00,9.0
2025-06-12 04:03:00,8.2
2025-06-12 16:54:00,86.3
2025-06-12 01:36:00,34.7
2025-06-12 15:22:00,50.5
2025-06-12 03:59:00,59.3
2025-06-12 11:26:00,77.6
2025-06-12 16:55:00,55.7
2025-06-12 04:23:00,78.1
2025-06-12 16:04:00,68.1
2025-06-12 21:56:00,7.1
2025-06-12 03:21:00,72.5
2025-06-12 05:45:00,50.25777465777466
2025-06-12 19:15:00,52.1
2025-06-12 03:34:00,50.25777465777466
2025-06-12 22:25:00,5.9
2025-06-12 01:57:00,35.9
2025-06-12 12:55:00,31.3
2025-06-12 15:03:00,74.5
2025-06-12 12:45:00,50.25777465777466
2025-06-12 07:20:00,69.7
2025-06-12 16:33:00,49.9464552238806
2025-06-12 11:17:00,73.9
2025-06-12 01:59:00,49.5
2025-06-12 23:17:00,34.4
2025-06-12 12:16:00,50.9
2025-06-12 13:14:00,75.1
2025-06-12 08:00:00,49.9464552238806
2025-06-12 02:24:00,25.0
2025-06-12 09:38:00,87.7
2025-06-12 07:22:00,30.6
2025-06-12 14:11:00,49.9464552238806
2025-06-12 01:31:00,54.7
2025-06-12 06:45:00,49.9464552238806
2025-06-12 17:12:00,14.9
2025-06-12 12:04:00,27.6
2025-06-12 16:35:00,14.2
2025-06-12 15:44:00,63.5
2025-06-12 15:18:00,57.6
2025-06-12 10:07:00,96.3
2025-06-12 23:10:00,49.9464552238806
2025-06-12 03:13:00,18.4
2025-06-12 06:20:00,63.9
2025-06-12 07:58:00,55.6
2025-06-12 12:21:00,28.5
2025-06-12 21:51:00,49.9464552238806
2025-06-12 07:04:00,20.2
2025-06-12 22:28:00,49.9464552238806
2025-06-12 06:13:00,66.3
2025-06-12 00:44:00,49.9464552238806
2025-06-12 17:43:00,5.6
2025-06-12 13:53:00,78.1
2025-06-12 19:14:00,92.1
2025-06-12 06:31:00,49.9464552238806
2025-06-12 15:15:00,10.7
2025-06-12 07:34:00,25.6
2025-06-12 17:23:00,60.6
2025-06-12 02:38:00,11.1
2025-06-12 07:50:00,9.0
2025-06-12 09:25:00,37.8
2025-06-12 00:35:00,63.2
2025-06-12 00:03:00,47.6
2025-06-12 13:38:00,11.2
2025-06-12 23:28:00,79.7
2025-06-12 09:06:00,38.3
2025-06-12 08:37:00,33.7
2025-06-12 01:56:00,25.9
2025-06-12 16:55:00,49.9464552238806
2025-06-12 04:12:00,82.7
2025-06-12 09:07:00,62.1
2025-06-12 10:48:00,8.9
2025-06-12 13:34:00,62.1
2025-06-12 16:52:00,29.3
2025-06-12 06:54:00,62.0
2025-06-12 05:37:00,45.3
2025-06-12 13:45:00,24.3
2025-06-12 17:25:00,11.1
2025-06-12 07:55:00,38.3
2025-06-12 22:58:00,49.2
2025-06-12 08:53:00,7.0
2025-06-12 15:40:00,72.5
2025-06-12 16:01:00,81.5
2025-06-12 00:37:00,56.2
2025-06-12 04:58:00,53.1
2025-06-12 04:26:00,57.1
2025-06-12 10:53:00,23.4
2025-06-12 19:22:00,49.9464552238806
2025-06-12 10:55:00,23.8
2025-06-12 09:09:00,100.0
2025-06-12 09:35:00,73.0
2025-06-12 22:44:00,11.7
2025-06-12 10:52:00,24.2
2025-06-12 01:44:00,82.0
2025-06-12 23:07:00,68.4
2025-06-12 11:24:00,92.4
2025-06-12 19:37:00,49.9464552238806
2025-06-12 20:41:00,33.2
2025-06-12 22:34:00,26.5
2025-06-12 09:52:00,58.2
2025-06-12 10:02:00,10.6
2025-06-12 04:54:00,73.5
2025-06-12 10:01:00,73.3
2025-06-12 16:32:00,91.1
2025-06-12 23:45:00,19.0
2025-06-12 00:48:00,49.9464552238806
2025-06-12 15:10:00,1.9
2025-06-12 22:48:00,49.9464552238806
2025-06-12 11:32:00,49.9464552238806
2025-06-12 15:17:00,19.9
2025-06-12 16:40:00,80.6
2025-06-12 16:27:00,27.6
2025-06-12 10:10:00,3.6
2025-06-12 19:59:00,17.4
2025-06-12 04:34:00,89.6
2025-06-12 08:49:00,40.8
2025-06-12 15:28:00,48.8
2025-06-12 15:07:00,36.8
2025-06-12 03:00:00,36.1
2025-06-12 02:23:00,20.0
2025-06-12 12:30:00,5.1
2025-06-12 22:00:00,64.4
2025-06-12 05:11:00,19.2
2025-06-12 12:46:00,84.6
2025-06-12 12:01:00,61.2
2025-06-12 23:39:00,38.5
2025-06-12 23:37:00,49.9464552238806
2025-06-12 18:46:00,49.9464552238806
2025-06-12 17:47:00,49.9464552238806
2025-06-12 01:39:00,30.4
2025-06-12 06:51:00,49.9464552238806
2025-06-12 06:09:00,12.6
2025-06-12 05:27:00,92.5
2025-06-12 16:38:00,95.6
2025-06-12 07:54:00,61.9
2025-06-12 10:27:00,2.2
2025-06-12 18:34:00,70.3
2025-06-12 13:17:00,6.6
2025-06-12 06:03:00,17.2
2025-06-12 07:41:00,64.2
2025-06-12 07:42:00,44.5
2025-06-12 00:08:00,85.2
2025-06-12 08:29:00,100.0
2025-06-12 23:54:00,66.3
2025-06-12 06:01:00,37.1
2025-06-12 09:54:00,51.6
2025-06-12 06:58:00,91.7
2025-06-12 00:18:00,49.9464552238806
2025-06-12 17:22:00,93.6
2025-06-12 13:11:00,17.4
2025-06-12 09:30:00,49.9464552238806
2025-06-12 04:56:00,82.1
2025-06-12 14:20:00,46.2
2025-06-12 12:26:00,49.9464552238806
2025-06-12 07:02:00,37.3
2025-06-12 18:41:00,49.9464552238806
2025-06-12 16:15:00,49.9464552238806
2025-06-12 01:45:00,49.9464552238806
2025-06-12 17:58:00,17.0
2025-06-12 06:33:00,73.3
2025-06-12 13:57:00,33.0
2025-06-12 01:50:00,60.7
2025-06-12 03:30:00,65.7
2025-06-12 02:48:00,49.9464552238806
2025-06-12 03:25:00,22.4
2025-06-12 14:17:00,32.0
2025-06-12 01:09:00,74.8
2025-06-12 05:21:00,64.9
2025-06-12 14:37:00,49.9464552238806
2025-06-12 18:54:00,49.9464552238806
2025-06-12 18:51:00,74.4
2025-06-12 13:35:00,47.8
2025-06-12 06:29:00,26.3
2025-06-12 19:42:00,90.5
2025-06-12 07:11:00,44.0
2025-06-12 02:09:00,71.0
2025-06-12 00:14:00,12.2
2025-06-12 02:46:00,55.1
2025-06-12 15:53:00,96.3
2025-06-12 17:49:00,8.2
2025-06-12 18:40:00,49.9464552238806
2025-06-12 21:00:00,12.5
2025-06-12 16:20:00,43.6
2025-06-12 13:27:00,27.1
2025-06-12 14:49:00,85.3
2025-06-12 01:07:00,46.2
2025-06-12 23:08:00,68.8
2025-06-12 20:18:00,74.9
2025-06-12 14:42:00,49.9464552238806
2025-06-12 09:39:00,75.2
2025-06-12 19:49:00,49.9464552238806
2025-06-12 09:23:00,42.8
2025-06-12 06:21:00,84.3
2025-06-12 08:35:00,46.7
2025-06-12 16:14:00,91.9
2025-06-12 01:01:00,15.6
2025-06-12 16:57:00,49.9464552238806
2025-06-12 13:22:00,41.6
2025-06-12 06:47:00,54.1
2025-06-12 20:20:00,18.6
2025-06-12 17:11:00,37.2
2025-06-12 01:24:00,1.8
2025-06-12 08:27:00,89.5
2025-06-12 14:52:00,49.9464552238806
2025-06-12 05:43:00,49.9464552238806
2025-06-12 23:51:00,99.6
2025-06-12 12:35:00,49.9464552238806
2025-06-12 06:53:00,68.6
2025-06-12 01:53:00,89.2
2025-06-12 06:10:00,52.7
2025-06-12 15:54:00,84.9
2025-06-12 00:56:00,50.7
2025-06-12 11:39:00,23.1
2025-06-12 00:34:00,49.9464552238806
2025-06-12 01:06:00,40.7
2025-06-12 21:33:00,24.0
2025-06-12 22:50:00,36.7
2025-06-12 21:46:00,12.3
2025-06-12 04:53:00,98.6
2025-06-12 10:46:00,94.3
2025-06-12 13:18:00,83.2
2025-06-12 17:18:00,55.2
2025-06-12 09:49:00,49.9464552238806
2025-06-12 03:21:00,92.8
2025-06-12 21:03:00,55.4
2025-06-12 19:17:00,76.7
2025-06-12 11:13:00,33.4
2025-06-12 07:37:00,96.3
2025-06-12 17:26:00,49.9464552238806
2025-06-12 23:02:00,12.0
2025-06-12 05:33:00,65.4
2025-06-12 12:36:00,74.8
2025-06-12 22:20:00,21.2
2025-06-12 03:38:00,43.3
2025-06-12 10:21:00,0.2
2025-06-12 22:46:00,49.9464552238806
2025-06-12 16:44:00,37.8
2025-06-12 14:16:00,50.9
2025-06-12 20:09:00,82.1
2025-06-12 20:19:00,49.9464552238806
2025-06-12 14:48:00,68.2
2025-06-12 09:34:00,39.6
2025-06-12 05:15:00,34.9
2025-06-12 13:01:00,64.8
2025-06-12 22:21:00,51.3
2025-06-12 17:57:00,0.9
2025-06-12 16:51:00,54.8
2025-06-12 21:47:00,56.0
2025-06-12 06:19:00,49.9464552238806
2025-06-12 09:44:00,76.8
2025-06-12 19:11:00,16.4
2025-06-12 10:39:00,11.3
2025-06-12 05:24:00,45.5
2025-06-12 13:43:00,22.2
2025-06-12 03:04:00,89.0
2025-06-12 22:41:00,4.4
2025-06-12 08:46:00,19.2
2025-06-12 05:20:00,2.6
2025-06-12 18:29:00,49.9464552238806
2025-06-12 12:38:00,19.7
2025-06-12 07:17:00,49.9464552238806
2025-06-12 15:12:00,2.1
2025-06-12 07:26:00,72.4
2025-06-12 09:31:00,11.9
2025-06-12 06:23:00,91.3
2025-06-12 15:16:00,70.5
2025-06-12 15:22:00,8.3
2025-06-12 08:41:00,18.1
2025-06-12 00:00:00,94.5
2025-06-12 02:37:00,49.1
2025-06-12 06:17:00,96.1
2025-06-12 03:24:00,13.1
2025-06-12 05:55:00,47.2
2025-06-12 17:29:00,94.8
2025-06-12 13:50:00,6.6
2025-06-12 07:23:00,68.3
2025-06-12 09:42:00,49.9464552238806
2025-06-12 14:26:00,17.7
2025-06-12 18:56:00,49.9464552238806
2025-06-12 04:32:00,49.9464552238806
2025-06-12 11:05:00,88.1
2025-06-12 19:30:00,2.0
2025-06-12 20:39:00,49.9464552238806
2025-06-12 17:03:00,36.3
2025-06-12 15:09:00,34.5
2025-06-12 19:29:00,46.2
2025-06-12 16:46:00,35.6
2025-06-12 02:21:00,49.9464552238806
2025-06-12 22:32:00,49.9464552238806
2025-06-12 05:02:00,11.2
2025-06-12 06:32:00,45.8
2025-06-12 16:31:00,78.2
2025-06-12 14:41:00,45.6
2025-06-12 19:53:00,49.9464552238806
2025-06-12 03:22:00,30.5
2025-06-12 06:40:00,19.3
2025-06-12 05:51:00,89.5
2025-06-12 18:25:00,49.9464552238806
2025-06-12 13:36:00,22.1
2025-06-12 01:47:00,67.1
2025-06-12 15:31:00,5.3
2025-06-12 10:44:00,25.7
2025-06-12 03:03:00,30.7
2025-06-12 07:09:00,52.7
2025-06-12 02:51:00,27.4
2025-06-12 17:40:00,8.3
2025-06-12 03:43:00,39.3
2025-06-12 02:42:00,68.9
2025-06-12 15:47:00,99.1
2025-06-12 21:38:00,57.6
2025-06-12 17:17:00,85.6
2025-06-12 18:44:00,55.3
2025-06-12 15:41:00,49.9464552238806
2025-06-12 17:48:00,11.4
2025-06-12 15:21:00,49.9464552238806
2025-06-12 17:04:00,78.2
2025-06-12 07:39:00,99.0
2025-06-12 02:59:00,1.5
2025-06-12 15:30:00,49.9464552238806
2025-06-12 14:21:00,15.7
2025-06-12 23:11:00,57.4
2025-06-12 16:42:00,98.2
2025-06-12 22:05:00,49.742524640779
2025-06-12 21:26:00,96.1
2025-06-12 11:03:00,64.5
2025-06-12 16:48:00,66.8
2025-06-12 16:47:00,11.5
2025-06-12 03:35:00,49.742524640779
2025-06-12 23:37:00,12.5
2025-06-12 16:50:00,32.2
2025-06-12 11:27:00,21.7
2025-06-12 23:49:00,78.2
2025-06-12 02:53:00,40.1
2025-06-12 01:43:00,61.7
2025-06-12 07:47:00,70.7
2025-06-12 10:10:00,83.4
2025-06-12 03:26:00,10.0
2025-06-12 00:48:00,28.0
2025-06-12 02:12:00,24.4
2025-06-12 13:15:00,21.3
2025-06-12 09:07:00,49.742524640779
2025-06-12 01:09:00,49.742524640779
2025-06-12 13:28:00,68.2
2025-06-12 07:14:00,49.742524640779
2025-06-12 22:57:00,19.2
2025-06-12 14:32:00,70.4
2025-06-12 17:03:00,2.4
2025-06-12 13:44:00,26.9
2025-06-12 20:09:00,66.0
2025-06-12 09:27:00,42.6
2025-06-12 00:09:00,13.3
2025-06-12 08:10:00,81.9
2025-06-12 18:05:00,58.2
2025-06-12 18:38:00,14.3
2025-06-12 06:47:00,30.9
2025-06-12 13:57:00,86.2
2025-06-12 06:34:00,99.0
2025-06-12 21:58:00,84.8
2025-06-12 20:06:00,46.5
2025-06-12 00:04:00,35.3
2025-06-12 21:06:00,50.9
2025-06-12 12:55:00,49.2
2025-06-12 10:32:00,42.8
2025-06-12 13:47:00,65.5
2025-06-12 07:29:00,32.3
2025-06-12 18:51:00,50.7
2025-06-12 19:35:00,4.6
2025-06-12 10:11:00,54.0
2025-06-12 07:35:00,49.742524640779
2025-06-12 12:05:00,30.9
2025-06-12 13:21:00,49.742524640779
2025-06-12 05:08:00,12.2
2025-06-12 08:12:00,43.9
2025-06-12 02:00:00,12.2
2025-06-12 17:46:00,49.742524640779
2025-06-12 15:04:00,53.9
2025-06-12 10:21:00,92.8
2025-06-12 21:45:00,56.9
2025-06-12 16:39:00,0.7
2025-06-12 08:42:00,11.1
2025-06-12 00:44:00,22.5
2025-06-12 06:51:00,96.2
2025-06-12 16:43:00,33.3
2025-06-12 21:57:00,28.9
2025-06-12 08:19:00,49.742524640779
2025-06-12 04:23:00,99.9
2025-06-12 15:17:00,49.742524640779
2025-06-12 02:31:00,1.1
2025-06-12 20:16:00,8.2
2025-06-12 22:15:00,49.742524640779
2025-06-12 22:32:00,46.2
2025-06-12 13:01:00,53.4
2025-06-12 19:59:00,38.9
2025-06-12 09:35:00,74.5
2025-06-12 13:27:00,85.1
2025-06-12 10:29:00,42.4
2025-06-12 23:06:00,46.7
2025-06-12 23:08:00,15.4
2025-06-12 04:51:00,46.6
2025-06-12 22:35:00,49.742524640779
2025-06-12 16:05:00,6.8
2025-06-12 21:01:00,24.4
2025-06-12 01:30:00,50.1
2025-06-12 18:19:00,9.6
2025-06-12 03:41:00,67.7
2025-06-12 02:18:00,92.9
2025-06-12 05:32:00,24.0
2025-06-12 10:47:00,70.7
2025-06-12 10:41:00,28.0
2025-06-12 21:51:00,7.6
2025-06-12 09:09:00,31.9
2025-06-12 13:07:00,49.742524640779
2025-06-12 10:39:00,48.4
2025-06-12 10:53:00,39.0
2025-06-12 00:37:00,17.8
2025-06-12 07:27:00,49.742524640779
2025-06-12 17:24:00,61.6
2025-06-12 17:06:00,35.1
2025-06-12 07:11:00,92.2
2025-06-12 10:07:00,96.0
2025-06-12 19:44:00,78.4
2025-06-12 04:05:00,90.3
2025-06-12 13:17:00,88.6
2025-06-12 14:55:00,69.9
2025-06-12 17:57:00,17.7
2025-06-12 23:53:00,42.6
2025-06-12 17:13:00,60.2
2025-06-12 21:38:00,16.8
2025-06-12 03:05:00,26.6
2025-06-12 09:46:00,25.0
2025-06-12 13:23:00,40.1
2025-06-12 19:04:00,67.9
2025-06-12 12:53:00,2.8
2025-06-12 17:59:00,71.1
2025-06-12 22:33:00,20.8
2025-06-12 21:03:00,45.7
2025-06-12 02:08:00,49.742524640779
2025-06-12 11:59:00,10.5
2025-06-12 03:22:00,82.6
2025-06-12 19:52:00,38.1
2025-06-12 22:09:00,48.4
2025-06-12 14:03:00,87.8
2025-06-12 21:12:00,88.6
2025-06-12 11:36:00,2.4
2025-06-12 20:48:00,49.742524640779
2025-06-12 10:00:00,69.4
2025-06-12 16:21:00,66.7
2025-06-12 07:18:00,25.8
2025-06-12 16:37:00,53.0
2025-06-12 09:40:00,32.3
2025-06-12 19:46:00,49.742524640779
2025-06-12 13:18:00,54.2
2025-06-12 06:06:00,39.6
2025-06-12 15:21:00,80.4
2025-06-12 22:54:00,12.7
2025-06-12 05:27:00,7.8
2025-06-12 17:25:00,32.4
2025-06-12 03:24:00,46.1
2025-06-12 09:41:00,49.742524640779
2025-06-12 08:55:00,7.1
2025-06-12 15:33:00,5.5
2025-06-12 21:08:00,71.5
2025-06-12 06:07:00,6.4
2025-06-12 02:09:00,34.1
2025-06-12 12:11:00,55.6
2025-06-12 11:54:00,57.7
2025-06-12 17:35:00,48.0
2025-06-12 05:09:00,49.742524640779
2025-06-12 01:46:00,39.8
2025-06-12 18:22:00,95.2
2025-06-12 02:25:00,87.4
2025-06-12 03:47:00,68.1
2025-06-12 15:11:00,86.9
2025-06-12 08:39:00,50.8
2025-06-12 19:05:00,38.5
2025-06-12 14:48:00,85.0
2025-06-12 04:18:00,54.2
2025-06-12 04:35:00,20.0
2025-06-12 04:29:00,73.5
2025-06-12 11:42:00,19.0
2025-06-12 06:09:00,0.2
2025-06-12 07:37:00,27.2
2025-06-12 16:10:00,13.0
2025-06-12 13:08:00,76.0
2025-06-12 19:20:00,79.2
2025-06-12 08:54:00,82.1
2025-06-12 09:42:00,71.3
2025-06-12 20:29:00,12.3
2025-06-12 18:03:00,85.0
2025-06-12 08:18:00,14.8
2025-06-12 20:22:00,49.5
2025-06-12 05:53:00,31.3
2025-06-12 05:33:00,87.3
2025-06-12 23:33:00,53.0
2025-06-12 01:10:00,35.9
2025-06-12 14:21:00,78.9
2025-06-12 19:34:00,39.5
2025-06-12 03:44:00,21.3
2025-06-12 14:36:00,81.3
2025-06-12 12:35:00,57.0
2025-06-12 07:57:00,0.7
2025-06-12 13:46:00,49.742524640779
2025-06-12 13:39:00,52.1
2025-06-12 21:10:00,20.8
2025-06-12 10:23:00,61.7
2025-06-12 06:05:00,22.9
2025-06-12 18:01:00,49.742524640779
2025-06-12 13:04:00,29.1
2025-06-12 01:52:00,91.7
2025-06-12 21:43:00,35.6
2025-06-12 07:06:00,46.1
2025-06-12 10:03:00,49.742524640779
2025-06-12 09:44:00,70.5
2025-06-12 06:13:00,98.3
2025-06-12 11:40:00,13.3
2025-06-12 03:21:00,4.1
2025-06-12 20:27:00,69.0
2025-06-12 23:38:00,70.6
2025-06-12 05:56:00,49.742524640779
2025-06-12 17:00:00,99.3
2025-06-12 23:36:00,93.1
2025-06-12 07:08:00,95.6
2025-06-12 22:23:00,49.742524640779
2025-06-12 23:47:00,49.742524640779
2025-06-12 09:38:00,31.0
2025-06-12 19:19:00,49.742524640779
2025-06-12 03:53:00,45.5
2025-06-12 05:02:00,61.4
2025-06-12 22:18:00,32.1
2025-06-12 11:51:00,36.0
2025-06-12 08:27:00,44.4
2025-06-12 22:21:00,89.5
2025-06-12 03:33:00,89.5
2025-06-12 11:49:00,1.7
2025-06-12 20:51:00,75.3
2025-06-12 05:28:00,3.1
2025-06-12 16:34:00,25.2
2025-06-12 02:46:00,52.8
2025-06-12 23:01:00,49.742524640779
2025-06-12 05:04:00,42.0
2025-06-12 01:34:00,62.3
2025-06-12 14:39:00,69.2
2025-06-12 04:54:00,36.3
2025-06-12 13:38:00,47.4
2025-06-12 01:02:00,49.742524640779
2025-06-12 18:46:00,23.4
2025-06-12 16:35:00,59.1
2025-06-12 21:52:00,40.1
2025-06-12 22:37:00,49.742524640779
2025-06-12 19:36:00,1.1
2025-06-12 15:53:00,96.6
2025-06-12 08:46:00,56.4
2025-06-12 06:45:00,68.2
2025-06-12 00:41:00,53.9
2025-06-12 13:33:00,49.742524640779
2025-06-12 04:42:00,49.742524640779
2025-06-12 03:58:00,3.3
2025-06-12 19:40:00,1.0
2025-06-12 17:55:00,17.3
2025-06-12 23:25:00,49.742524640779
2025-06-12 08:11:00,57.3
2025-06-12 21:20:00,49.742524640779
2025-06-12 17:22:00,92.3
2025-06-12 22:14:00,5.0
2025-06-12 18:00:00,71.6
2025-06-12 15:29:00,29.4
2025-06-12 22:46:00,62.5
2025-06-12 15:35:00,8.8
2025-06-12 06:32:00,56.0
2025-06-12 14:12:00,90.0
2025-06-12 02:44:00,52.8
2025-06-12 16:36:00,37.9
2025-06-12 03:37:00,6.6
2025-06-12 09:47:00,48.0
2025-06-12 12:06:00,85.5
2025-06-12 08:41:00,30.3
2025-06-12 19:31:00,26.4
2025-06-12 18:12:00,49.742524640779
2025-06-12 05:43:00,49.742524640779
2025-06-12 17:49:00,49.0
2025-06-12 13:50:00,49.742524640779
2025-06-12 16:06:00,46.9
2025-06-12 21:04:00,67.9
2025-06-12 13:16:00,20.0
2025-06-12 17:27:00,53.0
2025-06-12 00:12:00,98.2
2025-06-12 13:22:00,71.7
2025-06-12 20:49:00,38.7
2025-06-12 15:31:00,70.0
2025-06-12 01:26:00,22.7
2025-06-12 06:40:00,61.1
2025-06-12 07:43:00,83.8
2025-06-12 08:56:00,41.0
2025-06-12 12:57:00,65.4
2025-06-12 20:08:00,76.2
2025-06-12 07:23:00,49.742524640779
2025-06-12 08:23:00,72.4
2025-06-12 03:14:00,24.5
2025-06-12 04:43:00,49.742524640779
2025-06-12 16:13:00,62.1
2025-06-12 01:22:00,88.6
2025-06-12 01:59:00,49.742524640779
2025-06-12 23:13:00,15.6
2025-06-12 20:31:00,11.9
2025-06-12 15:23:00,10.4
2025-06-12 02:58:00,7.6
2025-06-12 13:55:00,40.2
2025-06-12 11:34:00,49.742524640779
2025-06-12 05:57:00,68.9
2025-06-12 22:24:00,93.2
2025-06-12 02:39:00,60.7
2025-06-12 03:59:00,6.5
2025-06-12 12:12:00,74.4
2025-06-12 09:00:00,50.1
2025-06-12 19:00:00,49.742524640779
2025-06-12 18:17:00,7.2
2025-06-12 16:52:00,6.7
2025-06-12 00:19:00,96.6
2025-06-12 17:52:00,64.7
2025-06-12 01:28:00,97.8
2025-06-12 17:42:00,0.0
2025-06-12 19:57:00,13.2
2025-06-12 18:48:00,95.7
2025-06-12 18:20:00,50.09606761356967
2025-06-12 09:31:00,5.9
2025-06-12 11:35:00,50.09606761356967
2025-06-12 06:50:00,44.9
2025-06-12 15:28:00,77.9
2025-06-12 03:12:00,50.09606761356967
2025-06-12 09:00:00,47.7
2025-06-12 05:31:00,42.1
2025-06-12 20:11:00,21.5
2025-06-12 03:21:00,75.7
2025-06-12 06:02:00,1.8
2025-06-12 11:11:00,70.0
2025-06-12 08:41:00,70.6
2025-06-12 23:17:00,45.2
2025-06-12 21:38:00,19.9
2025-06-12 13:09:00,50.09606761356967
2025-06-12 12:36:00,50.09606761356967
2025-06-12 16:09:00,84.1
2025-06-12 12:29:00,17.0
2025-06-12 13:32:00,53.3
2025-06-12 08:08:00,59.5
2025-06-12 10:24:00,32.5
2025-06-12 01:20:00,42.6
2025-06-12 02:43:00,57.6
2025-06-12 15:38:00,42.5
2025-06-12 15:36:00,59.7
2025-06-12 10:04:00,38.0
2025-06-12 17:38:00,35.5
2025-06-12 16:39:00,70.6
2025-06-12 08:55:00,69.7
2025-06-12 15:41:00,70.6
2025-06-12 02:59:00,50.09606761356967
2025-06-12 23:22:00,3.7
2025-06-12 16:02:00,66.5
2025-06-12 09:15:00,49.9
2025-06-12 07:35:00,94.8
2025-06-12 03:51:00,60.8
2025-06-12 07:47:00,9.7
2025-06-12 21:14:00,50.09606761356967
2025-06-12 07:06:00,33.6
2025-06-12 23:41:00,80.7
2025-06-12 15:10:00,11.6
2025-06-12 11:49:00,86.0
2025-06-12 11:50:00,10.3
2025-06-12 16:06:00,29.6
2025-06-12 04:24:00,50.09606761356967
2025-06-12 00:23:00,34.5
2025-06-12 21:44:00,70.6
2025-06-12 20:52:00,64.7
2025-06-12 09:18:00,56.0
2025-06-12 07:04:00,7.5
2025-06-12 08:43:00,32.6
2025-06-12 22:52:00,38.0
2025-06-12 23:31:00,13.6
2025-06-12 14:46:00,31.7
2025-06-12 02:18:00,34.2
2025-06-12 12:05:00,17.9
2025-06-12 10:45:00,48.6
2025-06-12 00:31:00,50.09606761356967
2025-06-12 11:18:00,94.2
2025-06-12 21:42:00,38.4
2025-06-12 15:52:00,73.4
2025-06-12 18:18:00,74.9
2025-06-12 05:34:00,53.3
2025-06-12 00:16:00,34.7
2025-06-12 16:41:00,6.1
2025-06-12 06:48:00,83.0
2025-06-12 19:37:00,57.5
2025-06-12 01:34:00,29.2
2025-06-12 14:22:00,3.5
2025-06-12 08:49:00,21.9
2025-06-12 23:42:00,68.0
2025-06-12 17:17:00,18.7
2025-06-12 18:50:00,48.5
2025-06-12 05:23:00,94.3
2025-06-12 22:12:00,55.4
2025-06-12 20:16:00,50.09606761356967
2025-06-12 06:07:00,24.6
2025-06-12 13:00:00,29.0
2025-06-12 05:42:00,50.09606761356967
2025-06-12 09:49:00,99.0
2025-06-12 10:47:00,96.4
2025-06-12 05:18:00,47.6
2025-06-12 09:52:00,2.8
2025-06-12 03:15:00,91.5
2025-06-12 21:53:00,17.2
2025-06-12 10:48:00,19.2
2025-06-12 07:02:00,50.09606761356967
2025-06-12 05:48:00,37.6
2025-06-12 03:33:00,79.9
2025-06-12 14:55:00,13.1
2025-06-12 19:27:00,92.8
2025-06-12 10:57:00,80.2
2025-06-12 02:06:00,72.1
2025-06-12 23:55:00,97.2
2025-06-12 23:46:00,51.6
2025-06-12 17:59:00,50.09606761356967
2025-06-12 23:33:00,26.3
2025-06-12 00:46:00,50.09606761356967
2025-06-12 07:09:00,47.7
2025-06-12 16:46:00,60.6
2025-06-12 17:13:00,41.6
2025-06-12 20:43:00,19.0
2025-06-12 01:56:00,56.8
2025-06-12 21:04:00,26.1
2025-06-12 01:47:00,81.7
2025-06-12 07:53:00,24.3
2025-06-12 00:18:00,69.4
2025-06-12 00:24:00,85.0
2025-06-12 04:11:00,53.4
2025-06-12 15:18:00,32.9
2025-06-12 17:23:00,6.8
2025-06-12 18:23:00,59.7
2025-06-12 17:34:00,88.7
2025-06-12 17:31:00,70.9
2025-06-12 12:08:00,46.3
2025-06-12 15:34:00,68.7
2025-06-12 09:06:00,50.09606761356967
2025-06-12 03:22:00,3.1
2025-06-12 10:42:00,50.09606761356967
2025-06-12 04:03:00,57.4
2025-06-12 00:11:00,37.8
2025-06-12 05:17:00,50.09606761356967
2025-06-12 22:49:00,43.7
2025-06-12 19:35:00,5.0
2025-06-12 21:41:00,9.2
2025-06-12 02:46:00,38.9
2025-06-12 01:51:00,61.8
2025-06-12 13:03:00,23.7
2025-06-12 00:04:00,50.09606761356967
2025-06-12 14:18:00,26.6
2025-06-12 19:33:00,47.3
2025-06-12 04:27:00,50.09606761356967
2025-06-12 13:31:00,5.6
2025-06-12 09:10:00,63.6
2025-06-12 15:15:00,69.5
2025-06-12 19:17:00,50.09606761356967
2025-06-12 02:39:00,31.8
2025-06-12 14:43:00,6.0
2025-06-12 12:48:00,50.09606761356967
2025-06-12 19:40:00,79.5
2025-06-12 20:34:00,21.3
2025-06-12 12:24:00,70.7
2025-06-12 18:59:00,50.09606761356967
2025-06-12 10:46:00,71.8
2025-06-12 16:05:00,33.1
2025-06-12 17:00:00,14.8
2025-06-12 13:44:00,51.3
2025-06-12 19:51:00,54.5
2025-06-12 02:02:00,17.0
2025-06-12 19:11:00,27.3
2025-06-12 09:32:00,91.0
2025-06-12 01:19:00,77.8
2025-06-12 21:16:00,57.9
2025-06-12 19:14:00,63.6
2025-06-12 02:47:00,12.6
2025-06-12 00:33:00,24.5
2025-06-12 19:28:00,26.2
2025-06-12 06:49:00,50.09606761356967
2025-06-12 01:06:00,83.3
2025-06-12 10:30:00,44.9
2025-06-12 14:29:00,50.09606761356967
2025-06-12 22:50:00,69.2
2025-06-12 11:39:00,8.8
2025-06-12 04:43:00,35.2
2025-06-12 17:53:00,77.9
2025-06-12 19:31:00,59.4
2025-06-12 12:20:00,85.8
2025-06-12 07:48:00,30.0
2025-06-12 18:33:00,50.09606761356967
2025-06-12 09:21:00,96.6
2025-06-12 11:34:00,57.2
2025-06-12 23:11:00,29.4
2025-06-12 08:26:00,2.0
2025-06-12 04:48:00,18.8
2025-06-12 14:24:00,12.8
2025-06-12 17:06:00,80.8
2025-06-12 20:09:00,34.7
2025-06-12 21:35:00,31.1
2025-06-12 13:49:00,83.3
2025-06-12 20:55:00,24.7
2025-06-12 22:39:00,63.4
2025-06-12 21:43:00,59.8
2025-06-12 08:34:00,13.1
2025-06-12 01:14:00,50.2
2025-06-12 06:30:00,82.9
2025-06-12 13:20:00,50.09606761356967
2025-06-12 21:55:00,17.4
2025-06-12 19:38:00,47.5
2025-06-12 03:23:00,50.09606761356967
2025-06-12 02:55:00,3.3
2025-06-12 10:31:00,84.8
2025-06-12 05:08:00,29.9
2025-06-12 14:41:00,3.5
2025-06-12 11:58:00,38.9
2025-06-12 06:34:00,56.1
2025-06-12 02:29:00,46.9
2025-06-12 09:53:00,37.5
2025-06-12 03:42:00,2.1
2025-06-12 02:58:00,59.4
2025-06-12 09:20:00,50.09606761356967
2025-06-12 10:58:00,50.09606761356967
2025-06-12 02:11:00,51.4
2025-06-12 05:52:00,29.3
2025-06-12 18:53:00,75.1
2025-06-12 04:25:00,98.8
2025-06-12 06:38:00,92.6
2025-06-12 07:58:00,50.09606761356967
2025-06-12 12:04:00,38.3
2025-06-12 12:07:00,50.09606761356967
2025-06-12 00:09:00,15.9
2025-06-12 04:39:00,43.2
2025-06-12 04:36:00,25.4
2025-06-12 02:54:00,71.8
2025-06-12 00:48:00,69.5
2025-06-12 11:57:00,72.7
2025-06-12 22:23:00,76.9
2025-06-12 17:22:00,26.4
2025-06-12 05:19:00,15.3
2025-06-12 00:45:00,5.6
2025-06-12 05:35:00,45.3
2025-06-12 23:47:00,1.5
2025-06-12 00:38:00,51.9
2025-06-12 17:47:00,33.7
2025-06-12 18:49:00,1.7
2025-06-12 14:30:00,14.5
2025-06-12 18:03:00,83.9
2025-06-12 10:29:00,2.4
2025-06-12 16:55:00,25.6
2025-06-12 16:49:00,50.09606761356967
2025-06-12 05:02:00,35.8
2025-06-12 22:08:00,50.09606761356967
2025-06-12 19:54:00,14.2
2025-06-12 05:28:00,75.9
2025-06-12 18:24:00,30.4
2025-06-12 20:06:00,24.3
2025-06-12 02:56:00,72.1
2025-06-12 19:34:00,62.5
2025-06-12 08:21:00,8.0
2025-06-12 19:02:00,40.9
2025-06-12 23:43:00,79.9
2025-06-12 06:21:00,50.09606761356967
2025-06-12 12:10:00,70.4
2025-06-12 23:15:00,25.3
2025-06-12 19:49:00,82.1
2025-06-12 03:55:00,3.4
2025-06-12 07:51:00,4.1
2025-06-12 00:41:00,50.09606761356967
2025-06-12 22:31:00,10.5
2025-06-12 14:07:00,50.09606761356967
2025-06-12 06:45:00,98.5
2025-06-12 23:02:00,85.3
2025-06-12 10:17:00,60.4
2025-06-12 00:34:00,51.4
2025-06-12 18:36:00,83.9
2025-06-12 02:36:00,38.8
2025-06-12 06:43:00,70.5
2025-06-12 21:09:00,97.4
2025-06-12 19:47:00,16.7
2025-06-12 06:31:00,2.2
2025-06-12 17:16:00,62.9
2025-06-12 21:56:00,60.2
2025-06-12 01:07:00,50.09606761356967
2025-06-12 09:16:00,57.8
2025-06-12 17:21:00,50.09606761356967
2025-06-12 20:42:00,80.2
2025-06-12 13:18:00,93.2
2025-06-12 07:39:00,50.09606761356967
2025-06-12 17:12:00,50.09606761356967
2025-06-12 05:33:00,78.6
2025-06-12 12:42:00,10.8
2025-06-12 14:06:00,50.09606761356967
2025-06-12 18:31:00,74.4
2025-06-12 15:08:00,25.5
2025-06-12 11:52:00,98.7
2025-06-12 18:11:00,50.09606761356967
2025-06-12 02:51:00,89.6
2025-06-12 15:17:00,92.7
2025-06-12 12:17:00,4.0
2025-06-12 16:53:00,50.09606761356967
2025-06-12 17:19:00,33.0
2025-06-12 16:48:00,78.2
2025-06-12 16:30:00,37.3
2025-06-12 01:01:00,92.6
2025-06-12 06:18:00,35.7
2025-06-12 18:48:00,33.3
2025-06-12 11:48:00,32.1
2025-06-12 22:32:00,17.7
2025-06-12 20:05:00,39.6
2025-06-12 16:26:00,6.3
2025-06-12 17:40:00,22.0
2025-06-12 09:42:00,10.1
2025-06-12 08:05:00,50.09606761356967
2025-06-12 15:04:00,11.1
2025-06-12 15:27:00,74.9
2025-06-12 08:39:00,49.952608030142464
2025-06-12 03:18:00,52.6
2025-06-12 01:15:00,83.6
2025-06-12 08:07:00,7.2
2025-06-12 09:25:00,22.0
2025-06-12 15:34:00,11.1
2025-06-12 13:16:00,91.6
2025-06-12 11:07:00,69.7
2025-06-12 19:58:00,24.3
2025-06-12 15:07:00,24.5
2025-06-12 15:29:00,60.7
2025-06-12 06:33:00,49.952608030142464
2025-06-12 15:50:00,49.952608030142464
2025-06-12 02:47:00,20.4
2025-06-12 12:32:00,98.3
2025-06-12 22:53:00,86.9
2025-06-12 09:15:00,42.9
2025-06-12 06:42:00,60.5
2025-06-12 02:01:00,76.6
2025-06-12 00:44:00,56.1
2025-06-12 09:11:00,20.9
2025-06-12 20:20:00,17.4
2025-06-12 13:21:00,49.952608030142464
2025-06-12 02:23:00,47.8
2025-06-12 07:25:00,49.952608030142464
2025-06-12 19:05:00,11.9
2025-06-12 16:25:00,66.8
2025-06-12 17:12:00,9.3
2025-06-12 03:11:00,42.1
2025-06-12 23:05:00,49.952608030142464
2025-06-12 13:04:00,65.9
2025-06-12 14:41:00,35.0
2025-06-12 15:06:00,95.5
2025-06-12 00:03:00,72.7
2025-06-12 20:02:00,60.8
2025-06-12 20:04:00,54.7
2025-06-12 14:22:00,49.952608030142464
2025-06-12 05:44:00,10.0
2025-06-12 09:46:00,27.4
2025-06-12 09:52:00,67.6
2025-06-12 05:58:00,86.9
2025-06-12 18:42:00,49.952608030142464
2025-06-12 12:39:00,19.2
2025-06-12 12:20:00,51.9
2025-06-12 03:23:00,39.9
2025-06-12 22:03:00,99.1
2025-06-12 05:14:00,49.952608030142464
2025-06-12 20:46:00,16.7
2025-06-12 07:31:00,49.952608030142464
2025-06-12 18:20:00,22.7
2025-06-12 05:17:00,52.2
2025-06-12 12:22:00,49.952608030142464
2025-06-12 11:21:00,49.952608030142464
2025-06-12 18:13:00,62.9
2025-06-12 17:50:00,14.5
2025-06-12 12:49:00,60.3
2025-06-12 19:32:00,61.5
2025-06-12 05:43:00,56.2
2025-06-12 23:28:00,92.7
2025-06-12 23:44:00,75.2
2025-06-12 19:33:00,49.952608030142464
2025-06-12 10:19:00,8.8
2025-06-12 10:56:00,59.8
2025-06-12 07:20:00,94.6
2025-06-12 04:46:00,66.2
2025-06-12 01:22:00,87.2
2025-06-12 09:30:00,5.8
2025-06-12 10:38:00,47.1
2025-06-12 06:31:00,15.1
2025-06-12 19:44:00,22.7
2025-06-12 07:02:00,15.9
2025-06-12 22:19:00,34.8
2025-06-12 08:05:00,69.0
2025-06-12 03:42:00,36.5
2025-06-12 12:45:00,51.3
2025-06-12 07:23:00,91.4
2025-06-12 22:37:00,33.9
2025-06-12 11:31:00,30.0
2025-06-12 06:59:00,10.1
2025-06-12 16:33:00,27.3
2025-06-12 01:40:00,12.7
2025-06-12 18:34:00,81.8
2025-06-12 04:36:00,60.3
2025-06-12 19:00:00,46.0
2025-06-12 13:57:00,59.3
2025-06-12 02:26:00,30.0
2025-06-12 08:56:00,85.3
2025-06-12 10:57:00,65.9
2025-06-12 03:53:00,62.2
2025-06-12 18:55:00,49.952608030142464
2025-06-12 00:04:00,55.3
2025-06-12 16:46:00,24.7
2025-06-12 07:01:00,79.3
2025-06-12 18:15:00,62.2
2025-06-12 08:24:00,17.5
2025-06-12 00:38:00,29.3
2025-06-12 14:01:00,63.3
2025-06-12 10:40:00,26.6
2025-06-12 05:41:00,81.6
2025-06-12 08:13:00,55.9
2025-06-12 06:57:00,95.9
2025-06-12 02:07:00,16.9
2025-06-12 21:24:00,78.1
2025-06-12 13:37:00,32.5
2025-06-12 19:36:00,9.6
2025-06-12 22:20:00,13.8
2025-06-12 15:24:00,49.952608030142464
2025-06-12 09:10:00,87.9
2025-06-12 04:27:00,39.5
2025-06-12 18:36:00,94.1
2025-06-12 14:21:00,62.8
2025-06-12 05:53:00,92.5
2025-06-12 22:47:00,8.5
2025-06-12 14:12:00,77.3
2025-06-12 10:41:00,49.952608030142464
2025-06-12 21:13:00,48.5
2025-06-12 22:46:00,55.5
2025-06-12 19:31:00,76.2
2025-06-12 15:21:00,22.1
2025-06-12 04:26:00,86.0
2025-06-12 09:20:00,54.5
2025-06-12 23:13:00,19.3
2025-06-12 20:47:00,30.5
2025-06-12 09:43:00,24.2
2025-06-12 19:04:00,19.2
2025-06-12 02:36:00,67.2
2025-06-12 08:00:00,85.1
2025-06-12 01:13:00,83.0
2025-06-12 08:51:00,47.0
2025-06-12 10:29:00,26.0
2025-06-12 14:46:00,49.952608030142464
2025-06-12 04:03:00,76.6
2025-06-12 17:00:00,49.952608030142464
2025-06-12 22:27:00,54.7
2025-06-12 03:57:00,31.0
2025-06-12 15:15:00,23.2
2025-06-12 11:34:00,54.5
2025-06-12 02:03:00,20.2
2025-06-12 00:24:00,86.2
2025-06-12 07:00:00,13.0
2025-06-12 08:42:00,49.952608030142464
2025-06-12 02:16:00,9.6
2025-06-12 05:39:00,13.8
2025-06-12 22:42:00,41.6
2025-06-12 18:22:00,88.3
2025-06-12 14:25:00,55.2
2025-06-12 01:18:00,10.6
2025-06-12 04:57:00,92.2
2025-06-12 08:25:00,24.7
2025-06-12 22:59:00,84.6
2025-06-12 05:47:00,7.3
2025-06-12 03:43:00,71.9
2025-06-12 01:02:00,32.1
2025-06-12 23:29:00,32.8
2025-06-12 19:55:00,79.2
2025-06-12 06:18:00,36.4
2025-06-12 17:27:00,96.9
2025-06-12 18:49:00,23.5
2025-06-12 01:36:00,66.1
2025-06-12 15:00:00,15.7
2025-06-12 22:14:00,65.3
2025-06-12 17:54:00,51.9
2025-06-12 18:03:00,68.3
2025-06-12 13:54:00,84.6
2025-06-12 17:35:00,57.9
2025-06-12 17:56:00,15.1
2025-06-12 09:19:00,89.9
2025-06-12 18:08:00,0.9
2025-06-12 18:23:00,3.6
2025-06-12 06:03:00,27.9
2025-06-12 04:50:00,92.1
2025-06-12 19:46:00,1.5
2025-06-12 01:31:00,9.7
2025-06-12 14:17:00,49.952608030142464
2025-06-12 22:40:00,38.0
2025-06-12 04:59:00,69.6
2025-06-12 10:33:00,50.7
2025-06-12 02:45:00,79.3
2025-06-12 04:09:00,93.0
2025-06-12 18:28:00,85.0
2025-06-12 04:30:00,91.7
2025-06-12 20:56:00,82.8
2025-06-12 04:40:00,59.7
2025-06-12 22:45:00,49.952608030142464
2025-06-12 18:46:00,35.0
2025-06-12 18:37:00,58.3
2025-06-12 15:36:00,49.952608030142464
2025-06-12 21:54:00,27.3
2025-06-12 15:14:00,95.1
2025-06-12 09:57:00,83.7
2025-06-12 03:00:00,49.952608030142464
2025-06-12 00:29:00,49.952608030142464
2025-06-12 04:51:00,17.1
2025-06-12 11:44:00,69.0
2025-06-12 11:18:00,58.4
2025-06-12 03:25:00,42.2
2025-06-12 07:41:00,94.8
2025-06-12 22:28:00,66.8
2025-06-12 02:11:00,49.952608030142464
2025-06-12 21:05:00,0.6
2025-06-12 20:36:00,88.9
2025-06-12 17:39:00,87.2
2025-06-12 02:54:00,70.2
2025-06-12 16:29:00,49.952608030142464
2025-06-12 00:58:00,49.952608030142464
2025-06-12 02:08:00,85.1
2025-06-12 19:03:00,48.6
2025-06-12 11:58:00,49.952608030142464
2025-06-12 02:24:00,77.3
2025-06-12 18:59:00,34.5
2025-06-12 15:03:00,88.3
2025-06-12 22:57:00,76.2
2025-06-12 00:05:00,49.952608030142464
2025-06-12 15:44:00,35.7
2025-06-12 11:20:00,25.2
2025-06-12 18:53:00,27.9
2025-06-12 19:47:00,34.1
2025-06-12 12:51:00,27.8
2025-06-12 02:04:00,49.952608030142464
2025-06-12 08:52:00,99.3
2025-06-12 18:27:00,5.0
2025-06-12 22:16:00,49.952608030142464
2025-06-12 20:52:00,49.952608030142464
2025-06-12 01:09:00,87.0
2025-06-12 16:54:00,50.8
2025-06-12 18:39:00,21.5
2025-06-12 22:33:00,42.4
2025-06-12 04:14:00,27.9
2025-06-12 17:01:00,49.952608030142464
2025-06-12 10:05:00,38.2
2025-06-12 19:43:00,49.952608030142464
2025-06-12 02:12:00,4.7
2025-06-12 02:41:00,49.952608030142464
2025-06-12 21:38:00,49.952608030142464
2025-06-12 11:47:00,49.952608030142464
2025-06-12 21:57:00,22.1
2025-06-12 21:09:00,15.5
2025-06-12 08:17:00,6.9
2025-06-12 13:51:00,34.8
2025-06-12 10:32:00,84.7
2025-06-12 16:53:00,95.5
2025-06-12 02:37:00,79.5
2025-06-12 01:30:00,70.2
2025-06-12 15:02:00,0.7
2025-06-12 07:28:00,5.4
2025-06-12 20:35:00,9.6
2025-06-12 05:26:00,10.3
2025-06-12 05:31:00,12.0
2025-06-12 16:07:00,77.6
2025-06-12 04:48:00,10.5
2025-06-12 09:05:00,76.1
2025-06-12 16:24:00,49.952608030142464
2025-06-12 18:56:00,27.2
2025-06-12 10:39:00,85.9
2025-06-12 15:35:00,24.9
2025-06-12 21:25:00,85.1
2025-06-12 00:16:00,5.9
2025-06-12 12:30:00,45.7
2025-06-12 20:19:00,88.0
2025-06-12 12:13:00,49.952608030142464
2025-06-12 17:51:00,84.3
2025-06-12 18:07:00,21.5
2025-06-12 18:48:00,14.2
2025-06-12 20:33:00,3.7
2025-06-12 06:56:00,79.6
2025-06-12 08:22:00,18.7
2025-06-12 02:48:00,20.6
2025-06-12 03:32:00,28.4
2025-06-12 21:18:00,49.952608030142464
2025-06-12 08:14:00,12.2
2025-06-12 03:07:00,47.7
2025-06-12 14:08:00,77.6
2025-06-12 03:52:00,28.1
2025-06-12 03:10:00,61.4
2025-06-12 00:07:00,82.0
2025-06-12 15:39:00,32.9
2025-06-12 09:37:00,97.9
2025-06-12 18:13:00,29.2
2025-06-12 06:41:00,50.21640523646657
2025-06-12 21:30:00,27.3
2025-06-12 16:21:00,50.21640523646657
2025-06-12 17:38:00,50.21640523646657
2025-06-12 17:00:00,40.3
2025-06-12 02:53:00,93.0
2025-06-12 14:21:00,82.4
2025-06-12 05:45:00,29.4
2025-06-12 18:41:00,59.0
2025-06-12 02:41:00,8.2
2025-06-12 19:55:00,64.1
2025-06-12 00:51:00,93.0
2025-06-12 06:36:00,90.5
2025-06-12 21:20:00,26.0
2025-06-12 15:23:00,76.1
2025-06-12 16:55:00,78.8
2025-06-12 21:42:00,69.5
2025-06-12 15:24:00,18.9
2025-06-12 00:19:00,38.3
2025-06-12 15:47:00,7.8
2025-06-12 13:26:00,55.6
2025-06-12 22:17:00,66.5
2025-06-12 04:26:00,18.8
2025-06-12 00:22:00,91.0
2025-06-12 18:10:00,93.6
2025-06-12 22:14:00,50.21640523646657
2025-06-12 15:50:00,50.21640523646657
2025-06-12 21:34:00,92.1
2025-06-12 21:37:00,97.7
2025-06-12 01:38:00,1.4
2025-06-12 01:51:00,36.8
2025-06-12 18:21:00,16.4
2025-06-12 04:32:00,50.21640523646657
2025-06-12 21:55:00,82.9
2025-06-12 04:27:00,76.5
2025-06-12 00:58:00,34.2
2025-06-12 20:08:00,94.4
2025-06-12 20:11:00,50.21640523646657
2025-06-12 10:52:00,80.4
2025-06-12 09:55:00,50.21640523646657
2025-06-12 03:00:00,97.9
2025-06-12 13:29:00,86.4
2025-06-12 00:38:00,76.4
2025-06-12 10:04:00,50.21640523646657
2025-06-12 23:37:00,99.2
2025-06-12 18:39:00,68.1
2025-06-12 20:52:00,4.6
2025-06-12 02:12:00,36.9
2025-06-12 14:03:00,50.21640523646657
2025-06-12 11:03:00,77.8
2025-06-12 08:17:00,11.2
2025-06-12 19:42:00,91.1
2025-06-12 14:37:00,9.6
2025-06-12 13:35:00,50.21640523646657
2025-06-12 06:20:00,26.5
2025-06-12 23:09:00,44.6
2025-06-12 05:23:00,34.4
2025-06-12 03:08:00,36.1
2025-06-12 11:11:00,50.21640523646657
2025-06-12 23:30:00,40.3
2025-06-12 07:41:00,19.0
2025-06-12 15:38:00,52.7
2025-06-12 00:31:00,66.7
2025-06-12 14:33:00,83.1
2025-06-12 03:07:00,16.8
2025-06-12 12:40:00,41.1
2025-06-12 12:20:00,50.21640523646657
2025-06-12 22:13:00,17.1
2025-06-12 08:07:00,55.2
2025-06-12 14:25:00,9.4
2025-06-12 03:19:00,50.21640523646657
2025-06-12 01:02:00,50.21640523646657
2025-06-12 01:10:00,26.8
2025-06-12 11:36:00,50.21640523646657
2025-06-12 23:16:00,70.2
2025-06-12 23:32:00,60.0
2025-06-12 00:03:00,64.0
2025-06-12 00:27:00,31.5
2025-06-12 06:08:00,75.9
2025-06-12 22:53:00,71.5
2025-06-12 09:42:00,92.7
2025-06-12 10:29:00,35.2
2025-06-12 08:24:00,40.8
2025-06-12 22:18:00,46.6
2025-06-12 05:12:00,81.1
2025-06-12 03:14:00,75.1
2025-06-12 23:17:00,50.21640523646657
2025-06-12 21:41:00,50.21640523646657
2025-06-12 11:58:00,50.21640523646657
2025-06-12 19:00:00,54.8
2025-06-12 11:12:00,30.2
2025-06-12 13:36:00,18.8
2025-06-12 18:12:00,13.4
2025-06-12 03:39:00,50.21640523646657
2025-06-12 12:21:00,51.6
2025-06-12 06:59:00,11.9
2025-06-12 06:21:00,30.9
2025-06-12 03:18:00,97.4
2025-06-12 17:18:00,81.8
2025-06-12 19:16:00,70.3
2025-06-12 21:24:00,98.3
2025-06-12 22:51:00,24.6
2025-06-12 10:55:00,30.8
2025-06-12 19:03:00,57.0
2025-06-12 02:03:00,40.0
2025-06-12 16:41:00,30.6
2025-06-12 01:20:00,21.5
2025-06-12 05:14:00,90.3
2025-06-12 13:12:00,23.5
2025-06-12 19:39:00,72.9
2025-06-12 06:28:00,50.21640523646657
2025-06-12 15:54:00,44.3
2025-06-12 16:17:00,60.4
2025-06-12 19:23:00,0.1
2025-06-12 19:25:00,28.9
2025-06-12 16:43:00,50.21640523646657
2025-06-12 11:49:00,36.1
2025-06-12 09:50:00,50.21640523646657
2025-06-12 00:33:00,68.0
2025-06-12 05:09:00,50.21640523646657
2025-06-12 16:48:00,36.0
2025-06-12 18:52:00,97.5
2025-06-12 08:28:00,76.1
2025-06-12 08:09:00,14.6
2025-06-12 11:13:00,10.1
2025-06-12 13:51:00,11.9
2025-06-12 16:53:00,91.6
2025-06-12 01:59:00,56.1
2025-06-12 03:09:00,67.4
2025-06-12 07:36:00,50.21640523646657
2025-06-12 14:12:00,47.6
2025-06-12 11:33:00,12.8
2025-06-12 07:01:00,50.21640523646657
2025-06-12 17:01:00,84.1
2025-06-12 00:05:00,50.21640523646657
2025-06-12 20:21:00,81.4
2025-06-12 08:46:00,94.7
2025-06-12 10:36:00,50.21640523646657
2025-06-12 04:52:00,50.21640523646657
2025-06-12 14:48:00,71.5
2025-06-12 02:17:00,89.6
2025-06-12 16:37:00,51.8
2025-06-12 12:54:00,63.7
2025-06-12 12:04:00,50.21640523646657
2025-06-12 06:46:00,82.2
2025-06-12 13:33:00,59.0
2025-06-12 21:48:00,33.4
2025-06-12 16:27:00,76.2
2025-06-12 03:41:00,27.6
2025-06-12 17:09:00,88.9
2025-06-12 21:18:00,37.4
2025-06-12 16:22:00,61.0
2025-06-12 06:56:00,40.9
2025-06-12 00:30:00,2.6
2025-06-12 14:36:00,82.3
2025-06-12 23:36:00,79.7
2025-06-12 21:16:00,26.5
2025-06-12 08:58:00,50.21640523646657
2025-06-12 22:41:00,58.8
2025-06-12 07:07:00,60.3
2025-06-12 19:11:00,65.2
2025-06-12 06:13:00,50.21640523646657
2025-06-12 03:13:00,24.0
2025-06-12 16:26:00,67.6
2025-06-12 17:46:00,9.4
2025-06-12 04:17:00,22.8
2025-06-12 01:21:00,45.0
2025-06-12 11:07:00,2.1
2025-06-12 01:45:00,42.1
2025-06-12 07:48:00,7.3
2025-06-12 01:32:00,50.21640523646657
2025-06-12 20:31:00,17.7
2025-06-12 05:32:00,13.6
2025-06-12 15:44:00,50.6
2025-06-12 23:27:00,62.6
2025-06-12 09:03:00,97.6
2025-06-12 21:44:00,75.4
2025-06-12 05:44:00,83.1
2025-06-12 02:02:00,96.9
2025-06-12 22:26:00,6.0
2025-06-12 17:58:00,5.8
2025-06-12 03:55:00,24.5
2025-06-12 10:47:00,50.21640523646657
2025-06-12 17:45:00,50.21640523646657
2025-06-12 19:50:00,50.21640523646657
2025-06-12 04:11:00,87.0
2025-06-12 19:35:00,64.1
2025-06-12 09:14:00,38.3
2025-06-12 06:57:00,46.0
2025-06-12 12:24:00,3.6
2025-06-12 05:58:00,24.2
2025-06-12 02:00:00,34.7
2025-06-12 21:52:00,48.9
2025-06-12 15:22:00,72.1
2025-06-12 19:45:00,16.0
2025-06-12 07:57:00,64.3
2025-06-12 08:05:00,78.1
2025-06-12 09:01:00,50.21640523646657
2025-06-12 12:46:00,54.4
2025-06-12 15:30:00,11.4
2025-06-12 18:08:00,85.2
2025-06-12 01:37:00,46.6
2025-06-12 03:35:00,60.1
2025-06-12 09:02:00,18.6
2025-06-12 01:35:00,70.8
2025-06-12 02:52:00,5.4
2025-06-12 23:19:00,31.5
2025-06-12 20:59:00,58.1
2025-06-12 19:36:00,42.8
2025-06-12 01:07:00,46.9
2025-06-12 17:24:00,3.7
2025-06-12 10:31:00,9.8
2025-06-12 05:02:00,98.3
2025-06-12 21:49:00,12.0
2025-06-12 15:29:00,81.3
2025-06-12 03:24:00,97.6
2025-06-12 07:16:00,22.4
2025-06-12 14:34:00,31.6
2025-06-12 19:01:00,50.21640523646657
2025-06-12 21:21:00,76.2
2025-06-12 15:10:00,4.5
2025-06-12 15:59:00,63.9
2025-06-12 13:19:00,41.1
2025-06-12 13:41:00,40.1
2025-06-12 07:09:00,50.21640523646657
2025-06-12 03:56:00,90.4
2025-06-12 02:45:00,99.2
2025-06-12 07:46:00,50.21640523646657
2025-06-12 08:29:00,50.21640523646657
2025-06-12 23:08:00,78.6
2025-06-12 16:09:00,85.4
2025-06-12 11:16:00,32.4
2025-06-12 04:48:00,50.21640523646657
2025-06-12 09:48:00,28.0
2025-06-12 03:21:00,55.7
2025-06-12 04:25:00,50.21640523646657
2025-06-12 07:03:00,93.4
2025-06-12 21:22:00,86.8
2025-06-12 09:13:00,96.3
2025-06-12 16:56:00,30.3
2025-06-12 21:59:00,19.1
2025-06-12 22:09:00,50.21640523646657
2025-06-12 22:23:00,77.9
2025-06-12 12:06:00,50.21640523646657
2025-06-12 07:28:00,25.0
2025-06-12 13:52:00,80.2
2025-06-12 00:52:00,32.2
2025-06-12 22:42:00,54.1
2025-06-12 17:20:00,3.4
2025-06-12 17:56:00,51.7
2025-06-12 08:12:00,50.21640523646657
2025-06-12 21:15:00,91.0
2025-06-12 09:52:00,19.6
2025-06-12 23:41:00,50.9
2025-06-12 05:10:00,87.8
2025-06-12 00:44:00,50.21640523646657
2025-06-12 12:48:00,60.1
2025-06-12 11:56:00,34.5
2025-06-12 12:01:00,70.1
2025-06-12 20:51:00,54.3
2025-06-12 08:59:00,61.1
2025-06-12 20:46:00,71.7
2025-06-12 14:13:00,46.5
2025-06-12 17:22:00,92.7
2025-06-12 09:33:00,81.4
2025-06-12 17:53:00,76.0
2025-06-12 17:39:00,92.6
2025-06-12 20:24:00,40.5
2025-06-12 19:59:00,79.2
2025-06-12 23:42:00,45.0
2025-06-12 18:16:00,17.0
2025-06-12 01:52:00,42.6
2025-06-12 10:23:00,42.7
2025-06-12 06:23:00,21.0
2025-06-12 06:12:00,56.1
2025-06-12 19:51:00,50.21640523646657
2025-06-12 22:44:00,50.21640523646657
2025-06-12 04:33:00,46.2
2025-06-12 18:47:00,91.5
2025-06-12 23:52:00,34.9
2025-06-12 00:35:00,90.2
2025-06-12 16:24:00,28.1
2025-06-12 02:56:00,22.1
2025-06-12 01:47:00,13.3
2025-06-12 01:26:00,92.2
2025-06-12 10:01:00,66.6
2025-06-12 18:56:00,4.9
2025-06-12 18:38:00,62.5
2025-06-12 10:11:00,39.0
2025-06-12 13:39:00,50.21640523646657
2025-06-12 00:40:00,14.7
2025-06-12 15:27:00,56.6
2025-06-12 22:00:00,66.8
2025-06-12 09:36:00,92.5
2025-06-12 02:40:00,22.3
2025-06-12 06:49:00,61.0
2025-06-12 11:17:00,59.7
2025-06-12 23:18:00,32.0
2025-06-12 18:42:00,3.4
2025-06-12 09:45:00,63.7
2025-06-12 21:31:00,8.0
2025-06-12 02:22:00,90.9
2025-06-12 15:16:00,49.70408187272085
2025-06-12 21:16:00,98.2
2025-06-12 14:06:00,93.2
2025-06-12 08:28:00,77.3
2025-06-12 04:54:00,31.3
2025-06-12 02:49:00,19.7
2025-06-12 02:08:00,49.70408187272085
2025-06-12 00:32:00,22.6
2025-06-12 04:47:00,80.3
2025-06-12 13:18:00,44.9
2025-06-12 15:06:00,79.1
2025-06-12 04:15:00,66.0
2025-06-12 23:13:00,72.8
2025-06-12 05:30:00,94.4
2025-06-12 13:56:00,80.3
2025-06-12 17:18:00,57.9
2025-06-12 10:58:00,56.4
2025-06-12 06:52:00,49.70408187272085
2025-06-12 16:32:00,49.9
2025-06-12 22:23:00,97.5
2025-06-12 19:41:00,55.6
2025-06-12 21:41:00,49.70408187272085
2025-06-12 10:55:00,3.9
2025-06-12 14:40:00,46.0
2025-06-12 18:35:00,8.8
2025-06-12 14:10:00,77.6
2025-06-12 20:28:00,58.3
2025-06-12 11:02:00,72.7
2025-06-12 03:31:00,64.3
2025-06-12 07:37:00,49.70408187272085
2025-06-12 23:02:00,10.4
2025-06-12 08:04:00,75.1
2025-06-12 10:51:00,70.3
2025-06-12 21:18:00,9.5
2025-06-12 15:48:00,60.5
2025-06-12 10:26:00,49.70408187272085
2025-06-12 19:24:00,97.1
2025-06-12 20:58:00,49.70408187272085
2025-06-12 21:56:00,43.9
2025-06-12 20:21:00,32.1
2025-06-12 03:42:00,31.1
2025-06-12 15:10:00,29.0
2025-06-12 21:22:00,32.2
2025-06-12 03:06:00,49.70408187272085
2025-06-12 04:00:00,4.4
2025-06-12 08:37:00,20.5
2025-06-12 12:57:00,51.7
2025-06-12 19:53:00,24.5
2025-06-12 03:50:00,56.0
2025-06-12 04:56:00,9.8
2025-06-12 05:53:00,76.7
2025-06-12 19:29:00,49.3
2025-06-12 16:24:00,82.9
2025-06-12 09:39:00,92.2
2025-06-12 10:41:00,49.70408187272085
2025-06-12 05:19:00,46.1
2025-06-12 19:59:00,78.5
2025-06-12 14:12:00,49.70408187272085
2025-06-12 14:16:00,78.4
2025-06-12 02:40:00,49.70408187272085
2025-06-12 00:46:00,56.2
2025-06-12 22:31:00,96.1
2025-06-12 05:08:00,19.7
2025-06-12 04:01:00,14.7
2025-06-12 15:30:00,36.8
2025-06-12 02:38:00,55.1
2025-06-12 20:17:00,96.1
2025-06-12 02:59:00,86.0
2025-06-12 09:46:00,94.7
2025-06-12 14:22:00,46.8
2025-06-12 01:07:00,50.0
2025-06-12 00:37:00,49.70408187272085
2025-06-12 12:53:00,10.3
2025-06-12 23:46:00,47.9
2025-06-12 13:05:00,0.6
2025-06-12 18:19:00,35.1
2025-06-12 04:57:00,22.2
2025-06-12 04:31:00,42.4
2025-06-12 20:25:00,73.7
2025-06-12 23:05:00,89.1
2025-06-12 07:12:00,71.3
2025-06-12 03:20:00,43.0
2025-06-12 18:00:00,91.4
2025-06-12 22:17:00,58.8
2025-06-12 14:43:00,49.70408187272085
2025-06-12 23:40:00,26.7
2025-06-12 05:54:00,8.3
2025-06-12 03:24:00,64.3
2025-06-12 17:29:00,49.70408187272085
2025-06-12 12:54:00,64.8
2025-06-12 13:22:00,49.70408187272085
2025-06-12 21:49:00,64.6
2025-06-12 06:05:00,65.6
2025-06-12 03:29:00,49.70408187272085
2025-06-12 23:21:00,49.70408187272085
2025-06-12 05:05:00,81.4
2025-06-12 23:25:00,27.7
2025-06-12 13:52:00,35.1
2025-06-12 06:40:00,61.2
2025-06-12 21:51:00,56.7
2025-06-12 17:22:00,47.0
2025-06-12 13:36:00,31.3
2025-06-12 21:29:00,28.8
2025-06-12 20:36:00,48.0
2025-06-12 12:16:00,3.0
2025-06-12 21:08:00,78.2
2025-06-12 12:50:00,81.0
2025-06-12 14:27:00,97.6
2025-06-12 04:40:00,77.5
2025-06-12 13:33:00,54.3
2025-06-12 20:07:00,17.5
2025-06-12 16:37:00,72.9
2025-06-12 18:32:00,88.4
2025-06-12 20:13:00,49.70408187272085
2025-06-12 00:56:00,0.5
2025-06-12 07:39:00,35.1
2025-06-12 03:16:00,56.8
2025-06-12 12:10:00,90.3
2025-06-12 22:56:00,49.70408187272085
2025-06-12 03:47:00,49.70408187272085
2025-06-12 20:01:00,23.8
2025-06-12 19:13:00,87.9
2025-06-12 06:41:00,49.70408187272085
2025-06-12 03:26:00,67.9
2025-06-12 22:48:00,50.6
2025-06-12 15:32:00,61.3
2025-06-12 08:15:00,74.5
2025-06-12 21:54:00,19.6
2025-06-12 04:14:00,91.0
2025-06-12 21:58:00,49.70408187272085
2025-06-12 23:35:00,49.70408187272085
2025-06-12 20:16:00,12.5
2025-06-12 03:59:00,19.3
2025-06-12 08:26:00,49.70408187272085
2025-06-12 03:12:00,47.3
2025-06-12 14:11:00,61.5
2025-06-12 13:04:00,5.3
2025-06-12 22:33:00,50.6
2025-06-12 01:05:00,82.6
2025-06-12 09:04:00,66.8
2025-06-12 12:52:00,49.70408187272085
2025-06-12 18:16:00,47.9
2025-06-12 03:44:00,63.8
2025-06-12 13:35:00,34.9
2025-06-12 15:23:00,86.2
2025-06-12 15:27:00,41.1
2025-06-12 02:03:00,0.8
2025-06-12 07:09:00,56.8
2025-06-12 10:09:00,31.1
2025-06-12 10:18:00,50.3
2025-06-12 06:21:00,96.0
2025-06-12 19:23:00,43.7
2025-06-12 15:29:00,49.70408187272085
2025-06-12 00:45:00,49.70408187272085
2025-06-12 04:48:00,24.9
2025-06-12 07:44:00,9.7
2025-06-12 05:52:00,31.8
2025-06-12 23:14:00,2.6
2025-06-12 04:24:00,49.70408187272085
2025-06-12 05:18:00,54.7
2025-06-12 05:07:00,76.4
2025-06-12 03:37:00,49.6
2025-06-12 13:47:00,63.6
2025-06-12 18:36:00,67.8
2025-06-12 06:29:00,56.0
2025-06-12 04:06:00,91.1
2025-06-12 03:49:00,61.9
2025-06-12 17:36:00,18.7
2025-06-12 00:59:00,77.3
2025-06-12 11:20:00,58.7
2025-06-12 07:11:00,29.1
2025-06-12 06:04:00,56.9
2025-06-12 22:18:00,13.5
2025-06-12 22:26:00,24.6
2025-06-12 01:58:00,49.70408187272085
2025-06-12 03:51:00,34.0
2025-06-12 22:44:00,2.6
2025-06-12 23:52:00,20.7
2025-06-12 05:09:00,1.9
2025-06-12 12:44:00,82.4
2025-06-12 01:53:00,10.7
2025-06-12 04:23:00,49.70408187272085
2025-06-12 05:33:00,61.2
2025-06-12 13:14:00,3.2
2025-06-12 22:50:00,49.70408187272085
2025-06-12 06:23:00,90.1
2025-06-12 07:21:00,4.5
2025-06-12 11:15:00,49.70408187272085
2025-06-12 20:48:00,19.9
2025-06-12 19:43:00,49.70408187272085
2025-06-12 07:50:00,25.2
2025-06-12 17:39:00,27.3
2025-06-12 06:22:00,16.6
2025-06-12 17:21:00,39.7
2025-06-12 06:31:00,34.8
2025-06-12 08:57:00,87.2
2025-06-12 20:20:00,49.70408187272085
2025-06-12 14:58:00,37.2
2025-06-12 16:14:00,34.2
2025-06-12 09:07:00,6.8
2025-06-12 06:59:00,88.6
2025-06-12 01:45:00,49.70408187272085
2025-06-12 17:25:00,33.1
2025-06-12 06:12:00,49.70408187272085
2025-06-12 12:40:00,70.5
2025-06-12 17:17:00,85.6
2025-06-12 18:51:00,13.3
2025-06-12 08:29:00,49.70408187272085
2025-06-12 08:16:00,26.0
2025-06-12 18:38:00,8.8
2025-06-12 12:34:00,42.8
2025-06-12 11:57:00,73.4
2025-06-12 10:21:00,60.0
2025-06-12 01:20:00,28.4
2025-06-12 00:03:00,89.4
2025-06-12 03:35:00,76.9
2025-06-12 18:15:00,58.6
2025-06-12 20:59:00,59.1
2025-06-12 17:52:00,22.7
2025-06-12 18:47:00,7.3
2025-06-12 02:54:00,33.2
2025-06-12 17:04:00,28.8
2025-06-12 17:43:00,49.70408187272085
2025-06-12 23:36:00,64.3
2025-06-12 05:14:00,14.8
2025-06-12 00:12:00,35.8
2025-06-12 00:14:00,49.70408187272085
2025-06-12 01:50:00,18.1
2025-06-12 03:25:00,19.0
2025-06-12 15:55:00,6.2
2025-06-12 11:51:00,10.1
2025-06-12 13:17:00,47.4
2025-06-12 04:35:00,53.5
2025-06-12 01:48:00,83.2
2025-06-12 11:44:00,16.9
2025-06-12 22:38:00,2.4
2025-06-12 12:00:00,27.3
2025-06-12 06:03:00,75.6
2025-06-12 19:15:00,49.70408187272085
2025-06-12 01:10:00,49.70408187272085
2025-06-12 16:01:00,13.1
2025-06-12 10:06:00,22.5
2025-06-12 13:29:00,40.6
2025-06-12 04:28:00,3.8
2025-06-12 17:45:00,51.3
2025-06-12 14:57:00,26.1
2025-06-12 21:26:00,7.9
2025-06-12 07:41:00,49.70408187272085
2025-06-12 16:38:00,79.6
2025-06-12 03:23:00,49.70408187272085
2025-06-12 15:34:00,4.9
2025-06-12 02:13:00,73.2
2025-06-12 18:25:00,0.2
2025-06-12 18:58:00,15.7
2025-06-12 09:55:00,85.3
2025-06-12 00:30:00,33.3
2025-06-12 04:43:00,55.9
2025-06-12 16:26:00,68.9
2025-06-12 12:36:00,87.1
2025-06-12 16:55:00,92.2
2025-06-12 22:08:00,92.3
2025-06-12 08:08:00,15.3
2025-06-12 06:01:00,94.4
2025-06-12 08:19:00,55.7
2025-06-12 18:43:00,69.1
2025-06-12 08:56:00,84.0
2025-06-12 08:48:00,91.0
2025-06-12 04:37:00,1.6
2025-06-12 04:30:00,55.7
2025-06-12 01:17:00,49.70408187272085
2025-06-12 06:57:00,88.9
2025-06-12 16:36:00,8.8
2025-06-12 00:40:00,56.4
2025-06-12 16:35:00,13.9
2025-06-12 22:21:00,23.8
2025-06-12 22:35:00,14.9
2025-06-12 04:51:00,39.6
2025-06-12 14:04:00,49.3
2025-06-12 16:16:00,49.70408187272085
2025-06-12 16:54:00,59.6
2025-06-12 17:31:00,4.2
2025-06-12 02:50:00,9.9
2025-06-12 13:39:00,49.70408187272085
2025-06-12 14:14:00,4.8
2025-06-12 08:32:00,59.4
2025-06-12 03:14:00,58.1
2025-06-12 17:35:00,50.4
2025-06-12 22:42:00,15.6
2025-06-12 18:37:00,6.2
2025-06-12 20:34:00,59.0
2025-06-12 22:40:00,38.4
2025-06-12 14:18:00,58.7
2025-06-12 08:41:00,85.8
2025-06-12 00:35:00,85.6
2025-06-12 09:40:00,15.3
2025-06-12 23:08:00,14.1
2025-06-12 07:05:00,32.2
2025-06-12 15:41:00,98.8
2025-06-12 22:03:00,62.3
2025-06-12 02:46:00,50.1110094970102
2025-06-12 16:43:00,50.1110094970102
2025-06-12 13:37:00,64.2
2025-06-12 19:28:00,50.1110094970102
2025-06-12 15:35:00,77.9
2025-06-12 08:56:00,83.3
2025-06-12 02:19:00,67.8
2025-06-12 01:07:00,17.3
2025-06-12 13:45:00,73.5
2025-06-12 09:56:00,85.6
2025-06-12 19:25:00,82.4
2025-06-12 04:16:00,24.0
2025-06-12 09:21:00,68.8
2025-06-12 19:13:00,9.4
2025-06-12 06:48:00,47.8
2025-06-12 09:04:00,50.1110094970102
2025-06-12 23:47:00,99.5
2025-06-12 09:07:00,52.3
2025-06-12 17:24:00,94.4
2025-06-12 14:16:00,81.0
2025-06-12 02:12:00,19.3
2025-06-12 19:54:00,3.5
2025-06-12 21:21:00,32.3
2025-06-12 07:37:00,50.1110094970102
2025-06-12 16:17:00,16.4
2025-06-12 11:11:00,68.0
2025-06-12 13:36:00,58.4
2025-06-12 22:42:00,92.1
2025-06-12 02:16:00,1.6
2025-06-12 09:53:00,80.8
2025-06-12 09:29:00,27.4
2025-06-12 21:54:00,99.2
2025-06-12 08:02:00,93.1
2025-06-12 01:53:00,94.2
2025-06-12 04:57:00,50.1110094970102
2025-06-12 14:47:00,50.1110094970102
2025-06-12 03:47:00,25.6
2025-06-12 10:31:00,87.9
2025-06-12 08:23:00,50.1110094970102
2025-06-12 21:32:00,47.1
2025-06-12 06:53:00,35.8
2025-06-12 08:58:00,40.1
2025-06-12 03:44:00,50.1110094970102
2025-06-12 23:22:00,41.0
2025-06-12 00:38:00,21.1
2025-06-12 20:53:00,99.1
2025-06-12 05:31:00,50.1110094970102
2025-06-12 04:04:00,34.8
2025-06-12 12:30:00,61.3
2025-06-12 08:53:00,35.0
2025-06-12 12:54:00,78.8
2025-06-12 12:06:00,18.2
2025-06-12 10:09:00,94.1
2025-06-12 16:31:00,12.2
2025-06-12 18:42:00,50.1110094970102
2025-06-12 01:47:00,50.1110094970102
2025-06-12 03:49:00,58.0
2025-06-12 19:31:00,59.0
2025-06-12 15:03:00,52.4
2025-06-12 20:19:00,86.4
2025-06-12 18:16:00,15.5
2025-06-12 12:29:00,4.5
2025-06-12 13:06:00,35.3
2025-06-12 23:02:00,50.1110094970102
2025-06-12 19:48:00,81.9
2025-06-12 14:39:00,92.1
2025-06-12 00:37:00,41.0
2025-06-12 00:40:00,41.6
2025-06-12 16:30:00,33.7
2025-06-12 06:06:00,50.1110094970102
2025-06-12 16:07:00,37.1
2025-06-12 15:55:00,21.8
2025-06-12 01:40:00,60.2
2025-06-12 18:41:00,74.0
2025-06-12 14:30:00,30.1
2025-06-12 12:43:00,50.1110094970102
2025-06-12 09:57:00,24.0
2025-06-12 11:00:00,26.0
2025-06-12 11:12:00,50.1110094970102
2025-06-12 02:37:00,78.5
2025-06-12 08:51:00,23.8
2025-06-12 14:35:00,93.8
2025-06-12 12:24:00,75.4
2025-06-12 06:34:00,62.4
2025-06-12 14:09:00,79.6
2025-06-12 23:13:00,50.1110094970102
2025-06-12 12:49:00,61.8
2025-06-12 13:04:00,85.7
2025-06-12 23:59:00,31.5
2025-06-12 00:11:00,95.6
2025-06-12 01:39:00,17.6
2025-06-12 01:10:00,14.7
2025-06-12 10:59:00,50.1110094970102
2025-06-12 09:08:00,74.0
2025-06-12 10:00:00,10.8
2025-06-12 10:14:00,17.9
2025-06-12 04:32:00,27.9
2025-06-12 09:02:00,81.6
2025-06-12 14:32:00,69.2
2025-06-12 08:59:00,60.8
2025-06-12 11:51:00,52.7
2025-06-12 09:41:00,76.2
2025-06-12 00:03:00,21.9
2025-06-12 05:02:00,11.0
2025-06-12 19:12:00,93.4
2025-06-12 14:04:00,50.1110094970102
2025-06-12 15:59:00,21.8
2025-06-12 09:24:00,84.0
2025-06-12 11:33:00,84.7
2025-06-12 03:46:00,62.5
2025-06-12 11:42:00,99.8
2025-06-12 00:13:00,13.4
2025-06-12 17:47:00,14.9
2025-06-12 11:52:00,29.7
2025-06-12 12:57:00,78.3
2025-06-12 15:18:00,94.4
2025-06-12 23:26:00,6.2
2025-06-12 07:08:00,90.3
2025-06-12 14:10:00,93.0
2025-06-12 13:55:00,31.4
2025-06-12 17:46:00,15.6
2025-06-12 11:39:00,50.1110094970102
2025-06-12 02:20:00,3.3
2025-06-12 02:31:00,81.9
2025-06-12 21:11:00,36.5
2025-06-12 07:43:00,69.8
2025-06-12 12:05:00,44.1
2025-06-12 15:21:00,15.8
2025-06-12 23:09:00,7.3
2025-06-12 12:19:00,77.2
2025-06-12 21:56:00,59.1
2025-06-12 14:06:00,88.3
2025-06-12 02:39:00,0.4
2025-06-12 08:07:00,77.3
2025-06-12 01:31:00,50.1110094970102
2025-06-12 00:56:00,35.7
2025-06-12 09:17:00,50.1110094970102
2025-06-12 08:20:00,70.5
2025-06-12 18:28:00,40.9
2025-06-12 11:48:00,21.3
2025-06-12 23:37:00,35.1
2025-06-12 20:36:00,1.8
2025-06-12 14:52:00,50.1110094970102
2025-06-12 20:46:00,61.0
2025-06-12 09:03:00,68.8
2025-06-12 12:01:00,54.3
2025-06-12 01:43:00,38.1
2025-06-12 06:30:00,58.9
2025-06-12 00:29:00,50.1110094970102
2025-06-12 09:28:00,83.0
2025-06-12 07:42:00,50.1110094970102
2025-06-12 23:11:00,41.1
2025-06-12 23:39:00,77.4
2025-06-12 12:58:00,76.5
2025-06-12 01:28:00,63.3
2025-06-12 23:29:00,50.1110094970102
2025-06-12 23:15:00,74.0
2025-06-12 11:53:00,31.4
2025-06-12 02:01:00,10.2
2025-06-12 04:13:00,69.4
2025-06-12 01:27:00,73.9
2025-06-12 03:29:00,50.4
2025-06-12 21:04:00,25.0
2025-06-12 22:20:00,14.8
2025-06-12 08:41:00,66.5
2025-06-12 05:51:00,94.7
2025-06-12 05:28:00,40.7
2025-06-12 12:03:00,47.4
2025-06-12 12:08:00,21.9
2025-06-12 18:18:00,93.8
2025-06-12 21:46:00,74.8
2025-06-12 13:54:00,22.4
2025-06-12 15:56:00,25.8
2025-06-12 06:43:00,50.1110094970102
2025-06-12 10:19:00,40.9
2025-06-12 21:26:00,38.4
2025-06-12 15:49:00,50.1110094970102
2025-06-12 03:42:00,70.7
2025-06-12 11:13:00,21.1
2025-06-12 16:45:00,39.4
2025-06-12 14:38:00,70.1
2025-06-12 15:34:00,62.8
2025-06-12 10:21:00,49.3
2025-06-12 07:24:00,48.1
2025-06-12 23:40:00,62.2
2025-06-12 08:18:00,67.8
2025-06-12 08:43:00,4.5
2025-06-12 03:05:00,45.3
2025-06-12 00:44:00,7.6
2025-06-12 03:37:00,42.2
2025-06-12 22:26:00,97.4
2025-06-12 10:18:00,66.8
2025-06-12 22:13:00,27.9
2025-06-12 23:28:00,28.0
2025-06-12 04:56:00,19.1
2025-06-12 16:21:00,14.5
2025-06-12 23:36:00,50.1110094970102
2025-06-12 16:06:00,40.5
2025-06-12 08:19:00,24.5
2025-06-12 02:21:00,0.4
2025-06-12 10:10:00,94.4
2025-06-12 23:53:00,29.2
2025-06-12 18:20:00,61.5
2025-06-12 12:48:00,79.4
2025-06-12 15:12:00,50.1110094970102
2025-06-12 21:42:00,15.8
2025-06-12 03:32:00,97.4
2025-06-12 00:23:00,72.6
2025-06-12 13:12:00,4.7
2025-06-12 06:12:00,11.5
2025-06-12 03:31:00,86.8
2025-06-12 11:15:00,94.7
2025-06-12 09:23:00,81.0
2025-06-12 10:38:00,69.1
2025-06-12 11:46:00,50.1110094970102
2025-06-12 10:13:00,73.9
2025-06-12 05:50:00,17.4
2025-06-12 14:57:00,50.1110094970102
2025-06-12 14:36:00,16.7
2025-06-12 17:58:00,46.3
2025-06-12 09:11:00,50.1110094970102
2025-06-12 12:20:00,17.7
2025-06-12 09:22:00,26.2
2025-06-12 14:50:00,42.8
2025-06-12 04:54:00,38.5
2025-06-12 14:58:00,37.0
2025-06-12 16:47:00,69.4
2025-06-12 17:02:00,50.1110094970102
2025-06-12 20:00:00,47.9
2025-06-12 13:38:00,50.1110094970102
2025-06-12 14:28:00,71.0
2025-06-12 02:47:00,40.6
2025-06-12 16:34:00,6.7
2025-06-12 19:07:00,50.1110094970102
2025-06-12 23:03:00,12.0
2025-06-12 08:08:00,18.6
2025-06-12 11:59:00,86.4
2025-06-12 16:20:00,81.3
2025-06-12 17:34:00,50.1110094970102
2025-06-12 10:08:00,48.0
2025-06-12 00:21:00,97.4
2025-06-12 06:25:00,13.2
2025-06-12 19:24:00,71.0
2025-06-12 13:44:00,28.2
2025-06-12 04:48:00,64.7
2025-06-12 22:47:00,49.0
2025-06-12 16:32:00,50.1110094970102
2025-06-12 02:18:00,32.5
2025-06-12 16:22:00,40.8
2025-06-12 18:47:00,19.2
2025-06-12 12:25:00,50.1110094970102
2025-06-12 03:56:00,2.5
2025-06-12 06:39:00,50.1110094970102
2025-06-12 21:12:00,89.1
2025-06-12 14:59:00,46.9
2025-06-12 04:12:00,50.1110094970102
2025-06-12 09:37:00,51.2
2025-06-12 20:49:00,40.7
2025-06-12 05:10:00,47.5
2025-06-12 21:51:00,50.1110094970102
2025-06-12 22:58:00,20.8
2025-06-12 23:00:00,50.0
2025-06-12 01:41:00,51.8
2025-06-12 17:26:00,99.8
2025-06-12 15:17:00,1.1
2025-06-12 09:39:00,41.8
2025-06-12 10:50:00,36.2
2025-06-12 16:44:00,87.4
2025-06-12 18:01:00,82.9
2025-06-12 05:33:00,34.5
2025-06-12 02:53:00,99.5
2025-06-12 17:40:00,7.6
2025-06-12 16:58:00,61.5
2025-06-12 06:40:00,50.1110094970102
2025-06-12 05:59:00,12.2
2025-06-12 00:53:00,88.9
2025-06-12 02:33:00,64.0
2025-06-12 01:19:00,0.9
2025-06-12 20:21:00,97.0
2025-06-12 15:40:00,55.7
2025-06-12 11:50:00,50.1110094970102
2025-06-12 02:59:00,86.5
2025-06-12 11:58:00,65.1
2025-06-12 12:41:00,50.1110094970102
2025-06-12 20:51:00,19.6
2025-06-12 01:49:00,36.8
2025-06-12 16:10:00,7.8
2025-06-12 20:55:00,37.4
2025-06-12 01:52:00,4.5
2025-06-12 18:31:00,50.1110094970102
2025-06-12 15:45:00,50.1110094970102
2025-06-12 01:37:00,50.1110094970102
2025-06-12 19:41:00,10.2
2025-06-12 06:07:00,47.1
2025-06-12 01:02:00,69.4
2025-06-12 01:46:00,16.4
2025-06-12 00:27:00,18.4
2025-06-12 04:11:00,9.7
2025-06-12 05:18:00,31.3
2025-06-12 05:26:00,94.9
2025-06-12 22:34:00,50.1110094970102
2025-06-12 07:19:00,50.1110094970102
2025-06-12 17:23:00,20.6
2025-06-12 17:10:00,11.9
2025-06-12 17:10:00,37.4
2025-06-12 08:43:00,6.5
2025-06-12 16:45:00,4.8
2025-06-12 04:00:00,9.4
2025-06-12 16:44:00,12.5
2025-06-12 00:56:00,32.0
2025-06-12 12:35:00,64.1
2025-06-12 20:15:00,87.9
2025-06-12 16:48:00,38.2
2025-06-12 20:16:00,27.5
2025-06-12 21:46:00,50.26990393626991
2025-06-12 16:14:00,28.0
2025-06-12 14:38:00,50.26990393626991
2025-06-12 23:20:00,83.9
2025-06-12 10:55:00,50.26990393626991
2025-06-12 16:42:00,59.8
2025-06-12 17:20:00,40.5
2025-06-12 10:11:00,6.6
2025-06-12 21:07:00,0.1
2025-06-12 08:32:00,29.0
2025-06-12 22:31:00,76.5
2025-06-12 14:44:00,51.3
2025-06-12 05:01:00,50.26990393626991
2025-06-12 03:38:00,50.26990393626991
2025-06-12 17:44:00,50.26990393626991
2025-06-12 05:23:00,65.1
2025-06-12 01:04:00,72.9
2025-06-12 11:54:00,29.2
2025-06-12 05:59:00,71.5
2025-06-12 22:59:00,10.8
2025-06-12 02:00:00,60.8
2025-06-12 14:06:00,11.1
2025-06-12 00:54:00,50.26990393626991
2025-06-12 20:54:00,16.6
2025-06-12 09:32:00,35.5
2025-06-12 13:03:00,30.5
2025-06-12 22:34:00,22.3
2025-06-12 00:38:00,24.8
2025-06-12 06:27:00,9.5
2025-06-12 02:54:00,50.26990393626991
2025-06-12 03:22:00,24.2
2025-06-12 01:47:00,69.0
2025-06-12 06:12:00,25.1
2025-06-12 05:45:00,50.26990393626991
2025-06-12 14:42:00,95.5
2025-06-12 22:11:00,46.3
2025-06-12 16:38:00,10.6
2025-06-12 20:24:00,66.0
2025-06-12 13:35:00,1.7
2025-06-12 11:41:00,30.1
2025-06-12 09:51:00,19.9
2025-06-12 17:05:00,6.4
2025-06-12 01:55:00,32.4
2025-06-12 00:55:00,49.6
2025-06-12 08:35:00,1.4
2025-06-12 12:12:00,68.0
2025-06-12 00:36:00,79.9
2025-06-12 20:43:00,23.5
2025-06-12 10:30:00,29.9
2025-06-12 06:54:00,21.0
2025-06-12 02:33:00,80.0
2025-06-12 20:31:00,21.0
2025-06-12 09:55:00,83.0
2025-06-12 12:10:00,73.8
2025-06-12 04:49:00,50.26990393626991
2025-06-12 20:02:00,25.7
2025-06-12 22:04:00,50.26990393626991
2025-06-12 12:38:00,18.0
2025-06-12 12:53:00,98.0
2025-06-12 07:12:00,96.1
2025-06-12 17:47:00,7.9
2025-06-12 23:04:00,49.0
2025-06-12 07:00:00,57.5
2025-06-12 01:36:00,68.2
2025-06-12 09:43:00,50.26990393626991
2025-06-12 08:45:00,50.26990393626991
2025-06-12 11:11:00,72.2
2025-06-12 06:44:00,22.4
2025-06-12 12:28:00,92.9
2025-06-12 00:08:00,20.0
2025-06-12 20:11:00,16.6
2025-06-12 17:45:00,88.5
2025-06-12 11:21:00,52.1
2025-06-12 09:18:00,8.0
2025-06-12 16:55:00,63.9
2025-06-12 04:41:00,2.8
2025-06-12 03:07:00,50.26990393626991
2025-06-12 18:10:00,7.4
2025-06-12 09:04:00,21.1
2025-06-12 19:56:00,70.5
2025-06-12 06:46:00,85.2
2025-06-12 10:34:00,50.26990393626991
2025-06-12 03:26:00,63.0
2025-06-12 15:24:00,62.0
2025-06-12 21:16:00,96.9
2025-06-12 17:41:00,96.7
2025-06-12 21:45:00,73.8
2025-06-12 22:25:00,33.4
2025-06-12 14:29:00,82.9
2025-06-12 21:11:00,8.5
2025-06-12 10:48:00,57.1
2025-06-12 12:15:00,95.4
2025-06-12 21:27:00,50.26990393626991
2025-06-12 15:02:00,5.8
2025-06-12 04:19:00,18.8
2025-06-12 08:41:00,98.6
2025-06-12 11:53:00,27.6
2025-06-12 11:50:00,94.7
2025-06-12 08:09:00,82.6
2025-06-12 00:53:00,21.7
2025-06-12 18:22:00,78.2
2025-06-12 21:13:00,50.26990393626991
2025-06-12 00:30:00,50.26990393626991
2025-06-12 06:53:00,65.3
2025-06-12 00:32:00,65.5
2025-06-12 13:09:00,69.8
2025-06-12 10:03:00,62.0
2025-06-12 05:32:00,41.5
2025-06-12 15:28:00,50.6
2025-06-12 14:37:00,13.2
2025-06-12 06:22:00,61.8
2025-06-12 08:10:00,49.3
2025-06-12 14:49:00,49.0
2025-06-12 05:28:00,50.26990393626991
2025-06-12 14:21:00,23.4
2025-06-12 11:17:00,65.2
2025-06-12 04:15:00,8.4
2025-06-12 10:57:00,6.0
2025-06-12 12:22:00,18.7
2025-06-12 19:36:00,87.1
2025-06-12 08:53:00,38.7
2025-06-12 10:25:00,35.6
2025-06-12 05:08:00,89.0
2025-06-12 16:58:00,16.8
2025-06-12 00:39:00,8.9
2025-06-12 02:35:00,94.7
2025-06-12 11:25:00,36.9
2025-06-12 09:03:00,50.26990393626991
2025-06-12 14:25:00,60.2
2025-06-12 11:56:00,38.8
2025-06-12 14:10:00,14.8
2025-06-12 16:09:00,21.2
2025-06-12 11:38:00,22.7
2025-06-12 01:18:00,35.9
2025-06-12 01:10:00,16.0
2025-06-12 01:44:00,52.5
2025-06-12 23:58:00,76.5
2025-06-12 02:03:00,44.2
2025-06-12 22:52:00,86.3
2025-06-12 02:21:00,32.3
2025-06-12 08:13:00,93.0
2025-06-12 12:49:00,50.26990393626991
2025-06-12 11:12:00,53.5
2025-06-12 22:56:00,11.7
2025-06-12 16:49:00,54.2
2025-06-12 17:33:00,50.26990393626991
2025-06-12 00:04:00,18.9
2025-06-12 10:15:00,20.2
2025-06-12 03:44:00,52.0
2025-06-12 01:52:00,5.1
2025-06-12 18:11:00,46.8
2025-06-12 13:17:00,14.4
2025-06-12 20:40:00,15.8
2025-06-12 14:41:00,66.5
2025-06-12 06:10:00,80.1
2025-06-12 02:44:00,20.3
2025-06-12 05:16:00,50.26990393626991
2025-06-12 20:35:00,90.6
2025-06-12 13:00:00,49.2
2025-06-12 10:58:00,10.8
2025-06-12 10:52:00,88.6
2025-06-12 13:14:00,98.4
2025-06-12 14:00:00,18.1
2025-06-12 18:32:00,24.4
2025-06-12 20:49:00,3.7
2025-06-12 18:49:00,62.9
2025-06-12 01:45:00,67.8
2025-06-12 01:30:00,17.4
2025-06-12 03:50:00,30.0
2025-06-12 16:05:00,28.2
2025-06-12 08:31:00,60.1
2025-06-12 10:16:00,50.26990393626991
2025-06-12 19:53:00,81.2
2025-06-12 16:00:00,38.6
2025-06-12 16:27:00,71.3
2025-06-12 05:30:00,50.26990393626991
2025-06-12 05:38:00,99.0
2025-06-12 02:05:00,56.6
2025-06-12 08:07:00,26.2
2025-06-12 10:18:00,99.2
2025-06-12 04:09:00,67.8
2025-06-12 05:54:00,50.26990393626991
2025-06-12 13:11:00,18.2
2025-06-12 17:30:00,18.6
2025-06-12 02:42:00,59.7
2025-06-12 02:49:00,68.4
2025-06-12 00:03:00,50.26990393626991
2025-06-12 13:54:00,89.3
2025-06-12 10:36:00,78.2
2025-06-12 07:08:00,50.26990393626991
2025-06-12 20:58:00,52.0
2025-06-12 06:42:00,20.8
2025-06-12 15:54:00,33.9
2025-06-12 15:19:00,4.0
2025-06-12 15:22:00,84.1
2025-06-12 08:16:00,4.0
2025-06-12 01:38:00,10.6
2025-06-12 08:12:00,81.7
2025-06-12 02:09:00,85.4
2025-06-12 04:35:00,57.2
2025-06-12 05:00:00,50.26990393626991
2025-06-12 22:12:00,99.1
2025-06-12 22:16:00,50.7
2025-06-12 20:23:00,40.2
2025-06-12 01:07:00,89.0
2025-06-12 05:09:00,42.9
2025-06-12 11:01:00,81.9
2025-06-12 09:42:00,42.0
2025-06-12 01:42:00,90.0
2025-06-12 01:26:00,61.9
2025-06-12 11:52:00,82.0
2025-06-12 15:23:00,79.2
2025-06-12 03:37:00,26.6
2025-06-12 01:24:00,15.9
2025-06-12 13:41:00,76.2
2025-06-12 08:56:00,54.0
2025-06-12 12:55:00,25.8
2025-06-12 08:57:00,50.26990393626991
2025-06-12 05:12:00,92.2
2025-06-12 05:53:00,60.1
2025-06-12 05:03:00,78.5
2025-06-12 16:20:00,52.5
2025-06-12 05:42:00,24.5
2025-06-12 01:27:00,37.7
2025-06-12 00:44:00,30.6
2025-06-12 00:59:00,39.8
2025-06-12 06:41:00,14.9
2025-06-12 18:02:00,69.1
2025-06-12 15:27:00,26.1
2025-06-12 06:15:00,50.26990393626991
2025-06-12 18:15:00,26.4
2025-06-12 05:31:00,50.26990393626991
2025-06-12 08:24:00,50.26990393626991
2025-06-12 19:20:00,50.26990393626991
2025-06-12 07:31:00,27.2
2025-06-12 15:31:00,0.3
2025-06-12 02:15:00,55.2
2025-06-12 13:48:00,49.2
2025-06-12 17:52:00,50.26990393626991
2025-06-12 03:09:00,24.0
2025-06-12 14:18:00,77.4
2025-06-12 06:20:00,11.8
2025-06-12 14:51:00,7.8
2025-06-12 19:24:00,7.7
2025-06-12 19:55:00,32.8
2025-06-12 05:44:00,92.5
2025-06-12 20:50:00,82.6
2025-06-12 12:54:00,32.7
2025-06-12 22:46:00,95.7
2025-06-12 00:49:00,66.8
2025-06-12 01:00:00,86.1
2025-06-12 08:34:00,49.3
2025-06-12 06:08:00,28.4
2025-06-12 05:46:00,79.4
2025-06-12 12:31:00,50.26990393626991
2025-06-12 22:03:00,11.7
2025-06-12 00:42:00,87.9
2025-06-12 03:01:00,50.26990393626991
2025-06-12 17:14:00,62.3
2025-06-12 19:15:00,50.26990393626991
2025-06-12 14:15:00,63.7
2025-06-12 10:39:00,55.0
2025-06-12 11:42:00,67.6
2025-06-12 23:18:00,66.7
2025-06-12 17:32:00,19.6
2025-06-12 12:59:00,10.3
2025-06-12 17:06:00,27.6
2025-06-12 07:25:00,50.26990393626991
2025-06-12 19:14:00,78.4
2025-06-12 02:18:00,67.7
2025-06-12 21:17:00,86.3
2025-06-12 18:36:00,8.5
2025-06-12 12:05:00,36.6
2025-06-12 00:45:00,65.0
2025-06-12 20:51:00,77.0
2025-06-12 04:40:00,50.26990393626991
2025-06-12 20:47:00,31.0
2025-06-12 22:37:00,19.2
2025-06-12 20:07:00,50.9
2025-06-12 06:35:00,49.3
2025-06-12 10:29:00,90.6
2025-06-12 05:40:00,10.3
2025-06-12 12:20:00,50.26990393626991
2025-06-12 00:26:00,2.5
2025-06-12 14:59:00,18.1
2025-06-12 18:52:00,85.8
2025-06-12 22:39:00,50.26990393626991
2025-06-12 15:33:00,95.3
2025-06-12 03:17:00,61.2
2025-06-12 22:40:00,50.26990393626991
2025-06-12 06:09:00,88.8
2025-06-12 13:32:00,50.26990393626991
2025-06-12 02:32:00,4.7
2025-06-12 00:43:00,77.7
2025-06-12 00:16:00,95.3
2025-06-12 07:44:00,76.1
2025-06-12 21:48:00,49.485271956675305
2025-06-12 05:32:00,49.485271956675305
2025-06-12 13:34:00,83.5
2025-06-12 21:24:00,67.7
2025-06-12 23:50:00,30.6
2025-06-12 09:14:00,93.6
2025-06-12 08:02:00,36.6
2025-06-12 18:22:00,49.485271956675305
2025-06-12 22:45:00,5.1
2025-06-12 05:18:00,36.9
2025-06-12 20:29:00,9.4
2025-06-12 18:56:00,30.1
2025-06-12 12:56:00,51.8
2025-06-12 12:52:00,30.6
2025-06-12 16:59:00,18.2
2025-06-12 02:14:00,62.2
2025-06-12 15:40:00,88.1
2025-06-12 20:30:00,23.1
2025-06-12 17:36:00,90.3
2025-06-12 05:56:00,69.1
2025-06-12 11:13:00,10.5
2025-06-12 01:58:00,55.8
2025-06-12 19:29:00,18.6
2025-06-12 22:47:00,25.4
2025-06-12 07:46:00,73.1
2025-06-12 14:07:00,1.5
2025-06-12 12:11:00,49.485271956675305
2025-06-12 18:08:00,21.7
2025-06-12 21:39:00,27.6
2025-06-12 00:06:00,80.5
2025-06-12 00:26:00,49.485271956675305
2025-06-12 19:17:00,34.3
2025-06-12 04:09:00,66.2
2025-06-12 08:10:00,90.5
2025-06-12 08:19:00,56.1
2025-06-12 08:08:00,49.485271956675305
2025-06-12 17:48:00,73.0
2025-06-12 03:26:00,49.485271956675305
2025-06-12 09:40:00,28.7
2025-06-12 11:57:00,20.7
2025-06-12 10:51:00,45.9
2025-06-12 09:05:00,16.7
2025-06-12 16:37:00,80.1
2025-06-12 04:46:00,49.485271956675305
2025-06-12 03:48:00,43.8
2025-06-12 07:34:00,93.0
2025-06-12 01:53:00,49.485271956675305
2025-06-12 15:26:00,13.3
2025-06-12 01:12:00,47.5
2025-06-12 15:36:00,49.485271956675305
2025-06-12 08:34:00,99.4
2025-06-12 17:14:00,26.4
2025-06-12 01:32:00,15.9
2025-06-12 00:08:00,72.4
2025-06-12 14:56:00,31.7
2025-06-12 03:24:00,90.9
2025-06-12 03:33:00,49.485271956675305
2025-06-12 21:28:00,63.3
2025-06-12 15:15:00,3.2
2025-06-12 16:23:00,17.5
2025-06-12 08:09:00,49.485271956675305
2025-06-12 20:58:00,73.3
2025-06-12 08:00:00,49.485271956675305
2025-06-12 22:15:00,79.3
2025-06-12 09:12:00,41.5
2025-06-12 18:44:00,49.485271956675305
2025-06-12 05:27:00,32.3
2025-06-12 13:01:00,49.9
2025-06-12 13:19:00,49.485271956675305
2025-06-12 01:04:00,68.7
2025-06-12 08:53:00,81.1
2025-06-12 19:06:00,50.7
2025-06-12 01:23:00,10.6
2025-06-12 12:10:00,70.7
2025-06-12 16:54:00,8.6
2025-06-12 16:21:00,20.3
2025-06-12 16:16:00,88.4
2025-06-12 21:12:00,87.1
2025-06-12 06:56:00,93.2
2025-06-12 21:26:00,97.8
2025-06-12 00:45:00,69.6
2025-06-12 11:52:00,69.2
2025-06-12 17:03:00,46.6
2025-06-12 06:21:00,39.4
2025-06-12 18:21:00,25.0
2025-06-12 05:36:00,49.485271956675305
2025-06-12 09:39:00,5.9
2025-06-12 16:08:00,63.5
2025-06-12 00:32:00,65.7
2025-06-12 17:58:00,49.485271956675305
2025-06-12 21:03:00,89.5
2025-06-12 04:15:00,12.2
2025-06-12 09:50:00,45.6
2025-06-12 10:13:00,9.4
2025-06-12 19:10:00,76.5
2025-06-12 16:33:00,28.5
2025-06-12 23:13:00,28.1
2025-06-12 20:24:00,49.485271956675305
2025-06-12 01:56:00,39.1
2025-06-12 20:45:00,49.485271956675305
2025-06-12 02:02:00,17.0
2025-06-12 12:04:00,11.8
2025-06-12 02:49:00,54.2
2025-06-12 02:53:00,49.485271956675305
2025-06-12 00:23:00,64.5
2025-06-12 07:30:00,49.485271956675305
2025-06-12 10:17:00,82.5
2025-06-12 10:12:00,77.5
2025-06-12 08:55:00,5.5
2025-06-12 02:57:00,84.2
2025-06-12 15:55:00,49.485271956675305
2025-06-12 13:08:00,48.8
2025-06-12 07:28:00,18.3
2025-06-12 13:54:00,59.5
2025-06-12 11:18:00,49.485271956675305
2025-06-12 12:54:00,49.485271956675305
2025-06-12 07:08:00,60.0
2025-06-12 10:53:00,15.7
2025-06-12 16:47:00,17.8
2025-06-12 14:42:00,49.485271956675305
2025-06-12 20:46:00,5.8
2025-06-12 01:29:00,54.4
2025-06-12 03:11:00,85.1
2025-06-12 17:49:00,7.0
2025-06-12 18:58:00,50.2
2025-06-12 18:23:00,40.1
2025-06-12 05:48:00,19.9
2025-06-12 05:47:00,49.485271956675305
2025-06-12 04:19:00,25.8
2025-06-12 22:01:00,71.4
2025-06-12 12:19:00,98.3
2025-06-12 14:57:00,37.4
2025-06-12 01:38:00,9.0
2025-06-12 16:41:00,78.5
2025-06-12 19:41:00,75.3
2025-06-12 06:17:00,59.8
2025-06-12 01:41:00,49.485271956675305
2025-06-12 00:12:00,74.1
2025-06-12 06:35:00,18.5
2025-06-12 09:52:00,48.6
2025-06-12 10:39:00,52.2
2025-06-12 23:33:00,52.6
2025-06-12 00:22:00,20.7
2025-06-12 03:52:00,36.8
2025-06-12 10:37:00,6.6
2025-06-12 06:59:00,49.485271956675305
2025-06-12 23:01:00,69.4
2025-06-12 00:50:00,9.4
2025-06-12 09:51:00,11.9
2025-06-12 16:40:00,88.4
2025-06-12 06:48:00,72.8
2025-06-12 16:45:00,88.2
2025-06-12 13:29:00,37.6
2025-06-12 09:00:00,74.5
2025-06-12 13:30:00,72.0
2025-06-12 17:53:00,42.2
2025-06-12 10:05:00,67.8
2025-06-12 19:16:00,2.9
2025-06-12 07:39:00,24.3
2025-06-12 08:59:00,49.485271956675305
2025-06-12 08:45:00,78.0
2025-06-12 06:11:00,96.7
2025-06-12 01:15:00,89.5
2025-06-12 01:50:00,3.3
2025-06-12 17:00:00,27.6
2025-06-12 18:33:00,49.485271956675305
2025-06-12 20:41:00,99.1
2025-06-12 09:17:00,78.4
2025-06-12 13:35:00,49.485271956675305
2025-06-12 23:16:00,39.5
2025-06-12 06:33:00,49.485271956675305
2025-06-12 22:05:00,93.8
2025-06-12 09:30:00,76.7
2025-06-12 05:39:00,42.1
2025-06-12 09:26:00,37.4
2025-06-12 06:00:00,81.7
2025-06-12 04:14:00,49.485271956675305
2025-06-12 17:13:00,74.7
2025-06-12 12:40:00,22.1
2025-06-12 14:22:00,99.0
2025-06-12 13:10:00,78.2
2025-06-12 18:16:00,55.3
2025-06-12 08:17:00,49.485271956675305
2025-06-12 19:53:00,49.485271956675305
2025-06-12 09:09:00,56.8
2025-06-12 15:13:00,77.9
2025-06-12 06:40:00,43.2
2025-06-12 20:14:00,98.5
2025-06-12 06:55:00,32.5
2025-06-12 06:47:00,70.6
2025-06-12 16:44:00,75.9
2025-06-12 11:48:00,49.4
2025-06-12 03:53:00,49.485271956675305
2025-06-12 12:24:00,21.3
2025-06-12 21:14:00,96.2
2025-06-12 05:37:00,17.7
2025-06-12 17:54:00,67.3
2025-06-12 03:28:00,42.6
2025-06-12 04:55:00,46.9
2025-06-12 09:53:00,75.6
2025-06-12 21:19:00,26.8
2025-06-12 13:56:00,67.8
2025-06-12 17:10:00,52.0
2025-06-12 19:13:00,49.485271956675305
2025-06-12 13:55:00,92.4
2025-06-12 01:47:00,0.7
2025-06-12 20:00:00,23.6
2025-06-12 23:02:00,42.7
2025-06-12 15:41:00,70.8
2025-06-12 15:37:00,54.4
2025-06-12 20:54:00,97.3
2025-06-12 12:30:00,10.7
2025-06-12 19:39:00,31.0
2025-06-12 13:51:00,91.3
2025-06-12 04:58:00,17.9
2025-06-12 21:25:00,46.8
2025-06-12 13:31:00,42.6
2025-06-12 06:12:00,39.7
2025-06-12 20:06:00,78.1
2025-06-12 13:27:00,7.5
2025-06-12 12:29:00,95.8
2025-06-12 00:13:00,98.1
2025-06-12 10:34:00,49.485271956675305
2025-06-12 01:44:00,60.7
2025-06-12 18:11:00,42.0
2025-06-12 04:17:00,79.6
2025-06-12 15:25:00,58.2
2025-06-12 13:46:00,90.4
2025-06-12 15:18:00,48.2
2025-06-12 07:38:00,45.7
2025-06-12 16:32:00,76.6
2025-06-12 07:21:00,60.3
2025-06-12 11:01:00,18.5
2025-06-12 03:51:00,79.6
2025-06-12 08:49:00,49.485271956675305
2025-06-12 20:26:00,26.2
2025-06-12 07:59:00,44.9
2025-06-12 22:38:00,18.5
2025-06-12 00:39:00,94.9
2025-06-12 15:45:00,54.4
2025-06-12 08:25:00,93.2
2025-06-12 14:11:00,49.485271956675305
2025-06-12 16:24:00,72.1
2025-06-12 07:09:00,25.3
2025-06-12 17:56:00,34.2
2025-06-12 21:06:00,64.4
2025-06-12 17:21:00,9.2
2025-06-12 19:00:00,36.5
2025-06-12 06:05:00,20.6
2025-06-12 15:43:00,38.4
2025-06-12 11:00:00,49.485271956675305
2025-06-12 19:21:00,93.3
2025-06-12 10:29:00,65.7
2025-06-12 18:48:00,41.5
2025-06-12 07:52:00,43.7
2025-06-12 15:33:00,79.2
2025-06-12 02:47:00,49.485271956675305
2025-06-12 09:27:00,41.9
2025-06-12 17:22:00,50.0997191011236
2025-06-12 21:32:00,50.0997191011236
2025-06-12 12:09:00,63.8
2025-06-12 12:04:00,25.5
2025-06-12 11:07:00,24.7
2025-06-12 19:42:00,27.5
2025-06-12 00:08:00,89.7
2025-06-12 17:10:00,90.7
2025-06-12 09:47:00,60.0
2025-06-12 00:09:00,80.8
2025-06-12 06:55:00,50.4
2025-06-12 07:55:00,34.7
2025-06-12 21:31:00,7.5
2025-06-12 02:25:00,94.5
2025-06-12 02:07:00,5.2
2025-06-12 17:39:00,44.9
2025-06-12 11:27:00,50.0997191011236
2025-06-12 23:38:00,89.1
2025-06-12 09:05:00,55.8
2025-06-12 03:56:00,50.0997191011236
2025-06-12 10:32:00,22.2
2025-06-12 06:58:00,3.9
2025-06-12 12:46:00,18.8
2025-06-12 11:47:00,50.0997191011236
2025-06-12 10:28:00,7.2
2025-06-12 13:36:00,32.9
2025-06-12 13:05:00,10.2
2025-06-12 02:49:00,42.4
2025-06-12 06:15:00,50.0997191011236
2025-06-12 16:26:00,26.2
2025-06-12 07:29:00,55.7
2025-06-12 10:48:00,74.3
2025-06-12 20:39:00,30.8
2025-06-12 06:04:00,57.7
2025-06-12 02:02:00,55.9
2025-06-12 12:57:00,80.8
2025-06-12 16:31:00,50.0997191011236
2025-06-12 14:00:00,50.0997191011236
2025-06-12 19:36:00,80.3
2025-06-12 22:14:00,19.6
2025-06-12 01:13:00,3.4
2025-06-12 09:16:00,88.1
2025-06-12 17:18:00,40.5
2025-06-12 03:11:00,50.0997191011236
2025-06-12 10:34:00,46.3
2025-06-12 17:21:00,50.0997191011236
2025-06-12 16:01:00,35.4
2025-06-12 14:35:00,96.9
2025-06-12 15:57:00,81.9
2025-06-12 00:03:00,79.4
2025-06-12 16:41:00,55.6
2025-06-12 21:06:00,13.6
2025-06-12 10:26:00,34.9
2025-06-12 19:58:00,50.0997191011236
2025-06-12 23:11:00,87.2
2025-06-12 18:19:00,47.8
2025-06-12 09:52:00,50.0997191011236
2025-06-12 20:01:00,12.5
2025-06-12 02:43:00,50.0997191011236
2025-06-12 22:26:00,67.2
2025-06-12 21:17:00,83.6
2025-06-12 13:14:00,50.0997191011236
2025-06-12 18:04:00,13.1
2025-06-12 15:36:00,96.4
2025-06-12 08:29:00,29.6
2025-06-12 15:02:00,9.8
2025-06-12 12:19:00,70.7
2025-06-12 17:55:00,44.9
2025-06-12 11:59:00,93.2
2025-06-12 15:29:00,47.0
2025-06-12 22:09:00,50.0997191011236
2025-06-12 01:18:00,50.9
2025-06-12 20:41:00,78.6
2025-06-12 19:10:00,96.7
2025-06-12 04:59:00,87.2
2025-06-12 01:11:00,5.6
2025-06-12 14:31:00,37.6
2025-06-12 09:19:00,49.0
2025-06-12 13:07:00,88.0
2025-06-12 12:22:00,8.8
2025-06-12 17:50:00,80.0
2025-06-12 04:51:00,50.0997191011236
2025-06-12 14:07:00,50.0997191011236
2025-06-12 10:05:00,42.5
2025-06-12 13:11:00,28.1
2025-06-12 21:23:00,93.0
2025-06-12 19:48:00,22.5
2025-06-12 15:30:00,49.3
2025-06-12 04:29:00,50.0997191011236
2025-06-12 20:23:00,50.0997191011236
2025-06-12 21:57:00,50.0997191011236
2025-06-12 18:41:00,5.0
2025-06-12 08:44:00,63.7
2025-06-12 14:23:00,89.7
2025-06-12 11:04:00,97.6
2025-06-12 08:15:00,1.7
2025-06-12 23:03:00,36.2
2025-06-12 19:52:00,50.0997191011236
2025-06-12 10:45:00,77.2
2025-06-12 15:59:00,42.7
2025-06-12 20:14:00,99.3
2025-06-12 11:17:00,50.0997191011236
2025-06-12 05:22:00,43.3
2025-06-12 00:02:00,42.4
2025-06-12 05:11:00,93.5
2025-06-12 16:59:00,22.2
2025-06-12 18:57:00,15.6
2025-06-12 11:28:00,56.9
2025-06-12 08:20:00,73.7
2025-06-12 08:52:00,27.4
2025-06-12 17:58:00,50.0997191011236
2025-06-12 20:06:00,15.4
2025-06-12 19:54:00,9.8
2025-06-12 02:16:00,50.0997191011236
2025-06-12 08:24:00,8.9
2025-06-12 23:30:00,81.8
2025-06-12 22:42:00,78.3
2025-06-12 15:20:00,50.0997191011236
2025-06-12 12:10:00,59.7
2025-06-12 01:03:00,9.1
2025-06-12 16:46:00,2.3
2025-06-12 11:42:00,50.0997191011236
2025-06-12 21:38:00,27.7
2025-06-12 15:06:00,0.6
2025-06-12 22:46:00,27.3
2025-06-12 20:52:00,58.2
2025-06-12 05:29:00,74.1
2025-06-12 04:28:00,50.0997191011236
2025-06-12 17:45:00,38.1
2025-06-12 02:01:00,22.4
2025-06-12 15:12:00,13.8
2025-06-12 11:22:00,3.9
2025-06-12 14:21:00,5.2
2025-06-12 04:32:00,75.3
2025-06-12 21:54:00,50.0997191011236
2025-06-12 04:13:00,27.7
2025-06-12 03:43:00,61.4
2025-06-12 20:37:00,81.4
2025-06-12 19:25:00,16.0
2025-06-12 15:55:00,85.7
2025-06-12 01:37:00,50.1
2025-06-12 16:52:00,58.1
2025-06-12 13:06:00,50.0997191011236
2025-06-12 03:26:00,99.9
2025-06-12 19:14:00,42.4
2025-06-12 22:25:00,50.0997191011236
2025-06-12 05:02:00,18.7
2025-06-12 09:02:00,17.6
2025-06-12 09:46:00,50.0997191011236
2025-06-12 05:49:00,14.7
2025-06-12 10:50:00,6.4
2025-06-12 19:31:00,21.7
2025-06-12 12:26:00,33.6
2025-06-12 13:37:00,36.1
2025-06-12 23:47:00,56.3
2025-06-12 15:44:00,49.3
2025-06-12 17:59:00,41.2
2025-06-12 16:32:00,26.2
2025-06-12 21:46:00,50.0997191011236
2025-06-12 14:15:00,7.0
2025-06-12 09:41:00,20.2
2025-06-12 15:53:00,6.4
2025-06-12 18:46:00,81.9
2025-06-12 20:10:00,50.0997191011236
2025-06-12 13:01:00,50.0997191011236
2025-06-12 18:13:00,74.9
2025-06-12 18:53:00,59.6
2025-06-12 11:13:00,26.2
2025-06-12 11:03:00,38.1
2025-06-12 12:17:00,88.5
2025-06-12 13:15:00,54.3
2025-06-12 00:24:00,26.6
2025-06-12 23:20:00,32.1
2025-06-12 13:31:00,94.6
2025-06-12 07:17:00,65.8
2025-06-12 07:08:00,0.3
2025-06-12 06:56:00,53.9
2025-06-12 04:48:00,50.0997191011236
2025-06-12 13:32:00,44.0
2025-06-12 22:03:00,97.9
2025-06-12 12:01:00,51.9
2025-06-12 20:36:00,80.6
2025-06-12 11:21:00,94.5
2025-06-12 17:00:00,50.0997191011236
2025-06-12 09:45:00,89.4
2025-06-12 01:19:00,50.0997191011236
2025-06-12 15:31:00,50.0997191011236
2025-06-12 12:24:00,52.1
2025-06-12 17:49:00,50.0997191011236
2025-06-12 01:46:00,62.0
2025-06-12 22:37:00,82.6
2025-06-12 17:35:00,50.0997191011236
2025-06-12 19:06:00,47.2
2025-06-12 01:45:00,95.3
2025-06-12 20:40:00,50.0997191011236
2025-06-12 14:44:00,99.1
2025-06-12 02:36:00,29.8
2025-06-12 17:04:00,78.5
2025-06-12 19:35:00,62.1
2025-06-12 20:35:00,26.4
2025-06-12 23:16:00,63.2
2025-06-12 03:20:00,21.1
2025-06-12 03:39:00,3.9
2025-06-12 14:36:00,50.0997191011236
2025-06-12 00:58:00,69.5
2025-06-12 18:10:00,51.3
2025-06-12 12:07:00,72.7
2025-06-12 04:25:00,46.4
2025-06-12 04:46:00,53.1
2025-06-12 10:04:00,64.1
2025-06-12 00:32:00,77.8
2025-06-12 14:34:00,34.1
2025-06-12 18:55:00,87.1
2025-06-12 23:25:00,50.0997191011236
2025-06-12 13:33:00,79.5
2025-06-12 16:21:00,77.5
2025-06-12 02:59:00,29.0
2025-06-12 22:34:00,97.1
2025-06-12 18:59:00,40.2
2025-06-12 06:19:00,93.0
2025-06-12 15:27:00,93.6
2025-06-12 20:56:00,18.1
2025-06-12 11:24:00,5.0
2025-06-12 18:45:00,27.0
2025-06-12 05:15:00,50.0997191011236
2025-06-12 09:20:00,65.0
2025-06-12 18:03:00,79.6
2025-06-12 14:30:00,8.3
2025-06-12 22:04:00,11.6
2025-06-12 12:49:00,84.3
2025-06-12 09:42:00,97.2
2025-06-12 20:38:00,76.3
2025-06-12 18:24:00,20.7
2025-06-12 09:57:00,22.1
2025-06-12 01:07:00,38.3
2025-06-12 16:13:00,13.0
2025-06-12 03:03:00,50.0997191011236
2025-06-12 00:15:00,58.7
2025-06-12 02:26:00,69.2
2025-06-12 02:50:00,92.3
2025-06-12 04:55:00,45.6
2025-06-12 10:14:00,11.5
2025-06-12 15:52:00,47.0
2025-06-12 07:46:00,50.0997191011236
2025-06-12 14:46:00,15.0
2025-06-12 04:07:00,19.2
2025-06-12 17:34:00,50.0997191011236
2025-06-12 05:57:00,50.0997191011236
2025-06-12 04:19:00,56.3
2025-06-12 04:53:00,60.2
2025-06-12 12:55:00,93.0
2025-06-12 06:00:00,51.1
2025-06-12 11:58:00,50.0997191011236
2025-06-12 19:12:00,77.9
2025-06-12 14:45:00,48.8
2025-06-12 21:21:00,9.8
2025-06-12 06:28:00,8.1
2025-06-12 07:54:00,52.1
2025-06-12 13:08:00,59.4
2025-06-12 20:43:00,50.0997191011236
2025-06-12 20:54:00,50.0997191011236
2025-06-12 18:31:00,42.4
2025-06-12 07:22:00,63.7
2025-06-12 01:02:00,76.4
2025-06-12 13:56:00,45.4
2025-06-12 08:04:00,64.6
2025-06-12 12:13:00,50.0997191011236
2025-06-12 19:08:00,25.7
2025-06-12 06:23:00,50.7
2025-06-12 22:01:00,50.0997191011236
2025-06-12 08:19:00,95.2
2025-06-12 11:32:00,80.1
2025-06-12 08:25:00,37.0
2025-06-12 10:21:00,83.0
2025-06-12 03:53:00,29.4
2025-06-12 02:13:00,97.6
2025-06-12 08:17:00,50.0997191011236
2025-06-12 14:10:00,20.3
2025-06-12 06:40:00,95.1
2025-06-12 10:15:00,47.2
2025-06-12 03:08:00,79.7
2025-06-12 09:07:00,69.7
2025-06-12 22:44:00,94.9
2025-06-12 02:15:00,50.0997191011236
2025-06-12 02:10:00,50.0997191011236
2025-06-12 03:40:00,50.0997191011236
2025-06-12 03:49:00,72.9
2025-06-12 06:38:00,51.9
2025-06-12 22:33:00,45.5
2025-06-12 08:56:00,74.6
2025-06-12 06:03:00,45.7
2025-06-12 15:09:00,6.8
2025-06-12 19:47:00,15.9
2025-06-12 05:37:00,0.4
2025-06-12 02:14:00,90.5
2025-06-12 03:06:00,62.7
2025-06-12 16:09:00,86.8
2025-06-12 02:11:00,33.4
2025-06-12 10:13:00,65.6
2025-06-12 06:57:00,67.5
2025-06-12 23:54:00,12.9
2025-06-12 08:26:00,11.9
2025-06-12 11:22:00,96.0
2025-06-12 12:10:00,49.889081537019685
2025-06-12 03:13:00,57.5
2025-06-12 08:19:00,85.1
2025-06-12 17:19:00,52.4
2025-06-12 19:39:00,88.0
2025-06-12 20:29:00,11.7
2025-06-12 22:33:00,67.4
2025-06-12 13:28:00,49.889081537019685
2025-06-12 05:38:00,38.4
2025-06-12 12:27:00,31.6
2025-06-12 20:32:00,81.9
2025-06-12 07:13:00,63.1
2025-06-12 13:39:00,32.6
2025-06-12 23:05:00,76.3
2025-06-12 03:16:00,49.6
2025-06-12 01:45:00,4.8
2025-06-12 23:57:00,49.889081537019685
2025-06-12 04:51:00,99.6
2025-06-12 02:38:00,48.7
2025-06-12 20:17:00,67.3
2025-06-12 02:34:00,64.8
2025-06-12 23:53:00,60.1
2025-06-12 22:03:00,98.9
2025-06-12 17:08:00,75.2
2025-06-12 02:14:00,79.0
2025-06-12 05:42:00,37.5
2025-06-12 15:14:00,47.2
2025-06-12 06:07:00,49.889081537019685
2025-06-12 10:11:00,35.8
2025-06-12 07:21:00,1.6
2025-06-12 10:31:00,5.8
2025-06-12 00:12:00,20.4
2025-06-12 11:32:00,55.4
2025-06-12 16:32:00,27.0
2025-06-12 14:40:00,21.3
2025-06-12 21:56:00,79.1
2025-06-12 04:13:00,81.7
2025-06-12 01:01:00,5.7
2025-06-12 15:39:00,49.889081537019685
2025-06-12 01:07:00,99.2
2025-06-12 21:11:00,20.6
2025-06-12 02:15:00,4.3
2025-06-12 19:54:00,16.5
2025-06-12 19:16:00,15.3
2025-06-12 00:01:00,49.889081537019685
2025-06-12 04:18:00,49.889081537019685
2025-06-12 12:56:00,45.3
2025-06-12 12:38:00,85.4
2025-06-12 15:13:00,57.9
2025-06-12 08:52:00,11.1
2025-06-12 12:16:00,49.889081537019685
2025-06-12 06:24:00,6.1
2025-06-12 05:45:00,49.889081537019685
2025-06-12 19:30:00,62.1
2025-06-12 05:19:00,79.1
2025-06-12 19:29:00,68.8
2025-06-12 07:09:00,92.1
2025-06-12 01:20:00,15.7
2025-06-12 17:57:00,51.5
2025-06-12 22:16:00,33.2
2025-06-12 08:24:00,5.7
2025-06-12 12:21:00,91.2
2025-06-12 17:54:00,28.6
2025-06-12 23:41:00,98.2
2025-06-12 03:49:00,26.9
2025-06-12 16:30:00,14.0
2025-06-12 03:40:00,2.1
2025-06-12 14:47:00,19.1
2025-06-12 06:15:00,71.1
2025-06-12 21:39:00,31.0
2025-06-12 06:20:00,32.7
2025-06-12 10:09:00,49.889081537019685
2025-06-12 16:47:00,83.1
2025-06-12 00:11:00,16.7
2025-06-12 08:09:00,48.5
2025-06-12 12:34:00,34.2
2025-06-12 15:12:00,32.0
2025-06-12 07:39:00,3.3
2025-06-12 16:27:00,44.0
2025-06-12 20:55:00,92.2
2025-06-12 10:50:00,65.2
2025-06-12 23:58:00,25.7
2025-06-12 09:23:00,49.889081537019685
2025-06-12 17:27:00,22.2
2025-06-12 14:18:00,49.889081537019685
2025-06-12 09:53:00,2.2
2025-06-12 15:47:00,21.1
2025-06-12 08:35:00,67.8
2025-06-12 18:04:00,38.5
2025-06-12 18:09:00,98.3
2025-06-12 03:15:00,9.2
2025-06-12 14:06:00,49.889081537019685
2025-06-12 09:32:00,73.3
2025-06-12 11:16:00,49.889081537019685
2025-06-12 18:38:00,92.9
2025-06-12 19:50:00,38.3
2025-06-12 07:57:00,1.6
2025-06-12 02:00:00,70.9
2025-06-12 13:57:00,97.0
2025-06-12 19:13:00,76.2
2025-06-12 22:02:00,49.889081537019685
2025-06-12 00:56:00,54.6
2025-06-12 04:36:00,54.6
2025-06-12 07:52:00,15.6
2025-06-12 20:56:00,50.0
2025-06-12 21:47:00,58.3
2025-06-12 06:08:00,12.9
2025-06-12 17:48:00,98.5
2025-06-12 16:59:00,4.3
2025-06-12 04:25:00,41.7
2025-06-12 19:48:00,11.4
2025-06-12 02:16:00,49.889081537019685
2025-06-12 06:06:00,97.0
2025-06-12 17:16:00,48.5
2025-06-12 16:55:00,66.7
2025-06-12 06:25:00,49.889081537019685
2025-06-12 06:11:00,73.0
2025-06-12 17:49:00,49.889081537019685
2025-06-12 13:09:00,39.1
2025-06-12 09:17:00,97.6
2025-06-12 10:33:00,8.5
2025-06-12 00:57:00,83.0
2025-06-12 17:46:00,35.7
2025-06-12 21:17:00,93.0
2025-06-12 14:39:00,9.5
2025-06-12 13:50:00,54.5
2025-06-12 22:37:00,76.2
2025-06-12 18:40:00,10.5
2025-06-12 18:15:00,34.8
2025-06-12 12:30:00,90.0
2025-06-12 20:47:00,13.1
2025-06-12 08:56:00,19.2
2025-06-12 16:41:00,77.1
2025-06-12 02:11:00,19.9
2025-06-12 01:26:00,94.4
2025-06-12 09:22:00,88.8
2025-06-12 03:09:00,49.889081537019685
2025-06-12 17:04:00,49.889081537019685
2025-06-12 08:32:00,13.9
2025-06-12 16:35:00,66.2
2025-06-12 07:37:00,71.2
2025-06-12 10:14:00,38.3
2025-06-12 20:43:00,8.1
2025-06-12 17:53:00,83.9
2025-06-12 11:23:00,49.889081537019685
2025-06-12 07:55:00,49.889081537019685
2025-06-12 11:47:00,77.3
2025-06-12 07:01:00,8.5
2025-06-12 12:37:00,15.6
2025-06-12 14:37:00,41.5
2025-06-12 10:19:00,54.0
2025-06-12 12:42:00,66.3
2025-06-12 16:49:00,35.8
2025-06-12 03:22:00,73.2
2025-06-12 06:38:00,49.889081537019685
2025-06-12 16:05:00,54.9
2025-06-12 13:19:00,18.4
2025-06-12 20:02:00,39.5
2025-06-12 03:51:00,7.0
2025-06-12 11:54:00,49.889081537019685
2025-06-12 17:28:00,59.1
2025-06-12 17:09:00,76.7
2025-06-12 15:36:00,78.6
2025-06-12 12:08:00,49.889081537019685
2025-06-12 01:47:00,81.9
2025-06-12 03:23:00,1.8
2025-06-12 12:59:00,26.8
2025-06-12 10:32:00,77.4
2025-06-12 18:21:00,6.2
2025-06-12 00:28:00,15.7
2025-06-12 11:05:00,74.5
2025-06-12 06:30:00,3.6
2025-06-12 00:22:00,21.8
2025-06-12 07:59:00,43.0
2025-06-12 00:58:00,58.1
2025-06-12 07:27:00,4.3
2025-06-12 08:43:00,49.889081537019685
2025-06-12 06:27:00,14.6
2025-06-12 15:17:00,49.889081537019685
2025-06-12 00:38:00,62.7
2025-06-12 14:53:00,47.4
2025-06-12 07:42:00,50.1
2025-06-12 15:09:00,49.889081537019685
2025-06-12 00:17:00,70.5
2025-06-12 19:46:00,44.9
2025-06-12 05:31:00,92.2
2025-06-12 19:53:00,16.0
2025-06-12 07:04:00,95.3
2025-06-12 19:38:00,52.1
2025-06-12 19:21:00,98.6
2025-06-12 14:28:00,33.2
2025-06-12 15:55:00,99.3
2025-06-12 22:45:00,28.5
2025-06-12 00:03:00,49.889081537019685
2025-06-12 23:08:00,69.8
2025-06-12 03:03:00,92.5
2025-06-12 00:59:00,21.5
2025-06-12 06:37:00,33.4
2025-06-12 07:00:00,48.6
2025-06-12 01:44:00,32.1
2025-06-12 13:37:00,82.3
2025-06-12 04:04:00,49.889081537019685
2025-06-12 04:29:00,49.889081537019685
2025-06-12 05:35:00,58.9
2025-06-12 08:06:00,49.889081537019685
2025-06-12 13:01:00,31.7
2025-06-12 02:27:00,47.5
2025-06-12 06:53:00,79.2
2025-06-12 23:13:00,62.0
2025-06-12 01:52:00,72.6
2025-06-12 01:58:00,76.7
2025-06-12 08:49:00,90.5
2025-06-12 01:37:00,79.9
2025-06-12 08:31:00,86.9
2025-06-12 15:07:00,69.7
2025-06-12 13:32:00,59.5
2025-06-12 15:45:00,52.5
2025-06-12 05:10:00,49.889081537019685
2025-06-12 05:09:00,71.8
2025-06-12 12:09:00,57.4
2025-06-12 16:00:00,96.1
2025-06-12 06:36:00,98.3
2025-06-12 15:58:00,49.889081537019685
2025-06-12 03:12:00,45.9
2025-06-12 03:39:00,49.889081537019685
2025-06-12 08:20:00,90.4
2025-06-12 08:08:00,70.1
2025-06-12 05:23:00,30.1
2025-06-12 05:08:00,5.5
2025-06-12 19:42:00,95.9
2025-06-12 16:26:00,19.2
2025-06-12 07:10:00,41.9
2025-06-12 10:24:00,60.2
2025-06-12 13:29:00,31.0
2025-06-12 01:31:00,87.5
2025-06-12 01:50:00,41.6
2025-06-12 08:27:00,12.2
2025-06-12 20:04:00,92.2
2025-06-12 11:28:00,80.4
2025-06-12 01:24:00,9.6
2025-06-12 02:19:00,16.7
2025-06-12 13:04:00,96.3
2025-06-12 20:52:00,79.6
2025-06-12 00:25:00,1.0
2025-06-12 13:46:00,45.8
2025-06-12 00:42:00,50.1
2025-06-12 23:15:00,60.3
2025-06-12 01:48:00,63.4
2025-06-12 10:22:00,35.6
2025-06-12 20:09:00,79.5
2025-06-12 03:30:00,24.4
2025-06-12 11:02:00,81.6
2025-06-12 04:32:00,15.5
2025-06-12 19:58:00,69.3
2025-06-12 15:08:00,11.7
2025-06-12 23:18:00,30.5
2025-06-12 00:09:00,70.2
2025-06-12 08:38:00,12.9
2025-06-12 11:37:00,5.3
2025-06-12 00:21:00,25.8
2025-06-12 21:03:00,82.5
2025-06-12 06:57:00,49.889081537019685
2025-06-12 15:40:00,85.8
2025-06-12 04:31:00,12.1
2025-06-12 14:26:00,92.4
2025-06-12 07:28:00,49.889081537019685
2025-06-12 17:45:00,3.7
2025-06-12 19:27:00,55.3
2025-06-12 05:01:00,49.889081537019685
2025-06-12 12:35:00,80.1
2025-06-12 19:43:00,28.1
2025-06-12 06:26:00,92.1
2025-06-12 12:00:00,72.1
2025-06-12 06:45:00,49.889081537019685
2025-06-12 09:48:00,83.1
2025-06-12 07:40:00,78.4
2025-06-12 15:50:00,61.6
2025-06-12 13:52:00,87.7
2025-06-12 11:08:00,71.9
2025-06-12 04:55:00,96.6
2025-06-12 13:45:00,52.9
2025-06-12 15:56:00,88.0
2025-06-12 18:00:00,49.889081537019685
2025-06-12 17:38:00,81.5
2025-06-12 18:41:00,60.7
2025-06-12 21:41:00,23.0
2025-06-12 22:05:00,49.889081537019685
2025-06-12 16:40:00,28.1
2025-06-12 08:21:00,49.889081537019685
2025-06-12 02:29:00,93.9
2025-06-12 17:02:00,26.9
2025-06-12 23:06:00,63.9
2025-06-12 03:05:00,24.7
2025-06-12 13:36:00,77.6
2025-06-12 12:46:00,28.7
2025-06-12 03:43:00,87.6
2025-06-12 09:58:00,91.0
2025-06-12 08:01:00,73.2
2025-06-12 03:31:00,65.6
2025-06-12 21:37:00,92.4
2025-06-12 01:35:00,37.5
2025-06-12 09:59:00,12.8
2025-06-12 13:53:00,19.9
2025-06-12 15:18:00,60.0
2025-06-12 08:29:00,88.6
2025-06-12 21:56:00,78.8
2025-06-12 01:44:00,4.3
2025-06-12 22:34:00,19.3
2025-06-12 06:39:00,56.9
2025-06-12 11:59:00,22.2
2025-06-12 02:35:00,50.12778039031272
2025-06-12 23:21:00,12.6
2025-06-12 05:08:00,78.9
2025-06-12 20:32:00,23.4
2025-06-12 05:31:00,17.2
2025-06-12 02:50:00,95.7
2025-06-12 19:48:00,33.4
2025-06-12 23:11:00,63.8
2025-06-12 03:59:00,23.7
2025-06-12 07:49:00,89.9
2025-06-12 03:09:00,86.6
2025-06-12 10:40:00,14.2
2025-06-12 17:57:00,50.12778039031272
2025-06-12 13:35:00,57.7
2025-06-12 13:20:00,69.0
2025-06-12 01:03:00,91.7
2025-06-12 01:42:00,61.4
2025-06-12 10:42:00,15.8
2025-06-12 12:25:00,95.0
2025-06-12 23:27:00,2.1
2025-06-12 08:18:00,2.4
2025-06-12 15:21:00,40.6
2025-06-12 11:12:00,50.12778039031272
2025-06-12 17:09:00,42.9
2025-06-12 13:00:00,29.0
2025-06-12 22:50:00,34.8
2025-06-12 12:34:00,90.6
2025-06-12 16:02:00,0.6
2025-06-12 13:37:00,34.9
2025-06-12 18:41:00,58.7
2025-06-12 00:13:00,18.3
2025-06-12 04:04:00,81.3
2025-06-12 13:51:00,50.12778039031272
2025-06-12 23:47:00,50.12778039031272
2025-06-12 14:24:00,91.8
2025-06-12 17:59:00,12.5
2025-06-12 01:01:00,16.9
2025-06-12 03:19:00,21.7
2025-06-12 11:27:00,59.3
2025-06-12 05:59:00,79.2
2025-06-12 07:04:00,97.9
2025-06-12 01:19:00,44.8
2025-06-12 12:58:00,67.7
2025-06-12 20:56:00,50.12778039031272
2025-06-12 05:12:00,94.8
2025-06-12 19:28:00,3.2
2025-06-12 12:38:00,70.8
2025-06-12 10:33:00,77.0
2025-06-12 20:59:00,69.7
2025-06-12 13:11:00,19.9
2025-06-12 13:29:00,62.8
2025-06-12 04:44:00,39.4
2025-06-12 16:12:00,50.12778039031272
2025-06-12 22:15:00,50.12778039031272
2025-06-12 21:44:00,59.5
2025-06-12 10:53:00,70.4
2025-06-12 05:48:00,26.9
2025-06-12 15:03:00,40.6
2025-06-12 05:09:00,68.2
2025-06-12 22:43:00,49.8
2025-06-12 22:13:00,64.7
2025-06-12 17:07:00,83.8
2025-06-12 09:39:00,13.6
2025-06-12 04:55:00,55.8
2025-06-12 00:24:00,28.5
2025-06-12 12:40:00,38.2
2025-06-12 15:48:00,45.1
2025-06-12 02:47:00,80.3
2025-06-12 21:32:00,62.5
2025-06-12 03:10:00,29.9
2025-06-12 08:52:00,50.12778039031272
2025-06-12 21:21:00,40.3
2025-06-12 14:51:00,91.9
2025-06-12 18:23:00,72.8
2025-06-12 21:06:00,19.7
2025-06-12 01:17:00,1.3
2025-06-12 23:36:00,50.12778039031272
2025-06-12 01:35:00,7.0
2025-06-12 09:20:00,50.12778039031272
2025-06-12 10:47:00,50.12778039031272
2025-06-12 18:48:00,50.12778039031272
2025-06-12 19:03:00,19.4
2025-06-12 00:36:00,20.2
2025-06-12 16:06:00,50.12778039031272
2025-06-12 01:52:00,77.8
2025-06-12 10:21:00,26.5
2025-06-12 21:18:00,86.2
2025-06-12 23:19:00,6.9
2025-06-12 19:50:00,48.7
2025-06-12 19:42:00,16.8
2025-06-12 13:28:00,52.8
2025-06-12 06:12:00,17.0
2025-06-12 00:37:00,50.12778039031272
2025-06-12 10:56:00,81.5
2025-06-12 17:16:00,22.8
2025-06-12 16:57:00,47.3
2025-06-12 09:17:00,40.7
2025-06-12 14:05:00,55.3
2025-06-12 14:33:00,99.8
2025-06-12 23:48:00,92.1
2025-06-12 21:20:00,22.0
2025-06-12 11:08:00,53.7
2025-06-12 20:12:00,78.1
2025-06-12 04:17:00,62.8
2025-06-12 06:02:00,20.1
2025-06-12 08:16:00,65.8
2025-06-12 06:17:00,61.7
2025-06-12 02:20:00,20.0
2025-06-12 12:46:00,66.4
2025-06-12 18:04:00,53.8
2025-06-12 23:58:00,62.8
2025-06-12 10:44:00,58.6
2025-06-12 00:42:00,50.12778039031272
2025-06-12 10:59:00,7.8
2025-06-12 15:25:00,10.5
2025-06-12 09:21:00,51.1
2025-06-12 12:33:00,64.3
2025-06-12 16:23:00,57.7
2025-06-12 23:50:00,88.1
2025-06-12 10:49:00,93.7
2025-06-12 10:51:00,3.3
2025-06-12 06:14:00,36.7
2025-06-12 11:58:00,35.2
2025-06-12 06:56:00,65.1
2025-06-12 22:42:00,64.7
2025-06-12 01:16:00,1.2
2025-06-12 10:09:00,78.4
2025-06-12 03:11:00,89.0
2025-06-12 14:23:00,58.5
2025-06-12 21:13:00,45.5
2025-06-12 05:15:00,23.2
2025-06-12 08:48:00,26.3
2025-06-12 21:35:00,72.7
2025-06-12 18:43:00,50.12778039031272
2025-06-12 16:40:00,21.4
2025-06-12 20:17:00,92.0
2025-06-12 03:29:00,40.7
2025-06-12 15:24:00,33.8
2025-06-12 15:22:00,35.4
2025-06-12 16:47:00,33.1
2025-06-12 17:37:00,74.0
2025-06-12 03:31:00,16.6
2025-06-12 11:07:00,90.8
2025-06-12 04:47:00,61.1
2025-06-12 08:03:00,45.2
2025-06-12 09:18:00,26.6
2025-06-12 20:13:00,33.0
2025-06-12 22:12:00,56.5
2025-06-12 14:25:00,45.6
2025-06-12 13:10:00,69.6
2025-06-12 14:34:00,14.3
2025-06-12 21:46:00,44.3
2025-06-12 06:51:00,50.12778039031272
2025-06-12 07:32:00,37.0
2025-06-12 06:53:00,34.3
2025-06-12 01:05:00,98.6
2025-06-12 11:49:00,90.9
2025-06-12 20:06:00,12.7
2025-06-12 16:26:00,58.7
2025-06-12 00:19:00,50.12778039031272
2025-06-12 10:12:00,54.4
2025-06-12 04:24:00,50.12778039031272
2025-06-12 10:06:00,31.1
2025-06-12 21:01:00,37.8
2025-06-12 16:03:00,50.4
2025-06-12 17:01:00,68.4
2025-06-12 15:00:00,95.1
2025-06-12 07:38:00,50.12778039031272
2025-06-12 01:38:00,84.7
2025-06-12 14:18:00,50.12778039031272
2025-06-12 00:44:00,56.7
2025-06-12 20:50:00,27.3
2025-06-12 16:11:00,28.9
2025-06-12 21:19:00,54.7
2025-06-12 05:25:00,50.12778039031272
2025-06-12 22:55:00,21.9
2025-06-12 22:23:00,95.8
2025-06-12 14:28:00,38.0
2025-06-12 19:11:00,75.0
2025-06-12 03:38:00,50.12778039031272
2025-06-12 04:46:00,44.4
2025-06-12 12:48:00,62.7
2025-06-12 04:57:00,0.4
2025-06-12 11:13:00,48.6
2025-06-12 16:35:00,69.3
2025-06-12 16:25:00,76.0
2025-06-12 02:59:00,87.1
2025-06-12 04:39:00,95.7
2025-06-12 05:37:00,50.12778039031272
2025-06-12 23:31:00,50.12778039031272
2025-06-12 06:45:00,80.7
2025-06-12 00:45:00,50.12778039031272
2025-06-12 02:10:00,73.0
2025-06-12 06:50:00,27.1
2025-06-12 19:44:00,50.12778039031272
2025-06-12 02:03:00,39.8
2025-06-12 08:50:00,50.12778039031272
2025-06-12 02:12:00,54.8
2025-06-12 17:26:00,99.4
2025-06-12 22:06:00,73.7
2025-06-12 02:55:00,50.12778039031272
2025-06-12 22:28:00,50.12778039031272
2025-06-12 03:56:00,1.7
2025-06-12 04:41:00,3.4
2025-06-12 17:04:00,28.7
2025-06-12 04:53:00,50.12778039031272
2025-06-12 12:47:00,89.9
2025-06-12 08:33:00,40.3
2025-06-12 09:16:00,65.9
2025-06-12 22:08:00,50.7
2025-06-12 06:37:00,57.5
2025-06-12 12:12:00,11.0
2025-06-12 10:41:00,26.0
2025-06-12 09:15:00,50.12778039031272
2025-06-12 06:30:00,50.12778039031272
2025-06-12 11:00:00,75.5
2025-06-12 07:54:00,9.0
2025-06-12 11:15:00,13.6
2025-06-12 18:25:00,50.12778039031272
2025-06-12 13:54:00,51.1
2025-06-12 13:46:00,66.5
2025-06-12 19:57:00,94.9
2025-06-12 14:41:00,19.3
2025-06-12 08:06:00,23.0
2025-06-12 08:41:00,58.6
2025-06-12 20:23:00,32.4
2025-06-12 10:37:00,28.9
2025-06-12 21:40:00,88.8
2025-06-12 10:35:00,50.12778039031272
2025-06-12 08:53:00,35.4
2025-06-12 04:25:00,53.8
2025-06-12 23:35:00,92.7
2025-06-12 06:43:00,50.12778039031272
2025-06-12 00:03:00,67.5
2025-06-12 23:32:00,97.9
2025-06-12 21:26:00,2.4
2025-06-12 03:04:00,50.12778039031272
2025-06-12 07:51:00,15.8
2025-06-12 07:42:00,17.9
2025-06-12 23:13:00,50.12778039031272
2025-06-12 03:15:00,76.4
2025-06-12 11:06:00,30.7
2025-06-12 04:12:00,59.9
2025-06-12 16:50:00,79.0
2025-06-12 23:12:00,50.12778039031272
2025-06-12 19:32:00,71.2
2025-06-12 18:21:00,47.0
2025-06-12 04:26:00,10.9
2025-06-12 01:09:00,80.8
2025-06-12 23:38:00,69.7
2025-06-12 06:19:00,72.7
2025-06-12 14:56:00,60.2
2025-06-12 11:02:00,30.8
2025-06-12 23:02:00,31.6
2025-06-12 19:23:00,38.8
2025-06-12 14:14:00,50.12778039031272
2025-06-12 17:35:00,50.12778039031272
2025-06-12 06:25:00,2.7
2025-06-12 23:09:00,50.12778039031272
2025-06-12 17:44:00,78.3
2025-06-12 17:36:00,50.12778039031272
2025-06-12 07:25:00,73.1
2025-06-12 22:16:00,20.3
2025-06-12 14:12:00,62.9
2025-06-12 21:17:00,42.8
2025-06-12 16:30:00,51.5
2025-06-12 15:13:00,50.12778039031272
2025-06-12 01:13:00,17.8
2025-06-12 14:32:00,50.12778039031272
2025-06-12 01:04:00,75.9
2025-06-12 07:52:00,87.6
2025-06-12 19:37:00,89.9
2025-06-12 18:39:00,12.6
2025-06-12 23:43:00,52.5
2025-06-12 20:57:00,50.12778039031272
2025-06-12 19:38:00,95.9
2025-06-12 00:47:00,95.3
2025-06-12 17:03:00,4.5
2025-06-12 13:07:00,61.4
2025-06-12 09:34:00,40.8
2025-06-12 20:08:00,88.6
2025-06-12 01:07:00,98.6
2025-06-12 14:45:00,49.8
2025-06-12 06:54:00,20.1
2025-06-12 04:58:00,50.1655304792927
2025-06-12 06:39:00,76.1
2025-06-12 20:22:00,59.4
2025-06-12 14:40:00,50.1655304792927
2025-06-12 15:07:00,89.7
2025-06-12 15:40:00,97.7
2025-06-12 21:25:00,38.1
2025-06-12 22:31:00,28.4
2025-06-12 00:47:00,84.8
2025-06-12 02:55:00,48.2
2025-06-12 15:01:00,50.1655304792927
2025-06-12 18:56:00,42.7
2025-06-12 03:08:00,63.3
2025-06-12 03:36:00,70.7
2025-06-12 07:55:00,59.4
2025-06-12 14:53:00,61.0
2025-06-12 23:00:00,53.8
2025-06-12 23:01:00,62.5
2025-06-12 11:57:00,10.3
2025-06-12 18:36:00,47.6
2025-06-12 03:44:00,74.4
2025-06-12 17:17:00,54.0
2025-06-12 01:55:00,25.8
2025-06-12 21:08:00,41.6
2025-06-12 17:35:00,45.5
2025-06-12 20:48:00,74.9
2025-06-12 14:15:00,45.4
2025-06-12 23:16:00,51.6
2025-06-12 23:39:00,26.0
2025-06-12 20:57:00,35.2
2025-06-12 20:56:00,10.4
2025-06-12 02:35:00,20.5
2025-06-12 04:03:00,50.1655304792927
2025-06-12 21:32:00,36.5
2025-06-12 11:20:00,12.8
2025-06-12 05:04:00,50.1655304792927
2025-06-12 21:33:00,48.7
2025-06-12 17:37:00,56.9
2025-06-12 05:11:00,6.1
2025-06-12 22:50:00,50.1655304792927
2025-06-12 08:57:00,40.0
2025-06-12 03:27:00,20.7
2025-06-12 19:15:00,79.0
2025-06-12 02:43:00,75.1
2025-06-12 10:35:00,99.8
2025-06-12 03:54:00,29.9
2025-06-12 18:54:00,41.0
2025-06-12 17:05:00,50.1655304792927
2025-06-12 10:26:00,14.7
2025-06-12 00:01:00,12.2
2025-06-12 09:41:00,7.3
2025-06-12 07:50:00,17.4
2025-06-12 02:18:00,94.1
2025-06-12 13:38:00,27.3
2025-06-12 23:34:00,65.8
2025-06-12 06:12:00,30.8
2025-06-12 09:49:00,50.1655304792927
2025-06-12 04:53:00,62.7
2025-06-12 02:36:00,17.0
2025-06-12 13:14:00,91.9
2025-06-12 04:35:00,56.5
2025-06-12 05:08:00,78.8
2025-06-12 12:54:00,48.5
2025-06-12 18:29:00,95.2
2025-06-12 14:13:00,91.4
2025-06-12 22:47:00,37.3
2025-06-12 23:17:00,15.0
2025-06-12 21:34:00,50.1655304792927
2025-06-12 17:33:00,74.4
2025-06-12 08:29:00,19.7
2025-06-12 03:41:00,46.5
2025-06-12 21:46:00,55.6
2025-06-12 17:47:00,72.5
2025-06-12 20:58:00,7.0
2025-06-12 19:10:00,47.1
2025-06-12 22:05:00,63.5
2025-06-12 22:06:00,26.4
2025-06-12 00:52:00,16.5
2025-06-12 01:48:00,50.1655304792927
2025-06-12 00:18:00,2.3
2025-06-12 00:36:00,61.2
2025-06-12 12:48:00,98.8
2025-06-12 03:31:00,89.5
2025-06-12 23:33:00,85.6
2025-06-12 03:48:00,4.3
2025-06-12 18:39:00,60.0
2025-06-12 14:55:00,74.2
2025-06-12 04:47:00,10.5
2025-06-12 11:38:00,24.9
2025-06-12 04:43:00,94.5
2025-06-12 20:29:00,50.1655304792927
2025-06-12 21:51:00,54.7
2025-06-12 13:09:00,70.8
2025-06-12 16:36:00,44.7
2025-06-12 23:35:00,41.5
2025-06-12 05:21:00,27.7
2025-06-12 01:29:00,75.9
2025-06-12 14:08:00,2.2
2025-06-12 21:44:00,32.1
2025-06-12 07:13:00,81.0
2025-06-12 05:54:00,89.5
2025-06-12 03:33:00,82.4
2025-06-12 18:59:00,78.1
2025-06-12 03:43:00,68.0
2025-06-12 03:32:00,66.9
2025-06-12 20:32:00,22.6
2025-06-12 00:25:00,40.8
2025-06-12 10:00:00,14.5
2025-06-12 19:55:00,36.4
2025-06-12 04:55:00,61.8
2025-06-12 17:21:00,48.7
2025-06-12 14:52:00,23.0
2025-06-12 11:54:00,1.2
2025-06-12 19:31:00,32.9
2025-06-12 08:56:00,42.8
2025-06-12 23:30:00,36.1
2025-06-12 16:22:00,32.7
2025-06-12 00:29:00,96.5
2025-06-12 05:50:00,57.2
2025-06-12 21:05:00,98.7
2025-06-12 15:49:00,5.9
2025-06-12 05:18:00,57.1
2025-06-12 16:31:00,29.8
2025-06-12 03:49:00,44.0
2025-06-12 12:38:00,24.7
2025-06-12 13:59:00,34.0
2025-06-12 19:09:00,8.0
2025-06-12 01:25:00,87.5
2025-06-12 01:56:00,30.9
2025-06-12 15:54:00,43.0
2025-06-12 00:00:00,58.9
2025-06-12 21:01:00,91.3
2025-06-12 22:46:00,26.3
2025-06-12 03:12:00,63.2
2025-06-12 10:32:00,63.1
2025-06-12 07:37:00,13.9
2025-06-12 19:36:00,93.6
2025-06-12 02:33:00,63.8
2025-06-12 06:24:00,0.5
2025-06-12 11:07:00,55.1
2025-06-12 04:31:00,72.5
2025-06-12 19:27:00,95.7
2025-06-12 22:25:00,96.1
2025-06-12 01:21:00,26.8
2025-06-12 15:43:00,94.5
2025-06-12 13:41:00,43.7
2025-06-12 14:28:00,49.1
2025-06-12 03:34:00,97.0
2025-06-12 12:55:00,71.1
2025-06-12 15:37:00,49.5
2025-06-12 04:14:00,88.6
2025-06-12 06:40:00,2.7
2025-06-12 00:40:00,77.4
2025-06-12 10:16:00,61.6
2025-06-12 09:06:00,77.9
2025-06-12 23:09:00,50.1655304792927
2025-06-12 01:43:00,68.1
2025-06-12 15:47:00,99.1
2025-06-12 06:33:00,53.9
2025-06-12 09:56:00,20.5
2025-06-12 11:35:00,64.1
2025-06-12 19:56:00,50.1655304792927
2025-06-12 14:35:00,35.7
2025-06-12 19:11:00,6.2
2025-06-12 08:53:00,50.1655304792927
2025-06-12 19:50:00,9.2
2025-06-12 02:45:00,9.0
2025-06-12 05:52:00,1.1
2025-06-12 06:29:00,68.3
2025-06-12 01:41:00,63.1
2025-06-12 04:04:00,86.8
2025-06-12 01:16:00,88.8
2025-06-12 13:46:00,8.9
2025-06-12 15:21:00,77.6
2025-06-12 07:24:00,25.3
2025-06-12 10:54:00,50.1655304792927
2025-06-12 05:41:00,54.8
2025-06-12 06:14:00,95.6
2025-06-12 23:56:00,54.2
2025-06-12 03:10:00,50.2
2025-06-12 17:56:00,63.1
2025-06-12 17:36:00,27.5
2025-06-12 18:52:00,50.1655304792927
2025-06-12 03:14:00,50.1655304792927
2025-06-12 15:59:00,50.1655304792927
2025-06-12 02:40:00,64.4
2025-06-12 21:12:00,17.3
2025-06-12 16:40:00,58.9
2025-06-12 23:43:00,51.8
2025-06-12 07:05:00,60.8
2025-06-12 00:16:00,40.4
2025-06-12 19:05:00,94.5
2025-06-12 01:26:00,3.2
2025-06-12 00:55:00,9.3
2025-06-12 14:42:00,7.4
2025-06-12 20:40:00,23.6
2025-06-12 08:20:00,2.2
2025-06-12 00:05:00,53.8
2025-06-12 08:25:00,90.6
2025-06-12 17:28:00,92.0
2025-06-12 03:35:00,74.5
2025-06-12 02:57:00,54.4
2025-06-12 04:56:00,64.7
2025-06-12 05:06:00,50.1655304792927
2025-06-12 19:43:00,50.1655304792927
2025-06-12 01:33:00,12.3
2025-06-12 20:16:00,72.1
2025-06-12 06:18:00,53.4
2025-06-12 01:27:00,50.1655304792927
2025-06-12 14:07:00,26.4
2025-06-12 08:34:00,54.0
2025-06-12 19:22:00,15.8
2025-06-12 12:59:00,50.1655304792927
2025-06-12 03:57:00,29.9
2025-06-12 15:23:00,40.9
2025-06-12 15:08:00,14.6
2025-06-12 01:12:00,56.4
2025-06-12 17:23:00,38.3
2025-06-12 08:15:00,54.6
2025-06-12 02:51:00,27.0
2025-06-12 17:45:00,38.3
2025-06-12 18:44:00,43.6
2025-06-12 04:10:00,37.3
2025-06-12 19:59:00,61.5
2025-06-12 13:52:00,73.7
2025-06-12 02:28:00,49.4
2025-06-12 19:51:00,36.8
2025-06-12 00:43:00,25.3
2025-06-12 07:22:00,87.8
2025-06-12 20:03:00,53.5
2025-06-12 12:40:00,14.6
2025-06-12 10:06:00,50.1655304792927
2025-06-12 20:49:00,54.8
2025-06-12 18:02:00,3.6
2025-06-12 15:06:00,50.1655304792927
2025-06-12 16:01:00,35.6
2025-06-12 22:54:00,22.4
2025-06-12 14:18:00,71.6
2025-06-12 16:11:00,50.1655304792927
2025-06-12 20:25:00,86.0
2025-06-12 01:32:00,11.5
2025-06-12 03:38:00,10.2
2025-06-12 21:09:00,94.4
2025-06-12 05:43:00,88.3
2025-06-12 01:50:00,94.0
2025-06-12 18:49:00,50.1655304792927
2025-06-12 03:42:00,73.0
2025-06-12 03:25:00,46.0
2025-06-12 00:41:00,13.4
2025-06-12 00:30:00,19.4
2025-06-12 02:30:00,79.4
2025-06-12 17:30:00,89.9
2025-06-12 10:30:00,21.5
2025-06-12 03:24:00,59.7
2025-06-12 23:47:00,50.1655304792927
2025-06-12 18:41:00,94.7
2025-06-12 22:19:00,50.1655304792927
2025-06-12 10:49:00,51.1
2025-06-12 03:55:00,50.1655304792927
2025-06-12 23:40:00,56.4
2025-06-12 04:49:00,50.1655304792927
2025-06-12 03:39:00,50.1655304792927
2025-06-12 06:28:00,83.6
2025-06-12 20:04:00,75.2
2025-06-12 19:14:00,42.9
2025-06-12 12:23:00,54.2
2025-06-12 19:21:00,35.9
2025-06-12 02:06:00,88.3
2025-06-12 06:56:00,25.3
2025-06-12 15:28:00,78.8
2025-06-12 23:14:00,64.7
2025-06-12 06:04:00,69.9
2025-06-12 01:59:00,43.8
2025-06-12 00:03:00,19.5
2025-06-12 23:18:00,82.9
2025-06-12 23:07:00,94.2
2025-06-12 23:31:00,75.9
2025-06-12 21:39:00,40.1
2025-06-12 14:12:00,68.3
2025-06-12 07:43:00,37.5
2025-06-12 02:04:00,50.2
2025-06-12 16:49:00,15.1
2025-06-12 22:58:00,67.9
2025-06-12 11:53:00,97.2
2025-06-12 03:29:00,32.9
2025-06-12 15:33:00,67.5
2025-06-12 13:42:00,44.6
2025-06-12 17:01:00,50.1655304792927
2025-06-12 12:42:00,50.0
2025-06-12 02:49:00,84.2
2025-06-12 19:01:00,55.2
2025-06-12 09:34:00,13.9
2025-06-12 21:57:00,13.0
2025-06-12 04:19:00,85.3
2025-06-12 02:57:00,68.2
2025-06-12 17:31:00,50.16485882352941
2025-06-12 18:36:00,50.16485882352941
2025-06-12 20:34:00,90.4
2025-06-12 01:38:00,57.6
2025-06-12 05:58:00,59.2
2025-06-12 17:59:00,50.16485882352941
2025-06-12 11:47:00,50.16485882352941
2025-06-12 17:08:00,50.16485882352941
2025-06-12 22:39:00,98.1
2025-06-12 15:03:00,6.4
2025-06-12 10:36:00,54.5
2025-06-12 14:41:00,67.3
2025-06-12 00:19:00,99.8
2025-06-12 23:50:00,82.5
2025-06-12 16:58:00,50.16485882352941
2025-06-12 17:30:00,50.16485882352941
2025-06-12 17:33:00,50.16485882352941
2025-06-12 19:51:00,19.6
2025-06-12 10:39:00,38.0
2025-06-12 18:55:00,3.3
2025-06-12 04:10:00,53.3
2025-06-12 03:03:00,28.9
2025-06-12 03:42:00,50.16485882352941
2025-06-12 05:35:00,78.0
2025-06-12 01:40:00,43.4
2025-06-12 19:15:00,74.8
2025-06-12 00:51:00,44.6
2025-06-12 00:49:00,15.7
2025-06-12 09:06:00,63.0
2025-06-12 07:57:00,67.0
2025-06-12 19:07:00,48.0
2025-06-12 00:42:00,99.1
2025-06-12 06:53:00,13.1
2025-06-12 00:52:00,7.9
2025-06-12 04:09:00,59.1
2025-06-12 11:07:00,25.1
2025-06-12 13:18:00,32.7
2025-06-12 10:27:00,3.0
2025-06-12 13:02:00,65.2
2025-06-12 00:09:00,45.9
2025-06-12 02:10:00,74.5
2025-06-12 20:46:00,45.9
2025-06-12 09:07:00,90.2
2025-06-12 21:26:00,35.2
2025-06-12 06:20:00,39.6
2025-06-12 08:43:00,67.5
2025-06-12 14:14:00,70.9
2025-06-12 00:10:00,13.0
2025-06-12 16:11:00,81.9
2025-06-12 03:11:00,48.6
2025-06-12 03:34:00,68.0
2025-06-12 08:21:00,5.9
2025-06-12 21:06:00,79.7
2025-06-12 12:58:00,50.9
2025-06-12 12:36:00,50.16485882352941
2025-06-12 07:49:00,41.3
2025-06-12 03:04:00,59.8
2025-06-12 00:58:00,98.5
2025-06-12 16:34:00,63.3
2025-06-12 02:03:00,0.3
2025-06-12 14:09:00,16.7
2025-06-12 03:45:00,19.7
2025-06-12 22:51:00,22.6
2025-06-12 06:10:00,72.0
2025-06-12 15:31:00,29.2
2025-06-12 06:04:00,77.6
2025-06-12 05:28:00,95.1
2025-06-12 09:37:00,26.7
2025-06-12 22:36:00,50.16485882352941
2025-06-12 01:57:00,18.4
2025-06-12 22:41:00,50.16485882352941
2025-06-12 01:32:00,85.4
2025-06-12 05:00:00,50.16485882352941
2025-06-12 11:32:00,98.1
2025-06-12 16:15:00,67.7
2025-06-12 01:28:00,86.6
2025-06-12 01:37:00,52.5
2025-06-12 07:40:00,50.1
2025-06-12 04:11:00,2.8
2025-06-12 18:45:00,46.5
2025-06-12 23:21:00,87.8
2025-06-12 20:26:00,24.9
2025-06-12 22:53:00,17.7
2025-06-12 03:23:00,67.4
2025-06-12 10:08:00,54.7
2025-06-12 06:26:00,50.16485882352941
2025-06-12 12:12:00,16.9
2025-06-12 21:45:00,5.3
2025-06-12 03:28:00,84.0
2025-06-12 19:56:00,39.2
2025-06-12 12:26:00,85.8
2025-06-12 07:41:00,38.7
2025-06-12 01:03:00,62.5
2025-06-12 03:37:00,39.7
2025-06-12 20:24:00,50.16485882352941
2025-06-12 04:18:00,70.4
2025-06-12 02:06:00,35.1
2025-06-12 16:40:00,50.16485882352941
2025-06-12 00:25:00,34.4
2025-06-12 07:46:00,17.4
2025-06-12 19:09:00,30.8
2025-06-12 09:42:00,65.7
2025-06-12 05:41:00,64.8
2025-06-12 21:48:00,92.8
2025-06-12 23:15:00,17.2
2025-06-12 04:37:00,33.6
2025-06-12 11:02:00,40.7
2025-06-12 07:31:00,90.9
2025-06-12 15:35:00,46.2
2025-06-12 01:00:00,72.6
2025-06-12 23:01:00,65.6
2025-06-12 00:38:00,92.5
2025-06-12 11:17:00,56.7
2025-06-12 06:30:00,53.4
2025-06-12 06:05:00,5.5
2025-06-12 00:15:00,50.16485882352941
2025-06-12 05:57:00,50.16485882352941
2025-06-12 21:34:00,98.1
2025-06-12 17:37:00,66.2
2025-06-12 23:59:00,6.9
2025-06-12 08:38:00,53.2
2025-06-12 07:00:00,44.7
2025-06-12 04:28:00,24.4
2025-06-12 06:08:00,66.9
2025-06-12 12:33:00,87.3
2025-06-12 20:13:00,22.9
2025-06-12 23:38:00,50.16485882352941
2025-06-12 14:47:00,98.1
2025-06-12 20:14:00,96.8
2025-06-12 00:54:00,78.0
2025-06-12 15:34:00,76.8
2025-06-12 00:18:00,20.1
2025-06-12 01:15:00,18.6
2025-06-12 00:16:00,23.4
2025-06-12 19:28:00,3.9
2025-06-12 06:02:00,68.0
2025-06-12 06:27:00,50.16485882352941
2025-06-12 16:49:00,50.16485882352941
2025-06-12 06:25:00,63.3
2025-06-12 18:11:00,50.16485882352941
2025-06-12 02:49:00,29.6
2025-06-12 02:46:00,9.5
2025-06-12 16:06:00,40.8
2025-06-12 01:22:00,74.8
2025-06-12 09:39:00,97.7
2025-06-12 18:31:00,50.16485882352941
2025-06-12 08:17:00,50.16485882352941
2025-06-12 00:36:00,49.9
2025-06-12 10:18:00,69.9
2025-06-12 17:32:00,29.0
2025-06-12 06:46:00,21.0
2025-06-12 06:43:00,50.16485882352941
2025-06-12 01:10:00,20.0
2025-06-12 06:12:00,14.2
2025-06-12 05:56:00,50.16485882352941
2025-06-12 21:42:00,78.6
2025-06-12 15:29:00,28.0
2025-06-12 15:50:00,59.3
2025-06-12 08:29:00,50.6
2025-06-12 23:40:00,43.6
2025-06-12 21:46:00,61.4
2025-06-12 20:57:00,69.4
2025-06-12 14:26:00,8.6
2025-06-12 21:49:00,9.9
2025-06-12 20:02:00,68.5
2025-06-12 17:46:00,72.9
2025-06-12 00:23:00,58.5
2025-06-12 03:17:00,50.16485882352941
2025-06-12 10:53:00,40.0
2025-06-12 05:36:00,35.9
2025-06-12 09:15:00,95.6
2025-06-12 23:18:00,49.5
2025-06-12 02:34:00,50.8
2025-06-12 07:01:00,22.4
2025-06-12 02:32:00,30.3
2025-06-12 12:50:00,9.5
2025-06-12 08:27:00,99.5
2025-06-12 04:13:00,33.3
2025-06-12 16:19:00,88.5
2025-06-12 18:26:00,70.9
2025-06-12 11:48:00,50.16485882352941
2025-06-12 22:43:00,77.8
2025-06-12 03:54:00,45.7
2025-06-12 08:23:00,66.5
2025-06-12 16:57:00,31.4
2025-06-12 21:35:00,46.0
2025-06-12 00:01:00,84.9
2025-06-12 12:59:00,50.16485882352941
2025-06-12 00:12:00,35.7
2025-06-12 19:30:00,45.8
2025-06-12 15:30:00,52.6
2025-06-12 08:35:00,66.0
2025-06-12 08:50:00,50.16485882352941
2025-06-12 07:23:00,87.7
2025-06-12 19:55:00,14.5
2025-06-12 16:07:00,50.16485882352941
2025-06-12 23:36:00,66.9
2025-06-12 16:28:00,88.8
2025-06-12 04:44:00,67.3
2025-06-12 08:10:00,50.16485882352941
2025-06-12 11:46:00,70.1
2025-06-12 07:03:00,39.3
2025-06-12 07:14:00,50.16485882352941
2025-06-12 06:34:00,46.8
2025-06-12 23:47:00,91.9
2025-06-12 10:46:00,65.3
2025-06-12 18:53:00,27.1
2025-06-12 00:31:00,7.0
2025-06-12 22:29:00,32.6
2025-06-12 23:24:00,46.0
2025-06-12 22:07:00,15.7
2025-06-12 10:10:00,50.16485882352941
2025-06-12 18:23:00,38.9
2025-06-12 13:56:00,88.8
2025-06-12 03:15:00,19.3
2025-06-12 17:35:00,8.6
2025-06-12 09:29:00,34.0
2025-06-12 10:43:00,49.8
2025-06-12 07:02:00,50.16485882352941
2025-06-12 12:51:00,88.0
2025-06-12 19:59:00,22.8
2025-06-12 05:51:00,82.1
2025-06-12 19:11:00,99.9
2025-06-12 18:04:00,76.1
2025-06-12 21:04:00,80.8
2025-06-12 22:24:00,15.1
2025-06-12 17:51:00,44.5
2025-06-12 23:03:00,15.2
2025-06-12 01:24:00,71.9
2025-06-12 06:15:00,18.9
2025-06-12 09:01:00,24.1
2025-06-12 07:22:00,29.9
2025-06-12 10:57:00,94.1
2025-06-12 07:48:00,89.1
2025-06-12 16:42:00,71.8
2025-06-12 20:10:00,79.3
2025-06-12 11:28:00,77.3
2025-06-12 07:28:00,45.9
2025-06-12 00:35:00,49.8
2025-06-12 23:07:00,50.16485882352941
2025-06-12 23:29:00,50.16485882352941
2025-06-12 04:30:00,78.7
2025-06-12 17:52:00,50.16485882352941
2025-06-12 06:03:00,47.3
2025-06-12 06:21:00,95.3
2025-06-12 22:45:00,32.0
2025-06-12 09:41:00,50.16485882352941
2025-06-12 04:27:00,79.6
2025-06-12 13:38:00,0.6
2025-06-12 11:42:00,14.7
2025-06-12 20:16:00,24.0
2025-06-12 23:49:00,14.6
2025-06-12 14:00:00,50.16485882352941
2025-06-12 19:31:00,63.3
2025-06-12 05:59:00,67.6
2025-06-12 02:35:00,48.9
2025-06-12 20:20:00,69.3
2025-06-12 00:17:00,16.9
2025-06-12 00:33:00,23.5
2025-06-12 22:04:00,50.16485882352941
2025-06-12 17:20:00,50.16485882352941
2025-06-12 13:44:00,16.2
2025-06-12 02:05:00,18.4
2025-06-12 21:55:00,2.9
2025-06-12 01:17:00,47.9
2025-06-12 20:33:00,82.0
2025-06-12 21:27:00,32.3
2025-06-12 08:39:00,50.16485882352941
2025-06-12 07:58:00,37.7
2025-06-12 21:07:00,37.9
2025-06-12 20:53:00,35.5
2025-06-12 17:04:00,84.9
2025-06-12 08:44:00,41.5
2025-06-12 15:40:00,27.5
2025-06-12 16:02:00,31.1
2025-06-12 23:44:00,50.16485882352941
2025-06-12 09:46:00,50.16485882352941
2025-06-12 11:56:00,50.16485882352941
2025-06-12 18:15:00,31.0
2025-06-12 16:12:00,50.16485882352941
2025-06-12 04:45:00,64.9
2025-06-12 09:00:00,14.9
2025-06-12 11:55:00,69.1
2025-06-12 11:40:00,56.0
2025-06-12 22:20:00,8.3
2025-06-12 21:03:00,16.0
2025-06-12 10:02:00,50.16485882352941
2025-06-12 02:08:00,97.6
2025-06-12 05:30:00,90.7
2025-06-12 08:49:00,4.4
2025-06-12 10:30:00,89.6
2025-06-12 00:13:00,32.5
2025-06-12 22:05:00,13.6
2025-06-12 01:05:00,64.2
2025-06-12 18:27:00,50.16485882352941
2025-06-12 10:17:00,12.1
2025-06-12 13:33:00,50.16485882352941
2025-06-12 13:07:00,50.16485882352941
2025-06-12 22:49:00,30.5
2025-06-12 04:43:00,78.5
2025-06-12 22:31:00,83.1
2025-06-12 19:25:00,78.6
2025-06-12 03:10:00,13.2
2025-06-12 06:16:00,50.16485882352941
2025-06-12 06:50:00,50.16485882352941
2025-06-12 07:34:00,77.5
2025-06-12 21:14:00,46.7
2025-06-12 08:34:00,9.5
2025-06-12 21:11:00,1.4
2025-06-12 09:59:00,55.5
2025-06-12 07:05:00,50.9
2025-06-12 20:19:00,49.7
2025-06-12 22:58:00,31.7
2025-06-12 14:36:00,49.40323484760014
2025-06-12 14:54:00,68.6
2025-06-12 09:39:00,25.7
2025-06-12 01:28:00,49.40323484760014
2025-06-12 17:56:00,49.40323484760014
2025-06-12 14:45:00,49.40323484760014
2025-06-12 16:35:00,9.0
2025-06-12 19:05:00,42.8
2025-06-12 19:22:00,52.6
2025-06-12 21:58:00,69.1
2025-06-12 06:43:00,91.4
2025-06-12 08:00:00,62.7
2025-06-12 08:32:00,45.0
2025-06-12 16:49:00,79.9
2025-06-12 04:38:00,33.0
2025-06-12 15:15:00,38.6
2025-06-12 00:01:00,49.40323484760014
2025-06-12 21:08:00,53.4
2025-06-12 08:55:00,84.9
2025-06-12 17:54:00,68.6
2025-06-12 16:54:00,49.40323484760014
2025-06-12 03:36:00,70.3
2025-06-12 17:44:00,29.0
2025-06-12 22:23:00,49.40323484760014
2025-06-12 18:42:00,30.1
2025-06-12 23:25:00,85.4
2025-06-12 23:27:00,59.5
2025-06-12 05:24:00,49.40323484760014
2025-06-12 06:14:00,42.1
2025-06-12 04:56:00,76.0
2025-06-12 06:46:00,14.3
2025-06-12 22:38:00,68.8
2025-06-12 14:28:00,31.8
2025-06-12 09:28:00,33.8
2025-06-12 21:10:00,13.7
2025-06-12 02:39:00,11.0
2025-06-12 17:53:00,6.1
2025-06-12 09:03:00,52.5
2025-06-12 20:13:00,49.40323484760014
2025-06-12 21:06:00,49.40323484760014
2025-06-12 09:13:00,11.1
2025-06-12 05:59:00,50.6
2025-06-12 19:58:00,71.5
2025-06-12 17:50:00,11.8
2025-06-12 11:42:00,48.9
2025-06-12 12:56:00,77.9
2025-06-12 06:01:00,96.6
2025-06-12 04:37:00,40.7
2025-06-12 19:46:00,13.3
2025-06-12 11:10:00,16.6
2025-06-12 13:13:00,96.2
2025-06-12 17:10:00,49.40323484760014
2025-06-12 23:05:00,99.5
2025-06-12 03:28:00,91.3
2025-06-12 06:31:00,64.1
2025-06-12 01:41:00,48.2
2025-06-12 08:46:00,97.5
2025-06-12 14:18:00,22.7
2025-06-12 02:59:00,36.6
2025-06-12 13:50:00,95.5
2025-06-12 16:38:00,28.8
2025-06-12 04:26:00,15.9
2025-06-12 19:00:00,50.3
2025-06-12 00:05:00,70.3
2025-06-12 00:12:00,73.2
2025-06-12 14:55:00,49.40323484760014
2025-06-12 07:56:00,49.40323484760014
2025-06-12 01:44:00,97.8
2025-06-12 06:54:00,13.6
2025-06-12 21:25:00,45.3
2025-06-12 00:16:00,38.6
2025-06-12 13:04:00,56.1
2025-06-12 15:52:00,66.9
2025-06-12 08:08:00,61.3
2025-06-12 03:26:00,95.0
2025-06-12 20:15:00,53.4
2025-06-12 15:24:00,54.6
2025-06-12 03:50:00,88.2
2025-06-12 10:48:00,93.3
2025-06-12 11:14:00,98.1
2025-06-12 08:59:00,50.7
2025-06-12 09:32:00,44.5
2025-06-12 09:07:00,96.6
2025-06-12 21:24:00,39.4
2025-06-12 14:51:00,49.40323484760014
2025-06-12 04:58:00,34.1
2025-06-12 18:08:00,49.40323484760014
2025-06-12 09:53:00,51.2
2025-06-12 23:17:00,76.0
2025-06-12 19:40:00,85.9
2025-06-12 22:15:00,0.7
2025-06-12 08:33:00,81.3
2025-06-12 22:02:00,31.8
2025-06-12 07:32:00,54.7
2025-06-12 10:46:00,49.40323484760014
2025-06-12 20:04:00,72.6
2025-06-12 19:02:00,49.40323484760014
2025-06-12 09:51:00,73.3
2025-06-12 16:03:00,35.7
2025-06-12 22:27:00,58.3
2025-06-12 17:51:00,34.8
2025-06-12 01:09:00,79.5
2025-06-12 01:56:00,81.0
2025-06-12 05:47:00,92.6
2025-06-12 01:10:00,55.3
2025-06-12 04:25:00,48.8
2025-06-12 22:03:00,62.9
2025-06-12 09:18:00,83.4
2025-06-12 23:20:00,49.40323484760014
2025-06-12 11:39:00,70.0
2025-06-12 03:15:00,83.9
2025-06-12 01:04:00,49.40323484760014
2025-06-12 05:17:00,79.6
2025-06-12 12:29:00,17.7
2025-06-12 15:35:00,9.7
2025-06-12 06:04:00,8.6
2025-06-12 10:14:00,13.2
2025-06-12 23:58:00,13.3
2025-06-12 01:46:00,64.4
2025-06-12 01:06:00,7.4
2025-06-12 12:37:00,49.1
2025-06-12 17:12:00,44.5
2025-06-12 14:34:00,75.2
2025-06-12 02:34:00,49.0
2025-06-12 03:53:00,11.2
2025-06-12 01:33:00,54.4
2025-06-12 22:50:00,59.4
2025-06-12 14:09:00,59.7
2025-06-12 08:15:00,61.3
2025-06-12 13:19:00,92.5
2025-06-12 17:23:00,59.5
2025-06-12 22:14:00,19.5
2025-06-12 17:32:00,43.0
2025-06-12 22:28:00,95.8
2025-06-12 14:06:00,49.40323484760014
2025-06-12 19:23:00,49.40323484760014
2025-06-12 08:17:00,42.4
2025-06-12 05:10:00,27.3
2025-06-12 05:50:00,31.3
2025-06-12 06:05:00,17.3
2025-06-12 00:29:00,68.1
2025-06-12 23:45:00,90.9
2025-06-12 06:39:00,49.40323484760014
2025-06-12 10:32:00,59.9
2025-06-12 01:22:00,15.5
2025-06-12 08:50:00,6.3
2025-06-12 14:11:00,49.40323484760014
2025-06-12 09:16:00,17.9
2025-06-12 12:01:00,33.5
2025-06-12 19:21:00,33.7
2025-06-12 20:39:00,23.1
2025-06-12 03:37:00,23.6
2025-06-12 19:31:00,78.2
2025-06-12 17:47:00,49.40323484760014
2025-06-12 03:45:00,12.6
2025-06-12 22:10:00,16.0
2025-06-12 10:36:00,15.5
2025-06-12 09:23:00,6.3
2025-06-12 22:21:00,49.40323484760014
2025-06-12 15:39:00,20.2
2025-06-12 20:41:00,66.3
2025-06-12 04:35:00,70.5
2025-06-12 03:09:00,94.3
2025-06-12 21:42:00,22.5
2025-06-12 21:33:00,52.7
2025-06-12 13:56:00,50.3
2025-06-12 23:07:00,49.40323484760014
2025-06-12 00:54:00,11.2
2025-06-12 04:52:00,87.5
2025-06-12 06:22:00,68.8
2025-06-12 15:19:00,55.4
2025-06-12 13:28:00,76.8
2025-06-12 04:17:00,47.9
2025-06-12 03:29:00,49.40323484760014
2025-06-12 09:45:00,48.6
2025-06-12 11:57:00,54.9
2025-06-12 21:46:00,14.3
2025-06-12 12:14:00,70.2
2025-06-12 10:00:00,47.7
2025-06-12 15:04:00,69.8
2025-06-12 13:18:00,38.1
2025-06-12 11:43:00,64.4
2025-06-12 09:08:00,42.3
2025-06-12 13:44:00,82.1
2025-06-12 06:50:00,86.1
2025-06-12 06:18:00,31.2
2025-06-12 21:19:00,31.6
2025-06-12 21:56:00,31.1
2025-06-12 02:32:00,39.8
2025-06-12 23:52:00,41.5
2025-06-12 14:16:00,18.1
2025-06-12 01:24:00,69.1
2025-06-12 11:45:00,49.40323484760014
2025-06-12 01:05:00,76.2
2025-06-12 21:05:00,30.9
2025-06-12 04:16:00,53.3
2025-06-12 22:39:00,49.40323484760014
2025-06-12 11:12:00,64.2
2025-06-12 20:22:00,49.40323484760014
2025-06-12 19:41:00,1.3
2025-06-12 21:13:00,49.40323484760014
2025-06-12 12:02:00,49.40323484760014
2025-06-12 11:17:00,49.40323484760014
2025-06-12 10:28:00,14.1
2025-06-12 09:05:00,84.6
2025-06-12 14:24:00,16.0
2025-06-12 16:12:00,86.2
2025-06-12 20:14:00,6.0
2025-06-12 08:49:00,49.40323484760014
2025-06-12 06:56:00,35.8
2025-06-12 04:59:00,58.1
2025-06-12 20:23:00,49.40323484760014
2025-06-12 18:09:00,93.5
2025-06-12 15:30:00,3.9
2025-06-12 08:13:00,92.9
2025-06-12 09:44:00,94.0
2025-06-12 21:18:00,77.2
2025-06-12 19:36:00,88.5
2025-06-12 17:38:00,73.8
2025-06-12 20:17:00,53.3
2025-06-12 05:11:00,47.1
2025-06-12 09:29:00,84.4
2025-06-12 12:05:00,49.40323484760014
2025-06-12 23:40:00,93.2
2025-06-12 13:10:00,5.3
2025-06-12 23:03:00,91.7
2025-06-12 13:15:00,7.4
2025-06-12 05:57:00,35.4
2025-06-12 06:25:00,77.5
2025-06-12 14:17:00,5.2
2025-06-12 00:50:00,69.6
2025-06-12 15:45:00,62.8
2025-06-12 23:42:00,70.5
2025-06-12 16:08:00,77.5
2025-06-12 11:18:00,24.9
2025-06-12 04:13:00,66.7
2025-06-12 01:47:00,49.8
2025-06-12 23:22:00,49.40323484760014
2025-06-12 20:42:00,64.3
2025-06-12 05:01:00,97.3
2025-06-12 10:25:00,51.7
2025-06-12 21:47:00,35.0
2025-06-12 01:31:00,54.6
2025-06-12 15:16:00,21.1
2025-06-12 13:35:00,14.3
2025-06-12 13:51:00,33.7
2025-06-12 00:40:00,86.7
2025-06-12 04:40:00,49.40323484760014
2025-06-12 03:42:00,27.7
2025-06-12 00:30:00,74.8
2025-06-12 18:41:00,83.4
2025-06-12 18:49:00,49.40323484760014
2025-06-12 15:13:00,65.8
2025-06-12 01:35:00,13.7
2025-06-12 07:48:00,49.40323484760014
2025-06-12 17:17:00,54.6
2025-06-12 11:35:00,66.1
2025-06-12 16:25:00,2.6
2025-06-12 22:34:00,86.4
2025-06-12 16:27:00,41.7
2025-06-12 19:55:00,29.5
2025-06-12 05:19:00,49.40323484760014
2025-06-12 13:47:00,50.4
2025-06-12 03:22:00,7.2
2025-06-12 07:06:00,57.4
2025-06-12 00:18:00,41.8
2025-06-12 17:26:00,58.0
2025-06-12 16:09:00,2.0
2025-06-12 12:27:00,18.8
2025-06-12 06:38:00,49.40323484760014
2025-06-12 07:42:00,21.4
2025-06-12 21:32:00,8.1
2025-06-12 05:42:00,50.6
2025-06-12 08:01:00,52.4
2025-06-12 11:58:00,20.1
2025-06-12 07:43:00,70.1
2025-06-12 16:24:00,48.0
2025-06-12 00:07:00,89.6
2025-06-12 04:34:00,75.6
2025-06-12 00:44:00,38.6
2025-06-12 04:15:00,49.40323484760014
2025-06-12 02:09:00,24.7
2025-06-12 12:18:00,51.7
2025-06-12 07:07:00,88.4
2025-06-12 11:55:00,63.8
2025-06-12 23:37:00,9.3
2025-06-12 16:24:00,95.9
2025-06-12 00:30:00,29.0
2025-06-12 23:54:00,39.8
2025-06-12 09:48:00,12.6
2025-06-12 05:36:00,91.5
2025-06-12 17:20:00,50.400661703887515
2025-06-12 09:05:00,76.8
2025-06-12 19:03:00,50.400661703887515
2025-06-12 03:13:00,91.9
2025-06-12 08:50:00,56.0
2025-06-12 06:42:00,76.4
2025-06-12 08:22:00,56.1
2025-06-12 03:27:00,73.0
2025-06-12 04:52:00,27.4
2025-06-12 15:56:00,4.1
2025-06-12 05:52:00,75.6
2025-06-12 18:20:00,39.5
2025-06-12 02:20:00,8.4
2025-06-12 11:33:00,27.3
2025-06-12 23:02:00,99.2
2025-06-12 02:36:00,76.8
2025-06-12 23:45:00,93.4
2025-06-12 03:44:00,23.5
2025-06-12 16:34:00,8.0
2025-06-12 21:12:00,79.4
2025-06-12 11:07:00,0.5
2025-06-12 17:50:00,10.8
2025-06-12 14:28:00,24.5
2025-06-12 00:41:00,50.400661703887515
2025-06-12 01:21:00,97.1
2025-06-12 09:23:00,23.1
2025-06-12 08:54:00,96.5
2025-06-12 06:38:00,50.400661703887515
2025-06-12 20:18:00,59.4
2025-06-12 20:08:00,3.6
2025-06-12 02:58:00,76.4
2025-06-12 05:22:00,12.0
2025-06-12 07:47:00,50.400661703887515
2025-06-12 22:57:00,71.6
2025-06-12 15:54:00,63.2
2025-06-12 10:10:00,27.2
2025-06-12 18:59:00,95.9
2025-06-12 21:17:00,22.5
2025-06-12 01:36:00,95.2
2025-06-12 19:27:00,39.4
2025-06-12 22:40:00,50.400661703887515
2025-06-12 14:56:00,50.400661703887515
2025-06-12 11:10:00,97.9
2025-06-12 09:25:00,74.9
2025-06-12 21:19:00,16.8
2025-06-12 09:13:00,76.3
2025-06-12 22:25:00,91.4
2025-06-12 11:45:00,59.6
2025-06-12 05:19:00,92.2
2025-06-12 22:48:00,20.6
2025-06-12 03:58:00,26.2
2025-06-12 09:12:00,37.0
2025-06-12 06:23:00,88.0
2025-06-12 06:18:00,17.5
2025-06-12 01:20:00,61.6
2025-06-12 22:03:00,75.5
2025-06-12 13:15:00,47.1
2025-06-12 05:00:00,50.400661703887515
2025-06-12 03:22:00,53.9
2025-06-12 16:25:00,14.0
2025-06-12 13:11:00,75.9
2025-06-12 06:37:00,33.1
2025-06-12 13:03:00,50.400661703887515
2025-06-12 07:58:00,88.4
2025-06-12 09:06:00,50.400661703887515
2025-06-12 10:46:00,50.1
2025-06-12 12:17:00,50.400661703887515
2025-06-12 13:46:00,39.7
2025-06-12 14:55:00,66.4
2025-06-12 07:51:00,13.4
2025-06-12 11:25:00,28.9
2025-06-12 13:28:00,17.5
2025-06-12 22:07:00,50.400661703887515
2025-06-12 05:21:00,99.5
2025-06-12 04:39:00,52.2
2025-06-12 08:25:00,20.2
2025-06-12 11:43:00,50.400661703887515
2025-06-12 17:13:00,50.400661703887515
2025-06-12 10:37:00,48.0
2025-06-12 03:25:00,50.8
2025-06-12 13:23:00,70.9
2025-06-12 18:41:00,86.6
2025-06-12 17:01:00,37.4
2025-06-12 22:47:00,80.5
2025-06-12 05:54:00,65.3
2025-06-12 23:31:00,58.3
2025-06-12 11:58:00,18.2
2025-06-12 01:37:00,55.9
2025-06-12 07:46:00,46.0
2025-06-12 20:41:00,97.9
2025-06-12 20:09:00,21.1
2025-06-12 12:21:00,21.9
2025-06-12 10:47:00,50.400661703887515
2025-06-12 05:31:00,36.7
2025-06-12 18:36:00,67.6
2025-06-12 04:51:00,91.7
2025-06-12 03:15:00,25.2
2025-06-12 13:29:00,44.2
2025-06-12 08:13:00,33.0
2025-06-12 12:01:00,33.0
2025-06-12 20:01:00,50.400661703887515
2025-06-12 15:48:00,43.2
2025-06-12 22:49:00,19.4
2025-06-12 23:00:00,81.4
2025-06-12 14:12:00,20.5
2025-06-12 03:37:00,16.6
2025-06-12 22:00:00,10.7
2025-06-12 02:12:00,54.0
2025-06-12 07:21:00,24.6
2025-06-12 14:53:00,76.0
2025-06-12 11:53:00,74.9
2025-06-12 01:12:00,86.5
2025-06-12 17:12:00,97.5
2025-06-12 01:09:00,30.6
2025-06-12 04:14:00,50.400661703887515
2025-06-12 07:18:00,20.1
2025-06-12 21:39:00,43.7
2025-06-12 06:29:00,59.8
2025-06-12 05:59:00,6.1
2025-06-12 09:27:00,10.0
2025-06-12 14:51:00,11.7
2025-06-12 13:08:00,50.400661703887515
2025-06-12 07:59:00,84.0
2025-06-12 11:09:00,67.5
2025-06-12 02:18:00,83.6
2025-06-12 22:38:00,41.6
2025-06-12 22:56:00,27.7
2025-06-12 15:17:00,61.9
2025-06-12 01:11:00,99.1
2025-06-12 15:31:00,50.400661703887515
2025-06-12 21:27:00,50.400661703887515
2025-06-12 21:13:00,42.0
2025-06-12 03:39:00,34.9
2025-06-12 10:52:00,55.0
2025-06-12 22:10:00,52.3
2025-06-12 03:10:00,50.400661703887515
2025-06-12 04:45:00,16.1
2025-06-12 09:40:00,14.7
2025-06-12 18:47:00,18.7
2025-06-12 21:11:00,11.0
2025-06-12 10:17:00,13.6
2025-06-12 13:25:00,26.3
2025-06-12 09:01:00,47.3
2025-06-12 15:30:00,22.3
2025-06-12 07:43:00,47.9
2025-06-12 03:24:00,0.6
2025-06-12 11:06:00,65.3
2025-06-12 00:58:00,50.400661703887515
2025-06-12 05:49:00,27.9
2025-06-12 19:12:00,37.1
2025-06-12 05:41:00,52.2
2025-06-12 06:12:00,40.1
2025-06-12 21:38:00,64.3
2025-06-12 18:22:00,96.4
2025-06-12 10:22:00,68.3
2025-06-12 21:42:00,3.0
2025-06-12 04:54:00,31.7
2025-06-12 04:58:00,56.7
2025-06-12 05:16:00,59.2
2025-06-12 08:26:00,10.6
2025-06-12 13:33:00,74.7
2025-06-12 19:05:00,50.400661703887515
2025-06-12 18:56:00,74.4
2025-06-12 12:06:00,85.8
2025-06-12 14:54:00,15.2
2025-06-12 14:00:00,34.0
2025-06-12 14:45:00,34.7
2025-06-12 07:14:00,15.5
2025-06-12 00:13:00,17.0
2025-06-12 04:24:00,51.0
2025-06-12 00:14:00,82.5
2025-06-12 23:25:00,40.7
2025-06-12 16:18:00,18.8
2025-06-12 09:29:00,88.8
2025-06-12 08:18:00,50.400661703887515
2025-06-12 00:01:00,54.0
2025-06-12 20:15:00,77.4
2025-06-12 08:12:00,19.7
2025-06-12 06:28:00,83.1
2025-06-12 21:20:00,56.8
2025-06-12 18:06:00,31.1
2025-06-12 14:31:00,82.7
2025-06-12 02:50:00,27.6
2025-06-12 07:13:00,30.2
2025-06-12 09:56:00,91.7
2025-06-12 04:26:00,68.3
2025-06-12 10:54:00,51.9
2025-06-12 13:40:00,7.3
2025-06-12 17:02:00,66.1
2025-06-12 15:19:00,50.400661703887515
2025-06-12 11:13:00,70.2
2025-06-12 04:47:00,93.1
2025-06-12 02:19:00,55.5
2025-06-12 01:41:00,50.400661703887515
2025-06-12 03:42:00,46.0
2025-06-12 00:19:00,53.9
2025-06-12 18:04:00,50.400661703887515
2025-06-12 16:29:00,61.7
2025-06-12 00:48:00,50.400661703887515
2025-06-12 13:21:00,90.9
2025-06-12 21:46:00,94.6
2025-06-12 19:52:00,50.400661703887515
2025-06-12 15:20:00,17.5
2025-06-12 15:13:00,48.4
2025-06-12 20:00:00,12.2
2025-06-12 16:03:00,50.400661703887515
2025-06-12 11:52:00,9.6
2025-06-12 16:22:00,20.1
2025-06-12 07:03:00,93.6
2025-06-12 14:37:00,68.9
2025-06-12 00:49:00,1.4
2025-06-12 21:21:00,36.8
2025-06-12 13:19:00,27.6
2025-06-12 03:33:00,99.0
2025-06-12 08:27:00,55.9
2025-06-12 23:53:00,12.4
2025-06-12 20:48:00,70.3
2025-06-12 18:05:00,78.0
2025-06-12 03:41:00,41.2
2025-06-12 12:50:00,46.6
2025-06-12 08:07:00,32.7
2025-06-12 20:14:00,50.400661703887515
2025-06-12 00:04:00,50.400661703887515
2025-06-12 02:01:00,50.400661703887515
2025-06-12 02:23:00,19.7
2025-06-12 19:10:00,74.6
2025-06-12 09:44:00,50.400661703887515
2025-06-12 03:09:00,46.8
2025-06-12 03:02:00,36.2
2025-06-12 19:15:00,81.1
2025-06-12 16:55:00,63.0
2025-06-12 22:28:00,23.0
2025-06-12 12:58:00,50.400661703887515
2025-06-12 01:01:00,50.400661703887515
2025-06-12 18:02:00,82.9
2025-06-12 16:08:00,50.400661703887515
2025-06-12 09:53:00,2.1
2025-06-12 13:07:00,50.400661703887515
2025-06-12 10:41:00,68.7
2025-06-12 04:56:00,45.8
2025-06-12 15:38:00,50.400661703887515
2025-06-12 12:46:00,46.2
2025-06-12 06:32:00,82.7
2025-06-12 08:57:00,0.0
2025-06-12 18:50:00,56.9
2025-06-12 22:17:00,4.5
2025-06-12 06:06:00,89.5
2025-06-12 03:08:00,94.5
2025-06-12 00:24:00,64.5
2025-06-12 05:15:00,85.3
2025-06-12 04:42:00,33.1
2025-06-12 07:39:00,77.2
2025-06-12 10:04:00,71.5
2025-06-12 15:28:00,29.3
2025-06-12 18:33:00,21.9
2025-06-12 01:42:00,10.1
2025-06-12 16:57:00,59.9
2025-06-12 05:58:00,40.9
2025-06-12 06:31:00,50.400661703887515
2025-06-12 18:28:00,9.2
2025-06-12 19:14:00,20.0
2025-06-12 19:25:00,39.3
2025-06-12 10:12:00,2.6
2025-06-12 07:15:00,10.7
2025-06-12 16:46:00,82.9
2025-06-12 07:38:00,15.5
2025-06-12 04:50:00,52.2
2025-06-12 09:39:00,15.9
2025-06-12 11:00:00,52.4
2025-06-12 21:10:00,14.1
2025-06-12 13:44:00,50.400661703887515
2025-06-12 21:40:00,73.9
2025-06-12 02:04:00,50.400661703887515
2025-06-12 11:18:00,63.0
2025-06-12 17:34:00,3.3
2025-06-12 18:30:00,37.7
2025-06-12 01:07:00,73.4
2025-06-12 01:30:00,3.1
2025-06-12 22:45:00,33.5
2025-06-12 08:53:00,19.6
2025-06-12 02:27:00,50.400661703887515
2025-06-12 06:57:00,97.7
2025-06-12 22:26:00,56.2
2025-06-12 04:31:00,84.9
2025-06-12 06:08:00,24.2
2025-06-12 09:04:00,62.9
2025-06-12 22:27:00,11.3
2025-06-12 10:56:00,50.400661703887515
2025-06-12 12:59:00,41.5
2025-06-12 03:32:00,49.84418741885991
2025-06-12 06:54:00,1.0
2025-06-12 15:39:00,19.0
2025-06-12 04:16:00,48.9
2025-06-12 15:19:00,1.4
2025-06-12 06:33:00,82.2
2025-06-12 20:45:00,49.84418741885991
2025-06-12 01:48:00,94.1
2025-06-12 17:55:00,14.5
2025-06-12 02:31:00,46.1
2025-06-12 08:05:00,13.5
2025-06-12 00:33:00,27.4
2025-06-12 10:57:00,84.1
2025-06-12 20:59:00,49.84418741885991
2025-06-12 14:46:00,82.9
2025-06-12 03:47:00,7.4
2025-06-12 03:08:00,49.84418741885991
2025-06-12 22:50:00,49.84418741885991
2025-06-12 06:14:00,6.9
2025-06-12 22:44:00,83.4
2025-06-12 06:59:00,91.0
2025-06-12 15:10:00,2.4
2025-06-12 21:39:00,30.6
2025-06-12 19:08:00,90.7
2025-06-12 07:55:00,32.3
2025-06-12 22:48:00,54.6
2025-06-12 19:39:00,74.8
2025-06-12 01:13:00,49.84418741885991
2025-06-12 20:14:00,49.84418741885991
2025-06-12 03:10:00,62.3
2025-06-12 17:36:00,49.84418741885991
2025-06-12 23:21:00,76.9
2025-06-12 19:44:00,37.9
2025-06-12 03:51:00,80.0
2025-06-12 17:44:00,2.4
2025-06-12 07:11:00,32.9
2025-06-12 08:02:00,66.9
2025-06-12 08:58:00,95.1
2025-06-12 05:56:00,22.9
2025-06-12 20:56:00,73.8
2025-06-12 06:58:00,98.8
2025-06-12 06:11:00,50.0
2025-06-12 16:04:00,68.6
2025-06-12 13:59:00,92.1
2025-06-12 00:50:00,64.8
2025-06-12 09:54:00,74.0
2025-06-12 21:31:00,23.3
2025-06-12 13:15:00,1.6
2025-06-12 20:31:00,43.9
2025-06-12 10:46:00,65.4
2025-06-12 08:36:00,28.0
2025-06-12 14:24:00,23.0
2025-06-12 14:31:00,86.0
2025-06-12 22:11:00,26.0
2025-06-12 16:41:00,49.84418741885991
2025-06-12 01:08:00,34.5
2025-06-12 17:38:00,55.7
2025-06-12 11:46:00,72.5
2025-06-12 13:49:00,39.9
2025-06-12 06:25:00,62.0
2025-06-12 23:46:00,23.3
2025-06-12 09:46:00,86.5
2025-06-12 05:24:00,9.5
2025-06-12 22:16:00,66.6
2025-06-12 17:53:00,0.5
2025-06-12 19:59:00,57.6
2025-06-12 11:33:00,4.4
2025-06-12 08:26:00,27.9
2025-06-12 11:42:00,32.9
2025-06-12 07:17:00,14.2
2025-06-12 19:04:00,53.6
2025-06-12 13:02:00,41.2
2025-06-12 05:52:00,71.6
2025-06-12 03:02:00,81.8
2025-06-12 20:18:00,92.8
2025-06-12 04:29:00,93.1
2025-06-12 14:14:00,49.84418741885991
2025-06-12 01:32:00,49.84418741885991
2025-06-12 19:02:00,49.84418741885991
2025-06-12 23:24:00,9.9
2025-06-12 19:27:00,46.0
2025-06-12 20:53:00,50.2
2025-06-12 15:37:00,49.84418741885991
2025-06-12 09:42:00,96.0
2025-06-12 23:34:00,37.3
2025-06-12 02:01:00,88.6
2025-06-12 22:00:00,46.0
2025-06-12 05:40:00,49.84418741885991
2025-06-12 00:10:00,9.0
2025-06-12 06:08:00,49.84418741885991
2025-06-12 18:32:00,92.7
2025-06-12 09:08:00,91.8
2025-06-12 07:46:00,11.4
2025-06-12 08:07:00,57.5
2025-06-12 11:08:00,64.9
2025-06-12 05:08:00,47.0
2025-06-12 04:32:00,49.84418741885991
2025-06-12 07:28:00,94.4
2025-06-12 09:59:00,64.3
2025-06-12 12:27:00,54.0
2025-06-12 16:40:00,49.84418741885991
2025-06-12 02:52:00,32.3
2025-06-12 12:34:00,19.1
2025-06-12 07:27:00,56.9
2025-06-12 11:21:00,47.0
2025-06-12 14:39:00,49.84418741885991
2025-06-12 06:17:00,26.3
2025-06-12 00:46:00,4.4
2025-06-12 06:36:00,98.7
2025-06-12 21:57:00,44.3
2025-06-12 16:29:00,3.2
2025-06-12 20:52:00,14.1
2025-06-12 14:11:00,88.2
2025-06-12 07:34:00,68.7
2025-06-12 05:21:00,73.6
2025-06-12 13:55:00,49.84418741885991
2025-06-12 09:18:00,5.8
2025-06-12 01:04:00,30.4
2025-06-12 01:11:00,82.3
2025-06-12 15:18:00,49.84418741885991
2025-06-12 02:54:00,43.5
2025-06-12 11:06:00,9.9
2025-06-12 03:22:00,0.0
2025-06-12 14:25:00,95.4
2025-06-12 03:27:00,93.8
2025-06-12 03:39:00,49.84418741885991
2025-06-12 00:11:00,43.6
2025-06-12 20:44:00,68.2
2025-06-12 12:36:00,28.6
2025-06-12 09:17:00,16.5
2025-06-12 06:31:00,13.1
2025-06-12 11:19:00,40.1
2025-06-12 16:02:00,78.8
2025-06-12 09:38:00,11.0
2025-06-12 13:17:00,40.0
2025-06-12 02:26:00,28.9
2025-06-12 01:41:00,92.8
2025-06-12 13:22:00,94.4
2025-06-12 10:12:00,40.8
2025-06-12 09:57:00,78.8
2025-06-12 02:57:00,56.2
2025-06-12 11:56:00,0.3
2025-06-12 22:10:00,76.5
2025-06-12 13:30:00,49.2
2025-06-12 06:16:00,31.9
2025-06-12 17:58:00,26.3
2025-06-12 16:36:00,66.6
2025-06-12 19:01:00,64.2
2025-06-12 14:59:00,49.84418741885991
2025-06-12 03:33:00,95.4
2025-06-12 21:29:00,95.4
2025-06-12 06:29:00,82.0
2025-06-12 06:45:00,47.9
2025-06-12 11:27:00,52.6
2025-06-12 07:00:00,49.84418741885991
2025-06-12 23:57:00,24.4
2025-06-12 12:05:00,49.84418741885991
2025-06-12 11:57:00,85.7
2025-06-12 21:23:00,19.5
2025-06-12 07:06:00,33.5
2025-06-12 19:32:00,68.1
2025-06-12 01:57:00,47.3
2025-06-12 13:01:00,63.9
2025-06-12 01:10:00,7.6
2025-06-12 00:32:00,94.8
2025-06-12 17:40:00,99.8
2025-06-12 13:46:00,57.5
2025-06-12 03:11:00,76.7
2025-06-12 11:41:00,60.4
2025-06-12 15:09:00,88.1
2025-06-12 07:41:00,10.5
2025-06-12 08:49:00,34.0
2025-06-12 15:44:00,96.2
2025-06-12 17:17:00,44.4
2025-06-12 19:06:00,20.2
2025-06-12 05:38:00,67.4
2025-06-12 17:52:00,49.84418741885991
2025-06-12 10:33:00,76.8
2025-06-12 16:35:00,71.7
2025-06-12 01:45:00,51.9
2025-06-12 23:26:00,20.3
2025-06-12 16:03:00,17.8
2025-06-12 10:44:00,33.9
2025-06-12 18:57:00,49.84418741885991
2025-06-12 01:31:00,67.6
2025-06-12 18:38:00,55.4
2025-06-12 22:33:00,49.84418741885991
2025-06-12 02:50:00,54.3
2025-06-12 16:33:00,49.84418741885991
2025-06-12 16:32:00,0.6
2025-06-12 23:20:00,10.7
2025-06-12 19:21:00,7.6
2025-06-12 08:41:00,8.0
2025-06-12 13:36:00,66.3
2025-06-12 22:12:00,65.9
2025-06-12 18:15:00,81.5
2025-06-12 15:15:00,49.84418741885991
2025-06-12 11:02:00,77.8
2025-06-12 23:00:00,52.7
2025-06-12 08:38:00,92.9
2025-06-12 20:07:00,58.5
2025-06-12 03:23:00,22.4
2025-06-12 15:24:00,75.4
2025-06-12 05:57:00,60.1
2025-06-12 13:37:00,51.1
2025-06-12 19:13:00,25.4
2025-06-12 18:29:00,13.2
2025-06-12 13:24:00,90.8
2025-06-12 02:13:00,49.84418741885991
2025-06-12 15:57:00,99.8
2025-06-12 16:00:00,49.84418741885991
2025-06-12 22:51:00,72.4
2025-06-12 21:22:00,52.2
2025-06-12 07:15:00,63.7
2025-06-12 14:49:00,37.7
2025-06-12 12:22:00,67.9
2025-06-12 22:54:00,13.1
2025-06-12 10:29:00,2.1
2025-06-12 00:45:00,49.84418741885991
2025-06-12 11:55:00,12.3
2025-06-12 23:47:00,49.84418741885991
2025-06-12 18:06:00,73.9
2025-06-12 14:03:00,75.9
2025-06-12 10:58:00,25.6
2025-06-12 06:27:00,46.3
2025-06-12 23:35:00,62.1
2025-06-12 12:18:00,35.9
2025-06-12 15:49:00,53.4
2025-06-12 21:10:00,60.7
2025-06-12 19:47:00,49.84418741885991
2025-06-12 06:26:00,49.84418741885991
2025-06-12 22:34:00,77.2
2025-06-12 05:54:00,66.4
2025-06-12 01:21:00,96.9
2025-06-12 22:26:00,75.4
2025-06-12 20:33:00,30.9
2025-06-12 17:25:00,68.4
2025-06-12 22:45:00,35.6
2025-06-12 02:43:00,38.7
2025-06-12 09:34:00,63.2
2025-06-12 13:12:00,95.1
2025-06-12 20:11:00,29.1
2025-06-12 16:16:00,13.8
2025-06-12 06:34:00,37.1
2025-06-12 22:07:00,13.2
2025-06-12 05:32:00,2.0
2025-06-12 12:29:00,32.3
2025-06-12 05:27:00,96.3
2025-06-12 00:34:00,49.84418741885991
2025-06-12 06:41:00,35.1
2025-06-12 19:43:00,20.5
2025-06-12 08:19:00,42.3
2025-06-12 23:08:00,7.3
2025-06-12 04:23:00,29.6
2025-06-12 02:33:00,26.4
2025-06-12 16:34:00,49.84418741885991
2025-06-12 17:50:00,74.6
2025-06-12 21:13:00,52.6
2025-06-12 05:43:00,86.7
2025-06-12 17:31:00,7.8
2025-06-12 09:31:00,10.7
2025-06-12 00:56:00,55.0
2025-06-12 00:08:00,3.9
2025-06-12 19:00:00,22.9
2025-06-12 18:18:00,49.84418741885991
2025-06-12 16:22:00,35.7
2025-06-12 18:23:00,44.4
2025-06-12 18:27:00,55.2
2025-06-12 03:26:00,28.1
2025-06-12 02:53:00,52.9
2025-06-12 09:05:00,54.6
2025-06-12 22:56:00,77.2
2025-06-12 14:04:00,34.0
2025-06-12 14:56:00,96.6
2025-06-12 01:06:00,14.2
2025-06-12 01:37:00,32.3
2025-06-12 05:07:00,98.1
2025-06-12 02:39:00,38.9
2025-06-12 06:20:00,57.9
2025-06-12 10:50:00,49.84418741885991
2025-06-12 12:31:00,59.9
2025-06-12 14:33:00,14.0
2025-06-12 01:14:00,29.3
2025-06-12 18:20:00,94.7
2025-06-12 07:43:00,94.0
2025-06-12 06:28:00,53.7
2025-06-12 15:51:00,32.7
2025-06-12 09:51:00,14.0
2025-06-12 07:58:00,64.1
2025-06-12 18:59:00,0.6
2025-06-12 14:50:00,67.8
2025-06-12 20:01:00,58.5
2025-06-12 06:13:00,3.0
2025-06-12 12:59:00,46.2
2025-06-12 08:01:00,75.6
2025-06-12 21:10:00,18.7
2025-06-12 11:48:00,5.0
2025-06-12 04:37:00,40.1
2025-06-12 13:25:00,59.7
2025-06-12 04:10:00,6.5
2025-06-12 19:06:00,28.0
2025-06-12 04:31:00,61.4
2025-06-12 02:17:00,50.31892714921527
2025-06-12 08:56:00,89.8
2025-06-12 15:39:00,10.0
2025-06-12 04:51:00,54.5
2025-06-12 07:24:00,0.8
2025-06-12 04:19:00,23.2
2025-06-12 01:04:00,65.7
2025-06-12 10:22:00,50.31892714921527
2025-06-12 09:41:00,50.31892714921527
2025-06-12 22:14:00,84.6
2025-06-12 14:31:00,61.6
2025-06-12 22:24:00,4.7
2025-06-12 03:56:00,89.3
2025-06-12 18:14:00,50.31892714921527
2025-06-12 08:30:00,50.31892714921527
2025-06-12 18:00:00,46.8
2025-06-12 13:01:00,94.1
2025-06-12 07:32:00,37.4
2025-06-12 02:46:00,83.4
2025-06-12 06:37:00,64.0
2025-06-12 22:59:00,5.3
2025-06-12 11:49:00,62.1
2025-06-12 17:19:00,50.2
2025-06-12 10:27:00,32.0
2025-06-12 10:59:00,11.0
2025-06-12 18:32:00,10.0
2025-06-12 06:36:00,66.1
2025-06-12 01:21:00,64.9
2025-06-12 04:43:00,66.1
2025-06-12 16:32:00,62.5
2025-06-12 11:32:00,26.9
2025-06-12 15:36:00,78.6
2025-06-12 05:12:00,19.1
2025-06-12 18:18:00,50.0
2025-06-12 13:31:00,50.31892714921527
2025-06-12 01:30:00,94.9
2025-06-12 08:59:00,26.4
2025-06-12 17:42:00,57.4
2025-06-12 21:13:00,37.8
2025-06-12 08:05:00,60.7
2025-06-12 13:21:00,74.3
2025-06-12 19:03:00,6.7
2025-06-12 03:22:00,83.6
2025-06-12 19:15:00,50.31892714921527
2025-06-12 20:44:00,43.1
2025-06-12 17:28:00,93.3
2025-06-12 11:17:00,44.3
2025-06-12 03:10:00,24.5
2025-06-12 03:11:00,41.2
2025-06-12 01:35:00,50.31892714921527
2025-06-12 14:03:00,88.1
2025-06-12 01:06:00,73.0
2025-06-12 09:29:00,70.9
2025-06-12 00:47:00,17.5
2025-06-12 01:12:00,16.8
2025-06-12 05:16:00,90.7
2025-06-12 02:28:00,35.7
2025-06-12 04:36:00,33.6
2025-06-12 00:41:00,61.0
2025-06-12 21:39:00,61.2
2025-06-12 10:55:00,67.8
2025-06-12 20:22:00,59.2
2025-06-12 00:57:00,21.0
2025-06-12 14:18:00,67.2
2025-06-12 21:11:00,78.6
2025-06-12 23:41:00,51.5
2025-06-12 18:15:00,56.9
2025-06-12 12:45:00,63.1
2025-06-12 14:27:00,46.6
2025-06-12 15:19:00,25.5
2025-06-12 08:39:00,73.7
2025-06-12 11:13:00,71.0
2025-06-12 09:45:00,50.31892714921527
2025-06-12 00:26:00,3.1
2025-06-12 03:18:00,4.1
2025-06-12 11:30:00,56.0
2025-06-12 13:29:00,94.7
2025-06-12 05:05:00,61.9
2025-06-12 01:46:00,83.0
2025-06-12 04:42:00,14.1
2025-06-12 08:41:00,50.31892714921527
2025-06-12 21:20:00,32.5
2025-06-12 04:20:00,6.6
2025-06-12 03:21:00,70.6
2025-06-12 18:16:00,91.9
2025-06-12 18:46:00,58.3
2025-06-12 10:09:00,50.31892714921527
2025-06-12 19:43:00,60.1
2025-06-12 14:41:00,85.8
2025-06-12 02:29:00,62.3
2025-06-12 02:07:00,89.1
2025-06-12 11:00:00,74.0
2025-06-12 01:29:00,64.0
2025-06-12 15:28:00,93.9
2025-06-12 02:55:00,5.1
2025-06-12 15:48:00,28.4
2025-06-12 09:39:00,49.9
2025-06-12 22:35:00,15.7
2025-06-12 06:51:00,23.1
2025-06-12 10:12:00,50.31892714921527
2025-06-12 01:47:00,58.2
2025-06-12 08:16:00,80.9
2025-06-12 03:23:00,61.9
2025-06-12 08:31:00,38.0
2025-06-12 09:26:00,98.2
2025-06-12 16:15:00,71.4
2025-06-12 12:30:00,95.6
2025-06-12 15:54:00,80.8
2025-06-12 00:24:00,24.3
2025-06-12 20:10:00,84.2
2025-06-12 20:45:00,42.9
2025-06-12 05:33:00,12.9
2025-06-12 00:02:00,50.31892714921527
2025-06-12 10:01:00,96.5
2025-06-12 20:00:00,26.3
2025-06-12 01:07:00,50.31892714921527
2025-06-12 16:05:00,24.7
2025-06-12 05:07:00,55.4
2025-06-12 12:41:00,67.1
2025-06-12 12:20:00,44.7
2025-06-12 19:14:00,4.1
2025-06-12 22:39:00,27.2
2025-06-12 02:23:00,8.7
2025-06-12 10:16:00,49.5
2025-06-12 17:02:00,86.4
2025-06-12 05:37:00,8.6
2025-06-12 03:17:00,15.8
2025-06-12 20:42:00,65.8
2025-06-12 14:40:00,50.31892714921527
2025-06-12 01:05:00,74.3
2025-06-12 00:34:00,99.8
2025-06-12 13:20:00,92.1
2025-06-12 06:14:00,63.8
2025-06-12 15:26:00,50.31892714921527
2025-06-12 03:16:00,6.4
2025-06-12 11:34:00,50.31892714921527
2025-06-12 03:35:00,39.7
2025-06-12 16:12:00,74.7
2025-06-12 05:51:00,5.4
2025-06-12 19:04:00,36.0
2025-06-12 10:47:00,50.4
2025-06-12 19:27:00,10.3
2025-06-12 11:44:00,50.31892714921527
2025-06-12 17:59:00,50.31892714921527
2025-06-12 08:18:00,51.9
2025-06-12 02:06:00,69.7
2025-06-12 14:29:00,55.4
2025-06-12 03:33:00,74.9
2025-06-12 07:07:00,92.6
2025-06-12 15:05:00,49.8
2025-06-12 18:49:00,80.4
2025-06-12 03:50:00,83.2
2025-06-12 21:03:00,34.8
2025-06-12 09:09:00,37.4
2025-06-12 08:47:00,8.6
2025-06-12 17:34:00,68.1
2025-06-12 01:22:00,75.9
2025-06-12 20:18:00,50.31892714921527
2025-06-12 19:29:00,0.9
2025-06-12 04:17:00,87.3
2025-06-12 07:29:00,54.4
2025-06-12 06:39:00,37.0
2025-06-12 23:20:00,92.2
2025-06-12 05:40:00,41.4
2025-06-12 04:12:00,49.3
2025-06-12 19:37:00,64.0
2025-06-12 10:23:00,91.8
2025-06-12 03:37:00,46.8
2025-06-12 04:56:00,76.6
2025-06-12 09:35:00,50.31892714921527
2025-06-12 17:45:00,72.3
2025-06-12 05:43:00,53.7
2025-06-12 01:03:00,90.8
2025-06-12 00:55:00,57.8
2025-06-12 11:28:00,74.3
2025-06-12 09:38:00,21.5
2025-06-12 21:42:00,99.7
2025-06-12 13:53:00,59.3
2025-06-12 03:34:00,32.4
2025-06-12 12:16:00,26.1
2025-06-12 11:04:00,50.31892714921527
2025-06-12 06:28:00,53.3
2025-06-12 14:19:00,45.6
2025-06-12 18:23:00,4.9
2025-06-12 04:05:00,68.8
2025-06-12 20:56:00,50.9
2025-06-12 16:37:00,23.0
2025-06-12 17:21:00,7.1
2025-06-12 15:59:00,28.2
2025-06-12 13:37:00,59.5
2025-06-12 00:13:00,86.5
2025-06-12 14:45:00,69.9
2025-06-12 19:57:00,50.31892714921527
2025-06-12 18:27:00,59.4
2025-06-12 08:17:00,68.5
2025-06-12 10:44:00,50.31892714921527
2025-06-12 08:51:00,50.31892714921527
2025-06-12 08:32:00,93.9
2025-06-12 15:35:00,93.8
2025-06-12 06:54:00,50.31892714921527
2025-06-12 06:11:00,56.8
2025-06-12 13:35:00,29.9
2025-06-12 21:41:00,97.8
2025-06-12 03:32:00,50.31892714921527
2025-06-12 03:55:00,7.2
2025-06-12 08:27:00,40.0
2025-06-12 18:30:00,8.9
2025-06-12 23:17:00,77.0
2025-06-12 02:22:00,63.8
2025-06-12 21:18:00,24.6
2025-06-12 07:06:00,50.31892714921527
2025-06-12 13:17:00,54.1
2025-06-12 13:22:00,85.3
2025-06-12 10:30:00,86.6
2025-06-12 07:55:00,50.31892714921527
2025-06-12 20:53:00,50.31892714921527
2025-06-12 04:22:00,13.3
2025-06-12 00:22:00,71.6
2025-06-12 15:31:00,92.3
2025-06-12 17:00:00,67.3
2025-06-12 18:35:00,30.4
2025-06-12 06:10:00,50.31892714921527
2025-06-12 03:08:00,1.9
2025-06-12 04:41:00,70.7
2025-06-12 06:55:00,71.7
2025-06-12 01:59:00,50.31892714921527
2025-06-12 15:38:00,45.2
2025-06-12 10:35:00,50.31892714921527
2025-06-12 14:05:00,41.8
2025-06-12 19:39:00,61.7
2025-06-12 16:54:00,46.7
2025-06-12 13:00:00,45.5
2025-06-12 21:33:00,91.5
2025-06-12 15:17:00,50.31892714921527
2025-06-12 16:16:00,95.6
2025-06-12 18:58:00,62.3
2025-06-12 12:33:00,87.3
2025-06-12 00:46:00,97.3
2025-06-12 06:32:00,61.8
2025-06-12 20:38:00,12.6
2025-06-12 01:14:00,36.4
2025-06-12 10:04:00,43.2
2025-06-12 08:44:00,4.0
2025-06-12 23:13:00,17.4
2025-06-12 11:54:00,31.6
2025-06-12 07:10:00,12.6
2025-06-12 19:36:00,63.6
2025-06-12 02:53:00,50.31892714921527
2025-06-12 20:11:00,50.31892714921527
2025-06-12 03:14:00,98.3
2025-06-12 08:58:00,12.3
2025-06-12 15:51:00,14.6
2025-06-12 05:31:00,40.5
2025-06-12 10:00:00,15.6
2025-06-12 01:53:00,60.9
2025-06-12 10:15:00,91.7
2025-06-12 00:39:00,98.3
2025-06-12 05:47:00,97.8
2025-06-12 16:13:00,77.0
2025-06-12 04:34:00,29.0
2025-06-12 18:50:00,50.31892714921527
2025-06-12 11:22:00,88.6
2025-06-12 04:40:00,24.7
2025-06-12 15:32:00,1.8
2025-06-12 16:25:00,41.3
2025-06-12 17:47:00,10.2
2025-06-12 00:52:00,52.2
2025-06-12 14:12:00,30.9
2025-06-12 00:06:00,33.6
2025-06-12 03:48:00,95.7
2025-06-12 11:36:00,64.2
2025-06-12 14:09:00,43.7
2025-06-12 22:52:00,68.4
2025-06-12 06:06:00,50.31892714921527
2025-06-12 22:12:00,11.3
2025-06-12 00:25:00,50.31892714921527
2025-06-12 21:57:00,33.0
2025-06-12 14:20:00,41.9
2025-06-12 18:40:00,25.7
2025-06-12 21:54:00,62.9
2025-06-12 23:50:00,36.5
2025-06-12 07:36:00,27.5
2025-06-12 17:09:00,9.6
2025-06-12 15:55:00,19.0
2025-06-12 06:30:00,54.9
2025-06-12 02:11:00,55.4
2025-06-12 11:31:00,68.1
2025-06-12 22:08:00,52.4
2025-06-12 23:14:00,98.1
2025-06-12 01:37:00,60.6
2025-06-12 19:49:00,46.6
2025-06-12 03:20:00,45.1
2025-06-12 07:53:00,83.9
2025-06-12 22:00:00,51.6
2025-06-12 23:40:00,50.31892714921527
2025-06-12 14:51:00,53.4
2025-06-12 23:15:00,54.2
2025-06-12 13:03:00,50.31892714921527
2025-06-12 11:53:00,91.3
2025-06-12 12:49:00,68.9
2025-06-12 19:13:00,7.5
2025-06-12 17:30:00,78.4
2025-06-12 22:53:00,50.31892714921527
2025-06-12 16:01:00,76.6
2025-06-12 19:23:00,19.1
2025-06-12 16:11:00,6.5
2025-06-12 01:51:00,67.3
2025-06-12 22:50:00,64.2
2025-06-12 03:46:00,69.0
2025-06-12 03:51:00,50.31892714921527
2025-06-12 10:21:00,26.8
2025-06-12 11:18:00,36.5
2025-06-12 15:08:00,1.1
2025-06-12 23:05:00,50.9
2025-06-12 11:38:00,25.6
2025-06-12 19:16:00,96.0
2025-06-12 19:58:00,99.4
2025-06-12 01:00:00,42.7
2025-06-12 06:33:00,57.1
2025-06-12 14:43:00,97.9
2025-06-12 22:10:00,20.7
2025-06-12 14:38:00,43.7
2025-06-12 09:36:00,88.3
2025-06-12 23:30:00,96.6
2025-06-12 20:07:00,31.1
2025-06-12 20:02:00,8.3
2025-06-12 22:17:00,6.1
2025-06-12 06:43:00,88.8
2025-06-12 17:34:00,30.3
2025-06-12 11:04:00,49.91221338324755
2025-06-12 09:03:00,70.6
2025-06-12 07:51:00,9.1
2025-06-12 07:28:00,23.8
2025-06-12 10:03:00,77.0
2025-06-12 00:04:00,5.4
2025-06-12 14:25:00,42.8
2025-06-12 19:09:00,8.4
2025-06-12 16:40:00,30.0
2025-06-12 16:19:00,34.8
2025-06-12 01:15:00,0.3
2025-06-12 15:42:00,88.4
2025-06-12 02:46:00,5.9
2025-06-12 14:23:00,75.2
2025-06-12 03:40:00,55.7
2025-06-12 22:49:00,57.5
2025-06-12 14:37:00,49.91221338324755
2025-06-12 10:02:00,59.9
2025-06-12 18:33:00,53.7
2025-06-12 08:05:00,47.0
2025-06-12 05:19:00,17.0
2025-06-12 09:06:00,49.91221338324755
2025-06-12 12:44:00,21.3
2025-06-12 01:07:00,33.8
2025-06-12 05:46:00,49.91221338324755
2025-06-12 22:03:00,18.4
2025-06-12 22:01:00,89.7
2025-06-12 14:44:00,47.6
2025-06-12 05:25:00,96.6
2025-06-12 15:43:00,51.1
2025-06-12 06:58:00,63.5
2025-06-12 03:25:00,14.3
2025-06-12 10:26:00,97.7
2025-06-12 07:12:00,39.8
2025-06-12 19:06:00,98.2
2025-06-12 21:04:00,28.6
2025-06-12 18:28:00,4.3
2025-06-12 15:03:00,51.5
2025-06-12 20:47:00,65.4
2025-06-12 17:06:00,31.4
2025-06-12 18:58:00,49.91221338324755
2025-06-12 01:21:00,46.7
2025-06-12 19:12:00,29.9
2025-06-12 06:18:00,90.5
2025-06-12 23:47:00,13.7
2025-06-12 23:20:00,9.4
2025-06-12 01:03:00,49.0
2025-06-12 13:03:00,5.7
2025-06-12 17:07:00,89.0
2025-06-12 04:58:00,97.1
2025-06-12 07:59:00,89.9
2025-06-12 09:00:00,9.9
2025-06-12 20:10:00,49.1
2025-06-12 11:01:00,22.5
2025-06-12 00:42:00,12.0
2025-06-12 22:24:00,18.3
2025-06-12 00:22:00,22.0
2025-06-12 17:44:00,9.8
2025-06-12 23:11:00,83.0
2025-06-12 19:03:00,15.6
2025-06-12 05:06:00,15.2
2025-06-12 21:38:00,49.91221338324755
2025-06-12 17:37:00,41.5
2025-06-12 04:56:00,3.6
2025-06-12 03:10:00,14.6
2025-06-12 23:35:00,49.91221338324755
2025-06-12 11:34:00,42.5
2025-06-12 06:02:00,49.91221338324755
2025-06-12 07:35:00,87.0
2025-06-12 04:12:00,90.2
2025-06-12 02:32:00,0.2
2025-06-12 04:37:00,86.7
2025-06-12 15:05:00,9.3
2025-06-12 10:33:00,6.1
2025-06-12 01:38:00,39.4
2025-06-12 01:55:00,49.91221338324755
2025-06-12 01:01:00,13.4
2025-06-12 10:12:00,49.91221338324755
2025-06-12 08:14:00,99.5
2025-06-12 21:45:00,42.2
2025-06-12 09:42:00,49.91221338324755
2025-06-12 12:48:00,61.5
2025-06-12 12:03:00,62.3
2025-06-12 06:05:00,35.0
2025-06-12 23:13:00,20.5
2025-06-12 15:47:00,16.0
2025-06-12 08:19:00,32.4
2025-06-12 18:07:00,33.3
2025-06-12 15:28:00,49.91221338324755
2025-06-12 03:20:00,11.5
2025-06-12 16:44:00,6.3
2025-06-12 16:48:00,34.8
2025-06-12 17:17:00,89.7
2025-06-12 01:11:00,42.4
2025-06-12 00:58:00,28.2
2025-06-12 12:15:00,6.8
2025-06-12 07:21:00,89.6
2025-06-12 21:06:00,35.9
2025-06-12 04:50:00,49.91221338324755
2025-06-12 05:14:00,23.9
2025-06-12 21:57:00,49.91221338324755
2025-06-12 06:10:00,26.5
2025-06-12 05:27:00,91.6
2025-06-12 18:24:00,61.3
2025-06-12 15:57:00,98.2
2025-06-12 23:04:00,98.3
2025-06-12 15:00:00,64.7
2025-06-12 17:59:00,46.3
2025-06-12 00:18:00,62.0
2025-06-12 00:52:00,49.91221338324755
2025-06-12 15:50:00,41.5
2025-06-12 18:09:00,41.6
2025-06-12 07:00:00,80.6
2025-06-12 07:11:00,80.1
2025-06-12 08:15:00,58.3
2025-06-12 14:33:00,49.91221338324755
2025-06-12 17:45:00,75.1
2025-06-12 18:04:00,93.9
2025-06-12 08:47:00,74.6
2025-06-12 14:06:00,57.6
2025-06-12 22:19:00,86.7
2025-06-12 17:23:00,41.5
2025-06-12 08:08:00,18.1
2025-06-12 21:32:00,39.8
2025-06-12 11:46:00,92.5
2025-06-12 07:46:00,94.2
2025-06-12 12:12:00,99.7
2025-06-12 18:11:00,24.0
2025-06-12 08:58:00,49.91221338324755
2025-06-12 13:15:00,27.0
2025-06-12 19:41:00,78.9
2025-06-12 08:04:00,49.91221338324755
2025-06-12 01:25:00,49.91221338324755
2025-06-12 11:10:00,22.2
2025-06-12 02:08:00,35.9
2025-06-12 07:36:00,23.4
2025-06-12 09:14:00,31.3
2025-06-12 00:25:00,71.6
2025-06-12 16:55:00,47.3
2025-06-12 21:58:00,22.0
2025-06-12 20:12:00,49.91221338324755
2025-06-12 12:26:00,58.5
2025-06-12 17:47:00,78.1
2025-06-12 04:18:00,68.8
2025-06-12 09:55:00,46.2
2025-06-12 02:47:00,20.1
2025-06-12 01:31:00,86.7
2025-06-12 10:57:00,63.0
2025-06-12 04:25:00,64.7
2025-06-12 22:40:00,67.9
2025-06-12 10:07:00,49.91221338324755
2025-06-12 13:44:00,79.9
2025-06-12 18:54:00,49.91221338324755
2025-06-12 08:41:00,49.91221338324755
2025-06-12 21:46:00,0.7
2025-06-12 15:36:00,54.9
2025-06-12 16:07:00,49.91221338324755
2025-06-12 10:43:00,53.5
2025-06-12 12:33:00,5.0
2025-06-12 11:21:00,38.8
2025-06-12 15:23:00,16.2
2025-06-12 17:41:00,88.1
2025-06-12 20:11:00,69.5
2025-06-12 23:37:00,28.4
2025-06-12 03:15:00,49.91221338324755
2025-06-12 15:17:00,24.8
2025-06-12 13:43:00,41.8
2025-06-12 15:51:00,16.9
2025-06-12 23:59:00,10.8
2025-06-12 05:52:00,72.8
2025-06-12 09:47:00,44.8
2025-06-12 16:11:00,83.1
2025-06-12 13:21:00,59.1
2025-06-12 11:37:00,25.1
2025-06-12 02:43:00,49.91221338324755
2025-06-12 16:23:00,17.3
2025-06-12 21:08:00,76.6
2025-06-12 15:48:00,94.7
2025-06-12 03:29:00,95.9
2025-06-12 17:05:00,96.7
2025-06-12 11:36:00,82.6
2025-06-12 10:21:00,49.91221338324755
2025-06-12 09:29:00,80.4
2025-06-12 04:16:00,26.1
2025-06-12 05:38:00,83.9
2025-06-12 17:15:00,43.0
2025-06-12 15:13:00,41.6
2025-06-12 07:57:00,88.5
2025-06-12 21:49:00,66.0
2025-06-12 18:51:00,49.91221338324755
2025-06-12 23:01:00,94.0
2025-06-12 15:59:00,52.1
2025-06-12 01:54:00,92.2
2025-06-12 19:28:00,55.4
2025-06-12 21:01:00,26.0
2025-06-12 14:07:00,88.6
2025-06-12 22:41:00,52.7
2025-06-12 06:22:00,31.1
2025-06-12 02:36:00,49.91221338324755
2025-06-12 04:22:00,81.4
2025-06-12 14:30:00,91.1
2025-06-12 19:01:00,97.6
2025-06-12 09:59:00,27.6
2025-06-12 13:30:00,67.3
2025-06-12 15:27:00,49.91221338324755
2025-06-12 19:51:00,67.5
2025-06-12 01:56:00,12.0
2025-06-12 20:40:00,49.91221338324755
2025-06-12 23:58:00,49.91221338324755
2025-06-12 15:07:00,53.3
2025-06-12 22:57:00,32.2
2025-06-12 19:55:00,25.7
2025-06-12 13:09:00,49.91221338324755
2025-06-12 00:17:00,68.6
2025-06-12 16:42:00,87.6
2025-06-12 19:59:00,48.6
2025-06-12 07:18:00,48.5
2025-06-12 07:30:00,49.91221338324755
2025-06-12 00:27:00,79.0
2025-06-12 09:23:00,76.1
2025-06-12 14:47:00,83.2
2025-06-12 19:36:00,49.91221338324755
2025-06-12 14:29:00,69.3
2025-06-12 19:14:00,37.5
2025-06-12 19:07:00,47.6
2025-06-12 14:24:00,10.4
2025-06-12 11:38:00,15.6
2025-06-12 21:43:00,7.6
2025-06-12 12:05:00,5.1
2025-06-12 02:53:00,13.2
2025-06-12 04:40:00,39.4
2025-06-12 03:32:00,26.7
2025-06-12 09:46:00,49.91221338324755
2025-06-12 23:19:00,53.4
2025-06-12 23:03:00,81.2
2025-06-12 11:14:00,49.91221338324755
2025-06-12 13:20:00,0.6
2025-06-12 22:31:00,35.6
2025-06-12 12:43:00,45.9
2025-06-12 06:16:00,49.91221338324755
2025-06-12 07:03:00,95.9
2025-06-12 08:28:00,39.4
2025-06-12 16:01:00,90.6
2025-06-12 04:53:00,26.0
2025-06-12 22:18:00,40.5
2025-06-12 18:18:00,52.7
2025-06-12 07:52:00,12.6
2025-06-12 22:21:00,73.5
2025-06-12 21:11:00,97.0
2025-06-12 14:58:00,35.8
2025-06-12 02:02:00,47.3
2025-06-12 08:33:00,15.2
2025-06-12 08:29:00,33.0
2025-06-12 07:43:00,45.6
2025-06-12 21:52:00,57.7
2025-06-12 14:51:00,17.9
2025-06-12 07:44:00,59.9
2025-06-12 21:02:00,3.0
2025-06-12 23:16:00,68.1
2025-06-12 10:22:00,68.2
2025-06-12 06:24:00,80.2
2025-06-12 21:30:00,12.1
2025-06-12 18:55:00,39.5
2025-06-12 09:38:00,41.5
2025-06-12 08:01:00,34.1
2025-06-12 02:31:00,49.91221338324755
2025-06-12 03:02:00,4.4
2025-06-12 11:07:00,44.9
2025-06-12 10:42:00,3.6
2025-06-12 01:33:00,0.4
2025-06-12 19:02:00,85.4
2025-06-12 16:45:00,8.2
2025-06-12 06:41:00,45.2
2025-06-12 02:27:00,77.3
2025-06-12 07:25:00,49.91221338324755
2025-06-12 23:46:00,37.9
2025-06-12 10:13:00,49.91221338324755
2025-06-12 17:41:00,65.4
2025-06-12 14:32:00,26.3
2025-06-12 16:06:00,52.5
2025-06-12 13:16:00,96.1
2025-06-12 16:22:00,95.3
2025-06-12 16:32:00,75.3
2025-06-12 22:01:00,76.9
2025-06-12 21:47:00,50.557353635505194
2025-06-12 10:30:00,14.0
2025-06-12 22:29:00,77.2
2025-06-12 03:37:00,52.2
2025-06-12 22:03:00,47.4
2025-06-12 06:22:00,1.9
2025-06-12 12:19:00,93.7
2025-06-12 11:25:00,52.0
2025-06-12 11:37:00,29.1
2025-06-12 08:17:00,70.3
2025-06-12 11:08:00,90.6
2025-06-12 00:54:00,80.8
2025-06-12 06:36:00,4.1
2025-06-12 20:36:00,96.2
2025-06-12 10:52:00,10.7
2025-06-12 07:44:00,28.7
2025-06-12 13:38:00,45.2
2025-06-12 01:07:00,18.6
2025-06-12 15:00:00,70.1
2025-06-12 10:58:00,64.2
2025-06-12 19:54:00,5.5
2025-06-12 23:52:00,34.9
2025-06-12 02:35:00,58.5
2025-06-12 16:41:00,54.2
2025-06-12 19:36:00,38.6
2025-06-12 03:22:00,46.8
2025-06-12 18:13:00,32.7
2025-06-12 00:18:00,17.9
2025-06-12 22:52:00,33.7
2025-06-12 16:20:00,88.8
2025-06-12 12:05:00,43.9
2025-06-12 05:42:00,68.7
2025-06-12 00:58:00,94.4
2025-06-12 17:16:00,74.2
2025-06-12 10:40:00,58.0
2025-06-12 18:56:00,76.2
2025-06-12 01:10:00,79.3
2025-06-12 02:36:00,47.9
2025-06-12 02:49:00,50.557353635505194
2025-06-12 10:56:00,84.1
2025-06-12 15:06:00,50.557353635505194
2025-06-12 04:31:00,9.6
2025-06-12 02:57:00,50.557353635505194
2025-06-12 01:19:00,58.6
2025-06-12 06:43:00,5.8
2025-06-12 03:07:00,40.0
2025-06-12 04:08:00,4.6
2025-06-12 18:31:00,25.0
2025-06-12 15:38:00,50.557353635505194
2025-06-12 02:27:00,2.1
2025-06-12 07:33:00,34.1
2025-06-12 03:29:00,18.9
2025-06-12 23:29:00,52.7
2025-06-12 15:25:00,1.4
2025-06-12 04:30:00,50.557353635505194
2025-06-12 12:33:00,42.8
2025-06-12 10:25:00,57.5
2025-06-12 02:58:00,83.1
2025-06-12 19:05:00,50.557353635505194
2025-06-12 01:57:00,47.7
2025-06-12 15:02:00,42.7
2025-06-12 01:00:00,15.4
2025-06-12 04:42:00,68.9
2025-06-12 18:27:00,1.2
2025-06-12 10:27:00,50.557353635505194
2025-06-12 00:56:00,84.6
2025-06-12 17:08:00,38.4
2025-06-12 21:31:00,24.4
2025-06-12 00:05:00,82.2
2025-06-12 06:40:00,75.8
2025-06-12 06:25:00,5.1
2025-06-12 14:15:00,96.5
2025-06-12 13:50:00,85.9
2025-06-12 23:54:00,23.2
2025-06-12 13:52:00,34.0
2025-06-12 09:22:00,19.3
2025-06-12 05:54:00,6.5
2025-06-12 00:53:00,60.5
2025-06-12 13:10:00,5.7
2025-06-12 23:01:00,50.557353635505194
2025-06-12 21:15:00,13.4
2025-06-12 05:09:00,50.557353635505194
2025-06-12 16:26:00,32.0
2025-06-12 05:56:00,50.557353635505194
2025-06-12 01:58:00,26.9
2025-06-12 00:15:00,41.8
2025-06-12 20:01:00,6.1
2025-06-12 03:57:00,9.0
2025-06-12 03:16:00,63.5
2025-06-12 10:17:00,72.3
2025-06-12 17:46:00,90.3
2025-06-12 18:28:00,2.3
2025-06-12 11:38:00,50.557353635505194
2025-06-12 02:59:00,22.6
2025-06-12 10:02:00,50.557353635505194
2025-06-12 02:45:00,80.5
2025-06-12 22:40:00,93.2
2025-06-12 10:34:00,73.2
2025-06-12 17:02:00,22.3
2025-06-12 04:37:00,35.7
2025-06-12 02:05:00,67.2
2025-06-12 16:14:00,15.4
2025-06-12 13:42:00,50.557353635505194
2025-06-12 07:57:00,2.3
2025-06-12 12:18:00,56.7
2025-06-12 21:12:00,19.1
2025-06-12 04:29:00,4.7
2025-06-12 22:55:00,23.9
2025-06-12 15:51:00,56.5
2025-06-12 11:41:00,30.9
2025-06-12 12:24:00,5.9
2025-06-12 12:08:00,54.5
2025-06-12 15:20:00,81.1
2025-06-12 20:43:00,64.1
2025-06-12 08:21:00,50.557353635505194
2025-06-12 01:02:00,84.6
2025-06-12 02:40:00,7.4
2025-06-12 06:06:00,87.2
2025-06-12 00:30:00,10.5
2025-06-12 03:45:00,88.7
2025-06-12 02:33:00,66.0
2025-06-12 09:24:00,50.557353635505194
2025-06-12 07:40:00,22.5
2025-06-12 07:59:00,50.557353635505194
2025-06-12 18:35:00,60.1
2025-06-12 09:01:00,50.557353635505194
2025-06-12 19:40:00,44.5
2025-06-12 19:39:00,94.6
2025-06-12 20:52:00,92.3
2025-06-12 04:56:00,5.1
2025-06-12 03:00:00,47.5
2025-06-12 13:54:00,28.3
2025-06-12 08:59:00,99.6
2025-06-12 14:42:00,99.8
2025-06-12 00:34:00,1.1
2025-06-12 10:35:00,79.5
2025-06-12 15:15:00,45.2
2025-06-12 09:53:00,50.557353635505194
2025-06-12 09:46:00,50.557353635505194
2025-06-12 06:27:00,57.0
2025-06-12 06:23:00,25.8
2025-06-12 10:47:00,61.0
2025-06-12 04:32:00,50.557353635505194
2025-06-12 06:21:00,6.9
2025-06-12 04:23:00,92.1
2025-06-12 08:55:00,24.9
2025-06-12 11:10:00,32.7
2025-06-12 00:26:00,86.3
2025-06-12 10:22:00,50.4
2025-06-12 21:03:00,99.1
2025-06-12 03:46:00,50.557353635505194
2025-06-12 13:11:00,26.4
2025-06-12 12:14:00,10.4
2025-06-12 03:10:00,60.3
2025-06-12 04:44:00,18.8
2025-06-12 21:37:00,3.7
2025-06-12 15:21:00,1.9
2025-06-12 06:39:00,22.7
2025-06-12 08:25:00,58.0
2025-06-12 02:46:00,50.557353635505194
2025-06-12 19:49:00,50.557353635505194
2025-06-12 20:38:00,33.9
2025-06-12 03:54:00,94.3
2025-06-12 22:54:00,50.557353635505194
2025-06-12 23:03:00,97.2
2025-06-12 02:54:00,41.1
2025-06-12 17:39:00,83.3
2025-06-12 11:00:00,12.8
2025-06-12 18:11:00,29.0
2025-06-12 14:59:00,11.5
2025-06-12 14:14:00,77.4
2025-06-12 09:27:00,47.9
2025-06-12 23:30:00,50.557353635505194
2025-06-12 06:09:00,23.5
2025-06-12 23:44:00,50.557353635505194
2025-06-12 07:49:00,22.9
2025-06-12 04:07:00,28.9
2025-06-12 20:28:00,36.4
2025-06-12 05:53:00,98.6
2025-06-12 01:21:00,50.557353635505194
2025-06-12 12:48:00,82.3
2025-06-12 20:59:00,50.557353635505194
2025-06-12 20:05:00,81.5
2025-06-12 07:12:00,41.4
2025-06-12 16:40:00,85.6
2025-06-12 14:57:00,32.8
2025-06-12 00:55:00,49.0
2025-06-12 07:11:00,50.557353635505194
2025-06-12 05:57:00,1.2
2025-06-12 06:32:00,54.9
2025-06-12 01:54:00,18.9
2025-06-12 19:16:00,94.4
2025-06-12 15:41:00,41.4
2025-06-12 15:52:00,34.9
2025-06-12 09:50:00,44.7
2025-06-12 12:21:00,50.557353635505194
2025-06-12 09:54:00,62.6
2025-06-12 02:11:00,85.9
2025-06-12 08:30:00,94.0
2025-06-12 14:34:00,50.557353635505194
2025-06-12 06:10:00,42.2
2025-06-12 05:00:00,50.557353635505194
2025-06-12 18:04:00,50.557353635505194
2025-06-12 22:58:00,80.2
2025-06-12 13:12:00,50.557353635505194
2025-06-12 00:00:00,37.4
2025-06-12 09:38:00,41.3
2025-06-12 20:14:00,82.9
2025-06-12 18:42:00,69.9
2025-06-12 18:51:00,33.6
2025-06-12 22:53:00,50.557353635505194
2025-06-12 16:13:00,50.557353635505194
2025-06-12 02:04:00,50.557353635505194
2025-06-12 07:52:00,92.6
2025-06-12 18:45:00,30.7
2025-06-12 22:14:00,46.6
2025-06-12 12:23:00,75.0
2025-06-12 07:10:00,8.6
2025-06-12 14:07:00,51.0
2025-06-12 11:04:00,98.9
2025-06-12 17:00:00,38.1
2025-06-12 12:15:00,77.3
2025-06-12 09:06:00,50.557353635505194
2025-06-12 21:51:00,74.0
2025-06-12 09:33:00,78.6
2025-06-12 05:11:00,70.5
2025-06-12 13:00:00,66.7
2025-06-12 02:41:00,95.2
2025-06-12 21:44:00,95.3
2025-06-12 16:55:00,57.0
2025-06-12 05:14:00,80.0
2025-06-12 09:19:00,78.0
2025-06-12 06:38:00,62.7
2025-06-12 18:07:00,35.3
2025-06-12 07:02:00,37.1
2025-06-12 15:04:00,52.9
2025-06-12 00:41:00,70.8
2025-06-12 02:44:00,61.7
2025-06-12 10:03:00,70.4
2025-06-12 00:13:00,75.1
2025-06-12 13:18:00,88.1
2025-06-12 20:48:00,70.9
2025-06-12 17:03:00,79.9
2025-06-12 07:32:00,77.5
2025-06-12 11:40:00,12.9
2025-06-12 20:41:00,93.9
2025-06-12 01:40:00,39.2
2025-06-12 15:42:00,87.2
2025-06-12 08:23:00,17.6
2025-06-12 16:34:00,67.3
2025-06-12 10:49:00,8.6
2025-06-12 22:59:00,96.5
2025-06-12 22:38:00,50.557353635505194
2025-06-12 11:19:00,13.6
2025-06-12 03:41:00,50.557353635505194
2025-06-12 09:32:00,12.9
2025-06-12 12:10:00,41.0
2025-06-12 15:37:00,54.9
2025-06-12 12:26:00,64.5
2025-06-12 16:54:00,19.6
2025-06-12 01:16:00,56.0
2025-06-12 19:00:00,91.2
2025-06-12 18:26:00,93.8
2025-06-12 14:51:00,86.0
2025-06-12 19:29:00,23.9
2025-06-12 00:27:00,50.557353635505194
2025-06-12 01:43:00,52.3
2025-06-12 17:13:00,93.2
2025-06-12 13:55:00,30.4
2025-06-12 09:39:00,60.8
2025-06-12 06:56:00,21.9
2025-06-12 15:43:00,53.8
2025-06-12 06:50:00,98.2
2025-06-12 20:56:00,76.7
2025-06-12 05:35:00,47.2
2025-06-12 10:46:00,13.2
2025-06-12 14:13:00,25.1
2025-06-12 12:12:00,50.557353635505194
2025-06-12 22:27:00,28.8
2025-06-12 00:07:00,90.1
2025-06-12 22:19:00,28.6
2025-06-12 12:33:00,85.7
2025-06-12 23:04:00,90.0
2025-06-12 21:36:00,1.5
2025-06-12 19:31:00,61.0
2025-06-12 15:40:00,80.6
2025-06-12 20:40:00,42.8
2025-06-12 12:14:00,38.0
2025-06-12 05:20:00,7.1
2025-06-12 16:18:00,42.9
2025-06-12 03:36:00,38.1
2025-06-12 12:48:00,73.0
2025-06-12 21:47:00,49.87196987526477
2025-06-12 07:32:00,67.4
2025-06-12 14:58:00,46.1
2025-06-12 11:01:00,97.8
2025-06-12 06:42:00,49.87196987526477
2025-06-12 21:02:00,64.1
2025-06-12 04:19:00,15.8
2025-06-12 17:20:00,84.1
2025-06-12 04:18:00,49.87196987526477
2025-06-12 22:00:00,62.4
2025-06-12 02:55:00,70.9
2025-06-12 00:25:00,49.87196987526477
2025-06-12 10:12:00,12.9
2025-06-12 06:24:00,77.0
2025-06-12 10:25:00,49.3
2025-06-12 00:36:00,49.87196987526477
2025-06-12 10:55:00,29.6
2025-06-12 16:41:00,48.3
2025-06-12 08:47:00,15.5
2025-06-12 15:07:00,39.7
2025-06-12 03:11:00,49.87196987526477
2025-06-12 07:33:00,16.5
2025-06-12 05:49:00,22.3
2025-06-12 21:32:00,55.6
2025-06-12 01:19:00,45.4
2025-06-12 21:42:00,49.87196987526477
2025-06-12 04:05:00,69.8
2025-06-12 03:35:00,34.3
2025-06-12 13:46:00,1.7
2025-06-12 02:01:00,96.1
2025-06-12 00:46:00,7.9
2025-06-12 18:09:00,61.1
2025-06-12 15:35:00,61.0
2025-06-12 11:00:00,73.5
2025-06-12 23:28:00,1.4
2025-06-12 16:13:00,12.5
2025-06-12 15:57:00,96.7
2025-06-12 17:50:00,79.9
2025-06-12 20:47:00,5.8
2025-06-12 20:17:00,84.3
2025-06-12 16:24:00,49.87196987526477
2025-06-12 14:31:00,82.7
2025-06-12 02:17:00,18.8
2025-06-12 18:39:00,77.5
2025-06-12 07:43:00,8.9
2025-06-12 12:57:00,23.1
2025-06-12 09:38:00,81.6
2025-06-12 08:05:00,99.3
2025-06-12 14:15:00,18.8
2025-06-12 08:00:00,49.87196987526477
2025-06-12 15:38:00,49.87196987526477
2025-06-12 13:47:00,75.0
2025-06-12 22:31:00,49.87196987526477
2025-06-12 14:56:00,72.6
2025-06-12 18:03:00,76.9
2025-06-12 21:33:00,97.4
2025-06-12 17:49:00,37.4
2025-06-12 10:39:00,65.8
2025-06-12 22:14:00,2.6
2025-06-12 02:46:00,49.87196987526477
2025-06-12 00:09:00,10.9
2025-06-12 08:03:00,49.87196987526477
2025-06-12 19:06:00,97.8
2025-06-12 14:42:00,1.3
2025-06-12 09:46:00,46.3
2025-06-12 16:38:00,67.2
2025-06-12 15:24:00,15.0
2025-06-12 07:45:00,36.2
2025-06-12 17:10:00,30.6
2025-06-12 11:59:00,62.0
2025-06-12 04:41:00,22.9
2025-06-12 07:36:00,49.87196987526477
2025-06-12 15:08:00,51.0
2025-06-12 20:09:00,61.8
2025-06-12 03:43:00,29.5
2025-06-12 23:23:00,56.4
2025-06-12 08:24:00,74.9
2025-06-12 16:23:00,58.8
2025-06-12 23:21:00,49.87196987526477
2025-06-12 11:52:00,81.6
2025-06-12 07:28:00,21.9
2025-06-12 20:23:00,66.9
2025-06-12 21:26:00,91.0
2025-06-12 19:11:00,4.5
2025-06-12 01:42:00,49.87196987526477
2025-06-12 08:34:00,49.87196987526477
2025-06-12 20:38:00,81.9
2025-06-12 09:37:00,70.9
2025-06-12 02:48:00,54.5
2025-06-12 22:36:00,49.87196987526477
2025-06-12 12:26:00,40.7
2025-06-12 19:32:00,49.87196987526477
2025-06-12 05:47:00,72.7
2025-06-12 10:45:00,49.87196987526477
2025-06-12 22:26:00,59.0
2025-06-12 15:25:00,27.9
2025-06-12 01:55:00,29.7
2025-06-12 02:35:00,14.6
2025-06-12 14:10:00,1.8
2025-06-12 10:27:00,49.87196987526477
2025-06-12 13:55:00,51.2
2025-06-12 16:22:00,13.7
2025-06-12 22:38:00,49.87196987526477
2025-06-12 14:35:00,44.0
2025-06-12 17:45:00,79.4
2025-06-12 20:24:00,81.2
2025-06-12 01:06:00,90.6
2025-06-12 19:45:00,49.87196987526477
2025-06-12 08:56:00,54.1
2025-06-12 13:00:00,95.0
2025-06-12 03:37:00,66.7
2025-06-12 03:23:00,35.6
2025-06-12 20:00:00,9.5
2025-06-12 09:26:00,51.0
2025-06-12 04:42:00,49.87196987526477
2025-06-12 09:18:00,35.3
2025-06-12 07:27:00,49.87196987526477
2025-06-12 22:53:00,36.6
2025-06-12 02:39:00,49.87196987526477
2025-06-12 10:07:00,77.4
2025-06-12 19:48:00,16.2
2025-06-12 00:27:00,75.7
2025-06-12 03:47:00,49.87196987526477
2025-06-12 04:26:00,2.3
2025-06-12 03:20:00,77.0
2025-06-12 06:12:00,17.6
2025-06-12 13:37:00,66.2
2025-06-12 02:44:00,5.5
2025-06-12 19:30:00,93.7
2025-06-12 16:10:00,49.87196987526477
2025-06-12 16:51:00,37.5
2025-06-12 10:48:00,45.7
2025-06-12 17:27:00,49.87196987526477
2025-06-12 01:26:00,22.7
2025-06-12 12:00:00,66.7
2025-06-12 12:21:00,14.5
2025-06-12 12:30:00,66.6
2025-06-12 04:17:00,45.5
2025-06-12 09:32:00,39.0
2025-06-12 10:56:00,45.5
2025-06-12 16:37:00,10.0
2025-06-12 04:11:00,59.3
2025-06-12 01:54:00,99.9
2025-06-12 04:57:00,30.3
2025-06-12 19:22:00,78.4
2025-06-12 16:55:00,89.2
2025-06-12 03:10:00,37.9
2025-06-12 11:37:00,93.4
2025-06-12 04:08:00,84.7
2025-06-12 03:41:00,85.1
2025-06-12 06:38:00,30.2
2025-06-12 09:21:00,16.5
2025-06-12 04:38:00,49.87196987526477
2025-06-12 21:13:00,26.9
2025-06-12 18:22:00,94.9
2025-06-12 06:08:00,64.1
2025-06-12 13:56:00,49.87196987526477
2025-06-12 00:01:00,49.87196987526477
2025-06-12 10:43:00,41.7
2025-06-12 15:32:00,26.9
2025-06-12 04:54:00,49.87196987526477
2025-06-12 23:10:00,87.8
2025-06-12 09:34:00,87.5
2025-06-12 20:37:00,95.2
2025-06-12 06:04:00,49.87196987526477
2025-06-12 16:04:00,87.3
2025-06-12 07:24:00,45.7
2025-06-12 03:25:00,91.8
2025-06-12 01:21:00,49.87196987526477
2025-06-12 19:20:00,49.87196987526477
2025-06-12 16:59:00,45.7
2025-06-12 10:47:00,56.7
2025-06-12 01:37:00,49.87196987526477
2025-06-12 17:38:00,49.87196987526477
2025-06-12 06:15:00,33.0
2025-06-12 14:22:00,0.6
2025-06-12 19:55:00,78.6
2025-06-12 22:10:00,60.5
2025-06-12 01:09:00,0.8
2025-06-12 19:42:00,14.5
2025-06-12 20:31:00,25.3
2025-06-12 09:41:00,83.7
2025-06-12 20:46:00,75.0
2025-06-12 22:17:00,62.2
2025-06-12 08:53:00,33.1
2025-06-12 20:22:00,40.5
2025-06-12 16:00:00,75.3
2025-06-12 12:49:00,49.87196987526477
2025-06-12 03:01:00,49.87196987526477
2025-06-12 12:39:00,44.0
2025-06-12 06:33:00,95.5
2025-06-12 16:56:00,26.5
2025-06-12 04:28:00,49.87196987526477
2025-06-12 01:28:00,8.1
2025-06-12 19:04:00,49.87196987526477
2025-06-12 08:04:00,37.2
2025-06-12 05:32:00,47.7
2025-06-12 00:10:00,69.6
2025-06-12 18:52:00,49.87196987526477
2025-06-12 17:02:00,17.6
2025-06-12 16:01:00,49.87196987526477
2025-06-12 14:43:00,79.3
2025-06-12 00:33:00,57.7
2025-06-12 12:45:00,11.8
2025-06-12 14:04:00,75.7
2025-06-12 20:53:00,34.3
2025-06-12 12:59:00,97.6
2025-06-12 18:41:00,10.3
2025-06-12 13:49:00,16.1
2025-06-12 22:43:00,13.9
2025-06-12 15:15:00,49.87196987526477
2025-06-12 02:28:00,99.4
2025-06-12 21:18:00,97.3
2025-06-12 10:02:00,49.87196987526477
2025-06-12 09:23:00,42.7
2025-06-12 11:33:00,41.0
2025-06-12 19:10:00,90.2
2025-06-12 20:21:00,94.2
2025-06-12 18:57:00,33.5
2025-06-12 07:10:00,63.5
2025-06-12 12:42:00,12.8
2025-06-12 04:40:00,49.87196987526477
2025-06-12 11:23:00,42.6
2025-06-12 13:07:00,17.9
2025-06-12 12:20:00,85.1
2025-06-12 19:58:00,50.6
2025-06-12 10:23:00,57.2
2025-06-12 20:36:00,83.8
2025-06-12 09:15:00,93.1
2025-06-12 10:46:00,70.5
2025-06-12 10:59:00,37.7
2025-06-12 06:36:00,17.1
2025-06-12 23:09:00,0.8
2025-06-12 22:09:00,70.8
2025-06-12 04:49:00,16.2
2025-06-12 20:28:00,33.0
2025-06-12 20:19:00,30.2
2025-06-12 14:12:00,68.3
2025-06-12 16:43:00,72.0
2025-06-12 11:21:00,77.8
2025-06-12 10:40:00,65.0
2025-06-12 04:43:00,48.7
2025-06-12 08:35:00,29.5
2025-06-12 18:14:00,40.1
2025-06-12 01:39:00,68.8
2025-06-12 08:57:00,56.5
2025-06-12 22:03:00,49.87196987526477
2025-06-12 19:21:00,69.3
2025-06-12 14:06:00,63.4
2025-06-12 00:45:00,49.87196987526477
2025-06-12 02:29:00,10.1
2025-06-12 15:41:00,97.7
2025-06-12 15:14:00,26.4
2025-06-12 13:24:00,87.7
2025-06-12 06:55:00,30.0
2025-06-12 14:00:00,5.8
2025-06-12 16:42:00,70.4
2025-06-12 15:28:00,73.8
2025-06-12 00:21:00,49.87196987526477
2025-06-12 17:41:00,49.87196987526477
2025-06-12 12:07:00,23.8
2025-06-12 05:25:00,37.4
2025-06-12 01:15:00,14.0
2025-06-12 05:42:00,2.1
2025-06-12 00:05:00,82.7
2025-06-12 17:19:00,42.0
2025-06-12 21:25:00,51.4
2025-06-12 20:49:00,98.7
2025-06-12 10:14:00,89.0
2025-06-12 14:39:00,12.2
2025-06-12 21:37:00,53.5
2025-06-12 13:36:00,23.4
2025-06-12 21:40:00,8.0
2025-06-12 06:14:00,49.87196987526477
2025-06-12 11:30:00,49.87196987526477
2025-06-12 15:47:00,36.8
2025-06-12 10:37:00,38.0
2025-06-12 11:41:00,64.8
2025-06-12 11:04:00,70.1
2025-06-12 03:19:00,49.93628109892701
2025-06-12 09:22:00,98.7
2025-06-12 09:00:00,49.93628109892701
2025-06-12 23:34:00,30.0
2025-06-12 13:11:00,2.7
2025-06-12 13:46:00,49.93628109892701
2025-06-12 08:40:00,3.5
2025-06-12 14:13:00,93.1
2025-06-12 18:28:00,17.6
2025-06-12 11:39:00,18.9
2025-06-12 00:51:00,49.93628109892701
2025-06-12 14:40:00,13.3
2025-06-12 03:32:00,49.93628109892701
2025-06-12 16:59:00,49.93628109892701
2025-06-12 18:21:00,0.8
2025-06-12 23:12:00,19.7
2025-06-12 17:35:00,93.8
2025-06-12 00:53:00,49.93628109892701
2025-06-12 16:46:00,77.7
2025-06-12 10:32:00,13.0
2025-06-12 05:53:00,74.1
2025-06-12 14:03:00,33.5
2025-06-12 09:57:00,73.5
2025-06-12 22:52:00,49.93628109892701
2025-06-12 18:10:00,92.0
2025-06-12 07:06:00,61.1
2025-06-12 22:22:00,17.5
2025-06-12 08:33:00,5.3
2025-06-12 14:42:00,41.1
2025-06-12 07:12:00,96.2
2025-06-12 12:44:00,56.8
2025-06-12 14:29:00,1.6
2025-06-12 06:31:00,30.3
2025-06-12 17:00:00,0.2
2025-06-12 08:48:00,49.93628109892701
2025-06-12 23:31:00,76.9
2025-06-12 15:53:00,89.7
2025-06-12 16:27:00,30.6
2025-06-12 01:53:00,58.3
2025-06-12 08:57:00,27.2
2025-06-12 12:03:00,49.93628109892701
2025-06-12 23:26:00,39.1
2025-06-12 17:57:00,25.4
2025-06-12 05:23:00,63.5
2025-06-12 03:50:00,40.9
2025-06-12 03:02:00,61.6
2025-06-12 18:14:00,48.9
2025-06-12 00:26:00,92.2
2025-06-12 14:37:00,91.7
2025-06-12 15:08:00,49.0
2025-06-12 17:45:00,49.93628109892701
2025-06-12 16:18:00,65.0
2025-06-12 16:28:00,29.9
2025-06-12 05:50:00,49.93628109892701
2025-06-12 07:18:00,49.93628109892701
2025-06-12 16:32:00,19.4
2025-06-12 03:37:00,66.7
2025-06-12 01:12:00,24.9
2025-06-12 03:14:00,49.93628109892701
2025-06-12 07:23:00,10.1
2025-06-12 06:33:00,13.1
2025-06-12 21:33:00,68.5
2025-06-12 04:55:00,39.0
2025-06-12 17:01:00,76.7
2025-06-12 10:43:00,49.93628109892701
2025-06-12 04:29:00,80.4
2025-06-12 19:19:00,79.8
2025-06-12 12:06:00,49.93628109892701
2025-06-12 06:36:00,5.8
2025-06-12 12:37:00,55.1
2025-06-12 10:20:00,59.0
2025-06-12 06:24:00,38.1
2025-06-12 00:46:00,68.0
2025-06-12 02:57:00,49.93628109892701
2025-06-12 08:15:00,4.8
2025-06-12 05:24:00,49.93628109892701
2025-06-12 08:03:00,52.7
2025-06-12 03:06:00,66.4
2025-06-12 10:08:00,82.7
2025-06-12 17:38:00,25.1
2025-06-12 01:29:00,82.6
2025-06-12 22:29:00,49.93628109892701
2025-06-12 22:54:00,96.0
2025-06-12 14:09:00,11.0
2025-06-12 16:22:00,65.2
2025-06-12 16:20:00,49.93628109892701
2025-06-12 15:41:00,1.6
2025-06-12 16:10:00,19.0
2025-06-12 07:19:00,75.9
2025-06-12 11:54:00,59.8
2025-06-12 14:54:00,26.1
2025-06-12 03:38:00,64.0
2025-06-12 14:52:00,54.3
2025-06-12 04:26:00,49.93628109892701
2025-06-12 13:35:00,49.93628109892701
2025-06-12 03:40:00,30.5
2025-06-12 06:59:00,55.8
2025-06-12 13:49:00,68.0
2025-06-12 18:06:00,53.6
2025-06-12 06:03:00,89.4
2025-06-12 10:11:00,34.9
2025-06-12 20:28:00,41.6
2025-06-12 08:13:00,9.3
2025-06-12 22:38:00,90.1
2025-06-12 20:56:00,7.8
2025-06-12 22:53:00,5.7
2025-06-12 07:37:00,68.4
2025-06-12 19:10:00,84.8
2025-06-12 08:21:00,47.6
2025-06-12 05:49:00,49.93628109892701
2025-06-12 03:48:00,49.93628109892701
2025-06-12 16:24:00,28.7
2025-06-12 12:40:00,8.8
2025-06-12 13:47:00,91.2
2025-06-12 04:57:00,51.5
2025-06-12 23:16:00,69.4
2025-06-12 01:52:00,28.0
2025-06-12 20:44:00,65.9
2025-06-12 02:25:00,69.9
2025-06-12 16:58:00,98.8
2025-06-12 12:34:00,49.93628109892701
2025-06-12 21:26:00,8.4
2025-06-12 22:44:00,38.6
2025-06-12 09:20:00,49.93628109892701
2025-06-12 23:35:00,51.5
2025-06-12 13:20:00,97.1
2025-06-12 09:30:00,70.9
2025-06-12 09:35:00,49.93628109892701
2025-06-12 15:54:00,88.0
2025-06-12 00:08:00,40.6
2025-06-12 02:49:00,48.4
2025-06-12 02:17:00,28.1
2025-06-12 16:05:00,1.8
2025-06-12 18:18:00,49.93628109892701
2025-06-12 02:09:00,25.8
2025-06-12 19:31:00,49.93628109892701
2025-06-12 19:52:00,49.93628109892701
2025-06-12 12:19:00,49.93628109892701
2025-06-12 18:09:00,0.9
2025-06-12 16:50:00,75.8
2025-06-12 14:43:00,49.93628109892701
2025-06-12 16:54:00,5.6
2025-06-12 12:17:00,49.93628109892701
2025-06-12 11:37:00,24.0
2025-06-12 00:59:00,10.4
2025-06-12 12:50:00,14.5
2025-06-12 00:37:00,42.9
2025-06-12 21:49:00,24.1
2025-06-12 06:10:00,84.7
2025-06-12 08:44:00,81.9
2025-06-12 05:03:00,49.93628109892701
2025-06-12 23:59:00,35.5
2025-06-12 08:54:00,35.6
2025-06-12 22:26:00,50.9
2025-06-12 20:23:00,75.1
2025-06-12 01:56:00,84.0
2025-06-12 20:12:00,84.5
2025-06-12 05:44:00,77.1
2025-06-12 19:43:00,13.6
2025-06-12 13:10:00,89.9
2025-06-12 11:15:00,54.1
2025-06-12 10:06:00,5.2
2025-06-12 14:59:00,34.7
2025-06-12 01:31:00,82.4
2025-06-12 01:17:00,49.93628109892701
2025-06-12 09:31:00,59.9
2025-06-12 19:48:00,95.1
2025-06-12 23:07:00,44.9
2025-06-12 14:21:00,76.0
2025-06-12 10:03:00,90.1
2025-06-12 18:32:00,49.93628109892701
2025-06-12 05:21:00,56.4
2025-06-12 09:18:00,49.93628109892701
2025-06-12 02:18:00,82.7
2025-06-12 07:47:00,49.93628109892701
2025-06-12 18:01:00,33.6
2025-06-12 07:22:00,3.5
2025-06-12 19:55:00,59.6
2025-06-12 22:14:00,49.93628109892701
2025-06-12 20:36:00,16.5
2025-06-12 00:01:00,47.2
2025-06-12 17:33:00,50.2
2025-06-12 20:31:00,62.9
2025-06-12 18:50:00,54.1
2025-06-12 00:48:00,3.3
2025-06-12 05:07:00,1.8
2025-06-12 11:49:00,92.0
2025-06-12 15:16:00,49.93628109892701
2025-06-12 07:27:00,53.5
2025-06-12 16:53:00,74.0
2025-06-12 14:10:00,30.8
2025-06-12 22:13:00,9.3
2025-06-12 14:47:00,92.0
2025-06-12 03:27:00,32.3
2025-06-12 04:33:00,45.1
2025-06-12 02:10:00,49.2
2025-06-12 09:56:00,21.7
2025-06-12 11:09:00,74.1
2025-06-12 21:35:00,49.93628109892701
2025-06-12 11:25:00,12.8
2025-06-12 01:18:00,37.7
2025-06-12 00:35:00,43.2
2025-06-12 16:21:00,47.2
2025-06-12 19:28:00,49.93628109892701
2025-06-12 01:10:00,0.5
2025-06-12 13:26:00,78.2
2025-06-12 17:14:00,84.9
2025-06-12 16:17:00,45.5
2025-06-12 05:38:00,27.4
2025-06-12 02:34:00,82.6
2025-06-12 12:59:00,23.9
2025-06-12 14:58:00,37.2
2025-06-12 11:00:00,40.2
2025-06-12 04:07:00,46.1
2025-06-12 12:32:00,4.9
2025-06-12 03:08:00,2.3
2025-06-12 15:59:00,8.6
2025-06-12 01:28:00,84.4
2025-06-12 16:13:00,49.93628109892701
2025-06-12 01:08:00,49.93628109892701
2025-06-12 07:17:00,49.93628109892701
2025-06-12 15:52:00,5.6
2025-06-12 03:36:00,18.2
2025-06-12 19:47:00,60.7
2025-06-12 02:07:00,66.3
2025-06-12 23:08:00,40.6
2025-06-12 21:02:00,49.93628109892701
2025-06-12 13:15:00,75.3
2025-06-12 13:22:00,70.4
2025-06-12 16:45:00,6.8
2025-06-12 18:39:00,41.5
2025-06-12 13:52:00,60.8
2025-06-12 01:40:00,15.4
2025-06-12 01:58:00,49.93628109892701
2025-06-12 15:26:00,14.6
2025-06-12 03:17:00,81.2
2025-06-12 23:05:00,10.1
2025-06-12 01:11:00,27.0
2025-06-12 15:06:00,42.4
2025-06-12 09:09:00,51.2
2025-06-12 21:16:00,44.1
2025-06-12 13:30:00,97.8
2025-06-12 14:51:00,58.7
2025-06-12 10:54:00,37.4
2025-06-12 16:44:00,49.93628109892701
2025-06-12 04:21:00,74.9
2025-06-12 07:43:00,98.0
2025-06-12 09:04:00,68.9
2025-06-12 20:48:00,49.7
2025-06-12 23:33:00,81.4
2025-06-12 05:05:00,18.3
2025-06-12 08:19:00,42.1
2025-06-12 09:58:00,59.1
2025-06-12 08:20:00,6.2
2025-06-12 13:51:00,53.0
2025-06-12 01:25:00,30.7
2025-06-12 13:42:00,48.8
2025-06-12 22:12:00,7.9
2025-06-12 13:29:00,95.4
2025-06-12 21:20:00,15.1
2025-06-12 07:44:00,66.7
2025-06-12 09:41:00,31.2
2025-06-12 23:54:00,11.8
2025-06-12 21:32:00,32.3
2025-06-12 02:42:00,49.93628109892701
2025-06-12 06:18:00,17.0
2025-06-12 08:09:00,92.5
2025-06-12 00:42:00,49.93628109892701
2025-06-12 03:29:00,79.8
2025-06-12 05:35:00,49.93628109892701
2025-06-12 23:38:00,91.8
2025-06-12 09:52:00,45.3
2025-06-12 07:07:00,15.9
2025-06-12 01:23:00,55.6
2025-06-12 02:52:00,22.8
2025-06-12 22:05:00,55.0
2025-06-12 02:20:00,89.1
2025-06-12 01:41:00,28.3
2025-06-12 04:14:00,49.93628109892701
2025-06-12 12:22:00,84.9
2025-06-12 08:43:00,72.3
2025-06-12 20:02:00,78.1
2025-06-12 18:12:00,49.93628109892701
2025-06-12 05:42:00,62.7
2025-06-12 11:06:00,59.1
2025-06-12 00:41:00,82.4
2025-06-12 15:21:00,30.4
2025-06-12 18:33:00,28.2
2025-06-12 06:08:00,5.7
2025-06-12 05:48:00,88.0
2025-06-12 06:16:00,49.797736698660984
2025-06-12 20:48:00,8.4
2025-06-12 10:46:00,49.797736698660984
2025-06-12 01:04:00,59.8
2025-06-12 17:19:00,47.2
2025-06-12 23:53:00,25.0
2025-06-12 07:38:00,49.797736698660984
2025-06-12 02:32:00,49.797736698660984
2025-06-12 03:40:00,16.6
2025-06-12 15:38:00,5.0
2025-06-12 00:44:00,92.8
2025-06-12 18:03:00,98.1
2025-06-12 14:34:00,49.797736698660984
2025-06-12 04:05:00,70.6
2025-06-12 10:16:00,64.9
2025-06-12 06:38:00,94.9
2025-06-12 21:03:00,60.5
2025-06-12 11:10:00,33.1
2025-06-12 10:09:00,64.6
2025-06-12 11:52:00,10.1
2025-06-12 21:51:00,49.4
2025-06-12 15:37:00,19.1
2025-06-12 17:51:00,54.7
2025-06-12 10:11:00,79.7
2025-06-12 22:11:00,1.3
2025-06-12 10:15:00,46.5
2025-06-12 09:17:00,66.6
2025-06-12 00:06:00,92.3
2025-06-12 09:24:00,8.0
2025-06-12 03:34:00,43.4
2025-06-12 20:47:00,46.8
2025-06-12 06:20:00,91.7
2025-06-12 19:11:00,65.9
2025-06-12 02:05:00,80.8
2025-06-12 10:07:00,59.4
2025-06-12 02:10:00,93.9
2025-06-12 09:25:00,70.5
2025-06-12 09:52:00,63.2
2025-06-12 22:49:00,63.6
2025-06-12 10:53:00,68.3
2025-06-12 06:34:00,87.6
2025-06-12 08:41:00,39.6
2025-06-12 05:19:00,15.6
2025-06-12 10:39:00,49.797736698660984
2025-06-12 23:48:00,33.7
2025-06-12 08:23:00,35.8
2025-06-12 02:02:00,66.8
2025-06-12 07:57:00,55.8
2025-06-12 16:03:00,39.1
2025-06-12 09:33:00,92.7
2025-06-12 06:01:00,0.4
2025-06-12 08:46:00,95.2
2025-06-12 16:09:00,22.0
2025-06-12 05:48:00,38.1
2025-06-12 12:16:00,37.5
2025-06-12 04:28:00,49.797736698660984
2025-06-12 23:49:00,68.3
2025-06-12 00:54:00,49.797736698660984
2025-06-12 16:45:00,6.0
2025-06-12 23:27:00,24.3
2025-06-12 00:25:00,62.7
2025-06-12 00:43:00,73.5
2025-06-12 10:21:00,92.3
2025-06-12 07:24:00,4.6
2025-06-12 00:09:00,60.0
2025-06-12 20:42:00,66.1
2025-06-12 16:58:00,78.9
2025-06-12 13:50:00,5.2
2025-06-12 04:03:00,70.8
2025-06-12 14:50:00,51.9
2025-06-12 18:14:00,72.0
2025-06-12 16:29:00,20.1
2025-06-12 06:25:00,31.7
2025-06-12 02:57:00,56.3
2025-06-12 22:21:00,49.797736698660984
2025-06-12 19:52:00,20.3
2025-06-12 03:27:00,37.4
2025-06-12 11:24:00,82.8
2025-06-12 14:22:00,43.0
2025-06-12 11:35:00,93.9
2025-06-12 08:19:00,98.8
2025-06-12 15:41:00,49.797736698660984
2025-06-12 14:55:00,2.1
2025-06-12 11:13:00,54.1
2025-06-12 11:51:00,71.1
2025-06-12 21:38:00,9.5
2025-06-12 11:59:00,7.8
2025-06-12 12:11:00,36.8
2025-06-12 10:27:00,99.2
2025-06-12 08:29:00,15.3
2025-06-12 07:40:00,87.2
2025-06-12 07:51:00,49.797736698660984
2025-06-12 12:51:00,25.4
2025-06-12 04:47:00,68.6
2025-06-12 20:15:00,56.6
2025-06-12 03:07:00,53.2
2025-06-12 17:55:00,18.5
2025-06-12 21:27:00,32.8
2025-06-12 18:08:00,49.797736698660984
2025-06-12 03:53:00,49.797736698660984
2025-06-12 21:23:00,71.8
2025-06-12 10:18:00,61.8
2025-06-12 08:17:00,56.2
2025-06-12 07:42:00,49.797736698660984
2025-06-12 09:51:00,0.1
2025-06-12 10:28:00,47.7
2025-06-12 02:13:00,99.8
2025-06-12 04:04:00,85.0
2025-06-12 01:52:00,65.7
2025-06-12 12:48:00,31.4
2025-06-12 00:08:00,49.797736698660984
2025-06-12 12:24:00,66.1
2025-06-12 21:19:00,82.2
2025-06-12 21:58:00,7.1
2025-06-12 21:11:00,22.0
2025-06-12 18:21:00,83.5
2025-06-12 13:42:00,49.797736698660984
2025-06-12 01:10:00,97.8
2025-06-12 04:11:00,73.5
2025-06-12 16:49:00,64.4
2025-06-12 20:25:00,47.1
2025-06-12 09:31:00,94.7
2025-06-12 01:19:00,27.2
2025-06-12 08:45:00,86.1
2025-06-12 23:33:00,96.7
2025-06-12 00:20:00,34.9
2025-06-12 07:14:00,42.9
2025-06-12 12:57:00,14.9
2025-06-12 18:35:00,52.6
2025-06-12 02:37:00,17.5
2025-06-12 16:54:00,5.9
2025-06-12 03:44:00,21.6
2025-06-12 04:45:00,12.6
2025-06-12 15:54:00,41.0
2025-06-12 17:26:00,59.5
2025-06-12 06:31:00,77.7
2025-06-12 20:43:00,50.9
2025-06-12 13:05:00,6.6
2025-06-12 02:45:00,76.3
2025-06-12 09:32:00,41.2
2025-06-12 06:04:00,49.797736698660984
2025-06-12 21:49:00,61.0
2025-06-12 01:12:00,62.7
2025-06-12 15:27:00,32.8
2025-06-12 01:01:00,86.2
2025-06-12 14:58:00,61.7
2025-06-12 00:19:00,71.2
2025-06-12 14:37:00,76.1
2025-06-12 11:15:00,49.797736698660984
2025-06-12 04:32:00,78.1
2025-06-12 19:50:00,49.797736698660984
2025-06-12 06:45:00,2.2
2025-06-12 14:57:00,20.4
2025-06-12 00:15:00,50.8
2025-06-12 13:03:00,2.9
2025-06-12 07:48:00,86.6
2025-06-12 20:00:00,49.1
2025-06-12 01:18:00,14.2
2025-06-12 14:09:00,36.0
2025-06-12 10:58:00,71.9
2025-06-12 19:03:00,72.1
2025-06-12 19:30:00,35.8
2025-06-12 22:53:00,49.797736698660984
2025-06-12 07:59:00,42.1
2025-06-12 13:11:00,30.9
2025-06-12 17:13:00,49.797736698660984
2025-06-12 07:31:00,88.3
2025-06-12 01:59:00,94.7
2025-06-12 19:31:00,49.797736698660984
2025-06-12 06:15:00,49.797736698660984
2025-06-12 11:47:00,71.6
2025-06-12 14:03:00,2.9
2025-06-12 21:34:00,34.5
2025-06-12 00:49:00,58.2
2025-06-12 20:41:00,37.1
2025-06-12 02:25:00,23.6
2025-06-12 07:50:00,18.7
2025-06-12 23:59:00,49.797736698660984
2025-06-12 19:05:00,49.797736698660984
2025-06-12 07:43:00,49.797736698660984
2025-06-12 01:41:00,49.797736698660984
2025-06-12 03:46:00,86.3
2025-06-12 10:30:00,49.797736698660984
2025-06-12 12:01:00,35.1
2025-06-12 21:47:00,52.5
2025-06-12 00:03:00,99.0
2025-06-12 00:30:00,80.2
2025-06-12 23:58:00,37.0
2025-06-12 08:28:00,35.8
2025-06-12 18:07:00,49.797736698660984
2025-06-12 07:53:00,49.797736698660984
2025-06-12 11:08:00,31.6
2025-06-12 11:26:00,81.4
2025-06-12 03:04:00,60.8
2025-06-12 22:35:00,65.9
2025-06-12 17:25:00,25.3
2025-06-12 18:48:00,1.6
2025-06-12 06:43:00,49.797736698660984
2025-06-12 00:34:00,49.797736698660984
2025-06-12 00:35:00,96.0
2025-06-12 13:30:00,1.2
2025-06-12 00:26:00,87.3
2025-06-12 00:27:00,23.1
2025-06-12 10:00:00,72.8
2025-06-12 23:13:00,49.797736698660984
2025-06-12 12:28:00,76.0
2025-06-12 08:01:00,37.1
2025-06-12 04:24:00,77.7
2025-06-12 03:30:00,93.2
2025-06-12 21:25:00,49.797736698660984
2025-06-12 22:32:00,47.4
2025-06-12 17:47:00,80.2
2025-06-12 19:42:00,59.0
2025-06-12 20:57:00,15.3
2025-06-12 23:47:00,49.797736698660984
2025-06-12 21:31:00,49.797736698660984
2025-06-12 01:37:00,74.9
2025-06-12 14:46:00,31.1
2025-06-12 07:07:00,35.7
2025-06-12 03:28:00,29.7
2025-06-12 17:02:00,29.2
2025-06-12 06:58:00,76.8
2025-06-12 14:02:00,51.3
2025-06-12 08:10:00,97.2
2025-06-12 08:11:00,58.1
2025-06-12 02:53:00,58.5
2025-06-12 20:29:00,49.797736698660984
2025-06-12 06:36:00,44.2
2025-06-12 22:20:00,10.8
2025-06-12 18:26:00,95.1
2025-06-12 05:55:00,49.797736698660984
2025-06-12 21:16:00,31.0
2025-06-12 06:21:00,36.0
2025-06-12 21:52:00,72.8
2025-06-12 19:18:00,14.4
2025-06-12 09:56:00,47.9
2025-06-12 04:35:00,61.9
2025-06-12 17:12:00,49.797736698660984
2025-06-12 04:21:00,56.2
2025-06-12 00:02:00,28.0
2025-06-12 12:27:00,93.3
2025-06-12 12:34:00,76.5
2025-06-12 13:45:00,45.1
2025-06-12 14:13:00,14.7
2025-06-12 23:05:00,52.5
2025-06-12 16:32:00,32.6
2025-06-12 08:31:00,57.5
2025-06-12 03:18:00,49.797736698660984
2025-06-12 20:19:00,64.3
2025-06-12 21:39:00,1.4
2025-06-12 03:52:00,60.2
2025-06-12 05:37:00,60.5
2025-06-12 16:25:00,42.4
2025-06-12 18:11:00,30.1
2025-06-12 22:06:00,31.7
2025-06-12 22:23:00,59.9
2025-06-12 02:47:00,49.797736698660984
2025-06-12 13:58:00,49.797736698660984
2025-06-12 19:23:00,75.9
2025-06-12 03:47:00,17.4
2025-06-12 12:58:00,49.797736698660984
2025-06-12 10:08:00,9.6
2025-06-12 12:33:00,30.5
2025-06-12 16:16:00,9.4
2025-06-12 07:01:00,28.4
2025-06-12 03:51:00,6.7
2025-06-12 00:24:00,24.7
2025-06-12 23:18:00,19.4
2025-06-12 17:23:00,49.797736698660984
2025-06-12 10:45:00,57.9
2025-06-12 12:35:00,55.7
2025-06-12 06:23:00,39.6
2025-06-12 09:07:00,42.9
2025-06-12 15:17:00,49.797736698660984
2025-06-12 01:35:00,91.5
2025-06-12 09:19:00,37.8
2025-06-12 18:55:00,66.3
2025-06-12 00:56:00,79.8
2025-06-12 18:53:00,17.8
2025-06-12 18:39:00,70.6
2025-06-12 20:24:00,94.8
2025-06-12 09:29:00,91.7
2025-06-12 14:10:00,68.3
2025-06-12 20:07:00,49.797736698660984
2025-06-12 21:50:00,92.5
2025-06-12 19:59:00,1.0
2025-06-12 19:45:00,3.1
2025-06-12 17:40:00,49.797736698660984
2025-06-12 10:38:00,61.0
2025-06-12 08:13:00,12.6
2025-06-12 06:24:00,74.1
2025-06-12 18:05:00,30.7
2025-06-12 00:28:00,21.1
2025-06-12 17:16:00,41.2
2025-06-12 18:57:00,67.0
2025-06-12 22:40:00,5.8
2025-06-12 13:29:00,27.2
2025-06-12 06:40:00,54.0
2025-06-12 09:58:00,90.1
2025-06-12 19:44:00,4.5
2025-06-12 03:22:00,35.5
2025-06-12 03:14:00,17.3
2025-06-12 18:03:00,50.18136565940501
2025-06-12 20:58:00,61.2
2025-06-12 14:47:00,19.4
2025-06-12 14:48:00,50.18136565940501
2025-06-12 11:40:00,53.4
2025-06-12 07:02:00,12.8
2025-06-12 15:09:00,50.18136565940501
2025-06-12 08:47:00,28.3
2025-06-12 05:17:00,18.0
2025-06-12 10:47:00,19.7
2025-06-12 05:38:00,47.1
2025-06-12 14:10:00,33.7
2025-06-12 19:48:00,89.8
2025-06-12 03:57:00,50.18136565940501
2025-06-12 06:47:00,13.0
2025-06-12 06:30:00,23.2
2025-06-12 10:27:00,70.0
2025-06-12 14:02:00,50.18136565940501
2025-06-12 12:04:00,48.3
2025-06-12 17:29:00,49.9
2025-06-12 13:23:00,6.7
2025-06-12 23:33:00,60.4
2025-06-12 00:15:00,50.18136565940501
2025-06-12 12:15:00,96.5
2025-06-12 00:02:00,50.18136565940501
2025-06-12 20:44:00,50.18136565940501
2025-06-12 14:16:00,67.5
2025-06-12 21:25:00,60.0
2025-06-12 23:31:00,35.1
2025-06-12 04:26:00,9.3
2025-06-12 08:09:00,50.18136565940501
2025-06-12 05:21:00,58.8
2025-06-12 14:46:00,14.9
2025-06-12 09:06:00,50.18136565940501
2025-06-12 22:42:00,98.1
2025-06-12 01:29:00,85.4
2025-06-12 16:38:00,99.4
2025-06-12 06:42:00,50.18136565940501
2025-06-12 11:29:00,50.18136565940501
2025-06-12 02:35:00,9.9
2025-06-12 23:53:00,85.9
2025-06-12 09:30:00,14.7
2025-06-12 03:53:00,86.7
2025-06-12 10:00:00,93.9
2025-06-12 15:19:00,4.1
2025-06-12 05:45:00,8.4
2025-06-12 02:09:00,55.3
2025-06-12 20:34:00,9.8
2025-06-12 03:28:00,55.6
2025-06-12 06:53:00,44.4
2025-06-12 08:34:00,50.18136565940501
2025-06-12 10:42:00,75.3
2025-06-12 11:16:00,50.18136565940501
2025-06-12 14:03:00,21.8
2025-06-12 20:54:00,50.18136565940501
2025-06-12 14:22:00,30.4
2025-06-12 18:02:00,50.18136565940501
2025-06-12 23:43:00,13.2
2025-06-12 13:46:00,84.7
2025-06-12 16:39:00,89.9
2025-06-12 12:20:00,39.0
2025-06-12 18:57:00,98.6
2025-06-12 20:53:00,36.1
2025-06-12 05:29:00,28.0
2025-06-12 21:20:00,76.0
2025-06-12 12:37:00,42.0
2025-06-12 21:02:00,77.6
2025-06-12 17:12:00,38.9
2025-06-12 07:01:00,84.0
2025-06-12 09:22:00,31.2
2025-06-12 17:22:00,43.7
2025-06-12 04:49:00,73.6
2025-06-12 01:19:00,95.7
2025-06-12 01:33:00,93.0
2025-06-12 09:43:00,69.3
2025-06-12 02:45:00,0.3
2025-06-12 10:56:00,56.8
2025-06-12 20:35:00,50.18136565940501
2025-06-12 21:57:00,13.8
2025-06-12 09:31:00,30.4
2025-06-12 12:13:00,55.7
2025-06-12 03:36:00,50.2
2025-06-12 16:56:00,50.18136565940501
2025-06-12 08:06:00,27.0
2025-06-12 08:50:00,43.2
2025-06-12 12:10:00,5.7
2025-06-12 14:37:00,43.0
2025-06-12 11:08:00,74.4
2025-06-12 03:39:00,52.7
2025-06-12 01:07:00,33.5
2025-06-12 09:20:00,50.18136565940501
2025-06-12 23:56:00,42.9
2025-06-12 02:27:00,99.1
2025-06-12 11:56:00,32.3
2025-06-12 17:04:00,50.18136565940501
2025-06-12 04:21:00,82.0
2025-06-12 14:51:00,86.6
2025-06-12 00:21:00,16.6
2025-06-12 03:27:00,69.4
2025-06-12 06:38:00,53.4
2025-06-12 01:43:00,51.7
2025-06-12 20:16:00,50.18136565940501
2025-06-12 10:17:00,41.2
2025-06-12 12:16:00,17.1
2025-06-12 04:40:00,50.18136565940501
2025-06-12 18:53:00,80.2
2025-06-12 19:12:00,48.2
2025-06-12 02:23:00,33.2
2025-06-12 04:03:00,59.0
2025-06-12 03:35:00,41.0
2025-06-12 05:03:00,58.7
2025-06-12 02:58:00,46.0
2025-06-12 09:16:00,59.5
2025-06-12 10:07:00,51.8
2025-06-12 05:41:00,43.4
2025-06-12 20:09:00,95.3
2025-06-12 02:05:00,3.0
2025-06-12 20:51:00,19.4
2025-06-12 05:58:00,50.18136565940501
2025-06-12 16:16:00,50.18136565940501
2025-06-12 05:59:00,77.8
2025-06-12 14:11:00,19.8
2025-06-12 16:02:00,89.8
2025-06-12 10:55:00,50.18136565940501
2025-06-12 21:47:00,41.2
2025-06-12 03:43:00,42.0
2025-06-12 11:33:00,50.18136565940501
2025-06-12 16:14:00,50.18136565940501
2025-06-12 06:12:00,15.9
2025-06-12 19:31:00,50.18136565940501
2025-06-12 15:51:00,1.4
2025-06-12 15:54:00,18.3
2025-06-12 04:00:00,53.3
2025-06-12 06:09:00,71.6
2025-06-12 21:28:00,10.6
2025-06-12 02:46:00,18.7
2025-06-12 06:44:00,51.7
2025-06-12 17:07:00,51.9
2025-06-12 08:16:00,30.5
2025-06-12 06:13:00,42.5
2025-06-12 09:53:00,50.18136565940501
2025-06-12 06:51:00,20.5
2025-06-12 11:45:00,50.18136565940501
2025-06-12 21:23:00,52.3
2025-06-12 21:35:00,50.18136565940501
2025-06-12 19:15:00,11.6
2025-06-12 00:49:00,6.8
2025-06-12 21:09:00,9.6
2025-06-12 18:25:00,94.1
2025-06-12 00:40:00,97.6
2025-06-12 18:19:00,41.4
2025-06-12 09:34:00,50.18136565940501
2025-06-12 13:33:00,46.2
2025-06-12 11:07:00,42.3
2025-06-12 09:01:00,2.4
2025-06-12 20:41:00,67.2
2025-06-12 23:25:00,50.18136565940501
2025-06-12 08:58:00,28.3
2025-06-12 08:41:00,92.1
2025-06-12 23:46:00,28.9
2025-06-12 21:44:00,81.7
2025-06-12 16:01:00,20.0
2025-06-12 06:21:00,37.9
2025-06-12 18:55:00,50.18136565940501
2025-06-12 06:07:00,64.9
2025-06-12 15:06:00,78.9
2025-06-12 07:59:00,59.8
2025-06-12 09:33:00,54.3
2025-06-12 00:48:00,50.4
2025-06-12 07:05:00,32.3
2025-06-12 19:08:00,50.18136565940501
2025-06-12 00:18:00,22.0
2025-06-12 20:08:00,76.6
2025-06-12 19:03:00,89.7
2025-06-12 17:02:00,40.8
2025-06-12 11:18:00,84.5
2025-06-12 15:15:00,98.7
2025-06-12 09:27:00,23.7
2025-06-12 13:42:00,6.2
2025-06-12 13:15:00,48.6
2025-06-12 18:38:00,15.5
2025-06-12 19:17:00,50.18136565940501
2025-06-12 11:32:00,95.1
2025-06-12 10:10:00,50.18136565940501
2025-06-12 09:38:00,94.8
2025-06-12 08:52:00,50.18136565940501
2025-06-12 13:41:00,6.5
2025-06-12 09:37:00,26.4
2025-06-12 17:21:00,14.6
2025-06-12 09:44:00,17.8
2025-06-12 16:48:00,35.5
2025-06-12 21:56:00,4.4
2025-06-12 18:35:00,27.7
2025-06-12 18:47:00,75.4
2025-06-12 07:52:00,50.18136565940501
2025-06-12 12:57:00,18.8
2025-06-12 19:46:00,69.5
2025-06-12 11:13:00,11.0
2025-06-12 05:06:00,63.4
2025-06-12 17:27:00,51.9
2025-06-12 19:36:00,12.0
2025-06-12 10:57:00,47.7
2025-06-12 15:26:00,10.1
2025-06-12 15:30:00,23.8
2025-06-12 06:04:00,75.9
2025-06-12 20:30:00,43.4
2025-06-12 18:39:00,22.1
2025-06-12 06:01:00,36.9
2025-06-12 04:18:00,76.0
2025-06-12 10:26:00,57.3
2025-06-12 03:15:00,60.2
2025-06-12 12:19:00,57.1
2025-06-12 16:54:00,14.6
2025-06-12 18:06:00,5.8
2025-06-12 05:33:00,58.9
2025-06-12 21:51:00,83.4
2025-06-12 09:39:00,83.7
2025-06-12 06:27:00,57.7
2025-06-12 22:00:00,61.5
2025-06-12 09:51:00,74.7
2025-06-12 12:07:00,4.1
2025-06-12 13:47:00,65.1
2025-06-12 03:37:00,50.18136565940501
2025-06-12 12:56:00,39.5
2025-06-12 17:25:00,63.3
2025-06-12 22:47:00,65.3
2025-06-12 10:06:00,46.4
2025-06-12 14:14:00,70.6
2025-06-12 06:11:00,94.3
2025-06-12 07:30:00,4.4
2025-06-12 14:20:00,61.3
2025-06-12 10:28:00,99.9
2025-06-12 07:23:00,19.8
2025-06-12 04:44:00,12.2
2025-06-12 13:54:00,44.9
2025-06-12 08:36:00,41.1
2025-06-12 20:45:00,30.5
2025-06-12 07:24:00,65.3
2025-06-12 19:18:00,66.4
2025-06-12 14:58:00,26.6
2025-06-12 10:54:00,52.4
2025-06-12 07:21:00,26.8
2025-06-12 02:52:00,54.0
2025-06-12 17:00:00,97.1
2025-06-12 21:14:00,61.0
2025-06-12 21:38:00,75.8
2025-06-12 00:04:00,85.9
2025-06-12 12:54:00,35.5
2025-06-12 18:00:00,16.5
2025-06-12 09:05:00,88.1
2025-06-12 14:49:00,46.6
2025-06-12 16:29:00,57.4
2025-06-12 18:01:00,51.2
2025-06-12 06:32:00,21.6
2025-06-12 19:58:00,2.3
2025-06-12 12:05:00,45.6
2025-06-12 01:28:00,94.9
2025-06-12 07:22:00,22.3
2025-06-12 20:20:00,21.1
2025-06-12 17:08:00,81.8
2025-06-12 17:01:00,95.8
2025-06-12 01:56:00,41.8
2025-06-12 23:12:00,11.5
2025-06-12 17:52:00,50.18136565940501
2025-06-12 07:26:00,65.3
2025-06-12 11:03:00,96.5
2025-06-12 21:58:00,33.4
2025-06-12 22:45:00,59.4
2025-06-12 04:19:00,99.1
2025-06-12 06:56:00,68.4
2025-06-12 17:05:00,94.3
2025-06-12 05:51:00,49.7
2025-06-12 04:02:00,20.9
2025-06-12 06:19:00,50.18136565940501
2025-06-12 09:57:00,77.7
2025-06-12 05:54:00,72.5
2025-06-12 05:35:00,87.8
2025-06-12 10:01:00,84.6
2025-06-12 15:08:00,7.7
2025-06-12 15:02:00,50.18136565940501
2025-06-12 18:32:00,34.0
2025-06-12 19:02:00,44.9
2025-06-12 11:24:00,99.1
2025-06-12 04:48:00,49.5
2025-06-12 07:50:00,68.9
2025-06-12 10:44:00,20.6
2025-06-12 23:19:00,99.7
2025-06-12 01:30:00,93.2
2025-06-12 18:02:00,49.66792053602915
2025-06-12 17:41:00,39.9
2025-06-12 07:57:00,24.0
2025-06-12 03:56:00,50.5
2025-06-12 18:42:00,3.1
2025-06-12 09:10:00,38.1
2025-06-12 03:58:00,49.66792053602915
2025-06-12 09:52:00,68.7
2025-06-12 04:14:00,41.0
2025-06-12 10:54:00,76.1
2025-06-12 13:23:00,17.3
2025-06-12 14:14:00,15.0
2025-06-12 14:21:00,49.66792053602915
2025-06-12 17:32:00,61.4
2025-06-12 19:12:00,19.1
2025-06-12 23:30:00,44.1
2025-06-12 17:21:00,49.66792053602915
2025-06-12 22:31:00,51.4
2025-06-12 09:09:00,68.6
2025-06-12 17:16:00,16.4
2025-06-12 11:45:00,85.8
2025-06-12 04:45:00,75.9
2025-06-12 18:55:00,15.6
2025-06-12 01:16:00,49.66792053602915
2025-06-12 08:05:00,9.1
2025-06-12 15:24:00,62.8
2025-06-12 06:44:00,55.5
2025-06-12 13:25:00,50.3
2025-06-12 12:42:00,49.66792053602915
2025-06-12 09:00:00,8.6
2025-06-12 15:13:00,49.66792053602915
2025-06-12 00:39:00,44.2
2025-06-12 21:51:00,55.3
2025-06-12 05:04:00,42.4
2025-06-12 15:47:00,49.66792053602915
2025-06-12 20:15:00,44.3
2025-06-12 07:01:00,48.7
2025-06-12 19:40:00,28.4
2025-06-12 19:52:00,36.4
2025-06-12 08:20:00,11.4
2025-06-12 20:09:00,33.8
2025-06-12 12:24:00,32.2
2025-06-12 21:15:00,25.1
2025-06-12 11:19:00,40.1
2025-06-12 16:22:00,63.9
2025-06-12 23:50:00,41.8
2025-06-12 01:13:00,9.9
2025-06-12 20:25:00,25.3
2025-06-12 09:31:00,8.9
2025-06-12 16:39:00,61.2
2025-06-12 16:24:00,49.66792053602915
2025-06-12 06:54:00,58.6
2025-06-12 22:44:00,43.6
2025-06-12 04:00:00,49.66792053602915
2025-06-12 08:24:00,59.3
2025-06-12 05:14:00,26.7
2025-06-12 11:31:00,77.2
2025-06-12 05:07:00,56.3
2025-06-12 08:58:00,34.0
2025-06-12 01:41:00,35.4
2025-06-12 10:13:00,60.6
2025-06-12 16:08:00,49.66792053602915
2025-06-12 00:13:00,60.0
2025-06-12 16:21:00,68.0
2025-06-12 05:06:00,3.7
2025-06-12 11:53:00,53.9
2025-06-12 14:10:00,49.66792053602915
2025-06-12 19:10:00,25.2
2025-06-12 00:10:00,32.6
2025-06-12 21:08:00,71.6
2025-06-12 18:57:00,27.0
2025-06-12 03:54:00,34.3
2025-06-12 07:46:00,14.9
2025-06-12 04:52:00,49.66792053602915
2025-06-12 06:47:00,85.4
2025-06-12 18:14:00,3.9
2025-06-12 19:33:00,64.4
2025-06-12 14:16:00,33.1
2025-06-12 09:20:00,32.7
2025-06-12 08:43:00,67.5
2025-06-12 06:38:00,65.2
2025-06-12 08:30:00,82.3
2025-06-12 04:08:00,49.66792053602915
2025-06-12 02:17:00,95.9
2025-06-12 17:50:00,49.66792053602915
2025-06-12 02:52:00,32.9
2025-06-12 22:14:00,36.5
2025-06-12 17:52:00,72.1
2025-06-12 08:33:00,11.4
2025-06-12 09:14:00,96.6
2025-06-12 14:34:00,22.3
2025-06-12 13:00:00,91.2
2025-06-12 22:20:00,90.3
2025-06-12 07:29:00,87.3
2025-06-12 18:34:00,49.66792053602915
2025-06-12 07:17:00,49.66792053602915
2025-06-12 23:29:00,8.8
2025-06-12 16:56:00,49.66792053602915
2025-06-12 23:52:00,87.0
2025-06-12 08:38:00,23.4
2025-06-12 04:16:00,9.5
2025-06-12 21:07:00,49.66792053602915
2025-06-12 18:37:00,12.7
2025-06-12 07:54:00,55.0
2025-06-12 01:27:00,49.5
2025-06-12 18:58:00,83.8
2025-06-12 01:12:00,32.6
2025-06-12 08:47:00,14.2
2025-06-12 11:10:00,52.9
2025-06-12 06:09:00,44.0
2025-06-12 11:06:00,49.66792053602915
2025-06-12 12:54:00,31.4
2025-06-12 02:33:00,49.66792053602915
2025-06-12 13:59:00,37.0
2025-06-12 18:33:00,27.5
2025-06-12 17:31:00,49.66792053602915
2025-06-12 16:10:00,49.66792053602915
2025-06-12 13:13:00,78.9
2025-06-12 21:20:00,68.6
2025-06-12 20:39:00,67.5
2025-06-12 14:46:00,22.6
2025-06-12 16:42:00,66.4
2025-06-12 03:35:00,98.0
2025-06-12 13:43:00,70.6
2025-06-12 10:22:00,73.5
2025-06-12 11:59:00,64.5
2025-06-12 16:58:00,81.0
2025-06-12 09:11:00,83.3
2025-06-12 13:57:00,30.0
2025-06-12 08:59:00,49.66792053602915
2025-06-12 20:57:00,17.4
2025-06-12 23:51:00,25.2
2025-06-12 22:29:00,71.8
2025-06-12 02:03:00,30.1
2025-06-12 13:12:00,14.5
2025-06-12 00:46:00,49.66792053602915
2025-06-12 17:09:00,91.9
2025-06-12 18:09:00,49.66792053602915
2025-06-12 00:54:00,61.3
2025-06-12 09:28:00,49.66792053602915
2025-06-12 09:03:00,42.2
2025-06-12 19:15:00,18.0
2025-06-12 14:17:00,45.8
2025-06-12 11:56:00,83.1
2025-06-12 10:43:00,61.2
2025-06-12 20:18:00,39.8
2025-06-12 18:08:00,49.66792053602915
2025-06-12 03:39:00,44.4
2025-06-12 10:09:00,18.4
2025-06-12 15:38:00,97.6
2025-06-12 13:30:00,10.5
2025-06-12 08:57:00,49.66792053602915
2025-06-12 13:11:00,42.6
2025-06-12 23:41:00,2.3
2025-06-12 15:33:00,23.0
2025-06-12 18:31:00,54.7
2025-06-12 11:01:00,0.5
2025-06-12 06:46:00,3.3
2025-06-12 14:13:00,38.2
2025-06-12 07:15:00,88.0
2025-06-12 22:26:00,49.66792053602915
2025-06-12 23:56:00,35.8
2025-06-12 04:19:00,50.9
2025-06-12 02:42:00,32.1
2025-06-12 00:05:00,58.7
2025-06-12 23:16:00,87.3
2025-06-12 21:59:00,76.7
2025-06-12 03:15:00,15.8
2025-06-12 12:34:00,56.2
2025-06-12 04:47:00,49.66792053602915
2025-06-12 18:32:00,25.4
2025-06-12 22:49:00,88.6
2025-06-12 04:43:00,51.8
2025-06-12 08:46:00,49.66792053602915
2025-06-12 00:56:00,7.9
2025-06-12 10:19:00,62.5
2025-06-12 20:28:00,39.3
2025-06-12 16:38:00,42.3
2025-06-12 06:04:00,17.5
2025-06-12 21:54:00,9.0
2025-06-12 00:37:00,32.4
2025-06-12 08:06:00,49.66792053602915
2025-06-12 02:46:00,2.5
2025-06-12 17:20:00,65.7
2025-06-12 11:26:00,45.7
2025-06-12 13:18:00,17.7
2025-06-12 01:30:00,49.66792053602915
2025-06-12 14:26:00,49.66792053602915
2025-06-12 12:43:00,58.3
2025-06-12 07:20:00,18.9
2025-06-12 12:21:00,3.9
2025-06-12 02:11:00,44.5
2025-06-12 06:49:00,8.1
2025-06-12 13:07:00,29.0
2025-06-12 02:16:00,16.4
2025-06-12 08:04:00,39.3
2025-06-12 20:42:00,57.3
2025-06-12 14:20:00,41.3
2025-06-12 01:56:00,68.0
2025-06-12 10:32:00,82.9
2025-06-12 13:50:00,51.7
2025-06-12 18:28:00,88.5
2025-06-12 18:01:00,49.66792053602915
2025-06-12 20:13:00,8.3
2025-06-12 03:00:00,9.1
2025-06-12 19:41:00,9.7
2025-06-12 06:10:00,49.66792053602915
2025-06-12 08:53:00,68.1
2025-06-12 08:13:00,24.6
2025-06-12 18:50:00,90.1
2025-06-12 05:10:00,23.8
2025-06-12 13:09:00,8.3
2025-06-12 21:04:00,6.9
2025-06-12 23:47:00,86.9
2025-06-12 04:58:00,32.3
2025-06-12 21:38:00,49.66792053602915
2025-06-12 04:23:00,49.66792053602915
2025-06-12 19:20:00,64.1
2025-06-12 20:30:00,6.5
2025-06-12 15:00:00,2.1
2025-06-12 21:18:00,9.2
2025-06-12 21:25:00,49.66792053602915
2025-06-12 17:19:00,57.8
2025-06-12 14:58:00,49.66792053602915
2025-06-12 10:12:00,55.0
2025-06-12 01:14:00,80.5
2025-06-12 15:44:00,30.2
2025-06-12 00:45:00,93.4
2025-06-12 14:51:00,73.4
2025-06-12 03:29:00,49.66792053602915
2025-06-12 13:35:00,11.5
2025-06-12 05:28:00,17.1
2025-06-12 06:33:00,72.8
2025-06-12 22:38:00,10.6
2025-06-12 09:18:00,49.66792053602915
2025-06-12 09:22:00,83.2
2025-06-12 00:23:00,67.9
2025-06-12 21:49:00,52.3
2025-06-12 05:26:00,80.5
2025-06-12 21:47:00,60.7
2025-06-12 21:11:00,49.66792053602915
2025-06-12 19:37:00,69.6
2025-06-12 10:07:00,9.0
2025-06-12 06:43:00,23.0
2025-06-12 06:57:00,39.2
2025-06-12 08:27:00,31.5
2025-06-12 07:55:00,95.0
2025-06-12 03:23:00,12.9
2025-06-12 00:32:00,64.0
2025-06-12 15:54:00,19.4
2025-06-12 07:36:00,17.9
2025-06-12 03:59:00,78.9
2025-06-12 21:10:00,79.8
2025-06-12 10:06:00,7.5
2025-06-12 06:21:00,2.2
2025-06-12 21:29:00,74.1
2025-06-12 07:45:00,49.66792053602915
2025-06-12 00:15:00,49.66792053602915
2025-06-12 00:06:00,37.2
2025-06-12 02:13:00,16.8
2025-06-12 08:51:00,49.66792053602915
2025-06-12 11:39:00,62.9
2025-06-12 22:16:00,69.1
2025-06-12 22:08:00,95.9
2025-06-12 20:35:00,46.1
2025-06-12 14:15:00,49.66792053602915
2025-06-12 15:08:00,80.1
2025-06-12 05:35:00,58.6
2025-06-12 20:54:00,60.8
2025-06-12 05:05:00,47.7
2025-06-12 03:08:00,10.7
2025-06-12 19:42:00,82.2
2025-06-12 10:29:00,41.0
2025-06-12 00:59:00,31.4
2025-06-12 18:52:00,4.7
2025-06-12 17:55:00,9.2
2025-06-12 15:27:00,65.8
2025-06-12 17:04:00,66.8
2025-06-12 18:46:00,16.6
2025-06-12 07:30:00,42.2
2025-06-12 04:11:00,7.2
2025-06-12 04:03:00,49.66792053602915
2025-06-12 07:51:00,56.7
2025-06-12 19:55:00,25.2
2025-06-12 08:36:00,29.8
2025-06-12 23:06:00,77.6
2025-06-12 05:30:00,36.7
2025-06-12 19:08:00,68.4
2025-06-12 19:02:00,20.6
2025-06-12 07:06:00,15.6
2025-06-12 02:38:00,13.5
2025-06-12 22:17:00,49.66792053602915
2025-06-12 08:10:00,80.3
2025-06-12 21:26:00,58.6
2025-06-12 07:53:00,68.8
2025-06-12 04:33:00,38.6
2025-06-12 03:40:00,45.3
2025-06-12 01:46:00,93.3
2025-06-12 16:47:00,93.6
2025-06-12 17:34:00,91.6
2025-06-12 10:34:00,49.66792053602915
2025-06-12 08:52:00,45.1
2025-06-12 12:05:00,49.66792053602915
2025-06-12 01:09:00,77.0
2025-06-12 01:34:00,70.3
2025-06-12 06:35:00,55.0
2025-06-12 05:50:00,3.8
2025-06-12 21:06:00,39.6
2025-06-12 22:18:00,19.0
2025-06-12 01:17:00,88.6
2025-06-12 20:29:00,49.66792053602915
2025-06-12 08:41:00,9.8
2025-06-12 10:25:00,97.7
2025-06-12 15:18:00,59.8
2025-06-12 03:20:00,49.1
2025-06-12 15:14:00,43.0
2025-06-12 08:14:00,6.8
2025-06-12 07:35:00,49.66792053602915
2025-06-12 16:14:00,80.3
2025-06-12 10:03:00,55.0
2025-06-12 11:22:00,49.66792053602915
2025-06-12 07:39:00,54.6
2025-06-12 19:48:00,49.66792053602915
2025-06-12 19:19:00,3.9
2025-06-12 12:25:00,49.66792053602915
2025-06-12 14:52:00,16.5
2025-06-12 23:58:00,66.8
2025-06-12 02:29:00,21.4
2025-06-12 16:27:00,12.1
2025-06-12 04:50:00,37.0
2025-06-12 03:50:00,56.5
2025-06-12 18:30:00,26.0
2025-06-12 18:41:00,58.2
2025-06-12 06:35:00,93.4
2025-06-12 10:34:00,33.8
2025-06-12 09:00:00,50.4
2025-06-12 00:01:00,19.2
2025-06-12 22:23:00,93.8
2025-06-12 16:10:00,25.3
2025-06-12 07:36:00,49.82591552591553
2025-06-12 22:57:00,35.7
2025-06-12 23:02:00,75.6
2025-06-12 12:11:00,62.2
2025-06-12 22:42:00,87.8
2025-06-12 00:11:00,89.9
2025-06-12 16:36:00,70.9
2025-06-12 09:19:00,40.5
2025-06-12 09:38:00,49.82591552591553
2025-06-12 11:24:00,10.1
2025-06-12 21:25:00,3.1
2025-06-12 18:42:00,84.1
2025-06-12 04:25:00,91.9
2025-06-12 22:48:00,40.5
2025-06-12 17:57:00,96.1
2025-06-12 15:17:00,76.1
2025-06-12 00:37:00,72.3
2025-06-12 09:01:00,51.0
2025-06-12 17:02:00,30.9
2025-06-12 21:05:00,2.2
2025-06-12 14:43:00,49.82591552591553
2025-06-12 13:39:00,19.2
2025-06-12 09:51:00,100.0
2025-06-12 10:29:00,49.82591552591553
2025-06-12 17:59:00,49.82591552591553
2025-06-12 03:15:00,46.3
2025-06-12 04:50:00,90.4
2025-06-12 18:29:00,93.6
2025-06-12 08:52:00,36.5
2025-06-12 06:47:00,10.5
2025-06-12 21:23:00,48.6
2025-06-12 09:31:00,49.82591552591553
2025-06-12 05:30:00,50.3
2025-06-12 12:22:00,4.0
2025-06-12 02:21:00,17.4
2025-06-12 05:01:00,3.9
2025-06-12 02:12:00,49.82591552591553
2025-06-12 14:22:00,49.82591552591553
2025-06-12 16:19:00,87.0
2025-06-12 14:31:00,44.3
2025-06-12 08:41:00,91.3
2025-06-12 07:03:00,49.82591552591553
2025-06-12 09:15:00,27.2
2025-06-12 06:17:00,49.82591552591553
2025-06-12 22:03:00,25.7
2025-06-12 23:05:00,49.82591552591553
2025-06-12 15:11:00,50.5
2025-06-12 17:46:00,46.4
2025-06-12 15:04:00,93.2
2025-06-12 13:44:00,69.5
2025-06-12 23:09:00,40.2
2025-06-12 13:11:00,98.9
2025-06-12 03:10:00,56.9
2025-06-12 13:27:00,92.9
2025-06-12 16:03:00,55.5
2025-06-12 15:00:00,61.5
2025-06-12 16:29:00,70.2
2025-06-12 07:32:00,72.4
2025-06-12 05:58:00,64.1
2025-06-12 17:52:00,49.82591552591553
2025-06-12 00:29:00,49.82591552591553
2025-06-12 14:27:00,94.9
2025-06-12 05:24:00,21.1
2025-06-12 02:49:00,46.6
2025-06-12 01:18:00,64.4
2025-06-12 07:38:00,83.2
2025-06-12 00:47:00,82.1
2025-06-12 02:08:00,53.8
2025-06-12 20:11:00,94.6
2025-06-12 04:57:00,24.1
2025-06-12 10:38:00,11.8
2025-06-12 05:17:00,63.6
2025-06-12 08:09:00,40.9
2025-06-12 11:43:00,49.82591552591553
2025-06-12 04:23:00,42.9
2025-06-12 23:48:00,59.3
2025-06-12 07:45:00,49.82591552591553
2025-06-12 09:45:00,49.82591552591553
2025-06-12 20:54:00,45.6
2025-06-12 03:33:00,22.4
2025-06-12 10:20:00,38.0
2025-06-12 16:17:00,38.5
2025-06-12 12:06:00,73.9
2025-06-12 13:20:00,49.82591552591553
2025-06-12 00:36:00,49.82591552591553
2025-06-12 09:33:00,58.1
2025-06-12 09:56:00,34.4
2025-06-12 15:27:00,86.9
2025-06-12 01:00:00,91.3
2025-06-12 05:41:00,59.9
2025-06-12 12:30:00,50.0
2025-06-12 04:26:00,85.5
2025-06-12 08:20:00,62.2
2025-06-12 01:44:00,70.1
2025-06-12 04:46:00,82.3
2025-06-12 18:48:00,49.82591552591553
2025-06-12 01:29:00,21.0
2025-06-12 12:05:00,19.5
2025-06-12 18:20:00,88.1
2025-06-12 10:44:00,90.9
2025-06-12 02:40:00,55.4
2025-06-12 22:32:00,89.7
2025-06-12 13:19:00,47.8
2025-06-12 17:06:00,32.8
2025-06-12 20:36:00,71.4
2025-06-12 14:18:00,49.82591552591553
2025-06-12 18:04:00,42.7
2025-06-12 23:01:00,75.5
2025-06-12 00:33:00,15.0
2025-06-12 19:33:00,79.3
2025-06-12 15:16:00,4.1
2025-06-12 22:19:00,16.7
2025-06-12 14:04:00,68.3
2025-06-12 19:46:00,7.1
2025-06-12 18:11:00,49.82591552591553
2025-06-12 06:51:00,77.6
2025-06-12 00:04:00,91.7
2025-06-12 15:53:00,49.82591552591553
2025-06-12 19:23:00,40.3
2025-06-12 23:52:00,71.9
2025-06-12 05:14:00,12.7
2025-06-12 21:37:00,79.4
2025-06-12 17:26:00,2.4
2025-06-12 04:04:00,11.7
2025-06-12 13:33:00,67.6
2025-06-12 07:47:00,80.0
2025-06-12 07:04:00,30.0
2025-06-12 03:57:00,25.6
2025-06-12 22:46:00,21.9
2025-06-12 08:40:00,19.1
2025-06-12 23:26:00,16.1
2025-06-12 03:30:00,49.82591552591553
2025-06-12 12:16:00,48.6
2025-06-12 08:51:00,27.2
2025-06-12 15:03:00,16.1
2025-06-12 15:52:00,88.0
2025-06-12 07:37:00,49.82591552591553
2025-06-12 11:23:00,25.4
2025-06-12 23:25:00,7.8
2025-06-12 06:38:00,60.0
2025-06-12 21:02:00,12.7
2025-06-12 20:12:00,73.0
2025-06-12 05:52:00,5.0
2025-06-12 08:58:00,49.82591552591553
2025-06-12 02:17:00,28.2
2025-06-12 13:49:00,70.1
2025-06-12 22:11:00,39.0
2025-06-12 12:35:00,83.9
2025-06-12 11:00:00,49.82591552591553
2025-06-12 01:21:00,97.3
2025-06-12 02:41:00,91.6
2025-06-12 13:47:00,81.7
2025-06-12 11:16:00,87.3
2025-06-12 16:24:00,49.82591552591553
2025-06-12 12:42:00,31.2
2025-06-12 17:11:00,19.3
2025-06-12 22:38:00,32.7
2025-06-12 16:50:00,98.2
2025-06-12 04:48:00,49.82591552591553
2025-06-12 18:46:00,58.1
2025-06-12 03:05:00,50.7
2025-06-12 05:55:00,13.4
2025-06-12 08:10:00,40.6
2025-06-12 01:06:00,93.1
2025-06-12 02:46:00,48.9
2025-06-12 05:39:00,74.1
2025-06-12 09:09:00,49.82591552591553
2025-06-12 03:37:00,95.6
2025-06-12 12:45:00,95.0
2025-06-12 00:43:00,25.5
2025-06-12 12:07:00,1.6
2025-06-12 10:56:00,17.2
2025-06-12 09:42:00,16.3
2025-06-12 12:09:00,49.82591552591553
2025-06-12 07:54:00,96.5
2025-06-12 20:42:00,99.2
2025-06-12 03:53:00,84.3
2025-06-12 02:56:00,49.82591552591553
2025-06-12 05:29:00,97.9
2025-06-12 11:09:00,98.7
2025-06-12 06:22:00,52.2
2025-06-12 23:49:00,25.0
2025-06-12 13:12:00,59.0
2025-06-12 23:55:00,77.7
2025-06-12 13:18:00,49.82591552591553
2025-06-12 21:08:00,26.9
2025-06-12 06:31:00,79.5
2025-06-12 05:00:00,15.0
2025-06-12 21:42:00,49.5
2025-06-12 10:39:00,90.9
2025-06-12 19:38:00,48.1
2025-06-12 14:05:00,0.4
2025-06-12 20:28:00,66.0
2025-06-12 07:49:00,46.9
2025-06-12 03:00:00,30.5
2025-06-12 05:28:00,79.6
2025-06-12 05:34:00,88.8
2025-06-12 18:32:00,18.9
2025-06-12 09:13:00,77.3
2025-06-12 12:27:00,27.4
2025-06-12 08:56:00,50.6
2025-06-12 16:58:00,21.5
2025-06-12 23:34:00,37.3
2025-06-12 22:05:00,85.8
2025-06-12 04:16:00,31.3
2025-06-12 04:09:00,2.3
2025-06-12 19:51:00,23.0
2025-06-12 09:40:00,49.82591552591553
2025-06-12 13:21:00,93.9
2025-06-12 22:13:00,66.9
2025-06-12 15:41:00,1.9
2025-06-12 18:34:00,62.1
2025-06-12 22:43:00,6.0
2025-06-12 01:03:00,92.4
2025-06-12 10:51:00,17.0
2025-06-12 05:57:00,77.8
2025-06-12 23:30:00,30.0
2025-06-12 11:42:00,25.9
2025-06-12 20:44:00,92.5
2025-06-12 00:25:00,49.82591552591553
2025-06-12 14:12:00,37.1
2025-06-12 21:54:00,0.4
2025-06-12 21:40:00,78.5
2025-06-12 20:00:00,55.9
2025-06-12 19:41:00,56.6
2025-06-12 04:03:00,99.3
2025-06-12 16:16:00,49.82591552591553
2025-06-12 16:42:00,90.9
2025-06-12 00:50:00,23.9
2025-06-12 04:33:00,93.9
2025-06-12 10:16:00,74.1
2025-06-12 02:07:00,47.9
2025-06-12 18:27:00,49.82591552591553
2025-06-12 21:28:00,32.6
2025-06-12 18:50:00,76.9
2025-06-12 23:42:00,50.7
2025-06-12 03:39:00,10.6
2025-06-12 19:03:00,55.2
2025-06-12 11:47:00,48.7
2025-06-12 17:27:00,49.82591552591553
2025-06-12 12:59:00,18.3
2025-06-12 18:49:00,73.9
2025-06-12 14:15:00,8.7
2025-06-12 00:28:00,31.8
2025-06-12 14:33:00,23.6
2025-06-12 18:09:00,67.7
2025-06-12 20:39:00,75.2
2025-06-12 17:23:00,74.8
2025-06-12 08:38:00,49.82591552591553
2025-06-12 12:18:00,83.3
2025-06-12 12:31:00,53.3
2025-06-12 21:47:00,79.7
2025-06-12 15:12:00,49.82591552591553
2025-06-12 18:21:00,5.9
2025-06-12 17:54:00,99.3
2025-06-12 07:12:00,94.0
2025-06-12 07:30:00,69.0
2025-06-12 18:28:00,37.7
2025-06-12 04:39:00,61.8
2025-06-12 08:27:00,81.0
2025-06-12 01:04:00,62.0
2025-06-12 12:53:00,7.3
2025-06-12 16:00:00,20.8
2025-06-12 20:47:00,77.7
2025-06-12 06:06:00,49.82591552591553
2025-06-12 18:55:00,60.2
2025-06-12 14:19:00,34.2
2025-06-12 22:17:00,13.1
2025-06-12 23:44:00,77.2
2025-06-12 07:34:00,83.8
2025-06-12 17:08:00,12.5
2025-06-12 15:34:00,73.3
2025-06-12 08:21:00,49.82591552591553
2025-06-12 21:07:00,44.3
2025-06-12 02:58:00,49.82591552591553
2025-06-12 20:24:00,47.0
2025-06-12 03:01:00,87.9
2025-06-12 07:41:00,75.2
2025-06-12 15:20:00,97.6
2025-06-12 15:36:00,57.4
2025-06-12 02:02:00,16.0
2025-06-12 09:21:00,11.4
2025-06-12 21:53:00,60.5
2025-06-12 23:50:00,49.82591552591553
2025-06-12 09:12:00,56.7
2025-06-12 06:03:00,55.7
2025-06-12 20:07:00,12.0
2025-06-12 13:54:00,4.6
2025-06-12 10:58:00,43.7
2025-06-12 06:44:00,70.6
2025-06-12 13:22:00,75.4
2025-06-12 13:59:00,49.2
2025-06-12 07:51:00,62.0
2025-06-12 08:02:00,90.3
2025-06-12 19:36:00,49.82264106490752
2025-06-12 08:26:00,10.4
2025-06-12 09:47:00,63.8
2025-06-12 17:00:00,82.1
2025-06-12 01:19:00,3.3
2025-06-12 10:26:00,18.8
2025-06-12 13:52:00,89.5
2025-06-12 01:12:00,49.82264106490752
2025-06-12 04:39:00,60.2
2025-06-12 08:50:00,46.0
2025-06-12 11:09:00,5.7
2025-06-12 05:42:00,35.2
2025-06-12 06:40:00,18.3
2025-06-12 01:42:00,54.4
2025-06-12 13:41:00,49.82264106490752
2025-06-12 20:00:00,49.82264106490752
2025-06-12 03:30:00,37.8
2025-06-12 23:13:00,78.8
2025-06-12 18:39:00,49.82264106490752
2025-06-12 19:52:00,7.5
2025-06-12 01:37:00,92.3
2025-06-12 16:43:00,36.1
2025-06-12 14:43:00,90.4
2025-06-12 15:31:00,2.1
2025-06-12 04:00:00,49.2
2025-06-12 21:12:00,79.9
2025-06-12 10:53:00,55.7
2025-06-12 08:07:00,85.1
2025-06-12 09:24:00,21.7
2025-06-12 05:36:00,49.1
2025-06-12 17:25:00,20.3
2025-06-12 13:27:00,48.8
2025-06-12 16:35:00,81.7
2025-06-12 01:13:00,49.82264106490752
2025-06-12 17:48:00,12.8
2025-06-12 00:09:00,79.8
2025-06-12 09:09:00,70.5
2025-06-12 13:21:00,78.7
2025-06-12 17:44:00,81.9
2025-06-12 12:51:00,18.1
2025-06-12 18:36:00,46.5
2025-06-12 21:03:00,69.4
2025-06-12 00:40:00,58.1
2025-06-12 06:21:00,49.82264106490752
2025-06-12 14:15:00,11.7
2025-06-12 01:16:00,96.9
2025-06-12 05:02:00,49.82264106490752
2025-06-12 18:57:00,60.4
2025-06-12 15:22:00,2.0
2025-06-12 19:05:00,5.7
2025-06-12 07:04:00,49.82264106490752
2025-06-12 05:03:00,49.82264106490752
2025-06-12 13:43:00,93.2
2025-06-12 13:40:00,67.6
2025-06-12 22:34:00,14.4
2025-06-12 19:20:00,91.9
2025-06-12 11:37:00,13.0
2025-06-12 00:25:00,49.82264106490752
2025-06-12 07:25:00,58.6
2025-06-12 09:18:00,45.6
2025-06-12 08:00:00,49.82264106490752
2025-06-12 11:39:00,80.4
2025-06-12 10:06:00,49.82264106490752
2025-06-12 03:36:00,44.7
2025-06-12 18:58:00,87.9
2025-06-12 22:12:00,49.82264106490752
2025-06-12 19:51:00,16.5
2025-06-12 06:52:00,95.8
2025-06-12 14:29:00,73.7
2025-06-12 15:27:00,20.4
2025-06-12 15:30:00,53.6
2025-06-12 03:09:00,10.3
2025-06-12 12:46:00,68.5
2025-06-12 04:59:00,84.7
2025-06-12 13:51:00,74.7
2025-06-12 20:29:00,36.6
2025-06-12 12:40:00,78.4
2025-06-12 10:37:00,57.9
2025-06-12 02:04:00,4.1
2025-06-12 07:21:00,39.5
2025-06-12 17:16:00,38.4
2025-06-12 01:39:00,17.6
2025-06-12 00:06:00,24.7
2025-06-12 21:02:00,49.82264106490752
2025-06-12 15:43:00,10.0
2025-06-12 15:59:00,60.8
2025-06-12 11:32:00,49.82264106490752
2025-06-12 11:43:00,8.4
2025-06-12 16:14:00,76.8
2025-06-12 10:05:00,41.6
2025-06-12 11:34:00,13.1
2025-06-12 03:02:00,68.2
2025-06-12 16:24:00,80.1
2025-06-12 18:37:00,47.7
2025-06-12 03:37:00,21.7
2025-06-12 01:50:00,50.0
2025-06-12 02:24:00,62.7
2025-06-12 21:28:00,2.6
2025-06-12 02:37:00,38.8
2025-06-12 11:26:00,27.2
2025-06-12 00:45:00,59.5
2025-06-12 23:03:00,82.4
2025-06-12 02:48:00,10.9
2025-06-12 19:09:00,49.82264106490752
2025-06-12 03:50:00,8.6
2025-06-12 01:14:00,68.6
2025-06-12 05:45:00,2.9
2025-06-12 22:33:00,65.2
2025-06-12 20:55:00,9.9
2025-06-12 22:19:00,93.3
2025-06-12 22:37:00,49.82264106490752
2025-06-12 06:35:00,83.6
2025-06-12 09:53:00,15.0
2025-06-12 13:37:00,5.0
2025-06-12 20:26:00,9.6
2025-06-12 02:35:00,49.82264106490752
2025-06-12 02:38:00,60.4
2025-06-12 02:34:00,29.5
2025-06-12 19:10:00,67.4
2025-06-12 07:59:00,88.5
2025-06-12 17:38:00,87.6
2025-06-12 09:13:00,35.9
2025-06-12 04:17:00,49.82264106490752
2025-06-12 12:07:00,87.3
2025-06-12 04:29:00,59.7
2025-06-12 21:57:00,2.3
2025-06-12 07:01:00,52.7
2025-06-12 17:34:00,15.5
2025-06-12 18:33:00,80.6
2025-06-12 18:23:00,76.3
2025-06-12 22:52:00,20.4
2025-06-12 19:57:00,12.5
2025-06-12 14:59:00,21.6
2025-06-12 22:27:00,6.4
2025-06-12 03:26:00,30.7
2025-06-12 10:00:00,9.0
2025-06-12 17:23:00,27.5
2025-06-12 06:39:00,49.82264106490752
2025-06-12 21:42:00,49.82264106490752
2025-06-12 15:02:00,58.2
2025-06-12 00:26:00,49.82264106490752
2025-06-12 19:32:00,48.7
2025-06-12 07:14:00,49.82264106490752
2025-06-12 11:03:00,2.4
2025-06-12 04:58:00,33.3
2025-06-12 23:40:00,1.3
2025-06-12 10:08:00,57.2
2025-06-12 14:08:00,34.9
2025-06-12 00:49:00,42.6
2025-06-12 13:45:00,49.82264106490752
2025-06-12 14:13:00,49.82264106490752
2025-06-12 00:34:00,88.9
2025-06-12 20:49:00,49.82264106490752
2025-06-12 00:44:00,3.8
2025-06-12 04:15:00,47.3
2025-06-12 19:58:00,4.6
2025-06-12 09:19:00,14.1
2025-06-12 14:06:00,49.82264106490752
2025-06-12 21:10:00,49.82264106490752
2025-06-12 15:11:00,56.2
2025-06-12 17:33:00,96.9
2025-06-12 19:53:00,49.82264106490752
2025-06-12 14:34:00,48.5
2025-06-12 21:38:00,48.8
2025-06-12 14:05:00,1.2
2025-06-12 10:21:00,49.82264106490752
2025-06-12 23:53:00,8.7
2025-06-12 00:15:00,45.2
2025-06-12 09:06:00,49.82264106490752
2025-06-12 08:20:00,49.82264106490752
2025-06-12 05:54:00,49.82264106490752
2025-06-12 15:29:00,11.1
2025-06-12 16:15:00,49.82264106490752
2025-06-12 06:04:00,64.7
2025-06-12 22:36:00,68.6
2025-06-12 01:31:00,5.4
2025-06-12 11:44:00,37.7
2025-06-12 10:09:00,94.0
2025-06-12 07:06:00,66.5
2025-06-12 12:37:00,32.4
2025-06-12 17:19:00,3.2
2025-06-12 14:55:00,90.2
2025-06-12 15:39:00,7.9
2025-06-12 19:26:00,49.82264106490752
2025-06-12 07:39:00,49.82264106490752
2025-06-12 06:06:00,5.6
2025-06-12 03:14:00,82.6
2025-06-12 06:32:00,63.2
2025-06-12 17:13:00,23.1
2025-06-12 04:23:00,15.7
2025-06-12 06:33:00,73.7
2025-06-12 23:36:00,49.82264106490752
2025-06-12 02:23:00,8.6
2025-06-12 13:00:00,96.8
2025-06-12 03:16:00,5.5
2025-06-12 05:32:00,56.0
2025-06-12 21:39:00,87.8
2025-06-12 16:30:00,41.0
2025-06-12 10:46:00,55.4
2025-06-12 14:56:00,74.0
2025-06-12 15:55:00,38.4
2025-06-12 17:54:00,49.82264106490752
2025-06-12 14:57:00,52.3
2025-06-12 14:12:00,62.7
2025-06-12 10:18:00,85.8
2025-06-12 09:28:00,91.7
2025-06-12 12:52:00,34.8
2025-06-12 07:11:00,19.5
2025-06-12 17:14:00,9.3
2025-06-12 08:54:00,13.4
2025-06-12 09:59:00,71.8
2025-06-12 14:01:00,19.3
2025-06-12 18:46:00,3.1
2025-06-12 07:13:00,49.82264106490752
2025-06-12 22:11:00,48.8
2025-06-12 12:36:00,3.0
2025-06-12 18:28:00,14.0
2025-06-12 09:14:00,49.82264106490752
2025-06-12 00:52:00,37.4
2025-06-12 21:31:00,96.7
2025-06-12 18:30:00,32.6
2025-06-12 17:01:00,49.82264106490752
2025-06-12 15:32:00,11.4
2025-06-12 07:54:00,28.3
2025-06-12 16:57:00,3.0
2025-06-12 17:51:00,49.82264106490752
2025-06-12 01:55:00,58.3
2025-06-12 06:45:00,81.9
2025-06-12 23:08:00,69.5
2025-06-12 08:29:00,15.4
2025-06-12 02:10:00,49.2
2025-06-12 17:10:00,67.3
2025-06-12 06:47:00,61.1
2025-06-12 03:51:00,75.5
2025-06-12 20:01:00,49.82264106490752
2025-06-12 16:31:00,49.82264106490752
2025-06-12 20:05:00,88.7
2025-06-12 03:29:00,35.2
2025-06-12 15:25:00,4.6
2025-06-12 05:04:00,98.4
2025-06-12 13:07:00,86.6
2025-06-12 09:01:00,64.9
2025-06-12 10:43:00,83.5
2025-06-12 10:10:00,9.1
2025-06-12 11:20:00,85.5
2025-06-12 17:24:00,21.5
2025-06-12 00:50:00,66.2
2025-06-12 14:04:00,43.0
2025-06-12 15:45:00,49.82264106490752
2025-06-12 00:19:00,43.6
2025-06-12 19:38:00,46.0
2025-06-12 07:02:00,30.2
2025-06-12 23:35:00,49.1
2025-06-12 08:22:00,46.9
2025-06-12 16:33:00,1.8
2025-06-12 02:01:00,3.3
2025-06-12 06:30:00,6.4
2025-06-12 00:16:00,2.8
2025-06-12 19:02:00,19.9
2025-06-12 08:12:00,21.9
2025-06-12 16:18:00,10.0
2025-06-12 20:31:00,82.5
2025-06-12 19:42:00,40.1
2025-06-12 04:18:00,49.82264106490752
2025-06-12 19:00:00,86.3
2025-06-12 08:28:00,29.5
2025-06-12 19:18:00,1.1
2025-06-12 10:07:00,44.6
2025-06-12 08:24:00,20.0
2025-06-12 20:19:00,75.0
2025-06-12 22:18:00,52.6
2025-06-12 15:14:00,85.5
2025-06-12 20:48:00,50.2
2025-06-12 17:40:00,25.8
2025-06-12 15:49:00,37.8
2025-06-12 21:15:00,49.82264106490752
2025-06-12 07:42:00,8.1
2025-06-12 21:50:00,20.8
2025-06-12 11:50:00,45.5
2025-06-12 01:02:00,49.82264106490752
2025-06-12 19:23:00,24.9
2025-06-12 20:36:00,22.8
2025-06-12 04:50:00,46.9
2025-06-12 18:43:00,1.8
2025-06-12 16:38:00,41.2
2025-06-12 13:17:00,26.4
2025-06-12 00:54:00,73.1
2025-06-12 15:38:00,80.8
2025-06-12 18:56:00,86.4
2025-06-12 16:09:00,91.8
2025-06-12 11:46:00,49.82264106490752
2025-06-12 22:41:00,49.82264106490752
2025-06-12 06:07:00,53.9
2025-06-12 08:08:00,11.1
2025-06-12 14:41:00,14.6
2025-06-12 05:28:00,90.1
2025-06-12 11:28:00,57.7
2025-06-12 10:02:00,57.8
2025-06-12 17:29:00,63.6
2025-06-12 11:58:00,30.8
2025-06-12 06:15:00,21.5
2025-06-12 11:23:00,2.9
2025-06-12 01:36:00,86.9
2025-06-12 00:35:00,18.1
2025-06-12 00:52:00,63.3
2025-06-12 19:21:00,73.4
2025-06-12 12:34:00,95.7
2025-06-12 15:33:00,38.5
2025-06-12 21:00:00,66.0
2025-06-12 11:03:00,78.9
2025-06-12 17:56:00,92.3
2025-06-12 03:18:00,18.2
2025-06-12 15:16:00,9.6
2025-06-12 04:07:00,60.9
2025-06-12 13:07:00,33.4
2025-06-12 14:25:00,94.4
2025-06-12 02:01:00,0.6
2025-06-12 12:20:00,49.73505924170616
2025-06-12 23:05:00,91.6
2025-06-12 05:58:00,34.4
2025-06-12 18:34:00,52.0
2025-06-12 16:39:00,76.3
2025-06-12 03:39:00,62.8
2025-06-12 13:23:00,36.3
2025-06-12 19:01:00,30.9
2025-06-12 22:44:00,68.7
2025-06-12 11:04:00,16.4
2025-06-12 09:24:00,19.4
2025-06-12 14:12:00,49.73505924170616
2025-06-12 01:04:00,48.3
2025-06-12 14:31:00,50.9
2025-06-12 20:49:00,49.73505924170616
2025-06-12 06:52:00,20.6
2025-06-12 04:08:00,60.7
2025-06-12 14:34:00,45.9
2025-06-12 00:10:00,24.3
2025-06-12 06:42:00,49.73505924170616
2025-06-12 00:25:00,15.3
2025-06-12 19:44:00,76.8
2025-06-12 17:55:00,26.9
2025-06-12 22:39:00,96.9
2025-06-12 10:45:00,64.5
2025-06-12 22:10:00,2.6
2025-06-12 21:46:00,72.7
2025-06-12 11:36:00,1.8
2025-06-12 10:14:00,6.1
2025-06-12 20:42:00,49.73505924170616
2025-06-12 21:54:00,82.6
2025-06-12 17:26:00,92.9
2025-06-12 15:07:00,78.4
2025-06-12 10:11:00,81.4
2025-06-12 06:47:00,71.5
2025-06-12 16:37:00,92.4
2025-06-12 07:54:00,15.3
2025-06-12 06:12:00,49.6
2025-06-12 07:36:00,49.73505924170616
2025-06-12 16:56:00,57.3
2025-06-12 01:39:00,68.1
2025-06-12 20:09:00,62.6
2025-06-12 21:23:00,52.0
2025-06-12 19:14:00,91.2
2025-06-12 15:54:00,70.5
2025-06-12 08:14:00,49.73505924170616
2025-06-12 11:48:00,22.4
2025-06-12 19:45:00,7.8
2025-06-12 15:11:00,3.2
2025-06-12 09:50:00,49.73505924170616
2025-06-12 04:14:00,31.3
2025-06-12 19:58:00,85.5
2025-06-12 02:22:00,17.7
2025-06-12 22:20:00,7.3
2025-06-12 12:49:00,52.0
2025-06-12 05:25:00,29.4
2025-06-12 07:48:00,83.5
2025-06-12 12:18:00,49.73505924170616
2025-06-12 15:25:00,83.0
2025-06-12 19:06:00,59.5
2025-06-12 07:13:00,49.73505924170616
2025-06-12 01:28:00,86.0
2025-06-12 16:55:00,86.0
2025-06-12 05:56:00,70.1
2025-06-12 18:12:00,36.2
2025-06-12 09:35:00,51.0
2025-06-12 00:14:00,34.2
2025-06-12 13:01:00,13.4
2025-06-12 07:17:00,71.3
2025-06-12 13:20:00,36.1
2025-06-12 19:04:00,58.1
2025-06-12 10:53:00,9.2
2025-06-12 04:00:00,87.3
2025-06-12 19:53:00,48.7
2025-06-12 14:26:00,58.8
2025-06-12 02:14:00,97.1
2025-06-12 07:39:00,74.2
2025-06-12 00:03:00,15.8
2025-06-12 12:05:00,17.2
2025-06-12 09:22:00,49.73505924170616
2025-06-12 06:49:00,28.2
2025-06-12 02:49:00,70.2
2025-06-12 16:42:00,75.8
2025-06-12 21:25:00,34.8
2025-06-12 07:44:00,28.7
2025-06-12 05:39:00,74.3
2025-06-12 17:22:00,91.9
2025-06-12 10:26:00,2.7
2025-06-12 08:49:00,57.0
2025-06-12 00:58:00,2.1
2025-06-12 10:07:00,45.1
2025-06-12 19:18:00,36.2
2025-06-12 07:08:00,29.4
2025-06-12 08:52:00,0.9
2025-06-12 12:48:00,4.3
2025-06-12 09:39:00,35.5
2025-06-12 14:36:00,26.0
2025-06-12 02:37:00,79.9
2025-06-12 22:49:00,59.1
2025-06-12 15:15:00,26.5
2025-06-12 02:17:00,15.8
2025-06-12 04:22:00,11.2
2025-06-12 21:36:00,67.9
2025-06-12 03:21:00,32.6
2025-06-12 13:32:00,61.4
2025-06-12 18:57:00,17.7
2025-06-12 01:57:00,34.7
2025-06-12 08:00:00,35.6
2025-06-12 16:01:00,49.73505924170616
2025-06-12 22:19:00,16.0
2025-06-12 08:08:00,1.0
2025-06-12 05:37:00,20.3
2025-06-12 18:05:00,33.7
2025-06-12 04:45:00,36.9
2025-06-12 12:54:00,21.2
2025-06-12 04:38:00,28.8
2025-06-12 15:59:00,50.1
2025-06-12 05:40:00,48.4
2025-06-12 05:34:00,61.7
2025-06-12 06:17:00,20.8
2025-06-12 15:56:00,42.6
2025-06-12 05:33:00,31.6
2025-06-12 03:04:00,44.1
2025-06-12 08:07:00,51.2
2025-06-12 15:29:00,10.2
2025-06-12 18:04:00,6.4
2025-06-12 20:50:00,49.73505924170616
2025-06-12 01:14:00,49.73505924170616
2025-06-12 15:14:00,12.3
2025-06-12 05:46:00,49.73505924170616
2025-06-12 03:13:00,81.1
2025-06-12 08:11:00,91.2
2025-06-12 13:26:00,49.73505924170616
2025-06-12 05:45:00,51.8
2025-06-12 02:34:00,82.4
2025-06-12 13:14:00,14.5
2025-06-12 05:16:00,25.3
2025-06-12 13:36:00,44.5
2025-06-12 18:20:00,62.8
2025-06-12 12:26:00,16.8
2025-06-12 06:22:00,3.3
2025-06-12 12:31:00,49.4
2025-06-12 08:55:00,91.4
2025-06-12 10:54:00,92.8
2025-06-12 17:54:00,49.73505924170616
2025-06-12 21:08:00,90.4
2025-06-12 23:10:00,52.8
2025-06-12 14:00:00,67.2
2025-06-12 09:59:00,86.1
2025-06-12 12:51:00,44.4
2025-06-12 17:48:00,42.9
2025-06-12 21:20:00,0.3
2025-06-12 11:38:00,25.2
2025-06-12 10:38:00,25.9
2025-06-12 20:02:00,36.3
2025-06-12 11:33:00,43.4
2025-06-12 00:33:00,2.8
2025-06-12 19:19:00,23.1
2025-06-12 17:17:00,40.2
2025-06-12 23:30:00,18.5
2025-06-12 06:21:00,88.1
2025-06-12 17:47:00,49.73505924170616
2025-06-12 05:19:00,93.8
2025-06-12 12:15:00,72.8
2025-06-12 09:03:00,46.6
2025-06-12 22:34:00,42.9
2025-06-12 17:33:00,10.3
2025-06-12 16:33:00,49.73505924170616
2025-06-12 11:24:00,32.9
2025-06-12 21:24:00,10.8
2025-06-12 14:58:00,85.1
2025-06-12 12:00:00,12.1
2025-06-12 13:48:00,62.7
2025-06-12 18:02:00,30.3
2025-06-12 01:01:00,47.2
2025-06-12 16:04:00,0.2
2025-06-12 06:32:00,70.6
2025-06-12 15:58:00,31.2
2025-06-12 20:48:00,9.5
2025-06-12 00:28:00,47.0
2025-06-12 07:23:00,49.73505924170616
2025-06-12 11:44:00,5.2
2025-06-12 07:45:00,54.4
2025-06-12 03:40:00,25.2
2025-06-12 15:40:00,53.6
2025-06-12 20:17:00,44.2
2025-06-12 22:46:00,42.5
2025-06-12 07:34:00,82.5
2025-06-12 11:05:00,49.73505924170616
2025-06-12 01:08:00,49.73505924170616
2025-06-12 06:50:00,49.0
2025-06-12 16:14:00,49.73505924170616
2025-06-12 21:14:00,22.3
2025-06-12 14:22:00,84.3
2025-06-12 12:19:00,5.6
2025-06-12 21:40:00,74.6
2025-06-12 23:37:00,35.8
2025-06-12 13:53:00,1.3
2025-06-12 06:44:00,48.1
2025-06-12 04:25:00,49.73505924170616
2025-06-12 04:57:00,54.3
2025-06-12 17:10:00,49.73505924170616
2025-06-12 18:28:00,0.9
2025-06-12 10:30:00,16.4
2025-06-12 02:12:00,38.5
2025-06-12 19:49:00,41.2
2025-06-12 23:54:00,49.73505924170616
2025-06-12 14:33:00,45.6
2025-06-12 21:34:00,16.0
2025-06-12 05:05:00,4.3
2025-06-12 17:02:00,27.9
2025-06-12 11:55:00,92.1
2025-06-12 13:22:00,97.9
2025-06-12 14:39:00,55.9
2025-06-12 00:26:00,83.0
2025-06-12 02:08:00,53.8
2025-06-12 12:44:00,99.7
2025-06-12 10:17:00,82.4
2025-06-12 09:41:00,5.0
2025-06-12 22:54:00,49.73505924170616
2025-06-12 04:32:00,88.8
2025-06-12 17:05:00,88.6
2025-06-12 01:32:00,6.9
2025-06-12 00:27:00,41.8
2025-06-12 03:36:00,74.6
2025-06-12 02:59:00,20.0
2025-06-12 22:00:00,17.5
2025-06-12 22:26:00,90.2
2025-06-12 08:01:00,49.73505924170616
2025-06-12 06:57:00,93.2
2025-06-12 20:36:00,35.7
2025-06-12 11:25:00,49.73505924170616
2025-06-12 17:52:00,49.73505924170616
2025-06-12 21:49:00,77.9
2025-06-12 00:18:00,87.5
2025-06-12 00:53:00,83.0
2025-06-12 16:59:00,91.8
2025-06-12 14:18:00,3.4
2025-06-12 14:08:00,36.7
2025-06-12 12:16:00,38.0
2025-06-12 23:46:00,29.9
2025-06-12 21:27:00,67.5
2025-06-12 00:40:00,41.9
2025-06-12 09:36:00,49.73505924170616
2025-06-12 20:58:00,49.73505924170616
2025-06-12 13:35:00,31.9
2025-06-12 16:51:00,69.3
2025-06-12 10:55:00,48.7
2025-06-12 21:31:00,22.4
2025-06-12 02:50:00,80.6
2025-06-12 08:40:00,67.5
2025-06-12 13:25:00,85.6
2025-06-12 08:05:00,70.6
2025-06-12 05:42:00,92.8
2025-06-12 19:19:00,66.6
2025-06-12 14:42:00,18.4
2025-06-12 23:15:00,28.3
2025-06-12 00:37:00,54.1
2025-06-12 16:16:00,2.3
2025-06-12 01:09:00,60.1
2025-06-12 00:41:00,50.04950773558369
2025-06-12 00:03:00,43.2
2025-06-12 19:56:00,31.0
2025-06-12 11:14:00,25.4
2025-06-12 02:51:00,92.8
2025-06-12 09:02:00,30.9
2025-06-12 10:58:00,84.2
2025-06-12 17:23:00,81.0
2025-06-12 19:03:00,13.2
2025-06-12 22:36:00,39.7
2025-06-12 08:21:00,40.0
2025-06-12 07:19:00,36.9
2025-06-12 06:46:00,49.6
2025-06-12 13:59:00,93.4
2025-06-12 11:01:00,18.1
2025-06-12 05:10:00,33.7
2025-06-12 12:22:00,21.5
2025-06-12 23:42:00,26.2
2025-06-12 06:00:00,27.5
2025-06-12 19:32:00,50.04950773558369
2025-06-12 04:46:00,51.2
2025-06-12 03:11:00,58.4
2025-06-12 16:25:00,50.04950773558369
2025-06-12 13:29:00,94.6
2025-06-12 13:47:00,50.04950773558369
2025-06-12 14:52:00,25.7
2025-06-12 16:33:00,73.7
2025-06-12 06:21:00,21.1
2025-06-12 14:05:00,50.04950773558369
2025-06-12 21:46:00,60.6
2025-06-12 06:56:00,96.1
2025-06-12 14:09:00,38.2
2025-06-12 18:16:00,50.04950773558369
2025-06-12 01:55:00,35.9
2025-06-12 15:54:00,39.2
2025-06-12 18:41:00,80.2
2025-06-12 02:19:00,87.9
2025-06-12 11:37:00,86.4
2025-06-12 18:06:00,89.4
2025-06-12 20:17:00,90.3
2025-06-12 01:29:00,26.1
2025-06-12 12:43:00,93.3
2025-06-12 01:36:00,37.8
2025-06-12 09:22:00,76.2
2025-06-12 13:05:00,30.6
2025-06-12 08:18:00,77.8
2025-06-12 01:00:00,27.9
2025-06-12 20:47:00,52.7
2025-06-12 22:40:00,6.2
2025-06-12 02:27:00,1.6
2025-06-12 18:04:00,58.7
2025-06-12 13:02:00,92.4
2025-06-12 17:54:00,44.1
2025-06-12 19:30:00,50.04950773558369
2025-06-12 01:03:00,71.1
2025-06-12 05:34:00,71.0
2025-06-12 17:46:00,13.0
2025-06-12 08:00:00,9.5
2025-06-12 09:38:00,86.4
2025-06-12 18:53:00,53.5
2025-06-12 20:05:00,30.2
2025-06-12 07:14:00,36.8
2025-06-12 14:00:00,99.1
2025-06-12 20:55:00,84.4
2025-06-12 04:52:00,36.7
2025-06-12 15:41:00,50.04950773558369
2025-06-12 14:07:00,50.04950773558369
2025-06-12 15:16:00,46.1
2025-06-12 01:41:00,50.04950773558369
2025-06-12 06:44:00,21.9
2025-06-12 17:05:00,7.0
2025-06-12 05:41:00,4.1
2025-06-12 17:47:00,75.8
2025-06-12 22:27:00,88.6
2025-06-12 02:06:00,47.9
2025-06-12 01:51:00,88.8
2025-06-12 23:54:00,51.6
2025-06-12 23:03:00,98.8
2025-06-12 03:41:00,10.1
2025-06-12 20:34:00,97.7
2025-06-12 20:40:00,73.5
2025-06-12 06:04:00,78.5
2025-06-12 02:58:00,50.04950773558369
2025-06-12 01:27:00,63.8
2025-06-12 14:38:00,72.5
2025-06-12 15:32:00,53.3
2025-06-12 00:42:00,60.5
2025-06-12 08:56:00,28.5
2025-06-12 09:26:00,94.7
2025-06-12 16:28:00,52.9
2025-06-12 12:52:00,50.04950773558369
2025-06-12 10:53:00,50.04950773558369
2025-06-12 07:32:00,6.1
2025-06-12 17:55:00,19.2
2025-06-12 09:12:00,59.0
2025-06-12 02:01:00,16.7
2025-06-12 01:16:00,50.04950773558369
2025-06-12 23:16:00,30.3
2025-06-12 17:22:00,42.8
2025-06-12 04:45:00,68.1
2025-06-12 23:17:00,51.2
2025-06-12 20:52:00,50.04950773558369
2025-06-12 07:48:00,81.7
2025-06-12 19:51:00,50.04950773558369
2025-06-12 16:34:00,88.5
2025-06-12 02:35:00,97.0
2025-06-12 03:32:00,37.9
2025-06-12 02:28:00,50.04950773558369
2025-06-12 06:48:00,97.3
2025-06-12 19:26:00,69.9
2025-06-12 11:26:00,53.0
2025-06-12 12:31:00,19.1
2025-06-12 09:30:00,80.0
2025-06-12 20:58:00,21.8
2025-06-12 19:46:00,41.6
2025-06-12 07:44:00,77.1
2025-06-12 12:07:00,50.04950773558369
2025-06-12 16:31:00,53.8
2025-06-12 13:28:00,32.0
2025-06-12 04:39:00,22.5
2025-06-12 16:42:00,12.0
2025-06-12 15:28:00,50.04950773558369
2025-06-12 06:19:00,73.2
2025-06-12 14:40:00,25.7
2025-06-12 08:53:00,50.04950773558369
2025-06-12 10:47:00,72.0
2025-06-12 06:34:00,5.1
2025-06-12 18:35:00,80.4
2025-06-12 03:28:00,50.04950773558369
2025-06-12 16:26:00,95.2
2025-06-12 10:43:00,50.04950773558369
2025-06-12 02:31:00,15.1
2025-06-12 23:39:00,98.1
2025-06-12 03:45:00,55.1
2025-06-12 23:51:00,23.6
2025-06-12 09:36:00,28.8
2025-06-12 05:55:00,50.04950773558369
2025-06-12 06:18:00,35.5
2025-06-12 11:15:00,1.8
2025-06-12 02:05:00,68.9
2025-06-12 17:53:00,6.6
2025-06-12 22:51:00,16.4
2025-06-12 00:07:00,42.8
2025-06-12 05:05:00,53.7
2025-06-12 06:58:00,2.0
2025-06-12 15:11:00,73.3
2025-06-12 09:27:00,50.04950773558369
2025-06-12 18:09:00,64.2
2025-06-12 15:40:00,40.2
2025-06-12 04:20:00,99.5
2025-06-12 05:00:00,4.0
2025-06-12 10:22:00,97.0
2025-06-12 05:12:00,10.9
2025-06-12 12:08:00,29.4
2025-06-12 00:51:00,77.5
2025-06-12 07:27:00,50.04950773558369
2025-06-12 12:19:00,84.8
2025-06-12 03:42:00,50.04950773558369
2025-06-12 23:41:00,84.6
2025-06-12 04:30:00,63.0
2025-06-12 09:45:00,48.7
2025-06-12 23:13:00,78.4
2025-06-12 08:23:00,71.5
2025-06-12 16:09:00,50.04950773558369
2025-06-12 13:23:00,50.04950773558369
2025-06-12 15:13:00,81.2
2025-06-12 04:00:00,57.9
2025-06-12 01:37:00,22.4
2025-06-12 11:45:00,91.5
2025-06-12 19:01:00,2.3
2025-06-12 23:36:00,50.04950773558369
2025-06-12 09:52:00,13.3
2025-06-12 13:00:00,77.4
2025-06-12 01:46:00,50.04950773558369
2025-06-12 18:25:00,12.2
2025-06-12 14:11:00,52.4
2025-06-12 02:09:00,64.9
2025-06-12 23:49:00,50.04950773558369
2025-06-12 06:47:00,70.8
2025-06-12 20:23:00,50.04950773558369
2025-06-12 19:04:00,69.2
2025-06-12 11:33:00,57.6
2025-06-12 08:47:00,0.4
2025-06-12 14:50:00,5.8
2025-06-12 18:02:00,95.0
2025-06-12 13:42:00,81.0
2025-06-12 19:54:00,43.5
2025-06-12 22:14:00,68.0
2025-06-12 06:23:00,26.4
2025-06-12 13:46:00,67.6
2025-06-12 10:11:00,31.1
2025-06-12 06:37:00,50.04950773558369
2025-06-12 10:41:00,48.9
2025-06-12 15:20:00,50.04950773558369
2025-06-12 05:29:00,50.04950773558369
2025-06-12 19:33:00,50.04950773558369
2025-06-12 22:23:00,12.3
2025-06-12 16:41:00,7.4
2025-06-12 06:35:00,53.7
2025-06-12 20:19:00,50.04950773558369
2025-06-12 10:28:00,50.04950773558369
2025-06-12 04:41:00,78.1
2025-06-12 17:31:00,72.7
2025-06-12 20:10:00,61.3
2025-06-12 17:59:00,9.0
2025-06-12 05:36:00,90.0
2025-06-12 15:05:00,95.2
2025-06-12 17:01:00,38.9
2025-06-12 14:37:00,61.6
2025-06-12 09:42:00,16.8
2025-06-12 19:20:00,50.04950773558369
2025-06-12 08:24:00,40.7
2025-06-12 23:04:00,64.1
2025-06-12 15:45:00,95.3
2025-06-12 16:24:00,93.9
2025-06-12 20:43:00,60.6
2025-06-12 09:15:00,95.9
2025-06-12 03:58:00,40.2
2025-06-12 06:32:00,48.9
2025-06-12 04:50:00,50.04950773558369
2025-06-12 05:16:00,71.6
2025-06-12 18:30:00,79.7
2025-06-12 03:15:00,7.9
2025-06-12 11:24:00,91.5
2025-06-12 19:42:00,50.04950773558369
2025-06-12 18:08:00,60.0
2025-06-12 14:36:00,10.2
2025-06-12 21:01:00,36.7
2025-06-12 01:17:00,50.04950773558369
2025-06-12 17:15:00,21.5
2025-06-12 15:49:00,87.1
2025-06-12 17:41:00,2.7
2025-06-12 21:38:00,50.04950773558369
2025-06-12 00:19:00,56.5
2025-06-12 07:09:00,89.5
2025-06-12 10:45:00,24.7
2025-06-12 02:59:00,7.6
2025-06-12 07:56:00,79.0
2025-06-12 07:34:00,50.04950773558369
2025-06-12 01:48:00,24.7
2025-06-12 10:25:00,51.3
2025-06-12 08:29:00,74.8
2025-06-12 13:35:00,53.2
2025-06-12 01:20:00,50.04950773558369
2025-06-12 16:40:00,82.3
2025-06-12 02:47:00,76.1
2025-06-12 21:43:00,45.2
2025-06-12 07:08:00,12.8
2025-06-12 08:12:00,1.0
2025-06-12 07:01:00,13.0
2025-06-12 08:26:00,91.4
2025-06-12 08:07:00,50.04950773558369
2025-06-12 12:11:00,87.6
2025-06-12 20:16:00,50.04950773558369
2025-06-12 14:16:00,74.2
2025-06-12 15:38:00,74.1
2025-06-12 12:03:00,94.2
2025-06-12 18:36:00,56.1
2025-06-12 19:57:00,65.8
2025-06-12 05:50:00,19.6
2025-06-12 00:13:00,61.0
2025-06-12 07:35:00,25.1
2025-06-12 04:36:00,6.4
2025-06-12 03:37:00,70.9
2025-06-12 05:48:00,46.8
2025-06-12 08:48:00,9.3
2025-06-12 00:15:00,3.1
2025-06-12 11:47:00,98.2
2025-06-12 23:56:00,33.6
2025-06-12 15:19:00,85.1
2025-06-12 08:57:00,50.04950773558369
2025-06-12 10:59:00,51.5
2025-06-12 09:39:00,11.1
2025-06-12 22:39:00,75.1
2025-06-12 12:49:00,50.04950773558369
2025-06-12 15:58:00,68.0
2025-06-12 22:56:00,97.5
2025-06-12 23:32:00,49.9
2025-06-12 12:32:00,19.5
2025-06-12 13:57:00,50.04950773558369
2025-06-12 18:26:00,26.1
2025-06-12 13:31:00,61.1
2025-06-12 11:56:00,83.0
2025-06-12 16:27:00,50.04950773558369
2025-06-12 01:02:00,42.5
2025-06-12 09:08:00,50.04950773558369
2025-06-12 22:43:00,52.1
2025-06-12 23:43:00,64.1
2025-06-12 16:08:00,62.1
2025-06-12 15:21:00,85.5
2025-06-12 01:39:00,50.04950773558369
2025-06-12 05:02:00,37.1
2025-06-12 21:11:00,0.5
2025-06-12 03:10:00,62.2
2025-06-12 01:12:00,49.64720650636492
2025-06-12 12:13:00,71.5
2025-06-12 09:28:00,85.2
2025-06-12 17:32:00,94.5
2025-06-12 22:11:00,6.0
2025-06-12 05:25:00,11.0
2025-06-12 02:18:00,21.5
2025-06-12 07:23:00,16.6
2025-06-12 02:06:00,67.0
2025-06-12 10:16:00,9.4
2025-06-12 12:01:00,57.6
2025-06-12 23:22:00,76.5
2025-06-12 00:46:00,49.64720650636492
2025-06-12 10:02:00,52.6
2025-06-12 13:15:00,26.0
2025-06-12 07:13:00,99.1
2025-06-12 14:37:00,76.3
2025-06-12 13:16:00,49.64720650636492
2025-06-12 02:25:00,8.3
2025-06-12 16:04:00,68.6
2025-06-12 14:44:00,63.0
2025-06-12 20:48:00,95.8
2025-06-12 08:57:00,43.8
2025-06-12 02:08:00,59.0
2025-06-12 08:03:00,25.6
2025-06-12 12:30:00,24.9
2025-06-12 17:36:00,49.64720650636492
2025-06-12 07:12:00,91.2
2025-06-12 03:24:00,12.9
2025-06-12 23:19:00,15.5
2025-06-12 18:51:00,38.2
2025-06-12 02:04:00,92.1
2025-06-12 19:09:00,0.4
2025-06-12 20:52:00,93.3
2025-06-12 05:57:00,43.7
2025-06-12 10:10:00,34.4
2025-06-12 22:59:00,49.64720650636492
2025-06-12 21:23:00,12.3
2025-06-12 04:23:00,7.0
2025-06-12 05:51:00,67.6
2025-06-12 22:43:00,14.4
2025-06-12 16:05:00,20.0
2025-06-12 16:11:00,49.64720650636492
2025-06-12 19:46:00,49.64720650636492
2025-06-12 05:26:00,41.6
2025-06-12 00:05:00,49.64720650636492
2025-06-12 15:32:00,49.64720650636492
2025-06-12 15:57:00,49.64720650636492
2025-06-12 06:45:00,82.6
2025-06-12 00:07:00,49.64720650636492
2025-06-12 21:34:00,12.5
2025-06-12 08:59:00,39.0
2025-06-12 05:27:00,32.4
2025-06-12 07:05:00,16.5
2025-06-12 14:54:00,35.9
2025-06-12 09:47:00,75.0
2025-06-12 10:06:00,84.7
2025-06-12 22:44:00,8.9
2025-06-12 07:16:00,39.2
2025-06-12 14:24:00,0.5
2025-06-12 16:53:00,93.4
2025-06-12 17:23:00,81.2
2025-06-12 20:29:00,49.64720650636492
2025-06-12 00:53:00,57.3
2025-06-12 19:16:00,29.5
2025-06-12 06:40:00,49.64720650636492
2025-06-12 11:59:00,45.6
2025-06-12 03:51:00,27.2
2025-06-12 17:02:00,23.0
2025-06-12 17:13:00,10.2
2025-06-12 00:36:00,63.1
2025-06-12 01:07:00,45.4
2025-06-12 04:16:00,49.64720650636492
2025-06-12 18:55:00,63.6
2025-06-12 19:36:00,23.7
2025-06-12 00:25:00,50.7
2025-06-12 06:15:00,49.64720650636492
2025-06-12 04:04:00,86.2
2025-06-12 21:42:00,90.1
2025-06-12 03:49:00,49.64720650636492
2025-06-12 03:23:00,38.0
2025-06-12 13:28:00,32.1
2025-06-12 12:07:00,49.64720650636492
2025-06-12 22:33:00,40.2
2025-06-12 06:28:00,29.9
2025-06-12 13:35:00,72.1
2025-06-12 21:19:00,13.6
2025-06-12 21:44:00,72.8
2025-06-12 16:02:00,65.4
2025-06-12 23:49:00,38.3
2025-06-12 22:07:00,54.0
2025-06-12 03:50:00,88.2
2025-06-12 16:15:00,41.8
2025-06-12 03:19:00,49.64720650636492
2025-06-12 19:34:00,23.0
2025-06-12 15:08:00,49.64720650636492
2025-06-12 09:03:00,87.4
2025-06-12 20:08:00,89.6
2025-06-12 06:13:00,6.2
2025-06-12 10:12:00,27.6
2025-06-12 13:42:00,49.64720650636492
2025-06-12 16:59:00,32.3
2025-06-12 08:37:00,69.6
2025-06-12 22:22:00,49.64720650636492
2025-06-12 07:55:00,65.2
2025-06-12 04:21:00,35.5
2025-06-12 21:59:00,86.7
2025-06-12 21:57:00,87.6
2025-06-12 23:04:00,49.64720650636492
2025-06-12 06:20:00,84.8
2025-06-12 13:20:00,71.4
2025-06-12 17:40:00,21.6
2025-06-12 00:57:00,49.64720650636492
2025-06-12 15:38:00,45.8
2025-06-12 04:43:00,52.6
2025-06-12 21:22:00,49.64720650636492
2025-06-12 22:17:00,88.0
2025-06-12 06:42:00,63.6
2025-06-12 19:19:00,31.2
2025-06-12 01:57:00,33.6
2025-06-12 14:21:00,27.7
2025-06-12 13:33:00,49.64720650636492
2025-06-12 12:53:00,56.4
2025-06-12 17:52:00,49.9
2025-06-12 02:38:00,95.5
2025-06-12 13:37:00,83.5
2025-06-12 22:20:00,77.3
2025-06-12 02:35:00,39.4
2025-06-12 14:31:00,51.4
2025-06-12 01:20:00,27.3
2025-06-12 10:51:00,51.6
2025-06-12 12:59:00,29.7
2025-06-12 09:30:00,14.5
2025-06-12 06:17:00,12.7
2025-06-12 03:27:00,49.64720650636492
2025-06-12 07:09:00,27.8
2025-06-12 18:26:00,49.64720650636492
2025-06-12 18:09:00,68.2
2025-06-12 02:51:00,71.7
2025-06-12 05:10:00,19.9
2025-06-12 23:13:00,57.0
2025-06-12 18:41:00,6.9
2025-06-12 10:04:00,35.7
2025-06-12 13:48:00,72.9
2025-06-12 01:58:00,97.7
2025-06-12 14:56:00,83.5
2025-06-12 06:30:00,49.64720650636492
2025-06-12 20:40:00,80.0
2025-06-12 11:25:00,33.5
2025-06-12 21:47:00,36.6
2025-06-12 00:47:00,49.64720650636492
2025-06-12 01:46:00,91.6
2025-06-12 14:42:00,78.5
2025-06-12 01:16:00,11.9
2025-06-12 15:14:00,64.7
2025-06-12 07:59:00,49.64720650636492
2025-06-12 20:50:00,2.8
2025-06-12 19:18:00,30.6
2025-06-12 13:26:00,38.6
2025-06-12 12:00:00,46.7
2025-06-12 08:10:00,1.2
2025-06-12 08:08:00,49.64720650636492
2025-06-12 00:18:00,47.4
2025-06-12 10:00:00,32.2
2025-06-12 21:41:00,91.8
2025-06-12 18:47:00,71.8
2025-06-12 12:39:00,49.64720650636492
2025-06-12 21:27:00,87.9
2025-06-12 03:59:00,36.4
2025-06-12 22:52:00,64.4
2025-06-12 12:20:00,82.2
2025-06-12 09:58:00,97.9
2025-06-12 10:49:00,94.8
2025-06-12 18:23:00,45.2
2025-06-12 16:55:00,24.9
2025-06-12 07:47:00,49.64720650636492
2025-06-12 02:17:00,49.64720650636492
2025-06-12 15:12:00,38.0
2025-06-12 06:51:00,89.2
2025-06-12 00:19:00,36.5
2025-06-12 14:07:00,2.6
2025-06-12 04:36:00,49.64720650636492
2025-06-12 08:17:00,69.9
2025-06-12 12:37:00,49.7
2025-06-12 22:53:00,87.0
2025-06-12 13:09:00,91.9
2025-06-12 10:05:00,69.9
2025-06-12 18:00:00,49.64720650636492
2025-06-12 03:31:00,69.4
2025-06-12 08:13:00,52.8
2025-06-12 17:01:00,59.0
2025-06-12 10:57:00,13.9
2025-06-12 12:45:00,48.8
2025-06-12 13:52:00,7.3
2025-06-12 04:26:00,3.5
2025-06-12 15:02:00,44.1
2025-06-12 03:54:00,49.64720650636492
2025-06-12 20:12:00,49.64720650636492
2025-06-12 07:36:00,62.9
2025-06-12 06:21:00,90.1
2025-06-12 05:16:00,60.1
2025-06-12 20:53:00,51.3
2025-06-12 02:26:00,5.4
2025-06-12 00:50:00,49.64720650636492
2025-06-12 17:14:00,18.3
2025-06-12 10:52:00,6.8
2025-06-12 11:11:00,17.1
2025-06-12 14:03:00,65.9
2025-06-12 16:10:00,49.64720650636492
2025-06-12 12:40:00,0.0
2025-06-12 06:07:00,14.5
2025-06-12 06:05:00,49.64720650636492
2025-06-12 20:41:00,34.3
2025-06-12 00:03:00,11.0
2025-06-12 22:19:00,66.4
2025-06-12 17:18:00,49.64720650636492
2025-06-12 06:44:00,86.6
2025-06-12 11:09:00,46.4
2025-06-12 10:07:00,93.2
2025-06-12 14:41:00,39.0
2025-06-12 07:42:00,84.3
2025-06-12 02:30:00,36.0
2025-06-12 15:03:00,12.1
2025-06-12 15:45:00,96.4
2025-06-12 19:58:00,94.3
2025-06-12 09:10:00,6.2
2025-06-12 00:30:00,49.64720650636492
2025-06-12 15:16:00,35.5
2025-06-12 09:18:00,43.1
2025-06-12 02:56:00,52.2
2025-06-12 21:30:00,97.7
2025-06-12 01:05:00,33.5
2025-06-12 18:33:00,26.9
2025-06-12 00:20:00,14.9
2025-06-12 02:54:00,49.6
2025-06-12 14:17:00,94.3
2025-06-12 20:10:00,49.64720650636492
2025-06-12 09:44:00,72.0
2025-06-12 04:10:00,60.6
2025-06-12 19:20:00,81.6
2025-06-12 07:41:00,47.5
2025-06-12 11:32:00,84.7
2025-06-12 05:43:00,41.3
2025-06-12 06:43:00,51.8
2025-06-12 01:19:00,24.2
2025-06-12 15:39:00,65.2
2025-06-12 19:07:00,72.6
2025-06-12 23:55:00,92.3
2025-06-12 05:52:00,28.2
2025-06-12 07:48:00,3.1
2025-06-12 04:59:00,21.2
2025-06-12 15:37:00,80.2
2025-06-12 01:21:00,88.0
2025-06-12 20:46:00,55.5
2025-06-12 01:47:00,74.6
2025-06-12 02:36:00,24.0
2025-06-12 14:14:00,66.0
2025-06-12 11:00:00,3.8
2025-06-12 08:39:00,69.2
2025-06-12 13:59:00,26.7
2025-06-12 07:30:00,90.3
2025-06-12 14:28:00,97.8
2025-06-12 05:07:00,45.5
2025-06-12 15:59:00,61.8
2025-06-12 01:25:00,82.5
2025-06-12 15:44:00,49.64720650636492
2025-06-12 21:50:00,0.6
2025-06-12 09:20:00,11.5
2025-06-12 20:58:00,3.7
2025-06-12 09:54:00,45.2
2025-06-12 21:08:00,99.1
2025-06-12 14:10:00,82.8
2025-06-12 14:26:00,21.6
2025-06-12 18:42:00,35.4
2025-06-12 14:45:00,4.8
2025-06-12 10:40:00,35.3
2025-06-12 08:45:00,44.6
2025-06-12 16:20:00,68.5
2025-06-12 18:14:00,37.7
2025-06-12 01:11:00,65.1
2025-06-12 04:11:00,91.7
2025-06-12 03:20:00,38.8
2025-06-12 14:33:00,9.6
2025-06-12 20:32:00,35.6
2025-06-12 08:52:00,36.6
2025-06-12 02:13:00,54.5
2025-06-12 09:48:00,46.7
2025-06-12 01:54:00,33.1
2025-06-12 20:43:00,6.5
2025-06-12 14:23:00,2.3
2025-06-12 06:23:00,43.6
2025-06-12 02:58:00,47.2
2025-06-12 16:54:00,16.8
2025-06-12 02:14:00,1.6
2025-06-12 22:23:00,71.1
2025-06-12 14:55:00,76.5
2025-06-12 07:08:00,13.9
2025-06-12 21:13:00,56.1
2025-06-12 00:54:00,20.4
2025-06-12 07:44:00,49.44888862615275
2025-06-12 15:40:00,88.6
2025-06-12 06:52:00,55.1
2025-06-12 23:38:00,49.44888862615275
2025-06-12 21:43:00,49.44888862615275
2025-06-12 10:43:00,44.0
2025-06-12 04:10:00,48.4
2025-06-12 12:50:00,1.8
2025-06-12 22:47:00,49.8
2025-06-12 00:57:00,85.5
2025-06-12 04:43:00,7.9
2025-06-12 05:10:00,49.44888862615275
2025-06-12 19:48:00,62.4
2025-06-12 04:36:00,33.7
2025-06-12 21:45:00,90.2
2025-06-12 22:45:00,40.6
2025-06-12 11:39:00,29.2
2025-06-12 20:21:00,23.3
2025-06-12 03:43:00,43.1
2025-06-12 22:22:00,16.0
2025-06-12 19:14:00,41.2
2025-06-12 20:14:00,89.5
2025-06-12 23:50:00,77.4
2025-06-12 20:42:00,47.1
2025-06-12 01:57:00,47.2
2025-06-12 14:38:00,9.6
2025-06-12 18:07:00,71.7
2025-06-12 09:32:00,18.7
2025-06-12 05:01:00,93.2
2025-06-12 10:44:00,86.4
2025-06-12 13:59:00,81.9
2025-06-12 00:51:00,60.8
2025-06-12 12:45:00,49.44888862615275
2025-06-12 01:36:00,74.9
2025-06-12 19:52:00,81.2
2025-06-12 22:20:00,66.1
2025-06-12 07:02:00,35.8
2025-06-12 18:21:00,67.6
2025-06-12 01:21:00,21.4
2025-06-12 20:53:00,39.6
2025-06-12 21:15:00,68.8
2025-06-12 17:29:00,73.9
2025-06-12 16:30:00,38.6
2025-06-12 15:55:00,98.6
2025-06-12 14:10:00,27.8
2025-06-12 12:51:00,83.6
2025-06-12 22:37:00,49.44888862615275
2025-06-12 17:37:00,58.6
2025-06-12 14:52:00,24.8
2025-06-12 09:19:00,21.8
2025-06-12 18:47:00,49.44888862615275
2025-06-12 12:31:00,49.44888862615275
2025-06-12 01:01:00,19.8
2025-06-12 17:12:00,49.44888862615275
2025-06-12 10:54:00,7.6
2025-06-12 01:24:00,63.7
2025-06-12 17:06:00,49.1
2025-06-12 09:58:00,58.7
2025-06-12 19:59:00,76.9
2025-06-12 10:32:00,21.4
2025-06-12 09:03:00,39.1
2025-06-12 05:26:00,55.4
2025-06-12 19:02:00,49.44888862615275
2025-06-12 02:18:00,42.1
2025-06-12 11:48:00,1.2
2025-06-12 12:10:00,49.44888862615275
2025-06-12 03:05:00,46.7
2025-06-12 04:39:00,28.2
2025-06-12 17:27:00,80.6
2025-06-12 18:10:00,49.44888862615275
2025-06-12 07:17:00,87.6
2025-06-12 17:31:00,80.1
2025-06-12 23:35:00,97.6
2025-06-12 08:39:00,75.5
2025-06-12 16:35:00,66.6
2025-06-12 09:12:00,1.6
2025-06-12 06:46:00,49.44888862615275
2025-06-12 17:26:00,3.1
2025-06-12 06:19:00,49.44888862615275
2025-06-12 05:37:00,99.4
2025-06-12 02:42:00,74.6
2025-06-12 04:09:00,8.9
2025-06-12 06:10:00,41.0
2025-06-12 20:31:00,26.0
2025-06-12 03:27:00,2.0
2025-06-12 15:31:00,75.4
2025-06-12 01:42:00,62.9
2025-06-12 08:52:00,12.5
2025-06-12 08:04:00,49.44888862615275
2025-06-12 15:18:00,37.0
2025-06-12 17:10:00,79.3
2025-06-12 20:23:00,69.2
2025-06-12 18:43:00,30.1
2025-06-12 18:44:00,76.6
2025-06-12 13:27:00,67.3
2025-06-12 06:40:00,61.5
2025-06-12 14:25:00,88.0
2025-06-12 14:36:00,26.9
2025-06-12 03:02:00,25.4
2025-06-12 20:47:00,35.8
2025-06-12 10:52:00,75.1
2025-06-12 00:21:00,57.0
2025-06-12 20:09:00,53.1
2025-06-12 12:06:00,92.9
2025-06-12 10:10:00,6.0
2025-06-12 06:33:00,49.6
2025-06-12 17:30:00,64.0
2025-06-12 03:14:00,43.2
2025-06-12 20:34:00,95.5
2025-06-12 17:40:00,49.44888862615275
2025-06-12 21:14:00,49.44888862615275
2025-06-12 04:01:00,20.6
2025-06-12 08:33:00,78.8
2025-06-12 13:06:00,54.8
2025-06-12 20:45:00,40.7
2025-06-12 21:17:00,49.44888862615275
2025-06-12 21:37:00,35.8
2025-06-12 01:47:00,3.6
2025-06-12 16:06:00,57.4
2025-06-12 17:17:00,91.1
2025-06-12 08:29:00,14.7
2025-06-12 18:45:00,56.4
2025-06-12 23:25:00,96.2
2025-06-12 13:53:00,77.2
2025-06-12 20:03:00,71.0
2025-06-12 05:41:00,7.4
2025-06-12 13:25:00,61.6
2025-06-12 04:35:00,54.0
2025-06-12 19:18:00,57.0
2025-06-12 17:02:00,17.2
2025-06-12 09:40:00,11.5
2025-06-12 18:55:00,17.8
2025-06-12 13:45:00,26.7
2025-06-12 09:33:00,38.9
2025-06-12 14:30:00,49.44888862615275
2025-06-12 16:20:00,48.7
2025-06-12 17:43:00,87.0
2025-06-12 10:03:00,6.7
2025-06-12 10:04:00,58.6
2025-06-12 04:54:00,75.5
2025-06-12 14:14:00,57.8
2025-06-12 11:13:00,81.8
2025-06-12 03:42:00,5.3
2025-06-12 17:18:00,37.1
2025-06-12 22:27:00,49.44888862615275
2025-06-12 02:47:00,38.1
2025-06-12 00:08:00,64.5
2025-06-12 11:45:00,49.44888862615275
2025-06-12 14:15:00,49.7
2025-06-12 03:56:00,32.9
2025-06-12 13:02:00,22.9
2025-06-12 07:47:00,36.0
2025-06-12 15:15:00,51.2
2025-06-12 02:43:00,42.5
2025-06-12 19:47:00,53.6
2025-06-12 21:55:00,39.0
2025-06-12 00:47:00,56.3
2025-06-12 14:58:00,14.8
2025-06-12 05:33:00,54.2
2025-06-12 12:54:00,99.3
2025-06-12 05:00:00,2.6
2025-06-12 21:54:00,43.0
2025-06-12 16:23:00,6.4
2025-06-12 00:58:00,49.44888862615275
2025-06-12 07:04:00,71.3
2025-06-12 16:22:00,30.7
2025-06-12 10:45:00,97.8
2025-06-12 13:09:00,17.6
2025-06-12 17:19:00,56.8
2025-06-12 22:02:00,23.6
2025-06-12 05:48:00,62.3
2025-06-12 02:26:00,25.5
2025-06-12 18:01:00,75.8
2025-06-12 17:07:00,24.2
2025-06-12 15:16:00,78.4
2025-06-12 21:28:00,57.6
2025-06-12 14:57:00,25.0
2025-06-12 12:40:00,49.44888862615275
2025-06-12 12:42:00,87.3
2025-06-12 18:57:00,49.44888862615275
2025-06-12 10:05:00,49.44888862615275
2025-06-12 10:47:00,49.44888862615275
2025-06-12 19:40:00,4.9
2025-06-12 10:36:00,49.44888862615275
2025-06-12 14:33:00,81.1
2025-06-12 07:45:00,89.3
2025-06-12 04:48:00,61.0
2025-06-12 04:55:00,17.1
2025-06-12 06:08:00,32.2
2025-06-12 16:46:00,28.4
2025-06-12 09:05:00,0.0
2025-06-12 15:52:00,13.3
2025-06-12 13:07:00,49.44888862615275
2025-06-12 07:18:00,66.9
2025-06-12 12:49:00,49.44888862615275
2025-06-12 10:24:00,40.3
2025-06-12 13:18:00,49.44888862615275
2025-06-12 20:26:00,77.9
2025-06-12 12:22:00,97.2
2025-06-12 22:03:00,56.5
2025-06-12 06:05:00,72.4
2025-06-12 18:30:00,28.6
2025-06-12 22:52:00,86.6
2025-06-12 20:18:00,48.9
2025-06-12 15:49:00,93.6
2025-06-12 23:55:00,14.8
2025-06-12 00:32:00,13.8
2025-06-12 20:15:00,59.4
2025-06-12 10:21:00,49.44888862615275
2025-06-12 07:27:00,49.44888862615275
2025-06-12 03:46:00,94.4
2025-06-12 15:13:00,40.8
2025-06-12 15:20:00,32.3
2025-06-12 18:56:00,27.8
2025-06-12 19:53:00,77.8
2025-06-12 07:09:00,93.8
2025-06-12 14:09:00,2.1
2025-06-12 12:24:00,21.3
2025-06-12 11:50:00,55.8
2025-06-12 22:12:00,7.2
2025-06-12 02:05:00,71.4
2025-06-12 03:39:00,11.9
2025-06-12 21:20:00,85.8
2025-06-12 05:25:00,69.2
2025-06-12 02:24:00,50.6
2025-06-12 06:51:00,77.1
2025-06-12 03:53:00,42.9
2025-06-12 08:31:00,25.0
2025-06-12 12:03:00,49.44888862615275
2025-06-12 20:04:00,34.4
2025-06-12 06:42:00,91.2
2025-06-12 14:42:00,8.0
2025-06-12 10:25:00,1.9
2025-06-12 20:52:00,0.7
2025-06-12 15:45:00,53.3
2025-06-12 20:36:00,58.7
2025-06-12 22:21:00,52.2
2025-06-12 04:57:00,49.44888862615275
2025-06-12 23:06:00,24.6
2025-06-12 21:49:00,35.9
2025-06-12 14:49:00,69.7
2025-06-12 23:53:00,67.8
2025-06-12 06:49:00,57.3
2025-06-12 14:34:00,77.3
2025-06-12 09:49:00,49.44888862615275
2025-06-12 11:35:00,43.0
2025-06-12 09:00:00,49.44888862615275
2025-06-12 13:35:00,78.3
2025-06-12 13:12:00,55.7
2025-06-12 20:39:00,44.3
2025-06-12 14:02:00,10.2
2025-06-12 19:01:00,4.7
2025-06-12 18:37:00,80.9
2025-06-12 06:53:00,99.4
2025-06-12 23:37:00,37.2
2025-06-12 01:45:00,44.7
2025-06-12 13:56:00,14.7
2025-06-12 07:33:00,50.4
2025-06-12 12:41:00,85.4
2025-06-12 13:20:00,5.5
2025-06-12 22:06:00,87.7
2025-06-12 11:42:00,49.44888862615275
2025-06-12 01:50:00,53.1
2025-06-12 17:57:00,49.44888862615275
2025-06-12 01:06:00,49.44888862615275
2025-06-12 07:38:00,38.4
2025-06-12 21:04:00,39.8
2025-06-12 09:18:00,55.1
2025-06-12 11:53:00,51.3
2025-06-12 14:29:00,26.0
2025-06-12 06:12:00,98.2
2025-06-12 20:38:00,14.1
2025-06-12 03:28:00,49.44888862615275
2025-06-12 07:56:00,98.0
2025-06-12 00:11:00,86.1
2025-06-12 11:20:00,83.4
2025-06-12 17:33:00,49.44888862615275
2025-06-12 19:37:00,61.3
2025-06-12 03:17:00,26.8
2025-06-12 00:49:00,60.1
2025-06-12 14:00:00,3.2
2025-06-12 21:01:00,64.9
2025-06-12 14:37:00,77.3
2025-06-12 00:53:00,49.44888862615275
2025-06-12 19:55:00,22.9
2025-06-12 19:32:00,33.2
2025-06-12 16:42:00,49.44888862615275
2025-06-12 16:36:00,84.1
2025-06-12 22:55:00,95.4
2025-06-12 17:52:00,72.5
2025-06-12 10:06:00,70.6
2025-06-12 07:38:00,96.9
2025-06-12 03:25:00,58.7
2025-06-12 15:23:00,59.1
2025-06-12 22:26:00,34.5
2025-06-12 12:00:00,92.6
2025-06-12 15:26:00,91.5
2025-06-12 02:09:00,85.1
2025-06-12 01:06:00,57.1
2025-06-12 02:27:00,55.4
2025-06-12 22:45:00,76.1
2025-06-12 04:33:00,11.2
2025-06-12 14:42:00,87.7
2025-06-12 03:13:00,47.9
2025-06-12 08:49:00,8.0
2025-06-12 02:51:00,23.5
2025-06-12 05:17:00,84.4
2025-06-12 07:35:00,66.3
2025-06-12 11:04:00,92.9
2025-06-12 18:58:00,45.5
2025-06-12 09:51:00,98.6
2025-06-12 08:12:00,98.8
2025-06-12 06:03:00,49.953150620754265
2025-06-12 00:04:00,16.0
2025-06-12 00:22:00,96.9
2025-06-12 21:40:00,49.953150620754265
2025-06-12 03:36:00,1.2
2025-06-12 11:39:00,64.0
2025-06-12 09:39:00,85.2
2025-06-12 05:41:00,62.4
2025-06-12 15:12:00,49.953150620754265
2025-06-12 22:51:00,31.8
2025-06-12 12:37:00,22.2
2025-06-12 02:06:00,47.4
2025-06-12 09:11:00,7.5
2025-06-12 19:24:00,35.7
2025-06-12 13:24:00,70.2
2025-06-12 19:36:00,77.4
2025-06-12 10:37:00,46.7
2025-06-12 05:54:00,49.953150620754265
2025-06-12 17:03:00,63.2
2025-06-12 22:14:00,39.9
2025-06-12 07:59:00,18.7
2025-06-12 10:24:00,23.6
2025-06-12 14:09:00,48.4
2025-06-12 03:38:00,63.8
2025-06-12 17:39:00,83.4
2025-06-12 01:19:00,49.953150620754265
2025-06-12 16:56:00,38.0
2025-06-12 18:23:00,24.6
2025-06-12 03:09:00,49.953150620754265
2025-06-12 07:32:00,57.5
2025-06-12 23:41:00,52.2
2025-06-12 14:03:00,32.5
2025-06-12 21:18:00,28.8
2025-06-12 12:13:00,74.6
2025-06-12 00:13:00,90.1
2025-06-12 13:03:00,45.7
2025-06-12 23:04:00,40.7
2025-06-12 23:14:00,71.4
2025-06-12 01:51:00,49.953150620754265
2025-06-12 07:06:00,49.953150620754265
2025-06-12 15:18:00,71.8
2025-06-12 20:00:00,94.7
2025-06-12 07:49:00,24.3
2025-06-12 05:50:00,1.9
2025-06-12 16:53:00,83.9
2025-06-12 20:50:00,36.0
2025-06-12 23:32:00,1.4
2025-06-12 06:47:00,87.2
2025-06-12 16:00:00,68.6
2025-06-12 00:33:00,73.7
2025-06-12 18:12:00,99.0
2025-06-12 01:17:00,98.2
2025-06-12 21:00:00,67.6
2025-06-12 08:32:00,30.6
2025-06-12 15:59:00,97.8
2025-06-12 20:25:00,26.8
2025-06-12 19:25:00,49.953150620754265
2025-06-12 18:32:00,1.5
2025-06-12 16:37:00,99.5
2025-06-12 17:44:00,21.2
2025-06-12 22:30:00,61.1
2025-06-12 04:02:00,98.9
2025-06-12 11:34:00,60.1
2025-06-12 12:58:00,53.0
2025-06-12 04:50:00,73.9
2025-06-12 18:40:00,74.7
2025-06-12 15:15:00,3.5
2025-06-12 05:19:00,18.5
2025-06-12 05:45:00,21.8
2025-06-12 18:10:00,77.3
2025-06-12 09:17:00,52.9
2025-06-12 15:37:00,6.8
2025-06-12 10:58:00,94.1
2025-06-12 23:31:00,76.8
2025-06-12 12:43:00,99.9
2025-06-12 13:56:00,13.9
2025-06-12 09:12:00,4.7
2025-06-12 12:32:00,93.0
2025-06-12 19:49:00,49.953150620754265
2025-06-12 22:41:00,14.5
2025-06-12 08:16:00,51.1
2025-06-12 00:41:00,82.8
2025-06-12 13:38:00,21.6
2025-06-12 08:19:00,91.5
2025-06-12 20:10:00,100.0
2025-06-12 05:03:00,16.1
2025-06-12 23:03:00,16.7
2025-06-12 03:48:00,68.9
2025-06-12 20:01:00,9.3
2025-06-12 19:06:00,82.0
2025-06-12 06:21:00,49.953150620754265
2025-06-12 17:43:00,91.8
2025-06-12 07:23:00,55.3
2025-06-12 12:07:00,94.0
2025-06-12 10:09:00,3.2
2025-06-12 10:08:00,49.953150620754265
2025-06-12 05:24:00,49.953150620754265
2025-06-12 03:24:00,58.6
2025-06-12 11:36:00,68.0
2025-06-12 06:23:00,78.5
2025-06-12 22:20:00,61.6
2025-06-12 07:19:00,49.953150620754265
2025-06-12 07:00:00,6.1
2025-06-12 16:44:00,15.9
2025-06-12 07:58:00,24.1
2025-06-12 16:21:00,8.3
2025-06-12 10:38:00,49.953150620754265
2025-06-12 15:50:00,60.9
2025-06-12 13:45:00,20.0
2025-06-12 01:37:00,94.0
2025-06-12 00:36:00,71.1
2025-06-12 17:02:00,31.1
2025-06-12 02:00:00,92.8
2025-06-12 19:16:00,69.8
2025-06-12 01:21:00,12.8
2025-06-12 13:26:00,5.8
2025-06-12 22:13:00,7.1
2025-06-12 12:09:00,33.1
2025-06-12 09:34:00,49.953150620754265
2025-06-12 03:18:00,46.7
2025-06-12 19:40:00,62.2
2025-06-12 00:35:00,46.7
2025-06-12 06:30:00,85.4
2025-06-12 21:54:00,35.8
2025-06-12 09:36:00,49.953150620754265
2025-06-12 13:47:00,64.1
2025-06-12 21:59:00,6.0
2025-06-12 23:35:00,49.953150620754265
2025-06-12 08:28:00,24.8
2025-06-12 01:22:00,47.9
2025-06-12 07:43:00,56.1
2025-06-12 01:16:00,12.0
2025-06-12 16:07:00,49.0
2025-06-12 19:27:00,8.6
2025-06-12 07:29:00,56.2
2025-06-12 19:15:00,49.953150620754265
2025-06-12 01:10:00,22.9
2025-06-12 06:52:00,7.8
2025-06-12 08:55:00,10.8
2025-06-12 14:14:00,21.9
2025-06-12 06:29:00,50.2
2025-06-12 04:49:00,77.6
2025-06-12 08:38:00,49.953150620754265
2025-06-12 13:41:00,82.7
2025-06-12 07:31:00,77.0
2025-06-12 01:48:00,45.8
2025-06-12 04:21:00,51.9
2025-06-12 07:30:00,19.5
2025-06-12 00:57:00,49.953150620754265
2025-06-12 10:01:00,93.3
2025-06-12 19:55:00,56.1
2025-06-12 18:37:00,41.9
2025-06-12 23:09:00,57.1
2025-06-12 10:25:00,37.5
2025-06-12 08:02:00,53.4
2025-06-12 03:30:00,20.0
2025-06-12 19:32:00,54.4
2025-06-12 13:35:00,74.9
2025-06-12 22:19:00,21.4
2025-06-12 15:00:00,7.7
2025-06-12 07:10:00,57.7
2025-06-12 14:31:00,53.1
2025-06-12 16:59:00,14.9
2025-06-12 12:57:00,49.953150620754265
2025-06-12 21:52:00,34.1
2025-06-12 06:27:00,10.2
2025-06-12 10:48:00,49.953150620754265
2025-06-12 18:24:00,52.6
2025-06-12 06:36:00,33.9
2025-06-12 06:05:00,49.953150620754265
2025-06-12 21:14:00,15.0
2025-06-12 04:06:00,42.0
2025-06-12 09:27:00,56.3
2025-06-12 19:23:00,46.0
2025-06-12 01:26:00,76.0
2025-06-12 04:12:00,68.2
2025-06-12 02:08:00,42.9
2025-06-12 12:55:00,21.2
2025-06-12 21:31:00,75.7
2025-06-12 15:38:00,49.953150620754265
2025-06-12 19:58:00,86.5
2025-06-12 14:02:00,92.6
2025-06-12 18:29:00,90.4
2025-06-12 00:28:00,77.0
2025-06-12 14:40:00,39.2
2025-06-12 13:21:00,0.6
2025-06-12 13:39:00,36.1
2025-06-12 22:23:00,79.8
2025-06-12 16:35:00,8.7
2025-06-12 20:28:00,49.953150620754265
2025-06-12 10:23:00,33.5
2025-06-12 01:27:00,49.953150620754265
2025-06-12 05:35:00,82.8
2025-06-12 03:51:00,41.9
2025-06-12 21:17:00,49.953150620754265
2025-06-12 06:58:00,75.0
2025-06-12 09:48:00,53.9
2025-06-12 21:25:00,49.953150620754265
2025-06-12 06:09:00,86.5
2025-06-12 20:23:00,56.1
2025-06-12 12:19:00,76.2
2025-06-12 11:53:00,59.8
2025-06-12 14:21:00,19.8
2025-06-12 17:22:00,93.2
2025-06-12 22:58:00,92.5
2025-06-12 00:39:00,50.1
2025-06-12 13:14:00,8.9
2025-06-12 01:11:00,66.1
2025-06-12 02:44:00,25.7
2025-06-12 14:36:00,77.6
2025-06-12 22:43:00,49.953150620754265
2025-06-12 20:52:00,89.9
2025-06-12 04:47:00,49.953150620754265
2025-06-12 02:10:00,80.1
2025-06-12 05:42:00,49.953150620754265
2025-06-12 11:32:00,2.2
2025-06-12 07:26:00,8.2
2025-06-12 02:03:00,49.953150620754265
2025-06-12 05:15:00,26.4
2025-06-12 10:42:00,10.3
2025-06-12 04:08:00,73.0
2025-06-12 09:15:00,54.8
2025-06-12 15:13:00,52.6
2025-06-12 09:22:00,97.6
2025-06-12 05:08:00,76.9
2025-06-12 05:43:00,34.3
2025-06-12 18:18:00,55.8
2025-06-12 22:09:00,63.3
2025-06-12 16:40:00,49.953150620754265
2025-06-12 14:49:00,49.953150620754265
2025-06-12 19:19:00,15.4
2025-06-12 19:28:00,91.1
2025-06-12 03:52:00,6.9
2025-06-12 10:56:00,13.8
2025-06-12 05:30:00,28.1
2025-06-12 09:52:00,13.3
2025-06-12 01:04:00,49.953150620754265
2025-06-12 06:57:00,2.5
2025-06-12 02:17:00,49.953150620754265
2025-06-12 07:16:00,64.4
2025-06-12 14:24:00,79.8
2025-06-12 04:29:00,93.3
2025-06-12 07:22:00,40.3
2025-06-12 11:13:00,79.8
2025-06-12 17:45:00,77.7
2025-06-12 13:55:00,61.7
2025-06-12 04:30:00,52.1
2025-06-12 04:15:00,49.953150620754265
2025-06-12 04:38:00,69.0
2025-06-12 23:28:00,74.8
2025-06-12 05:47:00,46.2
2025-06-12 02:42:00,27.6
2025-06-12 17:26:00,93.9
2025-06-12 07:56:00,14.5
2025-06-12 14:25:00,9.2
2025-06-12 06:53:00,27.1
2025-06-12 01:18:00,9.7
2025-06-12 07:13:00,49.953150620754265
2025-06-12 05:37:00,16.9
2025-06-12 21:49:00,16.5
2025-06-12 19:34:00,83.0
2025-06-12 06:42:00,49.953150620754265
2025-06-12 14:28:00,19.5
2025-06-12 02:34:00,21.5
2025-06-12 07:20:00,1.1
2025-06-12 03:11:00,74.8
2025-06-12 08:47:00,1.7
2025-06-12 16:57:00,59.3
2025-06-12 00:18:00,20.1
2025-06-12 23:15:00,49.58899212042808
2025-06-12 17:14:00,6.3
2025-06-12 00:09:00,49.58899212042808
2025-06-12 17:55:00,45.9
2025-06-12 21:38:00,73.6
2025-06-12 09:18:00,34.0
2025-06-12 05:12:00,40.6
2025-06-12 13:03:00,3.4
2025-06-12 03:36:00,5.0
2025-06-12 00:20:00,39.7
2025-06-12 06:29:00,49.58899212042808
2025-06-12 12:00:00,26.4
2025-06-12 02:58:00,74.1
2025-06-12 06:45:00,10.0
2025-06-12 20:26:00,29.6
2025-06-12 04:43:00,87.2
2025-06-12 03:27:00,49.9
2025-06-12 09:48:00,63.1
2025-06-12 19:00:00,49.58899212042808
2025-06-12 01:33:00,29.5
2025-06-12 18:25:00,49.58899212042808
2025-06-12 08:02:00,25.1
2025-06-12 02:54:00,65.6
2025-06-12 11:38:00,6.3
2025-06-12 02:40:00,81.1
2025-06-12 04:30:00,67.9
2025-06-12 10:24:00,49.58899212042808
2025-06-12 13:55:00,24.8
2025-06-12 08:47:00,49.58899212042808
2025-06-12 01:37:00,43.6
2025-06-12 09:08:00,7.0
2025-06-12 23:50:00,98.5
2025-06-12 19:56:00,98.4
2025-06-12 01:47:00,76.6
2025-06-12 13:12:00,39.6
2025-06-12 18:08:00,45.6
2025-06-12 11:06:00,38.5
2025-06-12 14:38:00,49.58899212042808
2025-06-12 22:50:00,9.3
2025-06-12 08:30:00,65.5
2025-06-12 01:53:00,49.58899212042808
2025-06-12 00:55:00,57.1
2025-06-12 23:33:00,71.5
2025-06-12 11:24:00,73.9
2025-06-12 15:09:00,85.2
2025-06-12 17:30:00,21.9
2025-06-12 01:23:00,35.9
2025-06-12 20:01:00,72.9
2025-06-12 07:33:00,15.5
2025-06-12 05:09:00,49.58899212042808
2025-06-12 06:52:00,11.4
2025-06-12 08:16:00,59.4
2025-06-12 16:35:00,49.58899212042808
2025-06-12 09:14:00,50.9
2025-06-12 23:09:00,47.7
2025-06-12 10:49:00,74.3
2025-06-12 09:33:00,31.8
2025-06-12 07:54:00,80.8
2025-06-12 08:39:00,34.1
2025-06-12 02:03:00,72.7
2025-06-12 18:33:00,70.1
2025-06-12 10:20:00,91.6
2025-06-12 10:27:00,86.6
2025-06-12 06:56:00,68.2
2025-06-12 11:33:00,40.8
2025-06-12 07:12:00,45.9
2025-06-12 05:28:00,52.8
2025-06-12 12:47:00,45.3
2025-06-12 01:39:00,96.5
2025-06-12 10:59:00,79.6
2025-06-12 20:45:00,19.2
2025-06-12 03:50:00,49.58899212042808
2025-06-12 14:37:00,44.3
2025-06-12 11:07:00,49.58899212042808
2025-06-12 01:55:00,99.3
2025-06-12 10:02:00,85.0
2025-06-12 07:19:00,81.1
2025-06-12 00:57:00,83.6
2025-06-12 10:46:00,53.9
2025-06-12 09:30:00,49.8
2025-06-12 15:32:00,83.5
2025-06-12 01:50:00,32.4
2025-06-12 11:35:00,20.6
2025-06-12 07:29:00,44.1
2025-06-12 22:47:00,97.8
2025-06-12 23:19:00,24.4
2025-06-12 09:02:00,42.5
2025-06-12 19:47:00,49.58899212042808
2025-06-12 17:11:00,49.58899212042808
2025-06-12 01:38:00,8.7
2025-06-12 02:09:00,3.9
2025-06-12 06:08:00,61.2
2025-06-12 08:53:00,49.58899212042808
2025-06-12 18:19:00,99.6
2025-06-12 16:55:00,25.2
2025-06-12 23:45:00,24.8
2025-06-12 17:33:00,20.4
2025-06-12 21:51:00,66.4
2025-06-12 23:38:00,49.58899212042808
2025-06-12 14:05:00,68.2
2025-06-12 20:05:00,49.58899212042808
2025-06-12 16:30:00,84.5
2025-06-12 16:03:00,32.6
2025-06-12 04:50:00,12.4
2025-06-12 08:09:00,26.4
2025-06-12 22:07:00,49.58899212042808
2025-06-12 04:42:00,30.2
2025-06-12 08:00:00,36.5
2025-06-12 09:22:00,99.7
2025-06-12 17:37:00,28.7
2025-06-12 21:58:00,68.8
2025-06-12 20:37:00,35.6
2025-06-12 21:07:00,66.9
2025-06-12 09:39:00,74.8
2025-06-12 18:32:00,86.5
2025-06-12 13:18:00,29.1
2025-06-12 06:42:00,89.9
2025-06-12 17:04:00,76.8
2025-06-12 01:15:00,16.2
2025-06-12 07:59:00,59.5
2025-06-12 08:20:00,21.5
2025-06-12 04:49:00,74.5
2025-06-12 09:44:00,34.4
2025-06-12 00:25:00,76.6
2025-06-12 01:24:00,49.58899212042808
2025-06-12 00:59:00,49.58899212042808
2025-06-12 18:05:00,1.1
2025-06-12 21:19:00,49.58899212042808
2025-06-12 18:26:00,73.1
2025-06-12 07:24:00,62.0
2025-06-12 14:15:00,18.4
2025-06-12 14:49:00,0.1
2025-06-12 04:06:00,71.7
2025-06-12 11:55:00,49.0
2025-06-12 16:17:00,84.5
2025-06-12 16:41:00,57.5
2025-06-12 06:19:00,43.6
2025-06-12 18:47:00,97.1
2025-06-12 14:43:00,28.9
2025-06-12 13:48:00,11.8
2025-06-12 16:13:00,78.6
2025-06-12 23:12:00,49.58899212042808
2025-06-12 23:55:00,48.9
2025-06-12 17:42:00,17.5
2025-06-12 19:38:00,75.4
2025-06-12 05:13:00,58.5
2025-06-12 19:03:00,95.1
2025-06-12 16:40:00,55.3
2025-06-12 21:42:00,46.2
2025-06-12 23:35:00,40.1
2025-06-12 19:43:00,35.2
2025-06-12 09:40:00,16.6
2025-06-12 17:47:00,51.6
2025-06-12 14:29:00,96.0
2025-06-12 22:36:00,49.58899212042808
2025-06-12 14:33:00,12.8
2025-06-12 10:04:00,79.5
2025-06-12 07:50:00,80.0
2025-06-12 12:07:00,93.2
2025-06-12 04:58:00,49.58899212042808
2025-06-12 22:03:00,28.6
2025-06-12 03:16:00,19.6
2025-06-12 23:08:00,83.8
2025-06-12 15:08:00,89.9
2025-06-12 16:20:00,57.5
2025-06-12 02:07:00,86.4
2025-06-12 20:39:00,71.8
2025-06-12 02:06:00,6.9
2025-06-12 13:21:00,62.8
2025-06-12 20:12:00,92.2
2025-06-12 17:05:00,37.2
2025-06-12 07:04:00,51.6
2025-06-12 18:20:00,13.0
2025-06-12 17:06:00,71.8
2025-06-12 02:57:00,58.7
2025-06-12 18:13:00,49.58899212042808
2025-06-12 08:55:00,97.3
2025-06-12 07:49:00,88.5
2025-06-12 12:33:00,75.6
2025-06-12 23:00:00,49.58899212042808
2025-06-12 17:51:00,37.0
2025-06-12 22:14:00,63.9
2025-06-12 21:35:00,11.1
2025-06-12 05:03:00,33.9
2025-06-12 17:15:00,22.1
2025-06-12 21:28:00,49.58899212042808
2025-06-12 14:22:00,68.8
2025-06-12 10:00:00,47.7
2025-06-12 13:37:00,93.9
2025-06-12 01:20:00,20.2
2025-06-12 22:41:00,92.4
2025-06-12 08:40:00,3.4
2025-06-12 05:53:00,27.6
2025-06-12 16:37:00,64.8
2025-06-12 11:49:00,96.7
2025-06-12 10:52:00,100.0
2025-06-12 03:37:00,49.58899212042808
2025-06-12 23:27:00,49.58899212042808
2025-06-12 03:07:00,35.2
2025-06-12 21:23:00,1.9
2025-06-12 16:51:00,7.0
2025-06-12 18:39:00,81.2
2025-06-12 23:51:00,9.3
2025-06-12 00:17:00,82.2
2025-06-12 14:40:00,19.0
2025-06-12 02:36:00,93.4
2025-06-12 07:42:00,49.58899212042808
2025-06-12 07:20:00,6.8
2025-06-12 19:08:00,22.9
2025-06-12 16:43:00,84.2
2025-06-12 17:08:00,3.2
2025-06-12 16:42:00,45.4
2025-06-12 07:41:00,23.6
2025-06-12 18:48:00,72.3
2025-06-12 06:39:00,52.8
2025-06-12 01:58:00,78.8
2025-06-12 18:53:00,30.3
2025-06-12 07:37:00,95.2
2025-06-12 17:50:00,49.58899212042808
2025-06-12 15:51:00,25.8
2025-06-12 04:32:00,41.7
2025-06-12 03:19:00,48.1
2025-06-12 23:53:00,56.1
2025-06-12 07:56:00,98.8
2025-06-12 06:02:00,25.8
2025-06-12 21:26:00,55.5
2025-06-12 15:07:00,49.58899212042808
2025-06-12 02:41:00,53.1
2025-06-12 12:34:00,49.58899212042808
2025-06-12 00:28:00,40.6
2025-06-12 13:01:00,16.9
2025-06-12 12:05:00,49.58899212042808
2025-06-12 01:51:00,97.5
2025-06-12 04:51:00,35.8
2025-06-12 15:19:00,70.6
2025-06-12 01:30:00,49.58899212042808
2025-06-12 05:10:00,60.8
2025-06-12 19:10:00,12.0
2025-06-12 00:29:00,95.7
2025-06-12 05:57:00,46.5
2025-06-12 23:11:00,7.3
2025-06-12 21:37:00,61.8
2025-06-12 23:04:00,15.9
2025-06-12 17:02:00,41.9
2025-06-12 19:54:00,67.6
2025-06-12 00:31:00,89.9
2025-06-12 19:11:00,49.58899212042808
2025-06-12 04:04:00,97.8
2025-06-12 18:04:00,83.1
2025-06-12 03:05:00,49.58899212042808
2025-06-12 03:22:00,70.7
2025-06-12 03:46:00,32.5
2025-06-12 04:33:00,96.3
2025-06-12 01:21:00,23.1
2025-06-12 11:15:00,43.0
2025-06-12 01:28:00,23.5
2025-06-12 21:36:00,49.58899212042808
2025-06-12 20:50:00,65.8
2025-06-12 02:21:00,73.2
2025-06-12 02:25:00,85.9
2025-06-12 02:42:00,73.9
2025-06-12 19:53:00,97.3
2025-06-12 02:08:00,4.0
2025-06-12 23:25:00,49.2
2025-06-12 21:53:00,20.2
2025-06-12 02:23:00,21.7
2025-06-12 22:05:00,65.5
2025-06-12 20:27:00,16.3
2025-06-12 08:35:00,26.7
2025-06-12 13:00:00,89.8
2025-06-12 06:41:00,11.1
2025-06-12 11:31:00,33.7
2025-06-12 10:41:00,92.7
2025-06-12 22:51:00,49.1
2025-06-12 00:10:00,86.9
2025-06-12 13:22:00,66.0
2025-06-12 03:38:00,49.58899212042808
2025-06-12 20:42:00,49.58899212042808
2025-06-12 00:14:00,26.7
2025-06-12 04:16:00,79.3
2025-06-12 19:20:00,67.8
2025-06-12 13:31:00,79.9
2025-06-12 21:15:00,74.1
2025-06-12 19:39:00,38.7
2025-06-12 10:47:00,49.58899212042808
2025-06-12 01:11:00,60.7
2025-06-12 05:56:00,81.7
2025-06-12 04:26:00,69.3
2025-06-12 11:26:00,32.2
2025-06-12 06:27:00,47.8
2025-06-12 22:42:00,25.1
2025-06-12 12:46:00,26.2
2025-06-12 22:24:00,23.3
2025-06-12 21:01:00,47.7
2025-06-12 13:39:00,15.8
2025-06-12 20:33:00,14.5
2025-06-12 06:49:00,59.2
2025-06-12 00:41:00,7.1
2025-06-12 23:34:00,92.0
2025-06-12 00:39:00,58.1
2025-06-12 21:52:00,89.0
2025-06-12 00:12:00,67.3
2025-06-12 17:40:00,66.2
2025-06-12 21:40:00,37.9
2025-06-12 19:02:00,93.4
2025-06-12 08:28:00,90.6
2025-06-12 01:07:00,42.4
2025-06-12 08:06:00,86.4
2025-06-12 08:44:00,56.0
2025-06-12 11:42:00,70.3
2025-06-12 06:06:00,83.3
2025-06-12 00:34:00,54.6
2025-06-12 06:05:00,87.9
2025-06-12 02:16:00,20.6
2025-06-12 03:29:00,91.8
2025-06-12 05:58:00,49.58899212042808
2025-06-12 19:36:00,24.2
2025-06-12 23:56:00,56.7
2025-06-12 10:21:00,24.5
2025-06-12 07:08:00,0.2
2025-06-12 19:50:00,61.0
2025-06-12 03:02:00,21.2
2025-06-12 07:05:00,58.2
2025-06-12 20:58:00,88.1
2025-06-12 05:05:00,12.3
2025-06-12 09:49:00,50.2977004785806
2025-06-12 15:19:00,60.3
2025-06-12 14:30:00,71.4
2025-06-12 00:44:00,37.2
2025-06-12 21:24:00,37.9
2025-06-12 01:49:00,24.3
2025-06-12 23:46:00,60.7
2025-06-12 12:56:00,81.2
2025-06-12 21:52:00,65.8
2025-06-12 18:40:00,41.7
2025-06-12 05:08:00,37.0
2025-06-12 08:39:00,89.5
2025-06-12 02:27:00,97.8
2025-06-12 08:45:00,50.2977004785806
2025-06-12 10:38:00,20.6
2025-06-12 00:29:00,60.8
2025-06-12 10:57:00,17.7
2025-06-12 10:14:00,55.6
2025-06-12 23:44:00,80.5
2025-06-12 14:59:00,64.8
2025-06-12 22:53:00,45.3
2025-06-12 14:22:00,34.5
2025-06-12 19:23:00,60.2
2025-06-12 15:24:00,17.9
2025-06-12 05:00:00,22.8
2025-06-12 21:08:00,33.8
2025-06-12 11:15:00,75.4
2025-06-12 22:48:00,50.2977004785806
2025-06-12 09:56:00,50.2977004785806
2025-06-12 00:18:00,94.5
2025-06-12 22:17:00,68.7
2025-06-12 06:22:00,17.0
2025-06-12 21:55:00,61.4
2025-06-12 12:36:00,56.8
2025-06-12 18:51:00,50.2977004785806
2025-06-12 21:54:00,50.2977004785806
2025-06-12 23:49:00,28.2
2025-06-12 18:06:00,64.0
2025-06-12 22:46:00,55.5
2025-06-12 16:14:00,50.2977004785806
2025-06-12 05:20:00,77.9
2025-06-12 12:48:00,62.6
2025-06-12 03:07:00,10.8
2025-06-12 09:10:00,57.0
2025-06-12 13:07:00,72.6
2025-06-12 02:04:00,31.9
2025-06-12 09:44:00,66.7
2025-06-12 09:42:00,80.1
2025-06-12 16:13:00,50.2977004785806
2025-06-12 19:49:00,35.2
2025-06-12 21:06:00,30.3
2025-06-12 08:43:00,20.4
2025-06-12 05:10:00,41.0
2025-06-12 05:09:00,46.6
2025-06-12 14:51:00,1.5
2025-06-12 14:09:00,32.1
2025-06-12 18:00:00,92.7
2025-06-12 20:05:00,18.7
2025-06-12 20:09:00,26.0
2025-06-12 08:13:00,49.8
2025-06-12 12:34:00,92.7
2025-06-12 23:10:00,50.2977004785806
2025-06-12 02:43:00,32.6
2025-06-12 01:19:00,74.6
2025-06-12 06:55:00,51.9
2025-06-12 08:35:00,99.8
2025-06-12 01:46:00,80.6
2025-06-12 03:37:00,65.8
2025-06-12 06:18:00,35.0
2025-06-12 19:31:00,2.6
2025-06-12 10:15:00,88.6
2025-06-12 12:17:00,50.3
2025-06-12 19:41:00,71.4
2025-06-12 13:09:00,11.7
2025-06-12 02:44:00,20.4
2025-06-12 21:16:00,98.7
2025-06-12 17:04:00,10.7
2025-06-12 07:14:00,71.1
2025-06-12 09:40:00,50.2977004785806
2025-06-12 14:10:00,64.3
2025-06-12 17:53:00,50.2977004785806
2025-06-12 19:30:00,39.9
2025-06-12 20:02:00,92.7
2025-06-12 03:09:00,21.3
2025-06-12 01:05:00,94.6
2025-06-12 02:48:00,66.6
2025-06-12 18:32:00,38.6
2025-06-12 13:12:00,50.9
2025-06-12 06:59:00,1.1
2025-06-12 16:41:00,19.1
2025-06-12 14:17:00,65.3
2025-06-12 09:07:00,50.2977004785806
2025-06-12 10:46:00,38.0
2025-06-12 00:55:00,85.1
2025-06-12 20:44:00,1.8
2025-06-12 09:33:00,18.5
2025-06-12 09:54:00,61.9
2025-06-12 00:00:00,50.2977004785806
2025-06-12 12:35:00,77.8
2025-06-12 04:58:00,97.0
2025-06-12 12:06:00,69.1
2025-06-12 12:54:00,50.2977004785806
2025-06-12 03:46:00,60.9
2025-06-12 11:57:00,99.1
2025-06-12 10:20:00,35.1
2025-06-12 18:14:00,2.1
2025-06-12 03:16:00,11.8
2025-06-12 03:28:00,66.5
2025-06-12 07:26:00,2.7
2025-06-12 02:58:00,73.0
2025-06-12 08:12:00,29.4
2025-06-12 16:34:00,82.3
2025-06-12 11:01:00,50.2977004785806
2025-06-12 18:49:00,93.3
2025-06-12 03:36:00,29.8
2025-06-12 03:13:00,62.7
2025-06-12 06:20:00,50.2977004785806
2025-06-12 02:22:00,13.6
2025-06-12 06:23:00,64.7
2025-06-12 14:41:00,93.8
2025-06-12 01:29:00,10.5
2025-06-12 21:09:00,11.9
2025-06-12 11:05:00,73.9
2025-06-12 19:06:00,27.2
2025-06-12 23:03:00,9.9
2025-06-12 17:00:00,43.2
2025-06-12 04:30:00,0.4
2025-06-12 22:12:00,40.1
2025-06-12 00:42:00,28.9
2025-06-12 07:42:00,37.2
2025-06-12 18:57:00,47.5
2025-06-12 00:51:00,50.2977004785806
2025-06-12 06:57:00,16.9
2025-06-12 12:52:00,51.7
2025-06-12 00:20:00,73.5
2025-06-12 06:53:00,89.0
2025-06-12 06:40:00,62.7
2025-06-12 23:14:00,98.2
2025-06-12 15:12:00,82.6
2025-06-12 17:01:00,25.6
2025-06-12 21:58:00,10.2
2025-06-12 12:02:00,98.5
2025-06-12 16:31:00,34.5
2025-06-12 02:36:00,70.3
2025-06-12 19:48:00,70.9
2025-06-12 04:41:00,32.0
2025-06-12 03:03:00,90.8
2025-06-12 17:33:00,14.5
2025-06-12 16:39:00,98.2
2025-06-12 02:05:00,19.6
2025-06-12 01:22:00,68.6
2025-06-12 13:05:00,11.4
2025-06-12 09:09:00,36.6
2025-06-12 19:22:00,11.8
2025-06-12 20:34:00,61.4
2025-06-12 11:18:00,61.8
2025-06-12 16:47:00,35.2
2025-06-12 10:07:00,90.4
2025-06-12 13:42:00,99.7
2025-06-12 16:04:00,3.8
2025-06-12 06:10:00,95.0
2025-06-12 15:11:00,96.1
2025-06-12 21:10:00,50.2977004785806
2025-06-12 15:02:00,65.0
2025-06-12 09:22:00,9.7
2025-06-12 23:39:00,50.2977004785806
2025-06-12 03:32:00,50.2977004785806
2025-06-12 23:57:00,91.6
2025-06-12 10:06:00,79.8
2025-06-12 04:50:00,65.9
2025-06-12 00:49:00,58.6
2025-06-12 22:02:00,98.2
2025-06-12 15:47:00,92.5
2025-06-12 00:19:00,13.2
2025-06-12 09:00:00,68.7
2025-06-12 01:54:00,54.2
2025-06-12 09:32:00,50.2977004785806
2025-06-12 22:07:00,50.2977004785806
2025-06-12 23:28:00,7.4
2025-06-12 22:41:00,78.2
2025-06-12 14:52:00,84.0
2025-06-12 03:04:00,37.7
2025-06-12 18:21:00,93.6
2025-06-12 13:44:00,16.3
2025-06-12 21:15:00,5.0
2025-06-12 14:11:00,21.0
2025-06-12 23:22:00,30.1
2025-06-12 17:24:00,4.9
2025-06-12 08:16:00,72.6
2025-06-12 04:22:00,50.2977004785806
2025-06-12 21:50:00,59.0
2025-06-12 12:28:00,61.4
2025-06-12 06:45:00,50.2977004785806
2025-06-12 15:21:00,58.8
2025-06-12 11:47:00,50.2977004785806
2025-06-12 17:22:00,82.4
2025-06-12 17:36:00,57.6
2025-06-12 03:14:00,48.4
2025-06-12 20:15:00,23.8
2025-06-12 00:40:00,47.2
2025-06-12 01:12:00,95.2
2025-06-12 15:22:00,65.8
2025-06-12 16:54:00,94.8
2025-06-12 00:13:00,14.4
2025-06-12 10:51:00,11.1
2025-06-12 22:20:00,96.1
2025-06-12 05:19:00,36.6
2025-06-12 13:27:00,30.3
2025-06-12 13:21:00,50.2977004785806
2025-06-12 03:43:00,50.2977004785806
2025-06-12 06:11:00,91.2
2025-06-12 19:19:00,6.0
2025-06-12 16:23:00,26.6
2025-06-12 08:10:00,40.1
2025-06-12 00:04:00,28.5
2025-06-12 07:04:00,45.3
2025-06-12 01:47:00,73.1
2025-06-12 08:05:00,50.2977004785806
2025-06-12 08:06:00,50.2977004785806
2025-06-12 07:20:00,97.8
2025-06-12 16:46:00,14.8
2025-06-12 15:48:00,73.8
2025-06-12 02:32:00,75.4
2025-06-12 01:25:00,8.1
2025-06-12 06:33:00,0.6
2025-06-12 06:08:00,69.5
2025-06-12 07:51:00,2.7
2025-06-12 23:24:00,98.4
2025-06-12 16:01:00,50.2977004785806
2025-06-12 04:21:00,82.1
2025-06-12 20:43:00,76.2
2025-06-12 12:41:00,6.3
2025-06-12 09:38:00,12.9
2025-06-12 00:59:00,12.5
2025-06-12 17:15:00,50.2977004785806
2025-06-12 00:35:00,73.4
2025-06-12 12:26:00,52.8
2025-06-12 21:37:00,50.2977004785806
2025-06-12 06:35:00,50.2977004785806
2025-06-12 19:58:00,40.1
2025-06-12 11:20:00,22.1
2025-06-12 21:19:00,58.6
2025-06-12 09:03:00,94.8
2025-06-12 01:59:00,30.6
2025-06-12 13:16:00,50.2977004785806
2025-06-12 18:48:00,28.9
2025-06-12 17:21:00,83.5
2025-06-12 00:33:00,97.6
2025-06-12 06:19:00,32.9
2025-06-12 23:55:00,15.2
2025-06-12 15:15:00,75.8
2025-06-12 12:05:00,60.7
2025-06-12 02:38:00,14.5
2025-06-12 21:39:00,50.2977004785806
2025-06-12 12:16:00,8.7
2025-06-12 21:04:00,69.4
2025-06-12 13:15:00,79.3
2025-06-12 22:28:00,43.3
2025-06-12 04:12:00,39.0
2025-06-12 16:37:00,92.4
2025-06-12 20:56:00,98.2
2025-06-12 23:32:00,50.2977004785806
2025-06-12 20:37:00,94.3
2025-06-12 02:35:00,2.2
2025-06-12 07:15:00,80.1
2025-06-12 03:38:00,75.4
2025-06-12 00:57:00,51.2
2025-06-12 19:57:00,14.5
2025-06-12 11:03:00,55.7
2025-06-12 18:44:00,81.5
2025-06-12 00:53:00,25.9
2025-06-12 13:06:00,74.6
2025-06-12 11:30:00,5.0
2025-06-12 07:31:00,17.7
2025-06-12 00:28:00,3.1
2025-06-12 20:40:00,76.5
2025-06-12 21:26:00,50.2977004785806
2025-06-12 11:25:00,28.7
2025-06-12 07:19:00,50.2977004785806
2025-06-12 14:16:00,43.3
2025-06-12 21:46:00,8.8
2025-06-12 02:07:00,28.1
2025-06-12 02:19:00,16.4
2025-06-12 07:00:00,50.2977004785806
2025-06-12 17:08:00,24.2
2025-06-12 17:40:00,8.9
2025-06-12 22:30:00,13.1
2025-06-12 08:24:00,60.1
2025-06-12 08:46:00,22.0
2025-06-12 13:08:00,50.2977004785806
2025-06-12 18:24:00,48.0
2025-06-12 07:23:00,50.2977004785806
2025-06-12 02:26:00,18.3
2025-06-12 13:23:00,32.8
2025-06-12 09:30:00,46.7
2025-06-12 10:22:00,92.7
2025-06-12 03:57:00,50.2977004785806
2025-06-12 01:04:00,49.82536769031651
2025-06-12 08:03:00,86.6
2025-06-12 21:08:00,9.3
2025-06-12 10:01:00,89.9
2025-06-12 20:53:00,2.3
2025-06-12 18:15:00,51.9
2025-06-12 05:11:00,54.0
2025-06-12 18:18:00,50.1
2025-06-12 12:01:00,59.9
2025-06-12 14:50:00,60.9
2025-06-12 08:19:00,70.1
2025-06-12 09:58:00,49.82536769031651
2025-06-12 01:46:00,58.9
2025-06-12 02:01:00,87.5
2025-06-12 01:59:00,33.7
2025-06-12 01:09:00,98.8
2025-06-12 23:35:00,49.82536769031651
2025-06-12 21:53:00,43.0
2025-06-12 02:39:00,34.7
2025-06-12 13:13:00,77.7
2025-06-12 18:52:00,47.0
2025-06-12 16:39:00,49.82536769031651
2025-06-12 18:51:00,78.7
2025-06-12 12:11:00,40.4
2025-06-12 09:55:00,62.2
2025-06-12 13:19:00,44.2
2025-06-12 07:51:00,86.9
2025-06-12 19:32:00,41.1
2025-06-12 10:59:00,49.82536769031651
2025-06-12 08:21:00,62.2
2025-06-12 05:01:00,92.3
2025-06-12 03:50:00,0.8
2025-06-12 07:53:00,66.3
2025-06-12 11:08:00,87.4
2025-06-12 07:02:00,18.9
2025-06-12 03:25:00,49.82536769031651
2025-06-12 23:22:00,74.3
2025-06-12 19:00:00,13.8
2025-06-12 06:07:00,40.1
2025-06-12 12:40:00,72.8
2025-06-12 18:50:00,47.2
2025-06-12 04:30:00,8.2
2025-06-12 06:03:00,83.3
2025-06-12 02:19:00,49.82536769031651
2025-06-12 10:13:00,12.8
2025-06-12 18:34:00,55.9
2025-06-12 15:01:00,49.82536769031651
2025-06-12 02:05:00,34.6
2025-06-12 18:20:00,52.2
2025-06-12 21:39:00,64.6
2025-06-12 20:39:00,25.3
2025-06-12 21:12:00,44.3
2025-06-12 08:53:00,98.9
2025-06-12 18:43:00,81.4
2025-06-12 15:21:00,44.3
2025-06-12 05:39:00,93.5
2025-06-12 14:13:00,7.3
2025-06-12 15:17:00,88.7
2025-06-12 07:18:00,14.8
2025-06-12 20:27:00,26.1
2025-06-12 12:02:00,5.1
2025-06-12 08:34:00,88.8
2025-06-12 01:37:00,49.82536769031651
2025-06-12 21:42:00,49.82536769031651
2025-06-12 10:09:00,1.8
2025-06-12 23:02:00,77.6
2025-06-12 00:38:00,7.4
2025-06-12 23:04:00,15.8
2025-06-12 08:20:00,70.7
2025-06-12 09:53:00,58.7
2025-06-12 12:39:00,89.3
2025-06-12 14:07:00,82.9
2025-06-12 13:08:00,17.0
2025-06-12 09:03:00,62.1
2025-06-12 14:25:00,82.8
2025-06-12 07:30:00,54.8
2025-06-12 05:19:00,47.2
2025-06-12 22:34:00,11.6
2025-06-12 01:12:00,49.82536769031651
2025-06-12 03:17:00,81.2
2025-06-12 23:56:00,40.2
2025-06-12 08:51:00,34.2
2025-06-12 19:22:00,55.0
2025-06-12 00:10:00,3.5
2025-06-12 17:42:00,19.8
2025-06-12 09:48:00,78.8
2025-06-12 05:36:00,37.3
2025-06-12 05:46:00,52.1
2025-06-12 22:57:00,96.0
2025-06-12 15:56:00,90.6
2025-06-12 02:13:00,21.1
2025-06-12 01:18:00,83.8
2025-06-12 21:54:00,64.3
2025-06-12 09:15:00,72.5
2025-06-12 05:47:00,86.2
2025-06-12 16:24:00,12.0
2025-06-12 20:16:00,49.82536769031651
2025-06-12 23:16:00,21.4
2025-06-12 14:01:00,38.5
2025-06-12 08:35:00,7.3
2025-06-12 01:10:00,91.6
2025-06-12 12:29:00,2.5
2025-06-12 00:44:00,8.4
2025-06-12 04:28:00,68.4
2025-06-12 01:50:00,53.0
2025-06-12 07:22:00,49.82536769031651
2025-06-12 19:31:00,36.8
2025-06-12 18:59:00,49.82536769031651
2025-06-12 16:31:00,49.82536769031651
2025-06-12 16:32:00,30.5
2025-06-12 08:18:00,89.1
2025-06-12 11:19:00,47.8
2025-06-12 23:28:00,76.6
2025-06-12 05:57:00,1.5
2025-06-12 20:08:00,49.82536769031651
2025-06-12 21:55:00,4.0
2025-06-12 00:01:00,35.4
2025-06-12 00:24:00,65.9
2025-06-12 13:49:00,49.82536769031651
2025-06-12 08:44:00,16.5
2025-06-12 20:44:00,49.82536769031651
2025-06-12 10:23:00,77.0
2025-06-12 09:16:00,67.1
2025-06-12 00:18:00,51.9
2025-06-12 15:16:00,22.9
2025-06-12 18:57:00,13.4
2025-06-12 22:55:00,38.1
2025-06-12 09:13:00,97.3
2025-06-12 07:41:00,92.9
2025-06-12 01:35:00,61.6
2025-06-12 16:55:00,49.82536769031651
2025-06-12 16:04:00,42.2
2025-06-12 14:48:00,4.5
2025-06-12 08:40:00,65.0
2025-06-12 22:16:00,67.6
2025-06-12 01:49:00,49.82536769031651
2025-06-12 09:46:00,2.8
2025-06-12 06:44:00,96.8
2025-06-12 03:41:00,30.4
2025-06-12 22:41:00,76.6
2025-06-12 13:46:00,92.4
2025-06-12 03:43:00,21.6
2025-06-12 22:26:00,65.4
2025-06-12 23:26:00,6.8
2025-06-12 17:16:00,49.82536769031651
2025-06-12 12:42:00,15.6
2025-06-12 19:29:00,68.9
2025-06-12 06:55:00,49.82536769031651
2025-06-12 19:25:00,68.4
2025-06-12 02:36:00,0.8
2025-06-12 05:31:00,11.5
2025-06-12 02:34:00,70.7
2025-06-12 11:26:00,60.9
2025-06-12 19:13:00,49.82536769031651
2025-06-12 04:20:00,49.82536769031651
2025-06-12 18:48:00,8.7
2025-06-12 20:07:00,59.1
2025-06-12 06:26:00,44.5
2025-06-12 16:23:00,92.8
2025-06-12 17:43:00,49.82536769031651
2025-06-12 17:17:00,31.0
2025-06-12 19:10:00,49.82536769031651
2025-06-12 23:53:00,49.82536769031651
2025-06-12 07:43:00,90.3
2025-06-12 14:57:00,98.9
2025-06-12 07:34:00,75.8
2025-06-12 08:50:00,37.6
2025-06-12 08:05:00,23.6
2025-06-12 20:12:00,75.9
2025-06-12 20:09:00,49.82536769031651
2025-06-12 15:08:00,82.6
2025-06-12 16:12:00,32.9
2025-06-12 15:12:00,37.3
2025-06-12 20:10:00,61.5
2025-06-12 19:35:00,27.4
2025-06-12 13:16:00,12.1
2025-06-12 04:00:00,40.7
2025-06-12 18:33:00,6.3
2025-06-12 06:19:00,89.3
2025-06-12 07:36:00,93.7
2025-06-12 11:48:00,49.82536769031651
2025-06-12 17:31:00,99.9
2025-06-12 22:49:00,49.82536769031651
2025-06-12 08:48:00,4.3
2025-06-12 03:57:00,75.0
2025-06-12 00:16:00,21.7
2025-06-12 09:04:00,49.82536769031651
2025-06-12 01:15:00,72.5
2025-06-12 08:27:00,96.1
2025-06-12 06:40:00,73.1
2025-06-12 14:19:00,20.4
2025-06-12 05:51:00,82.0
2025-06-12 03:21:00,44.2
2025-06-12 20:20:00,48.7
2025-06-12 06:12:00,55.4
2025-06-12 06:51:00,82.6
2025-06-12 18:38:00,18.6
2025-06-12 14:15:00,49.82536769031651
2025-06-12 21:38:00,23.6
2025-06-12 16:18:00,56.3
2025-06-12 13:41:00,95.7
2025-06-12 07:21:00,7.2
2025-06-12 22:09:00,79.5
2025-06-12 11:23:00,74.0
2025-06-12 08:33:00,52.3
2025-06-12 19:38:00,54.5
2025-06-12 02:54:00,4.0
2025-06-12 19:21:00,74.5
2025-06-12 02:08:00,46.5
2025-06-12 10:35:00,14.2
2025-06-12 12:00:00,96.4
2025-06-12 03:18:00,29.5
2025-06-12 04:38:00,40.9
2025-06-12 15:51:00,93.3
2025-06-12 00:09:00,96.1
2025-06-12 17:32:00,65.6
2025-06-12 18:46:00,74.3
2025-06-12 00:03:00,35.7
2025-06-12 16:33:00,49.0
2025-06-12 05:14:00,77.2
2025-06-12 14:23:00,84.2
2025-06-12 11:49:00,73.3
2025-06-12 11:45:00,3.5
2025-06-12 17:05:00,89.3
2025-06-12 01:26:00,50.9
2025-06-12 16:28:00,7.7
2025-06-12 13:47:00,45.7
2025-06-12 12:35:00,19.2
2025-06-12 08:41:00,19.6
2025-06-12 22:32:00,49.82536769031651
2025-06-12 15:59:00,49.82536769031651
2025-06-12 11:07:00,5.8
2025-06-12 07:55:00,39.3
2025-06-12 17:56:00,37.7
2025-06-12 00:55:00,75.8
2025-06-12 10:29:00,71.9
2025-06-12 12:44:00,49.3
2025-06-12 22:06:00,95.4
2025-06-12 12:08:00,27.3
2025-06-12 03:38:00,58.4
2025-06-12 18:08:00,24.0
2025-06-12 11:28:00,18.4
2025-06-12 17:20:00,61.3
2025-06-12 09:28:00,49.82536769031651
2025-06-12 11:58:00,76.0
2025-06-12 15:54:00,45.4
2025-06-12 03:19:00,49.82536769031651
2025-06-12 11:22:00,85.0
2025-06-12 09:25:00,32.5
2025-06-12 08:54:00,62.0
2025-06-12 03:26:00,59.5
2025-06-12 10:25:00,76.4
2025-06-12 08:28:00,93.9
2025-06-12 14:43:00,32.4
2025-06-12 01:19:00,48.7
2025-06-12 19:47:00,34.2
2025-06-12 17:06:00,82.8
2025-06-12 04:02:00,49.82536769031651
2025-06-12 07:56:00,6.3
2025-06-12 11:54:00,32.6
2025-06-12 22:19:00,26.7
2025-06-12 08:36:00,27.2
2025-06-12 12:47:00,38.2
2025-06-12 13:22:00,81.9
2025-06-12 21:17:00,93.8
2025-06-12 16:08:00,92.7
2025-06-12 12:45:00,97.3
2025-06-12 10:45:00,75.8
2025-06-12 10:07:00,75.5
2025-06-12 14:31:00,25.0
2025-06-12 14:32:00,73.7
2025-06-12 07:15:00,90.3
2025-06-12 20:41:00,84.1
2025-06-12 05:55:00,36.1
2025-06-12 05:58:00,6.3
2025-06-12 10:14:00,98.1
2025-06-12 17:21:00,34.3
2025-06-12 12:24:00,8.0
2025-06-12 06:15:00,86.5
2025-06-12 17:23:00,67.8
2025-06-12 23:31:00,20.8
2025-06-12 02:30:00,25.9
2025-06-12 04:35:00,71.6
2025-06-12 04:51:00,59.9
2025-06-12 18:21:00,67.1
2025-06-12 11:01:00,77.0
2025-06-12 14:12:00,59.5
2025-06-12 23:34:00,49.82536769031651
2025-06-12 00:13:00,49.82536769031651
2025-06-12 23:38:00,94.0
2025-06-12 10:42:00,43.1
2025-06-12 23:50:00,50.7
2025-06-12 04:21:00,17.5
2025-06-12 18:41:00,98.2
2025-06-12 16:45:00,45.5
2025-06-12 03:10:00,49.82536769031651
2025-06-12 12:05:00,17.2
2025-06-12 00:46:00,35.4
2025-06-12 09:24:00,7.7
2025-06-12 23:29:00,50.10362276498773
2025-06-12 18:34:00,72.7
2025-06-12 06:39:00,60.8
2025-06-12 05:37:00,88.7
2025-06-12 13:07:00,69.3
2025-06-12 21:45:00,70.4
2025-06-12 13:32:00,81.6
2025-06-12 02:58:00,89.3
2025-06-12 01:44:00,96.6
2025-06-12 20:50:00,50.10362276498773
2025-06-12 02:30:00,7.1
2025-06-12 13:05:00,22.4
2025-06-12 14:45:00,72.6
2025-06-12 21:46:00,14.7
2025-06-12 22:33:00,81.2
2025-06-12 11:31:00,50.6
2025-06-12 00:15:00,55.6
2025-06-12 11:48:00,92.2
2025-06-12 17:35:00,50.10362276498773
2025-06-12 09:33:00,50.10362276498773
2025-06-12 07:12:00,43.1
2025-06-12 07:58:00,87.0
2025-06-12 14:51:00,82.8
2025-06-12 05:52:00,58.9
2025-06-12 06:32:00,77.1
2025-06-12 00:59:00,72.5
2025-06-12 18:17:00,4.9
2025-06-12 21:20:00,99.4
2025-06-12 19:43:00,15.8
2025-06-12 03:20:00,81.0
2025-06-12 20:35:00,23.1
2025-06-12 17:17:00,31.7
2025-06-12 09:29:00,13.8
2025-06-12 17:16:00,10.4
2025-06-12 21:47:00,50.10362276498773
2025-06-12 08:45:00,50.10362276498773
2025-06-12 10:04:00,15.0
2025-06-12 16:18:00,85.8
2025-06-12 09:45:00,92.4
2025-06-12 04:07:00,46.1
2025-06-12 07:29:00,54.2
2025-06-12 12:45:00,51.7
2025-06-12 08:10:00,50.10362276498773
2025-06-12 17:02:00,78.3
2025-06-12 12:46:00,84.4
2025-06-12 18:56:00,58.6
2025-06-12 22:31:00,27.1
2025-06-12 10:48:00,6.5
2025-06-12 05:35:00,26.1
2025-06-12 14:02:00,94.6
2025-06-12 12:35:00,50.10362276498773
2025-06-12 01:24:00,29.1
2025-06-12 04:52:00,50.10362276498773
2025-06-12 19:16:00,48.9
2025-06-12 04:48:00,9.0
2025-06-12 15:56:00,93.7
2025-06-12 04:35:00,50.10362276498773
2025-06-12 11:55:00,0.7
2025-06-12 20:06:00,44.2
2025-06-12 04:01:00,50.10362276498773
2025-06-12 05:58:00,77.2
2025-06-12 22:05:00,4.3
2025-06-12 11:04:00,50.10362276498773
2025-06-12 08:17:00,4.4
2025-06-12 14:37:00,50.10362276498773
2025-06-12 11:02:00,69.9
2025-06-12 08:09:00,23.9
2025-06-12 06:48:00,50.10362276498773
2025-06-12 05:13:00,68.0
2025-06-12 07:01:00,42.7
2025-06-12 08:23:00,50.10362276498773
2025-06-12 13:42:00,43.7
2025-06-12 23:23:00,6.4
2025-06-12 19:03:00,50.10362276498773
2025-06-12 18:30:00,51.9
2025-06-12 06:02:00,24.1
2025-06-12 02:42:00,43.7
2025-06-12 06:45:00,39.1
2025-06-12 18:10:00,9.7
2025-06-12 01:13:00,81.7
2025-06-12 02:15:00,51.8
2025-06-12 14:46:00,94.2
2025-06-12 09:58:00,33.6
2025-06-12 09:00:00,51.4
2025-06-12 20:18:00,4.3
2025-06-12 17:34:00,21.0
2025-06-12 14:12:00,57.5
2025-06-12 14:11:00,29.9
2025-06-12 07:40:00,51.1
2025-06-12 05:45:00,46.6
2025-06-12 12:06:00,37.1
2025-06-12 00:29:00,65.1
2025-06-12 09:27:00,85.9
2025-06-12 22:09:00,97.2
2025-06-12 14:07:00,50.10362276498773
2025-06-12 23:04:00,1.6
2025-06-12 08:43:00,77.9
2025-06-12 04:26:00,25.2
2025-06-12 19:08:00,50.10362276498773
2025-06-12 11:25:00,9.2
2025-06-12 12:22:00,36.8
2025-06-12 19:02:00,10.2
2025-06-12 10:22:00,5.4
2025-06-12 14:44:00,3.7
2025-06-12 00:33:00,70.2
2025-06-12 15:06:00,30.9
2025-06-12 06:15:00,32.8
2025-06-12 08:27:00,74.4
2025-06-12 07:24:00,85.0
2025-06-12 14:13:00,50.10362276498773
2025-06-12 21:58:00,66.2
2025-06-12 03:28:00,70.8
2025-06-12 21:35:00,71.4
2025-06-12 12:16:00,2.3
2025-06-12 18:52:00,10.8
2025-06-12 20:19:00,89.3
2025-06-12 14:58:00,88.5
2025-06-12 06:29:00,35.4
2025-06-12 01:53:00,95.9
2025-06-12 21:41:00,32.5
2025-06-12 02:41:00,50.10362276498773
2025-06-12 02:54:00,26.2
2025-06-12 23:34:00,52.6
2025-06-12 16:16:00,88.6
2025-06-12 05:34:00,2.4
2025-06-12 21:57:00,81.2
2025-06-12 03:42:00,50.10362276498773
2025-06-12 11:44:00,42.0
2025-06-12 21:26:00,17.0
2025-06-12 07:14:00,50.10362276498773
2025-06-12 16:35:00,50.10362276498773
2025-06-12 15:35:00,57.9
2025-06-12 22:01:00,13.9
2025-06-12 09:59:00,4.5
2025-06-12 11:01:00,75.7
2025-06-12 02:59:00,88.9
2025-06-12 09:22:00,50.10362276498773
2025-06-12 07:23:00,50.10362276498773
2025-06-12 15:45:00,96.7
2025-06-12 10:20:00,83.3
2025-06-12 05:50:00,7.5
2025-06-12 16:11:00,98.8
2025-06-12 01:52:00,72.8
2025-06-12 07:56:00,38.9
2025-06-12 15:24:00,49.1
2025-06-12 07:54:00,50.10362276498773
2025-06-12 21:30:00,50.10362276498773
2025-06-12 07:37:00,36.7
2025-06-12 10:53:00,45.9
2025-06-12 15:23:00,16.7
2025-06-12 14:34:00,56.6
2025-06-12 09:31:00,38.1
2025-06-12 04:02:00,50.3
2025-06-12 00:31:00,50.10362276498773
2025-06-12 22:39:00,17.2
2025-06-12 00:52:00,57.3
2025-06-12 11:57:00,6.8
2025-06-12 19:20:00,74.3
2025-06-12 10:52:00,50.10362276498773
2025-06-12 18:16:00,50.10362276498773
2025-06-12 19:07:00,50.10362276498773
2025-06-12 23:53:00,34.9
2025-06-12 03:38:00,31.2
2025-06-12 17:40:00,81.7
2025-06-12 17:54:00,43.4
2025-06-12 22:30:00,5.3
2025-06-12 19:28:00,62.3
2025-06-12 08:05:00,96.1
2025-06-12 11:29:00,16.4
2025-06-12 10:44:00,78.0
2025-06-12 04:13:00,50.10362276498773
2025-06-12 19:52:00,16.5
2025-06-12 17:46:00,49.0
2025-06-12 19:21:00,9.9
2025-06-12 20:15:00,49.7
2025-06-12 19:05:00,43.9
2025-06-12 19:15:00,51.9
2025-06-12 06:51:00,50.10362276498773
2025-06-12 04:38:00,50.10362276498773
2025-06-12 02:26:00,2.9
2025-06-12 01:35:00,44.6
2025-06-12 03:09:00,3.1
2025-06-12 17:25:00,49.2
2025-06-12 22:10:00,15.9
2025-06-12 17:36:00,81.8
2025-06-12 07:06:00,83.3
2025-06-12 00:27:00,32.3
2025-06-12 14:30:00,63.1
2025-06-12 08:26:00,63.0
2025-06-12 09:17:00,50.10362276498773
2025-06-12 05:51:00,50.10362276498773
2025-06-12 20:21:00,50.10362276498773
2025-06-12 08:58:00,19.8
2025-06-12 20:58:00,50.10362276498773
2025-06-12 06:04:00,50.10362276498773
2025-06-12 18:51:00,50.10362276498773
2025-06-12 10:56:00,50.10362276498773
2025-06-12 11:07:00,50.10362276498773
2025-06-12 22:52:00,50.10362276498773
2025-06-12 12:59:00,62.4
2025-06-12 16:14:00,48.6
2025-06-12 20:39:00,11.8
2025-06-12 03:18:00,75.3
2025-06-12 22:35:00,50.10362276498773
2025-06-12 17:37:00,53.0
2025-06-12 20:44:00,59.7
2025-06-12 03:17:00,6.9
2025-06-12 08:00:00,20.0
2025-06-12 21:03:00,38.8
2025-06-12 00:48:00,87.4
2025-06-12 07:42:00,78.8
2025-06-12 12:27:00,84.5
2025-06-12 15:14:00,50.10362276498773
2025-06-12 06:49:00,43.3
2025-06-12 13:10:00,50.10362276498773
2025-06-12 14:39:00,45.7
2025-06-12 05:26:00,29.9
2025-06-12 02:52:00,78.2
2025-06-12 21:29:00,88.3
2025-06-12 07:33:00,50.10362276498773
2025-06-12 04:03:00,50.10362276498773
2025-06-12 19:18:00,6.1
2025-06-12 02:02:00,58.4
2025-06-12 03:57:00,43.4
2025-06-12 10:35:00,47.9
2025-06-12 18:26:00,25.0
2025-06-12 01:18:00,54.9
2025-06-12 19:58:00,98.2
2025-06-12 07:52:00,37.4
2025-06-12 08:56:00,26.6
2025-06-12 11:06:00,37.0
2025-06-12 07:31:00,50.0
2025-06-12 07:05:00,6.7
2025-06-12 20:07:00,45.7
2025-06-12 20:27:00,75.5
2025-06-12 08:02:00,31.2
2025-06-12 00:06:00,54.2
2025-06-12 15:34:00,50.10362276498773
2025-06-12 05:02:00,0.2
2025-06-12 12:43:00,69.6
2025-06-12 00:17:00,53.9
2025-06-12 23:54:00,37.5
2025-06-12 16:47:00,38.4
2025-06-12 16:43:00,5.8
2025-06-12 19:37:00,97.6
2025-06-12 22:47:00,17.8
2025-06-12 15:37:00,79.4
2025-06-12 06:07:00,98.4
2025-06-12 12:19:00,21.8
2025-06-12 16:51:00,43.8
2025-06-12 01:40:00,50.10362276498773
2025-06-12 01:33:00,83.7
2025-06-12 02:44:00,50.10362276498773
2025-06-12 03:44:00,13.6
2025-06-12 13:43:00,71.0
2025-06-12 10:41:00,40.3
2025-06-12 06:08:00,22.3
2025-06-12 02:32:00,71.0
2025-06-12 00:20:00,76.6
2025-06-12 19:54:00,50.10362276498773
2025-06-12 18:40:00,50.10362276498773
2025-06-12 04:40:00,56.4
2025-06-12 20:42:00,59.9
2025-06-12 05:07:00,37.6
2025-06-12 12:57:00,50.10362276498773
2025-06-12 04:51:00,50.10362276498773
2025-06-12 17:58:00,3.7
2025-06-12 07:45:00,44.0
2025-06-12 02:23:00,58.1
2025-06-12 20:33:00,92.4
2025-06-12 00:00:00,61.6
2025-06-12 08:28:00,73.2
2025-06-12 00:35:00,44.3
2025-06-12 13:15:00,10.9
2025-06-12 08:42:00,63.0
2025-06-12 06:30:00,24.1
2025-06-12 16:20:00,83.4
2025-06-12 12:08:00,32.7
2025-06-12 08:11:00,35.3
2025-06-12 07:00:00,72.6
2025-06-12 01:54:00,23.2
2025-06-12 09:28:00,50.10362276498773
2025-06-12 15:11:00,42.3
2025-06-12 08:18:00,72.3
2025-06-12 14:25:00,27.3
2025-06-12 23:57:00,44.0
2025-06-12 20:40:00,97.4
2025-06-12 22:51:00,50.10362276498773
2025-06-12 13:31:00,6.6
2025-06-12 20:22:00,69.3
2025-06-12 18:08:00,84.7
2025-06-12 10:15:00,51.1
2025-06-12 19:34:00,86.0
2025-06-12 16:26:00,51.4
2025-06-12 15:02:00,27.2
2025-06-12 21:49:00,63.0
2025-06-12 17:53:00,73.1
2025-06-12 11:32:00,35.1
2025-06-12 18:24:00,99.2
2025-06-12 11:18:00,62.2
2025-06-12 23:22:00,20.1
2025-06-12 13:11:00,56.7
2025-06-12 19:06:00,34.8
2025-06-12 05:47:00,79.3
2025-06-12 12:03:00,50.10362276498773
2025-06-12 07:57:00,77.8
2025-06-12 15:21:00,60.9
2025-06-12 15:44:00,98.8
2025-06-12 12:18:00,97.0
2025-06-12 19:51:00,13.3
2025-06-12 17:10:00,13.0
2025-06-12 20:13:00,50.10362276498773
2025-06-12 18:29:00,5.9
2025-06-12 05:04:00,43.8
2025-06-12 21:53:00,82.1
2025-06-12 18:14:00,34.6
2025-06-12 13:08:00,78.8
2025-06-12 13:30:00,2.1
2025-06-12 04:11:00,56.6
2025-06-12 06:38:00,93.4
2025-06-12 23:20:00,83.0
2025-06-12 06:22:00,53.3
2025-06-12 03:33:00,40.5
2025-06-12 02:31:00,50.12327810650887
2025-06-12 22:41:00,63.5
2025-06-12 09:16:00,74.3
2025-06-12 02:38:00,4.2
2025-06-12 08:38:00,17.2
2025-06-12 07:23:00,88.7
2025-06-12 10:31:00,75.1
2025-06-12 10:12:00,50.12327810650887
2025-06-12 12:55:00,83.4
2025-06-12 21:52:00,22.0
2025-06-12 03:22:00,50.12327810650887
2025-06-12 17:11:00,50.12327810650887
2025-06-12 19:56:00,50.3
2025-06-12 17:52:00,16.1
2025-06-12 23:05:00,40.7
2025-06-12 18:55:00,15.5
2025-06-12 00:30:00,2.1
2025-06-12 05:47:00,8.5
2025-06-12 08:37:00,13.1
2025-06-12 16:31:00,72.8
2025-06-12 21:59:00,49.3
2025-06-12 13:27:00,50.12327810650887
2025-06-12 03:30:00,14.2
2025-06-12 17:02:00,88.0
2025-06-12 17:47:00,50.12327810650887
2025-06-12 05:17:00,34.3
2025-06-12 05:28:00,69.6
2025-06-12 03:47:00,9.1
2025-06-12 02:18:00,32.8
2025-06-12 14:43:00,50.12327810650887
2025-06-12 23:00:00,17.0
2025-06-12 09:10:00,92.7
2025-06-12 03:32:00,12.8
2025-06-12 07:55:00,52.9
2025-06-12 12:20:00,1.7
2025-06-12 20:37:00,39.1
2025-06-12 05:24:00,27.9
2025-06-12 03:53:00,50.12327810650887
2025-06-12 20:08:00,10.6
2025-06-12 12:31:00,71.9
2025-06-12 18:57:00,9.3
2025-06-12 21:50:00,34.5
2025-06-12 08:14:00,14.6
2025-06-12 08:05:00,67.4
2025-06-12 04:52:00,50.12327810650887
2025-06-12 04:41:00,45.5
2025-06-12 17:08:00,21.4
2025-06-12 11:31:00,90.3
2025-06-12 02:24:00,50.12327810650887
2025-06-12 01:38:00,69.7
2025-06-12 01:12:00,71.4
2025-06-12 18:18:00,5.3
2025-06-12 16:32:00,66.4
2025-06-12 12:39:00,64.2
2025-06-12 23:52:00,37.7
2025-06-12 13:32:00,2.9
2025-06-12 08:57:00,9.2
2025-06-12 23:25:00,56.7
2025-06-12 11:47:00,50.12327810650887
2025-06-12 04:39:00,67.4
2025-06-12 02:43:00,35.2
2025-06-12 17:29:00,36.9
2025-06-12 21:14:00,91.1
2025-06-12 17:32:00,55.3
2025-06-12 23:46:00,16.7
2025-06-12 21:58:00,2.3
2025-06-12 15:18:00,41.1
2025-06-12 08:00:00,48.2
2025-06-12 22:42:00,8.3
2025-06-12 05:22:00,97.5
2025-06-12 14:08:00,50.8
2025-06-12 01:41:00,51.7
2025-06-12 01:48:00,3.5
2025-06-12 06:41:00,50.12327810650887
2025-06-12 15:47:00,77.0
2025-06-12 16:57:00,98.4
2025-06-12 13:25:00,86.3
2025-06-12 10:55:00,84.2
2025-06-12 14:53:00,61.8
2025-06-12 16:26:00,76.6
2025-06-12 06:08:00,38.0
2025-06-12 17:21:00,91.4
2025-06-12 19:24:00,82.5
2025-06-12 02:46:00,24.1
2025-06-12 06:13:00,83.9
2025-06-12 18:14:00,1.6
2025-06-12 04:43:00,35.8
2025-06-12 00:13:00,0.1
2025-06-12 11:36:00,93.5
2025-06-12 11:10:00,52.8
2025-06-12 15:30:00,92.0
2025-06-12 18:21:00,55.2
2025-06-12 05:13:00,54.7
2025-06-12 09:52:00,7.2
2025-06-12 18:34:00,99.1
2025-06-12 10:22:00,89.0
2025-06-12 15:36:00,1.4
2025-06-12 11:55:00,52.8
2025-06-12 11:50:00,64.0
2025-06-12 08:07:00,89.1
2025-06-12 03:35:00,70.7
2025-06-12 04:37:00,90.6
2025-06-12 14:13:00,89.7
2025-06-12 16:14:00,65.4
2025-06-12 03:59:00,50.12327810650887
2025-06-12 09:47:00,10.7
2025-06-12 19:15:00,34.9
2025-06-12 14:25:00,3.0
2025-06-12 02:11:00,49.2
2025-06-12 14:26:00,81.6
2025-06-12 02:37:00,58.5
2025-06-12 10:53:00,16.8
2025-06-12 06:10:00,50.12327810650887
2025-06-12 02:28:00,32.4
2025-06-12 02:29:00,30.1
2025-06-12 08:56:00,0.4
2025-06-12 14:45:00,88.5
2025-06-12 20:03:00,39.6
2025-06-12 10:42:00,93.4
2025-06-12 21:30:00,98.5
2025-06-12 13:45:00,53.9
2025-06-12 21:33:00,69.1
2025-06-12 01:07:00,66.8
2025-06-12 09:34:00,95.9
2025-06-12 22:08:00,7.5
2025-06-12 07:29:00,71.8
2025-06-12 03:41:00,90.0
2025-06-12 11:44:00,11.8
2025-06-12 01:31:00,50.12327810650887
2025-06-12 15:58:00,85.5
2025-06-12 14:38:00,59.9
2025-06-12 16:13:00,24.6
2025-06-12 10:18:00,50.12327810650887
2025-06-12 00:25:00,68.6
2025-06-12 15:52:00,68.0
2025-06-12 04:00:00,38.4
2025-06-12 04:16:00,69.8
2025-06-12 10:46:00,81.6
2025-06-12 15:09:00,50.12327810650887
2025-06-12 14:15:00,13.1
2025-06-12 08:52:00,34.6
2025-06-12 07:46:00,50.12327810650887
2025-06-12 05:38:00,72.8
2025-06-12 00:37:00,76.0
2025-06-12 17:39:00,85.7
2025-06-12 14:24:00,50.12327810650887
2025-06-12 10:23:00,95.0
2025-06-12 01:28:00,0.3
2025-06-12 00:12:00,88.3
2025-06-12 09:31:00,3.6
2025-06-12 06:30:00,16.9
2025-06-12 23:58:00,4.5
2025-06-12 05:33:00,25.9
2025-06-12 15:25:00,77.5
2025-06-12 00:51:00,1.5
2025-06-12 12:56:00,76.2
2025-06-12 17:48:00,70.0
2025-06-12 12:48:00,50.12327810650887
2025-06-12 21:42:00,75.2
2025-06-12 16:04:00,9.8
2025-06-12 14:20:00,35.0
2025-06-12 13:06:00,21.8
2025-06-12 22:49:00,71.8
2025-06-12 03:28:00,50.3
2025-06-12 05:42:00,50.12327810650887
2025-06-12 23:53:00,48.4
2025-06-12 01:20:00,84.7
2025-06-12 10:16:00,67.4
2025-06-12 04:38:00,71.8
2025-06-12 17:14:00,42.8
2025-06-12 03:46:00,49.3
2025-06-12 13:38:00,36.0
2025-06-12 02:02:00,31.8
2025-06-12 21:15:00,90.3
2025-06-12 14:01:00,98.3
2025-06-12 05:50:00,96.7
2025-06-12 10:49:00,60.1
2025-06-12 22:12:00,30.8
2025-06-12 09:08:00,22.8
2025-06-12 10:01:00,48.0
2025-06-12 23:49:00,29.7
2025-06-12 11:18:00,92.8
2025-06-12 04:23:00,20.4
2025-06-12 22:45:00,50.12327810650887
2025-06-12 00:31:00,28.8
2025-06-12 21:44:00,30.6
2025-06-12 21:57:00,0.5
2025-06-12 00:35:00,43.2
2025-06-12 12:13:00,74.4
2025-06-12 21:37:00,88.7
2025-06-12 22:26:00,3.7
2025-06-12 22:22:00,48.1
2025-06-12 06:04:00,53.1
2025-06-12 21:51:00,43.5
2025-06-12 03:18:00,9.2
2025-06-12 20:24:00,50.12327810650887
2025-06-12 15:34:00,57.7
2025-06-12 20:00:00,69.9
2025-06-12 11:45:00,98.1
2025-06-12 10:30:00,73.2
2025-06-12 03:09:00,88.9
2025-06-12 01:17:00,50.12327810650887
2025-06-12 18:46:00,37.2
2025-06-12 01:08:00,33.1
2025-06-12 01:56:00,2.8
2025-06-12 19:17:00,28.3
2025-06-12 10:20:00,95.1
2025-06-12 05:20:00,30.2
2025-06-12 14:17:00,50.12327810650887
2025-06-12 14:52:00,50.12327810650887
2025-06-12 07:22:00,89.9
2025-06-12 22:39:00,39.7
2025-06-12 02:49:00,98.4
2025-06-12 10:25:00,8.1
2025-06-12 11:17:00,5.3
2025-06-12 10:54:00,63.8
2025-06-12 22:17:00,91.1
2025-06-12 07:01:00,80.8
2025-06-12 15:27:00,8.4
2025-06-12 22:43:00,11.0
2025-06-12 00:36:00,67.5
2025-06-12 14:42:00,68.6
2025-06-12 04:29:00,32.2
2025-06-12 23:03:00,91.8
2025-06-12 01:50:00,95.2
2025-06-12 09:50:00,54.0
2025-06-12 06:56:00,66.5
2025-06-12 02:54:00,50.12327810650887
2025-06-12 16:30:00,36.8
2025-06-12 01:52:00,77.6
2025-06-12 17:55:00,70.9
2025-06-12 12:16:00,93.5
2025-06-12 22:01:00,77.7
2025-06-12 09:35:00,35.1
2025-06-12 19:12:00,57.1
2025-06-12 10:56:00,11.4
2025-06-12 02:44:00,41.8
2025-06-12 23:34:00,59.9
2025-06-12 23:14:00,34.5
2025-06-12 10:03:00,53.4
2025-06-12 03:51:00,50.12327810650887
2025-06-12 13:35:00,16.3
2025-06-12 21:05:00,68.2
2025-06-12 20:30:00,29.3
2025-06-12 18:19:00,94.7
2025-06-12 23:08:00,80.9
2025-06-12 09:00:00,68.0
2025-06-12 17:54:00,72.2
2025-06-12 13:33:00,10.1
2025-06-12 09:23:00,39.1
2025-06-12 03:03:00,6.6
2025-06-12 09:59:00,10.9
2025-06-12 11:56:00,86.8
2025-06-12 10:51:00,4.0
2025-06-12 07:30:00,45.5
2025-06-12 16:41:00,50.12327810650887
2025-06-12 23:35:00,50.12327810650887
2025-06-12 12:36:00,46.1
2025-06-12 09:46:00,95.1
2025-06-12 00:01:00,63.7
2025-06-12 07:18:00,54.9
2025-06-12 15:28:00,0.3
2025-06-12 21:55:00,91.9
2025-06-12 17:06:00,50.12327810650887
2025-06-12 20:34:00,50.12327810650887
2025-06-12 09:53:00,29.9
2025-06-12 10:00:00,90.4
2025-06-12 07:00:00,77.9
2025-06-12 22:51:00,66.0
2025-06-12 22:16:00,75.6
2025-06-12 23:33:00,20.5
2025-06-12 21:16:00,10.2
2025-06-12 15:39:00,50.12327810650887
2025-06-12 22:25:00,0.3
2025-06-12 20:17:00,66.1
2025-06-12 09:12:00,18.0
2025-06-12 15:40:00,77.4
2025-06-12 19:34:00,77.9
2025-06-12 14:48:00,49.63956792297757
2025-06-12 02:38:00,14.1
2025-06-12 14:09:00,66.0
2025-06-12 18:30:00,71.3
2025-06-12 23:29:00,32.2
2025-06-12 00:30:00,34.7
2025-06-12 05:00:00,12.8
2025-06-12 22:37:00,97.1
2025-06-12 02:54:00,20.1
2025-06-12 14:39:00,45.8
2025-06-12 22:48:00,73.1
2025-06-12 14:55:00,89.2
2025-06-12 08:28:00,81.3
2025-06-12 23:11:00,90.3
2025-06-12 07:51:00,10.3
2025-06-12 23:50:00,61.3
2025-06-12 18:19:00,22.0
2025-06-12 22:33:00,41.9
2025-06-12 02:45:00,31.2
2025-06-12 17:50:00,24.2
2025-06-12 10:55:00,9.0
2025-06-12 20:55:00,49.63956792297757
2025-06-12 08:13:00,98.4
2025-06-12 04:33:00,97.1
2025-06-12 05:29:00,2.7
2025-06-12 14:42:00,17.3
2025-06-12 18:43:00,10.2
2025-06-12 13:52:00,66.7
2025-06-12 04:35:00,12.4
2025-06-12 21:28:00,49.0
2025-06-12 03:08:00,95.1
2025-06-12 20:35:00,16.4
2025-06-12 07:42:00,19.5
2025-06-12 21:52:00,29.6
2025-06-12 15:26:00,89.1
2025-06-12 03:33:00,83.5
2025-06-12 20:56:00,13.0
2025-06-12 23:45:00,43.3
2025-06-12 05:41:00,50.5
2025-06-12 16:48:00,8.7
2025-06-12 07:16:00,5.6
2025-06-12 16:55:00,45.8
2025-06-12 17:52:00,46.8
2025-06-12 10:57:00,49.63956792297757
2025-06-12 10:38:00,76.6
2025-06-12 17:34:00,63.9
2025-06-12 05:05:00,41.3
2025-06-12 01:42:00,73.8
2025-06-12 00:27:00,84.8
2025-06-12 08:16:00,58.9
2025-06-12 09:11:00,2.1
2025-06-12 02:39:00,19.8
2025-06-12 13:27:00,49.63956792297757
2025-06-12 02:56:00,37.0
2025-06-12 16:14:00,0.7
2025-06-12 00:45:00,20.9
2025-06-12 17:19:00,88.9
2025-06-12 15:19:00,52.3
2025-06-12 05:39:00,55.9
2025-06-12 08:33:00,3.0
2025-06-12 09:00:00,3.1
2025-06-12 19:38:00,16.8
2025-06-12 05:30:00,83.9
2025-06-12 03:43:00,80.3
2025-06-12 07:41:00,47.5
2025-06-12 15:13:00,42.4
2025-06-12 07:25:00,97.6
2025-06-12 00:25:00,12.8
2025-06-12 03:47:00,62.8
2025-06-12 14:51:00,4.5
2025-06-12 13:53:00,27.1
2025-06-12 14:27:00,49.9
2025-06-12 04:58:00,40.2
2025-06-12 20:31:00,47.1
2025-06-12 22:55:00,77.6
2025-06-12 00:21:00,46.6
2025-06-12 13:29:00,80.4
2025-06-12 05:46:00,49.63956792297757
2025-06-12 00:26:00,49.63956792297757
2025-06-12 11:02:00,9.6
2025-06-12 07:15:00,77.0
2025-06-12 21:00:00,70.2
2025-06-12 08:56:00,13.0
2025-06-12 22:24:00,14.3
2025-06-12 13:43:00,82.0
2025-06-12 17:20:00,38.0
2025-06-12 06:12:00,54.0
2025-06-12 23:09:00,34.0
2025-06-12 17:09:00,50.1
2025-06-12 22:42:00,49.63956792297757
2025-06-12 10:31:00,76.7
2025-06-12 13:37:00,24.9
2025-06-12 21:24:00,40.6
2025-06-12 02:13:00,44.3
2025-06-12 18:20:00,3.8
2025-06-12 23:15:00,27.6
2025-06-12 01:46:00,22.8
2025-06-12 13:01:00,49.63956792297757
2025-06-12 12:10:00,72.4
2025-06-12 12:43:00,97.4
2025-06-12 14:23:00,24.5
2025-06-12 03:22:00,93.3
2025-06-12 14:56:00,58.0
2025-06-12 16:15:00,98.0
2025-06-12 13:45:00,38.7
2025-06-12 10:54:00,28.1
2025-06-12 01:52:00,98.0
2025-06-12 14:11:00,99.7
2025-06-12 03:21:00,37.0
2025-06-12 15:21:00,75.2
2025-06-12 09:29:00,38.8
2025-06-12 06:29:00,94.6
2025-06-12 00:04:00,23.1
2025-06-12 21:31:00,18.9
2025-06-12 19:52:00,9.6
2025-06-12 15:08:00,56.0
2025-06-12 02:43:00,8.3
2025-06-12 11:35:00,22.0
2025-06-12 22:05:00,26.0
2025-06-12 13:09:00,49.63956792297757
2025-06-12 04:06:00,62.5
2025-06-12 11:31:00,49.63956792297757
2025-06-12 09:02:00,95.4
2025-06-12 16:53:00,49.63956792297757
2025-06-12 00:43:00,49.63956792297757
2025-06-12 01:50:00,49.63956792297757
2025-06-12 05:54:00,22.2
2025-06-12 16:42:00,80.2
2025-06-12 16:33:00,22.3
2025-06-12 17:23:00,19.5
2025-06-12 10:44:00,62.0
2025-06-12 01:26:00,2.0
2025-06-12 02:27:00,69.1
2025-06-12 12:02:00,49.63956792297757
2025-06-12 18:59:00,43.5
2025-06-12 21:27:00,32.8
2025-06-12 13:38:00,19.9
2025-06-12 18:51:00,53.2
2025-06-12 05:51:00,19.3
2025-06-12 01:08:00,25.3
2025-06-12 21:02:00,97.9
2025-06-12 02:24:00,45.0
2025-06-12 11:26:00,0.5
2025-06-12 18:08:00,69.0
2025-06-12 17:15:00,49.63956792297757
2025-06-12 06:58:00,5.4
2025-06-12 10:22:00,68.0
2025-06-12 14:44:00,79.3
2025-06-12 20:36:00,43.4
2025-06-12 22:36:00,49.63956792297757
2025-06-12 12:38:00,21.2
2025-06-12 16:27:00,12.8
2025-06-12 07:36:00,55.5
2025-06-12 23:59:00,49.63956792297757
2025-06-12 11:39:00,28.2
2025-06-12 11:13:00,66.7
2025-06-12 06:16:00,81.5
2025-06-12 14:58:00,19.5
2025-06-12 20:51:00,71.3
2025-06-12 08:34:00,29.5
2025-06-12 05:50:00,21.0
2025-06-12 10:59:00,54.6
2025-06-12 18:05:00,13.7
2025-06-12 13:00:00,83.5
2025-06-12 19:45:00,61.4
2025-06-12 07:56:00,41.7
2025-06-12 04:45:00,19.3
2025-06-12 16:12:00,92.4
2025-06-12 23:01:00,49.63956792297757
2025-06-12 12:09:00,60.3
2025-06-12 10:24:00,96.8
2025-06-12 19:37:00,92.7
2025-06-12 19:00:00,93.5
2025-06-12 15:06:00,17.0
2025-06-12 11:47:00,82.3
2025-06-12 12:24:00,41.9
2025-06-12 10:04:00,0.0
2025-06-12 23:55:00,49.63956792297757
2025-06-12 05:18:00,57.3
2025-06-12 09:15:00,58.6
2025-06-12 04:04:00,5.5
2025-06-12 13:25:00,58.8
2025-06-12 01:03:00,49.63956792297757
2025-06-12 11:23:00,49.63956792297757
2025-06-12 06:53:00,91.7
2025-06-12 02:37:00,38.2
2025-06-12 05:55:00,85.2
2025-06-12 23:00:00,0.5
2025-06-12 00:33:00,86.6
2025-06-12 04:12:00,16.8
2025-06-12 15:00:00,7.9
2025-06-12 15:52:00,95.8
2025-06-12 09:24:00,97.0
2025-06-12 21:36:00,76.1
2025-06-12 03:52:00,24.6
2025-06-12 01:01:00,81.5
2025-06-12 15:45:00,79.9
2025-06-12 06:18:00,49.63956792297757
2025-06-12 13:51:00,80.3
2025-06-12 06:22:00,77.1
2025-06-12 21:39:00,49.63956792297757
2025-06-12 08:17:00,48.0
2025-06-12 07:02:00,1.2
2025-06-12 06:13:00,58.2
2025-06-12 16:30:00,4.6
2025-06-12 04:54:00,34.3
2025-06-12 04:48:00,38.2
2025-06-12 04:31:00,98.6
2025-06-12 15:12:00,49.63956792297757
2025-06-12 17:45:00,73.9
2025-06-12 08:14:00,15.6
2025-06-12 22:09:00,49.63956792297757
2025-06-12 15:36:00,97.2
2025-06-12 22:23:00,55.2
2025-06-12 09:37:00,28.7
2025-06-12 19:30:00,49.63956792297757
2025-06-12 18:07:00,91.4
2025-06-12 18:58:00,49.63956792297757
2025-06-12 04:00:00,4.7
2025-06-12 02:33:00,16.2
2025-06-12 10:32:00,70.1
2025-06-12 11:14:00,19.5
2025-06-12 23:28:00,87.8
2025-06-12 08:44:00,57.6
2025-06-12 03:56:00,1.6
2025-06-12 09:48:00,69.5
2025-06-12 20:28:00,54.6
2025-06-12 01:04:00,82.9
2025-06-12 20:16:00,30.8
2025-06-12 14:53:00,37.4
2025-06-12 16:07:00,78.6
2025-06-12 01:30:00,77.0
2025-06-12 06:41:00,30.7
2025-06-12 18:55:00,18.2
2025-06-12 18:41:00,8.1
2025-06-12 05:34:00,65.6
2025-06-12 11:11:00,49.63956792297757
2025-06-12 20:44:00,3.7
2025-06-12 01:51:00,49.63956792297757
2025-06-12 05:16:00,69.0
2025-06-12 13:26:00,3.1
2025-06-12 08:43:00,49.63956792297757
2025-06-12 21:05:00,49.63956792297757
2025-06-12 21:47:00,88.0
2025-06-12 19:23:00,5.6
2025-06-12 07:08:00,84.1
2025-06-12 00:12:00,63.7
2025-06-12 07:07:00,93.5
2025-06-12 09:01:00,15.4
2025-06-12 18:17:00,23.6
2025-06-12 03:42:00,56.3
2025-06-12 03:28:00,79.3
2025-06-12 01:59:00,59.0
2025-06-12 05:07:00,60.9
2025-06-12 15:51:00,15.4
2025-06-12 15:49:00,48.2
2025-06-12 13:59:00,31.4
2025-06-12 13:55:00,52.2
2025-06-12 18:33:00,56.8
2025-06-12 03:40:00,49.63956792297757
2025-06-12 12:14:00,3.0
2025-06-12 10:25:00,39.9
2025-06-12 00:23:00,19.8
2025-06-12 23:17:00,10.7
2025-06-12 09:19:00,73.4
2025-06-12 11:49:00,37.6
2025-06-12 12:59:00,49.63956792297757
2025-06-12 23:38:00,57.8
2025-06-12 21:08:00,28.9
2025-06-12 02:59:00,41.3
2025-06-12 03:45:00,64.6
2025-06-12 13:40:00,64.7
2025-06-12 14:37:00,49.8
2025-06-12 12:51:00,88.4
2025-06-12 05:06:00,50.29152382078261
2025-06-12 02:47:00,51.4
2025-06-12 01:20:00,72.9
2025-06-12 16:46:00,82.7
2025-06-12 01:35:00,64.0
2025-06-12 19:38:00,87.2
2025-06-12 15:48:00,20.2
2025-06-12 07:19:00,10.7
2025-06-12 04:11:00,48.2
2025-06-12 19:32:00,66.4
2025-06-12 02:06:00,39.6
2025-06-12 00:33:00,79.9
2025-06-12 02:02:00,55.0
2025-06-12 00:52:00,48.3
2025-06-12 18:01:00,94.8
2025-06-12 18:20:00,77.7
2025-06-12 18:21:00,85.6
2025-06-12 14:34:00,91.0
2025-06-12 11:50:00,5.7
2025-06-12 18:39:00,82.6
2025-06-12 16:56:00,40.7
2025-06-12 03:37:00,10.4
2025-06-12 02:51:00,50.29152382078261
2025-06-12 22:32:00,20.9
2025-06-12 14:19:00,89.8
2025-06-12 11:20:00,80.3
2025-06-12 21:11:00,87.0
2025-06-12 01:51:00,6.7
2025-06-12 20:13:00,8.0
2025-06-12 17:49:00,98.1
2025-06-12 05:40:00,39.4
2025-06-12 13:16:00,73.4
2025-06-12 02:35:00,29.0
2025-06-12 01:49:00,65.9
2025-06-12 14:17:00,50.29152382078261
2025-06-12 00:12:00,59.6
2025-06-12 22:13:00,30.1
2025-06-12 14:48:00,64.7
2025-06-12 18:16:00,34.5
2025-06-12 03:51:00,32.9
2025-06-12 22:52:00,43.6
2025-06-12 19:24:00,46.9
2025-06-12 13:45:00,50.29152382078261
2025-06-12 17:43:00,91.9
2025-06-12 19:12:00,50.29152382078261
2025-06-12 06:11:00,35.1
2025-06-12 15:39:00,67.6
2025-06-12 09:47:00,3.9
2025-06-12 00:19:00,26.0
2025-06-12 13:53:00,65.3
2025-06-12 12:37:00,2.9
2025-06-12 04:21:00,90.0
2025-06-12 15:41:00,99.9
2025-06-12 10:32:00,24.0
2025-06-12 16:07:00,42.3
2025-06-12 23:58:00,15.5
2025-06-12 09:35:00,71.6
2025-06-12 13:46:00,59.7
2025-06-12 21:16:00,64.3
2025-06-12 16:53:00,69.2
2025-06-12 09:55:00,37.8
2025-06-12 20:33:00,22.8
2025-06-12 07:11:00,91.6
2025-06-12 01:43:00,62.1
2025-06-12 10:33:00,96.3
2025-06-12 10:26:00,0.7
2025-06-12 17:12:00,98.9
2025-06-12 15:00:00,91.2
2025-06-12 15:11:00,79.6
2025-06-12 12:07:00,62.6
2025-06-12 20:24:00,86.9
2025-06-12 00:05:00,70.1
2025-06-12 22:07:00,50.29152382078261
2025-06-12 18:27:00,45.1
2025-06-12 09:26:00,50.29152382078261
2025-06-12 11:25:00,26.8
2025-06-12 01:33:00,83.2
2025-06-12 14:30:00,50.29152382078261
2025-06-12 07:27:00,61.6
2025-06-12 14:09:00,50.29152382078261
2025-06-12 06:38:00,50.29152382078261
2025-06-12 04:53:00,15.8
2025-06-12 05:09:00,70.7
2025-06-12 22:15:00,50.29152382078261
2025-06-12 10:20:00,9.0
2025-06-12 17:54:00,7.0
2025-06-12 03:42:00,43.6
2025-06-12 09:45:00,9.8
2025-06-12 15:40:00,66.6
2025-06-12 02:52:00,50.29152382078261
2025-06-12 07:15:00,71.8
2025-06-12 07:50:00,50.29152382078261
2025-06-12 00:06:00,67.8
2025-06-12 02:23:00,31.5
2025-06-12 19:22:00,72.0
2025-06-12 16:27:00,30.0
2025-06-12 19:06:00,51.6
2025-06-12 15:30:00,98.3
2025-06-12 05:07:00,50.29152382078261
2025-06-12 03:41:00,21.7
2025-06-12 09:59:00,30.4
2025-06-12 04:39:00,50.29152382078261
2025-06-12 12:14:00,84.8
2025-06-12 11:26:00,50.29152382078261
2025-06-12 13:08:00,74.7
2025-06-12 07:06:00,52.4
2025-06-12 06:00:00,41.8
2025-06-12 04:10:00,60.6
2025-06-12 03:28:00,30.9
2025-06-12 02:30:00,47.4
2025-06-12 18:09:00,23.2
2025-06-12 13:09:00,61.1
2025-06-12 07:57:00,42.7
2025-06-12 22:16:00,93.4
2025-06-12 00:40:00,14.4
2025-06-12 12:48:00,19.4
2025-06-12 20:02:00,93.7
2025-06-12 17:33:00,78.2
2025-06-12 04:05:00,44.3
2025-06-12 12:25:00,64.6
2025-06-12 00:43:00,50.29152382078261
2025-06-12 21:13:00,27.4
2025-06-12 10:07:00,46.3
2025-06-12 21:07:00,45.4
2025-06-12 14:04:00,91.0
2025-06-12 18:17:00,50.29152382078261
2025-06-12 20:48:00,4.8
2025-06-12 18:19:00,37.9
2025-06-12 00:25:00,59.7
2025-06-12 08:55:00,50.0
2025-06-12 21:32:00,67.5
2025-06-12 09:17:00,50.29152382078261
2025-06-12 05:22:00,62.5
2025-06-12 09:37:00,19.6
2025-06-12 13:01:00,63.1
2025-06-12 21:10:00,10.2
2025-06-12 02:42:00,6.2
2025-06-12 07:18:00,50.29152382078261
2025-06-12 01:36:00,50.29152382078261
2025-06-12 02:11:00,47.3
2025-06-12 22:10:00,50.29152382078261
2025-06-12 19:37:00,52.0
2025-06-12 14:08:00,29.3
2025-06-12 01:47:00,10.3
2025-06-12 23:29:00,1.9
2025-06-12 09:58:00,44.5
2025-06-12 09:09:00,50.29152382078261
2025-06-12 03:46:00,66.6
2025-06-12 23:04:00,65.9
2025-06-12 20:25:00,63.4
2025-06-12 17:31:00,20.8
2025-06-12 17:03:00,47.2
2025-06-12 04:22:00,30.4
2025-06-12 10:39:00,34.8
2025-06-12 17:57:00,13.8
2025-06-12 01:27:00,50.29152382078261
2025-06-12 18:52:00,50.29152382078261
2025-06-12 02:07:00,25.9
2025-06-12 06:30:00,88.4
2025-06-12 01:38:00,99.3
2025-06-12 11:51:00,74.6
2025-06-12 21:36:00,32.3
2025-06-12 21:24:00,23.8
2025-06-12 02:59:00,65.2
2025-06-12 12:39:00,56.5
2025-06-12 10:22:00,3.0
2025-06-12 12:08:00,27.8
2025-06-12 21:27:00,69.6
2025-06-12 11:47:00,50.29152382078261
2025-06-12 00:20:00,50.29152382078261
2025-06-12 12:32:00,38.9
2025-06-12 20:58:00,62.1
2025-06-12 00:56:00,89.8
2025-06-12 03:24:00,50.29152382078261
2025-06-12 02:54:00,62.2
2025-06-12 19:48:00,46.4
2025-06-12 04:34:00,50.29152382078261
2025-06-12 13:17:00,50.29152382078261
2025-06-12 02:04:00,65.7
2025-06-12 14:24:00,62.2
2025-06-12 23:09:00,2.7
2025-06-12 23:26:00,33.0
2025-06-12 19:33:00,67.2
2025-06-12 08:43:00,50.29152382078261
2025-06-12 13:14:00,21.7
2025-06-12 09:15:00,11.0
2025-06-12 12:22:00,52.4
2025-06-12 14:11:00,50.29152382078261
2025-06-12 13:30:00,49.8
2025-06-12 19:57:00,50.29152382078261
2025-06-12 22:42:00,1.5
2025-06-12 03:30:00,36.6
2025-06-12 10:31:00,32.9
2025-06-12 07:10:00,64.8
2025-06-12 13:59:00,48.9
2025-06-12 12:28:00,62.0
2025-06-12 22:26:00,50.29152382078261
2025-06-12 22:55:00,62.3
2025-06-12 05:50:00,25.3
2025-06-12 20:45:00,20.9
2025-06-12 09:20:00,29.9
2025-06-12 11:55:00,88.6
2025-06-12 04:33:00,46.7
2025-06-12 09:57:00,35.1
2025-06-12 23:35:00,21.7
2025-06-12 10:06:00,74.0
2025-06-12 04:47:00,17.8
2025-06-12 10:05:00,76.4
2025-06-12 07:33:00,97.7
2025-06-12 08:14:00,50.29152382078261
2025-06-12 05:27:00,32.1
2025-06-12 22:59:00,50.29152382078261
2025-06-12 12:23:00,2.7
2025-06-12 09:56:00,51.1
2025-06-12 03:20:00,28.3
2025-06-12 03:26:00,11.1
2025-06-12 05:04:00,50.29152382078261
2025-06-12 07:40:00,30.0
2025-06-12 22:33:00,24.9
2025-06-12 04:14:00,50.29152382078261
2025-06-12 15:53:00,8.3
2025-06-12 03:01:00,53.3
2025-06-12 00:55:00,49.1
2025-06-12 03:44:00,65.0
2025-06-12 05:21:00,43.1
2025-06-12 10:14:00,44.6
2025-06-12 01:10:00,66.2
2025-06-12 23:01:00,29.3
2025-06-12 04:56:00,50.29152382078261
2025-06-12 16:37:00,17.4
2025-06-12 03:10:00,8.7
2025-06-12 14:10:00,22.9
2025-06-12 23:59:00,74.8
2025-06-12 19:34:00,97.8
2025-06-12 12:50:00,77.7
2025-06-12 00:09:00,50.29152382078261
2025-06-12 06:52:00,17.8
2025-06-12 09:52:00,7.7
2025-06-12 05:57:00,90.4
2025-06-12 19:23:00,50.29152382078261
2025-06-12 17:22:00,22.3
2025-06-12 22:54:00,81.0
2025-06-12 01:56:00,78.5
2025-06-12 11:00:00,8.5
2025-06-12 17:05:00,17.1
2025-06-12 18:12:00,25.3
2025-06-12 11:49:00,80.4
2025-06-12 01:59:00,67.9
2025-06-12 18:33:00,50.29152382078261
2025-06-12 22:58:00,61.9
2025-06-12 00:54:00,49.0
2025-06-12 17:37:00,33.7
2025-06-12 21:59:00,45.4
2025-06-12 23:47:00,45.9
2025-06-12 15:49:00,52.5
2025-06-12 07:20:00,50.29152382078261
2025-06-12 08:16:00,50.29152382078261
2025-06-12 18:04:00,99.4
2025-06-12 14:55:00,50.29152382078261
2025-06-12 02:37:00,85.8
2025-06-12 18:30:00,35.0
2025-06-12 03:09:00,20.1
2025-06-12 15:34:00,10.2
2025-06-12 02:03:00,72.3
2025-06-12 10:13:00,93.8
2025-06-12 00:02:00,50.29152382078261
2025-06-12 05:08:00,95.8
2025-06-12 11:13:00,63.1
2025-06-12 23:32:00,81.1
2025-06-12 12:41:00,48.0
2025-06-12 17:44:00,92.5
2025-06-12 06:12:00,15.9
2025-06-12 01:21:00,19.2
2025-06-12 15:56:00,52.1
2025-06-12 18:59:00,40.1
2025-06-12 07:16:00,62.5
2025-06-12 20:11:00,53.0
2025-06-12 01:34:00,99.9
2025-06-12 03:13:00,62.0
2025-06-12 12:16:00,60.3
2025-06-12 17:36:00,25.4
2025-06-12 09:10:00,90.2
2025-06-12 05:49:00,63.9
2025-06-12 07:54:00,1.9
2025-06-12 08:03:00,6.1
2025-06-12 20:00:00,50.29152382078261
2025-06-12 19:15:00,97.7
2025-06-12 07:14:00,73.5
2025-06-12 05:10:00,58.9
2025-06-12 14:07:00,19.0
2025-06-12 15:14:00,50.29152382078261
2025-06-12 18:55:00,81.3
2025-06-12 19:51:00,12.2
2025-06-12 06:04:00,50.15830883217688
2025-06-12 18:43:00,92.7
2025-06-12 14:58:00,2.2
2025-06-12 19:42:00,80.5
2025-06-12 12:01:00,45.4
2025-06-12 07:25:00,15.7
2025-06-12 02:08:00,51.5
2025-06-12 17:31:00,3.7
2025-06-12 07:43:00,27.7
2025-06-12 22:12:00,13.3
2025-06-12 06:26:00,97.1
2025-06-12 04:18:00,77.3
2025-06-12 12:13:00,36.1
2025-06-12 21:20:00,38.6
2025-06-12 04:30:00,50.15830883217688
2025-06-12 05:10:00,1.3
2025-06-12 12:22:00,14.3
2025-06-12 01:56:00,41.1
2025-06-12 08:52:00,16.9
2025-06-12 02:58:00,50.15830883217688
2025-06-12 05:36:00,39.3
2025-06-12 00:40:00,42.6
2025-06-12 02:13:00,78.1
2025-06-12 19:02:00,50.15830883217688
2025-06-12 23:22:00,50.15830883217688
2025-06-12 03:16:00,88.0
2025-06-12 14:13:00,13.0
2025-06-12 00:51:00,9.5
2025-06-12 09:50:00,77.8
2025-06-12 21:43:00,93.4
2025-06-12 08:48:00,50.15830883217688
2025-06-12 09:59:00,18.6
2025-06-12 05:32:00,41.0
2025-06-12 14:16:00,97.0
2025-06-12 05:45:00,50.15830883217688
2025-06-12 01:08:00,82.5
2025-06-12 11:18:00,92.6
2025-06-12 18:33:00,97.5
2025-06-12 09:54:00,50.15830883217688
2025-06-12 05:21:00,20.2
2025-06-12 14:33:00,81.9
2025-06-12 18:44:00,99.1
2025-06-12 07:07:00,89.1
2025-06-12 09:57:00,58.8
2025-06-12 23:27:00,50.15830883217688
2025-06-12 12:32:00,32.2
2025-06-12 03:36:00,61.3
2025-06-12 13:12:00,45.5
2025-06-12 06:25:00,50.15830883217688
2025-06-12 20:50:00,38.4
2025-06-12 20:45:00,50.15830883217688
2025-06-12 22:10:00,49.9
2025-06-12 22:16:00,30.9
2025-06-12 09:40:00,86.0
2025-06-12 02:31:00,64.6
2025-06-12 08:00:00,50.15830883217688
2025-06-12 19:12:00,46.1
2025-06-12 18:27:00,50.15830883217688
2025-06-12 08:03:00,80.5
2025-06-12 18:23:00,51.3
2025-06-12 18:15:00,75.9
2025-06-12 05:09:00,3.3
2025-06-12 17:39:00,38.9
2025-06-12 12:24:00,21.4
2025-06-12 03:51:00,50.15830883217688
2025-06-12 00:38:00,50.15830883217688
2025-06-12 07:13:00,14.9
2025-06-12 10:12:00,66.1
2025-06-12 15:33:00,50.3
2025-06-12 07:22:00,47.0
2025-06-12 01:04:00,78.0
2025-06-12 02:07:00,20.1
2025-06-12 06:21:00,45.8
2025-06-12 04:07:00,3.9
2025-06-12 14:53:00,16.8
2025-06-12 23:39:00,74.7
2025-06-12 08:26:00,63.8
2025-06-12 02:42:00,59.2
2025-06-12 06:53:00,54.9
2025-06-12 16:42:00,72.1
2025-06-12 12:17:00,50.15830883217688
2025-06-12 19:01:00,37.4
2025-06-12 06:40:00,62.4
2025-06-12 07:42:00,12.0
2025-06-12 18:07:00,0.6
2025-06-12 16:51:00,90.6
2025-06-12 04:23:00,45.8
2025-06-12 04:04:00,99.9
2025-06-12 22:59:00,97.5
2025-06-12 05:18:00,28.4
2025-06-12 17:12:00,61.7
2025-06-12 18:47:00,89.4
2025-06-12 18:51:00,93.9
2025-06-12 19:18:00,99.0
2025-06-12 05:48:00,71.1
2025-06-12 06:16:00,50.15830883217688
2025-06-12 05:22:00,50.15830883217688
2025-06-12 05:54:00,37.3
2025-06-12 18:10:00,8.6
2025-06-12 12:33:00,6.2
2025-06-12 21:25:00,19.9
2025-06-12 10:57:00,50.15830883217688
2025-06-12 22:20:00,44.5
2025-06-12 12:50:00,33.6
2025-06-12 00:11:00,47.2
2025-06-12 04:45:00,74.4
2025-06-12 13:55:00,4.5
2025-06-12 06:28:00,66.8
2025-06-12 03:10:00,10.3
2025-06-12 23:28:00,75.7
2025-06-12 04:58:00,59.4
2025-06-12 03:41:00,79.7
2025-06-12 21:08:00,58.0
2025-06-12 20:42:00,28.6
2025-06-12 21:04:00,50.15830883217688
2025-06-12 13:35:00,34.0
2025-06-12 04:10:00,55.2
2025-06-12 13:16:00,8.4
2025-06-12 07:20:00,43.1
2025-06-12 18:06:00,66.5
2025-06-12 07:14:00,65.5
2025-06-12 13:47:00,28.7
2025-06-12 03:01:00,51.8
2025-06-12 21:50:00,7.9
2025-06-12 07:28:00,97.7
2025-06-12 07:00:00,15.9
2025-06-12 23:51:00,1.3
2025-06-12 06:45:00,8.0
2025-06-12 11:31:00,61.8
2025-06-12 01:10:00,5.6
2025-06-12 05:42:00,6.1
2025-06-12 16:39:00,48.3
2025-06-12 21:58:00,30.6
2025-06-12 17:36:00,95.8
2025-06-12 09:30:00,36.7
2025-06-12 20:49:00,55.7
2025-06-12 09:32:00,50.15830883217688
2025-06-12 00:28:00,50.15830883217688
2025-06-12 10:29:00,24.6
2025-06-12 16:46:00,67.8
2025-06-12 07:16:00,50.15830883217688
2025-06-12 03:05:00,42.7
2025-06-12 16:08:00,90.8
2025-06-12 02:22:00,24.2
2025-06-12 00:13:00,56.2
2025-06-12 07:56:00,38.5
2025-06-12 22:50:00,85.0
2025-06-12 23:36:00,92.8
2025-06-12 01:35:00,32.3
2025-06-12 09:29:00,84.9
2025-06-12 16:20:00,15.5
2025-06-12 11:39:00,46.7
2025-06-12 23:05:00,81.7
2025-06-12 10:48:00,50.15830883217688
2025-06-12 07:17:00,29.5
2025-06-12 00:21:00,62.4
2025-06-12 17:18:00,79.7
2025-06-12 17:33:00,90.8
2025-06-12 10:14:00,3.2
2025-06-12 17:00:00,8.8
2025-06-12 07:46:00,74.6
2025-06-12 05:15:00,33.4
2025-06-12 15:08:00,60.7
2025-06-12 00:18:00,95.0
2025-06-12 13:11:00,49.3
2025-06-12 19:23:00,50.15830883217688
2025-06-12 17:28:00,44.9
2025-06-12 16:15:00,25.8
2025-06-12 06:55:00,96.6
2025-06-12 00:29:00,59.5
2025-06-12 21:32:00,50.15830883217688
2025-06-12 22:39:00,77.9
2025-06-12 01:32:00,83.5
2025-06-12 15:16:00,97.0
2025-06-12 04:06:00,14.3
2025-06-12 20:56:00,86.7
2025-06-12 14:00:00,84.5
2025-06-12 08:39:00,58.1
2025-06-12 23:49:00,29.2
2025-06-12 07:24:00,92.2
2025-06-12 20:48:00,54.5
2025-06-12 17:05:00,98.8
2025-06-12 19:17:00,12.3
2025-06-12 20:18:00,50.15830883217688
2025-06-12 17:19:00,50.15830883217688
2025-06-12 18:36:00,22.0
2025-06-12 08:49:00,43.4
2025-06-12 18:45:00,48.1
2025-06-12 00:50:00,79.5
2025-06-12 10:23:00,41.1
2025-06-12 14:19:00,71.0
2025-06-12 01:18:00,55.1
2025-06-12 17:35:00,50.15830883217688
2025-06-12 19:56:00,57.2
2025-06-12 22:52:00,92.8
2025-06-12 06:42:00,84.5
2025-06-12 20:28:00,84.2
2025-06-12 04:28:00,25.8
2025-06-12 05:07:00,50.15830883217688
2025-06-12 16:02:00,43.5
2025-06-12 10:32:00,74.3
2025-06-12 12:56:00,9.7
2025-06-12 11:11:00,2.9
2025-06-12 08:15:00,70.0
2025-06-12 06:13:00,50.15830883217688
2025-06-12 09:51:00,78.8
2025-06-12 19:55:00,59.5
2025-06-12 01:46:00,90.1
2025-06-12 01:44:00,46.2
2025-06-12 11:57:00,39.2
2025-06-12 23:29:00,6.6
2025-06-12 20:43:00,39.8
2025-06-12 03:06:00,50.15830883217688
2025-06-12 12:59:00,8.4
2025-06-12 03:20:00,69.2
2025-06-12 12:16:00,50.15830883217688
2025-06-12 05:28:00,86.4
2025-06-12 07:59:00,90.7
2025-06-12 22:28:00,64.9
2025-06-12 21:52:00,66.7
2025-06-12 03:38:00,54.0
2025-06-12 21:10:00,1.3
2025-06-12 00:33:00,43.6
2025-06-12 19:31:00,59.0
2025-06-12 03:46:00,50.15830883217688
2025-06-12 22:47:00,48.5
2025-06-12 17:14:00,83.4
2025-06-12 08:18:00,61.7
2025-06-12 20:35:00,6.5
2025-06-12 06:18:00,80.5
2025-06-12 09:18:00,86.3
2025-06-12 09:05:00,37.2
2025-06-12 21:28:00,39.2
2025-06-12 13:57:00,40.0
2025-06-12 21:18:00,75.4
2025-06-12 14:50:00,98.8
2025-06-12 17:03:00,56.9
2025-06-12 19:33:00,72.5
2025-06-12 01:06:00,37.6
2025-06-12 04:56:00,50.15830883217688
2025-06-12 11:16:00,50.15830883217688
2025-06-12 22:05:00,30.0
2025-06-12 11:33:00,69.3
2025-06-12 03:34:00,32.8
2025-06-12 16:17:00,16.6
2025-06-12 13:31:00,50.15830883217688
2025-06-12 05:44:00,12.8
2025-06-12 08:58:00,28.3
2025-06-12 17:52:00,66.4
2025-06-12 19:35:00,27.1
2025-06-12 04:14:00,97.5
2025-06-12 03:23:00,85.2
2025-06-12 19:03:00,4.7
2025-06-12 06:12:00,50.15830883217688
2025-06-12 07:09:00,81.9
2025-06-12 06:09:00,86.8
2025-06-12 01:30:00,17.4
2025-06-12 15:42:00,50.15830883217688
2025-06-12 12:03:00,59.8
2025-06-12 11:43:00,50.15830883217688
2025-06-12 05:27:00,25.2
2025-06-12 10:03:00,70.5
2025-06-12 13:37:00,85.5
2025-06-12 08:55:00,97.2
2025-06-12 10:09:00,22.4
2025-06-12 19:45:00,8.3
2025-06-12 11:07:00,50.15830883217688
2025-06-12 15:15:00,82.9
2025-06-12 06:44:00,61.0
2025-06-12 15:32:00,75.3
2025-06-12 19:38:00,69.4
2025-06-12 03:17:00,42.9
2025-06-12 00:44:00,45.2
2025-06-12 13:54:00,50.15830883217688
2025-06-12 01:07:00,92.1
2025-06-12 09:04:00,83.2
2025-06-12 03:12:00,89.1
2025-06-12 06:05:00,40.7
2025-06-12 19:19:00,68.8
2025-06-12 05:57:00,92.9
2025-06-12 06:46:00,50.15830883217688
2025-06-12 08:10:00,94.9
2025-06-12 08:36:00,81.2
2025-06-12 21:41:00,42.3
2025-06-12 23:53:00,46.9
2025-06-12 09:27:00,16.9
2025-06-12 19:13:00,52.2
2025-06-12 05:59:00,85.0
2025-06-12 07:21:00,29.6
2025-06-12 09:11:00,15.9
2025-06-12 20:36:00,12.8
2025-06-12 06:19:00,76.9
2025-06-12 00:42:00,63.4
2025-06-12 03:22:00,98.4
2025-06-12 14:02:00,32.1
2025-06-12 10:06:00,3.4
2025-06-12 18:39:00,51.2
2025-06-12 13:06:00,36.5
2025-06-12 21:22:00,61.6
2025-06-12 02:30:00,31.5
2025-06-12 10:44:00,68.5
2025-06-12 02:12:00,4.6
2025-06-12 13:43:00,50.5
2025-06-12 03:18:00,50.8
2025-06-12 08:57:00,75.9
2025-06-12 07:11:00,19.9
2025-06-12 22:45:00,20.9
2025-06-12 14:51:00,83.4
2025-06-12 13:17:00,50.05645730416373
2025-06-12 18:18:00,47.7
2025-06-12 10:43:00,52.3
2025-06-12 01:47:00,36.0
2025-06-12 10:14:00,62.1
2025-06-12 09:55:00,50.05645730416373
2025-06-12 07:00:00,40.3
2025-06-12 14:13:00,1.5
2025-06-12 11:30:00,25.3
2025-06-12 08:54:00,80.8
2025-06-12 17:34:00,80.2
2025-06-12 22:40:00,64.2
2025-06-12 06:13:00,88.4
2025-06-12 03:56:00,41.7
2025-06-12 02:16:00,17.3
2025-06-12 04:16:00,47.6
2025-06-12 21:14:00,7.9
2025-06-12 07:05:00,50.05645730416373
2025-06-12 01:50:00,41.1
2025-06-12 23:32:00,9.2
2025-06-12 11:52:00,28.0
2025-06-12 23:50:00,47.1
2025-06-12 15:22:00,3.9
2025-06-12 16:00:00,87.0
2025-06-12 00:44:00,73.7
2025-06-12 16:10:00,72.3
2025-06-12 14:14:00,5.2
2025-06-12 19:45:00,55.2
2025-06-12 02:54:00,50.05645730416373
2025-06-12 22:42:00,81.9
2025-06-12 12:02:00,50.05645730416373
2025-06-12 18:55:00,50.05645730416373
2025-06-12 18:44:00,50.9
2025-06-12 02:50:00,25.6
2025-06-12 10:27:00,50.05645730416373
2025-06-12 10:45:00,58.5
2025-06-12 15:17:00,36.6
2025-06-12 08:28:00,17.8
2025-06-12 11:45:00,45.4
2025-06-12 03:12:00,42.9
2025-06-12 23:58:00,50.05645730416373
2025-06-12 22:56:00,64.3
2025-06-12 22:08:00,31.8
2025-06-12 20:29:00,50.05645730416373
2025-06-12 06:22:00,85.3
2025-06-12 00:47:00,37.4
2025-06-12 00:35:00,79.9
2025-06-12 14:30:00,47.9
2025-06-12 21:49:00,69.3
2025-06-12 20:49:00,50.05645730416373
2025-06-12 14:47:00,68.6
2025-06-12 23:07:00,17.7
2025-06-12 06:52:00,59.1
2025-06-12 19:24:00,75.8
2025-06-12 02:09:00,68.1
2025-06-12 12:27:00,58.4
2025-06-12 20:22:00,50.05645730416373
2025-06-12 06:17:00,50.05645730416373
2025-06-12 20:32:00,56.9
2025-06-12 17:01:00,85.7
2025-06-12 04:06:00,19.9
2025-06-12 12:23:00,41.1
2025-06-12 06:39:00,57.0
2025-06-12 03:51:00,44.6
2025-06-12 13:08:00,73.1
2025-06-12 04:37:00,90.5
2025-06-12 04:25:00,30.6
2025-06-12 11:03:00,26.9
2025-06-12 03:21:00,76.1
2025-06-12 22:24:00,69.7
2025-06-12 03:09:00,83.9
2025-06-12 22:20:00,30.9
2025-06-12 12:04:00,22.5
2025-06-12 22:15:00,28.7
2025-06-12 23:30:00,80.1
2025-06-12 22:01:00,93.3
2025-06-12 21:06:00,50.05645730416373
2025-06-12 01:33:00,17.5
2025-06-12 04:48:00,47.1
2025-06-12 19:34:00,99.7
2025-06-12 18:17:00,39.3
2025-06-12 11:25:00,24.8
2025-06-12 14:42:00,97.3
2025-06-12 03:11:00,39.1
2025-06-12 16:29:00,50.05645730416373
2025-06-12 06:33:00,50.05645730416373
2025-06-12 22:09:00,50.05645730416373
2025-06-12 18:16:00,94.8
2025-06-12 03:16:00,60.1
2025-06-12 16:36:00,31.6
2025-06-12 18:32:00,95.5
2025-06-12 17:30:00,60.3
2025-06-12 22:29:00,64.7
2025-06-12 09:17:00,25.1
2025-06-12 11:59:00,50.05645730416373
2025-06-12 10:26:00,26.4
2025-06-12 16:40:00,76.3
2025-06-12 09:07:00,80.2
2025-06-12 12:06:00,19.2
2025-06-12 18:47:00,22.2
2025-06-12 11:11:00,43.6
2025-06-12 04:07:00,73.9
2025-06-12 17:40:00,95.8
2025-06-12 08:37:00,93.6
2025-06-12 01:11:00,43.6
2025-06-12 21:34:00,60.1
2025-06-12 16:20:00,23.2
2025-06-12 12:52:00,5.3
2025-06-12 17:38:00,12.7
2025-06-12 14:44:00,49.5
2025-06-12 13:14:00,50.05645730416373
2025-06-12 08:16:00,86.4
2025-06-12 13:28:00,20.4
2025-06-12 05:41:00,13.8
2025-06-12 08:17:00,51.2
2025-06-12 03:20:00,72.6
2025-06-12 14:57:00,50.05645730416373
2025-06-12 05:37:00,37.0
2025-06-12 15:53:00,64.5
2025-06-12 11:01:00,2.8
2025-06-12 07:10:00,47.0
2025-06-12 11:43:00,93.3
2025-06-12 20:31:00,91.6
2025-06-12 09:56:00,13.4
2025-06-12 05:58:00,95.3
2025-06-12 14:20:00,50.05645730416373
2025-06-12 01:38:00,6.6
2025-06-12 05:17:00,56.3
2025-06-12 02:44:00,92.7
2025-06-12 08:43:00,49.2
2025-06-12 19:17:00,55.5
2025-06-12 23:23:00,97.4
2025-06-12 13:35:00,11.6
2025-06-12 23:13:00,87.8
2025-06-12 16:39:00,15.8
2025-06-12 02:34:00,61.3
2025-06-12 07:25:00,51.6
2025-06-12 12:49:00,21.9
2025-06-12 08:21:00,29.2
2025-06-12 18:58:00,11.3
2025-06-12 07:38:00,47.9
2025-06-12 15:39:00,9.5
2025-06-12 07:45:00,7.9
2025-06-12 03:01:00,16.4
2025-06-12 18:00:00,59.3
2025-06-12 14:03:00,16.5
2025-06-12 12:39:00,28.2
2025-06-12 01:13:00,50.05645730416373
2025-06-12 04:33:00,50.05645730416373
2025-06-12 04:13:00,89.7
2025-06-12 06:29:00,32.8
2025-06-12 14:23:00,20.3
2025-06-12 02:31:00,50.05645730416373
2025-06-12 07:04:00,68.8
2025-06-12 06:35:00,33.6
2025-06-12 16:19:00,85.4
2025-06-12 08:30:00,50.05645730416373
2025-06-12 10:00:00,77.8
2025-06-12 04:40:00,50.05645730416373
2025-06-12 21:05:00,15.9
2025-06-12 15:59:00,92.1
2025-06-12 01:42:00,87.2
2025-06-12 01:56:00,60.1
2025-06-12 20:13:00,31.1
2025-06-12 13:21:00,63.3
2025-06-12 21:33:00,5.1
2025-06-12 00:07:00,38.8
2025-06-12 19:42:00,50.05645730416373
2025-06-12 01:21:00,31.6
2025-06-12 08:42:00,28.7
2025-06-12 18:43:00,35.9
2025-06-12 09:48:00,49.7
2025-06-12 19:00:00,43.5
2025-06-12 15:18:00,50.05645730416373
2025-06-12 07:54:00,50.05645730416373
2025-06-12 19:23:00,35.4
2025-06-12 11:26:00,12.4
2025-06-12 03:14:00,21.6
2025-06-12 05:16:00,71.8
2025-06-12 21:47:00,74.7
2025-06-12 14:08:00,50.05645730416373
2025-06-12 22:50:00,38.4
2025-06-12 22:07:00,80.3
2025-06-12 18:41:00,1.9
2025-06-12 15:51:00,50.05645730416373
2025-06-12 15:52:00,69.5
2025-06-12 19:26:00,50.05645730416373
2025-06-12 08:22:00,68.0
2025-06-12 16:41:00,50.05645730416373
2025-06-12 00:52:00,2.8
2025-06-12 00:22:00,50.05645730416373
2025-06-12 09:16:00,83.5
2025-06-12 04:11:00,97.0
2025-06-12 09:35:00,27.4
2025-06-12 01:15:00,35.3
2025-06-12 09:37:00,71.5
2025-06-12 00:10:00,76.5
2025-06-12 06:58:00,90.1
2025-06-12 11:41:00,58.3
2025-06-12 20:53:00,0.7
2025-06-12 05:19:00,18.9
2025-06-12 16:54:00,50.05645730416373
2025-06-12 11:37:00,27.3
2025-06-12 14:28:00,50.05645730416373
2025-06-12 21:19:00,67.6
2025-06-12 19:21:00,46.6
2025-06-12 06:28:00,37.3
2025-06-12 01:48:00,67.8
2025-06-12 03:50:00,50.05645730416373
2025-06-12 21:04:00,98.1
2025-06-12 18:56:00,73.2
2025-06-12 21:43:00,58.7
2025-06-12 18:21:00,32.7
2025-06-12 13:15:00,61.5
2025-06-12 23:41:00,21.4
2025-06-12 05:51:00,16.5
2025-06-12 06:20:00,87.4
2025-06-12 13:05:00,56.6
2025-06-12 00:23:00,27.6
2025-06-12 18:39:00,56.5
2025-06-12 18:28:00,91.5
2025-06-12 02:57:00,50.05645730416373
2025-06-12 07:16:00,86.9
2025-06-12 00:14:00,4.7
2025-06-12 21:22:00,48.2
2025-06-12 04:08:00,18.3
2025-06-12 18:11:00,8.6
2025-06-12 10:38:00,1.2
2025-06-12 03:54:00,12.2
2025-06-12 00:01:00,89.9
2025-06-12 16:08:00,50.05645730416373
2025-06-12 10:11:00,39.3
2025-06-12 22:21:00,64.9
2025-06-12 23:57:00,7.1
2025-06-12 17:27:00,15.5
2025-06-12 16:52:00,75.6
2025-06-12 05:04:00,77.5
2025-06-12 01:23:00,63.1
2025-06-12 03:15:00,0.9
2025-06-12 03:52:00,50.05645730416373
2025-06-12 15:45:00,9.9
2025-06-12 23:29:00,50.05645730416373
2025-06-12 02:10:00,92.8
2025-06-12 23:53:00,58.2
2025-06-12 02:33:00,38.7
2025-06-12 03:57:00,50.05645730416373
2025-06-12 01:03:00,28.1
2025-06-12 20:25:00,72.1
2025-06-12 00:02:00,61.0
2025-06-12 19:15:00,24.9
2025-06-12 15:25:00,43.3
2025-06-12 07:07:00,73.3
2025-06-12 06:54:00,62.9
2025-06-12 16:18:00,60.1
2025-06-12 02:00:00,9.8
2025-06-12 23:02:00,50.05645730416373
2025-06-12 12:09:00,77.7
2025-06-12 19:58:00,28.4
2025-06-12 06:37:00,64.6
2025-06-12 15:44:00,40.8
2025-06-12 13:53:00,14.8
2025-06-12 11:07:00,28.6
2025-06-12 09:25:00,64.2
2025-06-12 15:35:00,31.3
2025-06-12 09:38:00,56.2
2025-06-12 00:36:00,3.7
2025-06-12 21:23:00,50.05645730416373
2025-06-12 23:42:00,67.8
2025-06-12 15:19:00,26.2
2025-06-12 03:04:00,37.7
2025-06-12 23:11:00,28.0
2025-06-12 20:58:00,66.4
2025-06-12 01:17:00,70.7
2025-06-12 06:19:00,59.1
2025-06-12 11:19:00,3.8
2025-06-12 05:57:00,7.9
2025-06-12 11:18:00,67.6
2025-06-12 18:03:00,34.8
2025-06-12 06:08:00,23.2
2025-06-12 11:02:00,50.05645730416373
2025-06-12 15:03:00,50.05645730416373
2025-06-12 17:08:00,50.05645730416373
2025-06-12 05:49:00,36.4
2025-06-12 02:58:00,64.5
2025-06-12 12:45:00,8.0
2025-06-12 11:05:00,21.4
2025-06-12 03:36:00,98.7
2025-06-12 21:25:00,55.2
2025-06-12 20:38:00,96.6
2025-06-12 14:18:00,24.1
2025-06-12 02:36:00,50.05645730416373
2025-06-12 19:36:00,68.1
2025-06-12 00:38:00,27.5
2025-06-12 22:28:00,99.1
2025-06-12 15:58:00,11.3
2025-06-12 15:50:00,85.0
2025-06-12 12:35:00,14.6
2025-06-12 13:09:00,87.8
2025-06-12 08:13:00,15.2
2025-06-12 01:51:00,43.3
2025-06-12 10:47:00,20.5
2025-06-12 16:04:00,10.8
2025-06-12 23:39:00,69.0
2025-06-12 05:39:00,40.8
2025-06-12 05:08:00,29.4
2025-06-12 08:27:00,38.3
2025-06-12 21:44:00,1.1
2025-06-12 10:24:00,20.3
2025-06-12 17:41:00,71.1
2025-06-12 14:58:00,49.90502819548872
2025-06-12 12:45:00,95.3
2025-06-12 01:00:00,84.1
2025-06-12 12:12:00,42.1
2025-06-12 12:34:00,49.90502819548872
2025-06-12 20:12:00,5.9
2025-06-12 08:58:00,98.1
2025-06-12 07:12:00,44.1
2025-06-12 13:03:00,5.7
2025-06-12 15:14:00,83.2
2025-06-12 15:48:00,26.8
2025-06-12 04:23:00,19.6
2025-06-12 18:24:00,72.0
2025-06-12 22:15:00,61.1
2025-06-12 01:28:00,28.3
2025-06-12 01:44:00,52.4
2025-06-12 07:32:00,49.90502819548872
2025-06-12 19:17:00,54.5
2025-06-12 10:51:00,49.0
2025-06-12 01:03:00,94.7
2025-06-12 22:46:00,5.8
2025-06-12 09:21:00,57.3
2025-06-12 22:39:00,49.90502819548872
2025-06-12 20:49:00,49.90502819548872
2025-06-12 14:40:00,68.5
2025-06-12 13:42:00,59.4
2025-06-12 02:08:00,62.5
2025-06-12 20:22:00,90.5
2025-06-12 03:35:00,49.90502819548872
2025-06-12 22:11:00,42.9
2025-06-12 03:50:00,11.8
2025-06-12 01:34:00,49.90502819548872
2025-06-12 16:35:00,27.7
2025-06-12 10:12:00,1.3
2025-06-12 01:05:00,14.2
2025-06-12 11:20:00,24.9
2025-06-12 08:32:00,53.2
2025-06-12 19:23:00,50.0
2025-06-12 09:29:00,42.7
2025-06-12 15:42:00,5.4
2025-06-12 09:34:00,76.8
2025-06-12 22:42:00,61.5
2025-06-12 14:06:00,11.8
2025-06-12 23:34:00,9.1
2025-06-12 10:14:00,49.90502819548872
2025-06-12 20:55:00,46.5
2025-06-12 10:42:00,4.5
2025-06-12 13:53:00,61.0
2025-06-12 23:11:00,84.9
2025-06-12 12:33:00,73.8
2025-06-12 09:47:00,33.7
2025-06-12 09:12:00,57.8
2025-06-12 06:18:00,49.90502819548872
2025-06-12 06:19:00,3.5
2025-06-12 17:23:00,49.90502819548872
2025-06-12 16:01:00,1.6
2025-06-12 07:03:00,27.1
2025-06-12 16:02:00,49.90502819548872
2025-06-12 16:40:00,85.6
2025-06-12 00:02:00,80.8
2025-06-12 07:08:00,58.9
2025-06-12 00:44:00,75.4
2025-06-12 05:55:00,47.0
2025-06-12 16:36:00,44.6
2025-06-12 04:49:00,8.4
2025-06-12 16:57:00,60.3
2025-06-12 14:24:00,23.3
2025-06-12 01:46:00,79.6
2025-06-12 09:08:00,63.1
2025-06-12 08:12:00,78.5
2025-06-12 12:20:00,46.3
2025-06-12 09:55:00,49.90502819548872
2025-06-12 21:01:00,52.9
2025-06-12 00:57:00,39.7
2025-06-12 19:50:00,70.0
2025-06-12 03:20:00,3.4
2025-06-12 15:07:00,49.90502819548872
2025-06-12 16:56:00,60.5
2025-06-12 04:25:00,49.90502819548872
2025-06-12 02:06:00,64.5
2025-06-12 03:38:00,49.90502819548872
2025-06-12 14:07:00,49.90502819548872
2025-06-12 19:48:00,5.0
2025-06-12 20:25:00,86.4
2025-06-12 04:50:00,34.5
2025-06-12 15:54:00,3.5
2025-06-12 19:42:00,89.7
2025-06-12 23:16:00,49.90502819548872
2025-06-12 14:37:00,3.3
2025-06-12 23:47:00,92.9
2025-06-12 05:43:00,19.6
2025-06-12 02:38:00,4.6
2025-06-12 20:26:00,68.1
2025-06-12 21:22:00,76.8
2025-06-12 08:27:00,80.0
2025-06-12 19:15:00,23.4
2025-06-12 11:53:00,51.7
2025-06-12 07:25:00,72.5
2025-06-12 17:34:00,39.0
2025-06-12 19:26:00,28.9
2025-06-12 03:22:00,80.8
2025-06-12 17:56:00,51.3
2025-06-12 11:03:00,49.90502819548872
2025-06-12 07:13:00,15.1
2025-06-12 01:33:00,89.1
2025-06-12 19:45:00,23.0
2025-06-12 20:51:00,17.6
2025-06-12 22:24:00,53.9
2025-06-12 14:18:00,89.2
2025-06-12 19:22:00,94.1
2025-06-12 06:26:00,49.90502819548872
2025-06-12 19:08:00,67.7
2025-06-12 18:41:00,94.7
2025-06-12 22:36:00,11.6
2025-06-12 05:40:00,29.1
2025-06-12 10:21:00,66.4
2025-06-12 11:59:00,59.1
2025-06-12 09:23:00,76.8
2025-06-12 19:24:00,92.2
2025-06-12 22:38:00,49.90502819548872
2025-06-12 15:09:00,29.7
2025-06-12 18:23:00,41.9
2025-06-12 18:59:00,49.90502819548872
2025-06-12 02:40:00,24.7
2025-06-12 19:31:00,9.3
2025-06-12 03:15:00,94.4
2025-06-12 12:02:00,70.4
2025-06-12 06:06:00,19.9
2025-06-12 06:36:00,86.0
2025-06-12 18:05:00,8.0
2025-06-12 10:05:00,49.90502819548872
2025-06-12 19:09:00,59.6
2025-06-12 16:05:00,97.6
2025-06-12 20:53:00,98.9
2025-06-12 09:39:00,49.90502819548872
2025-06-12 00:35:00,86.2
2025-06-12 05:13:00,54.4
2025-06-12 03:27:00,73.6
2025-06-12 17:07:00,84.0
2025-06-12 21:57:00,96.1
2025-06-12 10:55:00,89.4
2025-06-12 08:56:00,99.1
2025-06-12 18:46:00,47.0
2025-06-12 05:10:00,42.3
2025-06-12 06:01:00,14.4
2025-06-12 02:43:00,21.8
2025-06-12 22:13:00,29.3
2025-06-12 19:59:00,49.90502819548872
2025-06-12 22:43:00,92.5
2025-06-12 17:26:00,49.90502819548872
2025-06-12 19:13:00,32.2
2025-06-12 17:05:00,85.0
2025-06-12 10:20:00,4.0
2025-06-12 15:27:00,14.3
2025-06-12 08:43:00,36.1
2025-06-12 06:42:00,13.9
2025-06-12 09:44:00,31.6
2025-06-12 05:35:00,50.1
2025-06-12 21:04:00,11.3
2025-06-12 15:33:00,49.90502819548872
2025-06-12 09:46:00,49.90502819548872
2025-06-12 06:38:00,68.9
2025-06-12 02:10:00,29.8
2025-06-12 01:14:00,33.0
2025-06-12 03:02:00,24.5
2025-06-12 05:17:00,49.90502819548872
2025-06-12 05:23:00,49.90502819548872
2025-06-12 00:52:00,87.9
2025-06-12 08:17:00,83.2
2025-06-12 17:38:00,88.8
2025-06-12 00:22:00,90.2
2025-06-12 19:38:00,3.8
2025-06-12 06:12:00,88.0
2025-06-12 21:02:00,49.90502819548872
2025-06-12 23:18:00,61.2
2025-06-12 12:53:00,76.6
2025-06-12 20:38:00,63.0
2025-06-12 20:08:00,33.5
2025-06-12 13:20:00,0.2
2025-06-12 11:21:00,6.7
2025-06-12 11:48:00,16.2
2025-06-12 03:54:00,53.7
2025-06-12 01:18:00,13.2
2025-06-12 06:09:00,30.3
2025-06-12 15:55:00,19.5
2025-06-12 02:00:00,58.7
2025-06-12 16:54:00,60.3
2025-06-12 05:47:00,37.7
2025-06-12 01:11:00,80.8
2025-06-12 12:59:00,52.2
2025-06-12 10:23:00,32.6
2025-06-12 21:45:00,8.5
2025-06-12 10:11:00,49.90502819548872
2025-06-12 19:53:00,62.2
2025-06-12 05:01:00,41.8
2025-06-12 17:03:00,52.2
2025-06-12 19:30:00,29.7
2025-06-12 20:14:00,84.5
2025-06-12 20:50:00,48.0
2025-06-12 18:20:00,49.6
2025-06-12 21:56:00,39.3
2025-06-12 11:45:00,54.0
2025-06-12 13:05:00,15.3
2025-06-12 00:54:00,41.9
2025-06-12 20:01:00,96.3
2025-06-12 13:55:00,41.0
2025-06-12 23:57:00,70.0
2025-06-12 05:07:00,30.4
2025-06-12 22:50:00,88.9
2025-06-12 15:03:00,76.1
2025-06-12 20:16:00,70.5
2025-06-12 02:19:00,1.1
2025-06-12 08:04:00,35.3
2025-06-12 10:10:00,76.7
2025-06-12 11:30:00,76.4
2025-06-12 18:01:00,35.7
2025-06-12 15:18:00,25.3
2025-06-12 02:53:00,32.0
2025-06-12 06:02:00,55.0
2025-06-12 08:30:00,12.0
2025-06-12 15:17:00,8.4
2025-06-12 13:39:00,90.4
2025-06-12 16:28:00,83.9
2025-06-12 22:06:00,43.5
2025-06-12 22:00:00,49.90502819548872
2025-06-12 18:18:00,28.0
2025-06-12 07:07:00,49.90502819548872
2025-06-12 05:08:00,14.6
2025-06-12 23:26:00,11.5
2025-06-12 13:06:00,49.90502819548872
2025-06-12 03:29:00,29.2
2025-06-12 20:34:00,14.8
2025-06-12 22:44:00,75.1
2025-06-12 02:09:00,7.9
2025-06-12 01:15:00,49.90502819548872
2025-06-12 05:21:00,75.3
2025-06-12 17:54:00,45.7
2025-06-12 20:39:00,81.0
2025-06-12 06:31:00,49.90502819548872
2025-06-12 02:17:00,64.6
2025-06-12 17:14:00,32.9
2025-06-12 21:36:00,49.90502819548872
2025-06-12 12:52:00,57.0
2025-06-12 02:24:00,9.7
2025-06-12 21:49:00,49.90502819548872
2025-06-12 02:32:00,44.1
2025-06-12 00:27:00,47.6
2025-06-12 10:53:00,68.1
2025-06-12 19:57:00,40.3
2025-06-12 11:02:00,68.4
2025-06-12 23:58:00,87.2
2025-06-12 01:24:00,97.7
2025-06-12 22:54:00,56.3
2025-06-12 13:57:00,0.2
2025-06-12 15:34:00,19.2
2025-06-12 11:58:00,82.2
2025-06-12 09:24:00,57.9
2025-06-12 20:18:00,5.3
2025-06-12 10:43:00,35.4
2025-06-12 16:12:00,69.0
2025-06-12 21:25:00,44.3
2025-06-12 19:10:00,63.8
2025-06-12 22:58:00,34.0
2025-06-12 23:10:00,78.5
2025-06-12 16:32:00,71.4
2025-06-12 13:56:00,16.0
2025-06-12 20:06:00,19.3
2025-06-12 23:28:00,14.6
2025-06-12 11:17:00,49.90502819548872
2025-06-12 23:45:00,59.9
2025-06-12 03:00:00,51.9
2025-06-12 11:55:00,49.90502819548872
2025-06-12 08:33:00,7.2
2025-06-12 09:02:00,49.90502819548872
2025-06-12 09:26:00,3.9
2025-06-12 01:27:00,86.2
2025-06-12 00:43:00,35.6
2025-06-12 19:11:00,91.5
2025-06-12 03:44:00,52.7
2025-06-12 14:43:00,76.5
2025-06-12 01:04:00,49.90502819548872
2025-06-12 20:14:00,65.6
2025-06-12 14:43:00,80.8
2025-06-12 21:44:00,50.475078938135894
2025-06-12 02:21:00,40.3
2025-06-12 19:06:00,99.2
2025-06-12 16:14:00,85.5
2025-06-12 15:40:00,62.3
2025-06-12 22:29:00,66.5
2025-06-12 15:26:00,6.3
2025-06-12 12:54:00,76.2
2025-06-12 11:24:00,66.9
2025-06-12 19:12:00,85.2
2025-06-12 03:03:00,38.7
2025-06-12 16:23:00,32.4
2025-06-12 06:12:00,13.2
2025-06-12 06:57:00,73.6
2025-06-12 15:06:00,94.2
2025-06-12 17:38:00,50.475078938135894
2025-06-12 16:16:00,32.4
2025-06-12 01:52:00,73.6
2025-06-12 06:02:00,20.2
2025-06-12 02:10:00,50.475078938135894
2025-06-12 12:52:00,67.8
2025-06-12 18:41:00,64.1
2025-06-12 05:46:00,50.475078938135894
2025-06-12 01:08:00,65.7
2025-06-12 04:32:00,94.7
2025-06-12 01:04:00,84.4
2025-06-12 00:30:00,96.6
2025-06-12 18:27:00,50.475078938135894
2025-06-12 08:06:00,91.1
2025-06-12 13:13:00,1.1
2025-06-12 11:55:00,76.1
2025-06-12 20:01:00,50.475078938135894
2025-06-12 16:03:00,50.475078938135894
2025-06-12 18:51:00,0.7
2025-06-12 15:58:00,32.9
2025-06-12 21:56:00,55.9
2025-06-12 00:03:00,98.7
2025-06-12 06:06:00,98.0
2025-06-12 00:28:00,90.3
2025-06-12 19:31:00,50.2
2025-06-12 12:46:00,89.9
2025-06-12 19:04:00,50.475078938135894
2025-06-12 04:12:00,50.475078938135894
2025-06-12 06:42:00,61.2
2025-06-12 04:04:00,50.2
2025-06-12 16:52:00,16.3
2025-06-12 19:07:00,71.2
2025-06-12 07:44:00,18.1
2025-06-12 18:24:00,31.2
2025-06-12 09:22:00,87.5
2025-06-12 10:50:00,65.0
2025-06-12 22:41:00,39.3
2025-06-12 01:29:00,9.2
2025-06-12 22:09:00,50.475078938135894
2025-06-12 10:12:00,50.475078938135894
2025-06-12 13:04:00,89.0
2025-06-12 15:23:00,19.9
2025-06-12 22:33:00,98.7
2025-06-12 14:49:00,50.475078938135894
2025-06-12 07:19:00,45.7
2025-06-12 04:59:00,60.1
2025-06-12 13:06:00,69.1
2025-06-12 07:52:00,91.7
2025-06-12 22:16:00,22.0
2025-06-12 18:59:00,53.6
2025-06-12 18:55:00,23.7
2025-06-12 06:17:00,44.2
2025-06-12 05:39:00,12.7
2025-06-12 18:10:00,50.475078938135894
2025-06-12 19:28:00,99.5
2025-06-12 14:00:00,84.5
2025-06-12 00:43:00,67.4
2025-06-12 02:35:00,69.5
2025-06-12 20:18:00,19.9
2025-06-12 23:39:00,99.7
2025-06-12 05:38:00,43.4
2025-06-12 17:06:00,81.7
2025-06-12 13:55:00,89.7
2025-06-12 12:32:00,48.1
2025-06-12 20:07:00,50.475078938135894
2025-06-12 06:56:00,7.9
2025-06-12 20:36:00,29.0
2025-06-12 02:44:00,63.2
2025-06-12 11:07:00,50.475078938135894
2025-06-12 12:51:00,53.0
2025-06-12 14:03:00,75.0
2025-06-12 22:38:00,54.2
2025-06-12 10:57:00,19.1
2025-06-12 12:36:00,61.6
2025-06-12 00:42:00,50.475078938135894
2025-06-12 20:51:00,58.1
2025-06-12 04:50:00,5.2
2025-06-12 14:16:00,50.475078938135894
2025-06-12 00:34:00,35.8
2025-06-12 02:42:00,27.4
2025-06-12 05:40:00,84.3
2025-06-12 07:30:00,54.6
2025-06-12 23:45:00,95.1
2025-06-12 04:23:00,45.2
2025-06-12 01:43:00,25.7
2025-06-12 01:15:00,50.475078938135894
2025-06-12 10:51:00,39.5
2025-06-12 15:57:00,74.8
2025-06-12 23:30:00,16.5
2025-06-12 14:18:00,30.5
2025-06-12 06:10:00,64.6
2025-06-12 17:10:00,6.2
2025-06-12 16:10:00,37.6
2025-06-12 01:53:00,8.7
2025-06-12 23:43:00,50.475078938135894
2025-06-12 20:30:00,8.8
2025-06-12 06:31:00,38.0
2025-06-12 19:41:00,50.475078938135894
2025-06-12 16:46:00,65.6
2025-06-12 20:37:00,15.1
2025-06-12 14:39:00,38.0
2025-06-12 23:24:00,42.8
2025-06-12 07:34:00,20.3
2025-06-12 02:56:00,45.3
2025-06-12 15:19:00,83.6
2025-06-12 06:55:00,50.475078938135894
2025-06-12 21:12:00,74.9
2025-06-12 21:17:00,12.5
2025-06-12 09:14:00,91.1
2025-06-12 03:24:00,32.9
2025-06-12 05:06:00,53.8
2025-06-12 17:43:00,69.9
2025-06-12 05:47:00,10.6
2025-06-12 14:58:00,36.0
2025-06-12 12:59:00,18.9
2025-06-12 08:02:00,49.4
2025-06-12 13:15:00,50.475078938135894
2025-06-12 09:56:00,50.475078938135894
2025-06-12 09:13:00,36.8
2025-06-12 04:20:00,50.475078938135894
2025-06-12 09:36:00,3.1
2025-06-12 08:58:00,61.2
2025-06-12 13:56:00,48.1
2025-06-12 22:02:00,24.5
2025-06-12 20:00:00,97.3
2025-06-12 17:08:00,18.0
2025-06-12 02:40:00,72.1
2025-06-12 01:01:00,59.3
2025-06-12 13:47:00,58.5
2025-06-12 00:02:00,50.475078938135894
2025-06-12 01:07:00,75.3
2025-06-12 15:49:00,13.9
2025-06-12 21:37:00,33.0
2025-06-12 20:40:00,98.6
2025-06-12 13:23:00,34.2
2025-06-12 09:48:00,12.3
2025-06-12 17:55:00,63.1
2025-06-12 10:55:00,26.4
2025-06-12 07:08:00,79.3
2025-06-12 03:27:00,72.0
2025-06-12 16:13:00,50.475078938135894
2025-06-12 12:50:00,20.8
2025-06-12 21:21:00,50.475078938135894
2025-06-12 09:27:00,42.3
2025-06-12 01:00:00,93.1
2025-06-12 05:13:00,40.5
2025-06-12 19:02:00,60.8
2025-06-12 11:58:00,50.475078938135894
2025-06-12 05:32:00,75.4
2025-06-12 10:30:00,47.4
2025-06-12 08:54:00,20.1
2025-06-12 15:13:00,76.9
2025-06-12 23:05:00,10.7
2025-06-12 06:45:00,17.1
2025-06-12 19:26:00,21.4
2025-06-12 09:06:00,50.475078938135894
2025-06-12 07:27:00,50.475078938135894
2025-06-12 01:36:00,50.475078938135894
2025-06-12 21:58:00,58.8
2025-06-12 03:20:00,93.5
2025-06-12 17:31:00,97.1
2025-06-12 03:29:00,68.7
2025-06-12 01:09:00,67.5
2025-06-12 09:34:00,93.2
2025-06-12 11:34:00,80.3
2025-06-12 04:15:00,7.5
2025-06-12 19:00:00,79.8
2025-06-12 10:40:00,50.475078938135894
2025-06-12 16:19:00,0.5
2025-06-12 01:28:00,9.4
2025-06-12 06:41:00,21.6
2025-06-12 09:08:00,31.9
2025-06-12 17:01:00,0.9
2025-06-12 07:31:00,55.6
2025-06-12 21:01:00,15.5
2025-06-12 10:21:00,88.8
2025-06-12 05:59:00,29.6
2025-06-12 03:41:00,14.1
2025-06-12 18:52:00,76.1
2025-06-12 13:57:00,19.0
2025-06-12 15:22:00,95.8
2025-06-12 17:29:00,82.3
2025-06-12 09:30:00,35.0
2025-06-12 02:36:00,47.1
2025-06-12 04:46:00,99.4
2025-06-12 02:48:00,10.0
2025-06-12 04:41:00,50.475078938135894
2025-06-12 22:08:00,61.3
2025-06-12 12:15:00,63.0
2025-06-12 20:52:00,70.7
2025-06-12 23:08:00,96.0
2025-06-12 12:28:00,50.475078938135894
2025-06-12 02:26:00,86.4
2025-06-12 23:51:00,57.7
2025-06-12 13:26:00,85.2
2025-06-12 17:49:00,59.8
2025-06-12 20:09:00,49.8
2025-06-12 03:01:00,30.4
2025-06-12 04:55:00,50.475078938135894
2025-06-12 11:54:00,84.3
2025-06-12 09:47:00,7.4
2025-06-12 08:17:00,59.8
2025-06-12 17:03:00,38.1
2025-06-12 01:46:00,50.475078938135894
2025-06-12 15:09:00,50.475078938135894
2025-06-12 05:25:00,11.8
2025-06-12 16:40:00,46.5
2025-06-12 00:47:00,13.6
2025-06-12 17:40:00,13.1
2025-06-12 07:12:00,79.0
2025-06-12 19:47:00,76.2
2025-06-12 09:31:00,11.4
2025-06-12 10:38:00,14.5
2025-06-12 15:12:00,99.2
2025-06-12 13:34:00,0.8
2025-06-12 16:44:00,11.9
2025-06-12 18:16:00,37.2
2025-06-12 19:15:00,33.0
2025-06-12 09:29:00,93.6
2025-06-12 02:14:00,30.8
2025-06-12 08:59:00,37.2
2025-06-12 19:51:00,48.0
2025-06-12 16:05:00,26.0
2025-06-12 00:44:00,4.3
2025-06-12 03:06:00,43.9
2025-06-12 10:56:00,47.8
2025-06-12 22:17:00,57.5
2025-06-12 03:32:00,59.2
2025-06-12 04:03:00,2.4
2025-06-12 01:17:00,58.1
2025-06-12 16:38:00,55.0
2025-06-12 11:38:00,12.0
2025-06-12 15:53:00,50.475078938135894
2025-06-12 02:32:00,50.3
2025-06-12 08:39:00,20.2
2025-06-12 17:00:00,50.475078938135894
2025-06-12 00:05:00,17.6
2025-06-12 10:54:00,50.475078938135894
2025-06-12 08:13:00,68.5
2025-06-12 22:32:00,28.4
2025-06-12 13:43:00,49.5
2025-06-12 01:30:00,16.0
2025-06-12 12:33:00,64.8
2025-06-12 14:44:00,93.7
2025-06-12 21:48:00,26.9
2025-06-12 07:23:00,41.9
2025-06-12 18:22:00,59.9
2025-06-12 09:28:00,96.0
2025-06-12 14:17:00,76.1
2025-06-12 04:29:00,63.1
2025-06-12 12:14:00,46.4
2025-06-12 13:30:00,45.6
2025-06-12 03:38:00,1.0
2025-06-12 06:48:00,88.7
2025-06-12 11:14:00,13.4
2025-06-12 19:17:00,89.5
2025-06-12 13:41:00,53.4
2025-06-12 16:29:00,65.2
2025-06-12 03:10:00,59.5
2025-06-12 22:56:00,17.0
2025-06-12 15:34:00,53.7
2025-06-12 14:08:00,14.4
2025-06-12 10:36:00,50.475078938135894
2025-06-12 12:30:00,50.475078938135894
2025-06-12 02:11:00,50.475078938135894
2025-06-12 01:58:00,77.6
2025-06-12 03:11:00,31.1
2025-06-12 07:15:00,64.3
2025-06-12 09:11:00,85.3
2025-06-12 21:51:00,82.5
2025-06-12 14:55:00,24.3
2025-06-12 21:28:00,75.2
2025-06-12 19:37:00,93.2
2025-06-12 09:20:00,82.1
2025-06-12 00:14:00,50.475078938135894
2025-06-12 15:27:00,80.6
2025-06-12 14:45:00,38.7
2025-06-12 03:33:00,50.1
2025-06-12 13:19:00,65.8
2025-06-12 22:07:00,18.1
2025-06-12 00:00:00,38.5
2025-06-12 01:45:00,21.8
2025-06-12 02:50:00,4.3
2025-06-12 06:19:00,87.1
2025-06-12 20:49:00,2.7
2025-06-12 15:47:00,53.8
2025-06-12 22:59:00,50.492298592215775
2025-06-12 04:42:00,65.4
2025-06-12 16:20:00,92.5
2025-06-12 13:49:00,50.492298592215775
2025-06-12 02:49:00,95.3
2025-06-12 16:55:00,15.6
2025-06-12 12:14:00,58.9
2025-06-12 12:46:00,50.492298592215775
2025-06-12 12:40:00,14.5
2025-06-12 15:28:00,46.3
2025-06-12 11:32:00,96.7
2025-06-12 18:19:00,50.492298592215775
2025-06-12 17:59:00,29.7
2025-06-12 22:48:00,73.7
2025-06-12 03:24:00,35.5
2025-06-12 18:53:00,62.6
2025-06-12 12:48:00,63.6
2025-06-12 02:19:00,2.8
2025-06-12 20:27:00,33.7
2025-06-12 04:37:00,59.9
2025-06-12 14:01:00,30.9
2025-06-12 15:10:00,7.3
2025-06-12 19:17:00,54.2
2025-06-12 18:07:00,66.3
2025-06-12 07:26:00,78.3
2025-06-12 19:49:00,30.8
2025-06-12 14:14:00,88.2
2025-06-12 12:03:00,60.7
2025-06-12 06:38:00,98.1
2025-06-12 14:23:00,50.492298592215775
2025-06-12 00:28:00,87.6
2025-06-12 14:31:00,19.5
2025-06-12 23:41:00,84.1
2025-06-12 05:50:00,50.492298592215775
2025-06-12 11:16:00,88.3
2025-06-12 09:15:00,45.1
2025-06-12 05:45:00,20.6
2025-06-12 17:16:00,19.1
2025-06-12 01:48:00,69.4
2025-06-12 17:44:00,59.9
2025-06-12 11:21:00,95.3
2025-06-12 00:52:00,51.1
2025-06-12 15:25:00,81.4
2025-06-12 10:24:00,3.9
2025-06-12 22:14:00,37.8
2025-06-12 14:42:00,14.2
2025-06-12 23:49:00,62.9
2025-06-12 02:38:00,82.7
2025-06-12 14:28:00,26.0
2025-06-12 21:05:00,5.9
2025-06-12 03:08:00,50.492298592215775
2025-06-12 17:55:00,36.2
2025-06-12 21:06:00,46.1
2025-06-12 04:26:00,69.9
2025-06-12 08:24:00,50.492298592215775
2025-06-12 23:30:00,72.1
2025-06-12 15:24:00,89.5
2025-06-12 18:56:00,99.8
2025-06-12 16:16:00,95.4
2025-06-12 15:57:00,14.7
2025-06-12 01:31:00,75.4
2025-06-12 12:55:00,10.5
2025-06-12 17:22:00,89.6
2025-06-12 23:07:00,35.6
2025-06-12 15:00:00,17.9
2025-06-12 06:05:00,50.492298592215775
2025-06-12 21:16:00,14.6
2025-06-12 15:08:00,9.7
2025-06-12 09:18:00,25.1
2025-06-12 13:11:00,65.9
2025-06-12 20:39:00,49.6
2025-06-12 15:26:00,55.6
2025-06-12 02:24:00,70.3
2025-06-12 20:15:00,52.2
2025-06-12 16:13:00,54.1
2025-06-12 08:56:00,39.8
2025-06-12 07:29:00,49.2
2025-06-12 08:50:00,5.1
2025-06-12 13:41:00,36.6
2025-06-12 17:30:00,64.3
2025-06-12 10:29:00,57.0
2025-06-12 18:22:00,80.6
2025-06-12 10:18:00,50.492298592215775
2025-06-12 17:06:00,13.5
2025-06-12 10:31:00,59.0
2025-06-12 04:12:00,50.492298592215775
2025-06-12 15:46:00,62.7
2025-06-12 20:19:00,24.3
2025-06-12 20:09:00,50.492298592215775
2025-06-12 11:15:00,6.3
2025-06-12 02:00:00,50.492298592215775
2025-06-12 05:51:00,93.7
2025-06-12 10:30:00,38.1
2025-06-12 09:51:00,86.5
2025-06-12 22:25:00,70.1
2025-06-12 15:16:00,32.3
2025-06-12 20:38:00,4.5
2025-06-12 19:31:00,13.8
2025-06-12 20:13:00,50.492298592215775
2025-06-12 06:04:00,73.4
2025-06-12 23:06:00,69.4
2025-06-12 21:51:00,17.2
2025-06-12 22:36:00,79.4
2025-06-12 00:16:00,62.3
2025-06-12 18:15:00,93.8
2025-06-12 01:38:00,99.0
2025-06-12 08:36:00,4.0
2025-06-12 01:46:00,50.492298592215775
2025-06-12 10:20:00,98.5
2025-06-12 19:09:00,76.2
2025-06-12 05:53:00,13.9
2025-06-12 16:42:00,88.3
2025-06-12 03:39:00,83.3
2025-06-12 04:04:00,52.9
2025-06-12 20:59:00,35.9
2025-06-12 15:53:00,31.4
2025-06-12 15:34:00,81.0
2025-06-12 22:57:00,30.2
2025-06-12 09:42:00,6.7
2025-06-12 13:44:00,36.7
2025-06-12 11:44:00,29.9
2025-06-12 07:32:00,71.8
2025-06-12 01:27:00,27.3
2025-06-12 18:45:00,17.9
2025-06-12 16:53:00,87.3
2025-06-12 08:31:00,49.3
2025-06-12 14:51:00,72.1
2025-06-12 15:31:00,37.2
2025-06-12 22:30:00,98.5
2025-06-12 14:36:00,82.3
2025-06-12 23:37:00,65.7
2025-06-12 20:45:00,50.492298592215775
2025-06-12 10:58:00,96.0
2025-06-12 23:56:00,34.2
2025-06-12 15:18:00,82.6
2025-06-12 10:16:00,79.5
2025-06-12 08:37:00,8.8
2025-06-12 06:52:00,54.5
2025-06-12 08:02:00,79.7
2025-06-12 14:09:00,55.8
2025-06-12 06:59:00,95.8
2025-06-12 01:05:00,87.8
2025-06-12 17:19:00,33.7
2025-06-12 06:41:00,58.4
2025-06-12 23:02:00,40.2
2025-06-12 06:12:00,95.4
2025-06-12 22:00:00,62.8
2025-06-12 17:34:00,50.492298592215775
2025-06-12 10:23:00,92.6
2025-06-12 00:36:00,15.5
2025-06-12 16:37:00,50.492298592215775
2025-06-12 06:08:00,50.492298592215775
2025-06-12 03:45:00,22.5
2025-06-12 21:49:00,95.1
2025-06-12 22:20:00,50.492298592215775
2025-06-12 11:34:00,97.4
2025-06-12 14:08:00,50.492298592215775
2025-06-12 09:23:00,47.6
2025-06-12 13:36:00,9.6
2025-06-12 12:44:00,83.8
2025-06-12 08:21:00,80.2
2025-06-12 19:07:00,47.5
2025-06-12 03:21:00,50.492298592215775
2025-06-12 02:51:00,11.7
2025-06-12 08:58:00,50.492298592215775
2025-06-12 07:49:00,50.492298592215775
2025-06-12 18:40:00,61.0
2025-06-12 12:17:00,43.8
2025-06-12 20:47:00,91.9
2025-06-12 15:59:00,59.7
2025-06-12 13:52:00,67.1
2025-06-12 17:13:00,26.7
2025-06-12 07:46:00,73.6
2025-06-12 04:15:00,50.492298592215775
2025-06-12 09:54:00,79.3
2025-06-12 17:33:00,77.7
2025-06-12 11:05:00,97.0
2025-06-12 15:47:00,34.3
2025-06-12 07:50:00,50.492298592215775
2025-06-12 04:34:00,47.8
2025-06-12 08:03:00,48.3
2025-06-12 08:22:00,27.4
2025-06-12 02:30:00,12.2
2025-06-12 05:26:00,59.3
2025-06-12 12:13:00,92.1
2025-06-12 09:25:00,68.2
2025-06-12 08:34:00,41.4
2025-06-12 23:17:00,50.492298592215775
2025-06-12 21:20:00,46.0
2025-06-12 19:14:00,50.492298592215775
2025-06-12 01:32:00,74.0
2025-06-12 01:11:00,34.5
2025-06-12 21:14:00,20.5
2025-06-12 07:41:00,64.8
2025-06-12 20:20:00,42.4
2025-06-12 11:57:00,99.8
2025-06-12 07:16:00,27.6
2025-06-12 12:30:00,4.5
2025-06-12 22:13:00,76.5
2025-06-12 08:52:00,61.6
2025-06-12 04:45:00,72.9
2025-06-12 23:14:00,87.0
2025-06-12 18:02:00,31.2
2025-06-12 10:05:00,91.8
2025-06-12 10:04:00,50.492298592215775
2025-06-12 05:19:00,56.2
2025-06-12 04:36:00,81.1
2025-06-12 13:32:00,57.5
2025-06-12 12:21:00,95.8
2025-06-12 10:03:00,39.8
2025-06-12 15:05:00,21.7
2025-06-12 02:44:00,50.492298592215775
2025-06-12 05:12:00,8.0
2025-06-12 19:40:00,84.9
2025-06-12 03:47:00,2.1
2025-06-12 02:12:00,14.7
2025-06-12 01:37:00,82.2
2025-06-12 19:04:00,50.492298592215775
2025-06-12 20:36:00,48.7
2025-06-12 22:39:00,13.9
2025-06-12 11:48:00,37.7
2025-06-12 21:10:00,29.9
2025-06-12 15:20:00,50.492298592215775
2025-06-12 15:56:00,51.5
2025-06-12 06:58:00,7.8
2025-06-12 08:27:00,82.5
2025-06-12 21:19:00,10.4
2025-06-12 07:28:00,11.1
2025-06-12 19:57:00,27.3
2025-06-12 00:35:00,11.6
2025-06-12 20:30:00,50.492298592215775
2025-06-12 02:32:00,78.6
2025-06-12 06:39:00,86.5
2025-06-12 11:24:00,95.4
2025-06-12 13:28:00,0.2
2025-06-12 00:57:00,73.8
2025-06-12 19:34:00,50.492298592215775
2025-06-12 15:04:00,50.492298592215775
2025-06-12 12:45:00,13.3
2025-06-12 16:01:00,50.492298592215775
2025-06-12 11:01:00,47.7
2025-06-12 11:47:00,79.8
2025-06-12 01:39:00,45.2
2025-06-12 00:14:00,76.6
2025-06-12 12:16:00,46.5
2025-06-12 00:13:00,50.492298592215775
2025-06-12 21:45:00,34.7
2025-06-12 16:02:00,51.6
2025-06-12 22:06:00,64.1
2025-06-12 12:35:00,7.5
2025-06-12 11:19:00,30.9
2025-06-12 02:41:00,57.6
2025-06-12 07:08:00,36.4
2025-06-12 14:39:00,74.1
2025-06-12 03:12:00,88.5
2025-06-12 06:44:00,95.2
2025-06-12 11:18:00,50.492298592215775
2025-06-12 10:08:00,18.0
2025-06-12 19:11:00,69.1
2025-06-12 19:06:00,42.6
2025-06-12 20:28:00,4.8
2025-06-12 22:37:00,50.492298592215775
2025-06-12 01:01:00,27.9
2025-06-12 12:07:00,5.1
2025-06-12 02:31:00,53.7
2025-06-12 14:00:00,86.2
2025-06-12 12:33:00,69.2
2025-06-12 03:17:00,50.492298592215775
2025-06-12 00:58:00,69.7
2025-06-12 16:19:00,50.492298592215775
2025-06-12 07:19:00,44.2
2025-06-12 02:05:00,67.3
2025-06-12 09:39:00,68.9
2025-06-12 22:38:00,64.3
2025-06-12 16:08:00,71.8
2025-06-12 16:27:00,12.7
2025-06-12 03:38:00,88.8
2025-06-12 21:56:00,50.492298592215775
2025-06-12 20:26:00,0.9
2025-06-12 08:35:00,58.4
2025-06-12 03:52:00,26.8
2025-06-12 17:38:00,50.492298592215775
2025-06-12 19:19:00,27.3
2025-06-12 06:32:00,50.492298592215775
2025-06-12 21:55:00,50.492298592215775
2025-06-12 03:04:00,76.7
2025-06-12 09:52:00,4.7
2025-06-12 01:06:00,46.0
2025-06-12 21:41:00,83.4
2025-06-12 10:25:00,42.3
2025-06-12 07:31:00,88.5
2025-06-12 21:37:00,20.5
2025-06-12 01:02:00,77.4
2025-06-12 03:37:00,8.6
2025-06-12 17:15:00,95.0
2025-06-12 23:26:00,50.492298592215775
2025-06-12 14:12:00,50.492298592215775
2025-06-12 16:56:00,88.5
2025-06-12 12:39:00,61.5
2025-06-12 14:11:00,69.6
2025-06-12 11:17:00,91.1
2025-06-12 06:51:00,91.8
2025-06-12 17:37:00,99.8
2025-06-12 14:19:00,17.0
2025-06-12 01:16:00,52.2
2025-06-12 19:59:00,22.9
2025-06-12 13:40:00,89.4
2025-06-12 04:56:00,50.492298592215775
2025-06-12 03:40:00,87.5
2025-06-12 05:47:00,65.8
2025-06-12 15:37:00,50.492298592215775
2025-06-12 02:47:00,27.9
2025-06-12 10:32:00,50.8
2025-06-12 11:29:00,27.6
2025-06-12 02:06:00,3.7
2025-06-12 17:04:00,80.8
2025-06-12 01:35:00,50.492298592215775
2025-06-12 14:29:00,64.2
2025-06-12 14:58:00,74.3
2025-06-12 19:55:00,50.190676567656766
2025-06-12 09:24:00,73.7
2025-06-12 20:19:00,50.190676567656766
2025-06-12 02:35:00,50.190676567656766
2025-06-12 06:38:00,11.2
2025-06-12 13:05:00,18.5
2025-06-12 06:41:00,95.7
2025-06-12 05:04:00,98.7
2025-06-12 17:06:00,9.3
2025-06-12 13:44:00,14.4
2025-06-12 00:02:00,81.0
2025-06-12 18:42:00,39.7
2025-06-12 02:55:00,20.2
2025-06-12 17:18:00,19.1
2025-06-12 13:42:00,68.4
2025-06-12 12:05:00,2.0
2025-06-12 23:55:00,50.190676567656766
2025-06-12 15:15:00,32.2
2025-06-12 18:02:00,49.3
2025-06-12 03:51:00,50.190676567656766
2025-06-12 09:17:00,50.190676567656766
2025-06-12 22:24:00,15.5
2025-06-12 04:38:00,51.7
2025-06-12 09:31:00,22.5
2025-06-12 16:17:00,17.3
2025-06-12 13:01:00,68.5
2025-06-12 07:21:00,60.8
2025-06-12 19:41:00,27.9
2025-06-12 02:42:00,20.4
2025-06-12 00:37:00,36.2
2025-06-12 23:09:00,61.4
2025-06-12 09:00:00,92.0
2025-06-12 00:11:00,16.9
2025-06-12 11:11:00,25.7
2025-06-12 22:27:00,5.3
2025-06-12 15:31:00,41.6
2025-06-12 16:53:00,74.8
2025-06-12 14:52:00,2.1
2025-06-12 09:04:00,50.190676567656766
2025-06-12 14:04:00,88.5
2025-06-12 11:24:00,36.7
2025-06-12 21:50:00,39.7
2025-06-12 04:57:00,50.190676567656766
2025-06-12 18:10:00,58.1
2025-06-12 07:24:00,99.2
2025-06-12 04:35:00,21.8
2025-06-12 04:04:00,15.0
2025-06-12 03:18:00,56.9
2025-06-12 19:58:00,19.2
2025-06-12 10:54:00,50.190676567656766
2025-06-12 04:36:00,50.190676567656766
2025-06-12 14:08:00,50.190676567656766
2025-06-12 18:03:00,88.7
2025-06-12 01:49:00,14.7
2025-06-12 03:52:00,22.3
2025-06-12 00:40:00,17.2
2025-06-12 13:40:00,50.190676567656766
2025-06-12 18:18:00,73.6
2025-06-12 15:53:00,47.6
2025-06-12 15:11:00,66.8
2025-06-12 17:19:00,72.0
2025-06-12 05:07:00,9.4
2025-06-12 18:21:00,89.6
2025-06-12 15:54:00,30.5
2025-06-12 01:26:00,50.190676567656766
2025-06-12 01:51:00,43.0
2025-06-12 20:30:00,51.3
2025-06-12 07:49:00,74.2
2025-06-12 05:45:00,9.7
2025-06-12 21:35:00,50.190676567656766
2025-06-12 10:34:00,50.190676567656766
2025-06-12 19:08:00,54.4
2025-06-12 01:08:00,75.3
2025-06-12 11:55:00,50.190676567656766
2025-06-12 08:32:00,0.1
2025-06-12 08:24:00,25.9
2025-06-12 00:43:00,1.5
2025-06-12 21:07:00,22.1
2025-06-12 13:18:00,1.6
2025-06-12 05:19:00,50.190676567656766
2025-06-12 03:04:00,83.6
2025-06-12 23:03:00,50.190676567656766
2025-06-12 14:48:00,50.190676567656766
2025-06-12 00:32:00,29.0
2025-06-12 22:57:00,82.9
2025-06-12 16:59:00,44.6
2025-06-12 07:12:00,52.9
2025-06-12 12:57:00,50.8
2025-06-12 04:17:00,46.1
2025-06-12 09:10:00,13.0
2025-06-12 14:45:00,62.8
2025-06-12 18:40:00,82.6
2025-06-12 15:36:00,98.7
2025-06-12 15:41:00,19.2
2025-06-12 03:50:00,24.1
2025-06-12 18:09:00,50.190676567656766
2025-06-12 22:30:00,50.190676567656766
2025-06-12 04:34:00,50.190676567656766
2025-06-12 21:29:00,44.9
2025-06-12 14:39:00,75.1
2025-06-12 11:22:00,5.8
2025-06-12 00:50:00,95.3
2025-06-12 06:50:00,52.7
2025-06-12 15:33:00,50.190676567656766
2025-06-12 03:34:00,50.190676567656766
2025-06-12 20:50:00,83.0
2025-06-12 09:50:00,97.2
2025-06-12 14:22:00,95.0
2025-06-12 12:53:00,50.190676567656766
2025-06-12 12:25:00,13.3
2025-06-12 20:39:00,18.1
2025-06-12 22:36:00,25.5
2025-06-12 22:52:00,35.9
2025-06-12 05:38:00,88.0
2025-06-12 01:52:00,83.9
2025-06-12 07:18:00,40.0
2025-06-12 10:03:00,56.6
2025-06-12 06:57:00,50.190676567656766
2025-06-12 08:57:00,24.8
2025-06-12 09:44:00,89.7
2025-06-12 00:01:00,50.190676567656766
2025-06-12 05:58:00,32.4
2025-06-12 08:59:00,35.9
2025-06-12 00:35:00,76.4
2025-06-12 06:37:00,50.190676567656766
2025-06-12 17:27:00,50.190676567656766
2025-06-12 20:58:00,50.190676567656766
2025-06-12 02:44:00,34.9
2025-06-12 14:55:00,92.7
2025-06-12 20:35:00,50.190676567656766
2025-06-12 09:26:00,94.3
2025-06-12 23:36:00,22.4
2025-06-12 15:12:00,66.7
2025-06-12 19:54:00,68.7
2025-06-12 12:10:00,20.1
2025-06-12 23:44:00,59.0
2025-06-12 13:34:00,29.7
2025-06-12 19:18:00,35.5
2025-06-12 19:43:00,42.2
2025-06-12 06:49:00,50.190676567656766
2025-06-12 07:47:00,61.6
2025-06-12 07:02:00,21.0
2025-06-12 01:34:00,42.4
2025-06-12 21:24:00,89.2
2025-06-12 09:29:00,21.6
2025-06-12 18:25:00,62.9
2025-06-12 10:19:00,32.4
2025-06-12 17:58:00,31.3
2025-06-12 13:15:00,50.190676567656766
2025-06-12 22:16:00,50.190676567656766
2025-06-12 10:39:00,50.190676567656766
2025-06-12 13:19:00,94.2
2025-06-12 20:10:00,51.8
2025-06-12 05:28:00,14.2
2025-06-12 20:04:00,90.7
2025-06-12 03:54:00,95.1
2025-06-12 17:03:00,63.6
2025-06-12 04:23:00,9.9
2025-06-12 19:17:00,19.8
2025-06-12 11:15:00,60.6
2025-06-12 05:55:00,36.6
2025-06-12 03:19:00,66.6
2025-06-12 17:42:00,94.2
2025-06-12 10:21:00,50.190676567656766
2025-06-12 07:16:00,9.7
2025-06-12 14:23:00,51.6
2025-06-12 07:38:00,50.190676567656766
2025-06-12 03:27:00,43.1
2025-06-12 08:31:00,61.8
2025-06-12 01:35:00,54.3
2025-06-12 03:48:00,50.190676567656766
2025-06-12 02:56:00,95.7
2025-06-12 08:45:00,50.190676567656766
2025-06-12 02:29:00,8.5
2025-06-12 19:19:00,19.9
2025-06-12 05:03:00,13.8
2025-06-12 19:05:00,50.190676567656766
2025-06-12 23:46:00,50.190676567656766
2025-06-12 21:57:00,45.6
2025-06-12 04:16:00,17.8
2025-06-12 03:21:00,48.8
2025-06-12 17:23:00,48.8
2025-06-12 06:29:00,5.0
2025-06-12 05:51:00,50.190676567656766
2025-06-12 03:05:00,92.8
2025-06-12 03:11:00,45.8
2025-06-12 16:00:00,50.190676567656766
2025-06-12 16:03:00,25.6
2025-06-12 01:19:00,83.1
2025-06-12 15:10:00,39.9
2025-06-12 11:54:00,87.0
2025-06-12 17:57:00,8.1
2025-06-12 07:34:00,13.0
2025-06-12 07:37:00,2.1
2025-06-12 03:07:00,50.190676567656766
2025-06-12 10:32:00,57.0
2025-06-12 06:54:00,80.7
2025-06-12 02:59:00,15.1
2025-06-12 21:36:00,11.4
2025-06-12 08:23:00,18.8
2025-06-12 17:39:00,50.7
2025-06-12 11:20:00,50.190676567656766
2025-06-12 20:13:00,88.1
2025-06-12 10:24:00,9.8
2025-06-12 17:24:00,88.3
2025-06-12 02:39:00,69.7
2025-06-12 09:33:00,29.2
2025-06-12 10:51:00,82.3
2025-06-12 16:55:00,80.7
2025-06-12 07:06:00,74.0
2025-06-12 17:30:00,100.0
2025-06-12 12:49:00,46.8
2025-06-12 13:03:00,67.6
2025-06-12 08:34:00,50.190676567656766
2025-06-12 00:07:00,89.2
2025-06-12 11:47:00,10.3
2025-06-12 13:41:00,40.3
2025-06-12 13:04:00,43.5
2025-06-12 08:19:00,19.5
2025-06-12 23:48:00,50.190676567656766
2025-06-12 12:29:00,98.2
2025-06-12 11:33:00,64.5
2025-06-12 13:17:00,20.8
2025-06-12 11:25:00,50.190676567656766
2025-06-12 21:20:00,24.0
2025-06-12 12:59:00,50.190676567656766
2025-06-12 20:53:00,43.0
2025-06-12 21:49:00,45.9
2025-06-12 15:50:00,50.190676567656766
2025-06-12 10:18:00,80.6
2025-06-12 09:06:00,95.1
2025-06-12 00:42:00,24.1
2025-06-12 04:08:00,30.7
2025-06-12 05:02:00,33.9
2025-06-12 06:39:00,4.9
2025-06-12 07:15:00,46.7
2025-06-12 18:55:00,19.7
2025-06-12 21:30:00,69.0
2025-06-12 10:45:00,31.2
2025-06-12 09:27:00,50.190676567656766
2025-06-12 06:55:00,57.3
2025-06-12 09:51:00,62.2
2025-06-12 00:53:00,13.0
2025-06-12 20:27:00,98.3
2025-06-12 17:05:00,5.0
2025-06-12 12:33:00,58.0
2025-06-12 13:51:00,80.2
2025-06-12 14:24:00,2.8
2025-06-12 01:48:00,14.2
2025-06-12 19:39:00,32.4
2025-06-12 03:35:00,97.0
2025-06-12 08:22:00,50.190676567656766
2025-06-12 06:35:00,51.0
2025-06-12 11:51:00,57.4
2025-06-12 19:21:00,29.4
2025-06-12 14:40:00,3.8
2025-06-12 17:53:00,18.1
2025-06-12 17:29:00,50.190676567656766
2025-06-12 04:11:00,4.6
2025-06-12 00:06:00,25.8
2025-06-12 05:13:00,14.6
2025-06-12 03:12:00,96.5
2025-06-12 13:49:00,34.4
2025-06-12 06:25:00,59.3
2025-06-12 23:42:00,42.5
2025-06-12 12:56:00,25.1
2025-06-12 21:28:00,50.8
2025-06-12 22:00:00,50.7
2025-06-12 02:11:00,7.3
2025-06-12 19:28:00,50.190676567656766
2025-06-12 11:43:00,54.3
2025-06-12 21:23:00,81.2
2025-06-12 23:04:00,29.8
2025-06-12 03:47:00,13.3
2025-06-12 00:10:00,10.7
2025-06-12 09:41:00,15.8
2025-06-12 17:37:00,60.5
2025-06-12 11:46:00,95.9
2025-06-12 10:46:00,28.4
2025-06-12 00:56:00,50.190676567656766
2025-06-12 08:28:00,60.6
2025-06-12 09:35:00,33.6
2025-06-12 14:50:00,86.8
2025-06-12 05:53:00,12.4
2025-06-12 02:34:00,96.2
2025-06-12 12:45:00,4.4
2025-06-12 17:21:00,53.2
2025-06-12 02:31:00,60.6
2025-06-12 17:09:00,34.0
2025-06-12 07:11:00,7.4
2025-06-12 03:16:00,54.0
2025-06-12 15:29:00,50.190676567656766
2025-06-12 18:29:00,40.9
2025-06-12 16:33:00,52.3
2025-06-12 05:06:00,22.1
2025-06-12 01:58:00,97.9
2025-06-12 17:35:00,78.8
2025-06-12 11:31:00,6.6
2025-06-12 22:54:00,27.2
2025-06-12 06:14:00,66.0
2025-06-12 03:22:00,36.0
2025-06-12 04:41:00,91.0
2025-06-12 07:33:00,49.0
2025-06-12 21:18:00,65.7
2025-06-12 16:50:00,50.190676567656766
2025-06-12 20:54:00,99.9
2025-06-12 21:36:00,15.7
2025-06-12 02:42:00,23.7
2025-06-12 13:17:00,19.0
2025-06-12 18:07:00,49.69925181201777
2025-06-12 01:02:00,13.4
2025-06-12 01:29:00,58.5
2025-06-12 11:59:00,99.1
2025-06-12 17:44:00,17.3
2025-06-12 20:25:00,49.69925181201777
2025-06-12 09:33:00,42.7
2025-06-12 22:28:00,28.6
2025-06-12 19:53:00,49.69925181201777
2025-06-12 17:03:00,0.2
2025-06-12 08:49:00,1.9
2025-06-12 19:25:00,63.5
2025-06-12 10:56:00,96.5
2025-06-12 16:19:00,49.69925181201777
2025-06-12 20:04:00,76.2
2025-06-12 22:53:00,49.69925181201777
2025-06-12 20:31:00,69.7
2025-06-12 01:09:00,6.0
2025-06-12 15:12:00,47.5
2025-06-12 05:00:00,49.69925181201777
2025-06-12 07:26:00,29.5
2025-06-12 02:13:00,0.8
2025-06-12 16:35:00,44.7
2025-06-12 23:17:00,31.7
2025-06-12 02:51:00,61.3
2025-06-12 20:27:00,21.9
2025-06-12 12:18:00,49.3
2025-06-12 14:27:00,48.8
2025-06-12 09:54:00,66.3
2025-06-12 11:03:00,50.4
2025-06-12 09:06:00,94.6
2025-06-12 02:36:00,20.1
2025-06-12 20:22:00,36.8
2025-06-12 17:28:00,49.69925181201777
2025-06-12 21:37:00,23.2
2025-06-12 20:00:00,76.5
2025-06-12 23:53:00,18.1
2025-06-12 08:53:00,100.0
2025-06-12 16:47:00,71.1
2025-06-12 14:50:00,87.0
2025-06-12 15:28:00,69.4
2025-06-12 19:32:00,36.3
2025-06-12 13:07:00,86.8
2025-06-12 15:16:00,20.1
2025-06-12 07:27:00,35.3
2025-06-12 06:10:00,49.69925181201777
2025-06-12 21:18:00,18.6
2025-06-12 23:50:00,65.9
2025-06-12 08:44:00,84.8
2025-06-12 16:05:00,89.6
2025-06-12 15:58:00,25.0
2025-06-12 01:17:00,17.8
2025-06-12 22:43:00,51.2
2025-06-12 07:17:00,49.69925181201777
2025-06-12 20:08:00,41.0
2025-06-12 11:50:00,49.9
2025-06-12 21:38:00,4.7
2025-06-12 04:18:00,79.4
2025-06-12 13:33:00,92.6
2025-06-12 08:22:00,29.4
2025-06-12 14:40:00,8.6
2025-06-12 04:04:00,70.5
2025-06-12 01:41:00,85.2
2025-06-12 19:04:00,4.1
2025-06-12 23:03:00,49.69925181201777
2025-06-12 14:25:00,23.8
2025-06-12 01:12:00,15.0
2025-06-12 05:56:00,45.3
2025-06-12 20:42:00,48.9
2025-06-12 22:18:00,30.2
2025-06-12 14:26:00,34.1
2025-06-12 22:22:00,29.0
2025-06-12 17:46:00,78.2
2025-06-12 12:56:00,80.6
2025-06-12 01:00:00,8.8
2025-06-12 23:41:00,98.9
2025-06-12 06:12:00,49.69925181201777
2025-06-12 02:53:00,41.6
2025-06-12 13:53:00,53.2
2025-06-12 11:49:00,10.0
2025-06-12 02:46:00,24.3
2025-06-12 21:44:00,28.1
2025-06-12 19:05:00,40.0
2025-06-12 06:30:00,60.6
2025-06-12 03:08:00,26.1
2025-06-12 17:13:00,1.1
2025-06-12 16:58:00,43.4
2025-06-12 03:12:00,29.6
2025-06-12 03:56:00,81.8
2025-06-12 21:25:00,90.2
2025-06-12 06:29:00,49.69925181201777
2025-06-12 10:35:00,63.0
2025-06-12 10:25:00,30.2
2025-06-12 04:53:00,60.0
2025-06-12 18:13:00,86.4
2025-06-12 13:37:00,79.2
2025-06-12 03:36:00,49.69925181201777
2025-06-12 09:09:00,26.1
2025-06-12 03:07:00,64.0
2025-06-12 10:33:00,47.0
2025-06-12 19:58:00,39.7
2025-06-12 12:44:00,49.69925181201777
2025-06-12 16:26:00,68.5
2025-06-12 01:39:00,81.5
2025-06-12 22:32:00,42.8
2025-06-12 15:22:00,26.9
2025-06-12 02:15:00,49.69925181201777
2025-06-12 23:34:00,29.5
2025-06-12 04:14:00,26.5
2025-06-12 07:39:00,58.1
2025-06-12 05:22:00,49.69925181201777
2025-06-12 22:30:00,60.1
2025-06-12 20:35:00,86.2
2025-06-12 01:04:00,69.4
2025-06-12 04:48:00,59.6
2025-06-12 20:55:00,98.2
2025-06-12 11:41:00,49.69925181201777
2025-06-12 04:34:00,17.0
2025-06-12 18:58:00,25.6
2025-06-12 17:58:00,91.0
2025-06-12 03:04:00,79.8
2025-06-12 22:49:00,10.9
2025-06-12 08:26:00,45.2
2025-06-12 02:47:00,64.4
2025-06-12 04:01:00,61.5
2025-06-12 04:36:00,43.4
2025-06-12 14:18:00,49.69925181201777
2025-06-12 07:41:00,13.1
2025-06-12 01:23:00,98.6
2025-06-12 14:47:00,68.5
2025-06-12 13:03:00,25.2
2025-06-12 16:43:00,12.2
2025-06-12 18:48:00,71.6
2025-06-12 06:54:00,60.6
2025-06-12 19:15:00,13.9
2025-06-12 19:33:00,49.69925181201777
2025-06-12 19:36:00,0.7
2025-06-12 11:07:00,85.0
2025-06-12 19:23:00,49.69925181201777
2025-06-12 11:11:00,68.8
2025-06-12 17:48:00,95.6
2025-06-12 04:22:00,61.0
2025-06-12 09:12:00,24.1
2025-06-12 11:34:00,79.7
2025-06-12 15:46:00,27.7
2025-06-12 08:15:00,49.69925181201777
2025-06-12 17:40:00,41.7
2025-06-12 22:20:00,37.6
2025-06-12 11:54:00,94.2
2025-06-12 17:18:00,24.7
2025-06-12 16:22:00,49.69925181201777
2025-06-12 22:50:00,65.3
2025-06-12 01:40:00,95.9
2025-06-12 04:46:00,49.69925181201777
2025-06-12 14:04:00,49.69925181201777
2025-06-12 20:45:00,45.0
2025-06-12 10:38:00,22.2
2025-06-12 04:16:00,49.69925181201777
2025-06-12 06:07:00,10.9
2025-06-12 07:20:00,71.9
2025-06-12 23:49:00,87.7
2025-06-12 13:12:00,99.1
2025-06-12 15:20:00,45.9
2025-06-12 01:30:00,54.2
2025-06-12 01:01:00,50.6
2025-06-12 05:41:00,50.8
2025-06-12 04:58:00,51.8
2025-06-12 22:08:00,53.8
2025-06-12 05:49:00,53.6
2025-06-12 01:51:00,49.69925181201777
2025-06-12 12:33:00,11.9
2025-06-12 22:26:00,36.4
2025-06-12 11:27:00,83.9
2025-06-12 12:02:00,19.2
2025-06-12 07:21:00,70.3
2025-06-12 21:05:00,94.9
2025-06-12 19:02:00,95.7
2025-06-12 11:36:00,49.69925181201777
2025-06-12 11:46:00,26.9
2025-06-12 02:30:00,90.0
2025-06-12 11:30:00,61.2
2025-06-12 04:09:00,9.6
2025-06-12 16:20:00,38.5
2025-06-12 00:03:00,61.7
2025-06-12 10:02:00,93.1
2025-06-12 21:17:00,94.9
2025-06-12 18:35:00,49.69925181201777
2025-06-12 04:29:00,55.5
2025-06-12 17:56:00,49.69925181201777
2025-06-12 20:03:00,96.3
2025-06-12 08:11:00,38.6
2025-06-12 17:42:00,47.7
2025-06-12 08:32:00,49.69925181201777
2025-06-12 15:04:00,60.4
2025-06-12 09:18:00,49.69925181201777
2025-06-12 02:22:00,28.7
2025-06-12 23:23:00,33.9
2025-06-12 13:54:00,73.6
2025-06-12 03:02:00,87.7
2025-06-12 17:43:00,99.0
2025-06-12 17:26:00,56.4
2025-06-12 06:14:00,9.9
2025-06-12 16:39:00,69.5
2025-06-12 18:53:00,78.5
2025-06-12 19:55:00,82.9
2025-06-12 16:29:00,45.1
2025-06-12 09:20:00,58.0
2025-06-12 03:09:00,52.5
2025-06-12 06:27:00,76.8
2025-06-12 14:08:00,14.6
2025-06-12 01:33:00,18.1
2025-06-12 08:03:00,0.4
2025-06-12 06:35:00,74.1
2025-06-12 03:50:00,79.3
2025-06-12 02:11:00,96.5
2025-06-12 04:59:00,87.6
2025-06-12 14:22:00,46.5
2025-06-12 06:56:00,99.4
2025-06-12 05:09:00,49.69925181201777
2025-06-12 01:57:00,2.8
2025-06-12 15:38:00,49.69925181201777
2025-06-12 15:55:00,49.69925181201777
2025-06-12 14:58:00,57.3
2025-06-12 05:23:00,67.7
2025-06-12 22:17:00,6.6
2025-06-12 04:20:00,69.4
2025-06-12 16:37:00,35.2
2025-06-12 07:43:00,63.8
2025-06-12 15:00:00,5.5
2025-06-12 14:35:00,67.1
2025-06-12 07:13:00,69.7
2025-06-12 00:08:00,83.9
2025-06-12 01:47:00,4.3
2025-06-12 22:41:00,22.2
2025-06-12 16:38:00,50.2
2025-06-12 23:01:00,19.4
2025-06-12 22:06:00,88.1
2025-06-12 15:54:00,35.4
2025-06-12 15:30:00,36.5
2025-06-12 06:11:00,18.6
2025-06-12 22:39:00,58.2
2025-06-12 11:42:00,23.5
2025-06-12 05:59:00,3.2
2025-06-12 10:34:00,75.5
2025-06-12 01:16:00,49.69925181201777
2025-06-12 07:31:00,49.69925181201777
2025-06-12 17:05:00,27.8
2025-06-12 06:32:00,93.6
2025-06-12 18:55:00,6.4
2025-06-12 11:05:00,42.0
2025-06-12 15:08:00,49.69925181201777
2025-06-12 11:56:00,44.1
2025-06-12 09:24:00,69.6
2025-06-12 08:17:00,28.3
2025-06-12 08:41:00,49.69925181201777
2025-06-12 17:49:00,61.2
2025-06-12 10:48:00,83.6
2025-06-12 04:25:00,34.4
2025-06-12 17:39:00,24.1
2025-06-12 00:47:00,79.0
2025-06-12 03:52:00,18.3
2025-06-12 12:55:00,49.69925181201777
2025-06-12 13:40:00,83.0
2025-06-12 18:16:00,84.2
2025-06-12 19:38:00,72.4
2025-06-12 13:16:00,85.6
2025-06-12 05:01:00,2.7
2025-06-12 10:16:00,9.8
2025-06-12 11:39:00,1.7
2025-06-12 10:45:00,63.2
2025-06-12 14:46:00,74.5
2025-06-12 07:56:00,9.6
2025-06-12 14:41:00,85.5
2025-06-12 23:57:00,97.7
2025-06-12 15:56:00,9.7
2025-06-12 03:54:00,22.1
2025-06-12 08:28:00,18.7
2025-06-12 20:14:00,1.7
2025-06-12 02:06:00,8.5
2025-06-12 05:10:00,39.8
2025-06-12 08:19:00,79.3
2025-06-12 17:41:00,18.2
2025-06-12 02:19:00,86.6
2025-06-12 17:19:00,49.69925181201777
2025-06-12 16:08:00,82.5
2025-06-12 09:37:00,91.4
2025-06-12 15:02:00,54.1
2025-06-12 19:27:00,49.69925181201777
2025-06-12 18:47:00,97.5
2025-06-12 14:02:00,27.7
2025-06-12 13:10:00,11.8
2025-06-12 12:27:00,30.6
2025-06-12 22:40:00,29.7
2025-06-12 11:20:00,61.8
2025-06-12 10:47:00,46.5
2025-06-12 18:37:00,50.9
2025-06-12 12:31:00,49.69925181201777
2025-06-12 12:53:00,49.69925181201777
2025-06-12 00:17:00,4.1
2025-06-12 19:52:00,33.4
2025-06-12 15:45:00,81.9
2025-06-12 13:15:00,48.5
2025-06-12 16:04:00,87.9
2025-06-12 20:44:00,65.2
2025-06-12 23:35:00,8.1
2025-06-12 05:05:00,67.1
2025-06-12 00:36:00,98.8
2025-06-12 02:31:00,39.6
2025-06-12 19:14:00,50.15234640140434
2025-06-12 05:52:00,83.9
2025-06-12 18:40:00,11.3
2025-06-12 09:54:00,21.8
2025-06-12 14:14:00,94.8
2025-06-12 05:54:00,4.5
2025-06-12 18:17:00,50.15234640140434
2025-06-12 11:11:00,8.0
2025-06-12 13:54:00,36.6
2025-06-12 14:27:00,67.6
2025-06-12 06:49:00,50.15234640140434
2025-06-12 14:35:00,88.8
2025-06-12 18:56:00,57.9
2025-06-12 23:18:00,82.4
2025-06-12 23:50:00,42.8
2025-06-12 18:18:00,5.6
2025-06-12 06:48:00,50.15234640140434
2025-06-12 21:48:00,50.15234640140434
2025-06-12 15:33:00,67.3
2025-06-12 10:10:00,61.4
2025-06-12 22:32:00,71.9
2025-06-12 11:37:00,14.7
2025-06-12 11:24:00,65.7
2025-06-12 20:05:00,9.6
2025-06-12 05:29:00,16.9
2025-06-12 02:20:00,12.8
2025-06-12 18:32:00,10.4
2025-06-12 23:22:00,49.3
2025-06-12 11:16:00,50.15234640140434
2025-06-12 13:37:00,58.7
2025-06-12 12:27:00,59.0
2025-06-12 05:46:00,33.5
2025-06-12 12:49:00,50.15234640140434
2025-06-12 09:40:00,50.15234640140434
2025-06-12 17:25:00,67.9
2025-06-12 18:49:00,72.3
2025-06-12 15:24:00,16.4
2025-06-12 23:36:00,35.9
2025-06-12 22:53:00,4.5
2025-06-12 15:13:00,39.8
2025-06-12 13:26:00,83.4
2025-06-12 16:57:00,90.5
2025-06-12 21:13:00,78.4
2025-06-12 16:29:00,35.5
2025-06-12 19:36:00,97.3
2025-06-12 14:09:00,50.15234640140434
2025-06-12 12:08:00,50.7
2025-06-12 13:58:00,71.8
2025-06-12 08:09:00,47.4
2025-06-12 23:01:00,89.5
2025-06-12 21:53:00,93.1
2025-06-12 07:09:00,61.0
2025-06-12 23:15:00,50.15234640140434
2025-06-12 02:59:00,50.15234640140434
2025-06-12 04:36:00,43.4
2025-06-12 01:57:00,68.6
2025-06-12 15:31:00,50.15234640140434
2025-06-12 18:58:00,42.8
2025-06-12 19:53:00,94.6
2025-06-12 15:02:00,51.7
2025-06-12 05:47:00,98.8
2025-06-12 15:19:00,50.5
2025-06-12 03:08:00,0.0
2025-06-12 13:21:00,50.15234640140434
2025-06-12 11:36:00,18.8
2025-06-12 10:38:00,87.9
2025-06-12 17:06:00,68.6
2025-06-12 10:05:00,87.4
2025-06-12 01:18:00,63.9
2025-06-12 22:38:00,75.3
2025-06-12 13:32:00,50.15234640140434
2025-06-12 15:47:00,50.15234640140434
2025-06-12 12:31:00,4.8
2025-06-12 14:15:00,87.5
2025-06-12 10:52:00,15.2
2025-06-12 21:21:00,25.1
2025-06-12 21:22:00,50.15234640140434
2025-06-12 22:30:00,7.2
2025-06-12 02:19:00,50.15234640140434
2025-06-12 23:40:00,89.0
2025-06-12 10:36:00,50.15234640140434
2025-06-12 05:37:00,91.1
2025-06-12 17:59:00,47.4
2025-06-12 11:01:00,3.7
2025-06-12 11:03:00,97.0
2025-06-12 19:01:00,5.1
2025-06-12 05:44:00,50.15234640140434
2025-06-12 10:15:00,90.6
2025-06-12 00:40:00,21.2
2025-06-12 19:57:00,11.3
2025-06-12 07:06:00,87.0
2025-06-12 10:49:00,99.0
2025-06-12 22:21:00,89.9
2025-06-12 00:17:00,6.5
2025-06-12 10:17:00,95.0
2025-06-12 04:50:00,58.5
2025-06-12 13:47:00,43.2
2025-06-12 11:51:00,57.0
2025-06-12 22:35:00,84.9
2025-06-12 01:42:00,34.6
2025-06-12 20:46:00,3.8
2025-06-12 23:05:00,13.6
2025-06-12 02:52:00,46.5
2025-06-12 02:17:00,16.5
2025-06-12 22:06:00,67.0
2025-06-12 06:51:00,89.1
2025-06-12 08:16:00,32.9
2025-06-12 11:48:00,34.7
2025-06-12 10:39:00,15.3
2025-06-12 22:20:00,68.5
2025-06-12 02:16:00,23.0
2025-06-12 11:33:00,98.5
2025-06-12 19:07:00,72.8
2025-06-12 17:58:00,50.15234640140434
2025-06-12 08:23:00,62.4
2025-06-12 16:30:00,28.6
2025-06-12 10:18:00,14.7
2025-06-12 20:58:00,7.6
2025-06-12 03:06:00,50.15234640140434
2025-06-12 12:04:00,54.4
2025-06-12 19:13:00,50.15234640140434
2025-06-12 05:21:00,50.15234640140434
2025-06-12 02:56:00,50.15234640140434
2025-06-12 16:52:00,88.5
2025-06-12 11:58:00,11.8
2025-06-12 04:33:00,66.5
2025-06-12 08:55:00,50.15234640140434
2025-06-12 10:23:00,6.5
2025-06-12 20:03:00,44.4
2025-06-12 09:53:00,0.8
2025-06-12 02:34:00,69.3
2025-06-12 00:47:00,50.4
2025-06-12 11:02:00,19.2
2025-06-12 11:04:00,46.2
2025-06-12 10:57:00,47.9
2025-06-12 05:43:00,39.9
2025-06-12 07:12:00,50.15234640140434
2025-06-12 08:46:00,27.4
2025-06-12 11:46:00,72.4
2025-06-12 04:02:00,68.6
2025-06-12 05:18:00,48.5
2025-06-12 15:30:00,57.7
2025-06-12 17:44:00,55.7
2025-06-12 17:11:00,2.4
2025-06-12 15:29:00,43.2
2025-06-12 19:59:00,40.9
2025-06-12 02:40:00,13.4
2025-06-12 05:03:00,76.5
2025-06-12 21:11:00,50.15234640140434
2025-06-12 22:17:00,4.6
2025-06-12 20:36:00,37.9
2025-06-12 05:36:00,40.6
2025-06-12 04:48:00,50.15234640140434
2025-06-12 16:07:00,70.8
2025-06-12 11:25:00,54.3
2025-06-12 19:39:00,11.8
2025-06-12 15:00:00,37.8
2025-06-12 13:08:00,19.4
2025-06-12 19:02:00,56.3
2025-06-12 07:46:00,43.8
2025-06-12 07:38:00,76.8
2025-06-12 19:35:00,18.2
2025-06-12 23:55:00,50.15234640140434
2025-06-12 15:42:00,98.0
2025-06-12 09:49:00,33.3
2025-06-12 05:02:00,67.1
2025-06-12 14:38:00,50.15234640140434
2025-06-12 15:57:00,32.3
2025-06-12 17:38:00,59.7
2025-06-12 10:03:00,50.15234640140434
2025-06-12 01:06:00,26.6
2025-06-12 19:03:00,60.0
2025-06-12 11:44:00,19.9
2025-06-12 20:34:00,14.8
2025-06-12 23:20:00,52.4
2025-06-12 02:10:00,15.3
2025-06-12 09:39:00,49.2
2025-06-12 03:15:00,21.3
2025-06-12 06:07:00,60.8
2025-06-12 08:43:00,62.1
2025-06-12 12:10:00,50.15234640140434
2025-06-12 07:52:00,32.3
2025-06-12 00:11:00,44.5
2025-06-12 11:06:00,25.7
2025-06-12 08:32:00,50.15234640140434
2025-06-12 08:26:00,50.15234640140434
2025-06-12 07:04:00,45.4
2025-06-12 12:18:00,50.15234640140434
2025-06-12 04:11:00,77.9
2025-06-12 14:44:00,59.5
2025-06-12 13:00:00,45.3
2025-06-12 21:54:00,50.15234640140434
2025-06-12 20:39:00,13.7
2025-06-12 08:53:00,61.1
2025-06-12 03:45:00,96.6
2025-06-12 14:36:00,50.15234640140434
2025-06-12 10:51:00,95.4
2025-06-12 14:37:00,50.15234640140434
2025-06-12 15:34:00,50.15234640140434
2025-06-12 12:12:00,80.7
2025-06-12 12:05:00,14.5
2025-06-12 19:23:00,50.15234640140434
2025-06-12 23:14:00,94.6
2025-06-12 20:52:00,17.7
2025-06-12 13:24:00,85.7
2025-06-12 02:06:00,57.8
2025-06-12 12:20:00,35.7
2025-06-12 01:01:00,51.0
2025-06-12 16:01:00,85.9
2025-06-12 22:31:00,4.1
2025-06-12 16:44:00,50.15234640140434
2025-06-12 06:43:00,50.15234640140434
2025-06-12 19:29:00,34.9
2025-06-12 12:56:00,61.4
2025-06-12 19:28:00,73.5
2025-06-12 11:13:00,54.8
2025-06-12 09:36:00,70.6
2025-06-12 02:28:00,88.3
2025-06-12 07:42:00,99.5
2025-06-12 04:09:00,6.3
2025-06-12 23:58:00,67.5
2025-06-12 23:07:00,40.1
2025-06-12 13:45:00,10.2
2025-06-12 04:45:00,34.2
2025-06-12 13:44:00,99.2
2025-06-12 10:13:00,63.8
2025-06-12 22:46:00,68.1
2025-06-12 18:50:00,50.15234640140434
2025-06-12 09:06:00,33.2
2025-06-12 01:47:00,86.8
2025-06-12 21:25:00,26.2
2025-06-12 06:32:00,86.4
2025-06-12 12:47:00,50.15234640140434
2025-06-12 01:55:00,71.3
2025-06-12 12:24:00,11.1
2025-06-12 11:21:00,40.6
2025-06-12 19:50:00,47.5
2025-06-12 16:43:00,65.7
2025-06-12 15:14:00,50.15234640140434
2025-06-12 00:42:00,67.3
2025-06-12 20:27:00,59.0
2025-06-12 12:03:00,50.8
2025-06-12 23:31:00,66.0
2025-06-12 10:55:00,65.2
2025-06-12 18:30:00,19.9
2025-06-12 23:16:00,61.0
2025-06-12 18:12:00,9.2
2025-06-12 04:44:00,61.5
2025-06-12 11:05:00,39.2
2025-06-12 05:25:00,9.6
2025-06-12 06:37:00,16.6
2025-06-12 13:23:00,89.3
2025-06-12 21:44:00,82.8
2025-06-12 03:12:00,37.6
2025-06-12 12:59:00,73.9
2025-06-12 14:20:00,50.15234640140434
2025-06-12 03:18:00,83.4
2025-06-12 19:48:00,27.3
2025-06-12 18:06:00,69.2
2025-06-12 00:50:00,82.2
2025-06-12 22:15:00,17.0
2025-06-12 18:45:00,6.9
2025-06-12 01:15:00,5.3
2025-06-12 21:32:00,50.15234640140434
2025-06-12 03:17:00,94.9
2025-06-12 23:24:00,41.2
2025-06-12 01:34:00,43.8
2025-06-12 12:57:00,53.2
2025-06-12 10:43:00,50.15234640140434
2025-06-12 03:54:00,53.2
2025-06-12 19:37:00,50.15234640140434
2025-06-12 04:46:00,22.2
2025-06-12 14:22:00,50.15234640140434
2025-06-12 17:03:00,50.15234640140434
2025-06-12 07:20:00,72.6
2025-06-12 02:11:00,59.5
2025-06-12 21:59:00,62.0
2025-06-12 08:24:00,88.3
2025-06-12 08:45:00,70.5
2025-06-12 22:41:00,69.4
2025-06-12 01:33:00,23.2
2025-06-12 08:13:00,14.1
2025-06-12 12:02:00,50.15234640140434
2025-06-12 06:20:00,43.0
2025-06-12 22:48:00,36.8
2025-06-12 17:00:00,67.7
2025-06-12 17:36:00,81.0
2025-06-12 06:53:00,41.8
2025-06-12 03:14:00,76.9
2025-06-12 20:06:00,89.5
2025-06-12 11:30:00,76.4
2025-06-12 02:38:00,88.4
2025-06-12 12:29:00,28.1
2025-06-12 11:00:00,24.4
2025-06-12 17:27:00,74.5
2025-06-12 00:41:00,57.1
2025-06-12 10:04:00,22.7
2025-06-12 01:49:00,14.2
2025-06-12 00:03:00,75.5
2025-06-12 10:33:00,49.8
2025-06-12 07:23:00,20.7
2025-06-12 15:21:00,75.4
2025-06-12 07:11:00,69.2
2025-06-12 20:29:00,50.15747328871669
2025-06-12 11:37:00,15.4
2025-06-12 12:08:00,90.0
2025-06-12 00:04:00,91.5
2025-06-12 05:31:00,10.5
2025-06-12 00:28:00,82.5
2025-06-12 00:53:00,32.5
2025-06-12 22:32:00,68.4
2025-06-12 23:41:00,35.7
2025-06-12 10:27:00,95.4
2025-06-12 10:14:00,85.3
2025-06-12 17:25:00,31.5
2025-06-12 16:44:00,42.4
2025-06-12 14:11:00,50.15747328871669
2025-06-12 15:30:00,93.1
2025-06-12 10:25:00,8.5
2025-06-12 09:18:00,46.8
2025-06-12 02:10:00,30.6
2025-06-12 16:39:00,11.5
2025-06-12 21:27:00,97.9
2025-06-12 03:01:00,40.6
2025-06-12 16:29:00,56.7
2025-06-12 16:36:00,88.8
2025-06-12 05:00:00,16.4
2025-06-12 03:51:00,27.6
2025-06-12 21:19:00,74.9
2025-06-12 12:48:00,37.7
2025-06-12 08:16:00,48.9
2025-06-12 17:31:00,45.4
2025-06-12 13:44:00,3.8
2025-06-12 01:27:00,69.3
2025-06-12 12:32:00,77.7
2025-06-12 23:57:00,6.9
2025-06-12 18:44:00,26.4
2025-06-12 16:13:00,34.8
2025-06-12 17:51:00,15.2
2025-06-12 08:08:00,98.8
2025-06-12 09:51:00,48.6
2025-06-12 01:52:00,43.3
2025-06-12 21:25:00,47.9
2025-06-12 18:55:00,73.8
2025-06-12 19:48:00,29.4
2025-06-12 12:19:00,62.8
2025-06-12 17:04:00,15.8
2025-06-12 19:39:00,73.9
2025-06-12 19:52:00,50.15747328871669
2025-06-12 20:43:00,70.5
2025-06-12 18:46:00,85.5
2025-06-12 22:54:00,75.8
2025-06-12 20:56:00,74.7
2025-06-12 13:37:00,57.9
2025-06-12 07:42:00,62.7
2025-06-12 02:53:00,79.5
2025-06-12 01:39:00,6.5
2025-06-12 11:01:00,50.15747328871669
2025-06-12 23:27:00,34.9
2025-06-12 01:47:00,10.6
2025-06-12 11:53:00,32.0
2025-06-12 22:06:00,83.5
2025-06-12 06:45:00,70.0
2025-06-12 14:27:00,45.0
2025-06-12 22:48:00,47.8
2025-06-12 14:57:00,32.5
2025-06-12 15:45:00,5.3
2025-06-12 13:07:00,50.15747328871669
2025-06-12 16:50:00,50.15747328871669
2025-06-12 05:33:00,53.6
2025-06-12 20:49:00,50.15747328871669
2025-06-12 08:54:00,63.7
2025-06-12 04:03:00,50.15747328871669
2025-06-12 12:52:00,96.4
2025-06-12 20:46:00,54.8
2025-06-12 10:03:00,16.0
2025-06-12 17:49:00,33.1
2025-06-12 21:52:00,8.0
2025-06-12 20:14:00,79.7
2025-06-12 07:36:00,96.5
2025-06-12 01:50:00,70.3
2025-06-12 16:20:00,95.6
2025-06-12 03:10:00,63.5
2025-06-12 07:34:00,67.8
2025-06-12 18:48:00,2.6
2025-06-12 01:48:00,16.5
2025-06-12 12:28:00,50.15747328871669
2025-06-12 11:55:00,35.4
2025-06-12 16:15:00,10.1
2025-06-12 08:58:00,77.0
2025-06-12 16:18:00,43.0
2025-06-12 01:55:00,54.7
2025-06-12 21:59:00,1.9
2025-06-12 19:09:00,78.6
2025-06-12 09:02:00,73.3
2025-06-12 22:10:00,90.5
2025-06-12 15:29:00,54.9
2025-06-12 04:33:00,50.15747328871669
2025-06-12 11:59:00,81.6
2025-06-12 03:02:00,97.6
2025-06-12 12:34:00,65.8
2025-06-12 17:28:00,4.6
2025-06-12 12:15:00,73.8
2025-06-12 03:11:00,50.15747328871669
2025-06-12 10:12:00,32.9
2025-06-12 04:54:00,18.2
2025-06-12 21:34:00,68.5
2025-06-12 18:42:00,23.5
2025-06-12 21:02:00,50.15747328871669
2025-06-12 10:39:00,74.5
2025-06-12 08:39:00,81.0
2025-06-12 09:41:00,26.3
2025-06-12 04:34:00,30.0
2025-06-12 10:32:00,59.3
2025-06-12 19:05:00,47.4
2025-06-12 19:44:00,55.5
2025-06-12 13:29:00,40.3
2025-06-12 20:25:00,3.1
2025-06-12 18:45:00,28.5
2025-06-12 07:24:00,50.15747328871669
2025-06-12 02:28:00,18.2
2025-06-12 02:06:00,79.2
2025-06-12 15:33:00,96.6
2025-06-12 08:41:00,58.0
2025-06-12 03:31:00,74.2
2025-06-12 18:05:00,14.9
2025-06-12 13:54:00,59.1
2025-06-12 04:57:00,25.4
2025-06-12 07:15:00,50.15747328871669
2025-06-12 20:58:00,52.0
2025-06-12 05:05:00,46.4
2025-06-12 09:45:00,22.9
2025-06-12 02:12:00,50.15747328871669
2025-06-12 14:03:00,21.7
2025-06-12 08:30:00,35.3
2025-06-12 03:19:00,51.6
2025-06-12 09:13:00,48.8
2025-06-12 12:02:00,99.7
2025-06-12 11:17:00,33.2
2025-06-12 13:53:00,50.15747328871669
2025-06-12 22:27:00,98.9
2025-06-12 10:43:00,26.4
2025-06-12 14:53:00,54.0
2025-06-12 06:51:00,60.2
2025-06-12 09:09:00,78.2
2025-06-12 12:47:00,1.5
2025-06-12 01:35:00,5.2
2025-06-12 07:30:00,50.15747328871669
2025-06-12 02:37:00,46.6
2025-06-12 15:28:00,50.15747328871669
2025-06-12 15:20:00,59.8
2025-06-12 10:05:00,50.2
2025-06-12 08:33:00,77.6
2025-06-12 11:08:00,15.8
2025-06-12 21:11:00,84.5
2025-06-12 03:52:00,65.9
2025-06-12 09:49:00,67.9
2025-06-12 17:45:00,48.8
2025-06-12 05:38:00,24.3
2025-06-12 05:14:00,23.4
2025-06-12 14:10:00,50.15747328871669
2025-06-12 19:38:00,10.2
2025-06-12 04:27:00,37.5
2025-06-12 17:03:00,20.2
2025-06-12 12:18:00,40.0
2025-06-12 23:52:00,79.3
2025-06-12 15:44:00,50.15747328871669
2025-06-12 20:22:00,20.3
2025-06-12 05:55:00,41.0
2025-06-12 21:28:00,50.15747328871669
2025-06-12 07:06:00,95.1
2025-06-12 11:11:00,93.4
2025-06-12 23:34:00,30.2
2025-06-12 03:07:00,58.8
2025-06-12 05:27:00,44.3
2025-06-12 05:51:00,69.3
2025-06-12 18:18:00,45.3
2025-06-12 02:45:00,93.8
2025-06-12 14:46:00,37.2
2025-06-12 03:13:00,41.7
2025-06-12 21:50:00,66.2
2025-06-12 13:43:00,92.1
2025-06-12 21:05:00,49.0
2025-06-12 12:49:00,60.0
2025-06-12 06:33:00,85.5
2025-06-12 23:23:00,50.15747328871669
2025-06-12 00:21:00,93.3
2025-06-12 17:21:00,34.3
2025-06-12 16:23:00,50.15747328871669
2025-06-12 14:23:00,6.3
2025-06-12 14:45:00,11.8
2025-06-12 00:03:00,49.4
2025-06-12 23:40:00,14.8
2025-06-12 18:41:00,92.7
2025-06-12 21:20:00,73.7
2025-06-12 03:56:00,2.0
2025-06-12 11:18:00,15.6
2025-06-12 06:43:00,50.15747328871669
2025-06-12 16:21:00,58.7
2025-06-12 08:52:00,86.6
2025-06-12 22:43:00,70.6
2025-06-12 01:49:00,67.2
2025-06-12 11:23:00,50.15747328871669
2025-06-12 12:37:00,75.1
2025-06-12 01:36:00,93.6
2025-06-12 09:23:00,50.15747328871669
2025-06-12 14:21:00,71.8
2025-06-12 05:07:00,19.3
2025-06-12 15:07:00,50.15747328871669
2025-06-12 01:00:00,78.4
2025-06-12 19:54:00,6.9
2025-06-12 17:34:00,50.15747328871669
2025-06-12 13:34:00,92.6
2025-06-12 07:26:00,50.15747328871669
2025-06-12 23:59:00,50.15747328871669
2025-06-12 21:08:00,6.6
2025-06-12 16:54:00,87.7
2025-06-12 12:51:00,50.15747328871669
2025-06-12 12:09:00,70.7
2025-06-12 05:30:00,23.1
2025-06-12 16:02:00,83.1
2025-06-12 12:39:00,50.15747328871669
2025-06-12 04:52:00,1.6
2025-06-12 19:04:00,50.15747328871669
2025-06-12 09:22:00,50.15747328871669
2025-06-12 04:19:00,59.9
2025-06-12 00:45:00,13.1
2025-06-12 16:12:00,67.0
2025-06-12 04:14:00,47.5
2025-06-12 04:46:00,8.7
2025-06-12 04:13:00,26.5
2025-06-12 06:57:00,61.2
2025-06-12 21:43:00,17.0
2025-06-12 07:18:00,50.15747328871669
2025-06-12 10:34:00,93.5
2025-06-12 00:13:00,62.7
2025-06-12 19:35:00,3.6
2025-06-12 21:18:00,87.8
2025-06-12 01:17:00,69.4
2025-06-12 15:51:00,7.9
2025-06-12 11:33:00,67.1
2025-06-12 22:46:00,72.4
2025-06-12 19:18:00,81.7
2025-06-12 00:14:00,37.8
2025-06-12 18:31:00,76.3
2025-06-12 15:13:00,6.9
2025-06-12 18:11:00,6.5
2025-06-12 18:04:00,62.6
2025-06-12 05:45:00,68.5
2025-06-12 03:42:00,30.3
2025-06-12 04:58:00,50.15747328871669
2025-06-12 16:22:00,66.4
2025-06-12 13:38:00,67.8
2025-06-12 12:27:00,45.4
2025-06-12 16:35:00,91.8
2025-06-12 18:33:00,8.0
2025-06-12 09:27:00,50.15747328871669
2025-06-12 18:54:00,31.9
2025-06-12 22:29:00,35.8
2025-06-12 06:56:00,41.0
2025-06-12 11:05:00,86.0
2025-06-12 05:39:00,78.4
2025-06-12 10:15:00,94.5
2025-06-12 17:39:00,5.6
2025-06-12 02:56:00,40.4
2025-06-12 09:59:00,9.3
2025-06-12 07:49:00,50.15747328871669
2025-06-12 00:36:00,70.8
2025-06-12 06:26:00,17.3
2025-06-12 15:35:00,2.5
2025-06-12 20:15:00,98.9
2025-06-12 21:09:00,63.6
2025-06-12 08:18:00,52.1
2025-06-12 05:22:00,50.15747328871669
2025-06-12 01:05:00,82.1
2025-06-12 07:20:00,50.15747328871669
2025-06-12 13:47:00,50.3
2025-06-12 01:41:00,50.15747328871669
2025-06-12 22:52:00,39.0
2025-06-12 01:25:00,6.2
2025-06-12 09:05:00,47.6
2025-06-12 13:30:00,79.3
2025-06-12 00:39:00,77.3
2025-06-12 17:48:00,24.0
2025-06-12 02:17:00,24.8
2025-06-12 02:03:00,15.4
2025-06-12 20:33:00,82.9
2025-06-12 19:37:00,54.6
2025-06-12 00:17:00,56.0
2025-06-12 12:12:00,76.9
2025-06-12 04:09:00,79.6
2025-06-12 07:22:00,70.4
2025-06-12 14:59:00,63.0
2025-06-12 06:09:00,33.4
2025-06-12 01:34:00,0.9
2025-06-12 09:14:00,50.15747328871669
2025-06-12 18:34:00,60.5
2025-06-12 22:00:00,41.8
2025-06-12 14:54:00,26.7
2025-06-12 08:24:00,16.5
2025-06-12 09:08:00,37.6
2025-06-12 05:48:00,70.5
2025-06-12 10:06:00,89.2
2025-06-12 12:10:00,99.9
2025-06-12 21:44:00,33.4
2025-06-12 05:17:00,50.15747328871669
2025-06-12 22:44:00,11.9
2025-06-12 09:00:00,61.6
2025-06-12 17:24:00,64.9
2025-06-12 07:07:00,75.1
2025-06-12 15:37:00,79.2
2025-06-12 04:23:00,40.2
2025-06-12 01:31:00,68.5
2025-06-12 23:28:00,13.7
2025-06-12 05:10:00,50.15747328871669
2025-06-12 16:28:00,40.5
2025-06-12 13:51:00,99.2
2025-06-12 18:06:00,11.1
2025-06-12 03:36:00,50.15747328871669
2025-06-12 10:24:00,68.2
2025-06-12 10:37:00,69.9
2025-06-12 17:50:00,48.4
2025-06-12 13:33:00,50.15747328871669
2025-06-12 14:17:00,20.4
2025-06-12 22:23:00,27.0
2025-06-12 04:00:00,95.1
2025-06-12 15:22:00,61.8
2025-06-12 04:31:00,2.5
2025-06-12 23:36:00,50.07997412982127
2025-06-12 10:21:00,75.8
2025-06-12 14:22:00,81.7
2025-06-12 03:13:00,18.8
2025-06-12 00:40:00,63.2
2025-06-12 18:41:00,16.8
2025-06-12 00:12:00,26.5
2025-06-12 01:19:00,49.5
2025-06-12 07:38:00,50.07997412982127
2025-06-12 03:38:00,94.4
2025-06-12 21:36:00,50.07997412982127
2025-06-12 14:05:00,36.1
2025-06-12 06:37:00,50.07997412982127
2025-06-12 18:35:00,50.07997412982127
2025-06-12 18:18:00,3.9
2025-06-12 20:31:00,68.4
2025-06-12 18:19:00,36.8
2025-06-12 23:53:00,61.6
2025-06-12 09:28:00,6.4
2025-06-12 14:00:00,94.0
2025-06-12 00:44:00,37.4
2025-06-12 05:52:00,50.07997412982127
2025-06-12 10:41:00,17.8
2025-06-12 00:18:00,77.8
2025-06-12 12:41:00,5.6
2025-06-12 01:13:00,74.4
2025-06-12 19:58:00,57.5
2025-06-12 23:51:00,90.2
2025-06-12 05:37:00,36.3
2025-06-12 17:16:00,50.07997412982127
2025-06-12 04:40:00,15.2
2025-06-12 15:33:00,54.6
2025-06-12 08:33:00,50.07997412982127
2025-06-12 22:55:00,57.8
2025-06-12 09:58:00,99.4
2025-06-12 16:34:00,50.07997412982127
2025-06-12 09:14:00,17.4
2025-06-12 02:47:00,50.07997412982127
2025-06-12 12:20:00,50.07997412982127
2025-06-12 09:56:00,50.07997412982127
2025-06-12 06:30:00,32.2
2025-06-12 07:01:00,86.7
2025-06-12 03:27:00,71.4
2025-06-12 10:56:00,31.2
2025-06-12 23:02:00,50.07997412982127
2025-06-12 01:59:00,68.0
2025-06-12 19:13:00,50.07997412982127
2025-06-12 14:29:00,30.5
2025-06-12 18:45:00,16.4
2025-06-12 12:03:00,82.0
2025-06-12 10:07:00,59.5
2025-06-12 11:58:00,56.7
2025-06-12 01:15:00,21.0
2025-06-12 16:43:00,15.4
2025-06-12 11:03:00,50.07997412982127
2025-06-12 20:21:00,21.0
2025-06-12 06:47:00,80.4
2025-06-12 20:37:00,29.8
2025-06-12 23:11:00,60.8
2025-06-12 06:50:00,94.4
2025-06-12 21:12:00,57.5
2025-06-12 02:14:00,75.3
2025-06-12 08:40:00,97.4
2025-06-12 20:08:00,66.6
2025-06-12 22:04:00,58.1
2025-06-12 09:47:00,93.1
2025-06-12 20:55:00,50.07997412982127
2025-06-12 01:22:00,10.3
2025-06-12 16:53:00,45.8
2025-06-12 19:35:00,2.6
2025-06-12 23:12:00,50.07997412982127
2025-06-12 18:42:00,87.3
2025-06-12 10:20:00,50.07997412982127
2025-06-12 01:32:00,58.2
2025-06-12 22:34:00,44.5
2025-06-12 18:15:00,29.7
2025-06-12 02:54:00,26.1
2025-06-12 04:30:00,66.7
2025-06-12 09:59:00,50.07997412982127
2025-06-12 00:47:00,33.8
2025-06-12 04:18:00,50.07997412982127
2025-06-12 01:18:00,46.0
2025-06-12 21:21:00,50.07997412982127
2025-06-12 10:02:00,82.5
2025-06-12 18:17:00,50.07997412982127
2025-06-12 21:17:00,50.07997412982127
2025-06-12 18:16:00,12.6
2025-06-12 09:06:00,50.07997412982127
2025-06-12 13:55:00,56.3
2025-06-12 20:52:00,50.07997412982127
2025-06-12 20:26:00,16.3
2025-06-12 18:28:00,92.1
2025-06-12 18:22:00,90.5
2025-06-12 15:44:00,21.9
2025-06-12 07:10:00,30.1
2025-06-12 17:05:00,70.2
2025-06-12 14:44:00,1.1
2025-06-12 04:27:00,62.3
2025-06-12 17:48:00,8.6
2025-06-12 09:35:00,54.5
2025-06-12 11:59:00,27.4
2025-06-12 05:05:00,81.0
2025-06-12 19:02:00,50.07997412982127
2025-06-12 16:14:00,34.9
2025-06-12 02:16:00,50.07997412982127
2025-06-12 02:22:00,50.07997412982127
2025-06-12 11:00:00,82.8
2025-06-12 21:13:00,58.3
2025-06-12 15:19:00,65.8
2025-06-12 15:05:00,41.1
2025-06-12 09:04:00,50.07997412982127
2025-06-12 19:54:00,30.1
2025-06-12 05:26:00,5.1
2025-06-12 21:55:00,64.6
2025-06-12 08:08:00,5.3
2025-06-12 18:47:00,2.1
2025-06-12 00:22:00,4.5
2025-06-12 08:38:00,57.5
2025-06-12 23:06:00,97.8
2025-06-12 02:44:00,67.3
2025-06-12 01:20:00,50.07997412982127
2025-06-12 15:43:00,40.8
2025-06-12 23:04:00,4.4
2025-06-12 10:37:00,50.07997412982127
2025-06-12 06:06:00,94.1
2025-06-12 21:58:00,96.9
2025-06-12 06:01:00,33.8
2025-06-12 15:24:00,99.6
2025-06-12 00:08:00,74.6
2025-06-12 07:49:00,78.0
2025-06-12 21:14:00,50.07997412982127
2025-06-12 11:18:00,28.9
2025-06-12 08:23:00,55.2
2025-06-12 11:57:00,81.5
2025-06-12 09:13:00,39.5
2025-06-12 15:38:00,45.5
2025-06-12 15:51:00,50.07997412982127
2025-06-12 12:57:00,50.07997412982127
2025-06-12 04:32:00,13.8
2025-06-12 12:37:00,42.7
2025-06-12 23:43:00,85.9
2025-06-12 13:52:00,80.0
2025-06-12 07:14:00,13.8
2025-06-12 01:55:00,62.9
2025-06-12 21:46:00,80.3
2025-06-12 23:54:00,95.8
2025-06-12 09:42:00,30.7
2025-06-12 09:38:00,89.8
2025-06-12 09:37:00,85.5
2025-06-12 23:21:00,50.07997412982127
2025-06-12 14:19:00,8.3
2025-06-12 01:53:00,76.9
2025-06-12 20:20:00,85.5
2025-06-12 06:25:00,93.4
2025-06-12 21:18:00,17.4
2025-06-12 03:08:00,50.07997412982127
2025-06-12 03:48:00,46.5
2025-06-12 13:12:00,2.5
2025-06-12 15:03:00,11.4
2025-06-12 06:24:00,43.3
2025-06-12 15:30:00,80.2
2025-06-12 16:06:00,38.5
2025-06-12 18:36:00,50.07997412982127
2025-06-12 10:29:00,61.7
2025-06-12 12:36:00,11.0
2025-06-12 03:53:00,61.4
2025-06-12 20:41:00,51.0
2025-06-12 11:41:00,41.8
2025-06-12 00:19:00,24.1
2025-06-12 01:48:00,38.3
2025-06-12 20:25:00,42.8
2025-06-12 02:29:00,22.6
2025-06-12 07:57:00,50.07997412982127
2025-06-12 19:26:00,94.4
2025-06-12 00:23:00,77.2
2025-06-12 10:24:00,13.6
2025-06-12 10:43:00,32.9
2025-06-12 18:39:00,88.0
2025-06-12 03:12:00,29.8
2025-06-12 16:51:00,90.9
2025-06-12 03:18:00,50.07997412982127
2025-06-12 22:29:00,67.0
2025-06-12 00:15:00,17.5
2025-06-12 03:05:00,22.2
2025-06-12 14:43:00,97.6
2025-06-12 15:56:00,55.4
2025-06-12 22:07:00,81.3
2025-06-12 08:21:00,54.1
2025-06-12 23:47:00,61.6
2025-06-12 16:03:00,93.5
2025-06-12 21:44:00,1.5
2025-06-12 08:36:00,50.07997412982127
2025-06-12 17:28:00,65.2
2025-06-12 09:25:00,50.07997412982127
2025-06-12 10:08:00,57.6
2025-06-12 03:45:00,50.07997412982127
2025-06-12 09:01:00,50.07997412982127
2025-06-12 15:16:00,27.3
2025-06-12 23:18:00,50.07997412982127
2025-06-12 22:15:00,51.9
2025-06-12 04:50:00,17.6
2025-06-12 18:38:00,92.6
2025-06-12 15:08:00,97.2
2025-06-12 08:30:00,43.1
2025-06-12 07:13:00,94.0
2025-06-12 08:05:00,45.8
2025-06-12 18:34:00,27.5
2025-06-12 15:07:00,29.8
2025-06-12 16:08:00,15.0
2025-06-12 21:30:00,30.2
2025-06-12 03:51:00,64.7
2025-06-12 10:09:00,47.2
2025-06-12 17:14:00,30.6
2025-06-12 03:21:00,32.8
2025-06-12 08:54:00,66.3
2025-06-12 23:09:00,11.6
2025-06-12 03:47:00,88.0
2025-06-12 10:33:00,37.4
2025-06-12 06:07:00,13.7
2025-06-12 12:08:00,20.6
2025-06-12 12:32:00,25.6
2025-06-12 23:05:00,64.7
2025-06-12 04:13:00,6.1
2025-06-12 06:48:00,18.0
2025-06-12 12:38:00,97.4
2025-06-12 02:10:00,50.07997412982127
2025-06-12 23:48:00,75.6
2025-06-12 01:37:00,2.4
2025-06-12 20:39:00,65.4
2025-06-12 17:51:00,11.4
2025-06-12 15:54:00,80.6
2025-06-12 07:11:00,25.0
2025-06-12 14:18:00,50.07997412982127
2025-06-12 19:59:00,94.7
2025-06-12 20:04:00,4.5
2025-06-12 00:59:00,44.4
2025-06-12 12:28:00,26.0
2025-06-12 15:40:00,87.5
2025-06-12 21:49:00,88.7
2025-06-12 08:42:00,13.3
2025-06-12 01:38:00,97.7
2025-06-12 12:27:00,18.3
2025-06-12 22:42:00,68.5
2025-06-12 10:38:00,75.7
2025-06-12 00:13:00,70.7
2025-06-12 03:24:00,20.1
2025-06-12 06:12:00,70.2
2025-06-12 12:34:00,99.5
2025-06-12 00:49:00,6.9
2025-06-12 22:59:00,42.3
2025-06-12 03:17:00,87.9
2025-06-12 22:11:00,22.3
2025-06-12 07:56:00,50.07997412982127
2025-06-12 06:41:00,50.07997412982127
2025-06-12 05:11:00,65.2
2025-06-12 06:49:00,54.5
2025-06-12 08:55:00,50.07997412982127
2025-06-12 09:03:00,11.1
2025-06-12 05:55:00,84.4
2025-06-12 23:26:00,59.8
2025-06-12 13:33:00,26.5
2025-06-12 18:24:00,35.3
2025-06-12 14:46:00,20.7
2025-06-12 01:45:00,40.6
2025-06-12 10:12:00,66.0
2025-06-12 15:00:00,59.1
2025-06-12 22:38:00,50.07997412982127
2025-06-12 17:54:00,50.07997412982127
2025-06-12 07:22:00,50.07997412982127
2025-06-12 07:20:00,50.07997412982127
2025-06-12 05:54:00,14.1
2025-06-12 10:59:00,88.2
2025-06-12 00:28:00,91.5
2025-06-12 07:54:00,73.0
2025-06-12 12:05:00,55.9
2025-06-12 02:48:00,99.4
2025-06-12 16:45:00,2.7
2025-06-12 11:46:00,56.8
2025-06-12 15:14:00,48.8
2025-06-12 13:39:00,50.07997412982127
2025-06-12 18:05:00,31.6
2025-06-12 19:32:00,2.2
2025-06-12 18:56:00,16.9
2025-06-12 18:42:00,45.3
2025-06-12 23:46:00,43.3
2025-06-12 13:17:00,54.2
2025-06-12 13:31:00,58.9
2025-06-12 03:08:00,17.9
2025-06-12 14:42:00,83.2
2025-06-12 13:16:00,76.2
2025-06-12 22:29:00,42.9
2025-06-12 08:08:00,27.8
2025-06-12 03:41:00,90.2
2025-06-12 19:19:00,24.4
2025-06-12 19:29:00,48.4
2025-06-12 09:25:00,49.822039706925075
2025-06-12 02:16:00,16.3
2025-06-12 21:46:00,3.6
2025-06-12 10:06:00,8.6
2025-06-12 14:34:00,9.8
2025-06-12 23:49:00,49.822039706925075
2025-06-12 10:59:00,54.5
2025-06-12 08:48:00,7.6
2025-06-12 04:33:00,49.822039706925075
2025-06-12 13:37:00,43.2
2025-06-12 04:35:00,81.6
2025-06-12 11:28:00,26.1
2025-06-12 14:31:00,7.9
2025-06-12 04:08:00,84.8
2025-06-12 23:14:00,87.7
2025-06-12 03:37:00,19.6
2025-06-12 16:25:00,5.6
2025-06-12 01:47:00,67.0
2025-06-12 11:53:00,28.9
2025-06-12 11:46:00,98.8
2025-06-12 17:31:00,49.822039706925075
2025-06-12 05:26:00,33.0
2025-06-12 19:32:00,44.3
2025-06-12 20:26:00,79.4
2025-06-12 00:40:00,13.3
2025-06-12 11:48:00,45.1
2025-06-12 11:33:00,11.8
2025-06-12 08:31:00,32.9
2025-06-12 01:55:00,13.0
2025-06-12 19:50:00,91.4
2025-06-12 14:00:00,26.9
2025-06-12 09:53:00,46.0
2025-06-12 22:57:00,46.7
2025-06-12 13:22:00,7.3
2025-06-12 07:55:00,45.9
2025-06-12 09:54:00,49.822039706925075
2025-06-12 02:20:00,43.1
2025-06-12 06:25:00,67.6
2025-06-12 12:40:00,49.822039706925075
2025-06-12 11:02:00,74.7
2025-06-12 21:43:00,94.5
2025-06-12 23:24:00,78.9
2025-06-12 17:57:00,92.8
2025-06-12 09:27:00,49.822039706925075
2025-06-12 06:23:00,81.1
2025-06-12 05:28:00,89.8
2025-06-12 07:40:00,16.9
2025-06-12 18:13:00,74.9
2025-06-12 09:35:00,49.822039706925075
2025-06-12 23:08:00,81.1
2025-06-12 16:23:00,84.0
2025-06-12 13:26:00,17.6
2025-06-12 15:12:00,65.5
2025-06-12 03:29:00,70.3
2025-06-12 14:26:00,49.822039706925075
2025-06-12 18:15:00,85.3
2025-06-12 09:04:00,49.822039706925075
2025-06-12 12:34:00,88.2
2025-06-12 22:43:00,19.1
2025-06-12 06:43:00,95.3
2025-06-12 06:30:00,94.8
2025-06-12 07:12:00,49.822039706925075
2025-06-12 04:36:00,72.1
2025-06-12 07:44:00,63.0
2025-06-12 19:17:00,27.3
2025-06-12 16:09:00,77.1
2025-06-12 09:37:00,51.6
2025-06-12 01:22:00,31.1
2025-06-12 03:47:00,6.6
2025-06-12 11:41:00,69.1
2025-06-12 09:32:00,64.2
2025-06-12 12:03:00,78.1
2025-06-12 02:31:00,50.8
2025-06-12 03:52:00,31.6
2025-06-12 02:01:00,88.2
2025-06-12 21:48:00,70.0
2025-06-12 21:17:00,44.9
2025-06-12 23:31:00,22.8
2025-06-12 00:01:00,24.0
2025-06-12 20:35:00,49.822039706925075
2025-06-12 10:34:00,52.9
2025-06-12 20:22:00,19.0
2025-06-12 18:48:00,52.1
2025-06-12 07:46:00,82.1
2025-06-12 19:37:00,90.4
2025-06-12 15:48:00,23.8
2025-06-12 03:15:00,49.6
2025-06-12 10:49:00,49.822039706925075
2025-06-12 23:13:00,9.7
2025-06-12 22:47:00,76.9
2025-06-12 01:34:00,5.5
2025-06-12 19:57:00,21.9
2025-06-12 00:27:00,9.4
2025-06-12 21:04:00,58.3
2025-06-12 00:29:00,49.822039706925075
2025-06-12 20:16:00,60.0
2025-06-12 09:23:00,27.3
2025-06-12 12:57:00,40.4
2025-06-12 09:52:00,45.0
2025-06-12 18:11:00,19.1
2025-06-12 07:23:00,4.2
2025-06-12 06:20:00,90.5
2025-06-12 03:49:00,92.8
2025-06-12 15:37:00,62.6
2025-06-12 14:56:00,72.8
2025-06-12 01:12:00,49.822039706925075
2025-06-12 04:32:00,79.5
2025-06-12 17:44:00,48.9
2025-06-12 19:04:00,6.9
2025-06-12 12:15:00,90.8
2025-06-12 05:29:00,86.7
2025-06-12 21:35:00,49.822039706925075
2025-06-12 01:38:00,48.5
2025-06-12 06:14:00,21.1
2025-06-12 18:50:00,60.8
2025-06-12 04:46:00,52.9
2025-06-12 03:36:00,34.3
2025-06-12 06:05:00,73.7
2025-06-12 21:52:00,2.4
2025-06-12 17:37:00,49.822039706925075
2025-06-12 13:19:00,37.3
2025-06-12 06:24:00,59.7
2025-06-12 00:20:00,12.1
2025-06-12 13:49:00,49.822039706925075
2025-06-12 12:11:00,92.0
2025-06-12 14:54:00,49.822039706925075
2025-06-12 05:53:00,5.5
2025-06-12 21:57:00,49.822039706925075
2025-06-12 22:39:00,89.0
2025-06-12 09:07:00,42.9
2025-06-12 09:43:00,80.5
2025-06-12 23:38:00,59.5
2025-06-12 07:04:00,49.822039706925075
2025-06-12 16:45:00,87.2
2025-06-12 19:43:00,67.9
2025-06-12 10:27:00,6.2
2025-06-12 11:05:00,24.7
2025-06-12 15:05:00,49.822039706925075
2025-06-12 01:50:00,49.4
2025-06-12 12:13:00,68.1
2025-06-12 09:03:00,43.1
2025-06-12 00:04:00,6.0
2025-06-12 11:42:00,17.4
2025-06-12 00:57:00,85.3
2025-06-12 09:26:00,55.8
2025-06-12 12:55:00,16.3
2025-06-12 22:40:00,81.7
2025-06-12 04:48:00,56.0
2025-06-12 14:43:00,49.822039706925075
2025-06-12 15:28:00,4.1
2025-06-12 17:07:00,90.7
2025-06-12 11:49:00,16.3
2025-06-12 19:00:00,50.9
2025-06-12 17:18:00,88.5
2025-06-12 02:36:00,28.1
2025-06-12 09:39:00,57.1
2025-06-12 01:40:00,18.5
2025-06-12 16:19:00,1.7
2025-06-12 12:02:00,60.8
2025-06-12 01:13:00,94.4
2025-06-12 10:40:00,75.4
2025-06-12 04:24:00,26.5
2025-06-12 04:37:00,49.822039706925075
2025-06-12 18:25:00,28.7
2025-06-12 20:46:00,54.7
2025-06-12 14:27:00,26.8
2025-06-12 13:11:00,51.6
2025-06-12 11:36:00,79.0
2025-06-12 07:18:00,71.6
2025-06-12 09:24:00,45.4
2025-06-12 14:35:00,30.7
2025-06-12 04:15:00,49.4
2025-06-12 21:56:00,1.3
2025-06-12 12:10:00,95.3
2025-06-12 02:58:00,26.0
2025-06-12 22:16:00,53.7
2025-06-12 21:45:00,49.822039706925075
2025-06-12 07:49:00,35.6
2025-06-12 07:56:00,49.822039706925075
2025-06-12 12:23:00,79.3
2025-06-12 23:03:00,11.0
2025-06-12 09:11:00,44.0
2025-06-12 14:02:00,84.0
2025-06-12 09:47:00,14.6
2025-06-12 01:41:00,49.822039706925075
2025-06-12 00:25:00,71.9
2025-06-12 04:13:00,49.822039706925075
2025-06-12 01:11:00,91.2
2025-06-12 10:51:00,63.5
2025-06-12 07:39:00,69.8
2025-06-12 08:13:00,70.4
2025-06-12 18:27:00,55.4
2025-06-12 22:58:00,98.7
2025-06-12 13:14:00,80.2
2025-06-12 23:02:00,49.822039706925075
2025-06-12 23:34:00,60.9
2025-06-12 23:54:00,89.8
2025-06-12 07:16:00,18.8
2025-06-12 05:00:00,49.822039706925075
2025-06-12 22:08:00,98.1
2025-06-12 15:21:00,97.3
2025-06-12 19:13:00,65.3
2025-06-12 04:34:00,53.1
2025-06-12 20:12:00,74.3
2025-06-12 20:10:00,76.4
2025-06-12 17:59:00,71.0
2025-06-12 08:30:00,49.822039706925075
2025-06-12 16:20:00,49.822039706925075
2025-06-12 21:58:00,49.822039706925075
2025-06-12 06:13:00,11.9
2025-06-12 17:52:00,31.5
2025-06-12 09:29:00,21.9
2025-06-12 15:11:00,36.0
2025-06-12 17:10:00,67.7
2025-06-12 11:23:00,72.3
2025-06-12 02:24:00,90.4
2025-06-12 19:07:00,14.6
2025-06-12 07:17:00,33.7
2025-06-12 14:07:00,49.822039706925075
2025-06-12 13:47:00,36.3
2025-06-12 03:44:00,96.8
2025-06-12 01:20:00,56.2
2025-06-12 16:37:00,82.9
2025-06-12 01:18:00,58.2
2025-06-12 17:14:00,63.3
2025-06-12 04:01:00,34.9
2025-06-12 10:05:00,25.0
2025-06-12 11:44:00,88.1
2025-06-12 06:59:00,72.0
2025-06-12 23:51:00,31.2
2025-06-12 18:46:00,67.8
2025-06-12 16:36:00,53.9
2025-06-12 13:33:00,62.8
2025-06-12 04:12:00,49.822039706925075
2025-06-12 12:17:00,48.4
2025-06-12 22:59:00,67.2
2025-06-12 06:06:00,33.9
2025-06-12 14:22:00,49.822039706925075
2025-06-12 11:03:00,42.7
2025-06-12 01:30:00,32.2
2025-06-12 14:20:00,38.8
2025-06-12 16:35:00,71.7
2025-06-12 15:07:00,25.7
2025-06-12 21:00:00,87.3
2025-06-12 01:57:00,49.822039706925075
2025-06-12 21:03:00,52.1
2025-06-12 05:50:00,73.5
2025-06-12 04:43:00,78.8
2025-06-12 16:51:00,63.0
2025-06-12 22:55:00,49.822039706925075
2025-06-12 22:03:00,49.4
2025-06-12 15:43:00,49.822039706925075
2025-06-12 21:30:00,13.5
2025-06-12 04:39:00,41.2
2025-06-12 08:49:00,91.5
2025-06-12 23:00:00,22.0
2025-06-12 21:11:00,23.8
2025-06-12 18:47:00,68.3
2025-06-12 16:34:00,81.9
2025-06-12 02:17:00,49.822039706925075
2025-06-12 01:33:00,77.4
2025-06-12 14:28:00,84.7
2025-06-12 05:31:00,74.1
2025-06-12 18:35:00,61.2
2025-06-12 21:24:00,97.6
2025-06-12 00:45:00,27.9
2025-06-12 20:01:00,91.3
2025-06-12 06:10:00,6.3
2025-06-12 10:53:00,9.4
2025-06-12 12:30:00,30.9
2025-06-12 04:44:00,61.5
2025-06-12 11:30:00,20.3
2025-06-12 22:07:00,73.8
2025-06-12 12:34:00,50.313785814936594
2025-06-12 02:56:00,95.5
2025-06-12 10:49:00,0.3
2025-06-12 21:31:00,77.5
2025-06-12 14:32:00,50.313785814936594
2025-06-12 12:36:00,50.313785814936594
2025-06-12 06:43:00,6.1
2025-06-12 15:17:00,50.313785814936594
2025-06-12 08:56:00,65.3
2025-06-12 11:00:00,11.0
2025-06-12 13:22:00,50.313785814936594
2025-06-12 07:16:00,23.4
2025-06-12 04:53:00,46.9
2025-06-12 13:56:00,37.6
2025-06-12 06:19:00,54.0
2025-06-12 10:35:00,50.4
2025-06-12 08:22:00,94.2
2025-06-12 02:05:00,23.1
2025-06-12 23:32:00,43.2
2025-06-12 18:05:00,33.5
2025-06-12 09:52:00,50.313785814936594
2025-06-12 13:18:00,22.7
2025-06-12 23:37:00,24.7
2025-06-12 04:46:00,3.4
2025-06-12 03:22:00,54.0
2025-06-12 19:39:00,50.313785814936594
2025-06-12 18:31:00,63.2
2025-06-12 02:32:00,32.9
2025-06-12 23:02:00,86.1
2025-06-12 08:01:00,64.8
2025-06-12 02:53:00,50.313785814936594
2025-06-12 23:45:00,67.6
2025-06-12 13:23:00,47.2
2025-06-12 09:18:00,94.6
2025-06-12 18:50:00,24.5
2025-06-12 03:58:00,3.5
2025-06-12 02:45:00,51.3
2025-06-12 15:43:00,72.6
2025-06-12 06:28:00,18.5
2025-06-12 01:05:00,64.4
2025-06-12 02:48:00,98.7
2025-06-12 08:32:00,58.2
2025-06-12 01:46:00,50.313785814936594
2025-06-12 06:58:00,68.1
2025-06-12 09:09:00,40.3
2025-06-12 13:01:00,90.3
2025-06-12 11:51:00,50.313785814936594
2025-06-12 10:24:00,86.8
2025-06-12 13:59:00,63.7
2025-06-12 03:02:00,69.7
2025-06-12 02:42:00,3.1
2025-06-12 03:31:00,53.1
2025-06-12 09:48:00,47.2
2025-06-12 07:11:00,88.9
2025-06-12 07:56:00,50.313785814936594
2025-06-12 08:25:00,13.4
2025-06-12 01:50:00,40.4
2025-06-12 08:33:00,90.3
2025-06-12 10:53:00,39.2
2025-06-12 11:44:00,28.3
2025-06-12 17:09:00,63.0
2025-06-12 17:33:00,28.5
2025-06-12 14:10:00,23.7
2025-06-12 13:58:00,21.9
2025-06-12 08:05:00,40.1
2025-06-12 11:39:00,85.2
2025-06-12 06:42:00,84.3
2025-06-12 18:54:00,69.4
2025-06-12 22:23:00,50.313785814936594
2025-06-12 11:43:00,37.7
2025-06-12 21:30:00,52.5
2025-06-12 03:33:00,8.7
2025-06-12 00:37:00,50.313785814936594
2025-06-12 23:58:00,43.4
2025-06-12 22:43:00,42.1
2025-06-12 04:02:00,48.7
2025-06-12 12:04:00,14.2
2025-06-12 16:25:00,2.5
2025-06-12 16:34:00,47.3
2025-06-12 02:08:00,0.8
2025-06-12 02:00:00,50.313785814936594
2025-06-12 19:30:00,20.4
2025-06-12 05:59:00,81.5
2025-06-12 20:20:00,75.1
2025-06-12 05:01:00,88.7
2025-06-12 16:02:00,30.0
2025-06-12 22:52:00,49.7
2025-06-12 00:29:00,37.0
2025-06-12 23:33:00,65.1
2025-06-12 18:42:00,18.4
2025-06-12 22:59:00,66.4
2025-06-12 21:44:00,58.8
2025-06-12 08:27:00,60.3
2025-06-12 04:30:00,71.6
2025-06-12 11:20:00,12.8
2025-06-12 22:49:00,57.8
2025-06-12 00:39:00,67.5
2025-06-12 19:36:00,31.0
2025-06-12 20:21:00,46.4
2025-06-12 07:58:00,69.3
2025-06-12 06:06:00,69.1
2025-06-12 04:50:00,29.4
2025-06-12 22:32:00,30.6
2025-06-12 05:51:00,91.9
2025-06-12 16:59:00,80.0
2025-06-12 01:15:00,40.8
2025-06-12 18:08:00,56.3
2025-06-12 12:40:00,11.7
2025-06-12 17:58:00,58.0
2025-06-12 08:57:00,59.2
2025-06-12 08:12:00,34.5
2025-06-12 03:18:00,18.4
2025-06-12 18:36:00,88.1
2025-06-12 12:17:00,82.9
2025-06-12 16:48:00,50.313785814936594
2025-06-12 05:21:00,50.313785814936594
2025-06-12 00:46:00,50.313785814936594
2025-06-12 01:11:00,50.313785814936594
2025-06-12 08:52:00,10.3
2025-06-12 17:11:00,15.4
2025-06-12 04:49:00,50.313785814936594
2025-06-12 09:54:00,88.0
2025-06-12 17:35:00,94.9
2025-06-12 14:27:00,50.313785814936594
2025-06-12 18:20:00,88.9
2025-06-12 18:41:00,42.5
2025-06-12 18:14:00,94.6
2025-06-12 11:05:00,32.9
2025-06-12 03:25:00,4.5
2025-06-12 09:10:00,50.313785814936594
2025-06-12 21:08:00,5.4
2025-06-12 07:15:00,23.5
2025-06-12 12:09:00,42.7
2025-06-12 00:26:00,54.5
2025-06-12 22:45:00,13.7
2025-06-12 22:46:00,9.5
2025-06-12 21:56:00,16.1
2025-06-12 19:22:00,81.2
2025-06-12 05:35:00,56.2
2025-06-12 07:38:00,84.8
2025-06-12 23:48:00,55.0
2025-06-12 04:18:00,22.4
2025-06-12 08:38:00,50.313785814936594
2025-06-12 08:43:00,59.3
2025-06-12 12:02:00,60.4
2025-06-12 19:34:00,96.9
2025-06-12 01:49:00,55.4
2025-06-12 03:32:00,11.4
2025-06-12 21:34:00,89.3
2025-06-12 14:51:00,50.313785814936594
2025-06-12 10:38:00,63.1
2025-06-12 07:21:00,60.9
2025-06-12 17:56:00,57.5
2025-06-12 10:14:00,32.7
2025-06-12 12:19:00,50.313785814936594
2025-06-12 02:14:00,8.6
2025-06-12 01:38:00,30.7
2025-06-12 22:04:00,11.5
2025-06-12 12:58:00,64.7
2025-06-12 20:25:00,63.3
2025-06-12 04:04:00,50.313785814936594
2025-06-12 19:12:00,50.313785814936594
2025-06-12 08:45:00,21.2
2025-06-12 05:11:00,87.8
2025-06-12 09:23:00,85.9
2025-06-12 11:37:00,49.9
2025-06-12 15:23:00,19.9
2025-06-12 10:48:00,90.0
2025-06-12 11:32:00,0.5
2025-06-12 19:19:00,8.2
2025-06-12 06:08:00,39.4
2025-06-12 04:25:00,25.6
2025-06-12 06:22:00,19.9
2025-06-12 17:00:00,17.0
2025-06-12 12:03:00,48.7
2025-06-12 08:02:00,76.3
2025-06-12 20:12:00,50.313785814936594
2025-06-12 01:20:00,99.3
2025-06-12 15:09:00,99.8
2025-06-12 09:07:00,0.2
2025-06-12 20:35:00,81.9
2025-06-12 13:08:00,50.313785814936594
2025-06-12 04:35:00,34.3
2025-06-12 21:20:00,50.313785814936594
2025-06-12 10:45:00,84.6
2025-06-12 10:51:00,64.1
2025-06-12 16:57:00,93.1
2025-06-12 21:46:00,13.0
2025-06-12 10:15:00,88.8
2025-06-12 19:40:00,66.1
2025-06-12 04:08:00,63.8
2025-06-12 04:58:00,76.0
2025-06-12 14:31:00,51.3
2025-06-12 21:49:00,36.6
2025-06-12 05:37:00,72.7
2025-06-12 14:56:00,78.7
2025-06-12 18:52:00,59.9
2025-06-12 21:01:00,83.8
2025-06-12 17:17:00,8.8
2025-06-12 01:31:00,48.5
2025-06-12 20:05:00,82.1
2025-06-12 17:30:00,30.1
2025-06-12 04:24:00,68.2
2025-06-12 16:20:00,61.2
2025-06-12 05:14:00,90.6
2025-06-12 00:17:00,11.0
2025-06-12 06:18:00,2.4
2025-06-12 12:49:00,73.5
2025-06-12 12:46:00,24.7
2025-06-12 10:08:00,8.4
2025-06-12 02:24:00,50.313785814936594
2025-06-12 02:16:00,50.313785814936594
2025-06-12 17:15:00,39.9
2025-06-12 04:28:00,85.9
2025-06-12 17:14:00,77.5
2025-06-12 11:45:00,3.0
2025-06-12 16:22:00,35.6
2025-06-12 07:49:00,50.313785814936594
2025-06-12 12:55:00,88.1
2025-06-12 13:17:00,89.0
2025-06-12 04:09:00,33.7
2025-06-12 19:02:00,66.3
2025-06-12 02:59:00,7.0
2025-06-12 11:53:00,22.3
2025-06-12 05:48:00,16.0
2025-06-12 11:22:00,75.9
2025-06-12 20:48:00,50.313785814936594
2025-06-12 12:57:00,99.3
2025-06-12 16:56:00,59.7
2025-06-12 23:29:00,4.1
2025-06-12 19:28:00,0.3
2025-06-12 05:43:00,86.4
2025-06-12 13:20:00,50.313785814936594
2025-06-12 10:25:00,32.3
2025-06-12 20:23:00,97.8
2025-06-12 20:57:00,93.8
2025-06-12 05:36:00,79.8
2025-06-12 04:12:00,22.3
2025-06-12 09:21:00,81.6
2025-06-12 17:29:00,41.1
2025-06-12 01:02:00,60.7
2025-06-12 23:56:00,74.9
2025-06-12 01:13:00,93.7
2025-06-12 05:27:00,36.3
2025-06-12 11:52:00,68.5
2025-06-12 14:12:00,50.313785814936594
2025-06-12 00:09:00,32.1
2025-06-12 03:48:00,61.5
2025-06-12 01:39:00,93.1
2025-06-12 13:30:00,43.6
2025-06-12 15:14:00,90.4
2025-06-12 09:38:00,26.6
2025-06-12 08:58:00,50.313785814936594
2025-06-12 21:54:00,50.6
2025-06-12 19:48:00,70.9
2025-06-12 05:03:00,25.2
2025-06-12 04:23:00,23.0
2025-06-12 19:04:00,50.313785814936594
2025-06-12 05:28:00,64.6
2025-06-12 10:30:00,58.2
2025-06-12 18:04:00,85.8
2025-06-12 08:33:00,39.3
2025-06-12 22:54:00,19.6
2025-06-12 01:53:00,49.947505013566115
2025-06-12 03:18:00,51.2
2025-06-12 08:14:00,40.7
2025-06-12 03:15:00,25.1
2025-06-12 16:54:00,49.947505013566115
2025-06-12 06:34:00,17.4
2025-06-12 10:29:00,41.9
2025-06-12 06:43:00,76.1
2025-06-12 13:01:00,69.8
2025-06-12 22:26:00,9.2
2025-06-12 05:30:00,85.0
2025-06-12 22:07:00,7.7
2025-06-12 09:05:00,31.2
2025-06-12 20:24:00,34.6
2025-06-12 15:03:00,55.6
2025-06-12 10:32:00,54.8
2025-06-12 18:16:00,0.1
2025-06-12 08:24:00,20.3
2025-06-12 20:09:00,76.2
2025-06-12 01:24:00,5.2
2025-06-12 13:16:00,22.9
2025-06-12 01:13:00,29.4
2025-06-12 02:38:00,45.4
2025-06-12 14:57:00,1.7
2025-06-12 10:12:00,49.947505013566115
2025-06-12 13:29:00,49.947505013566115
2025-06-12 05:03:00,75.2
2025-06-12 02:01:00,40.6
2025-06-12 22:17:00,49.0
2025-06-12 20:12:00,24.7
2025-06-12 06:11:00,9.1
2025-06-12 19:50:00,31.5
2025-06-12 17:12:00,49.6
2025-06-12 06:05:00,53.1
2025-06-12 16:55:00,20.1
2025-06-12 02:35:00,49.947505013566115
2025-06-12 23:14:00,74.2
2025-06-12 03:45:00,12.9
2025-06-12 02:00:00,27.9
2025-06-12 06:55:00,26.3
2025-06-12 01:10:00,49.947505013566115
2025-06-12 23:54:00,39.8
2025-06-12 06:46:00,49.947505013566115
2025-06-12 09:23:00,76.2
2025-06-12 01:51:00,29.7
2025-06-12 23:34:00,36.6
2025-06-12 02:47:00,27.1
2025-06-12 05:47:00,28.1
2025-06-12 07:52:00,36.0
2025-06-12 00:11:00,49.947505013566115
2025-06-12 14:08:00,49.947505013566115
2025-06-12 08:15:00,76.7
2025-06-12 20:06:00,49.947505013566115
2025-06-12 00:16:00,49.947505013566115
2025-06-12 05:37:00,93.0
2025-06-12 09:41:00,70.2
2025-06-12 05:29:00,93.1
2025-06-12 02:18:00,54.0
2025-06-12 07:35:00,49.947505013566115
2025-06-12 10:06:00,97.7
2025-06-12 06:40:00,85.9
2025-06-12 15:02:00,86.1
2025-06-12 22:56:00,79.9
2025-06-12 02:48:00,85.0
2025-06-12 07:02:00,5.5
2025-06-12 14:09:00,21.0
2025-06-12 09:19:00,33.8
2025-06-12 07:03:00,49.947505013566115
2025-06-12 10:41:00,32.6
2025-06-12 19:09:00,22.0
2025-06-12 18:37:00,42.4
2025-06-12 00:43:00,36.9
2025-06-12 16:33:00,22.6
2025-06-12 20:01:00,49.947505013566115
2025-06-12 03:26:00,69.8
2025-06-12 15:20:00,27.4
2025-06-12 05:27:00,60.3
2025-06-12 18:35:00,69.0
2025-06-12 14:05:00,67.7
2025-06-12 18:46:00,49.947505013566115
2025-06-12 17:11:00,55.3
2025-06-12 03:35:00,49.947505013566115
2025-06-12 05:43:00,6.8
2025-06-12 05:01:00,49.947505013566115
2025-06-12 19:17:00,98.5
2025-06-12 16:46:00,29.2
2025-06-12 05:38:00,4.3
2025-06-12 07:50:00,63.7
2025-06-12 21:06:00,89.7
2025-06-12 06:52:00,77.2
2025-06-12 08:59:00,49.947505013566115
2025-06-12 06:57:00,49.947505013566115
2025-06-12 06:58:00,92.8
2025-06-12 23:31:00,13.3
2025-06-12 01:08:00,49.947505013566115
2025-06-12 00:17:00,55.7
2025-06-12 10:53:00,1.9
2025-06-12 09:09:00,12.7
2025-06-12 04:46:00,49.947505013566115
2025-06-12 05:12:00,61.2
2025-06-12 16:30:00,45.3
2025-06-12 09:33:00,49.947505013566115
2025-06-12 08:12:00,34.4
2025-06-12 22:25:00,49.947505013566115
2025-06-12 06:17:00,16.7
2025-06-12 23:08:00,61.7
2025-06-12 04:19:00,17.3
2025-06-12 01:15:00,30.4
2025-06-12 07:11:00,37.8
2025-06-12 06:04:00,16.6
2025-06-12 01:05:00,17.9
2025-06-12 01:39:00,36.5
2025-06-12 21:34:00,85.5
2025-06-12 03:28:00,68.3
2025-06-12 21:52:00,49.947505013566115
2025-06-12 12:47:00,89.0
2025-06-12 07:13:00,1.3
2025-06-12 19:45:00,78.4
2025-06-12 03:37:00,31.2
2025-06-12 01:30:00,49.947505013566115
2025-06-12 17:51:00,39.1
2025-06-12 19:06:00,50.7
2025-06-12 12:06:00,19.5
2025-06-12 01:40:00,49.947505013566115
2025-06-12 21:09:00,63.9
2025-06-12 12:20:00,20.5
2025-06-12 14:11:00,71.4
2025-06-12 10:43:00,49.947505013566115
2025-06-12 13:02:00,68.6
2025-06-12 17:22:00,1.0
2025-06-12 15:56:00,77.6
2025-06-12 10:40:00,91.7
2025-06-12 19:15:00,80.6
2025-06-12 02:58:00,27.2
2025-06-12 07:25:00,8.9
2025-06-12 19:51:00,39.3
2025-06-12 12:59:00,11.0
2025-06-12 03:31:00,50.1
2025-06-12 15:43:00,63.1
2025-06-12 19:03:00,5.1
2025-06-12 23:06:00,71.0
2025-06-12 08:07:00,81.3
2025-06-12 20:51:00,89.8
2025-06-12 11:20:00,76.5
2025-06-12 02:17:00,6.5
2025-06-12 01:56:00,80.7
2025-06-12 16:34:00,93.9
2025-06-12 09:44:00,49.947505013566115
2025-06-12 09:53:00,49.947505013566115
2025-06-12 08:19:00,12.1
2025-06-12 16:27:00,67.5
2025-06-12 20:42:00,21.5
2025-06-12 12:36:00,78.4
2025-06-12 23:42:00,56.0
2025-06-12 00:03:00,49.947505013566115
2025-06-12 00:35:00,8.5
2025-06-12 12:53:00,73.7
2025-06-12 12:56:00,9.1
2025-06-12 21:31:00,5.6
2025-06-12 05:48:00,3.8
2025-06-12 19:23:00,51.2
2025-06-12 23:32:00,64.7
2025-06-12 00:19:00,28.2
2025-06-12 05:22:00,3.9
2025-06-12 10:16:00,49.947505013566115
2025-06-12 20:29:00,53.0
2025-06-12 23:36:00,43.3
2025-06-12 10:39:00,25.1
2025-06-12 20:56:00,1.0
2025-06-12 22:27:00,22.6
2025-06-12 09:48:00,79.3
2025-06-12 00:27:00,86.0
2025-06-12 22:08:00,5.6
2025-06-12 18:03:00,86.9
2025-06-12 17:30:00,7.6
2025-06-12 22:53:00,49.5
2025-06-12 14:39:00,49.947505013566115
2025-06-12 14:03:00,49.947505013566115
2025-06-12 23:09:00,29.9
2025-06-12 20:26:00,73.5
2025-06-12 15:38:00,49.947505013566115
2025-06-12 15:41:00,70.8
2025-06-12 05:28:00,83.0
2025-06-12 19:47:00,49.947505013566115
2025-06-12 12:04:00,51.7
2025-06-12 08:03:00,30.5
2025-06-12 21:14:00,49.947505013566115
2025-06-12 11:26:00,41.3
2025-06-12 14:43:00,49.947505013566115
2025-06-12 00:45:00,52.9
2025-06-12 08:56:00,2.7
2025-06-12 22:30:00,78.4
2025-06-12 21:16:00,32.4
2025-06-12 01:02:00,81.1
2025-06-12 13:09:00,67.7
2025-06-12 05:46:00,97.8
2025-06-12 22:09:00,84.3
2025-06-12 03:21:00,84.9
2025-06-12 05:34:00,64.6
2025-06-12 18:50:00,42.3
2025-06-12 17:07:00,53.1
2025-06-12 00:28:00,49.947505013566115
2025-06-12 16:53:00,92.0
2025-06-12 06:09:00,84.3
2025-06-12 15:04:00,30.1
2025-06-12 14:21:00,24.9
2025-06-12 19:36:00,8.2
2025-06-12 00:04:00,45.4
2025-06-12 14:50:00,42.6
2025-06-12 03:19:00,3.0
2025-06-12 14:59:00,5.3
2025-06-12 10:51:00,39.0
2025-06-12 10:03:00,2.0
2025-06-12 14:02:00,49.947505013566115
2025-06-12 18:44:00,55.5
2025-06-12 22:15:00,89.0
2025-06-12 04:50:00,86.2
2025-06-12 13:40:00,15.3
2025-06-12 14:37:00,49.947505013566115
2025-06-12 02:04:00,61.7
2025-06-12 02:40:00,19.4
2025-06-12 13:05:00,90.3
2025-06-12 09:49:00,60.1
2025-06-12 11:49:00,18.9
2025-06-12 01:44:00,16.3
2025-06-12 15:32:00,73.0
2025-06-12 12:54:00,63.9
2025-06-12 02:05:00,10.9
2025-06-12 06:01:00,54.3
2025-06-12 15:46:00,76.4
2025-06-12 10:35:00,3.6
2025-06-12 04:33:00,49.947505013566115
2025-06-12 00:46:00,96.2
2025-06-12 18:24:00,49.947505013566115
2025-06-12 00:10:00,4.3
2025-06-12 21:15:00,15.7
2025-06-12 10:05:00,11.1
2025-06-12 12:05:00,76.4
2025-06-12 20:04:00,39.4
2025-06-12 10:44:00,49.947505013566115
2025-06-12 13:31:00,56.1
2025-06-12 16:50:00,98.3
2025-06-12 04:48:00,41.7
2025-06-12 02:19:00,3.6
2025-06-12 11:56:00,37.4
2025-06-12 15:08:00,74.0
2025-06-12 07:58:00,89.2
2025-06-12 12:28:00,81.2
2025-06-12 12:17:00,90.0
2025-06-12 04:14:00,32.2
2025-06-12 00:02:00,84.8
2025-06-12 02:33:00,95.1
2025-06-12 20:32:00,57.1
2025-06-12 02:22:00,95.0
2025-06-12 03:41:00,25.8
2025-06-12 00:12:00,36.3
2025-06-12 12:24:00,63.9
2025-06-12 20:18:00,49.947505013566115
2025-06-12 09:38:00,44.5
2025-06-12 11:52:00,49.947505013566115
2025-06-12 23:35:00,43.0
2025-06-12 17:48:00,41.1
2025-06-12 16:44:00,96.7
2025-06-12 00:54:00,57.9
2025-06-12 19:07:00,49.947505013566115
2025-06-12 04:09:00,41.8
2025-06-12 22:18:00,49.947505013566115
2025-06-12 16:45:00,38.3
2025-06-12 03:16:00,49.947505013566115
2025-06-12 19:37:00,48.0
2025-06-12 00:38:00,49.947505013566115
2025-06-12 14:33:00,13.7
2025-06-12 22:43:00,56.8
2025-06-12 21:05:00,96.9
2025-06-12 09:59:00,85.2
2025-06-12 14:52:00,49.947505013566115
2025-06-12 23:25:00,43.2
2025-06-12 18:57:00,77.9
2025-06-12 14:49:00,93.1
2025-06-12 11:01:00,42.3
2025-06-12 05:39:00,17.8
2025-06-12 16:26:00,59.0
2025-06-12 23:23:00,8.2
2025-06-12 11:02:00,20.7
2025-06-12 19:01:00,5.1
2025-06-12 12:25:00,10.1
2025-06-12 18:27:00,7.4
2025-06-12 12:45:00,49.947505013566115
2025-06-12 17:00:00,49.947505013566115
2025-06-12 01:01:00,35.3
2025-06-12 21:23:00,70.7
2025-06-12 06:33:00,56.8
2025-06-12 10:22:00,19.1
2025-06-12 09:59:00,55.5
2025-06-12 21:07:00,20.8
2025-06-12 08:51:00,57.9
2025-06-12 21:55:00,76.3
2025-06-12 13:45:00,36.4
2025-06-12 15:09:00,96.8
2025-06-12 21:57:00,95.0
2025-06-12 08:43:00,32.4
2025-06-12 07:50:00,27.7
2025-06-12 04:55:00,91.6
2025-06-12 13:38:00,3.0
2025-06-12 09:53:00,49.0
2025-06-12 07:58:00,99.5
2025-06-12 00:05:00,50.31471380077256
2025-06-12 09:51:00,75.5
2025-06-12 15:19:00,49.4
2025-06-12 01:51:00,81.3
2025-06-12 03:21:00,22.5
2025-06-12 18:19:00,49.9
2025-06-12 10:03:00,58.9
2025-06-12 21:48:00,61.5
2025-06-12 22:41:00,7.7
2025-06-12 12:25:00,8.4
2025-06-12 17:47:00,50.31471380077256
2025-06-12 10:45:00,48.0
2025-06-12 01:00:00,65.6
2025-06-12 15:21:00,89.0
2025-06-12 02:34:00,36.8
2025-06-12 00:04:00,48.2
2025-06-12 23:07:00,40.3
2025-06-12 06:32:00,16.0
2025-06-12 14:32:00,50.31471380077256
2025-06-12 19:39:00,15.6
2025-06-12 13:19:00,50.31471380077256
2025-06-12 19:02:00,92.7
2025-06-12 06:54:00,7.1
2025-06-12 10:01:00,23.8
2025-06-12 13:44:00,87.3
2025-06-12 14:38:00,4.8
2025-06-12 00:54:00,78.2
2025-06-12 22:29:00,98.0
2025-06-12 15:23:00,50.31471380077256
2025-06-12 18:06:00,2.2
2025-06-12 12:56:00,99.4
2025-06-12 06:13:00,50.31471380077256
2025-06-12 13:17:00,72.9
2025-06-12 18:54:00,54.9
2025-06-12 15:27:00,68.2
2025-06-12 00:26:00,21.2
2025-06-12 00:41:00,3.9
2025-06-12 22:54:00,92.1
2025-06-12 12:15:00,51.2
2025-06-12 07:55:00,37.2
2025-06-12 21:08:00,50.31471380077256
2025-06-12 06:29:00,98.2
2025-06-12 20:47:00,92.8
2025-06-12 02:00:00,70.2
2025-06-12 07:29:00,53.7
2025-06-12 00:50:00,66.4
2025-06-12 07:08:00,40.9
2025-06-12 07:02:00,90.4
2025-06-12 06:12:00,19.4
2025-06-12 22:27:00,93.3
2025-06-12 03:52:00,50.31471380077256
2025-06-12 18:37:00,6.7
2025-06-12 14:07:00,23.4
2025-06-12 06:37:00,46.4
2025-06-12 11:15:00,11.2
2025-06-12 11:10:00,14.3
2025-06-12 15:25:00,55.9
2025-06-12 12:33:00,75.5
2025-06-12 15:42:00,75.6
2025-06-12 18:15:00,37.7
2025-06-12 01:59:00,50.31471380077256
2025-06-12 05:26:00,29.0
2025-06-12 10:55:00,50.31471380077256
2025-06-12 14:37:00,10.0
2025-06-12 04:25:00,95.0
2025-06-12 09:27:00,23.1
2025-06-12 07:27:00,50.31471380077256
2025-06-12 21:12:00,50.31471380077256
2025-06-12 18:48:00,5.1
2025-06-12 23:05:00,28.2
2025-06-12 14:35:00,37.8
2025-06-12 01:39:00,70.9
2025-06-12 07:59:00,41.0
2025-06-12 23:59:00,16.0
2025-06-12 00:58:00,80.9
2025-06-12 07:04:00,54.9
2025-06-12 13:59:00,50.31471380077256
2025-06-12 11:55:00,46.3
2025-06-12 15:37:00,31.9
2025-06-12 07:11:00,44.8
2025-06-12 08:29:00,76.8
2025-06-12 19:07:00,89.5
2025-06-12 17:52:00,50.31471380077256
2025-06-12 03:18:00,3.7
2025-06-12 05:33:00,15.4
2025-06-12 03:11:00,57.6
2025-06-12 09:08:00,68.0
2025-06-12 18:30:00,14.5
2025-06-12 22:36:00,72.6
2025-06-12 12:34:00,60.7
2025-06-12 22:48:00,85.2
2025-06-12 16:47:00,28.1
2025-06-12 18:14:00,48.1
2025-06-12 09:21:00,73.8
2025-06-12 01:44:00,26.2
2025-06-12 21:15:00,63.1
2025-06-12 11:24:00,50.31471380077256
2025-06-12 19:32:00,45.0
2025-06-12 05:36:00,50.31471380077256
2025-06-12 11:49:00,1.3
2025-06-12 10:20:00,50.31471380077256
2025-06-12 22:57:00,83.0
2025-06-12 06:00:00,45.2
2025-06-12 17:59:00,41.8
2025-06-12 13:01:00,39.8
2025-06-12 05:40:00,28.4
2025-06-12 15:10:00,84.8
2025-06-12 02:43:00,84.9
2025-06-12 12:39:00,93.0
2025-06-12 04:48:00,43.0
2025-06-12 01:45:00,8.4
2025-06-12 03:56:00,83.7
2025-06-12 16:57:00,12.9
2025-06-12 23:08:00,86.7
2025-06-12 10:26:00,26.8
2025-06-12 07:03:00,50.31471380077256
2025-06-12 22:35:00,3.7
2025-06-12 19:14:00,71.8
2025-06-12 05:04:00,70.4
2025-06-12 18:43:00,73.7
2025-06-12 19:11:00,0.7
2025-06-12 14:00:00,26.1
2025-06-12 10:19:00,42.2
2025-06-12 06:59:00,60.4
2025-06-12 23:54:00,45.7
2025-06-12 14:24:00,59.0
2025-06-12 11:37:00,59.2
2025-06-12 00:44:00,80.8
2025-06-12 22:39:00,6.2
2025-06-12 13:50:00,34.6
2025-06-12 06:18:00,82.8
2025-06-12 21:51:00,50.31471380077256
2025-06-12 23:36:00,5.1
2025-06-12 02:17:00,63.0
2025-06-12 08:25:00,50.31471380077256
2025-06-12 20:23:00,88.1
2025-06-12 14:23:00,35.7
2025-06-12 16:33:00,67.0
2025-06-12 04:16:00,6.5
2025-06-12 06:55:00,94.3
2025-06-12 10:37:00,50.31471380077256
2025-06-12 23:13:00,28.7
2025-06-12 18:38:00,87.3
2025-06-12 14:01:00,55.2
2025-06-12 16:24:00,19.4
2025-06-12 09:49:00,44.4
2025-06-12 01:08:00,81.5
2025-06-12 18:16:00,9.1
2025-06-12 16:29:00,44.7
2025-06-12 09:23:00,97.6
2025-06-12 18:35:00,50.31471380077256
2025-06-12 22:21:00,83.6
2025-06-12 18:32:00,27.1
2025-06-12 02:52:00,8.0
2025-06-12 12:06:00,37.9
2025-06-12 20:04:00,65.2
2025-06-12 15:29:00,83.4
2025-06-12 08:07:00,73.3
2025-06-12 07:23:00,50.8
2025-06-12 00:29:00,35.5
2025-06-12 12:46:00,37.4
2025-06-12 18:52:00,19.0
2025-06-12 00:28:00,50.31471380077256
2025-06-12 03:37:00,68.4
2025-06-12 12:44:00,58.6
2025-06-12 12:47:00,32.7
2025-06-12 09:58:00,3.4
2025-06-12 07:22:00,42.7
2025-06-12 21:18:00,13.7
2025-06-12 10:33:00,50.31471380077256
2025-06-12 17:09:00,1.0
2025-06-12 03:48:00,68.1
2025-06-12 02:06:00,50.31471380077256
2025-06-12 04:03:00,7.4
2025-06-12 06:14:00,22.9
2025-06-12 15:48:00,63.9
2025-06-12 07:34:00,92.9
2025-06-12 06:30:00,48.7
2025-06-12 11:27:00,64.0
2025-06-12 16:43:00,20.6
2025-06-12 23:29:00,66.7
2025-06-12 01:57:00,76.5
2025-06-12 20:58:00,65.8
2025-06-12 09:15:00,59.3
2025-06-12 19:23:00,40.4
2025-06-12 08:54:00,50.31471380077256
2025-06-12 18:17:00,11.0
2025-06-12 03:58:00,95.6
2025-06-12 04:17:00,99.5
2025-06-12 13:52:00,69.5
2025-06-12 20:18:00,62.2
2025-06-12 08:41:00,69.1
2025-06-12 08:02:00,37.7
2025-06-12 06:41:00,13.9
2025-06-12 14:52:00,53.8
2025-06-12 23:14:00,55.2
2025-06-12 09:16:00,37.2
2025-06-12 03:16:00,74.3
2025-06-12 21:50:00,30.9
2025-06-12 13:37:00,84.5
2025-06-12 23:48:00,53.4
2025-06-12 04:10:00,98.2
2025-06-12 18:04:00,50.31471380077256
2025-06-12 20:29:00,66.3
2025-06-12 03:54:00,6.6
2025-06-12 11:48:00,38.9
2025-06-12 18:51:00,36.3
2025-06-12 20:46:00,89.8
2025-06-12 01:38:00,30.8
2025-06-12 18:41:00,42.2
2025-06-12 09:34:00,16.7
2025-06-12 06:58:00,51.0
2025-06-12 12:52:00,95.4
2025-06-12 06:46:00,52.3
2025-06-12 10:50:00,14.9
2025-06-12 17:18:00,50.31471380077256
2025-06-12 23:47:00,10.7
2025-06-12 17:25:00,50.4
2025-06-12 11:51:00,24.3
2025-06-12 11:19:00,24.5
2025-06-12 10:57:00,50.31471380077256
2025-06-12 19:25:00,50.31471380077256
2025-06-12 13:08:00,30.8
2025-06-12 17:39:00,50.31471380077256
2025-06-12 23:38:00,19.4
2025-06-12 02:56:00,11.4
2025-06-12 16:19:00,79.8
2025-06-12 01:43:00,1.3
2025-06-12 03:03:00,78.8
2025-06-12 12:10:00,44.0
2025-06-12 10:13:00,1.8
2025-06-12 02:24:00,50.31471380077256
2025-06-12 07:37:00,64.0
2025-06-12 06:26:00,68.8
2025-06-12 00:32:00,90.8
2025-06-12 19:53:00,26.7
2025-06-12 18:34:00,86.1
2025-06-12 10:46:00,19.7
2025-06-12 16:08:00,71.7
2025-06-12 15:45:00,18.4
2025-06-12 05:58:00,67.1
2025-06-12 00:39:00,40.7
2025-06-12 19:28:00,22.3
2025-06-12 21:43:00,86.4
2025-06-12 03:12:00,50.31471380077256
2025-06-12 13:33:00,56.4
2025-06-12 13:30:00,9.5
2025-06-12 02:57:00,17.9
2025-06-12 05:15:00,61.5
2025-06-12 17:22:00,3.9
2025-06-12 07:57:00,97.9
2025-06-12 18:55:00,93.0
2025-06-12 16:44:00,84.6
2025-06-12 10:43:00,39.2
2025-06-12 01:16:00,78.1
2025-06-12 00:12:00,26.3
2025-06-12 16:59:00,50.31471380077256
2025-06-12 23:00:00,50.31471380077256
2025-06-12 14:43:00,88.9
2025-06-12 17:53:00,20.1
2025-06-12 10:54:00,50.4
2025-06-12 23:51:00,84.3
2025-06-12 15:47:00,43.3
2025-06-12 18:08:00,23.8
2025-06-12 00:07:00,20.8
2025-06-12 09:33:00,43.0
2025-06-12 00:52:00,72.7
2025-06-12 12:02:00,43.2
2025-06-12 01:29:00,55.4
2025-06-12 21:39:00,41.2
2025-06-12 07:06:00,26.9
2025-06-12 07:52:00,7.5
2025-06-12 07:00:00,48.5
2025-06-12 18:23:00,45.3
2025-06-12 13:15:00,50.31471380077256
2025-06-12 18:42:00,16.7
2025-06-12 16:22:00,28.7
2025-06-12 20:22:00,32.2
2025-06-12 01:10:00,23.5
2025-06-12 20:50:00,21.9
2025-06-12 13:14:00,9.2
2025-06-12 13:00:00,51.9
2025-06-12 00:12:00,37.8
2025-06-12 09:01:00,33.5
2025-06-12 20:01:00,40.5
2025-06-12 18:43:00,11.4
2025-06-12 01:30:00,5.1
2025-06-12 04:52:00,73.0
2025-06-12 19:36:00,49.873700916999766
2025-06-12 13:26:00,49.873700916999766
2025-06-12 16:55:00,34.9
2025-06-12 05:42:00,53.3
2025-06-12 01:34:00,83.7
2025-06-12 17:11:00,24.1
2025-06-12 22:04:00,65.4
2025-06-12 14:06:00,26.5
2025-06-12 03:51:00,68.6
2025-06-12 22:25:00,1.3
2025-06-12 20:49:00,52.0
2025-06-12 14:24:00,63.9
2025-06-12 00:52:00,15.4
2025-06-12 08:08:00,76.5
2025-06-12 13:00:00,49.873700916999766
2025-06-12 01:43:00,9.2
2025-06-12 19:38:00,34.8
2025-06-12 15:18:00,15.7
2025-06-12 19:57:00,49.873700916999766
2025-06-12 08:09:00,66.1
2025-06-12 10:17:00,28.0
2025-06-12 13:54:00,49.873700916999766
2025-06-12 07:45:00,49.873700916999766
2025-06-12 11:14:00,81.0
2025-06-12 14:38:00,15.8
2025-06-12 13:44:00,53.6
2025-06-12 15:28:00,49.873700916999766
2025-06-12 08:35:00,81.1
2025-06-12 07:38:00,82.4
2025-06-12 08:36:00,49.873700916999766
2025-06-12 21:08:00,92.8
2025-06-12 15:55:00,24.4
2025-06-12 09:05:00,65.6
2025-06-12 02:11:00,5.3
2025-06-12 18:17:00,46.1
2025-06-12 11:48:00,97.6
2025-06-12 00:10:00,66.9
2025-06-12 19:49:00,68.7
2025-06-12 04:44:00,49.873700916999766
2025-06-12 06:46:00,49.873700916999766
2025-06-12 06:11:00,84.1
2025-06-12 01:29:00,35.1
2025-06-12 14:51:00,9.7
2025-06-12 03:32:00,36.2
2025-06-12 21:30:00,39.4
2025-06-12 20:02:00,95.7
2025-06-12 09:11:00,50.5
2025-06-12 01:23:00,52.5
2025-06-12 08:10:00,22.3
2025-06-12 11:43:00,41.4
2025-06-12 14:00:00,80.4
2025-06-12 12:32:00,73.8
2025-06-12 11:24:00,93.4
2025-06-12 11:00:00,2.9
2025-06-12 23:15:00,65.2
2025-06-12 00:57:00,68.0
2025-06-12 15:46:00,87.4
2025-06-12 10:20:00,55.6
2025-06-12 08:58:00,49.873700916999766
2025-06-12 22:58:00,52.3
2025-06-12 21:58:00,50.5
2025-06-12 16:42:00,2.0
2025-06-12 09:39:00,64.1
2025-06-12 15:37:00,26.2
2025-06-12 17:12:00,18.4
2025-06-12 06:02:00,89.5
2025-06-12 13:24:00,19.4
2025-06-12 19:03:00,32.5
2025-06-12 05:26:00,88.3
2025-06-12 01:26:00,54.7
2025-06-12 02:56:00,23.4
2025-06-12 10:09:00,3.0
2025-06-12 13:42:00,47.8
2025-06-12 17:08:00,80.4
2025-06-12 00:48:00,45.1
2025-06-12 12:53:00,88.9
2025-06-12 20:33:00,49.7
2025-06-12 17:59:00,46.9
2025-06-12 01:53:00,69.6
2025-06-12 09:41:00,68.6
2025-06-12 10:51:00,63.4
2025-06-12 04:58:00,49.873700916999766
2025-06-12 14:12:00,51.5
2025-06-12 13:17:00,88.2
2025-06-12 20:55:00,38.1
2025-06-12 17:41:00,42.7
2025-06-12 10:30:00,64.8
2025-06-12 00:22:00,37.7
2025-06-12 04:01:00,4.1
2025-06-12 08:37:00,82.0
2025-06-12 02:13:00,64.5
2025-06-12 13:29:00,69.3
2025-06-12 09:08:00,57.7
2025-06-12 12:34:00,19.5
2025-06-12 16:40:00,7.4
2025-06-12 11:35:00,59.8
2025-06-12 06:13:00,98.4
2025-06-12 12:41:00,40.4
2025-06-12 13:43:00,80.4
2025-06-12 18:06:00,32.6
2025-06-12 09:23:00,84.6
2025-06-12 20:13:00,87.3
2025-06-12 12:50:00,76.8
2025-06-12 05:33:00,49.873700916999766
2025-06-12 19:43:00,33.9
2025-06-12 12:02:00,8.1
2025-06-12 09:03:00,82.5
2025-06-12 22:49:00,79.5
2025-06-12 18:55:00,52.4
2025-06-12 18:52:00,49.873700916999766
2025-06-12 16:53:00,14.7
2025-06-12 23:06:00,69.8
2025-06-12 23:28:00,41.8
2025-06-12 05:01:00,17.5
2025-06-12 14:13:00,55.0
2025-06-12 19:54:00,6.0
2025-06-12 04:42:00,0.1
2025-06-12 06:27:00,11.9
2025-06-12 03:43:00,49.873700916999766
2025-06-12 02:08:00,71.2
2025-06-12 13:59:00,48.4
2025-06-12 04:31:00,57.5
2025-06-12 11:04:00,49.873700916999766
2025-06-12 20:45:00,81.5
2025-06-12 19:41:00,84.2
2025-06-12 10:55:00,49.873700916999766
2025-06-12 10:39:00,49.873700916999766
2025-06-12 11:37:00,70.0
2025-06-12 07:03:00,49.873700916999766
2025-06-12 02:38:00,52.8
2025-06-12 11:27:00,5.3
2025-06-12 15:06:00,49.873700916999766
2025-06-12 09:56:00,54.7
2025-06-12 02:25:00,49.873700916999766
2025-06-12 10:13:00,10.0
2025-06-12 22:31:00,29.5
2025-06-12 08:00:00,61.8
2025-06-12 22:56:00,16.0
2025-06-12 05:10:00,1.2
2025-06-12 19:08:00,0.7
2025-06-12 16:24:00,49.873700916999766
2025-06-12 17:27:00,58.0
2025-06-12 11:11:00,17.2
2025-06-12 21:47:00,49.873700916999766
2025-06-12 13:12:00,80.3
2025-06-12 08:18:00,47.8
2025-06-12 01:25:00,3.2
2025-06-12 18:12:00,29.9
2025-06-12 11:38:00,26.3
2025-06-12 14:34:00,44.8
2025-06-12 20:21:00,76.7
2025-06-12 18:18:00,3.4
2025-06-12 01:02:00,73.9
2025-06-12 01:35:00,52.0
2025-06-12 02:53:00,6.5
2025-06-12 18:48:00,23.2
2025-06-12 14:57:00,86.5
2025-06-12 20:46:00,91.0
2025-06-12 09:47:00,39.9
2025-06-12 02:50:00,49.873700916999766
2025-06-12 14:37:00,49.873700916999766
2025-06-12 00:44:00,26.0
2025-06-12 01:00:00,68.7
2025-06-12 15:04:00,93.0
2025-06-12 01:07:00,20.0
2025-06-12 17:33:00,78.9
2025-06-12 22:33:00,12.1
2025-06-12 04:37:00,49.873700916999766
2025-06-12 17:00:00,34.8
2025-06-12 08:41:00,8.0
2025-06-12 23:10:00,2.5
2025-06-12 12:59:00,96.9
2025-06-12 05:04:00,56.2
2025-06-12 15:49:00,66.6
2025-06-12 08:14:00,4.0
2025-06-12 01:47:00,56.4
2025-06-12 02:20:00,75.3
2025-06-12 10:31:00,50.3
2025-06-12 11:42:00,69.9
2025-06-12 18:26:00,74.7
2025-06-12 13:11:00,99.8
2025-06-12 18:33:00,75.4
2025-06-12 23:26:00,3.8
2025-06-12 16:19:00,71.5
2025-06-12 11:09:00,6.4
2025-06-12 07:11:00,78.8
2025-06-12 19:12:00,82.5
2025-06-12 16:51:00,16.3
2025-06-12 23:34:00,1.2
2025-06-12 16:29:00,76.5
2025-06-12 18:47:00,42.0
2025-06-12 19:52:00,22.6
2025-06-12 00:37:00,86.5
2025-06-12 11:26:00,19.6
2025-06-12 16:43:00,63.4
2025-06-12 07:49:00,53.8
2025-06-12 21:03:00,28.8
2025-06-12 08:47:00,50.3
2025-06-12 14:20:00,45.1
2025-06-12 20:29:00,58.4
2025-06-12 18:09:00,85.2
2025-06-12 13:52:00,4.1
2025-06-12 22:02:00,49.1
2025-06-12 00:45:00,29.9
2025-06-12 21:25:00,93.9
2025-06-12 02:33:00,19.1
2025-06-12 18:56:00,87.5
2025-06-12 04:03:00,6.9
2025-06-12 08:27:00,83.7
2025-06-12 01:33:00,45.3
2025-06-12 17:43:00,17.1
2025-06-12 15:03:00,67.5
2025-06-12 11:31:00,34.0
2025-06-12 18:46:00,45.7
2025-06-12 00:31:00,80.9
2025-06-12 16:05:00,74.6
2025-06-12 20:19:00,49.873700916999766
2025-06-12 11:29:00,49.873700916999766
2025-06-12 13:08:00,64.9
2025-06-12 01:19:00,49.873700916999766
2025-06-12 03:36:00,12.2
2025-06-12 23:19:00,95.5
2025-06-12 07:48:00,38.6
2025-06-12 18:23:00,25.7
2025-06-12 22:17:00,16.6
2025-06-12 06:08:00,91.2
2025-06-12 17:42:00,1.8
2025-06-12 14:46:00,80.2
2025-06-12 13:39:00,11.9
2025-06-12 21:11:00,66.9
2025-06-12 00:29:00,46.2
2025-06-12 11:05:00,36.3
2025-06-12 03:19:00,70.4
2025-06-12 12:15:00,71.4
2025-06-12 19:46:00,35.3
2025-06-12 03:25:00,28.2
2025-06-12 07:39:00,49.5
2025-06-12 05:43:00,45.7
2025-06-12 01:42:00,21.8
2025-06-12 02:02:00,49.873700916999766
2025-06-12 06:35:00,83.0
2025-06-12 05:09:00,17.5
2025-06-12 22:24:00,34.7
2025-06-12 05:19:00,11.0
2025-06-12 09:26:00,94.6
2025-06-12 13:06:00,91.6
2025-06-12 23:07:00,88.7
2025-06-12 03:08:00,15.9
2025-06-12 10:50:00,88.0
2025-06-12 00:15:00,21.2
2025-06-12 03:59:00,22.6
2025-06-12 03:41:00,4.6
2025-06-12 11:33:00,31.2
2025-06-12 09:43:00,90.0
2025-06-12 00:24:00,69.8
2025-06-12 07:15:00,74.2
2025-06-12 17:31:00,42.1
2025-06-12 08:44:00,20.4
2025-06-12 02:10:00,12.0
2025-06-12 00:23:00,53.1
2025-06-12 09:38:00,49.873700916999766
2025-06-12 05:45:00,23.2
2025-06-12 14:35:00,17.9
2025-06-12 16:13:00,35.3
2025-06-12 05:14:00,60.1
2025-06-12 11:17:00,97.9
2025-06-12 20:43:00,60.4
2025-06-12 01:58:00,62.5
2025-06-12 06:18:00,49.873700916999766
2025-06-12 01:15:00,82.1
2025-06-12 10:59:00,63.8
2025-06-12 10:12:00,88.8
2025-06-12 20:48:00,56.1
2025-06-12 21:57:00,12.2
2025-06-12 17:51:00,95.6
2025-06-12 17:20:00,10.4
2025-06-12 03:49:00,65.8
2025-06-12 14:32:00,99.9
2025-06-12 22:36:00,36.5
2025-06-12 02:05:00,53.8
2025-06-12 14:26:00,37.8
2025-06-12 06:49:00,46.4
2025-06-12 00:41:00,14.5
2025-06-12 05:23:00,33.5
2025-06-12 13:37:00,94.0
2025-06-12 14:58:00,78.3
2025-06-12 13:04:00,66.8
2025-06-12 07:50:00,3.1
2025-06-12 11:04:00,82.2
2025-06-12 05:52:00,98.8
2025-06-12 15:04:00,19.2
2025-06-12 14:43:00,67.3
2025-06-12 01:41:00,21.0
2025-06-12 22:12:00,14.9
2025-06-12 21:01:00,11.0
2025-06-12 17:07:00,82.8
2025-06-12 12:35:00,84.0
2025-06-12 10:59:00,35.1
2025-06-12 20:12:00,49.660353652861794
2025-06-12 01:47:00,40.2
2025-06-12 15:12:00,47.1
2025-06-12 09:04:00,0.9
2025-06-12 18:18:00,58.1
2025-06-12 20:40:00,12.6
2025-06-12 11:06:00,87.0
2025-06-12 08:38:00,49.660353652861794
2025-06-12 06:46:00,1.0
2025-06-12 17:57:00,96.9
2025-06-12 07:25:00,63.5
2025-06-12 06:16:00,2.1
2025-06-12 04:06:00,76.0
2025-06-12 03:30:00,0.9
2025-06-12 19:35:00,49.660353652861794
2025-06-12 23:28:00,93.6
2025-06-12 04:32:00,49.660353652861794
2025-06-12 04:50:00,87.6
2025-06-12 17:17:00,73.0
2025-06-12 18:05:00,3.1
2025-06-12 11:37:00,50.2
2025-06-12 09:31:00,49.0
2025-06-12 12:37:00,76.6
2025-06-12 18:16:00,3.9
2025-06-12 11:22:00,82.6
2025-06-12 16:28:00,98.3
2025-06-12 13:02:00,54.6
2025-06-12 20:57:00,52.4
2025-06-12 14:36:00,22.2
2025-06-12 08:48:00,0.8
2025-06-12 06:06:00,59.4
2025-06-12 22:01:00,0.6
2025-06-12 22:48:00,49.660353652861794
2025-06-12 18:17:00,0.4
2025-06-12 23:45:00,38.5
2025-06-12 05:43:00,49.660353652861794
2025-06-12 21:42:00,49.6
2025-06-12 22:14:00,49.660353652861794
2025-06-12 22:08:00,85.7
2025-06-12 14:20:00,70.7
2025-06-12 04:03:00,95.8
2025-06-12 03:31:00,88.8
2025-06-12 23:41:00,49.660353652861794
2025-06-12 12:38:00,29.8
2025-06-12 08:45:00,59.3
2025-06-12 19:24:00,61.1
2025-06-12 08:04:00,49.660353652861794
2025-06-12 07:02:00,43.2
2025-06-12 12:55:00,71.1
2025-06-12 10:52:00,59.7
2025-06-12 16:19:00,57.2
2025-06-12 00:21:00,49.660353652861794
2025-06-12 04:22:00,68.5
2025-06-12 10:31:00,75.0
2025-06-12 17:02:00,52.4
2025-06-12 22:36:00,96.5
2025-06-12 20:11:00,49.660353652861794
2025-06-12 08:51:00,1.8
2025-06-12 01:29:00,49.660353652861794
2025-06-12 03:16:00,67.7
2025-06-12 08:25:00,53.0
2025-06-12 19:06:00,29.8
2025-06-12 00:46:00,13.2
2025-06-12 14:16:00,72.7
2025-06-12 18:44:00,48.2
2025-06-12 03:45:00,67.4
2025-06-12 08:59:00,92.8
2025-06-12 09:06:00,20.6
2025-06-12 21:44:00,24.2
2025-06-12 14:37:00,72.5
2025-06-12 12:05:00,40.2
2025-06-12 17:20:00,24.8
2025-06-12 06:54:00,62.2
2025-06-12 06:07:00,85.6
2025-06-12 06:11:00,1.9
2025-06-12 01:09:00,16.3
2025-06-12 06:49:00,89.9
2025-06-12 19:41:00,0.5
2025-06-12 03:02:00,52.0
2025-06-12 00:01:00,18.5
2025-06-12 16:33:00,81.1
2025-06-12 04:17:00,53.4
2025-06-12 21:14:00,49.660353652861794
2025-06-12 14:57:00,2.3
2025-06-12 05:17:00,78.7
2025-06-12 22:10:00,89.2
2025-06-12 10:04:00,66.8
2025-06-12 10:08:00,84.4
2025-06-12 20:45:00,48.5
2025-06-12 01:32:00,68.4
2025-06-12 06:43:00,14.3
2025-06-12 06:39:00,54.5
2025-06-12 16:34:00,63.6
2025-06-12 09:22:00,42.5
2025-06-12 16:29:00,6.5
2025-06-12 14:07:00,61.3
2025-06-12 23:24:00,49.660353652861794
2025-06-12 22:19:00,46.1
2025-06-12 12:41:00,70.2
2025-06-12 17:46:00,49.660353652861794
2025-06-12 08:19:00,14.5
2025-06-12 17:27:00,52.7
2025-06-12 04:27:00,49.660353652861794
2025-06-12 06:33:00,3.4
2025-06-12 15:38:00,68.6
2025-06-12 12:22:00,27.4
2025-06-12 15:50:00,32.5
2025-06-12 13:36:00,23.1
2025-06-12 17:42:00,49.660353652861794
2025-06-12 07:08:00,91.1
2025-06-12 14:38:00,87.0
2025-06-12 11:05:00,57.5
2025-06-12 11:09:00,50.4
2025-06-12 12:03:00,44.1
2025-06-12 18:48:00,13.9
2025-06-12 13:27:00,49.6
2025-06-12 06:02:00,27.4
2025-06-12 06:44:00,66.3
2025-06-12 20:14:00,81.7
2025-06-12 20:52:00,34.7
2025-06-12 03:46:00,49.660353652861794
2025-06-12 19:34:00,52.0
2025-06-12 04:45:00,36.4
2025-06-12 07:04:00,13.8
2025-06-12 21:39:00,58.5
2025-06-12 02:06:00,33.4
2025-06-12 23:18:00,61.7
2025-06-12 10:39:00,20.1
2025-06-12 19:11:00,3.2
2025-06-12 05:08:00,37.0
2025-06-12 01:49:00,17.4
2025-06-12 04:43:00,78.5
2025-06-12 21:04:00,71.0
2025-06-12 06:10:00,41.4
2025-06-12 19:27:00,48.1
2025-06-12 23:25:00,80.7
2025-06-12 23:23:00,11.0
2025-06-12 00:04:00,18.2
2025-06-12 18:51:00,49.660353652861794
2025-06-12 07:19:00,16.3
2025-06-12 14:23:00,72.3
2025-06-12 15:40:00,19.3
2025-06-12 23:03:00,78.4
2025-06-12 06:14:00,79.2
2025-06-12 21:32:00,0.8
2025-06-12 11:42:00,64.9
2025-06-12 11:03:00,14.7
2025-06-12 19:58:00,94.7
2025-06-12 14:39:00,49.660353652861794
2025-06-12 15:08:00,98.0
2025-06-12 06:13:00,52.7
2025-06-12 19:21:00,32.1
2025-06-12 00:59:00,49.660353652861794
2025-06-12 18:50:00,49.660353652861794
2025-06-12 14:35:00,18.3
2025-06-12 08:15:00,56.1
2025-06-12 22:51:00,67.1
2025-06-12 14:30:00,28.6
2025-06-12 09:18:00,91.7
2025-06-12 14:50:00,26.2
2025-06-12 14:08:00,61.3
2025-06-12 15:31:00,49.660353652861794
2025-06-12 10:43:00,78.7
2025-06-12 22:32:00,11.9
2025-06-12 13:59:00,64.9
2025-06-12 08:44:00,22.9
2025-06-12 05:16:00,49.660353652861794
2025-06-12 20:35:00,49.6
2025-06-12 13:14:00,49.660353652861794
2025-06-12 10:47:00,61.8
2025-06-12 19:49:00,15.4
2025-06-12 16:23:00,50.8
2025-06-12 18:37:00,37.2
2025-06-12 23:36:00,17.0
2025-06-12 13:17:00,49.660353652861794
2025-06-12 15:53:00,58.6
2025-06-12 01:46:00,49.660353652861794
2025-06-12 07:55:00,24.9
2025-06-12 05:27:00,46.7
2025-06-12 09:46:00,82.1
2025-06-12 21:35:00,55.6
2025-06-12 23:16:00,70.4
2025-06-12 16:54:00,92.3
2025-06-12 20:50:00,19.5
2025-06-12 11:35:00,95.4
2025-06-12 00:52:00,82.4
2025-06-12 02:45:00,29.8
2025-06-12 08:21:00,32.1
2025-06-12 10:30:00,28.2
2025-06-12 22:15:00,6.9
2025-06-12 21:24:00,41.5
2025-06-12 00:08:00,56.8
2025-06-12 06:58:00,26.6
2025-06-12 16:49:00,53.8
2025-06-12 17:25:00,86.6
2025-06-12 02:24:00,56.6
2025-06-12 02:56:00,36.9
2025-06-12 01:27:00,57.0
2025-06-12 15:41:00,49.660353652861794
2025-06-12 10:45:00,49.660353652861794
2025-06-12 06:34:00,61.8
2025-06-12 12:20:00,48.1
2025-06-12 07:49:00,96.1
2025-06-12 01:39:00,46.7
2025-06-12 11:27:00,99.3
2025-06-12 08:31:00,11.7
2025-06-12 07:16:00,38.1
2025-06-12 20:26:00,62.2
2025-06-12 19:48:00,49.660353652861794
2025-06-12 16:42:00,55.0
2025-06-12 07:10:00,87.0
2025-06-12 02:39:00,8.9
2025-06-12 11:40:00,58.6
2025-06-12 15:28:00,24.5
2025-06-12 21:23:00,7.0
2025-06-12 00:14:00,20.4
2025-06-12 16:48:00,73.9
2025-06-12 08:08:00,11.7
2025-06-12 07:59:00,86.8
2025-06-12 08:16:00,34.6
2025-06-12 01:25:00,2.0
2025-06-12 03:52:00,33.5
2025-06-12 23:19:00,49.9
2025-06-12 11:51:00,46.4
2025-06-12 23:00:00,13.2
2025-06-12 08:35:00,49.660353652861794
2025-06-12 00:20:00,9.8
2025-06-12 20:00:00,58.4
2025-06-12 07:09:00,27.8
2025-06-12 15:47:00,73.4
2025-06-12 22:41:00,77.4
2025-06-12 02:57:00,59.3
2025-06-12 10:36:00,7.7
2025-06-12 00:56:00,58.8
2025-06-12 21:43:00,49.660353652861794
2025-06-12 06:32:00,25.7
2025-06-12 23:44:00,27.0
2025-06-12 03:49:00,17.2
2025-06-12 05:25:00,44.4
2025-06-12 09:55:00,67.5
2025-06-12 10:03:00,55.3
2025-06-12 20:18:00,26.9
2025-06-12 08:03:00,7.4
2025-06-12 12:44:00,95.6
2025-06-12 01:33:00,57.7
2025-06-12 23:11:00,94.9
2025-06-12 02:22:00,89.8
2025-06-12 02:05:00,45.2
2025-06-12 12:59:00,43.4
2025-06-12 15:24:00,44.3
2025-06-12 10:07:00,30.2
2025-06-12 23:17:00,90.8
2025-06-12 07:53:00,81.9
2025-06-12 08:01:00,96.7
2025-06-12 08:29:00,84.6
2025-06-12 13:19:00,81.2
2025-06-12 00:18:00,72.2
2025-06-12 09:37:00,78.7
2025-06-12 04:51:00,43.5
2025-06-12 09:56:00,34.1
2025-06-12 09:01:00,77.5
2025-06-12 06:29:00,49.660353652861794
2025-06-12 19:31:00,59.1
2025-06-12 11:14:00,34.0
2025-06-12 14:47:00,34.4
2025-06-12 20:38:00,33.3
2025-06-12 09:53:00,61.8
2025-06-12 17:51:00,49.660353652861794
2025-06-12 07:20:00,57.9
2025-06-12 23:55:00,62.5
2025-06-12 04:44:00,88.2
2025-06-12 05:06:00,20.3
2025-06-12 23:27:00,34.3
2025-06-12 08:39:00,50.5
2025-06-12 04:16:00,76.5
2025-06-12 15:59:00,49.660353652861794
2025-06-12 15:33:00,33.8
2025-06-12 01:50:00,30.1
2025-06-12 16:46:00,30.7
2025-06-12 20:20:00,22.0
2025-06-12 16:16:00,49.9804001872221
2025-06-12 20:04:00,64.6
2025-06-12 16:13:00,49.9804001872221
2025-06-12 18:00:00,67.9
2025-06-12 02:12:00,30.2
2025-06-12 20:06:00,49.9804001872221
2025-06-12 12:30:00,3.7
2025-06-12 13:07:00,49.9804001872221
2025-06-12 20:27:00,70.2
2025-06-12 08:44:00,17.2
2025-06-12 10:41:00,38.0
2025-06-12 02:58:00,49.9804001872221
2025-06-12 15:30:00,37.2
2025-06-12 14:07:00,10.2
2025-06-12 04:47:00,40.7
2025-06-12 01:30:00,19.6
2025-06-12 23:35:00,49.9804001872221
2025-06-12 12:26:00,87.1
2025-06-12 19:04:00,61.7
2025-06-12 14:29:00,23.8
2025-06-12 09:48:00,19.5
2025-06-12 09:58:00,49.9804001872221
2025-06-12 01:33:00,31.8
2025-06-12 03:59:00,49.7
2025-06-12 15:31:00,35.3
2025-06-12 04:19:00,92.6
2025-06-12 21:10:00,49.9804001872221
2025-06-12 18:05:00,64.9
2025-06-12 02:22:00,49.9804001872221
2025-06-12 00:11:00,59.7
2025-06-12 17:01:00,86.8
2025-06-12 15:07:00,88.5
2025-06-12 01:19:00,88.5
2025-06-12 16:47:00,49.9804001872221
2025-06-12 05:36:00,67.0
2025-06-12 00:23:00,58.3
2025-06-12 09:45:00,24.2
2025-06-12 10:55:00,70.6
2025-06-12 13:21:00,49.9804001872221
2025-06-12 10:29:00,0.6
2025-06-12 09:38:00,62.7
2025-06-12 02:44:00,63.5
2025-06-12 17:31:00,28.3
2025-06-12 15:09:00,41.8
2025-06-12 08:41:00,49.9804001872221
2025-06-12 15:12:00,76.7
2025-06-12 07:08:00,43.1
2025-06-12 19:52:00,71.0
2025-06-12 09:15:00,61.4
2025-06-12 11:55:00,38.8
2025-06-12 07:48:00,49.9804001872221
2025-06-12 12:11:00,62.3
2025-06-12 12:17:00,63.3
2025-06-12 02:09:00,65.1
2025-06-12 06:44:00,91.6
2025-06-12 08:09:00,1.5
2025-06-12 11:09:00,84.3
2025-06-12 09:51:00,78.3
2025-06-12 23:36:00,94.9
2025-06-12 05:33:00,28.0
2025-06-12 02:51:00,90.6
2025-06-12 13:24:00,43.7
2025-06-12 11:02:00,49.9804001872221
2025-06-12 00:58:00,8.3
2025-06-12 19:13:00,82.4
2025-06-12 17:29:00,82.9
2025-06-12 03:10:00,69.1
2025-06-12 02:52:00,51.1
2025-06-12 08:04:00,39.0
2025-06-12 11:05:00,15.1
2025-06-12 21:25:00,37.1
2025-06-12 01:07:00,64.1
2025-06-12 18:59:00,43.5
2025-06-12 12:55:00,40.4
2025-06-12 08:33:00,40.4
2025-06-12 21:55:00,65.2
2025-06-12 12:10:00,18.0
2025-06-12 17:27:00,96.4
2025-06-12 10:36:00,91.2
2025-06-12 19:48:00,45.4
2025-06-12 08:24:00,5.2
2025-06-12 15:48:00,59.3
2025-06-12 23:40:00,91.6
2025-06-12 20:14:00,51.8
2025-06-12 02:38:00,17.9
2025-06-12 06:58:00,21.7
2025-06-12 03:47:00,13.1
2025-06-12 16:18:00,49.9804001872221
2025-06-12 03:51:00,60.8
2025-06-12 16:31:00,45.4
2025-06-12 07:03:00,69.6
2025-06-12 00:06:00,46.4
2025-06-12 00:51:00,63.9
2025-06-12 20:08:00,77.6
2025-06-12 12:15:00,75.3
2025-06-12 15:33:00,33.9
2025-06-12 07:52:00,49.9804001872221
2025-06-12 03:46:00,52.5
2025-06-12 04:22:00,49.9804001872221
2025-06-12 01:00:00,11.1
2025-06-12 22:49:00,49.9804001872221
2025-06-12 04:20:00,29.1
2025-06-12 09:13:00,9.8
2025-06-12 14:31:00,88.0
2025-06-12 19:06:00,50.8
2025-06-12 18:27:00,40.7
2025-06-12 22:48:00,75.6
2025-06-12 00:20:00,54.3
2025-06-12 19:50:00,88.2
2025-06-12 19:37:00,18.7
2025-06-12 07:06:00,65.1
2025-06-12 14:30:00,71.6
2025-06-12 06:06:00,88.6
2025-06-12 06:55:00,34.4
2025-06-12 02:18:00,21.4
2025-06-12 01:02:00,9.3
2025-06-12 05:00:00,84.6
2025-06-12 08:16:00,49.9804001872221
2025-06-12 18:29:00,12.7
2025-06-12 03:55:00,52.9
2025-06-12 10:30:00,41.4
2025-06-12 13:38:00,49.1
2025-06-12 23:49:00,27.8
2025-06-12 08:07:00,86.0
2025-06-12 05:46:00,46.9
2025-06-12 00:30:00,6.4
2025-06-12 18:56:00,76.6
2025-06-12 00:28:00,76.7
2025-06-12 13:18:00,49.9804001872221
2025-06-12 05:30:00,45.3
2025-06-12 03:20:00,68.0
2025-06-12 15:54:00,55.9
2025-06-12 21:31:00,49.9804001872221
2025-06-12 11:20:00,64.2
2025-06-12 00:36:00,77.3
2025-06-12 07:38:00,49.9804001872221
2025-06-12 19:45:00,24.5
2025-06-12 03:16:00,55.7
2025-06-12 18:46:00,72.3
2025-06-12 15:34:00,89.3
2025-06-12 14:20:00,49.9804001872221
2025-06-12 21:13:00,24.2
2025-06-12 22:01:00,87.9
2025-06-12 23:06:00,98.5
2025-06-12 12:00:00,14.4
2025-06-12 00:50:00,63.0
2025-06-12 05:07:00,82.8
2025-06-12 02:02:00,82.9
2025-06-12 23:34:00,61.3
2025-06-12 08:56:00,7.7
2025-06-12 08:54:00,78.3
2025-06-12 03:57:00,78.6
2025-06-12 13:22:00,86.1
2025-06-12 07:42:00,9.2
2025-06-12 22:30:00,31.0
2025-06-12 04:48:00,79.5
2025-06-12 14:12:00,68.9
2025-06-12 11:22:00,93.9
2025-06-12 16:49:00,49.9804001872221
2025-06-12 16:12:00,49.9804001872221
2025-06-12 04:36:00,95.3
2025-06-12 07:49:00,63.3
2025-06-12 10:14:00,0.9
2025-06-12 22:52:00,44.8
2025-06-12 01:05:00,65.9
2025-06-12 19:38:00,65.5
2025-06-12 02:26:00,90.9
2025-06-12 18:58:00,24.5
2025-06-12 06:24:00,46.7
2025-06-12 10:09:00,2.6
2025-06-12 15:49:00,45.7
2025-06-12 18:06:00,12.3
2025-06-12 06:45:00,49.9804001872221
2025-06-12 18:40:00,49.9804001872221
2025-06-12 16:33:00,73.0
2025-06-12 09:27:00,15.5
2025-06-12 02:00:00,1.3
2025-06-12 00:35:00,46.9
2025-06-12 14:43:00,71.1
2025-06-12 08:43:00,13.7
2025-06-12 03:48:00,39.6
2025-06-12 15:26:00,29.9
2025-06-12 08:36:00,22.5
2025-06-12 17:46:00,55.9
2025-06-12 14:40:00,4.7
2025-06-12 06:20:00,87.2
2025-06-12 15:17:00,71.2
2025-06-12 05:50:00,70.0
2025-06-12 07:04:00,16.3
2025-06-12 06:49:00,2.8
2025-06-12 07:20:00,26.7
2025-06-12 15:45:00,65.9
2025-06-12 04:06:00,80.6
2025-06-12 14:33:00,35.2
2025-06-12 13:34:00,89.3
2025-06-12 06:35:00,15.7
2025-06-12 08:29:00,10.4
2025-06-12 11:07:00,85.3
2025-06-12 09:26:00,78.8
2025-06-12 22:54:00,81.8
2025-06-12 14:06:00,49.9804001872221
2025-06-12 11:37:00,28.4
2025-06-12 16:48:00,86.8
2025-06-12 02:01:00,6.3
2025-06-12 21:41:00,35.8
2025-06-12 09:18:00,97.2
2025-06-12 20:02:00,42.1
2025-06-12 23:43:00,11.9
2025-06-12 03:49:00,94.9
2025-06-12 04:45:00,61.3
2025-06-12 23:01:00,64.5
2025-06-12 01:56:00,17.8
2025-06-12 03:07:00,56.2
2025-06-12 09:39:00,60.5
2025-06-12 02:47:00,83.1
2025-06-12 23:58:00,51.3
2025-06-12 00:53:00,85.4
2025-06-12 02:37:00,38.5
2025-06-12 17:04:00,12.9
2025-06-12 01:45:00,63.4
2025-06-12 11:51:00,96.9
2025-06-12 16:36:00,33.9
2025-06-12 03:00:00,0.3
2025-06-12 06:53:00,49.9804001872221
2025-06-12 04:35:00,67.1
2025-06-12 03:35:00,47.2
2025-06-12 19:59:00,18.7
2025-06-12 14:50:00,69.6
2025-06-12 19:14:00,65.4
2025-06-12 07:17:00,84.1
2025-06-12 05:59:00,57.8
2025-06-12 18:45:00,49.9804001872221
2025-06-12 21:22:00,50.5
2025-06-12 01:52:00,60.5
2025-06-12 23:52:00,49.9804001872221
2025-06-12 02:36:00,82.0
2025-06-12 05:42:00,86.5
2025-06-12 13:09:00,21.9
2025-06-12 05:47:00,62.3
2025-06-12 04:57:00,49.9804001872221
2025-06-12 15:46:00,34.8
2025-06-12 10:19:00,49.9804001872221
2025-06-12 19:58:00,11.1
2025-06-12 23:37:00,26.7
2025-06-12 01:21:00,87.7
2025-06-12 20:25:00,18.1
2025-06-12 00:44:00,72.5
2025-06-12 00:00:00,41.2
2025-06-12 11:35:00,91.7
2025-06-12 05:02:00,72.1
2025-06-12 12:57:00,68.2
2025-06-12 15:20:00,32.1
2025-06-12 12:12:00,51.1
2025-06-12 11:46:00,32.9
2025-06-12 23:25:00,98.7
2025-06-12 18:09:00,62.4
2025-06-12 11:44:00,47.9
2025-06-12 19:55:00,82.8
2025-06-12 12:56:00,29.9
2025-06-12 09:55:00,31.8
2025-06-12 16:52:00,38.6
2025-06-12 16:26:00,41.8
2025-06-12 17:23:00,30.6
2025-06-12 04:30:00,74.6
2025-06-12 14:39:00,43.4
2025-06-12 12:43:00,66.4
2025-06-12 19:10:00,76.9
2025-06-12 01:54:00,77.4
2025-06-12 17:30:00,49.9804001872221
2025-06-12 12:59:00,54.4
2025-06-12 10:48:00,87.6
2025-06-12 11:32:00,10.6
2025-06-12 15:11:00,49.9804001872221
2025-06-12 20:26:00,3.3
2025-06-12 15:27:00,70.0
2025-06-12 11:18:00,49.9804001872221
2025-06-12 17:47:00,11.4
2025-06-12 19:40:00,63.0
2025-06-12 00:14:00,76.3
2025-06-12 08:57:00,5.3
2025-06-12 17:58:00,5.8
2025-06-12 16:25:00,42.2
2025-06-12 03:33:00,49.9804001872221
2025-06-12 15:44:00,92.1
2025-06-12 23:12:00,47.1
2025-06-12 05:17:00,49.9804001872221
2025-06-12 09:19:00,93.5
2025-06-12 12:37:00,30.9
2025-06-12 03:06:00,86.5
2025-06-12 03:29:00,6.7
2025-06-12 17:43:00,35.4
2025-06-12 13:26:00,20.2
2025-06-12 01:36:00,49.9804001872221
2025-06-12 22:40:00,40.9
2025-06-12 08:38:00,39.3
2025-06-12 08:02:00,8.6
2025-06-12 05:25:00,31.2
2025-06-12 04:38:00,49.9804001872221
2025-06-12 22:38:00,13.5
2025-06-12 21:36:00,59.7
2025-06-12 02:21:00,99.4
2025-06-12 02:40:00,52.2
2025-06-12 07:30:00,61.5
2025-06-12 07:29:00,82.5
2025-06-12 04:05:00,73.5
2025-06-12 23:53:00,48.7
2025-06-12 06:13:00,91.1
2025-06-12 16:52:00,62.8
2025-06-12 17:30:00,83.4
2025-06-12 10:37:00,12.1
2025-06-12 10:57:00,71.1
2025-06-12 02:40:00,68.9
2025-06-12 13:32:00,32.3
2025-06-12 00:38:00,37.9
2025-06-12 11:36:00,5.9
2025-06-12 04:28:00,13.0
2025-06-12 13:48:00,86.1
2025-06-12 17:52:00,83.0
2025-06-12 06:56:00,49.6
2025-06-12 06:39:00,52.6
2025-06-12 14:14:00,49.659483264826775
2025-06-12 22:04:00,49.659483264826775
2025-06-12 10:04:00,41.4
2025-06-12 18:24:00,49.659483264826775
2025-06-12 10:28:00,45.3
2025-06-12 03:07:00,97.0
2025-06-12 04:09:00,62.5
2025-06-12 20:19:00,49.659483264826775
2025-06-12 05:35:00,52.4
2025-06-12 11:13:00,51.0
2025-06-12 01:12:00,53.5
2025-06-12 08:26:00,12.1
2025-06-12 11:32:00,72.8
2025-06-12 19:21:00,49.659483264826775
2025-06-12 22:35:00,49.659483264826775
2025-06-12 00:20:00,49.659483264826775
2025-06-12 00:34:00,49.659483264826775
2025-06-12 08:55:00,75.8
2025-06-12 02:39:00,0.0
2025-06-12 10:47:00,88.3
2025-06-12 11:55:00,91.2
2025-06-12 20:18:00,77.6
2025-06-12 16:35:00,49.659483264826775
2025-06-12 12:51:00,49.659483264826775
2025-06-12 21:33:00,64.2
2025-06-12 16:50:00,75.0
2025-06-12 03:40:00,80.0
2025-06-12 01:31:00,5.1
2025-06-12 15:45:00,97.2
2025-06-12 15:56:00,65.8
2025-06-12 12:16:00,69.4
2025-06-12 02:23:00,60.8
2025-06-12 01:17:00,96.2
2025-06-12 03:45:00,76.8
2025-06-12 16:27:00,79.2
2025-06-12 07:30:00,77.0
2025-06-12 09:34:00,46.8
2025-06-12 20:09:00,7.1
2025-06-12 05:45:00,2.4
2025-06-12 03:00:00,49.659483264826775
2025-06-12 08:10:00,82.3
2025-06-12 06:16:00,51.6
2025-06-12 06:55:00,82.6
2025-06-12 23:19:00,62.2
2025-06-12 00:24:00,83.4
2025-06-12 08:28:00,92.4
2025-06-12 07:05:00,49.659483264826775
2025-06-12 03:06:00,2.2
2025-06-12 09:02:00,49.659483264826775
2025-06-12 16:45:00,67.0
2025-06-12 20:38:00,49.659483264826775
2025-06-12 01:10:00,84.9
2025-06-12 19:10:00,76.0
2025-06-12 17:53:00,55.6
2025-06-12 17:16:00,39.9
2025-06-12 19:58:00,36.5
2025-06-12 02:59:00,13.7
2025-06-12 13:46:00,10.0
2025-06-12 20:15:00,62.6
2025-06-12 12:45:00,34.2
2025-06-12 23:33:00,49.659483264826775
2025-06-12 02:51:00,32.0
2025-06-12 14:41:00,97.2
2025-06-12 07:28:00,18.3
2025-06-12 17:13:00,63.8
2025-06-12 06:06:00,96.7
2025-06-12 07:25:00,16.3
2025-06-12 14:39:00,31.0
2025-06-12 09:33:00,35.7
2025-06-12 10:18:00,49.659483264826775
2025-06-12 03:14:00,32.3
2025-06-12 23:18:00,49.659483264826775
2025-06-12 13:23:00,26.1
2025-06-12 20:35:00,2.7
2025-06-12 00:56:00,49.659483264826775
2025-06-12 14:44:00,8.5
2025-06-12 07:53:00,98.4
2025-06-12 09:59:00,82.7
2025-06-12 03:26:00,90.9
2025-06-12 03:01:00,80.0
2025-06-12 07:18:00,49.659483264826775
2025-06-12 22:08:00,85.4
2025-06-12 18:10:00,71.4
2025-06-12 01:08:00,46.3
2025-06-12 07:32:00,88.0
2025-06-12 18:18:00,49.659483264826775
2025-06-12 09:17:00,49.659483264826775
2025-06-12 14:06:00,86.8
2025-06-12 13:43:00,61.3
2025-06-12 15:05:00,8.0
2025-06-12 10:11:00,74.3
2025-06-12 21:10:00,65.9
2025-06-12 14:59:00,57.8
2025-06-12 09:40:00,50.0
2025-06-12 03:09:00,70.2
2025-06-12 13:35:00,25.6
2025-06-12 02:54:00,52.4
2025-06-12 11:39:00,46.4
2025-06-12 06:53:00,69.8
2025-06-12 13:37:00,23.5
2025-06-12 15:41:00,82.6
2025-06-12 14:35:00,51.5
2025-06-12 17:05:00,36.1
2025-06-12 12:15:00,19.5
2025-06-12 06:28:00,64.0
2025-06-12 07:08:00,94.1
2025-06-12 21:37:00,49.7
2025-06-12 10:33:00,49.659483264826775
2025-06-12 08:23:00,6.4
2025-06-12 12:30:00,2.3
2025-06-12 06:08:00,58.1
2025-06-12 11:31:00,49.659483264826775
2025-06-12 07:07:00,0.2
2025-06-12 12:52:00,79.5
2025-06-12 06:09:00,49.659483264826775
2025-06-12 21:21:00,30.9
2025-06-12 20:56:00,84.6
2025-06-12 12:53:00,62.3
2025-06-12 22:12:00,95.9
2025-06-12 20:17:00,43.2
2025-06-12 09:54:00,73.5
2025-06-12 10:38:00,4.4
2025-06-12 19:17:00,8.0
2025-06-12 16:26:00,49.659483264826775
2025-06-12 13:02:00,49.659483264826775
2025-06-12 17:08:00,31.7
2025-06-12 06:02:00,90.1
2025-06-12 20:55:00,49.659483264826775
2025-06-12 18:50:00,41.6
2025-06-12 01:57:00,42.9
2025-06-12 16:11:00,67.1
2025-06-12 21:50:00,54.3
2025-06-12 18:26:00,30.8
2025-06-12 15:54:00,34.3
2025-06-12 17:23:00,37.8
2025-06-12 03:04:00,32.2
2025-06-12 13:06:00,25.3
2025-06-12 03:18:00,64.2
2025-06-12 08:03:00,13.1
2025-06-12 19:30:00,49.659483264826775
2025-06-12 01:49:00,71.9
2025-06-12 08:25:00,95.4
2025-06-12 06:19:00,8.0
2025-06-12 17:01:00,49.659483264826775
2025-06-12 10:40:00,19.1
2025-06-12 15:06:00,97.6
2025-06-12 08:52:00,99.6
2025-06-12 12:03:00,60.1
2025-06-12 18:57:00,15.4
2025-06-12 16:05:00,83.2
2025-06-12 16:24:00,41.3
2025-06-12 16:04:00,49.659483264826775
2025-06-12 00:58:00,84.3
2025-06-12 13:31:00,60.4
2025-06-12 04:52:00,36.6
2025-06-12 18:00:00,51.1
2025-06-12 06:25:00,85.9
2025-06-12 05:55:00,14.7
2025-06-12 07:11:00,28.1
2025-06-12 16:43:00,35.3
2025-06-12 11:54:00,95.0
2025-06-12 14:27:00,94.2
2025-06-12 18:13:00,73.0
2025-06-12 10:10:00,38.8
2025-06-12 21:36:00,58.2
2025-06-12 13:07:00,39.2
2025-06-12 02:31:00,56.8
2025-06-12 19:45:00,42.6
2025-06-12 04:27:00,88.2
2025-06-12 16:10:00,55.5
2025-06-12 05:48:00,62.7
2025-06-12 21:31:00,49.659483264826775
2025-06-12 02:02:00,51.7
2025-06-12 19:55:00,49.6
2025-06-12 09:49:00,71.6
2025-06-12 03:37:00,47.3
2025-06-12 22:56:00,49.659483264826775
2025-06-12 15:29:00,24.9
2025-06-12 07:46:00,10.6
2025-06-12 18:15:00,18.1
2025-06-12 04:12:00,7.8
2025-06-12 21:12:00,53.6
2025-06-12 07:12:00,96.9
2025-06-12 05:32:00,57.1
2025-06-12 19:35:00,0.9
2025-06-12 05:50:00,49.659483264826775
2025-06-12 09:51:00,9.8
2025-06-12 10:19:00,64.7
2025-06-12 19:50:00,44.2
2025-06-12 16:54:00,54.4
2025-06-12 16:06:00,72.3
2025-06-12 14:49:00,45.2
2025-06-12 02:30:00,81.6
2025-06-12 12:11:00,84.1
2025-06-12 22:07:00,30.3
2025-06-12 08:32:00,72.3
2025-06-12 07:40:00,27.7
2025-06-12 21:04:00,28.0
2025-06-12 05:22:00,81.8
2025-06-12 18:56:00,49.659483264826775
2025-06-12 11:17:00,66.8
2025-06-12 23:41:00,41.2
2025-06-12 22:36:00,49.659483264826775
2025-06-12 17:10:00,49.659483264826775
2025-06-12 01:43:00,44.7
2025-06-12 02:26:00,16.8
2025-06-12 04:36:00,92.8
2025-06-12 14:18:00,1.8
2025-06-12 18:04:00,6.7
2025-06-12 02:24:00,47.5
2025-06-12 22:57:00,58.5
2025-06-12 07:27:00,49.659483264826775
2025-06-12 03:12:00,49.659483264826775
2025-06-12 20:53:00,62.5
2025-06-12 11:41:00,49.659483264826775
2025-06-12 16:16:00,49.659483264826775
2025-06-12 07:51:00,33.0
2025-06-12 01:07:00,32.4
2025-06-12 14:11:00,69.1
2025-06-12 14:46:00,26.1
2025-06-12 18:11:00,44.7
2025-06-12 22:10:00,49.659483264826775
2025-06-12 19:28:00,25.0
2025-06-12 17:09:00,46.8
2025-06-12 03:22:00,55.8
2025-06-12 15:50:00,96.6
2025-06-12 02:58:00,73.8
2025-06-12 08:27:00,96.7
2025-06-12 06:54:00,99.5
2025-06-12 03:52:00,96.1
2025-06-12 22:06:00,67.4
2025-06-12 16:02:00,49.659483264826775
2025-06-12 13:54:00,26.9
2025-06-12 05:27:00,42.8
2025-06-12 00:15:00,40.1
2025-06-12 15:37:00,38.9
2025-06-12 15:07:00,46.1
2025-06-12 05:12:00,82.6
2025-06-12 15:08:00,21.0
2025-06-12 21:30:00,97.3
2025-06-12 11:25:00,76.5
2025-06-12 21:16:00,94.8
2025-06-12 14:40:00,22.4
2025-06-12 17:03:00,70.5
2025-06-12 02:32:00,85.0
2025-06-12 01:56:00,70.7
2025-06-12 04:23:00,25.4
2025-06-12 17:26:00,45.4
2025-06-12 02:38:00,88.8
2025-06-12 07:14:00,26.1
2025-06-12 06:59:00,49.659483264826775
2025-06-12 14:25:00,48.2
2025-06-12 19:39:00,72.9
2025-06-12 03:16:00,4.8
2025-06-12 14:12:00,62.0
2025-06-12 19:53:00,49.659483264826775
2025-06-12 09:41:00,80.0
2025-06-12 23:40:00,56.1
2025-06-12 14:02:00,54.2
2025-06-12 15:10:00,6.5
2025-06-12 01:16:00,4.1
2025-06-12 23:36:00,28.5
2025-06-12 21:56:00,39.0
2025-06-12 18:06:00,9.4
2025-06-12 16:51:00,45.1
2025-06-12 05:42:00,31.7
2025-06-12 16:15:00,69.8
2025-06-12 03:32:00,20.8
2025-06-12 04:39:00,22.6
2025-06-12 05:33:00,40.5
2025-06-12 21:08:00,99.8
2025-06-12 15:46:00,55.9
2025-06-12 02:28:00,49.659483264826775
2025-06-12 05:34:00,73.5
2025-06-12 04:24:00,15.3
2025-06-12 10:20:00,21.4
2025-06-12 12:01:00,33.1
2025-06-12 06:36:00,94.1
2025-06-12 04:45:00,45.4
2025-06-12 14:48:00,49.732274758880266
2025-06-12 08:48:00,32.3
2025-06-12 20:46:00,89.2
2025-06-12 01:49:00,17.6
2025-06-12 21:46:00,17.8
2025-06-12 06:52:00,81.2
2025-06-12 22:00:00,64.5
2025-06-12 21:32:00,87.5
2025-06-12 05:23:00,49.732274758880266
2025-06-12 12:36:00,19.8
2025-06-12 10:28:00,0.2
2025-06-12 15:18:00,40.5
2025-06-12 18:15:00,17.9
2025-06-12 19:20:00,49.2
2025-06-12 17:13:00,70.8
2025-06-12 04:16:00,14.2
2025-06-12 14:02:00,16.4
2025-06-12 20:50:00,49.732274758880266
2025-06-12 01:04:00,70.5
2025-06-12 13:05:00,62.5
2025-06-12 23:21:00,58.8
2025-06-12 11:26:00,38.1
2025-06-12 16:03:00,91.7
2025-06-12 01:39:00,12.1
2025-06-12 05:11:00,80.2
2025-06-12 07:58:00,42.8
2025-06-12 21:01:00,83.9
2025-06-12 06:22:00,16.6
2025-06-12 19:43:00,10.1
2025-06-12 07:37:00,8.9
2025-06-12 08:36:00,41.5
2025-06-12 16:41:00,49.732274758880266
2025-06-12 13:38:00,49.732274758880266
2025-06-12 18:06:00,49.732274758880266
2025-06-12 11:35:00,72.9
2025-06-12 18:56:00,63.2
2025-06-12 18:17:00,49.732274758880266
2025-06-12 01:03:00,81.7
2025-06-12 09:45:00,49.732274758880266
2025-06-12 01:46:00,42.7
2025-06-12 13:08:00,60.6
2025-06-12 11:12:00,88.5
2025-06-12 01:25:00,49.732274758880266
2025-06-12 12:46:00,55.1
2025-06-12 17:14:00,20.3
2025-06-12 02:30:00,58.4
2025-06-12 23:49:00,12.7
2025-06-12 04:26:00,23.4
2025-06-12 05:58:00,98.8
2025-06-12 21:35:00,73.5
2025-06-12 19:56:00,15.4
2025-06-12 10:14:00,49.732274758880266
2025-06-12 06:28:00,89.6
2025-06-12 13:50:00,49.732274758880266
2025-06-12 14:32:00,46.6
2025-06-12 06:02:00,60.9
2025-06-12 07:14:00,52.8
2025-06-12 07:38:00,95.4
2025-06-12 03:43:00,51.8
2025-06-12 21:18:00,1.1
2025-06-12 16:59:00,94.5
2025-06-12 21:36:00,49.2
2025-06-12 17:40:00,8.8
2025-06-12 14:01:00,14.6
2025-06-12 17:17:00,68.1
2025-06-12 23:03:00,49.732274758880266
2025-06-12 04:20:00,19.8
2025-06-12 05:15:00,92.9
2025-06-12 23:26:00,51.2
2025-06-12 17:24:00,89.8
2025-06-12 13:44:00,49.732274758880266
2025-06-12 16:50:00,99.5
2025-06-12 11:08:00,49.732274758880266
2025-06-12 10:36:00,18.6
2025-06-12 18:31:00,67.7
2025-06-12 10:48:00,49.732274758880266
2025-06-12 08:09:00,62.3
2025-06-12 14:43:00,18.2
2025-06-12 08:05:00,15.6
2025-06-12 04:33:00,51.8
2025-06-12 23:08:00,49.732274758880266
2025-06-12 09:59:00,38.9
2025-06-12 18:28:00,41.7
2025-06-12 05:54:00,44.7
2025-06-12 02:15:00,82.6
2025-06-12 21:58:00,59.9
2025-06-12 18:52:00,75.5
2025-06-12 07:01:00,16.2
2025-06-12 11:39:00,7.9
2025-06-12 19:41:00,85.0
2025-06-12 23:53:00,74.9
2025-06-12 11:53:00,90.4
2025-06-12 13:43:00,49.732274758880266
2025-06-12 15:47:00,6.3
2025-06-12 00:31:00,42.1
2025-06-12 09:40:00,56.4
2025-06-12 21:53:00,70.1
2025-06-12 06:58:00,72.7
2025-06-12 23:10:00,88.8
2025-06-12 01:12:00,46.7
2025-06-12 07:28:00,62.9
2025-06-12 03:40:00,80.0
2025-06-12 18:02:00,49.732274758880266
2025-06-12 13:42:00,52.0
2025-06-12 00:18:00,68.4
2025-06-12 18:34:00,32.5
2025-06-12 05:26:00,80.2
2025-06-12 11:16:00,48.4
2025-06-12 21:26:00,80.0
2025-06-12 02:08:00,66.3
2025-06-12 00:52:00,48.0
2025-06-12 15:50:00,19.9
2025-06-12 08:34:00,61.7
2025-06-12 17:44:00,82.9
2025-06-12 10:26:00,8.2
2025-06-12 11:18:00,64.1
2025-06-12 09:21:00,66.7
2025-06-12 08:02:00,43.4
2025-06-12 00:25:00,25.2
2025-06-12 02:02:00,49.732274758880266
2025-06-12 16:22:00,17.0
2025-06-12 06:44:00,7.7
2025-06-12 19:09:00,76.6
2025-06-12 13:19:00,49.732274758880266
2025-06-12 10:49:00,48.5
2025-06-12 20:14:00,30.5
2025-06-12 03:00:00,43.1
2025-06-12 05:24:00,63.5
2025-06-12 18:41:00,76.4
2025-06-12 07:20:00,50.8
2025-06-12 04:07:00,31.1
2025-06-12 02:07:00,63.4
2025-06-12 08:21:00,37.4
2025-06-12 13:29:00,76.8
2025-06-12 14:46:00,66.6
2025-06-12 22:18:00,48.2
2025-06-12 18:05:00,96.6
2025-06-12 03:32:00,49.732274758880266
2025-06-12 11:32:00,46.0
2025-06-12 18:25:00,60.2
2025-06-12 20:10:00,55.9
2025-06-12 04:36:00,6.6
2025-06-12 02:54:00,49.732274758880266
2025-06-12 16:21:00,11.9
2025-06-12 19:29:00,42.8
2025-06-12 10:17:00,48.0
2025-06-12 12:48:00,71.6
2025-06-12 03:33:00,11.5
2025-06-12 20:53:00,49.732274758880266
2025-06-12 18:26:00,7.5
2025-06-12 23:00:00,93.5
2025-06-12 11:57:00,7.1
2025-06-12 20:48:00,37.1
2025-06-12 15:42:00,54.5
2025-06-12 03:34:00,21.0
2025-06-12 19:04:00,54.5
2025-06-12 15:14:00,31.4
2025-06-12 14:30:00,94.2
2025-06-12 17:35:00,93.5
2025-06-12 01:08:00,15.2
2025-06-12 04:25:00,49.732274758880266
2025-06-12 10:21:00,30.3
2025-06-12 02:55:00,49.732274758880266
2025-06-12 04:29:00,86.2
2025-06-12 03:58:00,12.6
2025-06-12 00:27:00,89.4
2025-06-12 16:49:00,90.0
2025-06-12 07:08:00,42.8
2025-06-12 05:46:00,49.732274758880266
2025-06-12 18:20:00,59.3
2025-06-12 01:16:00,49.732274758880266
2025-06-12 13:21:00,25.5
2025-06-12 02:16:00,80.6
2025-06-12 16:14:00,44.3
2025-06-12 15:03:00,42.7
2025-06-12 15:26:00,63.1
2025-06-12 20:17:00,49.732274758880266
2025-06-12 08:52:00,76.5
2025-06-12 12:12:00,76.1
2025-06-12 07:54:00,39.8
2025-06-12 10:59:00,63.6
2025-06-12 20:24:00,97.9
2025-06-12 22:19:00,37.9
2025-06-12 18:32:00,57.6
2025-06-12 12:56:00,33.8
2025-06-12 17:07:00,49.732274758880266
2025-06-12 21:22:00,3.3
2025-06-12 03:54:00,76.1
2025-06-12 17:42:00,58.6
2025-06-12 18:54:00,30.1
2025-06-12 01:20:00,39.2
2025-06-12 22:21:00,10.4
2025-06-12 21:24:00,15.1
2025-06-12 06:32:00,79.1
2025-06-12 23:58:00,77.5
2025-06-12 00:36:00,49.732274758880266
2025-06-12 06:45:00,43.7
2025-06-12 14:20:00,0.3
2025-06-12 15:32:00,40.1
2025-06-12 11:58:00,49.732274758880266
2025-06-12 10:24:00,49.732274758880266
2025-06-12 13:15:00,76.8
2025-06-12 04:23:00,10.5
2025-06-12 23:29:00,60.8
2025-06-12 22:23:00,7.5
2025-06-12 12:53:00,34.9
2025-06-12 21:00:00,81.9
2025-06-12 19:07:00,12.5
2025-06-12 22:14:00,15.8
2025-06-12 20:27:00,51.2
2025-06-12 10:29:00,45.2
2025-06-12 15:58:00,52.6
2025-06-12 17:56:00,49.732274758880266
2025-06-12 04:49:00,58.9
2025-06-12 06:54:00,94.1
2025-06-12 21:27:00,79.8
2025-06-12 09:28:00,31.2
2025-06-12 08:19:00,57.5
2025-06-12 06:30:00,49.732274758880266
2025-06-12 18:46:00,49.732274758880266
2025-06-12 06:05:00,49.732274758880266
2025-06-12 10:31:00,49.732274758880266
2025-06-12 18:19:00,52.0
2025-06-12 23:19:00,47.5
2025-06-12 10:45:00,49.732274758880266
2025-06-12 12:31:00,49.732274758880266
2025-06-12 13:06:00,4.6
2025-06-12 08:54:00,76.1
2025-06-12 10:02:00,33.2
2025-06-12 08:38:00,49.4
2025-06-12 08:45:00,97.3
2025-06-12 16:35:00,15.6
2025-06-12 00:21:00,90.3
2025-06-12 12:11:00,36.8
2025-06-12 06:35:00,30.3
2025-06-12 21:37:00,83.7
2025-06-12 21:52:00,32.5
2025-06-12 05:14:00,71.1
2025-06-12 04:35:00,67.1
2025-06-12 09:51:00,87.9
2025-06-12 18:48:00,5.4
2025-06-12 11:17:00,74.2
2025-06-12 16:28:00,89.4
2025-06-12 21:45:00,31.5
2025-06-12 17:31:00,97.5
2025-06-12 15:46:00,64.7
2025-06-12 15:08:00,43.0
2025-06-12 15:28:00,42.7
2025-06-12 16:40:00,49.732274758880266
2025-06-12 10:44:00,22.6
2025-06-12 21:10:00,12.2
2025-06-12 08:18:00,49.6
2025-06-12 07:22:00,29.2
2025-06-12 16:09:00,78.6
2025-06-12 21:13:00,69.1
2025-06-12 13:16:00,42.7
2025-06-12 16:07:00,1.4
2025-06-12 22:13:00,99.2
2025-06-12 19:36:00,34.0
2025-06-12 02:39:00,56.3
2025-06-12 02:52:00,56.1
2025-06-12 00:37:00,73.4
2025-06-12 19:40:00,49.732274758880266
2025-06-12 15:35:00,85.5
2025-06-12 15:29:00,49.732274758880266
2025-06-12 11:40:00,49.732274758880266
2025-06-12 02:23:00,2.9
2025-06-12 04:05:00,97.7
2025-06-12 21:34:00,49.732274758880266
2025-06-12 17:57:00,49.732274758880266
2025-06-12 15:10:00,34.7
2025-06-12 08:29:00,58.2
2025-06-12 17:23:00,71.7
2025-06-12 03:15:00,98.6
2025-06-12 11:45:00,16.1
2025-06-12 13:32:00,82.6
2025-06-12 22:07:00,43.0
2025-06-12 02:06:00,8.9
2025-06-12 15:31:00,88.5
2025-06-12 03:04:00,81.7
2025-06-12 08:26:00,68.8
2025-06-12 08:12:00,58.8
2025-06-12 02:45:00,55.5
2025-06-12 19:45:00,28.0
2025-06-12 02:53:00,49.732274758880266
2025-06-12 02:35:00,12.6
2025-06-12 19:22:00,2.9
2025-06-12 20:03:00,6.6
2025-06-12 19:31:00,49.38053801169591
2025-06-12 08:09:00,72.3
2025-06-12 07:43:00,49.38053801169591
2025-06-12 11:24:00,4.0
2025-06-12 12:11:00,49.38053801169591
2025-06-12 13:07:00,32.7
2025-06-12 01:01:00,88.7
2025-06-12 22:13:00,10.3
2025-06-12 11:22:00,73.3
2025-06-12 19:52:00,24.8
2025-06-12 15:58:00,81.5
2025-06-12 16:44:00,70.8
2025-06-12 21:48:00,99.5
2025-06-12 11:58:00,19.6
2025-06-12 15:44:00,17.3
2025-06-12 01:09:00,87.9
2025-06-12 10:42:00,70.9
2025-06-12 02:11:00,5.4
2025-06-12 09:34:00,82.0
2025-06-12 02:52:00,1.3
2025-06-12 09:28:00,52.3
2025-06-12 15:01:00,82.6
2025-06-12 21:52:00,64.7
2025-06-12 09:45:00,64.0
2025-06-12 15:06:00,49.38053801169591
2025-06-12 23:32:00,17.5
2025-06-12 02:31:00,58.7
2025-06-12 23:43:00,96.8
2025-06-12 02:06:00,14.2
2025-06-12 19:21:00,45.4
2025-06-12 20:23:00,33.7
2025-06-12 17:21:00,49.38053801169591
2025-06-12 05:55:00,32.7
2025-06-12 20:25:00,33.2
2025-06-12 12:43:00,14.4
2025-06-12 05:29:00,17.4
2025-06-12 18:21:00,36.2
2025-06-12 16:17:00,24.5
2025-06-12 17:37:00,41.8
2025-06-12 19:25:00,84.4
2025-06-12 22:18:00,54.8
2025-06-12 21:11:00,42.4
2025-06-12 05:48:00,67.2
2025-06-12 10:27:00,15.3
2025-06-12 04:27:00,84.6
2025-06-12 07:19:00,96.1
2025-06-12 02:57:00,73.3
2025-06-12 23:36:00,36.9
2025-06-12 17:57:00,15.8
2025-06-12 05:59:00,71.0
2025-06-12 20:55:00,95.4
2025-06-12 08:12:00,85.4
2025-06-12 19:33:00,50.9
2025-06-12 04:28:00,55.7
2025-06-12 14:48:00,97.4
2025-06-12 13:23:00,50.2
2025-06-12 11:11:00,63.5
2025-06-12 23:37:00,56.1
2025-06-12 01:32:00,8.8
2025-06-12 03:05:00,69.9
2025-06-12 03:56:00,14.0
2025-06-12 23:38:00,49.38053801169591
2025-06-12 12:34:00,9.4
2025-06-12 16:30:00,86.8
2025-06-12 16:57:00,49.38053801169591
2025-06-12 15:15:00,76.4
2025-06-12 12:22:00,14.5
2025-06-12 18:57:00,45.8
2025-06-12 12:40:00,49.38053801169591
2025-06-12 20:42:00,29.8
2025-06-12 19:03:00,44.2
2025-06-12 13:12:00,14.2
2025-06-12 18:09:00,49.5
2025-06-12 08:00:00,33.3
2025-06-12 05:54:00,78.1
2025-06-12 19:17:00,36.6
2025-06-12 08:44:00,29.1
2025-06-12 06:06:00,6.9
2025-06-12 03:48:00,92.9
2025-06-12 20:45:00,83.9
2025-06-12 21:47:00,71.2
2025-06-12 10:50:00,49.38053801169591
2025-06-12 23:07:00,22.5
2025-06-12 20:16:00,75.9
2025-06-12 21:54:00,49.38053801169591
2025-06-12 11:57:00,75.0
2025-06-12 02:40:00,49.38053801169591
2025-06-12 19:08:00,20.3
2025-06-12 02:54:00,9.7
2025-06-12 06:00:00,89.1
2025-06-12 14:41:00,25.4
2025-06-12 21:15:00,45.0
2025-06-12 19:37:00,15.4
2025-06-12 17:28:00,49.38053801169591
2025-06-12 15:11:00,46.3
2025-06-12 13:35:00,8.6
2025-06-12 17:17:00,82.4
2025-06-12 18:53:00,4.4
2025-06-12 10:46:00,44.2
2025-06-12 20:50:00,49.38053801169591
2025-06-12 22:12:00,74.2
2025-06-12 17:35:00,47.1
2025-06-12 07:01:00,49.38053801169591
2025-06-12 07:11:00,63.2
2025-06-12 17:31:00,52.8
2025-06-12 06:51:00,49.38053801169591
2025-06-12 21:46:00,49.38053801169591
2025-06-12 20:44:00,49.38053801169591
2025-06-12 01:28:00,49.38053801169591
2025-06-12 18:16:00,33.3
2025-06-12 00:15:00,49.38053801169591
2025-06-12 13:39:00,86.1
2025-06-12 17:46:00,52.3
2025-06-12 16:43:00,98.0
2025-06-12 12:54:00,49.38053801169591
2025-06-12 05:58:00,79.2
2025-06-12 09:52:00,49.38053801169591
2025-06-12 12:32:00,25.8
2025-06-12 14:08:00,49.2
2025-06-12 04:00:00,49.38053801169591
2025-06-12 14:21:00,49.38053801169591
2025-06-12 11:45:00,49.38053801169591
2025-06-12 08:51:00,75.0
2025-06-12 08:06:00,73.7
2025-06-12 22:27:00,80.7
2025-06-12 00:29:00,67.4
2025-06-12 19:36:00,88.7
2025-06-12 16:45:00,42.5
2025-06-12 14:17:00,59.6
2025-06-12 22:55:00,69.3
2025-06-12 14:51:00,50.0
2025-06-12 11:46:00,49.38053801169591
2025-06-12 01:10:00,49.1
2025-06-12 08:54:00,17.5
2025-06-12 07:06:00,97.2
2025-06-12 06:33:00,3.0
2025-06-12 16:24:00,52.2
2025-06-12 14:25:00,87.9
2025-06-12 14:24:00,76.2
2025-06-12 23:29:00,57.7
2025-06-12 16:31:00,82.3
2025-06-12 08:45:00,49.38053801169591
2025-06-12 22:39:00,74.3
2025-06-12 05:04:00,4.6
2025-06-12 15:57:00,13.3
2025-06-12 14:26:00,30.7
2025-06-12 14:23:00,17.3
2025-06-12 23:41:00,29.3
2025-06-12 14:19:00,49.38053801169591
2025-06-12 23:12:00,84.4
2025-06-12 05:08:00,87.9
2025-06-12 16:26:00,21.0
2025-06-12 08:29:00,23.9
2025-06-12 05:23:00,29.0
2025-06-12 02:36:00,49.38053801169591
2025-06-12 17:32:00,26.2
2025-06-12 14:11:00,92.0
2025-06-12 09:55:00,96.5
2025-06-12 11:00:00,37.5
2025-06-12 10:32:00,60.7
2025-06-12 16:51:00,96.6
2025-06-12 08:22:00,2.2
2025-06-12 10:18:00,37.7
2025-06-12 13:30:00,14.5
2025-06-12 13:02:00,32.2
2025-06-12 21:32:00,77.8
2025-06-12 01:31:00,47.5
2025-06-12 07:49:00,18.2
2025-06-12 10:09:00,94.2
2025-06-12 15:28:00,53.5
2025-06-12 05:15:00,93.9
2025-06-12 02:02:00,7.2
2025-06-12 16:34:00,37.7
2025-06-12 18:06:00,42.9
2025-06-12 12:23:00,53.4
2025-06-12 06:40:00,61.9
2025-06-12 01:05:00,46.7
2025-06-12 22:35:00,40.7
2025-06-12 12:27:00,59.5
2025-06-12 08:28:00,13.1
2025-06-12 20:57:00,59.5
2025-06-12 10:08:00,46.6
2025-06-12 18:22:00,84.5
2025-06-12 13:52:00,48.8
2025-06-12 00:16:00,39.5
2025-06-12 05:18:00,4.5
2025-06-12 20:21:00,16.6
2025-06-12 19:15:00,49.38053801169591
2025-06-12 09:49:00,32.2
2025-06-12 07:31:00,90.5
2025-06-12 15:34:00,27.7
2025-06-12 17:52:00,77.0
2025-06-12 19:24:00,1.7
2025-06-12 19:47:00,58.1
2025-06-12 15:21:00,47.2
2025-06-12 04:39:00,60.9
2025-06-12 03:06:00,23.8
2025-06-12 23:54:00,0.6
2025-06-12 20:28:00,24.1
2025-06-12 00:28:00,40.3
2025-06-12 21:14:00,67.6
2025-06-12 05:56:00,49.38053801169591
2025-06-12 09:57:00,27.1
2025-06-12 22:01:00,90.9
2025-06-12 18:27:00,0.4
2025-06-12 14:07:00,18.3
2025-06-12 19:58:00,49.38053801169591
2025-06-12 08:02:00,69.4
2025-06-12 03:57:00,77.7
2025-06-12 22:36:00,86.3
2025-06-12 20:09:00,25.0
2025-06-12 12:21:00,62.9
2025-06-12 06:03:00,8.0
2025-06-12 20:47:00,27.2
2025-06-12 07:42:00,88.4
2025-06-12 04:26:00,11.9
2025-06-12 09:46:00,90.5
2025-06-12 11:19:00,94.0
2025-06-12 05:06:00,21.3
2025-06-12 01:54:00,64.4
2025-06-12 18:11:00,83.8
2025-06-12 03:51:00,68.3
2025-06-12 21:12:00,76.8
2025-06-12 07:03:00,22.4
2025-06-12 10:49:00,1.4
2025-06-12 00:06:00,4.3
2025-06-12 02:49:00,39.6
2025-06-12 23:27:00,0.9
2025-06-12 12:01:00,27.9
2025-06-12 10:36:00,42.4
2025-06-12 11:16:00,49.38053801169591
2025-06-12 19:11:00,79.9
2025-06-12 16:33:00,49.38053801169591
2025-06-12 18:17:00,56.7
2025-06-12 16:29:00,49.38053801169591
2025-06-12 01:27:00,42.0
2025-06-12 17:08:00,23.7
2025-06-12 09:59:00,78.1
2025-06-12 13:11:00,67.3
2025-06-12 14:27:00,50.7
2025-06-12 04:42:00,9.3
2025-06-12 18:01:00,52.6
2025-06-12 08:52:00,43.6
2025-06-12 03:00:00,37.5
2025-06-12 11:17:00,29.3
2025-06-12 15:12:00,30.4
2025-06-12 10:30:00,62.5
2025-06-12 20:29:00,87.9
2025-06-12 05:30:00,87.8
2025-06-12 18:00:00,94.5
2025-06-12 01:18:00,59.3
2025-06-12 08:16:00,22.1
2025-06-12 09:53:00,49.38053801169591
2025-06-12 23:48:00,98.7
2025-06-12 19:20:00,49.38053801169591
2025-06-12 01:43:00,44.7
2025-06-12 03:24:00,66.0
2025-06-12 07:05:00,22.7
2025-06-12 02:43:00,17.5
2025-06-12 12:44:00,49.38053801169591
2025-06-12 22:20:00,71.5
2025-06-12 07:32:00,50.4
2025-06-12 04:31:00,80.3
2025-06-12 08:20:00,88.9
2025-06-12 07:12:00,51.0
2025-06-12 04:20:00,39.6
2025-06-12 17:45:00,49.38053801169591
2025-06-12 05:35:00,11.3
2025-06-12 00:51:00,86.0
2025-06-12 21:06:00,33.0
2025-06-12 05:12:00,63.0
2025-06-12 07:17:00,7.2
2025-06-12 15:47:00,6.8
2025-06-12 11:59:00,39.7
2025-06-12 05:31:00,1.7
2025-06-12 11:13:00,55.8
2025-06-12 16:42:00,49.38053801169591
2025-06-12 19:01:00,22.3
2025-06-12 03:41:00,32.0
2025-06-12 14:01:00,85.0
2025-06-12 14:52:00,39.4
2025-06-12 14:13:00,49.38053801169591
2025-06-12 01:49:00,49.38053801169591
2025-06-12 12:02:00,81.6
2025-06-12 16:52:00,79.6
2025-06-12 04:06:00,98.0
2025-06-12 19:59:00,7.6
2025-06-12 22:59:00,49.38053801169591
2025-06-12 03:40:00,49.38053801169591
2025-06-12 09:09:00,17.0
2025-06-12 05:52:00,31.4
2025-06-12 00:11:00,99.0
2025-06-12 00:25:00,92.0
2025-06-12 14:54:00,85.4
2025-06-12 18:45:00,52.2
2025-06-12 12:33:00,41.1
2025-06-12 17:55:00,26.4
2025-06-12 15:50:00,2.0
2025-06-12 01:56:00,63.5
2025-06-12 18:44:00,19.3
2025-06-12 23:24:00,28.3
2025-06-12 19:09:00,44.4
2025-06-12 16:12:00,49.38053801169591
2025-06-12 15:16:00,46.6
2025-06-12 05:11:00,44.4
2025-06-12 01:03:00,0.9
2025-06-12 23:30:00,44.6
2025-06-12 05:50:00,0.7
2025-06-12 13:06:00,17.6
2025-06-12 18:07:00,83.8
2025-06-12 10:51:00,80.2
2025-06-12 07:00:00,78.2
2025-06-12 07:58:00,24.6
2025-06-12 12:31:00,73.4
2025-06-12 08:36:00,25.3
2025-06-12 08:33:00,70.7
2025-06-12 23:39:00,50.4
2025-06-12 01:37:00,7.3
2025-06-12 00:26:00,84.9
2025-06-12 09:52:00,78.5
2025-06-12 17:47:00,61.1
2025-06-12 07:31:00,20.0
2025-06-12 11:45:00,57.0
2025-06-12 07:42:00,95.9
2025-06-12 20:53:00,57.5
2025-06-12 22:03:00,26.6
2025-06-12 05:48:00,0.8
2025-06-12 05:46:00,65.3
2025-06-12 11:03:00,92.4
2025-06-12 05:04:00,49.594186729301235
2025-06-12 07:59:00,26.3
2025-06-12 19:51:00,49.594186729301235
2025-06-12 00:54:00,99.5
2025-06-12 17:48:00,56.9
2025-06-12 21:11:00,38.5
2025-06-12 09:42:00,59.9
2025-06-12 16:14:00,14.1
2025-06-12 02:21:00,14.9
2025-06-12 19:41:00,77.3
2025-06-12 08:08:00,66.0
2025-06-12 13:29:00,49.594186729301235
2025-06-12 03:44:00,40.5
2025-06-12 02:40:00,79.6
2025-06-12 01:41:00,25.0
2025-06-12 11:59:00,43.8
2025-06-12 03:26:00,61.6
2025-06-12 06:37:00,48.5
2025-06-12 22:10:00,44.7
2025-06-12 07:50:00,39.3
2025-06-12 23:24:00,24.5
2025-06-12 23:04:00,32.1
2025-06-12 16:16:00,17.3
2025-06-12 04:13:00,56.7
2025-06-12 08:00:00,49.594186729301235
2025-06-12 11:17:00,86.9
2025-06-12 13:05:00,49.594186729301235
2025-06-12 19:05:00,14.4
2025-06-12 13:21:00,60.9
2025-06-12 14:51:00,15.4
2025-06-12 17:35:00,64.6
2025-06-12 13:24:00,85.7
2025-06-12 10:44:00,61.6
2025-06-12 22:11:00,76.2
2025-06-12 21:15:00,12.9
2025-06-12 10:52:00,69.3
2025-06-12 04:59:00,49.594186729301235
2025-06-12 10:35:00,52.4
2025-06-12 07:45:00,72.2
2025-06-12 19:04:00,54.4
2025-06-12 07:01:00,54.7
2025-06-12 23:36:00,70.8
2025-06-12 17:38:00,49.594186729301235
2025-06-12 10:26:00,49.594186729301235
2025-06-12 05:32:00,49.594186729301235
2025-06-12 09:27:00,93.0
2025-06-12 10:39:00,66.9
2025-06-12 16:55:00,28.3
2025-06-12 17:27:00,63.4
2025-06-12 14:46:00,0.9
2025-06-12 14:43:00,60.4
2025-06-12 15:15:00,13.2
2025-06-12 20:00:00,66.4
2025-06-12 10:50:00,71.5
2025-06-12 10:47:00,87.6
2025-06-12 02:13:00,44.5
2025-06-12 01:28:00,64.9
2025-06-12 23:31:00,1.7
2025-06-12 16:01:00,26.7
2025-06-12 03:13:00,28.4
2025-06-12 01:52:00,49.594186729301235
2025-06-12 02:56:00,1.6
2025-06-12 13:51:00,86.3
2025-06-12 23:33:00,9.4
2025-06-12 16:58:00,14.2
2025-06-12 15:54:00,92.4
2025-06-12 11:38:00,11.7
2025-06-12 09:58:00,49.594186729301235
2025-06-12 21:28:00,32.4
2025-06-12 22:05:00,49.594186729301235
2025-06-12 03:42:00,49.594186729301235
2025-06-12 17:46:00,43.5
2025-06-12 12:07:00,67.8
2025-06-12 14:08:00,49.594186729301235
2025-06-12 08:52:00,50.9
2025-06-12 06:59:00,0.8
2025-06-12 21:27:00,5.2
2025-06-12 09:45:00,49.594186729301235
2025-06-12 08:03:00,49.594186729301235
2025-06-12 17:33:00,49.594186729301235
2025-06-12 02:11:00,64.3
2025-06-12 23:09:00,96.1
2025-06-12 02:18:00,0.5
2025-06-12 16:24:00,62.2
2025-06-12 00:10:00,41.4
2025-06-12 06:54:00,1.5
2025-06-12 05:22:00,49.594186729301235
2025-06-12 23:52:00,90.8
2025-06-12 00:16:00,72.5
2025-06-12 02:58:00,81.1
2025-06-12 05:19:00,56.4
2025-06-12 11:54:00,50.5
2025-06-12 08:18:00,80.6
2025-06-12 22:29:00,74.3
2025-06-12 01:57:00,83.1
2025-06-12 09:05:00,49.594186729301235
2025-06-12 09:49:00,48.7
2025-06-12 10:59:00,49.4
2025-06-12 00:11:00,23.2
2025-06-12 13:30:00,32.1
2025-06-12 12:01:00,99.6
2025-06-12 22:54:00,78.3
2025-06-12 02:37:00,2.7
2025-06-12 06:02:00,7.0
2025-06-12 22:38:00,27.8
2025-06-12 03:14:00,82.4
2025-06-12 22:37:00,49.594186729301235
2025-06-12 10:14:00,21.3
2025-06-12 14:39:00,91.9
2025-06-12 09:43:00,36.8
2025-06-12 07:36:00,26.7
2025-06-12 16:39:00,60.6
2025-06-12 04:30:00,55.9
2025-06-12 10:22:00,10.7
2025-06-12 15:29:00,50.3
2025-06-12 21:17:00,79.0
2025-06-12 07:23:00,20.0
2025-06-12 02:52:00,71.6
2025-06-12 11:02:00,49.594186729301235
2025-06-12 18:24:00,86.3
2025-06-12 00:21:00,39.1
2025-06-12 19:46:00,54.8
2025-06-12 07:09:00,18.4
2025-06-12 04:45:00,95.4
2025-06-12 10:55:00,42.3
2025-06-12 03:27:00,17.6
2025-06-12 06:01:00,12.8
2025-06-12 13:02:00,49.594186729301235
2025-06-12 21:34:00,5.3
2025-06-12 13:18:00,88.5
2025-06-12 00:08:00,72.2
2025-06-12 14:30:00,49.594186729301235
2025-06-12 02:02:00,18.3
2025-06-12 00:33:00,43.6
2025-06-12 00:23:00,1.4
2025-06-12 12:14:00,54.3
2025-06-12 11:55:00,65.9
2025-06-12 19:56:00,18.0
2025-06-12 13:28:00,49.594186729301235
2025-06-12 00:43:00,63.9
2025-06-12 15:06:00,35.9
2025-06-12 03:57:00,38.2
2025-06-12 02:43:00,7.7
2025-06-12 08:54:00,77.0
2025-06-12 10:51:00,49.594186729301235
2025-06-12 21:23:00,90.4
2025-06-12 02:03:00,55.0
2025-06-12 04:58:00,49.594186729301235
2025-06-12 17:00:00,8.2
2025-06-12 20:26:00,70.9
2025-06-12 19:49:00,57.5
2025-06-12 14:50:00,8.6
2025-06-12 14:56:00,24.7
2025-06-12 18:35:00,24.3
2025-06-12 01:04:00,66.4
2025-06-12 02:08:00,62.9
2025-06-12 21:42:00,93.1
2025-06-12 10:45:00,87.6
2025-06-12 05:55:00,23.6
2025-06-12 13:03:00,68.8
2025-06-12 16:08:00,66.3
2025-06-12 04:04:00,63.8
2025-06-12 00:37:00,66.7
2025-06-12 02:29:00,88.5
2025-06-12 08:47:00,49.594186729301235
2025-06-12 14:25:00,40.4
2025-06-12 20:06:00,76.4
2025-06-12 04:52:00,52.5
2025-06-12 17:30:00,82.1
2025-06-12 16:56:00,31.6
2025-06-12 20:29:00,33.5
2025-06-12 00:51:00,90.9
2025-06-12 06:53:00,51.1
2025-06-12 06:48:00,64.4
2025-06-12 15:01:00,25.8
2025-06-12 08:32:00,20.2
2025-06-12 13:14:00,37.8
2025-06-12 19:34:00,4.4
2025-06-12 20:57:00,12.6
2025-06-12 04:39:00,49.594186729301235
2025-06-12 23:12:00,6.1
2025-06-12 01:54:00,98.1
2025-06-12 23:14:00,6.6
2025-06-12 17:18:00,49.594186729301235
2025-06-12 19:07:00,34.4
2025-06-12 20:32:00,76.6
2025-06-12 07:10:00,81.5
2025-06-12 09:35:00,63.2
2025-06-12 01:49:00,31.2
2025-06-12 21:26:00,49.594186729301235
2025-06-12 11:36:00,15.2
2025-06-12 11:31:00,91.9
2025-06-12 20:36:00,1.4
2025-06-12 14:49:00,66.3
2025-06-12 16:48:00,78.8
2025-06-12 18:08:00,87.7
2025-06-12 02:17:00,49.594186729301235
2025-06-12 06:17:00,54.3
2025-06-12 15:30:00,87.8
2025-06-12 01:20:00,79.4
2025-06-12 21:44:00,55.6
2025-06-12 02:15:00,99.9
2025-06-12 02:30:00,28.9
2025-06-12 11:40:00,53.7
2025-06-12 22:40:00,26.7
2025-06-12 14:31:00,58.0
2025-06-12 04:10:00,86.6
2025-06-12 14:42:00,49.594186729301235
2025-06-12 02:39:00,46.5
2025-06-12 16:07:00,35.7
2025-06-12 16:22:00,83.3
2025-06-12 20:38:00,49.594186729301235
2025-06-12 11:58:00,49.594186729301235
2025-06-12 17:15:00,44.1
2025-06-12 16:30:00,0.2
2025-06-12 11:00:00,55.4
2025-06-12 20:07:00,50.3
2025-06-12 17:23:00,22.8
2025-06-12 22:50:00,17.6
2025-06-12 06:10:00,87.4
2025-06-12 12:50:00,43.0
2025-06-12 12:20:00,92.1
2025-06-12 14:35:00,40.4
2025-06-12 17:05:00,96.6
2025-06-12 05:15:00,27.5
2025-06-12 11:05:00,16.8
2025-06-12 21:05:00,24.0
2025-06-12 12:18:00,20.5
2025-06-12 06:19:00,33.9
2025-06-12 18:43:00,94.6
2025-06-12 14:21:00,8.7
2025-06-12 08:09:00,27.7
2025-06-12 07:48:00,96.6
2025-06-12 21:38:00,49.594186729301235
2025-06-12 10:18:00,44.1
2025-06-12 00:42:00,91.3
2025-06-12 05:02:00,77.5
2025-06-12 12:51:00,99.1
2025-06-12 13:52:00,49.594186729301235
2025-06-12 18:56:00,8.0
2025-06-12 12:00:00,0.4
2025-06-12 00:46:00,69.2
2025-06-12 00:03:00,49.3
2025-06-12 00:31:00,17.2
2025-06-12 09:30:00,74.5
2025-06-12 02:26:00,20.7
2025-06-12 20:42:00,98.4
2025-06-12 12:43:00,49.594186729301235
2025-06-12 19:48:00,21.4
2025-06-12 01:31:00,46.3
2025-06-12 03:38:00,94.3
2025-06-12 01:19:00,83.3
2025-06-12 17:52:00,98.1
2025-06-12 00:41:00,14.6
2025-06-12 02:31:00,49.594186729301235
2025-06-12 08:46:00,41.8
2025-06-12 19:35:00,83.3
2025-06-12 17:41:00,2.4
2025-06-12 05:40:00,67.3
2025-06-12 13:12:00,49.594186729301235
2025-06-12 10:49:00,49.594186729301235
2025-06-12 22:31:00,12.9
2025-06-12 15:22:00,56.9
2025-06-12 13:33:00,49.594186729301235
2025-06-12 13:32:00,34.9
2025-06-12 12:21:00,23.0
2025-06-12 22:13:00,87.2
2025-06-12 22:48:00,50.03812089971884
2025-06-12 09:51:00,50.03812089971884
2025-06-12 01:38:00,96.1
2025-06-12 15:59:00,50.03812089971884
2025-06-12 23:56:00,50.03812089971884
2025-06-12 00:16:00,28.8
2025-06-12 15:02:00,60.7
2025-06-12 05:01:00,84.0
2025-06-12 18:31:00,24.9
2025-06-12 10:30:00,50.03812089971884
2025-06-12 07:07:00,91.0
2025-06-12 00:00:00,12.2
2025-06-12 10:49:00,89.1
2025-06-12 10:01:00,5.4
2025-06-12 22:58:00,94.8
2025-06-12 23:14:00,16.1
2025-06-12 13:42:00,50.03812089971884
2025-06-12 12:56:00,60.6
2025-06-12 13:21:00,96.1
2025-06-12 22:54:00,80.6
2025-06-12 14:30:00,50.03812089971884
2025-06-12 16:14:00,80.5
2025-06-12 22:32:00,44.6
2025-06-12 04:38:00,50.03812089971884
2025-06-12 15:32:00,27.8
2025-06-12 10:17:00,62.9
2025-06-12 06:57:00,47.8
2025-06-12 04:33:00,89.3
2025-06-12 04:45:00,41.6
2025-06-12 01:53:00,74.4
2025-06-12 00:49:00,23.3
2025-06-12 16:12:00,69.4
2025-06-12 11:50:00,80.4
2025-06-12 21:59:00,78.7
2025-06-12 19:53:00,5.6
2025-06-12 10:44:00,50.03812089971884
2025-06-12 04:07:00,49.3
2025-06-12 06:35:00,50.03812089971884
2025-06-12 12:49:00,50.03812089971884
2025-06-12 07:12:00,58.8
2025-06-12 08:06:00,18.9
2025-06-12 06:49:00,50.03812089971884
2025-06-12 19:18:00,50.03812089971884
2025-06-12 05:16:00,61.3
2025-06-12 12:14:00,36.6
2025-06-12 05:02:00,74.0
2025-06-12 13:03:00,68.9
2025-06-12 08:04:00,12.5
2025-06-12 02:32:00,13.3
2025-06-12 00:42:00,37.2
2025-06-12 09:32:00,40.0
2025-06-12 09:45:00,56.2
2025-06-12 05:03:00,50.03812089971884
2025-06-12 02:42:00,82.4
2025-06-12 18:21:00,29.2
2025-06-12 18:55:00,38.5
2025-06-12 00:17:00,11.3
2025-06-12 17:45:00,19.8
2025-06-12 13:35:00,16.7
2025-06-12 16:30:00,33.9
2025-06-12 05:30:00,99.3
2025-06-12 22:15:00,57.3
2025-06-12 19:10:00,41.5
2025-06-12 22:08:00,30.3
2025-06-12 22:57:00,98.5
2025-06-12 07:36:00,41.9
2025-06-12 11:45:00,44.7
2025-06-12 12:31:00,75.3
2025-06-12 21:48:00,75.8
2025-06-12 03:24:00,74.9
2025-06-12 04:58:00,87.2
2025-06-12 12:24:00,50.03812089971884
2025-06-12 13:43:00,95.5
2025-06-12 00:28:00,47.2
2025-06-12 06:40:00,78.3
2025-06-12 08:45:00,50.03812089971884
2025-06-12 09:19:00,89.6
2025-06-12 00:32:00,64.3
2025-06-12 04:31:00,97.7
2025-06-12 11:18:00,69.0
2025-06-12 02:00:00,35.0
2025-06-12 18:01:00,9.9
2025-06-12 18:52:00,50.03812089971884
2025-06-12 04:22:00,18.2
2025-06-12 04:21:00,42.2
2025-06-12 05:42:00,50.03812089971884
2025-06-12 12:39:00,2.2
2025-06-12 20:41:00,82.8
2025-06-12 07:32:00,97.9
2025-06-12 22:49:00,83.4
2025-06-12 17:17:00,50.03812089971884
2025-06-12 11:26:00,50.2
2025-06-12 03:42:00,45.9
2025-06-12 21:26:00,50.03812089971884
2025-06-12 17:29:00,50.03812089971884
2025-06-12 11:01:00,11.4
2025-06-12 21:28:00,44.0
2025-06-12 20:02:00,44.3
2025-06-12 03:14:00,50.03812089971884
2025-06-12 03:23:00,88.8
2025-06-12 23:19:00,95.6
2025-06-12 04:35:00,50.03812089971884
2025-06-12 11:51:00,50.03812089971884
2025-06-12 23:49:00,95.2
2025-06-12 10:39:00,52.4
2025-06-12 04:08:00,50.03812089971884
2025-06-12 19:32:00,91.3
2025-06-12 08:03:00,50.03812089971884
2025-06-12 06:04:00,50.03812089971884
2025-06-12 09:34:00,77.1
2025-06-12 19:12:00,50.03812089971884
2025-06-12 16:45:00,64.6
2025-06-12 07:30:00,96.4
2025-06-12 08:46:00,60.4
2025-06-12 16:16:00,50.03812089971884
2025-06-12 23:18:00,6.3
2025-06-12 18:47:00,16.2
2025-06-12 06:21:00,92.6
2025-06-12 11:17:00,59.1
2025-06-12 06:42:00,50.03812089971884
2025-06-12 04:01:00,25.6
2025-06-12 04:20:00,77.8
2025-06-12 02:19:00,32.8
2025-06-12 20:40:00,7.8
2025-06-12 01:32:00,80.8
2025-06-12 18:34:00,68.2
2025-06-12 03:03:00,50.03812089971884
2025-06-12 03:28:00,50.03812089971884
2025-06-12 19:14:00,29.5
2025-06-12 20:10:00,1.7
2025-06-12 11:35:00,50.03812089971884
2025-06-12 07:39:00,42.9
2025-06-12 17:59:00,52.1
2025-06-12 15:28:00,67.0
2025-06-12 21:42:00,71.3
2025-06-12 01:31:00,67.1
2025-06-12 07:04:00,99.5
2025-06-12 22:04:00,78.0
2025-06-12 00:03:00,24.9
2025-06-12 10:48:00,55.1
2025-06-12 20:47:00,92.6
2025-06-12 08:24:00,18.4
2025-06-12 19:45:00,55.0
2025-06-12 07:38:00,13.4
2025-06-12 08:56:00,31.7
2025-06-12 10:59:00,22.5
2025-06-12 02:14:00,52.9
2025-06-12 14:59:00,63.2
2025-06-12 18:04:00,50.03812089971884
2025-06-12 20:29:00,12.7
2025-06-12 06:26:00,38.3
2025-06-12 02:38:00,16.8
2025-06-12 03:31:00,83.5
2025-06-12 10:12:00,73.0
2025-06-12 05:15:00,3.1
2025-06-12 02:37:00,50.03812089971884
2025-06-12 20:27:00,56.1
2025-06-12 14:39:00,22.2
2025-06-12 20:26:00,19.1
2025-06-12 19:43:00,17.6
2025-06-12 22:16:00,73.4
2025-06-12 02:47:00,32.1
2025-06-12 13:34:00,22.6
2025-06-12 21:54:00,52.6
2025-06-12 01:29:00,83.9
2025-06-12 14:20:00,80.6
2025-06-12 13:41:00,3.5
2025-06-12 02:18:00,73.4
2025-06-12 09:43:00,5.5
2025-06-12 21:53:00,87.5
2025-06-12 02:58:00,96.2
2025-06-12 01:20:00,81.3
2025-06-12 08:11:00,52.4
2025-06-12 17:36:00,50.03812089971884
2025-06-12 06:07:00,16.1
2025-06-12 02:15:00,73.9
2025-06-12 14:27:00,3.4
2025-06-12 23:46:00,31.5
2025-06-12 18:45:00,10.0
2025-06-12 09:24:00,30.5
2025-06-12 17:16:00,62.3
2025-06-12 19:28:00,27.3
2025-06-12 14:08:00,50.03812089971884
2025-06-12 21:44:00,68.4
2025-06-12 05:08:00,71.5
2025-06-12 15:50:00,2.0
2025-06-12 12:02:00,59.5
2025-06-12 11:30:00,81.1
2025-06-12 17:37:00,32.7
2025-06-12 06:55:00,0.4
2025-06-12 20:34:00,94.6
2025-06-12 03:59:00,89.7
2025-06-12 13:48:00,50.03812089971884
2025-06-12 03:55:00,99.0
2025-06-12 07:19:00,42.8
2025-06-12 05:50:00,46.3
2025-06-12 11:42:00,84.6
2025-06-12 15:39:00,86.1
2025-06-12 07:47:00,56.6
2025-06-12 06:52:00,79.9
2025-06-12 02:29:00,3.8
2025-06-12 19:33:00,73.7
2025-06-12 21:02:00,59.2
2025-06-12 07:21:00,13.3
2025-06-12 12:58:00,95.4
2025-06-12 15:25:00,28.7
2025-06-12 15:57:00,32.7
2025-06-12 03:33:00,19.3
2025-06-12 01:03:00,18.4
2025-06-12 23:52:00,50.03812089971884
2025-06-12 01:04:00,42.2
2025-06-12 07:57:00,20.7
2025-06-12 18:11:00,29.2
2025-06-12 12:53:00,94.2
2025-06-12 02:12:00,92.3
2025-06-12 09:52:00,50.03812089971884
2025-06-12 13:19:00,79.0
2025-06-12 11:28:00,50.03812089971884
2025-06-12 12:09:00,79.7
2025-06-12 18:26:00,58.8
2025-06-12 03:12:00,50.03812089971884
2025-06-12 06:01:00,99.1
2025-06-12 17:28:00,59.8
2025-06-12 06:25:00,26.2
2025-06-12 14:42:00,59.5
2025-06-12 18:14:00,50.03812089971884
2025-06-12 16:42:00,73.3
2025-06-12 00:21:00,5.3
2025-06-12 14:46:00,38.0
2025-06-12 16:23:00,89.1
2025-06-12 22:02:00,89.9
2025-06-12 17:33:00,49.0
2025-06-12 14:56:00,3.7
2025-06-12 22:18:00,70.8
2025-06-12 18:13:00,63.2
2025-06-12 22:13:00,82.4
2025-06-12 01:12:00,90.9
2025-06-12 08:08:00,55.5
2025-06-12 17:12:00,72.3
2025-06-12 18:16:00,53.9
2025-06-12 12:28:00,5.7
2025-06-12 12:46:00,34.7
2025-06-12 14:36:00,70.9
2025-06-12 08:30:00,28.0
2025-06-12 06:39:00,50.03812089971884
2025-06-12 11:53:00,97.8
2025-06-12 13:00:00,98.7
2025-06-12 21:07:00,60.5
2025-06-12 15:11:00,78.7
2025-06-12 15:24:00,23.5
2025-06-12 04:06:00,62.6
2025-06-12 02:11:00,82.6
2025-06-12 11:16:00,29.2
2025-06-12 16:29:00,18.8
2025-06-12 11:13:00,16.6
2025-06-12 14:14:00,74.3
2025-06-12 07:31:00,33.7
2025-06-12 10:25:00,43.9
2025-06-12 12:15:00,28.4
2025-06-12 14:52:00,74.1
2025-06-12 12:41:00,21.5
2025-06-12 14:58:00,7.9
2025-06-12 11:31:00,88.9
2025-06-12 18:42:00,30.2
2025-06-12 08:43:00,30.9
2025-06-12 04:11:00,20.1
2025-06-12 00:57:00,77.4
2025-06-12 12:07:00,18.7
2025-06-12 02:05:00,60.1
2025-06-12 21:36:00,26.4
2025-06-12 05:26:00,46.2
2025-06-12 08:13:00,58.4
2025-06-12 08:26:00,1.7
2025-06-12 13:07:00,41.3
2025-06-12 18:24:00,74.1
2025-06-12 18:39:00,53.8
2025-06-12 20:28:00,0.7
2025-06-12 01:23:00,50.03812089971884
2025-06-12 12:00:00,50.03812089971884
2025-06-12 02:08:00,88.9
2025-06-12 19:23:00,65.9
2025-06-12 07:05:00,31.4
2025-06-12 23:07:00,6.3
2025-06-12 15:14:00,50.03812089971884
2025-06-12 10:14:00,92.1
2025-06-12 08:33:00,40.2
2025-06-12 00:20:00,50.03812089971884
2025-06-12 19:22:00,28.1
2025-06-12 01:43:00,62.1
2025-06-12 11:15:00,53.3
2025-06-12 05:27:00,50.03812089971884
2025-06-12 09:09:00,23.1
2025-06-12 03:30:00,0.4
2025-06-12 14:34:00,40.4
2025-06-12 19:13:00,78.1
2025-06-12 23:02:00,40.6
2025-06-12 00:40:00,68.6
2025-06-12 20:55:00,64.7
2025-06-12 07:41:00,46.9
2025-06-12 06:54:00,15.5
2025-06-12 03:08:00,50.03812089971884
2025-06-12 11:15:00,65.7
2025-06-12 11:55:00,87.9
2025-06-12 17:33:00,4.6
2025-06-12 05:35:00,49.697634180790956
2025-06-12 13:40:00,84.1
2025-06-12 14:09:00,49.697634180790956
2025-06-12 06:32:00,59.4
2025-06-12 21:26:00,78.5
2025-06-12 08:56:00,8.8
2025-06-12 15:24:00,30.9
2025-06-12 19:47:00,49.697634180790956
2025-06-12 08:31:00,54.7
2025-06-12 10:55:00,93.1
2025-06-12 13:53:00,58.8
2025-06-12 16:16:00,89.3
2025-06-12 00:37:00,76.7
2025-06-12 06:35:00,33.3
2025-06-12 08:42:00,7.0
2025-06-12 20:52:00,49.697634180790956
2025-06-12 21:25:00,75.2
2025-06-12 11:36:00,15.8
2025-06-12 16:27:00,49.6
2025-06-12 09:06:00,78.0
2025-06-12 11:17:00,55.4
2025-06-12 21:10:00,63.9
2025-06-12 09:24:00,25.9
2025-06-12 06:48:00,60.8
2025-06-12 09:14:00,79.3
2025-06-12 23:09:00,6.8
2025-06-12 23:04:00,92.1
2025-06-12 20:37:00,61.5
2025-06-12 22:19:00,48.1
2025-06-12 17:13:00,36.3
2025-06-12 22:08:00,81.4
2025-06-12 04:40:00,96.4
2025-06-12 13:49:00,48.7
2025-06-12 22:25:00,83.0
2025-06-12 08:13:00,25.7
2025-06-12 04:09:00,82.4
2025-06-12 18:37:00,10.3
2025-06-12 15:54:00,79.5
2025-06-12 01:39:00,49.697634180790956
2025-06-12 22:31:00,12.3
2025-06-12 19:03:00,36.2
2025-06-12 17:39:00,95.9
2025-06-12 18:22:00,40.8
2025-06-12 20:44:00,74.9
2025-06-12 10:30:00,98.4
2025-06-12 21:55:00,67.9
2025-06-12 20:50:00,22.6
2025-06-12 01:26:00,40.3
2025-06-12 01:34:00,5.2
2025-06-12 07:58:00,49.697634180790956
2025-06-12 03:33:00,95.9
2025-06-12 03:52:00,11.8
2025-06-12 04:04:00,48.9
2025-06-12 11:52:00,42.5
2025-06-12 01:38:00,88.9
2025-06-12 06:08:00,40.9
2025-06-12 01:27:00,68.0
2025-06-12 02:10:00,20.2
2025-06-12 19:19:00,49.697634180790956
2025-06-12 19:37:00,76.7
2025-06-12 08:19:00,3.6
2025-06-12 08:12:00,96.7
2025-06-12 23:37:00,5.9
2025-06-12 17:06:00,35.8
2025-06-12 06:51:00,49.697634180790956
2025-06-12 10:47:00,98.2
2025-06-12 14:56:00,34.9
2025-06-12 16:47:00,60.1
2025-06-12 18:10:00,29.0
2025-06-12 02:03:00,58.1
2025-06-12 21:06:00,73.2
2025-06-12 08:20:00,87.2
2025-06-12 05:12:00,53.9
2025-06-12 09:29:00,6.0
2025-06-12 11:32:00,85.4
2025-06-12 08:39:00,51.0
2025-06-12 15:52:00,42.2
2025-06-12 00:33:00,11.8
2025-06-12 21:08:00,60.6
2025-06-12 09:48:00,36.7
2025-06-12 12:32:00,0.1
2025-06-12 23:17:00,89.1
2025-06-12 01:24:00,74.5
2025-06-12 04:16:00,28.1
2025-06-12 06:30:00,54.9
2025-06-12 03:37:00,53.4
2025-06-12 17:12:00,64.8
2025-06-12 06:50:00,49.697634180790956
2025-06-12 09:07:00,49.697634180790956
2025-06-12 06:20:00,95.8
2025-06-12 21:16:00,21.6
2025-06-12 19:39:00,94.7
2025-06-12 14:05:00,75.7
2025-06-12 05:07:00,18.6
2025-06-12 08:44:00,3.3
2025-06-12 09:15:00,29.8
2025-06-12 03:22:00,55.0
2025-06-12 08:54:00,49.697634180790956
2025-06-12 00:02:00,49.697634180790956
2025-06-12 16:01:00,3.5
2025-06-12 22:21:00,63.0
2025-06-12 14:59:00,34.1
2025-06-12 18:00:00,26.4
2025-06-12 13:29:00,3.7
2025-06-12 11:51:00,75.2
2025-06-12 15:45:00,15.3
2025-06-12 19:36:00,5.2
2025-06-12 07:10:00,46.7
2025-06-12 01:55:00,11.8
2025-06-12 09:19:00,12.6
2025-06-12 01:13:00,49.697634180790956
2025-06-12 14:28:00,3.2
2025-06-12 01:06:00,29.4
2025-06-12 21:37:00,15.4
2025-06-12 14:43:00,29.1
2025-06-12 01:02:00,49.697634180790956
2025-06-12 09:20:00,35.8
2025-06-12 01:30:00,18.7
2025-06-12 09:55:00,83.2
2025-06-12 01:03:00,84.8
2025-06-12 13:41:00,41.6
2025-06-12 14:02:00,38.4
2025-06-12 01:50:00,84.5
2025-06-12 13:31:00,0.6
2025-06-12 03:02:00,49.697634180790956
2025-06-12 21:58:00,58.3
2025-06-12 09:23:00,49.697634180790956
2025-06-12 08:35:00,53.5
2025-06-12 14:12:00,88.0
2025-06-12 05:15:00,40.2
2025-06-12 13:35:00,94.8
2025-06-12 09:11:00,99.0
2025-06-12 17:47:00,69.6
2025-06-12 19:00:00,1.0
2025-06-12 05:23:00,74.9
2025-06-12 06:42:00,18.9
2025-06-12 04:45:00,60.6
2025-06-12 15:57:00,38.2
2025-06-12 16:32:00,18.3
2025-06-12 04:37:00,88.0
2025-06-12 12:43:00,41.2
2025-06-12 07:35:00,17.7
2025-06-12 12:26:00,49.697634180790956
2025-06-12 19:42:00,73.3
2025-06-12 08:03:00,97.4
2025-06-12 22:42:00,97.6
2025-06-12 21:17:00,63.9
2025-06-12 18:44:00,49.697634180790956
2025-06-12 09:39:00,45.4
2025-06-12 19:40:00,71.9
2025-06-12 18:26:00,41.8
2025-06-12 14:37:00,88.6
2025-06-12 23:10:00,5.0
2025-06-12 02:29:00,43.5
2025-06-12 22:36:00,50.6
2025-06-12 18:35:00,0.7
2025-06-12 19:56:00,12.7
2025-06-12 22:56:00,67.5
2025-06-12 06:14:00,61.9
2025-06-12 12:34:00,57.5
2025-06-12 06:17:00,7.3
2025-06-12 08:55:00,13.6
2025-06-12 02:47:00,49.697634180790956
2025-06-12 09:17:00,10.2
2025-06-12 03:17:00,62.9
2025-06-12 13:10:00,43.4
2025-06-12 11:37:00,62.0
2025-06-12 05:46:00,49.4
2025-06-12 08:17:00,44.4
2025-06-12 18:19:00,5.8
2025-06-12 02:23:00,84.5
2025-06-12 09:50:00,8.4
2025-06-12 03:56:00,78.5
2025-06-12 18:49:00,49.697634180790956
2025-06-12 14:24:00,71.3
2025-06-12 19:59:00,73.9
2025-06-12 08:32:00,30.0
2025-06-12 10:37:00,72.4
2025-06-12 17:20:00,97.5
2025-06-12 12:46:00,49.697634180790956
2025-06-12 23:11:00,49.697634180790956
2025-06-12 00:58:00,93.7
2025-06-12 18:11:00,49.697634180790956
2025-06-12 16:41:00,89.5
2025-06-12 12:15:00,82.1
2025-06-12 20:56:00,52.2
2025-06-12 10:43:00,43.2
2025-06-12 20:40:00,15.8
2025-06-12 08:49:00,42.6
2025-06-12 04:30:00,93.5
2025-06-12 20:21:00,7.6
2025-06-12 20:27:00,28.8
2025-06-12 12:41:00,21.2
2025-06-12 17:08:00,24.8
2025-06-12 06:28:00,49.697634180790956
2025-06-12 12:53:00,35.8
2025-06-12 16:10:00,49.697634180790956
2025-06-12 23:08:00,49.697634180790956
2025-06-12 18:02:00,3.7
2025-06-12 16:31:00,6.9
2025-06-12 16:58:00,55.5
2025-06-12 18:45:00,49.697634180790956
2025-06-12 23:36:00,57.1
2025-06-12 06:15:00,13.1
2025-06-12 14:27:00,94.5
2025-06-12 03:01:00,72.8
2025-06-12 13:21:00,28.7
2025-06-12 12:24:00,64.1
2025-06-12 09:58:00,25.8
2025-06-12 02:05:00,1.4
2025-06-12 07:15:00,1.8
2025-06-12 20:20:00,2.6
2025-06-12 13:50:00,46.9
2025-06-12 17:02:00,49.697634180790956
2025-06-12 00:34:00,49.697634180790956
2025-06-12 21:18:00,51.8
2025-06-12 13:47:00,33.7
2025-06-12 09:53:00,49.697634180790956
2025-06-12 10:56:00,75.6
2025-06-12 10:13:00,62.2
2025-06-12 08:50:00,46.1
2025-06-12 04:47:00,75.1
2025-06-12 10:28:00,24.5
2025-06-12 05:50:00,3.5
2025-06-12 15:47:00,49.697634180790956
2025-06-12 11:29:00,49.697634180790956
2025-06-12 11:50:00,70.5
2025-06-12 17:38:00,57.7
2025-06-12 22:59:00,64.9
2025-06-12 22:04:00,14.9
2025-06-12 18:32:00,23.4
2025-06-12 18:17:00,8.3
2025-06-12 18:43:00,41.5
2025-06-12 23:48:00,45.2
2025-06-12 23:23:00,55.1
2025-06-12 21:14:00,19.3
2025-06-12 14:14:00,4.6
2025-06-12 04:53:00,73.6
2025-06-12 15:27:00,84.9
2025-06-12 11:08:00,99.3
2025-06-12 23:43:00,80.8
2025-06-12 15:10:00,28.6
2025-06-12 18:14:00,75.0
2025-06-12 14:51:00,49.697634180790956
2025-06-12 19:16:00,15.6
2025-06-12 15:23:00,83.2
2025-06-12 12:59:00,76.6
2025-06-12 07:19:00,48.4
2025-06-12 21:03:00,49.697634180790956
2025-06-12 19:55:00,29.1
2025-06-12 20:57:00,19.4
2025-06-12 22:14:00,74.1
2025-06-12 16:37:00,12.7
2025-06-12 17:17:00,89.8
2025-06-12 05:05:00,13.6
2025-06-12 09:09:00,36.8
2025-06-12 07:21:00,49.697634180790956
2025-06-12 15:15:00,49.697634180790956
2025-06-12 22:48:00,56.6
2025-06-12 09:31:00,52.2
2025-06-12 15:03:00,11.6
2025-06-12 13:22:00,45.7
2025-06-12 14:52:00,48.6
2025-06-12 11:34:00,5.6
2025-06-12 03:19:00,47.0
2025-06-12 00:42:00,52.2
2025-06-12 20:00:00,49.697634180790956
2025-06-12 10:15:00,84.0
2025-06-12 17:48:00,60.0
2025-06-12 23:30:00,37.9
2025-06-12 08:43:00,13.4
2025-06-12 12:25:00,76.8
2025-06-12 13:46:00,81.3
2025-06-12 10:35:00,88.4
2025-06-12 07:33:00,96.8
2025-06-12 11:06:00,88.2
2025-06-12 09:10:00,49.697634180790956
2025-06-12 23:25:00,81.5
2025-06-12 14:04:00,9.1
2025-06-12 17:54:00,65.7
2025-06-12 13:04:00,80.2
2025-06-12 18:09:00,15.3
2025-06-12 03:18:00,66.0
2025-06-12 14:55:00,36.6
2025-06-12 10:07:00,49.697634180790956
2025-06-12 06:34:00,74.5
2025-06-12 17:04:00,79.9
2025-06-12 09:02:00,64.9
2025-06-12 17:43:00,49.697634180790956
2025-06-12 23:09:00,95.4
2025-06-12 09:37:00,49.81454693687398
2025-06-12 01:06:00,84.7
2025-06-12 18:30:00,11.8
2025-06-12 05:25:00,30.0
2025-06-12 03:26:00,75.8
2025-06-12 12:10:00,84.4
2025-06-12 14:17:00,11.6
2025-06-12 23:27:00,89.6
2025-06-12 09:01:00,29.8
2025-06-12 18:55:00,47.4
2025-06-12 10:41:00,21.0
2025-06-12 15:27:00,37.8
2025-06-12 05:27:00,16.4
2025-06-12 02:04:00,96.2
2025-06-12 08:19:00,30.9
2025-06-12 19:27:00,95.5
2025-06-12 05:35:00,77.1
2025-06-12 20:09:00,68.5
2025-06-12 12:08:00,32.2
2025-06-12 06:55:00,49.81454693687398
2025-06-12 21:48:00,66.1
2025-06-12 03:33:00,53.8
2025-06-12 11:48:00,49.81454693687398
2025-06-12 03:19:00,70.7
2025-06-12 16:26:00,18.3
2025-06-12 06:45:00,71.9
2025-06-12 00:07:00,18.8
2025-06-12 18:09:00,2.3
2025-06-12 03:06:00,63.0
2025-06-12 21:11:00,80.0
2025-06-12 02:51:00,99.7
2025-06-12 02:33:00,10.9
2025-06-12 01:29:00,86.4
2025-06-12 08:20:00,49.81454693687398
2025-06-12 16:08:00,19.0
2025-06-12 07:56:00,92.5
2025-06-12 02:11:00,21.8
2025-06-12 08:47:00,36.4
2025-06-12 00:41:00,15.7
2025-06-12 02:26:00,7.9
2025-06-12 18:44:00,10.4
2025-06-12 16:37:00,73.2
2025-06-12 11:27:00,12.8
2025-06-12 18:45:00,19.2
2025-06-12 10:10:00,40.7
2025-06-12 21:51:00,76.8
2025-06-12 17:25:00,60.5
2025-06-12 00:57:00,17.0
2025-06-12 19:54:00,15.6
2025-06-12 06:57:00,6.2
2025-06-12 16:28:00,15.2
2025-06-12 16:00:00,47.3
2025-06-12 15:10:00,58.1
2025-06-12 16:51:00,7.0
2025-06-12 10:46:00,72.4
2025-06-12 12:06:00,95.5
2025-06-12 18:54:00,35.3
2025-06-12 12:20:00,10.4
2025-06-12 10:00:00,49.81454693687398
2025-06-12 03:39:00,4.2
2025-06-12 01:01:00,49.81454693687398
2025-06-12 03:34:00,25.0
2025-06-12 13:28:00,42.5
2025-06-12 23:49:00,5.1
2025-06-12 08:26:00,66.4
2025-06-12 19:05:00,79.3
2025-06-12 20:00:00,0.9
2025-06-12 04:23:00,96.0
2025-06-12 07:59:00,25.3
2025-06-12 05:53:00,62.1
2025-06-12 22:18:00,13.4
2025-06-12 19:08:00,85.1
2025-06-12 00:23:00,49.6
2025-06-12 13:35:00,52.4
2025-06-12 08:45:00,1.6
2025-06-12 03:00:00,31.0
2025-06-12 18:48:00,27.3
2025-06-12 11:52:00,11.6
2025-06-12 08:08:00,33.0
2025-06-12 16:23:00,49.81454693687398
2025-06-12 09:23:00,49.81454693687398
2025-06-12 03:21:00,98.9
2025-06-12 08:21:00,12.4
2025-06-12 08:31:00,94.0
2025-06-12 19:37:00,1.1
2025-06-12 02:21:00,80.2
2025-06-12 06:09:00,62.0
2025-06-12 19:24:00,37.7
2025-06-12 08:07:00,18.9
2025-06-12 18:40:00,12.0
2025-06-12 22:02:00,38.9
2025-06-12 16:56:00,42.7
2025-06-12 04:31:00,89.4
2025-06-12 04:22:00,16.6
2025-06-12 17:56:00,16.2
2025-06-12 22:34:00,71.4
2025-06-12 16:31:00,36.5
2025-06-12 19:29:00,49.81454693687398
2025-06-12 13:43:00,77.2
2025-06-12 19:57:00,81.5
2025-06-12 18:10:00,17.1
2025-06-12 00:19:00,72.0
2025-06-12 22:16:00,86.2
2025-06-12 17:24:00,79.7
2025-06-12 15:57:00,77.8
2025-06-12 06:11:00,53.4
2025-06-12 08:52:00,21.8
2025-06-12 15:37:00,29.8
2025-06-12 14:24:00,5.7
2025-06-12 02:15:00,86.4
2025-06-12 05:58:00,9.0
2025-06-12 14:52:00,49.81454693687398
2025-06-12 04:12:00,17.4
2025-06-12 13:38:00,33.4
2025-06-12 01:28:00,63.4
2025-06-12 20:57:00,25.3
2025-06-12 17:03:00,49.81454693687398
2025-06-12 21:55:00,49.81454693687398
2025-06-12 14:19:00,49.81454693687398
2025-06-12 22:13:00,49.81454693687398
2025-06-12 05:06:00,86.3
2025-06-12 02:53:00,10.6
2025-06-12 00:54:00,36.7
2025-06-12 02:20:00,52.0
2025-06-12 04:55:00,15.0
2025-06-12 21:09:00,24.0
2025-06-12 13:09:00,23.7
2025-06-12 15:36:00,40.8
2025-06-12 00:47:00,74.1
2025-06-12 15:44:00,77.0
2025-06-12 03:36:00,14.5
2025-06-12 09:36:00,7.1
2025-06-12 21:40:00,24.0
2025-06-12 18:39:00,49.81454693687398
2025-06-12 04:18:00,39.0
2025-06-12 19:42:00,48.0
2025-06-12 20:36:00,44.1
2025-06-12 08:15:00,49.81454693687398
2025-06-12 07:34:00,16.5
2025-06-12 04:24:00,49.81454693687398
2025-06-12 00:22:00,90.0
2025-06-12 00:50:00,30.7
2025-06-12 16:34:00,69.4
2025-06-12 07:29:00,0.7
2025-06-12 13:27:00,64.2
2025-06-12 04:27:00,33.4
2025-06-12 06:44:00,49.81454693687398
2025-06-12 17:14:00,6.3
2025-06-12 21:36:00,16.7
2025-06-12 21:22:00,49.81454693687398
2025-06-12 02:39:00,74.5
2025-06-12 12:13:00,74.5
2025-06-12 04:37:00,49.81454693687398
2025-06-12 11:32:00,95.4
2025-06-12 21:12:00,21.6
2025-06-12 04:15:00,99.5
2025-06-12 12:48:00,30.6
2025-06-12 00:14:00,69.8
2025-06-12 04:07:00,26.5
2025-06-12 10:34:00,83.9
2025-06-12 11:35:00,34.1
2025-06-12 19:22:00,94.2
2025-06-12 05:18:00,19.5
2025-06-12 05:37:00,23.5
2025-06-12 22:39:00,37.9
2025-06-12 16:27:00,18.9
2025-06-12 13:40:00,49.81454693687398
2025-06-12 01:09:00,36.6
2025-06-12 03:29:00,32.6
2025-06-12 16:11:00,26.1
2025-06-12 22:40:00,3.7
2025-06-12 16:20:00,49.81454693687398
2025-06-12 22:35:00,71.2
2025-06-12 01:15:00,54.7
2025-06-12 17:15:00,96.9
2025-06-12 07:16:00,5.8
2025-06-12 06:37:00,81.0
2025-06-12 23:47:00,45.9
2025-06-12 10:31:00,37.4
2025-06-12 09:30:00,9.0
2025-06-12 15:16:00,87.7
2025-06-12 01:25:00,29.3
2025-06-12 02:14:00,49.81454693687398
2025-06-12 12:07:00,18.0
2025-06-12 16:36:00,49.81454693687398
2025-06-12 23:57:00,60.2
2025-06-12 17:49:00,33.0
2025-06-12 08:50:00,49.81454693687398
2025-06-12 07:48:00,22.9
2025-06-12 02:34:00,81.1
2025-06-12 13:54:00,55.5
2025-06-12 17:26:00,95.1
2025-06-12 14:07:00,49.81454693687398
2025-06-12 09:51:00,60.3
2025-06-12 21:21:00,26.3
2025-06-12 18:07:00,10.1
2025-06-12 23:38:00,1.0
2025-06-12 06:59:00,49.81454693687398
2025-06-12 06:53:00,55.8
2025-06-12 17:01:00,62.3
2025-06-12 04:58:00,24.4
2025-06-12 19:51:00,4.8
2025-06-12 23:48:00,7.5
2025-06-12 07:46:00,7.3
2025-06-12 19:25:00,17.9
2025-06-12 01:31:00,6.0
2025-06-12 13:21:00,35.4
2025-06-12 15:02:00,36.0
2025-06-12 00:34:00,70.7
2025-06-12 15:20:00,15.9
2025-06-12 05:45:00,12.1
2025-06-12 10:38:00,51.7
2025-06-12 01:49:00,49.81454693687398
2025-06-12 06:51:00,49.81454693687398
2025-06-12 21:32:00,30.7
2025-06-12 13:51:00,58.6
2025-06-12 23:35:00,68.2
2025-06-12 18:41:00,73.9
2025-06-12 13:49:00,28.1
2025-06-12 04:05:00,9.3
2025-06-12 21:53:00,60.0
2025-06-12 21:44:00,26.1
2025-06-12 15:45:00,76.5
2025-06-12 18:34:00,14.6
2025-06-12 20:24:00,87.9
2025-06-12 00:45:00,94.2
2025-06-12 21:18:00,49.81454693687398
2025-06-12 22:20:00,40.6
2025-06-12 21:03:00,81.7
2025-06-12 07:10:00,49.1
2025-06-12 22:56:00,49.3
2025-06-12 09:17:00,52.7
2025-06-12 06:15:00,19.5
2025-06-12 22:51:00,55.1
2025-06-12 21:46:00,49.81454693687398
2025-06-12 08:58:00,5.7
2025-06-12 05:02:00,93.4
2025-06-12 00:01:00,69.7
2025-06-12 13:18:00,65.4
2025-06-12 04:47:00,14.8
2025-06-12 06:07:00,76.7
2025-06-12 09:04:00,48.8
2025-06-12 11:14:00,25.8
2025-06-12 01:07:00,53.7
2025-06-12 16:16:00,21.4
2025-06-12 02:48:00,72.4
2025-06-12 10:22:00,90.0
2025-06-12 02:37:00,53.0
2025-06-12 06:00:00,49.81454693687398
2025-06-12 10:06:00,12.0
2025-06-12 08:33:00,13.1
2025-06-12 06:43:00,85.4
2025-06-12 15:51:00,86.4
2025-06-12 00:02:00,7.5
2025-06-12 21:25:00,88.5
2025-06-12 15:49:00,58.8
2025-06-12 15:38:00,49.81454693687398
2025-06-12 09:48:00,70.1
2025-06-12 00:51:00,60.5
2025-06-12 16:15:00,49.81454693687398
2025-06-12 01:08:00,44.5
2025-06-12 13:45:00,54.1
2025-06-12 15:32:00,49.81454693687398
2025-06-12 15:01:00,82.7
2025-06-12 01:42:00,49.81454693687398
2025-06-12 23:28:00,37.2
2025-06-12 14:00:00,51.5
2025-06-12 22:28:00,18.5
2025-06-12 06:40:00,35.4
2025-06-12 07:54:00,95.5
2025-06-12 23:15:00,49.81454693687398
2025-06-12 09:44:00,49.81454693687398
2025-06-12 02:50:00,30.4
2025-06-12 06:08:00,40.9
2025-06-12 03:12:00,88.9
2025-06-12 02:05:00,89.5
2025-06-12 04:38:00,1.9
2025-06-12 07:44:00,12.8
2025-06-12 04:09:00,5.2
2025-06-12 07:40:00,64.3
2025-06-12 23:41:00,49.81454693687398
2025-06-12 14:56:00,74.3
2025-06-12 01:23:00,72.7
2025-06-12 03:56:00,86.4
2025-06-12 00:29:00,5.8
2025-06-12 12:29:00,28.8
2025-06-12 12:40:00,56.3
2025-06-12 15:43:00,20.8
2025-06-12 17:29:00,67.6
2025-06-12 23:50:00,63.9
2025-06-12 16:22:00,0.4
2025-06-12 04:11:00,67.3
2025-06-12 14:08:00,50.17466168922071
2025-06-12 11:34:00,3.8
2025-06-12 06:34:00,13.9
2025-06-12 15:42:00,11.0
2025-06-12 07:51:00,51.6
2025-06-12 23:00:00,53.2
2025-06-12 22:30:00,50.3
2025-06-12 21:32:00,38.0
2025-06-12 19:11:00,48.6
2025-06-12 01:39:00,30.6
2025-06-12 15:36:00,18.5
2025-06-12 06:25:00,20.5
2025-06-12 01:21:00,52.3
2025-06-12 01:45:00,91.7
2025-06-12 02:15:00,99.4
2025-06-12 00:14:00,74.1
2025-06-12 01:48:00,44.4
2025-06-12 18:30:00,2.0
2025-06-12 00:12:00,23.1
2025-06-12 02:25:00,50.17466168922071
2025-06-12 07:37:00,6.0
2025-06-12 11:05:00,48.0
2025-06-12 22:54:00,50.17466168922071
2025-06-12 03:50:00,42.3
2025-06-12 21:50:00,91.1
2025-06-12 17:58:00,53.0
2025-06-12 09:30:00,2.6
2025-06-12 21:22:00,44.4
2025-06-12 16:19:00,3.0
2025-06-12 21:51:00,5.4
2025-06-12 19:38:00,24.5
2025-06-12 21:58:00,50.17466168922071
2025-06-12 16:11:00,68.3
2025-06-12 10:51:00,31.4
2025-06-12 13:05:00,47.3
2025-06-12 01:11:00,88.5
2025-06-12 13:50:00,3.5
2025-06-12 02:50:00,58.9
2025-06-12 22:44:00,66.9
2025-06-12 00:19:00,67.5
2025-06-12 00:10:00,97.4
2025-06-12 14:17:00,66.3
2025-06-12 02:41:00,57.0
2025-06-12 00:09:00,16.0
2025-06-12 01:49:00,53.7
2025-06-12 05:01:00,50.17466168922071
2025-06-12 05:46:00,70.3
2025-06-12 20:24:00,51.5
2025-06-12 03:36:00,95.2
2025-06-12 19:29:00,94.8
2025-06-12 21:00:00,95.8
2025-06-12 16:41:00,60.7
2025-06-12 15:27:00,47.5
2025-06-12 19:28:00,14.7
2025-06-12 20:31:00,55.9
2025-06-12 06:28:00,30.5
2025-06-12 07:54:00,25.6
2025-06-12 10:45:00,0.9
2025-06-12 12:12:00,64.9
2025-06-12 14:26:00,50.17466168922071
2025-06-12 05:58:00,66.1
2025-06-12 10:42:00,22.2
2025-06-12 11:58:00,44.7
2025-06-12 22:34:00,40.7
2025-06-12 00:05:00,29.4
2025-06-12 16:30:00,80.5
2025-06-12 11:09:00,56.4
2025-06-12 14:14:00,12.2
2025-06-12 12:34:00,73.2
2025-06-12 20:48:00,93.6
2025-06-12 02:23:00,92.0
2025-06-12 00:57:00,11.2
2025-06-12 14:34:00,71.8
2025-06-12 05:04:00,71.3
2025-06-12 08:48:00,42.9
2025-06-12 18:36:00,49.6
2025-06-12 21:14:00,10.6
2025-06-12 08:24:00,31.9
2025-06-12 15:16:00,58.8
2025-06-12 06:31:00,92.4
2025-06-12 10:12:00,36.1
2025-06-12 04:05:00,89.6
2025-06-12 04:47:00,91.4
2025-06-12 16:23:00,30.8
2025-06-12 10:55:00,71.7
2025-06-12 22:09:00,24.5
2025-06-12 20:43:00,81.2
2025-06-12 19:57:00,5.1
2025-06-12 11:14:00,74.1
2025-06-12 07:32:00,94.8
2025-06-12 15:08:00,83.7
2025-06-12 04:07:00,50.17466168922071
2025-06-12 02:42:00,26.5
2025-06-12 06:07:00,50.17466168922071
2025-06-12 17:01:00,11.0
2025-06-12 02:01:00,89.0
2025-06-12 02:09:00,81.7
2025-06-12 20:10:00,61.5
2025-06-12 07:47:00,50.17466168922071
2025-06-12 23:52:00,27.3
2025-06-12 15:54:00,20.5
2025-06-12 23:12:00,19.4
2025-06-12 23:20:00,44.8
2025-06-12 16:44:00,38.6
2025-06-12 20:55:00,54.7
2025-06-12 03:40:00,63.1
2025-06-12 23:25:00,55.7
2025-06-12 04:36:00,37.4
2025-06-12 05:37:00,2.1
2025-06-12 19:04:00,52.5
2025-06-12 04:06:00,50.1
2025-06-12 21:47:00,18.3
2025-06-12 13:31:00,71.6
2025-06-12 00:30:00,19.4
2025-06-12 23:21:00,46.6
2025-06-12 19:25:00,50.17466168922071
2025-06-12 22:47:00,24.7
2025-06-12 22:21:00,93.4
2025-06-12 13:48:00,66.2
2025-06-12 14:15:00,61.8
2025-06-12 05:10:00,37.3
2025-06-12 21:36:00,3.2
2025-06-12 14:16:00,92.5
2025-06-12 17:57:00,71.3
2025-06-12 15:38:00,57.4
2025-06-12 10:24:00,12.3
2025-06-12 06:36:00,19.3
2025-06-12 15:17:00,22.2
2025-06-12 22:57:00,8.6
2025-06-12 14:38:00,26.2
2025-06-12 14:28:00,52.6
2025-06-12 22:50:00,21.0
2025-06-12 21:33:00,67.9
2025-06-12 16:14:00,11.9
2025-06-12 09:14:00,67.5
2025-06-12 18:01:00,15.2
2025-06-12 12:26:00,74.9
2025-06-12 07:48:00,2.7
2025-06-12 21:01:00,6.9
2025-06-12 05:48:00,60.1
2025-06-12 07:59:00,38.3
2025-06-12 19:59:00,9.4
2025-06-12 12:57:00,47.5
2025-06-12 06:42:00,50.17466168922071
2025-06-12 08:25:00,41.8
2025-06-12 19:30:00,74.1
2025-06-12 15:04:00,42.6
2025-06-12 23:29:00,41.2
2025-06-12 02:57:00,39.7
2025-06-12 20:23:00,50.17466168922071
2025-06-12 13:08:00,84.2
2025-06-12 10:49:00,60.5
2025-06-12 15:00:00,50.17466168922071
2025-06-12 05:51:00,50.17466168922071
2025-06-12 16:07:00,50.17466168922071
2025-06-12 21:15:00,67.7
2025-06-12 18:14:00,99.8
2025-06-12 20:35:00,70.1
2025-06-12 06:20:00,84.2
2025-06-12 16:57:00,29.4
2025-06-12 17:55:00,10.1
2025-06-12 17:08:00,68.6
2025-06-12 11:13:00,50.17466168922071
2025-06-12 02:22:00,40.6
2025-06-12 06:23:00,3.6
2025-06-12 04:52:00,17.5
2025-06-12 20:49:00,22.4
2025-06-12 10:47:00,50.17466168922071
2025-06-12 16:45:00,86.8
2025-06-12 20:47:00,90.2
2025-06-12 10:56:00,77.6
2025-06-12 10:26:00,70.6
2025-06-12 08:31:00,93.1
2025-06-12 22:16:00,63.4
2025-06-12 19:22:00,81.6
2025-06-12 14:43:00,50.17466168922071
2025-06-12 09:01:00,78.5
2025-06-12 01:55:00,23.4
2025-06-12 02:34:00,73.8
2025-06-12 14:07:00,24.3
2025-06-12 15:29:00,27.6
2025-06-12 01:27:00,95.6
2025-06-12 01:35:00,45.0
2025-06-12 08:53:00,81.2
2025-06-12 13:17:00,74.3
2025-06-12 04:44:00,14.7
2025-06-12 03:23:00,63.6
2025-06-12 04:12:00,91.4
2025-06-12 19:26:00,98.7
2025-06-12 10:13:00,50.17466168922071
2025-06-12 06:27:00,83.2
2025-06-12 04:46:00,52.8
2025-06-12 00:23:00,5.9
2025-06-12 09:52:00,23.7
2025-06-12 15:23:00,92.6
2025-06-12 07:04:00,20.4
2025-06-12 10:04:00,54.3
2025-06-12 15:59:00,91.4
2025-06-12 19:43:00,71.6
2025-06-12 22:02:00,50.17466168922071
2025-06-12 20:37:00,30.6
2025-06-12 22:23:00,4.8
2025-06-12 03:01:00,79.1
2025-06-12 00:11:00,37.0
2025-06-12 00:24:00,10.8
2025-06-12 05:54:00,36.2
2025-06-12 17:26:00,50.17466168922071
2025-06-12 19:44:00,50.17466168922071
2025-06-12 13:27:00,14.1
2025-06-12 16:06:00,42.2
2025-06-12 11:52:00,3.8
2025-06-12 10:10:00,71.9
2025-06-12 09:56:00,50.6
2025-06-12 00:56:00,2.4
2025-06-12 03:48:00,62.8
2025-06-12 15:26:00,49.9
2025-06-12 19:18:00,22.0
2025-06-12 04:01:00,50.17466168922071
2025-06-12 21:21:00,75.1
2025-06-12 00:55:00,71.1
2025-06-12 18:05:00,35.1
2025-06-12 11:59:00,65.5
2025-06-12 17:41:00,50.17466168922071
2025-06-12 00:27:00,50.17466168922071
2025-06-12 12:29:00,25.8
2025-06-12 00:43:00,5.0
2025-06-12 17:29:00,30.9
2025-06-12 09:40:00,23.8
2025-06-12 23:34:00,74.9
2025-06-12 13:45:00,18.2
2025-06-12 08:37:00,82.4
2025-06-12 02:56:00,18.4
2025-06-12 16:18:00,76.3
2025-06-12 17:54:00,58.5
2025-06-12 13:02:00,85.0
2025-06-12 20:29:00,50.17466168922071
2025-06-12 14:29:00,86.3
2025-06-12 09:07:00,28.5
2025-06-12 04:40:00,46.7
2025-06-12 03:41:00,55.0
2025-06-12 16:09:00,16.5
2025-06-12 21:29:00,21.1
2025-06-12 04:10:00,25.5
2025-06-12 03:02:00,50.17466168922071
2025-06-12 18:57:00,50.17466168922071
2025-06-12 21:03:00,36.9
2025-06-12 15:43:00,30.5
2025-06-12 12:14:00,9.0
2025-06-12 02:46:00,23.9
2025-06-12 19:33:00,52.1
2025-06-12 20:14:00,75.3
2025-06-12 22:41:00,93.7
2025-06-12 16:20:00,28.2
2025-06-12 07:05:00,50.17466168922071
2025-06-12 12:22:00,41.7
2025-06-12 18:20:00,84.5
2025-06-12 15:56:00,84.7
2025-06-12 09:37:00,4.8
2025-06-12 10:39:00,73.2
2025-06-12 18:27:00,18.1
2025-06-12 09:17:00,68.6
2025-06-12 00:40:00,4.8
2025-06-12 12:25:00,50.17466168922071
2025-06-12 04:25:00,83.7
2025-06-12 22:51:00,3.1
2025-06-12 02:17:00,40.2
2025-06-12 09:43:00,54.9
2025-06-12 20:53:00,50.17466168922071
2025-06-12 13:11:00,23.8
2025-06-12 23:18:00,44.3
2025-06-12 11:19:00,50.17466168922071
2025-06-12 11:30:00,50.17466168922071
2025-06-12 15:25:00,77.7
2025-06-12 18:18:00,27.8
2025-06-12 10:33:00,34.2
2025-06-12 12:07:00,81.9
2025-06-12 18:49:00,97.1
2025-06-12 06:49:00,56.6
2025-06-12 09:00:00,78.3
2025-06-12 16:26:00,31.5
2025-06-12 09:46:00,51.4
2025-06-12 08:01:00,58.0
2025-06-12 01:52:00,92.3
2025-06-12 11:43:00,14.3
2025-06-12 13:49:00,34.6
2025-06-12 18:39:00,1.9
2025-06-12 01:00:00,11.8
2025-06-12 02:04:00,97.1
2025-06-12 16:35:00,15.4
2025-06-12 14:51:00,52.6
2025-06-12 06:29:00,50.17466168922071
2025-06-12 05:53:00,34.9
2025-06-12 22:13:00,50.17466168922071
2025-06-12 18:48:00,50.17466168922071
2025-06-12 11:23:00,90.9
2025-06-12 10:16:00,21.7
2025-06-12 10:34:00,78.1
2025-06-12 10:03:00,39.8
2025-06-12 12:04:00,9.1
2025-06-12 04:51:00,21.9
2025-06-12 01:12:00,96.7
2025-06-12 10:32:00,64.4
2025-06-12 03:11:00,60.4
2025-06-12 16:54:00,92.5
2025-06-12 04:42:00,50.17466168922071
2025-06-12 03:15:00,41.1
2025-06-12 03:44:00,80.7
2025-06-12 13:00:00,50.17466168922071
2025-06-12 12:00:00,33.4
2025-06-12 13:15:00,93.3
2025-06-12 15:48:00,87.3
2025-06-12 16:28:00,33.2
2025-06-12 21:17:00,49.28634215500945
2025-06-12 08:03:00,16.3
2025-06-12 23:13:00,99.4
2025-06-12 01:23:00,18.8
2025-06-12 10:18:00,63.2
2025-06-12 18:02:00,49.28634215500945
2025-06-12 15:56:00,97.5
2025-06-12 00:24:00,6.2
2025-06-12 04:18:00,62.6
2025-06-12 03:31:00,20.4
2025-06-12 18:30:00,58.0
2025-06-12 00:36:00,39.3
2025-06-12 21:09:00,3.3
2025-06-12 22:14:00,7.4
2025-06-12 13:03:00,13.2
2025-06-12 07:54:00,59.8
2025-06-12 17:41:00,49.28634215500945
2025-06-12 10:39:00,55.0
2025-06-12 06:30:00,24.2
2025-06-12 01:50:00,67.2
2025-06-12 07:55:00,49.28634215500945
2025-06-12 13:16:00,93.3
2025-06-12 18:25:00,49.28634215500945
2025-06-12 03:51:00,26.0
2025-06-12 12:18:00,54.2
2025-06-12 03:08:00,40.2
2025-06-12 21:34:00,63.8
2025-06-12 22:35:00,95.2
2025-06-12 08:15:00,70.7
2025-06-12 08:11:00,93.9
2025-06-12 14:42:00,45.8
2025-06-12 10:20:00,8.8
2025-06-12 12:20:00,10.5
2025-06-12 20:00:00,87.4
2025-06-12 08:24:00,49.28634215500945
2025-06-12 00:53:00,26.7
2025-06-12 13:46:00,49.28634215500945
2025-06-12 19:10:00,31.0
2025-06-12 10:42:00,49.28634215500945
2025-06-12 07:32:00,23.6
2025-06-12 19:45:00,34.0
2025-06-12 16:43:00,97.7
2025-06-12 03:36:00,16.8
2025-06-12 02:56:00,14.5
2025-06-12 03:45:00,49.28634215500945
2025-06-12 01:45:00,33.5
2025-06-12 06:58:00,62.3
2025-06-12 22:25:00,61.9
2025-06-12 14:00:00,25.3
2025-06-12 00:02:00,72.1
2025-06-12 19:35:00,11.4
2025-06-12 16:49:00,13.1
2025-06-12 04:01:00,49.28634215500945
2025-06-12 14:58:00,22.3
2025-06-12 21:32:00,49.28634215500945
2025-06-12 20:50:00,34.0
2025-06-12 02:29:00,2.5
2025-06-12 22:08:00,30.4
2025-06-12 19:31:00,45.2
2025-06-12 10:50:00,49.28634215500945
2025-06-12 02:10:00,56.0
2025-06-12 01:24:00,71.1
2025-06-12 11:05:00,19.8
2025-06-12 12:36:00,47.2
2025-06-12 09:45:00,39.4
2025-06-12 15:30:00,49.28634215500945
2025-06-12 12:14:00,4.7
2025-06-12 13:52:00,32.8
2025-06-12 09:27:00,49.28634215500945
2025-06-12 02:40:00,39.5
2025-06-12 17:56:00,52.7
2025-06-12 12:33:00,49.28634215500945
2025-06-12 18:48:00,49.9
2025-06-12 06:16:00,29.9
2025-06-12 23:17:00,72.2
2025-06-12 06:39:00,47.5
2025-06-12 06:40:00,45.6
2025-06-12 22:59:00,87.0
2025-06-12 00:20:00,89.7
2025-06-12 10:41:00,47.7
2025-06-12 10:14:00,86.3
2025-06-12 16:07:00,49.28634215500945
2025-06-12 23:58:00,72.0
2025-06-12 18:51:00,68.5
2025-06-12 19:49:00,77.9
2025-06-12 08:18:00,95.1
2025-06-12 23:10:00,94.7
2025-06-12 19:38:00,48.8
2025-06-12 14:49:00,61.1
2025-06-12 15:03:00,24.0
2025-06-12 20:56:00,53.1
2025-06-12 09:37:00,49.28634215500945
2025-06-12 16:40:00,2.8
2025-06-12 09:15:00,58.4
2025-06-12 10:47:00,92.2
2025-06-12 11:26:00,67.2
2025-06-12 19:43:00,98.4
2025-06-12 17:17:00,42.6
2025-06-12 08:00:00,77.9
2025-06-12 22:46:00,78.9
2025-06-12 23:59:00,16.0
2025-06-12 01:39:00,49.28634215500945
2025-06-12 17:29:00,27.2
2025-06-12 04:27:00,13.7
2025-06-12 05:24:00,66.7
2025-06-12 04:02:00,49.28634215500945
2025-06-12 19:00:00,52.9
2025-06-12 15:06:00,49.28634215500945
2025-06-12 05:58:00,49.28634215500945
2025-06-12 10:45:00,49.28634215500945
2025-06-12 11:19:00,49.28634215500945
2025-06-12 19:17:00,24.3
2025-06-12 12:04:00,88.5
2025-06-12 08:39:00,50.6
2025-06-12 00:48:00,1.6
2025-06-12 03:38:00,80.4
2025-06-12 23:48:00,42.7
2025-06-12 16:18:00,40.3
2025-06-12 07:14:00,30.2
2025-06-12 13:31:00,49.28634215500945
2025-06-12 18:59:00,52.1
2025-06-12 04:19:00,97.6
2025-06-12 00:55:00,92.0
2025-06-12 09:02:00,49.28634215500945
2025-06-12 23:03:00,38.6
2025-06-12 17:37:00,89.9
2025-06-12 13:17:00,41.9
2025-06-12 15:04:00,51.9
2025-06-12 15:45:00,41.7
2025-06-12 07:36:00,15.9
2025-06-12 18:44:00,6.4
2025-06-12 16:00:00,9.4
2025-06-12 17:20:00,33.8
2025-06-12 09:50:00,35.0
2025-06-12 22:55:00,84.8
2025-06-12 15:02:00,49.28634215500945
2025-06-12 18:36:00,43.4
2025-06-12 18:53:00,12.1
2025-06-12 21:42:00,79.1
2025-06-12 19:11:00,9.9
2025-06-12 13:34:00,67.5
2025-06-12 05:25:00,60.0
2025-06-12 02:23:00,20.0
2025-06-12 13:04:00,72.2
2025-06-12 07:53:00,49.28634215500945
2025-06-12 03:56:00,9.5
2025-06-12 03:47:00,24.3
2025-06-12 20:10:00,99.4
2025-06-12 08:53:00,50.1
2025-06-12 22:31:00,62.9
2025-06-12 18:17:00,96.2
2025-06-12 13:47:00,86.4
2025-06-12 02:43:00,49.28634215500945
2025-06-12 17:36:00,49.28634215500945
2025-06-12 12:07:00,35.1
2025-06-12 10:30:00,39.3
2025-06-12 22:12:00,16.8
2025-06-12 17:27:00,64.1
2025-06-12 23:14:00,81.2
2025-06-12 15:14:00,9.5
2025-06-12 23:11:00,49.28634215500945
2025-06-12 05:16:00,49.28634215500945
2025-06-12 03:58:00,49.28634215500945
2025-06-12 07:19:00,23.4
2025-06-12 21:19:00,38.9
2025-06-12 02:57:00,82.6
2025-06-12 14:01:00,20.0
2025-06-12 01:00:00,66.0
2025-06-12 17:47:00,49.28634215500945
2025-06-12 00:11:00,94.6
2025-06-12 21:16:00,12.6
2025-06-12 13:41:00,65.4
2025-06-12 22:18:00,57.6
2025-06-12 14:10:00,99.6
2025-06-12 07:27:00,31.1
2025-06-12 01:29:00,49.28634215500945
2025-06-12 02:31:00,49.28634215500945
2025-06-12 19:25:00,49.28634215500945
2025-06-12 15:32:00,49.28634215500945
2025-06-12 02:11:00,27.5
2025-06-12 11:12:00,43.0
2025-06-12 06:11:00,34.4
2025-06-12 18:20:00,69.5
2025-06-12 04:31:00,60.6
2025-06-12 06:43:00,49.28634215500945
2025-06-12 10:56:00,92.6
2025-06-12 11:58:00,59.1
2025-06-12 23:29:00,15.3
2025-06-12 23:49:00,39.7
2025-06-12 15:39:00,16.8
2025-06-12 02:46:00,88.7
2025-06-12 17:18:00,49.28634215500945
2025-06-12 17:34:00,70.9
2025-06-12 19:32:00,6.6
2025-06-12 14:02:00,0.3
2025-06-12 17:55:00,49.28634215500945
2025-06-12 05:40:00,7.8
2025-06-12 00:05:00,44.6
2025-06-12 08:51:00,31.2
2025-06-12 22:10:00,86.0
2025-06-12 21:27:00,18.4
2025-06-12 00:58:00,18.1
2025-06-12 13:56:00,53.9
2025-06-12 01:48:00,88.4
2025-06-12 06:32:00,74.8
2025-06-12 06:42:00,43.7
2025-06-12 01:19:00,72.4
2025-06-12 14:37:00,49.28634215500945
2025-06-12 05:44:00,34.2
2025-06-12 03:15:00,28.7
2025-06-12 02:20:00,49.28634215500945
2025-06-12 09:11:00,25.1
2025-06-12 20:17:00,72.4
2025-06-12 01:15:00,29.8
2025-06-12 14:28:00,49.28634215500945
2025-06-12 15:09:00,9.5
2025-06-12 04:06:00,65.6
2025-06-12 10:33:00,75.8
2025-06-12 15:42:00,68.3
2025-06-12 12:50:00,6.9
2025-06-12 06:01:00,49.28634215500945
2025-06-12 22:37:00,78.7
2025-06-12 05:39:00,37.2
2025-06-12 01:37:00,93.3
2025-06-12 03:04:00,44.8
2025-06-12 14:11:00,49.28634215500945
2025-06-12 01:31:00,71.5
2025-06-12 02:02:00,58.1
2025-06-12 20:04:00,49.28634215500945
2025-06-12 03:39:00,44.6
2025-06-12 00:14:00,48.5
2025-06-12 14:46:00,75.8
2025-06-12 21:46:00,44.3
2025-06-12 09:34:00,42.1
2025-06-12 05:37:00,49.28634215500945
2025-06-12 13:09:00,30.2
2025-06-12 04:53:00,97.0
2025-06-12 09:14:00,24.1
2025-06-12 11:13:00,95.6
2025-06-12 04:38:00,60.1
2025-06-12 06:21:00,4.4
2025-06-12 16:48:00,2.4
2025-06-12 09:33:00,72.5
2025-06-12 04:39:00,26.4
2025-06-12 20:06:00,49.28634215500945
2025-06-12 03:54:00,49.28634215500945
2025-06-12 15:08:00,4.2
2025-06-12 20:57:00,3.8
2025-06-12 17:16:00,36.9
2025-06-12 05:33:00,78.0
2025-06-12 00:18:00,21.4
2025-06-12 16:22:00,75.0
2025-06-12 16:17:00,37.1
2025-06-12 03:42:00,58.6
2025-06-12 07:31:00,80.8
2025-06-12 17:05:00,49.28634215500945
2025-06-12 16:53:00,6.9
2025-06-12 06:13:00,92.3
2025-06-12 03:59:00,49.28634215500945
2025-06-12 21:30:00,56.0
2025-06-12 11:41:00,40.8
2025-06-12 15:16:00,15.2
2025-06-12 08:25:00,39.4
2025-06-12 22:50:00,91.8
2025-06-12 06:52:00,20.6
2025-06-12 12:39:00,64.3
2025-06-12 21:07:00,34.4
2025-06-12 06:44:00,42.3
2025-06-12 08:35:00,17.0
2025-06-12 06:49:00,81.5
2025-06-12 23:57:00,46.8
2025-06-12 19:46:00,49.28634215500945
2025-06-12 04:04:00,49.28634215500945
2025-06-12 13:37:00,49.28634215500945
2025-06-12 20:26:00,18.4
2025-06-12 05:07:00,51.3
2025-06-12 11:49:00,25.4
2025-06-12 19:42:00,79.3
2025-06-12 16:46:00,47.9
2025-06-12 23:04:00,13.7
2025-06-12 11:10:00,49.28634215500945
2025-06-12 17:44:00,33.7
2025-06-12 17:53:00,90.6
2025-06-12 06:57:00,49.28634215500945
2025-06-12 12:54:00,51.5
2025-06-12 14:54:00,28.4
2025-06-12 11:35:00,93.8
2025-06-12 00:21:00,70.2
2025-06-12 14:39:00,49.28634215500945
2025-06-12 02:09:00,19.0
2025-06-12 23:35:00,29.8
2025-06-12 00:40:00,51.7
2025-06-12 08:30:00,49.28634215500945
2025-06-12 04:44:00,49.28634215500945
2025-06-12 22:57:00,99.3
2025-06-12 02:53:00,73.4
2025-06-12 23:25:00,20.5
2025-06-12 13:43:00,49.28634215500945
2025-06-12 01:17:00,61.3
2025-06-12 15:55:00,5.7
2025-06-12 08:46:00,49.28634215500945
2025-06-12 08:52:00,38.5
2025-06-12 15:15:00,97.5
2025-06-12 19:01:00,85.2
2025-06-12 15:37:00,72.4
2025-06-12 11:08:00,49.28634215500945
2025-06-12 21:04:00,59.8
2025-06-12 20:33:00,13.5
2025-06-12 19:11:00,41.2
2025-06-12 07:23:00,37.4
2025-06-12 00:30:00,32.7
2025-06-12 10:06:00,51.8
2025-06-12 16:10:00,28.0
2025-06-12 10:22:00,42.3
2025-06-12 08:21:00,41.8
2025-06-12 07:56:00,50.0812925170068
2025-06-12 17:21:00,1.6
2025-06-12 16:36:00,26.8
2025-06-12 21:16:00,81.7
2025-06-12 10:39:00,27.3
2025-06-12 19:55:00,91.7
2025-06-12 00:02:00,69.0
2025-06-12 21:14:00,71.0
2025-06-12 04:16:00,64.0
2025-06-12 12:31:00,99.5
2025-06-12 06:51:00,16.5
2025-06-12 02:57:00,58.1
2025-06-12 08:22:00,12.1
2025-06-12 03:21:00,52.3
2025-06-12 16:47:00,5.0
2025-06-12 02:37:00,64.5
2025-06-12 15:50:00,94.5
2025-06-12 11:55:00,70.1
2025-06-12 03:30:00,96.1
2025-06-12 09:16:00,34.0
2025-06-12 23:47:00,50.0812925170068
2025-06-12 13:42:00,94.7
2025-06-12 04:21:00,26.8
2025-06-12 03:43:00,3.6
2025-06-12 09:04:00,77.5
2025-06-12 20:47:00,55.8
2025-06-12 01:33:00,67.9
2025-06-12 01:51:00,94.2
2025-06-12 06:43:00,4.1
2025-06-12 08:53:00,68.1
2025-06-12 08:16:00,7.6
2025-06-12 20:43:00,3.4
2025-06-12 15:25:00,98.0
2025-06-12 05:30:00,50.0812925170068
2025-06-12 22:57:00,77.6
2025-06-12 17:14:00,21.7
2025-06-12 17:09:00,49.3
2025-06-12 21:29:00,60.4
2025-06-12 19:01:00,39.9
2025-06-12 22:04:00,8.9
2025-06-12 21:59:00,77.8
2025-06-12 17:02:00,50.0812925170068
2025-06-12 19:14:00,75.3
2025-06-12 17:55:00,50.0812925170068
2025-06-12 13:25:00,3.3
2025-06-12 08:29:00,28.0
2025-06-12 09:17:00,81.7
2025-06-12 13:02:00,69.9
2025-06-12 00:57:00,61.8
2025-06-12 13:45:00,84.0
2025-06-12 00:12:00,93.3
2025-06-12 22:08:00,99.2
2025-06-12 05:21:00,72.0
2025-06-12 02:25:00,52.1
2025-06-12 17:04:00,11.1
2025-06-12 01:34:00,46.8
2025-06-12 12:03:00,67.4
2025-06-12 02:50:00,50.0812925170068
2025-06-12 10:27:00,77.4
2025-06-12 18:42:00,77.0
2025-06-12 06:18:00,66.3
2025-06-12 23:25:00,38.7
2025-06-12 16:56:00,4.9
2025-06-12 22:49:00,5.6
2025-06-12 02:45:00,50.0812925170068
2025-06-12 00:26:00,50.0812925170068
2025-06-12 09:43:00,5.5
2025-06-12 20:31:00,37.4
2025-06-12 20:21:00,12.7
2025-06-12 02:28:00,72.2
2025-06-12 16:33:00,89.4
2025-06-12 03:10:00,67.3
2025-06-12 22:59:00,5.4
2025-06-12 23:07:00,71.5
2025-06-12 19:04:00,77.6
2025-06-12 20:59:00,35.2
2025-06-12 01:50:00,50.0812925170068
2025-06-12 20:04:00,13.8
2025-06-12 12:20:00,23.4
2025-06-12 03:23:00,38.3
2025-06-12 04:26:00,64.1
2025-06-12 19:36:00,58.1
2025-06-12 17:54:00,35.7
2025-06-12 04:13:00,69.5
2025-06-12 10:47:00,50.0812925170068
2025-06-12 22:01:00,96.3
2025-06-12 06:56:00,62.1
2025-06-12 22:20:00,28.6
2025-06-12 17:27:00,0.5
2025-06-12 04:05:00,56.7
2025-06-12 11:47:00,84.2
2025-06-12 11:50:00,50.0812925170068
2025-06-12 04:06:00,61.6
2025-06-12 11:51:00,57.3
2025-06-12 07:59:00,72.1
2025-06-12 04:19:00,33.6
2025-06-12 12:59:00,39.5
2025-06-12 22:23:00,88.2
2025-06-12 17:10:00,46.8
2025-06-12 07:29:00,6.2
2025-06-12 08:08:00,93.0
2025-06-12 18:16:00,69.0
2025-06-12 02:10:00,71.5
2025-06-12 22:53:00,50.0812925170068
2025-06-12 05:53:00,82.3
2025-06-12 21:12:00,33.8
2025-06-12 11:53:00,91.5
2025-06-12 19:40:00,97.6
2025-06-12 08:20:00,40.0
2025-06-12 21:56:00,59.8
2025-06-12 12:01:00,92.0
2025-06-12 21:07:00,35.5
2025-06-12 23:27:00,44.9
2025-06-12 11:58:00,16.3
2025-06-12 08:28:00,81.7
2025-06-12 20:20:00,80.5
2025-06-12 22:52:00,93.2
2025-06-12 19:32:00,20.7
2025-06-12 03:04:00,32.4
2025-06-12 15:02:00,91.5
2025-06-12 09:14:00,26.6
2025-06-12 05:39:00,45.9
2025-06-12 04:09:00,69.4
2025-06-12 14:22:00,76.9
2025-06-12 08:40:00,61.9
2025-06-12 18:03:00,5.7
2025-06-12 21:23:00,58.6
2025-06-12 10:36:00,26.6
2025-06-12 09:58:00,12.4
2025-06-12 16:01:00,81.3
2025-06-12 15:21:00,20.8
2025-06-12 22:13:00,22.7
2025-06-12 11:06:00,60.7
2025-06-12 23:33:00,50.0812925170068
2025-06-12 09:29:00,7.6
2025-06-12 01:20:00,12.4
2025-06-12 04:17:00,53.2
2025-06-12 14:17:00,8.0
2025-06-12 07:09:00,30.8
2025-06-12 13:35:00,36.8
2025-06-12 13:22:00,81.7
2025-06-12 15:55:00,28.8
2025-06-12 10:23:00,8.2
2025-06-12 21:03:00,76.8
2025-06-12 22:37:00,28.9
2025-06-12 01:00:00,8.8
2025-06-12 07:35:00,23.5
2025-06-12 01:52:00,82.8
2025-06-12 03:32:00,81.9
2025-06-12 05:45:00,32.7
2025-06-12 23:58:00,22.1
2025-06-12 11:45:00,6.2
2025-06-12 21:20:00,82.0
2025-06-12 19:09:00,75.2
2025-06-12 20:19:00,44.2
2025-06-12 02:13:00,55.9
2025-06-12 04:58:00,64.8
2025-06-12 13:58:00,60.6
2025-06-12 14:31:00,53.5
2025-06-12 16:26:00,46.6
2025-06-12 10:00:00,41.2
2025-06-12 03:02:00,65.5
2025-06-12 01:46:00,50.0812925170068
2025-06-12 12:50:00,62.2
2025-06-12 05:13:00,17.9
2025-06-12 06:59:00,53.8
2025-06-12 08:39:00,11.5
2025-06-12 14:04:00,66.1
2025-06-12 21:28:00,50.0812925170068
2025-06-12 09:12:00,57.7
2025-06-12 16:46:00,28.5
2025-06-12 20:18:00,30.8
2025-06-12 09:51:00,36.4
2025-06-12 03:25:00,82.3
2025-06-12 07:47:00,77.4
2025-06-12 11:34:00,67.7
2025-06-12 23:35:00,43.2
2025-06-12 03:29:00,2.3
2025-06-12 14:55:00,15.2
2025-06-12 07:01:00,97.1
2025-06-12 03:55:00,45.7
2025-06-12 00:52:00,50.0812925170068
2025-06-12 08:14:00,91.0
2025-06-12 15:59:00,50.0812925170068
2025-06-12 10:45:00,26.7
2025-06-12 04:41:00,30.8
2025-06-12 15:42:00,4.4
2025-06-12 16:11:00,4.3
2025-06-12 05:04:00,71.0
2025-06-12 00:44:00,50.0812925170068
2025-06-12 01:09:00,50.0812925170068
2025-06-12 14:00:00,14.9
2025-06-12 08:44:00,0.4
2025-06-12 19:31:00,6.2
2025-06-12 23:37:00,53.4
2025-06-12 08:19:00,50.0812925170068
2025-06-12 14:29:00,5.7
2025-06-12 01:28:00,73.6
2025-06-12 12:16:00,24.7
2025-06-12 13:53:00,16.5
2025-06-12 15:36:00,63.7
2025-06-12 17:12:00,47.1
2025-06-12 00:59:00,81.8
2025-06-12 16:06:00,62.7
2025-06-12 12:56:00,29.9
2025-06-12 21:30:00,51.0
2025-06-12 19:18:00,50.0812925170068
2025-06-12 02:11:00,31.5
2025-06-12 07:27:00,43.8
2025-06-12 14:13:00,19.2
2025-06-12 20:09:00,91.5
2025-06-12 19:48:00,17.6
2025-06-12 22:12:00,67.4
2025-06-12 08:01:00,33.6
2025-06-12 05:08:00,20.8
2025-06-12 00:09:00,34.2
2025-06-12 03:44:00,32.0
2025-06-12 08:11:00,51.8
2025-06-12 13:55:00,14.7
2025-06-12 03:24:00,28.1
2025-06-12 04:01:00,3.6
2025-06-12 15:28:00,39.3
2025-06-12 01:48:00,93.8
2025-06-12 08:54:00,64.8
2025-06-12 20:42:00,50.0812925170068
2025-06-12 08:06:00,2.5
2025-06-12 13:24:00,41.3
2025-06-12 23:05:00,50.0812925170068
2025-06-12 22:02:00,49.0
2025-06-12 22:46:00,3.6
2025-06-12 06:26:00,1.1
2025-06-12 18:18:00,50.6
2025-06-12 10:29:00,34.0
2025-06-12 23:11:00,68.2
2025-06-12 14:09:00,73.4
2025-06-12 12:34:00,49.7
2025-06-12 23:04:00,85.7
2025-06-12 08:09:00,44.5
2025-06-12 04:11:00,50.0812925170068
2025-06-12 16:07:00,91.7
2025-06-12 12:09:00,50.0812925170068
2025-06-12 18:31:00,9.2
2025-06-12 03:01:00,50.0812925170068
2025-06-12 02:05:00,77.6
2025-06-12 07:25:00,50.0812925170068
2025-06-12 02:14:00,61.8
2025-06-12 10:48:00,21.9
2025-06-12 03:26:00,0.7
2025-06-12 16:54:00,50.0812925170068
2025-06-12 18:51:00,50.0812925170068
2025-06-12 11:13:00,87.2
2025-06-12 14:56:00,24.1
2025-06-12 04:33:00,17.8
2025-06-12 02:34:00,23.6
2025-06-12 09:55:00,20.5
2025-06-12 09:21:00,6.2
2025-06-12 11:31:00,69.6
2025-06-12 17:08:00,54.4
2025-06-12 07:14:00,50.0812925170068
2025-06-12 03:22:00,60.8
2025-06-12 15:29:00,50.0812925170068
2025-06-12 12:52:00,98.4
2025-06-12 15:46:00,70.1
2025-06-12 05:15:00,82.2
2025-06-12 04:44:00,50.0812925170068
2025-06-12 05:24:00,67.1
2025-06-12 04:00:00,86.2
2025-06-12 06:40:00,84.8
2025-06-12 10:43:00,97.1
2025-06-12 14:32:00,50.0812925170068
2025-06-12 04:25:00,88.3
2025-06-12 08:18:00,48.8
2025-06-12 11:22:00,75.8
2025-06-12 03:34:00,36.9
2025-06-12 05:16:00,45.3
2025-06-12 11:26:00,41.4
2025-06-12 15:40:00,36.6
2025-06-12 22:06:00,1.3
2025-06-12 09:47:00,51.1
2025-06-12 16:48:00,49.0
2025-06-12 23:01:00,74.8
2025-06-12 23:31:00,50.0812925170068
2025-06-12 00:53:00,75.8
2025-06-12 18:39:00,50.0812925170068
2025-06-12 11:38:00,82.3
2025-06-12 15:35:00,39.6
2025-06-12 10:03:00,50.0812925170068
2025-06-12 13:47:00,65.8
2025-06-12 22:44:00,96.1
2025-06-12 10:13:00,8.3
2025-06-12 22:22:00,84.3
2025-06-12 01:36:00,33.4
2025-06-12 04:06:00,23.9
2025-06-12 10:13:00,27.7
2025-06-12 22:22:00,5.5
2025-06-12 17:59:00,98.7
2025-06-12 00:00:00,80.2
2025-06-12 20:20:00,49.63695830886671
2025-06-12 03:34:00,59.3
2025-06-12 00:42:00,85.0
2025-06-12 23:39:00,66.8
2025-06-12 12:06:00,99.2
2025-06-12 08:38:00,71.8
2025-06-12 03:32:00,71.7
2025-06-12 18:06:00,68.9
2025-06-12 18:19:00,79.7
2025-06-12 02:12:00,49.63695830886671
2025-06-12 08:47:00,58.8
2025-06-12 18:11:00,12.1
2025-06-12 23:32:00,16.6
2025-06-12 16:29:00,57.0
2025-06-12 21:03:00,6.0
2025-06-12 10:28:00,49.63695830886671
2025-06-12 07:00:00,61.4
2025-06-12 19:16:00,38.4
2025-06-12 19:36:00,87.8
2025-06-12 14:37:00,92.1
2025-06-12 11:17:00,28.7
2025-06-12 20:01:00,49.63695830886671
2025-06-12 09:16:00,36.2
2025-06-12 19:54:00,17.0
2025-06-12 11:49:00,18.3
2025-06-12 12:52:00,1.5
2025-06-12 10:39:00,49.63695830886671
2025-06-12 05:59:00,40.3
2025-06-12 22:59:00,75.3
2025-06-12 09:17:00,75.7
2025-06-12 01:51:00,20.8
2025-06-12 19:38:00,94.2
2025-06-12 11:33:00,26.7
2025-06-12 23:55:00,30.8
2025-06-12 15:52:00,48.9
2025-06-12 05:56:00,23.0
2025-06-12 16:22:00,13.3
2025-06-12 01:47:00,58.6
2025-06-12 12:54:00,32.4
2025-06-12 14:12:00,55.5
2025-06-12 06:31:00,38.8
2025-06-12 13:32:00,69.6
2025-06-12 16:21:00,68.3
2025-06-12 08:10:00,83.2
2025-06-12 21:05:00,82.2
2025-06-12 11:36:00,39.5
2025-06-12 10:04:00,60.1
2025-06-12 01:26:00,32.7
2025-06-12 22:49:00,57.3
2025-06-12 14:40:00,86.2
2025-06-12 05:32:00,37.4
2025-06-12 13:49:00,40.2
2025-06-12 16:28:00,39.0
2025-06-12 05:37:00,46.1
2025-06-12 03:14:00,76.4
2025-06-12 13:22:00,44.9
2025-06-12 03:35:00,30.6
2025-06-12 01:19:00,30.5
2025-06-12 22:35:00,38.8
2025-06-12 23:29:00,57.6
2025-06-12 13:50:00,18.6
2025-06-12 08:42:00,82.5
2025-06-12 07:50:00,72.7
2025-06-12 09:51:00,32.6
2025-06-12 02:05:00,84.4
2025-06-12 18:38:00,30.4
2025-06-12 00:11:00,72.1
2025-06-12 22:09:00,81.4
2025-06-12 11:46:00,68.5
2025-06-12 07:29:00,72.0
2025-06-12 05:38:00,19.7
2025-06-12 10:23:00,35.9
2025-06-12 11:20:00,36.1
2025-06-12 17:46:00,73.8
2025-06-12 17:38:00,50.3
2025-06-12 06:34:00,69.7
2025-06-12 08:22:00,86.0
2025-06-12 12:24:00,55.2
2025-06-12 07:39:00,0.9
2025-06-12 01:52:00,57.0
2025-06-12 00:14:00,1.5
2025-06-12 04:46:00,49.63695830886671
2025-06-12 22:11:00,49.63695830886671
2025-06-12 04:45:00,83.6
2025-06-12 19:46:00,49.63695830886671
2025-06-12 21:32:00,15.6
2025-06-12 05:24:00,47.4
2025-06-12 02:25:00,25.9
2025-06-12 10:14:00,33.7
2025-06-12 21:35:00,13.7
2025-06-12 07:43:00,67.5
2025-06-12 17:06:00,68.0
2025-06-12 10:07:00,80.2
2025-06-12 03:28:00,49.63695830886671
2025-06-12 08:49:00,21.3
2025-06-12 08:02:00,54.2
2025-06-12 07:42:00,15.5
2025-06-12 20:53:00,48.1
2025-06-12 13:17:00,13.4
2025-06-12 23:54:00,94.2
2025-06-12 03:49:00,66.8
2025-06-12 19:34:00,33.8
2025-06-12 01:40:00,8.0
2025-06-12 07:36:00,98.6
2025-06-12 23:14:00,49.63695830886671
2025-06-12 13:18:00,62.2
2025-06-12 20:33:00,85.0
2025-06-12 10:59:00,49.63695830886671
2025-06-12 06:06:00,89.3
2025-06-12 06:47:00,12.6
2025-06-12 05:44:00,36.2
2025-06-12 03:44:00,49.2
2025-06-12 07:09:00,59.6
2025-06-12 06:01:00,1.4
2025-06-12 13:27:00,22.6
2025-06-12 20:28:00,50.7
2025-06-12 01:17:00,67.7
2025-06-12 18:51:00,91.2
2025-06-12 13:47:00,49.63695830886671
2025-06-12 16:14:00,94.6
2025-06-12 17:53:00,50.1
2025-06-12 17:07:00,5.9
2025-06-12 09:14:00,28.1
2025-06-12 10:24:00,29.9
2025-06-12 08:46:00,72.3
2025-06-12 09:06:00,20.2
2025-06-12 22:12:00,82.4
2025-06-12 23:43:00,24.1
2025-06-12 09:41:00,34.0
2025-06-12 10:52:00,23.7
2025-06-12 00:05:00,10.7
2025-06-12 04:24:00,49.63695830886671
2025-06-12 00:27:00,88.5
2025-06-12 00:21:00,98.1
2025-06-12 10:45:00,2.2
2025-06-12 02:27:00,49.63695830886671
2025-06-12 17:56:00,78.2
2025-06-12 13:48:00,86.0
2025-06-12 00:47:00,45.2
2025-06-12 06:54:00,59.7
2025-06-12 11:08:00,83.0
2025-06-12 06:35:00,73.9
2025-06-12 20:24:00,3.6
2025-06-12 03:56:00,25.9
2025-06-12 02:00:00,86.6
2025-06-12 12:37:00,49.63695830886671
2025-06-12 08:32:00,27.9
2025-06-12 08:15:00,49.63695830886671
2025-06-12 18:50:00,7.1
2025-06-12 18:12:00,87.0
2025-06-12 08:41:00,38.1
2025-06-12 08:55:00,12.7
2025-06-12 07:52:00,1.9
2025-06-12 05:04:00,5.5
2025-06-12 09:39:00,61.9
2025-06-12 17:09:00,79.6
2025-06-12 01:44:00,49.63695830886671
2025-06-12 16:54:00,96.3
2025-06-12 01:56:00,49.63695830886671
2025-06-12 18:09:00,33.7
2025-06-12 10:19:00,73.8
2025-06-12 05:07:00,64.8
2025-06-12 15:55:00,56.1
2025-06-12 13:19:00,4.4
2025-06-12 07:44:00,84.0
2025-06-12 18:55:00,26.0
2025-06-12 20:07:00,21.8
2025-06-12 02:26:00,49.63695830886671
2025-06-12 16:34:00,75.7
2025-06-12 11:00:00,91.7
2025-06-12 00:49:00,49.63695830886671
2025-06-12 18:15:00,49.63695830886671
2025-06-12 19:05:00,87.6
2025-06-12 10:26:00,49.63695830886671
2025-06-12 11:37:00,7.2
2025-06-12 01:34:00,99.1
2025-06-12 06:18:00,92.7
2025-06-12 12:15:00,8.0
2025-06-12 05:51:00,52.4
2025-06-12 05:47:00,21.3
2025-06-12 06:32:00,26.3
2025-06-12 12:31:00,88.4
2025-06-12 11:05:00,56.6
2025-06-12 23:41:00,88.6
2025-06-12 16:15:00,49.63695830886671
2025-06-12 08:23:00,13.4
2025-06-12 05:33:00,37.4
2025-06-12 18:13:00,93.2
2025-06-12 08:44:00,65.1
2025-06-12 07:51:00,97.9
2025-06-12 00:58:00,6.8
2025-06-12 07:16:00,28.4
2025-06-12 04:43:00,49.63695830886671
2025-06-12 20:23:00,16.4
2025-06-12 12:23:00,55.8
2025-06-12 09:00:00,48.1
2025-06-12 21:46:00,91.9
2025-06-12 11:48:00,92.6
2025-06-12 18:21:00,28.9
2025-06-12 14:36:00,96.0
2025-06-12 14:22:00,68.9
2025-06-12 13:29:00,12.5
2025-06-12 17:11:00,49.63695830886671
2025-06-12 18:30:00,4.7
2025-06-12 01:27:00,81.7
2025-06-12 17:51:00,46.1
2025-06-12 21:30:00,60.1
2025-06-12 16:19:00,44.7
2025-06-12 02:07:00,43.6
2025-06-12 23:47:00,78.5
2025-06-12 02:47:00,80.6
2025-06-12 19:19:00,35.2
2025-06-12 21:04:00,0.2
2025-06-12 03:13:00,41.4
2025-06-12 15:14:00,53.6
2025-06-12 11:42:00,78.7
2025-06-12 02:06:00,22.9
2025-06-12 12:04:00,60.6
2025-06-12 08:13:00,49.1
2025-06-12 02:37:00,44.7
2025-06-12 16:24:00,39.5
2025-06-12 21:23:00,95.3
2025-06-12 00:15:00,58.2
2025-06-12 17:57:00,33.5
2025-06-12 16:31:00,10.5
2025-06-12 06:10:00,94.9
2025-06-12 10:06:00,49.63695830886671
2025-06-12 16:27:00,43.5
2025-06-12 15:38:00,47.3
2025-06-12 23:30:00,4.7
2025-06-12 11:39:00,49.63695830886671
2025-06-12 04:54:00,31.0
2025-06-12 00:59:00,54.1
2025-06-12 23:15:00,65.2
2025-06-12 10:57:00,88.0
2025-06-12 23:57:00,49.63695830886671
2025-06-12 14:13:00,49.63695830886671
2025-06-12 12:56:00,60.5
2025-06-12 02:41:00,49.63695830886671
2025-06-12 05:28:00,49.63695830886671
2025-06-12 13:05:00,17.6
2025-06-12 23:07:00,58.0
2025-06-12 12:51:00,47.5
2025-06-12 21:58:00,80.1
2025-06-12 01:58:00,32.4
2025-06-12 22:21:00,45.1
2025-06-12 02:20:00,69.2
2025-06-12 02:19:00,21.3
2025-06-12 07:49:00,91.4
2025-06-12 00:18:00,68.1
2025-06-12 14:07:00,72.7
2025-06-12 20:46:00,10.9
2025-06-12 07:46:00,27.2
2025-06-12 10:33:00,49.63695830886671
2025-06-12 22:08:00,4.1
2025-06-12 18:53:00,86.1
2025-06-12 07:17:00,20.7
2025-06-12 19:28:00,10.5
2025-06-12 19:21:00,68.8
2025-06-12 19:45:00,80.9
2025-06-12 16:51:00,70.0
2025-06-12 10:44:00,49.63695830886671
2025-06-12 08:43:00,52.5
2025-06-12 23:40:00,20.4
2025-06-12 01:25:00,87.4
2025-06-12 19:08:00,49.63695830886671
2025-06-12 12:12:00,19.1
2025-06-12 17:54:00,14.5
2025-06-12 11:59:00,90.3
2025-06-12 12:53:00,49.63695830886671
2025-06-12 13:02:00,6.4
2025-06-12 00:10:00,49.63695830886671
2025-06-12 03:26:00,23.7
2025-06-12 07:25:00,49.63695830886671
2025-06-12 10:36:00,66.0
2025-06-12 10:20:00,41.6
2025-06-12 07:23:00,12.2
2025-06-12 18:35:00,63.5
2025-06-12 22:01:00,75.3
2025-06-12 10:09:00,9.5
2025-06-12 15:41:00,87.9
2025-06-12 09:23:00,94.4
2025-06-12 17:02:00,79.7
2025-06-12 10:01:00,49.63695830886671
2025-06-12 12:40:00,80.2
2025-06-12 11:03:00,80.6
2025-06-12 19:20:00,75.6
2025-06-12 04:55:00,75.2
2025-06-12 02:35:00,29.6
2025-06-12 16:39:00,88.1
2025-06-12 09:02:00,40.5
2025-06-12 14:42:00,47.3
2025-06-12 22:24:00,81.7
2025-06-12 21:42:00,49.63695830886671
2025-06-12 08:00:00,56.7
2025-06-12 13:54:00,61.9
2025-06-12 07:27:00,94.4
2025-06-12 08:39:00,47.7
2025-06-12 18:42:00,99.0
2025-06-12 04:58:00,49.63695830886671
2025-06-12 11:18:00,4.9
2025-06-12 10:32:00,22.2
2025-06-12 10:18:00,83.8
2025-06-12 18:45:00,84.2
2025-06-12 22:05:00,16.8
2025-06-12 06:58:00,49.63695830886671
2025-06-12 11:16:00,60.1
2025-06-12 07:48:00,61.9
2025-06-12 13:46:00,30.6
2025-06-12 09:58:00,1.1
2025-06-12 17:34:00,38.9
2025-06-12 20:31:00,49.63695830886671
2025-06-12 09:22:00,89.7
2025-06-12 05:52:00,96.4
2025-06-12 18:29:00,47.4
2025-06-12 05:38:00,50.5
2025-06-12 23:34:00,78.6
2025-06-12 13:37:00,30.9
2025-06-12 01:40:00,45.2
2025-06-12 18:50:00,96.0
2025-06-12 15:59:00,67.0
2025-06-12 04:05:00,96.9
2025-06-12 21:51:00,58.2
2025-06-12 20:03:00,72.9
2025-06-12 01:23:00,58.2
2025-06-12 12:48:00,50.41405513666353
2025-06-12 17:38:00,12.5
2025-06-12 19:45:00,53.5
2025-06-12 10:55:00,38.2
2025-06-12 17:52:00,1.5
2025-06-12 06:29:00,47.1
2025-06-12 02:06:00,16.1
2025-06-12 21:26:00,15.4
2025-06-12 00:50:00,88.4
2025-06-12 08:39:00,95.1
2025-06-12 06:22:00,99.4
2025-06-12 06:05:00,50.41405513666353
2025-06-12 01:37:00,40.5
2025-06-12 03:30:00,76.5
2025-06-12 20:29:00,4.6
2025-06-12 01:34:00,15.7
2025-06-12 19:24:00,92.7
2025-06-12 08:12:00,97.5
2025-06-12 01:16:00,99.5
2025-06-12 09:50:00,11.5
2025-06-12 06:23:00,89.4
2025-06-12 13:16:00,47.4
2025-06-12 04:07:00,58.2
2025-06-12 05:41:00,56.5
2025-06-12 21:54:00,42.8
2025-06-12 08:47:00,94.6
2025-06-12 21:47:00,95.6
2025-06-12 03:05:00,28.7
2025-06-12 21:27:00,39.6
2025-06-12 20:30:00,51.1
2025-06-12 10:06:00,9.4
2025-06-12 11:25:00,50.41405513666353
2025-06-12 16:26:00,93.5
2025-06-12 13:24:00,60.6
2025-06-12 20:42:00,51.7
2025-06-12 04:10:00,71.7
2025-06-12 16:16:00,81.0
2025-06-12 14:49:00,19.7
2025-06-12 21:39:00,84.2
2025-06-12 13:32:00,64.6
2025-06-12 15:55:00,66.9
2025-06-12 22:45:00,50.41405513666353
2025-06-12 17:07:00,50.41405513666353
2025-06-12 21:18:00,83.9
2025-06-12 13:01:00,44.3
2025-06-12 09:02:00,33.7
2025-06-12 08:50:00,50.41405513666353
2025-06-12 17:15:00,63.7
2025-06-12 19:26:00,50.41405513666353
2025-06-12 11:19:00,85.7
2025-06-12 07:20:00,33.1
2025-06-12 11:51:00,50.41405513666353
2025-06-12 10:49:00,98.3
2025-06-12 23:09:00,8.0
2025-06-12 05:45:00,50.41405513666353
2025-06-12 08:31:00,100.0
2025-06-12 20:41:00,51.2
2025-06-12 00:07:00,0.7
2025-06-12 15:13:00,99.2
2025-06-12 19:22:00,97.8
2025-06-12 18:24:00,27.6
2025-06-12 21:07:00,40.6
2025-06-12 08:04:00,16.1
2025-06-12 01:30:00,15.9
2025-06-12 22:59:00,44.0
2025-06-12 21:15:00,64.9
2025-06-12 14:39:00,12.9
2025-06-12 19:47:00,51.4
2025-06-12 12:00:00,18.5
2025-06-12 02:49:00,27.7
2025-06-12 23:12:00,94.2
2025-06-12 14:47:00,83.1
2025-06-12 20:51:00,75.4
2025-06-12 01:56:00,13.9
2025-06-12 09:45:00,81.7
2025-06-12 13:10:00,50.41405513666353
2025-06-12 13:17:00,45.7
2025-06-12 16:44:00,68.9
2025-06-12 17:58:00,31.7
2025-06-12 06:43:00,92.9
2025-06-12 07:39:00,60.3
2025-06-12 10:59:00,79.4
2025-06-12 08:11:00,30.1
2025-06-12 17:09:00,79.7
2025-06-12 22:29:00,62.9
2025-06-12 12:45:00,32.8
2025-06-12 15:46:00,50.41405513666353
2025-06-12 05:33:00,89.8
2025-06-12 15:17:00,71.9
2025-06-12 01:15:00,99.8
2025-06-12 06:49:00,4.8
2025-06-12 07:46:00,93.3
2025-06-12 18:10:00,88.6
2025-06-12 23:19:00,13.3
2025-06-12 17:01:00,23.8
2025-06-12 03:06:00,47.1
2025-06-12 06:42:00,48.9
2025-06-12 16:04:00,57.8
2025-06-12 17:56:00,4.2
2025-06-12 22:31:00,32.8
2025-06-12 17:34:00,84.0
2025-06-12 17:28:00,50.41405513666353
2025-06-12 05:00:00,49.5
2025-06-12 18:09:00,21.0
2025-06-12 09:00:00,80.3
2025-06-12 08:15:00,15.8
2025-06-12 16:28:00,63.6
2025-06-12 03:59:00,50.41405513666353
2025-06-12 20:07:00,32.3
2025-06-12 04:46:00,7.9
2025-06-12 12:38:00,30.1
2025-06-12 20:12:00,70.6
2025-06-12 10:45:00,27.5
2025-06-12 19:53:00,56.6
2025-06-12 12:21:00,70.9
2025-06-12 14:13:00,50.41405513666353
2025-06-12 07:57:00,5.6
2025-06-12 22:52:00,82.6
2025-06-12 14:08:00,56.0
2025-06-12 05:02:00,39.2
2025-06-12 13:02:00,7.3
2025-06-12 04:59:00,94.7
2025-06-12 18:48:00,1.6
2025-06-12 08:07:00,50.41405513666353
2025-06-12 09:20:00,68.0
2025-06-12 01:54:00,16.4
2025-06-12 10:39:00,6.8
2025-06-12 06:53:00,2.3
2025-06-12 11:59:00,52.0
2025-06-12 00:34:00,45.6
2025-06-12 00:20:00,22.1
2025-06-12 21:19:00,98.7
2025-06-12 16:15:00,96.7
2025-06-12 01:27:00,50.41405513666353
2025-06-12 17:26:00,12.1
2025-06-12 14:58:00,22.2
2025-06-12 08:57:00,83.7
2025-06-12 08:52:00,67.8
2025-06-12 01:02:00,68.0
2025-06-12 18:13:00,41.3
2025-06-12 14:11:00,39.8
2025-06-12 00:19:00,44.8
2025-06-12 20:18:00,91.1
2025-06-12 08:34:00,40.4
2025-06-12 04:43:00,50.41405513666353
2025-06-12 04:40:00,5.2
2025-06-12 04:26:00,32.3
2025-06-12 22:48:00,50.41405513666353
2025-06-12 21:11:00,57.1
2025-06-12 12:17:00,42.8
2025-06-12 22:20:00,19.1
2025-06-12 22:23:00,30.2
2025-06-12 06:40:00,33.4
2025-06-12 12:57:00,39.6
2025-06-12 11:06:00,78.9
2025-06-12 01:49:00,20.1
2025-06-12 05:34:00,81.1
2025-06-12 16:22:00,34.4
2025-06-12 04:56:00,18.9
2025-06-12 23:20:00,34.5
2025-06-12 23:16:00,58.0
2025-06-12 06:51:00,3.2
2025-06-12 16:00:00,20.9
2025-06-12 10:23:00,3.2
2025-06-12 17:00:00,86.5
2025-06-12 20:11:00,90.5
2025-06-12 23:48:00,2.4
2025-06-12 01:51:00,17.6
2025-06-12 11:55:00,14.7
2025-06-12 23:39:00,3.2
2025-06-12 21:03:00,41.5
2025-06-12 18:47:00,12.8
2025-06-12 11:07:00,51.2
2025-06-12 21:10:00,2.0
2025-06-12 03:46:00,23.2
2025-06-12 11:32:00,68.2
2025-06-12 02:34:00,35.8
2025-06-12 07:49:00,47.9
2025-06-12 13:19:00,64.2
2025-06-12 01:03:00,49.4
2025-06-12 13:54:00,94.9
2025-06-12 06:54:00,61.1
2025-06-12 17:03:00,81.7
2025-06-12 12:58:00,4.2
2025-06-12 20:17:00,62.8
2025-06-12 07:38:00,31.6
2025-06-12 06:44:00,24.8
2025-06-12 09:54:00,81.2
2025-06-12 11:24:00,14.9
2025-06-12 10:43:00,25.5
2025-06-12 17:35:00,50.41405513666353
2025-06-12 07:11:00,50.41405513666353
2025-06-12 17:21:00,27.4
2025-06-12 01:44:00,47.8
2025-06-12 09:39:00,63.2
2025-06-12 20:08:00,14.9
2025-06-12 16:38:00,13.3
2025-06-12 08:54:00,88.6
2025-06-12 15:35:00,47.7
2025-06-12 16:25:00,8.6
2025-06-12 02:05:00,74.9
2025-06-12 05:42:00,35.2
2025-06-12 06:59:00,50.41405513666353
2025-06-12 13:08:00,46.2
2025-06-12 23:14:00,43.7
2025-06-12 01:53:00,24.6
2025-06-12 22:09:00,64.0
2025-06-12 06:57:00,86.5
2025-06-12 04:53:00,50.41405513666353
2025-06-12 07:16:00,70.8
2025-06-12 21:56:00,69.7
2025-06-12 06:58:00,27.1
2025-06-12 20:33:00,61.5
2025-06-12 18:54:00,77.5
2025-06-12 13:20:00,23.5
2025-06-12 20:23:00,44.5
2025-06-12 03:44:00,50.41405513666353
2025-06-12 04:22:00,76.8
2025-06-12 23:43:00,5.6
2025-06-12 19:34:00,85.3
2025-06-12 18:38:00,46.4
2025-06-12 12:50:00,66.7
2025-06-12 02:51:00,66.2
2025-06-12 05:48:00,7.6
2025-06-12 20:46:00,20.1
2025-06-12 22:06:00,17.7
2025-06-12 03:36:00,84.0
2025-06-12 14:31:00,86.5
2025-06-12 02:21:00,50.41405513666353
2025-06-12 15:08:00,70.5
2025-06-12 05:26:00,74.1
2025-06-12 15:27:00,90.6
2025-06-12 00:25:00,0.4
2025-06-12 00:05:00,33.5
2025-06-12 07:13:00,37.8
2025-06-12 22:21:00,84.3
2025-06-12 00:38:00,17.6
2025-06-12 02:43:00,29.8
2025-06-12 20:26:00,50.41405513666353
2025-06-12 17:45:00,31.5
2025-06-12 21:05:00,67.5
2025-06-12 00:15:00,92.2
2025-06-12 15:22:00,88.5
2025-06-12 06:16:00,49.2
2025-06-12 15:47:00,15.1
2025-06-12 04:57:00,48.8
2025-06-12 13:46:00,53.9
2025-06-12 05:44:00,50.41405513666353
2025-06-12 07:18:00,50.41405513666353
2025-06-12 02:56:00,50.41405513666353
2025-06-12 14:22:00,68.5
2025-06-12 04:01:00,50.41405513666353
2025-06-12 22:37:00,26.7
2025-06-12 15:09:00,38.7
2025-06-12 20:37:00,59.4
2025-06-12 11:42:00,87.1
2025-06-12 14:51:00,50.41405513666353
2025-06-12 23:35:00,25.5
2025-06-12 12:10:00,41.5
2025-06-12 07:02:00,12.6
2025-06-12 02:59:00,59.2
2025-06-12 15:02:00,72.5
2025-06-12 00:21:00,0.0
2025-06-12 13:06:00,77.1
2025-06-12 23:06:00,45.4
2025-06-12 15:18:00,27.5
2025-06-12 00:33:00,30.5
2025-06-12 19:09:00,89.7
2025-06-12 06:01:00,73.5
2025-06-12 07:37:00,12.1
2025-06-12 22:50:00,3.3
2025-06-12 13:09:00,19.6
2025-06-12 02:17:00,94.8
2025-06-12 23:57:00,34.3
2025-06-12 06:40:00,35.0
2025-06-12 06:37:00,48.3
2025-06-12 22:42:00,74.7
2025-06-12 00:07:00,9.4
2025-06-12 17:37:00,79.8
2025-06-12 09:59:00,11.9
2025-06-12 12:23:00,96.2
2025-06-12 02:09:00,49.776157380139004
2025-06-12 00:24:00,8.4
2025-06-12 15:24:00,42.3
2025-06-12 01:11:00,6.2
2025-06-12 08:46:00,71.6
2025-06-12 07:13:00,43.7
2025-06-12 18:24:00,81.0
2025-06-12 14:10:00,47.0
2025-06-12 21:08:00,39.9
2025-06-12 07:03:00,14.3
2025-06-12 09:53:00,7.7
2025-06-12 21:58:00,67.5
2025-06-12 10:08:00,18.4
2025-06-12 09:01:00,46.7
2025-06-12 16:26:00,57.2
2025-06-12 09:31:00,27.5
2025-06-12 23:42:00,69.0
2025-06-12 03:30:00,43.6
2025-06-12 23:59:00,30.3
2025-06-12 13:16:00,25.4
2025-06-12 07:29:00,68.3
2025-06-12 22:14:00,49.776157380139004
2025-06-12 14:03:00,20.5
2025-06-12 02:01:00,56.2
2025-06-12 15:58:00,49.776157380139004
2025-06-12 13:21:00,26.8
2025-06-12 02:27:00,12.2
2025-06-12 19:32:00,13.6
2025-06-12 08:57:00,49.776157380139004
2025-06-12 06:55:00,91.5
2025-06-12 03:04:00,2.0
2025-06-12 05:27:00,53.6
2025-06-12 14:15:00,49.776157380139004
2025-06-12 10:14:00,24.5
2025-06-12 14:01:00,89.8
2025-06-12 17:23:00,49.776157380139004
2025-06-12 04:49:00,23.1
2025-06-12 21:09:00,70.8
2025-06-12 21:05:00,62.0
2025-06-12 14:34:00,44.4
2025-06-12 15:41:00,16.3
2025-06-12 13:52:00,78.6
2025-06-12 19:04:00,32.8
2025-06-12 15:01:00,41.9
2025-06-12 07:05:00,28.5
2025-06-12 00:46:00,49.776157380139004
2025-06-12 04:56:00,49.0
2025-06-12 12:16:00,45.0
2025-06-12 12:37:00,49.776157380139004
2025-06-12 13:28:00,44.2
2025-06-12 14:28:00,90.1
2025-06-12 04:37:00,66.8
2025-06-12 23:26:00,40.1
2025-06-12 10:03:00,49.776157380139004
2025-06-12 09:56:00,92.9
2025-06-12 13:31:00,9.0
2025-06-12 04:32:00,70.1
2025-06-12 23:18:00,43.2
2025-06-12 05:18:00,71.4
2025-06-12 07:50:00,95.4
2025-06-12 07:54:00,74.3
2025-06-12 00:17:00,28.7
2025-06-12 01:51:00,65.8
2025-06-12 17:55:00,56.7
2025-06-12 13:42:00,7.2
2025-06-12 13:04:00,59.7
2025-06-12 04:22:00,57.1
2025-06-12 12:18:00,45.2
2025-06-12 16:19:00,44.8
2025-06-12 18:37:00,29.5
2025-06-12 14:54:00,35.1
2025-06-12 20:31:00,87.7
2025-06-12 22:40:00,51.3
2025-06-12 10:43:00,99.5
2025-06-12 14:17:00,2.5
2025-06-12 12:33:00,90.9
2025-06-12 07:38:00,64.8
2025-06-12 23:43:00,25.6
2025-06-12 13:49:00,60.9
2025-06-12 15:35:00,49.776157380139004
2025-06-12 06:08:00,81.9
2025-06-12 01:35:00,49.776157380139004
2025-06-12 01:14:00,17.8
2025-06-12 08:45:00,47.4
2025-06-12 21:48:00,57.2
2025-06-12 07:28:00,88.3
2025-06-12 09:32:00,49.776157380139004
2025-06-12 18:30:00,49.776157380139004
2025-06-12 19:46:00,83.5
2025-06-12 21:35:00,34.0
2025-06-12 02:48:00,45.5
2025-06-12 09:27:00,34.9
2025-06-12 18:54:00,65.4
2025-06-12 08:00:00,70.3
2025-06-12 18:36:00,43.9
2025-06-12 20:23:00,19.8
2025-06-12 05:46:00,58.8
2025-06-12 04:41:00,34.3
2025-06-12 01:49:00,49.776157380139004
2025-06-12 02:07:00,23.1
2025-06-12 03:48:00,97.5
2025-06-12 11:21:00,22.0
2025-06-12 07:18:00,49.776157380139004
2025-06-12 12:28:00,62.7
2025-06-12 03:10:00,2.9
2025-06-12 23:19:00,72.6
2025-06-12 18:04:00,63.0
2025-06-12 22:30:00,39.9
2025-06-12 09:29:00,6.7
2025-06-12 06:15:00,0.5
2025-06-12 15:02:00,53.6
2025-06-12 03:20:00,79.8
2025-06-12 04:45:00,77.9
2025-06-12 17:31:00,50.8
2025-06-12 18:31:00,90.4
2025-06-12 17:50:00,16.9
2025-06-12 03:17:00,44.7
2025-06-12 12:13:00,54.7
2025-06-12 19:16:00,95.5
2025-06-12 11:35:00,38.1
2025-06-12 00:03:00,26.4
2025-06-12 06:35:00,87.0
2025-06-12 00:04:00,89.7
2025-06-12 17:05:00,32.9
2025-06-12 02:31:00,49.776157380139004
2025-06-12 01:17:00,21.2
2025-06-12 16:24:00,11.9
2025-06-12 04:19:00,16.4
2025-06-12 08:40:00,50.2
2025-06-12 13:08:00,70.6
2025-06-12 01:33:00,40.5
2025-06-12 18:03:00,96.1
2025-06-12 21:21:00,14.0
2025-06-12 15:45:00,66.7
2025-06-12 17:04:00,59.7
2025-06-12 16:39:00,44.5
2025-06-12 07:39:00,49.776157380139004
2025-06-12 04:30:00,85.1
2025-06-12 04:52:00,48.8
2025-06-12 21:18:00,29.3
2025-06-12 09:49:00,11.5
2025-06-12 17:46:00,58.0
2025-06-12 08:31:00,91.2
2025-06-12 13:19:00,91.0
2025-06-12 21:02:00,96.4
2025-06-12 15:28:00,4.4
2025-06-12 20:08:00,61.8
2025-06-12 17:11:00,91.8
2025-06-12 10:53:00,30.5
2025-06-12 15:32:00,49.776157380139004
2025-06-12 23:20:00,24.3
2025-06-12 20:34:00,28.7
2025-06-12 01:45:00,4.1
2025-06-12 13:00:00,49.776157380139004
2025-06-12 22:32:00,15.0
2025-06-12 12:19:00,49.776157380139004
2025-06-12 04:59:00,0.7
2025-06-12 18:19:00,24.0
2025-06-12 05:00:00,28.1
2025-06-12 00:57:00,49.776157380139004
2025-06-12 07:14:00,49.776157380139004
2025-06-12 19:48:00,5.3
2025-06-12 00:25:00,49.776157380139004
2025-06-12 00:28:00,73.1
2025-06-12 16:13:00,49.776157380139004
2025-06-12 20:49:00,15.2
2025-06-12 22:21:00,48.0
2025-06-12 14:36:00,79.4
2025-06-12 17:32:00,8.9
2025-06-12 15:50:00,44.1
2025-06-12 11:37:00,52.0
2025-06-12 10:52:00,42.7
2025-06-12 10:19:00,46.3
2025-06-12 00:32:00,57.4
2025-06-12 19:44:00,88.3
2025-06-12 19:12:00,95.1
2025-06-12 01:37:00,71.0
2025-06-12 20:20:00,90.9
2025-06-12 22:41:00,49.776157380139004
2025-06-12 21:54:00,50.0
2025-06-12 00:42:00,30.9
2025-06-12 23:35:00,49.776157380139004
2025-06-12 05:57:00,93.1
2025-06-12 20:24:00,83.6
2025-06-12 02:08:00,40.0
2025-06-12 01:27:00,98.0
2025-06-12 22:22:00,63.2
2025-06-12 22:48:00,49.776157380139004
2025-06-12 16:51:00,26.7
2025-06-12 13:17:00,1.1
2025-06-12 02:28:00,96.7
2025-06-12 14:08:00,66.5
2025-06-12 12:01:00,35.8
2025-06-12 08:39:00,85.8
2025-06-12 03:32:00,43.9
2025-06-12 00:22:00,64.2
2025-06-12 18:44:00,49.3
2025-06-12 11:10:00,51.8
2025-06-12 12:56:00,96.9
2025-06-12 06:33:00,85.8
2025-06-12 13:07:00,10.6
2025-06-12 11:47:00,90.3
2025-06-12 08:48:00,74.5
2025-06-12 13:58:00,52.7
2025-06-12 04:07:00,28.2
2025-06-12 06:36:00,98.7
2025-06-12 18:22:00,85.0
2025-06-12 22:03:00,49.776157380139004
2025-06-12 16:20:00,82.4
2025-06-12 12:08:00,23.7
2025-06-12 15:39:00,49.776157380139004
2025-06-12 05:31:00,49.3
2025-06-12 13:40:00,19.7
2025-06-12 22:37:00,95.4
2025-06-12 08:01:00,5.2
2025-06-12 20:00:00,19.9
2025-06-12 20:02:00,63.8
2025-06-12 14:20:00,62.3
2025-06-12 23:14:00,71.3
2025-06-12 04:38:00,43.0
2025-06-12 18:34:00,35.3
2025-06-12 21:51:00,19.5
2025-06-12 18:33:00,25.6
2025-06-12 20:16:00,49.776157380139004
2025-06-12 19:53:00,71.5
2025-06-12 10:16:00,36.0
2025-06-12 14:32:00,49.776157380139004
2025-06-12 00:00:00,68.3
2025-06-12 20:09:00,11.4
2025-06-12 17:02:00,85.9
2025-06-12 18:11:00,49.776157380139004
2025-06-12 05:11:00,56.1
2025-06-12 06:58:00,64.7
2025-06-12 21:17:00,67.2
2025-06-12 21:15:00,49.776157380139004
2025-06-12 15:23:00,49.1
2025-06-12 12:34:00,45.6
2025-06-12 04:06:00,66.8
2025-06-12 12:49:00,65.9
2025-06-12 04:54:00,3.3
2025-06-12 22:27:00,26.9
2025-06-12 06:03:00,58.2
2025-06-12 13:44:00,4.3
2025-06-12 19:23:00,11.1
2025-06-12 05:44:00,49.776157380139004
2025-06-12 21:56:00,34.9
2025-06-12 14:13:00,49.776157380139004
2025-06-12 10:35:00,3.4
2025-06-12 06:54:00,49.776157380139004
2025-06-12 18:50:00,65.8
2025-06-12 16:56:00,24.3
2025-06-12 04:29:00,77.6
2025-06-12 19:22:00,82.6
2025-06-12 21:13:00,3.9
2025-06-12 06:16:00,59.7
2025-06-12 18:38:00,49.776157380139004
2025-06-12 12:09:00,33.4
2025-06-12 13:39:00,72.2
2025-06-12 22:58:00,1.3
2025-06-12 19:27:00,8.8
2025-06-12 02:24:00,61.3
2025-06-12 13:11:00,59.5
2025-06-12 01:59:00,60.4
2025-06-12 06:17:00,31.1
2025-06-12 10:36:00,10.0
2025-06-12 19:51:00,98.8
2025-06-12 11:27:00,49.776157380139004
2025-06-12 14:04:00,84.5
2025-06-12 12:05:00,49.776157380139004
2025-06-12 14:29:00,62.6
2025-06-12 16:52:00,22.4
2025-06-12 16:06:00,74.1
2025-06-12 02:50:00,65.4
2025-06-12 23:09:00,92.5
2025-06-12 12:42:00,33.8
2025-06-12 01:29:00,46.9
2025-06-12 18:16:00,95.0
2025-06-12 07:13:00,35.6
2025-06-12 11:14:00,85.0
2025-06-12 15:09:00,49.81767540251498
2025-06-12 21:47:00,32.2
2025-06-12 18:36:00,12.9
2025-06-12 06:57:00,49.81767540251498
2025-06-12 13:26:00,18.0
2025-06-12 09:26:00,26.7
2025-06-12 22:24:00,84.6
2025-06-12 22:11:00,59.4
2025-06-12 23:13:00,35.1
2025-06-12 11:01:00,25.0
2025-06-12 09:32:00,6.9
2025-06-12 06:36:00,49.81767540251498
2025-06-12 23:05:00,71.4
2025-06-12 19:18:00,98.1
2025-06-12 16:37:00,17.1
2025-06-12 05:15:00,66.6
2025-06-12 17:51:00,49.81767540251498
2025-06-12 03:19:00,49.81767540251498
2025-06-12 18:07:00,33.9
2025-06-12 03:58:00,56.9
2025-06-12 16:19:00,49.81767540251498
2025-06-12 04:24:00,74.8
2025-06-12 07:18:00,93.8
2025-06-12 04:13:00,38.3
2025-06-12 07:24:00,72.4
2025-06-12 20:54:00,69.4
2025-06-12 23:57:00,64.6
2025-06-12 22:44:00,83.6
2025-06-12 02:56:00,66.7
2025-06-12 10:59:00,31.8
2025-06-12 04:28:00,71.6
2025-06-12 12:40:00,55.2
2025-06-12 06:40:00,24.5
2025-06-12 23:53:00,29.2
2025-06-12 20:52:00,33.1
2025-06-12 06:37:00,49.81767540251498
2025-06-12 18:34:00,29.3
2025-06-12 01:45:00,40.5
2025-06-12 11:33:00,31.4
2025-06-12 00:31:00,87.1
2025-06-12 06:19:00,41.8
2025-06-12 17:02:00,0.4
2025-06-12 05:43:00,0.3
2025-06-12 01:16:00,49.81767540251498
2025-06-12 12:30:00,47.9
2025-06-12 04:01:00,35.4
2025-06-12 23:34:00,11.3
2025-06-12 21:48:00,38.5
2025-06-12 13:37:00,60.0
2025-06-12 07:33:00,50.4
2025-06-12 02:22:00,20.3
2025-06-12 08:38:00,95.0
2025-06-12 02:33:00,49.81767540251498
2025-06-12 14:05:00,27.1
2025-06-12 19:53:00,82.6
2025-06-12 07:51:00,24.2
2025-06-12 19:38:00,48.5
2025-06-12 19:43:00,44.9
2025-06-12 11:57:00,40.0
2025-06-12 03:53:00,74.3
2025-06-12 01:59:00,49.81767540251498
2025-06-12 08:47:00,49.81767540251498
2025-06-12 02:59:00,35.5
2025-06-12 09:59:00,92.4
2025-06-12 10:26:00,15.8
2025-06-12 23:02:00,70.6
2025-06-12 07:35:00,35.9
2025-06-12 03:14:00,30.4
2025-06-12 20:04:00,59.2
2025-06-12 08:34:00,69.0
2025-06-12 08:07:00,49.81767540251498
2025-06-12 14:08:00,13.7
2025-06-12 06:38:00,12.3
2025-06-12 07:11:00,88.7
2025-06-12 00:35:00,63.8
2025-06-12 22:07:00,33.9
2025-06-12 12:29:00,72.2
2025-06-12 23:51:00,60.1
2025-06-12 15:00:00,49.81767540251498
2025-06-12 16:03:00,77.7
2025-06-12 16:07:00,30.1
2025-06-12 07:30:00,37.7
2025-06-12 14:03:00,98.8
2025-06-12 21:23:00,49.81767540251498
2025-06-12 16:40:00,97.1
2025-06-12 11:36:00,29.3
2025-06-12 09:20:00,65.9
2025-06-12 19:21:00,99.3
2025-06-12 07:15:00,3.8
2025-06-12 11:43:00,25.0
2025-06-12 23:30:00,66.8
2025-06-12 01:35:00,42.8
2025-06-12 07:45:00,55.2
2025-06-12 01:30:00,68.1
2025-06-12 06:53:00,31.0
2025-06-12 20:45:00,62.4
2025-06-12 01:56:00,69.0
2025-06-12 06:05:00,28.4
2025-06-12 13:48:00,27.4
2025-06-12 07:27:00,48.4
2025-06-12 20:16:00,82.9
2025-06-12 18:19:00,26.8
2025-06-12 10:05:00,43.6
2025-06-12 07:57:00,78.1
2025-06-12 05:59:00,3.8
2025-06-12 23:01:00,90.4
2025-06-12 00:54:00,99.2
2025-06-12 17:57:00,60.7
2025-06-12 00:11:00,49.5
2025-06-12 01:20:00,37.0
2025-06-12 20:59:00,54.7
2025-06-12 09:09:00,49.81767540251498
2025-06-12 02:10:00,7.9
2025-06-12 05:28:00,81.9
2025-06-12 12:22:00,19.2
2025-06-12 22:57:00,67.7
2025-06-12 12:19:00,28.8
2025-06-12 16:17:00,23.1
2025-06-12 03:39:00,19.0
2025-06-12 08:29:00,56.6
2025-06-12 19:15:00,94.9
2025-06-12 13:16:00,83.0
2025-06-12 20:53:00,96.6
2025-06-12 14:09:00,80.5
2025-06-12 16:34:00,49.81767540251498
2025-06-12 12:45:00,88.0
2025-06-12 04:25:00,39.7
2025-06-12 09:19:00,32.5
2025-06-12 14:29:00,52.8
2025-06-12 05:19:00,8.5
2025-06-12 16:14:00,52.2
2025-06-12 01:28:00,40.7
2025-06-12 08:57:00,84.7
2025-06-12 08:25:00,39.8
2025-06-12 21:32:00,39.3
2025-06-12 10:03:00,7.9
2025-06-12 07:47:00,5.4
2025-06-12 17:44:00,95.8
2025-06-12 18:02:00,49.81767540251498
2025-06-12 14:28:00,69.3
2025-06-12 17:23:00,49.81767540251498
2025-06-12 07:52:00,32.4
2025-06-12 11:00:00,72.1
2025-06-12 23:21:00,52.7
2025-06-12 04:35:00,46.2
2025-06-12 17:19:00,79.4
2025-06-12 07:55:00,49.81767540251498
2025-06-12 02:36:00,49.81767540251498
2025-06-12 04:11:00,12.9
2025-06-12 01:11:00,83.6
2025-06-12 00:07:00,51.8
2025-06-12 08:33:00,49.81767540251498
2025-06-12 16:11:00,1.5
2025-06-12 01:26:00,40.2
2025-06-12 21:20:00,45.6
2025-06-12 13:54:00,14.0
2025-06-12 11:39:00,69.6
2025-06-12 16:20:00,49.81767540251498
2025-06-12 14:58:00,82.4
2025-06-12 10:15:00,67.1
2025-06-12 13:41:00,81.0
2025-06-12 01:15:00,49.81767540251498
2025-06-12 11:40:00,92.1
2025-06-12 09:03:00,88.1
2025-06-12 03:09:00,18.5
2025-06-12 03:15:00,20.1
2025-06-12 12:26:00,29.5
2025-06-12 04:52:00,49.81767540251498
2025-06-12 19:32:00,61.0
2025-06-12 19:02:00,54.3
2025-06-12 09:29:00,72.6
2025-06-12 02:43:00,72.5
2025-06-12 00:19:00,84.5
2025-06-12 20:57:00,50.7
2025-06-12 00:10:00,25.9
2025-06-12 20:15:00,90.8
2025-06-12 13:34:00,13.7
2025-06-12 04:34:00,7.4
2025-06-12 20:11:00,49.81767540251498
2025-06-12 13:21:00,49.81767540251498
2025-06-12 23:00:00,47.1
2025-06-12 05:12:00,82.0
2025-06-12 12:49:00,26.1
2025-06-12 16:38:00,49.81767540251498
2025-06-12 16:27:00,49.81767540251498
2025-06-12 21:40:00,26.9
2025-06-12 05:25:00,53.2
2025-06-12 01:44:00,95.3
2025-06-12 22:58:00,96.4
2025-06-12 08:05:00,15.6
2025-06-12 22:59:00,49.81767540251498
2025-06-12 22:49:00,67.9
2025-06-12 21:02:00,49.81767540251498
2025-06-12 11:58:00,86.8
2025-06-12 06:23:00,58.9
2025-06-12 11:26:00,49.81767540251498
2025-06-12 09:11:00,62.5
2025-06-12 21:37:00,81.4
2025-06-12 16:55:00,49.81767540251498
2025-06-12 02:03:00,93.7
2025-06-12 13:51:00,47.8
2025-06-12 01:33:00,86.0
2025-06-12 18:06:00,0.6
2025-06-12 19:23:00,49.81767540251498
2025-06-12 18:35:00,13.1
2025-06-12 08:44:00,23.1
2025-06-12 05:50:00,49.81767540251498
2025-06-12 14:06:00,95.1
2025-06-12 05:42:00,98.3
2025-06-12 00:18:00,60.7
2025-06-12 21:16:00,7.2
2025-06-12 19:24:00,61.6
2025-06-12 08:00:00,70.3
2025-06-12 01:25:00,58.1
2025-06-12 02:27:00,49.81767540251498
2025-06-12 05:33:00,24.8
2025-06-12 10:55:00,45.4
2025-06-12 18:55:00,63.7
2025-06-12 23:55:00,49.81767540251498
2025-06-12 12:58:00,49.81767540251498
2025-06-12 06:22:00,49.81767540251498
2025-06-12 09:21:00,94.4
2025-06-12 17:15:00,48.1
2025-06-12 16:29:00,0.6
2025-06-12 13:35:00,87.0
2025-06-12 20:34:00,92.1
2025-06-12 14:36:00,40.7
2025-06-12 00:21:00,24.2
2025-06-12 17:03:00,21.6
2025-06-12 01:54:00,91.9
2025-06-12 16:59:00,34.7
2025-06-12 18:50:00,7.6
2025-06-12 09:13:00,10.8
2025-06-12 23:48:00,35.9
2025-06-12 16:04:00,54.8
2025-06-12 20:08:00,89.1
2025-06-12 19:47:00,66.8
2025-06-12 18:00:00,0.4
2025-06-12 10:14:00,23.3
2025-06-12 04:51:00,86.6
2025-06-12 17:49:00,16.7
2025-06-12 05:24:00,93.4
2025-06-12 16:42:00,9.7
2025-06-12 12:01:00,80.0
2025-06-12 12:15:00,91.9
2025-06-12 14:24:00,49.81767540251498
2025-06-12 11:12:00,37.3
2025-06-12 23:40:00,61.1
2025-06-12 09:05:00,97.0
2025-06-12 15:48:00,62.2
2025-06-12 17:10:00,49.81767540251498
2025-06-12 01:52:00,51.0
2025-06-12 06:35:00,49.81767540251498
2025-06-12 22:10:00,88.7
2025-06-12 17:46:00,39.0
2025-06-12 23:22:00,79.3
2025-06-12 14:19:00,98.6
2025-06-12 10:10:00,80.5
2025-06-12 23:16:00,49.81767540251498
2025-06-12 18:53:00,49.81767540251498
2025-06-12 03:11:00,94.2
2025-06-12 02:08:00,76.4
2025-06-12 10:52:00,49.81767540251498
2025-06-12 13:45:00,56.1
2025-06-12 19:00:00,49.81767540251498
2025-06-12 06:00:00,55.3
2025-06-12 08:48:00,66.0
2025-06-12 11:13:00,49.81767540251498
2025-06-12 09:24:00,32.6
2025-06-12 23:27:00,49.81767540251498
2025-06-12 00:55:00,36.8
2025-06-12 12:35:00,72.6
2025-06-12 11:15:00,49.81767540251498
2025-06-12 10:49:00,49.9
2025-06-12 21:14:00,67.2
2025-06-12 03:22:00,13.4
2025-06-12 17:53:00,49.81767540251498
2025-06-12 22:05:00,89.1
2025-06-12 08:30:00,96.2
2025-06-12 13:07:00,83.5
2025-06-12 08:24:00,13.9
2025-06-12 03:16:00,0.0
2025-06-12 09:34:00,39.1
2025-06-12 06:21:00,71.6
2025-06-12 17:47:00,69.1
2025-06-12 15:05:00,66.2
2025-06-12 20:50:00,47.9
2025-06-12 17:13:00,49.81767540251498
2025-06-12 15:43:00,37.4
2025-06-12 21:54:00,49.81767540251498
2025-06-12 18:10:00,64.2
2025-06-12 04:18:00,16.8
2025-06-12 14:42:00,12.8
2025-06-12 04:03:00,50.0
2025-06-12 23:45:00,77.5
2025-06-12 01:58:00,49.81767540251498
2025-06-12 14:44:00,59.0
2025-06-12 08:50:00,9.0
2025-06-12 06:54:00,74.9
2025-06-12 18:23:00,96.8
2025-06-12 10:41:00,67.6
2025-06-12 13:10:00,64.9
2025-06-12 10:44:00,24.0
2025-06-12 07:32:00,65.7
2025-06-12 21:58:00,49.81767540251498
2025-06-12 17:22:00,10.9
2025-06-12 13:20:00,86.8
2025-06-12 08:04:00,14.1
2025-06-12 00:08:00,68.7
2025-06-12 03:52:00,49.791111632270166
2025-06-12 19:00:00,66.4
2025-06-12 17:02:00,94.5
2025-06-12 11:04:00,49.791111632270166
2025-06-12 11:44:00,19.2
2025-06-12 05:43:00,5.3
2025-06-12 01:16:00,16.2
2025-06-12 00:39:00,66.1
2025-06-12 10:17:00,32.6
2025-06-12 18:01:00,72.4
2025-06-12 17:29:00,75.5
2025-06-12 03:48:00,60.8
2025-06-12 20:25:00,49.791111632270166
2025-06-12 12:11:00,73.2
2025-06-12 22:03:00,71.1
2025-06-12 00:32:00,26.3
2025-06-12 20:32:00,53.5
2025-06-12 05:39:00,11.0
2025-06-12 01:02:00,96.9
2025-06-12 21:10:00,44.1
2025-06-12 02:02:00,13.5
2025-06-12 15:38:00,11.1
2025-06-12 23:00:00,88.7
2025-06-12 03:53:00,49.791111632270166
2025-06-12 03:29:00,52.7
2025-06-12 11:59:00,56.7
2025-06-12 23:12:00,6.6
2025-06-12 19:55:00,79.4
2025-06-12 11:33:00,31.0
2025-06-12 09:57:00,46.2
2025-06-12 07:01:00,93.4
2025-06-12 18:18:00,7.0
2025-06-12 03:04:00,80.4
2025-06-12 14:11:00,49.791111632270166
2025-06-12 21:14:00,72.2
2025-06-12 21:50:00,62.0
2025-06-12 04:00:00,25.7
2025-06-12 18:36:00,94.9
2025-06-12 20:52:00,1.3
2025-06-12 17:10:00,94.6
2025-06-12 19:47:00,41.5
2025-06-12 19:42:00,49.791111632270166
2025-06-12 14:45:00,78.4
2025-06-12 12:35:00,60.3
2025-06-12 17:47:00,46.8
2025-06-12 21:33:00,62.1
2025-06-12 08:40:00,42.6
2025-06-12 20:16:00,97.5
2025-06-12 04:38:00,90.2
2025-06-12 03:20:00,49.791111632270166
2025-06-12 09:42:00,99.8
2025-06-12 12:40:00,53.9
2025-06-12 13:15:00,40.8
2025-06-12 13:47:00,23.9
2025-06-12 16:55:00,49.791111632270166
2025-06-12 18:40:00,27.4
2025-06-12 21:25:00,49.791111632270166
2025-06-12 06:04:00,49.791111632270166
2025-06-12 23:16:00,60.0
2025-06-12 02:58:00,52.6
2025-06-12 12:39:00,25.6
2025-06-12 12:44:00,49.791111632270166
2025-06-12 04:09:00,43.1
2025-06-12 14:56:00,94.6
2025-06-12 03:42:00,64.8
2025-06-12 13:59:00,49.791111632270166
2025-06-12 05:22:00,33.5
2025-06-12 03:36:00,49.791111632270166
2025-06-12 10:07:00,7.0
2025-06-12 02:10:00,12.3
2025-06-12 19:36:00,20.7
2025-06-12 13:14:00,35.2
2025-06-12 19:33:00,43.3
2025-06-12 03:19:00,73.5
2025-06-12 20:12:00,40.9
2025-06-12 10:28:00,43.1
2025-06-12 02:04:00,82.3
2025-06-12 04:41:00,59.2
2025-06-12 22:57:00,51.9
2025-06-12 13:05:00,47.6
2025-06-12 19:38:00,22.2
2025-06-12 12:09:00,44.5
2025-06-12 16:53:00,35.8
2025-06-12 19:57:00,59.1
2025-06-12 11:18:00,68.2
2025-06-12 15:56:00,87.9
2025-06-12 22:53:00,49.791111632270166
2025-06-12 22:36:00,2.6
2025-06-12 00:07:00,78.5
2025-06-12 02:59:00,12.5
2025-06-12 10:20:00,15.2
2025-06-12 00:04:00,10.9
2025-06-12 09:09:00,89.3
2025-06-12 01:40:00,49.791111632270166
2025-06-12 03:09:00,9.3
2025-06-12 22:54:00,4.9
2025-06-12 01:49:00,40.0
2025-06-12 02:13:00,15.7
2025-06-12 08:03:00,49.791111632270166
2025-06-12 05:50:00,14.5
2025-06-12 14:30:00,2.0
2025-06-12 06:43:00,46.3
2025-06-12 06:59:00,3.6
2025-06-12 19:02:00,3.7
2025-06-12 07:10:00,73.2
2025-06-12 01:45:00,8.7
2025-06-12 08:06:00,60.3
2025-06-12 05:01:00,22.9
2025-06-12 15:07:00,13.9
2025-06-12 19:40:00,62.0
2025-06-12 03:00:00,67.5
2025-06-12 23:01:00,69.4
2025-06-12 06:52:00,2.6
2025-06-12 11:10:00,94.2
2025-06-12 20:09:00,83.9
2025-06-12 11:26:00,61.2
2025-06-12 14:01:00,20.7
2025-06-12 07:34:00,42.5
2025-06-12 17:59:00,59.6
2025-06-12 06:56:00,54.9
2025-06-12 05:41:00,34.9
2025-06-12 21:47:00,95.1
2025-06-12 21:08:00,49.791111632270166
2025-06-12 16:05:00,67.3
2025-06-12 06:38:00,74.0
2025-06-12 16:21:00,30.4
2025-06-12 21:11:00,16.8
2025-06-12 20:39:00,57.8
2025-06-12 07:59:00,65.4
2025-06-12 16:50:00,60.8
2025-06-12 06:18:00,18.7
2025-06-12 13:57:00,16.4
2025-06-12 06:41:00,49.791111632270166
2025-06-12 19:19:00,41.1
2025-06-12 09:24:00,7.2
2025-06-12 05:54:00,19.2
2025-06-12 12:16:00,49.791111632270166
2025-06-12 05:34:00,10.5
2025-06-12 12:59:00,82.6
2025-06-12 16:39:00,40.0
2025-06-12 03:08:00,83.1
2025-06-12 23:38:00,51.9
2025-06-12 17:30:00,21.2
2025-06-12 01:47:00,75.5
2025-06-12 02:55:00,59.2
2025-06-12 05:18:00,58.0
2025-06-12 08:51:00,54.1
2025-06-12 11:55:00,50.0
2025-06-12 02:52:00,49.791111632270166
2025-06-12 00:38:00,64.8
2025-06-12 04:25:00,77.8
2025-06-12 15:06:00,6.0
2025-06-12 08:27:00,49.791111632270166
2025-06-12 04:49:00,61.2
2025-06-12 12:13:00,45.7
2025-06-12 20:17:00,12.7
2025-06-12 23:02:00,67.0
2025-06-12 02:01:00,49.791111632270166
2025-06-12 23:14:00,73.9
2025-06-12 19:43:00,63.4
2025-06-12 23:44:00,30.1
2025-06-12 10:23:00,30.5
2025-06-12 02:51:00,33.7
2025-06-12 16:25:00,99.8
2025-06-12 14:57:00,54.2
2025-06-12 19:54:00,28.3
2025-06-12 06:32:00,21.6
2025-06-12 22:08:00,95.5
2025-06-12 07:36:00,49.791111632270166
2025-06-12 06:33:00,29.6
2025-06-12 15:17:00,49.791111632270166
2025-06-12 10:35:00,39.4
2025-06-12 00:10:00,14.8
2025-06-12 20:08:00,96.7
2025-06-12 02:28:00,24.0
2025-06-12 00:00:00,99.6
2025-06-12 07:37:00,76.9
2025-06-12 06:21:00,46.7
2025-06-12 11:05:00,70.1
2025-06-12 04:47:00,97.8
2025-06-12 06:03:00,79.9
2025-06-12 00:20:00,42.9
2025-06-12 11:35:00,31.1
2025-06-12 07:05:00,36.3
2025-06-12 06:53:00,49.791111632270166
2025-06-12 18:03:00,84.5
2025-06-12 14:23:00,38.1
2025-06-12 02:54:00,68.0
2025-06-12 06:00:00,72.1
2025-06-12 19:23:00,97.0
2025-06-12 16:46:00,49.791111632270166
2025-06-12 17:43:00,49.791111632270166
2025-06-12 18:05:00,21.8
2025-06-12 05:40:00,90.5
2025-06-12 13:33:00,49.791111632270166
2025-06-12 18:52:00,6.2
2025-06-12 16:09:00,14.2
2025-06-12 03:31:00,19.6
2025-06-12 09:06:00,86.6
2025-06-12 10:37:00,77.7
2025-06-12 22:24:00,39.8
2025-06-12 06:11:00,2.8
2025-06-12 08:17:00,49.791111632270166
2025-06-12 21:32:00,80.5
2025-06-12 01:31:00,46.0
2025-06-12 15:20:00,49.791111632270166
2025-06-12 01:58:00,80.2
2025-06-12 12:43:00,17.6
2025-06-12 19:22:00,98.7
2025-06-12 07:06:00,49.791111632270166
2025-06-12 02:20:00,29.1
2025-06-12 19:41:00,66.7
2025-06-12 02:08:00,49.791111632270166
2025-06-12 04:34:00,74.3
2025-06-12 02:30:00,49.791111632270166
2025-06-12 04:31:00,95.1
2025-06-12 19:37:00,96.2
2025-06-12 10:15:00,9.7
2025-06-12 18:56:00,66.8
2025-06-12 14:16:00,68.7
2025-06-12 05:56:00,39.5
2025-06-12 18:17:00,51.1
2025-06-12 16:31:00,6.5
2025-06-12 13:31:00,49.791111632270166
2025-06-12 23:41:00,82.8
2025-06-12 11:08:00,49.791111632270166
2025-06-12 12:52:00,95.4
2025-06-12 19:53:00,49.791111632270166
2025-06-12 22:22:00,99.8
2025-06-12 16:11:00,69.6
2025-06-12 20:26:00,6.1
2025-06-12 08:38:00,46.3
2025-06-12 17:56:00,5.3
2025-06-12 09:43:00,20.7
2025-06-12 22:40:00,49.791111632270166
2025-06-12 10:34:00,44.4
2025-06-12 02:21:00,47.8
2025-06-12 19:49:00,76.4
2025-06-12 09:04:00,14.1
2025-06-12 12:21:00,89.8
2025-06-12 21:02:00,53.0
2025-06-12 10:04:00,28.0
2025-06-12 09:40:00,2.5
2025-06-12 12:56:00,49.791111632270166
2025-06-12 23:10:00,61.8
2025-06-12 20:43:00,7.9
2025-06-12 10:59:00,1.7
2025-06-12 12:46:00,16.1
2025-06-12 08:56:00,33.5
2025-06-12 09:46:00,72.9
2025-06-12 09:05:00,4.5
2025-06-12 15:00:00,63.5
2025-06-12 23:23:00,91.3
2025-06-12 07:22:00,70.6
2025-06-12 01:33:00,5.6
2025-06-12 15:31:00,55.3
2025-06-12 16:42:00,97.9
2025-06-12 19:15:00,65.5
2025-06-12 06:01:00,4.8
2025-06-12 23:35:00,59.7
2025-06-12 12:08:00,36.0
2025-06-12 16:36:00,98.5
2025-06-12 21:21:00,73.0
2025-06-12 08:13:00,6.6
2025-06-12 07:43:00,77.0
2025-06-12 09:55:00,17.6
2025-06-12 13:10:00,52.4
2025-06-12 08:25:00,55.2
2025-06-12 18:30:00,38.6
2025-06-12 03:23:00,94.1
2025-06-12 04:55:00,49.6
2025-06-12 07:53:00,88.5
2025-06-12 02:34:00,2.5
2025-06-12 13:01:00,14.4
2025-06-12 16:10:00,29.1
2025-06-12 14:24:00,50.406503298774744
2025-06-12 00:26:00,9.9
2025-06-12 04:16:00,6.6
2025-06-12 23:43:00,5.8
2025-06-12 03:41:00,50.406503298774744
2025-06-12 15:06:00,79.8
2025-06-12 14:46:00,64.5
2025-06-12 10:46:00,56.3
2025-06-12 00:29:00,64.9
2025-06-12 11:11:00,50.406503298774744
2025-06-12 02:19:00,50.406503298774744
2025-06-12 04:35:00,41.3
2025-06-12 00:52:00,50.406503298774744
2025-06-12 01:34:00,50.406503298774744
2025-06-12 04:40:00,78.6
2025-06-12 14:08:00,12.0
2025-06-12 12:35:00,18.0
2025-06-12 19:37:00,50.406503298774744
2025-06-12 19:29:00,68.8
2025-06-12 08:54:00,15.7
2025-06-12 14:31:00,38.8
2025-06-12 00:28:00,9.4
2025-06-12 11:38:00,1.4
2025-06-12 19:58:00,58.7
2025-06-12 07:37:00,41.8
2025-06-12 00:15:00,43.6
2025-06-12 18:59:00,78.5
2025-06-12 02:51:00,49.8
2025-06-12 11:59:00,78.8
2025-06-12 21:50:00,35.5
2025-06-12 07:56:00,50.406503298774744
2025-06-12 16:18:00,3.7
2025-06-12 17:00:00,18.3
2025-06-12 13:49:00,50.406503298774744
2025-06-12 03:46:00,89.8
2025-06-12 03:33:00,44.2
2025-06-12 17:39:00,50.406503298774744
2025-06-12 20:54:00,50.406503298774744
2025-06-12 13:16:00,90.7
2025-06-12 13:33:00,18.6
2025-06-12 06:13:00,18.3
2025-06-12 09:29:00,50.406503298774744
2025-06-12 12:24:00,34.7
2025-06-12 12:00:00,1.1
2025-06-12 07:11:00,50.406503298774744
2025-06-12 20:23:00,38.5
2025-06-12 06:53:00,92.9
2025-06-12 03:43:00,57.1
2025-06-12 09:23:00,30.6
2025-06-12 21:35:00,95.8
2025-06-12 00:59:00,25.9
2025-06-12 01:08:00,50.406503298774744
2025-06-12 06:30:00,50.406503298774744
2025-06-12 02:14:00,60.5
2025-06-12 19:52:00,33.0
2025-06-12 01:52:00,60.5
2025-06-12 03:48:00,50.406503298774744
2025-06-12 21:36:00,50.406503298774744
2025-06-12 15:29:00,50.406503298774744
2025-06-12 15:47:00,95.2
2025-06-12 14:35:00,84.7
2025-06-12 11:01:00,90.6
2025-06-12 03:11:00,65.3
2025-06-12 19:45:00,0.3
2025-06-12 04:36:00,73.9
2025-06-12 02:40:00,50.406503298774744
2025-06-12 23:10:00,69.9
2025-06-12 02:37:00,70.4
2025-06-12 12:36:00,40.7
2025-06-12 18:07:00,11.8
2025-06-12 03:40:00,78.0
2025-06-12 11:08:00,2.8
2025-06-12 01:02:00,50.406503298774744
2025-06-12 16:00:00,65.5
2025-06-12 15:50:00,30.2
2025-06-12 07:48:00,50.406503298774744
2025-06-12 22:36:00,19.7
2025-06-12 01:33:00,63.7
2025-06-12 08:59:00,91.8
2025-06-12 21:52:00,50.406503298774744
2025-06-12 11:21:00,82.5
2025-06-12 20:03:00,57.5
2025-06-12 11:22:00,50.406503298774744
2025-06-12 08:18:00,65.0
2025-06-12 15:14:00,14.0
2025-06-12 19:17:00,21.9
2025-06-12 17:06:00,50.406503298774744
2025-06-12 23:57:00,86.0
2025-06-12 02:06:00,65.7
2025-06-12 12:39:00,53.4
2025-06-12 05:13:00,68.2
2025-06-12 09:16:00,77.1
2025-06-12 21:01:00,48.1
2025-06-12 16:38:00,86.5
2025-06-12 08:52:00,13.8
2025-06-12 15:38:00,51.1
2025-06-12 06:20:00,4.0
2025-06-12 14:26:00,50.406503298774744
2025-06-12 01:15:00,37.7
2025-06-12 18:16:00,80.9
2025-06-12 03:15:00,4.0
2025-06-12 04:53:00,35.3
2025-06-12 02:36:00,73.9
2025-06-12 16:23:00,48.5
2025-06-12 14:44:00,15.7
2025-06-12 13:11:00,50.406503298774744
2025-06-12 04:48:00,74.7
2025-06-12 00:35:00,11.4
2025-06-12 07:55:00,64.2
2025-06-12 08:36:00,58.9
2025-06-12 21:47:00,75.3
2025-06-12 01:46:00,84.2
2025-06-12 09:18:00,76.1
2025-06-12 06:14:00,81.1
2025-06-12 04:14:00,50.406503298774744
2025-06-12 02:47:00,50.406503298774744
2025-06-12 16:14:00,92.7
2025-06-12 03:38:00,18.5
2025-06-12 14:18:00,8.7
2025-06-12 12:49:00,15.6
2025-06-12 17:46:00,83.0
2025-06-12 13:24:00,45.7
2025-06-12 21:43:00,83.8
2025-06-12 17:35:00,50.406503298774744
2025-06-12 02:33:00,50.406503298774744
2025-06-12 16:05:00,50.406503298774744
2025-06-12 19:19:00,2.5
2025-06-12 13:45:00,13.1
2025-06-12 22:15:00,37.6
2025-06-12 21:07:00,89.2
2025-06-12 23:15:00,8.2
2025-06-12 22:40:00,99.2
2025-06-12 04:32:00,73.1
2025-06-12 14:34:00,50.406503298774744
2025-06-12 08:03:00,13.4
2025-06-12 01:06:00,10.7
2025-06-12 03:57:00,27.5
2025-06-12 20:00:00,5.0
2025-06-12 11:41:00,90.6
2025-06-12 14:58:00,23.3
2025-06-12 02:59:00,13.6
2025-06-12 05:41:00,74.9
2025-06-12 13:34:00,45.4
2025-06-12 23:32:00,3.3
2025-06-12 01:00:00,31.1
2025-06-12 02:07:00,32.9
2025-06-12 16:33:00,21.9
2025-06-12 16:06:00,37.8
2025-06-12 20:24:00,16.7
2025-06-12 04:29:00,14.5
2025-06-12 12:44:00,50.406503298774744
2025-06-12 14:19:00,91.1
2025-06-12 17:30:00,76.7
2025-06-12 14:42:00,15.2
2025-06-12 08:00:00,21.7
2025-06-12 14:20:00,17.6
2025-06-12 15:31:00,0.1
2025-06-12 19:55:00,88.7
2025-06-12 11:28:00,50.406503298774744
2025-06-12 05:50:00,7.3
2025-06-12 08:23:00,64.9
2025-06-12 21:44:00,50.406503298774744
2025-06-12 14:11:00,80.4
2025-06-12 09:06:00,31.1
2025-06-12 06:12:00,80.0
2025-06-12 00:38:00,27.0
2025-06-12 15:46:00,50.406503298774744
2025-06-12 07:57:00,12.3
2025-06-12 02:39:00,53.5
2025-06-12 06:15:00,58.9
2025-06-12 19:04:00,46.3
2025-06-12 23:44:00,61.2
2025-06-12 00:49:00,22.6
2025-06-12 13:14:00,23.4
2025-06-12 01:37:00,30.3
2025-06-12 22:27:00,14.6
2025-06-12 17:57:00,23.7
2025-06-12 18:34:00,48.1
2025-06-12 04:51:00,31.6
2025-06-12 18:49:00,50.406503298774744
2025-06-12 03:05:00,28.8
2025-06-12 23:47:00,50.406503298774744
2025-06-12 09:14:00,50.406503298774744
2025-06-12 14:41:00,92.7
2025-06-12 16:21:00,52.3
2025-06-12 07:16:00,78.2
2025-06-12 19:20:00,78.3
2025-06-12 04:00:00,95.4
2025-06-12 14:50:00,79.5
2025-06-12 18:40:00,2.5
2025-06-12 18:15:00,79.0
2025-06-12 02:48:00,45.1
2025-06-12 13:28:00,4.5
2025-06-12 11:32:00,20.6
2025-06-12 21:17:00,35.7
2025-06-12 22:23:00,45.4
2025-06-12 09:10:00,33.8
2025-06-12 13:26:00,99.2
2025-06-12 05:15:00,39.6
2025-06-12 23:34:00,21.0
2025-06-12 23:22:00,50.406503298774744
2025-06-12 07:28:00,50.406503298774744
2025-06-12 11:13:00,76.6
2025-06-12 22:17:00,57.3
2025-06-12 07:44:00,50.406503298774744
2025-06-12 20:55:00,67.9
2025-06-12 10:57:00,69.6
2025-06-12 22:16:00,83.6
2025-06-12 03:06:00,30.0
2025-06-12 15:40:00,50.406503298774744
2025-06-12 21:03:00,49.1
2025-06-12 20:20:00,42.1
2025-06-12 09:22:00,50.0
2025-06-12 14:21:00,6.1
2025-06-12 11:54:00,69.3
2025-06-12 18:25:00,51.0
2025-06-12 21:46:00,1.3
2025-06-12 00:34:00,47.8
2025-06-12 08:39:00,78.5
2025-06-12 19:57:00,42.9
2025-06-12 06:39:00,60.8
2025-06-12 20:51:00,28.3
2025-06-12 19:15:00,77.6
2025-06-12 09:53:00,65.7
2025-06-12 14:04:00,74.4
2025-06-12 01:14:00,19.7
2025-06-12 22:55:00,81.2
2025-06-12 00:13:00,21.4
2025-06-12 02:20:00,15.2
2025-06-12 00:24:00,99.7
2025-06-12 08:35:00,8.2
2025-06-12 18:14:00,81.8
2025-06-12 04:41:00,49.0
2025-06-12 23:53:00,76.7
2025-06-12 12:52:00,50.406503298774744
2025-06-12 19:44:00,48.3
2025-06-12 14:07:00,99.7
2025-06-12 04:05:00,93.2
2025-06-12 04:38:00,50.406503298774744
2025-06-12 10:48:00,97.8
2025-06-12 10:31:00,50.406503298774744
2025-06-12 13:31:00,50.406503298774744
2025-06-12 05:03:00,21.8
2025-06-12 12:56:00,46.2
2025-06-12 11:48:00,77.5
2025-06-12 06:08:00,50.406503298774744
2025-06-12 12:20:00,62.4
2025-06-12 22:48:00,22.0
2025-06-12 17:42:00,13.4
2025-06-12 07:54:00,35.9
2025-06-12 04:04:00,23.1
2025-06-12 02:49:00,73.7
2025-06-12 00:36:00,71.1
2025-06-12 03:31:00,10.1
2025-06-12 04:37:00,28.5
2025-06-12 11:26:00,35.3
2025-06-12 13:04:00,95.6
2025-06-12 12:47:00,46.3
2025-06-12 18:00:00,77.9
2025-06-12 05:18:00,79.3
2025-06-12 06:55:00,70.3
2025-06-12 07:12:00,92.7
2025-06-12 18:33:00,85.0
2025-06-12 08:12:00,21.0
2025-06-12 22:09:00,77.8
2025-06-12 05:55:00,24.8
2025-06-12 12:26:00,85.0
2025-06-12 22:00:00,89.7
2025-06-12 18:11:00,33.3
2025-06-12 08:48:00,42.0
2025-06-12 07:08:00,61.8
2025-06-12 03:19:00,10.3
2025-06-12 17:32:00,98.8
2025-06-12 06:25:00,24.9
2025-06-12 19:46:00,73.9
2025-06-12 06:37:00,12.0
2025-06-12 05:05:00,14.4
2025-06-12 04:13:00,19.6
2025-06-12 20:05:00,11.7
2025-06-12 14:06:00,41.9
2025-06-12 04:45:00,61.3
2025-06-12 22:35:00,13.1
2025-06-12 10:04:00,75.4
2025-06-12 13:40:00,50.406503298774744
2025-06-12 17:10:00,33.8
2025-06-12 14:38:00,70.5
2025-06-12 19:07:00,50.406503298774744
2025-06-12 10:32:00,29.6
2025-06-12 03:23:00,31.5
2025-06-12 09:25:00,50.406503298774744
2025-06-12 20:02:00,50.406503298774744
2025-06-12 04:25:00,16.6
2025-06-12 01:20:00,55.5
2025-06-12 01:54:00,70.5
2025-06-12 03:26:00,16.2
2025-06-12 02:29:00,80.8
2025-06-12 06:06:00,36.7
2025-06-12 18:10:00,2.2
2025-06-12 00:54:00,56.0
2025-06-12 04:18:00,50.406503298774744
2025-06-12 13:44:00,72.7
2025-06-12 19:28:00,56.1
2025-06-12 20:58:00,7.3
2025-06-12 06:40:00,20.3
2025-06-12 05:36:00,36.3
2025-06-12 10:55:00,79.9
2025-06-12 16:20:00,30.9
2025-06-12 09:19:00,94.5
2025-06-12 19:35:00,92.9
2025-06-12 23:58:00,49.4
2025-06-12 07:18:00,68.0
2025-06-12 22:31:00,59.9
2025-06-12 14:05:00,60.9
2025-06-12 13:12:00,5.4
2025-06-12 19:50:00,6.0
2025-06-12 21:52:00,67.5
2025-06-12 17:25:00,34.6
2025-06-12 09:14:00,25.7
2025-06-12 07:42:00,79.0
2025-06-12 10:16:00,73.4
2025-06-12 15:41:00,50.3160582227961
2025-06-12 03:59:00,8.5
2025-06-12 07:29:00,43.5
2025-06-12 13:20:00,50.3160582227961
2025-06-12 14:53:00,7.4
2025-06-12 00:13:00,29.6
2025-06-12 04:18:00,66.6
2025-06-12 06:24:00,66.4
2025-06-12 12:53:00,50.3160582227961
2025-06-12 00:39:00,50.3160582227961
2025-06-12 23:27:00,88.6
2025-06-12 01:42:00,58.7
2025-06-12 00:25:00,69.6
2025-06-12 23:46:00,20.0
2025-06-12 20:35:00,93.4
2025-06-12 17:41:00,50.3160582227961
2025-06-12 12:51:00,26.9
2025-06-12 15:28:00,84.9
2025-06-12 08:56:00,50.3160582227961
2025-06-12 23:59:00,50.3160582227961
2025-06-12 12:06:00,73.1
2025-06-12 10:38:00,99.9
2025-06-12 10:27:00,22.6
2025-06-12 00:06:00,3.6
2025-06-12 05:57:00,25.9
2025-06-12 10:22:00,73.0
2025-06-12 09:07:00,74.9
2025-06-12 01:04:00,21.8
2025-06-12 19:39:00,96.3
2025-06-12 08:03:00,89.9
2025-06-12 04:37:00,64.2
2025-06-12 20:16:00,15.3
2025-06-12 22:12:00,80.8
2025-06-12 18:50:00,86.8
2025-06-12 14:16:00,50.3160582227961
2025-06-12 06:33:00,28.7
2025-06-12 05:19:00,78.4
2025-06-12 13:24:00,50.3160582227961
2025-06-12 14:13:00,50.3160582227961
2025-06-12 21:00:00,51.4
2025-06-12 12:16:00,38.9
2025-06-12 16:54:00,55.7
2025-06-12 19:57:00,2.1
2025-06-12 06:52:00,50.3160582227961
2025-06-12 13:56:00,50.3160582227961
2025-06-12 19:02:00,3.0
2025-06-12 07:31:00,84.4
2025-06-12 12:22:00,4.9
2025-06-12 15:12:00,70.0
2025-06-12 00:14:00,15.2
2025-06-12 02:35:00,89.8
2025-06-12 20:44:00,33.9
2025-06-12 07:16:00,0.2
2025-06-12 21:05:00,48.2
2025-06-12 12:37:00,55.4
2025-06-12 08:32:00,50.3160582227961
2025-06-12 19:34:00,89.6
2025-06-12 14:22:00,87.6
2025-06-12 19:20:00,24.3
2025-06-12 01:49:00,34.8
2025-06-12 02:57:00,60.4
2025-06-12 07:02:00,97.0
2025-06-12 19:56:00,55.3
2025-06-12 21:19:00,99.4
2025-06-12 12:27:00,22.8
2025-06-12 18:57:00,50.3160582227961
2025-06-12 04:04:00,50.3160582227961
2025-06-12 15:13:00,71.8
2025-06-12 08:54:00,1.7
2025-06-12 00:43:00,2.3
2025-06-12 09:57:00,26.2
2025-06-12 06:54:00,16.9
2025-06-12 22:15:00,13.3
2025-06-12 00:55:00,0.2
2025-06-12 19:22:00,70.9
2025-06-12 06:20:00,47.2
2025-06-12 07:52:00,66.9
2025-06-12 22:28:00,85.8
2025-06-12 16:13:00,92.1
2025-06-12 12:09:00,58.9
2025-06-12 21:24:00,99.9
2025-06-12 22:05:00,61.7
2025-06-12 07:55:00,25.1
2025-06-12 07:05:00,40.2
2025-06-12 15:36:00,75.9
2025-06-12 19:47:00,43.4
2025-06-12 00:32:00,96.8
2025-06-12 05:24:00,54.6
2025-06-12 04:43:00,42.5
2025-06-12 21:02:00,0.8
2025-06-12 20:53:00,65.0
2025-06-12 01:11:00,65.2
2025-06-12 11:40:00,21.6
2025-06-12 19:06:00,4.1
2025-06-12 10:28:00,46.1
2025-06-12 03:30:00,54.4
2025-06-12 17:55:00,27.9
2025-06-12 02:06:00,50.3160582227961
2025-06-12 19:29:00,50.3160582227961
2025-06-12 22:41:00,45.1
2025-06-12 10:15:00,31.2
2025-06-12 06:49:00,56.7
2025-06-12 01:23:00,70.7
2025-06-12 07:49:00,46.0
2025-06-12 01:58:00,48.0
2025-06-12 01:28:00,80.1
2025-06-12 14:35:00,50.3160582227961
2025-06-12 08:23:00,8.7
2025-06-12 13:11:00,19.6
2025-06-12 18:24:00,2.4
2025-06-12 02:26:00,44.1
2025-06-12 19:38:00,80.3
2025-06-12 15:30:00,50.3160582227961
2025-06-12 22:59:00,78.2
2025-06-12 03:57:00,31.2
2025-06-12 11:08:00,44.4
2025-06-12 21:57:00,20.5
2025-06-12 16:08:00,50.3160582227961
2025-06-12 15:54:00,77.6
2025-06-12 18:44:00,55.4
2025-06-12 20:56:00,85.6
2025-06-12 20:29:00,50.3160582227961
2025-06-12 14:44:00,19.7
2025-06-12 15:38:00,46.1
2025-06-12 20:15:00,88.0
2025-06-12 23:30:00,95.9
2025-06-12 00:28:00,50.3160582227961
2025-06-12 11:09:00,70.1
2025-06-12 04:45:00,98.5
2025-06-12 05:30:00,19.9
2025-06-12 20:07:00,95.0
2025-06-12 10:01:00,50.3160582227961
2025-06-12 16:55:00,50.3160582227961
2025-06-12 05:25:00,90.6
2025-06-12 17:11:00,7.8
2025-06-12 06:44:00,34.2
2025-06-12 23:48:00,1.2
2025-06-12 04:15:00,50.3160582227961
2025-06-12 06:14:00,58.2
2025-06-12 14:43:00,46.9
2025-06-12 11:43:00,50.3160582227961
2025-06-12 21:26:00,96.4
2025-06-12 02:19:00,68.6
2025-06-12 08:02:00,89.0
2025-06-12 09:32:00,51.9
2025-06-12 05:21:00,18.5
2025-06-12 09:44:00,30.1
2025-06-12 20:39:00,98.6
2025-06-12 05:03:00,89.6
2025-06-12 22:14:00,16.2
2025-06-12 20:21:00,2.2
2025-06-12 19:05:00,96.1
2025-06-12 16:25:00,71.0
2025-06-12 02:42:00,92.1
2025-06-12 22:52:00,64.4
2025-06-12 03:53:00,7.1
2025-06-12 20:58:00,3.5
2025-06-12 21:48:00,32.4
2025-06-12 12:34:00,33.7
2025-06-12 19:25:00,3.9
2025-06-12 04:38:00,50.3160582227961
2025-06-12 17:09:00,7.9
2025-06-12 19:36:00,33.8
2025-06-12 13:48:00,26.4
2025-06-12 10:46:00,3.8
2025-06-12 13:58:00,45.7
2025-06-12 11:35:00,50.3160582227961
2025-06-12 05:50:00,41.6
2025-06-12 06:07:00,50.3160582227961
2025-06-12 10:02:00,77.4
2025-06-12 10:47:00,50.3160582227961
2025-06-12 01:01:00,98.2
2025-06-12 12:30:00,20.0
2025-06-12 04:42:00,20.0
2025-06-12 21:23:00,50.3160582227961
2025-06-12 23:32:00,6.8
2025-06-12 09:35:00,98.2
2025-06-12 10:51:00,53.5
2025-06-12 23:15:00,11.1
2025-06-12 01:06:00,88.1
2025-06-12 10:07:00,16.6
2025-06-12 01:59:00,88.5
2025-06-12 18:34:00,89.8
2025-06-12 14:51:00,94.6
2025-06-12 15:55:00,66.5
2025-06-12 03:47:00,25.4
2025-06-12 16:16:00,63.1
2025-06-12 09:56:00,63.8
2025-06-12 14:37:00,32.3
2025-06-12 18:13:00,50.3160582227961
2025-06-12 17:15:00,88.2
2025-06-12 03:31:00,39.9
2025-06-12 15:03:00,85.9
2025-06-12 20:27:00,93.6
2025-06-12 02:45:00,81.0
2025-06-12 20:13:00,18.5
2025-06-12 10:32:00,45.8
2025-06-12 12:24:00,47.1
2025-06-12 04:11:00,55.7
2025-06-12 06:45:00,39.7
2025-06-12 20:05:00,88.6
2025-06-12 21:06:00,50.3160582227961
2025-06-12 23:56:00,11.8
2025-06-12 08:31:00,46.2
2025-06-12 13:29:00,25.1
2025-06-12 19:07:00,93.0
2025-06-12 23:50:00,47.1
2025-06-12 08:13:00,71.6
2025-06-12 00:26:00,65.1
2025-06-12 06:13:00,96.8
2025-06-12 10:13:00,78.2
2025-06-12 01:27:00,27.9
2025-06-12 23:12:00,95.7
2025-06-12 02:28:00,3.0
2025-06-12 18:06:00,61.5
2025-06-12 14:46:00,8.7
2025-06-12 09:13:00,30.7
2025-06-12 05:40:00,74.8
2025-06-12 04:54:00,27.7
2025-06-12 20:48:00,37.1
2025-06-12 17:47:00,50.3
2025-06-12 12:08:00,73.4
2025-06-12 05:32:00,50.3160582227961
2025-06-12 11:21:00,62.7
2025-06-12 14:29:00,47.8
2025-06-12 00:12:00,78.8
2025-06-12 16:06:00,47.4
2025-06-12 08:22:00,39.7
2025-06-12 13:18:00,96.7
2025-06-12 03:09:00,52.4
2025-06-12 05:00:00,83.6
2025-06-12 17:44:00,70.1
2025-06-12 20:12:00,35.9
2025-06-12 04:00:00,28.0
2025-06-12 06:38:00,35.2
2025-06-12 07:15:00,5.6
2025-06-12 14:18:00,45.4
2025-06-12 08:28:00,83.2
2025-06-12 12:17:00,13.9
2025-06-12 05:20:00,50.3160582227961
2025-06-12 04:35:00,35.9
2025-06-12 23:40:00,52.6
2025-06-12 08:52:00,38.8
2025-06-12 23:16:00,80.9
2025-06-12 14:10:00,27.4
2025-06-12 08:17:00,1.0
2025-06-12 09:37:00,56.9
2025-06-12 03:45:00,93.7
2025-06-12 11:20:00,50.4
2025-06-12 12:29:00,18.0
2025-06-12 20:31:00,63.6
2025-06-12 05:39:00,91.6
2025-06-12 11:52:00,86.2
2025-06-12 20:11:00,50.3160582227961
2025-06-12 12:01:00,30.8
2025-06-12 01:21:00,82.3
2025-06-12 06:43:00,7.6
2025-06-12 03:46:00,86.8
2025-06-12 14:24:00,76.9
2025-06-12 03:11:00,49.3
2025-06-12 09:23:00,36.6
2025-06-12 02:48:00,78.9
2025-06-12 21:55:00,77.3
2025-06-12 14:58:00,26.4
2025-06-12 21:04:00,14.0
2025-06-12 21:12:00,32.7
2025-06-12 21:08:00,47.1
2025-06-12 12:23:00,87.6
2025-06-12 14:07:00,67.4
2025-06-12 05:48:00,51.6
2025-06-12 08:30:00,37.5
2025-06-12 20:25:00,86.7
2025-06-12 23:55:00,86.7
2025-06-12 14:08:00,33.4
2025-06-12 23:51:00,55.9
2025-06-12 04:55:00,56.3
2025-06-12 09:31:00,50.3160582227961
2025-06-12 03:08:00,64.5
2025-06-12 02:55:00,50.3160582227961
2025-06-12 15:56:00,88.5
2025-06-12 04:53:00,89.1
2025-06-12 10:03:00,40.1
2025-06-12 00:50:00,30.8
2025-06-12 18:11:00,36.4
2025-06-12 06:59:00,42.5
2025-06-12 15:50:00,27.1
2025-06-12 22:17:00,1.0
2025-06-12 12:52:00,74.5
2025-06-12 08:44:00,24.8
2025-06-12 09:10:00,99.6
2025-06-12 22:44:00,83.7
2025-06-12 14:03:00,72.5
2025-06-12 06:16:00,89.5
2025-06-12 16:27:00,35.7
2025-06-12 08:04:00,21.1
2025-06-12 17:13:00,78.2
2025-06-12 11:37:00,42.7
2025-06-12 09:53:00,92.3
2025-06-12 18:22:00,20.3
2025-06-12 05:45:00,16.9
2025-06-12 03:49:00,24.1
2025-06-12 18:26:00,35.0
2025-06-12 16:40:00,86.6
2025-06-12 04:00:00,19.1
2025-06-12 21:47:00,75.7
2025-06-12 06:00:00,33.4
2025-06-12 13:41:00,37.7
2025-06-12 18:57:00,23.1
2025-06-12 10:59:00,60.8
2025-06-12 09:11:00,82.2
2025-06-12 16:37:00,53.3
2025-06-12 10:44:00,50.04954009433962
2025-06-12 20:33:00,4.3
2025-06-12 14:43:00,87.4
2025-06-12 16:58:00,5.8
2025-06-12 22:16:00,97.1
2025-06-12 16:48:00,27.4
2025-06-12 16:26:00,21.3
2025-06-12 19:28:00,94.4
2025-06-12 22:59:00,27.4
2025-06-12 14:48:00,50.04954009433962
2025-06-12 03:55:00,11.9
2025-06-12 05:50:00,96.8
2025-06-12 05:15:00,75.6
2025-06-12 07:15:00,82.4
2025-06-12 03:34:00,36.3
2025-06-12 23:07:00,76.4
2025-06-12 22:57:00,30.2
2025-06-12 08:41:00,72.7
2025-06-12 09:52:00,76.6
2025-06-12 09:47:00,50.04954009433962
2025-06-12 02:03:00,94.3
2025-06-12 01:07:00,24.7
2025-06-12 23:05:00,94.6
2025-06-12 23:49:00,75.5
2025-06-12 07:43:00,4.4
2025-06-12 13:28:00,96.8
2025-06-12 01:57:00,50.04954009433962
2025-06-12 04:20:00,74.1
2025-06-12 10:01:00,69.7
2025-06-12 14:40:00,14.5
2025-06-12 13:50:00,5.1
2025-06-12 02:09:00,31.9
2025-06-12 15:41:00,15.4
2025-06-12 07:17:00,79.9
2025-06-12 18:11:00,33.9
2025-06-12 18:03:00,49.9
2025-06-12 06:13:00,60.5
2025-06-12 21:53:00,98.9
2025-06-12 18:04:00,42.1
2025-06-12 17:46:00,24.2
2025-06-12 15:55:00,50.04954009433962
2025-06-12 11:16:00,10.6
2025-06-12 02:22:00,61.5
2025-06-12 01:43:00,19.2
2025-06-12 15:38:00,50.04954009433962
2025-06-12 22:27:00,10.3
2025-06-12 17:48:00,66.7
2025-06-12 15:58:00,20.5
2025-06-12 08:07:00,58.6
2025-06-12 09:27:00,14.6
2025-06-12 07:18:00,47.1
2025-06-12 22:35:00,34.0
2025-06-12 14:51:00,79.6
2025-06-12 12:54:00,2.5
2025-06-12 05:30:00,15.8
2025-06-12 15:00:00,68.9
2025-06-12 08:24:00,50.04954009433962
2025-06-12 05:06:00,33.7
2025-06-12 02:42:00,67.1
2025-06-12 03:41:00,50.04954009433962
2025-06-12 03:52:00,38.9
2025-06-12 04:28:00,50.04954009433962
2025-06-12 16:45:00,89.1
2025-06-12 12:21:00,4.9
2025-06-12 05:59:00,97.3
2025-06-12 23:31:00,50.04954009433962
2025-06-12 20:52:00,78.0
2025-06-12 03:47:00,78.2
2025-06-12 04:13:00,90.9
2025-06-12 03:56:00,31.2
2025-06-12 13:43:00,40.6
2025-06-12 12:04:00,45.8
2025-06-12 23:55:00,91.2
2025-06-12 20:04:00,45.1
2025-06-12 07:34:00,92.5
2025-06-12 06:01:00,88.5
2025-06-12 12:03:00,50.04954009433962
2025-06-12 21:13:00,16.7
2025-06-12 01:55:00,22.6
2025-06-12 14:19:00,49.0
2025-06-12 05:55:00,54.0
2025-06-12 14:24:00,77.3
2025-06-12 14:31:00,80.7
2025-06-12 16:44:00,55.1
2025-06-12 04:10:00,50.04954009433962
2025-06-12 19:58:00,53.7
2025-06-12 10:09:00,61.7
2025-06-12 14:08:00,35.6
2025-06-12 22:08:00,55.7
2025-06-12 08:45:00,0.4
2025-06-12 00:46:00,50.6
2025-06-12 14:05:00,19.1
2025-06-12 07:31:00,96.9
2025-06-12 23:16:00,82.4
2025-06-12 22:12:00,66.5
2025-06-12 11:03:00,8.0
2025-06-12 05:03:00,98.1
2025-06-12 13:11:00,90.1
2025-06-12 23:20:00,58.1
2025-06-12 00:37:00,9.7
2025-06-12 06:11:00,1.9
2025-06-12 07:14:00,53.5
2025-06-12 01:34:00,94.6
2025-06-12 02:46:00,18.7
2025-06-12 02:36:00,50.04954009433962
2025-06-12 01:46:00,98.5
2025-06-12 10:25:00,50.04954009433962
2025-06-12 04:37:00,36.0
2025-06-12 00:43:00,42.3
2025-06-12 02:14:00,12.5
2025-06-12 00:02:00,29.4
2025-06-12 08:09:00,50.04954009433962
2025-06-12 17:52:00,78.9
2025-06-12 07:56:00,94.3
2025-06-12 00:24:00,86.3
2025-06-12 05:28:00,50.04954009433962
2025-06-12 03:33:00,32.5
2025-06-12 06:04:00,50.04954009433962
2025-06-12 01:20:00,50.04954009433962
2025-06-12 19:55:00,91.7
2025-06-12 13:34:00,38.9
2025-06-12 20:20:00,31.9
2025-06-12 05:17:00,58.6
2025-06-12 05:23:00,35.6
2025-06-12 09:30:00,86.7
2025-06-12 16:06:00,1.8
2025-06-12 19:49:00,96.6
2025-06-12 10:23:00,32.5
2025-06-12 11:26:00,77.2
2025-06-12 08:36:00,80.8
2025-06-12 00:31:00,34.6
2025-06-12 23:12:00,47.3
2025-06-12 21:12:00,21.7
2025-06-12 12:53:00,31.7
2025-06-12 08:29:00,24.5
2025-06-12 17:09:00,2.2
2025-06-12 19:21:00,87.5
2025-06-12 01:32:00,19.5
2025-06-12 10:47:00,52.5
2025-06-12 02:38:00,72.3
2025-06-12 23:30:00,9.4
2025-06-12 03:08:00,40.9
2025-06-12 11:06:00,89.6
2025-06-12 16:39:00,34.1
2025-06-12 09:06:00,67.4
2025-06-12 21:50:00,98.2
2025-06-12 03:45:00,60.7
2025-06-12 18:20:00,75.4
2025-06-12 00:41:00,42.8
2025-06-12 07:03:00,56.5
2025-06-12 18:17:00,54.1
2025-06-12 15:40:00,44.0
2025-06-12 06:45:00,46.7
2025-06-12 17:59:00,96.2
2025-06-12 01:25:00,97.2
2025-06-12 08:00:00,17.9
2025-06-12 22:51:00,50.04954009433962
2025-06-12 09:40:00,9.7
2025-06-12 21:10:00,97.1
2025-06-12 20:41:00,60.7
2025-06-12 15:11:00,6.4
2025-06-12 22:30:00,58.8
2025-06-12 13:09:00,82.5
2025-06-12 21:44:00,59.0
2025-06-12 04:52:00,70.9
2025-06-12 00:48:00,25.1
2025-06-12 13:29:00,65.3
2025-06-12 09:16:00,82.7
2025-06-12 12:16:00,21.9
2025-06-12 20:36:00,50.04954009433962
2025-06-12 06:39:00,69.4
2025-06-12 07:48:00,6.6
2025-06-12 15:36:00,91.8
2025-06-12 20:24:00,97.5
2025-06-12 20:18:00,56.4
2025-06-12 04:56:00,80.2
2025-06-12 07:10:00,50.04954009433962
2025-06-12 23:19:00,25.1
2025-06-12 09:58:00,68.1
2025-06-12 07:33:00,36.1
2025-06-12 02:40:00,0.1
2025-06-12 21:42:00,50.04954009433962
2025-06-12 03:48:00,48.5
2025-06-12 10:45:00,32.0
2025-06-12 16:01:00,76.3
2025-06-12 10:15:00,26.1
2025-06-12 11:42:00,98.9
2025-06-12 04:39:00,44.8
2025-06-12 14:03:00,35.9
2025-06-12 11:34:00,15.6
2025-06-12 15:49:00,20.7
2025-06-12 23:22:00,50.04954009433962
2025-06-12 19:54:00,50.04954009433962
2025-06-12 08:02:00,64.4
2025-06-12 08:04:00,34.9
2025-06-12 05:20:00,86.0
2025-06-12 09:07:00,19.5
2025-06-12 06:17:00,33.9
2025-06-12 00:15:00,57.7
2025-06-12 12:20:00,85.6
2025-06-12 00:14:00,50.04954009433962
2025-06-12 21:19:00,58.4
2025-06-12 17:45:00,50.04954009433962
2025-06-12 21:48:00,31.0
2025-06-12 06:55:00,59.8
2025-06-12 06:51:00,57.6
2025-06-12 12:49:00,9.8
2025-06-12 07:02:00,65.7
2025-06-12 21:06:00,50.04954009433962
2025-06-12 07:26:00,7.1
2025-06-12 14:37:00,42.6
2025-06-12 09:02:00,84.9
2025-06-12 18:45:00,41.3
2025-06-12 11:54:00,36.1
2025-06-12 10:20:00,77.8
2025-06-12 07:59:00,20.1
2025-06-12 14:42:00,76.4
2025-06-12 07:06:00,34.4
2025-06-12 02:53:00,30.8
2025-06-12 15:07:00,97.5
2025-06-12 03:25:00,41.4
2025-06-12 09:29:00,83.0
2025-06-12 14:36:00,59.0
2025-06-12 20:09:00,46.4
2025-06-12 22:47:00,18.5
2025-06-12 10:13:00,85.3
2025-06-12 00:53:00,74.8
2025-06-12 18:59:00,42.8
2025-06-12 23:44:00,50.04954009433962
2025-06-12 14:27:00,34.9
2025-06-12 15:24:00,61.7
2025-06-12 15:47:00,50.04954009433962
2025-06-12 16:15:00,61.9
2025-06-12 07:27:00,50.04954009433962
2025-06-12 06:18:00,5.2
2025-06-12 19:41:00,2.4
2025-06-12 07:20:00,30.6
2025-06-12 09:28:00,26.9
2025-06-12 05:47:00,50.04954009433962
2025-06-12 14:23:00,21.3
2025-06-12 06:05:00,32.6
2025-06-12 19:57:00,51.6
2025-06-12 21:51:00,50.04954009433962
2025-06-12 09:05:00,11.0
2025-06-12 08:50:00,50.04954009433962
2025-06-12 02:12:00,39.7
2025-06-12 20:58:00,27.4
2025-06-12 19:39:00,26.6
2025-06-12 15:14:00,50.04954009433962
2025-06-12 10:02:00,31.8
2025-06-12 20:16:00,77.4
2025-06-12 21:29:00,47.8
2025-06-12 21:37:00,2.1
2025-06-12 19:51:00,8.2
2025-06-12 18:29:00,50.04954009433962
2025-06-12 14:30:00,67.7
2025-06-12 03:09:00,20.1
2025-06-12 20:34:00,16.2
2025-06-12 13:42:00,50.04954009433962
2025-06-12 04:22:00,60.6
2025-06-12 03:37:00,54.5
2025-06-12 20:43:00,0.6
2025-06-12 23:42:00,77.6
2025-06-12 19:29:00,50.04954009433962
2025-06-12 00:00:00,26.5
2025-06-12 17:40:00,31.6
2025-06-12 13:35:00,88.8
2025-06-12 08:42:00,55.6
2025-06-12 16:17:00,73.7
2025-06-12 02:28:00,35.8
2025-06-12 15:53:00,25.5
2025-06-12 00:52:00,23.6
2025-06-12 21:28:00,50.04954009433962
2025-06-12 00:21:00,48.8
2025-06-12 18:15:00,77.7
2025-06-12 08:59:00,78.4
2025-06-12 20:11:00,92.2
2025-06-12 22:15:00,26.9
2025-06-12 01:26:00,85.2
2025-06-12 02:43:00,61.3
2025-06-12 19:52:00,6.6
2025-06-12 20:14:00,1.5
2025-06-12 18:40:00,76.0
2025-06-12 01:44:00,7.7
2025-06-12 09:13:00,50.04954009433962
2025-06-12 02:08:00,27.8
2025-06-12 09:48:00,27.2
2025-06-12 19:43:00,50.04954009433962
2025-06-12 14:17:00,36.2
2025-06-12 04:17:00,4.4
2025-06-12 16:03:00,77.4
2025-06-12 01:18:00,50.06682414078186
2025-06-12 10:44:00,93.5
2025-06-12 10:01:00,20.7
2025-06-12 03:10:00,90.9
2025-06-12 06:40:00,46.4
2025-06-12 21:08:00,68.0
2025-06-12 03:50:00,9.8
2025-06-12 11:39:00,41.7
2025-06-12 02:01:00,50.06682414078186
2025-06-12 07:32:00,72.5
2025-06-12 21:02:00,82.0
2025-06-12 21:29:00,29.5
2025-06-12 07:59:00,61.1
2025-06-12 13:14:00,95.4
2025-06-12 00:30:00,91.8
2025-06-12 15:36:00,50.06682414078186
2025-06-12 02:49:00,50.06682414078186
2025-06-12 02:15:00,12.3
2025-06-12 05:33:00,62.3
2025-06-12 08:36:00,13.4
2025-06-12 19:30:00,22.7
2025-06-12 08:10:00,79.4
2025-06-12 19:32:00,36.6
2025-06-12 22:28:00,66.8
2025-06-12 12:37:00,25.1
2025-06-12 05:14:00,3.4
2025-06-12 14:45:00,50.06682414078186
2025-06-12 11:33:00,87.2
2025-06-12 15:31:00,76.2
2025-06-12 18:02:00,80.2
2025-06-12 04:15:00,35.9
2025-06-12 20:12:00,50.06682414078186
2025-06-12 00:00:00,15.8
2025-06-12 20:37:00,12.0
2025-06-12 04:34:00,94.6
2025-06-12 07:08:00,70.5
2025-06-12 05:51:00,33.0
2025-06-12 08:04:00,80.7
2025-06-12 11:31:00,10.2
2025-06-12 05:53:00,84.7
2025-06-12 07:25:00,40.0
2025-06-12 21:43:00,89.6
2025-06-12 16:00:00,51.9
2025-06-12 01:27:00,64.0
2025-06-12 22:31:00,16.2
2025-06-12 13:15:00,25.7
2025-06-12 14:25:00,82.4
2025-06-12 22:41:00,50.06682414078186
2025-06-12 03:08:00,40.0
2025-06-12 11:34:00,22.4
2025-06-12 06:35:00,62.9
2025-06-12 00:47:00,50.6
2025-06-12 19:58:00,92.1
2025-06-12 14:28:00,68.6
2025-06-12 13:42:00,52.8
2025-06-12 07:15:00,7.5
2025-06-12 19:24:00,82.0
2025-06-12 04:14:00,7.3
2025-06-12 20:08:00,19.9
2025-06-12 19:14:00,48.1
2025-06-12 18:52:00,15.6
2025-06-12 02:14:00,95.6
2025-06-12 15:55:00,92.8
2025-06-12 16:39:00,50.06682414078186
2025-06-12 00:01:00,50.06682414078186
2025-06-12 01:06:00,52.7
2025-06-12 03:54:00,38.2
2025-06-12 16:28:00,50.06682414078186
2025-06-12 17:02:00,90.1
2025-06-12 01:51:00,75.5
2025-06-12 13:17:00,39.3
2025-06-12 10:47:00,50.06682414078186
2025-06-12 00:36:00,50.06682414078186
2025-06-12 12:22:00,69.8
2025-06-12 02:58:00,70.2
2025-06-12 01:31:00,19.9
2025-06-12 00:04:00,52.2
2025-06-12 21:07:00,27.8
2025-06-12 09:43:00,79.1
2025-06-12 22:26:00,71.5
2025-06-12 14:09:00,4.0
2025-06-12 20:35:00,41.4
2025-06-12 20:26:00,50.06682414078186
2025-06-12 06:45:00,7.2
2025-06-12 05:36:00,18.6
2025-06-12 20:54:00,64.1
2025-06-12 18:55:00,50.2
2025-06-12 00:39:00,15.0
2025-06-12 04:09:00,89.9
2025-06-12 13:56:00,69.5
2025-06-12 13:58:00,95.0
2025-06-12 05:42:00,1.2
2025-06-12 13:53:00,46.3
2025-06-12 16:16:00,50.06682414078186
2025-06-12 15:16:00,97.5
2025-06-12 09:38:00,70.5
2025-06-12 10:13:00,10.7
2025-06-12 15:04:00,22.3
2025-06-12 14:17:00,97.4
2025-06-12 08:09:00,70.9
2025-06-12 09:32:00,50.06682414078186
2025-06-12 13:26:00,98.9
2025-06-12 12:50:00,9.8
2025-06-12 04:10:00,22.4
2025-06-12 06:26:00,26.7
2025-06-12 13:32:00,77.9
2025-06-12 00:38:00,1.9
2025-06-12 06:18:00,50.06682414078186
2025-06-12 11:30:00,14.1
2025-06-12 19:35:00,47.7
2025-06-12 08:27:00,87.0
2025-06-12 23:30:00,12.9
2025-06-12 07:13:00,7.0
2025-06-12 19:17:00,12.1
2025-06-12 03:58:00,64.3
2025-06-12 06:41:00,50.06682414078186
2025-06-12 10:19:00,74.1
2025-06-12 19:47:00,43.5
2025-06-12 11:36:00,47.9
2025-06-12 14:47:00,92.5
2025-06-12 11:56:00,80.3
2025-06-12 10:36:00,67.8
2025-06-12 06:33:00,99.1
2025-06-12 16:25:00,10.9
2025-06-12 09:57:00,40.2
2025-06-12 08:20:00,99.3
2025-06-12 01:05:00,19.1
2025-06-12 06:15:00,24.9
2025-06-12 16:57:00,31.4
2025-06-12 20:39:00,57.7
2025-06-12 14:44:00,84.5
2025-06-12 07:34:00,50.06682414078186
2025-06-12 02:33:00,76.8
2025-06-12 06:47:00,80.4
2025-06-12 23:49:00,57.5
2025-06-12 22:57:00,50.06682414078186
2025-06-12 22:46:00,39.8
2025-06-12 07:01:00,35.1
2025-06-12 00:24:00,17.8
2025-06-12 12:29:00,63.7
2025-06-12 03:03:00,46.6
2025-06-12 06:29:00,47.9
2025-06-12 10:16:00,22.9
2025-06-12 11:53:00,30.7
2025-06-12 17:03:00,29.8
2025-06-12 06:25:00,88.6
2025-06-12 16:10:00,21.2
2025-06-12 22:55:00,2.5
2025-06-12 07:14:00,43.3
2025-06-12 18:04:00,50.06682414078186
2025-06-12 00:31:00,50.06682414078186
2025-06-12 06:32:00,96.3
2025-06-12 00:49:00,50.3
2025-06-12 15:59:00,50.06682414078186
2025-06-12 22:06:00,10.5
2025-06-12 13:50:00,30.9
2025-06-12 04:44:00,6.4
2025-06-12 05:31:00,87.1
2025-06-12 08:58:00,9.9
2025-06-12 03:36:00,70.9
2025-06-12 10:42:00,19.6
2025-06-12 17:39:00,96.0
2025-06-12 02:56:00,89.2
2025-06-12 02:10:00,92.6
2025-06-12 17:58:00,14.1
2025-06-12 19:12:00,35.1
2025-06-12 03:38:00,60.8
2025-06-12 08:07:00,52.7
2025-06-12 13:31:00,78.4
2025-06-12 01:12:00,50.06682414078186
2025-06-12 05:46:00,50.06682414078186
2025-06-12 19:41:00,88.2
2025-06-12 02:40:00,64.7
2025-06-12 01:36:00,30.1
2025-06-12 12:00:00,80.3
2025-06-12 15:44:00,38.8
2025-06-12 03:42:00,28.7
2025-06-12 16:32:00,54.9
2025-06-12 01:46:00,79.1
2025-06-12 18:22:00,5.3
2025-06-12 13:30:00,50.06682414078186
2025-06-12 00:35:00,9.2
2025-06-12 00:08:00,64.2
2025-06-12 18:14:00,87.3
2025-06-12 01:24:00,39.0
2025-06-12 21:56:00,21.4
2025-06-12 16:59:00,5.0
2025-06-12 20:15:00,6.0
2025-06-12 03:45:00,86.8
2025-06-12 05:32:00,82.9
2025-06-12 11:14:00,27.1
2025-06-12 07:18:00,72.1
2025-06-12 18:46:00,41.7
2025-06-12 23:03:00,47.5
2025-06-12 22:18:00,11.9
2025-06-12 12:18:00,50.0
2025-06-12 13:24:00,48.6
2025-06-12 10:39:00,32.4
2025-06-12 06:17:00,71.4
2025-06-12 18:12:00,60.5
2025-06-12 05:10:00,41.8
2025-06-12 00:16:00,4.4
2025-06-12 21:11:00,79.9
2025-06-12 06:08:00,38.7
2025-06-12 00:23:00,93.2
2025-06-12 22:37:00,5.3
2025-06-12 13:29:00,98.2
2025-06-12 15:09:00,92.0
2025-06-12 07:56:00,93.2
2025-06-12 17:45:00,52.9
2025-06-12 10:34:00,65.7
2025-06-12 08:45:00,68.9
2025-06-12 20:44:00,14.3
2025-06-12 16:54:00,50.06682414078186
2025-06-12 22:47:00,31.8
2025-06-12 09:46:00,50.06682414078186
2025-06-12 04:38:00,84.9
2025-06-12 11:06:00,71.0
2025-06-12 12:32:00,50.06682414078186
2025-06-12 16:42:00,78.7
2025-06-12 02:37:00,8.1
2025-06-12 03:21:00,50.06682414078186
2025-06-12 01:13:00,58.0
2025-06-12 03:18:00,41.1
2025-06-12 03:29:00,50.06682414078186
2025-06-12 16:45:00,30.3
2025-06-12 00:55:00,29.8
2025-06-12 02:17:00,47.9
2025-06-12 15:30:00,41.1
2025-06-12 15:22:00,50.06682414078186
2025-06-12 03:26:00,98.4
2025-06-12 23:29:00,64.6
2025-06-12 19:59:00,50.06682414078186
2025-06-12 09:20:00,77.4
2025-06-12 11:41:00,50.06682414078186
2025-06-12 21:57:00,71.5
2025-06-12 17:17:00,71.9
2025-06-12 07:06:00,28.9
2025-06-12 06:20:00,59.4
2025-06-12 14:37:00,50.06682414078186
2025-06-12 08:13:00,21.4
2025-06-12 23:27:00,52.3
2025-06-12 04:47:00,55.9
2025-06-12 00:59:00,92.5
2025-06-12 22:54:00,13.8
2025-06-12 12:35:00,98.9
2025-06-12 21:05:00,50.06682414078186
2025-06-12 03:02:00,11.7
2025-06-12 18:27:00,40.1
2025-06-12 18:33:00,56.6
2025-06-12 14:18:00,50.06682414078186
2025-06-12 08:47:00,42.7
2025-06-12 06:51:00,17.1
2025-06-12 15:40:00,81.0
2025-06-12 12:48:00,40.2
2025-06-12 00:46:00,21.1
2025-06-12 04:41:00,90.1
2025-06-12 04:48:00,78.9
2025-06-12 03:04:00,60.0
2025-06-12 20:01:00,54.6
2025-06-12 22:05:00,43.9
2025-06-12 05:04:00,4.4
2025-06-12 02:02:00,42.9
2025-06-12 11:35:00,51.6
2025-06-12 08:21:00,32.3
2025-06-12 04:13:00,81.7
2025-06-12 23:41:00,14.0
2025-06-12 18:56:00,72.1
2025-06-12 08:11:00,13.5
2025-06-12 15:54:00,64.7
2025-06-12 14:14:00,52.8
2025-06-12 18:40:00,90.8
2025-06-12 21:40:00,76.2
2025-06-12 07:40:00,27.3
2025-06-12 09:25:00,99.6
2025-06-12 00:43:00,95.1
2025-06-12 19:52:00,50.06682414078186
2025-06-12 23:42:00,26.8
2025-06-12 20:20:00,20.0
2025-06-12 09:58:00,4.2
2025-06-12 10:43:00,63.8
2025-06-12 03:52:00,55.9
2025-06-12 11:02:00,53.7
2025-06-12 00:41:00,40.7
2025-06-12 01:17:00,49.6
2025-06-12 06:43:00,30.2
2025-06-12 09:26:00,1.7
2025-06-12 16:19:00,50.06682414078186
2025-06-12 18:54:00,17.8
2025-06-12 06:31:00,92.7
2025-06-12 21:54:00,85.2
2025-06-12 04:04:00,54.2
2025-06-12 07:50:00,23.4
2025-06-12 14:53:00,16.9
2025-06-12 20:30:00,69.2
2025-06-12 03:20:00,49.378098152289034
2025-06-12 15:04:00,39.7
2025-06-12 18:04:00,94.1
2025-06-12 20:58:00,39.6
2025-06-12 12:59:00,45.6
2025-06-12 06:58:00,49.378098152289034
2025-06-12 02:53:00,37.0
2025-06-12 04:42:00,49.378098152289034
2025-06-12 14:16:00,35.5
2025-06-12 10:29:00,49.378098152289034
2025-06-12 01:10:00,41.1
2025-06-12 20:37:00,31.6
2025-06-12 06:11:00,4.2
2025-06-12 21:32:00,39.7
2025-06-12 03:28:00,49.378098152289034
2025-06-12 15:14:00,49.378098152289034
2025-06-12 19:29:00,88.0
2025-06-12 02:59:00,4.3
2025-06-12 15:09:00,49.378098152289034
2025-06-12 20:12:00,81.5
2025-06-12 08:58:00,74.0
2025-06-12 23:24:00,36.6
2025-06-12 23:16:00,49.378098152289034
2025-06-12 20:06:00,46.4
2025-06-12 19:22:00,7.9
2025-06-12 17:20:00,83.8
2025-06-12 05:24:00,38.0
2025-06-12 08:16:00,82.7
2025-06-12 15:18:00,7.0
2025-06-12 09:23:00,21.9
2025-06-12 03:01:00,17.2
2025-06-12 19:00:00,49.378098152289034
2025-06-12 06:27:00,98.9
2025-06-12 17:30:00,49.378098152289034
2025-06-12 05:08:00,76.9
2025-06-12 18:13:00,75.0
2025-06-12 04:11:00,49.378098152289034
2025-06-12 11:29:00,18.1
2025-06-12 15:47:00,49.378098152289034
2025-06-12 22:21:00,49.378098152289034
2025-06-12 21:19:00,13.5
2025-06-12 18:54:00,49.378098152289034
2025-06-12 06:19:00,49.378098152289034
2025-06-12 20:29:00,41.3
2025-06-12 03:29:00,53.3
2025-06-12 17:45:00,15.7
2025-06-12 15:22:00,47.6
2025-06-12 03:40:00,23.7
2025-06-12 05:52:00,91.0
2025-06-12 23:52:00,49.378098152289034
2025-06-12 22:16:00,48.7
2025-06-12 08:44:00,74.6
2025-06-12 08:09:00,42.4
2025-06-12 13:03:00,49.378098152289034
2025-06-12 18:23:00,83.3
2025-06-12 22:22:00,49.378098152289034
2025-06-12 20:55:00,49.378098152289034
2025-06-12 18:05:00,18.0
2025-06-12 03:39:00,3.7
2025-06-12 04:15:00,95.9
2025-06-12 08:54:00,43.2
2025-06-12 09:48:00,64.9
2025-06-12 11:35:00,52.2
2025-06-12 07:35:00,79.2
2025-06-12 03:32:00,2.7
2025-06-12 09:18:00,49.378098152289034
2025-06-12 18:40:00,49.378098152289034
2025-06-12 17:03:00,49.378098152289034
2025-06-12 07:36:00,7.4
2025-06-12 04:03:00,81.7
2025-06-12 22:47:00,49.378098152289034
2025-06-12 21:15:00,49.378098152289034
2025-06-12 09:28:00,67.3
2025-06-12 21:24:00,95.8
2025-06-12 00:08:00,62.2
2025-06-12 12:41:00,56.5
2025-06-12 18:59:00,43.8
2025-06-12 01:46:00,62.6
2025-06-12 08:11:00,53.4
2025-06-12 11:26:00,55.8
2025-06-12 10:33:00,33.6
2025-06-12 14:06:00,62.3
2025-06-12 15:31:00,1.1
2025-06-12 14:40:00,45.3
2025-06-12 07:31:00,75.4
2025-06-12 00:20:00,97.3
2025-06-12 03:46:00,85.3
2025-06-12 21:58:00,49.378098152289034
2025-06-12 23:34:00,84.5
2025-06-12 05:15:00,49.378098152289034
2025-06-12 13:53:00,49.378098152289034
2025-06-12 08:51:00,57.7
2025-06-12 04:18:00,49.378098152289034
2025-06-12 16:56:00,49.378098152289034
2025-06-12 21:06:00,68.3
2025-06-12 11:02:00,83.3
2025-06-12 17:59:00,36.4
2025-06-12 23:04:00,8.9
2025-06-12 06:04:00,65.7
2025-06-12 13:49:00,49.378098152289034
2025-06-12 21:09:00,21.1
2025-06-12 21:26:00,62.3
2025-06-12 06:01:00,49.378098152289034
2025-06-12 08:04:00,52.0
2025-06-12 08:36:00,83.4
2025-06-12 05:22:00,22.1
2025-06-12 07:40:00,49.378098152289034
2025-06-12 14:17:00,99.9
2025-06-12 09:59:00,61.9
2025-06-12 03:13:00,38.2
2025-06-12 09:31:00,9.3
2025-06-12 00:24:00,82.5
2025-06-12 04:02:00,75.8
2025-06-12 13:56:00,81.9
2025-06-12 14:13:00,30.7
2025-06-12 19:19:00,17.1
2025-06-12 16:28:00,51.4
2025-06-12 08:34:00,78.3
2025-06-12 22:05:00,26.7
2025-06-12 20:08:00,59.8
2025-06-12 14:27:00,75.4
2025-06-12 09:51:00,43.6
2025-06-12 14:52:00,71.3
2025-06-12 20:03:00,49.378098152289034
2025-06-12 23:30:00,71.1
2025-06-12 13:14:00,54.8
2025-06-12 00:22:00,23.9
2025-06-12 20:53:00,41.2
2025-06-12 10:43:00,49.378098152289034
2025-06-12 22:46:00,18.5
2025-06-12 15:56:00,49.378098152289034
2025-06-12 05:09:00,56.6
2025-06-12 11:36:00,22.3
2025-06-12 23:36:00,37.5
2025-06-12 18:33:00,65.2
2025-06-12 18:35:00,49.378098152289034
2025-06-12 22:52:00,90.3
2025-06-12 16:58:00,79.3
2025-06-12 23:27:00,5.1
2025-06-12 14:26:00,68.3
2025-06-12 14:43:00,71.9
2025-06-12 02:49:00,60.0
2025-06-12 00:48:00,83.5
2025-06-12 23:22:00,48.0
2025-06-12 06:21:00,93.8
2025-06-12 10:57:00,45.0
2025-06-12 00:57:00,93.3
2025-06-12 16:21:00,29.0
2025-06-12 11:05:00,41.5
2025-06-12 10:22:00,38.4
2025-06-12 03:30:00,76.6
2025-06-12 15:25:00,74.8
2025-06-12 16:55:00,63.8
2025-06-12 11:24:00,45.2
2025-06-12 07:59:00,49.378098152289034
2025-06-12 15:16:00,55.1
2025-06-12 17:56:00,38.2
2025-06-12 14:45:00,82.5
2025-06-12 16:49:00,49.378098152289034
2025-06-12 08:33:00,58.4
2025-06-12 05:34:00,37.9
2025-06-12 04:50:00,53.2
2025-06-12 15:37:00,49.378098152289034
2025-06-12 09:08:00,94.7
2025-06-12 12:06:00,22.3
2025-06-12 05:58:00,23.5
2025-06-12 09:11:00,16.2
2025-06-12 11:34:00,28.6
2025-06-12 04:47:00,43.4
2025-06-12 06:39:00,15.1
2025-06-12 01:14:00,21.9
2025-06-12 03:21:00,33.4
2025-06-12 03:05:00,16.3
2025-06-12 02:18:00,49.8
2025-06-12 10:31:00,79.5
2025-06-12 14:44:00,59.9
2025-06-12 21:35:00,49.378098152289034
2025-06-12 21:29:00,87.3
2025-06-12 21:21:00,46.8
2025-06-12 19:37:00,22.6
2025-06-12 20:34:00,0.8
2025-06-12 07:47:00,37.3
2025-06-12 02:56:00,18.6
2025-06-12 05:43:00,60.7
2025-06-12 13:13:00,49.378098152289034
2025-06-12 16:59:00,89.9
2025-06-12 01:30:00,49.378098152289034
2025-06-12 14:49:00,6.3
2025-06-12 15:07:00,19.0
2025-06-12 11:22:00,49.378098152289034
2025-06-12 02:29:00,49.378098152289034
2025-06-12 02:00:00,26.6
2025-06-12 19:10:00,0.0
2025-06-12 21:03:00,49.378098152289034
2025-06-12 23:21:00,3.2
2025-06-12 07:55:00,39.3
2025-06-12 07:11:00,22.8
2025-06-12 05:48:00,49.378098152289034
2025-06-12 11:41:00,73.7
2025-06-12 12:27:00,19.5
2025-06-12 01:48:00,29.3
2025-06-12 12:35:00,85.5
2025-06-12 10:03:00,57.7
2025-06-12 04:19:00,48.2
2025-06-12 21:23:00,64.1
2025-06-12 07:43:00,32.9
2025-06-12 00:19:00,29.3
2025-06-12 13:34:00,76.6
2025-06-12 11:11:00,23.9
2025-06-12 06:05:00,63.4
2025-06-12 18:30:00,31.4
2025-06-12 17:23:00,93.2
2025-06-12 03:02:00,54.8
2025-06-12 22:42:00,1.3
2025-06-12 21:07:00,30.8
2025-06-12 01:15:00,40.2
2025-06-12 23:05:00,55.5
2025-06-12 22:32:00,94.6
2025-06-12 17:50:00,23.7
2025-06-12 16:09:00,29.7
2025-06-12 21:08:00,58.3
2025-06-12 02:24:00,55.0
2025-06-12 08:00:00,6.1
2025-06-12 22:08:00,2.4
2025-06-12 23:46:00,12.3
2025-06-12 12:57:00,22.4
2025-06-12 03:11:00,13.9
2025-06-12 16:38:00,49.378098152289034
2025-06-12 00:11:00,88.2
2025-06-12 00:00:00,58.2
2025-06-12 15:30:00,18.2
2025-06-12 02:05:00,66.9
2025-06-12 23:07:00,94.2
2025-06-12 19:11:00,51.0
2025-06-12 01:11:00,2.4
2025-06-12 11:07:00,83.1
2025-06-12 18:27:00,55.2
2025-06-12 00:40:00,46.5
2025-06-12 00:10:00,29.5
2025-06-12 11:47:00,4.8
2025-06-12 01:17:00,49.378098152289034
2025-06-12 04:13:00,68.7
2025-06-12 03:08:00,71.7
2025-06-12 12:17:00,95.7
2025-06-12 16:05:00,34.8
2025-06-12 02:34:00,63.7
2025-06-12 00:02:00,96.2
2025-06-12 01:59:00,49.378098152289034
2025-06-12 06:28:00,7.0
2025-06-12 15:29:00,73.8
2025-06-12 14:28:00,75.0
2025-06-12 11:16:00,93.6
2025-06-12 16:42:00,31.0
2025-06-12 02:31:00,83.3
2025-06-12 07:18:00,68.0
2025-06-12 09:30:00,10.5
2025-06-12 06:08:00,49.378098152289034
2025-06-12 20:28:00,91.7
2025-06-12 05:17:00,21.6
2025-06-12 03:59:00,32.7
2025-06-12 22:10:00,24.0
2025-06-12 14:15:00,16.4
2025-06-12 23:58:00,28.6
2025-06-12 14:24:00,1.9
2025-06-12 01:09:00,11.9
2025-06-12 11:15:00,49.378098152289034
2025-06-12 08:50:00,24.1
2025-06-12 13:51:00,75.9
2025-06-12 09:12:00,88.1
2025-06-12 21:28:00,35.8
2025-06-12 19:30:00,86.2
2025-06-12 09:09:00,40.9
2025-06-12 01:56:00,87.4
2025-06-12 13:25:00,11.2
2025-06-12 19:59:00,49.378098152289034
2025-06-12 20:42:00,45.5
2025-06-12 11:21:00,13.1
2025-06-12 08:10:00,49.378098152289034
2025-06-12 09:19:00,49.378098152289034
2025-06-12 19:44:00,71.3
2025-06-12 17:01:00,49.378098152289034
2025-06-12 09:03:00,51.7
2025-06-12 04:28:00,9.6
2025-06-12 21:22:00,99.5
2025-06-12 14:14:00,96.8
2025-06-12 17:24:00,60.2
2025-06-12 07:33:00,23.0
2025-06-12 03:57:00,98.3
2025-06-12 12:53:00,49.378098152289034
2025-06-12 00:38:00,99.3
2025-06-12 16:14:00,49.378098152289034
2025-06-12 18:34:00,75.7
2025-06-12 02:16:00,17.6
2025-06-12 11:43:00,31.0
2025-06-12 20:30:00,57.6
2025-06-12 22:48:00,1.8
2025-06-12 19:23:00,47.1
2025-06-12 15:57:00,49.378098152289034
2025-06-12 16:06:00,16.4
2025-06-12 02:03:00,69.0
2025-06-12 06:25:00,88.7
2025-06-12 07:42:00,84.7
2025-06-12 05:23:00,11.3
2025-06-12 07:20:00,15.2
2025-06-12 10:27:00,9.8
2025-06-12 15:38:00,95.9
2025-06-12 11:56:00,98.8
2025-06-12 08:00:00,49.86672560113154
2025-06-12 08:51:00,37.7
2025-06-12 01:31:00,11.9
2025-06-12 16:07:00,9.5
2025-06-12 17:33:00,95.0
2025-06-12 23:37:00,25.5
2025-06-12 17:46:00,6.6
2025-06-12 22:54:00,69.0
2025-06-12 19:03:00,35.5
2025-06-12 23:39:00,97.0
2025-06-12 00:31:00,49.86672560113154
2025-06-12 00:30:00,57.9
2025-06-12 05:21:00,37.0
2025-06-12 06:25:00,99.7
2025-06-12 23:59:00,83.1
2025-06-12 11:39:00,49.86672560113154
2025-06-12 07:56:00,17.2
2025-06-12 20:19:00,61.5
2025-06-12 16:58:00,11.5
2025-06-12 14:52:00,69.8
2025-06-12 01:23:00,49.86672560113154
2025-06-12 09:51:00,35.6
2025-06-12 13:31:00,49.86672560113154
2025-06-12 17:13:00,79.3
2025-06-12 08:07:00,90.2
2025-06-12 04:21:00,26.4
2025-06-12 07:18:00,22.6
2025-06-12 16:35:00,95.3
2025-06-12 01:46:00,97.3
2025-06-12 12:51:00,49.86672560113154
2025-06-12 23:12:00,49.86672560113154
2025-06-12 07:11:00,2.8
2025-06-12 08:59:00,53.6
2025-06-12 19:07:00,26.9
2025-06-12 07:22:00,35.7
2025-06-12 02:15:00,60.1
2025-06-12 04:52:00,17.3
2025-06-12 14:16:00,49.86672560113154
2025-06-12 08:57:00,71.5
2025-06-12 06:27:00,15.4
2025-06-12 18:23:00,82.0
2025-06-12 05:05:00,7.0
2025-06-12 22:44:00,31.4
2025-06-12 17:05:00,61.5
2025-06-12 23:26:00,90.5
2025-06-12 13:01:00,88.8
2025-06-12 12:07:00,77.9
2025-06-12 09:23:00,49.86672560113154
2025-06-12 22:35:00,95.9
2025-06-12 18:36:00,49.86672560113154
2025-06-12 16:44:00,67.3
2025-06-12 18:17:00,49.86672560113154
2025-06-12 14:35:00,3.5
2025-06-12 04:45:00,45.8
2025-06-12 01:58:00,56.5
2025-06-12 06:48:00,49.86672560113154
2025-06-12 20:59:00,15.5
2025-06-12 03:28:00,84.7
2025-06-12 20:02:00,49.86672560113154
2025-06-12 12:32:00,53.5
2025-06-12 11:28:00,49.86672560113154
2025-06-12 00:26:00,62.3
2025-06-12 01:26:00,9.8
2025-06-12 19:41:00,21.2
2025-06-12 22:00:00,82.2
2025-06-12 20:23:00,49.86672560113154
2025-06-12 21:46:00,49.86672560113154
2025-06-12 05:12:00,49.86672560113154
2025-06-12 04:44:00,63.0
2025-06-12 05:36:00,41.6
2025-06-12 11:03:00,33.2
2025-06-12 17:29:00,97.7
2025-06-12 07:00:00,49.86672560113154
2025-06-12 12:52:00,47.5
2025-06-12 20:16:00,41.8
2025-06-12 06:10:00,54.7
2025-06-12 02:13:00,49.86672560113154
2025-06-12 17:31:00,13.1
2025-06-12 21:37:00,10.9
2025-06-12 16:32:00,46.1
2025-06-12 06:16:00,68.8
2025-06-12 04:50:00,34.6
2025-06-12 22:13:00,86.4
2025-06-12 02:36:00,70.3
2025-06-12 13:41:00,8.7
2025-06-12 19:54:00,63.5
2025-06-12 08:06:00,57.9
2025-06-12 04:35:00,15.7
2025-06-12 15:06:00,49.86672560113154
2025-06-12 17:07:00,13.3
2025-06-12 17:20:00,49.86672560113154
2025-06-12 09:49:00,2.7
2025-06-12 05:08:00,58.3
2025-06-12 18:26:00,11.8
2025-06-12 19:11:00,49.86672560113154
2025-06-12 08:46:00,97.1
2025-06-12 23:11:00,49.86672560113154
2025-06-12 16:16:00,38.5
2025-06-12 18:09:00,50.6
2025-06-12 09:41:00,37.3
2025-06-12 10:28:00,49.86672560113154
2025-06-12 21:19:00,9.3
2025-06-12 15:42:00,2.9
2025-06-12 04:18:00,4.4
2025-06-12 23:41:00,17.2
2025-06-12 00:32:00,36.8
2025-06-12 11:14:00,6.7
2025-06-12 16:01:00,57.0
2025-06-12 08:43:00,10.5
2025-06-12 01:04:00,0.9
2025-06-12 13:09:00,12.4
2025-06-12 00:51:00,14.9
2025-06-12 03:01:00,61.2
2025-06-12 13:26:00,52.0
2025-06-12 19:04:00,15.3
2025-06-12 18:46:00,45.0
2025-06-12 05:13:00,51.4
2025-06-12 23:58:00,50.8
2025-06-12 17:57:00,77.4
2025-06-12 07:30:00,49.86672560113154
2025-06-12 20:18:00,49.86672560113154
2025-06-12 16:09:00,14.2
2025-06-12 13:15:00,81.5
2025-06-12 11:06:00,77.6
2025-06-12 22:25:00,88.5
2025-06-12 11:13:00,47.7
2025-06-12 18:11:00,18.0
2025-06-12 23:22:00,88.3
2025-06-12 00:18:00,98.4
2025-06-12 12:44:00,83.8
2025-06-12 10:13:00,20.3
2025-06-12 17:06:00,25.0
2025-06-12 21:29:00,40.4
2025-06-12 04:05:00,3.9
2025-06-12 21:15:00,81.5
2025-06-12 07:21:00,61.3
2025-06-12 19:51:00,49.86672560113154
2025-06-12 11:42:00,98.6
2025-06-12 02:38:00,57.8
2025-06-12 18:45:00,18.7
2025-06-12 03:56:00,49.4
2025-06-12 23:25:00,99.4
2025-06-12 03:44:00,28.4
2025-06-12 02:52:00,7.1
2025-06-12 05:38:00,82.4
2025-06-12 08:35:00,31.8
2025-06-12 01:14:00,49.86672560113154
2025-06-12 20:10:00,94.0
2025-06-12 04:17:00,19.5
2025-06-12 11:51:00,85.1
2025-06-12 07:27:00,11.6
2025-06-12 13:53:00,24.4
2025-06-12 17:00:00,11.2
2025-06-12 18:12:00,16.8
2025-06-12 01:57:00,75.0
2025-06-12 15:15:00,42.0
2025-06-12 04:19:00,65.1
2025-06-12 10:41:00,70.2
2025-06-12 18:50:00,11.6
2025-06-12 11:09:00,72.9
2025-06-12 21:56:00,57.3
2025-06-12 15:33:00,91.5
2025-06-12 01:54:00,97.5
2025-06-12 13:56:00,31.3
2025-06-12 05:00:00,43.4
2025-06-12 08:32:00,89.6
2025-06-12 08:01:00,65.5
2025-06-12 00:22:00,49.86672560113154
2025-06-12 23:53:00,97.9
2025-06-12 20:38:00,18.7
2025-06-12 16:25:00,99.0
2025-06-12 01:00:00,49.86672560113154
2025-06-12 14:20:00,47.1
2025-06-12 16:55:00,59.4
2025-06-12 01:28:00,92.3
2025-06-12 11:34:00,63.5
2025-06-12 07:26:00,92.9
2025-06-12 18:49:00,49.86672560113154
2025-06-12 12:53:00,53.9
2025-06-12 15:58:00,77.5
2025-06-12 05:06:00,56.3
2025-06-12 14:19:00,25.4
2025-06-12 16:49:00,30.7
2025-06-12 08:44:00,85.5
2025-06-12 22:43:00,67.9
2025-06-12 02:39:00,92.7
2025-06-12 15:11:00,61.8
2025-06-12 18:43:00,44.4
2025-06-12 12:36:00,63.7
2025-06-12 01:59:00,72.5
2025-06-12 01:39:00,25.7
2025-06-12 07:06:00,71.8
2025-06-12 12:42:00,60.3
2025-06-12 10:07:00,40.8
2025-06-12 00:55:00,49.86672560113154
2025-06-12 13:35:00,73.0
2025-06-12 04:47:00,82.1
2025-06-12 05:25:00,89.0
2025-06-12 07:16:00,22.6
2025-06-12 20:47:00,37.8
2025-06-12 21:38:00,46.9
2025-06-12 08:34:00,36.0
2025-06-12 10:10:00,77.3
2025-06-12 18:44:00,52.7
2025-06-12 05:04:00,14.4
2025-06-12 04:30:00,33.9
2025-06-12 01:44:00,49.86672560113154
2025-06-12 09:35:00,19.5
2025-06-12 12:43:00,11.3
2025-06-12 22:31:00,49.86672560113154
2025-06-12 22:14:00,8.8
2025-06-12 14:41:00,49.86672560113154
2025-06-12 10:23:00,44.6
2025-06-12 20:35:00,50.9
2025-06-12 13:27:00,64.7
2025-06-12 07:31:00,77.8
2025-06-12 05:51:00,40.2
2025-06-12 06:39:00,49.86672560113154
2025-06-12 05:02:00,98.3
2025-06-12 14:53:00,7.8
2025-06-12 01:22:00,47.3
2025-06-12 09:33:00,20.2
2025-06-12 18:22:00,14.5
2025-06-12 09:13:00,59.3
2025-06-12 05:40:00,81.5
2025-06-12 17:26:00,63.6
2025-06-12 03:26:00,0.3
2025-06-12 19:06:00,53.5
2025-06-12 04:36:00,31.7
2025-06-12 03:29:00,49.86672560113154
2025-06-12 19:02:00,49.86672560113154
2025-06-12 01:37:00,1.5
2025-06-12 01:27:00,76.6
2025-06-12 23:32:00,43.0
2025-06-12 06:14:00,18.1
2025-06-12 17:23:00,49.86672560113154
2025-06-12 01:07:00,95.1
2025-06-12 20:24:00,49.86672560113154
2025-06-12 08:36:00,57.1
2025-06-12 12:50:00,49.86672560113154
2025-06-12 14:04:00,9.1
2025-06-12 16:24:00,49.86672560113154
2025-06-12 20:00:00,43.2
2025-06-12 03:06:00,87.6
2025-06-12 11:00:00,15.6
2025-06-12 18:59:00,13.5
2025-06-12 05:49:00,91.1
2025-06-12 20:37:00,49.86672560113154
2025-06-12 20:05:00,32.6
2025-06-12 19:49:00,18.1
2025-06-12 10:15:00,92.4
2025-06-12 14:54:00,13.4
2025-06-12 04:09:00,6.6
2025-06-12 09:08:00,15.0
2025-06-12 13:28:00,76.6
2025-06-12 14:13:00,29.5
2025-06-12 23:45:00,91.1
2025-06-12 05:53:00,52.1
2025-06-12 01:25:00,9.2
2025-06-12 06:04:00,41.6
2025-06-12 06:21:00,81.0
2025-06-12 17:24:00,62.4
2025-06-12 10:29:00,49.2
2025-06-12 06:29:00,76.6
2025-06-12 16:04:00,37.1
2025-06-12 16:02:00,92.0
2025-06-12 08:17:00,73.9
2025-06-12 01:05:00,64.8
2025-06-12 10:01:00,64.4
2025-06-12 06:01:00,49.86672560113154
2025-06-12 00:34:00,11.1
2025-06-12 11:16:00,49.86672560113154
2025-06-12 05:27:00,69.7
2025-06-12 18:31:00,11.2
2025-06-12 07:54:00,37.4
2025-06-12 00:59:00,40.5
2025-06-12 09:14:00,25.8
2025-06-12 21:04:00,49.86672560113154
2025-06-12 15:21:00,57.2
2025-06-12 13:02:00,11.6
2025-06-12 11:55:00,70.1
2025-06-12 18:29:00,18.1
2025-06-12 04:31:00,9.2
2025-06-12 03:47:00,28.5
2025-06-12 07:44:00,49.86672560113154
2025-06-12 23:55:00,42.6
2025-06-12 07:57:00,49.86672560113154
2025-06-12 00:07:00,31.2
2025-06-12 23:08:00,11.8
2025-06-12 10:33:00,71.4
2025-06-12 18:03:00,21.2
2025-06-12 21:30:00,56.1
2025-06-12 05:34:00,49.86672560113154
2025-06-12 12:37:00,49.86672560113154
2025-06-12 03:48:00,2.0
2025-06-12 23:51:00,42.9
2025-06-12 17:48:00,2.7
2025-06-12 08:15:00,66.1
2025-06-12 06:52:00,60.6
2025-06-12 19:37:00,21.0
2025-06-12 16:26:00,31.3
2025-06-12 00:37:00,41.3
2025-06-12 19:31:00,65.1
2025-06-12 12:48:00,50.613932505273034
2025-06-12 07:08:00,0.8
2025-06-12 10:33:00,92.6
2025-06-12 18:20:00,97.6
2025-06-12 03:01:00,41.4
2025-06-12 19:01:00,66.2
2025-06-12 04:56:00,93.5
2025-06-12 11:53:00,85.9
2025-06-12 13:54:00,32.2
2025-06-12 01:54:00,75.3
2025-06-12 05:52:00,57.2
2025-06-12 06:56:00,88.1
2025-06-12 22:06:00,5.1
2025-06-12 06:38:00,82.3
2025-06-12 13:28:00,5.5
2025-06-12 20:35:00,89.3
2025-06-12 13:51:00,50.613932505273034
2025-06-12 11:21:00,68.4
2025-06-12 22:16:00,50.613932505273034
2025-06-12 01:12:00,16.2
2025-06-12 17:04:00,41.4
2025-06-12 01:13:00,3.4
2025-06-12 21:15:00,50.613932505273034
2025-06-12 14:23:00,47.7
2025-06-12 13:50:00,4.6
2025-06-12 06:57:00,1.3
2025-06-12 17:12:00,68.7
2025-06-12 06:12:00,50.613932505273034
2025-06-12 11:13:00,89.9
2025-06-12 16:45:00,96.9
2025-06-12 21:44:00,69.5
2025-06-12 18:00:00,96.7
2025-06-12 12:36:00,50.613932505273034
2025-06-12 19:27:00,39.2
2025-06-12 02:04:00,0.4
2025-06-12 05:41:00,39.0
2025-06-12 13:22:00,13.2
2025-06-12 08:44:00,44.2
2025-06-12 03:28:00,18.5
2025-06-12 00:34:00,27.2
2025-06-12 15:52:00,61.5
2025-06-12 15:05:00,59.4
2025-06-12 02:55:00,17.6
2025-06-12 03:38:00,14.7
2025-06-12 09:26:00,49.1
2025-06-12 11:14:00,36.7
2025-06-12 05:56:00,62.3
2025-06-12 17:05:00,54.6
2025-06-12 13:00:00,19.7
2025-06-12 17:50:00,91.7
2025-06-12 10:55:00,18.8
2025-06-12 09:21:00,87.1
2025-06-12 23:26:00,39.0
2025-06-12 13:35:00,43.8
2025-06-12 11:45:00,0.4
2025-06-12 04:45:00,50.613932505273034
2025-06-12 13:42:00,50.613932505273034
2025-06-12 01:57:00,99.6
2025-06-12 21:09:00,59.7
2025-06-12 14:27:00,32.2
2025-06-12 14:49:00,50.613932505273034
2025-06-12 14:04:00,94.6
2025-06-12 07:10:00,52.1
2025-06-12 00:32:00,77.0
2025-06-12 07:16:00,70.5
2025-06-12 02:43:00,2.8
2025-06-12 13:56:00,47.0
2025-06-12 15:54:00,75.4
2025-06-12 23:53:00,76.7
2025-06-12 11:52:00,47.3
2025-06-12 07:20:00,94.2
2025-06-12 14:19:00,14.8
2025-06-12 09:09:00,7.2
2025-06-12 09:41:00,6.0
2025-06-12 15:23:00,68.7
2025-06-12 14:29:00,7.4
2025-06-12 13:32:00,4.1
2025-06-12 12:32:00,27.2
2025-06-12 15:59:00,82.8
2025-06-12 06:34:00,68.3
2025-06-12 17:02:00,39.6
2025-06-12 18:22:00,10.6
2025-06-12 11:42:00,56.4
2025-06-12 01:02:00,59.7
2025-06-12 15:51:00,50.613932505273034
2025-06-12 06:24:00,5.6
2025-06-12 06:01:00,42.1
2025-06-12 21:01:00,17.8
2025-06-12 02:10:00,60.8
2025-06-12 14:38:00,50.613932505273034
2025-06-12 03:33:00,88.0
2025-06-12 17:20:00,67.5
2025-06-12 22:02:00,28.9
2025-06-12 18:23:00,95.7
2025-06-12 06:49:00,32.0
2025-06-12 06:11:00,50.613932505273034
2025-06-12 03:21:00,13.6
2025-06-12 00:58:00,26.8
2025-06-12 14:42:00,24.5
2025-06-12 12:18:00,31.8
2025-06-12 18:33:00,13.9
2025-06-12 11:15:00,35.8
2025-06-12 16:39:00,64.2
2025-06-12 03:34:00,44.5
2025-06-12 14:20:00,9.4
2025-06-12 05:39:00,46.4
2025-06-12 05:54:00,93.7
2025-06-12 08:16:00,44.6
2025-06-12 08:30:00,85.4
2025-06-12 00:12:00,50.613932505273034
2025-06-12 10:13:00,89.9
2025-06-12 07:31:00,52.8
2025-06-12 04:34:00,15.0
2025-06-12 09:37:00,38.6
2025-06-12 18:07:00,45.7
2025-06-12 20:57:00,81.9
2025-06-12 09:17:00,39.9
2025-06-12 08:10:00,2.6
2025-06-12 21:18:00,72.6
2025-06-12 18:42:00,64.1
2025-06-12 01:00:00,78.3
2025-06-12 03:48:00,33.6
2025-06-12 13:02:00,36.9
2025-06-12 12:00:00,51.7
2025-06-12 11:31:00,18.5
2025-06-12 23:15:00,42.6
2025-06-12 18:28:00,25.8
2025-06-12 20:19:00,50.613932505273034
2025-06-12 13:07:00,94.4
2025-06-12 04:41:00,97.3
2025-06-12 09:18:00,91.0
2025-06-12 19:33:00,50.613932505273034
2025-06-12 05:19:00,31.0
2025-06-12 00:01:00,2.0
2025-06-12 05:47:00,42.2
2025-06-12 14:41:00,10.8
2025-06-12 19:16:00,50.613932505273034
2025-06-12 23:42:00,35.5
2025-06-12 06:10:00,28.1
2025-06-12 15:32:00,50.613932505273034
2025-06-12 03:07:00,20.7
2025-06-12 22:32:00,34.5
2025-06-12 08:03:00,50.613932505273034
2025-06-12 10:35:00,25.8
2025-06-12 18:25:00,50.613932505273034
2025-06-12 15:34:00,50.613932505273034
2025-06-12 05:18:00,50.613932505273034
2025-06-12 20:37:00,85.0
2025-06-12 12:11:00,50.613932505273034
2025-06-12 18:43:00,50.613932505273034
2025-06-12 19:36:00,50.613932505273034
2025-06-12 02:01:00,18.8
2025-06-12 13:44:00,50.613932505273034
2025-06-12 22:35:00,42.0
2025-06-12 12:08:00,54.9
2025-06-12 22:10:00,57.3
2025-06-12 12:54:00,54.7
2025-06-12 05:25:00,80.7
2025-06-12 15:08:00,75.3
2025-06-12 15:49:00,53.9
2025-06-12 09:07:00,99.8
2025-06-12 19:54:00,47.4
2025-06-12 04:16:00,39.6
2025-06-12 01:42:00,74.0
2025-06-12 06:28:00,89.8
2025-06-12 22:15:00,5.3
2025-06-12 13:33:00,83.8
2025-06-12 22:24:00,50.9
2025-06-12 23:41:00,41.7
2025-06-12 11:06:00,28.0
2025-06-12 04:39:00,50.613932505273034
2025-06-12 22:12:00,52.7
2025-06-12 06:42:00,23.9
2025-06-12 01:15:00,96.6
2025-06-12 19:18:00,24.7
2025-06-12 00:05:00,87.8
2025-06-12 16:05:00,32.3
2025-06-12 23:22:00,50.5
2025-06-12 02:40:00,81.1
2025-06-12 23:30:00,50.613932505273034
2025-06-12 19:30:00,37.2
2025-06-12 00:41:00,52.3
2025-06-12 01:22:00,4.1
2025-06-12 20:48:00,50.613932505273034
2025-06-12 06:58:00,44.1
2025-06-12 08:51:00,5.4
2025-06-12 10:20:00,50.613932505273034
2025-06-12 04:01:00,72.4
2025-06-12 05:22:00,4.7
2025-06-12 06:45:00,41.7
2025-06-12 14:57:00,28.7
2025-06-12 20:46:00,3.1
2025-06-12 22:31:00,50.613932505273034
2025-06-12 04:04:00,85.3
2025-06-12 04:21:00,98.9
2025-06-12 12:01:00,50.613932505273034
2025-06-12 20:54:00,68.8
2025-06-12 16:38:00,16.6
2025-06-12 12:55:00,50.613932505273034
2025-06-12 16:17:00,42.7
2025-06-12 13:17:00,50.613932505273034
2025-06-12 17:56:00,72.9
2025-06-12 11:16:00,93.4
2025-06-12 23:48:00,64.6
2025-06-12 19:50:00,87.4
2025-06-12 14:30:00,63.2
2025-06-12 14:50:00,20.4
2025-06-12 03:31:00,56.3
2025-06-12 02:16:00,50.613932505273034
2025-06-12 19:44:00,68.7
2025-06-12 19:53:00,60.7
2025-06-12 22:34:00,89.2
2025-06-12 11:29:00,50.613932505273034
2025-06-12 03:54:00,1.3
2025-06-12 17:08:00,19.9
2025-06-12 00:06:00,44.6
2025-06-12 09:31:00,83.1
2025-06-12 23:02:00,85.8
2025-06-12 22:01:00,89.4
2025-06-12 17:03:00,82.5
2025-06-12 00:57:00,23.1
2025-06-12 01:48:00,99.7
2025-06-12 08:06:00,10.6
2025-06-12 07:46:00,13.3
2025-06-12 00:47:00,19.7
2025-06-12 02:29:00,58.7
2025-06-12 08:20:00,50.613932505273034
2025-06-12 01:16:00,50.613932505273034
2025-06-12 21:02:00,93.5
2025-06-12 22:07:00,50.613932505273034
2025-06-12 18:04:00,99.1
2025-06-12 23:06:00,64.3
2025-06-12 02:32:00,24.6
2025-06-12 14:37:00,41.2
2025-06-12 09:53:00,78.6
2025-06-12 04:48:00,68.3
2025-06-12 04:07:00,36.7
2025-06-12 16:41:00,70.1
2025-06-12 19:24:00,34.0
2025-06-12 20:05:00,80.9
2025-06-12 12:39:00,47.8
2025-06-12 01:14:00,95.0
2025-06-12 05:38:00,37.4
2025-06-12 20:01:00,50.613932505273034
2025-06-12 11:54:00,25.0
2025-06-12 21:34:00,59.7
2025-06-12 16:58:00,9.8
2025-06-12 09:03:00,98.9
2025-06-12 07:30:00,50.613932505273034
2025-06-12 12:42:00,58.7
2025-06-12 16:54:00,66.9
2025-06-12 08:18:00,88.1
2025-06-12 03:05:00,11.9
2025-06-12 00:38:00,19.2
2025-06-12 05:24:00,94.3
2025-06-12 21:51:00,8.0
2025-06-12 23:13:00,59.0
2025-06-12 00:30:00,50.613932505273034
2025-06-12 22:00:00,34.2
2025-06-12 02:54:00,59.3
2025-06-12 21:04:00,4.1
2025-06-12 10:47:00,83.0
2025-06-12 21:52:00,63.2
2025-06-12 09:12:00,52.0
2025-06-12 03:45:00,44.6
2025-06-12 04:14:00,79.6
2025-06-12 18:29:00,12.0
2025-06-12 09:40:00,89.9
2025-06-12 07:09:00,28.2
2025-06-12 20:47:00,61.2
2025-06-12 02:22:00,45.8
2025-06-12 03:04:00,87.1
2025-06-12 15:02:00,53.6
2025-06-12 10:32:00,29.5
2025-06-12 01:32:00,73.1
2025-06-12 12:50:00,50.613932505273034
2025-06-12 15:17:00,23.2
2025-06-12 11:40:00,50.613932505273034
2025-06-12 15:56:00,71.6
2025-06-12 05:04:00,9.7
2025-06-12 07:34:00,50.3
2025-06-12 21:12:00,28.8
2025-06-12 22:47:00,50.613932505273034
2025-06-12 20:10:00,18.1
2025-06-12 17:41:00,37.3
2025-06-12 06:43:00,87.4
2025-06-12 03:51:00,36.7
2025-06-12 09:06:00,98.4
2025-06-12 16:06:00,34.4
2025-06-12 08:07:00,33.9
2025-06-12 22:03:00,30.5
2025-06-12 17:18:00,24.6
2025-06-12 20:44:00,37.0
2025-06-12 07:56:00,56.7
2025-06-12 03:43:00,39.0
2025-06-12 10:57:00,50.613932505273034
2025-06-12 13:52:00,35.1
2025-06-12 18:47:00,79.1
2025-06-12 04:25:00,90.9
2025-06-12 23:20:00,77.1
2025-06-12 01:17:00,56.9
2025-06-12 22:56:00,81.4
2025-06-12 08:39:00,88.5
2025-06-12 15:24:00,12.3
2025-06-12 18:31:00,41.3
2025-06-12 11:26:00,0.9
2025-06-12 05:07:00,5.1
2025-06-12 08:41:00,18.0
2025-06-12 10:25:00,96.3
2025-06-12 16:40:00,39.7
2025-06-12 07:10:00,35.8
2025-06-12 21:59:00,52.6
2025-06-12 16:09:00,50.17195767195767
2025-06-12 01:36:00,18.6
2025-06-12 16:31:00,13.0
2025-06-12 14:24:00,18.5
2025-06-12 15:01:00,49.0
2025-06-12 10:18:00,14.9
2025-06-12 12:15:00,45.6
2025-06-12 19:25:00,41.4
2025-06-12 04:39:00,33.3
2025-06-12 16:12:00,50.17195767195767
2025-06-12 12:05:00,2.6
2025-06-12 14:54:00,67.5
2025-06-12 16:30:00,83.6
2025-06-12 05:00:00,30.2
2025-06-12 06:15:00,23.3
2025-06-12 01:54:00,71.2
2025-06-12 05:13:00,11.2
2025-06-12 16:25:00,50.17195767195767
2025-06-12 05:42:00,76.5
2025-06-12 04:45:00,57.4
2025-06-12 17:49:00,50.4
2025-06-12 07:29:00,0.1
2025-06-12 05:44:00,6.2
2025-06-12 10:45:00,76.3
2025-06-12 09:03:00,4.3
2025-06-12 07:48:00,50.17195767195767
2025-06-12 07:51:00,86.9
2025-06-12 12:14:00,50.17195767195767
2025-06-12 13:44:00,50.17195767195767
2025-06-12 19:57:00,42.5
2025-06-12 07:19:00,50.17195767195767
2025-06-12 06:20:00,44.9
2025-06-12 14:15:00,36.2
2025-06-12 13:00:00,54.9
2025-06-12 11:54:00,59.1
2025-06-12 08:30:00,50.17195767195767
2025-06-12 00:40:00,62.7
2025-06-12 13:04:00,47.8
2025-06-12 15:33:00,50.17195767195767
2025-06-12 15:17:00,55.1
2025-06-12 13:36:00,34.4
2025-06-12 03:48:00,68.6
2025-06-12 15:53:00,62.0
2025-06-12 07:38:00,93.1
2025-06-12 01:30:00,3.3
2025-06-12 11:10:00,67.9
2025-06-12 02:49:00,50.17195767195767
2025-06-12 16:00:00,65.0
2025-06-12 06:56:00,25.7
2025-06-12 19:33:00,24.7
2025-06-12 00:26:00,49.7
2025-06-12 16:54:00,67.0
2025-06-12 18:11:00,59.1
2025-06-12 21:20:00,67.2
2025-06-12 01:31:00,31.2
2025-06-12 08:55:00,58.4
2025-06-12 14:31:00,4.2
2025-06-12 03:30:00,50.17195767195767
2025-06-12 21:51:00,50.17195767195767
2025-06-12 10:06:00,46.9
2025-06-12 01:09:00,90.9
2025-06-12 06:44:00,42.8
2025-06-12 06:35:00,63.5
2025-06-12 03:20:00,28.1
2025-06-12 06:30:00,50.17195767195767
2025-06-12 19:56:00,6.5
2025-06-12 12:12:00,81.9
2025-06-12 16:01:00,50.17195767195767
2025-06-12 04:55:00,25.7
2025-06-12 13:10:00,97.5
2025-06-12 04:50:00,29.7
2025-06-12 06:18:00,30.3
2025-06-12 19:47:00,50.17195767195767
2025-06-12 03:47:00,50.17195767195767
2025-06-12 21:42:00,40.8
2025-06-12 15:14:00,53.6
2025-06-12 01:11:00,89.1
2025-06-12 07:30:00,82.6
2025-06-12 05:26:00,28.5
2025-06-12 00:10:00,50.17195767195767
2025-06-12 22:18:00,62.9
2025-06-12 03:39:00,18.4
2025-06-12 10:56:00,19.7
2025-06-12 22:39:00,50.17195767195767
2025-06-12 15:16:00,13.7
2025-06-12 07:07:00,50.17195767195767
2025-06-12 05:17:00,96.3
2025-06-12 22:30:00,50.17195767195767
2025-06-12 20:27:00,61.1
2025-06-12 23:18:00,37.3
2025-06-12 08:11:00,62.6
2025-06-12 02:35:00,50.17195767195767
2025-06-12 17:16:00,68.8
2025-06-12 13:57:00,50.7
2025-06-12 13:01:00,63.0
2025-06-12 18:48:00,56.6
2025-06-12 13:37:00,76.4
2025-06-12 21:33:00,67.9
2025-06-12 01:16:00,77.6
2025-06-12 08:07:00,32.5
2025-06-12 23:33:00,50.17195767195767
2025-06-12 13:55:00,31.6
2025-06-12 14:21:00,57.0
2025-06-12 07:35:00,72.0
2025-06-12 07:50:00,82.1
2025-06-12 08:35:00,97.7
2025-06-12 08:26:00,50.17195767195767
2025-06-12 19:01:00,46.6
2025-06-12 14:20:00,20.6
2025-06-12 02:21:00,47.8
2025-06-12 10:36:00,21.5
2025-06-12 00:56:00,7.2
2025-06-12 10:32:00,81.4
2025-06-12 05:45:00,50.17195767195767
2025-06-12 03:32:00,90.3
2025-06-12 21:10:00,38.4
2025-06-12 10:24:00,50.17195767195767
2025-06-12 06:55:00,50.17195767195767
2025-06-12 13:39:00,34.2
2025-06-12 04:14:00,50.17195767195767
2025-06-12 00:39:00,22.3
2025-06-12 20:49:00,90.8
2025-06-12 12:42:00,5.9
2025-06-12 11:49:00,73.6
2025-06-12 04:26:00,50.17195767195767
2025-06-12 23:51:00,25.3
2025-06-12 09:31:00,30.3
2025-06-12 04:31:00,90.9
2025-06-12 07:37:00,12.4
2025-06-12 02:01:00,50.17195767195767
2025-06-12 13:07:00,86.2
2025-06-12 14:58:00,19.6
2025-06-12 01:34:00,86.1
2025-06-12 11:46:00,84.8
2025-06-12 11:24:00,50.17195767195767
2025-06-12 04:29:00,16.0
2025-06-12 03:46:00,55.9
2025-06-12 07:04:00,76.9
2025-06-12 11:02:00,25.7
2025-06-12 10:03:00,50.17195767195767
2025-06-12 13:49:00,50.17195767195767
2025-06-12 06:16:00,48.7
2025-06-12 17:18:00,8.9
2025-06-12 11:11:00,77.7
2025-06-12 16:08:00,8.0
2025-06-12 03:55:00,50.17195767195767
2025-06-12 02:07:00,17.9
2025-06-12 20:00:00,86.9
2025-06-12 04:19:00,76.3
2025-06-12 01:50:00,46.1
2025-06-12 03:27:00,82.5
2025-06-12 02:57:00,45.5
2025-06-12 03:08:00,69.8
2025-06-12 04:40:00,35.7
2025-06-12 19:14:00,60.5
2025-06-12 11:15:00,50.17195767195767
2025-06-12 09:36:00,50.17195767195767
2025-06-12 03:25:00,6.3
2025-06-12 16:52:00,50.17195767195767
2025-06-12 16:36:00,10.7
2025-06-12 04:01:00,74.3
2025-06-12 04:47:00,32.2
2025-06-12 14:52:00,50.17195767195767
2025-06-12 08:47:00,76.1
2025-06-12 00:29:00,43.6
2025-06-12 12:06:00,89.1
2025-06-12 16:28:00,40.4
2025-06-12 04:04:00,21.6
2025-06-12 15:58:00,62.1
2025-06-12 02:14:00,50.17195767195767
2025-06-12 23:00:00,91.2
2025-06-12 18:28:00,24.9
2025-06-12 21:15:00,48.6
2025-06-12 05:29:00,49.7
2025-06-12 17:50:00,77.7
2025-06-12 07:41:00,29.2
2025-06-12 12:49:00,92.9
2025-06-12 11:42:00,56.8
2025-06-12 16:06:00,9.6
2025-06-12 14:23:00,50.17195767195767
2025-06-12 21:50:00,12.3
2025-06-12 06:52:00,87.1
2025-06-12 11:34:00,25.9
2025-06-12 10:04:00,54.0
2025-06-12 07:25:00,21.5
2025-06-12 03:49:00,57.0
2025-06-12 02:15:00,50.17195767195767
2025-06-12 23:59:00,46.0
2025-06-12 18:51:00,80.3
2025-06-12 19:53:00,31.4
2025-06-12 06:47:00,62.5
2025-06-12 18:04:00,42.0
2025-06-12 10:58:00,81.9
2025-06-12 13:46:00,3.1
2025-06-12 23:34:00,62.7
2025-06-12 21:43:00,50.17195767195767
2025-06-12 16:21:00,90.6
2025-06-12 01:32:00,67.4
2025-06-12 19:37:00,34.3
2025-06-12 18:41:00,83.4
2025-06-12 16:04:00,48.4
2025-06-12 02:58:00,67.9
2025-06-12 07:13:00,15.9
2025-06-12 21:11:00,11.5
2025-06-12 09:09:00,52.4
2025-06-12 03:21:00,56.3
2025-06-12 17:30:00,15.3
2025-06-12 09:29:00,19.3
2025-06-12 04:32:00,50.17195767195767
2025-06-12 11:18:00,73.5
2025-06-12 15:26:00,86.2
2025-06-12 12:55:00,44.7
2025-06-12 05:14:00,42.0
2025-06-12 10:01:00,68.2
2025-06-12 14:56:00,32.6
2025-06-12 06:53:00,31.4
2025-06-12 17:21:00,69.8
2025-06-12 06:12:00,12.1
2025-06-12 21:52:00,60.3
2025-06-12 12:32:00,77.0
2025-06-12 03:02:00,50.17195767195767
2025-06-12 18:50:00,18.3
2025-06-12 19:41:00,68.8
2025-06-12 09:39:00,71.1
2025-06-12 04:27:00,30.5
2025-06-12 09:40:00,56.1
2025-06-12 18:13:00,13.1
2025-06-12 18:01:00,77.2
2025-06-12 07:17:00,40.0
2025-06-12 20:52:00,32.5
2025-06-12 22:46:00,76.1
2025-06-12 08:34:00,50.17195767195767
2025-06-12 18:33:00,59.1
2025-06-12 20:02:00,10.8
2025-06-12 03:53:00,83.1
2025-06-12 01:20:00,23.5
2025-06-12 14:59:00,30.0
2025-06-12 07:58:00,62.6
2025-06-12 03:28:00,66.4
2025-06-12 08:44:00,58.7
2025-06-12 15:13:00,22.6
2025-06-12 06:01:00,3.5
2025-06-12 22:01:00,70.1
2025-06-12 10:21:00,16.3
2025-06-12 16:55:00,56.2
2025-06-12 23:36:00,69.6
2025-06-12 21:08:00,50.17195767195767
2025-06-12 21:55:00,51.4
2025-06-12 17:00:00,91.1
2025-06-12 05:56:00,50.3
2025-06-12 12:34:00,25.2
2025-06-12 01:06:00,90.9
2025-06-12 22:36:00,99.4
2025-06-12 10:10:00,90.3
2025-06-12 20:36:00,1.7
2025-06-12 20:08:00,9.3
2025-06-12 03:59:00,48.5
2025-06-12 10:44:00,56.8
2025-06-12 09:25:00,6.5
2025-06-12 21:36:00,68.8
2025-06-12 23:32:00,49.2
2025-06-12 13:09:00,74.5
2025-06-12 09:06:00,30.6
2025-06-12 19:34:00,28.1
2025-06-12 18:12:00,50.17195767195767
2025-06-12 23:40:00,61.4
2025-06-12 21:02:00,68.4
2025-06-12 21:03:00,71.1
2025-06-12 22:00:00,47.4
2025-06-12 06:22:00,31.8
2025-06-12 09:37:00,19.7
2025-06-12 10:57:00,50.17195767195767
2025-06-12 14:06:00,21.5
2025-06-12 10:55:00,84.6
2025-06-12 03:15:00,18.0
2025-06-12 09:14:00,91.7
2025-06-12 07:34:00,50.8
2025-06-12 21:39:00,26.6
2025-06-12 03:34:00,81.5
2025-06-12 12:08:00,32.3
2025-06-12 00:38:00,88.9
2025-06-12 07:44:00,18.7
2025-06-12 12:41:00,46.4
2025-06-12 06:14:00,96.8
2025-06-12 22:42:00,95.4
2025-06-12 23:13:00,56.7
2025-06-12 20:33:00,54.7
2025-06-12 20:11:00,12.8
2025-06-12 03:11:00,45.2
2025-06-12 02:19:00,87.6
2025-06-12 02:39:00,33.8
2025-06-12 03:52:00,84.4
2025-06-12 14:45:00,65.0
2025-06-12 14:03:00,41.7
2025-06-12 15:35:00,72.0
2025-06-12 11:40:00,60.2
2025-06-12 05:51:00,20.7
2025-06-12 19:30:00,90.0
2025-06-12 16:53:00,14.1
2025-06-12 20:43:00,49.69252501471454
2025-06-12 13:25:00,37.8
2025-06-12 11:30:00,49.69252501471454
2025-06-12 10:18:00,31.4
2025-06-12 22:10:00,81.6
2025-06-12 10:31:00,28.2
2025-06-12 23:09:00,30.2
2025-06-12 14:07:00,60.4
2025-06-12 15:22:00,70.6
2025-06-12 18:36:00,17.8
2025-06-12 18:43:00,26.7
2025-06-12 16:34:00,85.5
2025-06-12 14:22:00,95.2
2025-06-12 23:25:00,68.4
2025-06-12 06:27:00,24.6
2025-06-12 21:01:00,49.69252501471454
2025-06-12 00:08:00,14.5
2025-06-12 10:29:00,2.5
2025-06-12 09:58:00,25.4
2025-06-12 17:07:00,49.69252501471454
2025-06-12 03:01:00,34.7
2025-06-12 02:27:00,61.3
2025-06-12 19:53:00,93.1
2025-06-12 15:26:00,90.6
2025-06-12 23:27:00,44.2
2025-06-12 06:28:00,49.69252501471454
2025-06-12 12:32:00,49.69252501471454
2025-06-12 09:31:00,71.2
2025-06-12 04:19:00,97.9
2025-06-12 07:27:00,68.3
2025-06-12 07:31:00,4.2
2025-06-12 12:18:00,49.69252501471454
2025-06-12 08:40:00,17.2
2025-06-12 18:31:00,94.4
2025-06-12 01:26:00,89.1
2025-06-12 18:30:00,33.4
2025-06-12 17:04:00,49.69252501471454
2025-06-12 19:27:00,89.1
2025-06-12 13:59:00,73.9
2025-06-12 13:18:00,90.0
2025-06-12 22:12:00,84.1
2025-06-12 23:16:00,75.3
2025-06-12 03:23:00,56.1
2025-06-12 21:39:00,65.3
2025-06-12 05:25:00,37.8
2025-06-12 05:44:00,56.0
2025-06-12 22:29:00,63.3
2025-06-12 22:25:00,57.9
2025-06-12 04:43:00,83.2
2025-06-12 02:00:00,47.7
2025-06-12 16:08:00,97.2
2025-06-12 14:51:00,49.69252501471454
2025-06-12 19:44:00,9.6
2025-06-12 08:04:00,20.1
2025-06-12 02:17:00,49.69252501471454
2025-06-12 04:03:00,79.7
2025-06-12 22:20:00,26.4
2025-06-12 21:12:00,48.6
2025-06-12 18:18:00,7.4
2025-06-12 09:42:00,49.69252501471454
2025-06-12 22:56:00,42.9
2025-06-12 15:52:00,18.9
2025-06-12 09:33:00,73.1
2025-06-12 16:31:00,90.8
2025-06-12 10:37:00,73.7
2025-06-12 23:20:00,37.9
2025-06-12 00:10:00,5.7
2025-06-12 06:12:00,49.69252501471454
2025-06-12 21:42:00,71.0
2025-06-12 20:30:00,32.6
2025-06-12 08:31:00,2.7
2025-06-12 10:00:00,49.69252501471454
2025-06-12 13:29:00,4.2
2025-06-12 17:47:00,21.8
2025-06-12 20:47:00,49.69252501471454
2025-06-12 14:52:00,25.9
2025-06-12 12:23:00,42.5
2025-06-12 23:59:00,33.7
2025-06-12 21:24:00,49.69252501471454
2025-06-12 14:11:00,17.2
2025-06-12 04:07:00,49.69252501471454
2025-06-12 17:02:00,37.4
2025-06-12 15:51:00,17.6
2025-06-12 05:09:00,82.6
2025-06-12 14:18:00,33.2
2025-06-12 11:38:00,88.1
2025-06-12 02:49:00,35.6
2025-06-12 01:06:00,41.4
2025-06-12 01:17:00,50.3
2025-06-12 01:14:00,29.2
2025-06-12 04:26:00,49.69252501471454
2025-06-12 23:24:00,37.3
2025-06-12 02:53:00,49.69252501471454
2025-06-12 08:32:00,1.5
2025-06-12 03:46:00,49.69252501471454
2025-06-12 20:54:00,67.5
2025-06-12 07:06:00,1.1
2025-06-12 04:40:00,96.2
2025-06-12 16:11:00,49.69252501471454
2025-06-12 17:59:00,78.5
2025-06-12 00:14:00,3.4
2025-06-12 04:53:00,51.5
2025-06-12 08:14:00,81.2
2025-06-12 10:10:00,94.6
2025-06-12 17:00:00,94.6
2025-06-12 22:36:00,41.8
2025-06-12 17:50:00,70.3
2025-06-12 02:46:00,38.0
2025-06-12 22:05:00,38.0
2025-06-12 02:13:00,39.6
2025-06-12 10:33:00,58.5
2025-06-12 14:04:00,48.9
2025-06-12 21:58:00,19.0
2025-06-12 23:29:00,87.5
2025-06-12 21:49:00,35.2
2025-06-12 12:31:00,60.5
2025-06-12 02:26:00,80.5
2025-06-12 13:39:00,49.69252501471454
2025-06-12 04:49:00,8.5
2025-06-12 10:01:00,49.69252501471454
2025-06-12 00:57:00,95.6
2025-06-12 18:05:00,39.8
2025-06-12 13:02:00,74.5
2025-06-12 01:09:00,10.5
2025-06-12 19:39:00,19.7
2025-06-12 00:25:00,49.69252501471454
2025-06-12 01:19:00,67.7
2025-06-12 13:00:00,34.3
2025-06-12 21:51:00,98.3
2025-06-12 07:07:00,60.5
2025-06-12 16:40:00,12.4
2025-06-12 15:42:00,63.2
2025-06-12 03:55:00,88.9
2025-06-12 08:17:00,98.2
2025-06-12 09:44:00,31.6
2025-06-12 18:11:00,92.1
2025-06-12 09:53:00,63.0
2025-06-12 16:00:00,81.5
2025-06-12 05:58:00,56.2
2025-06-12 18:01:00,51.4
2025-06-12 12:40:00,63.1
2025-06-12 22:35:00,7.6
2025-06-12 10:41:00,38.6
2025-06-12 15:01:00,4.6
2025-06-12 23:06:00,7.4
2025-06-12 01:18:00,54.0
2025-06-12 09:20:00,68.8
2025-06-12 07:22:00,13.4
2025-06-12 10:06:00,67.6
2025-06-12 22:31:00,7.5
2025-06-12 02:22:00,61.7
2025-06-12 02:48:00,29.5
2025-06-12 12:10:00,10.9
2025-06-12 01:15:00,49.69252501471454
2025-06-12 11:16:00,95.7
2025-06-12 16:27:00,6.7
2025-06-12 15:09:00,63.2
2025-06-12 20:09:00,14.6
2025-06-12 17:10:00,96.5
2025-06-12 02:56:00,38.7
2025-06-12 13:10:00,42.6
2025-06-12 11:53:00,21.4
2025-06-12 23:11:00,83.5
2025-06-12 19:45:00,49.69252501471454
2025-06-12 07:30:00,43.6
2025-06-12 22:34:00,67.6
2025-06-12 04:01:00,31.4
2025-06-12 12:24:00,53.7
2025-06-12 01:08:00,90.0
2025-06-12 13:34:00,67.6
2025-06-12 04:35:00,69.1
2025-06-12 19:48:00,94.4
2025-06-12 08:39:00,99.0
2025-06-12 16:12:00,29.7
2025-06-12 01:31:00,38.4
2025-06-12 12:37:00,20.1
2025-06-12 09:56:00,75.5
2025-06-12 01:46:00,73.6
2025-06-12 19:14:00,50.3
2025-06-12 12:59:00,68.8
2025-06-12 15:29:00,41.3
2025-06-12 05:38:00,37.9
2025-06-12 09:57:00,43.5
2025-06-12 17:06:00,19.3
2025-06-12 00:26:00,3.9
2025-06-12 13:28:00,6.1
2025-06-12 12:42:00,50.9
2025-06-12 04:31:00,44.7
2025-06-12 18:44:00,22.1
2025-06-12 10:36:00,49.69252501471454
2025-06-12 21:47:00,77.8
2025-06-12 11:19:00,70.5
2025-06-12 23:04:00,49.69252501471454
2025-06-12 19:19:00,49.69252501471454
2025-06-12 18:17:00,58.6
2025-06-12 06:23:00,36.5
2025-06-12 16:16:00,67.6
2025-06-12 04:56:00,85.8
2025-06-12 12:09:00,90.8
2025-06-12 04:57:00,16.0
2025-06-12 15:32:00,49.69252501471454
2025-06-12 00:16:00,5.1
2025-06-12 18:37:00,94.1
2025-06-12 13:46:00,49.69252501471454
2025-06-12 23:33:00,59.3
2025-06-12 16:36:00,63.3
2025-06-12 21:26:00,7.0
2025-06-12 11:17:00,39.3
2025-06-12 22:30:00,42.7
2025-06-12 04:37:00,17.4
2025-06-12 08:46:00,76.6
2025-06-12 05:29:00,79.1
2025-06-12 08:42:00,83.6
2025-06-12 11:21:00,14.9
2025-06-12 23:08:00,71.8
2025-06-12 13:47:00,28.9
2025-06-12 17:03:00,49.69252501471454
2025-06-12 08:02:00,42.0
2025-06-12 18:14:00,36.4
2025-06-12 05:21:00,64.2
2025-06-12 22:47:00,14.3
2025-06-12 16:52:00,55.8
2025-06-12 13:40:00,86.1
2025-06-12 16:41:00,52.0
2025-06-12 17:39:00,84.7
2025-06-12 11:50:00,22.9
2025-06-12 22:40:00,89.4
2025-06-12 22:59:00,49.69252501471454
2025-06-12 02:16:00,72.4
2025-06-12 01:32:00,94.8
2025-06-12 19:49:00,1.9
2025-06-12 05:39:00,92.5
2025-06-12 06:04:00,49.69252501471454
2025-06-12 11:56:00,49.69252501471454
2025-06-12 16:32:00,56.1
2025-06-12 01:48:00,63.3
2025-06-12 06:07:00,48.8
2025-06-12 02:31:00,66.4
2025-06-12 12:49:00,44.4
2025-06-12 18:32:00,65.7
2025-06-12 10:25:00,48.5
2025-06-12 00:20:00,64.3
2025-06-12 03:29:00,51.6
2025-06-12 20:14:00,49.69252501471454
2025-06-12 16:44:00,77.0
2025-06-12 10:35:00,49.69252501471454
2025-06-12 07:20:00,49.69252501471454
2025-06-12 04:59:00,82.3
2025-06-12 19:28:00,49.69252501471454
2025-06-12 18:38:00,77.5
2025-06-12 14:34:00,51.7
2025-06-12 09:49:00,31.6
2025-06-12 23:57:00,10.9
2025-06-12 00:28:00,49.69252501471454
2025-06-12 12:48:00,63.7
2025-06-12 06:14:00,49.69252501471454
2025-06-12 00:03:00,54.5
2025-06-12 10:11:00,84.2
2025-06-12 01:38:00,9.5
2025-06-12 17:18:00,81.8
2025-06-12 21:27:00,87.3
2025-06-12 15:21:00,47.8
2025-06-12 10:52:00,77.3
2025-06-12 13:44:00,68.6
2025-06-12 08:38:00,60.5
2025-06-12 00:06:00,55.1
2025-06-12 06:03:00,90.8
2025-06-12 23:00:00,69.6
2025-06-12 22:09:00,20.7
2025-06-12 19:51:00,82.3
2025-06-12 01:41:00,23.9
2025-06-12 18:06:00,22.6
2025-06-12 12:56:00,30.7
2025-06-12 09:04:00,50.2
2025-06-12 05:05:00,40.9
2025-06-12 16:20:00,58.4
2025-06-12 13:57:00,30.3
2025-06-12 20:16:00,49.69252501471454
2025-06-12 19:05:00,3.5
2025-06-12 04:23:00,3.7
2025-06-12 00:36:00,49.69252501471454
2025-06-12 17:28:00,92.4
2025-06-12 03:33:00,49.69252501471454
2025-06-12 03:17:00,21.9
2025-06-12 05:12:00,90.6
2025-06-12 03:18:00,28.0
2025-06-12 14:43:00,73.8
2025-06-12 06:32:00,1.1
2025-06-12 23:28:00,66.6
2025-06-12 18:03:00,0.7
2025-06-12 18:03:00,96.7
2025-06-12 03:00:00,69.0
2025-06-12 03:21:00,36.0
2025-06-12 02:22:00,2.4
2025-06-12 06:26:00,22.0
2025-06-12 04:57:00,28.5
2025-06-12 09:22:00,3.1
2025-06-12 07:40:00,84.1
2025-06-12 03:01:00,65.2
2025-06-12 21:32:00,18.2
2025-06-12 13:17:00,49.88181818181819
2025-06-12 11:25:00,34.1
2025-06-12 08:47:00,49.88181818181819
2025-06-12 19:25:00,37.7
2025-06-12 04:00:00,58.6
2025-06-12 05:24:00,49.88181818181819
2025-06-12 06:24:00,36.0
2025-06-12 01:02:00,91.7
2025-06-12 00:37:00,45.9
2025-06-12 16:56:00,50.9
2025-06-12 12:59:00,49.88181818181819
2025-06-12 02:06:00,95.3
2025-06-12 05:29:00,49.88181818181819
2025-06-12 05:35:00,99.1
2025-06-12 19:57:00,4.4
2025-06-12 17:15:00,57.3
2025-06-12 18:10:00,93.4
2025-06-12 21:02:00,81.0
2025-06-12 16:09:00,92.0
2025-06-12 17:56:00,49.88181818181819
2025-06-12 19:44:00,47.1
2025-06-12 11:30:00,69.5
2025-06-12 00:13:00,1.5
2025-06-12 04:44:00,4.9
2025-06-12 11:59:00,91.1
2025-06-12 06:44:00,84.3
2025-06-12 08:18:00,49.88181818181819
2025-06-12 20:21:00,71.0
2025-06-12 00:29:00,60.8
2025-06-12 07:14:00,9.7
2025-06-12 18:48:00,98.8
2025-06-12 13:05:00,19.1
2025-06-12 17:53:00,76.9
2025-06-12 04:04:00,45.8
2025-06-12 23:04:00,59.2
2025-06-12 17:43:00,49.88181818181819
2025-06-12 01:28:00,63.0
2025-06-12 01:41:00,28.4
2025-06-12 15:35:00,77.2
2025-06-12 01:30:00,14.9
2025-06-12 15:52:00,49.88181818181819
2025-06-12 08:23:00,49.88181818181819
2025-06-12 13:41:00,89.3
2025-06-12 09:13:00,64.7
2025-06-12 11:23:00,89.9
2025-06-12 21:10:00,36.4
2025-06-12 04:42:00,49.88181818181819
2025-06-12 19:16:00,49.9
2025-06-12 00:41:00,37.4
2025-06-12 06:13:00,44.8
2025-06-12 00:26:00,31.9
2025-06-12 23:38:00,33.9
2025-06-12 01:21:00,49.88181818181819
2025-06-12 17:30:00,32.0
2025-06-12 12:37:00,97.7
2025-06-12 12:29:00,36.4
2025-06-12 12:34:00,49.88181818181819
2025-06-12 11:27:00,63.9
2025-06-12 18:15:00,6.5
2025-06-12 23:53:00,40.2
2025-06-12 18:07:00,68.8
2025-06-12 20:59:00,33.0
2025-06-12 15:07:00,24.7
2025-06-12 21:19:00,46.7
2025-06-12 14:05:00,97.0
2025-06-12 21:00:00,30.2
2025-06-12 04:06:00,85.0
2025-06-12 13:21:00,49.88181818181819
2025-06-12 15:05:00,98.4
2025-06-12 12:36:00,95.3
2025-06-12 14:48:00,23.8
2025-06-12 20:55:00,31.7
2025-06-12 04:56:00,48.9
2025-06-12 20:54:00,67.1
2025-06-12 18:41:00,77.2
2025-06-12 06:51:00,2.2
2025-06-12 22:27:00,41.0
2025-06-12 08:52:00,16.3
2025-06-12 07:26:00,49.88181818181819
2025-06-12 08:25:00,63.8
2025-06-12 09:03:00,53.7
2025-06-12 21:34:00,13.1
2025-06-12 03:36:00,49.88181818181819
2025-06-12 01:04:00,49.88181818181819
2025-06-12 21:01:00,32.8
2025-06-12 18:57:00,8.6
2025-06-12 20:50:00,49.88181818181819
2025-06-12 23:58:00,2.6
2025-06-12 09:12:00,62.7
2025-06-12 03:26:00,33.1
2025-06-12 05:48:00,49.88181818181819
2025-06-12 15:31:00,38.9
2025-06-12 19:14:00,50.0
2025-06-12 21:06:00,49.88181818181819
2025-06-12 17:04:00,24.6
2025-06-12 02:01:00,16.3
2025-06-12 05:41:00,2.3
2025-06-12 07:05:00,63.5
2025-06-12 23:29:00,21.7
2025-06-12 08:48:00,82.7
2025-06-12 18:05:00,19.0
2025-06-12 02:48:00,30.0
2025-06-12 00:08:00,42.4
2025-06-12 02:50:00,56.0
2025-06-12 22:03:00,61.8
2025-06-12 20:18:00,97.0
2025-06-12 05:10:00,97.4
2025-06-12 06:48:00,79.8
2025-06-12 02:49:00,49.88181818181819
2025-06-12 13:30:00,57.9
2025-06-12 08:21:00,13.0
2025-06-12 12:41:00,80.9
2025-06-12 16:39:00,68.9
2025-06-12 04:21:00,49.88181818181819
2025-06-12 23:08:00,55.7
2025-06-12 15:14:00,17.4
2025-06-12 17:21:00,48.1
2025-06-12 16:07:00,4.1
2025-06-12 22:44:00,26.3
2025-06-12 21:53:00,36.4
2025-06-12 05:04:00,72.6
2025-06-12 04:25:00,97.4
2025-06-12 10:59:00,12.7
2025-06-12 17:24:00,96.9
2025-06-12 22:42:00,15.1
2025-06-12 13:59:00,99.1
2025-06-12 07:13:00,42.0
2025-06-12 15:26:00,36.7
2025-06-12 02:25:00,95.7
2025-06-12 09:05:00,86.9
2025-06-12 12:12:00,44.7
2025-06-12 11:40:00,64.4
2025-06-12 09:01:00,50.1
2025-06-12 08:39:00,71.9
2025-06-12 04:07:00,83.4
2025-06-12 03:13:00,33.7
2025-06-12 14:31:00,49.88181818181819
2025-06-12 03:58:00,9.1
2025-06-12 21:55:00,14.6
2025-06-12 08:35:00,71.0
2025-06-12 06:03:00,49.88181818181819
2025-06-12 16:04:00,33.1
2025-06-12 00:20:00,85.9
2025-06-12 14:50:00,88.0
2025-06-12 23:21:00,0.6
2025-06-12 12:42:00,63.6
2025-06-12 00:36:00,31.7
2025-06-12 02:51:00,15.0
2025-06-12 01:22:00,72.5
2025-06-12 18:00:00,56.0
2025-06-12 06:19:00,34.6
2025-06-12 01:31:00,64.1
2025-06-12 16:17:00,97.1
2025-06-12 21:27:00,57.0
2025-06-12 11:52:00,6.2
2025-06-12 20:58:00,54.1
2025-06-12 12:04:00,43.6
2025-06-12 17:23:00,31.5
2025-06-12 09:17:00,14.1
2025-06-12 17:42:00,99.8
2025-06-12 02:41:00,49.88181818181819
2025-06-12 11:31:00,49.88181818181819
2025-06-12 19:37:00,49.88181818181819
2025-06-12 20:31:00,16.5
2025-06-12 11:56:00,56.8
2025-06-12 07:41:00,45.6
2025-06-12 21:54:00,4.9
2025-06-12 19:39:00,98.1
2025-06-12 03:02:00,22.2
2025-06-12 06:53:00,32.4
2025-06-12 00:34:00,77.6
2025-06-12 10:20:00,49.88181818181819
2025-06-12 23:11:00,25.1
2025-06-12 05:15:00,13.9
2025-06-12 20:51:00,68.0
2025-06-12 02:34:00,30.3
2025-06-12 03:19:00,49.88181818181819
2025-06-12 19:31:00,83.5
2025-06-12 14:01:00,88.6
2025-06-12 23:31:00,34.4
2025-06-12 11:37:00,4.0
2025-06-12 20:14:00,52.7
2025-06-12 15:27:00,7.4
2025-06-12 23:05:00,32.7
2025-06-12 14:28:00,24.4
2025-06-12 13:14:00,90.5
2025-06-12 01:54:00,50.7
2025-06-12 19:54:00,16.4
2025-06-12 23:35:00,85.1
2025-06-12 14:14:00,13.1
2025-06-12 05:05:00,60.4
2025-06-12 01:20:00,24.7
2025-06-12 08:15:00,49.88181818181819
2025-06-12 02:32:00,79.5
2025-06-12 03:44:00,61.0
2025-06-12 10:56:00,49.88181818181819
2025-06-12 11:07:00,16.7
2025-06-12 06:06:00,42.8
2025-06-12 06:25:00,49.88181818181819
2025-06-12 09:54:00,58.8
2025-06-12 09:29:00,35.3
2025-06-12 04:16:00,63.1
2025-06-12 13:19:00,93.0
2025-06-12 02:16:00,77.6
2025-06-12 10:11:00,10.6
2025-06-12 09:23:00,92.1
2025-06-12 15:21:00,27.8
2025-06-12 10:51:00,66.3
2025-06-12 21:52:00,20.2
2025-06-12 10:19:00,71.2
2025-06-12 04:34:00,73.3
2025-06-12 14:27:00,96.1
2025-06-12 01:01:00,97.3
2025-06-12 18:13:00,49.88181818181819
2025-06-12 08:05:00,49.88181818181819
2025-06-12 04:40:00,50.8
2025-06-12 02:27:00,58.9
2025-06-12 09:59:00,61.8
2025-06-12 14:03:00,47.2
2025-06-12 19:48:00,95.4
2025-06-12 00:49:00,12.8
2025-06-12 23:39:00,28.0
2025-06-12 19:52:00,87.3
2025-06-12 03:29:00,63.3
2025-06-12 15:09:00,73.2
2025-06-12 19:45:00,97.1
2025-06-12 23:37:00,49.88181818181819
2025-06-12 16:21:00,68.6
2025-06-12 13:51:00,91.1
2025-06-12 04:35:00,17.0
2025-06-12 11:22:00,6.8
2025-06-12 22:31:00,77.2
2025-06-12 12:14:00,49.88181818181819
2025-06-12 21:09:00,63.5
2025-06-12 19:58:00,85.4
2025-06-12 10:13:00,49.88181818181819
2025-06-12 22:02:00,39.5
2025-06-12 10:52:00,39.6
2025-06-12 00:10:00,89.5
2025-06-12 06:31:00,13.6
2025-06-12 19:20:00,96.5
2025-06-12 21:31:00,65.2
2025-06-12 22:24:00,80.3
2025-06-12 22:20:00,98.4
2025-06-12 12:26:00,94.8
2025-06-12 21:04:00,77.1
2025-06-12 09:02:00,99.0
2025-06-12 16:13:00,11.7
2025-06-12 06:17:00,49.88181818181819
2025-06-12 03:54:00,49.88181818181819
2025-06-12 07:35:00,19.1
2025-06-12 04:11:00,42.2
2025-06-12 18:31:00,69.6
2025-06-12 17:22:00,82.2
2025-06-12 19:35:00,49.88181818181819
2025-06-12 08:01:00,36.7
2025-06-12 20:15:00,17.7
2025-06-12 04:24:00,13.3
2025-06-12 12:19:00,49.88181818181819
2025-06-12 23:19:00,49.88181818181819
2025-06-12 20:41:00,2.8
2025-06-12 06:07:00,12.3
2025-06-12 13:32:00,62.6
2025-06-12 02:35:00,68.1
2025-06-12 03:04:00,94.4
2025-06-12 16:49:00,49.88181818181819
2025-06-12 11:21:00,11.6
2025-06-12 15:51:00,4.3
2025-06-12 08:26:00,72.6
2025-06-12 23:22:00,94.5
2025-06-12 04:31:00,49.88181818181819
2025-06-12 09:33:00,49.88181818181819
2025-06-12 11:12:00,49.88181818181819
2025-06-12 07:47:00,29.8
2025-06-12 18:01:00,2.3
2025-06-12 06:36:00,7.2
2025-06-12 00:44:00,3.7
2025-06-12 07:25:00,27.3
2025-06-12 16:46:00,69.0
2025-06-12 03:10:00,45.9
2025-06-12 10:35:00,30.4
2025-06-12 20:32:00,62.9
2025-06-12 12:18:00,40.1
2025-06-12 11:39:00,47.3
2025-06-12 11:13:00,0.9
2025-06-12 15:01:00,69.8
2025-06-12 21:49:00,24.9
2025-06-12 05:38:00,49.88181818181819
2025-06-12 16:10:00,57.1
2025-06-12 20:09:00,13.3
2025-06-12 00:25:00,61.4
2025-06-12 06:21:00,26.0
2025-06-12 23:52:00,5.6
2025-06-12 05:36:00,4.4
2025-06-12 09:20:00,28.6
2025-06-12 19:40:00,69.8
2025-06-12 03:51:00,3.9
2025-06-12 14:52:00,39.1
2025-06-12 07:15:00,43.5
2025-06-12 07:52:00,44.0
2025-06-12 08:42:00,78.9
2025-06-12 20:47:00,38.7
2025-06-12 18:06:00,49.88181818181819
2025-06-12 21:33:00,49.88181818181819
2025-06-12 05:40:00,67.4
2025-06-12 16:01:00,84.3
2025-06-12 08:30:00,15.1
2025-06-12 12:57:00,2.1
2025-06-12 12:35:00,77.1
2025-06-12 04:58:00,4.5
2025-06-12 06:37:00,12.7
2025-06-12 10:41:00,75.5
2025-06-12 20:38:00,27.2
2025-06-12 00:50:00,24.8
2025-06-12 03:01:00,50.019744401453856
2025-06-12 10:28:00,84.5
2025-06-12 12:32:00,2.2
2025-06-12 07:51:00,47.1
2025-06-12 11:57:00,48.2
2025-06-12 08:08:00,86.7
2025-06-12 13:54:00,50.019744401453856
2025-06-12 05:47:00,65.7
2025-06-12 18:00:00,23.4
2025-06-12 21:01:00,50.0
2025-06-12 12:22:00,64.8
2025-06-12 15:01:00,31.5
2025-06-12 09:59:00,89.5
2025-06-12 01:21:00,44.3
2025-06-12 18:18:00,76.2
2025-06-12 17:52:00,63.5
2025-06-12 08:03:00,64.4
2025-06-12 11:42:00,90.5
2025-06-12 17:34:00,89.3
2025-06-12 21:17:00,55.9
2025-06-12 21:12:00,79.7
2025-06-12 08:14:00,4.2
2025-06-12 07:53:00,85.0
2025-06-12 04:43:00,65.9
2025-06-12 20:24:00,7.0
2025-06-12 15:03:00,80.6
2025-06-12 05:29:00,41.8
2025-06-12 14:35:00,82.5
2025-06-12 16:16:00,20.8
2025-06-12 21:53:00,63.2
2025-06-12 15:37:00,59.7
2025-06-12 13:29:00,52.9
2025-06-12 10:24:00,23.5
2025-06-12 21:10:00,55.0
2025-06-12 20:06:00,66.9
2025-06-12 15:11:00,60.1
2025-06-12 16:25:00,90.2
2025-06-12 23:44:00,44.6
2025-06-12 18:29:00,11.1
2025-06-12 20:04:00,50.019744401453856
2025-06-12 22:55:00,90.7
2025-06-12 06:16:00,55.0
2025-06-12 19:50:00,14.2
2025-06-12 20:08:00,6.1
2025-06-12 00:07:00,50.019744401453856
2025-06-12 13:00:00,43.7
2025-06-12 01:04:00,57.2
2025-06-12 07:25:00,88.9
2025-06-12 12:01:00,90.9
2025-06-12 02:03:00,41.6
2025-06-12 13:22:00,27.0
2025-06-12 16:54:00,61.9
2025-06-12 11:59:00,28.3
2025-06-12 16:22:00,26.9
2025-06-12 20:16:00,96.4
2025-06-12 10:12:00,6.5
2025-06-12 23:53:00,51.5
2025-06-12 05:15:00,50.019744401453856
2025-06-12 03:42:00,9.5
2025-06-12 03:13:00,27.4
2025-06-12 08:34:00,59.7
2025-06-12 01:01:00,67.2
2025-06-12 18:43:00,49.8
2025-06-12 00:29:00,2.9
2025-06-12 02:36:00,84.1
2025-06-12 04:25:00,15.8
2025-06-12 09:46:00,24.0
2025-06-12 00:10:00,50.019744401453856
2025-06-12 13:38:00,63.3
2025-06-12 04:15:00,68.1
2025-06-12 13:52:00,36.3
2025-06-12 04:18:00,77.6
2025-06-12 02:18:00,27.4
2025-06-12 00:26:00,73.6
2025-06-12 21:52:00,50.019744401453856
2025-06-12 20:57:00,24.9
2025-06-12 20:21:00,62.7
2025-06-12 06:58:00,65.3
2025-06-12 07:30:00,78.7
2025-06-12 03:27:00,37.9
2025-06-12 11:11:00,24.7
2025-06-12 23:51:00,55.2
2025-06-12 19:07:00,10.9
2025-06-12 10:05:00,77.6
2025-06-12 12:24:00,10.3
2025-06-12 10:50:00,50.019744401453856
2025-06-12 08:16:00,1.7
2025-06-12 21:59:00,70.7
2025-06-12 09:33:00,57.9
2025-06-12 03:49:00,50.019744401453856
2025-06-12 05:53:00,34.7
2025-06-12 15:12:00,53.9
2025-06-12 23:26:00,68.5
2025-06-12 00:38:00,52.6
2025-06-12 00:30:00,77.7
2025-06-12 03:45:00,10.1
2025-06-12 18:14:00,10.6
2025-06-12 19:05:00,9.8
2025-06-12 03:10:00,48.8
2025-06-12 21:32:00,57.1
2025-06-12 02:09:00,82.0
2025-06-12 00:34:00,99.1
2025-06-12 18:04:00,98.3
2025-06-12 16:48:00,92.4
2025-06-12 02:38:00,50.019744401453856
2025-06-12 01:00:00,38.4
2025-06-12 03:50:00,93.9
2025-06-12 09:01:00,8.4
2025-06-12 07:26:00,72.1
2025-06-12 12:58:00,50.019744401453856
2025-06-12 00:37:00,95.3
2025-06-12 17:09:00,80.2
2025-06-12 22:59:00,62.0
2025-06-12 23:09:00,34.4
2025-06-12 10:45:00,99.9
2025-06-12 20:56:00,81.5
2025-06-12 06:03:00,85.9
2025-06-12 11:56:00,31.9
2025-06-12 10:34:00,34.3
2025-06-12 04:03:00,37.5
2025-06-12 14:41:00,54.0
2025-06-12 20:13:00,50.019744401453856
2025-06-12 17:13:00,52.9
2025-06-12 15:19:00,50.019744401453856
2025-06-12 03:53:00,42.6
2025-06-12 05:46:00,50.019744401453856
2025-06-12 07:07:00,43.1
2025-06-12 06:49:00,29.5
2025-06-12 13:50:00,89.4
2025-06-12 22:16:00,16.0
2025-06-12 16:44:00,39.5
2025-06-12 22:08:00,50.019744401453856
2025-06-12 08:20:00,50.019744401453856
2025-06-12 05:16:00,53.2
2025-06-12 08:13:00,31.9
2025-06-12 01:43:00,82.1
2025-06-12 09:36:00,50.019744401453856
2025-06-12 06:00:00,55.1
2025-06-12 09:42:00,43.8
2025-06-12 04:05:00,64.7
2025-06-12 06:26:00,97.9
2025-06-12 11:00:00,34.7
2025-06-12 03:41:00,69.4
2025-06-12 22:29:00,50.9
2025-06-12 12:34:00,54.9
2025-06-12 02:04:00,2.1
2025-06-12 11:30:00,56.7
2025-06-12 02:28:00,42.2
2025-06-12 21:41:00,68.8
2025-06-12 22:18:00,15.9
2025-06-12 23:52:00,42.6
2025-06-12 04:12:00,68.4
2025-06-12 12:17:00,61.3
2025-06-12 07:05:00,42.9
2025-06-12 09:07:00,98.2
2025-06-12 12:44:00,68.2
2025-06-12 15:28:00,50.019744401453856
2025-06-12 04:29:00,50.019744401453856
2025-06-12 11:41:00,0.2
2025-06-12 21:31:00,50.019744401453856
2025-06-12 18:22:00,10.1
2025-06-12 00:39:00,87.5
2025-06-12 02:44:00,50.019744401453856
2025-06-12 01:59:00,9.3
2025-06-12 08:37:00,5.2
2025-06-12 20:10:00,51.2
2025-06-12 23:38:00,39.5
2025-06-12 07:55:00,68.6
2025-06-12 07:06:00,50.019744401453856
2025-06-12 18:09:00,22.3
2025-06-12 18:52:00,2.1
2025-06-12 21:43:00,49.2
2025-06-12 12:26:00,50.019744401453856
2025-06-12 23:14:00,85.5
2025-06-12 16:58:00,79.0
2025-06-12 01:31:00,94.8
2025-06-12 22:13:00,52.0
2025-06-12 02:30:00,17.5
2025-06-12 05:18:00,4.0
2025-06-12 14:49:00,50.019744401453856
2025-06-12 17:21:00,29.8
2025-06-12 01:18:00,48.3
2025-06-12 22:34:00,50.019744401453856
2025-06-12 09:41:00,52.9
2025-06-12 10:08:00,37.2
2025-06-12 04:38:00,40.5
2025-06-12 01:17:00,38.4
2025-06-12 01:40:00,78.6
2025-06-12 16:36:00,22.2
2025-06-12 03:54:00,47.0
2025-06-12 16:28:00,79.6
2025-06-12 07:34:00,56.7
2025-06-12 17:27:00,85.8
2025-06-12 23:15:00,9.7
2025-06-12 14:45:00,66.4
2025-06-12 02:53:00,21.9
2025-06-12 15:32:00,66.3
2025-06-12 04:55:00,2.5
2025-06-12 11:20:00,18.7
2025-06-12 08:33:00,71.7
2025-06-12 03:43:00,3.2
2025-06-12 07:01:00,88.9
2025-06-12 22:41:00,26.0
2025-06-12 22:43:00,79.2
2025-06-12 20:59:00,50.019744401453856
2025-06-12 22:14:00,84.1
2025-06-12 19:14:00,64.3
2025-06-12 15:22:00,50.019744401453856
2025-06-12 15:44:00,52.5
2025-06-12 19:09:00,44.4
2025-06-12 16:20:00,50.019744401453856
2025-06-12 16:04:00,50.019744401453856
2025-06-12 16:05:00,27.6
2025-06-12 06:50:00,50.019744401453856
2025-06-12 23:20:00,49.9
2025-06-12 22:30:00,50.7
2025-06-12 03:28:00,50.019744401453856
2025-06-12 21:46:00,56.1
2025-06-12 11:33:00,68.9
2025-06-12 20:09:00,62.3
2025-06-12 16:10:00,76.2
2025-06-12 12:06:00,39.1
2025-06-12 12:48:00,41.0
2025-06-12 12:11:00,28.7
2025-06-12 05:04:00,92.0
2025-06-12 02:46:00,57.4
2025-06-12 08:53:00,89.9
2025-06-12 10:51:00,7.6
2025-06-12 20:23:00,26.2
2025-06-12 17:59:00,65.7
2025-06-12 12:57:00,93.1
2025-06-12 06:22:00,22.7
2025-06-12 15:05:00,20.3
2025-06-12 16:33:00,50.019744401453856
2025-06-12 01:05:00,18.2
2025-06-12 21:25:00,97.0
2025-06-12 08:49:00,75.0
2025-06-12 02:29:00,82.4
2025-06-12 16:43:00,67.5
2025-06-12 19:13:00,82.4
2025-06-12 04:53:00,39.7
2025-06-12 16:45:00,99.0
2025-06-12 04:23:00,97.9
2025-06-12 13:58:00,43.8
2025-06-12 19:54:00,30.7
2025-06-12 11:29:00,85.8
2025-06-12 22:21:00,57.6
2025-06-12 12:10:00,62.3
2025-06-12 19:24:00,76.3
2025-06-12 15:59:00,23.5
2025-06-12 04:41:00,97.7
2025-06-12 05:51:00,20.1
2025-06-12 05:05:00,62.6
2025-06-12 23:22:00,47.6
2025-06-12 02:26:00,17.0
2025-06-12 07:00:00,57.6
2025-06-12 02:31:00,75.7
2025-06-12 06:13:00,48.3
2025-06-12 00:41:00,65.7
2025-06-12 17:36:00,62.6
2025-06-12 00:24:00,91.3
2025-06-12 11:46:00,50.019744401453856
2025-06-12 12:21:00,68.5
2025-06-12 10:46:00,23.6
2025-06-12 12:37:00,0.2
2025-06-12 16:07:00,56.1
2025-06-12 13:13:00,20.4
2025-06-12 02:39:00,73.9
2025-06-12 10:40:00,50.019744401453856
2025-06-12 15:24:00,50.019744401453856
2025-06-12 01:20:00,26.3
2025-06-12 15:47:00,84.3
2025-06-12 22:56:00,50.019744401453856
2025-06-12 17:31:00,91.7
2025-06-12 22:01:00,36.8
2025-06-12 05:28:00,50.2
2025-06-12 17:11:00,4.7
2025-06-12 12:46:00,7.8
2025-06-12 19:53:00,76.3
2025-06-12 04:22:00,7.3
2025-06-12 21:36:00,18.0
2025-06-12 04:49:00,27.4
2025-06-12 02:54:00,30.9
2025-06-12 14:59:00,37.9
2025-06-12 08:07:00,14.6
2025-06-12 05:13:00,6.0
2025-06-12 20:19:00,96.9
2025-06-12 20:30:00,85.8
2025-06-12 09:44:00,75.5
2025-06-12 23:43:00,43.0
2025-06-12 09:08:00,43.0
2025-06-12 09:32:00,8.5
2025-06-12 14:05:00,2.6
2025-06-12 20:11:00,71.0
2025-06-12 18:02:00,69.7
2025-06-12 21:02:00,50.019744401453856
2025-06-12 01:47:00,80.0
2025-06-12 16:18:00,26.0
2025-06-12 12:43:00,48.2
2025-06-12 18:33:00,42.2
2025-06-12 10:21:00,72.0
2025-06-12 08:17:00,63.0
2025-06-12 16:31:00,68.1
2025-06-12 16:12:00,49.0
2025-06-12 22:00:00,50.0
2025-06-12 12:35:00,70.1
2025-06-12 21:00:00,86.2
2025-06-12 14:02:00,49.94205948042788
2025-06-12 12:03:00,19.7
2025-06-12 18:39:00,19.2
2025-06-12 18:57:00,73.5
2025-06-12 04:44:00,11.1
2025-06-12 16:48:00,12.0
2025-06-12 19:43:00,22.0
2025-06-12 01:17:00,92.4
2025-06-12 18:23:00,24.3
2025-06-12 04:07:00,13.4
2025-06-12 02:53:00,14.3
2025-06-12 00:24:00,1.2
2025-06-12 18:04:00,16.2
2025-06-12 12:27:00,30.9
2025-06-12 01:00:00,36.6
2025-06-12 08:56:00,94.3
2025-06-12 01:48:00,69.5
2025-06-12 15:32:00,36.7
2025-06-12 11:36:00,8.5
2025-06-12 14:22:00,70.2
2025-06-12 10:31:00,0.8
2025-06-12 16:31:00,14.3
2025-06-12 16:51:00,49.94205948042788
2025-06-12 17:26:00,39.3
2025-06-12 18:09:00,52.1
2025-06-12 07:21:00,35.3
2025-06-12 16:35:00,88.2
2025-06-12 00:08:00,75.6
2025-06-12 20:07:00,49.94205948042788
2025-06-12 03:16:00,70.3
2025-06-12 03:42:00,40.3
2025-06-12 14:35:00,49.94205948042788
2025-06-12 03:57:00,49.94205948042788
2025-06-12 08:00:00,22.5
2025-06-12 12:56:00,49.94205948042788
2025-06-12 17:54:00,34.0
2025-06-12 10:43:00,49.94205948042788
2025-06-12 07:01:00,43.8
2025-06-12 16:45:00,62.6
2025-06-12 07:14:00,88.3
2025-06-12 09:57:00,82.1
2025-06-12 11:10:00,37.8
2025-06-12 23:26:00,60.1
2025-06-12 13:17:00,66.6
2025-06-12 12:32:00,38.5
2025-06-12 23:43:00,79.6
2025-06-12 06:04:00,14.3
2025-06-12 15:02:00,68.6
2025-06-12 20:21:00,59.7
2025-06-12 00:02:00,13.0
2025-06-12 10:06:00,49.94205948042788
2025-06-12 14:48:00,23.7
2025-06-12 20:06:00,16.6
2025-06-12 02:19:00,58.3
2025-06-12 09:04:00,4.3
2025-06-12 13:54:00,56.8
2025-06-12 18:50:00,85.8
2025-06-12 09:22:00,36.4
2025-06-12 09:23:00,49.94205948042788
2025-06-12 15:13:00,56.8
2025-06-12 08:40:00,53.5
2025-06-12 12:40:00,87.5
2025-06-12 05:38:00,29.8
2025-06-12 14:17:00,95.8
2025-06-12 21:27:00,46.2
2025-06-12 08:59:00,9.3
2025-06-12 13:42:00,72.8
2025-06-12 23:19:00,32.1
2025-06-12 20:22:00,27.1
2025-06-12 20:09:00,49.94205948042788
2025-06-12 17:16:00,24.1
2025-06-12 12:16:00,93.4
2025-06-12 19:15:00,39.2
2025-06-12 00:19:00,82.4
2025-06-12 04:03:00,8.5
2025-06-12 23:38:00,15.2
2025-06-12 19:21:00,67.7
2025-06-12 09:59:00,12.0
2025-06-12 09:52:00,93.2
2025-06-12 18:59:00,19.1
2025-06-12 08:46:00,42.4
2025-06-12 09:42:00,49.94205948042788
2025-06-12 09:16:00,49.94205948042788
2025-06-12 09:14:00,99.8
2025-06-12 01:16:00,39.6
2025-06-12 16:37:00,13.0
2025-06-12 01:58:00,81.8
2025-06-12 06:56:00,49.94205948042788
2025-06-12 23:39:00,37.9
2025-06-12 12:33:00,67.7
2025-06-12 04:24:00,87.3
2025-06-12 21:09:00,19.9
2025-06-12 08:30:00,67.7
2025-06-12 23:04:00,48.2
2025-06-12 12:14:00,35.9
2025-06-12 12:08:00,14.0
2025-06-12 00:39:00,7.4
2025-06-12 08:11:00,47.8
2025-06-12 20:15:00,5.9
2025-06-12 10:27:00,37.7
2025-06-12 00:58:00,66.4
2025-06-12 13:56:00,49.94205948042788
2025-06-12 23:27:00,16.9
2025-06-12 23:11:00,93.5
2025-06-12 08:50:00,92.0
2025-06-12 00:30:00,40.3
2025-06-12 02:21:00,49.94205948042788
2025-06-12 10:20:00,23.8
2025-06-12 12:55:00,49.3
2025-06-12 08:13:00,92.1
2025-06-12 08:53:00,49.94205948042788
2025-06-12 05:04:00,12.1
2025-06-12 21:30:00,0.3
2025-06-12 07:57:00,61.1
2025-06-12 18:35:00,26.0
2025-06-12 08:23:00,60.9
2025-06-12 20:59:00,88.6
2025-06-12 04:15:00,7.6
2025-06-12 14:42:00,31.6
2025-06-12 03:46:00,49.94205948042788
2025-06-12 00:20:00,49.94205948042788
2025-06-12 11:03:00,66.0
2025-06-12 07:04:00,97.9
2025-06-12 23:56:00,0.4
2025-06-12 06:02:00,47.9
2025-06-12 20:56:00,86.1
2025-06-12 07:50:00,49.94205948042788
2025-06-12 15:11:00,36.4
2025-06-12 19:41:00,49.94205948042788
2025-06-12 09:53:00,64.7
2025-06-12 19:03:00,1.7
2025-06-12 17:28:00,38.0
2025-06-12 02:22:00,38.0
2025-06-12 18:29:00,85.1
2025-06-12 21:44:00,56.1
2025-06-12 14:43:00,97.8
2025-06-12 02:25:00,49.94205948042788
2025-06-12 03:30:00,97.5
2025-06-12 00:17:00,19.3
2025-06-12 10:48:00,42.3
2025-06-12 08:44:00,56.8
2025-06-12 23:22:00,25.0
2025-06-12 13:30:00,24.7
2025-06-12 00:06:00,19.0
2025-06-12 13:07:00,32.0
2025-06-12 03:32:00,89.5
2025-06-12 19:40:00,82.0
2025-06-12 10:02:00,11.7
2025-06-12 10:30:00,34.3
2025-06-12 09:37:00,52.5
2025-06-12 10:23:00,3.4
2025-06-12 03:25:00,49.94205948042788
2025-06-12 05:57:00,31.9
2025-06-12 19:56:00,74.7
2025-06-12 00:33:00,88.5
2025-06-12 01:44:00,95.1
2025-06-12 04:58:00,20.4
2025-06-12 10:24:00,7.9
2025-06-12 06:26:00,76.2
2025-06-12 18:43:00,48.5
2025-06-12 04:26:00,13.1
2025-06-12 15:06:00,28.6
2025-06-12 21:36:00,69.4
2025-06-12 21:28:00,23.8
2025-06-12 22:27:00,49.0
2025-06-12 23:45:00,94.9
2025-06-12 13:59:00,30.2
2025-06-12 05:15:00,82.8
2025-06-12 14:55:00,54.1
2025-06-12 02:24:00,20.8
2025-06-12 10:46:00,10.3
2025-06-12 06:38:00,79.6
2025-06-12 03:09:00,5.9
2025-06-12 09:06:00,49.94205948042788
2025-06-12 15:51:00,13.0
2025-06-12 00:43:00,49.94205948042788
2025-06-12 20:49:00,49.94205948042788
2025-06-12 03:44:00,43.3
2025-06-12 22:53:00,52.2
2025-06-12 06:28:00,28.6
2025-06-12 06:18:00,49.94205948042788
2025-06-12 08:32:00,18.0
2025-06-12 11:52:00,10.8
2025-06-12 02:45:00,49.94205948042788
2025-06-12 09:34:00,27.7
2025-06-12 10:10:00,49.94205948042788
2025-06-12 17:44:00,3.5
2025-06-12 22:50:00,65.8
2025-06-12 06:48:00,2.6
2025-06-12 15:49:00,52.8
2025-06-12 12:49:00,12.5
2025-06-12 11:34:00,1.9
2025-06-12 14:07:00,86.2
2025-06-12 16:39:00,69.7
2025-06-12 11:01:00,13.2
2025-06-12 06:07:00,29.7
2025-06-12 07:40:00,6.7
2025-06-12 10:11:00,89.2
2025-06-12 19:33:00,49.94205948042788
2025-06-12 01:13:00,79.5
2025-06-12 08:01:00,30.6
2025-06-12 23:33:00,56.4
2025-06-12 22:30:00,14.1
2025-06-12 05:29:00,58.2
2025-06-12 12:04:00,49.94205948042788
2025-06-12 11:06:00,49.94205948042788
2025-06-12 20:28:00,49.94205948042788
2025-06-12 16:50:00,74.3
2025-06-12 13:12:00,49.94205948042788
2025-06-12 22:03:00,59.5
2025-06-12 06:08:00,19.0
2025-06-12 01:23:00,78.6
2025-06-12 21:32:00,3.9
2025-06-12 05:23:00,60.1
2025-06-12 15:59:00,25.0
2025-06-12 05:10:00,13.6
2025-06-12 05:26:00,3.0
2025-06-12 06:23:00,36.1
2025-06-12 02:10:00,90.6
2025-06-12 19:34:00,12.5
2025-06-12 17:59:00,71.1
2025-06-12 23:20:00,82.0
2025-06-12 03:56:00,42.3
2025-06-12 09:07:00,39.8
2025-06-12 06:41:00,48.0
2025-06-12 20:18:00,49.94205948042788
2025-06-12 12:23:00,34.2
2025-06-12 09:51:00,55.6
2025-06-12 18:11:00,8.8
2025-06-12 18:51:00,8.9
2025-06-12 15:00:00,57.7
2025-06-12 12:22:00,25.1
2025-06-12 06:33:00,29.1
2025-06-12 22:37:00,28.9
2025-06-12 23:53:00,21.9
2025-06-12 03:35:00,88.8
2025-06-12 05:30:00,13.0
2025-06-12 13:21:00,71.7
2025-06-12 15:01:00,12.8
2025-06-12 22:58:00,17.8
2025-06-12 09:50:00,84.6
2025-06-12 16:15:00,8.8
2025-06-12 09:46:00,56.3
2025-06-12 07:49:00,8.2
2025-06-12 03:06:00,19.7
2025-06-12 13:13:00,49.7
2025-06-12 11:00:00,66.3
2025-06-12 18:38:00,49.94205948042788
2025-06-12 17:52:00,75.4
2025-06-12 08:09:00,1.0
2025-06-12 18:18:00,62.4
2025-06-12 14:01:00,47.8
2025-06-12 05:50:00,80.5
2025-06-12 00:38:00,9.8
2025-06-12 21:56:00,49.94205948042788
2025-06-12 23:46:00,21.1
2025-06-12 11:38:00,98.4
2025-06-12 00:12:00,47.7
2025-06-12 18:16:00,40.9
2025-06-12 03:59:00,56.5
2025-06-12 01:53:00,49.94205948042788
2025-06-12 02:39:00,48.8
2025-06-12 08:48:00,29.8
2025-06-12 01:30:00,10.0
2025-06-12 14:28:00,97.7
2025-06-12 00:54:00,57.8
2025-06-12 18:26:00,90.3
2025-06-12 15:27:00,58.3
2025-06-12 18:01:00,49.94205948042788
2025-06-12 19:46:00,58.2
2025-06-12 14:11:00,64.7
2025-06-12 20:54:00,71.4
2025-06-12 15:09:00,49.94205948042788
2025-06-12 17:06:00,58.1
2025-06-12 14:46:00,59.4
2025-06-12 10:45:00,47.4
2025-06-12 14:34:00,50.9
2025-06-12 18:24:00,52.4
2025-06-12 09:44:00,49.94205948042788
2025-06-12 10:26:00,49.94205948042788
2025-06-12 07:11:00,49.94205948042788
2025-06-12 16:58:00,49.94205948042788
2025-06-12 19:00:00,21.4
2025-06-12 07:30:00,24.0
2025-06-12 09:27:00,73.3
2025-06-12 04:42:00,30.5
2025-06-12 23:15:00,36.8
2025-06-12 15:48:00,53.7
2025-06-12 10:29:00,17.1
2025-06-12 01:57:00,53.8
2025-06-12 00:29:00,49.94205948042788
2025-06-12 07:47:00,33.1
2025-06-12 04:38:00,78.4
2025-06-12 01:27:00,49.94205948042788
2025-06-12 07:25:00,97.9
2025-06-12 01:32:00,49.94205948042788
2025-06-12 09:00:00,49.94205948042788
2025-06-12 11:18:00,65.1
2025-06-12 13:51:00,5.8
2025-06-12 14:45:00,34.0
2025-06-12 14:59:00,84.3
2025-06-12 15:31:00,38.0
2025-06-12 12:09:00,51.4
2025-06-12 14:21:00,4.1
2025-06-12 09:39:00,87.6
2025-06-12 18:46:00,14.3
2025-06-12 06:21:00,99.7
2025-06-12 22:55:00,73.4
2025-06-12 06:20:00,0.1
2025-06-12 18:34:00,50.024092836946274
2025-06-12 22:30:00,95.5
2025-06-12 15:52:00,32.7
2025-06-12 22:12:00,22.6
2025-06-12 15:46:00,9.4
2025-06-12 13:36:00,24.0
2025-06-12 17:10:00,81.8
2025-06-12 10:54:00,23.0
2025-06-12 02:30:00,3.8
2025-06-12 06:38:00,49.5
2025-06-12 18:25:00,33.0
2025-06-12 13:26:00,17.5
2025-06-12 01:07:00,50.024092836946274
2025-06-12 17:36:00,34.8
2025-06-12 00:14:00,49.1
2025-06-12 13:12:00,19.5
2025-06-12 23:35:00,46.6
2025-06-12 20:55:00,13.7
2025-06-12 12:31:00,76.2
2025-06-12 07:13:00,7.0
2025-06-12 17:06:00,99.0
2025-06-12 10:46:00,60.9
2025-06-12 04:45:00,54.8
2025-06-12 12:36:00,96.5
2025-06-12 20:47:00,17.6
2025-06-12 15:56:00,86.7
2025-06-12 04:31:00,55.7
2025-06-12 08:42:00,14.2
2025-06-12 17:23:00,76.5
2025-06-12 12:07:00,46.7
2025-06-12 20:53:00,88.3
2025-06-12 03:03:00,34.6
2025-06-12 22:08:00,10.8
2025-06-12 19:05:00,50.024092836946274
2025-06-12 13:20:00,90.1
2025-06-12 16:27:00,42.5
2025-06-12 12:58:00,50.024092836946274
2025-06-12 07:37:00,76.0
2025-06-12 08:31:00,0.2
2025-06-12 06:22:00,92.5
2025-06-12 05:28:00,75.2
2025-06-12 03:39:00,0.1
2025-06-12 18:07:00,37.4
2025-06-12 17:05:00,14.2
2025-06-12 04:17:00,48.7
2025-06-12 10:12:00,50.024092836946274
2025-06-12 19:15:00,5.2
2025-06-12 08:10:00,9.8
2025-06-12 11:41:00,3.0
2025-06-12 21:31:00,25.2
2025-06-12 03:31:00,50.024092836946274
2025-06-12 05:04:00,80.0
2025-06-12 21:06:00,9.5
2025-06-12 00:09:00,27.8
2025-06-12 15:15:00,62.7
2025-06-12 16:41:00,91.9
2025-06-12 14:13:00,50.024092836946274
2025-06-12 19:12:00,50.024092836946274
2025-06-12 20:06:00,31.9
2025-06-12 09:35:00,54.4
2025-06-12 10:18:00,27.5
2025-06-12 05:15:00,20.5
2025-06-12 01:59:00,64.2
2025-06-12 00:44:00,37.1
2025-06-12 08:55:00,88.7
2025-06-12 21:27:00,73.7
2025-06-12 06:57:00,66.2
2025-06-12 20:35:00,93.7
2025-06-12 11:39:00,81.1
2025-06-12 02:02:00,71.3
2025-06-12 10:50:00,75.4
2025-06-12 02:11:00,78.3
2025-06-12 01:57:00,8.8
2025-06-12 22:22:00,78.3
2025-06-12 19:02:00,31.7
2025-06-12 10:39:00,11.5
2025-06-12 00:47:00,53.9
2025-06-12 02:13:00,61.0
2025-06-12 14:45:00,2.8
2025-06-12 22:56:00,43.3
2025-06-12 21:48:00,88.7
2025-06-12 09:11:00,79.0
2025-06-12 02:43:00,82.2
2025-06-12 16:12:00,19.2
2025-06-12 02:32:00,79.1
2025-06-12 04:48:00,99.5
2025-06-12 18:00:00,24.4
2025-06-12 02:04:00,88.7
2025-06-12 00:42:00,65.9
2025-06-12 14:38:00,18.3
2025-06-12 12:50:00,4.5
2025-06-12 21:29:00,2.6
2025-06-12 20:42:00,10.1
2025-06-12 17:48:00,20.2
2025-06-12 08:04:00,50.024092836946274
2025-06-12 01:06:00,50.024092836946274
2025-06-12 02:20:00,12.4
2025-06-12 09:57:00,50.024092836946274
2025-06-12 23:11:00,87.0
2025-06-12 15:01:00,50.024092836946274
2025-06-12 09:45:00,37.0
2025-06-12 06:39:00,68.3
2025-06-12 13:58:00,30.1
2025-06-12 11:12:00,36.7
2025-06-12 17:21:00,34.9
2025-06-12 07:03:00,39.6
2025-06-12 06:35:00,50.024092836946274
2025-06-12 07:06:00,91.2
2025-06-12 02:08:00,1.5
2025-06-12 04:24:00,62.4
2025-06-12 21:13:00,59.8
2025-06-12 10:23:00,1.3
2025-06-12 10:36:00,99.7
2025-06-12 07:15:00,74.3
2025-06-12 17:59:00,50.024092836946274
2025-06-12 12:17:00,38.8
2025-06-12 12:27:00,85.0
2025-06-12 06:07:00,87.1
2025-06-12 12:18:00,95.3
2025-06-12 19:11:00,65.6
2025-06-12 13:31:00,14.1
2025-06-12 10:10:00,50.024092836946274
2025-06-12 12:41:00,93.7
2025-06-12 09:22:00,50.024092836946274
2025-06-12 22:57:00,76.8
2025-06-12 10:29:00,38.9
2025-06-12 07:29:00,4.7
2025-06-12 10:56:00,87.7
2025-06-12 03:28:00,65.7
2025-06-12 07:08:00,95.6
2025-06-12 23:53:00,62.3
2025-06-12 14:56:00,50.024092836946274
2025-06-12 03:34:00,78.1
2025-06-12 01:58:00,50.024092836946274
2025-06-12 17:43:00,49.3
2025-06-12 03:12:00,67.4
2025-06-12 15:40:00,16.3
2025-06-12 08:39:00,49.2
2025-06-12 14:30:00,30.5
2025-06-12 01:29:00,46.1
2025-06-12 02:29:00,46.9
2025-06-12 12:43:00,6.5
2025-06-12 02:52:00,94.9
2025-06-12 22:40:00,82.8
2025-06-12 11:34:00,0.6
2025-06-12 01:24:00,50.024092836946274
2025-06-12 08:21:00,70.9
2025-06-12 07:57:00,5.8
2025-06-12 20:11:00,92.7
2025-06-12 01:20:00,50.024092836946274
2025-06-12 06:44:00,57.1
2025-06-12 21:05:00,82.5
2025-06-12 04:22:00,6.8
2025-06-12 08:27:00,44.2
2025-06-12 18:11:00,72.7
2025-06-12 03:45:00,53.8
2025-06-12 17:50:00,13.1
2025-06-12 14:02:00,4.0
2025-06-12 21:33:00,52.2
2025-06-12 22:04:00,68.4
2025-06-12 16:22:00,50.024092836946274
2025-06-12 21:12:00,50.024092836946274
2025-06-12 19:41:00,31.0
2025-06-12 05:59:00,39.6
2025-06-12 02:01:00,27.4
2025-06-12 14:34:00,34.5
2025-06-12 11:54:00,50.024092836946274
2025-06-12 07:19:00,4.2
2025-06-12 11:14:00,50.0
2025-06-12 21:36:00,58.2
2025-06-12 18:21:00,50.024092836946274
2025-06-12 11:26:00,51.6
2025-06-12 09:33:00,91.3
2025-06-12 16:44:00,1.6
2025-06-12 12:22:00,9.1
2025-06-12 10:40:00,55.9
2025-06-12 16:21:00,74.3
2025-06-12 23:51:00,82.2
2025-06-12 17:33:00,66.6
2025-06-12 11:37:00,50.024092836946274
2025-06-12 08:33:00,6.9
2025-06-12 20:41:00,81.1
2025-06-12 10:20:00,19.5
2025-06-12 16:24:00,33.5
2025-06-12 15:51:00,50.024092836946274
2025-06-12 09:46:00,89.6
2025-06-12 22:00:00,41.3
2025-06-12 20:08:00,38.4
2025-06-12 14:29:00,94.9
2025-06-12 13:00:00,43.8
2025-06-12 09:31:00,62.2
2025-06-12 13:04:00,19.8
2025-06-12 06:03:00,62.9
2025-06-12 23:28:00,54.9
2025-06-12 14:20:00,27.0
2025-06-12 07:07:00,50.024092836946274
2025-06-12 04:08:00,50.0
2025-06-12 05:32:00,57.7
2025-06-12 05:52:00,60.1
2025-06-12 12:01:00,53.9
2025-06-12 17:13:00,50.024092836946274
2025-06-12 20:22:00,50.024092836946274
2025-06-12 05:02:00,50.024092836946274
2025-06-12 03:10:00,16.5
2025-06-12 17:53:00,20.7
2025-06-12 04:07:00,47.5
2025-06-12 00:18:00,50.024092836946274
2025-06-12 21:41:00,34.1
2025-06-12 07:11:00,23.0
2025-06-12 23:31:00,19.5
2025-06-12 11:55:00,50.024092836946274
2025-06-12 10:53:00,2.2
2025-06-12 07:42:00,93.5
2025-06-12 04:10:00,80.3
2025-06-12 14:07:00,97.9
2025-06-12 10:11:00,8.8
2025-06-12 22:48:00,58.5
2025-06-12 17:16:00,27.1
2025-06-12 15:33:00,51.7
2025-06-12 03:46:00,50.024092836946274
2025-06-12 09:27:00,50.024092836946274
2025-06-12 21:18:00,96.6
2025-06-12 16:42:00,50.024092836946274
2025-06-12 00:45:00,14.2
2025-06-12 14:08:00,33.9
2025-06-12 13:54:00,77.5
2025-06-12 05:23:00,96.1
2025-06-12 16:28:00,50.024092836946274
2025-06-12 14:16:00,45.0
2025-06-12 05:49:00,50.024092836946274
2025-06-12 10:55:00,77.3
2025-06-12 01:51:00,5.5
2025-06-12 07:24:00,98.2
2025-06-12 03:43:00,39.9
2025-06-12 11:59:00,11.5
2025-06-12 23:49:00,50.024092836946274
2025-06-12 22:42:00,90.0
2025-06-12 23:33:00,31.2
2025-06-12 03:41:00,94.6
2025-06-12 09:16:00,29.5
2025-06-12 09:21:00,92.8
2025-06-12 07:18:00,45.4
2025-06-12 09:23:00,70.8
2025-06-12 16:34:00,50.024092836946274
2025-06-12 02:59:00,55.2
2025-06-12 10:49:00,84.4
2025-06-12 15:53:00,74.6
2025-06-12 18:44:00,93.4
2025-06-12 20:03:00,80.0
2025-06-12 00:26:00,68.0
2025-06-12 12:49:00,50.024092836946274
2025-06-12 12:44:00,85.4
2025-06-12 09:51:00,45.2
2025-06-12 18:41:00,50.024092836946274
2025-06-12 09:24:00,85.3
2025-06-12 04:56:00,62.5
2025-06-12 21:58:00,64.0
2025-06-12 03:27:00,12.5
2025-06-12 18:01:00,71.7
2025-06-12 20:52:00,41.6
2025-06-12 00:04:00,4.7
2025-06-12 03:37:00,7.8
2025-06-12 07:04:00,71.3
2025-06-12 06:59:00,60.2
2025-06-12 17:28:00,50.6
2025-06-12 03:36:00,11.5
2025-06-12 08:20:00,8.5
2025-06-12 19:49:00,66.3
2025-06-12 03:19:00,72.9
2025-06-12 16:58:00,8.9
2025-06-12 14:09:00,14.3
2025-06-12 05:22:00,19.6
2025-06-12 14:26:00,26.1
2025-06-12 10:19:00,22.9
2025-06-12 12:20:00,3.9
2025-06-12 18:40:00,74.9
2025-06-12 15:43:00,39.4
2025-06-12 00:49:00,89.6
2025-06-12 12:32:00,95.6
2025-06-12 13:44:00,43.8
2025-06-12 18:04:00,50.024092836946274
2025-06-12 13:53:00,11.4
2025-06-12 01:41:00,15.2
2025-06-12 08:03:00,15.7
2025-06-12 09:01:00,50.024092836946274
2025-06-12 23:55:00,65.7
2025-06-12 04:14:00,21.0
2025-06-12 03:14:00,95.8
2025-06-12 11:33:00,81.1
2025-06-12 13:10:00,68.9
2025-06-12 02:25:00,33.0
2025-06-12 22:48:00,63.1
2025-06-12 07:05:00,72.0
2025-06-12 05:34:00,36.9
2025-06-12 06:01:00,42.3
2025-06-12 13:57:00,9.1
2025-06-12 19:16:00,20.6
2025-06-12 06:19:00,92.9
2025-06-12 04:18:00,49.2
2025-06-12 13:28:00,95.5
2025-06-12 20:25:00,55.5
2025-06-12 05:07:00,35.0
2025-06-12 02:31:00,77.1
2025-06-12 14:12:00,8.3
2025-06-12 15:19:00,52.0
2025-06-12 06:07:00,77.6
2025-06-12 11:50:00,49.54963144963145
2025-06-12 22:35:00,91.8
2025-06-12 10:05:00,80.1
2025-06-12 12:42:00,49.54963144963145
2025-06-12 21:59:00,31.2
2025-06-12 23:26:00,23.8
2025-06-12 13:15:00,81.8
2025-06-12 21:57:00,65.3
2025-06-12 21:15:00,79.8
2025-06-12 07:31:00,49.54963144963145
2025-06-12 10:59:00,79.4
2025-06-12 06:21:00,30.4
2025-06-12 00:15:00,16.2
2025-06-12 01:32:00,76.0
2025-06-12 23:34:00,46.0
2025-06-12 02:58:00,85.8
2025-06-12 07:00:00,13.4
2025-06-12 10:30:00,26.3
2025-06-12 01:55:00,78.2
2025-06-12 12:30:00,21.5
2025-06-12 05:47:00,49.54963144963145
2025-06-12 05:33:00,51.5
2025-06-12 02:56:00,45.2
2025-06-12 20:47:00,93.9
2025-06-12 22:19:00,96.5
2025-06-12 04:28:00,30.3
2025-06-12 07:32:00,81.5
2025-06-12 06:42:00,17.1
2025-06-12 23:33:00,49.54963144963145
2025-06-12 17:11:00,5.5
2025-06-12 10:45:00,41.5
2025-06-12 09:48:00,61.2
2025-06-12 19:23:00,25.5
2025-06-12 10:11:00,26.5
2025-06-12 11:14:00,69.7
2025-06-12 03:49:00,71.3
2025-06-12 11:27:00,32.8
2025-06-12 14:09:00,7.8
2025-06-12 03:13:00,41.9
2025-06-12 13:13:00,65.7
2025-06-12 17:50:00,9.5
2025-06-12 23:38:00,49.54963144963145
2025-06-12 11:07:00,61.7
2025-06-12 21:34:00,19.6
2025-06-12 01:38:00,24.7
2025-06-12 16:06:00,49.54963144963145
2025-06-12 14:25:00,17.4
2025-06-12 12:15:00,84.5
2025-06-12 21:05:00,17.3
2025-06-12 20:40:00,69.9
2025-06-12 09:41:00,66.0
2025-06-12 16:02:00,44.7
2025-06-12 08:04:00,7.9
2025-06-12 16:25:00,49.54963144963145
2025-06-12 11:59:00,84.9
2025-06-12 15:46:00,49.54963144963145
2025-06-12 01:04:00,60.4
2025-06-12 05:05:00,3.0
2025-06-12 07:24:00,43.3
2025-06-12 16:54:00,13.7
2025-06-12 12:53:00,60.7
2025-06-12 15:02:00,34.5
2025-06-12 01:23:00,27.7
2025-06-12 01:49:00,91.9
2025-06-12 05:18:00,59.6
2025-06-12 16:44:00,20.6
2025-06-12 13:46:00,49.54963144963145
2025-06-12 06:50:00,40.1
2025-06-12 10:23:00,18.3
2025-06-12 05:11:00,11.9
2025-06-12 13:54:00,19.4
2025-06-12 07:49:00,22.2
2025-06-12 09:43:00,19.9
2025-06-12 10:58:00,37.2
2025-06-12 12:10:00,18.3
2025-06-12 09:06:00,16.6
2025-06-12 23:55:00,84.9
2025-06-12 15:09:00,49.4
2025-06-12 11:44:00,54.0
2025-06-12 12:34:00,35.0
2025-06-12 03:25:00,34.6
2025-06-12 14:35:00,98.6
2025-06-12 11:01:00,83.8
2025-06-12 15:13:00,49.54963144963145
2025-06-12 16:22:00,1.4
2025-06-12 23:13:00,71.2
2025-06-12 11:08:00,53.7
2025-06-12 16:08:00,49.54963144963145
2025-06-12 03:15:00,47.3
2025-06-12 05:52:00,49.54963144963145
2025-06-12 19:18:00,22.9
2025-06-12 10:27:00,49.5
2025-06-12 15:31:00,98.0
2025-06-12 22:03:00,26.8
2025-06-12 05:17:00,40.6
2025-06-12 03:39:00,50.6
2025-06-12 11:02:00,74.1
2025-06-12 12:09:00,32.2
2025-06-12 00:27:00,60.5
2025-06-12 20:36:00,73.8
2025-06-12 14:33:00,96.9
2025-06-12 04:25:00,27.1
2025-06-12 19:03:00,49.54963144963145
2025-06-12 22:54:00,50.1
2025-06-12 12:58:00,49.0
2025-06-12 14:22:00,29.5
2025-06-12 02:12:00,49.54963144963145
2025-06-12 02:32:00,60.5
2025-06-12 05:00:00,16.2
2025-06-12 23:40:00,19.1
2025-06-12 05:46:00,95.4
2025-06-12 02:09:00,56.4
2025-06-12 23:35:00,66.7
2025-06-12 20:12:00,44.1
2025-06-12 06:14:00,1.3
2025-06-12 09:01:00,52.1
2025-06-12 09:16:00,50.6
2025-06-12 02:05:00,49.54963144963145
2025-06-12 06:51:00,64.0
2025-06-12 14:57:00,49.54963144963145
2025-06-12 14:30:00,72.1
2025-06-12 18:49:00,73.4
2025-06-12 05:09:00,7.6
2025-06-12 02:35:00,49.54963144963145
2025-06-12 08:46:00,95.5
2025-06-12 01:35:00,87.9
2025-06-12 16:28:00,77.9
2025-06-12 04:08:00,49.54963144963145
2025-06-12 05:40:00,15.1
2025-06-12 15:20:00,79.0
2025-06-12 07:38:00,6.6
2025-06-12 06:15:00,36.5
2025-06-12 04:11:00,67.7
2025-06-12 20:55:00,94.5
2025-06-12 15:43:00,39.9
2025-06-12 23:07:00,49.54963144963145
2025-06-12 02:21:00,82.2
2025-06-12 18:59:00,83.8
2025-06-12 13:53:00,1.7
2025-06-12 20:42:00,49.3
2025-06-12 02:37:00,93.7
2025-06-12 13:02:00,85.6
2025-06-12 15:23:00,39.2
2025-06-12 18:15:00,93.2
2025-06-12 01:15:00,71.5
2025-06-12 01:57:00,42.5
2025-06-12 23:44:00,49.54963144963145
2025-06-12 13:08:00,41.3
2025-06-12 00:09:00,77.6
2025-06-12 11:39:00,94.7
2025-06-12 14:32:00,49.54963144963145
2025-06-12 14:16:00,49.54963144963145
2025-06-12 17:24:00,0.0
2025-06-12 14:28:00,83.2
2025-06-12 12:38:00,49.54963144963145
2025-06-12 11:20:00,91.6
2025-06-12 18:07:00,72.8
2025-06-12 19:39:00,39.7
2025-06-12 16:34:00,70.5
2025-06-12 11:31:00,97.9
2025-06-12 11:28:00,47.1
2025-06-12 04:09:00,70.0
2025-06-12 11:30:00,7.6
2025-06-12 22:51:00,43.8
2025-06-12 19:43:00,50.7
2025-06-12 10:14:00,59.6
2025-06-12 15:26:00,64.6
2025-06-12 01:53:00,49.54963144963145
2025-06-12 02:11:00,68.2
2025-06-12 00:18:00,2.5
2025-06-12 06:41:00,33.5
2025-06-12 06:48:00,0.5
2025-06-12 10:04:00,65.0
2025-06-12 22:06:00,28.1
2025-06-12 18:25:00,49.54963144963145
2025-06-12 21:09:00,16.5
2025-06-12 04:22:00,0.5
2025-06-12 07:35:00,12.1
2025-06-12 00:11:00,47.0
2025-06-12 02:04:00,3.3
2025-06-12 09:21:00,77.3
2025-06-12 06:24:00,82.1
2025-06-12 20:41:00,32.8
2025-06-12 07:27:00,20.0
2025-06-12 14:01:00,26.6
2025-06-12 23:00:00,29.2
2025-06-12 15:33:00,5.7
2025-06-12 08:10:00,36.3
2025-06-12 22:11:00,12.9
2025-06-12 07:09:00,24.2
2025-06-12 00:53:00,49.54963144963145
2025-06-12 13:43:00,16.7
2025-06-12 23:49:00,78.8
2025-06-12 09:32:00,76.6
2025-06-12 18:29:00,49.54963144963145
2025-06-12 11:48:00,49.54963144963145
2025-06-12 11:22:00,37.0
2025-06-12 02:45:00,90.7
2025-06-12 00:50:00,27.3
2025-06-12 05:36:00,18.2
2025-06-12 05:10:00,99.0
2025-06-12 06:39:00,33.8
2025-06-12 22:23:00,19.4
2025-06-12 00:29:00,68.8
2025-06-12 21:42:00,95.8
2025-06-12 11:00:00,44.2
2025-06-12 17:16:00,8.6
2025-06-12 13:04:00,34.6
2025-06-12 00:13:00,54.2
2025-06-12 18:18:00,75.7
2025-06-12 08:37:00,37.3
2025-06-12 01:48:00,45.9
2025-06-12 23:56:00,93.4
2025-06-12 14:48:00,71.8
2025-06-12 02:52:00,2.5
2025-06-12 06:29:00,49.54963144963145
2025-06-12 08:08:00,49.54963144963145
2025-06-12 06:32:00,99.0
2025-06-12 12:59:00,49.54963144963145
2025-06-12 16:21:00,37.8
2025-06-12 05:13:00,23.7
2025-06-12 13:52:00,49.54963144963145
2025-06-12 10:36:00,49.54963144963145
2025-06-12 14:00:00,43.9
2025-06-12 16:14:00,74.5
2025-06-12 17:41:00,97.1
2025-06-12 16:48:00,32.5
2025-06-12 19:31:00,27.6
2025-06-12 02:02:00,24.5
2025-06-12 23:17:00,46.8
2025-06-12 10:43:00,52.1
2025-06-12 06:25:00,68.5
2025-06-12 09:58:00,64.1
2025-06-12 17:10:00,35.5
2025-06-12 20:23:00,80.2
2025-06-12 19:34:00,49.54963144963145
2025-06-12 10:34:00,92.8
2025-06-12 00:16:00,92.0
2025-06-12 19:47:00,33.5
2025-06-12 11:16:00,87.9
2025-06-12 21:01:00,49.54963144963145
2025-06-12 05:35:00,31.0
2025-06-12 20:28:00,19.5
2025-06-12 21:08:00,12.3
2025-06-12 15:27:00,1.0
2025-06-12 09:31:00,51.1
2025-06-12 23:37:00,84.0
2025-06-12 14:37:00,30.7
2025-06-12 11:12:00,92.2
2025-06-12 11:55:00,12.2
2025-06-12 06:59:00,73.9
2025-06-12 11:58:00,30.4
2025-06-12 00:02:00,13.0
2025-06-12 03:35:00,70.4
2025-06-12 12:46:00,42.3
2025-06-12 13:22:00,12.0
2025-06-12 04:59:00,5.6
2025-06-12 18:28:00,55.4
2025-06-12 14:31:00,49.54963144963145
2025-06-12 08:14:00,10.1
2025-06-12 22:07:00,96.4
2025-06-12 08:19:00,57.0
2025-06-12 00:43:00,65.4
2025-06-12 23:50:00,70.2
2025-06-12 22:22:00,51.2
2025-06-12 01:39:00,49.54963144963145
2025-06-12 01:26:00,20.6
2025-06-12 08:30:00,89.5
2025-06-12 11:35:00,55.2
2025-06-12 21:48:00,46.9
2025-06-12 10:38:00,69.7
2025-06-12 19:50:00,73.1
2025-06-12 16:35:00,29.8
2025-06-12 07:03:00,48.1
2025-06-12 04:27:00,52.0
2025-06-12 12:49:00,24.0
2025-06-12 15:06:00,39.2
2025-06-12 04:52:00,27.1
2025-06-12 11:25:00,19.0
2025-06-12 10:00:00,83.5
2025-06-12 07:48:00,100.0
2025-06-12 06:43:00,49.54963144963145
2025-06-12 00:39:00,18.5
2025-06-12 23:31:00,49.7
2025-06-12 01:28:00,39.1
2025-06-12 03:02:00,49.54963144963145
2025-06-12 05:08:00,6.8
2025-06-12 13:34:00,51.3
2025-06-12 03:58:00,49.54963144963145
2025-06-12 21:53:00,24.0
2025-06-12 10:29:00,51.9
2025-06-12 13:14:00,72.0
2025-06-12 04:24:00,12.9
2025-06-12 01:27:00,49.54963144963145
2025-06-12 17:08:00,49.54963144963145
2025-06-12 12:00:00,39.7
2025-06-12 02:13:00,97.1
2025-06-12 00:41:00,49.54963144963145
2025-06-12 21:10:00,44.0
2025-06-12 01:40:00,86.6
2025-06-12 04:32:00,54.3
2025-06-12 21:43:00,60.2
2025-06-12 05:01:00,77.3
2025-06-12 22:05:00,59.8
2025-06-12 23:58:00,79.2
2025-06-12 21:19:00,80.7
2025-06-12 07:17:00,50.9
2025-06-12 19:58:00,30.4
2025-06-12 04:45:00,88.0
2025-06-12 01:14:00,18.2
2025-06-12 16:07:00,98.7
2025-06-12 16:30:00,49.54963144963145
2025-06-12 04:06:00,51.4
2025-06-12 05:37:00,77.4
2025-06-12 05:11:00,17.5
2025-06-12 21:35:00,85.2
2025-06-12 21:33:00,92.5
2025-06-12 20:11:00,24.0
2025-06-12 05:54:00,72.9
2025-06-12 11:46:00,91.7
2025-06-12 05:06:00,29.4
2025-06-12 07:48:00,61.9
2025-06-12 19:42:00,49.560128956623686
2025-06-12 21:04:00,46.8
2025-06-12 02:15:00,36.5
2025-06-12 01:07:00,49.560128956623686
2025-06-12 07:55:00,92.3
2025-06-12 15:48:00,68.9
2025-06-12 12:22:00,22.8
2025-06-12 14:53:00,49.560128956623686
2025-06-12 21:40:00,75.3
2025-06-12 03:53:00,12.1
2025-06-12 13:05:00,49.560128956623686
2025-06-12 13:53:00,4.3
2025-06-12 21:34:00,33.6
2025-06-12 01:25:00,8.9
2025-06-12 23:32:00,20.5
2025-06-12 17:41:00,66.7
2025-06-12 20:19:00,51.3
2025-06-12 12:17:00,35.4
2025-06-12 22:11:00,21.7
2025-06-12 15:45:00,49.560128956623686
2025-06-12 04:41:00,36.8
2025-06-12 19:50:00,49.560128956623686
2025-06-12 15:53:00,49.560128956623686
2025-06-12 17:26:00,26.2
2025-06-12 16:35:00,22.5
2025-06-12 07:45:00,44.0
2025-06-12 17:04:00,23.3
2025-06-12 04:05:00,49.560128956623686
2025-06-12 22:58:00,64.9
2025-06-12 05:24:00,43.1
2025-06-12 04:58:00,17.9
2025-06-12 12:41:00,53.6
2025-06-12 21:32:00,58.4
2025-06-12 22:08:00,49.560128956623686
2025-06-12 02:39:00,16.3
2025-06-12 05:08:00,49.560128956623686
2025-06-12 16:23:00,47.7
2025-06-12 16:42:00,44.4
2025-06-12 21:38:00,9.9
2025-06-12 11:33:00,20.8
2025-06-12 11:19:00,72.9
2025-06-12 16:45:00,39.2
2025-06-12 11:05:00,12.9
2025-06-12 11:12:00,95.0
2025-06-12 07:59:00,4.7
2025-06-12 15:57:00,70.6
2025-06-12 22:00:00,13.4
2025-06-12 02:50:00,56.0
2025-06-12 18:12:00,35.3
2025-06-12 15:00:00,40.3
2025-06-12 11:20:00,0.7
2025-06-12 15:17:00,9.3
2025-06-12 21:29:00,8.6
2025-06-12 02:00:00,8.3
2025-06-12 22:41:00,51.1
2025-06-12 12:48:00,84.9
2025-06-12 14:44:00,38.1
2025-06-12 16:44:00,26.0
2025-06-12 05:17:00,62.6
2025-06-12 02:54:00,49.560128956623686
2025-06-12 11:26:00,13.9
2025-06-12 01:09:00,6.4
2025-06-12 22:20:00,49.560128956623686
2025-06-12 01:22:00,12.2
2025-06-12 08:47:00,8.4
2025-06-12 01:32:00,10.2
2025-06-12 12:25:00,49.560128956623686
2025-06-12 04:45:00,49.560128956623686
2025-06-12 09:03:00,49.560128956623686
2025-06-12 00:57:00,94.5
2025-06-12 17:28:00,49.560128956623686
2025-06-12 18:35:00,70.4
2025-06-12 10:54:00,63.6
2025-06-12 07:33:00,41.9
2025-06-12 01:58:00,2.7
2025-06-12 19:55:00,2.1
2025-06-12 10:21:00,97.5
2025-06-12 14:05:00,43.1
2025-06-12 18:57:00,35.7
2025-06-12 00:38:00,68.2
2025-06-12 05:20:00,53.4
2025-06-12 14:00:00,52.4
2025-06-12 05:49:00,20.8
2025-06-12 11:36:00,76.4
2025-06-12 07:11:00,17.7
2025-06-12 08:15:00,16.0
2025-06-12 21:15:00,88.0
2025-06-12 14:08:00,35.2
2025-06-12 02:33:00,49.560128956623686
2025-06-12 15:43:00,9.0
2025-06-12 22:45:00,82.0
2025-06-12 14:43:00,25.0
2025-06-12 06:04:00,76.4
2025-06-12 17:50:00,44.1
2025-06-12 15:07:00,7.2
2025-06-12 19:09:00,23.8
2025-06-12 13:03:00,97.3
2025-06-12 02:03:00,18.0
2025-06-12 12:56:00,33.1
2025-06-12 12:52:00,62.3
2025-06-12 09:35:00,80.3
2025-06-12 07:17:00,49.560128956623686
2025-06-12 23:41:00,75.0
2025-06-12 15:06:00,42.6
2025-06-12 12:13:00,23.1
2025-06-12 20:40:00,41.2
2025-06-12 01:30:00,11.7
2025-06-12 15:34:00,87.9
2025-06-12 23:33:00,34.3
2025-06-12 05:36:00,77.6
2025-06-12 07:24:00,99.0
2025-06-12 17:32:00,3.8
2025-06-12 14:58:00,49.560128956623686
2025-06-12 16:06:00,29.3
2025-06-12 02:09:00,62.4
2025-06-12 07:25:00,40.4
2025-06-12 04:14:00,26.2
2025-06-12 13:01:00,39.6
2025-06-12 11:13:00,49.560128956623686
2025-06-12 12:32:00,35.2
2025-06-12 04:12:00,34.7
2025-06-12 14:41:00,49.560128956623686
2025-06-12 21:25:00,4.9
2025-06-12 20:49:00,53.6
2025-06-12 21:50:00,61.7
2025-06-12 22:42:00,94.5
2025-06-12 00:40:00,50.8
2025-06-12 00:51:00,49.560128956623686
2025-06-12 18:29:00,42.7
2025-06-12 01:50:00,1.8
2025-06-12 07:30:00,47.3
2025-06-12 21:02:00,29.7
2025-06-12 02:18:00,65.6
2025-06-12 09:44:00,49.560128956623686
2025-06-12 09:52:00,43.4
2025-06-12 06:57:00,14.6
2025-06-12 19:54:00,61.2
2025-06-12 06:06:00,49.560128956623686
2025-06-12 22:24:00,1.4
2025-06-12 11:02:00,54.0
2025-06-12 19:53:00,85.9
2025-06-12 15:27:00,64.7
2025-06-12 05:59:00,54.6
2025-06-12 15:03:00,86.7
2025-06-12 21:46:00,84.8
2025-06-12 04:59:00,86.3
2025-06-12 07:04:00,78.1
2025-06-12 14:22:00,44.0
2025-06-12 14:45:00,2.4
2025-06-12 02:13:00,87.0
2025-06-12 12:18:00,20.1
2025-06-12 03:31:00,33.1
2025-06-12 05:40:00,67.1
2025-06-12 03:59:00,17.5
2025-06-12 12:58:00,77.6
2025-06-12 23:40:00,94.3
2025-06-12 06:20:00,37.4
2025-06-12 20:16:00,9.6
2025-06-12 03:29:00,7.9
2025-06-12 15:50:00,36.3
2025-06-12 16:48:00,59.1
2025-06-12 21:18:00,8.0
2025-06-12 08:05:00,66.2
2025-06-12 03:54:00,3.2
2025-06-12 12:44:00,49.560128956623686
2025-06-12 08:09:00,49.560128956623686
2025-06-12 20:42:00,86.9
2025-06-12 03:28:00,34.0
2025-06-12 08:42:00,60.4
2025-06-12 22:30:00,79.4
2025-06-12 13:49:00,65.9
2025-06-12 23:50:00,40.0
2025-06-12 00:28:00,53.8
2025-06-12 14:34:00,65.4
2025-06-12 11:43:00,22.4
2025-06-12 12:24:00,49.560128956623686
2025-06-12 17:33:00,96.7
2025-06-12 20:32:00,60.0
2025-06-12 13:43:00,31.7
2025-06-12 05:16:00,49.560128956623686
2025-06-12 00:24:00,49.560128956623686
2025-06-12 06:38:00,49.0
2025-06-12 05:58:00,22.9
2025-06-12 17:49:00,24.0
2025-06-12 21:47:00,32.2
2025-06-12 12:53:00,30.5
2025-06-12 14:04:00,49.560128956623686
2025-06-12 00:31:00,46.5
2025-06-12 20:51:00,67.4
2025-06-12 00:41:00,81.8
2025-06-12 17:58:00,97.1
2025-06-12 14:42:00,9.7
2025-06-12 10:42:00,73.8
2025-06-12 16:07:00,32.6
2025-06-12 22:14:00,40.6
2025-06-12 19:44:00,14.8
2025-06-12 13:02:00,80.2
2025-06-12 01:19:00,11.2
2025-06-12 07:12:00,44.6
2025-06-12 00:00:00,3.0
2025-06-12 19:28:00,92.2
2025-06-12 02:01:00,9.5
2025-06-12 09:46:00,17.3
2025-06-12 00:20:00,49.560128956623686
2025-06-12 08:30:00,39.2
2025-06-12 09:15:00,66.8
2025-06-12 09:21:00,21.7
2025-06-12 21:24:00,49.560128956623686
2025-06-12 21:49:00,84.0
2025-06-12 17:24:00,34.4
2025-06-12 09:38:00,46.5
2025-06-12 21:30:00,24.0
2025-06-12 19:57:00,42.7
2025-06-12 10:50:00,49.560128956623686
2025-06-12 14:51:00,85.5
2025-06-12 13:08:00,31.9
2025-06-12 08:13:00,99.5
2025-06-12 15:52:00,85.5
2025-06-12 17:08:00,77.9
2025-06-12 09:13:00,22.7
2025-06-12 20:17:00,0.1
2025-06-12 13:17:00,80.7
2025-06-12 13:10:00,35.3
2025-06-12 23:30:00,9.0
2025-06-12 14:21:00,6.1
2025-06-12 06:41:00,4.3
2025-06-12 14:56:00,28.6
2025-06-12 01:03:00,96.9
2025-06-12 10:51:00,25.3
2025-06-12 16:25:00,69.4
2025-06-12 15:10:00,95.1
2025-06-12 22:10:00,49.2
2025-06-12 13:44:00,87.9
2025-06-12 10:26:00,58.1
2025-06-12 11:24:00,24.2
2025-06-12 11:55:00,93.3
2025-06-12 10:13:00,1.7
2025-06-12 00:36:00,2.9
2025-06-12 20:28:00,92.2
2025-06-12 17:09:00,49.560128956623686
2025-06-12 08:26:00,24.1
2025-06-12 23:54:00,19.3
2025-06-12 23:11:00,22.1
2025-06-12 13:27:00,49.560128956623686
2025-06-12 15:01:00,50.2
2025-06-12 09:10:00,82.0
2025-06-12 03:21:00,44.0
2025-06-12 05:43:00,18.3
2025-06-12 20:53:00,25.0
2025-06-12 01:43:00,64.1
2025-06-12 19:31:00,12.6
2025-06-12 18:01:00,66.6
2025-06-12 00:53:00,53.3
2025-06-12 23:36:00,98.5
2025-06-12 13:41:00,40.2
2025-06-12 00:12:00,91.3
2025-06-12 15:29:00,76.7
2025-06-12 16:58:00,63.7
2025-06-12 08:22:00,49.560128956623686
2025-06-12 04:18:00,60.1
2025-06-12 09:05:00,49.9
2025-06-12 22:25:00,83.0
2025-06-12 20:39:00,35.7
2025-06-12 11:58:00,49.560128956623686
2025-06-12 23:43:00,46.2
2025-06-12 05:00:00,12.2
2025-06-12 22:35:00,23.0
2025-06-12 18:13:00,90.0
2025-06-12 04:22:00,31.9
2025-06-12 04:34:00,4.2
2025-06-12 05:46:00,58.9
2025-06-12 18:34:00,91.3
2025-06-12 03:20:00,59.3
2025-06-12 01:47:00,44.0
2025-06-12 03:42:00,56.9
2025-06-12 01:46:00,49.560128956623686
2025-06-12 21:31:00,36.9
2025-06-12 01:28:00,49.560128956623686
2025-06-12 04:37:00,20.8
2025-06-12 00:34:00,64.8
2025-06-12 16:55:00,88.8
2025-06-12 13:46:00,4.8
2025-06-12 22:31:00,94.0
2025-06-12 07:14:00,29.2
2025-06-12 07:43:00,4.5
2025-06-12 02:26:00,14.8
2025-06-12 06:03:00,67.6
2025-06-12 11:07:00,75.3
2025-06-12 22:13:00,19.7
2025-06-12 08:17:00,83.3
2025-06-12 00:23:00,72.7
2025-06-12 02:53:00,41.7
2025-06-12 07:28:00,80.3
2025-06-12 06:28:00,7.4
2025-06-12 16:50:00,3.8
2025-06-12 02:58:00,50.10277843742579
2025-06-12 06:03:00,20.7
2025-06-12 13:07:00,8.4
2025-06-12 14:23:00,90.4
2025-06-12 23:50:00,51.4
2025-06-12 08:19:00,80.3
2025-06-12 09:34:00,30.5
2025-06-12 19:34:00,83.5
2025-06-12 23:00:00,50.10277843742579
2025-06-12 06:55:00,81.2
2025-06-12 06:31:00,74.7
2025-06-12 19:30:00,39.0
2025-06-12 15:44:00,48.7
2025-06-12 18:44:00,72.0
2025-06-12 04:51:00,41.8
2025-06-12 11:06:00,42.1
2025-06-12 00:37:00,14.1
2025-06-12 00:30:00,96.8
2025-06-12 04:42:00,79.8
2025-06-12 00:52:00,23.0
2025-06-12 16:30:00,24.0
2025-06-12 10:49:00,93.1
2025-06-12 08:49:00,55.1
2025-06-12 02:50:00,20.2
2025-06-12 18:32:00,50.10277843742579
2025-06-12 23:59:00,98.7
2025-06-12 11:02:00,68.2
2025-06-12 09:12:00,80.9
2025-06-12 05:40:00,63.6
2025-06-12 17:43:00,50.10277843742579
2025-06-12 10:35:00,7.9
2025-06-12 02:14:00,29.5
2025-06-12 10:20:00,22.7
2025-06-12 21:42:00,48.4
2025-06-12 00:47:00,71.3
2025-06-12 09:00:00,73.2
2025-06-12 14:08:00,34.5
2025-06-12 06:12:00,96.6
2025-06-12 22:18:00,94.8
2025-06-12 06:52:00,4.0
2025-06-12 06:43:00,50.10277843742579
2025-06-12 15:57:00,97.4
2025-06-12 19:35:00,83.8
2025-06-12 04:46:00,50.10277843742579
2025-06-12 23:34:00,86.4
2025-06-12 23:33:00,49.3
2025-06-12 11:18:00,59.2
2025-06-12 03:44:00,10.8
2025-06-12 03:53:00,5.2
2025-06-12 14:22:00,24.1
2025-06-12 17:22:00,79.0
2025-06-12 08:54:00,29.6
2025-06-12 15:04:00,18.7
2025-06-12 17:28:00,83.4
2025-06-12 10:11:00,2.2
2025-06-12 11:39:00,50.10277843742579
2025-06-12 18:09:00,33.4
2025-06-12 07:19:00,39.9
2025-06-12 04:06:00,33.1
2025-06-12 15:14:00,43.1
2025-06-12 01:30:00,16.1
2025-06-12 18:37:00,40.1
2025-06-12 16:11:00,50.10277843742579
2025-06-12 22:55:00,98.5
2025-06-12 05:03:00,84.5
2025-06-12 12:23:00,87.0
2025-06-12 20:07:00,16.1
2025-06-12 15:00:00,82.8
2025-06-12 04:54:00,50.10277843742579
2025-06-12 14:14:00,99.6
2025-06-12 03:22:00,46.1
2025-06-12 23:05:00,90.0
2025-06-12 19:08:00,56.7
2025-06-12 17:54:00,50.10277843742579
2025-06-12 22:16:00,50.10277843742579
2025-06-12 04:18:00,50.10277843742579
2025-06-12 15:27:00,50.10277843742579
2025-06-12 10:07:00,20.1
2025-06-12 16:05:00,32.0
2025-06-12 18:39:00,8.6
2025-06-12 07:03:00,23.2
2025-06-12 03:49:00,15.4
2025-06-12 16:38:00,81.3
2025-06-12 12:49:00,36.2
2025-06-12 13:37:00,66.0
2025-06-12 14:51:00,18.6
2025-06-12 05:09:00,50.10277843742579
2025-06-12 04:36:00,50.10277843742579
2025-06-12 14:57:00,35.4
2025-06-12 19:38:00,50.10277843742579
2025-06-12 16:52:00,96.2
2025-06-12 08:52:00,80.8
2025-06-12 01:57:00,15.7
2025-06-12 12:06:00,78.5
2025-06-12 10:45:00,61.1
2025-06-12 09:18:00,36.9
2025-06-12 02:47:00,65.1
2025-06-12 02:04:00,15.9
2025-06-12 01:24:00,34.7
2025-06-12 10:41:00,95.4
2025-06-12 04:41:00,7.6
2025-06-12 13:17:00,27.2
2025-06-12 03:55:00,50.10277843742579
2025-06-12 14:29:00,53.2
2025-06-12 05:16:00,42.5
2025-06-12 21:16:00,75.7
2025-06-12 09:49:00,83.4
2025-06-12 05:58:00,69.6
2025-06-12 10:22:00,42.8
2025-06-12 05:04:00,10.6
2025-06-12 14:59:00,86.2
2025-06-12 09:33:00,51.5
2025-06-12 22:59:00,39.7
2025-06-12 01:08:00,0.8
2025-06-12 07:48:00,4.5
2025-06-12 00:18:00,26.7
2025-06-12 22:31:00,31.3
2025-06-12 17:02:00,74.9
2025-06-12 07:06:00,45.5
2025-06-12 00:16:00,50.10277843742579
2025-06-12 22:12:00,50.10277843742579
2025-06-12 18:55:00,50.10277843742579
2025-06-12 07:25:00,43.4
2025-06-12 14:07:00,84.5
2025-06-12 02:09:00,97.9
2025-06-12 03:26:00,4.0
2025-06-12 10:37:00,86.7
2025-06-12 11:47:00,89.0
2025-06-12 21:50:00,95.5
2025-06-12 20:46:00,89.4
2025-06-12 11:12:00,4.8
2025-06-12 13:25:00,88.6
2025-06-12 14:21:00,50.10277843742579
2025-06-12 18:17:00,68.2
2025-06-12 02:36:00,50.10277843742579
2025-06-12 17:23:00,7.0
2025-06-12 16:09:00,71.0
2025-06-12 16:27:00,28.1
2025-06-12 12:07:00,15.9
2025-06-12 20:21:00,43.0
2025-06-12 19:58:00,64.5
2025-06-12 04:10:00,15.1
2025-06-12 01:09:00,45.2
2025-06-12 14:56:00,50.10277843742579
2025-06-12 18:46:00,50.10277843742579
2025-06-12 03:27:00,99.5
2025-06-12 05:48:00,12.9
2025-06-12 09:41:00,65.9
2025-06-12 22:14:00,50.10277843742579
2025-06-12 07:31:00,49.5
2025-06-12 06:49:00,58.4
2025-06-12 07:37:00,97.7
2025-06-12 06:59:00,70.7
2025-06-12 16:53:00,50.10277843742579
2025-06-12 04:59:00,13.9
2025-06-12 13:36:00,86.0
2025-06-12 21:27:00,50.10277843742579
2025-06-12 15:08:00,27.3
2025-06-12 05:54:00,50.10277843742579
2025-06-12 08:07:00,26.4
2025-06-12 09:10:00,35.4
2025-06-12 00:01:00,50.10277843742579
2025-06-12 21:20:00,10.6
2025-06-12 20:56:00,43.3
2025-06-12 13:58:00,18.9
2025-06-12 16:01:00,50.10277843742579
2025-06-12 12:01:00,88.2
2025-06-12 09:15:00,75.7
2025-06-12 03:35:00,50.10277843742579
2025-06-12 03:33:00,97.5
2025-06-12 10:43:00,10.9
2025-06-12 13:33:00,49.7
2025-06-12 23:01:00,16.7
2025-06-12 12:15:00,13.4
2025-06-12 04:35:00,30.0
2025-06-12 07:11:00,35.4
2025-06-12 21:10:00,10.5
2025-06-12 19:00:00,60.4
2025-06-12 14:26:00,50.10277843742579
2025-06-12 14:42:00,50.10277843742579
2025-06-12 12:37:00,48.3
2025-06-12 15:30:00,19.3
2025-06-12 12:36:00,26.7
2025-06-12 20:22:00,48.6
2025-06-12 00:28:00,7.2
2025-06-12 01:12:00,25.8
2025-06-12 12:22:00,43.2
2025-06-12 05:21:00,42.3
2025-06-12 09:09:00,50.10277843742579
2025-06-12 01:16:00,43.3
2025-06-12 22:50:00,19.4
2025-06-12 17:35:00,14.0
2025-06-12 16:44:00,6.6
2025-06-12 19:40:00,24.4
2025-06-12 06:11:00,68.7
2025-06-12 21:34:00,55.9
2025-06-12 22:45:00,50.10277843742579
2025-06-12 21:37:00,4.4
2025-06-12 23:25:00,85.6
2025-06-12 19:18:00,46.1
2025-06-12 15:56:00,15.9
2025-06-12 10:38:00,50.10277843742579
2025-06-12 05:32:00,7.3
2025-06-12 07:54:00,39.8
2025-06-12 06:30:00,50.10277843742579
2025-06-12 19:32:00,54.9
2025-06-12 11:53:00,36.8
2025-06-12 11:45:00,57.1
2025-06-12 15:53:00,2.6
2025-06-12 14:01:00,84.9
2025-06-12 19:49:00,85.3
2025-06-12 14:39:00,63.3
2025-06-12 01:54:00,39.0
2025-06-12 10:48:00,65.3
2025-06-12 17:30:00,30.3
2025-06-12 13:03:00,50.10277843742579
2025-06-12 23:32:00,88.3
2025-06-12 06:48:00,11.1
2025-06-12 19:04:00,40.1
2025-06-12 23:07:00,46.2
2025-06-12 06:20:00,89.6
2025-06-12 13:39:00,93.2
2025-06-12 08:17:00,56.0
2025-06-12 23:49:00,98.0
2025-06-12 19:20:00,17.1
2025-06-12 22:53:00,4.2
2025-06-12 01:51:00,50.10277843742579
2025-06-12 15:02:00,41.5
2025-06-12 22:57:00,40.0
2025-06-12 23:55:00,31.4
2025-06-12 20:01:00,53.2
2025-06-12 17:01:00,7.2
2025-06-12 12:24:00,22.2
2025-06-12 03:37:00,46.9
2025-06-12 20:48:00,53.0
2025-06-12 21:53:00,66.6
2025-06-12 00:23:00,82.3
2025-06-12 17:31:00,84.3
2025-06-12 01:19:00,32.0
2025-06-12 03:39:00,50.10277843742579
2025-06-12 11:40:00,50.10277843742579
2025-06-12 09:30:00,1.4
2025-06-12 15:35:00,15.2
2025-06-12 17:48:00,9.0
2025-06-12 03:14:00,28.5
2025-06-12 10:36:00,50.10277843742579
2025-06-12 16:29:00,19.9
2025-06-12 13:30:00,13.9
2025-06-12 13:18:00,95.9
2025-06-12 11:46:00,24.5
2025-06-12 11:00:00,73.6
2025-06-12 03:03:00,87.5
2025-06-12 03:30:00,65.3
2025-06-12 00:11:00,24.3
2025-06-12 17:15:00,89.1
2025-06-12 13:16:00,12.4
2025-06-12 01:40:00,5.2
2025-06-12 17:10:00,50.10277843742579
2025-06-12 11:07:00,90.4
2025-06-12 05:27:00,50.10277843742579
2025-06-12 19:26:00,0.4
2025-06-12 13:31:00,50.10277843742579
2025-06-12 01:41:00,50.2
2025-06-12 20:40:00,75.6
2025-06-12 16:20:00,37.3
2025-06-12 19:57:00,21.3
2025-06-12 05:35:00,50.10277843742579
2025-06-12 11:23:00,4.0
2025-06-12 21:22:00,59.5
2025-06-12 03:36:00,47.6
2025-06-12 07:22:00,14.7
2025-06-12 00:27:00,97.4
2025-06-12 02:18:00,99.3
2025-06-12 00:22:00,30.8
2025-06-12 01:20:00,44.1
2025-06-12 23:08:00,61.3
2025-06-12 04:57:00,4.1
2025-06-12 18:15:00,15.9
2025-06-12 10:16:00,28.2
2025-06-12 22:20:00,37.3
2025-06-12 21:30:00,28.4
2025-06-12 11:56:00,32.1
2025-06-12 15:31:00,64.6
2025-06-12 13:35:00,59.0
2025-06-12 00:26:00,29.7
2025-06-12 09:17:00,50.10277843742579
2025-06-12 00:51:00,96.8
2025-06-12 21:12:00,20.3
2025-06-12 03:25:00,57.0
2025-06-12 00:00:00,18.7
2025-06-12 11:58:00,66.6
2025-06-12 03:07:00,17.4
2025-06-12 05:15:00,25.8
2025-06-12 22:21:00,75.1
2025-06-12 01:31:00,72.6
2025-06-12 13:52:00,62.7
2025-06-12 09:08:00,19.8
2025-06-12 18:42:00,35.1
2025-06-12 16:24:00,84.0
2025-06-12 08:39:00,18.1
2025-06-12 18:53:00,39.6
2025-06-12 21:00:00,39.6
2025-06-12 07:10:00,19.1
2025-06-12 22:25:00,74.6
2025-06-12 13:59:00,53.6
2025-06-12 04:01:00,77.8
2025-06-12 09:10:00,49.2
2025-06-12 13:44:00,49.85036359371334
2025-06-12 14:32:00,13.6
2025-06-12 18:24:00,54.0
2025-06-12 06:30:00,30.8
2025-06-12 00:39:00,11.7
2025-06-12 13:19:00,14.4
2025-06-12 13:30:00,49.85036359371334
2025-06-12 00:42:00,37.5
2025-06-12 06:44:00,24.6
2025-06-12 02:27:00,83.2
2025-06-12 10:07:00,93.3
2025-06-12 12:00:00,96.9
2025-06-12 23:14:00,68.1
2025-06-12 18:53:00,28.8
2025-06-12 18:17:00,69.5
2025-06-12 06:36:00,49.85036359371334
2025-06-12 03:59:00,37.9
2025-06-12 05:00:00,75.8
2025-06-12 03:20:00,84.5
2025-06-12 23:23:00,21.0
2025-06-12 03:58:00,94.0
2025-06-12 03:57:00,41.9
2025-06-12 03:21:00,35.2
2025-06-12 16:10:00,49.85036359371334
2025-06-12 07:48:00,85.1
2025-06-12 17:57:00,57.2
2025-06-12 20:44:00,40.3
2025-06-12 06:58:00,49.85036359371334
2025-06-12 21:56:00,49.85036359371334
2025-06-12 12:52:00,12.7
2025-06-12 00:57:00,4.2
2025-06-12 12:55:00,49.85036359371334
2025-06-12 16:09:00,49.1
2025-06-12 07:32:00,60.8
2025-06-12 08:40:00,96.3
2025-06-12 23:20:00,80.7
2025-06-12 19:46:00,57.7
2025-06-12 02:46:00,61.3
2025-06-12 22:19:00,37.5
2025-06-12 00:01:00,77.7
2025-06-12 06:31:00,39.4
2025-06-12 02:44:00,28.3
2025-06-12 03:47:00,96.8
2025-06-12 06:53:00,0.2
2025-06-12 21:18:00,14.6
2025-06-12 22:32:00,77.1
2025-06-12 09:35:00,98.9
2025-06-12 10:29:00,62.6
2025-06-12 18:55:00,22.0
2025-06-12 20:21:00,78.3
2025-06-12 05:35:00,70.6
2025-06-12 01:08:00,49.85036359371334
2025-06-12 07:44:00,49.85036359371334
2025-06-12 20:23:00,68.1
2025-06-12 10:21:00,67.2
2025-06-12 11:10:00,49.85036359371334
2025-06-12 19:33:00,63.9
2025-06-12 20:45:00,38.2
2025-06-12 09:54:00,10.2
2025-06-12 02:35:00,95.9
2025-06-12 01:57:00,33.2
2025-06-12 16:18:00,49.85036359371334
2025-06-12 08:29:00,3.8
2025-06-12 07:06:00,36.2
2025-06-12 01:23:00,12.7
2025-06-12 18:43:00,84.3
2025-06-12 23:03:00,49.85036359371334
2025-06-12 21:54:00,2.0
2025-06-12 06:52:00,46.6
2025-06-12 17:20:00,49.85036359371334
2025-06-12 13:20:00,2.6
2025-06-12 04:45:00,49.85036359371334
2025-06-12 20:53:00,49.85036359371334
2025-06-12 10:49:00,18.2
2025-06-12 04:13:00,6.9
2025-06-12 22:03:00,93.5
2025-06-12 05:31:00,59.7
2025-06-12 22:38:00,51.5
2025-06-12 04:51:00,57.4
2025-06-12 16:03:00,49.85036359371334
2025-06-12 23:57:00,94.4
2025-06-12 03:14:00,50.0
2025-06-12 06:19:00,22.2
2025-06-12 15:14:00,84.8
2025-06-12 14:19:00,49.85036359371334
2025-06-12 22:25:00,91.0
2025-06-12 18:42:00,40.9
2025-06-12 09:26:00,21.1
2025-06-12 12:11:00,49.85036359371334
2025-06-12 01:19:00,33.0
2025-06-12 16:27:00,29.9
2025-06-12 10:37:00,55.6
2025-06-12 00:03:00,79.1
2025-06-12 13:08:00,13.7
2025-06-12 22:15:00,49.85036359371334
2025-06-12 17:43:00,42.4
2025-06-12 08:36:00,49.85036359371334
2025-06-12 23:12:00,49.85036359371334
2025-06-12 20:15:00,49.85036359371334
2025-06-12 08:12:00,78.7
2025-06-12 13:24:00,90.8
2025-06-12 07:05:00,66.7
2025-06-12 19:40:00,49.85036359371334
2025-06-12 03:40:00,74.4
2025-06-12 21:57:00,42.0
2025-06-12 15:57:00,38.3
2025-06-12 06:56:00,90.8
2025-06-12 00:14:00,46.5
2025-06-12 12:21:00,48.6
2025-06-12 11:25:00,56.5
2025-06-12 19:14:00,59.4
2025-06-12 15:54:00,6.4
2025-06-12 21:07:00,14.2
2025-06-12 04:49:00,84.2
2025-06-12 09:01:00,97.4
2025-06-12 20:38:00,79.9
2025-06-12 17:37:00,86.8
2025-06-12 07:35:00,22.5
2025-06-12 13:40:00,14.7
2025-06-12 17:08:00,41.5
2025-06-12 21:10:00,55.4
2025-06-12 01:13:00,88.4
2025-06-12 14:08:00,43.6
2025-06-12 15:07:00,52.1
2025-06-12 23:15:00,49.85036359371334
2025-06-12 09:08:00,5.3
2025-06-12 15:49:00,13.1
2025-06-12 06:14:00,14.6
2025-06-12 17:53:00,36.8
2025-06-12 02:20:00,49.85036359371334
2025-06-12 21:15:00,53.1
2025-06-12 02:50:00,14.0
2025-06-12 04:55:00,68.8
2025-06-12 07:53:00,87.0
2025-06-12 07:10:00,32.7
2025-06-12 06:26:00,21.5
2025-06-12 10:28:00,49.85036359371334
2025-06-12 19:12:00,99.7
2025-06-12 15:23:00,24.5
2025-06-12 14:44:00,29.0
2025-06-12 10:41:00,71.7
2025-06-12 13:50:00,74.9
2025-06-12 02:47:00,89.0
2025-06-12 01:21:00,10.1
2025-06-12 21:23:00,14.1
2025-06-12 07:37:00,22.5
2025-06-12 13:45:00,86.5
2025-06-12 04:48:00,54.4
2025-06-12 08:09:00,16.2
2025-06-12 19:15:00,68.4
2025-06-12 18:34:00,26.9
2025-06-12 02:18:00,29.0
2025-06-12 07:17:00,91.7
2025-06-12 12:20:00,39.9
2025-06-12 11:52:00,35.9
2025-06-12 18:01:00,6.8
2025-06-12 17:12:00,24.3
2025-06-12 01:17:00,99.2
2025-06-12 00:07:00,59.7
2025-06-12 19:25:00,42.3
2025-06-12 00:54:00,61.5
2025-06-12 08:14:00,29.2
2025-06-12 23:43:00,49.85036359371334
2025-06-12 00:34:00,1.2
2025-06-12 14:16:00,68.8
2025-06-12 10:14:00,21.8
2025-06-12 04:04:00,94.4
2025-06-12 02:21:00,9.5
2025-06-12 06:17:00,26.6
2025-06-12 16:33:00,49.85036359371334
2025-06-12 14:29:00,37.2
2025-06-12 20:36:00,52.6
2025-06-12 09:37:00,25.1
2025-06-12 09:55:00,42.8
2025-06-12 17:14:00,12.1
2025-06-12 14:15:00,2.9
2025-06-12 14:17:00,49.85036359371334
2025-06-12 23:28:00,24.3
2025-06-12 23:38:00,29.2
2025-06-12 04:52:00,10.8
2025-06-12 13:41:00,91.2
2025-06-12 20:28:00,13.6
2025-06-12 10:42:00,33.4
2025-06-12 08:04:00,65.5
2025-06-12 20:05:00,83.4
2025-06-12 16:26:00,52.6
2025-06-12 19:23:00,49.85036359371334
2025-06-12 08:39:00,19.4
2025-06-12 09:00:00,13.6
2025-06-12 00:40:00,86.8
2025-06-12 16:15:00,18.2
2025-06-12 18:03:00,67.2
2025-06-12 01:10:00,79.1
2025-06-12 21:50:00,47.3
2025-06-12 07:16:00,9.2
2025-06-12 09:33:00,8.2
2025-06-12 12:40:00,1.8
2025-06-12 23:08:00,88.1
2025-06-12 14:02:00,85.1
2025-06-12 08:15:00,60.8
2025-06-12 14:35:00,49.8
2025-06-12 18:20:00,49.85036359371334
2025-06-12 01:05:00,49.85036359371334
2025-06-12 16:25:00,53.0
2025-06-12 18:02:00,18.9
2025-06-12 12:47:00,10.2
2025-06-12 12:25:00,49.85036359371334
2025-06-12 14:09:00,51.5
2025-06-12 20:27:00,49.85036359371334
2025-06-12 08:57:00,64.6
2025-06-12 09:09:00,57.0
2025-06-12 06:09:00,83.9
2025-06-12 12:36:00,71.1
2025-06-12 10:20:00,13.6
2025-06-12 22:42:00,96.8
2025-06-12 05:41:00,49.85036359371334
2025-06-12 04:57:00,79.0
2025-06-12 21:32:00,49.85036359371334
2025-06-12 22:18:00,76.2
2025-06-12 05:48:00,73.1
2025-06-12 05:58:00,66.2
2025-06-12 16:22:00,36.4
2025-06-12 15:59:00,79.1
2025-06-12 00:43:00,97.5
2025-06-12 21:39:00,33.5
2025-06-12 13:48:00,93.4
2025-06-12 20:09:00,79.6
2025-06-12 03:55:00,75.4
2025-06-12 02:53:00,60.9
2025-06-12 23:25:00,51.2
2025-06-12 17:31:00,45.4
2025-06-12 00:33:00,35.0
2025-06-12 02:23:00,64.0
2025-06-12 00:21:00,56.4
2025-06-12 15:44:00,39.5
2025-06-12 04:12:00,28.1
2025-06-12 22:44:00,16.8
2025-06-12 07:45:00,17.9
2025-06-12 22:14:00,46.4
2025-06-12 18:58:00,33.0
2025-06-12 22:08:00,8.4
2025-06-12 15:45:00,94.0
2025-06-12 08:42:00,49.85036359371334
2025-06-12 21:01:00,97.4
2025-06-12 23:06:00,98.9
2025-06-12 15:27:00,14.7
2025-06-12 08:19:00,41.0
2025-06-12 17:32:00,30.8
2025-06-12 10:26:00,57.4
2025-06-12 15:32:00,45.6
2025-06-12 11:26:00,68.5
2025-06-12 04:19:00,49.85036359371334
2025-06-12 01:02:00,49.85036359371334
2025-06-12 12:44:00,94.2
2025-06-12 23:49:00,15.5
2025-06-12 02:56:00,49.85036359371334
2025-06-12 20:50:00,26.3
2025-06-12 09:53:00,3.2
2025-06-12 19:28:00,9.6
2025-06-12 15:26:00,58.4
2025-06-12 00:30:00,39.5
2025-06-12 10:13:00,25.9
2025-06-12 00:31:00,44.8
2025-06-12 15:37:00,51.2
2025-06-12 13:10:00,16.4
2025-06-12 14:12:00,62.3
2025-06-12 03:18:00,18.6
2025-06-12 10:23:00,6.5
2025-06-12 03:51:00,49.85036359371334
2025-06-12 21:14:00,92.4
2025-06-12 09:14:00,55.6
2025-06-12 03:07:00,86.8
2025-06-12 08:23:00,72.8
2025-06-12 15:17:00,35.5
2025-06-12 05:33:00,31.6
2025-06-12 16:06:00,1.9
2025-06-12 23:59:00,78.7
2025-06-12 10:16:00,63.6
2025-06-12 00:25:00,28.5
2025-06-12 15:31:00,0.9
2025-06-12 05:10:00,11.3
2025-06-12 03:12:00,26.1
2025-06-12 06:03:00,68.6
2025-06-12 01:31:00,21.1
2025-06-12 13:18:00,49.85036359371334
2025-06-12 08:52:00,23.5
2025-06-12 12:34:00,40.8
2025-06-12 12:04:00,22.3
2025-06-12 06:23:00,49.85036359371334
2025-06-12 13:35:00,63.7
2025-06-12 15:34:00,67.1
2025-06-12 04:03:00,77.7
2025-06-12 07:40:00,19.1
2025-06-12 21:30:00,63.0
2025-06-12 03:36:00,40.9
2025-06-12 02:25:00,86.4
2025-06-12 07:34:00,1.3
2025-06-12 04:16:00,65.0
2025-06-12 19:37:00,7.1
2025-06-12 11:08:00,39.3
2025-06-12 21:35:00,26.3
2025-06-12 23:21:00,29.0
2025-06-12 17:41:00,83.0
2025-06-12 01:25:00,49.85036359371334
2025-06-12 20:33:00,24.9
2025-06-12 04:43:00,5.5
2025-06-12 08:54:00,61.4
2025-06-12 19:45:00,99.1
2025-06-12 13:22:00,14.1
2025-06-12 04:07:00,19.6
2025-06-12 01:36:00,25.2
2025-06-12 12:05:00,40.7
2025-06-12 02:21:00,16.3
2025-06-12 22:26:00,93.0
2025-06-12 17:30:00,100.0
2025-06-12 18:29:00,40.1
2025-06-12 02:15:00,68.8
2025-06-12 09:52:00,2.6
2025-06-12 23:16:00,8.2
2025-06-12 07:54:00,11.4
2025-06-12 13:24:00,37.4
2025-06-12 09:24:00,21.4
2025-06-12 08:42:00,51.3
2025-06-12 20:24:00,50.02337935876432
2025-06-12 02:25:00,93.4
2025-06-12 17:25:00,50.02337935876432
2025-06-12 15:36:00,71.3
2025-06-12 12:39:00,60.8
2025-06-12 11:25:00,54.0
2025-06-12 16:46:00,98.7
2025-06-12 07:07:00,61.5
2025-06-12 02:09:00,12.5
2025-06-12 13:30:00,39.3
2025-06-12 03:07:00,16.8
2025-06-12 18:42:00,71.3
2025-06-12 19:57:00,50.02337935876432
2025-06-12 08:31:00,50.02337935876432
2025-06-12 12:35:00,7.9
2025-06-12 23:53:00,33.1
2025-06-12 08:34:00,50.02337935876432
2025-06-12 11:47:00,84.6
2025-06-12 12:52:00,33.0
2025-06-12 23:35:00,99.0
2025-06-12 18:49:00,4.6
2025-06-12 06:45:00,50.02337935876432
2025-06-12 08:04:00,58.6
2025-06-12 08:21:00,14.1
2025-06-12 07:26:00,6.1
2025-06-12 04:57:00,50.02337935876432
2025-06-12 18:10:00,52.3
2025-06-12 20:44:00,87.2
2025-06-12 10:39:00,27.2
2025-06-12 02:44:00,58.7
2025-06-12 01:33:00,17.8
2025-06-12 14:27:00,13.7
2025-06-12 16:27:00,94.5
2025-06-12 14:34:00,50.02337935876432
2025-06-12 01:48:00,50.02337935876432
2025-06-12 13:02:00,75.4
2025-06-12 23:08:00,50.02337935876432
2025-06-12 22:24:00,50.02337935876432
2025-06-12 15:53:00,50.02337935876432
2025-06-12 07:00:00,55.2
2025-06-12 09:49:00,14.3
2025-06-12 16:50:00,39.7
2025-06-12 14:35:00,73.9
2025-06-12 05:33:00,25.7
2025-06-12 13:42:00,82.3
2025-06-12 18:41:00,93.9
2025-06-12 05:20:00,62.3
2025-06-12 19:09:00,3.6
2025-06-12 18:05:00,9.5
2025-06-12 23:10:00,34.4
2025-06-12 10:53:00,50.02337935876432
2025-06-12 00:51:00,68.6
2025-06-12 22:25:00,29.0
2025-06-12 09:32:00,36.3
2025-06-12 20:59:00,50.02337935876432
2025-06-12 06:19:00,91.1
2025-06-12 01:17:00,50.02337935876432
2025-06-12 23:48:00,31.5
2025-06-12 12:21:00,47.1
2025-06-12 00:13:00,81.7
2025-06-12 04:40:00,82.1
2025-06-12 03:13:00,54.2
2025-06-12 03:55:00,69.2
2025-06-12 09:23:00,92.6
2025-06-12 22:29:00,97.4
2025-06-12 07:48:00,40.8
2025-06-12 17:43:00,94.5
2025-06-12 18:06:00,76.4
2025-06-12 03:29:00,33.2
2025-06-12 08:53:00,50.02337935876432
2025-06-12 14:02:00,78.5
2025-06-12 09:29:00,38.2
2025-06-12 06:43:00,50.02337935876432
2025-06-12 14:38:00,50.02337935876432
2025-06-12 09:08:00,61.1
2025-06-12 00:32:00,43.0
2025-06-12 02:57:00,46.8
2025-06-12 21:10:00,10.3
2025-06-12 01:49:00,15.9
2025-06-12 07:04:00,46.8
2025-06-12 01:28:00,77.0
2025-06-12 20:08:00,50.02337935876432
2025-06-12 08:26:00,81.0
2025-06-12 11:00:00,39.5
2025-06-12 15:27:00,80.7
2025-06-12 10:58:00,25.2
2025-06-12 06:25:00,12.3
2025-06-12 21:00:00,88.8
2025-06-12 09:55:00,44.5
2025-06-12 23:07:00,18.0
2025-06-12 23:51:00,1.5
2025-06-12 05:58:00,13.4
2025-06-12 01:03:00,10.9
2025-06-12 02:54:00,50.02337935876432
2025-06-12 18:16:00,50.02337935876432
2025-06-12 09:11:00,73.3
2025-06-12 11:56:00,16.5
2025-06-12 04:26:00,56.1
2025-06-12 04:22:00,29.3
2025-06-12 00:36:00,50.02337935876432
2025-06-12 02:24:00,84.5
2025-06-12 21:56:00,34.6
2025-06-12 20:36:00,7.5
2025-06-12 14:40:00,96.7
2025-06-12 20:06:00,92.6
2025-06-12 21:30:00,50.02337935876432
2025-06-12 17:16:00,92.7
2025-06-12 10:18:00,91.1
2025-06-12 14:55:00,58.4
2025-06-12 23:58:00,19.5
2025-06-12 15:19:00,77.6
2025-06-12 03:05:00,37.2
2025-06-12 10:01:00,72.2
2025-06-12 11:13:00,21.4
2025-06-12 03:52:00,22.2
2025-06-12 08:32:00,54.0
2025-06-12 18:38:00,6.6
2025-06-12 21:51:00,97.9
2025-06-12 16:55:00,50.02337935876432
2025-06-12 04:30:00,50.02337935876432
2025-06-12 00:48:00,12.3
2025-06-12 06:53:00,23.7
2025-06-12 16:19:00,94.5
2025-06-12 11:48:00,64.1
2025-06-12 19:53:00,86.8
2025-06-12 17:17:00,70.0
2025-06-12 21:46:00,84.5
2025-06-12 12:48:00,50.6
2025-06-12 06:20:00,4.7
2025-06-12 11:38:00,73.3
2025-06-12 14:07:00,28.7
2025-06-12 22:03:00,82.6
2025-06-12 14:06:00,49.6
2025-06-12 10:44:00,63.3
2025-06-12 14:59:00,80.3
2025-06-12 18:32:00,79.2
2025-06-12 08:01:00,8.6
2025-06-12 10:32:00,6.8
2025-06-12 01:54:00,50.02337935876432
2025-06-12 14:43:00,73.3
2025-06-12 06:14:00,89.4
2025-06-12 06:09:00,48.6
2025-06-12 16:44:00,26.7
2025-06-12 13:03:00,28.1
2025-06-12 06:07:00,18.4
2025-06-12 05:12:00,12.8
2025-06-12 02:07:00,93.8
2025-06-12 15:44:00,97.1
2025-06-12 19:36:00,76.8
2025-06-12 19:23:00,10.7
2025-06-12 16:54:00,16.8
2025-06-12 10:20:00,50.02337935876432
2025-06-12 18:22:00,50.02337935876432
2025-06-12 23:52:00,65.9
2025-06-12 06:50:00,62.7
2025-06-12 17:06:00,36.1
2025-06-12 02:35:00,1.8
2025-06-12 11:40:00,93.5
2025-06-12 22:11:00,55.4
2025-06-12 04:15:00,56.5
2025-06-12 20:38:00,22.2
2025-06-12 11:24:00,66.3
2025-06-12 17:26:00,13.1
2025-06-12 04:19:00,70.9
2025-06-12 02:41:00,42.7
2025-06-12 20:56:00,92.9
2025-06-12 15:58:00,4.1
2025-06-12 02:37:00,70.8
2025-06-12 12:03:00,47.2
2025-06-12 12:43:00,85.6
2025-06-12 04:28:00,21.1
2025-06-12 18:58:00,50.02337935876432
2025-06-12 18:40:00,1.5
2025-06-12 18:17:00,6.0
2025-06-12 18:31:00,10.9
2025-06-12 21:22:00,51.6
2025-06-12 06:42:00,28.3
2025-06-12 19:40:00,41.5
2025-06-12 05:31:00,50.02337935876432
2025-06-12 16:48:00,50.02337935876432
2025-06-12 03:37:00,77.6
2025-06-12 02:38:00,53.3
2025-06-12 17:51:00,19.1
2025-06-12 04:47:00,49.6
2025-06-12 10:27:00,50.02337935876432
2025-06-12 17:28:00,55.6
2025-06-12 18:56:00,83.9
2025-06-12 03:31:00,50.02337935876432
2025-06-12 22:50:00,50.02337935876432
2025-06-12 12:49:00,35.1
2025-06-12 05:18:00,50.02337935876432
2025-06-12 16:40:00,96.5
2025-06-12 01:27:00,45.3
2025-06-12 19:43:00,37.8
2025-06-12 08:28:00,22.6
2025-06-12 03:58:00,22.4
2025-06-12 04:20:00,88.2
2025-06-12 21:44:00,94.8
2025-06-12 19:56:00,50.02337935876432
2025-06-12 19:17:00,98.4
2025-06-12 05:22:00,50.02337935876432
2025-06-12 01:55:00,50.02337935876432
2025-06-12 02:12:00,50.02337935876432
2025-06-12 02:11:00,50.02337935876432
2025-06-12 12:10:00,50.6
2025-06-12 17:11:00,68.5
2025-06-12 05:51:00,6.0
2025-06-12 20:00:00,41.4
2025-06-12 13:36:00,64.9
2025-06-12 04:14:00,99.4
2025-06-12 06:24:00,5.1
2025-06-12 23:01:00,50.02337935876432
2025-06-12 09:20:00,50.02337935876432
2025-06-12 18:51:00,31.1
2025-06-12 19:26:00,50.02337935876432
2025-06-12 14:42:00,8.1
2025-06-12 22:44:00,78.7
2025-06-12 15:41:00,98.4
2025-06-12 05:39:00,72.5
2025-06-12 15:50:00,73.1
2025-06-12 06:15:00,50.02337935876432
2025-06-12 14:03:00,99.3
2025-06-12 20:53:00,18.1
2025-06-12 16:33:00,79.0
2025-06-12 03:14:00,35.1
2025-06-12 05:25:00,50.02337935876432
2025-06-12 08:33:00,50.02337935876432
2025-06-12 21:23:00,75.3
2025-06-12 08:58:00,50.02337935876432
2025-06-12 16:17:00,28.6
2025-06-12 00:54:00,59.3
2025-06-12 20:11:00,21.3
2025-06-12 21:36:00,78.6
2025-06-12 07:05:00,7.0
2025-06-12 07:29:00,50.02337935876432
2025-06-12 17:32:00,27.2
2025-06-12 12:07:00,62.9
2025-06-12 12:47:00,83.4
2025-06-12 09:58:00,50.02337935876432
2025-06-12 11:11:00,20.8
2025-06-12 22:46:00,14.5
2025-06-12 03:43:00,45.5
2025-06-12 18:27:00,83.8
2025-06-12 14:36:00,50.02337935876432
2025-06-12 00:41:00,50.02337935876432
2025-06-12 14:09:00,42.0
2025-06-12 20:13:00,76.9
2025-06-12 11:19:00,75.6
2025-06-12 06:51:00,91.9
2025-06-12 21:28:00,93.8
2025-06-12 07:46:00,52.4
2025-06-12 10:41:00,8.3
2025-06-12 12:15:00,43.7
2025-06-12 06:35:00,7.7
2025-06-12 23:17:00,79.5
2025-06-12 15:15:00,11.7
2025-06-12 09:45:00,4.3
2025-06-12 00:43:00,90.9
2025-06-12 02:32:00,37.5
2025-06-12 08:17:00,41.1
2025-06-12 10:09:00,93.7
2025-06-12 09:10:00,68.1
2025-06-12 22:51:00,53.8
2025-06-12 10:59:00,74.8
2025-06-12 12:01:00,52.0
2025-06-12 07:03:00,60.3
2025-06-12 20:55:00,22.2
2025-06-12 17:22:00,10.2
2025-06-12 17:46:00,9.9
2025-06-12 12:17:00,79.8
2025-06-12 14:59:00,44.4
2025-06-12 15:44:00,73.1
2025-06-12 18:23:00,47.4
2025-06-12 04:23:00,70.7
2025-06-12 02:48:00,4.3
2025-06-12 09:29:00,26.0
2025-06-12 19:13:00,5.2
2025-06-12 23:27:00,50.19809456598448
2025-06-12 13:08:00,98.9
2025-06-12 12:02:00,50.19809456598448
2025-06-12 19:11:00,23.6
2025-06-12 07:18:00,25.6
2025-06-12 16:23:00,39.4
2025-06-12 12:49:00,50.19809456598448
2025-06-12 11:31:00,29.9
2025-06-12 07:48:00,78.3
2025-06-12 05:45:00,72.0
2025-06-12 13:45:00,95.0
2025-06-12 00:45:00,2.9
2025-06-12 12:40:00,64.6
2025-06-12 05:33:00,33.5
2025-06-12 05:23:00,19.4
2025-06-12 14:24:00,51.1
2025-06-12 05:35:00,45.6
2025-06-12 06:08:00,42.0
2025-06-12 16:40:00,98.6
2025-06-12 16:15:00,15.5
2025-06-12 14:50:00,76.2
2025-06-12 01:59:00,99.0
2025-06-12 02:58:00,99.9
2025-06-12 18:00:00,81.0
2025-06-12 19:54:00,24.9
2025-06-12 13:55:00,98.7
2025-06-12 15:19:00,50.19809456598448
2025-06-12 03:54:00,25.7
2025-06-12 11:22:00,67.6
2025-06-12 16:39:00,74.3
2025-06-12 03:49:00,46.3
2025-06-12 01:06:00,4.7
2025-06-12 06:29:00,16.9
2025-06-12 19:51:00,38.4
2025-06-12 22:16:00,24.0
2025-06-12 04:19:00,73.8
2025-06-12 17:58:00,34.6
2025-06-12 18:45:00,82.0
2025-06-12 03:33:00,8.3
2025-06-12 11:26:00,34.9
2025-06-12 18:18:00,66.4
2025-06-12 11:43:00,50.19809456598448
2025-06-12 22:17:00,58.7
2025-06-12 03:50:00,50.19809456598448
2025-06-12 13:04:00,68.9
2025-06-12 16:12:00,62.4
2025-06-12 02:41:00,37.2
2025-06-12 23:45:00,50.19809456598448
2025-06-12 19:14:00,8.5
2025-06-12 12:10:00,59.6
2025-06-12 01:12:00,69.0
2025-06-12 16:53:00,78.4
2025-06-12 11:45:00,19.0
2025-06-12 22:10:00,50.19809456598448
2025-06-12 21:24:00,71.2
2025-06-12 23:57:00,17.7
2025-06-12 02:14:00,69.8
2025-06-12 13:37:00,92.3
2025-06-12 18:05:00,62.9
2025-06-12 22:31:00,52.6
2025-06-12 00:42:00,50.19809456598448
2025-06-12 14:47:00,96.2
2025-06-12 19:02:00,55.3
2025-06-12 01:03:00,15.7
2025-06-12 09:52:00,57.2
2025-06-12 14:46:00,53.3
2025-06-12 05:08:00,84.0
2025-06-12 05:09:00,7.2
2025-06-12 10:52:00,55.3
2025-06-12 05:28:00,7.2
2025-06-12 22:33:00,17.1
2025-06-12 18:40:00,27.4
2025-06-12 04:24:00,7.1
2025-06-12 08:57:00,12.4
2025-06-12 16:46:00,49.4
2025-06-12 07:25:00,71.6
2025-06-12 06:11:00,12.4
2025-06-12 20:01:00,50.19809456598448
2025-06-12 07:19:00,66.4
2025-06-12 17:44:00,50.19809456598448
2025-06-12 22:11:00,25.6
2025-06-12 18:36:00,32.3
2025-06-12 14:56:00,51.0
2025-06-12 14:03:00,81.1
2025-06-12 12:47:00,46.2
2025-06-12 06:51:00,62.9
2025-06-12 06:17:00,28.6
2025-06-12 23:59:00,50.19809456598448
2025-06-12 17:45:00,36.5
2025-06-12 16:22:00,8.6
2025-06-12 13:19:00,22.5
2025-06-12 18:42:00,74.5
2025-06-12 13:05:00,54.8
2025-06-12 22:15:00,96.1
2025-06-12 22:48:00,9.4
2025-06-12 17:14:00,50.19809456598448
2025-06-12 17:24:00,70.2
2025-06-12 12:05:00,83.6
2025-06-12 20:26:00,16.7
2025-06-12 00:14:00,18.0
2025-06-12 23:33:00,50.19809456598448
2025-06-12 01:33:00,8.7
2025-06-12 13:00:00,81.1
2025-06-12 13:34:00,27.6
2025-06-12 13:46:00,50.19809456598448
2025-06-12 06:14:00,76.8
2025-06-12 17:12:00,50.19809456598448
2025-06-12 23:19:00,5.2
2025-06-12 15:48:00,80.3
2025-06-12 12:04:00,60.9
2025-06-12 18:02:00,20.4
2025-06-12 03:25:00,65.5
2025-06-12 00:26:00,50.19809456598448
2025-06-12 13:52:00,33.0
2025-06-12 21:55:00,47.3
2025-06-12 14:08:00,74.9
2025-06-12 20:03:00,50.19809456598448
2025-06-12 08:36:00,47.5
2025-06-12 23:02:00,99.2
2025-06-12 07:39:00,53.4
2025-06-12 01:55:00,85.0
2025-06-12 14:34:00,60.2
2025-06-12 09:17:00,94.9
2025-06-12 11:38:00,5.4
2025-06-12 13:48:00,50.19809456598448
2025-06-12 08:07:00,40.4
2025-06-12 13:28:00,38.9
2025-06-12 19:16:00,33.5
2025-06-12 17:32:00,8.5
2025-06-12 06:38:00,65.2
2025-06-12 17:52:00,96.0
2025-06-12 06:23:00,48.9
2025-06-12 00:03:00,98.5
2025-06-12 08:12:00,32.2
2025-06-12 17:07:00,50.19809456598448
2025-06-12 21:32:00,31.1
2025-06-12 15:10:00,43.9
2025-06-12 01:57:00,50.19809456598448
2025-06-12 04:35:00,18.3
2025-06-12 21:47:00,45.2
2025-06-12 22:08:00,27.5
2025-06-12 16:58:00,50.19809456598448
2025-06-12 19:29:00,91.1
2025-06-12 09:46:00,12.2
2025-06-12 02:01:00,77.7
2025-06-12 07:07:00,85.6
2025-06-12 00:27:00,49.7
2025-06-12 14:00:00,7.4
2025-06-12 15:45:00,43.2
2025-06-12 10:54:00,58.8
2025-06-12 06:58:00,13.4
2025-06-12 23:39:00,72.7
2025-06-12 11:49:00,58.4
2025-06-12 16:03:00,69.8
2025-06-12 23:22:00,35.1
2025-06-12 21:16:00,77.8
2025-06-12 09:41:00,29.0
2025-06-12 01:51:00,50.19809456598448
2025-06-12 01:23:00,8.9
2025-06-12 20:53:00,98.6
2025-06-12 20:29:00,32.7
2025-06-12 05:16:00,43.8
2025-06-12 09:32:00,44.3
2025-06-12 04:16:00,50.19809456598448
2025-06-12 16:43:00,60.6
2025-06-12 18:08:00,28.1
2025-06-12 00:41:00,36.7
2025-06-12 22:36:00,50.19809456598448
2025-06-12 11:05:00,82.4
2025-06-12 18:56:00,61.0
2025-06-12 00:31:00,89.9
2025-06-12 09:56:00,22.8
2025-06-12 10:12:00,50.19809456598448
2025-06-12 06:32:00,9.7
2025-06-12 21:13:00,50.19809456598448
2025-06-12 07:59:00,78.0
2025-06-12 06:45:00,74.8
2025-06-12 00:49:00,35.2
2025-06-12 11:06:00,79.8
2025-06-12 12:44:00,67.7
2025-06-12 01:21:00,71.3
2025-06-12 05:58:00,97.1
2025-06-12 11:19:00,64.8
2025-06-12 16:10:00,93.6
2025-06-12 01:32:00,97.3
2025-06-12 21:22:00,2.2
2025-06-12 08:50:00,50.19809456598448
2025-06-12 14:06:00,58.5
2025-06-12 19:41:00,33.7
2025-06-12 15:08:00,50.19809456598448
2025-06-12 10:27:00,24.8
2025-06-12 06:56:00,47.0
2025-06-12 05:49:00,89.2
2025-06-12 18:15:00,91.0
2025-06-12 03:48:00,69.3
2025-06-12 20:48:00,30.3
2025-06-12 05:51:00,29.1
2025-06-12 03:37:00,50.19809456598448
2025-06-12 03:22:00,25.9
2025-06-12 06:54:00,97.6
2025-06-12 14:04:00,6.9
2025-06-12 19:05:00,37.9
2025-06-12 12:57:00,67.6
2025-06-12 21:59:00,46.1
2025-06-12 23:14:00,32.5
2025-06-12 11:35:00,20.7
2025-06-12 16:31:00,97.0
2025-06-12 21:17:00,53.4
2025-06-12 16:01:00,47.0
2025-06-12 02:02:00,93.1
2025-06-12 00:12:00,36.9
2025-06-12 18:26:00,46.6
2025-06-12 21:54:00,51.4
2025-06-12 18:49:00,37.9
2025-06-12 06:39:00,61.4
2025-06-12 19:08:00,63.0
2025-06-12 18:33:00,99.2
2025-06-12 19:55:00,50.19809456598448
2025-06-12 13:36:00,50.19809456598448
2025-06-12 07:36:00,97.8
2025-06-12 20:21:00,51.9
2025-06-12 16:51:00,39.7
2025-06-12 10:25:00,50.19809456598448
2025-06-12 20:43:00,61.1
2025-06-12 22:47:00,50.19809456598448
2025-06-12 11:48:00,56.4
2025-06-12 09:27:00,36.0
2025-06-12 01:37:00,62.0
2025-06-12 20:47:00,39.2
2025-06-12 13:56:00,50.19809456598448
2025-06-12 02:16:00,0.6
2025-06-12 07:17:00,5.0
2025-06-12 04:44:00,45.1
2025-06-12 19:23:00,6.3
2025-06-12 09:54:00,79.1
2025-06-12 09:26:00,18.7
2025-06-12 02:50:00,36.6
2025-06-12 05:31:00,76.5
2025-06-12 14:58:00,66.6
2025-06-12 04:15:00,50.19809456598448
2025-06-12 05:56:00,57.5
2025-06-12 03:01:00,8.2
2025-06-12 18:34:00,10.2
2025-06-12 09:37:00,3.7
2025-06-12 10:41:00,50.19809456598448
2025-06-12 14:14:00,50.19809456598448
2025-06-12 09:36:00,33.7
2025-06-12 03:57:00,81.8
2025-06-12 02:12:00,18.9
2025-06-12 18:22:00,45.6
2025-06-12 02:49:00,16.1
2025-06-12 05:04:00,24.1
2025-06-12 08:56:00,78.4
2025-06-12 00:39:00,50.19809456598448
2025-06-12 08:27:00,12.6
2025-06-12 04:48:00,50.19809456598448
2025-06-12 03:08:00,19.3
2025-06-12 14:43:00,39.3
2025-06-12 03:04:00,71.1
2025-06-12 18:20:00,73.9
2025-06-12 10:34:00,32.4
2025-06-12 16:38:00,3.9
2025-06-12 07:40:00,36.1
2025-06-12 13:17:00,50.19809456598448
2025-06-12 12:23:00,47.6
2025-06-12 21:04:00,50.19809456598448
2025-06-12 17:03:00,33.5
2025-06-12 19:33:00,47.3
2025-06-12 10:10:00,59.9
2025-06-12 21:11:00,57.7
2025-06-12 01:54:00,10.5
2025-06-12 16:11:00,84.9
2025-06-12 14:41:00,45.9
2025-06-12 20:48:00,80.5
2025-06-12 10:24:00,83.0
2025-06-12 22:13:00,5.4
2025-06-12 08:21:00,52.5
2025-06-12 05:59:00,80.5
2025-06-12 06:31:00,74.1
2025-06-12 16:14:00,56.0
2025-06-12 04:38:00,66.7
2025-06-12 16:18:00,80.9
2025-06-12 07:58:00,88.7
2025-06-12 01:47:00,49.54486036141751
2025-06-12 14:20:00,89.8
2025-06-12 18:34:00,53.7
2025-06-12 08:35:00,55.5
2025-06-12 12:23:00,96.3
2025-06-12 01:46:00,30.3
2025-06-12 20:29:00,51.2
2025-06-12 12:18:00,26.8
2025-06-12 12:38:00,66.1
2025-06-12 07:21:00,31.5
2025-06-12 16:31:00,90.4
2025-06-12 02:19:00,90.2
2025-06-12 05:49:00,91.5
2025-06-12 23:21:00,4.2
2025-06-12 10:13:00,23.1
2025-06-12 15:19:00,74.2
2025-06-12 23:25:00,32.3
2025-06-12 02:01:00,86.9
2025-06-12 13:40:00,59.8
2025-06-12 05:55:00,98.7
2025-06-12 10:00:00,93.1
2025-06-12 14:42:00,96.0
2025-06-12 11:45:00,17.1
2025-06-12 06:30:00,50.8
2025-06-12 03:27:00,49.54486036141751
2025-06-12 16:29:00,85.8
2025-06-12 11:23:00,89.1
2025-06-12 23:37:00,49.54486036141751
2025-06-12 02:09:00,51.3
2025-06-12 00:45:00,47.6
2025-06-12 15:32:00,61.0
2025-06-12 03:28:00,65.9
2025-06-12 00:59:00,11.0
2025-06-12 09:08:00,87.3
2025-06-12 05:51:00,90.6
2025-06-12 00:49:00,83.2
2025-06-12 14:40:00,77.1
2025-06-12 20:38:00,49.54486036141751
2025-06-12 02:16:00,20.3
2025-06-12 04:30:00,8.9
2025-06-12 07:47:00,81.0
2025-06-12 14:47:00,71.5
2025-06-12 06:49:00,23.2
2025-06-12 02:41:00,72.8
2025-06-12 01:41:00,89.2
2025-06-12 08:05:00,65.7
2025-06-12 23:52:00,61.3
2025-06-12 14:07:00,43.7
2025-06-12 18:05:00,0.2
2025-06-12 08:52:00,49.54486036141751
2025-06-12 16:52:00,23.0
2025-06-12 13:46:00,35.4
2025-06-12 19:35:00,9.1
2025-06-12 05:22:00,57.4
2025-06-12 05:34:00,19.9
2025-06-12 21:05:00,23.1
2025-06-12 05:18:00,24.9
2025-06-12 21:08:00,62.7
2025-06-12 21:22:00,84.2
2025-06-12 12:15:00,66.4
2025-06-12 18:26:00,60.0
2025-06-12 06:27:00,49.54486036141751
2025-06-12 11:01:00,78.5
2025-06-12 09:43:00,24.8
2025-06-12 18:20:00,78.5
2025-06-12 15:41:00,25.2
2025-06-12 20:25:00,71.1
2025-06-12 23:01:00,27.1
2025-06-12 17:13:00,29.4
2025-06-12 10:08:00,49.54486036141751
2025-06-12 11:07:00,49.54486036141751
2025-06-12 09:40:00,47.6
2025-06-12 09:21:00,49.54486036141751
2025-06-12 13:20:00,98.1
2025-06-12 15:37:00,41.4
2025-06-12 17:46:00,3.6
2025-06-12 23:41:00,51.8
2025-06-12 18:28:00,84.4
2025-06-12 12:36:00,68.2
2025-06-12 23:07:00,19.8
2025-06-12 10:05:00,40.0
2025-06-12 09:20:00,60.7
2025-06-12 18:00:00,49.1
2025-06-12 04:33:00,96.3
2025-06-12 15:58:00,30.1
2025-06-12 15:12:00,17.6
2025-06-12 23:13:00,21.1
2025-06-12 07:27:00,95.4
2025-06-12 22:27:00,64.1
2025-06-12 07:48:00,91.8
2025-06-12 15:44:00,45.2
2025-06-12 10:44:00,47.2
2025-06-12 09:31:00,49.54486036141751
2025-06-12 12:07:00,4.2
2025-06-12 21:40:00,10.0
2025-06-12 17:18:00,48.0
2025-06-12 23:40:00,59.9
2025-06-12 18:58:00,49.54486036141751
2025-06-12 16:28:00,46.4
2025-06-12 02:03:00,52.6
2025-06-12 15:47:00,56.0
2025-06-12 13:33:00,14.0
2025-06-12 09:14:00,58.8
2025-06-12 05:37:00,2.0
2025-06-12 09:50:00,49.54486036141751
2025-06-12 13:07:00,75.2
2025-06-12 03:11:00,49.54486036141751
2025-06-12 13:32:00,84.0
2025-06-12 07:11:00,20.5
2025-06-12 16:12:00,29.1
2025-06-12 08:51:00,43.2
2025-06-12 21:04:00,69.9
2025-06-12 21:47:00,42.7
2025-06-12 13:28:00,21.8
2025-06-12 13:59:00,49.6
2025-06-12 01:23:00,64.7
2025-06-12 17:27:00,28.7
2025-06-12 00:24:00,22.3
2025-06-12 01:50:00,39.7
2025-06-12 12:51:00,85.5
2025-06-12 06:44:00,64.0
2025-06-12 00:39:00,49.54486036141751
2025-06-12 20:02:00,49.54486036141751
2025-06-12 11:50:00,49.54486036141751
2025-06-12 05:11:00,17.9
2025-06-12 04:01:00,36.3
2025-06-12 12:50:00,71.1
2025-06-12 02:00:00,3.6
2025-06-12 21:27:00,60.0
2025-06-12 12:45:00,49.54486036141751
2025-06-12 18:41:00,88.0
2025-06-12 17:50:00,39.0
2025-06-12 20:54:00,88.4
2025-06-12 00:32:00,63.7
2025-06-12 06:02:00,80.4
2025-06-12 06:10:00,99.4
2025-06-12 10:30:00,58.0
2025-06-12 02:50:00,0.4
2025-06-12 09:01:00,52.7
2025-06-12 15:14:00,86.6
2025-06-12 06:13:00,42.1
2025-06-12 15:04:00,7.9
2025-06-12 21:26:00,31.9
2025-06-12 16:03:00,34.7
2025-06-12 11:27:00,13.8
2025-06-12 07:34:00,65.4
2025-06-12 04:16:00,83.9
2025-06-12 18:09:00,12.7
2025-06-12 01:42:00,50.5
2025-06-12 16:53:00,17.2
2025-06-12 17:42:00,92.4
2025-06-12 03:31:00,23.1
2025-06-12 11:11:00,19.4
2025-06-12 21:32:00,21.1
2025-06-12 13:08:00,49.54486036141751
2025-06-12 19:05:00,49.54486036141751
2025-06-12 06:47:00,88.5
2025-06-12 06:00:00,15.2
2025-06-12 19:53:00,31.2
2025-06-12 00:48:00,80.5
2025-06-12 03:24:00,37.2
2025-06-12 09:37:00,29.7
2025-06-12 22:33:00,29.5
2025-06-12 09:00:00,1.0
2025-06-12 15:43:00,25.2
2025-06-12 07:51:00,49.54486036141751
2025-06-12 00:09:00,13.1
2025-06-12 18:45:00,90.9
2025-06-12 12:14:00,48.8
2025-06-12 21:14:00,49.54486036141751
2025-06-12 21:43:00,59.3
2025-06-12 16:48:00,99.5
2025-06-12 17:35:00,49.54486036141751
2025-06-12 20:55:00,49.54486036141751
2025-06-12 14:46:00,88.8
2025-06-12 21:28:00,18.7
2025-06-12 19:18:00,47.2
2025-06-12 02:36:00,35.7
2025-06-12 07:59:00,5.8
2025-06-12 02:49:00,75.1
2025-06-12 07:54:00,72.0
2025-06-12 04:14:00,57.8
2025-06-12 23:24:00,36.5
2025-06-12 00:55:00,98.9
2025-06-12 19:14:00,60.9
2025-06-12 07:14:00,8.4
2025-06-12 02:58:00,4.1
2025-06-12 13:05:00,46.4
2025-06-12 07:00:00,28.3
2025-06-12 21:29:00,94.9
2025-06-12 07:40:00,48.5
2025-06-12 06:04:00,29.0
2025-06-12 10:26:00,90.3
2025-06-12 07:03:00,68.9
2025-06-12 01:24:00,84.0
2025-06-12 23:59:00,13.9
2025-06-12 00:56:00,58.2
2025-06-12 00:14:00,80.0
2025-06-12 16:06:00,41.3
2025-06-12 08:04:00,13.2
2025-06-12 19:50:00,22.9
2025-06-12 08:33:00,0.3
2025-06-12 17:38:00,85.4
2025-06-12 22:14:00,32.0
2025-06-12 21:17:00,93.0
2025-06-12 12:00:00,60.7
2025-06-12 13:10:00,53.1
2025-06-12 16:49:00,39.3
2025-06-12 21:35:00,10.2
2025-06-12 04:35:00,14.0
2025-06-12 20:17:00,56.7
2025-06-12 22:06:00,69.8
2025-06-12 02:40:00,97.1
2025-06-12 07:06:00,6.1
2025-06-12 17:09:00,20.3
2025-06-12 14:22:00,80.2
2025-06-12 10:51:00,80.7
2025-06-12 06:07:00,53.7
2025-06-12 09:22:00,49.54486036141751
2025-06-12 05:13:00,49.54486036141751
2025-06-12 17:00:00,62.5
2025-06-12 08:25:00,59.3
2025-06-12 22:16:00,80.0
2025-06-12 00:58:00,28.4
2025-06-12 23:19:00,49.54486036141751
2025-06-12 04:08:00,49.54486036141751
2025-06-12 07:22:00,33.2
2025-06-12 00:44:00,49.54486036141751
2025-06-12 14:54:00,94.6
2025-06-12 10:22:00,69.6
2025-06-12 16:38:00,12.2
2025-06-12 05:40:00,49.54486036141751
2025-06-12 05:00:00,72.4
2025-06-12 00:15:00,19.2
2025-06-12 21:58:00,98.5
2025-06-12 02:07:00,89.2
2025-06-12 09:51:00,49.54486036141751
2025-06-12 12:41:00,63.3
2025-06-12 09:46:00,16.2
2025-06-12 10:57:00,20.5
2025-06-12 00:31:00,49.54486036141751
2025-06-12 07:17:00,3.1
2025-06-12 20:32:00,47.1
2025-06-12 18:53:00,66.1
2025-06-12 20:57:00,43.2
2025-06-12 13:25:00,83.7
2025-06-12 07:23:00,50.1
2025-06-12 13:30:00,62.1
2025-06-12 04:20:00,90.2
2025-06-12 06:28:00,52.4
2025-06-12 06:24:00,76.9
2025-06-12 17:04:00,49.54486036141751
2025-06-12 18:38:00,71.7
2025-06-12 13:04:00,67.7
2025-06-12 15:00:00,55.1
2025-06-12 18:04:00,85.4
2025-06-12 07:52:00,47.4
2025-06-12 01:08:00,49.54486036141751
2025-06-12 23:12:00,49.54486036141751
2025-06-12 02:46:00,49.54486036141751
2025-06-12 01:53:00,49.54486036141751
2025-06-12 01:38:00,88.4
2025-06-12 08:00:00,32.1
2025-06-12 10:38:00,52.9
2025-06-12 07:09:00,74.0
2025-06-12 22:07:00,41.5
2025-06-12 23:14:00,96.4
2025-06-12 05:05:00,18.0
2025-06-12 13:31:00,32.8
2025-06-12 15:54:00,8.1
2025-06-12 08:22:00,58.1
2025-06-12 03:03:00,45.7
2025-06-12 19:29:00,74.3
2025-06-12 00:22:00,17.6
2025-06-12 20:39:00,21.3
2025-06-12 06:13:00,10.5
2025-06-12 12:47:00,55.0
2025-06-12 21:27:00,93.5
2025-06-12 08:27:00,50.136426804852206
2025-06-12 23:09:00,4.7
2025-06-12 11:52:00,1.2
2025-06-12 09:04:00,50.136426804852206
2025-06-12 17:37:00,40.3
2025-06-12 13:52:00,92.2
2025-06-12 17:35:00,76.0
2025-06-12 11:51:00,49.1
2025-06-12 13:21:00,54.0
2025-06-12 23:01:00,46.9
2025-06-12 06:23:00,17.7
2025-06-12 02:29:00,73.7
2025-06-12 05:18:00,85.0
2025-06-12 15:36:00,19.5
2025-06-12 12:49:00,43.4
2025-06-12 00:53:00,50.136426804852206
2025-06-12 01:39:00,74.8
2025-06-12 07:48:00,42.1
2025-06-12 02:26:00,21.4
2025-06-12 04:17:00,50.136426804852206
2025-06-12 01:46:00,62.2
2025-06-12 19:21:00,16.9
2025-06-12 21:41:00,50.136426804852206
2025-06-12 12:13:00,0.0
2025-06-12 16:36:00,64.4
2025-06-12 08:06:00,22.1
2025-06-12 21:47:00,64.7
2025-06-12 23:48:00,87.1
2025-06-12 07:06:00,50.136426804852206
2025-06-12 00:38:00,28.6
2025-06-12 15:25:00,52.2
2025-06-12 21:19:00,16.6
2025-06-12 11:56:00,9.9
2025-06-12 15:28:00,50.8
2025-06-12 04:25:00,70.0
2025-06-12 07:57:00,60.0
2025-06-12 00:19:00,28.1
2025-06-12 18:14:00,95.8
2025-06-12 15:32:00,46.0
2025-06-12 02:33:00,19.9
2025-06-12 18:25:00,74.6
2025-06-12 05:05:00,14.1
2025-06-12 15:49:00,81.4
2025-06-12 16:28:00,11.5
2025-06-12 11:10:00,94.2
2025-06-12 00:02:00,42.8
2025-06-12 02:12:00,90.3
2025-06-12 18:07:00,18.3
2025-06-12 10:58:00,71.3
2025-06-12 23:02:00,50.136426804852206
2025-06-12 03:34:00,50.136426804852206
2025-06-12 01:52:00,90.6
2025-06-12 11:50:00,50.136426804852206
2025-06-12 17:31:00,50.136426804852206
2025-06-12 16:22:00,46.9
2025-06-12 20:10:00,13.0
2025-06-12 23:03:00,50.136426804852206
2025-06-12 00:59:00,17.7
2025-06-12 23:38:00,28.5
2025-06-12 06:32:00,92.1
2025-06-12 17:53:00,92.2
2025-06-12 06:00:00,60.3
2025-06-12 10:59:00,50.136426804852206
2025-06-12 16:39:00,77.4
2025-06-12 23:22:00,89.5
2025-06-12 11:06:00,50.136426804852206
2025-06-12 02:21:00,22.6
2025-06-12 07:42:00,9.1
2025-06-12 17:38:00,70.5
2025-06-12 19:01:00,50.136426804852206
2025-06-12 07:50:00,90.6
2025-06-12 19:25:00,74.7
2025-06-12 22:07:00,50.136426804852206
2025-06-12 03:33:00,90.1
2025-06-12 11:37:00,82.9
2025-06-12 11:39:00,17.1
2025-06-12 21:17:00,91.4
2025-06-12 00:36:00,42.2
2025-06-12 08:53:00,64.4
2025-06-12 22:32:00,50.136426804852206
2025-06-12 22:50:00,72.7
2025-06-12 10:21:00,48.3
2025-06-12 04:43:00,39.6
2025-06-12 15:31:00,20.0
2025-06-12 17:46:00,6.0
2025-06-12 09:53:00,50.136426804852206
2025-06-12 16:20:00,57.4
2025-06-12 03:24:00,8.6
2025-06-12 22:48:00,50.136426804852206
2025-06-12 01:04:00,42.7
2025-06-12 18:55:00,34.4
2025-06-12 12:33:00,50.136426804852206
2025-06-12 18:51:00,40.5
2025-06-12 14:33:00,81.0
2025-06-12 10:45:00,50.136426804852206
2025-06-12 09:08:00,91.3
2025-06-12 22:59:00,90.5
2025-06-12 08:33:00,35.7
2025-06-12 12:57:00,48.8
2025-06-12 16:33:00,66.7
2025-06-12 16:59:00,96.5
2025-06-12 00:35:00,72.5
2025-06-12 19:06:00,59.6
2025-06-12 15:34:00,35.1
2025-06-12 10:02:00,10.2
2025-06-12 00:04:00,27.1
2025-06-12 20:32:00,87.7
2025-06-12 08:28:00,77.1
2025-06-12 15:09:00,92.6
2025-06-12 11:05:00,90.3
2025-06-12 13:31:00,97.3
2025-06-12 03:16:00,78.1
2025-06-12 07:29:00,50.136426804852206
2025-06-12 06:59:00,96.0
2025-06-12 21:33:00,7.7
2025-06-12 06:47:00,15.5
2025-06-12 02:41:00,72.9
2025-06-12 23:41:00,76.5
2025-06-12 03:14:00,11.0
2025-06-12 13:51:00,88.2
2025-06-12 04:38:00,4.5
2025-06-12 15:16:00,70.7
2025-06-12 18:03:00,50.136426804852206
2025-06-12 20:02:00,71.7
2025-06-12 03:13:00,49.9
2025-06-12 05:27:00,4.4
2025-06-12 14:12:00,68.2
2025-06-12 00:29:00,50.136426804852206
2025-06-12 11:20:00,50.136426804852206
2025-06-12 22:21:00,24.9
2025-06-12 01:40:00,50.136426804852206
2025-06-12 21:58:00,82.2
2025-06-12 01:01:00,65.2
2025-06-12 19:33:00,42.1
2025-06-12 16:42:00,59.3
2025-06-12 04:02:00,50.136426804852206
2025-06-12 00:05:00,70.5
2025-06-12 04:11:00,4.9
2025-06-12 00:48:00,43.4
2025-06-12 18:11:00,50.136426804852206
2025-06-12 18:00:00,61.0
2025-06-12 15:39:00,4.6
2025-06-12 01:30:00,62.5
2025-06-12 06:25:00,50.136426804852206
2025-06-12 20:04:00,24.4
2025-06-12 06:19:00,84.3
2025-06-12 09:13:00,11.1
2025-06-12 04:32:00,57.8
2025-06-12 07:26:00,43.8
2025-06-12 06:40:00,69.9
2025-06-12 23:17:00,63.0
2025-06-12 18:54:00,49.9
2025-06-12 11:58:00,41.8
2025-06-12 10:03:00,76.4
2025-06-12 12:45:00,45.6
2025-06-12 21:38:00,35.2
2025-06-12 00:17:00,54.3
2025-06-12 05:08:00,83.6
2025-06-12 19:02:00,64.1
2025-06-12 20:17:00,78.4
2025-06-12 10:35:00,27.0
2025-06-12 10:09:00,50.136426804852206
2025-06-12 16:17:00,85.2
2025-06-12 04:41:00,50.136426804852206
2025-06-12 17:13:00,4.0
2025-06-12 21:54:00,96.8
2025-06-12 14:03:00,44.5
2025-06-12 21:45:00,21.3
2025-06-12 10:36:00,30.6
2025-06-12 09:51:00,74.1
2025-06-12 22:16:00,80.4
2025-06-12 15:35:00,42.2
2025-06-12 03:30:00,88.8
2025-06-12 07:00:00,42.2
2025-06-12 08:57:00,85.4
2025-06-12 07:14:00,50.136426804852206
2025-06-12 02:08:00,49.1
2025-06-12 19:34:00,44.0
2025-06-12 17:42:00,50.136426804852206
2025-06-12 08:51:00,42.1
2025-06-12 18:33:00,93.6
2025-06-12 21:39:00,79.9
2025-06-12 17:59:00,75.2
2025-06-12 01:07:00,94.9
2025-06-12 00:09:00,50.136426804852206
2025-06-12 16:49:00,59.0
2025-06-12 17:21:00,7.8
2025-06-12 03:19:00,50.136426804852206
2025-06-12 20:05:00,55.6
2025-06-12 23:14:00,50.136426804852206
2025-06-12 13:08:00,62.5
2025-06-12 17:25:00,72.1
2025-06-12 01:48:00,50.136426804852206
2025-06-12 05:16:00,27.5
2025-06-12 03:44:00,50.136426804852206
2025-06-12 05:42:00,50.136426804852206
2025-06-12 21:49:00,36.1
2025-06-12 13:07:00,17.5
2025-06-12 09:21:00,15.4
2025-06-12 23:21:00,52.5
2025-06-12 05:32:00,59.0
2025-06-12 05:54:00,1.8
2025-06-12 17:55:00,30.8
2025-06-12 01:42:00,49.9
2025-06-12 18:24:00,43.1
2025-06-12 23:43:00,50.136426804852206
2025-06-12 05:12:00,67.3
2025-06-12 12:40:00,25.7
2025-06-12 19:57:00,90.4
2025-06-12 04:16:00,50.136426804852206
2025-06-12 12:11:00,23.4
2025-06-12 01:45:00,50.9
2025-06-12 07:51:00,14.3
2025-06-12 17:15:00,50.136426804852206
2025-06-12 05:36:00,88.2
2025-06-12 13:33:00,50.136426804852206
2025-06-12 12:06:00,48.0
2025-06-12 10:54:00,50.136426804852206
2025-06-12 17:32:00,26.6
2025-06-12 19:12:00,58.6
2025-06-12 07:53:00,23.0
2025-06-12 15:43:00,12.1
2025-06-12 19:43:00,97.6
2025-06-12 02:51:00,31.2
2025-06-12 20:38:00,39.9
2025-06-12 08:17:00,50.136426804852206
2025-06-12 22:29:00,40.8
2025-06-12 11:30:00,45.2
2025-06-12 12:56:00,50.136426804852206
2025-06-12 23:27:00,87.2
2025-06-12 13:12:00,85.7
2025-06-12 13:34:00,52.8
2025-06-12 19:27:00,50.136426804852206
2025-06-12 11:36:00,54.9
2025-06-12 07:46:00,71.7
2025-06-12 14:43:00,8.2
2025-06-12 14:24:00,47.1
2025-06-12 23:12:00,37.3
2025-06-12 08:36:00,43.5
2025-06-12 19:50:00,33.1
2025-06-12 18:10:00,29.7
2025-06-12 12:23:00,90.7
2025-06-12 02:59:00,2.8
2025-06-12 04:40:00,50.136426804852206
2025-06-12 06:31:00,12.3
2025-06-12 09:36:00,76.4
2025-06-12 21:04:00,50.136426804852206
2025-06-12 23:51:00,62.9
2025-06-12 23:40:00,50.136426804852206
2025-06-12 09:38:00,4.9
2025-06-12 11:55:00,61.2
2025-06-12 17:01:00,89.8
2025-06-12 23:47:00,71.3
2025-06-12 23:28:00,75.7
2025-06-12 23:11:00,78.0
2025-06-12 01:21:00,55.0
2025-06-12 22:10:00,70.4
2025-06-12 03:51:00,40.4
2025-06-12 03:17:00,61.4
2025-06-12 02:01:00,31.5
2025-06-12 09:37:00,44.2
2025-06-12 12:30:00,63.8
2025-06-12 02:03:00,58.9
2025-06-12 19:04:00,50.136426804852206
2025-06-12 23:13:00,15.6
2025-06-12 10:33:00,4.8
2025-06-12 17:20:00,88.6
2025-06-12 09:58:00,50.136426804852206
2025-06-12 19:53:00,31.6
2025-06-12 09:17:00,37.5
2025-06-12 01:28:00,25.5
2025-06-12 23:23:00,18.9
2025-06-12 17:00:00,33.7
2025-06-12 22:02:00,13.1
2025-06-12 06:14:00,40.6
2025-06-12 13:53:00,35.2
2025-06-12 23:36:00,28.2
2025-06-12 14:18:00,36.7
2025-06-12 07:36:00,50.136426804852206
2025-06-12 05:09:00,18.5
2025-06-12 18:08:00,10.4
2025-06-12 14:34:00,69.0
2025-06-12 18:52:00,50.136426804852206
2025-06-12 21:56:00,11.4
2025-06-12 20:43:00,1.1
2025-06-12 14:15:00,99.9
2025-06-12 14:20:00,50.136426804852206
2025-06-12 02:30:00,84.1
2025-06-12 16:46:00,94.8
2025-06-12 11:11:00,67.8
2025-06-12 23:20:00,80.0
2025-06-12 05:10:00,86.8
2025-06-12 11:15:00,50.136426804852206
2025-06-12 23:26:00,35.4
2025-06-12 02:54:00,61.3
2025-06-12 12:32:00,90.1
2025-06-12 04:08:00,64.8
2025-06-12 03:55:00,21.7
2025-06-12 21:18:00,37.7
2025-06-12 15:57:00,10.1
2025-06-12 03:43:00,7.9
2025-06-12 10:15:00,50.037891637220255
2025-06-12 11:37:00,30.0
2025-06-12 13:32:00,40.6
2025-06-12 03:23:00,65.5
2025-06-12 19:12:00,37.6
2025-06-12 11:27:00,60.9
2025-06-12 06:43:00,43.5
2025-06-12 19:44:00,56.8
2025-06-12 23:51:00,55.2
2025-06-12 04:05:00,15.5
2025-06-12 14:10:00,26.7
2025-06-12 19:31:00,4.2
2025-06-12 17:01:00,23.0
2025-06-12 02:28:00,50.037891637220255
2025-06-12 14:20:00,96.7
2025-06-12 07:38:00,20.7
2025-06-12 11:34:00,6.9
2025-06-12 11:22:00,50.0
2025-06-12 15:06:00,68.7
2025-06-12 17:56:00,50.037891637220255
2025-06-12 05:38:00,4.9
2025-06-12 02:23:00,39.1
2025-06-12 18:16:00,10.2
2025-06-12 10:02:00,50.037891637220255
2025-06-12 02:39:00,10.9
2025-06-12 21:51:00,47.9
2025-06-12 17:38:00,50.037891637220255
2025-06-12 23:11:00,63.7
2025-06-12 16:36:00,32.9
2025-06-12 11:11:00,50.037891637220255
2025-06-12 11:31:00,83.6
2025-06-12 08:07:00,72.1
2025-06-12 20:58:00,79.4
2025-06-12 11:56:00,43.4
2025-06-12 22:09:00,57.7
2025-06-12 19:20:00,11.0
2025-06-12 17:13:00,76.7
2025-06-12 01:39:00,11.8
2025-06-12 12:09:00,7.3
2025-06-12 13:20:00,66.9
2025-06-12 15:17:00,76.0
2025-06-12 16:48:00,90.1
2025-06-12 00:48:00,23.6
2025-06-12 05:16:00,40.3
2025-06-12 00:56:00,43.1
2025-06-12 19:25:00,95.8
2025-06-12 14:19:00,2.1
2025-06-12 07:28:00,58.2
2025-06-12 10:25:00,50.037891637220255
2025-06-12 16:07:00,0.6
2025-06-12 22:54:00,11.4
2025-06-12 10:22:00,10.2
2025-06-12 23:24:00,50.037891637220255
2025-06-12 14:38:00,99.1
2025-06-12 04:21:00,35.0
2025-06-12 14:00:00,50.037891637220255
2025-06-12 22:07:00,65.3
2025-06-12 13:17:00,77.2
2025-06-12 12:45:00,43.8
2025-06-12 14:40:00,50.037891637220255
2025-06-12 04:36:00,87.3
2025-06-12 04:03:00,17.7
2025-06-12 22:14:00,50.037891637220255
2025-06-12 03:18:00,2.2
2025-06-12 10:42:00,7.1
2025-06-12 21:01:00,34.5
2025-06-12 06:49:00,94.9
2025-06-12 06:55:00,50.6
2025-06-12 12:38:00,50.037891637220255
2025-06-12 11:39:00,68.6
2025-06-12 11:20:00,11.1
2025-06-12 20:59:00,53.0
2025-06-12 23:42:00,50.037891637220255
2025-06-12 13:49:00,68.1
2025-06-12 20:33:00,20.4
2025-06-12 10:36:00,50.037891637220255
2025-06-12 01:31:00,84.8
2025-06-12 17:22:00,2.5
2025-06-12 19:59:00,50.037891637220255
2025-06-12 00:10:00,76.5
2025-06-12 10:13:00,10.8
2025-06-12 20:38:00,47.8
2025-06-12 12:35:00,13.5
2025-06-12 01:20:00,44.3
2025-06-12 13:07:00,58.6
2025-06-12 20:48:00,57.4
2025-06-12 03:04:00,15.3
2025-06-12 06:45:00,19.8
2025-06-12 15:20:00,50.037891637220255
2025-06-12 19:07:00,97.6
2025-06-12 20:35:00,20.5
2025-06-12 16:09:00,85.1
2025-06-12 12:51:00,10.5
2025-06-12 07:29:00,40.3
2025-06-12 00:23:00,50.037891637220255
2025-06-12 13:27:00,48.4
2025-06-12 16:27:00,66.9
2025-06-12 23:03:00,50.037891637220255
2025-06-12 07:13:00,50.037891637220255
2025-06-12 00:13:00,82.3
2025-06-12 17:12:00,27.7
2025-06-12 19:37:00,67.6
2025-06-12 13:19:00,48.3
2025-06-12 12:18:00,29.1
2025-06-12 05:09:00,50.037891637220255
2025-06-12 03:13:00,22.3
2025-06-12 00:30:00,50.037891637220255
2025-06-12 23:25:00,65.0
2025-06-12 20:51:00,50.037891637220255
2025-06-12 03:12:00,50.037891637220255
2025-06-12 09:16:00,83.1
2025-06-12 00:38:00,41.6
2025-06-12 02:08:00,50.037891637220255
2025-06-12 14:36:00,50.037891637220255
2025-06-12 23:27:00,18.5
2025-06-12 12:26:00,77.0
2025-06-12 01:48:00,74.9
2025-06-12 04:22:00,42.6
2025-06-12 16:57:00,27.8
2025-06-12 11:15:00,92.1
2025-06-12 23:56:00,50.037891637220255
2025-06-12 14:22:00,82.7
2025-06-12 22:33:00,50.037891637220255
2025-06-12 20:01:00,43.3
2025-06-12 17:21:00,36.8
2025-06-12 14:13:00,35.3
2025-06-12 11:33:00,35.2
2025-06-12 15:51:00,71.0
2025-06-12 20:46:00,7.6
2025-06-12 05:59:00,50.037891637220255
2025-06-12 06:16:00,68.7
2025-06-12 11:10:00,52.4
2025-06-12 23:49:00,12.9
2025-06-12 09:15:00,39.0
2025-06-12 16:44:00,16.8
2025-06-12 07:26:00,76.1
2025-06-12 02:09:00,34.7
2025-06-12 04:13:00,7.5
2025-06-12 17:34:00,80.1
2025-06-12 09:38:00,46.1
2025-06-12 10:39:00,35.9
2025-06-12 15:14:00,16.2
2025-06-12 03:31:00,21.4
2025-06-12 13:45:00,65.5
2025-06-12 09:31:00,5.5
2025-06-12 15:31:00,19.3
2025-06-12 01:55:00,68.4
2025-06-12 16:40:00,46.5
2025-06-12 03:34:00,81.5
2025-06-12 01:43:00,50.037891637220255
2025-06-12 03:45:00,50.037891637220255
2025-06-12 02:50:00,70.2
2025-06-12 15:27:00,75.1
2025-06-12 13:57:00,53.9
2025-06-12 22:26:00,42.6
2025-06-12 11:01:00,18.7
2025-06-12 10:40:00,80.6
2025-06-12 01:42:00,56.9
2025-06-12 19:38:00,99.1
2025-06-12 07:14:00,72.7
2025-06-12 03:56:00,91.5
2025-06-12 06:21:00,81.2
2025-06-12 14:04:00,95.1
2025-06-12 05:41:00,93.3
2025-06-12 21:39:00,48.9
2025-06-12 18:46:00,42.8
2025-06-12 14:57:00,50.037891637220255
2025-06-12 18:10:00,14.1
2025-06-12 18:39:00,42.4
2025-06-12 04:34:00,90.0
2025-06-12 13:08:00,14.4
2025-06-12 01:26:00,51.0
2025-06-12 05:46:00,26.0
2025-06-12 23:41:00,50.037891637220255
2025-06-12 13:01:00,93.6
2025-06-12 04:45:00,82.5
2025-06-12 16:47:00,50.037891637220255
2025-06-12 12:02:00,73.0
2025-06-12 22:28:00,76.4
2025-06-12 05:37:00,50.037891637220255
2025-06-12 09:37:00,28.9
2025-06-12 06:22:00,47.8
2025-06-12 09:30:00,93.2
2025-06-12 03:48:00,1.7
2025-06-12 11:46:00,84.7
2025-06-12 12:43:00,28.6
2025-06-12 12:20:00,33.5
2025-06-12 21:44:00,20.3
2025-06-12 22:36:00,9.2
2025-06-12 08:14:00,15.8
2025-06-12 15:38:00,81.4
2025-06-12 01:53:00,0.8
2025-06-12 15:43:00,81.5
2025-06-12 06:46:00,38.5
2025-06-12 00:26:00,12.9
2025-06-12 10:50:00,43.8
2025-06-12 03:25:00,68.4
2025-06-12 21:52:00,69.5
2025-06-12 11:07:00,50.037891637220255
2025-06-12 09:45:00,56.9
2025-06-12 09:36:00,95.0
2025-06-12 09:52:00,26.4
2025-06-12 01:58:00,61.7
2025-06-12 06:08:00,68.3
2025-06-12 07:59:00,50.0
2025-06-12 10:06:00,98.1
2025-06-12 15:22:00,17.3
2025-06-12 04:59:00,56.7
2025-06-12 18:49:00,60.8
2025-06-12 23:20:00,6.1
2025-06-12 04:58:00,84.6
2025-06-12 00:20:00,10.6
2025-06-12 15:10:00,50.037891637220255
2025-06-12 16:30:00,64.9
2025-06-12 19:21:00,12.4
2025-06-12 05:49:00,4.8
2025-06-12 14:08:00,76.0
2025-06-12 16:43:00,65.7
2025-06-12 07:51:00,50.037891637220255
2025-06-12 08:39:00,50.037891637220255
2025-06-12 22:39:00,15.8
2025-06-12 04:35:00,70.9
2025-06-12 15:04:00,85.7
2025-06-12 02:30:00,59.8
2025-06-12 03:39:00,52.8
2025-06-12 15:59:00,37.9
2025-06-12 08:54:00,84.2
2025-06-12 02:26:00,26.1
2025-06-12 19:22:00,39.9
2025-06-12 02:42:00,69.4
2025-06-12 02:17:00,50.037891637220255
2025-06-12 04:16:00,56.5
2025-06-12 17:59:00,35.5
2025-06-12 10:16:00,12.8
2025-06-12 03:57:00,50.037891637220255
2025-06-12 13:06:00,85.8
2025-06-12 17:10:00,93.3
2025-06-12 15:15:00,82.7
2025-06-12 22:17:00,0.6
2025-06-12 18:53:00,19.7
2025-06-12 15:09:00,73.8
2025-06-12 03:41:00,26.0
2025-06-12 21:21:00,87.4
2025-06-12 08:50:00,50.037891637220255
2025-06-12 13:09:00,90.1
2025-06-12 14:28:00,3.8
2025-06-12 16:37:00,78.7
2025-06-12 21:19:00,15.1
2025-06-12 15:47:00,47.3
2025-06-12 03:44:00,60.3
2025-06-12 08:43:00,93.3
2025-06-12 16:53:00,68.4
2025-06-12 03:01:00,61.8
2025-06-12 19:53:00,44.1
2025-06-12 05:47:00,46.1
2025-06-12 10:44:00,50.037891637220255
2025-06-12 08:00:00,1.7
2025-06-12 07:12:00,50.037891637220255
2025-06-12 19:27:00,17.5
2025-06-12 20:08:00,50.037891637220255
2025-06-12 22:00:00,72.6
2025-06-12 00:45:00,78.2
2025-06-12 21:33:00,81.2
2025-06-12 00:28:00,14.4
2025-06-12 16:00:00,17.1
2025-06-12 16:50:00,50.037891637220255
2025-06-12 09:24:00,50.037891637220255
2025-06-12 18:50:00,37.6
2025-06-12 16:16:00,30.7
2025-06-12 06:33:00,41.0
2025-06-12 23:40:00,42.0
2025-06-12 13:37:00,42.9
2025-06-12 18:45:00,30.9
2025-06-12 20:41:00,75.0
2025-06-12 18:34:00,78.4
2025-06-12 06:41:00,41.7
2025-06-12 06:52:00,42.9
2025-06-12 22:21:00,20.1
2025-06-12 07:18:00,12.1
2025-06-12 13:30:00,84.3
2025-06-12 07:32:00,54.4
2025-06-12 13:58:00,1.8
2025-06-12 05:01:00,8.7
2025-06-12 07:21:00,96.2
2025-06-12 06:15:00,62.3
2025-06-12 04:56:00,15.7
2025-06-12 19:13:00,89.8
2025-06-12 01:45:00,40.9
2025-06-12 05:45:00,88.4
2025-06-12 23:22:00,28.2
2025-06-12 17:48:00,72.6
2025-06-12 14:11:00,1.3
2025-06-12 09:13:00,99.3
2025-06-12 10:57:00,23.3
2025-06-12 05:30:00,41.4
2025-06-12 00:59:00,63.7
2025-06-12 17:33:00,50.037891637220255
2025-06-12 08:17:00,49.0
2025-06-12 04:43:00,25.6
2025-06-12 06:32:00,39.5
2025-06-12 17:46:00,62.6
2025-06-12 21:35:00,96.0
2025-06-12 06:58:00,21.3
2025-06-12 10:47:00,79.6
2025-06-12 10:07:00,48.7
2025-06-12 07:10:00,50.037891637220255
2025-06-12 11:41:00,50.037891637220255
2025-06-12 21:12:00,21.0
2025-06-12 21:49:00,5.1
2025-06-12 02:07:00,50.037891637220255
2025-06-12 13:14:00,3.8
2025-06-12 04:49:00,2.7
2025-06-12 19:20:00,99.8
2025-06-12 15:22:00,2.5
2025-06-12 06:53:00,32.2
2025-06-12 15:57:00,43.0
2025-06-12 03:01:00,43.7
2025-06-12 01:32:00,22.1
2025-06-12 02:29:00,21.4
2025-06-12 17:48:00,43.2
2025-06-12 20:21:00,50.60542317173377
2025-06-12 11:54:00,93.9
2025-06-12 08:13:00,98.6
2025-06-12 06:23:00,60.1
2025-06-12 10:33:00,79.7
2025-06-12 19:48:00,50.60542317173377
2025-06-12 03:27:00,1.0
2025-06-12 21:50:00,50.60542317173377
2025-06-12 03:14:00,89.5
2025-06-12 10:19:00,86.2
2025-06-12 12:49:00,42.8
2025-06-12 21:13:00,32.9
2025-06-12 09:21:00,2.9
2025-06-12 11:18:00,50.60542317173377
2025-06-12 10:42:00,82.5
2025-06-12 11:32:00,20.9
2025-06-12 10:49:00,4.9
2025-06-12 00:04:00,74.9
2025-06-12 02:51:00,21.1
2025-06-12 06:04:00,62.1
2025-06-12 16:23:00,11.2
2025-06-12 20:33:00,64.6
2025-06-12 19:09:00,3.2
2025-06-12 11:03:00,67.0
2025-06-12 22:54:00,78.4
2025-06-12 12:03:00,50.60542317173377
2025-06-12 17:27:00,50.60542317173377
2025-06-12 00:46:00,96.1
2025-06-12 10:46:00,19.3
2025-06-12 10:05:00,50.60542317173377
2025-06-12 17:26:00,18.2
2025-06-12 10:09:00,80.7
2025-06-12 11:19:00,63.1
2025-06-12 23:54:00,67.3
2025-06-12 19:45:00,45.9
2025-06-12 05:46:00,50.60542317173377
2025-06-12 02:09:00,65.1
2025-06-12 23:09:00,35.1
2025-06-12 00:39:00,96.7
2025-06-12 19:37:00,50.60542317173377
2025-06-12 07:57:00,67.5
2025-06-12 07:55:00,82.3
2025-06-12 11:25:00,50.60542317173377
2025-06-12 14:41:00,3.7
2025-06-12 09:13:00,59.9
2025-06-12 12:28:00,86.4
2025-06-12 10:38:00,40.3
2025-06-12 08:58:00,27.7
2025-06-12 13:29:00,99.9
2025-06-12 19:38:00,3.0
2025-06-12 16:02:00,48.5
2025-06-12 06:48:00,50.60542317173377
2025-06-12 23:21:00,12.2
2025-06-12 20:12:00,26.5
2025-06-12 06:45:00,96.3
2025-06-12 14:07:00,50.60542317173377
2025-06-12 08:31:00,54.9
2025-06-12 15:51:00,50.60542317173377
2025-06-12 23:38:00,84.8
2025-06-12 13:06:00,51.4
2025-06-12 20:42:00,71.9
2025-06-12 05:26:00,50.60542317173377
2025-06-12 21:01:00,37.9
2025-06-12 16:12:00,35.2
2025-06-12 05:52:00,14.4
2025-06-12 20:35:00,76.4
2025-06-12 19:07:00,27.4
2025-06-12 10:51:00,45.2
2025-06-12 15:41:00,32.0
2025-06-12 12:34:00,48.2
2025-06-12 11:02:00,59.1
2025-06-12 18:43:00,50.60542317173377
2025-06-12 18:53:00,99.0
2025-06-12 16:55:00,27.6
2025-06-12 22:27:00,17.8
2025-06-12 14:16:00,76.3
2025-06-12 06:38:00,50.60542317173377
2025-06-12 05:09:00,53.1
2025-06-12 13:08:00,46.3
2025-06-12 21:41:00,30.4
2025-06-12 23:27:00,79.3
2025-06-12 19:03:00,85.9
2025-06-12 21:49:00,39.1
2025-06-12 07:45:00,76.2
2025-06-12 09:48:00,64.8
2025-06-12 22:28:00,97.4
2025-06-12 07:35:00,50.60542317173377
2025-06-12 19:36:00,56.8
2025-06-12 08:38:00,57.8
2025-06-12 18:06:00,74.6
2025-06-12 10:48:00,2.8
2025-06-12 11:51:00,10.5
2025-06-12 06:00:00,50.60542317173377
2025-06-12 18:34:00,28.6
2025-06-12 07:03:00,57.6
2025-06-12 10:00:00,88.7
2025-06-12 21:51:00,16.5
2025-06-12 00:18:00,51.3
2025-06-12 14:51:00,38.4
2025-06-12 11:08:00,53.7
2025-06-12 00:35:00,84.9
2025-06-12 17:20:00,9.7
2025-06-12 04:53:00,58.7
2025-06-12 13:16:00,9.1
2025-06-12 02:26:00,15.4
2025-06-12 09:23:00,30.9
2025-06-12 21:48:00,62.6
2025-06-12 11:57:00,79.4
2025-06-12 21:55:00,17.9
2025-06-12 14:43:00,50.60542317173377
2025-06-12 09:04:00,73.9
2025-06-12 22:05:00,28.6
2025-06-12 02:00:00,71.3
2025-06-12 18:09:00,25.0
2025-06-12 18:46:00,50.60542317173377
2025-06-12 18:35:00,63.5
2025-06-12 13:03:00,84.6
2025-06-12 22:09:00,75.4
2025-06-12 21:30:00,3.3
2025-06-12 07:32:00,50.60542317173377
2025-06-12 02:30:00,6.7
2025-06-12 17:51:00,64.9
2025-06-12 21:45:00,65.5
2025-06-12 10:34:00,95.9
2025-06-12 01:45:00,80.4
2025-06-12 09:49:00,8.2
2025-06-12 17:23:00,84.1
2025-06-12 11:41:00,62.5
2025-06-12 21:18:00,1.0
2025-06-12 04:28:00,11.9
2025-06-12 23:26:00,50.60542317173377
2025-06-12 11:05:00,29.4
2025-06-12 04:38:00,74.8
2025-06-12 12:29:00,74.1
2025-06-12 09:54:00,50.60542317173377
2025-06-12 02:23:00,60.7
2025-06-12 13:32:00,50.60542317173377
2025-06-12 22:03:00,34.2
2025-06-12 23:17:00,41.5
2025-06-12 17:36:00,76.8
2025-06-12 07:09:00,0.5
2025-06-12 18:03:00,35.3
2025-06-12 08:14:00,22.0
2025-06-12 08:52:00,25.5
2025-06-12 01:40:00,24.3
2025-06-12 08:57:00,94.3
2025-06-12 19:59:00,29.0
2025-06-12 00:58:00,93.3
2025-06-12 09:59:00,79.2
2025-06-12 21:35:00,83.8
2025-06-12 18:26:00,86.3
2025-06-12 17:52:00,39.6
2025-06-12 23:03:00,52.2
2025-06-12 09:08:00,17.4
2025-06-12 01:06:00,16.0
2025-06-12 18:02:00,47.5
2025-06-12 05:29:00,86.6
2025-06-12 14:27:00,54.7
2025-06-12 20:40:00,83.4
2025-06-12 08:42:00,32.3
2025-06-12 12:24:00,15.6
2025-06-12 21:22:00,53.3
2025-06-12 04:26:00,71.3
2025-06-12 18:50:00,48.5
2025-06-12 20:13:00,32.1
2025-06-12 10:18:00,50.60542317173377
2025-06-12 11:23:00,97.8
2025-06-12 04:24:00,64.0
2025-06-12 11:14:00,50.3
2025-06-12 21:57:00,27.2
2025-06-12 01:10:00,50.60542317173377
2025-06-12 12:50:00,57.2
2025-06-12 07:08:00,59.3
2025-06-12 10:07:00,50.60542317173377
2025-06-12 15:03:00,64.1
2025-06-12 23:18:00,14.8
2025-06-12 12:25:00,60.1
2025-06-12 21:16:00,44.8
2025-06-12 22:47:00,99.6
2025-06-12 05:05:00,27.4
2025-06-12 20:22:00,19.7
2025-06-12 18:00:00,36.5
2025-06-12 01:20:00,20.9
2025-06-12 22:50:00,84.1
2025-06-12 05:41:00,79.6
2025-06-12 20:44:00,32.7
2025-06-12 14:23:00,97.1
2025-06-12 10:27:00,68.4
2025-06-12 01:39:00,50.60542317173377
2025-06-12 00:26:00,61.5
2025-06-12 01:01:00,2.0
2025-06-12 05:19:00,86.0
2025-06-12 08:16:00,14.0
2025-06-12 22:01:00,95.3
2025-06-12 01:05:00,41.5
2025-06-12 15:19:00,91.0
2025-06-12 12:46:00,98.4
2025-06-12 17:13:00,1.4
2025-06-12 17:57:00,95.7
2025-06-12 16:44:00,7.2
2025-06-12 10:06:00,50.60542317173377
2025-06-12 16:29:00,19.2
2025-06-12 08:10:00,56.9
2025-06-12 07:12:00,58.6
2025-06-12 00:12:00,51.9
2025-06-12 19:17:00,94.8
2025-06-12 17:04:00,66.2
2025-06-12 04:50:00,94.9
2025-06-12 12:42:00,54.8
2025-06-12 14:31:00,56.5
2025-06-12 14:08:00,19.6
2025-06-12 19:46:00,75.8
2025-06-12 09:18:00,32.4
2025-06-12 03:30:00,44.3
2025-06-12 01:16:00,5.8
2025-06-12 03:28:00,96.5
2025-06-12 07:10:00,52.6
2025-06-12 14:11:00,77.5
2025-06-12 16:30:00,15.3
2025-06-12 07:56:00,50.60542317173377
2025-06-12 14:14:00,34.4
2025-06-12 07:36:00,31.8
2025-06-12 11:40:00,46.9
2025-06-12 09:10:00,70.6
2025-06-12 23:22:00,59.8
2025-06-12 04:13:00,9.5
2025-06-12 11:28:00,47.2
2025-06-12 04:33:00,50.60542317173377
2025-06-12 05:30:00,34.4
2025-06-12 04:23:00,35.0
2025-06-12 19:55:00,45.9
2025-06-12 07:21:00,21.5
2025-06-12 04:29:00,99.7
2025-06-12 18:39:00,93.9
2025-06-12 05:10:00,97.2
2025-06-12 01:56:00,80.7
2025-06-12 09:34:00,29.9
2025-06-12 17:35:00,0.9
2025-06-12 22:46:00,40.8
2025-06-12 05:45:00,35.5
2025-06-12 09:20:00,46.7
2025-06-12 03:16:00,27.4
2025-06-12 02:43:00,59.6
2025-06-12 00:49:00,50.60542317173377
2025-06-12 04:58:00,49.1
2025-06-12 19:29:00,47.0
2025-06-12 17:06:00,95.8
2025-06-12 11:52:00,23.1
2025-06-12 02:46:00,90.1
2025-06-12 13:20:00,98.4
2025-06-12 07:26:00,82.5
2025-06-12 13:41:00,7.6
2025-06-12 09:24:00,75.1
2025-06-12 20:48:00,35.1
2025-06-12 15:01:00,39.0
2025-06-12 21:46:00,52.3
2025-06-12 17:08:00,26.9
2025-06-12 07:52:00,58.2
2025-06-12 10:08:00,9.6
2025-06-12 11:22:00,50.60542317173377
2025-06-12 15:05:00,2.4
2025-06-12 02:52:00,15.8
2025-06-12 06:40:00,50.60542317173377
2025-06-12 06:10:00,59.3
2025-06-12 04:21:00,70.9
2025-06-12 23:36:00,50.60542317173377
2025-06-12 20:45:00,50.60542317173377
2025-06-12 12:19:00,50.60542317173377
2025-06-12 23:30:00,61.6
2025-06-12 04:15:00,25.5
2025-06-12 16:51:00,51.7
2025-06-12 23:12:00,52.7
2025-06-12 12:23:00,21.2
2025-06-12 13:48:00,16.0
2025-06-12 15:50:00,50.60542317173377
2025-06-12 00:45:00,77.9
2025-06-12 10:15:00,51.5
2025-06-12 02:28:00,15.5
2025-06-12 23:42:00,96.0
2025-06-12 10:04:00,50.60542317173377
2025-06-12 02:27:00,90.4
2025-06-12 22:30:00,41.0
2025-06-12 22:33:00,62.1
2025-06-12 15:25:00,81.0
2025-06-12 06:41:00,72.1
2025-06-12 13:37:00,88.8
2025-06-12 07:25:00,78.1
2025-06-12 05:31:00,20.7
2025-06-12 03:50:00,50.60542317173377
2025-06-12 16:18:00,20.9
2025-06-12 03:39:00,53.8
2025-06-12 11:31:00,90.7
2025-06-12 12:32:00,98.0
2025-06-12 07:47:00,3.1
2025-06-12 22:11:00,49.2
2025-06-12 18:18:00,93.0
2025-06-12 04:19:00,85.5
2025-06-12 21:28:00,65.6
2025-06-12 19:40:00,40.8
2025-06-12 18:27:00,50.60542317173377
2025-06-12 22:48:00,50.60542317173377
2025-06-12 08:30:00,50.60542317173377
2025-06-12 10:17:00,44.9
2025-06-12 07:27:00,65.2
2025-06-12 13:23:00,47.7
2025-06-12 16:39:00,90.4
2025-06-12 13:28:00,87.3
2025-06-12 21:00:00,4.1
2025-06-12 06:27:00,50.60542317173377
2025-06-12 14:36:00,0.8
2025-06-12 06:11:00,25.2
2025-06-12 08:17:00,50.4
2025-06-12 09:14:00,53.1
2025-06-12 22:12:00,79.9
2025-06-12 21:53:00,72.6
2025-06-12 04:12:00,14.6
2025-06-12 00:56:00,78.8
2025-06-12 05:04:00,91.3
2025-06-12 05:53:00,98.0
2025-06-12 23:16:00,12.2
2025-06-12 03:00:00,93.6
2025-06-12 14:28:00,58.7
2025-06-12 13:31:00,3.5
2025-06-12 01:47:00,52.4
2025-06-12 11:45:00,5.7
2025-06-12 20:18:00,76.8
2025-06-12 17:41:00,54.2
2025-06-12 14:25:00,31.9
2025-06-12 19:24:00,74.5
2025-06-12 13:36:00,29.7
2025-06-12 23:07:00,34.1
2025-06-12 01:55:00,28.5
2025-06-12 15:52:00,6.9
2025-06-12 00:29:00,14.3
2025-06-12 09:47:00,99.5
2025-06-12 17:40:00,53.3
2025-06-12 22:42:00,49.935598591549294
2025-06-12 19:07:00,49.935598591549294
2025-06-12 11:13:00,59.3
2025-06-12 23:13:00,49.935598591549294
2025-06-12 16:13:00,15.1
2025-06-12 06:21:00,49.935598591549294
2025-06-12 10:49:00,13.5
2025-06-12 02:35:00,6.2
2025-06-12 03:42:00,49.935598591549294
2025-06-12 15:10:00,30.2
2025-06-12 10:25:00,86.9
2025-06-12 23:28:00,66.1
2025-06-12 12:29:00,60.6
2025-06-12 04:44:00,76.1
2025-06-12 03:35:00,49.935598591549294
2025-06-12 01:11:00,0.7
2025-06-12 09:27:00,64.7
2025-06-12 19:51:00,59.0
2025-06-12 12:06:00,6.2
2025-06-12 11:27:00,10.1
2025-06-12 04:26:00,1.9
2025-06-12 14:42:00,3.5
2025-06-12 20:26:00,75.0
2025-06-12 14:56:00,94.4
2025-06-12 17:13:00,5.5
2025-06-12 16:52:00,49.935598591549294
2025-06-12 22:01:00,98.2
2025-06-12 08:02:00,1.3
2025-06-12 23:58:00,61.8
2025-06-12 03:22:00,35.4
2025-06-12 04:37:00,49.935598591549294
2025-06-12 06:49:00,14.6
2025-06-12 02:23:00,42.6
2025-06-12 14:58:00,87.4
2025-06-12 06:00:00,74.3
2025-06-12 22:46:00,9.1
2025-06-12 12:33:00,96.3
2025-06-12 21:04:00,69.5
2025-06-12 18:12:00,98.0
2025-06-12 15:23:00,21.2
2025-06-12 04:00:00,65.4
2025-06-12 06:38:00,51.2
2025-06-12 19:04:00,44.1
2025-06-12 19:11:00,69.0
2025-06-12 00:03:00,25.7
2025-06-12 15:22:00,63.8
2025-06-12 09:59:00,47.2
2025-06-12 20:21:00,85.5
2025-06-12 07:57:00,67.5
2025-06-12 12:01:00,20.4
2025-06-12 10:08:00,10.3
2025-06-12 02:41:00,7.1
2025-06-12 09:15:00,64.7
2025-06-12 07:38:00,15.9
2025-06-12 07:04:00,92.3
2025-06-12 20:38:00,49.935598591549294
2025-06-12 06:57:00,49.935598591549294
2025-06-12 16:38:00,86.1
2025-06-12 00:06:00,4.1
2025-06-12 20:01:00,3.4
2025-06-12 06:11:00,30.9
2025-06-12 15:02:00,6.1
2025-06-12 03:21:00,66.0
2025-06-12 11:23:00,63.9
2025-06-12 17:27:00,24.6
2025-06-12 22:13:00,79.1
2025-06-12 18:03:00,45.2
2025-06-12 15:39:00,66.0
2025-06-12 01:38:00,17.0
2025-06-12 20:25:00,41.0
2025-06-12 10:03:00,86.4
2025-06-12 13:01:00,35.7
2025-06-12 01:00:00,52.6
2025-06-12 09:26:00,59.0
2025-06-12 04:16:00,74.5
2025-06-12 07:53:00,78.0
2025-06-12 23:20:00,72.1
2025-06-12 21:23:00,49.935598591549294
2025-06-12 05:45:00,49.935598591549294
2025-06-12 12:00:00,29.8
2025-06-12 15:00:00,49.935598591549294
2025-06-12 17:28:00,66.7
2025-06-12 03:01:00,76.9
2025-06-12 10:21:00,45.3
2025-06-12 07:43:00,49.935598591549294
2025-06-12 00:32:00,69.1
2025-06-12 11:33:00,11.0
2025-06-12 04:32:00,23.7
2025-06-12 08:13:00,68.1
2025-06-12 00:25:00,100.0
2025-06-12 18:30:00,56.3
2025-06-12 03:45:00,20.4
2025-06-12 08:08:00,39.2
2025-06-12 06:25:00,0.6
2025-06-12 09:51:00,27.6
2025-06-12 13:05:00,18.0
2025-06-12 02:15:00,86.0
2025-06-12 09:30:00,34.8
2025-06-12 09:43:00,50.4
2025-06-12 17:39:00,8.3
2025-06-12 15:12:00,42.1
2025-06-12 21:15:00,49.935598591549294
2025-06-12 20:04:00,49.935598591549294
2025-06-12 05:51:00,73.1
2025-06-12 11:11:00,76.1
2025-06-12 13:04:00,75.4
2025-06-12 22:56:00,91.8
2025-06-12 20:10:00,94.3
2025-06-12 17:55:00,18.9
2025-06-12 23:31:00,61.1
2025-06-12 08:22:00,57.0
2025-06-12 16:26:00,5.1
2025-06-12 05:28:00,43.7
2025-06-12 00:57:00,49.935598591549294
2025-06-12 09:45:00,14.6
2025-06-12 04:29:00,49.935598591549294
2025-06-12 10:46:00,6.3
2025-06-12 23:27:00,38.3
2025-06-12 23:10:00,32.5
2025-06-12 01:56:00,49.935598591549294
2025-06-12 17:33:00,40.3
2025-06-12 09:37:00,30.5
2025-06-12 13:09:00,90.3
2025-06-12 07:55:00,7.0
2025-06-12 05:20:00,68.2
2025-06-12 04:25:00,27.9
2025-06-12 02:29:00,14.9
2025-06-12 14:34:00,2.0
2025-06-12 09:12:00,94.4
2025-06-12 09:13:00,28.2
2025-06-12 19:32:00,83.9
2025-06-12 03:02:00,49.935598591549294
2025-06-12 14:40:00,89.6
2025-06-12 12:10:00,4.8
2025-06-12 10:50:00,95.4
2025-06-12 00:45:00,39.4
2025-06-12 04:20:00,44.7
2025-06-12 18:10:00,52.3
2025-06-12 05:59:00,88.5
2025-06-12 23:00:00,41.3
2025-06-12 13:59:00,30.9
2025-06-12 18:47:00,57.8
2025-06-12 15:38:00,71.9
2025-06-12 00:42:00,8.7
2025-06-12 13:41:00,45.1
2025-06-12 18:16:00,55.5
2025-06-12 21:34:00,65.8
2025-06-12 15:51:00,79.2
2025-06-12 11:57:00,40.1
2025-06-12 08:41:00,99.3
2025-06-12 19:45:00,45.3
2025-06-12 03:30:00,55.5
2025-06-12 21:53:00,68.2
2025-06-12 11:01:00,28.8
2025-06-12 13:15:00,89.4
2025-06-12 11:35:00,49.6
2025-06-12 04:13:00,54.9
2025-06-12 03:33:00,89.0
2025-06-12 14:48:00,81.4
2025-06-12 23:26:00,10.9
2025-06-12 00:37:00,49.935598591549294
2025-06-12 21:48:00,26.3
2025-06-12 11:28:00,49.935598591549294
2025-06-12 22:52:00,23.8
2025-06-12 00:38:00,99.7
2025-06-12 09:54:00,83.7
2025-06-12 04:34:00,58.1
2025-06-12 13:30:00,35.3
2025-06-12 19:09:00,32.7
2025-06-12 23:35:00,63.6
2025-06-12 04:03:00,49.935598591549294
2025-06-12 15:36:00,24.9
2025-06-12 01:41:00,33.6
2025-06-12 04:50:00,41.1
2025-06-12 01:03:00,66.8
2025-06-12 12:23:00,16.8
2025-06-12 01:04:00,85.2
2025-06-12 14:18:00,19.9
2025-06-12 09:34:00,49.935598591549294
2025-06-12 23:09:00,88.9
2025-06-12 03:39:00,26.9
2025-06-12 19:30:00,50.0
2025-06-12 06:09:00,31.4
2025-06-12 13:20:00,32.2
2025-06-12 07:27:00,82.7
2025-06-12 06:39:00,51.9
2025-06-12 17:06:00,49.935598591549294
2025-06-12 19:37:00,49.935598591549294
2025-06-12 16:35:00,88.9
2025-06-12 22:25:00,75.3
2025-06-12 08:49:00,24.5
2025-06-12 01:27:00,82.6
2025-06-12 15:09:00,93.0
2025-06-12 23:07:00,1.9
2025-06-12 20:12:00,34.4
2025-06-12 10:18:00,99.0
2025-06-12 18:51:00,52.9
2025-06-12 23:17:00,5.1
2025-06-12 21:57:00,60.2
2025-06-12 07:00:00,49.935598591549294
2025-06-12 10:23:00,81.0
2025-06-12 20:31:00,67.3
2025-06-12 14:39:00,66.1
2025-06-12 02:44:00,49.8
2025-06-12 13:54:00,10.1
2025-06-12 11:00:00,49.935598591549294
2025-06-12 12:52:00,21.3
2025-06-12 00:43:00,75.0
2025-06-12 12:31:00,49.935598591549294
2025-06-12 09:46:00,49.935598591549294
2025-06-12 06:12:00,42.5
2025-06-12 15:04:00,46.1
2025-06-12 23:36:00,19.3
2025-06-12 14:19:00,49.935598591549294
2025-06-12 05:42:00,85.1
2025-06-12 17:32:00,46.7
2025-06-12 21:37:00,47.3
2025-06-12 09:48:00,65.8
2025-06-12 08:21:00,63.8
2025-06-12 10:06:00,49.935598591549294
2025-06-12 02:07:00,39.5
2025-06-12 09:38:00,99.7
2025-06-12 15:56:00,49.935598591549294
2025-06-12 18:50:00,64.8
2025-06-12 03:44:00,56.7
2025-06-12 01:42:00,64.7
2025-06-12 20:52:00,30.2
2025-06-12 21:13:00,2.5
2025-06-12 07:14:00,99.8
2025-06-12 05:50:00,30.2
2025-06-12 09:19:00,85.4
2025-06-12 18:23:00,20.8
2025-06-12 07:22:00,94.5
2025-06-12 02:14:00,19.5
2025-06-12 11:04:00,25.1
2025-06-12 13:55:00,4.0
2025-06-12 14:06:00,49.935598591549294
2025-06-12 06:50:00,49.935598591549294
2025-06-12 08:56:00,45.0
2025-06-12 04:43:00,68.2
2025-06-12 00:04:00,95.6
2025-06-12 11:59:00,76.9
2025-06-12 05:43:00,38.1
2025-06-12 07:24:00,49.935598591549294
2025-06-12 14:35:00,49.935598591549294
2025-06-12 06:52:00,59.1
2025-06-12 10:17:00,82.4
2025-06-12 01:52:00,19.6
2025-06-12 00:51:00,49.935598591549294
2025-06-12 17:49:00,95.9
2025-06-12 14:15:00,92.6
2025-06-12 09:49:00,9.2
2025-06-12 23:24:00,13.1
2025-06-12 06:06:00,86.4
2025-06-12 23:46:00,49.935598591549294
2025-06-12 19:40:00,13.6
2025-06-12 01:17:00,11.5
2025-06-12 16:12:00,91.6
2025-06-12 11:58:00,51.1
2025-06-12 07:23:00,6.0
2025-06-12 02:54:00,90.3
2025-06-12 07:47:00,78.2
2025-06-12 16:58:00,34.5
2025-06-12 06:10:00,88.9
2025-06-12 10:28:00,76.3
2025-06-12 03:55:00,37.4
2025-06-12 04:14:00,24.9
2025-06-12 22:54:00,49.935598591549294
2025-06-12 20:24:00,95.1
2025-06-12 21:27:00,38.8
2025-06-12 04:58:00,51.7
2025-06-12 20:13:00,18.5
2025-06-12 11:16:00,57.8
2025-06-12 15:49:00,60.1
2025-06-12 21:49:00,22.6
2025-06-12 17:15:00,49.935598591549294
2025-06-12 14:22:00,65.6
2025-06-12 13:13:00,25.4
2025-06-12 15:17:00,49.935598591549294
2025-06-12 16:33:00,94.7
2025-06-12 13:02:00,87.2
2025-06-12 04:54:00,26.1
2025-06-12 21:08:00,17.8
2025-06-12 20:33:00,43.9
2025-06-12 00:47:00,69.6
2025-06-12 02:48:00,69.7
2025-06-12 01:21:00,53.7
2025-06-12 13:08:00,51.7
2025-06-12 23:25:00,90.5
2025-06-12 05:38:00,62.8
2025-06-12 17:47:00,38.0
2025-06-12 19:16:00,9.5
2025-06-12 08:40:00,81.1
2025-06-12 21:19:00,24.9
2025-06-12 06:33:00,54.3
2025-06-12 18:46:00,78.9
2025-06-12 22:17:00,96.4
2025-06-12 20:36:00,75.6
2025-06-12 00:49:00,69.1
2025-06-12 04:46:00,42.5
2025-06-12 04:01:00,38.2
2025-06-12 01:58:00,5.0
2025-06-12 19:17:00,57.4
2025-06-12 11:40:00,49.935598591549294
2025-06-12 14:57:00,6.7
2025-06-12 16:19:00,5.7
2025-06-12 21:41:00,61.9
2025-06-12 20:14:00,93.3
2025-06-12 17:54:00,34.7
2025-06-12 07:42:00,66.1
2025-06-12 15:54:00,28.2
2025-06-12 09:13:00,65.5
2025-06-12 02:11:00,51.0
2025-06-12 15:52:00,32.0
2025-06-12 08:57:00,85.9
2025-06-12 09:20:00,67.7
2025-06-12 03:04:00,12.2
2025-06-12 10:21:00,49.740225962104276
2025-06-12 17:29:00,3.2
2025-06-12 22:22:00,70.6
2025-06-12 00:20:00,49.740225962104276
2025-06-12 00:57:00,4.4
2025-06-12 13:05:00,19.1
2025-06-12 17:50:00,96.0
2025-06-12 19:46:00,88.6
2025-06-12 13:03:00,73.9
2025-06-12 19:51:00,49.740225962104276
2025-06-12 03:13:00,47.7
2025-06-12 11:01:00,72.1
2025-06-12 15:16:00,49.740225962104276
2025-06-12 22:04:00,76.6
2025-06-12 10:12:00,86.8
2025-06-12 10:01:00,96.2
2025-06-12 12:14:00,26.7
2025-06-12 08:51:00,49.740225962104276
2025-06-12 09:35:00,40.8
2025-06-12 00:46:00,84.7
2025-06-12 15:12:00,32.1
2025-06-12 06:17:00,13.4
2025-06-12 11:40:00,49.740225962104276
2025-06-12 03:25:00,85.9
2025-06-12 14:09:00,33.7
2025-06-12 18:27:00,32.2
2025-06-12 20:53:00,49.740225962104276
2025-06-12 16:05:00,49.740225962104276
2025-06-12 05:13:00,40.1
2025-06-12 22:44:00,59.4
2025-06-12 00:29:00,70.2
2025-06-12 06:19:00,94.6
2025-06-12 07:34:00,77.1
2025-06-12 00:07:00,96.0
2025-06-12 04:58:00,19.5
2025-06-12 03:34:00,63.4
2025-06-12 19:15:00,70.8
2025-06-12 21:58:00,49.740225962104276
2025-06-12 13:57:00,66.8
2025-06-12 08:10:00,49.740225962104276
2025-06-12 21:46:00,97.7
2025-06-12 21:51:00,51.1
2025-06-12 18:08:00,55.2
2025-06-12 05:03:00,12.3
2025-06-12 20:10:00,64.2
2025-06-12 04:17:00,62.0
2025-06-12 07:04:00,1.8
2025-06-12 00:43:00,94.1
2025-06-12 04:31:00,32.5
2025-06-12 16:22:00,60.7
2025-06-12 19:20:00,11.9
2025-06-12 19:36:00,85.4
2025-06-12 13:11:00,21.3
2025-06-12 07:36:00,3.8
2025-06-12 09:08:00,49.740225962104276
2025-06-12 00:42:00,62.0
2025-06-12 07:23:00,9.2
2025-06-12 01:40:00,66.5
2025-06-12 20:35:00,89.6
2025-06-12 03:39:00,41.2
2025-06-12 20:19:00,2.7
2025-06-12 09:17:00,49.740225962104276
2025-06-12 09:43:00,49.740225962104276
2025-06-12 15:47:00,89.0
2025-06-12 14:13:00,50.9
2025-06-12 06:22:00,49.740225962104276
2025-06-12 18:18:00,95.4
2025-06-12 01:41:00,12.6
2025-06-12 21:04:00,98.8
2025-06-12 04:44:00,47.3
2025-06-12 12:06:00,49.740225962104276
2025-06-12 08:42:00,34.5
2025-06-12 03:07:00,33.7
2025-06-12 15:55:00,9.7
2025-06-12 12:58:00,49.740225962104276
2025-06-12 22:46:00,49.740225962104276
2025-06-12 15:45:00,27.0
2025-06-12 06:11:00,7.0
2025-06-12 17:04:00,61.3
2025-06-12 09:27:00,40.1
2025-06-12 13:36:00,81.2
2025-06-12 00:52:00,73.1
2025-06-12 11:35:00,87.6
2025-06-12 04:07:00,24.7
2025-06-12 11:39:00,77.5
2025-06-12 15:06:00,83.6
2025-06-12 01:32:00,44.3
2025-06-12 13:20:00,74.7
2025-06-12 17:41:00,35.9
2025-06-12 20:24:00,33.1
2025-06-12 12:13:00,75.6
2025-06-12 09:30:00,9.9
2025-06-12 16:19:00,49.740225962104276
2025-06-12 12:44:00,49.740225962104276
2025-06-12 15:07:00,2.5
2025-06-12 19:56:00,30.7
2025-06-12 09:21:00,10.1
2025-06-12 01:43:00,54.0
2025-06-12 00:33:00,9.9
2025-06-12 20:18:00,49.740225962104276
2025-06-12 21:27:00,16.8
2025-06-12 14:43:00,49.740225962104276
2025-06-12 11:25:00,3.7
2025-06-12 11:13:00,79.6
2025-06-12 05:55:00,79.7
2025-06-12 09:01:00,97.9
2025-06-12 11:15:00,90.7
2025-06-12 13:43:00,37.9
2025-06-12 13:27:00,49.740225962104276
2025-06-12 17:02:00,48.9
2025-06-12 19:39:00,21.8
2025-06-12 06:38:00,40.4
2025-06-12 02:23:00,49.740225962104276
2025-06-12 22:48:00,97.5
2025-06-12 00:32:00,51.5
2025-06-12 07:56:00,55.8
2025-06-12 15:59:00,87.6
2025-06-12 22:30:00,33.4
2025-06-12 08:40:00,61.2
2025-06-12 10:25:00,45.5
2025-06-12 14:00:00,65.6
2025-06-12 03:31:00,78.7
2025-06-12 11:42:00,2.0
2025-06-12 01:38:00,84.5
2025-06-12 16:27:00,37.2
2025-06-12 13:10:00,89.4
2025-06-12 02:59:00,92.3
2025-06-12 19:16:00,43.4
2025-06-12 05:05:00,59.2
2025-06-12 10:43:00,49.740225962104276
2025-06-12 23:58:00,7.7
2025-06-12 09:55:00,76.0
2025-06-12 13:56:00,25.6
2025-06-12 22:10:00,93.7
2025-06-12 04:49:00,93.9
2025-06-12 02:35:00,49.740225962104276
2025-06-12 11:12:00,100.0
2025-06-12 23:39:00,15.3
2025-06-12 21:19:00,49.740225962104276
2025-06-12 21:54:00,52.8
2025-06-12 18:42:00,15.4
2025-06-12 14:04:00,49.740225962104276
2025-06-12 07:08:00,70.9
2025-06-12 20:07:00,98.7
2025-06-12 18:03:00,49.740225962104276
2025-06-12 23:15:00,41.5
2025-06-12 03:41:00,14.5
2025-06-12 16:55:00,41.4
2025-06-12 06:06:00,96.6
2025-06-12 12:32:00,33.8
2025-06-12 19:18:00,49.740225962104276
2025-06-12 10:07:00,85.5
2025-06-12 20:43:00,15.6
2025-06-12 06:14:00,21.7
2025-06-12 00:14:00,9.7
2025-06-12 17:44:00,32.7
2025-06-12 02:19:00,98.2
2025-06-12 00:01:00,49.740225962104276
2025-06-12 03:56:00,64.8
2025-06-12 23:18:00,34.7
2025-06-12 04:41:00,5.2
2025-06-12 15:50:00,84.5
2025-06-12 22:19:00,59.3
2025-06-12 16:35:00,26.8
2025-06-12 03:42:00,5.0
2025-06-12 04:01:00,34.4
2025-06-12 05:43:00,22.8
2025-06-12 15:41:00,13.2
2025-06-12 18:53:00,7.7
2025-06-12 08:14:00,82.0
2025-06-12 14:07:00,79.8
2025-06-12 06:05:00,17.8
2025-06-12 15:24:00,26.5
2025-06-12 04:18:00,80.5
2025-06-12 23:51:00,9.5
2025-06-12 14:42:00,49.740225962104276
2025-06-12 15:19:00,49.740225962104276
2025-06-12 03:21:00,25.7
2025-06-12 03:11:00,29.8
2025-06-12 20:37:00,11.0
2025-06-12 06:47:00,42.8
2025-06-12 05:41:00,73.4
2025-06-12 18:35:00,51.7
2025-06-12 21:18:00,3.5
2025-06-12 07:15:00,85.4
2025-06-12 22:49:00,88.2
2025-06-12 08:18:00,49.740225962104276
2025-06-12 08:54:00,5.7
2025-06-12 11:08:00,49.740225962104276
2025-06-12 06:21:00,49.740225962104276
2025-06-12 04:37:00,16.3
2025-06-12 17:37:00,5.1
2025-06-12 04:20:00,58.3
2025-06-12 10:46:00,36.3
2025-06-12 08:41:00,7.7
2025-06-12 09:04:00,49.740225962104276
2025-06-12 19:41:00,40.9
2025-06-12 01:48:00,38.9
2025-06-12 00:38:00,49.740225962104276
2025-06-12 23:38:00,65.0
2025-06-12 23:37:00,6.6
2025-06-12 15:18:00,89.8
2025-06-12 07:07:00,95.8
2025-06-12 03:46:00,37.3
2025-06-12 06:18:00,49.740225962104276
2025-06-12 18:07:00,38.4
2025-06-12 13:55:00,49.740225962104276
2025-06-12 20:08:00,96.8
2025-06-12 09:41:00,64.2
2025-06-12 08:26:00,49.740225962104276
2025-06-12 03:40:00,36.5
2025-06-12 08:11:00,76.5
2025-06-12 12:51:00,84.6
2025-06-12 23:19:00,62.8
2025-06-12 11:06:00,67.2
2025-06-12 01:28:00,71.4
2025-06-12 09:28:00,7.0
2025-06-12 18:19:00,5.5
2025-06-12 14:06:00,26.7
2025-06-12 10:59:00,33.9
2025-06-12 19:00:00,87.2
2025-06-12 06:59:00,8.4
2025-06-12 07:21:00,93.8
2025-06-12 18:09:00,63.9
2025-06-12 21:45:00,52.2
2025-06-12 03:19:00,65.6
2025-06-12 07:46:00,34.0
2025-06-12 09:42:00,22.2
2025-06-12 04:05:00,14.2
2025-06-12 04:12:00,84.1
2025-06-12 14:12:00,49.740225962104276
2025-06-12 12:08:00,49.740225962104276
2025-06-12 08:13:00,8.1
2025-06-12 02:09:00,78.1
2025-06-12 05:40:00,87.5
2025-06-12 04:06:00,14.5
2025-06-12 12:27:00,91.0
2025-06-12 14:31:00,53.1
2025-06-12 22:01:00,49.740225962104276
2025-06-12 17:42:00,87.0
2025-06-12 04:56:00,16.6
2025-06-12 16:21:00,23.9
2025-06-12 23:53:00,23.7
2025-06-12 02:00:00,14.2
2025-06-12 07:09:00,87.5
2025-06-12 08:47:00,73.1
2025-06-12 05:12:00,50.3
2025-06-12 21:55:00,0.1
2025-06-12 08:58:00,49.740225962104276
2025-06-12 17:36:00,10.9
2025-06-12 23:29:00,49.740225962104276
2025-06-12 19:27:00,16.3
2025-06-12 23:55:00,73.7
2025-06-12 12:24:00,18.0
2025-06-12 09:39:00,76.0
2025-06-12 19:49:00,25.0
2025-06-12 00:12:00,28.9
2025-06-12 15:03:00,1.8
2025-06-12 19:12:00,27.8
2025-06-12 00:47:00,89.5
2025-06-12 14:11:00,86.3
2025-06-12 02:10:00,52.6
2025-06-12 21:47:00,75.2
2025-06-12 03:50:00,14.2
2025-06-12 03:08:00,4.7
2025-06-12 10:42:00,50.9
2025-06-12 20:41:00,38.1
2025-06-12 13:51:00,19.6
2025-06-12 06:50:00,62.3
2025-06-12 07:41:00,76.2
2025-06-12 00:11:00,11.6
2025-06-12 04:48:00,29.2
2025-06-12 03:54:00,21.6
2025-06-12 20:55:00,94.1
2025-06-12 13:47:00,39.2
2025-06-12 15:38:00,67.4
2025-06-12 07:02:00,45.3
2025-06-12 07:57:00,49.740225962104276
2025-06-12 16:49:00,49.740225962104276
2025-06-12 23:24:00,20.7
2025-06-12 03:52:00,77.7
2025-06-12 04:14:00,59.7
2025-06-12 15:22:00,50.18838223164841
2025-06-12 13:59:00,71.6
2025-06-12 15:08:00,37.8
2025-06-12 12:32:00,1.9
2025-06-12 15:02:00,2.5
2025-06-12 20:43:00,51.0
2025-06-12 23:19:00,93.2
2025-06-12 06:54:00,50.18838223164841
2025-06-12 20:10:00,75.5
2025-06-12 12:18:00,98.5
2025-06-12 09:23:00,39.4
2025-06-12 03:59:00,50.18838223164841
2025-06-12 20:16:00,50.18838223164841
2025-06-12 06:00:00,89.1
2025-06-12 00:35:00,79.2
2025-06-12 17:36:00,51.3
2025-06-12 21:51:00,32.4
2025-06-12 03:33:00,65.7
2025-06-12 12:01:00,21.0
2025-06-12 04:07:00,66.3
2025-06-12 18:13:00,80.4
2025-06-12 06:12:00,26.9
2025-06-12 20:04:00,10.1
2025-06-12 18:23:00,58.9
2025-06-12 23:34:00,3.5
2025-06-12 09:16:00,70.7
2025-06-12 07:07:00,83.7
2025-06-12 11:16:00,30.8
2025-06-12 15:00:00,27.0
2025-06-12 09:53:00,50.18838223164841
2025-06-12 17:57:00,70.4
2025-06-12 13:00:00,99.9
2025-06-12 08:20:00,93.9
2025-06-12 19:11:00,14.5
2025-06-12 17:30:00,82.9
2025-06-12 23:59:00,72.1
2025-06-12 03:20:00,50.6
2025-06-12 16:29:00,69.6
2025-06-12 08:22:00,50.18838223164841
2025-06-12 01:33:00,50.18838223164841
2025-06-12 15:57:00,48.6
2025-06-12 20:28:00,50.18838223164841
2025-06-12 22:38:00,79.7
2025-06-12 15:29:00,57.9
2025-06-12 16:28:00,50.18838223164841
2025-06-12 13:27:00,81.3
2025-06-12 21:16:00,50.18838223164841
2025-06-12 13:37:00,83.8
2025-06-12 05:09:00,69.8
2025-06-12 13:45:00,50.18838223164841
2025-06-12 16:30:00,45.3
2025-06-12 20:15:00,63.7
2025-06-12 17:02:00,50.18838223164841
2025-06-12 03:50:00,72.4
2025-06-12 04:01:00,35.5
2025-06-12 18:27:00,13.2
2025-06-12 11:14:00,2.1
2025-06-12 08:07:00,69.3
2025-06-12 16:51:00,14.3
2025-06-12 11:04:00,58.8
2025-06-12 12:51:00,61.0
2025-06-12 11:27:00,11.0
2025-06-12 03:09:00,39.3
2025-06-12 20:55:00,50.18838223164841
2025-06-12 11:03:00,31.7
2025-06-12 21:38:00,66.7
2025-06-12 02:34:00,91.9
2025-06-12 02:19:00,19.7
2025-06-12 21:48:00,8.2
2025-06-12 12:07:00,50.18838223164841
2025-06-12 14:34:00,15.0
2025-06-12 21:44:00,5.8
2025-06-12 11:48:00,87.6
2025-06-12 10:24:00,42.7
2025-06-12 22:57:00,92.7
2025-06-12 10:07:00,23.4
2025-06-12 03:23:00,50.18838223164841
2025-06-12 16:52:00,22.3
2025-06-12 17:19:00,50.18838223164841
2025-06-12 16:41:00,56.3
2025-06-12 15:58:00,87.6
2025-06-12 12:52:00,83.6
2025-06-12 03:28:00,93.3
2025-06-12 15:38:00,97.8
2025-06-12 17:24:00,50.4
2025-06-12 20:09:00,61.7
2025-06-12 09:17:00,59.6
2025-06-12 18:58:00,20.6
2025-06-12 01:06:00,32.7
2025-06-12 21:09:00,91.4
2025-06-12 19:51:00,18.9
2025-06-12 22:52:00,71.0
2025-06-12 08:19:00,76.2
2025-06-12 15:55:00,25.5
2025-06-12 11:10:00,94.2
2025-06-12 02:42:00,42.8
2025-06-12 06:05:00,75.5
2025-06-12 07:06:00,99.9
2025-06-12 12:58:00,50.18838223164841
2025-06-12 02:17:00,83.7
2025-06-12 17:03:00,76.3
2025-06-12 17:27:00,1.8
2025-06-12 08:31:00,18.2
2025-06-12 08:28:00,2.1
2025-06-12 06:53:00,50.18838223164841
2025-06-12 20:11:00,21.7
2025-06-12 08:39:00,98.3
2025-06-12 13:51:00,18.5
2025-06-12 02:14:00,89.4
2025-06-12 09:46:00,40.2
2025-06-12 12:09:00,39.1
2025-06-12 04:38:00,2.5
2025-06-12 04:13:00,5.2
2025-06-12 01:16:00,29.7
2025-06-12 10:42:00,7.8
2025-06-12 21:32:00,74.6
2025-06-12 00:01:00,65.4
2025-06-12 15:14:00,72.0
2025-06-12 22:42:00,52.5
2025-06-12 02:22:00,81.9
2025-06-12 16:23:00,58.7
2025-06-12 16:15:00,50.18838223164841
2025-06-12 15:21:00,50.18838223164841
2025-06-12 15:10:00,50.18838223164841
2025-06-12 09:45:00,50.18838223164841
2025-06-12 12:48:00,21.0
2025-06-12 19:31:00,25.5
2025-06-12 19:33:00,58.9
2025-06-12 18:25:00,32.8
2025-06-12 23:54:00,75.8
2025-06-12 14:12:00,7.8
2025-06-12 17:31:00,50.18838223164841
2025-06-12 19:35:00,77.0
2025-06-12 00:36:00,22.6
2025-06-12 05:50:00,45.6
2025-06-12 18:51:00,3.0
2025-06-12 07:55:00,40.7
2025-06-12 17:11:00,8.9
2025-06-12 04:45:00,88.7
2025-06-12 02:28:00,73.2
2025-06-12 14:01:00,15.8
2025-06-12 22:44:00,93.3
2025-06-12 05:56:00,92.9
2025-06-12 01:02:00,59.3
2025-06-12 17:40:00,78.6
2025-06-12 17:20:00,2.4
2025-06-12 20:41:00,47.4
2025-06-12 00:42:00,50.18838223164841
2025-06-12 08:37:00,24.7
2025-06-12 06:44:00,33.8
2025-06-12 11:59:00,56.0
2025-06-12 17:52:00,44.1
2025-06-12 17:28:00,88.8
2025-06-12 13:20:00,5.3
2025-06-12 07:39:00,24.1
2025-06-12 08:45:00,31.2
2025-06-12 13:31:00,44.6
2025-06-12 19:37:00,73.8
2025-06-12 08:53:00,33.4
2025-06-12 02:45:00,82.6
2025-06-12 21:43:00,24.7
2025-06-12 01:27:00,70.9
2025-06-12 03:36:00,55.8
2025-06-12 06:13:00,50.18838223164841
2025-06-12 05:04:00,72.9
2025-06-12 07:21:00,11.6
2025-06-12 02:43:00,10.6
2025-06-12 12:44:00,98.0
2025-06-12 06:31:00,69.1
2025-06-12 08:41:00,94.2
2025-06-12 18:04:00,36.4
2025-06-12 00:14:00,47.6
2025-06-12 20:40:00,12.6
2025-06-12 14:41:00,47.8
2025-06-12 21:59:00,50.18838223164841
2025-06-12 19:25:00,2.0
2025-06-12 03:32:00,87.6
2025-06-12 01:47:00,31.6
2025-06-12 03:41:00,83.9
2025-06-12 13:08:00,22.9
2025-06-12 19:21:00,60.8
2025-06-12 02:04:00,68.2
2025-06-12 07:33:00,16.5
2025-06-12 05:23:00,51.3
2025-06-12 04:04:00,75.3
2025-06-12 12:25:00,10.2
2025-06-12 20:24:00,50.18838223164841
2025-06-12 12:39:00,5.9
2025-06-12 22:18:00,50.18838223164841
2025-06-12 06:32:00,50.18838223164841
2025-06-12 12:00:00,21.7
2025-06-12 10:22:00,67.7
2025-06-12 11:57:00,89.4
2025-06-12 03:24:00,2.1
2025-06-12 13:21:00,23.7
2025-06-12 23:11:00,53.0
2025-06-12 08:55:00,76.3
2025-06-12 14:04:00,12.3
2025-06-12 08:25:00,7.3
2025-06-12 10:34:00,50.18838223164841
2025-06-12 11:44:00,32.4
2025-06-12 21:00:00,60.9
2025-06-12 22:08:00,73.3
2025-06-12 01:40:00,50.18838223164841
2025-06-12 15:18:00,83.5
2025-06-12 02:55:00,50.18838223164841
2025-06-12 14:52:00,50.18838223164841
2025-06-12 02:53:00,50.18838223164841
2025-06-12 07:50:00,41.8
2025-06-12 20:31:00,71.7
2025-06-12 01:22:00,50.18838223164841
2025-06-12 18:09:00,79.7
2025-06-12 00:08:00,35.0
2025-06-12 05:28:00,50.18838223164841
2025-06-12 10:03:00,50.18838223164841
2025-06-12 19:38:00,58.8
2025-06-12 14:56:00,80.8
2025-06-12 15:03:00,11.4
2025-06-12 18:01:00,50.18838223164841
2025-06-12 12:27:00,50.18838223164841
2025-06-12 12:10:00,35.7
2025-06-12 09:20:00,50.18838223164841
2025-06-12 04:10:00,93.1
2025-06-12 22:14:00,11.1
2025-06-12 22:21:00,43.1
2025-06-12 01:23:00,34.7
2025-06-12 08:36:00,77.8
2025-06-12 10:57:00,51.9
2025-06-12 05:46:00,50.18838223164841
2025-06-12 00:32:00,79.8
2025-06-12 04:40:00,27.1
2025-06-12 17:06:00,69.3
2025-06-12 07:49:00,50.18838223164841
2025-06-12 20:54:00,65.1
2025-06-12 20:46:00,85.8
2025-06-12 20:44:00,50.18838223164841
2025-06-12 20:02:00,6.4
2025-06-12 16:59:00,47.2
2025-06-12 05:41:00,76.4
2025-06-12 20:12:00,90.0
2025-06-12 17:04:00,75.8
2025-06-12 09:13:00,43.9
2025-06-12 16:06:00,73.6
2025-06-12 12:13:00,27.8
2025-06-12 13:47:00,27.1
2025-06-12 22:53:00,53.2
2025-06-12 10:56:00,28.1
2025-06-12 12:43:00,66.9
2025-06-12 21:08:00,78.0
2025-06-12 04:00:00,50.18838223164841
2025-06-12 16:07:00,50.18838223164841
2025-06-12 04:23:00,62.0
2025-06-12 15:59:00,54.8
2025-06-12 07:05:00,77.2
2025-06-12 13:11:00,18.8
2025-06-12 03:13:00,41.8
2025-06-12 14:21:00,92.3
2025-06-12 13:32:00,8.2
2025-06-12 21:23:00,88.0
2025-06-12 08:43:00,50.18838223164841
2025-06-12 13:06:00,76.3
2025-06-12 08:26:00,50.18838223164841
2025-06-12 11:07:00,29.4
2025-06-12 23:06:00,85.4
2025-06-12 00:33:00,66.8
2025-06-12 07:02:00,50.18838223164841
2025-06-12 18:28:00,37.1
2025-06-12 00:40:00,8.7
2025-06-12 13:05:00,45.7
2025-06-12 08:17:00,97.0
2025-06-12 23:41:00,53.9
2025-06-12 03:45:00,65.9
2025-06-12 15:34:00,31.6
2025-06-12 10:39:00,79.6
2025-06-12 18:30:00,23.7
2025-06-12 12:45:00,99.2
2025-06-12 00:49:00,14.6
2025-06-12 01:26:00,63.5
2025-06-12 20:13:00,41.5
2025-06-12 08:32:00,91.5
2025-06-12 23:13:00,99.8
2025-06-12 05:39:00,50.18838223164841
2025-06-12 16:18:00,85.7
2025-06-12 12:31:00,19.7
2025-06-12 04:12:00,89.7
2025-06-12 09:48:00,34.3
2025-06-12 15:41:00,63.0
2025-06-12 09:24:00,34.2
2025-06-12 21:51:00,31.4
2025-06-12 06:36:00,19.9
2025-06-12 17:00:00,49.927249175694776
2025-06-12 19:05:00,92.3
2025-06-12 22:27:00,49.927249175694776
2025-06-12 18:35:00,13.2
2025-06-12 13:08:00,72.3
2025-06-12 20:29:00,96.4
2025-06-12 12:31:00,90.6
2025-06-12 11:09:00,93.6
2025-06-12 22:58:00,54.2
2025-06-12 12:23:00,51.4
2025-06-12 23:52:00,20.7
2025-06-12 11:04:00,68.2
2025-06-12 20:17:00,52.0
2025-06-12 09:04:00,55.3
2025-06-12 15:36:00,51.4
2025-06-12 06:58:00,89.1
2025-06-12 16:01:00,93.7
2025-06-12 16:19:00,23.9
2025-06-12 02:42:00,68.4
2025-06-12 18:30:00,76.9
2025-06-12 08:37:00,51.7
2025-06-12 21:54:00,80.3
2025-06-12 11:01:00,49.927249175694776
2025-06-12 06:06:00,96.8
2025-06-12 23:25:00,28.1
2025-06-12 18:09:00,93.3
2025-06-12 12:19:00,82.3
2025-06-12 02:51:00,8.0
2025-06-12 04:47:00,49.927249175694776
2025-06-12 06:50:00,54.3
2025-06-12 03:32:00,22.1
2025-06-12 07:46:00,23.0
2025-06-12 01:36:00,16.5
2025-06-12 15:53:00,26.7
2025-06-12 13:49:00,49.927249175694776
2025-06-12 23:43:00,35.6
2025-06-12 19:44:00,64.5
2025-06-12 23:33:00,86.5
2025-06-12 22:21:00,49.927249175694776
2025-06-12 02:09:00,49.927249175694776
2025-06-12 12:05:00,64.0
2025-06-12 18:49:00,99.8
2025-06-12 17:05:00,40.8
2025-06-12 18:16:00,95.4
2025-06-12 12:47:00,49.927249175694776
2025-06-12 16:47:00,49.4
2025-06-12 20:48:00,44.4
2025-06-12 20:21:00,13.7
2025-06-12 18:43:00,80.2
2025-06-12 19:27:00,78.7
2025-06-12 02:17:00,71.3
2025-06-12 14:29:00,8.3
2025-06-12 17:57:00,92.7
2025-06-12 03:15:00,7.8
2025-06-12 22:48:00,49.927249175694776
2025-06-12 19:51:00,8.2
2025-06-12 09:58:00,34.9
2025-06-12 01:18:00,44.5
2025-06-12 18:06:00,7.7
2025-06-12 14:35:00,49.927249175694776
2025-06-12 09:20:00,12.6
2025-06-12 06:07:00,92.0
2025-06-12 10:12:00,93.5
2025-06-12 23:03:00,81.9
2025-06-12 16:12:00,23.2
2025-06-12 00:14:00,90.9
2025-06-12 18:41:00,49.927249175694776
2025-06-12 03:04:00,79.6
2025-06-12 15:43:00,35.9
2025-06-12 06:09:00,22.7
2025-06-12 11:06:00,47.1
2025-06-12 00:04:00,31.7
2025-06-12 01:42:00,41.3
2025-06-12 20:06:00,39.7
2025-06-12 04:12:00,49.927249175694776
2025-06-12 04:21:00,94.6
2025-06-12 15:32:00,6.7
2025-06-12 05:58:00,40.1
2025-06-12 16:16:00,20.6
2025-06-12 15:40:00,94.0
2025-06-12 04:18:00,41.2
2025-06-12 07:06:00,90.3
2025-06-12 17:37:00,77.5
2025-06-12 01:49:00,66.5
2025-06-12 12:11:00,59.4
2025-06-12 21:17:00,50.4
2025-06-12 11:53:00,66.4
2025-06-12 02:38:00,81.7
2025-06-12 00:26:00,80.8
2025-06-12 02:30:00,49.927249175694776
2025-06-12 03:08:00,49.927249175694776
2025-06-12 07:47:00,43.2
2025-06-12 22:16:00,18.9
2025-06-12 15:27:00,48.8
2025-06-12 07:20:00,97.3
2025-06-12 01:03:00,2.7
2025-06-12 03:17:00,98.5
2025-06-12 21:09:00,27.2
2025-06-12 16:06:00,3.6
2025-06-12 07:08:00,35.0
2025-06-12 08:38:00,67.4
2025-06-12 07:12:00,82.1
2025-06-12 17:42:00,41.9
2025-06-12 14:06:00,49.927249175694776
2025-06-12 03:54:00,34.6
2025-06-12 16:17:00,82.4
2025-06-12 04:29:00,47.6
2025-06-12 17:51:00,0.3
2025-06-12 16:07:00,49.927249175694776
2025-06-12 17:19:00,72.2
2025-06-12 06:26:00,40.7
2025-06-12 20:33:00,8.0
2025-06-12 03:47:00,32.7
2025-06-12 14:54:00,61.0
2025-06-12 16:40:00,49.927249175694776
2025-06-12 11:07:00,78.5
2025-06-12 23:40:00,29.0
2025-06-12 21:49:00,77.5
2025-06-12 01:44:00,38.6
2025-06-12 11:00:00,95.5
2025-06-12 16:02:00,11.0
2025-06-12 09:48:00,49.927249175694776
2025-06-12 13:55:00,43.6
2025-06-12 11:55:00,89.7
2025-06-12 12:52:00,49.927249175694776
2025-06-12 22:41:00,93.3
2025-06-12 10:10:00,46.0
2025-06-12 08:25:00,49.927249175694776
2025-06-12 22:35:00,45.0
2025-06-12 10:34:00,85.7
2025-06-12 02:41:00,78.4
2025-06-12 02:57:00,92.0
2025-06-12 20:04:00,82.7
2025-06-12 11:45:00,55.9
2025-06-12 06:02:00,61.5
2025-06-12 22:01:00,49.927249175694776
2025-06-12 20:13:00,60.0
2025-06-12 22:15:00,64.6
2025-06-12 00:09:00,17.6
2025-06-12 20:39:00,39.5
2025-06-12 02:29:00,53.6
2025-06-12 00:01:00,49.927249175694776
2025-06-12 15:14:00,88.0
2025-06-12 15:00:00,36.2
2025-06-12 20:11:00,98.3
2025-06-12 08:14:00,9.6
2025-06-12 08:20:00,54.6
2025-06-12 18:47:00,37.4
2025-06-12 09:03:00,96.0
2025-06-12 02:13:00,49.927249175694776
2025-06-12 03:29:00,8.0
2025-06-12 07:31:00,36.3
2025-06-12 02:33:00,49.927249175694776
2025-06-12 07:14:00,33.9
2025-06-12 02:24:00,73.2
2025-06-12 10:08:00,62.7
2025-06-12 15:02:00,97.6
2025-06-12 13:58:00,74.0
2025-06-12 16:27:00,73.7
2025-06-12 03:02:00,1.5
2025-06-12 10:21:00,25.4
2025-06-12 22:44:00,43.5
2025-06-12 22:38:00,25.3
2025-06-12 00:37:00,78.4
2025-06-12 17:23:00,45.6
2025-06-12 13:45:00,2.2
2025-06-12 07:32:00,58.0
2025-06-12 20:07:00,28.2
2025-06-12 01:13:00,16.8
2025-06-12 12:34:00,89.3
2025-06-12 03:45:00,49.927249175694776
2025-06-12 15:13:00,49.927249175694776
2025-06-12 20:40:00,6.4
2025-06-12 02:50:00,32.2
2025-06-12 04:55:00,53.9
2025-06-12 06:44:00,16.9
2025-06-12 14:53:00,58.3
2025-06-12 15:44:00,49.927249175694776
2025-06-12 06:15:00,6.6
2025-06-12 01:34:00,40.8
2025-06-12 23:22:00,49.927249175694776
2025-06-12 17:10:00,25.7
2025-06-12 12:42:00,75.8
2025-06-12 11:34:00,97.0
2025-06-12 06:22:00,46.5
2025-06-12 09:33:00,45.9
2025-06-12 09:34:00,48.5
2025-06-12 08:30:00,44.2
2025-06-12 09:30:00,10.0
2025-06-12 05:48:00,37.4
2025-06-12 14:47:00,42.6
2025-06-12 22:10:00,19.7
2025-06-12 17:18:00,84.9
2025-06-12 09:40:00,23.8
2025-06-12 00:32:00,15.1
2025-06-12 23:20:00,66.3
2025-06-12 12:43:00,11.8
2025-06-12 11:47:00,33.1
2025-06-12 19:34:00,22.4
2025-06-12 21:52:00,49.927249175694776
2025-06-12 10:33:00,18.7
2025-06-12 05:34:00,25.6
2025-06-12 11:59:00,3.0
2025-06-12 15:24:00,88.3
2025-06-12 10:07:00,49.8
2025-06-12 06:43:00,12.1
2025-06-12 00:49:00,19.2
2025-06-12 02:00:00,37.0
2025-06-12 09:55:00,20.8
2025-06-12 20:47:00,67.1
2025-06-12 02:55:00,98.5
2025-06-12 10:01:00,73.5
2025-06-12 03:23:00,8.3
2025-06-12 01:54:00,60.7
2025-06-12 17:40:00,32.9
2025-06-12 20:26:00,4.7
2025-06-12 05:17:00,24.6
2025-06-12 06:53:00,94.8
2025-06-12 11:57:00,94.8
2025-06-12 15:38:00,7.9
2025-06-12 08:52:00,81.7
2025-06-12 06:55:00,49.927249175694776
2025-06-12 16:59:00,41.1
2025-06-12 16:44:00,17.9
2025-06-12 00:00:00,0.1
2025-06-12 06:41:00,86.0
2025-06-12 02:26:00,66.2
2025-06-12 05:33:00,73.1
2025-06-12 10:04:00,33.6
2025-06-12 23:19:00,47.0
2025-06-12 08:18:00,52.3
2025-06-12 11:35:00,97.1
2025-06-12 22:50:00,4.0
2025-06-12 14:24:00,2.7
2025-06-12 13:40:00,70.5
2025-06-12 23:11:00,31.8
2025-06-12 05:57:00,63.6
2025-06-12 15:48:00,26.5
2025-06-12 10:59:00,60.3
2025-06-12 00:33:00,55.8
2025-06-12 16:37:00,32.7
2025-06-12 20:50:00,65.0
2025-06-12 15:18:00,49.7
2025-06-12 14:20:00,6.7
2025-06-12 05:18:00,69.0
2025-06-12 17:04:00,19.7
2025-06-12 04:38:00,44.8
2025-06-12 19:55:00,87.6
2025-06-12 03:46:00,30.0
2025-06-12 13:52:00,94.0
2025-06-12 04:30:00,55.3
2025-06-12 00:18:00,73.1
2025-06-12 05:37:00,31.4
2025-06-12 10:44:00,1.3
2025-06-12 09:53:00,49.927249175694776
2025-06-12 03:48:00,49.927249175694776
2025-06-12 04:04:00,15.4
2025-06-12 12:48:00,3.1
2025-06-12 10:15:00,65.7
2025-06-12 16:11:00,16.3
2025-06-12 03:36:00,49.927249175694776
2025-06-12 12:01:00,20.7
2025-06-12 15:50:00,5.7
2025-06-12 17:03:00,22.8
2025-06-12 08:15:00,93.3
2025-06-12 20:23:00,17.2
2025-06-12 07:51:00,2.8
2025-06-12 22:24:00,12.8
2025-06-12 12:45:00,24.0
2025-06-12 18:21:00,9.0
2025-06-12 01:50:00,33.6
2025-06-12 21:10:00,39.9
2025-06-12 22:22:00,49.927249175694776
2025-06-12 08:32:00,54.9
2025-06-12 17:12:00,87.3
2025-06-12 14:14:00,30.9
2025-06-12 09:14:00,33.8
2025-06-12 21:45:00,14.8
2025-06-12 10:53:00,64.4
2025-06-12 12:01:00,49.72265128325876
2025-06-12 21:06:00,49.72265128325876
2025-06-12 22:32:00,84.0
2025-06-12 15:10:00,0.3
2025-06-12 14:41:00,63.2
2025-06-12 20:34:00,94.3
2025-06-12 10:18:00,62.4
2025-06-12 14:27:00,87.7
2025-06-12 10:52:00,25.6
2025-06-12 20:47:00,9.9
2025-06-12 19:24:00,71.4
2025-06-12 17:37:00,39.5
2025-06-12 17:32:00,49.72265128325876
2025-06-12 17:33:00,98.7
2025-06-12 07:47:00,60.3
2025-06-12 01:32:00,6.8
2025-06-12 18:21:00,2.3
2025-06-12 09:39:00,46.7
2025-06-12 05:06:00,80.3
2025-06-12 12:32:00,49.72265128325876
2025-06-12 09:52:00,13.7
2025-06-12 02:44:00,84.1
2025-06-12 00:21:00,64.1
2025-06-12 00:16:00,49.72265128325876
2025-06-12 06:28:00,49.2
2025-06-12 18:17:00,67.6
2025-06-12 08:16:00,38.4
2025-06-12 00:28:00,57.5
2025-06-12 16:49:00,44.6
2025-06-12 18:46:00,94.2
2025-06-12 22:36:00,49.72265128325876
2025-06-12 12:33:00,76.4
2025-06-12 20:55:00,51.6
2025-06-12 23:18:00,90.6
2025-06-12 15:23:00,74.5
2025-06-12 06:41:00,3.5
2025-06-12 18:39:00,72.3
2025-06-12 22:33:00,49.72265128325876
2025-06-12 14:13:00,0.1
2025-06-12 15:37:00,49.72265128325876
2025-06-12 06:05:00,89.5
2025-06-12 01:22:00,58.7
2025-06-12 02:09:00,85.1
2025-06-12 07:55:00,74.8
2025-06-12 07:45:00,92.4
2025-06-12 03:06:00,0.9
2025-06-12 16:31:00,97.3
2025-06-12 13:08:00,86.3
2025-06-12 10:48:00,80.7
2025-06-12 18:38:00,13.3
2025-06-12 00:27:00,49.72265128325876
2025-06-12 20:36:00,39.7
2025-06-12 17:02:00,45.6
2025-06-12 15:47:00,21.4
2025-06-12 23:50:00,69.5
2025-06-12 11:51:00,6.0
2025-06-12 11:04:00,30.0
2025-06-12 02:13:00,69.0
2025-06-12 05:14:00,40.2
2025-06-12 05:04:00,73.6
2025-06-12 10:34:00,90.8
2025-06-12 22:12:00,39.9
2025-06-12 15:57:00,49.72265128325876
2025-06-12 14:55:00,82.5
2025-06-12 16:22:00,20.7
2025-06-12 22:48:00,29.8
2025-06-12 21:31:00,49.72265128325876
2025-06-12 04:04:00,31.6
2025-06-12 01:44:00,0.6
2025-06-12 09:19:00,10.0
2025-06-12 07:53:00,0.3
2025-06-12 09:02:00,62.5
2025-06-12 22:52:00,17.0
2025-06-12 05:34:00,50.2
2025-06-12 03:23:00,4.7
2025-06-12 11:02:00,77.3
2025-06-12 20:56:00,49.72265128325876
2025-06-12 04:23:00,49.72265128325876
2025-06-12 04:10:00,11.4
2025-06-12 04:11:00,85.6
2025-06-12 09:43:00,62.8
2025-06-12 08:44:00,49.72265128325876
2025-06-12 01:51:00,49.72265128325876
2025-06-12 00:45:00,16.7
2025-06-12 01:35:00,15.7
2025-06-12 03:37:00,90.7
2025-06-12 18:58:00,30.7
2025-06-12 11:55:00,28.9
2025-06-12 02:04:00,49.72265128325876
2025-06-12 12:17:00,79.1
2025-06-12 20:16:00,14.7
2025-06-12 10:38:00,45.4
2025-06-12 00:10:00,70.7
2025-06-12 14:49:00,86.5
2025-06-12 05:19:00,65.9
2025-06-12 17:00:00,49.0
2025-06-12 19:09:00,71.0
2025-06-12 13:39:00,62.8
2025-06-12 22:05:00,31.7
2025-06-12 17:30:00,49.72265128325876
2025-06-12 02:22:00,74.5
2025-06-12 01:05:00,85.1
2025-06-12 15:03:00,73.8
2025-06-12 12:58:00,49.72265128325876
2025-06-12 21:02:00,60.0
2025-06-12 14:25:00,0.6
2025-06-12 13:00:00,63.3
2025-06-12 17:17:00,67.9
2025-06-12 01:03:00,42.4
2025-06-12 04:13:00,49.72265128325876
2025-06-12 21:32:00,50.0
2025-06-12 06:24:00,43.0
2025-06-12 08:53:00,27.5
2025-06-12 10:33:00,52.5
2025-06-12 12:38:00,35.2
2025-06-12 02:51:00,22.7
2025-06-12 03:31:00,62.7
2025-06-12 17:58:00,46.9
2025-06-12 15:59:00,29.5
2025-06-12 09:15:00,94.6
2025-06-12 06:31:00,76.3
2025-06-12 11:29:00,71.5
2025-06-12 20:25:00,49.72265128325876
2025-06-12 19:49:00,1.6
2025-06-12 00:06:00,0.1
2025-06-12 15:19:00,93.4
2025-06-12 18:10:00,30.9
2025-06-12 14:42:00,57.1
2025-06-12 17:52:00,69.7
2025-06-12 11:43:00,37.1
2025-06-12 13:40:00,16.8
2025-06-12 08:57:00,49.72265128325876
2025-06-12 19:38:00,32.1
2025-06-12 21:43:00,41.3
2025-06-12 13:31:00,53.3
2025-06-12 05:16:00,68.1
2025-06-12 00:30:00,59.7
2025-06-12 03:18:00,48.2
2025-06-12 13:09:00,76.6
2025-06-12 11:14:00,71.6
2025-06-12 05:15:00,0.9
2025-06-12 23:57:00,38.8
2025-06-12 09:25:00,24.0
2025-06-12 03:08:00,36.6
2025-06-12 00:23:00,63.1
2025-06-12 19:53:00,81.2
2025-06-12 04:02:00,76.3
2025-06-12 02:31:00,47.1
2025-06-12 06:04:00,73.2
2025-06-12 00:38:00,95.4
2025-06-12 10:59:00,85.7
2025-06-12 10:22:00,77.9
2025-06-12 00:55:00,62.9
2025-06-12 06:51:00,99.3
2025-06-12 14:05:00,39.0
2025-06-12 23:20:00,0.7
2025-06-12 05:36:00,5.1
2025-06-12 02:30:00,12.9
2025-06-12 21:53:00,12.1
2025-06-12 23:27:00,85.1
2025-06-12 08:49:00,30.8
2025-06-12 09:41:00,99.5
2025-06-12 16:04:00,22.0
2025-06-12 14:52:00,14.3
2025-06-12 11:18:00,49.1
2025-06-12 05:00:00,61.8
2025-06-12 05:52:00,92.3
2025-06-12 05:44:00,84.6
2025-06-12 10:19:00,89.1
2025-06-12 10:56:00,1.1
2025-06-12 03:11:00,58.6
2025-06-12 01:54:00,48.0
2025-06-12 13:52:00,73.4
2025-06-12 20:03:00,1.1
2025-06-12 16:16:00,49.72265128325876
2025-06-12 10:43:00,10.2
2025-06-12 11:00:00,60.9
2025-06-12 00:32:00,95.9
2025-06-12 14:51:00,56.6
2025-06-12 19:15:00,62.4
2025-06-12 22:11:00,8.1
2025-06-12 17:43:00,66.4
2025-06-12 20:43:00,0.8
2025-06-12 05:27:00,37.1
2025-06-12 18:36:00,25.3
2025-06-12 04:32:00,0.4
2025-06-12 19:06:00,70.5
2025-06-12 17:10:00,43.3
2025-06-12 14:02:00,54.1
2025-06-12 20:14:00,77.0
2025-06-12 11:16:00,49.72265128325876
2025-06-12 15:12:00,47.8
2025-06-12 11:27:00,34.8
2025-06-12 01:41:00,47.7
2025-06-12 23:12:00,20.6
2025-06-12 13:10:00,30.3
2025-06-12 15:40:00,13.2
2025-06-12 13:53:00,85.2
2025-06-12 13:25:00,49.72265128325876
2025-06-12 22:57:00,90.3
2025-06-12 19:35:00,18.7
2025-06-12 01:38:00,25.8
2025-06-12 04:20:00,88.0
2025-06-12 03:30:00,69.6
2025-06-12 06:45:00,61.6
2025-06-12 13:59:00,89.2
2025-06-12 05:50:00,16.9
2025-06-12 08:17:00,27.6
2025-06-12 12:30:00,58.0
2025-06-12 12:07:00,6.3
2025-06-12 17:24:00,49.72265128325876
2025-06-12 08:13:00,49.72265128325876
2025-06-12 18:31:00,27.7
2025-06-12 12:08:00,36.6
2025-06-12 07:05:00,65.3
2025-06-12 16:32:00,68.8
2025-06-12 06:18:00,91.0
2025-06-12 12:27:00,62.4
2025-06-12 00:18:00,63.2
2025-06-12 22:18:00,32.1
2025-06-12 20:24:00,66.4
2025-06-12 17:55:00,83.1
2025-06-12 19:00:00,3.2
2025-06-12 21:13:00,89.2
2025-06-12 01:04:00,31.6
2025-06-12 05:22:00,21.0
2025-06-12 06:46:00,53.8
2025-06-12 19:11:00,72.3
2025-06-12 12:26:00,9.5
2025-06-12 04:19:00,96.7
2025-06-12 20:06:00,63.0
2025-06-12 06:40:00,49.72265128325876
2025-06-12 04:56:00,33.7
2025-06-12 20:50:00,58.0
2025-06-12 16:07:00,15.0
2025-06-12 23:55:00,56.0
2025-06-12 02:43:00,50.9
2025-06-12 12:10:00,49.72265128325876
2025-06-12 21:29:00,25.4
2025-06-12 23:10:00,14.5
2025-06-12 12:04:00,81.0
2025-06-12 10:07:00,25.5
2025-06-12 08:26:00,49.72265128325876
2025-06-12 19:26:00,67.1
2025-06-12 18:35:00,49.72265128325876
2025-06-12 07:32:00,48.5
2025-06-12 18:34:00,10.3
2025-06-12 23:48:00,49.72265128325876
2025-06-12 07:19:00,90.4
2025-06-12 09:03:00,70.9
2025-06-12 23:28:00,95.4
2025-06-12 05:02:00,2.2
2025-06-12 00:34:00,7.5
2025-06-12 23:29:00,57.7
2025-06-12 19:42:00,50.6
2025-06-12 08:51:00,53.1
2025-06-12 12:39:00,10.3
2025-06-12 03:45:00,65.6
2025-06-12 01:23:00,72.5
2025-06-12 04:42:00,47.1
2025-06-12 00:42:00,51.3
2025-06-12 09:17:00,4.3
2025-06-12 16:18:00,49.72265128325876
2025-06-12 11:21:00,49.72265128325876
2025-06-12 03:57:00,96.7
2025-06-12 09:06:00,76.9
2025-06-12 18:50:00,91.9
2025-06-12 01:55:00,80.5
2025-06-12 19:14:00,68.6
2025-06-12 11:25:00,49.2
2025-06-12 03:53:00,24.5
2025-06-12 03:52:00,49.72265128325876
2025-06-12 09:42:00,88.3
2025-06-12 10:45:00,38.0
2025-06-12 06:50:00,37.9
2025-06-12 10:09:00,78.8
2025-06-12 16:29:00,47.8
2025-06-12 23:00:00,49.72265128325876
2025-06-12 15:25:00,49.72265128325876
2025-06-12 09:26:00,96.2
2025-06-12 22:30:00,65.7
2025-06-12 03:26:00,49.72265128325876
2025-06-12 03:09:00,14.4
2025-06-12 12:18:00,49.72265128325876
2025-06-12 00:02:00,70.8
2025-06-12 09:49:00,51.3
2025-06-12 13:54:00,90.7
2025-06-12 18:40:00,26.7
2025-06-12 02:37:00,7.5
2025-06-12 07:12:00,75.3
2025-06-12 16:08:00,21.6
2025-06-12 20:02:00,49.72265128325876
2025-06-12 23:02:00,33.2
2025-06-12 16:58:00,62.0
2025-06-12 20:09:00,98.8
2025-06-12 15:30:00,27.2
2025-06-12 06:09:00,49.72265128325876
2025-06-12 09:20:00,59.0
2025-06-12 18:13:00,17.8
2025-06-12 18:22:00,22.6
2025-06-12 03:43:00,55.5
2025-06-12 03:23:00,96.3
2025-06-12 01:02:00,37.1
2025-06-12 15:05:00,50.25777465777466
2025-06-12 04:40:00,50.25777465777466
2025-06-12 08:07:00,39.7
2025-06-12 00:40:00,4.0
2025-06-12 23:17:00,57.3
2025-06-12 04:07:00,67.2
2025-06-12 12:47:00,80.5
2025-06-12 04:46:00,50.25777465777466
2025-06-12 14:12:00,50.25777465777466
2025-06-12 08:31:00,58.6
2025-06-12 04:12:00,27.8
2025-06-12 05:03:00,10.4
2025-06-12 10:39:00,33.6
2025-06-12 03:13:00,83.6
2025-06-12 19:45:00,45.3
2025-06-12 20:07:00,97.1
2025-06-12 17:42:00,97.8
2025-06-12 17:35:00,77.1
2025-06-12 10:56:00,40.4
2025-06-12 05:37:00,16.5
2025-06-12 14:06:00,3.4
2025-06-12 10:17:00,44.9
2025-06-12 15:04:00,89.3
2025-06-12 23:26:00,51.5
2025-06-12 13:35:00,45.6
2025-06-12 18:51:00,10.3
2025-06-12 19:33:00,53.7
2025-06-12 17:41:00,64.0
2025-06-12 06:35:00,50.25777465777466
2025-06-12 09:38:00,77.3
2025-06-12 13:05:00,37.4
2025-06-12 05:42:00,75.7
2025-06-12 06:09:00,56.1
2025-06-12 14:52:00,90.3
2025-06-12 18:57:00,48.4
2025-06-12 13:21:00,82.8
2025-06-12 23:54:00,73.0
2025-06-12 22:31:00,92.9
2025-06-12 12:44:00,50.25777465777466
2025-06-12 12:33:00,44.8
2025-06-12 20:11:00,13.9
2025-06-12 17:09:00,36.6
2025-06-12 06:12:00,33.9
2025-06-12 08:42:00,50.25777465777466
2025-06-12 05:50:00,64.3
2025-06-12 08:01:00,93.1
2025-06-12 22:26:00,46.7
2025-06-12 02:37:00,54.9
2025-06-12 01:24:00,10.4
2025-06-12 08:15:00,41.6
2025-06-12 18:32:00,50.25777465777466
2025-06-12 17:30:00,29.7
2025-06-12 00:48:00,98.9
2025-06-12 14:40:00,60.6
2025-06-12 07:19:00,66.5
2025-06-12 21:39:00,89.4
2025-06-12 21:20:00,20.4
2025-06-12 09:15:00,50.25777465777466
2025-06-12 08:10:00,50.25777465777466
2025-06-12 22:04:00,18.7
2025-06-12 20:43:00,50.25777465777466
2025-06-12 12:03:00,16.9
2025-06-12 23:03:00,50.25777465777466
2025-06-12 01:31:00,0.7
2025-06-12 15:01:00,30.3
2025-06-12 16:36:00,38.3
2025-06-12 11:14:00,39.7
2025-06-12 13:01:00,44.7
2025-06-12 08:33:00,35.6
2025-06-12 05:52:00,38.0
2025-06-12 00:19:00,50.25777465777466
2025-06-12 02:47:00,77.2
2025-06-12 18:43:00,39.1
2025-06-12 23:48:00,9.1
2025-06-12 12:52:00,44.3
2025-06-12 11:01:00,39.6
2025-06-12 07:11:00,80.6
2025-06-12 18:16:00,50.25777465777466
2025-06-12 18:52:00,50.25777465777466
2025-06-12 01:18:00,9.6
2025-06-12 10:55:00,31.2
2025-06-12 04:04:00,9.8
2025-06-12 13:18:00,50.25777465777466
2025-06-12 06:36:00,15.6
2025-06-12 15:52:00,3.4
2025-06-12 21:19:00,11.5
2025-06-12 20:48:00,45.1
2025-06-12 12:41:00,71.9
2025-06-12 21:42:00,49.3
2025-06-12 15:26:00,93.1
2025-06-12 07:45:00,18.5
2025-06-12 15:09:00,19.9
2025-06-12 18:44:00,19.8
2025-06-12 12:21:00,1.4
2025-06-12 00:15:00,89.0
2025-06-12 12:56:00,50.7
2025-06-12 22:48:00,68.6
2025-06-12 06:50:00,12.2
2025-06-12 11:45:00,51.8
2025-06-12 12:14:00,44.5
2025-06-12 22:32:00,38.5
2025-06-12 15:35:00,29.5
2025-06-12 08:40:00,1.8
2025-06-12 18:17:00,50.25777465777466
2025-06-12 02:31:00,2.1
2025-06-12 18:49:00,19.3
2025-06-12 08:08:00,73.5
2025-06-12 16:39:00,79.3
2025-06-12 09:27:00,62.0
2025-06-12 19:56:00,17.3
2025-06-12 08:13:00,50.25777465777466
2025-06-12 10:33:00,41.8
2025-06-12 17:26:00,23.6
2025-06-12 08:37:00,37.4
2025-06-12 06:21:00,79.6
2025-06-12 09:47:00,97.3
2025-06-12 19:57:00,50.25777465777466
2025-06-12 01:11:00,26.2
2025-06-12 22:03:00,95.1
2025-06-12 04:16:00,98.6
2025-06-12 06:25:00,3.4
2025-06-12 18:53:00,91.1
2025-06-12 21:35:00,28.3
2025-06-12 04:10:00,15.3
2025-06-12 21:53:00,75.7
2025-06-12 15:15:00,1.1
2025-06-12 11:13:00,59.5
2025-06-12 04:14:00,3.2
2025-06-12 06:06:00,3.5
2025-06-12 11:06:00,52.8
2025-06-12 06:41:00,69.2
2025-06-12 21:10:00,58.3
2025-06-12 03:24:00,70.7
2025-06-12 16:41:00,0.7
2025-06-12 18:37:00,4.4
2025-06-12 07:24:00,20.1
2025-06-12 18:36:00,29.0
2025-06-12 17:37:00,0.1
2025-06-12 15:14:00,86.8
2025-06-12 12:19:00,10.8
2025-06-12 18:15:00,50.25777465777466
2025-06-12 04:20:00,97.2
2025-06-12 01:47:00,14.8
2025-06-12 15:37:00,84.5
2025-06-12 12:30:00,44.4
2025-06-12 06:37:00,37.2
2025-06-12 17:11:00,29.5
2025-06-12 02:50:00,48.1
2025-06-12 07:14:00,60.7
2025-06-12 16:58:00,50.25777465777466
2025-06-12 11:17:00,53.2
2025-06-12 03:37:00,50.25777465777466
2025-06-12 23:08:00,35.9
2025-06-12 04:48:00,41.5
2025-06-12 09:37:00,72.4
2025-06-12 10:42:00,15.3
2025-06-12 15:13:00,60.7
2025-06-12 06:42:00,28.5
2025-06-12 02:48:00,74.3
2025-06-12 04:27:00,18.1
2025-06-12 06:57:00,41.4
2025-06-12 04:28:00,9.2
2025-06-12 10:52:00,42.7
2025-06-12 01:17:00,47.5
2025-06-12 07:02:00,23.4
2025-06-12 22:53:00,16.3
2025-06-12 06:02:00,42.3
2025-06-12 18:09:00,46.7
2025-06-12 21:00:00,92.8
2025-06-12 08:44:00,74.0
2025-06-12 16:53:00,86.7
2025-06-12 19:44:00,68.5
2025-06-12 05:24:00,86.2
2025-06-12 04:33:00,73.5
2025-06-12 19:48:00,50.3
2025-06-12 16:48:00,82.1
2025-06-12 16:23:00,30.2
2025-06-12 00:56:00,50.25777465777466
2025-06-12 06:18:00,38.4
2025-06-12 07:04:00,43.5
2025-06-12 08:14:00,1.0
2025-06-12 01:28:00,77.8
2025-06-12 14:00:00,82.4
2025-06-12 02:08:00,80.3
2025-06-12 08:36:00,25.6
2025-06-12 01:20:00,0.5
2025-06-12 06:55:00,51.4
2025-06-12 12:35:00,27.6
2025-06-12 05:23:00,48.5
2025-06-12 12:48:00,66.1
2025-06-12 01:09:00,50.25777465777466
2025-06-12 09:06:00,84.7
2025-06-12 17:44:00,50.25777465777466
2025-06-12 14:16:00,73.6
2025-06-12 08:47:00,48.4
2025-06-12 00:29:00,52.4
2025-06-12 20:36:00,10.8
2025-06-12 06:00:00,43.8
2025-06-12 06:40:00,50.25777465777466
2025-06-12 15:00:00,29.7
2025-06-12 18:54:00,10.9
2025-06-12 04:44:00,33.7
2025-06-12 05:04:00,99.0
2025-06-12 08:32:00,33.0
2025-06-12 06:32:00,50.25777465777466
2025-06-12 19:02:00,50.25777465777466
2025-06-12 20:25:00,35.8
2025-06-12 15:08:00,24.1
2025-06-12 11:34:00,50.25777465777466
2025-06-12 04:11:00,50.25777465777466
2025-06-12 02:03:00,27.6
2025-06-12 14:49:00,23.5
2025-06-12 19:31:00,35.1
2025-06-12 20:40:00,4.8
2025-06-12 09:21:00,71.0
2025-06-12 20:16:00,99.2
2025-06-12 19:27:00,50.25777465777466
2025-06-12 00:35:00,83.0
2025-06-12 05:30:00,58.7
2025-06-12 21:07:00,50.25777465777466
2025-06-12 10:30:00,62.5
2025-06-12 15:55:00,58.4
2025-06-12 23:19:00,53.1
2025-06-12 17:31:00,50.25777465777466
2025-06-12 19:28:00,2.8
2025-06-12 10:40:00,21.1
2025-06-12 20:09:00,50.25777465777466
2025-06-12 02:59:00,45.8
2025-06-12 19:36:00,72.1
2025-06-12 16:02:00,50.25777465777466
2025-06-12 09:28:00,34.9
2025-06-12 19:06:00,72.4
2025-06-12 23:05:00,39.3
2025-06-12 13:40:00,3.2
2025-06-12 18:50:00,75.6
2025-06-12 21:52:00,77.7
2025-06-12 12:25:00,50.25777465777466
2025-06-12 23:00:00,6.6
2025-06-12 06:33:00,83.7
2025-06-12 05:56:00,21.0
2025-06-12 18:11:00,43.3
2025-06-12 06:38:00,50.25777465777466
2025-06-12 15:46:00,11.3
2025-06-12 22:22:00,50.25777465777466
2025-06-12 09:45:00,6.2
2025-06-12 13:32:00,32.0
2025-06-12 04:36:00,62.2
2025-06-12 23:16:00,70.4
2025-06-12 06:08:00,50.25777465777466
2025-06-12 06:29:00,81.7
2025-06-12 17:57:00,93.1
2025-06-12 05:17:00,34.6
2025-06-12 22:19:00,50.25777465777466
2025-06-12 08:20:00,50.25777465777466
2025-06-12 19:32:00,62.3
2025-06-12 09:29:00,49.7
2025-06-12 23:23:00,2.1
2025-06-12 14:08:00,22.7
2025-06-12 11:42:00,92.9
2025-06-12 23:01:00,24.6
2025-06-12 00:43:00,49.4
2025-06-12 01:56:00,79.8
2025-06-12 09:07:00,98.0
2025-06-12 09:11:00,62.2
2025-06-12 18:03:00,16.1
2025-06-12 21:26:00,70.2
2025-06-12 20:46:00,28.3
2025-06-12 02:25:00,69.8
2025-06-12 07:54:00,25.3
2025-06-12 19:13:00,34.8
2025-06-12 02:27:00,2.3
2025-06-12 07:59:00,96.2
2025-06-12 03:41:00,72.6
2025-06-12 17:36:00,74.5
2025-06-12 04:35:00,23.9
2025-06-12 14:46:00,40.9
2025-06-12 08:11:00,28.2
2025-06-12 15:06:00,69.4
2025-06-12 05:25:00,50.25777465777466
2025-06-12 21:05:00,29.3
2025-06-12 17:22:00,50.25777465777466
2025-06-12 05:55:00,67.4
2025-06-12 12:08:00,71.9
2025-06-12 20:19:00,15.0
2025-06-12 23:28:00,76.3
2025-06-12 08:29:00,83.8
2025-06-12 01:19:00,58.0
2025-06-12 03:10:00,28.2
2025-06-12 01:21:00,50.25777465777466
2025-06-12 03:28:00,20.3
2025-06-12 10:35:00,36.3
2025-06-12 13:45:00,80.2
2025-06-12 10:11:00,65.5
2025-06-12 01:43:00,84.5
2025-06-12 10:38:00,9.0
2025-06-12 04:03:00,8.2
2025-06-12 16:54:00,86.3
2025-06-12 01:36:00,34.7
2025-06-12 15:22:00,50.5
2025-06-12 03:59:00,59.3
2025-06-12 11:26:00,77.6
2025-06-12 16:55:00,55.7
2025-06-12 04:23:00,78.1
2025-06-12 16:04:00,68.1
2025-06-12 21:56:00,7.1
2025-06-12 03:21:00,72.5
2025-06-12 05:45:00,50.25777465777466
2025-06-12 19:15:00,52.1
2025-06-12 03:34:00,50.25777465777466
2025-06-12 22:25:00,5.9
2025-06-12 01:57:00,35.9
2025-06-12 12:55:00,31.3
2025-06-12 15:03:00,74.5
2025-06-12 12:45:00,50.25777465777466
2025-06-12 07:20:00,69.7
2025-06-12 16:33:00,49.9464552238806
2025-06-12 11:17:00,73.9
2025-06-12 01:59:00,49.5
2025-06-12 23:17:00,34.4
2025-06-12 12:16:00,50.9
2025-06-12 13:14:00,75.1
2025-06-12 08:00:00,49.9464552238806
2025-06-12 02:24:00,25.0
2025-06-12 09:38:00,87.7
2025-06-12 07:22:00,30.6
2025-06-12 14:11:00,49.9464552238806
2025-06-12 01:31:00,54.7
2025-06-12 06:45:00,49.9464552238806
2025-06-12 17:12:00,14.9
2025-06-12 12:04:00,27.6
2025-06-12 16:35:00,14.2
2025-06-12 15:44:00,63.5
2025-06-12 15:18:00,57.6
2025-06-12 10:07:00,96.3
2025-06-12 23:10:00,49.9464552238806
2025-06-12 03:13:00,18.4
2025-06-12 06:20:00,63.9
2025-06-12 07:58:00,55.6
2025-06-12 12:21:00,28.5
2025-06-12 21:51:00,49.9464552238806
2025-06-12 07:04:00,20.2
2025-06-12 22:28:00,49.9464552238806
2025-06-12 06:13:00,66.3
2025-06-12 00:44:00,49.9464552238806
2025-06-12 17:43:00,5.6
2025-06-12 13:53:00,78.1
2025-06-12 19:14:00,92.1
2025-06-12 06:31:00,49.9464552238806
2025-06-12 15:15:00,10.7
2025-06-12 07:34:00,25.6
2025-06-12 17:23:00,60.6
2025-06-12 02:38:00,11.1
2025-06-12 07:50:00,9.0
2025-06-12 09:25:00,37.8
2025-06-12 00:35:00,63.2
2025-06-12 00:03:00,47.6
2025-06-12 13:38:00,11.2
2025-06-12 23:28:00,79.7
2025-06-12 09:06:00,38.3
2025-06-12 08:37:00,33.7
2025-06-12 01:56:00,25.9
2025-06-12 16:55:00,49.9464552238806
2025-06-12 04:12:00,82.7
2025-06-12 09:07:00,62.1
2025-06-12 10:48:00,8.9
2025-06-12 13:34:00,62.1
2025-06-12 16:52:00,29.3
2025-06-12 06:54:00,62.0
2025-06-12 05:37:00,45.3
2025-06-12 13:45:00,24.3
2025-06-12 17:25:00,11.1
2025-06-12 07:55:00,38.3
2025-06-12 22:58:00,49.2
2025-06-12 08:53:00,7.0
2025-06-12 15:40:00,72.5
2025-06-12 16:01:00,81.5
2025-06-12 00:37:00,56.2
2025-06-12 04:58:00,53.1
2025-06-12 04:26:00,57.1
2025-06-12 10:53:00,23.4
2025-06-12 19:22:00,49.9464552238806
2025-06-12 10:55:00,23.8
2025-06-12 09:09:00,100.0
2025-06-12 09:35:00,73.0
2025-06-12 22:44:00,11.7
2025-06-12 10:52:00,24.2
2025-06-12 01:44:00,82.0
2025-06-12 23:07:00,68.4
2025-06-12 11:24:00,92.4
2025-06-12 19:37:00,49.9464552238806
2025-06-12 20:41:00,33.2
2025-06-12 22:34:00,26.5
2025-06-12 09:52:00,58.2
2025-06-12 10:02:00,10.6
2025-06-12 04:54:00,73.5
2025-06-12 10:01:00,73.3
2025-06-12 16:32:00,91.1
2025-06-12 23:45:00,19.0
2025-06-12 00:48:00,49.9464552238806
2025-06-12 15:10:00,1.9
2025-06-12 22:48:00,49.9464552238806
2025-06-12 11:32:00,49.9464552238806
2025-06-12 15:17:00,19.9
2025-06-12 16:40:00,80.6
2025-06-12 16:27:00,27.6
2025-06-12 10:10:00,3.6
2025-06-12 19:59:00,17.4
2025-06-12 04:34:00,89.6
2025-06-12 08:49:00,40.8
2025-06-12 15:28:00,48.8
2025-06-12 15:07:00,36.8
2025-06-12 03:00:00,36.1
2025-06-12 02:23:00,20.0
2025-06-12 12:30:00,5.1
2025-06-12 22:00:00,64.4
2025-06-12 05:11:00,19.2
2025-06-12 12:46:00,84.6
2025-06-12 12:01:00,61.2
2025-06-12 23:39:00,38.5
2025-06-12 23:37:00,49.9464552238806
2025-06-12 18:46:00,49.9464552238806
2025-06-12 17:47:00,49.9464552238806
2025-06-12 01:39:00,30.4
2025-06-12 06:51:00,49.9464552238806
2025-06-12 06:09:00,12.6
2025-06-12 05:27:00,92.5
2025-06-12 16:38:00,95.6
2025-06-12 07:54:00,61.9
2025-06-12 10:27:00,2.2
2025-06-12 18:34:00,70.3
2025-06-12 13:17:00,6.6
2025-06-12 06:03:00,17.2
2025-06-12 07:41:00,64.2
2025-06-12 07:42:00,44.5
2025-06-12 00:08:00,85.2
2025-06-12 08:29:00,100.0
2025-06-12 23:54:00,66.3
2025-06-12 06:01:00,37.1
2025-06-12 09:54:00,51.6
2025-06-12 06:58:00,91.7
2025-06-12 00:18:00,49.9464552238806
2025-06-12 17:22:00,93.6
2025-06-12 13:11:00,17.4
2025-06-12 09:30:00,49.9464552238806
2025-06-12 04:56:00,82.1
2025-06-12 14:20:00,46.2
2025-06-12 12:26:00,49.9464552238806
2025-06-12 07:02:00,37.3
2025-06-12 18:41:00,49.9464552238806
2025-06-12 16:15:00,49.9464552238806
2025-06-12 01:45:00,49.9464552238806
2025-06-12 17:58:00,17.0
2025-06-12 06:33:00,73.3
2025-06-12 13:57:00,33.0
2025-06-12 01:50:00,60.7
2025-06-12 03:30:00,65.7
2025-06-12 02:48:00,49.9464552238806
2025-06-12 03:25:00,22.4
2025-06-12 14:17:00,32.0
2025-06-12 01:09:00,74.8
2025-06-12 05:21:00,64.9
2025-06-12 14:37:00,49.9464552238806
2025-06-12 18:54:00,49.9464552238806
2025-06-12 18:51:00,74.4
2025-06-12 13:35:00,47.8
2025-06-12 06:29:00,26.3
2025-06-12 19:42:00,90.5
2025-06-12 07:11:00,44.0
2025-06-12 02:09:00,71.0
2025-06-12 00:14:00,12.2
2025-06-12 02:46:00,55.1
2025-06-12 15:53:00,96.3
2025-06-12 17:49:00,8.2
2025-06-12 18:40:00,49.9464552238806
2025-06-12 21:00:00,12.5
2025-06-12 16:20:00,43.6
2025-06-12 13:27:00,27.1
2025-06-12 14:49:00,85.3
2025-06-12 01:07:00,46.2
2025-06-12 23:08:00,68.8
2025-06-12 20:18:00,74.9
2025-06-12 14:42:00,49.9464552238806
2025-06-12 09:39:00,75.2
2025-06-12 19:49:00,49.9464552238806
2025-06-12 09:23:00,42.8
2025-06-12 06:21:00,84.3
2025-06-12 08:35:00,46.7
2025-06-12 16:14:00,91.9
2025-06-12 01:01:00,15.6
2025-06-12 16:57:00,49.9464552238806
2025-06-12 13:22:00,41.6
2025-06-12 06:47:00,54.1
2025-06-12 20:20:00,18.6
2025-06-12 17:11:00,37.2
2025-06-12 01:24:00,1.8
2025-06-12 08:27:00,89.5
2025-06-12 14:52:00,49.9464552238806
2025-06-12 05:43:00,49.9464552238806
2025-06-12 23:51:00,99.6
2025-06-12 12:35:00,49.9464552238806
2025-06-12 06:53:00,68.6
2025-06-12 01:53:00,89.2
2025-06-12 06:10:00,52.7
2025-06-12 15:54:00,84.9
2025-06-12 00:56:00,50.7
2025-06-12 11:39:00,23.1
2025-06-12 00:34:00,49.9464552238806
2025-06-12 01:06:00,40.7
2025-06-12 21:33:00,24.0
2025-06-12 22:50:00,36.7
2025-06-12 21:46:00,12.3
2025-06-12 04:53:00,98.6
2025-06-12 10:46:00,94.3
2025-06-12 13:18:00,83.2
2025-06-12 17:18:00,55.2
2025-06-12 09:49:00,49.9464552238806
2025-06-12 03:21:00,92.8
2025-06-12 21:03:00,55.4
2025-06-12 19:17:00,76.7
2025-06-12 11:13:00,33.4
2025-06-12 07:37:00,96.3
2025-06-12 17:26:00,49.9464552238806
2025-06-12 23:02:00,12.0
2025-06-12 05:33:00,65.4
2025-06-12 12:36:00,74.8
2025-06-12 22:20:00,21.2
2025-06-12 03:38:00,43.3
2025-06-12 10:21:00,0.2
2025-06-12 22:46:00,49.9464552238806
2025-06-12 16:44:00,37.8
2025-06-12 14:16:00,50.9
2025-06-12 20:09:00,82.1
2025-06-12 20:19:00,49.9464552238806
2025-06-12 14:48:00,68.2
2025-06-12 09:34:00,39.6
2025-06-12 05:15:00,34.9
2025-06-12 13:01:00,64.8
2025-06-12 22:21:00,51.3
2025-06-12 17:57:00,0.9
2025-06-12 16:51:00,54.8
2025-06-12 21:47:00,56.0
2025-06-12 06:19:00,49.9464552238806
2025-06-12 09:44:00,76.8
2025-06-12 19:11:00,16.4
2025-06-12 10:39:00,11.3
2025-06-12 05:24:00,45.5
2025-06-12 13:43:00,22.2
2025-06-12 03:04:00,89.0
2025-06-12 22:41:00,4.4
2025-06-12 08:46:00,19.2
2025-06-12 05:20:00,2.6
2025-06-12 18:29:00,49.9464552238806
2025-06-12 12:38:00,19.7
2025-06-12 07:17:00,49.9464552238806
2025-06-12 15:12:00,2.1
2025-06-12 07:26:00,72.4
2025-06-12 09:31:00,11.9
2025-06-12 06:23:00,91.3
2025-06-12 15:16:00,70.5
2025-06-12 15:22:00,8.3
2025-06-12 08:41:00,18.1
2025-06-12 00:00:00,94.5
2025-06-12 02:37:00,49.1
2025-06-12 06:17:00,96.1
2025-06-12 03:24:00,13.1
2025-06-12 05:55:00,47.2
2025-06-12 17:29:00,94.8
2025-06-12 13:50:00,6.6
2025-06-12 07:23:00,68.3
2025-06-12 09:42:00,49.9464552238806
2025-06-12 14:26:00,17.7
2025-06-12 18:56:00,49.9464552238806
2025-06-12 04:32:00,49.9464552238806
2025-06-12 11:05:00,88.1
2025-06-12 19:30:00,2.0
2025-06-12 20:39:00,49.9464552238806
2025-06-12 17:03:00,36.3
2025-06-12 15:09:00,34.5
2025-06-12 19:29:00,46.2
2025-06-12 16:46:00,35.6
2025-06-12 02:21:00,49.9464552238806
2025-06-12 22:32:00,49.9464552238806
2025-06-12 05:02:00,11.2
2025-06-12 06:32:00,45.8
2025-06-12 16:31:00,78.2
2025-06-12 14:41:00,45.6
2025-06-12 19:53:00,49.9464552238806
2025-06-12 03:22:00,30.5
2025-06-12 06:40:00,19.3
2025-06-12 05:51:00,89.5
2025-06-12 18:25:00,49.9464552238806
2025-06-12 13:36:00,22.1
2025-06-12 01:47:00,67.1
2025-06-12 15:31:00,5.3
2025-06-12 10:44:00,25.7
2025-06-12 03:03:00,30.7
2025-06-12 07:09:00,52.7
2025-06-12 02:51:00,27.4
2025-06-12 17:40:00,8.3
2025-06-12 03:43:00,39.3
2025-06-12 02:42:00,68.9
2025-06-12 15:47:00,99.1
2025-06-12 21:38:00,57.6
2025-06-12 17:17:00,85.6
2025-06-12 18:44:00,55.3
2025-06-12 15:41:00,49.9464552238806
2025-06-12 17:48:00,11.4
2025-06-12 15:21:00,49.9464552238806
2025-06-12 17:04:00,78.2
2025-06-12 07:39:00,99.0
2025-06-12 02:59:00,1.5
2025-06-12 15:30:00,49.9464552238806
2025-06-12 14:21:00,15.7
2025-06-12 23:11:00,57.4
2025-06-12 16:42:00,98.2
2025-06-12 22:05:00,49.742524640779
2025-06-12 21:26:00,96.1
2025-06-12 11:03:00,64.5
2025-06-12 16:48:00,66.8
2025-06-12 16:47:00,11.5
2025-06-12 03:35:00,49.742524640779
2025-06-12 23:37:00,12.5
2025-06-12 16:50:00,32.2
2025-06-12 11:27:00,21.7
2025-06-12 23:49:00,78.2
2025-06-12 02:53:00,40.1
2025-06-12 01:43:00,61.7
2025-06-12 07:47:00,70.7
2025-06-12 10:10:00,83.4
2025-06-12 03:26:00,10.0
2025-06-12 00:48:00,28.0
2025-06-12 02:12:00,24.4
2025-06-12 13:15:00,21.3
2025-06-12 09:07:00,49.742524640779
2025-06-12 01:09:00,49.742524640779
2025-06-12 13:28:00,68.2
2025-06-12 07:14:00,49.742524640779
2025-06-12 22:57:00,19.2
2025-06-12 14:32:00,70.4
2025-06-12 17:03:00,2.4
2025-06-12 13:44:00,26.9
2025-06-12 20:09:00,66.0
2025-06-12 09:27:00,42.6
2025-06-12 00:09:00,13.3
2025-06-12 08:10:00,81.9
2025-06-12 18:05:00,58.2
2025-06-12 18:38:00,14.3
2025-06-12 06:47:00,30.9
2025-06-12 13:57:00,86.2
2025-06-12 06:34:00,99.0
2025-06-12 21:58:00,84.8
2025-06-12 20:06:00,46.5
2025-06-12 00:04:00,35.3
2025-06-12 21:06:00,50.9
2025-06-12 12:55:00,49.2
2025-06-12 10:32:00,42.8
2025-06-12 13:47:00,65.5
2025-06-12 07:29:00,32.3
2025-06-12 18:51:00,50.7
2025-06-12 19:35:00,4.6
2025-06-12 10:11:00,54.0
2025-06-12 07:35:00,49.742524640779
2025-06-12 12:05:00,30.9
2025-06-12 13:21:00,49.742524640779
2025-06-12 05:08:00,12.2
2025-06-12 08:12:00,43.9
2025-06-12 02:00:00,12.2
2025-06-12 17:46:00,49.742524640779
2025-06-12 15:04:00,53.9
2025-06-12 10:21:00,92.8
2025-06-12 21:45:00,56.9
2025-06-12 16:39:00,0.7
2025-06-12 08:42:00,11.1
2025-06-12 00:44:00,22.5
2025-06-12 06:51:00,96.2
2025-06-12 16:43:00,33.3
2025-06-12 21:57:00,28.9
2025-06-12 08:19:00,49.742524640779
2025-06-12 04:23:00,99.9
2025-06-12 15:17:00,49.742524640779
2025-06-12 02:31:00,1.1
2025-06-12 20:16:00,8.2
2025-06-12 22:15:00,49.742524640779
2025-06-12 22:32:00,46.2
2025-06-12 13:01:00,53.4
2025-06-12 19:59:00,38.9
2025-06-12 09:35:00,74.5
2025-06-12 13:27:00,85.1
2025-06-12 10:29:00,42.4
2025-06-12 23:06:00,46.7
2025-06-12 23:08:00,15.4
2025-06-12 04:51:00,46.6
2025-06-12 22:35:00,49.742524640779
2025-06-12 16:05:00,6.8
2025-06-12 21:01:00,24.4
2025-06-12 01:30:00,50.1
2025-06-12 18:19:00,9.6
2025-06-12 03:41:00,67.7
2025-06-12 02:18:00,92.9
2025-06-12 05:32:00,24.0
2025-06-12 10:47:00,70.7
2025-06-12 10:41:00,28.0
2025-06-12 21:51:00,7.6
2025-06-12 09:09:00,31.9
2025-06-12 13:07:00,49.742524640779
2025-06-12 10:39:00,48.4
2025-06-12 10:53:00,39.0
2025-06-12 00:37:00,17.8
2025-06-12 07:27:00,49.742524640779
2025-06-12 17:24:00,61.6
2025-06-12 17:06:00,35.1
2025-06-12 07:11:00,92.2
2025-06-12 10:07:00,96.0
2025-06-12 19:44:00,78.4
2025-06-12 04:05:00,90.3
2025-06-12 13:17:00,88.6
2025-06-12 14:55:00,69.9
2025-06-12 17:57:00,17.7
2025-06-12 23:53:00,42.6
2025-06-12 17:13:00,60.2
2025-06-12 21:38:00,16.8
2025-06-12 03:05:00,26.6
2025-06-12 09:46:00,25.0
2025-06-12 13:23:00,40.1
2025-06-12 19:04:00,67.9
2025-06-12 12:53:00,2.8
2025-06-12 17:59:00,71.1
2025-06-12 22:33:00,20.8
2025-06-12 21:03:00,45.7
2025-06-12 02:08:00,49.742524640779
2025-06-12 11:59:00,10.5
2025-06-12 03:22:00,82.6
2025-06-12 19:52:00,38.1
2025-06-12 22:09:00,48.4
2025-06-12 14:03:00,87.8
2025-06-12 21:12:00,88.6
2025-06-12 11:36:00,2.4
2025-06-12 20:48:00,49.742524640779
2025-06-12 10:00:00,69.4
2025-06-12 16:21:00,66.7
2025-06-12 07:18:00,25.8
2025-06-12 16:37:00,53.0
2025-06-12 09:40:00,32.3
2025-06-12 19:46:00,49.742524640779
2025-06-12 13:18:00,54.2
2025-06-12 06:06:00,39.6
2025-06-12 15:21:00,80.4
2025-06-12 22:54:00,12.7
2025-06-12 05:27:00,7.8
2025-06-12 17:25:00,32.4
2025-06-12 03:24:00,46.1
2025-06-12 09:41:00,49.742524640779
2025-06-12 08:55:00,7.1
2025-06-12 15:33:00,5.5
2025-06-12 21:08:00,71.5
2025-06-12 06:07:00,6.4
2025-06-12 02:09:00,34.1
2025-06-12 12:11:00,55.6
2025-06-12 11:54:00,57.7
2025-06-12 17:35:00,48.0
2025-06-12 05:09:00,49.742524640779
2025-06-12 01:46:00,39.8
2025-06-12 18:22:00,95.2
2025-06-12 02:25:00,87.4
2025-06-12 03:47:00,68.1
2025-06-12 15:11:00,86.9
2025-06-12 08:39:00,50.8
2025-06-12 19:05:00,38.5
2025-06-12 14:48:00,85.0
2025-06-12 04:18:00,54.2
2025-06-12 04:35:00,20.0
2025-06-12 04:29:00,73.5
2025-06-12 11:42:00,19.0
2025-06-12 06:09:00,0.2
2025-06-12 07:37:00,27.2
2025-06-12 16:10:00,13.0
2025-06-12 13:08:00,76.0
2025-06-12 19:20:00,79.2
2025-06-12 08:54:00,82.1
2025-06-12 09:42:00,71.3
2025-06-12 20:29:00,12.3
2025-06-12 18:03:00,85.0
2025-06-12 08:18:00,14.8
2025-06-12 20:22:00,49.5
2025-06-12 05:53:00,31.3
2025-06-12 05:33:00,87.3
2025-06-12 23:33:00,53.0
2025-06-12 01:10:00,35.9
2025-06-12 14:21:00,78.9
2025-06-12 19:34:00,39.5
2025-06-12 03:44:00,21.3
2025-06-12 14:36:00,81.3
2025-06-12 12:35:00,57.0
2025-06-12 07:57:00,0.7
2025-06-12 13:46:00,49.742524640779
2025-06-12 13:39:00,52.1
2025-06-12 21:10:00,20.8
2025-06-12 10:23:00,61.7
2025-06-12 06:05:00,22.9
2025-06-12 18:01:00,49.742524640779
2025-06-12 13:04:00,29.1
2025-06-12 01:52:00,91.7
2025-06-12 21:43:00,35.6
2025-06-12 07:06:00,46.1
2025-06-12 10:03:00,49.742524640779
2025-06-12 09:44:00,70.5
2025-06-12 06:13:00,98.3
2025-06-12 11:40:00,13.3
2025-06-12 03:21:00,4.1
2025-06-12 20:27:00,69.0
2025-06-12 23:38:00,70.6
2025-06-12 05:56:00,49.742524640779
2025-06-12 17:00:00,99.3
2025-06-12 23:36:00,93.1
2025-06-12 07:08:00,95.6
2025-06-12 22:23:00,49.742524640779
2025-06-12 23:47:00,49.742524640779
2025-06-12 09:38:00,31.0
2025-06-12 19:19:00,49.742524640779
2025-06-12 03:53:00,45.5
2025-06-12 05:02:00,61.4
2025-06-12 22:18:00,32.1
2025-06-12 11:51:00,36.0
2025-06-12 08:27:00,44.4
2025-06-12 22:21:00,89.5
2025-06-12 03:33:00,89.5
2025-06-12 11:49:00,1.7
2025-06-12 20:51:00,75.3
2025-06-12 05:28:00,3.1
2025-06-12 16:34:00,25.2
2025-06-12 02:46:00,52.8
2025-06-12 23:01:00,49.742524640779
2025-06-12 05:04:00,42.0
2025-06-12 01:34:00,62.3
2025-06-12 14:39:00,69.2
2025-06-12 04:54:00,36.3
2025-06-12 13:38:00,47.4
2025-06-12 01:02:00,49.742524640779
2025-06-12 18:46:00,23.4
2025-06-12 16:35:00,59.1
2025-06-12 21:52:00,40.1
2025-06-12 22:37:00,49.742524640779
2025-06-12 19:36:00,1.1
2025-06-12 15:53:00,96.6
2025-06-12 08:46:00,56.4
2025-06-12 06:45:00,68.2
2025-06-12 00:41:00,53.9
2025-06-12 13:33:00,49.742524640779
2025-06-12 04:42:00,49.742524640779
2025-06-12 03:58:00,3.3
2025-06-12 19:40:00,1.0
2025-06-12 17:55:00,17.3
2025-06-12 23:25:00,49.742524640779
2025-06-12 08:11:00,57.3
2025-06-12 21:20:00,49.742524640779
2025-06-12 17:22:00,92.3
2025-06-12 22:14:00,5.0
2025-06-12 18:00:00,71.6
2025-06-12 15:29:00,29.4
2025-06-12 22:46:00,62.5
2025-06-12 15:35:00,8.8
2025-06-12 06:32:00,56.0
2025-06-12 14:12:00,90.0
2025-06-12 02:44:00,52.8
2025-06-12 16:36:00,37.9
2025-06-12 03:37:00,6.6
2025-06-12 09:47:00,48.0
2025-06-12 12:06:00,85.5
2025-06-12 08:41:00,30.3
2025-06-12 19:31:00,26.4
2025-06-12 18:12:00,49.742524640779
2025-06-12 05:43:00,49.742524640779
2025-06-12 17:49:00,49.0
2025-06-12 13:50:00,49.742524640779
2025-06-12 16:06:00,46.9
2025-06-12 21:04:00,67.9
2025-06-12 13:16:00,20.0
2025-06-12 17:27:00,53.0
2025-06-12 00:12:00,98.2
2025-06-12 13:22:00,71.7
2025-06-12 20:49:00,38.7
2025-06-12 15:31:00,70.0
2025-06-12 01:26:00,22.7
2025-06-12 06:40:00,61.1
2025-06-12 07:43:00,83.8
2025-06-12 08:56:00,41.0
2025-06-12 12:57:00,65.4
2025-06-12 20:08:00,76.2
2025-06-12 07:23:00,49.742524640779
2025-06-12 08:23:00,72.4
2025-06-12 03:14:00,24.5
2025-06-12 04:43:00,49.742524640779
2025-06-12 16:13:00,62.1
2025-06-12 01:22:00,88.6
2025-06-12 01:59:00,49.742524640779
2025-06-12 23:13:00,15.6
2025-06-12 20:31:00,11.9
2025-06-12 15:23:00,10.4
2025-06-12 02:58:00,7.6
2025-06-12 13:55:00,40.2
2025-06-12 11:34:00,49.742524640779
2025-06-12 05:57:00,68.9
2025-06-12 22:24:00,93.2
2025-06-12 02:39:00,60.7
2025-06-12 03:59:00,6.5
2025-06-12 12:12:00,74.4
2025-06-12 09:00:00,50.1
2025-06-12 19:00:00,49.742524640779
2025-06-12 18:17:00,7.2
2025-06-12 16:52:00,6.7
2025-06-12 00:19:00,96.6
2025-06-12 17:52:00,64.7
2025-06-12 01:28:00,97.8
2025-06-12 17:42:00,0.0
2025-06-12 19:57:00,13.2
2025-06-12 18:48:00,95.7
2025-06-12 18:20:00,50.09606761356967
2025-06-12 09:31:00,5.9
2025-06-12 11:35:00,50.09606761356967
2025-06-12 06:50:00,44.9
2025-06-12 15:28:00,77.9
2025-06-12 03:12:00,50.09606761356967
2025-06-12 09:00:00,47.7
2025-06-12 05:31:00,42.1
2025-06-12 20:11:00,21.5
2025-06-12 03:21:00,75.7
2025-06-12 06:02:00,1.8
2025-06-12 11:11:00,70.0
2025-06-12 08:41:00,70.6
2025-06-12 23:17:00,45.2
2025-06-12 21:38:00,19.9
2025-06-12 13:09:00,50.09606761356967
2025-06-12 12:36:00,50.09606761356967
2025-06-12 16:09:00,84.1
2025-06-12 12:29:00,17.0
2025-06-12 13:32:00,53.3
2025-06-12 08:08:00,59.5
2025-06-12 10:24:00,32.5
2025-06-12 01:20:00,42.6
2025-06-12 02:43:00,57.6
2025-06-12 15:38:00,42.5
2025-06-12 15:36:00,59.7
2025-06-12 10:04:00,38.0
2025-06-12 17:38:00,35.5
2025-06-12 16:39:00,70.6
2025-06-12 08:55:00,69.7
2025-06-12 15:41:00,70.6
2025-06-12 02:59:00,50.09606761356967
2025-06-12 23:22:00,3.7
2025-06-12 16:02:00,66.5
2025-06-12 09:15:00,49.9
2025-06-12 07:35:00,94.8
2025-06-12 03:51:00,60.8
2025-06-12 07:47:00,9.7
2025-06-12 21:14:00,50.09606761356967
2025-06-12 07:06:00,33.6
2025-06-12 23:41:00,80.7
2025-06-12 15:10:00,11.6
2025-06-12 11:49:00,86.0
2025-06-12 11:50:00,10.3
2025-06-12 16:06:00,29.6
2025-06-12 04:24:00,50.09606761356967
2025-06-12 00:23:00,34.5
2025-06-12 21:44:00,70.6
2025-06-12 20:52:00,64.7
2025-06-12 09:18:00,56.0
2025-06-12 07:04:00,7.5
2025-06-12 08:43:00,32.6
2025-06-12 22:52:00,38.0
2025-06-12 23:31:00,13.6
2025-06-12 14:46:00,31.7
2025-06-12 02:18:00,34.2
2025-06-12 12:05:00,17.9
2025-06-12 10:45:00,48.6
2025-06-12 00:31:00,50.09606761356967
2025-06-12 11:18:00,94.2
2025-06-12 21:42:00,38.4
2025-06-12 15:52:00,73.4
2025-06-12 18:18:00,74.9
2025-06-12 05:34:00,53.3
2025-06-12 00:16:00,34.7
2025-06-12 16:41:00,6.1
2025-06-12 06:48:00,83.0
2025-06-12 19:37:00,57.5
2025-06-12 01:34:00,29.2
2025-06-12 14:22:00,3.5
2025-06-12 08:49:00,21.9
2025-06-12 23:42:00,68.0
2025-06-12 17:17:00,18.7
2025-06-12 18:50:00,48.5
2025-06-12 05:23:00,94.3
2025-06-12 22:12:00,55.4
2025-06-12 20:16:00,50.09606761356967
2025-06-12 06:07:00,24.6
2025-06-12 13:00:00,29.0
2025-06-12 05:42:00,50.09606761356967
2025-06-12 09:49:00,99.0
2025-06-12 10:47:00,96.4
2025-06-12 05:18:00,47.6
2025-06-12 09:52:00,2.8
2025-06-12 03:15:00,91.5
2025-06-12 21:53:00,17.2
2025-06-12 10:48:00,19.2
2025-06-12 07:02:00,50.09606761356967
2025-06-12 05:48:00,37.6
2025-06-12 03:33:00,79.9
2025-06-12 14:55:00,13.1
2025-06-12 19:27:00,92.8
2025-06-12 10:57:00,80.2
2025-06-12 02:06:00,72.1
2025-06-12 23:55:00,97.2
2025-06-12 23:46:00,51.6
2025-06-12 17:59:00,50.09606761356967
2025-06-12 23:33:00,26.3
2025-06-12 00:46:00,50.09606761356967
2025-06-12 07:09:00,47.7
2025-06-12 16:46:00,60.6
2025-06-12 17:13:00,41.6
2025-06-12 20:43:00,19.0
2025-06-12 01:56:00,56.8
2025-06-12 21:04:00,26.1
2025-06-12 01:47:00,81.7
2025-06-12 07:53:00,24.3
2025-06-12 00:18:00,69.4
2025-06-12 00:24:00,85.0
2025-06-12 04:11:00,53.4
2025-06-12 15:18:00,32.9
2025-06-12 17:23:00,6.8
2025-06-12 18:23:00,59.7
2025-06-12 17:34:00,88.7
2025-06-12 17:31:00,70.9
2025-06-12 12:08:00,46.3
2025-06-12 15:34:00,68.7
2025-06-12 09:06:00,50.09606761356967
2025-06-12 03:22:00,3.1
2025-06-12 10:42:00,50.09606761356967
2025-06-12 04:03:00,57.4
2025-06-12 00:11:00,37.8
2025-06-12 05:17:00,50.09606761356967
2025-06-12 22:49:00,43.7
2025-06-12 19:35:00,5.0
2025-06-12 21:41:00,9.2
2025-06-12 02:46:00,38.9
2025-06-12 01:51:00,61.8
2025-06-12 13:03:00,23.7
2025-06-12 00:04:00,50.09606761356967
2025-06-12 14:18:00,26.6
2025-06-12 19:33:00,47.3
2025-06-12 04:27:00,50.09606761356967
2025-06-12 13:31:00,5.6
2025-06-12 09:10:00,63.6
2025-06-12 15:15:00,69.5
2025-06-12 19:17:00,50.09606761356967
2025-06-12 02:39:00,31.8
2025-06-12 14:43:00,6.0
2025-06-12 12:48:00,50.09606761356967
2025-06-12 19:40:00,79.5
2025-06-12 20:34:00,21.3
2025-06-12 12:24:00,70.7
2025-06-12 18:59:00,50.09606761356967
2025-06-12 10:46:00,71.8
2025-06-12 16:05:00,33.1
2025-06-12 17:00:00,14.8
2025-06-12 13:44:00,51.3
2025-06-12 19:51:00,54.5
2025-06-12 02:02:00,17.0
2025-06-12 19:11:00,27.3
2025-06-12 09:32:00,91.0
2025-06-12 01:19:00,77.8
2025-06-12 21:16:00,57.9
2025-06-12 19:14:00,63.6
2025-06-12 02:47:00,12.6
2025-06-12 00:33:00,24.5
2025-06-12 19:28:00,26.2
2025-06-12 06:49:00,50.09606761356967
2025-06-12 01:06:00,83.3
2025-06-12 10:30:00,44.9
2025-06-12 14:29:00,50.09606761356967
2025-06-12 22:50:00,69.2
2025-06-12 11:39:00,8.8
2025-06-12 04:43:00,35.2
2025-06-12 17:53:00,77.9
2025-06-12 19:31:00,59.4
2025-06-12 12:20:00,85.8
2025-06-12 07:48:00,30.0
2025-06-12 18:33:00,50.09606761356967
2025-06-12 09:21:00,96.6
2025-06-12 11:34:00,57.2
2025-06-12 23:11:00,29.4
2025-06-12 08:26:00,2.0
2025-06-12 04:48:00,18.8
2025-06-12 14:24:00,12.8
2025-06-12 17:06:00,80.8
2025-06-12 20:09:00,34.7
2025-06-12 21:35:00,31.1
2025-06-12 13:49:00,83.3
2025-06-12 20:55:00,24.7
2025-06-12 22:39:00,63.4
2025-06-12 21:43:00,59.8
2025-06-12 08:34:00,13.1
2025-06-12 01:14:00,50.2
2025-06-12 06:30:00,82.9
2025-06-12 13:20:00,50.09606761356967
2025-06-12 21:55:00,17.4
2025-06-12 19:38:00,47.5
2025-06-12 03:23:00,50.09606761356967
2025-06-12 02:55:00,3.3
2025-06-12 10:31:00,84.8
2025-06-12 05:08:00,29.9
2025-06-12 14:41:00,3.5
2025-06-12 11:58:00,38.9
2025-06-12 06:34:00,56.1
2025-06-12 02:29:00,46.9
2025-06-12 09:53:00,37.5
2025-06-12 03:42:00,2.1
2025-06-12 02:58:00,59.4
2025-06-12 09:20:00,50.09606761356967
2025-06-12 10:58:00,50.09606761356967
2025-06-12 02:11:00,51.4
2025-06-12 05:52:00,29.3
2025-06-12 18:53:00,75.1
2025-06-12 04:25:00,98.8
2025-06-12 06:38:00,92.6
2025-06-12 07:58:00,50.09606761356967
2025-06-12 12:04:00,38.3
2025-06-12 12:07:00,50.09606761356967
2025-06-12 00:09:00,15.9
2025-06-12 04:39:00,43.2
2025-06-12 04:36:00,25.4
2025-06-12 02:54:00,71.8
2025-06-12 00:48:00,69.5
2025-06-12 11:57:00,72.7
2025-06-12 22:23:00,76.9
2025-06-12 17:22:00,26.4
2025-06-12 05:19:00,15.3
2025-06-12 00:45:00,5.6
2025-06-12 05:35:00,45.3
2025-06-12 23:47:00,1.5
2025-06-12 00:38:00,51.9
2025-06-12 17:47:00,33.7
2025-06-12 18:49:00,1.7
2025-06-12 14:30:00,14.5
2025-06-12 18:03:00,83.9
2025-06-12 10:29:00,2.4
2025-06-12 16:55:00,25.6
2025-06-12 16:49:00,50.09606761356967
2025-06-12 05:02:00,35.8
2025-06-12 22:08:00,50.09606761356967
2025-06-12 19:54:00,14.2
2025-06-12 05:28:00,75.9
2025-06-12 18:24:00,30.4
2025-06-12 20:06:00,24.3
2025-06-12 02:56:00,72.1
2025-06-12 19:34:00,62.5
2025-06-12 08:21:00,8.0
2025-06-12 19:02:00,40.9
2025-06-12 23:43:00,79.9
2025-06-12 06:21:00,50.09606761356967
2025-06-12 12:10:00,70.4
2025-06-12 23:15:00,25.3
2025-06-12 19:49:00,82.1
2025-06-12 03:55:00,3.4
2025-06-12 07:51:00,4.1
2025-06-12 00:41:00,50.09606761356967
2025-06-12 22:31:00,10.5
2025-06-12 14:07:00,50.09606761356967
2025-06-12 06:45:00,98.5
2025-06-12 23:02:00,85.3
2025-06-12 10:17:00,60.4
2025-06-12 00:34:00,51.4
2025-06-12 18:36:00,83.9
2025-06-12 02:36:00,38.8
2025-06-12 06:43:00,70.5
2025-06-12 21:09:00,97.4
2025-06-12 19:47:00,16.7
2025-06-12 06:31:00,2.2
2025-06-12 17:16:00,62.9
2025-06-12 21:56:00,60.2
2025-06-12 01:07:00,50.09606761356967
2025-06-12 09:16:00,57.8
2025-06-12 17:21:00,50.09606761356967
2025-06-12 20:42:00,80.2
2025-06-12 13:18:00,93.2
2025-06-12 07:39:00,50.09606761356967
2025-06-12 17:12:00,50.09606761356967
2025-06-12 05:33:00,78.6
2025-06-12 12:42:00,10.8
2025-06-12 14:06:00,50.09606761356967
2025-06-12 18:31:00,74.4
2025-06-12 15:08:00,25.5
2025-06-12 11:52:00,98.7
2025-06-12 18:11:00,50.09606761356967
2025-06-12 02:51:00,89.6
2025-06-12 15:17:00,92.7
2025-06-12 12:17:00,4.0
2025-06-12 16:53:00,50.09606761356967
2025-06-12 17:19:00,33.0
2025-06-12 16:48:00,78.2
2025-06-12 16:30:00,37.3
2025-06-12 01:01:00,92.6
2025-06-12 06:18:00,35.7
2025-06-12 18:48:00,33.3
2025-06-12 11:48:00,32.1
2025-06-12 22:32:00,17.7
2025-06-12 20:05:00,39.6
2025-06-12 16:26:00,6.3
2025-06-12 17:40:00,22.0
2025-06-12 09:42:00,10.1
2025-06-12 08:05:00,50.09606761356967
2025-06-12 15:04:00,11.1
2025-06-12 15:27:00,74.9
2025-06-12 08:39:00,49.952608030142464
2025-06-12 03:18:00,52.6
2025-06-12 01:15:00,83.6
2025-06-12 08:07:00,7.2
2025-06-12 09:25:00,22.0
2025-06-12 15:34:00,11.1
2025-06-12 13:16:00,91.6
2025-06-12 11:07:00,69.7
2025-06-12 19:58:00,24.3
2025-06-12 15:07:00,24.5
2025-06-12 15:29:00,60.7
2025-06-12 06:33:00,49.952608030142464
2025-06-12 15:50:00,49.952608030142464
2025-06-12 02:47:00,20.4
2025-06-12 12:32:00,98.3
2025-06-12 22:53:00,86.9
2025-06-12 09:15:00,42.9
2025-06-12 06:42:00,60.5
2025-06-12 02:01:00,76.6
2025-06-12 00:44:00,56.1
2025-06-12 09:11:00,20.9
2025-06-12 20:20:00,17.4
2025-06-12 13:21:00,49.952608030142464
2025-06-12 02:23:00,47.8
2025-06-12 07:25:00,49.952608030142464
2025-06-12 19:05:00,11.9
2025-06-12 16:25:00,66.8
2025-06-12 17:12:00,9.3
2025-06-12 03:11:00,42.1
2025-06-12 23:05:00,49.952608030142464
2025-06-12 13:04:00,65.9
2025-06-12 14:41:00,35.0
2025-06-12 15:06:00,95.5
2025-06-12 00:03:00,72.7
2025-06-12 20:02:00,60.8
2025-06-12 20:04:00,54.7
2025-06-12 14:22:00,49.952608030142464
2025-06-12 05:44:00,10.0
2025-06-12 09:46:00,27.4
2025-06-12 09:52:00,67.6
2025-06-12 05:58:00,86.9
2025-06-12 18:42:00,49.952608030142464
2025-06-12 12:39:00,19.2
2025-06-12 12:20:00,51.9
2025-06-12 03:23:00,39.9
2025-06-12 22:03:00,99.1
2025-06-12 05:14:00,49.952608030142464
2025-06-12 20:46:00,16.7
2025-06-12 07:31:00,49.952608030142464
2025-06-12 18:20:00,22.7
2025-06-12 05:17:00,52.2
2025-06-12 12:22:00,49.952608030142464
2025-06-12 11:21:00,49.952608030142464
2025-06-12 18:13:00,62.9
2025-06-12 17:50:00,14.5
2025-06-12 12:49:00,60.3
2025-06-12 19:32:00,61.5
2025-06-12 05:43:00,56.2
2025-06-12 23:28:00,92.7
2025-06-12 23:44:00,75.2
2025-06-12 19:33:00,49.952608030142464
2025-06-12 10:19:00,8.8
2025-06-12 10:56:00,59.8
2025-06-12 07:20:00,94.6
2025-06-12 04:46:00,66.2
2025-06-12 01:22:00,87.2
2025-06-12 09:30:00,5.8
2025-06-12 10:38:00,47.1
2025-06-12 06:31:00,15.1
2025-06-12 19:44:00,22.7
2025-06-12 07:02:00,15.9
2025-06-12 22:19:00,34.8
2025-06-12 08:05:00,69.0
2025-06-12 03:42:00,36.5
2025-06-12 12:45:00,51.3
2025-06-12 07:23:00,91.4
2025-06-12 22:37:00,33.9
2025-06-12 11:31:00,30.0
2025-06-12 06:59:00,10.1
2025-06-12 16:33:00,27.3
2025-06-12 01:40:00,12.7
2025-06-12 18:34:00,81.8
2025-06-12 04:36:00,60.3
2025-06-12 19:00:00,46.0
2025-06-12 13:57:00,59.3
2025-06-12 02:26:00,30.0
2025-06-12 08:56:00,85.3
2025-06-12 10:57:00,65.9
2025-06-12 03:53:00,62.2
2025-06-12 18:55:00,49.952608030142464
2025-06-12 00:04:00,55.3
2025-06-12 16:46:00,24.7
2025-06-12 07:01:00,79.3
2025-06-12 18:15:00,62.2
2025-06-12 08:24:00,17.5
2025-06-12 00:38:00,29.3
2025-06-12 14:01:00,63.3
2025-06-12 10:40:00,26.6
2025-06-12 05:41:00,81.6
2025-06-12 08:13:00,55.9
2025-06-12 06:57:00,95.9
2025-06-12 02:07:00,16.9
2025-06-12 21:24:00,78.1
2025-06-12 13:37:00,32.5
2025-06-12 19:36:00,9.6
2025-06-12 22:20:00,13.8
2025-06-12 15:24:00,49.952608030142464
2025-06-12 09:10:00,87.9
2025-06-12 04:27:00,39.5
2025-06-12 18:36:00,94.1
2025-06-12 14:21:00,62.8
2025-06-12 05:53:00,92.5
2025-06-12 22:47:00,8.5
2025-06-12 14:12:00,77.3
2025-06-12 10:41:00,49.952608030142464
2025-06-12 21:13:00,48.5
2025-06-12 22:46:00,55.5
2025-06-12 19:31:00,76.2
2025-06-12 15:21:00,22.1
2025-06-12 04:26:00,86.0
2025-06-12 09:20:00,54.5
2025-06-12 23:13:00,19.3
2025-06-12 20:47:00,30.5
2025-06-12 09:43:00,24.2
2025-06-12 19:04:00,19.2
2025-06-12 02:36:00,67.2
2025-06-12 08:00:00,85.1
2025-06-12 01:13:00,83.0
2025-06-12 08:51:00,47.0
2025-06-12 10:29:00,26.0
2025-06-12 14:46:00,49.952608030142464
2025-06-12 04:03:00,76.6
2025-06-12 17:00:00,49.952608030142464
2025-06-12 22:27:00,54.7
2025-06-12 03:57:00,31.0
2025-06-12 15:15:00,23.2
2025-06-12 11:34:00,54.5
2025-06-12 02:03:00,20.2
2025-06-12 00:24:00,86.2
2025-06-12 07:00:00,13.0
2025-06-12 08:42:00,49.952608030142464
2025-06-12 02:16:00,9.6
2025-06-12 05:39:00,13.8
2025-06-12 22:42:00,41.6
2025-06-12 18:22:00,88.3
2025-06-12 14:25:00,55.2
2025-06-12 01:18:00,10.6
2025-06-12 04:57:00,92.2
2025-06-12 08:25:00,24.7
2025-06-12 22:59:00,84.6
2025-06-12 05:47:00,7.3
2025-06-12 03:43:00,71.9
2025-06-12 01:02:00,32.1
2025-06-12 23:29:00,32.8
2025-06-12 19:55:00,79.2
2025-06-12 06:18:00,36.4
2025-06-12 17:27:00,96.9
2025-06-12 18:49:00,23.5
2025-06-12 01:36:00,66.1
2025-06-12 15:00:00,15.7
2025-06-12 22:14:00,65.3
2025-06-12 17:54:00,51.9
2025-06-12 18:03:00,68.3
2025-06-12 13:54:00,84.6
2025-06-12 17:35:00,57.9
2025-06-12 17:56:00,15.1
2025-06-12 09:19:00,89.9
2025-06-12 18:08:00,0.9
2025-06-12 18:23:00,3.6
2025-06-12 06:03:00,27.9
2025-06-12 04:50:00,92.1
2025-06-12 19:46:00,1.5
2025-06-12 01:31:00,9.7
2025-06-12 14:17:00,49.952608030142464
2025-06-12 22:40:00,38.0
2025-06-12 04:59:00,69.6
2025-06-12 10:33:00,50.7
2025-06-12 02:45:00,79.3
2025-06-12 04:09:00,93.0
2025-06-12 18:28:00,85.0
2025-06-12 04:30:00,91.7
2025-06-12 20:56:00,82.8
2025-06-12 04:40:00,59.7
2025-06-12 22:45:00,49.952608030142464
2025-06-12 18:46:00,35.0
2025-06-12 18:37:00,58.3
2025-06-12 15:36:00,49.952608030142464
2025-06-12 21:54:00,27.3
2025-06-12 15:14:00,95.1
2025-06-12 09:57:00,83.7
2025-06-12 03:00:00,49.952608030142464
2025-06-12 00:29:00,49.952608030142464
2025-06-12 04:51:00,17.1
2025-06-12 11:44:00,69.0
2025-06-12 11:18:00,58.4
2025-06-12 03:25:00,42.2
2025-06-12 07:41:00,94.8
2025-06-12 22:28:00,66.8
2025-06-12 02:11:00,49.952608030142464
2025-06-12 21:05:00,0.6
2025-06-12 20:36:00,88.9
2025-06-12 17:39:00,87.2
2025-06-12 02:54:00,70.2
2025-06-12 16:29:00,49.952608030142464
2025-06-12 00:58:00,49.952608030142464
2025-06-12 02:08:00,85.1
2025-06-12 19:03:00,48.6
2025-06-12 11:58:00,49.952608030142464
2025-06-12 02:24:00,77.3
2025-06-12 18:59:00,34.5
2025-06-12 15:03:00,88.3
2025-06-12 22:57:00,76.2
2025-06-12 00:05:00,49.952608030142464
2025-06-12 15:44:00,35.7
2025-06-12 11:20:00,25.2
2025-06-12 18:53:00,27.9
2025-06-12 19:47:00,34.1
2025-06-12 12:51:00,27.8
2025-06-12 02:04:00,49.952608030142464
2025-06-12 08:52:00,99.3
2025-06-12 18:27:00,5.0
2025-06-12 22:16:00,49.952608030142464
2025-06-12 20:52:00,49.952608030142464
2025-06-12 01:09:00,87.0
2025-06-12 16:54:00,50.8
2025-06-12 18:39:00,21.5
2025-06-12 22:33:00,42.4
2025-06-12 04:14:00,27.9
2025-06-12 17:01:00,49.952608030142464
2025-06-12 10:05:00,38.2
2025-06-12 19:43:00,49.952608030142464
2025-06-12 02:12:00,4.7
2025-06-12 02:41:00,49.952608030142464
2025-06-12 21:38:00,49.952608030142464
2025-06-12 11:47:00,49.952608030142464
2025-06-12 21:57:00,22.1
2025-06-12 21:09:00,15.5
2025-06-12 08:17:00,6.9
2025-06-12 13:51:00,34.8
2025-06-12 10:32:00,84.7
2025-06-12 16:53:00,95.5
2025-06-12 02:37:00,79.5
2025-06-12 01:30:00,70.2
2025-06-12 15:02:00,0.7
2025-06-12 07:28:00,5.4
2025-06-12 20:35:00,9.6
2025-06-12 05:26:00,10.3
2025-06-12 05:31:00,12.0
2025-06-12 16:07:00,77.6
2025-06-12 04:48:00,10.5
2025-06-12 09:05:00,76.1
2025-06-12 16:24:00,49.952608030142464
2025-06-12 18:56:00,27.2
2025-06-12 10:39:00,85.9
2025-06-12 15:35:00,24.9
2025-06-12 21:25:00,85.1
2025-06-12 00:16:00,5.9
2025-06-12 12:30:00,45.7
2025-06-12 20:19:00,88.0
2025-06-12 12:13:00,49.952608030142464
2025-06-12 17:51:00,84.3
2025-06-12 18:07:00,21.5
2025-06-12 18:48:00,14.2
2025-06-12 20:33:00,3.7
2025-06-12 06:56:00,79.6
2025-06-12 08:22:00,18.7
2025-06-12 02:48:00,20.6
2025-06-12 03:32:00,28.4
2025-06-12 21:18:00,49.952608030142464
2025-06-12 08:14:00,12.2
2025-06-12 03:07:00,47.7
2025-06-12 14:08:00,77.6
2025-06-12 03:52:00,28.1
2025-06-12 03:10:00,61.4
2025-06-12 00:07:00,82.0
2025-06-12 15:39:00,32.9
2025-06-12 09:37:00,97.9
2025-06-12 18:13:00,29.2
2025-06-12 06:41:00,50.21640523646657
2025-06-12 21:30:00,27.3
2025-06-12 16:21:00,50.21640523646657
2025-06-12 17:38:00,50.21640523646657
2025-06-12 17:00:00,40.3
2025-06-12 02:53:00,93.0
2025-06-12 14:21:00,82.4
2025-06-12 05:45:00,29.4
2025-06-12 18:41:00,59.0
2025-06-12 02:41:00,8.2
2025-06-12 19:55:00,64.1
2025-06-12 00:51:00,93.0
2025-06-12 06:36:00,90.5
2025-06-12 21:20:00,26.0
2025-06-12 15:23:00,76.1
2025-06-12 16:55:00,78.8
2025-06-12 21:42:00,69.5
2025-06-12 15:24:00,18.9
2025-06-12 00:19:00,38.3
2025-06-12 15:47:00,7.8
2025-06-12 13:26:00,55.6
2025-06-12 22:17:00,66.5
2025-06-12 04:26:00,18.8
2025-06-12 00:22:00,91.0
2025-06-12 18:10:00,93.6
2025-06-12 22:14:00,50.21640523646657
2025-06-12 15:50:00,50.21640523646657
2025-06-12 21:34:00,92.1
2025-06-12 21:37:00,97.7
2025-06-12 01:38:00,1.4
2025-06-12 01:51:00,36.8
2025-06-12 18:21:00,16.4
2025-06-12 04:32:00,50.21640523646657
2025-06-12 21:55:00,82.9
2025-06-12 04:27:00,76.5
2025-06-12 00:58:00,34.2
2025-06-12 20:08:00,94.4
2025-06-12 20:11:00,50.21640523646657
2025-06-12 10:52:00,80.4
2025-06-12 09:55:00,50.21640523646657
2025-06-12 03:00:00,97.9
2025-06-12 13:29:00,86.4
2025-06-12 00:38:00,76.4
2025-06-12 10:04:00,50.21640523646657
2025-06-12 23:37:00,99.2
2025-06-12 18:39:00,68.1
2025-06-12 20:52:00,4.6
2025-06-12 02:12:00,36.9
2025-06-12 14:03:00,50.21640523646657
2025-06-12 11:03:00,77.8
2025-06-12 08:17:00,11.2
2025-06-12 19:42:00,91.1
2025-06-12 14:37:00,9.6
2025-06-12 13:35:00,50.21640523646657
2025-06-12 06:20:00,26.5
2025-06-12 23:09:00,44.6
2025-06-12 05:23:00,34.4
2025-06-12 03:08:00,36.1
2025-06-12 11:11:00,50.21640523646657
2025-06-12 23:30:00,40.3
2025-06-12 07:41:00,19.0
2025-06-12 15:38:00,52.7
2025-06-12 00:31:00,66.7
2025-06-12 14:33:00,83.1
2025-06-12 03:07:00,16.8
2025-06-12 12:40:00,41.1
2025-06-12 12:20:00,50.21640523646657
2025-06-12 22:13:00,17.1
2025-06-12 08:07:00,55.2
2025-06-12 14:25:00,9.4
2025-06-12 03:19:00,50.21640523646657
2025-06-12 01:02:00,50.21640523646657
2025-06-12 01:10:00,26.8
2025-06-12 11:36:00,50.21640523646657
2025-06-12 23:16:00,70.2
2025-06-12 23:32:00,60.0
2025-06-12 00:03:00,64.0
2025-06-12 00:27:00,31.5
2025-06-12 06:08:00,75.9
2025-06-12 22:53:00,71.5
2025-06-12 09:42:00,92.7
2025-06-12 10:29:00,35.2
2025-06-12 08:24:00,40.8
2025-06-12 22:18:00,46.6
2025-06-12 05:12:00,81.1
2025-06-12 03:14:00,75.1
2025-06-12 23:17:00,50.21640523646657
2025-06-12 21:41:00,50.21640523646657
2025-06-12 11:58:00,50.21640523646657
2025-06-12 19:00:00,54.8
2025-06-12 11:12:00,30.2
2025-06-12 13:36:00,18.8
2025-06-12 18:12:00,13.4
2025-06-12 03:39:00,50.21640523646657
2025-06-12 12:21:00,51.6
2025-06-12 06:59:00,11.9
2025-06-12 06:21:00,30.9
2025-06-12 03:18:00,97.4
2025-06-12 17:18:00,81.8
2025-06-12 19:16:00,70.3
2025-06-12 21:24:00,98.3
2025-06-12 22:51:00,24.6
2025-06-12 10:55:00,30.8
2025-06-12 19:03:00,57.0
2025-06-12 02:03:00,40.0
2025-06-12 16:41:00,30.6
2025-06-12 01:20:00,21.5
2025-06-12 05:14:00,90.3
2025-06-12 13:12:00,23.5
2025-06-12 19:39:00,72.9
2025-06-12 06:28:00,50.21640523646657
2025-06-12 15:54:00,44.3
2025-06-12 16:17:00,60.4
2025-06-12 19:23:00,0.1
2025-06-12 19:25:00,28.9
2025-06-12 16:43:00,50.21640523646657
2025-06-12 11:49:00,36.1
2025-06-12 09:50:00,50.21640523646657
2025-06-12 00:33:00,68.0
2025-06-12 05:09:00,50.21640523646657
2025-06-12 16:48:00,36.0
2025-06-12 18:52:00,97.5
2025-06-12 08:28:00,76.1
2025-06-12 08:09:00,14.6
2025-06-12 11:13:00,10.1
2025-06-12 13:51:00,11.9
2025-06-12 16:53:00,91.6
2025-06-12 01:59:00,56.1
2025-06-12 03:09:00,67.4
2025-06-12 07:36:00,50.21640523646657
2025-06-12 14:12:00,47.6
2025-06-12 11:33:00,12.8
2025-06-12 07:01:00,50.21640523646657
2025-06-12 17:01:00,84.1
2025-06-12 00:05:00,50.21640523646657
2025-06-12 20:21:00,81.4
2025-06-12 08:46:00,94.7
2025-06-12 10:36:00,50.21640523646657
2025-06-12 04:52:00,50.21640523646657
2025-06-12 14:48:00,71.5
2025-06-12 02:17:00,89.6
2025-06-12 16:37:00,51.8
2025-06-12 12:54:00,63.7
2025-06-12 12:04:00,50.21640523646657
2025-06-12 06:46:00,82.2
2025-06-12 13:33:00,59.0
2025-06-12 21:48:00,33.4
2025-06-12 16:27:00,76.2
2025-06-12 03:41:00,27.6
2025-06-12 17:09:00,88.9
2025-06-12 21:18:00,37.4
2025-06-12 16:22:00,61.0
2025-06-12 06:56:00,40.9
2025-06-12 00:30:00,2.6
2025-06-12 14:36:00,82.3
2025-06-12 23:36:00,79.7
2025-06-12 21:16:00,26.5
2025-06-12 08:58:00,50.21640523646657
2025-06-12 22:41:00,58.8
2025-06-12 07:07:00,60.3
2025-06-12 19:11:00,65.2
2025-06-12 06:13:00,50.21640523646657
2025-06-12 03:13:00,24.0
2025-06-12 16:26:00,67.6
2025-06-12 17:46:00,9.4
2025-06-12 04:17:00,22.8
2025-06-12 01:21:00,45.0
2025-06-12 11:07:00,2.1
2025-06-12 01:45:00,42.1
2025-06-12 07:48:00,7.3
2025-06-12 01:32:00,50.21640523646657
2025-06-12 20:31:00,17.7
2025-06-12 05:32:00,13.6
2025-06-12 15:44:00,50.6
2025-06-12 23:27:00,62.6
2025-06-12 09:03:00,97.6
2025-06-12 21:44:00,75.4
2025-06-12 05:44:00,83.1
2025-06-12 02:02:00,96.9
2025-06-12 22:26:00,6.0
2025-06-12 17:58:00,5.8
2025-06-12 03:55:00,24.5
2025-06-12 10:47:00,50.21640523646657
2025-06-12 17:45:00,50.21640523646657
2025-06-12 19:50:00,50.21640523646657
2025-06-12 04:11:00,87.0
2025-06-12 19:35:00,64.1
2025-06-12 09:14:00,38.3
2025-06-12 06:57:00,46.0
2025-06-12 12:24:00,3.6
2025-06-12 05:58:00,24.2
2025-06-12 02:00:00,34.7
2025-06-12 21:52:00,48.9
2025-06-12 15:22:00,72.1
2025-06-12 19:45:00,16.0
2025-06-12 07:57:00,64.3
2025-06-12 08:05:00,78.1
2025-06-12 09:01:00,50.21640523646657
2025-06-12 12:46:00,54.4
2025-06-12 15:30:00,11.4
2025-06-12 18:08:00,85.2
2025-06-12 01:37:00,46.6
2025-06-12 03:35:00,60.1
2025-06-12 09:02:00,18.6
2025-06-12 01:35:00,70.8
2025-06-12 02:52:00,5.4
2025-06-12 23:19:00,31.5
2025-06-12 20:59:00,58.1
2025-06-12 19:36:00,42.8
2025-06-12 01:07:00,46.9
2025-06-12 17:24:00,3.7
2025-06-12 10:31:00,9.8
2025-06-12 05:02:00,98.3
2025-06-12 21:49:00,12.0
2025-06-12 15:29:00,81.3
2025-06-12 03:24:00,97.6
2025-06-12 07:16:00,22.4
2025-06-12 14:34:00,31.6
2025-06-12 19:01:00,50.21640523646657
2025-06-12 21:21:00,76.2
2025-06-12 15:10:00,4.5
2025-06-12 15:59:00,63.9
2025-06-12 13:19:00,41.1
2025-06-12 13:41:00,40.1
2025-06-12 07:09:00,50.21640523646657
2025-06-12 03:56:00,90.4
2025-06-12 02:45:00,99.2
2025-06-12 07:46:00,50.21640523646657
2025-06-12 08:29:00,50.21640523646657
2025-06-12 23:08:00,78.6
2025-06-12 16:09:00,85.4
2025-06-12 11:16:00,32.4
2025-06-12 04:48:00,50.21640523646657
2025-06-12 09:48:00,28.0
2025-06-12 03:21:00,55.7
2025-06-12 04:25:00,50.21640523646657
2025-06-12 07:03:00,93.4
2025-06-12 21:22:00,86.8
2025-06-12 09:13:00,96.3
2025-06-12 16:56:00,30.3
2025-06-12 21:59:00,19.1
2025-06-12 22:09:00,50.21640523646657
2025-06-12 22:23:00,77.9
2025-06-12 12:06:00,50.21640523646657
2025-06-12 07:28:00,25.0
2025-06-12 13:52:00,80.2
2025-06-12 00:52:00,32.2
2025-06-12 22:42:00,54.1
2025-06-12 17:20:00,3.4
2025-06-12 17:56:00,51.7
2025-06-12 08:12:00,50.21640523646657
2025-06-12 21:15:00,91.0
2025-06-12 09:52:00,19.6
2025-06-12 23:41:00,50.9
2025-06-12 05:10:00,87.8
2025-06-12 00:44:00,50.21640523646657
2025-06-12 12:48:00,60.1
2025-06-12 11:56:00,34.5
2025-06-12 12:01:00,70.1
2025-06-12 20:51:00,54.3
2025-06-12 08:59:00,61.1
2025-06-12 20:46:00,71.7
2025-06-12 14:13:00,46.5
2025-06-12 17:22:00,92.7
2025-06-12 09:33:00,81.4
2025-06-12 17:53:00,76.0
2025-06-12 17:39:00,92.6
2025-06-12 20:24:00,40.5
2025-06-12 19:59:00,79.2
2025-06-12 23:42:00,45.0
2025-06-12 18:16:00,17.0
2025-06-12 01:52:00,42.6
2025-06-12 10:23:00,42.7
2025-06-12 06:23:00,21.0
2025-06-12 06:12:00,56.1
2025-06-12 19:51:00,50.21640523646657
2025-06-12 22:44:00,50.21640523646657
2025-06-12 04:33:00,46.2
2025-06-12 18:47:00,91.5
2025-06-12 23:52:00,34.9
2025-06-12 00:35:00,90.2
2025-06-12 16:24:00,28.1
2025-06-12 02:56:00,22.1
2025-06-12 01:47:00,13.3
2025-06-12 01:26:00,92.2
2025-06-12 10:01:00,66.6
2025-06-12 18:56:00,4.9
2025-06-12 18:38:00,62.5
2025-06-12 10:11:00,39.0
2025-06-12 13:39:00,50.21640523646657
2025-06-12 00:40:00,14.7
2025-06-12 15:27:00,56.6
2025-06-12 22:00:00,66.8
2025-06-12 09:36:00,92.5
2025-06-12 02:40:00,22.3
2025-06-12 06:49:00,61.0
2025-06-12 11:17:00,59.7
2025-06-12 23:18:00,32.0
2025-06-12 18:42:00,3.4
2025-06-12 09:45:00,63.7
2025-06-12 21:31:00,8.0
2025-06-12 02:22:00,90.9
2025-06-12 15:16:00,49.70408187272085
2025-06-12 21:16:00,98.2
2025-06-12 14:06:00,93.2
2025-06-12 08:28:00,77.3
2025-06-12 04:54:00,31.3
2025-06-12 02:49:00,19.7
2025-06-12 02:08:00,49.70408187272085
2025-06-12 00:32:00,22.6
2025-06-12 04:47:00,80.3
2025-06-12 13:18:00,44.9
2025-06-12 15:06:00,79.1
2025-06-12 04:15:00,66.0
2025-06-12 23:13:00,72.8
2025-06-12 05:30:00,94.4
2025-06-12 13:56:00,80.3
2025-06-12 17:18:00,57.9
2025-06-12 10:58:00,56.4
2025-06-12 06:52:00,49.70408187272085
2025-06-12 16:32:00,49.9
2025-06-12 22:23:00,97.5
2025-06-12 19:41:00,55.6
2025-06-12 21:41:00,49.70408187272085
2025-06-12 10:55:00,3.9
2025-06-12 14:40:00,46.0
2025-06-12 18:35:00,8.8
2025-06-12 14:10:00,77.6
2025-06-12 20:28:00,58.3
2025-06-12 11:02:00,72.7
2025-06-12 03:31:00,64.3
2025-06-12 07:37:00,49.70408187272085
2025-06-12 23:02:00,10.4
2025-06-12 08:04:00,75.1
2025-06-12 10:51:00,70.3
2025-06-12 21:18:00,9.5
2025-06-12 15:48:00,60.5
2025-06-12 10:26:00,49.70408187272085
2025-06-12 19:24:00,97.1
2025-06-12 20:58:00,49.70408187272085
2025-06-12 21:56:00,43.9
2025-06-12 20:21:00,32.1
2025-06-12 03:42:00,31.1
2025-06-12 15:10:00,29.0
2025-06-12 21:22:00,32.2
2025-06-12 03:06:00,49.70408187272085
2025-06-12 04:00:00,4.4
2025-06-12 08:37:00,20.5
2025-06-12 12:57:00,51.7
2025-06-12 19:53:00,24.5
2025-06-12 03:50:00,56.0
2025-06-12 04:56:00,9.8
2025-06-12 05:53:00,76.7
2025-06-12 19:29:00,49.3
2025-06-12 16:24:00,82.9
2025-06-12 09:39:00,92.2
2025-06-12 10:41:00,49.70408187272085
2025-06-12 05:19:00,46.1
2025-06-12 19:59:00,78.5
2025-06-12 14:12:00,49.70408187272085
2025-06-12 14:16:00,78.4
2025-06-12 02:40:00,49.70408187272085
2025-06-12 00:46:00,56.2
2025-06-12 22:31:00,96.1
2025-06-12 05:08:00,19.7
2025-06-12 04:01:00,14.7
2025-06-12 15:30:00,36.8
2025-06-12 02:38:00,55.1
2025-06-12 20:17:00,96.1
2025-06-12 02:59:00,86.0
2025-06-12 09:46:00,94.7
2025-06-12 14:22:00,46.8
2025-06-12 01:07:00,50.0
2025-06-12 00:37:00,49.70408187272085
2025-06-12 12:53:00,10.3
2025-06-12 23:46:00,47.9
2025-06-12 13:05:00,0.6
2025-06-12 18:19:00,35.1
2025-06-12 04:57:00,22.2
2025-06-12 04:31:00,42.4
2025-06-12 20:25:00,73.7
2025-06-12 23:05:00,89.1
2025-06-12 07:12:00,71.3
2025-06-12 03:20:00,43.0
2025-06-12 18:00:00,91.4
2025-06-12 22:17:00,58.8
2025-06-12 14:43:00,49.70408187272085
2025-06-12 23:40:00,26.7
2025-06-12 05:54:00,8.3
2025-06-12 03:24:00,64.3
2025-06-12 17:29:00,49.70408187272085
2025-06-12 12:54:00,64.8
2025-06-12 13:22:00,49.70408187272085
2025-06-12 21:49:00,64.6
2025-06-12 06:05:00,65.6
2025-06-12 03:29:00,49.70408187272085
2025-06-12 23:21:00,49.70408187272085
2025-06-12 05:05:00,81.4
2025-06-12 23:25:00,27.7
2025-06-12 13:52:00,35.1
2025-06-12 06:40:00,61.2
2025-06-12 21:51:00,56.7
2025-06-12 17:22:00,47.0
2025-06-12 13:36:00,31.3
2025-06-12 21:29:00,28.8
2025-06-12 20:36:00,48.0
2025-06-12 12:16:00,3.0
2025-06-12 21:08:00,78.2
2025-06-12 12:50:00,81.0
2025-06-12 14:27:00,97.6
2025-06-12 04:40:00,77.5
2025-06-12 13:33:00,54.3
2025-06-12 20:07:00,17.5
2025-06-12 16:37:00,72.9
2025-06-12 18:32:00,88.4
2025-06-12 20:13:00,49.70408187272085
2025-06-12 00:56:00,0.5
2025-06-12 07:39:00,35.1
2025-06-12 03:16:00,56.8
2025-06-12 12:10:00,90.3
2025-06-12 22:56:00,49.70408187272085
2025-06-12 03:47:00,49.70408187272085
2025-06-12 20:01:00,23.8
2025-06-12 19:13:00,87.9
2025-06-12 06:41:00,49.70408187272085
2025-06-12 03:26:00,67.9
2025-06-12 22:48:00,50.6
2025-06-12 15:32:00,61.3
2025-06-12 08:15:00,74.5
2025-06-12 21:54:00,19.6
2025-06-12 04:14:00,91.0
2025-06-12 21:58:00,49.70408187272085
2025-06-12 23:35:00,49.70408187272085
2025-06-12 20:16:00,12.5
2025-06-12 03:59:00,19.3
2025-06-12 08:26:00,49.70408187272085
2025-06-12 03:12:00,47.3
2025-06-12 14:11:00,61.5
2025-06-12 13:04:00,5.3
2025-06-12 22:33:00,50.6
2025-06-12 01:05:00,82.6
2025-06-12 09:04:00,66.8
2025-06-12 12:52:00,49.70408187272085
2025-06-12 18:16:00,47.9
2025-06-12 03:44:00,63.8
2025-06-12 13:35:00,34.9
2025-06-12 15:23:00,86.2
2025-06-12 15:27:00,41.1
2025-06-12 02:03:00,0.8
2025-06-12 07:09:00,56.8
2025-06-12 10:09:00,31.1
2025-06-12 10:18:00,50.3
2025-06-12 06:21:00,96.0
2025-06-12 19:23:00,43.7
2025-06-12 15:29:00,49.70408187272085
2025-06-12 00:45:00,49.70408187272085
2025-06-12 04:48:00,24.9
2025-06-12 07:44:00,9.7
2025-06-12 05:52:00,31.8
2025-06-12 23:14:00,2.6
2025-06-12 04:24:00,49.70408187272085
2025-06-12 05:18:00,54.7
2025-06-12 05:07:00,76.4
2025-06-12 03:37:00,49.6
2025-06-12 13:47:00,63.6
2025-06-12 18:36:00,67.8
2025-06-12 06:29:00,56.0
2025-06-12 04:06:00,91.1
2025-06-12 03:49:00,61.9
2025-06-12 17:36:00,18.7
2025-06-12 00:59:00,77.3
2025-06-12 11:20:00,58.7
2025-06-12 07:11:00,29.1
2025-06-12 06:04:00,56.9
2025-06-12 22:18:00,13.5
2025-06-12 22:26:00,24.6
2025-06-12 01:58:00,49.70408187272085
2025-06-12 03:51:00,34.0
2025-06-12 22:44:00,2.6
2025-06-12 23:52:00,20.7
2025-06-12 05:09:00,1.9
2025-06-12 12:44:00,82.4
2025-06-12 01:53:00,10.7
2025-06-12 04:23:00,49.70408187272085
2025-06-12 05:33:00,61.2
2025-06-12 13:14:00,3.2
2025-06-12 22:50:00,49.70408187272085
2025-06-12 06:23:00,90.1
2025-06-12 07:21:00,4.5
2025-06-12 11:15:00,49.70408187272085
2025-06-12 20:48:00,19.9
2025-06-12 19:43:00,49.70408187272085
2025-06-12 07:50:00,25.2
2025-06-12 17:39:00,27.3
2025-06-12 06:22:00,16.6
2025-06-12 17:21:00,39.7
2025-06-12 06:31:00,34.8
2025-06-12 08:57:00,87.2
2025-06-12 20:20:00,49.70408187272085
2025-06-12 14:58:00,37.2
2025-06-12 16:14:00,34.2
2025-06-12 09:07:00,6.8
2025-06-12 06:59:00,88.6
2025-06-12 01:45:00,49.70408187272085
2025-06-12 17:25:00,33.1
2025-06-12 06:12:00,49.70408187272085
2025-06-12 12:40:00,70.5
2025-06-12 17:17:00,85.6
2025-06-12 18:51:00,13.3
2025-06-12 08:29:00,49.70408187272085
2025-06-12 08:16:00,26.0
2025-06-12 18:38:00,8.8
2025-06-12 12:34:00,42.8
2025-06-12 11:57:00,73.4
2025-06-12 10:21:00,60.0
2025-06-12 01:20:00,28.4
2025-06-12 00:03:00,89.4
2025-06-12 03:35:00,76.9
2025-06-12 18:15:00,58.6
2025-06-12 20:59:00,59.1
2025-06-12 17:52:00,22.7
2025-06-12 18:47:00,7.3
2025-06-12 02:54:00,33.2
2025-06-12 17:04:00,28.8
2025-06-12 17:43:00,49.70408187272085
2025-06-12 23:36:00,64.3
2025-06-12 05:14:00,14.8
2025-06-12 00:12:00,35.8
2025-06-12 00:14:00,49.70408187272085
2025-06-12 01:50:00,18.1
2025-06-12 03:25:00,19.0
2025-06-12 15:55:00,6.2
2025-06-12 11:51:00,10.1
2025-06-12 13:17:00,47.4
2025-06-12 04:35:00,53.5
2025-06-12 01:48:00,83.2
2025-06-12 11:44:00,16.9
2025-06-12 22:38:00,2.4
2025-06-12 12:00:00,27.3
2025-06-12 06:03:00,75.6
2025-06-12 19:15:00,49.70408187272085
2025-06-12 01:10:00,49.70408187272085
2025-06-12 16:01:00,13.1
2025-06-12 10:06:00,22.5
2025-06-12 13:29:00,40.6
2025-06-12 04:28:00,3.8
2025-06-12 17:45:00,51.3
2025-06-12 14:57:00,26.1
2025-06-12 21:26:00,7.9
2025-06-12 07:41:00,49.70408187272085
2025-06-12 16:38:00,79.6
2025-06-12 03:23:00,49.70408187272085
2025-06-12 15:34:00,4.9
2025-06-12 02:13:00,73.2
2025-06-12 18:25:00,0.2
2025-06-12 18:58:00,15.7
2025-06-12 09:55:00,85.3
2025-06-12 00:30:00,33.3
2025-06-12 04:43:00,55.9
2025-06-12 16:26:00,68.9
2025-06-12 12:36:00,87.1
2025-06-12 16:55:00,92.2
2025-06-12 22:08:00,92.3
2025-06-12 08:08:00,15.3
2025-06-12 06:01:00,94.4
2025-06-12 08:19:00,55.7
2025-06-12 18:43:00,69.1
2025-06-12 08:56:00,84.0
2025-06-12 08:48:00,91.0
2025-06-12 04:37:00,1.6
2025-06-12 04:30:00,55.7
2025-06-12 01:17:00,49.70408187272085
2025-06-12 06:57:00,88.9
2025-06-12 16:36:00,8.8
2025-06-12 00:40:00,56.4
2025-06-12 16:35:00,13.9
2025-06-12 22:21:00,23.8
2025-06-12 22:35:00,14.9
2025-06-12 04:51:00,39.6
2025-06-12 14:04:00,49.3
2025-06-12 16:16:00,49.70408187272085
2025-06-12 16:54:00,59.6
2025-06-12 17:31:00,4.2
2025-06-12 02:50:00,9.9
2025-06-12 13:39:00,49.70408187272085
2025-06-12 14:14:00,4.8
2025-06-12 08:32:00,59.4
2025-06-12 03:14:00,58.1
2025-06-12 17:35:00,50.4
2025-06-12 22:42:00,15.6
2025-06-12 18:37:00,6.2
2025-06-12 20:34:00,59.0
2025-06-12 22:40:00,38.4
2025-06-12 14:18:00,58.7
2025-06-12 08:41:00,85.8
2025-06-12 00:35:00,85.6
2025-06-12 09:40:00,15.3
2025-06-12 23:08:00,14.1
2025-06-12 07:05:00,32.2
2025-06-12 15:41:00,98.8
2025-06-12 22:03:00,62.3
2025-06-12 02:46:00,50.1110094970102
2025-06-12 16:43:00,50.1110094970102
2025-06-12 13:37:00,64.2
2025-06-12 19:28:00,50.1110094970102
2025-06-12 15:35:00,77.9
2025-06-12 08:56:00,83.3
2025-06-12 02:19:00,67.8
2025-06-12 01:07:00,17.3
2025-06-12 13:45:00,73.5
2025-06-12 09:56:00,85.6
2025-06-12 19:25:00,82.4
2025-06-12 04:16:00,24.0
2025-06-12 09:21:00,68.8
2025-06-12 19:13:00,9.4
2025-06-12 06:48:00,47.8
2025-06-12 09:04:00,50.1110094970102
2025-06-12 23:47:00,99.5
2025-06-12 09:07:00,52.3
2025-06-12 17:24:00,94.4
2025-06-12 14:16:00,81.0
2025-06-12 02:12:00,19.3
2025-06-12 19:54:00,3.5
2025-06-12 21:21:00,32.3
2025-06-12 07:37:00,50.1110094970102
2025-06-12 16:17:00,16.4
2025-06-12 11:11:00,68.0
2025-06-12 13:36:00,58.4
2025-06-12 22:42:00,92.1
2025-06-12 02:16:00,1.6
2025-06-12 09:53:00,80.8
2025-06-12 09:29:00,27.4
2025-06-12 21:54:00,99.2
2025-06-12 08:02:00,93.1
2025-06-12 01:53:00,94.2
2025-06-12 04:57:00,50.1110094970102
2025-06-12 14:47:00,50.1110094970102
2025-06-12 03:47:00,25.6
2025-06-12 10:31:00,87.9
2025-06-12 08:23:00,50.1110094970102
2025-06-12 21:32:00,47.1
2025-06-12 06:53:00,35.8
2025-06-12 08:58:00,40.1
2025-06-12 03:44:00,50.1110094970102
2025-06-12 23:22:00,41.0
2025-06-12 00:38:00,21.1
2025-06-12 20:53:00,99.1
2025-06-12 05:31:00,50.1110094970102
2025-06-12 04:04:00,34.8
2025-06-12 12:30:00,61.3
2025-06-12 08:53:00,35.0
2025-06-12 12:54:00,78.8
2025-06-12 12:06:00,18.2
2025-06-12 10:09:00,94.1
2025-06-12 16:31:00,12.2
2025-06-12 18:42:00,50.1110094970102
2025-06-12 01:47:00,50.1110094970102
2025-06-12 03:49:00,58.0
2025-06-12 19:31:00,59.0
2025-06-12 15:03:00,52.4
2025-06-12 20:19:00,86.4
2025-06-12 18:16:00,15.5
2025-06-12 12:29:00,4.5
2025-06-12 13:06:00,35.3
2025-06-12 23:02:00,50.1110094970102
2025-06-12 19:48:00,81.9
2025-06-12 14:39:00,92.1
2025-06-12 00:37:00,41.0
2025-06-12 00:40:00,41.6
2025-06-12 16:30:00,33.7
2025-06-12 06:06:00,50.1110094970102
2025-06-12 16:07:00,37.1
2025-06-12 15:55:00,21.8
2025-06-12 01:40:00,60.2
2025-06-12 18:41:00,74.0
2025-06-12 14:30:00,30.1
2025-06-12 12:43:00,50.1110094970102
2025-06-12 09:57:00,24.0
2025-06-12 11:00:00,26.0
2025-06-12 11:12:00,50.1110094970102
2025-06-12 02:37:00,78.5
2025-06-12 08:51:00,23.8
2025-06-12 14:35:00,93.8
2025-06-12 12:24:00,75.4
2025-06-12 06:34:00,62.4
2025-06-12 14:09:00,79.6
2025-06-12 23:13:00,50.1110094970102
2025-06-12 12:49:00,61.8
2025-06-12 13:04:00,85.7
2025-06-12 23:59:00,31.5
2025-06-12 00:11:00,95.6
2025-06-12 01:39:00,17.6
2025-06-12 01:10:00,14.7
2025-06-12 10:59:00,50.1110094970102
2025-06-12 09:08:00,74.0
2025-06-12 10:00:00,10.8
2025-06-12 10:14:00,17.9
2025-06-12 04:32:00,27.9
2025-06-12 09:02:00,81.6
2025-06-12 14:32:00,69.2
2025-06-12 08:59:00,60.8
2025-06-12 11:51:00,52.7
2025-06-12 09:41:00,76.2
2025-06-12 00:03:00,21.9
2025-06-12 05:02:00,11.0
2025-06-12 19:12:00,93.4
2025-06-12 14:04:00,50.1110094970102
2025-06-12 15:59:00,21.8
2025-06-12 09:24:00,84.0
2025-06-12 11:33:00,84.7
2025-06-12 03:46:00,62.5
2025-06-12 11:42:00,99.8
2025-06-12 00:13:00,13.4
2025-06-12 17:47:00,14.9
2025-06-12 11:52:00,29.7
2025-06-12 12:57:00,78.3
2025-06-12 15:18:00,94.4
2025-06-12 23:26:00,6.2
2025-06-12 07:08:00,90.3
2025-06-12 14:10:00,93.0
2025-06-12 13:55:00,31.4
2025-06-12 17:46:00,15.6
2025-06-12 11:39:00,50.1110094970102
2025-06-12 02:20:00,3.3
2025-06-12 02:31:00,81.9
2025-06-12 21:11:00,36.5
2025-06-12 07:43:00,69.8
2025-06-12 12:05:00,44.1
2025-06-12 15:21:00,15.8
2025-06-12 23:09:00,7.3
2025-06-12 12:19:00,77.2
2025-06-12 21:56:00,59.1
2025-06-12 14:06:00,88.3
2025-06-12 02:39:00,0.4
2025-06-12 08:07:00,77.3
2025-06-12 01:31:00,50.1110094970102
2025-06-12 00:56:00,35.7
2025-06-12 09:17:00,50.1110094970102
2025-06-12 08:20:00,70.5
2025-06-12 18:28:00,40.9
2025-06-12 11:48:00,21.3
2025-06-12 23:37:00,35.1
2025-06-12 20:36:00,1.8
2025-06-12 14:52:00,50.1110094970102
2025-06-12 20:46:00,61.0
2025-06-12 09:03:00,68.8
2025-06-12 12:01:00,54.3
2025-06-12 01:43:00,38.1
2025-06-12 06:30:00,58.9
2025-06-12 00:29:00,50.1110094970102
2025-06-12 09:28:00,83.0
2025-06-12 07:42:00,50.1110094970102
2025-06-12 23:11:00,41.1
2025-06-12 23:39:00,77.4
2025-06-12 12:58:00,76.5
2025-06-12 01:28:00,63.3
2025-06-12 23:29:00,50.1110094970102
2025-06-12 23:15:00,74.0
2025-06-12 11:53:00,31.4
2025-06-12 02:01:00,10.2
2025-06-12 04:13:00,69.4
2025-06-12 01:27:00,73.9
2025-06-12 03:29:00,50.4
2025-06-12 21:04:00,25.0
2025-06-12 22:20:00,14.8
2025-06-12 08:41:00,66.5
2025-06-12 05:51:00,94.7
2025-06-12 05:28:00,40.7
2025-06-12 12:03:00,47.4
2025-06-12 12:08:00,21.9
2025-06-12 18:18:00,93.8
2025-06-12 21:46:00,74.8
2025-06-12 13:54:00,22.4
2025-06-12 15:56:00,25.8
2025-06-12 06:43:00,50.1110094970102
2025-06-12 10:19:00,40.9
2025-06-12 21:26:00,38.4
2025-06-12 15:49:00,50.1110094970102
2025-06-12 03:42:00,70.7
2025-06-12 11:13:00,21.1
2025-06-12 16:45:00,39.4
2025-06-12 14:38:00,70.1
2025-06-12 15:34:00,62.8
2025-06-12 10:21:00,49.3
2025-06-12 07:24:00,48.1
2025-06-12 23:40:00,62.2
2025-06-12 08:18:00,67.8
2025-06-12 08:43:00,4.5
2025-06-12 03:05:00,45.3
2025-06-12 00:44:00,7.6
2025-06-12 03:37:00,42.2
2025-06-12 22:26:00,97.4
2025-06-12 10:18:00,66.8
2025-06-12 22:13:00,27.9
2025-06-12 23:28:00,28.0
2025-06-12 04:56:00,19.1
2025-06-12 16:21:00,14.5
2025-06-12 23:36:00,50.1110094970102
2025-06-12 16:06:00,40.5
2025-06-12 08:19:00,24.5
2025-06-12 02:21:00,0.4
2025-06-12 10:10:00,94.4
2025-06-12 23:53:00,29.2
2025-06-12 18:20:00,61.5
2025-06-12 12:48:00,79.4
2025-06-12 15:12:00,50.1110094970102
2025-06-12 21:42:00,15.8
2025-06-12 03:32:00,97.4
2025-06-12 00:23:00,72.6
2025-06-12 13:12:00,4.7
2025-06-12 06:12:00,11.5
2025-06-12 03:31:00,86.8
2025-06-12 11:15:00,94.7
2025-06-12 09:23:00,81.0
2025-06-12 10:38:00,69.1
2025-06-12 11:46:00,50.1110094970102
2025-06-12 10:13:00,73.9
2025-06-12 05:50:00,17.4
2025-06-12 14:57:00,50.1110094970102
2025-06-12 14:36:00,16.7
2025-06-12 17:58:00,46.3
2025-06-12 09:11:00,50.1110094970102
2025-06-12 12:20:00,17.7
2025-06-12 09:22:00,26.2
2025-06-12 14:50:00,42.8
2025-06-12 04:54:00,38.5
2025-06-12 14:58:00,37.0
2025-06-12 16:47:00,69.4
2025-06-12 17:02:00,50.1110094970102
2025-06-12 20:00:00,47.9
2025-06-12 13:38:00,50.1110094970102
2025-06-12 14:28:00,71.0
2025-06-12 02:47:00,40.6
2025-06-12 16:34:00,6.7
2025-06-12 19:07:00,50.1110094970102
2025-06-12 23:03:00,12.0
2025-06-12 08:08:00,18.6
2025-06-12 11:59:00,86.4
2025-06-12 16:20:00,81.3
2025-06-12 17:34:00,50.1110094970102
2025-06-12 10:08:00,48.0
2025-06-12 00:21:00,97.4
2025-06-12 06:25:00,13.2
2025-06-12 19:24:00,71.0
2025-06-12 13:44:00,28.2
2025-06-12 04:48:00,64.7
2025-06-12 22:47:00,49.0
2025-06-12 16:32:00,50.1110094970102
2025-06-12 02:18:00,32.5
2025-06-12 16:22:00,40.8
2025-06-12 18:47:00,19.2
2025-06-12 12:25:00,50.1110094970102
2025-06-12 03:56:00,2.5
2025-06-12 06:39:00,50.1110094970102
2025-06-12 21:12:00,89.1
2025-06-12 14:59:00,46.9
2025-06-12 04:12:00,50.1110094970102
2025-06-12 09:37:00,51.2
2025-06-12 20:49:00,40.7
2025-06-12 05:10:00,47.5
2025-06-12 21:51:00,50.1110094970102
2025-06-12 22:58:00,20.8
2025-06-12 23:00:00,50.0
2025-06-12 01:41:00,51.8
2025-06-12 17:26:00,99.8
2025-06-12 15:17:00,1.1
2025-06-12 09:39:00,41.8
2025-06-12 10:50:00,36.2
2025-06-12 16:44:00,87.4
2025-06-12 18:01:00,82.9
2025-06-12 05:33:00,34.5
2025-06-12 02:53:00,99.5
2025-06-12 17:40:00,7.6
2025-06-12 16:58:00,61.5
2025-06-12 06:40:00,50.1110094970102
2025-06-12 05:59:00,12.2
2025-06-12 00:53:00,88.9
2025-06-12 02:33:00,64.0
2025-06-12 01:19:00,0.9
2025-06-12 20:21:00,97.0
2025-06-12 15:40:00,55.7
2025-06-12 11:50:00,50.1110094970102
2025-06-12 02:59:00,86.5
2025-06-12 11:58:00,65.1
2025-06-12 12:41:00,50.1110094970102
2025-06-12 20:51:00,19.6
2025-06-12 01:49:00,36.8
2025-06-12 16:10:00,7.8
2025-06-12 20:55:00,37.4
2025-06-12 01:52:00,4.5
2025-06-12 18:31:00,50.1110094970102
2025-06-12 15:45:00,50.1110094970102
2025-06-12 01:37:00,50.1110094970102
2025-06-12 19:41:00,10.2
2025-06-12 06:07:00,47.1
2025-06-12 01:02:00,69.4
2025-06-12 01:46:00,16.4
2025-06-12 00:27:00,18.4
2025-06-12 04:11:00,9.7
2025-06-12 05:18:00,31.3
2025-06-12 05:26:00,94.9
2025-06-12 22:34:00,50.1110094970102
2025-06-12 07:19:00,50.1110094970102
2025-06-12 17:23:00,20.6
2025-06-12 17:10:00,11.9
2025-06-12 17:10:00,37.4
2025-06-12 08:43:00,6.5
2025-06-12 16:45:00,4.8
2025-06-12 04:00:00,9.4
2025-06-12 16:44:00,12.5
2025-06-12 00:56:00,32.0
2025-06-12 12:35:00,64.1
2025-06-12 20:15:00,87.9
2025-06-12 16:48:00,38.2
2025-06-12 20:16:00,27.5
2025-06-12 21:46:00,50.26990393626991
2025-06-12 16:14:00,28.0
2025-06-12 14:38:00,50.26990393626991
2025-06-12 23:20:00,83.9
2025-06-12 10:55:00,50.26990393626991
2025-06-12 16:42:00,59.8
2025-06-12 17:20:00,40.5
2025-06-12 10:11:00,6.6
2025-06-12 21:07:00,0.1
2025-06-12 08:32:00,29.0
2025-06-12 22:31:00,76.5
2025-06-12 14:44:00,51.3
2025-06-12 05:01:00,50.26990393626991
2025-06-12 03:38:00,50.26990393626991
2025-06-12 17:44:00,50.26990393626991
2025-06-12 05:23:00,65.1
2025-06-12 01:04:00,72.9
2025-06-12 11:54:00,29.2
2025-06-12 05:59:00,71.5
2025-06-12 22:59:00,10.8
2025-06-12 02:00:00,60.8
2025-06-12 14:06:00,11.1
2025-06-12 00:54:00,50.26990393626991
2025-06-12 20:54:00,16.6
2025-06-12 09:32:00,35.5
2025-06-12 13:03:00,30.5
2025-06-12 22:34:00,22.3
2025-06-12 00:38:00,24.8
2025-06-12 06:27:00,9.5
2025-06-12 02:54:00,50.26990393626991
2025-06-12 03:22:00,24.2
2025-06-12 01:47:00,69.0
2025-06-12 06:12:00,25.1
2025-06-12 05:45:00,50.26990393626991
2025-06-12 14:42:00,95.5
2025-06-12 22:11:00,46.3
2025-06-12 16:38:00,10.6
2025-06-12 20:24:00,66.0
2025-06-12 13:35:00,1.7
2025-06-12 11:41:00,30.1
2025-06-12 09:51:00,19.9
2025-06-12 17:05:00,6.4
2025-06-12 01:55:00,32.4
2025-06-12 00:55:00,49.6
2025-06-12 08:35:00,1.4
2025-06-12 12:12:00,68.0
2025-06-12 00:36:00,79.9
2025-06-12 20:43:00,23.5
2025-06-12 10:30:00,29.9
2025-06-12 06:54:00,21.0
2025-06-12 02:33:00,80.0
2025-06-12 20:31:00,21.0
2025-06-12 09:55:00,83.0
2025-06-12 12:10:00,73.8
2025-06-12 04:49:00,50.26990393626991
2025-06-12 20:02:00,25.7
2025-06-12 22:04:00,50.26990393626991
2025-06-12 12:38:00,18.0
2025-06-12 12:53:00,98.0
2025-06-12 07:12:00,96.1
2025-06-12 17:47:00,7.9
2025-06-12 23:04:00,49.0
2025-06-12 07:00:00,57.5
2025-06-12 01:36:00,68.2
2025-06-12 09:43:00,50.26990393626991
2025-06-12 08:45:00,50.26990393626991
2025-06-12 11:11:00,72.2
2025-06-12 06:44:00,22.4
2025-06-12 12:28:00,92.9
2025-06-12 00:08:00,20.0
2025-06-12 20:11:00,16.6
2025-06-12 17:45:00,88.5
2025-06-12 11:21:00,52.1
2025-06-12 09:18:00,8.0
2025-06-12 16:55:00,63.9
2025-06-12 04:41:00,2.8
2025-06-12 03:07:00,50.26990393626991
2025-06-12 18:10:00,7.4
2025-06-12 09:04:00,21.1
2025-06-12 19:56:00,70.5
2025-06-12 06:46:00,85.2
2025-06-12 10:34:00,50.26990393626991
2025-06-12 03:26:00,63.0
2025-06-12 15:24:00,62.0
2025-06-12 21:16:00,96.9
2025-06-12 17:41:00,96.7
2025-06-12 21:45:00,73.8
2025-06-12 22:25:00,33.4
2025-06-12 14:29:00,82.9
2025-06-12 21:11:00,8.5
2025-06-12 10:48:00,57.1
2025-06-12 12:15:00,95.4
2025-06-12 21:27:00,50.26990393626991
2025-06-12 15:02:00,5.8
2025-06-12 04:19:00,18.8
2025-06-12 08:41:00,98.6
2025-06-12 11:53:00,27.6
2025-06-12 11:50:00,94.7
2025-06-12 08:09:00,82.6
2025-06-12 00:53:00,21.7
2025-06-12 18:22:00,78.2
2025-06-12 21:13:00,50.26990393626991
2025-06-12 00:30:00,50.26990393626991
2025-06-12 06:53:00,65.3
2025-06-12 00:32:00,65.5
2025-06-12 13:09:00,69.8
2025-06-12 10:03:00,62.0
2025-06-12 05:32:00,41.5
2025-06-12 15:28:00,50.6
2025-06-12 14:37:00,13.2
2025-06-12 06:22:00,61.8
2025-06-12 08:10:00,49.3
2025-06-12 14:49:00,49.0
2025-06-12 05:28:00,50.26990393626991
2025-06-12 14:21:00,23.4
2025-06-12 11:17:00,65.2
2025-06-12 04:15:00,8.4
2025-06-12 10:57:00,6.0
2025-06-12 12:22:00,18.7
2025-06-12 19:36:00,87.1
2025-06-12 08:53:00,38.7
2025-06-12 10:25:00,35.6
2025-06-12 05:08:00,89.0
2025-06-12 16:58:00,16.8
2025-06-12 00:39:00,8.9
2025-06-12 02:35:00,94.7
2025-06-12 11:25:00,36.9
2025-06-12 09:03:00,50.26990393626991
2025-06-12 14:25:00,60.2
2025-06-12 11:56:00,38.8
2025-06-12 14:10:00,14.8
2025-06-12 16:09:00,21.2
2025-06-12 11:38:00,22.7
2025-06-12 01:18:00,35.9
2025-06-12 01:10:00,16.0
2025-06-12 01:44:00,52.5
2025-06-12 23:58:00,76.5
2025-06-12 02:03:00,44.2
2025-06-12 22:52:00,86.3
2025-06-12 02:21:00,32.3
2025-06-12 08:13:00,93.0
2025-06-12 12:49:00,50.26990393626991
2025-06-12 11:12:00,53.5
2025-06-12 22:56:00,11.7
2025-06-12 16:49:00,54.2
2025-06-12 17:33:00,50.26990393626991
2025-06-12 00:04:00,18.9
2025-06-12 10:15:00,20.2
2025-06-12 03:44:00,52.0
2025-06-12 01:52:00,5.1
2025-06-12 18:11:00,46.8
2025-06-12 13:17:00,14.4
2025-06-12 20:40:00,15.8
2025-06-12 14:41:00,66.5
2025-06-12 06:10:00,80.1
2025-06-12 02:44:00,20.3
2025-06-12 05:16:00,50.26990393626991
2025-06-12 20:35:00,90.6
2025-06-12 13:00:00,49.2
2025-06-12 10:58:00,10.8
2025-06-12 10:52:00,88.6
2025-06-12 13:14:00,98.4
2025-06-12 14:00:00,18.1
2025-06-12 18:32:00,24.4
2025-06-12 20:49:00,3.7
2025-06-12 18:49:00,62.9
2025-06-12 01:45:00,67.8
2025-06-12 01:30:00,17.4
2025-06-12 03:50:00,30.0
2025-06-12 16:05:00,28.2
2025-06-12 08:31:00,60.1
2025-06-12 10:16:00,50.26990393626991
2025-06-12 19:53:00,81.2
2025-06-12 16:00:00,38.6
2025-06-12 16:27:00,71.3
2025-06-12 05:30:00,50.26990393626991
2025-06-12 05:38:00,99.0
2025-06-12 02:05:00,56.6
2025-06-12 08:07:00,26.2
2025-06-12 10:18:00,99.2
2025-06-12 04:09:00,67.8
2025-06-12 05:54:00,50.26990393626991
2025-06-12 13:11:00,18.2
2025-06-12 17:30:00,18.6
2025-06-12 02:42:00,59.7
2025-06-12 02:49:00,68.4
2025-06-12 00:03:00,50.26990393626991
2025-06-12 13:54:00,89.3
2025-06-12 10:36:00,78.2
2025-06-12 07:08:00,50.26990393626991
2025-06-12 20:58:00,52.0
2025-06-12 06:42:00,20.8
2025-06-12 15:54:00,33.9
2025-06-12 15:19:00,4.0
2025-06-12 15:22:00,84.1
2025-06-12 08:16:00,4.0
2025-06-12 01:38:00,10.6
2025-06-12 08:12:00,81.7
2025-06-12 02:09:00,85.4
2025-06-12 04:35:00,57.2
2025-06-12 05:00:00,50.26990393626991
2025-06-12 22:12:00,99.1
2025-06-12 22:16:00,50.7
2025-06-12 20:23:00,40.2
2025-06-12 01:07:00,89.0
2025-06-12 05:09:00,42.9
2025-06-12 11:01:00,81.9
2025-06-12 09:42:00,42.0
2025-06-12 01:42:00,90.0
2025-06-12 01:26:00,61.9
2025-06-12 11:52:00,82.0
2025-06-12 15:23:00,79.2
2025-06-12 03:37:00,26.6
2025-06-12 01:24:00,15.9
2025-06-12 13:41:00,76.2
2025-06-12 08:56:00,54.0
2025-06-12 12:55:00,25.8
2025-06-12 08:57:00,50.26990393626991
2025-06-12 05:12:00,92.2
2025-06-12 05:53:00,60.1
2025-06-12 05:03:00,78.5
2025-06-12 16:20:00,52.5
2025-06-12 05:42:00,24.5
2025-06-12 01:27:00,37.7
2025-06-12 00:44:00,30.6
2025-06-12 00:59:00,39.8
2025-06-12 06:41:00,14.9
2025-06-12 18:02:00,69.1
2025-06-12 15:27:00,26.1
2025-06-12 06:15:00,50.26990393626991
2025-06-12 18:15:00,26.4
2025-06-12 05:31:00,50.26990393626991
2025-06-12 08:24:00,50.26990393626991
2025-06-12 19:20:00,50.26990393626991
2025-06-12 07:31:00,27.2
2025-06-12 15:31:00,0.3
2025-06-12 02:15:00,55.2
2025-06-12 13:48:00,49.2
2025-06-12 17:52:00,50.26990393626991
2025-06-12 03:09:00,24.0
2025-06-12 14:18:00,77.4
2025-06-12 06:20:00,11.8
2025-06-12 14:51:00,7.8
2025-06-12 19:24:00,7.7
2025-06-12 19:55:00,32.8
2025-06-12 05:44:00,92.5
2025-06-12 20:50:00,82.6
2025-06-12 12:54:00,32.7
2025-06-12 22:46:00,95.7
2025-06-12 00:49:00,66.8
2025-06-12 01:00:00,86.1
2025-06-12 08:34:00,49.3
2025-06-12 06:08:00,28.4
2025-06-12 05:46:00,79.4
2025-06-12 12:31:00,50.26990393626991
2025-06-12 22:03:00,11.7
2025-06-12 00:42:00,87.9
2025-06-12 03:01:00,50.26990393626991
2025-06-12 17:14:00,62.3
2025-06-12 19:15:00,50.26990393626991
2025-06-12 14:15:00,63.7
2025-06-12 10:39:00,55.0
2025-06-12 11:42:00,67.6
2025-06-12 23:18:00,66.7
2025-06-12 17:32:00,19.6
2025-06-12 12:59:00,10.3
2025-06-12 17:06:00,27.6
2025-06-12 07:25:00,50.26990393626991
2025-06-12 19:14:00,78.4
2025-06-12 02:18:00,67.7
2025-06-12 21:17:00,86.3
2025-06-12 18:36:00,8.5
2025-06-12 12:05:00,36.6
2025-06-12 00:45:00,65.0
2025-06-12 20:51:00,77.0
2025-06-12 04:40:00,50.26990393626991
2025-06-12 20:47:00,31.0
2025-06-12 22:37:00,19.2
2025-06-12 20:07:00,50.9
2025-06-12 06:35:00,49.3
2025-06-12 10:29:00,90.6
2025-06-12 05:40:00,10.3
2025-06-12 12:20:00,50.26990393626991
2025-06-12 00:26:00,2.5
2025-06-12 14:59:00,18.1
2025-06-12 18:52:00,85.8
2025-06-12 22:39:00,50.26990393626991
2025-06-12 15:33:00,95.3
2025-06-12 03:17:00,61.2
2025-06-12 22:40:00,50.26990393626991
2025-06-12 06:09:00,88.8
2025-06-12 13:32:00,50.26990393626991
2025-06-12 02:32:00,4.7
2025-06-12 00:43:00,77.7
2025-06-12 00:16:00,95.3
2025-06-12 07:44:00,76.1
2025-06-12 21:48:00,49.485271956675305
2025-06-12 05:32:00,49.485271956675305
2025-06-12 13:34:00,83.5
2025-06-12 21:24:00,67.7
2025-06-12 23:50:00,30.6
2025-06-12 09:14:00,93.6
2025-06-12 08:02:00,36.6
2025-06-12 18:22:00,49.485271956675305
2025-06-12 22:45:00,5.1
2025-06-12 05:18:00,36.9
2025-06-12 20:29:00,9.4
2025-06-12 18:56:00,30.1
2025-06-12 12:56:00,51.8
2025-06-12 12:52:00,30.6
2025-06-12 16:59:00,18.2
2025-06-12 02:14:00,62.2
2025-06-12 15:40:00,88.1
2025-06-12 20:30:00,23.1
2025-06-12 17:36:00,90.3
2025-06-12 05:56:00,69.1
2025-06-12 11:13:00,10.5
2025-06-12 01:58:00,55.8
2025-06-12 19:29:00,18.6
2025-06-12 22:47:00,25.4
2025-06-12 07:46:00,73.1
2025-06-12 14:07:00,1.5
2025-06-12 12:11:00,49.485271956675305
2025-06-12 18:08:00,21.7
2025-06-12 21:39:00,27.6
2025-06-12 00:06:00,80.5
2025-06-12 00:26:00,49.485271956675305
2025-06-12 19:17:00,34.3
2025-06-12 04:09:00,66.2
2025-06-12 08:10:00,90.5
2025-06-12 08:19:00,56.1
2025-06-12 08:08:00,49.485271956675305
2025-06-12 17:48:00,73.0
2025-06-12 03:26:00,49.485271956675305
2025-06-12 09:40:00,28.7
2025-06-12 11:57:00,20.7
2025-06-12 10:51:00,45.9
2025-06-12 09:05:00,16.7
2025-06-12 16:37:00,80.1
2025-06-12 04:46:00,49.485271956675305
2025-06-12 03:48:00,43.8
2025-06-12 07:34:00,93.0
2025-06-12 01:53:00,49.485271956675305
2025-06-12 15:26:00,13.3
2025-06-12 01:12:00,47.5
2025-06-12 15:36:00,49.485271956675305
2025-06-12 08:34:00,99.4
2025-06-12 17:14:00,26.4
2025-06-12 01:32:00,15.9
2025-06-12 00:08:00,72.4
2025-06-12 14:56:00,31.7
2025-06-12 03:24:00,90.9
2025-06-12 03:33:00,49.485271956675305
2025-06-12 21:28:00,63.3
2025-06-12 15:15:00,3.2
2025-06-12 16:23:00,17.5
2025-06-12 08:09:00,49.485271956675305
2025-06-12 20:58:00,73.3
2025-06-12 08:00:00,49.485271956675305
2025-06-12 22:15:00,79.3
2025-06-12 09:12:00,41.5
2025-06-12 18:44:00,49.485271956675305
2025-06-12 05:27:00,32.3
2025-06-12 13:01:00,49.9
2025-06-12 13:19:00,49.485271956675305
2025-06-12 01:04:00,68.7
2025-06-12 08:53:00,81.1
2025-06-12 19:06:00,50.7
2025-06-12 01:23:00,10.6
2025-06-12 12:10:00,70.7
2025-06-12 16:54:00,8.6
2025-06-12 16:21:00,20.3
2025-06-12 16:16:00,88.4
2025-06-12 21:12:00,87.1
2025-06-12 06:56:00,93.2
2025-06-12 21:26:00,97.8
2025-06-12 00:45:00,69.6
2025-06-12 11:52:00,69.2
2025-06-12 17:03:00,46.6
2025-06-12 06:21:00,39.4
2025-06-12 18:21:00,25.0
2025-06-12 05:36:00,49.485271956675305
2025-06-12 09:39:00,5.9
2025-06-12 16:08:00,63.5
2025-06-12 00:32:00,65.7
2025-06-12 17:58:00,49.485271956675305
2025-06-12 21:03:00,89.5
2025-06-12 04:15:00,12.2
2025-06-12 09:50:00,45.6
2025-06-12 10:13:00,9.4
2025-06-12 19:10:00,76.5
2025-06-12 16:33:00,28.5
2025-06-12 23:13:00,28.1
2025-06-12 20:24:00,49.485271956675305
2025-06-12 01:56:00,39.1
2025-06-12 20:45:00,49.485271956675305
2025-06-12 02:02:00,17.0
2025-06-12 12:04:00,11.8
2025-06-12 02:49:00,54.2
2025-06-12 02:53:00,49.485271956675305
2025-06-12 00:23:00,64.5
2025-06-12 07:30:00,49.485271956675305
2025-06-12 10:17:00,82.5
2025-06-12 10:12:00,77.5
2025-06-12 08:55:00,5.5
2025-06-12 02:57:00,84.2
2025-06-12 15:55:00,49.485271956675305
2025-06-12 13:08:00,48.8
2025-06-12 07:28:00,18.3
2025-06-12 13:54:00,59.5
2025-06-12 11:18:00,49.485271956675305
2025-06-12 12:54:00,49.485271956675305
2025-06-12 07:08:00,60.0
2025-06-12 10:53:00,15.7
2025-06-12 16:47:00,17.8
2025-06-12 14:42:00,49.485271956675305
2025-06-12 20:46:00,5.8
2025-06-12 01:29:00,54.4
2025-06-12 03:11:00,85.1
2025-06-12 17:49:00,7.0
2025-06-12 18:58:00,50.2
2025-06-12 18:23:00,40.1
2025-06-12 05:48:00,19.9
2025-06-12 05:47:00,49.485271956675305
2025-06-12 04:19:00,25.8
2025-06-12 22:01:00,71.4
2025-06-12 12:19:00,98.3
2025-06-12 14:57:00,37.4
2025-06-12 01:38:00,9.0
2025-06-12 16:41:00,78.5
2025-06-12 19:41:00,75.3
2025-06-12 06:17:00,59.8
2025-06-12 01:41:00,49.485271956675305
2025-06-12 00:12:00,74.1
2025-06-12 06:35:00,18.5
2025-06-12 09:52:00,48.6
2025-06-12 10:39:00,52.2
2025-06-12 23:33:00,52.6
2025-06-12 00:22:00,20.7
2025-06-12 03:52:00,36.8
2025-06-12 10:37:00,6.6
2025-06-12 06:59:00,49.485271956675305
2025-06-12 23:01:00,69.4
2025-06-12 00:50:00,9.4
2025-06-12 09:51:00,11.9
2025-06-12 16:40:00,88.4
2025-06-12 06:48:00,72.8
2025-06-12 16:45:00,88.2
2025-06-12 13:29:00,37.6
2025-06-12 09:00:00,74.5
2025-06-12 13:30:00,72.0
2025-06-12 17:53:00,42.2
2025-06-12 10:05:00,67.8
2025-06-12 19:16:00,2.9
2025-06-12 07:39:00,24.3
2025-06-12 08:59:00,49.485271956675305
2025-06-12 08:45:00,78.0
2025-06-12 06:11:00,96.7
2025-06-12 01:15:00,89.5
2025-06-12 01:50:00,3.3
2025-06-12 17:00:00,27.6
2025-06-12 18:33:00,49.485271956675305
2025-06-12 20:41:00,99.1
2025-06-12 09:17:00,78.4
2025-06-12 13:35:00,49.485271956675305
2025-06-12 23:16:00,39.5
2025-06-12 06:33:00,49.485271956675305
2025-06-12 22:05:00,93.8
2025-06-12 09:30:00,76.7
2025-06-12 05:39:00,42.1
2025-06-12 09:26:00,37.4
2025-06-12 06:00:00,81.7
2025-06-12 04:14:00,49.485271956675305
2025-06-12 17:13:00,74.7
2025-06-12 12:40:00,22.1
2025-06-12 14:22:00,99.0
2025-06-12 13:10:00,78.2
2025-06-12 18:16:00,55.3
2025-06-12 08:17:00,49.485271956675305
2025-06-12 19:53:00,49.485271956675305
2025-06-12 09:09:00,56.8
2025-06-12 15:13:00,77.9
2025-06-12 06:40:00,43.2
2025-06-12 20:14:00,98.5
2025-06-12 06:55:00,32.5
2025-06-12 06:47:00,70.6
2025-06-12 16:44:00,75.9
2025-06-12 11:48:00,49.4
2025-06-12 03:53:00,49.485271956675305
2025-06-12 12:24:00,21.3
2025-06-12 21:14:00,96.2
2025-06-12 05:37:00,17.7
2025-06-12 17:54:00,67.3
2025-06-12 03:28:00,42.6
2025-06-12 04:55:00,46.9
2025-06-12 09:53:00,75.6
2025-06-12 21:19:00,26.8
2025-06-12 13:56:00,67.8
2025-06-12 17:10:00,52.0
2025-06-12 19:13:00,49.485271956675305
2025-06-12 13:55:00,92.4
2025-06-12 01:47:00,0.7
2025-06-12 20:00:00,23.6
2025-06-12 23:02:00,42.7
2025-06-12 15:41:00,70.8
2025-06-12 15:37:00,54.4
2025-06-12 20:54:00,97.3
2025-06-12 12:30:00,10.7
2025-06-12 19:39:00,31.0
2025-06-12 13:51:00,91.3
2025-06-12 04:58:00,17.9
2025-06-12 21:25:00,46.8
2025-06-12 13:31:00,42.6
2025-06-12 06:12:00,39.7
2025-06-12 20:06:00,78.1
2025-06-12 13:27:00,7.5
2025-06-12 12:29:00,95.8
2025-06-12 00:13:00,98.1
2025-06-12 10:34:00,49.485271956675305
2025-06-12 01:44:00,60.7
2025-06-12 18:11:00,42.0
2025-06-12 04:17:00,79.6
2025-06-12 15:25:00,58.2
2025-06-12 13:46:00,90.4
2025-06-12 15:18:00,48.2
2025-06-12 07:38:00,45.7
2025-06-12 16:32:00,76.6
2025-06-12 07:21:00,60.3
2025-06-12 11:01:00,18.5
2025-06-12 03:51:00,79.6
2025-06-12 08:49:00,49.485271956675305
2025-06-12 20:26:00,26.2
2025-06-12 07:59:00,44.9
2025-06-12 22:38:00,18.5
2025-06-12 00:39:00,94.9
2025-06-12 15:45:00,54.4
2025-06-12 08:25:00,93.2
2025-06-12 14:11:00,49.485271956675305
2025-06-12 16:24:00,72.1
2025-06-12 07:09:00,25.3
2025-06-12 17:56:00,34.2
2025-06-12 21:06:00,64.4
2025-06-12 17:21:00,9.2
2025-06-12 19:00:00,36.5
2025-06-12 06:05:00,20.6
2025-06-12 15:43:00,38.4
2025-06-12 11:00:00,49.485271956675305
2025-06-12 19:21:00,93.3
2025-06-12 10:29:00,65.7
2025-06-12 18:48:00,41.5
2025-06-12 07:52:00,43.7
2025-06-12 15:33:00,79.2
2025-06-12 02:47:00,49.485271956675305
2025-06-12 09:27:00,41.9
2025-06-12 17:22:00,50.0997191011236
2025-06-12 21:32:00,50.0997191011236
2025-06-12 12:09:00,63.8
2025-06-12 12:04:00,25.5
2025-06-12 11:07:00,24.7
2025-06-12 19:42:00,27.5
2025-06-12 00:08:00,89.7
2025-06-12 17:10:00,90.7
2025-06-12 09:47:00,60.0
2025-06-12 00:09:00,80.8
2025-06-12 06:55:00,50.4
2025-06-12 07:55:00,34.7
2025-06-12 21:31:00,7.5
2025-06-12 02:25:00,94.5
2025-06-12 02:07:00,5.2
2025-06-12 17:39:00,44.9
2025-06-12 11:27:00,50.0997191011236
2025-06-12 23:38:00,89.1
2025-06-12 09:05:00,55.8
2025-06-12 03:56:00,50.0997191011236
2025-06-12 10:32:00,22.2
2025-06-12 06:58:00,3.9
2025-06-12 12:46:00,18.8
2025-06-12 11:47:00,50.0997191011236
2025-06-12 10:28:00,7.2
2025-06-12 13:36:00,32.9
2025-06-12 13:05:00,10.2
2025-06-12 02:49:00,42.4
2025-06-12 06:15:00,50.0997191011236
2025-06-12 16:26:00,26.2
2025-06-12 07:29:00,55.7
2025-06-12 10:48:00,74.3
2025-06-12 20:39:00,30.8
2025-06-12 06:04:00,57.7
2025-06-12 02:02:00,55.9
2025-06-12 12:57:00,80.8
2025-06-12 16:31:00,50.0997191011236
2025-06-12 14:00:00,50.0997191011236
2025-06-12 19:36:00,80.3
2025-06-12 22:14:00,19.6
2025-06-12 01:13:00,3.4
2025-06-12 09:16:00,88.1
2025-06-12 17:18:00,40.5
2025-06-12 03:11:00,50.0997191011236
2025-06-12 10:34:00,46.3
2025-06-12 17:21:00,50.0997191011236
2025-06-12 16:01:00,35.4
2025-06-12 14:35:00,96.9
2025-06-12 15:57:00,81.9
2025-06-12 00:03:00,79.4
2025-06-12 16:41:00,55.6
2025-06-12 21:06:00,13.6
2025-06-12 10:26:00,34.9
2025-06-12 19:58:00,50.0997191011236
2025-06-12 23:11:00,87.2
2025-06-12 18:19:00,47.8
2025-06-12 09:52:00,50.0997191011236
2025-06-12 20:01:00,12.5
2025-06-12 02:43:00,50.0997191011236
2025-06-12 22:26:00,67.2
2025-06-12 21:17:00,83.6
2025-06-12 13:14:00,50.0997191011236
2025-06-12 18:04:00,13.1
2025-06-12 15:36:00,96.4
2025-06-12 08:29:00,29.6
2025-06-12 15:02:00,9.8
2025-06-12 12:19:00,70.7
2025-06-12 17:55:00,44.9
2025-06-12 11:59:00,93.2
2025-06-12 15:29:00,47.0
2025-06-12 22:09:00,50.0997191011236
2025-06-12 01:18:00,50.9
2025-06-12 20:41:00,78.6
2025-06-12 19:10:00,96.7
2025-06-12 04:59:00,87.2
2025-06-12 01:11:00,5.6
2025-06-12 14:31:00,37.6
2025-06-12 09:19:00,49.0
2025-06-12 13:07:00,88.0
2025-06-12 12:22:00,8.8
2025-06-12 17:50:00,80.0
2025-06-12 04:51:00,50.0997191011236
2025-06-12 14:07:00,50.0997191011236
2025-06-12 10:05:00,42.5
2025-06-12 13:11:00,28.1
2025-06-12 21:23:00,93.0
2025-06-12 19:48:00,22.5
2025-06-12 15:30:00,49.3
2025-06-12 04:29:00,50.0997191011236
2025-06-12 20:23:00,50.0997191011236
2025-06-12 21:57:00,50.0997191011236
2025-06-12 18:41:00,5.0
2025-06-12 08:44:00,63.7
2025-06-12 14:23:00,89.7
2025-06-12 11:04:00,97.6
2025-06-12 08:15:00,1.7
2025-06-12 23:03:00,36.2
2025-06-12 19:52:00,50.0997191011236
2025-06-12 10:45:00,77.2
2025-06-12 15:59:00,42.7
2025-06-12 20:14:00,99.3
2025-06-12 11:17:00,50.0997191011236
2025-06-12 05:22:00,43.3
2025-06-12 00:02:00,42.4
2025-06-12 05:11:00,93.5
2025-06-12 16:59:00,22.2
2025-06-12 18:57:00,15.6
2025-06-12 11:28:00,56.9
2025-06-12 08:20:00,73.7
2025-06-12 08:52:00,27.4
2025-06-12 17:58:00,50.0997191011236
2025-06-12 20:06:00,15.4
2025-06-12 19:54:00,9.8
2025-06-12 02:16:00,50.0997191011236
2025-06-12 08:24:00,8.9
2025-06-12 23:30:00,81.8
2025-06-12 22:42:00,78.3
2025-06-12 15:20:00,50.0997191011236
2025-06-12 12:10:00,59.7
2025-06-12 01:03:00,9.1
2025-06-12 16:46:00,2.3
2025-06-12 11:42:00,50.0997191011236
2025-06-12 21:38:00,27.7
2025-06-12 15:06:00,0.6
2025-06-12 22:46:00,27.3
2025-06-12 20:52:00,58.2
2025-06-12 05:29:00,74.1
2025-06-12 04:28:00,50.0997191011236
2025-06-12 17:45:00,38.1
2025-06-12 02:01:00,22.4
2025-06-12 15:12:00,13.8
2025-06-12 11:22:00,3.9
2025-06-12 14:21:00,5.2
2025-06-12 04:32:00,75.3
2025-06-12 21:54:00,50.0997191011236
2025-06-12 04:13:00,27.7
2025-06-12 03:43:00,61.4
2025-06-12 20:37:00,81.4
2025-06-12 19:25:00,16.0
2025-06-12 15:55:00,85.7
2025-06-12 01:37:00,50.1
2025-06-12 16:52:00,58.1
2025-06-12 13:06:00,50.0997191011236
2025-06-12 03:26:00,99.9
2025-06-12 19:14:00,42.4
2025-06-12 22:25:00,50.0997191011236
2025-06-12 05:02:00,18.7
2025-06-12 09:02:00,17.6
2025-06-12 09:46:00,50.0997191011236
2025-06-12 05:49:00,14.7
2025-06-12 10:50:00,6.4
2025-06-12 19:31:00,21.7
2025-06-12 12:26:00,33.6
2025-06-12 13:37:00,36.1
2025-06-12 23:47:00,56.3
2025-06-12 15:44:00,49.3
2025-06-12 17:59:00,41.2
2025-06-12 16:32:00,26.2
2025-06-12 21:46:00,50.0997191011236
2025-06-12 14:15:00,7.0
2025-06-12 09:41:00,20.2
2025-06-12 15:53:00,6.4
2025-06-12 18:46:00,81.9
2025-06-12 20:10:00,50.0997191011236
2025-06-12 13:01:00,50.0997191011236
2025-06-12 18:13:00,74.9
2025-06-12 18:53:00,59.6
2025-06-12 11:13:00,26.2
2025-06-12 11:03:00,38.1
2025-06-12 12:17:00,88.5
2025-06-12 13:15:00,54.3
2025-06-12 00:24:00,26.6
2025-06-12 23:20:00,32.1
2025-06-12 13:31:00,94.6
2025-06-12 07:17:00,65.8
2025-06-12 07:08:00,0.3
2025-06-12 06:56:00,53.9
2025-06-12 04:48:00,50.0997191011236
2025-06-12 13:32:00,44.0
2025-06-12 22:03:00,97.9
2025-06-12 12:01:00,51.9
2025-06-12 20:36:00,80.6
2025-06-12 11:21:00,94.5
2025-06-12 17:00:00,50.0997191011236
2025-06-12 09:45:00,89.4
2025-06-12 01:19:00,50.0997191011236
2025-06-12 15:31:00,50.0997191011236
2025-06-12 12:24:00,52.1
2025-06-12 17:49:00,50.0997191011236
2025-06-12 01:46:00,62.0
2025-06-12 22:37:00,82.6
2025-06-12 17:35:00,50.0997191011236
2025-06-12 19:06:00,47.2
2025-06-12 01:45:00,95.3
2025-06-12 20:40:00,50.0997191011236
2025-06-12 14:44:00,99.1
2025-06-12 02:36:00,29.8
2025-06-12 17:04:00,78.5
2025-06-12 19:35:00,62.1
2025-06-12 20:35:00,26.4
2025-06-12 23:16:00,63.2
2025-06-12 03:20:00,21.1
2025-06-12 03:39:00,3.9
2025-06-12 14:36:00,50.0997191011236
2025-06-12 00:58:00,69.5
2025-06-12 18:10:00,51.3
2025-06-12 12:07:00,72.7
2025-06-12 04:25:00,46.4
2025-06-12 04:46:00,53.1
2025-06-12 10:04:00,64.1
2025-06-12 00:32:00,77.8
2025-06-12 14:34:00,34.1
2025-06-12 18:55:00,87.1
2025-06-12 23:25:00,50.0997191011236
2025-06-12 13:33:00,79.5
2025-06-12 16:21:00,77.5
2025-06-12 02:59:00,29.0
2025-06-12 22:34:00,97.1
2025-06-12 18:59:00,40.2
2025-06-12 06:19:00,93.0
2025-06-12 15:27:00,93.6
2025-06-12 20:56:00,18.1
2025-06-12 11:24:00,5.0
2025-06-12 18:45:00,27.0
2025-06-12 05:15:00,50.0997191011236
2025-06-12 09:20:00,65.0
2025-06-12 18:03:00,79.6
2025-06-12 14:30:00,8.3
2025-06-12 22:04:00,11.6
2025-06-12 12:49:00,84.3
2025-06-12 09:42:00,97.2
2025-06-12 20:38:00,76.3
2025-06-12 18:24:00,20.7
2025-06-12 09:57:00,22.1
2025-06-12 01:07:00,38.3
2025-06-12 16:13:00,13.0
2025-06-12 03:03:00,50.0997191011236
2025-06-12 00:15:00,58.7
2025-06-12 02:26:00,69.2
2025-06-12 02:50:00,92.3
2025-06-12 04:55:00,45.6
2025-06-12 10:14:00,11.5
2025-06-12 15:52:00,47.0
2025-06-12 07:46:00,50.0997191011236
2025-06-12 14:46:00,15.0
2025-06-12 04:07:00,19.2
2025-06-12 17:34:00,50.0997191011236
2025-06-12 05:57:00,50.0997191011236
2025-06-12 04:19:00,56.3
2025-06-12 04:53:00,60.2
2025-06-12 12:55:00,93.0
2025-06-12 06:00:00,51.1
2025-06-12 11:58:00,50.0997191011236
2025-06-12 19:12:00,77.9
2025-06-12 14:45:00,48.8
2025-06-12 21:21:00,9.8
2025-06-12 06:28:00,8.1
2025-06-12 07:54:00,52.1
2025-06-12 13:08:00,59.4
2025-06-12 20:43:00,50.0997191011236
2025-06-12 20:54:00,50.0997191011236
2025-06-12 18:31:00,42.4
2025-06-12 07:22:00,63.7
2025-06-12 01:02:00,76.4
2025-06-12 13:56:00,45.4
2025-06-12 08:04:00,64.6
2025-06-12 12:13:00,50.0997191011236
2025-06-12 19:08:00,25.7
2025-06-12 06:23:00,50.7
2025-06-12 22:01:00,50.0997191011236
2025-06-12 08:19:00,95.2
2025-06-12 11:32:00,80.1
2025-06-12 08:25:00,37.0
2025-06-12 10:21:00,83.0
2025-06-12 03:53:00,29.4
2025-06-12 02:13:00,97.6
2025-06-12 08:17:00,50.0997191011236
2025-06-12 14:10:00,20.3
2025-06-12 06:40:00,95.1
2025-06-12 10:15:00,47.2
2025-06-12 03:08:00,79.7
2025-06-12 09:07:00,69.7
2025-06-12 22:44:00,94.9
2025-06-12 02:15:00,50.0997191011236
2025-06-12 02:10:00,50.0997191011236
2025-06-12 03:40:00,50.0997191011236
2025-06-12 03:49:00,72.9
2025-06-12 06:38:00,51.9
2025-06-12 22:33:00,45.5
2025-06-12 08:56:00,74.6
2025-06-12 06:03:00,45.7
2025-06-12 15:09:00,6.8
2025-06-12 19:47:00,15.9
2025-06-12 05:37:00,0.4
2025-06-12 02:14:00,90.5
2025-06-12 03:06:00,62.7
2025-06-12 16:09:00,86.8
2025-06-12 02:11:00,33.4
2025-06-12 10:13:00,65.6
2025-06-12 06:57:00,67.5
2025-06-12 23:54:00,12.9
2025-06-12 08:26:00,11.9
2025-06-12 11:22:00,96.0
2025-06-12 12:10:00,49.889081537019685
2025-06-12 03:13:00,57.5
2025-06-12 08:19:00,85.1
2025-06-12 17:19:00,52.4
2025-06-12 19:39:00,88.0
2025-06-12 20:29:00,11.7
2025-06-12 22:33:00,67.4
2025-06-12 13:28:00,49.889081537019685
2025-06-12 05:38:00,38.4
2025-06-12 12:27:00,31.6
2025-06-12 20:32:00,81.9
2025-06-12 07:13:00,63.1
2025-06-12 13:39:00,32.6
2025-06-12 23:05:00,76.3
2025-06-12 03:16:00,49.6
2025-06-12 01:45:00,4.8
2025-06-12 23:57:00,49.889081537019685
2025-06-12 04:51:00,99.6
2025-06-12 02:38:00,48.7
2025-06-12 20:17:00,67.3
2025-06-12 02:34:00,64.8
2025-06-12 23:53:00,60.1
2025-06-12 22:03:00,98.9
2025-06-12 17:08:00,75.2
2025-06-12 02:14:00,79.0
2025-06-12 05:42:00,37.5
2025-06-12 15:14:00,47.2
2025-06-12 06:07:00,49.889081537019685
2025-06-12 10:11:00,35.8
2025-06-12 07:21:00,1.6
2025-06-12 10:31:00,5.8
2025-06-12 00:12:00,20.4
2025-06-12 11:32:00,55.4
2025-06-12 16:32:00,27.0
2025-06-12 14:40:00,21.3
2025-06-12 21:56:00,79.1
2025-06-12 04:13:00,81.7
2025-06-12 01:01:00,5.7
2025-06-12 15:39:00,49.889081537019685
2025-06-12 01:07:00,99.2
2025-06-12 21:11:00,20.6
2025-06-12 02:15:00,4.3
2025-06-12 19:54:00,16.5
2025-06-12 19:16:00,15.3
2025-06-12 00:01:00,49.889081537019685
2025-06-12 04:18:00,49.889081537019685
2025-06-12 12:56:00,45.3
2025-06-12 12:38:00,85.4
2025-06-12 15:13:00,57.9
2025-06-12 08:52:00,11.1
2025-06-12 12:16:00,49.889081537019685
2025-06-12 06:24:00,6.1
2025-06-12 05:45:00,49.889081537019685
2025-06-12 19:30:00,62.1
2025-06-12 05:19:00,79.1
2025-06-12 19:29:00,68.8
2025-06-12 07:09:00,92.1
2025-06-12 01:20:00,15.7
2025-06-12 17:57:00,51.5
2025-06-12 22:16:00,33.2
2025-06-12 08:24:00,5.7
2025-06-12 12:21:00,91.2
2025-06-12 17:54:00,28.6
2025-06-12 23:41:00,98.2
2025-06-12 03:49:00,26.9
2025-06-12 16:30:00,14.0
2025-06-12 03:40:00,2.1
2025-06-12 14:47:00,19.1
2025-06-12 06:15:00,71.1
2025-06-12 21:39:00,31.0
2025-06-12 06:20:00,32.7
2025-06-12 10:09:00,49.889081537019685
2025-06-12 16:47:00,83.1
2025-06-12 00:11:00,16.7
2025-06-12 08:09:00,48.5
2025-06-12 12:34:00,34.2
2025-06-12 15:12:00,32.0
2025-06-12 07:39:00,3.3
2025-06-12 16:27:00,44.0
2025-06-12 20:55:00,92.2
2025-06-12 10:50:00,65.2
2025-06-12 23:58:00,25.7
2025-06-12 09:23:00,49.889081537019685
2025-06-12 17:27:00,22.2
2025-06-12 14:18:00,49.889081537019685
2025-06-12 09:53:00,2.2
2025-06-12 15:47:00,21.1
2025-06-12 08:35:00,67.8
2025-06-12 18:04:00,38.5
2025-06-12 18:09:00,98.3
2025-06-12 03:15:00,9.2
2025-06-12 14:06:00,49.889081537019685
2025-06-12 09:32:00,73.3
2025-06-12 11:16:00,49.889081537019685
2025-06-12 18:38:00,92.9
2025-06-12 19:50:00,38.3
2025-06-12 07:57:00,1.6
2025-06-12 02:00:00,70.9
2025-06-12 13:57:00,97.0
2025-06-12 19:13:00,76.2
2025-06-12 22:02:00,49.889081537019685
2025-06-12 00:56:00,54.6
2025-06-12 04:36:00,54.6
2025-06-12 07:52:00,15.6
2025-06-12 20:56:00,50.0
2025-06-12 21:47:00,58.3
2025-06-12 06:08:00,12.9
2025-06-12 17:48:00,98.5
2025-06-12 16:59:00,4.3
2025-06-12 04:25:00,41.7
2025-06-12 19:48:00,11.4
2025-06-12 02:16:00,49.889081537019685
2025-06-12 06:06:00,97.0
2025-06-12 17:16:00,48.5
2025-06-12 16:55:00,66.7
2025-06-12 06:25:00,49.889081537019685
2025-06-12 06:11:00,73.0
2025-06-12 17:49:00,49.889081537019685
2025-06-12 13:09:00,39.1
2025-06-12 09:17:00,97.6
2025-06-12 10:33:00,8.5
2025-06-12 00:57:00,83.0
2025-06-12 17:46:00,35.7
2025-06-12 21:17:00,93.0
2025-06-12 14:39:00,9.5
2025-06-12 13:50:00,54.5
2025-06-12 22:37:00,76.2
2025-06-12 18:40:00,10.5
2025-06-12 18:15:00,34.8
2025-06-12 12:30:00,90.0
2025-06-12 20:47:00,13.1
2025-06-12 08:56:00,19.2
2025-06-12 16:41:00,77.1
2025-06-12 02:11:00,19.9
2025-06-12 01:26:00,94.4
2025-06-12 09:22:00,88.8
2025-06-12 03:09:00,49.889081537019685
2025-06-12 17:04:00,49.889081537019685
2025-06-12 08:32:00,13.9
2025-06-12 16:35:00,66.2
2025-06-12 07:37:00,71.2
2025-06-12 10:14:00,38.3
2025-06-12 20:43:00,8.1
2025-06-12 17:53:00,83.9
2025-06-12 11:23:00,49.889081537019685
2025-06-12 07:55:00,49.889081537019685
2025-06-12 11:47:00,77.3
2025-06-12 07:01:00,8.5
2025-06-12 12:37:00,15.6
2025-06-12 14:37:00,41.5
2025-06-12 10:19:00,54.0
2025-06-12 12:42:00,66.3
2025-06-12 16:49:00,35.8
2025-06-12 03:22:00,73.2
2025-06-12 06:38:00,49.889081537019685
2025-06-12 16:05:00,54.9
2025-06-12 13:19:00,18.4
2025-06-12 20:02:00,39.5
2025-06-12 03:51:00,7.0
2025-06-12 11:54:00,49.889081537019685
2025-06-12 17:28:00,59.1
2025-06-12 17:09:00,76.7
2025-06-12 15:36:00,78.6
2025-06-12 12:08:00,49.889081537019685
2025-06-12 01:47:00,81.9
2025-06-12 03:23:00,1.8
2025-06-12 12:59:00,26.8
2025-06-12 10:32:00,77.4
2025-06-12 18:21:00,6.2
2025-06-12 00:28:00,15.7
2025-06-12 11:05:00,74.5
2025-06-12 06:30:00,3.6
2025-06-12 00:22:00,21.8
2025-06-12 07:59:00,43.0
2025-06-12 00:58:00,58.1
2025-06-12 07:27:00,4.3
2025-06-12 08:43:00,49.889081537019685
2025-06-12 06:27:00,14.6
2025-06-12 15:17:00,49.889081537019685
2025-06-12 00:38:00,62.7
2025-06-12 14:53:00,47.4
2025-06-12 07:42:00,50.1
2025-06-12 15:09:00,49.889081537019685
2025-06-12 00:17:00,70.5
2025-06-12 19:46:00,44.9
2025-06-12 05:31:00,92.2
2025-06-12 19:53:00,16.0
2025-06-12 07:04:00,95.3
2025-06-12 19:38:00,52.1
2025-06-12 19:21:00,98.6
2025-06-12 14:28:00,33.2
2025-06-12 15:55:00,99.3
2025-06-12 22:45:00,28.5
2025-06-12 00:03:00,49.889081537019685
2025-06-12 23:08:00,69.8
2025-06-12 03:03:00,92.5
2025-06-12 00:59:00,21.5
2025-06-12 06:37:00,33.4
2025-06-12 07:00:00,48.6
2025-06-12 01:44:00,32.1
2025-06-12 13:37:00,82.3
2025-06-12 04:04:00,49.889081537019685
2025-06-12 04:29:00,49.889081537019685
2025-06-12 05:35:00,58.9
2025-06-12 08:06:00,49.889081537019685
2025-06-12 13:01:00,31.7
2025-06-12 02:27:00,47.5
2025-06-12 06:53:00,79.2
2025-06-12 23:13:00,62.0
2025-06-12 01:52:00,72.6
2025-06-12 01:58:00,76.7
2025-06-12 08:49:00,90.5
2025-06-12 01:37:00,79.9
2025-06-12 08:31:00,86.9
2025-06-12 15:07:00,69.7
2025-06-12 13:32:00,59.5
2025-06-12 15:45:00,52.5
2025-06-12 05:10:00,49.889081537019685
2025-06-12 05:09:00,71.8
2025-06-12 12:09:00,57.4
2025-06-12 16:00:00,96.1
2025-06-12 06:36:00,98.3
2025-06-12 15:58:00,49.889081537019685
2025-06-12 03:12:00,45.9
2025-06-12 03:39:00,49.889081537019685
2025-06-12 08:20:00,90.4
2025-06-12 08:08:00,70.1
2025-06-12 05:23:00,30.1
2025-06-12 05:08:00,5.5
2025-06-12 19:42:00,95.9
2025-06-12 16:26:00,19.2
2025-06-12 07:10:00,41.9
2025-06-12 10:24:00,60.2
2025-06-12 13:29:00,31.0
2025-06-12 01:31:00,87.5
2025-06-12 01:50:00,41.6
2025-06-12 08:27:00,12.2
2025-06-12 20:04:00,92.2
2025-06-12 11:28:00,80.4
2025-06-12 01:24:00,9.6
2025-06-12 02:19:00,16.7
2025-06-12 13:04:00,96.3
2025-06-12 20:52:00,79.6
2025-06-12 00:25:00,1.0
2025-06-12 13:46:00,45.8
2025-06-12 00:42:00,50.1
2025-06-12 23:15:00,60.3
2025-06-12 01:48:00,63.4
2025-06-12 10:22:00,35.6
2025-06-12 20:09:00,79.5
2025-06-12 03:30:00,24.4
2025-06-12 11:02:00,81.6
2025-06-12 04:32:00,15.5
2025-06-12 19:58:00,69.3
2025-06-12 15:08:00,11.7
2025-06-12 23:18:00,30.5
2025-06-12 00:09:00,70.2
2025-06-12 08:38:00,12.9
2025-06-12 11:37:00,5.3
2025-06-12 00:21:00,25.8
2025-06-12 21:03:00,82.5
2025-06-12 06:57:00,49.889081537019685
2025-06-12 15:40:00,85.8
2025-06-12 04:31:00,12.1
2025-06-12 14:26:00,92.4
2025-06-12 07:28:00,49.889081537019685
2025-06-12 17:45:00,3.7
2025-06-12 19:27:00,55.3
2025-06-12 05:01:00,49.889081537019685
2025-06-12 12:35:00,80.1
2025-06-12 19:43:00,28.1
2025-06-12 06:26:00,92.1
2025-06-12 12:00:00,72.1
2025-06-12 06:45:00,49.889081537019685
2025-06-12 09:48:00,83.1
2025-06-12 07:40:00,78.4
2025-06-12 15:50:00,61.6
2025-06-12 13:52:00,87.7
2025-06-12 11:08:00,71.9
2025-06-12 04:55:00,96.6
2025-06-12 13:45:00,52.9
2025-06-12 15:56:00,88.0
2025-06-12 18:00:00,49.889081537019685
2025-06-12 17:38:00,81.5
2025-06-12 18:41:00,60.7
2025-06-12 21:41:00,23.0
2025-06-12 22:05:00,49.889081537019685
2025-06-12 16:40:00,28.1
2025-06-12 08:21:00,49.889081537019685
2025-06-12 02:29:00,93.9
2025-06-12 17:02:00,26.9
2025-06-12 23:06:00,63.9
2025-06-12 03:05:00,24.7
2025-06-12 13:36:00,77.6
2025-06-12 12:46:00,28.7
2025-06-12 03:43:00,87.6
2025-06-12 09:58:00,91.0
2025-06-12 08:01:00,73.2
2025-06-12 03:31:00,65.6
2025-06-12 21:37:00,92.4
2025-06-12 01:35:00,37.5
2025-06-12 09:59:00,12.8
2025-06-12 13:53:00,19.9
2025-06-12 15:18:00,60.0
2025-06-12 08:29:00,88.6
2025-06-12 21:56:00,78.8
2025-06-12 01:44:00,4.3
2025-06-12 22:34:00,19.3
2025-06-12 06:39:00,56.9
2025-06-12 11:59:00,22.2
2025-06-12 02:35:00,50.12778039031272
2025-06-12 23:21:00,12.6
2025-06-12 05:08:00,78.9
2025-06-12 20:32:00,23.4
2025-06-12 05:31:00,17.2
2025-06-12 02:50:00,95.7
2025-06-12 19:48:00,33.4
2025-06-12 23:11:00,63.8
2025-06-12 03:59:00,23.7
2025-06-12 07:49:00,89.9
2025-06-12 03:09:00,86.6
2025-06-12 10:40:00,14.2
2025-06-12 17:57:00,50.12778039031272
2025-06-12 13:35:00,57.7
2025-06-12 13:20:00,69.0
2025-06-12 01:03:00,91.7
2025-06-12 01:42:00,61.4
2025-06-12 10:42:00,15.8
2025-06-12 12:25:00,95.0
2025-06-12 23:27:00,2.1
2025-06-12 08:18:00,2.4
2025-06-12 15:21:00,40.6
2025-06-12 11:12:00,50.12778039031272
2025-06-12 17:09:00,42.9
2025-06-12 13:00:00,29.0
2025-06-12 22:50:00,34.8
2025-06-12 12:34:00,90.6
2025-06-12 16:02:00,0.6
2025-06-12 13:37:00,34.9
2025-06-12 18:41:00,58.7
2025-06-12 00:13:00,18.3
2025-06-12 04:04:00,81.3
2025-06-12 13:51:00,50.12778039031272
2025-06-12 23:47:00,50.12778039031272
2025-06-12 14:24:00,91.8
2025-06-12 17:59:00,12.5
2025-06-12 01:01:00,16.9
2025-06-12 03:19:00,21.7
2025-06-12 11:27:00,59.3
2025-06-12 05:59:00,79.2
2025-06-12 07:04:00,97.9
2025-06-12 01:19:00,44.8
2025-06-12 12:58:00,67.7
2025-06-12 20:56:00,50.12778039031272
2025-06-12 05:12:00,94.8
2025-06-12 19:28:00,3.2
2025-06-12 12:38:00,70.8
2025-06-12 10:33:00,77.0
2025-06-12 20:59:00,69.7
2025-06-12 13:11:00,19.9
2025-06-12 13:29:00,62.8
2025-06-12 04:44:00,39.4
2025-06-12 16:12:00,50.12778039031272
2025-06-12 22:15:00,50.12778039031272
2025-06-12 21:44:00,59.5
2025-06-12 10:53:00,70.4
2025-06-12 05:48:00,26.9
2025-06-12 15:03:00,40.6
2025-06-12 05:09:00,68.2
2025-06-12 22:43:00,49.8
2025-06-12 22:13:00,64.7
2025-06-12 17:07:00,83.8
2025-06-12 09:39:00,13.6
2025-06-12 04:55:00,55.8
2025-06-12 00:24:00,28.5
2025-06-12 12:40:00,38.2
2025-06-12 15:48:00,45.1
2025-06-12 02:47:00,80.3
2025-06-12 21:32:00,62.5
2025-06-12 03:10:00,29.9
2025-06-12 08:52:00,50.12778039031272
2025-06-12 21:21:00,40.3
2025-06-12 14:51:00,91.9
2025-06-12 18:23:00,72.8
2025-06-12 21:06:00,19.7
2025-06-12 01:17:00,1.3
2025-06-12 23:36:00,50.12778039031272
2025-06-12 01:35:00,7.0
2025-06-12 09:20:00,50.12778039031272
2025-06-12 10:47:00,50.12778039031272
2025-06-12 18:48:00,50.12778039031272
2025-06-12 19:03:00,19.4
2025-06-12 00:36:00,20.2
2025-06-12 16:06:00,50.12778039031272
2025-06-12 01:52:00,77.8
2025-06-12 10:21:00,26.5
2025-06-12 21:18:00,86.2
2025-06-12 23:19:00,6.9
2025-06-12 19:50:00,48.7
2025-06-12 19:42:00,16.8
2025-06-12 13:28:00,52.8
2025-06-12 06:12:00,17.0
2025-06-12 00:37:00,50.12778039031272
2025-06-12 10:56:00,81.5
2025-06-12 17:16:00,22.8
2025-06-12 16:57:00,47.3
2025-06-12 09:17:00,40.7
2025-06-12 14:05:00,55.3
2025-06-12 14:33:00,99.8
2025-06-12 23:48:00,92.1
2025-06-12 21:20:00,22.0
2025-06-12 11:08:00,53.7
2025-06-12 20:12:00,78.1
2025-06-12 04:17:00,62.8
2025-06-12 06:02:00,20.1
2025-06-12 08:16:00,65.8
2025-06-12 06:17:00,61.7
2025-06-12 02:20:00,20.0
2025-06-12 12:46:00,66.4
2025-06-12 18:04:00,53.8
2025-06-12 23:58:00,62.8
2025-06-12 10:44:00,58.6
2025-06-12 00:42:00,50.12778039031272
2025-06-12 10:59:00,7.8
2025-06-12 15:25:00,10.5
2025-06-12 09:21:00,51.1
2025-06-12 12:33:00,64.3
2025-06-12 16:23:00,57.7
2025-06-12 23:50:00,88.1
2025-06-12 10:49:00,93.7
2025-06-12 10:51:00,3.3
2025-06-12 06:14:00,36.7
2025-06-12 11:58:00,35.2
2025-06-12 06:56:00,65.1
2025-06-12 22:42:00,64.7
2025-06-12 01:16:00,1.2
2025-06-12 10:09:00,78.4
2025-06-12 03:11:00,89.0
2025-06-12 14:23:00,58.5
2025-06-12 21:13:00,45.5
2025-06-12 05:15:00,23.2
2025-06-12 08:48:00,26.3
2025-06-12 21:35:00,72.7
2025-06-12 18:43:00,50.12778039031272
2025-06-12 16:40:00,21.4
2025-06-12 20:17:00,92.0
2025-06-12 03:29:00,40.7
2025-06-12 15:24:00,33.8
2025-06-12 15:22:00,35.4
2025-06-12 16:47:00,33.1
2025-06-12 17:37:00,74.0
2025-06-12 03:31:00,16.6
2025-06-12 11:07:00,90.8
2025-06-12 04:47:00,61.1
2025-06-12 08:03:00,45.2
2025-06-12 09:18:00,26.6
2025-06-12 20:13:00,33.0
2025-06-12 22:12:00,56.5
2025-06-12 14:25:00,45.6
2025-06-12 13:10:00,69.6
2025-06-12 14:34:00,14.3
2025-06-12 21:46:00,44.3
2025-06-12 06:51:00,50.12778039031272
2025-06-12 07:32:00,37.0
2025-06-12 06:53:00,34.3
2025-06-12 01:05:00,98.6
2025-06-12 11:49:00,90.9
2025-06-12 20:06:00,12.7
2025-06-12 16:26:00,58.7
2025-06-12 00:19:00,50.12778039031272
2025-06-12 10:12:00,54.4
2025-06-12 04:24:00,50.12778039031272
2025-06-12 10:06:00,31.1
2025-06-12 21:01:00,37.8
2025-06-12 16:03:00,50.4
2025-06-12 17:01:00,68.4
2025-06-12 15:00:00,95.1
2025-06-12 07:38:00,50.12778039031272
2025-06-12 01:38:00,84.7
2025-06-12 14:18:00,50.12778039031272
2025-06-12 00:44:00,56.7
2025-06-12 20:50:00,27.3
2025-06-12 16:11:00,28.9
2025-06-12 21:19:00,54.7
2025-06-12 05:25:00,50.12778039031272
2025-06-12 22:55:00,21.9
2025-06-12 22:23:00,95.8
2025-06-12 14:28:00,38.0
2025-06-12 19:11:00,75.0
2025-06-12 03:38:00,50.12778039031272
2025-06-12 04:46:00,44.4
2025-06-12 12:48:00,62.7
2025-06-12 04:57:00,0.4
2025-06-12 11:13:00,48.6
2025-06-12 16:35:00,69.3
2025-06-12 16:25:00,76.0
2025-06-12 02:59:00,87.1
2025-06-12 04:39:00,95.7
2025-06-12 05:37:00,50.12778039031272
2025-06-12 23:31:00,50.12778039031272
2025-06-12 06:45:00,80.7
2025-06-12 00:45:00,50.12778039031272
2025-06-12 02:10:00,73.0
2025-06-12 06:50:00,27.1
2025-06-12 19:44:00,50.12778039031272
2025-06-12 02:03:00,39.8
2025-06-12 08:50:00,50.12778039031272
2025-06-12 02:12:00,54.8
2025-06-12 17:26:00,99.4
2025-06-12 22:06:00,73.7
2025-06-12 02:55:00,50.12778039031272
2025-06-12 22:28:00,50.12778039031272
2025-06-12 03:56:00,1.7
2025-06-12 04:41:00,3.4
2025-06-12 17:04:00,28.7
2025-06-12 04:53:00,50.12778039031272
2025-06-12 12:47:00,89.9
2025-06-12 08:33:00,40.3
2025-06-12 09:16:00,65.9
2025-06-12 22:08:00,50.7
2025-06-12 06:37:00,57.5
2025-06-12 12:12:00,11.0
2025-06-12 10:41:00,26.0
2025-06-12 09:15:00,50.12778039031272
2025-06-12 06:30:00,50.12778039031272
2025-06-12 11:00:00,75.5
2025-06-12 07:54:00,9.0
2025-06-12 11:15:00,13.6
2025-06-12 18:25:00,50.12778039031272
2025-06-12 13:54:00,51.1
2025-06-12 13:46:00,66.5
2025-06-12 19:57:00,94.9
2025-06-12 14:41:00,19.3
2025-06-12 08:06:00,23.0
2025-06-12 08:41:00,58.6
2025-06-12 20:23:00,32.4
2025-06-12 10:37:00,28.9
2025-06-12 21:40:00,88.8
2025-06-12 10:35:00,50.12778039031272
2025-06-12 08:53:00,35.4
2025-06-12 04:25:00,53.8
2025-06-12 23:35:00,92.7
2025-06-12 06:43:00,50.12778039031272
2025-06-12 00:03:00,67.5
2025-06-12 23:32:00,97.9
2025-06-12 21:26:00,2.4
2025-06-12 03:04:00,50.12778039031272
2025-06-12 07:51:00,15.8
2025-06-12 07:42:00,17.9
2025-06-12 23:13:00,50.12778039031272
2025-06-12 03:15:00,76.4
2025-06-12 11:06:00,30.7
2025-06-12 04:12:00,59.9
2025-06-12 16:50:00,79.0
2025-06-12 23:12:00,50.12778039031272
2025-06-12 19:32:00,71.2
2025-06-12 18:21:00,47.0
2025-06-12 04:26:00,10.9
2025-06-12 01:09:00,80.8
2025-06-12 23:38:00,69.7
2025-06-12 06:19:00,72.7
2025-06-12 14:56:00,60.2
2025-06-12 11:02:00,30.8
2025-06-12 23:02:00,31.6
2025-06-12 19:23:00,38.8
2025-06-12 14:14:00,50.12778039031272
2025-06-12 17:35:00,50.12778039031272
2025-06-12 06:25:00,2.7
2025-06-12 23:09:00,50.12778039031272
2025-06-12 17:44:00,78.3
2025-06-12 17:36:00,50.12778039031272
2025-06-12 07:25:00,73.1
2025-06-12 22:16:00,20.3
2025-06-12 14:12:00,62.9
2025-06-12 21:17:00,42.8
2025-06-12 16:30:00,51.5
2025-06-12 15:13:00,50.12778039031272
2025-06-12 01:13:00,17.8
2025-06-12 14:32:00,50.12778039031272
2025-06-12 01:04:00,75.9
2025-06-12 07:52:00,87.6
2025-06-12 19:37:00,89.9
2025-06-12 18:39:00,12.6
2025-06-12 23:43:00,52.5
2025-06-12 20:57:00,50.12778039031272
2025-06-12 19:38:00,95.9
2025-06-12 00:47:00,95.3
2025-06-12 17:03:00,4.5
2025-06-12 13:07:00,61.4
2025-06-12 09:34:00,40.8
2025-06-12 20:08:00,88.6
2025-06-12 01:07:00,98.6
2025-06-12 14:45:00,49.8
2025-06-12 06:54:00,20.1
2025-06-12 04:58:00,50.1655304792927
2025-06-12 06:39:00,76.1
2025-06-12 20:22:00,59.4
2025-06-12 14:40:00,50.1655304792927
2025-06-12 15:07:00,89.7
2025-06-12 15:40:00,97.7
2025-06-12 21:25:00,38.1
2025-06-12 22:31:00,28.4
2025-06-12 00:47:00,84.8
2025-06-12 02:55:00,48.2
2025-06-12 15:01:00,50.1655304792927
2025-06-12 18:56:00,42.7
2025-06-12 03:08:00,63.3
2025-06-12 03:36:00,70.7
2025-06-12 07:55:00,59.4
2025-06-12 14:53:00,61.0
2025-06-12 23:00:00,53.8
2025-06-12 23:01:00,62.5
2025-06-12 11:57:00,10.3
2025-06-12 18:36:00,47.6
2025-06-12 03:44:00,74.4
2025-06-12 17:17:00,54.0
2025-06-12 01:55:00,25.8
2025-06-12 21:08:00,41.6
2025-06-12 17:35:00,45.5
2025-06-12 20:48:00,74.9
2025-06-12 14:15:00,45.4
2025-06-12 23:16:00,51.6
2025-06-12 23:39:00,26.0
2025-06-12 20:57:00,35.2
2025-06-12 20:56:00,10.4
2025-06-12 02:35:00,20.5
2025-06-12 04:03:00,50.1655304792927
2025-06-12 21:32:00,36.5
2025-06-12 11:20:00,12.8
2025-06-12 05:04:00,50.1655304792927
2025-06-12 21:33:00,48.7
2025-06-12 17:37:00,56.9
2025-06-12 05:11:00,6.1
2025-06-12 22:50:00,50.1655304792927
2025-06-12 08:57:00,40.0
2025-06-12 03:27:00,20.7
2025-06-12 19:15:00,79.0
2025-06-12 02:43:00,75.1
2025-06-12 10:35:00,99.8
2025-06-12 03:54:00,29.9
2025-06-12 18:54:00,41.0
2025-06-12 17:05:00,50.1655304792927
2025-06-12 10:26:00,14.7
2025-06-12 00:01:00,12.2
2025-06-12 09:41:00,7.3
2025-06-12 07:50:00,17.4
2025-06-12 02:18:00,94.1
2025-06-12 13:38:00,27.3
2025-06-12 23:34:00,65.8
2025-06-12 06:12:00,30.8
2025-06-12 09:49:00,50.1655304792927
2025-06-12 04:53:00,62.7
2025-06-12 02:36:00,17.0
2025-06-12 13:14:00,91.9
2025-06-12 04:35:00,56.5
2025-06-12 05:08:00,78.8
2025-06-12 12:54:00,48.5
2025-06-12 18:29:00,95.2
2025-06-12 14:13:00,91.4
2025-06-12 22:47:00,37.3
2025-06-12 23:17:00,15.0
2025-06-12 21:34:00,50.1655304792927
2025-06-12 17:33:00,74.4
2025-06-12 08:29:00,19.7
2025-06-12 03:41:00,46.5
2025-06-12 21:46:00,55.6
2025-06-12 17:47:00,72.5
2025-06-12 20:58:00,7.0
2025-06-12 19:10:00,47.1
2025-06-12 22:05:00,63.5
2025-06-12 22:06:00,26.4
2025-06-12 00:52:00,16.5
2025-06-12 01:48:00,50.1655304792927
2025-06-12 00:18:00,2.3
2025-06-12 00:36:00,61.2
2025-06-12 12:48:00,98.8
2025-06-12 03:31:00,89.5
2025-06-12 23:33:00,85.6
2025-06-12 03:48:00,4.3
2025-06-12 18:39:00,60.0
2025-06-12 14:55:00,74.2
2025-06-12 04:47:00,10.5
2025-06-12 11:38:00,24.9
2025-06-12 04:43:00,94.5
2025-06-12 20:29:00,50.1655304792927
2025-06-12 21:51:00,54.7
2025-06-12 13:09:00,70.8
2025-06-12 16:36:00,44.7
2025-06-12 23:35:00,41.5
2025-06-12 05:21:00,27.7
2025-06-12 01:29:00,75.9
2025-06-12 14:08:00,2.2
2025-06-12 21:44:00,32.1
2025-06-12 07:13:00,81.0
2025-06-12 05:54:00,89.5
2025-06-12 03:33:00,82.4
2025-06-12 18:59:00,78.1
2025-06-12 03:43:00,68.0
2025-06-12 03:32:00,66.9
2025-06-12 20:32:00,22.6
2025-06-12 00:25:00,40.8
2025-06-12 10:00:00,14.5
2025-06-12 19:55:00,36.4
2025-06-12 04:55:00,61.8
2025-06-12 17:21:00,48.7
2025-06-12 14:52:00,23.0
2025-06-12 11:54:00,1.2
2025-06-12 19:31:00,32.9
2025-06-12 08:56:00,42.8
2025-06-12 23:30:00,36.1
2025-06-12 16:22:00,32.7
2025-06-12 00:29:00,96.5
2025-06-12 05:50:00,57.2
2025-06-12 21:05:00,98.7
2025-06-12 15:49:00,5.9
2025-06-12 05:18:00,57.1
2025-06-12 16:31:00,29.8
2025-06-12 03:49:00,44.0
2025-06-12 12:38:00,24.7
2025-06-12 13:59:00,34.0
2025-06-12 19:09:00,8.0
2025-06-12 01:25:00,87.5
2025-06-12 01:56:00,30.9
2025-06-12 15:54:00,43.0
2025-06-12 00:00:00,58.9
2025-06-12 21:01:00,91.3
2025-06-12 22:46:00,26.3
2025-06-12 03:12:00,63.2
2025-06-12 10:32:00,63.1
2025-06-12 07:37:00,13.9
2025-06-12 19:36:00,93.6
2025-06-12 02:33:00,63.8
2025-06-12 06:24:00,0.5
2025-06-12 11:07:00,55.1
2025-06-12 04:31:00,72.5
2025-06-12 19:27:00,95.7
2025-06-12 22:25:00,96.1
2025-06-12 01:21:00,26.8
2025-06-12 15:43:00,94.5
2025-06-12 13:41:00,43.7
2025-06-12 14:28:00,49.1
2025-06-12 03:34:00,97.0
2025-06-12 12:55:00,71.1
2025-06-12 15:37:00,49.5
2025-06-12 04:14:00,88.6
2025-06-12 06:40:00,2.7
2025-06-12 00:40:00,77.4
2025-06-12 10:16:00,61.6
2025-06-12 09:06:00,77.9
2025-06-12 23:09:00,50.1655304792927
2025-06-12 01:43:00,68.1
2025-06-12 15:47:00,99.1
2025-06-12 06:33:00,53.9
2025-06-12 09:56:00,20.5
2025-06-12 11:35:00,64.1
2025-06-12 19:56:00,50.1655304792927
2025-06-12 14:35:00,35.7
2025-06-12 19:11:00,6.2
2025-06-12 08:53:00,50.1655304792927
2025-06-12 19:50:00,9.2
2025-06-12 02:45:00,9.0
2025-06-12 05:52:00,1.1
2025-06-12 06:29:00,68.3
2025-06-12 01:41:00,63.1
2025-06-12 04:04:00,86.8
2025-06-12 01:16:00,88.8
2025-06-12 13:46:00,8.9
2025-06-12 15:21:00,77.6
2025-06-12 07:24:00,25.3
2025-06-12 10:54:00,50.1655304792927
2025-06-12 05:41:00,54.8
2025-06-12 06:14:00,95.6
2025-06-12 23:56:00,54.2
2025-06-12 03:10:00,50.2
2025-06-12 17:56:00,63.1
2025-06-12 17:36:00,27.5
2025-06-12 18:52:00,50.1655304792927
2025-06-12 03:14:00,50.1655304792927
2025-06-12 15:59:00,50.1655304792927
2025-06-12 02:40:00,64.4
2025-06-12 21:12:00,17.3
2025-06-12 16:40:00,58.9
2025-06-12 23:43:00,51.8
2025-06-12 07:05:00,60.8
2025-06-12 00:16:00,40.4
2025-06-12 19:05:00,94.5
2025-06-12 01:26:00,3.2
2025-06-12 00:55:00,9.3
2025-06-12 14:42:00,7.4
2025-06-12 20:40:00,23.6
2025-06-12 08:20:00,2.2
2025-06-12 00:05:00,53.8
2025-06-12 08:25:00,90.6
2025-06-12 17:28:00,92.0
2025-06-12 03:35:00,74.5
2025-06-12 02:57:00,54.4
2025-06-12 04:56:00,64.7
2025-06-12 05:06:00,50.1655304792927
2025-06-12 19:43:00,50.1655304792927
2025-06-12 01:33:00,12.3
2025-06-12 20:16:00,72.1
2025-06-12 06:18:00,53.4
2025-06-12 01:27:00,50.1655304792927
2025-06-12 14:07:00,26.4
2025-06-12 08:34:00,54.0
2025-06-12 19:22:00,15.8
2025-06-12 12:59:00,50.1655304792927
2025-06-12 03:57:00,29.9
2025-06-12 15:23:00,40.9
2025-06-12 15:08:00,14.6
2025-06-12 01:12:00,56.4
2025-06-12 17:23:00,38.3
2025-06-12 08:15:00,54.6
2025-06-12 02:51:00,27.0
2025-06-12 17:45:00,38.3
2025-06-12 18:44:00,43.6
2025-06-12 04:10:00,37.3
2025-06-12 19:59:00,61.5
2025-06-12 13:52:00,73.7
2025-06-12 02:28:00,49.4
2025-06-12 19:51:00,36.8
2025-06-12 00:43:00,25.3
2025-06-12 07:22:00,87.8
2025-06-12 20:03:00,53.5
2025-06-12 12:40:00,14.6
2025-06-12 10:06:00,50.1655304792927
2025-06-12 20:49:00,54.8
2025-06-12 18:02:00,3.6
2025-06-12 15:06:00,50.1655304792927
2025-06-12 16:01:00,35.6
2025-06-12 22:54:00,22.4
2025-06-12 14:18:00,71.6
2025-06-12 16:11:00,50.1655304792927
2025-06-12 20:25:00,86.0
2025-06-12 01:32:00,11.5
2025-06-12 03:38:00,10.2
2025-06-12 21:09:00,94.4
2025-06-12 05:43:00,88.3
2025-06-12 01:50:00,94.0
2025-06-12 18:49:00,50.1655304792927
2025-06-12 03:42:00,73.0
2025-06-12 03:25:00,46.0
2025-06-12 00:41:00,13.4
2025-06-12 00:30:00,19.4
2025-06-12 02:30:00,79.4
2025-06-12 17:30:00,89.9
2025-06-12 10:30:00,21.5
2025-06-12 03:24:00,59.7
2025-06-12 23:47:00,50.1655304792927
2025-06-12 18:41:00,94.7
2025-06-12 22:19:00,50.1655304792927
2025-06-12 10:49:00,51.1
2025-06-12 03:55:00,50.1655304792927
2025-06-12 23:40:00,56.4
2025-06-12 04:49:00,50.1655304792927
2025-06-12 03:39:00,50.1655304792927
2025-06-12 06:28:00,83.6
2025-06-12 20:04:00,75.2
2025-06-12 19:14:00,42.9
2025-06-12 12:23:00,54.2
2025-06-12 19:21:00,35.9
2025-06-12 02:06:00,88.3
2025-06-12 06:56:00,25.3
2025-06-12 15:28:00,78.8
2025-06-12 23:14:00,64.7
2025-06-12 06:04:00,69.9
2025-06-12 01:59:00,43.8
2025-06-12 00:03:00,19.5
2025-06-12 23:18:00,82.9
2025-06-12 23:07:00,94.2
2025-06-12 23:31:00,75.9
2025-06-12 21:39:00,40.1
2025-06-12 14:12:00,68.3
2025-06-12 07:43:00,37.5
2025-06-12 02:04:00,50.2
2025-06-12 16:49:00,15.1
2025-06-12 22:58:00,67.9
2025-06-12 11:53:00,97.2
2025-06-12 03:29:00,32.9
2025-06-12 15:33:00,67.5
2025-06-12 13:42:00,44.6
2025-06-12 17:01:00,50.1655304792927
2025-06-12 12:42:00,50.0
2025-06-12 02:49:00,84.2
2025-06-12 19:01:00,55.2
2025-06-12 09:34:00,13.9
2025-06-12 21:57:00,13.0
2025-06-12 04:19:00,85.3
2025-06-12 02:57:00,68.2
2025-06-12 17:31:00,50.16485882352941
2025-06-12 18:36:00,50.16485882352941
2025-06-12 20:34:00,90.4
2025-06-12 01:38:00,57.6
2025-06-12 05:58:00,59.2
2025-06-12 17:59:00,50.16485882352941
2025-06-12 11:47:00,50.16485882352941
2025-06-12 17:08:00,50.16485882352941
2025-06-12 22:39:00,98.1
2025-06-12 15:03:00,6.4
2025-06-12 10:36:00,54.5
2025-06-12 14:41:00,67.3
2025-06-12 00:19:00,99.8
2025-06-12 23:50:00,82.5
2025-06-12 16:58:00,50.16485882352941
2025-06-12 17:30:00,50.16485882352941
2025-06-12 17:33:00,50.16485882352941
2025-06-12 19:51:00,19.6
2025-06-12 10:39:00,38.0
2025-06-12 18:55:00,3.3
2025-06-12 04:10:00,53.3
2025-06-12 03:03:00,28.9
2025-06-12 03:42:00,50.16485882352941
2025-06-12 05:35:00,78.0
2025-06-12 01:40:00,43.4
2025-06-12 19:15:00,74.8
2025-06-12 00:51:00,44.6
2025-06-12 00:49:00,15.7
2025-06-12 09:06:00,63.0
2025-06-12 07:57:00,67.0
2025-06-12 19:07:00,48.0
2025-06-12 00:42:00,99.1
2025-06-12 06:53:00,13.1
2025-06-12 00:52:00,7.9
2025-06-12 04:09:00,59.1
2025-06-12 11:07:00,25.1
2025-06-12 13:18:00,32.7
2025-06-12 10:27:00,3.0
2025-06-12 13:02:00,65.2
2025-06-12 00:09:00,45.9
2025-06-12 02:10:00,74.5
2025-06-12 20:46:00,45.9
2025-06-12 09:07:00,90.2
2025-06-12 21:26:00,35.2
2025-06-12 06:20:00,39.6
2025-06-12 08:43:00,67.5
2025-06-12 14:14:00,70.9
2025-06-12 00:10:00,13.0
2025-06-12 16:11:00,81.9
2025-06-12 03:11:00,48.6
2025-06-12 03:34:00,68.0
2025-06-12 08:21:00,5.9
2025-06-12 21:06:00,79.7
2025-06-12 12:58:00,50.9
2025-06-12 12:36:00,50.16485882352941
2025-06-12 07:49:00,41.3
2025-06-12 03:04:00,59.8
2025-06-12 00:58:00,98.5
2025-06-12 16:34:00,63.3
2025-06-12 02:03:00,0.3
2025-06-12 14:09:00,16.7
2025-06-12 03:45:00,19.7
2025-06-12 22:51:00,22.6
2025-06-12 06:10:00,72.0
2025-06-12 15:31:00,29.2
2025-06-12 06:04:00,77.6
2025-06-12 05:28:00,95.1
2025-06-12 09:37:00,26.7
2025-06-12 22:36:00,50.16485882352941
2025-06-12 01:57:00,18.4
2025-06-12 22:41:00,50.16485882352941
2025-06-12 01:32:00,85.4
2025-06-12 05:00:00,50.16485882352941
2025-06-12 11:32:00,98.1
2025-06-12 16:15:00,67.7
2025-06-12 01:28:00,86.6
2025-06-12 01:37:00,52.5
2025-06-12 07:40:00,50.1
2025-06-12 04:11:00,2.8
2025-06-12 18:45:00,46.5
2025-06-12 23:21:00,87.8
2025-06-12 20:26:00,24.9
2025-06-12 22:53:00,17.7
2025-06-12 03:23:00,67.4
2025-06-12 10:08:00,54.7
2025-06-12 06:26:00,50.16485882352941
2025-06-12 12:12:00,16.9
2025-06-12 21:45:00,5.3
2025-06-12 03:28:00,84.0
2025-06-12 19:56:00,39.2
2025-06-12 12:26:00,85.8
2025-06-12 07:41:00,38.7
2025-06-12 01:03:00,62.5
2025-06-12 03:37:00,39.7
2025-06-12 20:24:00,50.16485882352941
2025-06-12 04:18:00,70.4
2025-06-12 02:06:00,35.1
2025-06-12 16:40:00,50.16485882352941
2025-06-12 00:25:00,34.4
2025-06-12 07:46:00,17.4
2025-06-12 19:09:00,30.8
2025-06-12 09:42:00,65.7
2025-06-12 05:41:00,64.8
2025-06-12 21:48:00,92.8
2025-06-12 23:15:00,17.2
2025-06-12 04:37:00,33.6
2025-06-12 11:02:00,40.7
2025-06-12 07:31:00,90.9
2025-06-12 15:35:00,46.2
2025-06-12 01:00:00,72.6
2025-06-12 23:01:00,65.6
2025-06-12 00:38:00,92.5
2025-06-12 11:17:00,56.7
2025-06-12 06:30:00,53.4
2025-06-12 06:05:00,5.5
2025-06-12 00:15:00,50.16485882352941
2025-06-12 05:57:00,50.16485882352941
2025-06-12 21:34:00,98.1
2025-06-12 17:37:00,66.2
2025-06-12 23:59:00,6.9
2025-06-12 08:38:00,53.2
2025-06-12 07:00:00,44.7
2025-06-12 04:28:00,24.4
2025-06-12 06:08:00,66.9
2025-06-12 12:33:00,87.3
2025-06-12 20:13:00,22.9
2025-06-12 23:38:00,50.16485882352941
2025-06-12 14:47:00,98.1
2025-06-12 20:14:00,96.8
2025-06-12 00:54:00,78.0
2025-06-12 15:34:00,76.8
2025-06-12 00:18:00,20.1
2025-06-12 01:15:00,18.6
2025-06-12 00:16:00,23.4
2025-06-12 19:28:00,3.9
2025-06-12 06:02:00,68.0
2025-06-12 06:27:00,50.16485882352941
2025-06-12 16:49:00,50.16485882352941
2025-06-12 06:25:00,63.3
2025-06-12 18:11:00,50.16485882352941
2025-06-12 02:49:00,29.6
2025-06-12 02:46:00,9.5
2025-06-12 16:06:00,40.8
2025-06-12 01:22:00,74.8
2025-06-12 09:39:00,97.7
2025-06-12 18:31:00,50.16485882352941
2025-06-12 08:17:00,50.16485882352941
2025-06-12 00:36:00,49.9
2025-06-12 10:18:00,69.9
2025-06-12 17:32:00,29.0
2025-06-12 06:46:00,21.0
2025-06-12 06:43:00,50.16485882352941
2025-06-12 01:10:00,20.0
2025-06-12 06:12:00,14.2
2025-06-12 05:56:00,50.16485882352941
2025-06-12 21:42:00,78.6
2025-06-12 15:29:00,28.0
2025-06-12 15:50:00,59.3
2025-06-12 08:29:00,50.6
2025-06-12 23:40:00,43.6
2025-06-12 21:46:00,61.4
2025-06-12 20:57:00,69.4
2025-06-12 14:26:00,8.6
2025-06-12 21:49:00,9.9
2025-06-12 20:02:00,68.5
2025-06-12 17:46:00,72.9
2025-06-12 00:23:00,58.5
2025-06-12 03:17:00,50.16485882352941
2025-06-12 10:53:00,40.0
2025-06-12 05:36:00,35.9
2025-06-12 09:15:00,95.6
2025-06-12 23:18:00,49.5
2025-06-12 02:34:00,50.8
2025-06-12 07:01:00,22.4
2025-06-12 02:32:00,30.3
2025-06-12 12:50:00,9.5
2025-06-12 08:27:00,99.5
2025-06-12 04:13:00,33.3
2025-06-12 16:19:00,88.5
2025-06-12 18:26:00,70.9
2025-06-12 11:48:00,50.16485882352941
2025-06-12 22:43:00,77.8
2025-06-12 03:54:00,45.7
2025-06-12 08:23:00,66.5
2025-06-12 16:57:00,31.4
2025-06-12 21:35:00,46.0
2025-06-12 00:01:00,84.9
2025-06-12 12:59:00,50.16485882352941
2025-06-12 00:12:00,35.7
2025-06-12 19:30:00,45.8
2025-06-12 15:30:00,52.6
2025-06-12 08:35:00,66.0
2025-06-12 08:50:00,50.16485882352941
2025-06-12 07:23:00,87.7
2025-06-12 19:55:00,14.5
2025-06-12 16:07:00,50.16485882352941
2025-06-12 23:36:00,66.9
2025-06-12 16:28:00,88.8
2025-06-12 04:44:00,67.3
2025-06-12 08:10:00,50.16485882352941
2025-06-12 11:46:00,70.1
2025-06-12 07:03:00,39.3
2025-06-12 07:14:00,50.16485882352941
2025-06-12 06:34:00,46.8
2025-06-12 23:47:00,91.9
2025-06-12 10:46:00,65.3
2025-06-12 18:53:00,27.1
2025-06-12 00:31:00,7.0
2025-06-12 22:29:00,32.6
2025-06-12 23:24:00,46.0
2025-06-12 22:07:00,15.7
2025-06-12 10:10:00,50.16485882352941
2025-06-12 18:23:00,38.9
2025-06-12 13:56:00,88.8
2025-06-12 03:15:00,19.3
2025-06-12 17:35:00,8.6
2025-06-12 09:29:00,34.0
2025-06-12 10:43:00,49.8
2025-06-12 07:02:00,50.16485882352941
2025-06-12 12:51:00,88.0
2025-06-12 19:59:00,22.8
2025-06-12 05:51:00,82.1
2025-06-12 19:11:00,99.9
2025-06-12 18:04:00,76.1
2025-06-12 21:04:00,80.8
2025-06-12 22:24:00,15.1
2025-06-12 17:51:00,44.5
2025-06-12 23:03:00,15.2
2025-06-12 01:24:00,71.9
2025-06-12 06:15:00,18.9
2025-06-12 09:01:00,24.1
2025-06-12 07:22:00,29.9
2025-06-12 10:57:00,94.1
2025-06-12 07:48:00,89.1
2025-06-12 16:42:00,71.8
2025-06-12 20:10:00,79.3
2025-06-12 11:28:00,77.3
2025-06-12 07:28:00,45.9
2025-06-12 00:35:00,49.8
2025-06-12 23:07:00,50.16485882352941
2025-06-12 23:29:00,50.16485882352941
2025-06-12 04:30:00,78.7
2025-06-12 17:52:00,50.16485882352941
2025-06-12 06:03:00,47.3
2025-06-12 06:21:00,95.3
2025-06-12 22:45:00,32.0
2025-06-12 09:41:00,50.16485882352941
2025-06-12 04:27:00,79.6
2025-06-12 13:38:00,0.6
2025-06-12 11:42:00,14.7
2025-06-12 20:16:00,24.0
2025-06-12 23:49:00,14.6
2025-06-12 14:00:00,50.16485882352941
2025-06-12 19:31:00,63.3
2025-06-12 05:59:00,67.6
2025-06-12 02:35:00,48.9
2025-06-12 20:20:00,69.3
2025-06-12 00:17:00,16.9
2025-06-12 00:33:00,23.5
2025-06-12 22:04:00,50.16485882352941
2025-06-12 17:20:00,50.16485882352941
2025-06-12 13:44:00,16.2
2025-06-12 02:05:00,18.4
2025-06-12 21:55:00,2.9
2025-06-12 01:17:00,47.9
2025-06-12 20:33:00,82.0
2025-06-12 21:27:00,32.3
2025-06-12 08:39:00,50.16485882352941
2025-06-12 07:58:00,37.7
2025-06-12 21:07:00,37.9
2025-06-12 20:53:00,35.5
2025-06-12 17:04:00,84.9
2025-06-12 08:44:00,41.5
2025-06-12 15:40:00,27.5
2025-06-12 16:02:00,31.1
2025-06-12 23:44:00,50.16485882352941
2025-06-12 09:46:00,50.16485882352941
2025-06-12 11:56:00,50.16485882352941
2025-06-12 18:15:00,31.0
2025-06-12 16:12:00,50.16485882352941
2025-06-12 04:45:00,64.9
2025-06-12 09:00:00,14.9
2025-06-12 11:55:00,69.1
2025-06-12 11:40:00,56.0
2025-06-12 22:20:00,8.3
2025-06-12 21:03:00,16.0
2025-06-12 10:02:00,50.16485882352941
2025-06-12 02:08:00,97.6
2025-06-12 05:30:00,90.7
2025-06-12 08:49:00,4.4
2025-06-12 10:30:00,89.6
2025-06-12 00:13:00,32.5
2025-06-12 22:05:00,13.6
2025-06-12 01:05:00,64.2
2025-06-12 18:27:00,50.16485882352941
2025-06-12 10:17:00,12.1
2025-06-12 13:33:00,50.16485882352941
2025-06-12 13:07:00,50.16485882352941
2025-06-12 22:49:00,30.5
2025-06-12 04:43:00,78.5
2025-06-12 22:31:00,83.1
2025-06-12 19:25:00,78.6
2025-06-12 03:10:00,13.2
2025-06-12 06:16:00,50.16485882352941
2025-06-12 06:50:00,50.16485882352941
2025-06-12 07:34:00,77.5
2025-06-12 21:14:00,46.7
2025-06-12 08:34:00,9.5
2025-06-12 21:11:00,1.4
2025-06-12 09:59:00,55.5
2025-06-12 07:05:00,50.9
2025-06-12 20:19:00,49.7
2025-06-12 22:58:00,31.7
2025-06-12 14:36:00,49.40323484760014
2025-06-12 14:54:00,68.6
2025-06-12 09:39:00,25.7
2025-06-12 01:28:00,49.40323484760014
2025-06-12 17:56:00,49.40323484760014
2025-06-12 14:45:00,49.40323484760014
2025-06-12 16:35:00,9.0
2025-06-12 19:05:00,42.8
2025-06-12 19:22:00,52.6
2025-06-12 21:58:00,69.1
2025-06-12 06:43:00,91.4
2025-06-12 08:00:00,62.7
2025-06-12 08:32:00,45.0
2025-06-12 16:49:00,79.9
2025-06-12 04:38:00,33.0
2025-06-12 15:15:00,38.6
2025-06-12 00:01:00,49.40323484760014
2025-06-12 21:08:00,53.4
2025-06-12 08:55:00,84.9
2025-06-12 17:54:00,68.6
2025-06-12 16:54:00,49.40323484760014
2025-06-12 03:36:00,70.3
2025-06-12 17:44:00,29.0
2025-06-12 22:23:00,49.40323484760014
2025-06-12 18:42:00,30.1
2025-06-12 23:25:00,85.4
2025-06-12 23:27:00,59.5
2025-06-12 05:24:00,49.40323484760014
2025-06-12 06:14:00,42.1
2025-06-12 04:56:00,76.0
2025-06-12 06:46:00,14.3
2025-06-12 22:38:00,68.8
2025-06-12 14:28:00,31.8
2025-06-12 09:28:00,33.8
2025-06-12 21:10:00,13.7
2025-06-12 02:39:00,11.0
2025-06-12 17:53:00,6.1
2025-06-12 09:03:00,52.5
2025-06-12 20:13:00,49.40323484760014
2025-06-12 21:06:00,49.40323484760014
2025-06-12 09:13:00,11.1
2025-06-12 05:59:00,50.6
2025-06-12 19:58:00,71.5
2025-06-12 17:50:00,11.8
2025-06-12 11:42:00,48.9
2025-06-12 12:56:00,77.9
2025-06-12 06:01:00,96.6
2025-06-12 04:37:00,40.7
2025-06-12 19:46:00,13.3
2025-06-12 11:10:00,16.6
2025-06-12 13:13:00,96.2
2025-06-12 17:10:00,49.40323484760014
2025-06-12 23:05:00,99.5
2025-06-12 03:28:00,91.3
2025-06-12 06:31:00,64.1
2025-06-12 01:41:00,48.2
2025-06-12 08:46:00,97.5
2025-06-12 14:18:00,22.7
2025-06-12 02:59:00,36.6
2025-06-12 13:50:00,95.5
2025-06-12 16:38:00,28.8
2025-06-12 04:26:00,15.9
2025-06-12 19:00:00,50.3
2025-06-12 00:05:00,70.3
2025-06-12 00:12:00,73.2
2025-06-12 14:55:00,49.40323484760014
2025-06-12 07:56:00,49.40323484760014
2025-06-12 01:44:00,97.8
2025-06-12 06:54:00,13.6
2025-06-12 21:25:00,45.3
2025-06-12 00:16:00,38.6
2025-06-12 13:04:00,56.1
2025-06-12 15:52:00,66.9
2025-06-12 08:08:00,61.3
2025-06-12 03:26:00,95.0
2025-06-12 20:15:00,53.4
2025-06-12 15:24:00,54.6
2025-06-12 03:50:00,88.2
2025-06-12 10:48:00,93.3
2025-06-12 11:14:00,98.1
2025-06-12 08:59:00,50.7
2025-06-12 09:32:00,44.5
2025-06-12 09:07:00,96.6
2025-06-12 21:24:00,39.4
2025-06-12 14:51:00,49.40323484760014
2025-06-12 04:58:00,34.1
2025-06-12 18:08:00,49.40323484760014
2025-06-12 09:53:00,51.2
2025-06-12 23:17:00,76.0
2025-06-12 19:40:00,85.9
2025-06-12 22:15:00,0.7
2025-06-12 08:33:00,81.3
2025-06-12 22:02:00,31.8
2025-06-12 07:32:00,54.7
2025-06-12 10:46:00,49.40323484760014
2025-06-12 20:04:00,72.6
2025-06-12 19:02:00,49.40323484760014
2025-06-12 09:51:00,73.3
2025-06-12 16:03:00,35.7
2025-06-12 22:27:00,58.3
2025-06-12 17:51:00,34.8
2025-06-12 01:09:00,79.5
2025-06-12 01:56:00,81.0
2025-06-12 05:47:00,92.6
2025-06-12 01:10:00,55.3
2025-06-12 04:25:00,48.8
2025-06-12 22:03:00,62.9
2025-06-12 09:18:00,83.4
2025-06-12 23:20:00,49.40323484760014
2025-06-12 11:39:00,70.0
2025-06-12 03:15:00,83.9
2025-06-12 01:04:00,49.40323484760014
2025-06-12 05:17:00,79.6
2025-06-12 12:29:00,17.7
2025-06-12 15:35:00,9.7
2025-06-12 06:04:00,8.6
2025-06-12 10:14:00,13.2
2025-06-12 23:58:00,13.3
2025-06-12 01:46:00,64.4
2025-06-12 01:06:00,7.4
2025-06-12 12:37:00,49.1
2025-06-12 17:12:00,44.5
2025-06-12 14:34:00,75.2
2025-06-12 02:34:00,49.0
2025-06-12 03:53:00,11.2
2025-06-12 01:33:00,54.4
2025-06-12 22:50:00,59.4
2025-06-12 14:09:00,59.7
2025-06-12 08:15:00,61.3
2025-06-12 13:19:00,92.5
2025-06-12 17:23:00,59.5
2025-06-12 22:14:00,19.5
2025-06-12 17:32:00,43.0
2025-06-12 22:28:00,95.8
2025-06-12 14:06:00,49.40323484760014
2025-06-12 19:23:00,49.40323484760014
2025-06-12 08:17:00,42.4
2025-06-12 05:10:00,27.3
2025-06-12 05:50:00,31.3
2025-06-12 06:05:00,17.3
2025-06-12 00:29:00,68.1
2025-06-12 23:45:00,90.9
2025-06-12 06:39:00,49.40323484760014
2025-06-12 10:32:00,59.9
2025-06-12 01:22:00,15.5
2025-06-12 08:50:00,6.3
2025-06-12 14:11:00,49.40323484760014
2025-06-12 09:16:00,17.9
2025-06-12 12:01:00,33.5
2025-06-12 19:21:00,33.7
2025-06-12 20:39:00,23.1
2025-06-12 03:37:00,23.6
2025-06-12 19:31:00,78.2
2025-06-12 17:47:00,49.40323484760014
2025-06-12 03:45:00,12.6
2025-06-12 22:10:00,16.0
2025-06-12 10:36:00,15.5
2025-06-12 09:23:00,6.3
2025-06-12 22:21:00,49.40323484760014
2025-06-12 15:39:00,20.2
2025-06-12 20:41:00,66.3
2025-06-12 04:35:00,70.5
2025-06-12 03:09:00,94.3
2025-06-12 21:42:00,22.5
2025-06-12 21:33:00,52.7
2025-06-12 13:56:00,50.3
2025-06-12 23:07:00,49.40323484760014
2025-06-12 00:54:00,11.2
2025-06-12 04:52:00,87.5
2025-06-12 06:22:00,68.8
2025-06-12 15:19:00,55.4
2025-06-12 13:28:00,76.8
2025-06-12 04:17:00,47.9
2025-06-12 03:29:00,49.40323484760014
2025-06-12 09:45:00,48.6
2025-06-12 11:57:00,54.9
2025-06-12 21:46:00,14.3
2025-06-12 12:14:00,70.2
2025-06-12 10:00:00,47.7
2025-06-12 15:04:00,69.8
2025-06-12 13:18:00,38.1
2025-06-12 11:43:00,64.4
2025-06-12 09:08:00,42.3
2025-06-12 13:44:00,82.1
2025-06-12 06:50:00,86.1
2025-06-12 06:18:00,31.2
2025-06-12 21:19:00,31.6
2025-06-12 21:56:00,31.1
2025-06-12 02:32:00,39.8
2025-06-12 23:52:00,41.5
2025-06-12 14:16:00,18.1
2025-06-12 01:24:00,69.1
2025-06-12 11:45:00,49.40323484760014
2025-06-12 01:05:00,76.2
2025-06-12 21:05:00,30.9
2025-06-12 04:16:00,53.3
2025-06-12 22:39:00,49.40323484760014
2025-06-12 11:12:00,64.2
2025-06-12 20:22:00,49.40323484760014
2025-06-12 19:41:00,1.3
2025-06-12 21:13:00,49.40323484760014
2025-06-12 12:02:00,49.40323484760014
2025-06-12 11:17:00,49.40323484760014
2025-06-12 10:28:00,14.1
2025-06-12 09:05:00,84.6
2025-06-12 14:24:00,16.0
2025-06-12 16:12:00,86.2
2025-06-12 20:14:00,6.0
2025-06-12 08:49:00,49.40323484760014
2025-06-12 06:56:00,35.8
2025-06-12 04:59:00,58.1
2025-06-12 20:23:00,49.40323484760014
2025-06-12 18:09:00,93.5
2025-06-12 15:30:00,3.9
2025-06-12 08:13:00,92.9
2025-06-12 09:44:00,94.0
2025-06-12 21:18:00,77.2
2025-06-12 19:36:00,88.5
2025-06-12 17:38:00,73.8
2025-06-12 20:17:00,53.3
2025-06-12 05:11:00,47.1
2025-06-12 09:29:00,84.4
2025-06-12 12:05:00,49.40323484760014
2025-06-12 23:40:00,93.2
2025-06-12 13:10:00,5.3
2025-06-12 23:03:00,91.7
2025-06-12 13:15:00,7.4
2025-06-12 05:57:00,35.4
2025-06-12 06:25:00,77.5
2025-06-12 14:17:00,5.2
2025-06-12 00:50:00,69.6
2025-06-12 15:45:00,62.8
2025-06-12 23:42:00,70.5
2025-06-12 16:08:00,77.5
2025-06-12 11:18:00,24.9
2025-06-12 04:13:00,66.7
2025-06-12 01:47:00,49.8
2025-06-12 23:22:00,49.40323484760014
2025-06-12 20:42:00,64.3
2025-06-12 05:01:00,97.3
2025-06-12 10:25:00,51.7
2025-06-12 21:47:00,35.0
2025-06-12 01:31:00,54.6
2025-06-12 15:16:00,21.1
2025-06-12 13:35:00,14.3
2025-06-12 13:51:00,33.7
2025-06-12 00:40:00,86.7
2025-06-12 04:40:00,49.40323484760014
2025-06-12 03:42:00,27.7
2025-06-12 00:30:00,74.8
2025-06-12 18:41:00,83.4
2025-06-12 18:49:00,49.40323484760014
2025-06-12 15:13:00,65.8
2025-06-12 01:35:00,13.7
2025-06-12 07:48:00,49.40323484760014
2025-06-12 17:17:00,54.6
2025-06-12 11:35:00,66.1
2025-06-12 16:25:00,2.6
2025-06-12 22:34:00,86.4
2025-06-12 16:27:00,41.7
2025-06-12 19:55:00,29.5
2025-06-12 05:19:00,49.40323484760014
2025-06-12 13:47:00,50.4
2025-06-12 03:22:00,7.2
2025-06-12 07:06:00,57.4
2025-06-12 00:18:00,41.8
2025-06-12 17:26:00,58.0
2025-06-12 16:09:00,2.0
2025-06-12 12:27:00,18.8
2025-06-12 06:38:00,49.40323484760014
2025-06-12 07:42:00,21.4
2025-06-12 21:32:00,8.1
2025-06-12 05:42:00,50.6
2025-06-12 08:01:00,52.4
2025-06-12 11:58:00,20.1
2025-06-12 07:43:00,70.1
2025-06-12 16:24:00,48.0
2025-06-12 00:07:00,89.6
2025-06-12 04:34:00,75.6
2025-06-12 00:44:00,38.6
2025-06-12 04:15:00,49.40323484760014
2025-06-12 02:09:00,24.7
2025-06-12 12:18:00,51.7
2025-06-12 07:07:00,88.4
2025-06-12 11:55:00,63.8
2025-06-12 23:37:00,9.3
2025-06-12 16:24:00,95.9
2025-06-12 00:30:00,29.0
2025-06-12 23:54:00,39.8
2025-06-12 09:48:00,12.6
2025-06-12 05:36:00,91.5
2025-06-12 17:20:00,50.400661703887515
2025-06-12 09:05:00,76.8
2025-06-12 19:03:00,50.400661703887515
2025-06-12 03:13:00,91.9
2025-06-12 08:50:00,56.0
2025-06-12 06:42:00,76.4
2025-06-12 08:22:00,56.1
2025-06-12 03:27:00,73.0
2025-06-12 04:52:00,27.4
2025-06-12 15:56:00,4.1
2025-06-12 05:52:00,75.6
2025-06-12 18:20:00,39.5
2025-06-12 02:20:00,8.4
2025-06-12 11:33:00,27.3
2025-06-12 23:02:00,99.2
2025-06-12 02:36:00,76.8
2025-06-12 23:45:00,93.4
2025-06-12 03:44:00,23.5
2025-06-12 16:34:00,8.0
2025-06-12 21:12:00,79.4
2025-06-12 11:07:00,0.5
2025-06-12 17:50:00,10.8
2025-06-12 14:28:00,24.5
2025-06-12 00:41:00,50.400661703887515
2025-06-12 01:21:00,97.1
2025-06-12 09:23:00,23.1
2025-06-12 08:54:00,96.5
2025-06-12 06:38:00,50.400661703887515
2025-06-12 20:18:00,59.4
2025-06-12 20:08:00,3.6
2025-06-12 02:58:00,76.4
2025-06-12 05:22:00,12.0
2025-06-12 07:47:00,50.400661703887515
2025-06-12 22:57:00,71.6
2025-06-12 15:54:00,63.2
2025-06-12 10:10:00,27.2
2025-06-12 18:59:00,95.9
2025-06-12 21:17:00,22.5
2025-06-12 01:36:00,95.2
2025-06-12 19:27:00,39.4
2025-06-12 22:40:00,50.400661703887515
2025-06-12 14:56:00,50.400661703887515
2025-06-12 11:10:00,97.9
2025-06-12 09:25:00,74.9
2025-06-12 21:19:00,16.8
2025-06-12 09:13:00,76.3
2025-06-12 22:25:00,91.4
2025-06-12 11:45:00,59.6
2025-06-12 05:19:00,92.2
2025-06-12 22:48:00,20.6
2025-06-12 03:58:00,26.2
2025-06-12 09:12:00,37.0
2025-06-12 06:23:00,88.0
2025-06-12 06:18:00,17.5
2025-06-12 01:20:00,61.6
2025-06-12 22:03:00,75.5
2025-06-12 13:15:00,47.1
2025-06-12 05:00:00,50.400661703887515
2025-06-12 03:22:00,53.9
2025-06-12 16:25:00,14.0
2025-06-12 13:11:00,75.9
2025-06-12 06:37:00,33.1
2025-06-12 13:03:00,50.400661703887515
2025-06-12 07:58:00,88.4
2025-06-12 09:06:00,50.400661703887515
2025-06-12 10:46:00,50.1
2025-06-12 12:17:00,50.400661703887515
2025-06-12 13:46:00,39.7
2025-06-12 14:55:00,66.4
2025-06-12 07:51:00,13.4
2025-06-12 11:25:00,28.9
2025-06-12 13:28:00,17.5
2025-06-12 22:07:00,50.400661703887515
2025-06-12 05:21:00,99.5
2025-06-12 04:39:00,52.2
2025-06-12 08:25:00,20.2
2025-06-12 11:43:00,50.400661703887515
2025-06-12 17:13:00,50.400661703887515
2025-06-12 10:37:00,48.0
2025-06-12 03:25:00,50.8
2025-06-12 13:23:00,70.9
2025-06-12 18:41:00,86.6
2025-06-12 17:01:00,37.4
2025-06-12 22:47:00,80.5
2025-06-12 05:54:00,65.3
2025-06-12 23:31:00,58.3
2025-06-12 11:58:00,18.2
2025-06-12 01:37:00,55.9
2025-06-12 07:46:00,46.0
2025-06-12 20:41:00,97.9
2025-06-12 20:09:00,21.1
2025-06-12 12:21:00,21.9
2025-06-12 10:47:00,50.400661703887515
2025-06-12 05:31:00,36.7
2025-06-12 18:36:00,67.6
2025-06-12 04:51:00,91.7
2025-06-12 03:15:00,25.2
2025-06-12 13:29:00,44.2
2025-06-12 08:13:00,33.0
2025-06-12 12:01:00,33.0
2025-06-12 20:01:00,50.400661703887515
2025-06-12 15:48:00,43.2
2025-06-12 22:49:00,19.4
2025-06-12 23:00:00,81.4
2025-06-12 14:12:00,20.5
2025-06-12 03:37:00,16.6
2025-06-12 22:00:00,10.7
2025-06-12 02:12:00,54.0
2025-06-12 07:21:00,24.6
2025-06-12 14:53:00,76.0
2025-06-12 11:53:00,74.9
2025-06-12 01:12:00,86.5
2025-06-12 17:12:00,97.5
2025-06-12 01:09:00,30.6
2025-06-12 04:14:00,50.400661703887515
2025-06-12 07:18:00,20.1
2025-06-12 21:39:00,43.7
2025-06-12 06:29:00,59.8
2025-06-12 05:59:00,6.1
2025-06-12 09:27:00,10.0
2025-06-12 14:51:00,11.7
2025-06-12 13:08:00,50.400661703887515
2025-06-12 07:59:00,84.0
2025-06-12 11:09:00,67.5
2025-06-12 02:18:00,83.6
2025-06-12 22:38:00,41.6
2025-06-12 22:56:00,27.7
2025-06-12 15:17:00,61.9
2025-06-12 01:11:00,99.1
2025-06-12 15:31:00,50.400661703887515
2025-06-12 21:27:00,50.400661703887515
2025-06-12 21:13:00,42.0
2025-06-12 03:39:00,34.9
2025-06-12 10:52:00,55.0
2025-06-12 22:10:00,52.3
2025-06-12 03:10:00,50.400661703887515
2025-06-12 04:45:00,16.1
2025-06-12 09:40:00,14.7
2025-06-12 18:47:00,18.7
2025-06-12 21:11:00,11.0
2025-06-12 10:17:00,13.6
2025-06-12 13:25:00,26.3
2025-06-12 09:01:00,47.3
2025-06-12 15:30:00,22.3
2025-06-12 07:43:00,47.9
2025-06-12 03:24:00,0.6
2025-06-12 11:06:00,65.3
2025-06-12 00:58:00,50.400661703887515
2025-06-12 05:49:00,27.9
2025-06-12 19:12:00,37.1
2025-06-12 05:41:00,52.2
2025-06-12 06:12:00,40.1
2025-06-12 21:38:00,64.3
2025-06-12 18:22:00,96.4
2025-06-12 10:22:00,68.3
2025-06-12 21:42:00,3.0
2025-06-12 04:54:00,31.7
2025-06-12 04:58:00,56.7
2025-06-12 05:16:00,59.2
2025-06-12 08:26:00,10.6
2025-06-12 13:33:00,74.7
2025-06-12 19:05:00,50.400661703887515
2025-06-12 18:56:00,74.4
2025-06-12 12:06:00,85.8
2025-06-12 14:54:00,15.2
2025-06-12 14:00:00,34.0
2025-06-12 14:45:00,34.7
2025-06-12 07:14:00,15.5
2025-06-12 00:13:00,17.0
2025-06-12 04:24:00,51.0
2025-06-12 00:14:00,82.5
2025-06-12 23:25:00,40.7
2025-06-12 16:18:00,18.8
2025-06-12 09:29:00,88.8
2025-06-12 08:18:00,50.400661703887515
2025-06-12 00:01:00,54.0
2025-06-12 20:15:00,77.4
2025-06-12 08:12:00,19.7
2025-06-12 06:28:00,83.1
2025-06-12 21:20:00,56.8
2025-06-12 18:06:00,31.1
2025-06-12 14:31:00,82.7
2025-06-12 02:50:00,27.6
2025-06-12 07:13:00,30.2
2025-06-12 09:56:00,91.7
2025-06-12 04:26:00,68.3
2025-06-12 10:54:00,51.9
2025-06-12 13:40:00,7.3
2025-06-12 17:02:00,66.1
2025-06-12 15:19:00,50.400661703887515
2025-06-12 11:13:00,70.2
2025-06-12 04:47:00,93.1
2025-06-12 02:19:00,55.5
2025-06-12 01:41:00,50.400661703887515
2025-06-12 03:42:00,46.0
2025-06-12 00:19:00,53.9
2025-06-12 18:04:00,50.400661703887515
2025-06-12 16:29:00,61.7
2025-06-12 00:48:00,50.400661703887515
2025-06-12 13:21:00,90.9
2025-06-12 21:46:00,94.6
2025-06-12 19:52:00,50.400661703887515
2025-06-12 15:20:00,17.5
2025-06-12 15:13:00,48.4
2025-06-12 20:00:00,12.2
2025-06-12 16:03:00,50.400661703887515
2025-06-12 11:52:00,9.6
2025-06-12 16:22:00,20.1
2025-06-12 07:03:00,93.6
2025-06-12 14:37:00,68.9
2025-06-12 00:49:00,1.4
2025-06-12 21:21:00,36.8
2025-06-12 13:19:00,27.6
2025-06-12 03:33:00,99.0
2025-06-12 08:27:00,55.9
2025-06-12 23:53:00,12.4
2025-06-12 20:48:00,70.3
2025-06-12 18:05:00,78.0
2025-06-12 03:41:00,41.2
2025-06-12 12:50:00,46.6
2025-06-12 08:07:00,32.7
2025-06-12 20:14:00,50.400661703887515
2025-06-12 00:04:00,50.400661703887515
2025-06-12 02:01:00,50.400661703887515
2025-06-12 02:23:00,19.7
2025-06-12 19:10:00,74.6
2025-06-12 09:44:00,50.400661703887515
2025-06-12 03:09:00,46.8
2025-06-12 03:02:00,36.2
2025-06-12 19:15:00,81.1
2025-06-12 16:55:00,63.0
2025-06-12 22:28:00,23.0
2025-06-12 12:58:00,50.400661703887515
2025-06-12 01:01:00,50.400661703887515
2025-06-12 18:02:00,82.9
2025-06-12 16:08:00,50.400661703887515
2025-06-12 09:53:00,2.1
2025-06-12 13:07:00,50.400661703887515
2025-06-12 10:41:00,68.7
2025-06-12 04:56:00,45.8
2025-06-12 15:38:00,50.400661703887515
2025-06-12 12:46:00,46.2
2025-06-12 06:32:00,82.7
2025-06-12 08:57:00,0.0
2025-06-12 18:50:00,56.9
2025-06-12 22:17:00,4.5
2025-06-12 06:06:00,89.5
2025-06-12 03:08:00,94.5
2025-06-12 00:24:00,64.5
2025-06-12 05:15:00,85.3
2025-06-12 04:42:00,33.1
2025-06-12 07:39:00,77.2
2025-06-12 10:04:00,71.5
2025-06-12 15:28:00,29.3
2025-06-12 18:33:00,21.9
2025-06-12 01:42:00,10.1
2025-06-12 16:57:00,59.9
2025-06-12 05:58:00,40.9
2025-06-12 06:31:00,50.400661703887515
2025-06-12 18:28:00,9.2
2025-06-12 19:14:00,20.0
2025-06-12 19:25:00,39.3
2025-06-12 10:12:00,2.6
2025-06-12 07:15:00,10.7
2025-06-12 16:46:00,82.9
2025-06-12 07:38:00,15.5
2025-06-12 04:50:00,52.2
2025-06-12 09:39:00,15.9
2025-06-12 11:00:00,52.4
2025-06-12 21:10:00,14.1
2025-06-12 13:44:00,50.400661703887515
2025-06-12 21:40:00,73.9
2025-06-12 02:04:00,50.400661703887515
2025-06-12 11:18:00,63.0
2025-06-12 17:34:00,3.3
2025-06-12 18:30:00,37.7
2025-06-12 01:07:00,73.4
2025-06-12 01:30:00,3.1
2025-06-12 22:45:00,33.5
2025-06-12 08:53:00,19.6
2025-06-12 02:27:00,50.400661703887515
2025-06-12 06:57:00,97.7
2025-06-12 22:26:00,56.2
2025-06-12 04:31:00,84.9
2025-06-12 06:08:00,24.2
2025-06-12 09:04:00,62.9
2025-06-12 22:27:00,11.3
2025-06-12 10:56:00,50.400661703887515
2025-06-12 12:59:00,41.5
2025-06-12 03:32:00,49.84418741885991
2025-06-12 06:54:00,1.0
2025-06-12 15:39:00,19.0
2025-06-12 04:16:00,48.9
2025-06-12 15:19:00,1.4
2025-06-12 06:33:00,82.2
2025-06-12 20:45:00,49.84418741885991
2025-06-12 01:48:00,94.1
2025-06-12 17:55:00,14.5
2025-06-12 02:31:00,46.1
2025-06-12 08:05:00,13.5
2025-06-12 00:33:00,27.4
2025-06-12 10:57:00,84.1
2025-06-12 20:59:00,49.84418741885991
2025-06-12 14:46:00,82.9
2025-06-12 03:47:00,7.4
2025-06-12 03:08:00,49.84418741885991
2025-06-12 22:50:00,49.84418741885991
2025-06-12 06:14:00,6.9
2025-06-12 22:44:00,83.4
2025-06-12 06:59:00,91.0
2025-06-12 15:10:00,2.4
2025-06-12 21:39:00,30.6
2025-06-12 19:08:00,90.7
2025-06-12 07:55:00,32.3
2025-06-12 22:48:00,54.6
2025-06-12 19:39:00,74.8
2025-06-12 01:13:00,49.84418741885991
2025-06-12 20:14:00,49.84418741885991
2025-06-12 03:10:00,62.3
2025-06-12 17:36:00,49.84418741885991
2025-06-12 23:21:00,76.9
2025-06-12 19:44:00,37.9
2025-06-12 03:51:00,80.0
2025-06-12 17:44:00,2.4
2025-06-12 07:11:00,32.9
2025-06-12 08:02:00,66.9
2025-06-12 08:58:00,95.1
2025-06-12 05:56:00,22.9
2025-06-12 20:56:00,73.8
2025-06-12 06:58:00,98.8
2025-06-12 06:11:00,50.0
2025-06-12 16:04:00,68.6
2025-06-12 13:59:00,92.1
2025-06-12 00:50:00,64.8
2025-06-12 09:54:00,74.0
2025-06-12 21:31:00,23.3
2025-06-12 13:15:00,1.6
2025-06-12 20:31:00,43.9
2025-06-12 10:46:00,65.4
2025-06-12 08:36:00,28.0
2025-06-12 14:24:00,23.0
2025-06-12 14:31:00,86.0
2025-06-12 22:11:00,26.0
2025-06-12 16:41:00,49.84418741885991
2025-06-12 01:08:00,34.5
2025-06-12 17:38:00,55.7
2025-06-12 11:46:00,72.5
2025-06-12 13:49:00,39.9
2025-06-12 06:25:00,62.0
2025-06-12 23:46:00,23.3
2025-06-12 09:46:00,86.5
2025-06-12 05:24:00,9.5
2025-06-12 22:16:00,66.6
2025-06-12 17:53:00,0.5
2025-06-12 19:59:00,57.6
2025-06-12 11:33:00,4.4
2025-06-12 08:26:00,27.9
2025-06-12 11:42:00,32.9
2025-06-12 07:17:00,14.2
2025-06-12 19:04:00,53.6
2025-06-12 13:02:00,41.2
2025-06-12 05:52:00,71.6
2025-06-12 03:02:00,81.8
2025-06-12 20:18:00,92.8
2025-06-12 04:29:00,93.1
2025-06-12 14:14:00,49.84418741885991
2025-06-12 01:32:00,49.84418741885991
2025-06-12 19:02:00,49.84418741885991
2025-06-12 23:24:00,9.9
2025-06-12 19:27:00,46.0
2025-06-12 20:53:00,50.2
2025-06-12 15:37:00,49.84418741885991
2025-06-12 09:42:00,96.0
2025-06-12 23:34:00,37.3
2025-06-12 02:01:00,88.6
2025-06-12 22:00:00,46.0
2025-06-12 05:40:00,49.84418741885991
2025-06-12 00:10:00,9.0
2025-06-12 06:08:00,49.84418741885991
2025-06-12 18:32:00,92.7
2025-06-12 09:08:00,91.8
2025-06-12 07:46:00,11.4
2025-06-12 08:07:00,57.5
2025-06-12 11:08:00,64.9
2025-06-12 05:08:00,47.0
2025-06-12 04:32:00,49.84418741885991
2025-06-12 07:28:00,94.4
2025-06-12 09:59:00,64.3
2025-06-12 12:27:00,54.0
2025-06-12 16:40:00,49.84418741885991
2025-06-12 02:52:00,32.3
2025-06-12 12:34:00,19.1
2025-06-12 07:27:00,56.9
2025-06-12 11:21:00,47.0
2025-06-12 14:39:00,49.84418741885991
2025-06-12 06:17:00,26.3
2025-06-12 00:46:00,4.4
2025-06-12 06:36:00,98.7
2025-06-12 21:57:00,44.3
2025-06-12 16:29:00,3.2
2025-06-12 20:52:00,14.1
2025-06-12 14:11:00,88.2
2025-06-12 07:34:00,68.7
2025-06-12 05:21:00,73.6
2025-06-12 13:55:00,49.84418741885991
2025-06-12 09:18:00,5.8
2025-06-12 01:04:00,30.4
2025-06-12 01:11:00,82.3
2025-06-12 15:18:00,49.84418741885991
2025-06-12 02:54:00,43.5
2025-06-12 11:06:00,9.9
2025-06-12 03:22:00,0.0
2025-06-12 14:25:00,95.4
2025-06-12 03:27:00,93.8
2025-06-12 03:39:00,49.84418741885991
2025-06-12 00:11:00,43.6
2025-06-12 20:44:00,68.2
2025-06-12 12:36:00,28.6
2025-06-12 09:17:00,16.5
2025-06-12 06:31:00,13.1
2025-06-12 11:19:00,40.1
2025-06-12 16:02:00,78.8
2025-06-12 09:38:00,11.0
2025-06-12 13:17:00,40.0
2025-06-12 02:26:00,28.9
2025-06-12 01:41:00,92.8
2025-06-12 13:22:00,94.4
2025-06-12 10:12:00,40.8
2025-06-12 09:57:00,78.8
2025-06-12 02:57:00,56.2
2025-06-12 11:56:00,0.3
2025-06-12 22:10:00,76.5
2025-06-12 13:30:00,49.2
2025-06-12 06:16:00,31.9
2025-06-12 17:58:00,26.3
2025-06-12 16:36:00,66.6
2025-06-12 19:01:00,64.2
2025-06-12 14:59:00,49.84418741885991
2025-06-12 03:33:00,95.4
2025-06-12 21:29:00,95.4
2025-06-12 06:29:00,82.0
2025-06-12 06:45:00,47.9
2025-06-12 11:27:00,52.6
2025-06-12 07:00:00,49.84418741885991
2025-06-12 23:57:00,24.4
2025-06-12 12:05:00,49.84418741885991
2025-06-12 11:57:00,85.7
2025-06-12 21:23:00,19.5
2025-06-12 07:06:00,33.5
2025-06-12 19:32:00,68.1
2025-06-12 01:57:00,47.3
2025-06-12 13:01:00,63.9
2025-06-12 01:10:00,7.6
2025-06-12 00:32:00,94.8
2025-06-12 17:40:00,99.8
2025-06-12 13:46:00,57.5
2025-06-12 03:11:00,76.7
2025-06-12 11:41:00,60.4
2025-06-12 15:09:00,88.1
2025-06-12 07:41:00,10.5
2025-06-12 08:49:00,34.0
2025-06-12 15:44:00,96.2
2025-06-12 17:17:00,44.4
2025-06-12 19:06:00,20.2
2025-06-12 05:38:00,67.4
2025-06-12 17:52:00,49.84418741885991
2025-06-12 10:33:00,76.8
2025-06-12 16:35:00,71.7
2025-06-12 01:45:00,51.9
2025-06-12 23:26:00,20.3
2025-06-12 16:03:00,17.8
2025-06-12 10:44:00,33.9
2025-06-12 18:57:00,49.84418741885991
2025-06-12 01:31:00,67.6
2025-06-12 18:38:00,55.4
2025-06-12 22:33:00,49.84418741885991
2025-06-12 02:50:00,54.3
2025-06-12 16:33:00,49.84418741885991
2025-06-12 16:32:00,0.6
2025-06-12 23:20:00,10.7
2025-06-12 19:21:00,7.6
2025-06-12 08:41:00,8.0
2025-06-12 13:36:00,66.3
2025-06-12 22:12:00,65.9
2025-06-12 18:15:00,81.5
2025-06-12 15:15:00,49.84418741885991
2025-06-12 11:02:00,77.8
2025-06-12 23:00:00,52.7
2025-06-12 08:38:00,92.9
2025-06-12 20:07:00,58.5
2025-06-12 03:23:00,22.4
2025-06-12 15:24:00,75.4
2025-06-12 05:57:00,60.1
2025-06-12 13:37:00,51.1
2025-06-12 19:13:00,25.4
2025-06-12 18:29:00,13.2
2025-06-12 13:24:00,90.8
2025-06-12 02:13:00,49.84418741885991
2025-06-12 15:57:00,99.8
2025-06-12 16:00:00,49.84418741885991
2025-06-12 22:51:00,72.4
2025-06-12 21:22:00,52.2
2025-06-12 07:15:00,63.7
2025-06-12 14:49:00,37.7
2025-06-12 12:22:00,67.9
2025-06-12 22:54:00,13.1
2025-06-12 10:29:00,2.1
2025-06-12 00:45:00,49.84418741885991
2025-06-12 11:55:00,12.3
2025-06-12 23:47:00,49.84418741885991
2025-06-12 18:06:00,73.9
2025-06-12 14:03:00,75.9
2025-06-12 10:58:00,25.6
2025-06-12 06:27:00,46.3
2025-06-12 23:35:00,62.1
2025-06-12 12:18:00,35.9
2025-06-12 15:49:00,53.4
2025-06-12 21:10:00,60.7
2025-06-12 19:47:00,49.84418741885991
2025-06-12 06:26:00,49.84418741885991
2025-06-12 22:34:00,77.2
2025-06-12 05:54:00,66.4
2025-06-12 01:21:00,96.9
2025-06-12 22:26:00,75.4
2025-06-12 20:33:00,30.9
2025-06-12 17:25:00,68.4
2025-06-12 22:45:00,35.6
2025-06-12 02:43:00,38.7
2025-06-12 09:34:00,63.2
2025-06-12 13:12:00,95.1
2025-06-12 20:11:00,29.1
2025-06-12 16:16:00,13.8
2025-06-12 06:34:00,37.1
2025-06-12 22:07:00,13.2
2025-06-12 05:32:00,2.0
2025-06-12 12:29:00,32.3
2025-06-12 05:27:00,96.3
2025-06-12 00:34:00,49.84418741885991
2025-06-12 06:41:00,35.1
2025-06-12 19:43:00,20.5
2025-06-12 08:19:00,42.3
2025-06-12 23:08:00,7.3
2025-06-12 04:23:00,29.6
2025-06-12 02:33:00,26.4
2025-06-12 16:34:00,49.84418741885991
2025-06-12 17:50:00,74.6
2025-06-12 21:13:00,52.6
2025-06-12 05:43:00,86.7
2025-06-12 17:31:00,7.8
2025-06-12 09:31:00,10.7
2025-06-12 00:56:00,55.0
2025-06-12 00:08:00,3.9
2025-06-12 19:00:00,22.9
2025-06-12 18:18:00,49.84418741885991
2025-06-12 16:22:00,35.7
2025-06-12 18:23:00,44.4
2025-06-12 18:27:00,55.2
2025-06-12 03:26:00,28.1
2025-06-12 02:53:00,52.9
2025-06-12 09:05:00,54.6
2025-06-12 22:56:00,77.2
2025-06-12 14:04:00,34.0
2025-06-12 14:56:00,96.6
2025-06-12 01:06:00,14.2
2025-06-12 01:37:00,32.3
2025-06-12 05:07:00,98.1
2025-06-12 02:39:00,38.9
2025-06-12 06:20:00,57.9
2025-06-12 10:50:00,49.84418741885991
2025-06-12 12:31:00,59.9
2025-06-12 14:33:00,14.0
2025-06-12 01:14:00,29.3
2025-06-12 18:20:00,94.7
2025-06-12 07:43:00,94.0
2025-06-12 06:28:00,53.7
2025-06-12 15:51:00,32.7
2025-06-12 09:51:00,14.0
2025-06-12 07:58:00,64.1
2025-06-12 18:59:00,0.6
2025-06-12 14:50:00,67.8
2025-06-12 20:01:00,58.5
2025-06-12 06:13:00,3.0
2025-06-12 12:59:00,46.2
2025-06-12 08:01:00,75.6
2025-06-12 21:10:00,18.7
2025-06-12 11:48:00,5.0
2025-06-12 04:37:00,40.1
2025-06-12 13:25:00,59.7
2025-06-12 04:10:00,6.5
2025-06-12 19:06:00,28.0
2025-06-12 04:31:00,61.4
2025-06-12 02:17:00,50.31892714921527
2025-06-12 08:56:00,89.8
2025-06-12 15:39:00,10.0
2025-06-12 04:51:00,54.5
2025-06-12 07:24:00,0.8
2025-06-12 04:19:00,23.2
2025-06-12 01:04:00,65.7
2025-06-12 10:22:00,50.31892714921527
2025-06-12 09:41:00,50.31892714921527
2025-06-12 22:14:00,84.6
2025-06-12 14:31:00,61.6
2025-06-12 22:24:00,4.7
2025-06-12 03:56:00,89.3
2025-06-12 18:14:00,50.31892714921527
2025-06-12 08:30:00,50.31892714921527
2025-06-12 18:00:00,46.8
2025-06-12 13:01:00,94.1
2025-06-12 07:32:00,37.4
2025-06-12 02:46:00,83.4
2025-06-12 06:37:00,64.0
2025-06-12 22:59:00,5.3
2025-06-12 11:49:00,62.1
2025-06-12 17:19:00,50.2
2025-06-12 10:27:00,32.0
2025-06-12 10:59:00,11.0
2025-06-12 18:32:00,10.0
2025-06-12 06:36:00,66.1
2025-06-12 01:21:00,64.9
2025-06-12 04:43:00,66.1
2025-06-12 16:32:00,62.5
2025-06-12 11:32:00,26.9
2025-06-12 15:36:00,78.6
2025-06-12 05:12:00,19.1
2025-06-12 18:18:00,50.0
2025-06-12 13:31:00,50.31892714921527
2025-06-12 01:30:00,94.9
2025-06-12 08:59:00,26.4
2025-06-12 17:42:00,57.4
2025-06-12 21:13:00,37.8
2025-06-12 08:05:00,60.7
2025-06-12 13:21:00,74.3
2025-06-12 19:03:00,6.7
2025-06-12 03:22:00,83.6
2025-06-12 19:15:00,50.31892714921527
2025-06-12 20:44:00,43.1
2025-06-12 17:28:00,93.3
2025-06-12 11:17:00,44.3
2025-06-12 03:10:00,24.5
2025-06-12 03:11:00,41.2
2025-06-12 01:35:00,50.31892714921527
2025-06-12 14:03:00,88.1
2025-06-12 01:06:00,73.0
2025-06-12 09:29:00,70.9
2025-06-12 00:47:00,17.5
2025-06-12 01:12:00,16.8
2025-06-12 05:16:00,90.7
2025-06-12 02:28:00,35.7
2025-06-12 04:36:00,33.6
2025-06-12 00:41:00,61.0
2025-06-12 21:39:00,61.2
2025-06-12 10:55:00,67.8
2025-06-12 20:22:00,59.2
2025-06-12 00:57:00,21.0
2025-06-12 14:18:00,67.2
2025-06-12 21:11:00,78.6
2025-06-12 23:41:00,51.5
2025-06-12 18:15:00,56.9
2025-06-12 12:45:00,63.1
2025-06-12 14:27:00,46.6
2025-06-12 15:19:00,25.5
2025-06-12 08:39:00,73.7
2025-06-12 11:13:00,71.0
2025-06-12 09:45:00,50.31892714921527
2025-06-12 00:26:00,3.1
2025-06-12 03:18:00,4.1
2025-06-12 11:30:00,56.0
2025-06-12 13:29:00,94.7
2025-06-12 05:05:00,61.9
2025-06-12 01:46:00,83.0
2025-06-12 04:42:00,14.1
2025-06-12 08:41:00,50.31892714921527
2025-06-12 21:20:00,32.5
2025-06-12 04:20:00,6.6
2025-06-12 03:21:00,70.6
2025-06-12 18:16:00,91.9
2025-06-12 18:46:00,58.3
2025-06-12 10:09:00,50.31892714921527
2025-06-12 19:43:00,60.1
2025-06-12 14:41:00,85.8
2025-06-12 02:29:00,62.3
2025-06-12 02:07:00,89.1
2025-06-12 11:00:00,74.0
2025-06-12 01:29:00,64.0
2025-06-12 15:28:00,93.9
2025-06-12 02:55:00,5.1
2025-06-12 15:48:00,28.4
2025-06-12 09:39:00,49.9
2025-06-12 22:35:00,15.7
2025-06-12 06:51:00,23.1
2025-06-12 10:12:00,50.31892714921527
2025-06-12 01:47:00,58.2
2025-06-12 08:16:00,80.9
2025-06-12 03:23:00,61.9
2025-06-12 08:31:00,38.0
2025-06-12 09:26:00,98.2
2025-06-12 16:15:00,71.4
2025-06-12 12:30:00,95.6
2025-06-12 15:54:00,80.8
2025-06-12 00:24:00,24.3
2025-06-12 20:10:00,84.2
2025-06-12 20:45:00,42.9
2025-06-12 05:33:00,12.9
2025-06-12 00:02:00,50.31892714921527
2025-06-12 10:01:00,96.5
2025-06-12 20:00:00,26.3
2025-06-12 01:07:00,50.31892714921527
2025-06-12 16:05:00,24.7
2025-06-12 05:07:00,55.4
2025-06-12 12:41:00,67.1
2025-06-12 12:20:00,44.7
2025-06-12 19:14:00,4.1
2025-06-12 22:39:00,27.2
2025-06-12 02:23:00,8.7
2025-06-12 10:16:00,49.5
2025-06-12 17:02:00,86.4
2025-06-12 05:37:00,8.6
2025-06-12 03:17:00,15.8
2025-06-12 20:42:00,65.8
2025-06-12 14:40:00,50.31892714921527
2025-06-12 01:05:00,74.3
2025-06-12 00:34:00,99.8
2025-06-12 13:20:00,92.1
2025-06-12 06:14:00,63.8
2025-06-12 15:26:00,50.31892714921527
2025-06-12 03:16:00,6.4
2025-06-12 11:34:00,50.31892714921527
2025-06-12 03:35:00,39.7
2025-06-12 16:12:00,74.7
2025-06-12 05:51:00,5.4
2025-06-12 19:04:00,36.0
2025-06-12 10:47:00,50.4
2025-06-12 19:27:00,10.3
2025-06-12 11:44:00,50.31892714921527
2025-06-12 17:59:00,50.31892714921527
2025-06-12 08:18:00,51.9
2025-06-12 02:06:00,69.7
2025-06-12 14:29:00,55.4
2025-06-12 03:33:00,74.9
2025-06-12 07:07:00,92.6
2025-06-12 15:05:00,49.8
2025-06-12 18:49:00,80.4
2025-06-12 03:50:00,83.2
2025-06-12 21:03:00,34.8
2025-06-12 09:09:00,37.4
2025-06-12 08:47:00,8.6
2025-06-12 17:34:00,68.1
2025-06-12 01:22:00,75.9
2025-06-12 20:18:00,50.31892714921527
2025-06-12 19:29:00,0.9
2025-06-12 04:17:00,87.3
2025-06-12 07:29:00,54.4
2025-06-12 06:39:00,37.0
2025-06-12 23:20:00,92.2
2025-06-12 05:40:00,41.4
2025-06-12 04:12:00,49.3
2025-06-12 19:37:00,64.0
2025-06-12 10:23:00,91.8
2025-06-12 03:37:00,46.8
2025-06-12 04:56:00,76.6
2025-06-12 09:35:00,50.31892714921527
2025-06-12 17:45:00,72.3
2025-06-12 05:43:00,53.7
2025-06-12 01:03:00,90.8
2025-06-12 00:55:00,57.8
2025-06-12 11:28:00,74.3
2025-06-12 09:38:00,21.5
2025-06-12 21:42:00,99.7
2025-06-12 13:53:00,59.3
2025-06-12 03:34:00,32.4
2025-06-12 12:16:00,26.1
2025-06-12 11:04:00,50.31892714921527
2025-06-12 06:28:00,53.3
2025-06-12 14:19:00,45.6
2025-06-12 18:23:00,4.9
2025-06-12 04:05:00,68.8
2025-06-12 20:56:00,50.9
2025-06-12 16:37:00,23.0
2025-06-12 17:21:00,7.1
2025-06-12 15:59:00,28.2
2025-06-12 13:37:00,59.5
2025-06-12 00:13:00,86.5
2025-06-12 14:45:00,69.9
2025-06-12 19:57:00,50.31892714921527
2025-06-12 18:27:00,59.4
2025-06-12 08:17:00,68.5
2025-06-12 10:44:00,50.31892714921527
2025-06-12 08:51:00,50.31892714921527
2025-06-12 08:32:00,93.9
2025-06-12 15:35:00,93.8
2025-06-12 06:54:00,50.31892714921527
2025-06-12 06:11:00,56.8
2025-06-12 13:35:00,29.9
2025-06-12 21:41:00,97.8
2025-06-12 03:32:00,50.31892714921527
2025-06-12 03:55:00,7.2
2025-06-12 08:27:00,40.0
2025-06-12 18:30:00,8.9
2025-06-12 23:17:00,77.0
2025-06-12 02:22:00,63.8
2025-06-12 21:18:00,24.6
2025-06-12 07:06:00,50.31892714921527
2025-06-12 13:17:00,54.1
2025-06-12 13:22:00,85.3
2025-06-12 10:30:00,86.6
2025-06-12 07:55:00,50.31892714921527
2025-06-12 20:53:00,50.31892714921527
2025-06-12 04:22:00,13.3
2025-06-12 00:22:00,71.6
2025-06-12 15:31:00,92.3
2025-06-12 17:00:00,67.3
2025-06-12 18:35:00,30.4
2025-06-12 06:10:00,50.31892714921527
2025-06-12 03:08:00,1.9
2025-06-12 04:41:00,70.7
2025-06-12 06:55:00,71.7
2025-06-12 01:59:00,50.31892714921527
2025-06-12 15:38:00,45.2
2025-06-12 10:35:00,50.31892714921527
2025-06-12 14:05:00,41.8
2025-06-12 19:39:00,61.7
2025-06-12 16:54:00,46.7
2025-06-12 13:00:00,45.5
2025-06-12 21:33:00,91.5
2025-06-12 15:17:00,50.31892714921527
2025-06-12 16:16:00,95.6
2025-06-12 18:58:00,62.3
2025-06-12 12:33:00,87.3
2025-06-12 00:46:00,97.3
2025-06-12 06:32:00,61.8
2025-06-12 20:38:00,12.6
2025-06-12 01:14:00,36.4
2025-06-12 10:04:00,43.2
2025-06-12 08:44:00,4.0
2025-06-12 23:13:00,17.4
2025-06-12 11:54:00,31.6
2025-06-12 07:10:00,12.6
2025-06-12 19:36:00,63.6
2025-06-12 02:53:00,50.31892714921527
2025-06-12 20:11:00,50.31892714921527
2025-06-12 03:14:00,98.3
2025-06-12 08:58:00,12.3
2025-06-12 15:51:00,14.6
2025-06-12 05:31:00,40.5
2025-06-12 10:00:00,15.6
2025-06-12 01:53:00,60.9
2025-06-12 10:15:00,91.7
2025-06-12 00:39:00,98.3
2025-06-12 05:47:00,97.8
2025-06-12 16:13:00,77.0
2025-06-12 04:34:00,29.0
2025-06-12 18:50:00,50.31892714921527
2025-06-12 11:22:00,88.6
2025-06-12 04:40:00,24.7
2025-06-12 15:32:00,1.8
2025-06-12 16:25:00,41.3
2025-06-12 17:47:00,10.2
2025-06-12 00:52:00,52.2
2025-06-12 14:12:00,30.9
2025-06-12 00:06:00,33.6
2025-06-12 03:48:00,95.7
2025-06-12 11:36:00,64.2
2025-06-12 14:09:00,43.7
2025-06-12 22:52:00,68.4
2025-06-12 06:06:00,50.31892714921527
2025-06-12 22:12:00,11.3
2025-06-12 00:25:00,50.31892714921527
2025-06-12 21:57:00,33.0
2025-06-12 14:20:00,41.9
2025-06-12 18:40:00,25.7
2025-06-12 21:54:00,62.9
2025-06-12 23:50:00,36.5
2025-06-12 07:36:00,27.5
2025-06-12 17:09:00,9.6
2025-06-12 15:55:00,19.0
2025-06-12 06:30:00,54.9
2025-06-12 02:11:00,55.4
2025-06-12 11:31:00,68.1
2025-06-12 22:08:00,52.4
2025-06-12 23:14:00,98.1
2025-06-12 01:37:00,60.6
2025-06-12 19:49:00,46.6
2025-06-12 03:20:00,45.1
2025-06-12 07:53:00,83.9
2025-06-12 22:00:00,51.6
2025-06-12 23:40:00,50.31892714921527
2025-06-12 14:51:00,53.4
2025-06-12 23:15:00,54.2
2025-06-12 13:03:00,50.31892714921527
2025-06-12 11:53:00,91.3
2025-06-12 12:49:00,68.9
2025-06-12 19:13:00,7.5
2025-06-12 17:30:00,78.4
2025-06-12 22:53:00,50.31892714921527
2025-06-12 16:01:00,76.6
2025-06-12 19:23:00,19.1
2025-06-12 16:11:00,6.5
2025-06-12 01:51:00,67.3
2025-06-12 22:50:00,64.2
2025-06-12 03:46:00,69.0
2025-06-12 03:51:00,50.31892714921527
2025-06-12 10:21:00,26.8
2025-06-12 11:18:00,36.5
2025-06-12 15:08:00,1.1
2025-06-12 23:05:00,50.9
2025-06-12 11:38:00,25.6
2025-06-12 19:16:00,96.0
2025-06-12 19:58:00,99.4
2025-06-12 01:00:00,42.7
2025-06-12 06:33:00,57.1
2025-06-12 14:43:00,97.9
2025-06-12 22:10:00,20.7
2025-06-12 14:38:00,43.7
2025-06-12 09:36:00,88.3
2025-06-12 23:30:00,96.6
2025-06-12 20:07:00,31.1
2025-06-12 20:02:00,8.3
2025-06-12 22:17:00,6.1
2025-06-12 06:43:00,88.8
2025-06-12 17:34:00,30.3
2025-06-12 11:04:00,49.91221338324755
2025-06-12 09:03:00,70.6
2025-06-12 07:51:00,9.1
2025-06-12 07:28:00,23.8
2025-06-12 10:03:00,77.0
2025-06-12 00:04:00,5.4
2025-06-12 14:25:00,42.8
2025-06-12 19:09:00,8.4
2025-06-12 16:40:00,30.0
2025-06-12 16:19:00,34.8
2025-06-12 01:15:00,0.3
2025-06-12 15:42:00,88.4
2025-06-12 02:46:00,5.9
2025-06-12 14:23:00,75.2
2025-06-12 03:40:00,55.7
2025-06-12 22:49:00,57.5
2025-06-12 14:37:00,49.91221338324755
2025-06-12 10:02:00,59.9
2025-06-12 18:33:00,53.7
2025-06-12 08:05:00,47.0
2025-06-12 05:19:00,17.0
2025-06-12 09:06:00,49.91221338324755
2025-06-12 12:44:00,21.3
2025-06-12 01:07:00,33.8
2025-06-12 05:46:00,49.91221338324755
2025-06-12 22:03:00,18.4
2025-06-12 22:01:00,89.7
2025-06-12 14:44:00,47.6
2025-06-12 05:25:00,96.6
2025-06-12 15:43:00,51.1
2025-06-12 06:58:00,63.5
2025-06-12 03:25:00,14.3
2025-06-12 10:26:00,97.7
2025-06-12 07:12:00,39.8
2025-06-12 19:06:00,98.2
2025-06-12 21:04:00,28.6
2025-06-12 18:28:00,4.3
2025-06-12 15:03:00,51.5
2025-06-12 20:47:00,65.4
2025-06-12 17:06:00,31.4
2025-06-12 18:58:00,49.91221338324755
2025-06-12 01:21:00,46.7
2025-06-12 19:12:00,29.9
2025-06-12 06:18:00,90.5
2025-06-12 23:47:00,13.7
2025-06-12 23:20:00,9.4
2025-06-12 01:03:00,49.0
2025-06-12 13:03:00,5.7
2025-06-12 17:07:00,89.0
2025-06-12 04:58:00,97.1
2025-06-12 07:59:00,89.9
2025-06-12 09:00:00,9.9
2025-06-12 20:10:00,49.1
2025-06-12 11:01:00,22.5
2025-06-12 00:42:00,12.0
2025-06-12 22:24:00,18.3
2025-06-12 00:22:00,22.0
2025-06-12 17:44:00,9.8
2025-06-12 23:11:00,83.0
2025-06-12 19:03:00,15.6
2025-06-12 05:06:00,15.2
2025-06-12 21:38:00,49.91221338324755
2025-06-12 17:37:00,41.5
2025-06-12 04:56:00,3.6
2025-06-12 03:10:00,14.6
2025-06-12 23:35:00,49.91221338324755
2025-06-12 11:34:00,42.5
2025-06-12 06:02:00,49.91221338324755
2025-06-12 07:35:00,87.0
2025-06-12 04:12:00,90.2
2025-06-12 02:32:00,0.2
2025-06-12 04:37:00,86.7
2025-06-12 15:05:00,9.3
2025-06-12 10:33:00,6.1
2025-06-12 01:38:00,39.4
2025-06-12 01:55:00,49.91221338324755
2025-06-12 01:01:00,13.4
2025-06-12 10:12:00,49.91221338324755
2025-06-12 08:14:00,99.5
2025-06-12 21:45:00,42.2
2025-06-12 09:42:00,49.91221338324755
2025-06-12 12:48:00,61.5
2025-06-12 12:03:00,62.3
2025-06-12 06:05:00,35.0
2025-06-12 23:13:00,20.5
2025-06-12 15:47:00,16.0
2025-06-12 08:19:00,32.4
2025-06-12 18:07:00,33.3
2025-06-12 15:28:00,49.91221338324755
2025-06-12 03:20:00,11.5
2025-06-12 16:44:00,6.3
2025-06-12 16:48:00,34.8
2025-06-12 17:17:00,89.7
2025-06-12 01:11:00,42.4
2025-06-12 00:58:00,28.2
2025-06-12 12:15:00,6.8
2025-06-12 07:21:00,89.6
2025-06-12 21:06:00,35.9
2025-06-12 04:50:00,49.91221338324755
2025-06-12 05:14:00,23.9
2025-06-12 21:57:00,49.91221338324755
2025-06-12 06:10:00,26.5
2025-06-12 05:27:00,91.6
2025-06-12 18:24:00,61.3
2025-06-12 15:57:00,98.2
2025-06-12 23:04:00,98.3
2025-06-12 15:00:00,64.7
2025-06-12 17:59:00,46.3
2025-06-12 00:18:00,62.0
2025-06-12 00:52:00,49.91221338324755
2025-06-12 15:50:00,41.5
2025-06-12 18:09:00,41.6
2025-06-12 07:00:00,80.6
2025-06-12 07:11:00,80.1
2025-06-12 08:15:00,58.3
2025-06-12 14:33:00,49.91221338324755
2025-06-12 17:45:00,75.1
2025-06-12 18:04:00,93.9
2025-06-12 08:47:00,74.6
2025-06-12 14:06:00,57.6
2025-06-12 22:19:00,86.7
2025-06-12 17:23:00,41.5
2025-06-12 08:08:00,18.1
2025-06-12 21:32:00,39.8
2025-06-12 11:46:00,92.5
2025-06-12 07:46:00,94.2
2025-06-12 12:12:00,99.7
2025-06-12 18:11:00,24.0
2025-06-12 08:58:00,49.91221338324755
2025-06-12 13:15:00,27.0
2025-06-12 19:41:00,78.9
2025-06-12 08:04:00,49.91221338324755
2025-06-12 01:25:00,49.91221338324755
2025-06-12 11:10:00,22.2
2025-06-12 02:08:00,35.9
2025-06-12 07:36:00,23.4
2025-06-12 09:14:00,31.3
2025-06-12 00:25:00,71.6
2025-06-12 16:55:00,47.3
2025-06-12 21:58:00,22.0
2025-06-12 20:12:00,49.91221338324755
2025-06-12 12:26:00,58.5
2025-06-12 17:47:00,78.1
2025-06-12 04:18:00,68.8
2025-06-12 09:55:00,46.2
2025-06-12 02:47:00,20.1
2025-06-12 01:31:00,86.7
2025-06-12 10:57:00,63.0
2025-06-12 04:25:00,64.7
2025-06-12 22:40:00,67.9
2025-06-12 10:07:00,49.91221338324755
2025-06-12 13:44:00,79.9
2025-06-12 18:54:00,49.91221338324755
2025-06-12 08:41:00,49.91221338324755
2025-06-12 21:46:00,0.7
2025-06-12 15:36:00,54.9
2025-06-12 16:07:00,49.91221338324755
2025-06-12 10:43:00,53.5
2025-06-12 12:33:00,5.0
2025-06-12 11:21:00,38.8
2025-06-12 15:23:00,16.2
2025-06-12 17:41:00,88.1
2025-06-12 20:11:00,69.5
2025-06-12 23:37:00,28.4
2025-06-12 03:15:00,49.91221338324755
2025-06-12 15:17:00,24.8
2025-06-12 13:43:00,41.8
2025-06-12 15:51:00,16.9
2025-06-12 23:59:00,10.8
2025-06-12 05:52:00,72.8
2025-06-12 09:47:00,44.8
2025-06-12 16:11:00,83.1
2025-06-12 13:21:00,59.1
2025-06-12 11:37:00,25.1
2025-06-12 02:43:00,49.91221338324755
2025-06-12 16:23:00,17.3
2025-06-12 21:08:00,76.6
2025-06-12 15:48:00,94.7
2025-06-12 03:29:00,95.9
2025-06-12 17:05:00,96.7
2025-06-12 11:36:00,82.6
2025-06-12 10:21:00,49.91221338324755
2025-06-12 09:29:00,80.4
2025-06-12 04:16:00,26.1
2025-06-12 05:38:00,83.9
2025-06-12 17:15:00,43.0
2025-06-12 15:13:00,41.6
2025-06-12 07:57:00,88.5
2025-06-12 21:49:00,66.0
2025-06-12 18:51:00,49.91221338324755
2025-06-12 23:01:00,94.0
2025-06-12 15:59:00,52.1
2025-06-12 01:54:00,92.2
2025-06-12 19:28:00,55.4
2025-06-12 21:01:00,26.0
2025-06-12 14:07:00,88.6
2025-06-12 22:41:00,52.7
2025-06-12 06:22:00,31.1
2025-06-12 02:36:00,49.91221338324755
2025-06-12 04:22:00,81.4
2025-06-12 14:30:00,91.1
2025-06-12 19:01:00,97.6
2025-06-12 09:59:00,27.6
2025-06-12 13:30:00,67.3
2025-06-12 15:27:00,49.91221338324755
2025-06-12 19:51:00,67.5
2025-06-12 01:56:00,12.0
2025-06-12 20:40:00,49.91221338324755
2025-06-12 23:58:00,49.91221338324755
2025-06-12 15:07:00,53.3
2025-06-12 22:57:00,32.2
2025-06-12 19:55:00,25.7
2025-06-12 13:09:00,49.91221338324755
2025-06-12 00:17:00,68.6
2025-06-12 16:42:00,87.6
2025-06-12 19:59:00,48.6
2025-06-12 07:18:00,48.5
2025-06-12 07:30:00,49.91221338324755
2025-06-12 00:27:00,79.0
2025-06-12 09:23:00,76.1
2025-06-12 14:47:00,83.2
2025-06-12 19:36:00,49.91221338324755
2025-06-12 14:29:00,69.3
2025-06-12 19:14:00,37.5
2025-06-12 19:07:00,47.6
2025-06-12 14:24:00,10.4
2025-06-12 11:38:00,15.6
2025-06-12 21:43:00,7.6
2025-06-12 12:05:00,5.1
2025-06-12 02:53:00,13.2
2025-06-12 04:40:00,39.4
2025-06-12 03:32:00,26.7
2025-06-12 09:46:00,49.91221338324755
2025-06-12 23:19:00,53.4
2025-06-12 23:03:00,81.2
2025-06-12 11:14:00,49.91221338324755
2025-06-12 13:20:00,0.6
2025-06-12 22:31:00,35.6
2025-06-12 12:43:00,45.9
2025-06-12 06:16:00,49.91221338324755
2025-06-12 07:03:00,95.9
2025-06-12 08:28:00,39.4
2025-06-12 16:01:00,90.6
2025-06-12 04:53:00,26.0
2025-06-12 22:18:00,40.5
2025-06-12 18:18:00,52.7
2025-06-12 07:52:00,12.6
2025-06-12 22:21:00,73.5
2025-06-12 21:11:00,97.0
2025-06-12 14:58:00,35.8
2025-06-12 02:02:00,47.3
2025-06-12 08:33:00,15.2
2025-06-12 08:29:00,33.0
2025-06-12 07:43:00,45.6
2025-06-12 21:52:00,57.7
2025-06-12 14:51:00,17.9
2025-06-12 07:44:00,59.9
2025-06-12 21:02:00,3.0
2025-06-12 23:16:00,68.1
2025-06-12 10:22:00,68.2
2025-06-12 06:24:00,80.2
2025-06-12 21:30:00,12.1
2025-06-12 18:55:00,39.5
2025-06-12 09:38:00,41.5
2025-06-12 08:01:00,34.1
2025-06-12 02:31:00,49.91221338324755
2025-06-12 03:02:00,4.4
2025-06-12 11:07:00,44.9
2025-06-12 10:42:00,3.6
2025-06-12 01:33:00,0.4
2025-06-12 19:02:00,85.4
2025-06-12 16:45:00,8.2
2025-06-12 06:41:00,45.2
2025-06-12 02:27:00,77.3
2025-06-12 07:25:00,49.91221338324755
2025-06-12 23:46:00,37.9
2025-06-12 10:13:00,49.91221338324755
2025-06-12 17:41:00,65.4
2025-06-12 14:32:00,26.3
2025-06-12 16:06:00,52.5
2025-06-12 13:16:00,96.1
2025-06-12 16:22:00,95.3
2025-06-12 16:32:00,75.3
2025-06-12 22:01:00,76.9
2025-06-12 21:47:00,50.557353635505194
2025-06-12 10:30:00,14.0
2025-06-12 22:29:00,77.2
2025-06-12 03:37:00,52.2
2025-06-12 22:03:00,47.4
2025-06-12 06:22:00,1.9
2025-06-12 12:19:00,93.7
2025-06-12 11:25:00,52.0
2025-06-12 11:37:00,29.1
2025-06-12 08:17:00,70.3
2025-06-12 11:08:00,90.6
2025-06-12 00:54:00,80.8
2025-06-12 06:36:00,4.1
2025-06-12 20:36:00,96.2
2025-06-12 10:52:00,10.7
2025-06-12 07:44:00,28.7
2025-06-12 13:38:00,45.2
2025-06-12 01:07:00,18.6
2025-06-12 15:00:00,70.1
2025-06-12 10:58:00,64.2
2025-06-12 19:54:00,5.5
2025-06-12 23:52:00,34.9
2025-06-12 02:35:00,58.5
2025-06-12 16:41:00,54.2
2025-06-12 19:36:00,38.6
2025-06-12 03:22:00,46.8
2025-06-12 18:13:00,32.7
2025-06-12 00:18:00,17.9
2025-06-12 22:52:00,33.7
2025-06-12 16:20:00,88.8
2025-06-12 12:05:00,43.9
2025-06-12 05:42:00,68.7
2025-06-12 00:58:00,94.4
2025-06-12 17:16:00,74.2
2025-06-12 10:40:00,58.0
2025-06-12 18:56:00,76.2
2025-06-12 01:10:00,79.3
2025-06-12 02:36:00,47.9
2025-06-12 02:49:00,50.557353635505194
2025-06-12 10:56:00,84.1
2025-06-12 15:06:00,50.557353635505194
2025-06-12 04:31:00,9.6
2025-06-12 02:57:00,50.557353635505194
2025-06-12 01:19:00,58.6
2025-06-12 06:43:00,5.8
2025-06-12 03:07:00,40.0
2025-06-12 04:08:00,4.6
2025-06-12 18:31:00,25.0
2025-06-12 15:38:00,50.557353635505194
2025-06-12 02:27:00,2.1
2025-06-12 07:33:00,34.1
2025-06-12 03:29:00,18.9
2025-06-12 23:29:00,52.7
2025-06-12 15:25:00,1.4
2025-06-12 04:30:00,50.557353635505194
2025-06-12 12:33:00,42.8
2025-06-12 10:25:00,57.5
2025-06-12 02:58:00,83.1
2025-06-12 19:05:00,50.557353635505194
2025-06-12 01:57:00,47.7
2025-06-12 15:02:00,42.7
2025-06-12 01:00:00,15.4
2025-06-12 04:42:00,68.9
2025-06-12 18:27:00,1.2
2025-06-12 10:27:00,50.557353635505194
2025-06-12 00:56:00,84.6
2025-06-12 17:08:00,38.4
2025-06-12 21:31:00,24.4
2025-06-12 00:05:00,82.2
2025-06-12 06:40:00,75.8
2025-06-12 06:25:00,5.1
2025-06-12 14:15:00,96.5
2025-06-12 13:50:00,85.9
2025-06-12 23:54:00,23.2
2025-06-12 13:52:00,34.0
2025-06-12 09:22:00,19.3
2025-06-12 05:54:00,6.5
2025-06-12 00:53:00,60.5
2025-06-12 13:10:00,5.7
2025-06-12 23:01:00,50.557353635505194
2025-06-12 21:15:00,13.4
2025-06-12 05:09:00,50.557353635505194
2025-06-12 16:26:00,32.0
2025-06-12 05:56:00,50.557353635505194
2025-06-12 01:58:00,26.9
2025-06-12 00:15:00,41.8
2025-06-12 20:01:00,6.1
2025-06-12 03:57:00,9.0
2025-06-12 03:16:00,63.5
2025-06-12 10:17:00,72.3
2025-06-12 17:46:00,90.3
2025-06-12 18:28:00,2.3
2025-06-12 11:38:00,50.557353635505194
2025-06-12 02:59:00,22.6
2025-06-12 10:02:00,50.557353635505194
2025-06-12 02:45:00,80.5
2025-06-12 22:40:00,93.2
2025-06-12 10:34:00,73.2
2025-06-12 17:02:00,22.3
2025-06-12 04:37:00,35.7
2025-06-12 02:05:00,67.2
2025-06-12 16:14:00,15.4
2025-06-12 13:42:00,50.557353635505194
2025-06-12 07:57:00,2.3
2025-06-12 12:18:00,56.7
2025-06-12 21:12:00,19.1
2025-06-12 04:29:00,4.7
2025-06-12 22:55:00,23.9
2025-06-12 15:51:00,56.5
2025-06-12 11:41:00,30.9
2025-06-12 12:24:00,5.9
2025-06-12 12:08:00,54.5
2025-06-12 15:20:00,81.1
2025-06-12 20:43:00,64.1
2025-06-12 08:21:00,50.557353635505194
2025-06-12 01:02:00,84.6
2025-06-12 02:40:00,7.4
2025-06-12 06:06:00,87.2
2025-06-12 00:30:00,10.5
2025-06-12 03:45:00,88.7
2025-06-12 02:33:00,66.0
2025-06-12 09:24:00,50.557353635505194
2025-06-12 07:40:00,22.5
2025-06-12 07:59:00,50.557353635505194
2025-06-12 18:35:00,60.1
2025-06-12 09:01:00,50.557353635505194
2025-06-12 19:40:00,44.5
2025-06-12 19:39:00,94.6
2025-06-12 20:52:00,92.3
2025-06-12 04:56:00,5.1
2025-06-12 03:00:00,47.5
2025-06-12 13:54:00,28.3
2025-06-12 08:59:00,99.6
2025-06-12 14:42:00,99.8
2025-06-12 00:34:00,1.1
2025-06-12 10:35:00,79.5
2025-06-12 15:15:00,45.2
2025-06-12 09:53:00,50.557353635505194
2025-06-12 09:46:00,50.557353635505194
2025-06-12 06:27:00,57.0
2025-06-12 06:23:00,25.8
2025-06-12 10:47:00,61.0
2025-06-12 04:32:00,50.557353635505194
2025-06-12 06:21:00,6.9
2025-06-12 04:23:00,92.1
2025-06-12 08:55:00,24.9
2025-06-12 11:10:00,32.7
2025-06-12 00:26:00,86.3
2025-06-12 10:22:00,50.4
2025-06-12 21:03:00,99.1
2025-06-12 03:46:00,50.557353635505194
2025-06-12 13:11:00,26.4
2025-06-12 12:14:00,10.4
2025-06-12 03:10:00,60.3
2025-06-12 04:44:00,18.8
2025-06-12 21:37:00,3.7
2025-06-12 15:21:00,1.9
2025-06-12 06:39:00,22.7
2025-06-12 08:25:00,58.0
2025-06-12 02:46:00,50.557353635505194
2025-06-12 19:49:00,50.557353635505194
2025-06-12 20:38:00,33.9
2025-06-12 03:54:00,94.3
2025-06-12 22:54:00,50.557353635505194
2025-06-12 23:03:00,97.2
2025-06-12 02:54:00,41.1
2025-06-12 17:39:00,83.3
2025-06-12 11:00:00,12.8
2025-06-12 18:11:00,29.0
2025-06-12 14:59:00,11.5
2025-06-12 14:14:00,77.4
2025-06-12 09:27:00,47.9
2025-06-12 23:30:00,50.557353635505194
2025-06-12 06:09:00,23.5
2025-06-12 23:44:00,50.557353635505194
2025-06-12 07:49:00,22.9
2025-06-12 04:07:00,28.9
2025-06-12 20:28:00,36.4
2025-06-12 05:53:00,98.6
2025-06-12 01:21:00,50.557353635505194
2025-06-12 12:48:00,82.3
2025-06-12 20:59:00,50.557353635505194
2025-06-12 20:05:00,81.5
2025-06-12 07:12:00,41.4
2025-06-12 16:40:00,85.6
2025-06-12 14:57:00,32.8
2025-06-12 00:55:00,49.0
2025-06-12 07:11:00,50.557353635505194
2025-06-12 05:57:00,1.2
2025-06-12 06:32:00,54.9
2025-06-12 01:54:00,18.9
2025-06-12 19:16:00,94.4
2025-06-12 15:41:00,41.4
2025-06-12 15:52:00,34.9
2025-06-12 09:50:00,44.7
2025-06-12 12:21:00,50.557353635505194
2025-06-12 09:54:00,62.6
2025-06-12 02:11:00,85.9
2025-06-12 08:30:00,94.0
2025-06-12 14:34:00,50.557353635505194
2025-06-12 06:10:00,42.2
2025-06-12 05:00:00,50.557353635505194
2025-06-12 18:04:00,50.557353635505194
2025-06-12 22:58:00,80.2
2025-06-12 13:12:00,50.557353635505194
2025-06-12 00:00:00,37.4
2025-06-12 09:38:00,41.3
2025-06-12 20:14:00,82.9
2025-06-12 18:42:00,69.9
2025-06-12 18:51:00,33.6
2025-06-12 22:53:00,50.557353635505194
2025-06-12 16:13:00,50.557353635505194
2025-06-12 02:04:00,50.557353635505194
2025-06-12 07:52:00,92.6
2025-06-12 18:45:00,30.7
2025-06-12 22:14:00,46.6
2025-06-12 12:23:00,75.0
2025-06-12 07:10:00,8.6
2025-06-12 14:07:00,51.0
2025-06-12 11:04:00,98.9
2025-06-12 17:00:00,38.1
2025-06-12 12:15:00,77.3
2025-06-12 09:06:00,50.557353635505194
2025-06-12 21:51:00,74.0
2025-06-12 09:33:00,78.6
2025-06-12 05:11:00,70.5
2025-06-12 13:00:00,66.7
2025-06-12 02:41:00,95.2
2025-06-12 21:44:00,95.3
2025-06-12 16:55:00,57.0
2025-06-12 05:14:00,80.0
2025-06-12 09:19:00,78.0
2025-06-12 06:38:00,62.7
2025-06-12 18:07:00,35.3
2025-06-12 07:02:00,37.1
2025-06-12 15:04:00,52.9
2025-06-12 00:41:00,70.8
2025-06-12 02:44:00,61.7
2025-06-12 10:03:00,70.4
2025-06-12 00:13:00,75.1
2025-06-12 13:18:00,88.1
2025-06-12 20:48:00,70.9
2025-06-12 17:03:00,79.9
2025-06-12 07:32:00,77.5
2025-06-12 11:40:00,12.9
2025-06-12 20:41:00,93.9
2025-06-12 01:40:00,39.2
2025-06-12 15:42:00,87.2
2025-06-12 08:23:00,17.6
2025-06-12 16:34:00,67.3
2025-06-12 10:49:00,8.6
2025-06-12 22:59:00,96.5
2025-06-12 22:38:00,50.557353635505194
2025-06-12 11:19:00,13.6
2025-06-12 03:41:00,50.557353635505194
2025-06-12 09:32:00,12.9
2025-06-12 12:10:00,41.0
2025-06-12 15:37:00,54.9
2025-06-12 12:26:00,64.5
2025-06-12 16:54:00,19.6
2025-06-12 01:16:00,56.0
2025-06-12 19:00:00,91.2
2025-06-12 18:26:00,93.8
2025-06-12 14:51:00,86.0
2025-06-12 19:29:00,23.9
2025-06-12 00:27:00,50.557353635505194
2025-06-12 01:43:00,52.3
2025-06-12 17:13:00,93.2
2025-06-12 13:55:00,30.4
2025-06-12 09:39:00,60.8
2025-06-12 06:56:00,21.9
2025-06-12 15:43:00,53.8
2025-06-12 06:50:00,98.2
2025-06-12 20:56:00,76.7
2025-06-12 05:35:00,47.2
2025-06-12 10:46:00,13.2
2025-06-12 14:13:00,25.1
2025-06-12 12:12:00,50.557353635505194
2025-06-12 22:27:00,28.8
2025-06-12 00:07:00,90.1
2025-06-12 22:19:00,28.6
2025-06-12 12:33:00,85.7
2025-06-12 23:04:00,90.0
2025-06-12 21:36:00,1.5
2025-06-12 19:31:00,61.0
2025-06-12 15:40:00,80.6
2025-06-12 20:40:00,42.8
2025-06-12 12:14:00,38.0
2025-06-12 05:20:00,7.1
2025-06-12 16:18:00,42.9
2025-06-12 03:36:00,38.1
2025-06-12 12:48:00,73.0
2025-06-12 21:47:00,49.87196987526477
2025-06-12 07:32:00,67.4
2025-06-12 14:58:00,46.1
2025-06-12 11:01:00,97.8
2025-06-12 06:42:00,49.87196987526477
2025-06-12 21:02:00,64.1
2025-06-12 04:19:00,15.8
2025-06-12 17:20:00,84.1
2025-06-12 04:18:00,49.87196987526477
2025-06-12 22:00:00,62.4
2025-06-12 02:55:00,70.9
2025-06-12 00:25:00,49.87196987526477
2025-06-12 10:12:00,12.9
2025-06-12 06:24:00,77.0
2025-06-12 10:25:00,49.3
2025-06-12 00:36:00,49.87196987526477
2025-06-12 10:55:00,29.6
2025-06-12 16:41:00,48.3
2025-06-12 08:47:00,15.5
2025-06-12 15:07:00,39.7
2025-06-12 03:11:00,49.87196987526477
2025-06-12 07:33:00,16.5
2025-06-12 05:49:00,22.3
2025-06-12 21:32:00,55.6
2025-06-12 01:19:00,45.4
2025-06-12 21:42:00,49.87196987526477
2025-06-12 04:05:00,69.8
2025-06-12 03:35:00,34.3
2025-06-12 13:46:00,1.7
2025-06-12 02:01:00,96.1
2025-06-12 00:46:00,7.9
2025-06-12 18:09:00,61.1
2025-06-12 15:35:00,61.0
2025-06-12 11:00:00,73.5
2025-06-12 23:28:00,1.4
2025-06-12 16:13:00,12.5
2025-06-12 15:57:00,96.7
2025-06-12 17:50:00,79.9
2025-06-12 20:47:00,5.8
2025-06-12 20:17:00,84.3
2025-06-12 16:24:00,49.87196987526477
2025-06-12 14:31:00,82.7
2025-06-12 02:17:00,18.8
2025-06-12 18:39:00,77.5
2025-06-12 07:43:00,8.9
2025-06-12 12:57:00,23.1
2025-06-12 09:38:00,81.6
2025-06-12 08:05:00,99.3
2025-06-12 14:15:00,18.8
2025-06-12 08:00:00,49.87196987526477
2025-06-12 15:38:00,49.87196987526477
2025-06-12 13:47:00,75.0
2025-06-12 22:31:00,49.87196987526477
2025-06-12 14:56:00,72.6
2025-06-12 18:03:00,76.9
2025-06-12 21:33:00,97.4
2025-06-12 17:49:00,37.4
2025-06-12 10:39:00,65.8
2025-06-12 22:14:00,2.6
2025-06-12 02:46:00,49.87196987526477
2025-06-12 00:09:00,10.9
2025-06-12 08:03:00,49.87196987526477
2025-06-12 19:06:00,97.8
2025-06-12 14:42:00,1.3
2025-06-12 09:46:00,46.3
2025-06-12 16:38:00,67.2
2025-06-12 15:24:00,15.0
2025-06-12 07:45:00,36.2
2025-06-12 17:10:00,30.6
2025-06-12 11:59:00,62.0
2025-06-12 04:41:00,22.9
2025-06-12 07:36:00,49.87196987526477
2025-06-12 15:08:00,51.0
2025-06-12 20:09:00,61.8
2025-06-12 03:43:00,29.5
2025-06-12 23:23:00,56.4
2025-06-12 08:24:00,74.9
2025-06-12 16:23:00,58.8
2025-06-12 23:21:00,49.87196987526477
2025-06-12 11:52:00,81.6
2025-06-12 07:28:00,21.9
2025-06-12 20:23:00,66.9
2025-06-12 21:26:00,91.0
2025-06-12 19:11:00,4.5
2025-06-12 01:42:00,49.87196987526477
2025-06-12 08:34:00,49.87196987526477
2025-06-12 20:38:00,81.9
2025-06-12 09:37:00,70.9
2025-06-12 02:48:00,54.5
2025-06-12 22:36:00,49.87196987526477
2025-06-12 12:26:00,40.7
2025-06-12 19:32:00,49.87196987526477
2025-06-12 05:47:00,72.7
2025-06-12 10:45:00,49.87196987526477
2025-06-12 22:26:00,59.0
2025-06-12 15:25:00,27.9
2025-06-12 01:55:00,29.7
2025-06-12 02:35:00,14.6
2025-06-12 14:10:00,1.8
2025-06-12 10:27:00,49.87196987526477
2025-06-12 13:55:00,51.2
2025-06-12 16:22:00,13.7
2025-06-12 22:38:00,49.87196987526477
2025-06-12 14:35:00,44.0
2025-06-12 17:45:00,79.4
2025-06-12 20:24:00,81.2
2025-06-12 01:06:00,90.6
2025-06-12 19:45:00,49.87196987526477
2025-06-12 08:56:00,54.1
2025-06-12 13:00:00,95.0
2025-06-12 03:37:00,66.7
2025-06-12 03:23:00,35.6
2025-06-12 20:00:00,9.5
2025-06-12 09:26:00,51.0
2025-06-12 04:42:00,49.87196987526477
2025-06-12 09:18:00,35.3
2025-06-12 07:27:00,49.87196987526477
2025-06-12 22:53:00,36.6
2025-06-12 02:39:00,49.87196987526477
2025-06-12 10:07:00,77.4
2025-06-12 19:48:00,16.2
2025-06-12 00:27:00,75.7
2025-06-12 03:47:00,49.87196987526477
2025-06-12 04:26:00,2.3
2025-06-12 03:20:00,77.0
2025-06-12 06:12:00,17.6
2025-06-12 13:37:00,66.2
2025-06-12 02:44:00,5.5
2025-06-12 19:30:00,93.7
2025-06-12 16:10:00,49.87196987526477
2025-06-12 16:51:00,37.5
2025-06-12 10:48:00,45.7
2025-06-12 17:27:00,49.87196987526477
2025-06-12 01:26:00,22.7
2025-06-12 12:00:00,66.7
2025-06-12 12:21:00,14.5
2025-06-12 12:30:00,66.6
2025-06-12 04:17:00,45.5
2025-06-12 09:32:00,39.0
2025-06-12 10:56:00,45.5
2025-06-12 16:37:00,10.0
2025-06-12 04:11:00,59.3
2025-06-12 01:54:00,99.9
2025-06-12 04:57:00,30.3
2025-06-12 19:22:00,78.4
2025-06-12 16:55:00,89.2
2025-06-12 03:10:00,37.9
2025-06-12 11:37:00,93.4
2025-06-12 04:08:00,84.7
2025-06-12 03:41:00,85.1
2025-06-12 06:38:00,30.2
2025-06-12 09:21:00,16.5
2025-06-12 04:38:00,49.87196987526477
2025-06-12 21:13:00,26.9
2025-06-12 18:22:00,94.9
2025-06-12 06:08:00,64.1
2025-06-12 13:56:00,49.87196987526477
2025-06-12 00:01:00,49.87196987526477
2025-06-12 10:43:00,41.7
2025-06-12 15:32:00,26.9
2025-06-12 04:54:00,49.87196987526477
2025-06-12 23:10:00,87.8
2025-06-12 09:34:00,87.5
2025-06-12 20:37:00,95.2
2025-06-12 06:04:00,49.87196987526477
2025-06-12 16:04:00,87.3
2025-06-12 07:24:00,45.7
2025-06-12 03:25:00,91.8
2025-06-12 01:21:00,49.87196987526477
2025-06-12 19:20:00,49.87196987526477
2025-06-12 16:59:00,45.7
2025-06-12 10:47:00,56.7
2025-06-12 01:37:00,49.87196987526477
2025-06-12 17:38:00,49.87196987526477
2025-06-12 06:15:00,33.0
2025-06-12 14:22:00,0.6
2025-06-12 19:55:00,78.6
2025-06-12 22:10:00,60.5
2025-06-12 01:09:00,0.8
2025-06-12 19:42:00,14.5
2025-06-12 20:31:00,25.3
2025-06-12 09:41:00,83.7
2025-06-12 20:46:00,75.0
2025-06-12 22:17:00,62.2
2025-06-12 08:53:00,33.1
2025-06-12 20:22:00,40.5
2025-06-12 16:00:00,75.3
2025-06-12 12:49:00,49.87196987526477
2025-06-12 03:01:00,49.87196987526477
2025-06-12 12:39:00,44.0
2025-06-12 06:33:00,95.5
2025-06-12 16:56:00,26.5
2025-06-12 04:28:00,49.87196987526477
2025-06-12 01:28:00,8.1
2025-06-12 19:04:00,49.87196987526477
2025-06-12 08:04:00,37.2
2025-06-12 05:32:00,47.7
2025-06-12 00:10:00,69.6
2025-06-12 18:52:00,49.87196987526477
2025-06-12 17:02:00,17.6
2025-06-12 16:01:00,49.87196987526477
2025-06-12 14:43:00,79.3
2025-06-12 00:33:00,57.7
2025-06-12 12:45:00,11.8
2025-06-12 14:04:00,75.7
2025-06-12 20:53:00,34.3
2025-06-12 12:59:00,97.6
2025-06-12 18:41:00,10.3
2025-06-12 13:49:00,16.1
2025-06-12 22:43:00,13.9
2025-06-12 15:15:00,49.87196987526477
2025-06-12 02:28:00,99.4
2025-06-12 21:18:00,97.3
2025-06-12 10:02:00,49.87196987526477
2025-06-12 09:23:00,42.7
2025-06-12 11:33:00,41.0
2025-06-12 19:10:00,90.2
2025-06-12 20:21:00,94.2
2025-06-12 18:57:00,33.5
2025-06-12 07:10:00,63.5
2025-06-12 12:42:00,12.8
2025-06-12 04:40:00,49.87196987526477
2025-06-12 11:23:00,42.6
2025-06-12 13:07:00,17.9
2025-06-12 12:20:00,85.1
2025-06-12 19:58:00,50.6
2025-06-12 10:23:00,57.2
2025-06-12 20:36:00,83.8
2025-06-12 09:15:00,93.1
2025-06-12 10:46:00,70.5
2025-06-12 10:59:00,37.7
2025-06-12 06:36:00,17.1
2025-06-12 23:09:00,0.8
2025-06-12 22:09:00,70.8
2025-06-12 04:49:00,16.2
2025-06-12 20:28:00,33.0
2025-06-12 20:19:00,30.2
2025-06-12 14:12:00,68.3
2025-06-12 16:43:00,72.0
2025-06-12 11:21:00,77.8
2025-06-12 10:40:00,65.0
2025-06-12 04:43:00,48.7
2025-06-12 08:35:00,29.5
2025-06-12 18:14:00,40.1
2025-06-12 01:39:00,68.8
2025-06-12 08:57:00,56.5
2025-06-12 22:03:00,49.87196987526477
2025-06-12 19:21:00,69.3
2025-06-12 14:06:00,63.4
2025-06-12 00:45:00,49.87196987526477
2025-06-12 02:29:00,10.1
2025-06-12 15:41:00,97.7
2025-06-12 15:14:00,26.4
2025-06-12 13:24:00,87.7
2025-06-12 06:55:00,30.0
2025-06-12 14:00:00,5.8
2025-06-12 16:42:00,70.4
2025-06-12 15:28:00,73.8
2025-06-12 00:21:00,49.87196987526477
2025-06-12 17:41:00,49.87196987526477
2025-06-12 12:07:00,23.8
2025-06-12 05:25:00,37.4
2025-06-12 01:15:00,14.0
2025-06-12 05:42:00,2.1
2025-06-12 00:05:00,82.7
2025-06-12 17:19:00,42.0
2025-06-12 21:25:00,51.4
2025-06-12 20:49:00,98.7
2025-06-12 10:14:00,89.0
2025-06-12 14:39:00,12.2
2025-06-12 21:37:00,53.5
2025-06-12 13:36:00,23.4
2025-06-12 21:40:00,8.0
2025-06-12 06:14:00,49.87196987526477
2025-06-12 11:30:00,49.87196987526477
2025-06-12 15:47:00,36.8
2025-06-12 10:37:00,38.0
2025-06-12 11:41:00,64.8
2025-06-12 11:04:00,70.1
2025-06-12 03:19:00,49.93628109892701
2025-06-12 09:22:00,98.7
2025-06-12 09:00:00,49.93628109892701
2025-06-12 23:34:00,30.0
2025-06-12 13:11:00,2.7
2025-06-12 13:46:00,49.93628109892701
2025-06-12 08:40:00,3.5
2025-06-12 14:13:00,93.1
2025-06-12 18:28:00,17.6
2025-06-12 11:39:00,18.9
2025-06-12 00:51:00,49.93628109892701
2025-06-12 14:40:00,13.3
2025-06-12 03:32:00,49.93628109892701
2025-06-12 16:59:00,49.93628109892701
2025-06-12 18:21:00,0.8
2025-06-12 23:12:00,19.7
2025-06-12 17:35:00,93.8
2025-06-12 00:53:00,49.93628109892701
2025-06-12 16:46:00,77.7
2025-06-12 10:32:00,13.0
2025-06-12 05:53:00,74.1
2025-06-12 14:03:00,33.5
2025-06-12 09:57:00,73.5
2025-06-12 22:52:00,49.93628109892701
2025-06-12 18:10:00,92.0
2025-06-12 07:06:00,61.1
2025-06-12 22:22:00,17.5
2025-06-12 08:33:00,5.3
2025-06-12 14:42:00,41.1
2025-06-12 07:12:00,96.2
2025-06-12 12:44:00,56.8
2025-06-12 14:29:00,1.6
2025-06-12 06:31:00,30.3
2025-06-12 17:00:00,0.2
2025-06-12 08:48:00,49.93628109892701
2025-06-12 23:31:00,76.9
2025-06-12 15:53:00,89.7
2025-06-12 16:27:00,30.6
2025-06-12 01:53:00,58.3
2025-06-12 08:57:00,27.2
2025-06-12 12:03:00,49.93628109892701
2025-06-12 23:26:00,39.1
2025-06-12 17:57:00,25.4
2025-06-12 05:23:00,63.5
2025-06-12 03:50:00,40.9
2025-06-12 03:02:00,61.6
2025-06-12 18:14:00,48.9
2025-06-12 00:26:00,92.2
2025-06-12 14:37:00,91.7
2025-06-12 15:08:00,49.0
2025-06-12 17:45:00,49.93628109892701
2025-06-12 16:18:00,65.0
2025-06-12 16:28:00,29.9
2025-06-12 05:50:00,49.93628109892701
2025-06-12 07:18:00,49.93628109892701
2025-06-12 16:32:00,19.4
2025-06-12 03:37:00,66.7
2025-06-12 01:12:00,24.9
2025-06-12 03:14:00,49.93628109892701
2025-06-12 07:23:00,10.1
2025-06-12 06:33:00,13.1
2025-06-12 21:33:00,68.5
2025-06-12 04:55:00,39.0
2025-06-12 17:01:00,76.7
2025-06-12 10:43:00,49.93628109892701
2025-06-12 04:29:00,80.4
2025-06-12 19:19:00,79.8
2025-06-12 12:06:00,49.93628109892701
2025-06-12 06:36:00,5.8
2025-06-12 12:37:00,55.1
2025-06-12 10:20:00,59.0
2025-06-12 06:24:00,38.1
2025-06-12 00:46:00,68.0
2025-06-12 02:57:00,49.93628109892701
2025-06-12 08:15:00,4.8
2025-06-12 05:24:00,49.93628109892701
2025-06-12 08:03:00,52.7
2025-06-12 03:06:00,66.4
2025-06-12 10:08:00,82.7
2025-06-12 17:38:00,25.1
2025-06-12 01:29:00,82.6
2025-06-12 22:29:00,49.93628109892701
2025-06-12 22:54:00,96.0
2025-06-12 14:09:00,11.0
2025-06-12 16:22:00,65.2
2025-06-12 16:20:00,49.93628109892701
2025-06-12 15:41:00,1.6
2025-06-12 16:10:00,19.0
2025-06-12 07:19:00,75.9
2025-06-12 11:54:00,59.8
2025-06-12 14:54:00,26.1
2025-06-12 03:38:00,64.0
2025-06-12 14:52:00,54.3
2025-06-12 04:26:00,49.93628109892701
2025-06-12 13:35:00,49.93628109892701
2025-06-12 03:40:00,30.5
2025-06-12 06:59:00,55.8
2025-06-12 13:49:00,68.0
2025-06-12 18:06:00,53.6
2025-06-12 06:03:00,89.4
2025-06-12 10:11:00,34.9
2025-06-12 20:28:00,41.6
2025-06-12 08:13:00,9.3
2025-06-12 22:38:00,90.1
2025-06-12 20:56:00,7.8
2025-06-12 22:53:00,5.7
2025-06-12 07:37:00,68.4
2025-06-12 19:10:00,84.8
2025-06-12 08:21:00,47.6
2025-06-12 05:49:00,49.93628109892701
2025-06-12 03:48:00,49.93628109892701
2025-06-12 16:24:00,28.7
2025-06-12 12:40:00,8.8
2025-06-12 13:47:00,91.2
2025-06-12 04:57:00,51.5
2025-06-12 23:16:00,69.4
2025-06-12 01:52:00,28.0
2025-06-12 20:44:00,65.9
2025-06-12 02:25:00,69.9
2025-06-12 16:58:00,98.8
2025-06-12 12:34:00,49.93628109892701
2025-06-12 21:26:00,8.4
2025-06-12 22:44:00,38.6
2025-06-12 09:20:00,49.93628109892701
2025-06-12 23:35:00,51.5
2025-06-12 13:20:00,97.1
2025-06-12 09:30:00,70.9
2025-06-12 09:35:00,49.93628109892701
2025-06-12 15:54:00,88.0
2025-06-12 00:08:00,40.6
2025-06-12 02:49:00,48.4
2025-06-12 02:17:00,28.1
2025-06-12 16:05:00,1.8
2025-06-12 18:18:00,49.93628109892701
2025-06-12 02:09:00,25.8
2025-06-12 19:31:00,49.93628109892701
2025-06-12 19:52:00,49.93628109892701
2025-06-12 12:19:00,49.93628109892701
2025-06-12 18:09:00,0.9
2025-06-12 16:50:00,75.8
2025-06-12 14:43:00,49.93628109892701
2025-06-12 16:54:00,5.6
2025-06-12 12:17:00,49.93628109892701
2025-06-12 11:37:00,24.0
2025-06-12 00:59:00,10.4
2025-06-12 12:50:00,14.5
2025-06-12 00:37:00,42.9
2025-06-12 21:49:00,24.1
2025-06-12 06:10:00,84.7
2025-06-12 08:44:00,81.9
2025-06-12 05:03:00,49.93628109892701
2025-06-12 23:59:00,35.5
2025-06-12 08:54:00,35.6
2025-06-12 22:26:00,50.9
2025-06-12 20:23:00,75.1
2025-06-12 01:56:00,84.0
2025-06-12 20:12:00,84.5
2025-06-12 05:44:00,77.1
2025-06-12 19:43:00,13.6
2025-06-12 13:10:00,89.9
2025-06-12 11:15:00,54.1
2025-06-12 10:06:00,5.2
2025-06-12 14:59:00,34.7
2025-06-12 01:31:00,82.4
2025-06-12 01:17:00,49.93628109892701
2025-06-12 09:31:00,59.9
2025-06-12 19:48:00,95.1
2025-06-12 23:07:00,44.9
2025-06-12 14:21:00,76.0
2025-06-12 10:03:00,90.1
2025-06-12 18:32:00,49.93628109892701
2025-06-12 05:21:00,56.4
2025-06-12 09:18:00,49.93628109892701
2025-06-12 02:18:00,82.7
2025-06-12 07:47:00,49.93628109892701
2025-06-12 18:01:00,33.6
2025-06-12 07:22:00,3.5
2025-06-12 19:55:00,59.6
2025-06-12 22:14:00,49.93628109892701
2025-06-12 20:36:00,16.5
2025-06-12 00:01:00,47.2
2025-06-12 17:33:00,50.2
2025-06-12 20:31:00,62.9
2025-06-12 18:50:00,54.1
2025-06-12 00:48:00,3.3
2025-06-12 05:07:00,1.8
2025-06-12 11:49:00,92.0
2025-06-12 15:16:00,49.93628109892701
2025-06-12 07:27:00,53.5
2025-06-12 16:53:00,74.0
2025-06-12 14:10:00,30.8
2025-06-12 22:13:00,9.3
2025-06-12 14:47:00,92.0
2025-06-12 03:27:00,32.3
2025-06-12 04:33:00,45.1
2025-06-12 02:10:00,49.2
2025-06-12 09:56:00,21.7
2025-06-12 11:09:00,74.1
2025-06-12 21:35:00,49.93628109892701
2025-06-12 11:25:00,12.8
2025-06-12 01:18:00,37.7
2025-06-12 00:35:00,43.2
2025-06-12 16:21:00,47.2
2025-06-12 19:28:00,49.93628109892701
2025-06-12 01:10:00,0.5
2025-06-12 13:26:00,78.2
2025-06-12 17:14:00,84.9
2025-06-12 16:17:00,45.5
2025-06-12 05:38:00,27.4
2025-06-12 02:34:00,82.6
2025-06-12 12:59:00,23.9
2025-06-12 14:58:00,37.2
2025-06-12 11:00:00,40.2
2025-06-12 04:07:00,46.1
2025-06-12 12:32:00,4.9
2025-06-12 03:08:00,2.3
2025-06-12 15:59:00,8.6
2025-06-12 01:28:00,84.4
2025-06-12 16:13:00,49.93628109892701
2025-06-12 01:08:00,49.93628109892701
2025-06-12 07:17:00,49.93628109892701
2025-06-12 15:52:00,5.6
2025-06-12 03:36:00,18.2
2025-06-12 19:47:00,60.7
2025-06-12 02:07:00,66.3
2025-06-12 23:08:00,40.6
2025-06-12 21:02:00,49.93628109892701
2025-06-12 13:15:00,75.3
2025-06-12 13:22:00,70.4
2025-06-12 16:45:00,6.8
2025-06-12 18:39:00,41.5
2025-06-12 13:52:00,60.8
2025-06-12 01:40:00,15.4
2025-06-12 01:58:00,49.93628109892701
2025-06-12 15:26:00,14.6
2025-06-12 03:17:00,81.2
2025-06-12 23:05:00,10.1
2025-06-12 01:11:00,27.0
2025-06-12 15:06:00,42.4
2025-06-12 09:09:00,51.2
2025-06-12 21:16:00,44.1
2025-06-12 13:30:00,97.8
2025-06-12 14:51:00,58.7
2025-06-12 10:54:00,37.4
2025-06-12 16:44:00,49.93628109892701
2025-06-12 04:21:00,74.9
2025-06-12 07:43:00,98.0
2025-06-12 09:04:00,68.9
2025-06-12 20:48:00,49.7
2025-06-12 23:33:00,81.4
2025-06-12 05:05:00,18.3
2025-06-12 08:19:00,42.1
2025-06-12 09:58:00,59.1
2025-06-12 08:20:00,6.2
2025-06-12 13:51:00,53.0
2025-06-12 01:25:00,30.7
2025-06-12 13:42:00,48.8
2025-06-12 22:12:00,7.9
2025-06-12 13:29:00,95.4
2025-06-12 21:20:00,15.1
2025-06-12 07:44:00,66.7
2025-06-12 09:41:00,31.2
2025-06-12 23:54:00,11.8
2025-06-12 21:32:00,32.3
2025-06-12 02:42:00,49.93628109892701
2025-06-12 06:18:00,17.0
2025-06-12 08:09:00,92.5
2025-06-12 00:42:00,49.93628109892701
2025-06-12 03:29:00,79.8
2025-06-12 05:35:00,49.93628109892701
2025-06-12 23:38:00,91.8
2025-06-12 09:52:00,45.3
2025-06-12 07:07:00,15.9
2025-06-12 01:23:00,55.6
2025-06-12 02:52:00,22.8
2025-06-12 22:05:00,55.0
2025-06-12 02:20:00,89.1
2025-06-12 01:41:00,28.3
2025-06-12 04:14:00,49.93628109892701
2025-06-12 12:22:00,84.9
2025-06-12 08:43:00,72.3
2025-06-12 20:02:00,78.1
2025-06-12 18:12:00,49.93628109892701
2025-06-12 05:42:00,62.7
2025-06-12 11:06:00,59.1
2025-06-12 00:41:00,82.4
2025-06-12 15:21:00,30.4
2025-06-12 18:33:00,28.2
2025-06-12 06:08:00,5.7
2025-06-12 05:48:00,88.0
2025-06-12 06:16:00,49.797736698660984
2025-06-12 20:48:00,8.4
2025-06-12 10:46:00,49.797736698660984
2025-06-12 01:04:00,59.8
2025-06-12 17:19:00,47.2
2025-06-12 23:53:00,25.0
2025-06-12 07:38:00,49.797736698660984
2025-06-12 02:32:00,49.797736698660984
2025-06-12 03:40:00,16.6
2025-06-12 15:38:00,5.0
2025-06-12 00:44:00,92.8
2025-06-12 18:03:00,98.1
2025-06-12 14:34:00,49.797736698660984
2025-06-12 04:05:00,70.6
2025-06-12 10:16:00,64.9
2025-06-12 06:38:00,94.9
2025-06-12 21:03:00,60.5
2025-06-12 11:10:00,33.1
2025-06-12 10:09:00,64.6
2025-06-12 11:52:00,10.1
2025-06-12 21:51:00,49.4
2025-06-12 15:37:00,19.1
2025-06-12 17:51:00,54.7
2025-06-12 10:11:00,79.7
2025-06-12 22:11:00,1.3
2025-06-12 10:15:00,46.5
2025-06-12 09:17:00,66.6
2025-06-12 00:06:00,92.3
2025-06-12 09:24:00,8.0
2025-06-12 03:34:00,43.4
2025-06-12 20:47:00,46.8
2025-06-12 06:20:00,91.7
2025-06-12 19:11:00,65.9
2025-06-12 02:05:00,80.8
2025-06-12 10:07:00,59.4
2025-06-12 02:10:00,93.9
2025-06-12 09:25:00,70.5
2025-06-12 09:52:00,63.2
2025-06-12 22:49:00,63.6
2025-06-12 10:53:00,68.3
2025-06-12 06:34:00,87.6
2025-06-12 08:41:00,39.6
2025-06-12 05:19:00,15.6
2025-06-12 10:39:00,49.797736698660984
2025-06-12 23:48:00,33.7
2025-06-12 08:23:00,35.8
2025-06-12 02:02:00,66.8
2025-06-12 07:57:00,55.8
2025-06-12 16:03:00,39.1
2025-06-12 09:33:00,92.7
2025-06-12 06:01:00,0.4
2025-06-12 08:46:00,95.2
2025-06-12 16:09:00,22.0
2025-06-12 05:48:00,38.1
2025-06-12 12:16:00,37.5
2025-06-12 04:28:00,49.797736698660984
2025-06-12 23:49:00,68.3
2025-06-12 00:54:00,49.797736698660984
2025-06-12 16:45:00,6.0
2025-06-12 23:27:00,24.3
2025-06-12 00:25:00,62.7
2025-06-12 00:43:00,73.5
2025-06-12 10:21:00,92.3
2025-06-12 07:24:00,4.6
2025-06-12 00:09:00,60.0
2025-06-12 20:42:00,66.1
2025-06-12 16:58:00,78.9
2025-06-12 13:50:00,5.2
2025-06-12 04:03:00,70.8
2025-06-12 14:50:00,51.9
2025-06-12 18:14:00,72.0
2025-06-12 16:29:00,20.1
2025-06-12 06:25:00,31.7
2025-06-12 02:57:00,56.3
2025-06-12 22:21:00,49.797736698660984
2025-06-12 19:52:00,20.3
2025-06-12 03:27:00,37.4
2025-06-12 11:24:00,82.8
2025-06-12 14:22:00,43.0
2025-06-12 11:35:00,93.9
2025-06-12 08:19:00,98.8
2025-06-12 15:41:00,49.797736698660984
2025-06-12 14:55:00,2.1
2025-06-12 11:13:00,54.1
2025-06-12 11:51:00,71.1
2025-06-12 21:38:00,9.5
2025-06-12 11:59:00,7.8
2025-06-12 12:11:00,36.8
2025-06-12 10:27:00,99.2
2025-06-12 08:29:00,15.3
2025-06-12 07:40:00,87.2
2025-06-12 07:51:00,49.797736698660984
2025-06-12 12:51:00,25.4
2025-06-12 04:47:00,68.6
2025-06-12 20:15:00,56.6
2025-06-12 03:07:00,53.2
2025-06-12 17:55:00,18.5
2025-06-12 21:27:00,32.8
2025-06-12 18:08:00,49.797736698660984
2025-06-12 03:53:00,49.797736698660984
2025-06-12 21:23:00,71.8
2025-06-12 10:18:00,61.8
2025-06-12 08:17:00,56.2
2025-06-12 07:42:00,49.797736698660984
2025-06-12 09:51:00,0.1
2025-06-12 10:28:00,47.7
2025-06-12 02:13:00,99.8
2025-06-12 04:04:00,85.0
2025-06-12 01:52:00,65.7
2025-06-12 12:48:00,31.4
2025-06-12 00:08:00,49.797736698660984
2025-06-12 12:24:00,66.1
2025-06-12 21:19:00,82.2
2025-06-12 21:58:00,7.1
2025-06-12 21:11:00,22.0
2025-06-12 18:21:00,83.5
2025-06-12 13:42:00,49.797736698660984
2025-06-12 01:10:00,97.8
2025-06-12 04:11:00,73.5
2025-06-12 16:49:00,64.4
2025-06-12 20:25:00,47.1
2025-06-12 09:31:00,94.7
2025-06-12 01:19:00,27.2
2025-06-12 08:45:00,86.1
2025-06-12 23:33:00,96.7
2025-06-12 00:20:00,34.9
2025-06-12 07:14:00,42.9
2025-06-12 12:57:00,14.9
2025-06-12 18:35:00,52.6
2025-06-12 02:37:00,17.5
2025-06-12 16:54:00,5.9
2025-06-12 03:44:00,21.6
2025-06-12 04:45:00,12.6
2025-06-12 15:54:00,41.0
2025-06-12 17:26:00,59.5
2025-06-12 06:31:00,77.7
2025-06-12 20:43:00,50.9
2025-06-12 13:05:00,6.6
2025-06-12 02:45:00,76.3
2025-06-12 09:32:00,41.2
2025-06-12 06:04:00,49.797736698660984
2025-06-12 21:49:00,61.0
2025-06-12 01:12:00,62.7
2025-06-12 15:27:00,32.8
2025-06-12 01:01:00,86.2
2025-06-12 14:58:00,61.7
2025-06-12 00:19:00,71.2
2025-06-12 14:37:00,76.1
2025-06-12 11:15:00,49.797736698660984
2025-06-12 04:32:00,78.1
2025-06-12 19:50:00,49.797736698660984
2025-06-12 06:45:00,2.2
2025-06-12 14:57:00,20.4
2025-06-12 00:15:00,50.8
2025-06-12 13:03:00,2.9
2025-06-12 07:48:00,86.6
2025-06-12 20:00:00,49.1
2025-06-12 01:18:00,14.2
2025-06-12 14:09:00,36.0
2025-06-12 10:58:00,71.9
2025-06-12 19:03:00,72.1
2025-06-12 19:30:00,35.8
2025-06-12 22:53:00,49.797736698660984
2025-06-12 07:59:00,42.1
2025-06-12 13:11:00,30.9
2025-06-12 17:13:00,49.797736698660984
2025-06-12 07:31:00,88.3
2025-06-12 01:59:00,94.7
2025-06-12 19:31:00,49.797736698660984
2025-06-12 06:15:00,49.797736698660984
2025-06-12 11:47:00,71.6
2025-06-12 14:03:00,2.9
2025-06-12 21:34:00,34.5
2025-06-12 00:49:00,58.2
2025-06-12 20:41:00,37.1
2025-06-12 02:25:00,23.6
2025-06-12 07:50:00,18.7
2025-06-12 23:59:00,49.797736698660984
2025-06-12 19:05:00,49.797736698660984
2025-06-12 07:43:00,49.797736698660984
2025-06-12 01:41:00,49.797736698660984
2025-06-12 03:46:00,86.3
2025-06-12 10:30:00,49.797736698660984
2025-06-12 12:01:00,35.1
2025-06-12 21:47:00,52.5
2025-06-12 00:03:00,99.0
2025-06-12 00:30:00,80.2
2025-06-12 23:58:00,37.0
2025-06-12 08:28:00,35.8
2025-06-12 18:07:00,49.797736698660984
2025-06-12 07:53:00,49.797736698660984
2025-06-12 11:08:00,31.6
2025-06-12 11:26:00,81.4
2025-06-12 03:04:00,60.8
2025-06-12 22:35:00,65.9
2025-06-12 17:25:00,25.3
2025-06-12 18:48:00,1.6
2025-06-12 06:43:00,49.797736698660984
2025-06-12 00:34:00,49.797736698660984
2025-06-12 00:35:00,96.0
2025-06-12 13:30:00,1.2
2025-06-12 00:26:00,87.3
2025-06-12 00:27:00,23.1
2025-06-12 10:00:00,72.8
2025-06-12 23:13:00,49.797736698660984
2025-06-12 12:28:00,76.0
2025-06-12 08:01:00,37.1
2025-06-12 04:24:00,77.7
2025-06-12 03:30:00,93.2
2025-06-12 21:25:00,49.797736698660984
2025-06-12 22:32:00,47.4
2025-06-12 17:47:00,80.2
2025-06-12 19:42:00,59.0
2025-06-12 20:57:00,15.3
2025-06-12 23:47:00,49.797736698660984
2025-06-12 21:31:00,49.797736698660984
2025-06-12 01:37:00,74.9
2025-06-12 14:46:00,31.1
2025-06-12 07:07:00,35.7
2025-06-12 03:28:00,29.7
2025-06-12 17:02:00,29.2
2025-06-12 06:58:00,76.8
2025-06-12 14:02:00,51.3
2025-06-12 08:10:00,97.2
2025-06-12 08:11:00,58.1
2025-06-12 02:53:00,58.5
2025-06-12 20:29:00,49.797736698660984
2025-06-12 06:36:00,44.2
2025-06-12 22:20:00,10.8
2025-06-12 18:26:00,95.1
2025-06-12 05:55:00,49.797736698660984
2025-06-12 21:16:00,31.0
2025-06-12 06:21:00,36.0
2025-06-12 21:52:00,72.8
2025-06-12 19:18:00,14.4
2025-06-12 09:56:00,47.9
2025-06-12 04:35:00,61.9
2025-06-12 17:12:00,49.797736698660984
2025-06-12 04:21:00,56.2
2025-06-12 00:02:00,28.0
2025-06-12 12:27:00,93.3
2025-06-12 12:34:00,76.5
2025-06-12 13:45:00,45.1
2025-06-12 14:13:00,14.7
2025-06-12 23:05:00,52.5
2025-06-12 16:32:00,32.6
2025-06-12 08:31:00,57.5
2025-06-12 03:18:00,49.797736698660984
2025-06-12 20:19:00,64.3
2025-06-12 21:39:00,1.4
2025-06-12 03:52:00,60.2
2025-06-12 05:37:00,60.5
2025-06-12 16:25:00,42.4
2025-06-12 18:11:00,30.1
2025-06-12 22:06:00,31.7
2025-06-12 22:23:00,59.9
2025-06-12 02:47:00,49.797736698660984
2025-06-12 13:58:00,49.797736698660984
2025-06-12 19:23:00,75.9
2025-06-12 03:47:00,17.4
2025-06-12 12:58:00,49.797736698660984
2025-06-12 10:08:00,9.6
2025-06-12 12:33:00,30.5
2025-06-12 16:16:00,9.4
2025-06-12 07:01:00,28.4
2025-06-12 03:51:00,6.7
2025-06-12 00:24:00,24.7
2025-06-12 23:18:00,19.4
2025-06-12 17:23:00,49.797736698660984
2025-06-12 10:45:00,57.9
2025-06-12 12:35:00,55.7
2025-06-12 06:23:00,39.6
2025-06-12 09:07:00,42.9
2025-06-12 15:17:00,49.797736698660984
2025-06-12 01:35:00,91.5
2025-06-12 09:19:00,37.8
2025-06-12 18:55:00,66.3
2025-06-12 00:56:00,79.8
2025-06-12 18:53:00,17.8
2025-06-12 18:39:00,70.6
2025-06-12 20:24:00,94.8
2025-06-12 09:29:00,91.7
2025-06-12 14:10:00,68.3
2025-06-12 20:07:00,49.797736698660984
2025-06-12 21:50:00,92.5
2025-06-12 19:59:00,1.0
2025-06-12 19:45:00,3.1
2025-06-12 17:40:00,49.797736698660984
2025-06-12 10:38:00,61.0
2025-06-12 08:13:00,12.6
2025-06-12 06:24:00,74.1
2025-06-12 18:05:00,30.7
2025-06-12 00:28:00,21.1
2025-06-12 17:16:00,41.2
2025-06-12 18:57:00,67.0
2025-06-12 22:40:00,5.8
2025-06-12 13:29:00,27.2
2025-06-12 06:40:00,54.0
2025-06-12 09:58:00,90.1
2025-06-12 19:44:00,4.5
2025-06-12 03:22:00,35.5
2025-06-12 03:14:00,17.3
2025-06-12 18:03:00,50.18136565940501
2025-06-12 20:58:00,61.2
2025-06-12 14:47:00,19.4
2025-06-12 14:48:00,50.18136565940501
2025-06-12 11:40:00,53.4
2025-06-12 07:02:00,12.8
2025-06-12 15:09:00,50.18136565940501
2025-06-12 08:47:00,28.3
2025-06-12 05:17:00,18.0
2025-06-12 10:47:00,19.7
2025-06-12 05:38:00,47.1
2025-06-12 14:10:00,33.7
2025-06-12 19:48:00,89.8
2025-06-12 03:57:00,50.18136565940501
2025-06-12 06:47:00,13.0
2025-06-12 06:30:00,23.2
2025-06-12 10:27:00,70.0
2025-06-12 14:02:00,50.18136565940501
2025-06-12 12:04:00,48.3
2025-06-12 17:29:00,49.9
2025-06-12 13:23:00,6.7
2025-06-12 23:33:00,60.4
2025-06-12 00:15:00,50.18136565940501
2025-06-12 12:15:00,96.5
2025-06-12 00:02:00,50.18136565940501
2025-06-12 20:44:00,50.18136565940501
2025-06-12 14:16:00,67.5
2025-06-12 21:25:00,60.0
2025-06-12 23:31:00,35.1
2025-06-12 04:26:00,9.3
2025-06-12 08:09:00,50.18136565940501
2025-06-12 05:21:00,58.8
2025-06-12 14:46:00,14.9
2025-06-12 09:06:00,50.18136565940501
2025-06-12 22:42:00,98.1
2025-06-12 01:29:00,85.4
2025-06-12 16:38:00,99.4
2025-06-12 06:42:00,50.18136565940501
2025-06-12 11:29:00,50.18136565940501
2025-06-12 02:35:00,9.9
2025-06-12 23:53:00,85.9
2025-06-12 09:30:00,14.7
2025-06-12 03:53:00,86.7
2025-06-12 10:00:00,93.9
2025-06-12 15:19:00,4.1
2025-06-12 05:45:00,8.4
2025-06-12 02:09:00,55.3
2025-06-12 20:34:00,9.8
2025-06-12 03:28:00,55.6
2025-06-12 06:53:00,44.4
2025-06-12 08:34:00,50.18136565940501
2025-06-12 10:42:00,75.3
2025-06-12 11:16:00,50.18136565940501
2025-06-12 14:03:00,21.8
2025-06-12 20:54:00,50.18136565940501
2025-06-12 14:22:00,30.4
2025-06-12 18:02:00,50.18136565940501
2025-06-12 23:43:00,13.2
2025-06-12 13:46:00,84.7
2025-06-12 16:39:00,89.9
2025-06-12 12:20:00,39.0
2025-06-12 18:57:00,98.6
2025-06-12 20:53:00,36.1
2025-06-12 05:29:00,28.0
2025-06-12 21:20:00,76.0
2025-06-12 12:37:00,42.0
2025-06-12 21:02:00,77.6
2025-06-12 17:12:00,38.9
2025-06-12 07:01:00,84.0
2025-06-12 09:22:00,31.2
2025-06-12 17:22:00,43.7
2025-06-12 04:49:00,73.6
2025-06-12 01:19:00,95.7
2025-06-12 01:33:00,93.0
2025-06-12 09:43:00,69.3
2025-06-12 02:45:00,0.3
2025-06-12 10:56:00,56.8
2025-06-12 20:35:00,50.18136565940501
2025-06-12 21:57:00,13.8
2025-06-12 09:31:00,30.4
2025-06-12 12:13:00,55.7
2025-06-12 03:36:00,50.2
2025-06-12 16:56:00,50.18136565940501
2025-06-12 08:06:00,27.0
2025-06-12 08:50:00,43.2
2025-06-12 12:10:00,5.7
2025-06-12 14:37:00,43.0
2025-06-12 11:08:00,74.4
2025-06-12 03:39:00,52.7
2025-06-12 01:07:00,33.5
2025-06-12 09:20:00,50.18136565940501
2025-06-12 23:56:00,42.9
2025-06-12 02:27:00,99.1
2025-06-12 11:56:00,32.3
2025-06-12 17:04:00,50.18136565940501
2025-06-12 04:21:00,82.0
2025-06-12 14:51:00,86.6
2025-06-12 00:21:00,16.6
2025-06-12 03:27:00,69.4
2025-06-12 06:38:00,53.4
2025-06-12 01:43:00,51.7
2025-06-12 20:16:00,50.18136565940501
2025-06-12 10:17:00,41.2
2025-06-12 12:16:00,17.1
2025-06-12 04:40:00,50.18136565940501
2025-06-12 18:53:00,80.2
2025-06-12 19:12:00,48.2
2025-06-12 02:23:00,33.2
2025-06-12 04:03:00,59.0
2025-06-12 03:35:00,41.0
2025-06-12 05:03:00,58.7
2025-06-12 02:58:00,46.0
2025-06-12 09:16:00,59.5
2025-06-12 10:07:00,51.8
2025-06-12 05:41:00,43.4
2025-06-12 20:09:00,95.3
2025-06-12 02:05:00,3.0
2025-06-12 20:51:00,19.4
2025-06-12 05:58:00,50.18136565940501
2025-06-12 16:16:00,50.18136565940501
2025-06-12 05:59:00,77.8
2025-06-12 14:11:00,19.8
2025-06-12 16:02:00,89.8
2025-06-12 10:55:00,50.18136565940501
2025-06-12 21:47:00,41.2
2025-06-12 03:43:00,42.0
2025-06-12 11:33:00,50.18136565940501
2025-06-12 16:14:00,50.18136565940501
2025-06-12 06:12:00,15.9
2025-06-12 19:31:00,50.18136565940501
2025-06-12 15:51:00,1.4
2025-06-12 15:54:00,18.3
2025-06-12 04:00:00,53.3
2025-06-12 06:09:00,71.6
2025-06-12 21:28:00,10.6
2025-06-12 02:46:00,18.7
2025-06-12 06:44:00,51.7
2025-06-12 17:07:00,51.9
2025-06-12 08:16:00,30.5
2025-06-12 06:13:00,42.5
2025-06-12 09:53:00,50.18136565940501
2025-06-12 06:51:00,20.5
2025-06-12 11:45:00,50.18136565940501
2025-06-12 21:23:00,52.3
2025-06-12 21:35:00,50.18136565940501
2025-06-12 19:15:00,11.6
2025-06-12 00:49:00,6.8
2025-06-12 21:09:00,9.6
2025-06-12 18:25:00,94.1
2025-06-12 00:40:00,97.6
2025-06-12 18:19:00,41.4
2025-06-12 09:34:00,50.18136565940501
2025-06-12 13:33:00,46.2
2025-06-12 11:07:00,42.3
2025-06-12 09:01:00,2.4
2025-06-12 20:41:00,67.2
2025-06-12 23:25:00,50.18136565940501
2025-06-12 08:58:00,28.3
2025-06-12 08:41:00,92.1
2025-06-12 23:46:00,28.9
2025-06-12 21:44:00,81.7
2025-06-12 16:01:00,20.0
2025-06-12 06:21:00,37.9
2025-06-12 18:55:00,50.18136565940501
2025-06-12 06:07:00,64.9
2025-06-12 15:06:00,78.9
2025-06-12 07:59:00,59.8
2025-06-12 09:33:00,54.3
2025-06-12 00:48:00,50.4
2025-06-12 07:05:00,32.3
2025-06-12 19:08:00,50.18136565940501
2025-06-12 00:18:00,22.0
2025-06-12 20:08:00,76.6
2025-06-12 19:03:00,89.7
2025-06-12 17:02:00,40.8
2025-06-12 11:18:00,84.5
2025-06-12 15:15:00,98.7
2025-06-12 09:27:00,23.7
2025-06-12 13:42:00,6.2
2025-06-12 13:15:00,48.6
2025-06-12 18:38:00,15.5
2025-06-12 19:17:00,50.18136565940501
2025-06-12 11:32:00,95.1
2025-06-12 10:10:00,50.18136565940501
2025-06-12 09:38:00,94.8
2025-06-12 08:52:00,50.18136565940501
2025-06-12 13:41:00,6.5
2025-06-12 09:37:00,26.4
2025-06-12 17:21:00,14.6
2025-06-12 09:44:00,17.8
2025-06-12 16:48:00,35.5
2025-06-12 21:56:00,4.4
2025-06-12 18:35:00,27.7
2025-06-12 18:47:00,75.4
2025-06-12 07:52:00,50.18136565940501
2025-06-12 12:57:00,18.8
2025-06-12 19:46:00,69.5
2025-06-12 11:13:00,11.0
2025-06-12 05:06:00,63.4
2025-06-12 17:27:00,51.9
2025-06-12 19:36:00,12.0
2025-06-12 10:57:00,47.7
2025-06-12 15:26:00,10.1
2025-06-12 15:30:00,23.8
2025-06-12 06:04:00,75.9
2025-06-12 20:30:00,43.4
2025-06-12 18:39:00,22.1
2025-06-12 06:01:00,36.9
2025-06-12 04:18:00,76.0
2025-06-12 10:26:00,57.3
2025-06-12 03:15:00,60.2
2025-06-12 12:19:00,57.1
2025-06-12 16:54:00,14.6
2025-06-12 18:06:00,5.8
2025-06-12 05:33:00,58.9
2025-06-12 21:51:00,83.4
2025-06-12 09:39:00,83.7
2025-06-12 06:27:00,57.7
2025-06-12 22:00:00,61.5
2025-06-12 09:51:00,74.7
2025-06-12 12:07:00,4.1
2025-06-12 13:47:00,65.1
2025-06-12 03:37:00,50.18136565940501
2025-06-12 12:56:00,39.5
2025-06-12 17:25:00,63.3
2025-06-12 22:47:00,65.3
2025-06-12 10:06:00,46.4
2025-06-12 14:14:00,70.6
2025-06-12 06:11:00,94.3
2025-06-12 07:30:00,4.4
2025-06-12 14:20:00,61.3
2025-06-12 10:28:00,99.9
2025-06-12 07:23:00,19.8
2025-06-12 04:44:00,12.2
2025-06-12 13:54:00,44.9
2025-06-12 08:36:00,41.1
2025-06-12 20:45:00,30.5
2025-06-12 07:24:00,65.3
2025-06-12 19:18:00,66.4
2025-06-12 14:58:00,26.6
2025-06-12 10:54:00,52.4
2025-06-12 07:21:00,26.8
2025-06-12 02:52:00,54.0
2025-06-12 17:00:00,97.1
2025-06-12 21:14:00,61.0
2025-06-12 21:38:00,75.8
2025-06-12 00:04:00,85.9
2025-06-12 12:54:00,35.5
2025-06-12 18:00:00,16.5
2025-06-12 09:05:00,88.1
2025-06-12 14:49:00,46.6
2025-06-12 16:29:00,57.4
2025-06-12 18:01:00,51.2
2025-06-12 06:32:00,21.6
2025-06-12 19:58:00,2.3
2025-06-12 12:05:00,45.6
2025-06-12 01:28:00,94.9
2025-06-12 07:22:00,22.3
2025-06-12 20:20:00,21.1
2025-06-12 17:08:00,81.8
2025-06-12 17:01:00,95.8
2025-06-12 01:56:00,41.8
2025-06-12 23:12:00,11.5
2025-06-12 17:52:00,50.18136565940501
2025-06-12 07:26:00,65.3
2025-06-12 11:03:00,96.5
2025-06-12 21:58:00,33.4
2025-06-12 22:45:00,59.4
2025-06-12 04:19:00,99.1
2025-06-12 06:56:00,68.4
2025-06-12 17:05:00,94.3
2025-06-12 05:51:00,49.7
2025-06-12 04:02:00,20.9
2025-06-12 06:19:00,50.18136565940501
2025-06-12 09:57:00,77.7
2025-06-12 05:54:00,72.5
2025-06-12 05:35:00,87.8
2025-06-12 10:01:00,84.6
2025-06-12 15:08:00,7.7
2025-06-12 15:02:00,50.18136565940501
2025-06-12 18:32:00,34.0
2025-06-12 19:02:00,44.9
2025-06-12 11:24:00,99.1
2025-06-12 04:48:00,49.5
2025-06-12 07:50:00,68.9
2025-06-12 10:44:00,20.6
2025-06-12 23:19:00,99.7
2025-06-12 01:30:00,93.2
2025-06-12 18:02:00,49.66792053602915
2025-06-12 17:41:00,39.9
2025-06-12 07:57:00,24.0
2025-06-12 03:56:00,50.5
2025-06-12 18:42:00,3.1
2025-06-12 09:10:00,38.1
2025-06-12 03:58:00,49.66792053602915
2025-06-12 09:52:00,68.7
2025-06-12 04:14:00,41.0
2025-06-12 10:54:00,76.1
2025-06-12 13:23:00,17.3
2025-06-12 14:14:00,15.0
2025-06-12 14:21:00,49.66792053602915
2025-06-12 17:32:00,61.4
2025-06-12 19:12:00,19.1
2025-06-12 23:30:00,44.1
2025-06-12 17:21:00,49.66792053602915
2025-06-12 22:31:00,51.4
2025-06-12 09:09:00,68.6
2025-06-12 17:16:00,16.4
2025-06-12 11:45:00,85.8
2025-06-12 04:45:00,75.9
2025-06-12 18:55:00,15.6
2025-06-12 01:16:00,49.66792053602915
2025-06-12 08:05:00,9.1
2025-06-12 15:24:00,62.8
2025-06-12 06:44:00,55.5
2025-06-12 13:25:00,50.3
2025-06-12 12:42:00,49.66792053602915
2025-06-12 09:00:00,8.6
2025-06-12 15:13:00,49.66792053602915
2025-06-12 00:39:00,44.2
2025-06-12 21:51:00,55.3
2025-06-12 05:04:00,42.4
2025-06-12 15:47:00,49.66792053602915
2025-06-12 20:15:00,44.3
2025-06-12 07:01:00,48.7
2025-06-12 19:40:00,28.4
2025-06-12 19:52:00,36.4
2025-06-12 08:20:00,11.4
2025-06-12 20:09:00,33.8
2025-06-12 12:24:00,32.2
2025-06-12 21:15:00,25.1
2025-06-12 11:19:00,40.1
2025-06-12 16:22:00,63.9
2025-06-12 23:50:00,41.8
2025-06-12 01:13:00,9.9
2025-06-12 20:25:00,25.3
2025-06-12 09:31:00,8.9
2025-06-12 16:39:00,61.2
2025-06-12 16:24:00,49.66792053602915
2025-06-12 06:54:00,58.6
2025-06-12 22:44:00,43.6
2025-06-12 04:00:00,49.66792053602915
2025-06-12 08:24:00,59.3
2025-06-12 05:14:00,26.7
2025-06-12 11:31:00,77.2
2025-06-12 05:07:00,56.3
2025-06-12 08:58:00,34.0
2025-06-12 01:41:00,35.4
2025-06-12 10:13:00,60.6
2025-06-12 16:08:00,49.66792053602915
2025-06-12 00:13:00,60.0
2025-06-12 16:21:00,68.0
2025-06-12 05:06:00,3.7
2025-06-12 11:53:00,53.9
2025-06-12 14:10:00,49.66792053602915
2025-06-12 19:10:00,25.2
2025-06-12 00:10:00,32.6
2025-06-12 21:08:00,71.6
2025-06-12 18:57:00,27.0
2025-06-12 03:54:00,34.3
2025-06-12 07:46:00,14.9
2025-06-12 04:52:00,49.66792053602915
2025-06-12 06:47:00,85.4
2025-06-12 18:14:00,3.9
2025-06-12 19:33:00,64.4
2025-06-12 14:16:00,33.1
2025-06-12 09:20:00,32.7
2025-06-12 08:43:00,67.5
2025-06-12 06:38:00,65.2
2025-06-12 08:30:00,82.3
2025-06-12 04:08:00,49.66792053602915
2025-06-12 02:17:00,95.9
2025-06-12 17:50:00,49.66792053602915
2025-06-12 02:52:00,32.9
2025-06-12 22:14:00,36.5
2025-06-12 17:52:00,72.1
2025-06-12 08:33:00,11.4
2025-06-12 09:14:00,96.6
2025-06-12 14:34:00,22.3
2025-06-12 13:00:00,91.2
2025-06-12 22:20:00,90.3
2025-06-12 07:29:00,87.3
2025-06-12 18:34:00,49.66792053602915
2025-06-12 07:17:00,49.66792053602915
2025-06-12 23:29:00,8.8
2025-06-12 16:56:00,49.66792053602915
2025-06-12 23:52:00,87.0
2025-06-12 08:38:00,23.4
2025-06-12 04:16:00,9.5
2025-06-12 21:07:00,49.66792053602915
2025-06-12 18:37:00,12.7
2025-06-12 07:54:00,55.0
2025-06-12 01:27:00,49.5
2025-06-12 18:58:00,83.8
2025-06-12 01:12:00,32.6
2025-06-12 08:47:00,14.2
2025-06-12 11:10:00,52.9
2025-06-12 06:09:00,44.0
2025-06-12 11:06:00,49.66792053602915
2025-06-12 12:54:00,31.4
2025-06-12 02:33:00,49.66792053602915
2025-06-12 13:59:00,37.0
2025-06-12 18:33:00,27.5
2025-06-12 17:31:00,49.66792053602915
2025-06-12 16:10:00,49.66792053602915
2025-06-12 13:13:00,78.9
2025-06-12 21:20:00,68.6
2025-06-12 20:39:00,67.5
2025-06-12 14:46:00,22.6
2025-06-12 16:42:00,66.4
2025-06-12 03:35:00,98.0
2025-06-12 13:43:00,70.6
2025-06-12 10:22:00,73.5
2025-06-12 11:59:00,64.5
2025-06-12 16:58:00,81.0
2025-06-12 09:11:00,83.3
2025-06-12 13:57:00,30.0
2025-06-12 08:59:00,49.66792053602915
2025-06-12 20:57:00,17.4
2025-06-12 23:51:00,25.2
2025-06-12 22:29:00,71.8
2025-06-12 02:03:00,30.1
2025-06-12 13:12:00,14.5
2025-06-12 00:46:00,49.66792053602915
2025-06-12 17:09:00,91.9
2025-06-12 18:09:00,49.66792053602915
2025-06-12 00:54:00,61.3
2025-06-12 09:28:00,49.66792053602915
2025-06-12 09:03:00,42.2
2025-06-12 19:15:00,18.0
2025-06-12 14:17:00,45.8
2025-06-12 11:56:00,83.1
2025-06-12 10:43:00,61.2
2025-06-12 20:18:00,39.8
2025-06-12 18:08:00,49.66792053602915
2025-06-12 03:39:00,44.4
2025-06-12 10:09:00,18.4
2025-06-12 15:38:00,97.6
2025-06-12 13:30:00,10.5
2025-06-12 08:57:00,49.66792053602915
2025-06-12 13:11:00,42.6
2025-06-12 23:41:00,2.3
2025-06-12 15:33:00,23.0
2025-06-12 18:31:00,54.7
2025-06-12 11:01:00,0.5
2025-06-12 06:46:00,3.3
2025-06-12 14:13:00,38.2
2025-06-12 07:15:00,88.0
2025-06-12 22:26:00,49.66792053602915
2025-06-12 23:56:00,35.8
2025-06-12 04:19:00,50.9
2025-06-12 02:42:00,32.1
2025-06-12 00:05:00,58.7
2025-06-12 23:16:00,87.3
2025-06-12 21:59:00,76.7
2025-06-12 03:15:00,15.8
2025-06-12 12:34:00,56.2
2025-06-12 04:47:00,49.66792053602915
2025-06-12 18:32:00,25.4
2025-06-12 22:49:00,88.6
2025-06-12 04:43:00,51.8
2025-06-12 08:46:00,49.66792053602915
2025-06-12 00:56:00,7.9
2025-06-12 10:19:00,62.5
2025-06-12 20:28:00,39.3
2025-06-12 16:38:00,42.3
2025-06-12 06:04:00,17.5
2025-06-12 21:54:00,9.0
2025-06-12 00:37:00,32.4
2025-06-12 08:06:00,49.66792053602915
2025-06-12 02:46:00,2.5
2025-06-12 17:20:00,65.7
2025-06-12 11:26:00,45.7
2025-06-12 13:18:00,17.7
2025-06-12 01:30:00,49.66792053602915
2025-06-12 14:26:00,49.66792053602915
2025-06-12 12:43:00,58.3
2025-06-12 07:20:00,18.9
2025-06-12 12:21:00,3.9
2025-06-12 02:11:00,44.5
2025-06-12 06:49:00,8.1
2025-06-12 13:07:00,29.0
2025-06-12 02:16:00,16.4
2025-06-12 08:04:00,39.3
2025-06-12 20:42:00,57.3
2025-06-12 14:20:00,41.3
2025-06-12 01:56:00,68.0
2025-06-12 10:32:00,82.9
2025-06-12 13:50:00,51.7
2025-06-12 18:28:00,88.5
2025-06-12 18:01:00,49.66792053602915
2025-06-12 20:13:00,8.3
2025-06-12 03:00:00,9.1
2025-06-12 19:41:00,9.7
2025-06-12 06:10:00,49.66792053602915
2025-06-12 08:53:00,68.1
2025-06-12 08:13:00,24.6
2025-06-12 18:50:00,90.1
2025-06-12 05:10:00,23.8
2025-06-12 13:09:00,8.3
2025-06-12 21:04:00,6.9
2025-06-12 23:47:00,86.9
2025-06-12 04:58:00,32.3
2025-06-12 21:38:00,49.66792053602915
2025-06-12 04:23:00,49.66792053602915
2025-06-12 19:20:00,64.1
2025-06-12 20:30:00,6.5
2025-06-12 15:00:00,2.1
2025-06-12 21:18:00,9.2
2025-06-12 21:25:00,49.66792053602915
2025-06-12 17:19:00,57.8
2025-06-12 14:58:00,49.66792053602915
2025-06-12 10:12:00,55.0
2025-06-12 01:14:00,80.5
2025-06-12 15:44:00,30.2
2025-06-12 00:45:00,93.4
2025-06-12 14:51:00,73.4
2025-06-12 03:29:00,49.66792053602915
2025-06-12 13:35:00,11.5
2025-06-12 05:28:00,17.1
2025-06-12 06:33:00,72.8
2025-06-12 22:38:00,10.6
2025-06-12 09:18:00,49.66792053602915
2025-06-12 09:22:00,83.2
2025-06-12 00:23:00,67.9
2025-06-12 21:49:00,52.3
2025-06-12 05:26:00,80.5
2025-06-12 21:47:00,60.7
2025-06-12 21:11:00,49.66792053602915
2025-06-12 19:37:00,69.6
2025-06-12 10:07:00,9.0
2025-06-12 06:43:00,23.0
2025-06-12 06:57:00,39.2
2025-06-12 08:27:00,31.5
2025-06-12 07:55:00,95.0
2025-06-12 03:23:00,12.9
2025-06-12 00:32:00,64.0
2025-06-12 15:54:00,19.4
2025-06-12 07:36:00,17.9
2025-06-12 03:59:00,78.9
2025-06-12 21:10:00,79.8
2025-06-12 10:06:00,7.5
2025-06-12 06:21:00,2.2
2025-06-12 21:29:00,74.1
2025-06-12 07:45:00,49.66792053602915
2025-06-12 00:15:00,49.66792053602915
2025-06-12 00:06:00,37.2
2025-06-12 02:13:00,16.8
2025-06-12 08:51:00,49.66792053602915
2025-06-12 11:39:00,62.9
2025-06-12 22:16:00,69.1
2025-06-12 22:08:00,95.9
2025-06-12 20:35:00,46.1
2025-06-12 14:15:00,49.66792053602915
2025-06-12 15:08:00,80.1
2025-06-12 05:35:00,58.6
2025-06-12 20:54:00,60.8
2025-06-12 05:05:00,47.7
2025-06-12 03:08:00,10.7
2025-06-12 19:42:00,82.2
2025-06-12 10:29:00,41.0
2025-06-12 00:59:00,31.4
2025-06-12 18:52:00,4.7
2025-06-12 17:55:00,9.2
2025-06-12 15:27:00,65.8
2025-06-12 17:04:00,66.8
2025-06-12 18:46:00,16.6
2025-06-12 07:30:00,42.2
2025-06-12 04:11:00,7.2
2025-06-12 04:03:00,49.66792053602915
2025-06-12 07:51:00,56.7
2025-06-12 19:55:00,25.2
2025-06-12 08:36:00,29.8
2025-06-12 23:06:00,77.6
2025-06-12 05:30:00,36.7
2025-06-12 19:08:00,68.4
2025-06-12 19:02:00,20.6
2025-06-12 07:06:00,15.6
2025-06-12 02:38:00,13.5
2025-06-12 22:17:00,49.66792053602915
2025-06-12 08:10:00,80.3
2025-06-12 21:26:00,58.6
2025-06-12 07:53:00,68.8
2025-06-12 04:33:00,38.6
2025-06-12 03:40:00,45.3
2025-06-12 01:46:00,93.3
2025-06-12 16:47:00,93.6
2025-06-12 17:34:00,91.6
2025-06-12 10:34:00,49.66792053602915
2025-06-12 08:52:00,45.1
2025-06-12 12:05:00,49.66792053602915
2025-06-12 01:09:00,77.0
2025-06-12 01:34:00,70.3
2025-06-12 06:35:00,55.0
2025-06-12 05:50:00,3.8
2025-06-12 21:06:00,39.6
2025-06-12 22:18:00,19.0
2025-06-12 01:17:00,88.6
2025-06-12 20:29:00,49.66792053602915
2025-06-12 08:41:00,9.8
2025-06-12 10:25:00,97.7
2025-06-12 15:18:00,59.8
2025-06-12 03:20:00,49.1
2025-06-12 15:14:00,43.0
2025-06-12 08:14:00,6.8
2025-06-12 07:35:00,49.66792053602915
2025-06-12 16:14:00,80.3
2025-06-12 10:03:00,55.0
2025-06-12 11:22:00,49.66792053602915
2025-06-12 07:39:00,54.6
2025-06-12 19:48:00,49.66792053602915
2025-06-12 19:19:00,3.9
2025-06-12 12:25:00,49.66792053602915
2025-06-12 14:52:00,16.5
2025-06-12 23:58:00,66.8
2025-06-12 02:29:00,21.4
2025-06-12 16:27:00,12.1
2025-06-12 04:50:00,37.0
2025-06-12 03:50:00,56.5
2025-06-12 18:30:00,26.0
2025-06-12 18:41:00,58.2
2025-06-12 06:35:00,93.4
2025-06-12 10:34:00,33.8
2025-06-12 09:00:00,50.4
2025-06-12 00:01:00,19.2
2025-06-12 22:23:00,93.8
2025-06-12 16:10:00,25.3
2025-06-12 07:36:00,49.82591552591553
2025-06-12 22:57:00,35.7
2025-06-12 23:02:00,75.6
2025-06-12 12:11:00,62.2
2025-06-12 22:42:00,87.8
2025-06-12 00:11:00,89.9
2025-06-12 16:36:00,70.9
2025-06-12 09:19:00,40.5
2025-06-12 09:38:00,49.82591552591553
2025-06-12 11:24:00,10.1
2025-06-12 21:25:00,3.1
2025-06-12 18:42:00,84.1
2025-06-12 04:25:00,91.9
2025-06-12 22:48:00,40.5
2025-06-12 17:57:00,96.1
2025-06-12 15:17:00,76.1
2025-06-12 00:37:00,72.3
2025-06-12 09:01:00,51.0
2025-06-12 17:02:00,30.9
2025-06-12 21:05:00,2.2
2025-06-12 14:43:00,49.82591552591553
2025-06-12 13:39:00,19.2
2025-06-12 09:51:00,100.0
2025-06-12 10:29:00,49.82591552591553
2025-06-12 17:59:00,49.82591552591553
2025-06-12 03:15:00,46.3
2025-06-12 04:50:00,90.4
2025-06-12 18:29:00,93.6
2025-06-12 08:52:00,36.5
2025-06-12 06:47:00,10.5
2025-06-12 21:23:00,48.6
2025-06-12 09:31:00,49.82591552591553
2025-06-12 05:30:00,50.3
2025-06-12 12:22:00,4.0
2025-06-12 02:21:00,17.4
2025-06-12 05:01:00,3.9
2025-06-12 02:12:00,49.82591552591553
2025-06-12 14:22:00,49.82591552591553
2025-06-12 16:19:00,87.0
2025-06-12 14:31:00,44.3
2025-06-12 08:41:00,91.3
2025-06-12 07:03:00,49.82591552591553
2025-06-12 09:15:00,27.2
2025-06-12 06:17:00,49.82591552591553
2025-06-12 22:03:00,25.7
2025-06-12 23:05:00,49.82591552591553
2025-06-12 15:11:00,50.5
2025-06-12 17:46:00,46.4
2025-06-12 15:04:00,93.2
2025-06-12 13:44:00,69.5
2025-06-12 23:09:00,40.2
2025-06-12 13:11:00,98.9
2025-06-12 03:10:00,56.9
2025-06-12 13:27:00,92.9
2025-06-12 16:03:00,55.5
2025-06-12 15:00:00,61.5
2025-06-12 16:29:00,70.2
2025-06-12 07:32:00,72.4
2025-06-12 05:58:00,64.1
2025-06-12 17:52:00,49.82591552591553
2025-06-12 00:29:00,49.82591552591553
2025-06-12 14:27:00,94.9
2025-06-12 05:24:00,21.1
2025-06-12 02:49:00,46.6
2025-06-12 01:18:00,64.4
2025-06-12 07:38:00,83.2
2025-06-12 00:47:00,82.1
2025-06-12 02:08:00,53.8
2025-06-12 20:11:00,94.6
2025-06-12 04:57:00,24.1
2025-06-12 10:38:00,11.8
2025-06-12 05:17:00,63.6
2025-06-12 08:09:00,40.9
2025-06-12 11:43:00,49.82591552591553
2025-06-12 04:23:00,42.9
2025-06-12 23:48:00,59.3
2025-06-12 07:45:00,49.82591552591553
2025-06-12 09:45:00,49.82591552591553
2025-06-12 20:54:00,45.6
2025-06-12 03:33:00,22.4
2025-06-12 10:20:00,38.0
2025-06-12 16:17:00,38.5
2025-06-12 12:06:00,73.9
2025-06-12 13:20:00,49.82591552591553
2025-06-12 00:36:00,49.82591552591553
2025-06-12 09:33:00,58.1
2025-06-12 09:56:00,34.4
2025-06-12 15:27:00,86.9
2025-06-12 01:00:00,91.3
2025-06-12 05:41:00,59.9
2025-06-12 12:30:00,50.0
2025-06-12 04:26:00,85.5
2025-06-12 08:20:00,62.2
2025-06-12 01:44:00,70.1
2025-06-12 04:46:00,82.3
2025-06-12 18:48:00,49.82591552591553
2025-06-12 01:29:00,21.0
2025-06-12 12:05:00,19.5
2025-06-12 18:20:00,88.1
2025-06-12 10:44:00,90.9
2025-06-12 02:40:00,55.4
2025-06-12 22:32:00,89.7
2025-06-12 13:19:00,47.8
2025-06-12 17:06:00,32.8
2025-06-12 20:36:00,71.4
2025-06-12 14:18:00,49.82591552591553
2025-06-12 18:04:00,42.7
2025-06-12 23:01:00,75.5
2025-06-12 00:33:00,15.0
2025-06-12 19:33:00,79.3
2025-06-12 15:16:00,4.1
2025-06-12 22:19:00,16.7
2025-06-12 14:04:00,68.3
2025-06-12 19:46:00,7.1
2025-06-12 18:11:00,49.82591552591553
2025-06-12 06:51:00,77.6
2025-06-12 00:04:00,91.7
2025-06-12 15:53:00,49.82591552591553
2025-06-12 19:23:00,40.3
2025-06-12 23:52:00,71.9
2025-06-12 05:14:00,12.7
2025-06-12 21:37:00,79.4
2025-06-12 17:26:00,2.4
2025-06-12 04:04:00,11.7
2025-06-12 13:33:00,67.6
2025-06-12 07:47:00,80.0
2025-06-12 07:04:00,30.0
2025-06-12 03:57:00,25.6
2025-06-12 22:46:00,21.9
2025-06-12 08:40:00,19.1
2025-06-12 23:26:00,16.1
2025-06-12 03:30:00,49.82591552591553
2025-06-12 12:16:00,48.6
2025-06-12 08:51:00,27.2
2025-06-12 15:03:00,16.1
2025-06-12 15:52:00,88.0
2025-06-12 07:37:00,49.82591552591553
2025-06-12 11:23:00,25.4
2025-06-12 23:25:00,7.8
2025-06-12 06:38:00,60.0
2025-06-12 21:02:00,12.7
2025-06-12 20:12:00,73.0
2025-06-12 05:52:00,5.0
2025-06-12 08:58:00,49.82591552591553
2025-06-12 02:17:00,28.2
2025-06-12 13:49:00,70.1
2025-06-12 22:11:00,39.0
2025-06-12 12:35:00,83.9
2025-06-12 11:00:00,49.82591552591553
2025-06-12 01:21:00,97.3
2025-06-12 02:41:00,91.6
2025-06-12 13:47:00,81.7
2025-06-12 11:16:00,87.3
2025-06-12 16:24:00,49.82591552591553
2025-06-12 12:42:00,31.2
2025-06-12 17:11:00,19.3
2025-06-12 22:38:00,32.7
2025-06-12 16:50:00,98.2
2025-06-12 04:48:00,49.82591552591553
2025-06-12 18:46:00,58.1
2025-06-12 03:05:00,50.7
2025-06-12 05:55:00,13.4
2025-06-12 08:10:00,40.6
2025-06-12 01:06:00,93.1
2025-06-12 02:46:00,48.9
2025-06-12 05:39:00,74.1
2025-06-12 09:09:00,49.82591552591553
2025-06-12 03:37:00,95.6
2025-06-12 12:45:00,95.0
2025-06-12 00:43:00,25.5
2025-06-12 12:07:00,1.6
2025-06-12 10:56:00,17.2
2025-06-12 09:42:00,16.3
2025-06-12 12:09:00,49.82591552591553
2025-06-12 07:54:00,96.5
2025-06-12 20:42:00,99.2
2025-06-12 03:53:00,84.3
2025-06-12 02:56:00,49.82591552591553
2025-06-12 05:29:00,97.9
2025-06-12 11:09:00,98.7
2025-06-12 06:22:00,52.2
2025-06-12 23:49:00,25.0
2025-06-12 13:12:00,59.0
2025-06-12 23:55:00,77.7
2025-06-12 13:18:00,49.82591552591553
2025-06-12 21:08:00,26.9
2025-06-12 06:31:00,79.5
2025-06-12 05:00:00,15.0
2025-06-12 21:42:00,49.5
2025-06-12 10:39:00,90.9
2025-06-12 19:38:00,48.1
2025-06-12 14:05:00,0.4
2025-06-12 20:28:00,66.0
2025-06-12 07:49:00,46.9
2025-06-12 03:00:00,30.5
2025-06-12 05:28:00,79.6
2025-06-12 05:34:00,88.8
2025-06-12 18:32:00,18.9
2025-06-12 09:13:00,77.3
2025-06-12 12:27:00,27.4
2025-06-12 08:56:00,50.6
2025-06-12 16:58:00,21.5
2025-06-12 23:34:00,37.3
2025-06-12 22:05:00,85.8
2025-06-12 04:16:00,31.3
2025-06-12 04:09:00,2.3
2025-06-12 19:51:00,23.0
2025-06-12 09:40:00,49.82591552591553
2025-06-12 13:21:00,93.9
2025-06-12 22:13:00,66.9
2025-06-12 15:41:00,1.9
2025-06-12 18:34:00,62.1
2025-06-12 22:43:00,6.0
2025-06-12 01:03:00,92.4
2025-06-12 10:51:00,17.0
2025-06-12 05:57:00,77.8
2025-06-12 23:30:00,30.0
2025-06-12 11:42:00,25.9
2025-06-12 20:44:00,92.5
2025-06-12 00:25:00,49.82591552591553
2025-06-12 14:12:00,37.1
2025-06-12 21:54:00,0.4
2025-06-12 21:40:00,78.5
2025-06-12 20:00:00,55.9
2025-06-12 19:41:00,56.6
2025-06-12 04:03:00,99.3
2025-06-12 16:16:00,49.82591552591553
2025-06-12 16:42:00,90.9
2025-06-12 00:50:00,23.9
2025-06-12 04:33:00,93.9
2025-06-12 10:16:00,74.1
2025-06-12 02:07:00,47.9
2025-06-12 18:27:00,49.82591552591553
2025-06-12 21:28:00,32.6
2025-06-12 18:50:00,76.9
2025-06-12 23:42:00,50.7
2025-06-12 03:39:00,10.6
2025-06-12 19:03:00,55.2
2025-06-12 11:47:00,48.7
2025-06-12 17:27:00,49.82591552591553
2025-06-12 12:59:00,18.3
2025-06-12 18:49:00,73.9
2025-06-12 14:15:00,8.7
2025-06-12 00:28:00,31.8
2025-06-12 14:33:00,23.6
2025-06-12 18:09:00,67.7
2025-06-12 20:39:00,75.2
2025-06-12 17:23:00,74.8
2025-06-12 08:38:00,49.82591552591553
2025-06-12 12:18:00,83.3
2025-06-12 12:31:00,53.3
2025-06-12 21:47:00,79.7
2025-06-12 15:12:00,49.82591552591553
2025-06-12 18:21:00,5.9
2025-06-12 17:54:00,99.3
2025-06-12 07:12:00,94.0
2025-06-12 07:30:00,69.0
2025-06-12 18:28:00,37.7
2025-06-12 04:39:00,61.8
2025-06-12 08:27:00,81.0
2025-06-12 01:04:00,62.0
2025-06-12 12:53:00,7.3
2025-06-12 16:00:00,20.8
2025-06-12 20:47:00,77.7
2025-06-12 06:06:00,49.82591552591553
2025-06-12 18:55:00,60.2
2025-06-12 14:19:00,34.2
2025-06-12 22:17:00,13.1
2025-06-12 23:44:00,77.2
2025-06-12 07:34:00,83.8
2025-06-12 17:08:00,12.5
2025-06-12 15:34:00,73.3
2025-06-12 08:21:00,49.82591552591553
2025-06-12 21:07:00,44.3
2025-06-12 02:58:00,49.82591552591553
2025-06-12 20:24:00,47.0
2025-06-12 03:01:00,87.9
2025-06-12 07:41:00,75.2
2025-06-12 15:20:00,97.6
2025-06-12 15:36:00,57.4
2025-06-12 02:02:00,16.0
2025-06-12 09:21:00,11.4
2025-06-12 21:53:00,60.5
2025-06-12 23:50:00,49.82591552591553
2025-06-12 09:12:00,56.7
2025-06-12 06:03:00,55.7
2025-06-12 20:07:00,12.0
2025-06-12 13:54:00,4.6
2025-06-12 10:58:00,43.7
2025-06-12 06:44:00,70.6
2025-06-12 13:22:00,75.4
2025-06-12 13:59:00,49.2
2025-06-12 07:51:00,62.0
2025-06-12 08:02:00,90.3
2025-06-12 19:36:00,49.82264106490752
2025-06-12 08:26:00,10.4
2025-06-12 09:47:00,63.8
2025-06-12 17:00:00,82.1
2025-06-12 01:19:00,3.3
2025-06-12 10:26:00,18.8
2025-06-12 13:52:00,89.5
2025-06-12 01:12:00,49.82264106490752
2025-06-12 04:39:00,60.2
2025-06-12 08:50:00,46.0
2025-06-12 11:09:00,5.7
2025-06-12 05:42:00,35.2
2025-06-12 06:40:00,18.3
2025-06-12 01:42:00,54.4
2025-06-12 13:41:00,49.82264106490752
2025-06-12 20:00:00,49.82264106490752
2025-06-12 03:30:00,37.8
2025-06-12 23:13:00,78.8
2025-06-12 18:39:00,49.82264106490752
2025-06-12 19:52:00,7.5
2025-06-12 01:37:00,92.3
2025-06-12 16:43:00,36.1
2025-06-12 14:43:00,90.4
2025-06-12 15:31:00,2.1
2025-06-12 04:00:00,49.2
2025-06-12 21:12:00,79.9
2025-06-12 10:53:00,55.7
2025-06-12 08:07:00,85.1
2025-06-12 09:24:00,21.7
2025-06-12 05:36:00,49.1
2025-06-12 17:25:00,20.3
2025-06-12 13:27:00,48.8
2025-06-12 16:35:00,81.7
2025-06-12 01:13:00,49.82264106490752
2025-06-12 17:48:00,12.8
2025-06-12 00:09:00,79.8
2025-06-12 09:09:00,70.5
2025-06-12 13:21:00,78.7
2025-06-12 17:44:00,81.9
2025-06-12 12:51:00,18.1
2025-06-12 18:36:00,46.5
2025-06-12 21:03:00,69.4
2025-06-12 00:40:00,58.1
2025-06-12 06:21:00,49.82264106490752
2025-06-12 14:15:00,11.7
2025-06-12 01:16:00,96.9
2025-06-12 05:02:00,49.82264106490752
2025-06-12 18:57:00,60.4
2025-06-12 15:22:00,2.0
2025-06-12 19:05:00,5.7
2025-06-12 07:04:00,49.82264106490752
2025-06-12 05:03:00,49.82264106490752
2025-06-12 13:43:00,93.2
2025-06-12 13:40:00,67.6
2025-06-12 22:34:00,14.4
2025-06-12 19:20:00,91.9
2025-06-12 11:37:00,13.0
2025-06-12 00:25:00,49.82264106490752
2025-06-12 07:25:00,58.6
2025-06-12 09:18:00,45.6
2025-06-12 08:00:00,49.82264106490752
2025-06-12 11:39:00,80.4
2025-06-12 10:06:00,49.82264106490752
2025-06-12 03:36:00,44.7
2025-06-12 18:58:00,87.9
2025-06-12 22:12:00,49.82264106490752
2025-06-12 19:51:00,16.5
2025-06-12 06:52:00,95.8
2025-06-12 14:29:00,73.7
2025-06-12 15:27:00,20.4
2025-06-12 15:30:00,53.6
2025-06-12 03:09:00,10.3
2025-06-12 12:46:00,68.5
2025-06-12 04:59:00,84.7
2025-06-12 13:51:00,74.7
2025-06-12 20:29:00,36.6
2025-06-12 12:40:00,78.4
2025-06-12 10:37:00,57.9
2025-06-12 02:04:00,4.1
2025-06-12 07:21:00,39.5
2025-06-12 17:16:00,38.4
2025-06-12 01:39:00,17.6
2025-06-12 00:06:00,24.7
2025-06-12 21:02:00,49.82264106490752
2025-06-12 15:43:00,10.0
2025-06-12 15:59:00,60.8
2025-06-12 11:32:00,49.82264106490752
2025-06-12 11:43:00,8.4
2025-06-12 16:14:00,76.8
2025-06-12 10:05:00,41.6
2025-06-12 11:34:00,13.1
2025-06-12 03:02:00,68.2
2025-06-12 16:24:00,80.1
2025-06-12 18:37:00,47.7
2025-06-12 03:37:00,21.7
2025-06-12 01:50:00,50.0
2025-06-12 02:24:00,62.7
2025-06-12 21:28:00,2.6
2025-06-12 02:37:00,38.8
2025-06-12 11:26:00,27.2
2025-06-12 00:45:00,59.5
2025-06-12 23:03:00,82.4
2025-06-12 02:48:00,10.9
2025-06-12 19:09:00,49.82264106490752
2025-06-12 03:50:00,8.6
2025-06-12 01:14:00,68.6
2025-06-12 05:45:00,2.9
2025-06-12 22:33:00,65.2
2025-06-12 20:55:00,9.9
2025-06-12 22:19:00,93.3
2025-06-12 22:37:00,49.82264106490752
2025-06-12 06:35:00,83.6
2025-06-12 09:53:00,15.0
2025-06-12 13:37:00,5.0
2025-06-12 20:26:00,9.6
2025-06-12 02:35:00,49.82264106490752
2025-06-12 02:38:00,60.4
2025-06-12 02:34:00,29.5
2025-06-12 19:10:00,67.4
2025-06-12 07:59:00,88.5
2025-06-12 17:38:00,87.6
2025-06-12 09:13:00,35.9
2025-06-12 04:17:00,49.82264106490752
2025-06-12 12:07:00,87.3
2025-06-12 04:29:00,59.7
2025-06-12 21:57:00,2.3
2025-06-12 07:01:00,52.7
2025-06-12 17:34:00,15.5
2025-06-12 18:33:00,80.6
2025-06-12 18:23:00,76.3
2025-06-12 22:52:00,20.4
2025-06-12 19:57:00,12.5
2025-06-12 14:59:00,21.6
2025-06-12 22:27:00,6.4
2025-06-12 03:26:00,30.7
2025-06-12 10:00:00,9.0
2025-06-12 17:23:00,27.5
2025-06-12 06:39:00,49.82264106490752
2025-06-12 21:42:00,49.82264106490752
2025-06-12 15:02:00,58.2
2025-06-12 00:26:00,49.82264106490752
2025-06-12 19:32:00,48.7
2025-06-12 07:14:00,49.82264106490752
2025-06-12 11:03:00,2.4
2025-06-12 04:58:00,33.3
2025-06-12 23:40:00,1.3
2025-06-12 10:08:00,57.2
2025-06-12 14:08:00,34.9
2025-06-12 00:49:00,42.6
2025-06-12 13:45:00,49.82264106490752
2025-06-12 14:13:00,49.82264106490752
2025-06-12 00:34:00,88.9
2025-06-12 20:49:00,49.82264106490752
2025-06-12 00:44:00,3.8
2025-06-12 04:15:00,47.3
2025-06-12 19:58:00,4.6
2025-06-12 09:19:00,14.1
2025-06-12 14:06:00,49.82264106490752
2025-06-12 21:10:00,49.82264106490752
2025-06-12 15:11:00,56.2
2025-06-12 17:33:00,96.9
2025-06-12 19:53:00,49.82264106490752
2025-06-12 14:34:00,48.5
2025-06-12 21:38:00,48.8
2025-06-12 14:05:00,1.2
2025-06-12 10:21:00,49.82264106490752
2025-06-12 23:53:00,8.7
2025-06-12 00:15:00,45.2
2025-06-12 09:06:00,49.82264106490752
2025-06-12 08:20:00,49.82264106490752
2025-06-12 05:54:00,49.82264106490752
2025-06-12 15:29:00,11.1
2025-06-12 16:15:00,49.82264106490752
2025-06-12 06:04:00,64.7
2025-06-12 22:36:00,68.6
2025-06-12 01:31:00,5.4
2025-06-12 11:44:00,37.7
2025-06-12 10:09:00,94.0
2025-06-12 07:06:00,66.5
2025-06-12 12:37:00,32.4
2025-06-12 17:19:00,3.2
2025-06-12 14:55:00,90.2
2025-06-12 15:39:00,7.9
2025-06-12 19:26:00,49.82264106490752
2025-06-12 07:39:00,49.82264106490752
2025-06-12 06:06:00,5.6
2025-06-12 03:14:00,82.6
2025-06-12 06:32:00,63.2
2025-06-12 17:13:00,23.1
2025-06-12 04:23:00,15.7
2025-06-12 06:33:00,73.7
2025-06-12 23:36:00,49.82264106490752
2025-06-12 02:23:00,8.6
2025-06-12 13:00:00,96.8
2025-06-12 03:16:00,5.5
2025-06-12 05:32:00,56.0
2025-06-12 21:39:00,87.8
2025-06-12 16:30:00,41.0
2025-06-12 10:46:00,55.4
2025-06-12 14:56:00,74.0
2025-06-12 15:55:00,38.4
2025-06-12 17:54:00,49.82264106490752
2025-06-12 14:57:00,52.3
2025-06-12 14:12:00,62.7
2025-06-12 10:18:00,85.8
2025-06-12 09:28:00,91.7
2025-06-12 12:52:00,34.8
2025-06-12 07:11:00,19.5
2025-06-12 17:14:00,9.3
2025-06-12 08:54:00,13.4
2025-06-12 09:59:00,71.8
2025-06-12 14:01:00,19.3
2025-06-12 18:46:00,3.1
2025-06-12 07:13:00,49.82264106490752
2025-06-12 22:11:00,48.8
2025-06-12 12:36:00,3.0
2025-06-12 18:28:00,14.0
2025-06-12 09:14:00,49.82264106490752
2025-06-12 00:52:00,37.4
2025-06-12 21:31:00,96.7
2025-06-12 18:30:00,32.6
2025-06-12 17:01:00,49.82264106490752
2025-06-12 15:32:00,11.4
2025-06-12 07:54:00,28.3
2025-06-12 16:57:00,3.0
2025-06-12 17:51:00,49.82264106490752
2025-06-12 01:55:00,58.3
2025-06-12 06:45:00,81.9
2025-06-12 23:08:00,69.5
2025-06-12 08:29:00,15.4
2025-06-12 02:10:00,49.2
2025-06-12 17:10:00,67.3
2025-06-12 06:47:00,61.1
2025-06-12 03:51:00,75.5
2025-06-12 20:01:00,49.82264106490752
2025-06-12 16:31:00,49.82264106490752
2025-06-12 20:05:00,88.7
2025-06-12 03:29:00,35.2
2025-06-12 15:25:00,4.6
2025-06-12 05:04:00,98.4
2025-06-12 13:07:00,86.6
2025-06-12 09:01:00,64.9
2025-06-12 10:43:00,83.5
2025-06-12 10:10:00,9.1
2025-06-12 11:20:00,85.5
2025-06-12 17:24:00,21.5
2025-06-12 00:50:00,66.2
2025-06-12 14:04:00,43.0
2025-06-12 15:45:00,49.82264106490752
2025-06-12 00:19:00,43.6
2025-06-12 19:38:00,46.0
2025-06-12 07:02:00,30.2
2025-06-12 23:35:00,49.1
2025-06-12 08:22:00,46.9
2025-06-12 16:33:00,1.8
2025-06-12 02:01:00,3.3
2025-06-12 06:30:00,6.4
2025-06-12 00:16:00,2.8
2025-06-12 19:02:00,19.9
2025-06-12 08:12:00,21.9
2025-06-12 16:18:00,10.0
2025-06-12 20:31:00,82.5
2025-06-12 19:42:00,40.1
2025-06-12 04:18:00,49.82264106490752
2025-06-12 19:00:00,86.3
2025-06-12 08:28:00,29.5
2025-06-12 19:18:00,1.1
2025-06-12 10:07:00,44.6
2025-06-12 08:24:00,20.0
2025-06-12 20:19:00,75.0
2025-06-12 22:18:00,52.6
2025-06-12 15:14:00,85.5
2025-06-12 20:48:00,50.2
2025-06-12 17:40:00,25.8
2025-06-12 15:49:00,37.8
2025-06-12 21:15:00,49.82264106490752
2025-06-12 07:42:00,8.1
2025-06-12 21:50:00,20.8
2025-06-12 11:50:00,45.5
2025-06-12 01:02:00,49.82264106490752
2025-06-12 19:23:00,24.9
2025-06-12 20:36:00,22.8
2025-06-12 04:50:00,46.9
2025-06-12 18:43:00,1.8
2025-06-12 16:38:00,41.2
2025-06-12 13:17:00,26.4
2025-06-12 00:54:00,73.1
2025-06-12 15:38:00,80.8
2025-06-12 18:56:00,86.4
2025-06-12 16:09:00,91.8
2025-06-12 11:46:00,49.82264106490752
2025-06-12 22:41:00,49.82264106490752
2025-06-12 06:07:00,53.9
2025-06-12 08:08:00,11.1
2025-06-12 14:41:00,14.6
2025-06-12 05:28:00,90.1
2025-06-12 11:28:00,57.7
2025-06-12 10:02:00,57.8
2025-06-12 17:29:00,63.6
2025-06-12 11:58:00,30.8
2025-06-12 06:15:00,21.5
2025-06-12 11:23:00,2.9
2025-06-12 01:36:00,86.9
2025-06-12 00:35:00,18.1
2025-06-12 00:52:00,63.3
2025-06-12 19:21:00,73.4
2025-06-12 12:34:00,95.7
2025-06-12 15:33:00,38.5
2025-06-12 21:00:00,66.0
2025-06-12 11:03:00,78.9
2025-06-12 17:56:00,92.3
2025-06-12 03:18:00,18.2
2025-06-12 15:16:00,9.6
2025-06-12 04:07:00,60.9
2025-06-12 13:07:00,33.4
2025-06-12 14:25:00,94.4
2025-06-12 02:01:00,0.6
2025-06-12 12:20:00,49.73505924170616
2025-06-12 23:05:00,91.6
2025-06-12 05:58:00,34.4
2025-06-12 18:34:00,52.0
2025-06-12 16:39:00,76.3
2025-06-12 03:39:00,62.8
2025-06-12 13:23:00,36.3
2025-06-12 19:01:00,30.9
2025-06-12 22:44:00,68.7
2025-06-12 11:04:00,16.4
2025-06-12 09:24:00,19.4
2025-06-12 14:12:00,49.73505924170616
2025-06-12 01:04:00,48.3
2025-06-12 14:31:00,50.9
2025-06-12 20:49:00,49.73505924170616
2025-06-12 06:52:00,20.6
2025-06-12 04:08:00,60.7
2025-06-12 14:34:00,45.9
2025-06-12 00:10:00,24.3
2025-06-12 06:42:00,49.73505924170616
2025-06-12 00:25:00,15.3
2025-06-12 19:44:00,76.8
2025-06-12 17:55:00,26.9
2025-06-12 22:39:00,96.9
2025-06-12 10:45:00,64.5
2025-06-12 22:10:00,2.6
2025-06-12 21:46:00,72.7
2025-06-12 11:36:00,1.8
2025-06-12 10:14:00,6.1
2025-06-12 20:42:00,49.73505924170616
2025-06-12 21:54:00,82.6
2025-06-12 17:26:00,92.9
2025-06-12 15:07:00,78.4
2025-06-12 10:11:00,81.4
2025-06-12 06:47:00,71.5
2025-06-12 16:37:00,92.4
2025-06-12 07:54:00,15.3
2025-06-12 06:12:00,49.6
2025-06-12 07:36:00,49.73505924170616
2025-06-12 16:56:00,57.3
2025-06-12 01:39:00,68.1
2025-06-12 20:09:00,62.6
2025-06-12 21:23:00,52.0
2025-06-12 19:14:00,91.2
2025-06-12 15:54:00,70.5
2025-06-12 08:14:00,49.73505924170616
2025-06-12 11:48:00,22.4
2025-06-12 19:45:00,7.8
2025-06-12 15:11:00,3.2
2025-06-12 09:50:00,49.73505924170616
2025-06-12 04:14:00,31.3
2025-06-12 19:58:00,85.5
2025-06-12 02:22:00,17.7
2025-06-12 22:20:00,7.3
2025-06-12 12:49:00,52.0
2025-06-12 05:25:00,29.4
2025-06-12 07:48:00,83.5
2025-06-12 12:18:00,49.73505924170616
2025-06-12 15:25:00,83.0
2025-06-12 19:06:00,59.5
2025-06-12 07:13:00,49.73505924170616
2025-06-12 01:28:00,86.0
2025-06-12 16:55:00,86.0
2025-06-12 05:56:00,70.1
2025-06-12 18:12:00,36.2
2025-06-12 09:35:00,51.0
2025-06-12 00:14:00,34.2
2025-06-12 13:01:00,13.4
2025-06-12 07:17:00,71.3
2025-06-12 13:20:00,36.1
2025-06-12 19:04:00,58.1
2025-06-12 10:53:00,9.2
2025-06-12 04:00:00,87.3
2025-06-12 19:53:00,48.7
2025-06-12 14:26:00,58.8
2025-06-12 02:14:00,97.1
2025-06-12 07:39:00,74.2
2025-06-12 00:03:00,15.8
2025-06-12 12:05:00,17.2
2025-06-12 09:22:00,49.73505924170616
2025-06-12 06:49:00,28.2
2025-06-12 02:49:00,70.2
2025-06-12 16:42:00,75.8
2025-06-12 21:25:00,34.8
2025-06-12 07:44:00,28.7
2025-06-12 05:39:00,74.3
2025-06-12 17:22:00,91.9
2025-06-12 10:26:00,2.7
2025-06-12 08:49:00,57.0
2025-06-12 00:58:00,2.1
2025-06-12 10:07:00,45.1
2025-06-12 19:18:00,36.2
2025-06-12 07:08:00,29.4
2025-06-12 08:52:00,0.9
2025-06-12 12:48:00,4.3
2025-06-12 09:39:00,35.5
2025-06-12 14:36:00,26.0
2025-06-12 02:37:00,79.9
2025-06-12 22:49:00,59.1
2025-06-12 15:15:00,26.5
2025-06-12 02:17:00,15.8
2025-06-12 04:22:00,11.2
2025-06-12 21:36:00,67.9
2025-06-12 03:21:00,32.6
2025-06-12 13:32:00,61.4
2025-06-12 18:57:00,17.7
2025-06-12 01:57:00,34.7
2025-06-12 08:00:00,35.6
2025-06-12 16:01:00,49.73505924170616
2025-06-12 22:19:00,16.0
2025-06-12 08:08:00,1.0
2025-06-12 05:37:00,20.3
2025-06-12 18:05:00,33.7
2025-06-12 04:45:00,36.9
2025-06-12 12:54:00,21.2
2025-06-12 04:38:00,28.8
2025-06-12 15:59:00,50.1
2025-06-12 05:40:00,48.4
2025-06-12 05:34:00,61.7
2025-06-12 06:17:00,20.8
2025-06-12 15:56:00,42.6
2025-06-12 05:33:00,31.6
2025-06-12 03:04:00,44.1
2025-06-12 08:07:00,51.2
2025-06-12 15:29:00,10.2
2025-06-12 18:04:00,6.4
2025-06-12 20:50:00,49.73505924170616
2025-06-12 01:14:00,49.73505924170616
2025-06-12 15:14:00,12.3
2025-06-12 05:46:00,49.73505924170616
2025-06-12 03:13:00,81.1
2025-06-12 08:11:00,91.2
2025-06-12 13:26:00,49.73505924170616
2025-06-12 05:45:00,51.8
2025-06-12 02:34:00,82.4
2025-06-12 13:14:00,14.5
2025-06-12 05:16:00,25.3
2025-06-12 13:36:00,44.5
2025-06-12 18:20:00,62.8
2025-06-12 12:26:00,16.8
2025-06-12 06:22:00,3.3
2025-06-12 12:31:00,49.4
2025-06-12 08:55:00,91.4
2025-06-12 10:54:00,92.8
2025-06-12 17:54:00,49.73505924170616
2025-06-12 21:08:00,90.4
2025-06-12 23:10:00,52.8
2025-06-12 14:00:00,67.2
2025-06-12 09:59:00,86.1
2025-06-12 12:51:00,44.4
2025-06-12 17:48:00,42.9
2025-06-12 21:20:00,0.3
2025-06-12 11:38:00,25.2
2025-06-12 10:38:00,25.9
2025-06-12 20:02:00,36.3
2025-06-12 11:33:00,43.4
2025-06-12 00:33:00,2.8
2025-06-12 19:19:00,23.1
2025-06-12 17:17:00,40.2
2025-06-12 23:30:00,18.5
2025-06-12 06:21:00,88.1
2025-06-12 17:47:00,49.73505924170616
2025-06-12 05:19:00,93.8
2025-06-12 12:15:00,72.8
2025-06-12 09:03:00,46.6
2025-06-12 22:34:00,42.9
2025-06-12 17:33:00,10.3
2025-06-12 16:33:00,49.73505924170616
2025-06-12 11:24:00,32.9
2025-06-12 21:24:00,10.8
2025-06-12 14:58:00,85.1
2025-06-12 12:00:00,12.1
2025-06-12 13:48:00,62.7
2025-06-12 18:02:00,30.3
2025-06-12 01:01:00,47.2
2025-06-12 16:04:00,0.2
2025-06-12 06:32:00,70.6
2025-06-12 15:58:00,31.2
2025-06-12 20:48:00,9.5
2025-06-12 00:28:00,47.0
2025-06-12 07:23:00,49.73505924170616
2025-06-12 11:44:00,5.2
2025-06-12 07:45:00,54.4
2025-06-12 03:40:00,25.2
2025-06-12 15:40:00,53.6
2025-06-12 20:17:00,44.2
2025-06-12 22:46:00,42.5
2025-06-12 07:34:00,82.5
2025-06-12 11:05:00,49.73505924170616
2025-06-12 01:08:00,49.73505924170616
2025-06-12 06:50:00,49.0
2025-06-12 16:14:00,49.73505924170616
2025-06-12 21:14:00,22.3
2025-06-12 14:22:00,84.3
2025-06-12 12:19:00,5.6
2025-06-12 21:40:00,74.6
2025-06-12 23:37:00,35.8
2025-06-12 13:53:00,1.3
2025-06-12 06:44:00,48.1
2025-06-12 04:25:00,49.73505924170616
2025-06-12 04:57:00,54.3
2025-06-12 17:10:00,49.73505924170616
2025-06-12 18:28:00,0.9
2025-06-12 10:30:00,16.4
2025-06-12 02:12:00,38.5
2025-06-12 19:49:00,41.2
2025-06-12 23:54:00,49.73505924170616
2025-06-12 14:33:00,45.6
2025-06-12 21:34:00,16.0
2025-06-12 05:05:00,4.3
2025-06-12 17:02:00,27.9
2025-06-12 11:55:00,92.1
2025-06-12 13:22:00,97.9
2025-06-12 14:39:00,55.9
2025-06-12 00:26:00,83.0
2025-06-12 02:08:00,53.8
2025-06-12 12:44:00,99.7
2025-06-12 10:17:00,82.4
2025-06-12 09:41:00,5.0
2025-06-12 22:54:00,49.73505924170616
2025-06-12 04:32:00,88.8
2025-06-12 17:05:00,88.6
2025-06-12 01:32:00,6.9
2025-06-12 00:27:00,41.8
2025-06-12 03:36:00,74.6
2025-06-12 02:59:00,20.0
2025-06-12 22:00:00,17.5
2025-06-12 22:26:00,90.2
2025-06-12 08:01:00,49.73505924170616
2025-06-12 06:57:00,93.2
2025-06-12 20:36:00,35.7
2025-06-12 11:25:00,49.73505924170616
2025-06-12 17:52:00,49.73505924170616
2025-06-12 21:49:00,77.9
2025-06-12 00:18:00,87.5
2025-06-12 00:53:00,83.0
2025-06-12 16:59:00,91.8
2025-06-12 14:18:00,3.4
2025-06-12 14:08:00,36.7
2025-06-12 12:16:00,38.0
2025-06-12 23:46:00,29.9
2025-06-12 21:27:00,67.5
2025-06-12 00:40:00,41.9
2025-06-12 09:36:00,49.73505924170616
2025-06-12 20:58:00,49.73505924170616
2025-06-12 13:35:00,31.9
2025-06-12 16:51:00,69.3
2025-06-12 10:55:00,48.7
2025-06-12 21:31:00,22.4
2025-06-12 02:50:00,80.6
2025-06-12 08:40:00,67.5
2025-06-12 13:25:00,85.6
2025-06-12 08:05:00,70.6
2025-06-12 05:42:00,92.8
2025-06-12 19:19:00,66.6
2025-06-12 14:42:00,18.4
2025-06-12 23:15:00,28.3
2025-06-12 00:37:00,54.1
2025-06-12 16:16:00,2.3
2025-06-12 01:09:00,60.1
2025-06-12 00:41:00,50.04950773558369
2025-06-12 00:03:00,43.2
2025-06-12 19:56:00,31.0
2025-06-12 11:14:00,25.4
2025-06-12 02:51:00,92.8
2025-06-12 09:02:00,30.9
2025-06-12 10:58:00,84.2
2025-06-12 17:23:00,81.0
2025-06-12 19:03:00,13.2
2025-06-12 22:36:00,39.7
2025-06-12 08:21:00,40.0
2025-06-12 07:19:00,36.9
2025-06-12 06:46:00,49.6
2025-06-12 13:59:00,93.4
2025-06-12 11:01:00,18.1
2025-06-12 05:10:00,33.7
2025-06-12 12:22:00,21.5
2025-06-12 23:42:00,26.2
2025-06-12 06:00:00,27.5
2025-06-12 19:32:00,50.04950773558369
2025-06-12 04:46:00,51.2
2025-06-12 03:11:00,58.4
2025-06-12 16:25:00,50.04950773558369
2025-06-12 13:29:00,94.6
2025-06-12 13:47:00,50.04950773558369
2025-06-12 14:52:00,25.7
2025-06-12 16:33:00,73.7
2025-06-12 06:21:00,21.1
2025-06-12 14:05:00,50.04950773558369
2025-06-12 21:46:00,60.6
2025-06-12 06:56:00,96.1
2025-06-12 14:09:00,38.2
2025-06-12 18:16:00,50.04950773558369
2025-06-12 01:55:00,35.9
2025-06-12 15:54:00,39.2
2025-06-12 18:41:00,80.2
2025-06-12 02:19:00,87.9
2025-06-12 11:37:00,86.4
2025-06-12 18:06:00,89.4
2025-06-12 20:17:00,90.3
2025-06-12 01:29:00,26.1
2025-06-12 12:43:00,93.3
2025-06-12 01:36:00,37.8
2025-06-12 09:22:00,76.2
2025-06-12 13:05:00,30.6
2025-06-12 08:18:00,77.8
2025-06-12 01:00:00,27.9
2025-06-12 20:47:00,52.7
2025-06-12 22:40:00,6.2
2025-06-12 02:27:00,1.6
2025-06-12 18:04:00,58.7
2025-06-12 13:02:00,92.4
2025-06-12 17:54:00,44.1
2025-06-12 19:30:00,50.04950773558369
2025-06-12 01:03:00,71.1
2025-06-12 05:34:00,71.0
2025-06-12 17:46:00,13.0
2025-06-12 08:00:00,9.5
2025-06-12 09:38:00,86.4
2025-06-12 18:53:00,53.5
2025-06-12 20:05:00,30.2
2025-06-12 07:14:00,36.8
2025-06-12 14:00:00,99.1
2025-06-12 20:55:00,84.4
2025-06-12 04:52:00,36.7
2025-06-12 15:41:00,50.04950773558369
2025-06-12 14:07:00,50.04950773558369
2025-06-12 15:16:00,46.1
2025-06-12 01:41:00,50.04950773558369
2025-06-12 06:44:00,21.9
2025-06-12 17:05:00,7.0
2025-06-12 05:41:00,4.1
2025-06-12 17:47:00,75.8
2025-06-12 22:27:00,88.6
2025-06-12 02:06:00,47.9
2025-06-12 01:51:00,88.8
2025-06-12 23:54:00,51.6
2025-06-12 23:03:00,98.8
2025-06-12 03:41:00,10.1
2025-06-12 20:34:00,97.7
2025-06-12 20:40:00,73.5
2025-06-12 06:04:00,78.5
2025-06-12 02:58:00,50.04950773558369
2025-06-12 01:27:00,63.8
2025-06-12 14:38:00,72.5
2025-06-12 15:32:00,53.3
2025-06-12 00:42:00,60.5
2025-06-12 08:56:00,28.5
2025-06-12 09:26:00,94.7
2025-06-12 16:28:00,52.9
2025-06-12 12:52:00,50.04950773558369
2025-06-12 10:53:00,50.04950773558369
2025-06-12 07:32:00,6.1
2025-06-12 17:55:00,19.2
2025-06-12 09:12:00,59.0
2025-06-12 02:01:00,16.7
2025-06-12 01:16:00,50.04950773558369
2025-06-12 23:16:00,30.3
2025-06-12 17:22:00,42.8
2025-06-12 04:45:00,68.1
2025-06-12 23:17:00,51.2
2025-06-12 20:52:00,50.04950773558369
2025-06-12 07:48:00,81.7
2025-06-12 19:51:00,50.04950773558369
2025-06-12 16:34:00,88.5
2025-06-12 02:35:00,97.0
2025-06-12 03:32:00,37.9
2025-06-12 02:28:00,50.04950773558369
2025-06-12 06:48:00,97.3
2025-06-12 19:26:00,69.9
2025-06-12 11:26:00,53.0
2025-06-12 12:31:00,19.1
2025-06-12 09:30:00,80.0
2025-06-12 20:58:00,21.8
2025-06-12 19:46:00,41.6
2025-06-12 07:44:00,77.1
2025-06-12 12:07:00,50.04950773558369
2025-06-12 16:31:00,53.8
2025-06-12 13:28:00,32.0
2025-06-12 04:39:00,22.5
2025-06-12 16:42:00,12.0
2025-06-12 15:28:00,50.04950773558369
2025-06-12 06:19:00,73.2
2025-06-12 14:40:00,25.7
2025-06-12 08:53:00,50.04950773558369
2025-06-12 10:47:00,72.0
2025-06-12 06:34:00,5.1
2025-06-12 18:35:00,80.4
2025-06-12 03:28:00,50.04950773558369
2025-06-12 16:26:00,95.2
2025-06-12 10:43:00,50.04950773558369
2025-06-12 02:31:00,15.1
2025-06-12 23:39:00,98.1
2025-06-12 03:45:00,55.1
2025-06-12 23:51:00,23.6
2025-06-12 09:36:00,28.8
2025-06-12 05:55:00,50.04950773558369
2025-06-12 06:18:00,35.5
2025-06-12 11:15:00,1.8
2025-06-12 02:05:00,68.9
2025-06-12 17:53:00,6.6
2025-06-12 22:51:00,16.4
2025-06-12 00:07:00,42.8
2025-06-12 05:05:00,53.7
2025-06-12 06:58:00,2.0
2025-06-12 15:11:00,73.3
2025-06-12 09:27:00,50.04950773558369
2025-06-12 18:09:00,64.2
2025-06-12 15:40:00,40.2
2025-06-12 04:20:00,99.5
2025-06-12 05:00:00,4.0
2025-06-12 10:22:00,97.0
2025-06-12 05:12:00,10.9
2025-06-12 12:08:00,29.4
2025-06-12 00:51:00,77.5
2025-06-12 07:27:00,50.04950773558369
2025-06-12 12:19:00,84.8
2025-06-12 03:42:00,50.04950773558369
2025-06-12 23:41:00,84.6
2025-06-12 04:30:00,63.0
2025-06-12 09:45:00,48.7
2025-06-12 23:13:00,78.4
2025-06-12 08:23:00,71.5
2025-06-12 16:09:00,50.04950773558369
2025-06-12 13:23:00,50.04950773558369
2025-06-12 15:13:00,81.2
2025-06-12 04:00:00,57.9
2025-06-12 01:37:00,22.4
2025-06-12 11:45:00,91.5
2025-06-12 19:01:00,2.3
2025-06-12 23:36:00,50.04950773558369
2025-06-12 09:52:00,13.3
2025-06-12 13:00:00,77.4
2025-06-12 01:46:00,50.04950773558369
2025-06-12 18:25:00,12.2
2025-06-12 14:11:00,52.4
2025-06-12 02:09:00,64.9
2025-06-12 23:49:00,50.04950773558369
2025-06-12 06:47:00,70.8
2025-06-12 20:23:00,50.04950773558369
2025-06-12 19:04:00,69.2
2025-06-12 11:33:00,57.6
2025-06-12 08:47:00,0.4
2025-06-12 14:50:00,5.8
2025-06-12 18:02:00,95.0
2025-06-12 13:42:00,81.0
2025-06-12 19:54:00,43.5
2025-06-12 22:14:00,68.0
2025-06-12 06:23:00,26.4
2025-06-12 13:46:00,67.6
2025-06-12 10:11:00,31.1
2025-06-12 06:37:00,50.04950773558369
2025-06-12 10:41:00,48.9
2025-06-12 15:20:00,50.04950773558369
2025-06-12 05:29:00,50.04950773558369
2025-06-12 19:33:00,50.04950773558369
2025-06-12 22:23:00,12.3
2025-06-12 16:41:00,7.4
2025-06-12 06:35:00,53.7
2025-06-12 20:19:00,50.04950773558369
2025-06-12 10:28:00,50.04950773558369
2025-06-12 04:41:00,78.1
2025-06-12 17:31:00,72.7
2025-06-12 20:10:00,61.3
2025-06-12 17:59:00,9.0
2025-06-12 05:36:00,90.0
2025-06-12 15:05:00,95.2
2025-06-12 17:01:00,38.9
2025-06-12 14:37:00,61.6
2025-06-12 09:42:00,16.8
2025-06-12 19:20:00,50.04950773558369
2025-06-12 08:24:00,40.7
2025-06-12 23:04:00,64.1
2025-06-12 15:45:00,95.3
2025-06-12 16:24:00,93.9
2025-06-12 20:43:00,60.6
2025-06-12 09:15:00,95.9
2025-06-12 03:58:00,40.2
2025-06-12 06:32:00,48.9
2025-06-12 04:50:00,50.04950773558369
2025-06-12 05:16:00,71.6
2025-06-12 18:30:00,79.7
2025-06-12 03:15:00,7.9
2025-06-12 11:24:00,91.5
2025-06-12 19:42:00,50.04950773558369
2025-06-12 18:08:00,60.0
2025-06-12 14:36:00,10.2
2025-06-12 21:01:00,36.7
2025-06-12 01:17:00,50.04950773558369
2025-06-12 17:15:00,21.5
2025-06-12 15:49:00,87.1
2025-06-12 17:41:00,2.7
2025-06-12 21:38:00,50.04950773558369
2025-06-12 00:19:00,56.5
2025-06-12 07:09:00,89.5
2025-06-12 10:45:00,24.7
2025-06-12 02:59:00,7.6
2025-06-12 07:56:00,79.0
2025-06-12 07:34:00,50.04950773558369
2025-06-12 01:48:00,24.7
2025-06-12 10:25:00,51.3
2025-06-12 08:29:00,74.8
2025-06-12 13:35:00,53.2
2025-06-12 01:20:00,50.04950773558369
2025-06-12 16:40:00,82.3
2025-06-12 02:47:00,76.1
2025-06-12 21:43:00,45.2
2025-06-12 07:08:00,12.8
2025-06-12 08:12:00,1.0
2025-06-12 07:01:00,13.0
2025-06-12 08:26:00,91.4
2025-06-12 08:07:00,50.04950773558369
2025-06-12 12:11:00,87.6
2025-06-12 20:16:00,50.04950773558369
2025-06-12 14:16:00,74.2
2025-06-12 15:38:00,74.1
2025-06-12 12:03:00,94.2
2025-06-12 18:36:00,56.1
2025-06-12 19:57:00,65.8
2025-06-12 05:50:00,19.6
2025-06-12 00:13:00,61.0
2025-06-12 07:35:00,25.1
2025-06-12 04:36:00,6.4
2025-06-12 03:37:00,70.9
2025-06-12 05:48:00,46.8
2025-06-12 08:48:00,9.3
2025-06-12 00:15:00,3.1
2025-06-12 11:47:00,98.2
2025-06-12 23:56:00,33.6
2025-06-12 15:19:00,85.1
2025-06-12 08:57:00,50.04950773558369
2025-06-12 10:59:00,51.5
2025-06-12 09:39:00,11.1
2025-06-12 22:39:00,75.1
2025-06-12 12:49:00,50.04950773558369
2025-06-12 15:58:00,68.0
2025-06-12 22:56:00,97.5
2025-06-12 23:32:00,49.9
2025-06-12 12:32:00,19.5
2025-06-12 13:57:00,50.04950773558369
2025-06-12 18:26:00,26.1
2025-06-12 13:31:00,61.1
2025-06-12 11:56:00,83.0
2025-06-12 16:27:00,50.04950773558369
2025-06-12 01:02:00,42.5
2025-06-12 09:08:00,50.04950773558369
2025-06-12 22:43:00,52.1
2025-06-12 23:43:00,64.1
2025-06-12 16:08:00,62.1
2025-06-12 15:21:00,85.5
2025-06-12 01:39:00,50.04950773558369
2025-06-12 05:02:00,37.1
2025-06-12 21:11:00,0.5
2025-06-12 03:10:00,62.2
2025-06-12 01:12:00,49.64720650636492
2025-06-12 12:13:00,71.5
2025-06-12 09:28:00,85.2
2025-06-12 17:32:00,94.5
2025-06-12 22:11:00,6.0
2025-06-12 05:25:00,11.0
2025-06-12 02:18:00,21.5
2025-06-12 07:23:00,16.6
2025-06-12 02:06:00,67.0
2025-06-12 10:16:00,9.4
2025-06-12 12:01:00,57.6
2025-06-12 23:22:00,76.5
2025-06-12 00:46:00,49.64720650636492
2025-06-12 10:02:00,52.6
2025-06-12 13:15:00,26.0
2025-06-12 07:13:00,99.1
2025-06-12 14:37:00,76.3
2025-06-12 13:16:00,49.64720650636492
2025-06-12 02:25:00,8.3
2025-06-12 16:04:00,68.6
2025-06-12 14:44:00,63.0
2025-06-12 20:48:00,95.8
2025-06-12 08:57:00,43.8
2025-06-12 02:08:00,59.0
2025-06-12 08:03:00,25.6
2025-06-12 12:30:00,24.9
2025-06-12 17:36:00,49.64720650636492
2025-06-12 07:12:00,91.2
2025-06-12 03:24:00,12.9
2025-06-12 23:19:00,15.5
2025-06-12 18:51:00,38.2
2025-06-12 02:04:00,92.1
2025-06-12 19:09:00,0.4
2025-06-12 20:52:00,93.3
2025-06-12 05:57:00,43.7
2025-06-12 10:10:00,34.4
2025-06-12 22:59:00,49.64720650636492
2025-06-12 21:23:00,12.3
2025-06-12 04:23:00,7.0
2025-06-12 05:51:00,67.6
2025-06-12 22:43:00,14.4
2025-06-12 16:05:00,20.0
2025-06-12 16:11:00,49.64720650636492
2025-06-12 19:46:00,49.64720650636492
2025-06-12 05:26:00,41.6
2025-06-12 00:05:00,49.64720650636492
2025-06-12 15:32:00,49.64720650636492
2025-06-12 15:57:00,49.64720650636492
2025-06-12 06:45:00,82.6
2025-06-12 00:07:00,49.64720650636492
2025-06-12 21:34:00,12.5
2025-06-12 08:59:00,39.0
2025-06-12 05:27:00,32.4
2025-06-12 07:05:00,16.5
2025-06-12 14:54:00,35.9
2025-06-12 09:47:00,75.0
2025-06-12 10:06:00,84.7
2025-06-12 22:44:00,8.9
2025-06-12 07:16:00,39.2
2025-06-12 14:24:00,0.5
2025-06-12 16:53:00,93.4
2025-06-12 17:23:00,81.2
2025-06-12 20:29:00,49.64720650636492
2025-06-12 00:53:00,57.3
2025-06-12 19:16:00,29.5
2025-06-12 06:40:00,49.64720650636492
2025-06-12 11:59:00,45.6
2025-06-12 03:51:00,27.2
2025-06-12 17:02:00,23.0
2025-06-12 17:13:00,10.2
2025-06-12 00:36:00,63.1
2025-06-12 01:07:00,45.4
2025-06-12 04:16:00,49.64720650636492
2025-06-12 18:55:00,63.6
2025-06-12 19:36:00,23.7
2025-06-12 00:25:00,50.7
2025-06-12 06:15:00,49.64720650636492
2025-06-12 04:04:00,86.2
2025-06-12 21:42:00,90.1
2025-06-12 03:49:00,49.64720650636492
2025-06-12 03:23:00,38.0
2025-06-12 13:28:00,32.1
2025-06-12 12:07:00,49.64720650636492
2025-06-12 22:33:00,40.2
2025-06-12 06:28:00,29.9
2025-06-12 13:35:00,72.1
2025-06-12 21:19:00,13.6
2025-06-12 21:44:00,72.8
2025-06-12 16:02:00,65.4
2025-06-12 23:49:00,38.3
2025-06-12 22:07:00,54.0
2025-06-12 03:50:00,88.2
2025-06-12 16:15:00,41.8
2025-06-12 03:19:00,49.64720650636492
2025-06-12 19:34:00,23.0
2025-06-12 15:08:00,49.64720650636492
2025-06-12 09:03:00,87.4
2025-06-12 20:08:00,89.6
2025-06-12 06:13:00,6.2
2025-06-12 10:12:00,27.6
2025-06-12 13:42:00,49.64720650636492
2025-06-12 16:59:00,32.3
2025-06-12 08:37:00,69.6
2025-06-12 22:22:00,49.64720650636492
2025-06-12 07:55:00,65.2
2025-06-12 04:21:00,35.5
2025-06-12 21:59:00,86.7
2025-06-12 21:57:00,87.6
2025-06-12 23:04:00,49.64720650636492
2025-06-12 06:20:00,84.8
2025-06-12 13:20:00,71.4
2025-06-12 17:40:00,21.6
2025-06-12 00:57:00,49.64720650636492
2025-06-12 15:38:00,45.8
2025-06-12 04:43:00,52.6
2025-06-12 21:22:00,49.64720650636492
2025-06-12 22:17:00,88.0
2025-06-12 06:42:00,63.6
2025-06-12 19:19:00,31.2
2025-06-12 01:57:00,33.6
2025-06-12 14:21:00,27.7
2025-06-12 13:33:00,49.64720650636492
2025-06-12 12:53:00,56.4
2025-06-12 17:52:00,49.9
2025-06-12 02:38:00,95.5
2025-06-12 13:37:00,83.5
2025-06-12 22:20:00,77.3
2025-06-12 02:35:00,39.4
2025-06-12 14:31:00,51.4
2025-06-12 01:20:00,27.3
2025-06-12 10:51:00,51.6
2025-06-12 12:59:00,29.7
2025-06-12 09:30:00,14.5
2025-06-12 06:17:00,12.7
2025-06-12 03:27:00,49.64720650636492
2025-06-12 07:09:00,27.8
2025-06-12 18:26:00,49.64720650636492
2025-06-12 18:09:00,68.2
2025-06-12 02:51:00,71.7
2025-06-12 05:10:00,19.9
2025-06-12 23:13:00,57.0
2025-06-12 18:41:00,6.9
2025-06-12 10:04:00,35.7
2025-06-12 13:48:00,72.9
2025-06-12 01:58:00,97.7
2025-06-12 14:56:00,83.5
2025-06-12 06:30:00,49.64720650636492
2025-06-12 20:40:00,80.0
2025-06-12 11:25:00,33.5
2025-06-12 21:47:00,36.6
2025-06-12 00:47:00,49.64720650636492
2025-06-12 01:46:00,91.6
2025-06-12 14:42:00,78.5
2025-06-12 01:16:00,11.9
2025-06-12 15:14:00,64.7
2025-06-12 07:59:00,49.64720650636492
2025-06-12 20:50:00,2.8
2025-06-12 19:18:00,30.6
2025-06-12 13:26:00,38.6
2025-06-12 12:00:00,46.7
2025-06-12 08:10:00,1.2
2025-06-12 08:08:00,49.64720650636492
2025-06-12 00:18:00,47.4
2025-06-12 10:00:00,32.2
2025-06-12 21:41:00,91.8
2025-06-12 18:47:00,71.8
2025-06-12 12:39:00,49.64720650636492
2025-06-12 21:27:00,87.9
2025-06-12 03:59:00,36.4
2025-06-12 22:52:00,64.4
2025-06-12 12:20:00,82.2
2025-06-12 09:58:00,97.9
2025-06-12 10:49:00,94.8
2025-06-12 18:23:00,45.2
2025-06-12 16:55:00,24.9
2025-06-12 07:47:00,49.64720650636492
2025-06-12 02:17:00,49.64720650636492
2025-06-12 15:12:00,38.0
2025-06-12 06:51:00,89.2
2025-06-12 00:19:00,36.5
2025-06-12 14:07:00,2.6
2025-06-12 04:36:00,49.64720650636492
2025-06-12 08:17:00,69.9
2025-06-12 12:37:00,49.7
2025-06-12 22:53:00,87.0
2025-06-12 13:09:00,91.9
2025-06-12 10:05:00,69.9
2025-06-12 18:00:00,49.64720650636492
2025-06-12 03:31:00,69.4
2025-06-12 08:13:00,52.8
2025-06-12 17:01:00,59.0
2025-06-12 10:57:00,13.9
2025-06-12 12:45:00,48.8
2025-06-12 13:52:00,7.3
2025-06-12 04:26:00,3.5
2025-06-12 15:02:00,44.1
2025-06-12 03:54:00,49.64720650636492
2025-06-12 20:12:00,49.64720650636492
2025-06-12 07:36:00,62.9
2025-06-12 06:21:00,90.1
2025-06-12 05:16:00,60.1
2025-06-12 20:53:00,51.3
2025-06-12 02:26:00,5.4
2025-06-12 00:50:00,49.64720650636492
2025-06-12 17:14:00,18.3
2025-06-12 10:52:00,6.8
2025-06-12 11:11:00,17.1
2025-06-12 14:03:00,65.9
2025-06-12 16:10:00,49.64720650636492
2025-06-12 12:40:00,0.0
2025-06-12 06:07:00,14.5
2025-06-12 06:05:00,49.64720650636492
2025-06-12 20:41:00,34.3
2025-06-12 00:03:00,11.0
2025-06-12 22:19:00,66.4
2025-06-12 17:18:00,49.64720650636492
2025-06-12 06:44:00,86.6
2025-06-12 11:09:00,46.4
2025-06-12 10:07:00,93.2
2025-06-12 14:41:00,39.0
2025-06-12 07:42:00,84.3
2025-06-12 02:30:00,36.0
2025-06-12 15:03:00,12.1
2025-06-12 15:45:00,96.4
2025-06-12 19:58:00,94.3
2025-06-12 09:10:00,6.2
2025-06-12 00:30:00,49.64720650636492
2025-06-12 15:16:00,35.5
2025-06-12 09:18:00,43.1
2025-06-12 02:56:00,52.2
2025-06-12 21:30:00,97.7
2025-06-12 01:05:00,33.5
2025-06-12 18:33:00,26.9
2025-06-12 00:20:00,14.9
2025-06-12 02:54:00,49.6
2025-06-12 14:17:00,94.3
2025-06-12 20:10:00,49.64720650636492
2025-06-12 09:44:00,72.0
2025-06-12 04:10:00,60.6
2025-06-12 19:20:00,81.6
2025-06-12 07:41:00,47.5
2025-06-12 11:32:00,84.7
2025-06-12 05:43:00,41.3
2025-06-12 06:43:00,51.8
2025-06-12 01:19:00,24.2
2025-06-12 15:39:00,65.2
2025-06-12 19:07:00,72.6
2025-06-12 23:55:00,92.3
2025-06-12 05:52:00,28.2
2025-06-12 07:48:00,3.1
2025-06-12 04:59:00,21.2
2025-06-12 15:37:00,80.2
2025-06-12 01:21:00,88.0
2025-06-12 20:46:00,55.5
2025-06-12 01:47:00,74.6
2025-06-12 02:36:00,24.0
2025-06-12 14:14:00,66.0
2025-06-12 11:00:00,3.8
2025-06-12 08:39:00,69.2
2025-06-12 13:59:00,26.7
2025-06-12 07:30:00,90.3
2025-06-12 14:28:00,97.8
2025-06-12 05:07:00,45.5
2025-06-12 15:59:00,61.8
2025-06-12 01:25:00,82.5
2025-06-12 15:44:00,49.64720650636492
2025-06-12 21:50:00,0.6
2025-06-12 09:20:00,11.5
2025-06-12 20:58:00,3.7
2025-06-12 09:54:00,45.2
2025-06-12 21:08:00,99.1
2025-06-12 14:10:00,82.8
2025-06-12 14:26:00,21.6
2025-06-12 18:42:00,35.4
2025-06-12 14:45:00,4.8
2025-06-12 10:40:00,35.3
2025-06-12 08:45:00,44.6
2025-06-12 16:20:00,68.5
2025-06-12 18:14:00,37.7
2025-06-12 01:11:00,65.1
2025-06-12 04:11:00,91.7
2025-06-12 03:20:00,38.8
2025-06-12 14:33:00,9.6
2025-06-12 20:32:00,35.6
2025-06-12 08:52:00,36.6
2025-06-12 02:13:00,54.5
2025-06-12 09:48:00,46.7
2025-06-12 01:54:00,33.1
2025-06-12 20:43:00,6.5
2025-06-12 14:23:00,2.3
2025-06-12 06:23:00,43.6
2025-06-12 02:58:00,47.2
2025-06-12 16:54:00,16.8
2025-06-12 02:14:00,1.6
2025-06-12 22:23:00,71.1
2025-06-12 14:55:00,76.5
2025-06-12 07:08:00,13.9
2025-06-12 21:13:00,56.1
2025-06-12 00:54:00,20.4
2025-06-12 07:44:00,49.44888862615275
2025-06-12 15:40:00,88.6
2025-06-12 06:52:00,55.1
2025-06-12 23:38:00,49.44888862615275
2025-06-12 21:43:00,49.44888862615275
2025-06-12 10:43:00,44.0
2025-06-12 04:10:00,48.4
2025-06-12 12:50:00,1.8
2025-06-12 22:47:00,49.8
2025-06-12 00:57:00,85.5
2025-06-12 04:43:00,7.9
2025-06-12 05:10:00,49.44888862615275
2025-06-12 19:48:00,62.4
2025-06-12 04:36:00,33.7
2025-06-12 21:45:00,90.2
2025-06-12 22:45:00,40.6
2025-06-12 11:39:00,29.2
2025-06-12 20:21:00,23.3
2025-06-12 03:43:00,43.1
2025-06-12 22:22:00,16.0
2025-06-12 19:14:00,41.2
2025-06-12 20:14:00,89.5
2025-06-12 23:50:00,77.4
2025-06-12 20:42:00,47.1
2025-06-12 01:57:00,47.2
2025-06-12 14:38:00,9.6
2025-06-12 18:07:00,71.7
2025-06-12 09:32:00,18.7
2025-06-12 05:01:00,93.2
2025-06-12 10:44:00,86.4
2025-06-12 13:59:00,81.9
2025-06-12 00:51:00,60.8
2025-06-12 12:45:00,49.44888862615275
2025-06-12 01:36:00,74.9
2025-06-12 19:52:00,81.2
2025-06-12 22:20:00,66.1
2025-06-12 07:02:00,35.8
2025-06-12 18:21:00,67.6
2025-06-12 01:21:00,21.4
2025-06-12 20:53:00,39.6
2025-06-12 21:15:00,68.8
2025-06-12 17:29:00,73.9
2025-06-12 16:30:00,38.6
2025-06-12 15:55:00,98.6
2025-06-12 14:10:00,27.8
2025-06-12 12:51:00,83.6
2025-06-12 22:37:00,49.44888862615275
2025-06-12 17:37:00,58.6
2025-06-12 14:52:00,24.8
2025-06-12 09:19:00,21.8
2025-06-12 18:47:00,49.44888862615275
2025-06-12 12:31:00,49.44888862615275
2025-06-12 01:01:00,19.8
2025-06-12 17:12:00,49.44888862615275
2025-06-12 10:54:00,7.6
2025-06-12 01:24:00,63.7
2025-06-12 17:06:00,49.1
2025-06-12 09:58:00,58.7
2025-06-12 19:59:00,76.9
2025-06-12 10:32:00,21.4
2025-06-12 09:03:00,39.1
2025-06-12 05:26:00,55.4
2025-06-12 19:02:00,49.44888862615275
2025-06-12 02:18:00,42.1
2025-06-12 11:48:00,1.2
2025-06-12 12:10:00,49.44888862615275
2025-06-12 03:05:00,46.7
2025-06-12 04:39:00,28.2
2025-06-12 17:27:00,80.6
2025-06-12 18:10:00,49.44888862615275
2025-06-12 07:17:00,87.6
2025-06-12 17:31:00,80.1
2025-06-12 23:35:00,97.6
2025-06-12 08:39:00,75.5
2025-06-12 16:35:00,66.6
2025-06-12 09:12:00,1.6
2025-06-12 06:46:00,49.44888862615275
2025-06-12 17:26:00,3.1
2025-06-12 06:19:00,49.44888862615275
2025-06-12 05:37:00,99.4
2025-06-12 02:42:00,74.6
2025-06-12 04:09:00,8.9
2025-06-12 06:10:00,41.0
2025-06-12 20:31:00,26.0
2025-06-12 03:27:00,2.0
2025-06-12 15:31:00,75.4
2025-06-12 01:42:00,62.9
2025-06-12 08:52:00,12.5
2025-06-12 08:04:00,49.44888862615275
2025-06-12 15:18:00,37.0
2025-06-12 17:10:00,79.3
2025-06-12 20:23:00,69.2
2025-06-12 18:43:00,30.1
2025-06-12 18:44:00,76.6
2025-06-12 13:27:00,67.3
2025-06-12 06:40:00,61.5
2025-06-12 14:25:00,88.0
2025-06-12 14:36:00,26.9
2025-06-12 03:02:00,25.4
2025-06-12 20:47:00,35.8
2025-06-12 10:52:00,75.1
2025-06-12 00:21:00,57.0
2025-06-12 20:09:00,53.1
2025-06-12 12:06:00,92.9
2025-06-12 10:10:00,6.0
2025-06-12 06:33:00,49.6
2025-06-12 17:30:00,64.0
2025-06-12 03:14:00,43.2
2025-06-12 20:34:00,95.5
2025-06-12 17:40:00,49.44888862615275
2025-06-12 21:14:00,49.44888862615275
2025-06-12 04:01:00,20.6
2025-06-12 08:33:00,78.8
2025-06-12 13:06:00,54.8
2025-06-12 20:45:00,40.7
2025-06-12 21:17:00,49.44888862615275
2025-06-12 21:37:00,35.8
2025-06-12 01:47:00,3.6
2025-06-12 16:06:00,57.4
2025-06-12 17:17:00,91.1
2025-06-12 08:29:00,14.7
2025-06-12 18:45:00,56.4
2025-06-12 23:25:00,96.2
2025-06-12 13:53:00,77.2
2025-06-12 20:03:00,71.0
2025-06-12 05:41:00,7.4
2025-06-12 13:25:00,61.6
2025-06-12 04:35:00,54.0
2025-06-12 19:18:00,57.0
2025-06-12 17:02:00,17.2
2025-06-12 09:40:00,11.5
2025-06-12 18:55:00,17.8
2025-06-12 13:45:00,26.7
2025-06-12 09:33:00,38.9
2025-06-12 14:30:00,49.44888862615275
2025-06-12 16:20:00,48.7
2025-06-12 17:43:00,87.0
2025-06-12 10:03:00,6.7
2025-06-12 10:04:00,58.6
2025-06-12 04:54:00,75.5
2025-06-12 14:14:00,57.8
2025-06-12 11:13:00,81.8
2025-06-12 03:42:00,5.3
2025-06-12 17:18:00,37.1
2025-06-12 22:27:00,49.44888862615275
2025-06-12 02:47:00,38.1
2025-06-12 00:08:00,64.5
2025-06-12 11:45:00,49.44888862615275
2025-06-12 14:15:00,49.7
2025-06-12 03:56:00,32.9
2025-06-12 13:02:00,22.9
2025-06-12 07:47:00,36.0
2025-06-12 15:15:00,51.2
2025-06-12 02:43:00,42.5
2025-06-12 19:47:00,53.6
2025-06-12 21:55:00,39.0
2025-06-12 00:47:00,56.3
2025-06-12 14:58:00,14.8
2025-06-12 05:33:00,54.2
2025-06-12 12:54:00,99.3
2025-06-12 05:00:00,2.6
2025-06-12 21:54:00,43.0
2025-06-12 16:23:00,6.4
2025-06-12 00:58:00,49.44888862615275
2025-06-12 07:04:00,71.3
2025-06-12 16:22:00,30.7
2025-06-12 10:45:00,97.8
2025-06-12 13:09:00,17.6
2025-06-12 17:19:00,56.8
2025-06-12 22:02:00,23.6
2025-06-12 05:48:00,62.3
2025-06-12 02:26:00,25.5
2025-06-12 18:01:00,75.8
2025-06-12 17:07:00,24.2
2025-06-12 15:16:00,78.4
2025-06-12 21:28:00,57.6
2025-06-12 14:57:00,25.0
2025-06-12 12:40:00,49.44888862615275
2025-06-12 12:42:00,87.3
2025-06-12 18:57:00,49.44888862615275
2025-06-12 10:05:00,49.44888862615275
2025-06-12 10:47:00,49.44888862615275
2025-06-12 19:40:00,4.9
2025-06-12 10:36:00,49.44888862615275
2025-06-12 14:33:00,81.1
2025-06-12 07:45:00,89.3
2025-06-12 04:48:00,61.0
2025-06-12 04:55:00,17.1
2025-06-12 06:08:00,32.2
2025-06-12 16:46:00,28.4
2025-06-12 09:05:00,0.0
2025-06-12 15:52:00,13.3
2025-06-12 13:07:00,49.44888862615275
2025-06-12 07:18:00,66.9
2025-06-12 12:49:00,49.44888862615275
2025-06-12 10:24:00,40.3
2025-06-12 13:18:00,49.44888862615275
2025-06-12 20:26:00,77.9
2025-06-12 12:22:00,97.2
2025-06-12 22:03:00,56.5
2025-06-12 06:05:00,72.4
2025-06-12 18:30:00,28.6
2025-06-12 22:52:00,86.6
2025-06-12 20:18:00,48.9
2025-06-12 15:49:00,93.6
2025-06-12 23:55:00,14.8
2025-06-12 00:32:00,13.8
2025-06-12 20:15:00,59.4
2025-06-12 10:21:00,49.44888862615275
2025-06-12 07:27:00,49.44888862615275
2025-06-12 03:46:00,94.4
2025-06-12 15:13:00,40.8
2025-06-12 15:20:00,32.3
2025-06-12 18:56:00,27.8
2025-06-12 19:53:00,77.8
2025-06-12 07:09:00,93.8
2025-06-12 14:09:00,2.1
2025-06-12 12:24:00,21.3
2025-06-12 11:50:00,55.8
2025-06-12 22:12:00,7.2
2025-06-12 02:05:00,71.4
2025-06-12 03:39:00,11.9
2025-06-12 21:20:00,85.8
2025-06-12 05:25:00,69.2
2025-06-12 02:24:00,50.6
2025-06-12 06:51:00,77.1
2025-06-12 03:53:00,42.9
2025-06-12 08:31:00,25.0
2025-06-12 12:03:00,49.44888862615275
2025-06-12 20:04:00,34.4
2025-06-12 06:42:00,91.2
2025-06-12 14:42:00,8.0
2025-06-12 10:25:00,1.9
2025-06-12 20:52:00,0.7
2025-06-12 15:45:00,53.3
2025-06-12 20:36:00,58.7
2025-06-12 22:21:00,52.2
2025-06-12 04:57:00,49.44888862615275
2025-06-12 23:06:00,24.6
2025-06-12 21:49:00,35.9
2025-06-12 14:49:00,69.7
2025-06-12 23:53:00,67.8
2025-06-12 06:49:00,57.3
2025-06-12 14:34:00,77.3
2025-06-12 09:49:00,49.44888862615275
2025-06-12 11:35:00,43.0
2025-06-12 09:00:00,49.44888862615275
2025-06-12 13:35:00,78.3
2025-06-12 13:12:00,55.7
2025-06-12 20:39:00,44.3
2025-06-12 14:02:00,10.2
2025-06-12 19:01:00,4.7
2025-06-12 18:37:00,80.9
2025-06-12 06:53:00,99.4
2025-06-12 23:37:00,37.2
2025-06-12 01:45:00,44.7
2025-06-12 13:56:00,14.7
2025-06-12 07:33:00,50.4
2025-06-12 12:41:00,85.4
2025-06-12 13:20:00,5.5
2025-06-12 22:06:00,87.7
2025-06-12 11:42:00,49.44888862615275
2025-06-12 01:50:00,53.1
2025-06-12 17:57:00,49.44888862615275
2025-06-12 01:06:00,49.44888862615275
2025-06-12 07:38:00,38.4
2025-06-12 21:04:00,39.8
2025-06-12 09:18:00,55.1
2025-06-12 11:53:00,51.3
2025-06-12 14:29:00,26.0
2025-06-12 06:12:00,98.2
2025-06-12 20:38:00,14.1
2025-06-12 03:28:00,49.44888862615275
2025-06-12 07:56:00,98.0
2025-06-12 00:11:00,86.1
2025-06-12 11:20:00,83.4
2025-06-12 17:33:00,49.44888862615275
2025-06-12 19:37:00,61.3
2025-06-12 03:17:00,26.8
2025-06-12 00:49:00,60.1
2025-06-12 14:00:00,3.2
2025-06-12 21:01:00,64.9
2025-06-12 14:37:00,77.3
2025-06-12 00:53:00,49.44888862615275
2025-06-12 19:55:00,22.9
2025-06-12 19:32:00,33.2
2025-06-12 16:42:00,49.44888862615275
2025-06-12 16:36:00,84.1
2025-06-12 22:55:00,95.4
2025-06-12 17:52:00,72.5
2025-06-12 10:06:00,70.6
2025-06-12 07:38:00,96.9
2025-06-12 03:25:00,58.7
2025-06-12 15:23:00,59.1
2025-06-12 22:26:00,34.5
2025-06-12 12:00:00,92.6
2025-06-12 15:26:00,91.5
2025-06-12 02:09:00,85.1
2025-06-12 01:06:00,57.1
2025-06-12 02:27:00,55.4
2025-06-12 22:45:00,76.1
2025-06-12 04:33:00,11.2
2025-06-12 14:42:00,87.7
2025-06-12 03:13:00,47.9
2025-06-12 08:49:00,8.0
2025-06-12 02:51:00,23.5
2025-06-12 05:17:00,84.4
2025-06-12 07:35:00,66.3
2025-06-12 11:04:00,92.9
2025-06-12 18:58:00,45.5
2025-06-12 09:51:00,98.6
2025-06-12 08:12:00,98.8
2025-06-12 06:03:00,49.953150620754265
2025-06-12 00:04:00,16.0
2025-06-12 00:22:00,96.9
2025-06-12 21:40:00,49.953150620754265
2025-06-12 03:36:00,1.2
2025-06-12 11:39:00,64.0
2025-06-12 09:39:00,85.2
2025-06-12 05:41:00,62.4
2025-06-12 15:12:00,49.953150620754265
2025-06-12 22:51:00,31.8
2025-06-12 12:37:00,22.2
2025-06-12 02:06:00,47.4
2025-06-12 09:11:00,7.5
2025-06-12 19:24:00,35.7
2025-06-12 13:24:00,70.2
2025-06-12 19:36:00,77.4
2025-06-12 10:37:00,46.7
2025-06-12 05:54:00,49.953150620754265
2025-06-12 17:03:00,63.2
2025-06-12 22:14:00,39.9
2025-06-12 07:59:00,18.7
2025-06-12 10:24:00,23.6
2025-06-12 14:09:00,48.4
2025-06-12 03:38:00,63.8
2025-06-12 17:39:00,83.4
2025-06-12 01:19:00,49.953150620754265
2025-06-12 16:56:00,38.0
2025-06-12 18:23:00,24.6
2025-06-12 03:09:00,49.953150620754265
2025-06-12 07:32:00,57.5
2025-06-12 23:41:00,52.2
2025-06-12 14:03:00,32.5
2025-06-12 21:18:00,28.8
2025-06-12 12:13:00,74.6
2025-06-12 00:13:00,90.1
2025-06-12 13:03:00,45.7
2025-06-12 23:04:00,40.7
2025-06-12 23:14:00,71.4
2025-06-12 01:51:00,49.953150620754265
2025-06-12 07:06:00,49.953150620754265
2025-06-12 15:18:00,71.8
2025-06-12 20:00:00,94.7
2025-06-12 07:49:00,24.3
2025-06-12 05:50:00,1.9
2025-06-12 16:53:00,83.9
2025-06-12 20:50:00,36.0
2025-06-12 23:32:00,1.4
2025-06-12 06:47:00,87.2
2025-06-12 16:00:00,68.6
2025-06-12 00:33:00,73.7
2025-06-12 18:12:00,99.0
2025-06-12 01:17:00,98.2
2025-06-12 21:00:00,67.6
2025-06-12 08:32:00,30.6
2025-06-12 15:59:00,97.8
2025-06-12 20:25:00,26.8
2025-06-12 19:25:00,49.953150620754265
2025-06-12 18:32:00,1.5
2025-06-12 16:37:00,99.5
2025-06-12 17:44:00,21.2
2025-06-12 22:30:00,61.1
2025-06-12 04:02:00,98.9
2025-06-12 11:34:00,60.1
2025-06-12 12:58:00,53.0
2025-06-12 04:50:00,73.9
2025-06-12 18:40:00,74.7
2025-06-12 15:15:00,3.5
2025-06-12 05:19:00,18.5
2025-06-12 05:45:00,21.8
2025-06-12 18:10:00,77.3
2025-06-12 09:17:00,52.9
2025-06-12 15:37:00,6.8
2025-06-12 10:58:00,94.1
2025-06-12 23:31:00,76.8
2025-06-12 12:43:00,99.9
2025-06-12 13:56:00,13.9
2025-06-12 09:12:00,4.7
2025-06-12 12:32:00,93.0
2025-06-12 19:49:00,49.953150620754265
2025-06-12 22:41:00,14.5
2025-06-12 08:16:00,51.1
2025-06-12 00:41:00,82.8
2025-06-12 13:38:00,21.6
2025-06-12 08:19:00,91.5
2025-06-12 20:10:00,100.0
2025-06-12 05:03:00,16.1
2025-06-12 23:03:00,16.7
2025-06-12 03:48:00,68.9
2025-06-12 20:01:00,9.3
2025-06-12 19:06:00,82.0
2025-06-12 06:21:00,49.953150620754265
2025-06-12 17:43:00,91.8
2025-06-12 07:23:00,55.3
2025-06-12 12:07:00,94.0
2025-06-12 10:09:00,3.2
2025-06-12 10:08:00,49.953150620754265
2025-06-12 05:24:00,49.953150620754265
2025-06-12 03:24:00,58.6
2025-06-12 11:36:00,68.0
2025-06-12 06:23:00,78.5
2025-06-12 22:20:00,61.6
2025-06-12 07:19:00,49.953150620754265
2025-06-12 07:00:00,6.1
2025-06-12 16:44:00,15.9
2025-06-12 07:58:00,24.1
2025-06-12 16:21:00,8.3
2025-06-12 10:38:00,49.953150620754265
2025-06-12 15:50:00,60.9
2025-06-12 13:45:00,20.0
2025-06-12 01:37:00,94.0
2025-06-12 00:36:00,71.1
2025-06-12 17:02:00,31.1
2025-06-12 02:00:00,92.8
2025-06-12 19:16:00,69.8
2025-06-12 01:21:00,12.8
2025-06-12 13:26:00,5.8
2025-06-12 22:13:00,7.1
2025-06-12 12:09:00,33.1
2025-06-12 09:34:00,49.953150620754265
2025-06-12 03:18:00,46.7
2025-06-12 19:40:00,62.2
2025-06-12 00:35:00,46.7
2025-06-12 06:30:00,85.4
2025-06-12 21:54:00,35.8
2025-06-12 09:36:00,49.953150620754265
2025-06-12 13:47:00,64.1
2025-06-12 21:59:00,6.0
2025-06-12 23:35:00,49.953150620754265
2025-06-12 08:28:00,24.8
2025-06-12 01:22:00,47.9
2025-06-12 07:43:00,56.1
2025-06-12 01:16:00,12.0
2025-06-12 16:07:00,49.0
2025-06-12 19:27:00,8.6
2025-06-12 07:29:00,56.2
2025-06-12 19:15:00,49.953150620754265
2025-06-12 01:10:00,22.9
2025-06-12 06:52:00,7.8
2025-06-12 08:55:00,10.8
2025-06-12 14:14:00,21.9
2025-06-12 06:29:00,50.2
2025-06-12 04:49:00,77.6
2025-06-12 08:38:00,49.953150620754265
2025-06-12 13:41:00,82.7
2025-06-12 07:31:00,77.0
2025-06-12 01:48:00,45.8
2025-06-12 04:21:00,51.9
2025-06-12 07:30:00,19.5
2025-06-12 00:57:00,49.953150620754265
2025-06-12 10:01:00,93.3
2025-06-12 19:55:00,56.1
2025-06-12 18:37:00,41.9
2025-06-12 23:09:00,57.1
2025-06-12 10:25:00,37.5
2025-06-12 08:02:00,53.4
2025-06-12 03:30:00,20.0
2025-06-12 19:32:00,54.4
2025-06-12 13:35:00,74.9
2025-06-12 22:19:00,21.4
2025-06-12 15:00:00,7.7
2025-06-12 07:10:00,57.7
2025-06-12 14:31:00,53.1
2025-06-12 16:59:00,14.9
2025-06-12 12:57:00,49.953150620754265
2025-06-12 21:52:00,34.1
2025-06-12 06:27:00,10.2
2025-06-12 10:48:00,49.953150620754265
2025-06-12 18:24:00,52.6
2025-06-12 06:36:00,33.9
2025-06-12 06:05:00,49.953150620754265
2025-06-12 21:14:00,15.0
2025-06-12 04:06:00,42.0
2025-06-12 09:27:00,56.3
2025-06-12 19:23:00,46.0
2025-06-12 01:26:00,76.0
2025-06-12 04:12:00,68.2
2025-06-12 02:08:00,42.9
2025-06-12 12:55:00,21.2
2025-06-12 21:31:00,75.7
2025-06-12 15:38:00,49.953150620754265
2025-06-12 19:58:00,86.5
2025-06-12 14:02:00,92.6
2025-06-12 18:29:00,90.4
2025-06-12 00:28:00,77.0
2025-06-12 14:40:00,39.2
2025-06-12 13:21:00,0.6
2025-06-12 13:39:00,36.1
2025-06-12 22:23:00,79.8
2025-06-12 16:35:00,8.7
2025-06-12 20:28:00,49.953150620754265
2025-06-12 10:23:00,33.5
2025-06-12 01:27:00,49.953150620754265
2025-06-12 05:35:00,82.8
2025-06-12 03:51:00,41.9
2025-06-12 21:17:00,49.953150620754265
2025-06-12 06:58:00,75.0
2025-06-12 09:48:00,53.9
2025-06-12 21:25:00,49.953150620754265
2025-06-12 06:09:00,86.5
2025-06-12 20:23:00,56.1
2025-06-12 12:19:00,76.2
2025-06-12 11:53:00,59.8
2025-06-12 14:21:00,19.8
2025-06-12 17:22:00,93.2
2025-06-12 22:58:00,92.5
2025-06-12 00:39:00,50.1
2025-06-12 13:14:00,8.9
2025-06-12 01:11:00,66.1
2025-06-12 02:44:00,25.7
2025-06-12 14:36:00,77.6
2025-06-12 22:43:00,49.953150620754265
2025-06-12 20:52:00,89.9
2025-06-12 04:47:00,49.953150620754265
2025-06-12 02:10:00,80.1
2025-06-12 05:42:00,49.953150620754265
2025-06-12 11:32:00,2.2
2025-06-12 07:26:00,8.2
2025-06-12 02:03:00,49.953150620754265
2025-06-12 05:15:00,26.4
2025-06-12 10:42:00,10.3
2025-06-12 04:08:00,73.0
2025-06-12 09:15:00,54.8
2025-06-12 15:13:00,52.6
2025-06-12 09:22:00,97.6
2025-06-12 05:08:00,76.9
2025-06-12 05:43:00,34.3
2025-06-12 18:18:00,55.8
2025-06-12 22:09:00,63.3
2025-06-12 16:40:00,49.953150620754265
2025-06-12 14:49:00,49.953150620754265
2025-06-12 19:19:00,15.4
2025-06-12 19:28:00,91.1
2025-06-12 03:52:00,6.9
2025-06-12 10:56:00,13.8
2025-06-12 05:30:00,28.1
2025-06-12 09:52:00,13.3
2025-06-12 01:04:00,49.953150620754265
2025-06-12 06:57:00,2.5
2025-06-12 02:17:00,49.953150620754265
2025-06-12 07:16:00,64.4
2025-06-12 14:24:00,79.8
2025-06-12 04:29:00,93.3
2025-06-12 07:22:00,40.3
2025-06-12 11:13:00,79.8
2025-06-12 17:45:00,77.7
2025-06-12 13:55:00,61.7
2025-06-12 04:30:00,52.1
2025-06-12 04:15:00,49.953150620754265
2025-06-12 04:38:00,69.0
2025-06-12 23:28:00,74.8
2025-06-12 05:47:00,46.2
2025-06-12 02:42:00,27.6
2025-06-12 17:26:00,93.9
2025-06-12 07:56:00,14.5
2025-06-12 14:25:00,9.2
2025-06-12 06:53:00,27.1
2025-06-12 01:18:00,9.7
2025-06-12 07:13:00,49.953150620754265
2025-06-12 05:37:00,16.9
2025-06-12 21:49:00,16.5
2025-06-12 19:34:00,83.0
2025-06-12 06:42:00,49.953150620754265
2025-06-12 14:28:00,19.5
2025-06-12 02:34:00,21.5
2025-06-12 07:20:00,1.1
2025-06-12 03:11:00,74.8
2025-06-12 08:47:00,1.7
2025-06-12 16:57:00,59.3
2025-06-12 00:18:00,20.1
2025-06-12 23:15:00,49.58899212042808
2025-06-12 17:14:00,6.3
2025-06-12 00:09:00,49.58899212042808
2025-06-12 17:55:00,45.9
2025-06-12 21:38:00,73.6
2025-06-12 09:18:00,34.0
2025-06-12 05:12:00,40.6
2025-06-12 13:03:00,3.4
2025-06-12 03:36:00,5.0
2025-06-12 00:20:00,39.7
2025-06-12 06:29:00,49.58899212042808
2025-06-12 12:00:00,26.4
2025-06-12 02:58:00,74.1
2025-06-12 06:45:00,10.0
2025-06-12 20:26:00,29.6
2025-06-12 04:43:00,87.2
2025-06-12 03:27:00,49.9
2025-06-12 09:48:00,63.1
2025-06-12 19:00:00,49.58899212042808
2025-06-12 01:33:00,29.5
2025-06-12 18:25:00,49.58899212042808
2025-06-12 08:02:00,25.1
2025-06-12 02:54:00,65.6
2025-06-12 11:38:00,6.3
2025-06-12 02:40:00,81.1
2025-06-12 04:30:00,67.9
2025-06-12 10:24:00,49.58899212042808
2025-06-12 13:55:00,24.8
2025-06-12 08:47:00,49.58899212042808
2025-06-12 01:37:00,43.6
2025-06-12 09:08:00,7.0
2025-06-12 23:50:00,98.5
2025-06-12 19:56:00,98.4
2025-06-12 01:47:00,76.6
2025-06-12 13:12:00,39.6
2025-06-12 18:08:00,45.6
2025-06-12 11:06:00,38.5
2025-06-12 14:38:00,49.58899212042808
2025-06-12 22:50:00,9.3
2025-06-12 08:30:00,65.5
2025-06-12 01:53:00,49.58899212042808
2025-06-12 00:55:00,57.1
2025-06-12 23:33:00,71.5
2025-06-12 11:24:00,73.9
2025-06-12 15:09:00,85.2
2025-06-12 17:30:00,21.9
2025-06-12 01:23:00,35.9
2025-06-12 20:01:00,72.9
2025-06-12 07:33:00,15.5
2025-06-12 05:09:00,49.58899212042808
2025-06-12 06:52:00,11.4
2025-06-12 08:16:00,59.4
2025-06-12 16:35:00,49.58899212042808
2025-06-12 09:14:00,50.9
2025-06-12 23:09:00,47.7
2025-06-12 10:49:00,74.3
2025-06-12 09:33:00,31.8
2025-06-12 07:54:00,80.8
2025-06-12 08:39:00,34.1
2025-06-12 02:03:00,72.7
2025-06-12 18:33:00,70.1
2025-06-12 10:20:00,91.6
2025-06-12 10:27:00,86.6
2025-06-12 06:56:00,68.2
2025-06-12 11:33:00,40.8
2025-06-12 07:12:00,45.9
2025-06-12 05:28:00,52.8
2025-06-12 12:47:00,45.3
2025-06-12 01:39:00,96.5
2025-06-12 10:59:00,79.6
2025-06-12 20:45:00,19.2
2025-06-12 03:50:00,49.58899212042808
2025-06-12 14:37:00,44.3
2025-06-12 11:07:00,49.58899212042808
2025-06-12 01:55:00,99.3
2025-06-12 10:02:00,85.0
2025-06-12 07:19:00,81.1
2025-06-12 00:57:00,83.6
2025-06-12 10:46:00,53.9
2025-06-12 09:30:00,49.8
2025-06-12 15:32:00,83.5
2025-06-12 01:50:00,32.4
2025-06-12 11:35:00,20.6
2025-06-12 07:29:00,44.1
2025-06-12 22:47:00,97.8
2025-06-12 23:19:00,24.4
2025-06-12 09:02:00,42.5
2025-06-12 19:47:00,49.58899212042808
2025-06-12 17:11:00,49.58899212042808
2025-06-12 01:38:00,8.7
2025-06-12 02:09:00,3.9
2025-06-12 06:08:00,61.2
2025-06-12 08:53:00,49.58899212042808
2025-06-12 18:19:00,99.6
2025-06-12 16:55:00,25.2
2025-06-12 23:45:00,24.8
2025-06-12 17:33:00,20.4
2025-06-12 21:51:00,66.4
2025-06-12 23:38:00,49.58899212042808
2025-06-12 14:05:00,68.2
2025-06-12 20:05:00,49.58899212042808
2025-06-12 16:30:00,84.5
2025-06-12 16:03:00,32.6
2025-06-12 04:50:00,12.4
2025-06-12 08:09:00,26.4
2025-06-12 22:07:00,49.58899212042808
2025-06-12 04:42:00,30.2
2025-06-12 08:00:00,36.5
2025-06-12 09:22:00,99.7
2025-06-12 17:37:00,28.7
2025-06-12 21:58:00,68.8
2025-06-12 20:37:00,35.6
2025-06-12 21:07:00,66.9
2025-06-12 09:39:00,74.8
2025-06-12 18:32:00,86.5
2025-06-12 13:18:00,29.1
2025-06-12 06:42:00,89.9
2025-06-12 17:04:00,76.8
2025-06-12 01:15:00,16.2
2025-06-12 07:59:00,59.5
2025-06-12 08:20:00,21.5
2025-06-12 04:49:00,74.5
2025-06-12 09:44:00,34.4
2025-06-12 00:25:00,76.6
2025-06-12 01:24:00,49.58899212042808
2025-06-12 00:59:00,49.58899212042808
2025-06-12 18:05:00,1.1
2025-06-12 21:19:00,49.58899212042808
2025-06-12 18:26:00,73.1
2025-06-12 07:24:00,62.0
2025-06-12 14:15:00,18.4
2025-06-12 14:49:00,0.1
2025-06-12 04:06:00,71.7
2025-06-12 11:55:00,49.0
2025-06-12 16:17:00,84.5
2025-06-12 16:41:00,57.5
2025-06-12 06:19:00,43.6
2025-06-12 18:47:00,97.1
2025-06-12 14:43:00,28.9
2025-06-12 13:48:00,11.8
2025-06-12 16:13:00,78.6
2025-06-12 23:12:00,49.58899212042808
2025-06-12 23:55:00,48.9
2025-06-12 17:42:00,17.5
2025-06-12 19:38:00,75.4
2025-06-12 05:13:00,58.5
2025-06-12 19:03:00,95.1
2025-06-12 16:40:00,55.3
2025-06-12 21:42:00,46.2
2025-06-12 23:35:00,40.1
2025-06-12 19:43:00,35.2
2025-06-12 09:40:00,16.6
2025-06-12 17:47:00,51.6
2025-06-12 14:29:00,96.0
2025-06-12 22:36:00,49.58899212042808
2025-06-12 14:33:00,12.8
2025-06-12 10:04:00,79.5
2025-06-12 07:50:00,80.0
2025-06-12 12:07:00,93.2
2025-06-12 04:58:00,49.58899212042808
2025-06-12 22:03:00,28.6
2025-06-12 03:16:00,19.6
2025-06-12 23:08:00,83.8
2025-06-12 15:08:00,89.9
2025-06-12 16:20:00,57.5
2025-06-12 02:07:00,86.4
2025-06-12 20:39:00,71.8
2025-06-12 02:06:00,6.9
2025-06-12 13:21:00,62.8
2025-06-12 20:12:00,92.2
2025-06-12 17:05:00,37.2
2025-06-12 07:04:00,51.6
2025-06-12 18:20:00,13.0
2025-06-12 17:06:00,71.8
2025-06-12 02:57:00,58.7
2025-06-12 18:13:00,49.58899212042808
2025-06-12 08:55:00,97.3
2025-06-12 07:49:00,88.5
2025-06-12 12:33:00,75.6
2025-06-12 23:00:00,49.58899212042808
2025-06-12 17:51:00,37.0
2025-06-12 22:14:00,63.9
2025-06-12 21:35:00,11.1
2025-06-12 05:03:00,33.9
2025-06-12 17:15:00,22.1
2025-06-12 21:28:00,49.58899212042808
2025-06-12 14:22:00,68.8
2025-06-12 10:00:00,47.7
2025-06-12 13:37:00,93.9
2025-06-12 01:20:00,20.2
2025-06-12 22:41:00,92.4
2025-06-12 08:40:00,3.4
2025-06-12 05:53:00,27.6
2025-06-12 16:37:00,64.8
2025-06-12 11:49:00,96.7
2025-06-12 10:52:00,100.0
2025-06-12 03:37:00,49.58899212042808
2025-06-12 23:27:00,49.58899212042808
2025-06-12 03:07:00,35.2
2025-06-12 21:23:00,1.9
2025-06-12 16:51:00,7.0
2025-06-12 18:39:00,81.2
2025-06-12 23:51:00,9.3
2025-06-12 00:17:00,82.2
2025-06-12 14:40:00,19.0
2025-06-12 02:36:00,93.4
2025-06-12 07:42:00,49.58899212042808
2025-06-12 07:20:00,6.8
2025-06-12 19:08:00,22.9
2025-06-12 16:43:00,84.2
2025-06-12 17:08:00,3.2
2025-06-12 16:42:00,45.4
2025-06-12 07:41:00,23.6
2025-06-12 18:48:00,72.3
2025-06-12 06:39:00,52.8
2025-06-12 01:58:00,78.8
2025-06-12 18:53:00,30.3
2025-06-12 07:37:00,95.2
2025-06-12 17:50:00,49.58899212042808
2025-06-12 15:51:00,25.8
2025-06-12 04:32:00,41.7
2025-06-12 03:19:00,48.1
2025-06-12 23:53:00,56.1
2025-06-12 07:56:00,98.8
2025-06-12 06:02:00,25.8
2025-06-12 21:26:00,55.5
2025-06-12 15:07:00,49.58899212042808
2025-06-12 02:41:00,53.1
2025-06-12 12:34:00,49.58899212042808
2025-06-12 00:28:00,40.6
2025-06-12 13:01:00,16.9
2025-06-12 12:05:00,49.58899212042808
2025-06-12 01:51:00,97.5
2025-06-12 04:51:00,35.8
2025-06-12 15:19:00,70.6
2025-06-12 01:30:00,49.58899212042808
2025-06-12 05:10:00,60.8
2025-06-12 19:10:00,12.0
2025-06-12 00:29:00,95.7
2025-06-12 05:57:00,46.5
2025-06-12 23:11:00,7.3
2025-06-12 21:37:00,61.8
2025-06-12 23:04:00,15.9
2025-06-12 17:02:00,41.9
2025-06-12 19:54:00,67.6
2025-06-12 00:31:00,89.9
2025-06-12 19:11:00,49.58899212042808
2025-06-12 04:04:00,97.8
2025-06-12 18:04:00,83.1
2025-06-12 03:05:00,49.58899212042808
2025-06-12 03:22:00,70.7
2025-06-12 03:46:00,32.5
2025-06-12 04:33:00,96.3
2025-06-12 01:21:00,23.1
2025-06-12 11:15:00,43.0
2025-06-12 01:28:00,23.5
2025-06-12 21:36:00,49.58899212042808
2025-06-12 20:50:00,65.8
2025-06-12 02:21:00,73.2
2025-06-12 02:25:00,85.9
2025-06-12 02:42:00,73.9
2025-06-12 19:53:00,97.3
2025-06-12 02:08:00,4.0
2025-06-12 23:25:00,49.2
2025-06-12 21:53:00,20.2
2025-06-12 02:23:00,21.7
2025-06-12 22:05:00,65.5
2025-06-12 20:27:00,16.3
2025-06-12 08:35:00,26.7
2025-06-12 13:00:00,89.8
2025-06-12 06:41:00,11.1
2025-06-12 11:31:00,33.7
2025-06-12 10:41:00,92.7
2025-06-12 22:51:00,49.1
2025-06-12 00:10:00,86.9
2025-06-12 13:22:00,66.0
2025-06-12 03:38:00,49.58899212042808
2025-06-12 20:42:00,49.58899212042808
2025-06-12 00:14:00,26.7
2025-06-12 04:16:00,79.3
2025-06-12 19:20:00,67.8
2025-06-12 13:31:00,79.9
2025-06-12 21:15:00,74.1
2025-06-12 19:39:00,38.7
2025-06-12 10:47:00,49.58899212042808
2025-06-12 01:11:00,60.7
2025-06-12 05:56:00,81.7
2025-06-12 04:26:00,69.3
2025-06-12 11:26:00,32.2
2025-06-12 06:27:00,47.8
2025-06-12 22:42:00,25.1
2025-06-12 12:46:00,26.2
2025-06-12 22:24:00,23.3
2025-06-12 21:01:00,47.7
2025-06-12 13:39:00,15.8
2025-06-12 20:33:00,14.5
2025-06-12 06:49:00,59.2
2025-06-12 00:41:00,7.1
2025-06-12 23:34:00,92.0
2025-06-12 00:39:00,58.1
2025-06-12 21:52:00,89.0
2025-06-12 00:12:00,67.3
2025-06-12 17:40:00,66.2
2025-06-12 21:40:00,37.9
2025-06-12 19:02:00,93.4
2025-06-12 08:28:00,90.6
2025-06-12 01:07:00,42.4
2025-06-12 08:06:00,86.4
2025-06-12 08:44:00,56.0
2025-06-12 11:42:00,70.3
2025-06-12 06:06:00,83.3
2025-06-12 00:34:00,54.6
2025-06-12 06:05:00,87.9
2025-06-12 02:16:00,20.6
2025-06-12 03:29:00,91.8
2025-06-12 05:58:00,49.58899212042808
2025-06-12 19:36:00,24.2
2025-06-12 23:56:00,56.7
2025-06-12 10:21:00,24.5
2025-06-12 07:08:00,0.2
2025-06-12 19:50:00,61.0
2025-06-12 03:02:00,21.2
2025-06-12 07:05:00,58.2
2025-06-12 20:58:00,88.1
2025-06-12 05:05:00,12.3
2025-06-12 09:49:00,50.2977004785806
2025-06-12 15:19:00,60.3
2025-06-12 14:30:00,71.4
2025-06-12 00:44:00,37.2
2025-06-12 21:24:00,37.9
2025-06-12 01:49:00,24.3
2025-06-12 23:46:00,60.7
2025-06-12 12:56:00,81.2
2025-06-12 21:52:00,65.8
2025-06-12 18:40:00,41.7
2025-06-12 05:08:00,37.0
2025-06-12 08:39:00,89.5
2025-06-12 02:27:00,97.8
2025-06-12 08:45:00,50.2977004785806
2025-06-12 10:38:00,20.6
2025-06-12 00:29:00,60.8
2025-06-12 10:57:00,17.7
2025-06-12 10:14:00,55.6
2025-06-12 23:44:00,80.5
2025-06-12 14:59:00,64.8
2025-06-12 22:53:00,45.3
2025-06-12 14:22:00,34.5
2025-06-12 19:23:00,60.2
2025-06-12 15:24:00,17.9
2025-06-12 05:00:00,22.8
2025-06-12 21:08:00,33.8
2025-06-12 11:15:00,75.4
2025-06-12 22:48:00,50.2977004785806
2025-06-12 09:56:00,50.2977004785806
2025-06-12 00:18:00,94.5
2025-06-12 22:17:00,68.7
2025-06-12 06:22:00,17.0
2025-06-12 21:55:00,61.4
2025-06-12 12:36:00,56.8
2025-06-12 18:51:00,50.2977004785806
2025-06-12 21:54:00,50.2977004785806
2025-06-12 23:49:00,28.2
2025-06-12 18:06:00,64.0
2025-06-12 22:46:00,55.5
2025-06-12 16:14:00,50.2977004785806
2025-06-12 05:20:00,77.9
2025-06-12 12:48:00,62.6
2025-06-12 03:07:00,10.8
2025-06-12 09:10:00,57.0
2025-06-12 13:07:00,72.6
2025-06-12 02:04:00,31.9
2025-06-12 09:44:00,66.7
2025-06-12 09:42:00,80.1
2025-06-12 16:13:00,50.2977004785806
2025-06-12 19:49:00,35.2
2025-06-12 21:06:00,30.3
2025-06-12 08:43:00,20.4
2025-06-12 05:10:00,41.0
2025-06-12 05:09:00,46.6
2025-06-12 14:51:00,1.5
2025-06-12 14:09:00,32.1
2025-06-12 18:00:00,92.7
2025-06-12 20:05:00,18.7
2025-06-12 20:09:00,26.0
2025-06-12 08:13:00,49.8
2025-06-12 12:34:00,92.7
2025-06-12 23:10:00,50.2977004785806
2025-06-12 02:43:00,32.6
2025-06-12 01:19:00,74.6
2025-06-12 06:55:00,51.9
2025-06-12 08:35:00,99.8
2025-06-12 01:46:00,80.6
2025-06-12 03:37:00,65.8
2025-06-12 06:18:00,35.0
2025-06-12 19:31:00,2.6
2025-06-12 10:15:00,88.6
2025-06-12 12:17:00,50.3
2025-06-12 19:41:00,71.4
2025-06-12 13:09:00,11.7
2025-06-12 02:44:00,20.4
2025-06-12 21:16:00,98.7
2025-06-12 17:04:00,10.7
2025-06-12 07:14:00,71.1
2025-06-12 09:40:00,50.2977004785806
2025-06-12 14:10:00,64.3
2025-06-12 17:53:00,50.2977004785806
2025-06-12 19:30:00,39.9
2025-06-12 20:02:00,92.7
2025-06-12 03:09:00,21.3
2025-06-12 01:05:00,94.6
2025-06-12 02:48:00,66.6
2025-06-12 18:32:00,38.6
2025-06-12 13:12:00,50.9
2025-06-12 06:59:00,1.1
2025-06-12 16:41:00,19.1
2025-06-12 14:17:00,65.3
2025-06-12 09:07:00,50.2977004785806
2025-06-12 10:46:00,38.0
2025-06-12 00:55:00,85.1
2025-06-12 20:44:00,1.8
2025-06-12 09:33:00,18.5
2025-06-12 09:54:00,61.9
2025-06-12 00:00:00,50.2977004785806
2025-06-12 12:35:00,77.8
2025-06-12 04:58:00,97.0
2025-06-12 12:06:00,69.1
2025-06-12 12:54:00,50.2977004785806
2025-06-12 03:46:00,60.9
2025-06-12 11:57:00,99.1
2025-06-12 10:20:00,35.1
2025-06-12 18:14:00,2.1
2025-06-12 03:16:00,11.8
2025-06-12 03:28:00,66.5
2025-06-12 07:26:00,2.7
2025-06-12 02:58:00,73.0
2025-06-12 08:12:00,29.4
2025-06-12 16:34:00,82.3
2025-06-12 11:01:00,50.2977004785806
2025-06-12 18:49:00,93.3
2025-06-12 03:36:00,29.8
2025-06-12 03:13:00,62.7
2025-06-12 06:20:00,50.2977004785806
2025-06-12 02:22:00,13.6
2025-06-12 06:23:00,64.7
2025-06-12 14:41:00,93.8
2025-06-12 01:29:00,10.5
2025-06-12 21:09:00,11.9
2025-06-12 11:05:00,73.9
2025-06-12 19:06:00,27.2
2025-06-12 23:03:00,9.9
2025-06-12 17:00:00,43.2
2025-06-12 04:30:00,0.4
2025-06-12 22:12:00,40.1
2025-06-12 00:42:00,28.9
2025-06-12 07:42:00,37.2
2025-06-12 18:57:00,47.5
2025-06-12 00:51:00,50.2977004785806
2025-06-12 06:57:00,16.9
2025-06-12 12:52:00,51.7
2025-06-12 00:20:00,73.5
2025-06-12 06:53:00,89.0
2025-06-12 06:40:00,62.7
2025-06-12 23:14:00,98.2
2025-06-12 15:12:00,82.6
2025-06-12 17:01:00,25.6
2025-06-12 21:58:00,10.2
2025-06-12 12:02:00,98.5
2025-06-12 16:31:00,34.5
2025-06-12 02:36:00,70.3
2025-06-12 19:48:00,70.9
2025-06-12 04:41:00,32.0
2025-06-12 03:03:00,90.8
2025-06-12 17:33:00,14.5
2025-06-12 16:39:00,98.2
2025-06-12 02:05:00,19.6
2025-06-12 01:22:00,68.6
2025-06-12 13:05:00,11.4
2025-06-12 09:09:00,36.6
2025-06-12 19:22:00,11.8
2025-06-12 20:34:00,61.4
2025-06-12 11:18:00,61.8
2025-06-12 16:47:00,35.2
2025-06-12 10:07:00,90.4
2025-06-12 13:42:00,99.7
2025-06-12 16:04:00,3.8
2025-06-12 06:10:00,95.0
2025-06-12 15:11:00,96.1
2025-06-12 21:10:00,50.2977004785806
2025-06-12 15:02:00,65.0
2025-06-12 09:22:00,9.7
2025-06-12 23:39:00,50.2977004785806
2025-06-12 03:32:00,50.2977004785806
2025-06-12 23:57:00,91.6
2025-06-12 10:06:00,79.8
2025-06-12 04:50:00,65.9
2025-06-12 00:49:00,58.6
2025-06-12 22:02:00,98.2
2025-06-12 15:47:00,92.5
2025-06-12 00:19:00,13.2
2025-06-12 09:00:00,68.7
2025-06-12 01:54:00,54.2
2025-06-12 09:32:00,50.2977004785806
2025-06-12 22:07:00,50.2977004785806
2025-06-12 23:28:00,7.4
2025-06-12 22:41:00,78.2
2025-06-12 14:52:00,84.0
2025-06-12 03:04:00,37.7
2025-06-12 18:21:00,93.6
2025-06-12 13:44:00,16.3
2025-06-12 21:15:00,5.0
2025-06-12 14:11:00,21.0
2025-06-12 23:22:00,30.1
2025-06-12 17:24:00,4.9
2025-06-12 08:16:00,72.6
2025-06-12 04:22:00,50.2977004785806
2025-06-12 21:50:00,59.0
2025-06-12 12:28:00,61.4
2025-06-12 06:45:00,50.2977004785806
2025-06-12 15:21:00,58.8
2025-06-12 11:47:00,50.2977004785806
2025-06-12 17:22:00,82.4
2025-06-12 17:36:00,57.6
2025-06-12 03:14:00,48.4
2025-06-12 20:15:00,23.8
2025-06-12 00:40:00,47.2
2025-06-12 01:12:00,95.2
2025-06-12 15:22:00,65.8
2025-06-12 16:54:00,94.8
2025-06-12 00:13:00,14.4
2025-06-12 10:51:00,11.1
2025-06-12 22:20:00,96.1
2025-06-12 05:19:00,36.6
2025-06-12 13:27:00,30.3
2025-06-12 13:21:00,50.2977004785806
2025-06-12 03:43:00,50.2977004785806
2025-06-12 06:11:00,91.2
2025-06-12 19:19:00,6.0
2025-06-12 16:23:00,26.6
2025-06-12 08:10:00,40.1
2025-06-12 00:04:00,28.5
2025-06-12 07:04:00,45.3
2025-06-12 01:47:00,73.1
2025-06-12 08:05:00,50.2977004785806
2025-06-12 08:06:00,50.2977004785806
2025-06-12 07:20:00,97.8
2025-06-12 16:46:00,14.8
2025-06-12 15:48:00,73.8
2025-06-12 02:32:00,75.4
2025-06-12 01:25:00,8.1
2025-06-12 06:33:00,0.6
2025-06-12 06:08:00,69.5
2025-06-12 07:51:00,2.7
2025-06-12 23:24:00,98.4
2025-06-12 16:01:00,50.2977004785806
2025-06-12 04:21:00,82.1
2025-06-12 20:43:00,76.2
2025-06-12 12:41:00,6.3
2025-06-12 09:38:00,12.9
2025-06-12 00:59:00,12.5
2025-06-12 17:15:00,50.2977004785806
2025-06-12 00:35:00,73.4
2025-06-12 12:26:00,52.8
2025-06-12 21:37:00,50.2977004785806
2025-06-12 06:35:00,50.2977004785806
2025-06-12 19:58:00,40.1
2025-06-12 11:20:00,22.1
2025-06-12 21:19:00,58.6
2025-06-12 09:03:00,94.8
2025-06-12 01:59:00,30.6
2025-06-12 13:16:00,50.2977004785806
2025-06-12 18:48:00,28.9
2025-06-12 17:21:00,83.5
2025-06-12 00:33:00,97.6
2025-06-12 06:19:00,32.9
2025-06-12 23:55:00,15.2
2025-06-12 15:15:00,75.8
2025-06-12 12:05:00,60.7
2025-06-12 02:38:00,14.5
2025-06-12 21:39:00,50.2977004785806
2025-06-12 12:16:00,8.7
2025-06-12 21:04:00,69.4
2025-06-12 13:15:00,79.3
2025-06-12 22:28:00,43.3
2025-06-12 04:12:00,39.0
2025-06-12 16:37:00,92.4
2025-06-12 20:56:00,98.2
2025-06-12 23:32:00,50.2977004785806
2025-06-12 20:37:00,94.3
2025-06-12 02:35:00,2.2
2025-06-12 07:15:00,80.1
2025-06-12 03:38:00,75.4
2025-06-12 00:57:00,51.2
2025-06-12 19:57:00,14.5
2025-06-12 11:03:00,55.7
2025-06-12 18:44:00,81.5
2025-06-12 00:53:00,25.9
2025-06-12 13:06:00,74.6
2025-06-12 11:30:00,5.0
2025-06-12 07:31:00,17.7
2025-06-12 00:28:00,3.1
2025-06-12 20:40:00,76.5
2025-06-12 21:26:00,50.2977004785806
2025-06-12 11:25:00,28.7
2025-06-12 07:19:00,50.2977004785806
2025-06-12 14:16:00,43.3
2025-06-12 21:46:00,8.8
2025-06-12 02:07:00,28.1
2025-06-12 02:19:00,16.4
2025-06-12 07:00:00,50.2977004785806
2025-06-12 17:08:00,24.2
2025-06-12 17:40:00,8.9
2025-06-12 22:30:00,13.1
2025-06-12 08:24:00,60.1
2025-06-12 08:46:00,22.0
2025-06-12 13:08:00,50.2977004785806
2025-06-12 18:24:00,48.0
2025-06-12 07:23:00,50.2977004785806
2025-06-12 02:26:00,18.3
2025-06-12 13:23:00,32.8
2025-06-12 09:30:00,46.7
2025-06-12 10:22:00,92.7
2025-06-12 03:57:00,50.2977004785806
2025-06-12 01:04:00,49.82536769031651
2025-06-12 08:03:00,86.6
2025-06-12 21:08:00,9.3
2025-06-12 10:01:00,89.9
2025-06-12 20:53:00,2.3
2025-06-12 18:15:00,51.9
2025-06-12 05:11:00,54.0
2025-06-12 18:18:00,50.1
2025-06-12 12:01:00,59.9
2025-06-12 14:50:00,60.9
2025-06-12 08:19:00,70.1
2025-06-12 09:58:00,49.82536769031651
2025-06-12 01:46:00,58.9
2025-06-12 02:01:00,87.5
2025-06-12 01:59:00,33.7
2025-06-12 01:09:00,98.8
2025-06-12 23:35:00,49.82536769031651
2025-06-12 21:53:00,43.0
2025-06-12 02:39:00,34.7
2025-06-12 13:13:00,77.7
2025-06-12 18:52:00,47.0
2025-06-12 16:39:00,49.82536769031651
2025-06-12 18:51:00,78.7
2025-06-12 12:11:00,40.4
2025-06-12 09:55:00,62.2
2025-06-12 13:19:00,44.2
2025-06-12 07:51:00,86.9
2025-06-12 19:32:00,41.1
2025-06-12 10:59:00,49.82536769031651
2025-06-12 08:21:00,62.2
2025-06-12 05:01:00,92.3
2025-06-12 03:50:00,0.8
2025-06-12 07:53:00,66.3
2025-06-12 11:08:00,87.4
2025-06-12 07:02:00,18.9
2025-06-12 03:25:00,49.82536769031651
2025-06-12 23:22:00,74.3
2025-06-12 19:00:00,13.8
2025-06-12 06:07:00,40.1
2025-06-12 12:40:00,72.8
2025-06-12 18:50:00,47.2
2025-06-12 04:30:00,8.2
2025-06-12 06:03:00,83.3
2025-06-12 02:19:00,49.82536769031651
2025-06-12 10:13:00,12.8
2025-06-12 18:34:00,55.9
2025-06-12 15:01:00,49.82536769031651
2025-06-12 02:05:00,34.6
2025-06-12 18:20:00,52.2
2025-06-12 21:39:00,64.6
2025-06-12 20:39:00,25.3
2025-06-12 21:12:00,44.3
2025-06-12 08:53:00,98.9
2025-06-12 18:43:00,81.4
2025-06-12 15:21:00,44.3
2025-06-12 05:39:00,93.5
2025-06-12 14:13:00,7.3
2025-06-12 15:17:00,88.7
2025-06-12 07:18:00,14.8
2025-06-12 20:27:00,26.1
2025-06-12 12:02:00,5.1
2025-06-12 08:34:00,88.8
2025-06-12 01:37:00,49.82536769031651
2025-06-12 21:42:00,49.82536769031651
2025-06-12 10:09:00,1.8
2025-06-12 23:02:00,77.6
2025-06-12 00:38:00,7.4
2025-06-12 23:04:00,15.8
2025-06-12 08:20:00,70.7
2025-06-12 09:53:00,58.7
2025-06-12 12:39:00,89.3
2025-06-12 14:07:00,82.9
2025-06-12 13:08:00,17.0
2025-06-12 09:03:00,62.1
2025-06-12 14:25:00,82.8
2025-06-12 07:30:00,54.8
2025-06-12 05:19:00,47.2
2025-06-12 22:34:00,11.6
2025-06-12 01:12:00,49.82536769031651
2025-06-12 03:17:00,81.2
2025-06-12 23:56:00,40.2
2025-06-12 08:51:00,34.2
2025-06-12 19:22:00,55.0
2025-06-12 00:10:00,3.5
2025-06-12 17:42:00,19.8
2025-06-12 09:48:00,78.8
2025-06-12 05:36:00,37.3
2025-06-12 05:46:00,52.1
2025-06-12 22:57:00,96.0
2025-06-12 15:56:00,90.6
2025-06-12 02:13:00,21.1
2025-06-12 01:18:00,83.8
2025-06-12 21:54:00,64.3
2025-06-12 09:15:00,72.5
2025-06-12 05:47:00,86.2
2025-06-12 16:24:00,12.0
2025-06-12 20:16:00,49.82536769031651
2025-06-12 23:16:00,21.4
2025-06-12 14:01:00,38.5
2025-06-12 08:35:00,7.3
2025-06-12 01:10:00,91.6
2025-06-12 12:29:00,2.5
2025-06-12 00:44:00,8.4
2025-06-12 04:28:00,68.4
2025-06-12 01:50:00,53.0
2025-06-12 07:22:00,49.82536769031651
2025-06-12 19:31:00,36.8
2025-06-12 18:59:00,49.82536769031651
2025-06-12 16:31:00,49.82536769031651
2025-06-12 16:32:00,30.5
2025-06-12 08:18:00,89.1
2025-06-12 11:19:00,47.8
2025-06-12 23:28:00,76.6
2025-06-12 05:57:00,1.5
2025-06-12 20:08:00,49.82536769031651
2025-06-12 21:55:00,4.0
2025-06-12 00:01:00,35.4
2025-06-12 00:24:00,65.9
2025-06-12 13:49:00,49.82536769031651
2025-06-12 08:44:00,16.5
2025-06-12 20:44:00,49.82536769031651
2025-06-12 10:23:00,77.0
2025-06-12 09:16:00,67.1
2025-06-12 00:18:00,51.9
2025-06-12 15:16:00,22.9
2025-06-12 18:57:00,13.4
2025-06-12 22:55:00,38.1
2025-06-12 09:13:00,97.3
2025-06-12 07:41:00,92.9
2025-06-12 01:35:00,61.6
2025-06-12 16:55:00,49.82536769031651
2025-06-12 16:04:00,42.2
2025-06-12 14:48:00,4.5
2025-06-12 08:40:00,65.0
2025-06-12 22:16:00,67.6
2025-06-12 01:49:00,49.82536769031651
2025-06-12 09:46:00,2.8
2025-06-12 06:44:00,96.8
2025-06-12 03:41:00,30.4
2025-06-12 22:41:00,76.6
2025-06-12 13:46:00,92.4
2025-06-12 03:43:00,21.6
2025-06-12 22:26:00,65.4
2025-06-12 23:26:00,6.8
2025-06-12 17:16:00,49.82536769031651
2025-06-12 12:42:00,15.6
2025-06-12 19:29:00,68.9
2025-06-12 06:55:00,49.82536769031651
2025-06-12 19:25:00,68.4
2025-06-12 02:36:00,0.8
2025-06-12 05:31:00,11.5
2025-06-12 02:34:00,70.7
2025-06-12 11:26:00,60.9
2025-06-12 19:13:00,49.82536769031651
2025-06-12 04:20:00,49.82536769031651
2025-06-12 18:48:00,8.7
2025-06-12 20:07:00,59.1
2025-06-12 06:26:00,44.5
2025-06-12 16:23:00,92.8
2025-06-12 17:43:00,49.82536769031651
2025-06-12 17:17:00,31.0
2025-06-12 19:10:00,49.82536769031651
2025-06-12 23:53:00,49.82536769031651
2025-06-12 07:43:00,90.3
2025-06-12 14:57:00,98.9
2025-06-12 07:34:00,75.8
2025-06-12 08:50:00,37.6
2025-06-12 08:05:00,23.6
2025-06-12 20:12:00,75.9
2025-06-12 20:09:00,49.82536769031651
2025-06-12 15:08:00,82.6
2025-06-12 16:12:00,32.9
2025-06-12 15:12:00,37.3
2025-06-12 20:10:00,61.5
2025-06-12 19:35:00,27.4
2025-06-12 13:16:00,12.1
2025-06-12 04:00:00,40.7
2025-06-12 18:33:00,6.3
2025-06-12 06:19:00,89.3
2025-06-12 07:36:00,93.7
2025-06-12 11:48:00,49.82536769031651
2025-06-12 17:31:00,99.9
2025-06-12 22:49:00,49.82536769031651
2025-06-12 08:48:00,4.3
2025-06-12 03:57:00,75.0
2025-06-12 00:16:00,21.7
2025-06-12 09:04:00,49.82536769031651
2025-06-12 01:15:00,72.5
2025-06-12 08:27:00,96.1
2025-06-12 06:40:00,73.1
2025-06-12 14:19:00,20.4
2025-06-12 05:51:00,82.0
2025-06-12 03:21:00,44.2
2025-06-12 20:20:00,48.7
2025-06-12 06:12:00,55.4
2025-06-12 06:51:00,82.6
2025-06-12 18:38:00,18.6
2025-06-12 14:15:00,49.82536769031651
2025-06-12 21:38:00,23.6
2025-06-12 16:18:00,56.3
2025-06-12 13:41:00,95.7
2025-06-12 07:21:00,7.2
2025-06-12 22:09:00,79.5
2025-06-12 11:23:00,74.0
2025-06-12 08:33:00,52.3
2025-06-12 19:38:00,54.5
2025-06-12 02:54:00,4.0
2025-06-12 19:21:00,74.5
2025-06-12 02:08:00,46.5
2025-06-12 10:35:00,14.2
2025-06-12 12:00:00,96.4
2025-06-12 03:18:00,29.5
2025-06-12 04:38:00,40.9
2025-06-12 15:51:00,93.3
2025-06-12 00:09:00,96.1
2025-06-12 17:32:00,65.6
2025-06-12 18:46:00,74.3
2025-06-12 00:03:00,35.7
2025-06-12 16:33:00,49.0
2025-06-12 05:14:00,77.2
2025-06-12 14:23:00,84.2
2025-06-12 11:49:00,73.3
2025-06-12 11:45:00,3.5
2025-06-12 17:05:00,89.3
2025-06-12 01:26:00,50.9
2025-06-12 16:28:00,7.7
2025-06-12 13:47:00,45.7
2025-06-12 12:35:00,19.2
2025-06-12 08:41:00,19.6
2025-06-12 22:32:00,49.82536769031651
2025-06-12 15:59:00,49.82536769031651
2025-06-12 11:07:00,5.8
2025-06-12 07:55:00,39.3
2025-06-12 17:56:00,37.7
2025-06-12 00:55:00,75.8
2025-06-12 10:29:00,71.9
2025-06-12 12:44:00,49.3
2025-06-12 22:06:00,95.4
2025-06-12 12:08:00,27.3
2025-06-12 03:38:00,58.4
2025-06-12 18:08:00,24.0
2025-06-12 11:28:00,18.4
2025-06-12 17:20:00,61.3
2025-06-12 09:28:00,49.82536769031651
2025-06-12 11:58:00,76.0
2025-06-12 15:54:00,45.4
2025-06-12 03:19:00,49.82536769031651
2025-06-12 11:22:00,85.0
2025-06-12 09:25:00,32.5
2025-06-12 08:54:00,62.0
2025-06-12 03:26:00,59.5
2025-06-12 10:25:00,76.4
2025-06-12 08:28:00,93.9
2025-06-12 14:43:00,32.4
2025-06-12 01:19:00,48.7
2025-06-12 19:47:00,34.2
2025-06-12 17:06:00,82.8
2025-06-12 04:02:00,49.82536769031651
2025-06-12 07:56:00,6.3
2025-06-12 11:54:00,32.6
2025-06-12 22:19:00,26.7
2025-06-12 08:36:00,27.2
2025-06-12 12:47:00,38.2
2025-06-12 13:22:00,81.9
2025-06-12 21:17:00,93.8
2025-06-12 16:08:00,92.7
2025-06-12 12:45:00,97.3
2025-06-12 10:45:00,75.8
2025-06-12 10:07:00,75.5
2025-06-12 14:31:00,25.0
2025-06-12 14:32:00,73.7
2025-06-12 07:15:00,90.3
2025-06-12 20:41:00,84.1
2025-06-12 05:55:00,36.1
2025-06-12 05:58:00,6.3
2025-06-12 10:14:00,98.1
2025-06-12 17:21:00,34.3
2025-06-12 12:24:00,8.0
2025-06-12 06:15:00,86.5
2025-06-12 17:23:00,67.8
2025-06-12 23:31:00,20.8
2025-06-12 02:30:00,25.9
2025-06-12 04:35:00,71.6
2025-06-12 04:51:00,59.9
2025-06-12 18:21:00,67.1
2025-06-12 11:01:00,77.0
2025-06-12 14:12:00,59.5
2025-06-12 23:34:00,49.82536769031651
2025-06-12 00:13:00,49.82536769031651
2025-06-12 23:38:00,94.0
2025-06-12 10:42:00,43.1
2025-06-12 23:50:00,50.7
2025-06-12 04:21:00,17.5
2025-06-12 18:41:00,98.2
2025-06-12 16:45:00,45.5
2025-06-12 03:10:00,49.82536769031651
2025-06-12 12:05:00,17.2
2025-06-12 00:46:00,35.4
2025-06-12 09:24:00,7.7
2025-06-12 23:29:00,50.10362276498773
2025-06-12 18:34:00,72.7
2025-06-12 06:39:00,60.8
2025-06-12 05:37:00,88.7
2025-06-12 13:07:00,69.3
2025-06-12 21:45:00,70.4
2025-06-12 13:32:00,81.6
2025-06-12 02:58:00,89.3
2025-06-12 01:44:00,96.6
2025-06-12 20:50:00,50.10362276498773
2025-06-12 02:30:00,7.1
2025-06-12 13:05:00,22.4
2025-06-12 14:45:00,72.6
2025-06-12 21:46:00,14.7
2025-06-12 22:33:00,81.2
2025-06-12 11:31:00,50.6
2025-06-12 00:15:00,55.6
2025-06-12 11:48:00,92.2
2025-06-12 17:35:00,50.10362276498773
2025-06-12 09:33:00,50.10362276498773
2025-06-12 07:12:00,43.1
2025-06-12 07:58:00,87.0
2025-06-12 14:51:00,82.8
2025-06-12 05:52:00,58.9
2025-06-12 06:32:00,77.1
2025-06-12 00:59:00,72.5
2025-06-12 18:17:00,4.9
2025-06-12 21:20:00,99.4
2025-06-12 19:43:00,15.8
2025-06-12 03:20:00,81.0
2025-06-12 20:35:00,23.1
2025-06-12 17:17:00,31.7
2025-06-12 09:29:00,13.8
2025-06-12 17:16:00,10.4
2025-06-12 21:47:00,50.10362276498773
2025-06-12 08:45:00,50.10362276498773
2025-06-12 10:04:00,15.0
2025-06-12 16:18:00,85.8
2025-06-12 09:45:00,92.4
2025-06-12 04:07:00,46.1
2025-06-12 07:29:00,54.2
2025-06-12 12:45:00,51.7
2025-06-12 08:10:00,50.10362276498773
2025-06-12 17:02:00,78.3
2025-06-12 12:46:00,84.4
2025-06-12 18:56:00,58.6
2025-06-12 22:31:00,27.1
2025-06-12 10:48:00,6.5
2025-06-12 05:35:00,26.1
2025-06-12 14:02:00,94.6
2025-06-12 12:35:00,50.10362276498773
2025-06-12 01:24:00,29.1
2025-06-12 04:52:00,50.10362276498773
2025-06-12 19:16:00,48.9
2025-06-12 04:48:00,9.0
2025-06-12 15:56:00,93.7
2025-06-12 04:35:00,50.10362276498773
2025-06-12 11:55:00,0.7
2025-06-12 20:06:00,44.2
2025-06-12 04:01:00,50.10362276498773
2025-06-12 05:58:00,77.2
2025-06-12 22:05:00,4.3
2025-06-12 11:04:00,50.10362276498773
2025-06-12 08:17:00,4.4
2025-06-12 14:37:00,50.10362276498773
2025-06-12 11:02:00,69.9
2025-06-12 08:09:00,23.9
2025-06-12 06:48:00,50.10362276498773
2025-06-12 05:13:00,68.0
2025-06-12 07:01:00,42.7
2025-06-12 08:23:00,50.10362276498773
2025-06-12 13:42:00,43.7
2025-06-12 23:23:00,6.4
2025-06-12 19:03:00,50.10362276498773
2025-06-12 18:30:00,51.9
2025-06-12 06:02:00,24.1
2025-06-12 02:42:00,43.7
2025-06-12 06:45:00,39.1
2025-06-12 18:10:00,9.7
2025-06-12 01:13:00,81.7
2025-06-12 02:15:00,51.8
2025-06-12 14:46:00,94.2
2025-06-12 09:58:00,33.6
2025-06-12 09:00:00,51.4
2025-06-12 20:18:00,4.3
2025-06-12 17:34:00,21.0
2025-06-12 14:12:00,57.5
2025-06-12 14:11:00,29.9
2025-06-12 07:40:00,51.1
2025-06-12 05:45:00,46.6
2025-06-12 12:06:00,37.1
2025-06-12 00:29:00,65.1
2025-06-12 09:27:00,85.9
2025-06-12 22:09:00,97.2
2025-06-12 14:07:00,50.10362276498773
2025-06-12 23:04:00,1.6
2025-06-12 08:43:00,77.9
2025-06-12 04:26:00,25.2
2025-06-12 19:08:00,50.10362276498773
2025-06-12 11:25:00,9.2
2025-06-12 12:22:00,36.8
2025-06-12 19:02:00,10.2
2025-06-12 10:22:00,5.4
2025-06-12 14:44:00,3.7
2025-06-12 00:33:00,70.2
2025-06-12 15:06:00,30.9
2025-06-12 06:15:00,32.8
2025-06-12 08:27:00,74.4
2025-06-12 07:24:00,85.0
2025-06-12 14:13:00,50.10362276498773
2025-06-12 21:58:00,66.2
2025-06-12 03:28:00,70.8
2025-06-12 21:35:00,71.4
2025-06-12 12:16:00,2.3
2025-06-12 18:52:00,10.8
2025-06-12 20:19:00,89.3
2025-06-12 14:58:00,88.5
2025-06-12 06:29:00,35.4
2025-06-12 01:53:00,95.9
2025-06-12 21:41:00,32.5
2025-06-12 02:41:00,50.10362276498773
2025-06-12 02:54:00,26.2
2025-06-12 23:34:00,52.6
2025-06-12 16:16:00,88.6
2025-06-12 05:34:00,2.4
2025-06-12 21:57:00,81.2
2025-06-12 03:42:00,50.10362276498773
2025-06-12 11:44:00,42.0
2025-06-12 21:26:00,17.0
2025-06-12 07:14:00,50.10362276498773
2025-06-12 16:35:00,50.10362276498773
2025-06-12 15:35:00,57.9
2025-06-12 22:01:00,13.9
2025-06-12 09:59:00,4.5
2025-06-12 11:01:00,75.7
2025-06-12 02:59:00,88.9
2025-06-12 09:22:00,50.10362276498773
2025-06-12 07:23:00,50.10362276498773
2025-06-12 15:45:00,96.7
2025-06-12 10:20:00,83.3
2025-06-12 05:50:00,7.5
2025-06-12 16:11:00,98.8
2025-06-12 01:52:00,72.8
2025-06-12 07:56:00,38.9
2025-06-12 15:24:00,49.1
2025-06-12 07:54:00,50.10362276498773
2025-06-12 21:30:00,50.10362276498773
2025-06-12 07:37:00,36.7
2025-06-12 10:53:00,45.9
2025-06-12 15:23:00,16.7
2025-06-12 14:34:00,56.6
2025-06-12 09:31:00,38.1
2025-06-12 04:02:00,50.3
2025-06-12 00:31:00,50.10362276498773
2025-06-12 22:39:00,17.2
2025-06-12 00:52:00,57.3
2025-06-12 11:57:00,6.8
2025-06-12 19:20:00,74.3
2025-06-12 10:52:00,50.10362276498773
2025-06-12 18:16:00,50.10362276498773
2025-06-12 19:07:00,50.10362276498773
2025-06-12 23:53:00,34.9
2025-06-12 03:38:00,31.2
2025-06-12 17:40:00,81.7
2025-06-12 17:54:00,43.4
2025-06-12 22:30:00,5.3
2025-06-12 19:28:00,62.3
2025-06-12 08:05:00,96.1
2025-06-12 11:29:00,16.4
2025-06-12 10:44:00,78.0
2025-06-12 04:13:00,50.10362276498773
2025-06-12 19:52:00,16.5
2025-06-12 17:46:00,49.0
2025-06-12 19:21:00,9.9
2025-06-12 20:15:00,49.7
2025-06-12 19:05:00,43.9
2025-06-12 19:15:00,51.9
2025-06-12 06:51:00,50.10362276498773
2025-06-12 04:38:00,50.10362276498773
2025-06-12 02:26:00,2.9
2025-06-12 01:35:00,44.6
2025-06-12 03:09:00,3.1
2025-06-12 17:25:00,49.2
2025-06-12 22:10:00,15.9
2025-06-12 17:36:00,81.8
2025-06-12 07:06:00,83.3
2025-06-12 00:27:00,32.3
2025-06-12 14:30:00,63.1
2025-06-12 08:26:00,63.0
2025-06-12 09:17:00,50.10362276498773
2025-06-12 05:51:00,50.10362276498773
2025-06-12 20:21:00,50.10362276498773
2025-06-12 08:58:00,19.8
2025-06-12 20:58:00,50.10362276498773
2025-06-12 06:04:00,50.10362276498773
2025-06-12 18:51:00,50.10362276498773
2025-06-12 10:56:00,50.10362276498773
2025-06-12 11:07:00,50.10362276498773
2025-06-12 22:52:00,50.10362276498773
2025-06-12 12:59:00,62.4
2025-06-12 16:14:00,48.6
2025-06-12 20:39:00,11.8
2025-06-12 03:18:00,75.3
2025-06-12 22:35:00,50.10362276498773
2025-06-12 17:37:00,53.0
2025-06-12 20:44:00,59.7
2025-06-12 03:17:00,6.9
2025-06-12 08:00:00,20.0
2025-06-12 21:03:00,38.8
2025-06-12 00:48:00,87.4
2025-06-12 07:42:00,78.8
2025-06-12 12:27:00,84.5
2025-06-12 15:14:00,50.10362276498773
2025-06-12 06:49:00,43.3
2025-06-12 13:10:00,50.10362276498773
2025-06-12 14:39:00,45.7
2025-06-12 05:26:00,29.9
2025-06-12 02:52:00,78.2
2025-06-12 21:29:00,88.3
2025-06-12 07:33:00,50.10362276498773
2025-06-12 04:03:00,50.10362276498773
2025-06-12 19:18:00,6.1
2025-06-12 02:02:00,58.4
2025-06-12 03:57:00,43.4
2025-06-12 10:35:00,47.9
2025-06-12 18:26:00,25.0
2025-06-12 01:18:00,54.9
2025-06-12 19:58:00,98.2
2025-06-12 07:52:00,37.4
2025-06-12 08:56:00,26.6
2025-06-12 11:06:00,37.0
2025-06-12 07:31:00,50.0
2025-06-12 07:05:00,6.7
2025-06-12 20:07:00,45.7
2025-06-12 20:27:00,75.5
2025-06-12 08:02:00,31.2
2025-06-12 00:06:00,54.2
2025-06-12 15:34:00,50.10362276498773
2025-06-12 05:02:00,0.2
2025-06-12 12:43:00,69.6
2025-06-12 00:17:00,53.9
2025-06-12 23:54:00,37.5
2025-06-12 16:47:00,38.4
2025-06-12 16:43:00,5.8
2025-06-12 19:37:00,97.6
2025-06-12 22:47:00,17.8
2025-06-12 15:37:00,79.4
2025-06-12 06:07:00,98.4
2025-06-12 12:19:00,21.8
2025-06-12 16:51:00,43.8
2025-06-12 01:40:00,50.10362276498773
2025-06-12 01:33:00,83.7
2025-06-12 02:44:00,50.10362276498773
2025-06-12 03:44:00,13.6
2025-06-12 13:43:00,71.0
2025-06-12 10:41:00,40.3
2025-06-12 06:08:00,22.3
2025-06-12 02:32:00,71.0
2025-06-12 00:20:00,76.6
2025-06-12 19:54:00,50.10362276498773
2025-06-12 18:40:00,50.10362276498773
2025-06-12 04:40:00,56.4
2025-06-12 20:42:00,59.9
2025-06-12 05:07:00,37.6
2025-06-12 12:57:00,50.10362276498773
2025-06-12 04:51:00,50.10362276498773
2025-06-12 17:58:00,3.7
2025-06-12 07:45:00,44.0
2025-06-12 02:23:00,58.1
2025-06-12 20:33:00,92.4
2025-06-12 00:00:00,61.6
2025-06-12 08:28:00,73.2
2025-06-12 00:35:00,44.3
2025-06-12 13:15:00,10.9
2025-06-12 08:42:00,63.0
2025-06-12 06:30:00,24.1
2025-06-12 16:20:00,83.4
2025-06-12 12:08:00,32.7
2025-06-12 08:11:00,35.3
2025-06-12 07:00:00,72.6
2025-06-12 01:54:00,23.2
2025-06-12 09:28:00,50.10362276498773
2025-06-12 15:11:00,42.3
2025-06-12 08:18:00,72.3
2025-06-12 14:25:00,27.3
2025-06-12 23:57:00,44.0
2025-06-12 20:40:00,97.4
2025-06-12 22:51:00,50.10362276498773
2025-06-12 13:31:00,6.6
2025-06-12 20:22:00,69.3
2025-06-12 18:08:00,84.7
2025-06-12 10:15:00,51.1
2025-06-12 19:34:00,86.0
2025-06-12 16:26:00,51.4
2025-06-12 15:02:00,27.2
2025-06-12 21:49:00,63.0
2025-06-12 17:53:00,73.1
2025-06-12 11:32:00,35.1
2025-06-12 18:24:00,99.2
2025-06-12 11:18:00,62.2
2025-06-12 23:22:00,20.1
2025-06-12 13:11:00,56.7
2025-06-12 19:06:00,34.8
2025-06-12 05:47:00,79.3
2025-06-12 12:03:00,50.10362276498773
2025-06-12 07:57:00,77.8
2025-06-12 15:21:00,60.9
2025-06-12 15:44:00,98.8
2025-06-12 12:18:00,97.0
2025-06-12 19:51:00,13.3
2025-06-12 17:10:00,13.0
2025-06-12 20:13:00,50.10362276498773
2025-06-12 18:29:00,5.9
2025-06-12 05:04:00,43.8
2025-06-12 21:53:00,82.1
2025-06-12 18:14:00,34.6
2025-06-12 13:08:00,78.8
2025-06-12 13:30:00,2.1
2025-06-12 04:11:00,56.6
2025-06-12 06:38:00,93.4
2025-06-12 23:20:00,83.0
2025-06-12 06:22:00,53.3
2025-06-12 03:33:00,40.5
2025-06-12 02:31:00,50.12327810650887
2025-06-12 22:41:00,63.5
2025-06-12 09:16:00,74.3
2025-06-12 02:38:00,4.2
2025-06-12 08:38:00,17.2
2025-06-12 07:23:00,88.7
2025-06-12 10:31:00,75.1
2025-06-12 10:12:00,50.12327810650887
2025-06-12 12:55:00,83.4
2025-06-12 21:52:00,22.0
2025-06-12 03:22:00,50.12327810650887
2025-06-12 17:11:00,50.12327810650887
2025-06-12 19:56:00,50.3
2025-06-12 17:52:00,16.1
2025-06-12 23:05:00,40.7
2025-06-12 18:55:00,15.5
2025-06-12 00:30:00,2.1
2025-06-12 05:47:00,8.5
2025-06-12 08:37:00,13.1
2025-06-12 16:31:00,72.8
2025-06-12 21:59:00,49.3
2025-06-12 13:27:00,50.12327810650887
2025-06-12 03:30:00,14.2
2025-06-12 17:02:00,88.0
2025-06-12 17:47:00,50.12327810650887
2025-06-12 05:17:00,34.3
2025-06-12 05:28:00,69.6
2025-06-12 03:47:00,9.1
2025-06-12 02:18:00,32.8
2025-06-12 14:43:00,50.12327810650887
2025-06-12 23:00:00,17.0
2025-06-12 09:10:00,92.7
2025-06-12 03:32:00,12.8
2025-06-12 07:55:00,52.9
2025-06-12 12:20:00,1.7
2025-06-12 20:37:00,39.1
2025-06-12 05:24:00,27.9
2025-06-12 03:53:00,50.12327810650887
2025-06-12 20:08:00,10.6
2025-06-12 12:31:00,71.9
2025-06-12 18:57:00,9.3
2025-06-12 21:50:00,34.5
2025-06-12 08:14:00,14.6
2025-06-12 08:05:00,67.4
2025-06-12 04:52:00,50.12327810650887
2025-06-12 04:41:00,45.5
2025-06-12 17:08:00,21.4
2025-06-12 11:31:00,90.3
2025-06-12 02:24:00,50.12327810650887
2025-06-12 01:38:00,69.7
2025-06-12 01:12:00,71.4
2025-06-12 18:18:00,5.3
2025-06-12 16:32:00,66.4
2025-06-12 12:39:00,64.2
2025-06-12 23:52:00,37.7
2025-06-12 13:32:00,2.9
2025-06-12 08:57:00,9.2
2025-06-12 23:25:00,56.7
2025-06-12 11:47:00,50.12327810650887
2025-06-12 04:39:00,67.4
2025-06-12 02:43:00,35.2
2025-06-12 17:29:00,36.9
2025-06-12 21:14:00,91.1
2025-06-12 17:32:00,55.3
2025-06-12 23:46:00,16.7
2025-06-12 21:58:00,2.3
2025-06-12 15:18:00,41.1
2025-06-12 08:00:00,48.2
2025-06-12 22:42:00,8.3
2025-06-12 05:22:00,97.5
2025-06-12 14:08:00,50.8
2025-06-12 01:41:00,51.7
2025-06-12 01:48:00,3.5
2025-06-12 06:41:00,50.12327810650887
2025-06-12 15:47:00,77.0
2025-06-12 16:57:00,98.4
2025-06-12 13:25:00,86.3
2025-06-12 10:55:00,84.2
2025-06-12 14:53:00,61.8
2025-06-12 16:26:00,76.6
2025-06-12 06:08:00,38.0
2025-06-12 17:21:00,91.4
2025-06-12 19:24:00,82.5
2025-06-12 02:46:00,24.1
2025-06-12 06:13:00,83.9
2025-06-12 18:14:00,1.6
2025-06-12 04:43:00,35.8
2025-06-12 00:13:00,0.1
2025-06-12 11:36:00,93.5
2025-06-12 11:10:00,52.8
2025-06-12 15:30:00,92.0
2025-06-12 18:21:00,55.2
2025-06-12 05:13:00,54.7
2025-06-12 09:52:00,7.2
2025-06-12 18:34:00,99.1
2025-06-12 10:22:00,89.0
2025-06-12 15:36:00,1.4
2025-06-12 11:55:00,52.8
2025-06-12 11:50:00,64.0
2025-06-12 08:07:00,89.1
2025-06-12 03:35:00,70.7
2025-06-12 04:37:00,90.6
2025-06-12 14:13:00,89.7
2025-06-12 16:14:00,65.4
2025-06-12 03:59:00,50.12327810650887
2025-06-12 09:47:00,10.7
2025-06-12 19:15:00,34.9
2025-06-12 14:25:00,3.0
2025-06-12 02:11:00,49.2
2025-06-12 14:26:00,81.6
2025-06-12 02:37:00,58.5
2025-06-12 10:53:00,16.8
2025-06-12 06:10:00,50.12327810650887
2025-06-12 02:28:00,32.4
2025-06-12 02:29:00,30.1
2025-06-12 08:56:00,0.4
2025-06-12 14:45:00,88.5
2025-06-12 20:03:00,39.6
2025-06-12 10:42:00,93.4
2025-06-12 21:30:00,98.5
2025-06-12 13:45:00,53.9
2025-06-12 21:33:00,69.1
2025-06-12 01:07:00,66.8
2025-06-12 09:34:00,95.9
2025-06-12 22:08:00,7.5
2025-06-12 07:29:00,71.8
2025-06-12 03:41:00,90.0
2025-06-12 11:44:00,11.8
2025-06-12 01:31:00,50.12327810650887
2025-06-12 15:58:00,85.5
2025-06-12 14:38:00,59.9
2025-06-12 16:13:00,24.6
2025-06-12 10:18:00,50.12327810650887
2025-06-12 00:25:00,68.6
2025-06-12 15:52:00,68.0
2025-06-12 04:00:00,38.4
2025-06-12 04:16:00,69.8
2025-06-12 10:46:00,81.6
2025-06-12 15:09:00,50.12327810650887
2025-06-12 14:15:00,13.1
2025-06-12 08:52:00,34.6
2025-06-12 07:46:00,50.12327810650887
2025-06-12 05:38:00,72.8
2025-06-12 00:37:00,76.0
2025-06-12 17:39:00,85.7
2025-06-12 14:24:00,50.12327810650887
2025-06-12 10:23:00,95.0
2025-06-12 01:28:00,0.3
2025-06-12 00:12:00,88.3
2025-06-12 09:31:00,3.6
2025-06-12 06:30:00,16.9
2025-06-12 23:58:00,4.5
2025-06-12 05:33:00,25.9
2025-06-12 15:25:00,77.5
2025-06-12 00:51:00,1.5
2025-06-12 12:56:00,76.2
2025-06-12 17:48:00,70.0
2025-06-12 12:48:00,50.12327810650887
2025-06-12 21:42:00,75.2
2025-06-12 16:04:00,9.8
2025-06-12 14:20:00,35.0
2025-06-12 13:06:00,21.8
2025-06-12 22:49:00,71.8
2025-06-12 03:28:00,50.3
2025-06-12 05:42:00,50.12327810650887
2025-06-12 23:53:00,48.4
2025-06-12 01:20:00,84.7
2025-06-12 10:16:00,67.4
2025-06-12 04:38:00,71.8
2025-06-12 17:14:00,42.8
2025-06-12 03:46:00,49.3
2025-06-12 13:38:00,36.0
2025-06-12 02:02:00,31.8
2025-06-12 21:15:00,90.3
2025-06-12 14:01:00,98.3
2025-06-12 05:50:00,96.7
2025-06-12 10:49:00,60.1
2025-06-12 22:12:00,30.8
2025-06-12 09:08:00,22.8
2025-06-12 10:01:00,48.0
2025-06-12 23:49:00,29.7
2025-06-12 11:18:00,92.8
2025-06-12 04:23:00,20.4
2025-06-12 22:45:00,50.12327810650887
2025-06-12 00:31:00,28.8
2025-06-12 21:44:00,30.6
2025-06-12 21:57:00,0.5
2025-06-12 00:35:00,43.2
2025-06-12 12:13:00,74.4
2025-06-12 21:37:00,88.7
2025-06-12 22:26:00,3.7
2025-06-12 22:22:00,48.1
2025-06-12 06:04:00,53.1
2025-06-12 21:51:00,43.5
2025-06-12 03:18:00,9.2
2025-06-12 20:24:00,50.12327810650887
2025-06-12 15:34:00,57.7
2025-06-12 20:00:00,69.9
2025-06-12 11:45:00,98.1
2025-06-12 10:30:00,73.2
2025-06-12 03:09:00,88.9
2025-06-12 01:17:00,50.12327810650887
2025-06-12 18:46:00,37.2
2025-06-12 01:08:00,33.1
2025-06-12 01:56:00,2.8
2025-06-12 19:17:00,28.3
2025-06-12 10:20:00,95.1
2025-06-12 05:20:00,30.2
2025-06-12 14:17:00,50.12327810650887
2025-06-12 14:52:00,50.12327810650887
2025-06-12 07:22:00,89.9
2025-06-12 22:39:00,39.7
2025-06-12 02:49:00,98.4
2025-06-12 10:25:00,8.1
2025-06-12 11:17:00,5.3
2025-06-12 10:54:00,63.8
2025-06-12 22:17:00,91.1
2025-06-12 07:01:00,80.8
2025-06-12 15:27:00,8.4
2025-06-12 22:43:00,11.0
2025-06-12 00:36:00,67.5
2025-06-12 14:42:00,68.6
2025-06-12 04:29:00,32.2
2025-06-12 23:03:00,91.8
2025-06-12 01:50:00,95.2
2025-06-12 09:50:00,54.0
2025-06-12 06:56:00,66.5
2025-06-12 02:54:00,50.12327810650887
2025-06-12 16:30:00,36.8
2025-06-12 01:52:00,77.6
2025-06-12 17:55:00,70.9
2025-06-12 12:16:00,93.5
2025-06-12 22:01:00,77.7
2025-06-12 09:35:00,35.1
2025-06-12 19:12:00,57.1
2025-06-12 10:56:00,11.4
2025-06-12 02:44:00,41.8
2025-06-12 23:34:00,59.9
2025-06-12 23:14:00,34.5
2025-06-12 10:03:00,53.4
2025-06-12 03:51:00,50.12327810650887
2025-06-12 13:35:00,16.3
2025-06-12 21:05:00,68.2
2025-06-12 20:30:00,29.3
2025-06-12 18:19:00,94.7
2025-06-12 23:08:00,80.9
2025-06-12 09:00:00,68.0
2025-06-12 17:54:00,72.2
2025-06-12 13:33:00,10.1
2025-06-12 09:23:00,39.1
2025-06-12 03:03:00,6.6
2025-06-12 09:59:00,10.9
2025-06-12 11:56:00,86.8
2025-06-12 10:51:00,4.0
2025-06-12 07:30:00,45.5
2025-06-12 16:41:00,50.12327810650887
2025-06-12 23:35:00,50.12327810650887
2025-06-12 12:36:00,46.1
2025-06-12 09:46:00,95.1
2025-06-12 00:01:00,63.7
2025-06-12 07:18:00,54.9
2025-06-12 15:28:00,0.3
2025-06-12 21:55:00,91.9
2025-06-12 17:06:00,50.12327810650887
2025-06-12 20:34:00,50.12327810650887
2025-06-12 09:53:00,29.9
2025-06-12 10:00:00,90.4
2025-06-12 07:00:00,77.9
2025-06-12 22:51:00,66.0
2025-06-12 22:16:00,75.6
2025-06-12 23:33:00,20.5
2025-06-12 21:16:00,10.2
2025-06-12 15:39:00,50.12327810650887
2025-06-12 22:25:00,0.3
2025-06-12 20:17:00,66.1
2025-06-12 09:12:00,18.0
2025-06-12 15:40:00,77.4
2025-06-12 19:34:00,77.9
2025-06-12 14:48:00,49.63956792297757
2025-06-12 02:38:00,14.1
2025-06-12 14:09:00,66.0
2025-06-12 18:30:00,71.3
2025-06-12 23:29:00,32.2
2025-06-12 00:30:00,34.7
2025-06-12 05:00:00,12.8
2025-06-12 22:37:00,97.1
2025-06-12 02:54:00,20.1
2025-06-12 14:39:00,45.8
2025-06-12 22:48:00,73.1
2025-06-12 14:55:00,89.2
2025-06-12 08:28:00,81.3
2025-06-12 23:11:00,90.3
2025-06-12 07:51:00,10.3
2025-06-12 23:50:00,61.3
2025-06-12 18:19:00,22.0
2025-06-12 22:33:00,41.9
2025-06-12 02:45:00,31.2
2025-06-12 17:50:00,24.2
2025-06-12 10:55:00,9.0
2025-06-12 20:55:00,49.63956792297757
2025-06-12 08:13:00,98.4
2025-06-12 04:33:00,97.1
2025-06-12 05:29:00,2.7
2025-06-12 14:42:00,17.3
2025-06-12 18:43:00,10.2
2025-06-12 13:52:00,66.7
2025-06-12 04:35:00,12.4
2025-06-12 21:28:00,49.0
2025-06-12 03:08:00,95.1
2025-06-12 20:35:00,16.4
2025-06-12 07:42:00,19.5
2025-06-12 21:52:00,29.6
2025-06-12 15:26:00,89.1
2025-06-12 03:33:00,83.5
2025-06-12 20:56:00,13.0
2025-06-12 23:45:00,43.3
2025-06-12 05:41:00,50.5
2025-06-12 16:48:00,8.7
2025-06-12 07:16:00,5.6
2025-06-12 16:55:00,45.8
2025-06-12 17:52:00,46.8
2025-06-12 10:57:00,49.63956792297757
2025-06-12 10:38:00,76.6
2025-06-12 17:34:00,63.9
2025-06-12 05:05:00,41.3
2025-06-12 01:42:00,73.8
2025-06-12 00:27:00,84.8
2025-06-12 08:16:00,58.9
2025-06-12 09:11:00,2.1
2025-06-12 02:39:00,19.8
2025-06-12 13:27:00,49.63956792297757
2025-06-12 02:56:00,37.0
2025-06-12 16:14:00,0.7
2025-06-12 00:45:00,20.9
2025-06-12 17:19:00,88.9
2025-06-12 15:19:00,52.3
2025-06-12 05:39:00,55.9
2025-06-12 08:33:00,3.0
2025-06-12 09:00:00,3.1
2025-06-12 19:38:00,16.8
2025-06-12 05:30:00,83.9
2025-06-12 03:43:00,80.3
2025-06-12 07:41:00,47.5
2025-06-12 15:13:00,42.4
2025-06-12 07:25:00,97.6
2025-06-12 00:25:00,12.8
2025-06-12 03:47:00,62.8
2025-06-12 14:51:00,4.5
2025-06-12 13:53:00,27.1
2025-06-12 14:27:00,49.9
2025-06-12 04:58:00,40.2
2025-06-12 20:31:00,47.1
2025-06-12 22:55:00,77.6
2025-06-12 00:21:00,46.6
2025-06-12 13:29:00,80.4
2025-06-12 05:46:00,49.63956792297757
2025-06-12 00:26:00,49.63956792297757
2025-06-12 11:02:00,9.6
2025-06-12 07:15:00,77.0
2025-06-12 21:00:00,70.2
2025-06-12 08:56:00,13.0
2025-06-12 22:24:00,14.3
2025-06-12 13:43:00,82.0
2025-06-12 17:20:00,38.0
2025-06-12 06:12:00,54.0
2025-06-12 23:09:00,34.0
2025-06-12 17:09:00,50.1
2025-06-12 22:42:00,49.63956792297757
2025-06-12 10:31:00,76.7
2025-06-12 13:37:00,24.9
2025-06-12 21:24:00,40.6
2025-06-12 02:13:00,44.3
2025-06-12 18:20:00,3.8
2025-06-12 23:15:00,27.6
2025-06-12 01:46:00,22.8
2025-06-12 13:01:00,49.63956792297757
2025-06-12 12:10:00,72.4
2025-06-12 12:43:00,97.4
2025-06-12 14:23:00,24.5
2025-06-12 03:22:00,93.3
2025-06-12 14:56:00,58.0
2025-06-12 16:15:00,98.0
2025-06-12 13:45:00,38.7
2025-06-12 10:54:00,28.1
2025-06-12 01:52:00,98.0
2025-06-12 14:11:00,99.7
2025-06-12 03:21:00,37.0
2025-06-12 15:21:00,75.2
2025-06-12 09:29:00,38.8
2025-06-12 06:29:00,94.6
2025-06-12 00:04:00,23.1
2025-06-12 21:31:00,18.9
2025-06-12 19:52:00,9.6
2025-06-12 15:08:00,56.0
2025-06-12 02:43:00,8.3
2025-06-12 11:35:00,22.0
2025-06-12 22:05:00,26.0
2025-06-12 13:09:00,49.63956792297757
2025-06-12 04:06:00,62.5
2025-06-12 11:31:00,49.63956792297757
2025-06-12 09:02:00,95.4
2025-06-12 16:53:00,49.63956792297757
2025-06-12 00:43:00,49.63956792297757
2025-06-12 01:50:00,49.63956792297757
2025-06-12 05:54:00,22.2
2025-06-12 16:42:00,80.2
2025-06-12 16:33:00,22.3
2025-06-12 17:23:00,19.5
2025-06-12 10:44:00,62.0
2025-06-12 01:26:00,2.0
2025-06-12 02:27:00,69.1
2025-06-12 12:02:00,49.63956792297757
2025-06-12 18:59:00,43.5
2025-06-12 21:27:00,32.8
2025-06-12 13:38:00,19.9
2025-06-12 18:51:00,53.2
2025-06-12 05:51:00,19.3
2025-06-12 01:08:00,25.3
2025-06-12 21:02:00,97.9
2025-06-12 02:24:00,45.0
2025-06-12 11:26:00,0.5
2025-06-12 18:08:00,69.0
2025-06-12 17:15:00,49.63956792297757
2025-06-12 06:58:00,5.4
2025-06-12 10:22:00,68.0
2025-06-12 14:44:00,79.3
2025-06-12 20:36:00,43.4
2025-06-12 22:36:00,49.63956792297757
2025-06-12 12:38:00,21.2
2025-06-12 16:27:00,12.8
2025-06-12 07:36:00,55.5
2025-06-12 23:59:00,49.63956792297757
2025-06-12 11:39:00,28.2
2025-06-12 11:13:00,66.7
2025-06-12 06:16:00,81.5
2025-06-12 14:58:00,19.5
2025-06-12 20:51:00,71.3
2025-06-12 08:34:00,29.5
2025-06-12 05:50:00,21.0
2025-06-12 10:59:00,54.6
2025-06-12 18:05:00,13.7
2025-06-12 13:00:00,83.5
2025-06-12 19:45:00,61.4
2025-06-12 07:56:00,41.7
2025-06-12 04:45:00,19.3
2025-06-12 16:12:00,92.4
2025-06-12 23:01:00,49.63956792297757
2025-06-12 12:09:00,60.3
2025-06-12 10:24:00,96.8
2025-06-12 19:37:00,92.7
2025-06-12 19:00:00,93.5
2025-06-12 15:06:00,17.0
2025-06-12 11:47:00,82.3
2025-06-12 12:24:00,41.9
2025-06-12 10:04:00,0.0
2025-06-12 23:55:00,49.63956792297757
2025-06-12 05:18:00,57.3
2025-06-12 09:15:00,58.6
2025-06-12 04:04:00,5.5
2025-06-12 13:25:00,58.8
2025-06-12 01:03:00,49.63956792297757
2025-06-12 11:23:00,49.63956792297757
2025-06-12 06:53:00,91.7
2025-06-12 02:37:00,38.2
2025-06-12 05:55:00,85.2
2025-06-12 23:00:00,0.5
2025-06-12 00:33:00,86.6
2025-06-12 04:12:00,16.8
2025-06-12 15:00:00,7.9
2025-06-12 15:52:00,95.8
2025-06-12 09:24:00,97.0
2025-06-12 21:36:00,76.1
2025-06-12 03:52:00,24.6
2025-06-12 01:01:00,81.5
2025-06-12 15:45:00,79.9
2025-06-12 06:18:00,49.63956792297757
2025-06-12 13:51:00,80.3
2025-06-12 06:22:00,77.1
2025-06-12 21:39:00,49.63956792297757
2025-06-12 08:17:00,48.0
2025-06-12 07:02:00,1.2
2025-06-12 06:13:00,58.2
2025-06-12 16:30:00,4.6
2025-06-12 04:54:00,34.3
2025-06-12 04:48:00,38.2
2025-06-12 04:31:00,98.6
2025-06-12 15:12:00,49.63956792297757
2025-06-12 17:45:00,73.9
2025-06-12 08:14:00,15.6
2025-06-12 22:09:00,49.63956792297757
2025-06-12 15:36:00,97.2
2025-06-12 22:23:00,55.2
2025-06-12 09:37:00,28.7
2025-06-12 19:30:00,49.63956792297757
2025-06-12 18:07:00,91.4
2025-06-12 18:58:00,49.63956792297757
2025-06-12 04:00:00,4.7
2025-06-12 02:33:00,16.2
2025-06-12 10:32:00,70.1
2025-06-12 11:14:00,19.5
2025-06-12 23:28:00,87.8
2025-06-12 08:44:00,57.6
2025-06-12 03:56:00,1.6
2025-06-12 09:48:00,69.5
2025-06-12 20:28:00,54.6
2025-06-12 01:04:00,82.9
2025-06-12 20:16:00,30.8
2025-06-12 14:53:00,37.4
2025-06-12 16:07:00,78.6
2025-06-12 01:30:00,77.0
2025-06-12 06:41:00,30.7
2025-06-12 18:55:00,18.2
2025-06-12 18:41:00,8.1
2025-06-12 05:34:00,65.6
2025-06-12 11:11:00,49.63956792297757
2025-06-12 20:44:00,3.7
2025-06-12 01:51:00,49.63956792297757
2025-06-12 05:16:00,69.0
2025-06-12 13:26:00,3.1
2025-06-12 08:43:00,49.63956792297757
2025-06-12 21:05:00,49.63956792297757
2025-06-12 21:47:00,88.0
2025-06-12 19:23:00,5.6
2025-06-12 07:08:00,84.1
2025-06-12 00:12:00,63.7
2025-06-12 07:07:00,93.5
2025-06-12 09:01:00,15.4
2025-06-12 18:17:00,23.6
2025-06-12 03:42:00,56.3
2025-06-12 03:28:00,79.3
2025-06-12 01:59:00,59.0
2025-06-12 05:07:00,60.9
2025-06-12 15:51:00,15.4
2025-06-12 15:49:00,48.2
2025-06-12 13:59:00,31.4
2025-06-12 13:55:00,52.2
2025-06-12 18:33:00,56.8
2025-06-12 03:40:00,49.63956792297757
2025-06-12 12:14:00,3.0
2025-06-12 10:25:00,39.9
2025-06-12 00:23:00,19.8
2025-06-12 23:17:00,10.7
2025-06-12 09:19:00,73.4
2025-06-12 11:49:00,37.6
2025-06-12 12:59:00,49.63956792297757
2025-06-12 23:38:00,57.8
2025-06-12 21:08:00,28.9
2025-06-12 02:59:00,41.3
2025-06-12 03:45:00,64.6
2025-06-12 13:40:00,64.7
2025-06-12 14:37:00,49.8
2025-06-12 12:51:00,88.4
2025-06-12 05:06:00,50.29152382078261
2025-06-12 02:47:00,51.4
2025-06-12 01:20:00,72.9
2025-06-12 16:46:00,82.7
2025-06-12 01:35:00,64.0
2025-06-12 19:38:00,87.2
2025-06-12 15:48:00,20.2
2025-06-12 07:19:00,10.7
2025-06-12 04:11:00,48.2
2025-06-12 19:32:00,66.4
2025-06-12 02:06:00,39.6
2025-06-12 00:33:00,79.9
2025-06-12 02:02:00,55.0
2025-06-12 00:52:00,48.3
2025-06-12 18:01:00,94.8
2025-06-12 18:20:00,77.7
2025-06-12 18:21:00,85.6
2025-06-12 14:34:00,91.0
2025-06-12 11:50:00,5.7
2025-06-12 18:39:00,82.6
2025-06-12 16:56:00,40.7
2025-06-12 03:37:00,10.4
2025-06-12 02:51:00,50.29152382078261
2025-06-12 22:32:00,20.9
2025-06-12 14:19:00,89.8
2025-06-12 11:20:00,80.3
2025-06-12 21:11:00,87.0
2025-06-12 01:51:00,6.7
2025-06-12 20:13:00,8.0
2025-06-12 17:49:00,98.1
2025-06-12 05:40:00,39.4
2025-06-12 13:16:00,73.4
2025-06-12 02:35:00,29.0
2025-06-12 01:49:00,65.9
2025-06-12 14:17:00,50.29152382078261
2025-06-12 00:12:00,59.6
2025-06-12 22:13:00,30.1
2025-06-12 14:48:00,64.7
2025-06-12 18:16:00,34.5
2025-06-12 03:51:00,32.9
2025-06-12 22:52:00,43.6
2025-06-12 19:24:00,46.9
2025-06-12 13:45:00,50.29152382078261
2025-06-12 17:43:00,91.9
2025-06-12 19:12:00,50.29152382078261
2025-06-12 06:11:00,35.1
2025-06-12 15:39:00,67.6
2025-06-12 09:47:00,3.9
2025-06-12 00:19:00,26.0
2025-06-12 13:53:00,65.3
2025-06-12 12:37:00,2.9
2025-06-12 04:21:00,90.0
2025-06-12 15:41:00,99.9
2025-06-12 10:32:00,24.0
2025-06-12 16:07:00,42.3
2025-06-12 23:58:00,15.5
2025-06-12 09:35:00,71.6
2025-06-12 13:46:00,59.7
2025-06-12 21:16:00,64.3
2025-06-12 16:53:00,69.2
2025-06-12 09:55:00,37.8
2025-06-12 20:33:00,22.8
2025-06-12 07:11:00,91.6
2025-06-12 01:43:00,62.1
2025-06-12 10:33:00,96.3
2025-06-12 10:26:00,0.7
2025-06-12 17:12:00,98.9
2025-06-12 15:00:00,91.2
2025-06-12 15:11:00,79.6
2025-06-12 12:07:00,62.6
2025-06-12 20:24:00,86.9
2025-06-12 00:05:00,70.1
2025-06-12 22:07:00,50.29152382078261
2025-06-12 18:27:00,45.1
2025-06-12 09:26:00,50.29152382078261
2025-06-12 11:25:00,26.8
2025-06-12 01:33:00,83.2
2025-06-12 14:30:00,50.29152382078261
2025-06-12 07:27:00,61.6
2025-06-12 14:09:00,50.29152382078261
2025-06-12 06:38:00,50.29152382078261
2025-06-12 04:53:00,15.8
2025-06-12 05:09:00,70.7
2025-06-12 22:15:00,50.29152382078261
2025-06-12 10:20:00,9.0
2025-06-12 17:54:00,7.0
2025-06-12 03:42:00,43.6
2025-06-12 09:45:00,9.8
2025-06-12 15:40:00,66.6
2025-06-12 02:52:00,50.29152382078261
2025-06-12 07:15:00,71.8
2025-06-12 07:50:00,50.29152382078261
2025-06-12 00:06:00,67.8
2025-06-12 02:23:00,31.5
2025-06-12 19:22:00,72.0
2025-06-12 16:27:00,30.0
2025-06-12 19:06:00,51.6
2025-06-12 15:30:00,98.3
2025-06-12 05:07:00,50.29152382078261
2025-06-12 03:41:00,21.7
2025-06-12 09:59:00,30.4
2025-06-12 04:39:00,50.29152382078261
2025-06-12 12:14:00,84.8
2025-06-12 11:26:00,50.29152382078261
2025-06-12 13:08:00,74.7
2025-06-12 07:06:00,52.4
2025-06-12 06:00:00,41.8
2025-06-12 04:10:00,60.6
2025-06-12 03:28:00,30.9
2025-06-12 02:30:00,47.4
2025-06-12 18:09:00,23.2
2025-06-12 13:09:00,61.1
2025-06-12 07:57:00,42.7
2025-06-12 22:16:00,93.4
2025-06-12 00:40:00,14.4
2025-06-12 12:48:00,19.4
2025-06-12 20:02:00,93.7
2025-06-12 17:33:00,78.2
2025-06-12 04:05:00,44.3
2025-06-12 12:25:00,64.6
2025-06-12 00:43:00,50.29152382078261
2025-06-12 21:13:00,27.4
2025-06-12 10:07:00,46.3
2025-06-12 21:07:00,45.4
2025-06-12 14:04:00,91.0
2025-06-12 18:17:00,50.29152382078261
2025-06-12 20:48:00,4.8
2025-06-12 18:19:00,37.9
2025-06-12 00:25:00,59.7
2025-06-12 08:55:00,50.0
2025-06-12 21:32:00,67.5
2025-06-12 09:17:00,50.29152382078261
2025-06-12 05:22:00,62.5
2025-06-12 09:37:00,19.6
2025-06-12 13:01:00,63.1
2025-06-12 21:10:00,10.2
2025-06-12 02:42:00,6.2
2025-06-12 07:18:00,50.29152382078261
2025-06-12 01:36:00,50.29152382078261
2025-06-12 02:11:00,47.3
2025-06-12 22:10:00,50.29152382078261
2025-06-12 19:37:00,52.0
2025-06-12 14:08:00,29.3
2025-06-12 01:47:00,10.3
2025-06-12 23:29:00,1.9
2025-06-12 09:58:00,44.5
2025-06-12 09:09:00,50.29152382078261
2025-06-12 03:46:00,66.6
2025-06-12 23:04:00,65.9
2025-06-12 20:25:00,63.4
2025-06-12 17:31:00,20.8
2025-06-12 17:03:00,47.2
2025-06-12 04:22:00,30.4
2025-06-12 10:39:00,34.8
2025-06-12 17:57:00,13.8
2025-06-12 01:27:00,50.29152382078261
2025-06-12 18:52:00,50.29152382078261
2025-06-12 02:07:00,25.9
2025-06-12 06:30:00,88.4
2025-06-12 01:38:00,99.3
2025-06-12 11:51:00,74.6
2025-06-12 21:36:00,32.3
2025-06-12 21:24:00,23.8
2025-06-12 02:59:00,65.2
2025-06-12 12:39:00,56.5
2025-06-12 10:22:00,3.0
2025-06-12 12:08:00,27.8
2025-06-12 21:27:00,69.6
2025-06-12 11:47:00,50.29152382078261
2025-06-12 00:20:00,50.29152382078261
2025-06-12 12:32:00,38.9
2025-06-12 20:58:00,62.1
2025-06-12 00:56:00,89.8
2025-06-12 03:24:00,50.29152382078261
2025-06-12 02:54:00,62.2
2025-06-12 19:48:00,46.4
2025-06-12 04:34:00,50.29152382078261
2025-06-12 13:17:00,50.29152382078261
2025-06-12 02:04:00,65.7
2025-06-12 14:24:00,62.2
2025-06-12 23:09:00,2.7
2025-06-12 23:26:00,33.0
2025-06-12 19:33:00,67.2
2025-06-12 08:43:00,50.29152382078261
2025-06-12 13:14:00,21.7
2025-06-12 09:15:00,11.0
2025-06-12 12:22:00,52.4
2025-06-12 14:11:00,50.29152382078261
2025-06-12 13:30:00,49.8
2025-06-12 19:57:00,50.29152382078261
2025-06-12 22:42:00,1.5
2025-06-12 03:30:00,36.6
2025-06-12 10:31:00,32.9
2025-06-12 07:10:00,64.8
2025-06-12 13:59:00,48.9
2025-06-12 12:28:00,62.0
2025-06-12 22:26:00,50.29152382078261
2025-06-12 22:55:00,62.3
2025-06-12 05:50:00,25.3
2025-06-12 20:45:00,20.9
2025-06-12 09:20:00,29.9
2025-06-12 11:55:00,88.6
2025-06-12 04:33:00,46.7
2025-06-12 09:57:00,35.1
2025-06-12 23:35:00,21.7
2025-06-12 10:06:00,74.0
2025-06-12 04:47:00,17.8
2025-06-12 10:05:00,76.4
2025-06-12 07:33:00,97.7
2025-06-12 08:14:00,50.29152382078261
2025-06-12 05:27:00,32.1
2025-06-12 22:59:00,50.29152382078261
2025-06-12 12:23:00,2.7
2025-06-12 09:56:00,51.1
2025-06-12 03:20:00,28.3
2025-06-12 03:26:00,11.1
2025-06-12 05:04:00,50.29152382078261
2025-06-12 07:40:00,30.0
2025-06-12 22:33:00,24.9
2025-06-12 04:14:00,50.29152382078261
2025-06-12 15:53:00,8.3
2025-06-12 03:01:00,53.3
2025-06-12 00:55:00,49.1
2025-06-12 03:44:00,65.0
2025-06-12 05:21:00,43.1
2025-06-12 10:14:00,44.6
2025-06-12 01:10:00,66.2
2025-06-12 23:01:00,29.3
2025-06-12 04:56:00,50.29152382078261
2025-06-12 16:37:00,17.4
2025-06-12 03:10:00,8.7
2025-06-12 14:10:00,22.9
2025-06-12 23:59:00,74.8
2025-06-12 19:34:00,97.8
2025-06-12 12:50:00,77.7
2025-06-12 00:09:00,50.29152382078261
2025-06-12 06:52:00,17.8
2025-06-12 09:52:00,7.7
2025-06-12 05:57:00,90.4
2025-06-12 19:23:00,50.29152382078261
2025-06-12 17:22:00,22.3
2025-06-12 22:54:00,81.0
2025-06-12 01:56:00,78.5
2025-06-12 11:00:00,8.5
2025-06-12 17:05:00,17.1
2025-06-12 18:12:00,25.3
2025-06-12 11:49:00,80.4
2025-06-12 01:59:00,67.9
2025-06-12 18:33:00,50.29152382078261
2025-06-12 22:58:00,61.9
2025-06-12 00:54:00,49.0
2025-06-12 17:37:00,33.7
2025-06-12 21:59:00,45.4
2025-06-12 23:47:00,45.9
2025-06-12 15:49:00,52.5
2025-06-12 07:20:00,50.29152382078261
2025-06-12 08:16:00,50.29152382078261
2025-06-12 18:04:00,99.4
2025-06-12 14:55:00,50.29152382078261
2025-06-12 02:37:00,85.8
2025-06-12 18:30:00,35.0
2025-06-12 03:09:00,20.1
2025-06-12 15:34:00,10.2
2025-06-12 02:03:00,72.3
2025-06-12 10:13:00,93.8
2025-06-12 00:02:00,50.29152382078261
2025-06-12 05:08:00,95.8
2025-06-12 11:13:00,63.1
2025-06-12 23:32:00,81.1
2025-06-12 12:41:00,48.0
2025-06-12 17:44:00,92.5
2025-06-12 06:12:00,15.9
2025-06-12 01:21:00,19.2
2025-06-12 15:56:00,52.1
2025-06-12 18:59:00,40.1
2025-06-12 07:16:00,62.5
2025-06-12 20:11:00,53.0
2025-06-12 01:34:00,99.9
2025-06-12 03:13:00,62.0
2025-06-12 12:16:00,60.3
2025-06-12 17:36:00,25.4
2025-06-12 09:10:00,90.2
2025-06-12 05:49:00,63.9
2025-06-12 07:54:00,1.9
2025-06-12 08:03:00,6.1
2025-06-12 20:00:00,50.29152382078261
2025-06-12 19:15:00,97.7
2025-06-12 07:14:00,73.5
2025-06-12 05:10:00,58.9
2025-06-12 14:07:00,19.0
2025-06-12 15:14:00,50.29152382078261
2025-06-12 18:55:00,81.3
2025-06-12 19:51:00,12.2
2025-06-12 06:04:00,50.15830883217688
2025-06-12 18:43:00,92.7
2025-06-12 14:58:00,2.2
2025-06-12 19:42:00,80.5
2025-06-12 12:01:00,45.4
2025-06-12 07:25:00,15.7
2025-06-12 02:08:00,51.5
2025-06-12 17:31:00,3.7
2025-06-12 07:43:00,27.7
2025-06-12 22:12:00,13.3
2025-06-12 06:26:00,97.1
2025-06-12 04:18:00,77.3
2025-06-12 12:13:00,36.1
2025-06-12 21:20:00,38.6
2025-06-12 04:30:00,50.15830883217688
2025-06-12 05:10:00,1.3
2025-06-12 12:22:00,14.3
2025-06-12 01:56:00,41.1
2025-06-12 08:52:00,16.9
2025-06-12 02:58:00,50.15830883217688
2025-06-12 05:36:00,39.3
2025-06-12 00:40:00,42.6
2025-06-12 02:13:00,78.1
2025-06-12 19:02:00,50.15830883217688
2025-06-12 23:22:00,50.15830883217688
2025-06-12 03:16:00,88.0
2025-06-12 14:13:00,13.0
2025-06-12 00:51:00,9.5
2025-06-12 09:50:00,77.8
2025-06-12 21:43:00,93.4
2025-06-12 08:48:00,50.15830883217688
2025-06-12 09:59:00,18.6
2025-06-12 05:32:00,41.0
2025-06-12 14:16:00,97.0
2025-06-12 05:45:00,50.15830883217688
2025-06-12 01:08:00,82.5
2025-06-12 11:18:00,92.6
2025-06-12 18:33:00,97.5
2025-06-12 09:54:00,50.15830883217688
2025-06-12 05:21:00,20.2
2025-06-12 14:33:00,81.9
2025-06-12 18:44:00,99.1
2025-06-12 07:07:00,89.1
2025-06-12 09:57:00,58.8
2025-06-12 23:27:00,50.15830883217688
2025-06-12 12:32:00,32.2
2025-06-12 03:36:00,61.3
2025-06-12 13:12:00,45.5
2025-06-12 06:25:00,50.15830883217688
2025-06-12 20:50:00,38.4
2025-06-12 20:45:00,50.15830883217688
2025-06-12 22:10:00,49.9
2025-06-12 22:16:00,30.9
2025-06-12 09:40:00,86.0
2025-06-12 02:31:00,64.6
2025-06-12 08:00:00,50.15830883217688
2025-06-12 19:12:00,46.1
2025-06-12 18:27:00,50.15830883217688
2025-06-12 08:03:00,80.5
2025-06-12 18:23:00,51.3
2025-06-12 18:15:00,75.9
2025-06-12 05:09:00,3.3
2025-06-12 17:39:00,38.9
2025-06-12 12:24:00,21.4
2025-06-12 03:51:00,50.15830883217688
2025-06-12 00:38:00,50.15830883217688
2025-06-12 07:13:00,14.9
2025-06-12 10:12:00,66.1
2025-06-12 15:33:00,50.3
2025-06-12 07:22:00,47.0
2025-06-12 01:04:00,78.0
2025-06-12 02:07:00,20.1
2025-06-12 06:21:00,45.8
2025-06-12 04:07:00,3.9
2025-06-12 14:53:00,16.8
2025-06-12 23:39:00,74.7
2025-06-12 08:26:00,63.8
2025-06-12 02:42:00,59.2
2025-06-12 06:53:00,54.9
2025-06-12 16:42:00,72.1
2025-06-12 12:17:00,50.15830883217688
2025-06-12 19:01:00,37.4
2025-06-12 06:40:00,62.4
2025-06-12 07:42:00,12.0
2025-06-12 18:07:00,0.6
2025-06-12 16:51:00,90.6
2025-06-12 04:23:00,45.8
2025-06-12 04:04:00,99.9
2025-06-12 22:59:00,97.5
2025-06-12 05:18:00,28.4
2025-06-12 17:12:00,61.7
2025-06-12 18:47:00,89.4
2025-06-12 18:51:00,93.9
2025-06-12 19:18:00,99.0
2025-06-12 05:48:00,71.1
2025-06-12 06:16:00,50.15830883217688
2025-06-12 05:22:00,50.15830883217688
2025-06-12 05:54:00,37.3
2025-06-12 18:10:00,8.6
2025-06-12 12:33:00,6.2
2025-06-12 21:25:00,19.9
2025-06-12 10:57:00,50.15830883217688
2025-06-12 22:20:00,44.5
2025-06-12 12:50:00,33.6
2025-06-12 00:11:00,47.2
2025-06-12 04:45:00,74.4
2025-06-12 13:55:00,4.5
2025-06-12 06:28:00,66.8
2025-06-12 03:10:00,10.3
2025-06-12 23:28:00,75.7
2025-06-12 04:58:00,59.4
2025-06-12 03:41:00,79.7
2025-06-12 21:08:00,58.0
2025-06-12 20:42:00,28.6
2025-06-12 21:04:00,50.15830883217688
2025-06-12 13:35:00,34.0
2025-06-12 04:10:00,55.2
2025-06-12 13:16:00,8.4
2025-06-12 07:20:00,43.1
2025-06-12 18:06:00,66.5
2025-06-12 07:14:00,65.5
2025-06-12 13:47:00,28.7
2025-06-12 03:01:00,51.8
2025-06-12 21:50:00,7.9
2025-06-12 07:28:00,97.7
2025-06-12 07:00:00,15.9
2025-06-12 23:51:00,1.3
2025-06-12 06:45:00,8.0
2025-06-12 11:31:00,61.8
2025-06-12 01:10:00,5.6
2025-06-12 05:42:00,6.1
2025-06-12 16:39:00,48.3
2025-06-12 21:58:00,30.6
2025-06-12 17:36:00,95.8
2025-06-12 09:30:00,36.7
2025-06-12 20:49:00,55.7
2025-06-12 09:32:00,50.15830883217688
2025-06-12 00:28:00,50.15830883217688
2025-06-12 10:29:00,24.6
2025-06-12 16:46:00,67.8
2025-06-12 07:16:00,50.15830883217688
2025-06-12 03:05:00,42.7
2025-06-12 16:08:00,90.8
2025-06-12 02:22:00,24.2
2025-06-12 00:13:00,56.2
2025-06-12 07:56:00,38.5
2025-06-12 22:50:00,85.0
2025-06-12 23:36:00,92.8
2025-06-12 01:35:00,32.3
2025-06-12 09:29:00,84.9
2025-06-12 16:20:00,15.5
2025-06-12 11:39:00,46.7
2025-06-12 23:05:00,81.7
2025-06-12 10:48:00,50.15830883217688
2025-06-12 07:17:00,29.5
2025-06-12 00:21:00,62.4
2025-06-12 17:18:00,79.7
2025-06-12 17:33:00,90.8
2025-06-12 10:14:00,3.2
2025-06-12 17:00:00,8.8
2025-06-12 07:46:00,74.6
2025-06-12 05:15:00,33.4
2025-06-12 15:08:00,60.7
2025-06-12 00:18:00,95.0
2025-06-12 13:11:00,49.3
2025-06-12 19:23:00,50.15830883217688
2025-06-12 17:28:00,44.9
2025-06-12 16:15:00,25.8
2025-06-12 06:55:00,96.6
2025-06-12 00:29:00,59.5
2025-06-12 21:32:00,50.15830883217688
2025-06-12 22:39:00,77.9
2025-06-12 01:32:00,83.5
2025-06-12 15:16:00,97.0
2025-06-12 04:06:00,14.3
2025-06-12 20:56:00,86.7
2025-06-12 14:00:00,84.5
2025-06-12 08:39:00,58.1
2025-06-12 23:49:00,29.2
2025-06-12 07:24:00,92.2
2025-06-12 20:48:00,54.5
2025-06-12 17:05:00,98.8
2025-06-12 19:17:00,12.3
2025-06-12 20:18:00,50.15830883217688
2025-06-12 17:19:00,50.15830883217688
2025-06-12 18:36:00,22.0
2025-06-12 08:49:00,43.4
2025-06-12 18:45:00,48.1
2025-06-12 00:50:00,79.5
2025-06-12 10:23:00,41.1
2025-06-12 14:19:00,71.0
2025-06-12 01:18:00,55.1
2025-06-12 17:35:00,50.15830883217688
2025-06-12 19:56:00,57.2
2025-06-12 22:52:00,92.8
2025-06-12 06:42:00,84.5
2025-06-12 20:28:00,84.2
2025-06-12 04:28:00,25.8
2025-06-12 05:07:00,50.15830883217688
2025-06-12 16:02:00,43.5
2025-06-12 10:32:00,74.3
2025-06-12 12:56:00,9.7
2025-06-12 11:11:00,2.9
2025-06-12 08:15:00,70.0
2025-06-12 06:13:00,50.15830883217688
2025-06-12 09:51:00,78.8
2025-06-12 19:55:00,59.5
2025-06-12 01:46:00,90.1
2025-06-12 01:44:00,46.2
2025-06-12 11:57:00,39.2
2025-06-12 23:29:00,6.6
2025-06-12 20:43:00,39.8
2025-06-12 03:06:00,50.15830883217688
2025-06-12 12:59:00,8.4
2025-06-12 03:20:00,69.2
2025-06-12 12:16:00,50.15830883217688
2025-06-12 05:28:00,86.4
2025-06-12 07:59:00,90.7
2025-06-12 22:28:00,64.9
2025-06-12 21:52:00,66.7
2025-06-12 03:38:00,54.0
2025-06-12 21:10:00,1.3
2025-06-12 00:33:00,43.6
2025-06-12 19:31:00,59.0
2025-06-12 03:46:00,50.15830883217688
2025-06-12 22:47:00,48.5
2025-06-12 17:14:00,83.4
2025-06-12 08:18:00,61.7
2025-06-12 20:35:00,6.5
2025-06-12 06:18:00,80.5
2025-06-12 09:18:00,86.3
2025-06-12 09:05:00,37.2
2025-06-12 21:28:00,39.2
2025-06-12 13:57:00,40.0
2025-06-12 21:18:00,75.4
2025-06-12 14:50:00,98.8
2025-06-12 17:03:00,56.9
2025-06-12 19:33:00,72.5
2025-06-12 01:06:00,37.6
2025-06-12 04:56:00,50.15830883217688
2025-06-12 11:16:00,50.15830883217688
2025-06-12 22:05:00,30.0
2025-06-12 11:33:00,69.3
2025-06-12 03:34:00,32.8
2025-06-12 16:17:00,16.6
2025-06-12 13:31:00,50.15830883217688
2025-06-12 05:44:00,12.8
2025-06-12 08:58:00,28.3
2025-06-12 17:52:00,66.4
2025-06-12 19:35:00,27.1
2025-06-12 04:14:00,97.5
2025-06-12 03:23:00,85.2
2025-06-12 19:03:00,4.7
2025-06-12 06:12:00,50.15830883217688
2025-06-12 07:09:00,81.9
2025-06-12 06:09:00,86.8
2025-06-12 01:30:00,17.4
2025-06-12 15:42:00,50.15830883217688
2025-06-12 12:03:00,59.8
2025-06-12 11:43:00,50.15830883217688
2025-06-12 05:27:00,25.2
2025-06-12 10:03:00,70.5
2025-06-12 13:37:00,85.5
2025-06-12 08:55:00,97.2
2025-06-12 10:09:00,22.4
2025-06-12 19:45:00,8.3
2025-06-12 11:07:00,50.15830883217688
2025-06-12 15:15:00,82.9
2025-06-12 06:44:00,61.0
2025-06-12 15:32:00,75.3
2025-06-12 19:38:00,69.4
2025-06-12 03:17:00,42.9
2025-06-12 00:44:00,45.2
2025-06-12 13:54:00,50.15830883217688
2025-06-12 01:07:00,92.1
2025-06-12 09:04:00,83.2
2025-06-12 03:12:00,89.1
2025-06-12 06:05:00,40.7
2025-06-12 19:19:00,68.8
2025-06-12 05:57:00,92.9
2025-06-12 06:46:00,50.15830883217688
2025-06-12 08:10:00,94.9
2025-06-12 08:36:00,81.2
2025-06-12 21:41:00,42.3
2025-06-12 23:53:00,46.9
2025-06-12 09:27:00,16.9
2025-06-12 19:13:00,52.2
2025-06-12 05:59:00,85.0
2025-06-12 07:21:00,29.6
2025-06-12 09:11:00,15.9
2025-06-12 20:36:00,12.8
2025-06-12 06:19:00,76.9
2025-06-12 00:42:00,63.4
2025-06-12 03:22:00,98.4
2025-06-12 14:02:00,32.1
2025-06-12 10:06:00,3.4
2025-06-12 18:39:00,51.2
2025-06-12 13:06:00,36.5
2025-06-12 21:22:00,61.6
2025-06-12 02:30:00,31.5
2025-06-12 10:44:00,68.5
2025-06-12 02:12:00,4.6
2025-06-12 13:43:00,50.5
2025-06-12 03:18:00,50.8
2025-06-12 08:57:00,75.9
2025-06-12 07:11:00,19.9
2025-06-12 22:45:00,20.9
2025-06-12 14:51:00,83.4
2025-06-12 13:17:00,50.05645730416373
2025-06-12 18:18:00,47.7
2025-06-12 10:43:00,52.3
2025-06-12 01:47:00,36.0
2025-06-12 10:14:00,62.1
2025-06-12 09:55:00,50.05645730416373
2025-06-12 07:00:00,40.3
2025-06-12 14:13:00,1.5
2025-06-12 11:30:00,25.3
2025-06-12 08:54:00,80.8
2025-06-12 17:34:00,80.2
2025-06-12 22:40:00,64.2
2025-06-12 06:13:00,88.4
2025-06-12 03:56:00,41.7
2025-06-12 02:16:00,17.3
2025-06-12 04:16:00,47.6
2025-06-12 21:14:00,7.9
2025-06-12 07:05:00,50.05645730416373
2025-06-12 01:50:00,41.1
2025-06-12 23:32:00,9.2
2025-06-12 11:52:00,28.0
2025-06-12 23:50:00,47.1
2025-06-12 15:22:00,3.9
2025-06-12 16:00:00,87.0
2025-06-12 00:44:00,73.7
2025-06-12 16:10:00,72.3
2025-06-12 14:14:00,5.2
2025-06-12 19:45:00,55.2
2025-06-12 02:54:00,50.05645730416373
2025-06-12 22:42:00,81.9
2025-06-12 12:02:00,50.05645730416373
2025-06-12 18:55:00,50.05645730416373
2025-06-12 18:44:00,50.9
2025-06-12 02:50:00,25.6
2025-06-12 10:27:00,50.05645730416373
2025-06-12 10:45:00,58.5
2025-06-12 15:17:00,36.6
2025-06-12 08:28:00,17.8
2025-06-12 11:45:00,45.4
2025-06-12 03:12:00,42.9
2025-06-12 23:58:00,50.05645730416373
2025-06-12 22:56:00,64.3
2025-06-12 22:08:00,31.8
2025-06-12 20:29:00,50.05645730416373
2025-06-12 06:22:00,85.3
2025-06-12 00:47:00,37.4
2025-06-12 00:35:00,79.9
2025-06-12 14:30:00,47.9
2025-06-12 21:49:00,69.3
2025-06-12 20:49:00,50.05645730416373
2025-06-12 14:47:00,68.6
2025-06-12 23:07:00,17.7
2025-06-12 06:52:00,59.1
2025-06-12 19:24:00,75.8
2025-06-12 02:09:00,68.1
2025-06-12 12:27:00,58.4
2025-06-12 20:22:00,50.05645730416373
2025-06-12 06:17:00,50.05645730416373
2025-06-12 20:32:00,56.9
2025-06-12 17:01:00,85.7
2025-06-12 04:06:00,19.9
2025-06-12 12:23:00,41.1
2025-06-12 06:39:00,57.0
2025-06-12 03:51:00,44.6
2025-06-12 13:08:00,73.1
2025-06-12 04:37:00,90.5
2025-06-12 04:25:00,30.6
2025-06-12 11:03:00,26.9
2025-06-12 03:21:00,76.1
2025-06-12 22:24:00,69.7
2025-06-12 03:09:00,83.9
2025-06-12 22:20:00,30.9
2025-06-12 12:04:00,22.5
2025-06-12 22:15:00,28.7
2025-06-12 23:30:00,80.1
2025-06-12 22:01:00,93.3
2025-06-12 21:06:00,50.05645730416373
2025-06-12 01:33:00,17.5
2025-06-12 04:48:00,47.1
2025-06-12 19:34:00,99.7
2025-06-12 18:17:00,39.3
2025-06-12 11:25:00,24.8
2025-06-12 14:42:00,97.3
2025-06-12 03:11:00,39.1
2025-06-12 16:29:00,50.05645730416373
2025-06-12 06:33:00,50.05645730416373
2025-06-12 22:09:00,50.05645730416373
2025-06-12 18:16:00,94.8
2025-06-12 03:16:00,60.1
2025-06-12 16:36:00,31.6
2025-06-12 18:32:00,95.5
2025-06-12 17:30:00,60.3
2025-06-12 22:29:00,64.7
2025-06-12 09:17:00,25.1
2025-06-12 11:59:00,50.05645730416373
2025-06-12 10:26:00,26.4
2025-06-12 16:40:00,76.3
2025-06-12 09:07:00,80.2
2025-06-12 12:06:00,19.2
2025-06-12 18:47:00,22.2
2025-06-12 11:11:00,43.6
2025-06-12 04:07:00,73.9
2025-06-12 17:40:00,95.8
2025-06-12 08:37:00,93.6
2025-06-12 01:11:00,43.6
2025-06-12 21:34:00,60.1
2025-06-12 16:20:00,23.2
2025-06-12 12:52:00,5.3
2025-06-12 17:38:00,12.7
2025-06-12 14:44:00,49.5
2025-06-12 13:14:00,50.05645730416373
2025-06-12 08:16:00,86.4
2025-06-12 13:28:00,20.4
2025-06-12 05:41:00,13.8
2025-06-12 08:17:00,51.2
2025-06-12 03:20:00,72.6
2025-06-12 14:57:00,50.05645730416373
2025-06-12 05:37:00,37.0
2025-06-12 15:53:00,64.5
2025-06-12 11:01:00,2.8
2025-06-12 07:10:00,47.0
2025-06-12 11:43:00,93.3
2025-06-12 20:31:00,91.6
2025-06-12 09:56:00,13.4
2025-06-12 05:58:00,95.3
2025-06-12 14:20:00,50.05645730416373
2025-06-12 01:38:00,6.6
2025-06-12 05:17:00,56.3
2025-06-12 02:44:00,92.7
2025-06-12 08:43:00,49.2
2025-06-12 19:17:00,55.5
2025-06-12 23:23:00,97.4
2025-06-12 13:35:00,11.6
2025-06-12 23:13:00,87.8
2025-06-12 16:39:00,15.8
2025-06-12 02:34:00,61.3
2025-06-12 07:25:00,51.6
2025-06-12 12:49:00,21.9
2025-06-12 08:21:00,29.2
2025-06-12 18:58:00,11.3
2025-06-12 07:38:00,47.9
2025-06-12 15:39:00,9.5
2025-06-12 07:45:00,7.9
2025-06-12 03:01:00,16.4
2025-06-12 18:00:00,59.3
2025-06-12 14:03:00,16.5
2025-06-12 12:39:00,28.2
2025-06-12 01:13:00,50.05645730416373
2025-06-12 04:33:00,50.05645730416373
2025-06-12 04:13:00,89.7
2025-06-12 06:29:00,32.8
2025-06-12 14:23:00,20.3
2025-06-12 02:31:00,50.05645730416373
2025-06-12 07:04:00,68.8
2025-06-12 06:35:00,33.6
2025-06-12 16:19:00,85.4
2025-06-12 08:30:00,50.05645730416373
2025-06-12 10:00:00,77.8
2025-06-12 04:40:00,50.05645730416373
2025-06-12 21:05:00,15.9
2025-06-12 15:59:00,92.1
2025-06-12 01:42:00,87.2
2025-06-12 01:56:00,60.1
2025-06-12 20:13:00,31.1
2025-06-12 13:21:00,63.3
2025-06-12 21:33:00,5.1
2025-06-12 00:07:00,38.8
2025-06-12 19:42:00,50.05645730416373
2025-06-12 01:21:00,31.6
2025-06-12 08:42:00,28.7
2025-06-12 18:43:00,35.9
2025-06-12 09:48:00,49.7
2025-06-12 19:00:00,43.5
2025-06-12 15:18:00,50.05645730416373
2025-06-12 07:54:00,50.05645730416373
2025-06-12 19:23:00,35.4
2025-06-12 11:26:00,12.4
2025-06-12 03:14:00,21.6
2025-06-12 05:16:00,71.8
2025-06-12 21:47:00,74.7
2025-06-12 14:08:00,50.05645730416373
2025-06-12 22:50:00,38.4
2025-06-12 22:07:00,80.3
2025-06-12 18:41:00,1.9
2025-06-12 15:51:00,50.05645730416373
2025-06-12 15:52:00,69.5
2025-06-12 19:26:00,50.05645730416373
2025-06-12 08:22:00,68.0
2025-06-12 16:41:00,50.05645730416373
2025-06-12 00:52:00,2.8
2025-06-12 00:22:00,50.05645730416373
2025-06-12 09:16:00,83.5
2025-06-12 04:11:00,97.0
2025-06-12 09:35:00,27.4
2025-06-12 01:15:00,35.3
2025-06-12 09:37:00,71.5
2025-06-12 00:10:00,76.5
2025-06-12 06:58:00,90.1
2025-06-12 11:41:00,58.3
2025-06-12 20:53:00,0.7
2025-06-12 05:19:00,18.9
2025-06-12 16:54:00,50.05645730416373
2025-06-12 11:37:00,27.3
2025-06-12 14:28:00,50.05645730416373
2025-06-12 21:19:00,67.6
2025-06-12 19:21:00,46.6
2025-06-12 06:28:00,37.3
2025-06-12 01:48:00,67.8
2025-06-12 03:50:00,50.05645730416373
2025-06-12 21:04:00,98.1
2025-06-12 18:56:00,73.2
2025-06-12 21:43:00,58.7
2025-06-12 18:21:00,32.7
2025-06-12 13:15:00,61.5
2025-06-12 23:41:00,21.4
2025-06-12 05:51:00,16.5
2025-06-12 06:20:00,87.4
2025-06-12 13:05:00,56.6
2025-06-12 00:23:00,27.6
2025-06-12 18:39:00,56.5
2025-06-12 18:28:00,91.5
2025-06-12 02:57:00,50.05645730416373
2025-06-12 07:16:00,86.9
2025-06-12 00:14:00,4.7
2025-06-12 21:22:00,48.2
2025-06-12 04:08:00,18.3
2025-06-12 18:11:00,8.6
2025-06-12 10:38:00,1.2
2025-06-12 03:54:00,12.2
2025-06-12 00:01:00,89.9
2025-06-12 16:08:00,50.05645730416373
2025-06-12 10:11:00,39.3
2025-06-12 22:21:00,64.9
2025-06-12 23:57:00,7.1
2025-06-12 17:27:00,15.5
2025-06-12 16:52:00,75.6
2025-06-12 05:04:00,77.5
2025-06-12 01:23:00,63.1
2025-06-12 03:15:00,0.9
2025-06-12 03:52:00,50.05645730416373
2025-06-12 15:45:00,9.9
2025-06-12 23:29:00,50.05645730416373
2025-06-12 02:10:00,92.8
2025-06-12 23:53:00,58.2
2025-06-12 02:33:00,38.7
2025-06-12 03:57:00,50.05645730416373
2025-06-12 01:03:00,28.1
2025-06-12 20:25:00,72.1
2025-06-12 00:02:00,61.0
2025-06-12 19:15:00,24.9
2025-06-12 15:25:00,43.3
2025-06-12 07:07:00,73.3
2025-06-12 06:54:00,62.9
2025-06-12 16:18:00,60.1
2025-06-12 02:00:00,9.8
2025-06-12 23:02:00,50.05645730416373
2025-06-12 12:09:00,77.7
2025-06-12 19:58:00,28.4
2025-06-12 06:37:00,64.6
2025-06-12 15:44:00,40.8
2025-06-12 13:53:00,14.8
2025-06-12 11:07:00,28.6
2025-06-12 09:25:00,64.2
2025-06-12 15:35:00,31.3
2025-06-12 09:38:00,56.2
2025-06-12 00:36:00,3.7
2025-06-12 21:23:00,50.05645730416373
2025-06-12 23:42:00,67.8
2025-06-12 15:19:00,26.2
2025-06-12 03:04:00,37.7
2025-06-12 23:11:00,28.0
2025-06-12 20:58:00,66.4
2025-06-12 01:17:00,70.7
2025-06-12 06:19:00,59.1
2025-06-12 11:19:00,3.8
2025-06-12 05:57:00,7.9
2025-06-12 11:18:00,67.6
2025-06-12 18:03:00,34.8
2025-06-12 06:08:00,23.2
2025-06-12 11:02:00,50.05645730416373
2025-06-12 15:03:00,50.05645730416373
2025-06-12 17:08:00,50.05645730416373
2025-06-12 05:49:00,36.4
2025-06-12 02:58:00,64.5
2025-06-12 12:45:00,8.0
2025-06-12 11:05:00,21.4
2025-06-12 03:36:00,98.7
2025-06-12 21:25:00,55.2
2025-06-12 20:38:00,96.6
2025-06-12 14:18:00,24.1
2025-06-12 02:36:00,50.05645730416373
2025-06-12 19:36:00,68.1
2025-06-12 00:38:00,27.5
2025-06-12 22:28:00,99.1
2025-06-12 15:58:00,11.3
2025-06-12 15:50:00,85.0
2025-06-12 12:35:00,14.6
2025-06-12 13:09:00,87.8
2025-06-12 08:13:00,15.2
2025-06-12 01:51:00,43.3
2025-06-12 10:47:00,20.5
2025-06-12 16:04:00,10.8
2025-06-12 23:39:00,69.0
2025-06-12 05:39:00,40.8
2025-06-12 05:08:00,29.4
2025-06-12 08:27:00,38.3
2025-06-12 21:44:00,1.1
2025-06-12 10:24:00,20.3
2025-06-12 17:41:00,71.1
2025-06-12 14:58:00,49.90502819548872
2025-06-12 12:45:00,95.3
2025-06-12 01:00:00,84.1
2025-06-12 12:12:00,42.1
2025-06-12 12:34:00,49.90502819548872
2025-06-12 20:12:00,5.9
2025-06-12 08:58:00,98.1
2025-06-12 07:12:00,44.1
2025-06-12 13:03:00,5.7
2025-06-12 15:14:00,83.2
2025-06-12 15:48:00,26.8
2025-06-12 04:23:00,19.6
2025-06-12 18:24:00,72.0
2025-06-12 22:15:00,61.1
2025-06-12 01:28:00,28.3
2025-06-12 01:44:00,52.4
2025-06-12 07:32:00,49.90502819548872
2025-06-12 19:17:00,54.5
2025-06-12 10:51:00,49.0
2025-06-12 01:03:00,94.7
2025-06-12 22:46:00,5.8
2025-06-12 09:21:00,57.3
2025-06-12 22:39:00,49.90502819548872
2025-06-12 20:49:00,49.90502819548872
2025-06-12 14:40:00,68.5
2025-06-12 13:42:00,59.4
2025-06-12 02:08:00,62.5
2025-06-12 20:22:00,90.5
2025-06-12 03:35:00,49.90502819548872
2025-06-12 22:11:00,42.9
2025-06-12 03:50:00,11.8
2025-06-12 01:34:00,49.90502819548872
2025-06-12 16:35:00,27.7
2025-06-12 10:12:00,1.3
2025-06-12 01:05:00,14.2
2025-06-12 11:20:00,24.9
2025-06-12 08:32:00,53.2
2025-06-12 19:23:00,50.0
2025-06-12 09:29:00,42.7
2025-06-12 15:42:00,5.4
2025-06-12 09:34:00,76.8
2025-06-12 22:42:00,61.5
2025-06-12 14:06:00,11.8
2025-06-12 23:34:00,9.1
2025-06-12 10:14:00,49.90502819548872
2025-06-12 20:55:00,46.5
2025-06-12 10:42:00,4.5
2025-06-12 13:53:00,61.0
2025-06-12 23:11:00,84.9
2025-06-12 12:33:00,73.8
2025-06-12 09:47:00,33.7
2025-06-12 09:12:00,57.8
2025-06-12 06:18:00,49.90502819548872
2025-06-12 06:19:00,3.5
2025-06-12 17:23:00,49.90502819548872
2025-06-12 16:01:00,1.6
2025-06-12 07:03:00,27.1
2025-06-12 16:02:00,49.90502819548872
2025-06-12 16:40:00,85.6
2025-06-12 00:02:00,80.8
2025-06-12 07:08:00,58.9
2025-06-12 00:44:00,75.4
2025-06-12 05:55:00,47.0
2025-06-12 16:36:00,44.6
2025-06-12 04:49:00,8.4
2025-06-12 16:57:00,60.3
2025-06-12 14:24:00,23.3
2025-06-12 01:46:00,79.6
2025-06-12 09:08:00,63.1
2025-06-12 08:12:00,78.5
2025-06-12 12:20:00,46.3
2025-06-12 09:55:00,49.90502819548872
2025-06-12 21:01:00,52.9
2025-06-12 00:57:00,39.7
2025-06-12 19:50:00,70.0
2025-06-12 03:20:00,3.4
2025-06-12 15:07:00,49.90502819548872
2025-06-12 16:56:00,60.5
2025-06-12 04:25:00,49.90502819548872
2025-06-12 02:06:00,64.5
2025-06-12 03:38:00,49.90502819548872
2025-06-12 14:07:00,49.90502819548872
2025-06-12 19:48:00,5.0
2025-06-12 20:25:00,86.4
2025-06-12 04:50:00,34.5
2025-06-12 15:54:00,3.5
2025-06-12 19:42:00,89.7
2025-06-12 23:16:00,49.90502819548872
2025-06-12 14:37:00,3.3
2025-06-12 23:47:00,92.9
2025-06-12 05:43:00,19.6
2025-06-12 02:38:00,4.6
2025-06-12 20:26:00,68.1
2025-06-12 21:22:00,76.8
2025-06-12 08:27:00,80.0
2025-06-12 19:15:00,23.4
2025-06-12 11:53:00,51.7
2025-06-12 07:25:00,72.5
2025-06-12 17:34:00,39.0
2025-06-12 19:26:00,28.9
2025-06-12 03:22:00,80.8
2025-06-12 17:56:00,51.3
2025-06-12 11:03:00,49.90502819548872
2025-06-12 07:13:00,15.1
2025-06-12 01:33:00,89.1
2025-06-12 19:45:00,23.0
2025-06-12 20:51:00,17.6
2025-06-12 22:24:00,53.9
2025-06-12 14:18:00,89.2
2025-06-12 19:22:00,94.1
2025-06-12 06:26:00,49.90502819548872
2025-06-12 19:08:00,67.7
2025-06-12 18:41:00,94.7
2025-06-12 22:36:00,11.6
2025-06-12 05:40:00,29.1
2025-06-12 10:21:00,66.4
2025-06-12 11:59:00,59.1
2025-06-12 09:23:00,76.8
2025-06-12 19:24:00,92.2
2025-06-12 22:38:00,49.90502819548872
2025-06-12 15:09:00,29.7
2025-06-12 18:23:00,41.9
2025-06-12 18:59:00,49.90502819548872
2025-06-12 02:40:00,24.7
2025-06-12 19:31:00,9.3
2025-06-12 03:15:00,94.4
2025-06-12 12:02:00,70.4
2025-06-12 06:06:00,19.9
2025-06-12 06:36:00,86.0
2025-06-12 18:05:00,8.0
2025-06-12 10:05:00,49.90502819548872
2025-06-12 19:09:00,59.6
2025-06-12 16:05:00,97.6
2025-06-12 20:53:00,98.9
2025-06-12 09:39:00,49.90502819548872
2025-06-12 00:35:00,86.2
2025-06-12 05:13:00,54.4
2025-06-12 03:27:00,73.6
2025-06-12 17:07:00,84.0
2025-06-12 21:57:00,96.1
2025-06-12 10:55:00,89.4
2025-06-12 08:56:00,99.1
2025-06-12 18:46:00,47.0
2025-06-12 05:10:00,42.3
2025-06-12 06:01:00,14.4
2025-06-12 02:43:00,21.8
2025-06-12 22:13:00,29.3
2025-06-12 19:59:00,49.90502819548872
2025-06-12 22:43:00,92.5
2025-06-12 17:26:00,49.90502819548872
2025-06-12 19:13:00,32.2
2025-06-12 17:05:00,85.0
2025-06-12 10:20:00,4.0
2025-06-12 15:27:00,14.3
2025-06-12 08:43:00,36.1
2025-06-12 06:42:00,13.9
2025-06-12 09:44:00,31.6
2025-06-12 05:35:00,50.1
2025-06-12 21:04:00,11.3
2025-06-12 15:33:00,49.90502819548872
2025-06-12 09:46:00,49.90502819548872
2025-06-12 06:38:00,68.9
2025-06-12 02:10:00,29.8
2025-06-12 01:14:00,33.0
2025-06-12 03:02:00,24.5
2025-06-12 05:17:00,49.90502819548872
2025-06-12 05:23:00,49.90502819548872
2025-06-12 00:52:00,87.9
2025-06-12 08:17:00,83.2
2025-06-12 17:38:00,88.8
2025-06-12 00:22:00,90.2
2025-06-12 19:38:00,3.8
2025-06-12 06:12:00,88.0
2025-06-12 21:02:00,49.90502819548872
2025-06-12 23:18:00,61.2
2025-06-12 12:53:00,76.6
2025-06-12 20:38:00,63.0
2025-06-12 20:08:00,33.5
2025-06-12 13:20:00,0.2
2025-06-12 11:21:00,6.7
2025-06-12 11:48:00,16.2
2025-06-12 03:54:00,53.7
2025-06-12 01:18:00,13.2
2025-06-12 06:09:00,30.3
2025-06-12 15:55:00,19.5
2025-06-12 02:00:00,58.7
2025-06-12 16:54:00,60.3
2025-06-12 05:47:00,37.7
2025-06-12 01:11:00,80.8
2025-06-12 12:59:00,52.2
2025-06-12 10:23:00,32.6
2025-06-12 21:45:00,8.5
2025-06-12 10:11:00,49.90502819548872
2025-06-12 19:53:00,62.2
2025-06-12 05:01:00,41.8
2025-06-12 17:03:00,52.2
2025-06-12 19:30:00,29.7
2025-06-12 20:14:00,84.5
2025-06-12 20:50:00,48.0
2025-06-12 18:20:00,49.6
2025-06-12 21:56:00,39.3
2025-06-12 11:45:00,54.0
2025-06-12 13:05:00,15.3
2025-06-12 00:54:00,41.9
2025-06-12 20:01:00,96.3
2025-06-12 13:55:00,41.0
2025-06-12 23:57:00,70.0
2025-06-12 05:07:00,30.4
2025-06-12 22:50:00,88.9
2025-06-12 15:03:00,76.1
2025-06-12 20:16:00,70.5
2025-06-12 02:19:00,1.1
2025-06-12 08:04:00,35.3
2025-06-12 10:10:00,76.7
2025-06-12 11:30:00,76.4
2025-06-12 18:01:00,35.7
2025-06-12 15:18:00,25.3
2025-06-12 02:53:00,32.0
2025-06-12 06:02:00,55.0
2025-06-12 08:30:00,12.0
2025-06-12 15:17:00,8.4
2025-06-12 13:39:00,90.4
2025-06-12 16:28:00,83.9
2025-06-12 22:06:00,43.5
2025-06-12 22:00:00,49.90502819548872
2025-06-12 18:18:00,28.0
2025-06-12 07:07:00,49.90502819548872
2025-06-12 05:08:00,14.6
2025-06-12 23:26:00,11.5
2025-06-12 13:06:00,49.90502819548872
2025-06-12 03:29:00,29.2
2025-06-12 20:34:00,14.8
2025-06-12 22:44:00,75.1
2025-06-12 02:09:00,7.9
2025-06-12 01:15:00,49.90502819548872
2025-06-12 05:21:00,75.3
2025-06-12 17:54:00,45.7
2025-06-12 20:39:00,81.0
2025-06-12 06:31:00,49.90502819548872
2025-06-12 02:17:00,64.6
2025-06-12 17:14:00,32.9
2025-06-12 21:36:00,49.90502819548872
2025-06-12 12:52:00,57.0
2025-06-12 02:24:00,9.7
2025-06-12 21:49:00,49.90502819548872
2025-06-12 02:32:00,44.1
2025-06-12 00:27:00,47.6
2025-06-12 10:53:00,68.1
2025-06-12 19:57:00,40.3
2025-06-12 11:02:00,68.4
2025-06-12 23:58:00,87.2
2025-06-12 01:24:00,97.7
2025-06-12 22:54:00,56.3
2025-06-12 13:57:00,0.2
2025-06-12 15:34:00,19.2
2025-06-12 11:58:00,82.2
2025-06-12 09:24:00,57.9
2025-06-12 20:18:00,5.3
2025-06-12 10:43:00,35.4
2025-06-12 16:12:00,69.0
2025-06-12 21:25:00,44.3
2025-06-12 19:10:00,63.8
2025-06-12 22:58:00,34.0
2025-06-12 23:10:00,78.5
2025-06-12 16:32:00,71.4
2025-06-12 13:56:00,16.0
2025-06-12 20:06:00,19.3
2025-06-12 23:28:00,14.6
2025-06-12 11:17:00,49.90502819548872
2025-06-12 23:45:00,59.9
2025-06-12 03:00:00,51.9
2025-06-12 11:55:00,49.90502819548872
2025-06-12 08:33:00,7.2
2025-06-12 09:02:00,49.90502819548872
2025-06-12 09:26:00,3.9
2025-06-12 01:27:00,86.2
2025-06-12 00:43:00,35.6
2025-06-12 19:11:00,91.5
2025-06-12 03:44:00,52.7
2025-06-12 14:43:00,76.5
2025-06-12 01:04:00,49.90502819548872
2025-06-12 20:14:00,65.6
2025-06-12 14:43:00,80.8
2025-06-12 21:44:00,50.475078938135894
2025-06-12 02:21:00,40.3
2025-06-12 19:06:00,99.2
2025-06-12 16:14:00,85.5
2025-06-12 15:40:00,62.3
2025-06-12 22:29:00,66.5
2025-06-12 15:26:00,6.3
2025-06-12 12:54:00,76.2
2025-06-12 11:24:00,66.9
2025-06-12 19:12:00,85.2
2025-06-12 03:03:00,38.7
2025-06-12 16:23:00,32.4
2025-06-12 06:12:00,13.2
2025-06-12 06:57:00,73.6
2025-06-12 15:06:00,94.2
2025-06-12 17:38:00,50.475078938135894
2025-06-12 16:16:00,32.4
2025-06-12 01:52:00,73.6
2025-06-12 06:02:00,20.2
2025-06-12 02:10:00,50.475078938135894
2025-06-12 12:52:00,67.8
2025-06-12 18:41:00,64.1
2025-06-12 05:46:00,50.475078938135894
2025-06-12 01:08:00,65.7
2025-06-12 04:32:00,94.7
2025-06-12 01:04:00,84.4
2025-06-12 00:30:00,96.6
2025-06-12 18:27:00,50.475078938135894
2025-06-12 08:06:00,91.1
2025-06-12 13:13:00,1.1
2025-06-12 11:55:00,76.1
2025-06-12 20:01:00,50.475078938135894
2025-06-12 16:03:00,50.475078938135894
2025-06-12 18:51:00,0.7
2025-06-12 15:58:00,32.9
2025-06-12 21:56:00,55.9
2025-06-12 00:03:00,98.7
2025-06-12 06:06:00,98.0
2025-06-12 00:28:00,90.3
2025-06-12 19:31:00,50.2
2025-06-12 12:46:00,89.9
2025-06-12 19:04:00,50.475078938135894
2025-06-12 04:12:00,50.475078938135894
2025-06-12 06:42:00,61.2
2025-06-12 04:04:00,50.2
2025-06-12 16:52:00,16.3
2025-06-12 19:07:00,71.2
2025-06-12 07:44:00,18.1
2025-06-12 18:24:00,31.2
2025-06-12 09:22:00,87.5
2025-06-12 10:50:00,65.0
2025-06-12 22:41:00,39.3
2025-06-12 01:29:00,9.2
2025-06-12 22:09:00,50.475078938135894
2025-06-12 10:12:00,50.475078938135894
2025-06-12 13:04:00,89.0
2025-06-12 15:23:00,19.9
2025-06-12 22:33:00,98.7
2025-06-12 14:49:00,50.475078938135894
2025-06-12 07:19:00,45.7
2025-06-12 04:59:00,60.1
2025-06-12 13:06:00,69.1
2025-06-12 07:52:00,91.7
2025-06-12 22:16:00,22.0
2025-06-12 18:59:00,53.6
2025-06-12 18:55:00,23.7
2025-06-12 06:17:00,44.2
2025-06-12 05:39:00,12.7
2025-06-12 18:10:00,50.475078938135894
2025-06-12 19:28:00,99.5
2025-06-12 14:00:00,84.5
2025-06-12 00:43:00,67.4
2025-06-12 02:35:00,69.5
2025-06-12 20:18:00,19.9
2025-06-12 23:39:00,99.7
2025-06-12 05:38:00,43.4
2025-06-12 17:06:00,81.7
2025-06-12 13:55:00,89.7
2025-06-12 12:32:00,48.1
2025-06-12 20:07:00,50.475078938135894
2025-06-12 06:56:00,7.9
2025-06-12 20:36:00,29.0
2025-06-12 02:44:00,63.2
2025-06-12 11:07:00,50.475078938135894
2025-06-12 12:51:00,53.0
2025-06-12 14:03:00,75.0
2025-06-12 22:38:00,54.2
2025-06-12 10:57:00,19.1
2025-06-12 12:36:00,61.6
2025-06-12 00:42:00,50.475078938135894
2025-06-12 20:51:00,58.1
2025-06-12 04:50:00,5.2
2025-06-12 14:16:00,50.475078938135894
2025-06-12 00:34:00,35.8
2025-06-12 02:42:00,27.4
2025-06-12 05:40:00,84.3
2025-06-12 07:30:00,54.6
2025-06-12 23:45:00,95.1
2025-06-12 04:23:00,45.2
2025-06-12 01:43:00,25.7
2025-06-12 01:15:00,50.475078938135894
2025-06-12 10:51:00,39.5
2025-06-12 15:57:00,74.8
2025-06-12 23:30:00,16.5
2025-06-12 14:18:00,30.5
2025-06-12 06:10:00,64.6
2025-06-12 17:10:00,6.2
2025-06-12 16:10:00,37.6
2025-06-12 01:53:00,8.7
2025-06-12 23:43:00,50.475078938135894
2025-06-12 20:30:00,8.8
2025-06-12 06:31:00,38.0
2025-06-12 19:41:00,50.475078938135894
2025-06-12 16:46:00,65.6
2025-06-12 20:37:00,15.1
2025-06-12 14:39:00,38.0
2025-06-12 23:24:00,42.8
2025-06-12 07:34:00,20.3
2025-06-12 02:56:00,45.3
2025-06-12 15:19:00,83.6
2025-06-12 06:55:00,50.475078938135894
2025-06-12 21:12:00,74.9
2025-06-12 21:17:00,12.5
2025-06-12 09:14:00,91.1
2025-06-12 03:24:00,32.9
2025-06-12 05:06:00,53.8
2025-06-12 17:43:00,69.9
2025-06-12 05:47:00,10.6
2025-06-12 14:58:00,36.0
2025-06-12 12:59:00,18.9
2025-06-12 08:02:00,49.4
2025-06-12 13:15:00,50.475078938135894
2025-06-12 09:56:00,50.475078938135894
2025-06-12 09:13:00,36.8
2025-06-12 04:20:00,50.475078938135894
2025-06-12 09:36:00,3.1
2025-06-12 08:58:00,61.2
2025-06-12 13:56:00,48.1
2025-06-12 22:02:00,24.5
2025-06-12 20:00:00,97.3
2025-06-12 17:08:00,18.0
2025-06-12 02:40:00,72.1
2025-06-12 01:01:00,59.3
2025-06-12 13:47:00,58.5
2025-06-12 00:02:00,50.475078938135894
2025-06-12 01:07:00,75.3
2025-06-12 15:49:00,13.9
2025-06-12 21:37:00,33.0
2025-06-12 20:40:00,98.6
2025-06-12 13:23:00,34.2
2025-06-12 09:48:00,12.3
2025-06-12 17:55:00,63.1
2025-06-12 10:55:00,26.4
2025-06-12 07:08:00,79.3
2025-06-12 03:27:00,72.0
2025-06-12 16:13:00,50.475078938135894
2025-06-12 12:50:00,20.8
2025-06-12 21:21:00,50.475078938135894
2025-06-12 09:27:00,42.3
2025-06-12 01:00:00,93.1
2025-06-12 05:13:00,40.5
2025-06-12 19:02:00,60.8
2025-06-12 11:58:00,50.475078938135894
2025-06-12 05:32:00,75.4
2025-06-12 10:30:00,47.4
2025-06-12 08:54:00,20.1
2025-06-12 15:13:00,76.9
2025-06-12 23:05:00,10.7
2025-06-12 06:45:00,17.1
2025-06-12 19:26:00,21.4
2025-06-12 09:06:00,50.475078938135894
2025-06-12 07:27:00,50.475078938135894
2025-06-12 01:36:00,50.475078938135894
2025-06-12 21:58:00,58.8
2025-06-12 03:20:00,93.5
2025-06-12 17:31:00,97.1
2025-06-12 03:29:00,68.7
2025-06-12 01:09:00,67.5
2025-06-12 09:34:00,93.2
2025-06-12 11:34:00,80.3
2025-06-12 04:15:00,7.5
2025-06-12 19:00:00,79.8
2025-06-12 10:40:00,50.475078938135894
2025-06-12 16:19:00,0.5
2025-06-12 01:28:00,9.4
2025-06-12 06:41:00,21.6
2025-06-12 09:08:00,31.9
2025-06-12 17:01:00,0.9
2025-06-12 07:31:00,55.6
2025-06-12 21:01:00,15.5
2025-06-12 10:21:00,88.8
2025-06-12 05:59:00,29.6
2025-06-12 03:41:00,14.1
2025-06-12 18:52:00,76.1
2025-06-12 13:57:00,19.0
2025-06-12 15:22:00,95.8
2025-06-12 17:29:00,82.3
2025-06-12 09:30:00,35.0
2025-06-12 02:36:00,47.1
2025-06-12 04:46:00,99.4
2025-06-12 02:48:00,10.0
2025-06-12 04:41:00,50.475078938135894
2025-06-12 22:08:00,61.3
2025-06-12 12:15:00,63.0
2025-06-12 20:52:00,70.7
2025-06-12 23:08:00,96.0
2025-06-12 12:28:00,50.475078938135894
2025-06-12 02:26:00,86.4
2025-06-12 23:51:00,57.7
2025-06-12 13:26:00,85.2
2025-06-12 17:49:00,59.8
2025-06-12 20:09:00,49.8
2025-06-12 03:01:00,30.4
2025-06-12 04:55:00,50.475078938135894
2025-06-12 11:54:00,84.3
2025-06-12 09:47:00,7.4
2025-06-12 08:17:00,59.8
2025-06-12 17:03:00,38.1
2025-06-12 01:46:00,50.475078938135894
2025-06-12 15:09:00,50.475078938135894
2025-06-12 05:25:00,11.8
2025-06-12 16:40:00,46.5
2025-06-12 00:47:00,13.6
2025-06-12 17:40:00,13.1
2025-06-12 07:12:00,79.0
2025-06-12 19:47:00,76.2
2025-06-12 09:31:00,11.4
2025-06-12 10:38:00,14.5
2025-06-12 15:12:00,99.2
2025-06-12 13:34:00,0.8
2025-06-12 16:44:00,11.9
2025-06-12 18:16:00,37.2
2025-06-12 19:15:00,33.0
2025-06-12 09:29:00,93.6
2025-06-12 02:14:00,30.8
2025-06-12 08:59:00,37.2
2025-06-12 19:51:00,48.0
2025-06-12 16:05:00,26.0
2025-06-12 00:44:00,4.3
2025-06-12 03:06:00,43.9
2025-06-12 10:56:00,47.8
2025-06-12 22:17:00,57.5
2025-06-12 03:32:00,59.2
2025-06-12 04:03:00,2.4
2025-06-12 01:17:00,58.1
2025-06-12 16:38:00,55.0
2025-06-12 11:38:00,12.0
2025-06-12 15:53:00,50.475078938135894
2025-06-12 02:32:00,50.3
2025-06-12 08:39:00,20.2
2025-06-12 17:00:00,50.475078938135894
2025-06-12 00:05:00,17.6
2025-06-12 10:54:00,50.475078938135894
2025-06-12 08:13:00,68.5
2025-06-12 22:32:00,28.4
2025-06-12 13:43:00,49.5
2025-06-12 01:30:00,16.0
2025-06-12 12:33:00,64.8
2025-06-12 14:44:00,93.7
2025-06-12 21:48:00,26.9
2025-06-12 07:23:00,41.9
2025-06-12 18:22:00,59.9
2025-06-12 09:28:00,96.0
2025-06-12 14:17:00,76.1
2025-06-12 04:29:00,63.1
2025-06-12 12:14:00,46.4
2025-06-12 13:30:00,45.6
2025-06-12 03:38:00,1.0
2025-06-12 06:48:00,88.7
2025-06-12 11:14:00,13.4
2025-06-12 19:17:00,89.5
2025-06-12 13:41:00,53.4
2025-06-12 16:29:00,65.2
2025-06-12 03:10:00,59.5
2025-06-12 22:56:00,17.0
2025-06-12 15:34:00,53.7
2025-06-12 14:08:00,14.4
2025-06-12 10:36:00,50.475078938135894
2025-06-12 12:30:00,50.475078938135894
2025-06-12 02:11:00,50.475078938135894
2025-06-12 01:58:00,77.6
2025-06-12 03:11:00,31.1
2025-06-12 07:15:00,64.3
2025-06-12 09:11:00,85.3
2025-06-12 21:51:00,82.5
2025-06-12 14:55:00,24.3
2025-06-12 21:28:00,75.2
2025-06-12 19:37:00,93.2
2025-06-12 09:20:00,82.1
2025-06-12 00:14:00,50.475078938135894
2025-06-12 15:27:00,80.6
2025-06-12 14:45:00,38.7
2025-06-12 03:33:00,50.1
2025-06-12 13:19:00,65.8
2025-06-12 22:07:00,18.1
2025-06-12 00:00:00,38.5
2025-06-12 01:45:00,21.8
2025-06-12 02:50:00,4.3
2025-06-12 06:19:00,87.1
2025-06-12 20:49:00,2.7
2025-06-12 15:47:00,53.8
2025-06-12 22:59:00,50.492298592215775
2025-06-12 04:42:00,65.4
2025-06-12 16:20:00,92.5
2025-06-12 13:49:00,50.492298592215775
2025-06-12 02:49:00,95.3
2025-06-12 16:55:00,15.6
2025-06-12 12:14:00,58.9
2025-06-12 12:46:00,50.492298592215775
2025-06-12 12:40:00,14.5
2025-06-12 15:28:00,46.3
2025-06-12 11:32:00,96.7
2025-06-12 18:19:00,50.492298592215775
2025-06-12 17:59:00,29.7
2025-06-12 22:48:00,73.7
2025-06-12 03:24:00,35.5
2025-06-12 18:53:00,62.6
2025-06-12 12:48:00,63.6
2025-06-12 02:19:00,2.8
2025-06-12 20:27:00,33.7
2025-06-12 04:37:00,59.9
2025-06-12 14:01:00,30.9
2025-06-12 15:10:00,7.3
2025-06-12 19:17:00,54.2
2025-06-12 18:07:00,66.3
2025-06-12 07:26:00,78.3
2025-06-12 19:49:00,30.8
2025-06-12 14:14:00,88.2
2025-06-12 12:03:00,60.7
2025-06-12 06:38:00,98.1
2025-06-12 14:23:00,50.492298592215775
2025-06-12 00:28:00,87.6
2025-06-12 14:31:00,19.5
2025-06-12 23:41:00,84.1
2025-06-12 05:50:00,50.492298592215775
2025-06-12 11:16:00,88.3
2025-06-12 09:15:00,45.1
2025-06-12 05:45:00,20.6
2025-06-12 17:16:00,19.1
2025-06-12 01:48:00,69.4
2025-06-12 17:44:00,59.9
2025-06-12 11:21:00,95.3
2025-06-12 00:52:00,51.1
2025-06-12 15:25:00,81.4
2025-06-12 10:24:00,3.9
2025-06-12 22:14:00,37.8
2025-06-12 14:42:00,14.2
2025-06-12 23:49:00,62.9
2025-06-12 02:38:00,82.7
2025-06-12 14:28:00,26.0
2025-06-12 21:05:00,5.9
2025-06-12 03:08:00,50.492298592215775
2025-06-12 17:55:00,36.2
2025-06-12 21:06:00,46.1
2025-06-12 04:26:00,69.9
2025-06-12 08:24:00,50.492298592215775
2025-06-12 23:30:00,72.1
2025-06-12 15:24:00,89.5
2025-06-12 18:56:00,99.8
2025-06-12 16:16:00,95.4
2025-06-12 15:57:00,14.7
2025-06-12 01:31:00,75.4
2025-06-12 12:55:00,10.5
2025-06-12 17:22:00,89.6
2025-06-12 23:07:00,35.6
2025-06-12 15:00:00,17.9
2025-06-12 06:05:00,50.492298592215775
2025-06-12 21:16:00,14.6
2025-06-12 15:08:00,9.7
2025-06-12 09:18:00,25.1
2025-06-12 13:11:00,65.9
2025-06-12 20:39:00,49.6
2025-06-12 15:26:00,55.6
2025-06-12 02:24:00,70.3
2025-06-12 20:15:00,52.2
2025-06-12 16:13:00,54.1
2025-06-12 08:56:00,39.8
2025-06-12 07:29:00,49.2
2025-06-12 08:50:00,5.1
2025-06-12 13:41:00,36.6
2025-06-12 17:30:00,64.3
2025-06-12 10:29:00,57.0
2025-06-12 18:22:00,80.6
2025-06-12 10:18:00,50.492298592215775
2025-06-12 17:06:00,13.5
2025-06-12 10:31:00,59.0
2025-06-12 04:12:00,50.492298592215775
2025-06-12 15:46:00,62.7
2025-06-12 20:19:00,24.3
2025-06-12 20:09:00,50.492298592215775
2025-06-12 11:15:00,6.3
2025-06-12 02:00:00,50.492298592215775
2025-06-12 05:51:00,93.7
2025-06-12 10:30:00,38.1
2025-06-12 09:51:00,86.5
2025-06-12 22:25:00,70.1
2025-06-12 15:16:00,32.3
2025-06-12 20:38:00,4.5
2025-06-12 19:31:00,13.8
2025-06-12 20:13:00,50.492298592215775
2025-06-12 06:04:00,73.4
2025-06-12 23:06:00,69.4
2025-06-12 21:51:00,17.2
2025-06-12 22:36:00,79.4
2025-06-12 00:16:00,62.3
2025-06-12 18:15:00,93.8
2025-06-12 01:38:00,99.0
2025-06-12 08:36:00,4.0
2025-06-12 01:46:00,50.492298592215775
2025-06-12 10:20:00,98.5
2025-06-12 19:09:00,76.2
2025-06-12 05:53:00,13.9
2025-06-12 16:42:00,88.3
2025-06-12 03:39:00,83.3
2025-06-12 04:04:00,52.9
2025-06-12 20:59:00,35.9
2025-06-12 15:53:00,31.4
2025-06-12 15:34:00,81.0
2025-06-12 22:57:00,30.2
2025-06-12 09:42:00,6.7
2025-06-12 13:44:00,36.7
2025-06-12 11:44:00,29.9
2025-06-12 07:32:00,71.8
2025-06-12 01:27:00,27.3
2025-06-12 18:45:00,17.9
2025-06-12 16:53:00,87.3
2025-06-12 08:31:00,49.3
2025-06-12 14:51:00,72.1
2025-06-12 15:31:00,37.2
2025-06-12 22:30:00,98.5
2025-06-12 14:36:00,82.3
2025-06-12 23:37:00,65.7
2025-06-12 20:45:00,50.492298592215775
2025-06-12 10:58:00,96.0
2025-06-12 23:56:00,34.2
2025-06-12 15:18:00,82.6
2025-06-12 10:16:00,79.5
2025-06-12 08:37:00,8.8
2025-06-12 06:52:00,54.5
2025-06-12 08:02:00,79.7
2025-06-12 14:09:00,55.8
2025-06-12 06:59:00,95.8
2025-06-12 01:05:00,87.8
2025-06-12 17:19:00,33.7
2025-06-12 06:41:00,58.4
2025-06-12 23:02:00,40.2
2025-06-12 06:12:00,95.4
2025-06-12 22:00:00,62.8
2025-06-12 17:34:00,50.492298592215775
2025-06-12 10:23:00,92.6
2025-06-12 00:36:00,15.5
2025-06-12 16:37:00,50.492298592215775
2025-06-12 06:08:00,50.492298592215775
2025-06-12 03:45:00,22.5
2025-06-12 21:49:00,95.1
2025-06-12 22:20:00,50.492298592215775
2025-06-12 11:34:00,97.4
2025-06-12 14:08:00,50.492298592215775
2025-06-12 09:23:00,47.6
2025-06-12 13:36:00,9.6
2025-06-12 12:44:00,83.8
2025-06-12 08:21:00,80.2
2025-06-12 19:07:00,47.5
2025-06-12 03:21:00,50.492298592215775
2025-06-12 02:51:00,11.7
2025-06-12 08:58:00,50.492298592215775
2025-06-12 07:49:00,50.492298592215775
2025-06-12 18:40:00,61.0
2025-06-12 12:17:00,43.8
2025-06-12 20:47:00,91.9
2025-06-12 15:59:00,59.7
2025-06-12 13:52:00,67.1
2025-06-12 17:13:00,26.7
2025-06-12 07:46:00,73.6
2025-06-12 04:15:00,50.492298592215775
2025-06-12 09:54:00,79.3
2025-06-12 17:33:00,77.7
2025-06-12 11:05:00,97.0
2025-06-12 15:47:00,34.3
2025-06-12 07:50:00,50.492298592215775
2025-06-12 04:34:00,47.8
2025-06-12 08:03:00,48.3
2025-06-12 08:22:00,27.4
2025-06-12 02:30:00,12.2
2025-06-12 05:26:00,59.3
2025-06-12 12:13:00,92.1
2025-06-12 09:25:00,68.2
2025-06-12 08:34:00,41.4
2025-06-12 23:17:00,50.492298592215775
2025-06-12 21:20:00,46.0
2025-06-12 19:14:00,50.492298592215775
2025-06-12 01:32:00,74.0
2025-06-12 01:11:00,34.5
2025-06-12 21:14:00,20.5
2025-06-12 07:41:00,64.8
2025-06-12 20:20:00,42.4
2025-06-12 11:57:00,99.8
2025-06-12 07:16:00,27.6
2025-06-12 12:30:00,4.5
2025-06-12 22:13:00,76.5
2025-06-12 08:52:00,61.6
2025-06-12 04:45:00,72.9
2025-06-12 23:14:00,87.0
2025-06-12 18:02:00,31.2
2025-06-12 10:05:00,91.8
2025-06-12 10:04:00,50.492298592215775
2025-06-12 05:19:00,56.2
2025-06-12 04:36:00,81.1
2025-06-12 13:32:00,57.5
2025-06-12 12:21:00,95.8
2025-06-12 10:03:00,39.8
2025-06-12 15:05:00,21.7
2025-06-12 02:44:00,50.492298592215775
2025-06-12 05:12:00,8.0
2025-06-12 19:40:00,84.9
2025-06-12 03:47:00,2.1
2025-06-12 02:12:00,14.7
2025-06-12 01:37:00,82.2
2025-06-12 19:04:00,50.492298592215775
2025-06-12 20:36:00,48.7
2025-06-12 22:39:00,13.9
2025-06-12 11:48:00,37.7
2025-06-12 21:10:00,29.9
2025-06-12 15:20:00,50.492298592215775
2025-06-12 15:56:00,51.5
2025-06-12 06:58:00,7.8
2025-06-12 08:27:00,82.5
2025-06-12 21:19:00,10.4
2025-06-12 07:28:00,11.1
2025-06-12 19:57:00,27.3
2025-06-12 00:35:00,11.6
2025-06-12 20:30:00,50.492298592215775
2025-06-12 02:32:00,78.6
2025-06-12 06:39:00,86.5
2025-06-12 11:24:00,95.4
2025-06-12 13:28:00,0.2
2025-06-12 00:57:00,73.8
2025-06-12 19:34:00,50.492298592215775
2025-06-12 15:04:00,50.492298592215775
2025-06-12 12:45:00,13.3
2025-06-12 16:01:00,50.492298592215775
2025-06-12 11:01:00,47.7
2025-06-12 11:47:00,79.8
2025-06-12 01:39:00,45.2
2025-06-12 00:14:00,76.6
2025-06-12 12:16:00,46.5
2025-06-12 00:13:00,50.492298592215775
2025-06-12 21:45:00,34.7
2025-06-12 16:02:00,51.6
2025-06-12 22:06:00,64.1
2025-06-12 12:35:00,7.5
2025-06-12 11:19:00,30.9
2025-06-12 02:41:00,57.6
2025-06-12 07:08:00,36.4
2025-06-12 14:39:00,74.1
2025-06-12 03:12:00,88.5
2025-06-12 06:44:00,95.2
2025-06-12 11:18:00,50.492298592215775
2025-06-12 10:08:00,18.0
2025-06-12 19:11:00,69.1
2025-06-12 19:06:00,42.6
2025-06-12 20:28:00,4.8
2025-06-12 22:37:00,50.492298592215775
2025-06-12 01:01:00,27.9
2025-06-12 12:07:00,5.1
2025-06-12 02:31:00,53.7
2025-06-12 14:00:00,86.2
2025-06-12 12:33:00,69.2
2025-06-12 03:17:00,50.492298592215775
2025-06-12 00:58:00,69.7
2025-06-12 16:19:00,50.492298592215775
2025-06-12 07:19:00,44.2
2025-06-12 02:05:00,67.3
2025-06-12 09:39:00,68.9
2025-06-12 22:38:00,64.3
2025-06-12 16:08:00,71.8
2025-06-12 16:27:00,12.7
2025-06-12 03:38:00,88.8
2025-06-12 21:56:00,50.492298592215775
2025-06-12 20:26:00,0.9
2025-06-12 08:35:00,58.4
2025-06-12 03:52:00,26.8
2025-06-12 17:38:00,50.492298592215775
2025-06-12 19:19:00,27.3
2025-06-12 06:32:00,50.492298592215775
2025-06-12 21:55:00,50.492298592215775
2025-06-12 03:04:00,76.7
2025-06-12 09:52:00,4.7
2025-06-12 01:06:00,46.0
2025-06-12 21:41:00,83.4
2025-06-12 10:25:00,42.3
2025-06-12 07:31:00,88.5
2025-06-12 21:37:00,20.5
2025-06-12 01:02:00,77.4
2025-06-12 03:37:00,8.6
2025-06-12 17:15:00,95.0
2025-06-12 23:26:00,50.492298592215775
2025-06-12 14:12:00,50.492298592215775
2025-06-12 16:56:00,88.5
2025-06-12 12:39:00,61.5
2025-06-12 14:11:00,69.6
2025-06-12 11:17:00,91.1
2025-06-12 06:51:00,91.8
2025-06-12 17:37:00,99.8
2025-06-12 14:19:00,17.0
2025-06-12 01:16:00,52.2
2025-06-12 19:59:00,22.9
2025-06-12 13:40:00,89.4
2025-06-12 04:56:00,50.492298592215775
2025-06-12 03:40:00,87.5
2025-06-12 05:47:00,65.8
2025-06-12 15:37:00,50.492298592215775
2025-06-12 02:47:00,27.9
2025-06-12 10:32:00,50.8
2025-06-12 11:29:00,27.6
2025-06-12 02:06:00,3.7
2025-06-12 17:04:00,80.8
2025-06-12 01:35:00,50.492298592215775
2025-06-12 14:29:00,64.2
2025-06-12 14:58:00,74.3
2025-06-12 19:55:00,50.190676567656766
2025-06-12 09:24:00,73.7
2025-06-12 20:19:00,50.190676567656766
2025-06-12 02:35:00,50.190676567656766
2025-06-12 06:38:00,11.2
2025-06-12 13:05:00,18.5
2025-06-12 06:41:00,95.7
2025-06-12 05:04:00,98.7
2025-06-12 17:06:00,9.3
2025-06-12 13:44:00,14.4
2025-06-12 00:02:00,81.0
2025-06-12 18:42:00,39.7
2025-06-12 02:55:00,20.2
2025-06-12 17:18:00,19.1
2025-06-12 13:42:00,68.4
2025-06-12 12:05:00,2.0
2025-06-12 23:55:00,50.190676567656766
2025-06-12 15:15:00,32.2
2025-06-12 18:02:00,49.3
2025-06-12 03:51:00,50.190676567656766
2025-06-12 09:17:00,50.190676567656766
2025-06-12 22:24:00,15.5
2025-06-12 04:38:00,51.7
2025-06-12 09:31:00,22.5
2025-06-12 16:17:00,17.3
2025-06-12 13:01:00,68.5
2025-06-12 07:21:00,60.8
2025-06-12 19:41:00,27.9
2025-06-12 02:42:00,20.4
2025-06-12 00:37:00,36.2
2025-06-12 23:09:00,61.4
2025-06-12 09:00:00,92.0
2025-06-12 00:11:00,16.9
2025-06-12 11:11:00,25.7
2025-06-12 22:27:00,5.3
2025-06-12 15:31:00,41.6
2025-06-12 16:53:00,74.8
2025-06-12 14:52:00,2.1
2025-06-12 09:04:00,50.190676567656766
2025-06-12 14:04:00,88.5
2025-06-12 11:24:00,36.7
2025-06-12 21:50:00,39.7
2025-06-12 04:57:00,50.190676567656766
2025-06-12 18:10:00,58.1
2025-06-12 07:24:00,99.2
2025-06-12 04:35:00,21.8
2025-06-12 04:04:00,15.0
2025-06-12 03:18:00,56.9
2025-06-12 19:58:00,19.2
2025-06-12 10:54:00,50.190676567656766
2025-06-12 04:36:00,50.190676567656766
2025-06-12 14:08:00,50.190676567656766
2025-06-12 18:03:00,88.7
2025-06-12 01:49:00,14.7
2025-06-12 03:52:00,22.3
2025-06-12 00:40:00,17.2
2025-06-12 13:40:00,50.190676567656766
2025-06-12 18:18:00,73.6
2025-06-12 15:53:00,47.6
2025-06-12 15:11:00,66.8
2025-06-12 17:19:00,72.0
2025-06-12 05:07:00,9.4
2025-06-12 18:21:00,89.6
2025-06-12 15:54:00,30.5
2025-06-12 01:26:00,50.190676567656766
2025-06-12 01:51:00,43.0
2025-06-12 20:30:00,51.3
2025-06-12 07:49:00,74.2
2025-06-12 05:45:00,9.7
2025-06-12 21:35:00,50.190676567656766
2025-06-12 10:34:00,50.190676567656766
2025-06-12 19:08:00,54.4
2025-06-12 01:08:00,75.3
2025-06-12 11:55:00,50.190676567656766
2025-06-12 08:32:00,0.1
2025-06-12 08:24:00,25.9
2025-06-12 00:43:00,1.5
2025-06-12 21:07:00,22.1
2025-06-12 13:18:00,1.6
2025-06-12 05:19:00,50.190676567656766
2025-06-12 03:04:00,83.6
2025-06-12 23:03:00,50.190676567656766
2025-06-12 14:48:00,50.190676567656766
2025-06-12 00:32:00,29.0
2025-06-12 22:57:00,82.9
2025-06-12 16:59:00,44.6
2025-06-12 07:12:00,52.9
2025-06-12 12:57:00,50.8
2025-06-12 04:17:00,46.1
2025-06-12 09:10:00,13.0
2025-06-12 14:45:00,62.8
2025-06-12 18:40:00,82.6
2025-06-12 15:36:00,98.7
2025-06-12 15:41:00,19.2
2025-06-12 03:50:00,24.1
2025-06-12 18:09:00,50.190676567656766
2025-06-12 22:30:00,50.190676567656766
2025-06-12 04:34:00,50.190676567656766
2025-06-12 21:29:00,44.9
2025-06-12 14:39:00,75.1
2025-06-12 11:22:00,5.8
2025-06-12 00:50:00,95.3
2025-06-12 06:50:00,52.7
2025-06-12 15:33:00,50.190676567656766
2025-06-12 03:34:00,50.190676567656766
2025-06-12 20:50:00,83.0
2025-06-12 09:50:00,97.2
2025-06-12 14:22:00,95.0
2025-06-12 12:53:00,50.190676567656766
2025-06-12 12:25:00,13.3
2025-06-12 20:39:00,18.1
2025-06-12 22:36:00,25.5
2025-06-12 22:52:00,35.9
2025-06-12 05:38:00,88.0
2025-06-12 01:52:00,83.9
2025-06-12 07:18:00,40.0
2025-06-12 10:03:00,56.6
2025-06-12 06:57:00,50.190676567656766
2025-06-12 08:57:00,24.8
2025-06-12 09:44:00,89.7
2025-06-12 00:01:00,50.190676567656766
2025-06-12 05:58:00,32.4
2025-06-12 08:59:00,35.9
2025-06-12 00:35:00,76.4
2025-06-12 06:37:00,50.190676567656766
2025-06-12 17:27:00,50.190676567656766
2025-06-12 20:58:00,50.190676567656766
2025-06-12 02:44:00,34.9
2025-06-12 14:55:00,92.7
2025-06-12 20:35:00,50.190676567656766
2025-06-12 09:26:00,94.3
2025-06-12 23:36:00,22.4
2025-06-12 15:12:00,66.7
2025-06-12 19:54:00,68.7
2025-06-12 12:10:00,20.1
2025-06-12 23:44:00,59.0
2025-06-12 13:34:00,29.7
2025-06-12 19:18:00,35.5
2025-06-12 19:43:00,42.2
2025-06-12 06:49:00,50.190676567656766
2025-06-12 07:47:00,61.6
2025-06-12 07:02:00,21.0
2025-06-12 01:34:00,42.4
2025-06-12 21:24:00,89.2
2025-06-12 09:29:00,21.6
2025-06-12 18:25:00,62.9
2025-06-12 10:19:00,32.4
2025-06-12 17:58:00,31.3
2025-06-12 13:15:00,50.190676567656766
2025-06-12 22:16:00,50.190676567656766
2025-06-12 10:39:00,50.190676567656766
2025-06-12 13:19:00,94.2
2025-06-12 20:10:00,51.8
2025-06-12 05:28:00,14.2
2025-06-12 20:04:00,90.7
2025-06-12 03:54:00,95.1
2025-06-12 17:03:00,63.6
2025-06-12 04:23:00,9.9
2025-06-12 19:17:00,19.8
2025-06-12 11:15:00,60.6
2025-06-12 05:55:00,36.6
2025-06-12 03:19:00,66.6
2025-06-12 17:42:00,94.2
2025-06-12 10:21:00,50.190676567656766
2025-06-12 07:16:00,9.7
2025-06-12 14:23:00,51.6
2025-06-12 07:38:00,50.190676567656766
2025-06-12 03:27:00,43.1
2025-06-12 08:31:00,61.8
2025-06-12 01:35:00,54.3
2025-06-12 03:48:00,50.190676567656766
2025-06-12 02:56:00,95.7
2025-06-12 08:45:00,50.190676567656766
2025-06-12 02:29:00,8.5
2025-06-12 19:19:00,19.9
2025-06-12 05:03:00,13.8
2025-06-12 19:05:00,50.190676567656766
2025-06-12 23:46:00,50.190676567656766
2025-06-12 21:57:00,45.6
2025-06-12 04:16:00,17.8
2025-06-12 03:21:00,48.8
2025-06-12 17:23:00,48.8
2025-06-12 06:29:00,5.0
2025-06-12 05:51:00,50.190676567656766
2025-06-12 03:05:00,92.8
2025-06-12 03:11:00,45.8
2025-06-12 16:00:00,50.190676567656766
2025-06-12 16:03:00,25.6
2025-06-12 01:19:00,83.1
2025-06-12 15:10:00,39.9
2025-06-12 11:54:00,87.0
2025-06-12 17:57:00,8.1
2025-06-12 07:34:00,13.0
2025-06-12 07:37:00,2.1
2025-06-12 03:07:00,50.190676567656766
2025-06-12 10:32:00,57.0
2025-06-12 06:54:00,80.7
2025-06-12 02:59:00,15.1
2025-06-12 21:36:00,11.4
2025-06-12 08:23:00,18.8
2025-06-12 17:39:00,50.7
2025-06-12 11:20:00,50.190676567656766
2025-06-12 20:13:00,88.1
2025-06-12 10:24:00,9.8
2025-06-12 17:24:00,88.3
2025-06-12 02:39:00,69.7
2025-06-12 09:33:00,29.2
2025-06-12 10:51:00,82.3
2025-06-12 16:55:00,80.7
2025-06-12 07:06:00,74.0
2025-06-12 17:30:00,100.0
2025-06-12 12:49:00,46.8
2025-06-12 13:03:00,67.6
2025-06-12 08:34:00,50.190676567656766
2025-06-12 00:07:00,89.2
2025-06-12 11:47:00,10.3
2025-06-12 13:41:00,40.3
2025-06-12 13:04:00,43.5
2025-06-12 08:19:00,19.5
2025-06-12 23:48:00,50.190676567656766
2025-06-12 12:29:00,98.2
2025-06-12 11:33:00,64.5
2025-06-12 13:17:00,20.8
2025-06-12 11:25:00,50.190676567656766
2025-06-12 21:20:00,24.0
2025-06-12 12:59:00,50.190676567656766
2025-06-12 20:53:00,43.0
2025-06-12 21:49:00,45.9
2025-06-12 15:50:00,50.190676567656766
2025-06-12 10:18:00,80.6
2025-06-12 09:06:00,95.1
2025-06-12 00:42:00,24.1
2025-06-12 04:08:00,30.7
2025-06-12 05:02:00,33.9
2025-06-12 06:39:00,4.9
2025-06-12 07:15:00,46.7
2025-06-12 18:55:00,19.7
2025-06-12 21:30:00,69.0
2025-06-12 10:45:00,31.2
2025-06-12 09:27:00,50.190676567656766
2025-06-12 06:55:00,57.3
2025-06-12 09:51:00,62.2
2025-06-12 00:53:00,13.0
2025-06-12 20:27:00,98.3
2025-06-12 17:05:00,5.0
2025-06-12 12:33:00,58.0
2025-06-12 13:51:00,80.2
2025-06-12 14:24:00,2.8
2025-06-12 01:48:00,14.2
2025-06-12 19:39:00,32.4
2025-06-12 03:35:00,97.0
2025-06-12 08:22:00,50.190676567656766
2025-06-12 06:35:00,51.0
2025-06-12 11:51:00,57.4
2025-06-12 19:21:00,29.4
2025-06-12 14:40:00,3.8
2025-06-12 17:53:00,18.1
2025-06-12 17:29:00,50.190676567656766
2025-06-12 04:11:00,4.6
2025-06-12 00:06:00,25.8
2025-06-12 05:13:00,14.6
2025-06-12 03:12:00,96.5
2025-06-12 13:49:00,34.4
2025-06-12 06:25:00,59.3
2025-06-12 23:42:00,42.5
2025-06-12 12:56:00,25.1
2025-06-12 21:28:00,50.8
2025-06-12 22:00:00,50.7
2025-06-12 02:11:00,7.3
2025-06-12 19:28:00,50.190676567656766
2025-06-12 11:43:00,54.3
2025-06-12 21:23:00,81.2
2025-06-12 23:04:00,29.8
2025-06-12 03:47:00,13.3
2025-06-12 00:10:00,10.7
2025-06-12 09:41:00,15.8
2025-06-12 17:37:00,60.5
2025-06-12 11:46:00,95.9
2025-06-12 10:46:00,28.4
2025-06-12 00:56:00,50.190676567656766
2025-06-12 08:28:00,60.6
2025-06-12 09:35:00,33.6
2025-06-12 14:50:00,86.8
2025-06-12 05:53:00,12.4
2025-06-12 02:34:00,96.2
2025-06-12 12:45:00,4.4
2025-06-12 17:21:00,53.2
2025-06-12 02:31:00,60.6
2025-06-12 17:09:00,34.0
2025-06-12 07:11:00,7.4
2025-06-12 03:16:00,54.0
2025-06-12 15:29:00,50.190676567656766
2025-06-12 18:29:00,40.9
2025-06-12 16:33:00,52.3
2025-06-12 05:06:00,22.1
2025-06-12 01:58:00,97.9
2025-06-12 17:35:00,78.8
2025-06-12 11:31:00,6.6
2025-06-12 22:54:00,27.2
2025-06-12 06:14:00,66.0
2025-06-12 03:22:00,36.0
2025-06-12 04:41:00,91.0
2025-06-12 07:33:00,49.0
2025-06-12 21:18:00,65.7
2025-06-12 16:50:00,50.190676567656766
2025-06-12 20:54:00,99.9
2025-06-12 21:36:00,15.7
2025-06-12 02:42:00,23.7
2025-06-12 13:17:00,19.0
2025-06-12 18:07:00,49.69925181201777
2025-06-12 01:02:00,13.4
2025-06-12 01:29:00,58.5
2025-06-12 11:59:00,99.1
2025-06-12 17:44:00,17.3
2025-06-12 20:25:00,49.69925181201777
2025-06-12 09:33:00,42.7
2025-06-12 22:28:00,28.6
2025-06-12 19:53:00,49.69925181201777
2025-06-12 17:03:00,0.2
2025-06-12 08:49:00,1.9
2025-06-12 19:25:00,63.5
2025-06-12 10:56:00,96.5
2025-06-12 16:19:00,49.69925181201777
2025-06-12 20:04:00,76.2
2025-06-12 22:53:00,49.69925181201777
2025-06-12 20:31:00,69.7
2025-06-12 01:09:00,6.0
2025-06-12 15:12:00,47.5
2025-06-12 05:00:00,49.69925181201777
2025-06-12 07:26:00,29.5
2025-06-12 02:13:00,0.8
2025-06-12 16:35:00,44.7
2025-06-12 23:17:00,31.7
2025-06-12 02:51:00,61.3
2025-06-12 20:27:00,21.9
2025-06-12 12:18:00,49.3
2025-06-12 14:27:00,48.8
2025-06-12 09:54:00,66.3
2025-06-12 11:03:00,50.4
2025-06-12 09:06:00,94.6
2025-06-12 02:36:00,20.1
2025-06-12 20:22:00,36.8
2025-06-12 17:28:00,49.69925181201777
2025-06-12 21:37:00,23.2
2025-06-12 20:00:00,76.5
2025-06-12 23:53:00,18.1
2025-06-12 08:53:00,100.0
2025-06-12 16:47:00,71.1
2025-06-12 14:50:00,87.0
2025-06-12 15:28:00,69.4
2025-06-12 19:32:00,36.3
2025-06-12 13:07:00,86.8
2025-06-12 15:16:00,20.1
2025-06-12 07:27:00,35.3
2025-06-12 06:10:00,49.69925181201777
2025-06-12 21:18:00,18.6
2025-06-12 23:50:00,65.9
2025-06-12 08:44:00,84.8
2025-06-12 16:05:00,89.6
2025-06-12 15:58:00,25.0
2025-06-12 01:17:00,17.8
2025-06-12 22:43:00,51.2
2025-06-12 07:17:00,49.69925181201777
2025-06-12 20:08:00,41.0
2025-06-12 11:50:00,49.9
2025-06-12 21:38:00,4.7
2025-06-12 04:18:00,79.4
2025-06-12 13:33:00,92.6
2025-06-12 08:22:00,29.4
2025-06-12 14:40:00,8.6
2025-06-12 04:04:00,70.5
2025-06-12 01:41:00,85.2
2025-06-12 19:04:00,4.1
2025-06-12 23:03:00,49.69925181201777
2025-06-12 14:25:00,23.8
2025-06-12 01:12:00,15.0
2025-06-12 05:56:00,45.3
2025-06-12 20:42:00,48.9
2025-06-12 22:18:00,30.2
2025-06-12 14:26:00,34.1
2025-06-12 22:22:00,29.0
2025-06-12 17:46:00,78.2
2025-06-12 12:56:00,80.6
2025-06-12 01:00:00,8.8
2025-06-12 23:41:00,98.9
2025-06-12 06:12:00,49.69925181201777
2025-06-12 02:53:00,41.6
2025-06-12 13:53:00,53.2
2025-06-12 11:49:00,10.0
2025-06-12 02:46:00,24.3
2025-06-12 21:44:00,28.1
2025-06-12 19:05:00,40.0
2025-06-12 06:30:00,60.6
2025-06-12 03:08:00,26.1
2025-06-12 17:13:00,1.1
2025-06-12 16:58:00,43.4
2025-06-12 03:12:00,29.6
2025-06-12 03:56:00,81.8
2025-06-12 21:25:00,90.2
2025-06-12 06:29:00,49.69925181201777
2025-06-12 10:35:00,63.0
2025-06-12 10:25:00,30.2
2025-06-12 04:53:00,60.0
2025-06-12 18:13:00,86.4
2025-06-12 13:37:00,79.2
2025-06-12 03:36:00,49.69925181201777
2025-06-12 09:09:00,26.1
2025-06-12 03:07:00,64.0
2025-06-12 10:33:00,47.0
2025-06-12 19:58:00,39.7
2025-06-12 12:44:00,49.69925181201777
2025-06-12 16:26:00,68.5
2025-06-12 01:39:00,81.5
2025-06-12 22:32:00,42.8
2025-06-12 15:22:00,26.9
2025-06-12 02:15:00,49.69925181201777
2025-06-12 23:34:00,29.5
2025-06-12 04:14:00,26.5
2025-06-12 07:39:00,58.1
2025-06-12 05:22:00,49.69925181201777
2025-06-12 22:30:00,60.1
2025-06-12 20:35:00,86.2
2025-06-12 01:04:00,69.4
2025-06-12 04:48:00,59.6
2025-06-12 20:55:00,98.2
2025-06-12 11:41:00,49.69925181201777
2025-06-12 04:34:00,17.0
2025-06-12 18:58:00,25.6
2025-06-12 17:58:00,91.0
2025-06-12 03:04:00,79.8
2025-06-12 22:49:00,10.9
2025-06-12 08:26:00,45.2
2025-06-12 02:47:00,64.4
2025-06-12 04:01:00,61.5
2025-06-12 04:36:00,43.4
2025-06-12 14:18:00,49.69925181201777
2025-06-12 07:41:00,13.1
2025-06-12 01:23:00,98.6
2025-06-12 14:47:00,68.5
2025-06-12 13:03:00,25.2
2025-06-12 16:43:00,12.2
2025-06-12 18:48:00,71.6
2025-06-12 06:54:00,60.6
2025-06-12 19:15:00,13.9
2025-06-12 19:33:00,49.69925181201777
2025-06-12 19:36:00,0.7
2025-06-12 11:07:00,85.0
2025-06-12 19:23:00,49.69925181201777
2025-06-12 11:11:00,68.8
2025-06-12 17:48:00,95.6
2025-06-12 04:22:00,61.0
2025-06-12 09:12:00,24.1
2025-06-12 11:34:00,79.7
2025-06-12 15:46:00,27.7
2025-06-12 08:15:00,49.69925181201777
2025-06-12 17:40:00,41.7
2025-06-12 22:20:00,37.6
2025-06-12 11:54:00,94.2
2025-06-12 17:18:00,24.7
2025-06-12 16:22:00,49.69925181201777
2025-06-12 22:50:00,65.3
2025-06-12 01:40:00,95.9
2025-06-12 04:46:00,49.69925181201777
2025-06-12 14:04:00,49.69925181201777
2025-06-12 20:45:00,45.0
2025-06-12 10:38:00,22.2
2025-06-12 04:16:00,49.69925181201777
2025-06-12 06:07:00,10.9
2025-06-12 07:20:00,71.9
2025-06-12 23:49:00,87.7
2025-06-12 13:12:00,99.1
2025-06-12 15:20:00,45.9
2025-06-12 01:30:00,54.2
2025-06-12 01:01:00,50.6
2025-06-12 05:41:00,50.8
2025-06-12 04:58:00,51.8
2025-06-12 22:08:00,53.8
2025-06-12 05:49:00,53.6
2025-06-12 01:51:00,49.69925181201777
2025-06-12 12:33:00,11.9
2025-06-12 22:26:00,36.4
2025-06-12 11:27:00,83.9
2025-06-12 12:02:00,19.2
2025-06-12 07:21:00,70.3
2025-06-12 21:05:00,94.9
2025-06-12 19:02:00,95.7
2025-06-12 11:36:00,49.69925181201777
2025-06-12 11:46:00,26.9
2025-06-12 02:30:00,90.0
2025-06-12 11:30:00,61.2
2025-06-12 04:09:00,9.6
2025-06-12 16:20:00,38.5
2025-06-12 00:03:00,61.7
2025-06-12 10:02:00,93.1
2025-06-12 21:17:00,94.9
2025-06-12 18:35:00,49.69925181201777
2025-06-12 04:29:00,55.5
2025-06-12 17:56:00,49.69925181201777
2025-06-12 20:03:00,96.3
2025-06-12 08:11:00,38.6
2025-06-12 17:42:00,47.7
2025-06-12 08:32:00,49.69925181201777
2025-06-12 15:04:00,60.4
2025-06-12 09:18:00,49.69925181201777
2025-06-12 02:22:00,28.7
2025-06-12 23:23:00,33.9
2025-06-12 13:54:00,73.6
2025-06-12 03:02:00,87.7
2025-06-12 17:43:00,99.0
2025-06-12 17:26:00,56.4
2025-06-12 06:14:00,9.9
2025-06-12 16:39:00,69.5
2025-06-12 18:53:00,78.5
2025-06-12 19:55:00,82.9
2025-06-12 16:29:00,45.1
2025-06-12 09:20:00,58.0
2025-06-12 03:09:00,52.5
2025-06-12 06:27:00,76.8
2025-06-12 14:08:00,14.6
2025-06-12 01:33:00,18.1
2025-06-12 08:03:00,0.4
2025-06-12 06:35:00,74.1
2025-06-12 03:50:00,79.3
2025-06-12 02:11:00,96.5
2025-06-12 04:59:00,87.6
2025-06-12 14:22:00,46.5
2025-06-12 06:56:00,99.4
2025-06-12 05:09:00,49.69925181201777
2025-06-12 01:57:00,2.8
2025-06-12 15:38:00,49.69925181201777
2025-06-12 15:55:00,49.69925181201777
2025-06-12 14:58:00,57.3
2025-06-12 05:23:00,67.7
2025-06-12 22:17:00,6.6
2025-06-12 04:20:00,69.4
2025-06-12 16:37:00,35.2
2025-06-12 07:43:00,63.8
2025-06-12 15:00:00,5.5
2025-06-12 14:35:00,67.1
2025-06-12 07:13:00,69.7
2025-06-12 00:08:00,83.9
2025-06-12 01:47:00,4.3
2025-06-12 22:41:00,22.2
2025-06-12 16:38:00,50.2
2025-06-12 23:01:00,19.4
2025-06-12 22:06:00,88.1
2025-06-12 15:54:00,35.4
2025-06-12 15:30:00,36.5
2025-06-12 06:11:00,18.6
2025-06-12 22:39:00,58.2
2025-06-12 11:42:00,23.5
2025-06-12 05:59:00,3.2
2025-06-12 10:34:00,75.5
2025-06-12 01:16:00,49.69925181201777
2025-06-12 07:31:00,49.69925181201777
2025-06-12 17:05:00,27.8
2025-06-12 06:32:00,93.6
2025-06-12 18:55:00,6.4
2025-06-12 11:05:00,42.0
2025-06-12 15:08:00,49.69925181201777
2025-06-12 11:56:00,44.1
2025-06-12 09:24:00,69.6
2025-06-12 08:17:00,28.3
2025-06-12 08:41:00,49.69925181201777
2025-06-12 17:49:00,61.2
2025-06-12 10:48:00,83.6
2025-06-12 04:25:00,34.4
2025-06-12 17:39:00,24.1
2025-06-12 00:47:00,79.0
2025-06-12 03:52:00,18.3
2025-06-12 12:55:00,49.69925181201777
2025-06-12 13:40:00,83.0
2025-06-12 18:16:00,84.2
2025-06-12 19:38:00,72.4
2025-06-12 13:16:00,85.6
2025-06-12 05:01:00,2.7
2025-06-12 10:16:00,9.8
2025-06-12 11:39:00,1.7
2025-06-12 10:45:00,63.2
2025-06-12 14:46:00,74.5
2025-06-12 07:56:00,9.6
2025-06-12 14:41:00,85.5
2025-06-12 23:57:00,97.7
2025-06-12 15:56:00,9.7
2025-06-12 03:54:00,22.1
2025-06-12 08:28:00,18.7
2025-06-12 20:14:00,1.7
2025-06-12 02:06:00,8.5
2025-06-12 05:10:00,39.8
2025-06-12 08:19:00,79.3
2025-06-12 17:41:00,18.2
2025-06-12 02:19:00,86.6
2025-06-12 17:19:00,49.69925181201777
2025-06-12 16:08:00,82.5
2025-06-12 09:37:00,91.4
2025-06-12 15:02:00,54.1
2025-06-12 19:27:00,49.69925181201777
2025-06-12 18:47:00,97.5
2025-06-12 14:02:00,27.7
2025-06-12 13:10:00,11.8
2025-06-12 12:27:00,30.6
2025-06-12 22:40:00,29.7
2025-06-12 11:20:00,61.8
2025-06-12 10:47:00,46.5
2025-06-12 18:37:00,50.9
2025-06-12 12:31:00,49.69925181201777
2025-06-12 12:53:00,49.69925181201777
2025-06-12 00:17:00,4.1
2025-06-12 19:52:00,33.4
2025-06-12 15:45:00,81.9
2025-06-12 13:15:00,48.5
2025-06-12 16:04:00,87.9
2025-06-12 20:44:00,65.2
2025-06-12 23:35:00,8.1
2025-06-12 05:05:00,67.1
2025-06-12 00:36:00,98.8
2025-06-12 02:31:00,39.6
2025-06-12 19:14:00,50.15234640140434
2025-06-12 05:52:00,83.9
2025-06-12 18:40:00,11.3
2025-06-12 09:54:00,21.8
2025-06-12 14:14:00,94.8
2025-06-12 05:54:00,4.5
2025-06-12 18:17:00,50.15234640140434
2025-06-12 11:11:00,8.0
2025-06-12 13:54:00,36.6
2025-06-12 14:27:00,67.6
2025-06-12 06:49:00,50.15234640140434
2025-06-12 14:35:00,88.8
2025-06-12 18:56:00,57.9
2025-06-12 23:18:00,82.4
2025-06-12 23:50:00,42.8
2025-06-12 18:18:00,5.6
2025-06-12 06:48:00,50.15234640140434
2025-06-12 21:48:00,50.15234640140434
2025-06-12 15:33:00,67.3
2025-06-12 10:10:00,61.4
2025-06-12 22:32:00,71.9
2025-06-12 11:37:00,14.7
2025-06-12 11:24:00,65.7
2025-06-12 20:05:00,9.6
2025-06-12 05:29:00,16.9
2025-06-12 02:20:00,12.8
2025-06-12 18:32:00,10.4
2025-06-12 23:22:00,49.3
2025-06-12 11:16:00,50.15234640140434
2025-06-12 13:37:00,58.7
2025-06-12 12:27:00,59.0
2025-06-12 05:46:00,33.5
2025-06-12 12:49:00,50.15234640140434
2025-06-12 09:40:00,50.15234640140434
2025-06-12 17:25:00,67.9
2025-06-12 18:49:00,72.3
2025-06-12 15:24:00,16.4
2025-06-12 23:36:00,35.9
2025-06-12 22:53:00,4.5
2025-06-12 15:13:00,39.8
2025-06-12 13:26:00,83.4
2025-06-12 16:57:00,90.5
2025-06-12 21:13:00,78.4
2025-06-12 16:29:00,35.5
2025-06-12 19:36:00,97.3
2025-06-12 14:09:00,50.15234640140434
2025-06-12 12:08:00,50.7
2025-06-12 13:58:00,71.8
2025-06-12 08:09:00,47.4
2025-06-12 23:01:00,89.5
2025-06-12 21:53:00,93.1
2025-06-12 07:09:00,61.0
2025-06-12 23:15:00,50.15234640140434
2025-06-12 02:59:00,50.15234640140434
2025-06-12 04:36:00,43.4
2025-06-12 01:57:00,68.6
2025-06-12 15:31:00,50.15234640140434
2025-06-12 18:58:00,42.8
2025-06-12 19:53:00,94.6
2025-06-12 15:02:00,51.7
2025-06-12 05:47:00,98.8
2025-06-12 15:19:00,50.5
2025-06-12 03:08:00,0.0
2025-06-12 13:21:00,50.15234640140434
2025-06-12 11:36:00,18.8
2025-06-12 10:38:00,87.9
2025-06-12 17:06:00,68.6
2025-06-12 10:05:00,87.4
2025-06-12 01:18:00,63.9
2025-06-12 22:38:00,75.3
2025-06-12 13:32:00,50.15234640140434
2025-06-12 15:47:00,50.15234640140434
2025-06-12 12:31:00,4.8
2025-06-12 14:15:00,87.5
2025-06-12 10:52:00,15.2
2025-06-12 21:21:00,25.1
2025-06-12 21:22:00,50.15234640140434
2025-06-12 22:30:00,7.2
2025-06-12 02:19:00,50.15234640140434
2025-06-12 23:40:00,89.0
2025-06-12 10:36:00,50.15234640140434
2025-06-12 05:37:00,91.1
2025-06-12 17:59:00,47.4
2025-06-12 11:01:00,3.7
2025-06-12 11:03:00,97.0
2025-06-12 19:01:00,5.1
2025-06-12 05:44:00,50.15234640140434
2025-06-12 10:15:00,90.6
2025-06-12 00:40:00,21.2
2025-06-12 19:57:00,11.3
2025-06-12 07:06:00,87.0
2025-06-12 10:49:00,99.0
2025-06-12 22:21:00,89.9
2025-06-12 00:17:00,6.5
2025-06-12 10:17:00,95.0
2025-06-12 04:50:00,58.5
2025-06-12 13:47:00,43.2
2025-06-12 11:51:00,57.0
2025-06-12 22:35:00,84.9
2025-06-12 01:42:00,34.6
2025-06-12 20:46:00,3.8
2025-06-12 23:05:00,13.6
2025-06-12 02:52:00,46.5
2025-06-12 02:17:00,16.5
2025-06-12 22:06:00,67.0
2025-06-12 06:51:00,89.1
2025-06-12 08:16:00,32.9
2025-06-12 11:48:00,34.7
2025-06-12 10:39:00,15.3
2025-06-12 22:20:00,68.5
2025-06-12 02:16:00,23.0
2025-06-12 11:33:00,98.5
2025-06-12 19:07:00,72.8
2025-06-12 17:58:00,50.15234640140434
2025-06-12 08:23:00,62.4
2025-06-12 16:30:00,28.6
2025-06-12 10:18:00,14.7
2025-06-12 20:58:00,7.6
2025-06-12 03:06:00,50.15234640140434
2025-06-12 12:04:00,54.4
2025-06-12 19:13:00,50.15234640140434
2025-06-12 05:21:00,50.15234640140434
2025-06-12 02:56:00,50.15234640140434
2025-06-12 16:52:00,88.5
2025-06-12 11:58:00,11.8
2025-06-12 04:33:00,66.5
2025-06-12 08:55:00,50.15234640140434
2025-06-12 10:23:00,6.5
2025-06-12 20:03:00,44.4
2025-06-12 09:53:00,0.8
2025-06-12 02:34:00,69.3
2025-06-12 00:47:00,50.4
2025-06-12 11:02:00,19.2
2025-06-12 11:04:00,46.2
2025-06-12 10:57:00,47.9
2025-06-12 05:43:00,39.9
2025-06-12 07:12:00,50.15234640140434
2025-06-12 08:46:00,27.4
2025-06-12 11:46:00,72.4
2025-06-12 04:02:00,68.6
2025-06-12 05:18:00,48.5
2025-06-12 15:30:00,57.7
2025-06-12 17:44:00,55.7
2025-06-12 17:11:00,2.4
2025-06-12 15:29:00,43.2
2025-06-12 19:59:00,40.9
2025-06-12 02:40:00,13.4
2025-06-12 05:03:00,76.5
2025-06-12 21:11:00,50.15234640140434
2025-06-12 22:17:00,4.6
2025-06-12 20:36:00,37.9
2025-06-12 05:36:00,40.6
2025-06-12 04:48:00,50.15234640140434
2025-06-12 16:07:00,70.8
2025-06-12 11:25:00,54.3
2025-06-12 19:39:00,11.8
2025-06-12 15:00:00,37.8
2025-06-12 13:08:00,19.4
2025-06-12 19:02:00,56.3
2025-06-12 07:46:00,43.8
2025-06-12 07:38:00,76.8
2025-06-12 19:35:00,18.2
2025-06-12 23:55:00,50.15234640140434
2025-06-12 15:42:00,98.0
2025-06-12 09:49:00,33.3
2025-06-12 05:02:00,67.1
2025-06-12 14:38:00,50.15234640140434
2025-06-12 15:57:00,32.3
2025-06-12 17:38:00,59.7
2025-06-12 10:03:00,50.15234640140434
2025-06-12 01:06:00,26.6
2025-06-12 19:03:00,60.0
2025-06-12 11:44:00,19.9
2025-06-12 20:34:00,14.8
2025-06-12 23:20:00,52.4
2025-06-12 02:10:00,15.3
2025-06-12 09:39:00,49.2
2025-06-12 03:15:00,21.3
2025-06-12 06:07:00,60.8
2025-06-12 08:43:00,62.1
2025-06-12 12:10:00,50.15234640140434
2025-06-12 07:52:00,32.3
2025-06-12 00:11:00,44.5
2025-06-12 11:06:00,25.7
2025-06-12 08:32:00,50.15234640140434
2025-06-12 08:26:00,50.15234640140434
2025-06-12 07:04:00,45.4
2025-06-12 12:18:00,50.15234640140434
2025-06-12 04:11:00,77.9
2025-06-12 14:44:00,59.5
2025-06-12 13:00:00,45.3
2025-06-12 21:54:00,50.15234640140434
2025-06-12 20:39:00,13.7
2025-06-12 08:53:00,61.1
2025-06-12 03:45:00,96.6
2025-06-12 14:36:00,50.15234640140434
2025-06-12 10:51:00,95.4
2025-06-12 14:37:00,50.15234640140434
2025-06-12 15:34:00,50.15234640140434
2025-06-12 12:12:00,80.7
2025-06-12 12:05:00,14.5
2025-06-12 19:23:00,50.15234640140434
2025-06-12 23:14:00,94.6
2025-06-12 20:52:00,17.7
2025-06-12 13:24:00,85.7
2025-06-12 02:06:00,57.8
2025-06-12 12:20:00,35.7
2025-06-12 01:01:00,51.0
2025-06-12 16:01:00,85.9
2025-06-12 22:31:00,4.1
2025-06-12 16:44:00,50.15234640140434
2025-06-12 06:43:00,50.15234640140434
2025-06-12 19:29:00,34.9
2025-06-12 12:56:00,61.4
2025-06-12 19:28:00,73.5
2025-06-12 11:13:00,54.8
2025-06-12 09:36:00,70.6
2025-06-12 02:28:00,88.3
2025-06-12 07:42:00,99.5
2025-06-12 04:09:00,6.3
2025-06-12 23:58:00,67.5
2025-06-12 23:07:00,40.1
2025-06-12 13:45:00,10.2
2025-06-12 04:45:00,34.2
2025-06-12 13:44:00,99.2
2025-06-12 10:13:00,63.8
2025-06-12 22:46:00,68.1
2025-06-12 18:50:00,50.15234640140434
2025-06-12 09:06:00,33.2
2025-06-12 01:47:00,86.8
2025-06-12 21:25:00,26.2
2025-06-12 06:32:00,86.4
2025-06-12 12:47:00,50.15234640140434
2025-06-12 01:55:00,71.3
2025-06-12 12:24:00,11.1
2025-06-12 11:21:00,40.6
2025-06-12 19:50:00,47.5
2025-06-12 16:43:00,65.7
2025-06-12 15:14:00,50.15234640140434
2025-06-12 00:42:00,67.3
2025-06-12 20:27:00,59.0
2025-06-12 12:03:00,50.8
2025-06-12 23:31:00,66.0
2025-06-12 10:55:00,65.2
2025-06-12 18:30:00,19.9
2025-06-12 23:16:00,61.0
2025-06-12 18:12:00,9.2
2025-06-12 04:44:00,61.5
2025-06-12 11:05:00,39.2
2025-06-12 05:25:00,9.6
2025-06-12 06:37:00,16.6
2025-06-12 13:23:00,89.3
2025-06-12 21:44:00,82.8
2025-06-12 03:12:00,37.6
2025-06-12 12:59:00,73.9
2025-06-12 14:20:00,50.15234640140434
2025-06-12 03:18:00,83.4
2025-06-12 19:48:00,27.3
2025-06-12 18:06:00,69.2
2025-06-12 00:50:00,82.2
2025-06-12 22:15:00,17.0
2025-06-12 18:45:00,6.9
2025-06-12 01:15:00,5.3
2025-06-12 21:32:00,50.15234640140434
2025-06-12 03:17:00,94.9
2025-06-12 23:24:00,41.2
2025-06-12 01:34:00,43.8
2025-06-12 12:57:00,53.2
2025-06-12 10:43:00,50.15234640140434
2025-06-12 03:54:00,53.2
2025-06-12 19:37:00,50.15234640140434
2025-06-12 04:46:00,22.2
2025-06-12 14:22:00,50.15234640140434
2025-06-12 17:03:00,50.15234640140434
2025-06-12 07:20:00,72.6
2025-06-12 02:11:00,59.5
2025-06-12 21:59:00,62.0
2025-06-12 08:24:00,88.3
2025-06-12 08:45:00,70.5
2025-06-12 22:41:00,69.4
2025-06-12 01:33:00,23.2
2025-06-12 08:13:00,14.1
2025-06-12 12:02:00,50.15234640140434
2025-06-12 06:20:00,43.0
2025-06-12 22:48:00,36.8
2025-06-12 17:00:00,67.7
2025-06-12 17:36:00,81.0
2025-06-12 06:53:00,41.8
2025-06-12 03:14:00,76.9
2025-06-12 20:06:00,89.5
2025-06-12 11:30:00,76.4
2025-06-12 02:38:00,88.4
2025-06-12 12:29:00,28.1
2025-06-12 11:00:00,24.4
2025-06-12 17:27:00,74.5
2025-06-12 00:41:00,57.1
2025-06-12 10:04:00,22.7
2025-06-12 01:49:00,14.2
2025-06-12 00:03:00,75.5
2025-06-12 10:33:00,49.8
2025-06-12 07:23:00,20.7
2025-06-12 15:21:00,75.4
2025-06-12 07:11:00,69.2
2025-06-12 20:29:00,50.15747328871669
2025-06-12 11:37:00,15.4
2025-06-12 12:08:00,90.0
2025-06-12 00:04:00,91.5
2025-06-12 05:31:00,10.5
2025-06-12 00:28:00,82.5
2025-06-12 00:53:00,32.5
2025-06-12 22:32:00,68.4
2025-06-12 23:41:00,35.7
2025-06-12 10:27:00,95.4
2025-06-12 10:14:00,85.3
2025-06-12 17:25:00,31.5
2025-06-12 16:44:00,42.4
2025-06-12 14:11:00,50.15747328871669
2025-06-12 15:30:00,93.1
2025-06-12 10:25:00,8.5
2025-06-12 09:18:00,46.8
2025-06-12 02:10:00,30.6
2025-06-12 16:39:00,11.5
2025-06-12 21:27:00,97.9
2025-06-12 03:01:00,40.6
2025-06-12 16:29:00,56.7
2025-06-12 16:36:00,88.8
2025-06-12 05:00:00,16.4
2025-06-12 03:51:00,27.6
2025-06-12 21:19:00,74.9
2025-06-12 12:48:00,37.7
2025-06-12 08:16:00,48.9
2025-06-12 17:31:00,45.4
2025-06-12 13:44:00,3.8
2025-06-12 01:27:00,69.3
2025-06-12 12:32:00,77.7
2025-06-12 23:57:00,6.9
2025-06-12 18:44:00,26.4
2025-06-12 16:13:00,34.8
2025-06-12 17:51:00,15.2
2025-06-12 08:08:00,98.8
2025-06-12 09:51:00,48.6
2025-06-12 01:52:00,43.3
2025-06-12 21:25:00,47.9
2025-06-12 18:55:00,73.8
2025-06-12 19:48:00,29.4
2025-06-12 12:19:00,62.8
2025-06-12 17:04:00,15.8
2025-06-12 19:39:00,73.9
2025-06-12 19:52:00,50.15747328871669
2025-06-12 20:43:00,70.5
2025-06-12 18:46:00,85.5
2025-06-12 22:54:00,75.8
2025-06-12 20:56:00,74.7
2025-06-12 13:37:00,57.9
2025-06-12 07:42:00,62.7
2025-06-12 02:53:00,79.5
2025-06-12 01:39:00,6.5
2025-06-12 11:01:00,50.15747328871669
2025-06-12 23:27:00,34.9
2025-06-12 01:47:00,10.6
2025-06-12 11:53:00,32.0
2025-06-12 22:06:00,83.5
2025-06-12 06:45:00,70.0
2025-06-12 14:27:00,45.0
2025-06-12 22:48:00,47.8
2025-06-12 14:57:00,32.5
2025-06-12 15:45:00,5.3
2025-06-12 13:07:00,50.15747328871669
2025-06-12 16:50:00,50.15747328871669
2025-06-12 05:33:00,53.6
2025-06-12 20:49:00,50.15747328871669
2025-06-12 08:54:00,63.7
2025-06-12 04:03:00,50.15747328871669
2025-06-12 12:52:00,96.4
2025-06-12 20:46:00,54.8
2025-06-12 10:03:00,16.0
2025-06-12 17:49:00,33.1
2025-06-12 21:52:00,8.0
2025-06-12 20:14:00,79.7
2025-06-12 07:36:00,96.5
2025-06-12 01:50:00,70.3
2025-06-12 16:20:00,95.6
2025-06-12 03:10:00,63.5
2025-06-12 07:34:00,67.8
2025-06-12 18:48:00,2.6
2025-06-12 01:48:00,16.5
2025-06-12 12:28:00,50.15747328871669
2025-06-12 11:55:00,35.4
2025-06-12 16:15:00,10.1
2025-06-12 08:58:00,77.0
2025-06-12 16:18:00,43.0
2025-06-12 01:55:00,54.7
2025-06-12 21:59:00,1.9
2025-06-12 19:09:00,78.6
2025-06-12 09:02:00,73.3
2025-06-12 22:10:00,90.5
2025-06-12 15:29:00,54.9
2025-06-12 04:33:00,50.15747328871669
2025-06-12 11:59:00,81.6
2025-06-12 03:02:00,97.6
2025-06-12 12:34:00,65.8
2025-06-12 17:28:00,4.6
2025-06-12 12:15:00,73.8
2025-06-12 03:11:00,50.15747328871669
2025-06-12 10:12:00,32.9
2025-06-12 04:54:00,18.2
2025-06-12 21:34:00,68.5
2025-06-12 18:42:00,23.5
2025-06-12 21:02:00,50.15747328871669
2025-06-12 10:39:00,74.5
2025-06-12 08:39:00,81.0
2025-06-12 09:41:00,26.3
2025-06-12 04:34:00,30.0
2025-06-12 10:32:00,59.3
2025-06-12 19:05:00,47.4
2025-06-12 19:44:00,55.5
2025-06-12 13:29:00,40.3
2025-06-12 20:25:00,3.1
2025-06-12 18:45:00,28.5
2025-06-12 07:24:00,50.15747328871669
2025-06-12 02:28:00,18.2
2025-06-12 02:06:00,79.2
2025-06-12 15:33:00,96.6
2025-06-12 08:41:00,58.0
2025-06-12 03:31:00,74.2
2025-06-12 18:05:00,14.9
2025-06-12 13:54:00,59.1
2025-06-12 04:57:00,25.4
2025-06-12 07:15:00,50.15747328871669
2025-06-12 20:58:00,52.0
2025-06-12 05:05:00,46.4
2025-06-12 09:45:00,22.9
2025-06-12 02:12:00,50.15747328871669
2025-06-12 14:03:00,21.7
2025-06-12 08:30:00,35.3
2025-06-12 03:19:00,51.6
2025-06-12 09:13:00,48.8
2025-06-12 12:02:00,99.7
2025-06-12 11:17:00,33.2
2025-06-12 13:53:00,50.15747328871669
2025-06-12 22:27:00,98.9
2025-06-12 10:43:00,26.4
2025-06-12 14:53:00,54.0
2025-06-12 06:51:00,60.2
2025-06-12 09:09:00,78.2
2025-06-12 12:47:00,1.5
2025-06-12 01:35:00,5.2
2025-06-12 07:30:00,50.15747328871669
2025-06-12 02:37:00,46.6
2025-06-12 15:28:00,50.15747328871669
2025-06-12 15:20:00,59.8
2025-06-12 10:05:00,50.2
2025-06-12 08:33:00,77.6
2025-06-12 11:08:00,15.8
2025-06-12 21:11:00,84.5
2025-06-12 03:52:00,65.9
2025-06-12 09:49:00,67.9
2025-06-12 17:45:00,48.8
2025-06-12 05:38:00,24.3
2025-06-12 05:14:00,23.4
2025-06-12 14:10:00,50.15747328871669
2025-06-12 19:38:00,10.2
2025-06-12 04:27:00,37.5
2025-06-12 17:03:00,20.2
2025-06-12 12:18:00,40.0
2025-06-12 23:52:00,79.3
2025-06-12 15:44:00,50.15747328871669
2025-06-12 20:22:00,20.3
2025-06-12 05:55:00,41.0
2025-06-12 21:28:00,50.15747328871669
2025-06-12 07:06:00,95.1
2025-06-12 11:11:00,93.4
2025-06-12 23:34:00,30.2
2025-06-12 03:07:00,58.8
2025-06-12 05:27:00,44.3
2025-06-12 05:51:00,69.3
2025-06-12 18:18:00,45.3
2025-06-12 02:45:00,93.8
2025-06-12 14:46:00,37.2
2025-06-12 03:13:00,41.7
2025-06-12 21:50:00,66.2
2025-06-12 13:43:00,92.1
2025-06-12 21:05:00,49.0
2025-06-12 12:49:00,60.0
2025-06-12 06:33:00,85.5
2025-06-12 23:23:00,50.15747328871669
2025-06-12 00:21:00,93.3
2025-06-12 17:21:00,34.3
2025-06-12 16:23:00,50.15747328871669
2025-06-12 14:23:00,6.3
2025-06-12 14:45:00,11.8
2025-06-12 00:03:00,49.4
2025-06-12 23:40:00,14.8
2025-06-12 18:41:00,92.7
2025-06-12 21:20:00,73.7
2025-06-12 03:56:00,2.0
2025-06-12 11:18:00,15.6
2025-06-12 06:43:00,50.15747328871669
2025-06-12 16:21:00,58.7
2025-06-12 08:52:00,86.6
2025-06-12 22:43:00,70.6
2025-06-12 01:49:00,67.2
2025-06-12 11:23:00,50.15747328871669
2025-06-12 12:37:00,75.1
2025-06-12 01:36:00,93.6
2025-06-12 09:23:00,50.15747328871669
2025-06-12 14:21:00,71.8
2025-06-12 05:07:00,19.3
2025-06-12 15:07:00,50.15747328871669
2025-06-12 01:00:00,78.4
2025-06-12 19:54:00,6.9
2025-06-12 17:34:00,50.15747328871669
2025-06-12 13:34:00,92.6
2025-06-12 07:26:00,50.15747328871669
2025-06-12 23:59:00,50.15747328871669
2025-06-12 21:08:00,6.6
2025-06-12 16:54:00,87.7
2025-06-12 12:51:00,50.15747328871669
2025-06-12 12:09:00,70.7
2025-06-12 05:30:00,23.1
2025-06-12 16:02:00,83.1
2025-06-12 12:39:00,50.15747328871669
2025-06-12 04:52:00,1.6
2025-06-12 19:04:00,50.15747328871669
2025-06-12 09:22:00,50.15747328871669
2025-06-12 04:19:00,59.9
2025-06-12 00:45:00,13.1
2025-06-12 16:12:00,67.0
2025-06-12 04:14:00,47.5
2025-06-12 04:46:00,8.7
2025-06-12 04:13:00,26.5
2025-06-12 06:57:00,61.2
2025-06-12 21:43:00,17.0
2025-06-12 07:18:00,50.15747328871669
2025-06-12 10:34:00,93.5
2025-06-12 00:13:00,62.7
2025-06-12 19:35:00,3.6
2025-06-12 21:18:00,87.8
2025-06-12 01:17:00,69.4
2025-06-12 15:51:00,7.9
2025-06-12 11:33:00,67.1
2025-06-12 22:46:00,72.4
2025-06-12 19:18:00,81.7
2025-06-12 00:14:00,37.8
2025-06-12 18:31:00,76.3
2025-06-12 15:13:00,6.9
2025-06-12 18:11:00,6.5
2025-06-12 18:04:00,62.6
2025-06-12 05:45:00,68.5
2025-06-12 03:42:00,30.3
2025-06-12 04:58:00,50.15747328871669
2025-06-12 16:22:00,66.4
2025-06-12 13:38:00,67.8
2025-06-12 12:27:00,45.4
2025-06-12 16:35:00,91.8
2025-06-12 18:33:00,8.0
2025-06-12 09:27:00,50.15747328871669
2025-06-12 18:54:00,31.9
2025-06-12 22:29:00,35.8
2025-06-12 06:56:00,41.0
2025-06-12 11:05:00,86.0
2025-06-12 05:39:00,78.4
2025-06-12 10:15:00,94.5
2025-06-12 17:39:00,5.6
2025-06-12 02:56:00,40.4
2025-06-12 09:59:00,9.3
2025-06-12 07:49:00,50.15747328871669
2025-06-12 00:36:00,70.8
2025-06-12 06:26:00,17.3
2025-06-12 15:35:00,2.5
2025-06-12 20:15:00,98.9
2025-06-12 21:09:00,63.6
2025-06-12 08:18:00,52.1
2025-06-12 05:22:00,50.15747328871669
2025-06-12 01:05:00,82.1
2025-06-12 07:20:00,50.15747328871669
2025-06-12 13:47:00,50.3
2025-06-12 01:41:00,50.15747328871669
2025-06-12 22:52:00,39.0
2025-06-12 01:25:00,6.2
2025-06-12 09:05:00,47.6
2025-06-12 13:30:00,79.3
2025-06-12 00:39:00,77.3
2025-06-12 17:48:00,24.0
2025-06-12 02:17:00,24.8
2025-06-12 02:03:00,15.4
2025-06-12 20:33:00,82.9
2025-06-12 19:37:00,54.6
2025-06-12 00:17:00,56.0
2025-06-12 12:12:00,76.9
2025-06-12 04:09:00,79.6
2025-06-12 07:22:00,70.4
2025-06-12 14:59:00,63.0
2025-06-12 06:09:00,33.4
2025-06-12 01:34:00,0.9
2025-06-12 09:14:00,50.15747328871669
2025-06-12 18:34:00,60.5
2025-06-12 22:00:00,41.8
2025-06-12 14:54:00,26.7
2025-06-12 08:24:00,16.5
2025-06-12 09:08:00,37.6
2025-06-12 05:48:00,70.5
2025-06-12 10:06:00,89.2
2025-06-12 12:10:00,99.9
2025-06-12 21:44:00,33.4
2025-06-12 05:17:00,50.15747328871669
2025-06-12 22:44:00,11.9
2025-06-12 09:00:00,61.6
2025-06-12 17:24:00,64.9
2025-06-12 07:07:00,75.1
2025-06-12 15:37:00,79.2
2025-06-12 04:23:00,40.2
2025-06-12 01:31:00,68.5
2025-06-12 23:28:00,13.7
2025-06-12 05:10:00,50.15747328871669
2025-06-12 16:28:00,40.5
2025-06-12 13:51:00,99.2
2025-06-12 18:06:00,11.1
2025-06-12 03:36:00,50.15747328871669
2025-06-12 10:24:00,68.2
2025-06-12 10:37:00,69.9
2025-06-12 17:50:00,48.4
2025-06-12 13:33:00,50.15747328871669
2025-06-12 14:17:00,20.4
2025-06-12 22:23:00,27.0
2025-06-12 04:00:00,95.1
2025-06-12 15:22:00,61.8
2025-06-12 04:31:00,2.5
2025-06-12 23:36:00,50.07997412982127
2025-06-12 10:21:00,75.8
2025-06-12 14:22:00,81.7
2025-06-12 03:13:00,18.8
2025-06-12 00:40:00,63.2
2025-06-12 18:41:00,16.8
2025-06-12 00:12:00,26.5
2025-06-12 01:19:00,49.5
2025-06-12 07:38:00,50.07997412982127
2025-06-12 03:38:00,94.4
2025-06-12 21:36:00,50.07997412982127
2025-06-12 14:05:00,36.1
2025-06-12 06:37:00,50.07997412982127
2025-06-12 18:35:00,50.07997412982127
2025-06-12 18:18:00,3.9
2025-06-12 20:31:00,68.4
2025-06-12 18:19:00,36.8
2025-06-12 23:53:00,61.6
2025-06-12 09:28:00,6.4
2025-06-12 14:00:00,94.0
2025-06-12 00:44:00,37.4
2025-06-12 05:52:00,50.07997412982127
2025-06-12 10:41:00,17.8
2025-06-12 00:18:00,77.8
2025-06-12 12:41:00,5.6
2025-06-12 01:13:00,74.4
2025-06-12 19:58:00,57.5
2025-06-12 23:51:00,90.2
2025-06-12 05:37:00,36.3
2025-06-12 17:16:00,50.07997412982127
2025-06-12 04:40:00,15.2
2025-06-12 15:33:00,54.6
2025-06-12 08:33:00,50.07997412982127
2025-06-12 22:55:00,57.8
2025-06-12 09:58:00,99.4
2025-06-12 16:34:00,50.07997412982127
2025-06-12 09:14:00,17.4
2025-06-12 02:47:00,50.07997412982127
2025-06-12 12:20:00,50.07997412982127
2025-06-12 09:56:00,50.07997412982127
2025-06-12 06:30:00,32.2
2025-06-12 07:01:00,86.7
2025-06-12 03:27:00,71.4
2025-06-12 10:56:00,31.2
2025-06-12 23:02:00,50.07997412982127
2025-06-12 01:59:00,68.0
2025-06-12 19:13:00,50.07997412982127
2025-06-12 14:29:00,30.5
2025-06-12 18:45:00,16.4
2025-06-12 12:03:00,82.0
2025-06-12 10:07:00,59.5
2025-06-12 11:58:00,56.7
2025-06-12 01:15:00,21.0
2025-06-12 16:43:00,15.4
2025-06-12 11:03:00,50.07997412982127
2025-06-12 20:21:00,21.0
2025-06-12 06:47:00,80.4
2025-06-12 20:37:00,29.8
2025-06-12 23:11:00,60.8
2025-06-12 06:50:00,94.4
2025-06-12 21:12:00,57.5
2025-06-12 02:14:00,75.3
2025-06-12 08:40:00,97.4
2025-06-12 20:08:00,66.6
2025-06-12 22:04:00,58.1
2025-06-12 09:47:00,93.1
2025-06-12 20:55:00,50.07997412982127
2025-06-12 01:22:00,10.3
2025-06-12 16:53:00,45.8
2025-06-12 19:35:00,2.6
2025-06-12 23:12:00,50.07997412982127
2025-06-12 18:42:00,87.3
2025-06-12 10:20:00,50.07997412982127
2025-06-12 01:32:00,58.2
2025-06-12 22:34:00,44.5
2025-06-12 18:15:00,29.7
2025-06-12 02:54:00,26.1
2025-06-12 04:30:00,66.7
2025-06-12 09:59:00,50.07997412982127
2025-06-12 00:47:00,33.8
2025-06-12 04:18:00,50.07997412982127
2025-06-12 01:18:00,46.0
2025-06-12 21:21:00,50.07997412982127
2025-06-12 10:02:00,82.5
2025-06-12 18:17:00,50.07997412982127
2025-06-12 21:17:00,50.07997412982127
2025-06-12 18:16:00,12.6
2025-06-12 09:06:00,50.07997412982127
2025-06-12 13:55:00,56.3
2025-06-12 20:52:00,50.07997412982127
2025-06-12 20:26:00,16.3
2025-06-12 18:28:00,92.1
2025-06-12 18:22:00,90.5
2025-06-12 15:44:00,21.9
2025-06-12 07:10:00,30.1
2025-06-12 17:05:00,70.2
2025-06-12 14:44:00,1.1
2025-06-12 04:27:00,62.3
2025-06-12 17:48:00,8.6
2025-06-12 09:35:00,54.5
2025-06-12 11:59:00,27.4
2025-06-12 05:05:00,81.0
2025-06-12 19:02:00,50.07997412982127
2025-06-12 16:14:00,34.9
2025-06-12 02:16:00,50.07997412982127
2025-06-12 02:22:00,50.07997412982127
2025-06-12 11:00:00,82.8
2025-06-12 21:13:00,58.3
2025-06-12 15:19:00,65.8
2025-06-12 15:05:00,41.1
2025-06-12 09:04:00,50.07997412982127
2025-06-12 19:54:00,30.1
2025-06-12 05:26:00,5.1
2025-06-12 21:55:00,64.6
2025-06-12 08:08:00,5.3
2025-06-12 18:47:00,2.1
2025-06-12 00:22:00,4.5
2025-06-12 08:38:00,57.5
2025-06-12 23:06:00,97.8
2025-06-12 02:44:00,67.3
2025-06-12 01:20:00,50.07997412982127
2025-06-12 15:43:00,40.8
2025-06-12 23:04:00,4.4
2025-06-12 10:37:00,50.07997412982127
2025-06-12 06:06:00,94.1
2025-06-12 21:58:00,96.9
2025-06-12 06:01:00,33.8
2025-06-12 15:24:00,99.6
2025-06-12 00:08:00,74.6
2025-06-12 07:49:00,78.0
2025-06-12 21:14:00,50.07997412982127
2025-06-12 11:18:00,28.9
2025-06-12 08:23:00,55.2
2025-06-12 11:57:00,81.5
2025-06-12 09:13:00,39.5
2025-06-12 15:38:00,45.5
2025-06-12 15:51:00,50.07997412982127
2025-06-12 12:57:00,50.07997412982127
2025-06-12 04:32:00,13.8
2025-06-12 12:37:00,42.7
2025-06-12 23:43:00,85.9
2025-06-12 13:52:00,80.0
2025-06-12 07:14:00,13.8
2025-06-12 01:55:00,62.9
2025-06-12 21:46:00,80.3
2025-06-12 23:54:00,95.8
2025-06-12 09:42:00,30.7
2025-06-12 09:38:00,89.8
2025-06-12 09:37:00,85.5
2025-06-12 23:21:00,50.07997412982127
2025-06-12 14:19:00,8.3
2025-06-12 01:53:00,76.9
2025-06-12 20:20:00,85.5
2025-06-12 06:25:00,93.4
2025-06-12 21:18:00,17.4
2025-06-12 03:08:00,50.07997412982127
2025-06-12 03:48:00,46.5
2025-06-12 13:12:00,2.5
2025-06-12 15:03:00,11.4
2025-06-12 06:24:00,43.3
2025-06-12 15:30:00,80.2
2025-06-12 16:06:00,38.5
2025-06-12 18:36:00,50.07997412982127
2025-06-12 10:29:00,61.7
2025-06-12 12:36:00,11.0
2025-06-12 03:53:00,61.4
2025-06-12 20:41:00,51.0
2025-06-12 11:41:00,41.8
2025-06-12 00:19:00,24.1
2025-06-12 01:48:00,38.3
2025-06-12 20:25:00,42.8
2025-06-12 02:29:00,22.6
2025-06-12 07:57:00,50.07997412982127
2025-06-12 19:26:00,94.4
2025-06-12 00:23:00,77.2
2025-06-12 10:24:00,13.6
2025-06-12 10:43:00,32.9
2025-06-12 18:39:00,88.0
2025-06-12 03:12:00,29.8
2025-06-12 16:51:00,90.9
2025-06-12 03:18:00,50.07997412982127
2025-06-12 22:29:00,67.0
2025-06-12 00:15:00,17.5
2025-06-12 03:05:00,22.2
2025-06-12 14:43:00,97.6
2025-06-12 15:56:00,55.4
2025-06-12 22:07:00,81.3
2025-06-12 08:21:00,54.1
2025-06-12 23:47:00,61.6
2025-06-12 16:03:00,93.5
2025-06-12 21:44:00,1.5
2025-06-12 08:36:00,50.07997412982127
2025-06-12 17:28:00,65.2
2025-06-12 09:25:00,50.07997412982127
2025-06-12 10:08:00,57.6
2025-06-12 03:45:00,50.07997412982127
2025-06-12 09:01:00,50.07997412982127
2025-06-12 15:16:00,27.3
2025-06-12 23:18:00,50.07997412982127
2025-06-12 22:15:00,51.9
2025-06-12 04:50:00,17.6
2025-06-12 18:38:00,92.6
2025-06-12 15:08:00,97.2
2025-06-12 08:30:00,43.1
2025-06-12 07:13:00,94.0
2025-06-12 08:05:00,45.8
2025-06-12 18:34:00,27.5
2025-06-12 15:07:00,29.8
2025-06-12 16:08:00,15.0
2025-06-12 21:30:00,30.2
2025-06-12 03:51:00,64.7
2025-06-12 10:09:00,47.2
2025-06-12 17:14:00,30.6
2025-06-12 03:21:00,32.8
2025-06-12 08:54:00,66.3
2025-06-12 23:09:00,11.6
2025-06-12 03:47:00,88.0
2025-06-12 10:33:00,37.4
2025-06-12 06:07:00,13.7
2025-06-12 12:08:00,20.6
2025-06-12 12:32:00,25.6
2025-06-12 23:05:00,64.7
2025-06-12 04:13:00,6.1
2025-06-12 06:48:00,18.0
2025-06-12 12:38:00,97.4
2025-06-12 02:10:00,50.07997412982127
2025-06-12 23:48:00,75.6
2025-06-12 01:37:00,2.4
2025-06-12 20:39:00,65.4
2025-06-12 17:51:00,11.4
2025-06-12 15:54:00,80.6
2025-06-12 07:11:00,25.0
2025-06-12 14:18:00,50.07997412982127
2025-06-12 19:59:00,94.7
2025-06-12 20:04:00,4.5
2025-06-12 00:59:00,44.4
2025-06-12 12:28:00,26.0
2025-06-12 15:40:00,87.5
2025-06-12 21:49:00,88.7
2025-06-12 08:42:00,13.3
2025-06-12 01:38:00,97.7
2025-06-12 12:27:00,18.3
2025-06-12 22:42:00,68.5
2025-06-12 10:38:00,75.7
2025-06-12 00:13:00,70.7
2025-06-12 03:24:00,20.1
2025-06-12 06:12:00,70.2
2025-06-12 12:34:00,99.5
2025-06-12 00:49:00,6.9
2025-06-12 22:59:00,42.3
2025-06-12 03:17:00,87.9
2025-06-12 22:11:00,22.3
2025-06-12 07:56:00,50.07997412982127
2025-06-12 06:41:00,50.07997412982127
2025-06-12 05:11:00,65.2
2025-06-12 06:49:00,54.5
2025-06-12 08:55:00,50.07997412982127
2025-06-12 09:03:00,11.1
2025-06-12 05:55:00,84.4
2025-06-12 23:26:00,59.8
2025-06-12 13:33:00,26.5
2025-06-12 18:24:00,35.3
2025-06-12 14:46:00,20.7
2025-06-12 01:45:00,40.6
2025-06-12 10:12:00,66.0
2025-06-12 15:00:00,59.1
2025-06-12 22:38:00,50.07997412982127
2025-06-12 17:54:00,50.07997412982127
2025-06-12 07:22:00,50.07997412982127
2025-06-12 07:20:00,50.07997412982127
2025-06-12 05:54:00,14.1
2025-06-12 10:59:00,88.2
2025-06-12 00:28:00,91.5
2025-06-12 07:54:00,73.0
2025-06-12 12:05:00,55.9
2025-06-12 02:48:00,99.4
2025-06-12 16:45:00,2.7
2025-06-12 11:46:00,56.8
2025-06-12 15:14:00,48.8
2025-06-12 13:39:00,50.07997412982127
2025-06-12 18:05:00,31.6
2025-06-12 19:32:00,2.2
2025-06-12 18:56:00,16.9
2025-06-12 18:42:00,45.3
2025-06-12 23:46:00,43.3
2025-06-12 13:17:00,54.2
2025-06-12 13:31:00,58.9
2025-06-12 03:08:00,17.9
2025-06-12 14:42:00,83.2
2025-06-12 13:16:00,76.2
2025-06-12 22:29:00,42.9
2025-06-12 08:08:00,27.8
2025-06-12 03:41:00,90.2
2025-06-12 19:19:00,24.4
2025-06-12 19:29:00,48.4
2025-06-12 09:25:00,49.822039706925075
2025-06-12 02:16:00,16.3
2025-06-12 21:46:00,3.6
2025-06-12 10:06:00,8.6
2025-06-12 14:34:00,9.8
2025-06-12 23:49:00,49.822039706925075
2025-06-12 10:59:00,54.5
2025-06-12 08:48:00,7.6
2025-06-12 04:33:00,49.822039706925075
2025-06-12 13:37:00,43.2
2025-06-12 04:35:00,81.6
2025-06-12 11:28:00,26.1
2025-06-12 14:31:00,7.9
2025-06-12 04:08:00,84.8
2025-06-12 23:14:00,87.7
2025-06-12 03:37:00,19.6
2025-06-12 16:25:00,5.6
2025-06-12 01:47:00,67.0
2025-06-12 11:53:00,28.9
2025-06-12 11:46:00,98.8
2025-06-12 17:31:00,49.822039706925075
2025-06-12 05:26:00,33.0
2025-06-12 19:32:00,44.3
2025-06-12 20:26:00,79.4
2025-06-12 00:40:00,13.3
2025-06-12 11:48:00,45.1
2025-06-12 11:33:00,11.8
2025-06-12 08:31:00,32.9
2025-06-12 01:55:00,13.0
2025-06-12 19:50:00,91.4
2025-06-12 14:00:00,26.9
2025-06-12 09:53:00,46.0
2025-06-12 22:57:00,46.7
2025-06-12 13:22:00,7.3
2025-06-12 07:55:00,45.9
2025-06-12 09:54:00,49.822039706925075
2025-06-12 02:20:00,43.1
2025-06-12 06:25:00,67.6
2025-06-12 12:40:00,49.822039706925075
2025-06-12 11:02:00,74.7
2025-06-12 21:43:00,94.5
2025-06-12 23:24:00,78.9
2025-06-12 17:57:00,92.8
2025-06-12 09:27:00,49.822039706925075
2025-06-12 06:23:00,81.1
2025-06-12 05:28:00,89.8
2025-06-12 07:40:00,16.9
2025-06-12 18:13:00,74.9
2025-06-12 09:35:00,49.822039706925075
2025-06-12 23:08:00,81.1
2025-06-12 16:23:00,84.0
2025-06-12 13:26:00,17.6
2025-06-12 15:12:00,65.5
2025-06-12 03:29:00,70.3
2025-06-12 14:26:00,49.822039706925075
2025-06-12 18:15:00,85.3
2025-06-12 09:04:00,49.822039706925075
2025-06-12 12:34:00,88.2
2025-06-12 22:43:00,19.1
2025-06-12 06:43:00,95.3
2025-06-12 06:30:00,94.8
2025-06-12 07:12:00,49.822039706925075
2025-06-12 04:36:00,72.1
2025-06-12 07:44:00,63.0
2025-06-12 19:17:00,27.3
2025-06-12 16:09:00,77.1
2025-06-12 09:37:00,51.6
2025-06-12 01:22:00,31.1
2025-06-12 03:47:00,6.6
2025-06-12 11:41:00,69.1
2025-06-12 09:32:00,64.2
2025-06-12 12:03:00,78.1
2025-06-12 02:31:00,50.8
2025-06-12 03:52:00,31.6
2025-06-12 02:01:00,88.2
2025-06-12 21:48:00,70.0
2025-06-12 21:17:00,44.9
2025-06-12 23:31:00,22.8
2025-06-12 00:01:00,24.0
2025-06-12 20:35:00,49.822039706925075
2025-06-12 10:34:00,52.9
2025-06-12 20:22:00,19.0
2025-06-12 18:48:00,52.1
2025-06-12 07:46:00,82.1
2025-06-12 19:37:00,90.4
2025-06-12 15:48:00,23.8
2025-06-12 03:15:00,49.6
2025-06-12 10:49:00,49.822039706925075
2025-06-12 23:13:00,9.7
2025-06-12 22:47:00,76.9
2025-06-12 01:34:00,5.5
2025-06-12 19:57:00,21.9
2025-06-12 00:27:00,9.4
2025-06-12 21:04:00,58.3
2025-06-12 00:29:00,49.822039706925075
2025-06-12 20:16:00,60.0
2025-06-12 09:23:00,27.3
2025-06-12 12:57:00,40.4
2025-06-12 09:52:00,45.0
2025-06-12 18:11:00,19.1
2025-06-12 07:23:00,4.2
2025-06-12 06:20:00,90.5
2025-06-12 03:49:00,92.8
2025-06-12 15:37:00,62.6
2025-06-12 14:56:00,72.8
2025-06-12 01:12:00,49.822039706925075
2025-06-12 04:32:00,79.5
2025-06-12 17:44:00,48.9
2025-06-12 19:04:00,6.9
2025-06-12 12:15:00,90.8
2025-06-12 05:29:00,86.7
2025-06-12 21:35:00,49.822039706925075
2025-06-12 01:38:00,48.5
2025-06-12 06:14:00,21.1
2025-06-12 18:50:00,60.8
2025-06-12 04:46:00,52.9
2025-06-12 03:36:00,34.3
2025-06-12 06:05:00,73.7
2025-06-12 21:52:00,2.4
2025-06-12 17:37:00,49.822039706925075
2025-06-12 13:19:00,37.3
2025-06-12 06:24:00,59.7
2025-06-12 00:20:00,12.1
2025-06-12 13:49:00,49.822039706925075
2025-06-12 12:11:00,92.0
2025-06-12 14:54:00,49.822039706925075
2025-06-12 05:53:00,5.5
2025-06-12 21:57:00,49.822039706925075
2025-06-12 22:39:00,89.0
2025-06-12 09:07:00,42.9
2025-06-12 09:43:00,80.5
2025-06-12 23:38:00,59.5
2025-06-12 07:04:00,49.822039706925075
2025-06-12 16:45:00,87.2
2025-06-12 19:43:00,67.9
2025-06-12 10:27:00,6.2
2025-06-12 11:05:00,24.7
2025-06-12 15:05:00,49.822039706925075
2025-06-12 01:50:00,49.4
2025-06-12 12:13:00,68.1
2025-06-12 09:03:00,43.1
2025-06-12 00:04:00,6.0
2025-06-12 11:42:00,17.4
2025-06-12 00:57:00,85.3
2025-06-12 09:26:00,55.8
2025-06-12 12:55:00,16.3
2025-06-12 22:40:00,81.7
2025-06-12 04:48:00,56.0
2025-06-12 14:43:00,49.822039706925075
2025-06-12 15:28:00,4.1
2025-06-12 17:07:00,90.7
2025-06-12 11:49:00,16.3
2025-06-12 19:00:00,50.9
2025-06-12 17:18:00,88.5
2025-06-12 02:36:00,28.1
2025-06-12 09:39:00,57.1
2025-06-12 01:40:00,18.5
2025-06-12 16:19:00,1.7
2025-06-12 12:02:00,60.8
2025-06-12 01:13:00,94.4
2025-06-12 10:40:00,75.4
2025-06-12 04:24:00,26.5
2025-06-12 04:37:00,49.822039706925075
2025-06-12 18:25:00,28.7
2025-06-12 20:46:00,54.7
2025-06-12 14:27:00,26.8
2025-06-12 13:11:00,51.6
2025-06-12 11:36:00,79.0
2025-06-12 07:18:00,71.6
2025-06-12 09:24:00,45.4
2025-06-12 14:35:00,30.7
2025-06-12 04:15:00,49.4
2025-06-12 21:56:00,1.3
2025-06-12 12:10:00,95.3
2025-06-12 02:58:00,26.0
2025-06-12 22:16:00,53.7
2025-06-12 21:45:00,49.822039706925075
2025-06-12 07:49:00,35.6
2025-06-12 07:56:00,49.822039706925075
2025-06-12 12:23:00,79.3
2025-06-12 23:03:00,11.0
2025-06-12 09:11:00,44.0
2025-06-12 14:02:00,84.0
2025-06-12 09:47:00,14.6
2025-06-12 01:41:00,49.822039706925075
2025-06-12 00:25:00,71.9
2025-06-12 04:13:00,49.822039706925075
2025-06-12 01:11:00,91.2
2025-06-12 10:51:00,63.5
2025-06-12 07:39:00,69.8
2025-06-12 08:13:00,70.4
2025-06-12 18:27:00,55.4
2025-06-12 22:58:00,98.7
2025-06-12 13:14:00,80.2
2025-06-12 23:02:00,49.822039706925075
2025-06-12 23:34:00,60.9
2025-06-12 23:54:00,89.8
2025-06-12 07:16:00,18.8
2025-06-12 05:00:00,49.822039706925075
2025-06-12 22:08:00,98.1
2025-06-12 15:21:00,97.3
2025-06-12 19:13:00,65.3
2025-06-12 04:34:00,53.1
2025-06-12 20:12:00,74.3
2025-06-12 20:10:00,76.4
2025-06-12 17:59:00,71.0
2025-06-12 08:30:00,49.822039706925075
2025-06-12 16:20:00,49.822039706925075
2025-06-12 21:58:00,49.822039706925075
2025-06-12 06:13:00,11.9
2025-06-12 17:52:00,31.5
2025-06-12 09:29:00,21.9
2025-06-12 15:11:00,36.0
2025-06-12 17:10:00,67.7
2025-06-12 11:23:00,72.3
2025-06-12 02:24:00,90.4
2025-06-12 19:07:00,14.6
2025-06-12 07:17:00,33.7
2025-06-12 14:07:00,49.822039706925075
2025-06-12 13:47:00,36.3
2025-06-12 03:44:00,96.8
2025-06-12 01:20:00,56.2
2025-06-12 16:37:00,82.9
2025-06-12 01:18:00,58.2
2025-06-12 17:14:00,63.3
2025-06-12 04:01:00,34.9
2025-06-12 10:05:00,25.0
2025-06-12 11:44:00,88.1
2025-06-12 06:59:00,72.0
2025-06-12 23:51:00,31.2
2025-06-12 18:46:00,67.8
2025-06-12 16:36:00,53.9
2025-06-12 13:33:00,62.8
2025-06-12 04:12:00,49.822039706925075
2025-06-12 12:17:00,48.4
2025-06-12 22:59:00,67.2
2025-06-12 06:06:00,33.9
2025-06-12 14:22:00,49.822039706925075
2025-06-12 11:03:00,42.7
2025-06-12 01:30:00,32.2
2025-06-12 14:20:00,38.8
2025-06-12 16:35:00,71.7
2025-06-12 15:07:00,25.7
2025-06-12 21:00:00,87.3
2025-06-12 01:57:00,49.822039706925075
2025-06-12 21:03:00,52.1
2025-06-12 05:50:00,73.5
2025-06-12 04:43:00,78.8
2025-06-12 16:51:00,63.0
2025-06-12 22:55:00,49.822039706925075
2025-06-12 22:03:00,49.4
2025-06-12 15:43:00,49.822039706925075
2025-06-12 21:30:00,13.5
2025-06-12 04:39:00,41.2
2025-06-12 08:49:00,91.5
2025-06-12 23:00:00,22.0
2025-06-12 21:11:00,23.8
2025-06-12 18:47:00,68.3
2025-06-12 16:34:00,81.9
2025-06-12 02:17:00,49.822039706925075
2025-06-12 01:33:00,77.4
2025-06-12 14:28:00,84.7
2025-06-12 05:31:00,74.1
2025-06-12 18:35:00,61.2
2025-06-12 21:24:00,97.6
2025-06-12 00:45:00,27.9
2025-06-12 20:01:00,91.3
2025-06-12 06:10:00,6.3
2025-06-12 10:53:00,9.4
2025-06-12 12:30:00,30.9
2025-06-12 04:44:00,61.5
2025-06-12 11:30:00,20.3
2025-06-12 22:07:00,73.8
2025-06-12 12:34:00,50.313785814936594
2025-06-12 02:56:00,95.5
2025-06-12 10:49:00,0.3
2025-06-12 21:31:00,77.5
2025-06-12 14:32:00,50.313785814936594
2025-06-12 12:36:00,50.313785814936594
2025-06-12 06:43:00,6.1
2025-06-12 15:17:00,50.313785814936594
2025-06-12 08:56:00,65.3
2025-06-12 11:00:00,11.0
2025-06-12 13:22:00,50.313785814936594
2025-06-12 07:16:00,23.4
2025-06-12 04:53:00,46.9
2025-06-12 13:56:00,37.6
2025-06-12 06:19:00,54.0
2025-06-12 10:35:00,50.4
2025-06-12 08:22:00,94.2
2025-06-12 02:05:00,23.1
2025-06-12 23:32:00,43.2
2025-06-12 18:05:00,33.5
2025-06-12 09:52:00,50.313785814936594
2025-06-12 13:18:00,22.7
2025-06-12 23:37:00,24.7
2025-06-12 04:46:00,3.4
2025-06-12 03:22:00,54.0
2025-06-12 19:39:00,50.313785814936594
2025-06-12 18:31:00,63.2
2025-06-12 02:32:00,32.9
2025-06-12 23:02:00,86.1
2025-06-12 08:01:00,64.8
2025-06-12 02:53:00,50.313785814936594
2025-06-12 23:45:00,67.6
2025-06-12 13:23:00,47.2
2025-06-12 09:18:00,94.6
2025-06-12 18:50:00,24.5
2025-06-12 03:58:00,3.5
2025-06-12 02:45:00,51.3
2025-06-12 15:43:00,72.6
2025-06-12 06:28:00,18.5
2025-06-12 01:05:00,64.4
2025-06-12 02:48:00,98.7
2025-06-12 08:32:00,58.2
2025-06-12 01:46:00,50.313785814936594
2025-06-12 06:58:00,68.1
2025-06-12 09:09:00,40.3
2025-06-12 13:01:00,90.3
2025-06-12 11:51:00,50.313785814936594
2025-06-12 10:24:00,86.8
2025-06-12 13:59:00,63.7
2025-06-12 03:02:00,69.7
2025-06-12 02:42:00,3.1
2025-06-12 03:31:00,53.1
2025-06-12 09:48:00,47.2
2025-06-12 07:11:00,88.9
2025-06-12 07:56:00,50.313785814936594
2025-06-12 08:25:00,13.4
2025-06-12 01:50:00,40.4
2025-06-12 08:33:00,90.3
2025-06-12 10:53:00,39.2
2025-06-12 11:44:00,28.3
2025-06-12 17:09:00,63.0
2025-06-12 17:33:00,28.5
2025-06-12 14:10:00,23.7
2025-06-12 13:58:00,21.9
2025-06-12 08:05:00,40.1
2025-06-12 11:39:00,85.2
2025-06-12 06:42:00,84.3
2025-06-12 18:54:00,69.4
2025-06-12 22:23:00,50.313785814936594
2025-06-12 11:43:00,37.7
2025-06-12 21:30:00,52.5
2025-06-12 03:33:00,8.7
2025-06-12 00:37:00,50.313785814936594
2025-06-12 23:58:00,43.4
2025-06-12 22:43:00,42.1
2025-06-12 04:02:00,48.7
2025-06-12 12:04:00,14.2
2025-06-12 16:25:00,2.5
2025-06-12 16:34:00,47.3
2025-06-12 02:08:00,0.8
2025-06-12 02:00:00,50.313785814936594
2025-06-12 19:30:00,20.4
2025-06-12 05:59:00,81.5
2025-06-12 20:20:00,75.1
2025-06-12 05:01:00,88.7
2025-06-12 16:02:00,30.0
2025-06-12 22:52:00,49.7
2025-06-12 00:29:00,37.0
2025-06-12 23:33:00,65.1
2025-06-12 18:42:00,18.4
2025-06-12 22:59:00,66.4
2025-06-12 21:44:00,58.8
2025-06-12 08:27:00,60.3
2025-06-12 04:30:00,71.6
2025-06-12 11:20:00,12.8
2025-06-12 22:49:00,57.8
2025-06-12 00:39:00,67.5
2025-06-12 19:36:00,31.0
2025-06-12 20:21:00,46.4
2025-06-12 07:58:00,69.3
2025-06-12 06:06:00,69.1
2025-06-12 04:50:00,29.4
2025-06-12 22:32:00,30.6
2025-06-12 05:51:00,91.9
2025-06-12 16:59:00,80.0
2025-06-12 01:15:00,40.8
2025-06-12 18:08:00,56.3
2025-06-12 12:40:00,11.7
2025-06-12 17:58:00,58.0
2025-06-12 08:57:00,59.2
2025-06-12 08:12:00,34.5
2025-06-12 03:18:00,18.4
2025-06-12 18:36:00,88.1
2025-06-12 12:17:00,82.9
2025-06-12 16:48:00,50.313785814936594
2025-06-12 05:21:00,50.313785814936594
2025-06-12 00:46:00,50.313785814936594
2025-06-12 01:11:00,50.313785814936594
2025-06-12 08:52:00,10.3
2025-06-12 17:11:00,15.4
2025-06-12 04:49:00,50.313785814936594
2025-06-12 09:54:00,88.0
2025-06-12 17:35:00,94.9
2025-06-12 14:27:00,50.313785814936594
2025-06-12 18:20:00,88.9
2025-06-12 18:41:00,42.5
2025-06-12 18:14:00,94.6
2025-06-12 11:05:00,32.9
2025-06-12 03:25:00,4.5
2025-06-12 09:10:00,50.313785814936594
2025-06-12 21:08:00,5.4
2025-06-12 07:15:00,23.5
2025-06-12 12:09:00,42.7
2025-06-12 00:26:00,54.5
2025-06-12 22:45:00,13.7
2025-06-12 22:46:00,9.5
2025-06-12 21:56:00,16.1
2025-06-12 19:22:00,81.2
2025-06-12 05:35:00,56.2
2025-06-12 07:38:00,84.8
2025-06-12 23:48:00,55.0
2025-06-12 04:18:00,22.4
2025-06-12 08:38:00,50.313785814936594
2025-06-12 08:43:00,59.3
2025-06-12 12:02:00,60.4
2025-06-12 19:34:00,96.9
2025-06-12 01:49:00,55.4
2025-06-12 03:32:00,11.4
2025-06-12 21:34:00,89.3
2025-06-12 14:51:00,50.313785814936594
2025-06-12 10:38:00,63.1
2025-06-12 07:21:00,60.9
2025-06-12 17:56:00,57.5
2025-06-12 10:14:00,32.7
2025-06-12 12:19:00,50.313785814936594
2025-06-12 02:14:00,8.6
2025-06-12 01:38:00,30.7
2025-06-12 22:04:00,11.5
2025-06-12 12:58:00,64.7
2025-06-12 20:25:00,63.3
2025-06-12 04:04:00,50.313785814936594
2025-06-12 19:12:00,50.313785814936594
2025-06-12 08:45:00,21.2
2025-06-12 05:11:00,87.8
2025-06-12 09:23:00,85.9
2025-06-12 11:37:00,49.9
2025-06-12 15:23:00,19.9
2025-06-12 10:48:00,90.0
2025-06-12 11:32:00,0.5
2025-06-12 19:19:00,8.2
2025-06-12 06:08:00,39.4
2025-06-12 04:25:00,25.6
2025-06-12 06:22:00,19.9
2025-06-12 17:00:00,17.0
2025-06-12 12:03:00,48.7
2025-06-12 08:02:00,76.3
2025-06-12 20:12:00,50.313785814936594
2025-06-12 01:20:00,99.3
2025-06-12 15:09:00,99.8
2025-06-12 09:07:00,0.2
2025-06-12 20:35:00,81.9
2025-06-12 13:08:00,50.313785814936594
2025-06-12 04:35:00,34.3
2025-06-12 21:20:00,50.313785814936594
2025-06-12 10:45:00,84.6
2025-06-12 10:51:00,64.1
2025-06-12 16:57:00,93.1
2025-06-12 21:46:00,13.0
2025-06-12 10:15:00,88.8
2025-06-12 19:40:00,66.1
2025-06-12 04:08:00,63.8
2025-06-12 04:58:00,76.0
2025-06-12 14:31:00,51.3
2025-06-12 21:49:00,36.6
2025-06-12 05:37:00,72.7
2025-06-12 14:56:00,78.7
2025-06-12 18:52:00,59.9
2025-06-12 21:01:00,83.8
2025-06-12 17:17:00,8.8
2025-06-12 01:31:00,48.5
2025-06-12 20:05:00,82.1
2025-06-12 17:30:00,30.1
2025-06-12 04:24:00,68.2
2025-06-12 16:20:00,61.2
2025-06-12 05:14:00,90.6
2025-06-12 00:17:00,11.0
2025-06-12 06:18:00,2.4
2025-06-12 12:49:00,73.5
2025-06-12 12:46:00,24.7
2025-06-12 10:08:00,8.4
2025-06-12 02:24:00,50.313785814936594
2025-06-12 02:16:00,50.313785814936594
2025-06-12 17:15:00,39.9
2025-06-12 04:28:00,85.9
2025-06-12 17:14:00,77.5
2025-06-12 11:45:00,3.0
2025-06-12 16:22:00,35.6
2025-06-12 07:49:00,50.313785814936594
2025-06-12 12:55:00,88.1
2025-06-12 13:17:00,89.0
2025-06-12 04:09:00,33.7
2025-06-12 19:02:00,66.3
2025-06-12 02:59:00,7.0
2025-06-12 11:53:00,22.3
2025-06-12 05:48:00,16.0
2025-06-12 11:22:00,75.9
2025-06-12 20:48:00,50.313785814936594
2025-06-12 12:57:00,99.3
2025-06-12 16:56:00,59.7
2025-06-12 23:29:00,4.1
2025-06-12 19:28:00,0.3
2025-06-12 05:43:00,86.4
2025-06-12 13:20:00,50.313785814936594
2025-06-12 10:25:00,32.3
2025-06-12 20:23:00,97.8
2025-06-12 20:57:00,93.8
2025-06-12 05:36:00,79.8
2025-06-12 04:12:00,22.3
2025-06-12 09:21:00,81.6
2025-06-12 17:29:00,41.1
2025-06-12 01:02:00,60.7
2025-06-12 23:56:00,74.9
2025-06-12 01:13:00,93.7
2025-06-12 05:27:00,36.3
2025-06-12 11:52:00,68.5
2025-06-12 14:12:00,50.313785814936594
2025-06-12 00:09:00,32.1
2025-06-12 03:48:00,61.5
2025-06-12 01:39:00,93.1
2025-06-12 13:30:00,43.6
2025-06-12 15:14:00,90.4
2025-06-12 09:38:00,26.6
2025-06-12 08:58:00,50.313785814936594
2025-06-12 21:54:00,50.6
2025-06-12 19:48:00,70.9
2025-06-12 05:03:00,25.2
2025-06-12 04:23:00,23.0
2025-06-12 19:04:00,50.313785814936594
2025-06-12 05:28:00,64.6
2025-06-12 10:30:00,58.2
2025-06-12 18:04:00,85.8
2025-06-12 08:33:00,39.3
2025-06-12 22:54:00,19.6
2025-06-12 01:53:00,49.947505013566115
2025-06-12 03:18:00,51.2
2025-06-12 08:14:00,40.7
2025-06-12 03:15:00,25.1
2025-06-12 16:54:00,49.947505013566115
2025-06-12 06:34:00,17.4
2025-06-12 10:29:00,41.9
2025-06-12 06:43:00,76.1
2025-06-12 13:01:00,69.8
2025-06-12 22:26:00,9.2
2025-06-12 05:30:00,85.0
2025-06-12 22:07:00,7.7
2025-06-12 09:05:00,31.2
2025-06-12 20:24:00,34.6
2025-06-12 15:03:00,55.6
2025-06-12 10:32:00,54.8
2025-06-12 18:16:00,0.1
2025-06-12 08:24:00,20.3
2025-06-12 20:09:00,76.2
2025-06-12 01:24:00,5.2
2025-06-12 13:16:00,22.9
2025-06-12 01:13:00,29.4
2025-06-12 02:38:00,45.4
2025-06-12 14:57:00,1.7
2025-06-12 10:12:00,49.947505013566115
2025-06-12 13:29:00,49.947505013566115
2025-06-12 05:03:00,75.2
2025-06-12 02:01:00,40.6
2025-06-12 22:17:00,49.0
2025-06-12 20:12:00,24.7
2025-06-12 06:11:00,9.1
2025-06-12 19:50:00,31.5
2025-06-12 17:12:00,49.6
2025-06-12 06:05:00,53.1
2025-06-12 16:55:00,20.1
2025-06-12 02:35:00,49.947505013566115
2025-06-12 23:14:00,74.2
2025-06-12 03:45:00,12.9
2025-06-12 02:00:00,27.9
2025-06-12 06:55:00,26.3
2025-06-12 01:10:00,49.947505013566115
2025-06-12 23:54:00,39.8
2025-06-12 06:46:00,49.947505013566115
2025-06-12 09:23:00,76.2
2025-06-12 01:51:00,29.7
2025-06-12 23:34:00,36.6
2025-06-12 02:47:00,27.1
2025-06-12 05:47:00,28.1
2025-06-12 07:52:00,36.0
2025-06-12 00:11:00,49.947505013566115
2025-06-12 14:08:00,49.947505013566115
2025-06-12 08:15:00,76.7
2025-06-12 20:06:00,49.947505013566115
2025-06-12 00:16:00,49.947505013566115
2025-06-12 05:37:00,93.0
2025-06-12 09:41:00,70.2
2025-06-12 05:29:00,93.1
2025-06-12 02:18:00,54.0
2025-06-12 07:35:00,49.947505013566115
2025-06-12 10:06:00,97.7
2025-06-12 06:40:00,85.9
2025-06-12 15:02:00,86.1
2025-06-12 22:56:00,79.9
2025-06-12 02:48:00,85.0
2025-06-12 07:02:00,5.5
2025-06-12 14:09:00,21.0
2025-06-12 09:19:00,33.8
2025-06-12 07:03:00,49.947505013566115
2025-06-12 10:41:00,32.6
2025-06-12 19:09:00,22.0
2025-06-12 18:37:00,42.4
2025-06-12 00:43:00,36.9
2025-06-12 16:33:00,22.6
2025-06-12 20:01:00,49.947505013566115
2025-06-12 03:26:00,69.8
2025-06-12 15:20:00,27.4
2025-06-12 05:27:00,60.3
2025-06-12 18:35:00,69.0
2025-06-12 14:05:00,67.7
2025-06-12 18:46:00,49.947505013566115
2025-06-12 17:11:00,55.3
2025-06-12 03:35:00,49.947505013566115
2025-06-12 05:43:00,6.8
2025-06-12 05:01:00,49.947505013566115
2025-06-12 19:17:00,98.5
2025-06-12 16:46:00,29.2
2025-06-12 05:38:00,4.3
2025-06-12 07:50:00,63.7
2025-06-12 21:06:00,89.7
2025-06-12 06:52:00,77.2
2025-06-12 08:59:00,49.947505013566115
2025-06-12 06:57:00,49.947505013566115
2025-06-12 06:58:00,92.8
2025-06-12 23:31:00,13.3
2025-06-12 01:08:00,49.947505013566115
2025-06-12 00:17:00,55.7
2025-06-12 10:53:00,1.9
2025-06-12 09:09:00,12.7
2025-06-12 04:46:00,49.947505013566115
2025-06-12 05:12:00,61.2
2025-06-12 16:30:00,45.3
2025-06-12 09:33:00,49.947505013566115
2025-06-12 08:12:00,34.4
2025-06-12 22:25:00,49.947505013566115
2025-06-12 06:17:00,16.7
2025-06-12 23:08:00,61.7
2025-06-12 04:19:00,17.3
2025-06-12 01:15:00,30.4
2025-06-12 07:11:00,37.8
2025-06-12 06:04:00,16.6
2025-06-12 01:05:00,17.9
2025-06-12 01:39:00,36.5
2025-06-12 21:34:00,85.5
2025-06-12 03:28:00,68.3
2025-06-12 21:52:00,49.947505013566115
2025-06-12 12:47:00,89.0
2025-06-12 07:13:00,1.3
2025-06-12 19:45:00,78.4
2025-06-12 03:37:00,31.2
2025-06-12 01:30:00,49.947505013566115
2025-06-12 17:51:00,39.1
2025-06-12 19:06:00,50.7
2025-06-12 12:06:00,19.5
2025-06-12 01:40:00,49.947505013566115
2025-06-12 21:09:00,63.9
2025-06-12 12:20:00,20.5
2025-06-12 14:11:00,71.4
2025-06-12 10:43:00,49.947505013566115
2025-06-12 13:02:00,68.6
2025-06-12 17:22:00,1.0
2025-06-12 15:56:00,77.6
2025-06-12 10:40:00,91.7
2025-06-12 19:15:00,80.6
2025-06-12 02:58:00,27.2
2025-06-12 07:25:00,8.9
2025-06-12 19:51:00,39.3
2025-06-12 12:59:00,11.0
2025-06-12 03:31:00,50.1
2025-06-12 15:43:00,63.1
2025-06-12 19:03:00,5.1
2025-06-12 23:06:00,71.0
2025-06-12 08:07:00,81.3
2025-06-12 20:51:00,89.8
2025-06-12 11:20:00,76.5
2025-06-12 02:17:00,6.5
2025-06-12 01:56:00,80.7
2025-06-12 16:34:00,93.9
2025-06-12 09:44:00,49.947505013566115
2025-06-12 09:53:00,49.947505013566115
2025-06-12 08:19:00,12.1
2025-06-12 16:27:00,67.5
2025-06-12 20:42:00,21.5
2025-06-12 12:36:00,78.4
2025-06-12 23:42:00,56.0
2025-06-12 00:03:00,49.947505013566115
2025-06-12 00:35:00,8.5
2025-06-12 12:53:00,73.7
2025-06-12 12:56:00,9.1
2025-06-12 21:31:00,5.6
2025-06-12 05:48:00,3.8
2025-06-12 19:23:00,51.2
2025-06-12 23:32:00,64.7
2025-06-12 00:19:00,28.2
2025-06-12 05:22:00,3.9
2025-06-12 10:16:00,49.947505013566115
2025-06-12 20:29:00,53.0
2025-06-12 23:36:00,43.3
2025-06-12 10:39:00,25.1
2025-06-12 20:56:00,1.0
2025-06-12 22:27:00,22.6
2025-06-12 09:48:00,79.3
2025-06-12 00:27:00,86.0
2025-06-12 22:08:00,5.6
2025-06-12 18:03:00,86.9
2025-06-12 17:30:00,7.6
2025-06-12 22:53:00,49.5
2025-06-12 14:39:00,49.947505013566115
2025-06-12 14:03:00,49.947505013566115
2025-06-12 23:09:00,29.9
2025-06-12 20:26:00,73.5
2025-06-12 15:38:00,49.947505013566115
2025-06-12 15:41:00,70.8
2025-06-12 05:28:00,83.0
2025-06-12 19:47:00,49.947505013566115
2025-06-12 12:04:00,51.7
2025-06-12 08:03:00,30.5
2025-06-12 21:14:00,49.947505013566115
2025-06-12 11:26:00,41.3
2025-06-12 14:43:00,49.947505013566115
2025-06-12 00:45:00,52.9
2025-06-12 08:56:00,2.7
2025-06-12 22:30:00,78.4
2025-06-12 21:16:00,32.4
2025-06-12 01:02:00,81.1
2025-06-12 13:09:00,67.7
2025-06-12 05:46:00,97.8
2025-06-12 22:09:00,84.3
2025-06-12 03:21:00,84.9
2025-06-12 05:34:00,64.6
2025-06-12 18:50:00,42.3
2025-06-12 17:07:00,53.1
2025-06-12 00:28:00,49.947505013566115
2025-06-12 16:53:00,92.0
2025-06-12 06:09:00,84.3
2025-06-12 15:04:00,30.1
2025-06-12 14:21:00,24.9
2025-06-12 19:36:00,8.2
2025-06-12 00:04:00,45.4
2025-06-12 14:50:00,42.6
2025-06-12 03:19:00,3.0
2025-06-12 14:59:00,5.3
2025-06-12 10:51:00,39.0
2025-06-12 10:03:00,2.0
2025-06-12 14:02:00,49.947505013566115
2025-06-12 18:44:00,55.5
2025-06-12 22:15:00,89.0
2025-06-12 04:50:00,86.2
2025-06-12 13:40:00,15.3
2025-06-12 14:37:00,49.947505013566115
2025-06-12 02:04:00,61.7
2025-06-12 02:40:00,19.4
2025-06-12 13:05:00,90.3
2025-06-12 09:49:00,60.1
2025-06-12 11:49:00,18.9
2025-06-12 01:44:00,16.3
2025-06-12 15:32:00,73.0
2025-06-12 12:54:00,63.9
2025-06-12 02:05:00,10.9
2025-06-12 06:01:00,54.3
2025-06-12 15:46:00,76.4
2025-06-12 10:35:00,3.6
2025-06-12 04:33:00,49.947505013566115
2025-06-12 00:46:00,96.2
2025-06-12 18:24:00,49.947505013566115
2025-06-12 00:10:00,4.3
2025-06-12 21:15:00,15.7
2025-06-12 10:05:00,11.1
2025-06-12 12:05:00,76.4
2025-06-12 20:04:00,39.4
2025-06-12 10:44:00,49.947505013566115
2025-06-12 13:31:00,56.1
2025-06-12 16:50:00,98.3
2025-06-12 04:48:00,41.7
2025-06-12 02:19:00,3.6
2025-06-12 11:56:00,37.4
2025-06-12 15:08:00,74.0
2025-06-12 07:58:00,89.2
2025-06-12 12:28:00,81.2
2025-06-12 12:17:00,90.0
2025-06-12 04:14:00,32.2
2025-06-12 00:02:00,84.8
2025-06-12 02:33:00,95.1
2025-06-12 20:32:00,57.1
2025-06-12 02:22:00,95.0
2025-06-12 03:41:00,25.8
2025-06-12 00:12:00,36.3
2025-06-12 12:24:00,63.9
2025-06-12 20:18:00,49.947505013566115
2025-06-12 09:38:00,44.5
2025-06-12 11:52:00,49.947505013566115
2025-06-12 23:35:00,43.0
2025-06-12 17:48:00,41.1
2025-06-12 16:44:00,96.7
2025-06-12 00:54:00,57.9
2025-06-12 19:07:00,49.947505013566115
2025-06-12 04:09:00,41.8
2025-06-12 22:18:00,49.947505013566115
2025-06-12 16:45:00,38.3
2025-06-12 03:16:00,49.947505013566115
2025-06-12 19:37:00,48.0
2025-06-12 00:38:00,49.947505013566115
2025-06-12 14:33:00,13.7
2025-06-12 22:43:00,56.8
2025-06-12 21:05:00,96.9
2025-06-12 09:59:00,85.2
2025-06-12 14:52:00,49.947505013566115
2025-06-12 23:25:00,43.2
2025-06-12 18:57:00,77.9
2025-06-12 14:49:00,93.1
2025-06-12 11:01:00,42.3
2025-06-12 05:39:00,17.8
2025-06-12 16:26:00,59.0
2025-06-12 23:23:00,8.2
2025-06-12 11:02:00,20.7
2025-06-12 19:01:00,5.1
2025-06-12 12:25:00,10.1
2025-06-12 18:27:00,7.4
2025-06-12 12:45:00,49.947505013566115
2025-06-12 17:00:00,49.947505013566115
2025-06-12 01:01:00,35.3
2025-06-12 21:23:00,70.7
2025-06-12 06:33:00,56.8
2025-06-12 10:22:00,19.1
2025-06-12 09:59:00,55.5
2025-06-12 21:07:00,20.8
2025-06-12 08:51:00,57.9
2025-06-12 21:55:00,76.3
2025-06-12 13:45:00,36.4
2025-06-12 15:09:00,96.8
2025-06-12 21:57:00,95.0
2025-06-12 08:43:00,32.4
2025-06-12 07:50:00,27.7
2025-06-12 04:55:00,91.6
2025-06-12 13:38:00,3.0
2025-06-12 09:53:00,49.0
2025-06-12 07:58:00,99.5
2025-06-12 00:05:00,50.31471380077256
2025-06-12 09:51:00,75.5
2025-06-12 15:19:00,49.4
2025-06-12 01:51:00,81.3
2025-06-12 03:21:00,22.5
2025-06-12 18:19:00,49.9
2025-06-12 10:03:00,58.9
2025-06-12 21:48:00,61.5
2025-06-12 22:41:00,7.7
2025-06-12 12:25:00,8.4
2025-06-12 17:47:00,50.31471380077256
2025-06-12 10:45:00,48.0
2025-06-12 01:00:00,65.6
2025-06-12 15:21:00,89.0
2025-06-12 02:34:00,36.8
2025-06-12 00:04:00,48.2
2025-06-12 23:07:00,40.3
2025-06-12 06:32:00,16.0
2025-06-12 14:32:00,50.31471380077256
2025-06-12 19:39:00,15.6
2025-06-12 13:19:00,50.31471380077256
2025-06-12 19:02:00,92.7
2025-06-12 06:54:00,7.1
2025-06-12 10:01:00,23.8
2025-06-12 13:44:00,87.3
2025-06-12 14:38:00,4.8
2025-06-12 00:54:00,78.2
2025-06-12 22:29:00,98.0
2025-06-12 15:23:00,50.31471380077256
2025-06-12 18:06:00,2.2
2025-06-12 12:56:00,99.4
2025-06-12 06:13:00,50.31471380077256
2025-06-12 13:17:00,72.9
2025-06-12 18:54:00,54.9
2025-06-12 15:27:00,68.2
2025-06-12 00:26:00,21.2
2025-06-12 00:41:00,3.9
2025-06-12 22:54:00,92.1
2025-06-12 12:15:00,51.2
2025-06-12 07:55:00,37.2
2025-06-12 21:08:00,50.31471380077256
2025-06-12 06:29:00,98.2
2025-06-12 20:47:00,92.8
2025-06-12 02:00:00,70.2
2025-06-12 07:29:00,53.7
2025-06-12 00:50:00,66.4
2025-06-12 07:08:00,40.9
2025-06-12 07:02:00,90.4
2025-06-12 06:12:00,19.4
2025-06-12 22:27:00,93.3
2025-06-12 03:52:00,50.31471380077256
2025-06-12 18:37:00,6.7
2025-06-12 14:07:00,23.4
2025-06-12 06:37:00,46.4
2025-06-12 11:15:00,11.2
2025-06-12 11:10:00,14.3
2025-06-12 15:25:00,55.9
2025-06-12 12:33:00,75.5
2025-06-12 15:42:00,75.6
2025-06-12 18:15:00,37.7
2025-06-12 01:59:00,50.31471380077256
2025-06-12 05:26:00,29.0
2025-06-12 10:55:00,50.31471380077256
2025-06-12 14:37:00,10.0
2025-06-12 04:25:00,95.0
2025-06-12 09:27:00,23.1
2025-06-12 07:27:00,50.31471380077256
2025-06-12 21:12:00,50.31471380077256
2025-06-12 18:48:00,5.1
2025-06-12 23:05:00,28.2
2025-06-12 14:35:00,37.8
2025-06-12 01:39:00,70.9
2025-06-12 07:59:00,41.0
2025-06-12 23:59:00,16.0
2025-06-12 00:58:00,80.9
2025-06-12 07:04:00,54.9
2025-06-12 13:59:00,50.31471380077256
2025-06-12 11:55:00,46.3
2025-06-12 15:37:00,31.9
2025-06-12 07:11:00,44.8
2025-06-12 08:29:00,76.8
2025-06-12 19:07:00,89.5
2025-06-12 17:52:00,50.31471380077256
2025-06-12 03:18:00,3.7
2025-06-12 05:33:00,15.4
2025-06-12 03:11:00,57.6
2025-06-12 09:08:00,68.0
2025-06-12 18:30:00,14.5
2025-06-12 22:36:00,72.6
2025-06-12 12:34:00,60.7
2025-06-12 22:48:00,85.2
2025-06-12 16:47:00,28.1
2025-06-12 18:14:00,48.1
2025-06-12 09:21:00,73.8
2025-06-12 01:44:00,26.2
2025-06-12 21:15:00,63.1
2025-06-12 11:24:00,50.31471380077256
2025-06-12 19:32:00,45.0
2025-06-12 05:36:00,50.31471380077256
2025-06-12 11:49:00,1.3
2025-06-12 10:20:00,50.31471380077256
2025-06-12 22:57:00,83.0
2025-06-12 06:00:00,45.2
2025-06-12 17:59:00,41.8
2025-06-12 13:01:00,39.8
2025-06-12 05:40:00,28.4
2025-06-12 15:10:00,84.8
2025-06-12 02:43:00,84.9
2025-06-12 12:39:00,93.0
2025-06-12 04:48:00,43.0
2025-06-12 01:45:00,8.4
2025-06-12 03:56:00,83.7
2025-06-12 16:57:00,12.9
2025-06-12 23:08:00,86.7
2025-06-12 10:26:00,26.8
2025-06-12 07:03:00,50.31471380077256
2025-06-12 22:35:00,3.7
2025-06-12 19:14:00,71.8
2025-06-12 05:04:00,70.4
2025-06-12 18:43:00,73.7
2025-06-12 19:11:00,0.7
2025-06-12 14:00:00,26.1
2025-06-12 10:19:00,42.2
2025-06-12 06:59:00,60.4
2025-06-12 23:54:00,45.7
2025-06-12 14:24:00,59.0
2025-06-12 11:37:00,59.2
2025-06-12 00:44:00,80.8
2025-06-12 22:39:00,6.2
2025-06-12 13:50:00,34.6
2025-06-12 06:18:00,82.8
2025-06-12 21:51:00,50.31471380077256
2025-06-12 23:36:00,5.1
2025-06-12 02:17:00,63.0
2025-06-12 08:25:00,50.31471380077256
2025-06-12 20:23:00,88.1
2025-06-12 14:23:00,35.7
2025-06-12 16:33:00,67.0
2025-06-12 04:16:00,6.5
2025-06-12 06:55:00,94.3
2025-06-12 10:37:00,50.31471380077256
2025-06-12 23:13:00,28.7
2025-06-12 18:38:00,87.3
2025-06-12 14:01:00,55.2
2025-06-12 16:24:00,19.4
2025-06-12 09:49:00,44.4
2025-06-12 01:08:00,81.5
2025-06-12 18:16:00,9.1
2025-06-12 16:29:00,44.7
2025-06-12 09:23:00,97.6
2025-06-12 18:35:00,50.31471380077256
2025-06-12 22:21:00,83.6
2025-06-12 18:32:00,27.1
2025-06-12 02:52:00,8.0
2025-06-12 12:06:00,37.9
2025-06-12 20:04:00,65.2
2025-06-12 15:29:00,83.4
2025-06-12 08:07:00,73.3
2025-06-12 07:23:00,50.8
2025-06-12 00:29:00,35.5
2025-06-12 12:46:00,37.4
2025-06-12 18:52:00,19.0
2025-06-12 00:28:00,50.31471380077256
2025-06-12 03:37:00,68.4
2025-06-12 12:44:00,58.6
2025-06-12 12:47:00,32.7
2025-06-12 09:58:00,3.4
2025-06-12 07:22:00,42.7
2025-06-12 21:18:00,13.7
2025-06-12 10:33:00,50.31471380077256
2025-06-12 17:09:00,1.0
2025-06-12 03:48:00,68.1
2025-06-12 02:06:00,50.31471380077256
2025-06-12 04:03:00,7.4
2025-06-12 06:14:00,22.9
2025-06-12 15:48:00,63.9
2025-06-12 07:34:00,92.9
2025-06-12 06:30:00,48.7
2025-06-12 11:27:00,64.0
2025-06-12 16:43:00,20.6
2025-06-12 23:29:00,66.7
2025-06-12 01:57:00,76.5
2025-06-12 20:58:00,65.8
2025-06-12 09:15:00,59.3
2025-06-12 19:23:00,40.4
2025-06-12 08:54:00,50.31471380077256
2025-06-12 18:17:00,11.0
2025-06-12 03:58:00,95.6
2025-06-12 04:17:00,99.5
2025-06-12 13:52:00,69.5
2025-06-12 20:18:00,62.2
2025-06-12 08:41:00,69.1
2025-06-12 08:02:00,37.7
2025-06-12 06:41:00,13.9
2025-06-12 14:52:00,53.8
2025-06-12 23:14:00,55.2
2025-06-12 09:16:00,37.2
2025-06-12 03:16:00,74.3
2025-06-12 21:50:00,30.9
2025-06-12 13:37:00,84.5
2025-06-12 23:48:00,53.4
2025-06-12 04:10:00,98.2
2025-06-12 18:04:00,50.31471380077256
2025-06-12 20:29:00,66.3
2025-06-12 03:54:00,6.6
2025-06-12 11:48:00,38.9
2025-06-12 18:51:00,36.3
2025-06-12 20:46:00,89.8
2025-06-12 01:38:00,30.8
2025-06-12 18:41:00,42.2
2025-06-12 09:34:00,16.7
2025-06-12 06:58:00,51.0
2025-06-12 12:52:00,95.4
2025-06-12 06:46:00,52.3
2025-06-12 10:50:00,14.9
2025-06-12 17:18:00,50.31471380077256
2025-06-12 23:47:00,10.7
2025-06-12 17:25:00,50.4
2025-06-12 11:51:00,24.3
2025-06-12 11:19:00,24.5
2025-06-12 10:57:00,50.31471380077256
2025-06-12 19:25:00,50.31471380077256
2025-06-12 13:08:00,30.8
2025-06-12 17:39:00,50.31471380077256
2025-06-12 23:38:00,19.4
2025-06-12 02:56:00,11.4
2025-06-12 16:19:00,79.8
2025-06-12 01:43:00,1.3
2025-06-12 03:03:00,78.8
2025-06-12 12:10:00,44.0
2025-06-12 10:13:00,1.8
2025-06-12 02:24:00,50.31471380077256
2025-06-12 07:37:00,64.0
2025-06-12 06:26:00,68.8
2025-06-12 00:32:00,90.8
2025-06-12 19:53:00,26.7
2025-06-12 18:34:00,86.1
2025-06-12 10:46:00,19.7
2025-06-12 16:08:00,71.7
2025-06-12 15:45:00,18.4
2025-06-12 05:58:00,67.1
2025-06-12 00:39:00,40.7
2025-06-12 19:28:00,22.3
2025-06-12 21:43:00,86.4
2025-06-12 03:12:00,50.31471380077256
2025-06-12 13:33:00,56.4
2025-06-12 13:30:00,9.5
2025-06-12 02:57:00,17.9
2025-06-12 05:15:00,61.5
2025-06-12 17:22:00,3.9
2025-06-12 07:57:00,97.9
2025-06-12 18:55:00,93.0
2025-06-12 16:44:00,84.6
2025-06-12 10:43:00,39.2
2025-06-12 01:16:00,78.1
2025-06-12 00:12:00,26.3
2025-06-12 16:59:00,50.31471380077256
2025-06-12 23:00:00,50.31471380077256
2025-06-12 14:43:00,88.9
2025-06-12 17:53:00,20.1
2025-06-12 10:54:00,50.4
2025-06-12 23:51:00,84.3
2025-06-12 15:47:00,43.3
2025-06-12 18:08:00,23.8
2025-06-12 00:07:00,20.8
2025-06-12 09:33:00,43.0
2025-06-12 00:52:00,72.7
2025-06-12 12:02:00,43.2
2025-06-12 01:29:00,55.4
2025-06-12 21:39:00,41.2
2025-06-12 07:06:00,26.9
2025-06-12 07:52:00,7.5
2025-06-12 07:00:00,48.5
2025-06-12 18:23:00,45.3
2025-06-12 13:15:00,50.31471380077256
2025-06-12 18:42:00,16.7
2025-06-12 16:22:00,28.7
2025-06-12 20:22:00,32.2
2025-06-12 01:10:00,23.5
2025-06-12 20:50:00,21.9
2025-06-12 13:14:00,9.2
2025-06-12 13:00:00,51.9
2025-06-12 00:12:00,37.8
2025-06-12 09:01:00,33.5
2025-06-12 20:01:00,40.5
2025-06-12 18:43:00,11.4
2025-06-12 01:30:00,5.1
2025-06-12 04:52:00,73.0
2025-06-12 19:36:00,49.873700916999766
2025-06-12 13:26:00,49.873700916999766
2025-06-12 16:55:00,34.9
2025-06-12 05:42:00,53.3
2025-06-12 01:34:00,83.7
2025-06-12 17:11:00,24.1
2025-06-12 22:04:00,65.4
2025-06-12 14:06:00,26.5
2025-06-12 03:51:00,68.6
2025-06-12 22:25:00,1.3
2025-06-12 20:49:00,52.0
2025-06-12 14:24:00,63.9
2025-06-12 00:52:00,15.4
2025-06-12 08:08:00,76.5
2025-06-12 13:00:00,49.873700916999766
2025-06-12 01:43:00,9.2
2025-06-12 19:38:00,34.8
2025-06-12 15:18:00,15.7
2025-06-12 19:57:00,49.873700916999766
2025-06-12 08:09:00,66.1
2025-06-12 10:17:00,28.0
2025-06-12 13:54:00,49.873700916999766
2025-06-12 07:45:00,49.873700916999766
2025-06-12 11:14:00,81.0
2025-06-12 14:38:00,15.8
2025-06-12 13:44:00,53.6
2025-06-12 15:28:00,49.873700916999766
2025-06-12 08:35:00,81.1
2025-06-12 07:38:00,82.4
2025-06-12 08:36:00,49.873700916999766
2025-06-12 21:08:00,92.8
2025-06-12 15:55:00,24.4
2025-06-12 09:05:00,65.6
2025-06-12 02:11:00,5.3
2025-06-12 18:17:00,46.1
2025-06-12 11:48:00,97.6
2025-06-12 00:10:00,66.9
2025-06-12 19:49:00,68.7
2025-06-12 04:44:00,49.873700916999766
2025-06-12 06:46:00,49.873700916999766
2025-06-12 06:11:00,84.1
2025-06-12 01:29:00,35.1
2025-06-12 14:51:00,9.7
2025-06-12 03:32:00,36.2
2025-06-12 21:30:00,39.4
2025-06-12 20:02:00,95.7
2025-06-12 09:11:00,50.5
2025-06-12 01:23:00,52.5
2025-06-12 08:10:00,22.3
2025-06-12 11:43:00,41.4
2025-06-12 14:00:00,80.4
2025-06-12 12:32:00,73.8
2025-06-12 11:24:00,93.4
2025-06-12 11:00:00,2.9
2025-06-12 23:15:00,65.2
2025-06-12 00:57:00,68.0
2025-06-12 15:46:00,87.4
2025-06-12 10:20:00,55.6
2025-06-12 08:58:00,49.873700916999766
2025-06-12 22:58:00,52.3
2025-06-12 21:58:00,50.5
2025-06-12 16:42:00,2.0
2025-06-12 09:39:00,64.1
2025-06-12 15:37:00,26.2
2025-06-12 17:12:00,18.4
2025-06-12 06:02:00,89.5
2025-06-12 13:24:00,19.4
2025-06-12 19:03:00,32.5
2025-06-12 05:26:00,88.3
2025-06-12 01:26:00,54.7
2025-06-12 02:56:00,23.4
2025-06-12 10:09:00,3.0
2025-06-12 13:42:00,47.8
2025-06-12 17:08:00,80.4
2025-06-12 00:48:00,45.1
2025-06-12 12:53:00,88.9
2025-06-12 20:33:00,49.7
2025-06-12 17:59:00,46.9
2025-06-12 01:53:00,69.6
2025-06-12 09:41:00,68.6
2025-06-12 10:51:00,63.4
2025-06-12 04:58:00,49.873700916999766
2025-06-12 14:12:00,51.5
2025-06-12 13:17:00,88.2
2025-06-12 20:55:00,38.1
2025-06-12 17:41:00,42.7
2025-06-12 10:30:00,64.8
2025-06-12 00:22:00,37.7
2025-06-12 04:01:00,4.1
2025-06-12 08:37:00,82.0
2025-06-12 02:13:00,64.5
2025-06-12 13:29:00,69.3
2025-06-12 09:08:00,57.7
2025-06-12 12:34:00,19.5
2025-06-12 16:40:00,7.4
2025-06-12 11:35:00,59.8
2025-06-12 06:13:00,98.4
2025-06-12 12:41:00,40.4
2025-06-12 13:43:00,80.4
2025-06-12 18:06:00,32.6
2025-06-12 09:23:00,84.6
2025-06-12 20:13:00,87.3
2025-06-12 12:50:00,76.8
2025-06-12 05:33:00,49.873700916999766
2025-06-12 19:43:00,33.9
2025-06-12 12:02:00,8.1
2025-06-12 09:03:00,82.5
2025-06-12 22:49:00,79.5
2025-06-12 18:55:00,52.4
2025-06-12 18:52:00,49.873700916999766
2025-06-12 16:53:00,14.7
2025-06-12 23:06:00,69.8
2025-06-12 23:28:00,41.8
2025-06-12 05:01:00,17.5
2025-06-12 14:13:00,55.0
2025-06-12 19:54:00,6.0
2025-06-12 04:42:00,0.1
2025-06-12 06:27:00,11.9
2025-06-12 03:43:00,49.873700916999766
2025-06-12 02:08:00,71.2
2025-06-12 13:59:00,48.4
2025-06-12 04:31:00,57.5
2025-06-12 11:04:00,49.873700916999766
2025-06-12 20:45:00,81.5
2025-06-12 19:41:00,84.2
2025-06-12 10:55:00,49.873700916999766
2025-06-12 10:39:00,49.873700916999766
2025-06-12 11:37:00,70.0
2025-06-12 07:03:00,49.873700916999766
2025-06-12 02:38:00,52.8
2025-06-12 11:27:00,5.3
2025-06-12 15:06:00,49.873700916999766
2025-06-12 09:56:00,54.7
2025-06-12 02:25:00,49.873700916999766
2025-06-12 10:13:00,10.0
2025-06-12 22:31:00,29.5
2025-06-12 08:00:00,61.8
2025-06-12 22:56:00,16.0
2025-06-12 05:10:00,1.2
2025-06-12 19:08:00,0.7
2025-06-12 16:24:00,49.873700916999766
2025-06-12 17:27:00,58.0
2025-06-12 11:11:00,17.2
2025-06-12 21:47:00,49.873700916999766
2025-06-12 13:12:00,80.3
2025-06-12 08:18:00,47.8
2025-06-12 01:25:00,3.2
2025-06-12 18:12:00,29.9
2025-06-12 11:38:00,26.3
2025-06-12 14:34:00,44.8
2025-06-12 20:21:00,76.7
2025-06-12 18:18:00,3.4
2025-06-12 01:02:00,73.9
2025-06-12 01:35:00,52.0
2025-06-12 02:53:00,6.5
2025-06-12 18:48:00,23.2
2025-06-12 14:57:00,86.5
2025-06-12 20:46:00,91.0
2025-06-12 09:47:00,39.9
2025-06-12 02:50:00,49.873700916999766
2025-06-12 14:37:00,49.873700916999766
2025-06-12 00:44:00,26.0
2025-06-12 01:00:00,68.7
2025-06-12 15:04:00,93.0
2025-06-12 01:07:00,20.0
2025-06-12 17:33:00,78.9
2025-06-12 22:33:00,12.1
2025-06-12 04:37:00,49.873700916999766
2025-06-12 17:00:00,34.8
2025-06-12 08:41:00,8.0
2025-06-12 23:10:00,2.5
2025-06-12 12:59:00,96.9
2025-06-12 05:04:00,56.2
2025-06-12 15:49:00,66.6
2025-06-12 08:14:00,4.0
2025-06-12 01:47:00,56.4
2025-06-12 02:20:00,75.3
2025-06-12 10:31:00,50.3
2025-06-12 11:42:00,69.9
2025-06-12 18:26:00,74.7
2025-06-12 13:11:00,99.8
2025-06-12 18:33:00,75.4
2025-06-12 23:26:00,3.8
2025-06-12 16:19:00,71.5
2025-06-12 11:09:00,6.4
2025-06-12 07:11:00,78.8
2025-06-12 19:12:00,82.5
2025-06-12 16:51:00,16.3
2025-06-12 23:34:00,1.2
2025-06-12 16:29:00,76.5
2025-06-12 18:47:00,42.0
2025-06-12 19:52:00,22.6
2025-06-12 00:37:00,86.5
2025-06-12 11:26:00,19.6
2025-06-12 16:43:00,63.4
2025-06-12 07:49:00,53.8
2025-06-12 21:03:00,28.8
2025-06-12 08:47:00,50.3
2025-06-12 14:20:00,45.1
2025-06-12 20:29:00,58.4
2025-06-12 18:09:00,85.2
2025-06-12 13:52:00,4.1
2025-06-12 22:02:00,49.1
2025-06-12 00:45:00,29.9
2025-06-12 21:25:00,93.9
2025-06-12 02:33:00,19.1
2025-06-12 18:56:00,87.5
2025-06-12 04:03:00,6.9
2025-06-12 08:27:00,83.7
2025-06-12 01:33:00,45.3
2025-06-12 17:43:00,17.1
2025-06-12 15:03:00,67.5
2025-06-12 11:31:00,34.0
2025-06-12 18:46:00,45.7
2025-06-12 00:31:00,80.9
2025-06-12 16:05:00,74.6
2025-06-12 20:19:00,49.873700916999766
2025-06-12 11:29:00,49.873700916999766
2025-06-12 13:08:00,64.9
2025-06-12 01:19:00,49.873700916999766
2025-06-12 03:36:00,12.2
2025-06-12 23:19:00,95.5
2025-06-12 07:48:00,38.6
2025-06-12 18:23:00,25.7
2025-06-12 22:17:00,16.6
2025-06-12 06:08:00,91.2
2025-06-12 17:42:00,1.8
2025-06-12 14:46:00,80.2
2025-06-12 13:39:00,11.9
2025-06-12 21:11:00,66.9
2025-06-12 00:29:00,46.2
2025-06-12 11:05:00,36.3
2025-06-12 03:19:00,70.4
2025-06-12 12:15:00,71.4
2025-06-12 19:46:00,35.3
2025-06-12 03:25:00,28.2
2025-06-12 07:39:00,49.5
2025-06-12 05:43:00,45.7
2025-06-12 01:42:00,21.8
2025-06-12 02:02:00,49.873700916999766
2025-06-12 06:35:00,83.0
2025-06-12 05:09:00,17.5
2025-06-12 22:24:00,34.7
2025-06-12 05:19:00,11.0
2025-06-12 09:26:00,94.6
2025-06-12 13:06:00,91.6
2025-06-12 23:07:00,88.7
2025-06-12 03:08:00,15.9
2025-06-12 10:50:00,88.0
2025-06-12 00:15:00,21.2
2025-06-12 03:59:00,22.6
2025-06-12 03:41:00,4.6
2025-06-12 11:33:00,31.2
2025-06-12 09:43:00,90.0
2025-06-12 00:24:00,69.8
2025-06-12 07:15:00,74.2
2025-06-12 17:31:00,42.1
2025-06-12 08:44:00,20.4
2025-06-12 02:10:00,12.0
2025-06-12 00:23:00,53.1
2025-06-12 09:38:00,49.873700916999766
2025-06-12 05:45:00,23.2
2025-06-12 14:35:00,17.9
2025-06-12 16:13:00,35.3
2025-06-12 05:14:00,60.1
2025-06-12 11:17:00,97.9
2025-06-12 20:43:00,60.4
2025-06-12 01:58:00,62.5
2025-06-12 06:18:00,49.873700916999766
2025-06-12 01:15:00,82.1
2025-06-12 10:59:00,63.8
2025-06-12 10:12:00,88.8
2025-06-12 20:48:00,56.1
2025-06-12 21:57:00,12.2
2025-06-12 17:51:00,95.6
2025-06-12 17:20:00,10.4
2025-06-12 03:49:00,65.8
2025-06-12 14:32:00,99.9
2025-06-12 22:36:00,36.5
2025-06-12 02:05:00,53.8
2025-06-12 14:26:00,37.8
2025-06-12 06:49:00,46.4
2025-06-12 00:41:00,14.5
2025-06-12 05:23:00,33.5
2025-06-12 13:37:00,94.0
2025-06-12 14:58:00,78.3
2025-06-12 13:04:00,66.8
2025-06-12 07:50:00,3.1
2025-06-12 11:04:00,82.2
2025-06-12 05:52:00,98.8
2025-06-12 15:04:00,19.2
2025-06-12 14:43:00,67.3
2025-06-12 01:41:00,21.0
2025-06-12 22:12:00,14.9
2025-06-12 21:01:00,11.0
2025-06-12 17:07:00,82.8
2025-06-12 12:35:00,84.0
2025-06-12 10:59:00,35.1
2025-06-12 20:12:00,49.660353652861794
2025-06-12 01:47:00,40.2
2025-06-12 15:12:00,47.1
2025-06-12 09:04:00,0.9
2025-06-12 18:18:00,58.1
2025-06-12 20:40:00,12.6
2025-06-12 11:06:00,87.0
2025-06-12 08:38:00,49.660353652861794
2025-06-12 06:46:00,1.0
2025-06-12 17:57:00,96.9
2025-06-12 07:25:00,63.5
2025-06-12 06:16:00,2.1
2025-06-12 04:06:00,76.0
2025-06-12 03:30:00,0.9
2025-06-12 19:35:00,49.660353652861794
2025-06-12 23:28:00,93.6
2025-06-12 04:32:00,49.660353652861794
2025-06-12 04:50:00,87.6
2025-06-12 17:17:00,73.0
2025-06-12 18:05:00,3.1
2025-06-12 11:37:00,50.2
2025-06-12 09:31:00,49.0
2025-06-12 12:37:00,76.6
2025-06-12 18:16:00,3.9
2025-06-12 11:22:00,82.6
2025-06-12 16:28:00,98.3
2025-06-12 13:02:00,54.6
2025-06-12 20:57:00,52.4
2025-06-12 14:36:00,22.2
2025-06-12 08:48:00,0.8
2025-06-12 06:06:00,59.4
2025-06-12 22:01:00,0.6
2025-06-12 22:48:00,49.660353652861794
2025-06-12 18:17:00,0.4
2025-06-12 23:45:00,38.5
2025-06-12 05:43:00,49.660353652861794
2025-06-12 21:42:00,49.6
2025-06-12 22:14:00,49.660353652861794
2025-06-12 22:08:00,85.7
2025-06-12 14:20:00,70.7
2025-06-12 04:03:00,95.8
2025-06-12 03:31:00,88.8
2025-06-12 23:41:00,49.660353652861794
2025-06-12 12:38:00,29.8
2025-06-12 08:45:00,59.3
2025-06-12 19:24:00,61.1
2025-06-12 08:04:00,49.660353652861794
2025-06-12 07:02:00,43.2
2025-06-12 12:55:00,71.1
2025-06-12 10:52:00,59.7
2025-06-12 16:19:00,57.2
2025-06-12 00:21:00,49.660353652861794
2025-06-12 04:22:00,68.5
2025-06-12 10:31:00,75.0
2025-06-12 17:02:00,52.4
2025-06-12 22:36:00,96.5
2025-06-12 20:11:00,49.660353652861794
2025-06-12 08:51:00,1.8
2025-06-12 01:29:00,49.660353652861794
2025-06-12 03:16:00,67.7
2025-06-12 08:25:00,53.0
2025-06-12 19:06:00,29.8
2025-06-12 00:46:00,13.2
2025-06-12 14:16:00,72.7
2025-06-12 18:44:00,48.2
2025-06-12 03:45:00,67.4
2025-06-12 08:59:00,92.8
2025-06-12 09:06:00,20.6
2025-06-12 21:44:00,24.2
2025-06-12 14:37:00,72.5
2025-06-12 12:05:00,40.2
2025-06-12 17:20:00,24.8
2025-06-12 06:54:00,62.2
2025-06-12 06:07:00,85.6
2025-06-12 06:11:00,1.9
2025-06-12 01:09:00,16.3
2025-06-12 06:49:00,89.9
2025-06-12 19:41:00,0.5
2025-06-12 03:02:00,52.0
2025-06-12 00:01:00,18.5
2025-06-12 16:33:00,81.1
2025-06-12 04:17:00,53.4
2025-06-12 21:14:00,49.660353652861794
2025-06-12 14:57:00,2.3
2025-06-12 05:17:00,78.7
2025-06-12 22:10:00,89.2
2025-06-12 10:04:00,66.8
2025-06-12 10:08:00,84.4
2025-06-12 20:45:00,48.5
2025-06-12 01:32:00,68.4
2025-06-12 06:43:00,14.3
2025-06-12 06:39:00,54.5
2025-06-12 16:34:00,63.6
2025-06-12 09:22:00,42.5
2025-06-12 16:29:00,6.5
2025-06-12 14:07:00,61.3
2025-06-12 23:24:00,49.660353652861794
2025-06-12 22:19:00,46.1
2025-06-12 12:41:00,70.2
2025-06-12 17:46:00,49.660353652861794
2025-06-12 08:19:00,14.5
2025-06-12 17:27:00,52.7
2025-06-12 04:27:00,49.660353652861794
2025-06-12 06:33:00,3.4
2025-06-12 15:38:00,68.6
2025-06-12 12:22:00,27.4
2025-06-12 15:50:00,32.5
2025-06-12 13:36:00,23.1
2025-06-12 17:42:00,49.660353652861794
2025-06-12 07:08:00,91.1
2025-06-12 14:38:00,87.0
2025-06-12 11:05:00,57.5
2025-06-12 11:09:00,50.4
2025-06-12 12:03:00,44.1
2025-06-12 18:48:00,13.9
2025-06-12 13:27:00,49.6
2025-06-12 06:02:00,27.4
2025-06-12 06:44:00,66.3
2025-06-12 20:14:00,81.7
2025-06-12 20:52:00,34.7
2025-06-12 03:46:00,49.660353652861794
2025-06-12 19:34:00,52.0
2025-06-12 04:45:00,36.4
2025-06-12 07:04:00,13.8
2025-06-12 21:39:00,58.5
2025-06-12 02:06:00,33.4
2025-06-12 23:18:00,61.7
2025-06-12 10:39:00,20.1
2025-06-12 19:11:00,3.2
2025-06-12 05:08:00,37.0
2025-06-12 01:49:00,17.4
2025-06-12 04:43:00,78.5
2025-06-12 21:04:00,71.0
2025-06-12 06:10:00,41.4
2025-06-12 19:27:00,48.1
2025-06-12 23:25:00,80.7
2025-06-12 23:23:00,11.0
2025-06-12 00:04:00,18.2
2025-06-12 18:51:00,49.660353652861794
2025-06-12 07:19:00,16.3
2025-06-12 14:23:00,72.3
2025-06-12 15:40:00,19.3
2025-06-12 23:03:00,78.4
2025-06-12 06:14:00,79.2
2025-06-12 21:32:00,0.8
2025-06-12 11:42:00,64.9
2025-06-12 11:03:00,14.7
2025-06-12 19:58:00,94.7
2025-06-12 14:39:00,49.660353652861794
2025-06-12 15:08:00,98.0
2025-06-12 06:13:00,52.7
2025-06-12 19:21:00,32.1
2025-06-12 00:59:00,49.660353652861794
2025-06-12 18:50:00,49.660353652861794
2025-06-12 14:35:00,18.3
2025-06-12 08:15:00,56.1
2025-06-12 22:51:00,67.1
2025-06-12 14:30:00,28.6
2025-06-12 09:18:00,91.7
2025-06-12 14:50:00,26.2
2025-06-12 14:08:00,61.3
2025-06-12 15:31:00,49.660353652861794
2025-06-12 10:43:00,78.7
2025-06-12 22:32:00,11.9
2025-06-12 13:59:00,64.9
2025-06-12 08:44:00,22.9
2025-06-12 05:16:00,49.660353652861794
2025-06-12 20:35:00,49.6
2025-06-12 13:14:00,49.660353652861794
2025-06-12 10:47:00,61.8
2025-06-12 19:49:00,15.4
2025-06-12 16:23:00,50.8
2025-06-12 18:37:00,37.2
2025-06-12 23:36:00,17.0
2025-06-12 13:17:00,49.660353652861794
2025-06-12 15:53:00,58.6
2025-06-12 01:46:00,49.660353652861794
2025-06-12 07:55:00,24.9
2025-06-12 05:27:00,46.7
2025-06-12 09:46:00,82.1
2025-06-12 21:35:00,55.6
2025-06-12 23:16:00,70.4
2025-06-12 16:54:00,92.3
2025-06-12 20:50:00,19.5
2025-06-12 11:35:00,95.4
2025-06-12 00:52:00,82.4
2025-06-12 02:45:00,29.8
2025-06-12 08:21:00,32.1
2025-06-12 10:30:00,28.2
2025-06-12 22:15:00,6.9
2025-06-12 21:24:00,41.5
2025-06-12 00:08:00,56.8
2025-06-12 06:58:00,26.6
2025-06-12 16:49:00,53.8
2025-06-12 17:25:00,86.6
2025-06-12 02:24:00,56.6
2025-06-12 02:56:00,36.9
2025-06-12 01:27:00,57.0
2025-06-12 15:41:00,49.660353652861794
2025-06-12 10:45:00,49.660353652861794
2025-06-12 06:34:00,61.8
2025-06-12 12:20:00,48.1
2025-06-12 07:49:00,96.1
2025-06-12 01:39:00,46.7
2025-06-12 11:27:00,99.3
2025-06-12 08:31:00,11.7
2025-06-12 07:16:00,38.1
2025-06-12 20:26:00,62.2
2025-06-12 19:48:00,49.660353652861794
2025-06-12 16:42:00,55.0
2025-06-12 07:10:00,87.0
2025-06-12 02:39:00,8.9
2025-06-12 11:40:00,58.6
2025-06-12 15:28:00,24.5
2025-06-12 21:23:00,7.0
2025-06-12 00:14:00,20.4
2025-06-12 16:48:00,73.9
2025-06-12 08:08:00,11.7
2025-06-12 07:59:00,86.8
2025-06-12 08:16:00,34.6
2025-06-12 01:25:00,2.0
2025-06-12 03:52:00,33.5
2025-06-12 23:19:00,49.9
2025-06-12 11:51:00,46.4
2025-06-12 23:00:00,13.2
2025-06-12 08:35:00,49.660353652861794
2025-06-12 00:20:00,9.8
2025-06-12 20:00:00,58.4
2025-06-12 07:09:00,27.8
2025-06-12 15:47:00,73.4
2025-06-12 22:41:00,77.4
2025-06-12 02:57:00,59.3
2025-06-12 10:36:00,7.7
2025-06-12 00:56:00,58.8
2025-06-12 21:43:00,49.660353652861794
2025-06-12 06:32:00,25.7
2025-06-12 23:44:00,27.0
2025-06-12 03:49:00,17.2
2025-06-12 05:25:00,44.4
2025-06-12 09:55:00,67.5
2025-06-12 10:03:00,55.3
2025-06-12 20:18:00,26.9
2025-06-12 08:03:00,7.4
2025-06-12 12:44:00,95.6
2025-06-12 01:33:00,57.7
2025-06-12 23:11:00,94.9
2025-06-12 02:22:00,89.8
2025-06-12 02:05:00,45.2
2025-06-12 12:59:00,43.4
2025-06-12 15:24:00,44.3
2025-06-12 10:07:00,30.2
2025-06-12 23:17:00,90.8
2025-06-12 07:53:00,81.9
2025-06-12 08:01:00,96.7
2025-06-12 08:29:00,84.6
2025-06-12 13:19:00,81.2
2025-06-12 00:18:00,72.2
2025-06-12 09:37:00,78.7
2025-06-12 04:51:00,43.5
2025-06-12 09:56:00,34.1
2025-06-12 09:01:00,77.5
2025-06-12 06:29:00,49.660353652861794
2025-06-12 19:31:00,59.1
2025-06-12 11:14:00,34.0
2025-06-12 14:47:00,34.4
2025-06-12 20:38:00,33.3
2025-06-12 09:53:00,61.8
2025-06-12 17:51:00,49.660353652861794
2025-06-12 07:20:00,57.9
2025-06-12 23:55:00,62.5
2025-06-12 04:44:00,88.2
2025-06-12 05:06:00,20.3
2025-06-12 23:27:00,34.3
2025-06-12 08:39:00,50.5
2025-06-12 04:16:00,76.5
2025-06-12 15:59:00,49.660353652861794
2025-06-12 15:33:00,33.8
2025-06-12 01:50:00,30.1
2025-06-12 16:46:00,30.7
2025-06-12 20:20:00,22.0
2025-06-12 16:16:00,49.9804001872221
2025-06-12 20:04:00,64.6
2025-06-12 16:13:00,49.9804001872221
2025-06-12 18:00:00,67.9
2025-06-12 02:12:00,30.2
2025-06-12 20:06:00,49.9804001872221
2025-06-12 12:30:00,3.7
2025-06-12 13:07:00,49.9804001872221
2025-06-12 20:27:00,70.2
2025-06-12 08:44:00,17.2
2025-06-12 10:41:00,38.0
2025-06-12 02:58:00,49.9804001872221
2025-06-12 15:30:00,37.2
2025-06-12 14:07:00,10.2
2025-06-12 04:47:00,40.7
2025-06-12 01:30:00,19.6
2025-06-12 23:35:00,49.9804001872221
2025-06-12 12:26:00,87.1
2025-06-12 19:04:00,61.7
2025-06-12 14:29:00,23.8
2025-06-12 09:48:00,19.5
2025-06-12 09:58:00,49.9804001872221
2025-06-12 01:33:00,31.8
2025-06-12 03:59:00,49.7
2025-06-12 15:31:00,35.3
2025-06-12 04:19:00,92.6
2025-06-12 21:10:00,49.9804001872221
2025-06-12 18:05:00,64.9
2025-06-12 02:22:00,49.9804001872221
2025-06-12 00:11:00,59.7
2025-06-12 17:01:00,86.8
2025-06-12 15:07:00,88.5
2025-06-12 01:19:00,88.5
2025-06-12 16:47:00,49.9804001872221
2025-06-12 05:36:00,67.0
2025-06-12 00:23:00,58.3
2025-06-12 09:45:00,24.2
2025-06-12 10:55:00,70.6
2025-06-12 13:21:00,49.9804001872221
2025-06-12 10:29:00,0.6
2025-06-12 09:38:00,62.7
2025-06-12 02:44:00,63.5
2025-06-12 17:31:00,28.3
2025-06-12 15:09:00,41.8
2025-06-12 08:41:00,49.9804001872221
2025-06-12 15:12:00,76.7
2025-06-12 07:08:00,43.1
2025-06-12 19:52:00,71.0
2025-06-12 09:15:00,61.4
2025-06-12 11:55:00,38.8
2025-06-12 07:48:00,49.9804001872221
2025-06-12 12:11:00,62.3
2025-06-12 12:17:00,63.3
2025-06-12 02:09:00,65.1
2025-06-12 06:44:00,91.6
2025-06-12 08:09:00,1.5
2025-06-12 11:09:00,84.3
2025-06-12 09:51:00,78.3
2025-06-12 23:36:00,94.9
2025-06-12 05:33:00,28.0
2025-06-12 02:51:00,90.6
2025-06-12 13:24:00,43.7
2025-06-12 11:02:00,49.9804001872221
2025-06-12 00:58:00,8.3
2025-06-12 19:13:00,82.4
2025-06-12 17:29:00,82.9
2025-06-12 03:10:00,69.1
2025-06-12 02:52:00,51.1
2025-06-12 08:04:00,39.0
2025-06-12 11:05:00,15.1
2025-06-12 21:25:00,37.1
2025-06-12 01:07:00,64.1
2025-06-12 18:59:00,43.5
2025-06-12 12:55:00,40.4
2025-06-12 08:33:00,40.4
2025-06-12 21:55:00,65.2
2025-06-12 12:10:00,18.0
2025-06-12 17:27:00,96.4
2025-06-12 10:36:00,91.2
2025-06-12 19:48:00,45.4
2025-06-12 08:24:00,5.2
2025-06-12 15:48:00,59.3
2025-06-12 23:40:00,91.6
2025-06-12 20:14:00,51.8
2025-06-12 02:38:00,17.9
2025-06-12 06:58:00,21.7
2025-06-12 03:47:00,13.1
2025-06-12 16:18:00,49.9804001872221
2025-06-12 03:51:00,60.8
2025-06-12 16:31:00,45.4
2025-06-12 07:03:00,69.6
2025-06-12 00:06:00,46.4
2025-06-12 00:51:00,63.9
2025-06-12 20:08:00,77.6
2025-06-12 12:15:00,75.3
2025-06-12 15:33:00,33.9
2025-06-12 07:52:00,49.9804001872221
2025-06-12 03:46:00,52.5
2025-06-12 04:22:00,49.9804001872221
2025-06-12 01:00:00,11.1
2025-06-12 22:49:00,49.9804001872221
2025-06-12 04:20:00,29.1
2025-06-12 09:13:00,9.8
2025-06-12 14:31:00,88.0
2025-06-12 19:06:00,50.8
2025-06-12 18:27:00,40.7
2025-06-12 22:48:00,75.6
2025-06-12 00:20:00,54.3
2025-06-12 19:50:00,88.2
2025-06-12 19:37:00,18.7
2025-06-12 07:06:00,65.1
2025-06-12 14:30:00,71.6
2025-06-12 06:06:00,88.6
2025-06-12 06:55:00,34.4
2025-06-12 02:18:00,21.4
2025-06-12 01:02:00,9.3
2025-06-12 05:00:00,84.6
2025-06-12 08:16:00,49.9804001872221
2025-06-12 18:29:00,12.7
2025-06-12 03:55:00,52.9
2025-06-12 10:30:00,41.4
2025-06-12 13:38:00,49.1
2025-06-12 23:49:00,27.8
2025-06-12 08:07:00,86.0
2025-06-12 05:46:00,46.9
2025-06-12 00:30:00,6.4
2025-06-12 18:56:00,76.6
2025-06-12 00:28:00,76.7
2025-06-12 13:18:00,49.9804001872221
2025-06-12 05:30:00,45.3
2025-06-12 03:20:00,68.0
2025-06-12 15:54:00,55.9
2025-06-12 21:31:00,49.9804001872221
2025-06-12 11:20:00,64.2
2025-06-12 00:36:00,77.3
2025-06-12 07:38:00,49.9804001872221
2025-06-12 19:45:00,24.5
2025-06-12 03:16:00,55.7
2025-06-12 18:46:00,72.3
2025-06-12 15:34:00,89.3
2025-06-12 14:20:00,49.9804001872221
2025-06-12 21:13:00,24.2
2025-06-12 22:01:00,87.9
2025-06-12 23:06:00,98.5
2025-06-12 12:00:00,14.4
2025-06-12 00:50:00,63.0
2025-06-12 05:07:00,82.8
2025-06-12 02:02:00,82.9
2025-06-12 23:34:00,61.3
2025-06-12 08:56:00,7.7
2025-06-12 08:54:00,78.3
2025-06-12 03:57:00,78.6
2025-06-12 13:22:00,86.1
2025-06-12 07:42:00,9.2
2025-06-12 22:30:00,31.0
2025-06-12 04:48:00,79.5
2025-06-12 14:12:00,68.9
2025-06-12 11:22:00,93.9
2025-06-12 16:49:00,49.9804001872221
2025-06-12 16:12:00,49.9804001872221
2025-06-12 04:36:00,95.3
2025-06-12 07:49:00,63.3
2025-06-12 10:14:00,0.9
2025-06-12 22:52:00,44.8
2025-06-12 01:05:00,65.9
2025-06-12 19:38:00,65.5
2025-06-12 02:26:00,90.9
2025-06-12 18:58:00,24.5
2025-06-12 06:24:00,46.7
2025-06-12 10:09:00,2.6
2025-06-12 15:49:00,45.7
2025-06-12 18:06:00,12.3
2025-06-12 06:45:00,49.9804001872221
2025-06-12 18:40:00,49.9804001872221
2025-06-12 16:33:00,73.0
2025-06-12 09:27:00,15.5
2025-06-12 02:00:00,1.3
2025-06-12 00:35:00,46.9
2025-06-12 14:43:00,71.1
2025-06-12 08:43:00,13.7
2025-06-12 03:48:00,39.6
2025-06-12 15:26:00,29.9
2025-06-12 08:36:00,22.5
2025-06-12 17:46:00,55.9
2025-06-12 14:40:00,4.7
2025-06-12 06:20:00,87.2
2025-06-12 15:17:00,71.2
2025-06-12 05:50:00,70.0
2025-06-12 07:04:00,16.3
2025-06-12 06:49:00,2.8
2025-06-12 07:20:00,26.7
2025-06-12 15:45:00,65.9
2025-06-12 04:06:00,80.6
2025-06-12 14:33:00,35.2
2025-06-12 13:34:00,89.3
2025-06-12 06:35:00,15.7
2025-06-12 08:29:00,10.4
2025-06-12 11:07:00,85.3
2025-06-12 09:26:00,78.8
2025-06-12 22:54:00,81.8
2025-06-12 14:06:00,49.9804001872221
2025-06-12 11:37:00,28.4
2025-06-12 16:48:00,86.8
2025-06-12 02:01:00,6.3
2025-06-12 21:41:00,35.8
2025-06-12 09:18:00,97.2
2025-06-12 20:02:00,42.1
2025-06-12 23:43:00,11.9
2025-06-12 03:49:00,94.9
2025-06-12 04:45:00,61.3
2025-06-12 23:01:00,64.5
2025-06-12 01:56:00,17.8
2025-06-12 03:07:00,56.2
2025-06-12 09:39:00,60.5
2025-06-12 02:47:00,83.1
2025-06-12 23:58:00,51.3
2025-06-12 00:53:00,85.4
2025-06-12 02:37:00,38.5
2025-06-12 17:04:00,12.9
2025-06-12 01:45:00,63.4
2025-06-12 11:51:00,96.9
2025-06-12 16:36:00,33.9
2025-06-12 03:00:00,0.3
2025-06-12 06:53:00,49.9804001872221
2025-06-12 04:35:00,67.1
2025-06-12 03:35:00,47.2
2025-06-12 19:59:00,18.7
2025-06-12 14:50:00,69.6
2025-06-12 19:14:00,65.4
2025-06-12 07:17:00,84.1
2025-06-12 05:59:00,57.8
2025-06-12 18:45:00,49.9804001872221
2025-06-12 21:22:00,50.5
2025-06-12 01:52:00,60.5
2025-06-12 23:52:00,49.9804001872221
2025-06-12 02:36:00,82.0
2025-06-12 05:42:00,86.5
2025-06-12 13:09:00,21.9
2025-06-12 05:47:00,62.3
2025-06-12 04:57:00,49.9804001872221
2025-06-12 15:46:00,34.8
2025-06-12 10:19:00,49.9804001872221
2025-06-12 19:58:00,11.1
2025-06-12 23:37:00,26.7
2025-06-12 01:21:00,87.7
2025-06-12 20:25:00,18.1
2025-06-12 00:44:00,72.5
2025-06-12 00:00:00,41.2
2025-06-12 11:35:00,91.7
2025-06-12 05:02:00,72.1
2025-06-12 12:57:00,68.2
2025-06-12 15:20:00,32.1
2025-06-12 12:12:00,51.1
2025-06-12 11:46:00,32.9
2025-06-12 23:25:00,98.7
2025-06-12 18:09:00,62.4
2025-06-12 11:44:00,47.9
2025-06-12 19:55:00,82.8
2025-06-12 12:56:00,29.9
2025-06-12 09:55:00,31.8
2025-06-12 16:52:00,38.6
2025-06-12 16:26:00,41.8
2025-06-12 17:23:00,30.6
2025-06-12 04:30:00,74.6
2025-06-12 14:39:00,43.4
2025-06-12 12:43:00,66.4
2025-06-12 19:10:00,76.9
2025-06-12 01:54:00,77.4
2025-06-12 17:30:00,49.9804001872221
2025-06-12 12:59:00,54.4
2025-06-12 10:48:00,87.6
2025-06-12 11:32:00,10.6
2025-06-12 15:11:00,49.9804001872221
2025-06-12 20:26:00,3.3
2025-06-12 15:27:00,70.0
2025-06-12 11:18:00,49.9804001872221
2025-06-12 17:47:00,11.4
2025-06-12 19:40:00,63.0
2025-06-12 00:14:00,76.3
2025-06-12 08:57:00,5.3
2025-06-12 17:58:00,5.8
2025-06-12 16:25:00,42.2
2025-06-12 03:33:00,49.9804001872221
2025-06-12 15:44:00,92.1
2025-06-12 23:12:00,47.1
2025-06-12 05:17:00,49.9804001872221
2025-06-12 09:19:00,93.5
2025-06-12 12:37:00,30.9
2025-06-12 03:06:00,86.5
2025-06-12 03:29:00,6.7
2025-06-12 17:43:00,35.4
2025-06-12 13:26:00,20.2
2025-06-12 01:36:00,49.9804001872221
2025-06-12 22:40:00,40.9
2025-06-12 08:38:00,39.3
2025-06-12 08:02:00,8.6
2025-06-12 05:25:00,31.2
2025-06-12 04:38:00,49.9804001872221
2025-06-12 22:38:00,13.5
2025-06-12 21:36:00,59.7
2025-06-12 02:21:00,99.4
2025-06-12 02:40:00,52.2
2025-06-12 07:30:00,61.5
2025-06-12 07:29:00,82.5
2025-06-12 04:05:00,73.5
2025-06-12 23:53:00,48.7
2025-06-12 06:13:00,91.1
2025-06-12 16:52:00,62.8
2025-06-12 17:30:00,83.4
2025-06-12 10:37:00,12.1
2025-06-12 10:57:00,71.1
2025-06-12 02:40:00,68.9
2025-06-12 13:32:00,32.3
2025-06-12 00:38:00,37.9
2025-06-12 11:36:00,5.9
2025-06-12 04:28:00,13.0
2025-06-12 13:48:00,86.1
2025-06-12 17:52:00,83.0
2025-06-12 06:56:00,49.6
2025-06-12 06:39:00,52.6
2025-06-12 14:14:00,49.659483264826775
2025-06-12 22:04:00,49.659483264826775
2025-06-12 10:04:00,41.4
2025-06-12 18:24:00,49.659483264826775
2025-06-12 10:28:00,45.3
2025-06-12 03:07:00,97.0
2025-06-12 04:09:00,62.5
2025-06-12 20:19:00,49.659483264826775
2025-06-12 05:35:00,52.4
2025-06-12 11:13:00,51.0
2025-06-12 01:12:00,53.5
2025-06-12 08:26:00,12.1
2025-06-12 11:32:00,72.8
2025-06-12 19:21:00,49.659483264826775
2025-06-12 22:35:00,49.659483264826775
2025-06-12 00:20:00,49.659483264826775
2025-06-12 00:34:00,49.659483264826775
2025-06-12 08:55:00,75.8
2025-06-12 02:39:00,0.0
2025-06-12 10:47:00,88.3
2025-06-12 11:55:00,91.2
2025-06-12 20:18:00,77.6
2025-06-12 16:35:00,49.659483264826775
2025-06-12 12:51:00,49.659483264826775
2025-06-12 21:33:00,64.2
2025-06-12 16:50:00,75.0
2025-06-12 03:40:00,80.0
2025-06-12 01:31:00,5.1
2025-06-12 15:45:00,97.2
2025-06-12 15:56:00,65.8
2025-06-12 12:16:00,69.4
2025-06-12 02:23:00,60.8
2025-06-12 01:17:00,96.2
2025-06-12 03:45:00,76.8
2025-06-12 16:27:00,79.2
2025-06-12 07:30:00,77.0
2025-06-12 09:34:00,46.8
2025-06-12 20:09:00,7.1
2025-06-12 05:45:00,2.4
2025-06-12 03:00:00,49.659483264826775
2025-06-12 08:10:00,82.3
2025-06-12 06:16:00,51.6
2025-06-12 06:55:00,82.6
2025-06-12 23:19:00,62.2
2025-06-12 00:24:00,83.4
2025-06-12 08:28:00,92.4
2025-06-12 07:05:00,49.659483264826775
2025-06-12 03:06:00,2.2
2025-06-12 09:02:00,49.659483264826775
2025-06-12 16:45:00,67.0
2025-06-12 20:38:00,49.659483264826775
2025-06-12 01:10:00,84.9
2025-06-12 19:10:00,76.0
2025-06-12 17:53:00,55.6
2025-06-12 17:16:00,39.9
2025-06-12 19:58:00,36.5
2025-06-12 02:59:00,13.7
2025-06-12 13:46:00,10.0
2025-06-12 20:15:00,62.6
2025-06-12 12:45:00,34.2
2025-06-12 23:33:00,49.659483264826775
2025-06-12 02:51:00,32.0
2025-06-12 14:41:00,97.2
2025-06-12 07:28:00,18.3
2025-06-12 17:13:00,63.8
2025-06-12 06:06:00,96.7
2025-06-12 07:25:00,16.3
2025-06-12 14:39:00,31.0
2025-06-12 09:33:00,35.7
2025-06-12 10:18:00,49.659483264826775
2025-06-12 03:14:00,32.3
2025-06-12 23:18:00,49.659483264826775
2025-06-12 13:23:00,26.1
2025-06-12 20:35:00,2.7
2025-06-12 00:56:00,49.659483264826775
2025-06-12 14:44:00,8.5
2025-06-12 07:53:00,98.4
2025-06-12 09:59:00,82.7
2025-06-12 03:26:00,90.9
2025-06-12 03:01:00,80.0
2025-06-12 07:18:00,49.659483264826775
2025-06-12 22:08:00,85.4
2025-06-12 18:10:00,71.4
2025-06-12 01:08:00,46.3
2025-06-12 07:32:00,88.0
2025-06-12 18:18:00,49.659483264826775
2025-06-12 09:17:00,49.659483264826775
2025-06-12 14:06:00,86.8
2025-06-12 13:43:00,61.3
2025-06-12 15:05:00,8.0
2025-06-12 10:11:00,74.3
2025-06-12 21:10:00,65.9
2025-06-12 14:59:00,57.8
2025-06-12 09:40:00,50.0
2025-06-12 03:09:00,70.2
2025-06-12 13:35:00,25.6
2025-06-12 02:54:00,52.4
2025-06-12 11:39:00,46.4
2025-06-12 06:53:00,69.8
2025-06-12 13:37:00,23.5
2025-06-12 15:41:00,82.6
2025-06-12 14:35:00,51.5
2025-06-12 17:05:00,36.1
2025-06-12 12:15:00,19.5
2025-06-12 06:28:00,64.0
2025-06-12 07:08:00,94.1
2025-06-12 21:37:00,49.7
2025-06-12 10:33:00,49.659483264826775
2025-06-12 08:23:00,6.4
2025-06-12 12:30:00,2.3
2025-06-12 06:08:00,58.1
2025-06-12 11:31:00,49.659483264826775
2025-06-12 07:07:00,0.2
2025-06-12 12:52:00,79.5
2025-06-12 06:09:00,49.659483264826775
2025-06-12 21:21:00,30.9
2025-06-12 20:56:00,84.6
2025-06-12 12:53:00,62.3
2025-06-12 22:12:00,95.9
2025-06-12 20:17:00,43.2
2025-06-12 09:54:00,73.5
2025-06-12 10:38:00,4.4
2025-06-12 19:17:00,8.0
2025-06-12 16:26:00,49.659483264826775
2025-06-12 13:02:00,49.659483264826775
2025-06-12 17:08:00,31.7
2025-06-12 06:02:00,90.1
2025-06-12 20:55:00,49.659483264826775
2025-06-12 18:50:00,41.6
2025-06-12 01:57:00,42.9
2025-06-12 16:11:00,67.1
2025-06-12 21:50:00,54.3
2025-06-12 18:26:00,30.8
2025-06-12 15:54:00,34.3
2025-06-12 17:23:00,37.8
2025-06-12 03:04:00,32.2
2025-06-12 13:06:00,25.3
2025-06-12 03:18:00,64.2
2025-06-12 08:03:00,13.1
2025-06-12 19:30:00,49.659483264826775
2025-06-12 01:49:00,71.9
2025-06-12 08:25:00,95.4
2025-06-12 06:19:00,8.0
2025-06-12 17:01:00,49.659483264826775
2025-06-12 10:40:00,19.1
2025-06-12 15:06:00,97.6
2025-06-12 08:52:00,99.6
2025-06-12 12:03:00,60.1
2025-06-12 18:57:00,15.4
2025-06-12 16:05:00,83.2
2025-06-12 16:24:00,41.3
2025-06-12 16:04:00,49.659483264826775
2025-06-12 00:58:00,84.3
2025-06-12 13:31:00,60.4
2025-06-12 04:52:00,36.6
2025-06-12 18:00:00,51.1
2025-06-12 06:25:00,85.9
2025-06-12 05:55:00,14.7
2025-06-12 07:11:00,28.1
2025-06-12 16:43:00,35.3
2025-06-12 11:54:00,95.0
2025-06-12 14:27:00,94.2
2025-06-12 18:13:00,73.0
2025-06-12 10:10:00,38.8
2025-06-12 21:36:00,58.2
2025-06-12 13:07:00,39.2
2025-06-12 02:31:00,56.8
2025-06-12 19:45:00,42.6
2025-06-12 04:27:00,88.2
2025-06-12 16:10:00,55.5
2025-06-12 05:48:00,62.7
2025-06-12 21:31:00,49.659483264826775
2025-06-12 02:02:00,51.7
2025-06-12 19:55:00,49.6
2025-06-12 09:49:00,71.6
2025-06-12 03:37:00,47.3
2025-06-12 22:56:00,49.659483264826775
2025-06-12 15:29:00,24.9
2025-06-12 07:46:00,10.6
2025-06-12 18:15:00,18.1
2025-06-12 04:12:00,7.8
2025-06-12 21:12:00,53.6
2025-06-12 07:12:00,96.9
2025-06-12 05:32:00,57.1
2025-06-12 19:35:00,0.9
2025-06-12 05:50:00,49.659483264826775
2025-06-12 09:51:00,9.8
2025-06-12 10:19:00,64.7
2025-06-12 19:50:00,44.2
2025-06-12 16:54:00,54.4
2025-06-12 16:06:00,72.3
2025-06-12 14:49:00,45.2
2025-06-12 02:30:00,81.6
2025-06-12 12:11:00,84.1
2025-06-12 22:07:00,30.3
2025-06-12 08:32:00,72.3
2025-06-12 07:40:00,27.7
2025-06-12 21:04:00,28.0
2025-06-12 05:22:00,81.8
2025-06-12 18:56:00,49.659483264826775
2025-06-12 11:17:00,66.8
2025-06-12 23:41:00,41.2
2025-06-12 22:36:00,49.659483264826775
2025-06-12 17:10:00,49.659483264826775
2025-06-12 01:43:00,44.7
2025-06-12 02:26:00,16.8
2025-06-12 04:36:00,92.8
2025-06-12 14:18:00,1.8
2025-06-12 18:04:00,6.7
2025-06-12 02:24:00,47.5
2025-06-12 22:57:00,58.5
2025-06-12 07:27:00,49.659483264826775
2025-06-12 03:12:00,49.659483264826775
2025-06-12 20:53:00,62.5
2025-06-12 11:41:00,49.659483264826775
2025-06-12 16:16:00,49.659483264826775
2025-06-12 07:51:00,33.0
2025-06-12 01:07:00,32.4
2025-06-12 14:11:00,69.1
2025-06-12 14:46:00,26.1
2025-06-12 18:11:00,44.7
2025-06-12 22:10:00,49.659483264826775
2025-06-12 19:28:00,25.0
2025-06-12 17:09:00,46.8
2025-06-12 03:22:00,55.8
2025-06-12 15:50:00,96.6
2025-06-12 02:58:00,73.8
2025-06-12 08:27:00,96.7
2025-06-12 06:54:00,99.5
2025-06-12 03:52:00,96.1
2025-06-12 22:06:00,67.4
2025-06-12 16:02:00,49.659483264826775
2025-06-12 13:54:00,26.9
2025-06-12 05:27:00,42.8
2025-06-12 00:15:00,40.1
2025-06-12 15:37:00,38.9
2025-06-12 15:07:00,46.1
2025-06-12 05:12:00,82.6
2025-06-12 15:08:00,21.0
2025-06-12 21:30:00,97.3
2025-06-12 11:25:00,76.5
2025-06-12 21:16:00,94.8
2025-06-12 14:40:00,22.4
2025-06-12 17:03:00,70.5
2025-06-12 02:32:00,85.0
2025-06-12 01:56:00,70.7
2025-06-12 04:23:00,25.4
2025-06-12 17:26:00,45.4
2025-06-12 02:38:00,88.8
2025-06-12 07:14:00,26.1
2025-06-12 06:59:00,49.659483264826775
2025-06-12 14:25:00,48.2
2025-06-12 19:39:00,72.9
2025-06-12 03:16:00,4.8
2025-06-12 14:12:00,62.0
2025-06-12 19:53:00,49.659483264826775
2025-06-12 09:41:00,80.0
2025-06-12 23:40:00,56.1
2025-06-12 14:02:00,54.2
2025-06-12 15:10:00,6.5
2025-06-12 01:16:00,4.1
2025-06-12 23:36:00,28.5
2025-06-12 21:56:00,39.0
2025-06-12 18:06:00,9.4
2025-06-12 16:51:00,45.1
2025-06-12 05:42:00,31.7
2025-06-12 16:15:00,69.8
2025-06-12 03:32:00,20.8
2025-06-12 04:39:00,22.6
2025-06-12 05:33:00,40.5
2025-06-12 21:08:00,99.8
2025-06-12 15:46:00,55.9
2025-06-12 02:28:00,49.659483264826775
2025-06-12 05:34:00,73.5
2025-06-12 04:24:00,15.3
2025-06-12 10:20:00,21.4
2025-06-12 12:01:00,33.1
2025-06-12 06:36:00,94.1
2025-06-12 04:45:00,45.4
2025-06-12 14:48:00,49.732274758880266
2025-06-12 08:48:00,32.3
2025-06-12 20:46:00,89.2
2025-06-12 01:49:00,17.6
2025-06-12 21:46:00,17.8
2025-06-12 06:52:00,81.2
2025-06-12 22:00:00,64.5
2025-06-12 21:32:00,87.5
2025-06-12 05:23:00,49.732274758880266
2025-06-12 12:36:00,19.8
2025-06-12 10:28:00,0.2
2025-06-12 15:18:00,40.5
2025-06-12 18:15:00,17.9
2025-06-12 19:20:00,49.2
2025-06-12 17:13:00,70.8
2025-06-12 04:16:00,14.2
2025-06-12 14:02:00,16.4
2025-06-12 20:50:00,49.732274758880266
2025-06-12 01:04:00,70.5
2025-06-12 13:05:00,62.5
2025-06-12 23:21:00,58.8
2025-06-12 11:26:00,38.1
2025-06-12 16:03:00,91.7
2025-06-12 01:39:00,12.1
2025-06-12 05:11:00,80.2
2025-06-12 07:58:00,42.8
2025-06-12 21:01:00,83.9
2025-06-12 06:22:00,16.6
2025-06-12 19:43:00,10.1
2025-06-12 07:37:00,8.9
2025-06-12 08:36:00,41.5
2025-06-12 16:41:00,49.732274758880266
2025-06-12 13:38:00,49.732274758880266
2025-06-12 18:06:00,49.732274758880266
2025-06-12 11:35:00,72.9
2025-06-12 18:56:00,63.2
2025-06-12 18:17:00,49.732274758880266
2025-06-12 01:03:00,81.7
2025-06-12 09:45:00,49.732274758880266
2025-06-12 01:46:00,42.7
2025-06-12 13:08:00,60.6
2025-06-12 11:12:00,88.5
2025-06-12 01:25:00,49.732274758880266
2025-06-12 12:46:00,55.1
2025-06-12 17:14:00,20.3
2025-06-12 02:30:00,58.4
2025-06-12 23:49:00,12.7
2025-06-12 04:26:00,23.4
2025-06-12 05:58:00,98.8
2025-06-12 21:35:00,73.5
2025-06-12 19:56:00,15.4
2025-06-12 10:14:00,49.732274758880266
2025-06-12 06:28:00,89.6
2025-06-12 13:50:00,49.732274758880266
2025-06-12 14:32:00,46.6
2025-06-12 06:02:00,60.9
2025-06-12 07:14:00,52.8
2025-06-12 07:38:00,95.4
2025-06-12 03:43:00,51.8
2025-06-12 21:18:00,1.1
2025-06-12 16:59:00,94.5
2025-06-12 21:36:00,49.2
2025-06-12 17:40:00,8.8
2025-06-12 14:01:00,14.6
2025-06-12 17:17:00,68.1
2025-06-12 23:03:00,49.732274758880266
2025-06-12 04:20:00,19.8
2025-06-12 05:15:00,92.9
2025-06-12 23:26:00,51.2
2025-06-12 17:24:00,89.8
2025-06-12 13:44:00,49.732274758880266
2025-06-12 16:50:00,99.5
2025-06-12 11:08:00,49.732274758880266
2025-06-12 10:36:00,18.6
2025-06-12 18:31:00,67.7
2025-06-12 10:48:00,49.732274758880266
2025-06-12 08:09:00,62.3
2025-06-12 14:43:00,18.2
2025-06-12 08:05:00,15.6
2025-06-12 04:33:00,51.8
2025-06-12 23:08:00,49.732274758880266
2025-06-12 09:59:00,38.9
2025-06-12 18:28:00,41.7
2025-06-12 05:54:00,44.7
2025-06-12 02:15:00,82.6
2025-06-12 21:58:00,59.9
2025-06-12 18:52:00,75.5
2025-06-12 07:01:00,16.2
2025-06-12 11:39:00,7.9
2025-06-12 19:41:00,85.0
2025-06-12 23:53:00,74.9
2025-06-12 11:53:00,90.4
2025-06-12 13:43:00,49.732274758880266
2025-06-12 15:47:00,6.3
2025-06-12 00:31:00,42.1
2025-06-12 09:40:00,56.4
2025-06-12 21:53:00,70.1
2025-06-12 06:58:00,72.7
2025-06-12 23:10:00,88.8
2025-06-12 01:12:00,46.7
2025-06-12 07:28:00,62.9
2025-06-12 03:40:00,80.0
2025-06-12 18:02:00,49.732274758880266
2025-06-12 13:42:00,52.0
2025-06-12 00:18:00,68.4
2025-06-12 18:34:00,32.5
2025-06-12 05:26:00,80.2
2025-06-12 11:16:00,48.4
2025-06-12 21:26:00,80.0
2025-06-12 02:08:00,66.3
2025-06-12 00:52:00,48.0
2025-06-12 15:50:00,19.9
2025-06-12 08:34:00,61.7
2025-06-12 17:44:00,82.9
2025-06-12 10:26:00,8.2
2025-06-12 11:18:00,64.1
2025-06-12 09:21:00,66.7
2025-06-12 08:02:00,43.4
2025-06-12 00:25:00,25.2
2025-06-12 02:02:00,49.732274758880266
2025-06-12 16:22:00,17.0
2025-06-12 06:44:00,7.7
2025-06-12 19:09:00,76.6
2025-06-12 13:19:00,49.732274758880266
2025-06-12 10:49:00,48.5
2025-06-12 20:14:00,30.5
2025-06-12 03:00:00,43.1
2025-06-12 05:24:00,63.5
2025-06-12 18:41:00,76.4
2025-06-12 07:20:00,50.8
2025-06-12 04:07:00,31.1
2025-06-12 02:07:00,63.4
2025-06-12 08:21:00,37.4
2025-06-12 13:29:00,76.8
2025-06-12 14:46:00,66.6
2025-06-12 22:18:00,48.2
2025-06-12 18:05:00,96.6
2025-06-12 03:32:00,49.732274758880266
2025-06-12 11:32:00,46.0
2025-06-12 18:25:00,60.2
2025-06-12 20:10:00,55.9
2025-06-12 04:36:00,6.6
2025-06-12 02:54:00,49.732274758880266
2025-06-12 16:21:00,11.9
2025-06-12 19:29:00,42.8
2025-06-12 10:17:00,48.0
2025-06-12 12:48:00,71.6
2025-06-12 03:33:00,11.5
2025-06-12 20:53:00,49.732274758880266
2025-06-12 18:26:00,7.5
2025-06-12 23:00:00,93.5
2025-06-12 11:57:00,7.1
2025-06-12 20:48:00,37.1
2025-06-12 15:42:00,54.5
2025-06-12 03:34:00,21.0
2025-06-12 19:04:00,54.5
2025-06-12 15:14:00,31.4
2025-06-12 14:30:00,94.2
2025-06-12 17:35:00,93.5
2025-06-12 01:08:00,15.2
2025-06-12 04:25:00,49.732274758880266
2025-06-12 10:21:00,30.3
2025-06-12 02:55:00,49.732274758880266
2025-06-12 04:29:00,86.2
2025-06-12 03:58:00,12.6
2025-06-12 00:27:00,89.4
2025-06-12 16:49:00,90.0
2025-06-12 07:08:00,42.8
2025-06-12 05:46:00,49.732274758880266
2025-06-12 18:20:00,59.3
2025-06-12 01:16:00,49.732274758880266
2025-06-12 13:21:00,25.5
2025-06-12 02:16:00,80.6
2025-06-12 16:14:00,44.3
2025-06-12 15:03:00,42.7
2025-06-12 15:26:00,63.1
2025-06-12 20:17:00,49.732274758880266
2025-06-12 08:52:00,76.5
2025-06-12 12:12:00,76.1
2025-06-12 07:54:00,39.8
2025-06-12 10:59:00,63.6
2025-06-12 20:24:00,97.9
2025-06-12 22:19:00,37.9
2025-06-12 18:32:00,57.6
2025-06-12 12:56:00,33.8
2025-06-12 17:07:00,49.732274758880266
2025-06-12 21:22:00,3.3
2025-06-12 03:54:00,76.1
2025-06-12 17:42:00,58.6
2025-06-12 18:54:00,30.1
2025-06-12 01:20:00,39.2
2025-06-12 22:21:00,10.4
2025-06-12 21:24:00,15.1
2025-06-12 06:32:00,79.1
2025-06-12 23:58:00,77.5
2025-06-12 00:36:00,49.732274758880266
2025-06-12 06:45:00,43.7
2025-06-12 14:20:00,0.3
2025-06-12 15:32:00,40.1
2025-06-12 11:58:00,49.732274758880266
2025-06-12 10:24:00,49.732274758880266
2025-06-12 13:15:00,76.8
2025-06-12 04:23:00,10.5
2025-06-12 23:29:00,60.8
2025-06-12 22:23:00,7.5
2025-06-12 12:53:00,34.9
2025-06-12 21:00:00,81.9
2025-06-12 19:07:00,12.5
2025-06-12 22:14:00,15.8
2025-06-12 20:27:00,51.2
2025-06-12 10:29:00,45.2
2025-06-12 15:58:00,52.6
2025-06-12 17:56:00,49.732274758880266
2025-06-12 04:49:00,58.9
2025-06-12 06:54:00,94.1
2025-06-12 21:27:00,79.8
2025-06-12 09:28:00,31.2
2025-06-12 08:19:00,57.5
2025-06-12 06:30:00,49.732274758880266
2025-06-12 18:46:00,49.732274758880266
2025-06-12 06:05:00,49.732274758880266
2025-06-12 10:31:00,49.732274758880266
2025-06-12 18:19:00,52.0
2025-06-12 23:19:00,47.5
2025-06-12 10:45:00,49.732274758880266
2025-06-12 12:31:00,49.732274758880266
2025-06-12 13:06:00,4.6
2025-06-12 08:54:00,76.1
2025-06-12 10:02:00,33.2
2025-06-12 08:38:00,49.4
2025-06-12 08:45:00,97.3
2025-06-12 16:35:00,15.6
2025-06-12 00:21:00,90.3
2025-06-12 12:11:00,36.8
2025-06-12 06:35:00,30.3
2025-06-12 21:37:00,83.7
2025-06-12 21:52:00,32.5
2025-06-12 05:14:00,71.1
2025-06-12 04:35:00,67.1
2025-06-12 09:51:00,87.9
2025-06-12 18:48:00,5.4
2025-06-12 11:17:00,74.2
2025-06-12 16:28:00,89.4
2025-06-12 21:45:00,31.5
2025-06-12 17:31:00,97.5
2025-06-12 15:46:00,64.7
2025-06-12 15:08:00,43.0
2025-06-12 15:28:00,42.7
2025-06-12 16:40:00,49.732274758880266
2025-06-12 10:44:00,22.6
2025-06-12 21:10:00,12.2
2025-06-12 08:18:00,49.6
2025-06-12 07:22:00,29.2
2025-06-12 16:09:00,78.6
2025-06-12 21:13:00,69.1
2025-06-12 13:16:00,42.7
2025-06-12 16:07:00,1.4
2025-06-12 22:13:00,99.2
2025-06-12 19:36:00,34.0
2025-06-12 02:39:00,56.3
2025-06-12 02:52:00,56.1
2025-06-12 00:37:00,73.4
2025-06-12 19:40:00,49.732274758880266
2025-06-12 15:35:00,85.5
2025-06-12 15:29:00,49.732274758880266
2025-06-12 11:40:00,49.732274758880266
2025-06-12 02:23:00,2.9
2025-06-12 04:05:00,97.7
2025-06-12 21:34:00,49.732274758880266
2025-06-12 17:57:00,49.732274758880266
2025-06-12 15:10:00,34.7
2025-06-12 08:29:00,58.2
2025-06-12 17:23:00,71.7
2025-06-12 03:15:00,98.6
2025-06-12 11:45:00,16.1
2025-06-12 13:32:00,82.6
2025-06-12 22:07:00,43.0
2025-06-12 02:06:00,8.9
2025-06-12 15:31:00,88.5
2025-06-12 03:04:00,81.7
2025-06-12 08:26:00,68.8
2025-06-12 08:12:00,58.8
2025-06-12 02:45:00,55.5
2025-06-12 19:45:00,28.0
2025-06-12 02:53:00,49.732274758880266
2025-06-12 02:35:00,12.6
2025-06-12 19:22:00,2.9
2025-06-12 20:03:00,6.6
2025-06-12 19:31:00,49.38053801169591
2025-06-12 08:09:00,72.3
2025-06-12 07:43:00,49.38053801169591
2025-06-12 11:24:00,4.0
2025-06-12 12:11:00,49.38053801169591
2025-06-12 13:07:00,32.7
2025-06-12 01:01:00,88.7
2025-06-12 22:13:00,10.3
2025-06-12 11:22:00,73.3
2025-06-12 19:52:00,24.8
2025-06-12 15:58:00,81.5
2025-06-12 16:44:00,70.8
2025-06-12 21:48:00,99.5
2025-06-12 11:58:00,19.6
2025-06-12 15:44:00,17.3
2025-06-12 01:09:00,87.9
2025-06-12 10:42:00,70.9
2025-06-12 02:11:00,5.4
2025-06-12 09:34:00,82.0
2025-06-12 02:52:00,1.3
2025-06-12 09:28:00,52.3
2025-06-12 15:01:00,82.6
2025-06-12 21:52:00,64.7
2025-06-12 09:45:00,64.0
2025-06-12 15:06:00,49.38053801169591
2025-06-12 23:32:00,17.5
2025-06-12 02:31:00,58.7
2025-06-12 23:43:00,96.8
2025-06-12 02:06:00,14.2
2025-06-12 19:21:00,45.4
2025-06-12 20:23:00,33.7
2025-06-12 17:21:00,49.38053801169591
2025-06-12 05:55:00,32.7
2025-06-12 20:25:00,33.2
2025-06-12 12:43:00,14.4
2025-06-12 05:29:00,17.4
2025-06-12 18:21:00,36.2
2025-06-12 16:17:00,24.5
2025-06-12 17:37:00,41.8
2025-06-12 19:25:00,84.4
2025-06-12 22:18:00,54.8
2025-06-12 21:11:00,42.4
2025-06-12 05:48:00,67.2
2025-06-12 10:27:00,15.3
2025-06-12 04:27:00,84.6
2025-06-12 07:19:00,96.1
2025-06-12 02:57:00,73.3
2025-06-12 23:36:00,36.9
2025-06-12 17:57:00,15.8
2025-06-12 05:59:00,71.0
2025-06-12 20:55:00,95.4
2025-06-12 08:12:00,85.4
2025-06-12 19:33:00,50.9
2025-06-12 04:28:00,55.7
2025-06-12 14:48:00,97.4
2025-06-12 13:23:00,50.2
2025-06-12 11:11:00,63.5
2025-06-12 23:37:00,56.1
2025-06-12 01:32:00,8.8
2025-06-12 03:05:00,69.9
2025-06-12 03:56:00,14.0
2025-06-12 23:38:00,49.38053801169591
2025-06-12 12:34:00,9.4
2025-06-12 16:30:00,86.8
2025-06-12 16:57:00,49.38053801169591
2025-06-12 15:15:00,76.4
2025-06-12 12:22:00,14.5
2025-06-12 18:57:00,45.8
2025-06-12 12:40:00,49.38053801169591
2025-06-12 20:42:00,29.8
2025-06-12 19:03:00,44.2
2025-06-12 13:12:00,14.2
2025-06-12 18:09:00,49.5
2025-06-12 08:00:00,33.3
2025-06-12 05:54:00,78.1
2025-06-12 19:17:00,36.6
2025-06-12 08:44:00,29.1
2025-06-12 06:06:00,6.9
2025-06-12 03:48:00,92.9
2025-06-12 20:45:00,83.9
2025-06-12 21:47:00,71.2
2025-06-12 10:50:00,49.38053801169591
2025-06-12 23:07:00,22.5
2025-06-12 20:16:00,75.9
2025-06-12 21:54:00,49.38053801169591
2025-06-12 11:57:00,75.0
2025-06-12 02:40:00,49.38053801169591
2025-06-12 19:08:00,20.3
2025-06-12 02:54:00,9.7
2025-06-12 06:00:00,89.1
2025-06-12 14:41:00,25.4
2025-06-12 21:15:00,45.0
2025-06-12 19:37:00,15.4
2025-06-12 17:28:00,49.38053801169591
2025-06-12 15:11:00,46.3
2025-06-12 13:35:00,8.6
2025-06-12 17:17:00,82.4
2025-06-12 18:53:00,4.4
2025-06-12 10:46:00,44.2
2025-06-12 20:50:00,49.38053801169591
2025-06-12 22:12:00,74.2
2025-06-12 17:35:00,47.1
2025-06-12 07:01:00,49.38053801169591
2025-06-12 07:11:00,63.2
2025-06-12 17:31:00,52.8
2025-06-12 06:51:00,49.38053801169591
2025-06-12 21:46:00,49.38053801169591
2025-06-12 20:44:00,49.38053801169591
2025-06-12 01:28:00,49.38053801169591
2025-06-12 18:16:00,33.3
2025-06-12 00:15:00,49.38053801169591
2025-06-12 13:39:00,86.1
2025-06-12 17:46:00,52.3
2025-06-12 16:43:00,98.0
2025-06-12 12:54:00,49.38053801169591
2025-06-12 05:58:00,79.2
2025-06-12 09:52:00,49.38053801169591
2025-06-12 12:32:00,25.8
2025-06-12 14:08:00,49.2
2025-06-12 04:00:00,49.38053801169591
2025-06-12 14:21:00,49.38053801169591
2025-06-12 11:45:00,49.38053801169591
2025-06-12 08:51:00,75.0
2025-06-12 08:06:00,73.7
2025-06-12 22:27:00,80.7
2025-06-12 00:29:00,67.4
2025-06-12 19:36:00,88.7
2025-06-12 16:45:00,42.5
2025-06-12 14:17:00,59.6
2025-06-12 22:55:00,69.3
2025-06-12 14:51:00,50.0
2025-06-12 11:46:00,49.38053801169591
2025-06-12 01:10:00,49.1
2025-06-12 08:54:00,17.5
2025-06-12 07:06:00,97.2
2025-06-12 06:33:00,3.0
2025-06-12 16:24:00,52.2
2025-06-12 14:25:00,87.9
2025-06-12 14:24:00,76.2
2025-06-12 23:29:00,57.7
2025-06-12 16:31:00,82.3
2025-06-12 08:45:00,49.38053801169591
2025-06-12 22:39:00,74.3
2025-06-12 05:04:00,4.6
2025-06-12 15:57:00,13.3
2025-06-12 14:26:00,30.7
2025-06-12 14:23:00,17.3
2025-06-12 23:41:00,29.3
2025-06-12 14:19:00,49.38053801169591
2025-06-12 23:12:00,84.4
2025-06-12 05:08:00,87.9
2025-06-12 16:26:00,21.0
2025-06-12 08:29:00,23.9
2025-06-12 05:23:00,29.0
2025-06-12 02:36:00,49.38053801169591
2025-06-12 17:32:00,26.2
2025-06-12 14:11:00,92.0
2025-06-12 09:55:00,96.5
2025-06-12 11:00:00,37.5
2025-06-12 10:32:00,60.7
2025-06-12 16:51:00,96.6
2025-06-12 08:22:00,2.2
2025-06-12 10:18:00,37.7
2025-06-12 13:30:00,14.5
2025-06-12 13:02:00,32.2
2025-06-12 21:32:00,77.8
2025-06-12 01:31:00,47.5
2025-06-12 07:49:00,18.2
2025-06-12 10:09:00,94.2
2025-06-12 15:28:00,53.5
2025-06-12 05:15:00,93.9
2025-06-12 02:02:00,7.2
2025-06-12 16:34:00,37.7
2025-06-12 18:06:00,42.9
2025-06-12 12:23:00,53.4
2025-06-12 06:40:00,61.9
2025-06-12 01:05:00,46.7
2025-06-12 22:35:00,40.7
2025-06-12 12:27:00,59.5
2025-06-12 08:28:00,13.1
2025-06-12 20:57:00,59.5
2025-06-12 10:08:00,46.6
2025-06-12 18:22:00,84.5
2025-06-12 13:52:00,48.8
2025-06-12 00:16:00,39.5
2025-06-12 05:18:00,4.5
2025-06-12 20:21:00,16.6
2025-06-12 19:15:00,49.38053801169591
2025-06-12 09:49:00,32.2
2025-06-12 07:31:00,90.5
2025-06-12 15:34:00,27.7
2025-06-12 17:52:00,77.0
2025-06-12 19:24:00,1.7
2025-06-12 19:47:00,58.1
2025-06-12 15:21:00,47.2
2025-06-12 04:39:00,60.9
2025-06-12 03:06:00,23.8
2025-06-12 23:54:00,0.6
2025-06-12 20:28:00,24.1
2025-06-12 00:28:00,40.3
2025-06-12 21:14:00,67.6
2025-06-12 05:56:00,49.38053801169591
2025-06-12 09:57:00,27.1
2025-06-12 22:01:00,90.9
2025-06-12 18:27:00,0.4
2025-06-12 14:07:00,18.3
2025-06-12 19:58:00,49.38053801169591
2025-06-12 08:02:00,69.4
2025-06-12 03:57:00,77.7
2025-06-12 22:36:00,86.3
2025-06-12 20:09:00,25.0
2025-06-12 12:21:00,62.9
2025-06-12 06:03:00,8.0
2025-06-12 20:47:00,27.2
2025-06-12 07:42:00,88.4
2025-06-12 04:26:00,11.9
2025-06-12 09:46:00,90.5
2025-06-12 11:19:00,94.0
2025-06-12 05:06:00,21.3
2025-06-12 01:54:00,64.4
2025-06-12 18:11:00,83.8
2025-06-12 03:51:00,68.3
2025-06-12 21:12:00,76.8
2025-06-12 07:03:00,22.4
2025-06-12 10:49:00,1.4
2025-06-12 00:06:00,4.3
2025-06-12 02:49:00,39.6
2025-06-12 23:27:00,0.9
2025-06-12 12:01:00,27.9
2025-06-12 10:36:00,42.4
2025-06-12 11:16:00,49.38053801169591
2025-06-12 19:11:00,79.9
2025-06-12 16:33:00,49.38053801169591
2025-06-12 18:17:00,56.7
2025-06-12 16:29:00,49.38053801169591
2025-06-12 01:27:00,42.0
2025-06-12 17:08:00,23.7
2025-06-12 09:59:00,78.1
2025-06-12 13:11:00,67.3
2025-06-12 14:27:00,50.7
2025-06-12 04:42:00,9.3
2025-06-12 18:01:00,52.6
2025-06-12 08:52:00,43.6
2025-06-12 03:00:00,37.5
2025-06-12 11:17:00,29.3
2025-06-12 15:12:00,30.4
2025-06-12 10:30:00,62.5
2025-06-12 20:29:00,87.9
2025-06-12 05:30:00,87.8
2025-06-12 18:00:00,94.5
2025-06-12 01:18:00,59.3
2025-06-12 08:16:00,22.1
2025-06-12 09:53:00,49.38053801169591
2025-06-12 23:48:00,98.7
2025-06-12 19:20:00,49.38053801169591
2025-06-12 01:43:00,44.7
2025-06-12 03:24:00,66.0
2025-06-12 07:05:00,22.7
2025-06-12 02:43:00,17.5
2025-06-12 12:44:00,49.38053801169591
2025-06-12 22:20:00,71.5
2025-06-12 07:32:00,50.4
2025-06-12 04:31:00,80.3
2025-06-12 08:20:00,88.9
2025-06-12 07:12:00,51.0
2025-06-12 04:20:00,39.6
2025-06-12 17:45:00,49.38053801169591
2025-06-12 05:35:00,11.3
2025-06-12 00:51:00,86.0
2025-06-12 21:06:00,33.0
2025-06-12 05:12:00,63.0
2025-06-12 07:17:00,7.2
2025-06-12 15:47:00,6.8
2025-06-12 11:59:00,39.7
2025-06-12 05:31:00,1.7
2025-06-12 11:13:00,55.8
2025-06-12 16:42:00,49.38053801169591
2025-06-12 19:01:00,22.3
2025-06-12 03:41:00,32.0
2025-06-12 14:01:00,85.0
2025-06-12 14:52:00,39.4
2025-06-12 14:13:00,49.38053801169591
2025-06-12 01:49:00,49.38053801169591
2025-06-12 12:02:00,81.6
2025-06-12 16:52:00,79.6
2025-06-12 04:06:00,98.0
2025-06-12 19:59:00,7.6
2025-06-12 22:59:00,49.38053801169591
2025-06-12 03:40:00,49.38053801169591
2025-06-12 09:09:00,17.0
2025-06-12 05:52:00,31.4
2025-06-12 00:11:00,99.0
2025-06-12 00:25:00,92.0
2025-06-12 14:54:00,85.4
2025-06-12 18:45:00,52.2
2025-06-12 12:33:00,41.1
2025-06-12 17:55:00,26.4
2025-06-12 15:50:00,2.0
2025-06-12 01:56:00,63.5
2025-06-12 18:44:00,19.3
2025-06-12 23:24:00,28.3
2025-06-12 19:09:00,44.4
2025-06-12 16:12:00,49.38053801169591
2025-06-12 15:16:00,46.6
2025-06-12 05:11:00,44.4
2025-06-12 01:03:00,0.9
2025-06-12 23:30:00,44.6
2025-06-12 05:50:00,0.7
2025-06-12 13:06:00,17.6
2025-06-12 18:07:00,83.8
2025-06-12 10:51:00,80.2
2025-06-12 07:00:00,78.2
2025-06-12 07:58:00,24.6
2025-06-12 12:31:00,73.4
2025-06-12 08:36:00,25.3
2025-06-12 08:33:00,70.7
2025-06-12 23:39:00,50.4
2025-06-12 01:37:00,7.3
2025-06-12 00:26:00,84.9
2025-06-12 09:52:00,78.5
2025-06-12 17:47:00,61.1
2025-06-12 07:31:00,20.0
2025-06-12 11:45:00,57.0
2025-06-12 07:42:00,95.9
2025-06-12 20:53:00,57.5
2025-06-12 22:03:00,26.6
2025-06-12 05:48:00,0.8
2025-06-12 05:46:00,65.3
2025-06-12 11:03:00,92.4
2025-06-12 05:04:00,49.594186729301235
2025-06-12 07:59:00,26.3
2025-06-12 19:51:00,49.594186729301235
2025-06-12 00:54:00,99.5
2025-06-12 17:48:00,56.9
2025-06-12 21:11:00,38.5
2025-06-12 09:42:00,59.9
2025-06-12 16:14:00,14.1
2025-06-12 02:21:00,14.9
2025-06-12 19:41:00,77.3
2025-06-12 08:08:00,66.0
2025-06-12 13:29:00,49.594186729301235
2025-06-12 03:44:00,40.5
2025-06-12 02:40:00,79.6
2025-06-12 01:41:00,25.0
2025-06-12 11:59:00,43.8
2025-06-12 03:26:00,61.6
2025-06-12 06:37:00,48.5
2025-06-12 22:10:00,44.7
2025-06-12 07:50:00,39.3
2025-06-12 23:24:00,24.5
2025-06-12 23:04:00,32.1
2025-06-12 16:16:00,17.3
2025-06-12 04:13:00,56.7
2025-06-12 08:00:00,49.594186729301235
2025-06-12 11:17:00,86.9
2025-06-12 13:05:00,49.594186729301235
2025-06-12 19:05:00,14.4
2025-06-12 13:21:00,60.9
2025-06-12 14:51:00,15.4
2025-06-12 17:35:00,64.6
2025-06-12 13:24:00,85.7
2025-06-12 10:44:00,61.6
2025-06-12 22:11:00,76.2
2025-06-12 21:15:00,12.9
2025-06-12 10:52:00,69.3
2025-06-12 04:59:00,49.594186729301235
2025-06-12 10:35:00,52.4
2025-06-12 07:45:00,72.2
2025-06-12 19:04:00,54.4
2025-06-12 07:01:00,54.7
2025-06-12 23:36:00,70.8
2025-06-12 17:38:00,49.594186729301235
2025-06-12 10:26:00,49.594186729301235
2025-06-12 05:32:00,49.594186729301235
2025-06-12 09:27:00,93.0
2025-06-12 10:39:00,66.9
2025-06-12 16:55:00,28.3
2025-06-12 17:27:00,63.4
2025-06-12 14:46:00,0.9
2025-06-12 14:43:00,60.4
2025-06-12 15:15:00,13.2
2025-06-12 20:00:00,66.4
2025-06-12 10:50:00,71.5
2025-06-12 10:47:00,87.6
2025-06-12 02:13:00,44.5
2025-06-12 01:28:00,64.9
2025-06-12 23:31:00,1.7
2025-06-12 16:01:00,26.7
2025-06-12 03:13:00,28.4
2025-06-12 01:52:00,49.594186729301235
2025-06-12 02:56:00,1.6
2025-06-12 13:51:00,86.3
2025-06-12 23:33:00,9.4
2025-06-12 16:58:00,14.2
2025-06-12 15:54:00,92.4
2025-06-12 11:38:00,11.7
2025-06-12 09:58:00,49.594186729301235
2025-06-12 21:28:00,32.4
2025-06-12 22:05:00,49.594186729301235
2025-06-12 03:42:00,49.594186729301235
2025-06-12 17:46:00,43.5
2025-06-12 12:07:00,67.8
2025-06-12 14:08:00,49.594186729301235
2025-06-12 08:52:00,50.9
2025-06-12 06:59:00,0.8
2025-06-12 21:27:00,5.2
2025-06-12 09:45:00,49.594186729301235
2025-06-12 08:03:00,49.594186729301235
2025-06-12 17:33:00,49.594186729301235
2025-06-12 02:11:00,64.3
2025-06-12 23:09:00,96.1
2025-06-12 02:18:00,0.5
2025-06-12 16:24:00,62.2
2025-06-12 00:10:00,41.4
2025-06-12 06:54:00,1.5
2025-06-12 05:22:00,49.594186729301235
2025-06-12 23:52:00,90.8
2025-06-12 00:16:00,72.5
2025-06-12 02:58:00,81.1
2025-06-12 05:19:00,56.4
2025-06-12 11:54:00,50.5
2025-06-12 08:18:00,80.6
2025-06-12 22:29:00,74.3
2025-06-12 01:57:00,83.1
2025-06-12 09:05:00,49.594186729301235
2025-06-12 09:49:00,48.7
2025-06-12 10:59:00,49.4
2025-06-12 00:11:00,23.2
2025-06-12 13:30:00,32.1
2025-06-12 12:01:00,99.6
2025-06-12 22:54:00,78.3
2025-06-12 02:37:00,2.7
2025-06-12 06:02:00,7.0
2025-06-12 22:38:00,27.8
2025-06-12 03:14:00,82.4
2025-06-12 22:37:00,49.594186729301235
2025-06-12 10:14:00,21.3
2025-06-12 14:39:00,91.9
2025-06-12 09:43:00,36.8
2025-06-12 07:36:00,26.7
2025-06-12 16:39:00,60.6
2025-06-12 04:30:00,55.9
2025-06-12 10:22:00,10.7
2025-06-12 15:29:00,50.3
2025-06-12 21:17:00,79.0
2025-06-12 07:23:00,20.0
2025-06-12 02:52:00,71.6
2025-06-12 11:02:00,49.594186729301235
2025-06-12 18:24:00,86.3
2025-06-12 00:21:00,39.1
2025-06-12 19:46:00,54.8
2025-06-12 07:09:00,18.4
2025-06-12 04:45:00,95.4
2025-06-12 10:55:00,42.3
2025-06-12 03:27:00,17.6
2025-06-12 06:01:00,12.8
2025-06-12 13:02:00,49.594186729301235
2025-06-12 21:34:00,5.3
2025-06-12 13:18:00,88.5
2025-06-12 00:08:00,72.2
2025-06-12 14:30:00,49.594186729301235
2025-06-12 02:02:00,18.3
2025-06-12 00:33:00,43.6
2025-06-12 00:23:00,1.4
2025-06-12 12:14:00,54.3
2025-06-12 11:55:00,65.9
2025-06-12 19:56:00,18.0
2025-06-12 13:28:00,49.594186729301235
2025-06-12 00:43:00,63.9
2025-06-12 15:06:00,35.9
2025-06-12 03:57:00,38.2
2025-06-12 02:43:00,7.7
2025-06-12 08:54:00,77.0
2025-06-12 10:51:00,49.594186729301235
2025-06-12 21:23:00,90.4
2025-06-12 02:03:00,55.0
2025-06-12 04:58:00,49.594186729301235
2025-06-12 17:00:00,8.2
2025-06-12 20:26:00,70.9
2025-06-12 19:49:00,57.5
2025-06-12 14:50:00,8.6
2025-06-12 14:56:00,24.7
2025-06-12 18:35:00,24.3
2025-06-12 01:04:00,66.4
2025-06-12 02:08:00,62.9
2025-06-12 21:42:00,93.1
2025-06-12 10:45:00,87.6
2025-06-12 05:55:00,23.6
2025-06-12 13:03:00,68.8
2025-06-12 16:08:00,66.3
2025-06-12 04:04:00,63.8
2025-06-12 00:37:00,66.7
2025-06-12 02:29:00,88.5
2025-06-12 08:47:00,49.594186729301235
2025-06-12 14:25:00,40.4
2025-06-12 20:06:00,76.4
2025-06-12 04:52:00,52.5
2025-06-12 17:30:00,82.1
2025-06-12 16:56:00,31.6
2025-06-12 20:29:00,33.5
2025-06-12 00:51:00,90.9
2025-06-12 06:53:00,51.1
2025-06-12 06:48:00,64.4
2025-06-12 15:01:00,25.8
2025-06-12 08:32:00,20.2
2025-06-12 13:14:00,37.8
2025-06-12 19:34:00,4.4
2025-06-12 20:57:00,12.6
2025-06-12 04:39:00,49.594186729301235
2025-06-12 23:12:00,6.1
2025-06-12 01:54:00,98.1
2025-06-12 23:14:00,6.6
2025-06-12 17:18:00,49.594186729301235
2025-06-12 19:07:00,34.4
2025-06-12 20:32:00,76.6
2025-06-12 07:10:00,81.5
2025-06-12 09:35:00,63.2
2025-06-12 01:49:00,31.2
2025-06-12 21:26:00,49.594186729301235
2025-06-12 11:36:00,15.2
2025-06-12 11:31:00,91.9
2025-06-12 20:36:00,1.4
2025-06-12 14:49:00,66.3
2025-06-12 16:48:00,78.8
2025-06-12 18:08:00,87.7
2025-06-12 02:17:00,49.594186729301235
2025-06-12 06:17:00,54.3
2025-06-12 15:30:00,87.8
2025-06-12 01:20:00,79.4
2025-06-12 21:44:00,55.6
2025-06-12 02:15:00,99.9
2025-06-12 02:30:00,28.9
2025-06-12 11:40:00,53.7
2025-06-12 22:40:00,26.7
2025-06-12 14:31:00,58.0
2025-06-12 04:10:00,86.6
2025-06-12 14:42:00,49.594186729301235
2025-06-12 02:39:00,46.5
2025-06-12 16:07:00,35.7
2025-06-12 16:22:00,83.3
2025-06-12 20:38:00,49.594186729301235
2025-06-12 11:58:00,49.594186729301235
2025-06-12 17:15:00,44.1
2025-06-12 16:30:00,0.2
2025-06-12 11:00:00,55.4
2025-06-12 20:07:00,50.3
2025-06-12 17:23:00,22.8
2025-06-12 22:50:00,17.6
2025-06-12 06:10:00,87.4
2025-06-12 12:50:00,43.0
2025-06-12 12:20:00,92.1
2025-06-12 14:35:00,40.4
2025-06-12 17:05:00,96.6
2025-06-12 05:15:00,27.5
2025-06-12 11:05:00,16.8
2025-06-12 21:05:00,24.0
2025-06-12 12:18:00,20.5
2025-06-12 06:19:00,33.9
2025-06-12 18:43:00,94.6
2025-06-12 14:21:00,8.7
2025-06-12 08:09:00,27.7
2025-06-12 07:48:00,96.6
2025-06-12 21:38:00,49.594186729301235
2025-06-12 10:18:00,44.1
2025-06-12 00:42:00,91.3
2025-06-12 05:02:00,77.5
2025-06-12 12:51:00,99.1
2025-06-12 13:52:00,49.594186729301235
2025-06-12 18:56:00,8.0
2025-06-12 12:00:00,0.4
2025-06-12 00:46:00,69.2
2025-06-12 00:03:00,49.3
2025-06-12 00:31:00,17.2
2025-06-12 09:30:00,74.5
2025-06-12 02:26:00,20.7
2025-06-12 20:42:00,98.4
2025-06-12 12:43:00,49.594186729301235
2025-06-12 19:48:00,21.4
2025-06-12 01:31:00,46.3
2025-06-12 03:38:00,94.3
2025-06-12 01:19:00,83.3
2025-06-12 17:52:00,98.1
2025-06-12 00:41:00,14.6
2025-06-12 02:31:00,49.594186729301235
2025-06-12 08:46:00,41.8
2025-06-12 19:35:00,83.3
2025-06-12 17:41:00,2.4
2025-06-12 05:40:00,67.3
2025-06-12 13:12:00,49.594186729301235
2025-06-12 10:49:00,49.594186729301235
2025-06-12 22:31:00,12.9
2025-06-12 15:22:00,56.9
2025-06-12 13:33:00,49.594186729301235
2025-06-12 13:32:00,34.9
2025-06-12 12:21:00,23.0
2025-06-12 22:13:00,87.2
2025-06-12 22:48:00,50.03812089971884
2025-06-12 09:51:00,50.03812089971884
2025-06-12 01:38:00,96.1
2025-06-12 15:59:00,50.03812089971884
2025-06-12 23:56:00,50.03812089971884
2025-06-12 00:16:00,28.8
2025-06-12 15:02:00,60.7
2025-06-12 05:01:00,84.0
2025-06-12 18:31:00,24.9
2025-06-12 10:30:00,50.03812089971884
2025-06-12 07:07:00,91.0
2025-06-12 00:00:00,12.2
2025-06-12 10:49:00,89.1
2025-06-12 10:01:00,5.4
2025-06-12 22:58:00,94.8
2025-06-12 23:14:00,16.1
2025-06-12 13:42:00,50.03812089971884
2025-06-12 12:56:00,60.6
2025-06-12 13:21:00,96.1
2025-06-12 22:54:00,80.6
2025-06-12 14:30:00,50.03812089971884
2025-06-12 16:14:00,80.5
2025-06-12 22:32:00,44.6
2025-06-12 04:38:00,50.03812089971884
2025-06-12 15:32:00,27.8
2025-06-12 10:17:00,62.9
2025-06-12 06:57:00,47.8
2025-06-12 04:33:00,89.3
2025-06-12 04:45:00,41.6
2025-06-12 01:53:00,74.4
2025-06-12 00:49:00,23.3
2025-06-12 16:12:00,69.4
2025-06-12 11:50:00,80.4
2025-06-12 21:59:00,78.7
2025-06-12 19:53:00,5.6
2025-06-12 10:44:00,50.03812089971884
2025-06-12 04:07:00,49.3
2025-06-12 06:35:00,50.03812089971884
2025-06-12 12:49:00,50.03812089971884
2025-06-12 07:12:00,58.8
2025-06-12 08:06:00,18.9
2025-06-12 06:49:00,50.03812089971884
2025-06-12 19:18:00,50.03812089971884
2025-06-12 05:16:00,61.3
2025-06-12 12:14:00,36.6
2025-06-12 05:02:00,74.0
2025-06-12 13:03:00,68.9
2025-06-12 08:04:00,12.5
2025-06-12 02:32:00,13.3
2025-06-12 00:42:00,37.2
2025-06-12 09:32:00,40.0
2025-06-12 09:45:00,56.2
2025-06-12 05:03:00,50.03812089971884
2025-06-12 02:42:00,82.4
2025-06-12 18:21:00,29.2
2025-06-12 18:55:00,38.5
2025-06-12 00:17:00,11.3
2025-06-12 17:45:00,19.8
2025-06-12 13:35:00,16.7
2025-06-12 16:30:00,33.9
2025-06-12 05:30:00,99.3
2025-06-12 22:15:00,57.3
2025-06-12 19:10:00,41.5
2025-06-12 22:08:00,30.3
2025-06-12 22:57:00,98.5
2025-06-12 07:36:00,41.9
2025-06-12 11:45:00,44.7
2025-06-12 12:31:00,75.3
2025-06-12 21:48:00,75.8
2025-06-12 03:24:00,74.9
2025-06-12 04:58:00,87.2
2025-06-12 12:24:00,50.03812089971884
2025-06-12 13:43:00,95.5
2025-06-12 00:28:00,47.2
2025-06-12 06:40:00,78.3
2025-06-12 08:45:00,50.03812089971884
2025-06-12 09:19:00,89.6
2025-06-12 00:32:00,64.3
2025-06-12 04:31:00,97.7
2025-06-12 11:18:00,69.0
2025-06-12 02:00:00,35.0
2025-06-12 18:01:00,9.9
2025-06-12 18:52:00,50.03812089971884
2025-06-12 04:22:00,18.2
2025-06-12 04:21:00,42.2
2025-06-12 05:42:00,50.03812089971884
2025-06-12 12:39:00,2.2
2025-06-12 20:41:00,82.8
2025-06-12 07:32:00,97.9
2025-06-12 22:49:00,83.4
2025-06-12 17:17:00,50.03812089971884
2025-06-12 11:26:00,50.2
2025-06-12 03:42:00,45.9
2025-06-12 21:26:00,50.03812089971884
2025-06-12 17:29:00,50.03812089971884
2025-06-12 11:01:00,11.4
2025-06-12 21:28:00,44.0
2025-06-12 20:02:00,44.3
2025-06-12 03:14:00,50.03812089971884
2025-06-12 03:23:00,88.8
2025-06-12 23:19:00,95.6
2025-06-12 04:35:00,50.03812089971884
2025-06-12 11:51:00,50.03812089971884
2025-06-12 23:49:00,95.2
2025-06-12 10:39:00,52.4
2025-06-12 04:08:00,50.03812089971884
2025-06-12 19:32:00,91.3
2025-06-12 08:03:00,50.03812089971884
2025-06-12 06:04:00,50.03812089971884
2025-06-12 09:34:00,77.1
2025-06-12 19:12:00,50.03812089971884
2025-06-12 16:45:00,64.6
2025-06-12 07:30:00,96.4
2025-06-12 08:46:00,60.4
2025-06-12 16:16:00,50.03812089971884
2025-06-12 23:18:00,6.3
2025-06-12 18:47:00,16.2
2025-06-12 06:21:00,92.6
2025-06-12 11:17:00,59.1
2025-06-12 06:42:00,50.03812089971884
2025-06-12 04:01:00,25.6
2025-06-12 04:20:00,77.8
2025-06-12 02:19:00,32.8
2025-06-12 20:40:00,7.8
2025-06-12 01:32:00,80.8
2025-06-12 18:34:00,68.2
2025-06-12 03:03:00,50.03812089971884
2025-06-12 03:28:00,50.03812089971884
2025-06-12 19:14:00,29.5
2025-06-12 20:10:00,1.7
2025-06-12 11:35:00,50.03812089971884
2025-06-12 07:39:00,42.9
2025-06-12 17:59:00,52.1
2025-06-12 15:28:00,67.0
2025-06-12 21:42:00,71.3
2025-06-12 01:31:00,67.1
2025-06-12 07:04:00,99.5
2025-06-12 22:04:00,78.0
2025-06-12 00:03:00,24.9
2025-06-12 10:48:00,55.1
2025-06-12 20:47:00,92.6
2025-06-12 08:24:00,18.4
2025-06-12 19:45:00,55.0
2025-06-12 07:38:00,13.4
2025-06-12 08:56:00,31.7
2025-06-12 10:59:00,22.5
2025-06-12 02:14:00,52.9
2025-06-12 14:59:00,63.2
2025-06-12 18:04:00,50.03812089971884
2025-06-12 20:29:00,12.7
2025-06-12 06:26:00,38.3
2025-06-12 02:38:00,16.8
2025-06-12 03:31:00,83.5
2025-06-12 10:12:00,73.0
2025-06-12 05:15:00,3.1
2025-06-12 02:37:00,50.03812089971884
2025-06-12 20:27:00,56.1
2025-06-12 14:39:00,22.2
2025-06-12 20:26:00,19.1
2025-06-12 19:43:00,17.6
2025-06-12 22:16:00,73.4
2025-06-12 02:47:00,32.1
2025-06-12 13:34:00,22.6
2025-06-12 21:54:00,52.6
2025-06-12 01:29:00,83.9
2025-06-12 14:20:00,80.6
2025-06-12 13:41:00,3.5
2025-06-12 02:18:00,73.4
2025-06-12 09:43:00,5.5
2025-06-12 21:53:00,87.5
2025-06-12 02:58:00,96.2
2025-06-12 01:20:00,81.3
2025-06-12 08:11:00,52.4
2025-06-12 17:36:00,50.03812089971884
2025-06-12 06:07:00,16.1
2025-06-12 02:15:00,73.9
2025-06-12 14:27:00,3.4
2025-06-12 23:46:00,31.5
2025-06-12 18:45:00,10.0
2025-06-12 09:24:00,30.5
2025-06-12 17:16:00,62.3
2025-06-12 19:28:00,27.3
2025-06-12 14:08:00,50.03812089971884
2025-06-12 21:44:00,68.4
2025-06-12 05:08:00,71.5
2025-06-12 15:50:00,2.0
2025-06-12 12:02:00,59.5
2025-06-12 11:30:00,81.1
2025-06-12 17:37:00,32.7
2025-06-12 06:55:00,0.4
2025-06-12 20:34:00,94.6
2025-06-12 03:59:00,89.7
2025-06-12 13:48:00,50.03812089971884
2025-06-12 03:55:00,99.0
2025-06-12 07:19:00,42.8
2025-06-12 05:50:00,46.3
2025-06-12 11:42:00,84.6
2025-06-12 15:39:00,86.1
2025-06-12 07:47:00,56.6
2025-06-12 06:52:00,79.9
2025-06-12 02:29:00,3.8
2025-06-12 19:33:00,73.7
2025-06-12 21:02:00,59.2
2025-06-12 07:21:00,13.3
2025-06-12 12:58:00,95.4
2025-06-12 15:25:00,28.7
2025-06-12 15:57:00,32.7
2025-06-12 03:33:00,19.3
2025-06-12 01:03:00,18.4
2025-06-12 23:52:00,50.03812089971884
2025-06-12 01:04:00,42.2
2025-06-12 07:57:00,20.7
2025-06-12 18:11:00,29.2
2025-06-12 12:53:00,94.2
2025-06-12 02:12:00,92.3
2025-06-12 09:52:00,50.03812089971884
2025-06-12 13:19:00,79.0
2025-06-12 11:28:00,50.03812089971884
2025-06-12 12:09:00,79.7
2025-06-12 18:26:00,58.8
2025-06-12 03:12:00,50.03812089971884
2025-06-12 06:01:00,99.1
2025-06-12 17:28:00,59.8
2025-06-12 06:25:00,26.2
2025-06-12 14:42:00,59.5
2025-06-12 18:14:00,50.03812089971884
2025-06-12 16:42:00,73.3
2025-06-12 00:21:00,5.3
2025-06-12 14:46:00,38.0
2025-06-12 16:23:00,89.1
2025-06-12 22:02:00,89.9
2025-06-12 17:33:00,49.0
2025-06-12 14:56:00,3.7
2025-06-12 22:18:00,70.8
2025-06-12 18:13:00,63.2
2025-06-12 22:13:00,82.4
2025-06-12 01:12:00,90.9
2025-06-12 08:08:00,55.5
2025-06-12 17:12:00,72.3
2025-06-12 18:16:00,53.9
2025-06-12 12:28:00,5.7
2025-06-12 12:46:00,34.7
2025-06-12 14:36:00,70.9
2025-06-12 08:30:00,28.0
2025-06-12 06:39:00,50.03812089971884
2025-06-12 11:53:00,97.8
2025-06-12 13:00:00,98.7
2025-06-12 21:07:00,60.5
2025-06-12 15:11:00,78.7
2025-06-12 15:24:00,23.5
2025-06-12 04:06:00,62.6
2025-06-12 02:11:00,82.6
2025-06-12 11:16:00,29.2
2025-06-12 16:29:00,18.8
2025-06-12 11:13:00,16.6
2025-06-12 14:14:00,74.3
2025-06-12 07:31:00,33.7
2025-06-12 10:25:00,43.9
2025-06-12 12:15:00,28.4
2025-06-12 14:52:00,74.1
2025-06-12 12:41:00,21.5
2025-06-12 14:58:00,7.9
2025-06-12 11:31:00,88.9
2025-06-12 18:42:00,30.2
2025-06-12 08:43:00,30.9
2025-06-12 04:11:00,20.1
2025-06-12 00:57:00,77.4
2025-06-12 12:07:00,18.7
2025-06-12 02:05:00,60.1
2025-06-12 21:36:00,26.4
2025-06-12 05:26:00,46.2
2025-06-12 08:13:00,58.4
2025-06-12 08:26:00,1.7
2025-06-12 13:07:00,41.3
2025-06-12 18:24:00,74.1
2025-06-12 18:39:00,53.8
2025-06-12 20:28:00,0.7
2025-06-12 01:23:00,50.03812089971884
2025-06-12 12:00:00,50.03812089971884
2025-06-12 02:08:00,88.9
2025-06-12 19:23:00,65.9
2025-06-12 07:05:00,31.4
2025-06-12 23:07:00,6.3
2025-06-12 15:14:00,50.03812089971884
2025-06-12 10:14:00,92.1
2025-06-12 08:33:00,40.2
2025-06-12 00:20:00,50.03812089971884
2025-06-12 19:22:00,28.1
2025-06-12 01:43:00,62.1
2025-06-12 11:15:00,53.3
2025-06-12 05:27:00,50.03812089971884
2025-06-12 09:09:00,23.1
2025-06-12 03:30:00,0.4
2025-06-12 14:34:00,40.4
2025-06-12 19:13:00,78.1
2025-06-12 23:02:00,40.6
2025-06-12 00:40:00,68.6
2025-06-12 20:55:00,64.7
2025-06-12 07:41:00,46.9
2025-06-12 06:54:00,15.5
2025-06-12 03:08:00,50.03812089971884
2025-06-12 11:15:00,65.7
2025-06-12 11:55:00,87.9
2025-06-12 17:33:00,4.6
2025-06-12 05:35:00,49.697634180790956
2025-06-12 13:40:00,84.1
2025-06-12 14:09:00,49.697634180790956
2025-06-12 06:32:00,59.4
2025-06-12 21:26:00,78.5
2025-06-12 08:56:00,8.8
2025-06-12 15:24:00,30.9
2025-06-12 19:47:00,49.697634180790956
2025-06-12 08:31:00,54.7
2025-06-12 10:55:00,93.1
2025-06-12 13:53:00,58.8
2025-06-12 16:16:00,89.3
2025-06-12 00:37:00,76.7
2025-06-12 06:35:00,33.3
2025-06-12 08:42:00,7.0
2025-06-12 20:52:00,49.697634180790956
2025-06-12 21:25:00,75.2
2025-06-12 11:36:00,15.8
2025-06-12 16:27:00,49.6
2025-06-12 09:06:00,78.0
2025-06-12 11:17:00,55.4
2025-06-12 21:10:00,63.9
2025-06-12 09:24:00,25.9
2025-06-12 06:48:00,60.8
2025-06-12 09:14:00,79.3
2025-06-12 23:09:00,6.8
2025-06-12 23:04:00,92.1
2025-06-12 20:37:00,61.5
2025-06-12 22:19:00,48.1
2025-06-12 17:13:00,36.3
2025-06-12 22:08:00,81.4
2025-06-12 04:40:00,96.4
2025-06-12 13:49:00,48.7
2025-06-12 22:25:00,83.0
2025-06-12 08:13:00,25.7
2025-06-12 04:09:00,82.4
2025-06-12 18:37:00,10.3
2025-06-12 15:54:00,79.5
2025-06-12 01:39:00,49.697634180790956
2025-06-12 22:31:00,12.3
2025-06-12 19:03:00,36.2
2025-06-12 17:39:00,95.9
2025-06-12 18:22:00,40.8
2025-06-12 20:44:00,74.9
2025-06-12 10:30:00,98.4
2025-06-12 21:55:00,67.9
2025-06-12 20:50:00,22.6
2025-06-12 01:26:00,40.3
2025-06-12 01:34:00,5.2
2025-06-12 07:58:00,49.697634180790956
2025-06-12 03:33:00,95.9
2025-06-12 03:52:00,11.8
2025-06-12 04:04:00,48.9
2025-06-12 11:52:00,42.5
2025-06-12 01:38:00,88.9
2025-06-12 06:08:00,40.9
2025-06-12 01:27:00,68.0
2025-06-12 02:10:00,20.2
2025-06-12 19:19:00,49.697634180790956
2025-06-12 19:37:00,76.7
2025-06-12 08:19:00,3.6
2025-06-12 08:12:00,96.7
2025-06-12 23:37:00,5.9
2025-06-12 17:06:00,35.8
2025-06-12 06:51:00,49.697634180790956
2025-06-12 10:47:00,98.2
2025-06-12 14:56:00,34.9
2025-06-12 16:47:00,60.1
2025-06-12 18:10:00,29.0
2025-06-12 02:03:00,58.1
2025-06-12 21:06:00,73.2
2025-06-12 08:20:00,87.2
2025-06-12 05:12:00,53.9
2025-06-12 09:29:00,6.0
2025-06-12 11:32:00,85.4
2025-06-12 08:39:00,51.0
2025-06-12 15:52:00,42.2
2025-06-12 00:33:00,11.8
2025-06-12 21:08:00,60.6
2025-06-12 09:48:00,36.7
2025-06-12 12:32:00,0.1
2025-06-12 23:17:00,89.1
2025-06-12 01:24:00,74.5
2025-06-12 04:16:00,28.1
2025-06-12 06:30:00,54.9
2025-06-12 03:37:00,53.4
2025-06-12 17:12:00,64.8
2025-06-12 06:50:00,49.697634180790956
2025-06-12 09:07:00,49.697634180790956
2025-06-12 06:20:00,95.8
2025-06-12 21:16:00,21.6
2025-06-12 19:39:00,94.7
2025-06-12 14:05:00,75.7
2025-06-12 05:07:00,18.6
2025-06-12 08:44:00,3.3
2025-06-12 09:15:00,29.8
2025-06-12 03:22:00,55.0
2025-06-12 08:54:00,49.697634180790956
2025-06-12 00:02:00,49.697634180790956
2025-06-12 16:01:00,3.5
2025-06-12 22:21:00,63.0
2025-06-12 14:59:00,34.1
2025-06-12 18:00:00,26.4
2025-06-12 13:29:00,3.7
2025-06-12 11:51:00,75.2
2025-06-12 15:45:00,15.3
2025-06-12 19:36:00,5.2
2025-06-12 07:10:00,46.7
2025-06-12 01:55:00,11.8
2025-06-12 09:19:00,12.6
2025-06-12 01:13:00,49.697634180790956
2025-06-12 14:28:00,3.2
2025-06-12 01:06:00,29.4
2025-06-12 21:37:00,15.4
2025-06-12 14:43:00,29.1
2025-06-12 01:02:00,49.697634180790956
2025-06-12 09:20:00,35.8
2025-06-12 01:30:00,18.7
2025-06-12 09:55:00,83.2
2025-06-12 01:03:00,84.8
2025-06-12 13:41:00,41.6
2025-06-12 14:02:00,38.4
2025-06-12 01:50:00,84.5
2025-06-12 13:31:00,0.6
2025-06-12 03:02:00,49.697634180790956
2025-06-12 21:58:00,58.3
2025-06-12 09:23:00,49.697634180790956
2025-06-12 08:35:00,53.5
2025-06-12 14:12:00,88.0
2025-06-12 05:15:00,40.2
2025-06-12 13:35:00,94.8
2025-06-12 09:11:00,99.0
2025-06-12 17:47:00,69.6
2025-06-12 19:00:00,1.0
2025-06-12 05:23:00,74.9
2025-06-12 06:42:00,18.9
2025-06-12 04:45:00,60.6
2025-06-12 15:57:00,38.2
2025-06-12 16:32:00,18.3
2025-06-12 04:37:00,88.0
2025-06-12 12:43:00,41.2
2025-06-12 07:35:00,17.7
2025-06-12 12:26:00,49.697634180790956
2025-06-12 19:42:00,73.3
2025-06-12 08:03:00,97.4
2025-06-12 22:42:00,97.6
2025-06-12 21:17:00,63.9
2025-06-12 18:44:00,49.697634180790956
2025-06-12 09:39:00,45.4
2025-06-12 19:40:00,71.9
2025-06-12 18:26:00,41.8
2025-06-12 14:37:00,88.6
2025-06-12 23:10:00,5.0
2025-06-12 02:29:00,43.5
2025-06-12 22:36:00,50.6
2025-06-12 18:35:00,0.7
2025-06-12 19:56:00,12.7
2025-06-12 22:56:00,67.5
2025-06-12 06:14:00,61.9
2025-06-12 12:34:00,57.5
2025-06-12 06:17:00,7.3
2025-06-12 08:55:00,13.6
2025-06-12 02:47:00,49.697634180790956
2025-06-12 09:17:00,10.2
2025-06-12 03:17:00,62.9
2025-06-12 13:10:00,43.4
2025-06-12 11:37:00,62.0
2025-06-12 05:46:00,49.4
2025-06-12 08:17:00,44.4
2025-06-12 18:19:00,5.8
2025-06-12 02:23:00,84.5
2025-06-12 09:50:00,8.4
2025-06-12 03:56:00,78.5
2025-06-12 18:49:00,49.697634180790956
2025-06-12 14:24:00,71.3
2025-06-12 19:59:00,73.9
2025-06-12 08:32:00,30.0
2025-06-12 10:37:00,72.4
2025-06-12 17:20:00,97.5
2025-06-12 12:46:00,49.697634180790956
2025-06-12 23:11:00,49.697634180790956
2025-06-12 00:58:00,93.7
2025-06-12 18:11:00,49.697634180790956
2025-06-12 16:41:00,89.5
2025-06-12 12:15:00,82.1
2025-06-12 20:56:00,52.2
2025-06-12 10:43:00,43.2
2025-06-12 20:40:00,15.8
2025-06-12 08:49:00,42.6
2025-06-12 04:30:00,93.5
2025-06-12 20:21:00,7.6
2025-06-12 20:27:00,28.8
2025-06-12 12:41:00,21.2
2025-06-12 17:08:00,24.8
2025-06-12 06:28:00,49.697634180790956
2025-06-12 12:53:00,35.8
2025-06-12 16:10:00,49.697634180790956
2025-06-12 23:08:00,49.697634180790956
2025-06-12 18:02:00,3.7
2025-06-12 16:31:00,6.9
2025-06-12 16:58:00,55.5
2025-06-12 18:45:00,49.697634180790956
2025-06-12 23:36:00,57.1
2025-06-12 06:15:00,13.1
2025-06-12 14:27:00,94.5
2025-06-12 03:01:00,72.8
2025-06-12 13:21:00,28.7
2025-06-12 12:24:00,64.1
2025-06-12 09:58:00,25.8
2025-06-12 02:05:00,1.4
2025-06-12 07:15:00,1.8
2025-06-12 20:20:00,2.6
2025-06-12 13:50:00,46.9
2025-06-12 17:02:00,49.697634180790956
2025-06-12 00:34:00,49.697634180790956
2025-06-12 21:18:00,51.8
2025-06-12 13:47:00,33.7
2025-06-12 09:53:00,49.697634180790956
2025-06-12 10:56:00,75.6
2025-06-12 10:13:00,62.2
2025-06-12 08:50:00,46.1
2025-06-12 04:47:00,75.1
2025-06-12 10:28:00,24.5
2025-06-12 05:50:00,3.5
2025-06-12 15:47:00,49.697634180790956
2025-06-12 11:29:00,49.697634180790956
2025-06-12 11:50:00,70.5
2025-06-12 17:38:00,57.7
2025-06-12 22:59:00,64.9
2025-06-12 22:04:00,14.9
2025-06-12 18:32:00,23.4
2025-06-12 18:17:00,8.3
2025-06-12 18:43:00,41.5
2025-06-12 23:48:00,45.2
2025-06-12 23:23:00,55.1
2025-06-12 21:14:00,19.3
2025-06-12 14:14:00,4.6
2025-06-12 04:53:00,73.6
2025-06-12 15:27:00,84.9
2025-06-12 11:08:00,99.3
2025-06-12 23:43:00,80.8
2025-06-12 15:10:00,28.6
2025-06-12 18:14:00,75.0
2025-06-12 14:51:00,49.697634180790956
2025-06-12 19:16:00,15.6
2025-06-12 15:23:00,83.2
2025-06-12 12:59:00,76.6
2025-06-12 07:19:00,48.4
2025-06-12 21:03:00,49.697634180790956
2025-06-12 19:55:00,29.1
2025-06-12 20:57:00,19.4
2025-06-12 22:14:00,74.1
2025-06-12 16:37:00,12.7
2025-06-12 17:17:00,89.8
2025-06-12 05:05:00,13.6
2025-06-12 09:09:00,36.8
2025-06-12 07:21:00,49.697634180790956
2025-06-12 15:15:00,49.697634180790956
2025-06-12 22:48:00,56.6
2025-06-12 09:31:00,52.2
2025-06-12 15:03:00,11.6
2025-06-12 13:22:00,45.7
2025-06-12 14:52:00,48.6
2025-06-12 11:34:00,5.6
2025-06-12 03:19:00,47.0
2025-06-12 00:42:00,52.2
2025-06-12 20:00:00,49.697634180790956
2025-06-12 10:15:00,84.0
2025-06-12 17:48:00,60.0
2025-06-12 23:30:00,37.9
2025-06-12 08:43:00,13.4
2025-06-12 12:25:00,76.8
2025-06-12 13:46:00,81.3
2025-06-12 10:35:00,88.4
2025-06-12 07:33:00,96.8
2025-06-12 11:06:00,88.2
2025-06-12 09:10:00,49.697634180790956
2025-06-12 23:25:00,81.5
2025-06-12 14:04:00,9.1
2025-06-12 17:54:00,65.7
2025-06-12 13:04:00,80.2
2025-06-12 18:09:00,15.3
2025-06-12 03:18:00,66.0
2025-06-12 14:55:00,36.6
2025-06-12 10:07:00,49.697634180790956
2025-06-12 06:34:00,74.5
2025-06-12 17:04:00,79.9
2025-06-12 09:02:00,64.9
2025-06-12 17:43:00,49.697634180790956
2025-06-12 23:09:00,95.4
2025-06-12 09:37:00,49.81454693687398
2025-06-12 01:06:00,84.7
2025-06-12 18:30:00,11.8
2025-06-12 05:25:00,30.0
2025-06-12 03:26:00,75.8
2025-06-12 12:10:00,84.4
2025-06-12 14:17:00,11.6
2025-06-12 23:27:00,89.6
2025-06-12 09:01:00,29.8
2025-06-12 18:55:00,47.4
2025-06-12 10:41:00,21.0
2025-06-12 15:27:00,37.8
2025-06-12 05:27:00,16.4
2025-06-12 02:04:00,96.2
2025-06-12 08:19:00,30.9
2025-06-12 19:27:00,95.5
2025-06-12 05:35:00,77.1
2025-06-12 20:09:00,68.5
2025-06-12 12:08:00,32.2
2025-06-12 06:55:00,49.81454693687398
2025-06-12 21:48:00,66.1
2025-06-12 03:33:00,53.8
2025-06-12 11:48:00,49.81454693687398
2025-06-12 03:19:00,70.7
2025-06-12 16:26:00,18.3
2025-06-12 06:45:00,71.9
2025-06-12 00:07:00,18.8
2025-06-12 18:09:00,2.3
2025-06-12 03:06:00,63.0
2025-06-12 21:11:00,80.0
2025-06-12 02:51:00,99.7
2025-06-12 02:33:00,10.9
2025-06-12 01:29:00,86.4
2025-06-12 08:20:00,49.81454693687398
2025-06-12 16:08:00,19.0
2025-06-12 07:56:00,92.5
2025-06-12 02:11:00,21.8
2025-06-12 08:47:00,36.4
2025-06-12 00:41:00,15.7
2025-06-12 02:26:00,7.9
2025-06-12 18:44:00,10.4
2025-06-12 16:37:00,73.2
2025-06-12 11:27:00,12.8
2025-06-12 18:45:00,19.2
2025-06-12 10:10:00,40.7
2025-06-12 21:51:00,76.8
2025-06-12 17:25:00,60.5
2025-06-12 00:57:00,17.0
2025-06-12 19:54:00,15.6
2025-06-12 06:57:00,6.2
2025-06-12 16:28:00,15.2
2025-06-12 16:00:00,47.3
2025-06-12 15:10:00,58.1
2025-06-12 16:51:00,7.0
2025-06-12 10:46:00,72.4
2025-06-12 12:06:00,95.5
2025-06-12 18:54:00,35.3
2025-06-12 12:20:00,10.4
2025-06-12 10:00:00,49.81454693687398
2025-06-12 03:39:00,4.2
2025-06-12 01:01:00,49.81454693687398
2025-06-12 03:34:00,25.0
2025-06-12 13:28:00,42.5
2025-06-12 23:49:00,5.1
2025-06-12 08:26:00,66.4
2025-06-12 19:05:00,79.3
2025-06-12 20:00:00,0.9
2025-06-12 04:23:00,96.0
2025-06-12 07:59:00,25.3
2025-06-12 05:53:00,62.1
2025-06-12 22:18:00,13.4
2025-06-12 19:08:00,85.1
2025-06-12 00:23:00,49.6
2025-06-12 13:35:00,52.4
2025-06-12 08:45:00,1.6
2025-06-12 03:00:00,31.0
2025-06-12 18:48:00,27.3
2025-06-12 11:52:00,11.6
2025-06-12 08:08:00,33.0
2025-06-12 16:23:00,49.81454693687398
2025-06-12 09:23:00,49.81454693687398
2025-06-12 03:21:00,98.9
2025-06-12 08:21:00,12.4
2025-06-12 08:31:00,94.0
2025-06-12 19:37:00,1.1
2025-06-12 02:21:00,80.2
2025-06-12 06:09:00,62.0
2025-06-12 19:24:00,37.7
2025-06-12 08:07:00,18.9
2025-06-12 18:40:00,12.0
2025-06-12 22:02:00,38.9
2025-06-12 16:56:00,42.7
2025-06-12 04:31:00,89.4
2025-06-12 04:22:00,16.6
2025-06-12 17:56:00,16.2
2025-06-12 22:34:00,71.4
2025-06-12 16:31:00,36.5
2025-06-12 19:29:00,49.81454693687398
2025-06-12 13:43:00,77.2
2025-06-12 19:57:00,81.5
2025-06-12 18:10:00,17.1
2025-06-12 00:19:00,72.0
2025-06-12 22:16:00,86.2
2025-06-12 17:24:00,79.7
2025-06-12 15:57:00,77.8
2025-06-12 06:11:00,53.4
2025-06-12 08:52:00,21.8
2025-06-12 15:37:00,29.8
2025-06-12 14:24:00,5.7
2025-06-12 02:15:00,86.4
2025-06-12 05:58:00,9.0
2025-06-12 14:52:00,49.81454693687398
2025-06-12 04:12:00,17.4
2025-06-12 13:38:00,33.4
2025-06-12 01:28:00,63.4
2025-06-12 20:57:00,25.3
2025-06-12 17:03:00,49.81454693687398
2025-06-12 21:55:00,49.81454693687398
2025-06-12 14:19:00,49.81454693687398
2025-06-12 22:13:00,49.81454693687398
2025-06-12 05:06:00,86.3
2025-06-12 02:53:00,10.6
2025-06-12 00:54:00,36.7
2025-06-12 02:20:00,52.0
2025-06-12 04:55:00,15.0
2025-06-12 21:09:00,24.0
2025-06-12 13:09:00,23.7
2025-06-12 15:36:00,40.8
2025-06-12 00:47:00,74.1
2025-06-12 15:44:00,77.0
2025-06-12 03:36:00,14.5
2025-06-12 09:36:00,7.1
2025-06-12 21:40:00,24.0
2025-06-12 18:39:00,49.81454693687398
2025-06-12 04:18:00,39.0
2025-06-12 19:42:00,48.0
2025-06-12 20:36:00,44.1
2025-06-12 08:15:00,49.81454693687398
2025-06-12 07:34:00,16.5
2025-06-12 04:24:00,49.81454693687398
2025-06-12 00:22:00,90.0
2025-06-12 00:50:00,30.7
2025-06-12 16:34:00,69.4
2025-06-12 07:29:00,0.7
2025-06-12 13:27:00,64.2
2025-06-12 04:27:00,33.4
2025-06-12 06:44:00,49.81454693687398
2025-06-12 17:14:00,6.3
2025-06-12 21:36:00,16.7
2025-06-12 21:22:00,49.81454693687398
2025-06-12 02:39:00,74.5
2025-06-12 12:13:00,74.5
2025-06-12 04:37:00,49.81454693687398
2025-06-12 11:32:00,95.4
2025-06-12 21:12:00,21.6
2025-06-12 04:15:00,99.5
2025-06-12 12:48:00,30.6
2025-06-12 00:14:00,69.8
2025-06-12 04:07:00,26.5
2025-06-12 10:34:00,83.9
2025-06-12 11:35:00,34.1
2025-06-12 19:22:00,94.2
2025-06-12 05:18:00,19.5
2025-06-12 05:37:00,23.5
2025-06-12 22:39:00,37.9
2025-06-12 16:27:00,18.9
2025-06-12 13:40:00,49.81454693687398
2025-06-12 01:09:00,36.6
2025-06-12 03:29:00,32.6
2025-06-12 16:11:00,26.1
2025-06-12 22:40:00,3.7
2025-06-12 16:20:00,49.81454693687398
2025-06-12 22:35:00,71.2
2025-06-12 01:15:00,54.7
2025-06-12 17:15:00,96.9
2025-06-12 07:16:00,5.8
2025-06-12 06:37:00,81.0
2025-06-12 23:47:00,45.9
2025-06-12 10:31:00,37.4
2025-06-12 09:30:00,9.0
2025-06-12 15:16:00,87.7
2025-06-12 01:25:00,29.3
2025-06-12 02:14:00,49.81454693687398
2025-06-12 12:07:00,18.0
2025-06-12 16:36:00,49.81454693687398
2025-06-12 23:57:00,60.2
2025-06-12 17:49:00,33.0
2025-06-12 08:50:00,49.81454693687398
2025-06-12 07:48:00,22.9
2025-06-12 02:34:00,81.1
2025-06-12 13:54:00,55.5
2025-06-12 17:26:00,95.1
2025-06-12 14:07:00,49.81454693687398
2025-06-12 09:51:00,60.3
2025-06-12 21:21:00,26.3
2025-06-12 18:07:00,10.1
2025-06-12 23:38:00,1.0
2025-06-12 06:59:00,49.81454693687398
2025-06-12 06:53:00,55.8
2025-06-12 17:01:00,62.3
2025-06-12 04:58:00,24.4
2025-06-12 19:51:00,4.8
2025-06-12 23:48:00,7.5
2025-06-12 07:46:00,7.3
2025-06-12 19:25:00,17.9
2025-06-12 01:31:00,6.0
2025-06-12 13:21:00,35.4
2025-06-12 15:02:00,36.0
2025-06-12 00:34:00,70.7
2025-06-12 15:20:00,15.9
2025-06-12 05:45:00,12.1
2025-06-12 10:38:00,51.7
2025-06-12 01:49:00,49.81454693687398
2025-06-12 06:51:00,49.81454693687398
2025-06-12 21:32:00,30.7
2025-06-12 13:51:00,58.6
2025-06-12 23:35:00,68.2
2025-06-12 18:41:00,73.9
2025-06-12 13:49:00,28.1
2025-06-12 04:05:00,9.3
2025-06-12 21:53:00,60.0
2025-06-12 21:44:00,26.1
2025-06-12 15:45:00,76.5
2025-06-12 18:34:00,14.6
2025-06-12 20:24:00,87.9
2025-06-12 00:45:00,94.2
2025-06-12 21:18:00,49.81454693687398
2025-06-12 22:20:00,40.6
2025-06-12 21:03:00,81.7
2025-06-12 07:10:00,49.1
2025-06-12 22:56:00,49.3
2025-06-12 09:17:00,52.7
2025-06-12 06:15:00,19.5
2025-06-12 22:51:00,55.1
2025-06-12 21:46:00,49.81454693687398
2025-06-12 08:58:00,5.7
2025-06-12 05:02:00,93.4
2025-06-12 00:01:00,69.7
2025-06-12 13:18:00,65.4
2025-06-12 04:47:00,14.8
2025-06-12 06:07:00,76.7
2025-06-12 09:04:00,48.8
2025-06-12 11:14:00,25.8
2025-06-12 01:07:00,53.7
2025-06-12 16:16:00,21.4
2025-06-12 02:48:00,72.4
2025-06-12 10:22:00,90.0
2025-06-12 02:37:00,53.0
2025-06-12 06:00:00,49.81454693687398
2025-06-12 10:06:00,12.0
2025-06-12 08:33:00,13.1
2025-06-12 06:43:00,85.4
2025-06-12 15:51:00,86.4
2025-06-12 00:02:00,7.5
2025-06-12 21:25:00,88.5
2025-06-12 15:49:00,58.8
2025-06-12 15:38:00,49.81454693687398
2025-06-12 09:48:00,70.1
2025-06-12 00:51:00,60.5
2025-06-12 16:15:00,49.81454693687398
2025-06-12 01:08:00,44.5
2025-06-12 13:45:00,54.1
2025-06-12 15:32:00,49.81454693687398
2025-06-12 15:01:00,82.7
2025-06-12 01:42:00,49.81454693687398
2025-06-12 23:28:00,37.2
2025-06-12 14:00:00,51.5
2025-06-12 22:28:00,18.5
2025-06-12 06:40:00,35.4
2025-06-12 07:54:00,95.5
2025-06-12 23:15:00,49.81454693687398
2025-06-12 09:44:00,49.81454693687398
2025-06-12 02:50:00,30.4
2025-06-12 06:08:00,40.9
2025-06-12 03:12:00,88.9
2025-06-12 02:05:00,89.5
2025-06-12 04:38:00,1.9
2025-06-12 07:44:00,12.8
2025-06-12 04:09:00,5.2
2025-06-12 07:40:00,64.3
2025-06-12 23:41:00,49.81454693687398
2025-06-12 14:56:00,74.3
2025-06-12 01:23:00,72.7
2025-06-12 03:56:00,86.4
2025-06-12 00:29:00,5.8
2025-06-12 12:29:00,28.8
2025-06-12 12:40:00,56.3
2025-06-12 15:43:00,20.8
2025-06-12 17:29:00,67.6
2025-06-12 23:50:00,63.9
2025-06-12 16:22:00,0.4
2025-06-12 04:11:00,67.3
2025-06-12 14:08:00,50.17466168922071
2025-06-12 11:34:00,3.8
2025-06-12 06:34:00,13.9
2025-06-12 15:42:00,11.0
2025-06-12 07:51:00,51.6
2025-06-12 23:00:00,53.2
2025-06-12 22:30:00,50.3
2025-06-12 21:32:00,38.0
2025-06-12 19:11:00,48.6
2025-06-12 01:39:00,30.6
2025-06-12 15:36:00,18.5
2025-06-12 06:25:00,20.5
2025-06-12 01:21:00,52.3
2025-06-12 01:45:00,91.7
2025-06-12 02:15:00,99.4
2025-06-12 00:14:00,74.1
2025-06-12 01:48:00,44.4
2025-06-12 18:30:00,2.0
2025-06-12 00:12:00,23.1
2025-06-12 02:25:00,50.17466168922071
2025-06-12 07:37:00,6.0
2025-06-12 11:05:00,48.0
2025-06-12 22:54:00,50.17466168922071
2025-06-12 03:50:00,42.3
2025-06-12 21:50:00,91.1
2025-06-12 17:58:00,53.0
2025-06-12 09:30:00,2.6
2025-06-12 21:22:00,44.4
2025-06-12 16:19:00,3.0
2025-06-12 21:51:00,5.4
2025-06-12 19:38:00,24.5
2025-06-12 21:58:00,50.17466168922071
2025-06-12 16:11:00,68.3
2025-06-12 10:51:00,31.4
2025-06-12 13:05:00,47.3
2025-06-12 01:11:00,88.5
2025-06-12 13:50:00,3.5
2025-06-12 02:50:00,58.9
2025-06-12 22:44:00,66.9
2025-06-12 00:19:00,67.5
2025-06-12 00:10:00,97.4
2025-06-12 14:17:00,66.3
2025-06-12 02:41:00,57.0
2025-06-12 00:09:00,16.0
2025-06-12 01:49:00,53.7
2025-06-12 05:01:00,50.17466168922071
2025-06-12 05:46:00,70.3
2025-06-12 20:24:00,51.5
2025-06-12 03:36:00,95.2
2025-06-12 19:29:00,94.8
2025-06-12 21:00:00,95.8
2025-06-12 16:41:00,60.7
2025-06-12 15:27:00,47.5
2025-06-12 19:28:00,14.7
2025-06-12 20:31:00,55.9
2025-06-12 06:28:00,30.5
2025-06-12 07:54:00,25.6
2025-06-12 10:45:00,0.9
2025-06-12 12:12:00,64.9
2025-06-12 14:26:00,50.17466168922071
2025-06-12 05:58:00,66.1
2025-06-12 10:42:00,22.2
2025-06-12 11:58:00,44.7
2025-06-12 22:34:00,40.7
2025-06-12 00:05:00,29.4
2025-06-12 16:30:00,80.5
2025-06-12 11:09:00,56.4
2025-06-12 14:14:00,12.2
2025-06-12 12:34:00,73.2
2025-06-12 20:48:00,93.6
2025-06-12 02:23:00,92.0
2025-06-12 00:57:00,11.2
2025-06-12 14:34:00,71.8
2025-06-12 05:04:00,71.3
2025-06-12 08:48:00,42.9
2025-06-12 18:36:00,49.6
2025-06-12 21:14:00,10.6
2025-06-12 08:24:00,31.9
2025-06-12 15:16:00,58.8
2025-06-12 06:31:00,92.4
2025-06-12 10:12:00,36.1
2025-06-12 04:05:00,89.6
2025-06-12 04:47:00,91.4
2025-06-12 16:23:00,30.8
2025-06-12 10:55:00,71.7
2025-06-12 22:09:00,24.5
2025-06-12 20:43:00,81.2
2025-06-12 19:57:00,5.1
2025-06-12 11:14:00,74.1
2025-06-12 07:32:00,94.8
2025-06-12 15:08:00,83.7
2025-06-12 04:07:00,50.17466168922071
2025-06-12 02:42:00,26.5
2025-06-12 06:07:00,50.17466168922071
2025-06-12 17:01:00,11.0
2025-06-12 02:01:00,89.0
2025-06-12 02:09:00,81.7
2025-06-12 20:10:00,61.5
2025-06-12 07:47:00,50.17466168922071
2025-06-12 23:52:00,27.3
2025-06-12 15:54:00,20.5
2025-06-12 23:12:00,19.4
2025-06-12 23:20:00,44.8
2025-06-12 16:44:00,38.6
2025-06-12 20:55:00,54.7
2025-06-12 03:40:00,63.1
2025-06-12 23:25:00,55.7
2025-06-12 04:36:00,37.4
2025-06-12 05:37:00,2.1
2025-06-12 19:04:00,52.5
2025-06-12 04:06:00,50.1
2025-06-12 21:47:00,18.3
2025-06-12 13:31:00,71.6
2025-06-12 00:30:00,19.4
2025-06-12 23:21:00,46.6
2025-06-12 19:25:00,50.17466168922071
2025-06-12 22:47:00,24.7
2025-06-12 22:21:00,93.4
2025-06-12 13:48:00,66.2
2025-06-12 14:15:00,61.8
2025-06-12 05:10:00,37.3
2025-06-12 21:36:00,3.2
2025-06-12 14:16:00,92.5
2025-06-12 17:57:00,71.3
2025-06-12 15:38:00,57.4
2025-06-12 10:24:00,12.3
2025-06-12 06:36:00,19.3
2025-06-12 15:17:00,22.2
2025-06-12 22:57:00,8.6
2025-06-12 14:38:00,26.2
2025-06-12 14:28:00,52.6
2025-06-12 22:50:00,21.0
2025-06-12 21:33:00,67.9
2025-06-12 16:14:00,11.9
2025-06-12 09:14:00,67.5
2025-06-12 18:01:00,15.2
2025-06-12 12:26:00,74.9
2025-06-12 07:48:00,2.7
2025-06-12 21:01:00,6.9
2025-06-12 05:48:00,60.1
2025-06-12 07:59:00,38.3
2025-06-12 19:59:00,9.4
2025-06-12 12:57:00,47.5
2025-06-12 06:42:00,50.17466168922071
2025-06-12 08:25:00,41.8
2025-06-12 19:30:00,74.1
2025-06-12 15:04:00,42.6
2025-06-12 23:29:00,41.2
2025-06-12 02:57:00,39.7
2025-06-12 20:23:00,50.17466168922071
2025-06-12 13:08:00,84.2
2025-06-12 10:49:00,60.5
2025-06-12 15:00:00,50.17466168922071
2025-06-12 05:51:00,50.17466168922071
2025-06-12 16:07:00,50.17466168922071
2025-06-12 21:15:00,67.7
2025-06-12 18:14:00,99.8
2025-06-12 20:35:00,70.1
2025-06-12 06:20:00,84.2
2025-06-12 16:57:00,29.4
2025-06-12 17:55:00,10.1
2025-06-12 17:08:00,68.6
2025-06-12 11:13:00,50.17466168922071
2025-06-12 02:22:00,40.6
2025-06-12 06:23:00,3.6
2025-06-12 04:52:00,17.5
2025-06-12 20:49:00,22.4
2025-06-12 10:47:00,50.17466168922071
2025-06-12 16:45:00,86.8
2025-06-12 20:47:00,90.2
2025-06-12 10:56:00,77.6
2025-06-12 10:26:00,70.6
2025-06-12 08:31:00,93.1
2025-06-12 22:16:00,63.4
2025-06-12 19:22:00,81.6
2025-06-12 14:43:00,50.17466168922071
2025-06-12 09:01:00,78.5
2025-06-12 01:55:00,23.4
2025-06-12 02:34:00,73.8
2025-06-12 14:07:00,24.3
2025-06-12 15:29:00,27.6
2025-06-12 01:27:00,95.6
2025-06-12 01:35:00,45.0
2025-06-12 08:53:00,81.2
2025-06-12 13:17:00,74.3
2025-06-12 04:44:00,14.7
2025-06-12 03:23:00,63.6
2025-06-12 04:12:00,91.4
2025-06-12 19:26:00,98.7
2025-06-12 10:13:00,50.17466168922071
2025-06-12 06:27:00,83.2
2025-06-12 04:46:00,52.8
2025-06-12 00:23:00,5.9
2025-06-12 09:52:00,23.7
2025-06-12 15:23:00,92.6
2025-06-12 07:04:00,20.4
2025-06-12 10:04:00,54.3
2025-06-12 15:59:00,91.4
2025-06-12 19:43:00,71.6
2025-06-12 22:02:00,50.17466168922071
2025-06-12 20:37:00,30.6
2025-06-12 22:23:00,4.8
2025-06-12 03:01:00,79.1
2025-06-12 00:11:00,37.0
2025-06-12 00:24:00,10.8
2025-06-12 05:54:00,36.2
2025-06-12 17:26:00,50.17466168922071
2025-06-12 19:44:00,50.17466168922071
2025-06-12 13:27:00,14.1
2025-06-12 16:06:00,42.2
2025-06-12 11:52:00,3.8
2025-06-12 10:10:00,71.9
2025-06-12 09:56:00,50.6
2025-06-12 00:56:00,2.4
2025-06-12 03:48:00,62.8
2025-06-12 15:26:00,49.9
2025-06-12 19:18:00,22.0
2025-06-12 04:01:00,50.17466168922071
2025-06-12 21:21:00,75.1
2025-06-12 00:55:00,71.1
2025-06-12 18:05:00,35.1
2025-06-12 11:59:00,65.5
2025-06-12 17:41:00,50.17466168922071
2025-06-12 00:27:00,50.17466168922071
2025-06-12 12:29:00,25.8
2025-06-12 00:43:00,5.0
2025-06-12 17:29:00,30.9
2025-06-12 09:40:00,23.8
2025-06-12 23:34:00,74.9
2025-06-12 13:45:00,18.2
2025-06-12 08:37:00,82.4
2025-06-12 02:56:00,18.4
2025-06-12 16:18:00,76.3
2025-06-12 17:54:00,58.5
2025-06-12 13:02:00,85.0
2025-06-12 20:29:00,50.17466168922071
2025-06-12 14:29:00,86.3
2025-06-12 09:07:00,28.5
2025-06-12 04:40:00,46.7
2025-06-12 03:41:00,55.0
2025-06-12 16:09:00,16.5
2025-06-12 21:29:00,21.1
2025-06-12 04:10:00,25.5
2025-06-12 03:02:00,50.17466168922071
2025-06-12 18:57:00,50.17466168922071
2025-06-12 21:03:00,36.9
2025-06-12 15:43:00,30.5
2025-06-12 12:14:00,9.0
2025-06-12 02:46:00,23.9
2025-06-12 19:33:00,52.1
2025-06-12 20:14:00,75.3
2025-06-12 22:41:00,93.7
2025-06-12 16:20:00,28.2
2025-06-12 07:05:00,50.17466168922071
2025-06-12 12:22:00,41.7
2025-06-12 18:20:00,84.5
2025-06-12 15:56:00,84.7
2025-06-12 09:37:00,4.8
2025-06-12 10:39:00,73.2
2025-06-12 18:27:00,18.1
2025-06-12 09:17:00,68.6
2025-06-12 00:40:00,4.8
2025-06-12 12:25:00,50.17466168922071
2025-06-12 04:25:00,83.7
2025-06-12 22:51:00,3.1
2025-06-12 02:17:00,40.2
2025-06-12 09:43:00,54.9
2025-06-12 20:53:00,50.17466168922071
2025-06-12 13:11:00,23.8
2025-06-12 23:18:00,44.3
2025-06-12 11:19:00,50.17466168922071
2025-06-12 11:30:00,50.17466168922071
2025-06-12 15:25:00,77.7
2025-06-12 18:18:00,27.8
2025-06-12 10:33:00,34.2
2025-06-12 12:07:00,81.9
2025-06-12 18:49:00,97.1
2025-06-12 06:49:00,56.6
2025-06-12 09:00:00,78.3
2025-06-12 16:26:00,31.5
2025-06-12 09:46:00,51.4
2025-06-12 08:01:00,58.0
2025-06-12 01:52:00,92.3
2025-06-12 11:43:00,14.3
2025-06-12 13:49:00,34.6
2025-06-12 18:39:00,1.9
2025-06-12 01:00:00,11.8
2025-06-12 02:04:00,97.1
2025-06-12 16:35:00,15.4
2025-06-12 14:51:00,52.6
2025-06-12 06:29:00,50.17466168922071
2025-06-12 05:53:00,34.9
2025-06-12 22:13:00,50.17466168922071
2025-06-12 18:48:00,50.17466168922071
2025-06-12 11:23:00,90.9
2025-06-12 10:16:00,21.7
2025-06-12 10:34:00,78.1
2025-06-12 10:03:00,39.8
2025-06-12 12:04:00,9.1
2025-06-12 04:51:00,21.9
2025-06-12 01:12:00,96.7
2025-06-12 10:32:00,64.4
2025-06-12 03:11:00,60.4
2025-06-12 16:54:00,92.5
2025-06-12 04:42:00,50.17466168922071
2025-06-12 03:15:00,41.1
2025-06-12 03:44:00,80.7
2025-06-12 13:00:00,50.17466168922071
2025-06-12 12:00:00,33.4
2025-06-12 13:15:00,93.3
2025-06-12 15:48:00,87.3
2025-06-12 16:28:00,33.2
2025-06-12 21:17:00,49.28634215500945
2025-06-12 08:03:00,16.3
2025-06-12 23:13:00,99.4
2025-06-12 01:23:00,18.8
2025-06-12 10:18:00,63.2
2025-06-12 18:02:00,49.28634215500945
2025-06-12 15:56:00,97.5
2025-06-12 00:24:00,6.2
2025-06-12 04:18:00,62.6
2025-06-12 03:31:00,20.4
2025-06-12 18:30:00,58.0
2025-06-12 00:36:00,39.3
2025-06-12 21:09:00,3.3
2025-06-12 22:14:00,7.4
2025-06-12 13:03:00,13.2
2025-06-12 07:54:00,59.8
2025-06-12 17:41:00,49.28634215500945
2025-06-12 10:39:00,55.0
2025-06-12 06:30:00,24.2
2025-06-12 01:50:00,67.2
2025-06-12 07:55:00,49.28634215500945
2025-06-12 13:16:00,93.3
2025-06-12 18:25:00,49.28634215500945
2025-06-12 03:51:00,26.0
2025-06-12 12:18:00,54.2
2025-06-12 03:08:00,40.2
2025-06-12 21:34:00,63.8
2025-06-12 22:35:00,95.2
2025-06-12 08:15:00,70.7
2025-06-12 08:11:00,93.9
2025-06-12 14:42:00,45.8
2025-06-12 10:20:00,8.8
2025-06-12 12:20:00,10.5
2025-06-12 20:00:00,87.4
2025-06-12 08:24:00,49.28634215500945
2025-06-12 00:53:00,26.7
2025-06-12 13:46:00,49.28634215500945
2025-06-12 19:10:00,31.0
2025-06-12 10:42:00,49.28634215500945
2025-06-12 07:32:00,23.6
2025-06-12 19:45:00,34.0
2025-06-12 16:43:00,97.7
2025-06-12 03:36:00,16.8
2025-06-12 02:56:00,14.5
2025-06-12 03:45:00,49.28634215500945
2025-06-12 01:45:00,33.5
2025-06-12 06:58:00,62.3
2025-06-12 22:25:00,61.9
2025-06-12 14:00:00,25.3
2025-06-12 00:02:00,72.1
2025-06-12 19:35:00,11.4
2025-06-12 16:49:00,13.1
2025-06-12 04:01:00,49.28634215500945
2025-06-12 14:58:00,22.3
2025-06-12 21:32:00,49.28634215500945
2025-06-12 20:50:00,34.0
2025-06-12 02:29:00,2.5
2025-06-12 22:08:00,30.4
2025-06-12 19:31:00,45.2
2025-06-12 10:50:00,49.28634215500945
2025-06-12 02:10:00,56.0
2025-06-12 01:24:00,71.1
2025-06-12 11:05:00,19.8
2025-06-12 12:36:00,47.2
2025-06-12 09:45:00,39.4
2025-06-12 15:30:00,49.28634215500945
2025-06-12 12:14:00,4.7
2025-06-12 13:52:00,32.8
2025-06-12 09:27:00,49.28634215500945
2025-06-12 02:40:00,39.5
2025-06-12 17:56:00,52.7
2025-06-12 12:33:00,49.28634215500945
2025-06-12 18:48:00,49.9
2025-06-12 06:16:00,29.9
2025-06-12 23:17:00,72.2
2025-06-12 06:39:00,47.5
2025-06-12 06:40:00,45.6
2025-06-12 22:59:00,87.0
2025-06-12 00:20:00,89.7
2025-06-12 10:41:00,47.7
2025-06-12 10:14:00,86.3
2025-06-12 16:07:00,49.28634215500945
2025-06-12 23:58:00,72.0
2025-06-12 18:51:00,68.5
2025-06-12 19:49:00,77.9
2025-06-12 08:18:00,95.1
2025-06-12 23:10:00,94.7
2025-06-12 19:38:00,48.8
2025-06-12 14:49:00,61.1
2025-06-12 15:03:00,24.0
2025-06-12 20:56:00,53.1
2025-06-12 09:37:00,49.28634215500945
2025-06-12 16:40:00,2.8
2025-06-12 09:15:00,58.4
2025-06-12 10:47:00,92.2
2025-06-12 11:26:00,67.2
2025-06-12 19:43:00,98.4
2025-06-12 17:17:00,42.6
2025-06-12 08:00:00,77.9
2025-06-12 22:46:00,78.9
2025-06-12 23:59:00,16.0
2025-06-12 01:39:00,49.28634215500945
2025-06-12 17:29:00,27.2
2025-06-12 04:27:00,13.7
2025-06-12 05:24:00,66.7
2025-06-12 04:02:00,49.28634215500945
2025-06-12 19:00:00,52.9
2025-06-12 15:06:00,49.28634215500945
2025-06-12 05:58:00,49.28634215500945
2025-06-12 10:45:00,49.28634215500945
2025-06-12 11:19:00,49.28634215500945
2025-06-12 19:17:00,24.3
2025-06-12 12:04:00,88.5
2025-06-12 08:39:00,50.6
2025-06-12 00:48:00,1.6
2025-06-12 03:38:00,80.4
2025-06-12 23:48:00,42.7
2025-06-12 16:18:00,40.3
2025-06-12 07:14:00,30.2
2025-06-12 13:31:00,49.28634215500945
2025-06-12 18:59:00,52.1
2025-06-12 04:19:00,97.6
2025-06-12 00:55:00,92.0
2025-06-12 09:02:00,49.28634215500945
2025-06-12 23:03:00,38.6
2025-06-12 17:37:00,89.9
2025-06-12 13:17:00,41.9
2025-06-12 15:04:00,51.9
2025-06-12 15:45:00,41.7
2025-06-12 07:36:00,15.9
2025-06-12 18:44:00,6.4
2025-06-12 16:00:00,9.4
2025-06-12 17:20:00,33.8
2025-06-12 09:50:00,35.0
2025-06-12 22:55:00,84.8
2025-06-12 15:02:00,49.28634215500945
2025-06-12 18:36:00,43.4
2025-06-12 18:53:00,12.1
2025-06-12 21:42:00,79.1
2025-06-12 19:11:00,9.9
2025-06-12 13:34:00,67.5
2025-06-12 05:25:00,60.0
2025-06-12 02:23:00,20.0
2025-06-12 13:04:00,72.2
2025-06-12 07:53:00,49.28634215500945
2025-06-12 03:56:00,9.5
2025-06-12 03:47:00,24.3
2025-06-12 20:10:00,99.4
2025-06-12 08:53:00,50.1
2025-06-12 22:31:00,62.9
2025-06-12 18:17:00,96.2
2025-06-12 13:47:00,86.4
2025-06-12 02:43:00,49.28634215500945
2025-06-12 17:36:00,49.28634215500945
2025-06-12 12:07:00,35.1
2025-06-12 10:30:00,39.3
2025-06-12 22:12:00,16.8
2025-06-12 17:27:00,64.1
2025-06-12 23:14:00,81.2
2025-06-12 15:14:00,9.5
2025-06-12 23:11:00,49.28634215500945
2025-06-12 05:16:00,49.28634215500945
2025-06-12 03:58:00,49.28634215500945
2025-06-12 07:19:00,23.4
2025-06-12 21:19:00,38.9
2025-06-12 02:57:00,82.6
2025-06-12 14:01:00,20.0
2025-06-12 01:00:00,66.0
2025-06-12 17:47:00,49.28634215500945
2025-06-12 00:11:00,94.6
2025-06-12 21:16:00,12.6
2025-06-12 13:41:00,65.4
2025-06-12 22:18:00,57.6
2025-06-12 14:10:00,99.6
2025-06-12 07:27:00,31.1
2025-06-12 01:29:00,49.28634215500945
2025-06-12 02:31:00,49.28634215500945
2025-06-12 19:25:00,49.28634215500945
2025-06-12 15:32:00,49.28634215500945
2025-06-12 02:11:00,27.5
2025-06-12 11:12:00,43.0
2025-06-12 06:11:00,34.4
2025-06-12 18:20:00,69.5
2025-06-12 04:31:00,60.6
2025-06-12 06:43:00,49.28634215500945
2025-06-12 10:56:00,92.6
2025-06-12 11:58:00,59.1
2025-06-12 23:29:00,15.3
2025-06-12 23:49:00,39.7
2025-06-12 15:39:00,16.8
2025-06-12 02:46:00,88.7
2025-06-12 17:18:00,49.28634215500945
2025-06-12 17:34:00,70.9
2025-06-12 19:32:00,6.6
2025-06-12 14:02:00,0.3
2025-06-12 17:55:00,49.28634215500945
2025-06-12 05:40:00,7.8
2025-06-12 00:05:00,44.6
2025-06-12 08:51:00,31.2
2025-06-12 22:10:00,86.0
2025-06-12 21:27:00,18.4
2025-06-12 00:58:00,18.1
2025-06-12 13:56:00,53.9
2025-06-12 01:48:00,88.4
2025-06-12 06:32:00,74.8
2025-06-12 06:42:00,43.7
2025-06-12 01:19:00,72.4
2025-06-12 14:37:00,49.28634215500945
2025-06-12 05:44:00,34.2
2025-06-12 03:15:00,28.7
2025-06-12 02:20:00,49.28634215500945
2025-06-12 09:11:00,25.1
2025-06-12 20:17:00,72.4
2025-06-12 01:15:00,29.8
2025-06-12 14:28:00,49.28634215500945
2025-06-12 15:09:00,9.5
2025-06-12 04:06:00,65.6
2025-06-12 10:33:00,75.8
2025-06-12 15:42:00,68.3
2025-06-12 12:50:00,6.9
2025-06-12 06:01:00,49.28634215500945
2025-06-12 22:37:00,78.7
2025-06-12 05:39:00,37.2
2025-06-12 01:37:00,93.3
2025-06-12 03:04:00,44.8
2025-06-12 14:11:00,49.28634215500945
2025-06-12 01:31:00,71.5
2025-06-12 02:02:00,58.1
2025-06-12 20:04:00,49.28634215500945
2025-06-12 03:39:00,44.6
2025-06-12 00:14:00,48.5
2025-06-12 14:46:00,75.8
2025-06-12 21:46:00,44.3
2025-06-12 09:34:00,42.1
2025-06-12 05:37:00,49.28634215500945
2025-06-12 13:09:00,30.2
2025-06-12 04:53:00,97.0
2025-06-12 09:14:00,24.1
2025-06-12 11:13:00,95.6
2025-06-12 04:38:00,60.1
2025-06-12 06:21:00,4.4
2025-06-12 16:48:00,2.4
2025-06-12 09:33:00,72.5
2025-06-12 04:39:00,26.4
2025-06-12 20:06:00,49.28634215500945
2025-06-12 03:54:00,49.28634215500945
2025-06-12 15:08:00,4.2
2025-06-12 20:57:00,3.8
2025-06-12 17:16:00,36.9
2025-06-12 05:33:00,78.0
2025-06-12 00:18:00,21.4
2025-06-12 16:22:00,75.0
2025-06-12 16:17:00,37.1
2025-06-12 03:42:00,58.6
2025-06-12 07:31:00,80.8
2025-06-12 17:05:00,49.28634215500945
2025-06-12 16:53:00,6.9
2025-06-12 06:13:00,92.3
2025-06-12 03:59:00,49.28634215500945
2025-06-12 21:30:00,56.0
2025-06-12 11:41:00,40.8
2025-06-12 15:16:00,15.2
2025-06-12 08:25:00,39.4
2025-06-12 22:50:00,91.8
2025-06-12 06:52:00,20.6
2025-06-12 12:39:00,64.3
2025-06-12 21:07:00,34.4
2025-06-12 06:44:00,42.3
2025-06-12 08:35:00,17.0
2025-06-12 06:49:00,81.5
2025-06-12 23:57:00,46.8
2025-06-12 19:46:00,49.28634215500945
2025-06-12 04:04:00,49.28634215500945
2025-06-12 13:37:00,49.28634215500945
2025-06-12 20:26:00,18.4
2025-06-12 05:07:00,51.3
2025-06-12 11:49:00,25.4
2025-06-12 19:42:00,79.3
2025-06-12 16:46:00,47.9
2025-06-12 23:04:00,13.7
2025-06-12 11:10:00,49.28634215500945
2025-06-12 17:44:00,33.7
2025-06-12 17:53:00,90.6
2025-06-12 06:57:00,49.28634215500945
2025-06-12 12:54:00,51.5
2025-06-12 14:54:00,28.4
2025-06-12 11:35:00,93.8
2025-06-12 00:21:00,70.2
2025-06-12 14:39:00,49.28634215500945
2025-06-12 02:09:00,19.0
2025-06-12 23:35:00,29.8
2025-06-12 00:40:00,51.7
2025-06-12 08:30:00,49.28634215500945
2025-06-12 04:44:00,49.28634215500945
2025-06-12 22:57:00,99.3
2025-06-12 02:53:00,73.4
2025-06-12 23:25:00,20.5
2025-06-12 13:43:00,49.28634215500945
2025-06-12 01:17:00,61.3
2025-06-12 15:55:00,5.7
2025-06-12 08:46:00,49.28634215500945
2025-06-12 08:52:00,38.5
2025-06-12 15:15:00,97.5
2025-06-12 19:01:00,85.2
2025-06-12 15:37:00,72.4
2025-06-12 11:08:00,49.28634215500945
2025-06-12 21:04:00,59.8
2025-06-12 20:33:00,13.5
2025-06-12 19:11:00,41.2
2025-06-12 07:23:00,37.4
2025-06-12 00:30:00,32.7
2025-06-12 10:06:00,51.8
2025-06-12 16:10:00,28.0
2025-06-12 10:22:00,42.3
2025-06-12 08:21:00,41.8
2025-06-12 07:56:00,50.0812925170068
2025-06-12 17:21:00,1.6
2025-06-12 16:36:00,26.8
2025-06-12 21:16:00,81.7
2025-06-12 10:39:00,27.3
2025-06-12 19:55:00,91.7
2025-06-12 00:02:00,69.0
2025-06-12 21:14:00,71.0
2025-06-12 04:16:00,64.0
2025-06-12 12:31:00,99.5
2025-06-12 06:51:00,16.5
2025-06-12 02:57:00,58.1
2025-06-12 08:22:00,12.1
2025-06-12 03:21:00,52.3
2025-06-12 16:47:00,5.0
2025-06-12 02:37:00,64.5
2025-06-12 15:50:00,94.5
2025-06-12 11:55:00,70.1
2025-06-12 03:30:00,96.1
2025-06-12 09:16:00,34.0
2025-06-12 23:47:00,50.0812925170068
2025-06-12 13:42:00,94.7
2025-06-12 04:21:00,26.8
2025-06-12 03:43:00,3.6
2025-06-12 09:04:00,77.5
2025-06-12 20:47:00,55.8
2025-06-12 01:33:00,67.9
2025-06-12 01:51:00,94.2
2025-06-12 06:43:00,4.1
2025-06-12 08:53:00,68.1
2025-06-12 08:16:00,7.6
2025-06-12 20:43:00,3.4
2025-06-12 15:25:00,98.0
2025-06-12 05:30:00,50.0812925170068
2025-06-12 22:57:00,77.6
2025-06-12 17:14:00,21.7
2025-06-12 17:09:00,49.3
2025-06-12 21:29:00,60.4
2025-06-12 19:01:00,39.9
2025-06-12 22:04:00,8.9
2025-06-12 21:59:00,77.8
2025-06-12 17:02:00,50.0812925170068
2025-06-12 19:14:00,75.3
2025-06-12 17:55:00,50.0812925170068
2025-06-12 13:25:00,3.3
2025-06-12 08:29:00,28.0
2025-06-12 09:17:00,81.7
2025-06-12 13:02:00,69.9
2025-06-12 00:57:00,61.8
2025-06-12 13:45:00,84.0
2025-06-12 00:12:00,93.3
2025-06-12 22:08:00,99.2
2025-06-12 05:21:00,72.0
2025-06-12 02:25:00,52.1
2025-06-12 17:04:00,11.1
2025-06-12 01:34:00,46.8
2025-06-12 12:03:00,67.4
2025-06-12 02:50:00,50.0812925170068
2025-06-12 10:27:00,77.4
2025-06-12 18:42:00,77.0
2025-06-12 06:18:00,66.3
2025-06-12 23:25:00,38.7
2025-06-12 16:56:00,4.9
2025-06-12 22:49:00,5.6
2025-06-12 02:45:00,50.0812925170068
2025-06-12 00:26:00,50.0812925170068
2025-06-12 09:43:00,5.5
2025-06-12 20:31:00,37.4
2025-06-12 20:21:00,12.7
2025-06-12 02:28:00,72.2
2025-06-12 16:33:00,89.4
2025-06-12 03:10:00,67.3
2025-06-12 22:59:00,5.4
2025-06-12 23:07:00,71.5
2025-06-12 19:04:00,77.6
2025-06-12 20:59:00,35.2
2025-06-12 01:50:00,50.0812925170068
2025-06-12 20:04:00,13.8
2025-06-12 12:20:00,23.4
2025-06-12 03:23:00,38.3
2025-06-12 04:26:00,64.1
2025-06-12 19:36:00,58.1
2025-06-12 17:54:00,35.7
2025-06-12 04:13:00,69.5
2025-06-12 10:47:00,50.0812925170068
2025-06-12 22:01:00,96.3
2025-06-12 06:56:00,62.1
2025-06-12 22:20:00,28.6
2025-06-12 17:27:00,0.5
2025-06-12 04:05:00,56.7
2025-06-12 11:47:00,84.2
2025-06-12 11:50:00,50.0812925170068
2025-06-12 04:06:00,61.6
2025-06-12 11:51:00,57.3
2025-06-12 07:59:00,72.1
2025-06-12 04:19:00,33.6
2025-06-12 12:59:00,39.5
2025-06-12 22:23:00,88.2
2025-06-12 17:10:00,46.8
2025-06-12 07:29:00,6.2
2025-06-12 08:08:00,93.0
2025-06-12 18:16:00,69.0
2025-06-12 02:10:00,71.5
2025-06-12 22:53:00,50.0812925170068
2025-06-12 05:53:00,82.3
2025-06-12 21:12:00,33.8
2025-06-12 11:53:00,91.5
2025-06-12 19:40:00,97.6
2025-06-12 08:20:00,40.0
2025-06-12 21:56:00,59.8
2025-06-12 12:01:00,92.0
2025-06-12 21:07:00,35.5
2025-06-12 23:27:00,44.9
2025-06-12 11:58:00,16.3
2025-06-12 08:28:00,81.7
2025-06-12 20:20:00,80.5
2025-06-12 22:52:00,93.2
2025-06-12 19:32:00,20.7
2025-06-12 03:04:00,32.4
2025-06-12 15:02:00,91.5
2025-06-12 09:14:00,26.6
2025-06-12 05:39:00,45.9
2025-06-12 04:09:00,69.4
2025-06-12 14:22:00,76.9
2025-06-12 08:40:00,61.9
2025-06-12 18:03:00,5.7
2025-06-12 21:23:00,58.6
2025-06-12 10:36:00,26.6
2025-06-12 09:58:00,12.4
2025-06-12 16:01:00,81.3
2025-06-12 15:21:00,20.8
2025-06-12 22:13:00,22.7
2025-06-12 11:06:00,60.7
2025-06-12 23:33:00,50.0812925170068
2025-06-12 09:29:00,7.6
2025-06-12 01:20:00,12.4
2025-06-12 04:17:00,53.2
2025-06-12 14:17:00,8.0
2025-06-12 07:09:00,30.8
2025-06-12 13:35:00,36.8
2025-06-12 13:22:00,81.7
2025-06-12 15:55:00,28.8
2025-06-12 10:23:00,8.2
2025-06-12 21:03:00,76.8
2025-06-12 22:37:00,28.9
2025-06-12 01:00:00,8.8
2025-06-12 07:35:00,23.5
2025-06-12 01:52:00,82.8
2025-06-12 03:32:00,81.9
2025-06-12 05:45:00,32.7
2025-06-12 23:58:00,22.1
2025-06-12 11:45:00,6.2
2025-06-12 21:20:00,82.0
2025-06-12 19:09:00,75.2
2025-06-12 20:19:00,44.2
2025-06-12 02:13:00,55.9
2025-06-12 04:58:00,64.8
2025-06-12 13:58:00,60.6
2025-06-12 14:31:00,53.5
2025-06-12 16:26:00,46.6
2025-06-12 10:00:00,41.2
2025-06-12 03:02:00,65.5
2025-06-12 01:46:00,50.0812925170068
2025-06-12 12:50:00,62.2
2025-06-12 05:13:00,17.9
2025-06-12 06:59:00,53.8
2025-06-12 08:39:00,11.5
2025-06-12 14:04:00,66.1
2025-06-12 21:28:00,50.0812925170068
2025-06-12 09:12:00,57.7
2025-06-12 16:46:00,28.5
2025-06-12 20:18:00,30.8
2025-06-12 09:51:00,36.4
2025-06-12 03:25:00,82.3
2025-06-12 07:47:00,77.4
2025-06-12 11:34:00,67.7
2025-06-12 23:35:00,43.2
2025-06-12 03:29:00,2.3
2025-06-12 14:55:00,15.2
2025-06-12 07:01:00,97.1
2025-06-12 03:55:00,45.7
2025-06-12 00:52:00,50.0812925170068
2025-06-12 08:14:00,91.0
2025-06-12 15:59:00,50.0812925170068
2025-06-12 10:45:00,26.7
2025-06-12 04:41:00,30.8
2025-06-12 15:42:00,4.4
2025-06-12 16:11:00,4.3
2025-06-12 05:04:00,71.0
2025-06-12 00:44:00,50.0812925170068
2025-06-12 01:09:00,50.0812925170068
2025-06-12 14:00:00,14.9
2025-06-12 08:44:00,0.4
2025-06-12 19:31:00,6.2
2025-06-12 23:37:00,53.4
2025-06-12 08:19:00,50.0812925170068
2025-06-12 14:29:00,5.7
2025-06-12 01:28:00,73.6
2025-06-12 12:16:00,24.7
2025-06-12 13:53:00,16.5
2025-06-12 15:36:00,63.7
2025-06-12 17:12:00,47.1
2025-06-12 00:59:00,81.8
2025-06-12 16:06:00,62.7
2025-06-12 12:56:00,29.9
2025-06-12 21:30:00,51.0
2025-06-12 19:18:00,50.0812925170068
2025-06-12 02:11:00,31.5
2025-06-12 07:27:00,43.8
2025-06-12 14:13:00,19.2
2025-06-12 20:09:00,91.5
2025-06-12 19:48:00,17.6
2025-06-12 22:12:00,67.4
2025-06-12 08:01:00,33.6
2025-06-12 05:08:00,20.8
2025-06-12 00:09:00,34.2
2025-06-12 03:44:00,32.0
2025-06-12 08:11:00,51.8
2025-06-12 13:55:00,14.7
2025-06-12 03:24:00,28.1
2025-06-12 04:01:00,3.6
2025-06-12 15:28:00,39.3
2025-06-12 01:48:00,93.8
2025-06-12 08:54:00,64.8
2025-06-12 20:42:00,50.0812925170068
2025-06-12 08:06:00,2.5
2025-06-12 13:24:00,41.3
2025-06-12 23:05:00,50.0812925170068
2025-06-12 22:02:00,49.0
2025-06-12 22:46:00,3.6
2025-06-12 06:26:00,1.1
2025-06-12 18:18:00,50.6
2025-06-12 10:29:00,34.0
2025-06-12 23:11:00,68.2
2025-06-12 14:09:00,73.4
2025-06-12 12:34:00,49.7
2025-06-12 23:04:00,85.7
2025-06-12 08:09:00,44.5
2025-06-12 04:11:00,50.0812925170068
2025-06-12 16:07:00,91.7
2025-06-12 12:09:00,50.0812925170068
2025-06-12 18:31:00,9.2
2025-06-12 03:01:00,50.0812925170068
2025-06-12 02:05:00,77.6
2025-06-12 07:25:00,50.0812925170068
2025-06-12 02:14:00,61.8
2025-06-12 10:48:00,21.9
2025-06-12 03:26:00,0.7
2025-06-12 16:54:00,50.0812925170068
2025-06-12 18:51:00,50.0812925170068
2025-06-12 11:13:00,87.2
2025-06-12 14:56:00,24.1
2025-06-12 04:33:00,17.8
2025-06-12 02:34:00,23.6
2025-06-12 09:55:00,20.5
2025-06-12 09:21:00,6.2
2025-06-12 11:31:00,69.6
2025-06-12 17:08:00,54.4
2025-06-12 07:14:00,50.0812925170068
2025-06-12 03:22:00,60.8
2025-06-12 15:29:00,50.0812925170068
2025-06-12 12:52:00,98.4
2025-06-12 15:46:00,70.1
2025-06-12 05:15:00,82.2
2025-06-12 04:44:00,50.0812925170068
2025-06-12 05:24:00,67.1
2025-06-12 04:00:00,86.2
2025-06-12 06:40:00,84.8
2025-06-12 10:43:00,97.1
2025-06-12 14:32:00,50.0812925170068
2025-06-12 04:25:00,88.3
2025-06-12 08:18:00,48.8
2025-06-12 11:22:00,75.8
2025-06-12 03:34:00,36.9
2025-06-12 05:16:00,45.3
2025-06-12 11:26:00,41.4
2025-06-12 15:40:00,36.6
2025-06-12 22:06:00,1.3
2025-06-12 09:47:00,51.1
2025-06-12 16:48:00,49.0
2025-06-12 23:01:00,74.8
2025-06-12 23:31:00,50.0812925170068
2025-06-12 00:53:00,75.8
2025-06-12 18:39:00,50.0812925170068
2025-06-12 11:38:00,82.3
2025-06-12 15:35:00,39.6
2025-06-12 10:03:00,50.0812925170068
2025-06-12 13:47:00,65.8
2025-06-12 22:44:00,96.1
2025-06-12 10:13:00,8.3
2025-06-12 22:22:00,84.3
2025-06-12 01:36:00,33.4
2025-06-12 04:06:00,23.9
2025-06-12 10:13:00,27.7
2025-06-12 22:22:00,5.5
2025-06-12 17:59:00,98.7
2025-06-12 00:00:00,80.2
2025-06-12 20:20:00,49.63695830886671
2025-06-12 03:34:00,59.3
2025-06-12 00:42:00,85.0
2025-06-12 23:39:00,66.8
2025-06-12 12:06:00,99.2
2025-06-12 08:38:00,71.8
2025-06-12 03:32:00,71.7
2025-06-12 18:06:00,68.9
2025-06-12 18:19:00,79.7
2025-06-12 02:12:00,49.63695830886671
2025-06-12 08:47:00,58.8
2025-06-12 18:11:00,12.1
2025-06-12 23:32:00,16.6
2025-06-12 16:29:00,57.0
2025-06-12 21:03:00,6.0
2025-06-12 10:28:00,49.63695830886671
2025-06-12 07:00:00,61.4
2025-06-12 19:16:00,38.4
2025-06-12 19:36:00,87.8
2025-06-12 14:37:00,92.1
2025-06-12 11:17:00,28.7
2025-06-12 20:01:00,49.63695830886671
2025-06-12 09:16:00,36.2
2025-06-12 19:54:00,17.0
2025-06-12 11:49:00,18.3
2025-06-12 12:52:00,1.5
2025-06-12 10:39:00,49.63695830886671
2025-06-12 05:59:00,40.3
2025-06-12 22:59:00,75.3
2025-06-12 09:17:00,75.7
2025-06-12 01:51:00,20.8
2025-06-12 19:38:00,94.2
2025-06-12 11:33:00,26.7
2025-06-12 23:55:00,30.8
2025-06-12 15:52:00,48.9
2025-06-12 05:56:00,23.0
2025-06-12 16:22:00,13.3
2025-06-12 01:47:00,58.6
2025-06-12 12:54:00,32.4
2025-06-12 14:12:00,55.5
2025-06-12 06:31:00,38.8
2025-06-12 13:32:00,69.6
2025-06-12 16:21:00,68.3
2025-06-12 08:10:00,83.2
2025-06-12 21:05:00,82.2
2025-06-12 11:36:00,39.5
2025-06-12 10:04:00,60.1
2025-06-12 01:26:00,32.7
2025-06-12 22:49:00,57.3
2025-06-12 14:40:00,86.2
2025-06-12 05:32:00,37.4
2025-06-12 13:49:00,40.2
2025-06-12 16:28:00,39.0
2025-06-12 05:37:00,46.1
2025-06-12 03:14:00,76.4
2025-06-12 13:22:00,44.9
2025-06-12 03:35:00,30.6
2025-06-12 01:19:00,30.5
2025-06-12 22:35:00,38.8
2025-06-12 23:29:00,57.6
2025-06-12 13:50:00,18.6
2025-06-12 08:42:00,82.5
2025-06-12 07:50:00,72.7
2025-06-12 09:51:00,32.6
2025-06-12 02:05:00,84.4
2025-06-12 18:38:00,30.4
2025-06-12 00:11:00,72.1
2025-06-12 22:09:00,81.4
2025-06-12 11:46:00,68.5
2025-06-12 07:29:00,72.0
2025-06-12 05:38:00,19.7
2025-06-12 10:23:00,35.9
2025-06-12 11:20:00,36.1
2025-06-12 17:46:00,73.8
2025-06-12 17:38:00,50.3
2025-06-12 06:34:00,69.7
2025-06-12 08:22:00,86.0
2025-06-12 12:24:00,55.2
2025-06-12 07:39:00,0.9
2025-06-12 01:52:00,57.0
2025-06-12 00:14:00,1.5
2025-06-12 04:46:00,49.63695830886671
2025-06-12 22:11:00,49.63695830886671
2025-06-12 04:45:00,83.6
2025-06-12 19:46:00,49.63695830886671
2025-06-12 21:32:00,15.6
2025-06-12 05:24:00,47.4
2025-06-12 02:25:00,25.9
2025-06-12 10:14:00,33.7
2025-06-12 21:35:00,13.7
2025-06-12 07:43:00,67.5
2025-06-12 17:06:00,68.0
2025-06-12 10:07:00,80.2
2025-06-12 03:28:00,49.63695830886671
2025-06-12 08:49:00,21.3
2025-06-12 08:02:00,54.2
2025-06-12 07:42:00,15.5
2025-06-12 20:53:00,48.1
2025-06-12 13:17:00,13.4
2025-06-12 23:54:00,94.2
2025-06-12 03:49:00,66.8
2025-06-12 19:34:00,33.8
2025-06-12 01:40:00,8.0
2025-06-12 07:36:00,98.6
2025-06-12 23:14:00,49.63695830886671
2025-06-12 13:18:00,62.2
2025-06-12 20:33:00,85.0
2025-06-12 10:59:00,49.63695830886671
2025-06-12 06:06:00,89.3
2025-06-12 06:47:00,12.6
2025-06-12 05:44:00,36.2
2025-06-12 03:44:00,49.2
2025-06-12 07:09:00,59.6
2025-06-12 06:01:00,1.4
2025-06-12 13:27:00,22.6
2025-06-12 20:28:00,50.7
2025-06-12 01:17:00,67.7
2025-06-12 18:51:00,91.2
2025-06-12 13:47:00,49.63695830886671
2025-06-12 16:14:00,94.6
2025-06-12 17:53:00,50.1
2025-06-12 17:07:00,5.9
2025-06-12 09:14:00,28.1
2025-06-12 10:24:00,29.9
2025-06-12 08:46:00,72.3
2025-06-12 09:06:00,20.2
2025-06-12 22:12:00,82.4
2025-06-12 23:43:00,24.1
2025-06-12 09:41:00,34.0
2025-06-12 10:52:00,23.7
2025-06-12 00:05:00,10.7
2025-06-12 04:24:00,49.63695830886671
2025-06-12 00:27:00,88.5
2025-06-12 00:21:00,98.1
2025-06-12 10:45:00,2.2
2025-06-12 02:27:00,49.63695830886671
2025-06-12 17:56:00,78.2
2025-06-12 13:48:00,86.0
2025-06-12 00:47:00,45.2
2025-06-12 06:54:00,59.7
2025-06-12 11:08:00,83.0
2025-06-12 06:35:00,73.9
2025-06-12 20:24:00,3.6
2025-06-12 03:56:00,25.9
2025-06-12 02:00:00,86.6
2025-06-12 12:37:00,49.63695830886671
2025-06-12 08:32:00,27.9
2025-06-12 08:15:00,49.63695830886671
2025-06-12 18:50:00,7.1
2025-06-12 18:12:00,87.0
2025-06-12 08:41:00,38.1
2025-06-12 08:55:00,12.7
2025-06-12 07:52:00,1.9
2025-06-12 05:04:00,5.5
2025-06-12 09:39:00,61.9
2025-06-12 17:09:00,79.6
2025-06-12 01:44:00,49.63695830886671
2025-06-12 16:54:00,96.3
2025-06-12 01:56:00,49.63695830886671
2025-06-12 18:09:00,33.7
2025-06-12 10:19:00,73.8
2025-06-12 05:07:00,64.8
2025-06-12 15:55:00,56.1
2025-06-12 13:19:00,4.4
2025-06-12 07:44:00,84.0
2025-06-12 18:55:00,26.0
2025-06-12 20:07:00,21.8
2025-06-12 02:26:00,49.63695830886671
2025-06-12 16:34:00,75.7
2025-06-12 11:00:00,91.7
2025-06-12 00:49:00,49.63695830886671
2025-06-12 18:15:00,49.63695830886671
2025-06-12 19:05:00,87.6
2025-06-12 10:26:00,49.63695830886671
2025-06-12 11:37:00,7.2
2025-06-12 01:34:00,99.1
2025-06-12 06:18:00,92.7
2025-06-12 12:15:00,8.0
2025-06-12 05:51:00,52.4
2025-06-12 05:47:00,21.3
2025-06-12 06:32:00,26.3
2025-06-12 12:31:00,88.4
2025-06-12 11:05:00,56.6
2025-06-12 23:41:00,88.6
2025-06-12 16:15:00,49.63695830886671
2025-06-12 08:23:00,13.4
2025-06-12 05:33:00,37.4
2025-06-12 18:13:00,93.2
2025-06-12 08:44:00,65.1
2025-06-12 07:51:00,97.9
2025-06-12 00:58:00,6.8
2025-06-12 07:16:00,28.4
2025-06-12 04:43:00,49.63695830886671
2025-06-12 20:23:00,16.4
2025-06-12 12:23:00,55.8
2025-06-12 09:00:00,48.1
2025-06-12 21:46:00,91.9
2025-06-12 11:48:00,92.6
2025-06-12 18:21:00,28.9
2025-06-12 14:36:00,96.0
2025-06-12 14:22:00,68.9
2025-06-12 13:29:00,12.5
2025-06-12 17:11:00,49.63695830886671
2025-06-12 18:30:00,4.7
2025-06-12 01:27:00,81.7
2025-06-12 17:51:00,46.1
2025-06-12 21:30:00,60.1
2025-06-12 16:19:00,44.7
2025-06-12 02:07:00,43.6
2025-06-12 23:47:00,78.5
2025-06-12 02:47:00,80.6
2025-06-12 19:19:00,35.2
2025-06-12 21:04:00,0.2
2025-06-12 03:13:00,41.4
2025-06-12 15:14:00,53.6
2025-06-12 11:42:00,78.7
2025-06-12 02:06:00,22.9
2025-06-12 12:04:00,60.6
2025-06-12 08:13:00,49.1
2025-06-12 02:37:00,44.7
2025-06-12 16:24:00,39.5
2025-06-12 21:23:00,95.3
2025-06-12 00:15:00,58.2
2025-06-12 17:57:00,33.5
2025-06-12 16:31:00,10.5
2025-06-12 06:10:00,94.9
2025-06-12 10:06:00,49.63695830886671
2025-06-12 16:27:00,43.5
2025-06-12 15:38:00,47.3
2025-06-12 23:30:00,4.7
2025-06-12 11:39:00,49.63695830886671
2025-06-12 04:54:00,31.0
2025-06-12 00:59:00,54.1
2025-06-12 23:15:00,65.2
2025-06-12 10:57:00,88.0
2025-06-12 23:57:00,49.63695830886671
2025-06-12 14:13:00,49.63695830886671
2025-06-12 12:56:00,60.5
2025-06-12 02:41:00,49.63695830886671
2025-06-12 05:28:00,49.63695830886671
2025-06-12 13:05:00,17.6
2025-06-12 23:07:00,58.0
2025-06-12 12:51:00,47.5
2025-06-12 21:58:00,80.1
2025-06-12 01:58:00,32.4
2025-06-12 22:21:00,45.1
2025-06-12 02:20:00,69.2
2025-06-12 02:19:00,21.3
2025-06-12 07:49:00,91.4
2025-06-12 00:18:00,68.1
2025-06-12 14:07:00,72.7
2025-06-12 20:46:00,10.9
2025-06-12 07:46:00,27.2
2025-06-12 10:33:00,49.63695830886671
2025-06-12 22:08:00,4.1
2025-06-12 18:53:00,86.1
2025-06-12 07:17:00,20.7
2025-06-12 19:28:00,10.5
2025-06-12 19:21:00,68.8
2025-06-12 19:45:00,80.9
2025-06-12 16:51:00,70.0
2025-06-12 10:44:00,49.63695830886671
2025-06-12 08:43:00,52.5
2025-06-12 23:40:00,20.4
2025-06-12 01:25:00,87.4
2025-06-12 19:08:00,49.63695830886671
2025-06-12 12:12:00,19.1
2025-06-12 17:54:00,14.5
2025-06-12 11:59:00,90.3
2025-06-12 12:53:00,49.63695830886671
2025-06-12 13:02:00,6.4
2025-06-12 00:10:00,49.63695830886671
2025-06-12 03:26:00,23.7
2025-06-12 07:25:00,49.63695830886671
2025-06-12 10:36:00,66.0
2025-06-12 10:20:00,41.6
2025-06-12 07:23:00,12.2
2025-06-12 18:35:00,63.5
2025-06-12 22:01:00,75.3
2025-06-12 10:09:00,9.5
2025-06-12 15:41:00,87.9
2025-06-12 09:23:00,94.4
2025-06-12 17:02:00,79.7
2025-06-12 10:01:00,49.63695830886671
2025-06-12 12:40:00,80.2
2025-06-12 11:03:00,80.6
2025-06-12 19:20:00,75.6
2025-06-12 04:55:00,75.2
2025-06-12 02:35:00,29.6
2025-06-12 16:39:00,88.1
2025-06-12 09:02:00,40.5
2025-06-12 14:42:00,47.3
2025-06-12 22:24:00,81.7
2025-06-12 21:42:00,49.63695830886671
2025-06-12 08:00:00,56.7
2025-06-12 13:54:00,61.9
2025-06-12 07:27:00,94.4
2025-06-12 08:39:00,47.7
2025-06-12 18:42:00,99.0
2025-06-12 04:58:00,49.63695830886671
2025-06-12 11:18:00,4.9
2025-06-12 10:32:00,22.2
2025-06-12 10:18:00,83.8
2025-06-12 18:45:00,84.2
2025-06-12 22:05:00,16.8
2025-06-12 06:58:00,49.63695830886671
2025-06-12 11:16:00,60.1
2025-06-12 07:48:00,61.9
2025-06-12 13:46:00,30.6
2025-06-12 09:58:00,1.1
2025-06-12 17:34:00,38.9
2025-06-12 20:31:00,49.63695830886671
2025-06-12 09:22:00,89.7
2025-06-12 05:52:00,96.4
2025-06-12 18:29:00,47.4
2025-06-12 05:38:00,50.5
2025-06-12 23:34:00,78.6
2025-06-12 13:37:00,30.9
2025-06-12 01:40:00,45.2
2025-06-12 18:50:00,96.0
2025-06-12 15:59:00,67.0
2025-06-12 04:05:00,96.9
2025-06-12 21:51:00,58.2
2025-06-12 20:03:00,72.9
2025-06-12 01:23:00,58.2
2025-06-12 12:48:00,50.41405513666353
2025-06-12 17:38:00,12.5
2025-06-12 19:45:00,53.5
2025-06-12 10:55:00,38.2
2025-06-12 17:52:00,1.5
2025-06-12 06:29:00,47.1
2025-06-12 02:06:00,16.1
2025-06-12 21:26:00,15.4
2025-06-12 00:50:00,88.4
2025-06-12 08:39:00,95.1
2025-06-12 06:22:00,99.4
2025-06-12 06:05:00,50.41405513666353
2025-06-12 01:37:00,40.5
2025-06-12 03:30:00,76.5
2025-06-12 20:29:00,4.6
2025-06-12 01:34:00,15.7
2025-06-12 19:24:00,92.7
2025-06-12 08:12:00,97.5
2025-06-12 01:16:00,99.5
2025-06-12 09:50:00,11.5
2025-06-12 06:23:00,89.4
2025-06-12 13:16:00,47.4
2025-06-12 04:07:00,58.2
2025-06-12 05:41:00,56.5
2025-06-12 21:54:00,42.8
2025-06-12 08:47:00,94.6
2025-06-12 21:47:00,95.6
2025-06-12 03:05:00,28.7
2025-06-12 21:27:00,39.6
2025-06-12 20:30:00,51.1
2025-06-12 10:06:00,9.4
2025-06-12 11:25:00,50.41405513666353
2025-06-12 16:26:00,93.5
2025-06-12 13:24:00,60.6
2025-06-12 20:42:00,51.7
2025-06-12 04:10:00,71.7
2025-06-12 16:16:00,81.0
2025-06-12 14:49:00,19.7
2025-06-12 21:39:00,84.2
2025-06-12 13:32:00,64.6
2025-06-12 15:55:00,66.9
2025-06-12 22:45:00,50.41405513666353
2025-06-12 17:07:00,50.41405513666353
2025-06-12 21:18:00,83.9
2025-06-12 13:01:00,44.3
2025-06-12 09:02:00,33.7
2025-06-12 08:50:00,50.41405513666353
2025-06-12 17:15:00,63.7
2025-06-12 19:26:00,50.41405513666353
2025-06-12 11:19:00,85.7
2025-06-12 07:20:00,33.1
2025-06-12 11:51:00,50.41405513666353
2025-06-12 10:49:00,98.3
2025-06-12 23:09:00,8.0
2025-06-12 05:45:00,50.41405513666353
2025-06-12 08:31:00,100.0
2025-06-12 20:41:00,51.2
2025-06-12 00:07:00,0.7
2025-06-12 15:13:00,99.2
2025-06-12 19:22:00,97.8
2025-06-12 18:24:00,27.6
2025-06-12 21:07:00,40.6
2025-06-12 08:04:00,16.1
2025-06-12 01:30:00,15.9
2025-06-12 22:59:00,44.0
2025-06-12 21:15:00,64.9
2025-06-12 14:39:00,12.9
2025-06-12 19:47:00,51.4
2025-06-12 12:00:00,18.5
2025-06-12 02:49:00,27.7
2025-06-12 23:12:00,94.2
2025-06-12 14:47:00,83.1
2025-06-12 20:51:00,75.4
2025-06-12 01:56:00,13.9
2025-06-12 09:45:00,81.7
2025-06-12 13:10:00,50.41405513666353
2025-06-12 13:17:00,45.7
2025-06-12 16:44:00,68.9
2025-06-12 17:58:00,31.7
2025-06-12 06:43:00,92.9
2025-06-12 07:39:00,60.3
2025-06-12 10:59:00,79.4
2025-06-12 08:11:00,30.1
2025-06-12 17:09:00,79.7
2025-06-12 22:29:00,62.9
2025-06-12 12:45:00,32.8
2025-06-12 15:46:00,50.41405513666353
2025-06-12 05:33:00,89.8
2025-06-12 15:17:00,71.9
2025-06-12 01:15:00,99.8
2025-06-12 06:49:00,4.8
2025-06-12 07:46:00,93.3
2025-06-12 18:10:00,88.6
2025-06-12 23:19:00,13.3
2025-06-12 17:01:00,23.8
2025-06-12 03:06:00,47.1
2025-06-12 06:42:00,48.9
2025-06-12 16:04:00,57.8
2025-06-12 17:56:00,4.2
2025-06-12 22:31:00,32.8
2025-06-12 17:34:00,84.0
2025-06-12 17:28:00,50.41405513666353
2025-06-12 05:00:00,49.5
2025-06-12 18:09:00,21.0
2025-06-12 09:00:00,80.3
2025-06-12 08:15:00,15.8
2025-06-12 16:28:00,63.6
2025-06-12 03:59:00,50.41405513666353
2025-06-12 20:07:00,32.3
2025-06-12 04:46:00,7.9
2025-06-12 12:38:00,30.1
2025-06-12 20:12:00,70.6
2025-06-12 10:45:00,27.5
2025-06-12 19:53:00,56.6
2025-06-12 12:21:00,70.9
2025-06-12 14:13:00,50.41405513666353
2025-06-12 07:57:00,5.6
2025-06-12 22:52:00,82.6
2025-06-12 14:08:00,56.0
2025-06-12 05:02:00,39.2
2025-06-12 13:02:00,7.3
2025-06-12 04:59:00,94.7
2025-06-12 18:48:00,1.6
2025-06-12 08:07:00,50.41405513666353
2025-06-12 09:20:00,68.0
2025-06-12 01:54:00,16.4
2025-06-12 10:39:00,6.8
2025-06-12 06:53:00,2.3
2025-06-12 11:59:00,52.0
2025-06-12 00:34:00,45.6
2025-06-12 00:20:00,22.1
2025-06-12 21:19:00,98.7
2025-06-12 16:15:00,96.7
2025-06-12 01:27:00,50.41405513666353
2025-06-12 17:26:00,12.1
2025-06-12 14:58:00,22.2
2025-06-12 08:57:00,83.7
2025-06-12 08:52:00,67.8
2025-06-12 01:02:00,68.0
2025-06-12 18:13:00,41.3
2025-06-12 14:11:00,39.8
2025-06-12 00:19:00,44.8
2025-06-12 20:18:00,91.1
2025-06-12 08:34:00,40.4
2025-06-12 04:43:00,50.41405513666353
2025-06-12 04:40:00,5.2
2025-06-12 04:26:00,32.3
2025-06-12 22:48:00,50.41405513666353
2025-06-12 21:11:00,57.1
2025-06-12 12:17:00,42.8
2025-06-12 22:20:00,19.1
2025-06-12 22:23:00,30.2
2025-06-12 06:40:00,33.4
2025-06-12 12:57:00,39.6
2025-06-12 11:06:00,78.9
2025-06-12 01:49:00,20.1
2025-06-12 05:34:00,81.1
2025-06-12 16:22:00,34.4
2025-06-12 04:56:00,18.9
2025-06-12 23:20:00,34.5
2025-06-12 23:16:00,58.0
2025-06-12 06:51:00,3.2
2025-06-12 16:00:00,20.9
2025-06-12 10:23:00,3.2
2025-06-12 17:00:00,86.5
2025-06-12 20:11:00,90.5
2025-06-12 23:48:00,2.4
2025-06-12 01:51:00,17.6
2025-06-12 11:55:00,14.7
2025-06-12 23:39:00,3.2
2025-06-12 21:03:00,41.5
2025-06-12 18:47:00,12.8
2025-06-12 11:07:00,51.2
2025-06-12 21:10:00,2.0
2025-06-12 03:46:00,23.2
2025-06-12 11:32:00,68.2
2025-06-12 02:34:00,35.8
2025-06-12 07:49:00,47.9
2025-06-12 13:19:00,64.2
2025-06-12 01:03:00,49.4
2025-06-12 13:54:00,94.9
2025-06-12 06:54:00,61.1
2025-06-12 17:03:00,81.7
2025-06-12 12:58:00,4.2
2025-06-12 20:17:00,62.8
2025-06-12 07:38:00,31.6
2025-06-12 06:44:00,24.8
2025-06-12 09:54:00,81.2
2025-06-12 11:24:00,14.9
2025-06-12 10:43:00,25.5
2025-06-12 17:35:00,50.41405513666353
2025-06-12 07:11:00,50.41405513666353
2025-06-12 17:21:00,27.4
2025-06-12 01:44:00,47.8
2025-06-12 09:39:00,63.2
2025-06-12 20:08:00,14.9
2025-06-12 16:38:00,13.3
2025-06-12 08:54:00,88.6
2025-06-12 15:35:00,47.7
2025-06-12 16:25:00,8.6
2025-06-12 02:05:00,74.9
2025-06-12 05:42:00,35.2
2025-06-12 06:59:00,50.41405513666353
2025-06-12 13:08:00,46.2
2025-06-12 23:14:00,43.7
2025-06-12 01:53:00,24.6
2025-06-12 22:09:00,64.0
2025-06-12 06:57:00,86.5
2025-06-12 04:53:00,50.41405513666353
2025-06-12 07:16:00,70.8
2025-06-12 21:56:00,69.7
2025-06-12 06:58:00,27.1
2025-06-12 20:33:00,61.5
2025-06-12 18:54:00,77.5
2025-06-12 13:20:00,23.5
2025-06-12 20:23:00,44.5
2025-06-12 03:44:00,50.41405513666353
2025-06-12 04:22:00,76.8
2025-06-12 23:43:00,5.6
2025-06-12 19:34:00,85.3
2025-06-12 18:38:00,46.4
2025-06-12 12:50:00,66.7
2025-06-12 02:51:00,66.2
2025-06-12 05:48:00,7.6
2025-06-12 20:46:00,20.1
2025-06-12 22:06:00,17.7
2025-06-12 03:36:00,84.0
2025-06-12 14:31:00,86.5
2025-06-12 02:21:00,50.41405513666353
2025-06-12 15:08:00,70.5
2025-06-12 05:26:00,74.1
2025-06-12 15:27:00,90.6
2025-06-12 00:25:00,0.4
2025-06-12 00:05:00,33.5
2025-06-12 07:13:00,37.8
2025-06-12 22:21:00,84.3
2025-06-12 00:38:00,17.6
2025-06-12 02:43:00,29.8
2025-06-12 20:26:00,50.41405513666353
2025-06-12 17:45:00,31.5
2025-06-12 21:05:00,67.5
2025-06-12 00:15:00,92.2
2025-06-12 15:22:00,88.5
2025-06-12 06:16:00,49.2
2025-06-12 15:47:00,15.1
2025-06-12 04:57:00,48.8
2025-06-12 13:46:00,53.9
2025-06-12 05:44:00,50.41405513666353
2025-06-12 07:18:00,50.41405513666353
2025-06-12 02:56:00,50.41405513666353
2025-06-12 14:22:00,68.5
2025-06-12 04:01:00,50.41405513666353
2025-06-12 22:37:00,26.7
2025-06-12 15:09:00,38.7
2025-06-12 20:37:00,59.4
2025-06-12 11:42:00,87.1
2025-06-12 14:51:00,50.41405513666353
2025-06-12 23:35:00,25.5
2025-06-12 12:10:00,41.5
2025-06-12 07:02:00,12.6
2025-06-12 02:59:00,59.2
2025-06-12 15:02:00,72.5
2025-06-12 00:21:00,0.0
2025-06-12 13:06:00,77.1
2025-06-12 23:06:00,45.4
2025-06-12 15:18:00,27.5
2025-06-12 00:33:00,30.5
2025-06-12 19:09:00,89.7
2025-06-12 06:01:00,73.5
2025-06-12 07:37:00,12.1
2025-06-12 22:50:00,3.3
2025-06-12 13:09:00,19.6
2025-06-12 02:17:00,94.8
2025-06-12 23:57:00,34.3
2025-06-12 06:40:00,35.0
2025-06-12 06:37:00,48.3
2025-06-12 22:42:00,74.7
2025-06-12 00:07:00,9.4
2025-06-12 17:37:00,79.8
2025-06-12 09:59:00,11.9
2025-06-12 12:23:00,96.2
2025-06-12 02:09:00,49.776157380139004
2025-06-12 00:24:00,8.4
2025-06-12 15:24:00,42.3
2025-06-12 01:11:00,6.2
2025-06-12 08:46:00,71.6
2025-06-12 07:13:00,43.7
2025-06-12 18:24:00,81.0
2025-06-12 14:10:00,47.0
2025-06-12 21:08:00,39.9
2025-06-12 07:03:00,14.3
2025-06-12 09:53:00,7.7
2025-06-12 21:58:00,67.5
2025-06-12 10:08:00,18.4
2025-06-12 09:01:00,46.7
2025-06-12 16:26:00,57.2
2025-06-12 09:31:00,27.5
2025-06-12 23:42:00,69.0
2025-06-12 03:30:00,43.6
2025-06-12 23:59:00,30.3
2025-06-12 13:16:00,25.4
2025-06-12 07:29:00,68.3
2025-06-12 22:14:00,49.776157380139004
2025-06-12 14:03:00,20.5
2025-06-12 02:01:00,56.2
2025-06-12 15:58:00,49.776157380139004
2025-06-12 13:21:00,26.8
2025-06-12 02:27:00,12.2
2025-06-12 19:32:00,13.6
2025-06-12 08:57:00,49.776157380139004
2025-06-12 06:55:00,91.5
2025-06-12 03:04:00,2.0
2025-06-12 05:27:00,53.6
2025-06-12 14:15:00,49.776157380139004
2025-06-12 10:14:00,24.5
2025-06-12 14:01:00,89.8
2025-06-12 17:23:00,49.776157380139004
2025-06-12 04:49:00,23.1
2025-06-12 21:09:00,70.8
2025-06-12 21:05:00,62.0
2025-06-12 14:34:00,44.4
2025-06-12 15:41:00,16.3
2025-06-12 13:52:00,78.6
2025-06-12 19:04:00,32.8
2025-06-12 15:01:00,41.9
2025-06-12 07:05:00,28.5
2025-06-12 00:46:00,49.776157380139004
2025-06-12 04:56:00,49.0
2025-06-12 12:16:00,45.0
2025-06-12 12:37:00,49.776157380139004
2025-06-12 13:28:00,44.2
2025-06-12 14:28:00,90.1
2025-06-12 04:37:00,66.8
2025-06-12 23:26:00,40.1
2025-06-12 10:03:00,49.776157380139004
2025-06-12 09:56:00,92.9
2025-06-12 13:31:00,9.0
2025-06-12 04:32:00,70.1
2025-06-12 23:18:00,43.2
2025-06-12 05:18:00,71.4
2025-06-12 07:50:00,95.4
2025-06-12 07:54:00,74.3
2025-06-12 00:17:00,28.7
2025-06-12 01:51:00,65.8
2025-06-12 17:55:00,56.7
2025-06-12 13:42:00,7.2
2025-06-12 13:04:00,59.7
2025-06-12 04:22:00,57.1
2025-06-12 12:18:00,45.2
2025-06-12 16:19:00,44.8
2025-06-12 18:37:00,29.5
2025-06-12 14:54:00,35.1
2025-06-12 20:31:00,87.7
2025-06-12 22:40:00,51.3
2025-06-12 10:43:00,99.5
2025-06-12 14:17:00,2.5
2025-06-12 12:33:00,90.9
2025-06-12 07:38:00,64.8
2025-06-12 23:43:00,25.6
2025-06-12 13:49:00,60.9
2025-06-12 15:35:00,49.776157380139004
2025-06-12 06:08:00,81.9
2025-06-12 01:35:00,49.776157380139004
2025-06-12 01:14:00,17.8
2025-06-12 08:45:00,47.4
2025-06-12 21:48:00,57.2
2025-06-12 07:28:00,88.3
2025-06-12 09:32:00,49.776157380139004
2025-06-12 18:30:00,49.776157380139004
2025-06-12 19:46:00,83.5
2025-06-12 21:35:00,34.0
2025-06-12 02:48:00,45.5
2025-06-12 09:27:00,34.9
2025-06-12 18:54:00,65.4
2025-06-12 08:00:00,70.3
2025-06-12 18:36:00,43.9
2025-06-12 20:23:00,19.8
2025-06-12 05:46:00,58.8
2025-06-12 04:41:00,34.3
2025-06-12 01:49:00,49.776157380139004
2025-06-12 02:07:00,23.1
2025-06-12 03:48:00,97.5
2025-06-12 11:21:00,22.0
2025-06-12 07:18:00,49.776157380139004
2025-06-12 12:28:00,62.7
2025-06-12 03:10:00,2.9
2025-06-12 23:19:00,72.6
2025-06-12 18:04:00,63.0
2025-06-12 22:30:00,39.9
2025-06-12 09:29:00,6.7
2025-06-12 06:15:00,0.5
2025-06-12 15:02:00,53.6
2025-06-12 03:20:00,79.8
2025-06-12 04:45:00,77.9
2025-06-12 17:31:00,50.8
2025-06-12 18:31:00,90.4
2025-06-12 17:50:00,16.9
2025-06-12 03:17:00,44.7
2025-06-12 12:13:00,54.7
2025-06-12 19:16:00,95.5
2025-06-12 11:35:00,38.1
2025-06-12 00:03:00,26.4
2025-06-12 06:35:00,87.0
2025-06-12 00:04:00,89.7
2025-06-12 17:05:00,32.9
2025-06-12 02:31:00,49.776157380139004
2025-06-12 01:17:00,21.2
2025-06-12 16:24:00,11.9
2025-06-12 04:19:00,16.4
2025-06-12 08:40:00,50.2
2025-06-12 13:08:00,70.6
2025-06-12 01:33:00,40.5
2025-06-12 18:03:00,96.1
2025-06-12 21:21:00,14.0
2025-06-12 15:45:00,66.7
2025-06-12 17:04:00,59.7
2025-06-12 16:39:00,44.5
2025-06-12 07:39:00,49.776157380139004
2025-06-12 04:30:00,85.1
2025-06-12 04:52:00,48.8
2025-06-12 21:18:00,29.3
2025-06-12 09:49:00,11.5
2025-06-12 17:46:00,58.0
2025-06-12 08:31:00,91.2
2025-06-12 13:19:00,91.0
2025-06-12 21:02:00,96.4
2025-06-12 15:28:00,4.4
2025-06-12 20:08:00,61.8
2025-06-12 17:11:00,91.8
2025-06-12 10:53:00,30.5
2025-06-12 15:32:00,49.776157380139004
2025-06-12 23:20:00,24.3
2025-06-12 20:34:00,28.7
2025-06-12 01:45:00,4.1
2025-06-12 13:00:00,49.776157380139004
2025-06-12 22:32:00,15.0
2025-06-12 12:19:00,49.776157380139004
2025-06-12 04:59:00,0.7
2025-06-12 18:19:00,24.0
2025-06-12 05:00:00,28.1
2025-06-12 00:57:00,49.776157380139004
2025-06-12 07:14:00,49.776157380139004
2025-06-12 19:48:00,5.3
2025-06-12 00:25:00,49.776157380139004
2025-06-12 00:28:00,73.1
2025-06-12 16:13:00,49.776157380139004
2025-06-12 20:49:00,15.2
2025-06-12 22:21:00,48.0
2025-06-12 14:36:00,79.4
2025-06-12 17:32:00,8.9
2025-06-12 15:50:00,44.1
2025-06-12 11:37:00,52.0
2025-06-12 10:52:00,42.7
2025-06-12 10:19:00,46.3
2025-06-12 00:32:00,57.4
2025-06-12 19:44:00,88.3
2025-06-12 19:12:00,95.1
2025-06-12 01:37:00,71.0
2025-06-12 20:20:00,90.9
2025-06-12 22:41:00,49.776157380139004
2025-06-12 21:54:00,50.0
2025-06-12 00:42:00,30.9
2025-06-12 23:35:00,49.776157380139004
2025-06-12 05:57:00,93.1
2025-06-12 20:24:00,83.6
2025-06-12 02:08:00,40.0
2025-06-12 01:27:00,98.0
2025-06-12 22:22:00,63.2
2025-06-12 22:48:00,49.776157380139004
2025-06-12 16:51:00,26.7
2025-06-12 13:17:00,1.1
2025-06-12 02:28:00,96.7
2025-06-12 14:08:00,66.5
2025-06-12 12:01:00,35.8
2025-06-12 08:39:00,85.8
2025-06-12 03:32:00,43.9
2025-06-12 00:22:00,64.2
2025-06-12 18:44:00,49.3
2025-06-12 11:10:00,51.8
2025-06-12 12:56:00,96.9
2025-06-12 06:33:00,85.8
2025-06-12 13:07:00,10.6
2025-06-12 11:47:00,90.3
2025-06-12 08:48:00,74.5
2025-06-12 13:58:00,52.7
2025-06-12 04:07:00,28.2
2025-06-12 06:36:00,98.7
2025-06-12 18:22:00,85.0
2025-06-12 22:03:00,49.776157380139004
2025-06-12 16:20:00,82.4
2025-06-12 12:08:00,23.7
2025-06-12 15:39:00,49.776157380139004
2025-06-12 05:31:00,49.3
2025-06-12 13:40:00,19.7
2025-06-12 22:37:00,95.4
2025-06-12 08:01:00,5.2
2025-06-12 20:00:00,19.9
2025-06-12 20:02:00,63.8
2025-06-12 14:20:00,62.3
2025-06-12 23:14:00,71.3
2025-06-12 04:38:00,43.0
2025-06-12 18:34:00,35.3
2025-06-12 21:51:00,19.5
2025-06-12 18:33:00,25.6
2025-06-12 20:16:00,49.776157380139004
2025-06-12 19:53:00,71.5
2025-06-12 10:16:00,36.0
2025-06-12 14:32:00,49.776157380139004
2025-06-12 00:00:00,68.3
2025-06-12 20:09:00,11.4
2025-06-12 17:02:00,85.9
2025-06-12 18:11:00,49.776157380139004
2025-06-12 05:11:00,56.1
2025-06-12 06:58:00,64.7
2025-06-12 21:17:00,67.2
2025-06-12 21:15:00,49.776157380139004
2025-06-12 15:23:00,49.1
2025-06-12 12:34:00,45.6
2025-06-12 04:06:00,66.8
2025-06-12 12:49:00,65.9
2025-06-12 04:54:00,3.3
2025-06-12 22:27:00,26.9
2025-06-12 06:03:00,58.2
2025-06-12 13:44:00,4.3
2025-06-12 19:23:00,11.1
2025-06-12 05:44:00,49.776157380139004
2025-06-12 21:56:00,34.9
2025-06-12 14:13:00,49.776157380139004
2025-06-12 10:35:00,3.4
2025-06-12 06:54:00,49.776157380139004
2025-06-12 18:50:00,65.8
2025-06-12 16:56:00,24.3
2025-06-12 04:29:00,77.6
2025-06-12 19:22:00,82.6
2025-06-12 21:13:00,3.9
2025-06-12 06:16:00,59.7
2025-06-12 18:38:00,49.776157380139004
2025-06-12 12:09:00,33.4
2025-06-12 13:39:00,72.2
2025-06-12 22:58:00,1.3
2025-06-12 19:27:00,8.8
2025-06-12 02:24:00,61.3
2025-06-12 13:11:00,59.5
2025-06-12 01:59:00,60.4
2025-06-12 06:17:00,31.1
2025-06-12 10:36:00,10.0
2025-06-12 19:51:00,98.8
2025-06-12 11:27:00,49.776157380139004
2025-06-12 14:04:00,84.5
2025-06-12 12:05:00,49.776157380139004
2025-06-12 14:29:00,62.6
2025-06-12 16:52:00,22.4
2025-06-12 16:06:00,74.1
2025-06-12 02:50:00,65.4
2025-06-12 23:09:00,92.5
2025-06-12 12:42:00,33.8
2025-06-12 01:29:00,46.9
2025-06-12 18:16:00,95.0
2025-06-12 07:13:00,35.6
2025-06-12 11:14:00,85.0
2025-06-12 15:09:00,49.81767540251498
2025-06-12 21:47:00,32.2
2025-06-12 18:36:00,12.9
2025-06-12 06:57:00,49.81767540251498
2025-06-12 13:26:00,18.0
2025-06-12 09:26:00,26.7
2025-06-12 22:24:00,84.6
2025-06-12 22:11:00,59.4
2025-06-12 23:13:00,35.1
2025-06-12 11:01:00,25.0
2025-06-12 09:32:00,6.9
2025-06-12 06:36:00,49.81767540251498
2025-06-12 23:05:00,71.4
2025-06-12 19:18:00,98.1
2025-06-12 16:37:00,17.1
2025-06-12 05:15:00,66.6
2025-06-12 17:51:00,49.81767540251498
2025-06-12 03:19:00,49.81767540251498
2025-06-12 18:07:00,33.9
2025-06-12 03:58:00,56.9
2025-06-12 16:19:00,49.81767540251498
2025-06-12 04:24:00,74.8
2025-06-12 07:18:00,93.8
2025-06-12 04:13:00,38.3
2025-06-12 07:24:00,72.4
2025-06-12 20:54:00,69.4
2025-06-12 23:57:00,64.6
2025-06-12 22:44:00,83.6
2025-06-12 02:56:00,66.7
2025-06-12 10:59:00,31.8
2025-06-12 04:28:00,71.6
2025-06-12 12:40:00,55.2
2025-06-12 06:40:00,24.5
2025-06-12 23:53:00,29.2
2025-06-12 20:52:00,33.1
2025-06-12 06:37:00,49.81767540251498
2025-06-12 18:34:00,29.3
2025-06-12 01:45:00,40.5
2025-06-12 11:33:00,31.4
2025-06-12 00:31:00,87.1
2025-06-12 06:19:00,41.8
2025-06-12 17:02:00,0.4
2025-06-12 05:43:00,0.3
2025-06-12 01:16:00,49.81767540251498
2025-06-12 12:30:00,47.9
2025-06-12 04:01:00,35.4
2025-06-12 23:34:00,11.3
2025-06-12 21:48:00,38.5
2025-06-12 13:37:00,60.0
2025-06-12 07:33:00,50.4
2025-06-12 02:22:00,20.3
2025-06-12 08:38:00,95.0
2025-06-12 02:33:00,49.81767540251498
2025-06-12 14:05:00,27.1
2025-06-12 19:53:00,82.6
2025-06-12 07:51:00,24.2
2025-06-12 19:38:00,48.5
2025-06-12 19:43:00,44.9
2025-06-12 11:57:00,40.0
2025-06-12 03:53:00,74.3
2025-06-12 01:59:00,49.81767540251498
2025-06-12 08:47:00,49.81767540251498
2025-06-12 02:59:00,35.5
2025-06-12 09:59:00,92.4
2025-06-12 10:26:00,15.8
2025-06-12 23:02:00,70.6
2025-06-12 07:35:00,35.9
2025-06-12 03:14:00,30.4
2025-06-12 20:04:00,59.2
2025-06-12 08:34:00,69.0
2025-06-12 08:07:00,49.81767540251498
2025-06-12 14:08:00,13.7
2025-06-12 06:38:00,12.3
2025-06-12 07:11:00,88.7
2025-06-12 00:35:00,63.8
2025-06-12 22:07:00,33.9
2025-06-12 12:29:00,72.2
2025-06-12 23:51:00,60.1
2025-06-12 15:00:00,49.81767540251498
2025-06-12 16:03:00,77.7
2025-06-12 16:07:00,30.1
2025-06-12 07:30:00,37.7
2025-06-12 14:03:00,98.8
2025-06-12 21:23:00,49.81767540251498
2025-06-12 16:40:00,97.1
2025-06-12 11:36:00,29.3
2025-06-12 09:20:00,65.9
2025-06-12 19:21:00,99.3
2025-06-12 07:15:00,3.8
2025-06-12 11:43:00,25.0
2025-06-12 23:30:00,66.8
2025-06-12 01:35:00,42.8
2025-06-12 07:45:00,55.2
2025-06-12 01:30:00,68.1
2025-06-12 06:53:00,31.0
2025-06-12 20:45:00,62.4
2025-06-12 01:56:00,69.0
2025-06-12 06:05:00,28.4
2025-06-12 13:48:00,27.4
2025-06-12 07:27:00,48.4
2025-06-12 20:16:00,82.9
2025-06-12 18:19:00,26.8
2025-06-12 10:05:00,43.6
2025-06-12 07:57:00,78.1
2025-06-12 05:59:00,3.8
2025-06-12 23:01:00,90.4
2025-06-12 00:54:00,99.2
2025-06-12 17:57:00,60.7
2025-06-12 00:11:00,49.5
2025-06-12 01:20:00,37.0
2025-06-12 20:59:00,54.7
2025-06-12 09:09:00,49.81767540251498
2025-06-12 02:10:00,7.9
2025-06-12 05:28:00,81.9
2025-06-12 12:22:00,19.2
2025-06-12 22:57:00,67.7
2025-06-12 12:19:00,28.8
2025-06-12 16:17:00,23.1
2025-06-12 03:39:00,19.0
2025-06-12 08:29:00,56.6
2025-06-12 19:15:00,94.9
2025-06-12 13:16:00,83.0
2025-06-12 20:53:00,96.6
2025-06-12 14:09:00,80.5
2025-06-12 16:34:00,49.81767540251498
2025-06-12 12:45:00,88.0
2025-06-12 04:25:00,39.7
2025-06-12 09:19:00,32.5
2025-06-12 14:29:00,52.8
2025-06-12 05:19:00,8.5
2025-06-12 16:14:00,52.2
2025-06-12 01:28:00,40.7
2025-06-12 08:57:00,84.7
2025-06-12 08:25:00,39.8
2025-06-12 21:32:00,39.3
2025-06-12 10:03:00,7.9
2025-06-12 07:47:00,5.4
2025-06-12 17:44:00,95.8
2025-06-12 18:02:00,49.81767540251498
2025-06-12 14:28:00,69.3
2025-06-12 17:23:00,49.81767540251498
2025-06-12 07:52:00,32.4
2025-06-12 11:00:00,72.1
2025-06-12 23:21:00,52.7
2025-06-12 04:35:00,46.2
2025-06-12 17:19:00,79.4
2025-06-12 07:55:00,49.81767540251498
2025-06-12 02:36:00,49.81767540251498
2025-06-12 04:11:00,12.9
2025-06-12 01:11:00,83.6
2025-06-12 00:07:00,51.8
2025-06-12 08:33:00,49.81767540251498
2025-06-12 16:11:00,1.5
2025-06-12 01:26:00,40.2
2025-06-12 21:20:00,45.6
2025-06-12 13:54:00,14.0
2025-06-12 11:39:00,69.6
2025-06-12 16:20:00,49.81767540251498
2025-06-12 14:58:00,82.4
2025-06-12 10:15:00,67.1
2025-06-12 13:41:00,81.0
2025-06-12 01:15:00,49.81767540251498
2025-06-12 11:40:00,92.1
2025-06-12 09:03:00,88.1
2025-06-12 03:09:00,18.5
2025-06-12 03:15:00,20.1
2025-06-12 12:26:00,29.5
2025-06-12 04:52:00,49.81767540251498
2025-06-12 19:32:00,61.0
2025-06-12 19:02:00,54.3
2025-06-12 09:29:00,72.6
2025-06-12 02:43:00,72.5
2025-06-12 00:19:00,84.5
2025-06-12 20:57:00,50.7
2025-06-12 00:10:00,25.9
2025-06-12 20:15:00,90.8
2025-06-12 13:34:00,13.7
2025-06-12 04:34:00,7.4
2025-06-12 20:11:00,49.81767540251498
2025-06-12 13:21:00,49.81767540251498
2025-06-12 23:00:00,47.1
2025-06-12 05:12:00,82.0
2025-06-12 12:49:00,26.1
2025-06-12 16:38:00,49.81767540251498
2025-06-12 16:27:00,49.81767540251498
2025-06-12 21:40:00,26.9
2025-06-12 05:25:00,53.2
2025-06-12 01:44:00,95.3
2025-06-12 22:58:00,96.4
2025-06-12 08:05:00,15.6
2025-06-12 22:59:00,49.81767540251498
2025-06-12 22:49:00,67.9
2025-06-12 21:02:00,49.81767540251498
2025-06-12 11:58:00,86.8
2025-06-12 06:23:00,58.9
2025-06-12 11:26:00,49.81767540251498
2025-06-12 09:11:00,62.5
2025-06-12 21:37:00,81.4
2025-06-12 16:55:00,49.81767540251498
2025-06-12 02:03:00,93.7
2025-06-12 13:51:00,47.8
2025-06-12 01:33:00,86.0
2025-06-12 18:06:00,0.6
2025-06-12 19:23:00,49.81767540251498
2025-06-12 18:35:00,13.1
2025-06-12 08:44:00,23.1
2025-06-12 05:50:00,49.81767540251498
2025-06-12 14:06:00,95.1
2025-06-12 05:42:00,98.3
2025-06-12 00:18:00,60.7
2025-06-12 21:16:00,7.2
2025-06-12 19:24:00,61.6
2025-06-12 08:00:00,70.3
2025-06-12 01:25:00,58.1
2025-06-12 02:27:00,49.81767540251498
2025-06-12 05:33:00,24.8
2025-06-12 10:55:00,45.4
2025-06-12 18:55:00,63.7
2025-06-12 23:55:00,49.81767540251498
2025-06-12 12:58:00,49.81767540251498
2025-06-12 06:22:00,49.81767540251498
2025-06-12 09:21:00,94.4
2025-06-12 17:15:00,48.1
2025-06-12 16:29:00,0.6
2025-06-12 13:35:00,87.0
2025-06-12 20:34:00,92.1
2025-06-12 14:36:00,40.7
2025-06-12 00:21:00,24.2
2025-06-12 17:03:00,21.6
2025-06-12 01:54:00,91.9
2025-06-12 16:59:00,34.7
2025-06-12 18:50:00,7.6
2025-06-12 09:13:00,10.8
2025-06-12 23:48:00,35.9
2025-06-12 16:04:00,54.8
2025-06-12 20:08:00,89.1
2025-06-12 19:47:00,66.8
2025-06-12 18:00:00,0.4
2025-06-12 10:14:00,23.3
2025-06-12 04:51:00,86.6
2025-06-12 17:49:00,16.7
2025-06-12 05:24:00,93.4
2025-06-12 16:42:00,9.7
2025-06-12 12:01:00,80.0
2025-06-12 12:15:00,91.9
2025-06-12 14:24:00,49.81767540251498
2025-06-12 11:12:00,37.3
2025-06-12 23:40:00,61.1
2025-06-12 09:05:00,97.0
2025-06-12 15:48:00,62.2
2025-06-12 17:10:00,49.81767540251498
2025-06-12 01:52:00,51.0
2025-06-12 06:35:00,49.81767540251498
2025-06-12 22:10:00,88.7
2025-06-12 17:46:00,39.0
2025-06-12 23:22:00,79.3
2025-06-12 14:19:00,98.6
2025-06-12 10:10:00,80.5
2025-06-12 23:16:00,49.81767540251498
2025-06-12 18:53:00,49.81767540251498
2025-06-12 03:11:00,94.2
2025-06-12 02:08:00,76.4
2025-06-12 10:52:00,49.81767540251498
2025-06-12 13:45:00,56.1
2025-06-12 19:00:00,49.81767540251498
2025-06-12 06:00:00,55.3
2025-06-12 08:48:00,66.0
2025-06-12 11:13:00,49.81767540251498
2025-06-12 09:24:00,32.6
2025-06-12 23:27:00,49.81767540251498
2025-06-12 00:55:00,36.8
2025-06-12 12:35:00,72.6
2025-06-12 11:15:00,49.81767540251498
2025-06-12 10:49:00,49.9
2025-06-12 21:14:00,67.2
2025-06-12 03:22:00,13.4
2025-06-12 17:53:00,49.81767540251498
2025-06-12 22:05:00,89.1
2025-06-12 08:30:00,96.2
2025-06-12 13:07:00,83.5
2025-06-12 08:24:00,13.9
2025-06-12 03:16:00,0.0
2025-06-12 09:34:00,39.1
2025-06-12 06:21:00,71.6
2025-06-12 17:47:00,69.1
2025-06-12 15:05:00,66.2
2025-06-12 20:50:00,47.9
2025-06-12 17:13:00,49.81767540251498
2025-06-12 15:43:00,37.4
2025-06-12 21:54:00,49.81767540251498
2025-06-12 18:10:00,64.2
2025-06-12 04:18:00,16.8
2025-06-12 14:42:00,12.8
2025-06-12 04:03:00,50.0
2025-06-12 23:45:00,77.5
2025-06-12 01:58:00,49.81767540251498
2025-06-12 14:44:00,59.0
2025-06-12 08:50:00,9.0
2025-06-12 06:54:00,74.9
2025-06-12 18:23:00,96.8
2025-06-12 10:41:00,67.6
2025-06-12 13:10:00,64.9
2025-06-12 10:44:00,24.0
2025-06-12 07:32:00,65.7
2025-06-12 21:58:00,49.81767540251498
2025-06-12 17:22:00,10.9
2025-06-12 13:20:00,86.8
2025-06-12 08:04:00,14.1
2025-06-12 00:08:00,68.7
2025-06-12 03:52:00,49.791111632270166
2025-06-12 19:00:00,66.4
2025-06-12 17:02:00,94.5
2025-06-12 11:04:00,49.791111632270166
2025-06-12 11:44:00,19.2
2025-06-12 05:43:00,5.3
2025-06-12 01:16:00,16.2
2025-06-12 00:39:00,66.1
2025-06-12 10:17:00,32.6
2025-06-12 18:01:00,72.4
2025-06-12 17:29:00,75.5
2025-06-12 03:48:00,60.8
2025-06-12 20:25:00,49.791111632270166
2025-06-12 12:11:00,73.2
2025-06-12 22:03:00,71.1
2025-06-12 00:32:00,26.3
2025-06-12 20:32:00,53.5
2025-06-12 05:39:00,11.0
2025-06-12 01:02:00,96.9
2025-06-12 21:10:00,44.1
2025-06-12 02:02:00,13.5
2025-06-12 15:38:00,11.1
2025-06-12 23:00:00,88.7
2025-06-12 03:53:00,49.791111632270166
2025-06-12 03:29:00,52.7
2025-06-12 11:59:00,56.7
2025-06-12 23:12:00,6.6
2025-06-12 19:55:00,79.4
2025-06-12 11:33:00,31.0
2025-06-12 09:57:00,46.2
2025-06-12 07:01:00,93.4
2025-06-12 18:18:00,7.0
2025-06-12 03:04:00,80.4
2025-06-12 14:11:00,49.791111632270166
2025-06-12 21:14:00,72.2
2025-06-12 21:50:00,62.0
2025-06-12 04:00:00,25.7
2025-06-12 18:36:00,94.9
2025-06-12 20:52:00,1.3
2025-06-12 17:10:00,94.6
2025-06-12 19:47:00,41.5
2025-06-12 19:42:00,49.791111632270166
2025-06-12 14:45:00,78.4
2025-06-12 12:35:00,60.3
2025-06-12 17:47:00,46.8
2025-06-12 21:33:00,62.1
2025-06-12 08:40:00,42.6
2025-06-12 20:16:00,97.5
2025-06-12 04:38:00,90.2
2025-06-12 03:20:00,49.791111632270166
2025-06-12 09:42:00,99.8
2025-06-12 12:40:00,53.9
2025-06-12 13:15:00,40.8
2025-06-12 13:47:00,23.9
2025-06-12 16:55:00,49.791111632270166
2025-06-12 18:40:00,27.4
2025-06-12 21:25:00,49.791111632270166
2025-06-12 06:04:00,49.791111632270166
2025-06-12 23:16:00,60.0
2025-06-12 02:58:00,52.6
2025-06-12 12:39:00,25.6
2025-06-12 12:44:00,49.791111632270166
2025-06-12 04:09:00,43.1
2025-06-12 14:56:00,94.6
2025-06-12 03:42:00,64.8
2025-06-12 13:59:00,49.791111632270166
2025-06-12 05:22:00,33.5
2025-06-12 03:36:00,49.791111632270166
2025-06-12 10:07:00,7.0
2025-06-12 02:10:00,12.3
2025-06-12 19:36:00,20.7
2025-06-12 13:14:00,35.2
2025-06-12 19:33:00,43.3
2025-06-12 03:19:00,73.5
2025-06-12 20:12:00,40.9
2025-06-12 10:28:00,43.1
2025-06-12 02:04:00,82.3
2025-06-12 04:41:00,59.2
2025-06-12 22:57:00,51.9
2025-06-12 13:05:00,47.6
2025-06-12 19:38:00,22.2
2025-06-12 12:09:00,44.5
2025-06-12 16:53:00,35.8
2025-06-12 19:57:00,59.1
2025-06-12 11:18:00,68.2
2025-06-12 15:56:00,87.9
2025-06-12 22:53:00,49.791111632270166
2025-06-12 22:36:00,2.6
2025-06-12 00:07:00,78.5
2025-06-12 02:59:00,12.5
2025-06-12 10:20:00,15.2
2025-06-12 00:04:00,10.9
2025-06-12 09:09:00,89.3
2025-06-12 01:40:00,49.791111632270166
2025-06-12 03:09:00,9.3
2025-06-12 22:54:00,4.9
2025-06-12 01:49:00,40.0
2025-06-12 02:13:00,15.7
2025-06-12 08:03:00,49.791111632270166
2025-06-12 05:50:00,14.5
2025-06-12 14:30:00,2.0
2025-06-12 06:43:00,46.3
2025-06-12 06:59:00,3.6
2025-06-12 19:02:00,3.7
2025-06-12 07:10:00,73.2
2025-06-12 01:45:00,8.7
2025-06-12 08:06:00,60.3
2025-06-12 05:01:00,22.9
2025-06-12 15:07:00,13.9
2025-06-12 19:40:00,62.0
2025-06-12 03:00:00,67.5
2025-06-12 23:01:00,69.4
2025-06-12 06:52:00,2.6
2025-06-12 11:10:00,94.2
2025-06-12 20:09:00,83.9
2025-06-12 11:26:00,61.2
2025-06-12 14:01:00,20.7
2025-06-12 07:34:00,42.5
2025-06-12 17:59:00,59.6
2025-06-12 06:56:00,54.9
2025-06-12 05:41:00,34.9
2025-06-12 21:47:00,95.1
2025-06-12 21:08:00,49.791111632270166
2025-06-12 16:05:00,67.3
2025-06-12 06:38:00,74.0
2025-06-12 16:21:00,30.4
2025-06-12 21:11:00,16.8
2025-06-12 20:39:00,57.8
2025-06-12 07:59:00,65.4
2025-06-12 16:50:00,60.8
2025-06-12 06:18:00,18.7
2025-06-12 13:57:00,16.4
2025-06-12 06:41:00,49.791111632270166
2025-06-12 19:19:00,41.1
2025-06-12 09:24:00,7.2
2025-06-12 05:54:00,19.2
2025-06-12 12:16:00,49.791111632270166
2025-06-12 05:34:00,10.5
2025-06-12 12:59:00,82.6
2025-06-12 16:39:00,40.0
2025-06-12 03:08:00,83.1
2025-06-12 23:38:00,51.9
2025-06-12 17:30:00,21.2
2025-06-12 01:47:00,75.5
2025-06-12 02:55:00,59.2
2025-06-12 05:18:00,58.0
2025-06-12 08:51:00,54.1
2025-06-12 11:55:00,50.0
2025-06-12 02:52:00,49.791111632270166
2025-06-12 00:38:00,64.8
2025-06-12 04:25:00,77.8
2025-06-12 15:06:00,6.0
2025-06-12 08:27:00,49.791111632270166
2025-06-12 04:49:00,61.2
2025-06-12 12:13:00,45.7
2025-06-12 20:17:00,12.7
2025-06-12 23:02:00,67.0
2025-06-12 02:01:00,49.791111632270166
2025-06-12 23:14:00,73.9
2025-06-12 19:43:00,63.4
2025-06-12 23:44:00,30.1
2025-06-12 10:23:00,30.5
2025-06-12 02:51:00,33.7
2025-06-12 16:25:00,99.8
2025-06-12 14:57:00,54.2
2025-06-12 19:54:00,28.3
2025-06-12 06:32:00,21.6
2025-06-12 22:08:00,95.5
2025-06-12 07:36:00,49.791111632270166
2025-06-12 06:33:00,29.6
2025-06-12 15:17:00,49.791111632270166
2025-06-12 10:35:00,39.4
2025-06-12 00:10:00,14.8
2025-06-12 20:08:00,96.7
2025-06-12 02:28:00,24.0
2025-06-12 00:00:00,99.6
2025-06-12 07:37:00,76.9
2025-06-12 06:21:00,46.7
2025-06-12 11:05:00,70.1
2025-06-12 04:47:00,97.8
2025-06-12 06:03:00,79.9
2025-06-12 00:20:00,42.9
2025-06-12 11:35:00,31.1
2025-06-12 07:05:00,36.3
2025-06-12 06:53:00,49.791111632270166
2025-06-12 18:03:00,84.5
2025-06-12 14:23:00,38.1
2025-06-12 02:54:00,68.0
2025-06-12 06:00:00,72.1
2025-06-12 19:23:00,97.0
2025-06-12 16:46:00,49.791111632270166
2025-06-12 17:43:00,49.791111632270166
2025-06-12 18:05:00,21.8
2025-06-12 05:40:00,90.5
2025-06-12 13:33:00,49.791111632270166
2025-06-12 18:52:00,6.2
2025-06-12 16:09:00,14.2
2025-06-12 03:31:00,19.6
2025-06-12 09:06:00,86.6
2025-06-12 10:37:00,77.7
2025-06-12 22:24:00,39.8
2025-06-12 06:11:00,2.8
2025-06-12 08:17:00,49.791111632270166
2025-06-12 21:32:00,80.5
2025-06-12 01:31:00,46.0
2025-06-12 15:20:00,49.791111632270166
2025-06-12 01:58:00,80.2
2025-06-12 12:43:00,17.6
2025-06-12 19:22:00,98.7
2025-06-12 07:06:00,49.791111632270166
2025-06-12 02:20:00,29.1
2025-06-12 19:41:00,66.7
2025-06-12 02:08:00,49.791111632270166
2025-06-12 04:34:00,74.3
2025-06-12 02:30:00,49.791111632270166
2025-06-12 04:31:00,95.1
2025-06-12 19:37:00,96.2
2025-06-12 10:15:00,9.7
2025-06-12 18:56:00,66.8
2025-06-12 14:16:00,68.7
2025-06-12 05:56:00,39.5
2025-06-12 18:17:00,51.1
2025-06-12 16:31:00,6.5
2025-06-12 13:31:00,49.791111632270166
2025-06-12 23:41:00,82.8
2025-06-12 11:08:00,49.791111632270166
2025-06-12 12:52:00,95.4
2025-06-12 19:53:00,49.791111632270166
2025-06-12 22:22:00,99.8
2025-06-12 16:11:00,69.6
2025-06-12 20:26:00,6.1
2025-06-12 08:38:00,46.3
2025-06-12 17:56:00,5.3
2025-06-12 09:43:00,20.7
2025-06-12 22:40:00,49.791111632270166
2025-06-12 10:34:00,44.4
2025-06-12 02:21:00,47.8
2025-06-12 19:49:00,76.4
2025-06-12 09:04:00,14.1
2025-06-12 12:21:00,89.8
2025-06-12 21:02:00,53.0
2025-06-12 10:04:00,28.0
2025-06-12 09:40:00,2.5
2025-06-12 12:56:00,49.791111632270166
2025-06-12 23:10:00,61.8
2025-06-12 20:43:00,7.9
2025-06-12 10:59:00,1.7
2025-06-12 12:46:00,16.1
2025-06-12 08:56:00,33.5
2025-06-12 09:46:00,72.9
2025-06-12 09:05:00,4.5
2025-06-12 15:00:00,63.5
2025-06-12 23:23:00,91.3
2025-06-12 07:22:00,70.6
2025-06-12 01:33:00,5.6
2025-06-12 15:31:00,55.3
2025-06-12 16:42:00,97.9
2025-06-12 19:15:00,65.5
2025-06-12 06:01:00,4.8
2025-06-12 23:35:00,59.7
2025-06-12 12:08:00,36.0
2025-06-12 16:36:00,98.5
2025-06-12 21:21:00,73.0
2025-06-12 08:13:00,6.6
2025-06-12 07:43:00,77.0
2025-06-12 09:55:00,17.6
2025-06-12 13:10:00,52.4
2025-06-12 08:25:00,55.2
2025-06-12 18:30:00,38.6
2025-06-12 03:23:00,94.1
2025-06-12 04:55:00,49.6
2025-06-12 07:53:00,88.5
2025-06-12 02:34:00,2.5
2025-06-12 13:01:00,14.4
2025-06-12 16:10:00,29.1
2025-06-12 14:24:00,50.406503298774744
2025-06-12 00:26:00,9.9
2025-06-12 04:16:00,6.6
2025-06-12 23:43:00,5.8
2025-06-12 03:41:00,50.406503298774744
2025-06-12 15:06:00,79.8
2025-06-12 14:46:00,64.5
2025-06-12 10:46:00,56.3
2025-06-12 00:29:00,64.9
2025-06-12 11:11:00,50.406503298774744
2025-06-12 02:19:00,50.406503298774744
2025-06-12 04:35:00,41.3
2025-06-12 00:52:00,50.406503298774744
2025-06-12 01:34:00,50.406503298774744
2025-06-12 04:40:00,78.6
2025-06-12 14:08:00,12.0
2025-06-12 12:35:00,18.0
2025-06-12 19:37:00,50.406503298774744
2025-06-12 19:29:00,68.8
2025-06-12 08:54:00,15.7
2025-06-12 14:31:00,38.8
2025-06-12 00:28:00,9.4
2025-06-12 11:38:00,1.4
2025-06-12 19:58:00,58.7
2025-06-12 07:37:00,41.8
2025-06-12 00:15:00,43.6
2025-06-12 18:59:00,78.5
2025-06-12 02:51:00,49.8
2025-06-12 11:59:00,78.8
2025-06-12 21:50:00,35.5
2025-06-12 07:56:00,50.406503298774744
2025-06-12 16:18:00,3.7
2025-06-12 17:00:00,18.3
2025-06-12 13:49:00,50.406503298774744
2025-06-12 03:46:00,89.8
2025-06-12 03:33:00,44.2
2025-06-12 17:39:00,50.406503298774744
2025-06-12 20:54:00,50.406503298774744
2025-06-12 13:16:00,90.7
2025-06-12 13:33:00,18.6
2025-06-12 06:13:00,18.3
2025-06-12 09:29:00,50.406503298774744
2025-06-12 12:24:00,34.7
2025-06-12 12:00:00,1.1
2025-06-12 07:11:00,50.406503298774744
2025-06-12 20:23:00,38.5
2025-06-12 06:53:00,92.9
2025-06-12 03:43:00,57.1
2025-06-12 09:23:00,30.6
2025-06-12 21:35:00,95.8
2025-06-12 00:59:00,25.9
2025-06-12 01:08:00,50.406503298774744
2025-06-12 06:30:00,50.406503298774744
2025-06-12 02:14:00,60.5
2025-06-12 19:52:00,33.0
2025-06-12 01:52:00,60.5
2025-06-12 03:48:00,50.406503298774744
2025-06-12 21:36:00,50.406503298774744
2025-06-12 15:29:00,50.406503298774744
2025-06-12 15:47:00,95.2
2025-06-12 14:35:00,84.7
2025-06-12 11:01:00,90.6
2025-06-12 03:11:00,65.3
2025-06-12 19:45:00,0.3
2025-06-12 04:36:00,73.9
2025-06-12 02:40:00,50.406503298774744
2025-06-12 23:10:00,69.9
2025-06-12 02:37:00,70.4
2025-06-12 12:36:00,40.7
2025-06-12 18:07:00,11.8
2025-06-12 03:40:00,78.0
2025-06-12 11:08:00,2.8
2025-06-12 01:02:00,50.406503298774744
2025-06-12 16:00:00,65.5
2025-06-12 15:50:00,30.2
2025-06-12 07:48:00,50.406503298774744
2025-06-12 22:36:00,19.7
2025-06-12 01:33:00,63.7
2025-06-12 08:59:00,91.8
2025-06-12 21:52:00,50.406503298774744
2025-06-12 11:21:00,82.5
2025-06-12 20:03:00,57.5
2025-06-12 11:22:00,50.406503298774744
2025-06-12 08:18:00,65.0
2025-06-12 15:14:00,14.0
2025-06-12 19:17:00,21.9
2025-06-12 17:06:00,50.406503298774744
2025-06-12 23:57:00,86.0
2025-06-12 02:06:00,65.7
2025-06-12 12:39:00,53.4
2025-06-12 05:13:00,68.2
2025-06-12 09:16:00,77.1
2025-06-12 21:01:00,48.1
2025-06-12 16:38:00,86.5
2025-06-12 08:52:00,13.8
2025-06-12 15:38:00,51.1
2025-06-12 06:20:00,4.0
2025-06-12 14:26:00,50.406503298774744
2025-06-12 01:15:00,37.7
2025-06-12 18:16:00,80.9
2025-06-12 03:15:00,4.0
2025-06-12 04:53:00,35.3
2025-06-12 02:36:00,73.9
2025-06-12 16:23:00,48.5
2025-06-12 14:44:00,15.7
2025-06-12 13:11:00,50.406503298774744
2025-06-12 04:48:00,74.7
2025-06-12 00:35:00,11.4
2025-06-12 07:55:00,64.2
2025-06-12 08:36:00,58.9
2025-06-12 21:47:00,75.3
2025-06-12 01:46:00,84.2
2025-06-12 09:18:00,76.1
2025-06-12 06:14:00,81.1
2025-06-12 04:14:00,50.406503298774744
2025-06-12 02:47:00,50.406503298774744
2025-06-12 16:14:00,92.7
2025-06-12 03:38:00,18.5
2025-06-12 14:18:00,8.7
2025-06-12 12:49:00,15.6
2025-06-12 17:46:00,83.0
2025-06-12 13:24:00,45.7
2025-06-12 21:43:00,83.8
2025-06-12 17:35:00,50.406503298774744
2025-06-12 02:33:00,50.406503298774744
2025-06-12 16:05:00,50.406503298774744
2025-06-12 19:19:00,2.5
2025-06-12 13:45:00,13.1
2025-06-12 22:15:00,37.6
2025-06-12 21:07:00,89.2
2025-06-12 23:15:00,8.2
2025-06-12 22:40:00,99.2
2025-06-12 04:32:00,73.1
2025-06-12 14:34:00,50.406503298774744
2025-06-12 08:03:00,13.4
2025-06-12 01:06:00,10.7
2025-06-12 03:57:00,27.5
2025-06-12 20:00:00,5.0
2025-06-12 11:41:00,90.6
2025-06-12 14:58:00,23.3
2025-06-12 02:59:00,13.6
2025-06-12 05:41:00,74.9
2025-06-12 13:34:00,45.4
2025-06-12 23:32:00,3.3
2025-06-12 01:00:00,31.1
2025-06-12 02:07:00,32.9
2025-06-12 16:33:00,21.9
2025-06-12 16:06:00,37.8
2025-06-12 20:24:00,16.7
2025-06-12 04:29:00,14.5
2025-06-12 12:44:00,50.406503298774744
2025-06-12 14:19:00,91.1
2025-06-12 17:30:00,76.7
2025-06-12 14:42:00,15.2
2025-06-12 08:00:00,21.7
2025-06-12 14:20:00,17.6
2025-06-12 15:31:00,0.1
2025-06-12 19:55:00,88.7
2025-06-12 11:28:00,50.406503298774744
2025-06-12 05:50:00,7.3
2025-06-12 08:23:00,64.9
2025-06-12 21:44:00,50.406503298774744
2025-06-12 14:11:00,80.4
2025-06-12 09:06:00,31.1
2025-06-12 06:12:00,80.0
2025-06-12 00:38:00,27.0
2025-06-12 15:46:00,50.406503298774744
2025-06-12 07:57:00,12.3
2025-06-12 02:39:00,53.5
2025-06-12 06:15:00,58.9
2025-06-12 19:04:00,46.3
2025-06-12 23:44:00,61.2
2025-06-12 00:49:00,22.6
2025-06-12 13:14:00,23.4
2025-06-12 01:37:00,30.3
2025-06-12 22:27:00,14.6
2025-06-12 17:57:00,23.7
2025-06-12 18:34:00,48.1
2025-06-12 04:51:00,31.6
2025-06-12 18:49:00,50.406503298774744
2025-06-12 03:05:00,28.8
2025-06-12 23:47:00,50.406503298774744
2025-06-12 09:14:00,50.406503298774744
2025-06-12 14:41:00,92.7
2025-06-12 16:21:00,52.3
2025-06-12 07:16:00,78.2
2025-06-12 19:20:00,78.3
2025-06-12 04:00:00,95.4
2025-06-12 14:50:00,79.5
2025-06-12 18:40:00,2.5
2025-06-12 18:15:00,79.0
2025-06-12 02:48:00,45.1
2025-06-12 13:28:00,4.5
2025-06-12 11:32:00,20.6
2025-06-12 21:17:00,35.7
2025-06-12 22:23:00,45.4
2025-06-12 09:10:00,33.8
2025-06-12 13:26:00,99.2
2025-06-12 05:15:00,39.6
2025-06-12 23:34:00,21.0
2025-06-12 23:22:00,50.406503298774744
2025-06-12 07:28:00,50.406503298774744
2025-06-12 11:13:00,76.6
2025-06-12 22:17:00,57.3
2025-06-12 07:44:00,50.406503298774744
2025-06-12 20:55:00,67.9
2025-06-12 10:57:00,69.6
2025-06-12 22:16:00,83.6
2025-06-12 03:06:00,30.0
2025-06-12 15:40:00,50.406503298774744
2025-06-12 21:03:00,49.1
2025-06-12 20:20:00,42.1
2025-06-12 09:22:00,50.0
2025-06-12 14:21:00,6.1
2025-06-12 11:54:00,69.3
2025-06-12 18:25:00,51.0
2025-06-12 21:46:00,1.3
2025-06-12 00:34:00,47.8
2025-06-12 08:39:00,78.5
2025-06-12 19:57:00,42.9
2025-06-12 06:39:00,60.8
2025-06-12 20:51:00,28.3
2025-06-12 19:15:00,77.6
2025-06-12 09:53:00,65.7
2025-06-12 14:04:00,74.4
2025-06-12 01:14:00,19.7
2025-06-12 22:55:00,81.2
2025-06-12 00:13:00,21.4
2025-06-12 02:20:00,15.2
2025-06-12 00:24:00,99.7
2025-06-12 08:35:00,8.2
2025-06-12 18:14:00,81.8
2025-06-12 04:41:00,49.0
2025-06-12 23:53:00,76.7
2025-06-12 12:52:00,50.406503298774744
2025-06-12 19:44:00,48.3
2025-06-12 14:07:00,99.7
2025-06-12 04:05:00,93.2
2025-06-12 04:38:00,50.406503298774744
2025-06-12 10:48:00,97.8
2025-06-12 10:31:00,50.406503298774744
2025-06-12 13:31:00,50.406503298774744
2025-06-12 05:03:00,21.8
2025-06-12 12:56:00,46.2
2025-06-12 11:48:00,77.5
2025-06-12 06:08:00,50.406503298774744
2025-06-12 12:20:00,62.4
2025-06-12 22:48:00,22.0
2025-06-12 17:42:00,13.4
2025-06-12 07:54:00,35.9
2025-06-12 04:04:00,23.1
2025-06-12 02:49:00,73.7
2025-06-12 00:36:00,71.1
2025-06-12 03:31:00,10.1
2025-06-12 04:37:00,28.5
2025-06-12 11:26:00,35.3
2025-06-12 13:04:00,95.6
2025-06-12 12:47:00,46.3
2025-06-12 18:00:00,77.9
2025-06-12 05:18:00,79.3
2025-06-12 06:55:00,70.3
2025-06-12 07:12:00,92.7
2025-06-12 18:33:00,85.0
2025-06-12 08:12:00,21.0
2025-06-12 22:09:00,77.8
2025-06-12 05:55:00,24.8
2025-06-12 12:26:00,85.0
2025-06-12 22:00:00,89.7
2025-06-12 18:11:00,33.3
2025-06-12 08:48:00,42.0
2025-06-12 07:08:00,61.8
2025-06-12 03:19:00,10.3
2025-06-12 17:32:00,98.8
2025-06-12 06:25:00,24.9
2025-06-12 19:46:00,73.9
2025-06-12 06:37:00,12.0
2025-06-12 05:05:00,14.4
2025-06-12 04:13:00,19.6
2025-06-12 20:05:00,11.7
2025-06-12 14:06:00,41.9
2025-06-12 04:45:00,61.3
2025-06-12 22:35:00,13.1
2025-06-12 10:04:00,75.4
2025-06-12 13:40:00,50.406503298774744
2025-06-12 17:10:00,33.8
2025-06-12 14:38:00,70.5
2025-06-12 19:07:00,50.406503298774744
2025-06-12 10:32:00,29.6
2025-06-12 03:23:00,31.5
2025-06-12 09:25:00,50.406503298774744
2025-06-12 20:02:00,50.406503298774744
2025-06-12 04:25:00,16.6
2025-06-12 01:20:00,55.5
2025-06-12 01:54:00,70.5
2025-06-12 03:26:00,16.2
2025-06-12 02:29:00,80.8
2025-06-12 06:06:00,36.7
2025-06-12 18:10:00,2.2
2025-06-12 00:54:00,56.0
2025-06-12 04:18:00,50.406503298774744
2025-06-12 13:44:00,72.7
2025-06-12 19:28:00,56.1
2025-06-12 20:58:00,7.3
2025-06-12 06:40:00,20.3
2025-06-12 05:36:00,36.3
2025-06-12 10:55:00,79.9
2025-06-12 16:20:00,30.9
2025-06-12 09:19:00,94.5
2025-06-12 19:35:00,92.9
2025-06-12 23:58:00,49.4
2025-06-12 07:18:00,68.0
2025-06-12 22:31:00,59.9
2025-06-12 14:05:00,60.9
2025-06-12 13:12:00,5.4
2025-06-12 19:50:00,6.0
2025-06-12 21:52:00,67.5
2025-06-12 17:25:00,34.6
2025-06-12 09:14:00,25.7
2025-06-12 07:42:00,79.0
2025-06-12 10:16:00,73.4
2025-06-12 15:41:00,50.3160582227961
2025-06-12 03:59:00,8.5
2025-06-12 07:29:00,43.5
2025-06-12 13:20:00,50.3160582227961
2025-06-12 14:53:00,7.4
2025-06-12 00:13:00,29.6
2025-06-12 04:18:00,66.6
2025-06-12 06:24:00,66.4
2025-06-12 12:53:00,50.3160582227961
2025-06-12 00:39:00,50.3160582227961
2025-06-12 23:27:00,88.6
2025-06-12 01:42:00,58.7
2025-06-12 00:25:00,69.6
2025-06-12 23:46:00,20.0
2025-06-12 20:35:00,93.4
2025-06-12 17:41:00,50.3160582227961
2025-06-12 12:51:00,26.9
2025-06-12 15:28:00,84.9
2025-06-12 08:56:00,50.3160582227961
2025-06-12 23:59:00,50.3160582227961
2025-06-12 12:06:00,73.1
2025-06-12 10:38:00,99.9
2025-06-12 10:27:00,22.6
2025-06-12 00:06:00,3.6
2025-06-12 05:57:00,25.9
2025-06-12 10:22:00,73.0
2025-06-12 09:07:00,74.9
2025-06-12 01:04:00,21.8
2025-06-12 19:39:00,96.3
2025-06-12 08:03:00,89.9
2025-06-12 04:37:00,64.2
2025-06-12 20:16:00,15.3
2025-06-12 22:12:00,80.8
2025-06-12 18:50:00,86.8
2025-06-12 14:16:00,50.3160582227961
2025-06-12 06:33:00,28.7
2025-06-12 05:19:00,78.4
2025-06-12 13:24:00,50.3160582227961
2025-06-12 14:13:00,50.3160582227961
2025-06-12 21:00:00,51.4
2025-06-12 12:16:00,38.9
2025-06-12 16:54:00,55.7
2025-06-12 19:57:00,2.1
2025-06-12 06:52:00,50.3160582227961
2025-06-12 13:56:00,50.3160582227961
2025-06-12 19:02:00,3.0
2025-06-12 07:31:00,84.4
2025-06-12 12:22:00,4.9
2025-06-12 15:12:00,70.0
2025-06-12 00:14:00,15.2
2025-06-12 02:35:00,89.8
2025-06-12 20:44:00,33.9
2025-06-12 07:16:00,0.2
2025-06-12 21:05:00,48.2
2025-06-12 12:37:00,55.4
2025-06-12 08:32:00,50.3160582227961
2025-06-12 19:34:00,89.6
2025-06-12 14:22:00,87.6
2025-06-12 19:20:00,24.3
2025-06-12 01:49:00,34.8
2025-06-12 02:57:00,60.4
2025-06-12 07:02:00,97.0
2025-06-12 19:56:00,55.3
2025-06-12 21:19:00,99.4
2025-06-12 12:27:00,22.8
2025-06-12 18:57:00,50.3160582227961
2025-06-12 04:04:00,50.3160582227961
2025-06-12 15:13:00,71.8
2025-06-12 08:54:00,1.7
2025-06-12 00:43:00,2.3
2025-06-12 09:57:00,26.2
2025-06-12 06:54:00,16.9
2025-06-12 22:15:00,13.3
2025-06-12 00:55:00,0.2
2025-06-12 19:22:00,70.9
2025-06-12 06:20:00,47.2
2025-06-12 07:52:00,66.9
2025-06-12 22:28:00,85.8
2025-06-12 16:13:00,92.1
2025-06-12 12:09:00,58.9
2025-06-12 21:24:00,99.9
2025-06-12 22:05:00,61.7
2025-06-12 07:55:00,25.1
2025-06-12 07:05:00,40.2
2025-06-12 15:36:00,75.9
2025-06-12 19:47:00,43.4
2025-06-12 00:32:00,96.8
2025-06-12 05:24:00,54.6
2025-06-12 04:43:00,42.5
2025-06-12 21:02:00,0.8
2025-06-12 20:53:00,65.0
2025-06-12 01:11:00,65.2
2025-06-12 11:40:00,21.6
2025-06-12 19:06:00,4.1
2025-06-12 10:28:00,46.1
2025-06-12 03:30:00,54.4
2025-06-12 17:55:00,27.9
2025-06-12 02:06:00,50.3160582227961
2025-06-12 19:29:00,50.3160582227961
2025-06-12 22:41:00,45.1
2025-06-12 10:15:00,31.2
2025-06-12 06:49:00,56.7
2025-06-12 01:23:00,70.7
2025-06-12 07:49:00,46.0
2025-06-12 01:58:00,48.0
2025-06-12 01:28:00,80.1
2025-06-12 14:35:00,50.3160582227961
2025-06-12 08:23:00,8.7
2025-06-12 13:11:00,19.6
2025-06-12 18:24:00,2.4
2025-06-12 02:26:00,44.1
2025-06-12 19:38:00,80.3
2025-06-12 15:30:00,50.3160582227961
2025-06-12 22:59:00,78.2
2025-06-12 03:57:00,31.2
2025-06-12 11:08:00,44.4
2025-06-12 21:57:00,20.5
2025-06-12 16:08:00,50.3160582227961
2025-06-12 15:54:00,77.6
2025-06-12 18:44:00,55.4
2025-06-12 20:56:00,85.6
2025-06-12 20:29:00,50.3160582227961
2025-06-12 14:44:00,19.7
2025-06-12 15:38:00,46.1
2025-06-12 20:15:00,88.0
2025-06-12 23:30:00,95.9
2025-06-12 00:28:00,50.3160582227961
2025-06-12 11:09:00,70.1
2025-06-12 04:45:00,98.5
2025-06-12 05:30:00,19.9
2025-06-12 20:07:00,95.0
2025-06-12 10:01:00,50.3160582227961
2025-06-12 16:55:00,50.3160582227961
2025-06-12 05:25:00,90.6
2025-06-12 17:11:00,7.8
2025-06-12 06:44:00,34.2
2025-06-12 23:48:00,1.2
2025-06-12 04:15:00,50.3160582227961
2025-06-12 06:14:00,58.2
2025-06-12 14:43:00,46.9
2025-06-12 11:43:00,50.3160582227961
2025-06-12 21:26:00,96.4
2025-06-12 02:19:00,68.6
2025-06-12 08:02:00,89.0
2025-06-12 09:32:00,51.9
2025-06-12 05:21:00,18.5
2025-06-12 09:44:00,30.1
2025-06-12 20:39:00,98.6
2025-06-12 05:03:00,89.6
2025-06-12 22:14:00,16.2
2025-06-12 20:21:00,2.2
2025-06-12 19:05:00,96.1
2025-06-12 16:25:00,71.0
2025-06-12 02:42:00,92.1
2025-06-12 22:52:00,64.4
2025-06-12 03:53:00,7.1
2025-06-12 20:58:00,3.5
2025-06-12 21:48:00,32.4
2025-06-12 12:34:00,33.7
2025-06-12 19:25:00,3.9
2025-06-12 04:38:00,50.3160582227961
2025-06-12 17:09:00,7.9
2025-06-12 19:36:00,33.8
2025-06-12 13:48:00,26.4
2025-06-12 10:46:00,3.8
2025-06-12 13:58:00,45.7
2025-06-12 11:35:00,50.3160582227961
2025-06-12 05:50:00,41.6
2025-06-12 06:07:00,50.3160582227961
2025-06-12 10:02:00,77.4
2025-06-12 10:47:00,50.3160582227961
2025-06-12 01:01:00,98.2
2025-06-12 12:30:00,20.0
2025-06-12 04:42:00,20.0
2025-06-12 21:23:00,50.3160582227961
2025-06-12 23:32:00,6.8
2025-06-12 09:35:00,98.2
2025-06-12 10:51:00,53.5
2025-06-12 23:15:00,11.1
2025-06-12 01:06:00,88.1
2025-06-12 10:07:00,16.6
2025-06-12 01:59:00,88.5
2025-06-12 18:34:00,89.8
2025-06-12 14:51:00,94.6
2025-06-12 15:55:00,66.5
2025-06-12 03:47:00,25.4
2025-06-12 16:16:00,63.1
2025-06-12 09:56:00,63.8
2025-06-12 14:37:00,32.3
2025-06-12 18:13:00,50.3160582227961
2025-06-12 17:15:00,88.2
2025-06-12 03:31:00,39.9
2025-06-12 15:03:00,85.9
2025-06-12 20:27:00,93.6
2025-06-12 02:45:00,81.0
2025-06-12 20:13:00,18.5
2025-06-12 10:32:00,45.8
2025-06-12 12:24:00,47.1
2025-06-12 04:11:00,55.7
2025-06-12 06:45:00,39.7
2025-06-12 20:05:00,88.6
2025-06-12 21:06:00,50.3160582227961
2025-06-12 23:56:00,11.8
2025-06-12 08:31:00,46.2
2025-06-12 13:29:00,25.1
2025-06-12 19:07:00,93.0
2025-06-12 23:50:00,47.1
2025-06-12 08:13:00,71.6
2025-06-12 00:26:00,65.1
2025-06-12 06:13:00,96.8
2025-06-12 10:13:00,78.2
2025-06-12 01:27:00,27.9
2025-06-12 23:12:00,95.7
2025-06-12 02:28:00,3.0
2025-06-12 18:06:00,61.5
2025-06-12 14:46:00,8.7
2025-06-12 09:13:00,30.7
2025-06-12 05:40:00,74.8
2025-06-12 04:54:00,27.7
2025-06-12 20:48:00,37.1
2025-06-12 17:47:00,50.3
2025-06-12 12:08:00,73.4
2025-06-12 05:32:00,50.3160582227961
2025-06-12 11:21:00,62.7
2025-06-12 14:29:00,47.8
2025-06-12 00:12:00,78.8
2025-06-12 16:06:00,47.4
2025-06-12 08:22:00,39.7
2025-06-12 13:18:00,96.7
2025-06-12 03:09:00,52.4
2025-06-12 05:00:00,83.6
2025-06-12 17:44:00,70.1
2025-06-12 20:12:00,35.9
2025-06-12 04:00:00,28.0
2025-06-12 06:38:00,35.2
2025-06-12 07:15:00,5.6
2025-06-12 14:18:00,45.4
2025-06-12 08:28:00,83.2
2025-06-12 12:17:00,13.9
2025-06-12 05:20:00,50.3160582227961
2025-06-12 04:35:00,35.9
2025-06-12 23:40:00,52.6
2025-06-12 08:52:00,38.8
2025-06-12 23:16:00,80.9
2025-06-12 14:10:00,27.4
2025-06-12 08:17:00,1.0
2025-06-12 09:37:00,56.9
2025-06-12 03:45:00,93.7
2025-06-12 11:20:00,50.4
2025-06-12 12:29:00,18.0
2025-06-12 20:31:00,63.6
2025-06-12 05:39:00,91.6
2025-06-12 11:52:00,86.2
2025-06-12 20:11:00,50.3160582227961
2025-06-12 12:01:00,30.8
2025-06-12 01:21:00,82.3
2025-06-12 06:43:00,7.6
2025-06-12 03:46:00,86.8
2025-06-12 14:24:00,76.9
2025-06-12 03:11:00,49.3
2025-06-12 09:23:00,36.6
2025-06-12 02:48:00,78.9
2025-06-12 21:55:00,77.3
2025-06-12 14:58:00,26.4
2025-06-12 21:04:00,14.0
2025-06-12 21:12:00,32.7
2025-06-12 21:08:00,47.1
2025-06-12 12:23:00,87.6
2025-06-12 14:07:00,67.4
2025-06-12 05:48:00,51.6
2025-06-12 08:30:00,37.5
2025-06-12 20:25:00,86.7
2025-06-12 23:55:00,86.7
2025-06-12 14:08:00,33.4
2025-06-12 23:51:00,55.9
2025-06-12 04:55:00,56.3
2025-06-12 09:31:00,50.3160582227961
2025-06-12 03:08:00,64.5
2025-06-12 02:55:00,50.3160582227961
2025-06-12 15:56:00,88.5
2025-06-12 04:53:00,89.1
2025-06-12 10:03:00,40.1
2025-06-12 00:50:00,30.8
2025-06-12 18:11:00,36.4
2025-06-12 06:59:00,42.5
2025-06-12 15:50:00,27.1
2025-06-12 22:17:00,1.0
2025-06-12 12:52:00,74.5
2025-06-12 08:44:00,24.8
2025-06-12 09:10:00,99.6
2025-06-12 22:44:00,83.7
2025-06-12 14:03:00,72.5
2025-06-12 06:16:00,89.5
2025-06-12 16:27:00,35.7
2025-06-12 08:04:00,21.1
2025-06-12 17:13:00,78.2
2025-06-12 11:37:00,42.7
2025-06-12 09:53:00,92.3
2025-06-12 18:22:00,20.3
2025-06-12 05:45:00,16.9
2025-06-12 03:49:00,24.1
2025-06-12 18:26:00,35.0
2025-06-12 16:40:00,86.6
2025-06-12 04:00:00,19.1
2025-06-12 21:47:00,75.7
2025-06-12 06:00:00,33.4
2025-06-12 13:41:00,37.7
2025-06-12 18:57:00,23.1
2025-06-12 10:59:00,60.8
2025-06-12 09:11:00,82.2
2025-06-12 16:37:00,53.3
2025-06-12 10:44:00,50.04954009433962
2025-06-12 20:33:00,4.3
2025-06-12 14:43:00,87.4
2025-06-12 16:58:00,5.8
2025-06-12 22:16:00,97.1
2025-06-12 16:48:00,27.4
2025-06-12 16:26:00,21.3
2025-06-12 19:28:00,94.4
2025-06-12 22:59:00,27.4
2025-06-12 14:48:00,50.04954009433962
2025-06-12 03:55:00,11.9
2025-06-12 05:50:00,96.8
2025-06-12 05:15:00,75.6
2025-06-12 07:15:00,82.4
2025-06-12 03:34:00,36.3
2025-06-12 23:07:00,76.4
2025-06-12 22:57:00,30.2
2025-06-12 08:41:00,72.7
2025-06-12 09:52:00,76.6
2025-06-12 09:47:00,50.04954009433962
2025-06-12 02:03:00,94.3
2025-06-12 01:07:00,24.7
2025-06-12 23:05:00,94.6
2025-06-12 23:49:00,75.5
2025-06-12 07:43:00,4.4
2025-06-12 13:28:00,96.8
2025-06-12 01:57:00,50.04954009433962
2025-06-12 04:20:00,74.1
2025-06-12 10:01:00,69.7
2025-06-12 14:40:00,14.5
2025-06-12 13:50:00,5.1
2025-06-12 02:09:00,31.9
2025-06-12 15:41:00,15.4
2025-06-12 07:17:00,79.9
2025-06-12 18:11:00,33.9
2025-06-12 18:03:00,49.9
2025-06-12 06:13:00,60.5
2025-06-12 21:53:00,98.9
2025-06-12 18:04:00,42.1
2025-06-12 17:46:00,24.2
2025-06-12 15:55:00,50.04954009433962
2025-06-12 11:16:00,10.6
2025-06-12 02:22:00,61.5
2025-06-12 01:43:00,19.2
2025-06-12 15:38:00,50.04954009433962
2025-06-12 22:27:00,10.3
2025-06-12 17:48:00,66.7
2025-06-12 15:58:00,20.5
2025-06-12 08:07:00,58.6
2025-06-12 09:27:00,14.6
2025-06-12 07:18:00,47.1
2025-06-12 22:35:00,34.0
2025-06-12 14:51:00,79.6
2025-06-12 12:54:00,2.5
2025-06-12 05:30:00,15.8
2025-06-12 15:00:00,68.9
2025-06-12 08:24:00,50.04954009433962
2025-06-12 05:06:00,33.7
2025-06-12 02:42:00,67.1
2025-06-12 03:41:00,50.04954009433962
2025-06-12 03:52:00,38.9
2025-06-12 04:28:00,50.04954009433962
2025-06-12 16:45:00,89.1
2025-06-12 12:21:00,4.9
2025-06-12 05:59:00,97.3
2025-06-12 23:31:00,50.04954009433962
2025-06-12 20:52:00,78.0
2025-06-12 03:47:00,78.2
2025-06-12 04:13:00,90.9
2025-06-12 03:56:00,31.2
2025-06-12 13:43:00,40.6
2025-06-12 12:04:00,45.8
2025-06-12 23:55:00,91.2
2025-06-12 20:04:00,45.1
2025-06-12 07:34:00,92.5
2025-06-12 06:01:00,88.5
2025-06-12 12:03:00,50.04954009433962
2025-06-12 21:13:00,16.7
2025-06-12 01:55:00,22.6
2025-06-12 14:19:00,49.0
2025-06-12 05:55:00,54.0
2025-06-12 14:24:00,77.3
2025-06-12 14:31:00,80.7
2025-06-12 16:44:00,55.1
2025-06-12 04:10:00,50.04954009433962
2025-06-12 19:58:00,53.7
2025-06-12 10:09:00,61.7
2025-06-12 14:08:00,35.6
2025-06-12 22:08:00,55.7
2025-06-12 08:45:00,0.4
2025-06-12 00:46:00,50.6
2025-06-12 14:05:00,19.1
2025-06-12 07:31:00,96.9
2025-06-12 23:16:00,82.4
2025-06-12 22:12:00,66.5
2025-06-12 11:03:00,8.0
2025-06-12 05:03:00,98.1
2025-06-12 13:11:00,90.1
2025-06-12 23:20:00,58.1
2025-06-12 00:37:00,9.7
2025-06-12 06:11:00,1.9
2025-06-12 07:14:00,53.5
2025-06-12 01:34:00,94.6
2025-06-12 02:46:00,18.7
2025-06-12 02:36:00,50.04954009433962
2025-06-12 01:46:00,98.5
2025-06-12 10:25:00,50.04954009433962
2025-06-12 04:37:00,36.0
2025-06-12 00:43:00,42.3
2025-06-12 02:14:00,12.5
2025-06-12 00:02:00,29.4
2025-06-12 08:09:00,50.04954009433962
2025-06-12 17:52:00,78.9
2025-06-12 07:56:00,94.3
2025-06-12 00:24:00,86.3
2025-06-12 05:28:00,50.04954009433962
2025-06-12 03:33:00,32.5
2025-06-12 06:04:00,50.04954009433962
2025-06-12 01:20:00,50.04954009433962
2025-06-12 19:55:00,91.7
2025-06-12 13:34:00,38.9
2025-06-12 20:20:00,31.9
2025-06-12 05:17:00,58.6
2025-06-12 05:23:00,35.6
2025-06-12 09:30:00,86.7
2025-06-12 16:06:00,1.8
2025-06-12 19:49:00,96.6
2025-06-12 10:23:00,32.5
2025-06-12 11:26:00,77.2
2025-06-12 08:36:00,80.8
2025-06-12 00:31:00,34.6
2025-06-12 23:12:00,47.3
2025-06-12 21:12:00,21.7
2025-06-12 12:53:00,31.7
2025-06-12 08:29:00,24.5
2025-06-12 17:09:00,2.2
2025-06-12 19:21:00,87.5
2025-06-12 01:32:00,19.5
2025-06-12 10:47:00,52.5
2025-06-12 02:38:00,72.3
2025-06-12 23:30:00,9.4
2025-06-12 03:08:00,40.9
2025-06-12 11:06:00,89.6
2025-06-12 16:39:00,34.1
2025-06-12 09:06:00,67.4
2025-06-12 21:50:00,98.2
2025-06-12 03:45:00,60.7
2025-06-12 18:20:00,75.4
2025-06-12 00:41:00,42.8
2025-06-12 07:03:00,56.5
2025-06-12 18:17:00,54.1
2025-06-12 15:40:00,44.0
2025-06-12 06:45:00,46.7
2025-06-12 17:59:00,96.2
2025-06-12 01:25:00,97.2
2025-06-12 08:00:00,17.9
2025-06-12 22:51:00,50.04954009433962
2025-06-12 09:40:00,9.7
2025-06-12 21:10:00,97.1
2025-06-12 20:41:00,60.7
2025-06-12 15:11:00,6.4
2025-06-12 22:30:00,58.8
2025-06-12 13:09:00,82.5
2025-06-12 21:44:00,59.0
2025-06-12 04:52:00,70.9
2025-06-12 00:48:00,25.1
2025-06-12 13:29:00,65.3
2025-06-12 09:16:00,82.7
2025-06-12 12:16:00,21.9
2025-06-12 20:36:00,50.04954009433962
2025-06-12 06:39:00,69.4
2025-06-12 07:48:00,6.6
2025-06-12 15:36:00,91.8
2025-06-12 20:24:00,97.5
2025-06-12 20:18:00,56.4
2025-06-12 04:56:00,80.2
2025-06-12 07:10:00,50.04954009433962
2025-06-12 23:19:00,25.1
2025-06-12 09:58:00,68.1
2025-06-12 07:33:00,36.1
2025-06-12 02:40:00,0.1
2025-06-12 21:42:00,50.04954009433962
2025-06-12 03:48:00,48.5
2025-06-12 10:45:00,32.0
2025-06-12 16:01:00,76.3
2025-06-12 10:15:00,26.1
2025-06-12 11:42:00,98.9
2025-06-12 04:39:00,44.8
2025-06-12 14:03:00,35.9
2025-06-12 11:34:00,15.6
2025-06-12 15:49:00,20.7
2025-06-12 23:22:00,50.04954009433962
2025-06-12 19:54:00,50.04954009433962
2025-06-12 08:02:00,64.4
2025-06-12 08:04:00,34.9
2025-06-12 05:20:00,86.0
2025-06-12 09:07:00,19.5
2025-06-12 06:17:00,33.9
2025-06-12 00:15:00,57.7
2025-06-12 12:20:00,85.6
2025-06-12 00:14:00,50.04954009433962
2025-06-12 21:19:00,58.4
2025-06-12 17:45:00,50.04954009433962
2025-06-12 21:48:00,31.0
2025-06-12 06:55:00,59.8
2025-06-12 06:51:00,57.6
2025-06-12 12:49:00,9.8
2025-06-12 07:02:00,65.7
2025-06-12 21:06:00,50.04954009433962
2025-06-12 07:26:00,7.1
2025-06-12 14:37:00,42.6
2025-06-12 09:02:00,84.9
2025-06-12 18:45:00,41.3
2025-06-12 11:54:00,36.1
2025-06-12 10:20:00,77.8
2025-06-12 07:59:00,20.1
2025-06-12 14:42:00,76.4
2025-06-12 07:06:00,34.4
2025-06-12 02:53:00,30.8
2025-06-12 15:07:00,97.5
2025-06-12 03:25:00,41.4
2025-06-12 09:29:00,83.0
2025-06-12 14:36:00,59.0
2025-06-12 20:09:00,46.4
2025-06-12 22:47:00,18.5
2025-06-12 10:13:00,85.3
2025-06-12 00:53:00,74.8
2025-06-12 18:59:00,42.8
2025-06-12 23:44:00,50.04954009433962
2025-06-12 14:27:00,34.9
2025-06-12 15:24:00,61.7
2025-06-12 15:47:00,50.04954009433962
2025-06-12 16:15:00,61.9
2025-06-12 07:27:00,50.04954009433962
2025-06-12 06:18:00,5.2
2025-06-12 19:41:00,2.4
2025-06-12 07:20:00,30.6
2025-06-12 09:28:00,26.9
2025-06-12 05:47:00,50.04954009433962
2025-06-12 14:23:00,21.3
2025-06-12 06:05:00,32.6
2025-06-12 19:57:00,51.6
2025-06-12 21:51:00,50.04954009433962
2025-06-12 09:05:00,11.0
2025-06-12 08:50:00,50.04954009433962
2025-06-12 02:12:00,39.7
2025-06-12 20:58:00,27.4
2025-06-12 19:39:00,26.6
2025-06-12 15:14:00,50.04954009433962
2025-06-12 10:02:00,31.8
2025-06-12 20:16:00,77.4
2025-06-12 21:29:00,47.8
2025-06-12 21:37:00,2.1
2025-06-12 19:51:00,8.2
2025-06-12 18:29:00,50.04954009433962
2025-06-12 14:30:00,67.7
2025-06-12 03:09:00,20.1
2025-06-12 20:34:00,16.2
2025-06-12 13:42:00,50.04954009433962
2025-06-12 04:22:00,60.6
2025-06-12 03:37:00,54.5
2025-06-12 20:43:00,0.6
2025-06-12 23:42:00,77.6
2025-06-12 19:29:00,50.04954009433962
2025-06-12 00:00:00,26.5
2025-06-12 17:40:00,31.6
2025-06-12 13:35:00,88.8
2025-06-12 08:42:00,55.6
2025-06-12 16:17:00,73.7
2025-06-12 02:28:00,35.8
2025-06-12 15:53:00,25.5
2025-06-12 00:52:00,23.6
2025-06-12 21:28:00,50.04954009433962
2025-06-12 00:21:00,48.8
2025-06-12 18:15:00,77.7
2025-06-12 08:59:00,78.4
2025-06-12 20:11:00,92.2
2025-06-12 22:15:00,26.9
2025-06-12 01:26:00,85.2
2025-06-12 02:43:00,61.3
2025-06-12 19:52:00,6.6
2025-06-12 20:14:00,1.5
2025-06-12 18:40:00,76.0
2025-06-12 01:44:00,7.7
2025-06-12 09:13:00,50.04954009433962
2025-06-12 02:08:00,27.8
2025-06-12 09:48:00,27.2
2025-06-12 19:43:00,50.04954009433962
2025-06-12 14:17:00,36.2
2025-06-12 04:17:00,4.4
2025-06-12 16:03:00,77.4
2025-06-12 01:18:00,50.06682414078186
2025-06-12 10:44:00,93.5
2025-06-12 10:01:00,20.7
2025-06-12 03:10:00,90.9
2025-06-12 06:40:00,46.4
2025-06-12 21:08:00,68.0
2025-06-12 03:50:00,9.8
2025-06-12 11:39:00,41.7
2025-06-12 02:01:00,50.06682414078186
2025-06-12 07:32:00,72.5
2025-06-12 21:02:00,82.0
2025-06-12 21:29:00,29.5
2025-06-12 07:59:00,61.1
2025-06-12 13:14:00,95.4
2025-06-12 00:30:00,91.8
2025-06-12 15:36:00,50.06682414078186
2025-06-12 02:49:00,50.06682414078186
2025-06-12 02:15:00,12.3
2025-06-12 05:33:00,62.3
2025-06-12 08:36:00,13.4
2025-06-12 19:30:00,22.7
2025-06-12 08:10:00,79.4
2025-06-12 19:32:00,36.6
2025-06-12 22:28:00,66.8
2025-06-12 12:37:00,25.1
2025-06-12 05:14:00,3.4
2025-06-12 14:45:00,50.06682414078186
2025-06-12 11:33:00,87.2
2025-06-12 15:31:00,76.2
2025-06-12 18:02:00,80.2
2025-06-12 04:15:00,35.9
2025-06-12 20:12:00,50.06682414078186
2025-06-12 00:00:00,15.8
2025-06-12 20:37:00,12.0
2025-06-12 04:34:00,94.6
2025-06-12 07:08:00,70.5
2025-06-12 05:51:00,33.0
2025-06-12 08:04:00,80.7
2025-06-12 11:31:00,10.2
2025-06-12 05:53:00,84.7
2025-06-12 07:25:00,40.0
2025-06-12 21:43:00,89.6
2025-06-12 16:00:00,51.9
2025-06-12 01:27:00,64.0
2025-06-12 22:31:00,16.2
2025-06-12 13:15:00,25.7
2025-06-12 14:25:00,82.4
2025-06-12 22:41:00,50.06682414078186
2025-06-12 03:08:00,40.0
2025-06-12 11:34:00,22.4
2025-06-12 06:35:00,62.9
2025-06-12 00:47:00,50.6
2025-06-12 19:58:00,92.1
2025-06-12 14:28:00,68.6
2025-06-12 13:42:00,52.8
2025-06-12 07:15:00,7.5
2025-06-12 19:24:00,82.0
2025-06-12 04:14:00,7.3
2025-06-12 20:08:00,19.9
2025-06-12 19:14:00,48.1
2025-06-12 18:52:00,15.6
2025-06-12 02:14:00,95.6
2025-06-12 15:55:00,92.8
2025-06-12 16:39:00,50.06682414078186
2025-06-12 00:01:00,50.06682414078186
2025-06-12 01:06:00,52.7
2025-06-12 03:54:00,38.2
2025-06-12 16:28:00,50.06682414078186
2025-06-12 17:02:00,90.1
2025-06-12 01:51:00,75.5
2025-06-12 13:17:00,39.3
2025-06-12 10:47:00,50.06682414078186
2025-06-12 00:36:00,50.06682414078186
2025-06-12 12:22:00,69.8
2025-06-12 02:58:00,70.2
2025-06-12 01:31:00,19.9
2025-06-12 00:04:00,52.2
2025-06-12 21:07:00,27.8
2025-06-12 09:43:00,79.1
2025-06-12 22:26:00,71.5
2025-06-12 14:09:00,4.0
2025-06-12 20:35:00,41.4
2025-06-12 20:26:00,50.06682414078186
2025-06-12 06:45:00,7.2
2025-06-12 05:36:00,18.6
2025-06-12 20:54:00,64.1
2025-06-12 18:55:00,50.2
2025-06-12 00:39:00,15.0
2025-06-12 04:09:00,89.9
2025-06-12 13:56:00,69.5
2025-06-12 13:58:00,95.0
2025-06-12 05:42:00,1.2
2025-06-12 13:53:00,46.3
2025-06-12 16:16:00,50.06682414078186
2025-06-12 15:16:00,97.5
2025-06-12 09:38:00,70.5
2025-06-12 10:13:00,10.7
2025-06-12 15:04:00,22.3
2025-06-12 14:17:00,97.4
2025-06-12 08:09:00,70.9
2025-06-12 09:32:00,50.06682414078186
2025-06-12 13:26:00,98.9
2025-06-12 12:50:00,9.8
2025-06-12 04:10:00,22.4
2025-06-12 06:26:00,26.7
2025-06-12 13:32:00,77.9
2025-06-12 00:38:00,1.9
2025-06-12 06:18:00,50.06682414078186
2025-06-12 11:30:00,14.1
2025-06-12 19:35:00,47.7
2025-06-12 08:27:00,87.0
2025-06-12 23:30:00,12.9
2025-06-12 07:13:00,7.0
2025-06-12 19:17:00,12.1
2025-06-12 03:58:00,64.3
2025-06-12 06:41:00,50.06682414078186
2025-06-12 10:19:00,74.1
2025-06-12 19:47:00,43.5
2025-06-12 11:36:00,47.9
2025-06-12 14:47:00,92.5
2025-06-12 11:56:00,80.3
2025-06-12 10:36:00,67.8
2025-06-12 06:33:00,99.1
2025-06-12 16:25:00,10.9
2025-06-12 09:57:00,40.2
2025-06-12 08:20:00,99.3
2025-06-12 01:05:00,19.1
2025-06-12 06:15:00,24.9
2025-06-12 16:57:00,31.4
2025-06-12 20:39:00,57.7
2025-06-12 14:44:00,84.5
2025-06-12 07:34:00,50.06682414078186
2025-06-12 02:33:00,76.8
2025-06-12 06:47:00,80.4
2025-06-12 23:49:00,57.5
2025-06-12 22:57:00,50.06682414078186
2025-06-12 22:46:00,39.8
2025-06-12 07:01:00,35.1
2025-06-12 00:24:00,17.8
2025-06-12 12:29:00,63.7
2025-06-12 03:03:00,46.6
2025-06-12 06:29:00,47.9
2025-06-12 10:16:00,22.9
2025-06-12 11:53:00,30.7
2025-06-12 17:03:00,29.8
2025-06-12 06:25:00,88.6
2025-06-12 16:10:00,21.2
2025-06-12 22:55:00,2.5
2025-06-12 07:14:00,43.3
2025-06-12 18:04:00,50.06682414078186
2025-06-12 00:31:00,50.06682414078186
2025-06-12 06:32:00,96.3
2025-06-12 00:49:00,50.3
2025-06-12 15:59:00,50.06682414078186
2025-06-12 22:06:00,10.5
2025-06-12 13:50:00,30.9
2025-06-12 04:44:00,6.4
2025-06-12 05:31:00,87.1
2025-06-12 08:58:00,9.9
2025-06-12 03:36:00,70.9
2025-06-12 10:42:00,19.6
2025-06-12 17:39:00,96.0
2025-06-12 02:56:00,89.2
2025-06-12 02:10:00,92.6
2025-06-12 17:58:00,14.1
2025-06-12 19:12:00,35.1
2025-06-12 03:38:00,60.8
2025-06-12 08:07:00,52.7
2025-06-12 13:31:00,78.4
2025-06-12 01:12:00,50.06682414078186
2025-06-12 05:46:00,50.06682414078186
2025-06-12 19:41:00,88.2
2025-06-12 02:40:00,64.7
2025-06-12 01:36:00,30.1
2025-06-12 12:00:00,80.3
2025-06-12 15:44:00,38.8
2025-06-12 03:42:00,28.7
2025-06-12 16:32:00,54.9
2025-06-12 01:46:00,79.1
2025-06-12 18:22:00,5.3
2025-06-12 13:30:00,50.06682414078186
2025-06-12 00:35:00,9.2
2025-06-12 00:08:00,64.2
2025-06-12 18:14:00,87.3
2025-06-12 01:24:00,39.0
2025-06-12 21:56:00,21.4
2025-06-12 16:59:00,5.0
2025-06-12 20:15:00,6.0
2025-06-12 03:45:00,86.8
2025-06-12 05:32:00,82.9
2025-06-12 11:14:00,27.1
2025-06-12 07:18:00,72.1
2025-06-12 18:46:00,41.7
2025-06-12 23:03:00,47.5
2025-06-12 22:18:00,11.9
2025-06-12 12:18:00,50.0
2025-06-12 13:24:00,48.6
2025-06-12 10:39:00,32.4
2025-06-12 06:17:00,71.4
2025-06-12 18:12:00,60.5
2025-06-12 05:10:00,41.8
2025-06-12 00:16:00,4.4
2025-06-12 21:11:00,79.9
2025-06-12 06:08:00,38.7
2025-06-12 00:23:00,93.2
2025-06-12 22:37:00,5.3
2025-06-12 13:29:00,98.2
2025-06-12 15:09:00,92.0
2025-06-12 07:56:00,93.2
2025-06-12 17:45:00,52.9
2025-06-12 10:34:00,65.7
2025-06-12 08:45:00,68.9
2025-06-12 20:44:00,14.3
2025-06-12 16:54:00,50.06682414078186
2025-06-12 22:47:00,31.8
2025-06-12 09:46:00,50.06682414078186
2025-06-12 04:38:00,84.9
2025-06-12 11:06:00,71.0
2025-06-12 12:32:00,50.06682414078186
2025-06-12 16:42:00,78.7
2025-06-12 02:37:00,8.1
2025-06-12 03:21:00,50.06682414078186
2025-06-12 01:13:00,58.0
2025-06-12 03:18:00,41.1
2025-06-12 03:29:00,50.06682414078186
2025-06-12 16:45:00,30.3
2025-06-12 00:55:00,29.8
2025-06-12 02:17:00,47.9
2025-06-12 15:30:00,41.1
2025-06-12 15:22:00,50.06682414078186
2025-06-12 03:26:00,98.4
2025-06-12 23:29:00,64.6
2025-06-12 19:59:00,50.06682414078186
2025-06-12 09:20:00,77.4
2025-06-12 11:41:00,50.06682414078186
2025-06-12 21:57:00,71.5
2025-06-12 17:17:00,71.9
2025-06-12 07:06:00,28.9
2025-06-12 06:20:00,59.4
2025-06-12 14:37:00,50.06682414078186
2025-06-12 08:13:00,21.4
2025-06-12 23:27:00,52.3
2025-06-12 04:47:00,55.9
2025-06-12 00:59:00,92.5
2025-06-12 22:54:00,13.8
2025-06-12 12:35:00,98.9
2025-06-12 21:05:00,50.06682414078186
2025-06-12 03:02:00,11.7
2025-06-12 18:27:00,40.1
2025-06-12 18:33:00,56.6
2025-06-12 14:18:00,50.06682414078186
2025-06-12 08:47:00,42.7
2025-06-12 06:51:00,17.1
2025-06-12 15:40:00,81.0
2025-06-12 12:48:00,40.2
2025-06-12 00:46:00,21.1
2025-06-12 04:41:00,90.1
2025-06-12 04:48:00,78.9
2025-06-12 03:04:00,60.0
2025-06-12 20:01:00,54.6
2025-06-12 22:05:00,43.9
2025-06-12 05:04:00,4.4
2025-06-12 02:02:00,42.9
2025-06-12 11:35:00,51.6
2025-06-12 08:21:00,32.3
2025-06-12 04:13:00,81.7
2025-06-12 23:41:00,14.0
2025-06-12 18:56:00,72.1
2025-06-12 08:11:00,13.5
2025-06-12 15:54:00,64.7
2025-06-12 14:14:00,52.8
2025-06-12 18:40:00,90.8
2025-06-12 21:40:00,76.2
2025-06-12 07:40:00,27.3
2025-06-12 09:25:00,99.6
2025-06-12 00:43:00,95.1
2025-06-12 19:52:00,50.06682414078186
2025-06-12 23:42:00,26.8
2025-06-12 20:20:00,20.0
2025-06-12 09:58:00,4.2
2025-06-12 10:43:00,63.8
2025-06-12 03:52:00,55.9
2025-06-12 11:02:00,53.7
2025-06-12 00:41:00,40.7
2025-06-12 01:17:00,49.6
2025-06-12 06:43:00,30.2
2025-06-12 09:26:00,1.7
2025-06-12 16:19:00,50.06682414078186
2025-06-12 18:54:00,17.8
2025-06-12 06:31:00,92.7
2025-06-12 21:54:00,85.2
2025-06-12 04:04:00,54.2
2025-06-12 07:50:00,23.4
2025-06-12 14:53:00,16.9
2025-06-12 20:30:00,69.2
2025-06-12 03:20:00,49.378098152289034
2025-06-12 15:04:00,39.7
2025-06-12 18:04:00,94.1
2025-06-12 20:58:00,39.6
2025-06-12 12:59:00,45.6
2025-06-12 06:58:00,49.378098152289034
2025-06-12 02:53:00,37.0
2025-06-12 04:42:00,49.378098152289034
2025-06-12 14:16:00,35.5
2025-06-12 10:29:00,49.378098152289034
2025-06-12 01:10:00,41.1
2025-06-12 20:37:00,31.6
2025-06-12 06:11:00,4.2
2025-06-12 21:32:00,39.7
2025-06-12 03:28:00,49.378098152289034
2025-06-12 15:14:00,49.378098152289034
2025-06-12 19:29:00,88.0
2025-06-12 02:59:00,4.3
2025-06-12 15:09:00,49.378098152289034
2025-06-12 20:12:00,81.5
2025-06-12 08:58:00,74.0
2025-06-12 23:24:00,36.6
2025-06-12 23:16:00,49.378098152289034
2025-06-12 20:06:00,46.4
2025-06-12 19:22:00,7.9
2025-06-12 17:20:00,83.8
2025-06-12 05:24:00,38.0
2025-06-12 08:16:00,82.7
2025-06-12 15:18:00,7.0
2025-06-12 09:23:00,21.9
2025-06-12 03:01:00,17.2
2025-06-12 19:00:00,49.378098152289034
2025-06-12 06:27:00,98.9
2025-06-12 17:30:00,49.378098152289034
2025-06-12 05:08:00,76.9
2025-06-12 18:13:00,75.0
2025-06-12 04:11:00,49.378098152289034
2025-06-12 11:29:00,18.1
2025-06-12 15:47:00,49.378098152289034
2025-06-12 22:21:00,49.378098152289034
2025-06-12 21:19:00,13.5
2025-06-12 18:54:00,49.378098152289034
2025-06-12 06:19:00,49.378098152289034
2025-06-12 20:29:00,41.3
2025-06-12 03:29:00,53.3
2025-06-12 17:45:00,15.7
2025-06-12 15:22:00,47.6
2025-06-12 03:40:00,23.7
2025-06-12 05:52:00,91.0
2025-06-12 23:52:00,49.378098152289034
2025-06-12 22:16:00,48.7
2025-06-12 08:44:00,74.6
2025-06-12 08:09:00,42.4
2025-06-12 13:03:00,49.378098152289034
2025-06-12 18:23:00,83.3
2025-06-12 22:22:00,49.378098152289034
2025-06-12 20:55:00,49.378098152289034
2025-06-12 18:05:00,18.0
2025-06-12 03:39:00,3.7
2025-06-12 04:15:00,95.9
2025-06-12 08:54:00,43.2
2025-06-12 09:48:00,64.9
2025-06-12 11:35:00,52.2
2025-06-12 07:35:00,79.2
2025-06-12 03:32:00,2.7
2025-06-12 09:18:00,49.378098152289034
2025-06-12 18:40:00,49.378098152289034
2025-06-12 17:03:00,49.378098152289034
2025-06-12 07:36:00,7.4
2025-06-12 04:03:00,81.7
2025-06-12 22:47:00,49.378098152289034
2025-06-12 21:15:00,49.378098152289034
2025-06-12 09:28:00,67.3
2025-06-12 21:24:00,95.8
2025-06-12 00:08:00,62.2
2025-06-12 12:41:00,56.5
2025-06-12 18:59:00,43.8
2025-06-12 01:46:00,62.6
2025-06-12 08:11:00,53.4
2025-06-12 11:26:00,55.8
2025-06-12 10:33:00,33.6
2025-06-12 14:06:00,62.3
2025-06-12 15:31:00,1.1
2025-06-12 14:40:00,45.3
2025-06-12 07:31:00,75.4
2025-06-12 00:20:00,97.3
2025-06-12 03:46:00,85.3
2025-06-12 21:58:00,49.378098152289034
2025-06-12 23:34:00,84.5
2025-06-12 05:15:00,49.378098152289034
2025-06-12 13:53:00,49.378098152289034
2025-06-12 08:51:00,57.7
2025-06-12 04:18:00,49.378098152289034
2025-06-12 16:56:00,49.378098152289034
2025-06-12 21:06:00,68.3
2025-06-12 11:02:00,83.3
2025-06-12 17:59:00,36.4
2025-06-12 23:04:00,8.9
2025-06-12 06:04:00,65.7
2025-06-12 13:49:00,49.378098152289034
2025-06-12 21:09:00,21.1
2025-06-12 21:26:00,62.3
2025-06-12 06:01:00,49.378098152289034
2025-06-12 08:04:00,52.0
2025-06-12 08:36:00,83.4
2025-06-12 05:22:00,22.1
2025-06-12 07:40:00,49.378098152289034
2025-06-12 14:17:00,99.9
2025-06-12 09:59:00,61.9
2025-06-12 03:13:00,38.2
2025-06-12 09:31:00,9.3
2025-06-12 00:24:00,82.5
2025-06-12 04:02:00,75.8
2025-06-12 13:56:00,81.9
2025-06-12 14:13:00,30.7
2025-06-12 19:19:00,17.1
2025-06-12 16:28:00,51.4
2025-06-12 08:34:00,78.3
2025-06-12 22:05:00,26.7
2025-06-12 20:08:00,59.8
2025-06-12 14:27:00,75.4
2025-06-12 09:51:00,43.6
2025-06-12 14:52:00,71.3
2025-06-12 20:03:00,49.378098152289034
2025-06-12 23:30:00,71.1
2025-06-12 13:14:00,54.8
2025-06-12 00:22:00,23.9
2025-06-12 20:53:00,41.2
2025-06-12 10:43:00,49.378098152289034
2025-06-12 22:46:00,18.5
2025-06-12 15:56:00,49.378098152289034
2025-06-12 05:09:00,56.6
2025-06-12 11:36:00,22.3
2025-06-12 23:36:00,37.5
2025-06-12 18:33:00,65.2
2025-06-12 18:35:00,49.378098152289034
2025-06-12 22:52:00,90.3
2025-06-12 16:58:00,79.3
2025-06-12 23:27:00,5.1
2025-06-12 14:26:00,68.3
2025-06-12 14:43:00,71.9
2025-06-12 02:49:00,60.0
2025-06-12 00:48:00,83.5
2025-06-12 23:22:00,48.0
2025-06-12 06:21:00,93.8
2025-06-12 10:57:00,45.0
2025-06-12 00:57:00,93.3
2025-06-12 16:21:00,29.0
2025-06-12 11:05:00,41.5
2025-06-12 10:22:00,38.4
2025-06-12 03:30:00,76.6
2025-06-12 15:25:00,74.8
2025-06-12 16:55:00,63.8
2025-06-12 11:24:00,45.2
2025-06-12 07:59:00,49.378098152289034
2025-06-12 15:16:00,55.1
2025-06-12 17:56:00,38.2
2025-06-12 14:45:00,82.5
2025-06-12 16:49:00,49.378098152289034
2025-06-12 08:33:00,58.4
2025-06-12 05:34:00,37.9
2025-06-12 04:50:00,53.2
2025-06-12 15:37:00,49.378098152289034
2025-06-12 09:08:00,94.7
2025-06-12 12:06:00,22.3
2025-06-12 05:58:00,23.5
2025-06-12 09:11:00,16.2
2025-06-12 11:34:00,28.6
2025-06-12 04:47:00,43.4
2025-06-12 06:39:00,15.1
2025-06-12 01:14:00,21.9
2025-06-12 03:21:00,33.4
2025-06-12 03:05:00,16.3
2025-06-12 02:18:00,49.8
2025-06-12 10:31:00,79.5
2025-06-12 14:44:00,59.9
2025-06-12 21:35:00,49.378098152289034
2025-06-12 21:29:00,87.3
2025-06-12 21:21:00,46.8
2025-06-12 19:37:00,22.6
2025-06-12 20:34:00,0.8
2025-06-12 07:47:00,37.3
2025-06-12 02:56:00,18.6
2025-06-12 05:43:00,60.7
2025-06-12 13:13:00,49.378098152289034
2025-06-12 16:59:00,89.9
2025-06-12 01:30:00,49.378098152289034
2025-06-12 14:49:00,6.3
2025-06-12 15:07:00,19.0
2025-06-12 11:22:00,49.378098152289034
2025-06-12 02:29:00,49.378098152289034
2025-06-12 02:00:00,26.6
2025-06-12 19:10:00,0.0
2025-06-12 21:03:00,49.378098152289034
2025-06-12 23:21:00,3.2
2025-06-12 07:55:00,39.3
2025-06-12 07:11:00,22.8
2025-06-12 05:48:00,49.378098152289034
2025-06-12 11:41:00,73.7
2025-06-12 12:27:00,19.5
2025-06-12 01:48:00,29.3
2025-06-12 12:35:00,85.5
2025-06-12 10:03:00,57.7
2025-06-12 04:19:00,48.2
2025-06-12 21:23:00,64.1
2025-06-12 07:43:00,32.9
2025-06-12 00:19:00,29.3
2025-06-12 13:34:00,76.6
2025-06-12 11:11:00,23.9
2025-06-12 06:05:00,63.4
2025-06-12 18:30:00,31.4
2025-06-12 17:23:00,93.2
2025-06-12 03:02:00,54.8
2025-06-12 22:42:00,1.3
2025-06-12 21:07:00,30.8
2025-06-12 01:15:00,40.2
2025-06-12 23:05:00,55.5
2025-06-12 22:32:00,94.6
2025-06-12 17:50:00,23.7
2025-06-12 16:09:00,29.7
2025-06-12 21:08:00,58.3
2025-06-12 02:24:00,55.0
2025-06-12 08:00:00,6.1
2025-06-12 22:08:00,2.4
2025-06-12 23:46:00,12.3
2025-06-12 12:57:00,22.4
2025-06-12 03:11:00,13.9
2025-06-12 16:38:00,49.378098152289034
2025-06-12 00:11:00,88.2
2025-06-12 00:00:00,58.2
2025-06-12 15:30:00,18.2
2025-06-12 02:05:00,66.9
2025-06-12 23:07:00,94.2
2025-06-12 19:11:00,51.0
2025-06-12 01:11:00,2.4
2025-06-12 11:07:00,83.1
2025-06-12 18:27:00,55.2
2025-06-12 00:40:00,46.5
2025-06-12 00:10:00,29.5
2025-06-12 11:47:00,4.8
2025-06-12 01:17:00,49.378098152289034
2025-06-12 04:13:00,68.7
2025-06-12 03:08:00,71.7
2025-06-12 12:17:00,95.7
2025-06-12 16:05:00,34.8
2025-06-12 02:34:00,63.7
2025-06-12 00:02:00,96.2
2025-06-12 01:59:00,49.378098152289034
2025-06-12 06:28:00,7.0
2025-06-12 15:29:00,73.8
2025-06-12 14:28:00,75.0
2025-06-12 11:16:00,93.6
2025-06-12 16:42:00,31.0
2025-06-12 02:31:00,83.3
2025-06-12 07:18:00,68.0
2025-06-12 09:30:00,10.5
2025-06-12 06:08:00,49.378098152289034
2025-06-12 20:28:00,91.7
2025-06-12 05:17:00,21.6
2025-06-12 03:59:00,32.7
2025-06-12 22:10:00,24.0
2025-06-12 14:15:00,16.4
2025-06-12 23:58:00,28.6
2025-06-12 14:24:00,1.9
2025-06-12 01:09:00,11.9
2025-06-12 11:15:00,49.378098152289034
2025-06-12 08:50:00,24.1
2025-06-12 13:51:00,75.9
2025-06-12 09:12:00,88.1
2025-06-12 21:28:00,35.8
2025-06-12 19:30:00,86.2
2025-06-12 09:09:00,40.9
2025-06-12 01:56:00,87.4
2025-06-12 13:25:00,11.2
2025-06-12 19:59:00,49.378098152289034
2025-06-12 20:42:00,45.5
2025-06-12 11:21:00,13.1
2025-06-12 08:10:00,49.378098152289034
2025-06-12 09:19:00,49.378098152289034
2025-06-12 19:44:00,71.3
2025-06-12 17:01:00,49.378098152289034
2025-06-12 09:03:00,51.7
2025-06-12 04:28:00,9.6
2025-06-12 21:22:00,99.5
2025-06-12 14:14:00,96.8
2025-06-12 17:24:00,60.2
2025-06-12 07:33:00,23.0
2025-06-12 03:57:00,98.3
2025-06-12 12:53:00,49.378098152289034
2025-06-12 00:38:00,99.3
2025-06-12 16:14:00,49.378098152289034
2025-06-12 18:34:00,75.7
2025-06-12 02:16:00,17.6
2025-06-12 11:43:00,31.0
2025-06-12 20:30:00,57.6
2025-06-12 22:48:00,1.8
2025-06-12 19:23:00,47.1
2025-06-12 15:57:00,49.378098152289034
2025-06-12 16:06:00,16.4
2025-06-12 02:03:00,69.0
2025-06-12 06:25:00,88.7
2025-06-12 07:42:00,84.7
2025-06-12 05:23:00,11.3
2025-06-12 07:20:00,15.2
2025-06-12 10:27:00,9.8
2025-06-12 15:38:00,95.9
2025-06-12 11:56:00,98.8
2025-06-12 08:00:00,49.96204002157484
2025-06-12 08:51:00,37.7
2025-06-12 01:31:00,11.9
2025-06-12 16:07:00,9.5
2025-06-12 17:33:00,95.0
2025-06-12 23:37:00,25.5
2025-06-12 17:46:00,6.6
2025-06-12 22:54:00,69.0
2025-06-12 19:03:00,35.5
2025-06-12 23:39:00,97.0
2025-06-12 00:31:00,49.96204002157484
2025-06-12 00:30:00,57.9
2025-06-12 05:21:00,37.0
2025-06-12 06:25:00,99.7
2025-06-12 23:59:00,83.1
2025-06-12 11:39:00,49.96204002157484
2025-06-12 07:56:00,17.2
2025-06-12 20:19:00,61.5
2025-06-12 16:58:00,11.5
2025-06-12 14:52:00,69.8
2025-06-12 01:23:00,49.96204002157484
2025-06-12 09:51:00,35.6
2025-06-12 13:31:00,49.96204002157484
2025-06-12 17:13:00,79.3
2025-06-12 08:07:00,90.2
2025-06-12 04:21:00,26.4
2025-06-12 07:18:00,22.6
2025-06-12 16:35:00,95.3
2025-06-12 01:46:00,97.3
2025-06-12 12:51:00,49.96204002157484
2025-06-12 23:12:00,49.96204002157484
2025-06-12 07:11:00,2.8
2025-06-12 08:59:00,53.6
2025-06-12 19:07:00,26.9
2025-06-12 07:22:00,35.7
2025-06-12 02:15:00,60.1
2025-06-12 04:52:00,17.3
2025-06-12 14:16:00,49.96204002157484
2025-06-12 08:57:00,71.5
2025-06-12 06:27:00,15.4
2025-06-12 18:23:00,82.0
2025-06-12 05:05:00,7.0
2025-06-12 22:44:00,31.4
2025-06-12 17:05:00,61.5
2025-06-12 23:26:00,90.5
2025-06-12 13:01:00,88.8
2025-06-12 12:07:00,77.9
2025-06-12 09:23:00,49.96204002157484
2025-06-12 22:35:00,95.9
2025-06-12 18:36:00,49.96204002157484
2025-06-12 16:44:00,67.3
2025-06-12 18:17:00,49.96204002157484
2025-06-12 14:35:00,3.5
2025-06-12 04:45:00,45.8
2025-06-12 01:58:00,56.5
2025-06-12 06:48:00,49.96204002157484
2025-06-12 20:59:00,15.5
2025-06-12 03:28:00,84.7
2025-06-12 20:02:00,49.96204002157484
2025-06-12 12:32:00,53.5
2025-06-12 11:28:00,49.96204002157484
2025-06-12 00:26:00,62.3
2025-06-12 01:26:00,9.8
2025-06-12 19:41:00,21.2
2025-06-12 22:00:00,82.2
2025-06-12 20:23:00,49.96204002157484
2025-06-12 21:46:00,49.96204002157484
2025-06-12 05:12:00,49.96204002157484
2025-06-12 04:44:00,63.0
2025-06-12 05:36:00,41.6
2025-06-12 11:03:00,33.2
2025-06-12 17:29:00,97.7
2025-06-12 07:00:00,49.96204002157484
2025-06-12 12:52:00,47.5
2025-06-12 20:16:00,41.8
2025-06-12 06:10:00,54.7
2025-06-12 02:13:00,49.96204002157484
2025-06-12 17:31:00,13.1
2025-06-12 21:37:00,10.9
2025-06-12 16:32:00,46.1
2025-06-12 06:16:00,68.8
2025-06-12 04:50:00,34.6
2025-06-12 22:13:00,86.4
2025-06-12 02:36:00,70.3
2025-06-12 13:41:00,8.7
2025-06-12 19:54:00,63.5
2025-06-12 08:06:00,57.9
2025-06-12 04:35:00,15.7
2025-06-12 15:06:00,49.96204002157484
2025-06-12 17:07:00,13.3
2025-06-12 17:20:00,49.96204002157484
2025-06-12 09:49:00,2.7
2025-06-12 05:08:00,58.3
2025-06-12 18:26:00,11.8
2025-06-12 19:11:00,49.96204002157484
2025-06-12 08:46:00,97.1
2025-06-12 23:11:00,49.96204002157484
2025-06-12 16:16:00,38.5
2025-06-12 18:09:00,50.6
2025-06-12 09:41:00,37.3
2025-06-12 10:28:00,49.96204002157484
2025-06-12 21:19:00,9.3
2025-06-12 15:42:00,2.9
2025-06-12 04:18:00,4.4
2025-06-12 23:41:00,17.2
2025-06-12 00:32:00,36.8
2025-06-12 11:14:00,6.7
2025-06-12 16:01:00,57.0
2025-06-12 08:43:00,10.5
2025-06-12 01:04:00,0.9
2025-06-12 13:09:00,12.4
2025-06-12 00:51:00,14.9
2025-06-12 03:01:00,61.2
2025-06-12 13:26:00,52.0
2025-06-12 19:04:00,15.3
2025-06-12 18:46:00,45.0
2025-06-12 05:13:00,51.4
2025-06-12 23:58:00,50.8
2025-06-12 17:57:00,77.4
2025-06-12 07:30:00,49.96204002157484
2025-06-12 20:18:00,49.96204002157484
2025-06-12 16:09:00,14.2
2025-06-12 13:15:00,81.5
2025-06-12 11:06:00,77.6
2025-06-12 22:25:00,88.5
2025-06-12 11:13:00,47.7
2025-06-12 18:11:00,18.0
2025-06-12 23:22:00,88.3
2025-06-12 00:18:00,98.4
2025-06-12 12:44:00,83.8
2025-06-12 10:13:00,20.3
2025-06-12 17:06:00,25.0
2025-06-12 21:29:00,40.4
2025-06-12 04:05:00,3.9
2025-06-12 21:15:00,81.5
2025-06-12 07:21:00,61.3
2025-06-12 19:51:00,49.96204002157484
2025-06-12 11:42:00,98.6
2025-06-12 02:38:00,57.8
2025-06-12 18:45:00,18.7
2025-06-12 03:56:00,49.4
2025-06-12 23:25:00,99.4
2025-06-12 03:44:00,28.4
2025-06-12 02:52:00,7.1
2025-06-12 05:38:00,82.4
2025-06-12 08:35:00,31.8
2025-06-12 01:14:00,49.96204002157484
2025-06-12 20:10:00,94.0
2025-06-12 04:17:00,19.5
2025-06-12 11:51:00,85.1
2025-06-12 07:27:00,11.6
2025-06-12 13:53:00,24.4
2025-06-12 17:00:00,11.2
2025-06-12 18:12:00,16.8
2025-06-12 01:57:00,75.0
2025-06-12 15:15:00,42.0
2025-06-12 04:19:00,65.1
2025-06-12 10:41:00,70.2
2025-06-12 18:50:00,11.6
2025-06-12 11:09:00,72.9
2025-06-12 21:56:00,57.3
2025-06-12 15:33:00,91.5
2025-06-12 01:54:00,97.5
2025-06-12 13:56:00,31.3
2025-06-12 05:00:00,43.4
2025-06-12 08:32:00,89.6
2025-06-12 08:01:00,65.5
2025-06-12 00:22:00,49.96204002157484
2025-06-12 23:53:00,97.9
2025-06-12 20:38:00,18.7
2025-06-12 16:25:00,99.0
2025-06-12 01:00:00,49.96204002157484
2025-06-12 14:20:00,47.1
2025-06-12 16:55:00,59.4
2025-06-12 01:28:00,92.3
2025-06-12 11:34:00,63.5
2025-06-12 07:26:00,92.9
2025-06-12 18:49:00,49.96204002157484
2025-06-12 12:53:00,53.9
2025-06-12 15:58:00,77.5
2025-06-12 05:06:00,56.3
2025-06-12 14:19:00,25.4
2025-06-12 16:49:00,30.7
2025-06-12 08:44:00,85.5
2025-06-12 22:43:00,67.9
2025-06-12 02:39:00,92.7
2025-06-12 15:11:00,61.8
2025-06-12 18:43:00,44.4
2025-06-12 12:36:00,63.7
2025-06-12 01:59:00,72.5
2025-06-12 01:39:00,25.7
2025-06-12 07:06:00,71.8
2025-06-12 12:42:00,60.3
2025-06-12 10:07:00,40.8
2025-06-12 00:55:00,49.96204002157484
2025-06-12 13:35:00,73.0
2025-06-12 04:47:00,82.1
2025-06-12 05:25:00,89.0
2025-06-12 07:16:00,22.6
2025-06-12 20:47:00,37.8
2025-06-12 21:38:00,46.9
2025-06-12 08:34:00,36.0
2025-06-12 10:10:00,77.3
2025-06-12 18:44:00,52.7
2025-06-12 05:04:00,14.4
2025-06-12 04:30:00,33.9
2025-06-12 01:44:00,49.96204002157484
2025-06-12 09:35:00,19.5
2025-06-12 12:43:00,11.3
2025-06-12 22:31:00,49.96204002157484
2025-06-12 22:14:00,8.8
2025-06-12 14:41:00,49.96204002157484
2025-06-12 10:23:00,44.6
2025-06-12 20:35:00,50.9
2025-06-12 13:27:00,64.7
2025-06-12 07:31:00,77.8
2025-06-12 05:51:00,40.2
2025-06-12 06:39:00,49.96204002157484
2025-06-12 05:02:00,98.3
2025-06-12 14:53:00,7.8
2025-06-12 01:22:00,47.3
2025-06-12 09:33:00,20.2
2025-06-12 18:22:00,14.5
2025-06-12 09:13:00,59.3
2025-06-12 05:40:00,81.5
2025-06-12 17:26:00,63.6
2025-06-12 03:26:00,0.3
2025-06-12 19:06:00,53.5
2025-06-12 04:36:00,31.7
2025-06-12 03:29:00,49.96204002157484
2025-06-12 19:02:00,49.96204002157484
2025-06-12 01:37:00,1.5
2025-06-12 01:27:00,76.6
2025-06-12 23:32:00,43.0
2025-06-12 06:14:00,18.1
2025-06-12 17:23:00,49.96204002157484
2025-06-12 01:07:00,95.1
2025-06-12 20:24:00,49.96204002157484
2025-06-12 08:36:00,57.1
2025-06-12 12:50:00,49.96204002157484
2025-06-12 14:04:00,9.1
2025-06-12 16:24:00,49.96204002157484
2025-06-12 20:00:00,43.2
2025-06-12 03:06:00,87.6
2025-06-12 11:00:00,15.6
2025-06-12 18:59:00,13.5
2025-06-12 05:49:00,91.1
2025-06-12 20:37:00,49.96204002157484
2025-06-12 20:05:00,32.6
2025-06-12 19:49:00,18.1
2025-06-12 10:15:00,92.4
2025-06-12 14:54:00,13.4
2025-06-12 04:09:00,6.6
2025-06-12 09:08:00,15.0
2025-06-12 13:28:00,76.6
2025-06-12 14:13:00,29.5
2025-06-12 23:45:00,91.1
2025-06-12 05:53:00,52.1
2025-06-12 01:25:00,9.2
2025-06-12 06:04:00,41.6
2025-06-12 06:21:00,81.0
2025-06-12 17:24:00,62.4
2025-06-12 10:29:00,49.2
2025-06-12 06:29:00,76.6
2025-06-12 16:04:00,37.1
2025-06-12 16:02:00,92.0
2025-06-12 08:17:00,73.9
2025-06-12 01:05:00,64.8
2025-06-12 10:01:00,64.4
2025-06-12 06:01:00,49.96204002157484
2025-06-12 00:34:00,11.1
2025-06-12 11:16:00,49.96204002157484
2025-06-12 05:27:00,69.7
2025-06-12 18:31:00,11.2
2025-06-12 07:54:00,37.4
2025-06-12 00:59:00,40.5
2025-06-12 09:14:00,25.8
2025-06-12 21:04:00,49.96204002157484
2025-06-12 15:21:00,57.2
2025-06-12 13:02:00,11.6
2025-06-12 11:55:00,70.1
2025-06-12 18:29:00,18.1
2025-06-12 04:31:00,9.2
2025-06-12 03:47:00,28.5
2025-06-12 07:44:00,49.96204002157484
2025-06-12 23:55:00,42.6
2025-06-12 07:57:00,49.96204002157484
2025-06-12 00:07:00,31.2
2025-06-12 23:08:00,11.8
2025-06-12 10:33:00,71.4
2025-06-12 18:03:00,21.2
2025-06-12 21:30:00,56.1
2025-06-12 05:34:00,49.96204002157484
2025-06-12 12:37:00,49.96204002157484
2025-06-12 03:48:00,2.0
2025-06-12 23:51:00,42.9
2025-06-12 17:48:00,2.7
2025-06-12 08:15:00,66.1
2025-06-12 06:52:00,60.6
2025-06-12 19:37:00,21.0
2025-06-12 16:26:00,31.3
2025-06-12 00:37:00,41.3
2025-06-12 19:31:00,65.1
2025-06-12 12:48:00,49.96204002157484
2025-06-12 07:08:00,0.8
2025-06-12 18:20:00,97.6
2025-06-12 19:01:00,66.2
2025-06-12 04:56:00,93.5
2025-06-12 11:53:00,85.9
2025-06-12 13:54:00,32.2
2025-06-12 05:52:00,57.2
2025-06-12 06:56:00,88.1
2025-06-12 22:06:00,5.1
2025-06-12 06:38:00,82.3
2025-06-12 13:51:00,49.96204002157484
2025-06-12 11:21:00,68.4
2025-06-12 22:16:00,49.96204002157484
2025-06-12 01:12:00,16.2
2025-06-12 17:04:00,41.4
2025-06-12 01:13:00,3.4
2025-06-12 14:23:00,47.7
2025-06-12 13:50:00,4.6
2025-06-12 06:57:00,1.3
2025-06-12 17:12:00,68.7
2025-06-12 06:12:00,49.96204002157484
2025-06-12 16:45:00,96.9
2025-06-12 21:44:00,69.5
2025-06-12 18:00:00,96.7
2025-06-12 19:27:00,39.2
2025-06-12 02:04:00,0.4
2025-06-12 05:41:00,39.0
2025-06-12 13:22:00,13.2
2025-06-12 15:52:00,61.5
2025-06-12 15:05:00,59.4
2025-06-12 02:55:00,17.6
2025-06-12 03:38:00,14.7
2025-06-12 09:26:00,49.1
2025-06-12 05:56:00,62.3
2025-06-12 13:00:00,19.7
2025-06-12 17:50:00,91.7
2025-06-12 10:55:00,18.8
2025-06-12 09:21:00,87.1
2025-06-12 11:45:00,0.4
2025-06-12 13:42:00,49.96204002157484
2025-06-12 21:09:00,59.7
2025-06-12 14:27:00,32.2
2025-06-12 14:49:00,49.96204002157484
2025-06-12 07:10:00,52.1
2025-06-12 02:43:00,2.8
2025-06-12 15:54:00,75.4
2025-06-12 11:52:00,47.3
2025-06-12 07:20:00,94.2
2025-06-12 09:09:00,7.2
2025-06-12 15:23:00,68.7
2025-06-12 14:29:00,7.4
2025-06-12 13:32:00,4.1
2025-06-12 15:59:00,82.8
2025-06-12 06:34:00,68.3
2025-06-12 17:02:00,39.6
2025-06-12 01:02:00,59.7
2025-06-12 15:51:00,49.96204002157484
2025-06-12 06:24:00,5.6
2025-06-12 21:01:00,17.8
2025-06-12 02:10:00,60.8
2025-06-12 14:38:00,49.96204002157484
2025-06-12 03:33:00,88.0
2025-06-12 22:02:00,28.9
2025-06-12 06:49:00,32.0
2025-06-12 06:11:00,49.96204002157484
2025-06-12 03:21:00,13.6
2025-06-12 00:58:00,26.8
2025-06-12 14:42:00,24.5
2025-06-12 12:18:00,31.8
2025-06-12 18:33:00,13.9
2025-06-12 11:15:00,35.8
2025-06-12 16:39:00,64.2
2025-06-12 03:34:00,44.5
2025-06-12 05:39:00,46.4
2025-06-12 05:54:00,93.7
2025-06-12 08:16:00,44.6
2025-06-12 08:30:00,85.4
2025-06-12 00:12:00,49.96204002157484
2025-06-12 04:34:00,15.0
2025-06-12 09:37:00,38.6
2025-06-12 18:07:00,45.7
2025-06-12 20:57:00,81.9
2025-06-12 09:17:00,39.9
2025-06-12 08:10:00,2.6
2025-06-12 21:18:00,72.6
2025-06-12 18:42:00,64.1
2025-06-12 12:00:00,51.7
2025-06-12 11:31:00,18.5
2025-06-12 23:15:00,42.6
2025-06-12 18:28:00,25.8
2025-06-12 13:07:00,94.4
2025-06-12 04:41:00,97.3
2025-06-12 09:18:00,91.0
2025-06-12 19:33:00,49.96204002157484
2025-06-12 05:19:00,31.0
2025-06-12 00:01:00,2.0
2025-06-12 05:47:00,42.2
2025-06-12 19:16:00,49.96204002157484
2025-06-12 23:42:00,35.5
2025-06-12 15:32:00,49.96204002157484
2025-06-12 03:07:00,20.7
2025-06-12 22:32:00,34.5
2025-06-12 08:03:00,49.96204002157484
2025-06-12 10:35:00,25.8
2025-06-12 18:25:00,49.96204002157484
2025-06-12 15:34:00,49.96204002157484
2025-06-12 05:18:00,49.96204002157484
2025-06-12 12:11:00,49.96204002157484
2025-06-12 19:36:00,49.96204002157484
2025-06-12 02:01:00,18.8
2025-06-12 13:44:00,49.96204002157484
2025-06-12 12:08:00,54.9
2025-06-12 22:10:00,57.3
2025-06-12 12:54:00,54.7
2025-06-12 15:08:00,75.3
2025-06-12 15:49:00,53.9
2025-06-12 09:07:00,99.8
2025-06-12 04:16:00,39.6
2025-06-12 01:42:00,74.0
2025-06-12 06:28:00,89.8
2025-06-12 22:15:00,5.3
2025-06-12 13:33:00,83.8
2025-06-12 22:24:00,50.9
2025-06-12 04:39:00,49.96204002157484
2025-06-12 22:12:00,52.7
2025-06-12 06:42:00,23.9
2025-06-12 01:15:00,96.6
2025-06-12 19:18:00,24.7
2025-06-12 00:05:00,87.8
2025-06-12 16:05:00,32.3
2025-06-12 02:40:00,81.1
2025-06-12 23:30:00,49.96204002157484
2025-06-12 19:30:00,37.2
2025-06-12 00:41:00,52.3
2025-06-12 20:48:00,49.96204002157484
2025-06-12 06:58:00,44.1
2025-06-12 10:20:00,49.96204002157484
2025-06-12 04:01:00,72.4
2025-06-12 05:22:00,4.7
2025-06-12 06:45:00,41.7
2025-06-12 14:57:00,28.7
2025-06-12 20:46:00,3.1
2025-06-12 04:04:00,85.3
2025-06-12 12:01:00,49.96204002157484
2025-06-12 20:54:00,68.8
2025-06-12 16:38:00,16.6
2025-06-12 12:55:00,49.96204002157484
2025-06-12 16:17:00,42.7
2025-06-12 13:17:00,49.96204002157484
2025-06-12 17:56:00,72.9
2025-06-12 23:48:00,64.6
2025-06-12 19:50:00,87.4
2025-06-12 14:30:00,63.2
2025-06-12 14:50:00,20.4
2025-06-12 03:31:00,56.3
2025-06-12 02:16:00,49.96204002157484
2025-06-12 19:44:00,68.7
2025-06-12 19:53:00,60.7
2025-06-12 22:34:00,89.2
2025-06-12 11:29:00,49.96204002157484
2025-06-12 03:54:00,1.3
2025-06-12 17:08:00,19.9
2025-06-12 00:06:00,44.6
2025-06-12 09:31:00,83.1
2025-06-12 23:02:00,85.8
2025-06-12 22:01:00,89.4
2025-06-12 17:03:00,82.5
2025-06-12 00:57:00,23.1
2025-06-12 01:48:00,99.7
2025-06-12 07:46:00,13.3
2025-06-12 00:47:00,19.7
2025-06-12 02:29:00,58.7
2025-06-12 08:20:00,49.96204002157484
2025-06-12 01:16:00,49.96204002157484
2025-06-12 21:02:00,93.5
2025-06-12 22:07:00,49.96204002157484
2025-06-12 18:04:00,99.1
2025-06-12 23:06:00,64.3
2025-06-12 02:32:00,24.6
2025-06-12 14:37:00,41.2
2025-06-12 09:53:00,78.6
2025-06-12 04:48:00,68.3
2025-06-12 04:07:00,36.7
2025-06-12 16:41:00,70.1
2025-06-12 19:24:00,34.0
2025-06-12 12:39:00,47.8
2025-06-12 20:01:00,49.96204002157484
2025-06-12 11:54:00,25.0
2025-06-12 21:34:00,59.7
2025-06-12 09:03:00,98.9
2025-06-12 16:54:00,66.9
2025-06-12 08:18:00,88.1
2025-06-12 03:05:00,11.9
2025-06-12 00:38:00,19.2
2025-06-12 05:24:00,94.3
2025-06-12 21:51:00,8.0
2025-06-12 23:13:00,59.0
2025-06-12 02:54:00,59.3
2025-06-12 10:47:00,83.0
2025-06-12 21:52:00,63.2
2025-06-12 09:12:00,52.0
2025-06-12 03:45:00,44.6
2025-06-12 04:14:00,79.6
2025-06-12 09:40:00,89.9
2025-06-12 07:09:00,28.2
2025-06-12 02:22:00,45.8
2025-06-12 03:04:00,87.1
2025-06-12 15:02:00,53.6
2025-06-12 10:32:00,29.5
2025-06-12 01:32:00,73.1
2025-06-12 15:17:00,23.2
2025-06-12 11:40:00,49.96204002157484
2025-06-12 15:56:00,71.6
2025-06-12 07:34:00,50.3
2025-06-12 21:12:00,28.8
2025-06-12 22:47:00,49.96204002157484
2025-06-12 17:41:00,37.3
2025-06-12 06:43:00,87.4
2025-06-12 03:51:00,36.7
2025-06-12 09:06:00,98.4
2025-06-12 16:06:00,34.4
2025-06-12 22:03:00,30.5
2025-06-12 17:18:00,24.6
2025-06-12 20:44:00,37.0
2025-06-12 03:43:00,39.0
2025-06-12 10:57:00,49.96204002157484
2025-06-12 13:52:00,35.1
2025-06-12 18:47:00,79.1
2025-06-12 04:25:00,90.9
2025-06-12 23:20:00,77.1
2025-06-12 01:17:00,56.9
2025-06-12 22:56:00,81.4
2025-06-12 08:39:00,88.5
2025-06-12 15:24:00,12.3
2025-06-12 11:26:00,0.9
2025-06-12 05:07:00,5.1
2025-06-12 08:41:00,18.0
2025-06-12 10:25:00,96.3
2025-06-12 16:40:00,39.7
2025-06-12 21:59:00,52.6
2025-06-12 01:36:00,18.6
2025-06-12 16:31:00,13.0
2025-06-12 14:24:00,18.5
2025-06-12 15:01:00,49.0
2025-06-12 10:18:00,14.9
2025-06-12 12:15:00,45.6
2025-06-12 19:25:00,41.4
2025-06-12 16:12:00,49.96204002157484
2025-06-12 12:05:00,2.6
2025-06-12 16:30:00,83.6
2025-06-12 06:15:00,23.3
2025-06-12 05:42:00,76.5
2025-06-12 17:49:00,50.4
2025-06-12 07:29:00,0.1
2025-06-12 05:44:00,6.2
2025-06-12 10:45:00,76.3
2025-06-12 07:48:00,49.96204002157484
2025-06-12 07:51:00,86.9
2025-06-12 12:14:00,49.96204002157484
2025-06-12 19:57:00,42.5
2025-06-12 07:19:00,49.96204002157484
2025-06-12 06:20:00,44.9
2025-06-12 14:15:00,36.2
2025-06-12 00:40:00,62.7
2025-06-12 13:04:00,47.8
2025-06-12 13:36:00,34.4
2025-06-12 15:53:00,62.0
2025-06-12 07:38:00,93.1
2025-06-12 01:30:00,3.3
2025-06-12 11:10:00,67.9
2025-06-12 02:49:00,49.96204002157484
2025-06-12 16:00:00,65.0
2025-06-12 21:20:00,67.2
2025-06-12 08:55:00,58.4
2025-06-12 14:31:00,4.2
2025-06-12 03:30:00,49.96204002157484
2025-06-12 10:06:00,46.9
2025-06-12 01:09:00,90.9
2025-06-12 06:44:00,42.8
2025-06-12 06:35:00,63.5
2025-06-12 03:20:00,28.1
2025-06-12 06:30:00,49.96204002157484
2025-06-12 19:56:00,6.5
2025-06-12 12:12:00,81.9
2025-06-12 04:55:00,25.7
2025-06-12 13:10:00,97.5
2025-06-12 06:18:00,30.3
2025-06-12 19:47:00,49.96204002157484
2025-06-12 21:42:00,40.8
2025-06-12 15:14:00,53.6
2025-06-12 01:11:00,89.1
2025-06-12 05:26:00,28.5
2025-06-12 00:10:00,49.96204002157484
2025-06-12 22:18:00,62.9
2025-06-12 03:39:00,18.4
2025-06-12 10:56:00,19.7
2025-06-12 22:39:00,49.96204002157484
2025-06-12 15:16:00,13.7
2025-06-12 07:07:00,49.96204002157484
2025-06-12 05:17:00,96.3
2025-06-12 22:30:00,49.96204002157484
2025-06-12 20:27:00,61.1
2025-06-12 23:18:00,37.3
2025-06-12 08:11:00,62.6
2025-06-12 02:35:00,49.96204002157484
2025-06-12 17:16:00,68.8
2025-06-12 13:57:00,50.7
2025-06-12 18:48:00,56.6
2025-06-12 13:37:00,76.4
2025-06-12 21:33:00,67.9
2025-06-12 23:33:00,49.96204002157484
2025-06-12 13:55:00,31.6
2025-06-12 14:21:00,57.0
2025-06-12 07:35:00,72.0
2025-06-12 07:50:00,82.1
2025-06-12 08:26:00,49.96204002157484
2025-06-12 02:21:00,47.8
2025-06-12 10:36:00,21.5
2025-06-12 00:56:00,7.2
2025-06-12 05:45:00,49.96204002157484
2025-06-12 03:32:00,90.3
2025-06-12 21:10:00,38.4
2025-06-12 10:24:00,49.96204002157484
2025-06-12 06:55:00,49.96204002157484
2025-06-12 13:39:00,34.2
2025-06-12 00:39:00,22.3
2025-06-12 20:49:00,90.8
2025-06-12 11:49:00,73.6
2025-06-12 04:26:00,49.96204002157484
2025-06-12 07:37:00,12.4
2025-06-12 14:58:00,19.6
2025-06-12 01:34:00,86.1
2025-06-12 11:46:00,84.8
2025-06-12 11:24:00,49.96204002157484
2025-06-12 04:29:00,16.0
2025-06-12 03:46:00,55.9
2025-06-12 07:04:00,76.9
2025-06-12 11:02:00,25.7
2025-06-12 10:03:00,49.96204002157484
2025-06-12 13:49:00,49.96204002157484
2025-06-12 11:11:00,77.7
2025-06-12 16:08:00,8.0
2025-06-12 03:55:00,49.96204002157484
2025-06-12 02:07:00,17.9
2025-06-12 01:50:00,46.1
2025-06-12 03:27:00,82.5
2025-06-12 02:57:00,45.5
2025-06-12 03:08:00,69.8
2025-06-12 04:40:00,35.7
2025-06-12 19:14:00,60.5
2025-06-12 09:36:00,49.96204002157484
2025-06-12 03:25:00,6.3
2025-06-12 16:52:00,49.96204002157484
2025-06-12 16:36:00,10.7
2025-06-12 08:47:00,76.1
2025-06-12 00:29:00,43.6
2025-06-12 12:06:00,89.1
2025-06-12 16:28:00,40.4
2025-06-12 02:14:00,49.96204002157484
2025-06-12 23:00:00,91.2
2025-06-12 05:29:00,49.7
2025-06-12 07:41:00,29.2
2025-06-12 12:49:00,92.9
2025-06-12 21:50:00,12.3
2025-06-12 10:04:00,54.0
2025-06-12 07:25:00,21.5
2025-06-12 03:49:00,57.0
2025-06-12 18:51:00,80.3
2025-06-12 06:47:00,62.5
2025-06-12 10:58:00,81.9
2025-06-12 13:46:00,3.1
2025-06-12 23:34:00,62.7
2025-06-12 21:43:00,49.96204002157484
2025-06-12 16:21:00,90.6
2025-06-12 18:41:00,83.4
2025-06-12 02:58:00,67.9
2025-06-12 07:13:00,15.9
2025-06-12 21:11:00,11.5
2025-06-12 17:30:00,15.3
2025-06-12 09:29:00,19.3
2025-06-12 04:32:00,49.96204002157484
2025-06-12 11:18:00,73.5
2025-06-12 15:26:00,86.2
2025-06-12 05:14:00,42.0
2025-06-12 14:56:00,32.6
2025-06-12 06:53:00,31.4
2025-06-12 17:21:00,69.8
2025-06-12 03:02:00,49.96204002157484
2025-06-12 09:39:00,71.1
2025-06-12 04:27:00,30.5
2025-06-12 18:13:00,13.1
2025-06-12 18:01:00,77.2
2025-06-12 07:17:00,40.0
2025-06-12 20:52:00,32.5
2025-06-12 22:46:00,76.1
2025-06-12 03:53:00,83.1
2025-06-12 01:20:00,23.5
2025-06-12 14:59:00,30.0
2025-06-12 07:58:00,62.6
2025-06-12 15:13:00,22.6
2025-06-12 10:21:00,16.3
2025-06-12 23:36:00,69.6
2025-06-12 21:08:00,49.96204002157484
2025-06-12 21:55:00,51.4
2025-06-12 12:34:00,25.2
2025-06-12 01:06:00,90.9
2025-06-12 22:36:00,99.4
2025-06-12 20:36:00,1.7
2025-06-12 20:08:00,9.3
2025-06-12 03:59:00,48.5
2025-06-12 10:44:00,56.8
2025-06-12 09:25:00,6.5
2025-06-12 21:36:00,68.8
2025-06-12 19:34:00,28.1
2025-06-12 23:40:00,61.4
2025-06-12 21:03:00,71.1
2025-06-12 06:22:00,31.8
2025-06-12 14:06:00,21.5
2025-06-12 03:15:00,18.0
2025-06-12 21:39:00,26.6
2025-06-12 12:41:00,46.4
2025-06-12 22:42:00,95.4
2025-06-12 20:33:00,54.7
2025-06-12 20:11:00,12.8
2025-06-12 03:11:00,45.2
2025-06-12 02:19:00,87.6
2025-06-12 03:52:00,84.4
2025-06-12 14:45:00,65.0
2025-06-12 14:03:00,41.7
2025-06-12 15:35:00,72.0
2025-06-12 16:53:00,14.1
2025-06-12 20:43:00,49.96204002157484
2025-06-12 13:25:00,37.8
2025-06-12 11:30:00,49.96204002157484
2025-06-12 10:31:00,28.2
2025-06-12 23:09:00,30.2
2025-06-12 14:07:00,60.4
2025-06-12 15:22:00,70.6
2025-06-12 16:34:00,85.5
2025-06-12 14:22:00,95.2
2025-06-12 00:08:00,14.5
2025-06-12 09:58:00,25.4
2025-06-12 02:27:00,61.3
2025-06-12 23:27:00,44.2
2025-06-12 08:40:00,17.2
2025-06-12 18:30:00,33.4
2025-06-12 13:59:00,73.9
2025-06-12 13:18:00,90.0
2025-06-12 23:16:00,75.3
2025-06-12 03:23:00,56.1
2025-06-12 22:29:00,63.3
2025-06-12 04:43:00,83.2
2025-06-12 02:00:00,47.7
2025-06-12 14:51:00,49.96204002157484
2025-06-12 08:04:00,20.1
2025-06-12 02:17:00,49.96204002157484
2025-06-12 04:03:00,79.7
2025-06-12 22:20:00,26.4
2025-06-12 18:18:00,7.4
2025-06-12 09:42:00,49.96204002157484
2025-06-12 10:37:00,73.7
2025-06-12 20:30:00,32.6
2025-06-12 08:31:00,2.7
2025-06-12 10:00:00,49.96204002157484
2025-06-12 13:29:00,4.2
2025-06-12 17:47:00,21.8
2025-06-12 12:23:00,42.5
2025-06-12 21:24:00,49.96204002157484
2025-06-12 14:11:00,17.2
2025-06-12 05:09:00,82.6
2025-06-12 14:18:00,33.2
2025-06-12 11:38:00,88.1
2025-06-12 23:24:00,37.3
2025-06-12 02:53:00,49.96204002157484
2025-06-12 16:11:00,49.96204002157484
2025-06-12 17:59:00,78.5
2025-06-12 00:14:00,3.4
2025-06-12 04:53:00,51.5
2025-06-12 08:14:00,81.2
2025-06-12 02:46:00,38.0
2025-06-12 22:05:00,38.0
2025-06-12 21:58:00,19.0
2025-06-12 23:29:00,87.5
2025-06-12 21:49:00,35.2
2025-06-12 12:31:00,60.5
2025-06-12 02:26:00,80.5
2025-06-12 04:49:00,8.5
2025-06-12 18:05:00,39.8
2025-06-12 19:39:00,19.7
2025-06-12 00:25:00,49.96204002157484
2025-06-12 01:19:00,67.7
2025-06-12 09:44:00,31.6
2025-06-12 05:58:00,56.2
2025-06-12 12:40:00,63.1
2025-06-12 01:18:00,54.0
2025-06-12 09:20:00,68.8
2025-06-12 02:48:00,29.5
2025-06-12 12:10:00,10.9
2025-06-12 16:27:00,6.7
2025-06-12 15:09:00,63.2
2025-06-12 20:09:00,14.6
2025-06-12 17:10:00,96.5
2025-06-12 02:56:00,38.7
2025-06-12 19:45:00,49.96204002157484
2025-06-12 12:24:00,53.7
2025-06-12 01:08:00,90.0
2025-06-12 13:34:00,67.6
2025-06-12 19:48:00,94.4
2025-06-12 09:56:00,75.5
2025-06-12 12:59:00,68.8
2025-06-12 15:29:00,41.3
2025-06-12 09:57:00,43.5
2025-06-12 21:47:00,77.8
2025-06-12 11:19:00,70.5
2025-06-12 23:04:00,49.96204002157484
2025-06-12 19:19:00,49.96204002157484
2025-06-12 06:23:00,36.5
2025-06-12 12:09:00,90.8
2025-06-12 04:57:00,16.0
2025-06-12 00:16:00,5.1
2025-06-12 18:37:00,94.1
2025-06-12 21:26:00,7.0
2025-06-12 11:17:00,39.3
2025-06-12 04:37:00,17.4
2025-06-12 08:42:00,83.6
2025-06-12 13:47:00,28.9
2025-06-12 08:02:00,42.0
2025-06-12 18:14:00,36.4
2025-06-12 13:40:00,86.1
2025-06-12 17:39:00,84.7
2025-06-12 11:50:00,22.9
2025-06-12 22:40:00,89.4
2025-06-12 22:59:00,49.96204002157484
2025-06-12 06:07:00,48.8
2025-06-12 02:31:00,66.4
2025-06-12 18:32:00,65.7
2025-06-12 00:20:00,64.3
2025-06-12 20:14:00,49.96204002157484
2025-06-12 04:59:00,82.3
2025-06-12 19:28:00,49.96204002157484
2025-06-12 18:38:00,77.5
2025-06-12 14:34:00,51.7
2025-06-12 23:57:00,10.9
2025-06-12 00:28:00,49.96204002157484
2025-06-12 00:03:00,54.5
2025-06-12 10:11:00,84.2
2025-06-12 01:38:00,9.5
2025-06-12 21:27:00,87.3
2025-06-12 10:52:00,77.3
2025-06-12 08:38:00,60.5
2025-06-12 06:03:00,90.8
2025-06-12 22:09:00,20.7
2025-06-12 01:41:00,23.9
2025-06-12 18:06:00,22.6
2025-06-12 12:56:00,30.7
2025-06-12 09:04:00,50.2
2025-06-12 16:20:00,58.4
2025-06-12 19:05:00,3.5
2025-06-12 04:23:00,3.7
2025-06-12 00:36:00,49.96204002157484
2025-06-12 17:28:00,92.4
2025-06-12 03:17:00,21.9
2025-06-12 03:18:00,28.0
2025-06-12 14:43:00,73.8
2025-06-12 06:32:00,1.1
2025-06-12 23:28:00,66.6
2025-06-12 03:00:00,69.0
2025-06-12 06:26:00,22.0
2025-06-12 09:22:00,3.1
2025-06-12 07:40:00,84.1
2025-06-12 21:32:00,18.2
2025-06-12 11:25:00,34.1
2025-06-12 04:00:00,58.6
2025-06-12 16:56:00,50.9
2025-06-12 02:06:00,95.3
2025-06-12 05:35:00,99.1
2025-06-12 17:15:00,57.3
2025-06-12 18:10:00,93.4
2025-06-12 00:13:00,1.5
2025-06-12 11:59:00,91.1
2025-06-12 20:21:00,71.0
2025-06-12 07:14:00,9.7
2025-06-12 13:05:00,19.1
2025-06-12 17:53:00,76.9
2025-06-12 17:43:00,49.96204002157484
2025-06-12 08:23:00,49.96204002157484
2025-06-12 11:23:00,89.9
2025-06-12 04:42:00,49.96204002157484
2025-06-12 06:13:00,44.8
2025-06-12 23:38:00,33.9
2025-06-12 01:21:00,49.96204002157484
2025-06-12 12:29:00,36.4
2025-06-12 11:27:00,63.9
2025-06-12 18:15:00,6.5
2025-06-12 15:07:00,24.7
2025-06-12 14:05:00,97.0
2025-06-12 21:00:00,30.2
2025-06-12 04:06:00,85.0
2025-06-12 13:21:00,49.96204002157484
2025-06-12 14:48:00,23.8
2025-06-12 20:55:00,31.7
2025-06-12 06:51:00,2.2
2025-06-12 22:27:00,41.0
2025-06-12 08:52:00,16.3
2025-06-12 08:25:00,63.8
2025-06-12 03:36:00,49.96204002157484
2025-06-12 18:57:00,8.6
2025-06-12 20:50:00,49.96204002157484
2025-06-12 05:48:00,49.96204002157484
2025-06-12 15:31:00,38.9
2025-06-12 21:06:00,49.96204002157484
2025-06-12 07:05:00,63.5
2025-06-12 08:48:00,82.7
2025-06-12 02:50:00,56.0
2025-06-12 05:10:00,97.4
2025-06-12 13:30:00,57.9
2025-06-12 08:21:00,13.0
2025-06-12 21:53:00,36.4
2025-06-12 10:59:00,12.7
2025-06-12 02:25:00,95.7
2025-06-12 09:05:00,86.9
2025-06-12 09:01:00,50.1
2025-06-12 03:13:00,33.7
2025-06-12 03:58:00,9.1
2025-06-12 23:21:00,0.6
2025-06-12 02:51:00,15.0
2025-06-12 06:19:00,34.6
2025-06-12 20:58:00,54.1
2025-06-12 12:04:00,43.6
2025-06-12 17:42:00,99.8
2025-06-12 02:41:00,49.96204002157484
2025-06-12 20:31:00,16.5
2025-06-12 21:54:00,4.9
2025-06-12 05:15:00,13.9
2025-06-12 20:51:00,68.0
2025-06-12 02:34:00,30.3
2025-06-12 03:19:00,49.96204002157484
2025-06-12 14:01:00,88.6
2025-06-12 23:31:00,34.4
2025-06-12 11:37:00,4.0
2025-06-12 15:27:00,7.4
2025-06-12 23:05:00,32.7
2025-06-12 14:28:00,24.4
2025-06-12 13:14:00,90.5
2025-06-12 23:35:00,85.1
2025-06-12 14:14:00,13.1
2025-06-12 11:07:00,16.7
2025-06-12 06:06:00,42.8
2025-06-12 09:54:00,58.8
2025-06-12 13:19:00,93.0
2025-06-12 10:51:00,66.3
2025-06-12 10:19:00,71.2
2025-06-12 01:01:00,97.3
2025-06-12 08:05:00,49.96204002157484
2025-06-12 09:59:00,61.8
2025-06-12 00:49:00,12.8
2025-06-12 19:52:00,87.3
2025-06-12 11:22:00,6.8
2025-06-12 19:58:00,85.4
2025-06-12 06:31:00,13.6
2025-06-12 19:20:00,96.5
2025-06-12 21:31:00,65.2
2025-06-12 12:26:00,94.8
2025-06-12 09:02:00,99.0
2025-06-12 16:13:00,11.7
2025-06-12 06:17:00,49.96204002157484
2025-06-12 04:11:00,42.2
2025-06-12 17:22:00,82.2
2025-06-12 19:35:00,49.96204002157484
2025-06-12 20:15:00,17.7
2025-06-12 04:24:00,13.3
2025-06-12 12:19:00,49.96204002157484
2025-06-12 23:19:00,49.96204002157484
2025-06-12 20:41:00,2.8
2025-06-12 11:12:00,49.96204002157484
2025-06-12 07:47:00,29.8
2025-06-12 06:36:00,7.2
2025-06-12 00:44:00,3.7
2025-06-12 16:46:00,69.0
2025-06-12 03:10:00,45.9
2025-06-12 20:32:00,62.9
2025-06-12 16:10:00,57.1
2025-06-12 23:52:00,5.6
2025-06-12 19:40:00,69.8
2025-06-12 07:15:00,43.5
2025-06-12 07:52:00,44.0
2025-06-12 12:57:00,2.1
2025-06-12 12:35:00,77.1
2025-06-12 04:58:00,4.5
2025-06-12 06:37:00,12.7
2025-06-12 00:50:00,24.8
2025-06-12 11:57:00,48.2
2025-06-12 08:08:00,86.7
2025-06-12 12:22:00,64.8
2025-06-12 17:52:00,63.5
2025-06-12 17:34:00,89.3
2025-06-12 21:17:00,55.9
2025-06-12 07:53:00,85.0
2025-06-12 15:03:00,80.6
2025-06-12 15:37:00,59.7
2025-06-12 20:06:00,66.9
2025-06-12 23:44:00,44.6
2025-06-12 20:04:00,49.96204002157484
2025-06-12 22:55:00,90.7
2025-06-12 02:03:00,41.6
2025-06-12 16:22:00,26.9
2025-06-12 10:12:00,6.5
2025-06-12 03:42:00,9.5
2025-06-12 09:46:00,24.0
2025-06-12 13:38:00,63.3
2025-06-12 04:15:00,68.1
2025-06-12 02:18:00,27.4
2025-06-12 10:05:00,77.6
2025-06-12 10:50:00,49.96204002157484
2025-06-12 15:12:00,53.9
2025-06-12 02:09:00,82.0
2025-06-12 16:48:00,92.4
2025-06-12 03:50:00,93.9
2025-06-12 12:58:00,49.96204002157484
2025-06-12 17:09:00,80.2
2025-06-12 20:56:00,81.5
2025-06-12 10:34:00,34.3
2025-06-12 20:13:00,49.96204002157484
2025-06-12 15:19:00,49.96204002157484
2025-06-12 05:46:00,49.96204002157484
2025-06-12 22:08:00,49.96204002157484
2025-06-12 05:16:00,53.2
2025-06-12 08:13:00,31.9
2025-06-12 01:43:00,82.1
2025-06-12 06:00:00,55.1
2025-06-12 03:41:00,69.4
2025-06-12 02:28:00,42.2
2025-06-12 21:41:00,68.8
2025-06-12 04:12:00,68.4
2025-06-12 12:17:00,61.3
2025-06-12 15:28:00,49.96204002157484
2025-06-12 11:41:00,0.2
2025-06-12 02:44:00,49.96204002157484
2025-06-12 08:37:00,5.2
2025-06-12 07:55:00,68.6
2025-06-12 18:52:00,2.1
2025-06-12 23:14:00,85.5
2025-06-12 02:30:00,17.5
2025-06-12 10:08:00,37.2
2025-06-12 04:38:00,40.5
2025-06-12 01:40:00,78.6
2025-06-12 17:27:00,85.8
2025-06-12 11:20:00,18.7
2025-06-12 08:33:00,71.7
2025-06-12 07:01:00,88.9
2025-06-12 22:41:00,26.0
2025-06-12 15:44:00,52.5
2025-06-12 19:09:00,44.4
2025-06-12 06:50:00,49.96204002157484
2025-06-12 11:33:00,68.9
2025-06-12 08:53:00,89.9
2025-06-12 16:33:00,49.96204002157484
2025-06-12 21:25:00,97.0
2025-06-12 08:49:00,75.0
2025-06-12 16:43:00,67.5
2025-06-12 19:13:00,82.4
2025-06-12 13:58:00,43.8
2025-06-12 22:21:00,57.6
2025-06-12 17:36:00,62.6
2025-06-12 00:24:00,91.3
2025-06-12 12:21:00,68.5
2025-06-12 10:46:00,23.6
2025-06-12 13:13:00,20.4
2025-06-12 10:40:00,49.96204002157484
2025-06-12 15:47:00,84.3
2025-06-12 05:28:00,50.2
2025-06-12 17:11:00,4.7
2025-06-12 12:46:00,7.8
2025-06-12 04:22:00,7.3
2025-06-12 23:43:00,43.0
2025-06-12 09:32:00,8.5
2025-06-12 18:02:00,69.7
2025-06-12 01:47:00,80.0
2025-06-12 16:18:00,26.0
2025-06-12 14:02:00,49.96204002157484
2025-06-12 12:03:00,19.7
2025-06-12 18:39:00,19.2
2025-06-12 19:43:00,22.0
2025-06-12 12:27:00,30.9
2025-06-12 08:56:00,94.3
2025-06-12 11:36:00,8.5
2025-06-12 16:51:00,49.96204002157484
2025-06-12 20:07:00,49.96204002157484
2025-06-12 03:16:00,70.3
2025-06-12 03:57:00,49.96204002157484
2025-06-12 17:54:00,34.0
2025-06-12 10:43:00,49.96204002157484
2025-06-12 00:02:00,13.0
2025-06-12 14:17:00,95.8
2025-06-12 20:22:00,27.1
2025-06-12 12:16:00,93.4
2025-06-12 19:15:00,39.2
2025-06-12 00:19:00,82.4
2025-06-12 19:21:00,67.7
2025-06-12 09:52:00,93.2
2025-06-12 09:16:00,49.96204002157484
2025-06-12 16:37:00,13.0
2025-06-12 12:33:00,67.7
2025-06-12 10:27:00,37.7
2025-06-12 08:50:00,92.0
2025-06-12 18:35:00,26.0
2025-06-12 23:56:00,0.4
2025-06-12 06:02:00,47.9
2025-06-12 00:17:00,19.3
2025-06-12 10:48:00,42.3
2025-06-12 10:02:00,11.7
2025-06-12 10:30:00,34.3
2025-06-12 05:57:00,31.9
2025-06-12 00:33:00,88.5
2025-06-12 21:28:00,23.8
2025-06-12 14:55:00,54.1
2025-06-12 02:24:00,20.8
2025-06-12 03:09:00,5.9
2025-06-12 00:43:00,49.96204002157484
2025-06-12 22:53:00,52.2
2025-06-12 02:45:00,49.96204002157484
2025-06-12 09:34:00,27.7
2025-06-12 17:44:00,3.5
2025-06-12 22:50:00,65.8
2025-06-12 11:01:00,13.2
2025-06-12 20:28:00,49.96204002157484
2025-06-12 16:50:00,74.3
2025-06-12 13:12:00,49.96204002157484
2025-06-12 06:08:00,19.0
2025-06-12 05:23:00,60.1
2025-06-12 06:41:00,48.0
2025-06-12 15:00:00,57.7
2025-06-12 06:33:00,29.1
2025-06-12 22:37:00,28.9
2025-06-12 03:35:00,88.8
2025-06-12 05:30:00,13.0
2025-06-12 22:58:00,17.8
2025-06-12 09:50:00,84.6
2025-06-12 16:15:00,8.8
2025-06-12 07:49:00,8.2
2025-06-12 08:09:00,1.0
2025-06-12 05:50:00,80.5
2025-06-12 23:46:00,21.1
2025-06-12 18:16:00,40.9
2025-06-12 01:53:00,49.96204002157484
2025-06-12 00:54:00,57.8
2025-06-12 19:46:00,58.2
2025-06-12 14:46:00,59.4
2025-06-12 18:24:00,52.4
2025-06-12 10:26:00,49.96204002157484
2025-06-12 19:00:00,21.4
2025-06-12 09:27:00,73.3
2025-06-12 15:48:00,53.7
2025-06-12 09:00:00,49.96204002157484
2025-06-12 18:34:00,49.96204002157484
2025-06-12 15:46:00,9.4
2025-06-12 10:54:00,23.0
2025-06-12 20:53:00,88.3
2025-06-12 03:03:00,34.6
2025-06-12 13:20:00,90.1
2025-06-12 00:09:00,27.8
2025-06-12 19:12:00,49.96204002157484
2025-06-12 02:02:00,71.3
2025-06-12 02:11:00,78.3
2025-06-12 22:22:00,78.3
2025-06-12 10:39:00,11.5
2025-06-12 21:48:00,88.7
2025-06-12 09:11:00,79.0
2025-06-12 00:42:00,65.9
2025-06-12 20:42:00,10.1
2025-06-12 02:20:00,12.4
2025-06-12 09:45:00,37.0
2025-06-12 07:03:00,39.6
2025-06-12 02:08:00,1.5
2025-06-12 21:13:00,59.8
2025-06-12 22:57:00,76.8
2025-06-12 03:12:00,67.4
2025-06-12 15:40:00,16.3
2025-06-12 01:29:00,46.1
2025-06-12 01:24:00,49.96204002157484
2025-06-12 21:05:00,82.5
2025-06-12 08:27:00,44.2
2025-06-12 22:04:00,68.4
2025-06-12 05:59:00,39.6
2025-06-12 18:21:00,49.96204002157484
2025-06-12 04:08:00,50.0
2025-06-12 05:32:00,57.7
2025-06-12 10:53:00,2.2
2025-06-12 07:42:00,93.5
2025-06-12 04:10:00,80.3
2025-06-12 22:48:00,58.5
2025-06-12 16:42:00,49.96204002157484
2025-06-12 00:45:00,14.2
2025-06-12 14:08:00,33.9
2025-06-12 01:51:00,5.5
2025-06-12 07:24:00,98.2
2025-06-12 23:49:00,49.96204002157484
2025-06-12 02:59:00,55.2
2025-06-12 10:49:00,84.4
2025-06-12 20:03:00,80.0
2025-06-12 09:24:00,85.3
2025-06-12 00:04:00,4.7
2025-06-12 03:37:00,7.8
2025-06-12 06:59:00,60.2
2025-06-12 14:09:00,14.3
2025-06-12 14:26:00,26.1
2025-06-12 12:20:00,3.9
2025-06-12 18:40:00,74.9
2025-06-12 15:43:00,39.4
2025-06-12 03:14:00,95.8
2025-06-12 20:25:00,55.5
2025-06-12 14:12:00,8.3
2025-06-12 21:57:00,65.3
2025-06-12 00:15:00,16.2
2025-06-12 01:55:00,78.2
2025-06-12 12:30:00,21.5
2025-06-12 05:33:00,51.5
2025-06-12 22:19:00,96.5
2025-06-12 04:28:00,30.3
2025-06-12 07:32:00,81.5
2025-06-12 09:48:00,61.2
2025-06-12 19:23:00,25.5
2025-06-12 14:25:00,17.4
2025-06-12 20:40:00,69.9
2025-06-12 01:49:00,91.9
2025-06-12 05:11:00,11.9
2025-06-12 09:43:00,19.9
2025-06-12 11:44:00,54.0
2025-06-12 11:08:00,53.7
2025-06-12 00:27:00,60.5
2025-06-12 14:33:00,96.9
2025-06-12 02:12:00,49.96204002157484
2025-06-12 20:12:00,44.1
2025-06-12 02:05:00,49.96204002157484
2025-06-12 01:35:00,87.9
2025-06-12 15:20:00,79.0
2025-06-12 23:07:00,49.96204002157484
2025-06-12 02:37:00,93.7
2025-06-12 13:08:00,41.3
2025-06-12 14:32:00,49.96204002157484
2025-06-12 12:38:00,49.96204002157484
2025-06-12 22:51:00,43.8
2025-06-12 10:14:00,59.6
2025-06-12 00:11:00,47.0
2025-06-12 22:11:00,12.9
2025-06-12 00:53:00,49.96204002157484
2025-06-12 13:43:00,16.7
2025-06-12 11:48:00,49.96204002157484
2025-06-12 22:23:00,19.4
2025-06-12 14:00:00,43.9
2025-06-12 16:14:00,74.5
2025-06-12 23:17:00,46.8
2025-06-12 11:58:00,30.4
2025-06-12 08:19:00,57.0
2025-06-12 23:50:00,70.2
2025-06-12 11:35:00,55.2
2025-06-12 10:38:00,69.7
2025-06-12 05:01:00,77.3
2025-06-12 05:37:00,77.4
2025-06-12 21:35:00,85.2
2025-06-12 19:42:00,49.96204002157484
2025-06-12 21:40:00,75.3
2025-06-12 15:45:00,49.96204002157484
2025-06-12 07:45:00,44.0
2025-06-12 16:23:00,47.7
2025-06-12 11:05:00,12.9
2025-06-12 07:59:00,4.7
2025-06-12 15:57:00,70.6
2025-06-12 14:44:00,38.1
2025-06-12 12:25:00,49.96204002157484
2025-06-12 07:33:00,41.9
2025-06-12 19:55:00,2.1
2025-06-12 05:20:00,53.4
2025-06-12 02:33:00,49.96204002157484
2025-06-12 22:45:00,82.0
2025-06-12 13:03:00,97.3
2025-06-12 12:13:00,23.1
2025-06-12 17:32:00,3.8
2025-06-12 15:50:00,36.3
2025-06-12 11:43:00,22.4
2025-06-12 17:58:00,97.1
2025-06-12 10:42:00,73.8
2025-06-12 07:12:00,44.6
2025-06-12 00:00:00,3.0
2025-06-12 09:15:00,66.8
2025-06-12 09:38:00,46.5
2025-06-12 20:17:00,0.1
2025-06-12 01:03:00,96.9
2025-06-12 15:10:00,95.1
2025-06-12 23:54:00,19.3
2025-06-12 09:10:00,82.0
2025-06-12 05:43:00,18.3
2025-06-12 08:22:00,49.96204002157484
2025-06-12 20:39:00,35.7
2025-06-12 07:43:00,4.5
2025-06-12 00:23:00,72.7
2025-06-12 07:28:00,80.3
2025-06-12 04:51:00,41.8
2025-06-12 00:52:00,23.0
2025-06-12 04:46:00,49.96204002157484
2025-06-12 08:54:00,29.6
2025-06-12 15:04:00,18.7
2025-06-12 05:03:00,84.5
2025-06-12 04:54:00,49.96204002157484
2025-06-12 03:22:00,46.1
2025-06-12 19:08:00,56.7
2025-06-12 19:38:00,49.96204002157484
2025-06-12 02:47:00,65.1
2025-06-12 21:16:00,75.7
2025-06-12 10:22:00,42.8
2025-06-12 18:55:00,49.96204002157484
2025-06-12 11:47:00,89.0
2025-06-12 23:01:00,16.7
2025-06-12 15:30:00,19.3
2025-06-12 17:35:00,14.0
2025-06-12 19:32:00,54.9
2025-06-12 14:39:00,63.3
2025-06-12 17:01:00,7.2
2025-06-12 09:30:00,1.4
2025-06-12 16:29:00,19.9
2025-06-12 13:16:00,12.4
2025-06-12 19:26:00,0.4
2025-06-12 21:22:00,59.5
2025-06-12 10:16:00,28.2
2025-06-12 18:53:00,39.6
2025-06-12 23:23:00,21.0
2025-06-12 20:45:00,38.2
2025-06-12 08:29:00,3.8
2025-06-12 23:03:00,49.96204002157484
2025-06-12 04:13:00,6.9
2025-06-12 05:31:00,59.7
2025-06-12 22:38:00,51.5
2025-06-12 16:03:00,49.96204002157484
2025-06-12 08:12:00,78.7
2025-06-12 13:24:00,90.8
2025-06-12 03:40:00,74.4
2025-06-12 21:07:00,14.2
2025-06-12 17:37:00,86.8
2025-06-12 21:23:00,14.1
2025-06-12 13:45:00,86.5
2025-06-12 09:55:00,42.8
2025-06-12 17:14:00,12.1
2025-06-12 01:10:00,79.1
2025-06-12 12:47:00,10.2
2025-06-12 06:09:00,83.9
2025-06-12 13:48:00,93.4
2025-06-12 02:23:00,64.0
2025-06-12 00:21:00,56.4
2025-06-12 18:58:00,33.0
2025-06-12 21:14:00,92.4
2025-06-12 22:26:00,93.0
2025-06-12 17:25:00,49.96204002157484
2025-06-12 15:36:00,71.3
2025-06-12 01:33:00,17.8
2025-06-12 23:10:00,34.4
2025-06-12 14:40:00,96.7
2025-06-12 00:48:00,12.3
2025-06-12 16:19:00,94.5
2025-06-12 17:17:00,70.0
2025-06-12 17:51:00,19.1
2025-06-12 18:56:00,83.9
2025-06-12 08:28:00,22.6
2025-06-12 04:20:00,88.2
2025-06-12 19:17:00,98.4
2025-06-12 15:41:00,98.4
2025-06-12 08:58:00,49.96204002157484
2025-06-12 18:27:00,83.8
2025-06-12 14:36:00,49.96204002157484
2025-06-12 10:09:00,93.7
2025-06-12 12:02:00,49.96204002157484
2025-06-12 22:17:00,58.7
2025-06-12 14:47:00,96.2
2025-06-12 22:33:00,17.1
2025-06-12 17:45:00,36.5
2025-06-12 20:26:00,16.7
2025-06-12 07:39:00,53.4
2025-06-12 19:29:00,91.1
2025-06-12 20:29:00,32.7
2025-06-12 18:08:00,28.1
2025-06-12 06:54:00,97.6
2025-06-12 07:36:00,97.8
2025-06-12 05:55:00,98.7
2025-06-12 04:33:00,96.3
2025-06-12 12:45:00,49.96204002157484
2025-06-12 03:24:00,37.2
2025-06-12 17:38:00,85.4
2025-06-12 07:23:00,50.1
2025-06-12 15:25:00,52.2
2025-06-12 01:52:00,90.6
2025-06-12 16:59:00,96.5
2025-06-12 00:35:00,72.5
2025-06-12 04:02:00,49.96204002157484
2025-06-12 15:39:00,4.6
2025-06-12 06:40:00,69.9
2025-06-12 18:54:00,49.9
2025-06-12 21:45:00,21.3
2025-06-12 17:55:00,30.8
2025-06-12 01:45:00,50.9
2025-06-12 23:47:00,71.3
2025-06-12 14:10:00,26.7
2025-06-12 19:59:00,49.96204002157484
2025-06-12 16:57:00,27.8
2025-06-12 16:47:00,49.96204002157484
2025-06-12 22:28:00,76.4
2025-06-12 15:38:00,81.4
2025-06-12 06:46:00,38.5
2025-06-12 19:22:00,39.9
2025-06-12 02:42:00,69.4
2025-06-12 13:06:00,85.8
2025-06-12 21:21:00,87.4
2025-06-12 11:32:00,20.9
2025-06-12 00:46:00,96.1
2025-06-12 12:28:00,86.4
2025-06-12 01:56:00,80.7
2025-06-12 10:17:00,44.9
2025-06-12 13:23:00,47.7
2025-06-12 09:47:00,99.5
2025-06-12 17:40:00,53.3
2025-06-12 22:52:00,23.8
2025-06-12 09:19:00,85.4
2025-06-12 11:04:00,25.1
2025-06-12 13:11:00,21.3
2025-06-12 15:55:00,9.7
2025-06-12 06:05:00,17.8
2025-06-12 22:49:00,88.2
2025-06-12 15:18:00,89.8
2025-06-12 09:28:00,7.0
2025-06-12 18:19:00,5.5
2025-06-12 07:02:00,45.3
2025-06-12 17:19:00,49.96204002157484
2025-06-12 08:45:00,31.2
2025-06-12 20:34:00,94.3
2025-06-12 20:20:00,18.6
2025-06-12 08:24:00,17.5
2025-06-12 19:10:00,76.5
2025-06-12 11:56:00,98.8
2025-06-12 08:00:00,49.96204002157484
2025-06-12 08:51:00,37.7
2025-06-12 01:31:00,11.9
2025-06-12 16:07:00,9.5
2025-06-12 17:33:00,95.0
2025-06-12 23:37:00,25.5
2025-06-12 17:46:00,6.6
2025-06-12 22:54:00,69.0
2025-06-12 19:03:00,35.5
2025-06-12 23:39:00,97.0
2025-06-12 00:31:00,49.96204002157484
2025-06-12 00:30:00,57.9
2025-06-12 05:21:00,37.0
2025-06-12 06:25:00,99.7
2025-06-12 23:59:00,83.1
2025-06-12 11:39:00,49.96204002157484
2025-06-12 07:56:00,17.2
2025-06-12 20:19:00,61.5
2025-06-12 16:58:00,11.5
2025-06-12 14:52:00,69.8
2025-06-12 01:23:00,49.96204002157484
2025-06-12 09:51:00,35.6
2025-06-12 13:31:00,49.96204002157484
2025-06-12 17:13:00,79.3
2025-06-12 08:07:00,90.2
2025-06-12 04:21:00,26.4
2025-06-12 07:18:00,22.6
2025-06-12 16:35:00,95.3
2025-06-12 01:46:00,97.3
2025-06-12 12:51:00,49.96204002157484
2025-06-12 23:12:00,49.96204002157484
2025-06-12 07:11:00,2.8
2025-06-12 08:59:00,53.6
2025-06-12 19:07:00,26.9
2025-06-12 07:22:00,35.7
2025-06-12 02:15:00,60.1
2025-06-12 04:52:00,17.3
2025-06-12 14:16:00,49.96204002157484
2025-06-12 08:57:00,71.5
2025-06-12 06:27:00,15.4
2025-06-12 18:23:00,82.0
2025-06-12 05:05:00,7.0
2025-06-12 22:44:00,31.4
2025-06-12 17:05:00,61.5
2025-06-12 23:26:00,90.5
2025-06-12 13:01:00,88.8
2025-06-12 12:07:00,77.9
2025-06-12 09:23:00,49.96204002157484
2025-06-12 22:35:00,95.9
2025-06-12 18:36:00,49.96204002157484
2025-06-12 16:44:00,67.3
2025-06-12 18:17:00,49.96204002157484
2025-06-12 14:35:00,3.5
2025-06-12 04:45:00,45.8
2025-06-12 01:58:00,56.5
2025-06-12 06:48:00,49.96204002157484
2025-06-12 20:59:00,15.5
2025-06-12 03:28:00,84.7
2025-06-12 20:02:00,49.96204002157484
2025-06-12 12:32:00,53.5
2025-06-12 11:28:00,49.96204002157484
2025-06-12 00:26:00,62.3
2025-06-12 01:26:00,9.8
2025-06-12 19:41:00,21.2
2025-06-12 22:00:00,82.2
2025-06-12 20:23:00,49.96204002157484
2025-06-12 21:46:00,49.96204002157484
2025-06-12 05:12:00,49.96204002157484
2025-06-12 04:44:00,63.0
2025-06-12 05:36:00,41.6
2025-06-12 11:03:00,33.2
2025-06-12 17:29:00,97.7
2025-06-12 07:00:00,49.96204002157484
2025-06-12 12:52:00,47.5
2025-06-12 20:16:00,41.8
2025-06-12 06:10:00,54.7
2025-06-12 02:13:00,49.96204002157484
2025-06-12 17:31:00,13.1
2025-06-12 21:37:00,10.9
2025-06-12 16:32:00,46.1
2025-06-12 06:16:00,68.8
2025-06-12 04:50:00,34.6
2025-06-12 22:13:00,86.4
2025-06-12 02:36:00,70.3
2025-06-12 13:41:00,8.7
2025-06-12 19:54:00,63.5
2025-06-12 08:06:00,57.9
2025-06-12 04:35:00,15.7
2025-06-12 15:06:00,49.96204002157484
2025-06-12 17:07:00,13.3
2025-06-12 17:20:00,49.96204002157484
2025-06-12 09:49:00,2.7
2025-06-12 05:08:00,58.3
2025-06-12 18:26:00,11.8
2025-06-12 19:11:00,49.96204002157484
2025-06-12 08:46:00,97.1
2025-06-12 23:11:00,49.96204002157484
2025-06-12 16:16:00,38.5
2025-06-12 18:09:00,50.6
2025-06-12 09:41:00,37.3
2025-06-12 10:28:00,49.96204002157484
2025-06-12 21:19:00,9.3
2025-06-12 15:42:00,2.9
2025-06-12 04:18:00,4.4
2025-06-12 23:41:00,17.2
2025-06-12 00:32:00,36.8
2025-06-12 11:14:00,6.7
2025-06-12 16:01:00,57.0
2025-06-12 08:43:00,10.5
2025-06-12 01:04:00,0.9
2025-06-12 13:09:00,12.4
2025-06-12 00:51:00,14.9
2025-06-12 03:01:00,61.2
2025-06-12 13:26:00,52.0
2025-06-12 19:04:00,15.3
2025-06-12 18:46:00,45.0
2025-06-12 05:13:00,51.4
2025-06-12 23:58:00,50.8
2025-06-12 17:57:00,77.4
2025-06-12 07:30:00,49.96204002157484
2025-06-12 20:18:00,49.96204002157484
2025-06-12 16:09:00,14.2
2025-06-12 13:15:00,81.5
2025-06-12 11:06:00,77.6
2025-06-12 22:25:00,88.5
2025-06-12 11:13:00,47.7
2025-06-12 18:11:00,18.0
2025-06-12 23:22:00,88.3
2025-06-12 00:18:00,98.4
2025-06-12 12:44:00,83.8
2025-06-12 10:13:00,20.3
2025-06-12 17:06:00,25.0
2025-06-12 21:29:00,40.4
2025-06-12 04:05:00,3.9
2025-06-12 21:15:00,81.5
2025-06-12 07:21:00,61.3
2025-06-12 19:51:00,49.96204002157484
2025-06-12 11:42:00,98.6
2025-06-12 02:38:00,57.8
2025-06-12 18:45:00,18.7
2025-06-12 03:56:00,49.4
2025-06-12 23:25:00,99.4
2025-06-12 03:44:00,28.4
2025-06-12 02:52:00,7.1
2025-06-12 05:38:00,82.4
2025-06-12 08:35:00,31.8
2025-06-12 01:14:00,49.96204002157484
2025-06-12 20:10:00,94.0
2025-06-12 04:17:00,19.5
2025-06-12 11:51:00,85.1
2025-06-12 07:27:00,11.6
2025-06-12 13:53:00,24.4
2025-06-12 17:00:00,11.2
2025-06-12 18:12:00,16.8
2025-06-12 01:57:00,75.0
2025-06-12 15:15:00,42.0
2025-06-12 04:19:00,65.1
2025-06-12 10:41:00,70.2
2025-06-12 18:50:00,11.6
2025-06-12 11:09:00,72.9
2025-06-12 21:56:00,57.3
2025-06-12 15:33:00,91.5
2025-06-12 01:54:00,97.5
2025-06-12 13:56:00,31.3
2025-06-12 05:00:00,43.4
2025-06-12 08:32:00,89.6
2025-06-12 08:01:00,65.5
2025-06-12 00:22:00,49.96204002157484
2025-06-12 23:53:00,97.9
2025-06-12 20:38:00,18.7
2025-06-12 16:25:00,99.0
2025-06-12 01:00:00,49.96204002157484
2025-06-12 14:20:00,47.1
2025-06-12 16:55:00,59.4
2025-06-12 01:28:00,92.3
2025-06-12 11:34:00,63.5
2025-06-12 07:26:00,92.9
2025-06-12 18:49:00,49.96204002157484
2025-06-12 12:53:00,53.9
2025-06-12 15:58:00,77.5
2025-06-12 05:06:00,56.3
2025-06-12 14:19:00,25.4
2025-06-12 16:49:00,30.7
2025-06-12 08:44:00,85.5
2025-06-12 22:43:00,67.9
2025-06-12 02:39:00,92.7
2025-06-12 15:11:00,61.8
2025-06-12 18:43:00,44.4
2025-06-12 12:36:00,63.7
2025-06-12 01:59:00,72.5
2025-06-12 01:39:00,25.7
2025-06-12 07:06:00,71.8
2025-06-12 12:42:00,60.3
2025-06-12 10:07:00,40.8
2025-06-12 00:55:00,49.96204002157484
2025-06-12 13:35:00,73.0
2025-06-12 04:47:00,82.1
2025-06-12 05:25:00,89.0
2025-06-12 07:16:00,22.6
2025-06-12 20:47:00,37.8
2025-06-12 21:38:00,46.9
2025-06-12 08:34:00,36.0
2025-06-12 10:10:00,77.3
2025-06-12 18:44:00,52.7
2025-06-12 05:04:00,14.4
2025-06-12 04:30:00,33.9
2025-06-12 01:44:00,49.96204002157484
2025-06-12 09:35:00,19.5
2025-06-12 12:43:00,11.3
2025-06-12 22:31:00,49.96204002157484
2025-06-12 22:14:00,8.8
2025-06-12 14:41:00,49.96204002157484
2025-06-12 10:23:00,44.6
2025-06-12 20:35:00,50.9
2025-06-12 13:27:00,64.7
2025-06-12 07:31:00,77.8
2025-06-12 05:51:00,40.2
2025-06-12 06:39:00,49.96204002157484
2025-06-12 05:02:00,98.3
2025-06-12 14:53:00,7.8
2025-06-12 01:22:00,47.3
2025-06-12 09:33:00,20.2
2025-06-12 18:22:00,14.5
2025-06-12 09:13:00,59.3
2025-06-12 05:40:00,81.5
2025-06-12 17:26:00,63.6
2025-06-12 03:26:00,0.3
2025-06-12 19:06:00,53.5
2025-06-12 04:36:00,31.7
2025-06-12 03:29:00,49.96204002157484
2025-06-12 19:02:00,49.96204002157484
2025-06-12 01:37:00,1.5
2025-06-12 01:27:00,76.6
2025-06-12 23:32:00,43.0
2025-06-12 06:14:00,18.1
2025-06-12 17:23:00,49.96204002157484
2025-06-12 01:07:00,95.1
2025-06-12 20:24:00,49.96204002157484
2025-06-12 08:36:00,57.1
2025-06-12 12:50:00,49.96204002157484
2025-06-12 14:04:00,9.1
2025-06-12 16:24:00,49.96204002157484
2025-06-12 20:00:00,43.2
2025-06-12 03:06:00,87.6
2025-06-12 11:00:00,15.6
2025-06-12 18:59:00,13.5
2025-06-12 05:49:00,91.1
2025-06-12 20:37:00,49.96204002157484
2025-06-12 20:05:00,32.6
2025-06-12 19:49:00,18.1
2025-06-12 10:15:00,92.4
2025-06-12 14:54:00,13.4
2025-06-12 04:09:00,6.6
2025-06-12 09:08:00,15.0
2025-06-12 13:28:00,76.6
2025-06-12 14:13:00,29.5
2025-06-12 23:45:00,91.1
2025-06-12 05:53:00,52.1
2025-06-12 01:25:00,9.2
2025-06-12 06:04:00,41.6
2025-06-12 06:21:00,81.0
2025-06-12 17:24:00,62.4
2025-06-12 10:29:00,49.2
2025-06-12 06:29:00,76.6
2025-06-12 16:04:00,37.1
2025-06-12 16:02:00,92.0
2025-06-12 08:17:00,73.9
2025-06-12 01:05:00,64.8
2025-06-12 10:01:00,64.4
2025-06-12 06:01:00,49.96204002157484
2025-06-12 00:34:00,11.1
2025-06-12 11:16:00,49.96204002157484
2025-06-12 05:27:00,69.7
2025-06-12 18:31:00,11.2
2025-06-12 07:54:00,37.4
2025-06-12 00:59:00,40.5
2025-06-12 09:14:00,25.8
2025-06-12 21:04:00,49.96204002157484
2025-06-12 15:21:00,57.2
2025-06-12 13:02:00,11.6
2025-06-12 11:55:00,70.1
2025-06-12 18:29:00,18.1
2025-06-12 04:31:00,9.2
2025-06-12 03:47:00,28.5
2025-06-12 07:44:00,49.96204002157484
2025-06-12 23:55:00,42.6
2025-06-12 07:57:00,49.96204002157484
2025-06-12 00:07:00,31.2
2025-06-12 23:08:00,11.8
2025-06-12 10:33:00,71.4
2025-06-12 18:03:00,21.2
2025-06-12 21:30:00,56.1
2025-06-12 05:34:00,49.96204002157484
2025-06-12 12:37:00,49.96204002157484
2025-06-12 03:48:00,2.0
2025-06-12 23:51:00,42.9
2025-06-12 17:48:00,2.7
2025-06-12 08:15:00,66.1
2025-06-12 06:52:00,60.6
2025-06-12 19:37:00,21.0
2025-06-12 16:26:00,31.3
2025-06-12 00:37:00,41.3
2025-06-12 19:31:00,65.1
2025-06-12 12:48:00,49.96204002157484
2025-06-12 07:08:00,0.8
2025-06-12 18:20:00,97.6
2025-06-12 19:01:00,66.2
2025-06-12 04:56:00,93.5
2025-06-12 11:53:00,85.9
2025-06-12 13:54:00,32.2
2025-06-12 05:52:00,57.2
2025-06-12 06:56:00,88.1
2025-06-12 22:06:00,5.1
2025-06-12 06:38:00,82.3
2025-06-12 13:51:00,49.96204002157484
2025-06-12 11:21:00,68.4
2025-06-12 22:16:00,49.96204002157484
2025-06-12 01:12:00,16.2
2025-06-12 17:04:00,41.4
2025-06-12 01:13:00,3.4
2025-06-12 14:23:00,47.7
2025-06-12 13:50:00,4.6
2025-06-12 06:57:00,1.3
2025-06-12 17:12:00,68.7
2025-06-12 06:12:00,49.96204002157484
2025-06-12 16:45:00,96.9
2025-06-12 21:44:00,69.5
2025-06-12 18:00:00,96.7
2025-06-12 19:27:00,39.2
2025-06-12 02:04:00,0.4
2025-06-12 05:41:00,39.0
2025-06-12 13:22:00,13.2
2025-06-12 15:52:00,61.5
2025-06-12 15:05:00,59.4
2025-06-12 02:55:00,17.6
2025-06-12 03:38:00,14.7
2025-06-12 09:26:00,49.1
2025-06-12 05:56:00,62.3
2025-06-12 13:00:00,19.7
2025-06-12 17:50:00,91.7
2025-06-12 10:55:00,18.8
2025-06-12 09:21:00,87.1
2025-06-12 11:45:00,0.4
2025-06-12 13:42:00,49.96204002157484
2025-06-12 21:09:00,59.7
2025-06-12 14:27:00,32.2
2025-06-12 14:49:00,49.96204002157484
2025-06-12 07:10:00,52.1
2025-06-12 02:43:00,2.8
2025-06-12 15:54:00,75.4
2025-06-12 11:52:00,47.3
2025-06-12 07:20:00,94.2
2025-06-12 09:09:00,7.2
2025-06-12 15:23:00,68.7
2025-06-12 14:29:00,7.4
2025-06-12 13:32:00,4.1
2025-06-12 15:59:00,82.8
2025-06-12 06:34:00,68.3
2025-06-12 17:02:00,39.6
2025-06-12 01:02:00,59.7
2025-06-12 15:51:00,49.96204002157484
2025-06-12 06:24:00,5.6
2025-06-12 21:01:00,17.8
2025-06-12 02:10:00,60.8
2025-06-12 14:38:00,49.96204002157484
2025-06-12 03:33:00,88.0
2025-06-12 22:02:00,28.9
2025-06-12 06:49:00,32.0
2025-06-12 06:11:00,49.96204002157484
2025-06-12 03:21:00,13.6
2025-06-12 00:58:00,26.8
2025-06-12 14:42:00,24.5
2025-06-12 12:18:00,31.8
2025-06-12 18:33:00,13.9
2025-06-12 11:15:00,35.8
2025-06-12 16:39:00,64.2
2025-06-12 03:34:00,44.5
2025-06-12 05:39:00,46.4
2025-06-12 05:54:00,93.7
2025-06-12 08:16:00,44.6
2025-06-12 08:30:00,85.4
2025-06-12 00:12:00,49.96204002157484
2025-06-12 04:34:00,15.0
2025-06-12 09:37:00,38.6
2025-06-12 18:07:00,45.7
2025-06-12 20:57:00,81.9
2025-06-12 09:17:00,39.9
2025-06-12 08:10:00,2.6
2025-06-12 21:18:00,72.6
2025-06-12 18:42:00,64.1
2025-06-12 12:00:00,51.7
2025-06-12 11:31:00,18.5
2025-06-12 23:15:00,42.6
2025-06-12 18:28:00,25.8
2025-06-12 13:07:00,94.4
2025-06-12 04:41:00,97.3
2025-06-12 09:18:00,91.0
2025-06-12 19:33:00,49.96204002157484
2025-06-12 05:19:00,31.0
2025-06-12 00:01:00,2.0
2025-06-12 05:47:00,42.2
2025-06-12 19:16:00,49.96204002157484
2025-06-12 23:42:00,35.5
2025-06-12 15:32:00,49.96204002157484
2025-06-12 03:07:00,20.7
2025-06-12 22:32:00,34.5
2025-06-12 08:03:00,49.96204002157484
2025-06-12 10:35:00,25.8
2025-06-12 18:25:00,49.96204002157484
2025-06-12 15:34:00,49.96204002157484
2025-06-12 05:18:00,49.96204002157484
2025-06-12 12:11:00,49.96204002157484
2025-06-12 19:36:00,49.96204002157484
2025-06-12 02:01:00,18.8
2025-06-12 13:44:00,49.96204002157484
2025-06-12 12:08:00,54.9
2025-06-12 22:10:00,57.3
2025-06-12 12:54:00,54.7
2025-06-12 15:08:00,75.3
2025-06-12 15:49:00,53.9
2025-06-12 09:07:00,99.8
2025-06-12 04:16:00,39.6
2025-06-12 01:42:00,74.0
2025-06-12 06:28:00,89.8
2025-06-12 22:15:00,5.3
2025-06-12 13:33:00,83.8
2025-06-12 22:24:00,50.9
2025-06-12 04:39:00,49.96204002157484
2025-06-12 22:12:00,52.7
2025-06-12 06:42:00,23.9
2025-06-12 01:15:00,96.6
2025-06-12 19:18:00,24.7
2025-06-12 00:05:00,87.8
2025-06-12 16:05:00,32.3
2025-06-12 02:40:00,81.1
2025-06-12 23:30:00,49.96204002157484
2025-06-12 19:30:00,37.2
2025-06-12 00:41:00,52.3
2025-06-12 20:48:00,49.96204002157484
2025-06-12 06:58:00,44.1
2025-06-12 10:20:00,49.96204002157484
2025-06-12 04:01:00,72.4
2025-06-12 05:22:00,4.7
2025-06-12 06:45:00,41.7
2025-06-12 14:57:00,28.7
2025-06-12 20:46:00,3.1
2025-06-12 04:04:00,85.3
2025-06-12 12:01:00,49.96204002157484
2025-06-12 20:54:00,68.8
2025-06-12 16:38:00,16.6
2025-06-12 12:55:00,49.96204002157484
2025-06-12 16:17:00,42.7
2025-06-12 13:17:00,49.96204002157484
2025-06-12 17:56:00,72.9
2025-06-12 23:48:00,64.6
2025-06-12 19:50:00,87.4
2025-06-12 14:30:00,63.2
2025-06-12 14:50:00,20.4
2025-06-12 03:31:00,56.3
2025-06-12 02:16:00,49.96204002157484
2025-06-12 19:44:00,68.7
2025-06-12 19:53:00,60.7
2025-06-12 22:34:00,89.2
2025-06-12 11:29:00,49.96204002157484
2025-06-12 03:54:00,1.3
2025-06-12 17:08:00,19.9
2025-06-12 00:06:00,44.6
2025-06-12 09:31:00,83.1
2025-06-12 23:02:00,85.8
2025-06-12 22:01:00,89.4
2025-06-12 17:03:00,82.5
2025-06-12 00:57:00,23.1
2025-06-12 01:48:00,99.7
2025-06-12 07:46:00,13.3
2025-06-12 00:47:00,19.7
2025-06-12 02:29:00,58.7
2025-06-12 08:20:00,49.96204002157484
2025-06-12 01:16:00,49.96204002157484
2025-06-12 21:02:00,93.5
2025-06-12 22:07:00,49.96204002157484
2025-06-12 18:04:00,99.1
2025-06-12 23:06:00,64.3
2025-06-12 02:32:00,24.6
2025-06-12 14:37:00,41.2
2025-06-12 09:53:00,78.6
2025-06-12 04:48:00,68.3
2025-06-12 04:07:00,36.7
2025-06-12 16:41:00,70.1
2025-06-12 19:24:00,34.0
2025-06-12 12:39:00,47.8
2025-06-12 20:01:00,49.96204002157484
2025-06-12 11:54:00,25.0
2025-06-12 21:34:00,59.7
2025-06-12 09:03:00,98.9
2025-06-12 16:54:00,66.9
2025-06-12 08:18:00,88.1
2025-06-12 03:05:00,11.9
2025-06-12 00:38:00,19.2
2025-06-12 05:24:00,94.3
2025-06-12 21:51:00,8.0
2025-06-12 23:13:00,59.0
2025-06-12 02:54:00,59.3
2025-06-12 10:47:00,83.0
2025-06-12 21:52:00,63.2
2025-06-12 09:12:00,52.0
2025-06-12 03:45:00,44.6
2025-06-12 04:14:00,79.6
2025-06-12 09:40:00,89.9
2025-06-12 07:09:00,28.2
2025-06-12 02:22:00,45.8
2025-06-12 03:04:00,87.1
2025-06-12 15:02:00,53.6
2025-06-12 10:32:00,29.5
2025-06-12 01:32:00,73.1
2025-06-12 15:17:00,23.2
2025-06-12 11:40:00,49.96204002157484
2025-06-12 15:56:00,71.6
2025-06-12 07:34:00,50.3
2025-06-12 21:12:00,28.8
2025-06-12 22:47:00,49.96204002157484
2025-06-12 17:41:00,37.3
2025-06-12 06:43:00,87.4
2025-06-12 03:51:00,36.7
2025-06-12 09:06:00,98.4
2025-06-12 16:06:00,34.4
2025-06-12 22:03:00,30.5
2025-06-12 17:18:00,24.6
2025-06-12 20:44:00,37.0
2025-06-12 03:43:00,39.0
2025-06-12 10:57:00,49.96204002157484
2025-06-12 13:52:00,35.1
2025-06-12 18:47:00,79.1
2025-06-12 04:25:00,90.9
2025-06-12 23:20:00,77.1
2025-06-12 01:17:00,56.9
2025-06-12 22:56:00,81.4
2025-06-12 08:39:00,88.5
2025-06-12 15:24:00,12.3
2025-06-12 11:26:00,0.9
2025-06-12 05:07:00,5.1
2025-06-12 08:41:00,18.0
2025-06-12 10:25:00,96.3
2025-06-12 16:40:00,39.7
2025-06-12 21:59:00,52.6
2025-06-12 01:36:00,18.6
2025-06-12 16:31:00,13.0
2025-06-12 14:24:00,18.5
2025-06-12 15:01:00,49.0
2025-06-12 10:18:00,14.9
2025-06-12 12:15:00,45.6
2025-06-12 19:25:00,41.4
2025-06-12 16:12:00,49.96204002157484
2025-06-12 12:05:00,2.6
2025-06-12 16:30:00,83.6
2025-06-12 06:15:00,23.3
2025-06-12 05:42:00,76.5
2025-06-12 17:49:00,50.4
2025-06-12 07:29:00,0.1
2025-06-12 05:44:00,6.2
2025-06-12 10:45:00,76.3
2025-06-12 07:48:00,49.96204002157484
2025-06-12 07:51:00,86.9
2025-06-12 12:14:00,49.96204002157484
2025-06-12 19:57:00,42.5
2025-06-12 07:19:00,49.96204002157484
2025-06-12 06:20:00,44.9
2025-06-12 14:15:00,36.2
2025-06-12 00:40:00,62.7
2025-06-12 13:04:00,47.8
2025-06-12 13:36:00,34.4
2025-06-12 15:53:00,62.0
2025-06-12 07:38:00,93.1
2025-06-12 01:30:00,3.3
2025-06-12 11:10:00,67.9
2025-06-12 02:49:00,49.96204002157484
2025-06-12 16:00:00,65.0
2025-06-12 21:20:00,67.2
2025-06-12 08:55:00,58.4
2025-06-12 14:31:00,4.2
2025-06-12 03:30:00,49.96204002157484
2025-06-12 10:06:00,46.9
2025-06-12 01:09:00,90.9
2025-06-12 06:44:00,42.8
2025-06-12 06:35:00,63.5
2025-06-12 03:20:00,28.1
2025-06-12 06:30:00,49.96204002157484
2025-06-12 19:56:00,6.5
2025-06-12 12:12:00,81.9
2025-06-12 04:55:00,25.7
2025-06-12 13:10:00,97.5
2025-06-12 06:18:00,30.3
2025-06-12 19:47:00,49.96204002157484
2025-06-12 21:42:00,40.8
2025-06-12 15:14:00,53.6
2025-06-12 01:11:00,89.1
2025-06-12 05:26:00,28.5
2025-06-12 00:10:00,49.96204002157484
2025-06-12 22:18:00,62.9
2025-06-12 03:39:00,18.4
2025-06-12 10:56:00,19.7
2025-06-12 22:39:00,49.96204002157484
2025-06-12 15:16:00,13.7
2025-06-12 07:07:00,49.96204002157484
2025-06-12 05:17:00,96.3
2025-06-12 22:30:00,49.96204002157484
2025-06-12 20:27:00,61.1
2025-06-12 23:18:00,37.3
2025-06-12 08:11:00,62.6
2025-06-12 02:35:00,49.96204002157484
2025-06-12 17:16:00,68.8
2025-06-12 13:57:00,50.7
2025-06-12 18:48:00,56.6
2025-06-12 13:37:00,76.4
2025-06-12 21:33:00,67.9
2025-06-12 23:33:00,49.96204002157484
2025-06-12 13:55:00,31.6
2025-06-12 14:21:00,57.0
2025-06-12 07:35:00,72.0
2025-06-12 07:50:00,82.1
2025-06-12 08:26:00,49.96204002157484
2025-06-12 02:21:00,47.8
2025-06-12 10:36:00,21.5
2025-06-12 00:56:00,7.2
2025-06-12 05:45:00,49.96204002157484
2025-06-12 03:32:00,90.3
2025-06-12 21:10:00,38.4
2025-06-12 10:24:00,49.96204002157484
2025-06-12 06:55:00,49.96204002157484
2025-06-12 13:39:00,34.2
2025-06-12 00:39:00,22.3
2025-06-12 20:49:00,90.8
2025-06-12 11:49:00,73.6
2025-06-12 04:26:00,49.96204002157484
2025-06-12 07:37:00,12.4
2025-06-12 14:58:00,19.6
2025-06-12 01:34:00,86.1
2025-06-12 11:46:00,84.8
2025-06-12 11:24:00,49.96204002157484
2025-06-12 04:29:00,16.0
2025-06-12 03:46:00,55.9
2025-06-12 07:04:00,76.9
2025-06-12 11:02:00,25.7
2025-06-12 10:03:00,49.96204002157484
2025-06-12 13:49:00,49.96204002157484
2025-06-12 11:11:00,77.7
2025-06-12 16:08:00,8.0
2025-06-12 03:55:00,49.96204002157484
2025-06-12 02:07:00,17.9
2025-06-12 01:50:00,46.1
2025-06-12 03:27:00,82.5
2025-06-12 02:57:00,45.5
2025-06-12 03:08:00,69.8
2025-06-12 04:40:00,35.7
2025-06-12 19:14:00,60.5
2025-06-12 09:36:00,49.96204002157484
2025-06-12 03:25:00,6.3
2025-06-12 16:52:00,49.96204002157484
2025-06-12 16:36:00,10.7
2025-06-12 08:47:00,76.1
2025-06-12 00:29:00,43.6
2025-06-12 12:06:00,89.1
2025-06-12 16:28:00,40.4
2025-06-12 02:14:00,49.96204002157484
2025-06-12 23:00:00,91.2
2025-06-12 05:29:00,49.7
2025-06-12 07:41:00,29.2
2025-06-12 12:49:00,92.9
2025-06-12 21:50:00,12.3
2025-06-12 10:04:00,54.0
2025-06-12 07:25:00,21.5
2025-06-12 03:49:00,57.0
2025-06-12 18:51:00,80.3
2025-06-12 06:47:00,62.5
2025-06-12 10:58:00,81.9
2025-06-12 13:46:00,3.1
2025-06-12 23:34:00,62.7
2025-06-12 21:43:00,49.96204002157484
2025-06-12 16:21:00,90.6
2025-06-12 18:41:00,83.4
2025-06-12 02:58:00,67.9
2025-06-12 07:13:00,15.9
2025-06-12 21:11:00,11.5
2025-06-12 17:30:00,15.3
2025-06-12 09:29:00,19.3
2025-06-12 04:32:00,49.96204002157484
2025-06-12 11:18:00,73.5
2025-06-12 15:26:00,86.2
2025-06-12 05:14:00,42.0
2025-06-12 14:56:00,32.6
2025-06-12 06:53:00,31.4
2025-06-12 17:21:00,69.8
2025-06-12 03:02:00,49.96204002157484
2025-06-12 09:39:00,71.1
2025-06-12 04:27:00,30.5
2025-06-12 18:13:00,13.1
2025-06-12 18:01:00,77.2
2025-06-12 07:17:00,40.0
2025-06-12 20:52:00,32.5
2025-06-12 22:46:00,76.1
2025-06-12 03:53:00,83.1
2025-06-12 01:20:00,23.5
2025-06-12 14:59:00,30.0
2025-06-12 07:58:00,62.6
2025-06-12 15:13:00,22.6
2025-06-12 10:21:00,16.3
2025-06-12 23:36:00,69.6
2025-06-12 21:08:00,49.96204002157484
2025-06-12 21:55:00,51.4
2025-06-12 12:34:00,25.2
2025-06-12 01:06:00,90.9
2025-06-12 22:36:00,99.4
2025-06-12 20:36:00,1.7
2025-06-12 20:08:00,9.3
2025-06-12 03:59:00,48.5
2025-06-12 10:44:00,56.8
2025-06-12 09:25:00,6.5
2025-06-12 21:36:00,68.8
2025-06-12 19:34:00,28.1
2025-06-12 23:40:00,61.4
2025-06-12 21:03:00,71.1
2025-06-12 06:22:00,31.8
2025-06-12 14:06:00,21.5
2025-06-12 03:15:00,18.0
2025-06-12 21:39:00,26.6
2025-06-12 12:41:00,46.4
2025-06-12 22:42:00,95.4
2025-06-12 20:33:00,54.7
2025-06-12 20:11:00,12.8
2025-06-12 03:11:00,45.2
2025-06-12 02:19:00,87.6
2025-06-12 03:52:00,84.4
2025-06-12 14:45:00,65.0
2025-06-12 14:03:00,41.7
2025-06-12 15:35:00,72.0
2025-06-12 16:53:00,14.1
2025-06-12 20:43:00,49.96204002157484
2025-06-12 13:25:00,37.8
2025-06-12 11:30:00,49.96204002157484
2025-06-12 10:31:00,28.2
2025-06-12 23:09:00,30.2
2025-06-12 14:07:00,60.4
2025-06-12 15:22:00,70.6
2025-06-12 16:34:00,85.5
2025-06-12 14:22:00,95.2
2025-06-12 00:08:00,14.5
2025-06-12 09:58:00,25.4
2025-06-12 02:27:00,61.3
2025-06-12 23:27:00,44.2
2025-06-12 08:40:00,17.2
2025-06-12 18:30:00,33.4
2025-06-12 13:59:00,73.9
2025-06-12 13:18:00,90.0
2025-06-12 23:16:00,75.3
2025-06-12 03:23:00,56.1
2025-06-12 22:29:00,63.3
2025-06-12 04:43:00,83.2
2025-06-12 02:00:00,47.7
2025-06-12 14:51:00,49.96204002157484
2025-06-12 08:04:00,20.1
2025-06-12 02:17:00,49.96204002157484
2025-06-12 04:03:00,79.7
2025-06-12 22:20:00,26.4
2025-06-12 18:18:00,7.4
2025-06-12 09:42:00,49.96204002157484
2025-06-12 10:37:00,73.7
2025-06-12 20:30:00,32.6
2025-06-12 08:31:00,2.7
2025-06-12 10:00:00,49.96204002157484
2025-06-12 13:29:00,4.2
2025-06-12 17:47:00,21.8
2025-06-12 12:23:00,42.5
2025-06-12 21:24:00,49.96204002157484
2025-06-12 14:11:00,17.2
2025-06-12 05:09:00,82.6
2025-06-12 14:18:00,33.2
2025-06-12 11:38:00,88.1
2025-06-12 23:24:00,37.3
2025-06-12 02:53:00,49.96204002157484
2025-06-12 16:11:00,49.96204002157484
2025-06-12 17:59:00,78.5
2025-06-12 00:14:00,3.4
2025-06-12 04:53:00,51.5
2025-06-12 08:14:00,81.2
2025-06-12 02:46:00,38.0
2025-06-12 22:05:00,38.0
2025-06-12 21:58:00,19.0
2025-06-12 23:29:00,87.5
2025-06-12 21:49:00,35.2
2025-06-12 12:31:00,60.5
2025-06-12 02:26:00,80.5
2025-06-12 04:49:00,8.5
2025-06-12 18:05:00,39.8
2025-06-12 19:39:00,19.7
2025-06-12 00:25:00,49.96204002157484
2025-06-12 01:19:00,67.7
2025-06-12 09:44:00,31.6
2025-06-12 05:58:00,56.2
2025-06-12 12:40:00,63.1
2025-06-12 01:18:00,54.0
2025-06-12 09:20:00,68.8
2025-06-12 02:48:00,29.5
2025-06-12 12:10:00,10.9
2025-06-12 16:27:00,6.7
2025-06-12 15:09:00,63.2
2025-06-12 20:09:00,14.6
2025-06-12 17:10:00,96.5
2025-06-12 02:56:00,38.7
2025-06-12 19:45:00,49.96204002157484
2025-06-12 12:24:00,53.7
2025-06-12 01:08:00,90.0
2025-06-12 13:34:00,67.6
2025-06-12 19:48:00,94.4
2025-06-12 09:56:00,75.5
2025-06-12 12:59:00,68.8
2025-06-12 15:29:00,41.3
2025-06-12 09:57:00,43.5
2025-06-12 21:47:00,77.8
2025-06-12 11:19:00,70.5
2025-06-12 23:04:00,49.96204002157484
2025-06-12 19:19:00,49.96204002157484
2025-06-12 06:23:00,36.5
2025-06-12 12:09:00,90.8
2025-06-12 04:57:00,16.0
2025-06-12 00:16:00,5.1
2025-06-12 18:37:00,94.1
2025-06-12 21:26:00,7.0
2025-06-12 11:17:00,39.3
2025-06-12 04:37:00,17.4
2025-06-12 08:42:00,83.6
2025-06-12 13:47:00,28.9
2025-06-12 08:02:00,42.0
2025-06-12 18:14:00,36.4
2025-06-12 13:40:00,86.1
2025-06-12 17:39:00,84.7
2025-06-12 11:50:00,22.9
2025-06-12 22:40:00,89.4
2025-06-12 22:59:00,49.96204002157484
2025-06-12 06:07:00,48.8
2025-06-12 02:31:00,66.4
2025-06-12 18:32:00,65.7
2025-06-12 00:20:00,64.3
2025-06-12 20:14:00,49.96204002157484
2025-06-12 04:59:00,82.3
2025-06-12 19:28:00,49.96204002157484
2025-06-12 18:38:00,77.5
2025-06-12 14:34:00,51.7
2025-06-12 23:57:00,10.9
2025-06-12 00:28:00,49.96204002157484
2025-06-12 00:03:00,54.5
2025-06-12 10:11:00,84.2
2025-06-12 01:38:00,9.5
2025-06-12 21:27:00,87.3
2025-06-12 10:52:00,77.3
2025-06-12 08:38:00,60.5
2025-06-12 06:03:00,90.8
2025-06-12 22:09:00,20.7
2025-06-12 01:41:00,23.9
2025-06-12 18:06:00,22.6
2025-06-12 12:56:00,30.7
2025-06-12 09:04:00,50.2
2025-06-12 16:20:00,58.4
2025-06-12 19:05:00,3.5
2025-06-12 04:23:00,3.7
2025-06-12 00:36:00,49.96204002157484
2025-06-12 17:28:00,92.4
2025-06-12 03:17:00,21.9
2025-06-12 03:18:00,28.0
2025-06-12 14:43:00,73.8
2025-06-12 06:32:00,1.1
2025-06-12 23:28:00,66.6
2025-06-12 03:00:00,69.0
2025-06-12 06:26:00,22.0
2025-06-12 09:22:00,3.1
2025-06-12 07:40:00,84.1
2025-06-12 21:32:00,18.2
2025-06-12 11:25:00,34.1
2025-06-12 04:00:00,58.6
2025-06-12 16:56:00,50.9
2025-06-12 02:06:00,95.3
2025-06-12 05:35:00,99.1
2025-06-12 17:15:00,57.3
2025-06-12 18:10:00,93.4
2025-06-12 00:13:00,1.5
2025-06-12 11:59:00,91.1
2025-06-12 20:21:00,71.0
2025-06-12 07:14:00,9.7
2025-06-12 13:05:00,19.1
2025-06-12 17:53:00,76.9
2025-06-12 17:43:00,49.96204002157484
2025-06-12 08:23:00,49.96204002157484
2025-06-12 11:23:00,89.9
2025-06-12 04:42:00,49.96204002157484
2025-06-12 06:13:00,44.8
2025-06-12 23:38:00,33.9
2025-06-12 01:21:00,49.96204002157484
2025-06-12 12:29:00,36.4
2025-06-12 11:27:00,63.9
2025-06-12 18:15:00,6.5
2025-06-12 15:07:00,24.7
2025-06-12 14:05:00,97.0
2025-06-12 21:00:00,30.2
2025-06-12 04:06:00,85.0
2025-06-12 13:21:00,49.96204002157484
2025-06-12 14:48:00,23.8
2025-06-12 20:55:00,31.7
2025-06-12 06:51:00,2.2
2025-06-12 22:27:00,41.0
2025-06-12 08:52:00,16.3
2025-06-12 08:25:00,63.8
2025-06-12 03:36:00,49.96204002157484
2025-06-12 18:57:00,8.6
2025-06-12 20:50:00,49.96204002157484
2025-06-12 05:48:00,49.96204002157484
2025-06-12 15:31:00,38.9
2025-06-12 21:06:00,49.96204002157484
2025-06-12 07:05:00,63.5
2025-06-12 08:48:00,82.7
2025-06-12 02:50:00,56.0
2025-06-12 05:10:00,97.4
2025-06-12 13:30:00,57.9
2025-06-12 08:21:00,13.0
2025-06-12 21:53:00,36.4
2025-06-12 10:59:00,12.7
2025-06-12 02:25:00,95.7
2025-06-12 09:05:00,86.9
2025-06-12 09:01:00,50.1
2025-06-12 03:13:00,33.7
2025-06-12 03:58:00,9.1
2025-06-12 23:21:00,0.6
2025-06-12 02:51:00,15.0
2025-06-12 06:19:00,34.6
2025-06-12 20:58:00,54.1
2025-06-12 12:04:00,43.6
2025-06-12 17:42:00,99.8
2025-06-12 02:41:00,49.96204002157484
2025-06-12 20:31:00,16.5
2025-06-12 21:54:00,4.9
2025-06-12 05:15:00,13.9
2025-06-12 20:51:00,68.0
2025-06-12 02:34:00,30.3
2025-06-12 03:19:00,49.96204002157484
2025-06-12 14:01:00,88.6
2025-06-12 23:31:00,34.4
2025-06-12 11:37:00,4.0
2025-06-12 15:27:00,7.4
2025-06-12 23:05:00,32.7
2025-06-12 14:28:00,24.4
2025-06-12 13:14:00,90.5
2025-06-12 23:35:00,85.1
2025-06-12 14:14:00,13.1
2025-06-12 11:07:00,16.7
2025-06-12 06:06:00,42.8
2025-06-12 09:54:00,58.8
2025-06-12 13:19:00,93.0
2025-06-12 10:51:00,66.3
2025-06-12 10:19:00,71.2
2025-06-12 01:01:00,97.3
2025-06-12 08:05:00,49.96204002157484
2025-06-12 09:59:00,61.8
2025-06-12 00:49:00,12.8
2025-06-12 19:52:00,87.3
2025-06-12 11:22:00,6.8
2025-06-12 19:58:00,85.4
2025-06-12 06:31:00,13.6
2025-06-12 19:20:00,96.5
2025-06-12 21:31:00,65.2
2025-06-12 12:26:00,94.8
2025-06-12 09:02:00,99.0
2025-06-12 16:13:00,11.7
2025-06-12 06:17:00,49.96204002157484
2025-06-12 04:11:00,42.2
2025-06-12 17:22:00,82.2
2025-06-12 19:35:00,49.96204002157484
2025-06-12 20:15:00,17.7
2025-06-12 04:24:00,13.3
2025-06-12 12:19:00,49.96204002157484
2025-06-12 23:19:00,49.96204002157484
2025-06-12 20:41:00,2.8
2025-06-12 11:12:00,49.96204002157484
2025-06-12 07:47:00,29.8
2025-06-12 06:36:00,7.2
2025-06-12 00:44:00,3.7
2025-06-12 16:46:00,69.0
2025-06-12 03:10:00,45.9
2025-06-12 20:32:00,62.9
2025-06-12 16:10:00,57.1
2025-06-12 23:52:00,5.6
2025-06-12 19:40:00,69.8
2025-06-12 07:15:00,43.5
2025-06-12 07:52:00,44.0
2025-06-12 12:57:00,2.1
2025-06-12 12:35:00,77.1
2025-06-12 04:58:00,4.5
2025-06-12 06:37:00,12.7
2025-06-12 00:50:00,24.8
2025-06-12 11:57:00,48.2
2025-06-12 08:08:00,86.7
2025-06-12 12:22:00,64.8
2025-06-12 17:52:00,63.5
2025-06-12 17:34:00,89.3
2025-06-12 21:17:00,55.9
2025-06-12 07:53:00,85.0
2025-06-12 15:03:00,80.6
2025-06-12 15:37:00,59.7
2025-06-12 20:06:00,66.9
2025-06-12 23:44:00,44.6
2025-06-12 20:04:00,49.96204002157484
2025-06-12 22:55:00,90.7
2025-06-12 02:03:00,41.6
2025-06-12 16:22:00,26.9
2025-06-12 10:12:00,6.5
2025-06-12 03:42:00,9.5
2025-06-12 09:46:00,24.0
2025-06-12 13:38:00,63.3
2025-06-12 04:15:00,68.1
2025-06-12 02:18:00,27.4
2025-06-12 10:05:00,77.6
2025-06-12 10:50:00,49.96204002157484
2025-06-12 15:12:00,53.9
2025-06-12 02:09:00,82.0
2025-06-12 16:48:00,92.4
2025-06-12 03:50:00,93.9
2025-06-12 12:58:00,49.96204002157484
2025-06-12 17:09:00,80.2
2025-06-12 20:56:00,81.5
2025-06-12 10:34:00,34.3
2025-06-12 20:13:00,49.96204002157484
2025-06-12 15:19:00,49.96204002157484
2025-06-12 05:46:00,49.96204002157484
2025-06-12 22:08:00,49.96204002157484
2025-06-12 05:16:00,53.2
2025-06-12 08:13:00,31.9
2025-06-12 01:43:00,82.1
2025-06-12 06:00:00,55.1
2025-06-12 03:41:00,69.4
2025-06-12 02:28:00,42.2
2025-06-12 21:41:00,68.8
2025-06-12 04:12:00,68.4
2025-06-12 12:17:00,61.3
2025-06-12 15:28:00,49.96204002157484
2025-06-12 11:41:00,0.2
2025-06-12 02:44:00,49.96204002157484
2025-06-12 08:37:00,5.2
2025-06-12 07:55:00,68.6
2025-06-12 18:52:00,2.1
2025-06-12 23:14:00,85.5
2025-06-12 02:30:00,17.5
2025-06-12 10:08:00,37.2
2025-06-12 04:38:00,40.5
2025-06-12 01:40:00,78.6
2025-06-12 17:27:00,85.8
2025-06-12 11:20:00,18.7
2025-06-12 08:33:00,71.7
2025-06-12 07:01:00,88.9
2025-06-12 22:41:00,26.0
2025-06-12 15:44:00,52.5
2025-06-12 19:09:00,44.4
2025-06-12 06:50:00,49.96204002157484
2025-06-12 11:33:00,68.9
2025-06-12 08:53:00,89.9
2025-06-12 16:33:00,49.96204002157484
2025-06-12 21:25:00,97.0
2025-06-12 08:49:00,75.0
2025-06-12 16:43:00,67.5
2025-06-12 19:13:00,82.4
2025-06-12 13:58:00,43.8
2025-06-12 22:21:00,57.6
2025-06-12 17:36:00,62.6
2025-06-12 00:24:00,91.3
2025-06-12 12:21:00,68.5
2025-06-12 10:46:00,23.6
2025-06-12 13:13:00,20.4
2025-06-12 10:40:00,49.96204002157484
2025-06-12 15:47:00,84.3
2025-06-12 05:28:00,50.2
2025-06-12 17:11:00,4.7
2025-06-12 12:46:00,7.8
2025-06-12 04:22:00,7.3
2025-06-12 23:43:00,43.0
2025-06-12 09:32:00,8.5
2025-06-12 18:02:00,69.7
2025-06-12 01:47:00,80.0
2025-06-12 16:18:00,26.0
2025-06-12 14:02:00,49.96204002157484
2025-06-12 12:03:00,19.7
2025-06-12 18:39:00,19.2
2025-06-12 19:43:00,22.0
2025-06-12 12:27:00,30.9
2025-06-12 08:56:00,94.3
2025-06-12 11:36:00,8.5
2025-06-12 16:51:00,49.96204002157484
2025-06-12 20:07:00,49.96204002157484
2025-06-12 03:16:00,70.3
2025-06-12 03:57:00,49.96204002157484
2025-06-12 17:54:00,34.0
2025-06-12 10:43:00,49.96204002157484
2025-06-12 00:02:00,13.0
2025-06-12 14:17:00,95.8
2025-06-12 20:22:00,27.1
2025-06-12 12:16:00,93.4
2025-06-12 19:15:00,39.2
2025-06-12 00:19:00,82.4
2025-06-12 19:21:00,67.7
2025-06-12 09:52:00,93.2
2025-06-12 09:16:00,49.96204002157484
2025-06-12 16:37:00,13.0
2025-06-12 12:33:00,67.7
2025-06-12 10:27:00,37.7
2025-06-12 08:50:00,92.0
2025-06-12 18:35:00,26.0
2025-06-12 23:56:00,0.4
2025-06-12 06:02:00,47.9
2025-06-12 00:17:00,19.3
2025-06-12 10:48:00,42.3
2025-06-12 10:02:00,11.7
2025-06-12 10:30:00,34.3
2025-06-12 05:57:00,31.9
2025-06-12 00:33:00,88.5
2025-06-12 21:28:00,23.8
2025-06-12 14:55:00,54.1
2025-06-12 02:24:00,20.8
2025-06-12 03:09:00,5.9
2025-06-12 00:43:00,49.96204002157484
2025-06-12 22:53:00,52.2
2025-06-12 02:45:00,49.96204002157484
2025-06-12 09:34:00,27.7
2025-06-12 17:44:00,3.5
2025-06-12 22:50:00,65.8
2025-06-12 11:01:00,13.2
2025-06-12 20:28:00,49.96204002157484
2025-06-12 16:50:00,74.3
2025-06-12 13:12:00,49.96204002157484
2025-06-12 06:08:00,19.0
2025-06-12 05:23:00,60.1
2025-06-12 06:41:00,48.0
2025-06-12 15:00:00,57.7
2025-06-12 06:33:00,29.1
2025-06-12 22:37:00,28.9
2025-06-12 03:35:00,88.8
2025-06-12 05:30:00,13.0
2025-06-12 22:58:00,17.8
2025-06-12 09:50:00,84.6
2025-06-12 16:15:00,8.8
2025-06-12 07:49:00,8.2
2025-06-12 08:09:00,1.0
2025-06-12 05:50:00,80.5
2025-06-12 23:46:00,21.1
2025-06-12 18:16:00,40.9
2025-06-12 01:53:00,49.96204002157484
2025-06-12 00:54:00,57.8
2025-06-12 19:46:00,58.2
2025-06-12 14:46:00,59.4
2025-06-12 18:24:00,52.4
2025-06-12 10:26:00,49.96204002157484
2025-06-12 19:00:00,21.4
2025-06-12 09:27:00,73.3
2025-06-12 15:48:00,53.7
2025-06-12 09:00:00,49.96204002157484
2025-06-12 18:34:00,49.96204002157484
2025-06-12 15:46:00,9.4
2025-06-12 10:54:00,23.0
2025-06-12 20:53:00,88.3
2025-06-12 03:03:00,34.6
2025-06-12 13:20:00,90.1
2025-06-12 00:09:00,27.8
2025-06-12 19:12:00,49.96204002157484
2025-06-12 02:02:00,71.3
2025-06-12 02:11:00,78.3
2025-06-12 22:22:00,78.3
2025-06-12 10:39:00,11.5
2025-06-12 21:48:00,88.7
2025-06-12 09:11:00,79.0
2025-06-12 00:42:00,65.9
2025-06-12 20:42:00,10.1
2025-06-12 02:20:00,12.4
2025-06-12 09:45:00,37.0
2025-06-12 07:03:00,39.6
2025-06-12 02:08:00,1.5
2025-06-12 21:13:00,59.8
2025-06-12 22:57:00,76.8
2025-06-12 03:12:00,67.4
2025-06-12 15:40:00,16.3
2025-06-12 01:29:00,46.1
2025-06-12 01:24:00,49.96204002157484
2025-06-12 21:05:00,82.5
2025-06-12 08:27:00,44.2
2025-06-12 22:04:00,68.4
2025-06-12 05:59:00,39.6
2025-06-12 18:21:00,49.96204002157484
2025-06-12 04:08:00,50.0
2025-06-12 05:32:00,57.7
2025-06-12 10:53:00,2.2
2025-06-12 07:42:00,93.5
2025-06-12 04:10:00,80.3
2025-06-12 22:48:00,58.5
2025-06-12 16:42:00,49.96204002157484
2025-06-12 00:45:00,14.2
2025-06-12 14:08:00,33.9
2025-06-12 01:51:00,5.5
2025-06-12 07:24:00,98.2
2025-06-12 23:49:00,49.96204002157484
2025-06-12 02:59:00,55.2
2025-06-12 10:49:00,84.4
2025-06-12 20:03:00,80.0
2025-06-12 09:24:00,85.3
2025-06-12 00:04:00,4.7
2025-06-12 03:37:00,7.8
2025-06-12 06:59:00,60.2
2025-06-12 14:09:00,14.3
2025-06-12 14:26:00,26.1
2025-06-12 12:20:00,3.9
2025-06-12 18:40:00,74.9
2025-06-12 15:43:00,39.4
2025-06-12 03:14:00,95.8
2025-06-12 20:25:00,55.5
2025-06-12 14:12:00,8.3
2025-06-12 21:57:00,65.3
2025-06-12 00:15:00,16.2
2025-06-12 01:55:00,78.2
2025-06-12 12:30:00,21.5
2025-06-12 05:33:00,51.5
2025-06-12 22:19:00,96.5
2025-06-12 04:28:00,30.3
2025-06-12 07:32:00,81.5
2025-06-12 09:48:00,61.2
2025-06-12 19:23:00,25.5
2025-06-12 14:25:00,17.4
2025-06-12 20:40:00,69.9
2025-06-12 01:49:00,91.9
2025-06-12 05:11:00,11.9
2025-06-12 09:43:00,19.9
2025-06-12 11:44:00,54.0
2025-06-12 11:08:00,53.7
2025-06-12 00:27:00,60.5
2025-06-12 14:33:00,96.9
2025-06-12 02:12:00,49.96204002157484
2025-06-12 20:12:00,44.1
2025-06-12 02:05:00,49.96204002157484
2025-06-12 01:35:00,87.9
2025-06-12 15:20:00,79.0
2025-06-12 23:07:00,49.96204002157484
2025-06-12 02:37:00,93.7
2025-06-12 13:08:00,41.3
2025-06-12 14:32:00,49.96204002157484
2025-06-12 12:38:00,49.96204002157484
2025-06-12 22:51:00,43.8
2025-06-12 10:14:00,59.6
2025-06-12 00:11:00,47.0
2025-06-12 22:11:00,12.9
2025-06-12 00:53:00,49.96204002157484
2025-06-12 13:43:00,16.7
2025-06-12 11:48:00,49.96204002157484
2025-06-12 22:23:00,19.4
2025-06-12 14:00:00,43.9
2025-06-12 16:14:00,74.5
2025-06-12 23:17:00,46.8
2025-06-12 11:58:00,30.4
2025-06-12 08:19:00,57.0
2025-06-12 23:50:00,70.2
2025-06-12 11:35:00,55.2
2025-06-12 10:38:00,69.7
2025-06-12 05:01:00,77.3
2025-06-12 05:37:00,77.4
2025-06-12 21:35:00,85.2
2025-06-12 19:42:00,49.96204002157484
2025-06-12 21:40:00,75.3
2025-06-12 15:45:00,49.96204002157484
2025-06-12 07:45:00,44.0
2025-06-12 16:23:00,47.7
2025-06-12 11:05:00,12.9
2025-06-12 07:59:00,4.7
2025-06-12 15:57:00,70.6
2025-06-12 14:44:00,38.1
2025-06-12 12:25:00,49.96204002157484
2025-06-12 07:33:00,41.9
2025-06-12 19:55:00,2.1
2025-06-12 05:20:00,53.4
2025-06-12 02:33:00,49.96204002157484
2025-06-12 22:45:00,82.0
2025-06-12 13:03:00,97.3
2025-06-12 12:13:00,23.1
2025-06-12 17:32:00,3.8
2025-06-12 15:50:00,36.3
2025-06-12 11:43:00,22.4
2025-06-12 17:58:00,97.1
2025-06-12 10:42:00,73.8
2025-06-12 07:12:00,44.6
2025-06-12 00:00:00,3.0
2025-06-12 09:15:00,66.8
2025-06-12 09:38:00,46.5
2025-06-12 20:17:00,0.1
2025-06-12 01:03:00,96.9
2025-06-12 15:10:00,95.1
2025-06-12 23:54:00,19.3
2025-06-12 09:10:00,82.0
2025-06-12 05:43:00,18.3
2025-06-12 08:22:00,49.96204002157484
2025-06-12 20:39:00,35.7
2025-06-12 07:43:00,4.5
2025-06-12 00:23:00,72.7
2025-06-12 07:28:00,80.3
2025-06-12 04:51:00,41.8
2025-06-12 00:52:00,23.0
2025-06-12 04:46:00,49.96204002157484
2025-06-12 08:54:00,29.6
2025-06-12 15:04:00,18.7
2025-06-12 05:03:00,84.5
2025-06-12 04:54:00,49.96204002157484
2025-06-12 03:22:00,46.1
2025-06-12 19:08:00,56.7
2025-06-12 19:38:00,49.96204002157484
2025-06-12 02:47:00,65.1
2025-06-12 21:16:00,75.7
2025-06-12 10:22:00,42.8
2025-06-12 18:55:00,49.96204002157484
2025-06-12 11:47:00,89.0
2025-06-12 23:01:00,16.7
2025-06-12 15:30:00,19.3
2025-06-12 17:35:00,14.0
2025-06-12 19:32:00,54.9
2025-06-12 14:39:00,63.3
2025-06-12 17:01:00,7.2
2025-06-12 09:30:00,1.4
2025-06-12 16:29:00,19.9
2025-06-12 13:16:00,12.4
2025-06-12 19:26:00,0.4
2025-06-12 21:22:00,59.5
2025-06-12 10:16:00,28.2
2025-06-12 18:53:00,39.6
2025-06-12 23:23:00,21.0
2025-06-12 20:45:00,38.2
2025-06-12 08:29:00,3.8
2025-06-12 23:03:00,49.96204002157484
2025-06-12 04:13:00,6.9
2025-06-12 05:31:00,59.7
2025-06-12 22:38:00,51.5
2025-06-12 16:03:00,49.96204002157484
2025-06-12 08:12:00,78.7
2025-06-12 13:24:00,90.8
2025-06-12 03:40:00,74.4
2025-06-12 21:07:00,14.2
2025-06-12 17:37:00,86.8
2025-06-12 21:23:00,14.1
2025-06-12 13:45:00,86.5
2025-06-12 09:55:00,42.8
2025-06-12 17:14:00,12.1
2025-06-12 01:10:00,79.1
2025-06-12 12:47:00,10.2
2025-06-12 06:09:00,83.9
2025-06-12 13:48:00,93.4
2025-06-12 02:23:00,64.0
2025-06-12 00:21:00,56.4
2025-06-12 18:58:00,33.0
2025-06-12 21:14:00,92.4
2025-06-12 22:26:00,93.0
2025-06-12 17:25:00,49.96204002157484
2025-06-12 15:36:00,71.3
2025-06-12 01:33:00,17.8
2025-06-12 23:10:00,34.4
2025-06-12 14:40:00,96.7
2025-06-12 00:48:00,12.3
2025-06-12 16:19:00,94.5
2025-06-12 17:17:00,70.0
2025-06-12 17:51:00,19.1
2025-06-12 18:56:00,83.9
2025-06-12 08:28:00,22.6
2025-06-12 04:20:00,88.2
2025-06-12 19:17:00,98.4
2025-06-12 15:41:00,98.4
2025-06-12 08:58:00,49.96204002157484
2025-06-12 18:27:00,83.8
2025-06-12 14:36:00,49.96204002157484
2025-06-12 10:09:00,93.7
2025-06-12 12:02:00,49.96204002157484
2025-06-12 22:17:00,58.7
2025-06-12 14:47:00,96.2
2025-06-12 22:33:00,17.1
2025-06-12 17:45:00,36.5
2025-06-12 20:26:00,16.7
2025-06-12 07:39:00,53.4
2025-06-12 19:29:00,91.1
2025-06-12 20:29:00,32.7
2025-06-12 18:08:00,28.1
2025-06-12 06:54:00,97.6
2025-06-12 07:36:00,97.8
2025-06-12 05:55:00,98.7
2025-06-12 04:33:00,96.3
2025-06-12 12:45:00,49.96204002157484
2025-06-12 03:24:00,37.2
2025-06-12 17:38:00,85.4
2025-06-12 07:23:00,50.1
2025-06-12 15:25:00,52.2
2025-06-12 01:52:00,90.6
2025-06-12 16:59:00,96.5
2025-06-12 00:35:00,72.5
2025-06-12 04:02:00,49.96204002157484
2025-06-12 15:39:00,4.6
2025-06-12 06:40:00,69.9
2025-06-12 18:54:00,49.9
2025-06-12 21:45:00,21.3
2025-06-12 17:55:00,30.8
2025-06-12 01:45:00,50.9
2025-06-12 23:47:00,71.3
2025-06-12 14:10:00,26.7
2025-06-12 19:59:00,49.96204002157484
2025-06-12 16:57:00,27.8
2025-06-12 16:47:00,49.96204002157484
2025-06-12 22:28:00,76.4
2025-06-12 15:38:00,81.4
2025-06-12 06:46:00,38.5
2025-06-12 19:22:00,39.9
2025-06-12 02:42:00,69.4
2025-06-12 13:06:00,85.8
2025-06-12 21:21:00,87.4
2025-06-12 11:32:00,20.9
2025-06-12 00:46:00,96.1
2025-06-12 12:28:00,86.4
2025-06-12 01:56:00,80.7
2025-06-12 10:17:00,44.9
2025-06-12 13:23:00,47.7
2025-06-12 09:47:00,99.5
2025-06-12 17:40:00,53.3
2025-06-12 22:52:00,23.8
2025-06-12 09:19:00,85.4
2025-06-12 11:04:00,25.1
2025-06-12 13:11:00,21.3
2025-06-12 15:55:00,9.7
2025-06-12 06:05:00,17.8
2025-06-12 22:49:00,88.2
2025-06-12 15:18:00,89.8
2025-06-12 09:28:00,7.0
2025-06-12 18:19:00,5.5
2025-06-12 07:02:00,45.3
2025-06-12 17:19:00,49.96204002157484
2025-06-12 08:45:00,31.2
2025-06-12 20:34:00,94.3
2025-06-12 20:20:00,18.6
2025-06-12 08:24:00,17.5
2025-06-12 19:10:00,76.5
2025-06-12 11:56:00,98.8
2025-06-12 08:00:00,49.96204002157484
2025-06-12 08:51:00,37.7
2025-06-12 01:31:00,11.9
2025-06-12 16:07:00,9.5
2025-06-12 17:33:00,95.0
2025-06-12 23:37:00,25.5
2025-06-12 17:46:00,6.6
2025-06-12 22:54:00,69.0
2025-06-12 19:03:00,35.5
2025-06-12 23:39:00,97.0
2025-06-12 00:31:00,49.96204002157484
2025-06-12 00:30:00,57.9
2025-06-12 05:21:00,37.0
2025-06-12 06:25:00,99.7
2025-06-12 23:59:00,83.1
2025-06-12 11:39:00,49.96204002157484
2025-06-12 07:56:00,17.2
2025-06-12 20:19:00,61.5
2025-06-12 16:58:00,11.5
2025-06-12 14:52:00,69.8
2025-06-12 01:23:00,49.96204002157484
2025-06-12 09:51:00,35.6
2025-06-12 13:31:00,49.96204002157484
2025-06-12 17:13:00,79.3
2025-06-12 08:07:00,90.2
2025-06-12 04:21:00,26.4
2025-06-12 07:18:00,22.6
2025-06-12 16:35:00,95.3
2025-06-12 01:46:00,97.3
2025-06-12 12:51:00,49.96204002157484
2025-06-12 23:12:00,49.96204002157484
2025-06-12 07:11:00,2.8
2025-06-12 08:59:00,53.6
2025-06-12 19:07:00,26.9
2025-06-12 07:22:00,35.7
2025-06-12 02:15:00,60.1
2025-06-12 04:52:00,17.3
2025-06-12 14:16:00,49.96204002157484
2025-06-12 08:57:00,71.5
2025-06-12 06:27:00,15.4
2025-06-12 18:23:00,82.0
2025-06-12 05:05:00,7.0
2025-06-12 22:44:00,31.4
2025-06-12 17:05:00,61.5
2025-06-12 23:26:00,90.5
2025-06-12 13:01:00,88.8
2025-06-12 12:07:00,77.9
2025-06-12 09:23:00,49.96204002157484
2025-06-12 22:35:00,95.9
2025-06-12 18:36:00,49.96204002157484
2025-06-12 16:44:00,67.3
2025-06-12 18:17:00,49.96204002157484
2025-06-12 14:35:00,3.5
2025-06-12 04:45:00,45.8
2025-06-12 01:58:00,56.5
2025-06-12 06:48:00,49.96204002157484
2025-06-12 20:59:00,15.5
2025-06-12 03:28:00,84.7
2025-06-12 20:02:00,49.96204002157484
2025-06-12 12:32:00,53.5
2025-06-12 11:28:00,49.96204002157484
2025-06-12 00:26:00,62.3
2025-06-12 01:26:00,9.8
2025-06-12 19:41:00,21.2
2025-06-12 22:00:00,82.2
2025-06-12 20:23:00,49.96204002157484
2025-06-12 21:46:00,49.96204002157484
2025-06-12 05:12:00,49.96204002157484
2025-06-12 04:44:00,63.0
2025-06-12 05:36:00,41.6
2025-06-12 11:03:00,33.2
2025-06-12 17:29:00,97.7
2025-06-12 07:00:00,49.96204002157484
2025-06-12 12:52:00,47.5
2025-06-12 20:16:00,41.8
2025-06-12 06:10:00,54.7
2025-06-12 02:13:00,49.96204002157484
2025-06-12 17:31:00,13.1
2025-06-12 21:37:00,10.9
2025-06-12 16:32:00,46.1
2025-06-12 06:16:00,68.8
2025-06-12 04:50:00,34.6
2025-06-12 22:13:00,86.4
2025-06-12 02:36:00,70.3
2025-06-12 13:41:00,8.7
2025-06-12 19:54:00,63.5
2025-06-12 08:06:00,57.9
2025-06-12 04:35:00,15.7
2025-06-12 15:06:00,49.96204002157484
2025-06-12 17:07:00,13.3
2025-06-12 17:20:00,49.96204002157484
2025-06-12 09:49:00,2.7
2025-06-12 05:08:00,58.3
2025-06-12 18:26:00,11.8
2025-06-12 19:11:00,49.96204002157484
2025-06-12 08:46:00,97.1
2025-06-12 23:11:00,49.96204002157484
2025-06-12 16:16:00,38.5
2025-06-12 18:09:00,50.6
2025-06-12 09:41:00,37.3
2025-06-12 10:28:00,49.96204002157484
2025-06-12 21:19:00,9.3
2025-06-12 15:42:00,2.9
2025-06-12 04:18:00,4.4
2025-06-12 23:41:00,17.2
2025-06-12 00:32:00,36.8
2025-06-12 11:14:00,6.7
2025-06-12 16:01:00,57.0
2025-06-12 08:43:00,10.5
2025-06-12 01:04:00,0.9
2025-06-12 13:09:00,12.4
2025-06-12 00:51:00,14.9
2025-06-12 03:01:00,61.2
2025-06-12 13:26:00,52.0
2025-06-12 19:04:00,15.3
2025-06-12 18:46:00,45.0
2025-06-12 05:13:00,51.4
2025-06-12 23:58:00,50.8
2025-06-12 17:57:00,77.4
2025-06-12 07:30:00,49.96204002157484
2025-06-12 20:18:00,49.96204002157484
2025-06-12 16:09:00,14.2
2025-06-12 13:15:00,81.5
2025-06-12 11:06:00,77.6
2025-06-12 22:25:00,88.5
2025-06-12 11:13:00,47.7
2025-06-12 18:11:00,18.0
2025-06-12 23:22:00,88.3
2025-06-12 00:18:00,98.4
2025-06-12 12:44:00,83.8
2025-06-12 10:13:00,20.3
2025-06-12 17:06:00,25.0
2025-06-12 21:29:00,40.4
2025-06-12 04:05:00,3.9
2025-06-12 21:15:00,81.5
2025-06-12 07:21:00,61.3
2025-06-12 19:51:00,49.96204002157484
2025-06-12 11:42:00,98.6
2025-06-12 02:38:00,57.8
2025-06-12 18:45:00,18.7
2025-06-12 03:56:00,49.4
2025-06-12 23:25:00,99.4
2025-06-12 03:44:00,28.4
2025-06-12 02:52:00,7.1
2025-06-12 05:38:00,82.4
2025-06-12 08:35:00,31.8
2025-06-12 01:14:00,49.96204002157484
2025-06-12 20:10:00,94.0
2025-06-12 04:17:00,19.5
2025-06-12 11:51:00,85.1
2025-06-12 07:27:00,11.6
2025-06-12 13:53:00,24.4
2025-06-12 17:00:00,11.2
2025-06-12 18:12:00,16.8
2025-06-12 01:57:00,75.0
2025-06-12 15:15:00,42.0
2025-06-12 04:19:00,65.1
2025-06-12 10:41:00,70.2
2025-06-12 18:50:00,11.6
2025-06-12 11:09:00,72.9
2025-06-12 21:56:00,57.3
2025-06-12 15:33:00,91.5
2025-06-12 01:54:00,97.5
2025-06-12 13:56:00,31.3
2025-06-12 05:00:00,43.4
2025-06-12 08:32:00,89.6
2025-06-12 08:01:00,65.5
2025-06-12 00:22:00,49.96204002157484
2025-06-12 23:53:00,97.9
2025-06-12 20:38:00,18.7
2025-06-12 16:25:00,99.0
2025-06-12 01:00:00,49.96204002157484
2025-06-12 14:20:00,47.1
2025-06-12 16:55:00,59.4
2025-06-12 01:28:00,92.3
2025-06-12 11:34:00,63.5
2025-06-12 07:26:00,92.9
2025-06-12 18:49:00,49.96204002157484
2025-06-12 12:53:00,53.9
2025-06-12 15:58:00,77.5
2025-06-12 05:06:00,56.3
2025-06-12 14:19:00,25.4
2025-06-12 16:49:00,30.7
2025-06-12 08:44:00,85.5
2025-06-12 22:43:00,67.9
2025-06-12 02:39:00,92.7
2025-06-12 15:11:00,61.8
2025-06-12 18:43:00,44.4
2025-06-12 12:36:00,63.7
2025-06-12 01:59:00,72.5
2025-06-12 01:39:00,25.7
2025-06-12 07:06:00,71.8
2025-06-12 12:42:00,60.3
2025-06-12 10:07:00,40.8
2025-06-12 00:55:00,49.96204002157484
2025-06-12 13:35:00,73.0
2025-06-12 04:47:00,82.1
2025-06-12 05:25:00,89.0
2025-06-12 07:16:00,22.6
2025-06-12 20:47:00,37.8
2025-06-12 21:38:00,46.9
2025-06-12 08:34:00,36.0
2025-06-12 10:10:00,77.3
2025-06-12 18:44:00,52.7
2025-06-12 05:04:00,14.4
2025-06-12 04:30:00,33.9
2025-06-12 01:44:00,49.96204002157484
2025-06-12 09:35:00,19.5
2025-06-12 12:43:00,11.3
2025-06-12 22:31:00,49.96204002157484
2025-06-12 22:14:00,8.8
2025-06-12 14:41:00,49.96204002157484
2025-06-12 10:23:00,44.6
2025-06-12 20:35:00,50.9
2025-06-12 13:27:00,64.7
2025-06-12 07:31:00,77.8
2025-06-12 05:51:00,40.2
2025-06-12 06:39:00,49.96204002157484
2025-06-12 05:02:00,98.3
2025-06-12 14:53:00,7.8
2025-06-12 01:22:00,47.3
2025-06-12 09:33:00,20.2
2025-06-12 18:22:00,14.5
2025-06-12 09:13:00,59.3
2025-06-12 05:40:00,81.5
2025-06-12 17:26:00,63.6
2025-06-12 03:26:00,0.3
2025-06-12 19:06:00,53.5
2025-06-12 04:36:00,31.7
2025-06-12 03:29:00,49.96204002157484
2025-06-12 19:02:00,49.96204002157484
2025-06-12 01:37:00,1.5
2025-06-12 01:27:00,76.6
2025-06-12 23:32:00,43.0
2025-06-12 06:14:00,18.1
2025-06-12 17:23:00,49.96204002157484
2025-06-12 01:07:00,95.1
2025-06-12 20:24:00,49.96204002157484
2025-06-12 08:36:00,57.1
2025-06-12 12:50:00,49.96204002157484
2025-06-12 14:04:00,9.1
2025-06-12 16:24:00,49.96204002157484
2025-06-12 20:00:00,43.2
2025-06-12 03:06:00,87.6
2025-06-12 11:00:00,15.6
2025-06-12 18:59:00,13.5
2025-06-12 05:49:00,91.1
2025-06-12 20:37:00,49.96204002157484
2025-06-12 20:05:00,32.6
2025-06-12 19:49:00,18.1
2025-06-12 10:15:00,92.4
2025-06-12 14:54:00,13.4
2025-06-12 04:09:00,6.6
2025-06-12 09:08:00,15.0
2025-06-12 13:28:00,76.6
2025-06-12 14:13:00,29.5
2025-06-12 23:45:00,91.1
2025-06-12 05:53:00,52.1
2025-06-12 01:25:00,9.2
2025-06-12 06:04:00,41.6
2025-06-12 06:21:00,81.0
2025-06-12 17:24:00,62.4
2025-06-12 10:29:00,49.2
2025-06-12 06:29:00,76.6
2025-06-12 16:04:00,37.1
2025-06-12 16:02:00,92.0
2025-06-12 08:17:00,73.9
2025-06-12 01:05:00,64.8
2025-06-12 10:01:00,64.4
2025-06-12 06:01:00,49.96204002157484
2025-06-12 00:34:00,11.1
2025-06-12 11:16:00,49.96204002157484
2025-06-12 05:27:00,69.7
2025-06-12 18:31:00,11.2
2025-06-12 07:54:00,37.4
2025-06-12 00:59:00,40.5
2025-06-12 09:14:00,25.8
2025-06-12 21:04:00,49.96204002157484
2025-06-12 15:21:00,57.2
2025-06-12 13:02:00,11.6
2025-06-12 11:55:00,70.1
2025-06-12 18:29:00,18.1
2025-06-12 04:31:00,9.2
2025-06-12 03:47:00,28.5
2025-06-12 07:44:00,49.96204002157484
2025-06-12 23:55:00,42.6
2025-06-12 07:57:00,49.96204002157484
2025-06-12 00:07:00,31.2
2025-06-12 23:08:00,11.8
2025-06-12 10:33:00,71.4
2025-06-12 18:03:00,21.2
2025-06-12 21:30:00,56.1
2025-06-12 05:34:00,49.96204002157484
2025-06-12 12:37:00,49.96204002157484
2025-06-12 03:48:00,2.0
2025-06-12 23:51:00,42.9
2025-06-12 17:48:00,2.7
2025-06-12 08:15:00,66.1
2025-06-12 06:52:00,60.6
2025-06-12 19:37:00,21.0
2025-06-12 16:26:00,31.3
2025-06-12 00:37:00,41.3
2025-06-12 19:31:00,65.1
2025-06-12 12:48:00,49.96204002157484
2025-06-12 07:08:00,0.8
2025-06-12 18:20:00,97.6
2025-06-12 19:01:00,66.2
2025-06-12 04:56:00,93.5
2025-06-12 11:53:00,85.9
2025-06-12 13:54:00,32.2
2025-06-12 05:52:00,57.2
2025-06-12 06:56:00,88.1
2025-06-12 22:06:00,5.1
2025-06-12 06:38:00,82.3
2025-06-12 13:51:00,49.96204002157484
2025-06-12 11:21:00,68.4
2025-06-12 22:16:00,49.96204002157484
2025-06-12 01:12:00,16.2
2025-06-12 17:04:00,41.4
2025-06-12 01:13:00,3.4
2025-06-12 14:23:00,47.7
2025-06-12 13:50:00,4.6
2025-06-12 06:57:00,1.3
2025-06-12 17:12:00,68.7
2025-06-12 06:12:00,49.96204002157484
2025-06-12 16:45:00,96.9
2025-06-12 21:44:00,69.5
2025-06-12 18:00:00,96.7
2025-06-12 19:27:00,39.2
2025-06-12 02:04:00,0.4
2025-06-12 05:41:00,39.0
2025-06-12 13:22:00,13.2
2025-06-12 15:52:00,61.5
2025-06-12 15:05:00,59.4
2025-06-12 02:55:00,17.6
2025-06-12 03:38:00,14.7
2025-06-12 09:26:00,49.1
2025-06-12 05:56:00,62.3
2025-06-12 13:00:00,19.7
2025-06-12 17:50:00,91.7
2025-06-12 10:55:00,18.8
2025-06-12 09:21:00,87.1
2025-06-12 11:45:00,0.4
2025-06-12 13:42:00,49.96204002157484
2025-06-12 21:09:00,59.7
2025-06-12 14:27:00,32.2
2025-06-12 14:49:00,49.96204002157484
2025-06-12 07:10:00,52.1
2025-06-12 02:43:00,2.8
2025-06-12 15:54:00,75.4
2025-06-12 11:52:00,47.3
2025-06-12 07:20:00,94.2
2025-06-12 09:09:00,7.2
2025-06-12 15:23:00,68.7
2025-06-12 14:29:00,7.4
2025-06-12 13:32:00,4.1
2025-06-12 15:59:00,82.8
2025-06-12 06:34:00,68.3
2025-06-12 17:02:00,39.6
2025-06-12 01:02:00,59.7
2025-06-12 15:51:00,49.96204002157484
2025-06-12 06:24:00,5.6
2025-06-12 21:01:00,17.8
2025-06-12 02:10:00,60.8
2025-06-12 14:38:00,49.96204002157484
2025-06-12 03:33:00,88.0
2025-06-12 22:02:00,28.9
2025-06-12 06:49:00,32.0
2025-06-12 06:11:00,49.96204002157484
2025-06-12 03:21:00,13.6
2025-06-12 00:58:00,26.8
2025-06-12 14:42:00,24.5
2025-06-12 12:18:00,31.8
2025-06-12 18:33:00,13.9
2025-06-12 11:15:00,35.8
2025-06-12 16:39:00,64.2
2025-06-12 03:34:00,44.5
2025-06-12 05:39:00,46.4
2025-06-12 05:54:00,93.7
2025-06-12 08:16:00,44.6
2025-06-12 08:30:00,85.4
2025-06-12 00:12:00,49.96204002157484
2025-06-12 04:34:00,15.0
2025-06-12 09:37:00,38.6
2025-06-12 18:07:00,45.7
2025-06-12 20:57:00,81.9
2025-06-12 09:17:00,39.9
2025-06-12 08:10:00,2.6
2025-06-12 21:18:00,72.6
2025-06-12 18:42:00,64.1
2025-06-12 12:00:00,51.7
2025-06-12 11:31:00,18.5
2025-06-12 23:15:00,42.6
2025-06-12 18:28:00,25.8
2025-06-12 13:07:00,94.4
2025-06-12 04:41:00,97.3
2025-06-12 09:18:00,91.0
2025-06-12 19:33:00,49.96204002157484
2025-06-12 05:19:00,31.0
2025-06-12 00:01:00,2.0
2025-06-12 05:47:00,42.2
2025-06-12 19:16:00,49.96204002157484
2025-06-12 23:42:00,35.5
2025-06-12 15:32:00,49.96204002157484
2025-06-12 03:07:00,20.7
2025-06-12 22:32:00,34.5
2025-06-12 08:03:00,49.96204002157484
2025-06-12 10:35:00,25.8
2025-06-12 18:25:00,49.96204002157484
2025-06-12 15:34:00,49.96204002157484
2025-06-12 05:18:00,49.96204002157484
2025-06-12 12:11:00,49.96204002157484
2025-06-12 19:36:00,49.96204002157484
2025-06-12 02:01:00,18.8
2025-06-12 13:44:00,49.96204002157484
2025-06-12 12:08:00,54.9
2025-06-12 22:10:00,57.3
2025-06-12 12:54:00,54.7
2025-06-12 15:08:00,75.3
2025-06-12 15:49:00,53.9
2025-06-12 09:07:00,99.8
2025-06-12 04:16:00,39.6
2025-06-12 01:42:00,74.0
2025-06-12 06:28:00,89.8
2025-06-12 22:15:00,5.3
2025-06-12 13:33:00,83.8
2025-06-12 22:24:00,50.9
2025-06-12 04:39:00,49.96204002157484
2025-06-12 22:12:00,52.7
2025-06-12 06:42:00,23.9
2025-06-12 01:15:00,96.6
2025-06-12 19:18:00,24.7
2025-06-12 00:05:00,87.8
2025-06-12 16:05:00,32.3
2025-06-12 02:40:00,81.1
2025-06-12 23:30:00,49.96204002157484
2025-06-12 19:30:00,37.2
2025-06-12 00:41:00,52.3
2025-06-12 20:48:00,49.96204002157484
2025-06-12 06:58:00,44.1
2025-06-12 10:20:00,49.96204002157484
2025-06-12 04:01:00,72.4
2025-06-12 05:22:00,4.7
2025-06-12 06:45:00,41.7
2025-06-12 14:57:00,28.7
2025-06-12 20:46:00,3.1
2025-06-12 04:04:00,85.3
2025-06-12 12:01:00,49.96204002157484
2025-06-12 20:54:00,68.8
2025-06-12 16:38:00,16.6
2025-06-12 12:55:00,49.96204002157484
2025-06-12 16:17:00,42.7
2025-06-12 13:17:00,49.96204002157484
2025-06-12 17:56:00,72.9
2025-06-12 23:48:00,64.6
2025-06-12 19:50:00,87.4
2025-06-12 14:30:00,63.2
2025-06-12 14:50:00,20.4
2025-06-12 03:31:00,56.3
2025-06-12 02:16:00,49.96204002157484
2025-06-12 19:44:00,68.7
2025-06-12 19:53:00,60.7
2025-06-12 22:34:00,89.2
2025-06-12 11:29:00,49.96204002157484
2025-06-12 03:54:00,1.3
2025-06-12 17:08:00,19.9
2025-06-12 00:06:00,44.6
2025-06-12 09:31:00,83.1
2025-06-12 23:02:00,85.8
2025-06-12 22:01:00,89.4
2025-06-12 17:03:00,82.5
2025-06-12 00:57:00,23.1
2025-06-12 01:48:00,99.7
2025-06-12 07:46:00,13.3
2025-06-12 00:47:00,19.7
2025-06-12 02:29:00,58.7
2025-06-12 08:20:00,49.96204002157484
2025-06-12 01:16:00,49.96204002157484
2025-06-12 21:02:00,93.5
2025-06-12 22:07:00,49.96204002157484
2025-06-12 18:04:00,99.1
2025-06-12 23:06:00,64.3
2025-06-12 02:32:00,24.6
2025-06-12 14:37:00,41.2
2025-06-12 09:53:00,78.6
2025-06-12 04:48:00,68.3
2025-06-12 04:07:00,36.7
2025-06-12 16:41:00,70.1
2025-06-12 19:24:00,34.0
2025-06-12 12:39:00,47.8
2025-06-12 20:01:00,49.96204002157484
2025-06-12 11:54:00,25.0
2025-06-12 21:34:00,59.7
2025-06-12 09:03:00,98.9
2025-06-12 16:54:00,66.9
2025-06-12 08:18:00,88.1
2025-06-12 03:05:00,11.9
2025-06-12 00:38:00,19.2
2025-06-12 05:24:00,94.3
2025-06-12 21:51:00,8.0
2025-06-12 23:13:00,59.0
2025-06-12 02:54:00,59.3
2025-06-12 10:47:00,83.0
2025-06-12 21:52:00,63.2
2025-06-12 09:12:00,52.0
2025-06-12 03:45:00,44.6
2025-06-12 04:14:00,79.6
2025-06-12 09:40:00,89.9
2025-06-12 07:09:00,28.2
2025-06-12 02:22:00,45.8
2025-06-12 03:04:00,87.1
2025-06-12 15:02:00,53.6
2025-06-12 10:32:00,29.5
2025-06-12 01:32:00,73.1
2025-06-12 15:17:00,23.2
2025-06-12 11:40:00,49.96204002157484
2025-06-12 15:56:00,71.6
2025-06-12 07:34:00,50.3
2025-06-12 21:12:00,28.8
2025-06-12 22:47:00,49.96204002157484
2025-06-12 17:41:00,37.3
2025-06-12 06:43:00,87.4
2025-06-12 03:51:00,36.7
2025-06-12 09:06:00,98.4
2025-06-12 16:06:00,34.4
2025-06-12 22:03:00,30.5
2025-06-12 17:18:00,24.6
2025-06-12 20:44:00,37.0
2025-06-12 03:43:00,39.0
2025-06-12 10:57:00,49.96204002157484
2025-06-12 13:52:00,35.1
2025-06-12 18:47:00,79.1
2025-06-12 04:25:00,90.9
2025-06-12 23:20:00,77.1
2025-06-12 01:17:00,56.9
2025-06-12 22:56:00,81.4
2025-06-12 08:39:00,88.5
2025-06-12 15:24:00,12.3
2025-06-12 11:26:00,0.9
2025-06-12 05:07:00,5.1
2025-06-12 08:41:00,18.0
2025-06-12 10:25:00,96.3
2025-06-12 16:40:00,39.7
2025-06-12 21:59:00,52.6
2025-06-12 01:36:00,18.6
2025-06-12 16:31:00,13.0
2025-06-12 14:24:00,18.5
2025-06-12 15:01:00,49.0
2025-06-12 10:18:00,14.9
2025-06-12 12:15:00,45.6
2025-06-12 19:25:00,41.4
2025-06-12 16:12:00,49.96204002157484
2025-06-12 12:05:00,2.6
2025-06-12 16:30:00,83.6
2025-06-12 06:15:00,23.3
2025-06-12 05:42:00,76.5
2025-06-12 17:49:00,50.4
2025-06-12 07:29:00,0.1
2025-06-12 05:44:00,6.2
2025-06-12 10:45:00,76.3
2025-06-12 07:48:00,49.96204002157484
2025-06-12 07:51:00,86.9
2025-06-12 12:14:00,49.96204002157484
2025-06-12 19:57:00,42.5
2025-06-12 07:19:00,49.96204002157484
2025-06-12 06:20:00,44.9
2025-06-12 14:15:00,36.2
2025-06-12 00:40:00,62.7
2025-06-12 13:04:00,47.8
2025-06-12 13:36:00,34.4
2025-06-12 15:53:00,62.0
2025-06-12 07:38:00,93.1
2025-06-12 01:30:00,3.3
2025-06-12 11:10:00,67.9
2025-06-12 02:49:00,49.96204002157484
2025-06-12 16:00:00,65.0
2025-06-12 21:20:00,67.2
2025-06-12 08:55:00,58.4
2025-06-12 14:31:00,4.2
2025-06-12 03:30:00,49.96204002157484
2025-06-12 10:06:00,46.9
2025-06-12 01:09:00,90.9
2025-06-12 06:44:00,42.8
2025-06-12 06:35:00,63.5
2025-06-12 03:20:00,28.1
2025-06-12 06:30:00,49.96204002157484
2025-06-12 19:56:00,6.5
2025-06-12 12:12:00,81.9
2025-06-12 04:55:00,25.7
2025-06-12 13:10:00,97.5
2025-06-12 06:18:00,30.3
2025-06-12 19:47:00,49.96204002157484
2025-06-12 21:42:00,40.8
2025-06-12 15:14:00,53.6
2025-06-12 01:11:00,89.1
2025-06-12 05:26:00,28.5
2025-06-12 00:10:00,49.96204002157484
2025-06-12 22:18:00,62.9
2025-06-12 03:39:00,18.4
2025-06-12 10:56:00,19.7
2025-06-12 22:39:00,49.96204002157484
2025-06-12 15:16:00,13.7
2025-06-12 07:07:00,49.96204002157484
2025-06-12 05:17:00,96.3
2025-06-12 22:30:00,49.96204002157484
2025-06-12 20:27:00,61.1
2025-06-12 23:18:00,37.3
2025-06-12 08:11:00,62.6
2025-06-12 02:35:00,49.96204002157484
2025-06-12 17:16:00,68.8
2025-06-12 13:57:00,50.7
2025-06-12 18:48:00,56.6
2025-06-12 13:37:00,76.4
2025-06-12 21:33:00,67.9
2025-06-12 23:33:00,49.96204002157484
2025-06-12 13:55:00,31.6
2025-06-12 14:21:00,57.0
2025-06-12 07:35:00,72.0
2025-06-12 07:50:00,82.1
2025-06-12 08:26:00,49.96204002157484
2025-06-12 02:21:00,47.8
2025-06-12 10:36:00,21.5
2025-06-12 00:56:00,7.2
2025-06-12 05:45:00,49.96204002157484
2025-06-12 03:32:00,90.3
2025-06-12 21:10:00,38.4
2025-06-12 10:24:00,49.96204002157484
2025-06-12 06:55:00,49.96204002157484
2025-06-12 13:39:00,34.2
2025-06-12 00:39:00,22.3
2025-06-12 20:49:00,90.8
2025-06-12 11:49:00,73.6
2025-06-12 04:26:00,49.96204002157484
2025-06-12 07:37:00,12.4
2025-06-12 14:58:00,19.6
2025-06-12 01:34:00,86.1
2025-06-12 11:46:00,84.8
2025-06-12 11:24:00,49.96204002157484
2025-06-12 04:29:00,16.0
2025-06-12 03:46:00,55.9
2025-06-12 07:04:00,76.9
2025-06-12 11:02:00,25.7
2025-06-12 10:03:00,49.96204002157484
2025-06-12 13:49:00,49.96204002157484
2025-06-12 11:11:00,77.7
2025-06-12 16:08:00,8.0
2025-06-12 03:55:00,49.96204002157484
2025-06-12 02:07:00,17.9
2025-06-12 01:50:00,46.1
2025-06-12 03:27:00,82.5
2025-06-12 02:57:00,45.5
2025-06-12 03:08:00,69.8
2025-06-12 04:40:00,35.7
2025-06-12 19:14:00,60.5
2025-06-12 09:36:00,49.96204002157484
2025-06-12 03:25:00,6.3
2025-06-12 16:52:00,49.96204002157484
2025-06-12 16:36:00,10.7
2025-06-12 08:47:00,76.1
2025-06-12 00:29:00,43.6
2025-06-12 12:06:00,89.1
2025-06-12 16:28:00,40.4
2025-06-12 02:14:00,49.96204002157484
2025-06-12 23:00:00,91.2
2025-06-12 05:29:00,49.7
2025-06-12 07:41:00,29.2
2025-06-12 12:49:00,92.9
2025-06-12 21:50:00,12.3
2025-06-12 10:04:00,54.0
2025-06-12 07:25:00,21.5
2025-06-12 03:49:00,57.0
2025-06-12 18:51:00,80.3
2025-06-12 06:47:00,62.5
2025-06-12 10:58:00,81.9
2025-06-12 13:46:00,3.1
2025-06-12 23:34:00,62.7
2025-06-12 21:43:00,49.96204002157484
2025-06-12 16:21:00,90.6
2025-06-12 18:41:00,83.4
2025-06-12 02:58:00,67.9
2025-06-12 07:13:00,15.9
2025-06-12 21:11:00,11.5
2025-06-12 17:30:00,15.3
2025-06-12 09:29:00,19.3
2025-06-12 04:32:00,49.96204002157484
2025-06-12 11:18:00,73.5
2025-06-12 15:26:00,86.2
2025-06-12 05:14:00,42.0
2025-06-12 14:56:00,32.6
2025-06-12 06:53:00,31.4
2025-06-12 17:21:00,69.8
2025-06-12 03:02:00,49.96204002157484
2025-06-12 09:39:00,71.1
2025-06-12 04:27:00,30.5
2025-06-12 18:13:00,13.1
2025-06-12 18:01:00,77.2
2025-06-12 07:17:00,40.0
2025-06-12 20:52:00,32.5
2025-06-12 22:46:00,76.1
2025-06-12 03:53:00,83.1
2025-06-12 01:20:00,23.5
2025-06-12 14:59:00,30.0
2025-06-12 07:58:00,62.6
2025-06-12 15:13:00,22.6
2025-06-12 10:21:00,16.3
2025-06-12 23:36:00,69.6
2025-06-12 21:08:00,49.96204002157484
2025-06-12 21:55:00,51.4
2025-06-12 12:34:00,25.2
2025-06-12 01:06:00,90.9
2025-06-12 22:36:00,99.4
2025-06-12 20:36:00,1.7
2025-06-12 20:08:00,9.3
2025-06-12 03:59:00,48.5
2025-06-12 10:44:00,56.8
2025-06-12 09:25:00,6.5
2025-06-12 21:36:00,68.8
2025-06-12 19:34:00,28.1
2025-06-12 23:40:00,61.4
2025-06-12 21:03:00,71.1
2025-06-12 06:22:00,31.8
2025-06-12 14:06:00,21.5
2025-06-12 03:15:00,18.0
2025-06-12 21:39:00,26.6
2025-06-12 12:41:00,46.4
2025-06-12 22:42:00,95.4
2025-06-12 20:33:00,54.7
2025-06-12 20:11:00,12.8
2025-06-12 03:11:00,45.2
2025-06-12 02:19:00,87.6
2025-06-12 03:52:00,84.4
2025-06-12 14:45:00,65.0
2025-06-12 14:03:00,41.7
2025-06-12 15:35:00,72.0
2025-06-12 16:53:00,14.1
2025-06-12 20:43:00,49.96204002157484
2025-06-12 13:25:00,37.8
2025-06-12 11:30:00,49.96204002157484
2025-06-12 10:31:00,28.2
2025-06-12 23:09:00,30.2
2025-06-12 14:07:00,60.4
2025-06-12 15:22:00,70.6
2025-06-12 16:34:00,85.5
2025-06-12 14:22:00,95.2
2025-06-12 00:08:00,14.5
2025-06-12 09:58:00,25.4
2025-06-12 02:27:00,61.3
2025-06-12 23:27:00,44.2
2025-06-12 08:40:00,17.2
2025-06-12 18:30:00,33.4
2025-06-12 13:59:00,73.9
2025-06-12 13:18:00,90.0
2025-06-12 23:16:00,75.3
2025-06-12 03:23:00,56.1
2025-06-12 22:29:00,63.3
2025-06-12 04:43:00,83.2
2025-06-12 02:00:00,47.7
2025-06-12 14:51:00,49.96204002157484
2025-06-12 08:04:00,20.1
2025-06-12 02:17:00,49.96204002157484
2025-06-12 04:03:00,79.7
2025-06-12 22:20:00,26.4
2025-06-12 18:18:00,7.4
2025-06-12 09:42:00,49.96204002157484
2025-06-12 10:37:00,73.7
2025-06-12 20:30:00,32.6
2025-06-12 08:31:00,2.7
2025-06-12 10:00:00,49.96204002157484
2025-06-12 13:29:00,4.2
2025-06-12 17:47:00,21.8
2025-06-12 12:23:00,42.5
2025-06-12 21:24:00,49.96204002157484
2025-06-12 14:11:00,17.2
2025-06-12 05:09:00,82.6
2025-06-12 14:18:00,33.2
2025-06-12 11:38:00,88.1
2025-06-12 23:24:00,37.3
2025-06-12 02:53:00,49.96204002157484
2025-06-12 16:11:00,49.96204002157484
2025-06-12 17:59:00,78.5
2025-06-12 00:14:00,3.4
2025-06-12 04:53:00,51.5
2025-06-12 08:14:00,81.2
2025-06-12 02:46:00,38.0
2025-06-12 22:05:00,38.0
2025-06-12 21:58:00,19.0
2025-06-12 23:29:00,87.5
2025-06-12 21:49:00,35.2
2025-06-12 12:31:00,60.5
2025-06-12 02:26:00,80.5
2025-06-12 04:49:00,8.5
2025-06-12 18:05:00,39.8
2025-06-12 19:39:00,19.7
2025-06-12 00:25:00,49.96204002157484
2025-06-12 01:19:00,67.7
2025-06-12 09:44:00,31.6
2025-06-12 05:58:00,56.2
2025-06-12 12:40:00,63.1
2025-06-12 01:18:00,54.0
2025-06-12 09:20:00,68.8
2025-06-12 02:48:00,29.5
2025-06-12 12:10:00,10.9
2025-06-12 16:27:00,6.7
2025-06-12 15:09:00,63.2
2025-06-12 20:09:00,14.6
2025-06-12 17:10:00,96.5
2025-06-12 02:56:00,38.7
2025-06-12 19:45:00,49.96204002157484
2025-06-12 12:24:00,53.7
2025-06-12 01:08:00,90.0
2025-06-12 13:34:00,67.6
2025-06-12 19:48:00,94.4
2025-06-12 09:56:00,75.5
2025-06-12 12:59:00,68.8
2025-06-12 15:29:00,41.3
2025-06-12 09:57:00,43.5
2025-06-12 21:47:00,77.8
2025-06-12 11:19:00,70.5
2025-06-12 23:04:00,49.96204002157484
2025-06-12 19:19:00,49.96204002157484
2025-06-12 06:23:00,36.5
2025-06-12 12:09:00,90.8
2025-06-12 04:57:00,16.0
2025-06-12 00:16:00,5.1
2025-06-12 18:37:00,94.1
2025-06-12 21:26:00,7.0
2025-06-12 11:17:00,39.3
2025-06-12 04:37:00,17.4
2025-06-12 08:42:00,83.6
2025-06-12 13:47:00,28.9
2025-06-12 08:02:00,42.0
2025-06-12 18:14:00,36.4
2025-06-12 13:40:00,86.1
2025-06-12 17:39:00,84.7
2025-06-12 11:50:00,22.9
2025-06-12 22:40:00,89.4
2025-06-12 22:59:00,49.96204002157484
2025-06-12 06:07:00,48.8
2025-06-12 02:31:00,66.4
2025-06-12 18:32:00,65.7
2025-06-12 00:20:00,64.3
2025-06-12 20:14:00,49.96204002157484
2025-06-12 04:59:00,82.3
2025-06-12 19:28:00,49.96204002157484
2025-06-12 18:38:00,77.5
2025-06-12 14:34:00,51.7
2025-06-12 23:57:00,10.9
2025-06-12 00:28:00,49.96204002157484
2025-06-12 00:03:00,54.5
2025-06-12 10:11:00,84.2
2025-06-12 01:38:00,9.5
2025-06-12 21:27:00,87.3
2025-06-12 10:52:00,77.3
2025-06-12 08:38:00,60.5
2025-06-12 06:03:00,90.8
2025-06-12 22:09:00,20.7
2025-06-12 01:41:00,23.9
2025-06-12 18:06:00,22.6
2025-06-12 12:56:00,30.7
2025-06-12 09:04:00,50.2
2025-06-12 16:20:00,58.4
2025-06-12 19:05:00,3.5
2025-06-12 04:23:00,3.7
2025-06-12 00:36:00,49.96204002157484
2025-06-12 17:28:00,92.4
2025-06-12 03:17:00,21.9
2025-06-12 03:18:00,28.0
2025-06-12 14:43:00,73.8
2025-06-12 06:32:00,1.1
2025-06-12 23:28:00,66.6
2025-06-12 03:00:00,69.0
2025-06-12 06:26:00,22.0
2025-06-12 09:22:00,3.1
2025-06-12 07:40:00,84.1
2025-06-12 21:32:00,18.2
2025-06-12 11:25:00,34.1
2025-06-12 04:00:00,58.6
2025-06-12 16:56:00,50.9
2025-06-12 02:06:00,95.3
2025-06-12 05:35:00,99.1
2025-06-12 17:15:00,57.3
2025-06-12 18:10:00,93.4
2025-06-12 00:13:00,1.5
2025-06-12 11:59:00,91.1
2025-06-12 20:21:00,71.0
2025-06-12 07:14:00,9.7
2025-06-12 13:05:00,19.1
2025-06-12 17:53:00,76.9
2025-06-12 17:43:00,49.96204002157484
2025-06-12 08:23:00,49.96204002157484
2025-06-12 11:23:00,89.9
2025-06-12 04:42:00,49.96204002157484
2025-06-12 06:13:00,44.8
2025-06-12 23:38:00,33.9
2025-06-12 01:21:00,49.96204002157484
2025-06-12 12:29:00,36.4
2025-06-12 11:27:00,63.9
2025-06-12 18:15:00,6.5
2025-06-12 15:07:00,24.7
2025-06-12 14:05:00,97.0
2025-06-12 21:00:00,30.2
2025-06-12 04:06:00,85.0
2025-06-12 13:21:00,49.96204002157484
2025-06-12 14:48:00,23.8
2025-06-12 20:55:00,31.7
2025-06-12 06:51:00,2.2
2025-06-12 22:27:00,41.0
2025-06-12 08:52:00,16.3
2025-06-12 08:25:00,63.8
2025-06-12 03:36:00,49.96204002157484
2025-06-12 18:57:00,8.6
2025-06-12 20:50:00,49.96204002157484
2025-06-12 05:48:00,49.96204002157484
2025-06-12 15:31:00,38.9
2025-06-12 21:06:00,49.96204002157484
2025-06-12 07:05:00,63.5
2025-06-12 08:48:00,82.7
2025-06-12 02:50:00,56.0
2025-06-12 05:10:00,97.4
2025-06-12 13:30:00,57.9
2025-06-12 08:21:00,13.0
2025-06-12 21:53:00,36.4
2025-06-12 10:59:00,12.7
2025-06-12 02:25:00,95.7
2025-06-12 09:05:00,86.9
2025-06-12 09:01:00,50.1
2025-06-12 03:13:00,33.7
2025-06-12 03:58:00,9.1
2025-06-12 23:21:00,0.6
2025-06-12 02:51:00,15.0
2025-06-12 06:19:00,34.6
2025-06-12 20:58:00,54.1
2025-06-12 12:04:00,43.6
2025-06-12 17:42:00,99.8
2025-06-12 02:41:00,49.96204002157484
2025-06-12 20:31:00,16.5
2025-06-12 21:54:00,4.9
2025-06-12 05:15:00,13.9
2025-06-12 20:51:00,68.0
2025-06-12 02:34:00,30.3
2025-06-12 03:19:00,49.96204002157484
2025-06-12 14:01:00,88.6
2025-06-12 23:31:00,34.4
2025-06-12 11:37:00,4.0
2025-06-12 15:27:00,7.4
2025-06-12 23:05:00,32.7
2025-06-12 14:28:00,24.4
2025-06-12 13:14:00,90.5
2025-06-12 23:35:00,85.1
2025-06-12 14:14:00,13.1
2025-06-12 11:07:00,16.7
2025-06-12 06:06:00,42.8
2025-06-12 09:54:00,58.8
2025-06-12 13:19:00,93.0
2025-06-12 10:51:00,66.3
2025-06-12 10:19:00,71.2
2025-06-12 01:01:00,97.3
2025-06-12 08:05:00,49.96204002157484
2025-06-12 09:59:00,61.8
2025-06-12 00:49:00,12.8
2025-06-12 19:52:00,87.3
2025-06-12 11:22:00,6.8
2025-06-12 19:58:00,85.4
2025-06-12 06:31:00,13.6
2025-06-12 19:20:00,96.5
2025-06-12 21:31:00,65.2
2025-06-12 12:26:00,94.8
2025-06-12 09:02:00,99.0
2025-06-12 16:13:00,11.7
2025-06-12 06:17:00,49.96204002157484
2025-06-12 04:11:00,42.2
2025-06-12 17:22:00,82.2
2025-06-12 19:35:00,49.96204002157484
2025-06-12 20:15:00,17.7
2025-06-12 04:24:00,13.3
2025-06-12 12:19:00,49.96204002157484
2025-06-12 23:19:00,49.96204002157484
2025-06-12 20:41:00,2.8
2025-06-12 11:12:00,49.96204002157484
2025-06-12 07:47:00,29.8
2025-06-12 06:36:00,7.2
2025-06-12 00:44:00,3.7
2025-06-12 16:46:00,69.0
2025-06-12 03:10:00,45.9
2025-06-12 20:32:00,62.9
2025-06-12 16:10:00,57.1
2025-06-12 23:52:00,5.6
2025-06-12 19:40:00,69.8
2025-06-12 07:15:00,43.5
2025-06-12 07:52:00,44.0
2025-06-12 12:57:00,2.1
2025-06-12 12:35:00,77.1
2025-06-12 04:58:00,4.5
2025-06-12 06:37:00,12.7
2025-06-12 00:50:00,24.8
2025-06-12 11:57:00,48.2
2025-06-12 08:08:00,86.7
2025-06-12 12:22:00,64.8
2025-06-12 17:52:00,63.5
2025-06-12 17:34:00,89.3
2025-06-12 21:17:00,55.9
2025-06-12 07:53:00,85.0
2025-06-12 15:03:00,80.6
2025-06-12 15:37:00,59.7
2025-06-12 20:06:00,66.9
2025-06-12 23:44:00,44.6
2025-06-12 20:04:00,49.96204002157484
2025-06-12 22:55:00,90.7
2025-06-12 02:03:00,41.6
2025-06-12 16:22:00,26.9
2025-06-12 10:12:00,6.5
2025-06-12 03:42:00,9.5
2025-06-12 09:46:00,24.0
2025-06-12 13:38:00,63.3
2025-06-12 04:15:00,68.1
2025-06-12 02:18:00,27.4
2025-06-12 10:05:00,77.6
2025-06-12 10:50:00,49.96204002157484
2025-06-12 15:12:00,53.9
2025-06-12 02:09:00,82.0
2025-06-12 16:48:00,92.4
2025-06-12 03:50:00,93.9
2025-06-12 12:58:00,49.96204002157484
2025-06-12 17:09:00,80.2
2025-06-12 20:56:00,81.5
2025-06-12 10:34:00,34.3
2025-06-12 20:13:00,49.96204002157484
2025-06-12 15:19:00,49.96204002157484
2025-06-12 05:46:00,49.96204002157484
2025-06-12 22:08:00,49.96204002157484
2025-06-12 05:16:00,53.2
2025-06-12 08:13:00,31.9
2025-06-12 01:43:00,82.1
2025-06-12 06:00:00,55.1
2025-06-12 03:41:00,69.4
2025-06-12 02:28:00,42.2
2025-06-12 21:41:00,68.8
2025-06-12 04:12:00,68.4
2025-06-12 12:17:00,61.3
2025-06-12 15:28:00,49.96204002157484
2025-06-12 11:41:00,0.2
2025-06-12 02:44:00,49.96204002157484
2025-06-12 08:37:00,5.2
2025-06-12 07:55:00,68.6
2025-06-12 18:52:00,2.1
2025-06-12 23:14:00,85.5
2025-06-12 02:30:00,17.5
2025-06-12 10:08:00,37.2
2025-06-12 04:38:00,40.5
2025-06-12 01:40:00,78.6
2025-06-12 17:27:00,85.8
2025-06-12 11:20:00,18.7
2025-06-12 08:33:00,71.7
2025-06-12 07:01:00,88.9
2025-06-12 22:41:00,26.0
2025-06-12 15:44:00,52.5
2025-06-12 19:09:00,44.4
2025-06-12 06:50:00,49.96204002157484
2025-06-12 11:33:00,68.9
2025-06-12 08:53:00,89.9
2025-06-12 16:33:00,49.96204002157484
2025-06-12 21:25:00,97.0
2025-06-12 08:49:00,75.0
2025-06-12 16:43:00,67.5
2025-06-12 19:13:00,82.4
2025-06-12 13:58:00,43.8
2025-06-12 22:21:00,57.6
2025-06-12 17:36:00,62.6
2025-06-12 00:24:00,91.3
2025-06-12 12:21:00,68.5
2025-06-12 10:46:00,23.6
2025-06-12 13:13:00,20.4
2025-06-12 10:40:00,49.96204002157484
2025-06-12 15:47:00,84.3
2025-06-12 05:28:00,50.2
2025-06-12 17:11:00,4.7
2025-06-12 12:46:00,7.8
2025-06-12 04:22:00,7.3
2025-06-12 23:43:00,43.0
2025-06-12 09:32:00,8.5
2025-06-12 18:02:00,69.7
2025-06-12 01:47:00,80.0
2025-06-12 16:18:00,26.0
2025-06-12 14:02:00,49.96204002157484
2025-06-12 12:03:00,19.7
2025-06-12 18:39:00,19.2
2025-06-12 19:43:00,22.0
2025-06-12 12:27:00,30.9
2025-06-12 08:56:00,94.3
2025-06-12 11:36:00,8.5
2025-06-12 16:51:00,49.96204002157484
2025-06-12 20:07:00,49.96204002157484
2025-06-12 03:16:00,70.3
2025-06-12 03:57:00,49.96204002157484
2025-06-12 17:54:00,34.0
2025-06-12 10:43:00,49.96204002157484
2025-06-12 00:02:00,13.0
2025-06-12 14:17:00,95.8
2025-06-12 20:22:00,27.1
2025-06-12 12:16:00,93.4
2025-06-12 19:15:00,39.2
2025-06-12 00:19:00,82.4
2025-06-12 19:21:00,67.7
2025-06-12 09:52:00,93.2
2025-06-12 09:16:00,49.96204002157484
2025-06-12 16:37:00,13.0
2025-06-12 12:33:00,67.7
2025-06-12 10:27:00,37.7
2025-06-12 08:50:00,92.0
2025-06-12 18:35:00,26.0
2025-06-12 23:56:00,0.4
2025-06-12 06:02:00,47.9
2025-06-12 00:17:00,19.3
2025-06-12 10:48:00,42.3
2025-06-12 10:02:00,11.7
2025-06-12 10:30:00,34.3
2025-06-12 05:57:00,31.9
2025-06-12 00:33:00,88.5
2025-06-12 21:28:00,23.8
2025-06-12 14:55:00,54.1
2025-06-12 02:24:00,20.8
2025-06-12 03:09:00,5.9
2025-06-12 00:43:00,49.96204002157484
2025-06-12 22:53:00,52.2
2025-06-12 02:45:00,49.96204002157484
2025-06-12 09:34:00,27.7
2025-06-12 17:44:00,3.5
2025-06-12 22:50:00,65.8
2025-06-12 11:01:00,13.2
2025-06-12 20:28:00,49.96204002157484
2025-06-12 16:50:00,74.3
2025-06-12 13:12:00,49.96204002157484
2025-06-12 06:08:00,19.0
2025-06-12 05:23:00,60.1
2025-06-12 06:41:00,48.0
2025-06-12 15:00:00,57.7
2025-06-12 06:33:00,29.1
2025-06-12 22:37:00,28.9
2025-06-12 03:35:00,88.8
2025-06-12 05:30:00,13.0
2025-06-12 22:58:00,17.8
2025-06-12 09:50:00,84.6
2025-06-12 16:15:00,8.8
2025-06-12 07:49:00,8.2
2025-06-12 08:09:00,1.0
2025-06-12 05:50:00,80.5
2025-06-12 23:46:00,21.1
2025-06-12 18:16:00,40.9
2025-06-12 01:53:00,49.96204002157484
2025-06-12 00:54:00,57.8
2025-06-12 19:46:00,58.2
2025-06-12 14:46:00,59.4
2025-06-12 18:24:00,52.4
2025-06-12 10:26:00,49.96204002157484
2025-06-12 19:00:00,21.4
2025-06-12 09:27:00,73.3
2025-06-12 15:48:00,53.7
2025-06-12 09:00:00,49.96204002157484
2025-06-12 18:34:00,49.96204002157484
2025-06-12 15:46:00,9.4
2025-06-12 10:54:00,23.0
2025-06-12 20:53:00,88.3
2025-06-12 03:03:00,34.6
2025-06-12 13:20:00,90.1
2025-06-12 00:09:00,27.8
2025-06-12 19:12:00,49.96204002157484
2025-06-12 02:02:00,71.3
2025-06-12 02:11:00,78.3
2025-06-12 22:22:00,78.3
2025-06-12 10:39:00,11.5
2025-06-12 21:48:00,88.7
2025-06-12 09:11:00,79.0
2025-06-12 00:42:00,65.9
2025-06-12 20:42:00,10.1
2025-06-12 02:20:00,12.4
2025-06-12 09:45:00,37.0
2025-06-12 07:03:00,39.6
2025-06-12 02:08:00,1.5
2025-06-12 21:13:00,59.8
2025-06-12 22:57:00,76.8
2025-06-12 03:12:00,67.4
2025-06-12 15:40:00,16.3
2025-06-12 01:29:00,46.1
2025-06-12 01:24:00,49.96204002157484
2025-06-12 21:05:00,82.5
2025-06-12 08:27:00,44.2
2025-06-12 22:04:00,68.4
2025-06-12 05:59:00,39.6
2025-06-12 18:21:00,49.96204002157484
2025-06-12 04:08:00,50.0
2025-06-12 05:32:00,57.7
2025-06-12 10:53:00,2.2
2025-06-12 07:42:00,93.5
2025-06-12 04:10:00,80.3
2025-06-12 22:48:00,58.5
2025-06-12 16:42:00,49.96204002157484
2025-06-12 00:45:00,14.2
2025-06-12 14:08:00,33.9
2025-06-12 01:51:00,5.5
2025-06-12 07:24:00,98.2
2025-06-12 23:49:00,49.96204002157484
2025-06-12 02:59:00,55.2
2025-06-12 10:49:00,84.4
2025-06-12 20:03:00,80.0
2025-06-12 09:24:00,85.3
2025-06-12 00:04:00,4.7
2025-06-12 03:37:00,7.8
2025-06-12 06:59:00,60.2
2025-06-12 14:09:00,14.3
2025-06-12 14:26:00,26.1
2025-06-12 12:20:00,3.9
2025-06-12 18:40:00,74.9
2025-06-12 15:43:00,39.4
2025-06-12 03:14:00,95.8
2025-06-12 20:25:00,55.5
2025-06-12 14:12:00,8.3
2025-06-12 21:57:00,65.3
2025-06-12 00:15:00,16.2
2025-06-12 01:55:00,78.2
2025-06-12 12:30:00,21.5
2025-06-12 05:33:00,51.5
2025-06-12 22:19:00,96.5
2025-06-12 04:28:00,30.3
2025-06-12 07:32:00,81.5
2025-06-12 09:48:00,61.2
2025-06-12 19:23:00,25.5
2025-06-12 14:25:00,17.4
2025-06-12 20:40:00,69.9
2025-06-12 01:49:00,91.9
2025-06-12 05:11:00,11.9
2025-06-12 09:43:00,19.9
2025-06-12 11:44:00,54.0
2025-06-12 11:08:00,53.7
2025-06-12 00:27:00,60.5
2025-06-12 14:33:00,96.9
2025-06-12 02:12:00,49.96204002157484
2025-06-12 20:12:00,44.1
2025-06-12 02:05:00,49.96204002157484
2025-06-12 01:35:00,87.9
2025-06-12 15:20:00,79.0
2025-06-12 23:07:00,49.96204002157484
2025-06-12 02:37:00,93.7
2025-06-12 13:08:00,41.3
2025-06-12 14:32:00,49.96204002157484
2025-06-12 12:38:00,49.96204002157484
2025-06-12 22:51:00,43.8
2025-06-12 10:14:00,59.6
2025-06-12 00:11:00,47.0
2025-06-12 22:11:00,12.9
2025-06-12 00:53:00,49.96204002157484
2025-06-12 13:43:00,16.7
2025-06-12 11:48:00,49.96204002157484
2025-06-12 22:23:00,19.4
2025-06-12 14:00:00,43.9
2025-06-12 16:14:00,74.5
2025-06-12 23:17:00,46.8
2025-06-12 11:58:00,30.4
2025-06-12 08:19:00,57.0
2025-06-12 23:50:00,70.2
2025-06-12 11:35:00,55.2
2025-06-12 10:38:00,69.7
2025-06-12 05:01:00,77.3
2025-06-12 05:37:00,77.4
2025-06-12 21:35:00,85.2
2025-06-12 19:42:00,49.96204002157484
2025-06-12 21:40:00,75.3
2025-06-12 15:45:00,49.96204002157484
2025-06-12 07:45:00,44.0
2025-06-12 16:23:00,47.7
2025-06-12 11:05:00,12.9
2025-06-12 07:59:00,4.7
2025-06-12 15:57:00,70.6
2025-06-12 14:44:00,38.1
2025-06-12 12:25:00,49.96204002157484
2025-06-12 07:33:00,41.9
2025-06-12 19:55:00,2.1
2025-06-12 05:20:00,53.4
2025-06-12 02:33:00,49.96204002157484
2025-06-12 22:45:00,82.0
2025-06-12 13:03:00,97.3
2025-06-12 12:13:00,23.1
2025-06-12 17:32:00,3.8
2025-06-12 15:50:00,36.3
2025-06-12 11:43:00,22.4
2025-06-12 17:58:00,97.1
2025-06-12 10:42:00,73.8
2025-06-12 07:12:00,44.6
2025-06-12 00:00:00,3.0
2025-06-12 09:15:00,66.8
2025-06-12 09:38:00,46.5
2025-06-12 20:17:00,0.1
2025-06-12 01:03:00,96.9
2025-06-12 15:10:00,95.1
2025-06-12 23:54:00,19.3
2025-06-12 09:10:00,82.0
2025-06-12 05:43:00,18.3
2025-06-12 08:22:00,49.96204002157484
2025-06-12 20:39:00,35.7
2025-06-12 07:43:00,4.5
2025-06-12 00:23:00,72.7
2025-06-12 07:28:00,80.3
2025-06-12 04:51:00,41.8
2025-06-12 00:52:00,23.0
2025-06-12 04:46:00,49.96204002157484
2025-06-12 08:54:00,29.6
2025-06-12 15:04:00,18.7
2025-06-12 05:03:00,84.5
2025-06-12 04:54:00,49.96204002157484
2025-06-12 03:22:00,46.1
2025-06-12 19:08:00,56.7
2025-06-12 19:38:00,49.96204002157484
2025-06-12 02:47:00,65.1
2025-06-12 21:16:00,75.7
2025-06-12 10:22:00,42.8
2025-06-12 18:55:00,49.96204002157484
2025-06-12 11:47:00,89.0
2025-06-12 23:01:00,16.7
2025-06-12 15:30:00,19.3
2025-06-12 17:35:00,14.0
2025-06-12 19:32:00,54.9
2025-06-12 14:39:00,63.3
2025-06-12 17:01:00,7.2
2025-06-12 09:30:00,1.4
2025-06-12 16:29:00,19.9
2025-06-12 13:16:00,12.4
2025-06-12 19:26:00,0.4
2025-06-12 21:22:00,59.5
2025-06-12 10:16:00,28.2
2025-06-12 18:53:00,39.6
2025-06-12 23:23:00,21.0
2025-06-12 20:45:00,38.2
2025-06-12 08:29:00,3.8
2025-06-12 23:03:00,49.96204002157484
2025-06-12 04:13:00,6.9
2025-06-12 05:31:00,59.7
2025-06-12 22:38:00,51.5
2025-06-12 16:03:00,49.96204002157484
2025-06-12 08:12:00,78.7
2025-06-12 13:24:00,90.8
2025-06-12 03:40:00,74.4
2025-06-12 21:07:00,14.2
2025-06-12 17:37:00,86.8
2025-06-12 21:23:00,14.1
2025-06-12 13:45:00,86.5
2025-06-12 09:55:00,42.8
2025-06-12 17:14:00,12.1
2025-06-12 01:10:00,79.1
2025-06-12 12:47:00,10.2
2025-06-12 06:09:00,83.9
2025-06-12 13:48:00,93.4
2025-06-12 02:23:00,64.0
2025-06-12 00:21:00,56.4
2025-06-12 18:58:00,33.0
2025-06-12 21:14:00,92.4
2025-06-12 22:26:00,93.0
2025-06-12 17:25:00,49.96204002157484
2025-06-12 15:36:00,71.3
2025-06-12 01:33:00,17.8
2025-06-12 23:10:00,34.4
2025-06-12 14:40:00,96.7
2025-06-12 00:48:00,12.3
2025-06-12 16:19:00,94.5
2025-06-12 17:17:00,70.0
2025-06-12 17:51:00,19.1
2025-06-12 18:56:00,83.9
2025-06-12 08:28:00,22.6
2025-06-12 04:20:00,88.2
2025-06-12 19:17:00,98.4
2025-06-12 15:41:00,98.4
2025-06-12 08:58:00,49.96204002157484
2025-06-12 18:27:00,83.8
2025-06-12 14:36:00,49.96204002157484
2025-06-12 10:09:00,93.7
2025-06-12 12:02:00,49.96204002157484
2025-06-12 22:17:00,58.7
2025-06-12 14:47:00,96.2
2025-06-12 22:33:00,17.1
2025-06-12 17:45:00,36.5
2025-06-12 20:26:00,16.7
2025-06-12 07:39:00,53.4
2025-06-12 19:29:00,91.1
2025-06-12 20:29:00,32.7
2025-06-12 18:08:00,28.1
2025-06-12 06:54:00,97.6
2025-06-12 07:36:00,97.8
2025-06-12 05:55:00,98.7
2025-06-12 04:33:00,96.3
2025-06-12 12:45:00,49.96204002157484
2025-06-12 03:24:00,37.2
2025-06-12 17:38:00,85.4
2025-06-12 07:23:00,50.1
2025-06-12 15:25:00,52.2
2025-06-12 01:52:00,90.6
2025-06-12 16:59:00,96.5
2025-06-12 00:35:00,72.5
2025-06-12 04:02:00,49.96204002157484
2025-06-12 15:39:00,4.6
2025-06-12 06:40:00,69.9
2025-06-12 18:54:00,49.9
2025-06-12 21:45:00,21.3
2025-06-12 17:55:00,30.8
2025-06-12 01:45:00,50.9
2025-06-12 23:47:00,71.3
2025-06-12 14:10:00,26.7
2025-06-12 19:59:00,49.96204002157484
2025-06-12 16:57:00,27.8
2025-06-12 16:47:00,49.96204002157484
2025-06-12 22:28:00,76.4
2025-06-12 15:38:00,81.4
2025-06-12 06:46:00,38.5
2025-06-12 19:22:00,39.9
2025-06-12 02:42:00,69.4
2025-06-12 13:06:00,85.8
2025-06-12 21:21:00,87.4
2025-06-12 11:32:00,20.9
2025-06-12 00:46:00,96.1
2025-06-12 12:28:00,86.4
2025-06-12 01:56:00,80.7
2025-06-12 10:17:00,44.9
2025-06-12 13:23:00,47.7
2025-06-12 09:47:00,99.5
2025-06-12 17:40:00,53.3
2025-06-12 22:52:00,23.8
2025-06-12 09:19:00,85.4
2025-06-12 11:04:00,25.1
2025-06-12 13:11:00,21.3
2025-06-12 15:55:00,9.7
2025-06-12 06:05:00,17.8
2025-06-12 22:49:00,88.2
2025-06-12 15:18:00,89.8
2025-06-12 09:28:00,7.0
2025-06-12 18:19:00,5.5
2025-06-12 07:02:00,45.3
2025-06-12 17:19:00,49.96204002157484
2025-06-12 08:45:00,31.2
2025-06-12 20:34:00,94.3
2025-06-12 20:20:00,18.6
2025-06-12 08:24:00,17.5
2025-06-12 19:10:00,76.5
2025-06-12 11:56:00,98.8
2025-06-12 08:00:00,49.86672560113154
2025-06-12 08:51:00,37.7
2025-06-12 01:31:00,11.9
2025-06-12 16:07:00,9.5
2025-06-12 17:33:00,95.0
2025-06-12 23:37:00,25.5
2025-06-12 17:46:00,6.6
2025-06-12 22:54:00,69.0
2025-06-12 19:03:00,35.5
2025-06-12 23:39:00,97.0
2025-06-12 00:31:00,49.86672560113154
2025-06-12 00:30:00,57.9
2025-06-12 05:21:00,37.0
2025-06-12 06:25:00,99.7
2025-06-12 23:59:00,83.1
2025-06-12 11:39:00,49.86672560113154
2025-06-12 07:56:00,17.2
2025-06-12 20:19:00,61.5
2025-06-12 16:58:00,11.5
2025-06-12 14:52:00,69.8
2025-06-12 01:23:00,49.86672560113154
2025-06-12 09:51:00,35.6
2025-06-12 13:31:00,49.86672560113154
2025-06-12 17:13:00,79.3
2025-06-12 08:07:00,90.2
2025-06-12 04:21:00,26.4
2025-06-12 07:18:00,22.6
2025-06-12 16:35:00,95.3
2025-06-12 01:46:00,97.3
2025-06-12 12:51:00,49.86672560113154
2025-06-12 23:12:00,49.86672560113154
2025-06-12 07:11:00,2.8
2025-06-12 08:59:00,53.6
2025-06-12 19:07:00,26.9
2025-06-12 07:22:00,35.7
2025-06-12 02:15:00,60.1
2025-06-12 04:52:00,17.3
2025-06-12 14:16:00,49.86672560113154
2025-06-12 08:57:00,71.5
2025-06-12 06:27:00,15.4
2025-06-12 18:23:00,82.0
2025-06-12 05:05:00,7.0
2025-06-12 22:44:00,31.4
2025-06-12 17:05:00,61.5
2025-06-12 23:26:00,90.5
2025-06-12 13:01:00,88.8
2025-06-12 12:07:00,77.9
2025-06-12 09:23:00,49.86672560113154
2025-06-12 22:35:00,95.9
2025-06-12 18:36:00,49.86672560113154
2025-06-12 16:44:00,67.3
2025-06-12 18:17:00,49.86672560113154
2025-06-12 14:35:00,3.5
2025-06-12 04:45:00,45.8
2025-06-12 01:58:00,56.5
2025-06-12 06:48:00,49.86672560113154
2025-06-12 20:59:00,15.5
2025-06-12 03:28:00,84.7
2025-06-12 20:02:00,49.86672560113154
2025-06-12 12:32:00,53.5
2025-06-12 11:28:00,49.86672560113154
2025-06-12 00:26:00,62.3
2025-06-12 01:26:00,9.8
2025-06-12 19:41:00,21.2
2025-06-12 22:00:00,82.2
2025-06-12 20:23:00,49.86672560113154
2025-06-12 21:46:00,49.86672560113154
2025-06-12 05:12:00,49.86672560113154
2025-06-12 04:44:00,63.0
2025-06-12 05:36:00,41.6
2025-06-12 11:03:00,33.2
2025-06-12 17:29:00,97.7
2025-06-12 07:00:00,49.86672560113154
2025-06-12 12:52:00,47.5
2025-06-12 20:16:00,41.8
2025-06-12 06:10:00,54.7
2025-06-12 02:13:00,49.86672560113154
2025-06-12 17:31:00,13.1
2025-06-12 21:37:00,10.9
2025-06-12 16:32:00,46.1
2025-06-12 06:16:00,68.8
2025-06-12 04:50:00,34.6
2025-06-12 22:13:00,86.4
2025-06-12 02:36:00,70.3
2025-06-12 13:41:00,8.7
2025-06-12 19:54:00,63.5
2025-06-12 08:06:00,57.9
2025-06-12 04:35:00,15.7
2025-06-12 15:06:00,49.86672560113154
2025-06-12 17:07:00,13.3
2025-06-12 17:20:00,49.86672560113154
2025-06-12 09:49:00,2.7
2025-06-12 05:08:00,58.3
2025-06-12 18:26:00,11.8
2025-06-12 19:11:00,49.86672560113154
2025-06-12 08:46:00,97.1
2025-06-12 23:11:00,49.86672560113154
2025-06-12 16:16:00,38.5
2025-06-12 18:09:00,50.6
2025-06-12 09:41:00,37.3
2025-06-12 10:28:00,49.86672560113154
2025-06-12 21:19:00,9.3
2025-06-12 15:42:00,2.9
2025-06-12 04:18:00,4.4
2025-06-12 23:41:00,17.2
2025-06-12 00:32:00,36.8
2025-06-12 11:14:00,6.7
2025-06-12 16:01:00,57.0
2025-06-12 08:43:00,10.5
2025-06-12 01:04:00,0.9
2025-06-12 13:09:00,12.4
2025-06-12 00:51:00,14.9
2025-06-12 03:01:00,61.2
2025-06-12 13:26:00,52.0
2025-06-12 19:04:00,15.3
2025-06-12 18:46:00,45.0
2025-06-12 05:13:00,51.4
2025-06-12 23:58:00,50.8
2025-06-12 17:57:00,77.4
2025-06-12 07:30:00,49.86672560113154
2025-06-12 20:18:00,49.86672560113154
2025-06-12 16:09:00,14.2
2025-06-12 13:15:00,81.5
2025-06-12 11:06:00,77.6
2025-06-12 22:25:00,88.5
2025-06-12 11:13:00,47.7
2025-06-12 18:11:00,18.0
2025-06-12 23:22:00,88.3
2025-06-12 00:18:00,98.4
2025-06-12 12:44:00,83.8
2025-06-12 10:13:00,20.3
2025-06-12 17:06:00,25.0
2025-06-12 21:29:00,40.4
2025-06-12 04:05:00,3.9
2025-06-12 21:15:00,81.5
2025-06-12 07:21:00,61.3
2025-06-12 19:51:00,49.86672560113154
2025-06-12 11:42:00,98.6
2025-06-12 02:38:00,57.8
2025-06-12 18:45:00,18.7
2025-06-12 03:56:00,49.4
2025-06-12 23:25:00,99.4
2025-06-12 03:44:00,28.4
2025-06-12 02:52:00,7.1
2025-06-12 05:38:00,82.4
2025-06-12 08:35:00,31.8
2025-06-12 01:14:00,49.86672560113154
2025-06-12 20:10:00,94.0
2025-06-12 04:17:00,19.5
2025-06-12 11:51:00,85.1
2025-06-12 07:27:00,11.6
2025-06-12 13:53:00,24.4
2025-06-12 17:00:00,11.2
2025-06-12 18:12:00,16.8
2025-06-12 01:57:00,75.0
2025-06-12 15:15:00,42.0
2025-06-12 04:19:00,65.1
2025-06-12 10:41:00,70.2
2025-06-12 18:50:00,11.6
2025-06-12 11:09:00,72.9
2025-06-12 21:56:00,57.3
2025-06-12 15:33:00,91.5
2025-06-12 01:54:00,97.5
2025-06-12 13:56:00,31.3
2025-06-12 05:00:00,43.4
2025-06-12 08:32:00,89.6
2025-06-12 08:01:00,65.5
2025-06-12 00:22:00,49.86672560113154
2025-06-12 23:53:00,97.9
2025-06-12 20:38:00,18.7
2025-06-12 16:25:00,99.0
2025-06-12 01:00:00,49.86672560113154
2025-06-12 14:20:00,47.1
2025-06-12 16:55:00,59.4
2025-06-12 01:28:00,92.3
2025-06-12 11:34:00,63.5
2025-06-12 07:26:00,92.9
2025-06-12 18:49:00,49.86672560113154
2025-06-12 12:53:00,53.9
2025-06-12 15:58:00,77.5
2025-06-12 05:06:00,56.3
2025-06-12 14:19:00,25.4
2025-06-12 16:49:00,30.7
2025-06-12 08:44:00,85.5
2025-06-12 22:43:00,67.9
2025-06-12 02:39:00,92.7
2025-06-12 15:11:00,61.8
2025-06-12 18:43:00,44.4
2025-06-12 12:36:00,63.7
2025-06-12 01:59:00,72.5
2025-06-12 01:39:00,25.7
2025-06-12 07:06:00,71.8
2025-06-12 12:42:00,60.3
2025-06-12 10:07:00,40.8
2025-06-12 00:55:00,49.86672560113154
2025-06-12 13:35:00,73.0
2025-06-12 04:47:00,82.1
2025-06-12 05:25:00,89.0
2025-06-12 07:16:00,22.6
2025-06-12 20:47:00,37.8
2025-06-12 21:38:00,46.9
2025-06-12 08:34:00,36.0
2025-06-12 10:10:00,77.3
2025-06-12 18:44:00,52.7
2025-06-12 05:04:00,14.4
2025-06-12 04:30:00,33.9
2025-06-12 01:44:00,49.86672560113154
2025-06-12 09:35:00,19.5
2025-06-12 12:43:00,11.3
2025-06-12 22:31:00,49.86672560113154
2025-06-12 22:14:00,8.8
2025-06-12 14:41:00,49.86672560113154
2025-06-12 10:23:00,44.6
2025-06-12 20:35:00,50.9
2025-06-12 13:27:00,64.7
2025-06-12 07:31:00,77.8
2025-06-12 05:51:00,40.2
2025-06-12 06:39:00,49.86672560113154
2025-06-12 05:02:00,98.3
2025-06-12 14:53:00,7.8
2025-06-12 01:22:00,47.3
2025-06-12 09:33:00,20.2
2025-06-12 18:22:00,14.5
2025-06-12 09:13:00,59.3
2025-06-12 05:40:00,81.5
2025-06-12 17:26:00,63.6
2025-06-12 03:26:00,0.3
2025-06-12 19:06:00,53.5
2025-06-12 04:36:00,31.7
2025-06-12 03:29:00,49.86672560113154
2025-06-12 19:02:00,49.86672560113154
2025-06-12 01:37:00,1.5
2025-06-12 01:27:00,76.6
2025-06-12 23:32:00,43.0
2025-06-12 06:14:00,18.1
2025-06-12 17:23:00,49.86672560113154
2025-06-12 01:07:00,95.1
2025-06-12 20:24:00,49.86672560113154
2025-06-12 08:36:00,57.1
2025-06-12 12:50:00,49.86672560113154
2025-06-12 14:04:00,9.1
2025-06-12 16:24:00,49.86672560113154
2025-06-12 20:00:00,43.2
2025-06-12 03:06:00,87.6
2025-06-12 11:00:00,15.6
2025-06-12 18:59:00,13.5
2025-06-12 05:49:00,91.1
2025-06-12 20:37:00,49.86672560113154
2025-06-12 20:05:00,32.6
2025-06-12 19:49:00,18.1
2025-06-12 10:15:00,92.4
2025-06-12 14:54:00,13.4
2025-06-12 04:09:00,6.6
2025-06-12 09:08:00,15.0
2025-06-12 13:28:00,76.6
2025-06-12 14:13:00,29.5
2025-06-12 23:45:00,91.1
2025-06-12 05:53:00,52.1
2025-06-12 01:25:00,9.2
2025-06-12 06:04:00,41.6
2025-06-12 06:21:00,81.0
2025-06-12 17:24:00,62.4
2025-06-12 10:29:00,49.2
2025-06-12 06:29:00,76.6
2025-06-12 16:04:00,37.1
2025-06-12 16:02:00,92.0
2025-06-12 08:17:00,73.9
2025-06-12 01:05:00,64.8
2025-06-12 10:01:00,64.4
2025-06-12 06:01:00,49.86672560113154
2025-06-12 00:34:00,11.1
2025-06-12 11:16:00,49.86672560113154
2025-06-12 05:27:00,69.7
2025-06-12 18:31:00,11.2
2025-06-12 07:54:00,37.4
2025-06-12 00:59:00,40.5
2025-06-12 09:14:00,25.8
2025-06-12 21:04:00,49.86672560113154
2025-06-12 15:21:00,57.2
2025-06-12 13:02:00,11.6
2025-06-12 11:55:00,70.1
2025-06-12 18:29:00,18.1
2025-06-12 04:31:00,9.2
2025-06-12 03:47:00,28.5
2025-06-12 07:44:00,49.86672560113154
2025-06-12 23:55:00,42.6
2025-06-12 07:57:00,49.86672560113154
2025-06-12 00:07:00,31.2
2025-06-12 23:08:00,11.8
2025-06-12 10:33:00,71.4
2025-06-12 18:03:00,21.2
2025-06-12 21:30:00,56.1
2025-06-12 05:34:00,49.86672560113154
2025-06-12 12:37:00,49.86672560113154
2025-06-12 03:48:00,2.0
2025-06-12 23:51:00,42.9
2025-06-12 17:48:00,2.7
2025-06-12 08:15:00,66.1
2025-06-12 06:52:00,60.6
2025-06-12 19:37:00,21.0
2025-06-12 16:26:00,31.3
2025-06-12 00:37:00,41.3
2025-06-12 19:31:00,65.1
2025-06-12 12:48:00,50.613932505273034
2025-06-12 07:08:00,0.8
2025-06-12 10:33:00,92.6
2025-06-12 18:20:00,97.6
2025-06-12 03:01:00,41.4
2025-06-12 19:01:00,66.2
2025-06-12 04:56:00,93.5
2025-06-12 11:53:00,85.9
2025-06-12 13:54:00,32.2
2025-06-12 01:54:00,75.3
2025-06-12 05:52:00,57.2
2025-06-12 06:56:00,88.1
2025-06-12 22:06:00,5.1
2025-06-12 06:38:00,82.3
2025-06-12 13:28:00,5.5
2025-06-12 20:35:00,89.3
2025-06-12 13:51:00,50.613932505273034
2025-06-12 11:21:00,68.4
2025-06-12 22:16:00,50.613932505273034
2025-06-12 01:12:00,16.2
2025-06-12 17:04:00,41.4
2025-06-12 01:13:00,3.4
2025-06-12 21:15:00,50.613932505273034
2025-06-12 14:23:00,47.7
2025-06-12 13:50:00,4.6
2025-06-12 06:57:00,1.3
2025-06-12 17:12:00,68.7
2025-06-12 06:12:00,50.613932505273034
2025-06-12 11:13:00,89.9
2025-06-12 16:45:00,96.9
2025-06-12 21:44:00,69.5
2025-06-12 18:00:00,96.7
2025-06-12 12:36:00,50.613932505273034
2025-06-12 19:27:00,39.2
2025-06-12 02:04:00,0.4
2025-06-12 05:41:00,39.0
2025-06-12 13:22:00,13.2
2025-06-12 08:44:00,44.2
2025-06-12 03:28:00,18.5
2025-06-12 00:34:00,27.2
2025-06-12 15:52:00,61.5
2025-06-12 15:05:00,59.4
2025-06-12 02:55:00,17.6
2025-06-12 03:38:00,14.7
2025-06-12 09:26:00,49.1
2025-06-12 11:14:00,36.7
2025-06-12 05:56:00,62.3
2025-06-12 17:05:00,54.6
2025-06-12 13:00:00,19.7
2025-06-12 17:50:00,91.7
2025-06-12 10:55:00,18.8
2025-06-12 09:21:00,87.1
2025-06-12 23:26:00,39.0
2025-06-12 13:35:00,43.8
2025-06-12 11:45:00,0.4
2025-06-12 04:45:00,50.613932505273034
2025-06-12 13:42:00,50.613932505273034
2025-06-12 01:57:00,99.6
2025-06-12 21:09:00,59.7
2025-06-12 14:27:00,32.2
2025-06-12 14:49:00,50.613932505273034
2025-06-12 14:04:00,94.6
2025-06-12 07:10:00,52.1
2025-06-12 00:32:00,77.0
2025-06-12 07:16:00,70.5
2025-06-12 02:43:00,2.8
2025-06-12 13:56:00,47.0
2025-06-12 15:54:00,75.4
2025-06-12 23:53:00,76.7
2025-06-12 11:52:00,47.3
2025-06-12 07:20:00,94.2
2025-06-12 14:19:00,14.8
2025-06-12 09:09:00,7.2
2025-06-12 09:41:00,6.0
2025-06-12 15:23:00,68.7
2025-06-12 14:29:00,7.4
2025-06-12 13:32:00,4.1
2025-06-12 12:32:00,27.2
2025-06-12 15:59:00,82.8
2025-06-12 06:34:00,68.3
2025-06-12 17:02:00,39.6
2025-06-12 18:22:00,10.6
2025-06-12 11:42:00,56.4
2025-06-12 01:02:00,59.7
2025-06-12 15:51:00,50.613932505273034
2025-06-12 06:24:00,5.6
2025-06-12 06:01:00,42.1
2025-06-12 21:01:00,17.8
2025-06-12 02:10:00,60.8
2025-06-12 14:38:00,50.613932505273034
2025-06-12 03:33:00,88.0
2025-06-12 17:20:00,67.5
2025-06-12 22:02:00,28.9
2025-06-12 18:23:00,95.7
2025-06-12 06:49:00,32.0
2025-06-12 06:11:00,50.613932505273034
2025-06-12 03:21:00,13.6
2025-06-12 00:58:00,26.8
2025-06-12 14:42:00,24.5
2025-06-12 12:18:00,31.8
2025-06-12 18:33:00,13.9
2025-06-12 11:15:00,35.8
2025-06-12 16:39:00,64.2
2025-06-12 03:34:00,44.5
2025-06-12 14:20:00,9.4
2025-06-12 05:39:00,46.4
2025-06-12 05:54:00,93.7
2025-06-12 08:16:00,44.6
2025-06-12 08:30:00,85.4
2025-06-12 00:12:00,50.613932505273034
2025-06-12 10:13:00,89.9
2025-06-12 07:31:00,52.8
2025-06-12 04:34:00,15.0
2025-06-12 09:37:00,38.6
2025-06-12 18:07:00,45.7
2025-06-12 20:57:00,81.9
2025-06-12 09:17:00,39.9
2025-06-12 08:10:00,2.6
2025-06-12 21:18:00,72.6
2025-06-12 18:42:00,64.1
2025-06-12 01:00:00,78.3
2025-06-12 03:48:00,33.6
2025-06-12 13:02:00,36.9
2025-06-12 12:00:00,51.7
2025-06-12 11:31:00,18.5
2025-06-12 23:15:00,42.6
2025-06-12 18:28:00,25.8
2025-06-12 20:19:00,50.613932505273034
2025-06-12 13:07:00,94.4
2025-06-12 04:41:00,97.3
2025-06-12 09:18:00,91.0
2025-06-12 19:33:00,50.613932505273034
2025-06-12 05:19:00,31.0
2025-06-12 00:01:00,2.0
2025-06-12 05:47:00,42.2
2025-06-12 14:41:00,10.8
2025-06-12 19:16:00,50.613932505273034
2025-06-12 23:42:00,35.5
2025-06-12 06:10:00,28.1
2025-06-12 15:32:00,50.613932505273034
2025-06-12 03:07:00,20.7
2025-06-12 22:32:00,34.5
2025-06-12 08:03:00,50.613932505273034
2025-06-12 10:35:00,25.8
2025-06-12 18:25:00,50.613932505273034
2025-06-12 15:34:00,50.613932505273034
2025-06-12 05:18:00,50.613932505273034
2025-06-12 20:37:00,85.0
2025-06-12 12:11:00,50.613932505273034
2025-06-12 18:43:00,50.613932505273034
2025-06-12 19:36:00,50.613932505273034
2025-06-12 02:01:00,18.8
2025-06-12 13:44:00,50.613932505273034
2025-06-12 22:35:00,42.0
2025-06-12 12:08:00,54.9
2025-06-12 22:10:00,57.3
2025-06-12 12:54:00,54.7
2025-06-12 05:25:00,80.7
2025-06-12 15:08:00,75.3
2025-06-12 15:49:00,53.9
2025-06-12 09:07:00,99.8
2025-06-12 19:54:00,47.4
2025-06-12 04:16:00,39.6
2025-06-12 01:42:00,74.0
2025-06-12 06:28:00,89.8
2025-06-12 22:15:00,5.3
2025-06-12 13:33:00,83.8
2025-06-12 22:24:00,50.9
2025-06-12 23:41:00,41.7
2025-06-12 11:06:00,28.0
2025-06-12 04:39:00,50.613932505273034
2025-06-12 22:12:00,52.7
2025-06-12 06:42:00,23.9
2025-06-12 01:15:00,96.6
2025-06-12 19:18:00,24.7
2025-06-12 00:05:00,87.8
2025-06-12 16:05:00,32.3
2025-06-12 23:22:00,50.5
2025-06-12 02:40:00,81.1
2025-06-12 23:30:00,50.613932505273034
2025-06-12 19:30:00,37.2
2025-06-12 00:41:00,52.3
2025-06-12 01:22:00,4.1
2025-06-12 20:48:00,50.613932505273034
2025-06-12 06:58:00,44.1
2025-06-12 08:51:00,5.4
2025-06-12 10:20:00,50.613932505273034
2025-06-12 04:01:00,72.4
2025-06-12 05:22:00,4.7
2025-06-12 06:45:00,41.7
2025-06-12 14:57:00,28.7
2025-06-12 20:46:00,3.1
2025-06-12 22:31:00,50.613932505273034
2025-06-12 04:04:00,85.3
2025-06-12 04:21:00,98.9
2025-06-12 12:01:00,50.613932505273034
2025-06-12 20:54:00,68.8
2025-06-12 16:38:00,16.6
2025-06-12 12:55:00,50.613932505273034
2025-06-12 16:17:00,42.7
2025-06-12 13:17:00,50.613932505273034
2025-06-12 17:56:00,72.9
2025-06-12 11:16:00,93.4
2025-06-12 23:48:00,64.6
2025-06-12 19:50:00,87.4
2025-06-12 14:30:00,63.2
2025-06-12 14:50:00,20.4
2025-06-12 03:31:00,56.3
2025-06-12 02:16:00,50.613932505273034
2025-06-12 19:44:00,68.7
2025-06-12 19:53:00,60.7
2025-06-12 22:34:00,89.2
2025-06-12 11:29:00,50.613932505273034
2025-06-12 03:54:00,1.3
2025-06-12 17:08:00,19.9
2025-06-12 00:06:00,44.6
2025-06-12 09:31:00,83.1
2025-06-12 23:02:00,85.8
2025-06-12 22:01:00,89.4
2025-06-12 17:03:00,82.5
2025-06-12 00:57:00,23.1
2025-06-12 01:48:00,99.7
2025-06-12 08:06:00,10.6
2025-06-12 07:46:00,13.3
2025-06-12 00:47:00,19.7
2025-06-12 02:29:00,58.7
2025-06-12 08:20:00,50.613932505273034
2025-06-12 01:16:00,50.613932505273034
2025-06-12 21:02:00,93.5
2025-06-12 22:07:00,50.613932505273034
2025-06-12 18:04:00,99.1
2025-06-12 23:06:00,64.3
2025-06-12 02:32:00,24.6
2025-06-12 14:37:00,41.2
2025-06-12 09:53:00,78.6
2025-06-12 04:48:00,68.3
2025-06-12 04:07:00,36.7
2025-06-12 16:41:00,70.1
2025-06-12 19:24:00,34.0
2025-06-12 20:05:00,80.9
2025-06-12 12:39:00,47.8
2025-06-12 01:14:00,95.0
2025-06-12 05:38:00,37.4
2025-06-12 20:01:00,50.613932505273034
2025-06-12 11:54:00,25.0
2025-06-12 21:34:00,59.7
2025-06-12 16:58:00,9.8
2025-06-12 09:03:00,98.9
2025-06-12 07:30:00,50.613932505273034
2025-06-12 12:42:00,58.7
2025-06-12 16:54:00,66.9
2025-06-12 08:18:00,88.1
2025-06-12 03:05:00,11.9
2025-06-12 00:38:00,19.2
2025-06-12 05:24:00,94.3
2025-06-12 21:51:00,8.0
2025-06-12 23:13:00,59.0
2025-06-12 00:30:00,50.613932505273034
2025-06-12 22:00:00,34.2
2025-06-12 02:54:00,59.3
2025-06-12 21:04:00,4.1
2025-06-12 10:47:00,83.0
2025-06-12 21:52:00,63.2
2025-06-12 09:12:00,52.0
2025-06-12 03:45:00,44.6
2025-06-12 04:14:00,79.6
2025-06-12 18:29:00,12.0
2025-06-12 09:40:00,89.9
2025-06-12 07:09:00,28.2
2025-06-12 20:47:00,61.2
2025-06-12 02:22:00,45.8
2025-06-12 03:04:00,87.1
2025-06-12 15:02:00,53.6
2025-06-12 10:32:00,29.5
2025-06-12 01:32:00,73.1
2025-06-12 12:50:00,50.613932505273034
2025-06-12 15:17:00,23.2
2025-06-12 11:40:00,50.613932505273034
2025-06-12 15:56:00,71.6
2025-06-12 05:04:00,9.7
2025-06-12 07:34:00,50.3
2025-06-12 21:12:00,28.8
2025-06-12 22:47:00,50.613932505273034
2025-06-12 20:10:00,18.1
2025-06-12 17:41:00,37.3
2025-06-12 06:43:00,87.4
2025-06-12 03:51:00,36.7
2025-06-12 09:06:00,98.4
2025-06-12 16:06:00,34.4
2025-06-12 08:07:00,33.9
2025-06-12 22:03:00,30.5
2025-06-12 17:18:00,24.6
2025-06-12 20:44:00,37.0
2025-06-12 07:56:00,56.7
2025-06-12 03:43:00,39.0
2025-06-12 10:57:00,50.613932505273034
2025-06-12 13:52:00,35.1
2025-06-12 18:47:00,79.1
2025-06-12 04:25:00,90.9
2025-06-12 23:20:00,77.1
2025-06-12 01:17:00,56.9
2025-06-12 22:56:00,81.4
2025-06-12 08:39:00,88.5
2025-06-12 15:24:00,12.3
2025-06-12 18:31:00,41.3
2025-06-12 11:26:00,0.9
2025-06-12 05:07:00,5.1
2025-06-12 08:41:00,18.0
2025-06-12 10:25:00,96.3
2025-06-12 16:40:00,39.7
2025-06-12 07:10:00,35.8
2025-06-12 21:59:00,52.6
2025-06-12 16:09:00,50.17195767195767
2025-06-12 01:36:00,18.6
2025-06-12 16:31:00,13.0
2025-06-12 14:24:00,18.5
2025-06-12 15:01:00,49.0
2025-06-12 10:18:00,14.9
2025-06-12 12:15:00,45.6
2025-06-12 19:25:00,41.4
2025-06-12 04:39:00,33.3
2025-06-12 16:12:00,50.17195767195767
2025-06-12 12:05:00,2.6
2025-06-12 14:54:00,67.5
2025-06-12 16:30:00,83.6
2025-06-12 05:00:00,30.2
2025-06-12 06:15:00,23.3
2025-06-12 01:54:00,71.2
2025-06-12 05:13:00,11.2
2025-06-12 16:25:00,50.17195767195767
2025-06-12 05:42:00,76.5
2025-06-12 04:45:00,57.4
2025-06-12 17:49:00,50.4
2025-06-12 07:29:00,0.1
2025-06-12 05:44:00,6.2
2025-06-12 10:45:00,76.3
2025-06-12 09:03:00,4.3
2025-06-12 07:48:00,50.17195767195767
2025-06-12 07:51:00,86.9
2025-06-12 12:14:00,50.17195767195767
2025-06-12 13:44:00,50.17195767195767
2025-06-12 19:57:00,42.5
2025-06-12 07:19:00,50.17195767195767
2025-06-12 06:20:00,44.9
2025-06-12 14:15:00,36.2
2025-06-12 13:00:00,54.9
2025-06-12 11:54:00,59.1
2025-06-12 08:30:00,50.17195767195767
2025-06-12 00:40:00,62.7
2025-06-12 13:04:00,47.8
2025-06-12 15:33:00,50.17195767195767
2025-06-12 15:17:00,55.1
2025-06-12 13:36:00,34.4
2025-06-12 03:48:00,68.6
2025-06-12 15:53:00,62.0
2025-06-12 07:38:00,93.1
2025-06-12 01:30:00,3.3
2025-06-12 11:10:00,67.9
2025-06-12 02:49:00,50.17195767195767
2025-06-12 16:00:00,65.0
2025-06-12 06:56:00,25.7
2025-06-12 19:33:00,24.7
2025-06-12 00:26:00,49.7
2025-06-12 16:54:00,67.0
2025-06-12 18:11:00,59.1
2025-06-12 21:20:00,67.2
2025-06-12 01:31:00,31.2
2025-06-12 08:55:00,58.4
2025-06-12 14:31:00,4.2
2025-06-12 03:30:00,50.17195767195767
2025-06-12 21:51:00,50.17195767195767
2025-06-12 10:06:00,46.9
2025-06-12 01:09:00,90.9
2025-06-12 06:44:00,42.8
2025-06-12 06:35:00,63.5
2025-06-12 03:20:00,28.1
2025-06-12 06:30:00,50.17195767195767
2025-06-12 19:56:00,6.5
2025-06-12 12:12:00,81.9
2025-06-12 16:01:00,50.17195767195767
2025-06-12 04:55:00,25.7
2025-06-12 13:10:00,97.5
2025-06-12 04:50:00,29.7
2025-06-12 06:18:00,30.3
2025-06-12 19:47:00,50.17195767195767
2025-06-12 03:47:00,50.17195767195767
2025-06-12 21:42:00,40.8
2025-06-12 15:14:00,53.6
2025-06-12 01:11:00,89.1
2025-06-12 07:30:00,82.6
2025-06-12 05:26:00,28.5
2025-06-12 00:10:00,50.17195767195767
2025-06-12 22:18:00,62.9
2025-06-12 03:39:00,18.4
2025-06-12 10:56:00,19.7
2025-06-12 22:39:00,50.17195767195767
2025-06-12 15:16:00,13.7
2025-06-12 07:07:00,50.17195767195767
2025-06-12 05:17:00,96.3
2025-06-12 22:30:00,50.17195767195767
2025-06-12 20:27:00,61.1
2025-06-12 23:18:00,37.3
2025-06-12 08:11:00,62.6
2025-06-12 02:35:00,50.17195767195767
2025-06-12 17:16:00,68.8
2025-06-12 13:57:00,50.7
2025-06-12 13:01:00,63.0
2025-06-12 18:48:00,56.6
2025-06-12 13:37:00,76.4
2025-06-12 21:33:00,67.9
2025-06-12 01:16:00,77.6
2025-06-12 08:07:00,32.5
2025-06-12 23:33:00,50.17195767195767
2025-06-12 13:55:00,31.6
2025-06-12 14:21:00,57.0
2025-06-12 07:35:00,72.0
2025-06-12 07:50:00,82.1
2025-06-12 08:35:00,97.7
2025-06-12 08:26:00,50.17195767195767
2025-06-12 19:01:00,46.6
2025-06-12 14:20:00,20.6
2025-06-12 02:21:00,47.8
2025-06-12 10:36:00,21.5
2025-06-12 00:56:00,7.2
2025-06-12 10:32:00,81.4
2025-06-12 05:45:00,50.17195767195767
2025-06-12 03:32:00,90.3
2025-06-12 21:10:00,38.4
2025-06-12 10:24:00,50.17195767195767
2025-06-12 06:55:00,50.17195767195767
2025-06-12 13:39:00,34.2
2025-06-12 04:14:00,50.17195767195767
2025-06-12 00:39:00,22.3
2025-06-12 20:49:00,90.8
2025-06-12 12:42:00,5.9
2025-06-12 11:49:00,73.6
2025-06-12 04:26:00,50.17195767195767
2025-06-12 23:51:00,25.3
2025-06-12 09:31:00,30.3
2025-06-12 04:31:00,90.9
2025-06-12 07:37:00,12.4
2025-06-12 02:01:00,50.17195767195767
2025-06-12 13:07:00,86.2
2025-06-12 14:58:00,19.6
2025-06-12 01:34:00,86.1
2025-06-12 11:46:00,84.8
2025-06-12 11:24:00,50.17195767195767
2025-06-12 04:29:00,16.0
2025-06-12 03:46:00,55.9
2025-06-12 07:04:00,76.9
2025-06-12 11:02:00,25.7
2025-06-12 10:03:00,50.17195767195767
2025-06-12 13:49:00,50.17195767195767
2025-06-12 06:16:00,48.7
2025-06-12 17:18:00,8.9
2025-06-12 11:11:00,77.7
2025-06-12 16:08:00,8.0
2025-06-12 03:55:00,50.17195767195767
2025-06-12 02:07:00,17.9
2025-06-12 20:00:00,86.9
2025-06-12 04:19:00,76.3
2025-06-12 01:50:00,46.1
2025-06-12 03:27:00,82.5
2025-06-12 02:57:00,45.5
2025-06-12 03:08:00,69.8
2025-06-12 04:40:00,35.7
2025-06-12 19:14:00,60.5
2025-06-12 11:15:00,50.17195767195767
2025-06-12 09:36:00,50.17195767195767
2025-06-12 03:25:00,6.3
2025-06-12 16:52:00,50.17195767195767
2025-06-12 16:36:00,10.7
2025-06-12 04:01:00,74.3
2025-06-12 04:47:00,32.2
2025-06-12 14:52:00,50.17195767195767
2025-06-12 08:47:00,76.1
2025-06-12 00:29:00,43.6
2025-06-12 12:06:00,89.1
2025-06-12 16:28:00,40.4
2025-06-12 04:04:00,21.6
2025-06-12 15:58:00,62.1
2025-06-12 02:14:00,50.17195767195767
2025-06-12 23:00:00,91.2
2025-06-12 18:28:00,24.9
2025-06-12 21:15:00,48.6
2025-06-12 05:29:00,49.7
2025-06-12 17:50:00,77.7
2025-06-12 07:41:00,29.2
2025-06-12 12:49:00,92.9
2025-06-12 11:42:00,56.8
2025-06-12 16:06:00,9.6
2025-06-12 14:23:00,50.17195767195767
2025-06-12 21:50:00,12.3
2025-06-12 06:52:00,87.1
2025-06-12 11:34:00,25.9
2025-06-12 10:04:00,54.0
2025-06-12 07:25:00,21.5
2025-06-12 03:49:00,57.0
2025-06-12 02:15:00,50.17195767195767
2025-06-12 23:59:00,46.0
2025-06-12 18:51:00,80.3
2025-06-12 19:53:00,31.4
2025-06-12 06:47:00,62.5
2025-06-12 18:04:00,42.0
2025-06-12 10:58:00,81.9
2025-06-12 13:46:00,3.1
2025-06-12 23:34:00,62.7
2025-06-12 21:43:00,50.17195767195767
2025-06-12 16:21:00,90.6
2025-06-12 01:32:00,67.4
2025-06-12 19:37:00,34.3
2025-06-12 18:41:00,83.4
2025-06-12 16:04:00,48.4
2025-06-12 02:58:00,67.9
2025-06-12 07:13:00,15.9
2025-06-12 21:11:00,11.5
2025-06-12 09:09:00,52.4
2025-06-12 03:21:00,56.3
2025-06-12 17:30:00,15.3
2025-06-12 09:29:00,19.3
2025-06-12 04:32:00,50.17195767195767
2025-06-12 11:18:00,73.5
2025-06-12 15:26:00,86.2
2025-06-12 12:55:00,44.7
2025-06-12 05:14:00,42.0
2025-06-12 10:01:00,68.2
2025-06-12 14:56:00,32.6
2025-06-12 06:53:00,31.4
2025-06-12 17:21:00,69.8
2025-06-12 06:12:00,12.1
2025-06-12 21:52:00,60.3
2025-06-12 12:32:00,77.0
2025-06-12 03:02:00,50.17195767195767
2025-06-12 18:50:00,18.3
2025-06-12 19:41:00,68.8
2025-06-12 09:39:00,71.1
2025-06-12 04:27:00,30.5
2025-06-12 09:40:00,56.1
2025-06-12 18:13:00,13.1
2025-06-12 18:01:00,77.2
2025-06-12 07:17:00,40.0
2025-06-12 20:52:00,32.5
2025-06-12 22:46:00,76.1
2025-06-12 08:34:00,50.17195767195767
2025-06-12 18:33:00,59.1
2025-06-12 20:02:00,10.8
2025-06-12 03:53:00,83.1
2025-06-12 01:20:00,23.5
2025-06-12 14:59:00,30.0
2025-06-12 07:58:00,62.6
2025-06-12 03:28:00,66.4
2025-06-12 08:44:00,58.7
2025-06-12 15:13:00,22.6
2025-06-12 06:01:00,3.5
2025-06-12 22:01:00,70.1
2025-06-12 10:21:00,16.3
2025-06-12 16:55:00,56.2
2025-06-12 23:36:00,69.6
2025-06-12 21:08:00,50.17195767195767
2025-06-12 21:55:00,51.4
2025-06-12 17:00:00,91.1
2025-06-12 05:56:00,50.3
2025-06-12 12:34:00,25.2
2025-06-12 01:06:00,90.9
2025-06-12 22:36:00,99.4
2025-06-12 10:10:00,90.3
2025-06-12 20:36:00,1.7
2025-06-12 20:08:00,9.3
2025-06-12 03:59:00,48.5
2025-06-12 10:44:00,56.8
2025-06-12 09:25:00,6.5
2025-06-12 21:36:00,68.8
2025-06-12 23:32:00,49.2
2025-06-12 13:09:00,74.5
2025-06-12 09:06:00,30.6
2025-06-12 19:34:00,28.1
2025-06-12 18:12:00,50.17195767195767
2025-06-12 23:40:00,61.4
2025-06-12 21:02:00,68.4
2025-06-12 21:03:00,71.1
2025-06-12 22:00:00,47.4
2025-06-12 06:22:00,31.8
2025-06-12 09:37:00,19.7
2025-06-12 10:57:00,50.17195767195767
2025-06-12 14:06:00,21.5
2025-06-12 10:55:00,84.6
2025-06-12 03:15:00,18.0
2025-06-12 09:14:00,91.7
2025-06-12 07:34:00,50.8
2025-06-12 21:39:00,26.6
2025-06-12 03:34:00,81.5
2025-06-12 12:08:00,32.3
2025-06-12 00:38:00,88.9
2025-06-12 07:44:00,18.7
2025-06-12 12:41:00,46.4
2025-06-12 06:14:00,96.8
2025-06-12 22:42:00,95.4
2025-06-12 23:13:00,56.7
2025-06-12 20:33:00,54.7
2025-06-12 20:11:00,12.8
2025-06-12 03:11:00,45.2
2025-06-12 02:19:00,87.6
2025-06-12 02:39:00,33.8
2025-06-12 03:52:00,84.4
2025-06-12 14:45:00,65.0
2025-06-12 14:03:00,41.7
2025-06-12 15:35:00,72.0
2025-06-12 11:40:00,60.2
2025-06-12 05:51:00,20.7
2025-06-12 19:30:00,90.0
2025-06-12 16:53:00,14.1
2025-06-12 20:43:00,49.69252501471454
2025-06-12 13:25:00,37.8
2025-06-12 11:30:00,49.69252501471454
2025-06-12 10:18:00,31.4
2025-06-12 22:10:00,81.6
2025-06-12 10:31:00,28.2
2025-06-12 23:09:00,30.2
2025-06-12 14:07:00,60.4
2025-06-12 15:22:00,70.6
2025-06-12 18:36:00,17.8
2025-06-12 18:43:00,26.7
2025-06-12 16:34:00,85.5
2025-06-12 14:22:00,95.2
2025-06-12 23:25:00,68.4
2025-06-12 06:27:00,24.6
2025-06-12 21:01:00,49.69252501471454
2025-06-12 00:08:00,14.5
2025-06-12 10:29:00,2.5
2025-06-12 09:58:00,25.4
2025-06-12 17:07:00,49.69252501471454
2025-06-12 03:01:00,34.7
2025-06-12 02:27:00,61.3
2025-06-12 19:53:00,93.1
2025-06-12 15:26:00,90.6
2025-06-12 23:27:00,44.2
2025-06-12 06:28:00,49.69252501471454
2025-06-12 12:32:00,49.69252501471454
2025-06-12 09:31:00,71.2
2025-06-12 04:19:00,97.9
2025-06-12 07:27:00,68.3
2025-06-12 07:31:00,4.2
2025-06-12 12:18:00,49.69252501471454
2025-06-12 08:40:00,17.2
2025-06-12 18:31:00,94.4
2025-06-12 01:26:00,89.1
2025-06-12 18:30:00,33.4
2025-06-12 17:04:00,49.69252501471454
2025-06-12 19:27:00,89.1
2025-06-12 13:59:00,73.9
2025-06-12 13:18:00,90.0
2025-06-12 22:12:00,84.1
2025-06-12 23:16:00,75.3
2025-06-12 03:23:00,56.1
2025-06-12 21:39:00,65.3
2025-06-12 05:25:00,37.8
2025-06-12 05:44:00,56.0
2025-06-12 22:29:00,63.3
2025-06-12 22:25:00,57.9
2025-06-12 04:43:00,83.2
2025-06-12 02:00:00,47.7
2025-06-12 16:08:00,97.2
2025-06-12 14:51:00,49.69252501471454
2025-06-12 19:44:00,9.6
2025-06-12 08:04:00,20.1
2025-06-12 02:17:00,49.69252501471454
2025-06-12 04:03:00,79.7
2025-06-12 22:20:00,26.4
2025-06-12 21:12:00,48.6
2025-06-12 18:18:00,7.4
2025-06-12 09:42:00,49.69252501471454
2025-06-12 22:56:00,42.9
2025-06-12 15:52:00,18.9
2025-06-12 09:33:00,73.1
2025-06-12 16:31:00,90.8
2025-06-12 10:37:00,73.7
2025-06-12 23:20:00,37.9
2025-06-12 00:10:00,5.7
2025-06-12 06:12:00,49.69252501471454
2025-06-12 21:42:00,71.0
2025-06-12 20:30:00,32.6
2025-06-12 08:31:00,2.7
2025-06-12 10:00:00,49.69252501471454
2025-06-12 13:29:00,4.2
2025-06-12 17:47:00,21.8
2025-06-12 20:47:00,49.69252501471454
2025-06-12 14:52:00,25.9
2025-06-12 12:23:00,42.5
2025-06-12 23:59:00,33.7
2025-06-12 21:24:00,49.69252501471454
2025-06-12 14:11:00,17.2
2025-06-12 04:07:00,49.69252501471454
2025-06-12 17:02:00,37.4
2025-06-12 15:51:00,17.6
2025-06-12 05:09:00,82.6
2025-06-12 14:18:00,33.2
2025-06-12 11:38:00,88.1
2025-06-12 02:49:00,35.6
2025-06-12 01:06:00,41.4
2025-06-12 01:17:00,50.3
2025-06-12 01:14:00,29.2
2025-06-12 04:26:00,49.69252501471454
2025-06-12 23:24:00,37.3
2025-06-12 02:53:00,49.69252501471454
2025-06-12 08:32:00,1.5
2025-06-12 03:46:00,49.69252501471454
2025-06-12 20:54:00,67.5
2025-06-12 07:06:00,1.1
2025-06-12 04:40:00,96.2
2025-06-12 16:11:00,49.69252501471454
2025-06-12 17:59:00,78.5
2025-06-12 00:14:00,3.4
2025-06-12 04:53:00,51.5
2025-06-12 08:14:00,81.2
2025-06-12 10:10:00,94.6
2025-06-12 17:00:00,94.6
2025-06-12 22:36:00,41.8
2025-06-12 17:50:00,70.3
2025-06-12 02:46:00,38.0
2025-06-12 22:05:00,38.0
2025-06-12 02:13:00,39.6
2025-06-12 10:33:00,58.5
2025-06-12 14:04:00,48.9
2025-06-12 21:58:00,19.0
2025-06-12 23:29:00,87.5
2025-06-12 21:49:00,35.2
2025-06-12 12:31:00,60.5
2025-06-12 02:26:00,80.5
2025-06-12 13:39:00,49.69252501471454
2025-06-12 04:49:00,8.5
2025-06-12 10:01:00,49.69252501471454
2025-06-12 00:57:00,95.6
2025-06-12 18:05:00,39.8
2025-06-12 13:02:00,74.5
2025-06-12 01:09:00,10.5
2025-06-12 19:39:00,19.7
2025-06-12 00:25:00,49.69252501471454
2025-06-12 01:19:00,67.7
2025-06-12 13:00:00,34.3
2025-06-12 21:51:00,98.3
2025-06-12 07:07:00,60.5
2025-06-12 16:40:00,12.4
2025-06-12 15:42:00,63.2
2025-06-12 03:55:00,88.9
2025-06-12 08:17:00,98.2
2025-06-12 09:44:00,31.6
2025-06-12 18:11:00,92.1
2025-06-12 09:53:00,63.0
2025-06-12 16:00:00,81.5
2025-06-12 05:58:00,56.2
2025-06-12 18:01:00,51.4
2025-06-12 12:40:00,63.1
2025-06-12 22:35:00,7.6
2025-06-12 10:41:00,38.6
2025-06-12 15:01:00,4.6
2025-06-12 23:06:00,7.4
2025-06-12 01:18:00,54.0
2025-06-12 09:20:00,68.8
2025-06-12 07:22:00,13.4
2025-06-12 10:06:00,67.6
2025-06-12 22:31:00,7.5
2025-06-12 02:22:00,61.7
2025-06-12 02:48:00,29.5
2025-06-12 12:10:00,10.9
2025-06-12 01:15:00,49.69252501471454
2025-06-12 11:16:00,95.7
2025-06-12 16:27:00,6.7
2025-06-12 15:09:00,63.2
2025-06-12 20:09:00,14.6
2025-06-12 17:10:00,96.5
2025-06-12 02:56:00,38.7
2025-06-12 13:10:00,42.6
2025-06-12 11:53:00,21.4
2025-06-12 23:11:00,83.5
2025-06-12 19:45:00,49.69252501471454
2025-06-12 07:30:00,43.6
2025-06-12 22:34:00,67.6
2025-06-12 04:01:00,31.4
2025-06-12 12:24:00,53.7
2025-06-12 01:08:00,90.0
2025-06-12 13:34:00,67.6
2025-06-12 04:35:00,69.1
2025-06-12 19:48:00,94.4
2025-06-12 08:39:00,99.0
2025-06-12 16:12:00,29.7
2025-06-12 01:31:00,38.4
2025-06-12 12:37:00,20.1
2025-06-12 09:56:00,75.5
2025-06-12 01:46:00,73.6
2025-06-12 19:14:00,50.3
2025-06-12 12:59:00,68.8
2025-06-12 15:29:00,41.3
2025-06-12 05:38:00,37.9
2025-06-12 09:57:00,43.5
2025-06-12 17:06:00,19.3
2025-06-12 00:26:00,3.9
2025-06-12 13:28:00,6.1
2025-06-12 12:42:00,50.9
2025-06-12 04:31:00,44.7
2025-06-12 18:44:00,22.1
2025-06-12 10:36:00,49.69252501471454
2025-06-12 21:47:00,77.8
2025-06-12 11:19:00,70.5
2025-06-12 23:04:00,49.69252501471454
2025-06-12 19:19:00,49.69252501471454
2025-06-12 18:17:00,58.6
2025-06-12 06:23:00,36.5
2025-06-12 16:16:00,67.6
2025-06-12 04:56:00,85.8
2025-06-12 12:09:00,90.8
2025-06-12 04:57:00,16.0
2025-06-12 15:32:00,49.69252501471454
2025-06-12 00:16:00,5.1
2025-06-12 18:37:00,94.1
2025-06-12 13:46:00,49.69252501471454
2025-06-12 23:33:00,59.3
2025-06-12 16:36:00,63.3
2025-06-12 21:26:00,7.0
2025-06-12 11:17:00,39.3
2025-06-12 22:30:00,42.7
2025-06-12 04:37:00,17.4
2025-06-12 08:46:00,76.6
2025-06-12 05:29:00,79.1
2025-06-12 08:42:00,83.6
2025-06-12 11:21:00,14.9
2025-06-12 23:08:00,71.8
2025-06-12 13:47:00,28.9
2025-06-12 17:03:00,49.69252501471454
2025-06-12 08:02:00,42.0
2025-06-12 18:14:00,36.4
2025-06-12 05:21:00,64.2
2025-06-12 22:47:00,14.3
2025-06-12 16:52:00,55.8
2025-06-12 13:40:00,86.1
2025-06-12 16:41:00,52.0
2025-06-12 17:39:00,84.7
2025-06-12 11:50:00,22.9
2025-06-12 22:40:00,89.4
2025-06-12 22:59:00,49.69252501471454
2025-06-12 02:16:00,72.4
2025-06-12 01:32:00,94.8
2025-06-12 19:49:00,1.9
2025-06-12 05:39:00,92.5
2025-06-12 06:04:00,49.69252501471454
2025-06-12 11:56:00,49.69252501471454
2025-06-12 16:32:00,56.1
2025-06-12 01:48:00,63.3
2025-06-12 06:07:00,48.8
2025-06-12 02:31:00,66.4
2025-06-12 12:49:00,44.4
2025-06-12 18:32:00,65.7
2025-06-12 10:25:00,48.5
2025-06-12 00:20:00,64.3
2025-06-12 03:29:00,51.6
2025-06-12 20:14:00,49.69252501471454
2025-06-12 16:44:00,77.0
2025-06-12 10:35:00,49.69252501471454
2025-06-12 07:20:00,49.69252501471454
2025-06-12 04:59:00,82.3
2025-06-12 19:28:00,49.69252501471454
2025-06-12 18:38:00,77.5
2025-06-12 14:34:00,51.7
2025-06-12 09:49:00,31.6
2025-06-12 23:57:00,10.9
2025-06-12 00:28:00,49.69252501471454
2025-06-12 12:48:00,63.7
2025-06-12 06:14:00,49.69252501471454
2025-06-12 00:03:00,54.5
2025-06-12 10:11:00,84.2
2025-06-12 01:38:00,9.5
2025-06-12 17:18:00,81.8
2025-06-12 21:27:00,87.3
2025-06-12 15:21:00,47.8
2025-06-12 10:52:00,77.3
2025-06-12 13:44:00,68.6
2025-06-12 08:38:00,60.5
2025-06-12 00:06:00,55.1
2025-06-12 06:03:00,90.8
2025-06-12 23:00:00,69.6
2025-06-12 22:09:00,20.7
2025-06-12 19:51:00,82.3
2025-06-12 01:41:00,23.9
2025-06-12 18:06:00,22.6
2025-06-12 12:56:00,30.7
2025-06-12 09:04:00,50.2
2025-06-12 05:05:00,40.9
2025-06-12 16:20:00,58.4
2025-06-12 13:57:00,30.3
2025-06-12 20:16:00,49.69252501471454
2025-06-12 19:05:00,3.5
2025-06-12 04:23:00,3.7
2025-06-12 00:36:00,49.69252501471454
2025-06-12 17:28:00,92.4
2025-06-12 03:33:00,49.69252501471454
2025-06-12 03:17:00,21.9
2025-06-12 05:12:00,90.6
2025-06-12 03:18:00,28.0
2025-06-12 14:43:00,73.8
2025-06-12 06:32:00,1.1
2025-06-12 23:28:00,66.6
2025-06-12 18:03:00,0.7
2025-06-12 18:03:00,96.7
2025-06-12 03:00:00,69.0
2025-06-12 03:21:00,36.0
2025-06-12 02:22:00,2.4
2025-06-12 06:26:00,22.0
2025-06-12 04:57:00,28.5
2025-06-12 09:22:00,3.1
2025-06-12 07:40:00,84.1
2025-06-12 03:01:00,65.2
2025-06-12 21:32:00,18.2
2025-06-12 13:17:00,49.88181818181819
2025-06-12 11:25:00,34.1
2025-06-12 08:47:00,49.88181818181819
2025-06-12 19:25:00,37.7
2025-06-12 04:00:00,58.6
2025-06-12 05:24:00,49.88181818181819
2025-06-12 06:24:00,36.0
2025-06-12 01:02:00,91.7
2025-06-12 00:37:00,45.9
2025-06-12 16:56:00,50.9
2025-06-12 12:59:00,49.88181818181819
2025-06-12 02:06:00,95.3
2025-06-12 05:29:00,49.88181818181819
2025-06-12 05:35:00,99.1
2025-06-12 19:57:00,4.4
2025-06-12 17:15:00,57.3
2025-06-12 18:10:00,93.4
2025-06-12 21:02:00,81.0
2025-06-12 16:09:00,92.0
2025-06-12 17:56:00,49.88181818181819
2025-06-12 19:44:00,47.1
2025-06-12 11:30:00,69.5
2025-06-12 00:13:00,1.5
2025-06-12 04:44:00,4.9
2025-06-12 11:59:00,91.1
2025-06-12 06:44:00,84.3
2025-06-12 08:18:00,49.88181818181819
2025-06-12 20:21:00,71.0
2025-06-12 00:29:00,60.8
2025-06-12 07:14:00,9.7
2025-06-12 18:48:00,98.8
2025-06-12 13:05:00,19.1
2025-06-12 17:53:00,76.9
2025-06-12 04:04:00,45.8
2025-06-12 23:04:00,59.2
2025-06-12 17:43:00,49.88181818181819
2025-06-12 01:28:00,63.0
2025-06-12 01:41:00,28.4
2025-06-12 15:35:00,77.2
2025-06-12 01:30:00,14.9
2025-06-12 15:52:00,49.88181818181819
2025-06-12 08:23:00,49.88181818181819
2025-06-12 13:41:00,89.3
2025-06-12 09:13:00,64.7
2025-06-12 11:23:00,89.9
2025-06-12 21:10:00,36.4
2025-06-12 04:42:00,49.88181818181819
2025-06-12 19:16:00,49.9
2025-06-12 00:41:00,37.4
2025-06-12 06:13:00,44.8
2025-06-12 00:26:00,31.9
2025-06-12 23:38:00,33.9
2025-06-12 01:21:00,49.88181818181819
2025-06-12 17:30:00,32.0
2025-06-12 12:37:00,97.7
2025-06-12 12:29:00,36.4
2025-06-12 12:34:00,49.88181818181819
2025-06-12 11:27:00,63.9
2025-06-12 18:15:00,6.5
2025-06-12 23:53:00,40.2
2025-06-12 18:07:00,68.8
2025-06-12 20:59:00,33.0
2025-06-12 15:07:00,24.7
2025-06-12 21:19:00,46.7
2025-06-12 14:05:00,97.0
2025-06-12 21:00:00,30.2
2025-06-12 04:06:00,85.0
2025-06-12 13:21:00,49.88181818181819
2025-06-12 15:05:00,98.4
2025-06-12 12:36:00,95.3
2025-06-12 14:48:00,23.8
2025-06-12 20:55:00,31.7
2025-06-12 04:56:00,48.9
2025-06-12 20:54:00,67.1
2025-06-12 18:41:00,77.2
2025-06-12 06:51:00,2.2
2025-06-12 22:27:00,41.0
2025-06-12 08:52:00,16.3
2025-06-12 07:26:00,49.88181818181819
2025-06-12 08:25:00,63.8
2025-06-12 09:03:00,53.7
2025-06-12 21:34:00,13.1
2025-06-12 03:36:00,49.88181818181819
2025-06-12 01:04:00,49.88181818181819
2025-06-12 21:01:00,32.8
2025-06-12 18:57:00,8.6
2025-06-12 20:50:00,49.88181818181819
2025-06-12 23:58:00,2.6
2025-06-12 09:12:00,62.7
2025-06-12 03:26:00,33.1
2025-06-12 05:48:00,49.88181818181819
2025-06-12 15:31:00,38.9
2025-06-12 19:14:00,50.0
2025-06-12 21:06:00,49.88181818181819
2025-06-12 17:04:00,24.6
2025-06-12 02:01:00,16.3
2025-06-12 05:41:00,2.3
2025-06-12 07:05:00,63.5
2025-06-12 23:29:00,21.7
2025-06-12 08:48:00,82.7
2025-06-12 18:05:00,19.0
2025-06-12 02:48:00,30.0
2025-06-12 00:08:00,42.4
2025-06-12 02:50:00,56.0
2025-06-12 22:03:00,61.8
2025-06-12 20:18:00,97.0
2025-06-12 05:10:00,97.4
2025-06-12 06:48:00,79.8
2025-06-12 02:49:00,49.88181818181819
2025-06-12 13:30:00,57.9
2025-06-12 08:21:00,13.0
2025-06-12 12:41:00,80.9
2025-06-12 16:39:00,68.9
2025-06-12 04:21:00,49.88181818181819
2025-06-12 23:08:00,55.7
2025-06-12 15:14:00,17.4
2025-06-12 17:21:00,48.1
2025-06-12 16:07:00,4.1
2025-06-12 22:44:00,26.3
2025-06-12 21:53:00,36.4
2025-06-12 05:04:00,72.6
2025-06-12 04:25:00,97.4
2025-06-12 10:59:00,12.7
2025-06-12 17:24:00,96.9
2025-06-12 22:42:00,15.1
2025-06-12 13:59:00,99.1
2025-06-12 07:13:00,42.0
2025-06-12 15:26:00,36.7
2025-06-12 02:25:00,95.7
2025-06-12 09:05:00,86.9
2025-06-12 12:12:00,44.7
2025-06-12 11:40:00,64.4
2025-06-12 09:01:00,50.1
2025-06-12 08:39:00,71.9
2025-06-12 04:07:00,83.4
2025-06-12 03:13:00,33.7
2025-06-12 14:31:00,49.88181818181819
2025-06-12 03:58:00,9.1
2025-06-12 21:55:00,14.6
2025-06-12 08:35:00,71.0
2025-06-12 06:03:00,49.88181818181819
2025-06-12 16:04:00,33.1
2025-06-12 00:20:00,85.9
2025-06-12 14:50:00,88.0
2025-06-12 23:21:00,0.6
2025-06-12 12:42:00,63.6
2025-06-12 00:36:00,31.7
2025-06-12 02:51:00,15.0
2025-06-12 01:22:00,72.5
2025-06-12 18:00:00,56.0
2025-06-12 06:19:00,34.6
2025-06-12 01:31:00,64.1
2025-06-12 16:17:00,97.1
2025-06-12 21:27:00,57.0
2025-06-12 11:52:00,6.2
2025-06-12 20:58:00,54.1
2025-06-12 12:04:00,43.6
2025-06-12 17:23:00,31.5
2025-06-12 09:17:00,14.1
2025-06-12 17:42:00,99.8
2025-06-12 02:41:00,49.88181818181819
2025-06-12 11:31:00,49.88181818181819
2025-06-12 19:37:00,49.88181818181819
2025-06-12 20:31:00,16.5
2025-06-12 11:56:00,56.8
2025-06-12 07:41:00,45.6
2025-06-12 21:54:00,4.9
2025-06-12 19:39:00,98.1
2025-06-12 03:02:00,22.2
2025-06-12 06:53:00,32.4
2025-06-12 00:34:00,77.6
2025-06-12 10:20:00,49.88181818181819
2025-06-12 23:11:00,25.1
2025-06-12 05:15:00,13.9
2025-06-12 20:51:00,68.0
2025-06-12 02:34:00,30.3
2025-06-12 03:19:00,49.88181818181819
2025-06-12 19:31:00,83.5
2025-06-12 14:01:00,88.6
2025-06-12 23:31:00,34.4
2025-06-12 11:37:00,4.0
2025-06-12 20:14:00,52.7
2025-06-12 15:27:00,7.4
2025-06-12 23:05:00,32.7
2025-06-12 14:28:00,24.4
2025-06-12 13:14:00,90.5
2025-06-12 01:54:00,50.7
2025-06-12 19:54:00,16.4
2025-06-12 23:35:00,85.1
2025-06-12 14:14:00,13.1
2025-06-12 05:05:00,60.4
2025-06-12 01:20:00,24.7
2025-06-12 08:15:00,49.88181818181819
2025-06-12 02:32:00,79.5
2025-06-12 03:44:00,61.0
2025-06-12 10:56:00,49.88181818181819
2025-06-12 11:07:00,16.7
2025-06-12 06:06:00,42.8
2025-06-12 06:25:00,49.88181818181819
2025-06-12 09:54:00,58.8
2025-06-12 09:29:00,35.3
2025-06-12 04:16:00,63.1
2025-06-12 13:19:00,93.0
2025-06-12 02:16:00,77.6
2025-06-12 10:11:00,10.6
2025-06-12 09:23:00,92.1
2025-06-12 15:21:00,27.8
2025-06-12 10:51:00,66.3
2025-06-12 21:52:00,20.2
2025-06-12 10:19:00,71.2
2025-06-12 04:34:00,73.3
2025-06-12 14:27:00,96.1
2025-06-12 01:01:00,97.3
2025-06-12 18:13:00,49.88181818181819
2025-06-12 08:05:00,49.88181818181819
2025-06-12 04:40:00,50.8
2025-06-12 02:27:00,58.9
2025-06-12 09:59:00,61.8
2025-06-12 14:03:00,47.2
2025-06-12 19:48:00,95.4
2025-06-12 00:49:00,12.8
2025-06-12 23:39:00,28.0
2025-06-12 19:52:00,87.3
2025-06-12 03:29:00,63.3
2025-06-12 15:09:00,73.2
2025-06-12 19:45:00,97.1
2025-06-12 23:37:00,49.88181818181819
2025-06-12 16:21:00,68.6
2025-06-12 13:51:00,91.1
2025-06-12 04:35:00,17.0
2025-06-12 11:22:00,6.8
2025-06-12 22:31:00,77.2
2025-06-12 12:14:00,49.88181818181819
2025-06-12 21:09:00,63.5
2025-06-12 19:58:00,85.4
2025-06-12 10:13:00,49.88181818181819
2025-06-12 22:02:00,39.5
2025-06-12 10:52:00,39.6
2025-06-12 00:10:00,89.5
2025-06-12 06:31:00,13.6
2025-06-12 19:20:00,96.5
2025-06-12 21:31:00,65.2
2025-06-12 22:24:00,80.3
2025-06-12 22:20:00,98.4
2025-06-12 12:26:00,94.8
2025-06-12 21:04:00,77.1
2025-06-12 09:02:00,99.0
2025-06-12 16:13:00,11.7
2025-06-12 06:17:00,49.88181818181819
2025-06-12 03:54:00,49.88181818181819
2025-06-12 07:35:00,19.1
2025-06-12 04:11:00,42.2
2025-06-12 18:31:00,69.6
2025-06-12 17:22:00,82.2
2025-06-12 19:35:00,49.88181818181819
2025-06-12 08:01:00,36.7
2025-06-12 20:15:00,17.7
2025-06-12 04:24:00,13.3
2025-06-12 12:19:00,49.88181818181819
2025-06-12 23:19:00,49.88181818181819
2025-06-12 20:41:00,2.8
2025-06-12 06:07:00,12.3
2025-06-12 13:32:00,62.6
2025-06-12 02:35:00,68.1
2025-06-12 03:04:00,94.4
2025-06-12 16:49:00,49.88181818181819
2025-06-12 11:21:00,11.6
2025-06-12 15:51:00,4.3
2025-06-12 08:26:00,72.6
2025-06-12 23:22:00,94.5
2025-06-12 04:31:00,49.88181818181819
2025-06-12 09:33:00,49.88181818181819
2025-06-12 11:12:00,49.88181818181819
2025-06-12 07:47:00,29.8
2025-06-12 18:01:00,2.3
2025-06-12 06:36:00,7.2
2025-06-12 00:44:00,3.7
2025-06-12 07:25:00,27.3
2025-06-12 16:46:00,69.0
2025-06-12 03:10:00,45.9
2025-06-12 10:35:00,30.4
2025-06-12 20:32:00,62.9
2025-06-12 12:18:00,40.1
2025-06-12 11:39:00,47.3
2025-06-12 11:13:00,0.9
2025-06-12 15:01:00,69.8
2025-06-12 21:49:00,24.9
2025-06-12 05:38:00,49.88181818181819
2025-06-12 16:10:00,57.1
2025-06-12 20:09:00,13.3
2025-06-12 00:25:00,61.4
2025-06-12 06:21:00,26.0
2025-06-12 23:52:00,5.6
2025-06-12 05:36:00,4.4
2025-06-12 09:20:00,28.6
2025-06-12 19:40:00,69.8
2025-06-12 03:51:00,3.9
2025-06-12 14:52:00,39.1
2025-06-12 07:15:00,43.5
2025-06-12 07:52:00,44.0
2025-06-12 08:42:00,78.9
2025-06-12 20:47:00,38.7
2025-06-12 18:06:00,49.88181818181819
2025-06-12 21:33:00,49.88181818181819
2025-06-12 05:40:00,67.4
2025-06-12 16:01:00,84.3
2025-06-12 08:30:00,15.1
2025-06-12 12:57:00,2.1
2025-06-12 12:35:00,77.1
2025-06-12 04:58:00,4.5
2025-06-12 06:37:00,12.7
2025-06-12 10:41:00,75.5
2025-06-12 20:38:00,27.2
2025-06-12 00:50:00,24.8
2025-06-12 03:01:00,50.019744401453856
2025-06-12 10:28:00,84.5
2025-06-12 12:32:00,2.2
2025-06-12 07:51:00,47.1
2025-06-12 11:57:00,48.2
2025-06-12 08:08:00,86.7
2025-06-12 13:54:00,50.019744401453856
2025-06-12 05:47:00,65.7
2025-06-12 18:00:00,23.4
2025-06-12 21:01:00,50.0
2025-06-12 12:22:00,64.8
2025-06-12 15:01:00,31.5
2025-06-12 09:59:00,89.5
2025-06-12 01:21:00,44.3
2025-06-12 18:18:00,76.2
2025-06-12 17:52:00,63.5
2025-06-12 08:03:00,64.4
2025-06-12 11:42:00,90.5
2025-06-12 17:34:00,89.3
2025-06-12 21:17:00,55.9
2025-06-12 21:12:00,79.7
2025-06-12 08:14:00,4.2
2025-06-12 07:53:00,85.0
2025-06-12 04:43:00,65.9
2025-06-12 20:24:00,7.0
2025-06-12 15:03:00,80.6
2025-06-12 05:29:00,41.8
2025-06-12 14:35:00,82.5
2025-06-12 16:16:00,20.8
2025-06-12 21:53:00,63.2
2025-06-12 15:37:00,59.7
2025-06-12 13:29:00,52.9
2025-06-12 10:24:00,23.5
2025-06-12 21:10:00,55.0
2025-06-12 20:06:00,66.9
2025-06-12 15:11:00,60.1
2025-06-12 16:25:00,90.2
2025-06-12 23:44:00,44.6
2025-06-12 18:29:00,11.1
2025-06-12 20:04:00,50.019744401453856
2025-06-12 22:55:00,90.7
2025-06-12 06:16:00,55.0
2025-06-12 19:50:00,14.2
2025-06-12 20:08:00,6.1
2025-06-12 00:07:00,50.019744401453856
2025-06-12 13:00:00,43.7
2025-06-12 01:04:00,57.2
2025-06-12 07:25:00,88.9
2025-06-12 12:01:00,90.9
2025-06-12 02:03:00,41.6
2025-06-12 13:22:00,27.0
2025-06-12 16:54:00,61.9
2025-06-12 11:59:00,28.3
2025-06-12 16:22:00,26.9
2025-06-12 20:16:00,96.4
2025-06-12 10:12:00,6.5
2025-06-12 23:53:00,51.5
2025-06-12 05:15:00,50.019744401453856
2025-06-12 03:42:00,9.5
2025-06-12 03:13:00,27.4
2025-06-12 08:34:00,59.7
2025-06-12 01:01:00,67.2
2025-06-12 18:43:00,49.8
2025-06-12 00:29:00,2.9
2025-06-12 02:36:00,84.1
2025-06-12 04:25:00,15.8
2025-06-12 09:46:00,24.0
2025-06-12 00:10:00,50.019744401453856
2025-06-12 13:38:00,63.3
2025-06-12 04:15:00,68.1
2025-06-12 13:52:00,36.3
2025-06-12 04:18:00,77.6
2025-06-12 02:18:00,27.4
2025-06-12 00:26:00,73.6
2025-06-12 21:52:00,50.019744401453856
2025-06-12 20:57:00,24.9
2025-06-12 20:21:00,62.7
2025-06-12 06:58:00,65.3
2025-06-12 07:30:00,78.7
2025-06-12 03:27:00,37.9
2025-06-12 11:11:00,24.7
2025-06-12 23:51:00,55.2
2025-06-12 19:07:00,10.9
2025-06-12 10:05:00,77.6
2025-06-12 12:24:00,10.3
2025-06-12 10:50:00,50.019744401453856
2025-06-12 08:16:00,1.7
2025-06-12 21:59:00,70.7
2025-06-12 09:33:00,57.9
2025-06-12 03:49:00,50.019744401453856
2025-06-12 05:53:00,34.7
2025-06-12 15:12:00,53.9
2025-06-12 23:26:00,68.5
2025-06-12 00:38:00,52.6
2025-06-12 00:30:00,77.7
2025-06-12 03:45:00,10.1
2025-06-12 18:14:00,10.6
2025-06-12 19:05:00,9.8
2025-06-12 03:10:00,48.8
2025-06-12 21:32:00,57.1
2025-06-12 02:09:00,82.0
2025-06-12 00:34:00,99.1
2025-06-12 18:04:00,98.3
2025-06-12 16:48:00,92.4
2025-06-12 02:38:00,50.019744401453856
2025-06-12 01:00:00,38.4
2025-06-12 03:50:00,93.9
2025-06-12 09:01:00,8.4
2025-06-12 07:26:00,72.1
2025-06-12 12:58:00,50.019744401453856
2025-06-12 00:37:00,95.3
2025-06-12 17:09:00,80.2
2025-06-12 22:59:00,62.0
2025-06-12 23:09:00,34.4
2025-06-12 10:45:00,99.9
2025-06-12 20:56:00,81.5
2025-06-12 06:03:00,85.9
2025-06-12 11:56:00,31.9
2025-06-12 10:34:00,34.3
2025-06-12 04:03:00,37.5
2025-06-12 14:41:00,54.0
2025-06-12 20:13:00,50.019744401453856
2025-06-12 17:13:00,52.9
2025-06-12 15:19:00,50.019744401453856
2025-06-12 03:53:00,42.6
2025-06-12 05:46:00,50.019744401453856
2025-06-12 07:07:00,43.1
2025-06-12 06:49:00,29.5
2025-06-12 13:50:00,89.4
2025-06-12 22:16:00,16.0
2025-06-12 16:44:00,39.5
2025-06-12 22:08:00,50.019744401453856
2025-06-12 08:20:00,50.019744401453856
2025-06-12 05:16:00,53.2
2025-06-12 08:13:00,31.9
2025-06-12 01:43:00,82.1
2025-06-12 09:36:00,50.019744401453856
2025-06-12 06:00:00,55.1
2025-06-12 09:42:00,43.8
2025-06-12 04:05:00,64.7
2025-06-12 06:26:00,97.9
2025-06-12 11:00:00,34.7
2025-06-12 03:41:00,69.4
2025-06-12 22:29:00,50.9
2025-06-12 12:34:00,54.9
2025-06-12 02:04:00,2.1
2025-06-12 11:30:00,56.7
2025-06-12 02:28:00,42.2
2025-06-12 21:41:00,68.8
2025-06-12 22:18:00,15.9
2025-06-12 23:52:00,42.6
2025-06-12 04:12:00,68.4
2025-06-12 12:17:00,61.3
2025-06-12 07:05:00,42.9
2025-06-12 09:07:00,98.2
2025-06-12 12:44:00,68.2
2025-06-12 15:28:00,50.019744401453856
2025-06-12 04:29:00,50.019744401453856
2025-06-12 11:41:00,0.2
2025-06-12 21:31:00,50.019744401453856
2025-06-12 18:22:00,10.1
2025-06-12 00:39:00,87.5
2025-06-12 02:44:00,50.019744401453856
2025-06-12 01:59:00,9.3
2025-06-12 08:37:00,5.2
2025-06-12 20:10:00,51.2
2025-06-12 23:38:00,39.5
2025-06-12 07:55:00,68.6
2025-06-12 07:06:00,50.019744401453856
2025-06-12 18:09:00,22.3
2025-06-12 18:52:00,2.1
2025-06-12 21:43:00,49.2
2025-06-12 12:26:00,50.019744401453856
2025-06-12 23:14:00,85.5
2025-06-12 16:58:00,79.0
2025-06-12 01:31:00,94.8
2025-06-12 22:13:00,52.0
2025-06-12 02:30:00,17.5
2025-06-12 05:18:00,4.0
2025-06-12 14:49:00,50.019744401453856
2025-06-12 17:21:00,29.8
2025-06-12 01:18:00,48.3
2025-06-12 22:34:00,50.019744401453856
2025-06-12 09:41:00,52.9
2025-06-12 10:08:00,37.2
2025-06-12 04:38:00,40.5
2025-06-12 01:17:00,38.4
2025-06-12 01:40:00,78.6
2025-06-12 16:36:00,22.2
2025-06-12 03:54:00,47.0
2025-06-12 16:28:00,79.6
2025-06-12 07:34:00,56.7
2025-06-12 17:27:00,85.8
2025-06-12 23:15:00,9.7
2025-06-12 14:45:00,66.4
2025-06-12 02:53:00,21.9
2025-06-12 15:32:00,66.3
2025-06-12 04:55:00,2.5
2025-06-12 11:20:00,18.7
2025-06-12 08:33:00,71.7
2025-06-12 03:43:00,3.2
2025-06-12 07:01:00,88.9
2025-06-12 22:41:00,26.0
2025-06-12 22:43:00,79.2
2025-06-12 20:59:00,50.019744401453856
2025-06-12 22:14:00,84.1
2025-06-12 19:14:00,64.3
2025-06-12 15:22:00,50.019744401453856
2025-06-12 15:44:00,52.5
2025-06-12 19:09:00,44.4
2025-06-12 16:20:00,50.019744401453856
2025-06-12 16:04:00,50.019744401453856
2025-06-12 16:05:00,27.6
2025-06-12 06:50:00,50.019744401453856
2025-06-12 23:20:00,49.9
2025-06-12 22:30:00,50.7
2025-06-12 03:28:00,50.019744401453856
2025-06-12 21:46:00,56.1
2025-06-12 11:33:00,68.9
2025-06-12 20:09:00,62.3
2025-06-12 16:10:00,76.2
2025-06-12 12:06:00,39.1
2025-06-12 12:48:00,41.0
2025-06-12 12:11:00,28.7
2025-06-12 05:04:00,92.0
2025-06-12 02:46:00,57.4
2025-06-12 08:53:00,89.9
2025-06-12 10:51:00,7.6
2025-06-12 20:23:00,26.2
2025-06-12 17:59:00,65.7
2025-06-12 12:57:00,93.1
2025-06-12 06:22:00,22.7
2025-06-12 15:05:00,20.3
2025-06-12 16:33:00,50.019744401453856
2025-06-12 01:05:00,18.2
2025-06-12 21:25:00,97.0
2025-06-12 08:49:00,75.0
2025-06-12 02:29:00,82.4
2025-06-12 16:43:00,67.5
2025-06-12 19:13:00,82.4
2025-06-12 04:53:00,39.7
2025-06-12 16:45:00,99.0
2025-06-12 04:23:00,97.9
2025-06-12 13:58:00,43.8
2025-06-12 19:54:00,30.7
2025-06-12 11:29:00,85.8
2025-06-12 22:21:00,57.6
2025-06-12 12:10:00,62.3
2025-06-12 19:24:00,76.3
2025-06-12 15:59:00,23.5
2025-06-12 04:41:00,97.7
2025-06-12 05:51:00,20.1
2025-06-12 05:05:00,62.6
2025-06-12 23:22:00,47.6
2025-06-12 02:26:00,17.0
2025-06-12 07:00:00,57.6
2025-06-12 02:31:00,75.7
2025-06-12 06:13:00,48.3
2025-06-12 00:41:00,65.7
2025-06-12 17:36:00,62.6
2025-06-12 00:24:00,91.3
2025-06-12 11:46:00,50.019744401453856
2025-06-12 12:21:00,68.5
2025-06-12 10:46:00,23.6
2025-06-12 12:37:00,0.2
2025-06-12 16:07:00,56.1
2025-06-12 13:13:00,20.4
2025-06-12 02:39:00,73.9
2025-06-12 10:40:00,50.019744401453856
2025-06-12 15:24:00,50.019744401453856
2025-06-12 01:20:00,26.3
2025-06-12 15:47:00,84.3
2025-06-12 22:56:00,50.019744401453856
2025-06-12 17:31:00,91.7
2025-06-12 22:01:00,36.8
2025-06-12 05:28:00,50.2
2025-06-12 17:11:00,4.7
2025-06-12 12:46:00,7.8
2025-06-12 19:53:00,76.3
2025-06-12 04:22:00,7.3
2025-06-12 21:36:00,18.0
2025-06-12 04:49:00,27.4
2025-06-12 02:54:00,30.9
2025-06-12 14:59:00,37.9
2025-06-12 08:07:00,14.6
2025-06-12 05:13:00,6.0
2025-06-12 20:19:00,96.9
2025-06-12 20:30:00,85.8
2025-06-12 09:44:00,75.5
2025-06-12 23:43:00,43.0
2025-06-12 09:08:00,43.0
2025-06-12 09:32:00,8.5
2025-06-12 14:05:00,2.6
2025-06-12 20:11:00,71.0
2025-06-12 18:02:00,69.7
2025-06-12 21:02:00,50.019744401453856
2025-06-12 01:47:00,80.0
2025-06-12 16:18:00,26.0
2025-06-12 12:43:00,48.2
2025-06-12 18:33:00,42.2
2025-06-12 10:21:00,72.0
2025-06-12 08:17:00,63.0
2025-06-12 16:31:00,68.1
2025-06-12 16:12:00,49.0
2025-06-12 22:00:00,50.0
2025-06-12 12:35:00,70.1
2025-06-12 21:00:00,86.2
2025-06-12 14:02:00,49.94205948042788
2025-06-12 12:03:00,19.7
2025-06-12 18:39:00,19.2
2025-06-12 18:57:00,73.5
2025-06-12 04:44:00,11.1
2025-06-12 16:48:00,12.0
2025-06-12 19:43:00,22.0
2025-06-12 01:17:00,92.4
2025-06-12 18:23:00,24.3
2025-06-12 04:07:00,13.4
2025-06-12 02:53:00,14.3
2025-06-12 00:24:00,1.2
2025-06-12 18:04:00,16.2
2025-06-12 12:27:00,30.9
2025-06-12 01:00:00,36.6
2025-06-12 08:56:00,94.3
2025-06-12 01:48:00,69.5
2025-06-12 15:32:00,36.7
2025-06-12 11:36:00,8.5
2025-06-12 14:22:00,70.2
2025-06-12 10:31:00,0.8
2025-06-12 16:31:00,14.3
2025-06-12 16:51:00,49.94205948042788
2025-06-12 17:26:00,39.3
2025-06-12 18:09:00,52.1
2025-06-12 07:21:00,35.3
2025-06-12 16:35:00,88.2
2025-06-12 00:08:00,75.6
2025-06-12 20:07:00,49.94205948042788
2025-06-12 03:16:00,70.3
2025-06-12 03:42:00,40.3
2025-06-12 14:35:00,49.94205948042788
2025-06-12 03:57:00,49.94205948042788
2025-06-12 08:00:00,22.5
2025-06-12 12:56:00,49.94205948042788
2025-06-12 17:54:00,34.0
2025-06-12 10:43:00,49.94205948042788
2025-06-12 07:01:00,43.8
2025-06-12 16:45:00,62.6
2025-06-12 07:14:00,88.3
2025-06-12 09:57:00,82.1
2025-06-12 11:10:00,37.8
2025-06-12 23:26:00,60.1
2025-06-12 13:17:00,66.6
2025-06-12 12:32:00,38.5
2025-06-12 23:43:00,79.6
2025-06-12 06:04:00,14.3
2025-06-12 15:02:00,68.6
2025-06-12 20:21:00,59.7
2025-06-12 00:02:00,13.0
2025-06-12 10:06:00,49.94205948042788
2025-06-12 14:48:00,23.7
2025-06-12 20:06:00,16.6
2025-06-12 02:19:00,58.3
2025-06-12 09:04:00,4.3
2025-06-12 13:54:00,56.8
2025-06-12 18:50:00,85.8
2025-06-12 09:22:00,36.4
2025-06-12 09:23:00,49.94205948042788
2025-06-12 15:13:00,56.8
2025-06-12 08:40:00,53.5
2025-06-12 12:40:00,87.5
2025-06-12 05:38:00,29.8
2025-06-12 14:17:00,95.8
2025-06-12 21:27:00,46.2
2025-06-12 08:59:00,9.3
2025-06-12 13:42:00,72.8
2025-06-12 23:19:00,32.1
2025-06-12 20:22:00,27.1
2025-06-12 20:09:00,49.94205948042788
2025-06-12 17:16:00,24.1
2025-06-12 12:16:00,93.4
2025-06-12 19:15:00,39.2
2025-06-12 00:19:00,82.4
2025-06-12 04:03:00,8.5
2025-06-12 23:38:00,15.2
2025-06-12 19:21:00,67.7
2025-06-12 09:59:00,12.0
2025-06-12 09:52:00,93.2
2025-06-12 18:59:00,19.1
2025-06-12 08:46:00,42.4
2025-06-12 09:42:00,49.94205948042788
2025-06-12 09:16:00,49.94205948042788
2025-06-12 09:14:00,99.8
2025-06-12 01:16:00,39.6
2025-06-12 16:37:00,13.0
2025-06-12 01:58:00,81.8
2025-06-12 06:56:00,49.94205948042788
2025-06-12 23:39:00,37.9
2025-06-12 12:33:00,67.7
2025-06-12 04:24:00,87.3
2025-06-12 21:09:00,19.9
2025-06-12 08:30:00,67.7
2025-06-12 23:04:00,48.2
2025-06-12 12:14:00,35.9
2025-06-12 12:08:00,14.0
2025-06-12 00:39:00,7.4
2025-06-12 08:11:00,47.8
2025-06-12 20:15:00,5.9
2025-06-12 10:27:00,37.7
2025-06-12 00:58:00,66.4
2025-06-12 13:56:00,49.94205948042788
2025-06-12 23:27:00,16.9
2025-06-12 23:11:00,93.5
2025-06-12 08:50:00,92.0
2025-06-12 00:30:00,40.3
2025-06-12 02:21:00,49.94205948042788
2025-06-12 10:20:00,23.8
2025-06-12 12:55:00,49.3
2025-06-12 08:13:00,92.1
2025-06-12 08:53:00,49.94205948042788
2025-06-12 05:04:00,12.1
2025-06-12 21:30:00,0.3
2025-06-12 07:57:00,61.1
2025-06-12 18:35:00,26.0
2025-06-12 08:23:00,60.9
2025-06-12 20:59:00,88.6
2025-06-12 04:15:00,7.6
2025-06-12 14:42:00,31.6
2025-06-12 03:46:00,49.94205948042788
2025-06-12 00:20:00,49.94205948042788
2025-06-12 11:03:00,66.0
2025-06-12 07:04:00,97.9
2025-06-12 23:56:00,0.4
2025-06-12 06:02:00,47.9
2025-06-12 20:56:00,86.1
2025-06-12 07:50:00,49.94205948042788
2025-06-12 15:11:00,36.4
2025-06-12 19:41:00,49.94205948042788
2025-06-12 09:53:00,64.7
2025-06-12 19:03:00,1.7
2025-06-12 17:28:00,38.0
2025-06-12 02:22:00,38.0
2025-06-12 18:29:00,85.1
2025-06-12 21:44:00,56.1
2025-06-12 14:43:00,97.8
2025-06-12 02:25:00,49.94205948042788
2025-06-12 03:30:00,97.5
2025-06-12 00:17:00,19.3
2025-06-12 10:48:00,42.3
2025-06-12 08:44:00,56.8
2025-06-12 23:22:00,25.0
2025-06-12 13:30:00,24.7
2025-06-12 00:06:00,19.0
2025-06-12 13:07:00,32.0
2025-06-12 03:32:00,89.5
2025-06-12 19:40:00,82.0
2025-06-12 10:02:00,11.7
2025-06-12 10:30:00,34.3
2025-06-12 09:37:00,52.5
2025-06-12 10:23:00,3.4
2025-06-12 03:25:00,49.94205948042788
2025-06-12 05:57:00,31.9
2025-06-12 19:56:00,74.7
2025-06-12 00:33:00,88.5
2025-06-12 01:44:00,95.1
2025-06-12 04:58:00,20.4
2025-06-12 10:24:00,7.9
2025-06-12 06:26:00,76.2
2025-06-12 18:43:00,48.5
2025-06-12 04:26:00,13.1
2025-06-12 15:06:00,28.6
2025-06-12 21:36:00,69.4
2025-06-12 21:28:00,23.8
2025-06-12 22:27:00,49.0
2025-06-12 23:45:00,94.9
2025-06-12 13:59:00,30.2
2025-06-12 05:15:00,82.8
2025-06-12 14:55:00,54.1
2025-06-12 02:24:00,20.8
2025-06-12 10:46:00,10.3
2025-06-12 06:38:00,79.6
2025-06-12 03:09:00,5.9
2025-06-12 09:06:00,49.94205948042788
2025-06-12 15:51:00,13.0
2025-06-12 00:43:00,49.94205948042788
2025-06-12 20:49:00,49.94205948042788
2025-06-12 03:44:00,43.3
2025-06-12 22:53:00,52.2
2025-06-12 06:28:00,28.6
2025-06-12 06:18:00,49.94205948042788
2025-06-12 08:32:00,18.0
2025-06-12 11:52:00,10.8
2025-06-12 02:45:00,49.94205948042788
2025-06-12 09:34:00,27.7
2025-06-12 10:10:00,49.94205948042788
2025-06-12 17:44:00,3.5
2025-06-12 22:50:00,65.8
2025-06-12 06:48:00,2.6
2025-06-12 15:49:00,52.8
2025-06-12 12:49:00,12.5
2025-06-12 11:34:00,1.9
2025-06-12 14:07:00,86.2
2025-06-12 16:39:00,69.7
2025-06-12 11:01:00,13.2
2025-06-12 06:07:00,29.7
2025-06-12 07:40:00,6.7
2025-06-12 10:11:00,89.2
2025-06-12 19:33:00,49.94205948042788
2025-06-12 01:13:00,79.5
2025-06-12 08:01:00,30.6
2025-06-12 23:33:00,56.4
2025-06-12 22:30:00,14.1
2025-06-12 05:29:00,58.2
2025-06-12 12:04:00,49.94205948042788
2025-06-12 11:06:00,49.94205948042788
2025-06-12 20:28:00,49.94205948042788
2025-06-12 16:50:00,74.3
2025-06-12 13:12:00,49.94205948042788
2025-06-12 22:03:00,59.5
2025-06-12 06:08:00,19.0
2025-06-12 01:23:00,78.6
2025-06-12 21:32:00,3.9
2025-06-12 05:23:00,60.1
2025-06-12 15:59:00,25.0
2025-06-12 05:10:00,13.6
2025-06-12 05:26:00,3.0
2025-06-12 06:23:00,36.1
2025-06-12 02:10:00,90.6
2025-06-12 19:34:00,12.5
2025-06-12 17:59:00,71.1
2025-06-12 23:20:00,82.0
2025-06-12 03:56:00,42.3
2025-06-12 09:07:00,39.8
2025-06-12 06:41:00,48.0
2025-06-12 20:18:00,49.94205948042788
2025-06-12 12:23:00,34.2
2025-06-12 09:51:00,55.6
2025-06-12 18:11:00,8.8
2025-06-12 18:51:00,8.9
2025-06-12 15:00:00,57.7
2025-06-12 12:22:00,25.1
2025-06-12 06:33:00,29.1
2025-06-12 22:37:00,28.9
2025-06-12 23:53:00,21.9
2025-06-12 03:35:00,88.8
2025-06-12 05:30:00,13.0
2025-06-12 13:21:00,71.7
2025-06-12 15:01:00,12.8
2025-06-12 22:58:00,17.8
2025-06-12 09:50:00,84.6
2025-06-12 16:15:00,8.8
2025-06-12 09:46:00,56.3
2025-06-12 07:49:00,8.2
2025-06-12 03:06:00,19.7
2025-06-12 13:13:00,49.7
2025-06-12 11:00:00,66.3
2025-06-12 18:38:00,49.94205948042788
2025-06-12 17:52:00,75.4
2025-06-12 08:09:00,1.0
2025-06-12 18:18:00,62.4
2025-06-12 14:01:00,47.8
2025-06-12 05:50:00,80.5
2025-06-12 00:38:00,9.8
2025-06-12 21:56:00,49.94205948042788
2025-06-12 23:46:00,21.1
2025-06-12 11:38:00,98.4
2025-06-12 00:12:00,47.7
2025-06-12 18:16:00,40.9
2025-06-12 03:59:00,56.5
2025-06-12 01:53:00,49.94205948042788
2025-06-12 02:39:00,48.8
2025-06-12 08:48:00,29.8
2025-06-12 01:30:00,10.0
2025-06-12 14:28:00,97.7
2025-06-12 00:54:00,57.8
2025-06-12 18:26:00,90.3
2025-06-12 15:27:00,58.3
2025-06-12 18:01:00,49.94205948042788
2025-06-12 19:46:00,58.2
2025-06-12 14:11:00,64.7
2025-06-12 20:54:00,71.4
2025-06-12 15:09:00,49.94205948042788
2025-06-12 17:06:00,58.1
2025-06-12 14:46:00,59.4
2025-06-12 10:45:00,47.4
2025-06-12 14:34:00,50.9
2025-06-12 18:24:00,52.4
2025-06-12 09:44:00,49.94205948042788
2025-06-12 10:26:00,49.94205948042788
2025-06-12 07:11:00,49.94205948042788
2025-06-12 16:58:00,49.94205948042788
2025-06-12 19:00:00,21.4
2025-06-12 07:30:00,24.0
2025-06-12 09:27:00,73.3
2025-06-12 04:42:00,30.5
2025-06-12 23:15:00,36.8
2025-06-12 15:48:00,53.7
2025-06-12 10:29:00,17.1
2025-06-12 01:57:00,53.8
2025-06-12 00:29:00,49.94205948042788
2025-06-12 07:47:00,33.1
2025-06-12 04:38:00,78.4
2025-06-12 01:27:00,49.94205948042788
2025-06-12 07:25:00,97.9
2025-06-12 01:32:00,49.94205948042788
2025-06-12 09:00:00,49.94205948042788
2025-06-12 11:18:00,65.1
2025-06-12 13:51:00,5.8
2025-06-12 14:45:00,34.0
2025-06-12 14:59:00,84.3
2025-06-12 15:31:00,38.0
2025-06-12 12:09:00,51.4
2025-06-12 14:21:00,4.1
2025-06-12 09:39:00,87.6
2025-06-12 18:46:00,14.3
2025-06-12 06:21:00,99.7
2025-06-12 22:55:00,73.4
2025-06-12 06:20:00,0.1
2025-06-12 18:34:00,50.024092836946274
2025-06-12 22:30:00,95.5
2025-06-12 15:52:00,32.7
2025-06-12 22:12:00,22.6
2025-06-12 15:46:00,9.4
2025-06-12 13:36:00,24.0
2025-06-12 17:10:00,81.8
2025-06-12 10:54:00,23.0
2025-06-12 02:30:00,3.8
2025-06-12 06:38:00,49.5
2025-06-12 18:25:00,33.0
2025-06-12 13:26:00,17.5
2025-06-12 01:07:00,50.024092836946274
2025-06-12 17:36:00,34.8
2025-06-12 00:14:00,49.1
2025-06-12 13:12:00,19.5
2025-06-12 23:35:00,46.6
2025-06-12 20:55:00,13.7
2025-06-12 12:31:00,76.2
2025-06-12 07:13:00,7.0
2025-06-12 17:06:00,99.0
2025-06-12 10:46:00,60.9
2025-06-12 04:45:00,54.8
2025-06-12 12:36:00,96.5
2025-06-12 20:47:00,17.6
2025-06-12 15:56:00,86.7
2025-06-12 04:31:00,55.7
2025-06-12 08:42:00,14.2
2025-06-12 17:23:00,76.5
2025-06-12 12:07:00,46.7
2025-06-12 20:53:00,88.3
2025-06-12 03:03:00,34.6
2025-06-12 22:08:00,10.8
2025-06-12 19:05:00,50.024092836946274
2025-06-12 13:20:00,90.1
2025-06-12 16:27:00,42.5
2025-06-12 12:58:00,50.024092836946274
2025-06-12 07:37:00,76.0
2025-06-12 08:31:00,0.2
2025-06-12 06:22:00,92.5
2025-06-12 05:28:00,75.2
2025-06-12 03:39:00,0.1
2025-06-12 18:07:00,37.4
2025-06-12 17:05:00,14.2
2025-06-12 04:17:00,48.7
2025-06-12 10:12:00,50.024092836946274
2025-06-12 19:15:00,5.2
2025-06-12 08:10:00,9.8
2025-06-12 11:41:00,3.0
2025-06-12 21:31:00,25.2
2025-06-12 03:31:00,50.024092836946274
2025-06-12 05:04:00,80.0
2025-06-12 21:06:00,9.5
2025-06-12 00:09:00,27.8
2025-06-12 15:15:00,62.7
2025-06-12 16:41:00,91.9
2025-06-12 14:13:00,50.024092836946274
2025-06-12 19:12:00,50.024092836946274
2025-06-12 20:06:00,31.9
2025-06-12 09:35:00,54.4
2025-06-12 10:18:00,27.5
2025-06-12 05:15:00,20.5
2025-06-12 01:59:00,64.2
2025-06-12 00:44:00,37.1
2025-06-12 08:55:00,88.7
2025-06-12 21:27:00,73.7
2025-06-12 06:57:00,66.2
2025-06-12 20:35:00,93.7
2025-06-12 11:39:00,81.1
2025-06-12 02:02:00,71.3
2025-06-12 10:50:00,75.4
2025-06-12 02:11:00,78.3
2025-06-12 01:57:00,8.8
2025-06-12 22:22:00,78.3
2025-06-12 19:02:00,31.7
2025-06-12 10:39:00,11.5
2025-06-12 00:47:00,53.9
2025-06-12 02:13:00,61.0
2025-06-12 14:45:00,2.8
2025-06-12 22:56:00,43.3
2025-06-12 21:48:00,88.7
2025-06-12 09:11:00,79.0
2025-06-12 02:43:00,82.2
2025-06-12 16:12:00,19.2
2025-06-12 02:32:00,79.1
2025-06-12 04:48:00,99.5
2025-06-12 18:00:00,24.4
2025-06-12 02:04:00,88.7
2025-06-12 00:42:00,65.9
2025-06-12 14:38:00,18.3
2025-06-12 12:50:00,4.5
2025-06-12 21:29:00,2.6
2025-06-12 20:42:00,10.1
2025-06-12 17:48:00,20.2
2025-06-12 08:04:00,50.024092836946274
2025-06-12 01:06:00,50.024092836946274
2025-06-12 02:20:00,12.4
2025-06-12 09:57:00,50.024092836946274
2025-06-12 23:11:00,87.0
2025-06-12 15:01:00,50.024092836946274
2025-06-12 09:45:00,37.0
2025-06-12 06:39:00,68.3
2025-06-12 13:58:00,30.1
2025-06-12 11:12:00,36.7
2025-06-12 17:21:00,34.9
2025-06-12 07:03:00,39.6
2025-06-12 06:35:00,50.024092836946274
2025-06-12 07:06:00,91.2
2025-06-12 02:08:00,1.5
2025-06-12 04:24:00,62.4
2025-06-12 21:13:00,59.8
2025-06-12 10:23:00,1.3
2025-06-12 10:36:00,99.7
2025-06-12 07:15:00,74.3
2025-06-12 17:59:00,50.024092836946274
2025-06-12 12:17:00,38.8
2025-06-12 12:27:00,85.0
2025-06-12 06:07:00,87.1
2025-06-12 12:18:00,95.3
2025-06-12 19:11:00,65.6
2025-06-12 13:31:00,14.1
2025-06-12 10:10:00,50.024092836946274
2025-06-12 12:41:00,93.7
2025-06-12 09:22:00,50.024092836946274
2025-06-12 22:57:00,76.8
2025-06-12 10:29:00,38.9
2025-06-12 07:29:00,4.7
2025-06-12 10:56:00,87.7
2025-06-12 03:28:00,65.7
2025-06-12 07:08:00,95.6
2025-06-12 23:53:00,62.3
2025-06-12 14:56:00,50.024092836946274
2025-06-12 03:34:00,78.1
2025-06-12 01:58:00,50.024092836946274
2025-06-12 17:43:00,49.3
2025-06-12 03:12:00,67.4
2025-06-12 15:40:00,16.3
2025-06-12 08:39:00,49.2
2025-06-12 14:30:00,30.5
2025-06-12 01:29:00,46.1
2025-06-12 02:29:00,46.9
2025-06-12 12:43:00,6.5
2025-06-12 02:52:00,94.9
2025-06-12 22:40:00,82.8
2025-06-12 11:34:00,0.6
2025-06-12 01:24:00,50.024092836946274
2025-06-12 08:21:00,70.9
2025-06-12 07:57:00,5.8
2025-06-12 20:11:00,92.7
2025-06-12 01:20:00,50.024092836946274
2025-06-12 06:44:00,57.1
2025-06-12 21:05:00,82.5
2025-06-12 04:22:00,6.8
2025-06-12 08:27:00,44.2
2025-06-12 18:11:00,72.7
2025-06-12 03:45:00,53.8
2025-06-12 17:50:00,13.1
2025-06-12 14:02:00,4.0
2025-06-12 21:33:00,52.2
2025-06-12 22:04:00,68.4
2025-06-12 16:22:00,50.024092836946274
2025-06-12 21:12:00,50.024092836946274
2025-06-12 19:41:00,31.0
2025-06-12 05:59:00,39.6
2025-06-12 02:01:00,27.4
2025-06-12 14:34:00,34.5
2025-06-12 11:54:00,50.024092836946274
2025-06-12 07:19:00,4.2
2025-06-12 11:14:00,50.0
2025-06-12 21:36:00,58.2
2025-06-12 18:21:00,50.024092836946274
2025-06-12 11:26:00,51.6
2025-06-12 09:33:00,91.3
2025-06-12 16:44:00,1.6
2025-06-12 12:22:00,9.1
2025-06-12 10:40:00,55.9
2025-06-12 16:21:00,74.3
2025-06-12 23:51:00,82.2
2025-06-12 17:33:00,66.6
2025-06-12 11:37:00,50.024092836946274
2025-06-12 08:33:00,6.9
2025-06-12 20:41:00,81.1
2025-06-12 10:20:00,19.5
2025-06-12 16:24:00,33.5
2025-06-12 15:51:00,50.024092836946274
2025-06-12 09:46:00,89.6
2025-06-12 22:00:00,41.3
2025-06-12 20:08:00,38.4
2025-06-12 14:29:00,94.9
2025-06-12 13:00:00,43.8
2025-06-12 09:31:00,62.2
2025-06-12 13:04:00,19.8
2025-06-12 06:03:00,62.9
2025-06-12 23:28:00,54.9
2025-06-12 14:20:00,27.0
2025-06-12 07:07:00,50.024092836946274
2025-06-12 04:08:00,50.0
2025-06-12 05:32:00,57.7
2025-06-12 05:52:00,60.1
2025-06-12 12:01:00,53.9
2025-06-12 17:13:00,50.024092836946274
2025-06-12 20:22:00,50.024092836946274
2025-06-12 05:02:00,50.024092836946274
2025-06-12 03:10:00,16.5
2025-06-12 17:53:00,20.7
2025-06-12 04:07:00,47.5
2025-06-12 00:18:00,50.024092836946274
2025-06-12 21:41:00,34.1
2025-06-12 07:11:00,23.0
2025-06-12 23:31:00,19.5
2025-06-12 11:55:00,50.024092836946274
2025-06-12 10:53:00,2.2
2025-06-12 07:42:00,93.5
2025-06-12 04:10:00,80.3
2025-06-12 14:07:00,97.9
2025-06-12 10:11:00,8.8
2025-06-12 22:48:00,58.5
2025-06-12 17:16:00,27.1
2025-06-12 15:33:00,51.7
2025-06-12 03:46:00,50.024092836946274
2025-06-12 09:27:00,50.024092836946274
2025-06-12 21:18:00,96.6
2025-06-12 16:42:00,50.024092836946274
2025-06-12 00:45:00,14.2
2025-06-12 14:08:00,33.9
2025-06-12 13:54:00,77.5
2025-06-12 05:23:00,96.1
2025-06-12 16:28:00,50.024092836946274
2025-06-12 14:16:00,45.0
2025-06-12 05:49:00,50.024092836946274
2025-06-12 10:55:00,77.3
2025-06-12 01:51:00,5.5
2025-06-12 07:24:00,98.2
2025-06-12 03:43:00,39.9
2025-06-12 11:59:00,11.5
2025-06-12 23:49:00,50.024092836946274
2025-06-12 22:42:00,90.0
2025-06-12 23:33:00,31.2
2025-06-12 03:41:00,94.6
2025-06-12 09:16:00,29.5
2025-06-12 09:21:00,92.8
2025-06-12 07:18:00,45.4
2025-06-12 09:23:00,70.8
2025-06-12 16:34:00,50.024092836946274
2025-06-12 02:59:00,55.2
2025-06-12 10:49:00,84.4
2025-06-12 15:53:00,74.6
2025-06-12 18:44:00,93.4
2025-06-12 20:03:00,80.0
2025-06-12 00:26:00,68.0
2025-06-12 12:49:00,50.024092836946274
2025-06-12 12:44:00,85.4
2025-06-12 09:51:00,45.2
2025-06-12 18:41:00,50.024092836946274
2025-06-12 09:24:00,85.3
2025-06-12 04:56:00,62.5
2025-06-12 21:58:00,64.0
2025-06-12 03:27:00,12.5
2025-06-12 18:01:00,71.7
2025-06-12 20:52:00,41.6
2025-06-12 00:04:00,4.7
2025-06-12 03:37:00,7.8
2025-06-12 07:04:00,71.3
2025-06-12 06:59:00,60.2
2025-06-12 17:28:00,50.6
2025-06-12 03:36:00,11.5
2025-06-12 08:20:00,8.5
2025-06-12 19:49:00,66.3
2025-06-12 03:19:00,72.9
2025-06-12 16:58:00,8.9
2025-06-12 14:09:00,14.3
2025-06-12 05:22:00,19.6
2025-06-12 14:26:00,26.1
2025-06-12 10:19:00,22.9
2025-06-12 12:20:00,3.9
2025-06-12 18:40:00,74.9
2025-06-12 15:43:00,39.4
2025-06-12 00:49:00,89.6
2025-06-12 12:32:00,95.6
2025-06-12 13:44:00,43.8
2025-06-12 18:04:00,50.024092836946274
2025-06-12 13:53:00,11.4
2025-06-12 01:41:00,15.2
2025-06-12 08:03:00,15.7
2025-06-12 09:01:00,50.024092836946274
2025-06-12 23:55:00,65.7
2025-06-12 04:14:00,21.0
2025-06-12 03:14:00,95.8
2025-06-12 11:33:00,81.1
2025-06-12 13:10:00,68.9
2025-06-12 02:25:00,33.0
2025-06-12 22:48:00,63.1
2025-06-12 07:05:00,72.0
2025-06-12 05:34:00,36.9
2025-06-12 06:01:00,42.3
2025-06-12 13:57:00,9.1
2025-06-12 19:16:00,20.6
2025-06-12 06:19:00,92.9
2025-06-12 04:18:00,49.2
2025-06-12 13:28:00,95.5
2025-06-12 20:25:00,55.5
2025-06-12 05:07:00,35.0
2025-06-12 02:31:00,77.1
2025-06-12 14:12:00,8.3
2025-06-12 15:19:00,52.0
2025-06-12 06:07:00,77.6
2025-06-12 11:50:00,49.54963144963145
2025-06-12 22:35:00,91.8
2025-06-12 10:05:00,80.1
2025-06-12 12:42:00,49.54963144963145
2025-06-12 21:59:00,31.2
2025-06-12 23:26:00,23.8
2025-06-12 13:15:00,81.8
2025-06-12 21:57:00,65.3
2025-06-12 21:15:00,79.8
2025-06-12 07:31:00,49.54963144963145
2025-06-12 10:59:00,79.4
2025-06-12 06:21:00,30.4
2025-06-12 00:15:00,16.2
2025-06-12 01:32:00,76.0
2025-06-12 23:34:00,46.0
2025-06-12 02:58:00,85.8
2025-06-12 07:00:00,13.4
2025-06-12 10:30:00,26.3
2025-06-12 01:55:00,78.2
2025-06-12 12:30:00,21.5
2025-06-12 05:47:00,49.54963144963145
2025-06-12 05:33:00,51.5
2025-06-12 02:56:00,45.2
2025-06-12 20:47:00,93.9
2025-06-12 22:19:00,96.5
2025-06-12 04:28:00,30.3
2025-06-12 07:32:00,81.5
2025-06-12 06:42:00,17.1
2025-06-12 23:33:00,49.54963144963145
2025-06-12 17:11:00,5.5
2025-06-12 10:45:00,41.5
2025-06-12 09:48:00,61.2
2025-06-12 19:23:00,25.5
2025-06-12 10:11:00,26.5
2025-06-12 11:14:00,69.7
2025-06-12 03:49:00,71.3
2025-06-12 11:27:00,32.8
2025-06-12 14:09:00,7.8
2025-06-12 03:13:00,41.9
2025-06-12 13:13:00,65.7
2025-06-12 17:50:00,9.5
2025-06-12 23:38:00,49.54963144963145
2025-06-12 11:07:00,61.7
2025-06-12 21:34:00,19.6
2025-06-12 01:38:00,24.7
2025-06-12 16:06:00,49.54963144963145
2025-06-12 14:25:00,17.4
2025-06-12 12:15:00,84.5
2025-06-12 21:05:00,17.3
2025-06-12 20:40:00,69.9
2025-06-12 09:41:00,66.0
2025-06-12 16:02:00,44.7
2025-06-12 08:04:00,7.9
2025-06-12 16:25:00,49.54963144963145
2025-06-12 11:59:00,84.9
2025-06-12 15:46:00,49.54963144963145
2025-06-12 01:04:00,60.4
2025-06-12 05:05:00,3.0
2025-06-12 07:24:00,43.3
2025-06-12 16:54:00,13.7
2025-06-12 12:53:00,60.7
2025-06-12 15:02:00,34.5
2025-06-12 01:23:00,27.7
2025-06-12 01:49:00,91.9
2025-06-12 05:18:00,59.6
2025-06-12 16:44:00,20.6
2025-06-12 13:46:00,49.54963144963145
2025-06-12 06:50:00,40.1
2025-06-12 10:23:00,18.3
2025-06-12 05:11:00,11.9
2025-06-12 13:54:00,19.4
2025-06-12 07:49:00,22.2
2025-06-12 09:43:00,19.9
2025-06-12 10:58:00,37.2
2025-06-12 12:10:00,18.3
2025-06-12 09:06:00,16.6
2025-06-12 23:55:00,84.9
2025-06-12 15:09:00,49.4
2025-06-12 11:44:00,54.0
2025-06-12 12:34:00,35.0
2025-06-12 03:25:00,34.6
2025-06-12 14:35:00,98.6
2025-06-12 11:01:00,83.8
2025-06-12 15:13:00,49.54963144963145
2025-06-12 16:22:00,1.4
2025-06-12 23:13:00,71.2
2025-06-12 11:08:00,53.7
2025-06-12 16:08:00,49.54963144963145
2025-06-12 03:15:00,47.3
2025-06-12 05:52:00,49.54963144963145
2025-06-12 19:18:00,22.9
2025-06-12 10:27:00,49.5
2025-06-12 15:31:00,98.0
2025-06-12 22:03:00,26.8
2025-06-12 05:17:00,40.6
2025-06-12 03:39:00,50.6
2025-06-12 11:02:00,74.1
2025-06-12 12:09:00,32.2
2025-06-12 00:27:00,60.5
2025-06-12 20:36:00,73.8
2025-06-12 14:33:00,96.9
2025-06-12 04:25:00,27.1
2025-06-12 19:03:00,49.54963144963145
2025-06-12 22:54:00,50.1
2025-06-12 12:58:00,49.0
2025-06-12 14:22:00,29.5
2025-06-12 02:12:00,49.54963144963145
2025-06-12 02:32:00,60.5
2025-06-12 05:00:00,16.2
2025-06-12 23:40:00,19.1
2025-06-12 05:46:00,95.4
2025-06-12 02:09:00,56.4
2025-06-12 23:35:00,66.7
2025-06-12 20:12:00,44.1
2025-06-12 06:14:00,1.3
2025-06-12 09:01:00,52.1
2025-06-12 09:16:00,50.6
2025-06-12 02:05:00,49.54963144963145
2025-06-12 06:51:00,64.0
2025-06-12 14:57:00,49.54963144963145
2025-06-12 14:30:00,72.1
2025-06-12 18:49:00,73.4
2025-06-12 05:09:00,7.6
2025-06-12 02:35:00,49.54963144963145
2025-06-12 08:46:00,95.5
2025-06-12 01:35:00,87.9
2025-06-12 16:28:00,77.9
2025-06-12 04:08:00,49.54963144963145
2025-06-12 05:40:00,15.1
2025-06-12 15:20:00,79.0
2025-06-12 07:38:00,6.6
2025-06-12 06:15:00,36.5
2025-06-12 04:11:00,67.7
2025-06-12 20:55:00,94.5
2025-06-12 15:43:00,39.9
2025-06-12 23:07:00,49.54963144963145
2025-06-12 02:21:00,82.2
2025-06-12 18:59:00,83.8
2025-06-12 13:53:00,1.7
2025-06-12 20:42:00,49.3
2025-06-12 02:37:00,93.7
2025-06-12 13:02:00,85.6
2025-06-12 15:23:00,39.2
2025-06-12 18:15:00,93.2
2025-06-12 01:15:00,71.5
2025-06-12 01:57:00,42.5
2025-06-12 23:44:00,49.54963144963145
2025-06-12 13:08:00,41.3
2025-06-12 00:09:00,77.6
2025-06-12 11:39:00,94.7
2025-06-12 14:32:00,49.54963144963145
2025-06-12 14:16:00,49.54963144963145
2025-06-12 17:24:00,0.0
2025-06-12 14:28:00,83.2
2025-06-12 12:38:00,49.54963144963145
2025-06-12 11:20:00,91.6
2025-06-12 18:07:00,72.8
2025-06-12 19:39:00,39.7
2025-06-12 16:34:00,70.5
2025-06-12 11:31:00,97.9
2025-06-12 11:28:00,47.1
2025-06-12 04:09:00,70.0
2025-06-12 11:30:00,7.6
2025-06-12 22:51:00,43.8
2025-06-12 19:43:00,50.7
2025-06-12 10:14:00,59.6
2025-06-12 15:26:00,64.6
2025-06-12 01:53:00,49.54963144963145
2025-06-12 02:11:00,68.2
2025-06-12 00:18:00,2.5
2025-06-12 06:41:00,33.5
2025-06-12 06:48:00,0.5
2025-06-12 10:04:00,65.0
2025-06-12 22:06:00,28.1
2025-06-12 18:25:00,49.54963144963145
2025-06-12 21:09:00,16.5
2025-06-12 04:22:00,0.5
2025-06-12 07:35:00,12.1
2025-06-12 00:11:00,47.0
2025-06-12 02:04:00,3.3
2025-06-12 09:21:00,77.3
2025-06-12 06:24:00,82.1
2025-06-12 20:41:00,32.8
2025-06-12 07:27:00,20.0
2025-06-12 14:01:00,26.6
2025-06-12 23:00:00,29.2
2025-06-12 15:33:00,5.7
2025-06-12 08:10:00,36.3
2025-06-12 22:11:00,12.9
2025-06-12 07:09:00,24.2
2025-06-12 00:53:00,49.54963144963145
2025-06-12 13:43:00,16.7
2025-06-12 23:49:00,78.8
2025-06-12 09:32:00,76.6
2025-06-12 18:29:00,49.54963144963145
2025-06-12 11:48:00,49.54963144963145
2025-06-12 11:22:00,37.0
2025-06-12 02:45:00,90.7
2025-06-12 00:50:00,27.3
2025-06-12 05:36:00,18.2
2025-06-12 05:10:00,99.0
2025-06-12 06:39:00,33.8
2025-06-12 22:23:00,19.4
2025-06-12 00:29:00,68.8
2025-06-12 21:42:00,95.8
2025-06-12 11:00:00,44.2
2025-06-12 17:16:00,8.6
2025-06-12 13:04:00,34.6
2025-06-12 00:13:00,54.2
2025-06-12 18:18:00,75.7
2025-06-12 08:37:00,37.3
2025-06-12 01:48:00,45.9
2025-06-12 23:56:00,93.4
2025-06-12 14:48:00,71.8
2025-06-12 02:52:00,2.5
2025-06-12 06:29:00,49.54963144963145
2025-06-12 08:08:00,49.54963144963145
2025-06-12 06:32:00,99.0
2025-06-12 12:59:00,49.54963144963145
2025-06-12 16:21:00,37.8
2025-06-12 05:13:00,23.7
2025-06-12 13:52:00,49.54963144963145
2025-06-12 10:36:00,49.54963144963145
2025-06-12 14:00:00,43.9
2025-06-12 16:14:00,74.5
2025-06-12 17:41:00,97.1
2025-06-12 16:48:00,32.5
2025-06-12 19:31:00,27.6
2025-06-12 02:02:00,24.5
2025-06-12 23:17:00,46.8
2025-06-12 10:43:00,52.1
2025-06-12 06:25:00,68.5
2025-06-12 09:58:00,64.1
2025-06-12 17:10:00,35.5
2025-06-12 20:23:00,80.2
2025-06-12 19:34:00,49.54963144963145
2025-06-12 10:34:00,92.8
2025-06-12 00:16:00,92.0
2025-06-12 19:47:00,33.5
2025-06-12 11:16:00,87.9
2025-06-12 21:01:00,49.54963144963145
2025-06-12 05:35:00,31.0
2025-06-12 20:28:00,19.5
2025-06-12 21:08:00,12.3
2025-06-12 15:27:00,1.0
2025-06-12 09:31:00,51.1
2025-06-12 23:37:00,84.0
2025-06-12 14:37:00,30.7
2025-06-12 11:12:00,92.2
2025-06-12 11:55:00,12.2
2025-06-12 06:59:00,73.9
2025-06-12 11:58:00,30.4
2025-06-12 00:02:00,13.0
2025-06-12 03:35:00,70.4
2025-06-12 12:46:00,42.3
2025-06-12 13:22:00,12.0
2025-06-12 04:59:00,5.6
2025-06-12 18:28:00,55.4
2025-06-12 14:31:00,49.54963144963145
2025-06-12 08:14:00,10.1
2025-06-12 22:07:00,96.4
2025-06-12 08:19:00,57.0
2025-06-12 00:43:00,65.4
2025-06-12 23:50:00,70.2
2025-06-12 22:22:00,51.2
2025-06-12 01:39:00,49.54963144963145
2025-06-12 01:26:00,20.6
2025-06-12 08:30:00,89.5
2025-06-12 11:35:00,55.2
2025-06-12 21:48:00,46.9
2025-06-12 10:38:00,69.7
2025-06-12 19:50:00,73.1
2025-06-12 16:35:00,29.8
2025-06-12 07:03:00,48.1
2025-06-12 04:27:00,52.0
2025-06-12 12:49:00,24.0
2025-06-12 15:06:00,39.2
2025-06-12 04:52:00,27.1
2025-06-12 11:25:00,19.0
2025-06-12 10:00:00,83.5
2025-06-12 07:48:00,100.0
2025-06-12 06:43:00,49.54963144963145
2025-06-12 00:39:00,18.5
2025-06-12 23:31:00,49.7
2025-06-12 01:28:00,39.1
2025-06-12 03:02:00,49.54963144963145
2025-06-12 05:08:00,6.8
2025-06-12 13:34:00,51.3
2025-06-12 03:58:00,49.54963144963145
2025-06-12 21:53:00,24.0
2025-06-12 10:29:00,51.9
2025-06-12 13:14:00,72.0
2025-06-12 04:24:00,12.9
2025-06-12 01:27:00,49.54963144963145
2025-06-12 17:08:00,49.54963144963145
2025-06-12 12:00:00,39.7
2025-06-12 02:13:00,97.1
2025-06-12 00:41:00,49.54963144963145
2025-06-12 21:10:00,44.0
2025-06-12 01:40:00,86.6
2025-06-12 04:32:00,54.3
2025-06-12 21:43:00,60.2
2025-06-12 05:01:00,77.3
2025-06-12 22:05:00,59.8
2025-06-12 23:58:00,79.2
2025-06-12 21:19:00,80.7
2025-06-12 07:17:00,50.9
2025-06-12 19:58:00,30.4
2025-06-12 04:45:00,88.0
2025-06-12 01:14:00,18.2
2025-06-12 16:07:00,98.7
2025-06-12 16:30:00,49.54963144963145
2025-06-12 04:06:00,51.4
2025-06-12 05:37:00,77.4
2025-06-12 05:11:00,17.5
2025-06-12 21:35:00,85.2
2025-06-12 21:33:00,92.5
2025-06-12 20:11:00,24.0
2025-06-12 05:54:00,72.9
2025-06-12 11:46:00,91.7
2025-06-12 05:06:00,29.4
2025-06-12 07:48:00,61.9
2025-06-12 19:42:00,49.560128956623686
2025-06-12 21:04:00,46.8
2025-06-12 02:15:00,36.5
2025-06-12 01:07:00,49.560128956623686
2025-06-12 07:55:00,92.3
2025-06-12 15:48:00,68.9
2025-06-12 12:22:00,22.8
2025-06-12 14:53:00,49.560128956623686
2025-06-12 21:40:00,75.3
2025-06-12 03:53:00,12.1
2025-06-12 13:05:00,49.560128956623686
2025-06-12 13:53:00,4.3
2025-06-12 21:34:00,33.6
2025-06-12 01:25:00,8.9
2025-06-12 23:32:00,20.5
2025-06-12 17:41:00,66.7
2025-06-12 20:19:00,51.3
2025-06-12 12:17:00,35.4
2025-06-12 22:11:00,21.7
2025-06-12 15:45:00,49.560128956623686
2025-06-12 04:41:00,36.8
2025-06-12 19:50:00,49.560128956623686
2025-06-12 15:53:00,49.560128956623686
2025-06-12 17:26:00,26.2
2025-06-12 16:35:00,22.5
2025-06-12 07:45:00,44.0
2025-06-12 17:04:00,23.3
2025-06-12 04:05:00,49.560128956623686
2025-06-12 22:58:00,64.9
2025-06-12 05:24:00,43.1
2025-06-12 04:58:00,17.9
2025-06-12 12:41:00,53.6
2025-06-12 21:32:00,58.4
2025-06-12 22:08:00,49.560128956623686
2025-06-12 02:39:00,16.3
2025-06-12 05:08:00,49.560128956623686
2025-06-12 16:23:00,47.7
2025-06-12 16:42:00,44.4
2025-06-12 21:38:00,9.9
2025-06-12 11:33:00,20.8
2025-06-12 11:19:00,72.9
2025-06-12 16:45:00,39.2
2025-06-12 11:05:00,12.9
2025-06-12 11:12:00,95.0
2025-06-12 07:59:00,4.7
2025-06-12 15:57:00,70.6
2025-06-12 22:00:00,13.4
2025-06-12 02:50:00,56.0
2025-06-12 18:12:00,35.3
2025-06-12 15:00:00,40.3
2025-06-12 11:20:00,0.7
2025-06-12 15:17:00,9.3
2025-06-12 21:29:00,8.6
2025-06-12 02:00:00,8.3
2025-06-12 22:41:00,51.1
2025-06-12 12:48:00,84.9
2025-06-12 14:44:00,38.1
2025-06-12 16:44:00,26.0
2025-06-12 05:17:00,62.6
2025-06-12 02:54:00,49.560128956623686
2025-06-12 11:26:00,13.9
2025-06-12 01:09:00,6.4
2025-06-12 22:20:00,49.560128956623686
2025-06-12 01:22:00,12.2
2025-06-12 08:47:00,8.4
2025-06-12 01:32:00,10.2
2025-06-12 12:25:00,49.560128956623686
2025-06-12 04:45:00,49.560128956623686
2025-06-12 09:03:00,49.560128956623686
2025-06-12 00:57:00,94.5
2025-06-12 17:28:00,49.560128956623686
2025-06-12 18:35:00,70.4
2025-06-12 10:54:00,63.6
2025-06-12 07:33:00,41.9
2025-06-12 01:58:00,2.7
2025-06-12 19:55:00,2.1
2025-06-12 10:21:00,97.5
2025-06-12 14:05:00,43.1
2025-06-12 18:57:00,35.7
2025-06-12 00:38:00,68.2
2025-06-12 05:20:00,53.4
2025-06-12 14:00:00,52.4
2025-06-12 05:49:00,20.8
2025-06-12 11:36:00,76.4
2025-06-12 07:11:00,17.7
2025-06-12 08:15:00,16.0
2025-06-12 21:15:00,88.0
2025-06-12 14:08:00,35.2
2025-06-12 02:33:00,49.560128956623686
2025-06-12 15:43:00,9.0
2025-06-12 22:45:00,82.0
2025-06-12 14:43:00,25.0
2025-06-12 06:04:00,76.4
2025-06-12 17:50:00,44.1
2025-06-12 15:07:00,7.2
2025-06-12 19:09:00,23.8
2025-06-12 13:03:00,97.3
2025-06-12 02:03:00,18.0
2025-06-12 12:56:00,33.1
2025-06-12 12:52:00,62.3
2025-06-12 09:35:00,80.3
2025-06-12 07:17:00,49.560128956623686
2025-06-12 23:41:00,75.0
2025-06-12 15:06:00,42.6
2025-06-12 12:13:00,23.1
2025-06-12 20:40:00,41.2
2025-06-12 01:30:00,11.7
2025-06-12 15:34:00,87.9
2025-06-12 23:33:00,34.3
2025-06-12 05:36:00,77.6
2025-06-12 07:24:00,99.0
2025-06-12 17:32:00,3.8
2025-06-12 14:58:00,49.560128956623686
2025-06-12 16:06:00,29.3
2025-06-12 02:09:00,62.4
2025-06-12 07:25:00,40.4
2025-06-12 04:14:00,26.2
2025-06-12 13:01:00,39.6
2025-06-12 11:13:00,49.560128956623686
2025-06-12 12:32:00,35.2
2025-06-12 04:12:00,34.7
2025-06-12 14:41:00,49.560128956623686
2025-06-12 21:25:00,4.9
2025-06-12 20:49:00,53.6
2025-06-12 21:50:00,61.7
2025-06-12 22:42:00,94.5
2025-06-12 00:40:00,50.8
2025-06-12 00:51:00,49.560128956623686
2025-06-12 18:29:00,42.7
2025-06-12 01:50:00,1.8
2025-06-12 07:30:00,47.3
2025-06-12 21:02:00,29.7
2025-06-12 02:18:00,65.6
2025-06-12 09:44:00,49.560128956623686
2025-06-12 09:52:00,43.4
2025-06-12 06:57:00,14.6
2025-06-12 19:54:00,61.2
2025-06-12 06:06:00,49.560128956623686
2025-06-12 22:24:00,1.4
2025-06-12 11:02:00,54.0
2025-06-12 19:53:00,85.9
2025-06-12 15:27:00,64.7
2025-06-12 05:59:00,54.6
2025-06-12 15:03:00,86.7
2025-06-12 21:46:00,84.8
2025-06-12 04:59:00,86.3
2025-06-12 07:04:00,78.1
2025-06-12 14:22:00,44.0
2025-06-12 14:45:00,2.4
2025-06-12 02:13:00,87.0
2025-06-12 12:18:00,20.1
2025-06-12 03:31:00,33.1
2025-06-12 05:40:00,67.1
2025-06-12 03:59:00,17.5
2025-06-12 12:58:00,77.6
2025-06-12 23:40:00,94.3
2025-06-12 06:20:00,37.4
2025-06-12 20:16:00,9.6
2025-06-12 03:29:00,7.9
2025-06-12 15:50:00,36.3
2025-06-12 16:48:00,59.1
2025-06-12 21:18:00,8.0
2025-06-12 08:05:00,66.2
2025-06-12 03:54:00,3.2
2025-06-12 12:44:00,49.560128956623686
2025-06-12 08:09:00,49.560128956623686
2025-06-12 20:42:00,86.9
2025-06-12 03:28:00,34.0
2025-06-12 08:42:00,60.4
2025-06-12 22:30:00,79.4
2025-06-12 13:49:00,65.9
2025-06-12 23:50:00,40.0
2025-06-12 00:28:00,53.8
2025-06-12 14:34:00,65.4
2025-06-12 11:43:00,22.4
2025-06-12 12:24:00,49.560128956623686
2025-06-12 17:33:00,96.7
2025-06-12 20:32:00,60.0
2025-06-12 13:43:00,31.7
2025-06-12 05:16:00,49.560128956623686
2025-06-12 00:24:00,49.560128956623686
2025-06-12 06:38:00,49.0
2025-06-12 05:58:00,22.9
2025-06-12 17:49:00,24.0
2025-06-12 21:47:00,32.2
2025-06-12 12:53:00,30.5
2025-06-12 14:04:00,49.560128956623686
2025-06-12 00:31:00,46.5
2025-06-12 20:51:00,67.4
2025-06-12 00:41:00,81.8
2025-06-12 17:58:00,97.1
2025-06-12 14:42:00,9.7
2025-06-12 10:42:00,73.8
2025-06-12 16:07:00,32.6
2025-06-12 22:14:00,40.6
2025-06-12 19:44:00,14.8
2025-06-12 13:02:00,80.2
2025-06-12 01:19:00,11.2
2025-06-12 07:12:00,44.6
2025-06-12 00:00:00,3.0
2025-06-12 19:28:00,92.2
2025-06-12 02:01:00,9.5
2025-06-12 09:46:00,17.3
2025-06-12 00:20:00,49.560128956623686
2025-06-12 08:30:00,39.2
2025-06-12 09:15:00,66.8
2025-06-12 09:21:00,21.7
2025-06-12 21:24:00,49.560128956623686
2025-06-12 21:49:00,84.0
2025-06-12 17:24:00,34.4
2025-06-12 09:38:00,46.5
2025-06-12 21:30:00,24.0
2025-06-12 19:57:00,42.7
2025-06-12 10:50:00,49.560128956623686
2025-06-12 14:51:00,85.5
2025-06-12 13:08:00,31.9
2025-06-12 08:13:00,99.5
2025-06-12 15:52:00,85.5
2025-06-12 17:08:00,77.9
2025-06-12 09:13:00,22.7
2025-06-12 20:17:00,0.1
2025-06-12 13:17:00,80.7
2025-06-12 13:10:00,35.3
2025-06-12 23:30:00,9.0
2025-06-12 14:21:00,6.1
2025-06-12 06:41:00,4.3
2025-06-12 14:56:00,28.6
2025-06-12 01:03:00,96.9
2025-06-12 10:51:00,25.3
2025-06-12 16:25:00,69.4
2025-06-12 15:10:00,95.1
2025-06-12 22:10:00,49.2
2025-06-12 13:44:00,87.9
2025-06-12 10:26:00,58.1
2025-06-12 11:24:00,24.2
2025-06-12 11:55:00,93.3
2025-06-12 10:13:00,1.7
2025-06-12 00:36:00,2.9
2025-06-12 20:28:00,92.2
2025-06-12 17:09:00,49.560128956623686
2025-06-12 08:26:00,24.1
2025-06-12 23:54:00,19.3
2025-06-12 23:11:00,22.1
2025-06-12 13:27:00,49.560128956623686
2025-06-12 15:01:00,50.2
2025-06-12 09:10:00,82.0
2025-06-12 03:21:00,44.0
2025-06-12 05:43:00,18.3
2025-06-12 20:53:00,25.0
2025-06-12 01:43:00,64.1
2025-06-12 19:31:00,12.6
2025-06-12 18:01:00,66.6
2025-06-12 00:53:00,53.3
2025-06-12 23:36:00,98.5
2025-06-12 13:41:00,40.2
2025-06-12 00:12:00,91.3
2025-06-12 15:29:00,76.7
2025-06-12 16:58:00,63.7
2025-06-12 08:22:00,49.560128956623686
2025-06-12 04:18:00,60.1
2025-06-12 09:05:00,49.9
2025-06-12 22:25:00,83.0
2025-06-12 20:39:00,35.7
2025-06-12 11:58:00,49.560128956623686
2025-06-12 23:43:00,46.2
2025-06-12 05:00:00,12.2
2025-06-12 22:35:00,23.0
2025-06-12 18:13:00,90.0
2025-06-12 04:22:00,31.9
2025-06-12 04:34:00,4.2
2025-06-12 05:46:00,58.9
2025-06-12 18:34:00,91.3
2025-06-12 03:20:00,59.3
2025-06-12 01:47:00,44.0
2025-06-12 03:42:00,56.9
2025-06-12 01:46:00,49.560128956623686
2025-06-12 21:31:00,36.9
2025-06-12 01:28:00,49.560128956623686
2025-06-12 04:37:00,20.8
2025-06-12 00:34:00,64.8
2025-06-12 16:55:00,88.8
2025-06-12 13:46:00,4.8
2025-06-12 22:31:00,94.0
2025-06-12 07:14:00,29.2
2025-06-12 07:43:00,4.5
2025-06-12 02:26:00,14.8
2025-06-12 06:03:00,67.6
2025-06-12 11:07:00,75.3
2025-06-12 22:13:00,19.7
2025-06-12 08:17:00,83.3
2025-06-12 00:23:00,72.7
2025-06-12 02:53:00,41.7
2025-06-12 07:28:00,80.3
2025-06-12 06:28:00,7.4
2025-06-12 16:50:00,3.8
2025-06-12 02:58:00,50.10277843742579
2025-06-12 06:03:00,20.7
2025-06-12 13:07:00,8.4
2025-06-12 14:23:00,90.4
2025-06-12 23:50:00,51.4
2025-06-12 08:19:00,80.3
2025-06-12 09:34:00,30.5
2025-06-12 19:34:00,83.5
2025-06-12 23:00:00,50.10277843742579
2025-06-12 06:55:00,81.2
2025-06-12 06:31:00,74.7
2025-06-12 19:30:00,39.0
2025-06-12 15:44:00,48.7
2025-06-12 18:44:00,72.0
2025-06-12 04:51:00,41.8
2025-06-12 11:06:00,42.1
2025-06-12 00:37:00,14.1
2025-06-12 00:30:00,96.8
2025-06-12 04:42:00,79.8
2025-06-12 00:52:00,23.0
2025-06-12 16:30:00,24.0
2025-06-12 10:49:00,93.1
2025-06-12 08:49:00,55.1
2025-06-12 02:50:00,20.2
2025-06-12 18:32:00,50.10277843742579
2025-06-12 23:59:00,98.7
2025-06-12 11:02:00,68.2
2025-06-12 09:12:00,80.9
2025-06-12 05:40:00,63.6
2025-06-12 17:43:00,50.10277843742579
2025-06-12 10:35:00,7.9
2025-06-12 02:14:00,29.5
2025-06-12 10:20:00,22.7
2025-06-12 21:42:00,48.4
2025-06-12 00:47:00,71.3
2025-06-12 09:00:00,73.2
2025-06-12 14:08:00,34.5
2025-06-12 06:12:00,96.6
2025-06-12 22:18:00,94.8
2025-06-12 06:52:00,4.0
2025-06-12 06:43:00,50.10277843742579
2025-06-12 15:57:00,97.4
2025-06-12 19:35:00,83.8
2025-06-12 04:46:00,50.10277843742579
2025-06-12 23:34:00,86.4
2025-06-12 23:33:00,49.3
2025-06-12 11:18:00,59.2
2025-06-12 03:44:00,10.8
2025-06-12 03:53:00,5.2
2025-06-12 14:22:00,24.1
2025-06-12 17:22:00,79.0
2025-06-12 08:54:00,29.6
2025-06-12 15:04:00,18.7
2025-06-12 17:28:00,83.4
2025-06-12 10:11:00,2.2
2025-06-12 11:39:00,50.10277843742579
2025-06-12 18:09:00,33.4
2025-06-12 07:19:00,39.9
2025-06-12 04:06:00,33.1
2025-06-12 15:14:00,43.1
2025-06-12 01:30:00,16.1
2025-06-12 18:37:00,40.1
2025-06-12 16:11:00,50.10277843742579
2025-06-12 22:55:00,98.5
2025-06-12 05:03:00,84.5
2025-06-12 12:23:00,87.0
2025-06-12 20:07:00,16.1
2025-06-12 15:00:00,82.8
2025-06-12 04:54:00,50.10277843742579
2025-06-12 14:14:00,99.6
2025-06-12 03:22:00,46.1
2025-06-12 23:05:00,90.0
2025-06-12 19:08:00,56.7
2025-06-12 17:54:00,50.10277843742579
2025-06-12 22:16:00,50.10277843742579
2025-06-12 04:18:00,50.10277843742579
2025-06-12 15:27:00,50.10277843742579
2025-06-12 10:07:00,20.1
2025-06-12 16:05:00,32.0
2025-06-12 18:39:00,8.6
2025-06-12 07:03:00,23.2
2025-06-12 03:49:00,15.4
2025-06-12 16:38:00,81.3
2025-06-12 12:49:00,36.2
2025-06-12 13:37:00,66.0
2025-06-12 14:51:00,18.6
2025-06-12 05:09:00,50.10277843742579
2025-06-12 04:36:00,50.10277843742579
2025-06-12 14:57:00,35.4
2025-06-12 19:38:00,50.10277843742579
2025-06-12 16:52:00,96.2
2025-06-12 08:52:00,80.8
2025-06-12 01:57:00,15.7
2025-06-12 12:06:00,78.5
2025-06-12 10:45:00,61.1
2025-06-12 09:18:00,36.9
2025-06-12 02:47:00,65.1
2025-06-12 02:04:00,15.9
2025-06-12 01:24:00,34.7
2025-06-12 10:41:00,95.4
2025-06-12 04:41:00,7.6
2025-06-12 13:17:00,27.2
2025-06-12 03:55:00,50.10277843742579
2025-06-12 14:29:00,53.2
2025-06-12 05:16:00,42.5
2025-06-12 21:16:00,75.7
2025-06-12 09:49:00,83.4
2025-06-12 05:58:00,69.6
2025-06-12 10:22:00,42.8
2025-06-12 05:04:00,10.6
2025-06-12 14:59:00,86.2
2025-06-12 09:33:00,51.5
2025-06-12 22:59:00,39.7
2025-06-12 01:08:00,0.8
2025-06-12 07:48:00,4.5
2025-06-12 00:18:00,26.7
2025-06-12 22:31:00,31.3
2025-06-12 17:02:00,74.9
2025-06-12 07:06:00,45.5
2025-06-12 00:16:00,50.10277843742579
2025-06-12 22:12:00,50.10277843742579
2025-06-12 18:55:00,50.10277843742579
2025-06-12 07:25:00,43.4
2025-06-12 14:07:00,84.5
2025-06-12 02:09:00,97.9
2025-06-12 03:26:00,4.0
2025-06-12 10:37:00,86.7
2025-06-12 11:47:00,89.0
2025-06-12 21:50:00,95.5
2025-06-12 20:46:00,89.4
2025-06-12 11:12:00,4.8
2025-06-12 13:25:00,88.6
2025-06-12 14:21:00,50.10277843742579
2025-06-12 18:17:00,68.2
2025-06-12 02:36:00,50.10277843742579
2025-06-12 17:23:00,7.0
2025-06-12 16:09:00,71.0
2025-06-12 16:27:00,28.1
2025-06-12 12:07:00,15.9
2025-06-12 20:21:00,43.0
2025-06-12 19:58:00,64.5
2025-06-12 04:10:00,15.1
2025-06-12 01:09:00,45.2
2025-06-12 14:56:00,50.10277843742579
2025-06-12 18:46:00,50.10277843742579
2025-06-12 03:27:00,99.5
2025-06-12 05:48:00,12.9
2025-06-12 09:41:00,65.9
2025-06-12 22:14:00,50.10277843742579
2025-06-12 07:31:00,49.5
2025-06-12 06:49:00,58.4
2025-06-12 07:37:00,97.7
2025-06-12 06:59:00,70.7
2025-06-12 16:53:00,50.10277843742579
2025-06-12 04:59:00,13.9
2025-06-12 13:36:00,86.0
2025-06-12 21:27:00,50.10277843742579
2025-06-12 15:08:00,27.3
2025-06-12 05:54:00,50.10277843742579
2025-06-12 08:07:00,26.4
2025-06-12 09:10:00,35.4
2025-06-12 00:01:00,50.10277843742579
2025-06-12 21:20:00,10.6
2025-06-12 20:56:00,43.3
2025-06-12 13:58:00,18.9
2025-06-12 16:01:00,50.10277843742579
2025-06-12 12:01:00,88.2
2025-06-12 09:15:00,75.7
2025-06-12 03:35:00,50.10277843742579
2025-06-12 03:33:00,97.5
2025-06-12 10:43:00,10.9
2025-06-12 13:33:00,49.7
2025-06-12 23:01:00,16.7
2025-06-12 12:15:00,13.4
2025-06-12 04:35:00,30.0
2025-06-12 07:11:00,35.4
2025-06-12 21:10:00,10.5
2025-06-12 19:00:00,60.4
2025-06-12 14:26:00,50.10277843742579
2025-06-12 14:42:00,50.10277843742579
2025-06-12 12:37:00,48.3
2025-06-12 15:30:00,19.3
2025-06-12 12:36:00,26.7
2025-06-12 20:22:00,48.6
2025-06-12 00:28:00,7.2
2025-06-12 01:12:00,25.8
2025-06-12 12:22:00,43.2
2025-06-12 05:21:00,42.3
2025-06-12 09:09:00,50.10277843742579
2025-06-12 01:16:00,43.3
2025-06-12 22:50:00,19.4
2025-06-12 17:35:00,14.0
2025-06-12 16:44:00,6.6
2025-06-12 19:40:00,24.4
2025-06-12 06:11:00,68.7
2025-06-12 21:34:00,55.9
2025-06-12 22:45:00,50.10277843742579
2025-06-12 21:37:00,4.4
2025-06-12 23:25:00,85.6
2025-06-12 19:18:00,46.1
2025-06-12 15:56:00,15.9
2025-06-12 10:38:00,50.10277843742579
2025-06-12 05:32:00,7.3
2025-06-12 07:54:00,39.8
2025-06-12 06:30:00,50.10277843742579
2025-06-12 19:32:00,54.9
2025-06-12 11:53:00,36.8
2025-06-12 11:45:00,57.1
2025-06-12 15:53:00,2.6
2025-06-12 14:01:00,84.9
2025-06-12 19:49:00,85.3
2025-06-12 14:39:00,63.3
2025-06-12 01:54:00,39.0
2025-06-12 10:48:00,65.3
2025-06-12 17:30:00,30.3
2025-06-12 13:03:00,50.10277843742579
2025-06-12 23:32:00,88.3
2025-06-12 06:48:00,11.1
2025-06-12 19:04:00,40.1
2025-06-12 23:07:00,46.2
2025-06-12 06:20:00,89.6
2025-06-12 13:39:00,93.2
2025-06-12 08:17:00,56.0
2025-06-12 23:49:00,98.0
2025-06-12 19:20:00,17.1
2025-06-12 22:53:00,4.2
2025-06-12 01:51:00,50.10277843742579
2025-06-12 15:02:00,41.5
2025-06-12 22:57:00,40.0
2025-06-12 23:55:00,31.4
2025-06-12 20:01:00,53.2
2025-06-12 17:01:00,7.2
2025-06-12 12:24:00,22.2
2025-06-12 03:37:00,46.9
2025-06-12 20:48:00,53.0
2025-06-12 21:53:00,66.6
2025-06-12 00:23:00,82.3
2025-06-12 17:31:00,84.3
2025-06-12 01:19:00,32.0
2025-06-12 03:39:00,50.10277843742579
2025-06-12 11:40:00,50.10277843742579
2025-06-12 09:30:00,1.4
2025-06-12 15:35:00,15.2
2025-06-12 17:48:00,9.0
2025-06-12 03:14:00,28.5
2025-06-12 10:36:00,50.10277843742579
2025-06-12 16:29:00,19.9
2025-06-12 13:30:00,13.9
2025-06-12 13:18:00,95.9
2025-06-12 11:46:00,24.5
2025-06-12 11:00:00,73.6
2025-06-12 03:03:00,87.5
2025-06-12 03:30:00,65.3
2025-06-12 00:11:00,24.3
2025-06-12 17:15:00,89.1
2025-06-12 13:16:00,12.4
2025-06-12 01:40:00,5.2
2025-06-12 17:10:00,50.10277843742579
2025-06-12 11:07:00,90.4
2025-06-12 05:27:00,50.10277843742579
2025-06-12 19:26:00,0.4
2025-06-12 13:31:00,50.10277843742579
2025-06-12 01:41:00,50.2
2025-06-12 20:40:00,75.6
2025-06-12 16:20:00,37.3
2025-06-12 19:57:00,21.3
2025-06-12 05:35:00,50.10277843742579
2025-06-12 11:23:00,4.0
2025-06-12 21:22:00,59.5
2025-06-12 03:36:00,47.6
2025-06-12 07:22:00,14.7
2025-06-12 00:27:00,97.4
2025-06-12 02:18:00,99.3
2025-06-12 00:22:00,30.8
2025-06-12 01:20:00,44.1
2025-06-12 23:08:00,61.3
2025-06-12 04:57:00,4.1
2025-06-12 18:15:00,15.9
2025-06-12 10:16:00,28.2
2025-06-12 22:20:00,37.3
2025-06-12 21:30:00,28.4
2025-06-12 11:56:00,32.1
2025-06-12 15:31:00,64.6
2025-06-12 13:35:00,59.0
2025-06-12 00:26:00,29.7
2025-06-12 09:17:00,50.10277843742579
2025-06-12 00:51:00,96.8
2025-06-12 21:12:00,20.3
2025-06-12 03:25:00,57.0
2025-06-12 00:00:00,18.7
2025-06-12 11:58:00,66.6
2025-06-12 03:07:00,17.4
2025-06-12 05:15:00,25.8
2025-06-12 22:21:00,75.1
2025-06-12 01:31:00,72.6
2025-06-12 13:52:00,62.7
2025-06-12 09:08:00,19.8
2025-06-12 18:42:00,35.1
2025-06-12 16:24:00,84.0
2025-06-12 08:39:00,18.1
2025-06-12 18:53:00,39.6
2025-06-12 21:00:00,39.6
2025-06-12 07:10:00,19.1
2025-06-12 22:25:00,74.6
2025-06-12 13:59:00,53.6
2025-06-12 04:01:00,77.8
2025-06-12 09:10:00,49.2
2025-06-12 13:44:00,49.85036359371334
2025-06-12 14:32:00,13.6
2025-06-12 18:24:00,54.0
2025-06-12 06:30:00,30.8
2025-06-12 00:39:00,11.7
2025-06-12 13:19:00,14.4
2025-06-12 13:30:00,49.85036359371334
2025-06-12 00:42:00,37.5
2025-06-12 06:44:00,24.6
2025-06-12 02:27:00,83.2
2025-06-12 10:07:00,93.3
2025-06-12 12:00:00,96.9
2025-06-12 23:14:00,68.1
2025-06-12 18:53:00,28.8
2025-06-12 18:17:00,69.5
2025-06-12 06:36:00,49.85036359371334
2025-06-12 03:59:00,37.9
2025-06-12 05:00:00,75.8
2025-06-12 03:20:00,84.5
2025-06-12 23:23:00,21.0
2025-06-12 03:58:00,94.0
2025-06-12 03:57:00,41.9
2025-06-12 03:21:00,35.2
2025-06-12 16:10:00,49.85036359371334
2025-06-12 07:48:00,85.1
2025-06-12 17:57:00,57.2
2025-06-12 20:44:00,40.3
2025-06-12 06:58:00,49.85036359371334
2025-06-12 21:56:00,49.85036359371334
2025-06-12 12:52:00,12.7
2025-06-12 00:57:00,4.2
2025-06-12 12:55:00,49.85036359371334
2025-06-12 16:09:00,49.1
2025-06-12 07:32:00,60.8
2025-06-12 08:40:00,96.3
2025-06-12 23:20:00,80.7
2025-06-12 19:46:00,57.7
2025-06-12 02:46:00,61.3
2025-06-12 22:19:00,37.5
2025-06-12 00:01:00,77.7
2025-06-12 06:31:00,39.4
2025-06-12 02:44:00,28.3
2025-06-12 03:47:00,96.8
2025-06-12 06:53:00,0.2
2025-06-12 21:18:00,14.6
2025-06-12 22:32:00,77.1
2025-06-12 09:35:00,98.9
2025-06-12 10:29:00,62.6
2025-06-12 18:55:00,22.0
2025-06-12 20:21:00,78.3
2025-06-12 05:35:00,70.6
2025-06-12 01:08:00,49.85036359371334
2025-06-12 07:44:00,49.85036359371334
2025-06-12 20:23:00,68.1
2025-06-12 10:21:00,67.2
2025-06-12 11:10:00,49.85036359371334
2025-06-12 19:33:00,63.9
2025-06-12 20:45:00,38.2
2025-06-12 09:54:00,10.2
2025-06-12 02:35:00,95.9
2025-06-12 01:57:00,33.2
2025-06-12 16:18:00,49.85036359371334
2025-06-12 08:29:00,3.8
2025-06-12 07:06:00,36.2
2025-06-12 01:23:00,12.7
2025-06-12 18:43:00,84.3
2025-06-12 23:03:00,49.85036359371334
2025-06-12 21:54:00,2.0
2025-06-12 06:52:00,46.6
2025-06-12 17:20:00,49.85036359371334
2025-06-12 13:20:00,2.6
2025-06-12 04:45:00,49.85036359371334
2025-06-12 20:53:00,49.85036359371334
2025-06-12 10:49:00,18.2
2025-06-12 04:13:00,6.9
2025-06-12 22:03:00,93.5
2025-06-12 05:31:00,59.7
2025-06-12 22:38:00,51.5
2025-06-12 04:51:00,57.4
2025-06-12 16:03:00,49.85036359371334
2025-06-12 23:57:00,94.4
2025-06-12 03:14:00,50.0
2025-06-12 06:19:00,22.2
2025-06-12 15:14:00,84.8
2025-06-12 14:19:00,49.85036359371334
2025-06-12 22:25:00,91.0
2025-06-12 18:42:00,40.9
2025-06-12 09:26:00,21.1
2025-06-12 12:11:00,49.85036359371334
2025-06-12 01:19:00,33.0
2025-06-12 16:27:00,29.9
2025-06-12 10:37:00,55.6
2025-06-12 00:03:00,79.1
2025-06-12 13:08:00,13.7
2025-06-12 22:15:00,49.85036359371334
2025-06-12 17:43:00,42.4
2025-06-12 08:36:00,49.85036359371334
2025-06-12 23:12:00,49.85036359371334
2025-06-12 20:15:00,49.85036359371334
2025-06-12 08:12:00,78.7
2025-06-12 13:24:00,90.8
2025-06-12 07:05:00,66.7
2025-06-12 19:40:00,49.85036359371334
2025-06-12 03:40:00,74.4
2025-06-12 21:57:00,42.0
2025-06-12 15:57:00,38.3
2025-06-12 06:56:00,90.8
2025-06-12 00:14:00,46.5
2025-06-12 12:21:00,48.6
2025-06-12 11:25:00,56.5
2025-06-12 19:14:00,59.4
2025-06-12 15:54:00,6.4
2025-06-12 21:07:00,14.2
2025-06-12 04:49:00,84.2
2025-06-12 09:01:00,97.4
2025-06-12 20:38:00,79.9
2025-06-12 17:37:00,86.8
2025-06-12 07:35:00,22.5
2025-06-12 13:40:00,14.7
2025-06-12 17:08:00,41.5
2025-06-12 21:10:00,55.4
2025-06-12 01:13:00,88.4
2025-06-12 14:08:00,43.6
2025-06-12 15:07:00,52.1
2025-06-12 23:15:00,49.85036359371334
2025-06-12 09:08:00,5.3
2025-06-12 15:49:00,13.1
2025-06-12 06:14:00,14.6
2025-06-12 17:53:00,36.8
2025-06-12 02:20:00,49.85036359371334
2025-06-12 21:15:00,53.1
2025-06-12 02:50:00,14.0
2025-06-12 04:55:00,68.8
2025-06-12 07:53:00,87.0
2025-06-12 07:10:00,32.7
2025-06-12 06:26:00,21.5
2025-06-12 10:28:00,49.85036359371334
2025-06-12 19:12:00,99.7
2025-06-12 15:23:00,24.5
2025-06-12 14:44:00,29.0
2025-06-12 10:41:00,71.7
2025-06-12 13:50:00,74.9
2025-06-12 02:47:00,89.0
2025-06-12 01:21:00,10.1
2025-06-12 21:23:00,14.1
2025-06-12 07:37:00,22.5
2025-06-12 13:45:00,86.5
2025-06-12 04:48:00,54.4
2025-06-12 08:09:00,16.2
2025-06-12 19:15:00,68.4
2025-06-12 18:34:00,26.9
2025-06-12 02:18:00,29.0
2025-06-12 07:17:00,91.7
2025-06-12 12:20:00,39.9
2025-06-12 11:52:00,35.9
2025-06-12 18:01:00,6.8
2025-06-12 17:12:00,24.3
2025-06-12 01:17:00,99.2
2025-06-12 00:07:00,59.7
2025-06-12 19:25:00,42.3
2025-06-12 00:54:00,61.5
2025-06-12 08:14:00,29.2
2025-06-12 23:43:00,49.85036359371334
2025-06-12 00:34:00,1.2
2025-06-12 14:16:00,68.8
2025-06-12 10:14:00,21.8
2025-06-12 04:04:00,94.4
2025-06-12 02:21:00,9.5
2025-06-12 06:17:00,26.6
2025-06-12 16:33:00,49.85036359371334
2025-06-12 14:29:00,37.2
2025-06-12 20:36:00,52.6
2025-06-12 09:37:00,25.1
2025-06-12 09:55:00,42.8
2025-06-12 17:14:00,12.1
2025-06-12 14:15:00,2.9
2025-06-12 14:17:00,49.85036359371334
2025-06-12 23:28:00,24.3
2025-06-12 23:38:00,29.2
2025-06-12 04:52:00,10.8
2025-06-12 13:41:00,91.2
2025-06-12 20:28:00,13.6
2025-06-12 10:42:00,33.4
2025-06-12 08:04:00,65.5
2025-06-12 20:05:00,83.4
2025-06-12 16:26:00,52.6
2025-06-12 19:23:00,49.85036359371334
2025-06-12 08:39:00,19.4
2025-06-12 09:00:00,13.6
2025-06-12 00:40:00,86.8
2025-06-12 16:15:00,18.2
2025-06-12 18:03:00,67.2
2025-06-12 01:10:00,79.1
2025-06-12 21:50:00,47.3
2025-06-12 07:16:00,9.2
2025-06-12 09:33:00,8.2
2025-06-12 12:40:00,1.8
2025-06-12 23:08:00,88.1
2025-06-12 14:02:00,85.1
2025-06-12 08:15:00,60.8
2025-06-12 14:35:00,49.8
2025-06-12 18:20:00,49.85036359371334
2025-06-12 01:05:00,49.85036359371334
2025-06-12 16:25:00,53.0
2025-06-12 18:02:00,18.9
2025-06-12 12:47:00,10.2
2025-06-12 12:25:00,49.85036359371334
2025-06-12 14:09:00,51.5
2025-06-12 20:27:00,49.85036359371334
2025-06-12 08:57:00,64.6
2025-06-12 09:09:00,57.0
2025-06-12 06:09:00,83.9
2025-06-12 12:36:00,71.1
2025-06-12 10:20:00,13.6
2025-06-12 22:42:00,96.8
2025-06-12 05:41:00,49.85036359371334
2025-06-12 04:57:00,79.0
2025-06-12 21:32:00,49.85036359371334
2025-06-12 22:18:00,76.2
2025-06-12 05:48:00,73.1
2025-06-12 05:58:00,66.2
2025-06-12 16:22:00,36.4
2025-06-12 15:59:00,79.1
2025-06-12 00:43:00,97.5
2025-06-12 21:39:00,33.5
2025-06-12 13:48:00,93.4
2025-06-12 20:09:00,79.6
2025-06-12 03:55:00,75.4
2025-06-12 02:53:00,60.9
2025-06-12 23:25:00,51.2
2025-06-12 17:31:00,45.4
2025-06-12 00:33:00,35.0
2025-06-12 02:23:00,64.0
2025-06-12 00:21:00,56.4
2025-06-12 15:44:00,39.5
2025-06-12 04:12:00,28.1
2025-06-12 22:44:00,16.8
2025-06-12 07:45:00,17.9
2025-06-12 22:14:00,46.4
2025-06-12 18:58:00,33.0
2025-06-12 22:08:00,8.4
2025-06-12 15:45:00,94.0
2025-06-12 08:42:00,49.85036359371334
2025-06-12 21:01:00,97.4
2025-06-12 23:06:00,98.9
2025-06-12 15:27:00,14.7
2025-06-12 08:19:00,41.0
2025-06-12 17:32:00,30.8
2025-06-12 10:26:00,57.4
2025-06-12 15:32:00,45.6
2025-06-12 11:26:00,68.5
2025-06-12 04:19:00,49.85036359371334
2025-06-12 01:02:00,49.85036359371334
2025-06-12 12:44:00,94.2
2025-06-12 23:49:00,15.5
2025-06-12 02:56:00,49.85036359371334
2025-06-12 20:50:00,26.3
2025-06-12 09:53:00,3.2
2025-06-12 19:28:00,9.6
2025-06-12 15:26:00,58.4
2025-06-12 00:30:00,39.5
2025-06-12 10:13:00,25.9
2025-06-12 00:31:00,44.8
2025-06-12 15:37:00,51.2
2025-06-12 13:10:00,16.4
2025-06-12 14:12:00,62.3
2025-06-12 03:18:00,18.6
2025-06-12 10:23:00,6.5
2025-06-12 03:51:00,49.85036359371334
2025-06-12 21:14:00,92.4
2025-06-12 09:14:00,55.6
2025-06-12 03:07:00,86.8
2025-06-12 08:23:00,72.8
2025-06-12 15:17:00,35.5
2025-06-12 05:33:00,31.6
2025-06-12 16:06:00,1.9
2025-06-12 23:59:00,78.7
2025-06-12 10:16:00,63.6
2025-06-12 00:25:00,28.5
2025-06-12 15:31:00,0.9
2025-06-12 05:10:00,11.3
2025-06-12 03:12:00,26.1
2025-06-12 06:03:00,68.6
2025-06-12 01:31:00,21.1
2025-06-12 13:18:00,49.85036359371334
2025-06-12 08:52:00,23.5
2025-06-12 12:34:00,40.8
2025-06-12 12:04:00,22.3
2025-06-12 06:23:00,49.85036359371334
2025-06-12 13:35:00,63.7
2025-06-12 15:34:00,67.1
2025-06-12 04:03:00,77.7
2025-06-12 07:40:00,19.1
2025-06-12 21:30:00,63.0
2025-06-12 03:36:00,40.9
2025-06-12 02:25:00,86.4
2025-06-12 07:34:00,1.3
2025-06-12 04:16:00,65.0
2025-06-12 19:37:00,7.1
2025-06-12 11:08:00,39.3
2025-06-12 21:35:00,26.3
2025-06-12 23:21:00,29.0
2025-06-12 17:41:00,83.0
2025-06-12 01:25:00,49.85036359371334
2025-06-12 20:33:00,24.9
2025-06-12 04:43:00,5.5
2025-06-12 08:54:00,61.4
2025-06-12 19:45:00,99.1
2025-06-12 13:22:00,14.1
2025-06-12 04:07:00,19.6
2025-06-12 01:36:00,25.2
2025-06-12 12:05:00,40.7
2025-06-12 02:21:00,16.3
2025-06-12 22:26:00,93.0
2025-06-12 17:30:00,100.0
2025-06-12 18:29:00,40.1
2025-06-12 02:15:00,68.8
2025-06-12 09:52:00,2.6
2025-06-12 23:16:00,8.2
2025-06-12 07:54:00,11.4
2025-06-12 13:24:00,37.4
2025-06-12 09:24:00,21.4
2025-06-12 08:42:00,51.3
2025-06-12 20:24:00,50.02337935876432
2025-06-12 02:25:00,93.4
2025-06-12 17:25:00,50.02337935876432
2025-06-12 15:36:00,71.3
2025-06-12 12:39:00,60.8
2025-06-12 11:25:00,54.0
2025-06-12 16:46:00,98.7
2025-06-12 07:07:00,61.5
2025-06-12 02:09:00,12.5
2025-06-12 13:30:00,39.3
2025-06-12 03:07:00,16.8
2025-06-12 18:42:00,71.3
2025-06-12 19:57:00,50.02337935876432
2025-06-12 08:31:00,50.02337935876432
2025-06-12 12:35:00,7.9
2025-06-12 23:53:00,33.1
2025-06-12 08:34:00,50.02337935876432
2025-06-12 11:47:00,84.6
2025-06-12 12:52:00,33.0
2025-06-12 23:35:00,99.0
2025-06-12 18:49:00,4.6
2025-06-12 06:45:00,50.02337935876432
2025-06-12 08:04:00,58.6
2025-06-12 08:21:00,14.1
2025-06-12 07:26:00,6.1
2025-06-12 04:57:00,50.02337935876432
2025-06-12 18:10:00,52.3
2025-06-12 20:44:00,87.2
2025-06-12 10:39:00,27.2
2025-06-12 02:44:00,58.7
2025-06-12 01:33:00,17.8
2025-06-12 14:27:00,13.7
2025-06-12 16:27:00,94.5
2025-06-12 14:34:00,50.02337935876432
2025-06-12 01:48:00,50.02337935876432
2025-06-12 13:02:00,75.4
2025-06-12 23:08:00,50.02337935876432
2025-06-12 22:24:00,50.02337935876432
2025-06-12 15:53:00,50.02337935876432
2025-06-12 07:00:00,55.2
2025-06-12 09:49:00,14.3
2025-06-12 16:50:00,39.7
2025-06-12 14:35:00,73.9
2025-06-12 05:33:00,25.7
2025-06-12 13:42:00,82.3
2025-06-12 18:41:00,93.9
2025-06-12 05:20:00,62.3
2025-06-12 19:09:00,3.6
2025-06-12 18:05:00,9.5
2025-06-12 23:10:00,34.4
2025-06-12 10:53:00,50.02337935876432
2025-06-12 00:51:00,68.6
2025-06-12 22:25:00,29.0
2025-06-12 09:32:00,36.3
2025-06-12 20:59:00,50.02337935876432
2025-06-12 06:19:00,91.1
2025-06-12 01:17:00,50.02337935876432
2025-06-12 23:48:00,31.5
2025-06-12 12:21:00,47.1
2025-06-12 00:13:00,81.7
2025-06-12 04:40:00,82.1
2025-06-12 03:13:00,54.2
2025-06-12 03:55:00,69.2
2025-06-12 09:23:00,92.6
2025-06-12 22:29:00,97.4
2025-06-12 07:48:00,40.8
2025-06-12 17:43:00,94.5
2025-06-12 18:06:00,76.4
2025-06-12 03:29:00,33.2
2025-06-12 08:53:00,50.02337935876432
2025-06-12 14:02:00,78.5
2025-06-12 09:29:00,38.2
2025-06-12 06:43:00,50.02337935876432
2025-06-12 14:38:00,50.02337935876432
2025-06-12 09:08:00,61.1
2025-06-12 00:32:00,43.0
2025-06-12 02:57:00,46.8
2025-06-12 21:10:00,10.3
2025-06-12 01:49:00,15.9
2025-06-12 07:04:00,46.8
2025-06-12 01:28:00,77.0
2025-06-12 20:08:00,50.02337935876432
2025-06-12 08:26:00,81.0
2025-06-12 11:00:00,39.5
2025-06-12 15:27:00,80.7
2025-06-12 10:58:00,25.2
2025-06-12 06:25:00,12.3
2025-06-12 21:00:00,88.8
2025-06-12 09:55:00,44.5
2025-06-12 23:07:00,18.0
2025-06-12 23:51:00,1.5
2025-06-12 05:58:00,13.4
2025-06-12 01:03:00,10.9
2025-06-12 02:54:00,50.02337935876432
2025-06-12 18:16:00,50.02337935876432
2025-06-12 09:11:00,73.3
2025-06-12 11:56:00,16.5
2025-06-12 04:26:00,56.1
2025-06-12 04:22:00,29.3
2025-06-12 00:36:00,50.02337935876432
2025-06-12 02:24:00,84.5
2025-06-12 21:56:00,34.6
2025-06-12 20:36:00,7.5
2025-06-12 14:40:00,96.7
2025-06-12 20:06:00,92.6
2025-06-12 21:30:00,50.02337935876432
2025-06-12 17:16:00,92.7
2025-06-12 10:18:00,91.1
2025-06-12 14:55:00,58.4
2025-06-12 23:58:00,19.5
2025-06-12 15:19:00,77.6
2025-06-12 03:05:00,37.2
2025-06-12 10:01:00,72.2
2025-06-12 11:13:00,21.4
2025-06-12 03:52:00,22.2
2025-06-12 08:32:00,54.0
2025-06-12 18:38:00,6.6
2025-06-12 21:51:00,97.9
2025-06-12 16:55:00,50.02337935876432
2025-06-12 04:30:00,50.02337935876432
2025-06-12 00:48:00,12.3
2025-06-12 06:53:00,23.7
2025-06-12 16:19:00,94.5
2025-06-12 11:48:00,64.1
2025-06-12 19:53:00,86.8
2025-06-12 17:17:00,70.0
2025-06-12 21:46:00,84.5
2025-06-12 12:48:00,50.6
2025-06-12 06:20:00,4.7
2025-06-12 11:38:00,73.3
2025-06-12 14:07:00,28.7
2025-06-12 22:03:00,82.6
2025-06-12 14:06:00,49.6
2025-06-12 10:44:00,63.3
2025-06-12 14:59:00,80.3
2025-06-12 18:32:00,79.2
2025-06-12 08:01:00,8.6
2025-06-12 10:32:00,6.8
2025-06-12 01:54:00,50.02337935876432
2025-06-12 14:43:00,73.3
2025-06-12 06:14:00,89.4
2025-06-12 06:09:00,48.6
2025-06-12 16:44:00,26.7
2025-06-12 13:03:00,28.1
2025-06-12 06:07:00,18.4
2025-06-12 05:12:00,12.8
2025-06-12 02:07:00,93.8
2025-06-12 15:44:00,97.1
2025-06-12 19:36:00,76.8
2025-06-12 19:23:00,10.7
2025-06-12 16:54:00,16.8
2025-06-12 10:20:00,50.02337935876432
2025-06-12 18:22:00,50.02337935876432
2025-06-12 23:52:00,65.9
2025-06-12 06:50:00,62.7
2025-06-12 17:06:00,36.1
2025-06-12 02:35:00,1.8
2025-06-12 11:40:00,93.5
2025-06-12 22:11:00,55.4
2025-06-12 04:15:00,56.5
2025-06-12 20:38:00,22.2
2025-06-12 11:24:00,66.3
2025-06-12 17:26:00,13.1
2025-06-12 04:19:00,70.9
2025-06-12 02:41:00,42.7
2025-06-12 20:56:00,92.9
2025-06-12 15:58:00,4.1
2025-06-12 02:37:00,70.8
2025-06-12 12:03:00,47.2
2025-06-12 12:43:00,85.6
2025-06-12 04:28:00,21.1
2025-06-12 18:58:00,50.02337935876432
2025-06-12 18:40:00,1.5
2025-06-12 18:17:00,6.0
2025-06-12 18:31:00,10.9
2025-06-12 21:22:00,51.6
2025-06-12 06:42:00,28.3
2025-06-12 19:40:00,41.5
2025-06-12 05:31:00,50.02337935876432
2025-06-12 16:48:00,50.02337935876432
2025-06-12 03:37:00,77.6
2025-06-12 02:38:00,53.3
2025-06-12 17:51:00,19.1
2025-06-12 04:47:00,49.6
2025-06-12 10:27:00,50.02337935876432
2025-06-12 17:28:00,55.6
2025-06-12 18:56:00,83.9
2025-06-12 03:31:00,50.02337935876432
2025-06-12 22:50:00,50.02337935876432
2025-06-12 12:49:00,35.1
2025-06-12 05:18:00,50.02337935876432
2025-06-12 16:40:00,96.5
2025-06-12 01:27:00,45.3
2025-06-12 19:43:00,37.8
2025-06-12 08:28:00,22.6
2025-06-12 03:58:00,22.4
2025-06-12 04:20:00,88.2
2025-06-12 21:44:00,94.8
2025-06-12 19:56:00,50.02337935876432
2025-06-12 19:17:00,98.4
2025-06-12 05:22:00,50.02337935876432
2025-06-12 01:55:00,50.02337935876432
2025-06-12 02:12:00,50.02337935876432
2025-06-12 02:11:00,50.02337935876432
2025-06-12 12:10:00,50.6
2025-06-12 17:11:00,68.5
2025-06-12 05:51:00,6.0
2025-06-12 20:00:00,41.4
2025-06-12 13:36:00,64.9
2025-06-12 04:14:00,99.4
2025-06-12 06:24:00,5.1
2025-06-12 23:01:00,50.02337935876432
2025-06-12 09:20:00,50.02337935876432
2025-06-12 18:51:00,31.1
2025-06-12 19:26:00,50.02337935876432
2025-06-12 14:42:00,8.1
2025-06-12 22:44:00,78.7
2025-06-12 15:41:00,98.4
2025-06-12 05:39:00,72.5
2025-06-12 15:50:00,73.1
2025-06-12 06:15:00,50.02337935876432
2025-06-12 14:03:00,99.3
2025-06-12 20:53:00,18.1
2025-06-12 16:33:00,79.0
2025-06-12 03:14:00,35.1
2025-06-12 05:25:00,50.02337935876432
2025-06-12 08:33:00,50.02337935876432
2025-06-12 21:23:00,75.3
2025-06-12 08:58:00,50.02337935876432
2025-06-12 16:17:00,28.6
2025-06-12 00:54:00,59.3
2025-06-12 20:11:00,21.3
2025-06-12 21:36:00,78.6
2025-06-12 07:05:00,7.0
2025-06-12 07:29:00,50.02337935876432
2025-06-12 17:32:00,27.2
2025-06-12 12:07:00,62.9
2025-06-12 12:47:00,83.4
2025-06-12 09:58:00,50.02337935876432
2025-06-12 11:11:00,20.8
2025-06-12 22:46:00,14.5
2025-06-12 03:43:00,45.5
2025-06-12 18:27:00,83.8
2025-06-12 14:36:00,50.02337935876432
2025-06-12 00:41:00,50.02337935876432
2025-06-12 14:09:00,42.0
2025-06-12 20:13:00,76.9
2025-06-12 11:19:00,75.6
2025-06-12 06:51:00,91.9
2025-06-12 21:28:00,93.8
2025-06-12 07:46:00,52.4
2025-06-12 10:41:00,8.3
2025-06-12 12:15:00,43.7
2025-06-12 06:35:00,7.7
2025-06-12 23:17:00,79.5
2025-06-12 15:15:00,11.7
2025-06-12 09:45:00,4.3
2025-06-12 00:43:00,90.9
2025-06-12 02:32:00,37.5
2025-06-12 08:17:00,41.1
2025-06-12 10:09:00,93.7
2025-06-12 09:10:00,68.1
2025-06-12 22:51:00,53.8
2025-06-12 10:59:00,74.8
2025-06-12 12:01:00,52.0
2025-06-12 07:03:00,60.3
2025-06-12 20:55:00,22.2
2025-06-12 17:22:00,10.2
2025-06-12 17:46:00,9.9
2025-06-12 12:17:00,79.8
2025-06-12 14:59:00,44.4
2025-06-12 15:44:00,73.1
2025-06-12 18:23:00,47.4
2025-06-12 04:23:00,70.7
2025-06-12 02:48:00,4.3
2025-06-12 09:29:00,26.0
2025-06-12 19:13:00,5.2
2025-06-12 23:27:00,50.19809456598448
2025-06-12 13:08:00,98.9
2025-06-12 12:02:00,50.19809456598448
2025-06-12 19:11:00,23.6
2025-06-12 07:18:00,25.6
2025-06-12 16:23:00,39.4
2025-06-12 12:49:00,50.19809456598448
2025-06-12 11:31:00,29.9
2025-06-12 07:48:00,78.3
2025-06-12 05:45:00,72.0
2025-06-12 13:45:00,95.0
2025-06-12 00:45:00,2.9
2025-06-12 12:40:00,64.6
2025-06-12 05:33:00,33.5
2025-06-12 05:23:00,19.4
2025-06-12 14:24:00,51.1
2025-06-12 05:35:00,45.6
2025-06-12 06:08:00,42.0
2025-06-12 16:40:00,98.6
2025-06-12 16:15:00,15.5
2025-06-12 14:50:00,76.2
2025-06-12 01:59:00,99.0
2025-06-12 02:58:00,99.9
2025-06-12 18:00:00,81.0
2025-06-12 19:54:00,24.9
2025-06-12 13:55:00,98.7
2025-06-12 15:19:00,50.19809456598448
2025-06-12 03:54:00,25.7
2025-06-12 11:22:00,67.6
2025-06-12 16:39:00,74.3
2025-06-12 03:49:00,46.3
2025-06-12 01:06:00,4.7
2025-06-12 06:29:00,16.9
2025-06-12 19:51:00,38.4
2025-06-12 22:16:00,24.0
2025-06-12 04:19:00,73.8
2025-06-12 17:58:00,34.6
2025-06-12 18:45:00,82.0
2025-06-12 03:33:00,8.3
2025-06-12 11:26:00,34.9
2025-06-12 18:18:00,66.4
2025-06-12 11:43:00,50.19809456598448
2025-06-12 22:17:00,58.7
2025-06-12 03:50:00,50.19809456598448
2025-06-12 13:04:00,68.9
2025-06-12 16:12:00,62.4
2025-06-12 02:41:00,37.2
2025-06-12 23:45:00,50.19809456598448
2025-06-12 19:14:00,8.5
2025-06-12 12:10:00,59.6
2025-06-12 01:12:00,69.0
2025-06-12 16:53:00,78.4
2025-06-12 11:45:00,19.0
2025-06-12 22:10:00,50.19809456598448
2025-06-12 21:24:00,71.2
2025-06-12 23:57:00,17.7
2025-06-12 02:14:00,69.8
2025-06-12 13:37:00,92.3
2025-06-12 18:05:00,62.9
2025-06-12 22:31:00,52.6
2025-06-12 00:42:00,50.19809456598448
2025-06-12 14:47:00,96.2
2025-06-12 19:02:00,55.3
2025-06-12 01:03:00,15.7
2025-06-12 09:52:00,57.2
2025-06-12 14:46:00,53.3
2025-06-12 05:08:00,84.0
2025-06-12 05:09:00,7.2
2025-06-12 10:52:00,55.3
2025-06-12 05:28:00,7.2
2025-06-12 22:33:00,17.1
2025-06-12 18:40:00,27.4
2025-06-12 04:24:00,7.1
2025-06-12 08:57:00,12.4
2025-06-12 16:46:00,49.4
2025-06-12 07:25:00,71.6
2025-06-12 06:11:00,12.4
2025-06-12 20:01:00,50.19809456598448
2025-06-12 07:19:00,66.4
2025-06-12 17:44:00,50.19809456598448
2025-06-12 22:11:00,25.6
2025-06-12 18:36:00,32.3
2025-06-12 14:56:00,51.0
2025-06-12 14:03:00,81.1
2025-06-12 12:47:00,46.2
2025-06-12 06:51:00,62.9
2025-06-12 06:17:00,28.6
2025-06-12 23:59:00,50.19809456598448
2025-06-12 17:45:00,36.5
2025-06-12 16:22:00,8.6
2025-06-12 13:19:00,22.5
2025-06-12 18:42:00,74.5
2025-06-12 13:05:00,54.8
2025-06-12 22:15:00,96.1
2025-06-12 22:48:00,9.4
2025-06-12 17:14:00,50.19809456598448
2025-06-12 17:24:00,70.2
2025-06-12 12:05:00,83.6
2025-06-12 20:26:00,16.7
2025-06-12 00:14:00,18.0
2025-06-12 23:33:00,50.19809456598448
2025-06-12 01:33:00,8.7
2025-06-12 13:00:00,81.1
2025-06-12 13:34:00,27.6
2025-06-12 13:46:00,50.19809456598448
2025-06-12 06:14:00,76.8
2025-06-12 17:12:00,50.19809456598448
2025-06-12 23:19:00,5.2
2025-06-12 15:48:00,80.3
2025-06-12 12:04:00,60.9
2025-06-12 18:02:00,20.4
2025-06-12 03:25:00,65.5
2025-06-12 00:26:00,50.19809456598448
2025-06-12 13:52:00,33.0
2025-06-12 21:55:00,47.3
2025-06-12 14:08:00,74.9
2025-06-12 20:03:00,50.19809456598448
2025-06-12 08:36:00,47.5
2025-06-12 23:02:00,99.2
2025-06-12 07:39:00,53.4
2025-06-12 01:55:00,85.0
2025-06-12 14:34:00,60.2
2025-06-12 09:17:00,94.9
2025-06-12 11:38:00,5.4
2025-06-12 13:48:00,50.19809456598448
2025-06-12 08:07:00,40.4
2025-06-12 13:28:00,38.9
2025-06-12 19:16:00,33.5
2025-06-12 17:32:00,8.5
2025-06-12 06:38:00,65.2
2025-06-12 17:52:00,96.0
2025-06-12 06:23:00,48.9
2025-06-12 00:03:00,98.5
2025-06-12 08:12:00,32.2
2025-06-12 17:07:00,50.19809456598448
2025-06-12 21:32:00,31.1
2025-06-12 15:10:00,43.9
2025-06-12 01:57:00,50.19809456598448
2025-06-12 04:35:00,18.3
2025-06-12 21:47:00,45.2
2025-06-12 22:08:00,27.5
2025-06-12 16:58:00,50.19809456598448
2025-06-12 19:29:00,91.1
2025-06-12 09:46:00,12.2
2025-06-12 02:01:00,77.7
2025-06-12 07:07:00,85.6
2025-06-12 00:27:00,49.7
2025-06-12 14:00:00,7.4
2025-06-12 15:45:00,43.2
2025-06-12 10:54:00,58.8
2025-06-12 06:58:00,13.4
2025-06-12 23:39:00,72.7
2025-06-12 11:49:00,58.4
2025-06-12 16:03:00,69.8
2025-06-12 23:22:00,35.1
2025-06-12 21:16:00,77.8
2025-06-12 09:41:00,29.0
2025-06-12 01:51:00,50.19809456598448
2025-06-12 01:23:00,8.9
2025-06-12 20:53:00,98.6
2025-06-12 20:29:00,32.7
2025-06-12 05:16:00,43.8
2025-06-12 09:32:00,44.3
2025-06-12 04:16:00,50.19809456598448
2025-06-12 16:43:00,60.6
2025-06-12 18:08:00,28.1
2025-06-12 00:41:00,36.7
2025-06-12 22:36:00,50.19809456598448
2025-06-12 11:05:00,82.4
2025-06-12 18:56:00,61.0
2025-06-12 00:31:00,89.9
2025-06-12 09:56:00,22.8
2025-06-12 10:12:00,50.19809456598448
2025-06-12 06:32:00,9.7
2025-06-12 21:13:00,50.19809456598448
2025-06-12 07:59:00,78.0
2025-06-12 06:45:00,74.8
2025-06-12 00:49:00,35.2
2025-06-12 11:06:00,79.8
2025-06-12 12:44:00,67.7
2025-06-12 01:21:00,71.3
2025-06-12 05:58:00,97.1
2025-06-12 11:19:00,64.8
2025-06-12 16:10:00,93.6
2025-06-12 01:32:00,97.3
2025-06-12 21:22:00,2.2
2025-06-12 08:50:00,50.19809456598448
2025-06-12 14:06:00,58.5
2025-06-12 19:41:00,33.7
2025-06-12 15:08:00,50.19809456598448
2025-06-12 10:27:00,24.8
2025-06-12 06:56:00,47.0
2025-06-12 05:49:00,89.2
2025-06-12 18:15:00,91.0
2025-06-12 03:48:00,69.3
2025-06-12 20:48:00,30.3
2025-06-12 05:51:00,29.1
2025-06-12 03:37:00,50.19809456598448
2025-06-12 03:22:00,25.9
2025-06-12 06:54:00,97.6
2025-06-12 14:04:00,6.9
2025-06-12 19:05:00,37.9
2025-06-12 12:57:00,67.6
2025-06-12 21:59:00,46.1
2025-06-12 23:14:00,32.5
2025-06-12 11:35:00,20.7
2025-06-12 16:31:00,97.0
2025-06-12 21:17:00,53.4
2025-06-12 16:01:00,47.0
2025-06-12 02:02:00,93.1
2025-06-12 00:12:00,36.9
2025-06-12 18:26:00,46.6
2025-06-12 21:54:00,51.4
2025-06-12 18:49:00,37.9
2025-06-12 06:39:00,61.4
2025-06-12 19:08:00,63.0
2025-06-12 18:33:00,99.2
2025-06-12 19:55:00,50.19809456598448
2025-06-12 13:36:00,50.19809456598448
2025-06-12 07:36:00,97.8
2025-06-12 20:21:00,51.9
2025-06-12 16:51:00,39.7
2025-06-12 10:25:00,50.19809456598448
2025-06-12 20:43:00,61.1
2025-06-12 22:47:00,50.19809456598448
2025-06-12 11:48:00,56.4
2025-06-12 09:27:00,36.0
2025-06-12 01:37:00,62.0
2025-06-12 20:47:00,39.2
2025-06-12 13:56:00,50.19809456598448
2025-06-12 02:16:00,0.6
2025-06-12 07:17:00,5.0
2025-06-12 04:44:00,45.1
2025-06-12 19:23:00,6.3
2025-06-12 09:54:00,79.1
2025-06-12 09:26:00,18.7
2025-06-12 02:50:00,36.6
2025-06-12 05:31:00,76.5
2025-06-12 14:58:00,66.6
2025-06-12 04:15:00,50.19809456598448
2025-06-12 05:56:00,57.5
2025-06-12 03:01:00,8.2
2025-06-12 18:34:00,10.2
2025-06-12 09:37:00,3.7
2025-06-12 10:41:00,50.19809456598448
2025-06-12 14:14:00,50.19809456598448
2025-06-12 09:36:00,33.7
2025-06-12 03:57:00,81.8
2025-06-12 02:12:00,18.9
2025-06-12 18:22:00,45.6
2025-06-12 02:49:00,16.1
2025-06-12 05:04:00,24.1
2025-06-12 08:56:00,78.4
2025-06-12 00:39:00,50.19809456598448
2025-06-12 08:27:00,12.6
2025-06-12 04:48:00,50.19809456598448
2025-06-12 03:08:00,19.3
2025-06-12 14:43:00,39.3
2025-06-12 03:04:00,71.1
2025-06-12 18:20:00,73.9
2025-06-12 10:34:00,32.4
2025-06-12 16:38:00,3.9
2025-06-12 07:40:00,36.1
2025-06-12 13:17:00,50.19809456598448
2025-06-12 12:23:00,47.6
2025-06-12 21:04:00,50.19809456598448
2025-06-12 17:03:00,33.5
2025-06-12 19:33:00,47.3
2025-06-12 10:10:00,59.9
2025-06-12 21:11:00,57.7
2025-06-12 01:54:00,10.5
2025-06-12 16:11:00,84.9
2025-06-12 14:41:00,45.9
2025-06-12 20:48:00,80.5
2025-06-12 10:24:00,83.0
2025-06-12 22:13:00,5.4
2025-06-12 08:21:00,52.5
2025-06-12 05:59:00,80.5
2025-06-12 06:31:00,74.1
2025-06-12 16:14:00,56.0
2025-06-12 04:38:00,66.7
2025-06-12 16:18:00,80.9
2025-06-12 07:58:00,88.7
2025-06-12 01:47:00,49.54486036141751
2025-06-12 14:20:00,89.8
2025-06-12 18:34:00,53.7
2025-06-12 08:35:00,55.5
2025-06-12 12:23:00,96.3
2025-06-12 01:46:00,30.3
2025-06-12 20:29:00,51.2
2025-06-12 12:18:00,26.8
2025-06-12 12:38:00,66.1
2025-06-12 07:21:00,31.5
2025-06-12 16:31:00,90.4
2025-06-12 02:19:00,90.2
2025-06-12 05:49:00,91.5
2025-06-12 23:21:00,4.2
2025-06-12 10:13:00,23.1
2025-06-12 15:19:00,74.2
2025-06-12 23:25:00,32.3
2025-06-12 02:01:00,86.9
2025-06-12 13:40:00,59.8
2025-06-12 05:55:00,98.7
2025-06-12 10:00:00,93.1
2025-06-12 14:42:00,96.0
2025-06-12 11:45:00,17.1
2025-06-12 06:30:00,50.8
2025-06-12 03:27:00,49.54486036141751
2025-06-12 16:29:00,85.8
2025-06-12 11:23:00,89.1
2025-06-12 23:37:00,49.54486036141751
2025-06-12 02:09:00,51.3
2025-06-12 00:45:00,47.6
2025-06-12 15:32:00,61.0
2025-06-12 03:28:00,65.9
2025-06-12 00:59:00,11.0
2025-06-12 09:08:00,87.3
2025-06-12 05:51:00,90.6
2025-06-12 00:49:00,83.2
2025-06-12 14:40:00,77.1
2025-06-12 20:38:00,49.54486036141751
2025-06-12 02:16:00,20.3
2025-06-12 04:30:00,8.9
2025-06-12 07:47:00,81.0
2025-06-12 14:47:00,71.5
2025-06-12 06:49:00,23.2
2025-06-12 02:41:00,72.8
2025-06-12 01:41:00,89.2
2025-06-12 08:05:00,65.7
2025-06-12 23:52:00,61.3
2025-06-12 14:07:00,43.7
2025-06-12 18:05:00,0.2
2025-06-12 08:52:00,49.54486036141751
2025-06-12 16:52:00,23.0
2025-06-12 13:46:00,35.4
2025-06-12 19:35:00,9.1
2025-06-12 05:22:00,57.4
2025-06-12 05:34:00,19.9
2025-06-12 21:05:00,23.1
2025-06-12 05:18:00,24.9
2025-06-12 21:08:00,62.7
2025-06-12 21:22:00,84.2
2025-06-12 12:15:00,66.4
2025-06-12 18:26:00,60.0
2025-06-12 06:27:00,49.54486036141751
2025-06-12 11:01:00,78.5
2025-06-12 09:43:00,24.8
2025-06-12 18:20:00,78.5
2025-06-12 15:41:00,25.2
2025-06-12 20:25:00,71.1
2025-06-12 23:01:00,27.1
2025-06-12 17:13:00,29.4
2025-06-12 10:08:00,49.54486036141751
2025-06-12 11:07:00,49.54486036141751
2025-06-12 09:40:00,47.6
2025-06-12 09:21:00,49.54486036141751
2025-06-12 13:20:00,98.1
2025-06-12 15:37:00,41.4
2025-06-12 17:46:00,3.6
2025-06-12 23:41:00,51.8
2025-06-12 18:28:00,84.4
2025-06-12 12:36:00,68.2
2025-06-12 23:07:00,19.8
2025-06-12 10:05:00,40.0
2025-06-12 09:20:00,60.7
2025-06-12 18:00:00,49.1
2025-06-12 04:33:00,96.3
2025-06-12 15:58:00,30.1
2025-06-12 15:12:00,17.6
2025-06-12 23:13:00,21.1
2025-06-12 07:27:00,95.4
2025-06-12 22:27:00,64.1
2025-06-12 07:48:00,91.8
2025-06-12 15:44:00,45.2
2025-06-12 10:44:00,47.2
2025-06-12 09:31:00,49.54486036141751
2025-06-12 12:07:00,4.2
2025-06-12 21:40:00,10.0
2025-06-12 17:18:00,48.0
2025-06-12 23:40:00,59.9
2025-06-12 18:58:00,49.54486036141751
2025-06-12 16:28:00,46.4
2025-06-12 02:03:00,52.6
2025-06-12 15:47:00,56.0
2025-06-12 13:33:00,14.0
2025-06-12 09:14:00,58.8
2025-06-12 05:37:00,2.0
2025-06-12 09:50:00,49.54486036141751
2025-06-12 13:07:00,75.2
2025-06-12 03:11:00,49.54486036141751
2025-06-12 13:32:00,84.0
2025-06-12 07:11:00,20.5
2025-06-12 16:12:00,29.1
2025-06-12 08:51:00,43.2
2025-06-12 21:04:00,69.9
2025-06-12 21:47:00,42.7
2025-06-12 13:28:00,21.8
2025-06-12 13:59:00,49.6
2025-06-12 01:23:00,64.7
2025-06-12 17:27:00,28.7
2025-06-12 00:24:00,22.3
2025-06-12 01:50:00,39.7
2025-06-12 12:51:00,85.5
2025-06-12 06:44:00,64.0
2025-06-12 00:39:00,49.54486036141751
2025-06-12 20:02:00,49.54486036141751
2025-06-12 11:50:00,49.54486036141751
2025-06-12 05:11:00,17.9
2025-06-12 04:01:00,36.3
2025-06-12 12:50:00,71.1
2025-06-12 02:00:00,3.6
2025-06-12 21:27:00,60.0
2025-06-12 12:45:00,49.54486036141751
2025-06-12 18:41:00,88.0
2025-06-12 17:50:00,39.0
2025-06-12 20:54:00,88.4
2025-06-12 00:32:00,63.7
2025-06-12 06:02:00,80.4
2025-06-12 06:10:00,99.4
2025-06-12 10:30:00,58.0
2025-06-12 02:50:00,0.4
2025-06-12 09:01:00,52.7
2025-06-12 15:14:00,86.6
2025-06-12 06:13:00,42.1
2025-06-12 15:04:00,7.9
2025-06-12 21:26:00,31.9
2025-06-12 16:03:00,34.7
2025-06-12 11:27:00,13.8
2025-06-12 07:34:00,65.4
2025-06-12 04:16:00,83.9
2025-06-12 18:09:00,12.7
2025-06-12 01:42:00,50.5
2025-06-12 16:53:00,17.2
2025-06-12 17:42:00,92.4
2025-06-12 03:31:00,23.1
2025-06-12 11:11:00,19.4
2025-06-12 21:32:00,21.1
2025-06-12 13:08:00,49.54486036141751
2025-06-12 19:05:00,49.54486036141751
2025-06-12 06:47:00,88.5
2025-06-12 06:00:00,15.2
2025-06-12 19:53:00,31.2
2025-06-12 00:48:00,80.5
2025-06-12 03:24:00,37.2
2025-06-12 09:37:00,29.7
2025-06-12 22:33:00,29.5
2025-06-12 09:00:00,1.0
2025-06-12 15:43:00,25.2
2025-06-12 07:51:00,49.54486036141751
2025-06-12 00:09:00,13.1
2025-06-12 18:45:00,90.9
2025-06-12 12:14:00,48.8
2025-06-12 21:14:00,49.54486036141751
2025-06-12 21:43:00,59.3
2025-06-12 16:48:00,99.5
2025-06-12 17:35:00,49.54486036141751
2025-06-12 20:55:00,49.54486036141751
2025-06-12 14:46:00,88.8
2025-06-12 21:28:00,18.7
2025-06-12 19:18:00,47.2
2025-06-12 02:36:00,35.7
2025-06-12 07:59:00,5.8
2025-06-12 02:49:00,75.1
2025-06-12 07:54:00,72.0
2025-06-12 04:14:00,57.8
2025-06-12 23:24:00,36.5
2025-06-12 00:55:00,98.9
2025-06-12 19:14:00,60.9
2025-06-12 07:14:00,8.4
2025-06-12 02:58:00,4.1
2025-06-12 13:05:00,46.4
2025-06-12 07:00:00,28.3
2025-06-12 21:29:00,94.9
2025-06-12 07:40:00,48.5
2025-06-12 06:04:00,29.0
2025-06-12 10:26:00,90.3
2025-06-12 07:03:00,68.9
2025-06-12 01:24:00,84.0
2025-06-12 23:59:00,13.9
2025-06-12 00:56:00,58.2
2025-06-12 00:14:00,80.0
2025-06-12 16:06:00,41.3
2025-06-12 08:04:00,13.2
2025-06-12 19:50:00,22.9
2025-06-12 08:33:00,0.3
2025-06-12 17:38:00,85.4
2025-06-12 22:14:00,32.0
2025-06-12 21:17:00,93.0
2025-06-12 12:00:00,60.7
2025-06-12 13:10:00,53.1
2025-06-12 16:49:00,39.3
2025-06-12 21:35:00,10.2
2025-06-12 04:35:00,14.0
2025-06-12 20:17:00,56.7
2025-06-12 22:06:00,69.8
2025-06-12 02:40:00,97.1
2025-06-12 07:06:00,6.1
2025-06-12 17:09:00,20.3
2025-06-12 14:22:00,80.2
2025-06-12 10:51:00,80.7
2025-06-12 06:07:00,53.7
2025-06-12 09:22:00,49.54486036141751
2025-06-12 05:13:00,49.54486036141751
2025-06-12 17:00:00,62.5
2025-06-12 08:25:00,59.3
2025-06-12 22:16:00,80.0
2025-06-12 00:58:00,28.4
2025-06-12 23:19:00,49.54486036141751
2025-06-12 04:08:00,49.54486036141751
2025-06-12 07:22:00,33.2
2025-06-12 00:44:00,49.54486036141751
2025-06-12 14:54:00,94.6
2025-06-12 10:22:00,69.6
2025-06-12 16:38:00,12.2
2025-06-12 05:40:00,49.54486036141751
2025-06-12 05:00:00,72.4
2025-06-12 00:15:00,19.2
2025-06-12 21:58:00,98.5
2025-06-12 02:07:00,89.2
2025-06-12 09:51:00,49.54486036141751
2025-06-12 12:41:00,63.3
2025-06-12 09:46:00,16.2
2025-06-12 10:57:00,20.5
2025-06-12 00:31:00,49.54486036141751
2025-06-12 07:17:00,3.1
2025-06-12 20:32:00,47.1
2025-06-12 18:53:00,66.1
2025-06-12 20:57:00,43.2
2025-06-12 13:25:00,83.7
2025-06-12 07:23:00,50.1
2025-06-12 13:30:00,62.1
2025-06-12 04:20:00,90.2
2025-06-12 06:28:00,52.4
2025-06-12 06:24:00,76.9
2025-06-12 17:04:00,49.54486036141751
2025-06-12 18:38:00,71.7
2025-06-12 13:04:00,67.7
2025-06-12 15:00:00,55.1
2025-06-12 18:04:00,85.4
2025-06-12 07:52:00,47.4
2025-06-12 01:08:00,49.54486036141751
2025-06-12 23:12:00,49.54486036141751
2025-06-12 02:46:00,49.54486036141751
2025-06-12 01:53:00,49.54486036141751
2025-06-12 01:38:00,88.4
2025-06-12 08:00:00,32.1
2025-06-12 10:38:00,52.9
2025-06-12 07:09:00,74.0
2025-06-12 22:07:00,41.5
2025-06-12 23:14:00,96.4
2025-06-12 05:05:00,18.0
2025-06-12 13:31:00,32.8
2025-06-12 15:54:00,8.1
2025-06-12 08:22:00,58.1
2025-06-12 03:03:00,45.7
2025-06-12 19:29:00,74.3
2025-06-12 00:22:00,17.6
2025-06-12 20:39:00,21.3
2025-06-12 06:13:00,10.5
2025-06-12 12:47:00,55.0
2025-06-12 21:27:00,93.5
2025-06-12 08:27:00,50.136426804852206
2025-06-12 23:09:00,4.7
2025-06-12 11:52:00,1.2
2025-06-12 09:04:00,50.136426804852206
2025-06-12 17:37:00,40.3
2025-06-12 13:52:00,92.2
2025-06-12 17:35:00,76.0
2025-06-12 11:51:00,49.1
2025-06-12 13:21:00,54.0
2025-06-12 23:01:00,46.9
2025-06-12 06:23:00,17.7
2025-06-12 02:29:00,73.7
2025-06-12 05:18:00,85.0
2025-06-12 15:36:00,19.5
2025-06-12 12:49:00,43.4
2025-06-12 00:53:00,50.136426804852206
2025-06-12 01:39:00,74.8
2025-06-12 07:48:00,42.1
2025-06-12 02:26:00,21.4
2025-06-12 04:17:00,50.136426804852206
2025-06-12 01:46:00,62.2
2025-06-12 19:21:00,16.9
2025-06-12 21:41:00,50.136426804852206
2025-06-12 12:13:00,0.0
2025-06-12 16:36:00,64.4
2025-06-12 08:06:00,22.1
2025-06-12 21:47:00,64.7
2025-06-12 23:48:00,87.1
2025-06-12 07:06:00,50.136426804852206
2025-06-12 00:38:00,28.6
2025-06-12 15:25:00,52.2
2025-06-12 21:19:00,16.6
2025-06-12 11:56:00,9.9
2025-06-12 15:28:00,50.8
2025-06-12 04:25:00,70.0
2025-06-12 07:57:00,60.0
2025-06-12 00:19:00,28.1
2025-06-12 18:14:00,95.8
2025-06-12 15:32:00,46.0
2025-06-12 02:33:00,19.9
2025-06-12 18:25:00,74.6
2025-06-12 05:05:00,14.1
2025-06-12 15:49:00,81.4
2025-06-12 16:28:00,11.5
2025-06-12 11:10:00,94.2
2025-06-12 00:02:00,42.8
2025-06-12 02:12:00,90.3
2025-06-12 18:07:00,18.3
2025-06-12 10:58:00,71.3
2025-06-12 23:02:00,50.136426804852206
2025-06-12 03:34:00,50.136426804852206
2025-06-12 01:52:00,90.6
2025-06-12 11:50:00,50.136426804852206
2025-06-12 17:31:00,50.136426804852206
2025-06-12 16:22:00,46.9
2025-06-12 20:10:00,13.0
2025-06-12 23:03:00,50.136426804852206
2025-06-12 00:59:00,17.7
2025-06-12 23:38:00,28.5
2025-06-12 06:32:00,92.1
2025-06-12 17:53:00,92.2
2025-06-12 06:00:00,60.3
2025-06-12 10:59:00,50.136426804852206
2025-06-12 16:39:00,77.4
2025-06-12 23:22:00,89.5
2025-06-12 11:06:00,50.136426804852206
2025-06-12 02:21:00,22.6
2025-06-12 07:42:00,9.1
2025-06-12 17:38:00,70.5
2025-06-12 19:01:00,50.136426804852206
2025-06-12 07:50:00,90.6
2025-06-12 19:25:00,74.7
2025-06-12 22:07:00,50.136426804852206
2025-06-12 03:33:00,90.1
2025-06-12 11:37:00,82.9
2025-06-12 11:39:00,17.1
2025-06-12 21:17:00,91.4
2025-06-12 00:36:00,42.2
2025-06-12 08:53:00,64.4
2025-06-12 22:32:00,50.136426804852206
2025-06-12 22:50:00,72.7
2025-06-12 10:21:00,48.3
2025-06-12 04:43:00,39.6
2025-06-12 15:31:00,20.0
2025-06-12 17:46:00,6.0
2025-06-12 09:53:00,50.136426804852206
2025-06-12 16:20:00,57.4
2025-06-12 03:24:00,8.6
2025-06-12 22:48:00,50.136426804852206
2025-06-12 01:04:00,42.7
2025-06-12 18:55:00,34.4
2025-06-12 12:33:00,50.136426804852206
2025-06-12 18:51:00,40.5
2025-06-12 14:33:00,81.0
2025-06-12 10:45:00,50.136426804852206
2025-06-12 09:08:00,91.3
2025-06-12 22:59:00,90.5
2025-06-12 08:33:00,35.7
2025-06-12 12:57:00,48.8
2025-06-12 16:33:00,66.7
2025-06-12 16:59:00,96.5
2025-06-12 00:35:00,72.5
2025-06-12 19:06:00,59.6
2025-06-12 15:34:00,35.1
2025-06-12 10:02:00,10.2
2025-06-12 00:04:00,27.1
2025-06-12 20:32:00,87.7
2025-06-12 08:28:00,77.1
2025-06-12 15:09:00,92.6
2025-06-12 11:05:00,90.3
2025-06-12 13:31:00,97.3
2025-06-12 03:16:00,78.1
2025-06-12 07:29:00,50.136426804852206
2025-06-12 06:59:00,96.0
2025-06-12 21:33:00,7.7
2025-06-12 06:47:00,15.5
2025-06-12 02:41:00,72.9
2025-06-12 23:41:00,76.5
2025-06-12 03:14:00,11.0
2025-06-12 13:51:00,88.2
2025-06-12 04:38:00,4.5
2025-06-12 15:16:00,70.7
2025-06-12 18:03:00,50.136426804852206
2025-06-12 20:02:00,71.7
2025-06-12 03:13:00,49.9
2025-06-12 05:27:00,4.4
2025-06-12 14:12:00,68.2
2025-06-12 00:29:00,50.136426804852206
2025-06-12 11:20:00,50.136426804852206
2025-06-12 22:21:00,24.9
2025-06-12 01:40:00,50.136426804852206
2025-06-12 21:58:00,82.2
2025-06-12 01:01:00,65.2
2025-06-12 19:33:00,42.1
2025-06-12 16:42:00,59.3
2025-06-12 04:02:00,50.136426804852206
2025-06-12 00:05:00,70.5
2025-06-12 04:11:00,4.9
2025-06-12 00:48:00,43.4
2025-06-12 18:11:00,50.136426804852206
2025-06-12 18:00:00,61.0
2025-06-12 15:39:00,4.6
2025-06-12 01:30:00,62.5
2025-06-12 06:25:00,50.136426804852206
2025-06-12 20:04:00,24.4
2025-06-12 06:19:00,84.3
2025-06-12 09:13:00,11.1
2025-06-12 04:32:00,57.8
2025-06-12 07:26:00,43.8
2025-06-12 06:40:00,69.9
2025-06-12 23:17:00,63.0
2025-06-12 18:54:00,49.9
2025-06-12 11:58:00,41.8
2025-06-12 10:03:00,76.4
2025-06-12 12:45:00,45.6
2025-06-12 21:38:00,35.2
2025-06-12 00:17:00,54.3
2025-06-12 05:08:00,83.6
2025-06-12 19:02:00,64.1
2025-06-12 20:17:00,78.4
2025-06-12 10:35:00,27.0
2025-06-12 10:09:00,50.136426804852206
2025-06-12 16:17:00,85.2
2025-06-12 04:41:00,50.136426804852206
2025-06-12 17:13:00,4.0
2025-06-12 21:54:00,96.8
2025-06-12 14:03:00,44.5
2025-06-12 21:45:00,21.3
2025-06-12 10:36:00,30.6
2025-06-12 09:51:00,74.1
2025-06-12 22:16:00,80.4
2025-06-12 15:35:00,42.2
2025-06-12 03:30:00,88.8
2025-06-12 07:00:00,42.2
2025-06-12 08:57:00,85.4
2025-06-12 07:14:00,50.136426804852206
2025-06-12 02:08:00,49.1
2025-06-12 19:34:00,44.0
2025-06-12 17:42:00,50.136426804852206
2025-06-12 08:51:00,42.1
2025-06-12 18:33:00,93.6
2025-06-12 21:39:00,79.9
2025-06-12 17:59:00,75.2
2025-06-12 01:07:00,94.9
2025-06-12 00:09:00,50.136426804852206
2025-06-12 16:49:00,59.0
2025-06-12 17:21:00,7.8
2025-06-12 03:19:00,50.136426804852206
2025-06-12 20:05:00,55.6
2025-06-12 23:14:00,50.136426804852206
2025-06-12 13:08:00,62.5
2025-06-12 17:25:00,72.1
2025-06-12 01:48:00,50.136426804852206
2025-06-12 05:16:00,27.5
2025-06-12 03:44:00,50.136426804852206
2025-06-12 05:42:00,50.136426804852206
2025-06-12 21:49:00,36.1
2025-06-12 13:07:00,17.5
2025-06-12 09:21:00,15.4
2025-06-12 23:21:00,52.5
2025-06-12 05:32:00,59.0
2025-06-12 05:54:00,1.8
2025-06-12 17:55:00,30.8
2025-06-12 01:42:00,49.9
2025-06-12 18:24:00,43.1
2025-06-12 23:43:00,50.136426804852206
2025-06-12 05:12:00,67.3
2025-06-12 12:40:00,25.7
2025-06-12 19:57:00,90.4
2025-06-12 04:16:00,50.136426804852206
2025-06-12 12:11:00,23.4
2025-06-12 01:45:00,50.9
2025-06-12 07:51:00,14.3
2025-06-12 17:15:00,50.136426804852206
2025-06-12 05:36:00,88.2
2025-06-12 13:33:00,50.136426804852206
2025-06-12 12:06:00,48.0
2025-06-12 10:54:00,50.136426804852206
2025-06-12 17:32:00,26.6
2025-06-12 19:12:00,58.6
2025-06-12 07:53:00,23.0
2025-06-12 15:43:00,12.1
2025-06-12 19:43:00,97.6
2025-06-12 02:51:00,31.2
2025-06-12 20:38:00,39.9
2025-06-12 08:17:00,50.136426804852206
2025-06-12 22:29:00,40.8
2025-06-12 11:30:00,45.2
2025-06-12 12:56:00,50.136426804852206
2025-06-12 23:27:00,87.2
2025-06-12 13:12:00,85.7
2025-06-12 13:34:00,52.8
2025-06-12 19:27:00,50.136426804852206
2025-06-12 11:36:00,54.9
2025-06-12 07:46:00,71.7
2025-06-12 14:43:00,8.2
2025-06-12 14:24:00,47.1
2025-06-12 23:12:00,37.3
2025-06-12 08:36:00,43.5
2025-06-12 19:50:00,33.1
2025-06-12 18:10:00,29.7
2025-06-12 12:23:00,90.7
2025-06-12 02:59:00,2.8
2025-06-12 04:40:00,50.136426804852206
2025-06-12 06:31:00,12.3
2025-06-12 09:36:00,76.4
2025-06-12 21:04:00,50.136426804852206
2025-06-12 23:51:00,62.9
2025-06-12 23:40:00,50.136426804852206
2025-06-12 09:38:00,4.9
2025-06-12 11:55:00,61.2
2025-06-12 17:01:00,89.8
2025-06-12 23:47:00,71.3
2025-06-12 23:28:00,75.7
2025-06-12 23:11:00,78.0
2025-06-12 01:21:00,55.0
2025-06-12 22:10:00,70.4
2025-06-12 03:51:00,40.4
2025-06-12 03:17:00,61.4
2025-06-12 02:01:00,31.5
2025-06-12 09:37:00,44.2
2025-06-12 12:30:00,63.8
2025-06-12 02:03:00,58.9
2025-06-12 19:04:00,50.136426804852206
2025-06-12 23:13:00,15.6
2025-06-12 10:33:00,4.8
2025-06-12 17:20:00,88.6
2025-06-12 09:58:00,50.136426804852206
2025-06-12 19:53:00,31.6
2025-06-12 09:17:00,37.5
2025-06-12 01:28:00,25.5
2025-06-12 23:23:00,18.9
2025-06-12 17:00:00,33.7
2025-06-12 22:02:00,13.1
2025-06-12 06:14:00,40.6
2025-06-12 13:53:00,35.2
2025-06-12 23:36:00,28.2
2025-06-12 14:18:00,36.7
2025-06-12 07:36:00,50.136426804852206
2025-06-12 05:09:00,18.5
2025-06-12 18:08:00,10.4
2025-06-12 14:34:00,69.0
2025-06-12 18:52:00,50.136426804852206
2025-06-12 21:56:00,11.4
2025-06-12 20:43:00,1.1
2025-06-12 14:15:00,99.9
2025-06-12 14:20:00,50.136426804852206
2025-06-12 02:30:00,84.1
2025-06-12 16:46:00,94.8
2025-06-12 11:11:00,67.8
2025-06-12 23:20:00,80.0
2025-06-12 05:10:00,86.8
2025-06-12 11:15:00,50.136426804852206
2025-06-12 23:26:00,35.4
2025-06-12 02:54:00,61.3
2025-06-12 12:32:00,90.1
2025-06-12 04:08:00,64.8
2025-06-12 03:55:00,21.7
2025-06-12 21:18:00,37.7
2025-06-12 15:57:00,10.1
2025-06-12 03:43:00,7.9
2025-06-12 10:15:00,50.037891637220255
2025-06-12 11:37:00,30.0
2025-06-12 13:32:00,40.6
2025-06-12 03:23:00,65.5
2025-06-12 19:12:00,37.6
2025-06-12 11:27:00,60.9
2025-06-12 06:43:00,43.5
2025-06-12 19:44:00,56.8
2025-06-12 23:51:00,55.2
2025-06-12 04:05:00,15.5
2025-06-12 14:10:00,26.7
2025-06-12 19:31:00,4.2
2025-06-12 17:01:00,23.0
2025-06-12 02:28:00,50.037891637220255
2025-06-12 14:20:00,96.7
2025-06-12 07:38:00,20.7
2025-06-12 11:34:00,6.9
2025-06-12 11:22:00,50.0
2025-06-12 15:06:00,68.7
2025-06-12 17:56:00,50.037891637220255
2025-06-12 05:38:00,4.9
2025-06-12 02:23:00,39.1
2025-06-12 18:16:00,10.2
2025-06-12 10:02:00,50.037891637220255
2025-06-12 02:39:00,10.9
2025-06-12 21:51:00,47.9
2025-06-12 17:38:00,50.037891637220255
2025-06-12 23:11:00,63.7
2025-06-12 16:36:00,32.9
2025-06-12 11:11:00,50.037891637220255
2025-06-12 11:31:00,83.6
2025-06-12 08:07:00,72.1
2025-06-12 20:58:00,79.4
2025-06-12 11:56:00,43.4
2025-06-12 22:09:00,57.7
2025-06-12 19:20:00,11.0
2025-06-12 17:13:00,76.7
2025-06-12 01:39:00,11.8
2025-06-12 12:09:00,7.3
2025-06-12 13:20:00,66.9
2025-06-12 15:17:00,76.0
2025-06-12 16:48:00,90.1
2025-06-12 00:48:00,23.6
2025-06-12 05:16:00,40.3
2025-06-12 00:56:00,43.1
2025-06-12 19:25:00,95.8
2025-06-12 14:19:00,2.1
2025-06-12 07:28:00,58.2
2025-06-12 10:25:00,50.037891637220255
2025-06-12 16:07:00,0.6
2025-06-12 22:54:00,11.4
2025-06-12 10:22:00,10.2
2025-06-12 23:24:00,50.037891637220255
2025-06-12 14:38:00,99.1
2025-06-12 04:21:00,35.0
2025-06-12 14:00:00,50.037891637220255
2025-06-12 22:07:00,65.3
2025-06-12 13:17:00,77.2
2025-06-12 12:45:00,43.8
2025-06-12 14:40:00,50.037891637220255
2025-06-12 04:36:00,87.3
2025-06-12 04:03:00,17.7
2025-06-12 22:14:00,50.037891637220255
2025-06-12 03:18:00,2.2
2025-06-12 10:42:00,7.1
2025-06-12 21:01:00,34.5
2025-06-12 06:49:00,94.9
2025-06-12 06:55:00,50.6
2025-06-12 12:38:00,50.037891637220255
2025-06-12 11:39:00,68.6
2025-06-12 11:20:00,11.1
2025-06-12 20:59:00,53.0
2025-06-12 23:42:00,50.037891637220255
2025-06-12 13:49:00,68.1
2025-06-12 20:33:00,20.4
2025-06-12 10:36:00,50.037891637220255
2025-06-12 01:31:00,84.8
2025-06-12 17:22:00,2.5
2025-06-12 19:59:00,50.037891637220255
2025-06-12 00:10:00,76.5
2025-06-12 10:13:00,10.8
2025-06-12 20:38:00,47.8
2025-06-12 12:35:00,13.5
2025-06-12 01:20:00,44.3
2025-06-12 13:07:00,58.6
2025-06-12 20:48:00,57.4
2025-06-12 03:04:00,15.3
2025-06-12 06:45:00,19.8
2025-06-12 15:20:00,50.037891637220255
2025-06-12 19:07:00,97.6
2025-06-12 20:35:00,20.5
2025-06-12 16:09:00,85.1
2025-06-12 12:51:00,10.5
2025-06-12 07:29:00,40.3
2025-06-12 00:23:00,50.037891637220255
2025-06-12 13:27:00,48.4
2025-06-12 16:27:00,66.9
2025-06-12 23:03:00,50.037891637220255
2025-06-12 07:13:00,50.037891637220255
2025-06-12 00:13:00,82.3
2025-06-12 17:12:00,27.7
2025-06-12 19:37:00,67.6
2025-06-12 13:19:00,48.3
2025-06-12 12:18:00,29.1
2025-06-12 05:09:00,50.037891637220255
2025-06-12 03:13:00,22.3
2025-06-12 00:30:00,50.037891637220255
2025-06-12 23:25:00,65.0
2025-06-12 20:51:00,50.037891637220255
2025-06-12 03:12:00,50.037891637220255
2025-06-12 09:16:00,83.1
2025-06-12 00:38:00,41.6
2025-06-12 02:08:00,50.037891637220255
2025-06-12 14:36:00,50.037891637220255
2025-06-12 23:27:00,18.5
2025-06-12 12:26:00,77.0
2025-06-12 01:48:00,74.9
2025-06-12 04:22:00,42.6
2025-06-12 16:57:00,27.8
2025-06-12 11:15:00,92.1
2025-06-12 23:56:00,50.037891637220255
2025-06-12 14:22:00,82.7
2025-06-12 22:33:00,50.037891637220255
2025-06-12 20:01:00,43.3
2025-06-12 17:21:00,36.8
2025-06-12 14:13:00,35.3
2025-06-12 11:33:00,35.2
2025-06-12 15:51:00,71.0
2025-06-12 20:46:00,7.6
2025-06-12 05:59:00,50.037891637220255
2025-06-12 06:16:00,68.7
2025-06-12 11:10:00,52.4
2025-06-12 23:49:00,12.9
2025-06-12 09:15:00,39.0
2025-06-12 16:44:00,16.8
2025-06-12 07:26:00,76.1
2025-06-12 02:09:00,34.7
2025-06-12 04:13:00,7.5
2025-06-12 17:34:00,80.1
2025-06-12 09:38:00,46.1
2025-06-12 10:39:00,35.9
2025-06-12 15:14:00,16.2
2025-06-12 03:31:00,21.4
2025-06-12 13:45:00,65.5
2025-06-12 09:31:00,5.5
2025-06-12 15:31:00,19.3
2025-06-12 01:55:00,68.4
2025-06-12 16:40:00,46.5
2025-06-12 03:34:00,81.5
2025-06-12 01:43:00,50.037891637220255
2025-06-12 03:45:00,50.037891637220255
2025-06-12 02:50:00,70.2
2025-06-12 15:27:00,75.1
2025-06-12 13:57:00,53.9
2025-06-12 22:26:00,42.6
2025-06-12 11:01:00,18.7
2025-06-12 10:40:00,80.6
2025-06-12 01:42:00,56.9
2025-06-12 19:38:00,99.1
2025-06-12 07:14:00,72.7
2025-06-12 03:56:00,91.5
2025-06-12 06:21:00,81.2
2025-06-12 14:04:00,95.1
2025-06-12 05:41:00,93.3
2025-06-12 21:39:00,48.9
2025-06-12 18:46:00,42.8
2025-06-12 14:57:00,50.037891637220255
2025-06-12 18:10:00,14.1
2025-06-12 18:39:00,42.4
2025-06-12 04:34:00,90.0
2025-06-12 13:08:00,14.4
2025-06-12 01:26:00,51.0
2025-06-12 05:46:00,26.0
2025-06-12 23:41:00,50.037891637220255
2025-06-12 13:01:00,93.6
2025-06-12 04:45:00,82.5
2025-06-12 16:47:00,50.037891637220255
2025-06-12 12:02:00,73.0
2025-06-12 22:28:00,76.4
2025-06-12 05:37:00,50.037891637220255
2025-06-12 09:37:00,28.9
2025-06-12 06:22:00,47.8
2025-06-12 09:30:00,93.2
2025-06-12 03:48:00,1.7
2025-06-12 11:46:00,84.7
2025-06-12 12:43:00,28.6
2025-06-12 12:20:00,33.5
2025-06-12 21:44:00,20.3
2025-06-12 22:36:00,9.2
2025-06-12 08:14:00,15.8
2025-06-12 15:38:00,81.4
2025-06-12 01:53:00,0.8
2025-06-12 15:43:00,81.5
2025-06-12 06:46:00,38.5
2025-06-12 00:26:00,12.9
2025-06-12 10:50:00,43.8
2025-06-12 03:25:00,68.4
2025-06-12 21:52:00,69.5
2025-06-12 11:07:00,50.037891637220255
2025-06-12 09:45:00,56.9
2025-06-12 09:36:00,95.0
2025-06-12 09:52:00,26.4
2025-06-12 01:58:00,61.7
2025-06-12 06:08:00,68.3
2025-06-12 07:59:00,50.0
2025-06-12 10:06:00,98.1
2025-06-12 15:22:00,17.3
2025-06-12 04:59:00,56.7
2025-06-12 18:49:00,60.8
2025-06-12 23:20:00,6.1
2025-06-12 04:58:00,84.6
2025-06-12 00:20:00,10.6
2025-06-12 15:10:00,50.037891637220255
2025-06-12 16:30:00,64.9
2025-06-12 19:21:00,12.4
2025-06-12 05:49:00,4.8
2025-06-12 14:08:00,76.0
2025-06-12 16:43:00,65.7
2025-06-12 07:51:00,50.037891637220255
2025-06-12 08:39:00,50.037891637220255
2025-06-12 22:39:00,15.8
2025-06-12 04:35:00,70.9
2025-06-12 15:04:00,85.7
2025-06-12 02:30:00,59.8
2025-06-12 03:39:00,52.8
2025-06-12 15:59:00,37.9
2025-06-12 08:54:00,84.2
2025-06-12 02:26:00,26.1
2025-06-12 19:22:00,39.9
2025-06-12 02:42:00,69.4
2025-06-12 02:17:00,50.037891637220255
2025-06-12 04:16:00,56.5
2025-06-12 17:59:00,35.5
2025-06-12 10:16:00,12.8
2025-06-12 03:57:00,50.037891637220255
2025-06-12 13:06:00,85.8
2025-06-12 17:10:00,93.3
2025-06-12 15:15:00,82.7
2025-06-12 22:17:00,0.6
2025-06-12 18:53:00,19.7
2025-06-12 15:09:00,73.8
2025-06-12 03:41:00,26.0
2025-06-12 21:21:00,87.4
2025-06-12 08:50:00,50.037891637220255
2025-06-12 13:09:00,90.1
2025-06-12 14:28:00,3.8
2025-06-12 16:37:00,78.7
2025-06-12 21:19:00,15.1
2025-06-12 15:47:00,47.3
2025-06-12 03:44:00,60.3
2025-06-12 08:43:00,93.3
2025-06-12 16:53:00,68.4
2025-06-12 03:01:00,61.8
2025-06-12 19:53:00,44.1
2025-06-12 05:47:00,46.1
2025-06-12 10:44:00,50.037891637220255
2025-06-12 08:00:00,1.7
2025-06-12 07:12:00,50.037891637220255
2025-06-12 19:27:00,17.5
2025-06-12 20:08:00,50.037891637220255
2025-06-12 22:00:00,72.6
2025-06-12 00:45:00,78.2
2025-06-12 21:33:00,81.2
2025-06-12 00:28:00,14.4
2025-06-12 16:00:00,17.1
2025-06-12 16:50:00,50.037891637220255
2025-06-12 09:24:00,50.037891637220255
2025-06-12 18:50:00,37.6
2025-06-12 16:16:00,30.7
2025-06-12 06:33:00,41.0
2025-06-12 23:40:00,42.0
2025-06-12 13:37:00,42.9
2025-06-12 18:45:00,30.9
2025-06-12 20:41:00,75.0
2025-06-12 18:34:00,78.4
2025-06-12 06:41:00,41.7
2025-06-12 06:52:00,42.9
2025-06-12 22:21:00,20.1
2025-06-12 07:18:00,12.1
2025-06-12 13:30:00,84.3
2025-06-12 07:32:00,54.4
2025-06-12 13:58:00,1.8
2025-06-12 05:01:00,8.7
2025-06-12 07:21:00,96.2
2025-06-12 06:15:00,62.3
2025-06-12 04:56:00,15.7
2025-06-12 19:13:00,89.8
2025-06-12 01:45:00,40.9
2025-06-12 05:45:00,88.4
2025-06-12 23:22:00,28.2
2025-06-12 17:48:00,72.6
2025-06-12 14:11:00,1.3
2025-06-12 09:13:00,99.3
2025-06-12 10:57:00,23.3
2025-06-12 05:30:00,41.4
2025-06-12 00:59:00,63.7
2025-06-12 17:33:00,50.037891637220255
2025-06-12 08:17:00,49.0
2025-06-12 04:43:00,25.6
2025-06-12 06:32:00,39.5
2025-06-12 17:46:00,62.6
2025-06-12 21:35:00,96.0
2025-06-12 06:58:00,21.3
2025-06-12 10:47:00,79.6
2025-06-12 10:07:00,48.7
2025-06-12 07:10:00,50.037891637220255
2025-06-12 11:41:00,50.037891637220255
2025-06-12 21:12:00,21.0
2025-06-12 21:49:00,5.1
2025-06-12 02:07:00,50.037891637220255
2025-06-12 13:14:00,3.8
2025-06-12 04:49:00,2.7
2025-06-12 19:20:00,99.8
2025-06-12 15:22:00,2.5
2025-06-12 06:53:00,32.2
2025-06-12 15:57:00,43.0
2025-06-12 03:01:00,43.7
2025-06-12 01:32:00,22.1
2025-06-12 02:29:00,21.4
2025-06-12 17:48:00,43.2
2025-06-12 20:21:00,50.60542317173377
2025-06-12 11:54:00,93.9
2025-06-12 08:13:00,98.6
2025-06-12 06:23:00,60.1
2025-06-12 10:33:00,79.7
2025-06-12 19:48:00,50.60542317173377
2025-06-12 03:27:00,1.0
2025-06-12 21:50:00,50.60542317173377
2025-06-12 03:14:00,89.5
2025-06-12 10:19:00,86.2
2025-06-12 12:49:00,42.8
2025-06-12 21:13:00,32.9
2025-06-12 09:21:00,2.9
2025-06-12 11:18:00,50.60542317173377
2025-06-12 10:42:00,82.5
2025-06-12 11:32:00,20.9
2025-06-12 10:49:00,4.9
2025-06-12 00:04:00,74.9
2025-06-12 02:51:00,21.1
2025-06-12 06:04:00,62.1
2025-06-12 16:23:00,11.2
2025-06-12 20:33:00,64.6
2025-06-12 19:09:00,3.2
2025-06-12 11:03:00,67.0
2025-06-12 22:54:00,78.4
2025-06-12 12:03:00,50.60542317173377
2025-06-12 17:27:00,50.60542317173377
2025-06-12 00:46:00,96.1
2025-06-12 10:46:00,19.3
2025-06-12 10:05:00,50.60542317173377
2025-06-12 17:26:00,18.2
2025-06-12 10:09:00,80.7
2025-06-12 11:19:00,63.1
2025-06-12 23:54:00,67.3
2025-06-12 19:45:00,45.9
2025-06-12 05:46:00,50.60542317173377
2025-06-12 02:09:00,65.1
2025-06-12 23:09:00,35.1
2025-06-12 00:39:00,96.7
2025-06-12 19:37:00,50.60542317173377
2025-06-12 07:57:00,67.5
2025-06-12 07:55:00,82.3
2025-06-12 11:25:00,50.60542317173377
2025-06-12 14:41:00,3.7
2025-06-12 09:13:00,59.9
2025-06-12 12:28:00,86.4
2025-06-12 10:38:00,40.3
2025-06-12 08:58:00,27.7
2025-06-12 13:29:00,99.9
2025-06-12 19:38:00,3.0
2025-06-12 16:02:00,48.5
2025-06-12 06:48:00,50.60542317173377
2025-06-12 23:21:00,12.2
2025-06-12 20:12:00,26.5
2025-06-12 06:45:00,96.3
2025-06-12 14:07:00,50.60542317173377
2025-06-12 08:31:00,54.9
2025-06-12 15:51:00,50.60542317173377
2025-06-12 23:38:00,84.8
2025-06-12 13:06:00,51.4
2025-06-12 20:42:00,71.9
2025-06-12 05:26:00,50.60542317173377
2025-06-12 21:01:00,37.9
2025-06-12 16:12:00,35.2
2025-06-12 05:52:00,14.4
2025-06-12 20:35:00,76.4
2025-06-12 19:07:00,27.4
2025-06-12 10:51:00,45.2
2025-06-12 15:41:00,32.0
2025-06-12 12:34:00,48.2
2025-06-12 11:02:00,59.1
2025-06-12 18:43:00,50.60542317173377
2025-06-12 18:53:00,99.0
2025-06-12 16:55:00,27.6
2025-06-12 22:27:00,17.8
2025-06-12 14:16:00,76.3
2025-06-12 06:38:00,50.60542317173377
2025-06-12 05:09:00,53.1
2025-06-12 13:08:00,46.3
2025-06-12 21:41:00,30.4
2025-06-12 23:27:00,79.3
2025-06-12 19:03:00,85.9
2025-06-12 21:49:00,39.1
2025-06-12 07:45:00,76.2
2025-06-12 09:48:00,64.8
2025-06-12 22:28:00,97.4
2025-06-12 07:35:00,50.60542317173377
2025-06-12 19:36:00,56.8
2025-06-12 08:38:00,57.8
2025-06-12 18:06:00,74.6
2025-06-12 10:48:00,2.8
2025-06-12 11:51:00,10.5
2025-06-12 06:00:00,50.60542317173377
2025-06-12 18:34:00,28.6
2025-06-12 07:03:00,57.6
2025-06-12 10:00:00,88.7
2025-06-12 21:51:00,16.5
2025-06-12 00:18:00,51.3
2025-06-12 14:51:00,38.4
2025-06-12 11:08:00,53.7
2025-06-12 00:35:00,84.9
2025-06-12 17:20:00,9.7
2025-06-12 04:53:00,58.7
2025-06-12 13:16:00,9.1
2025-06-12 02:26:00,15.4
2025-06-12 09:23:00,30.9
2025-06-12 21:48:00,62.6
2025-06-12 11:57:00,79.4
2025-06-12 21:55:00,17.9
2025-06-12 14:43:00,50.60542317173377
2025-06-12 09:04:00,73.9
2025-06-12 22:05:00,28.6
2025-06-12 02:00:00,71.3
2025-06-12 18:09:00,25.0
2025-06-12 18:46:00,50.60542317173377
2025-06-12 18:35:00,63.5
2025-06-12 13:03:00,84.6
2025-06-12 22:09:00,75.4
2025-06-12 21:30:00,3.3
2025-06-12 07:32:00,50.60542317173377
2025-06-12 02:30:00,6.7
2025-06-12 17:51:00,64.9
2025-06-12 21:45:00,65.5
2025-06-12 10:34:00,95.9
2025-06-12 01:45:00,80.4
2025-06-12 09:49:00,8.2
2025-06-12 17:23:00,84.1
2025-06-12 11:41:00,62.5
2025-06-12 21:18:00,1.0
2025-06-12 04:28:00,11.9
2025-06-12 23:26:00,50.60542317173377
2025-06-12 11:05:00,29.4
2025-06-12 04:38:00,74.8
2025-06-12 12:29:00,74.1
2025-06-12 09:54:00,50.60542317173377
2025-06-12 02:23:00,60.7
2025-06-12 13:32:00,50.60542317173377
2025-06-12 22:03:00,34.2
2025-06-12 23:17:00,41.5
2025-06-12 17:36:00,76.8
2025-06-12 07:09:00,0.5
2025-06-12 18:03:00,35.3
2025-06-12 08:14:00,22.0
2025-06-12 08:52:00,25.5
2025-06-12 01:40:00,24.3
2025-06-12 08:57:00,94.3
2025-06-12 19:59:00,29.0
2025-06-12 00:58:00,93.3
2025-06-12 09:59:00,79.2
2025-06-12 21:35:00,83.8
2025-06-12 18:26:00,86.3
2025-06-12 17:52:00,39.6
2025-06-12 23:03:00,52.2
2025-06-12 09:08:00,17.4
2025-06-12 01:06:00,16.0
2025-06-12 18:02:00,47.5
2025-06-12 05:29:00,86.6
2025-06-12 14:27:00,54.7
2025-06-12 20:40:00,83.4
2025-06-12 08:42:00,32.3
2025-06-12 12:24:00,15.6
2025-06-12 21:22:00,53.3
2025-06-12 04:26:00,71.3
2025-06-12 18:50:00,48.5
2025-06-12 20:13:00,32.1
2025-06-12 10:18:00,50.60542317173377
2025-06-12 11:23:00,97.8
2025-06-12 04:24:00,64.0
2025-06-12 11:14:00,50.3
2025-06-12 21:57:00,27.2
2025-06-12 01:10:00,50.60542317173377
2025-06-12 12:50:00,57.2
2025-06-12 07:08:00,59.3
2025-06-12 10:07:00,50.60542317173377
2025-06-12 15:03:00,64.1
2025-06-12 23:18:00,14.8
2025-06-12 12:25:00,60.1
2025-06-12 21:16:00,44.8
2025-06-12 22:47:00,99.6
2025-06-12 05:05:00,27.4
2025-06-12 20:22:00,19.7
2025-06-12 18:00:00,36.5
2025-06-12 01:20:00,20.9
2025-06-12 22:50:00,84.1
2025-06-12 05:41:00,79.6
2025-06-12 20:44:00,32.7
2025-06-12 14:23:00,97.1
2025-06-12 10:27:00,68.4
2025-06-12 01:39:00,50.60542317173377
2025-06-12 00:26:00,61.5
2025-06-12 01:01:00,2.0
2025-06-12 05:19:00,86.0
2025-06-12 08:16:00,14.0
2025-06-12 22:01:00,95.3
2025-06-12 01:05:00,41.5
2025-06-12 15:19:00,91.0
2025-06-12 12:46:00,98.4
2025-06-12 17:13:00,1.4
2025-06-12 17:57:00,95.7
2025-06-12 16:44:00,7.2
2025-06-12 10:06:00,50.60542317173377
2025-06-12 16:29:00,19.2
2025-06-12 08:10:00,56.9
2025-06-12 07:12:00,58.6
2025-06-12 00:12:00,51.9
2025-06-12 19:17:00,94.8
2025-06-12 17:04:00,66.2
2025-06-12 04:50:00,94.9
2025-06-12 12:42:00,54.8
2025-06-12 14:31:00,56.5
2025-06-12 14:08:00,19.6
2025-06-12 19:46:00,75.8
2025-06-12 09:18:00,32.4
2025-06-12 03:30:00,44.3
2025-06-12 01:16:00,5.8
2025-06-12 03:28:00,96.5
2025-06-12 07:10:00,52.6
2025-06-12 14:11:00,77.5
2025-06-12 16:30:00,15.3
2025-06-12 07:56:00,50.60542317173377
2025-06-12 14:14:00,34.4
2025-06-12 07:36:00,31.8
2025-06-12 11:40:00,46.9
2025-06-12 09:10:00,70.6
2025-06-12 23:22:00,59.8
2025-06-12 04:13:00,9.5
2025-06-12 11:28:00,47.2
2025-06-12 04:33:00,50.60542317173377
2025-06-12 05:30:00,34.4
2025-06-12 04:23:00,35.0
2025-06-12 19:55:00,45.9
2025-06-12 07:21:00,21.5
2025-06-12 04:29:00,99.7
2025-06-12 18:39:00,93.9
2025-06-12 05:10:00,97.2
2025-06-12 01:56:00,80.7
2025-06-12 09:34:00,29.9
2025-06-12 17:35:00,0.9
2025-06-12 22:46:00,40.8
2025-06-12 05:45:00,35.5
2025-06-12 09:20:00,46.7
2025-06-12 03:16:00,27.4
2025-06-12 02:43:00,59.6
2025-06-12 00:49:00,50.60542317173377
2025-06-12 04:58:00,49.1
2025-06-12 19:29:00,47.0
2025-06-12 17:06:00,95.8
2025-06-12 11:52:00,23.1
2025-06-12 02:46:00,90.1
2025-06-12 13:20:00,98.4
2025-06-12 07:26:00,82.5
2025-06-12 13:41:00,7.6
2025-06-12 09:24:00,75.1
2025-06-12 20:48:00,35.1
2025-06-12 15:01:00,39.0
2025-06-12 21:46:00,52.3
2025-06-12 17:08:00,26.9
2025-06-12 07:52:00,58.2
2025-06-12 10:08:00,9.6
2025-06-12 11:22:00,50.60542317173377
2025-06-12 15:05:00,2.4
2025-06-12 02:52:00,15.8
2025-06-12 06:40:00,50.60542317173377
2025-06-12 06:10:00,59.3
2025-06-12 04:21:00,70.9
2025-06-12 23:36:00,50.60542317173377
2025-06-12 20:45:00,50.60542317173377
2025-06-12 12:19:00,50.60542317173377
2025-06-12 23:30:00,61.6
2025-06-12 04:15:00,25.5
2025-06-12 16:51:00,51.7
2025-06-12 23:12:00,52.7
2025-06-12 12:23:00,21.2
2025-06-12 13:48:00,16.0
2025-06-12 15:50:00,50.60542317173377
2025-06-12 00:45:00,77.9
2025-06-12 10:15:00,51.5
2025-06-12 02:28:00,15.5
2025-06-12 23:42:00,96.0
2025-06-12 10:04:00,50.60542317173377
2025-06-12 02:27:00,90.4
2025-06-12 22:30:00,41.0
2025-06-12 22:33:00,62.1
2025-06-12 15:25:00,81.0
2025-06-12 06:41:00,72.1
2025-06-12 13:37:00,88.8
2025-06-12 07:25:00,78.1
2025-06-12 05:31:00,20.7
2025-06-12 03:50:00,50.60542317173377
2025-06-12 16:18:00,20.9
2025-06-12 03:39:00,53.8
2025-06-12 11:31:00,90.7
2025-06-12 12:32:00,98.0
2025-06-12 07:47:00,3.1
2025-06-12 22:11:00,49.2
2025-06-12 18:18:00,93.0
2025-06-12 04:19:00,85.5
2025-06-12 21:28:00,65.6
2025-06-12 19:40:00,40.8
2025-06-12 18:27:00,50.60542317173377
2025-06-12 22:48:00,50.60542317173377
2025-06-12 08:30:00,50.60542317173377
2025-06-12 10:17:00,44.9
2025-06-12 07:27:00,65.2
2025-06-12 13:23:00,47.7
2025-06-12 16:39:00,90.4
2025-06-12 13:28:00,87.3
2025-06-12 21:00:00,4.1
2025-06-12 06:27:00,50.60542317173377
2025-06-12 14:36:00,0.8
2025-06-12 06:11:00,25.2
2025-06-12 08:17:00,50.4
2025-06-12 09:14:00,53.1
2025-06-12 22:12:00,79.9
2025-06-12 21:53:00,72.6
2025-06-12 04:12:00,14.6
2025-06-12 00:56:00,78.8
2025-06-12 05:04:00,91.3
2025-06-12 05:53:00,98.0
2025-06-12 23:16:00,12.2
2025-06-12 03:00:00,93.6
2025-06-12 14:28:00,58.7
2025-06-12 13:31:00,3.5
2025-06-12 01:47:00,52.4
2025-06-12 11:45:00,5.7
2025-06-12 20:18:00,76.8
2025-06-12 17:41:00,54.2
2025-06-12 14:25:00,31.9
2025-06-12 19:24:00,74.5
2025-06-12 13:36:00,29.7
2025-06-12 23:07:00,34.1
2025-06-12 01:55:00,28.5
2025-06-12 15:52:00,6.9
2025-06-12 00:29:00,14.3
2025-06-12 09:47:00,99.5
2025-06-12 17:40:00,53.3
2025-06-12 22:42:00,49.935598591549294
2025-06-12 19:07:00,49.935598591549294
2025-06-12 11:13:00,59.3
2025-06-12 23:13:00,49.935598591549294
2025-06-12 16:13:00,15.1
2025-06-12 06:21:00,49.935598591549294
2025-06-12 10:49:00,13.5
2025-06-12 02:35:00,6.2
2025-06-12 03:42:00,49.935598591549294
2025-06-12 15:10:00,30.2
2025-06-12 10:25:00,86.9
2025-06-12 23:28:00,66.1
2025-06-12 12:29:00,60.6
2025-06-12 04:44:00,76.1
2025-06-12 03:35:00,49.935598591549294
2025-06-12 01:11:00,0.7
2025-06-12 09:27:00,64.7
2025-06-12 19:51:00,59.0
2025-06-12 12:06:00,6.2
2025-06-12 11:27:00,10.1
2025-06-12 04:26:00,1.9
2025-06-12 14:42:00,3.5
2025-06-12 20:26:00,75.0
2025-06-12 14:56:00,94.4
2025-06-12 17:13:00,5.5
2025-06-12 16:52:00,49.935598591549294
2025-06-12 22:01:00,98.2
2025-06-12 08:02:00,1.3
2025-06-12 23:58:00,61.8
2025-06-12 03:22:00,35.4
2025-06-12 04:37:00,49.935598591549294
2025-06-12 06:49:00,14.6
2025-06-12 02:23:00,42.6
2025-06-12 14:58:00,87.4
2025-06-12 06:00:00,74.3
2025-06-12 22:46:00,9.1
2025-06-12 12:33:00,96.3
2025-06-12 21:04:00,69.5
2025-06-12 18:12:00,98.0
2025-06-12 15:23:00,21.2
2025-06-12 04:00:00,65.4
2025-06-12 06:38:00,51.2
2025-06-12 19:04:00,44.1
2025-06-12 19:11:00,69.0
2025-06-12 00:03:00,25.7
2025-06-12 15:22:00,63.8
2025-06-12 09:59:00,47.2
2025-06-12 20:21:00,85.5
2025-06-12 07:57:00,67.5
2025-06-12 12:01:00,20.4
2025-06-12 10:08:00,10.3
2025-06-12 02:41:00,7.1
2025-06-12 09:15:00,64.7
2025-06-12 07:38:00,15.9
2025-06-12 07:04:00,92.3
2025-06-12 20:38:00,49.935598591549294
2025-06-12 06:57:00,49.935598591549294
2025-06-12 16:38:00,86.1
2025-06-12 00:06:00,4.1
2025-06-12 20:01:00,3.4
2025-06-12 06:11:00,30.9
2025-06-12 15:02:00,6.1
2025-06-12 03:21:00,66.0
2025-06-12 11:23:00,63.9
2025-06-12 17:27:00,24.6
2025-06-12 22:13:00,79.1
2025-06-12 18:03:00,45.2
2025-06-12 15:39:00,66.0
2025-06-12 01:38:00,17.0
2025-06-12 20:25:00,41.0
2025-06-12 10:03:00,86.4
2025-06-12 13:01:00,35.7
2025-06-12 01:00:00,52.6
2025-06-12 09:26:00,59.0
2025-06-12 04:16:00,74.5
2025-06-12 07:53:00,78.0
2025-06-12 23:20:00,72.1
2025-06-12 21:23:00,49.935598591549294
2025-06-12 05:45:00,49.935598591549294
2025-06-12 12:00:00,29.8
2025-06-12 15:00:00,49.935598591549294
2025-06-12 17:28:00,66.7
2025-06-12 03:01:00,76.9
2025-06-12 10:21:00,45.3
2025-06-12 07:43:00,49.935598591549294
2025-06-12 00:32:00,69.1
2025-06-12 11:33:00,11.0
2025-06-12 04:32:00,23.7
2025-06-12 08:13:00,68.1
2025-06-12 00:25:00,100.0
2025-06-12 18:30:00,56.3
2025-06-12 03:45:00,20.4
2025-06-12 08:08:00,39.2
2025-06-12 06:25:00,0.6
2025-06-12 09:51:00,27.6
2025-06-12 13:05:00,18.0
2025-06-12 02:15:00,86.0
2025-06-12 09:30:00,34.8
2025-06-12 09:43:00,50.4
2025-06-12 17:39:00,8.3
2025-06-12 15:12:00,42.1
2025-06-12 21:15:00,49.935598591549294
2025-06-12 20:04:00,49.935598591549294
2025-06-12 05:51:00,73.1
2025-06-12 11:11:00,76.1
2025-06-12 13:04:00,75.4
2025-06-12 22:56:00,91.8
2025-06-12 20:10:00,94.3
2025-06-12 17:55:00,18.9
2025-06-12 23:31:00,61.1
2025-06-12 08:22:00,57.0
2025-06-12 16:26:00,5.1
2025-06-12 05:28:00,43.7
2025-06-12 00:57:00,49.935598591549294
2025-06-12 09:45:00,14.6
2025-06-12 04:29:00,49.935598591549294
2025-06-12 10:46:00,6.3
2025-06-12 23:27:00,38.3
2025-06-12 23:10:00,32.5
2025-06-12 01:56:00,49.935598591549294
2025-06-12 17:33:00,40.3
2025-06-12 09:37:00,30.5
2025-06-12 13:09:00,90.3
2025-06-12 07:55:00,7.0
2025-06-12 05:20:00,68.2
2025-06-12 04:25:00,27.9
2025-06-12 02:29:00,14.9
2025-06-12 14:34:00,2.0
2025-06-12 09:12:00,94.4
2025-06-12 09:13:00,28.2
2025-06-12 19:32:00,83.9
2025-06-12 03:02:00,49.935598591549294
2025-06-12 14:40:00,89.6
2025-06-12 12:10:00,4.8
2025-06-12 10:50:00,95.4
2025-06-12 00:45:00,39.4
2025-06-12 04:20:00,44.7
2025-06-12 18:10:00,52.3
2025-06-12 05:59:00,88.5
2025-06-12 23:00:00,41.3
2025-06-12 13:59:00,30.9
2025-06-12 18:47:00,57.8
2025-06-12 15:38:00,71.9
2025-06-12 00:42:00,8.7
2025-06-12 13:41:00,45.1
2025-06-12 18:16:00,55.5
2025-06-12 21:34:00,65.8
2025-06-12 15:51:00,79.2
2025-06-12 11:57:00,40.1
2025-06-12 08:41:00,99.3
2025-06-12 19:45:00,45.3
2025-06-12 03:30:00,55.5
2025-06-12 21:53:00,68.2
2025-06-12 11:01:00,28.8
2025-06-12 13:15:00,89.4
2025-06-12 11:35:00,49.6
2025-06-12 04:13:00,54.9
2025-06-12 03:33:00,89.0
2025-06-12 14:48:00,81.4
2025-06-12 23:26:00,10.9
2025-06-12 00:37:00,49.935598591549294
2025-06-12 21:48:00,26.3
2025-06-12 11:28:00,49.935598591549294
2025-06-12 22:52:00,23.8
2025-06-12 00:38:00,99.7
2025-06-12 09:54:00,83.7
2025-06-12 04:34:00,58.1
2025-06-12 13:30:00,35.3
2025-06-12 19:09:00,32.7
2025-06-12 23:35:00,63.6
2025-06-12 04:03:00,49.935598591549294
2025-06-12 15:36:00,24.9
2025-06-12 01:41:00,33.6
2025-06-12 04:50:00,41.1
2025-06-12 01:03:00,66.8
2025-06-12 12:23:00,16.8
2025-06-12 01:04:00,85.2
2025-06-12 14:18:00,19.9
2025-06-12 09:34:00,49.935598591549294
2025-06-12 23:09:00,88.9
2025-06-12 03:39:00,26.9
2025-06-12 19:30:00,50.0
2025-06-12 06:09:00,31.4
2025-06-12 13:20:00,32.2
2025-06-12 07:27:00,82.7
2025-06-12 06:39:00,51.9
2025-06-12 17:06:00,49.935598591549294
2025-06-12 19:37:00,49.935598591549294
2025-06-12 16:35:00,88.9
2025-06-12 22:25:00,75.3
2025-06-12 08:49:00,24.5
2025-06-12 01:27:00,82.6
2025-06-12 15:09:00,93.0
2025-06-12 23:07:00,1.9
2025-06-12 20:12:00,34.4
2025-06-12 10:18:00,99.0
2025-06-12 18:51:00,52.9
2025-06-12 23:17:00,5.1
2025-06-12 21:57:00,60.2
2025-06-12 07:00:00,49.935598591549294
2025-06-12 10:23:00,81.0
2025-06-12 20:31:00,67.3
2025-06-12 14:39:00,66.1
2025-06-12 02:44:00,49.8
2025-06-12 13:54:00,10.1
2025-06-12 11:00:00,49.935598591549294
2025-06-12 12:52:00,21.3
2025-06-12 00:43:00,75.0
2025-06-12 12:31:00,49.935598591549294
2025-06-12 09:46:00,49.935598591549294
2025-06-12 06:12:00,42.5
2025-06-12 15:04:00,46.1
2025-06-12 23:36:00,19.3
2025-06-12 14:19:00,49.935598591549294
2025-06-12 05:42:00,85.1
2025-06-12 17:32:00,46.7
2025-06-12 21:37:00,47.3
2025-06-12 09:48:00,65.8
2025-06-12 08:21:00,63.8
2025-06-12 10:06:00,49.935598591549294
2025-06-12 02:07:00,39.5
2025-06-12 09:38:00,99.7
2025-06-12 15:56:00,49.935598591549294
2025-06-12 18:50:00,64.8
2025-06-12 03:44:00,56.7
2025-06-12 01:42:00,64.7
2025-06-12 20:52:00,30.2
2025-06-12 21:13:00,2.5
2025-06-12 07:14:00,99.8
2025-06-12 05:50:00,30.2
2025-06-12 09:19:00,85.4
2025-06-12 18:23:00,20.8
2025-06-12 07:22:00,94.5
2025-06-12 02:14:00,19.5
2025-06-12 11:04:00,25.1
2025-06-12 13:55:00,4.0
2025-06-12 14:06:00,49.935598591549294
2025-06-12 06:50:00,49.935598591549294
2025-06-12 08:56:00,45.0
2025-06-12 04:43:00,68.2
2025-06-12 00:04:00,95.6
2025-06-12 11:59:00,76.9
2025-06-12 05:43:00,38.1
2025-06-12 07:24:00,49.935598591549294
2025-06-12 14:35:00,49.935598591549294
2025-06-12 06:52:00,59.1
2025-06-12 10:17:00,82.4
2025-06-12 01:52:00,19.6
2025-06-12 00:51:00,49.935598591549294
2025-06-12 17:49:00,95.9
2025-06-12 14:15:00,92.6
2025-06-12 09:49:00,9.2
2025-06-12 23:24:00,13.1
2025-06-12 06:06:00,86.4
2025-06-12 23:46:00,49.935598591549294
2025-06-12 19:40:00,13.6
2025-06-12 01:17:00,11.5
2025-06-12 16:12:00,91.6
2025-06-12 11:58:00,51.1
2025-06-12 07:23:00,6.0
2025-06-12 02:54:00,90.3
2025-06-12 07:47:00,78.2
2025-06-12 16:58:00,34.5
2025-06-12 06:10:00,88.9
2025-06-12 10:28:00,76.3
2025-06-12 03:55:00,37.4
2025-06-12 04:14:00,24.9
2025-06-12 22:54:00,49.935598591549294
2025-06-12 20:24:00,95.1
2025-06-12 21:27:00,38.8
2025-06-12 04:58:00,51.7
2025-06-12 20:13:00,18.5
2025-06-12 11:16:00,57.8
2025-06-12 15:49:00,60.1
2025-06-12 21:49:00,22.6
2025-06-12 17:15:00,49.935598591549294
2025-06-12 14:22:00,65.6
2025-06-12 13:13:00,25.4
2025-06-12 15:17:00,49.935598591549294
2025-06-12 16:33:00,94.7
2025-06-12 13:02:00,87.2
2025-06-12 04:54:00,26.1
2025-06-12 21:08:00,17.8
2025-06-12 20:33:00,43.9
2025-06-12 00:47:00,69.6
2025-06-12 02:48:00,69.7
2025-06-12 01:21:00,53.7
2025-06-12 13:08:00,51.7
2025-06-12 23:25:00,90.5
2025-06-12 05:38:00,62.8
2025-06-12 17:47:00,38.0
2025-06-12 19:16:00,9.5
2025-06-12 08:40:00,81.1
2025-06-12 21:19:00,24.9
2025-06-12 06:33:00,54.3
2025-06-12 18:46:00,78.9
2025-06-12 22:17:00,96.4
2025-06-12 20:36:00,75.6
2025-06-12 00:49:00,69.1
2025-06-12 04:46:00,42.5
2025-06-12 04:01:00,38.2
2025-06-12 01:58:00,5.0
2025-06-12 19:17:00,57.4
2025-06-12 11:40:00,49.935598591549294
2025-06-12 14:57:00,6.7
2025-06-12 16:19:00,5.7
2025-06-12 21:41:00,61.9
2025-06-12 20:14:00,93.3
2025-06-12 17:54:00,34.7
2025-06-12 07:42:00,66.1
2025-06-12 15:54:00,28.2
2025-06-12 09:13:00,65.5
2025-06-12 02:11:00,51.0
2025-06-12 15:52:00,32.0
2025-06-12 08:57:00,85.9
2025-06-12 09:20:00,67.7
2025-06-12 03:04:00,12.2
2025-06-12 10:21:00,49.740225962104276
2025-06-12 17:29:00,3.2
2025-06-12 22:22:00,70.6
2025-06-12 00:20:00,49.740225962104276
2025-06-12 00:57:00,4.4
2025-06-12 13:05:00,19.1
2025-06-12 17:50:00,96.0
2025-06-12 19:46:00,88.6
2025-06-12 13:03:00,73.9
2025-06-12 19:51:00,49.740225962104276
2025-06-12 03:13:00,47.7
2025-06-12 11:01:00,72.1
2025-06-12 15:16:00,49.740225962104276
2025-06-12 22:04:00,76.6
2025-06-12 10:12:00,86.8
2025-06-12 10:01:00,96.2
2025-06-12 12:14:00,26.7
2025-06-12 08:51:00,49.740225962104276
2025-06-12 09:35:00,40.8
2025-06-12 00:46:00,84.7
2025-06-12 15:12:00,32.1
2025-06-12 06:17:00,13.4
2025-06-12 11:40:00,49.740225962104276
2025-06-12 03:25:00,85.9
2025-06-12 14:09:00,33.7
2025-06-12 18:27:00,32.2
2025-06-12 20:53:00,49.740225962104276
2025-06-12 16:05:00,49.740225962104276
2025-06-12 05:13:00,40.1
2025-06-12 22:44:00,59.4
2025-06-12 00:29:00,70.2
2025-06-12 06:19:00,94.6
2025-06-12 07:34:00,77.1
2025-06-12 00:07:00,96.0
2025-06-12 04:58:00,19.5
2025-06-12 03:34:00,63.4
2025-06-12 19:15:00,70.8
2025-06-12 21:58:00,49.740225962104276
2025-06-12 13:57:00,66.8
2025-06-12 08:10:00,49.740225962104276
2025-06-12 21:46:00,97.7
2025-06-12 21:51:00,51.1
2025-06-12 18:08:00,55.2
2025-06-12 05:03:00,12.3
2025-06-12 20:10:00,64.2
2025-06-12 04:17:00,62.0
2025-06-12 07:04:00,1.8
2025-06-12 00:43:00,94.1
2025-06-12 04:31:00,32.5
2025-06-12 16:22:00,60.7
2025-06-12 19:20:00,11.9
2025-06-12 19:36:00,85.4
2025-06-12 13:11:00,21.3
2025-06-12 07:36:00,3.8
2025-06-12 09:08:00,49.740225962104276
2025-06-12 00:42:00,62.0
2025-06-12 07:23:00,9.2
2025-06-12 01:40:00,66.5
2025-06-12 20:35:00,89.6
2025-06-12 03:39:00,41.2
2025-06-12 20:19:00,2.7
2025-06-12 09:17:00,49.740225962104276
2025-06-12 09:43:00,49.740225962104276
2025-06-12 15:47:00,89.0
2025-06-12 14:13:00,50.9
2025-06-12 06:22:00,49.740225962104276
2025-06-12 18:18:00,95.4
2025-06-12 01:41:00,12.6
2025-06-12 21:04:00,98.8
2025-06-12 04:44:00,47.3
2025-06-12 12:06:00,49.740225962104276
2025-06-12 08:42:00,34.5
2025-06-12 03:07:00,33.7
2025-06-12 15:55:00,9.7
2025-06-12 12:58:00,49.740225962104276
2025-06-12 22:46:00,49.740225962104276
2025-06-12 15:45:00,27.0
2025-06-12 06:11:00,7.0
2025-06-12 17:04:00,61.3
2025-06-12 09:27:00,40.1
2025-06-12 13:36:00,81.2
2025-06-12 00:52:00,73.1
2025-06-12 11:35:00,87.6
2025-06-12 04:07:00,24.7
2025-06-12 11:39:00,77.5
2025-06-12 15:06:00,83.6
2025-06-12 01:32:00,44.3
2025-06-12 13:20:00,74.7
2025-06-12 17:41:00,35.9
2025-06-12 20:24:00,33.1
2025-06-12 12:13:00,75.6
2025-06-12 09:30:00,9.9
2025-06-12 16:19:00,49.740225962104276
2025-06-12 12:44:00,49.740225962104276
2025-06-12 15:07:00,2.5
2025-06-12 19:56:00,30.7
2025-06-12 09:21:00,10.1
2025-06-12 01:43:00,54.0
2025-06-12 00:33:00,9.9
2025-06-12 20:18:00,49.740225962104276
2025-06-12 21:27:00,16.8
2025-06-12 14:43:00,49.740225962104276
2025-06-12 11:25:00,3.7
2025-06-12 11:13:00,79.6
2025-06-12 05:55:00,79.7
2025-06-12 09:01:00,97.9
2025-06-12 11:15:00,90.7
2025-06-12 13:43:00,37.9
2025-06-12 13:27:00,49.740225962104276
2025-06-12 17:02:00,48.9
2025-06-12 19:39:00,21.8
2025-06-12 06:38:00,40.4
2025-06-12 02:23:00,49.740225962104276
2025-06-12 22:48:00,97.5
2025-06-12 00:32:00,51.5
2025-06-12 07:56:00,55.8
2025-06-12 15:59:00,87.6
2025-06-12 22:30:00,33.4
2025-06-12 08:40:00,61.2
2025-06-12 10:25:00,45.5
2025-06-12 14:00:00,65.6
2025-06-12 03:31:00,78.7
2025-06-12 11:42:00,2.0
2025-06-12 01:38:00,84.5
2025-06-12 16:27:00,37.2
2025-06-12 13:10:00,89.4
2025-06-12 02:59:00,92.3
2025-06-12 19:16:00,43.4
2025-06-12 05:05:00,59.2
2025-06-12 10:43:00,49.740225962104276
2025-06-12 23:58:00,7.7
2025-06-12 09:55:00,76.0
2025-06-12 13:56:00,25.6
2025-06-12 22:10:00,93.7
2025-06-12 04:49:00,93.9
2025-06-12 02:35:00,49.740225962104276
2025-06-12 11:12:00,100.0
2025-06-12 23:39:00,15.3
2025-06-12 21:19:00,49.740225962104276
2025-06-12 21:54:00,52.8
2025-06-12 18:42:00,15.4
2025-06-12 14:04:00,49.740225962104276
2025-06-12 07:08:00,70.9
2025-06-12 20:07:00,98.7
2025-06-12 18:03:00,49.740225962104276
2025-06-12 23:15:00,41.5
2025-06-12 03:41:00,14.5
2025-06-12 16:55:00,41.4
2025-06-12 06:06:00,96.6
2025-06-12 12:32:00,33.8
2025-06-12 19:18:00,49.740225962104276
2025-06-12 10:07:00,85.5
2025-06-12 20:43:00,15.6
2025-06-12 06:14:00,21.7
2025-06-12 00:14:00,9.7
2025-06-12 17:44:00,32.7
2025-06-12 02:19:00,98.2
2025-06-12 00:01:00,49.740225962104276
2025-06-12 03:56:00,64.8
2025-06-12 23:18:00,34.7
2025-06-12 04:41:00,5.2
2025-06-12 15:50:00,84.5
2025-06-12 22:19:00,59.3
2025-06-12 16:35:00,26.8
2025-06-12 03:42:00,5.0
2025-06-12 04:01:00,34.4
2025-06-12 05:43:00,22.8
2025-06-12 15:41:00,13.2
2025-06-12 18:53:00,7.7
2025-06-12 08:14:00,82.0
2025-06-12 14:07:00,79.8
2025-06-12 06:05:00,17.8
2025-06-12 15:24:00,26.5
2025-06-12 04:18:00,80.5
2025-06-12 23:51:00,9.5
2025-06-12 14:42:00,49.740225962104276
2025-06-12 15:19:00,49.740225962104276
2025-06-12 03:21:00,25.7
2025-06-12 03:11:00,29.8
2025-06-12 20:37:00,11.0
2025-06-12 06:47:00,42.8
2025-06-12 05:41:00,73.4
2025-06-12 18:35:00,51.7
2025-06-12 21:18:00,3.5
2025-06-12 07:15:00,85.4
2025-06-12 22:49:00,88.2
2025-06-12 08:18:00,49.740225962104276
2025-06-12 08:54:00,5.7
2025-06-12 11:08:00,49.740225962104276
2025-06-12 06:21:00,49.740225962104276
2025-06-12 04:37:00,16.3
2025-06-12 17:37:00,5.1
2025-06-12 04:20:00,58.3
2025-06-12 10:46:00,36.3
2025-06-12 08:41:00,7.7
2025-06-12 09:04:00,49.740225962104276
2025-06-12 19:41:00,40.9
2025-06-12 01:48:00,38.9
2025-06-12 00:38:00,49.740225962104276
2025-06-12 23:38:00,65.0
2025-06-12 23:37:00,6.6
2025-06-12 15:18:00,89.8
2025-06-12 07:07:00,95.8
2025-06-12 03:46:00,37.3
2025-06-12 06:18:00,49.740225962104276
2025-06-12 18:07:00,38.4
2025-06-12 13:55:00,49.740225962104276
2025-06-12 20:08:00,96.8
2025-06-12 09:41:00,64.2
2025-06-12 08:26:00,49.740225962104276
2025-06-12 03:40:00,36.5
2025-06-12 08:11:00,76.5
2025-06-12 12:51:00,84.6
2025-06-12 23:19:00,62.8
2025-06-12 11:06:00,67.2
2025-06-12 01:28:00,71.4
2025-06-12 09:28:00,7.0
2025-06-12 18:19:00,5.5
2025-06-12 14:06:00,26.7
2025-06-12 10:59:00,33.9
2025-06-12 19:00:00,87.2
2025-06-12 06:59:00,8.4
2025-06-12 07:21:00,93.8
2025-06-12 18:09:00,63.9
2025-06-12 21:45:00,52.2
2025-06-12 03:19:00,65.6
2025-06-12 07:46:00,34.0
2025-06-12 09:42:00,22.2
2025-06-12 04:05:00,14.2
2025-06-12 04:12:00,84.1
2025-06-12 14:12:00,49.740225962104276
2025-06-12 12:08:00,49.740225962104276
2025-06-12 08:13:00,8.1
2025-06-12 02:09:00,78.1
2025-06-12 05:40:00,87.5
2025-06-12 04:06:00,14.5
2025-06-12 12:27:00,91.0
2025-06-12 14:31:00,53.1
2025-06-12 22:01:00,49.740225962104276
2025-06-12 17:42:00,87.0
2025-06-12 04:56:00,16.6
2025-06-12 16:21:00,23.9
2025-06-12 23:53:00,23.7
2025-06-12 02:00:00,14.2
2025-06-12 07:09:00,87.5
2025-06-12 08:47:00,73.1
2025-06-12 05:12:00,50.3
2025-06-12 21:55:00,0.1
2025-06-12 08:58:00,49.740225962104276
2025-06-12 17:36:00,10.9
2025-06-12 23:29:00,49.740225962104276
2025-06-12 19:27:00,16.3
2025-06-12 23:55:00,73.7
2025-06-12 12:24:00,18.0
2025-06-12 09:39:00,76.0
2025-06-12 19:49:00,25.0
2025-06-12 00:12:00,28.9
2025-06-12 15:03:00,1.8
2025-06-12 19:12:00,27.8
2025-06-12 00:47:00,89.5
2025-06-12 14:11:00,86.3
2025-06-12 02:10:00,52.6
2025-06-12 21:47:00,75.2
2025-06-12 03:50:00,14.2
2025-06-12 03:08:00,4.7
2025-06-12 10:42:00,50.9
2025-06-12 20:41:00,38.1
2025-06-12 13:51:00,19.6
2025-06-12 06:50:00,62.3
2025-06-12 07:41:00,76.2
2025-06-12 00:11:00,11.6
2025-06-12 04:48:00,29.2
2025-06-12 03:54:00,21.6
2025-06-12 20:55:00,94.1
2025-06-12 13:47:00,39.2
2025-06-12 15:38:00,67.4
2025-06-12 07:02:00,45.3
2025-06-12 07:57:00,49.740225962104276
2025-06-12 16:49:00,49.740225962104276
2025-06-12 23:24:00,20.7
2025-06-12 03:52:00,77.7
2025-06-12 04:14:00,59.7
2025-06-12 15:22:00,50.18838223164841
2025-06-12 13:59:00,71.6
2025-06-12 15:08:00,37.8
2025-06-12 12:32:00,1.9
2025-06-12 15:02:00,2.5
2025-06-12 20:43:00,51.0
2025-06-12 23:19:00,93.2
2025-06-12 06:54:00,50.18838223164841
2025-06-12 20:10:00,75.5
2025-06-12 12:18:00,98.5
2025-06-12 09:23:00,39.4
2025-06-12 03:59:00,50.18838223164841
2025-06-12 20:16:00,50.18838223164841
2025-06-12 06:00:00,89.1
2025-06-12 00:35:00,79.2
2025-06-12 17:36:00,51.3
2025-06-12 21:51:00,32.4
2025-06-12 03:33:00,65.7
2025-06-12 12:01:00,21.0
2025-06-12 04:07:00,66.3
2025-06-12 18:13:00,80.4
2025-06-12 06:12:00,26.9
2025-06-12 20:04:00,10.1
2025-06-12 18:23:00,58.9
2025-06-12 23:34:00,3.5
2025-06-12 09:16:00,70.7
2025-06-12 07:07:00,83.7
2025-06-12 11:16:00,30.8
2025-06-12 15:00:00,27.0
2025-06-12 09:53:00,50.18838223164841
2025-06-12 17:57:00,70.4
2025-06-12 13:00:00,99.9
2025-06-12 08:20:00,93.9
2025-06-12 19:11:00,14.5
2025-06-12 17:30:00,82.9
2025-06-12 23:59:00,72.1
2025-06-12 03:20:00,50.6
2025-06-12 16:29:00,69.6
2025-06-12 08:22:00,50.18838223164841
2025-06-12 01:33:00,50.18838223164841
2025-06-12 15:57:00,48.6
2025-06-12 20:28:00,50.18838223164841
2025-06-12 22:38:00,79.7
2025-06-12 15:29:00,57.9
2025-06-12 16:28:00,50.18838223164841
2025-06-12 13:27:00,81.3
2025-06-12 21:16:00,50.18838223164841
2025-06-12 13:37:00,83.8
2025-06-12 05:09:00,69.8
2025-06-12 13:45:00,50.18838223164841
2025-06-12 16:30:00,45.3
2025-06-12 20:15:00,63.7
2025-06-12 17:02:00,50.18838223164841
2025-06-12 03:50:00,72.4
2025-06-12 04:01:00,35.5
2025-06-12 18:27:00,13.2
2025-06-12 11:14:00,2.1
2025-06-12 08:07:00,69.3
2025-06-12 16:51:00,14.3
2025-06-12 11:04:00,58.8
2025-06-12 12:51:00,61.0
2025-06-12 11:27:00,11.0
2025-06-12 03:09:00,39.3
2025-06-12 20:55:00,50.18838223164841
2025-06-12 11:03:00,31.7
2025-06-12 21:38:00,66.7
2025-06-12 02:34:00,91.9
2025-06-12 02:19:00,19.7
2025-06-12 21:48:00,8.2
2025-06-12 12:07:00,50.18838223164841
2025-06-12 14:34:00,15.0
2025-06-12 21:44:00,5.8
2025-06-12 11:48:00,87.6
2025-06-12 10:24:00,42.7
2025-06-12 22:57:00,92.7
2025-06-12 10:07:00,23.4
2025-06-12 03:23:00,50.18838223164841
2025-06-12 16:52:00,22.3
2025-06-12 17:19:00,50.18838223164841
2025-06-12 16:41:00,56.3
2025-06-12 15:58:00,87.6
2025-06-12 12:52:00,83.6
2025-06-12 03:28:00,93.3
2025-06-12 15:38:00,97.8
2025-06-12 17:24:00,50.4
2025-06-12 20:09:00,61.7
2025-06-12 09:17:00,59.6
2025-06-12 18:58:00,20.6
2025-06-12 01:06:00,32.7
2025-06-12 21:09:00,91.4
2025-06-12 19:51:00,18.9
2025-06-12 22:52:00,71.0
2025-06-12 08:19:00,76.2
2025-06-12 15:55:00,25.5
2025-06-12 11:10:00,94.2
2025-06-12 02:42:00,42.8
2025-06-12 06:05:00,75.5
2025-06-12 07:06:00,99.9
2025-06-12 12:58:00,50.18838223164841
2025-06-12 02:17:00,83.7
2025-06-12 17:03:00,76.3
2025-06-12 17:27:00,1.8
2025-06-12 08:31:00,18.2
2025-06-12 08:28:00,2.1
2025-06-12 06:53:00,50.18838223164841
2025-06-12 20:11:00,21.7
2025-06-12 08:39:00,98.3
2025-06-12 13:51:00,18.5
2025-06-12 02:14:00,89.4
2025-06-12 09:46:00,40.2
2025-06-12 12:09:00,39.1
2025-06-12 04:38:00,2.5
2025-06-12 04:13:00,5.2
2025-06-12 01:16:00,29.7
2025-06-12 10:42:00,7.8
2025-06-12 21:32:00,74.6
2025-06-12 00:01:00,65.4
2025-06-12 15:14:00,72.0
2025-06-12 22:42:00,52.5
2025-06-12 02:22:00,81.9
2025-06-12 16:23:00,58.7
2025-06-12 16:15:00,50.18838223164841
2025-06-12 15:21:00,50.18838223164841
2025-06-12 15:10:00,50.18838223164841
2025-06-12 09:45:00,50.18838223164841
2025-06-12 12:48:00,21.0
2025-06-12 19:31:00,25.5
2025-06-12 19:33:00,58.9
2025-06-12 18:25:00,32.8
2025-06-12 23:54:00,75.8
2025-06-12 14:12:00,7.8
2025-06-12 17:31:00,50.18838223164841
2025-06-12 19:35:00,77.0
2025-06-12 00:36:00,22.6
2025-06-12 05:50:00,45.6
2025-06-12 18:51:00,3.0
2025-06-12 07:55:00,40.7
2025-06-12 17:11:00,8.9
2025-06-12 04:45:00,88.7
2025-06-12 02:28:00,73.2
2025-06-12 14:01:00,15.8
2025-06-12 22:44:00,93.3
2025-06-12 05:56:00,92.9
2025-06-12 01:02:00,59.3
2025-06-12 17:40:00,78.6
2025-06-12 17:20:00,2.4
2025-06-12 20:41:00,47.4
2025-06-12 00:42:00,50.18838223164841
2025-06-12 08:37:00,24.7
2025-06-12 06:44:00,33.8
2025-06-12 11:59:00,56.0
2025-06-12 17:52:00,44.1
2025-06-12 17:28:00,88.8
2025-06-12 13:20:00,5.3
2025-06-12 07:39:00,24.1
2025-06-12 08:45:00,31.2
2025-06-12 13:31:00,44.6
2025-06-12 19:37:00,73.8
2025-06-12 08:53:00,33.4
2025-06-12 02:45:00,82.6
2025-06-12 21:43:00,24.7
2025-06-12 01:27:00,70.9
2025-06-12 03:36:00,55.8
2025-06-12 06:13:00,50.18838223164841
2025-06-12 05:04:00,72.9
2025-06-12 07:21:00,11.6
2025-06-12 02:43:00,10.6
2025-06-12 12:44:00,98.0
2025-06-12 06:31:00,69.1
2025-06-12 08:41:00,94.2
2025-06-12 18:04:00,36.4
2025-06-12 00:14:00,47.6
2025-06-12 20:40:00,12.6
2025-06-12 14:41:00,47.8
2025-06-12 21:59:00,50.18838223164841
2025-06-12 19:25:00,2.0
2025-06-12 03:32:00,87.6
2025-06-12 01:47:00,31.6
2025-06-12 03:41:00,83.9
2025-06-12 13:08:00,22.9
2025-06-12 19:21:00,60.8
2025-06-12 02:04:00,68.2
2025-06-12 07:33:00,16.5
2025-06-12 05:23:00,51.3
2025-06-12 04:04:00,75.3
2025-06-12 12:25:00,10.2
2025-06-12 20:24:00,50.18838223164841
2025-06-12 12:39:00,5.9
2025-06-12 22:18:00,50.18838223164841
2025-06-12 06:32:00,50.18838223164841
2025-06-12 12:00:00,21.7
2025-06-12 10:22:00,67.7
2025-06-12 11:57:00,89.4
2025-06-12 03:24:00,2.1
2025-06-12 13:21:00,23.7
2025-06-12 23:11:00,53.0
2025-06-12 08:55:00,76.3
2025-06-12 14:04:00,12.3
2025-06-12 08:25:00,7.3
2025-06-12 10:34:00,50.18838223164841
2025-06-12 11:44:00,32.4
2025-06-12 21:00:00,60.9
2025-06-12 22:08:00,73.3
2025-06-12 01:40:00,50.18838223164841
2025-06-12 15:18:00,83.5
2025-06-12 02:55:00,50.18838223164841
2025-06-12 14:52:00,50.18838223164841
2025-06-12 02:53:00,50.18838223164841
2025-06-12 07:50:00,41.8
2025-06-12 20:31:00,71.7
2025-06-12 01:22:00,50.18838223164841
2025-06-12 18:09:00,79.7
2025-06-12 00:08:00,35.0
2025-06-12 05:28:00,50.18838223164841
2025-06-12 10:03:00,50.18838223164841
2025-06-12 19:38:00,58.8
2025-06-12 14:56:00,80.8
2025-06-12 15:03:00,11.4
2025-06-12 18:01:00,50.18838223164841
2025-06-12 12:27:00,50.18838223164841
2025-06-12 12:10:00,35.7
2025-06-12 09:20:00,50.18838223164841
2025-06-12 04:10:00,93.1
2025-06-12 22:14:00,11.1
2025-06-12 22:21:00,43.1
2025-06-12 01:23:00,34.7
2025-06-12 08:36:00,77.8
2025-06-12 10:57:00,51.9
2025-06-12 05:46:00,50.18838223164841
2025-06-12 00:32:00,79.8
2025-06-12 04:40:00,27.1
2025-06-12 17:06:00,69.3
2025-06-12 07:49:00,50.18838223164841
2025-06-12 20:54:00,65.1
2025-06-12 20:46:00,85.8
2025-06-12 20:44:00,50.18838223164841
2025-06-12 20:02:00,6.4
2025-06-12 16:59:00,47.2
2025-06-12 05:41:00,76.4
2025-06-12 20:12:00,90.0
2025-06-12 17:04:00,75.8
2025-06-12 09:13:00,43.9
2025-06-12 16:06:00,73.6
2025-06-12 12:13:00,27.8
2025-06-12 13:47:00,27.1
2025-06-12 22:53:00,53.2
2025-06-12 10:56:00,28.1
2025-06-12 12:43:00,66.9
2025-06-12 21:08:00,78.0
2025-06-12 04:00:00,50.18838223164841
2025-06-12 16:07:00,50.18838223164841
2025-06-12 04:23:00,62.0
2025-06-12 15:59:00,54.8
2025-06-12 07:05:00,77.2
2025-06-12 13:11:00,18.8
2025-06-12 03:13:00,41.8
2025-06-12 14:21:00,92.3
2025-06-12 13:32:00,8.2
2025-06-12 21:23:00,88.0
2025-06-12 08:43:00,50.18838223164841
2025-06-12 13:06:00,76.3
2025-06-12 08:26:00,50.18838223164841
2025-06-12 11:07:00,29.4
2025-06-12 23:06:00,85.4
2025-06-12 00:33:00,66.8
2025-06-12 07:02:00,50.18838223164841
2025-06-12 18:28:00,37.1
2025-06-12 00:40:00,8.7
2025-06-12 13:05:00,45.7
2025-06-12 08:17:00,97.0
2025-06-12 23:41:00,53.9
2025-06-12 03:45:00,65.9
2025-06-12 15:34:00,31.6
2025-06-12 10:39:00,79.6
2025-06-12 18:30:00,23.7
2025-06-12 12:45:00,99.2
2025-06-12 00:49:00,14.6
2025-06-12 01:26:00,63.5
2025-06-12 20:13:00,41.5
2025-06-12 08:32:00,91.5
2025-06-12 23:13:00,99.8
2025-06-12 05:39:00,50.18838223164841
2025-06-12 16:18:00,85.7
2025-06-12 12:31:00,19.7
2025-06-12 04:12:00,89.7
2025-06-12 09:48:00,34.3
2025-06-12 15:41:00,63.0
2025-06-12 09:24:00,34.2
2025-06-12 21:51:00,31.4
2025-06-12 06:36:00,19.9
2025-06-12 17:00:00,49.927249175694776
2025-06-12 19:05:00,92.3
2025-06-12 22:27:00,49.927249175694776
2025-06-12 18:35:00,13.2
2025-06-12 13:08:00,72.3
2025-06-12 20:29:00,96.4
2025-06-12 12:31:00,90.6
2025-06-12 11:09:00,93.6
2025-06-12 22:58:00,54.2
2025-06-12 12:23:00,51.4
2025-06-12 23:52:00,20.7
2025-06-12 11:04:00,68.2
2025-06-12 20:17:00,52.0
2025-06-12 09:04:00,55.3
2025-06-12 15:36:00,51.4
2025-06-12 06:58:00,89.1
2025-06-12 16:01:00,93.7
2025-06-12 16:19:00,23.9
2025-06-12 02:42:00,68.4
2025-06-12 18:30:00,76.9
2025-06-12 08:37:00,51.7
2025-06-12 21:54:00,80.3
2025-06-12 11:01:00,49.927249175694776
2025-06-12 06:06:00,96.8
2025-06-12 23:25:00,28.1
2025-06-12 18:09:00,93.3
2025-06-12 12:19:00,82.3
2025-06-12 02:51:00,8.0
2025-06-12 04:47:00,49.927249175694776
2025-06-12 06:50:00,54.3
2025-06-12 03:32:00,22.1
2025-06-12 07:46:00,23.0
2025-06-12 01:36:00,16.5
2025-06-12 15:53:00,26.7
2025-06-12 13:49:00,49.927249175694776
2025-06-12 23:43:00,35.6
2025-06-12 19:44:00,64.5
2025-06-12 23:33:00,86.5
2025-06-12 22:21:00,49.927249175694776
2025-06-12 02:09:00,49.927249175694776
2025-06-12 12:05:00,64.0
2025-06-12 18:49:00,99.8
2025-06-12 17:05:00,40.8
2025-06-12 18:16:00,95.4
2025-06-12 12:47:00,49.927249175694776
2025-06-12 16:47:00,49.4
2025-06-12 20:48:00,44.4
2025-06-12 20:21:00,13.7
2025-06-12 18:43:00,80.2
2025-06-12 19:27:00,78.7
2025-06-12 02:17:00,71.3
2025-06-12 14:29:00,8.3
2025-06-12 17:57:00,92.7
2025-06-12 03:15:00,7.8
2025-06-12 22:48:00,49.927249175694776
2025-06-12 19:51:00,8.2
2025-06-12 09:58:00,34.9
2025-06-12 01:18:00,44.5
2025-06-12 18:06:00,7.7
2025-06-12 14:35:00,49.927249175694776
2025-06-12 09:20:00,12.6
2025-06-12 06:07:00,92.0
2025-06-12 10:12:00,93.5
2025-06-12 23:03:00,81.9
2025-06-12 16:12:00,23.2
2025-06-12 00:14:00,90.9
2025-06-12 18:41:00,49.927249175694776
2025-06-12 03:04:00,79.6
2025-06-12 15:43:00,35.9
2025-06-12 06:09:00,22.7
2025-06-12 11:06:00,47.1
2025-06-12 00:04:00,31.7
2025-06-12 01:42:00,41.3
2025-06-12 20:06:00,39.7
2025-06-12 04:12:00,49.927249175694776
2025-06-12 04:21:00,94.6
2025-06-12 15:32:00,6.7
2025-06-12 05:58:00,40.1
2025-06-12 16:16:00,20.6
2025-06-12 15:40:00,94.0
2025-06-12 04:18:00,41.2
2025-06-12 07:06:00,90.3
2025-06-12 17:37:00,77.5
2025-06-12 01:49:00,66.5
2025-06-12 12:11:00,59.4
2025-06-12 21:17:00,50.4
2025-06-12 11:53:00,66.4
2025-06-12 02:38:00,81.7
2025-06-12 00:26:00,80.8
2025-06-12 02:30:00,49.927249175694776
2025-06-12 03:08:00,49.927249175694776
2025-06-12 07:47:00,43.2
2025-06-12 22:16:00,18.9
2025-06-12 15:27:00,48.8
2025-06-12 07:20:00,97.3
2025-06-12 01:03:00,2.7
2025-06-12 03:17:00,98.5
2025-06-12 21:09:00,27.2
2025-06-12 16:06:00,3.6
2025-06-12 07:08:00,35.0
2025-06-12 08:38:00,67.4
2025-06-12 07:12:00,82.1
2025-06-12 17:42:00,41.9
2025-06-12 14:06:00,49.927249175694776
2025-06-12 03:54:00,34.6
2025-06-12 16:17:00,82.4
2025-06-12 04:29:00,47.6
2025-06-12 17:51:00,0.3
2025-06-12 16:07:00,49.927249175694776
2025-06-12 17:19:00,72.2
2025-06-12 06:26:00,40.7
2025-06-12 20:33:00,8.0
2025-06-12 03:47:00,32.7
2025-06-12 14:54:00,61.0
2025-06-12 16:40:00,49.927249175694776
2025-06-12 11:07:00,78.5
2025-06-12 23:40:00,29.0
2025-06-12 21:49:00,77.5
2025-06-12 01:44:00,38.6
2025-06-12 11:00:00,95.5
2025-06-12 16:02:00,11.0
2025-06-12 09:48:00,49.927249175694776
2025-06-12 13:55:00,43.6
2025-06-12 11:55:00,89.7
2025-06-12 12:52:00,49.927249175694776
2025-06-12 22:41:00,93.3
2025-06-12 10:10:00,46.0
2025-06-12 08:25:00,49.927249175694776
2025-06-12 22:35:00,45.0
2025-06-12 10:34:00,85.7
2025-06-12 02:41:00,78.4
2025-06-12 02:57:00,92.0
2025-06-12 20:04:00,82.7
2025-06-12 11:45:00,55.9
2025-06-12 06:02:00,61.5
2025-06-12 22:01:00,49.927249175694776
2025-06-12 20:13:00,60.0
2025-06-12 22:15:00,64.6
2025-06-12 00:09:00,17.6
2025-06-12 20:39:00,39.5
2025-06-12 02:29:00,53.6
2025-06-12 00:01:00,49.927249175694776
2025-06-12 15:14:00,88.0
2025-06-12 15:00:00,36.2
2025-06-12 20:11:00,98.3
2025-06-12 08:14:00,9.6
2025-06-12 08:20:00,54.6
2025-06-12 18:47:00,37.4
2025-06-12 09:03:00,96.0
2025-06-12 02:13:00,49.927249175694776
2025-06-12 03:29:00,8.0
2025-06-12 07:31:00,36.3
2025-06-12 02:33:00,49.927249175694776
2025-06-12 07:14:00,33.9
2025-06-12 02:24:00,73.2
2025-06-12 10:08:00,62.7
2025-06-12 15:02:00,97.6
2025-06-12 13:58:00,74.0
2025-06-12 16:27:00,73.7
2025-06-12 03:02:00,1.5
2025-06-12 10:21:00,25.4
2025-06-12 22:44:00,43.5
2025-06-12 22:38:00,25.3
2025-06-12 00:37:00,78.4
2025-06-12 17:23:00,45.6
2025-06-12 13:45:00,2.2
2025-06-12 07:32:00,58.0
2025-06-12 20:07:00,28.2
2025-06-12 01:13:00,16.8
2025-06-12 12:34:00,89.3
2025-06-12 03:45:00,49.927249175694776
2025-06-12 15:13:00,49.927249175694776
2025-06-12 20:40:00,6.4
2025-06-12 02:50:00,32.2
2025-06-12 04:55:00,53.9
2025-06-12 06:44:00,16.9
2025-06-12 14:53:00,58.3
2025-06-12 15:44:00,49.927249175694776
2025-06-12 06:15:00,6.6
2025-06-12 01:34:00,40.8
2025-06-12 23:22:00,49.927249175694776
2025-06-12 17:10:00,25.7
2025-06-12 12:42:00,75.8
2025-06-12 11:34:00,97.0
2025-06-12 06:22:00,46.5
2025-06-12 09:33:00,45.9
2025-06-12 09:34:00,48.5
2025-06-12 08:30:00,44.2
2025-06-12 09:30:00,10.0
2025-06-12 05:48:00,37.4
2025-06-12 14:47:00,42.6
2025-06-12 22:10:00,19.7
2025-06-12 17:18:00,84.9
2025-06-12 09:40:00,23.8
2025-06-12 00:32:00,15.1
2025-06-12 23:20:00,66.3
2025-06-12 12:43:00,11.8
2025-06-12 11:47:00,33.1
2025-06-12 19:34:00,22.4
2025-06-12 21:52:00,49.927249175694776
2025-06-12 10:33:00,18.7
2025-06-12 05:34:00,25.6
2025-06-12 11:59:00,3.0
2025-06-12 15:24:00,88.3
2025-06-12 10:07:00,49.8
2025-06-12 06:43:00,12.1
2025-06-12 00:49:00,19.2
2025-06-12 02:00:00,37.0
2025-06-12 09:55:00,20.8
2025-06-12 20:47:00,67.1
2025-06-12 02:55:00,98.5
2025-06-12 10:01:00,73.5
2025-06-12 03:23:00,8.3
2025-06-12 01:54:00,60.7
2025-06-12 17:40:00,32.9
2025-06-12 20:26:00,4.7
2025-06-12 05:17:00,24.6
2025-06-12 06:53:00,94.8
2025-06-12 11:57:00,94.8
2025-06-12 15:38:00,7.9
2025-06-12 08:52:00,81.7
2025-06-12 06:55:00,49.927249175694776
2025-06-12 16:59:00,41.1
2025-06-12 16:44:00,17.9
2025-06-12 00:00:00,0.1
2025-06-12 06:41:00,86.0
2025-06-12 02:26:00,66.2
2025-06-12 05:33:00,73.1
2025-06-12 10:04:00,33.6
2025-06-12 23:19:00,47.0
2025-06-12 08:18:00,52.3
2025-06-12 11:35:00,97.1
2025-06-12 22:50:00,4.0
2025-06-12 14:24:00,2.7
2025-06-12 13:40:00,70.5
2025-06-12 23:11:00,31.8
2025-06-12 05:57:00,63.6
2025-06-12 15:48:00,26.5
2025-06-12 10:59:00,60.3
2025-06-12 00:33:00,55.8
2025-06-12 16:37:00,32.7
2025-06-12 20:50:00,65.0
2025-06-12 15:18:00,49.7
2025-06-12 14:20:00,6.7
2025-06-12 05:18:00,69.0
2025-06-12 17:04:00,19.7
2025-06-12 04:38:00,44.8
2025-06-12 19:55:00,87.6
2025-06-12 03:46:00,30.0
2025-06-12 13:52:00,94.0
2025-06-12 04:30:00,55.3
2025-06-12 00:18:00,73.1
2025-06-12 05:37:00,31.4
2025-06-12 10:44:00,1.3
2025-06-12 09:53:00,49.927249175694776
2025-06-12 03:48:00,49.927249175694776
2025-06-12 04:04:00,15.4
2025-06-12 12:48:00,3.1
2025-06-12 10:15:00,65.7
2025-06-12 16:11:00,16.3
2025-06-12 03:36:00,49.927249175694776
2025-06-12 12:01:00,20.7
2025-06-12 15:50:00,5.7
2025-06-12 17:03:00,22.8
2025-06-12 08:15:00,93.3
2025-06-12 20:23:00,17.2
2025-06-12 07:51:00,2.8
2025-06-12 22:24:00,12.8
2025-06-12 12:45:00,24.0
2025-06-12 18:21:00,9.0
2025-06-12 01:50:00,33.6
2025-06-12 21:10:00,39.9
2025-06-12 22:22:00,49.927249175694776
2025-06-12 08:32:00,54.9
2025-06-12 17:12:00,87.3
2025-06-12 14:14:00,30.9
2025-06-12 09:14:00,33.8
2025-06-12 21:45:00,14.8
2025-06-12 10:53:00,64.4
2025-06-12 12:01:00,49.72265128325876
2025-06-12 21:06:00,49.72265128325876
2025-06-12 22:32:00,84.0
2025-06-12 15:10:00,0.3
2025-06-12 14:41:00,63.2
2025-06-12 20:34:00,94.3
2025-06-12 10:18:00,62.4
2025-06-12 14:27:00,87.7
2025-06-12 10:52:00,25.6
2025-06-12 20:47:00,9.9
2025-06-12 19:24:00,71.4
2025-06-12 17:37:00,39.5
2025-06-12 17:32:00,49.72265128325876
2025-06-12 17:33:00,98.7
2025-06-12 07:47:00,60.3
2025-06-12 01:32:00,6.8
2025-06-12 18:21:00,2.3
2025-06-12 09:39:00,46.7
2025-06-12 05:06:00,80.3
2025-06-12 12:32:00,49.72265128325876
2025-06-12 09:52:00,13.7
2025-06-12 02:44:00,84.1
2025-06-12 00:21:00,64.1
2025-06-12 00:16:00,49.72265128325876
2025-06-12 06:28:00,49.2
2025-06-12 18:17:00,67.6
2025-06-12 08:16:00,38.4
2025-06-12 00:28:00,57.5
2025-06-12 16:49:00,44.6
2025-06-12 18:46:00,94.2
2025-06-12 22:36:00,49.72265128325876
2025-06-12 12:33:00,76.4
2025-06-12 20:55:00,51.6
2025-06-12 23:18:00,90.6
2025-06-12 15:23:00,74.5
2025-06-12 06:41:00,3.5
2025-06-12 18:39:00,72.3
2025-06-12 22:33:00,49.72265128325876
2025-06-12 14:13:00,0.1
2025-06-12 15:37:00,49.72265128325876
2025-06-12 06:05:00,89.5
2025-06-12 01:22:00,58.7
2025-06-12 02:09:00,85.1
2025-06-12 07:55:00,74.8
2025-06-12 07:45:00,92.4
2025-06-12 03:06:00,0.9
2025-06-12 16:31:00,97.3
2025-06-12 13:08:00,86.3
2025-06-12 10:48:00,80.7
2025-06-12 18:38:00,13.3
2025-06-12 00:27:00,49.72265128325876
2025-06-12 20:36:00,39.7
2025-06-12 17:02:00,45.6
2025-06-12 15:47:00,21.4
2025-06-12 23:50:00,69.5
2025-06-12 11:51:00,6.0
2025-06-12 11:04:00,30.0
2025-06-12 02:13:00,69.0
2025-06-12 05:14:00,40.2
2025-06-12 05:04:00,73.6
2025-06-12 10:34:00,90.8
2025-06-12 22:12:00,39.9
2025-06-12 15:57:00,49.72265128325876
2025-06-12 14:55:00,82.5
2025-06-12 16:22:00,20.7
2025-06-12 22:48:00,29.8
2025-06-12 21:31:00,49.72265128325876
2025-06-12 04:04:00,31.6
2025-06-12 01:44:00,0.6
2025-06-12 09:19:00,10.0
2025-06-12 07:53:00,0.3
2025-06-12 09:02:00,62.5
2025-06-12 22:52:00,17.0
2025-06-12 05:34:00,50.2
2025-06-12 03:23:00,4.7
2025-06-12 11:02:00,77.3
2025-06-12 20:56:00,49.72265128325876
2025-06-12 04:23:00,49.72265128325876
2025-06-12 04:10:00,11.4
2025-06-12 04:11:00,85.6
2025-06-12 09:43:00,62.8
2025-06-12 08:44:00,49.72265128325876
2025-06-12 01:51:00,49.72265128325876
2025-06-12 00:45:00,16.7
2025-06-12 01:35:00,15.7
2025-06-12 03:37:00,90.7
2025-06-12 18:58:00,30.7
2025-06-12 11:55:00,28.9
2025-06-12 02:04:00,49.72265128325876
2025-06-12 12:17:00,79.1
2025-06-12 20:16:00,14.7
2025-06-12 10:38:00,45.4
2025-06-12 00:10:00,70.7
2025-06-12 14:49:00,86.5
2025-06-12 05:19:00,65.9
2025-06-12 17:00:00,49.0
2025-06-12 19:09:00,71.0
2025-06-12 13:39:00,62.8
2025-06-12 22:05:00,31.7
2025-06-12 17:30:00,49.72265128325876
2025-06-12 02:22:00,74.5
2025-06-12 01:05:00,85.1
2025-06-12 15:03:00,73.8
2025-06-12 12:58:00,49.72265128325876
2025-06-12 21:02:00,60.0
2025-06-12 14:25:00,0.6
2025-06-12 13:00:00,63.3
2025-06-12 17:17:00,67.9
2025-06-12 01:03:00,42.4
2025-06-12 04:13:00,49.72265128325876
2025-06-12 21:32:00,50.0
2025-06-12 06:24:00,43.0
2025-06-12 08:53:00,27.5
2025-06-12 10:33:00,52.5
2025-06-12 12:38:00,35.2
2025-06-12 02:51:00,22.7
2025-06-12 03:31:00,62.7
2025-06-12 17:58:00,46.9
2025-06-12 15:59:00,29.5
2025-06-12 09:15:00,94.6
2025-06-12 06:31:00,76.3
2025-06-12 11:29:00,71.5
2025-06-12 20:25:00,49.72265128325876
2025-06-12 19:49:00,1.6
2025-06-12 00:06:00,0.1
2025-06-12 15:19:00,93.4
2025-06-12 18:10:00,30.9
2025-06-12 14:42:00,57.1
2025-06-12 17:52:00,69.7
2025-06-12 11:43:00,37.1
2025-06-12 13:40:00,16.8
2025-06-12 08:57:00,49.72265128325876
2025-06-12 19:38:00,32.1
2025-06-12 21:43:00,41.3
2025-06-12 13:31:00,53.3
2025-06-12 05:16:00,68.1
2025-06-12 00:30:00,59.7
2025-06-12 03:18:00,48.2
2025-06-12 13:09:00,76.6
2025-06-12 11:14:00,71.6
2025-06-12 05:15:00,0.9
2025-06-12 23:57:00,38.8
2025-06-12 09:25:00,24.0
2025-06-12 03:08:00,36.6
2025-06-12 00:23:00,63.1
2025-06-12 19:53:00,81.2
2025-06-12 04:02:00,76.3
2025-06-12 02:31:00,47.1
2025-06-12 06:04:00,73.2
2025-06-12 00:38:00,95.4
2025-06-12 10:59:00,85.7
2025-06-12 10:22:00,77.9
2025-06-12 00:55:00,62.9
2025-06-12 06:51:00,99.3
2025-06-12 14:05:00,39.0
2025-06-12 23:20:00,0.7
2025-06-12 05:36:00,5.1
2025-06-12 02:30:00,12.9
2025-06-12 21:53:00,12.1
2025-06-12 23:27:00,85.1
2025-06-12 08:49:00,30.8
2025-06-12 09:41:00,99.5
2025-06-12 16:04:00,22.0
2025-06-12 14:52:00,14.3
2025-06-12 11:18:00,49.1
2025-06-12 05:00:00,61.8
2025-06-12 05:52:00,92.3
2025-06-12 05:44:00,84.6
2025-06-12 10:19:00,89.1
2025-06-12 10:56:00,1.1
2025-06-12 03:11:00,58.6
2025-06-12 01:54:00,48.0
2025-06-12 13:52:00,73.4
2025-06-12 20:03:00,1.1
2025-06-12 16:16:00,49.72265128325876
2025-06-12 10:43:00,10.2
2025-06-12 11:00:00,60.9
2025-06-12 00:32:00,95.9
2025-06-12 14:51:00,56.6
2025-06-12 19:15:00,62.4
2025-06-12 22:11:00,8.1
2025-06-12 17:43:00,66.4
2025-06-12 20:43:00,0.8
2025-06-12 05:27:00,37.1
2025-06-12 18:36:00,25.3
2025-06-12 04:32:00,0.4
2025-06-12 19:06:00,70.5
2025-06-12 17:10:00,43.3
2025-06-12 14:02:00,54.1
2025-06-12 20:14:00,77.0
2025-06-12 11:16:00,49.72265128325876
2025-06-12 15:12:00,47.8
2025-06-12 11:27:00,34.8
2025-06-12 01:41:00,47.7
2025-06-12 23:12:00,20.6
2025-06-12 13:10:00,30.3
2025-06-12 15:40:00,13.2
2025-06-12 13:53:00,85.2
2025-06-12 13:25:00,49.72265128325876
2025-06-12 22:57:00,90.3
2025-06-12 19:35:00,18.7
2025-06-12 01:38:00,25.8
2025-06-12 04:20:00,88.0
2025-06-12 03:30:00,69.6
2025-06-12 06:45:00,61.6
2025-06-12 13:59:00,89.2
2025-06-12 05:50:00,16.9
2025-06-12 08:17:00,27.6
2025-06-12 12:30:00,58.0
2025-06-12 12:07:00,6.3
2025-06-12 17:24:00,49.72265128325876
2025-06-12 08:13:00,49.72265128325876
2025-06-12 18:31:00,27.7
2025-06-12 12:08:00,36.6
2025-06-12 07:05:00,65.3
2025-06-12 16:32:00,68.8
2025-06-12 06:18:00,91.0
2025-06-12 12:27:00,62.4
2025-06-12 00:18:00,63.2
2025-06-12 22:18:00,32.1
2025-06-12 20:24:00,66.4
2025-06-12 17:55:00,83.1
2025-06-12 19:00:00,3.2
2025-06-12 21:13:00,89.2
2025-06-12 01:04:00,31.6
2025-06-12 05:22:00,21.0
2025-06-12 06:46:00,53.8
2025-06-12 19:11:00,72.3
2025-06-12 12:26:00,9.5
2025-06-12 04:19:00,96.7
2025-06-12 20:06:00,63.0
2025-06-12 06:40:00,49.72265128325876
2025-06-12 04:56:00,33.7
2025-06-12 20:50:00,58.0
2025-06-12 16:07:00,15.0
2025-06-12 23:55:00,56.0
2025-06-12 02:43:00,50.9
2025-06-12 12:10:00,49.72265128325876
2025-06-12 21:29:00,25.4
2025-06-12 23:10:00,14.5
2025-06-12 12:04:00,81.0
2025-06-12 10:07:00,25.5
2025-06-12 08:26:00,49.72265128325876
2025-06-12 19:26:00,67.1
2025-06-12 18:35:00,49.72265128325876
2025-06-12 07:32:00,48.5
2025-06-12 18:34:00,10.3
2025-06-12 23:48:00,49.72265128325876
2025-06-12 07:19:00,90.4
2025-06-12 09:03:00,70.9
2025-06-12 23:28:00,95.4
2025-06-12 05:02:00,2.2
2025-06-12 00:34:00,7.5
2025-06-12 23:29:00,57.7
2025-06-12 19:42:00,50.6
2025-06-12 08:51:00,53.1
2025-06-12 12:39:00,10.3
2025-06-12 03:45:00,65.6
2025-06-12 01:23:00,72.5
2025-06-12 04:42:00,47.1
2025-06-12 00:42:00,51.3
2025-06-12 09:17:00,4.3
2025-06-12 16:18:00,49.72265128325876
2025-06-12 11:21:00,49.72265128325876
2025-06-12 03:57:00,96.7
2025-06-12 09:06:00,76.9
2025-06-12 18:50:00,91.9
2025-06-12 01:55:00,80.5
2025-06-12 19:14:00,68.6
2025-06-12 11:25:00,49.2
2025-06-12 03:53:00,24.5
2025-06-12 03:52:00,49.72265128325876
2025-06-12 09:42:00,88.3
2025-06-12 10:45:00,38.0
2025-06-12 06:50:00,37.9
2025-06-12 10:09:00,78.8
2025-06-12 16:29:00,47.8
2025-06-12 23:00:00,49.72265128325876
2025-06-12 15:25:00,49.72265128325876
2025-06-12 09:26:00,96.2
2025-06-12 22:30:00,65.7
2025-06-12 03:26:00,49.72265128325876
2025-06-12 03:09:00,14.4
2025-06-12 12:18:00,49.72265128325876
2025-06-12 00:02:00,70.8
2025-06-12 09:49:00,51.3
2025-06-12 13:54:00,90.7
2025-06-12 18:40:00,26.7
2025-06-12 02:37:00,7.5
2025-06-12 07:12:00,75.3
2025-06-12 16:08:00,21.6
2025-06-12 20:02:00,49.72265128325876
2025-06-12 23:02:00,33.2
2025-06-12 16:58:00,62.0
2025-06-12 20:09:00,98.8
2025-06-12 15:30:00,27.2
2025-06-12 06:09:00,49.72265128325876
2025-06-12 09:20:00,59.0
2025-06-12 18:13:00,17.8
2025-06-12 18:22:00,22.6
2025-06-12 03:43:00,55.5
2025-06-12 03:23:00,96.3
2025-06-12 01:02:00,37.1
2025-06-12 15:05:00,50.25777465777466
2025-06-12 04:40:00,50.25777465777466
2025-06-12 08:07:00,39.7
2025-06-12 00:40:00,4.0
2025-06-12 23:17:00,57.3
2025-06-12 04:07:00,67.2
2025-06-12 12:47:00,80.5
2025-06-12 04:46:00,50.25777465777466
2025-06-12 14:12:00,50.25777465777466
2025-06-12 08:31:00,58.6
2025-06-12 04:12:00,27.8
2025-06-12 05:03:00,10.4
2025-06-12 10:39:00,33.6
2025-06-12 03:13:00,83.6
2025-06-12 19:45:00,45.3
2025-06-12 20:07:00,97.1
2025-06-12 17:42:00,97.8
2025-06-12 17:35:00,77.1
2025-06-12 10:56:00,40.4
2025-06-12 05:37:00,16.5
2025-06-12 14:06:00,3.4
2025-06-12 10:17:00,44.9
2025-06-12 15:04:00,89.3
2025-06-12 23:26:00,51.5
2025-06-12 13:35:00,45.6
2025-06-12 18:51:00,10.3
2025-06-12 19:33:00,53.7
2025-06-12 17:41:00,64.0
2025-06-12 06:35:00,50.25777465777466
2025-06-12 09:38:00,77.3
2025-06-12 13:05:00,37.4
2025-06-12 05:42:00,75.7
2025-06-12 06:09:00,56.1
2025-06-12 14:52:00,90.3
2025-06-12 18:57:00,48.4
2025-06-12 13:21:00,82.8
2025-06-12 23:54:00,73.0
2025-06-12 22:31:00,92.9
2025-06-12 12:44:00,50.25777465777466
2025-06-12 12:33:00,44.8
2025-06-12 20:11:00,13.9
2025-06-12 17:09:00,36.6
2025-06-12 06:12:00,33.9
2025-06-12 08:42:00,50.25777465777466
2025-06-12 05:50:00,64.3
2025-06-12 08:01:00,93.1
2025-06-12 22:26:00,46.7
2025-06-12 02:37:00,54.9
2025-06-12 01:24:00,10.4
2025-06-12 08:15:00,41.6
2025-06-12 18:32:00,50.25777465777466
2025-06-12 17:30:00,29.7
2025-06-12 00:48:00,98.9
2025-06-12 14:40:00,60.6
2025-06-12 07:19:00,66.5
2025-06-12 21:39:00,89.4
2025-06-12 21:20:00,20.4
2025-06-12 09:15:00,50.25777465777466
2025-06-12 08:10:00,50.25777465777466
2025-06-12 22:04:00,18.7
2025-06-12 20:43:00,50.25777465777466
2025-06-12 12:03:00,16.9
2025-06-12 23:03:00,50.25777465777466
2025-06-12 01:31:00,0.7
2025-06-12 15:01:00,30.3
2025-06-12 16:36:00,38.3
2025-06-12 11:14:00,39.7
2025-06-12 13:01:00,44.7
2025-06-12 08:33:00,35.6
2025-06-12 05:52:00,38.0
2025-06-12 00:19:00,50.25777465777466
2025-06-12 02:47:00,77.2
2025-06-12 18:43:00,39.1
2025-06-12 23:48:00,9.1
2025-06-12 12:52:00,44.3
2025-06-12 11:01:00,39.6
2025-06-12 07:11:00,80.6
2025-06-12 18:16:00,50.25777465777466
2025-06-12 18:52:00,50.25777465777466
2025-06-12 01:18:00,9.6
2025-06-12 10:55:00,31.2
2025-06-12 04:04:00,9.8
2025-06-12 13:18:00,50.25777465777466
2025-06-12 06:36:00,15.6
2025-06-12 15:52:00,3.4
2025-06-12 21:19:00,11.5
2025-06-12 20:48:00,45.1
2025-06-12 12:41:00,71.9
2025-06-12 21:42:00,49.3
2025-06-12 15:26:00,93.1
2025-06-12 07:45:00,18.5
2025-06-12 15:09:00,19.9
2025-06-12 18:44:00,19.8
2025-06-12 12:21:00,1.4
2025-06-12 00:15:00,89.0
2025-06-12 12:56:00,50.7
2025-06-12 22:48:00,68.6
2025-06-12 06:50:00,12.2
2025-06-12 11:45:00,51.8
2025-06-12 12:14:00,44.5
2025-06-12 22:32:00,38.5
2025-06-12 15:35:00,29.5
2025-06-12 08:40:00,1.8
2025-06-12 18:17:00,50.25777465777466
2025-06-12 02:31:00,2.1
2025-06-12 18:49:00,19.3
2025-06-12 08:08:00,73.5
2025-06-12 16:39:00,79.3
2025-06-12 09:27:00,62.0
2025-06-12 19:56:00,17.3
2025-06-12 08:13:00,50.25777465777466
2025-06-12 10:33:00,41.8
2025-06-12 17:26:00,23.6
2025-06-12 08:37:00,37.4
2025-06-12 06:21:00,79.6
2025-06-12 09:47:00,97.3
2025-06-12 19:57:00,50.25777465777466
2025-06-12 01:11:00,26.2
2025-06-12 22:03:00,95.1
2025-06-12 04:16:00,98.6
2025-06-12 06:25:00,3.4
2025-06-12 18:53:00,91.1
2025-06-12 21:35:00,28.3
2025-06-12 04:10:00,15.3
2025-06-12 21:53:00,75.7
2025-06-12 15:15:00,1.1
2025-06-12 11:13:00,59.5
2025-06-12 04:14:00,3.2
2025-06-12 06:06:00,3.5
2025-06-12 11:06:00,52.8
2025-06-12 06:41:00,69.2
2025-06-12 21:10:00,58.3
2025-06-12 03:24:00,70.7
2025-06-12 16:41:00,0.7
2025-06-12 18:37:00,4.4
2025-06-12 07:24:00,20.1
2025-06-12 18:36:00,29.0
2025-06-12 17:37:00,0.1
2025-06-12 15:14:00,86.8
2025-06-12 12:19:00,10.8
2025-06-12 18:15:00,50.25777465777466
2025-06-12 04:20:00,97.2
2025-06-12 01:47:00,14.8
2025-06-12 15:37:00,84.5
2025-06-12 12:30:00,44.4
2025-06-12 06:37:00,37.2
2025-06-12 17:11:00,29.5
2025-06-12 02:50:00,48.1
2025-06-12 07:14:00,60.7
2025-06-12 16:58:00,50.25777465777466
2025-06-12 11:17:00,53.2
2025-06-12 03:37:00,50.25777465777466
2025-06-12 23:08:00,35.9
2025-06-12 04:48:00,41.5
2025-06-12 09:37:00,72.4
2025-06-12 10:42:00,15.3
2025-06-12 15:13:00,60.7
2025-06-12 06:42:00,28.5
2025-06-12 02:48:00,74.3
2025-06-12 04:27:00,18.1
2025-06-12 06:57:00,41.4
2025-06-12 04:28:00,9.2
2025-06-12 10:52:00,42.7
2025-06-12 01:17:00,47.5
2025-06-12 07:02:00,23.4
2025-06-12 22:53:00,16.3
2025-06-12 06:02:00,42.3
2025-06-12 18:09:00,46.7
2025-06-12 21:00:00,92.8
2025-06-12 08:44:00,74.0
2025-06-12 16:53:00,86.7
2025-06-12 19:44:00,68.5
2025-06-12 05:24:00,86.2
2025-06-12 04:33:00,73.5
2025-06-12 19:48:00,50.3
2025-06-12 16:48:00,82.1
2025-06-12 16:23:00,30.2
2025-06-12 00:56:00,50.25777465777466
2025-06-12 06:18:00,38.4
2025-06-12 07:04:00,43.5
2025-06-12 08:14:00,1.0
2025-06-12 01:28:00,77.8
2025-06-12 14:00:00,82.4
2025-06-12 02:08:00,80.3
2025-06-12 08:36:00,25.6
2025-06-12 01:20:00,0.5
2025-06-12 06:55:00,51.4
2025-06-12 12:35:00,27.6
2025-06-12 05:23:00,48.5
2025-06-12 12:48:00,66.1
2025-06-12 01:09:00,50.25777465777466
2025-06-12 09:06:00,84.7
2025-06-12 17:44:00,50.25777465777466
2025-06-12 14:16:00,73.6
2025-06-12 08:47:00,48.4
2025-06-12 00:29:00,52.4
2025-06-12 20:36:00,10.8
2025-06-12 06:00:00,43.8
2025-06-12 06:40:00,50.25777465777466
2025-06-12 15:00:00,29.7
2025-06-12 18:54:00,10.9
2025-06-12 04:44:00,33.7
2025-06-12 05:04:00,99.0
2025-06-12 08:32:00,33.0
2025-06-12 06:32:00,50.25777465777466
2025-06-12 19:02:00,50.25777465777466
2025-06-12 20:25:00,35.8
2025-06-12 15:08:00,24.1
2025-06-12 11:34:00,50.25777465777466
2025-06-12 04:11:00,50.25777465777466
2025-06-12 02:03:00,27.6
2025-06-12 14:49:00,23.5
2025-06-12 19:31:00,35.1
2025-06-12 20:40:00,4.8
2025-06-12 09:21:00,71.0
2025-06-12 20:16:00,99.2
2025-06-12 19:27:00,50.25777465777466
2025-06-12 00:35:00,83.0
2025-06-12 05:30:00,58.7
2025-06-12 21:07:00,50.25777465777466
2025-06-12 10:30:00,62.5
2025-06-12 15:55:00,58.4
2025-06-12 23:19:00,53.1
2025-06-12 17:31:00,50.25777465777466
2025-06-12 19:28:00,2.8
2025-06-12 10:40:00,21.1
2025-06-12 20:09:00,50.25777465777466
2025-06-12 02:59:00,45.8
2025-06-12 19:36:00,72.1
2025-06-12 16:02:00,50.25777465777466
2025-06-12 09:28:00,34.9
2025-06-12 19:06:00,72.4
2025-06-12 23:05:00,39.3
2025-06-12 13:40:00,3.2
2025-06-12 18:50:00,75.6
2025-06-12 21:52:00,77.7
2025-06-12 12:25:00,50.25777465777466
2025-06-12 23:00:00,6.6
2025-06-12 06:33:00,83.7
2025-06-12 05:56:00,21.0
2025-06-12 18:11:00,43.3
2025-06-12 06:38:00,50.25777465777466
2025-06-12 15:46:00,11.3
2025-06-12 22:22:00,50.25777465777466
2025-06-12 09:45:00,6.2
2025-06-12 13:32:00,32.0
2025-06-12 04:36:00,62.2
2025-06-12 23:16:00,70.4
2025-06-12 06:08:00,50.25777465777466
2025-06-12 06:29:00,81.7
2025-06-12 17:57:00,93.1
2025-06-12 05:17:00,34.6
2025-06-12 22:19:00,50.25777465777466
2025-06-12 08:20:00,50.25777465777466
2025-06-12 19:32:00,62.3
2025-06-12 09:29:00,49.7
2025-06-12 23:23:00,2.1
2025-06-12 14:08:00,22.7
2025-06-12 11:42:00,92.9
2025-06-12 23:01:00,24.6
2025-06-12 00:43:00,49.4
2025-06-12 01:56:00,79.8
2025-06-12 09:07:00,98.0
2025-06-12 09:11:00,62.2
2025-06-12 18:03:00,16.1
2025-06-12 21:26:00,70.2
2025-06-12 20:46:00,28.3
2025-06-12 02:25:00,69.8
2025-06-12 07:54:00,25.3
2025-06-12 19:13:00,34.8
2025-06-12 02:27:00,2.3
2025-06-12 07:59:00,96.2
2025-06-12 03:41:00,72.6
2025-06-12 17:36:00,74.5
2025-06-12 04:35:00,23.9
2025-06-12 14:46:00,40.9
2025-06-12 08:11:00,28.2
2025-06-12 15:06:00,69.4
2025-06-12 05:25:00,50.25777465777466
2025-06-12 21:05:00,29.3
2025-06-12 17:22:00,50.25777465777466
2025-06-12 05:55:00,67.4
2025-06-12 12:08:00,71.9
2025-06-12 20:19:00,15.0
2025-06-12 23:28:00,76.3
2025-06-12 08:29:00,83.8
2025-06-12 01:19:00,58.0
2025-06-12 03:10:00,28.2
2025-06-12 01:21:00,50.25777465777466
2025-06-12 03:28:00,20.3
2025-06-12 10:35:00,36.3
2025-06-12 13:45:00,80.2
2025-06-12 10:11:00,65.5
2025-06-12 01:43:00,84.5
2025-06-12 10:38:00,9.0
2025-06-12 04:03:00,8.2
2025-06-12 16:54:00,86.3
2025-06-12 01:36:00,34.7
2025-06-12 15:22:00,50.5
2025-06-12 03:59:00,59.3
2025-06-12 11:26:00,77.6
2025-06-12 16:55:00,55.7
2025-06-12 04:23:00,78.1
2025-06-12 16:04:00,68.1
2025-06-12 21:56:00,7.1
2025-06-12 03:21:00,72.5
2025-06-12 05:45:00,50.25777465777466
2025-06-12 19:15:00,52.1
2025-06-12 03:34:00,50.25777465777466
2025-06-12 22:25:00,5.9
2025-06-12 01:57:00,35.9
2025-06-12 12:55:00,31.3
2025-06-12 15:03:00,74.5
2025-06-12 12:45:00,50.25777465777466
2025-06-12 07:20:00,69.7
2025-06-12 16:33:00,49.9464552238806
2025-06-12 11:17:00,73.9
2025-06-12 01:59:00,49.5
2025-06-12 23:17:00,34.4
2025-06-12 12:16:00,50.9
2025-06-12 13:14:00,75.1
2025-06-12 08:00:00,49.9464552238806
2025-06-12 02:24:00,25.0
2025-06-12 09:38:00,87.7
2025-06-12 07:22:00,30.6
2025-06-12 14:11:00,49.9464552238806
2025-06-12 01:31:00,54.7
2025-06-12 06:45:00,49.9464552238806
2025-06-12 17:12:00,14.9
2025-06-12 12:04:00,27.6
2025-06-12 16:35:00,14.2
2025-06-12 15:44:00,63.5
2025-06-12 15:18:00,57.6
2025-06-12 10:07:00,96.3
2025-06-12 23:10:00,49.9464552238806
2025-06-12 03:13:00,18.4
2025-06-12 06:20:00,63.9
2025-06-12 07:58:00,55.6
2025-06-12 12:21:00,28.5
2025-06-12 21:51:00,49.9464552238806
2025-06-12 07:04:00,20.2
2025-06-12 22:28:00,49.9464552238806
2025-06-12 06:13:00,66.3
2025-06-12 00:44:00,49.9464552238806
2025-06-12 17:43:00,5.6
2025-06-12 13:53:00,78.1
2025-06-12 19:14:00,92.1
2025-06-12 06:31:00,49.9464552238806
2025-06-12 15:15:00,10.7
2025-06-12 07:34:00,25.6
2025-06-12 17:23:00,60.6
2025-06-12 02:38:00,11.1
2025-06-12 07:50:00,9.0
2025-06-12 09:25:00,37.8
2025-06-12 00:35:00,63.2
2025-06-12 00:03:00,47.6
2025-06-12 13:38:00,11.2
2025-06-12 23:28:00,79.7
2025-06-12 09:06:00,38.3
2025-06-12 08:37:00,33.7
2025-06-12 01:56:00,25.9
2025-06-12 16:55:00,49.9464552238806
2025-06-12 04:12:00,82.7
2025-06-12 09:07:00,62.1
2025-06-12 10:48:00,8.9
2025-06-12 13:34:00,62.1
2025-06-12 16:52:00,29.3
2025-06-12 06:54:00,62.0
2025-06-12 05:37:00,45.3
2025-06-12 13:45:00,24.3
2025-06-12 17:25:00,11.1
2025-06-12 07:55:00,38.3
2025-06-12 22:58:00,49.2
2025-06-12 08:53:00,7.0
2025-06-12 15:40:00,72.5
2025-06-12 16:01:00,81.5
2025-06-12 00:37:00,56.2
2025-06-12 04:58:00,53.1
2025-06-12 04:26:00,57.1
2025-06-12 10:53:00,23.4
2025-06-12 19:22:00,49.9464552238806
2025-06-12 10:55:00,23.8
2025-06-12 09:09:00,100.0
2025-06-12 09:35:00,73.0
2025-06-12 22:44:00,11.7
2025-06-12 10:52:00,24.2
2025-06-12 01:44:00,82.0
2025-06-12 23:07:00,68.4
2025-06-12 11:24:00,92.4
2025-06-12 19:37:00,49.9464552238806
2025-06-12 20:41:00,33.2
2025-06-12 22:34:00,26.5
2025-06-12 09:52:00,58.2
2025-06-12 10:02:00,10.6
2025-06-12 04:54:00,73.5
2025-06-12 10:01:00,73.3
2025-06-12 16:32:00,91.1
2025-06-12 23:45:00,19.0
2025-06-12 00:48:00,49.9464552238806
2025-06-12 15:10:00,1.9
2025-06-12 22:48:00,49.9464552238806
2025-06-12 11:32:00,49.9464552238806
2025-06-12 15:17:00,19.9
2025-06-12 16:40:00,80.6
2025-06-12 16:27:00,27.6
2025-06-12 10:10:00,3.6
2025-06-12 19:59:00,17.4
2025-06-12 04:34:00,89.6
2025-06-12 08:49:00,40.8
2025-06-12 15:28:00,48.8
2025-06-12 15:07:00,36.8
2025-06-12 03:00:00,36.1
2025-06-12 02:23:00,20.0
2025-06-12 12:30:00,5.1
2025-06-12 22:00:00,64.4
2025-06-12 05:11:00,19.2
2025-06-12 12:46:00,84.6
2025-06-12 12:01:00,61.2
2025-06-12 23:39:00,38.5
2025-06-12 23:37:00,49.9464552238806
2025-06-12 18:46:00,49.9464552238806
2025-06-12 17:47:00,49.9464552238806
2025-06-12 01:39:00,30.4
2025-06-12 06:51:00,49.9464552238806
2025-06-12 06:09:00,12.6
2025-06-12 05:27:00,92.5
2025-06-12 16:38:00,95.6
2025-06-12 07:54:00,61.9
2025-06-12 10:27:00,2.2
2025-06-12 18:34:00,70.3
2025-06-12 13:17:00,6.6
2025-06-12 06:03:00,17.2
2025-06-12 07:41:00,64.2
2025-06-12 07:42:00,44.5
2025-06-12 00:08:00,85.2
2025-06-12 08:29:00,100.0
2025-06-12 23:54:00,66.3
2025-06-12 06:01:00,37.1
2025-06-12 09:54:00,51.6
2025-06-12 06:58:00,91.7
2025-06-12 00:18:00,49.9464552238806
2025-06-12 17:22:00,93.6
2025-06-12 13:11:00,17.4
2025-06-12 09:30:00,49.9464552238806
2025-06-12 04:56:00,82.1
2025-06-12 14:20:00,46.2
2025-06-12 12:26:00,49.9464552238806
2025-06-12 07:02:00,37.3
2025-06-12 18:41:00,49.9464552238806
2025-06-12 16:15:00,49.9464552238806
2025-06-12 01:45:00,49.9464552238806
2025-06-12 17:58:00,17.0
2025-06-12 06:33:00,73.3
2025-06-12 13:57:00,33.0
2025-06-12 01:50:00,60.7
2025-06-12 03:30:00,65.7
2025-06-12 02:48:00,49.9464552238806
2025-06-12 03:25:00,22.4
2025-06-12 14:17:00,32.0
2025-06-12 01:09:00,74.8
2025-06-12 05:21:00,64.9
2025-06-12 14:37:00,49.9464552238806
2025-06-12 18:54:00,49.9464552238806
2025-06-12 18:51:00,74.4
2025-06-12 13:35:00,47.8
2025-06-12 06:29:00,26.3
2025-06-12 19:42:00,90.5
2025-06-12 07:11:00,44.0
2025-06-12 02:09:00,71.0
2025-06-12 00:14:00,12.2
2025-06-12 02:46:00,55.1
2025-06-12 15:53:00,96.3
2025-06-12 17:49:00,8.2
2025-06-12 18:40:00,49.9464552238806
2025-06-12 21:00:00,12.5
2025-06-12 16:20:00,43.6
2025-06-12 13:27:00,27.1
2025-06-12 14:49:00,85.3
2025-06-12 01:07:00,46.2
2025-06-12 23:08:00,68.8
2025-06-12 20:18:00,74.9
2025-06-12 14:42:00,49.9464552238806
2025-06-12 09:39:00,75.2
2025-06-12 19:49:00,49.9464552238806
2025-06-12 09:23:00,42.8
2025-06-12 06:21:00,84.3
2025-06-12 08:35:00,46.7
2025-06-12 16:14:00,91.9
2025-06-12 01:01:00,15.6
2025-06-12 16:57:00,49.9464552238806
2025-06-12 13:22:00,41.6
2025-06-12 06:47:00,54.1
2025-06-12 20:20:00,18.6
2025-06-12 17:11:00,37.2
2025-06-12 01:24:00,1.8
2025-06-12 08:27:00,89.5
2025-06-12 14:52:00,49.9464552238806
2025-06-12 05:43:00,49.9464552238806
2025-06-12 23:51:00,99.6
2025-06-12 12:35:00,49.9464552238806
2025-06-12 06:53:00,68.6
2025-06-12 01:53:00,89.2
2025-06-12 06:10:00,52.7
2025-06-12 15:54:00,84.9
2025-06-12 00:56:00,50.7
2025-06-12 11:39:00,23.1
2025-06-12 00:34:00,49.9464552238806
2025-06-12 01:06:00,40.7
2025-06-12 21:33:00,24.0
2025-06-12 22:50:00,36.7
2025-06-12 21:46:00,12.3
2025-06-12 04:53:00,98.6
2025-06-12 10:46:00,94.3
2025-06-12 13:18:00,83.2
2025-06-12 17:18:00,55.2
2025-06-12 09:49:00,49.9464552238806
2025-06-12 03:21:00,92.8
2025-06-12 21:03:00,55.4
2025-06-12 19:17:00,76.7
2025-06-12 11:13:00,33.4
2025-06-12 07:37:00,96.3
2025-06-12 17:26:00,49.9464552238806
2025-06-12 23:02:00,12.0
2025-06-12 05:33:00,65.4
2025-06-12 12:36:00,74.8
2025-06-12 22:20:00,21.2
2025-06-12 03:38:00,43.3
2025-06-12 10:21:00,0.2
2025-06-12 22:46:00,49.9464552238806
2025-06-12 16:44:00,37.8
2025-06-12 14:16:00,50.9
2025-06-12 20:09:00,82.1
2025-06-12 20:19:00,49.9464552238806
2025-06-12 14:48:00,68.2
2025-06-12 09:34:00,39.6
2025-06-12 05:15:00,34.9
2025-06-12 13:01:00,64.8
2025-06-12 22:21:00,51.3
2025-06-12 17:57:00,0.9
2025-06-12 16:51:00,54.8
2025-06-12 21:47:00,56.0
2025-06-12 06:19:00,49.9464552238806
2025-06-12 09:44:00,76.8
2025-06-12 19:11:00,16.4
2025-06-12 10:39:00,11.3
2025-06-12 05:24:00,45.5
2025-06-12 13:43:00,22.2
2025-06-12 03:04:00,89.0
2025-06-12 22:41:00,4.4
2025-06-12 08:46:00,19.2
2025-06-12 05:20:00,2.6
2025-06-12 18:29:00,49.9464552238806
2025-06-12 12:38:00,19.7
2025-06-12 07:17:00,49.9464552238806
2025-06-12 15:12:00,2.1
2025-06-12 07:26:00,72.4
2025-06-12 09:31:00,11.9
2025-06-12 06:23:00,91.3
2025-06-12 15:16:00,70.5
2025-06-12 15:22:00,8.3
2025-06-12 08:41:00,18.1
2025-06-12 00:00:00,94.5
2025-06-12 02:37:00,49.1
2025-06-12 06:17:00,96.1
2025-06-12 03:24:00,13.1
2025-06-12 05:55:00,47.2
2025-06-12 17:29:00,94.8
2025-06-12 13:50:00,6.6
2025-06-12 07:23:00,68.3
2025-06-12 09:42:00,49.9464552238806
2025-06-12 14:26:00,17.7
2025-06-12 18:56:00,49.9464552238806
2025-06-12 04:32:00,49.9464552238806
2025-06-12 11:05:00,88.1
2025-06-12 19:30:00,2.0
2025-06-12 20:39:00,49.9464552238806
2025-06-12 17:03:00,36.3
2025-06-12 15:09:00,34.5
2025-06-12 19:29:00,46.2
2025-06-12 16:46:00,35.6
2025-06-12 02:21:00,49.9464552238806
2025-06-12 22:32:00,49.9464552238806
2025-06-12 05:02:00,11.2
2025-06-12 06:32:00,45.8
2025-06-12 16:31:00,78.2
2025-06-12 14:41:00,45.6
2025-06-12 19:53:00,49.9464552238806
2025-06-12 03:22:00,30.5
2025-06-12 06:40:00,19.3
2025-06-12 05:51:00,89.5
2025-06-12 18:25:00,49.9464552238806
2025-06-12 13:36:00,22.1
2025-06-12 01:47:00,67.1
2025-06-12 15:31:00,5.3
2025-06-12 10:44:00,25.7
2025-06-12 03:03:00,30.7
2025-06-12 07:09:00,52.7
2025-06-12 02:51:00,27.4
2025-06-12 17:40:00,8.3
2025-06-12 03:43:00,39.3
2025-06-12 02:42:00,68.9
2025-06-12 15:47:00,99.1
2025-06-12 21:38:00,57.6
2025-06-12 17:17:00,85.6
2025-06-12 18:44:00,55.3
2025-06-12 15:41:00,49.9464552238806
2025-06-12 17:48:00,11.4
2025-06-12 15:21:00,49.9464552238806
2025-06-12 17:04:00,78.2
2025-06-12 07:39:00,99.0
2025-06-12 02:59:00,1.5
2025-06-12 15:30:00,49.9464552238806
2025-06-12 14:21:00,15.7
2025-06-12 23:11:00,57.4
2025-06-12 16:42:00,98.2
2025-06-12 22:05:00,49.742524640779
2025-06-12 21:26:00,96.1
2025-06-12 11:03:00,64.5
2025-06-12 16:48:00,66.8
2025-06-12 16:47:00,11.5
2025-06-12 03:35:00,49.742524640779
2025-06-12 23:37:00,12.5
2025-06-12 16:50:00,32.2
2025-06-12 11:27:00,21.7
2025-06-12 23:49:00,78.2
2025-06-12 02:53:00,40.1
2025-06-12 01:43:00,61.7
2025-06-12 07:47:00,70.7
2025-06-12 10:10:00,83.4
2025-06-12 03:26:00,10.0
2025-06-12 00:48:00,28.0
2025-06-12 02:12:00,24.4
2025-06-12 13:15:00,21.3
2025-06-12 09:07:00,49.742524640779
2025-06-12 01:09:00,49.742524640779
2025-06-12 13:28:00,68.2
2025-06-12 07:14:00,49.742524640779
2025-06-12 22:57:00,19.2
2025-06-12 14:32:00,70.4
2025-06-12 17:03:00,2.4
2025-06-12 13:44:00,26.9
2025-06-12 20:09:00,66.0
2025-06-12 09:27:00,42.6
2025-06-12 00:09:00,13.3
2025-06-12 08:10:00,81.9
2025-06-12 18:05:00,58.2
2025-06-12 18:38:00,14.3
2025-06-12 06:47:00,30.9
2025-06-12 13:57:00,86.2
2025-06-12 06:34:00,99.0
2025-06-12 21:58:00,84.8
2025-06-12 20:06:00,46.5
2025-06-12 00:04:00,35.3
2025-06-12 21:06:00,50.9
2025-06-12 12:55:00,49.2
2025-06-12 10:32:00,42.8
2025-06-12 13:47:00,65.5
2025-06-12 07:29:00,32.3
2025-06-12 18:51:00,50.7
2025-06-12 19:35:00,4.6
2025-06-12 10:11:00,54.0
2025-06-12 07:35:00,49.742524640779
2025-06-12 12:05:00,30.9
2025-06-12 13:21:00,49.742524640779
2025-06-12 05:08:00,12.2
2025-06-12 08:12:00,43.9
2025-06-12 02:00:00,12.2
2025-06-12 17:46:00,49.742524640779
2025-06-12 15:04:00,53.9
2025-06-12 10:21:00,92.8
2025-06-12 21:45:00,56.9
2025-06-12 16:39:00,0.7
2025-06-12 08:42:00,11.1
2025-06-12 00:44:00,22.5
2025-06-12 06:51:00,96.2
2025-06-12 16:43:00,33.3
2025-06-12 21:57:00,28.9
2025-06-12 08:19:00,49.742524640779
2025-06-12 04:23:00,99.9
2025-06-12 15:17:00,49.742524640779
2025-06-12 02:31:00,1.1
2025-06-12 20:16:00,8.2
2025-06-12 22:15:00,49.742524640779
2025-06-12 22:32:00,46.2
2025-06-12 13:01:00,53.4
2025-06-12 19:59:00,38.9
2025-06-12 09:35:00,74.5
2025-06-12 13:27:00,85.1
2025-06-12 10:29:00,42.4
2025-06-12 23:06:00,46.7
2025-06-12 23:08:00,15.4
2025-06-12 04:51:00,46.6
2025-06-12 22:35:00,49.742524640779
2025-06-12 16:05:00,6.8
2025-06-12 21:01:00,24.4
2025-06-12 01:30:00,50.1
2025-06-12 18:19:00,9.6
2025-06-12 03:41:00,67.7
2025-06-12 02:18:00,92.9
2025-06-12 05:32:00,24.0
2025-06-12 10:47:00,70.7
2025-06-12 10:41:00,28.0
2025-06-12 21:51:00,7.6
2025-06-12 09:09:00,31.9
2025-06-12 13:07:00,49.742524640779
2025-06-12 10:39:00,48.4
2025-06-12 10:53:00,39.0
2025-06-12 00:37:00,17.8
2025-06-12 07:27:00,49.742524640779
2025-06-12 17:24:00,61.6
2025-06-12 17:06:00,35.1
2025-06-12 07:11:00,92.2
2025-06-12 10:07:00,96.0
2025-06-12 19:44:00,78.4
2025-06-12 04:05:00,90.3
2025-06-12 13:17:00,88.6
2025-06-12 14:55:00,69.9
2025-06-12 17:57:00,17.7
2025-06-12 23:53:00,42.6
2025-06-12 17:13:00,60.2
2025-06-12 21:38:00,16.8
2025-06-12 03:05:00,26.6
2025-06-12 09:46:00,25.0
2025-06-12 13:23:00,40.1
2025-06-12 19:04:00,67.9
2025-06-12 12:53:00,2.8
2025-06-12 17:59:00,71.1
2025-06-12 22:33:00,20.8
2025-06-12 21:03:00,45.7
2025-06-12 02:08:00,49.742524640779
2025-06-12 11:59:00,10.5
2025-06-12 03:22:00,82.6
2025-06-12 19:52:00,38.1
2025-06-12 22:09:00,48.4
2025-06-12 14:03:00,87.8
2025-06-12 21:12:00,88.6
2025-06-12 11:36:00,2.4
2025-06-12 20:48:00,49.742524640779
2025-06-12 10:00:00,69.4
2025-06-12 16:21:00,66.7
2025-06-12 07:18:00,25.8
2025-06-12 16:37:00,53.0
2025-06-12 09:40:00,32.3
2025-06-12 19:46:00,49.742524640779
2025-06-12 13:18:00,54.2
2025-06-12 06:06:00,39.6
2025-06-12 15:21:00,80.4
2025-06-12 22:54:00,12.7
2025-06-12 05:27:00,7.8
2025-06-12 17:25:00,32.4
2025-06-12 03:24:00,46.1
2025-06-12 09:41:00,49.742524640779
2025-06-12 08:55:00,7.1
2025-06-12 15:33:00,5.5
2025-06-12 21:08:00,71.5
2025-06-12 06:07:00,6.4
2025-06-12 02:09:00,34.1
2025-06-12 12:11:00,55.6
2025-06-12 11:54:00,57.7
2025-06-12 17:35:00,48.0
2025-06-12 05:09:00,49.742524640779
2025-06-12 01:46:00,39.8
2025-06-12 18:22:00,95.2
2025-06-12 02:25:00,87.4
2025-06-12 03:47:00,68.1
2025-06-12 15:11:00,86.9
2025-06-12 08:39:00,50.8
2025-06-12 19:05:00,38.5
2025-06-12 14:48:00,85.0
2025-06-12 04:18:00,54.2
2025-06-12 04:35:00,20.0
2025-06-12 04:29:00,73.5
2025-06-12 11:42:00,19.0
2025-06-12 06:09:00,0.2
2025-06-12 07:37:00,27.2
2025-06-12 16:10:00,13.0
2025-06-12 13:08:00,76.0
2025-06-12 19:20:00,79.2
2025-06-12 08:54:00,82.1
2025-06-12 09:42:00,71.3
2025-06-12 20:29:00,12.3
2025-06-12 18:03:00,85.0
2025-06-12 08:18:00,14.8
2025-06-12 20:22:00,49.5
2025-06-12 05:53:00,31.3
2025-06-12 05:33:00,87.3
2025-06-12 23:33:00,53.0
2025-06-12 01:10:00,35.9
2025-06-12 14:21:00,78.9
2025-06-12 19:34:00,39.5
2025-06-12 03:44:00,21.3
2025-06-12 14:36:00,81.3
2025-06-12 12:35:00,57.0
2025-06-12 07:57:00,0.7
2025-06-12 13:46:00,49.742524640779
2025-06-12 13:39:00,52.1
2025-06-12 21:10:00,20.8
2025-06-12 10:23:00,61.7
2025-06-12 06:05:00,22.9
2025-06-12 18:01:00,49.742524640779
2025-06-12 13:04:00,29.1
2025-06-12 01:52:00,91.7
2025-06-12 21:43:00,35.6
2025-06-12 07:06:00,46.1
2025-06-12 10:03:00,49.742524640779
2025-06-12 09:44:00,70.5
2025-06-12 06:13:00,98.3
2025-06-12 11:40:00,13.3
2025-06-12 03:21:00,4.1
2025-06-12 20:27:00,69.0
2025-06-12 23:38:00,70.6
2025-06-12 05:56:00,49.742524640779
2025-06-12 17:00:00,99.3
2025-06-12 23:36:00,93.1
2025-06-12 07:08:00,95.6
2025-06-12 22:23:00,49.742524640779
2025-06-12 23:47:00,49.742524640779
2025-06-12 09:38:00,31.0
2025-06-12 19:19:00,49.742524640779
2025-06-12 03:53:00,45.5
2025-06-12 05:02:00,61.4
2025-06-12 22:18:00,32.1
2025-06-12 11:51:00,36.0
2025-06-12 08:27:00,44.4
2025-06-12 22:21:00,89.5
2025-06-12 03:33:00,89.5
2025-06-12 11:49:00,1.7
2025-06-12 20:51:00,75.3
2025-06-12 05:28:00,3.1
2025-06-12 16:34:00,25.2
2025-06-12 02:46:00,52.8
2025-06-12 23:01:00,49.742524640779
2025-06-12 05:04:00,42.0
2025-06-12 01:34:00,62.3
2025-06-12 14:39:00,69.2
2025-06-12 04:54:00,36.3
2025-06-12 13:38:00,47.4
2025-06-12 01:02:00,49.742524640779
2025-06-12 18:46:00,23.4
2025-06-12 16:35:00,59.1
2025-06-12 21:52:00,40.1
2025-06-12 22:37:00,49.742524640779
2025-06-12 19:36:00,1.1
2025-06-12 15:53:00,96.6
2025-06-12 08:46:00,56.4
2025-06-12 06:45:00,68.2
2025-06-12 00:41:00,53.9
2025-06-12 13:33:00,49.742524640779
2025-06-12 04:42:00,49.742524640779
2025-06-12 03:58:00,3.3
2025-06-12 19:40:00,1.0
2025-06-12 17:55:00,17.3
2025-06-12 23:25:00,49.742524640779
2025-06-12 08:11:00,57.3
2025-06-12 21:20:00,49.742524640779
2025-06-12 17:22:00,92.3
2025-06-12 22:14:00,5.0
2025-06-12 18:00:00,71.6
2025-06-12 15:29:00,29.4
2025-06-12 22:46:00,62.5
2025-06-12 15:35:00,8.8
2025-06-12 06:32:00,56.0
2025-06-12 14:12:00,90.0
2025-06-12 02:44:00,52.8
2025-06-12 16:36:00,37.9
2025-06-12 03:37:00,6.6
2025-06-12 09:47:00,48.0
2025-06-12 12:06:00,85.5
2025-06-12 08:41:00,30.3
2025-06-12 19:31:00,26.4
2025-06-12 18:12:00,49.742524640779
2025-06-12 05:43:00,49.742524640779
2025-06-12 17:49:00,49.0
2025-06-12 13:50:00,49.742524640779
2025-06-12 16:06:00,46.9
2025-06-12 21:04:00,67.9
2025-06-12 13:16:00,20.0
2025-06-12 17:27:00,53.0
2025-06-12 00:12:00,98.2
2025-06-12 13:22:00,71.7
2025-06-12 20:49:00,38.7
2025-06-12 15:31:00,70.0
2025-06-12 01:26:00,22.7
2025-06-12 06:40:00,61.1
2025-06-12 07:43:00,83.8
2025-06-12 08:56:00,41.0
2025-06-12 12:57:00,65.4
2025-06-12 20:08:00,76.2
2025-06-12 07:23:00,49.742524640779
2025-06-12 08:23:00,72.4
2025-06-12 03:14:00,24.5
2025-06-12 04:43:00,49.742524640779
2025-06-12 16:13:00,62.1
2025-06-12 01:22:00,88.6
2025-06-12 01:59:00,49.742524640779
2025-06-12 23:13:00,15.6
2025-06-12 20:31:00,11.9
2025-06-12 15:23:00,10.4
2025-06-12 02:58:00,7.6
2025-06-12 13:55:00,40.2
2025-06-12 11:34:00,49.742524640779
2025-06-12 05:57:00,68.9
2025-06-12 22:24:00,93.2
2025-06-12 02:39:00,60.7
2025-06-12 03:59:00,6.5
2025-06-12 12:12:00,74.4
2025-06-12 09:00:00,50.1
2025-06-12 19:00:00,49.742524640779
2025-06-12 18:17:00,7.2
2025-06-12 16:52:00,6.7
2025-06-12 00:19:00,96.6
2025-06-12 17:52:00,64.7
2025-06-12 01:28:00,97.8
2025-06-12 17:42:00,0.0
2025-06-12 19:57:00,13.2
2025-06-12 18:48:00,95.7
2025-06-12 18:20:00,50.09606761356967
2025-06-12 09:31:00,5.9
2025-06-12 11:35:00,50.09606761356967
2025-06-12 06:50:00,44.9
2025-06-12 15:28:00,77.9
2025-06-12 03:12:00,50.09606761356967
2025-06-12 09:00:00,47.7
2025-06-12 05:31:00,42.1
2025-06-12 20:11:00,21.5
2025-06-12 03:21:00,75.7
2025-06-12 06:02:00,1.8
2025-06-12 11:11:00,70.0
2025-06-12 08:41:00,70.6
2025-06-12 23:17:00,45.2
2025-06-12 21:38:00,19.9
2025-06-12 13:09:00,50.09606761356967
2025-06-12 12:36:00,50.09606761356967
2025-06-12 16:09:00,84.1
2025-06-12 12:29:00,17.0
2025-06-12 13:32:00,53.3
2025-06-12 08:08:00,59.5
2025-06-12 10:24:00,32.5
2025-06-12 01:20:00,42.6
2025-06-12 02:43:00,57.6
2025-06-12 15:38:00,42.5
2025-06-12 15:36:00,59.7
2025-06-12 10:04:00,38.0
2025-06-12 17:38:00,35.5
2025-06-12 16:39:00,70.6
2025-06-12 08:55:00,69.7
2025-06-12 15:41:00,70.6
2025-06-12 02:59:00,50.09606761356967
2025-06-12 23:22:00,3.7
2025-06-12 16:02:00,66.5
2025-06-12 09:15:00,49.9
2025-06-12 07:35:00,94.8
2025-06-12 03:51:00,60.8
2025-06-12 07:47:00,9.7
2025-06-12 21:14:00,50.09606761356967
2025-06-12 07:06:00,33.6
2025-06-12 23:41:00,80.7
2025-06-12 15:10:00,11.6
2025-06-12 11:49:00,86.0
2025-06-12 11:50:00,10.3
2025-06-12 16:06:00,29.6
2025-06-12 04:24:00,50.09606761356967
2025-06-12 00:23:00,34.5
2025-06-12 21:44:00,70.6
2025-06-12 20:52:00,64.7
2025-06-12 09:18:00,56.0
2025-06-12 07:04:00,7.5
2025-06-12 08:43:00,32.6
2025-06-12 22:52:00,38.0
2025-06-12 23:31:00,13.6
2025-06-12 14:46:00,31.7
2025-06-12 02:18:00,34.2
2025-06-12 12:05:00,17.9
2025-06-12 10:45:00,48.6
2025-06-12 00:31:00,50.09606761356967
2025-06-12 11:18:00,94.2
2025-06-12 21:42:00,38.4
2025-06-12 15:52:00,73.4
2025-06-12 18:18:00,74.9
2025-06-12 05:34:00,53.3
2025-06-12 00:16:00,34.7
2025-06-12 16:41:00,6.1
2025-06-12 06:48:00,83.0
2025-06-12 19:37:00,57.5
2025-06-12 01:34:00,29.2
2025-06-12 14:22:00,3.5
2025-06-12 08:49:00,21.9
2025-06-12 23:42:00,68.0
2025-06-12 17:17:00,18.7
2025-06-12 18:50:00,48.5
2025-06-12 05:23:00,94.3
2025-06-12 22:12:00,55.4
2025-06-12 20:16:00,50.09606761356967
2025-06-12 06:07:00,24.6
2025-06-12 13:00:00,29.0
2025-06-12 05:42:00,50.09606761356967
2025-06-12 09:49:00,99.0
2025-06-12 10:47:00,96.4
2025-06-12 05:18:00,47.6
2025-06-12 09:52:00,2.8
2025-06-12 03:15:00,91.5
2025-06-12 21:53:00,17.2
2025-06-12 10:48:00,19.2
2025-06-12 07:02:00,50.09606761356967
2025-06-12 05:48:00,37.6
2025-06-12 03:33:00,79.9
2025-06-12 14:55:00,13.1
2025-06-12 19:27:00,92.8
2025-06-12 10:57:00,80.2
2025-06-12 02:06:00,72.1
2025-06-12 23:55:00,97.2
2025-06-12 23:46:00,51.6
2025-06-12 17:59:00,50.09606761356967
2025-06-12 23:33:00,26.3
2025-06-12 00:46:00,50.09606761356967
2025-06-12 07:09:00,47.7
2025-06-12 16:46:00,60.6
2025-06-12 17:13:00,41.6
2025-06-12 20:43:00,19.0
2025-06-12 01:56:00,56.8
2025-06-12 21:04:00,26.1
2025-06-12 01:47:00,81.7
2025-06-12 07:53:00,24.3
2025-06-12 00:18:00,69.4
2025-06-12 00:24:00,85.0
2025-06-12 04:11:00,53.4
2025-06-12 15:18:00,32.9
2025-06-12 17:23:00,6.8
2025-06-12 18:23:00,59.7
2025-06-12 17:34:00,88.7
2025-06-12 17:31:00,70.9
2025-06-12 12:08:00,46.3
2025-06-12 15:34:00,68.7
2025-06-12 09:06:00,50.09606761356967
2025-06-12 03:22:00,3.1
2025-06-12 10:42:00,50.09606761356967
2025-06-12 04:03:00,57.4
2025-06-12 00:11:00,37.8
2025-06-12 05:17:00,50.09606761356967
2025-06-12 22:49:00,43.7
2025-06-12 19:35:00,5.0
2025-06-12 21:41:00,9.2
2025-06-12 02:46:00,38.9
2025-06-12 01:51:00,61.8
2025-06-12 13:03:00,23.7
2025-06-12 00:04:00,50.09606761356967
2025-06-12 14:18:00,26.6
2025-06-12 19:33:00,47.3
2025-06-12 04:27:00,50.09606761356967
2025-06-12 13:31:00,5.6
2025-06-12 09:10:00,63.6
2025-06-12 15:15:00,69.5
2025-06-12 19:17:00,50.09606761356967
2025-06-12 02:39:00,31.8
2025-06-12 14:43:00,6.0
2025-06-12 12:48:00,50.09606761356967
2025-06-12 19:40:00,79.5
2025-06-12 20:34:00,21.3
2025-06-12 12:24:00,70.7
2025-06-12 18:59:00,50.09606761356967
2025-06-12 10:46:00,71.8
2025-06-12 16:05:00,33.1
2025-06-12 17:00:00,14.8
2025-06-12 13:44:00,51.3
2025-06-12 19:51:00,54.5
2025-06-12 02:02:00,17.0
2025-06-12 19:11:00,27.3
2025-06-12 09:32:00,91.0
2025-06-12 01:19:00,77.8
2025-06-12 21:16:00,57.9
2025-06-12 19:14:00,63.6
2025-06-12 02:47:00,12.6
2025-06-12 00:33:00,24.5
2025-06-12 19:28:00,26.2
2025-06-12 06:49:00,50.09606761356967
2025-06-12 01:06:00,83.3
2025-06-12 10:30:00,44.9
2025-06-12 14:29:00,50.09606761356967
2025-06-12 22:50:00,69.2
2025-06-12 11:39:00,8.8
2025-06-12 04:43:00,35.2
2025-06-12 17:53:00,77.9
2025-06-12 19:31:00,59.4
2025-06-12 12:20:00,85.8
2025-06-12 07:48:00,30.0
2025-06-12 18:33:00,50.09606761356967
2025-06-12 09:21:00,96.6
2025-06-12 11:34:00,57.2
2025-06-12 23:11:00,29.4
2025-06-12 08:26:00,2.0
2025-06-12 04:48:00,18.8
2025-06-12 14:24:00,12.8
2025-06-12 17:06:00,80.8
2025-06-12 20:09:00,34.7
2025-06-12 21:35:00,31.1
2025-06-12 13:49:00,83.3
2025-06-12 20:55:00,24.7
2025-06-12 22:39:00,63.4
2025-06-12 21:43:00,59.8
2025-06-12 08:34:00,13.1
2025-06-12 01:14:00,50.2
2025-06-12 06:30:00,82.9
2025-06-12 13:20:00,50.09606761356967
2025-06-12 21:55:00,17.4
2025-06-12 19:38:00,47.5
2025-06-12 03:23:00,50.09606761356967
2025-06-12 02:55:00,3.3
2025-06-12 10:31:00,84.8
2025-06-12 05:08:00,29.9
2025-06-12 14:41:00,3.5
2025-06-12 11:58:00,38.9
2025-06-12 06:34:00,56.1
2025-06-12 02:29:00,46.9
2025-06-12 09:53:00,37.5
2025-06-12 03:42:00,2.1
2025-06-12 02:58:00,59.4
2025-06-12 09:20:00,50.09606761356967
2025-06-12 10:58:00,50.09606761356967
2025-06-12 02:11:00,51.4
2025-06-12 05:52:00,29.3
2025-06-12 18:53:00,75.1
2025-06-12 04:25:00,98.8
2025-06-12 06:38:00,92.6
2025-06-12 07:58:00,50.09606761356967
2025-06-12 12:04:00,38.3
2025-06-12 12:07:00,50.09606761356967
2025-06-12 00:09:00,15.9
2025-06-12 04:39:00,43.2
2025-06-12 04:36:00,25.4
2025-06-12 02:54:00,71.8
2025-06-12 00:48:00,69.5
2025-06-12 11:57:00,72.7
2025-06-12 22:23:00,76.9
2025-06-12 17:22:00,26.4
2025-06-12 05:19:00,15.3
2025-06-12 00:45:00,5.6
2025-06-12 05:35:00,45.3
2025-06-12 23:47:00,1.5
2025-06-12 00:38:00,51.9
2025-06-12 17:47:00,33.7
2025-06-12 18:49:00,1.7
2025-06-12 14:30:00,14.5
2025-06-12 18:03:00,83.9
2025-06-12 10:29:00,2.4
2025-06-12 16:55:00,25.6
2025-06-12 16:49:00,50.09606761356967
2025-06-12 05:02:00,35.8
2025-06-12 22:08:00,50.09606761356967
2025-06-12 19:54:00,14.2
2025-06-12 05:28:00,75.9
2025-06-12 18:24:00,30.4
2025-06-12 20:06:00,24.3
2025-06-12 02:56:00,72.1
2025-06-12 19:34:00,62.5
2025-06-12 08:21:00,8.0
2025-06-12 19:02:00,40.9
2025-06-12 23:43:00,79.9
2025-06-12 06:21:00,50.09606761356967
2025-06-12 12:10:00,70.4
2025-06-12 23:15:00,25.3
2025-06-12 19:49:00,82.1
2025-06-12 03:55:00,3.4
2025-06-12 07:51:00,4.1
2025-06-12 00:41:00,50.09606761356967
2025-06-12 22:31:00,10.5
2025-06-12 14:07:00,50.09606761356967
2025-06-12 06:45:00,98.5
2025-06-12 23:02:00,85.3
2025-06-12 10:17:00,60.4
2025-06-12 00:34:00,51.4
2025-06-12 18:36:00,83.9
2025-06-12 02:36:00,38.8
2025-06-12 06:43:00,70.5
2025-06-12 21:09:00,97.4
2025-06-12 19:47:00,16.7
2025-06-12 06:31:00,2.2
2025-06-12 17:16:00,62.9
2025-06-12 21:56:00,60.2
2025-06-12 01:07:00,50.09606761356967
2025-06-12 09:16:00,57.8
2025-06-12 17:21:00,50.09606761356967
2025-06-12 20:42:00,80.2
2025-06-12 13:18:00,93.2
2025-06-12 07:39:00,50.09606761356967
2025-06-12 17:12:00,50.09606761356967
2025-06-12 05:33:00,78.6
2025-06-12 12:42:00,10.8
2025-06-12 14:06:00,50.09606761356967
2025-06-12 18:31:00,74.4
2025-06-12 15:08:00,25.5
2025-06-12 11:52:00,98.7
2025-06-12 18:11:00,50.09606761356967
2025-06-12 02:51:00,89.6
2025-06-12 15:17:00,92.7
2025-06-12 12:17:00,4.0
2025-06-12 16:53:00,50.09606761356967
2025-06-12 17:19:00,33.0
2025-06-12 16:48:00,78.2
2025-06-12 16:30:00,37.3
2025-06-12 01:01:00,92.6
2025-06-12 06:18:00,35.7
2025-06-12 18:48:00,33.3
2025-06-12 11:48:00,32.1
2025-06-12 22:32:00,17.7
2025-06-12 20:05:00,39.6
2025-06-12 16:26:00,6.3
2025-06-12 17:40:00,22.0
2025-06-12 09:42:00,10.1
2025-06-12 08:05:00,50.09606761356967
2025-06-12 15:04:00,11.1
2025-06-12 15:27:00,74.9
2025-06-12 08:39:00,49.952608030142464
2025-06-12 03:18:00,52.6
2025-06-12 01:15:00,83.6
2025-06-12 08:07:00,7.2
2025-06-12 09:25:00,22.0
2025-06-12 15:34:00,11.1
2025-06-12 13:16:00,91.6
2025-06-12 11:07:00,69.7
2025-06-12 19:58:00,24.3
2025-06-12 15:07:00,24.5
2025-06-12 15:29:00,60.7
2025-06-12 06:33:00,49.952608030142464
2025-06-12 15:50:00,49.952608030142464
2025-06-12 02:47:00,20.4
2025-06-12 12:32:00,98.3
2025-06-12 22:53:00,86.9
2025-06-12 09:15:00,42.9
2025-06-12 06:42:00,60.5
2025-06-12 02:01:00,76.6
2025-06-12 00:44:00,56.1
2025-06-12 09:11:00,20.9
2025-06-12 20:20:00,17.4
2025-06-12 13:21:00,49.952608030142464
2025-06-12 02:23:00,47.8
2025-06-12 07:25:00,49.952608030142464
2025-06-12 19:05:00,11.9
2025-06-12 16:25:00,66.8
2025-06-12 17:12:00,9.3
2025-06-12 03:11:00,42.1
2025-06-12 23:05:00,49.952608030142464
2025-06-12 13:04:00,65.9
2025-06-12 14:41:00,35.0
2025-06-12 15:06:00,95.5
2025-06-12 00:03:00,72.7
2025-06-12 20:02:00,60.8
2025-06-12 20:04:00,54.7
2025-06-12 14:22:00,49.952608030142464
2025-06-12 05:44:00,10.0
2025-06-12 09:46:00,27.4
2025-06-12 09:52:00,67.6
2025-06-12 05:58:00,86.9
2025-06-12 18:42:00,49.952608030142464
2025-06-12 12:39:00,19.2
2025-06-12 12:20:00,51.9
2025-06-12 03:23:00,39.9
2025-06-12 22:03:00,99.1
2025-06-12 05:14:00,49.952608030142464
2025-06-12 20:46:00,16.7
2025-06-12 07:31:00,49.952608030142464
2025-06-12 18:20:00,22.7
2025-06-12 05:17:00,52.2
2025-06-12 12:22:00,49.952608030142464
2025-06-12 11:21:00,49.952608030142464
2025-06-12 18:13:00,62.9
2025-06-12 17:50:00,14.5
2025-06-12 12:49:00,60.3
2025-06-12 19:32:00,61.5
2025-06-12 05:43:00,56.2
2025-06-12 23:28:00,92.7
2025-06-12 23:44:00,75.2
2025-06-12 19:33:00,49.952608030142464
2025-06-12 10:19:00,8.8
2025-06-12 10:56:00,59.8
2025-06-12 07:20:00,94.6
2025-06-12 04:46:00,66.2
2025-06-12 01:22:00,87.2
2025-06-12 09:30:00,5.8
2025-06-12 10:38:00,47.1
2025-06-12 06:31:00,15.1
2025-06-12 19:44:00,22.7
2025-06-12 07:02:00,15.9
2025-06-12 22:19:00,34.8
2025-06-12 08:05:00,69.0
2025-06-12 03:42:00,36.5
2025-06-12 12:45:00,51.3
2025-06-12 07:23:00,91.4
2025-06-12 22:37:00,33.9
2025-06-12 11:31:00,30.0
2025-06-12 06:59:00,10.1
2025-06-12 16:33:00,27.3
2025-06-12 01:40:00,12.7
2025-06-12 18:34:00,81.8
2025-06-12 04:36:00,60.3
2025-06-12 19:00:00,46.0
2025-06-12 13:57:00,59.3
2025-06-12 02:26:00,30.0
2025-06-12 08:56:00,85.3
2025-06-12 10:57:00,65.9
2025-06-12 03:53:00,62.2
2025-06-12 18:55:00,49.952608030142464
2025-06-12 00:04:00,55.3
2025-06-12 16:46:00,24.7
2025-06-12 07:01:00,79.3
2025-06-12 18:15:00,62.2
2025-06-12 08:24:00,17.5
2025-06-12 00:38:00,29.3
2025-06-12 14:01:00,63.3
2025-06-12 10:40:00,26.6
2025-06-12 05:41:00,81.6
2025-06-12 08:13:00,55.9
2025-06-12 06:57:00,95.9
2025-06-12 02:07:00,16.9
2025-06-12 21:24:00,78.1
2025-06-12 13:37:00,32.5
2025-06-12 19:36:00,9.6
2025-06-12 22:20:00,13.8
2025-06-12 15:24:00,49.952608030142464
2025-06-12 09:10:00,87.9
2025-06-12 04:27:00,39.5
2025-06-12 18:36:00,94.1
2025-06-12 14:21:00,62.8
2025-06-12 05:53:00,92.5
2025-06-12 22:47:00,8.5
2025-06-12 14:12:00,77.3
2025-06-12 10:41:00,49.952608030142464
2025-06-12 21:13:00,48.5
2025-06-12 22:46:00,55.5
2025-06-12 19:31:00,76.2
2025-06-12 15:21:00,22.1
2025-06-12 04:26:00,86.0
2025-06-12 09:20:00,54.5
2025-06-12 23:13:00,19.3
2025-06-12 20:47:00,30.5
2025-06-12 09:43:00,24.2
2025-06-12 19:04:00,19.2
2025-06-12 02:36:00,67.2
2025-06-12 08:00:00,85.1
2025-06-12 01:13:00,83.0
2025-06-12 08:51:00,47.0
2025-06-12 10:29:00,26.0
2025-06-12 14:46:00,49.952608030142464
2025-06-12 04:03:00,76.6
2025-06-12 17:00:00,49.952608030142464
2025-06-12 22:27:00,54.7
2025-06-12 03:57:00,31.0
2025-06-12 15:15:00,23.2
2025-06-12 11:34:00,54.5
2025-06-12 02:03:00,20.2
2025-06-12 00:24:00,86.2
2025-06-12 07:00:00,13.0
2025-06-12 08:42:00,49.952608030142464
2025-06-12 02:16:00,9.6
2025-06-12 05:39:00,13.8
2025-06-12 22:42:00,41.6
2025-06-12 18:22:00,88.3
2025-06-12 14:25:00,55.2
2025-06-12 01:18:00,10.6
2025-06-12 04:57:00,92.2
2025-06-12 08:25:00,24.7
2025-06-12 22:59:00,84.6
2025-06-12 05:47:00,7.3
2025-06-12 03:43:00,71.9
2025-06-12 01:02:00,32.1
2025-06-12 23:29:00,32.8
2025-06-12 19:55:00,79.2
2025-06-12 06:18:00,36.4
2025-06-12 17:27:00,96.9
2025-06-12 18:49:00,23.5
2025-06-12 01:36:00,66.1
2025-06-12 15:00:00,15.7
2025-06-12 22:14:00,65.3
2025-06-12 17:54:00,51.9
2025-06-12 18:03:00,68.3
2025-06-12 13:54:00,84.6
2025-06-12 17:35:00,57.9
2025-06-12 17:56:00,15.1
2025-06-12 09:19:00,89.9
2025-06-12 18:08:00,0.9
2025-06-12 18:23:00,3.6
2025-06-12 06:03:00,27.9
2025-06-12 04:50:00,92.1
2025-06-12 19:46:00,1.5
2025-06-12 01:31:00,9.7
2025-06-12 14:17:00,49.952608030142464
2025-06-12 22:40:00,38.0
2025-06-12 04:59:00,69.6
2025-06-12 10:33:00,50.7
2025-06-12 02:45:00,79.3
2025-06-12 04:09:00,93.0
2025-06-12 18:28:00,85.0
2025-06-12 04:30:00,91.7
2025-06-12 20:56:00,82.8
2025-06-12 04:40:00,59.7
2025-06-12 22:45:00,49.952608030142464
2025-06-12 18:46:00,35.0
2025-06-12 18:37:00,58.3
2025-06-12 15:36:00,49.952608030142464
2025-06-12 21:54:00,27.3
2025-06-12 15:14:00,95.1
2025-06-12 09:57:00,83.7
2025-06-12 03:00:00,49.952608030142464
2025-06-12 00:29:00,49.952608030142464
2025-06-12 04:51:00,17.1
2025-06-12 11:44:00,69.0
2025-06-12 11:18:00,58.4
2025-06-12 03:25:00,42.2
2025-06-12 07:41:00,94.8
2025-06-12 22:28:00,66.8
2025-06-12 02:11:00,49.952608030142464
2025-06-12 21:05:00,0.6
2025-06-12 20:36:00,88.9
2025-06-12 17:39:00,87.2
2025-06-12 02:54:00,70.2
2025-06-12 16:29:00,49.952608030142464
2025-06-12 00:58:00,49.952608030142464
2025-06-12 02:08:00,85.1
2025-06-12 19:03:00,48.6
2025-06-12 11:58:00,49.952608030142464
2025-06-12 02:24:00,77.3
2025-06-12 18:59:00,34.5
2025-06-12 15:03:00,88.3
2025-06-12 22:57:00,76.2
2025-06-12 00:05:00,49.952608030142464
2025-06-12 15:44:00,35.7
2025-06-12 11:20:00,25.2
2025-06-12 18:53:00,27.9
2025-06-12 19:47:00,34.1
2025-06-12 12:51:00,27.8
2025-06-12 02:04:00,49.952608030142464
2025-06-12 08:52:00,99.3
2025-06-12 18:27:00,5.0
2025-06-12 22:16:00,49.952608030142464
2025-06-12 20:52:00,49.952608030142464
2025-06-12 01:09:00,87.0
2025-06-12 16:54:00,50.8
2025-06-12 18:39:00,21.5
2025-06-12 22:33:00,42.4
2025-06-12 04:14:00,27.9
2025-06-12 17:01:00,49.952608030142464
2025-06-12 10:05:00,38.2
2025-06-12 19:43:00,49.952608030142464
2025-06-12 02:12:00,4.7
2025-06-12 02:41:00,49.952608030142464
2025-06-12 21:38:00,49.952608030142464
2025-06-12 11:47:00,49.952608030142464
2025-06-12 21:57:00,22.1
2025-06-12 21:09:00,15.5
2025-06-12 08:17:00,6.9
2025-06-12 13:51:00,34.8
2025-06-12 10:32:00,84.7
2025-06-12 16:53:00,95.5
2025-06-12 02:37:00,79.5
2025-06-12 01:30:00,70.2
2025-06-12 15:02:00,0.7
2025-06-12 07:28:00,5.4
2025-06-12 20:35:00,9.6
2025-06-12 05:26:00,10.3
2025-06-12 05:31:00,12.0
2025-06-12 16:07:00,77.6
2025-06-12 04:48:00,10.5
2025-06-12 09:05:00,76.1
2025-06-12 16:24:00,49.952608030142464
2025-06-12 18:56:00,27.2
2025-06-12 10:39:00,85.9
2025-06-12 15:35:00,24.9
2025-06-12 21:25:00,85.1
2025-06-12 00:16:00,5.9
2025-06-12 12:30:00,45.7
2025-06-12 20:19:00,88.0
2025-06-12 12:13:00,49.952608030142464
2025-06-12 17:51:00,84.3
2025-06-12 18:07:00,21.5
2025-06-12 18:48:00,14.2
2025-06-12 20:33:00,3.7
2025-06-12 06:56:00,79.6
2025-06-12 08:22:00,18.7
2025-06-12 02:48:00,20.6
2025-06-12 03:32:00,28.4
2025-06-12 21:18:00,49.952608030142464
2025-06-12 08:14:00,12.2
2025-06-12 03:07:00,47.7
2025-06-12 14:08:00,77.6
2025-06-12 03:52:00,28.1
2025-06-12 03:10:00,61.4
2025-06-12 00:07:00,82.0
2025-06-12 15:39:00,32.9
2025-06-12 09:37:00,97.9
2025-06-12 18:13:00,29.2
2025-06-12 06:41:00,50.21640523646657
2025-06-12 21:30:00,27.3
2025-06-12 16:21:00,50.21640523646657
2025-06-12 17:38:00,50.21640523646657
2025-06-12 17:00:00,40.3
2025-06-12 02:53:00,93.0
2025-06-12 14:21:00,82.4
2025-06-12 05:45:00,29.4
2025-06-12 18:41:00,59.0
2025-06-12 02:41:00,8.2
2025-06-12 19:55:00,64.1
2025-06-12 00:51:00,93.0
2025-06-12 06:36:00,90.5
2025-06-12 21:20:00,26.0
2025-06-12 15:23:00,76.1
2025-06-12 16:55:00,78.8
2025-06-12 21:42:00,69.5
2025-06-12 15:24:00,18.9
2025-06-12 00:19:00,38.3
2025-06-12 15:47:00,7.8
2025-06-12 13:26:00,55.6
2025-06-12 22:17:00,66.5
2025-06-12 04:26:00,18.8
2025-06-12 00:22:00,91.0
2025-06-12 18:10:00,93.6
2025-06-12 22:14:00,50.21640523646657
2025-06-12 15:50:00,50.21640523646657
2025-06-12 21:34:00,92.1
2025-06-12 21:37:00,97.7
2025-06-12 01:38:00,1.4
2025-06-12 01:51:00,36.8
2025-06-12 18:21:00,16.4
2025-06-12 04:32:00,50.21640523646657
2025-06-12 21:55:00,82.9
2025-06-12 04:27:00,76.5
2025-06-12 00:58:00,34.2
2025-06-12 20:08:00,94.4
2025-06-12 20:11:00,50.21640523646657
2025-06-12 10:52:00,80.4
2025-06-12 09:55:00,50.21640523646657
2025-06-12 03:00:00,97.9
2025-06-12 13:29:00,86.4
2025-06-12 00:38:00,76.4
2025-06-12 10:04:00,50.21640523646657
2025-06-12 23:37:00,99.2
2025-06-12 18:39:00,68.1
2025-06-12 20:52:00,4.6
2025-06-12 02:12:00,36.9
2025-06-12 14:03:00,50.21640523646657
2025-06-12 11:03:00,77.8
2025-06-12 08:17:00,11.2
2025-06-12 19:42:00,91.1
2025-06-12 14:37:00,9.6
2025-06-12 13:35:00,50.21640523646657
2025-06-12 06:20:00,26.5
2025-06-12 23:09:00,44.6
2025-06-12 05:23:00,34.4
2025-06-12 03:08:00,36.1
2025-06-12 11:11:00,50.21640523646657
2025-06-12 23:30:00,40.3
2025-06-12 07:41:00,19.0
2025-06-12 15:38:00,52.7
2025-06-12 00:31:00,66.7
2025-06-12 14:33:00,83.1
2025-06-12 03:07:00,16.8
2025-06-12 12:40:00,41.1
2025-06-12 12:20:00,50.21640523646657
2025-06-12 22:13:00,17.1
2025-06-12 08:07:00,55.2
2025-06-12 14:25:00,9.4
2025-06-12 03:19:00,50.21640523646657
2025-06-12 01:02:00,50.21640523646657
2025-06-12 01:10:00,26.8
2025-06-12 11:36:00,50.21640523646657
2025-06-12 23:16:00,70.2
2025-06-12 23:32:00,60.0
2025-06-12 00:03:00,64.0
2025-06-12 00:27:00,31.5
2025-06-12 06:08:00,75.9
2025-06-12 22:53:00,71.5
2025-06-12 09:42:00,92.7
2025-06-12 10:29:00,35.2
2025-06-12 08:24:00,40.8
2025-06-12 22:18:00,46.6
2025-06-12 05:12:00,81.1
2025-06-12 03:14:00,75.1
2025-06-12 23:17:00,50.21640523646657
2025-06-12 21:41:00,50.21640523646657
2025-06-12 11:58:00,50.21640523646657
2025-06-12 19:00:00,54.8
2025-06-12 11:12:00,30.2
2025-06-12 13:36:00,18.8
2025-06-12 18:12:00,13.4
2025-06-12 03:39:00,50.21640523646657
2025-06-12 12:21:00,51.6
2025-06-12 06:59:00,11.9
2025-06-12 06:21:00,30.9
2025-06-12 03:18:00,97.4
2025-06-12 17:18:00,81.8
2025-06-12 19:16:00,70.3
2025-06-12 21:24:00,98.3
2025-06-12 22:51:00,24.6
2025-06-12 10:55:00,30.8
2025-06-12 19:03:00,57.0
2025-06-12 02:03:00,40.0
2025-06-12 16:41:00,30.6
2025-06-12 01:20:00,21.5
2025-06-12 05:14:00,90.3
2025-06-12 13:12:00,23.5
2025-06-12 19:39:00,72.9
2025-06-12 06:28:00,50.21640523646657
2025-06-12 15:54:00,44.3
2025-06-12 16:17:00,60.4
2025-06-12 19:23:00,0.1
2025-06-12 19:25:00,28.9
2025-06-12 16:43:00,50.21640523646657
2025-06-12 11:49:00,36.1
2025-06-12 09:50:00,50.21640523646657
2025-06-12 00:33:00,68.0
2025-06-12 05:09:00,50.21640523646657
2025-06-12 16:48:00,36.0
2025-06-12 18:52:00,97.5
2025-06-12 08:28:00,76.1
2025-06-12 08:09:00,14.6
2025-06-12 11:13:00,10.1
2025-06-12 13:51:00,11.9
2025-06-12 16:53:00,91.6
2025-06-12 01:59:00,56.1
2025-06-12 03:09:00,67.4
2025-06-12 07:36:00,50.21640523646657
2025-06-12 14:12:00,47.6
2025-06-12 11:33:00,12.8
2025-06-12 07:01:00,50.21640523646657
2025-06-12 17:01:00,84.1
2025-06-12 00:05:00,50.21640523646657
2025-06-12 20:21:00,81.4
2025-06-12 08:46:00,94.7
2025-06-12 10:36:00,50.21640523646657
2025-06-12 04:52:00,50.21640523646657
2025-06-12 14:48:00,71.5
2025-06-12 02:17:00,89.6
2025-06-12 16:37:00,51.8
2025-06-12 12:54:00,63.7
2025-06-12 12:04:00,50.21640523646657
2025-06-12 06:46:00,82.2
2025-06-12 13:33:00,59.0
2025-06-12 21:48:00,33.4
2025-06-12 16:27:00,76.2
2025-06-12 03:41:00,27.6
2025-06-12 17:09:00,88.9
2025-06-12 21:18:00,37.4
2025-06-12 16:22:00,61.0
2025-06-12 06:56:00,40.9
2025-06-12 00:30:00,2.6
2025-06-12 14:36:00,82.3
2025-06-12 23:36:00,79.7
2025-06-12 21:16:00,26.5
2025-06-12 08:58:00,50.21640523646657
2025-06-12 22:41:00,58.8
2025-06-12 07:07:00,60.3
2025-06-12 19:11:00,65.2
2025-06-12 06:13:00,50.21640523646657
2025-06-12 03:13:00,24.0
2025-06-12 16:26:00,67.6
2025-06-12 17:46:00,9.4
2025-06-12 04:17:00,22.8
2025-06-12 01:21:00,45.0
2025-06-12 11:07:00,2.1
2025-06-12 01:45:00,42.1
2025-06-12 07:48:00,7.3
2025-06-12 01:32:00,50.21640523646657
2025-06-12 20:31:00,17.7
2025-06-12 05:32:00,13.6
2025-06-12 15:44:00,50.6
2025-06-12 23:27:00,62.6
2025-06-12 09:03:00,97.6
2025-06-12 21:44:00,75.4
2025-06-12 05:44:00,83.1
2025-06-12 02:02:00,96.9
2025-06-12 22:26:00,6.0
2025-06-12 17:58:00,5.8
2025-06-12 03:55:00,24.5
2025-06-12 10:47:00,50.21640523646657
2025-06-12 17:45:00,50.21640523646657
2025-06-12 19:50:00,50.21640523646657
2025-06-12 04:11:00,87.0
2025-06-12 19:35:00,64.1
2025-06-12 09:14:00,38.3
2025-06-12 06:57:00,46.0
2025-06-12 12:24:00,3.6
2025-06-12 05:58:00,24.2
2025-06-12 02:00:00,34.7
2025-06-12 21:52:00,48.9
2025-06-12 15:22:00,72.1
2025-06-12 19:45:00,16.0
2025-06-12 07:57:00,64.3
2025-06-12 08:05:00,78.1
2025-06-12 09:01:00,50.21640523646657
2025-06-12 12:46:00,54.4
2025-06-12 15:30:00,11.4
2025-06-12 18:08:00,85.2
2025-06-12 01:37:00,46.6
2025-06-12 03:35:00,60.1
2025-06-12 09:02:00,18.6
2025-06-12 01:35:00,70.8
2025-06-12 02:52:00,5.4
2025-06-12 23:19:00,31.5
2025-06-12 20:59:00,58.1
2025-06-12 19:36:00,42.8
2025-06-12 01:07:00,46.9
2025-06-12 17:24:00,3.7
2025-06-12 10:31:00,9.8
2025-06-12 05:02:00,98.3
2025-06-12 21:49:00,12.0
2025-06-12 15:29:00,81.3
2025-06-12 03:24:00,97.6
2025-06-12 07:16:00,22.4
2025-06-12 14:34:00,31.6
2025-06-12 19:01:00,50.21640523646657
2025-06-12 21:21:00,76.2
2025-06-12 15:10:00,4.5
2025-06-12 15:59:00,63.9
2025-06-12 13:19:00,41.1
2025-06-12 13:41:00,40.1
2025-06-12 07:09:00,50.21640523646657
2025-06-12 03:56:00,90.4
2025-06-12 02:45:00,99.2
2025-06-12 07:46:00,50.21640523646657
2025-06-12 08:29:00,50.21640523646657
2025-06-12 23:08:00,78.6
2025-06-12 16:09:00,85.4
2025-06-12 11:16:00,32.4
2025-06-12 04:48:00,50.21640523646657
2025-06-12 09:48:00,28.0
2025-06-12 03:21:00,55.7
2025-06-12 04:25:00,50.21640523646657
2025-06-12 07:03:00,93.4
2025-06-12 21:22:00,86.8
2025-06-12 09:13:00,96.3
2025-06-12 16:56:00,30.3
2025-06-12 21:59:00,19.1
2025-06-12 22:09:00,50.21640523646657
2025-06-12 22:23:00,77.9
2025-06-12 12:06:00,50.21640523646657
2025-06-12 07:28:00,25.0
2025-06-12 13:52:00,80.2
2025-06-12 00:52:00,32.2
2025-06-12 22:42:00,54.1
2025-06-12 17:20:00,3.4
2025-06-12 17:56:00,51.7
2025-06-12 08:12:00,50.21640523646657
2025-06-12 21:15:00,91.0
2025-06-12 09:52:00,19.6
2025-06-12 23:41:00,50.9
2025-06-12 05:10:00,87.8
2025-06-12 00:44:00,50.21640523646657
2025-06-12 12:48:00,60.1
2025-06-12 11:56:00,34.5
2025-06-12 12:01:00,70.1
2025-06-12 20:51:00,54.3
2025-06-12 08:59:00,61.1
2025-06-12 20:46:00,71.7
2025-06-12 14:13:00,46.5
2025-06-12 17:22:00,92.7
2025-06-12 09:33:00,81.4
2025-06-12 17:53:00,76.0
2025-06-12 17:39:00,92.6
2025-06-12 20:24:00,40.5
2025-06-12 19:59:00,79.2
2025-06-12 23:42:00,45.0
2025-06-12 18:16:00,17.0
2025-06-12 01:52:00,42.6
2025-06-12 10:23:00,42.7
2025-06-12 06:23:00,21.0
2025-06-12 06:12:00,56.1
2025-06-12 19:51:00,50.21640523646657
2025-06-12 22:44:00,50.21640523646657
2025-06-12 04:33:00,46.2
2025-06-12 18:47:00,91.5
2025-06-12 23:52:00,34.9
2025-06-12 00:35:00,90.2
2025-06-12 16:24:00,28.1
2025-06-12 02:56:00,22.1
2025-06-12 01:47:00,13.3
2025-06-12 01:26:00,92.2
2025-06-12 10:01:00,66.6
2025-06-12 18:56:00,4.9
2025-06-12 18:38:00,62.5
2025-06-12 10:11:00,39.0
2025-06-12 13:39:00,50.21640523646657
2025-06-12 00:40:00,14.7
2025-06-12 15:27:00,56.6
2025-06-12 22:00:00,66.8
2025-06-12 09:36:00,92.5
2025-06-12 02:40:00,22.3
2025-06-12 06:49:00,61.0
2025-06-12 11:17:00,59.7
2025-06-12 23:18:00,32.0
2025-06-12 18:42:00,3.4
2025-06-12 09:45:00,63.7
2025-06-12 21:31:00,8.0
2025-06-12 02:22:00,90.9
2025-06-12 15:16:00,49.70408187272085
2025-06-12 21:16:00,98.2
2025-06-12 14:06:00,93.2
2025-06-12 08:28:00,77.3
2025-06-12 04:54:00,31.3
2025-06-12 02:49:00,19.7
2025-06-12 02:08:00,49.70408187272085
2025-06-12 00:32:00,22.6
2025-06-12 04:47:00,80.3
2025-06-12 13:18:00,44.9
2025-06-12 15:06:00,79.1
2025-06-12 04:15:00,66.0
2025-06-12 23:13:00,72.8
2025-06-12 05:30:00,94.4
2025-06-12 13:56:00,80.3
2025-06-12 17:18:00,57.9
2025-06-12 10:58:00,56.4
2025-06-12 06:52:00,49.70408187272085
2025-06-12 16:32:00,49.9
2025-06-12 22:23:00,97.5
2025-06-12 19:41:00,55.6
2025-06-12 21:41:00,49.70408187272085
2025-06-12 10:55:00,3.9
2025-06-12 14:40:00,46.0
2025-06-12 18:35:00,8.8
2025-06-12 14:10:00,77.6
2025-06-12 20:28:00,58.3
2025-06-12 11:02:00,72.7
2025-06-12 03:31:00,64.3
2025-06-12 07:37:00,49.70408187272085
2025-06-12 23:02:00,10.4
2025-06-12 08:04:00,75.1
2025-06-12 10:51:00,70.3
2025-06-12 21:18:00,9.5
2025-06-12 15:48:00,60.5
2025-06-12 10:26:00,49.70408187272085
2025-06-12 19:24:00,97.1
2025-06-12 20:58:00,49.70408187272085
2025-06-12 21:56:00,43.9
2025-06-12 20:21:00,32.1
2025-06-12 03:42:00,31.1
2025-06-12 15:10:00,29.0
2025-06-12 21:22:00,32.2
2025-06-12 03:06:00,49.70408187272085
2025-06-12 04:00:00,4.4
2025-06-12 08:37:00,20.5
2025-06-12 12:57:00,51.7
2025-06-12 19:53:00,24.5
2025-06-12 03:50:00,56.0
2025-06-12 04:56:00,9.8
2025-06-12 05:53:00,76.7
2025-06-12 19:29:00,49.3
2025-06-12 16:24:00,82.9
2025-06-12 09:39:00,92.2
2025-06-12 10:41:00,49.70408187272085
2025-06-12 05:19:00,46.1
2025-06-12 19:59:00,78.5
2025-06-12 14:12:00,49.70408187272085
2025-06-12 14:16:00,78.4
2025-06-12 02:40:00,49.70408187272085
2025-06-12 00:46:00,56.2
2025-06-12 22:31:00,96.1
2025-06-12 05:08:00,19.7
2025-06-12 04:01:00,14.7
2025-06-12 15:30:00,36.8
2025-06-12 02:38:00,55.1
2025-06-12 20:17:00,96.1
2025-06-12 02:59:00,86.0
2025-06-12 09:46:00,94.7
2025-06-12 14:22:00,46.8
2025-06-12 01:07:00,50.0
2025-06-12 00:37:00,49.70408187272085
2025-06-12 12:53:00,10.3
2025-06-12 23:46:00,47.9
2025-06-12 13:05:00,0.6
2025-06-12 18:19:00,35.1
2025-06-12 04:57:00,22.2
2025-06-12 04:31:00,42.4
2025-06-12 20:25:00,73.7
2025-06-12 23:05:00,89.1
2025-06-12 07:12:00,71.3
2025-06-12 03:20:00,43.0
2025-06-12 18:00:00,91.4
2025-06-12 22:17:00,58.8
2025-06-12 14:43:00,49.70408187272085
2025-06-12 23:40:00,26.7
2025-06-12 05:54:00,8.3
2025-06-12 03:24:00,64.3
2025-06-12 17:29:00,49.70408187272085
2025-06-12 12:54:00,64.8
2025-06-12 13:22:00,49.70408187272085
2025-06-12 21:49:00,64.6
2025-06-12 06:05:00,65.6
2025-06-12 03:29:00,49.70408187272085
2025-06-12 23:21:00,49.70408187272085
2025-06-12 05:05:00,81.4
2025-06-12 23:25:00,27.7
2025-06-12 13:52:00,35.1
2025-06-12 06:40:00,61.2
2025-06-12 21:51:00,56.7
2025-06-12 17:22:00,47.0
2025-06-12 13:36:00,31.3
2025-06-12 21:29:00,28.8
2025-06-12 20:36:00,48.0
2025-06-12 12:16:00,3.0
2025-06-12 21:08:00,78.2
2025-06-12 12:50:00,81.0
2025-06-12 14:27:00,97.6
2025-06-12 04:40:00,77.5
2025-06-12 13:33:00,54.3
2025-06-12 20:07:00,17.5
2025-06-12 16:37:00,72.9
2025-06-12 18:32:00,88.4
2025-06-12 20:13:00,49.70408187272085
2025-06-12 00:56:00,0.5
2025-06-12 07:39:00,35.1
2025-06-12 03:16:00,56.8
2025-06-12 12:10:00,90.3
2025-06-12 22:56:00,49.70408187272085
2025-06-12 03:47:00,49.70408187272085
2025-06-12 20:01:00,23.8
2025-06-12 19:13:00,87.9
2025-06-12 06:41:00,49.70408187272085
2025-06-12 03:26:00,67.9
2025-06-12 22:48:00,50.6
2025-06-12 15:32:00,61.3
2025-06-12 08:15:00,74.5
2025-06-12 21:54:00,19.6
2025-06-12 04:14:00,91.0
2025-06-12 21:58:00,49.70408187272085
2025-06-12 23:35:00,49.70408187272085
2025-06-12 20:16:00,12.5
2025-06-12 03:59:00,19.3
2025-06-12 08:26:00,49.70408187272085
2025-06-12 03:12:00,47.3
2025-06-12 14:11:00,61.5
2025-06-12 13:04:00,5.3
2025-06-12 22:33:00,50.6
2025-06-12 01:05:00,82.6
2025-06-12 09:04:00,66.8
2025-06-12 12:52:00,49.70408187272085
2025-06-12 18:16:00,47.9
2025-06-12 03:44:00,63.8
2025-06-12 13:35:00,34.9
2025-06-12 15:23:00,86.2
2025-06-12 15:27:00,41.1
2025-06-12 02:03:00,0.8
2025-06-12 07:09:00,56.8
2025-06-12 10:09:00,31.1
2025-06-12 10:18:00,50.3
2025-06-12 06:21:00,96.0
2025-06-12 19:23:00,43.7
2025-06-12 15:29:00,49.70408187272085
2025-06-12 00:45:00,49.70408187272085
2025-06-12 04:48:00,24.9
2025-06-12 07:44:00,9.7
2025-06-12 05:52:00,31.8
2025-06-12 23:14:00,2.6
2025-06-12 04:24:00,49.70408187272085
2025-06-12 05:18:00,54.7
2025-06-12 05:07:00,76.4
2025-06-12 03:37:00,49.6
2025-06-12 13:47:00,63.6
2025-06-12 18:36:00,67.8
2025-06-12 06:29:00,56.0
2025-06-12 04:06:00,91.1
2025-06-12 03:49:00,61.9
2025-06-12 17:36:00,18.7
2025-06-12 00:59:00,77.3
2025-06-12 11:20:00,58.7
2025-06-12 07:11:00,29.1
2025-06-12 06:04:00,56.9
2025-06-12 22:18:00,13.5
2025-06-12 22:26:00,24.6
2025-06-12 01:58:00,49.70408187272085
2025-06-12 03:51:00,34.0
2025-06-12 22:44:00,2.6
2025-06-12 23:52:00,20.7
2025-06-12 05:09:00,1.9
2025-06-12 12:44:00,82.4
2025-06-12 01:53:00,10.7
2025-06-12 04:23:00,49.70408187272085
2025-06-12 05:33:00,61.2
2025-06-12 13:14:00,3.2
2025-06-12 22:50:00,49.70408187272085
2025-06-12 06:23:00,90.1
2025-06-12 07:21:00,4.5
2025-06-12 11:15:00,49.70408187272085
2025-06-12 20:48:00,19.9
2025-06-12 19:43:00,49.70408187272085
2025-06-12 07:50:00,25.2
2025-06-12 17:39:00,27.3
2025-06-12 06:22:00,16.6
2025-06-12 17:21:00,39.7
2025-06-12 06:31:00,34.8
2025-06-12 08:57:00,87.2
2025-06-12 20:20:00,49.70408187272085
2025-06-12 14:58:00,37.2
2025-06-12 16:14:00,34.2
2025-06-12 09:07:00,6.8
2025-06-12 06:59:00,88.6
2025-06-12 01:45:00,49.70408187272085
2025-06-12 17:25:00,33.1
2025-06-12 06:12:00,49.70408187272085
2025-06-12 12:40:00,70.5
2025-06-12 17:17:00,85.6
2025-06-12 18:51:00,13.3
2025-06-12 08:29:00,49.70408187272085
2025-06-12 08:16:00,26.0
2025-06-12 18:38:00,8.8
2025-06-12 12:34:00,42.8
2025-06-12 11:57:00,73.4
2025-06-12 10:21:00,60.0
2025-06-12 01:20:00,28.4
2025-06-12 00:03:00,89.4
2025-06-12 03:35:00,76.9
2025-06-12 18:15:00,58.6
2025-06-12 20:59:00,59.1
2025-06-12 17:52:00,22.7
2025-06-12 18:47:00,7.3
2025-06-12 02:54:00,33.2
2025-06-12 17:04:00,28.8
2025-06-12 17:43:00,49.70408187272085
2025-06-12 23:36:00,64.3
2025-06-12 05:14:00,14.8
2025-06-12 00:12:00,35.8
2025-06-12 00:14:00,49.70408187272085
2025-06-12 01:50:00,18.1
2025-06-12 03:25:00,19.0
2025-06-12 15:55:00,6.2
2025-06-12 11:51:00,10.1
2025-06-12 13:17:00,47.4
2025-06-12 04:35:00,53.5
2025-06-12 01:48:00,83.2
2025-06-12 11:44:00,16.9
2025-06-12 22:38:00,2.4
2025-06-12 12:00:00,27.3
2025-06-12 06:03:00,75.6
2025-06-12 19:15:00,49.70408187272085
2025-06-12 01:10:00,49.70408187272085
2025-06-12 16:01:00,13.1
2025-06-12 10:06:00,22.5
2025-06-12 13:29:00,40.6
2025-06-12 04:28:00,3.8
2025-06-12 17:45:00,51.3
2025-06-12 14:57:00,26.1
2025-06-12 21:26:00,7.9
2025-06-12 07:41:00,49.70408187272085
2025-06-12 16:38:00,79.6
2025-06-12 03:23:00,49.70408187272085
2025-06-12 15:34:00,4.9
2025-06-12 02:13:00,73.2
2025-06-12 18:25:00,0.2
2025-06-12 18:58:00,15.7
2025-06-12 09:55:00,85.3
2025-06-12 00:30:00,33.3
2025-06-12 04:43:00,55.9
2025-06-12 16:26:00,68.9
2025-06-12 12:36:00,87.1
2025-06-12 16:55:00,92.2
2025-06-12 22:08:00,92.3
2025-06-12 08:08:00,15.3
2025-06-12 06:01:00,94.4
2025-06-12 08:19:00,55.7
2025-06-12 18:43:00,69.1
2025-06-12 08:56:00,84.0
2025-06-12 08:48:00,91.0
2025-06-12 04:37:00,1.6
2025-06-12 04:30:00,55.7
2025-06-12 01:17:00,49.70408187272085
2025-06-12 06:57:00,88.9
2025-06-12 16:36:00,8.8
2025-06-12 00:40:00,56.4
2025-06-12 16:35:00,13.9
2025-06-12 22:21:00,23.8
2025-06-12 22:35:00,14.9
2025-06-12 04:51:00,39.6
2025-06-12 14:04:00,49.3
2025-06-12 16:16:00,49.70408187272085
2025-06-12 16:54:00,59.6
2025-06-12 17:31:00,4.2
2025-06-12 02:50:00,9.9
2025-06-12 13:39:00,49.70408187272085
2025-06-12 14:14:00,4.8
2025-06-12 08:32:00,59.4
2025-06-12 03:14:00,58.1
2025-06-12 17:35:00,50.4
2025-06-12 22:42:00,15.6
2025-06-12 18:37:00,6.2
2025-06-12 20:34:00,59.0
2025-06-12 22:40:00,38.4
2025-06-12 14:18:00,58.7
2025-06-12 08:41:00,85.8
2025-06-12 00:35:00,85.6
2025-06-12 09:40:00,15.3
2025-06-12 23:08:00,14.1
2025-06-12 07:05:00,32.2
2025-06-12 15:41:00,98.8
2025-06-12 22:03:00,62.3
2025-06-12 02:46:00,50.1110094970102
2025-06-12 16:43:00,50.1110094970102
2025-06-12 13:37:00,64.2
2025-06-12 19:28:00,50.1110094970102
2025-06-12 15:35:00,77.9
2025-06-12 08:56:00,83.3
2025-06-12 02:19:00,67.8
2025-06-12 01:07:00,17.3
2025-06-12 13:45:00,73.5
2025-06-12 09:56:00,85.6
2025-06-12 19:25:00,82.4
2025-06-12 04:16:00,24.0
2025-06-12 09:21:00,68.8
2025-06-12 19:13:00,9.4
2025-06-12 06:48:00,47.8
2025-06-12 09:04:00,50.1110094970102
2025-06-12 23:47:00,99.5
2025-06-12 09:07:00,52.3
2025-06-12 17:24:00,94.4
2025-06-12 14:16:00,81.0
2025-06-12 02:12:00,19.3
2025-06-12 19:54:00,3.5
2025-06-12 21:21:00,32.3
2025-06-12 07:37:00,50.1110094970102
2025-06-12 16:17:00,16.4
2025-06-12 11:11:00,68.0
2025-06-12 13:36:00,58.4
2025-06-12 22:42:00,92.1
2025-06-12 02:16:00,1.6
2025-06-12 09:53:00,80.8
2025-06-12 09:29:00,27.4
2025-06-12 21:54:00,99.2
2025-06-12 08:02:00,93.1
2025-06-12 01:53:00,94.2
2025-06-12 04:57:00,50.1110094970102
2025-06-12 14:47:00,50.1110094970102
2025-06-12 03:47:00,25.6
2025-06-12 10:31:00,87.9
2025-06-12 08:23:00,50.1110094970102
2025-06-12 21:32:00,47.1
2025-06-12 06:53:00,35.8
2025-06-12 08:58:00,40.1
2025-06-12 03:44:00,50.1110094970102
2025-06-12 23:22:00,41.0
2025-06-12 00:38:00,21.1
2025-06-12 20:53:00,99.1
2025-06-12 05:31:00,50.1110094970102
2025-06-12 04:04:00,34.8
2025-06-12 12:30:00,61.3
2025-06-12 08:53:00,35.0
2025-06-12 12:54:00,78.8
2025-06-12 12:06:00,18.2
2025-06-12 10:09:00,94.1
2025-06-12 16:31:00,12.2
2025-06-12 18:42:00,50.1110094970102
2025-06-12 01:47:00,50.1110094970102
2025-06-12 03:49:00,58.0
2025-06-12 19:31:00,59.0
2025-06-12 15:03:00,52.4
2025-06-12 20:19:00,86.4
2025-06-12 18:16:00,15.5
2025-06-12 12:29:00,4.5
2025-06-12 13:06:00,35.3
2025-06-12 23:02:00,50.1110094970102
2025-06-12 19:48:00,81.9
2025-06-12 14:39:00,92.1
2025-06-12 00:37:00,41.0
2025-06-12 00:40:00,41.6
2025-06-12 16:30:00,33.7
2025-06-12 06:06:00,50.1110094970102
2025-06-12 16:07:00,37.1
2025-06-12 15:55:00,21.8
2025-06-12 01:40:00,60.2
2025-06-12 18:41:00,74.0
2025-06-12 14:30:00,30.1
2025-06-12 12:43:00,50.1110094970102
2025-06-12 09:57:00,24.0
2025-06-12 11:00:00,26.0
2025-06-12 11:12:00,50.1110094970102
2025-06-12 02:37:00,78.5
2025-06-12 08:51:00,23.8
2025-06-12 14:35:00,93.8
2025-06-12 12:24:00,75.4
2025-06-12 06:34:00,62.4
2025-06-12 14:09:00,79.6
2025-06-12 23:13:00,50.1110094970102
2025-06-12 12:49:00,61.8
2025-06-12 13:04:00,85.7
2025-06-12 23:59:00,31.5
2025-06-12 00:11:00,95.6
2025-06-12 01:39:00,17.6
2025-06-12 01:10:00,14.7
2025-06-12 10:59:00,50.1110094970102
2025-06-12 09:08:00,74.0
2025-06-12 10:00:00,10.8
2025-06-12 10:14:00,17.9
2025-06-12 04:32:00,27.9
2025-06-12 09:02:00,81.6
2025-06-12 14:32:00,69.2
2025-06-12 08:59:00,60.8
2025-06-12 11:51:00,52.7
2025-06-12 09:41:00,76.2
2025-06-12 00:03:00,21.9
2025-06-12 05:02:00,11.0
2025-06-12 19:12:00,93.4
2025-06-12 14:04:00,50.1110094970102
2025-06-12 15:59:00,21.8
2025-06-12 09:24:00,84.0
2025-06-12 11:33:00,84.7
2025-06-12 03:46:00,62.5
2025-06-12 11:42:00,99.8
2025-06-12 00:13:00,13.4
2025-06-12 17:47:00,14.9
2025-06-12 11:52:00,29.7
2025-06-12 12:57:00,78.3
2025-06-12 15:18:00,94.4
2025-06-12 23:26:00,6.2
2025-06-12 07:08:00,90.3
2025-06-12 14:10:00,93.0
2025-06-12 13:55:00,31.4
2025-06-12 17:46:00,15.6
2025-06-12 11:39:00,50.1110094970102
2025-06-12 02:20:00,3.3
2025-06-12 02:31:00,81.9
2025-06-12 21:11:00,36.5
2025-06-12 07:43:00,69.8
2025-06-12 12:05:00,44.1
2025-06-12 15:21:00,15.8
2025-06-12 23:09:00,7.3
2025-06-12 12:19:00,77.2
2025-06-12 21:56:00,59.1
2025-06-12 14:06:00,88.3
2025-06-12 02:39:00,0.4
2025-06-12 08:07:00,77.3
2025-06-12 01:31:00,50.1110094970102
2025-06-12 00:56:00,35.7
2025-06-12 09:17:00,50.1110094970102
2025-06-12 08:20:00,70.5
2025-06-12 18:28:00,40.9
2025-06-12 11:48:00,21.3
2025-06-12 23:37:00,35.1
2025-06-12 20:36:00,1.8
2025-06-12 14:52:00,50.1110094970102
2025-06-12 20:46:00,61.0
2025-06-12 09:03:00,68.8
2025-06-12 12:01:00,54.3
2025-06-12 01:43:00,38.1
2025-06-12 06:30:00,58.9
2025-06-12 00:29:00,50.1110094970102
2025-06-12 09:28:00,83.0
2025-06-12 07:42:00,50.1110094970102
2025-06-12 23:11:00,41.1
2025-06-12 23:39:00,77.4
2025-06-12 12:58:00,76.5
2025-06-12 01:28:00,63.3
2025-06-12 23:29:00,50.1110094970102
2025-06-12 23:15:00,74.0
2025-06-12 11:53:00,31.4
2025-06-12 02:01:00,10.2
2025-06-12 04:13:00,69.4
2025-06-12 01:27:00,73.9
2025-06-12 03:29:00,50.4
2025-06-12 21:04:00,25.0
2025-06-12 22:20:00,14.8
2025-06-12 08:41:00,66.5
2025-06-12 05:51:00,94.7
2025-06-12 05:28:00,40.7
2025-06-12 12:03:00,47.4
2025-06-12 12:08:00,21.9
2025-06-12 18:18:00,93.8
2025-06-12 21:46:00,74.8
2025-06-12 13:54:00,22.4
2025-06-12 15:56:00,25.8
2025-06-12 06:43:00,50.1110094970102
2025-06-12 10:19:00,40.9
2025-06-12 21:26:00,38.4
2025-06-12 15:49:00,50.1110094970102
2025-06-12 03:42:00,70.7
2025-06-12 11:13:00,21.1
2025-06-12 16:45:00,39.4
2025-06-12 14:38:00,70.1
2025-06-12 15:34:00,62.8
2025-06-12 10:21:00,49.3
2025-06-12 07:24:00,48.1
2025-06-12 23:40:00,62.2
2025-06-12 08:18:00,67.8
2025-06-12 08:43:00,4.5
2025-06-12 03:05:00,45.3
2025-06-12 00:44:00,7.6
2025-06-12 03:37:00,42.2
2025-06-12 22:26:00,97.4
2025-06-12 10:18:00,66.8
2025-06-12 22:13:00,27.9
2025-06-12 23:28:00,28.0
2025-06-12 04:56:00,19.1
2025-06-12 16:21:00,14.5
2025-06-12 23:36:00,50.1110094970102
2025-06-12 16:06:00,40.5
2025-06-12 08:19:00,24.5
2025-06-12 02:21:00,0.4
2025-06-12 10:10:00,94.4
2025-06-12 23:53:00,29.2
2025-06-12 18:20:00,61.5
2025-06-12 12:48:00,79.4
2025-06-12 15:12:00,50.1110094970102
2025-06-12 21:42:00,15.8
2025-06-12 03:32:00,97.4
2025-06-12 00:23:00,72.6
2025-06-12 13:12:00,4.7
2025-06-12 06:12:00,11.5
2025-06-12 03:31:00,86.8
2025-06-12 11:15:00,94.7
2025-06-12 09:23:00,81.0
2025-06-12 10:38:00,69.1
2025-06-12 11:46:00,50.1110094970102
2025-06-12 10:13:00,73.9
2025-06-12 05:50:00,17.4
2025-06-12 14:57:00,50.1110094970102
2025-06-12 14:36:00,16.7
2025-06-12 17:58:00,46.3
2025-06-12 09:11:00,50.1110094970102
2025-06-12 12:20:00,17.7
2025-06-12 09:22:00,26.2
2025-06-12 14:50:00,42.8
2025-06-12 04:54:00,38.5
2025-06-12 14:58:00,37.0
2025-06-12 16:47:00,69.4
2025-06-12 17:02:00,50.1110094970102
2025-06-12 20:00:00,47.9
2025-06-12 13:38:00,50.1110094970102
2025-06-12 14:28:00,71.0
2025-06-12 02:47:00,40.6
2025-06-12 16:34:00,6.7
2025-06-12 19:07:00,50.1110094970102
2025-06-12 23:03:00,12.0
2025-06-12 08:08:00,18.6
2025-06-12 11:59:00,86.4
2025-06-12 16:20:00,81.3
2025-06-12 17:34:00,50.1110094970102
2025-06-12 10:08:00,48.0
2025-06-12 00:21:00,97.4
2025-06-12 06:25:00,13.2
2025-06-12 19:24:00,71.0
2025-06-12 13:44:00,28.2
2025-06-12 04:48:00,64.7
2025-06-12 22:47:00,49.0
2025-06-12 16:32:00,50.1110094970102
2025-06-12 02:18:00,32.5
2025-06-12 16:22:00,40.8
2025-06-12 18:47:00,19.2
2025-06-12 12:25:00,50.1110094970102
2025-06-12 03:56:00,2.5
2025-06-12 06:39:00,50.1110094970102
2025-06-12 21:12:00,89.1
2025-06-12 14:59:00,46.9
2025-06-12 04:12:00,50.1110094970102
2025-06-12 09:37:00,51.2
2025-06-12 20:49:00,40.7
2025-06-12 05:10:00,47.5
2025-06-12 21:51:00,50.1110094970102
2025-06-12 22:58:00,20.8
2025-06-12 23:00:00,50.0
2025-06-12 01:41:00,51.8
2025-06-12 17:26:00,99.8
2025-06-12 15:17:00,1.1
2025-06-12 09:39:00,41.8
2025-06-12 10:50:00,36.2
2025-06-12 16:44:00,87.4
2025-06-12 18:01:00,82.9
2025-06-12 05:33:00,34.5
2025-06-12 02:53:00,99.5
2025-06-12 17:40:00,7.6
2025-06-12 16:58:00,61.5
2025-06-12 06:40:00,50.1110094970102
2025-06-12 05:59:00,12.2
2025-06-12 00:53:00,88.9
2025-06-12 02:33:00,64.0
2025-06-12 01:19:00,0.9
2025-06-12 20:21:00,97.0
2025-06-12 15:40:00,55.7
2025-06-12 11:50:00,50.1110094970102
2025-06-12 02:59:00,86.5
2025-06-12 11:58:00,65.1
2025-06-12 12:41:00,50.1110094970102
2025-06-12 20:51:00,19.6
2025-06-12 01:49:00,36.8
2025-06-12 16:10:00,7.8
2025-06-12 20:55:00,37.4
2025-06-12 01:52:00,4.5
2025-06-12 18:31:00,50.1110094970102
2025-06-12 15:45:00,50.1110094970102
2025-06-12 01:37:00,50.1110094970102
2025-06-12 19:41:00,10.2
2025-06-12 06:07:00,47.1
2025-06-12 01:02:00,69.4
2025-06-12 01:46:00,16.4
2025-06-12 00:27:00,18.4
2025-06-12 04:11:00,9.7
2025-06-12 05:18:00,31.3
2025-06-12 05:26:00,94.9
2025-06-12 22:34:00,50.1110094970102
2025-06-12 07:19:00,50.1110094970102
2025-06-12 17:23:00,20.6
2025-06-12 17:10:00,11.9
2025-06-12 17:10:00,37.4
2025-06-12 08:43:00,6.5
2025-06-12 16:45:00,4.8
2025-06-12 04:00:00,9.4
2025-06-12 16:44:00,12.5
2025-06-12 00:56:00,32.0
2025-06-12 12:35:00,64.1
2025-06-12 20:15:00,87.9
2025-06-12 16:48:00,38.2
2025-06-12 20:16:00,27.5
2025-06-12 21:46:00,50.26990393626991
2025-06-12 16:14:00,28.0
2025-06-12 14:38:00,50.26990393626991
2025-06-12 23:20:00,83.9
2025-06-12 10:55:00,50.26990393626991
2025-06-12 16:42:00,59.8
2025-06-12 17:20:00,40.5
2025-06-12 10:11:00,6.6
2025-06-12 21:07:00,0.1
2025-06-12 08:32:00,29.0
2025-06-12 22:31:00,76.5
2025-06-12 14:44:00,51.3
2025-06-12 05:01:00,50.26990393626991
2025-06-12 03:38:00,50.26990393626991
2025-06-12 17:44:00,50.26990393626991
2025-06-12 05:23:00,65.1
2025-06-12 01:04:00,72.9
2025-06-12 11:54:00,29.2
2025-06-12 05:59:00,71.5
2025-06-12 22:59:00,10.8
2025-06-12 02:00:00,60.8
2025-06-12 14:06:00,11.1
2025-06-12 00:54:00,50.26990393626991
2025-06-12 20:54:00,16.6
2025-06-12 09:32:00,35.5
2025-06-12 13:03:00,30.5
2025-06-12 22:34:00,22.3
2025-06-12 00:38:00,24.8
2025-06-12 06:27:00,9.5
2025-06-12 02:54:00,50.26990393626991
2025-06-12 03:22:00,24.2
2025-06-12 01:47:00,69.0
2025-06-12 06:12:00,25.1
2025-06-12 05:45:00,50.26990393626991
2025-06-12 14:42:00,95.5
2025-06-12 22:11:00,46.3
2025-06-12 16:38:00,10.6
2025-06-12 20:24:00,66.0
2025-06-12 13:35:00,1.7
2025-06-12 11:41:00,30.1
2025-06-12 09:51:00,19.9
2025-06-12 17:05:00,6.4
2025-06-12 01:55:00,32.4
2025-06-12 00:55:00,49.6
2025-06-12 08:35:00,1.4
2025-06-12 12:12:00,68.0
2025-06-12 00:36:00,79.9
2025-06-12 20:43:00,23.5
2025-06-12 10:30:00,29.9
2025-06-12 06:54:00,21.0
2025-06-12 02:33:00,80.0
2025-06-12 20:31:00,21.0
2025-06-12 09:55:00,83.0
2025-06-12 12:10:00,73.8
2025-06-12 04:49:00,50.26990393626991
2025-06-12 20:02:00,25.7
2025-06-12 22:04:00,50.26990393626991
2025-06-12 12:38:00,18.0
2025-06-12 12:53:00,98.0
2025-06-12 07:12:00,96.1
2025-06-12 17:47:00,7.9
2025-06-12 23:04:00,49.0
2025-06-12 07:00:00,57.5
2025-06-12 01:36:00,68.2
2025-06-12 09:43:00,50.26990393626991
2025-06-12 08:45:00,50.26990393626991
2025-06-12 11:11:00,72.2
2025-06-12 06:44:00,22.4
2025-06-12 12:28:00,92.9
2025-06-12 00:08:00,20.0
2025-06-12 20:11:00,16.6
2025-06-12 17:45:00,88.5
2025-06-12 11:21:00,52.1
2025-06-12 09:18:00,8.0
2025-06-12 16:55:00,63.9
2025-06-12 04:41:00,2.8
2025-06-12 03:07:00,50.26990393626991
2025-06-12 18:10:00,7.4
2025-06-12 09:04:00,21.1
2025-06-12 19:56:00,70.5
2025-06-12 06:46:00,85.2
2025-06-12 10:34:00,50.26990393626991
2025-06-12 03:26:00,63.0
2025-06-12 15:24:00,62.0
2025-06-12 21:16:00,96.9
2025-06-12 17:41:00,96.7
2025-06-12 21:45:00,73.8
2025-06-12 22:25:00,33.4
2025-06-12 14:29:00,82.9
2025-06-12 21:11:00,8.5
2025-06-12 10:48:00,57.1
2025-06-12 12:15:00,95.4
2025-06-12 21:27:00,50.26990393626991
2025-06-12 15:02:00,5.8
2025-06-12 04:19:00,18.8
2025-06-12 08:41:00,98.6
2025-06-12 11:53:00,27.6
2025-06-12 11:50:00,94.7
2025-06-12 08:09:00,82.6
2025-06-12 00:53:00,21.7
2025-06-12 18:22:00,78.2
2025-06-12 21:13:00,50.26990393626991
2025-06-12 00:30:00,50.26990393626991
2025-06-12 06:53:00,65.3
2025-06-12 00:32:00,65.5
2025-06-12 13:09:00,69.8
2025-06-12 10:03:00,62.0
2025-06-12 05:32:00,41.5
2025-06-12 15:28:00,50.6
2025-06-12 14:37:00,13.2
2025-06-12 06:22:00,61.8
2025-06-12 08:10:00,49.3
2025-06-12 14:49:00,49.0
2025-06-12 05:28:00,50.26990393626991
2025-06-12 14:21:00,23.4
2025-06-12 11:17:00,65.2
2025-06-12 04:15:00,8.4
2025-06-12 10:57:00,6.0
2025-06-12 12:22:00,18.7
2025-06-12 19:36:00,87.1
2025-06-12 08:53:00,38.7
2025-06-12 10:25:00,35.6
2025-06-12 05:08:00,89.0
2025-06-12 16:58:00,16.8
2025-06-12 00:39:00,8.9
2025-06-12 02:35:00,94.7
2025-06-12 11:25:00,36.9
2025-06-12 09:03:00,50.26990393626991
2025-06-12 14:25:00,60.2
2025-06-12 11:56:00,38.8
2025-06-12 14:10:00,14.8
2025-06-12 16:09:00,21.2
2025-06-12 11:38:00,22.7
2025-06-12 01:18:00,35.9
2025-06-12 01:10:00,16.0
2025-06-12 01:44:00,52.5
2025-06-12 23:58:00,76.5
2025-06-12 02:03:00,44.2
2025-06-12 22:52:00,86.3
2025-06-12 02:21:00,32.3
2025-06-12 08:13:00,93.0
2025-06-12 12:49:00,50.26990393626991
2025-06-12 11:12:00,53.5
2025-06-12 22:56:00,11.7
2025-06-12 16:49:00,54.2
2025-06-12 17:33:00,50.26990393626991
2025-06-12 00:04:00,18.9
2025-06-12 10:15:00,20.2
2025-06-12 03:44:00,52.0
2025-06-12 01:52:00,5.1
2025-06-12 18:11:00,46.8
2025-06-12 13:17:00,14.4
2025-06-12 20:40:00,15.8
2025-06-12 14:41:00,66.5
2025-06-12 06:10:00,80.1
2025-06-12 02:44:00,20.3
2025-06-12 05:16:00,50.26990393626991
2025-06-12 20:35:00,90.6
2025-06-12 13:00:00,49.2
2025-06-12 10:58:00,10.8
2025-06-12 10:52:00,88.6
2025-06-12 13:14:00,98.4
2025-06-12 14:00:00,18.1
2025-06-12 18:32:00,24.4
2025-06-12 20:49:00,3.7
2025-06-12 18:49:00,62.9
2025-06-12 01:45:00,67.8
2025-06-12 01:30:00,17.4
2025-06-12 03:50:00,30.0
2025-06-12 16:05:00,28.2
2025-06-12 08:31:00,60.1
2025-06-12 10:16:00,50.26990393626991
2025-06-12 19:53:00,81.2
2025-06-12 16:00:00,38.6
2025-06-12 16:27:00,71.3
2025-06-12 05:30:00,50.26990393626991
2025-06-12 05:38:00,99.0
2025-06-12 02:05:00,56.6
2025-06-12 08:07:00,26.2
2025-06-12 10:18:00,99.2
2025-06-12 04:09:00,67.8
2025-06-12 05:54:00,50.26990393626991
2025-06-12 13:11:00,18.2
2025-06-12 17:30:00,18.6
2025-06-12 02:42:00,59.7
2025-06-12 02:49:00,68.4
2025-06-12 00:03:00,50.26990393626991
2025-06-12 13:54:00,89.3
2025-06-12 10:36:00,78.2
2025-06-12 07:08:00,50.26990393626991
2025-06-12 20:58:00,52.0
2025-06-12 06:42:00,20.8
2025-06-12 15:54:00,33.9
2025-06-12 15:19:00,4.0
2025-06-12 15:22:00,84.1
2025-06-12 08:16:00,4.0
2025-06-12 01:38:00,10.6
2025-06-12 08:12:00,81.7
2025-06-12 02:09:00,85.4
2025-06-12 04:35:00,57.2
2025-06-12 05:00:00,50.26990393626991
2025-06-12 22:12:00,99.1
2025-06-12 22:16:00,50.7
2025-06-12 20:23:00,40.2
2025-06-12 01:07:00,89.0
2025-06-12 05:09:00,42.9
2025-06-12 11:01:00,81.9
2025-06-12 09:42:00,42.0
2025-06-12 01:42:00,90.0
2025-06-12 01:26:00,61.9
2025-06-12 11:52:00,82.0
2025-06-12 15:23:00,79.2
2025-06-12 03:37:00,26.6
2025-06-12 01:24:00,15.9
2025-06-12 13:41:00,76.2
2025-06-12 08:56:00,54.0
2025-06-12 12:55:00,25.8
2025-06-12 08:57:00,50.26990393626991
2025-06-12 05:12:00,92.2
2025-06-12 05:53:00,60.1
2025-06-12 05:03:00,78.5
2025-06-12 16:20:00,52.5
2025-06-12 05:42:00,24.5
2025-06-12 01:27:00,37.7
2025-06-12 00:44:00,30.6
2025-06-12 00:59:00,39.8
2025-06-12 06:41:00,14.9
2025-06-12 18:02:00,69.1
2025-06-12 15:27:00,26.1
2025-06-12 06:15:00,50.26990393626991
2025-06-12 18:15:00,26.4
2025-06-12 05:31:00,50.26990393626991
2025-06-12 08:24:00,50.26990393626991
2025-06-12 19:20:00,50.26990393626991
2025-06-12 07:31:00,27.2
2025-06-12 15:31:00,0.3
2025-06-12 02:15:00,55.2
2025-06-12 13:48:00,49.2
2025-06-12 17:52:00,50.26990393626991
2025-06-12 03:09:00,24.0
2025-06-12 14:18:00,77.4
2025-06-12 06:20:00,11.8
2025-06-12 14:51:00,7.8
2025-06-12 19:24:00,7.7
2025-06-12 19:55:00,32.8
2025-06-12 05:44:00,92.5
2025-06-12 20:50:00,82.6
2025-06-12 12:54:00,32.7
2025-06-12 22:46:00,95.7
2025-06-12 00:49:00,66.8
2025-06-12 01:00:00,86.1
2025-06-12 08:34:00,49.3
2025-06-12 06:08:00,28.4
2025-06-12 05:46:00,79.4
2025-06-12 12:31:00,50.26990393626991
2025-06-12 22:03:00,11.7
2025-06-12 00:42:00,87.9
2025-06-12 03:01:00,50.26990393626991
2025-06-12 17:14:00,62.3
2025-06-12 19:15:00,50.26990393626991
2025-06-12 14:15:00,63.7
2025-06-12 10:39:00,55.0
2025-06-12 11:42:00,67.6
2025-06-12 23:18:00,66.7
2025-06-12 17:32:00,19.6
2025-06-12 12:59:00,10.3
2025-06-12 17:06:00,27.6
2025-06-12 07:25:00,50.26990393626991
2025-06-12 19:14:00,78.4
2025-06-12 02:18:00,67.7
2025-06-12 21:17:00,86.3
2025-06-12 18:36:00,8.5
2025-06-12 12:05:00,36.6
2025-06-12 00:45:00,65.0
2025-06-12 20:51:00,77.0
2025-06-12 04:40:00,50.26990393626991
2025-06-12 20:47:00,31.0
2025-06-12 22:37:00,19.2
2025-06-12 20:07:00,50.9
2025-06-12 06:35:00,49.3
2025-06-12 10:29:00,90.6
2025-06-12 05:40:00,10.3
2025-06-12 12:20:00,50.26990393626991
2025-06-12 00:26:00,2.5
2025-06-12 14:59:00,18.1
2025-06-12 18:52:00,85.8
2025-06-12 22:39:00,50.26990393626991
2025-06-12 15:33:00,95.3
2025-06-12 03:17:00,61.2
2025-06-12 22:40:00,50.26990393626991
2025-06-12 06:09:00,88.8
2025-06-12 13:32:00,50.26990393626991
2025-06-12 02:32:00,4.7
2025-06-12 00:43:00,77.7
2025-06-12 00:16:00,95.3
2025-06-12 07:44:00,76.1
2025-06-12 21:48:00,49.485271956675305
2025-06-12 05:32:00,49.485271956675305
2025-06-12 13:34:00,83.5
2025-06-12 21:24:00,67.7
2025-06-12 23:50:00,30.6
2025-06-12 09:14:00,93.6
2025-06-12 08:02:00,36.6
2025-06-12 18:22:00,49.485271956675305
2025-06-12 22:45:00,5.1
2025-06-12 05:18:00,36.9
2025-06-12 20:29:00,9.4
2025-06-12 18:56:00,30.1
2025-06-12 12:56:00,51.8
2025-06-12 12:52:00,30.6
2025-06-12 16:59:00,18.2
2025-06-12 02:14:00,62.2
2025-06-12 15:40:00,88.1
2025-06-12 20:30:00,23.1
2025-06-12 17:36:00,90.3
2025-06-12 05:56:00,69.1
2025-06-12 11:13:00,10.5
2025-06-12 01:58:00,55.8
2025-06-12 19:29:00,18.6
2025-06-12 22:47:00,25.4
2025-06-12 07:46:00,73.1
2025-06-12 14:07:00,1.5
2025-06-12 12:11:00,49.485271956675305
2025-06-12 18:08:00,21.7
2025-06-12 21:39:00,27.6
2025-06-12 00:06:00,80.5
2025-06-12 00:26:00,49.485271956675305
2025-06-12 19:17:00,34.3
2025-06-12 04:09:00,66.2
2025-06-12 08:10:00,90.5
2025-06-12 08:19:00,56.1
2025-06-12 08:08:00,49.485271956675305
2025-06-12 17:48:00,73.0
2025-06-12 03:26:00,49.485271956675305
2025-06-12 09:40:00,28.7
2025-06-12 11:57:00,20.7
2025-06-12 10:51:00,45.9
2025-06-12 09:05:00,16.7
2025-06-12 16:37:00,80.1
2025-06-12 04:46:00,49.485271956675305
2025-06-12 03:48:00,43.8
2025-06-12 07:34:00,93.0
2025-06-12 01:53:00,49.485271956675305
2025-06-12 15:26:00,13.3
2025-06-12 01:12:00,47.5
2025-06-12 15:36:00,49.485271956675305
2025-06-12 08:34:00,99.4
2025-06-12 17:14:00,26.4
2025-06-12 01:32:00,15.9
2025-06-12 00:08:00,72.4
2025-06-12 14:56:00,31.7
2025-06-12 03:24:00,90.9
2025-06-12 03:33:00,49.485271956675305
2025-06-12 21:28:00,63.3
2025-06-12 15:15:00,3.2
2025-06-12 16:23:00,17.5
2025-06-12 08:09:00,49.485271956675305
2025-06-12 20:58:00,73.3
2025-06-12 08:00:00,49.485271956675305
2025-06-12 22:15:00,79.3
2025-06-12 09:12:00,41.5
2025-06-12 18:44:00,49.485271956675305
2025-06-12 05:27:00,32.3
2025-06-12 13:01:00,49.9
2025-06-12 13:19:00,49.485271956675305
2025-06-12 01:04:00,68.7
2025-06-12 08:53:00,81.1
2025-06-12 19:06:00,50.7
2025-06-12 01:23:00,10.6
2025-06-12 12:10:00,70.7
2025-06-12 16:54:00,8.6
2025-06-12 16:21:00,20.3
2025-06-12 16:16:00,88.4
2025-06-12 21:12:00,87.1
2025-06-12 06:56:00,93.2
2025-06-12 21:26:00,97.8
2025-06-12 00:45:00,69.6
2025-06-12 11:52:00,69.2
2025-06-12 17:03:00,46.6
2025-06-12 06:21:00,39.4
2025-06-12 18:21:00,25.0
2025-06-12 05:36:00,49.485271956675305
2025-06-12 09:39:00,5.9
2025-06-12 16:08:00,63.5
2025-06-12 00:32:00,65.7
2025-06-12 17:58:00,49.485271956675305
2025-06-12 21:03:00,89.5
2025-06-12 04:15:00,12.2
2025-06-12 09:50:00,45.6
2025-06-12 10:13:00,9.4
2025-06-12 19:10:00,76.5
2025-06-12 16:33:00,28.5
2025-06-12 23:13:00,28.1
2025-06-12 20:24:00,49.485271956675305
2025-06-12 01:56:00,39.1
2025-06-12 20:45:00,49.485271956675305
2025-06-12 02:02:00,17.0
2025-06-12 12:04:00,11.8
2025-06-12 02:49:00,54.2
2025-06-12 02:53:00,49.485271956675305
2025-06-12 00:23:00,64.5
2025-06-12 07:30:00,49.485271956675305
2025-06-12 10:17:00,82.5
2025-06-12 10:12:00,77.5
2025-06-12 08:55:00,5.5
2025-06-12 02:57:00,84.2
2025-06-12 15:55:00,49.485271956675305
2025-06-12 13:08:00,48.8
2025-06-12 07:28:00,18.3
2025-06-12 13:54:00,59.5
2025-06-12 11:18:00,49.485271956675305
2025-06-12 12:54:00,49.485271956675305
2025-06-12 07:08:00,60.0
2025-06-12 10:53:00,15.7
2025-06-12 16:47:00,17.8
2025-06-12 14:42:00,49.485271956675305
2025-06-12 20:46:00,5.8
2025-06-12 01:29:00,54.4
2025-06-12 03:11:00,85.1
2025-06-12 17:49:00,7.0
2025-06-12 18:58:00,50.2
2025-06-12 18:23:00,40.1
2025-06-12 05:48:00,19.9
2025-06-12 05:47:00,49.485271956675305
2025-06-12 04:19:00,25.8
2025-06-12 22:01:00,71.4
2025-06-12 12:19:00,98.3
2025-06-12 14:57:00,37.4
2025-06-12 01:38:00,9.0
2025-06-12 16:41:00,78.5
2025-06-12 19:41:00,75.3
2025-06-12 06:17:00,59.8
2025-06-12 01:41:00,49.485271956675305
2025-06-12 00:12:00,74.1
2025-06-12 06:35:00,18.5
2025-06-12 09:52:00,48.6
2025-06-12 10:39:00,52.2
2025-06-12 23:33:00,52.6
2025-06-12 00:22:00,20.7
2025-06-12 03:52:00,36.8
2025-06-12 10:37:00,6.6
2025-06-12 06:59:00,49.485271956675305
2025-06-12 23:01:00,69.4
2025-06-12 00:50:00,9.4
2025-06-12 09:51:00,11.9
2025-06-12 16:40:00,88.4
2025-06-12 06:48:00,72.8
2025-06-12 16:45:00,88.2
2025-06-12 13:29:00,37.6
2025-06-12 09:00:00,74.5
2025-06-12 13:30:00,72.0
2025-06-12 17:53:00,42.2
2025-06-12 10:05:00,67.8
2025-06-12 19:16:00,2.9
2025-06-12 07:39:00,24.3
2025-06-12 08:59:00,49.485271956675305
2025-06-12 08:45:00,78.0
2025-06-12 06:11:00,96.7
2025-06-12 01:15:00,89.5
2025-06-12 01:50:00,3.3
2025-06-12 17:00:00,27.6
2025-06-12 18:33:00,49.485271956675305
2025-06-12 20:41:00,99.1
2025-06-12 09:17:00,78.4
2025-06-12 13:35:00,49.485271956675305
2025-06-12 23:16:00,39.5
2025-06-12 06:33:00,49.485271956675305
2025-06-12 22:05:00,93.8
2025-06-12 09:30:00,76.7
2025-06-12 05:39:00,42.1
2025-06-12 09:26:00,37.4
2025-06-12 06:00:00,81.7
2025-06-12 04:14:00,49.485271956675305
2025-06-12 17:13:00,74.7
2025-06-12 12:40:00,22.1
2025-06-12 14:22:00,99.0
2025-06-12 13:10:00,78.2
2025-06-12 18:16:00,55.3
2025-06-12 08:17:00,49.485271956675305
2025-06-12 19:53:00,49.485271956675305
2025-06-12 09:09:00,56.8
2025-06-12 15:13:00,77.9
2025-06-12 06:40:00,43.2
2025-06-12 20:14:00,98.5
2025-06-12 06:55:00,32.5
2025-06-12 06:47:00,70.6
2025-06-12 16:44:00,75.9
2025-06-12 11:48:00,49.4
2025-06-12 03:53:00,49.485271956675305
2025-06-12 12:24:00,21.3
2025-06-12 21:14:00,96.2
2025-06-12 05:37:00,17.7
2025-06-12 17:54:00,67.3
2025-06-12 03:28:00,42.6
2025-06-12 04:55:00,46.9
2025-06-12 09:53:00,75.6
2025-06-12 21:19:00,26.8
2025-06-12 13:56:00,67.8
2025-06-12 17:10:00,52.0
2025-06-12 19:13:00,49.485271956675305
2025-06-12 13:55:00,92.4
2025-06-12 01:47:00,0.7
2025-06-12 20:00:00,23.6
2025-06-12 23:02:00,42.7
2025-06-12 15:41:00,70.8
2025-06-12 15:37:00,54.4
2025-06-12 20:54:00,97.3
2025-06-12 12:30:00,10.7
2025-06-12 19:39:00,31.0
2025-06-12 13:51:00,91.3
2025-06-12 04:58:00,17.9
2025-06-12 21:25:00,46.8
2025-06-12 13:31:00,42.6
2025-06-12 06:12:00,39.7
2025-06-12 20:06:00,78.1
2025-06-12 13:27:00,7.5
2025-06-12 12:29:00,95.8
2025-06-12 00:13:00,98.1
2025-06-12 10:34:00,49.485271956675305
2025-06-12 01:44:00,60.7
2025-06-12 18:11:00,42.0
2025-06-12 04:17:00,79.6
2025-06-12 15:25:00,58.2
2025-06-12 13:46:00,90.4
2025-06-12 15:18:00,48.2
2025-06-12 07:38:00,45.7
2025-06-12 16:32:00,76.6
2025-06-12 07:21:00,60.3
2025-06-12 11:01:00,18.5
2025-06-12 03:51:00,79.6
2025-06-12 08:49:00,49.485271956675305
2025-06-12 20:26:00,26.2
2025-06-12 07:59:00,44.9
2025-06-12 22:38:00,18.5
2025-06-12 00:39:00,94.9
2025-06-12 15:45:00,54.4
2025-06-12 08:25:00,93.2
2025-06-12 14:11:00,49.485271956675305
2025-06-12 16:24:00,72.1
2025-06-12 07:09:00,25.3
2025-06-12 17:56:00,34.2
2025-06-12 21:06:00,64.4
2025-06-12 17:21:00,9.2
2025-06-12 19:00:00,36.5
2025-06-12 06:05:00,20.6
2025-06-12 15:43:00,38.4
2025-06-12 11:00:00,49.485271956675305
2025-06-12 19:21:00,93.3
2025-06-12 10:29:00,65.7
2025-06-12 18:48:00,41.5
2025-06-12 07:52:00,43.7
2025-06-12 15:33:00,79.2
2025-06-12 02:47:00,49.485271956675305
2025-06-12 09:27:00,41.9
2025-06-12 17:22:00,50.0997191011236
2025-06-12 21:32:00,50.0997191011236
2025-06-12 12:09:00,63.8
2025-06-12 12:04:00,25.5
2025-06-12 11:07:00,24.7
2025-06-12 19:42:00,27.5
2025-06-12 00:08:00,89.7
2025-06-12 17:10:00,90.7
2025-06-12 09:47:00,60.0
2025-06-12 00:09:00,80.8
2025-06-12 06:55:00,50.4
2025-06-12 07:55:00,34.7
2025-06-12 21:31:00,7.5
2025-06-12 02:25:00,94.5
2025-06-12 02:07:00,5.2
2025-06-12 17:39:00,44.9
2025-06-12 11:27:00,50.0997191011236
2025-06-12 23:38:00,89.1
2025-06-12 09:05:00,55.8
2025-06-12 03:56:00,50.0997191011236
2025-06-12 10:32:00,22.2
2025-06-12 06:58:00,3.9
2025-06-12 12:46:00,18.8
2025-06-12 11:47:00,50.0997191011236
2025-06-12 10:28:00,7.2
2025-06-12 13:36:00,32.9
2025-06-12 13:05:00,10.2
2025-06-12 02:49:00,42.4
2025-06-12 06:15:00,50.0997191011236
2025-06-12 16:26:00,26.2
2025-06-12 07:29:00,55.7
2025-06-12 10:48:00,74.3
2025-06-12 20:39:00,30.8
2025-06-12 06:04:00,57.7
2025-06-12 02:02:00,55.9
2025-06-12 12:57:00,80.8
2025-06-12 16:31:00,50.0997191011236
2025-06-12 14:00:00,50.0997191011236
2025-06-12 19:36:00,80.3
2025-06-12 22:14:00,19.6
2025-06-12 01:13:00,3.4
2025-06-12 09:16:00,88.1
2025-06-12 17:18:00,40.5
2025-06-12 03:11:00,50.0997191011236
2025-06-12 10:34:00,46.3
2025-06-12 17:21:00,50.0997191011236
2025-06-12 16:01:00,35.4
2025-06-12 14:35:00,96.9
2025-06-12 15:57:00,81.9
2025-06-12 00:03:00,79.4
2025-06-12 16:41:00,55.6
2025-06-12 21:06:00,13.6
2025-06-12 10:26:00,34.9
2025-06-12 19:58:00,50.0997191011236
2025-06-12 23:11:00,87.2
2025-06-12 18:19:00,47.8
2025-06-12 09:52:00,50.0997191011236
2025-06-12 20:01:00,12.5
2025-06-12 02:43:00,50.0997191011236
2025-06-12 22:26:00,67.2
2025-06-12 21:17:00,83.6
2025-06-12 13:14:00,50.0997191011236
2025-06-12 18:04:00,13.1
2025-06-12 15:36:00,96.4
2025-06-12 08:29:00,29.6
2025-06-12 15:02:00,9.8
2025-06-12 12:19:00,70.7
2025-06-12 17:55:00,44.9
2025-06-12 11:59:00,93.2
2025-06-12 15:29:00,47.0
2025-06-12 22:09:00,50.0997191011236
2025-06-12 01:18:00,50.9
2025-06-12 20:41:00,78.6
2025-06-12 19:10:00,96.7
2025-06-12 04:59:00,87.2
2025-06-12 01:11:00,5.6
2025-06-12 14:31:00,37.6
2025-06-12 09:19:00,49.0
2025-06-12 13:07:00,88.0
2025-06-12 12:22:00,8.8
2025-06-12 17:50:00,80.0
2025-06-12 04:51:00,50.0997191011236
2025-06-12 14:07:00,50.0997191011236
2025-06-12 10:05:00,42.5
2025-06-12 13:11:00,28.1
2025-06-12 21:23:00,93.0
2025-06-12 19:48:00,22.5
2025-06-12 15:30:00,49.3
2025-06-12 04:29:00,50.0997191011236
2025-06-12 20:23:00,50.0997191011236
2025-06-12 21:57:00,50.0997191011236
2025-06-12 18:41:00,5.0
2025-06-12 08:44:00,63.7
2025-06-12 14:23:00,89.7
2025-06-12 11:04:00,97.6
2025-06-12 08:15:00,1.7
2025-06-12 23:03:00,36.2
2025-06-12 19:52:00,50.0997191011236
2025-06-12 10:45:00,77.2
2025-06-12 15:59:00,42.7
2025-06-12 20:14:00,99.3
2025-06-12 11:17:00,50.0997191011236
2025-06-12 05:22:00,43.3
2025-06-12 00:02:00,42.4
2025-06-12 05:11:00,93.5
2025-06-12 16:59:00,22.2
2025-06-12 18:57:00,15.6
2025-06-12 11:28:00,56.9
2025-06-12 08:20:00,73.7
2025-06-12 08:52:00,27.4
2025-06-12 17:58:00,50.0997191011236
2025-06-12 20:06:00,15.4
2025-06-12 19:54:00,9.8
2025-06-12 02:16:00,50.0997191011236
2025-06-12 08:24:00,8.9
2025-06-12 23:30:00,81.8
2025-06-12 22:42:00,78.3
2025-06-12 15:20:00,50.0997191011236
2025-06-12 12:10:00,59.7
2025-06-12 01:03:00,9.1
2025-06-12 16:46:00,2.3
2025-06-12 11:42:00,50.0997191011236
2025-06-12 21:38:00,27.7
2025-06-12 15:06:00,0.6
2025-06-12 22:46:00,27.3
2025-06-12 20:52:00,58.2
2025-06-12 05:29:00,74.1
2025-06-12 04:28:00,50.0997191011236
2025-06-12 17:45:00,38.1
2025-06-12 02:01:00,22.4
2025-06-12 15:12:00,13.8
2025-06-12 11:22:00,3.9
2025-06-12 14:21:00,5.2
2025-06-12 04:32:00,75.3
2025-06-12 21:54:00,50.0997191011236
2025-06-12 04:13:00,27.7
2025-06-12 03:43:00,61.4
2025-06-12 20:37:00,81.4
2025-06-12 19:25:00,16.0
2025-06-12 15:55:00,85.7
2025-06-12 01:37:00,50.1
2025-06-12 16:52:00,58.1
2025-06-12 13:06:00,50.0997191011236
2025-06-12 03:26:00,99.9
2025-06-12 19:14:00,42.4
2025-06-12 22:25:00,50.0997191011236
2025-06-12 05:02:00,18.7
2025-06-12 09:02:00,17.6
2025-06-12 09:46:00,50.0997191011236
2025-06-12 05:49:00,14.7
2025-06-12 10:50:00,6.4
2025-06-12 19:31:00,21.7
2025-06-12 12:26:00,33.6
2025-06-12 13:37:00,36.1
2025-06-12 23:47:00,56.3
2025-06-12 15:44:00,49.3
2025-06-12 17:59:00,41.2
2025-06-12 16:32:00,26.2
2025-06-12 21:46:00,50.0997191011236
2025-06-12 14:15:00,7.0
2025-06-12 09:41:00,20.2
2025-06-12 15:53:00,6.4
2025-06-12 18:46:00,81.9
2025-06-12 20:10:00,50.0997191011236
2025-06-12 13:01:00,50.0997191011236
2025-06-12 18:13:00,74.9
2025-06-12 18:53:00,59.6
2025-06-12 11:13:00,26.2
2025-06-12 11:03:00,38.1
2025-06-12 12:17:00,88.5
2025-06-12 13:15:00,54.3
2025-06-12 00:24:00,26.6
2025-06-12 23:20:00,32.1
2025-06-12 13:31:00,94.6
2025-06-12 07:17:00,65.8
2025-06-12 07:08:00,0.3
2025-06-12 06:56:00,53.9
2025-06-12 04:48:00,50.0997191011236
2025-06-12 13:32:00,44.0
2025-06-12 22:03:00,97.9
2025-06-12 12:01:00,51.9
2025-06-12 20:36:00,80.6
2025-06-12 11:21:00,94.5
2025-06-12 17:00:00,50.0997191011236
2025-06-12 09:45:00,89.4
2025-06-12 01:19:00,50.0997191011236
2025-06-12 15:31:00,50.0997191011236
2025-06-12 12:24:00,52.1
2025-06-12 17:49:00,50.0997191011236
2025-06-12 01:46:00,62.0
2025-06-12 22:37:00,82.6
2025-06-12 17:35:00,50.0997191011236
2025-06-12 19:06:00,47.2
2025-06-12 01:45:00,95.3
2025-06-12 20:40:00,50.0997191011236
2025-06-12 14:44:00,99.1
2025-06-12 02:36:00,29.8
2025-06-12 17:04:00,78.5
2025-06-12 19:35:00,62.1
2025-06-12 20:35:00,26.4
2025-06-12 23:16:00,63.2
2025-06-12 03:20:00,21.1
2025-06-12 03:39:00,3.9
2025-06-12 14:36:00,50.0997191011236
2025-06-12 00:58:00,69.5
2025-06-12 18:10:00,51.3
2025-06-12 12:07:00,72.7
2025-06-12 04:25:00,46.4
2025-06-12 04:46:00,53.1
2025-06-12 10:04:00,64.1
2025-06-12 00:32:00,77.8
2025-06-12 14:34:00,34.1
2025-06-12 18:55:00,87.1
2025-06-12 23:25:00,50.0997191011236
2025-06-12 13:33:00,79.5
2025-06-12 16:21:00,77.5
2025-06-12 02:59:00,29.0
2025-06-12 22:34:00,97.1
2025-06-12 18:59:00,40.2
2025-06-12 06:19:00,93.0
2025-06-12 15:27:00,93.6
2025-06-12 20:56:00,18.1
2025-06-12 11:24:00,5.0
2025-06-12 18:45:00,27.0
2025-06-12 05:15:00,50.0997191011236
2025-06-12 09:20:00,65.0
2025-06-12 18:03:00,79.6
2025-06-12 14:30:00,8.3
2025-06-12 22:04:00,11.6
2025-06-12 12:49:00,84.3
2025-06-12 09:42:00,97.2
2025-06-12 20:38:00,76.3
2025-06-12 18:24:00,20.7
2025-06-12 09:57:00,22.1
2025-06-12 01:07:00,38.3
2025-06-12 16:13:00,13.0
2025-06-12 03:03:00,50.0997191011236
2025-06-12 00:15:00,58.7
2025-06-12 02:26:00,69.2
2025-06-12 02:50:00,92.3
2025-06-12 04:55:00,45.6
2025-06-12 10:14:00,11.5
2025-06-12 15:52:00,47.0
2025-06-12 07:46:00,50.0997191011236
2025-06-12 14:46:00,15.0
2025-06-12 04:07:00,19.2
2025-06-12 17:34:00,50.0997191011236
2025-06-12 05:57:00,50.0997191011236
2025-06-12 04:19:00,56.3
2025-06-12 04:53:00,60.2
2025-06-12 12:55:00,93.0
2025-06-12 06:00:00,51.1
2025-06-12 11:58:00,50.0997191011236
2025-06-12 19:12:00,77.9
2025-06-12 14:45:00,48.8
2025-06-12 21:21:00,9.8
2025-06-12 06:28:00,8.1
2025-06-12 07:54:00,52.1
2025-06-12 13:08:00,59.4
2025-06-12 20:43:00,50.0997191011236
2025-06-12 20:54:00,50.0997191011236
2025-06-12 18:31:00,42.4
2025-06-12 07:22:00,63.7
2025-06-12 01:02:00,76.4
2025-06-12 13:56:00,45.4
2025-06-12 08:04:00,64.6
2025-06-12 12:13:00,50.0997191011236
2025-06-12 19:08:00,25.7
2025-06-12 06:23:00,50.7
2025-06-12 22:01:00,50.0997191011236
2025-06-12 08:19:00,95.2
2025-06-12 11:32:00,80.1
2025-06-12 08:25:00,37.0
2025-06-12 10:21:00,83.0
2025-06-12 03:53:00,29.4
2025-06-12 02:13:00,97.6
2025-06-12 08:17:00,50.0997191011236
2025-06-12 14:10:00,20.3
2025-06-12 06:40:00,95.1
2025-06-12 10:15:00,47.2
2025-06-12 03:08:00,79.7
2025-06-12 09:07:00,69.7
2025-06-12 22:44:00,94.9
2025-06-12 02:15:00,50.0997191011236
2025-06-12 02:10:00,50.0997191011236
2025-06-12 03:40:00,50.0997191011236
2025-06-12 03:49:00,72.9
2025-06-12 06:38:00,51.9
2025-06-12 22:33:00,45.5
2025-06-12 08:56:00,74.6
2025-06-12 06:03:00,45.7
2025-06-12 15:09:00,6.8
2025-06-12 19:47:00,15.9
2025-06-12 05:37:00,0.4
2025-06-12 02:14:00,90.5
2025-06-12 03:06:00,62.7
2025-06-12 16:09:00,86.8
2025-06-12 02:11:00,33.4
2025-06-12 10:13:00,65.6
2025-06-12 06:57:00,67.5
2025-06-12 23:54:00,12.9
2025-06-12 08:26:00,11.9
2025-06-12 11:22:00,96.0
2025-06-12 12:10:00,49.889081537019685
2025-06-12 03:13:00,57.5
2025-06-12 08:19:00,85.1
2025-06-12 17:19:00,52.4
2025-06-12 19:39:00,88.0
2025-06-12 20:29:00,11.7
2025-06-12 22:33:00,67.4
2025-06-12 13:28:00,49.889081537019685
2025-06-12 05:38:00,38.4
2025-06-12 12:27:00,31.6
2025-06-12 20:32:00,81.9
2025-06-12 07:13:00,63.1
2025-06-12 13:39:00,32.6
2025-06-12 23:05:00,76.3
2025-06-12 03:16:00,49.6
2025-06-12 01:45:00,4.8
2025-06-12 23:57:00,49.889081537019685
2025-06-12 04:51:00,99.6
2025-06-12 02:38:00,48.7
2025-06-12 20:17:00,67.3
2025-06-12 02:34:00,64.8
2025-06-12 23:53:00,60.1
2025-06-12 22:03:00,98.9
2025-06-12 17:08:00,75.2
2025-06-12 02:14:00,79.0
2025-06-12 05:42:00,37.5
2025-06-12 15:14:00,47.2
2025-06-12 06:07:00,49.889081537019685
2025-06-12 10:11:00,35.8
2025-06-12 07:21:00,1.6
2025-06-12 10:31:00,5.8
2025-06-12 00:12:00,20.4
2025-06-12 11:32:00,55.4
2025-06-12 16:32:00,27.0
2025-06-12 14:40:00,21.3
2025-06-12 21:56:00,79.1
2025-06-12 04:13:00,81.7
2025-06-12 01:01:00,5.7
2025-06-12 15:39:00,49.889081537019685
2025-06-12 01:07:00,99.2
2025-06-12 21:11:00,20.6
2025-06-12 02:15:00,4.3
2025-06-12 19:54:00,16.5
2025-06-12 19:16:00,15.3
2025-06-12 00:01:00,49.889081537019685
2025-06-12 04:18:00,49.889081537019685
2025-06-12 12:56:00,45.3
2025-06-12 12:38:00,85.4
2025-06-12 15:13:00,57.9
2025-06-12 08:52:00,11.1
2025-06-12 12:16:00,49.889081537019685
2025-06-12 06:24:00,6.1
2025-06-12 05:45:00,49.889081537019685
2025-06-12 19:30:00,62.1
2025-06-12 05:19:00,79.1
2025-06-12 19:29:00,68.8
2025-06-12 07:09:00,92.1
2025-06-12 01:20:00,15.7
2025-06-12 17:57:00,51.5
2025-06-12 22:16:00,33.2
2025-06-12 08:24:00,5.7
2025-06-12 12:21:00,91.2
2025-06-12 17:54:00,28.6
2025-06-12 23:41:00,98.2
2025-06-12 03:49:00,26.9
2025-06-12 16:30:00,14.0
2025-06-12 03:40:00,2.1
2025-06-12 14:47:00,19.1
2025-06-12 06:15:00,71.1
2025-06-12 21:39:00,31.0
2025-06-12 06:20:00,32.7
2025-06-12 10:09:00,49.889081537019685
2025-06-12 16:47:00,83.1
2025-06-12 00:11:00,16.7
2025-06-12 08:09:00,48.5
2025-06-12 12:34:00,34.2
2025-06-12 15:12:00,32.0
2025-06-12 07:39:00,3.3
2025-06-12 16:27:00,44.0
2025-06-12 20:55:00,92.2
2025-06-12 10:50:00,65.2
2025-06-12 23:58:00,25.7
2025-06-12 09:23:00,49.889081537019685
2025-06-12 17:27:00,22.2
2025-06-12 14:18:00,49.889081537019685
2025-06-12 09:53:00,2.2
2025-06-12 15:47:00,21.1
2025-06-12 08:35:00,67.8
2025-06-12 18:04:00,38.5
2025-06-12 18:09:00,98.3
2025-06-12 03:15:00,9.2
2025-06-12 14:06:00,49.889081537019685
2025-06-12 09:32:00,73.3
2025-06-12 11:16:00,49.889081537019685
2025-06-12 18:38:00,92.9
2025-06-12 19:50:00,38.3
2025-06-12 07:57:00,1.6
2025-06-12 02:00:00,70.9
2025-06-12 13:57:00,97.0
2025-06-12 19:13:00,76.2
2025-06-12 22:02:00,49.889081537019685
2025-06-12 00:56:00,54.6
2025-06-12 04:36:00,54.6
2025-06-12 07:52:00,15.6
2025-06-12 20:56:00,50.0
2025-06-12 21:47:00,58.3
2025-06-12 06:08:00,12.9
2025-06-12 17:48:00,98.5
2025-06-12 16:59:00,4.3
2025-06-12 04:25:00,41.7
2025-06-12 19:48:00,11.4
2025-06-12 02:16:00,49.889081537019685
2025-06-12 06:06:00,97.0
2025-06-12 17:16:00,48.5
2025-06-12 16:55:00,66.7
2025-06-12 06:25:00,49.889081537019685
2025-06-12 06:11:00,73.0
2025-06-12 17:49:00,49.889081537019685
2025-06-12 13:09:00,39.1
2025-06-12 09:17:00,97.6
2025-06-12 10:33:00,8.5
2025-06-12 00:57:00,83.0
2025-06-12 17:46:00,35.7
2025-06-12 21:17:00,93.0
2025-06-12 14:39:00,9.5
2025-06-12 13:50:00,54.5
2025-06-12 22:37:00,76.2
2025-06-12 18:40:00,10.5
2025-06-12 18:15:00,34.8
2025-06-12 12:30:00,90.0
2025-06-12 20:47:00,13.1
2025-06-12 08:56:00,19.2
2025-06-12 16:41:00,77.1
2025-06-12 02:11:00,19.9
2025-06-12 01:26:00,94.4
2025-06-12 09:22:00,88.8
2025-06-12 03:09:00,49.889081537019685
2025-06-12 17:04:00,49.889081537019685
2025-06-12 08:32:00,13.9
2025-06-12 16:35:00,66.2
2025-06-12 07:37:00,71.2
2025-06-12 10:14:00,38.3
2025-06-12 20:43:00,8.1
2025-06-12 17:53:00,83.9
2025-06-12 11:23:00,49.889081537019685
2025-06-12 07:55:00,49.889081537019685
2025-06-12 11:47:00,77.3
2025-06-12 07:01:00,8.5
2025-06-12 12:37:00,15.6
2025-06-12 14:37:00,41.5
2025-06-12 10:19:00,54.0
2025-06-12 12:42:00,66.3
2025-06-12 16:49:00,35.8
2025-06-12 03:22:00,73.2
2025-06-12 06:38:00,49.889081537019685
2025-06-12 16:05:00,54.9
2025-06-12 13:19:00,18.4
2025-06-12 20:02:00,39.5
2025-06-12 03:51:00,7.0
2025-06-12 11:54:00,49.889081537019685
2025-06-12 17:28:00,59.1
2025-06-12 17:09:00,76.7
2025-06-12 15:36:00,78.6
2025-06-12 12:08:00,49.889081537019685
2025-06-12 01:47:00,81.9
2025-06-12 03:23:00,1.8
2025-06-12 12:59:00,26.8
2025-06-12 10:32:00,77.4
2025-06-12 18:21:00,6.2
2025-06-12 00:28:00,15.7
2025-06-12 11:05:00,74.5
2025-06-12 06:30:00,3.6
2025-06-12 00:22:00,21.8
2025-06-12 07:59:00,43.0
2025-06-12 00:58:00,58.1
2025-06-12 07:27:00,4.3
2025-06-12 08:43:00,49.889081537019685
2025-06-12 06:27:00,14.6
2025-06-12 15:17:00,49.889081537019685
2025-06-12 00:38:00,62.7
2025-06-12 14:53:00,47.4
2025-06-12 07:42:00,50.1
2025-06-12 15:09:00,49.889081537019685
2025-06-12 00:17:00,70.5
2025-06-12 19:46:00,44.9
2025-06-12 05:31:00,92.2
2025-06-12 19:53:00,16.0
2025-06-12 07:04:00,95.3
2025-06-12 19:38:00,52.1
2025-06-12 19:21:00,98.6
2025-06-12 14:28:00,33.2
2025-06-12 15:55:00,99.3
2025-06-12 22:45:00,28.5
2025-06-12 00:03:00,49.889081537019685
2025-06-12 23:08:00,69.8
2025-06-12 03:03:00,92.5
2025-06-12 00:59:00,21.5
2025-06-12 06:37:00,33.4
2025-06-12 07:00:00,48.6
2025-06-12 01:44:00,32.1
2025-06-12 13:37:00,82.3
2025-06-12 04:04:00,49.889081537019685
2025-06-12 04:29:00,49.889081537019685
2025-06-12 05:35:00,58.9
2025-06-12 08:06:00,49.889081537019685
2025-06-12 13:01:00,31.7
2025-06-12 02:27:00,47.5
2025-06-12 06:53:00,79.2
2025-06-12 23:13:00,62.0
2025-06-12 01:52:00,72.6
2025-06-12 01:58:00,76.7
2025-06-12 08:49:00,90.5
2025-06-12 01:37:00,79.9
2025-06-12 08:31:00,86.9
2025-06-12 15:07:00,69.7
2025-06-12 13:32:00,59.5
2025-06-12 15:45:00,52.5
2025-06-12 05:10:00,49.889081537019685
2025-06-12 05:09:00,71.8
2025-06-12 12:09:00,57.4
2025-06-12 16:00:00,96.1
2025-06-12 06:36:00,98.3
2025-06-12 15:58:00,49.889081537019685
2025-06-12 03:12:00,45.9
2025-06-12 03:39:00,49.889081537019685
2025-06-12 08:20:00,90.4
2025-06-12 08:08:00,70.1
2025-06-12 05:23:00,30.1
2025-06-12 05:08:00,5.5
2025-06-12 19:42:00,95.9
2025-06-12 16:26:00,19.2
2025-06-12 07:10:00,41.9
2025-06-12 10:24:00,60.2
2025-06-12 13:29:00,31.0
2025-06-12 01:31:00,87.5
2025-06-12 01:50:00,41.6
2025-06-12 08:27:00,12.2
2025-06-12 20:04:00,92.2
2025-06-12 11:28:00,80.4
2025-06-12 01:24:00,9.6
2025-06-12 02:19:00,16.7
2025-06-12 13:04:00,96.3
2025-06-12 20:52:00,79.6
2025-06-12 00:25:00,1.0
2025-06-12 13:46:00,45.8
2025-06-12 00:42:00,50.1
2025-06-12 23:15:00,60.3
2025-06-12 01:48:00,63.4
2025-06-12 10:22:00,35.6
2025-06-12 20:09:00,79.5
2025-06-12 03:30:00,24.4
2025-06-12 11:02:00,81.6
2025-06-12 04:32:00,15.5
2025-06-12 19:58:00,69.3
2025-06-12 15:08:00,11.7
2025-06-12 23:18:00,30.5
2025-06-12 00:09:00,70.2
2025-06-12 08:38:00,12.9
2025-06-12 11:37:00,5.3
2025-06-12 00:21:00,25.8
2025-06-12 21:03:00,82.5
2025-06-12 06:57:00,49.889081537019685
2025-06-12 15:40:00,85.8
2025-06-12 04:31:00,12.1
2025-06-12 14:26:00,92.4
2025-06-12 07:28:00,49.889081537019685
2025-06-12 17:45:00,3.7
2025-06-12 19:27:00,55.3
2025-06-12 05:01:00,49.889081537019685
2025-06-12 12:35:00,80.1
2025-06-12 19:43:00,28.1
2025-06-12 06:26:00,92.1
2025-06-12 12:00:00,72.1
2025-06-12 06:45:00,49.889081537019685
2025-06-12 09:48:00,83.1
2025-06-12 07:40:00,78.4
2025-06-12 15:50:00,61.6
2025-06-12 13:52:00,87.7
2025-06-12 11:08:00,71.9
2025-06-12 04:55:00,96.6
2025-06-12 13:45:00,52.9
2025-06-12 15:56:00,88.0
2025-06-12 18:00:00,49.889081537019685
2025-06-12 17:38:00,81.5
2025-06-12 18:41:00,60.7
2025-06-12 21:41:00,23.0
2025-06-12 22:05:00,49.889081537019685
2025-06-12 16:40:00,28.1
2025-06-12 08:21:00,49.889081537019685
2025-06-12 02:29:00,93.9
2025-06-12 17:02:00,26.9
2025-06-12 23:06:00,63.9
2025-06-12 03:05:00,24.7
2025-06-12 13:36:00,77.6
2025-06-12 12:46:00,28.7
2025-06-12 03:43:00,87.6
2025-06-12 09:58:00,91.0
2025-06-12 08:01:00,73.2
2025-06-12 03:31:00,65.6
2025-06-12 21:37:00,92.4
2025-06-12 01:35:00,37.5
2025-06-12 09:59:00,12.8
2025-06-12 13:53:00,19.9
2025-06-12 15:18:00,60.0
2025-06-12 08:29:00,88.6
2025-06-12 21:56:00,78.8
2025-06-12 01:44:00,4.3
2025-06-12 22:34:00,19.3
2025-06-12 06:39:00,56.9
2025-06-12 11:59:00,22.2
2025-06-12 02:35:00,50.12778039031272
2025-06-12 23:21:00,12.6
2025-06-12 05:08:00,78.9
2025-06-12 20:32:00,23.4
2025-06-12 05:31:00,17.2
2025-06-12 02:50:00,95.7
2025-06-12 19:48:00,33.4
2025-06-12 23:11:00,63.8
2025-06-12 03:59:00,23.7
2025-06-12 07:49:00,89.9
2025-06-12 03:09:00,86.6
2025-06-12 10:40:00,14.2
2025-06-12 17:57:00,50.12778039031272
2025-06-12 13:35:00,57.7
2025-06-12 13:20:00,69.0
2025-06-12 01:03:00,91.7
2025-06-12 01:42:00,61.4
2025-06-12 10:42:00,15.8
2025-06-12 12:25:00,95.0
2025-06-12 23:27:00,2.1
2025-06-12 08:18:00,2.4
2025-06-12 15:21:00,40.6
2025-06-12 11:12:00,50.12778039031272
2025-06-12 17:09:00,42.9
2025-06-12 13:00:00,29.0
2025-06-12 22:50:00,34.8
2025-06-12 12:34:00,90.6
2025-06-12 16:02:00,0.6
2025-06-12 13:37:00,34.9
2025-06-12 18:41:00,58.7
2025-06-12 00:13:00,18.3
2025-06-12 04:04:00,81.3
2025-06-12 13:51:00,50.12778039031272
2025-06-12 23:47:00,50.12778039031272
2025-06-12 14:24:00,91.8
2025-06-12 17:59:00,12.5
2025-06-12 01:01:00,16.9
2025-06-12 03:19:00,21.7
2025-06-12 11:27:00,59.3
2025-06-12 05:59:00,79.2
2025-06-12 07:04:00,97.9
2025-06-12 01:19:00,44.8
2025-06-12 12:58:00,67.7
2025-06-12 20:56:00,50.12778039031272
2025-06-12 05:12:00,94.8
2025-06-12 19:28:00,3.2
2025-06-12 12:38:00,70.8
2025-06-12 10:33:00,77.0
2025-06-12 20:59:00,69.7
2025-06-12 13:11:00,19.9
2025-06-12 13:29:00,62.8
2025-06-12 04:44:00,39.4
2025-06-12 16:12:00,50.12778039031272
2025-06-12 22:15:00,50.12778039031272
2025-06-12 21:44:00,59.5
2025-06-12 10:53:00,70.4
2025-06-12 05:48:00,26.9
2025-06-12 15:03:00,40.6
2025-06-12 05:09:00,68.2
2025-06-12 22:43:00,49.8
2025-06-12 22:13:00,64.7
2025-06-12 17:07:00,83.8
2025-06-12 09:39:00,13.6
2025-06-12 04:55:00,55.8
2025-06-12 00:24:00,28.5
2025-06-12 12:40:00,38.2
2025-06-12 15:48:00,45.1
2025-06-12 02:47:00,80.3
2025-06-12 21:32:00,62.5
2025-06-12 03:10:00,29.9
2025-06-12 08:52:00,50.12778039031272
2025-06-12 21:21:00,40.3
2025-06-12 14:51:00,91.9
2025-06-12 18:23:00,72.8
2025-06-12 21:06:00,19.7
2025-06-12 01:17:00,1.3
2025-06-12 23:36:00,50.12778039031272
2025-06-12 01:35:00,7.0
2025-06-12 09:20:00,50.12778039031272
2025-06-12 10:47:00,50.12778039031272
2025-06-12 18:48:00,50.12778039031272
2025-06-12 19:03:00,19.4
2025-06-12 00:36:00,20.2
2025-06-12 16:06:00,50.12778039031272
2025-06-12 01:52:00,77.8
2025-06-12 10:21:00,26.5
2025-06-12 21:18:00,86.2
2025-06-12 23:19:00,6.9
2025-06-12 19:50:00,48.7
2025-06-12 19:42:00,16.8
2025-06-12 13:28:00,52.8
2025-06-12 06:12:00,17.0
2025-06-12 00:37:00,50.12778039031272
2025-06-12 10:56:00,81.5
2025-06-12 17:16:00,22.8
2025-06-12 16:57:00,47.3
2025-06-12 09:17:00,40.7
2025-06-12 14:05:00,55.3
2025-06-12 14:33:00,99.8
2025-06-12 23:48:00,92.1
2025-06-12 21:20:00,22.0
2025-06-12 11:08:00,53.7
2025-06-12 20:12:00,78.1
2025-06-12 04:17:00,62.8
2025-06-12 06:02:00,20.1
2025-06-12 08:16:00,65.8
2025-06-12 06:17:00,61.7
2025-06-12 02:20:00,20.0
2025-06-12 12:46:00,66.4
2025-06-12 18:04:00,53.8
2025-06-12 23:58:00,62.8
2025-06-12 10:44:00,58.6
2025-06-12 00:42:00,50.12778039031272
2025-06-12 10:59:00,7.8
2025-06-12 15:25:00,10.5
2025-06-12 09:21:00,51.1
2025-06-12 12:33:00,64.3
2025-06-12 16:23:00,57.7
2025-06-12 23:50:00,88.1
2025-06-12 10:49:00,93.7
2025-06-12 10:51:00,3.3
2025-06-12 06:14:00,36.7
2025-06-12 11:58:00,35.2
2025-06-12 06:56:00,65.1
2025-06-12 22:42:00,64.7
2025-06-12 01:16:00,1.2
2025-06-12 10:09:00,78.4
2025-06-12 03:11:00,89.0
2025-06-12 14:23:00,58.5
2025-06-12 21:13:00,45.5
2025-06-12 05:15:00,23.2
2025-06-12 08:48:00,26.3
2025-06-12 21:35:00,72.7
2025-06-12 18:43:00,50.12778039031272
2025-06-12 16:40:00,21.4
2025-06-12 20:17:00,92.0
2025-06-12 03:29:00,40.7
2025-06-12 15:24:00,33.8
2025-06-12 15:22:00,35.4
2025-06-12 16:47:00,33.1
2025-06-12 17:37:00,74.0
2025-06-12 03:31:00,16.6
2025-06-12 11:07:00,90.8
2025-06-12 04:47:00,61.1
2025-06-12 08:03:00,45.2
2025-06-12 09:18:00,26.6
2025-06-12 20:13:00,33.0
2025-06-12 22:12:00,56.5
2025-06-12 14:25:00,45.6
2025-06-12 13:10:00,69.6
2025-06-12 14:34:00,14.3
2025-06-12 21:46:00,44.3
2025-06-12 06:51:00,50.12778039031272
2025-06-12 07:32:00,37.0
2025-06-12 06:53:00,34.3
2025-06-12 01:05:00,98.6
2025-06-12 11:49:00,90.9
2025-06-12 20:06:00,12.7
2025-06-12 16:26:00,58.7
2025-06-12 00:19:00,50.12778039031272
2025-06-12 10:12:00,54.4
2025-06-12 04:24:00,50.12778039031272
2025-06-12 10:06:00,31.1
2025-06-12 21:01:00,37.8
2025-06-12 16:03:00,50.4
2025-06-12 17:01:00,68.4
2025-06-12 15:00:00,95.1
2025-06-12 07:38:00,50.12778039031272
2025-06-12 01:38:00,84.7
2025-06-12 14:18:00,50.12778039031272
2025-06-12 00:44:00,56.7
2025-06-12 20:50:00,27.3
2025-06-12 16:11:00,28.9
2025-06-12 21:19:00,54.7
2025-06-12 05:25:00,50.12778039031272
2025-06-12 22:55:00,21.9
2025-06-12 22:23:00,95.8
2025-06-12 14:28:00,38.0
2025-06-12 19:11:00,75.0
2025-06-12 03:38:00,50.12778039031272
2025-06-12 04:46:00,44.4
2025-06-12 12:48:00,62.7
2025-06-12 04:57:00,0.4
2025-06-12 11:13:00,48.6
2025-06-12 16:35:00,69.3
2025-06-12 16:25:00,76.0
2025-06-12 02:59:00,87.1
2025-06-12 04:39:00,95.7
2025-06-12 05:37:00,50.12778039031272
2025-06-12 23:31:00,50.12778039031272
2025-06-12 06:45:00,80.7
2025-06-12 00:45:00,50.12778039031272
2025-06-12 02:10:00,73.0
2025-06-12 06:50:00,27.1
2025-06-12 19:44:00,50.12778039031272
2025-06-12 02:03:00,39.8
2025-06-12 08:50:00,50.12778039031272
2025-06-12 02:12:00,54.8
2025-06-12 17:26:00,99.4
2025-06-12 22:06:00,73.7
2025-06-12 02:55:00,50.12778039031272
2025-06-12 22:28:00,50.12778039031272
2025-06-12 03:56:00,1.7
2025-06-12 04:41:00,3.4
2025-06-12 17:04:00,28.7
2025-06-12 04:53:00,50.12778039031272
2025-06-12 12:47:00,89.9
2025-06-12 08:33:00,40.3
2025-06-12 09:16:00,65.9
2025-06-12 22:08:00,50.7
2025-06-12 06:37:00,57.5
2025-06-12 12:12:00,11.0
2025-06-12 10:41:00,26.0
2025-06-12 09:15:00,50.12778039031272
2025-06-12 06:30:00,50.12778039031272
2025-06-12 11:00:00,75.5
2025-06-12 07:54:00,9.0
2025-06-12 11:15:00,13.6
2025-06-12 18:25:00,50.12778039031272
2025-06-12 13:54:00,51.1
2025-06-12 13:46:00,66.5
2025-06-12 19:57:00,94.9
2025-06-12 14:41:00,19.3
2025-06-12 08:06:00,23.0
2025-06-12 08:41:00,58.6
2025-06-12 20:23:00,32.4
2025-06-12 10:37:00,28.9
2025-06-12 21:40:00,88.8
2025-06-12 10:35:00,50.12778039031272
2025-06-12 08:53:00,35.4
2025-06-12 04:25:00,53.8
2025-06-12 23:35:00,92.7
2025-06-12 06:43:00,50.12778039031272
2025-06-12 00:03:00,67.5
2025-06-12 23:32:00,97.9
2025-06-12 21:26:00,2.4
2025-06-12 03:04:00,50.12778039031272
2025-06-12 07:51:00,15.8
2025-06-12 07:42:00,17.9
2025-06-12 23:13:00,50.12778039031272
2025-06-12 03:15:00,76.4
2025-06-12 11:06:00,30.7
2025-06-12 04:12:00,59.9
2025-06-12 16:50:00,79.0
2025-06-12 23:12:00,50.12778039031272
2025-06-12 19:32:00,71.2
2025-06-12 18:21:00,47.0
2025-06-12 04:26:00,10.9
2025-06-12 01:09:00,80.8
2025-06-12 23:38:00,69.7
2025-06-12 06:19:00,72.7
2025-06-12 14:56:00,60.2
2025-06-12 11:02:00,30.8
2025-06-12 23:02:00,31.6
2025-06-12 19:23:00,38.8
2025-06-12 14:14:00,50.12778039031272
2025-06-12 17:35:00,50.12778039031272
2025-06-12 06:25:00,2.7
2025-06-12 23:09:00,50.12778039031272
2025-06-12 17:44:00,78.3
2025-06-12 17:36:00,50.12778039031272
2025-06-12 07:25:00,73.1
2025-06-12 22:16:00,20.3
2025-06-12 14:12:00,62.9
2025-06-12 21:17:00,42.8
2025-06-12 16:30:00,51.5
2025-06-12 15:13:00,50.12778039031272
2025-06-12 01:13:00,17.8
2025-06-12 14:32:00,50.12778039031272
2025-06-12 01:04:00,75.9
2025-06-12 07:52:00,87.6
2025-06-12 19:37:00,89.9
2025-06-12 18:39:00,12.6
2025-06-12 23:43:00,52.5
2025-06-12 20:57:00,50.12778039031272
2025-06-12 19:38:00,95.9
2025-06-12 00:47:00,95.3
2025-06-12 17:03:00,4.5
2025-06-12 13:07:00,61.4
2025-06-12 09:34:00,40.8
2025-06-12 20:08:00,88.6
2025-06-12 01:07:00,98.6
2025-06-12 14:45:00,49.8
2025-06-12 06:54:00,20.1
2025-06-12 04:58:00,50.1655304792927
2025-06-12 06:39:00,76.1
2025-06-12 20:22:00,59.4
2025-06-12 14:40:00,50.1655304792927
2025-06-12 15:07:00,89.7
2025-06-12 15:40:00,97.7
2025-06-12 21:25:00,38.1
2025-06-12 22:31:00,28.4
2025-06-12 00:47:00,84.8
2025-06-12 02:55:00,48.2
2025-06-12 15:01:00,50.1655304792927
2025-06-12 18:56:00,42.7
2025-06-12 03:08:00,63.3
2025-06-12 03:36:00,70.7
2025-06-12 07:55:00,59.4
2025-06-12 14:53:00,61.0
2025-06-12 23:00:00,53.8
2025-06-12 23:01:00,62.5
2025-06-12 11:57:00,10.3
2025-06-12 18:36:00,47.6
2025-06-12 03:44:00,74.4
2025-06-12 17:17:00,54.0
2025-06-12 01:55:00,25.8
2025-06-12 21:08:00,41.6
2025-06-12 17:35:00,45.5
2025-06-12 20:48:00,74.9
2025-06-12 14:15:00,45.4
2025-06-12 23:16:00,51.6
2025-06-12 23:39:00,26.0
2025-06-12 20:57:00,35.2
2025-06-12 20:56:00,10.4
2025-06-12 02:35:00,20.5
2025-06-12 04:03:00,50.1655304792927
2025-06-12 21:32:00,36.5
2025-06-12 11:20:00,12.8
2025-06-12 05:04:00,50.1655304792927
2025-06-12 21:33:00,48.7
2025-06-12 17:37:00,56.9
2025-06-12 05:11:00,6.1
2025-06-12 22:50:00,50.1655304792927
2025-06-12 08:57:00,40.0
2025-06-12 03:27:00,20.7
2025-06-12 19:15:00,79.0
2025-06-12 02:43:00,75.1
2025-06-12 10:35:00,99.8
2025-06-12 03:54:00,29.9
2025-06-12 18:54:00,41.0
2025-06-12 17:05:00,50.1655304792927
2025-06-12 10:26:00,14.7
2025-06-12 00:01:00,12.2
2025-06-12 09:41:00,7.3
2025-06-12 07:50:00,17.4
2025-06-12 02:18:00,94.1
2025-06-12 13:38:00,27.3
2025-06-12 23:34:00,65.8
2025-06-12 06:12:00,30.8
2025-06-12 09:49:00,50.1655304792927
2025-06-12 04:53:00,62.7
2025-06-12 02:36:00,17.0
2025-06-12 13:14:00,91.9
2025-06-12 04:35:00,56.5
2025-06-12 05:08:00,78.8
2025-06-12 12:54:00,48.5
2025-06-12 18:29:00,95.2
2025-06-12 14:13:00,91.4
2025-06-12 22:47:00,37.3
2025-06-12 23:17:00,15.0
2025-06-12 21:34:00,50.1655304792927
2025-06-12 17:33:00,74.4
2025-06-12 08:29:00,19.7
2025-06-12 03:41:00,46.5
2025-06-12 21:46:00,55.6
2025-06-12 17:47:00,72.5
2025-06-12 20:58:00,7.0
2025-06-12 19:10:00,47.1
2025-06-12 22:05:00,63.5
2025-06-12 22:06:00,26.4
2025-06-12 00:52:00,16.5
2025-06-12 01:48:00,50.1655304792927
2025-06-12 00:18:00,2.3
2025-06-12 00:36:00,61.2
2025-06-12 12:48:00,98.8
2025-06-12 03:31:00,89.5
2025-06-12 23:33:00,85.6
2025-06-12 03:48:00,4.3
2025-06-12 18:39:00,60.0
2025-06-12 14:55:00,74.2
2025-06-12 04:47:00,10.5
2025-06-12 11:38:00,24.9
2025-06-12 04:43:00,94.5
2025-06-12 20:29:00,50.1655304792927
2025-06-12 21:51:00,54.7
2025-06-12 13:09:00,70.8
2025-06-12 16:36:00,44.7
2025-06-12 23:35:00,41.5
2025-06-12 05:21:00,27.7
2025-06-12 01:29:00,75.9
2025-06-12 14:08:00,2.2
2025-06-12 21:44:00,32.1
2025-06-12 07:13:00,81.0
2025-06-12 05:54:00,89.5
2025-06-12 03:33:00,82.4
2025-06-12 18:59:00,78.1
2025-06-12 03:43:00,68.0
2025-06-12 03:32:00,66.9
2025-06-12 20:32:00,22.6
2025-06-12 00:25:00,40.8
2025-06-12 10:00:00,14.5
2025-06-12 19:55:00,36.4
2025-06-12 04:55:00,61.8
2025-06-12 17:21:00,48.7
2025-06-12 14:52:00,23.0
2025-06-12 11:54:00,1.2
2025-06-12 19:31:00,32.9
2025-06-12 08:56:00,42.8
2025-06-12 23:30:00,36.1
2025-06-12 16:22:00,32.7
2025-06-12 00:29:00,96.5
2025-06-12 05:50:00,57.2
2025-06-12 21:05:00,98.7
2025-06-12 15:49:00,5.9
2025-06-12 05:18:00,57.1
2025-06-12 16:31:00,29.8
2025-06-12 03:49:00,44.0
2025-06-12 12:38:00,24.7
2025-06-12 13:59:00,34.0
2025-06-12 19:09:00,8.0
2025-06-12 01:25:00,87.5
2025-06-12 01:56:00,30.9
2025-06-12 15:54:00,43.0
2025-06-12 00:00:00,58.9
2025-06-12 21:01:00,91.3
2025-06-12 22:46:00,26.3
2025-06-12 03:12:00,63.2
2025-06-12 10:32:00,63.1
2025-06-12 07:37:00,13.9
2025-06-12 19:36:00,93.6
2025-06-12 02:33:00,63.8
2025-06-12 06:24:00,0.5
2025-06-12 11:07:00,55.1
2025-06-12 04:31:00,72.5
2025-06-12 19:27:00,95.7
2025-06-12 22:25:00,96.1
2025-06-12 01:21:00,26.8
2025-06-12 15:43:00,94.5
2025-06-12 13:41:00,43.7
2025-06-12 14:28:00,49.1
2025-06-12 03:34:00,97.0
2025-06-12 12:55:00,71.1
2025-06-12 15:37:00,49.5
2025-06-12 04:14:00,88.6
2025-06-12 06:40:00,2.7
2025-06-12 00:40:00,77.4
2025-06-12 10:16:00,61.6
2025-06-12 09:06:00,77.9
2025-06-12 23:09:00,50.1655304792927
2025-06-12 01:43:00,68.1
2025-06-12 15:47:00,99.1
2025-06-12 06:33:00,53.9
2025-06-12 09:56:00,20.5
2025-06-12 11:35:00,64.1
2025-06-12 19:56:00,50.1655304792927
2025-06-12 14:35:00,35.7
2025-06-12 19:11:00,6.2
2025-06-12 08:53:00,50.1655304792927
2025-06-12 19:50:00,9.2
2025-06-12 02:45:00,9.0
2025-06-12 05:52:00,1.1
2025-06-12 06:29:00,68.3
2025-06-12 01:41:00,63.1
2025-06-12 04:04:00,86.8
2025-06-12 01:16:00,88.8
2025-06-12 13:46:00,8.9
2025-06-12 15:21:00,77.6
2025-06-12 07:24:00,25.3
2025-06-12 10:54:00,50.1655304792927
2025-06-12 05:41:00,54.8
2025-06-12 06:14:00,95.6
2025-06-12 23:56:00,54.2
2025-06-12 03:10:00,50.2
2025-06-12 17:56:00,63.1
2025-06-12 17:36:00,27.5
2025-06-12 18:52:00,50.1655304792927
2025-06-12 03:14:00,50.1655304792927
2025-06-12 15:59:00,50.1655304792927
2025-06-12 02:40:00,64.4
2025-06-12 21:12:00,17.3
2025-06-12 16:40:00,58.9
2025-06-12 23:43:00,51.8
2025-06-12 07:05:00,60.8
2025-06-12 00:16:00,40.4
2025-06-12 19:05:00,94.5
2025-06-12 01:26:00,3.2
2025-06-12 00:55:00,9.3
2025-06-12 14:42:00,7.4
2025-06-12 20:40:00,23.6
2025-06-12 08:20:00,2.2
2025-06-12 00:05:00,53.8
2025-06-12 08:25:00,90.6
2025-06-12 17:28:00,92.0
2025-06-12 03:35:00,74.5
2025-06-12 02:57:00,54.4
2025-06-12 04:56:00,64.7
2025-06-12 05:06:00,50.1655304792927
2025-06-12 19:43:00,50.1655304792927
2025-06-12 01:33:00,12.3
2025-06-12 20:16:00,72.1
2025-06-12 06:18:00,53.4
2025-06-12 01:27:00,50.1655304792927
2025-06-12 14:07:00,26.4
2025-06-12 08:34:00,54.0
2025-06-12 19:22:00,15.8
2025-06-12 12:59:00,50.1655304792927
2025-06-12 03:57:00,29.9
2025-06-12 15:23:00,40.9
2025-06-12 15:08:00,14.6
2025-06-12 01:12:00,56.4
2025-06-12 17:23:00,38.3
2025-06-12 08:15:00,54.6
2025-06-12 02:51:00,27.0
2025-06-12 17:45:00,38.3
2025-06-12 18:44:00,43.6
2025-06-12 04:10:00,37.3
2025-06-12 19:59:00,61.5
2025-06-12 13:52:00,73.7
2025-06-12 02:28:00,49.4
2025-06-12 19:51:00,36.8
2025-06-12 00:43:00,25.3
2025-06-12 07:22:00,87.8
2025-06-12 20:03:00,53.5
2025-06-12 12:40:00,14.6
2025-06-12 10:06:00,50.1655304792927
2025-06-12 20:49:00,54.8
2025-06-12 18:02:00,3.6
2025-06-12 15:06:00,50.1655304792927
2025-06-12 16:01:00,35.6
2025-06-12 22:54:00,22.4
2025-06-12 14:18:00,71.6
2025-06-12 16:11:00,50.1655304792927
2025-06-12 20:25:00,86.0
2025-06-12 01:32:00,11.5
2025-06-12 03:38:00,10.2
2025-06-12 21:09:00,94.4
2025-06-12 05:43:00,88.3
2025-06-12 01:50:00,94.0
2025-06-12 18:49:00,50.1655304792927
2025-06-12 03:42:00,73.0
2025-06-12 03:25:00,46.0
2025-06-12 00:41:00,13.4
2025-06-12 00:30:00,19.4
2025-06-12 02:30:00,79.4
2025-06-12 17:30:00,89.9
2025-06-12 10:30:00,21.5
2025-06-12 03:24:00,59.7
2025-06-12 23:47:00,50.1655304792927
2025-06-12 18:41:00,94.7
2025-06-12 22:19:00,50.1655304792927
2025-06-12 10:49:00,51.1
2025-06-12 03:55:00,50.1655304792927
2025-06-12 23:40:00,56.4
2025-06-12 04:49:00,50.1655304792927
2025-06-12 03:39:00,50.1655304792927
2025-06-12 06:28:00,83.6
2025-06-12 20:04:00,75.2
2025-06-12 19:14:00,42.9
2025-06-12 12:23:00,54.2
2025-06-12 19:21:00,35.9
2025-06-12 02:06:00,88.3
2025-06-12 06:56:00,25.3
2025-06-12 15:28:00,78.8
2025-06-12 23:14:00,64.7
2025-06-12 06:04:00,69.9
2025-06-12 01:59:00,43.8
2025-06-12 00:03:00,19.5
2025-06-12 23:18:00,82.9
2025-06-12 23:07:00,94.2
2025-06-12 23:31:00,75.9
2025-06-12 21:39:00,40.1
2025-06-12 14:12:00,68.3
2025-06-12 07:43:00,37.5
2025-06-12 02:04:00,50.2
2025-06-12 16:49:00,15.1
2025-06-12 22:58:00,67.9
2025-06-12 11:53:00,97.2
2025-06-12 03:29:00,32.9
2025-06-12 15:33:00,67.5
2025-06-12 13:42:00,44.6
2025-06-12 17:01:00,50.1655304792927
2025-06-12 12:42:00,50.0
2025-06-12 02:49:00,84.2
2025-06-12 19:01:00,55.2
2025-06-12 09:34:00,13.9
2025-06-12 21:57:00,13.0
2025-06-12 04:19:00,85.3
2025-06-12 02:57:00,68.2
2025-06-12 17:31:00,50.16485882352941
2025-06-12 18:36:00,50.16485882352941
2025-06-12 20:34:00,90.4
2025-06-12 01:38:00,57.6
2025-06-12 05:58:00,59.2
2025-06-12 17:59:00,50.16485882352941
2025-06-12 11:47:00,50.16485882352941
2025-06-12 17:08:00,50.16485882352941
2025-06-12 22:39:00,98.1
2025-06-12 15:03:00,6.4
2025-06-12 10:36:00,54.5
2025-06-12 14:41:00,67.3
2025-06-12 00:19:00,99.8
2025-06-12 23:50:00,82.5
2025-06-12 16:58:00,50.16485882352941
2025-06-12 17:30:00,50.16485882352941
2025-06-12 17:33:00,50.16485882352941
2025-06-12 19:51:00,19.6
2025-06-12 10:39:00,38.0
2025-06-12 18:55:00,3.3
2025-06-12 04:10:00,53.3
2025-06-12 03:03:00,28.9
2025-06-12 03:42:00,50.16485882352941
2025-06-12 05:35:00,78.0
2025-06-12 01:40:00,43.4
2025-06-12 19:15:00,74.8
2025-06-12 00:51:00,44.6
2025-06-12 00:49:00,15.7
2025-06-12 09:06:00,63.0
2025-06-12 07:57:00,67.0
2025-06-12 19:07:00,48.0
2025-06-12 00:42:00,99.1
2025-06-12 06:53:00,13.1
2025-06-12 00:52:00,7.9
2025-06-12 04:09:00,59.1
2025-06-12 11:07:00,25.1
2025-06-12 13:18:00,32.7
2025-06-12 10:27:00,3.0
2025-06-12 13:02:00,65.2
2025-06-12 00:09:00,45.9
2025-06-12 02:10:00,74.5
2025-06-12 20:46:00,45.9
2025-06-12 09:07:00,90.2
2025-06-12 21:26:00,35.2
2025-06-12 06:20:00,39.6
2025-06-12 08:43:00,67.5
2025-06-12 14:14:00,70.9
2025-06-12 00:10:00,13.0
2025-06-12 16:11:00,81.9
2025-06-12 03:11:00,48.6
2025-06-12 03:34:00,68.0
2025-06-12 08:21:00,5.9
2025-06-12 21:06:00,79.7
2025-06-12 12:58:00,50.9
2025-06-12 12:36:00,50.16485882352941
2025-06-12 07:49:00,41.3
2025-06-12 03:04:00,59.8
2025-06-12 00:58:00,98.5
2025-06-12 16:34:00,63.3
2025-06-12 02:03:00,0.3
2025-06-12 14:09:00,16.7
2025-06-12 03:45:00,19.7
2025-06-12 22:51:00,22.6
2025-06-12 06:10:00,72.0
2025-06-12 15:31:00,29.2
2025-06-12 06:04:00,77.6
2025-06-12 05:28:00,95.1
2025-06-12 09:37:00,26.7
2025-06-12 22:36:00,50.16485882352941
2025-06-12 01:57:00,18.4
2025-06-12 22:41:00,50.16485882352941
2025-06-12 01:32:00,85.4
2025-06-12 05:00:00,50.16485882352941
2025-06-12 11:32:00,98.1
2025-06-12 16:15:00,67.7
2025-06-12 01:28:00,86.6
2025-06-12 01:37:00,52.5
2025-06-12 07:40:00,50.1
2025-06-12 04:11:00,2.8
2025-06-12 18:45:00,46.5
2025-06-12 23:21:00,87.8
2025-06-12 20:26:00,24.9
2025-06-12 22:53:00,17.7
2025-06-12 03:23:00,67.4
2025-06-12 10:08:00,54.7
2025-06-12 06:26:00,50.16485882352941
2025-06-12 12:12:00,16.9
2025-06-12 21:45:00,5.3
2025-06-12 03:28:00,84.0
2025-06-12 19:56:00,39.2
2025-06-12 12:26:00,85.8
2025-06-12 07:41:00,38.7
2025-06-12 01:03:00,62.5
2025-06-12 03:37:00,39.7
2025-06-12 20:24:00,50.16485882352941
2025-06-12 04:18:00,70.4
2025-06-12 02:06:00,35.1
2025-06-12 16:40:00,50.16485882352941
2025-06-12 00:25:00,34.4
2025-06-12 07:46:00,17.4
2025-06-12 19:09:00,30.8
2025-06-12 09:42:00,65.7
2025-06-12 05:41:00,64.8
2025-06-12 21:48:00,92.8
2025-06-12 23:15:00,17.2
2025-06-12 04:37:00,33.6
2025-06-12 11:02:00,40.7
2025-06-12 07:31:00,90.9
2025-06-12 15:35:00,46.2
2025-06-12 01:00:00,72.6
2025-06-12 23:01:00,65.6
2025-06-12 00:38:00,92.5
2025-06-12 11:17:00,56.7
2025-06-12 06:30:00,53.4
2025-06-12 06:05:00,5.5
2025-06-12 00:15:00,50.16485882352941
2025-06-12 05:57:00,50.16485882352941
2025-06-12 21:34:00,98.1
2025-06-12 17:37:00,66.2
2025-06-12 23:59:00,6.9
2025-06-12 08:38:00,53.2
2025-06-12 07:00:00,44.7
2025-06-12 04:28:00,24.4
2025-06-12 06:08:00,66.9
2025-06-12 12:33:00,87.3
2025-06-12 20:13:00,22.9
2025-06-12 23:38:00,50.16485882352941
2025-06-12 14:47:00,98.1
2025-06-12 20:14:00,96.8
2025-06-12 00:54:00,78.0
2025-06-12 15:34:00,76.8
2025-06-12 00:18:00,20.1
2025-06-12 01:15:00,18.6
2025-06-12 00:16:00,23.4
2025-06-12 19:28:00,3.9
2025-06-12 06:02:00,68.0
2025-06-12 06:27:00,50.16485882352941
2025-06-12 16:49:00,50.16485882352941
2025-06-12 06:25:00,63.3
2025-06-12 18:11:00,50.16485882352941
2025-06-12 02:49:00,29.6
2025-06-12 02:46:00,9.5
2025-06-12 16:06:00,40.8
2025-06-12 01:22:00,74.8
2025-06-12 09:39:00,97.7
2025-06-12 18:31:00,50.16485882352941
2025-06-12 08:17:00,50.16485882352941
2025-06-12 00:36:00,49.9
2025-06-12 10:18:00,69.9
2025-06-12 17:32:00,29.0
2025-06-12 06:46:00,21.0
2025-06-12 06:43:00,50.16485882352941
2025-06-12 01:10:00,20.0
2025-06-12 06:12:00,14.2
2025-06-12 05:56:00,50.16485882352941
2025-06-12 21:42:00,78.6
2025-06-12 15:29:00,28.0
2025-06-12 15:50:00,59.3
2025-06-12 08:29:00,50.6
2025-06-12 23:40:00,43.6
2025-06-12 21:46:00,61.4
2025-06-12 20:57:00,69.4
2025-06-12 14:26:00,8.6
2025-06-12 21:49:00,9.9
2025-06-12 20:02:00,68.5
2025-06-12 17:46:00,72.9
2025-06-12 00:23:00,58.5
2025-06-12 03:17:00,50.16485882352941
2025-06-12 10:53:00,40.0
2025-06-12 05:36:00,35.9
2025-06-12 09:15:00,95.6
2025-06-12 23:18:00,49.5
2025-06-12 02:34:00,50.8
2025-06-12 07:01:00,22.4
2025-06-12 02:32:00,30.3
2025-06-12 12:50:00,9.5
2025-06-12 08:27:00,99.5
2025-06-12 04:13:00,33.3
2025-06-12 16:19:00,88.5
2025-06-12 18:26:00,70.9
2025-06-12 11:48:00,50.16485882352941
2025-06-12 22:43:00,77.8
2025-06-12 03:54:00,45.7
2025-06-12 08:23:00,66.5
2025-06-12 16:57:00,31.4
2025-06-12 21:35:00,46.0
2025-06-12 00:01:00,84.9
2025-06-12 12:59:00,50.16485882352941
2025-06-12 00:12:00,35.7
2025-06-12 19:30:00,45.8
2025-06-12 15:30:00,52.6
2025-06-12 08:35:00,66.0
2025-06-12 08:50:00,50.16485882352941
2025-06-12 07:23:00,87.7
2025-06-12 19:55:00,14.5
2025-06-12 16:07:00,50.16485882352941
2025-06-12 23:36:00,66.9
2025-06-12 16:28:00,88.8
2025-06-12 04:44:00,67.3
2025-06-12 08:10:00,50.16485882352941
2025-06-12 11:46:00,70.1
2025-06-12 07:03:00,39.3
2025-06-12 07:14:00,50.16485882352941
2025-06-12 06:34:00,46.8
2025-06-12 23:47:00,91.9
2025-06-12 10:46:00,65.3
2025-06-12 18:53:00,27.1
2025-06-12 00:31:00,7.0
2025-06-12 22:29:00,32.6
2025-06-12 23:24:00,46.0
2025-06-12 22:07:00,15.7
2025-06-12 10:10:00,50.16485882352941
2025-06-12 18:23:00,38.9
2025-06-12 13:56:00,88.8
2025-06-12 03:15:00,19.3
2025-06-12 17:35:00,8.6
2025-06-12 09:29:00,34.0
2025-06-12 10:43:00,49.8
2025-06-12 07:02:00,50.16485882352941
2025-06-12 12:51:00,88.0
2025-06-12 19:59:00,22.8
2025-06-12 05:51:00,82.1
2025-06-12 19:11:00,99.9
2025-06-12 18:04:00,76.1
2025-06-12 21:04:00,80.8
2025-06-12 22:24:00,15.1
2025-06-12 17:51:00,44.5
2025-06-12 23:03:00,15.2
2025-06-12 01:24:00,71.9
2025-06-12 06:15:00,18.9
2025-06-12 09:01:00,24.1
2025-06-12 07:22:00,29.9
2025-06-12 10:57:00,94.1
2025-06-12 07:48:00,89.1
2025-06-12 16:42:00,71.8
2025-06-12 20:10:00,79.3
2025-06-12 11:28:00,77.3
2025-06-12 07:28:00,45.9
2025-06-12 00:35:00,49.8
2025-06-12 23:07:00,50.16485882352941
2025-06-12 23:29:00,50.16485882352941
2025-06-12 04:30:00,78.7
2025-06-12 17:52:00,50.16485882352941
2025-06-12 06:03:00,47.3
2025-06-12 06:21:00,95.3
2025-06-12 22:45:00,32.0
2025-06-12 09:41:00,50.16485882352941
2025-06-12 04:27:00,79.6
2025-06-12 13:38:00,0.6
2025-06-12 11:42:00,14.7
2025-06-12 20:16:00,24.0
2025-06-12 23:49:00,14.6
2025-06-12 14:00:00,50.16485882352941
2025-06-12 19:31:00,63.3
2025-06-12 05:59:00,67.6
2025-06-12 02:35:00,48.9
2025-06-12 20:20:00,69.3
2025-06-12 00:17:00,16.9
2025-06-12 00:33:00,23.5
2025-06-12 22:04:00,50.16485882352941
2025-06-12 17:20:00,50.16485882352941
2025-06-12 13:44:00,16.2
2025-06-12 02:05:00,18.4
2025-06-12 21:55:00,2.9
2025-06-12 01:17:00,47.9
2025-06-12 20:33:00,82.0
2025-06-12 21:27:00,32.3
2025-06-12 08:39:00,50.16485882352941
2025-06-12 07:58:00,37.7
2025-06-12 21:07:00,37.9
2025-06-12 20:53:00,35.5
2025-06-12 17:04:00,84.9
2025-06-12 08:44:00,41.5
2025-06-12 15:40:00,27.5
2025-06-12 16:02:00,31.1
2025-06-12 23:44:00,50.16485882352941
2025-06-12 09:46:00,50.16485882352941
2025-06-12 11:56:00,50.16485882352941
2025-06-12 18:15:00,31.0
2025-06-12 16:12:00,50.16485882352941
2025-06-12 04:45:00,64.9
2025-06-12 09:00:00,14.9
2025-06-12 11:55:00,69.1
2025-06-12 11:40:00,56.0
2025-06-12 22:20:00,8.3
2025-06-12 21:03:00,16.0
2025-06-12 10:02:00,50.16485882352941
2025-06-12 02:08:00,97.6
2025-06-12 05:30:00,90.7
2025-06-12 08:49:00,4.4
2025-06-12 10:30:00,89.6
2025-06-12 00:13:00,32.5
2025-06-12 22:05:00,13.6
2025-06-12 01:05:00,64.2
2025-06-12 18:27:00,50.16485882352941
2025-06-12 10:17:00,12.1
2025-06-12 13:33:00,50.16485882352941
2025-06-12 13:07:00,50.16485882352941
2025-06-12 22:49:00,30.5
2025-06-12 04:43:00,78.5
2025-06-12 22:31:00,83.1
2025-06-12 19:25:00,78.6
2025-06-12 03:10:00,13.2
2025-06-12 06:16:00,50.16485882352941
2025-06-12 06:50:00,50.16485882352941
2025-06-12 07:34:00,77.5
2025-06-12 21:14:00,46.7
2025-06-12 08:34:00,9.5
2025-06-12 21:11:00,1.4
2025-06-12 09:59:00,55.5
2025-06-12 07:05:00,50.9
2025-06-12 20:19:00,49.7
2025-06-12 22:58:00,31.7
2025-06-12 14:36:00,49.40323484760014
2025-06-12 14:54:00,68.6
2025-06-12 09:39:00,25.7
2025-06-12 01:28:00,49.40323484760014
2025-06-12 17:56:00,49.40323484760014
2025-06-12 14:45:00,49.40323484760014
2025-06-12 16:35:00,9.0
2025-06-12 19:05:00,42.8
2025-06-12 19:22:00,52.6
2025-06-12 21:58:00,69.1
2025-06-12 06:43:00,91.4
2025-06-12 08:00:00,62.7
2025-06-12 08:32:00,45.0
2025-06-12 16:49:00,79.9
2025-06-12 04:38:00,33.0
2025-06-12 15:15:00,38.6
2025-06-12 00:01:00,49.40323484760014
2025-06-12 21:08:00,53.4
2025-06-12 08:55:00,84.9
2025-06-12 17:54:00,68.6
2025-06-12 16:54:00,49.40323484760014
2025-06-12 03:36:00,70.3
2025-06-12 17:44:00,29.0
2025-06-12 22:23:00,49.40323484760014
2025-06-12 18:42:00,30.1
2025-06-12 23:25:00,85.4
2025-06-12 23:27:00,59.5
2025-06-12 05:24:00,49.40323484760014
2025-06-12 06:14:00,42.1
2025-06-12 04:56:00,76.0
2025-06-12 06:46:00,14.3
2025-06-12 22:38:00,68.8
2025-06-12 14:28:00,31.8
2025-06-12 09:28:00,33.8
2025-06-12 21:10:00,13.7
2025-06-12 02:39:00,11.0
2025-06-12 17:53:00,6.1
2025-06-12 09:03:00,52.5
2025-06-12 20:13:00,49.40323484760014
2025-06-12 21:06:00,49.40323484760014
2025-06-12 09:13:00,11.1
2025-06-12 05:59:00,50.6
2025-06-12 19:58:00,71.5
2025-06-12 17:50:00,11.8
2025-06-12 11:42:00,48.9
2025-06-12 12:56:00,77.9
2025-06-12 06:01:00,96.6
2025-06-12 04:37:00,40.7
2025-06-12 19:46:00,13.3
2025-06-12 11:10:00,16.6
2025-06-12 13:13:00,96.2
2025-06-12 17:10:00,49.40323484760014
2025-06-12 23:05:00,99.5
2025-06-12 03:28:00,91.3
2025-06-12 06:31:00,64.1
2025-06-12 01:41:00,48.2
2025-06-12 08:46:00,97.5
2025-06-12 14:18:00,22.7
2025-06-12 02:59:00,36.6
2025-06-12 13:50:00,95.5
2025-06-12 16:38:00,28.8
2025-06-12 04:26:00,15.9
2025-06-12 19:00:00,50.3
2025-06-12 00:05:00,70.3
2025-06-12 00:12:00,73.2
2025-06-12 14:55:00,49.40323484760014
2025-06-12 07:56:00,49.40323484760014
2025-06-12 01:44:00,97.8
2025-06-12 06:54:00,13.6
2025-06-12 21:25:00,45.3
2025-06-12 00:16:00,38.6
2025-06-12 13:04:00,56.1
2025-06-12 15:52:00,66.9
2025-06-12 08:08:00,61.3
2025-06-12 03:26:00,95.0
2025-06-12 20:15:00,53.4
2025-06-12 15:24:00,54.6
2025-06-12 03:50:00,88.2
2025-06-12 10:48:00,93.3
2025-06-12 11:14:00,98.1
2025-06-12 08:59:00,50.7
2025-06-12 09:32:00,44.5
2025-06-12 09:07:00,96.6
2025-06-12 21:24:00,39.4
2025-06-12 14:51:00,49.40323484760014
2025-06-12 04:58:00,34.1
2025-06-12 18:08:00,49.40323484760014
2025-06-12 09:53:00,51.2
2025-06-12 23:17:00,76.0
2025-06-12 19:40:00,85.9
2025-06-12 22:15:00,0.7
2025-06-12 08:33:00,81.3
2025-06-12 22:02:00,31.8
2025-06-12 07:32:00,54.7
2025-06-12 10:46:00,49.40323484760014
2025-06-12 20:04:00,72.6
2025-06-12 19:02:00,49.40323484760014
2025-06-12 09:51:00,73.3
2025-06-12 16:03:00,35.7
2025-06-12 22:27:00,58.3
2025-06-12 17:51:00,34.8
2025-06-12 01:09:00,79.5
2025-06-12 01:56:00,81.0
2025-06-12 05:47:00,92.6
2025-06-12 01:10:00,55.3
2025-06-12 04:25:00,48.8
2025-06-12 22:03:00,62.9
2025-06-12 09:18:00,83.4
2025-06-12 23:20:00,49.40323484760014
2025-06-12 11:39:00,70.0
2025-06-12 03:15:00,83.9
2025-06-12 01:04:00,49.40323484760014
2025-06-12 05:17:00,79.6
2025-06-12 12:29:00,17.7
2025-06-12 15:35:00,9.7
2025-06-12 06:04:00,8.6
2025-06-12 10:14:00,13.2
2025-06-12 23:58:00,13.3
2025-06-12 01:46:00,64.4
2025-06-12 01:06:00,7.4
2025-06-12 12:37:00,49.1
2025-06-12 17:12:00,44.5
2025-06-12 14:34:00,75.2
2025-06-12 02:34:00,49.0
2025-06-12 03:53:00,11.2
2025-06-12 01:33:00,54.4
2025-06-12 22:50:00,59.4
2025-06-12 14:09:00,59.7
2025-06-12 08:15:00,61.3
2025-06-12 13:19:00,92.5
2025-06-12 17:23:00,59.5
2025-06-12 22:14:00,19.5
2025-06-12 17:32:00,43.0
2025-06-12 22:28:00,95.8
2025-06-12 14:06:00,49.40323484760014
2025-06-12 19:23:00,49.40323484760014
2025-06-12 08:17:00,42.4
2025-06-12 05:10:00,27.3
2025-06-12 05:50:00,31.3
2025-06-12 06:05:00,17.3
2025-06-12 00:29:00,68.1
2025-06-12 23:45:00,90.9
2025-06-12 06:39:00,49.40323484760014
2025-06-12 10:32:00,59.9
2025-06-12 01:22:00,15.5
2025-06-12 08:50:00,6.3
2025-06-12 14:11:00,49.40323484760014
2025-06-12 09:16:00,17.9
2025-06-12 12:01:00,33.5
2025-06-12 19:21:00,33.7
2025-06-12 20:39:00,23.1
2025-06-12 03:37:00,23.6
2025-06-12 19:31:00,78.2
2025-06-12 17:47:00,49.40323484760014
2025-06-12 03:45:00,12.6
2025-06-12 22:10:00,16.0
2025-06-12 10:36:00,15.5
2025-06-12 09:23:00,6.3
2025-06-12 22:21:00,49.40323484760014
2025-06-12 15:39:00,20.2
2025-06-12 20:41:00,66.3
2025-06-12 04:35:00,70.5
2025-06-12 03:09:00,94.3
2025-06-12 21:42:00,22.5
2025-06-12 21:33:00,52.7
2025-06-12 13:56:00,50.3
2025-06-12 23:07:00,49.40323484760014
2025-06-12 00:54:00,11.2
2025-06-12 04:52:00,87.5
2025-06-12 06:22:00,68.8
2025-06-12 15:19:00,55.4
2025-06-12 13:28:00,76.8
2025-06-12 04:17:00,47.9
2025-06-12 03:29:00,49.40323484760014
2025-06-12 09:45:00,48.6
2025-06-12 11:57:00,54.9
2025-06-12 21:46:00,14.3
2025-06-12 12:14:00,70.2
2025-06-12 10:00:00,47.7
2025-06-12 15:04:00,69.8
2025-06-12 13:18:00,38.1
2025-06-12 11:43:00,64.4
2025-06-12 09:08:00,42.3
2025-06-12 13:44:00,82.1
2025-06-12 06:50:00,86.1
2025-06-12 06:18:00,31.2
2025-06-12 21:19:00,31.6
2025-06-12 21:56:00,31.1
2025-06-12 02:32:00,39.8
2025-06-12 23:52:00,41.5
2025-06-12 14:16:00,18.1
2025-06-12 01:24:00,69.1
2025-06-12 11:45:00,49.40323484760014
2025-06-12 01:05:00,76.2
2025-06-12 21:05:00,30.9
2025-06-12 04:16:00,53.3
2025-06-12 22:39:00,49.40323484760014
2025-06-12 11:12:00,64.2
2025-06-12 20:22:00,49.40323484760014
2025-06-12 19:41:00,1.3
2025-06-12 21:13:00,49.40323484760014
2025-06-12 12:02:00,49.40323484760014
2025-06-12 11:17:00,49.40323484760014
2025-06-12 10:28:00,14.1
2025-06-12 09:05:00,84.6
2025-06-12 14:24:00,16.0
2025-06-12 16:12:00,86.2
2025-06-12 20:14:00,6.0
2025-06-12 08:49:00,49.40323484760014
2025-06-12 06:56:00,35.8
2025-06-12 04:59:00,58.1
2025-06-12 20:23:00,49.40323484760014
2025-06-12 18:09:00,93.5
2025-06-12 15:30:00,3.9
2025-06-12 08:13:00,92.9
2025-06-12 09:44:00,94.0
2025-06-12 21:18:00,77.2
2025-06-12 19:36:00,88.5
2025-06-12 17:38:00,73.8
2025-06-12 20:17:00,53.3
2025-06-12 05:11:00,47.1
2025-06-12 09:29:00,84.4
2025-06-12 12:05:00,49.40323484760014
2025-06-12 23:40:00,93.2
2025-06-12 13:10:00,5.3
2025-06-12 23:03:00,91.7
2025-06-12 13:15:00,7.4
2025-06-12 05:57:00,35.4
2025-06-12 06:25:00,77.5
2025-06-12 14:17:00,5.2
2025-06-12 00:50:00,69.6
2025-06-12 15:45:00,62.8
2025-06-12 23:42:00,70.5
2025-06-12 16:08:00,77.5
2025-06-12 11:18:00,24.9
2025-06-12 04:13:00,66.7
2025-06-12 01:47:00,49.8
2025-06-12 23:22:00,49.40323484760014
2025-06-12 20:42:00,64.3
2025-06-12 05:01:00,97.3
2025-06-12 10:25:00,51.7
2025-06-12 21:47:00,35.0
2025-06-12 01:31:00,54.6
2025-06-12 15:16:00,21.1
2025-06-12 13:35:00,14.3
2025-06-12 13:51:00,33.7
2025-06-12 00:40:00,86.7
2025-06-12 04:40:00,49.40323484760014
2025-06-12 03:42:00,27.7
2025-06-12 00:30:00,74.8
2025-06-12 18:41:00,83.4
2025-06-12 18:49:00,49.40323484760014
2025-06-12 15:13:00,65.8
2025-06-12 01:35:00,13.7
2025-06-12 07:48:00,49.40323484760014
2025-06-12 17:17:00,54.6
2025-06-12 11:35:00,66.1
2025-06-12 16:25:00,2.6
2025-06-12 22:34:00,86.4
2025-06-12 16:27:00,41.7
2025-06-12 19:55:00,29.5
2025-06-12 05:19:00,49.40323484760014
2025-06-12 13:47:00,50.4
2025-06-12 03:22:00,7.2
2025-06-12 07:06:00,57.4
2025-06-12 00:18:00,41.8
2025-06-12 17:26:00,58.0
2025-06-12 16:09:00,2.0
2025-06-12 12:27:00,18.8
2025-06-12 06:38:00,49.40323484760014
2025-06-12 07:42:00,21.4
2025-06-12 21:32:00,8.1
2025-06-12 05:42:00,50.6
2025-06-12 08:01:00,52.4
2025-06-12 11:58:00,20.1
2025-06-12 07:43:00,70.1
2025-06-12 16:24:00,48.0
2025-06-12 00:07:00,89.6
2025-06-12 04:34:00,75.6
2025-06-12 00:44:00,38.6
2025-06-12 04:15:00,49.40323484760014
2025-06-12 02:09:00,24.7
2025-06-12 12:18:00,51.7
2025-06-12 07:07:00,88.4
2025-06-12 11:55:00,63.8
2025-06-12 23:37:00,9.3
2025-06-12 16:24:00,95.9
2025-06-12 00:30:00,29.0
2025-06-12 23:54:00,39.8
2025-06-12 09:48:00,12.6
2025-06-12 05:36:00,91.5
2025-06-12 17:20:00,50.400661703887515
2025-06-12 09:05:00,76.8
2025-06-12 19:03:00,50.400661703887515
2025-06-12 03:13:00,91.9
2025-06-12 08:50:00,56.0
2025-06-12 06:42:00,76.4
2025-06-12 08:22:00,56.1
2025-06-12 03:27:00,73.0
2025-06-12 04:52:00,27.4
2025-06-12 15:56:00,4.1
2025-06-12 05:52:00,75.6
2025-06-12 18:20:00,39.5
2025-06-12 02:20:00,8.4
2025-06-12 11:33:00,27.3
2025-06-12 23:02:00,99.2
2025-06-12 02:36:00,76.8
2025-06-12 23:45:00,93.4
2025-06-12 03:44:00,23.5
2025-06-12 16:34:00,8.0
2025-06-12 21:12:00,79.4
2025-06-12 11:07:00,0.5
2025-06-12 17:50:00,10.8
2025-06-12 14:28:00,24.5
2025-06-12 00:41:00,50.400661703887515
2025-06-12 01:21:00,97.1
2025-06-12 09:23:00,23.1
2025-06-12 08:54:00,96.5
2025-06-12 06:38:00,50.400661703887515
2025-06-12 20:18:00,59.4
2025-06-12 20:08:00,3.6
2025-06-12 02:58:00,76.4
2025-06-12 05:22:00,12.0
2025-06-12 07:47:00,50.400661703887515
2025-06-12 22:57:00,71.6
2025-06-12 15:54:00,63.2
2025-06-12 10:10:00,27.2
2025-06-12 18:59:00,95.9
2025-06-12 21:17:00,22.5
2025-06-12 01:36:00,95.2
2025-06-12 19:27:00,39.4
2025-06-12 22:40:00,50.400661703887515
2025-06-12 14:56:00,50.400661703887515
2025-06-12 11:10:00,97.9
2025-06-12 09:25:00,74.9
2025-06-12 21:19:00,16.8
2025-06-12 09:13:00,76.3
2025-06-12 22:25:00,91.4
2025-06-12 11:45:00,59.6
2025-06-12 05:19:00,92.2
2025-06-12 22:48:00,20.6
2025-06-12 03:58:00,26.2
2025-06-12 09:12:00,37.0
2025-06-12 06:23:00,88.0
2025-06-12 06:18:00,17.5
2025-06-12 01:20:00,61.6
2025-06-12 22:03:00,75.5
2025-06-12 13:15:00,47.1
2025-06-12 05:00:00,50.400661703887515
2025-06-12 03:22:00,53.9
2025-06-12 16:25:00,14.0
2025-06-12 13:11:00,75.9
2025-06-12 06:37:00,33.1
2025-06-12 13:03:00,50.400661703887515
2025-06-12 07:58:00,88.4
2025-06-12 09:06:00,50.400661703887515
2025-06-12 10:46:00,50.1
2025-06-12 12:17:00,50.400661703887515
2025-06-12 13:46:00,39.7
2025-06-12 14:55:00,66.4
2025-06-12 07:51:00,13.4
2025-06-12 11:25:00,28.9
2025-06-12 13:28:00,17.5
2025-06-12 22:07:00,50.400661703887515
2025-06-12 05:21:00,99.5
2025-06-12 04:39:00,52.2
2025-06-12 08:25:00,20.2
2025-06-12 11:43:00,50.400661703887515
2025-06-12 17:13:00,50.400661703887515
2025-06-12 10:37:00,48.0
2025-06-12 03:25:00,50.8
2025-06-12 13:23:00,70.9
2025-06-12 18:41:00,86.6
2025-06-12 17:01:00,37.4
2025-06-12 22:47:00,80.5
2025-06-12 05:54:00,65.3
2025-06-12 23:31:00,58.3
2025-06-12 11:58:00,18.2
2025-06-12 01:37:00,55.9
2025-06-12 07:46:00,46.0
2025-06-12 20:41:00,97.9
2025-06-12 20:09:00,21.1
2025-06-12 12:21:00,21.9
2025-06-12 10:47:00,50.400661703887515
2025-06-12 05:31:00,36.7
2025-06-12 18:36:00,67.6
2025-06-12 04:51:00,91.7
2025-06-12 03:15:00,25.2
2025-06-12 13:29:00,44.2
2025-06-12 08:13:00,33.0
2025-06-12 12:01:00,33.0
2025-06-12 20:01:00,50.400661703887515
2025-06-12 15:48:00,43.2
2025-06-12 22:49:00,19.4
2025-06-12 23:00:00,81.4
2025-06-12 14:12:00,20.5
2025-06-12 03:37:00,16.6
2025-06-12 22:00:00,10.7
2025-06-12 02:12:00,54.0
2025-06-12 07:21:00,24.6
2025-06-12 14:53:00,76.0
2025-06-12 11:53:00,74.9
2025-06-12 01:12:00,86.5
2025-06-12 17:12:00,97.5
2025-06-12 01:09:00,30.6
2025-06-12 04:14:00,50.400661703887515
2025-06-12 07:18:00,20.1
2025-06-12 21:39:00,43.7
2025-06-12 06:29:00,59.8
2025-06-12 05:59:00,6.1
2025-06-12 09:27:00,10.0
2025-06-12 14:51:00,11.7
2025-06-12 13:08:00,50.400661703887515
2025-06-12 07:59:00,84.0
2025-06-12 11:09:00,67.5
2025-06-12 02:18:00,83.6
2025-06-12 22:38:00,41.6
2025-06-12 22:56:00,27.7
2025-06-12 15:17:00,61.9
2025-06-12 01:11:00,99.1
2025-06-12 15:31:00,50.400661703887515
2025-06-12 21:27:00,50.400661703887515
2025-06-12 21:13:00,42.0
2025-06-12 03:39:00,34.9
2025-06-12 10:52:00,55.0
2025-06-12 22:10:00,52.3
2025-06-12 03:10:00,50.400661703887515
2025-06-12 04:45:00,16.1
2025-06-12 09:40:00,14.7
2025-06-12 18:47:00,18.7
2025-06-12 21:11:00,11.0
2025-06-12 10:17:00,13.6
2025-06-12 13:25:00,26.3
2025-06-12 09:01:00,47.3
2025-06-12 15:30:00,22.3
2025-06-12 07:43:00,47.9
2025-06-12 03:24:00,0.6
2025-06-12 11:06:00,65.3
2025-06-12 00:58:00,50.400661703887515
2025-06-12 05:49:00,27.9
2025-06-12 19:12:00,37.1
2025-06-12 05:41:00,52.2
2025-06-12 06:12:00,40.1
2025-06-12 21:38:00,64.3
2025-06-12 18:22:00,96.4
2025-06-12 10:22:00,68.3
2025-06-12 21:42:00,3.0
2025-06-12 04:54:00,31.7
2025-06-12 04:58:00,56.7
2025-06-12 05:16:00,59.2
2025-06-12 08:26:00,10.6
2025-06-12 13:33:00,74.7
2025-06-12 19:05:00,50.400661703887515
2025-06-12 18:56:00,74.4
2025-06-12 12:06:00,85.8
2025-06-12 14:54:00,15.2
2025-06-12 14:00:00,34.0
2025-06-12 14:45:00,34.7
2025-06-12 07:14:00,15.5
2025-06-12 00:13:00,17.0
2025-06-12 04:24:00,51.0
2025-06-12 00:14:00,82.5
2025-06-12 23:25:00,40.7
2025-06-12 16:18:00,18.8
2025-06-12 09:29:00,88.8
2025-06-12 08:18:00,50.400661703887515
2025-06-12 00:01:00,54.0
2025-06-12 20:15:00,77.4
2025-06-12 08:12:00,19.7
2025-06-12 06:28:00,83.1
2025-06-12 21:20:00,56.8
2025-06-12 18:06:00,31.1
2025-06-12 14:31:00,82.7
2025-06-12 02:50:00,27.6
2025-06-12 07:13:00,30.2
2025-06-12 09:56:00,91.7
2025-06-12 04:26:00,68.3
2025-06-12 10:54:00,51.9
2025-06-12 13:40:00,7.3
2025-06-12 17:02:00,66.1
2025-06-12 15:19:00,50.400661703887515
2025-06-12 11:13:00,70.2
2025-06-12 04:47:00,93.1
2025-06-12 02:19:00,55.5
2025-06-12 01:41:00,50.400661703887515
2025-06-12 03:42:00,46.0
2025-06-12 00:19:00,53.9
2025-06-12 18:04:00,50.400661703887515
2025-06-12 16:29:00,61.7
2025-06-12 00:48:00,50.400661703887515
2025-06-12 13:21:00,90.9
2025-06-12 21:46:00,94.6
2025-06-12 19:52:00,50.400661703887515
2025-06-12 15:20:00,17.5
2025-06-12 15:13:00,48.4
2025-06-12 20:00:00,12.2
2025-06-12 16:03:00,50.400661703887515
2025-06-12 11:52:00,9.6
2025-06-12 16:22:00,20.1
2025-06-12 07:03:00,93.6
2025-06-12 14:37:00,68.9
2025-06-12 00:49:00,1.4
2025-06-12 21:21:00,36.8
2025-06-12 13:19:00,27.6
2025-06-12 03:33:00,99.0
2025-06-12 08:27:00,55.9
2025-06-12 23:53:00,12.4
2025-06-12 20:48:00,70.3
2025-06-12 18:05:00,78.0
2025-06-12 03:41:00,41.2
2025-06-12 12:50:00,46.6
2025-06-12 08:07:00,32.7
2025-06-12 20:14:00,50.400661703887515
2025-06-12 00:04:00,50.400661703887515
2025-06-12 02:01:00,50.400661703887515
2025-06-12 02:23:00,19.7
2025-06-12 19:10:00,74.6
2025-06-12 09:44:00,50.400661703887515
2025-06-12 03:09:00,46.8
2025-06-12 03:02:00,36.2
2025-06-12 19:15:00,81.1
2025-06-12 16:55:00,63.0
2025-06-12 22:28:00,23.0
2025-06-12 12:58:00,50.400661703887515
2025-06-12 01:01:00,50.400661703887515
2025-06-12 18:02:00,82.9
2025-06-12 16:08:00,50.400661703887515
2025-06-12 09:53:00,2.1
2025-06-12 13:07:00,50.400661703887515
2025-06-12 10:41:00,68.7
2025-06-12 04:56:00,45.8
2025-06-12 15:38:00,50.400661703887515
2025-06-12 12:46:00,46.2
2025-06-12 06:32:00,82.7
2025-06-12 08:57:00,0.0
2025-06-12 18:50:00,56.9
2025-06-12 22:17:00,4.5
2025-06-12 06:06:00,89.5
2025-06-12 03:08:00,94.5
2025-06-12 00:24:00,64.5
2025-06-12 05:15:00,85.3
2025-06-12 04:42:00,33.1
2025-06-12 07:39:00,77.2
2025-06-12 10:04:00,71.5
2025-06-12 15:28:00,29.3
2025-06-12 18:33:00,21.9
2025-06-12 01:42:00,10.1
2025-06-12 16:57:00,59.9
2025-06-12 05:58:00,40.9
2025-06-12 06:31:00,50.400661703887515
2025-06-12 18:28:00,9.2
2025-06-12 19:14:00,20.0
2025-06-12 19:25:00,39.3
2025-06-12 10:12:00,2.6
2025-06-12 07:15:00,10.7
2025-06-12 16:46:00,82.9
2025-06-12 07:38:00,15.5
2025-06-12 04:50:00,52.2
2025-06-12 09:39:00,15.9
2025-06-12 11:00:00,52.4
2025-06-12 21:10:00,14.1
2025-06-12 13:44:00,50.400661703887515
2025-06-12 21:40:00,73.9
2025-06-12 02:04:00,50.400661703887515
2025-06-12 11:18:00,63.0
2025-06-12 17:34:00,3.3
2025-06-12 18:30:00,37.7
2025-06-12 01:07:00,73.4
2025-06-12 01:30:00,3.1
2025-06-12 22:45:00,33.5
2025-06-12 08:53:00,19.6
2025-06-12 02:27:00,50.400661703887515
2025-06-12 06:57:00,97.7
2025-06-12 22:26:00,56.2
2025-06-12 04:31:00,84.9
2025-06-12 06:08:00,24.2
2025-06-12 09:04:00,62.9
2025-06-12 22:27:00,11.3
2025-06-12 10:56:00,50.400661703887515
2025-06-12 12:59:00,41.5
2025-06-12 03:32:00,49.84418741885991
2025-06-12 06:54:00,1.0
2025-06-12 15:39:00,19.0
2025-06-12 04:16:00,48.9
2025-06-12 15:19:00,1.4
2025-06-12 06:33:00,82.2
2025-06-12 20:45:00,49.84418741885991
2025-06-12 01:48:00,94.1
2025-06-12 17:55:00,14.5
2025-06-12 02:31:00,46.1
2025-06-12 08:05:00,13.5
2025-06-12 00:33:00,27.4
2025-06-12 10:57:00,84.1
2025-06-12 20:59:00,49.84418741885991
2025-06-12 14:46:00,82.9
2025-06-12 03:47:00,7.4
2025-06-12 03:08:00,49.84418741885991
2025-06-12 22:50:00,49.84418741885991
2025-06-12 06:14:00,6.9
2025-06-12 22:44:00,83.4
2025-06-12 06:59:00,91.0
2025-06-12 15:10:00,2.4
2025-06-12 21:39:00,30.6
2025-06-12 19:08:00,90.7
2025-06-12 07:55:00,32.3
2025-06-12 22:48:00,54.6
2025-06-12 19:39:00,74.8
2025-06-12 01:13:00,49.84418741885991
2025-06-12 20:14:00,49.84418741885991
2025-06-12 03:10:00,62.3
2025-06-12 17:36:00,49.84418741885991
2025-06-12 23:21:00,76.9
2025-06-12 19:44:00,37.9
2025-06-12 03:51:00,80.0
2025-06-12 17:44:00,2.4
2025-06-12 07:11:00,32.9
2025-06-12 08:02:00,66.9
2025-06-12 08:58:00,95.1
2025-06-12 05:56:00,22.9
2025-06-12 20:56:00,73.8
2025-06-12 06:58:00,98.8
2025-06-12 06:11:00,50.0
2025-06-12 16:04:00,68.6
2025-06-12 13:59:00,92.1
2025-06-12 00:50:00,64.8
2025-06-12 09:54:00,74.0
2025-06-12 21:31:00,23.3
2025-06-12 13:15:00,1.6
2025-06-12 20:31:00,43.9
2025-06-12 10:46:00,65.4
2025-06-12 08:36:00,28.0
2025-06-12 14:24:00,23.0
2025-06-12 14:31:00,86.0
2025-06-12 22:11:00,26.0
2025-06-12 16:41:00,49.84418741885991
2025-06-12 01:08:00,34.5
2025-06-12 17:38:00,55.7
2025-06-12 11:46:00,72.5
2025-06-12 13:49:00,39.9
2025-06-12 06:25:00,62.0
2025-06-12 23:46:00,23.3
2025-06-12 09:46:00,86.5
2025-06-12 05:24:00,9.5
2025-06-12 22:16:00,66.6
2025-06-12 17:53:00,0.5
2025-06-12 19:59:00,57.6
2025-06-12 11:33:00,4.4
2025-06-12 08:26:00,27.9
2025-06-12 11:42:00,32.9
2025-06-12 07:17:00,14.2
2025-06-12 19:04:00,53.6
2025-06-12 13:02:00,41.2
2025-06-12 05:52:00,71.6
2025-06-12 03:02:00,81.8
2025-06-12 20:18:00,92.8
2025-06-12 04:29:00,93.1
2025-06-12 14:14:00,49.84418741885991
2025-06-12 01:32:00,49.84418741885991
2025-06-12 19:02:00,49.84418741885991
2025-06-12 23:24:00,9.9
2025-06-12 19:27:00,46.0
2025-06-12 20:53:00,50.2
2025-06-12 15:37:00,49.84418741885991
2025-06-12 09:42:00,96.0
2025-06-12 23:34:00,37.3
2025-06-12 02:01:00,88.6
2025-06-12 22:00:00,46.0
2025-06-12 05:40:00,49.84418741885991
2025-06-12 00:10:00,9.0
2025-06-12 06:08:00,49.84418741885991
2025-06-12 18:32:00,92.7
2025-06-12 09:08:00,91.8
2025-06-12 07:46:00,11.4
2025-06-12 08:07:00,57.5
2025-06-12 11:08:00,64.9
2025-06-12 05:08:00,47.0
2025-06-12 04:32:00,49.84418741885991
2025-06-12 07:28:00,94.4
2025-06-12 09:59:00,64.3
2025-06-12 12:27:00,54.0
2025-06-12 16:40:00,49.84418741885991
2025-06-12 02:52:00,32.3
2025-06-12 12:34:00,19.1
2025-06-12 07:27:00,56.9
2025-06-12 11:21:00,47.0
2025-06-12 14:39:00,49.84418741885991
2025-06-12 06:17:00,26.3
2025-06-12 00:46:00,4.4
2025-06-12 06:36:00,98.7
2025-06-12 21:57:00,44.3
2025-06-12 16:29:00,3.2
2025-06-12 20:52:00,14.1
2025-06-12 14:11:00,88.2
2025-06-12 07:34:00,68.7
2025-06-12 05:21:00,73.6
2025-06-12 13:55:00,49.84418741885991
2025-06-12 09:18:00,5.8
2025-06-12 01:04:00,30.4
2025-06-12 01:11:00,82.3
2025-06-12 15:18:00,49.84418741885991
2025-06-12 02:54:00,43.5
2025-06-12 11:06:00,9.9
2025-06-12 03:22:00,0.0
2025-06-12 14:25:00,95.4
2025-06-12 03:27:00,93.8
2025-06-12 03:39:00,49.84418741885991
2025-06-12 00:11:00,43.6
2025-06-12 20:44:00,68.2
2025-06-12 12:36:00,28.6
2025-06-12 09:17:00,16.5
2025-06-12 06:31:00,13.1
2025-06-12 11:19:00,40.1
2025-06-12 16:02:00,78.8
2025-06-12 09:38:00,11.0
2025-06-12 13:17:00,40.0
2025-06-12 02:26:00,28.9
2025-06-12 01:41:00,92.8
2025-06-12 13:22:00,94.4
2025-06-12 10:12:00,40.8
2025-06-12 09:57:00,78.8
2025-06-12 02:57:00,56.2
2025-06-12 11:56:00,0.3
2025-06-12 22:10:00,76.5
2025-06-12 13:30:00,49.2
2025-06-12 06:16:00,31.9
2025-06-12 17:58:00,26.3
2025-06-12 16:36:00,66.6
2025-06-12 19:01:00,64.2
2025-06-12 14:59:00,49.84418741885991
2025-06-12 03:33:00,95.4
2025-06-12 21:29:00,95.4
2025-06-12 06:29:00,82.0
2025-06-12 06:45:00,47.9
2025-06-12 11:27:00,52.6
2025-06-12 07:00:00,49.84418741885991
2025-06-12 23:57:00,24.4
2025-06-12 12:05:00,49.84418741885991
2025-06-12 11:57:00,85.7
2025-06-12 21:23:00,19.5
2025-06-12 07:06:00,33.5
2025-06-12 19:32:00,68.1
2025-06-12 01:57:00,47.3
2025-06-12 13:01:00,63.9
2025-06-12 01:10:00,7.6
2025-06-12 00:32:00,94.8
2025-06-12 17:40:00,99.8
2025-06-12 13:46:00,57.5
2025-06-12 03:11:00,76.7
2025-06-12 11:41:00,60.4
2025-06-12 15:09:00,88.1
2025-06-12 07:41:00,10.5
2025-06-12 08:49:00,34.0
2025-06-12 15:44:00,96.2
2025-06-12 17:17:00,44.4
2025-06-12 19:06:00,20.2
2025-06-12 05:38:00,67.4
2025-06-12 17:52:00,49.84418741885991
2025-06-12 10:33:00,76.8
2025-06-12 16:35:00,71.7
2025-06-12 01:45:00,51.9
2025-06-12 23:26:00,20.3
2025-06-12 16:03:00,17.8
2025-06-12 10:44:00,33.9
2025-06-12 18:57:00,49.84418741885991
2025-06-12 01:31:00,67.6
2025-06-12 18:38:00,55.4
2025-06-12 22:33:00,49.84418741885991
2025-06-12 02:50:00,54.3
2025-06-12 16:33:00,49.84418741885991
2025-06-12 16:32:00,0.6
2025-06-12 23:20:00,10.7
2025-06-12 19:21:00,7.6
2025-06-12 08:41:00,8.0
2025-06-12 13:36:00,66.3
2025-06-12 22:12:00,65.9
2025-06-12 18:15:00,81.5
2025-06-12 15:15:00,49.84418741885991
2025-06-12 11:02:00,77.8
2025-06-12 23:00:00,52.7
2025-06-12 08:38:00,92.9
2025-06-12 20:07:00,58.5
2025-06-12 03:23:00,22.4
2025-06-12 15:24:00,75.4
2025-06-12 05:57:00,60.1
2025-06-12 13:37:00,51.1
2025-06-12 19:13:00,25.4
2025-06-12 18:29:00,13.2
2025-06-12 13:24:00,90.8
2025-06-12 02:13:00,49.84418741885991
2025-06-12 15:57:00,99.8
2025-06-12 16:00:00,49.84418741885991
2025-06-12 22:51:00,72.4
2025-06-12 21:22:00,52.2
2025-06-12 07:15:00,63.7
2025-06-12 14:49:00,37.7
2025-06-12 12:22:00,67.9
2025-06-12 22:54:00,13.1
2025-06-12 10:29:00,2.1
2025-06-12 00:45:00,49.84418741885991
2025-06-12 11:55:00,12.3
2025-06-12 23:47:00,49.84418741885991
2025-06-12 18:06:00,73.9
2025-06-12 14:03:00,75.9
2025-06-12 10:58:00,25.6
2025-06-12 06:27:00,46.3
2025-06-12 23:35:00,62.1
2025-06-12 12:18:00,35.9
2025-06-12 15:49:00,53.4
2025-06-12 21:10:00,60.7
2025-06-12 19:47:00,49.84418741885991
2025-06-12 06:26:00,49.84418741885991
2025-06-12 22:34:00,77.2
2025-06-12 05:54:00,66.4
2025-06-12 01:21:00,96.9
2025-06-12 22:26:00,75.4
2025-06-12 20:33:00,30.9
2025-06-12 17:25:00,68.4
2025-06-12 22:45:00,35.6
2025-06-12 02:43:00,38.7
2025-06-12 09:34:00,63.2
2025-06-12 13:12:00,95.1
2025-06-12 20:11:00,29.1
2025-06-12 16:16:00,13.8
2025-06-12 06:34:00,37.1
2025-06-12 22:07:00,13.2
2025-06-12 05:32:00,2.0
2025-06-12 12:29:00,32.3
2025-06-12 05:27:00,96.3
2025-06-12 00:34:00,49.84418741885991
2025-06-12 06:41:00,35.1
2025-06-12 19:43:00,20.5
2025-06-12 08:19:00,42.3
2025-06-12 23:08:00,7.3
2025-06-12 04:23:00,29.6
2025-06-12 02:33:00,26.4
2025-06-12 16:34:00,49.84418741885991
2025-06-12 17:50:00,74.6
2025-06-12 21:13:00,52.6
2025-06-12 05:43:00,86.7
2025-06-12 17:31:00,7.8
2025-06-12 09:31:00,10.7
2025-06-12 00:56:00,55.0
2025-06-12 00:08:00,3.9
2025-06-12 19:00:00,22.9
2025-06-12 18:18:00,49.84418741885991
2025-06-12 16:22:00,35.7
2025-06-12 18:23:00,44.4
2025-06-12 18:27:00,55.2
2025-06-12 03:26:00,28.1
2025-06-12 02:53:00,52.9
2025-06-12 09:05:00,54.6
2025-06-12 22:56:00,77.2
2025-06-12 14:04:00,34.0
2025-06-12 14:56:00,96.6
2025-06-12 01:06:00,14.2
2025-06-12 01:37:00,32.3
2025-06-12 05:07:00,98.1
2025-06-12 02:39:00,38.9
2025-06-12 06:20:00,57.9
2025-06-12 10:50:00,49.84418741885991
2025-06-12 12:31:00,59.9
2025-06-12 14:33:00,14.0
2025-06-12 01:14:00,29.3
2025-06-12 18:20:00,94.7
2025-06-12 07:43:00,94.0
2025-06-12 06:28:00,53.7
2025-06-12 15:51:00,32.7
2025-06-12 09:51:00,14.0
2025-06-12 07:58:00,64.1
2025-06-12 18:59:00,0.6
2025-06-12 14:50:00,67.8
2025-06-12 20:01:00,58.5
2025-06-12 06:13:00,3.0
2025-06-12 12:59:00,46.2
2025-06-12 08:01:00,75.6
2025-06-12 21:10:00,18.7
2025-06-12 11:48:00,5.0
2025-06-12 04:37:00,40.1
2025-06-12 13:25:00,59.7
2025-06-12 04:10:00,6.5
2025-06-12 19:06:00,28.0
2025-06-12 04:31:00,61.4
2025-06-12 02:17:00,50.31892714921527
2025-06-12 08:56:00,89.8
2025-06-12 15:39:00,10.0
2025-06-12 04:51:00,54.5
2025-06-12 07:24:00,0.8
2025-06-12 04:19:00,23.2
2025-06-12 01:04:00,65.7
2025-06-12 10:22:00,50.31892714921527
2025-06-12 09:41:00,50.31892714921527
2025-06-12 22:14:00,84.6
2025-06-12 14:31:00,61.6
2025-06-12 22:24:00,4.7
2025-06-12 03:56:00,89.3
2025-06-12 18:14:00,50.31892714921527
2025-06-12 08:30:00,50.31892714921527
2025-06-12 18:00:00,46.8
2025-06-12 13:01:00,94.1
2025-06-12 07:32:00,37.4
2025-06-12 02:46:00,83.4
2025-06-12 06:37:00,64.0
2025-06-12 22:59:00,5.3
2025-06-12 11:49:00,62.1
2025-06-12 17:19:00,50.2
2025-06-12 10:27:00,32.0
2025-06-12 10:59:00,11.0
2025-06-12 18:32:00,10.0
2025-06-12 06:36:00,66.1
2025-06-12 01:21:00,64.9
2025-06-12 04:43:00,66.1
2025-06-12 16:32:00,62.5
2025-06-12 11:32:00,26.9
2025-06-12 15:36:00,78.6
2025-06-12 05:12:00,19.1
2025-06-12 18:18:00,50.0
2025-06-12 13:31:00,50.31892714921527
2025-06-12 01:30:00,94.9
2025-06-12 08:59:00,26.4
2025-06-12 17:42:00,57.4
2025-06-12 21:13:00,37.8
2025-06-12 08:05:00,60.7
2025-06-12 13:21:00,74.3
2025-06-12 19:03:00,6.7
2025-06-12 03:22:00,83.6
2025-06-12 19:15:00,50.31892714921527
2025-06-12 20:44:00,43.1
2025-06-12 17:28:00,93.3
2025-06-12 11:17:00,44.3
2025-06-12 03:10:00,24.5
2025-06-12 03:11:00,41.2
2025-06-12 01:35:00,50.31892714921527
2025-06-12 14:03:00,88.1
2025-06-12 01:06:00,73.0
2025-06-12 09:29:00,70.9
2025-06-12 00:47:00,17.5
2025-06-12 01:12:00,16.8
2025-06-12 05:16:00,90.7
2025-06-12 02:28:00,35.7
2025-06-12 04:36:00,33.6
2025-06-12 00:41:00,61.0
2025-06-12 21:39:00,61.2
2025-06-12 10:55:00,67.8
2025-06-12 20:22:00,59.2
2025-06-12 00:57:00,21.0
2025-06-12 14:18:00,67.2
2025-06-12 21:11:00,78.6
2025-06-12 23:41:00,51.5
2025-06-12 18:15:00,56.9
2025-06-12 12:45:00,63.1
2025-06-12 14:27:00,46.6
2025-06-12 15:19:00,25.5
2025-06-12 08:39:00,73.7
2025-06-12 11:13:00,71.0
2025-06-12 09:45:00,50.31892714921527
2025-06-12 00:26:00,3.1
2025-06-12 03:18:00,4.1
2025-06-12 11:30:00,56.0
2025-06-12 13:29:00,94.7
2025-06-12 05:05:00,61.9
2025-06-12 01:46:00,83.0
2025-06-12 04:42:00,14.1
2025-06-12 08:41:00,50.31892714921527
2025-06-12 21:20:00,32.5
2025-06-12 04:20:00,6.6
2025-06-12 03:21:00,70.6
2025-06-12 18:16:00,91.9
2025-06-12 18:46:00,58.3
2025-06-12 10:09:00,50.31892714921527
2025-06-12 19:43:00,60.1
2025-06-12 14:41:00,85.8
2025-06-12 02:29:00,62.3
2025-06-12 02:07:00,89.1
2025-06-12 11:00:00,74.0
2025-06-12 01:29:00,64.0
2025-06-12 15:28:00,93.9
2025-06-12 02:55:00,5.1
2025-06-12 15:48:00,28.4
2025-06-12 09:39:00,49.9
2025-06-12 22:35:00,15.7
2025-06-12 06:51:00,23.1
2025-06-12 10:12:00,50.31892714921527
2025-06-12 01:47:00,58.2
2025-06-12 08:16:00,80.9
2025-06-12 03:23:00,61.9
2025-06-12 08:31:00,38.0
2025-06-12 09:26:00,98.2
2025-06-12 16:15:00,71.4
2025-06-12 12:30:00,95.6
2025-06-12 15:54:00,80.8
2025-06-12 00:24:00,24.3
2025-06-12 20:10:00,84.2
2025-06-12 20:45:00,42.9
2025-06-12 05:33:00,12.9
2025-06-12 00:02:00,50.31892714921527
2025-06-12 10:01:00,96.5
2025-06-12 20:00:00,26.3
2025-06-12 01:07:00,50.31892714921527
2025-06-12 16:05:00,24.7
2025-06-12 05:07:00,55.4
2025-06-12 12:41:00,67.1
2025-06-12 12:20:00,44.7
2025-06-12 19:14:00,4.1
2025-06-12 22:39:00,27.2
2025-06-12 02:23:00,8.7
2025-06-12 10:16:00,49.5
2025-06-12 17:02:00,86.4
2025-06-12 05:37:00,8.6
2025-06-12 03:17:00,15.8
2025-06-12 20:42:00,65.8
2025-06-12 14:40:00,50.31892714921527
2025-06-12 01:05:00,74.3
2025-06-12 00:34:00,99.8
2025-06-12 13:20:00,92.1
2025-06-12 06:14:00,63.8
2025-06-12 15:26:00,50.31892714921527
2025-06-12 03:16:00,6.4
2025-06-12 11:34:00,50.31892714921527
2025-06-12 03:35:00,39.7
2025-06-12 16:12:00,74.7
2025-06-12 05:51:00,5.4
2025-06-12 19:04:00,36.0
2025-06-12 10:47:00,50.4
2025-06-12 19:27:00,10.3
2025-06-12 11:44:00,50.31892714921527
2025-06-12 17:59:00,50.31892714921527
2025-06-12 08:18:00,51.9
2025-06-12 02:06:00,69.7
2025-06-12 14:29:00,55.4
2025-06-12 03:33:00,74.9
2025-06-12 07:07:00,92.6
2025-06-12 15:05:00,49.8
2025-06-12 18:49:00,80.4
2025-06-12 03:50:00,83.2
2025-06-12 21:03:00,34.8
2025-06-12 09:09:00,37.4
2025-06-12 08:47:00,8.6
2025-06-12 17:34:00,68.1
2025-06-12 01:22:00,75.9
2025-06-12 20:18:00,50.31892714921527
2025-06-12 19:29:00,0.9
2025-06-12 04:17:00,87.3
2025-06-12 07:29:00,54.4
2025-06-12 06:39:00,37.0
2025-06-12 23:20:00,92.2
2025-06-12 05:40:00,41.4
2025-06-12 04:12:00,49.3
2025-06-12 19:37:00,64.0
2025-06-12 10:23:00,91.8
2025-06-12 03:37:00,46.8
2025-06-12 04:56:00,76.6
2025-06-12 09:35:00,50.31892714921527
2025-06-12 17:45:00,72.3
2025-06-12 05:43:00,53.7
2025-06-12 01:03:00,90.8
2025-06-12 00:55:00,57.8
2025-06-12 11:28:00,74.3
2025-06-12 09:38:00,21.5
2025-06-12 21:42:00,99.7
2025-06-12 13:53:00,59.3
2025-06-12 03:34:00,32.4
2025-06-12 12:16:00,26.1
2025-06-12 11:04:00,50.31892714921527
2025-06-12 06:28:00,53.3
2025-06-12 14:19:00,45.6
2025-06-12 18:23:00,4.9
2025-06-12 04:05:00,68.8
2025-06-12 20:56:00,50.9
2025-06-12 16:37:00,23.0
2025-06-12 17:21:00,7.1
2025-06-12 15:59:00,28.2
2025-06-12 13:37:00,59.5
2025-06-12 00:13:00,86.5
2025-06-12 14:45:00,69.9
2025-06-12 19:57:00,50.31892714921527
2025-06-12 18:27:00,59.4
2025-06-12 08:17:00,68.5
2025-06-12 10:44:00,50.31892714921527
2025-06-12 08:51:00,50.31892714921527
2025-06-12 08:32:00,93.9
2025-06-12 15:35:00,93.8
2025-06-12 06:54:00,50.31892714921527
2025-06-12 06:11:00,56.8
2025-06-12 13:35:00,29.9
2025-06-12 21:41:00,97.8
2025-06-12 03:32:00,50.31892714921527
2025-06-12 03:55:00,7.2
2025-06-12 08:27:00,40.0
2025-06-12 18:30:00,8.9
2025-06-12 23:17:00,77.0
2025-06-12 02:22:00,63.8
2025-06-12 21:18:00,24.6
2025-06-12 07:06:00,50.31892714921527
2025-06-12 13:17:00,54.1
2025-06-12 13:22:00,85.3
2025-06-12 10:30:00,86.6
2025-06-12 07:55:00,50.31892714921527
2025-06-12 20:53:00,50.31892714921527
2025-06-12 04:22:00,13.3
2025-06-12 00:22:00,71.6
2025-06-12 15:31:00,92.3
2025-06-12 17:00:00,67.3
2025-06-12 18:35:00,30.4
2025-06-12 06:10:00,50.31892714921527
2025-06-12 03:08:00,1.9
2025-06-12 04:41:00,70.7
2025-06-12 06:55:00,71.7
2025-06-12 01:59:00,50.31892714921527
2025-06-12 15:38:00,45.2
2025-06-12 10:35:00,50.31892714921527
2025-06-12 14:05:00,41.8
2025-06-12 19:39:00,61.7
2025-06-12 16:54:00,46.7
2025-06-12 13:00:00,45.5
2025-06-12 21:33:00,91.5
2025-06-12 15:17:00,50.31892714921527
2025-06-12 16:16:00,95.6
2025-06-12 18:58:00,62.3
2025-06-12 12:33:00,87.3
2025-06-12 00:46:00,97.3
2025-06-12 06:32:00,61.8
2025-06-12 20:38:00,12.6
2025-06-12 01:14:00,36.4
2025-06-12 10:04:00,43.2
2025-06-12 08:44:00,4.0
2025-06-12 23:13:00,17.4
2025-06-12 11:54:00,31.6
2025-06-12 07:10:00,12.6
2025-06-12 19:36:00,63.6
2025-06-12 02:53:00,50.31892714921527
2025-06-12 20:11:00,50.31892714921527
2025-06-12 03:14:00,98.3
2025-06-12 08:58:00,12.3
2025-06-12 15:51:00,14.6
2025-06-12 05:31:00,40.5
2025-06-12 10:00:00,15.6
2025-06-12 01:53:00,60.9
2025-06-12 10:15:00,91.7
2025-06-12 00:39:00,98.3
2025-06-12 05:47:00,97.8
2025-06-12 16:13:00,77.0
2025-06-12 04:34:00,29.0
2025-06-12 18:50:00,50.31892714921527
2025-06-12 11:22:00,88.6
2025-06-12 04:40:00,24.7
2025-06-12 15:32:00,1.8
2025-06-12 16:25:00,41.3
2025-06-12 17:47:00,10.2
2025-06-12 00:52:00,52.2
2025-06-12 14:12:00,30.9
2025-06-12 00:06:00,33.6
2025-06-12 03:48:00,95.7
2025-06-12 11:36:00,64.2
2025-06-12 14:09:00,43.7
2025-06-12 22:52:00,68.4
2025-06-12 06:06:00,50.31892714921527
2025-06-12 22:12:00,11.3
2025-06-12 00:25:00,50.31892714921527
2025-06-12 21:57:00,33.0
2025-06-12 14:20:00,41.9
2025-06-12 18:40:00,25.7
2025-06-12 21:54:00,62.9
2025-06-12 23:50:00,36.5
2025-06-12 07:36:00,27.5
2025-06-12 17:09:00,9.6
2025-06-12 15:55:00,19.0
2025-06-12 06:30:00,54.9
2025-06-12 02:11:00,55.4
2025-06-12 11:31:00,68.1
2025-06-12 22:08:00,52.4
2025-06-12 23:14:00,98.1
2025-06-12 01:37:00,60.6
2025-06-12 19:49:00,46.6
2025-06-12 03:20:00,45.1
2025-06-12 07:53:00,83.9
2025-06-12 22:00:00,51.6
2025-06-12 23:40:00,50.31892714921527
2025-06-12 14:51:00,53.4
2025-06-12 23:15:00,54.2
2025-06-12 13:03:00,50.31892714921527
2025-06-12 11:53:00,91.3
2025-06-12 12:49:00,68.9
2025-06-12 19:13:00,7.5
2025-06-12 17:30:00,78.4
2025-06-12 22:53:00,50.31892714921527
2025-06-12 16:01:00,76.6
2025-06-12 19:23:00,19.1
2025-06-12 16:11:00,6.5
2025-06-12 01:51:00,67.3
2025-06-12 22:50:00,64.2
2025-06-12 03:46:00,69.0
2025-06-12 03:51:00,50.31892714921527
2025-06-12 10:21:00,26.8
2025-06-12 11:18:00,36.5
2025-06-12 15:08:00,1.1
2025-06-12 23:05:00,50.9
2025-06-12 11:38:00,25.6
2025-06-12 19:16:00,96.0
2025-06-12 19:58:00,99.4
2025-06-12 01:00:00,42.7
2025-06-12 06:33:00,57.1
2025-06-12 14:43:00,97.9
2025-06-12 22:10:00,20.7
2025-06-12 14:38:00,43.7
2025-06-12 09:36:00,88.3
2025-06-12 23:30:00,96.6
2025-06-12 20:07:00,31.1
2025-06-12 20:02:00,8.3
2025-06-12 22:17:00,6.1
2025-06-12 06:43:00,88.8
2025-06-12 17:34:00,30.3
2025-06-12 11:04:00,49.91221338324755
2025-06-12 09:03:00,70.6
2025-06-12 07:51:00,9.1
2025-06-12 07:28:00,23.8
2025-06-12 10:03:00,77.0
2025-06-12 00:04:00,5.4
2025-06-12 14:25:00,42.8
2025-06-12 19:09:00,8.4
2025-06-12 16:40:00,30.0
2025-06-12 16:19:00,34.8
2025-06-12 01:15:00,0.3
2025-06-12 15:42:00,88.4
2025-06-12 02:46:00,5.9
2025-06-12 14:23:00,75.2
2025-06-12 03:40:00,55.7
2025-06-12 22:49:00,57.5
2025-06-12 14:37:00,49.91221338324755
2025-06-12 10:02:00,59.9
2025-06-12 18:33:00,53.7
2025-06-12 08:05:00,47.0
2025-06-12 05:19:00,17.0
2025-06-12 09:06:00,49.91221338324755
2025-06-12 12:44:00,21.3
2025-06-12 01:07:00,33.8
2025-06-12 05:46:00,49.91221338324755
2025-06-12 22:03:00,18.4
2025-06-12 22:01:00,89.7
2025-06-12 14:44:00,47.6
2025-06-12 05:25:00,96.6
2025-06-12 15:43:00,51.1
2025-06-12 06:58:00,63.5
2025-06-12 03:25:00,14.3
2025-06-12 10:26:00,97.7
2025-06-12 07:12:00,39.8
2025-06-12 19:06:00,98.2
2025-06-12 21:04:00,28.6
2025-06-12 18:28:00,4.3
2025-06-12 15:03:00,51.5
2025-06-12 20:47:00,65.4
2025-06-12 17:06:00,31.4
2025-06-12 18:58:00,49.91221338324755
2025-06-12 01:21:00,46.7
2025-06-12 19:12:00,29.9
2025-06-12 06:18:00,90.5
2025-06-12 23:47:00,13.7
2025-06-12 23:20:00,9.4
2025-06-12 01:03:00,49.0
2025-06-12 13:03:00,5.7
2025-06-12 17:07:00,89.0
2025-06-12 04:58:00,97.1
2025-06-12 07:59:00,89.9
2025-06-12 09:00:00,9.9
2025-06-12 20:10:00,49.1
2025-06-12 11:01:00,22.5
2025-06-12 00:42:00,12.0
2025-06-12 22:24:00,18.3
2025-06-12 00:22:00,22.0
2025-06-12 17:44:00,9.8
2025-06-12 23:11:00,83.0
2025-06-12 19:03:00,15.6
2025-06-12 05:06:00,15.2
2025-06-12 21:38:00,49.91221338324755
2025-06-12 17:37:00,41.5
2025-06-12 04:56:00,3.6
2025-06-12 03:10:00,14.6
2025-06-12 23:35:00,49.91221338324755
2025-06-12 11:34:00,42.5
2025-06-12 06:02:00,49.91221338324755
2025-06-12 07:35:00,87.0
2025-06-12 04:12:00,90.2
2025-06-12 02:32:00,0.2
2025-06-12 04:37:00,86.7
2025-06-12 15:05:00,9.3
2025-06-12 10:33:00,6.1
2025-06-12 01:38:00,39.4
2025-06-12 01:55:00,49.91221338324755
2025-06-12 01:01:00,13.4
2025-06-12 10:12:00,49.91221338324755
2025-06-12 08:14:00,99.5
2025-06-12 21:45:00,42.2
2025-06-12 09:42:00,49.91221338324755
2025-06-12 12:48:00,61.5
2025-06-12 12:03:00,62.3
2025-06-12 06:05:00,35.0
2025-06-12 23:13:00,20.5
2025-06-12 15:47:00,16.0
2025-06-12 08:19:00,32.4
2025-06-12 18:07:00,33.3
2025-06-12 15:28:00,49.91221338324755
2025-06-12 03:20:00,11.5
2025-06-12 16:44:00,6.3
2025-06-12 16:48:00,34.8
2025-06-12 17:17:00,89.7
2025-06-12 01:11:00,42.4
2025-06-12 00:58:00,28.2
2025-06-12 12:15:00,6.8
2025-06-12 07:21:00,89.6
2025-06-12 21:06:00,35.9
2025-06-12 04:50:00,49.91221338324755
2025-06-12 05:14:00,23.9
2025-06-12 21:57:00,49.91221338324755
2025-06-12 06:10:00,26.5
2025-06-12 05:27:00,91.6
2025-06-12 18:24:00,61.3
2025-06-12 15:57:00,98.2
2025-06-12 23:04:00,98.3
2025-06-12 15:00:00,64.7
2025-06-12 17:59:00,46.3
2025-06-12 00:18:00,62.0
2025-06-12 00:52:00,49.91221338324755
2025-06-12 15:50:00,41.5
2025-06-12 18:09:00,41.6
2025-06-12 07:00:00,80.6
2025-06-12 07:11:00,80.1
2025-06-12 08:15:00,58.3
2025-06-12 14:33:00,49.91221338324755
2025-06-12 17:45:00,75.1
2025-06-12 18:04:00,93.9
2025-06-12 08:47:00,74.6
2025-06-12 14:06:00,57.6
2025-06-12 22:19:00,86.7
2025-06-12 17:23:00,41.5
2025-06-12 08:08:00,18.1
2025-06-12 21:32:00,39.8
2025-06-12 11:46:00,92.5
2025-06-12 07:46:00,94.2
2025-06-12 12:12:00,99.7
2025-06-12 18:11:00,24.0
2025-06-12 08:58:00,49.91221338324755
2025-06-12 13:15:00,27.0
2025-06-12 19:41:00,78.9
2025-06-12 08:04:00,49.91221338324755
2025-06-12 01:25:00,49.91221338324755
2025-06-12 11:10:00,22.2
2025-06-12 02:08:00,35.9
2025-06-12 07:36:00,23.4
2025-06-12 09:14:00,31.3
2025-06-12 00:25:00,71.6
2025-06-12 16:55:00,47.3
2025-06-12 21:58:00,22.0
2025-06-12 20:12:00,49.91221338324755
2025-06-12 12:26:00,58.5
2025-06-12 17:47:00,78.1
2025-06-12 04:18:00,68.8
2025-06-12 09:55:00,46.2
2025-06-12 02:47:00,20.1
2025-06-12 01:31:00,86.7
2025-06-12 10:57:00,63.0
2025-06-12 04:25:00,64.7
2025-06-12 22:40:00,67.9
2025-06-12 10:07:00,49.91221338324755
2025-06-12 13:44:00,79.9
2025-06-12 18:54:00,49.91221338324755
2025-06-12 08:41:00,49.91221338324755
2025-06-12 21:46:00,0.7
2025-06-12 15:36:00,54.9
2025-06-12 16:07:00,49.91221338324755
2025-06-12 10:43:00,53.5
2025-06-12 12:33:00,5.0
2025-06-12 11:21:00,38.8
2025-06-12 15:23:00,16.2
2025-06-12 17:41:00,88.1
2025-06-12 20:11:00,69.5
2025-06-12 23:37:00,28.4
2025-06-12 03:15:00,49.91221338324755
2025-06-12 15:17:00,24.8
2025-06-12 13:43:00,41.8
2025-06-12 15:51:00,16.9
2025-06-12 23:59:00,10.8
2025-06-12 05:52:00,72.8
2025-06-12 09:47:00,44.8
2025-06-12 16:11:00,83.1
2025-06-12 13:21:00,59.1
2025-06-12 11:37:00,25.1
2025-06-12 02:43:00,49.91221338324755
2025-06-12 16:23:00,17.3
2025-06-12 21:08:00,76.6
2025-06-12 15:48:00,94.7
2025-06-12 03:29:00,95.9
2025-06-12 17:05:00,96.7
2025-06-12 11:36:00,82.6
2025-06-12 10:21:00,49.91221338324755
2025-06-12 09:29:00,80.4
2025-06-12 04:16:00,26.1
2025-06-12 05:38:00,83.9
2025-06-12 17:15:00,43.0
2025-06-12 15:13:00,41.6
2025-06-12 07:57:00,88.5
2025-06-12 21:49:00,66.0
2025-06-12 18:51:00,49.91221338324755
2025-06-12 23:01:00,94.0
2025-06-12 15:59:00,52.1
2025-06-12 01:54:00,92.2
2025-06-12 19:28:00,55.4
2025-06-12 21:01:00,26.0
2025-06-12 14:07:00,88.6
2025-06-12 22:41:00,52.7
2025-06-12 06:22:00,31.1
2025-06-12 02:36:00,49.91221338324755
2025-06-12 04:22:00,81.4
2025-06-12 14:30:00,91.1
2025-06-12 19:01:00,97.6
2025-06-12 09:59:00,27.6
2025-06-12 13:30:00,67.3
2025-06-12 15:27:00,49.91221338324755
2025-06-12 19:51:00,67.5
2025-06-12 01:56:00,12.0
2025-06-12 20:40:00,49.91221338324755
2025-06-12 23:58:00,49.91221338324755
2025-06-12 15:07:00,53.3
2025-06-12 22:57:00,32.2
2025-06-12 19:55:00,25.7
2025-06-12 13:09:00,49.91221338324755
2025-06-12 00:17:00,68.6
2025-06-12 16:42:00,87.6
2025-06-12 19:59:00,48.6
2025-06-12 07:18:00,48.5
2025-06-12 07:30:00,49.91221338324755
2025-06-12 00:27:00,79.0
2025-06-12 09:23:00,76.1
2025-06-12 14:47:00,83.2
2025-06-12 19:36:00,49.91221338324755
2025-06-12 14:29:00,69.3
2025-06-12 19:14:00,37.5
2025-06-12 19:07:00,47.6
2025-06-12 14:24:00,10.4
2025-06-12 11:38:00,15.6
2025-06-12 21:43:00,7.6
2025-06-12 12:05:00,5.1
2025-06-12 02:53:00,13.2
2025-06-12 04:40:00,39.4
2025-06-12 03:32:00,26.7
2025-06-12 09:46:00,49.91221338324755
2025-06-12 23:19:00,53.4
2025-06-12 23:03:00,81.2
2025-06-12 11:14:00,49.91221338324755
2025-06-12 13:20:00,0.6
2025-06-12 22:31:00,35.6
2025-06-12 12:43:00,45.9
2025-06-12 06:16:00,49.91221338324755
2025-06-12 07:03:00,95.9
2025-06-12 08:28:00,39.4
2025-06-12 16:01:00,90.6
2025-06-12 04:53:00,26.0
2025-06-12 22:18:00,40.5
2025-06-12 18:18:00,52.7
2025-06-12 07:52:00,12.6
2025-06-12 22:21:00,73.5
2025-06-12 21:11:00,97.0
2025-06-12 14:58:00,35.8
2025-06-12 02:02:00,47.3
2025-06-12 08:33:00,15.2
2025-06-12 08:29:00,33.0
2025-06-12 07:43:00,45.6
2025-06-12 21:52:00,57.7
2025-06-12 14:51:00,17.9
2025-06-12 07:44:00,59.9
2025-06-12 21:02:00,3.0
2025-06-12 23:16:00,68.1
2025-06-12 10:22:00,68.2
2025-06-12 06:24:00,80.2
2025-06-12 21:30:00,12.1
2025-06-12 18:55:00,39.5
2025-06-12 09:38:00,41.5
2025-06-12 08:01:00,34.1
2025-06-12 02:31:00,49.91221338324755
2025-06-12 03:02:00,4.4
2025-06-12 11:07:00,44.9
2025-06-12 10:42:00,3.6
2025-06-12 01:33:00,0.4
2025-06-12 19:02:00,85.4
2025-06-12 16:45:00,8.2
2025-06-12 06:41:00,45.2
2025-06-12 02:27:00,77.3
2025-06-12 07:25:00,49.91221338324755
2025-06-12 23:46:00,37.9
2025-06-12 10:13:00,49.91221338324755
2025-06-12 17:41:00,65.4
2025-06-12 14:32:00,26.3
2025-06-12 16:06:00,52.5
2025-06-12 13:16:00,96.1
2025-06-12 16:22:00,95.3
2025-06-12 16:32:00,75.3
2025-06-12 22:01:00,76.9
2025-06-12 21:47:00,50.557353635505194
2025-06-12 10:30:00,14.0
2025-06-12 22:29:00,77.2
2025-06-12 03:37:00,52.2
2025-06-12 22:03:00,47.4
2025-06-12 06:22:00,1.9
2025-06-12 12:19:00,93.7
2025-06-12 11:25:00,52.0
2025-06-12 11:37:00,29.1
2025-06-12 08:17:00,70.3
2025-06-12 11:08:00,90.6
2025-06-12 00:54:00,80.8
2025-06-12 06:36:00,4.1
2025-06-12 20:36:00,96.2
2025-06-12 10:52:00,10.7
2025-06-12 07:44:00,28.7
2025-06-12 13:38:00,45.2
2025-06-12 01:07:00,18.6
2025-06-12 15:00:00,70.1
2025-06-12 10:58:00,64.2
2025-06-12 19:54:00,5.5
2025-06-12 23:52:00,34.9
2025-06-12 02:35:00,58.5
2025-06-12 16:41:00,54.2
2025-06-12 19:36:00,38.6
2025-06-12 03:22:00,46.8
2025-06-12 18:13:00,32.7
2025-06-12 00:18:00,17.9
2025-06-12 22:52:00,33.7
2025-06-12 16:20:00,88.8
2025-06-12 12:05:00,43.9
2025-06-12 05:42:00,68.7
2025-06-12 00:58:00,94.4
2025-06-12 17:16:00,74.2
2025-06-12 10:40:00,58.0
2025-06-12 18:56:00,76.2
2025-06-12 01:10:00,79.3
2025-06-12 02:36:00,47.9
2025-06-12 02:49:00,50.557353635505194
2025-06-12 10:56:00,84.1
2025-06-12 15:06:00,50.557353635505194
2025-06-12 04:31:00,9.6
2025-06-12 02:57:00,50.557353635505194
2025-06-12 01:19:00,58.6
2025-06-12 06:43:00,5.8
2025-06-12 03:07:00,40.0
2025-06-12 04:08:00,4.6
2025-06-12 18:31:00,25.0
2025-06-12 15:38:00,50.557353635505194
2025-06-12 02:27:00,2.1
2025-06-12 07:33:00,34.1
2025-06-12 03:29:00,18.9
2025-06-12 23:29:00,52.7
2025-06-12 15:25:00,1.4
2025-06-12 04:30:00,50.557353635505194
2025-06-12 12:33:00,42.8
2025-06-12 10:25:00,57.5
2025-06-12 02:58:00,83.1
2025-06-12 19:05:00,50.557353635505194
2025-06-12 01:57:00,47.7
2025-06-12 15:02:00,42.7
2025-06-12 01:00:00,15.4
2025-06-12 04:42:00,68.9
2025-06-12 18:27:00,1.2
2025-06-12 10:27:00,50.557353635505194
2025-06-12 00:56:00,84.6
2025-06-12 17:08:00,38.4
2025-06-12 21:31:00,24.4
2025-06-12 00:05:00,82.2
2025-06-12 06:40:00,75.8
2025-06-12 06:25:00,5.1
2025-06-12 14:15:00,96.5
2025-06-12 13:50:00,85.9
2025-06-12 23:54:00,23.2
2025-06-12 13:52:00,34.0
2025-06-12 09:22:00,19.3
2025-06-12 05:54:00,6.5
2025-06-12 00:53:00,60.5
2025-06-12 13:10:00,5.7
2025-06-12 23:01:00,50.557353635505194
2025-06-12 21:15:00,13.4
2025-06-12 05:09:00,50.557353635505194
2025-06-12 16:26:00,32.0
2025-06-12 05:56:00,50.557353635505194
2025-06-12 01:58:00,26.9
2025-06-12 00:15:00,41.8
2025-06-12 20:01:00,6.1
2025-06-12 03:57:00,9.0
2025-06-12 03:16:00,63.5
2025-06-12 10:17:00,72.3
2025-06-12 17:46:00,90.3
2025-06-12 18:28:00,2.3
2025-06-12 11:38:00,50.557353635505194
2025-06-12 02:59:00,22.6
2025-06-12 10:02:00,50.557353635505194
2025-06-12 02:45:00,80.5
2025-06-12 22:40:00,93.2
2025-06-12 10:34:00,73.2
2025-06-12 17:02:00,22.3
2025-06-12 04:37:00,35.7
2025-06-12 02:05:00,67.2
2025-06-12 16:14:00,15.4
2025-06-12 13:42:00,50.557353635505194
2025-06-12 07:57:00,2.3
2025-06-12 12:18:00,56.7
2025-06-12 21:12:00,19.1
2025-06-12 04:29:00,4.7
2025-06-12 22:55:00,23.9
2025-06-12 15:51:00,56.5
2025-06-12 11:41:00,30.9
2025-06-12 12:24:00,5.9
2025-06-12 12:08:00,54.5
2025-06-12 15:20:00,81.1
2025-06-12 20:43:00,64.1
2025-06-12 08:21:00,50.557353635505194
2025-06-12 01:02:00,84.6
2025-06-12 02:40:00,7.4
2025-06-12 06:06:00,87.2
2025-06-12 00:30:00,10.5
2025-06-12 03:45:00,88.7
2025-06-12 02:33:00,66.0
2025-06-12 09:24:00,50.557353635505194
2025-06-12 07:40:00,22.5
2025-06-12 07:59:00,50.557353635505194
2025-06-12 18:35:00,60.1
2025-06-12 09:01:00,50.557353635505194
2025-06-12 19:40:00,44.5
2025-06-12 19:39:00,94.6
2025-06-12 20:52:00,92.3
2025-06-12 04:56:00,5.1
2025-06-12 03:00:00,47.5
2025-06-12 13:54:00,28.3
2025-06-12 08:59:00,99.6
2025-06-12 14:42:00,99.8
2025-06-12 00:34:00,1.1
2025-06-12 10:35:00,79.5
2025-06-12 15:15:00,45.2
2025-06-12 09:53:00,50.557353635505194
2025-06-12 09:46:00,50.557353635505194
2025-06-12 06:27:00,57.0
2025-06-12 06:23:00,25.8
2025-06-12 10:47:00,61.0
2025-06-12 04:32:00,50.557353635505194
2025-06-12 06:21:00,6.9
2025-06-12 04:23:00,92.1
2025-06-12 08:55:00,24.9
2025-06-12 11:10:00,32.7
2025-06-12 00:26:00,86.3
2025-06-12 10:22:00,50.4
2025-06-12 21:03:00,99.1
2025-06-12 03:46:00,50.557353635505194
2025-06-12 13:11:00,26.4
2025-06-12 12:14:00,10.4
2025-06-12 03:10:00,60.3
2025-06-12 04:44:00,18.8
2025-06-12 21:37:00,3.7
2025-06-12 15:21:00,1.9
2025-06-12 06:39:00,22.7
2025-06-12 08:25:00,58.0
2025-06-12 02:46:00,50.557353635505194
2025-06-12 19:49:00,50.557353635505194
2025-06-12 20:38:00,33.9
2025-06-12 03:54:00,94.3
2025-06-12 22:54:00,50.557353635505194
2025-06-12 23:03:00,97.2
2025-06-12 02:54:00,41.1
2025-06-12 17:39:00,83.3
2025-06-12 11:00:00,12.8
2025-06-12 18:11:00,29.0
2025-06-12 14:59:00,11.5
2025-06-12 14:14:00,77.4
2025-06-12 09:27:00,47.9
2025-06-12 23:30:00,50.557353635505194
2025-06-12 06:09:00,23.5
2025-06-12 23:44:00,50.557353635505194
2025-06-12 07:49:00,22.9
2025-06-12 04:07:00,28.9
2025-06-12 20:28:00,36.4
2025-06-12 05:53:00,98.6
2025-06-12 01:21:00,50.557353635505194
2025-06-12 12:48:00,82.3
2025-06-12 20:59:00,50.557353635505194
2025-06-12 20:05:00,81.5
2025-06-12 07:12:00,41.4
2025-06-12 16:40:00,85.6
2025-06-12 14:57:00,32.8
2025-06-12 00:55:00,49.0
2025-06-12 07:11:00,50.557353635505194
2025-06-12 05:57:00,1.2
2025-06-12 06:32:00,54.9
2025-06-12 01:54:00,18.9
2025-06-12 19:16:00,94.4
2025-06-12 15:41:00,41.4
2025-06-12 15:52:00,34.9
2025-06-12 09:50:00,44.7
2025-06-12 12:21:00,50.557353635505194
2025-06-12 09:54:00,62.6
2025-06-12 02:11:00,85.9
2025-06-12 08:30:00,94.0
2025-06-12 14:34:00,50.557353635505194
2025-06-12 06:10:00,42.2
2025-06-12 05:00:00,50.557353635505194
2025-06-12 18:04:00,50.557353635505194
2025-06-12 22:58:00,80.2
2025-06-12 13:12:00,50.557353635505194
2025-06-12 00:00:00,37.4
2025-06-12 09:38:00,41.3
2025-06-12 20:14:00,82.9
2025-06-12 18:42:00,69.9
2025-06-12 18:51:00,33.6
2025-06-12 22:53:00,50.557353635505194
2025-06-12 16:13:00,50.557353635505194
2025-06-12 02:04:00,50.557353635505194
2025-06-12 07:52:00,92.6
2025-06-12 18:45:00,30.7
2025-06-12 22:14:00,46.6
2025-06-12 12:23:00,75.0
2025-06-12 07:10:00,8.6
2025-06-12 14:07:00,51.0
2025-06-12 11:04:00,98.9
2025-06-12 17:00:00,38.1
2025-06-12 12:15:00,77.3
2025-06-12 09:06:00,50.557353635505194
2025-06-12 21:51:00,74.0
2025-06-12 09:33:00,78.6
2025-06-12 05:11:00,70.5
2025-06-12 13:00:00,66.7
2025-06-12 02:41:00,95.2
2025-06-12 21:44:00,95.3
2025-06-12 16:55:00,57.0
2025-06-12 05:14:00,80.0
2025-06-12 09:19:00,78.0
2025-06-12 06:38:00,62.7
2025-06-12 18:07:00,35.3
2025-06-12 07:02:00,37.1
2025-06-12 15:04:00,52.9
2025-06-12 00:41:00,70.8
2025-06-12 02:44:00,61.7
2025-06-12 10:03:00,70.4
2025-06-12 00:13:00,75.1
2025-06-12 13:18:00,88.1
2025-06-12 20:48:00,70.9
2025-06-12 17:03:00,79.9
2025-06-12 07:32:00,77.5
2025-06-12 11:40:00,12.9
2025-06-12 20:41:00,93.9
2025-06-12 01:40:00,39.2
2025-06-12 15:42:00,87.2
2025-06-12 08:23:00,17.6
2025-06-12 16:34:00,67.3
2025-06-12 10:49:00,8.6
2025-06-12 22:59:00,96.5
2025-06-12 22:38:00,50.557353635505194
2025-06-12 11:19:00,13.6
2025-06-12 03:41:00,50.557353635505194
2025-06-12 09:32:00,12.9
2025-06-12 12:10:00,41.0
2025-06-12 15:37:00,54.9
2025-06-12 12:26:00,64.5
2025-06-12 16:54:00,19.6
2025-06-12 01:16:00,56.0
2025-06-12 19:00:00,91.2
2025-06-12 18:26:00,93.8
2025-06-12 14:51:00,86.0
2025-06-12 19:29:00,23.9
2025-06-12 00:27:00,50.557353635505194
2025-06-12 01:43:00,52.3
2025-06-12 17:13:00,93.2
2025-06-12 13:55:00,30.4
2025-06-12 09:39:00,60.8
2025-06-12 06:56:00,21.9
2025-06-12 15:43:00,53.8
2025-06-12 06:50:00,98.2
2025-06-12 20:56:00,76.7
2025-06-12 05:35:00,47.2
2025-06-12 10:46:00,13.2
2025-06-12 14:13:00,25.1
2025-06-12 12:12:00,50.557353635505194
2025-06-12 22:27:00,28.8
2025-06-12 00:07:00,90.1
2025-06-12 22:19:00,28.6
2025-06-12 12:33:00,85.7
2025-06-12 23:04:00,90.0
2025-06-12 21:36:00,1.5
2025-06-12 19:31:00,61.0
2025-06-12 15:40:00,80.6
2025-06-12 20:40:00,42.8
2025-06-12 12:14:00,38.0
2025-06-12 05:20:00,7.1
2025-06-12 16:18:00,42.9
2025-06-12 03:36:00,38.1
2025-06-12 12:48:00,73.0
2025-06-12 21:47:00,49.87196987526477
2025-06-12 07:32:00,67.4
2025-06-12 14:58:00,46.1
2025-06-12 11:01:00,97.8
2025-06-12 06:42:00,49.87196987526477
2025-06-12 21:02:00,64.1
2025-06-12 04:19:00,15.8
2025-06-12 17:20:00,84.1
2025-06-12 04:18:00,49.87196987526477
2025-06-12 22:00:00,62.4
2025-06-12 02:55:00,70.9
2025-06-12 00:25:00,49.87196987526477
2025-06-12 10:12:00,12.9
2025-06-12 06:24:00,77.0
2025-06-12 10:25:00,49.3
2025-06-12 00:36:00,49.87196987526477
2025-06-12 10:55:00,29.6
2025-06-12 16:41:00,48.3
2025-06-12 08:47:00,15.5
2025-06-12 15:07:00,39.7
2025-06-12 03:11:00,49.87196987526477
2025-06-12 07:33:00,16.5
2025-06-12 05:49:00,22.3
2025-06-12 21:32:00,55.6
2025-06-12 01:19:00,45.4
2025-06-12 21:42:00,49.87196987526477
2025-06-12 04:05:00,69.8
2025-06-12 03:35:00,34.3
2025-06-12 13:46:00,1.7
2025-06-12 02:01:00,96.1
2025-06-12 00:46:00,7.9
2025-06-12 18:09:00,61.1
2025-06-12 15:35:00,61.0
2025-06-12 11:00:00,73.5
2025-06-12 23:28:00,1.4
2025-06-12 16:13:00,12.5
2025-06-12 15:57:00,96.7
2025-06-12 17:50:00,79.9
2025-06-12 20:47:00,5.8
2025-06-12 20:17:00,84.3
2025-06-12 16:24:00,49.87196987526477
2025-06-12 14:31:00,82.7
2025-06-12 02:17:00,18.8
2025-06-12 18:39:00,77.5
2025-06-12 07:43:00,8.9
2025-06-12 12:57:00,23.1
2025-06-12 09:38:00,81.6
2025-06-12 08:05:00,99.3
2025-06-12 14:15:00,18.8
2025-06-12 08:00:00,49.87196987526477
2025-06-12 15:38:00,49.87196987526477
2025-06-12 13:47:00,75.0
2025-06-12 22:31:00,49.87196987526477
2025-06-12 14:56:00,72.6
2025-06-12 18:03:00,76.9
2025-06-12 21:33:00,97.4
2025-06-12 17:49:00,37.4
2025-06-12 10:39:00,65.8
2025-06-12 22:14:00,2.6
2025-06-12 02:46:00,49.87196987526477
2025-06-12 00:09:00,10.9
2025-06-12 08:03:00,49.87196987526477
2025-06-12 19:06:00,97.8
2025-06-12 14:42:00,1.3
2025-06-12 09:46:00,46.3
2025-06-12 16:38:00,67.2
2025-06-12 15:24:00,15.0
2025-06-12 07:45:00,36.2
2025-06-12 17:10:00,30.6
2025-06-12 11:59:00,62.0
2025-06-12 04:41:00,22.9
2025-06-12 07:36:00,49.87196987526477
2025-06-12 15:08:00,51.0
2025-06-12 20:09:00,61.8
2025-06-12 03:43:00,29.5
2025-06-12 23:23:00,56.4
2025-06-12 08:24:00,74.9
2025-06-12 16:23:00,58.8
2025-06-12 23:21:00,49.87196987526477
2025-06-12 11:52:00,81.6
2025-06-12 07:28:00,21.9
2025-06-12 20:23:00,66.9
2025-06-12 21:26:00,91.0
2025-06-12 19:11:00,4.5
2025-06-12 01:42:00,49.87196987526477
2025-06-12 08:34:00,49.87196987526477
2025-06-12 20:38:00,81.9
2025-06-12 09:37:00,70.9
2025-06-12 02:48:00,54.5
2025-06-12 22:36:00,49.87196987526477
2025-06-12 12:26:00,40.7
2025-06-12 19:32:00,49.87196987526477
2025-06-12 05:47:00,72.7
2025-06-12 10:45:00,49.87196987526477
2025-06-12 22:26:00,59.0
2025-06-12 15:25:00,27.9
2025-06-12 01:55:00,29.7
2025-06-12 02:35:00,14.6
2025-06-12 14:10:00,1.8
2025-06-12 10:27:00,49.87196987526477
2025-06-12 13:55:00,51.2
2025-06-12 16:22:00,13.7
2025-06-12 22:38:00,49.87196987526477
2025-06-12 14:35:00,44.0
2025-06-12 17:45:00,79.4
2025-06-12 20:24:00,81.2
2025-06-12 01:06:00,90.6
2025-06-12 19:45:00,49.87196987526477
2025-06-12 08:56:00,54.1
2025-06-12 13:00:00,95.0
2025-06-12 03:37:00,66.7
2025-06-12 03:23:00,35.6
2025-06-12 20:00:00,9.5
2025-06-12 09:26:00,51.0
2025-06-12 04:42:00,49.87196987526477
2025-06-12 09:18:00,35.3
2025-06-12 07:27:00,49.87196987526477
2025-06-12 22:53:00,36.6
2025-06-12 02:39:00,49.87196987526477
2025-06-12 10:07:00,77.4
2025-06-12 19:48:00,16.2
2025-06-12 00:27:00,75.7
2025-06-12 03:47:00,49.87196987526477
2025-06-12 04:26:00,2.3
2025-06-12 03:20:00,77.0
2025-06-12 06:12:00,17.6
2025-06-12 13:37:00,66.2
2025-06-12 02:44:00,5.5
2025-06-12 19:30:00,93.7
2025-06-12 16:10:00,49.87196987526477
2025-06-12 16:51:00,37.5
2025-06-12 10:48:00,45.7
2025-06-12 17:27:00,49.87196987526477
2025-06-12 01:26:00,22.7
2025-06-12 12:00:00,66.7
2025-06-12 12:21:00,14.5
2025-06-12 12:30:00,66.6
2025-06-12 04:17:00,45.5
2025-06-12 09:32:00,39.0
2025-06-12 10:56:00,45.5
2025-06-12 16:37:00,10.0
2025-06-12 04:11:00,59.3
2025-06-12 01:54:00,99.9
2025-06-12 04:57:00,30.3
2025-06-12 19:22:00,78.4
2025-06-12 16:55:00,89.2
2025-06-12 03:10:00,37.9
2025-06-12 11:37:00,93.4
2025-06-12 04:08:00,84.7
2025-06-12 03:41:00,85.1
2025-06-12 06:38:00,30.2
2025-06-12 09:21:00,16.5
2025-06-12 04:38:00,49.87196987526477
2025-06-12 21:13:00,26.9
2025-06-12 18:22:00,94.9
2025-06-12 06:08:00,64.1
2025-06-12 13:56:00,49.87196987526477
2025-06-12 00:01:00,49.87196987526477
2025-06-12 10:43:00,41.7
2025-06-12 15:32:00,26.9
2025-06-12 04:54:00,49.87196987526477
2025-06-12 23:10:00,87.8
2025-06-12 09:34:00,87.5
2025-06-12 20:37:00,95.2
2025-06-12 06:04:00,49.87196987526477
2025-06-12 16:04:00,87.3
2025-06-12 07:24:00,45.7
2025-06-12 03:25:00,91.8
2025-06-12 01:21:00,49.87196987526477
2025-06-12 19:20:00,49.87196987526477
2025-06-12 16:59:00,45.7
2025-06-12 10:47:00,56.7
2025-06-12 01:37:00,49.87196987526477
2025-06-12 17:38:00,49.87196987526477
2025-06-12 06:15:00,33.0
2025-06-12 14:22:00,0.6
2025-06-12 19:55:00,78.6
2025-06-12 22:10:00,60.5
2025-06-12 01:09:00,0.8
2025-06-12 19:42:00,14.5
2025-06-12 20:31:00,25.3
2025-06-12 09:41:00,83.7
2025-06-12 20:46:00,75.0
2025-06-12 22:17:00,62.2
2025-06-12 08:53:00,33.1
2025-06-12 20:22:00,40.5
2025-06-12 16:00:00,75.3
2025-06-12 12:49:00,49.87196987526477
2025-06-12 03:01:00,49.87196987526477
2025-06-12 12:39:00,44.0
2025-06-12 06:33:00,95.5
2025-06-12 16:56:00,26.5
2025-06-12 04:28:00,49.87196987526477
2025-06-12 01:28:00,8.1
2025-06-12 19:04:00,49.87196987526477
2025-06-12 08:04:00,37.2
2025-06-12 05:32:00,47.7
2025-06-12 00:10:00,69.6
2025-06-12 18:52:00,49.87196987526477
2025-06-12 17:02:00,17.6
2025-06-12 16:01:00,49.87196987526477
2025-06-12 14:43:00,79.3
2025-06-12 00:33:00,57.7
2025-06-12 12:45:00,11.8
2025-06-12 14:04:00,75.7
2025-06-12 20:53:00,34.3
2025-06-12 12:59:00,97.6
2025-06-12 18:41:00,10.3
2025-06-12 13:49:00,16.1
2025-06-12 22:43:00,13.9
2025-06-12 15:15:00,49.87196987526477
2025-06-12 02:28:00,99.4
2025-06-12 21:18:00,97.3
2025-06-12 10:02:00,49.87196987526477
2025-06-12 09:23:00,42.7
2025-06-12 11:33:00,41.0
2025-06-12 19:10:00,90.2
2025-06-12 20:21:00,94.2
2025-06-12 18:57:00,33.5
2025-06-12 07:10:00,63.5
2025-06-12 12:42:00,12.8
2025-06-12 04:40:00,49.87196987526477
2025-06-12 11:23:00,42.6
2025-06-12 13:07:00,17.9
2025-06-12 12:20:00,85.1
2025-06-12 19:58:00,50.6
2025-06-12 10:23:00,57.2
2025-06-12 20:36:00,83.8
2025-06-12 09:15:00,93.1
2025-06-12 10:46:00,70.5
2025-06-12 10:59:00,37.7
2025-06-12 06:36:00,17.1
2025-06-12 23:09:00,0.8
2025-06-12 22:09:00,70.8
2025-06-12 04:49:00,16.2
2025-06-12 20:28:00,33.0
2025-06-12 20:19:00,30.2
2025-06-12 14:12:00,68.3
2025-06-12 16:43:00,72.0
2025-06-12 11:21:00,77.8
2025-06-12 10:40:00,65.0
2025-06-12 04:43:00,48.7
2025-06-12 08:35:00,29.5
2025-06-12 18:14:00,40.1
2025-06-12 01:39:00,68.8
2025-06-12 08:57:00,56.5
2025-06-12 22:03:00,49.87196987526477
2025-06-12 19:21:00,69.3
2025-06-12 14:06:00,63.4
2025-06-12 00:45:00,49.87196987526477
2025-06-12 02:29:00,10.1
2025-06-12 15:41:00,97.7
2025-06-12 15:14:00,26.4
2025-06-12 13:24:00,87.7
2025-06-12 06:55:00,30.0
2025-06-12 14:00:00,5.8
2025-06-12 16:42:00,70.4
2025-06-12 15:28:00,73.8
2025-06-12 00:21:00,49.87196987526477
2025-06-12 17:41:00,49.87196987526477
2025-06-12 12:07:00,23.8
2025-06-12 05:25:00,37.4
2025-06-12 01:15:00,14.0
2025-06-12 05:42:00,2.1
2025-06-12 00:05:00,82.7
2025-06-12 17:19:00,42.0
2025-06-12 21:25:00,51.4
2025-06-12 20:49:00,98.7
2025-06-12 10:14:00,89.0
2025-06-12 14:39:00,12.2
2025-06-12 21:37:00,53.5
2025-06-12 13:36:00,23.4
2025-06-12 21:40:00,8.0
2025-06-12 06:14:00,49.87196987526477
2025-06-12 11:30:00,49.87196987526477
2025-06-12 15:47:00,36.8
2025-06-12 10:37:00,38.0
2025-06-12 11:41:00,64.8
2025-06-12 11:04:00,70.1
2025-06-12 03:19:00,49.93628109892701
2025-06-12 09:22:00,98.7
2025-06-12 09:00:00,49.93628109892701
2025-06-12 23:34:00,30.0
2025-06-12 13:11:00,2.7
2025-06-12 13:46:00,49.93628109892701
2025-06-12 08:40:00,3.5
2025-06-12 14:13:00,93.1
2025-06-12 18:28:00,17.6
2025-06-12 11:39:00,18.9
2025-06-12 00:51:00,49.93628109892701
2025-06-12 14:40:00,13.3
2025-06-12 03:32:00,49.93628109892701
2025-06-12 16:59:00,49.93628109892701
2025-06-12 18:21:00,0.8
2025-06-12 23:12:00,19.7
2025-06-12 17:35:00,93.8
2025-06-12 00:53:00,49.93628109892701
2025-06-12 16:46:00,77.7
2025-06-12 10:32:00,13.0
2025-06-12 05:53:00,74.1
2025-06-12 14:03:00,33.5
2025-06-12 09:57:00,73.5
2025-06-12 22:52:00,49.93628109892701
2025-06-12 18:10:00,92.0
2025-06-12 07:06:00,61.1
2025-06-12 22:22:00,17.5
2025-06-12 08:33:00,5.3
2025-06-12 14:42:00,41.1
2025-06-12 07:12:00,96.2
2025-06-12 12:44:00,56.8
2025-06-12 14:29:00,1.6
2025-06-12 06:31:00,30.3
2025-06-12 17:00:00,0.2
2025-06-12 08:48:00,49.93628109892701
2025-06-12 23:31:00,76.9
2025-06-12 15:53:00,89.7
2025-06-12 16:27:00,30.6
2025-06-12 01:53:00,58.3
2025-06-12 08:57:00,27.2
2025-06-12 12:03:00,49.93628109892701
2025-06-12 23:26:00,39.1
2025-06-12 17:57:00,25.4
2025-06-12 05:23:00,63.5
2025-06-12 03:50:00,40.9
2025-06-12 03:02:00,61.6
2025-06-12 18:14:00,48.9
2025-06-12 00:26:00,92.2
2025-06-12 14:37:00,91.7
2025-06-12 15:08:00,49.0
2025-06-12 17:45:00,49.93628109892701
2025-06-12 16:18:00,65.0
2025-06-12 16:28:00,29.9
2025-06-12 05:50:00,49.93628109892701
2025-06-12 07:18:00,49.93628109892701
2025-06-12 16:32:00,19.4
2025-06-12 03:37:00,66.7
2025-06-12 01:12:00,24.9
2025-06-12 03:14:00,49.93628109892701
2025-06-12 07:23:00,10.1
2025-06-12 06:33:00,13.1
2025-06-12 21:33:00,68.5
2025-06-12 04:55:00,39.0
2025-06-12 17:01:00,76.7
2025-06-12 10:43:00,49.93628109892701
2025-06-12 04:29:00,80.4
2025-06-12 19:19:00,79.8
2025-06-12 12:06:00,49.93628109892701
2025-06-12 06:36:00,5.8
2025-06-12 12:37:00,55.1
2025-06-12 10:20:00,59.0
2025-06-12 06:24:00,38.1
2025-06-12 00:46:00,68.0
2025-06-12 02:57:00,49.93628109892701
2025-06-12 08:15:00,4.8
2025-06-12 05:24:00,49.93628109892701
2025-06-12 08:03:00,52.7
2025-06-12 03:06:00,66.4
2025-06-12 10:08:00,82.7
2025-06-12 17:38:00,25.1
2025-06-12 01:29:00,82.6
2025-06-12 22:29:00,49.93628109892701
2025-06-12 22:54:00,96.0
2025-06-12 14:09:00,11.0
2025-06-12 16:22:00,65.2
2025-06-12 16:20:00,49.93628109892701
2025-06-12 15:41:00,1.6
2025-06-12 16:10:00,19.0
2025-06-12 07:19:00,75.9
2025-06-12 11:54:00,59.8
2025-06-12 14:54:00,26.1
2025-06-12 03:38:00,64.0
2025-06-12 14:52:00,54.3
2025-06-12 04:26:00,49.93628109892701
2025-06-12 13:35:00,49.93628109892701
2025-06-12 03:40:00,30.5
2025-06-12 06:59:00,55.8
2025-06-12 13:49:00,68.0
2025-06-12 18:06:00,53.6
2025-06-12 06:03:00,89.4
2025-06-12 10:11:00,34.9
2025-06-12 20:28:00,41.6
2025-06-12 08:13:00,9.3
2025-06-12 22:38:00,90.1
2025-06-12 20:56:00,7.8
2025-06-12 22:53:00,5.7
2025-06-12 07:37:00,68.4
2025-06-12 19:10:00,84.8
2025-06-12 08:21:00,47.6
2025-06-12 05:49:00,49.93628109892701
2025-06-12 03:48:00,49.93628109892701
2025-06-12 16:24:00,28.7
2025-06-12 12:40:00,8.8
2025-06-12 13:47:00,91.2
2025-06-12 04:57:00,51.5
2025-06-12 23:16:00,69.4
2025-06-12 01:52:00,28.0
2025-06-12 20:44:00,65.9
2025-06-12 02:25:00,69.9
2025-06-12 16:58:00,98.8
2025-06-12 12:34:00,49.93628109892701
2025-06-12 21:26:00,8.4
2025-06-12 22:44:00,38.6
2025-06-12 09:20:00,49.93628109892701
2025-06-12 23:35:00,51.5
2025-06-12 13:20:00,97.1
2025-06-12 09:30:00,70.9
2025-06-12 09:35:00,49.93628109892701
2025-06-12 15:54:00,88.0
2025-06-12 00:08:00,40.6
2025-06-12 02:49:00,48.4
2025-06-12 02:17:00,28.1
2025-06-12 16:05:00,1.8
2025-06-12 18:18:00,49.93628109892701
2025-06-12 02:09:00,25.8
2025-06-12 19:31:00,49.93628109892701
2025-06-12 19:52:00,49.93628109892701
2025-06-12 12:19:00,49.93628109892701
2025-06-12 18:09:00,0.9
2025-06-12 16:50:00,75.8
2025-06-12 14:43:00,49.93628109892701
2025-06-12 16:54:00,5.6
2025-06-12 12:17:00,49.93628109892701
2025-06-12 11:37:00,24.0
2025-06-12 00:59:00,10.4
2025-06-12 12:50:00,14.5
2025-06-12 00:37:00,42.9
2025-06-12 21:49:00,24.1
2025-06-12 06:10:00,84.7
2025-06-12 08:44:00,81.9
2025-06-12 05:03:00,49.93628109892701
2025-06-12 23:59:00,35.5
2025-06-12 08:54:00,35.6
2025-06-12 22:26:00,50.9
2025-06-12 20:23:00,75.1
2025-06-12 01:56:00,84.0
2025-06-12 20:12:00,84.5
2025-06-12 05:44:00,77.1
2025-06-12 19:43:00,13.6
2025-06-12 13:10:00,89.9
2025-06-12 11:15:00,54.1
2025-06-12 10:06:00,5.2
2025-06-12 14:59:00,34.7
2025-06-12 01:31:00,82.4
2025-06-12 01:17:00,49.93628109892701
2025-06-12 09:31:00,59.9
2025-06-12 19:48:00,95.1
2025-06-12 23:07:00,44.9
2025-06-12 14:21:00,76.0
2025-06-12 10:03:00,90.1
2025-06-12 18:32:00,49.93628109892701
2025-06-12 05:21:00,56.4
2025-06-12 09:18:00,49.93628109892701
2025-06-12 02:18:00,82.7
2025-06-12 07:47:00,49.93628109892701
2025-06-12 18:01:00,33.6
2025-06-12 07:22:00,3.5
2025-06-12 19:55:00,59.6
2025-06-12 22:14:00,49.93628109892701
2025-06-12 20:36:00,16.5
2025-06-12 00:01:00,47.2
2025-06-12 17:33:00,50.2
2025-06-12 20:31:00,62.9
2025-06-12 18:50:00,54.1
2025-06-12 00:48:00,3.3
2025-06-12 05:07:00,1.8
2025-06-12 11:49:00,92.0
2025-06-12 15:16:00,49.93628109892701
2025-06-12 07:27:00,53.5
2025-06-12 16:53:00,74.0
2025-06-12 14:10:00,30.8
2025-06-12 22:13:00,9.3
2025-06-12 14:47:00,92.0
2025-06-12 03:27:00,32.3
2025-06-12 04:33:00,45.1
2025-06-12 02:10:00,49.2
2025-06-12 09:56:00,21.7
2025-06-12 11:09:00,74.1
2025-06-12 21:35:00,49.93628109892701
2025-06-12 11:25:00,12.8
2025-06-12 01:18:00,37.7
2025-06-12 00:35:00,43.2
2025-06-12 16:21:00,47.2
2025-06-12 19:28:00,49.93628109892701
2025-06-12 01:10:00,0.5
2025-06-12 13:26:00,78.2
2025-06-12 17:14:00,84.9
2025-06-12 16:17:00,45.5
2025-06-12 05:38:00,27.4
2025-06-12 02:34:00,82.6
2025-06-12 12:59:00,23.9
2025-06-12 14:58:00,37.2
2025-06-12 11:00:00,40.2
2025-06-12 04:07:00,46.1
2025-06-12 12:32:00,4.9
2025-06-12 03:08:00,2.3
2025-06-12 15:59:00,8.6
2025-06-12 01:28:00,84.4
2025-06-12 16:13:00,49.93628109892701
2025-06-12 01:08:00,49.93628109892701
2025-06-12 07:17:00,49.93628109892701
2025-06-12 15:52:00,5.6
2025-06-12 03:36:00,18.2
2025-06-12 19:47:00,60.7
2025-06-12 02:07:00,66.3
2025-06-12 23:08:00,40.6
2025-06-12 21:02:00,49.93628109892701
2025-06-12 13:15:00,75.3
2025-06-12 13:22:00,70.4
2025-06-12 16:45:00,6.8
2025-06-12 18:39:00,41.5
2025-06-12 13:52:00,60.8
2025-06-12 01:40:00,15.4
2025-06-12 01:58:00,49.93628109892701
2025-06-12 15:26:00,14.6
2025-06-12 03:17:00,81.2
2025-06-12 23:05:00,10.1
2025-06-12 01:11:00,27.0
2025-06-12 15:06:00,42.4
2025-06-12 09:09:00,51.2
2025-06-12 21:16:00,44.1
2025-06-12 13:30:00,97.8
2025-06-12 14:51:00,58.7
2025-06-12 10:54:00,37.4
2025-06-12 16:44:00,49.93628109892701
2025-06-12 04:21:00,74.9
2025-06-12 07:43:00,98.0
2025-06-12 09:04:00,68.9
2025-06-12 20:48:00,49.7
2025-06-12 23:33:00,81.4
2025-06-12 05:05:00,18.3
2025-06-12 08:19:00,42.1
2025-06-12 09:58:00,59.1
2025-06-12 08:20:00,6.2
2025-06-12 13:51:00,53.0
2025-06-12 01:25:00,30.7
2025-06-12 13:42:00,48.8
2025-06-12 22:12:00,7.9
2025-06-12 13:29:00,95.4
2025-06-12 21:20:00,15.1
2025-06-12 07:44:00,66.7
2025-06-12 09:41:00,31.2
2025-06-12 23:54:00,11.8
2025-06-12 21:32:00,32.3
2025-06-12 02:42:00,49.93628109892701
2025-06-12 06:18:00,17.0
2025-06-12 08:09:00,92.5
2025-06-12 00:42:00,49.93628109892701
2025-06-12 03:29:00,79.8
2025-06-12 05:35:00,49.93628109892701
2025-06-12 23:38:00,91.8
2025-06-12 09:52:00,45.3
2025-06-12 07:07:00,15.9
2025-06-12 01:23:00,55.6
2025-06-12 02:52:00,22.8
2025-06-12 22:05:00,55.0
2025-06-12 02:20:00,89.1
2025-06-12 01:41:00,28.3
2025-06-12 04:14:00,49.93628109892701
2025-06-12 12:22:00,84.9
2025-06-12 08:43:00,72.3
2025-06-12 20:02:00,78.1
2025-06-12 18:12:00,49.93628109892701
2025-06-12 05:42:00,62.7
2025-06-12 11:06:00,59.1
2025-06-12 00:41:00,82.4
2025-06-12 15:21:00,30.4
2025-06-12 18:33:00,28.2
2025-06-12 06:08:00,5.7
2025-06-12 05:48:00,88.0
2025-06-12 06:16:00,49.797736698660984
2025-06-12 20:48:00,8.4
2025-06-12 10:46:00,49.797736698660984
2025-06-12 01:04:00,59.8
2025-06-12 17:19:00,47.2
2025-06-12 23:53:00,25.0
2025-06-12 07:38:00,49.797736698660984
2025-06-12 02:32:00,49.797736698660984
2025-06-12 03:40:00,16.6
2025-06-12 15:38:00,5.0
2025-06-12 00:44:00,92.8
2025-06-12 18:03:00,98.1
2025-06-12 14:34:00,49.797736698660984
2025-06-12 04:05:00,70.6
2025-06-12 10:16:00,64.9
2025-06-12 06:38:00,94.9
2025-06-12 21:03:00,60.5
2025-06-12 11:10:00,33.1
2025-06-12 10:09:00,64.6
2025-06-12 11:52:00,10.1
2025-06-12 21:51:00,49.4
2025-06-12 15:37:00,19.1
2025-06-12 17:51:00,54.7
2025-06-12 10:11:00,79.7
2025-06-12 22:11:00,1.3
2025-06-12 10:15:00,46.5
2025-06-12 09:17:00,66.6
2025-06-12 00:06:00,92.3
2025-06-12 09:24:00,8.0
2025-06-12 03:34:00,43.4
2025-06-12 20:47:00,46.8
2025-06-12 06:20:00,91.7
2025-06-12 19:11:00,65.9
2025-06-12 02:05:00,80.8
2025-06-12 10:07:00,59.4
2025-06-12 02:10:00,93.9
2025-06-12 09:25:00,70.5
2025-06-12 09:52:00,63.2
2025-06-12 22:49:00,63.6
2025-06-12 10:53:00,68.3
2025-06-12 06:34:00,87.6
2025-06-12 08:41:00,39.6
2025-06-12 05:19:00,15.6
2025-06-12 10:39:00,49.797736698660984
2025-06-12 23:48:00,33.7
2025-06-12 08:23:00,35.8
2025-06-12 02:02:00,66.8
2025-06-12 07:57:00,55.8
2025-06-12 16:03:00,39.1
2025-06-12 09:33:00,92.7
2025-06-12 06:01:00,0.4
2025-06-12 08:46:00,95.2
2025-06-12 16:09:00,22.0
2025-06-12 05:48:00,38.1
2025-06-12 12:16:00,37.5
2025-06-12 04:28:00,49.797736698660984
2025-06-12 23:49:00,68.3
2025-06-12 00:54:00,49.797736698660984
2025-06-12 16:45:00,6.0
2025-06-12 23:27:00,24.3
2025-06-12 00:25:00,62.7
2025-06-12 00:43:00,73.5
2025-06-12 10:21:00,92.3
2025-06-12 07:24:00,4.6
2025-06-12 00:09:00,60.0
2025-06-12 20:42:00,66.1
2025-06-12 16:58:00,78.9
2025-06-12 13:50:00,5.2
2025-06-12 04:03:00,70.8
2025-06-12 14:50:00,51.9
2025-06-12 18:14:00,72.0
2025-06-12 16:29:00,20.1
2025-06-12 06:25:00,31.7
2025-06-12 02:57:00,56.3
2025-06-12 22:21:00,49.797736698660984
2025-06-12 19:52:00,20.3
2025-06-12 03:27:00,37.4
2025-06-12 11:24:00,82.8
2025-06-12 14:22:00,43.0
2025-06-12 11:35:00,93.9
2025-06-12 08:19:00,98.8
2025-06-12 15:41:00,49.797736698660984
2025-06-12 14:55:00,2.1
2025-06-12 11:13:00,54.1
2025-06-12 11:51:00,71.1
2025-06-12 21:38:00,9.5
2025-06-12 11:59:00,7.8
2025-06-12 12:11:00,36.8
2025-06-12 10:27:00,99.2
2025-06-12 08:29:00,15.3
2025-06-12 07:40:00,87.2
2025-06-12 07:51:00,49.797736698660984
2025-06-12 12:51:00,25.4
2025-06-12 04:47:00,68.6
2025-06-12 20:15:00,56.6
2025-06-12 03:07:00,53.2
2025-06-12 17:55:00,18.5
2025-06-12 21:27:00,32.8
2025-06-12 18:08:00,49.797736698660984
2025-06-12 03:53:00,49.797736698660984
2025-06-12 21:23:00,71.8
2025-06-12 10:18:00,61.8
2025-06-12 08:17:00,56.2
2025-06-12 07:42:00,49.797736698660984
2025-06-12 09:51:00,0.1
2025-06-12 10:28:00,47.7
2025-06-12 02:13:00,99.8
2025-06-12 04:04:00,85.0
2025-06-12 01:52:00,65.7
2025-06-12 12:48:00,31.4
2025-06-12 00:08:00,49.797736698660984
2025-06-12 12:24:00,66.1
2025-06-12 21:19:00,82.2
2025-06-12 21:58:00,7.1
2025-06-12 21:11:00,22.0
2025-06-12 18:21:00,83.5
2025-06-12 13:42:00,49.797736698660984
2025-06-12 01:10:00,97.8
2025-06-12 04:11:00,73.5
2025-06-12 16:49:00,64.4
2025-06-12 20:25:00,47.1
2025-06-12 09:31:00,94.7
2025-06-12 01:19:00,27.2
2025-06-12 08:45:00,86.1
2025-06-12 23:33:00,96.7
2025-06-12 00:20:00,34.9
2025-06-12 07:14:00,42.9
2025-06-12 12:57:00,14.9
2025-06-12 18:35:00,52.6
2025-06-12 02:37:00,17.5
2025-06-12 16:54:00,5.9
2025-06-12 03:44:00,21.6
2025-06-12 04:45:00,12.6
2025-06-12 15:54:00,41.0
2025-06-12 17:26:00,59.5
2025-06-12 06:31:00,77.7
2025-06-12 20:43:00,50.9
2025-06-12 13:05:00,6.6
2025-06-12 02:45:00,76.3
2025-06-12 09:32:00,41.2
2025-06-12 06:04:00,49.797736698660984
2025-06-12 21:49:00,61.0
2025-06-12 01:12:00,62.7
2025-06-12 15:27:00,32.8
2025-06-12 01:01:00,86.2
2025-06-12 14:58:00,61.7
2025-06-12 00:19:00,71.2
2025-06-12 14:37:00,76.1
2025-06-12 11:15:00,49.797736698660984
2025-06-12 04:32:00,78.1
2025-06-12 19:50:00,49.797736698660984
2025-06-12 06:45:00,2.2
2025-06-12 14:57:00,20.4
2025-06-12 00:15:00,50.8
2025-06-12 13:03:00,2.9
2025-06-12 07:48:00,86.6
2025-06-12 20:00:00,49.1
2025-06-12 01:18:00,14.2
2025-06-12 14:09:00,36.0
2025-06-12 10:58:00,71.9
2025-06-12 19:03:00,72.1
2025-06-12 19:30:00,35.8
2025-06-12 22:53:00,49.797736698660984
2025-06-12 07:59:00,42.1
2025-06-12 13:11:00,30.9
2025-06-12 17:13:00,49.797736698660984
2025-06-12 07:31:00,88.3
2025-06-12 01:59:00,94.7
2025-06-12 19:31:00,49.797736698660984
2025-06-12 06:15:00,49.797736698660984
2025-06-12 11:47:00,71.6
2025-06-12 14:03:00,2.9
2025-06-12 21:34:00,34.5
2025-06-12 00:49:00,58.2
2025-06-12 20:41:00,37.1
2025-06-12 02:25:00,23.6
2025-06-12 07:50:00,18.7
2025-06-12 23:59:00,49.797736698660984
2025-06-12 19:05:00,49.797736698660984
2025-06-12 07:43:00,49.797736698660984
2025-06-12 01:41:00,49.797736698660984
2025-06-12 03:46:00,86.3
2025-06-12 10:30:00,49.797736698660984
2025-06-12 12:01:00,35.1
2025-06-12 21:47:00,52.5
2025-06-12 00:03:00,99.0
2025-06-12 00:30:00,80.2
2025-06-12 23:58:00,37.0
2025-06-12 08:28:00,35.8
2025-06-12 18:07:00,49.797736698660984
2025-06-12 07:53:00,49.797736698660984
2025-06-12 11:08:00,31.6
2025-06-12 11:26:00,81.4
2025-06-12 03:04:00,60.8
2025-06-12 22:35:00,65.9
2025-06-12 17:25:00,25.3
2025-06-12 18:48:00,1.6
2025-06-12 06:43:00,49.797736698660984
2025-06-12 00:34:00,49.797736698660984
2025-06-12 00:35:00,96.0
2025-06-12 13:30:00,1.2
2025-06-12 00:26:00,87.3
2025-06-12 00:27:00,23.1
2025-06-12 10:00:00,72.8
2025-06-12 23:13:00,49.797736698660984
2025-06-12 12:28:00,76.0
2025-06-12 08:01:00,37.1
2025-06-12 04:24:00,77.7
2025-06-12 03:30:00,93.2
2025-06-12 21:25:00,49.797736698660984
2025-06-12 22:32:00,47.4
2025-06-12 17:47:00,80.2
2025-06-12 19:42:00,59.0
2025-06-12 20:57:00,15.3
2025-06-12 23:47:00,49.797736698660984
2025-06-12 21:31:00,49.797736698660984
2025-06-12 01:37:00,74.9
2025-06-12 14:46:00,31.1
2025-06-12 07:07:00,35.7
2025-06-12 03:28:00,29.7
2025-06-12 17:02:00,29.2
2025-06-12 06:58:00,76.8
2025-06-12 14:02:00,51.3
2025-06-12 08:10:00,97.2
2025-06-12 08:11:00,58.1
2025-06-12 02:53:00,58.5
2025-06-12 20:29:00,49.797736698660984
2025-06-12 06:36:00,44.2
2025-06-12 22:20:00,10.8
2025-06-12 18:26:00,95.1
2025-06-12 05:55:00,49.797736698660984
2025-06-12 21:16:00,31.0
2025-06-12 06:21:00,36.0
2025-06-12 21:52:00,72.8
2025-06-12 19:18:00,14.4
2025-06-12 09:56:00,47.9
2025-06-12 04:35:00,61.9
2025-06-12 17:12:00,49.797736698660984
2025-06-12 04:21:00,56.2
2025-06-12 00:02:00,28.0
2025-06-12 12:27:00,93.3
2025-06-12 12:34:00,76.5
2025-06-12 13:45:00,45.1
2025-06-12 14:13:00,14.7
2025-06-12 23:05:00,52.5
2025-06-12 16:32:00,32.6
2025-06-12 08:31:00,57.5
2025-06-12 03:18:00,49.797736698660984
2025-06-12 20:19:00,64.3
2025-06-12 21:39:00,1.4
2025-06-12 03:52:00,60.2
2025-06-12 05:37:00,60.5
2025-06-12 16:25:00,42.4
2025-06-12 18:11:00,30.1
2025-06-12 22:06:00,31.7
2025-06-12 22:23:00,59.9
2025-06-12 02:47:00,49.797736698660984
2025-06-12 13:58:00,49.797736698660984
2025-06-12 19:23:00,75.9
2025-06-12 03:47:00,17.4
2025-06-12 12:58:00,49.797736698660984
2025-06-12 10:08:00,9.6
2025-06-12 12:33:00,30.5
2025-06-12 16:16:00,9.4
2025-06-12 07:01:00,28.4
2025-06-12 03:51:00,6.7
2025-06-12 00:24:00,24.7
2025-06-12 23:18:00,19.4
2025-06-12 17:23:00,49.797736698660984
2025-06-12 10:45:00,57.9
2025-06-12 12:35:00,55.7
2025-06-12 06:23:00,39.6
2025-06-12 09:07:00,42.9
2025-06-12 15:17:00,49.797736698660984
2025-06-12 01:35:00,91.5
2025-06-12 09:19:00,37.8
2025-06-12 18:55:00,66.3
2025-06-12 00:56:00,79.8
2025-06-12 18:53:00,17.8
2025-06-12 18:39:00,70.6
2025-06-12 20:24:00,94.8
2025-06-12 09:29:00,91.7
2025-06-12 14:10:00,68.3
2025-06-12 20:07:00,49.797736698660984
2025-06-12 21:50:00,92.5
2025-06-12 19:59:00,1.0
2025-06-12 19:45:00,3.1
2025-06-12 17:40:00,49.797736698660984
2025-06-12 10:38:00,61.0
2025-06-12 08:13:00,12.6
2025-06-12 06:24:00,74.1
2025-06-12 18:05:00,30.7
2025-06-12 00:28:00,21.1
2025-06-12 17:16:00,41.2
2025-06-12 18:57:00,67.0
2025-06-12 22:40:00,5.8
2025-06-12 13:29:00,27.2
2025-06-12 06:40:00,54.0
2025-06-12 09:58:00,90.1
2025-06-12 19:44:00,4.5
2025-06-12 03:22:00,35.5
2025-06-12 03:14:00,17.3
2025-06-12 18:03:00,50.18136565940501
2025-06-12 20:58:00,61.2
2025-06-12 14:47:00,19.4
2025-06-12 14:48:00,50.18136565940501
2025-06-12 11:40:00,53.4
2025-06-12 07:02:00,12.8
2025-06-12 15:09:00,50.18136565940501
2025-06-12 08:47:00,28.3
2025-06-12 05:17:00,18.0
2025-06-12 10:47:00,19.7
2025-06-12 05:38:00,47.1
2025-06-12 14:10:00,33.7
2025-06-12 19:48:00,89.8
2025-06-12 03:57:00,50.18136565940501
2025-06-12 06:47:00,13.0
2025-06-12 06:30:00,23.2
2025-06-12 10:27:00,70.0
2025-06-12 14:02:00,50.18136565940501
2025-06-12 12:04:00,48.3
2025-06-12 17:29:00,49.9
2025-06-12 13:23:00,6.7
2025-06-12 23:33:00,60.4
2025-06-12 00:15:00,50.18136565940501
2025-06-12 12:15:00,96.5
2025-06-12 00:02:00,50.18136565940501
2025-06-12 20:44:00,50.18136565940501
2025-06-12 14:16:00,67.5
2025-06-12 21:25:00,60.0
2025-06-12 23:31:00,35.1
2025-06-12 04:26:00,9.3
2025-06-12 08:09:00,50.18136565940501
2025-06-12 05:21:00,58.8
2025-06-12 14:46:00,14.9
2025-06-12 09:06:00,50.18136565940501
2025-06-12 22:42:00,98.1
2025-06-12 01:29:00,85.4
2025-06-12 16:38:00,99.4
2025-06-12 06:42:00,50.18136565940501
2025-06-12 11:29:00,50.18136565940501
2025-06-12 02:35:00,9.9
2025-06-12 23:53:00,85.9
2025-06-12 09:30:00,14.7
2025-06-12 03:53:00,86.7
2025-06-12 10:00:00,93.9
2025-06-12 15:19:00,4.1
2025-06-12 05:45:00,8.4
2025-06-12 02:09:00,55.3
2025-06-12 20:34:00,9.8
2025-06-12 03:28:00,55.6
2025-06-12 06:53:00,44.4
2025-06-12 08:34:00,50.18136565940501
2025-06-12 10:42:00,75.3
2025-06-12 11:16:00,50.18136565940501
2025-06-12 14:03:00,21.8
2025-06-12 20:54:00,50.18136565940501
2025-06-12 14:22:00,30.4
2025-06-12 18:02:00,50.18136565940501
2025-06-12 23:43:00,13.2
2025-06-12 13:46:00,84.7
2025-06-12 16:39:00,89.9
2025-06-12 12:20:00,39.0
2025-06-12 18:57:00,98.6
2025-06-12 20:53:00,36.1
2025-06-12 05:29:00,28.0
2025-06-12 21:20:00,76.0
2025-06-12 12:37:00,42.0
2025-06-12 21:02:00,77.6
2025-06-12 17:12:00,38.9
2025-06-12 07:01:00,84.0
2025-06-12 09:22:00,31.2
2025-06-12 17:22:00,43.7
2025-06-12 04:49:00,73.6
2025-06-12 01:19:00,95.7
2025-06-12 01:33:00,93.0
2025-06-12 09:43:00,69.3
2025-06-12 02:45:00,0.3
2025-06-12 10:56:00,56.8
2025-06-12 20:35:00,50.18136565940501
2025-06-12 21:57:00,13.8
2025-06-12 09:31:00,30.4
2025-06-12 12:13:00,55.7
2025-06-12 03:36:00,50.2
2025-06-12 16:56:00,50.18136565940501
2025-06-12 08:06:00,27.0
2025-06-12 08:50:00,43.2
2025-06-12 12:10:00,5.7
2025-06-12 14:37:00,43.0
2025-06-12 11:08:00,74.4
2025-06-12 03:39:00,52.7
2025-06-12 01:07:00,33.5
2025-06-12 09:20:00,50.18136565940501
2025-06-12 23:56:00,42.9
2025-06-12 02:27:00,99.1
2025-06-12 11:56:00,32.3
2025-06-12 17:04:00,50.18136565940501
2025-06-12 04:21:00,82.0
2025-06-12 14:51:00,86.6
2025-06-12 00:21:00,16.6
2025-06-12 03:27:00,69.4
2025-06-12 06:38:00,53.4
2025-06-12 01:43:00,51.7
2025-06-12 20:16:00,50.18136565940501
2025-06-12 10:17:00,41.2
2025-06-12 12:16:00,17.1
2025-06-12 04:40:00,50.18136565940501
2025-06-12 18:53:00,80.2
2025-06-12 19:12:00,48.2
2025-06-12 02:23:00,33.2
2025-06-12 04:03:00,59.0
2025-06-12 03:35:00,41.0
2025-06-12 05:03:00,58.7
2025-06-12 02:58:00,46.0
2025-06-12 09:16:00,59.5
2025-06-12 10:07:00,51.8
2025-06-12 05:41:00,43.4
2025-06-12 20:09:00,95.3
2025-06-12 02:05:00,3.0
2025-06-12 20:51:00,19.4
2025-06-12 05:58:00,50.18136565940501
2025-06-12 16:16:00,50.18136565940501
2025-06-12 05:59:00,77.8
2025-06-12 14:11:00,19.8
2025-06-12 16:02:00,89.8
2025-06-12 10:55:00,50.18136565940501
2025-06-12 21:47:00,41.2
2025-06-12 03:43:00,42.0
2025-06-12 11:33:00,50.18136565940501
2025-06-12 16:14:00,50.18136565940501
2025-06-12 06:12:00,15.9
2025-06-12 19:31:00,50.18136565940501
2025-06-12 15:51:00,1.4
2025-06-12 15:54:00,18.3
2025-06-12 04:00:00,53.3
2025-06-12 06:09:00,71.6
2025-06-12 21:28:00,10.6
2025-06-12 02:46:00,18.7
2025-06-12 06:44:00,51.7
2025-06-12 17:07:00,51.9
2025-06-12 08:16:00,30.5
2025-06-12 06:13:00,42.5
2025-06-12 09:53:00,50.18136565940501
2025-06-12 06:51:00,20.5
2025-06-12 11:45:00,50.18136565940501
2025-06-12 21:23:00,52.3
2025-06-12 21:35:00,50.18136565940501
2025-06-12 19:15:00,11.6
2025-06-12 00:49:00,6.8
2025-06-12 21:09:00,9.6
2025-06-12 18:25:00,94.1
2025-06-12 00:40:00,97.6
2025-06-12 18:19:00,41.4
2025-06-12 09:34:00,50.18136565940501
2025-06-12 13:33:00,46.2
2025-06-12 11:07:00,42.3
2025-06-12 09:01:00,2.4
2025-06-12 20:41:00,67.2
2025-06-12 23:25:00,50.18136565940501
2025-06-12 08:58:00,28.3
2025-06-12 08:41:00,92.1
2025-06-12 23:46:00,28.9
2025-06-12 21:44:00,81.7
2025-06-12 16:01:00,20.0
2025-06-12 06:21:00,37.9
2025-06-12 18:55:00,50.18136565940501
2025-06-12 06:07:00,64.9
2025-06-12 15:06:00,78.9
2025-06-12 07:59:00,59.8
2025-06-12 09:33:00,54.3
2025-06-12 00:48:00,50.4
2025-06-12 07:05:00,32.3
2025-06-12 19:08:00,50.18136565940501
2025-06-12 00:18:00,22.0
2025-06-12 20:08:00,76.6
2025-06-12 19:03:00,89.7
2025-06-12 17:02:00,40.8
2025-06-12 11:18:00,84.5
2025-06-12 15:15:00,98.7
2025-06-12 09:27:00,23.7
2025-06-12 13:42:00,6.2
2025-06-12 13:15:00,48.6
2025-06-12 18:38:00,15.5
2025-06-12 19:17:00,50.18136565940501
2025-06-12 11:32:00,95.1
2025-06-12 10:10:00,50.18136565940501
2025-06-12 09:38:00,94.8
2025-06-12 08:52:00,50.18136565940501
2025-06-12 13:41:00,6.5
2025-06-12 09:37:00,26.4
2025-06-12 17:21:00,14.6
2025-06-12 09:44:00,17.8
2025-06-12 16:48:00,35.5
2025-06-12 21:56:00,4.4
2025-06-12 18:35:00,27.7
2025-06-12 18:47:00,75.4
2025-06-12 07:52:00,50.18136565940501
2025-06-12 12:57:00,18.8
2025-06-12 19:46:00,69.5
2025-06-12 11:13:00,11.0
2025-06-12 05:06:00,63.4
2025-06-12 17:27:00,51.9
2025-06-12 19:36:00,12.0
2025-06-12 10:57:00,47.7
2025-06-12 15:26:00,10.1
2025-06-12 15:30:00,23.8
2025-06-12 06:04:00,75.9
2025-06-12 20:30:00,43.4
2025-06-12 18:39:00,22.1
2025-06-12 06:01:00,36.9
2025-06-12 04:18:00,76.0
2025-06-12 10:26:00,57.3
2025-06-12 03:15:00,60.2
2025-06-12 12:19:00,57.1
2025-06-12 16:54:00,14.6
2025-06-12 18:06:00,5.8
2025-06-12 05:33:00,58.9
2025-06-12 21:51:00,83.4
2025-06-12 09:39:00,83.7
2025-06-12 06:27:00,57.7
2025-06-12 22:00:00,61.5
2025-06-12 09:51:00,74.7
2025-06-12 12:07:00,4.1
2025-06-12 13:47:00,65.1
2025-06-12 03:37:00,50.18136565940501
2025-06-12 12:56:00,39.5
2025-06-12 17:25:00,63.3
2025-06-12 22:47:00,65.3
2025-06-12 10:06:00,46.4
2025-06-12 14:14:00,70.6
2025-06-12 06:11:00,94.3
2025-06-12 07:30:00,4.4
2025-06-12 14:20:00,61.3
2025-06-12 10:28:00,99.9
2025-06-12 07:23:00,19.8
2025-06-12 04:44:00,12.2
2025-06-12 13:54:00,44.9
2025-06-12 08:36:00,41.1
2025-06-12 20:45:00,30.5
2025-06-12 07:24:00,65.3
2025-06-12 19:18:00,66.4
2025-06-12 14:58:00,26.6
2025-06-12 10:54:00,52.4
2025-06-12 07:21:00,26.8
2025-06-12 02:52:00,54.0
2025-06-12 17:00:00,97.1
2025-06-12 21:14:00,61.0
2025-06-12 21:38:00,75.8
2025-06-12 00:04:00,85.9
2025-06-12 12:54:00,35.5
2025-06-12 18:00:00,16.5
2025-06-12 09:05:00,88.1
2025-06-12 14:49:00,46.6
2025-06-12 16:29:00,57.4
2025-06-12 18:01:00,51.2
2025-06-12 06:32:00,21.6
2025-06-12 19:58:00,2.3
2025-06-12 12:05:00,45.6
2025-06-12 01:28:00,94.9
2025-06-12 07:22:00,22.3
2025-06-12 20:20:00,21.1
2025-06-12 17:08:00,81.8
2025-06-12 17:01:00,95.8
2025-06-12 01:56:00,41.8
2025-06-12 23:12:00,11.5
2025-06-12 17:52:00,50.18136565940501
2025-06-12 07:26:00,65.3
2025-06-12 11:03:00,96.5
2025-06-12 21:58:00,33.4
2025-06-12 22:45:00,59.4
2025-06-12 04:19:00,99.1
2025-06-12 06:56:00,68.4
2025-06-12 17:05:00,94.3
2025-06-12 05:51:00,49.7
2025-06-12 04:02:00,20.9
2025-06-12 06:19:00,50.18136565940501
2025-06-12 09:57:00,77.7
2025-06-12 05:54:00,72.5
2025-06-12 05:35:00,87.8
2025-06-12 10:01:00,84.6
2025-06-12 15:08:00,7.7
2025-06-12 15:02:00,50.18136565940501
2025-06-12 18:32:00,34.0
2025-06-12 19:02:00,44.9
2025-06-12 11:24:00,99.1
2025-06-12 04:48:00,49.5
2025-06-12 07:50:00,68.9
2025-06-12 10:44:00,20.6
2025-06-12 23:19:00,99.7
2025-06-12 01:30:00,93.2
2025-06-12 18:02:00,49.66792053602915
2025-06-12 17:41:00,39.9
2025-06-12 07:57:00,24.0
2025-06-12 03:56:00,50.5
2025-06-12 18:42:00,3.1
2025-06-12 09:10:00,38.1
2025-06-12 03:58:00,49.66792053602915
2025-06-12 09:52:00,68.7
2025-06-12 04:14:00,41.0
2025-06-12 10:54:00,76.1
2025-06-12 13:23:00,17.3
2025-06-12 14:14:00,15.0
2025-06-12 14:21:00,49.66792053602915
2025-06-12 17:32:00,61.4
2025-06-12 19:12:00,19.1
2025-06-12 23:30:00,44.1
2025-06-12 17:21:00,49.66792053602915
2025-06-12 22:31:00,51.4
2025-06-12 09:09:00,68.6
2025-06-12 17:16:00,16.4
2025-06-12 11:45:00,85.8
2025-06-12 04:45:00,75.9
2025-06-12 18:55:00,15.6
2025-06-12 01:16:00,49.66792053602915
2025-06-12 08:05:00,9.1
2025-06-12 15:24:00,62.8
2025-06-12 06:44:00,55.5
2025-06-12 13:25:00,50.3
2025-06-12 12:42:00,49.66792053602915
2025-06-12 09:00:00,8.6
2025-06-12 15:13:00,49.66792053602915
2025-06-12 00:39:00,44.2
2025-06-12 21:51:00,55.3
2025-06-12 05:04:00,42.4
2025-06-12 15:47:00,49.66792053602915
2025-06-12 20:15:00,44.3
2025-06-12 07:01:00,48.7
2025-06-12 19:40:00,28.4
2025-06-12 19:52:00,36.4
2025-06-12 08:20:00,11.4
2025-06-12 20:09:00,33.8
2025-06-12 12:24:00,32.2
2025-06-12 21:15:00,25.1
2025-06-12 11:19:00,40.1
2025-06-12 16:22:00,63.9
2025-06-12 23:50:00,41.8
2025-06-12 01:13:00,9.9
2025-06-12 20:25:00,25.3
2025-06-12 09:31:00,8.9
2025-06-12 16:39:00,61.2
2025-06-12 16:24:00,49.66792053602915
2025-06-12 06:54:00,58.6
2025-06-12 22:44:00,43.6
2025-06-12 04:00:00,49.66792053602915
2025-06-12 08:24:00,59.3
2025-06-12 05:14:00,26.7
2025-06-12 11:31:00,77.2
2025-06-12 05:07:00,56.3
2025-06-12 08:58:00,34.0
2025-06-12 01:41:00,35.4
2025-06-12 10:13:00,60.6
2025-06-12 16:08:00,49.66792053602915
2025-06-12 00:13:00,60.0
2025-06-12 16:21:00,68.0
2025-06-12 05:06:00,3.7
2025-06-12 11:53:00,53.9
2025-06-12 14:10:00,49.66792053602915
2025-06-12 19:10:00,25.2
2025-06-12 00:10:00,32.6
2025-06-12 21:08:00,71.6
2025-06-12 18:57:00,27.0
2025-06-12 03:54:00,34.3
2025-06-12 07:46:00,14.9
2025-06-12 04:52:00,49.66792053602915
2025-06-12 06:47:00,85.4
2025-06-12 18:14:00,3.9
2025-06-12 19:33:00,64.4
2025-06-12 14:16:00,33.1
2025-06-12 09:20:00,32.7
2025-06-12 08:43:00,67.5
2025-06-12 06:38:00,65.2
2025-06-12 08:30:00,82.3
2025-06-12 04:08:00,49.66792053602915
2025-06-12 02:17:00,95.9
2025-06-12 17:50:00,49.66792053602915
2025-06-12 02:52:00,32.9
2025-06-12 22:14:00,36.5
2025-06-12 17:52:00,72.1
2025-06-12 08:33:00,11.4
2025-06-12 09:14:00,96.6
2025-06-12 14:34:00,22.3
2025-06-12 13:00:00,91.2
2025-06-12 22:20:00,90.3
2025-06-12 07:29:00,87.3
2025-06-12 18:34:00,49.66792053602915
2025-06-12 07:17:00,49.66792053602915
2025-06-12 23:29:00,8.8
2025-06-12 16:56:00,49.66792053602915
2025-06-12 23:52:00,87.0
2025-06-12 08:38:00,23.4
2025-06-12 04:16:00,9.5
2025-06-12 21:07:00,49.66792053602915
2025-06-12 18:37:00,12.7
2025-06-12 07:54:00,55.0
2025-06-12 01:27:00,49.5
2025-06-12 18:58:00,83.8
2025-06-12 01:12:00,32.6
2025-06-12 08:47:00,14.2
2025-06-12 11:10:00,52.9
2025-06-12 06:09:00,44.0
2025-06-12 11:06:00,49.66792053602915
2025-06-12 12:54:00,31.4
2025-06-12 02:33:00,49.66792053602915
2025-06-12 13:59:00,37.0
2025-06-12 18:33:00,27.5
2025-06-12 17:31:00,49.66792053602915
2025-06-12 16:10:00,49.66792053602915
2025-06-12 13:13:00,78.9
2025-06-12 21:20:00,68.6
2025-06-12 20:39:00,67.5
2025-06-12 14:46:00,22.6
2025-06-12 16:42:00,66.4
2025-06-12 03:35:00,98.0
2025-06-12 13:43:00,70.6
2025-06-12 10:22:00,73.5
2025-06-12 11:59:00,64.5
2025-06-12 16:58:00,81.0
2025-06-12 09:11:00,83.3
2025-06-12 13:57:00,30.0
2025-06-12 08:59:00,49.66792053602915
2025-06-12 20:57:00,17.4
2025-06-12 23:51:00,25.2
2025-06-12 22:29:00,71.8
2025-06-12 02:03:00,30.1
2025-06-12 13:12:00,14.5
2025-06-12 00:46:00,49.66792053602915
2025-06-12 17:09:00,91.9
2025-06-12 18:09:00,49.66792053602915
2025-06-12 00:54:00,61.3
2025-06-12 09:28:00,49.66792053602915
2025-06-12 09:03:00,42.2
2025-06-12 19:15:00,18.0
2025-06-12 14:17:00,45.8
2025-06-12 11:56:00,83.1
2025-06-12 10:43:00,61.2
2025-06-12 20:18:00,39.8
2025-06-12 18:08:00,49.66792053602915
2025-06-12 03:39:00,44.4
2025-06-12 10:09:00,18.4
2025-06-12 15:38:00,97.6
2025-06-12 13:30:00,10.5
2025-06-12 08:57:00,49.66792053602915
2025-06-12 13:11:00,42.6
2025-06-12 23:41:00,2.3
2025-06-12 15:33:00,23.0
2025-06-12 18:31:00,54.7
2025-06-12 11:01:00,0.5
2025-06-12 06:46:00,3.3
2025-06-12 14:13:00,38.2
2025-06-12 07:15:00,88.0
2025-06-12 22:26:00,49.66792053602915
2025-06-12 23:56:00,35.8
2025-06-12 04:19:00,50.9
2025-06-12 02:42:00,32.1
2025-06-12 00:05:00,58.7
2025-06-12 23:16:00,87.3
2025-06-12 21:59:00,76.7
2025-06-12 03:15:00,15.8
2025-06-12 12:34:00,56.2
2025-06-12 04:47:00,49.66792053602915
2025-06-12 18:32:00,25.4
2025-06-12 22:49:00,88.6
2025-06-12 04:43:00,51.8
2025-06-12 08:46:00,49.66792053602915
2025-06-12 00:56:00,7.9
2025-06-12 10:19:00,62.5
2025-06-12 20:28:00,39.3
2025-06-12 16:38:00,42.3
2025-06-12 06:04:00,17.5
2025-06-12 21:54:00,9.0
2025-06-12 00:37:00,32.4
2025-06-12 08:06:00,49.66792053602915
2025-06-12 02:46:00,2.5
2025-06-12 17:20:00,65.7
2025-06-12 11:26:00,45.7
2025-06-12 13:18:00,17.7
2025-06-12 01:30:00,49.66792053602915
2025-06-12 14:26:00,49.66792053602915
2025-06-12 12:43:00,58.3
2025-06-12 07:20:00,18.9
2025-06-12 12:21:00,3.9
2025-06-12 02:11:00,44.5
2025-06-12 06:49:00,8.1
2025-06-12 13:07:00,29.0
2025-06-12 02:16:00,16.4
2025-06-12 08:04:00,39.3
2025-06-12 20:42:00,57.3
2025-06-12 14:20:00,41.3
2025-06-12 01:56:00,68.0
2025-06-12 10:32:00,82.9
2025-06-12 13:50:00,51.7
2025-06-12 18:28:00,88.5
2025-06-12 18:01:00,49.66792053602915
2025-06-12 20:13:00,8.3
2025-06-12 03:00:00,9.1
2025-06-12 19:41:00,9.7
2025-06-12 06:10:00,49.66792053602915
2025-06-12 08:53:00,68.1
2025-06-12 08:13:00,24.6
2025-06-12 18:50:00,90.1
2025-06-12 05:10:00,23.8
2025-06-12 13:09:00,8.3
2025-06-12 21:04:00,6.9
2025-06-12 23:47:00,86.9
2025-06-12 04:58:00,32.3
2025-06-12 21:38:00,49.66792053602915
2025-06-12 04:23:00,49.66792053602915
2025-06-12 19:20:00,64.1
2025-06-12 20:30:00,6.5
2025-06-12 15:00:00,2.1
2025-06-12 21:18:00,9.2
2025-06-12 21:25:00,49.66792053602915
2025-06-12 17:19:00,57.8
2025-06-12 14:58:00,49.66792053602915
2025-06-12 10:12:00,55.0
2025-06-12 01:14:00,80.5
2025-06-12 15:44:00,30.2
2025-06-12 00:45:00,93.4
2025-06-12 14:51:00,73.4
2025-06-12 03:29:00,49.66792053602915
2025-06-12 13:35:00,11.5
2025-06-12 05:28:00,17.1
2025-06-12 06:33:00,72.8
2025-06-12 22:38:00,10.6
2025-06-12 09:18:00,49.66792053602915
2025-06-12 09:22:00,83.2
2025-06-12 00:23:00,67.9
2025-06-12 21:49:00,52.3
2025-06-12 05:26:00,80.5
2025-06-12 21:47:00,60.7
2025-06-12 21:11:00,49.66792053602915
2025-06-12 19:37:00,69.6
2025-06-12 10:07:00,9.0
2025-06-12 06:43:00,23.0
2025-06-12 06:57:00,39.2
2025-06-12 08:27:00,31.5
2025-06-12 07:55:00,95.0
2025-06-12 03:23:00,12.9
2025-06-12 00:32:00,64.0
2025-06-12 15:54:00,19.4
2025-06-12 07:36:00,17.9
2025-06-12 03:59:00,78.9
2025-06-12 21:10:00,79.8
2025-06-12 10:06:00,7.5
2025-06-12 06:21:00,2.2
2025-06-12 21:29:00,74.1
2025-06-12 07:45:00,49.66792053602915
2025-06-12 00:15:00,49.66792053602915
2025-06-12 00:06:00,37.2
2025-06-12 02:13:00,16.8
2025-06-12 08:51:00,49.66792053602915
2025-06-12 11:39:00,62.9
2025-06-12 22:16:00,69.1
2025-06-12 22:08:00,95.9
2025-06-12 20:35:00,46.1
2025-06-12 14:15:00,49.66792053602915
2025-06-12 15:08:00,80.1
2025-06-12 05:35:00,58.6
2025-06-12 20:54:00,60.8
2025-06-12 05:05:00,47.7
2025-06-12 03:08:00,10.7
2025-06-12 19:42:00,82.2
2025-06-12 10:29:00,41.0
2025-06-12 00:59:00,31.4
2025-06-12 18:52:00,4.7
2025-06-12 17:55:00,9.2
2025-06-12 15:27:00,65.8
2025-06-12 17:04:00,66.8
2025-06-12 18:46:00,16.6
2025-06-12 07:30:00,42.2
2025-06-12 04:11:00,7.2
2025-06-12 04:03:00,49.66792053602915
2025-06-12 07:51:00,56.7
2025-06-12 19:55:00,25.2
2025-06-12 08:36:00,29.8
2025-06-12 23:06:00,77.6
2025-06-12 05:30:00,36.7
2025-06-12 19:08:00,68.4
2025-06-12 19:02:00,20.6
2025-06-12 07:06:00,15.6
2025-06-12 02:38:00,13.5
2025-06-12 22:17:00,49.66792053602915
2025-06-12 08:10:00,80.3
2025-06-12 21:26:00,58.6
2025-06-12 07:53:00,68.8
2025-06-12 04:33:00,38.6
2025-06-12 03:40:00,45.3
2025-06-12 01:46:00,93.3
2025-06-12 16:47:00,93.6
2025-06-12 17:34:00,91.6
2025-06-12 10:34:00,49.66792053602915
2025-06-12 08:52:00,45.1
2025-06-12 12:05:00,49.66792053602915
2025-06-12 01:09:00,77.0
2025-06-12 01:34:00,70.3
2025-06-12 06:35:00,55.0
2025-06-12 05:50:00,3.8
2025-06-12 21:06:00,39.6
2025-06-12 22:18:00,19.0
2025-06-12 01:17:00,88.6
2025-06-12 20:29:00,49.66792053602915
2025-06-12 08:41:00,9.8
2025-06-12 10:25:00,97.7
2025-06-12 15:18:00,59.8
2025-06-12 03:20:00,49.1
2025-06-12 15:14:00,43.0
2025-06-12 08:14:00,6.8
2025-06-12 07:35:00,49.66792053602915
2025-06-12 16:14:00,80.3
2025-06-12 10:03:00,55.0
2025-06-12 11:22:00,49.66792053602915
2025-06-12 07:39:00,54.6
2025-06-12 19:48:00,49.66792053602915
2025-06-12 19:19:00,3.9
2025-06-12 12:25:00,49.66792053602915
2025-06-12 14:52:00,16.5
2025-06-12 23:58:00,66.8
2025-06-12 02:29:00,21.4
2025-06-12 16:27:00,12.1
2025-06-12 04:50:00,37.0
2025-06-12 03:50:00,56.5
2025-06-12 18:30:00,26.0
2025-06-12 18:41:00,58.2
2025-06-12 06:35:00,93.4
2025-06-12 10:34:00,33.8
2025-06-12 09:00:00,50.4
2025-06-12 00:01:00,19.2
2025-06-12 22:23:00,93.8
2025-06-12 16:10:00,25.3
2025-06-12 07:36:00,49.82591552591553
2025-06-12 22:57:00,35.7
2025-06-12 23:02:00,75.6
2025-06-12 12:11:00,62.2
2025-06-12 22:42:00,87.8
2025-06-12 00:11:00,89.9
2025-06-12 16:36:00,70.9
2025-06-12 09:19:00,40.5
2025-06-12 09:38:00,49.82591552591553
2025-06-12 11:24:00,10.1
2025-06-12 21:25:00,3.1
2025-06-12 18:42:00,84.1
2025-06-12 04:25:00,91.9
2025-06-12 22:48:00,40.5
2025-06-12 17:57:00,96.1
2025-06-12 15:17:00,76.1
2025-06-12 00:37:00,72.3
2025-06-12 09:01:00,51.0
2025-06-12 17:02:00,30.9
2025-06-12 21:05:00,2.2
2025-06-12 14:43:00,49.82591552591553
2025-06-12 13:39:00,19.2
2025-06-12 09:51:00,100.0
2025-06-12 10:29:00,49.82591552591553
2025-06-12 17:59:00,49.82591552591553
2025-06-12 03:15:00,46.3
2025-06-12 04:50:00,90.4
2025-06-12 18:29:00,93.6
2025-06-12 08:52:00,36.5
2025-06-12 06:47:00,10.5
2025-06-12 21:23:00,48.6
2025-06-12 09:31:00,49.82591552591553
2025-06-12 05:30:00,50.3
2025-06-12 12:22:00,4.0
2025-06-12 02:21:00,17.4
2025-06-12 05:01:00,3.9
2025-06-12 02:12:00,49.82591552591553
2025-06-12 14:22:00,49.82591552591553
2025-06-12 16:19:00,87.0
2025-06-12 14:31:00,44.3
2025-06-12 08:41:00,91.3
2025-06-12 07:03:00,49.82591552591553
2025-06-12 09:15:00,27.2
2025-06-12 06:17:00,49.82591552591553
2025-06-12 22:03:00,25.7
2025-06-12 23:05:00,49.82591552591553
2025-06-12 15:11:00,50.5
2025-06-12 17:46:00,46.4
2025-06-12 15:04:00,93.2
2025-06-12 13:44:00,69.5
2025-06-12 23:09:00,40.2
2025-06-12 13:11:00,98.9
2025-06-12 03:10:00,56.9
2025-06-12 13:27:00,92.9
2025-06-12 16:03:00,55.5
2025-06-12 15:00:00,61.5
2025-06-12 16:29:00,70.2
2025-06-12 07:32:00,72.4
2025-06-12 05:58:00,64.1
2025-06-12 17:52:00,49.82591552591553
2025-06-12 00:29:00,49.82591552591553
2025-06-12 14:27:00,94.9
2025-06-12 05:24:00,21.1
2025-06-12 02:49:00,46.6
2025-06-12 01:18:00,64.4
2025-06-12 07:38:00,83.2
2025-06-12 00:47:00,82.1
2025-06-12 02:08:00,53.8
2025-06-12 20:11:00,94.6
2025-06-12 04:57:00,24.1
2025-06-12 10:38:00,11.8
2025-06-12 05:17:00,63.6
2025-06-12 08:09:00,40.9
2025-06-12 11:43:00,49.82591552591553
2025-06-12 04:23:00,42.9
2025-06-12 23:48:00,59.3
2025-06-12 07:45:00,49.82591552591553
2025-06-12 09:45:00,49.82591552591553
2025-06-12 20:54:00,45.6
2025-06-12 03:33:00,22.4
2025-06-12 10:20:00,38.0
2025-06-12 16:17:00,38.5
2025-06-12 12:06:00,73.9
2025-06-12 13:20:00,49.82591552591553
2025-06-12 00:36:00,49.82591552591553
2025-06-12 09:33:00,58.1
2025-06-12 09:56:00,34.4
2025-06-12 15:27:00,86.9
2025-06-12 01:00:00,91.3
2025-06-12 05:41:00,59.9
2025-06-12 12:30:00,50.0
2025-06-12 04:26:00,85.5
2025-06-12 08:20:00,62.2
2025-06-12 01:44:00,70.1
2025-06-12 04:46:00,82.3
2025-06-12 18:48:00,49.82591552591553
2025-06-12 01:29:00,21.0
2025-06-12 12:05:00,19.5
2025-06-12 18:20:00,88.1
2025-06-12 10:44:00,90.9
2025-06-12 02:40:00,55.4
2025-06-12 22:32:00,89.7
2025-06-12 13:19:00,47.8
2025-06-12 17:06:00,32.8
2025-06-12 20:36:00,71.4
2025-06-12 14:18:00,49.82591552591553
2025-06-12 18:04:00,42.7
2025-06-12 23:01:00,75.5
2025-06-12 00:33:00,15.0
2025-06-12 19:33:00,79.3
2025-06-12 15:16:00,4.1
2025-06-12 22:19:00,16.7
2025-06-12 14:04:00,68.3
2025-06-12 19:46:00,7.1
2025-06-12 18:11:00,49.82591552591553
2025-06-12 06:51:00,77.6
2025-06-12 00:04:00,91.7
2025-06-12 15:53:00,49.82591552591553
2025-06-12 19:23:00,40.3
2025-06-12 23:52:00,71.9
2025-06-12 05:14:00,12.7
2025-06-12 21:37:00,79.4
2025-06-12 17:26:00,2.4
2025-06-12 04:04:00,11.7
2025-06-12 13:33:00,67.6
2025-06-12 07:47:00,80.0
2025-06-12 07:04:00,30.0
2025-06-12 03:57:00,25.6
2025-06-12 22:46:00,21.9
2025-06-12 08:40:00,19.1
2025-06-12 23:26:00,16.1
2025-06-12 03:30:00,49.82591552591553
2025-06-12 12:16:00,48.6
2025-06-12 08:51:00,27.2
2025-06-12 15:03:00,16.1
2025-06-12 15:52:00,88.0
2025-06-12 07:37:00,49.82591552591553
2025-06-12 11:23:00,25.4
2025-06-12 23:25:00,7.8
2025-06-12 06:38:00,60.0
2025-06-12 21:02:00,12.7
2025-06-12 20:12:00,73.0
2025-06-12 05:52:00,5.0
2025-06-12 08:58:00,49.82591552591553
2025-06-12 02:17:00,28.2
2025-06-12 13:49:00,70.1
2025-06-12 22:11:00,39.0
2025-06-12 12:35:00,83.9
2025-06-12 11:00:00,49.82591552591553
2025-06-12 01:21:00,97.3
2025-06-12 02:41:00,91.6
2025-06-12 13:47:00,81.7
2025-06-12 11:16:00,87.3
2025-06-12 16:24:00,49.82591552591553
2025-06-12 12:42:00,31.2
2025-06-12 17:11:00,19.3
2025-06-12 22:38:00,32.7
2025-06-12 16:50:00,98.2
2025-06-12 04:48:00,49.82591552591553
2025-06-12 18:46:00,58.1
2025-06-12 03:05:00,50.7
2025-06-12 05:55:00,13.4
2025-06-12 08:10:00,40.6
2025-06-12 01:06:00,93.1
2025-06-12 02:46:00,48.9
2025-06-12 05:39:00,74.1
2025-06-12 09:09:00,49.82591552591553
2025-06-12 03:37:00,95.6
2025-06-12 12:45:00,95.0
2025-06-12 00:43:00,25.5
2025-06-12 12:07:00,1.6
2025-06-12 10:56:00,17.2
2025-06-12 09:42:00,16.3
2025-06-12 12:09:00,49.82591552591553
2025-06-12 07:54:00,96.5
2025-06-12 20:42:00,99.2
2025-06-12 03:53:00,84.3
2025-06-12 02:56:00,49.82591552591553
2025-06-12 05:29:00,97.9
2025-06-12 11:09:00,98.7
2025-06-12 06:22:00,52.2
2025-06-12 23:49:00,25.0
2025-06-12 13:12:00,59.0
2025-06-12 23:55:00,77.7
2025-06-12 13:18:00,49.82591552591553
2025-06-12 21:08:00,26.9
2025-06-12 06:31:00,79.5
2025-06-12 05:00:00,15.0
2025-06-12 21:42:00,49.5
2025-06-12 10:39:00,90.9
2025-06-12 19:38:00,48.1
2025-06-12 14:05:00,0.4
2025-06-12 20:28:00,66.0
2025-06-12 07:49:00,46.9
2025-06-12 03:00:00,30.5
2025-06-12 05:28:00,79.6
2025-06-12 05:34:00,88.8
2025-06-12 18:32:00,18.9
2025-06-12 09:13:00,77.3
2025-06-12 12:27:00,27.4
2025-06-12 08:56:00,50.6
2025-06-12 16:58:00,21.5
2025-06-12 23:34:00,37.3
2025-06-12 22:05:00,85.8
2025-06-12 04:16:00,31.3
2025-06-12 04:09:00,2.3
2025-06-12 19:51:00,23.0
2025-06-12 09:40:00,49.82591552591553
2025-06-12 13:21:00,93.9
2025-06-12 22:13:00,66.9
2025-06-12 15:41:00,1.9
2025-06-12 18:34:00,62.1
2025-06-12 22:43:00,6.0
2025-06-12 01:03:00,92.4
2025-06-12 10:51:00,17.0
2025-06-12 05:57:00,77.8
2025-06-12 23:30:00,30.0
2025-06-12 11:42:00,25.9
2025-06-12 20:44:00,92.5
2025-06-12 00:25:00,49.82591552591553
2025-06-12 14:12:00,37.1
2025-06-12 21:54:00,0.4
2025-06-12 21:40:00,78.5
2025-06-12 20:00:00,55.9
2025-06-12 19:41:00,56.6
2025-06-12 04:03:00,99.3
2025-06-12 16:16:00,49.82591552591553
2025-06-12 16:42:00,90.9
2025-06-12 00:50:00,23.9
2025-06-12 04:33:00,93.9
2025-06-12 10:16:00,74.1
2025-06-12 02:07:00,47.9
2025-06-12 18:27:00,49.82591552591553
2025-06-12 21:28:00,32.6
2025-06-12 18:50:00,76.9
2025-06-12 23:42:00,50.7
2025-06-12 03:39:00,10.6
2025-06-12 19:03:00,55.2
2025-06-12 11:47:00,48.7
2025-06-12 17:27:00,49.82591552591553
2025-06-12 12:59:00,18.3
2025-06-12 18:49:00,73.9
2025-06-12 14:15:00,8.7
2025-06-12 00:28:00,31.8
2025-06-12 14:33:00,23.6
2025-06-12 18:09:00,67.7
2025-06-12 20:39:00,75.2
2025-06-12 17:23:00,74.8
2025-06-12 08:38:00,49.82591552591553
2025-06-12 12:18:00,83.3
2025-06-12 12:31:00,53.3
2025-06-12 21:47:00,79.7
2025-06-12 15:12:00,49.82591552591553
2025-06-12 18:21:00,5.9
2025-06-12 17:54:00,99.3
2025-06-12 07:12:00,94.0
2025-06-12 07:30:00,69.0
2025-06-12 18:28:00,37.7
2025-06-12 04:39:00,61.8
2025-06-12 08:27:00,81.0
2025-06-12 01:04:00,62.0
2025-06-12 12:53:00,7.3
2025-06-12 16:00:00,20.8
2025-06-12 20:47:00,77.7
2025-06-12 06:06:00,49.82591552591553
2025-06-12 18:55:00,60.2
2025-06-12 14:19:00,34.2
2025-06-12 22:17:00,13.1
2025-06-12 23:44:00,77.2
2025-06-12 07:34:00,83.8
2025-06-12 17:08:00,12.5
2025-06-12 15:34:00,73.3
2025-06-12 08:21:00,49.82591552591553
2025-06-12 21:07:00,44.3
2025-06-12 02:58:00,49.82591552591553
2025-06-12 20:24:00,47.0
2025-06-12 03:01:00,87.9
2025-06-12 07:41:00,75.2
2025-06-12 15:20:00,97.6
2025-06-12 15:36:00,57.4
2025-06-12 02:02:00,16.0
2025-06-12 09:21:00,11.4
2025-06-12 21:53:00,60.5
2025-06-12 23:50:00,49.82591552591553
2025-06-12 09:12:00,56.7
2025-06-12 06:03:00,55.7
2025-06-12 20:07:00,12.0
2025-06-12 13:54:00,4.6
2025-06-12 10:58:00,43.7
2025-06-12 06:44:00,70.6
2025-06-12 13:22:00,75.4
2025-06-12 13:59:00,49.2
2025-06-12 07:51:00,62.0
2025-06-12 08:02:00,90.3
2025-06-12 19:36:00,49.82264106490752
2025-06-12 08:26:00,10.4
2025-06-12 09:47:00,63.8
2025-06-12 17:00:00,82.1
2025-06-12 01:19:00,3.3
2025-06-12 10:26:00,18.8
2025-06-12 13:52:00,89.5
2025-06-12 01:12:00,49.82264106490752
2025-06-12 04:39:00,60.2
2025-06-12 08:50:00,46.0
2025-06-12 11:09:00,5.7
2025-06-12 05:42:00,35.2
2025-06-12 06:40:00,18.3
2025-06-12 01:42:00,54.4
2025-06-12 13:41:00,49.82264106490752
2025-06-12 20:00:00,49.82264106490752
2025-06-12 03:30:00,37.8
2025-06-12 23:13:00,78.8
2025-06-12 18:39:00,49.82264106490752
2025-06-12 19:52:00,7.5
2025-06-12 01:37:00,92.3
2025-06-12 16:43:00,36.1
2025-06-12 14:43:00,90.4
2025-06-12 15:31:00,2.1
2025-06-12 04:00:00,49.2
2025-06-12 21:12:00,79.9
2025-06-12 10:53:00,55.7
2025-06-12 08:07:00,85.1
2025-06-12 09:24:00,21.7
2025-06-12 05:36:00,49.1
2025-06-12 17:25:00,20.3
2025-06-12 13:27:00,48.8
2025-06-12 16:35:00,81.7
2025-06-12 01:13:00,49.82264106490752
2025-06-12 17:48:00,12.8
2025-06-12 00:09:00,79.8
2025-06-12 09:09:00,70.5
2025-06-12 13:21:00,78.7
2025-06-12 17:44:00,81.9
2025-06-12 12:51:00,18.1
2025-06-12 18:36:00,46.5
2025-06-12 21:03:00,69.4
2025-06-12 00:40:00,58.1
2025-06-12 06:21:00,49.82264106490752
2025-06-12 14:15:00,11.7
2025-06-12 01:16:00,96.9
2025-06-12 05:02:00,49.82264106490752
2025-06-12 18:57:00,60.4
2025-06-12 15:22:00,2.0
2025-06-12 19:05:00,5.7
2025-06-12 07:04:00,49.82264106490752
2025-06-12 05:03:00,49.82264106490752
2025-06-12 13:43:00,93.2
2025-06-12 13:40:00,67.6
2025-06-12 22:34:00,14.4
2025-06-12 19:20:00,91.9
2025-06-12 11:37:00,13.0
2025-06-12 00:25:00,49.82264106490752
2025-06-12 07:25:00,58.6
2025-06-12 09:18:00,45.6
2025-06-12 08:00:00,49.82264106490752
2025-06-12 11:39:00,80.4
2025-06-12 10:06:00,49.82264106490752
2025-06-12 03:36:00,44.7
2025-06-12 18:58:00,87.9
2025-06-12 22:12:00,49.82264106490752
2025-06-12 19:51:00,16.5
2025-06-12 06:52:00,95.8
2025-06-12 14:29:00,73.7
2025-06-12 15:27:00,20.4
2025-06-12 15:30:00,53.6
2025-06-12 03:09:00,10.3
2025-06-12 12:46:00,68.5
2025-06-12 04:59:00,84.7
2025-06-12 13:51:00,74.7
2025-06-12 20:29:00,36.6
2025-06-12 12:40:00,78.4
2025-06-12 10:37:00,57.9
2025-06-12 02:04:00,4.1
2025-06-12 07:21:00,39.5
2025-06-12 17:16:00,38.4
2025-06-12 01:39:00,17.6
2025-06-12 00:06:00,24.7
2025-06-12 21:02:00,49.82264106490752
2025-06-12 15:43:00,10.0
2025-06-12 15:59:00,60.8
2025-06-12 11:32:00,49.82264106490752
2025-06-12 11:43:00,8.4
2025-06-12 16:14:00,76.8
2025-06-12 10:05:00,41.6
2025-06-12 11:34:00,13.1
2025-06-12 03:02:00,68.2
2025-06-12 16:24:00,80.1
2025-06-12 18:37:00,47.7
2025-06-12 03:37:00,21.7
2025-06-12 01:50:00,50.0
2025-06-12 02:24:00,62.7
2025-06-12 21:28:00,2.6
2025-06-12 02:37:00,38.8
2025-06-12 11:26:00,27.2
2025-06-12 00:45:00,59.5
2025-06-12 23:03:00,82.4
2025-06-12 02:48:00,10.9
2025-06-12 19:09:00,49.82264106490752
2025-06-12 03:50:00,8.6
2025-06-12 01:14:00,68.6
2025-06-12 05:45:00,2.9
2025-06-12 22:33:00,65.2
2025-06-12 20:55:00,9.9
2025-06-12 22:19:00,93.3
2025-06-12 22:37:00,49.82264106490752
2025-06-12 06:35:00,83.6
2025-06-12 09:53:00,15.0
2025-06-12 13:37:00,5.0
2025-06-12 20:26:00,9.6
2025-06-12 02:35:00,49.82264106490752
2025-06-12 02:38:00,60.4
2025-06-12 02:34:00,29.5
2025-06-12 19:10:00,67.4
2025-06-12 07:59:00,88.5
2025-06-12 17:38:00,87.6
2025-06-12 09:13:00,35.9
2025-06-12 04:17:00,49.82264106490752
2025-06-12 12:07:00,87.3
2025-06-12 04:29:00,59.7
2025-06-12 21:57:00,2.3
2025-06-12 07:01:00,52.7
2025-06-12 17:34:00,15.5
2025-06-12 18:33:00,80.6
2025-06-12 18:23:00,76.3
2025-06-12 22:52:00,20.4
2025-06-12 19:57:00,12.5
2025-06-12 14:59:00,21.6
2025-06-12 22:27:00,6.4
2025-06-12 03:26:00,30.7
2025-06-12 10:00:00,9.0
2025-06-12 17:23:00,27.5
2025-06-12 06:39:00,49.82264106490752
2025-06-12 21:42:00,49.82264106490752
2025-06-12 15:02:00,58.2
2025-06-12 00:26:00,49.82264106490752
2025-06-12 19:32:00,48.7
2025-06-12 07:14:00,49.82264106490752
2025-06-12 11:03:00,2.4
2025-06-12 04:58:00,33.3
2025-06-12 23:40:00,1.3
2025-06-12 10:08:00,57.2
2025-06-12 14:08:00,34.9
2025-06-12 00:49:00,42.6
2025-06-12 13:45:00,49.82264106490752
2025-06-12 14:13:00,49.82264106490752
2025-06-12 00:34:00,88.9
2025-06-12 20:49:00,49.82264106490752
2025-06-12 00:44:00,3.8
2025-06-12 04:15:00,47.3
2025-06-12 19:58:00,4.6
2025-06-12 09:19:00,14.1
2025-06-12 14:06:00,49.82264106490752
2025-06-12 21:10:00,49.82264106490752
2025-06-12 15:11:00,56.2
2025-06-12 17:33:00,96.9
2025-06-12 19:53:00,49.82264106490752
2025-06-12 14:34:00,48.5
2025-06-12 21:38:00,48.8
2025-06-12 14:05:00,1.2
2025-06-12 10:21:00,49.82264106490752
2025-06-12 23:53:00,8.7
2025-06-12 00:15:00,45.2
2025-06-12 09:06:00,49.82264106490752
2025-06-12 08:20:00,49.82264106490752
2025-06-12 05:54:00,49.82264106490752
2025-06-12 15:29:00,11.1
2025-06-12 16:15:00,49.82264106490752
2025-06-12 06:04:00,64.7
2025-06-12 22:36:00,68.6
2025-06-12 01:31:00,5.4
2025-06-12 11:44:00,37.7
2025-06-12 10:09:00,94.0
2025-06-12 07:06:00,66.5
2025-06-12 12:37:00,32.4
2025-06-12 17:19:00,3.2
2025-06-12 14:55:00,90.2
2025-06-12 15:39:00,7.9
2025-06-12 19:26:00,49.82264106490752
2025-06-12 07:39:00,49.82264106490752
2025-06-12 06:06:00,5.6
2025-06-12 03:14:00,82.6
2025-06-12 06:32:00,63.2
2025-06-12 17:13:00,23.1
2025-06-12 04:23:00,15.7
2025-06-12 06:33:00,73.7
2025-06-12 23:36:00,49.82264106490752
2025-06-12 02:23:00,8.6
2025-06-12 13:00:00,96.8
2025-06-12 03:16:00,5.5
2025-06-12 05:32:00,56.0
2025-06-12 21:39:00,87.8
2025-06-12 16:30:00,41.0
2025-06-12 10:46:00,55.4
2025-06-12 14:56:00,74.0
2025-06-12 15:55:00,38.4
2025-06-12 17:54:00,49.82264106490752
2025-06-12 14:57:00,52.3
2025-06-12 14:12:00,62.7
2025-06-12 10:18:00,85.8
2025-06-12 09:28:00,91.7
2025-06-12 12:52:00,34.8
2025-06-12 07:11:00,19.5
2025-06-12 17:14:00,9.3
2025-06-12 08:54:00,13.4
2025-06-12 09:59:00,71.8
2025-06-12 14:01:00,19.3
2025-06-12 18:46:00,3.1
2025-06-12 07:13:00,49.82264106490752
2025-06-12 22:11:00,48.8
2025-06-12 12:36:00,3.0
2025-06-12 18:28:00,14.0
2025-06-12 09:14:00,49.82264106490752
2025-06-12 00:52:00,37.4
2025-06-12 21:31:00,96.7
2025-06-12 18:30:00,32.6
2025-06-12 17:01:00,49.82264106490752
2025-06-12 15:32:00,11.4
2025-06-12 07:54:00,28.3
2025-06-12 16:57:00,3.0
2025-06-12 17:51:00,49.82264106490752
2025-06-12 01:55:00,58.3
2025-06-12 06:45:00,81.9
2025-06-12 23:08:00,69.5
2025-06-12 08:29:00,15.4
2025-06-12 02:10:00,49.2
2025-06-12 17:10:00,67.3
2025-06-12 06:47:00,61.1
2025-06-12 03:51:00,75.5
2025-06-12 20:01:00,49.82264106490752
2025-06-12 16:31:00,49.82264106490752
2025-06-12 20:05:00,88.7
2025-06-12 03:29:00,35.2
2025-06-12 15:25:00,4.6
2025-06-12 05:04:00,98.4
2025-06-12 13:07:00,86.6
2025-06-12 09:01:00,64.9
2025-06-12 10:43:00,83.5
2025-06-12 10:10:00,9.1
2025-06-12 11:20:00,85.5
2025-06-12 17:24:00,21.5
2025-06-12 00:50:00,66.2
2025-06-12 14:04:00,43.0
2025-06-12 15:45:00,49.82264106490752
2025-06-12 00:19:00,43.6
2025-06-12 19:38:00,46.0
2025-06-12 07:02:00,30.2
2025-06-12 23:35:00,49.1
2025-06-12 08:22:00,46.9
2025-06-12 16:33:00,1.8
2025-06-12 02:01:00,3.3
2025-06-12 06:30:00,6.4
2025-06-12 00:16:00,2.8
2025-06-12 19:02:00,19.9
2025-06-12 08:12:00,21.9
2025-06-12 16:18:00,10.0
2025-06-12 20:31:00,82.5
2025-06-12 19:42:00,40.1
2025-06-12 04:18:00,49.82264106490752
2025-06-12 19:00:00,86.3
2025-06-12 08:28:00,29.5
2025-06-12 19:18:00,1.1
2025-06-12 10:07:00,44.6
2025-06-12 08:24:00,20.0
2025-06-12 20:19:00,75.0
2025-06-12 22:18:00,52.6
2025-06-12 15:14:00,85.5
2025-06-12 20:48:00,50.2
2025-06-12 17:40:00,25.8
2025-06-12 15:49:00,37.8
2025-06-12 21:15:00,49.82264106490752
2025-06-12 07:42:00,8.1
2025-06-12 21:50:00,20.8
2025-06-12 11:50:00,45.5
2025-06-12 01:02:00,49.82264106490752
2025-06-12 19:23:00,24.9
2025-06-12 20:36:00,22.8
2025-06-12 04:50:00,46.9
2025-06-12 18:43:00,1.8
2025-06-12 16:38:00,41.2
2025-06-12 13:17:00,26.4
2025-06-12 00:54:00,73.1
2025-06-12 15:38:00,80.8
2025-06-12 18:56:00,86.4
2025-06-12 16:09:00,91.8
2025-06-12 11:46:00,49.82264106490752
2025-06-12 22:41:00,49.82264106490752
2025-06-12 06:07:00,53.9
2025-06-12 08:08:00,11.1
2025-06-12 14:41:00,14.6
2025-06-12 05:28:00,90.1
2025-06-12 11:28:00,57.7
2025-06-12 10:02:00,57.8
2025-06-12 17:29:00,63.6
2025-06-12 11:58:00,30.8
2025-06-12 06:15:00,21.5
2025-06-12 11:23:00,2.9
2025-06-12 01:36:00,86.9
2025-06-12 00:35:00,18.1
2025-06-12 00:52:00,63.3
2025-06-12 19:21:00,73.4
2025-06-12 12:34:00,95.7
2025-06-12 15:33:00,38.5
2025-06-12 21:00:00,66.0
2025-06-12 11:03:00,78.9
2025-06-12 17:56:00,92.3
2025-06-12 03:18:00,18.2
2025-06-12 15:16:00,9.6
2025-06-12 04:07:00,60.9
2025-06-12 13:07:00,33.4
2025-06-12 14:25:00,94.4
2025-06-12 02:01:00,0.6
2025-06-12 12:20:00,49.73505924170616
2025-06-12 23:05:00,91.6
2025-06-12 05:58:00,34.4
2025-06-12 18:34:00,52.0
2025-06-12 16:39:00,76.3
2025-06-12 03:39:00,62.8
2025-06-12 13:23:00,36.3
2025-06-12 19:01:00,30.9
2025-06-12 22:44:00,68.7
2025-06-12 11:04:00,16.4
2025-06-12 09:24:00,19.4
2025-06-12 14:12:00,49.73505924170616
2025-06-12 01:04:00,48.3
2025-06-12 14:31:00,50.9
2025-06-12 20:49:00,49.73505924170616
2025-06-12 06:52:00,20.6
2025-06-12 04:08:00,60.7
2025-06-12 14:34:00,45.9
2025-06-12 00:10:00,24.3
2025-06-12 06:42:00,49.73505924170616
2025-06-12 00:25:00,15.3
2025-06-12 19:44:00,76.8
2025-06-12 17:55:00,26.9
2025-06-12 22:39:00,96.9
2025-06-12 10:45:00,64.5
2025-06-12 22:10:00,2.6
2025-06-12 21:46:00,72.7
2025-06-12 11:36:00,1.8
2025-06-12 10:14:00,6.1
2025-06-12 20:42:00,49.73505924170616
2025-06-12 21:54:00,82.6
2025-06-12 17:26:00,92.9
2025-06-12 15:07:00,78.4
2025-06-12 10:11:00,81.4
2025-06-12 06:47:00,71.5
2025-06-12 16:37:00,92.4
2025-06-12 07:54:00,15.3
2025-06-12 06:12:00,49.6
2025-06-12 07:36:00,49.73505924170616
2025-06-12 16:56:00,57.3
2025-06-12 01:39:00,68.1
2025-06-12 20:09:00,62.6
2025-06-12 21:23:00,52.0
2025-06-12 19:14:00,91.2
2025-06-12 15:54:00,70.5
2025-06-12 08:14:00,49.73505924170616
2025-06-12 11:48:00,22.4
2025-06-12 19:45:00,7.8
2025-06-12 15:11:00,3.2
2025-06-12 09:50:00,49.73505924170616
2025-06-12 04:14:00,31.3
2025-06-12 19:58:00,85.5
2025-06-12 02:22:00,17.7
2025-06-12 22:20:00,7.3
2025-06-12 12:49:00,52.0
2025-06-12 05:25:00,29.4
2025-06-12 07:48:00,83.5
2025-06-12 12:18:00,49.73505924170616
2025-06-12 15:25:00,83.0
2025-06-12 19:06:00,59.5
2025-06-12 07:13:00,49.73505924170616
2025-06-12 01:28:00,86.0
2025-06-12 16:55:00,86.0
2025-06-12 05:56:00,70.1
2025-06-12 18:12:00,36.2
2025-06-12 09:35:00,51.0
2025-06-12 00:14:00,34.2
2025-06-12 13:01:00,13.4
2025-06-12 07:17:00,71.3
2025-06-12 13:20:00,36.1
2025-06-12 19:04:00,58.1
2025-06-12 10:53:00,9.2
2025-06-12 04:00:00,87.3
2025-06-12 19:53:00,48.7
2025-06-12 14:26:00,58.8
2025-06-12 02:14:00,97.1
2025-06-12 07:39:00,74.2
2025-06-12 00:03:00,15.8
2025-06-12 12:05:00,17.2
2025-06-12 09:22:00,49.73505924170616
2025-06-12 06:49:00,28.2
2025-06-12 02:49:00,70.2
2025-06-12 16:42:00,75.8
2025-06-12 21:25:00,34.8
2025-06-12 07:44:00,28.7
2025-06-12 05:39:00,74.3
2025-06-12 17:22:00,91.9
2025-06-12 10:26:00,2.7
2025-06-12 08:49:00,57.0
2025-06-12 00:58:00,2.1
2025-06-12 10:07:00,45.1
2025-06-12 19:18:00,36.2
2025-06-12 07:08:00,29.4
2025-06-12 08:52:00,0.9
2025-06-12 12:48:00,4.3
2025-06-12 09:39:00,35.5
2025-06-12 14:36:00,26.0
2025-06-12 02:37:00,79.9
2025-06-12 22:49:00,59.1
2025-06-12 15:15:00,26.5
2025-06-12 02:17:00,15.8
2025-06-12 04:22:00,11.2
2025-06-12 21:36:00,67.9
2025-06-12 03:21:00,32.6
2025-06-12 13:32:00,61.4
2025-06-12 18:57:00,17.7
2025-06-12 01:57:00,34.7
2025-06-12 08:00:00,35.6
2025-06-12 16:01:00,49.73505924170616
2025-06-12 22:19:00,16.0
2025-06-12 08:08:00,1.0
2025-06-12 05:37:00,20.3
2025-06-12 18:05:00,33.7
2025-06-12 04:45:00,36.9
2025-06-12 12:54:00,21.2
2025-06-12 04:38:00,28.8
2025-06-12 15:59:00,50.1
2025-06-12 05:40:00,48.4
2025-06-12 05:34:00,61.7
2025-06-12 06:17:00,20.8
2025-06-12 15:56:00,42.6
2025-06-12 05:33:00,31.6
2025-06-12 03:04:00,44.1
2025-06-12 08:07:00,51.2
2025-06-12 15:29:00,10.2
2025-06-12 18:04:00,6.4
2025-06-12 20:50:00,49.73505924170616
2025-06-12 01:14:00,49.73505924170616
2025-06-12 15:14:00,12.3
2025-06-12 05:46:00,49.73505924170616
2025-06-12 03:13:00,81.1
2025-06-12 08:11:00,91.2
2025-06-12 13:26:00,49.73505924170616
2025-06-12 05:45:00,51.8
2025-06-12 02:34:00,82.4
2025-06-12 13:14:00,14.5
2025-06-12 05:16:00,25.3
2025-06-12 13:36:00,44.5
2025-06-12 18:20:00,62.8
2025-06-12 12:26:00,16.8
2025-06-12 06:22:00,3.3
2025-06-12 12:31:00,49.4
2025-06-12 08:55:00,91.4
2025-06-12 10:54:00,92.8
2025-06-12 17:54:00,49.73505924170616
2025-06-12 21:08:00,90.4
2025-06-12 23:10:00,52.8
2025-06-12 14:00:00,67.2
2025-06-12 09:59:00,86.1
2025-06-12 12:51:00,44.4
2025-06-12 17:48:00,42.9
2025-06-12 21:20:00,0.3
2025-06-12 11:38:00,25.2
2025-06-12 10:38:00,25.9
2025-06-12 20:02:00,36.3
2025-06-12 11:33:00,43.4
2025-06-12 00:33:00,2.8
2025-06-12 19:19:00,23.1
2025-06-12 17:17:00,40.2
2025-06-12 23:30:00,18.5
2025-06-12 06:21:00,88.1
2025-06-12 17:47:00,49.73505924170616
2025-06-12 05:19:00,93.8
2025-06-12 12:15:00,72.8
2025-06-12 09:03:00,46.6
2025-06-12 22:34:00,42.9
2025-06-12 17:33:00,10.3
2025-06-12 16:33:00,49.73505924170616
2025-06-12 11:24:00,32.9
2025-06-12 21:24:00,10.8
2025-06-12 14:58:00,85.1
2025-06-12 12:00:00,12.1
2025-06-12 13:48:00,62.7
2025-06-12 18:02:00,30.3
2025-06-12 01:01:00,47.2
2025-06-12 16:04:00,0.2
2025-06-12 06:32:00,70.6
2025-06-12 15:58:00,31.2
2025-06-12 20:48:00,9.5
2025-06-12 00:28:00,47.0
2025-06-12 07:23:00,49.73505924170616
2025-06-12 11:44:00,5.2
2025-06-12 07:45:00,54.4
2025-06-12 03:40:00,25.2
2025-06-12 15:40:00,53.6
2025-06-12 20:17:00,44.2
2025-06-12 22:46:00,42.5
2025-06-12 07:34:00,82.5
2025-06-12 11:05:00,49.73505924170616
2025-06-12 01:08:00,49.73505924170616
2025-06-12 06:50:00,49.0
2025-06-12 16:14:00,49.73505924170616
2025-06-12 21:14:00,22.3
2025-06-12 14:22:00,84.3
2025-06-12 12:19:00,5.6
2025-06-12 21:40:00,74.6
2025-06-12 23:37:00,35.8
2025-06-12 13:53:00,1.3
2025-06-12 06:44:00,48.1
2025-06-12 04:25:00,49.73505924170616
2025-06-12 04:57:00,54.3
2025-06-12 17:10:00,49.73505924170616
2025-06-12 18:28:00,0.9
2025-06-12 10:30:00,16.4
2025-06-12 02:12:00,38.5
2025-06-12 19:49:00,41.2
2025-06-12 23:54:00,49.73505924170616
2025-06-12 14:33:00,45.6
2025-06-12 21:34:00,16.0
2025-06-12 05:05:00,4.3
2025-06-12 17:02:00,27.9
2025-06-12 11:55:00,92.1
2025-06-12 13:22:00,97.9
2025-06-12 14:39:00,55.9
2025-06-12 00:26:00,83.0
2025-06-12 02:08:00,53.8
2025-06-12 12:44:00,99.7
2025-06-12 10:17:00,82.4
2025-06-12 09:41:00,5.0
2025-06-12 22:54:00,49.73505924170616
2025-06-12 04:32:00,88.8
2025-06-12 17:05:00,88.6
2025-06-12 01:32:00,6.9
2025-06-12 00:27:00,41.8
2025-06-12 03:36:00,74.6
2025-06-12 02:59:00,20.0
2025-06-12 22:00:00,17.5
2025-06-12 22:26:00,90.2
2025-06-12 08:01:00,49.73505924170616
2025-06-12 06:57:00,93.2
2025-06-12 20:36:00,35.7
2025-06-12 11:25:00,49.73505924170616
2025-06-12 17:52:00,49.73505924170616
2025-06-12 21:49:00,77.9
2025-06-12 00:18:00,87.5
2025-06-12 00:53:00,83.0
2025-06-12 16:59:00,91.8
2025-06-12 14:18:00,3.4
2025-06-12 14:08:00,36.7
2025-06-12 12:16:00,38.0
2025-06-12 23:46:00,29.9
2025-06-12 21:27:00,67.5
2025-06-12 00:40:00,41.9
2025-06-12 09:36:00,49.73505924170616
2025-06-12 20:58:00,49.73505924170616
2025-06-12 13:35:00,31.9
2025-06-12 16:51:00,69.3
2025-06-12 10:55:00,48.7
2025-06-12 21:31:00,22.4
2025-06-12 02:50:00,80.6
2025-06-12 08:40:00,67.5
2025-06-12 13:25:00,85.6
2025-06-12 08:05:00,70.6
2025-06-12 05:42:00,92.8
2025-06-12 19:19:00,66.6
2025-06-12 14:42:00,18.4
2025-06-12 23:15:00,28.3
2025-06-12 00:37:00,54.1
2025-06-12 16:16:00,2.3
2025-06-12 01:09:00,60.1
2025-06-12 00:41:00,50.04950773558369
2025-06-12 00:03:00,43.2
2025-06-12 19:56:00,31.0
2025-06-12 11:14:00,25.4
2025-06-12 02:51:00,92.8
2025-06-12 09:02:00,30.9
2025-06-12 10:58:00,84.2
2025-06-12 17:23:00,81.0
2025-06-12 19:03:00,13.2
2025-06-12 22:36:00,39.7
2025-06-12 08:21:00,40.0
2025-06-12 07:19:00,36.9
2025-06-12 06:46:00,49.6
2025-06-12 13:59:00,93.4
2025-06-12 11:01:00,18.1
2025-06-12 05:10:00,33.7
2025-06-12 12:22:00,21.5
2025-06-12 23:42:00,26.2
2025-06-12 06:00:00,27.5
2025-06-12 19:32:00,50.04950773558369
2025-06-12 04:46:00,51.2
2025-06-12 03:11:00,58.4
2025-06-12 16:25:00,50.04950773558369
2025-06-12 13:29:00,94.6
2025-06-12 13:47:00,50.04950773558369
2025-06-12 14:52:00,25.7
2025-06-12 16:33:00,73.7
2025-06-12 06:21:00,21.1
2025-06-12 14:05:00,50.04950773558369
2025-06-12 21:46:00,60.6
2025-06-12 06:56:00,96.1
2025-06-12 14:09:00,38.2
2025-06-12 18:16:00,50.04950773558369
2025-06-12 01:55:00,35.9
2025-06-12 15:54:00,39.2
2025-06-12 18:41:00,80.2
2025-06-12 02:19:00,87.9
2025-06-12 11:37:00,86.4
2025-06-12 18:06:00,89.4
2025-06-12 20:17:00,90.3
2025-06-12 01:29:00,26.1
2025-06-12 12:43:00,93.3
2025-06-12 01:36:00,37.8
2025-06-12 09:22:00,76.2
2025-06-12 13:05:00,30.6
2025-06-12 08:18:00,77.8
2025-06-12 01:00:00,27.9
2025-06-12 20:47:00,52.7
2025-06-12 22:40:00,6.2
2025-06-12 02:27:00,1.6
2025-06-12 18:04:00,58.7
2025-06-12 13:02:00,92.4
2025-06-12 17:54:00,44.1
2025-06-12 19:30:00,50.04950773558369
2025-06-12 01:03:00,71.1
2025-06-12 05:34:00,71.0
2025-06-12 17:46:00,13.0
2025-06-12 08:00:00,9.5
2025-06-12 09:38:00,86.4
2025-06-12 18:53:00,53.5
2025-06-12 20:05:00,30.2
2025-06-12 07:14:00,36.8
2025-06-12 14:00:00,99.1
2025-06-12 20:55:00,84.4
2025-06-12 04:52:00,36.7
2025-06-12 15:41:00,50.04950773558369
2025-06-12 14:07:00,50.04950773558369
2025-06-12 15:16:00,46.1
2025-06-12 01:41:00,50.04950773558369
2025-06-12 06:44:00,21.9
2025-06-12 17:05:00,7.0
2025-06-12 05:41:00,4.1
2025-06-12 17:47:00,75.8
2025-06-12 22:27:00,88.6
2025-06-12 02:06:00,47.9
2025-06-12 01:51:00,88.8
2025-06-12 23:54:00,51.6
2025-06-12 23:03:00,98.8
2025-06-12 03:41:00,10.1
2025-06-12 20:34:00,97.7
2025-06-12 20:40:00,73.5
2025-06-12 06:04:00,78.5
2025-06-12 02:58:00,50.04950773558369
2025-06-12 01:27:00,63.8
2025-06-12 14:38:00,72.5
2025-06-12 15:32:00,53.3
2025-06-12 00:42:00,60.5
2025-06-12 08:56:00,28.5
2025-06-12 09:26:00,94.7
2025-06-12 16:28:00,52.9
2025-06-12 12:52:00,50.04950773558369
2025-06-12 10:53:00,50.04950773558369
2025-06-12 07:32:00,6.1
2025-06-12 17:55:00,19.2
2025-06-12 09:12:00,59.0
2025-06-12 02:01:00,16.7
2025-06-12 01:16:00,50.04950773558369
2025-06-12 23:16:00,30.3
2025-06-12 17:22:00,42.8
2025-06-12 04:45:00,68.1
2025-06-12 23:17:00,51.2
2025-06-12 20:52:00,50.04950773558369
2025-06-12 07:48:00,81.7
2025-06-12 19:51:00,50.04950773558369
2025-06-12 16:34:00,88.5
2025-06-12 02:35:00,97.0
2025-06-12 03:32:00,37.9
2025-06-12 02:28:00,50.04950773558369
2025-06-12 06:48:00,97.3
2025-06-12 19:26:00,69.9
2025-06-12 11:26:00,53.0
2025-06-12 12:31:00,19.1
2025-06-12 09:30:00,80.0
2025-06-12 20:58:00,21.8
2025-06-12 19:46:00,41.6
2025-06-12 07:44:00,77.1
2025-06-12 12:07:00,50.04950773558369
2025-06-12 16:31:00,53.8
2025-06-12 13:28:00,32.0
2025-06-12 04:39:00,22.5
2025-06-12 16:42:00,12.0
2025-06-12 15:28:00,50.04950773558369
2025-06-12 06:19:00,73.2
2025-06-12 14:40:00,25.7
2025-06-12 08:53:00,50.04950773558369
2025-06-12 10:47:00,72.0
2025-06-12 06:34:00,5.1
2025-06-12 18:35:00,80.4
2025-06-12 03:28:00,50.04950773558369
2025-06-12 16:26:00,95.2
2025-06-12 10:43:00,50.04950773558369
2025-06-12 02:31:00,15.1
2025-06-12 23:39:00,98.1
2025-06-12 03:45:00,55.1
2025-06-12 23:51:00,23.6
2025-06-12 09:36:00,28.8
2025-06-12 05:55:00,50.04950773558369
2025-06-12 06:18:00,35.5
2025-06-12 11:15:00,1.8
2025-06-12 02:05:00,68.9
2025-06-12 17:53:00,6.6
2025-06-12 22:51:00,16.4
2025-06-12 00:07:00,42.8
2025-06-12 05:05:00,53.7
2025-06-12 06:58:00,2.0
2025-06-12 15:11:00,73.3
2025-06-12 09:27:00,50.04950773558369
2025-06-12 18:09:00,64.2
2025-06-12 15:40:00,40.2
2025-06-12 04:20:00,99.5
2025-06-12 05:00:00,4.0
2025-06-12 10:22:00,97.0
2025-06-12 05:12:00,10.9
2025-06-12 12:08:00,29.4
2025-06-12 00:51:00,77.5
2025-06-12 07:27:00,50.04950773558369
2025-06-12 12:19:00,84.8
2025-06-12 03:42:00,50.04950773558369
2025-06-12 23:41:00,84.6
2025-06-12 04:30:00,63.0
2025-06-12 09:45:00,48.7
2025-06-12 23:13:00,78.4
2025-06-12 08:23:00,71.5
2025-06-12 16:09:00,50.04950773558369
2025-06-12 13:23:00,50.04950773558369
2025-06-12 15:13:00,81.2
2025-06-12 04:00:00,57.9
2025-06-12 01:37:00,22.4
2025-06-12 11:45:00,91.5
2025-06-12 19:01:00,2.3
2025-06-12 23:36:00,50.04950773558369
2025-06-12 09:52:00,13.3
2025-06-12 13:00:00,77.4
2025-06-12 01:46:00,50.04950773558369
2025-06-12 18:25:00,12.2
2025-06-12 14:11:00,52.4
2025-06-12 02:09:00,64.9
2025-06-12 23:49:00,50.04950773558369
2025-06-12 06:47:00,70.8
2025-06-12 20:23:00,50.04950773558369
2025-06-12 19:04:00,69.2
2025-06-12 11:33:00,57.6
2025-06-12 08:47:00,0.4
2025-06-12 14:50:00,5.8
2025-06-12 18:02:00,95.0
2025-06-12 13:42:00,81.0
2025-06-12 19:54:00,43.5
2025-06-12 22:14:00,68.0
2025-06-12 06:23:00,26.4
2025-06-12 13:46:00,67.6
2025-06-12 10:11:00,31.1
2025-06-12 06:37:00,50.04950773558369
2025-06-12 10:41:00,48.9
2025-06-12 15:20:00,50.04950773558369
2025-06-12 05:29:00,50.04950773558369
2025-06-12 19:33:00,50.04950773558369
2025-06-12 22:23:00,12.3
2025-06-12 16:41:00,7.4
2025-06-12 06:35:00,53.7
2025-06-12 20:19:00,50.04950773558369
2025-06-12 10:28:00,50.04950773558369
2025-06-12 04:41:00,78.1
2025-06-12 17:31:00,72.7
2025-06-12 20:10:00,61.3
2025-06-12 17:59:00,9.0
2025-06-12 05:36:00,90.0
2025-06-12 15:05:00,95.2
2025-06-12 17:01:00,38.9
2025-06-12 14:37:00,61.6
2025-06-12 09:42:00,16.8
2025-06-12 19:20:00,50.04950773558369
2025-06-12 08:24:00,40.7
2025-06-12 23:04:00,64.1
2025-06-12 15:45:00,95.3
2025-06-12 16:24:00,93.9
2025-06-12 20:43:00,60.6
2025-06-12 09:15:00,95.9
2025-06-12 03:58:00,40.2
2025-06-12 06:32:00,48.9
2025-06-12 04:50:00,50.04950773558369
2025-06-12 05:16:00,71.6
2025-06-12 18:30:00,79.7
2025-06-12 03:15:00,7.9
2025-06-12 11:24:00,91.5
2025-06-12 19:42:00,50.04950773558369
2025-06-12 18:08:00,60.0
2025-06-12 14:36:00,10.2
2025-06-12 21:01:00,36.7
2025-06-12 01:17:00,50.04950773558369
2025-06-12 17:15:00,21.5
2025-06-12 15:49:00,87.1
2025-06-12 17:41:00,2.7
2025-06-12 21:38:00,50.04950773558369
2025-06-12 00:19:00,56.5
2025-06-12 07:09:00,89.5
2025-06-12 10:45:00,24.7
2025-06-12 02:59:00,7.6
2025-06-12 07:56:00,79.0
2025-06-12 07:34:00,50.04950773558369
2025-06-12 01:48:00,24.7
2025-06-12 10:25:00,51.3
2025-06-12 08:29:00,74.8
2025-06-12 13:35:00,53.2
2025-06-12 01:20:00,50.04950773558369
2025-06-12 16:40:00,82.3
2025-06-12 02:47:00,76.1
2025-06-12 21:43:00,45.2
2025-06-12 07:08:00,12.8
2025-06-12 08:12:00,1.0
2025-06-12 07:01:00,13.0
2025-06-12 08:26:00,91.4
2025-06-12 08:07:00,50.04950773558369
2025-06-12 12:11:00,87.6
2025-06-12 20:16:00,50.04950773558369
2025-06-12 14:16:00,74.2
2025-06-12 15:38:00,74.1
2025-06-12 12:03:00,94.2
2025-06-12 18:36:00,56.1
2025-06-12 19:57:00,65.8
2025-06-12 05:50:00,19.6
2025-06-12 00:13:00,61.0
2025-06-12 07:35:00,25.1
2025-06-12 04:36:00,6.4
2025-06-12 03:37:00,70.9
2025-06-12 05:48:00,46.8
2025-06-12 08:48:00,9.3
2025-06-12 00:15:00,3.1
2025-06-12 11:47:00,98.2
2025-06-12 23:56:00,33.6
2025-06-12 15:19:00,85.1
2025-06-12 08:57:00,50.04950773558369
2025-06-12 10:59:00,51.5
2025-06-12 09:39:00,11.1
2025-06-12 22:39:00,75.1
2025-06-12 12:49:00,50.04950773558369
2025-06-12 15:58:00,68.0
2025-06-12 22:56:00,97.5
2025-06-12 23:32:00,49.9
2025-06-12 12:32:00,19.5
2025-06-12 13:57:00,50.04950773558369
2025-06-12 18:26:00,26.1
2025-06-12 13:31:00,61.1
2025-06-12 11:56:00,83.0
2025-06-12 16:27:00,50.04950773558369
2025-06-12 01:02:00,42.5
2025-06-12 09:08:00,50.04950773558369
2025-06-12 22:43:00,52.1
2025-06-12 23:43:00,64.1
2025-06-12 16:08:00,62.1
2025-06-12 15:21:00,85.5
2025-06-12 01:39:00,50.04950773558369
2025-06-12 05:02:00,37.1
2025-06-12 21:11:00,0.5
2025-06-12 03:10:00,62.2
2025-06-12 01:12:00,49.64720650636492
2025-06-12 12:13:00,71.5
2025-06-12 09:28:00,85.2
2025-06-12 17:32:00,94.5
2025-06-12 22:11:00,6.0
2025-06-12 05:25:00,11.0
2025-06-12 02:18:00,21.5
2025-06-12 07:23:00,16.6
2025-06-12 02:06:00,67.0
2025-06-12 10:16:00,9.4
2025-06-12 12:01:00,57.6
2025-06-12 23:22:00,76.5
2025-06-12 00:46:00,49.64720650636492
2025-06-12 10:02:00,52.6
2025-06-12 13:15:00,26.0
2025-06-12 07:13:00,99.1
2025-06-12 14:37:00,76.3
2025-06-12 13:16:00,49.64720650636492
2025-06-12 02:25:00,8.3
2025-06-12 16:04:00,68.6
2025-06-12 14:44:00,63.0
2025-06-12 20:48:00,95.8
2025-06-12 08:57:00,43.8
2025-06-12 02:08:00,59.0
2025-06-12 08:03:00,25.6
2025-06-12 12:30:00,24.9
2025-06-12 17:36:00,49.64720650636492
2025-06-12 07:12:00,91.2
2025-06-12 03:24:00,12.9
2025-06-12 23:19:00,15.5
2025-06-12 18:51:00,38.2
2025-06-12 02:04:00,92.1
2025-06-12 19:09:00,0.4
2025-06-12 20:52:00,93.3
2025-06-12 05:57:00,43.7
2025-06-12 10:10:00,34.4
2025-06-12 22:59:00,49.64720650636492
2025-06-12 21:23:00,12.3
2025-06-12 04:23:00,7.0
2025-06-12 05:51:00,67.6
2025-06-12 22:43:00,14.4
2025-06-12 16:05:00,20.0
2025-06-12 16:11:00,49.64720650636492
2025-06-12 19:46:00,49.64720650636492
2025-06-12 05:26:00,41.6
2025-06-12 00:05:00,49.64720650636492
2025-06-12 15:32:00,49.64720650636492
2025-06-12 15:57:00,49.64720650636492
2025-06-12 06:45:00,82.6
2025-06-12 00:07:00,49.64720650636492
2025-06-12 21:34:00,12.5
2025-06-12 08:59:00,39.0
2025-06-12 05:27:00,32.4
2025-06-12 07:05:00,16.5
2025-06-12 14:54:00,35.9
2025-06-12 09:47:00,75.0
2025-06-12 10:06:00,84.7
2025-06-12 22:44:00,8.9
2025-06-12 07:16:00,39.2
2025-06-12 14:24:00,0.5
2025-06-12 16:53:00,93.4
2025-06-12 17:23:00,81.2
2025-06-12 20:29:00,49.64720650636492
2025-06-12 00:53:00,57.3
2025-06-12 19:16:00,29.5
2025-06-12 06:40:00,49.64720650636492
2025-06-12 11:59:00,45.6
2025-06-12 03:51:00,27.2
2025-06-12 17:02:00,23.0
2025-06-12 17:13:00,10.2
2025-06-12 00:36:00,63.1
2025-06-12 01:07:00,45.4
2025-06-12 04:16:00,49.64720650636492
2025-06-12 18:55:00,63.6
2025-06-12 19:36:00,23.7
2025-06-12 00:25:00,50.7
2025-06-12 06:15:00,49.64720650636492
2025-06-12 04:04:00,86.2
2025-06-12 21:42:00,90.1
2025-06-12 03:49:00,49.64720650636492
2025-06-12 03:23:00,38.0
2025-06-12 13:28:00,32.1
2025-06-12 12:07:00,49.64720650636492
2025-06-12 22:33:00,40.2
2025-06-12 06:28:00,29.9
2025-06-12 13:35:00,72.1
2025-06-12 21:19:00,13.6
2025-06-12 21:44:00,72.8
2025-06-12 16:02:00,65.4
2025-06-12 23:49:00,38.3
2025-06-12 22:07:00,54.0
2025-06-12 03:50:00,88.2
2025-06-12 16:15:00,41.8
2025-06-12 03:19:00,49.64720650636492
2025-06-12 19:34:00,23.0
2025-06-12 15:08:00,49.64720650636492
2025-06-12 09:03:00,87.4
2025-06-12 20:08:00,89.6
2025-06-12 06:13:00,6.2
2025-06-12 10:12:00,27.6
2025-06-12 13:42:00,49.64720650636492
2025-06-12 16:59:00,32.3
2025-06-12 08:37:00,69.6
2025-06-12 22:22:00,49.64720650636492
2025-06-12 07:55:00,65.2
2025-06-12 04:21:00,35.5
2025-06-12 21:59:00,86.7
2025-06-12 21:57:00,87.6
2025-06-12 23:04:00,49.64720650636492
2025-06-12 06:20:00,84.8
2025-06-12 13:20:00,71.4
2025-06-12 17:40:00,21.6
2025-06-12 00:57:00,49.64720650636492
2025-06-12 15:38:00,45.8
2025-06-12 04:43:00,52.6
2025-06-12 21:22:00,49.64720650636492
2025-06-12 22:17:00,88.0
2025-06-12 06:42:00,63.6
2025-06-12 19:19:00,31.2
2025-06-12 01:57:00,33.6
2025-06-12 14:21:00,27.7
2025-06-12 13:33:00,49.64720650636492
2025-06-12 12:53:00,56.4
2025-06-12 17:52:00,49.9
2025-06-12 02:38:00,95.5
2025-06-12 13:37:00,83.5
2025-06-12 22:20:00,77.3
2025-06-12 02:35:00,39.4
2025-06-12 14:31:00,51.4
2025-06-12 01:20:00,27.3
2025-06-12 10:51:00,51.6
2025-06-12 12:59:00,29.7
2025-06-12 09:30:00,14.5
2025-06-12 06:17:00,12.7
2025-06-12 03:27:00,49.64720650636492
2025-06-12 07:09:00,27.8
2025-06-12 18:26:00,49.64720650636492
2025-06-12 18:09:00,68.2
2025-06-12 02:51:00,71.7
2025-06-12 05:10:00,19.9
2025-06-12 23:13:00,57.0
2025-06-12 18:41:00,6.9
2025-06-12 10:04:00,35.7
2025-06-12 13:48:00,72.9
2025-06-12 01:58:00,97.7
2025-06-12 14:56:00,83.5
2025-06-12 06:30:00,49.64720650636492
2025-06-12 20:40:00,80.0
2025-06-12 11:25:00,33.5
2025-06-12 21:47:00,36.6
2025-06-12 00:47:00,49.64720650636492
2025-06-12 01:46:00,91.6
2025-06-12 14:42:00,78.5
2025-06-12 01:16:00,11.9
2025-06-12 15:14:00,64.7
2025-06-12 07:59:00,49.64720650636492
2025-06-12 20:50:00,2.8
2025-06-12 19:18:00,30.6
2025-06-12 13:26:00,38.6
2025-06-12 12:00:00,46.7
2025-06-12 08:10:00,1.2
2025-06-12 08:08:00,49.64720650636492
2025-06-12 00:18:00,47.4
2025-06-12 10:00:00,32.2
2025-06-12 21:41:00,91.8
2025-06-12 18:47:00,71.8
2025-06-12 12:39:00,49.64720650636492
2025-06-12 21:27:00,87.9
2025-06-12 03:59:00,36.4
2025-06-12 22:52:00,64.4
2025-06-12 12:20:00,82.2
2025-06-12 09:58:00,97.9
2025-06-12 10:49:00,94.8
2025-06-12 18:23:00,45.2
2025-06-12 16:55:00,24.9
2025-06-12 07:47:00,49.64720650636492
2025-06-12 02:17:00,49.64720650636492
2025-06-12 15:12:00,38.0
2025-06-12 06:51:00,89.2
2025-06-12 00:19:00,36.5
2025-06-12 14:07:00,2.6
2025-06-12 04:36:00,49.64720650636492
2025-06-12 08:17:00,69.9
2025-06-12 12:37:00,49.7
2025-06-12 22:53:00,87.0
2025-06-12 13:09:00,91.9
2025-06-12 10:05:00,69.9
2025-06-12 18:00:00,49.64720650636492
2025-06-12 03:31:00,69.4
2025-06-12 08:13:00,52.8
2025-06-12 17:01:00,59.0
2025-06-12 10:57:00,13.9
2025-06-12 12:45:00,48.8
2025-06-12 13:52:00,7.3
2025-06-12 04:26:00,3.5
2025-06-12 15:02:00,44.1
2025-06-12 03:54:00,49.64720650636492
2025-06-12 20:12:00,49.64720650636492
2025-06-12 07:36:00,62.9
2025-06-12 06:21:00,90.1
2025-06-12 05:16:00,60.1
2025-06-12 20:53:00,51.3
2025-06-12 02:26:00,5.4
2025-06-12 00:50:00,49.64720650636492
2025-06-12 17:14:00,18.3
2025-06-12 10:52:00,6.8
2025-06-12 11:11:00,17.1
2025-06-12 14:03:00,65.9
2025-06-12 16:10:00,49.64720650636492
2025-06-12 12:40:00,0.0
2025-06-12 06:07:00,14.5
2025-06-12 06:05:00,49.64720650636492
2025-06-12 20:41:00,34.3
2025-06-12 00:03:00,11.0
2025-06-12 22:19:00,66.4
2025-06-12 17:18:00,49.64720650636492
2025-06-12 06:44:00,86.6
2025-06-12 11:09:00,46.4
2025-06-12 10:07:00,93.2
2025-06-12 14:41:00,39.0
2025-06-12 07:42:00,84.3
2025-06-12 02:30:00,36.0
2025-06-12 15:03:00,12.1
2025-06-12 15:45:00,96.4
2025-06-12 19:58:00,94.3
2025-06-12 09:10:00,6.2
2025-06-12 00:30:00,49.64720650636492
2025-06-12 15:16:00,35.5
2025-06-12 09:18:00,43.1
2025-06-12 02:56:00,52.2
2025-06-12 21:30:00,97.7
2025-06-12 01:05:00,33.5
2025-06-12 18:33:00,26.9
2025-06-12 00:20:00,14.9
2025-06-12 02:54:00,49.6
2025-06-12 14:17:00,94.3
2025-06-12 20:10:00,49.64720650636492
2025-06-12 09:44:00,72.0
2025-06-12 04:10:00,60.6
2025-06-12 19:20:00,81.6
2025-06-12 07:41:00,47.5
2025-06-12 11:32:00,84.7
2025-06-12 05:43:00,41.3
2025-06-12 06:43:00,51.8
2025-06-12 01:19:00,24.2
2025-06-12 15:39:00,65.2
2025-06-12 19:07:00,72.6
2025-06-12 23:55:00,92.3
2025-06-12 05:52:00,28.2
2025-06-12 07:48:00,3.1
2025-06-12 04:59:00,21.2
2025-06-12 15:37:00,80.2
2025-06-12 01:21:00,88.0
2025-06-12 20:46:00,55.5
2025-06-12 01:47:00,74.6
2025-06-12 02:36:00,24.0
2025-06-12 14:14:00,66.0
2025-06-12 11:00:00,3.8
2025-06-12 08:39:00,69.2
2025-06-12 13:59:00,26.7
2025-06-12 07:30:00,90.3
2025-06-12 14:28:00,97.8
2025-06-12 05:07:00,45.5
2025-06-12 15:59:00,61.8
2025-06-12 01:25:00,82.5
2025-06-12 15:44:00,49.64720650636492
2025-06-12 21:50:00,0.6
2025-06-12 09:20:00,11.5
2025-06-12 20:58:00,3.7
2025-06-12 09:54:00,45.2
2025-06-12 21:08:00,99.1
2025-06-12 14:10:00,82.8
2025-06-12 14:26:00,21.6
2025-06-12 18:42:00,35.4
2025-06-12 14:45:00,4.8
2025-06-12 10:40:00,35.3
2025-06-12 08:45:00,44.6
2025-06-12 16:20:00,68.5
2025-06-12 18:14:00,37.7
2025-06-12 01:11:00,65.1
2025-06-12 04:11:00,91.7
2025-06-12 03:20:00,38.8
2025-06-12 14:33:00,9.6
2025-06-12 20:32:00,35.6
2025-06-12 08:52:00,36.6
2025-06-12 02:13:00,54.5
2025-06-12 09:48:00,46.7
2025-06-12 01:54:00,33.1
2025-06-12 20:43:00,6.5
2025-06-12 14:23:00,2.3
2025-06-12 06:23:00,43.6
2025-06-12 02:58:00,47.2
2025-06-12 16:54:00,16.8
2025-06-12 02:14:00,1.6
2025-06-12 22:23:00,71.1
2025-06-12 14:55:00,76.5
2025-06-12 07:08:00,13.9
2025-06-12 21:13:00,56.1
2025-06-12 00:54:00,20.4
2025-06-12 07:44:00,49.44888862615275
2025-06-12 15:40:00,88.6
2025-06-12 06:52:00,55.1
2025-06-12 23:38:00,49.44888862615275
2025-06-12 21:43:00,49.44888862615275
2025-06-12 10:43:00,44.0
2025-06-12 04:10:00,48.4
2025-06-12 12:50:00,1.8
2025-06-12 22:47:00,49.8
2025-06-12 00:57:00,85.5
2025-06-12 04:43:00,7.9
2025-06-12 05:10:00,49.44888862615275
2025-06-12 19:48:00,62.4
2025-06-12 04:36:00,33.7
2025-06-12 21:45:00,90.2
2025-06-12 22:45:00,40.6
2025-06-12 11:39:00,29.2
2025-06-12 20:21:00,23.3
2025-06-12 03:43:00,43.1
2025-06-12 22:22:00,16.0
2025-06-12 19:14:00,41.2
2025-06-12 20:14:00,89.5
2025-06-12 23:50:00,77.4
2025-06-12 20:42:00,47.1
2025-06-12 01:57:00,47.2
2025-06-12 14:38:00,9.6
2025-06-12 18:07:00,71.7
2025-06-12 09:32:00,18.7
2025-06-12 05:01:00,93.2
2025-06-12 10:44:00,86.4
2025-06-12 13:59:00,81.9
2025-06-12 00:51:00,60.8
2025-06-12 12:45:00,49.44888862615275
2025-06-12 01:36:00,74.9
2025-06-12 19:52:00,81.2
2025-06-12 22:20:00,66.1
2025-06-12 07:02:00,35.8
2025-06-12 18:21:00,67.6
2025-06-12 01:21:00,21.4
2025-06-12 20:53:00,39.6
2025-06-12 21:15:00,68.8
2025-06-12 17:29:00,73.9
2025-06-12 16:30:00,38.6
2025-06-12 15:55:00,98.6
2025-06-12 14:10:00,27.8
2025-06-12 12:51:00,83.6
2025-06-12 22:37:00,49.44888862615275
2025-06-12 17:37:00,58.6
2025-06-12 14:52:00,24.8
2025-06-12 09:19:00,21.8
2025-06-12 18:47:00,49.44888862615275
2025-06-12 12:31:00,49.44888862615275
2025-06-12 01:01:00,19.8
2025-06-12 17:12:00,49.44888862615275
2025-06-12 10:54:00,7.6
2025-06-12 01:24:00,63.7
2025-06-12 17:06:00,49.1
2025-06-12 09:58:00,58.7
2025-06-12 19:59:00,76.9
2025-06-12 10:32:00,21.4
2025-06-12 09:03:00,39.1
2025-06-12 05:26:00,55.4
2025-06-12 19:02:00,49.44888862615275
2025-06-12 02:18:00,42.1
2025-06-12 11:48:00,1.2
2025-06-12 12:10:00,49.44888862615275
2025-06-12 03:05:00,46.7
2025-06-12 04:39:00,28.2
2025-06-12 17:27:00,80.6
2025-06-12 18:10:00,49.44888862615275
2025-06-12 07:17:00,87.6
2025-06-12 17:31:00,80.1
2025-06-12 23:35:00,97.6
2025-06-12 08:39:00,75.5
2025-06-12 16:35:00,66.6
2025-06-12 09:12:00,1.6
2025-06-12 06:46:00,49.44888862615275
2025-06-12 17:26:00,3.1
2025-06-12 06:19:00,49.44888862615275
2025-06-12 05:37:00,99.4
2025-06-12 02:42:00,74.6
2025-06-12 04:09:00,8.9
2025-06-12 06:10:00,41.0
2025-06-12 20:31:00,26.0
2025-06-12 03:27:00,2.0
2025-06-12 15:31:00,75.4
2025-06-12 01:42:00,62.9
2025-06-12 08:52:00,12.5
2025-06-12 08:04:00,49.44888862615275
2025-06-12 15:18:00,37.0
2025-06-12 17:10:00,79.3
2025-06-12 20:23:00,69.2
2025-06-12 18:43:00,30.1
2025-06-12 18:44:00,76.6
2025-06-12 13:27:00,67.3
2025-06-12 06:40:00,61.5
2025-06-12 14:25:00,88.0
2025-06-12 14:36:00,26.9
2025-06-12 03:02:00,25.4
2025-06-12 20:47:00,35.8
2025-06-12 10:52:00,75.1
2025-06-12 00:21:00,57.0
2025-06-12 20:09:00,53.1
2025-06-12 12:06:00,92.9
2025-06-12 10:10:00,6.0
2025-06-12 06:33:00,49.6
2025-06-12 17:30:00,64.0
2025-06-12 03:14:00,43.2
2025-06-12 20:34:00,95.5
2025-06-12 17:40:00,49.44888862615275
2025-06-12 21:14:00,49.44888862615275
2025-06-12 04:01:00,20.6
2025-06-12 08:33:00,78.8
2025-06-12 13:06:00,54.8
2025-06-12 20:45:00,40.7
2025-06-12 21:17:00,49.44888862615275
2025-06-12 21:37:00,35.8
2025-06-12 01:47:00,3.6
2025-06-12 16:06:00,57.4
2025-06-12 17:17:00,91.1
2025-06-12 08:29:00,14.7
2025-06-12 18:45:00,56.4
2025-06-12 23:25:00,96.2
2025-06-12 13:53:00,77.2
2025-06-12 20:03:00,71.0
2025-06-12 05:41:00,7.4
2025-06-12 13:25:00,61.6
2025-06-12 04:35:00,54.0
2025-06-12 19:18:00,57.0
2025-06-12 17:02:00,17.2
2025-06-12 09:40:00,11.5
2025-06-12 18:55:00,17.8
2025-06-12 13:45:00,26.7
2025-06-12 09:33:00,38.9
2025-06-12 14:30:00,49.44888862615275
2025-06-12 16:20:00,48.7
2025-06-12 17:43:00,87.0
2025-06-12 10:03:00,6.7
2025-06-12 10:04:00,58.6
2025-06-12 04:54:00,75.5
2025-06-12 14:14:00,57.8
2025-06-12 11:13:00,81.8
2025-06-12 03:42:00,5.3
2025-06-12 17:18:00,37.1
2025-06-12 22:27:00,49.44888862615275
2025-06-12 02:47:00,38.1
2025-06-12 00:08:00,64.5
2025-06-12 11:45:00,49.44888862615275
2025-06-12 14:15:00,49.7
2025-06-12 03:56:00,32.9
2025-06-12 13:02:00,22.9
2025-06-12 07:47:00,36.0
2025-06-12 15:15:00,51.2
2025-06-12 02:43:00,42.5
2025-06-12 19:47:00,53.6
2025-06-12 21:55:00,39.0
2025-06-12 00:47:00,56.3
2025-06-12 14:58:00,14.8
2025-06-12 05:33:00,54.2
2025-06-12 12:54:00,99.3
2025-06-12 05:00:00,2.6
2025-06-12 21:54:00,43.0
2025-06-12 16:23:00,6.4
2025-06-12 00:58:00,49.44888862615275
2025-06-12 07:04:00,71.3
2025-06-12 16:22:00,30.7
2025-06-12 10:45:00,97.8
2025-06-12 13:09:00,17.6
2025-06-12 17:19:00,56.8
2025-06-12 22:02:00,23.6
2025-06-12 05:48:00,62.3
2025-06-12 02:26:00,25.5
2025-06-12 18:01:00,75.8
2025-06-12 17:07:00,24.2
2025-06-12 15:16:00,78.4
2025-06-12 21:28:00,57.6
2025-06-12 14:57:00,25.0
2025-06-12 12:40:00,49.44888862615275
2025-06-12 12:42:00,87.3
2025-06-12 18:57:00,49.44888862615275
2025-06-12 10:05:00,49.44888862615275
2025-06-12 10:47:00,49.44888862615275
2025-06-12 19:40:00,4.9
2025-06-12 10:36:00,49.44888862615275
2025-06-12 14:33:00,81.1
2025-06-12 07:45:00,89.3
2025-06-12 04:48:00,61.0
2025-06-12 04:55:00,17.1
2025-06-12 06:08:00,32.2
2025-06-12 16:46:00,28.4
2025-06-12 09:05:00,0.0
2025-06-12 15:52:00,13.3
2025-06-12 13:07:00,49.44888862615275
2025-06-12 07:18:00,66.9
2025-06-12 12:49:00,49.44888862615275
2025-06-12 10:24:00,40.3
2025-06-12 13:18:00,49.44888862615275
2025-06-12 20:26:00,77.9
2025-06-12 12:22:00,97.2
2025-06-12 22:03:00,56.5
2025-06-12 06:05:00,72.4
2025-06-12 18:30:00,28.6
2025-06-12 22:52:00,86.6
2025-06-12 20:18:00,48.9
2025-06-12 15:49:00,93.6
2025-06-12 23:55:00,14.8
2025-06-12 00:32:00,13.8
2025-06-12 20:15:00,59.4
2025-06-12 10:21:00,49.44888862615275
2025-06-12 07:27:00,49.44888862615275
2025-06-12 03:46:00,94.4
2025-06-12 15:13:00,40.8
2025-06-12 15:20:00,32.3
2025-06-12 18:56:00,27.8
2025-06-12 19:53:00,77.8
2025-06-12 07:09:00,93.8
2025-06-12 14:09:00,2.1
2025-06-12 12:24:00,21.3
2025-06-12 11:50:00,55.8
2025-06-12 22:12:00,7.2
2025-06-12 02:05:00,71.4
2025-06-12 03:39:00,11.9
2025-06-12 21:20:00,85.8
2025-06-12 05:25:00,69.2
2025-06-12 02:24:00,50.6
2025-06-12 06:51:00,77.1
2025-06-12 03:53:00,42.9
2025-06-12 08:31:00,25.0
2025-06-12 12:03:00,49.44888862615275
2025-06-12 20:04:00,34.4
2025-06-12 06:42:00,91.2
2025-06-12 14:42:00,8.0
2025-06-12 10:25:00,1.9
2025-06-12 20:52:00,0.7
2025-06-12 15:45:00,53.3
2025-06-12 20:36:00,58.7
2025-06-12 22:21:00,52.2
2025-06-12 04:57:00,49.44888862615275
2025-06-12 23:06:00,24.6
2025-06-12 21:49:00,35.9
2025-06-12 14:49:00,69.7
2025-06-12 23:53:00,67.8
2025-06-12 06:49:00,57.3
2025-06-12 14:34:00,77.3
2025-06-12 09:49:00,49.44888862615275
2025-06-12 11:35:00,43.0
2025-06-12 09:00:00,49.44888862615275
2025-06-12 13:35:00,78.3
2025-06-12 13:12:00,55.7
2025-06-12 20:39:00,44.3
2025-06-12 14:02:00,10.2
2025-06-12 19:01:00,4.7
2025-06-12 18:37:00,80.9
2025-06-12 06:53:00,99.4
2025-06-12 23:37:00,37.2
2025-06-12 01:45:00,44.7
2025-06-12 13:56:00,14.7
2025-06-12 07:33:00,50.4
2025-06-12 12:41:00,85.4
2025-06-12 13:20:00,5.5
2025-06-12 22:06:00,87.7
2025-06-12 11:42:00,49.44888862615275
2025-06-12 01:50:00,53.1
2025-06-12 17:57:00,49.44888862615275
2025-06-12 01:06:00,49.44888862615275
2025-06-12 07:38:00,38.4
2025-06-12 21:04:00,39.8
2025-06-12 09:18:00,55.1
2025-06-12 11:53:00,51.3
2025-06-12 14:29:00,26.0
2025-06-12 06:12:00,98.2
2025-06-12 20:38:00,14.1
2025-06-12 03:28:00,49.44888862615275
2025-06-12 07:56:00,98.0
2025-06-12 00:11:00,86.1
2025-06-12 11:20:00,83.4
2025-06-12 17:33:00,49.44888862615275
2025-06-12 19:37:00,61.3
2025-06-12 03:17:00,26.8
2025-06-12 00:49:00,60.1
2025-06-12 14:00:00,3.2
2025-06-12 21:01:00,64.9
2025-06-12 14:37:00,77.3
2025-06-12 00:53:00,49.44888862615275
2025-06-12 19:55:00,22.9
2025-06-12 19:32:00,33.2
2025-06-12 16:42:00,49.44888862615275
2025-06-12 16:36:00,84.1
2025-06-12 22:55:00,95.4
2025-06-12 17:52:00,72.5
2025-06-12 10:06:00,70.6
2025-06-12 07:38:00,96.9
2025-06-12 03:25:00,58.7
2025-06-12 15:23:00,59.1
2025-06-12 22:26:00,34.5
2025-06-12 12:00:00,92.6
2025-06-12 15:26:00,91.5
2025-06-12 02:09:00,85.1
2025-06-12 01:06:00,57.1
2025-06-12 02:27:00,55.4
2025-06-12 22:45:00,76.1
2025-06-12 04:33:00,11.2
2025-06-12 14:42:00,87.7
2025-06-12 03:13:00,47.9
2025-06-12 08:49:00,8.0
2025-06-12 02:51:00,23.5
2025-06-12 05:17:00,84.4
2025-06-12 07:35:00,66.3
2025-06-12 11:04:00,92.9
2025-06-12 18:58:00,45.5
2025-06-12 09:51:00,98.6
2025-06-12 08:12:00,98.8
2025-06-12 06:03:00,49.953150620754265
2025-06-12 00:04:00,16.0
2025-06-12 00:22:00,96.9
2025-06-12 21:40:00,49.953150620754265
2025-06-12 03:36:00,1.2
2025-06-12 11:39:00,64.0
2025-06-12 09:39:00,85.2
2025-06-12 05:41:00,62.4
2025-06-12 15:12:00,49.953150620754265
2025-06-12 22:51:00,31.8
2025-06-12 12:37:00,22.2
2025-06-12 02:06:00,47.4
2025-06-12 09:11:00,7.5
2025-06-12 19:24:00,35.7
2025-06-12 13:24:00,70.2
2025-06-12 19:36:00,77.4
2025-06-12 10:37:00,46.7
2025-06-12 05:54:00,49.953150620754265
2025-06-12 17:03:00,63.2
2025-06-12 22:14:00,39.9
2025-06-12 07:59:00,18.7
2025-06-12 10:24:00,23.6
2025-06-12 14:09:00,48.4
2025-06-12 03:38:00,63.8
2025-06-12 17:39:00,83.4
2025-06-12 01:19:00,49.953150620754265
2025-06-12 16:56:00,38.0
2025-06-12 18:23:00,24.6
2025-06-12 03:09:00,49.953150620754265
2025-06-12 07:32:00,57.5
2025-06-12 23:41:00,52.2
2025-06-12 14:03:00,32.5
2025-06-12 21:18:00,28.8
2025-06-12 12:13:00,74.6
2025-06-12 00:13:00,90.1
2025-06-12 13:03:00,45.7
2025-06-12 23:04:00,40.7
2025-06-12 23:14:00,71.4
2025-06-12 01:51:00,49.953150620754265
2025-06-12 07:06:00,49.953150620754265
2025-06-12 15:18:00,71.8
2025-06-12 20:00:00,94.7
2025-06-12 07:49:00,24.3
2025-06-12 05:50:00,1.9
2025-06-12 16:53:00,83.9
2025-06-12 20:50:00,36.0
2025-06-12 23:32:00,1.4
2025-06-12 06:47:00,87.2
2025-06-12 16:00:00,68.6
2025-06-12 00:33:00,73.7
2025-06-12 18:12:00,99.0
2025-06-12 01:17:00,98.2
2025-06-12 21:00:00,67.6
2025-06-12 08:32:00,30.6
2025-06-12 15:59:00,97.8
2025-06-12 20:25:00,26.8
2025-06-12 19:25:00,49.953150620754265
2025-06-12 18:32:00,1.5
2025-06-12 16:37:00,99.5
2025-06-12 17:44:00,21.2
2025-06-12 22:30:00,61.1
2025-06-12 04:02:00,98.9
2025-06-12 11:34:00,60.1
2025-06-12 12:58:00,53.0
2025-06-12 04:50:00,73.9
2025-06-12 18:40:00,74.7
2025-06-12 15:15:00,3.5
2025-06-12 05:19:00,18.5
2025-06-12 05:45:00,21.8
2025-06-12 18:10:00,77.3
2025-06-12 09:17:00,52.9
2025-06-12 15:37:00,6.8
2025-06-12 10:58:00,94.1
2025-06-12 23:31:00,76.8
2025-06-12 12:43:00,99.9
2025-06-12 13:56:00,13.9
2025-06-12 09:12:00,4.7
2025-06-12 12:32:00,93.0
2025-06-12 19:49:00,49.953150620754265
2025-06-12 22:41:00,14.5
2025-06-12 08:16:00,51.1
2025-06-12 00:41:00,82.8
2025-06-12 13:38:00,21.6
2025-06-12 08:19:00,91.5
2025-06-12 20:10:00,100.0
2025-06-12 05:03:00,16.1
2025-06-12 23:03:00,16.7
2025-06-12 03:48:00,68.9
2025-06-12 20:01:00,9.3
2025-06-12 19:06:00,82.0
2025-06-12 06:21:00,49.953150620754265
2025-06-12 17:43:00,91.8
2025-06-12 07:23:00,55.3
2025-06-12 12:07:00,94.0
2025-06-12 10:09:00,3.2
2025-06-12 10:08:00,49.953150620754265
2025-06-12 05:24:00,49.953150620754265
2025-06-12 03:24:00,58.6
2025-06-12 11:36:00,68.0
2025-06-12 06:23:00,78.5
2025-06-12 22:20:00,61.6
2025-06-12 07:19:00,49.953150620754265
2025-06-12 07:00:00,6.1
2025-06-12 16:44:00,15.9
2025-06-12 07:58:00,24.1
2025-06-12 16:21:00,8.3
2025-06-12 10:38:00,49.953150620754265
2025-06-12 15:50:00,60.9
2025-06-12 13:45:00,20.0
2025-06-12 01:37:00,94.0
2025-06-12 00:36:00,71.1
2025-06-12 17:02:00,31.1
2025-06-12 02:00:00,92.8
2025-06-12 19:16:00,69.8
2025-06-12 01:21:00,12.8
2025-06-12 13:26:00,5.8
2025-06-12 22:13:00,7.1
2025-06-12 12:09:00,33.1
2025-06-12 09:34:00,49.953150620754265
2025-06-12 03:18:00,46.7
2025-06-12 19:40:00,62.2
2025-06-12 00:35:00,46.7
2025-06-12 06:30:00,85.4
2025-06-12 21:54:00,35.8
2025-06-12 09:36:00,49.953150620754265
2025-06-12 13:47:00,64.1
2025-06-12 21:59:00,6.0
2025-06-12 23:35:00,49.953150620754265
2025-06-12 08:28:00,24.8
2025-06-12 01:22:00,47.9
2025-06-12 07:43:00,56.1
2025-06-12 01:16:00,12.0
2025-06-12 16:07:00,49.0
2025-06-12 19:27:00,8.6
2025-06-12 07:29:00,56.2
2025-06-12 19:15:00,49.953150620754265
2025-06-12 01:10:00,22.9
2025-06-12 06:52:00,7.8
2025-06-12 08:55:00,10.8
2025-06-12 14:14:00,21.9
2025-06-12 06:29:00,50.2
2025-06-12 04:49:00,77.6
2025-06-12 08:38:00,49.953150620754265
2025-06-12 13:41:00,82.7
2025-06-12 07:31:00,77.0
2025-06-12 01:48:00,45.8
2025-06-12 04:21:00,51.9
2025-06-12 07:30:00,19.5
2025-06-12 00:57:00,49.953150620754265
2025-06-12 10:01:00,93.3
2025-06-12 19:55:00,56.1
2025-06-12 18:37:00,41.9
2025-06-12 23:09:00,57.1
2025-06-12 10:25:00,37.5
2025-06-12 08:02:00,53.4
2025-06-12 03:30:00,20.0
2025-06-12 19:32:00,54.4
2025-06-12 13:35:00,74.9
2025-06-12 22:19:00,21.4
2025-06-12 15:00:00,7.7
2025-06-12 07:10:00,57.7
2025-06-12 14:31:00,53.1
2025-06-12 16:59:00,14.9
2025-06-12 12:57:00,49.953150620754265
2025-06-12 21:52:00,34.1
2025-06-12 06:27:00,10.2
2025-06-12 10:48:00,49.953150620754265
2025-06-12 18:24:00,52.6
2025-06-12 06:36:00,33.9
2025-06-12 06:05:00,49.953150620754265
2025-06-12 21:14:00,15.0
2025-06-12 04:06:00,42.0
2025-06-12 09:27:00,56.3
2025-06-12 19:23:00,46.0
2025-06-12 01:26:00,76.0
2025-06-12 04:12:00,68.2
2025-06-12 02:08:00,42.9
2025-06-12 12:55:00,21.2
2025-06-12 21:31:00,75.7
2025-06-12 15:38:00,49.953150620754265
2025-06-12 19:58:00,86.5
2025-06-12 14:02:00,92.6
2025-06-12 18:29:00,90.4
2025-06-12 00:28:00,77.0
2025-06-12 14:40:00,39.2
2025-06-12 13:21:00,0.6
2025-06-12 13:39:00,36.1
2025-06-12 22:23:00,79.8
2025-06-12 16:35:00,8.7
2025-06-12 20:28:00,49.953150620754265
2025-06-12 10:23:00,33.5
2025-06-12 01:27:00,49.953150620754265
2025-06-12 05:35:00,82.8
2025-06-12 03:51:00,41.9
2025-06-12 21:17:00,49.953150620754265
2025-06-12 06:58:00,75.0
2025-06-12 09:48:00,53.9
2025-06-12 21:25:00,49.953150620754265
2025-06-12 06:09:00,86.5
2025-06-12 20:23:00,56.1
2025-06-12 12:19:00,76.2
2025-06-12 11:53:00,59.8
2025-06-12 14:21:00,19.8
2025-06-12 17:22:00,93.2
2025-06-12 22:58:00,92.5
2025-06-12 00:39:00,50.1
2025-06-12 13:14:00,8.9
2025-06-12 01:11:00,66.1
2025-06-12 02:44:00,25.7
2025-06-12 14:36:00,77.6
2025-06-12 22:43:00,49.953150620754265
2025-06-12 20:52:00,89.9
2025-06-12 04:47:00,49.953150620754265
2025-06-12 02:10:00,80.1
2025-06-12 05:42:00,49.953150620754265
2025-06-12 11:32:00,2.2
2025-06-12 07:26:00,8.2
2025-06-12 02:03:00,49.953150620754265
2025-06-12 05:15:00,26.4
2025-06-12 10:42:00,10.3
2025-06-12 04:08:00,73.0
2025-06-12 09:15:00,54.8
2025-06-12 15:13:00,52.6
2025-06-12 09:22:00,97.6
2025-06-12 05:08:00,76.9
2025-06-12 05:43:00,34.3
2025-06-12 18:18:00,55.8
2025-06-12 22:09:00,63.3
2025-06-12 16:40:00,49.953150620754265
2025-06-12 14:49:00,49.953150620754265
2025-06-12 19:19:00,15.4
2025-06-12 19:28:00,91.1
2025-06-12 03:52:00,6.9
2025-06-12 10:56:00,13.8
2025-06-12 05:30:00,28.1
2025-06-12 09:52:00,13.3
2025-06-12 01:04:00,49.953150620754265
2025-06-12 06:57:00,2.5
2025-06-12 02:17:00,49.953150620754265
2025-06-12 07:16:00,64.4
2025-06-12 14:24:00,79.8
2025-06-12 04:29:00,93.3
2025-06-12 07:22:00,40.3
2025-06-12 11:13:00,79.8
2025-06-12 17:45:00,77.7
2025-06-12 13:55:00,61.7
2025-06-12 04:30:00,52.1
2025-06-12 04:15:00,49.953150620754265
2025-06-12 04:38:00,69.0
2025-06-12 23:28:00,74.8
2025-06-12 05:47:00,46.2
2025-06-12 02:42:00,27.6
2025-06-12 17:26:00,93.9
2025-06-12 07:56:00,14.5
2025-06-12 14:25:00,9.2
2025-06-12 06:53:00,27.1
2025-06-12 01:18:00,9.7
2025-06-12 07:13:00,49.953150620754265
2025-06-12 05:37:00,16.9
2025-06-12 21:49:00,16.5
2025-06-12 19:34:00,83.0
2025-06-12 06:42:00,49.953150620754265
2025-06-12 14:28:00,19.5
2025-06-12 02:34:00,21.5
2025-06-12 07:20:00,1.1
2025-06-12 03:11:00,74.8
2025-06-12 08:47:00,1.7
2025-06-12 16:57:00,59.3
2025-06-12 00:18:00,20.1
2025-06-12 23:15:00,49.58899212042808
2025-06-12 17:14:00,6.3
2025-06-12 00:09:00,49.58899212042808
2025-06-12 17:55:00,45.9
2025-06-12 21:38:00,73.6
2025-06-12 09:18:00,34.0
2025-06-12 05:12:00,40.6
2025-06-12 13:03:00,3.4
2025-06-12 03:36:00,5.0
2025-06-12 00:20:00,39.7
2025-06-12 06:29:00,49.58899212042808
2025-06-12 12:00:00,26.4
2025-06-12 02:58:00,74.1
2025-06-12 06:45:00,10.0
2025-06-12 20:26:00,29.6
2025-06-12 04:43:00,87.2
2025-06-12 03:27:00,49.9
2025-06-12 09:48:00,63.1
2025-06-12 19:00:00,49.58899212042808
2025-06-12 01:33:00,29.5
2025-06-12 18:25:00,49.58899212042808
2025-06-12 08:02:00,25.1
2025-06-12 02:54:00,65.6
2025-06-12 11:38:00,6.3
2025-06-12 02:40:00,81.1
2025-06-12 04:30:00,67.9
2025-06-12 10:24:00,49.58899212042808
2025-06-12 13:55:00,24.8
2025-06-12 08:47:00,49.58899212042808
2025-06-12 01:37:00,43.6
2025-06-12 09:08:00,7.0
2025-06-12 23:50:00,98.5
2025-06-12 19:56:00,98.4
2025-06-12 01:47:00,76.6
2025-06-12 13:12:00,39.6
2025-06-12 18:08:00,45.6
2025-06-12 11:06:00,38.5
2025-06-12 14:38:00,49.58899212042808
2025-06-12 22:50:00,9.3
2025-06-12 08:30:00,65.5
2025-06-12 01:53:00,49.58899212042808
2025-06-12 00:55:00,57.1
2025-06-12 23:33:00,71.5
2025-06-12 11:24:00,73.9
2025-06-12 15:09:00,85.2
2025-06-12 17:30:00,21.9
2025-06-12 01:23:00,35.9
2025-06-12 20:01:00,72.9
2025-06-12 07:33:00,15.5
2025-06-12 05:09:00,49.58899212042808
2025-06-12 06:52:00,11.4
2025-06-12 08:16:00,59.4
2025-06-12 16:35:00,49.58899212042808
2025-06-12 09:14:00,50.9
2025-06-12 23:09:00,47.7
2025-06-12 10:49:00,74.3
2025-06-12 09:33:00,31.8
2025-06-12 07:54:00,80.8
2025-06-12 08:39:00,34.1
2025-06-12 02:03:00,72.7
2025-06-12 18:33:00,70.1
2025-06-12 10:20:00,91.6
2025-06-12 10:27:00,86.6
2025-06-12 06:56:00,68.2
2025-06-12 11:33:00,40.8
2025-06-12 07:12:00,45.9
2025-06-12 05:28:00,52.8
2025-06-12 12:47:00,45.3
2025-06-12 01:39:00,96.5
2025-06-12 10:59:00,79.6
2025-06-12 20:45:00,19.2
2025-06-12 03:50:00,49.58899212042808
2025-06-12 14:37:00,44.3
2025-06-12 11:07:00,49.58899212042808
2025-06-12 01:55:00,99.3
2025-06-12 10:02:00,85.0
2025-06-12 07:19:00,81.1
2025-06-12 00:57:00,83.6
2025-06-12 10:46:00,53.9
2025-06-12 09:30:00,49.8
2025-06-12 15:32:00,83.5
2025-06-12 01:50:00,32.4
2025-06-12 11:35:00,20.6
2025-06-12 07:29:00,44.1
2025-06-12 22:47:00,97.8
2025-06-12 23:19:00,24.4
2025-06-12 09:02:00,42.5
2025-06-12 19:47:00,49.58899212042808
2025-06-12 17:11:00,49.58899212042808
2025-06-12 01:38:00,8.7
2025-06-12 02:09:00,3.9
2025-06-12 06:08:00,61.2
2025-06-12 08:53:00,49.58899212042808
2025-06-12 18:19:00,99.6
2025-06-12 16:55:00,25.2
2025-06-12 23:45:00,24.8
2025-06-12 17:33:00,20.4
2025-06-12 21:51:00,66.4
2025-06-12 23:38:00,49.58899212042808
2025-06-12 14:05:00,68.2
2025-06-12 20:05:00,49.58899212042808
2025-06-12 16:30:00,84.5
2025-06-12 16:03:00,32.6
2025-06-12 04:50:00,12.4
2025-06-12 08:09:00,26.4
2025-06-12 22:07:00,49.58899212042808
2025-06-12 04:42:00,30.2
2025-06-12 08:00:00,36.5
2025-06-12 09:22:00,99.7
2025-06-12 17:37:00,28.7
2025-06-12 21:58:00,68.8
2025-06-12 20:37:00,35.6
2025-06-12 21:07:00,66.9
2025-06-12 09:39:00,74.8
2025-06-12 18:32:00,86.5
2025-06-12 13:18:00,29.1
2025-06-12 06:42:00,89.9
2025-06-12 17:04:00,76.8
2025-06-12 01:15:00,16.2
2025-06-12 07:59:00,59.5
2025-06-12 08:20:00,21.5
2025-06-12 04:49:00,74.5
2025-06-12 09:44:00,34.4
2025-06-12 00:25:00,76.6
2025-06-12 01:24:00,49.58899212042808
2025-06-12 00:59:00,49.58899212042808
2025-06-12 18:05:00,1.1
2025-06-12 21:19:00,49.58899212042808
2025-06-12 18:26:00,73.1
2025-06-12 07:24:00,62.0
2025-06-12 14:15:00,18.4
2025-06-12 14:49:00,0.1
2025-06-12 04:06:00,71.7
2025-06-12 11:55:00,49.0
2025-06-12 16:17:00,84.5
2025-06-12 16:41:00,57.5
2025-06-12 06:19:00,43.6
2025-06-12 18:47:00,97.1
2025-06-12 14:43:00,28.9
2025-06-12 13:48:00,11.8
2025-06-12 16:13:00,78.6
2025-06-12 23:12:00,49.58899212042808
2025-06-12 23:55:00,48.9
2025-06-12 17:42:00,17.5
2025-06-12 19:38:00,75.4
2025-06-12 05:13:00,58.5
2025-06-12 19:03:00,95.1
2025-06-12 16:40:00,55.3
2025-06-12 21:42:00,46.2
2025-06-12 23:35:00,40.1
2025-06-12 19:43:00,35.2
2025-06-12 09:40:00,16.6
2025-06-12 17:47:00,51.6
2025-06-12 14:29:00,96.0
2025-06-12 22:36:00,49.58899212042808
2025-06-12 14:33:00,12.8
2025-06-12 10:04:00,79.5
2025-06-12 07:50:00,80.0
2025-06-12 12:07:00,93.2
2025-06-12 04:58:00,49.58899212042808
2025-06-12 22:03:00,28.6
2025-06-12 03:16:00,19.6
2025-06-12 23:08:00,83.8
2025-06-12 15:08:00,89.9
2025-06-12 16:20:00,57.5
2025-06-12 02:07:00,86.4
2025-06-12 20:39:00,71.8
2025-06-12 02:06:00,6.9
2025-06-12 13:21:00,62.8
2025-06-12 20:12:00,92.2
2025-06-12 17:05:00,37.2
2025-06-12 07:04:00,51.6
2025-06-12 18:20:00,13.0
2025-06-12 17:06:00,71.8
2025-06-12 02:57:00,58.7
2025-06-12 18:13:00,49.58899212042808
2025-06-12 08:55:00,97.3
2025-06-12 07:49:00,88.5
2025-06-12 12:33:00,75.6
2025-06-12 23:00:00,49.58899212042808
2025-06-12 17:51:00,37.0
2025-06-12 22:14:00,63.9
2025-06-12 21:35:00,11.1
2025-06-12 05:03:00,33.9
2025-06-12 17:15:00,22.1
2025-06-12 21:28:00,49.58899212042808
2025-06-12 14:22:00,68.8
2025-06-12 10:00:00,47.7
2025-06-12 13:37:00,93.9
2025-06-12 01:20:00,20.2
2025-06-12 22:41:00,92.4
2025-06-12 08:40:00,3.4
2025-06-12 05:53:00,27.6
2025-06-12 16:37:00,64.8
2025-06-12 11:49:00,96.7
2025-06-12 10:52:00,100.0
2025-06-12 03:37:00,49.58899212042808
2025-06-12 23:27:00,49.58899212042808
2025-06-12 03:07:00,35.2
2025-06-12 21:23:00,1.9
2025-06-12 16:51:00,7.0
2025-06-12 18:39:00,81.2
2025-06-12 23:51:00,9.3
2025-06-12 00:17:00,82.2
2025-06-12 14:40:00,19.0
2025-06-12 02:36:00,93.4
2025-06-12 07:42:00,49.58899212042808
2025-06-12 07:20:00,6.8
2025-06-12 19:08:00,22.9
2025-06-12 16:43:00,84.2
2025-06-12 17:08:00,3.2
2025-06-12 16:42:00,45.4
2025-06-12 07:41:00,23.6
2025-06-12 18:48:00,72.3
2025-06-12 06:39:00,52.8
2025-06-12 01:58:00,78.8
2025-06-12 18:53:00,30.3
2025-06-12 07:37:00,95.2
2025-06-12 17:50:00,49.58899212042808
2025-06-12 15:51:00,25.8
2025-06-12 04:32:00,41.7
2025-06-12 03:19:00,48.1
2025-06-12 23:53:00,56.1
2025-06-12 07:56:00,98.8
2025-06-12 06:02:00,25.8
2025-06-12 21:26:00,55.5
2025-06-12 15:07:00,49.58899212042808
2025-06-12 02:41:00,53.1
2025-06-12 12:34:00,49.58899212042808
2025-06-12 00:28:00,40.6
2025-06-12 13:01:00,16.9
2025-06-12 12:05:00,49.58899212042808
2025-06-12 01:51:00,97.5
2025-06-12 04:51:00,35.8
2025-06-12 15:19:00,70.6
2025-06-12 01:30:00,49.58899212042808
2025-06-12 05:10:00,60.8
2025-06-12 19:10:00,12.0
2025-06-12 00:29:00,95.7
2025-06-12 05:57:00,46.5
2025-06-12 23:11:00,7.3
2025-06-12 21:37:00,61.8
2025-06-12 23:04:00,15.9
2025-06-12 17:02:00,41.9
2025-06-12 19:54:00,67.6
2025-06-12 00:31:00,89.9
2025-06-12 19:11:00,49.58899212042808
2025-06-12 04:04:00,97.8
2025-06-12 18:04:00,83.1
2025-06-12 03:05:00,49.58899212042808
2025-06-12 03:22:00,70.7
2025-06-12 03:46:00,32.5
2025-06-12 04:33:00,96.3
2025-06-12 01:21:00,23.1
2025-06-12 11:15:00,43.0
2025-06-12 01:28:00,23.5
2025-06-12 21:36:00,49.58899212042808
2025-06-12 20:50:00,65.8
2025-06-12 02:21:00,73.2
2025-06-12 02:25:00,85.9
2025-06-12 02:42:00,73.9
2025-06-12 19:53:00,97.3
2025-06-12 02:08:00,4.0
2025-06-12 23:25:00,49.2
2025-06-12 21:53:00,20.2
2025-06-12 02:23:00,21.7
2025-06-12 22:05:00,65.5
2025-06-12 20:27:00,16.3
2025-06-12 08:35:00,26.7
2025-06-12 13:00:00,89.8
2025-06-12 06:41:00,11.1
2025-06-12 11:31:00,33.7
2025-06-12 10:41:00,92.7
2025-06-12 22:51:00,49.1
2025-06-12 00:10:00,86.9
2025-06-12 13:22:00,66.0
2025-06-12 03:38:00,49.58899212042808
2025-06-12 20:42:00,49.58899212042808
2025-06-12 00:14:00,26.7
2025-06-12 04:16:00,79.3
2025-06-12 19:20:00,67.8
2025-06-12 13:31:00,79.9
2025-06-12 21:15:00,74.1
2025-06-12 19:39:00,38.7
2025-06-12 10:47:00,49.58899212042808
2025-06-12 01:11:00,60.7
2025-06-12 05:56:00,81.7
2025-06-12 04:26:00,69.3
2025-06-12 11:26:00,32.2
2025-06-12 06:27:00,47.8
2025-06-12 22:42:00,25.1
2025-06-12 12:46:00,26.2
2025-06-12 22:24:00,23.3
2025-06-12 21:01:00,47.7
2025-06-12 13:39:00,15.8
2025-06-12 20:33:00,14.5
2025-06-12 06:49:00,59.2
2025-06-12 00:41:00,7.1
2025-06-12 23:34:00,92.0
2025-06-12 00:39:00,58.1
2025-06-12 21:52:00,89.0
2025-06-12 00:12:00,67.3
2025-06-12 17:40:00,66.2
2025-06-12 21:40:00,37.9
2025-06-12 19:02:00,93.4
2025-06-12 08:28:00,90.6
2025-06-12 01:07:00,42.4
2025-06-12 08:06:00,86.4
2025-06-12 08:44:00,56.0
2025-06-12 11:42:00,70.3
2025-06-12 06:06:00,83.3
2025-06-12 00:34:00,54.6
2025-06-12 06:05:00,87.9
2025-06-12 02:16:00,20.6
2025-06-12 03:29:00,91.8
2025-06-12 05:58:00,49.58899212042808
2025-06-12 19:36:00,24.2
2025-06-12 23:56:00,56.7
2025-06-12 10:21:00,24.5
2025-06-12 07:08:00,0.2
2025-06-12 19:50:00,61.0
2025-06-12 03:02:00,21.2
2025-06-12 07:05:00,58.2
2025-06-12 20:58:00,88.1
2025-06-12 05:05:00,12.3
2025-06-12 09:49:00,50.2977004785806
2025-06-12 15:19:00,60.3
2025-06-12 14:30:00,71.4
2025-06-12 00:44:00,37.2
2025-06-12 21:24:00,37.9
2025-06-12 01:49:00,24.3
2025-06-12 23:46:00,60.7
2025-06-12 12:56:00,81.2
2025-06-12 21:52:00,65.8
2025-06-12 18:40:00,41.7
2025-06-12 05:08:00,37.0
2025-06-12 08:39:00,89.5
2025-06-12 02:27:00,97.8
2025-06-12 08:45:00,50.2977004785806
2025-06-12 10:38:00,20.6
2025-06-12 00:29:00,60.8
2025-06-12 10:57:00,17.7
2025-06-12 10:14:00,55.6
2025-06-12 23:44:00,80.5
2025-06-12 14:59:00,64.8
2025-06-12 22:53:00,45.3
2025-06-12 14:22:00,34.5
2025-06-12 19:23:00,60.2
2025-06-12 15:24:00,17.9
2025-06-12 05:00:00,22.8
2025-06-12 21:08:00,33.8
2025-06-12 11:15:00,75.4
2025-06-12 22:48:00,50.2977004785806
2025-06-12 09:56:00,50.2977004785806
2025-06-12 00:18:00,94.5
2025-06-12 22:17:00,68.7
2025-06-12 06:22:00,17.0
2025-06-12 21:55:00,61.4
2025-06-12 12:36:00,56.8
2025-06-12 18:51:00,50.2977004785806
2025-06-12 21:54:00,50.2977004785806
2025-06-12 23:49:00,28.2
2025-06-12 18:06:00,64.0
2025-06-12 22:46:00,55.5
2025-06-12 16:14:00,50.2977004785806
2025-06-12 05:20:00,77.9
2025-06-12 12:48:00,62.6
2025-06-12 03:07:00,10.8
2025-06-12 09:10:00,57.0
2025-06-12 13:07:00,72.6
2025-06-12 02:04:00,31.9
2025-06-12 09:44:00,66.7
2025-06-12 09:42:00,80.1
2025-06-12 16:13:00,50.2977004785806
2025-06-12 19:49:00,35.2
2025-06-12 21:06:00,30.3
2025-06-12 08:43:00,20.4
2025-06-12 05:10:00,41.0
2025-06-12 05:09:00,46.6
2025-06-12 14:51:00,1.5
2025-06-12 14:09:00,32.1
2025-06-12 18:00:00,92.7
2025-06-12 20:05:00,18.7
2025-06-12 20:09:00,26.0
2025-06-12 08:13:00,49.8
2025-06-12 12:34:00,92.7
2025-06-12 23:10:00,50.2977004785806
2025-06-12 02:43:00,32.6
2025-06-12 01:19:00,74.6
2025-06-12 06:55:00,51.9
2025-06-12 08:35:00,99.8
2025-06-12 01:46:00,80.6
2025-06-12 03:37:00,65.8
2025-06-12 06:18:00,35.0
2025-06-12 19:31:00,2.6
2025-06-12 10:15:00,88.6
2025-06-12 12:17:00,50.3
2025-06-12 19:41:00,71.4
2025-06-12 13:09:00,11.7
2025-06-12 02:44:00,20.4
2025-06-12 21:16:00,98.7
2025-06-12 17:04:00,10.7
2025-06-12 07:14:00,71.1
2025-06-12 09:40:00,50.2977004785806
2025-06-12 14:10:00,64.3
2025-06-12 17:53:00,50.2977004785806
2025-06-12 19:30:00,39.9
2025-06-12 20:02:00,92.7
2025-06-12 03:09:00,21.3
2025-06-12 01:05:00,94.6
2025-06-12 02:48:00,66.6
2025-06-12 18:32:00,38.6
2025-06-12 13:12:00,50.9
2025-06-12 06:59:00,1.1
2025-06-12 16:41:00,19.1
2025-06-12 14:17:00,65.3
2025-06-12 09:07:00,50.2977004785806
2025-06-12 10:46:00,38.0
2025-06-12 00:55:00,85.1
2025-06-12 20:44:00,1.8
2025-06-12 09:33:00,18.5
2025-06-12 09:54:00,61.9
2025-06-12 00:00:00,50.2977004785806
2025-06-12 12:35:00,77.8
2025-06-12 04:58:00,97.0
2025-06-12 12:06:00,69.1
2025-06-12 12:54:00,50.2977004785806
2025-06-12 03:46:00,60.9
2025-06-12 11:57:00,99.1
2025-06-12 10:20:00,35.1
2025-06-12 18:14:00,2.1
2025-06-12 03:16:00,11.8
2025-06-12 03:28:00,66.5
2025-06-12 07:26:00,2.7
2025-06-12 02:58:00,73.0
2025-06-12 08:12:00,29.4
2025-06-12 16:34:00,82.3
2025-06-12 11:01:00,50.2977004785806
2025-06-12 18:49:00,93.3
2025-06-12 03:36:00,29.8
2025-06-12 03:13:00,62.7
2025-06-12 06:20:00,50.2977004785806
2025-06-12 02:22:00,13.6
2025-06-12 06:23:00,64.7
2025-06-12 14:41:00,93.8
2025-06-12 01:29:00,10.5
2025-06-12 21:09:00,11.9
2025-06-12 11:05:00,73.9
2025-06-12 19:06:00,27.2
2025-06-12 23:03:00,9.9
2025-06-12 17:00:00,43.2
2025-06-12 04:30:00,0.4
2025-06-12 22:12:00,40.1
2025-06-12 00:42:00,28.9
2025-06-12 07:42:00,37.2
2025-06-12 18:57:00,47.5
2025-06-12 00:51:00,50.2977004785806
2025-06-12 06:57:00,16.9
2025-06-12 12:52:00,51.7
2025-06-12 00:20:00,73.5
2025-06-12 06:53:00,89.0
2025-06-12 06:40:00,62.7
2025-06-12 23:14:00,98.2
2025-06-12 15:12:00,82.6
2025-06-12 17:01:00,25.6
2025-06-12 21:58:00,10.2
2025-06-12 12:02:00,98.5
2025-06-12 16:31:00,34.5
2025-06-12 02:36:00,70.3
2025-06-12 19:48:00,70.9
2025-06-12 04:41:00,32.0
2025-06-12 03:03:00,90.8
2025-06-12 17:33:00,14.5
2025-06-12 16:39:00,98.2
2025-06-12 02:05:00,19.6
2025-06-12 01:22:00,68.6
2025-06-12 13:05:00,11.4
2025-06-12 09:09:00,36.6
2025-06-12 19:22:00,11.8
2025-06-12 20:34:00,61.4
2025-06-12 11:18:00,61.8
2025-06-12 16:47:00,35.2
2025-06-12 10:07:00,90.4
2025-06-12 13:42:00,99.7
2025-06-12 16:04:00,3.8
2025-06-12 06:10:00,95.0
2025-06-12 15:11:00,96.1
2025-06-12 21:10:00,50.2977004785806
2025-06-12 15:02:00,65.0
2025-06-12 09:22:00,9.7
2025-06-12 23:39:00,50.2977004785806
2025-06-12 03:32:00,50.2977004785806
2025-06-12 23:57:00,91.6
2025-06-12 10:06:00,79.8
2025-06-12 04:50:00,65.9
2025-06-12 00:49:00,58.6
2025-06-12 22:02:00,98.2
2025-06-12 15:47:00,92.5
2025-06-12 00:19:00,13.2
2025-06-12 09:00:00,68.7
2025-06-12 01:54:00,54.2
2025-06-12 09:32:00,50.2977004785806
2025-06-12 22:07:00,50.2977004785806
2025-06-12 23:28:00,7.4
2025-06-12 22:41:00,78.2
2025-06-12 14:52:00,84.0
2025-06-12 03:04:00,37.7
2025-06-12 18:21:00,93.6
2025-06-12 13:44:00,16.3
2025-06-12 21:15:00,5.0
2025-06-12 14:11:00,21.0
2025-06-12 23:22:00,30.1
2025-06-12 17:24:00,4.9
2025-06-12 08:16:00,72.6
2025-06-12 04:22:00,50.2977004785806
2025-06-12 21:50:00,59.0
2025-06-12 12:28:00,61.4
2025-06-12 06:45:00,50.2977004785806
2025-06-12 15:21:00,58.8
2025-06-12 11:47:00,50.2977004785806
2025-06-12 17:22:00,82.4
2025-06-12 17:36:00,57.6
2025-06-12 03:14:00,48.4
2025-06-12 20:15:00,23.8
2025-06-12 00:40:00,47.2
2025-06-12 01:12:00,95.2
2025-06-12 15:22:00,65.8
2025-06-12 16:54:00,94.8
2025-06-12 00:13:00,14.4
2025-06-12 10:51:00,11.1
2025-06-12 22:20:00,96.1
2025-06-12 05:19:00,36.6
2025-06-12 13:27:00,30.3
2025-06-12 13:21:00,50.2977004785806
2025-06-12 03:43:00,50.2977004785806
2025-06-12 06:11:00,91.2
2025-06-12 19:19:00,6.0
2025-06-12 16:23:00,26.6
2025-06-12 08:10:00,40.1
2025-06-12 00:04:00,28.5
2025-06-12 07:04:00,45.3
2025-06-12 01:47:00,73.1
2025-06-12 08:05:00,50.2977004785806
2025-06-12 08:06:00,50.2977004785806
2025-06-12 07:20:00,97.8
2025-06-12 16:46:00,14.8
2025-06-12 15:48:00,73.8
2025-06-12 02:32:00,75.4
2025-06-12 01:25:00,8.1
2025-06-12 06:33:00,0.6
2025-06-12 06:08:00,69.5
2025-06-12 07:51:00,2.7
2025-06-12 23:24:00,98.4
2025-06-12 16:01:00,50.2977004785806
2025-06-12 04:21:00,82.1
2025-06-12 20:43:00,76.2
2025-06-12 12:41:00,6.3
2025-06-12 09:38:00,12.9
2025-06-12 00:59:00,12.5
2025-06-12 17:15:00,50.2977004785806
2025-06-12 00:35:00,73.4
2025-06-12 12:26:00,52.8
2025-06-12 21:37:00,50.2977004785806
2025-06-12 06:35:00,50.2977004785806
2025-06-12 19:58:00,40.1
2025-06-12 11:20:00,22.1
2025-06-12 21:19:00,58.6
2025-06-12 09:03:00,94.8
2025-06-12 01:59:00,30.6
2025-06-12 13:16:00,50.2977004785806
2025-06-12 18:48:00,28.9
2025-06-12 17:21:00,83.5
2025-06-12 00:33:00,97.6
2025-06-12 06:19:00,32.9
2025-06-12 23:55:00,15.2
2025-06-12 15:15:00,75.8
2025-06-12 12:05:00,60.7
2025-06-12 02:38:00,14.5
2025-06-12 21:39:00,50.2977004785806
2025-06-12 12:16:00,8.7
2025-06-12 21:04:00,69.4
2025-06-12 13:15:00,79.3
2025-06-12 22:28:00,43.3
2025-06-12 04:12:00,39.0
2025-06-12 16:37:00,92.4
2025-06-12 20:56:00,98.2
2025-06-12 23:32:00,50.2977004785806
2025-06-12 20:37:00,94.3
2025-06-12 02:35:00,2.2
2025-06-12 07:15:00,80.1
2025-06-12 03:38:00,75.4
2025-06-12 00:57:00,51.2
2025-06-12 19:57:00,14.5
2025-06-12 11:03:00,55.7
2025-06-12 18:44:00,81.5
2025-06-12 00:53:00,25.9
2025-06-12 13:06:00,74.6
2025-06-12 11:30:00,5.0
2025-06-12 07:31:00,17.7
2025-06-12 00:28:00,3.1
2025-06-12 20:40:00,76.5
2025-06-12 21:26:00,50.2977004785806
2025-06-12 11:25:00,28.7
2025-06-12 07:19:00,50.2977004785806
2025-06-12 14:16:00,43.3
2025-06-12 21:46:00,8.8
2025-06-12 02:07:00,28.1
2025-06-12 02:19:00,16.4
2025-06-12 07:00:00,50.2977004785806
2025-06-12 17:08:00,24.2
2025-06-12 17:40:00,8.9
2025-06-12 22:30:00,13.1
2025-06-12 08:24:00,60.1
2025-06-12 08:46:00,22.0
2025-06-12 13:08:00,50.2977004785806
2025-06-12 18:24:00,48.0
2025-06-12 07:23:00,50.2977004785806
2025-06-12 02:26:00,18.3
2025-06-12 13:23:00,32.8
2025-06-12 09:30:00,46.7
2025-06-12 10:22:00,92.7
2025-06-12 03:57:00,50.2977004785806
2025-06-12 01:04:00,49.82536769031651
2025-06-12 08:03:00,86.6
2025-06-12 21:08:00,9.3
2025-06-12 10:01:00,89.9
2025-06-12 20:53:00,2.3
2025-06-12 18:15:00,51.9
2025-06-12 05:11:00,54.0
2025-06-12 18:18:00,50.1
2025-06-12 12:01:00,59.9
2025-06-12 14:50:00,60.9
2025-06-12 08:19:00,70.1
2025-06-12 09:58:00,49.82536769031651
2025-06-12 01:46:00,58.9
2025-06-12 02:01:00,87.5
2025-06-12 01:59:00,33.7
2025-06-12 01:09:00,98.8
2025-06-12 23:35:00,49.82536769031651
2025-06-12 21:53:00,43.0
2025-06-12 02:39:00,34.7
2025-06-12 13:13:00,77.7
2025-06-12 18:52:00,47.0
2025-06-12 16:39:00,49.82536769031651
2025-06-12 18:51:00,78.7
2025-06-12 12:11:00,40.4
2025-06-12 09:55:00,62.2
2025-06-12 13:19:00,44.2
2025-06-12 07:51:00,86.9
2025-06-12 19:32:00,41.1
2025-06-12 10:59:00,49.82536769031651
2025-06-12 08:21:00,62.2
2025-06-12 05:01:00,92.3
2025-06-12 03:50:00,0.8
2025-06-12 07:53:00,66.3
2025-06-12 11:08:00,87.4
2025-06-12 07:02:00,18.9
2025-06-12 03:25:00,49.82536769031651
2025-06-12 23:22:00,74.3
2025-06-12 19:00:00,13.8
2025-06-12 06:07:00,40.1
2025-06-12 12:40:00,72.8
2025-06-12 18:50:00,47.2
2025-06-12 04:30:00,8.2
2025-06-12 06:03:00,83.3
2025-06-12 02:19:00,49.82536769031651
2025-06-12 10:13:00,12.8
2025-06-12 18:34:00,55.9
2025-06-12 15:01:00,49.82536769031651
2025-06-12 02:05:00,34.6
2025-06-12 18:20:00,52.2
2025-06-12 21:39:00,64.6
2025-06-12 20:39:00,25.3
2025-06-12 21:12:00,44.3
2025-06-12 08:53:00,98.9
2025-06-12 18:43:00,81.4
2025-06-12 15:21:00,44.3
2025-06-12 05:39:00,93.5
2025-06-12 14:13:00,7.3
2025-06-12 15:17:00,88.7
2025-06-12 07:18:00,14.8
2025-06-12 20:27:00,26.1
2025-06-12 12:02:00,5.1
2025-06-12 08:34:00,88.8
2025-06-12 01:37:00,49.82536769031651
2025-06-12 21:42:00,49.82536769031651
2025-06-12 10:09:00,1.8
2025-06-12 23:02:00,77.6
2025-06-12 00:38:00,7.4
2025-06-12 23:04:00,15.8
2025-06-12 08:20:00,70.7
2025-06-12 09:53:00,58.7
2025-06-12 12:39:00,89.3
2025-06-12 14:07:00,82.9
2025-06-12 13:08:00,17.0
2025-06-12 09:03:00,62.1
2025-06-12 14:25:00,82.8
2025-06-12 07:30:00,54.8
2025-06-12 05:19:00,47.2
2025-06-12 22:34:00,11.6
2025-06-12 01:12:00,49.82536769031651
2025-06-12 03:17:00,81.2
2025-06-12 23:56:00,40.2
2025-06-12 08:51:00,34.2
2025-06-12 19:22:00,55.0
2025-06-12 00:10:00,3.5
2025-06-12 17:42:00,19.8
2025-06-12 09:48:00,78.8
2025-06-12 05:36:00,37.3
2025-06-12 05:46:00,52.1
2025-06-12 22:57:00,96.0
2025-06-12 15:56:00,90.6
2025-06-12 02:13:00,21.1
2025-06-12 01:18:00,83.8
2025-06-12 21:54:00,64.3
2025-06-12 09:15:00,72.5
2025-06-12 05:47:00,86.2
2025-06-12 16:24:00,12.0
2025-06-12 20:16:00,49.82536769031651
2025-06-12 23:16:00,21.4
2025-06-12 14:01:00,38.5
2025-06-12 08:35:00,7.3
2025-06-12 01:10:00,91.6
2025-06-12 12:29:00,2.5
2025-06-12 00:44:00,8.4
2025-06-12 04:28:00,68.4
2025-06-12 01:50:00,53.0
2025-06-12 07:22:00,49.82536769031651
2025-06-12 19:31:00,36.8
2025-06-12 18:59:00,49.82536769031651
2025-06-12 16:31:00,49.82536769031651
2025-06-12 16:32:00,30.5
2025-06-12 08:18:00,89.1
2025-06-12 11:19:00,47.8
2025-06-12 23:28:00,76.6
2025-06-12 05:57:00,1.5
2025-06-12 20:08:00,49.82536769031651
2025-06-12 21:55:00,4.0
2025-06-12 00:01:00,35.4
2025-06-12 00:24:00,65.9
2025-06-12 13:49:00,49.82536769031651
2025-06-12 08:44:00,16.5
2025-06-12 20:44:00,49.82536769031651
2025-06-12 10:23:00,77.0
2025-06-12 09:16:00,67.1
2025-06-12 00:18:00,51.9
2025-06-12 15:16:00,22.9
2025-06-12 18:57:00,13.4
2025-06-12 22:55:00,38.1
2025-06-12 09:13:00,97.3
2025-06-12 07:41:00,92.9
2025-06-12 01:35:00,61.6
2025-06-12 16:55:00,49.82536769031651
2025-06-12 16:04:00,42.2
2025-06-12 14:48:00,4.5
2025-06-12 08:40:00,65.0
2025-06-12 22:16:00,67.6
2025-06-12 01:49:00,49.82536769031651
2025-06-12 09:46:00,2.8
2025-06-12 06:44:00,96.8
2025-06-12 03:41:00,30.4
2025-06-12 22:41:00,76.6
2025-06-12 13:46:00,92.4
2025-06-12 03:43:00,21.6
2025-06-12 22:26:00,65.4
2025-06-12 23:26:00,6.8
2025-06-12 17:16:00,49.82536769031651
2025-06-12 12:42:00,15.6
2025-06-12 19:29:00,68.9
2025-06-12 06:55:00,49.82536769031651
2025-06-12 19:25:00,68.4
2025-06-12 02:36:00,0.8
2025-06-12 05:31:00,11.5
2025-06-12 02:34:00,70.7
2025-06-12 11:26:00,60.9
2025-06-12 19:13:00,49.82536769031651
2025-06-12 04:20:00,49.82536769031651
2025-06-12 18:48:00,8.7
2025-06-12 20:07:00,59.1
2025-06-12 06:26:00,44.5
2025-06-12 16:23:00,92.8
2025-06-12 17:43:00,49.82536769031651
2025-06-12 17:17:00,31.0
2025-06-12 19:10:00,49.82536769031651
2025-06-12 23:53:00,49.82536769031651
2025-06-12 07:43:00,90.3
2025-06-12 14:57:00,98.9
2025-06-12 07:34:00,75.8
2025-06-12 08:50:00,37.6
2025-06-12 08:05:00,23.6
2025-06-12 20:12:00,75.9
2025-06-12 20:09:00,49.82536769031651
2025-06-12 15:08:00,82.6
2025-06-12 16:12:00,32.9
2025-06-12 15:12:00,37.3
2025-06-12 20:10:00,61.5
2025-06-12 19:35:00,27.4
2025-06-12 13:16:00,12.1
2025-06-12 04:00:00,40.7
2025-06-12 18:33:00,6.3
2025-06-12 06:19:00,89.3
2025-06-12 07:36:00,93.7
2025-06-12 11:48:00,49.82536769031651
2025-06-12 17:31:00,99.9
2025-06-12 22:49:00,49.82536769031651
2025-06-12 08:48:00,4.3
2025-06-12 03:57:00,75.0
2025-06-12 00:16:00,21.7
2025-06-12 09:04:00,49.82536769031651
2025-06-12 01:15:00,72.5
2025-06-12 08:27:00,96.1
2025-06-12 06:40:00,73.1
2025-06-12 14:19:00,20.4
2025-06-12 05:51:00,82.0
2025-06-12 03:21:00,44.2
2025-06-12 20:20:00,48.7
2025-06-12 06:12:00,55.4
2025-06-12 06:51:00,82.6
2025-06-12 18:38:00,18.6
2025-06-12 14:15:00,49.82536769031651
2025-06-12 21:38:00,23.6
2025-06-12 16:18:00,56.3
2025-06-12 13:41:00,95.7
2025-06-12 07:21:00,7.2
2025-06-12 22:09:00,79.5
2025-06-12 11:23:00,74.0
2025-06-12 08:33:00,52.3
2025-06-12 19:38:00,54.5
2025-06-12 02:54:00,4.0
2025-06-12 19:21:00,74.5
2025-06-12 02:08:00,46.5
2025-06-12 10:35:00,14.2
2025-06-12 12:00:00,96.4
2025-06-12 03:18:00,29.5
2025-06-12 04:38:00,40.9
2025-06-12 15:51:00,93.3
2025-06-12 00:09:00,96.1
2025-06-12 17:32:00,65.6
2025-06-12 18:46:00,74.3
2025-06-12 00:03:00,35.7
2025-06-12 16:33:00,49.0
2025-06-12 05:14:00,77.2
2025-06-12 14:23:00,84.2
2025-06-12 11:49:00,73.3
2025-06-12 11:45:00,3.5
2025-06-12 17:05:00,89.3
2025-06-12 01:26:00,50.9
2025-06-12 16:28:00,7.7
2025-06-12 13:47:00,45.7
2025-06-12 12:35:00,19.2
2025-06-12 08:41:00,19.6
2025-06-12 22:32:00,49.82536769031651
2025-06-12 15:59:00,49.82536769031651
2025-06-12 11:07:00,5.8
2025-06-12 07:55:00,39.3
2025-06-12 17:56:00,37.7
2025-06-12 00:55:00,75.8
2025-06-12 10:29:00,71.9
2025-06-12 12:44:00,49.3
2025-06-12 22:06:00,95.4
2025-06-12 12:08:00,27.3
2025-06-12 03:38:00,58.4
2025-06-12 18:08:00,24.0
2025-06-12 11:28:00,18.4
2025-06-12 17:20:00,61.3
2025-06-12 09:28:00,49.82536769031651
2025-06-12 11:58:00,76.0
2025-06-12 15:54:00,45.4
2025-06-12 03:19:00,49.82536769031651
2025-06-12 11:22:00,85.0
2025-06-12 09:25:00,32.5
2025-06-12 08:54:00,62.0
2025-06-12 03:26:00,59.5
2025-06-12 10:25:00,76.4
2025-06-12 08:28:00,93.9
2025-06-12 14:43:00,32.4
2025-06-12 01:19:00,48.7
2025-06-12 19:47:00,34.2
2025-06-12 17:06:00,82.8
2025-06-12 04:02:00,49.82536769031651
2025-06-12 07:56:00,6.3
2025-06-12 11:54:00,32.6
2025-06-12 22:19:00,26.7
2025-06-12 08:36:00,27.2
2025-06-12 12:47:00,38.2
2025-06-12 13:22:00,81.9
2025-06-12 21:17:00,93.8
2025-06-12 16:08:00,92.7
2025-06-12 12:45:00,97.3
2025-06-12 10:45:00,75.8
2025-06-12 10:07:00,75.5
2025-06-12 14:31:00,25.0
2025-06-12 14:32:00,73.7
2025-06-12 07:15:00,90.3
2025-06-12 20:41:00,84.1
2025-06-12 05:55:00,36.1
2025-06-12 05:58:00,6.3
2025-06-12 10:14:00,98.1
2025-06-12 17:21:00,34.3
2025-06-12 12:24:00,8.0
2025-06-12 06:15:00,86.5
2025-06-12 17:23:00,67.8
2025-06-12 23:31:00,20.8
2025-06-12 02:30:00,25.9
2025-06-12 04:35:00,71.6
2025-06-12 04:51:00,59.9
2025-06-12 18:21:00,67.1
2025-06-12 11:01:00,77.0
2025-06-12 14:12:00,59.5
2025-06-12 23:34:00,49.82536769031651
2025-06-12 00:13:00,49.82536769031651
2025-06-12 23:38:00,94.0
2025-06-12 10:42:00,43.1
2025-06-12 23:50:00,50.7
2025-06-12 04:21:00,17.5
2025-06-12 18:41:00,98.2
2025-06-12 16:45:00,45.5
2025-06-12 03:10:00,49.82536769031651
2025-06-12 12:05:00,17.2
2025-06-12 00:46:00,35.4
2025-06-12 09:24:00,7.7
2025-06-12 23:29:00,50.10362276498773
2025-06-12 18:34:00,72.7
2025-06-12 06:39:00,60.8
2025-06-12 05:37:00,88.7
2025-06-12 13:07:00,69.3
2025-06-12 21:45:00,70.4
2025-06-12 13:32:00,81.6
2025-06-12 02:58:00,89.3
2025-06-12 01:44:00,96.6
2025-06-12 20:50:00,50.10362276498773
2025-06-12 02:30:00,7.1
2025-06-12 13:05:00,22.4
2025-06-12 14:45:00,72.6
2025-06-12 21:46:00,14.7
2025-06-12 22:33:00,81.2
2025-06-12 11:31:00,50.6
2025-06-12 00:15:00,55.6
2025-06-12 11:48:00,92.2
2025-06-12 17:35:00,50.10362276498773
2025-06-12 09:33:00,50.10362276498773
2025-06-12 07:12:00,43.1
2025-06-12 07:58:00,87.0
2025-06-12 14:51:00,82.8
2025-06-12 05:52:00,58.9
2025-06-12 06:32:00,77.1
2025-06-12 00:59:00,72.5
2025-06-12 18:17:00,4.9
2025-06-12 21:20:00,99.4
2025-06-12 19:43:00,15.8
2025-06-12 03:20:00,81.0
2025-06-12 20:35:00,23.1
2025-06-12 17:17:00,31.7
2025-06-12 09:29:00,13.8
2025-06-12 17:16:00,10.4
2025-06-12 21:47:00,50.10362276498773
2025-06-12 08:45:00,50.10362276498773
2025-06-12 10:04:00,15.0
2025-06-12 16:18:00,85.8
2025-06-12 09:45:00,92.4
2025-06-12 04:07:00,46.1
2025-06-12 07:29:00,54.2
2025-06-12 12:45:00,51.7
2025-06-12 08:10:00,50.10362276498773
2025-06-12 17:02:00,78.3
2025-06-12 12:46:00,84.4
2025-06-12 18:56:00,58.6
2025-06-12 22:31:00,27.1
2025-06-12 10:48:00,6.5
2025-06-12 05:35:00,26.1
2025-06-12 14:02:00,94.6
2025-06-12 12:35:00,50.10362276498773
2025-06-12 01:24:00,29.1
2025-06-12 04:52:00,50.10362276498773
2025-06-12 19:16:00,48.9
2025-06-12 04:48:00,9.0
2025-06-12 15:56:00,93.7
2025-06-12 04:35:00,50.10362276498773
2025-06-12 11:55:00,0.7
2025-06-12 20:06:00,44.2
2025-06-12 04:01:00,50.10362276498773
2025-06-12 05:58:00,77.2
2025-06-12 22:05:00,4.3
2025-06-12 11:04:00,50.10362276498773
2025-06-12 08:17:00,4.4
2025-06-12 14:37:00,50.10362276498773
2025-06-12 11:02:00,69.9
2025-06-12 08:09:00,23.9
2025-06-12 06:48:00,50.10362276498773
2025-06-12 05:13:00,68.0
2025-06-12 07:01:00,42.7
2025-06-12 08:23:00,50.10362276498773
2025-06-12 13:42:00,43.7
2025-06-12 23:23:00,6.4
2025-06-12 19:03:00,50.10362276498773
2025-06-12 18:30:00,51.9
2025-06-12 06:02:00,24.1
2025-06-12 02:42:00,43.7
2025-06-12 06:45:00,39.1
2025-06-12 18:10:00,9.7
2025-06-12 01:13:00,81.7
2025-06-12 02:15:00,51.8
2025-06-12 14:46:00,94.2
2025-06-12 09:58:00,33.6
2025-06-12 09:00:00,51.4
2025-06-12 20:18:00,4.3
2025-06-12 17:34:00,21.0
2025-06-12 14:12:00,57.5
2025-06-12 14:11:00,29.9
2025-06-12 07:40:00,51.1
2025-06-12 05:45:00,46.6
2025-06-12 12:06:00,37.1
2025-06-12 00:29:00,65.1
2025-06-12 09:27:00,85.9
2025-06-12 22:09:00,97.2
2025-06-12 14:07:00,50.10362276498773
2025-06-12 23:04:00,1.6
2025-06-12 08:43:00,77.9
2025-06-12 04:26:00,25.2
2025-06-12 19:08:00,50.10362276498773
2025-06-12 11:25:00,9.2
2025-06-12 12:22:00,36.8
2025-06-12 19:02:00,10.2
2025-06-12 10:22:00,5.4
2025-06-12 14:44:00,3.7
2025-06-12 00:33:00,70.2
2025-06-12 15:06:00,30.9
2025-06-12 06:15:00,32.8
2025-06-12 08:27:00,74.4
2025-06-12 07:24:00,85.0
2025-06-12 14:13:00,50.10362276498773
2025-06-12 21:58:00,66.2
2025-06-12 03:28:00,70.8
2025-06-12 21:35:00,71.4
2025-06-12 12:16:00,2.3
2025-06-12 18:52:00,10.8
2025-06-12 20:19:00,89.3
2025-06-12 14:58:00,88.5
2025-06-12 06:29:00,35.4
2025-06-12 01:53:00,95.9
2025-06-12 21:41:00,32.5
2025-06-12 02:41:00,50.10362276498773
2025-06-12 02:54:00,26.2
2025-06-12 23:34:00,52.6
2025-06-12 16:16:00,88.6
2025-06-12 05:34:00,2.4
2025-06-12 21:57:00,81.2
2025-06-12 03:42:00,50.10362276498773
2025-06-12 11:44:00,42.0
2025-06-12 21:26:00,17.0
2025-06-12 07:14:00,50.10362276498773
2025-06-12 16:35:00,50.10362276498773
2025-06-12 15:35:00,57.9
2025-06-12 22:01:00,13.9
2025-06-12 09:59:00,4.5
2025-06-12 11:01:00,75.7
2025-06-12 02:59:00,88.9
2025-06-12 09:22:00,50.10362276498773
2025-06-12 07:23:00,50.10362276498773
2025-06-12 15:45:00,96.7
2025-06-12 10:20:00,83.3
2025-06-12 05:50:00,7.5
2025-06-12 16:11:00,98.8
2025-06-12 01:52:00,72.8
2025-06-12 07:56:00,38.9
2025-06-12 15:24:00,49.1
2025-06-12 07:54:00,50.10362276498773
2025-06-12 21:30:00,50.10362276498773
2025-06-12 07:37:00,36.7
2025-06-12 10:53:00,45.9
2025-06-12 15:23:00,16.7
2025-06-12 14:34:00,56.6
2025-06-12 09:31:00,38.1
2025-06-12 04:02:00,50.3
2025-06-12 00:31:00,50.10362276498773
2025-06-12 22:39:00,17.2
2025-06-12 00:52:00,57.3
2025-06-12 11:57:00,6.8
2025-06-12 19:20:00,74.3
2025-06-12 10:52:00,50.10362276498773
2025-06-12 18:16:00,50.10362276498773
2025-06-12 19:07:00,50.10362276498773
2025-06-12 23:53:00,34.9
2025-06-12 03:38:00,31.2
2025-06-12 17:40:00,81.7
2025-06-12 17:54:00,43.4
2025-06-12 22:30:00,5.3
2025-06-12 19:28:00,62.3
2025-06-12 08:05:00,96.1
2025-06-12 11:29:00,16.4
2025-06-12 10:44:00,78.0
2025-06-12 04:13:00,50.10362276498773
2025-06-12 19:52:00,16.5
2025-06-12 17:46:00,49.0
2025-06-12 19:21:00,9.9
2025-06-12 20:15:00,49.7
2025-06-12 19:05:00,43.9
2025-06-12 19:15:00,51.9
2025-06-12 06:51:00,50.10362276498773
2025-06-12 04:38:00,50.10362276498773
2025-06-12 02:26:00,2.9
2025-06-12 01:35:00,44.6
2025-06-12 03:09:00,3.1
2025-06-12 17:25:00,49.2
2025-06-12 22:10:00,15.9
2025-06-12 17:36:00,81.8
2025-06-12 07:06:00,83.3
2025-06-12 00:27:00,32.3
2025-06-12 14:30:00,63.1
2025-06-12 08:26:00,63.0
2025-06-12 09:17:00,50.10362276498773
2025-06-12 05:51:00,50.10362276498773
2025-06-12 20:21:00,50.10362276498773
2025-06-12 08:58:00,19.8
2025-06-12 20:58:00,50.10362276498773
2025-06-12 06:04:00,50.10362276498773
2025-06-12 18:51:00,50.10362276498773
2025-06-12 10:56:00,50.10362276498773
2025-06-12 11:07:00,50.10362276498773
2025-06-12 22:52:00,50.10362276498773
2025-06-12 12:59:00,62.4
2025-06-12 16:14:00,48.6
2025-06-12 20:39:00,11.8
2025-06-12 03:18:00,75.3
2025-06-12 22:35:00,50.10362276498773
2025-06-12 17:37:00,53.0
2025-06-12 20:44:00,59.7
2025-06-12 03:17:00,6.9
2025-06-12 08:00:00,20.0
2025-06-12 21:03:00,38.8
2025-06-12 00:48:00,87.4
2025-06-12 07:42:00,78.8
2025-06-12 12:27:00,84.5
2025-06-12 15:14:00,50.10362276498773
2025-06-12 06:49:00,43.3
2025-06-12 13:10:00,50.10362276498773
2025-06-12 14:39:00,45.7
2025-06-12 05:26:00,29.9
2025-06-12 02:52:00,78.2
2025-06-12 21:29:00,88.3
2025-06-12 07:33:00,50.10362276498773
2025-06-12 04:03:00,50.10362276498773
2025-06-12 19:18:00,6.1
2025-06-12 02:02:00,58.4
2025-06-12 03:57:00,43.4
2025-06-12 10:35:00,47.9
2025-06-12 18:26:00,25.0
2025-06-12 01:18:00,54.9
2025-06-12 19:58:00,98.2
2025-06-12 07:52:00,37.4
2025-06-12 08:56:00,26.6
2025-06-12 11:06:00,37.0
2025-06-12 07:31:00,50.0
2025-06-12 07:05:00,6.7
2025-06-12 20:07:00,45.7
2025-06-12 20:27:00,75.5
2025-06-12 08:02:00,31.2
2025-06-12 00:06:00,54.2
2025-06-12 15:34:00,50.10362276498773
2025-06-12 05:02:00,0.2
2025-06-12 12:43:00,69.6
2025-06-12 00:17:00,53.9
2025-06-12 23:54:00,37.5
2025-06-12 16:47:00,38.4
2025-06-12 16:43:00,5.8
2025-06-12 19:37:00,97.6
2025-06-12 22:47:00,17.8
2025-06-12 15:37:00,79.4
2025-06-12 06:07:00,98.4
2025-06-12 12:19:00,21.8
2025-06-12 16:51:00,43.8
2025-06-12 01:40:00,50.10362276498773
2025-06-12 01:33:00,83.7
2025-06-12 02:44:00,50.10362276498773
2025-06-12 03:44:00,13.6
2025-06-12 13:43:00,71.0
2025-06-12 10:41:00,40.3
2025-06-12 06:08:00,22.3
2025-06-12 02:32:00,71.0
2025-06-12 00:20:00,76.6
2025-06-12 19:54:00,50.10362276498773
2025-06-12 18:40:00,50.10362276498773
2025-06-12 04:40:00,56.4
2025-06-12 20:42:00,59.9
2025-06-12 05:07:00,37.6
2025-06-12 12:57:00,50.10362276498773
2025-06-12 04:51:00,50.10362276498773
2025-06-12 17:58:00,3.7
2025-06-12 07:45:00,44.0
2025-06-12 02:23:00,58.1
2025-06-12 20:33:00,92.4
2025-06-12 00:00:00,61.6
2025-06-12 08:28:00,73.2
2025-06-12 00:35:00,44.3
2025-06-12 13:15:00,10.9
2025-06-12 08:42:00,63.0
2025-06-12 06:30:00,24.1
2025-06-12 16:20:00,83.4
2025-06-12 12:08:00,32.7
2025-06-12 08:11:00,35.3
2025-06-12 07:00:00,72.6
2025-06-12 01:54:00,23.2
2025-06-12 09:28:00,50.10362276498773
2025-06-12 15:11:00,42.3
2025-06-12 08:18:00,72.3
2025-06-12 14:25:00,27.3
2025-06-12 23:57:00,44.0
2025-06-12 20:40:00,97.4
2025-06-12 22:51:00,50.10362276498773
2025-06-12 13:31:00,6.6
2025-06-12 20:22:00,69.3
2025-06-12 18:08:00,84.7
2025-06-12 10:15:00,51.1
2025-06-12 19:34:00,86.0
2025-06-12 16:26:00,51.4
2025-06-12 15:02:00,27.2
2025-06-12 21:49:00,63.0
2025-06-12 17:53:00,73.1
2025-06-12 11:32:00,35.1
2025-06-12 18:24:00,99.2
2025-06-12 11:18:00,62.2
2025-06-12 23:22:00,20.1
2025-06-12 13:11:00,56.7
2025-06-12 19:06:00,34.8
2025-06-12 05:47:00,79.3
2025-06-12 12:03:00,50.10362276498773
2025-06-12 07:57:00,77.8
2025-06-12 15:21:00,60.9
2025-06-12 15:44:00,98.8
2025-06-12 12:18:00,97.0
2025-06-12 19:51:00,13.3
2025-06-12 17:10:00,13.0
2025-06-12 20:13:00,50.10362276498773
2025-06-12 18:29:00,5.9
2025-06-12 05:04:00,43.8
2025-06-12 21:53:00,82.1
2025-06-12 18:14:00,34.6
2025-06-12 13:08:00,78.8
2025-06-12 13:30:00,2.1
2025-06-12 04:11:00,56.6
2025-06-12 06:38:00,93.4
2025-06-12 23:20:00,83.0
2025-06-12 06:22:00,53.3
2025-06-12 03:33:00,40.5
2025-06-12 02:31:00,50.12327810650887
2025-06-12 22:41:00,63.5
2025-06-12 09:16:00,74.3
2025-06-12 02:38:00,4.2
2025-06-12 08:38:00,17.2
2025-06-12 07:23:00,88.7
2025-06-12 10:31:00,75.1
2025-06-12 10:12:00,50.12327810650887
2025-06-12 12:55:00,83.4
2025-06-12 21:52:00,22.0
2025-06-12 03:22:00,50.12327810650887
2025-06-12 17:11:00,50.12327810650887
2025-06-12 19:56:00,50.3
2025-06-12 17:52:00,16.1
2025-06-12 23:05:00,40.7
2025-06-12 18:55:00,15.5
2025-06-12 00:30:00,2.1
2025-06-12 05:47:00,8.5
2025-06-12 08:37:00,13.1
2025-06-12 16:31:00,72.8
2025-06-12 21:59:00,49.3
2025-06-12 13:27:00,50.12327810650887
2025-06-12 03:30:00,14.2
2025-06-12 17:02:00,88.0
2025-06-12 17:47:00,50.12327810650887
2025-06-12 05:17:00,34.3
2025-06-12 05:28:00,69.6
2025-06-12 03:47:00,9.1
2025-06-12 02:18:00,32.8
2025-06-12 14:43:00,50.12327810650887
2025-06-12 23:00:00,17.0
2025-06-12 09:10:00,92.7
2025-06-12 03:32:00,12.8
2025-06-12 07:55:00,52.9
2025-06-12 12:20:00,1.7
2025-06-12 20:37:00,39.1
2025-06-12 05:24:00,27.9
2025-06-12 03:53:00,50.12327810650887
2025-06-12 20:08:00,10.6
2025-06-12 12:31:00,71.9
2025-06-12 18:57:00,9.3
2025-06-12 21:50:00,34.5
2025-06-12 08:14:00,14.6
2025-06-12 08:05:00,67.4
2025-06-12 04:52:00,50.12327810650887
2025-06-12 04:41:00,45.5
2025-06-12 17:08:00,21.4
2025-06-12 11:31:00,90.3
2025-06-12 02:24:00,50.12327810650887
2025-06-12 01:38:00,69.7
2025-06-12 01:12:00,71.4
2025-06-12 18:18:00,5.3
2025-06-12 16:32:00,66.4
2025-06-12 12:39:00,64.2
2025-06-12 23:52:00,37.7
2025-06-12 13:32:00,2.9
2025-06-12 08:57:00,9.2
2025-06-12 23:25:00,56.7
2025-06-12 11:47:00,50.12327810650887
2025-06-12 04:39:00,67.4
2025-06-12 02:43:00,35.2
2025-06-12 17:29:00,36.9
2025-06-12 21:14:00,91.1
2025-06-12 17:32:00,55.3
2025-06-12 23:46:00,16.7
2025-06-12 21:58:00,2.3
2025-06-12 15:18:00,41.1
2025-06-12 08:00:00,48.2
2025-06-12 22:42:00,8.3
2025-06-12 05:22:00,97.5
2025-06-12 14:08:00,50.8
2025-06-12 01:41:00,51.7
2025-06-12 01:48:00,3.5
2025-06-12 06:41:00,50.12327810650887
2025-06-12 15:47:00,77.0
2025-06-12 16:57:00,98.4
2025-06-12 13:25:00,86.3
2025-06-12 10:55:00,84.2
2025-06-12 14:53:00,61.8
2025-06-12 16:26:00,76.6
2025-06-12 06:08:00,38.0
2025-06-12 17:21:00,91.4
2025-06-12 19:24:00,82.5
2025-06-12 02:46:00,24.1
2025-06-12 06:13:00,83.9
2025-06-12 18:14:00,1.6
2025-06-12 04:43:00,35.8
2025-06-12 00:13:00,0.1
2025-06-12 11:36:00,93.5
2025-06-12 11:10:00,52.8
2025-06-12 15:30:00,92.0
2025-06-12 18:21:00,55.2
2025-06-12 05:13:00,54.7
2025-06-12 09:52:00,7.2
2025-06-12 18:34:00,99.1
2025-06-12 10:22:00,89.0
2025-06-12 15:36:00,1.4
2025-06-12 11:55:00,52.8
2025-06-12 11:50:00,64.0
2025-06-12 08:07:00,89.1
2025-06-12 03:35:00,70.7
2025-06-12 04:37:00,90.6
2025-06-12 14:13:00,89.7
2025-06-12 16:14:00,65.4
2025-06-12 03:59:00,50.12327810650887
2025-06-12 09:47:00,10.7
2025-06-12 19:15:00,34.9
2025-06-12 14:25:00,3.0
2025-06-12 02:11:00,49.2
2025-06-12 14:26:00,81.6
2025-06-12 02:37:00,58.5
2025-06-12 10:53:00,16.8
2025-06-12 06:10:00,50.12327810650887
2025-06-12 02:28:00,32.4
2025-06-12 02:29:00,30.1
2025-06-12 08:56:00,0.4
2025-06-12 14:45:00,88.5
2025-06-12 20:03:00,39.6
2025-06-12 10:42:00,93.4
2025-06-12 21:30:00,98.5
2025-06-12 13:45:00,53.9
2025-06-12 21:33:00,69.1
2025-06-12 01:07:00,66.8
2025-06-12 09:34:00,95.9
2025-06-12 22:08:00,7.5
2025-06-12 07:29:00,71.8
2025-06-12 03:41:00,90.0
2025-06-12 11:44:00,11.8
2025-06-12 01:31:00,50.12327810650887
2025-06-12 15:58:00,85.5
2025-06-12 14:38:00,59.9
2025-06-12 16:13:00,24.6
2025-06-12 10:18:00,50.12327810650887
2025-06-12 00:25:00,68.6
2025-06-12 15:52:00,68.0
2025-06-12 04:00:00,38.4
2025-06-12 04:16:00,69.8
2025-06-12 10:46:00,81.6
2025-06-12 15:09:00,50.12327810650887
2025-06-12 14:15:00,13.1
2025-06-12 08:52:00,34.6
2025-06-12 07:46:00,50.12327810650887
2025-06-12 05:38:00,72.8
2025-06-12 00:37:00,76.0
2025-06-12 17:39:00,85.7
2025-06-12 14:24:00,50.12327810650887
2025-06-12 10:23:00,95.0
2025-06-12 01:28:00,0.3
2025-06-12 00:12:00,88.3
2025-06-12 09:31:00,3.6
2025-06-12 06:30:00,16.9
2025-06-12 23:58:00,4.5
2025-06-12 05:33:00,25.9
2025-06-12 15:25:00,77.5
2025-06-12 00:51:00,1.5
2025-06-12 12:56:00,76.2
2025-06-12 17:48:00,70.0
2025-06-12 12:48:00,50.12327810650887
2025-06-12 21:42:00,75.2
2025-06-12 16:04:00,9.8
2025-06-12 14:20:00,35.0
2025-06-12 13:06:00,21.8
2025-06-12 22:49:00,71.8
2025-06-12 03:28:00,50.3
2025-06-12 05:42:00,50.12327810650887
2025-06-12 23:53:00,48.4
2025-06-12 01:20:00,84.7
2025-06-12 10:16:00,67.4
2025-06-12 04:38:00,71.8
2025-06-12 17:14:00,42.8
2025-06-12 03:46:00,49.3
2025-06-12 13:38:00,36.0
2025-06-12 02:02:00,31.8
2025-06-12 21:15:00,90.3
2025-06-12 14:01:00,98.3
2025-06-12 05:50:00,96.7
2025-06-12 10:49:00,60.1
2025-06-12 22:12:00,30.8
2025-06-12 09:08:00,22.8
2025-06-12 10:01:00,48.0
2025-06-12 23:49:00,29.7
2025-06-12 11:18:00,92.8
2025-06-12 04:23:00,20.4
2025-06-12 22:45:00,50.12327810650887
2025-06-12 00:31:00,28.8
2025-06-12 21:44:00,30.6
2025-06-12 21:57:00,0.5
2025-06-12 00:35:00,43.2
2025-06-12 12:13:00,74.4
2025-06-12 21:37:00,88.7
2025-06-12 22:26:00,3.7
2025-06-12 22:22:00,48.1
2025-06-12 06:04:00,53.1
2025-06-12 21:51:00,43.5
2025-06-12 03:18:00,9.2
2025-06-12 20:24:00,50.12327810650887
2025-06-12 15:34:00,57.7
2025-06-12 20:00:00,69.9
2025-06-12 11:45:00,98.1
2025-06-12 10:30:00,73.2
2025-06-12 03:09:00,88.9
2025-06-12 01:17:00,50.12327810650887
2025-06-12 18:46:00,37.2
2025-06-12 01:08:00,33.1
2025-06-12 01:56:00,2.8
2025-06-12 19:17:00,28.3
2025-06-12 10:20:00,95.1
2025-06-12 05:20:00,30.2
2025-06-12 14:17:00,50.12327810650887
2025-06-12 14:52:00,50.12327810650887
2025-06-12 07:22:00,89.9
2025-06-12 22:39:00,39.7
2025-06-12 02:49:00,98.4
2025-06-12 10:25:00,8.1
2025-06-12 11:17:00,5.3
2025-06-12 10:54:00,63.8
2025-06-12 22:17:00,91.1
2025-06-12 07:01:00,80.8
2025-06-12 15:27:00,8.4
2025-06-12 22:43:00,11.0
2025-06-12 00:36:00,67.5
2025-06-12 14:42:00,68.6
2025-06-12 04:29:00,32.2
2025-06-12 23:03:00,91.8
2025-06-12 01:50:00,95.2
2025-06-12 09:50:00,54.0
2025-06-12 06:56:00,66.5
2025-06-12 02:54:00,50.12327810650887
2025-06-12 16:30:00,36.8
2025-06-12 01:52:00,77.6
2025-06-12 17:55:00,70.9
2025-06-12 12:16:00,93.5
2025-06-12 22:01:00,77.7
2025-06-12 09:35:00,35.1
2025-06-12 19:12:00,57.1
2025-06-12 10:56:00,11.4
2025-06-12 02:44:00,41.8
2025-06-12 23:34:00,59.9
2025-06-12 23:14:00,34.5
2025-06-12 10:03:00,53.4
2025-06-12 03:51:00,50.12327810650887
2025-06-12 13:35:00,16.3
2025-06-12 21:05:00,68.2
2025-06-12 20:30:00,29.3
2025-06-12 18:19:00,94.7
2025-06-12 23:08:00,80.9
2025-06-12 09:00:00,68.0
2025-06-12 17:54:00,72.2
2025-06-12 13:33:00,10.1
2025-06-12 09:23:00,39.1
2025-06-12 03:03:00,6.6
2025-06-12 09:59:00,10.9
2025-06-12 11:56:00,86.8
2025-06-12 10:51:00,4.0
2025-06-12 07:30:00,45.5
2025-06-12 16:41:00,50.12327810650887
2025-06-12 23:35:00,50.12327810650887
2025-06-12 12:36:00,46.1
2025-06-12 09:46:00,95.1
2025-06-12 00:01:00,63.7
2025-06-12 07:18:00,54.9
2025-06-12 15:28:00,0.3
2025-06-12 21:55:00,91.9
2025-06-12 17:06:00,50.12327810650887
2025-06-12 20:34:00,50.12327810650887
2025-06-12 09:53:00,29.9
2025-06-12 10:00:00,90.4
2025-06-12 07:00:00,77.9
2025-06-12 22:51:00,66.0
2025-06-12 22:16:00,75.6
2025-06-12 23:33:00,20.5
2025-06-12 21:16:00,10.2
2025-06-12 15:39:00,50.12327810650887
2025-06-12 22:25:00,0.3
2025-06-12 20:17:00,66.1
2025-06-12 09:12:00,18.0
2025-06-12 15:40:00,77.4
2025-06-12 19:34:00,77.9
2025-06-12 14:48:00,49.63956792297757
2025-06-12 02:38:00,14.1
2025-06-12 14:09:00,66.0
2025-06-12 18:30:00,71.3
2025-06-12 23:29:00,32.2
2025-06-12 00:30:00,34.7
2025-06-12 05:00:00,12.8
2025-06-12 22:37:00,97.1
2025-06-12 02:54:00,20.1
2025-06-12 14:39:00,45.8
2025-06-12 22:48:00,73.1
2025-06-12 14:55:00,89.2
2025-06-12 08:28:00,81.3
2025-06-12 23:11:00,90.3
2025-06-12 07:51:00,10.3
2025-06-12 23:50:00,61.3
2025-06-12 18:19:00,22.0
2025-06-12 22:33:00,41.9
2025-06-12 02:45:00,31.2
2025-06-12 17:50:00,24.2
2025-06-12 10:55:00,9.0
2025-06-12 20:55:00,49.63956792297757
2025-06-12 08:13:00,98.4
2025-06-12 04:33:00,97.1
2025-06-12 05:29:00,2.7
2025-06-12 14:42:00,17.3
2025-06-12 18:43:00,10.2
2025-06-12 13:52:00,66.7
2025-06-12 04:35:00,12.4
2025-06-12 21:28:00,49.0
2025-06-12 03:08:00,95.1
2025-06-12 20:35:00,16.4
2025-06-12 07:42:00,19.5
2025-06-12 21:52:00,29.6
2025-06-12 15:26:00,89.1
2025-06-12 03:33:00,83.5
2025-06-12 20:56:00,13.0
2025-06-12 23:45:00,43.3
2025-06-12 05:41:00,50.5
2025-06-12 16:48:00,8.7
2025-06-12 07:16:00,5.6
2025-06-12 16:55:00,45.8
2025-06-12 17:52:00,46.8
2025-06-12 10:57:00,49.63956792297757
2025-06-12 10:38:00,76.6
2025-06-12 17:34:00,63.9
2025-06-12 05:05:00,41.3
2025-06-12 01:42:00,73.8
2025-06-12 00:27:00,84.8
2025-06-12 08:16:00,58.9
2025-06-12 09:11:00,2.1
2025-06-12 02:39:00,19.8
2025-06-12 13:27:00,49.63956792297757
2025-06-12 02:56:00,37.0
2025-06-12 16:14:00,0.7
2025-06-12 00:45:00,20.9
2025-06-12 17:19:00,88.9
2025-06-12 15:19:00,52.3
2025-06-12 05:39:00,55.9
2025-06-12 08:33:00,3.0
2025-06-12 09:00:00,3.1
2025-06-12 19:38:00,16.8
2025-06-12 05:30:00,83.9
2025-06-12 03:43:00,80.3
2025-06-12 07:41:00,47.5
2025-06-12 15:13:00,42.4
2025-06-12 07:25:00,97.6
2025-06-12 00:25:00,12.8
2025-06-12 03:47:00,62.8
2025-06-12 14:51:00,4.5
2025-06-12 13:53:00,27.1
2025-06-12 14:27:00,49.9
2025-06-12 04:58:00,40.2
2025-06-12 20:31:00,47.1
2025-06-12 22:55:00,77.6
2025-06-12 00:21:00,46.6
2025-06-12 13:29:00,80.4
2025-06-12 05:46:00,49.63956792297757
2025-06-12 00:26:00,49.63956792297757
2025-06-12 11:02:00,9.6
2025-06-12 07:15:00,77.0
2025-06-12 21:00:00,70.2
2025-06-12 08:56:00,13.0
2025-06-12 22:24:00,14.3
2025-06-12 13:43:00,82.0
2025-06-12 17:20:00,38.0
2025-06-12 06:12:00,54.0
2025-06-12 23:09:00,34.0
2025-06-12 17:09:00,50.1
2025-06-12 22:42:00,49.63956792297757
2025-06-12 10:31:00,76.7
2025-06-12 13:37:00,24.9
2025-06-12 21:24:00,40.6
2025-06-12 02:13:00,44.3
2025-06-12 18:20:00,3.8
2025-06-12 23:15:00,27.6
2025-06-12 01:46:00,22.8
2025-06-12 13:01:00,49.63956792297757
2025-06-12 12:10:00,72.4
2025-06-12 12:43:00,97.4
2025-06-12 14:23:00,24.5
2025-06-12 03:22:00,93.3
2025-06-12 14:56:00,58.0
2025-06-12 16:15:00,98.0
2025-06-12 13:45:00,38.7
2025-06-12 10:54:00,28.1
2025-06-12 01:52:00,98.0
2025-06-12 14:11:00,99.7
2025-06-12 03:21:00,37.0
2025-06-12 15:21:00,75.2
2025-06-12 09:29:00,38.8
2025-06-12 06:29:00,94.6
2025-06-12 00:04:00,23.1
2025-06-12 21:31:00,18.9
2025-06-12 19:52:00,9.6
2025-06-12 15:08:00,56.0
2025-06-12 02:43:00,8.3
2025-06-12 11:35:00,22.0
2025-06-12 22:05:00,26.0
2025-06-12 13:09:00,49.63956792297757
2025-06-12 04:06:00,62.5
2025-06-12 11:31:00,49.63956792297757
2025-06-12 09:02:00,95.4
2025-06-12 16:53:00,49.63956792297757
2025-06-12 00:43:00,49.63956792297757
2025-06-12 01:50:00,49.63956792297757
2025-06-12 05:54:00,22.2
2025-06-12 16:42:00,80.2
2025-06-12 16:33:00,22.3
2025-06-12 17:23:00,19.5
2025-06-12 10:44:00,62.0
2025-06-12 01:26:00,2.0
2025-06-12 02:27:00,69.1
2025-06-12 12:02:00,49.63956792297757
2025-06-12 18:59:00,43.5
2025-06-12 21:27:00,32.8
2025-06-12 13:38:00,19.9
2025-06-12 18:51:00,53.2
2025-06-12 05:51:00,19.3
2025-06-12 01:08:00,25.3
2025-06-12 21:02:00,97.9
2025-06-12 02:24:00,45.0
2025-06-12 11:26:00,0.5
2025-06-12 18:08:00,69.0
2025-06-12 17:15:00,49.63956792297757
2025-06-12 06:58:00,5.4
2025-06-12 10:22:00,68.0
2025-06-12 14:44:00,79.3
2025-06-12 20:36:00,43.4
2025-06-12 22:36:00,49.63956792297757
2025-06-12 12:38:00,21.2
2025-06-12 16:27:00,12.8
2025-06-12 07:36:00,55.5
2025-06-12 23:59:00,49.63956792297757
2025-06-12 11:39:00,28.2
2025-06-12 11:13:00,66.7
2025-06-12 06:16:00,81.5
2025-06-12 14:58:00,19.5
2025-06-12 20:51:00,71.3
2025-06-12 08:34:00,29.5
2025-06-12 05:50:00,21.0
2025-06-12 10:59:00,54.6
2025-06-12 18:05:00,13.7
2025-06-12 13:00:00,83.5
2025-06-12 19:45:00,61.4
2025-06-12 07:56:00,41.7
2025-06-12 04:45:00,19.3
2025-06-12 16:12:00,92.4
2025-06-12 23:01:00,49.63956792297757
2025-06-12 12:09:00,60.3
2025-06-12 10:24:00,96.8
2025-06-12 19:37:00,92.7
2025-06-12 19:00:00,93.5
2025-06-12 15:06:00,17.0
2025-06-12 11:47:00,82.3
2025-06-12 12:24:00,41.9
2025-06-12 10:04:00,0.0
2025-06-12 23:55:00,49.63956792297757
2025-06-12 05:18:00,57.3
2025-06-12 09:15:00,58.6
2025-06-12 04:04:00,5.5
2025-06-12 13:25:00,58.8
2025-06-12 01:03:00,49.63956792297757
2025-06-12 11:23:00,49.63956792297757
2025-06-12 06:53:00,91.7
2025-06-12 02:37:00,38.2
2025-06-12 05:55:00,85.2
2025-06-12 23:00:00,0.5
2025-06-12 00:33:00,86.6
2025-06-12 04:12:00,16.8
2025-06-12 15:00:00,7.9
2025-06-12 15:52:00,95.8
2025-06-12 09:24:00,97.0
2025-06-12 21:36:00,76.1
2025-06-12 03:52:00,24.6
2025-06-12 01:01:00,81.5
2025-06-12 15:45:00,79.9
2025-06-12 06:18:00,49.63956792297757
2025-06-12 13:51:00,80.3
2025-06-12 06:22:00,77.1
2025-06-12 21:39:00,49.63956792297757
2025-06-12 08:17:00,48.0
2025-06-12 07:02:00,1.2
2025-06-12 06:13:00,58.2
2025-06-12 16:30:00,4.6
2025-06-12 04:54:00,34.3
2025-06-12 04:48:00,38.2
2025-06-12 04:31:00,98.6
2025-06-12 15:12:00,49.63956792297757
2025-06-12 17:45:00,73.9
2025-06-12 08:14:00,15.6
2025-06-12 22:09:00,49.63956792297757
2025-06-12 15:36:00,97.2
2025-06-12 22:23:00,55.2
2025-06-12 09:37:00,28.7
2025-06-12 19:30:00,49.63956792297757
2025-06-12 18:07:00,91.4
2025-06-12 18:58:00,49.63956792297757
2025-06-12 04:00:00,4.7
2025-06-12 02:33:00,16.2
2025-06-12 10:32:00,70.1
2025-06-12 11:14:00,19.5
2025-06-12 23:28:00,87.8
2025-06-12 08:44:00,57.6
2025-06-12 03:56:00,1.6
2025-06-12 09:48:00,69.5
2025-06-12 20:28:00,54.6
2025-06-12 01:04:00,82.9
2025-06-12 20:16:00,30.8
2025-06-12 14:53:00,37.4
2025-06-12 16:07:00,78.6
2025-06-12 01:30:00,77.0
2025-06-12 06:41:00,30.7
2025-06-12 18:55:00,18.2
2025-06-12 18:41:00,8.1
2025-06-12 05:34:00,65.6
2025-06-12 11:11:00,49.63956792297757
2025-06-12 20:44:00,3.7
2025-06-12 01:51:00,49.63956792297757
2025-06-12 05:16:00,69.0
2025-06-12 13:26:00,3.1
2025-06-12 08:43:00,49.63956792297757
2025-06-12 21:05:00,49.63956792297757
2025-06-12 21:47:00,88.0
2025-06-12 19:23:00,5.6
2025-06-12 07:08:00,84.1
2025-06-12 00:12:00,63.7
2025-06-12 07:07:00,93.5
2025-06-12 09:01:00,15.4
2025-06-12 18:17:00,23.6
2025-06-12 03:42:00,56.3
2025-06-12 03:28:00,79.3
2025-06-12 01:59:00,59.0
2025-06-12 05:07:00,60.9
2025-06-12 15:51:00,15.4
2025-06-12 15:49:00,48.2
2025-06-12 13:59:00,31.4
2025-06-12 13:55:00,52.2
2025-06-12 18:33:00,56.8
2025-06-12 03:40:00,49.63956792297757
2025-06-12 12:14:00,3.0
2025-06-12 10:25:00,39.9
2025-06-12 00:23:00,19.8
2025-06-12 23:17:00,10.7
2025-06-12 09:19:00,73.4
2025-06-12 11:49:00,37.6
2025-06-12 12:59:00,49.63956792297757
2025-06-12 23:38:00,57.8
2025-06-12 21:08:00,28.9
2025-06-12 02:59:00,41.3
2025-06-12 03:45:00,64.6
2025-06-12 13:40:00,64.7
2025-06-12 14:37:00,49.8
2025-06-12 12:51:00,88.4
2025-06-12 05:06:00,50.29152382078261
2025-06-12 02:47:00,51.4
2025-06-12 01:20:00,72.9
2025-06-12 16:46:00,82.7
2025-06-12 01:35:00,64.0
2025-06-12 19:38:00,87.2
2025-06-12 15:48:00,20.2
2025-06-12 07:19:00,10.7
2025-06-12 04:11:00,48.2
2025-06-12 19:32:00,66.4
2025-06-12 02:06:00,39.6
2025-06-12 00:33:00,79.9
2025-06-12 02:02:00,55.0
2025-06-12 00:52:00,48.3
2025-06-12 18:01:00,94.8
2025-06-12 18:20:00,77.7
2025-06-12 18:21:00,85.6
2025-06-12 14:34:00,91.0
2025-06-12 11:50:00,5.7
2025-06-12 18:39:00,82.6
2025-06-12 16:56:00,40.7
2025-06-12 03:37:00,10.4
2025-06-12 02:51:00,50.29152382078261
2025-06-12 22:32:00,20.9
2025-06-12 14:19:00,89.8
2025-06-12 11:20:00,80.3
2025-06-12 21:11:00,87.0
2025-06-12 01:51:00,6.7
2025-06-12 20:13:00,8.0
2025-06-12 17:49:00,98.1
2025-06-12 05:40:00,39.4
2025-06-12 13:16:00,73.4
2025-06-12 02:35:00,29.0
2025-06-12 01:49:00,65.9
2025-06-12 14:17:00,50.29152382078261
2025-06-12 00:12:00,59.6
2025-06-12 22:13:00,30.1
2025-06-12 14:48:00,64.7
2025-06-12 18:16:00,34.5
2025-06-12 03:51:00,32.9
2025-06-12 22:52:00,43.6
2025-06-12 19:24:00,46.9
2025-06-12 13:45:00,50.29152382078261
2025-06-12 17:43:00,91.9
2025-06-12 19:12:00,50.29152382078261
2025-06-12 06:11:00,35.1
2025-06-12 15:39:00,67.6
2025-06-12 09:47:00,3.9
2025-06-12 00:19:00,26.0
2025-06-12 13:53:00,65.3
2025-06-12 12:37:00,2.9
2025-06-12 04:21:00,90.0
2025-06-12 15:41:00,99.9
2025-06-12 10:32:00,24.0
2025-06-12 16:07:00,42.3
2025-06-12 23:58:00,15.5
2025-06-12 09:35:00,71.6
2025-06-12 13:46:00,59.7
2025-06-12 21:16:00,64.3
2025-06-12 16:53:00,69.2
2025-06-12 09:55:00,37.8
2025-06-12 20:33:00,22.8
2025-06-12 07:11:00,91.6
2025-06-12 01:43:00,62.1
2025-06-12 10:33:00,96.3
2025-06-12 10:26:00,0.7
2025-06-12 17:12:00,98.9
2025-06-12 15:00:00,91.2
2025-06-12 15:11:00,79.6
2025-06-12 12:07:00,62.6
2025-06-12 20:24:00,86.9
2025-06-12 00:05:00,70.1
2025-06-12 22:07:00,50.29152382078261
2025-06-12 18:27:00,45.1
2025-06-12 09:26:00,50.29152382078261
2025-06-12 11:25:00,26.8
2025-06-12 01:33:00,83.2
2025-06-12 14:30:00,50.29152382078261
2025-06-12 07:27:00,61.6
2025-06-12 14:09:00,50.29152382078261
2025-06-12 06:38:00,50.29152382078261
2025-06-12 04:53:00,15.8
2025-06-12 05:09:00,70.7
2025-06-12 22:15:00,50.29152382078261
2025-06-12 10:20:00,9.0
2025-06-12 17:54:00,7.0
2025-06-12 03:42:00,43.6
2025-06-12 09:45:00,9.8
2025-06-12 15:40:00,66.6
2025-06-12 02:52:00,50.29152382078261
2025-06-12 07:15:00,71.8
2025-06-12 07:50:00,50.29152382078261
2025-06-12 00:06:00,67.8
2025-06-12 02:23:00,31.5
2025-06-12 19:22:00,72.0
2025-06-12 16:27:00,30.0
2025-06-12 19:06:00,51.6
2025-06-12 15:30:00,98.3
2025-06-12 05:07:00,50.29152382078261
2025-06-12 03:41:00,21.7
2025-06-12 09:59:00,30.4
2025-06-12 04:39:00,50.29152382078261
2025-06-12 12:14:00,84.8
2025-06-12 11:26:00,50.29152382078261
2025-06-12 13:08:00,74.7
2025-06-12 07:06:00,52.4
2025-06-12 06:00:00,41.8
2025-06-12 04:10:00,60.6
2025-06-12 03:28:00,30.9
2025-06-12 02:30:00,47.4
2025-06-12 18:09:00,23.2
2025-06-12 13:09:00,61.1
2025-06-12 07:57:00,42.7
2025-06-12 22:16:00,93.4
2025-06-12 00:40:00,14.4
2025-06-12 12:48:00,19.4
2025-06-12 20:02:00,93.7
2025-06-12 17:33:00,78.2
2025-06-12 04:05:00,44.3
2025-06-12 12:25:00,64.6
2025-06-12 00:43:00,50.29152382078261
2025-06-12 21:13:00,27.4
2025-06-12 10:07:00,46.3
2025-06-12 21:07:00,45.4
2025-06-12 14:04:00,91.0
2025-06-12 18:17:00,50.29152382078261
2025-06-12 20:48:00,4.8
2025-06-12 18:19:00,37.9
2025-06-12 00:25:00,59.7
2025-06-12 08:55:00,50.0
2025-06-12 21:32:00,67.5
2025-06-12 09:17:00,50.29152382078261
2025-06-12 05:22:00,62.5
2025-06-12 09:37:00,19.6
2025-06-12 13:01:00,63.1
2025-06-12 21:10:00,10.2
2025-06-12 02:42:00,6.2
2025-06-12 07:18:00,50.29152382078261
2025-06-12 01:36:00,50.29152382078261
2025-06-12 02:11:00,47.3
2025-06-12 22:10:00,50.29152382078261
2025-06-12 19:37:00,52.0
2025-06-12 14:08:00,29.3
2025-06-12 01:47:00,10.3
2025-06-12 23:29:00,1.9
2025-06-12 09:58:00,44.5
2025-06-12 09:09:00,50.29152382078261
2025-06-12 03:46:00,66.6
2025-06-12 23:04:00,65.9
2025-06-12 20:25:00,63.4
2025-06-12 17:31:00,20.8
2025-06-12 17:03:00,47.2
2025-06-12 04:22:00,30.4
2025-06-12 10:39:00,34.8
2025-06-12 17:57:00,13.8
2025-06-12 01:27:00,50.29152382078261
2025-06-12 18:52:00,50.29152382078261
2025-06-12 02:07:00,25.9
2025-06-12 06:30:00,88.4
2025-06-12 01:38:00,99.3
2025-06-12 11:51:00,74.6
2025-06-12 21:36:00,32.3
2025-06-12 21:24:00,23.8
2025-06-12 02:59:00,65.2
2025-06-12 12:39:00,56.5
2025-06-12 10:22:00,3.0
2025-06-12 12:08:00,27.8
2025-06-12 21:27:00,69.6
2025-06-12 11:47:00,50.29152382078261
2025-06-12 00:20:00,50.29152382078261
2025-06-12 12:32:00,38.9
2025-06-12 20:58:00,62.1
2025-06-12 00:56:00,89.8
2025-06-12 03:24:00,50.29152382078261
2025-06-12 02:54:00,62.2
2025-06-12 19:48:00,46.4
2025-06-12 04:34:00,50.29152382078261
2025-06-12 13:17:00,50.29152382078261
2025-06-12 02:04:00,65.7
2025-06-12 14:24:00,62.2
2025-06-12 23:09:00,2.7
2025-06-12 23:26:00,33.0
2025-06-12 19:33:00,67.2
2025-06-12 08:43:00,50.29152382078261
2025-06-12 13:14:00,21.7
2025-06-12 09:15:00,11.0
2025-06-12 12:22:00,52.4
2025-06-12 14:11:00,50.29152382078261
2025-06-12 13:30:00,49.8
2025-06-12 19:57:00,50.29152382078261
2025-06-12 22:42:00,1.5
2025-06-12 03:30:00,36.6
2025-06-12 10:31:00,32.9
2025-06-12 07:10:00,64.8
2025-06-12 13:59:00,48.9
2025-06-12 12:28:00,62.0
2025-06-12 22:26:00,50.29152382078261
2025-06-12 22:55:00,62.3
2025-06-12 05:50:00,25.3
2025-06-12 20:45:00,20.9
2025-06-12 09:20:00,29.9
2025-06-12 11:55:00,88.6
2025-06-12 04:33:00,46.7
2025-06-12 09:57:00,35.1
2025-06-12 23:35:00,21.7
2025-06-12 10:06:00,74.0
2025-06-12 04:47:00,17.8
2025-06-12 10:05:00,76.4
2025-06-12 07:33:00,97.7
2025-06-12 08:14:00,50.29152382078261
2025-06-12 05:27:00,32.1
2025-06-12 22:59:00,50.29152382078261
2025-06-12 12:23:00,2.7
2025-06-12 09:56:00,51.1
2025-06-12 03:20:00,28.3
2025-06-12 03:26:00,11.1
2025-06-12 05:04:00,50.29152382078261
2025-06-12 07:40:00,30.0
2025-06-12 22:33:00,24.9
2025-06-12 04:14:00,50.29152382078261
2025-06-12 15:53:00,8.3
2025-06-12 03:01:00,53.3
2025-06-12 00:55:00,49.1
2025-06-12 03:44:00,65.0
2025-06-12 05:21:00,43.1
2025-06-12 10:14:00,44.6
2025-06-12 01:10:00,66.2
2025-06-12 23:01:00,29.3
2025-06-12 04:56:00,50.29152382078261
2025-06-12 16:37:00,17.4
2025-06-12 03:10:00,8.7
2025-06-12 14:10:00,22.9
2025-06-12 23:59:00,74.8
2025-06-12 19:34:00,97.8
2025-06-12 12:50:00,77.7
2025-06-12 00:09:00,50.29152382078261
2025-06-12 06:52:00,17.8
2025-06-12 09:52:00,7.7
2025-06-12 05:57:00,90.4
2025-06-12 19:23:00,50.29152382078261
2025-06-12 17:22:00,22.3
2025-06-12 22:54:00,81.0
2025-06-12 01:56:00,78.5
2025-06-12 11:00:00,8.5
2025-06-12 17:05:00,17.1
2025-06-12 18:12:00,25.3
2025-06-12 11:49:00,80.4
2025-06-12 01:59:00,67.9
2025-06-12 18:33:00,50.29152382078261
2025-06-12 22:58:00,61.9
2025-06-12 00:54:00,49.0
2025-06-12 17:37:00,33.7
2025-06-12 21:59:00,45.4
2025-06-12 23:47:00,45.9
2025-06-12 15:49:00,52.5
2025-06-12 07:20:00,50.29152382078261
2025-06-12 08:16:00,50.29152382078261
2025-06-12 18:04:00,99.4
2025-06-12 14:55:00,50.29152382078261
2025-06-12 02:37:00,85.8
2025-06-12 18:30:00,35.0
2025-06-12 03:09:00,20.1
2025-06-12 15:34:00,10.2
2025-06-12 02:03:00,72.3
2025-06-12 10:13:00,93.8
2025-06-12 00:02:00,50.29152382078261
2025-06-12 05:08:00,95.8
2025-06-12 11:13:00,63.1
2025-06-12 23:32:00,81.1
2025-06-12 12:41:00,48.0
2025-06-12 17:44:00,92.5
2025-06-12 06:12:00,15.9
2025-06-12 01:21:00,19.2
2025-06-12 15:56:00,52.1
2025-06-12 18:59:00,40.1
2025-06-12 07:16:00,62.5
2025-06-12 20:11:00,53.0
2025-06-12 01:34:00,99.9
2025-06-12 03:13:00,62.0
2025-06-12 12:16:00,60.3
2025-06-12 17:36:00,25.4
2025-06-12 09:10:00,90.2
2025-06-12 05:49:00,63.9
2025-06-12 07:54:00,1.9
2025-06-12 08:03:00,6.1
2025-06-12 20:00:00,50.29152382078261
2025-06-12 19:15:00,97.7
2025-06-12 07:14:00,73.5
2025-06-12 05:10:00,58.9
2025-06-12 14:07:00,19.0
2025-06-12 15:14:00,50.29152382078261
2025-06-12 18:55:00,81.3
2025-06-12 19:51:00,12.2
2025-06-12 06:04:00,50.15830883217688
2025-06-12 18:43:00,92.7
2025-06-12 14:58:00,2.2
2025-06-12 19:42:00,80.5
2025-06-12 12:01:00,45.4
2025-06-12 07:25:00,15.7
2025-06-12 02:08:00,51.5
2025-06-12 17:31:00,3.7
2025-06-12 07:43:00,27.7
2025-06-12 22:12:00,13.3
2025-06-12 06:26:00,97.1
2025-06-12 04:18:00,77.3
2025-06-12 12:13:00,36.1
2025-06-12 21:20:00,38.6
2025-06-12 04:30:00,50.15830883217688
2025-06-12 05:10:00,1.3
2025-06-12 12:22:00,14.3
2025-06-12 01:56:00,41.1
2025-06-12 08:52:00,16.9
2025-06-12 02:58:00,50.15830883217688
2025-06-12 05:36:00,39.3
2025-06-12 00:40:00,42.6
2025-06-12 02:13:00,78.1
2025-06-12 19:02:00,50.15830883217688
2025-06-12 23:22:00,50.15830883217688
2025-06-12 03:16:00,88.0
2025-06-12 14:13:00,13.0
2025-06-12 00:51:00,9.5
2025-06-12 09:50:00,77.8
2025-06-12 21:43:00,93.4
2025-06-12 08:48:00,50.15830883217688
2025-06-12 09:59:00,18.6
2025-06-12 05:32:00,41.0
2025-06-12 14:16:00,97.0
2025-06-12 05:45:00,50.15830883217688
2025-06-12 01:08:00,82.5
2025-06-12 11:18:00,92.6
2025-06-12 18:33:00,97.5
2025-06-12 09:54:00,50.15830883217688
2025-06-12 05:21:00,20.2
2025-06-12 14:33:00,81.9
2025-06-12 18:44:00,99.1
2025-06-12 07:07:00,89.1
2025-06-12 09:57:00,58.8
2025-06-12 23:27:00,50.15830883217688
2025-06-12 12:32:00,32.2
2025-06-12 03:36:00,61.3
2025-06-12 13:12:00,45.5
2025-06-12 06:25:00,50.15830883217688
2025-06-12 20:50:00,38.4
2025-06-12 20:45:00,50.15830883217688
2025-06-12 22:10:00,49.9
2025-06-12 22:16:00,30.9
2025-06-12 09:40:00,86.0
2025-06-12 02:31:00,64.6
2025-06-12 08:00:00,50.15830883217688
2025-06-12 19:12:00,46.1
2025-06-12 18:27:00,50.15830883217688
2025-06-12 08:03:00,80.5
2025-06-12 18:23:00,51.3
2025-06-12 18:15:00,75.9
2025-06-12 05:09:00,3.3
2025-06-12 17:39:00,38.9
2025-06-12 12:24:00,21.4
2025-06-12 03:51:00,50.15830883217688
2025-06-12 00:38:00,50.15830883217688
2025-06-12 07:13:00,14.9
2025-06-12 10:12:00,66.1
2025-06-12 15:33:00,50.3
2025-06-12 07:22:00,47.0
2025-06-12 01:04:00,78.0
2025-06-12 02:07:00,20.1
2025-06-12 06:21:00,45.8
2025-06-12 04:07:00,3.9
2025-06-12 14:53:00,16.8
2025-06-12 23:39:00,74.7
2025-06-12 08:26:00,63.8
2025-06-12 02:42:00,59.2
2025-06-12 06:53:00,54.9
2025-06-12 16:42:00,72.1
2025-06-12 12:17:00,50.15830883217688
2025-06-12 19:01:00,37.4
2025-06-12 06:40:00,62.4
2025-06-12 07:42:00,12.0
2025-06-12 18:07:00,0.6
2025-06-12 16:51:00,90.6
2025-06-12 04:23:00,45.8
2025-06-12 04:04:00,99.9
2025-06-12 22:59:00,97.5
2025-06-12 05:18:00,28.4
2025-06-12 17:12:00,61.7
2025-06-12 18:47:00,89.4
2025-06-12 18:51:00,93.9
2025-06-12 19:18:00,99.0
2025-06-12 05:48:00,71.1
2025-06-12 06:16:00,50.15830883217688
2025-06-12 05:22:00,50.15830883217688
2025-06-12 05:54:00,37.3
2025-06-12 18:10:00,8.6
2025-06-12 12:33:00,6.2
2025-06-12 21:25:00,19.9
2025-06-12 10:57:00,50.15830883217688
2025-06-12 22:20:00,44.5
2025-06-12 12:50:00,33.6
2025-06-12 00:11:00,47.2
2025-06-12 04:45:00,74.4
2025-06-12 13:55:00,4.5
2025-06-12 06:28:00,66.8
2025-06-12 03:10:00,10.3
2025-06-12 23:28:00,75.7
2025-06-12 04:58:00,59.4
2025-06-12 03:41:00,79.7
2025-06-12 21:08:00,58.0
2025-06-12 20:42:00,28.6
2025-06-12 21:04:00,50.15830883217688
2025-06-12 13:35:00,34.0
2025-06-12 04:10:00,55.2
2025-06-12 13:16:00,8.4
2025-06-12 07:20:00,43.1
2025-06-12 18:06:00,66.5
2025-06-12 07:14:00,65.5
2025-06-12 13:47:00,28.7
2025-06-12 03:01:00,51.8
2025-06-12 21:50:00,7.9
2025-06-12 07:28:00,97.7
2025-06-12 07:00:00,15.9
2025-06-12 23:51:00,1.3
2025-06-12 06:45:00,8.0
2025-06-12 11:31:00,61.8
2025-06-12 01:10:00,5.6
2025-06-12 05:42:00,6.1
2025-06-12 16:39:00,48.3
2025-06-12 21:58:00,30.6
2025-06-12 17:36:00,95.8
2025-06-12 09:30:00,36.7
2025-06-12 20:49:00,55.7
2025-06-12 09:32:00,50.15830883217688
2025-06-12 00:28:00,50.15830883217688
2025-06-12 10:29:00,24.6
2025-06-12 16:46:00,67.8
2025-06-12 07:16:00,50.15830883217688
2025-06-12 03:05:00,42.7
2025-06-12 16:08:00,90.8
2025-06-12 02:22:00,24.2
2025-06-12 00:13:00,56.2
2025-06-12 07:56:00,38.5
2025-06-12 22:50:00,85.0
2025-06-12 23:36:00,92.8
2025-06-12 01:35:00,32.3
2025-06-12 09:29:00,84.9
2025-06-12 16:20:00,15.5
2025-06-12 11:39:00,46.7
2025-06-12 23:05:00,81.7
2025-06-12 10:48:00,50.15830883217688
2025-06-12 07:17:00,29.5
2025-06-12 00:21:00,62.4
2025-06-12 17:18:00,79.7
2025-06-12 17:33:00,90.8
2025-06-12 10:14:00,3.2
2025-06-12 17:00:00,8.8
2025-06-12 07:46:00,74.6
2025-06-12 05:15:00,33.4
2025-06-12 15:08:00,60.7
2025-06-12 00:18:00,95.0
2025-06-12 13:11:00,49.3
2025-06-12 19:23:00,50.15830883217688
2025-06-12 17:28:00,44.9
2025-06-12 16:15:00,25.8
2025-06-12 06:55:00,96.6
2025-06-12 00:29:00,59.5
2025-06-12 21:32:00,50.15830883217688
2025-06-12 22:39:00,77.9
2025-06-12 01:32:00,83.5
2025-06-12 15:16:00,97.0
2025-06-12 04:06:00,14.3
2025-06-12 20:56:00,86.7
2025-06-12 14:00:00,84.5
2025-06-12 08:39:00,58.1
2025-06-12 23:49:00,29.2
2025-06-12 07:24:00,92.2
2025-06-12 20:48:00,54.5
2025-06-12 17:05:00,98.8
2025-06-12 19:17:00,12.3
2025-06-12 20:18:00,50.15830883217688
2025-06-12 17:19:00,50.15830883217688
2025-06-12 18:36:00,22.0
2025-06-12 08:49:00,43.4
2025-06-12 18:45:00,48.1
2025-06-12 00:50:00,79.5
2025-06-12 10:23:00,41.1
2025-06-12 14:19:00,71.0
2025-06-12 01:18:00,55.1
2025-06-12 17:35:00,50.15830883217688
2025-06-12 19:56:00,57.2
2025-06-12 22:52:00,92.8
2025-06-12 06:42:00,84.5
2025-06-12 20:28:00,84.2
2025-06-12 04:28:00,25.8
2025-06-12 05:07:00,50.15830883217688
2025-06-12 16:02:00,43.5
2025-06-12 10:32:00,74.3
2025-06-12 12:56:00,9.7
2025-06-12 11:11:00,2.9
2025-06-12 08:15:00,70.0
2025-06-12 06:13:00,50.15830883217688
2025-06-12 09:51:00,78.8
2025-06-12 19:55:00,59.5
2025-06-12 01:46:00,90.1
2025-06-12 01:44:00,46.2
2025-06-12 11:57:00,39.2
2025-06-12 23:29:00,6.6
2025-06-12 20:43:00,39.8
2025-06-12 03:06:00,50.15830883217688
2025-06-12 12:59:00,8.4
2025-06-12 03:20:00,69.2
2025-06-12 12:16:00,50.15830883217688
2025-06-12 05:28:00,86.4
2025-06-12 07:59:00,90.7
2025-06-12 22:28:00,64.9
2025-06-12 21:52:00,66.7
2025-06-12 03:38:00,54.0
2025-06-12 21:10:00,1.3
2025-06-12 00:33:00,43.6
2025-06-12 19:31:00,59.0
2025-06-12 03:46:00,50.15830883217688
2025-06-12 22:47:00,48.5
2025-06-12 17:14:00,83.4
2025-06-12 08:18:00,61.7
2025-06-12 20:35:00,6.5
2025-06-12 06:18:00,80.5
2025-06-12 09:18:00,86.3
2025-06-12 09:05:00,37.2
2025-06-12 21:28:00,39.2
2025-06-12 13:57:00,40.0
2025-06-12 21:18:00,75.4
2025-06-12 14:50:00,98.8
2025-06-12 17:03:00,56.9
2025-06-12 19:33:00,72.5
2025-06-12 01:06:00,37.6
2025-06-12 04:56:00,50.15830883217688
2025-06-12 11:16:00,50.15830883217688
2025-06-12 22:05:00,30.0
2025-06-12 11:33:00,69.3
2025-06-12 03:34:00,32.8
2025-06-12 16:17:00,16.6
2025-06-12 13:31:00,50.15830883217688
2025-06-12 05:44:00,12.8
2025-06-12 08:58:00,28.3
2025-06-12 17:52:00,66.4
2025-06-12 19:35:00,27.1
2025-06-12 04:14:00,97.5
2025-06-12 03:23:00,85.2
2025-06-12 19:03:00,4.7
2025-06-12 06:12:00,50.15830883217688
2025-06-12 07:09:00,81.9
2025-06-12 06:09:00,86.8
2025-06-12 01:30:00,17.4
2025-06-12 15:42:00,50.15830883217688
2025-06-12 12:03:00,59.8
2025-06-12 11:43:00,50.15830883217688
2025-06-12 05:27:00,25.2
2025-06-12 10:03:00,70.5
2025-06-12 13:37:00,85.5
2025-06-12 08:55:00,97.2
2025-06-12 10:09:00,22.4
2025-06-12 19:45:00,8.3
2025-06-12 11:07:00,50.15830883217688
2025-06-12 15:15:00,82.9
2025-06-12 06:44:00,61.0
2025-06-12 15:32:00,75.3
2025-06-12 19:38:00,69.4
2025-06-12 03:17:00,42.9
2025-06-12 00:44:00,45.2
2025-06-12 13:54:00,50.15830883217688
2025-06-12 01:07:00,92.1
2025-06-12 09:04:00,83.2
2025-06-12 03:12:00,89.1
2025-06-12 06:05:00,40.7
2025-06-12 19:19:00,68.8
2025-06-12 05:57:00,92.9
2025-06-12 06:46:00,50.15830883217688
2025-06-12 08:10:00,94.9
2025-06-12 08:36:00,81.2
2025-06-12 21:41:00,42.3
2025-06-12 23:53:00,46.9
2025-06-12 09:27:00,16.9
2025-06-12 19:13:00,52.2
2025-06-12 05:59:00,85.0
2025-06-12 07:21:00,29.6
2025-06-12 09:11:00,15.9
2025-06-12 20:36:00,12.8
2025-06-12 06:19:00,76.9
2025-06-12 00:42:00,63.4
2025-06-12 03:22:00,98.4
2025-06-12 14:02:00,32.1
2025-06-12 10:06:00,3.4
2025-06-12 18:39:00,51.2
2025-06-12 13:06:00,36.5
2025-06-12 21:22:00,61.6
2025-06-12 02:30:00,31.5
2025-06-12 10:44:00,68.5
2025-06-12 02:12:00,4.6
2025-06-12 13:43:00,50.5
2025-06-12 03:18:00,50.8
2025-06-12 08:57:00,75.9
2025-06-12 07:11:00,19.9
2025-06-12 22:45:00,20.9
2025-06-12 14:51:00,83.4
2025-06-12 13:17:00,50.05645730416373
2025-06-12 18:18:00,47.7
2025-06-12 10:43:00,52.3
2025-06-12 01:47:00,36.0
2025-06-12 10:14:00,62.1
2025-06-12 09:55:00,50.05645730416373
2025-06-12 07:00:00,40.3
2025-06-12 14:13:00,1.5
2025-06-12 11:30:00,25.3
2025-06-12 08:54:00,80.8
2025-06-12 17:34:00,80.2
2025-06-12 22:40:00,64.2
2025-06-12 06:13:00,88.4
2025-06-12 03:56:00,41.7
2025-06-12 02:16:00,17.3
2025-06-12 04:16:00,47.6
2025-06-12 21:14:00,7.9
2025-06-12 07:05:00,50.05645730416373
2025-06-12 01:50:00,41.1
2025-06-12 23:32:00,9.2
2025-06-12 11:52:00,28.0
2025-06-12 23:50:00,47.1
2025-06-12 15:22:00,3.9
2025-06-12 16:00:00,87.0
2025-06-12 00:44:00,73.7
2025-06-12 16:10:00,72.3
2025-06-12 14:14:00,5.2
2025-06-12 19:45:00,55.2
2025-06-12 02:54:00,50.05645730416373
2025-06-12 22:42:00,81.9
2025-06-12 12:02:00,50.05645730416373
2025-06-12 18:55:00,50.05645730416373
2025-06-12 18:44:00,50.9
2025-06-12 02:50:00,25.6
2025-06-12 10:27:00,50.05645730416373
2025-06-12 10:45:00,58.5
2025-06-12 15:17:00,36.6
2025-06-12 08:28:00,17.8
2025-06-12 11:45:00,45.4
2025-06-12 03:12:00,42.9
2025-06-12 23:58:00,50.05645730416373
2025-06-12 22:56:00,64.3
2025-06-12 22:08:00,31.8
2025-06-12 20:29:00,50.05645730416373
2025-06-12 06:22:00,85.3
2025-06-12 00:47:00,37.4
2025-06-12 00:35:00,79.9
2025-06-12 14:30:00,47.9
2025-06-12 21:49:00,69.3
2025-06-12 20:49:00,50.05645730416373
2025-06-12 14:47:00,68.6
2025-06-12 23:07:00,17.7
2025-06-12 06:52:00,59.1
2025-06-12 19:24:00,75.8
2025-06-12 02:09:00,68.1
2025-06-12 12:27:00,58.4
2025-06-12 20:22:00,50.05645730416373
2025-06-12 06:17:00,50.05645730416373
2025-06-12 20:32:00,56.9
2025-06-12 17:01:00,85.7
2025-06-12 04:06:00,19.9
2025-06-12 12:23:00,41.1
2025-06-12 06:39:00,57.0
2025-06-12 03:51:00,44.6
2025-06-12 13:08:00,73.1
2025-06-12 04:37:00,90.5
2025-06-12 04:25:00,30.6
2025-06-12 11:03:00,26.9
2025-06-12 03:21:00,76.1
2025-06-12 22:24:00,69.7
2025-06-12 03:09:00,83.9
2025-06-12 22:20:00,30.9
2025-06-12 12:04:00,22.5
2025-06-12 22:15:00,28.7
2025-06-12 23:30:00,80.1
2025-06-12 22:01:00,93.3
2025-06-12 21:06:00,50.05645730416373
2025-06-12 01:33:00,17.5
2025-06-12 04:48:00,47.1
2025-06-12 19:34:00,99.7
2025-06-12 18:17:00,39.3
2025-06-12 11:25:00,24.8
2025-06-12 14:42:00,97.3
2025-06-12 03:11:00,39.1
2025-06-12 16:29:00,50.05645730416373
2025-06-12 06:33:00,50.05645730416373
2025-06-12 22:09:00,50.05645730416373
2025-06-12 18:16:00,94.8
2025-06-12 03:16:00,60.1
2025-06-12 16:36:00,31.6
2025-06-12 18:32:00,95.5
2025-06-12 17:30:00,60.3
2025-06-12 22:29:00,64.7
2025-06-12 09:17:00,25.1
2025-06-12 11:59:00,50.05645730416373
2025-06-12 10:26:00,26.4
2025-06-12 16:40:00,76.3
2025-06-12 09:07:00,80.2
2025-06-12 12:06:00,19.2
2025-06-12 18:47:00,22.2
2025-06-12 11:11:00,43.6
2025-06-12 04:07:00,73.9
2025-06-12 17:40:00,95.8
2025-06-12 08:37:00,93.6
2025-06-12 01:11:00,43.6
2025-06-12 21:34:00,60.1
2025-06-12 16:20:00,23.2
2025-06-12 12:52:00,5.3
2025-06-12 17:38:00,12.7
2025-06-12 14:44:00,49.5
2025-06-12 13:14:00,50.05645730416373
2025-06-12 08:16:00,86.4
2025-06-12 13:28:00,20.4
2025-06-12 05:41:00,13.8
2025-06-12 08:17:00,51.2
2025-06-12 03:20:00,72.6
2025-06-12 14:57:00,50.05645730416373
2025-06-12 05:37:00,37.0
2025-06-12 15:53:00,64.5
2025-06-12 11:01:00,2.8
2025-06-12 07:10:00,47.0
2025-06-12 11:43:00,93.3
2025-06-12 20:31:00,91.6
2025-06-12 09:56:00,13.4
2025-06-12 05:58:00,95.3
2025-06-12 14:20:00,50.05645730416373
2025-06-12 01:38:00,6.6
2025-06-12 05:17:00,56.3
2025-06-12 02:44:00,92.7
2025-06-12 08:43:00,49.2
2025-06-12 19:17:00,55.5
2025-06-12 23:23:00,97.4
2025-06-12 13:35:00,11.6
2025-06-12 23:13:00,87.8
2025-06-12 16:39:00,15.8
2025-06-12 02:34:00,61.3
2025-06-12 07:25:00,51.6
2025-06-12 12:49:00,21.9
2025-06-12 08:21:00,29.2
2025-06-12 18:58:00,11.3
2025-06-12 07:38:00,47.9
2025-06-12 15:39:00,9.5
2025-06-12 07:45:00,7.9
2025-06-12 03:01:00,16.4
2025-06-12 18:00:00,59.3
2025-06-12 14:03:00,16.5
2025-06-12 12:39:00,28.2
2025-06-12 01:13:00,50.05645730416373
2025-06-12 04:33:00,50.05645730416373
2025-06-12 04:13:00,89.7
2025-06-12 06:29:00,32.8
2025-06-12 14:23:00,20.3
2025-06-12 02:31:00,50.05645730416373
2025-06-12 07:04:00,68.8
2025-06-12 06:35:00,33.6
2025-06-12 16:19:00,85.4
2025-06-12 08:30:00,50.05645730416373
2025-06-12 10:00:00,77.8
2025-06-12 04:40:00,50.05645730416373
2025-06-12 21:05:00,15.9
2025-06-12 15:59:00,92.1
2025-06-12 01:42:00,87.2
2025-06-12 01:56:00,60.1
2025-06-12 20:13:00,31.1
2025-06-12 13:21:00,63.3
2025-06-12 21:33:00,5.1
2025-06-12 00:07:00,38.8
2025-06-12 19:42:00,50.05645730416373
2025-06-12 01:21:00,31.6
2025-06-12 08:42:00,28.7
2025-06-12 18:43:00,35.9
2025-06-12 09:48:00,49.7
2025-06-12 19:00:00,43.5
2025-06-12 15:18:00,50.05645730416373
2025-06-12 07:54:00,50.05645730416373
2025-06-12 19:23:00,35.4
2025-06-12 11:26:00,12.4
2025-06-12 03:14:00,21.6
2025-06-12 05:16:00,71.8
2025-06-12 21:47:00,74.7
2025-06-12 14:08:00,50.05645730416373
2025-06-12 22:50:00,38.4
2025-06-12 22:07:00,80.3
2025-06-12 18:41:00,1.9
2025-06-12 15:51:00,50.05645730416373
2025-06-12 15:52:00,69.5
2025-06-12 19:26:00,50.05645730416373
2025-06-12 08:22:00,68.0
2025-06-12 16:41:00,50.05645730416373
2025-06-12 00:52:00,2.8
2025-06-12 00:22:00,50.05645730416373
2025-06-12 09:16:00,83.5
2025-06-12 04:11:00,97.0
2025-06-12 09:35:00,27.4
2025-06-12 01:15:00,35.3
2025-06-12 09:37:00,71.5
2025-06-12 00:10:00,76.5
2025-06-12 06:58:00,90.1
2025-06-12 11:41:00,58.3
2025-06-12 20:53:00,0.7
2025-06-12 05:19:00,18.9
2025-06-12 16:54:00,50.05645730416373
2025-06-12 11:37:00,27.3
2025-06-12 14:28:00,50.05645730416373
2025-06-12 21:19:00,67.6
2025-06-12 19:21:00,46.6
2025-06-12 06:28:00,37.3
2025-06-12 01:48:00,67.8
2025-06-12 03:50:00,50.05645730416373
2025-06-12 21:04:00,98.1
2025-06-12 18:56:00,73.2
2025-06-12 21:43:00,58.7
2025-06-12 18:21:00,32.7
2025-06-12 13:15:00,61.5
2025-06-12 23:41:00,21.4
2025-06-12 05:51:00,16.5
2025-06-12 06:20:00,87.4
2025-06-12 13:05:00,56.6
2025-06-12 00:23:00,27.6
2025-06-12 18:39:00,56.5
2025-06-12 18:28:00,91.5
2025-06-12 02:57:00,50.05645730416373
2025-06-12 07:16:00,86.9
2025-06-12 00:14:00,4.7
2025-06-12 21:22:00,48.2
2025-06-12 04:08:00,18.3
2025-06-12 18:11:00,8.6
2025-06-12 10:38:00,1.2
2025-06-12 03:54:00,12.2
2025-06-12 00:01:00,89.9
2025-06-12 16:08:00,50.05645730416373
2025-06-12 10:11:00,39.3
2025-06-12 22:21:00,64.9
2025-06-12 23:57:00,7.1
2025-06-12 17:27:00,15.5
2025-06-12 16:52:00,75.6
2025-06-12 05:04:00,77.5
2025-06-12 01:23:00,63.1
2025-06-12 03:15:00,0.9
2025-06-12 03:52:00,50.05645730416373
2025-06-12 15:45:00,9.9
2025-06-12 23:29:00,50.05645730416373
2025-06-12 02:10:00,92.8
2025-06-12 23:53:00,58.2
2025-06-12 02:33:00,38.7
2025-06-12 03:57:00,50.05645730416373
2025-06-12 01:03:00,28.1
2025-06-12 20:25:00,72.1
2025-06-12 00:02:00,61.0
2025-06-12 19:15:00,24.9
2025-06-12 15:25:00,43.3
2025-06-12 07:07:00,73.3
2025-06-12 06:54:00,62.9
2025-06-12 16:18:00,60.1
2025-06-12 02:00:00,9.8
2025-06-12 23:02:00,50.05645730416373
2025-06-12 12:09:00,77.7
2025-06-12 19:58:00,28.4
2025-06-12 06:37:00,64.6
2025-06-12 15:44:00,40.8
2025-06-12 13:53:00,14.8
2025-06-12 11:07:00,28.6
2025-06-12 09:25:00,64.2
2025-06-12 15:35:00,31.3
2025-06-12 09:38:00,56.2
2025-06-12 00:36:00,3.7
2025-06-12 21:23:00,50.05645730416373
2025-06-12 23:42:00,67.8
2025-06-12 15:19:00,26.2
2025-06-12 03:04:00,37.7
2025-06-12 23:11:00,28.0
2025-06-12 20:58:00,66.4
2025-06-12 01:17:00,70.7
2025-06-12 06:19:00,59.1
2025-06-12 11:19:00,3.8
2025-06-12 05:57:00,7.9
2025-06-12 11:18:00,67.6
2025-06-12 18:03:00,34.8
2025-06-12 06:08:00,23.2
2025-06-12 11:02:00,50.05645730416373
2025-06-12 15:03:00,50.05645730416373
2025-06-12 17:08:00,50.05645730416373
2025-06-12 05:49:00,36.4
2025-06-12 02:58:00,64.5
2025-06-12 12:45:00,8.0
2025-06-12 11:05:00,21.4
2025-06-12 03:36:00,98.7
2025-06-12 21:25:00,55.2
2025-06-12 20:38:00,96.6
2025-06-12 14:18:00,24.1
2025-06-12 02:36:00,50.05645730416373
2025-06-12 19:36:00,68.1
2025-06-12 00:38:00,27.5
2025-06-12 22:28:00,99.1
2025-06-12 15:58:00,11.3
2025-06-12 15:50:00,85.0
2025-06-12 12:35:00,14.6
2025-06-12 13:09:00,87.8
2025-06-12 08:13:00,15.2
2025-06-12 01:51:00,43.3
2025-06-12 10:47:00,20.5
2025-06-12 16:04:00,10.8
2025-06-12 23:39:00,69.0
2025-06-12 05:39:00,40.8
2025-06-12 05:08:00,29.4
2025-06-12 08:27:00,38.3
2025-06-12 21:44:00,1.1
2025-06-12 10:24:00,20.3
2025-06-12 17:41:00,71.1
2025-06-12 14:58:00,49.90502819548872
2025-06-12 12:45:00,95.3
2025-06-12 01:00:00,84.1
2025-06-12 12:12:00,42.1
2025-06-12 12:34:00,49.90502819548872
2025-06-12 20:12:00,5.9
2025-06-12 08:58:00,98.1
2025-06-12 07:12:00,44.1
2025-06-12 13:03:00,5.7
2025-06-12 15:14:00,83.2
2025-06-12 15:48:00,26.8
2025-06-12 04:23:00,19.6
2025-06-12 18:24:00,72.0
2025-06-12 22:15:00,61.1
2025-06-12 01:28:00,28.3
2025-06-12 01:44:00,52.4
2025-06-12 07:32:00,49.90502819548872
2025-06-12 19:17:00,54.5
2025-06-12 10:51:00,49.0
2025-06-12 01:03:00,94.7
2025-06-12 22:46:00,5.8
2025-06-12 09:21:00,57.3
2025-06-12 22:39:00,49.90502819548872
2025-06-12 20:49:00,49.90502819548872
2025-06-12 14:40:00,68.5
2025-06-12 13:42:00,59.4
2025-06-12 02:08:00,62.5
2025-06-12 20:22:00,90.5
2025-06-12 03:35:00,49.90502819548872
2025-06-12 22:11:00,42.9
2025-06-12 03:50:00,11.8
2025-06-12 01:34:00,49.90502819548872
2025-06-12 16:35:00,27.7
2025-06-12 10:12:00,1.3
2025-06-12 01:05:00,14.2
2025-06-12 11:20:00,24.9
2025-06-12 08:32:00,53.2
2025-06-12 19:23:00,50.0
2025-06-12 09:29:00,42.7
2025-06-12 15:42:00,5.4
2025-06-12 09:34:00,76.8
2025-06-12 22:42:00,61.5
2025-06-12 14:06:00,11.8
2025-06-12 23:34:00,9.1
2025-06-12 10:14:00,49.90502819548872
2025-06-12 20:55:00,46.5
2025-06-12 10:42:00,4.5
2025-06-12 13:53:00,61.0
2025-06-12 23:11:00,84.9
2025-06-12 12:33:00,73.8
2025-06-12 09:47:00,33.7
2025-06-12 09:12:00,57.8
2025-06-12 06:18:00,49.90502819548872
2025-06-12 06:19:00,3.5
2025-06-12 17:23:00,49.90502819548872
2025-06-12 16:01:00,1.6
2025-06-12 07:03:00,27.1
2025-06-12 16:02:00,49.90502819548872
2025-06-12 16:40:00,85.6
2025-06-12 00:02:00,80.8
2025-06-12 07:08:00,58.9
2025-06-12 00:44:00,75.4
2025-06-12 05:55:00,47.0
2025-06-12 16:36:00,44.6
2025-06-12 04:49:00,8.4
2025-06-12 16:57:00,60.3
2025-06-12 14:24:00,23.3
2025-06-12 01:46:00,79.6
2025-06-12 09:08:00,63.1
2025-06-12 08:12:00,78.5
2025-06-12 12:20:00,46.3
2025-06-12 09:55:00,49.90502819548872
2025-06-12 21:01:00,52.9
2025-06-12 00:57:00,39.7
2025-06-12 19:50:00,70.0
2025-06-12 03:20:00,3.4
2025-06-12 15:07:00,49.90502819548872
2025-06-12 16:56:00,60.5
2025-06-12 04:25:00,49.90502819548872
2025-06-12 02:06:00,64.5
2025-06-12 03:38:00,49.90502819548872
2025-06-12 14:07:00,49.90502819548872
2025-06-12 19:48:00,5.0
2025-06-12 20:25:00,86.4
2025-06-12 04:50:00,34.5
2025-06-12 15:54:00,3.5
2025-06-12 19:42:00,89.7
2025-06-12 23:16:00,49.90502819548872
2025-06-12 14:37:00,3.3
2025-06-12 23:47:00,92.9
2025-06-12 05:43:00,19.6
2025-06-12 02:38:00,4.6
2025-06-12 20:26:00,68.1
2025-06-12 21:22:00,76.8
2025-06-12 08:27:00,80.0
2025-06-12 19:15:00,23.4
2025-06-12 11:53:00,51.7
2025-06-12 07:25:00,72.5
2025-06-12 17:34:00,39.0
2025-06-12 19:26:00,28.9
2025-06-12 03:22:00,80.8
2025-06-12 17:56:00,51.3
2025-06-12 11:03:00,49.90502819548872
2025-06-12 07:13:00,15.1
2025-06-12 01:33:00,89.1
2025-06-12 19:45:00,23.0
2025-06-12 20:51:00,17.6
2025-06-12 22:24:00,53.9
2025-06-12 14:18:00,89.2
2025-06-12 19:22:00,94.1
2025-06-12 06:26:00,49.90502819548872
2025-06-12 19:08:00,67.7
2025-06-12 18:41:00,94.7
2025-06-12 22:36:00,11.6
2025-06-12 05:40:00,29.1
2025-06-12 10:21:00,66.4
2025-06-12 11:59:00,59.1
2025-06-12 09:23:00,76.8
2025-06-12 19:24:00,92.2
2025-06-12 22:38:00,49.90502819548872
2025-06-12 15:09:00,29.7
2025-06-12 18:23:00,41.9
2025-06-12 18:59:00,49.90502819548872
2025-06-12 02:40:00,24.7
2025-06-12 19:31:00,9.3
2025-06-12 03:15:00,94.4
2025-06-12 12:02:00,70.4
2025-06-12 06:06:00,19.9
2025-06-12 06:36:00,86.0
2025-06-12 18:05:00,8.0
2025-06-12 10:05:00,49.90502819548872
2025-06-12 19:09:00,59.6
2025-06-12 16:05:00,97.6
2025-06-12 20:53:00,98.9
2025-06-12 09:39:00,49.90502819548872
2025-06-12 00:35:00,86.2
2025-06-12 05:13:00,54.4
2025-06-12 03:27:00,73.6
2025-06-12 17:07:00,84.0
2025-06-12 21:57:00,96.1
2025-06-12 10:55:00,89.4
2025-06-12 08:56:00,99.1
2025-06-12 18:46:00,47.0
2025-06-12 05:10:00,42.3
2025-06-12 06:01:00,14.4
2025-06-12 02:43:00,21.8
2025-06-12 22:13:00,29.3
2025-06-12 19:59:00,49.90502819548872
2025-06-12 22:43:00,92.5
2025-06-12 17:26:00,49.90502819548872
2025-06-12 19:13:00,32.2
2025-06-12 17:05:00,85.0
2025-06-12 10:20:00,4.0
2025-06-12 15:27:00,14.3
2025-06-12 08:43:00,36.1
2025-06-12 06:42:00,13.9
2025-06-12 09:44:00,31.6
2025-06-12 05:35:00,50.1
2025-06-12 21:04:00,11.3
2025-06-12 15:33:00,49.90502819548872
2025-06-12 09:46:00,49.90502819548872
2025-06-12 06:38:00,68.9
2025-06-12 02:10:00,29.8
2025-06-12 01:14:00,33.0
2025-06-12 03:02:00,24.5
2025-06-12 05:17:00,49.90502819548872
2025-06-12 05:23:00,49.90502819548872
2025-06-12 00:52:00,87.9
2025-06-12 08:17:00,83.2
2025-06-12 17:38:00,88.8
2025-06-12 00:22:00,90.2
2025-06-12 19:38:00,3.8
2025-06-12 06:12:00,88.0
2025-06-12 21:02:00,49.90502819548872
2025-06-12 23:18:00,61.2
2025-06-12 12:53:00,76.6
2025-06-12 20:38:00,63.0
2025-06-12 20:08:00,33.5
2025-06-12 13:20:00,0.2
2025-06-12 11:21:00,6.7
2025-06-12 11:48:00,16.2
2025-06-12 03:54:00,53.7
2025-06-12 01:18:00,13.2
2025-06-12 06:09:00,30.3
2025-06-12 15:55:00,19.5
2025-06-12 02:00:00,58.7
2025-06-12 16:54:00,60.3
2025-06-12 05:47:00,37.7
2025-06-12 01:11:00,80.8
2025-06-12 12:59:00,52.2
2025-06-12 10:23:00,32.6
2025-06-12 21:45:00,8.5
2025-06-12 10:11:00,49.90502819548872
2025-06-12 19:53:00,62.2
2025-06-12 05:01:00,41.8
2025-06-12 17:03:00,52.2
2025-06-12 19:30:00,29.7
2025-06-12 20:14:00,84.5
2025-06-12 20:50:00,48.0
2025-06-12 18:20:00,49.6
2025-06-12 21:56:00,39.3
2025-06-12 11:45:00,54.0
2025-06-12 13:05:00,15.3
2025-06-12 00:54:00,41.9
2025-06-12 20:01:00,96.3
2025-06-12 13:55:00,41.0
2025-06-12 23:57:00,70.0
2025-06-12 05:07:00,30.4
2025-06-12 22:50:00,88.9
2025-06-12 15:03:00,76.1
2025-06-12 20:16:00,70.5
2025-06-12 02:19:00,1.1
2025-06-12 08:04:00,35.3
2025-06-12 10:10:00,76.7
2025-06-12 11:30:00,76.4
2025-06-12 18:01:00,35.7
2025-06-12 15:18:00,25.3
2025-06-12 02:53:00,32.0
2025-06-12 06:02:00,55.0
2025-06-12 08:30:00,12.0
2025-06-12 15:17:00,8.4
2025-06-12 13:39:00,90.4
2025-06-12 16:28:00,83.9
2025-06-12 22:06:00,43.5
2025-06-12 22:00:00,49.90502819548872
2025-06-12 18:18:00,28.0
2025-06-12 07:07:00,49.90502819548872
2025-06-12 05:08:00,14.6
2025-06-12 23:26:00,11.5
2025-06-12 13:06:00,49.90502819548872
2025-06-12 03:29:00,29.2
2025-06-12 20:34:00,14.8
2025-06-12 22:44:00,75.1
2025-06-12 02:09:00,7.9
2025-06-12 01:15:00,49.90502819548872
2025-06-12 05:21:00,75.3
2025-06-12 17:54:00,45.7
2025-06-12 20:39:00,81.0
2025-06-12 06:31:00,49.90502819548872
2025-06-12 02:17:00,64.6
2025-06-12 17:14:00,32.9
2025-06-12 21:36:00,49.90502819548872
2025-06-12 12:52:00,57.0
2025-06-12 02:24:00,9.7
2025-06-12 21:49:00,49.90502819548872
2025-06-12 02:32:00,44.1
2025-06-12 00:27:00,47.6
2025-06-12 10:53:00,68.1
2025-06-12 19:57:00,40.3
2025-06-12 11:02:00,68.4
2025-06-12 23:58:00,87.2
2025-06-12 01:24:00,97.7
2025-06-12 22:54:00,56.3
2025-06-12 13:57:00,0.2
2025-06-12 15:34:00,19.2
2025-06-12 11:58:00,82.2
2025-06-12 09:24:00,57.9
2025-06-12 20:18:00,5.3
2025-06-12 10:43:00,35.4
2025-06-12 16:12:00,69.0
2025-06-12 21:25:00,44.3
2025-06-12 19:10:00,63.8
2025-06-12 22:58:00,34.0
2025-06-12 23:10:00,78.5
2025-06-12 16:32:00,71.4
2025-06-12 13:56:00,16.0
2025-06-12 20:06:00,19.3
2025-06-12 23:28:00,14.6
2025-06-12 11:17:00,49.90502819548872
2025-06-12 23:45:00,59.9
2025-06-12 03:00:00,51.9
2025-06-12 11:55:00,49.90502819548872
2025-06-12 08:33:00,7.2
2025-06-12 09:02:00,49.90502819548872
2025-06-12 09:26:00,3.9
2025-06-12 01:27:00,86.2
2025-06-12 00:43:00,35.6
2025-06-12 19:11:00,91.5
2025-06-12 03:44:00,52.7
2025-06-12 14:43:00,76.5
2025-06-12 01:04:00,49.90502819548872
2025-06-12 20:14:00,65.6
2025-06-12 14:43:00,80.8
2025-06-12 21:44:00,50.475078938135894
2025-06-12 02:21:00,40.3
2025-06-12 19:06:00,99.2
2025-06-12 16:14:00,85.5
2025-06-12 15:40:00,62.3
2025-06-12 22:29:00,66.5
2025-06-12 15:26:00,6.3
2025-06-12 12:54:00,76.2
2025-06-12 11:24:00,66.9
2025-06-12 19:12:00,85.2
2025-06-12 03:03:00,38.7
2025-06-12 16:23:00,32.4
2025-06-12 06:12:00,13.2
2025-06-12 06:57:00,73.6
2025-06-12 15:06:00,94.2
2025-06-12 17:38:00,50.475078938135894
2025-06-12 16:16:00,32.4
2025-06-12 01:52:00,73.6
2025-06-12 06:02:00,20.2
2025-06-12 02:10:00,50.475078938135894
2025-06-12 12:52:00,67.8
2025-06-12 18:41:00,64.1
2025-06-12 05:46:00,50.475078938135894
2025-06-12 01:08:00,65.7
2025-06-12 04:32:00,94.7
2025-06-12 01:04:00,84.4
2025-06-12 00:30:00,96.6
2025-06-12 18:27:00,50.475078938135894
2025-06-12 08:06:00,91.1
2025-06-12 13:13:00,1.1
2025-06-12 11:55:00,76.1
2025-06-12 20:01:00,50.475078938135894
2025-06-12 16:03:00,50.475078938135894
2025-06-12 18:51:00,0.7
2025-06-12 15:58:00,32.9
2025-06-12 21:56:00,55.9
2025-06-12 00:03:00,98.7
2025-06-12 06:06:00,98.0
2025-06-12 00:28:00,90.3
2025-06-12 19:31:00,50.2
2025-06-12 12:46:00,89.9
2025-06-12 19:04:00,50.475078938135894
2025-06-12 04:12:00,50.475078938135894
2025-06-12 06:42:00,61.2
2025-06-12 04:04:00,50.2
2025-06-12 16:52:00,16.3
2025-06-12 19:07:00,71.2
2025-06-12 07:44:00,18.1
2025-06-12 18:24:00,31.2
2025-06-12 09:22:00,87.5
2025-06-12 10:50:00,65.0
2025-06-12 22:41:00,39.3
2025-06-12 01:29:00,9.2
2025-06-12 22:09:00,50.475078938135894
2025-06-12 10:12:00,50.475078938135894
2025-06-12 13:04:00,89.0
2025-06-12 15:23:00,19.9
2025-06-12 22:33:00,98.7
2025-06-12 14:49:00,50.475078938135894
2025-06-12 07:19:00,45.7
2025-06-12 04:59:00,60.1
2025-06-12 13:06:00,69.1
2025-06-12 07:52:00,91.7
2025-06-12 22:16:00,22.0
2025-06-12 18:59:00,53.6
2025-06-12 18:55:00,23.7
2025-06-12 06:17:00,44.2
2025-06-12 05:39:00,12.7
2025-06-12 18:10:00,50.475078938135894
2025-06-12 19:28:00,99.5
2025-06-12 14:00:00,84.5
2025-06-12 00:43:00,67.4
2025-06-12 02:35:00,69.5
2025-06-12 20:18:00,19.9
2025-06-12 23:39:00,99.7
2025-06-12 05:38:00,43.4
2025-06-12 17:06:00,81.7
2025-06-12 13:55:00,89.7
2025-06-12 12:32:00,48.1
2025-06-12 20:07:00,50.475078938135894
2025-06-12 06:56:00,7.9
2025-06-12 20:36:00,29.0
2025-06-12 02:44:00,63.2
2025-06-12 11:07:00,50.475078938135894
2025-06-12 12:51:00,53.0
2025-06-12 14:03:00,75.0
2025-06-12 22:38:00,54.2
2025-06-12 10:57:00,19.1
2025-06-12 12:36:00,61.6
2025-06-12 00:42:00,50.475078938135894
2025-06-12 20:51:00,58.1
2025-06-12 04:50:00,5.2
2025-06-12 14:16:00,50.475078938135894
2025-06-12 00:34:00,35.8
2025-06-12 02:42:00,27.4
2025-06-12 05:40:00,84.3
2025-06-12 07:30:00,54.6
2025-06-12 23:45:00,95.1
2025-06-12 04:23:00,45.2
2025-06-12 01:43:00,25.7
2025-06-12 01:15:00,50.475078938135894
2025-06-12 10:51:00,39.5
2025-06-12 15:57:00,74.8
2025-06-12 23:30:00,16.5
2025-06-12 14:18:00,30.5
2025-06-12 06:10:00,64.6
2025-06-12 17:10:00,6.2
2025-06-12 16:10:00,37.6
2025-06-12 01:53:00,8.7
2025-06-12 23:43:00,50.475078938135894
2025-06-12 20:30:00,8.8
2025-06-12 06:31:00,38.0
2025-06-12 19:41:00,50.475078938135894
2025-06-12 16:46:00,65.6
2025-06-12 20:37:00,15.1
2025-06-12 14:39:00,38.0
2025-06-12 23:24:00,42.8
2025-06-12 07:34:00,20.3
2025-06-12 02:56:00,45.3
2025-06-12 15:19:00,83.6
2025-06-12 06:55:00,50.475078938135894
2025-06-12 21:12:00,74.9
2025-06-12 21:17:00,12.5
2025-06-12 09:14:00,91.1
2025-06-12 03:24:00,32.9
2025-06-12 05:06:00,53.8
2025-06-12 17:43:00,69.9
2025-06-12 05:47:00,10.6
2025-06-12 14:58:00,36.0
2025-06-12 12:59:00,18.9
2025-06-12 08:02:00,49.4
2025-06-12 13:15:00,50.475078938135894
2025-06-12 09:56:00,50.475078938135894
2025-06-12 09:13:00,36.8
2025-06-12 04:20:00,50.475078938135894
2025-06-12 09:36:00,3.1
2025-06-12 08:58:00,61.2
2025-06-12 13:56:00,48.1
2025-06-12 22:02:00,24.5
2025-06-12 20:00:00,97.3
2025-06-12 17:08:00,18.0
2025-06-12 02:40:00,72.1
2025-06-12 01:01:00,59.3
2025-06-12 13:47:00,58.5
2025-06-12 00:02:00,50.475078938135894
2025-06-12 01:07:00,75.3
2025-06-12 15:49:00,13.9
2025-06-12 21:37:00,33.0
2025-06-12 20:40:00,98.6
2025-06-12 13:23:00,34.2
2025-06-12 09:48:00,12.3
2025-06-12 17:55:00,63.1
2025-06-12 10:55:00,26.4
2025-06-12 07:08:00,79.3
2025-06-12 03:27:00,72.0
2025-06-12 16:13:00,50.475078938135894
2025-06-12 12:50:00,20.8
2025-06-12 21:21:00,50.475078938135894
2025-06-12 09:27:00,42.3
2025-06-12 01:00:00,93.1
2025-06-12 05:13:00,40.5
2025-06-12 19:02:00,60.8
2025-06-12 11:58:00,50.475078938135894
2025-06-12 05:32:00,75.4
2025-06-12 10:30:00,47.4
2025-06-12 08:54:00,20.1
2025-06-12 15:13:00,76.9
2025-06-12 23:05:00,10.7
2025-06-12 06:45:00,17.1
2025-06-12 19:26:00,21.4
2025-06-12 09:06:00,50.475078938135894
2025-06-12 07:27:00,50.475078938135894
2025-06-12 01:36:00,50.475078938135894
2025-06-12 21:58:00,58.8
2025-06-12 03:20:00,93.5
2025-06-12 17:31:00,97.1
2025-06-12 03:29:00,68.7
2025-06-12 01:09:00,67.5
2025-06-12 09:34:00,93.2
2025-06-12 11:34:00,80.3
2025-06-12 04:15:00,7.5
2025-06-12 19:00:00,79.8
2025-06-12 10:40:00,50.475078938135894
2025-06-12 16:19:00,0.5
2025-06-12 01:28:00,9.4
2025-06-12 06:41:00,21.6
2025-06-12 09:08:00,31.9
2025-06-12 17:01:00,0.9
2025-06-12 07:31:00,55.6
2025-06-12 21:01:00,15.5
2025-06-12 10:21:00,88.8
2025-06-12 05:59:00,29.6
2025-06-12 03:41:00,14.1
2025-06-12 18:52:00,76.1
2025-06-12 13:57:00,19.0
2025-06-12 15:22:00,95.8
2025-06-12 17:29:00,82.3
2025-06-12 09:30:00,35.0
2025-06-12 02:36:00,47.1
2025-06-12 04:46:00,99.4
2025-06-12 02:48:00,10.0
2025-06-12 04:41:00,50.475078938135894
2025-06-12 22:08:00,61.3
2025-06-12 12:15:00,63.0
2025-06-12 20:52:00,70.7
2025-06-12 23:08:00,96.0
2025-06-12 12:28:00,50.475078938135894
2025-06-12 02:26:00,86.4
2025-06-12 23:51:00,57.7
2025-06-12 13:26:00,85.2
2025-06-12 17:49:00,59.8
2025-06-12 20:09:00,49.8
2025-06-12 03:01:00,30.4
2025-06-12 04:55:00,50.475078938135894
2025-06-12 11:54:00,84.3
2025-06-12 09:47:00,7.4
2025-06-12 08:17:00,59.8
2025-06-12 17:03:00,38.1
2025-06-12 01:46:00,50.475078938135894
2025-06-12 15:09:00,50.475078938135894
2025-06-12 05:25:00,11.8
2025-06-12 16:40:00,46.5
2025-06-12 00:47:00,13.6
2025-06-12 17:40:00,13.1
2025-06-12 07:12:00,79.0
2025-06-12 19:47:00,76.2
2025-06-12 09:31:00,11.4
2025-06-12 10:38:00,14.5
2025-06-12 15:12:00,99.2
2025-06-12 13:34:00,0.8
2025-06-12 16:44:00,11.9
2025-06-12 18:16:00,37.2
2025-06-12 19:15:00,33.0
2025-06-12 09:29:00,93.6
2025-06-12 02:14:00,30.8
2025-06-12 08:59:00,37.2
2025-06-12 19:51:00,48.0
2025-06-12 16:05:00,26.0
2025-06-12 00:44:00,4.3
2025-06-12 03:06:00,43.9
2025-06-12 10:56:00,47.8
2025-06-12 22:17:00,57.5
2025-06-12 03:32:00,59.2
2025-06-12 04:03:00,2.4
2025-06-12 01:17:00,58.1
2025-06-12 16:38:00,55.0
2025-06-12 11:38:00,12.0
2025-06-12 15:53:00,50.475078938135894
2025-06-12 02:32:00,50.3
2025-06-12 08:39:00,20.2
2025-06-12 17:00:00,50.475078938135894
2025-06-12 00:05:00,17.6
2025-06-12 10:54:00,50.475078938135894
2025-06-12 08:13:00,68.5
2025-06-12 22:32:00,28.4
2025-06-12 13:43:00,49.5
2025-06-12 01:30:00,16.0
2025-06-12 12:33:00,64.8
2025-06-12 14:44:00,93.7
2025-06-12 21:48:00,26.9
2025-06-12 07:23:00,41.9
2025-06-12 18:22:00,59.9
2025-06-12 09:28:00,96.0
2025-06-12 14:17:00,76.1
2025-06-12 04:29:00,63.1
2025-06-12 12:14:00,46.4
2025-06-12 13:30:00,45.6
2025-06-12 03:38:00,1.0
2025-06-12 06:48:00,88.7
2025-06-12 11:14:00,13.4
2025-06-12 19:17:00,89.5
2025-06-12 13:41:00,53.4
2025-06-12 16:29:00,65.2
2025-06-12 03:10:00,59.5
2025-06-12 22:56:00,17.0
2025-06-12 15:34:00,53.7
2025-06-12 14:08:00,14.4
2025-06-12 10:36:00,50.475078938135894
2025-06-12 12:30:00,50.475078938135894
2025-06-12 02:11:00,50.475078938135894
2025-06-12 01:58:00,77.6
2025-06-12 03:11:00,31.1
2025-06-12 07:15:00,64.3
2025-06-12 09:11:00,85.3
2025-06-12 21:51:00,82.5
2025-06-12 14:55:00,24.3
2025-06-12 21:28:00,75.2
2025-06-12 19:37:00,93.2
2025-06-12 09:20:00,82.1
2025-06-12 00:14:00,50.475078938135894
2025-06-12 15:27:00,80.6
2025-06-12 14:45:00,38.7
2025-06-12 03:33:00,50.1
2025-06-12 13:19:00,65.8
2025-06-12 22:07:00,18.1
2025-06-12 00:00:00,38.5
2025-06-12 01:45:00,21.8
2025-06-12 02:50:00,4.3
2025-06-12 06:19:00,87.1
2025-06-12 20:49:00,2.7
2025-06-12 15:47:00,53.8
2025-06-12 22:59:00,50.492298592215775
2025-06-12 04:42:00,65.4
2025-06-12 16:20:00,92.5
2025-06-12 13:49:00,50.492298592215775
2025-06-12 02:49:00,95.3
2025-06-12 16:55:00,15.6
2025-06-12 12:14:00,58.9
2025-06-12 12:46:00,50.492298592215775
2025-06-12 12:40:00,14.5
2025-06-12 15:28:00,46.3
2025-06-12 11:32:00,96.7
2025-06-12 18:19:00,50.492298592215775
2025-06-12 17:59:00,29.7
2025-06-12 22:48:00,73.7
2025-06-12 03:24:00,35.5
2025-06-12 18:53:00,62.6
2025-06-12 12:48:00,63.6
2025-06-12 02:19:00,2.8
2025-06-12 20:27:00,33.7
2025-06-12 04:37:00,59.9
2025-06-12 14:01:00,30.9
2025-06-12 15:10:00,7.3
2025-06-12 19:17:00,54.2
2025-06-12 18:07:00,66.3
2025-06-12 07:26:00,78.3
2025-06-12 19:49:00,30.8
2025-06-12 14:14:00,88.2
2025-06-12 12:03:00,60.7
2025-06-12 06:38:00,98.1
2025-06-12 14:23:00,50.492298592215775
2025-06-12 00:28:00,87.6
2025-06-12 14:31:00,19.5
2025-06-12 23:41:00,84.1
2025-06-12 05:50:00,50.492298592215775
2025-06-12 11:16:00,88.3
2025-06-12 09:15:00,45.1
2025-06-12 05:45:00,20.6
2025-06-12 17:16:00,19.1
2025-06-12 01:48:00,69.4
2025-06-12 17:44:00,59.9
2025-06-12 11:21:00,95.3
2025-06-12 00:52:00,51.1
2025-06-12 15:25:00,81.4
2025-06-12 10:24:00,3.9
2025-06-12 22:14:00,37.8
2025-06-12 14:42:00,14.2
2025-06-12 23:49:00,62.9
2025-06-12 02:38:00,82.7
2025-06-12 14:28:00,26.0
2025-06-12 21:05:00,5.9
2025-06-12 03:08:00,50.492298592215775
2025-06-12 17:55:00,36.2
2025-06-12 21:06:00,46.1
2025-06-12 04:26:00,69.9
2025-06-12 08:24:00,50.492298592215775
2025-06-12 23:30:00,72.1
2025-06-12 15:24:00,89.5
2025-06-12 18:56:00,99.8
2025-06-12 16:16:00,95.4
2025-06-12 15:57:00,14.7
2025-06-12 01:31:00,75.4
2025-06-12 12:55:00,10.5
2025-06-12 17:22:00,89.6
2025-06-12 23:07:00,35.6
2025-06-12 15:00:00,17.9
2025-06-12 06:05:00,50.492298592215775
2025-06-12 21:16:00,14.6
2025-06-12 15:08:00,9.7
2025-06-12 09:18:00,25.1
2025-06-12 13:11:00,65.9
2025-06-12 20:39:00,49.6
2025-06-12 15:26:00,55.6
2025-06-12 02:24:00,70.3
2025-06-12 20:15:00,52.2
2025-06-12 16:13:00,54.1
2025-06-12 08:56:00,39.8
2025-06-12 07:29:00,49.2
2025-06-12 08:50:00,5.1
2025-06-12 13:41:00,36.6
2025-06-12 17:30:00,64.3
2025-06-12 10:29:00,57.0
2025-06-12 18:22:00,80.6
2025-06-12 10:18:00,50.492298592215775
2025-06-12 17:06:00,13.5
2025-06-12 10:31:00,59.0
2025-06-12 04:12:00,50.492298592215775
2025-06-12 15:46:00,62.7
2025-06-12 20:19:00,24.3
2025-06-12 20:09:00,50.492298592215775
2025-06-12 11:15:00,6.3
2025-06-12 02:00:00,50.492298592215775
2025-06-12 05:51:00,93.7
2025-06-12 10:30:00,38.1
2025-06-12 09:51:00,86.5
2025-06-12 22:25:00,70.1
2025-06-12 15:16:00,32.3
2025-06-12 20:38:00,4.5
2025-06-12 19:31:00,13.8
2025-06-12 20:13:00,50.492298592215775
2025-06-12 06:04:00,73.4
2025-06-12 23:06:00,69.4
2025-06-12 21:51:00,17.2
2025-06-12 22:36:00,79.4
2025-06-12 00:16:00,62.3
2025-06-12 18:15:00,93.8
2025-06-12 01:38:00,99.0
2025-06-12 08:36:00,4.0
2025-06-12 01:46:00,50.492298592215775
2025-06-12 10:20:00,98.5
2025-06-12 19:09:00,76.2
2025-06-12 05:53:00,13.9
2025-06-12 16:42:00,88.3
2025-06-12 03:39:00,83.3
2025-06-12 04:04:00,52.9
2025-06-12 20:59:00,35.9
2025-06-12 15:53:00,31.4
2025-06-12 15:34:00,81.0
2025-06-12 22:57:00,30.2
2025-06-12 09:42:00,6.7
2025-06-12 13:44:00,36.7
2025-06-12 11:44:00,29.9
2025-06-12 07:32:00,71.8
2025-06-12 01:27:00,27.3
2025-06-12 18:45:00,17.9
2025-06-12 16:53:00,87.3
2025-06-12 08:31:00,49.3
2025-06-12 14:51:00,72.1
2025-06-12 15:31:00,37.2
2025-06-12 22:30:00,98.5
2025-06-12 14:36:00,82.3
2025-06-12 23:37:00,65.7
2025-06-12 20:45:00,50.492298592215775
2025-06-12 10:58:00,96.0
2025-06-12 23:56:00,34.2
2025-06-12 15:18:00,82.6
2025-06-12 10:16:00,79.5
2025-06-12 08:37:00,8.8
2025-06-12 06:52:00,54.5
2025-06-12 08:02:00,79.7
2025-06-12 14:09:00,55.8
2025-06-12 06:59:00,95.8
2025-06-12 01:05:00,87.8
2025-06-12 17:19:00,33.7
2025-06-12 06:41:00,58.4
2025-06-12 23:02:00,40.2
2025-06-12 06:12:00,95.4
2025-06-12 22:00:00,62.8
2025-06-12 17:34:00,50.492298592215775
2025-06-12 10:23:00,92.6
2025-06-12 00:36:00,15.5
2025-06-12 16:37:00,50.492298592215775
2025-06-12 06:08:00,50.492298592215775
2025-06-12 03:45:00,22.5
2025-06-12 21:49:00,95.1
2025-06-12 22:20:00,50.492298592215775
2025-06-12 11:34:00,97.4
2025-06-12 14:08:00,50.492298592215775
2025-06-12 09:23:00,47.6
2025-06-12 13:36:00,9.6
2025-06-12 12:44:00,83.8
2025-06-12 08:21:00,80.2
2025-06-12 19:07:00,47.5
2025-06-12 03:21:00,50.492298592215775
2025-06-12 02:51:00,11.7
2025-06-12 08:58:00,50.492298592215775
2025-06-12 07:49:00,50.492298592215775
2025-06-12 18:40:00,61.0
2025-06-12 12:17:00,43.8
2025-06-12 20:47:00,91.9
2025-06-12 15:59:00,59.7
2025-06-12 13:52:00,67.1
2025-06-12 17:13:00,26.7
2025-06-12 07:46:00,73.6
2025-06-12 04:15:00,50.492298592215775
2025-06-12 09:54:00,79.3
2025-06-12 17:33:00,77.7
2025-06-12 11:05:00,97.0
2025-06-12 15:47:00,34.3
2025-06-12 07:50:00,50.492298592215775
2025-06-12 04:34:00,47.8
2025-06-12 08:03:00,48.3
2025-06-12 08:22:00,27.4
2025-06-12 02:30:00,12.2
2025-06-12 05:26:00,59.3
2025-06-12 12:13:00,92.1
2025-06-12 09:25:00,68.2
2025-06-12 08:34:00,41.4
2025-06-12 23:17:00,50.492298592215775
2025-06-12 21:20:00,46.0
2025-06-12 19:14:00,50.492298592215775
2025-06-12 01:32:00,74.0
2025-06-12 01:11:00,34.5
2025-06-12 21:14:00,20.5
2025-06-12 07:41:00,64.8
2025-06-12 20:20:00,42.4
2025-06-12 11:57:00,99.8
2025-06-12 07:16:00,27.6
2025-06-12 12:30:00,4.5
2025-06-12 22:13:00,76.5
2025-06-12 08:52:00,61.6
2025-06-12 04:45:00,72.9
2025-06-12 23:14:00,87.0
2025-06-12 18:02:00,31.2
2025-06-12 10:05:00,91.8
2025-06-12 10:04:00,50.492298592215775
2025-06-12 05:19:00,56.2
2025-06-12 04:36:00,81.1
2025-06-12 13:32:00,57.5
2025-06-12 12:21:00,95.8
2025-06-12 10:03:00,39.8
2025-06-12 15:05:00,21.7
2025-06-12 02:44:00,50.492298592215775
2025-06-12 05:12:00,8.0
2025-06-12 19:40:00,84.9
2025-06-12 03:47:00,2.1
2025-06-12 02:12:00,14.7
2025-06-12 01:37:00,82.2
2025-06-12 19:04:00,50.492298592215775
2025-06-12 20:36:00,48.7
2025-06-12 22:39:00,13.9
2025-06-12 11:48:00,37.7
2025-06-12 21:10:00,29.9
2025-06-12 15:20:00,50.492298592215775
2025-06-12 15:56:00,51.5
2025-06-12 06:58:00,7.8
2025-06-12 08:27:00,82.5
2025-06-12 21:19:00,10.4
2025-06-12 07:28:00,11.1
2025-06-12 19:57:00,27.3
2025-06-12 00:35:00,11.6
2025-06-12 20:30:00,50.492298592215775
2025-06-12 02:32:00,78.6
2025-06-12 06:39:00,86.5
2025-06-12 11:24:00,95.4
2025-06-12 13:28:00,0.2
2025-06-12 00:57:00,73.8
2025-06-12 19:34:00,50.492298592215775
2025-06-12 15:04:00,50.492298592215775
2025-06-12 12:45:00,13.3
2025-06-12 16:01:00,50.492298592215775
2025-06-12 11:01:00,47.7
2025-06-12 11:47:00,79.8
2025-06-12 01:39:00,45.2
2025-06-12 00:14:00,76.6
2025-06-12 12:16:00,46.5
2025-06-12 00:13:00,50.492298592215775
2025-06-12 21:45:00,34.7
2025-06-12 16:02:00,51.6
2025-06-12 22:06:00,64.1
2025-06-12 12:35:00,7.5
2025-06-12 11:19:00,30.9
2025-06-12 02:41:00,57.6
2025-06-12 07:08:00,36.4
2025-06-12 14:39:00,74.1
2025-06-12 03:12:00,88.5
2025-06-12 06:44:00,95.2
2025-06-12 11:18:00,50.492298592215775
2025-06-12 10:08:00,18.0
2025-06-12 19:11:00,69.1
2025-06-12 19:06:00,42.6
2025-06-12 20:28:00,4.8
2025-06-12 22:37:00,50.492298592215775
2025-06-12 01:01:00,27.9
2025-06-12 12:07:00,5.1
2025-06-12 02:31:00,53.7
2025-06-12 14:00:00,86.2
2025-06-12 12:33:00,69.2
2025-06-12 03:17:00,50.492298592215775
2025-06-12 00:58:00,69.7
2025-06-12 16:19:00,50.492298592215775
2025-06-12 07:19:00,44.2
2025-06-12 02:05:00,67.3
2025-06-12 09:39:00,68.9
2025-06-12 22:38:00,64.3
2025-06-12 16:08:00,71.8
2025-06-12 16:27:00,12.7
2025-06-12 03:38:00,88.8
2025-06-12 21:56:00,50.492298592215775
2025-06-12 20:26:00,0.9
2025-06-12 08:35:00,58.4
2025-06-12 03:52:00,26.8
2025-06-12 17:38:00,50.492298592215775
2025-06-12 19:19:00,27.3
2025-06-12 06:32:00,50.492298592215775
2025-06-12 21:55:00,50.492298592215775
2025-06-12 03:04:00,76.7
2025-06-12 09:52:00,4.7
2025-06-12 01:06:00,46.0
2025-06-12 21:41:00,83.4
2025-06-12 10:25:00,42.3
2025-06-12 07:31:00,88.5
2025-06-12 21:37:00,20.5
2025-06-12 01:02:00,77.4
2025-06-12 03:37:00,8.6
2025-06-12 17:15:00,95.0
2025-06-12 23:26:00,50.492298592215775
2025-06-12 14:12:00,50.492298592215775
2025-06-12 16:56:00,88.5
2025-06-12 12:39:00,61.5
2025-06-12 14:11:00,69.6
2025-06-12 11:17:00,91.1
2025-06-12 06:51:00,91.8
2025-06-12 17:37:00,99.8
2025-06-12 14:19:00,17.0
2025-06-12 01:16:00,52.2
2025-06-12 19:59:00,22.9
2025-06-12 13:40:00,89.4
2025-06-12 04:56:00,50.492298592215775
2025-06-12 03:40:00,87.5
2025-06-12 05:47:00,65.8
2025-06-12 15:37:00,50.492298592215775
2025-06-12 02:47:00,27.9
2025-06-12 10:32:00,50.8
2025-06-12 11:29:00,27.6
2025-06-12 02:06:00,3.7
2025-06-12 17:04:00,80.8
2025-06-12 01:35:00,50.492298592215775
2025-06-12 14:29:00,64.2
2025-06-12 14:58:00,74.3
2025-06-12 19:55:00,50.190676567656766
2025-06-12 09:24:00,73.7
2025-06-12 20:19:00,50.190676567656766
2025-06-12 02:35:00,50.190676567656766
2025-06-12 06:38:00,11.2
2025-06-12 13:05:00,18.5
2025-06-12 06:41:00,95.7
2025-06-12 05:04:00,98.7
2025-06-12 17:06:00,9.3
2025-06-12 13:44:00,14.4
2025-06-12 00:02:00,81.0
2025-06-12 18:42:00,39.7
2025-06-12 02:55:00,20.2
2025-06-12 17:18:00,19.1
2025-06-12 13:42:00,68.4
2025-06-12 12:05:00,2.0
2025-06-12 23:55:00,50.190676567656766
2025-06-12 15:15:00,32.2
2025-06-12 18:02:00,49.3
2025-06-12 03:51:00,50.190676567656766
2025-06-12 09:17:00,50.190676567656766
2025-06-12 22:24:00,15.5
2025-06-12 04:38:00,51.7
2025-06-12 09:31:00,22.5
2025-06-12 16:17:00,17.3
2025-06-12 13:01:00,68.5
2025-06-12 07:21:00,60.8
2025-06-12 19:41:00,27.9
2025-06-12 02:42:00,20.4
2025-06-12 00:37:00,36.2
2025-06-12 23:09:00,61.4
2025-06-12 09:00:00,92.0
2025-06-12 00:11:00,16.9
2025-06-12 11:11:00,25.7
2025-06-12 22:27:00,5.3
2025-06-12 15:31:00,41.6
2025-06-12 16:53:00,74.8
2025-06-12 14:52:00,2.1
2025-06-12 09:04:00,50.190676567656766
2025-06-12 14:04:00,88.5
2025-06-12 11:24:00,36.7
2025-06-12 21:50:00,39.7
2025-06-12 04:57:00,50.190676567656766
2025-06-12 18:10:00,58.1
2025-06-12 07:24:00,99.2
2025-06-12 04:35:00,21.8
2025-06-12 04:04:00,15.0
2025-06-12 03:18:00,56.9
2025-06-12 19:58:00,19.2
2025-06-12 10:54:00,50.190676567656766
2025-06-12 04:36:00,50.190676567656766
2025-06-12 14:08:00,50.190676567656766
2025-06-12 18:03:00,88.7
2025-06-12 01:49:00,14.7
2025-06-12 03:52:00,22.3
2025-06-12 00:40:00,17.2
2025-06-12 13:40:00,50.190676567656766
2025-06-12 18:18:00,73.6
2025-06-12 15:53:00,47.6
2025-06-12 15:11:00,66.8
2025-06-12 17:19:00,72.0
2025-06-12 05:07:00,9.4
2025-06-12 18:21:00,89.6
2025-06-12 15:54:00,30.5
2025-06-12 01:26:00,50.190676567656766
2025-06-12 01:51:00,43.0
2025-06-12 20:30:00,51.3
2025-06-12 07:49:00,74.2
2025-06-12 05:45:00,9.7
2025-06-12 21:35:00,50.190676567656766
2025-06-12 10:34:00,50.190676567656766
2025-06-12 19:08:00,54.4
2025-06-12 01:08:00,75.3
2025-06-12 11:55:00,50.190676567656766
2025-06-12 08:32:00,0.1
2025-06-12 08:24:00,25.9
2025-06-12 00:43:00,1.5
2025-06-12 21:07:00,22.1
2025-06-12 13:18:00,1.6
2025-06-12 05:19:00,50.190676567656766
2025-06-12 03:04:00,83.6
2025-06-12 23:03:00,50.190676567656766
2025-06-12 14:48:00,50.190676567656766
2025-06-12 00:32:00,29.0
2025-06-12 22:57:00,82.9
2025-06-12 16:59:00,44.6
2025-06-12 07:12:00,52.9
2025-06-12 12:57:00,50.8
2025-06-12 04:17:00,46.1
2025-06-12 09:10:00,13.0
2025-06-12 14:45:00,62.8
2025-06-12 18:40:00,82.6
2025-06-12 15:36:00,98.7
2025-06-12 15:41:00,19.2
2025-06-12 03:50:00,24.1
2025-06-12 18:09:00,50.190676567656766
2025-06-12 22:30:00,50.190676567656766
2025-06-12 04:34:00,50.190676567656766
2025-06-12 21:29:00,44.9
2025-06-12 14:39:00,75.1
2025-06-12 11:22:00,5.8
2025-06-12 00:50:00,95.3
2025-06-12 06:50:00,52.7
2025-06-12 15:33:00,50.190676567656766
2025-06-12 03:34:00,50.190676567656766
2025-06-12 20:50:00,83.0
2025-06-12 09:50:00,97.2
2025-06-12 14:22:00,95.0
2025-06-12 12:53:00,50.190676567656766
2025-06-12 12:25:00,13.3
2025-06-12 20:39:00,18.1
2025-06-12 22:36:00,25.5
2025-06-12 22:52:00,35.9
2025-06-12 05:38:00,88.0
2025-06-12 01:52:00,83.9
2025-06-12 07:18:00,40.0
2025-06-12 10:03:00,56.6
2025-06-12 06:57:00,50.190676567656766
2025-06-12 08:57:00,24.8
2025-06-12 09:44:00,89.7
2025-06-12 00:01:00,50.190676567656766
2025-06-12 05:58:00,32.4
2025-06-12 08:59:00,35.9
2025-06-12 00:35:00,76.4
2025-06-12 06:37:00,50.190676567656766
2025-06-12 17:27:00,50.190676567656766
2025-06-12 20:58:00,50.190676567656766
2025-06-12 02:44:00,34.9
2025-06-12 14:55:00,92.7
2025-06-12 20:35:00,50.190676567656766
2025-06-12 09:26:00,94.3
2025-06-12 23:36:00,22.4
2025-06-12 15:12:00,66.7
2025-06-12 19:54:00,68.7
2025-06-12 12:10:00,20.1
2025-06-12 23:44:00,59.0
2025-06-12 13:34:00,29.7
2025-06-12 19:18:00,35.5
2025-06-12 19:43:00,42.2
2025-06-12 06:49:00,50.190676567656766
2025-06-12 07:47:00,61.6
2025-06-12 07:02:00,21.0
2025-06-12 01:34:00,42.4
2025-06-12 21:24:00,89.2
2025-06-12 09:29:00,21.6
2025-06-12 18:25:00,62.9
2025-06-12 10:19:00,32.4
2025-06-12 17:58:00,31.3
2025-06-12 13:15:00,50.190676567656766
2025-06-12 22:16:00,50.190676567656766
2025-06-12 10:39:00,50.190676567656766
2025-06-12 13:19:00,94.2
2025-06-12 20:10:00,51.8
2025-06-12 05:28:00,14.2
2025-06-12 20:04:00,90.7
2025-06-12 03:54:00,95.1
2025-06-12 17:03:00,63.6
2025-06-12 04:23:00,9.9
2025-06-12 19:17:00,19.8
2025-06-12 11:15:00,60.6
2025-06-12 05:55:00,36.6
2025-06-12 03:19:00,66.6
2025-06-12 17:42:00,94.2
2025-06-12 10:21:00,50.190676567656766
2025-06-12 07:16:00,9.7
2025-06-12 14:23:00,51.6
2025-06-12 07:38:00,50.190676567656766
2025-06-12 03:27:00,43.1
2025-06-12 08:31:00,61.8
2025-06-12 01:35:00,54.3
2025-06-12 03:48:00,50.190676567656766
2025-06-12 02:56:00,95.7
2025-06-12 08:45:00,50.190676567656766
2025-06-12 02:29:00,8.5
2025-06-12 19:19:00,19.9
2025-06-12 05:03:00,13.8
2025-06-12 19:05:00,50.190676567656766
2025-06-12 23:46:00,50.190676567656766
2025-06-12 21:57:00,45.6
2025-06-12 04:16:00,17.8
2025-06-12 03:21:00,48.8
2025-06-12 17:23:00,48.8
2025-06-12 06:29:00,5.0
2025-06-12 05:51:00,50.190676567656766
2025-06-12 03:05:00,92.8
2025-06-12 03:11:00,45.8
2025-06-12 16:00:00,50.190676567656766
2025-06-12 16:03:00,25.6
2025-06-12 01:19:00,83.1
2025-06-12 15:10:00,39.9
2025-06-12 11:54:00,87.0
2025-06-12 17:57:00,8.1
2025-06-12 07:34:00,13.0
2025-06-12 07:37:00,2.1
2025-06-12 03:07:00,50.190676567656766
2025-06-12 10:32:00,57.0
2025-06-12 06:54:00,80.7
2025-06-12 02:59:00,15.1
2025-06-12 21:36:00,11.4
2025-06-12 08:23:00,18.8
2025-06-12 17:39:00,50.7
2025-06-12 11:20:00,50.190676567656766
2025-06-12 20:13:00,88.1
2025-06-12 10:24:00,9.8
2025-06-12 17:24:00,88.3
2025-06-12 02:39:00,69.7
2025-06-12 09:33:00,29.2
2025-06-12 10:51:00,82.3
2025-06-12 16:55:00,80.7
2025-06-12 07:06:00,74.0
2025-06-12 17:30:00,100.0
2025-06-12 12:49:00,46.8
2025-06-12 13:03:00,67.6
2025-06-12 08:34:00,50.190676567656766
2025-06-12 00:07:00,89.2
2025-06-12 11:47:00,10.3
2025-06-12 13:41:00,40.3
2025-06-12 13:04:00,43.5
2025-06-12 08:19:00,19.5
2025-06-12 23:48:00,50.190676567656766
2025-06-12 12:29:00,98.2
2025-06-12 11:33:00,64.5
2025-06-12 13:17:00,20.8
2025-06-12 11:25:00,50.190676567656766
2025-06-12 21:20:00,24.0
2025-06-12 12:59:00,50.190676567656766
2025-06-12 20:53:00,43.0
2025-06-12 21:49:00,45.9
2025-06-12 15:50:00,50.190676567656766
2025-06-12 10:18:00,80.6
2025-06-12 09:06:00,95.1
2025-06-12 00:42:00,24.1
2025-06-12 04:08:00,30.7
2025-06-12 05:02:00,33.9
2025-06-12 06:39:00,4.9
2025-06-12 07:15:00,46.7
2025-06-12 18:55:00,19.7
2025-06-12 21:30:00,69.0
2025-06-12 10:45:00,31.2
2025-06-12 09:27:00,50.190676567656766
2025-06-12 06:55:00,57.3
2025-06-12 09:51:00,62.2
2025-06-12 00:53:00,13.0
2025-06-12 20:27:00,98.3
2025-06-12 17:05:00,5.0
2025-06-12 12:33:00,58.0
2025-06-12 13:51:00,80.2
2025-06-12 14:24:00,2.8
2025-06-12 01:48:00,14.2
2025-06-12 19:39:00,32.4
2025-06-12 03:35:00,97.0
2025-06-12 08:22:00,50.190676567656766
2025-06-12 06:35:00,51.0
2025-06-12 11:51:00,57.4
2025-06-12 19:21:00,29.4
2025-06-12 14:40:00,3.8
2025-06-12 17:53:00,18.1
2025-06-12 17:29:00,50.190676567656766
2025-06-12 04:11:00,4.6
2025-06-12 00:06:00,25.8
2025-06-12 05:13:00,14.6
2025-06-12 03:12:00,96.5
2025-06-12 13:49:00,34.4
2025-06-12 06:25:00,59.3
2025-06-12 23:42:00,42.5
2025-06-12 12:56:00,25.1
2025-06-12 21:28:00,50.8
2025-06-12 22:00:00,50.7
2025-06-12 02:11:00,7.3
2025-06-12 19:28:00,50.190676567656766
2025-06-12 11:43:00,54.3
2025-06-12 21:23:00,81.2
2025-06-12 23:04:00,29.8
2025-06-12 03:47:00,13.3
2025-06-12 00:10:00,10.7
2025-06-12 09:41:00,15.8
2025-06-12 17:37:00,60.5
2025-06-12 11:46:00,95.9
2025-06-12 10:46:00,28.4
2025-06-12 00:56:00,50.190676567656766
2025-06-12 08:28:00,60.6
2025-06-12 09:35:00,33.6
2025-06-12 14:50:00,86.8
2025-06-12 05:53:00,12.4
2025-06-12 02:34:00,96.2
2025-06-12 12:45:00,4.4
2025-06-12 17:21:00,53.2
2025-06-12 02:31:00,60.6
2025-06-12 17:09:00,34.0
2025-06-12 07:11:00,7.4
2025-06-12 03:16:00,54.0
2025-06-12 15:29:00,50.190676567656766
2025-06-12 18:29:00,40.9
2025-06-12 16:33:00,52.3
2025-06-12 05:06:00,22.1
2025-06-12 01:58:00,97.9
2025-06-12 17:35:00,78.8
2025-06-12 11:31:00,6.6
2025-06-12 22:54:00,27.2
2025-06-12 06:14:00,66.0
2025-06-12 03:22:00,36.0
2025-06-12 04:41:00,91.0
2025-06-12 07:33:00,49.0
2025-06-12 21:18:00,65.7
2025-06-12 16:50:00,50.190676567656766
2025-06-12 20:54:00,99.9
2025-06-12 21:36:00,15.7
2025-06-12 02:42:00,23.7
2025-06-12 13:17:00,19.0
2025-06-12 18:07:00,49.69925181201777
2025-06-12 01:02:00,13.4
2025-06-12 01:29:00,58.5
2025-06-12 11:59:00,99.1
2025-06-12 17:44:00,17.3
2025-06-12 20:25:00,49.69925181201777
2025-06-12 09:33:00,42.7
2025-06-12 22:28:00,28.6
2025-06-12 19:53:00,49.69925181201777
2025-06-12 17:03:00,0.2
2025-06-12 08:49:00,1.9
2025-06-12 19:25:00,63.5
2025-06-12 10:56:00,96.5
2025-06-12 16:19:00,49.69925181201777
2025-06-12 20:04:00,76.2
2025-06-12 22:53:00,49.69925181201777
2025-06-12 20:31:00,69.7
2025-06-12 01:09:00,6.0
2025-06-12 15:12:00,47.5
2025-06-12 05:00:00,49.69925181201777
2025-06-12 07:26:00,29.5
2025-06-12 02:13:00,0.8
2025-06-12 16:35:00,44.7
2025-06-12 23:17:00,31.7
2025-06-12 02:51:00,61.3
2025-06-12 20:27:00,21.9
2025-06-12 12:18:00,49.3
2025-06-12 14:27:00,48.8
2025-06-12 09:54:00,66.3
2025-06-12 11:03:00,50.4
2025-06-12 09:06:00,94.6
2025-06-12 02:36:00,20.1
2025-06-12 20:22:00,36.8
2025-06-12 17:28:00,49.69925181201777
2025-06-12 21:37:00,23.2
2025-06-12 20:00:00,76.5
2025-06-12 23:53:00,18.1
2025-06-12 08:53:00,100.0
2025-06-12 16:47:00,71.1
2025-06-12 14:50:00,87.0
2025-06-12 15:28:00,69.4
2025-06-12 19:32:00,36.3
2025-06-12 13:07:00,86.8
2025-06-12 15:16:00,20.1
2025-06-12 07:27:00,35.3
2025-06-12 06:10:00,49.69925181201777
2025-06-12 21:18:00,18.6
2025-06-12 23:50:00,65.9
2025-06-12 08:44:00,84.8
2025-06-12 16:05:00,89.6
2025-06-12 15:58:00,25.0
2025-06-12 01:17:00,17.8
2025-06-12 22:43:00,51.2
2025-06-12 07:17:00,49.69925181201777
2025-06-12 20:08:00,41.0
2025-06-12 11:50:00,49.9
2025-06-12 21:38:00,4.7
2025-06-12 04:18:00,79.4
2025-06-12 13:33:00,92.6
2025-06-12 08:22:00,29.4
2025-06-12 14:40:00,8.6
2025-06-12 04:04:00,70.5
2025-06-12 01:41:00,85.2
2025-06-12 19:04:00,4.1
2025-06-12 23:03:00,49.69925181201777
2025-06-12 14:25:00,23.8
2025-06-12 01:12:00,15.0
2025-06-12 05:56:00,45.3
2025-06-12 20:42:00,48.9
2025-06-12 22:18:00,30.2
2025-06-12 14:26:00,34.1
2025-06-12 22:22:00,29.0
2025-06-12 17:46:00,78.2
2025-06-12 12:56:00,80.6
2025-06-12 01:00:00,8.8
2025-06-12 23:41:00,98.9
2025-06-12 06:12:00,49.69925181201777
2025-06-12 02:53:00,41.6
2025-06-12 13:53:00,53.2
2025-06-12 11:49:00,10.0
2025-06-12 02:46:00,24.3
2025-06-12 21:44:00,28.1
2025-06-12 19:05:00,40.0
2025-06-12 06:30:00,60.6
2025-06-12 03:08:00,26.1
2025-06-12 17:13:00,1.1
2025-06-12 16:58:00,43.4
2025-06-12 03:12:00,29.6
2025-06-12 03:56:00,81.8
2025-06-12 21:25:00,90.2
2025-06-12 06:29:00,49.69925181201777
2025-06-12 10:35:00,63.0
2025-06-12 10:25:00,30.2
2025-06-12 04:53:00,60.0
2025-06-12 18:13:00,86.4
2025-06-12 13:37:00,79.2
2025-06-12 03:36:00,49.69925181201777
2025-06-12 09:09:00,26.1
2025-06-12 03:07:00,64.0
2025-06-12 10:33:00,47.0
2025-06-12 19:58:00,39.7
2025-06-12 12:44:00,49.69925181201777
2025-06-12 16:26:00,68.5
2025-06-12 01:39:00,81.5
2025-06-12 22:32:00,42.8
2025-06-12 15:22:00,26.9
2025-06-12 02:15:00,49.69925181201777
2025-06-12 23:34:00,29.5
2025-06-12 04:14:00,26.5
2025-06-12 07:39:00,58.1
2025-06-12 05:22:00,49.69925181201777
2025-06-12 22:30:00,60.1
2025-06-12 20:35:00,86.2
2025-06-12 01:04:00,69.4
2025-06-12 04:48:00,59.6
2025-06-12 20:55:00,98.2
2025-06-12 11:41:00,49.69925181201777
2025-06-12 04:34:00,17.0
2025-06-12 18:58:00,25.6
2025-06-12 17:58:00,91.0
2025-06-12 03:04:00,79.8
2025-06-12 22:49:00,10.9
2025-06-12 08:26:00,45.2
2025-06-12 02:47:00,64.4
2025-06-12 04:01:00,61.5
2025-06-12 04:36:00,43.4
2025-06-12 14:18:00,49.69925181201777
2025-06-12 07:41:00,13.1
2025-06-12 01:23:00,98.6
2025-06-12 14:47:00,68.5
2025-06-12 13:03:00,25.2
2025-06-12 16:43:00,12.2
2025-06-12 18:48:00,71.6
2025-06-12 06:54:00,60.6
2025-06-12 19:15:00,13.9
2025-06-12 19:33:00,49.69925181201777
2025-06-12 19:36:00,0.7
2025-06-12 11:07:00,85.0
2025-06-12 19:23:00,49.69925181201777
2025-06-12 11:11:00,68.8
2025-06-12 17:48:00,95.6
2025-06-12 04:22:00,61.0
2025-06-12 09:12:00,24.1
2025-06-12 11:34:00,79.7
2025-06-12 15:46:00,27.7
2025-06-12 08:15:00,49.69925181201777
2025-06-12 17:40:00,41.7
2025-06-12 22:20:00,37.6
2025-06-12 11:54:00,94.2
2025-06-12 17:18:00,24.7
2025-06-12 16:22:00,49.69925181201777
2025-06-12 22:50:00,65.3
2025-06-12 01:40:00,95.9
2025-06-12 04:46:00,49.69925181201777
2025-06-12 14:04:00,49.69925181201777
2025-06-12 20:45:00,45.0
2025-06-12 10:38:00,22.2
2025-06-12 04:16:00,49.69925181201777
2025-06-12 06:07:00,10.9
2025-06-12 07:20:00,71.9
2025-06-12 23:49:00,87.7
2025-06-12 13:12:00,99.1
2025-06-12 15:20:00,45.9
2025-06-12 01:30:00,54.2
2025-06-12 01:01:00,50.6
2025-06-12 05:41:00,50.8
2025-06-12 04:58:00,51.8
2025-06-12 22:08:00,53.8
2025-06-12 05:49:00,53.6
2025-06-12 01:51:00,49.69925181201777
2025-06-12 12:33:00,11.9
2025-06-12 22:26:00,36.4
2025-06-12 11:27:00,83.9
2025-06-12 12:02:00,19.2
2025-06-12 07:21:00,70.3
2025-06-12 21:05:00,94.9
2025-06-12 19:02:00,95.7
2025-06-12 11:36:00,49.69925181201777
2025-06-12 11:46:00,26.9
2025-06-12 02:30:00,90.0
2025-06-12 11:30:00,61.2
2025-06-12 04:09:00,9.6
2025-06-12 16:20:00,38.5
2025-06-12 00:03:00,61.7
2025-06-12 10:02:00,93.1
2025-06-12 21:17:00,94.9
2025-06-12 18:35:00,49.69925181201777
2025-06-12 04:29:00,55.5
2025-06-12 17:56:00,49.69925181201777
2025-06-12 20:03:00,96.3
2025-06-12 08:11:00,38.6
2025-06-12 17:42:00,47.7
2025-06-12 08:32:00,49.69925181201777
2025-06-12 15:04:00,60.4
2025-06-12 09:18:00,49.69925181201777
2025-06-12 02:22:00,28.7
2025-06-12 23:23:00,33.9
2025-06-12 13:54:00,73.6
2025-06-12 03:02:00,87.7
2025-06-12 17:43:00,99.0
2025-06-12 17:26:00,56.4
2025-06-12 06:14:00,9.9
2025-06-12 16:39:00,69.5
2025-06-12 18:53:00,78.5
2025-06-12 19:55:00,82.9
2025-06-12 16:29:00,45.1
2025-06-12 09:20:00,58.0
2025-06-12 03:09:00,52.5
2025-06-12 06:27:00,76.8
2025-06-12 14:08:00,14.6
2025-06-12 01:33:00,18.1
2025-06-12 08:03:00,0.4
2025-06-12 06:35:00,74.1
2025-06-12 03:50:00,79.3
2025-06-12 02:11:00,96.5
2025-06-12 04:59:00,87.6
2025-06-12 14:22:00,46.5
2025-06-12 06:56:00,99.4
2025-06-12 05:09:00,49.69925181201777
2025-06-12 01:57:00,2.8
2025-06-12 15:38:00,49.69925181201777
2025-06-12 15:55:00,49.69925181201777
2025-06-12 14:58:00,57.3
2025-06-12 05:23:00,67.7
2025-06-12 22:17:00,6.6
2025-06-12 04:20:00,69.4
2025-06-12 16:37:00,35.2
2025-06-12 07:43:00,63.8
2025-06-12 15:00:00,5.5
2025-06-12 14:35:00,67.1
2025-06-12 07:13:00,69.7
2025-06-12 00:08:00,83.9
2025-06-12 01:47:00,4.3
2025-06-12 22:41:00,22.2
2025-06-12 16:38:00,50.2
2025-06-12 23:01:00,19.4
2025-06-12 22:06:00,88.1
2025-06-12 15:54:00,35.4
2025-06-12 15:30:00,36.5
2025-06-12 06:11:00,18.6
2025-06-12 22:39:00,58.2
2025-06-12 11:42:00,23.5
2025-06-12 05:59:00,3.2
2025-06-12 10:34:00,75.5
2025-06-12 01:16:00,49.69925181201777
2025-06-12 07:31:00,49.69925181201777
2025-06-12 17:05:00,27.8
2025-06-12 06:32:00,93.6
2025-06-12 18:55:00,6.4
2025-06-12 11:05:00,42.0
2025-06-12 15:08:00,49.69925181201777
2025-06-12 11:56:00,44.1
2025-06-12 09:24:00,69.6
2025-06-12 08:17:00,28.3
2025-06-12 08:41:00,49.69925181201777
2025-06-12 17:49:00,61.2
2025-06-12 10:48:00,83.6
2025-06-12 04:25:00,34.4
2025-06-12 17:39:00,24.1
2025-06-12 00:47:00,79.0
2025-06-12 03:52:00,18.3
2025-06-12 12:55:00,49.69925181201777
2025-06-12 13:40:00,83.0
2025-06-12 18:16:00,84.2
2025-06-12 19:38:00,72.4
2025-06-12 13:16:00,85.6
2025-06-12 05:01:00,2.7
2025-06-12 10:16:00,9.8
2025-06-12 11:39:00,1.7
2025-06-12 10:45:00,63.2
2025-06-12 14:46:00,74.5
2025-06-12 07:56:00,9.6
2025-06-12 14:41:00,85.5
2025-06-12 23:57:00,97.7
2025-06-12 15:56:00,9.7
2025-06-12 03:54:00,22.1
2025-06-12 08:28:00,18.7
2025-06-12 20:14:00,1.7
2025-06-12 02:06:00,8.5
2025-06-12 05:10:00,39.8
2025-06-12 08:19:00,79.3
2025-06-12 17:41:00,18.2
2025-06-12 02:19:00,86.6
2025-06-12 17:19:00,49.69925181201777
2025-06-12 16:08:00,82.5
2025-06-12 09:37:00,91.4
2025-06-12 15:02:00,54.1
2025-06-12 19:27:00,49.69925181201777
2025-06-12 18:47:00,97.5
2025-06-12 14:02:00,27.7
2025-06-12 13:10:00,11.8
2025-06-12 12:27:00,30.6
2025-06-12 22:40:00,29.7
2025-06-12 11:20:00,61.8
2025-06-12 10:47:00,46.5
2025-06-12 18:37:00,50.9
2025-06-12 12:31:00,49.69925181201777
2025-06-12 12:53:00,49.69925181201777
2025-06-12 00:17:00,4.1
2025-06-12 19:52:00,33.4
2025-06-12 15:45:00,81.9
2025-06-12 13:15:00,48.5
2025-06-12 16:04:00,87.9
2025-06-12 20:44:00,65.2
2025-06-12 23:35:00,8.1
2025-06-12 05:05:00,67.1
2025-06-12 00:36:00,98.8
2025-06-12 02:31:00,39.6
2025-06-12 19:14:00,50.15234640140434
2025-06-12 05:52:00,83.9
2025-06-12 18:40:00,11.3
2025-06-12 09:54:00,21.8
2025-06-12 14:14:00,94.8
2025-06-12 05:54:00,4.5
2025-06-12 18:17:00,50.15234640140434
2025-06-12 11:11:00,8.0
2025-06-12 13:54:00,36.6
2025-06-12 14:27:00,67.6
2025-06-12 06:49:00,50.15234640140434
2025-06-12 14:35:00,88.8
2025-06-12 18:56:00,57.9
2025-06-12 23:18:00,82.4
2025-06-12 23:50:00,42.8
2025-06-12 18:18:00,5.6
2025-06-12 06:48:00,50.15234640140434
2025-06-12 21:48:00,50.15234640140434
2025-06-12 15:33:00,67.3
2025-06-12 10:10:00,61.4
2025-06-12 22:32:00,71.9
2025-06-12 11:37:00,14.7
2025-06-12 11:24:00,65.7
2025-06-12 20:05:00,9.6
2025-06-12 05:29:00,16.9
2025-06-12 02:20:00,12.8
2025-06-12 18:32:00,10.4
2025-06-12 23:22:00,49.3
2025-06-12 11:16:00,50.15234640140434
2025-06-12 13:37:00,58.7
2025-06-12 12:27:00,59.0
2025-06-12 05:46:00,33.5
2025-06-12 12:49:00,50.15234640140434
2025-06-12 09:40:00,50.15234640140434
2025-06-12 17:25:00,67.9
2025-06-12 18:49:00,72.3
2025-06-12 15:24:00,16.4
2025-06-12 23:36:00,35.9
2025-06-12 22:53:00,4.5
2025-06-12 15:13:00,39.8
2025-06-12 13:26:00,83.4
2025-06-12 16:57:00,90.5
2025-06-12 21:13:00,78.4
2025-06-12 16:29:00,35.5
2025-06-12 19:36:00,97.3
2025-06-12 14:09:00,50.15234640140434
2025-06-12 12:08:00,50.7
2025-06-12 13:58:00,71.8
2025-06-12 08:09:00,47.4
2025-06-12 23:01:00,89.5
2025-06-12 21:53:00,93.1
2025-06-12 07:09:00,61.0
2025-06-12 23:15:00,50.15234640140434
2025-06-12 02:59:00,50.15234640140434
2025-06-12 04:36:00,43.4
2025-06-12 01:57:00,68.6
2025-06-12 15:31:00,50.15234640140434
2025-06-12 18:58:00,42.8
2025-06-12 19:53:00,94.6
2025-06-12 15:02:00,51.7
2025-06-12 05:47:00,98.8
2025-06-12 15:19:00,50.5
2025-06-12 03:08:00,0.0
2025-06-12 13:21:00,50.15234640140434
2025-06-12 11:36:00,18.8
2025-06-12 10:38:00,87.9
2025-06-12 17:06:00,68.6
2025-06-12 10:05:00,87.4
2025-06-12 01:18:00,63.9
2025-06-12 22:38:00,75.3
2025-06-12 13:32:00,50.15234640140434
2025-06-12 15:47:00,50.15234640140434
2025-06-12 12:31:00,4.8
2025-06-12 14:15:00,87.5
2025-06-12 10:52:00,15.2
2025-06-12 21:21:00,25.1
2025-06-12 21:22:00,50.15234640140434
2025-06-12 22:30:00,7.2
2025-06-12 02:19:00,50.15234640140434
2025-06-12 23:40:00,89.0
2025-06-12 10:36:00,50.15234640140434
2025-06-12 05:37:00,91.1
2025-06-12 17:59:00,47.4
2025-06-12 11:01:00,3.7
2025-06-12 11:03:00,97.0
2025-06-12 19:01:00,5.1
2025-06-12 05:44:00,50.15234640140434
2025-06-12 10:15:00,90.6
2025-06-12 00:40:00,21.2
2025-06-12 19:57:00,11.3
2025-06-12 07:06:00,87.0
2025-06-12 10:49:00,99.0
2025-06-12 22:21:00,89.9
2025-06-12 00:17:00,6.5
2025-06-12 10:17:00,95.0
2025-06-12 04:50:00,58.5
2025-06-12 13:47:00,43.2
2025-06-12 11:51:00,57.0
2025-06-12 22:35:00,84.9
2025-06-12 01:42:00,34.6
2025-06-12 20:46:00,3.8
2025-06-12 23:05:00,13.6
2025-06-12 02:52:00,46.5
2025-06-12 02:17:00,16.5
2025-06-12 22:06:00,67.0
2025-06-12 06:51:00,89.1
2025-06-12 08:16:00,32.9
2025-06-12 11:48:00,34.7
2025-06-12 10:39:00,15.3
2025-06-12 22:20:00,68.5
2025-06-12 02:16:00,23.0
2025-06-12 11:33:00,98.5
2025-06-12 19:07:00,72.8
2025-06-12 17:58:00,50.15234640140434
2025-06-12 08:23:00,62.4
2025-06-12 16:30:00,28.6
2025-06-12 10:18:00,14.7
2025-06-12 20:58:00,7.6
2025-06-12 03:06:00,50.15234640140434
2025-06-12 12:04:00,54.4
2025-06-12 19:13:00,50.15234640140434
2025-06-12 05:21:00,50.15234640140434
2025-06-12 02:56:00,50.15234640140434
2025-06-12 16:52:00,88.5
2025-06-12 11:58:00,11.8
2025-06-12 04:33:00,66.5
2025-06-12 08:55:00,50.15234640140434
2025-06-12 10:23:00,6.5
2025-06-12 20:03:00,44.4
2025-06-12 09:53:00,0.8
2025-06-12 02:34:00,69.3
2025-06-12 00:47:00,50.4
2025-06-12 11:02:00,19.2
2025-06-12 11:04:00,46.2
2025-06-12 10:57:00,47.9
2025-06-12 05:43:00,39.9
2025-06-12 07:12:00,50.15234640140434
2025-06-12 08:46:00,27.4
2025-06-12 11:46:00,72.4
2025-06-12 04:02:00,68.6
2025-06-12 05:18:00,48.5
2025-06-12 15:30:00,57.7
2025-06-12 17:44:00,55.7
2025-06-12 17:11:00,2.4
2025-06-12 15:29:00,43.2
2025-06-12 19:59:00,40.9
2025-06-12 02:40:00,13.4
2025-06-12 05:03:00,76.5
2025-06-12 21:11:00,50.15234640140434
2025-06-12 22:17:00,4.6
2025-06-12 20:36:00,37.9
2025-06-12 05:36:00,40.6
2025-06-12 04:48:00,50.15234640140434
2025-06-12 16:07:00,70.8
2025-06-12 11:25:00,54.3
2025-06-12 19:39:00,11.8
2025-06-12 15:00:00,37.8
2025-06-12 13:08:00,19.4
2025-06-12 19:02:00,56.3
2025-06-12 07:46:00,43.8
2025-06-12 07:38:00,76.8
2025-06-12 19:35:00,18.2
2025-06-12 23:55:00,50.15234640140434
2025-06-12 15:42:00,98.0
2025-06-12 09:49:00,33.3
2025-06-12 05:02:00,67.1
2025-06-12 14:38:00,50.15234640140434
2025-06-12 15:57:00,32.3
2025-06-12 17:38:00,59.7
2025-06-12 10:03:00,50.15234640140434
2025-06-12 01:06:00,26.6
2025-06-12 19:03:00,60.0
2025-06-12 11:44:00,19.9
2025-06-12 20:34:00,14.8
2025-06-12 23:20:00,52.4
2025-06-12 02:10:00,15.3
2025-06-12 09:39:00,49.2
2025-06-12 03:15:00,21.3
2025-06-12 06:07:00,60.8
2025-06-12 08:43:00,62.1
2025-06-12 12:10:00,50.15234640140434
2025-06-12 07:52:00,32.3
2025-06-12 00:11:00,44.5
2025-06-12 11:06:00,25.7
2025-06-12 08:32:00,50.15234640140434
2025-06-12 08:26:00,50.15234640140434
2025-06-12 07:04:00,45.4
2025-06-12 12:18:00,50.15234640140434
2025-06-12 04:11:00,77.9
2025-06-12 14:44:00,59.5
2025-06-12 13:00:00,45.3
2025-06-12 21:54:00,50.15234640140434
2025-06-12 20:39:00,13.7
2025-06-12 08:53:00,61.1
2025-06-12 03:45:00,96.6
2025-06-12 14:36:00,50.15234640140434
2025-06-12 10:51:00,95.4
2025-06-12 14:37:00,50.15234640140434
2025-06-12 15:34:00,50.15234640140434
2025-06-12 12:12:00,80.7
2025-06-12 12:05:00,14.5
2025-06-12 19:23:00,50.15234640140434
2025-06-12 23:14:00,94.6
2025-06-12 20:52:00,17.7
2025-06-12 13:24:00,85.7
2025-06-12 02:06:00,57.8
2025-06-12 12:20:00,35.7
2025-06-12 01:01:00,51.0
2025-06-12 16:01:00,85.9
2025-06-12 22:31:00,4.1
2025-06-12 16:44:00,50.15234640140434
2025-06-12 06:43:00,50.15234640140434
2025-06-12 19:29:00,34.9
2025-06-12 12:56:00,61.4
2025-06-12 19:28:00,73.5
2025-06-12 11:13:00,54.8
2025-06-12 09:36:00,70.6
2025-06-12 02:28:00,88.3
2025-06-12 07:42:00,99.5
2025-06-12 04:09:00,6.3
2025-06-12 23:58:00,67.5
2025-06-12 23:07:00,40.1
2025-06-12 13:45:00,10.2
2025-06-12 04:45:00,34.2
2025-06-12 13:44:00,99.2
2025-06-12 10:13:00,63.8
2025-06-12 22:46:00,68.1
2025-06-12 18:50:00,50.15234640140434
2025-06-12 09:06:00,33.2
2025-06-12 01:47:00,86.8
2025-06-12 21:25:00,26.2
2025-06-12 06:32:00,86.4
2025-06-12 12:47:00,50.15234640140434
2025-06-12 01:55:00,71.3
2025-06-12 12:24:00,11.1
2025-06-12 11:21:00,40.6
2025-06-12 19:50:00,47.5
2025-06-12 16:43:00,65.7
2025-06-12 15:14:00,50.15234640140434
2025-06-12 00:42:00,67.3
2025-06-12 20:27:00,59.0
2025-06-12 12:03:00,50.8
2025-06-12 23:31:00,66.0
2025-06-12 10:55:00,65.2
2025-06-12 18:30:00,19.9
2025-06-12 23:16:00,61.0
2025-06-12 18:12:00,9.2
2025-06-12 04:44:00,61.5
2025-06-12 11:05:00,39.2
2025-06-12 05:25:00,9.6
2025-06-12 06:37:00,16.6
2025-06-12 13:23:00,89.3
2025-06-12 21:44:00,82.8
2025-06-12 03:12:00,37.6
2025-06-12 12:59:00,73.9
2025-06-12 14:20:00,50.15234640140434
2025-06-12 03:18:00,83.4
2025-06-12 19:48:00,27.3
2025-06-12 18:06:00,69.2
2025-06-12 00:50:00,82.2
2025-06-12 22:15:00,17.0
2025-06-12 18:45:00,6.9
2025-06-12 01:15:00,5.3
2025-06-12 21:32:00,50.15234640140434
2025-06-12 03:17:00,94.9
2025-06-12 23:24:00,41.2
2025-06-12 01:34:00,43.8
2025-06-12 12:57:00,53.2
2025-06-12 10:43:00,50.15234640140434
2025-06-12 03:54:00,53.2
2025-06-12 19:37:00,50.15234640140434
2025-06-12 04:46:00,22.2
2025-06-12 14:22:00,50.15234640140434
2025-06-12 17:03:00,50.15234640140434
2025-06-12 07:20:00,72.6
2025-06-12 02:11:00,59.5
2025-06-12 21:59:00,62.0
2025-06-12 08:24:00,88.3
2025-06-12 08:45:00,70.5
2025-06-12 22:41:00,69.4
2025-06-12 01:33:00,23.2
2025-06-12 08:13:00,14.1
2025-06-12 12:02:00,50.15234640140434
2025-06-12 06:20:00,43.0
2025-06-12 22:48:00,36.8
2025-06-12 17:00:00,67.7
2025-06-12 17:36:00,81.0
2025-06-12 06:53:00,41.8
2025-06-12 03:14:00,76.9
2025-06-12 20:06:00,89.5
2025-06-12 11:30:00,76.4
2025-06-12 02:38:00,88.4
2025-06-12 12:29:00,28.1
2025-06-12 11:00:00,24.4
2025-06-12 17:27:00,74.5
2025-06-12 00:41:00,57.1
2025-06-12 10:04:00,22.7
2025-06-12 01:49:00,14.2
2025-06-12 00:03:00,75.5
2025-06-12 10:33:00,49.8
2025-06-12 07:23:00,20.7
2025-06-12 15:21:00,75.4
2025-06-12 07:11:00,69.2
2025-06-12 20:29:00,50.15747328871669
2025-06-12 11:37:00,15.4
2025-06-12 12:08:00,90.0
2025-06-12 00:04:00,91.5
2025-06-12 05:31:00,10.5
2025-06-12 00:28:00,82.5
2025-06-12 00:53:00,32.5
2025-06-12 22:32:00,68.4
2025-06-12 23:41:00,35.7
2025-06-12 10:27:00,95.4
2025-06-12 10:14:00,85.3
2025-06-12 17:25:00,31.5
2025-06-12 16:44:00,42.4
2025-06-12 14:11:00,50.15747328871669
2025-06-12 15:30:00,93.1
2025-06-12 10:25:00,8.5
2025-06-12 09:18:00,46.8
2025-06-12 02:10:00,30.6
2025-06-12 16:39:00,11.5
2025-06-12 21:27:00,97.9
2025-06-12 03:01:00,40.6
2025-06-12 16:29:00,56.7
2025-06-12 16:36:00,88.8
2025-06-12 05:00:00,16.4
2025-06-12 03:51:00,27.6
2025-06-12 21:19:00,74.9
2025-06-12 12:48:00,37.7
2025-06-12 08:16:00,48.9
2025-06-12 17:31:00,45.4
2025-06-12 13:44:00,3.8
2025-06-12 01:27:00,69.3
2025-06-12 12:32:00,77.7
2025-06-12 23:57:00,6.9
2025-06-12 18:44:00,26.4
2025-06-12 16:13:00,34.8
2025-06-12 17:51:00,15.2
2025-06-12 08:08:00,98.8
2025-06-12 09:51:00,48.6
2025-06-12 01:52:00,43.3
2025-06-12 21:25:00,47.9
2025-06-12 18:55:00,73.8
2025-06-12 19:48:00,29.4
2025-06-12 12:19:00,62.8
2025-06-12 17:04:00,15.8
2025-06-12 19:39:00,73.9
2025-06-12 19:52:00,50.15747328871669
2025-06-12 20:43:00,70.5
2025-06-12 18:46:00,85.5
2025-06-12 22:54:00,75.8
2025-06-12 20:56:00,74.7
2025-06-12 13:37:00,57.9
2025-06-12 07:42:00,62.7
2025-06-12 02:53:00,79.5
2025-06-12 01:39:00,6.5
2025-06-12 11:01:00,50.15747328871669
2025-06-12 23:27:00,34.9
2025-06-12 01:47:00,10.6
2025-06-12 11:53:00,32.0
2025-06-12 22:06:00,83.5
2025-06-12 06:45:00,70.0
2025-06-12 14:27:00,45.0
2025-06-12 22:48:00,47.8
2025-06-12 14:57:00,32.5
2025-06-12 15:45:00,5.3
2025-06-12 13:07:00,50.15747328871669
2025-06-12 16:50:00,50.15747328871669
2025-06-12 05:33:00,53.6
2025-06-12 20:49:00,50.15747328871669
2025-06-12 08:54:00,63.7
2025-06-12 04:03:00,50.15747328871669
2025-06-12 12:52:00,96.4
2025-06-12 20:46:00,54.8
2025-06-12 10:03:00,16.0
2025-06-12 17:49:00,33.1
2025-06-12 21:52:00,8.0
2025-06-12 20:14:00,79.7
2025-06-12 07:36:00,96.5
2025-06-12 01:50:00,70.3
2025-06-12 16:20:00,95.6
2025-06-12 03:10:00,63.5
2025-06-12 07:34:00,67.8
2025-06-12 18:48:00,2.6
2025-06-12 01:48:00,16.5
2025-06-12 12:28:00,50.15747328871669
2025-06-12 11:55:00,35.4
2025-06-12 16:15:00,10.1
2025-06-12 08:58:00,77.0
2025-06-12 16:18:00,43.0
2025-06-12 01:55:00,54.7
2025-06-12 21:59:00,1.9
2025-06-12 19:09:00,78.6
2025-06-12 09:02:00,73.3
2025-06-12 22:10:00,90.5
2025-06-12 15:29:00,54.9
2025-06-12 04:33:00,50.15747328871669
2025-06-12 11:59:00,81.6
2025-06-12 03:02:00,97.6
2025-06-12 12:34:00,65.8
2025-06-12 17:28:00,4.6
2025-06-12 12:15:00,73.8
2025-06-12 03:11:00,50.15747328871669
2025-06-12 10:12:00,32.9
2025-06-12 04:54:00,18.2
2025-06-12 21:34:00,68.5
2025-06-12 18:42:00,23.5
2025-06-12 21:02:00,50.15747328871669
2025-06-12 10:39:00,74.5
2025-06-12 08:39:00,81.0
2025-06-12 09:41:00,26.3
2025-06-12 04:34:00,30.0
2025-06-12 10:32:00,59.3
2025-06-12 19:05:00,47.4
2025-06-12 19:44:00,55.5
2025-06-12 13:29:00,40.3
2025-06-12 20:25:00,3.1
2025-06-12 18:45:00,28.5
2025-06-12 07:24:00,50.15747328871669
2025-06-12 02:28:00,18.2
2025-06-12 02:06:00,79.2
2025-06-12 15:33:00,96.6
2025-06-12 08:41:00,58.0
2025-06-12 03:31:00,74.2
2025-06-12 18:05:00,14.9
2025-06-12 13:54:00,59.1
2025-06-12 04:57:00,25.4
2025-06-12 07:15:00,50.15747328871669
2025-06-12 20:58:00,52.0
2025-06-12 05:05:00,46.4
2025-06-12 09:45:00,22.9
2025-06-12 02:12:00,50.15747328871669
2025-06-12 14:03:00,21.7
2025-06-12 08:30:00,35.3
2025-06-12 03:19:00,51.6
2025-06-12 09:13:00,48.8
2025-06-12 12:02:00,99.7
2025-06-12 11:17:00,33.2
2025-06-12 13:53:00,50.15747328871669
2025-06-12 22:27:00,98.9
2025-06-12 10:43:00,26.4
2025-06-12 14:53:00,54.0
2025-06-12 06:51:00,60.2
2025-06-12 09:09:00,78.2
2025-06-12 12:47:00,1.5
2025-06-12 01:35:00,5.2
2025-06-12 07:30:00,50.15747328871669
2025-06-12 02:37:00,46.6
2025-06-12 15:28:00,50.15747328871669
2025-06-12 15:20:00,59.8
2025-06-12 10:05:00,50.2
2025-06-12 08:33:00,77.6
2025-06-12 11:08:00,15.8
2025-06-12 21:11:00,84.5
2025-06-12 03:52:00,65.9
2025-06-12 09:49:00,67.9
2025-06-12 17:45:00,48.8
2025-06-12 05:38:00,24.3
2025-06-12 05:14:00,23.4
2025-06-12 14:10:00,50.15747328871669
2025-06-12 19:38:00,10.2
2025-06-12 04:27:00,37.5
2025-06-12 17:03:00,20.2
2025-06-12 12:18:00,40.0
2025-06-12 23:52:00,79.3
2025-06-12 15:44:00,50.15747328871669
2025-06-12 20:22:00,20.3
2025-06-12 05:55:00,41.0
2025-06-12 21:28:00,50.15747328871669
2025-06-12 07:06:00,95.1
2025-06-12 11:11:00,93.4
2025-06-12 23:34:00,30.2
2025-06-12 03:07:00,58.8
2025-06-12 05:27:00,44.3
2025-06-12 05:51:00,69.3
2025-06-12 18:18:00,45.3
2025-06-12 02:45:00,93.8
2025-06-12 14:46:00,37.2
2025-06-12 03:13:00,41.7
2025-06-12 21:50:00,66.2
2025-06-12 13:43:00,92.1
2025-06-12 21:05:00,49.0
2025-06-12 12:49:00,60.0
2025-06-12 06:33:00,85.5
2025-06-12 23:23:00,50.15747328871669
2025-06-12 00:21:00,93.3
2025-06-12 17:21:00,34.3
2025-06-12 16:23:00,50.15747328871669
2025-06-12 14:23:00,6.3
2025-06-12 14:45:00,11.8
2025-06-12 00:03:00,49.4
2025-06-12 23:40:00,14.8
2025-06-12 18:41:00,92.7
2025-06-12 21:20:00,73.7
2025-06-12 03:56:00,2.0
2025-06-12 11:18:00,15.6
2025-06-12 06:43:00,50.15747328871669
2025-06-12 16:21:00,58.7
2025-06-12 08:52:00,86.6
2025-06-12 22:43:00,70.6
2025-06-12 01:49:00,67.2
2025-06-12 11:23:00,50.15747328871669
2025-06-12 12:37:00,75.1
2025-06-12 01:36:00,93.6
2025-06-12 09:23:00,50.15747328871669
2025-06-12 14:21:00,71.8
2025-06-12 05:07:00,19.3
2025-06-12 15:07:00,50.15747328871669
2025-06-12 01:00:00,78.4
2025-06-12 19:54:00,6.9
2025-06-12 17:34:00,50.15747328871669
2025-06-12 13:34:00,92.6
2025-06-12 07:26:00,50.15747328871669
2025-06-12 23:59:00,50.15747328871669
2025-06-12 21:08:00,6.6
2025-06-12 16:54:00,87.7
2025-06-12 12:51:00,50.15747328871669
2025-06-12 12:09:00,70.7
2025-06-12 05:30:00,23.1
2025-06-12 16:02:00,83.1
2025-06-12 12:39:00,50.15747328871669
2025-06-12 04:52:00,1.6
2025-06-12 19:04:00,50.15747328871669
2025-06-12 09:22:00,50.15747328871669
2025-06-12 04:19:00,59.9
2025-06-12 00:45:00,13.1
2025-06-12 16:12:00,67.0
2025-06-12 04:14:00,47.5
2025-06-12 04:46:00,8.7
2025-06-12 04:13:00,26.5
2025-06-12 06:57:00,61.2
2025-06-12 21:43:00,17.0
2025-06-12 07:18:00,50.15747328871669
2025-06-12 10:34:00,93.5
2025-06-12 00:13:00,62.7
2025-06-12 19:35:00,3.6
2025-06-12 21:18:00,87.8
2025-06-12 01:17:00,69.4
2025-06-12 15:51:00,7.9
2025-06-12 11:33:00,67.1
2025-06-12 22:46:00,72.4
2025-06-12 19:18:00,81.7
2025-06-12 00:14:00,37.8
2025-06-12 18:31:00,76.3
2025-06-12 15:13:00,6.9
2025-06-12 18:11:00,6.5
2025-06-12 18:04:00,62.6
2025-06-12 05:45:00,68.5
2025-06-12 03:42:00,30.3
2025-06-12 04:58:00,50.15747328871669
2025-06-12 16:22:00,66.4
2025-06-12 13:38:00,67.8
2025-06-12 12:27:00,45.4
2025-06-12 16:35:00,91.8
2025-06-12 18:33:00,8.0
2025-06-12 09:27:00,50.15747328871669
2025-06-12 18:54:00,31.9
2025-06-12 22:29:00,35.8
2025-06-12 06:56:00,41.0
2025-06-12 11:05:00,86.0
2025-06-12 05:39:00,78.4
2025-06-12 10:15:00,94.5
2025-06-12 17:39:00,5.6
2025-06-12 02:56:00,40.4
2025-06-12 09:59:00,9.3
2025-06-12 07:49:00,50.15747328871669
2025-06-12 00:36:00,70.8
2025-06-12 06:26:00,17.3
2025-06-12 15:35:00,2.5
2025-06-12 20:15:00,98.9
2025-06-12 21:09:00,63.6
2025-06-12 08:18:00,52.1
2025-06-12 05:22:00,50.15747328871669
2025-06-12 01:05:00,82.1
2025-06-12 07:20:00,50.15747328871669
2025-06-12 13:47:00,50.3
2025-06-12 01:41:00,50.15747328871669
2025-06-12 22:52:00,39.0
2025-06-12 01:25:00,6.2
2025-06-12 09:05:00,47.6
2025-06-12 13:30:00,79.3
2025-06-12 00:39:00,77.3
2025-06-12 17:48:00,24.0
2025-06-12 02:17:00,24.8
2025-06-12 02:03:00,15.4
2025-06-12 20:33:00,82.9
2025-06-12 19:37:00,54.6
2025-06-12 00:17:00,56.0
2025-06-12 12:12:00,76.9
2025-06-12 04:09:00,79.6
2025-06-12 07:22:00,70.4
2025-06-12 14:59:00,63.0
2025-06-12 06:09:00,33.4
2025-06-12 01:34:00,0.9
2025-06-12 09:14:00,50.15747328871669
2025-06-12 18:34:00,60.5
2025-06-12 22:00:00,41.8
2025-06-12 14:54:00,26.7
2025-06-12 08:24:00,16.5
2025-06-12 09:08:00,37.6
2025-06-12 05:48:00,70.5
2025-06-12 10:06:00,89.2
2025-06-12 12:10:00,99.9
2025-06-12 21:44:00,33.4
2025-06-12 05:17:00,50.15747328871669
2025-06-12 22:44:00,11.9
2025-06-12 09:00:00,61.6
2025-06-12 17:24:00,64.9
2025-06-12 07:07:00,75.1
2025-06-12 15:37:00,79.2
2025-06-12 04:23:00,40.2
2025-06-12 01:31:00,68.5
2025-06-12 23:28:00,13.7
2025-06-12 05:10:00,50.15747328871669
2025-06-12 16:28:00,40.5
2025-06-12 13:51:00,99.2
2025-06-12 18:06:00,11.1
2025-06-12 03:36:00,50.15747328871669
2025-06-12 10:24:00,68.2
2025-06-12 10:37:00,69.9
2025-06-12 17:50:00,48.4
2025-06-12 13:33:00,50.15747328871669
2025-06-12 14:17:00,20.4
2025-06-12 22:23:00,27.0
2025-06-12 04:00:00,95.1
2025-06-12 15:22:00,61.8
2025-06-12 04:31:00,2.5
2025-06-12 23:36:00,50.07997412982127
2025-06-12 10:21:00,75.8
2025-06-12 14:22:00,81.7
2025-06-12 03:13:00,18.8
2025-06-12 00:40:00,63.2
2025-06-12 18:41:00,16.8
2025-06-12 00:12:00,26.5
2025-06-12 01:19:00,49.5
2025-06-12 07:38:00,50.07997412982127
2025-06-12 03:38:00,94.4
2025-06-12 21:36:00,50.07997412982127
2025-06-12 14:05:00,36.1
2025-06-12 06:37:00,50.07997412982127
2025-06-12 18:35:00,50.07997412982127
2025-06-12 18:18:00,3.9
2025-06-12 20:31:00,68.4
2025-06-12 18:19:00,36.8
2025-06-12 23:53:00,61.6
2025-06-12 09:28:00,6.4
2025-06-12 14:00:00,94.0
2025-06-12 00:44:00,37.4
2025-06-12 05:52:00,50.07997412982127
2025-06-12 10:41:00,17.8
2025-06-12 00:18:00,77.8
2025-06-12 12:41:00,5.6
2025-06-12 01:13:00,74.4
2025-06-12 19:58:00,57.5
2025-06-12 23:51:00,90.2
2025-06-12 05:37:00,36.3
2025-06-12 17:16:00,50.07997412982127
2025-06-12 04:40:00,15.2
2025-06-12 15:33:00,54.6
2025-06-12 08:33:00,50.07997412982127
2025-06-12 22:55:00,57.8
2025-06-12 09:58:00,99.4
2025-06-12 16:34:00,50.07997412982127
2025-06-12 09:14:00,17.4
2025-06-12 02:47:00,50.07997412982127
2025-06-12 12:20:00,50.07997412982127
2025-06-12 09:56:00,50.07997412982127
2025-06-12 06:30:00,32.2
2025-06-12 07:01:00,86.7
2025-06-12 03:27:00,71.4
2025-06-12 10:56:00,31.2
2025-06-12 23:02:00,50.07997412982127
2025-06-12 01:59:00,68.0
2025-06-12 19:13:00,50.07997412982127
2025-06-12 14:29:00,30.5
2025-06-12 18:45:00,16.4
2025-06-12 12:03:00,82.0
2025-06-12 10:07:00,59.5
2025-06-12 11:58:00,56.7
2025-06-12 01:15:00,21.0
2025-06-12 16:43:00,15.4
2025-06-12 11:03:00,50.07997412982127
2025-06-12 20:21:00,21.0
2025-06-12 06:47:00,80.4
2025-06-12 20:37:00,29.8
2025-06-12 23:11:00,60.8
2025-06-12 06:50:00,94.4
2025-06-12 21:12:00,57.5
2025-06-12 02:14:00,75.3
2025-06-12 08:40:00,97.4
2025-06-12 20:08:00,66.6
2025-06-12 22:04:00,58.1
2025-06-12 09:47:00,93.1
2025-06-12 20:55:00,50.07997412982127
2025-06-12 01:22:00,10.3
2025-06-12 16:53:00,45.8
2025-06-12 19:35:00,2.6
2025-06-12 23:12:00,50.07997412982127
2025-06-12 18:42:00,87.3
2025-06-12 10:20:00,50.07997412982127
2025-06-12 01:32:00,58.2
2025-06-12 22:34:00,44.5
2025-06-12 18:15:00,29.7
2025-06-12 02:54:00,26.1
2025-06-12 04:30:00,66.7
2025-06-12 09:59:00,50.07997412982127
2025-06-12 00:47:00,33.8
2025-06-12 04:18:00,50.07997412982127
2025-06-12 01:18:00,46.0
2025-06-12 21:21:00,50.07997412982127
2025-06-12 10:02:00,82.5
2025-06-12 18:17:00,50.07997412982127
2025-06-12 21:17:00,50.07997412982127
2025-06-12 18:16:00,12.6
2025-06-12 09:06:00,50.07997412982127
2025-06-12 13:55:00,56.3
2025-06-12 20:52:00,50.07997412982127
2025-06-12 20:26:00,16.3
2025-06-12 18:28:00,92.1
2025-06-12 18:22:00,90.5
2025-06-12 15:44:00,21.9
2025-06-12 07:10:00,30.1
2025-06-12 17:05:00,70.2
2025-06-12 14:44:00,1.1
2025-06-12 04:27:00,62.3
2025-06-12 17:48:00,8.6
2025-06-12 09:35:00,54.5
2025-06-12 11:59:00,27.4
2025-06-12 05:05:00,81.0
2025-06-12 19:02:00,50.07997412982127
2025-06-12 16:14:00,34.9
2025-06-12 02:16:00,50.07997412982127
2025-06-12 02:22:00,50.07997412982127
2025-06-12 11:00:00,82.8
2025-06-12 21:13:00,58.3
2025-06-12 15:19:00,65.8
2025-06-12 15:05:00,41.1
2025-06-12 09:04:00,50.07997412982127
2025-06-12 19:54:00,30.1
2025-06-12 05:26:00,5.1
2025-06-12 21:55:00,64.6
2025-06-12 08:08:00,5.3
2025-06-12 18:47:00,2.1
2025-06-12 00:22:00,4.5
2025-06-12 08:38:00,57.5
2025-06-12 23:06:00,97.8
2025-06-12 02:44:00,67.3
2025-06-12 01:20:00,50.07997412982127
2025-06-12 15:43:00,40.8
2025-06-12 23:04:00,4.4
2025-06-12 10:37:00,50.07997412982127
2025-06-12 06:06:00,94.1
2025-06-12 21:58:00,96.9
2025-06-12 06:01:00,33.8
2025-06-12 15:24:00,99.6
2025-06-12 00:08:00,74.6
2025-06-12 07:49:00,78.0
2025-06-12 21:14:00,50.07997412982127
2025-06-12 11:18:00,28.9
2025-06-12 08:23:00,55.2
2025-06-12 11:57:00,81.5
2025-06-12 09:13:00,39.5
2025-06-12 15:38:00,45.5
2025-06-12 15:51:00,50.07997412982127
2025-06-12 12:57:00,50.07997412982127
2025-06-12 04:32:00,13.8
2025-06-12 12:37:00,42.7
2025-06-12 23:43:00,85.9
2025-06-12 13:52:00,80.0
2025-06-12 07:14:00,13.8
2025-06-12 01:55:00,62.9
2025-06-12 21:46:00,80.3
2025-06-12 23:54:00,95.8
2025-06-12 09:42:00,30.7
2025-06-12 09:38:00,89.8
2025-06-12 09:37:00,85.5
2025-06-12 23:21:00,50.07997412982127
2025-06-12 14:19:00,8.3
2025-06-12 01:53:00,76.9
2025-06-12 20:20:00,85.5
2025-06-12 06:25:00,93.4
2025-06-12 21:18:00,17.4
2025-06-12 03:08:00,50.07997412982127
2025-06-12 03:48:00,46.5
2025-06-12 13:12:00,2.5
2025-06-12 15:03:00,11.4
2025-06-12 06:24:00,43.3
2025-06-12 15:30:00,80.2
2025-06-12 16:06:00,38.5
2025-06-12 18:36:00,50.07997412982127
2025-06-12 10:29:00,61.7
2025-06-12 12:36:00,11.0
2025-06-12 03:53:00,61.4
2025-06-12 20:41:00,51.0
2025-06-12 11:41:00,41.8
2025-06-12 00:19:00,24.1
2025-06-12 01:48:00,38.3
2025-06-12 20:25:00,42.8
2025-06-12 02:29:00,22.6
2025-06-12 07:57:00,50.07997412982127
2025-06-12 19:26:00,94.4
2025-06-12 00:23:00,77.2
2025-06-12 10:24:00,13.6
2025-06-12 10:43:00,32.9
2025-06-12 18:39:00,88.0
2025-06-12 03:12:00,29.8
2025-06-12 16:51:00,90.9
2025-06-12 03:18:00,50.07997412982127
2025-06-12 22:29:00,67.0
2025-06-12 00:15:00,17.5
2025-06-12 03:05:00,22.2
2025-06-12 14:43:00,97.6
2025-06-12 15:56:00,55.4
2025-06-12 22:07:00,81.3
2025-06-12 08:21:00,54.1
2025-06-12 23:47:00,61.6
2025-06-12 16:03:00,93.5
2025-06-12 21:44:00,1.5
2025-06-12 08:36:00,50.07997412982127
2025-06-12 17:28:00,65.2
2025-06-12 09:25:00,50.07997412982127
2025-06-12 10:08:00,57.6
2025-06-12 03:45:00,50.07997412982127
2025-06-12 09:01:00,50.07997412982127
2025-06-12 15:16:00,27.3
2025-06-12 23:18:00,50.07997412982127
2025-06-12 22:15:00,51.9
2025-06-12 04:50:00,17.6
2025-06-12 18:38:00,92.6
2025-06-12 15:08:00,97.2
2025-06-12 08:30:00,43.1
2025-06-12 07:13:00,94.0
2025-06-12 08:05:00,45.8
2025-06-12 18:34:00,27.5
2025-06-12 15:07:00,29.8
2025-06-12 16:08:00,15.0
2025-06-12 21:30:00,30.2
2025-06-12 03:51:00,64.7
2025-06-12 10:09:00,47.2
2025-06-12 17:14:00,30.6
2025-06-12 03:21:00,32.8
2025-06-12 08:54:00,66.3
2025-06-12 23:09:00,11.6
2025-06-12 03:47:00,88.0
2025-06-12 10:33:00,37.4
2025-06-12 06:07:00,13.7
2025-06-12 12:08:00,20.6
2025-06-12 12:32:00,25.6
2025-06-12 23:05:00,64.7
2025-06-12 04:13:00,6.1
2025-06-12 06:48:00,18.0
2025-06-12 12:38:00,97.4
2025-06-12 02:10:00,50.07997412982127
2025-06-12 23:48:00,75.6
2025-06-12 01:37:00,2.4
2025-06-12 20:39:00,65.4
2025-06-12 17:51:00,11.4
2025-06-12 15:54:00,80.6
2025-06-12 07:11:00,25.0
2025-06-12 14:18:00,50.07997412982127
2025-06-12 19:59:00,94.7
2025-06-12 20:04:00,4.5
2025-06-12 00:59:00,44.4
2025-06-12 12:28:00,26.0
2025-06-12 15:40:00,87.5
2025-06-12 21:49:00,88.7
2025-06-12 08:42:00,13.3
2025-06-12 01:38:00,97.7
2025-06-12 12:27:00,18.3
2025-06-12 22:42:00,68.5
2025-06-12 10:38:00,75.7
2025-06-12 00:13:00,70.7
2025-06-12 03:24:00,20.1
2025-06-12 06:12:00,70.2
2025-06-12 12:34:00,99.5
2025-06-12 00:49:00,6.9
2025-06-12 22:59:00,42.3
2025-06-12 03:17:00,87.9
2025-06-12 22:11:00,22.3
2025-06-12 07:56:00,50.07997412982127
2025-06-12 06:41:00,50.07997412982127
2025-06-12 05:11:00,65.2
2025-06-12 06:49:00,54.5
2025-06-12 08:55:00,50.07997412982127
2025-06-12 09:03:00,11.1
2025-06-12 05:55:00,84.4
2025-06-12 23:26:00,59.8
2025-06-12 13:33:00,26.5
2025-06-12 18:24:00,35.3
2025-06-12 14:46:00,20.7
2025-06-12 01:45:00,40.6
2025-06-12 10:12:00,66.0
2025-06-12 15:00:00,59.1
2025-06-12 22:38:00,50.07997412982127
2025-06-12 17:54:00,50.07997412982127
2025-06-12 07:22:00,50.07997412982127
2025-06-12 07:20:00,50.07997412982127
2025-06-12 05:54:00,14.1
2025-06-12 10:59:00,88.2
2025-06-12 00:28:00,91.5
2025-06-12 07:54:00,73.0
2025-06-12 12:05:00,55.9
2025-06-12 02:48:00,99.4
2025-06-12 16:45:00,2.7
2025-06-12 11:46:00,56.8
2025-06-12 15:14:00,48.8
2025-06-12 13:39:00,50.07997412982127
2025-06-12 18:05:00,31.6
2025-06-12 19:32:00,2.2
2025-06-12 18:56:00,16.9
2025-06-12 18:42:00,45.3
2025-06-12 23:46:00,43.3
2025-06-12 13:17:00,54.2
2025-06-12 13:31:00,58.9
2025-06-12 03:08:00,17.9
2025-06-12 14:42:00,83.2
2025-06-12 13:16:00,76.2
2025-06-12 22:29:00,42.9
2025-06-12 08:08:00,27.8
2025-06-12 03:41:00,90.2
2025-06-12 19:19:00,24.4
2025-06-12 19:29:00,48.4
2025-06-12 09:25:00,49.822039706925075
2025-06-12 02:16:00,16.3
2025-06-12 21:46:00,3.6
2025-06-12 10:06:00,8.6
2025-06-12 14:34:00,9.8
2025-06-12 23:49:00,49.822039706925075
2025-06-12 10:59:00,54.5
2025-06-12 08:48:00,7.6
2025-06-12 04:33:00,49.822039706925075
2025-06-12 13:37:00,43.2
2025-06-12 04:35:00,81.6
2025-06-12 11:28:00,26.1
2025-06-12 14:31:00,7.9
2025-06-12 04:08:00,84.8
2025-06-12 23:14:00,87.7
2025-06-12 03:37:00,19.6
2025-06-12 16:25:00,5.6
2025-06-12 01:47:00,67.0
2025-06-12 11:53:00,28.9
2025-06-12 11:46:00,98.8
2025-06-12 17:31:00,49.822039706925075
2025-06-12 05:26:00,33.0
2025-06-12 19:32:00,44.3
2025-06-12 20:26:00,79.4
2025-06-12 00:40:00,13.3
2025-06-12 11:48:00,45.1
2025-06-12 11:33:00,11.8
2025-06-12 08:31:00,32.9
2025-06-12 01:55:00,13.0
2025-06-12 19:50:00,91.4
2025-06-12 14:00:00,26.9
2025-06-12 09:53:00,46.0
2025-06-12 22:57:00,46.7
2025-06-12 13:22:00,7.3
2025-06-12 07:55:00,45.9
2025-06-12 09:54:00,49.822039706925075
2025-06-12 02:20:00,43.1
2025-06-12 06:25:00,67.6
2025-06-12 12:40:00,49.822039706925075
2025-06-12 11:02:00,74.7
2025-06-12 21:43:00,94.5
2025-06-12 23:24:00,78.9
2025-06-12 17:57:00,92.8
2025-06-12 09:27:00,49.822039706925075
2025-06-12 06:23:00,81.1
2025-06-12 05:28:00,89.8
2025-06-12 07:40:00,16.9
2025-06-12 18:13:00,74.9
2025-06-12 09:35:00,49.822039706925075
2025-06-12 23:08:00,81.1
2025-06-12 16:23:00,84.0
2025-06-12 13:26:00,17.6
2025-06-12 15:12:00,65.5
2025-06-12 03:29:00,70.3
2025-06-12 14:26:00,49.822039706925075
2025-06-12 18:15:00,85.3
2025-06-12 09:04:00,49.822039706925075
2025-06-12 12:34:00,88.2
2025-06-12 22:43:00,19.1
2025-06-12 06:43:00,95.3
2025-06-12 06:30:00,94.8
2025-06-12 07:12:00,49.822039706925075
2025-06-12 04:36:00,72.1
2025-06-12 07:44:00,63.0
2025-06-12 19:17:00,27.3
2025-06-12 16:09:00,77.1
2025-06-12 09:37:00,51.6
2025-06-12 01:22:00,31.1
2025-06-12 03:47:00,6.6
2025-06-12 11:41:00,69.1
2025-06-12 09:32:00,64.2
2025-06-12 12:03:00,78.1
2025-06-12 02:31:00,50.8
2025-06-12 03:52:00,31.6
2025-06-12 02:01:00,88.2
2025-06-12 21:48:00,70.0
2025-06-12 21:17:00,44.9
2025-06-12 23:31:00,22.8
2025-06-12 00:01:00,24.0
2025-06-12 20:35:00,49.822039706925075
2025-06-12 10:34:00,52.9
2025-06-12 20:22:00,19.0
2025-06-12 18:48:00,52.1
2025-06-12 07:46:00,82.1
2025-06-12 19:37:00,90.4
2025-06-12 15:48:00,23.8
2025-06-12 03:15:00,49.6
2025-06-12 10:49:00,49.822039706925075
2025-06-12 23:13:00,9.7
2025-06-12 22:47:00,76.9
2025-06-12 01:34:00,5.5
2025-06-12 19:57:00,21.9
2025-06-12 00:27:00,9.4
2025-06-12 21:04:00,58.3
2025-06-12 00:29:00,49.822039706925075
2025-06-12 20:16:00,60.0
2025-06-12 09:23:00,27.3
2025-06-12 12:57:00,40.4
2025-06-12 09:52:00,45.0
2025-06-12 18:11:00,19.1
2025-06-12 07:23:00,4.2
2025-06-12 06:20:00,90.5
2025-06-12 03:49:00,92.8
2025-06-12 15:37:00,62.6
2025-06-12 14:56:00,72.8
2025-06-12 01:12:00,49.822039706925075
2025-06-12 04:32:00,79.5
2025-06-12 17:44:00,48.9
2025-06-12 19:04:00,6.9
2025-06-12 12:15:00,90.8
2025-06-12 05:29:00,86.7
2025-06-12 21:35:00,49.822039706925075
2025-06-12 01:38:00,48.5
2025-06-12 06:14:00,21.1
2025-06-12 18:50:00,60.8
2025-06-12 04:46:00,52.9
2025-06-12 03:36:00,34.3
2025-06-12 06:05:00,73.7
2025-06-12 21:52:00,2.4
2025-06-12 17:37:00,49.822039706925075
2025-06-12 13:19:00,37.3
2025-06-12 06:24:00,59.7
2025-06-12 00:20:00,12.1
2025-06-12 13:49:00,49.822039706925075
2025-06-12 12:11:00,92.0
2025-06-12 14:54:00,49.822039706925075
2025-06-12 05:53:00,5.5
2025-06-12 21:57:00,49.822039706925075
2025-06-12 22:39:00,89.0
2025-06-12 09:07:00,42.9
2025-06-12 09:43:00,80.5
2025-06-12 23:38:00,59.5
2025-06-12 07:04:00,49.822039706925075
2025-06-12 16:45:00,87.2
2025-06-12 19:43:00,67.9
2025-06-12 10:27:00,6.2
2025-06-12 11:05:00,24.7
2025-06-12 15:05:00,49.822039706925075
2025-06-12 01:50:00,49.4
2025-06-12 12:13:00,68.1
2025-06-12 09:03:00,43.1
2025-06-12 00:04:00,6.0
2025-06-12 11:42:00,17.4
2025-06-12 00:57:00,85.3
2025-06-12 09:26:00,55.8
2025-06-12 12:55:00,16.3
2025-06-12 22:40:00,81.7
2025-06-12 04:48:00,56.0
2025-06-12 14:43:00,49.822039706925075
2025-06-12 15:28:00,4.1
2025-06-12 17:07:00,90.7
2025-06-12 11:49:00,16.3
2025-06-12 19:00:00,50.9
2025-06-12 17:18:00,88.5
2025-06-12 02:36:00,28.1
2025-06-12 09:39:00,57.1
2025-06-12 01:40:00,18.5
2025-06-12 16:19:00,1.7
2025-06-12 12:02:00,60.8
2025-06-12 01:13:00,94.4
2025-06-12 10:40:00,75.4
2025-06-12 04:24:00,26.5
2025-06-12 04:37:00,49.822039706925075
2025-06-12 18:25:00,28.7
2025-06-12 20:46:00,54.7
2025-06-12 14:27:00,26.8
2025-06-12 13:11:00,51.6
2025-06-12 11:36:00,79.0
2025-06-12 07:18:00,71.6
2025-06-12 09:24:00,45.4
2025-06-12 14:35:00,30.7
2025-06-12 04:15:00,49.4
2025-06-12 21:56:00,1.3
2025-06-12 12:10:00,95.3
2025-06-12 02:58:00,26.0
2025-06-12 22:16:00,53.7
2025-06-12 21:45:00,49.822039706925075
2025-06-12 07:49:00,35.6
2025-06-12 07:56:00,49.822039706925075
2025-06-12 12:23:00,79.3
2025-06-12 23:03:00,11.0
2025-06-12 09:11:00,44.0
2025-06-12 14:02:00,84.0
2025-06-12 09:47:00,14.6
2025-06-12 01:41:00,49.822039706925075
2025-06-12 00:25:00,71.9
2025-06-12 04:13:00,49.822039706925075
2025-06-12 01:11:00,91.2
2025-06-12 10:51:00,63.5
2025-06-12 07:39:00,69.8
2025-06-12 08:13:00,70.4
2025-06-12 18:27:00,55.4
2025-06-12 22:58:00,98.7
2025-06-12 13:14:00,80.2
2025-06-12 23:02:00,49.822039706925075
2025-06-12 23:34:00,60.9
2025-06-12 23:54:00,89.8
2025-06-12 07:16:00,18.8
2025-06-12 05:00:00,49.822039706925075
2025-06-12 22:08:00,98.1
2025-06-12 15:21:00,97.3
2025-06-12 19:13:00,65.3
2025-06-12 04:34:00,53.1
2025-06-12 20:12:00,74.3
2025-06-12 20:10:00,76.4
2025-06-12 17:59:00,71.0
2025-06-12 08:30:00,49.822039706925075
2025-06-12 16:20:00,49.822039706925075
2025-06-12 21:58:00,49.822039706925075
2025-06-12 06:13:00,11.9
2025-06-12 17:52:00,31.5
2025-06-12 09:29:00,21.9
2025-06-12 15:11:00,36.0
2025-06-12 17:10:00,67.7
2025-06-12 11:23:00,72.3
2025-06-12 02:24:00,90.4
2025-06-12 19:07:00,14.6
2025-06-12 07:17:00,33.7
2025-06-12 14:07:00,49.822039706925075
2025-06-12 13:47:00,36.3
2025-06-12 03:44:00,96.8
2025-06-12 01:20:00,56.2
2025-06-12 16:37:00,82.9
2025-06-12 01:18:00,58.2
2025-06-12 17:14:00,63.3
2025-06-12 04:01:00,34.9
2025-06-12 10:05:00,25.0
2025-06-12 11:44:00,88.1
2025-06-12 06:59:00,72.0
2025-06-12 23:51:00,31.2
2025-06-12 18:46:00,67.8
2025-06-12 16:36:00,53.9
2025-06-12 13:33:00,62.8
2025-06-12 04:12:00,49.822039706925075
2025-06-12 12:17:00,48.4
2025-06-12 22:59:00,67.2
2025-06-12 06:06:00,33.9
2025-06-12 14:22:00,49.822039706925075
2025-06-12 11:03:00,42.7
2025-06-12 01:30:00,32.2
2025-06-12 14:20:00,38.8
2025-06-12 16:35:00,71.7
2025-06-12 15:07:00,25.7
2025-06-12 21:00:00,87.3
2025-06-12 01:57:00,49.822039706925075
2025-06-12 21:03:00,52.1
2025-06-12 05:50:00,73.5
2025-06-12 04:43:00,78.8
2025-06-12 16:51:00,63.0
2025-06-12 22:55:00,49.822039706925075
2025-06-12 22:03:00,49.4
2025-06-12 15:43:00,49.822039706925075
2025-06-12 21:30:00,13.5
2025-06-12 04:39:00,41.2
2025-06-12 08:49:00,91.5
2025-06-12 23:00:00,22.0
2025-06-12 21:11:00,23.8
2025-06-12 18:47:00,68.3
2025-06-12 16:34:00,81.9
2025-06-12 02:17:00,49.822039706925075
2025-06-12 01:33:00,77.4
2025-06-12 14:28:00,84.7
2025-06-12 05:31:00,74.1
2025-06-12 18:35:00,61.2
2025-06-12 21:24:00,97.6
2025-06-12 00:45:00,27.9
2025-06-12 20:01:00,91.3
2025-06-12 06:10:00,6.3
2025-06-12 10:53:00,9.4
2025-06-12 12:30:00,30.9
2025-06-12 04:44:00,61.5
2025-06-12 11:30:00,20.3
2025-06-12 22:07:00,73.8
2025-06-12 12:34:00,50.313785814936594
2025-06-12 02:56:00,95.5
2025-06-12 10:49:00,0.3
2025-06-12 21:31:00,77.5
2025-06-12 14:32:00,50.313785814936594
2025-06-12 12:36:00,50.313785814936594
2025-06-12 06:43:00,6.1
2025-06-12 15:17:00,50.313785814936594
2025-06-12 08:56:00,65.3
2025-06-12 11:00:00,11.0
2025-06-12 13:22:00,50.313785814936594
2025-06-12 07:16:00,23.4
2025-06-12 04:53:00,46.9
2025-06-12 13:56:00,37.6
2025-06-12 06:19:00,54.0
2025-06-12 10:35:00,50.4
2025-06-12 08:22:00,94.2
2025-06-12 02:05:00,23.1
2025-06-12 23:32:00,43.2
2025-06-12 18:05:00,33.5
2025-06-12 09:52:00,50.313785814936594
2025-06-12 13:18:00,22.7
2025-06-12 23:37:00,24.7
2025-06-12 04:46:00,3.4
2025-06-12 03:22:00,54.0
2025-06-12 19:39:00,50.313785814936594
2025-06-12 18:31:00,63.2
2025-06-12 02:32:00,32.9
2025-06-12 23:02:00,86.1
2025-06-12 08:01:00,64.8
2025-06-12 02:53:00,50.313785814936594
2025-06-12 23:45:00,67.6
2025-06-12 13:23:00,47.2
2025-06-12 09:18:00,94.6
2025-06-12 18:50:00,24.5
2025-06-12 03:58:00,3.5
2025-06-12 02:45:00,51.3
2025-06-12 15:43:00,72.6
2025-06-12 06:28:00,18.5
2025-06-12 01:05:00,64.4
2025-06-12 02:48:00,98.7
2025-06-12 08:32:00,58.2
2025-06-12 01:46:00,50.313785814936594
2025-06-12 06:58:00,68.1
2025-06-12 09:09:00,40.3
2025-06-12 13:01:00,90.3
2025-06-12 11:51:00,50.313785814936594
2025-06-12 10:24:00,86.8
2025-06-12 13:59:00,63.7
2025-06-12 03:02:00,69.7
2025-06-12 02:42:00,3.1
2025-06-12 03:31:00,53.1
2025-06-12 09:48:00,47.2
2025-06-12 07:11:00,88.9
2025-06-12 07:56:00,50.313785814936594
2025-06-12 08:25:00,13.4
2025-06-12 01:50:00,40.4
2025-06-12 08:33:00,90.3
2025-06-12 10:53:00,39.2
2025-06-12 11:44:00,28.3
2025-06-12 17:09:00,63.0
2025-06-12 17:33:00,28.5
2025-06-12 14:10:00,23.7
2025-06-12 13:58:00,21.9
2025-06-12 08:05:00,40.1
2025-06-12 11:39:00,85.2
2025-06-12 06:42:00,84.3
2025-06-12 18:54:00,69.4
2025-06-12 22:23:00,50.313785814936594
2025-06-12 11:43:00,37.7
2025-06-12 21:30:00,52.5
2025-06-12 03:33:00,8.7
2025-06-12 00:37:00,50.313785814936594
2025-06-12 23:58:00,43.4
2025-06-12 22:43:00,42.1
2025-06-12 04:02:00,48.7
2025-06-12 12:04:00,14.2
2025-06-12 16:25:00,2.5
2025-06-12 16:34:00,47.3
2025-06-12 02:08:00,0.8
2025-06-12 02:00:00,50.313785814936594
2025-06-12 19:30:00,20.4
2025-06-12 05:59:00,81.5
2025-06-12 20:20:00,75.1
2025-06-12 05:01:00,88.7
2025-06-12 16:02:00,30.0
2025-06-12 22:52:00,49.7
2025-06-12 00:29:00,37.0
2025-06-12 23:33:00,65.1
2025-06-12 18:42:00,18.4
2025-06-12 22:59:00,66.4
2025-06-12 21:44:00,58.8
2025-06-12 08:27:00,60.3
2025-06-12 04:30:00,71.6
2025-06-12 11:20:00,12.8
2025-06-12 22:49:00,57.8
2025-06-12 00:39:00,67.5
2025-06-12 19:36:00,31.0
2025-06-12 20:21:00,46.4
2025-06-12 07:58:00,69.3
2025-06-12 06:06:00,69.1
2025-06-12 04:50:00,29.4
2025-06-12 22:32:00,30.6
2025-06-12 05:51:00,91.9
2025-06-12 16:59:00,80.0
2025-06-12 01:15:00,40.8
2025-06-12 18:08:00,56.3
2025-06-12 12:40:00,11.7
2025-06-12 17:58:00,58.0
2025-06-12 08:57:00,59.2
2025-06-12 08:12:00,34.5
2025-06-12 03:18:00,18.4
2025-06-12 18:36:00,88.1
2025-06-12 12:17:00,82.9
2025-06-12 16:48:00,50.313785814936594
2025-06-12 05:21:00,50.313785814936594
2025-06-12 00:46:00,50.313785814936594
2025-06-12 01:11:00,50.313785814936594
2025-06-12 08:52:00,10.3
2025-06-12 17:11:00,15.4
2025-06-12 04:49:00,50.313785814936594
2025-06-12 09:54:00,88.0
2025-06-12 17:35:00,94.9
2025-06-12 14:27:00,50.313785814936594
2025-06-12 18:20:00,88.9
2025-06-12 18:41:00,42.5
2025-06-12 18:14:00,94.6
2025-06-12 11:05:00,32.9
2025-06-12 03:25:00,4.5
2025-06-12 09:10:00,50.313785814936594
2025-06-12 21:08:00,5.4
2025-06-12 07:15:00,23.5
2025-06-12 12:09:00,42.7
2025-06-12 00:26:00,54.5
2025-06-12 22:45:00,13.7
2025-06-12 22:46:00,9.5
2025-06-12 21:56:00,16.1
2025-06-12 19:22:00,81.2
2025-06-12 05:35:00,56.2
2025-06-12 07:38:00,84.8
2025-06-12 23:48:00,55.0
2025-06-12 04:18:00,22.4
2025-06-12 08:38:00,50.313785814936594
2025-06-12 08:43:00,59.3
2025-06-12 12:02:00,60.4
2025-06-12 19:34:00,96.9
2025-06-12 01:49:00,55.4
2025-06-12 03:32:00,11.4
2025-06-12 21:34:00,89.3
2025-06-12 14:51:00,50.313785814936594
2025-06-12 10:38:00,63.1
2025-06-12 07:21:00,60.9
2025-06-12 17:56:00,57.5
2025-06-12 10:14:00,32.7
2025-06-12 12:19:00,50.313785814936594
2025-06-12 02:14:00,8.6
2025-06-12 01:38:00,30.7
2025-06-12 22:04:00,11.5
2025-06-12 12:58:00,64.7
2025-06-12 20:25:00,63.3
2025-06-12 04:04:00,50.313785814936594
2025-06-12 19:12:00,50.313785814936594
2025-06-12 08:45:00,21.2
2025-06-12 05:11:00,87.8
2025-06-12 09:23:00,85.9
2025-06-12 11:37:00,49.9
2025-06-12 15:23:00,19.9
2025-06-12 10:48:00,90.0
2025-06-12 11:32:00,0.5
2025-06-12 19:19:00,8.2
2025-06-12 06:08:00,39.4
2025-06-12 04:25:00,25.6
2025-06-12 06:22:00,19.9
2025-06-12 17:00:00,17.0
2025-06-12 12:03:00,48.7
2025-06-12 08:02:00,76.3
2025-06-12 20:12:00,50.313785814936594
2025-06-12 01:20:00,99.3
2025-06-12 15:09:00,99.8
2025-06-12 09:07:00,0.2
2025-06-12 20:35:00,81.9
2025-06-12 13:08:00,50.313785814936594
2025-06-12 04:35:00,34.3
2025-06-12 21:20:00,50.313785814936594
2025-06-12 10:45:00,84.6
2025-06-12 10:51:00,64.1
2025-06-12 16:57:00,93.1
2025-06-12 21:46:00,13.0
2025-06-12 10:15:00,88.8
2025-06-12 19:40:00,66.1
2025-06-12 04:08:00,63.8
2025-06-12 04:58:00,76.0
2025-06-12 14:31:00,51.3
2025-06-12 21:49:00,36.6
2025-06-12 05:37:00,72.7
2025-06-12 14:56:00,78.7
2025-06-12 18:52:00,59.9
2025-06-12 21:01:00,83.8
2025-06-12 17:17:00,8.8
2025-06-12 01:31:00,48.5
2025-06-12 20:05:00,82.1
2025-06-12 17:30:00,30.1
2025-06-12 04:24:00,68.2
2025-06-12 16:20:00,61.2
2025-06-12 05:14:00,90.6
2025-06-12 00:17:00,11.0
2025-06-12 06:18:00,2.4
2025-06-12 12:49:00,73.5
2025-06-12 12:46:00,24.7
2025-06-12 10:08:00,8.4
2025-06-12 02:24:00,50.313785814936594
2025-06-12 02:16:00,50.313785814936594
2025-06-12 17:15:00,39.9
2025-06-12 04:28:00,85.9
2025-06-12 17:14:00,77.5
2025-06-12 11:45:00,3.0
2025-06-12 16:22:00,35.6
2025-06-12 07:49:00,50.313785814936594
2025-06-12 12:55:00,88.1
2025-06-12 13:17:00,89.0
2025-06-12 04:09:00,33.7
2025-06-12 19:02:00,66.3
2025-06-12 02:59:00,7.0
2025-06-12 11:53:00,22.3
2025-06-12 05:48:00,16.0
2025-06-12 11:22:00,75.9
2025-06-12 20:48:00,50.313785814936594
2025-06-12 12:57:00,99.3
2025-06-12 16:56:00,59.7
2025-06-12 23:29:00,4.1
2025-06-12 19:28:00,0.3
2025-06-12 05:43:00,86.4
2025-06-12 13:20:00,50.313785814936594
2025-06-12 10:25:00,32.3
2025-06-12 20:23:00,97.8
2025-06-12 20:57:00,93.8
2025-06-12 05:36:00,79.8
2025-06-12 04:12:00,22.3
2025-06-12 09:21:00,81.6
2025-06-12 17:29:00,41.1
2025-06-12 01:02:00,60.7
2025-06-12 23:56:00,74.9
2025-06-12 01:13:00,93.7
2025-06-12 05:27:00,36.3
2025-06-12 11:52:00,68.5
2025-06-12 14:12:00,50.313785814936594
2025-06-12 00:09:00,32.1
2025-06-12 03:48:00,61.5
2025-06-12 01:39:00,93.1
2025-06-12 13:30:00,43.6
2025-06-12 15:14:00,90.4
2025-06-12 09:38:00,26.6
2025-06-12 08:58:00,50.313785814936594
2025-06-12 21:54:00,50.6
2025-06-12 19:48:00,70.9
2025-06-12 05:03:00,25.2
2025-06-12 04:23:00,23.0
2025-06-12 19:04:00,50.313785814936594
2025-06-12 05:28:00,64.6
2025-06-12 10:30:00,58.2
2025-06-12 18:04:00,85.8
2025-06-12 08:33:00,39.3
2025-06-12 22:54:00,19.6
2025-06-12 01:53:00,49.947505013566115
2025-06-12 03:18:00,51.2
2025-06-12 08:14:00,40.7
2025-06-12 03:15:00,25.1
2025-06-12 16:54:00,49.947505013566115
2025-06-12 06:34:00,17.4
2025-06-12 10:29:00,41.9
2025-06-12 06:43:00,76.1
2025-06-12 13:01:00,69.8
2025-06-12 22:26:00,9.2
2025-06-12 05:30:00,85.0
2025-06-12 22:07:00,7.7
2025-06-12 09:05:00,31.2
2025-06-12 20:24:00,34.6
2025-06-12 15:03:00,55.6
2025-06-12 10:32:00,54.8
2025-06-12 18:16:00,0.1
2025-06-12 08:24:00,20.3
2025-06-12 20:09:00,76.2
2025-06-12 01:24:00,5.2
2025-06-12 13:16:00,22.9
2025-06-12 01:13:00,29.4
2025-06-12 02:38:00,45.4
2025-06-12 14:57:00,1.7
2025-06-12 10:12:00,49.947505013566115
2025-06-12 13:29:00,49.947505013566115
2025-06-12 05:03:00,75.2
2025-06-12 02:01:00,40.6
2025-06-12 22:17:00,49.0
2025-06-12 20:12:00,24.7
2025-06-12 06:11:00,9.1
2025-06-12 19:50:00,31.5
2025-06-12 17:12:00,49.6
2025-06-12 06:05:00,53.1
2025-06-12 16:55:00,20.1
2025-06-12 02:35:00,49.947505013566115
2025-06-12 23:14:00,74.2
2025-06-12 03:45:00,12.9
2025-06-12 02:00:00,27.9
2025-06-12 06:55:00,26.3
2025-06-12 01:10:00,49.947505013566115
2025-06-12 23:54:00,39.8
2025-06-12 06:46:00,49.947505013566115
2025-06-12 09:23:00,76.2
2025-06-12 01:51:00,29.7
2025-06-12 23:34:00,36.6
2025-06-12 02:47:00,27.1
2025-06-12 05:47:00,28.1
2025-06-12 07:52:00,36.0
2025-06-12 00:11:00,49.947505013566115
2025-06-12 14:08:00,49.947505013566115
2025-06-12 08:15:00,76.7
2025-06-12 20:06:00,49.947505013566115
2025-06-12 00:16:00,49.947505013566115
2025-06-12 05:37:00,93.0
2025-06-12 09:41:00,70.2
2025-06-12 05:29:00,93.1
2025-06-12 02:18:00,54.0
2025-06-12 07:35:00,49.947505013566115
2025-06-12 10:06:00,97.7
2025-06-12 06:40:00,85.9
2025-06-12 15:02:00,86.1
2025-06-12 22:56:00,79.9
2025-06-12 02:48:00,85.0
2025-06-12 07:02:00,5.5
2025-06-12 14:09:00,21.0
2025-06-12 09:19:00,33.8
2025-06-12 07:03:00,49.947505013566115
2025-06-12 10:41:00,32.6
2025-06-12 19:09:00,22.0
2025-06-12 18:37:00,42.4
2025-06-12 00:43:00,36.9
2025-06-12 16:33:00,22.6
2025-06-12 20:01:00,49.947505013566115
2025-06-12 03:26:00,69.8
2025-06-12 15:20:00,27.4
2025-06-12 05:27:00,60.3
2025-06-12 18:35:00,69.0
2025-06-12 14:05:00,67.7
2025-06-12 18:46:00,49.947505013566115
2025-06-12 17:11:00,55.3
2025-06-12 03:35:00,49.947505013566115
2025-06-12 05:43:00,6.8
2025-06-12 05:01:00,49.947505013566115
2025-06-12 19:17:00,98.5
2025-06-12 16:46:00,29.2
2025-06-12 05:38:00,4.3
2025-06-12 07:50:00,63.7
2025-06-12 21:06:00,89.7
2025-06-12 06:52:00,77.2
2025-06-12 08:59:00,49.947505013566115
2025-06-12 06:57:00,49.947505013566115
2025-06-12 06:58:00,92.8
2025-06-12 23:31:00,13.3
2025-06-12 01:08:00,49.947505013566115
2025-06-12 00:17:00,55.7
2025-06-12 10:53:00,1.9
2025-06-12 09:09:00,12.7
2025-06-12 04:46:00,49.947505013566115
2025-06-12 05:12:00,61.2
2025-06-12 16:30:00,45.3
2025-06-12 09:33:00,49.947505013566115
2025-06-12 08:12:00,34.4
2025-06-12 22:25:00,49.947505013566115
2025-06-12 06:17:00,16.7
2025-06-12 23:08:00,61.7
2025-06-12 04:19:00,17.3
2025-06-12 01:15:00,30.4
2025-06-12 07:11:00,37.8
2025-06-12 06:04:00,16.6
2025-06-12 01:05:00,17.9
2025-06-12 01:39:00,36.5
2025-06-12 21:34:00,85.5
2025-06-12 03:28:00,68.3
2025-06-12 21:52:00,49.947505013566115
2025-06-12 12:47:00,89.0
2025-06-12 07:13:00,1.3
2025-06-12 19:45:00,78.4
2025-06-12 03:37:00,31.2
2025-06-12 01:30:00,49.947505013566115
2025-06-12 17:51:00,39.1
2025-06-12 19:06:00,50.7
2025-06-12 12:06:00,19.5
2025-06-12 01:40:00,49.947505013566115
2025-06-12 21:09:00,63.9
2025-06-12 12:20:00,20.5
2025-06-12 14:11:00,71.4
2025-06-12 10:43:00,49.947505013566115
2025-06-12 13:02:00,68.6
2025-06-12 17:22:00,1.0
2025-06-12 15:56:00,77.6
2025-06-12 10:40:00,91.7
2025-06-12 19:15:00,80.6
2025-06-12 02:58:00,27.2
2025-06-12 07:25:00,8.9
2025-06-12 19:51:00,39.3
2025-06-12 12:59:00,11.0
2025-06-12 03:31:00,50.1
2025-06-12 15:43:00,63.1
2025-06-12 19:03:00,5.1
2025-06-12 23:06:00,71.0
2025-06-12 08:07:00,81.3
2025-06-12 20:51:00,89.8
2025-06-12 11:20:00,76.5
2025-06-12 02:17:00,6.5
2025-06-12 01:56:00,80.7
2025-06-12 16:34:00,93.9
2025-06-12 09:44:00,49.947505013566115
2025-06-12 09:53:00,49.947505013566115
2025-06-12 08:19:00,12.1
2025-06-12 16:27:00,67.5
2025-06-12 20:42:00,21.5
2025-06-12 12:36:00,78.4
2025-06-12 23:42:00,56.0
2025-06-12 00:03:00,49.947505013566115
2025-06-12 00:35:00,8.5
2025-06-12 12:53:00,73.7
2025-06-12 12:56:00,9.1
2025-06-12 21:31:00,5.6
2025-06-12 05:48:00,3.8
2025-06-12 19:23:00,51.2
2025-06-12 23:32:00,64.7
2025-06-12 00:19:00,28.2
2025-06-12 05:22:00,3.9
2025-06-12 10:16:00,49.947505013566115
2025-06-12 20:29:00,53.0
2025-06-12 23:36:00,43.3
2025-06-12 10:39:00,25.1
2025-06-12 20:56:00,1.0
2025-06-12 22:27:00,22.6
2025-06-12 09:48:00,79.3
2025-06-12 00:27:00,86.0
2025-06-12 22:08:00,5.6
2025-06-12 18:03:00,86.9
2025-06-12 17:30:00,7.6
2025-06-12 22:53:00,49.5
2025-06-12 14:39:00,49.947505013566115
2025-06-12 14:03:00,49.947505013566115
2025-06-12 23:09:00,29.9
2025-06-12 20:26:00,73.5
2025-06-12 15:38:00,49.947505013566115
2025-06-12 15:41:00,70.8
2025-06-12 05:28:00,83.0
2025-06-12 19:47:00,49.947505013566115
2025-06-12 12:04:00,51.7
2025-06-12 08:03:00,30.5
2025-06-12 21:14:00,49.947505013566115
2025-06-12 11:26:00,41.3
2025-06-12 14:43:00,49.947505013566115
2025-06-12 00:45:00,52.9
2025-06-12 08:56:00,2.7
2025-06-12 22:30:00,78.4
2025-06-12 21:16:00,32.4
2025-06-12 01:02:00,81.1
2025-06-12 13:09:00,67.7
2025-06-12 05:46:00,97.8
2025-06-12 22:09:00,84.3
2025-06-12 03:21:00,84.9
2025-06-12 05:34:00,64.6
2025-06-12 18:50:00,42.3
2025-06-12 17:07:00,53.1
2025-06-12 00:28:00,49.947505013566115
2025-06-12 16:53:00,92.0
2025-06-12 06:09:00,84.3
2025-06-12 15:04:00,30.1
2025-06-12 14:21:00,24.9
2025-06-12 19:36:00,8.2
2025-06-12 00:04:00,45.4
2025-06-12 14:50:00,42.6
2025-06-12 03:19:00,3.0
2025-06-12 14:59:00,5.3
2025-06-12 10:51:00,39.0
2025-06-12 10:03:00,2.0
2025-06-12 14:02:00,49.947505013566115
2025-06-12 18:44:00,55.5
2025-06-12 22:15:00,89.0
2025-06-12 04:50:00,86.2
2025-06-12 13:40:00,15.3
2025-06-12 14:37:00,49.947505013566115
2025-06-12 02:04:00,61.7
2025-06-12 02:40:00,19.4
2025-06-12 13:05:00,90.3
2025-06-12 09:49:00,60.1
2025-06-12 11:49:00,18.9
2025-06-12 01:44:00,16.3
2025-06-12 15:32:00,73.0
2025-06-12 12:54:00,63.9
2025-06-12 02:05:00,10.9
2025-06-12 06:01:00,54.3
2025-06-12 15:46:00,76.4
2025-06-12 10:35:00,3.6
2025-06-12 04:33:00,49.947505013566115
2025-06-12 00:46:00,96.2
2025-06-12 18:24:00,49.947505013566115
2025-06-12 00:10:00,4.3
2025-06-12 21:15:00,15.7
2025-06-12 10:05:00,11.1
2025-06-12 12:05:00,76.4
2025-06-12 20:04:00,39.4
2025-06-12 10:44:00,49.947505013566115
2025-06-12 13:31:00,56.1
2025-06-12 16:50:00,98.3
2025-06-12 04:48:00,41.7
2025-06-12 02:19:00,3.6
2025-06-12 11:56:00,37.4
2025-06-12 15:08:00,74.0
2025-06-12 07:58:00,89.2
2025-06-12 12:28:00,81.2
2025-06-12 12:17:00,90.0
2025-06-12 04:14:00,32.2
2025-06-12 00:02:00,84.8
2025-06-12 02:33:00,95.1
2025-06-12 20:32:00,57.1
2025-06-12 02:22:00,95.0
2025-06-12 03:41:00,25.8
2025-06-12 00:12:00,36.3
2025-06-12 12:24:00,63.9
2025-06-12 20:18:00,49.947505013566115
2025-06-12 09:38:00,44.5
2025-06-12 11:52:00,49.947505013566115
2025-06-12 23:35:00,43.0
2025-06-12 17:48:00,41.1
2025-06-12 16:44:00,96.7
2025-06-12 00:54:00,57.9
2025-06-12 19:07:00,49.947505013566115
2025-06-12 04:09:00,41.8
2025-06-12 22:18:00,49.947505013566115
2025-06-12 16:45:00,38.3
2025-06-12 03:16:00,49.947505013566115
2025-06-12 19:37:00,48.0
2025-06-12 00:38:00,49.947505013566115
2025-06-12 14:33:00,13.7
2025-06-12 22:43:00,56.8
2025-06-12 21:05:00,96.9
2025-06-12 09:59:00,85.2
2025-06-12 14:52:00,49.947505013566115
2025-06-12 23:25:00,43.2
2025-06-12 18:57:00,77.9
2025-06-12 14:49:00,93.1
2025-06-12 11:01:00,42.3
2025-06-12 05:39:00,17.8
2025-06-12 16:26:00,59.0
2025-06-12 23:23:00,8.2
2025-06-12 11:02:00,20.7
2025-06-12 19:01:00,5.1
2025-06-12 12:25:00,10.1
2025-06-12 18:27:00,7.4
2025-06-12 12:45:00,49.947505013566115
2025-06-12 17:00:00,49.947505013566115
2025-06-12 01:01:00,35.3
2025-06-12 21:23:00,70.7
2025-06-12 06:33:00,56.8
2025-06-12 10:22:00,19.1
2025-06-12 09:59:00,55.5
2025-06-12 21:07:00,20.8
2025-06-12 08:51:00,57.9
2025-06-12 21:55:00,76.3
2025-06-12 13:45:00,36.4
2025-06-12 15:09:00,96.8
2025-06-12 21:57:00,95.0
2025-06-12 08:43:00,32.4
2025-06-12 07:50:00,27.7
2025-06-12 04:55:00,91.6
2025-06-12 13:38:00,3.0
2025-06-12 09:53:00,49.0
2025-06-12 07:58:00,99.5
2025-06-12 00:05:00,50.31471380077256
2025-06-12 09:51:00,75.5
2025-06-12 15:19:00,49.4
2025-06-12 01:51:00,81.3
2025-06-12 03:21:00,22.5
2025-06-12 18:19:00,49.9
2025-06-12 10:03:00,58.9
2025-06-12 21:48:00,61.5
2025-06-12 22:41:00,7.7
2025-06-12 12:25:00,8.4
2025-06-12 17:47:00,50.31471380077256
2025-06-12 10:45:00,48.0
2025-06-12 01:00:00,65.6
2025-06-12 15:21:00,89.0
2025-06-12 02:34:00,36.8
2025-06-12 00:04:00,48.2
2025-06-12 23:07:00,40.3
2025-06-12 06:32:00,16.0
2025-06-12 14:32:00,50.31471380077256
2025-06-12 19:39:00,15.6
2025-06-12 13:19:00,50.31471380077256
2025-06-12 19:02:00,92.7
2025-06-12 06:54:00,7.1
2025-06-12 10:01:00,23.8
2025-06-12 13:44:00,87.3
2025-06-12 14:38:00,4.8
2025-06-12 00:54:00,78.2
2025-06-12 22:29:00,98.0
2025-06-12 15:23:00,50.31471380077256
2025-06-12 18:06:00,2.2
2025-06-12 12:56:00,99.4
2025-06-12 06:13:00,50.31471380077256
2025-06-12 13:17:00,72.9
2025-06-12 18:54:00,54.9
2025-06-12 15:27:00,68.2
2025-06-12 00:26:00,21.2
2025-06-12 00:41:00,3.9
2025-06-12 22:54:00,92.1
2025-06-12 12:15:00,51.2
2025-06-12 07:55:00,37.2
2025-06-12 21:08:00,50.31471380077256
2025-06-12 06:29:00,98.2
2025-06-12 20:47:00,92.8
2025-06-12 02:00:00,70.2
2025-06-12 07:29:00,53.7
2025-06-12 00:50:00,66.4
2025-06-12 07:08:00,40.9
2025-06-12 07:02:00,90.4
2025-06-12 06:12:00,19.4
2025-06-12 22:27:00,93.3
2025-06-12 03:52:00,50.31471380077256
2025-06-12 18:37:00,6.7
2025-06-12 14:07:00,23.4
2025-06-12 06:37:00,46.4
2025-06-12 11:15:00,11.2
2025-06-12 11:10:00,14.3
2025-06-12 15:25:00,55.9
2025-06-12 12:33:00,75.5
2025-06-12 15:42:00,75.6
2025-06-12 18:15:00,37.7
2025-06-12 01:59:00,50.31471380077256
2025-06-12 05:26:00,29.0
2025-06-12 10:55:00,50.31471380077256
2025-06-12 14:37:00,10.0
2025-06-12 04:25:00,95.0
2025-06-12 09:27:00,23.1
2025-06-12 07:27:00,50.31471380077256
2025-06-12 21:12:00,50.31471380077256
2025-06-12 18:48:00,5.1
2025-06-12 23:05:00,28.2
2025-06-12 14:35:00,37.8
2025-06-12 01:39:00,70.9
2025-06-12 07:59:00,41.0
2025-06-12 23:59:00,16.0
2025-06-12 00:58:00,80.9
2025-06-12 07:04:00,54.9
2025-06-12 13:59:00,50.31471380077256
2025-06-12 11:55:00,46.3
2025-06-12 15:37:00,31.9
2025-06-12 07:11:00,44.8
2025-06-12 08:29:00,76.8
2025-06-12 19:07:00,89.5
2025-06-12 17:52:00,50.31471380077256
2025-06-12 03:18:00,3.7
2025-06-12 05:33:00,15.4
2025-06-12 03:11:00,57.6
2025-06-12 09:08:00,68.0
2025-06-12 18:30:00,14.5
2025-06-12 22:36:00,72.6
2025-06-12 12:34:00,60.7
2025-06-12 22:48:00,85.2
2025-06-12 16:47:00,28.1
2025-06-12 18:14:00,48.1
2025-06-12 09:21:00,73.8
2025-06-12 01:44:00,26.2
2025-06-12 21:15:00,63.1
2025-06-12 11:24:00,50.31471380077256
2025-06-12 19:32:00,45.0
2025-06-12 05:36:00,50.31471380077256
2025-06-12 11:49:00,1.3
2025-06-12 10:20:00,50.31471380077256
2025-06-12 22:57:00,83.0
2025-06-12 06:00:00,45.2
2025-06-12 17:59:00,41.8
2025-06-12 13:01:00,39.8
2025-06-12 05:40:00,28.4
2025-06-12 15:10:00,84.8
2025-06-12 02:43:00,84.9
2025-06-12 12:39:00,93.0
2025-06-12 04:48:00,43.0
2025-06-12 01:45:00,8.4
2025-06-12 03:56:00,83.7
2025-06-12 16:57:00,12.9
2025-06-12 23:08:00,86.7
2025-06-12 10:26:00,26.8
2025-06-12 07:03:00,50.31471380077256
2025-06-12 22:35:00,3.7
2025-06-12 19:14:00,71.8
2025-06-12 05:04:00,70.4
2025-06-12 18:43:00,73.7
2025-06-12 19:11:00,0.7
2025-06-12 14:00:00,26.1
2025-06-12 10:19:00,42.2
2025-06-12 06:59:00,60.4
2025-06-12 23:54:00,45.7
2025-06-12 14:24:00,59.0
2025-06-12 11:37:00,59.2
2025-06-12 00:44:00,80.8
2025-06-12 22:39:00,6.2
2025-06-12 13:50:00,34.6
2025-06-12 06:18:00,82.8
2025-06-12 21:51:00,50.31471380077256
2025-06-12 23:36:00,5.1
2025-06-12 02:17:00,63.0
2025-06-12 08:25:00,50.31471380077256
2025-06-12 20:23:00,88.1
2025-06-12 14:23:00,35.7
2025-06-12 16:33:00,67.0
2025-06-12 04:16:00,6.5
2025-06-12 06:55:00,94.3
2025-06-12 10:37:00,50.31471380077256
2025-06-12 23:13:00,28.7
2025-06-12 18:38:00,87.3
2025-06-12 14:01:00,55.2
2025-06-12 16:24:00,19.4
2025-06-12 09:49:00,44.4
2025-06-12 01:08:00,81.5
2025-06-12 18:16:00,9.1
2025-06-12 16:29:00,44.7
2025-06-12 09:23:00,97.6
2025-06-12 18:35:00,50.31471380077256
2025-06-12 22:21:00,83.6
2025-06-12 18:32:00,27.1
2025-06-12 02:52:00,8.0
2025-06-12 12:06:00,37.9
2025-06-12 20:04:00,65.2
2025-06-12 15:29:00,83.4
2025-06-12 08:07:00,73.3
2025-06-12 07:23:00,50.8
2025-06-12 00:29:00,35.5
2025-06-12 12:46:00,37.4
2025-06-12 18:52:00,19.0
2025-06-12 00:28:00,50.31471380077256
2025-06-12 03:37:00,68.4
2025-06-12 12:44:00,58.6
2025-06-12 12:47:00,32.7
2025-06-12 09:58:00,3.4
2025-06-12 07:22:00,42.7
2025-06-12 21:18:00,13.7
2025-06-12 10:33:00,50.31471380077256
2025-06-12 17:09:00,1.0
2025-06-12 03:48:00,68.1
2025-06-12 02:06:00,50.31471380077256
2025-06-12 04:03:00,7.4
2025-06-12 06:14:00,22.9
2025-06-12 15:48:00,63.9
2025-06-12 07:34:00,92.9
2025-06-12 06:30:00,48.7
2025-06-12 11:27:00,64.0
2025-06-12 16:43:00,20.6
2025-06-12 23:29:00,66.7
2025-06-12 01:57:00,76.5
2025-06-12 20:58:00,65.8
2025-06-12 09:15:00,59.3
2025-06-12 19:23:00,40.4
2025-06-12 08:54:00,50.31471380077256
2025-06-12 18:17:00,11.0
2025-06-12 03:58:00,95.6
2025-06-12 04:17:00,99.5
2025-06-12 13:52:00,69.5
2025-06-12 20:18:00,62.2
2025-06-12 08:41:00,69.1
2025-06-12 08:02:00,37.7
2025-06-12 06:41:00,13.9
2025-06-12 14:52:00,53.8
2025-06-12 23:14:00,55.2
2025-06-12 09:16:00,37.2
2025-06-12 03:16:00,74.3
2025-06-12 21:50:00,30.9
2025-06-12 13:37:00,84.5
2025-06-12 23:48:00,53.4
2025-06-12 04:10:00,98.2
2025-06-12 18:04:00,50.31471380077256
2025-06-12 20:29:00,66.3
2025-06-12 03:54:00,6.6
2025-06-12 11:48:00,38.9
2025-06-12 18:51:00,36.3
2025-06-12 20:46:00,89.8
2025-06-12 01:38:00,30.8
2025-06-12 18:41:00,42.2
2025-06-12 09:34:00,16.7
2025-06-12 06:58:00,51.0
2025-06-12 12:52:00,95.4
2025-06-12 06:46:00,52.3
2025-06-12 10:50:00,14.9
2025-06-12 17:18:00,50.31471380077256
2025-06-12 23:47:00,10.7
2025-06-12 17:25:00,50.4
2025-06-12 11:51:00,24.3
2025-06-12 11:19:00,24.5
2025-06-12 10:57:00,50.31471380077256
2025-06-12 19:25:00,50.31471380077256
2025-06-12 13:08:00,30.8
2025-06-12 17:39:00,50.31471380077256
2025-06-12 23:38:00,19.4
2025-06-12 02:56:00,11.4
2025-06-12 16:19:00,79.8
2025-06-12 01:43:00,1.3
2025-06-12 03:03:00,78.8
2025-06-12 12:10:00,44.0
2025-06-12 10:13:00,1.8
2025-06-12 02:24:00,50.31471380077256
2025-06-12 07:37:00,64.0
2025-06-12 06:26:00,68.8
2025-06-12 00:32:00,90.8
2025-06-12 19:53:00,26.7
2025-06-12 18:34:00,86.1
2025-06-12 10:46:00,19.7
2025-06-12 16:08:00,71.7
2025-06-12 15:45:00,18.4
2025-06-12 05:58:00,67.1
2025-06-12 00:39:00,40.7
2025-06-12 19:28:00,22.3
2025-06-12 21:43:00,86.4
2025-06-12 03:12:00,50.31471380077256
2025-06-12 13:33:00,56.4
2025-06-12 13:30:00,9.5
2025-06-12 02:57:00,17.9
2025-06-12 05:15:00,61.5
2025-06-12 17:22:00,3.9
2025-06-12 07:57:00,97.9
2025-06-12 18:55:00,93.0
2025-06-12 16:44:00,84.6
2025-06-12 10:43:00,39.2
2025-06-12 01:16:00,78.1
2025-06-12 00:12:00,26.3
2025-06-12 16:59:00,50.31471380077256
2025-06-12 23:00:00,50.31471380077256
2025-06-12 14:43:00,88.9
2025-06-12 17:53:00,20.1
2025-06-12 10:54:00,50.4
2025-06-12 23:51:00,84.3
2025-06-12 15:47:00,43.3
2025-06-12 18:08:00,23.8
2025-06-12 00:07:00,20.8
2025-06-12 09:33:00,43.0
2025-06-12 00:52:00,72.7
2025-06-12 12:02:00,43.2
2025-06-12 01:29:00,55.4
2025-06-12 21:39:00,41.2
2025-06-12 07:06:00,26.9
2025-06-12 07:52:00,7.5
2025-06-12 07:00:00,48.5
2025-06-12 18:23:00,45.3
2025-06-12 13:15:00,50.31471380077256
2025-06-12 18:42:00,16.7
2025-06-12 16:22:00,28.7
2025-06-12 20:22:00,32.2
2025-06-12 01:10:00,23.5
2025-06-12 20:50:00,21.9
2025-06-12 13:14:00,9.2
2025-06-12 13:00:00,51.9
2025-06-12 00:12:00,37.8
2025-06-12 09:01:00,33.5
2025-06-12 20:01:00,40.5
2025-06-12 18:43:00,11.4
2025-06-12 01:30:00,5.1
2025-06-12 04:52:00,73.0
2025-06-12 19:36:00,49.873700916999766
2025-06-12 13:26:00,49.873700916999766
2025-06-12 16:55:00,34.9
2025-06-12 05:42:00,53.3
2025-06-12 01:34:00,83.7
2025-06-12 17:11:00,24.1
2025-06-12 22:04:00,65.4
2025-06-12 14:06:00,26.5
2025-06-12 03:51:00,68.6
2025-06-12 22:25:00,1.3
2025-06-12 20:49:00,52.0
2025-06-12 14:24:00,63.9
2025-06-12 00:52:00,15.4
2025-06-12 08:08:00,76.5
2025-06-12 13:00:00,49.873700916999766
2025-06-12 01:43:00,9.2
2025-06-12 19:38:00,34.8
2025-06-12 15:18:00,15.7
2025-06-12 19:57:00,49.873700916999766
2025-06-12 08:09:00,66.1
2025-06-12 10:17:00,28.0
2025-06-12 13:54:00,49.873700916999766
2025-06-12 07:45:00,49.873700916999766
2025-06-12 11:14:00,81.0
2025-06-12 14:38:00,15.8
2025-06-12 13:44:00,53.6
2025-06-12 15:28:00,49.873700916999766
2025-06-12 08:35:00,81.1
2025-06-12 07:38:00,82.4
2025-06-12 08:36:00,49.873700916999766
2025-06-12 21:08:00,92.8
2025-06-12 15:55:00,24.4
2025-06-12 09:05:00,65.6
2025-06-12 02:11:00,5.3
2025-06-12 18:17:00,46.1
2025-06-12 11:48:00,97.6
2025-06-12 00:10:00,66.9
2025-06-12 19:49:00,68.7
2025-06-12 04:44:00,49.873700916999766
2025-06-12 06:46:00,49.873700916999766
2025-06-12 06:11:00,84.1
2025-06-12 01:29:00,35.1
2025-06-12 14:51:00,9.7
2025-06-12 03:32:00,36.2
2025-06-12 21:30:00,39.4
2025-06-12 20:02:00,95.7
2025-06-12 09:11:00,50.5
2025-06-12 01:23:00,52.5
2025-06-12 08:10:00,22.3
2025-06-12 11:43:00,41.4
2025-06-12 14:00:00,80.4
2025-06-12 12:32:00,73.8
2025-06-12 11:24:00,93.4
2025-06-12 11:00:00,2.9
2025-06-12 23:15:00,65.2
2025-06-12 00:57:00,68.0
2025-06-12 15:46:00,87.4
2025-06-12 10:20:00,55.6
2025-06-12 08:58:00,49.873700916999766
2025-06-12 22:58:00,52.3
2025-06-12 21:58:00,50.5
2025-06-12 16:42:00,2.0
2025-06-12 09:39:00,64.1
2025-06-12 15:37:00,26.2
2025-06-12 17:12:00,18.4
2025-06-12 06:02:00,89.5
2025-06-12 13:24:00,19.4
2025-06-12 19:03:00,32.5
2025-06-12 05:26:00,88.3
2025-06-12 01:26:00,54.7
2025-06-12 02:56:00,23.4
2025-06-12 10:09:00,3.0
2025-06-12 13:42:00,47.8
2025-06-12 17:08:00,80.4
2025-06-12 00:48:00,45.1
2025-06-12 12:53:00,88.9
2025-06-12 20:33:00,49.7
2025-06-12 17:59:00,46.9
2025-06-12 01:53:00,69.6
2025-06-12 09:41:00,68.6
2025-06-12 10:51:00,63.4
2025-06-12 04:58:00,49.873700916999766
2025-06-12 14:12:00,51.5
2025-06-12 13:17:00,88.2
2025-06-12 20:55:00,38.1
2025-06-12 17:41:00,42.7
2025-06-12 10:30:00,64.8
2025-06-12 00:22:00,37.7
2025-06-12 04:01:00,4.1
2025-06-12 08:37:00,82.0
2025-06-12 02:13:00,64.5
2025-06-12 13:29:00,69.3
2025-06-12 09:08:00,57.7
2025-06-12 12:34:00,19.5
2025-06-12 16:40:00,7.4
2025-06-12 11:35:00,59.8
2025-06-12 06:13:00,98.4
2025-06-12 12:41:00,40.4
2025-06-12 13:43:00,80.4
2025-06-12 18:06:00,32.6
2025-06-12 09:23:00,84.6
2025-06-12 20:13:00,87.3
2025-06-12 12:50:00,76.8
2025-06-12 05:33:00,49.873700916999766
2025-06-12 19:43:00,33.9
2025-06-12 12:02:00,8.1
2025-06-12 09:03:00,82.5
2025-06-12 22:49:00,79.5
2025-06-12 18:55:00,52.4
2025-06-12 18:52:00,49.873700916999766
2025-06-12 16:53:00,14.7
2025-06-12 23:06:00,69.8
2025-06-12 23:28:00,41.8
2025-06-12 05:01:00,17.5
2025-06-12 14:13:00,55.0
2025-06-12 19:54:00,6.0
2025-06-12 04:42:00,0.1
2025-06-12 06:27:00,11.9
2025-06-12 03:43:00,49.873700916999766
2025-06-12 02:08:00,71.2
2025-06-12 13:59:00,48.4
2025-06-12 04:31:00,57.5
2025-06-12 11:04:00,49.873700916999766
2025-06-12 20:45:00,81.5
2025-06-12 19:41:00,84.2
2025-06-12 10:55:00,49.873700916999766
2025-06-12 10:39:00,49.873700916999766
2025-06-12 11:37:00,70.0
2025-06-12 07:03:00,49.873700916999766
2025-06-12 02:38:00,52.8
2025-06-12 11:27:00,5.3
2025-06-12 15:06:00,49.873700916999766
2025-06-12 09:56:00,54.7
2025-06-12 02:25:00,49.873700916999766
2025-06-12 10:13:00,10.0
2025-06-12 22:31:00,29.5
2025-06-12 08:00:00,61.8
2025-06-12 22:56:00,16.0
2025-06-12 05:10:00,1.2
2025-06-12 19:08:00,0.7
2025-06-12 16:24:00,49.873700916999766
2025-06-12 17:27:00,58.0
2025-06-12 11:11:00,17.2
2025-06-12 21:47:00,49.873700916999766
2025-06-12 13:12:00,80.3
2025-06-12 08:18:00,47.8
2025-06-12 01:25:00,3.2
2025-06-12 18:12:00,29.9
2025-06-12 11:38:00,26.3
2025-06-12 14:34:00,44.8
2025-06-12 20:21:00,76.7
2025-06-12 18:18:00,3.4
2025-06-12 01:02:00,73.9
2025-06-12 01:35:00,52.0
2025-06-12 02:53:00,6.5
2025-06-12 18:48:00,23.2
2025-06-12 14:57:00,86.5
2025-06-12 20:46:00,91.0
2025-06-12 09:47:00,39.9
2025-06-12 02:50:00,49.873700916999766
2025-06-12 14:37:00,49.873700916999766
2025-06-12 00:44:00,26.0
2025-06-12 01:00:00,68.7
2025-06-12 15:04:00,93.0
2025-06-12 01:07:00,20.0
2025-06-12 17:33:00,78.9
2025-06-12 22:33:00,12.1
2025-06-12 04:37:00,49.873700916999766
2025-06-12 17:00:00,34.8
2025-06-12 08:41:00,8.0
2025-06-12 23:10:00,2.5
2025-06-12 12:59:00,96.9
2025-06-12 05:04:00,56.2
2025-06-12 15:49:00,66.6
2025-06-12 08:14:00,4.0
2025-06-12 01:47:00,56.4
2025-06-12 02:20:00,75.3
2025-06-12 10:31:00,50.3
2025-06-12 11:42:00,69.9
2025-06-12 18:26:00,74.7
2025-06-12 13:11:00,99.8
2025-06-12 18:33:00,75.4
2025-06-12 23:26:00,3.8
2025-06-12 16:19:00,71.5
2025-06-12 11:09:00,6.4
2025-06-12 07:11:00,78.8
2025-06-12 19:12:00,82.5
2025-06-12 16:51:00,16.3
2025-06-12 23:34:00,1.2
2025-06-12 16:29:00,76.5
2025-06-12 18:47:00,42.0
2025-06-12 19:52:00,22.6
2025-06-12 00:37:00,86.5
2025-06-12 11:26:00,19.6
2025-06-12 16:43:00,63.4
2025-06-12 07:49:00,53.8
2025-06-12 21:03:00,28.8
2025-06-12 08:47:00,50.3
2025-06-12 14:20:00,45.1
2025-06-12 20:29:00,58.4
2025-06-12 18:09:00,85.2
2025-06-12 13:52:00,4.1
2025-06-12 22:02:00,49.1
2025-06-12 00:45:00,29.9
2025-06-12 21:25:00,93.9
2025-06-12 02:33:00,19.1
2025-06-12 18:56:00,87.5
2025-06-12 04:03:00,6.9
2025-06-12 08:27:00,83.7
2025-06-12 01:33:00,45.3
2025-06-12 17:43:00,17.1
2025-06-12 15:03:00,67.5
2025-06-12 11:31:00,34.0
2025-06-12 18:46:00,45.7
2025-06-12 00:31:00,80.9
2025-06-12 16:05:00,74.6
2025-06-12 20:19:00,49.873700916999766
2025-06-12 11:29:00,49.873700916999766
2025-06-12 13:08:00,64.9
2025-06-12 01:19:00,49.873700916999766
2025-06-12 03:36:00,12.2
2025-06-12 23:19:00,95.5
2025-06-12 07:48:00,38.6
2025-06-12 18:23:00,25.7
2025-06-12 22:17:00,16.6
2025-06-12 06:08:00,91.2
2025-06-12 17:42:00,1.8
2025-06-12 14:46:00,80.2
2025-06-12 13:39:00,11.9
2025-06-12 21:11:00,66.9
2025-06-12 00:29:00,46.2
2025-06-12 11:05:00,36.3
2025-06-12 03:19:00,70.4
2025-06-12 12:15:00,71.4
2025-06-12 19:46:00,35.3
2025-06-12 03:25:00,28.2
2025-06-12 07:39:00,49.5
2025-06-12 05:43:00,45.7
2025-06-12 01:42:00,21.8
2025-06-12 02:02:00,49.873700916999766
2025-06-12 06:35:00,83.0
2025-06-12 05:09:00,17.5
2025-06-12 22:24:00,34.7
2025-06-12 05:19:00,11.0
2025-06-12 09:26:00,94.6
2025-06-12 13:06:00,91.6
2025-06-12 23:07:00,88.7
2025-06-12 03:08:00,15.9
2025-06-12 10:50:00,88.0
2025-06-12 00:15:00,21.2
2025-06-12 03:59:00,22.6
2025-06-12 03:41:00,4.6
2025-06-12 11:33:00,31.2
2025-06-12 09:43:00,90.0
2025-06-12 00:24:00,69.8
2025-06-12 07:15:00,74.2
2025-06-12 17:31:00,42.1
2025-06-12 08:44:00,20.4
2025-06-12 02:10:00,12.0
2025-06-12 00:23:00,53.1
2025-06-12 09:38:00,49.873700916999766
2025-06-12 05:45:00,23.2
2025-06-12 14:35:00,17.9
2025-06-12 16:13:00,35.3
2025-06-12 05:14:00,60.1
2025-06-12 11:17:00,97.9
2025-06-12 20:43:00,60.4
2025-06-12 01:58:00,62.5
2025-06-12 06:18:00,49.873700916999766
2025-06-12 01:15:00,82.1
2025-06-12 10:59:00,63.8
2025-06-12 10:12:00,88.8
2025-06-12 20:48:00,56.1
2025-06-12 21:57:00,12.2
2025-06-12 17:51:00,95.6
2025-06-12 17:20:00,10.4
2025-06-12 03:49:00,65.8
2025-06-12 14:32:00,99.9
2025-06-12 22:36:00,36.5
2025-06-12 02:05:00,53.8
2025-06-12 14:26:00,37.8
2025-06-12 06:49:00,46.4
2025-06-12 00:41:00,14.5
2025-06-12 05:23:00,33.5
2025-06-12 13:37:00,94.0
2025-06-12 14:58:00,78.3
2025-06-12 13:04:00,66.8
2025-06-12 07:50:00,3.1
2025-06-12 11:04:00,82.2
2025-06-12 05:52:00,98.8
2025-06-12 15:04:00,19.2
2025-06-12 14:43:00,67.3
2025-06-12 01:41:00,21.0
2025-06-12 22:12:00,14.9
2025-06-12 21:01:00,11.0
2025-06-12 17:07:00,82.8
2025-06-12 12:35:00,84.0
2025-06-12 10:59:00,35.1
2025-06-12 20:12:00,49.660353652861794
2025-06-12 01:47:00,40.2
2025-06-12 15:12:00,47.1
2025-06-12 09:04:00,0.9
2025-06-12 18:18:00,58.1
2025-06-12 20:40:00,12.6
2025-06-12 11:06:00,87.0
2025-06-12 08:38:00,49.660353652861794
2025-06-12 06:46:00,1.0
2025-06-12 17:57:00,96.9
2025-06-12 07:25:00,63.5
2025-06-12 06:16:00,2.1
2025-06-12 04:06:00,76.0
2025-06-12 03:30:00,0.9
2025-06-12 19:35:00,49.660353652861794
2025-06-12 23:28:00,93.6
2025-06-12 04:32:00,49.660353652861794
2025-06-12 04:50:00,87.6
2025-06-12 17:17:00,73.0
2025-06-12 18:05:00,3.1
2025-06-12 11:37:00,50.2
2025-06-12 09:31:00,49.0
2025-06-12 12:37:00,76.6
2025-06-12 18:16:00,3.9
2025-06-12 11:22:00,82.6
2025-06-12 16:28:00,98.3
2025-06-12 13:02:00,54.6
2025-06-12 20:57:00,52.4
2025-06-12 14:36:00,22.2
2025-06-12 08:48:00,0.8
2025-06-12 06:06:00,59.4
2025-06-12 22:01:00,0.6
2025-06-12 22:48:00,49.660353652861794
2025-06-12 18:17:00,0.4
2025-06-12 23:45:00,38.5
2025-06-12 05:43:00,49.660353652861794
2025-06-12 21:42:00,49.6
2025-06-12 22:14:00,49.660353652861794
2025-06-12 22:08:00,85.7
2025-06-12 14:20:00,70.7
2025-06-12 04:03:00,95.8
2025-06-12 03:31:00,88.8
2025-06-12 23:41:00,49.660353652861794
2025-06-12 12:38:00,29.8
2025-06-12 08:45:00,59.3
2025-06-12 19:24:00,61.1
2025-06-12 08:04:00,49.660353652861794
2025-06-12 07:02:00,43.2
2025-06-12 12:55:00,71.1
2025-06-12 10:52:00,59.7
2025-06-12 16:19:00,57.2
2025-06-12 00:21:00,49.660353652861794
2025-06-12 04:22:00,68.5
2025-06-12 10:31:00,75.0
2025-06-12 17:02:00,52.4
2025-06-12 22:36:00,96.5
2025-06-12 20:11:00,49.660353652861794
2025-06-12 08:51:00,1.8
2025-06-12 01:29:00,49.660353652861794
2025-06-12 03:16:00,67.7
2025-06-12 08:25:00,53.0
2025-06-12 19:06:00,29.8
2025-06-12 00:46:00,13.2
2025-06-12 14:16:00,72.7
2025-06-12 18:44:00,48.2
2025-06-12 03:45:00,67.4
2025-06-12 08:59:00,92.8
2025-06-12 09:06:00,20.6
2025-06-12 21:44:00,24.2
2025-06-12 14:37:00,72.5
2025-06-12 12:05:00,40.2
2025-06-12 17:20:00,24.8
2025-06-12 06:54:00,62.2
2025-06-12 06:07:00,85.6
2025-06-12 06:11:00,1.9
2025-06-12 01:09:00,16.3
2025-06-12 06:49:00,89.9
2025-06-12 19:41:00,0.5
2025-06-12 03:02:00,52.0
2025-06-12 00:01:00,18.5
2025-06-12 16:33:00,81.1
2025-06-12 04:17:00,53.4
2025-06-12 21:14:00,49.660353652861794
2025-06-12 14:57:00,2.3
2025-06-12 05:17:00,78.7
2025-06-12 22:10:00,89.2
2025-06-12 10:04:00,66.8
2025-06-12 10:08:00,84.4
2025-06-12 20:45:00,48.5
2025-06-12 01:32:00,68.4
2025-06-12 06:43:00,14.3
2025-06-12 06:39:00,54.5
2025-06-12 16:34:00,63.6
2025-06-12 09:22:00,42.5
2025-06-12 16:29:00,6.5
2025-06-12 14:07:00,61.3
2025-06-12 23:24:00,49.660353652861794
2025-06-12 22:19:00,46.1
2025-06-12 12:41:00,70.2
2025-06-12 17:46:00,49.660353652861794
2025-06-12 08:19:00,14.5
2025-06-12 17:27:00,52.7
2025-06-12 04:27:00,49.660353652861794
2025-06-12 06:33:00,3.4
2025-06-12 15:38:00,68.6
2025-06-12 12:22:00,27.4
2025-06-12 15:50:00,32.5
2025-06-12 13:36:00,23.1
2025-06-12 17:42:00,49.660353652861794
2025-06-12 07:08:00,91.1
2025-06-12 14:38:00,87.0
2025-06-12 11:05:00,57.5
2025-06-12 11:09:00,50.4
2025-06-12 12:03:00,44.1
2025-06-12 18:48:00,13.9
2025-06-12 13:27:00,49.6
2025-06-12 06:02:00,27.4
2025-06-12 06:44:00,66.3
2025-06-12 20:14:00,81.7
2025-06-12 20:52:00,34.7
2025-06-12 03:46:00,49.660353652861794
2025-06-12 19:34:00,52.0
2025-06-12 04:45:00,36.4
2025-06-12 07:04:00,13.8
2025-06-12 21:39:00,58.5
2025-06-12 02:06:00,33.4
2025-06-12 23:18:00,61.7
2025-06-12 10:39:00,20.1
2025-06-12 19:11:00,3.2
2025-06-12 05:08:00,37.0
2025-06-12 01:49:00,17.4
2025-06-12 04:43:00,78.5
2025-06-12 21:04:00,71.0
2025-06-12 06:10:00,41.4
2025-06-12 19:27:00,48.1
2025-06-12 23:25:00,80.7
2025-06-12 23:23:00,11.0
2025-06-12 00:04:00,18.2
2025-06-12 18:51:00,49.660353652861794
2025-06-12 07:19:00,16.3
2025-06-12 14:23:00,72.3
2025-06-12 15:40:00,19.3
2025-06-12 23:03:00,78.4
2025-06-12 06:14:00,79.2
2025-06-12 21:32:00,0.8
2025-06-12 11:42:00,64.9
2025-06-12 11:03:00,14.7
2025-06-12 19:58:00,94.7
2025-06-12 14:39:00,49.660353652861794
2025-06-12 15:08:00,98.0
2025-06-12 06:13:00,52.7
2025-06-12 19:21:00,32.1
2025-06-12 00:59:00,49.660353652861794
2025-06-12 18:50:00,49.660353652861794
2025-06-12 14:35:00,18.3
2025-06-12 08:15:00,56.1
2025-06-12 22:51:00,67.1
2025-06-12 14:30:00,28.6
2025-06-12 09:18:00,91.7
2025-06-12 14:50:00,26.2
2025-06-12 14:08:00,61.3
2025-06-12 15:31:00,49.660353652861794
2025-06-12 10:43:00,78.7
2025-06-12 22:32:00,11.9
2025-06-12 13:59:00,64.9
2025-06-12 08:44:00,22.9
2025-06-12 05:16:00,49.660353652861794
2025-06-12 20:35:00,49.6
2025-06-12 13:14:00,49.660353652861794
2025-06-12 10:47:00,61.8
2025-06-12 19:49:00,15.4
2025-06-12 16:23:00,50.8
2025-06-12 18:37:00,37.2
2025-06-12 23:36:00,17.0
2025-06-12 13:17:00,49.660353652861794
2025-06-12 15:53:00,58.6
2025-06-12 01:46:00,49.660353652861794
2025-06-12 07:55:00,24.9
2025-06-12 05:27:00,46.7
2025-06-12 09:46:00,82.1
2025-06-12 21:35:00,55.6
2025-06-12 23:16:00,70.4
2025-06-12 16:54:00,92.3
2025-06-12 20:50:00,19.5
2025-06-12 11:35:00,95.4
2025-06-12 00:52:00,82.4
2025-06-12 02:45:00,29.8
2025-06-12 08:21:00,32.1
2025-06-12 10:30:00,28.2
2025-06-12 22:15:00,6.9
2025-06-12 21:24:00,41.5
2025-06-12 00:08:00,56.8
2025-06-12 06:58:00,26.6
2025-06-12 16:49:00,53.8
2025-06-12 17:25:00,86.6
2025-06-12 02:24:00,56.6
2025-06-12 02:56:00,36.9
2025-06-12 01:27:00,57.0
2025-06-12 15:41:00,49.660353652861794
2025-06-12 10:45:00,49.660353652861794
2025-06-12 06:34:00,61.8
2025-06-12 12:20:00,48.1
2025-06-12 07:49:00,96.1
2025-06-12 01:39:00,46.7
2025-06-12 11:27:00,99.3
2025-06-12 08:31:00,11.7
2025-06-12 07:16:00,38.1
2025-06-12 20:26:00,62.2
2025-06-12 19:48:00,49.660353652861794
2025-06-12 16:42:00,55.0
2025-06-12 07:10:00,87.0
2025-06-12 02:39:00,8.9
2025-06-12 11:40:00,58.6
2025-06-12 15:28:00,24.5
2025-06-12 21:23:00,7.0
2025-06-12 00:14:00,20.4
2025-06-12 16:48:00,73.9
2025-06-12 08:08:00,11.7
2025-06-12 07:59:00,86.8
2025-06-12 08:16:00,34.6
2025-06-12 01:25:00,2.0
2025-06-12 03:52:00,33.5
2025-06-12 23:19:00,49.9
2025-06-12 11:51:00,46.4
2025-06-12 23:00:00,13.2
2025-06-12 08:35:00,49.660353652861794
2025-06-12 00:20:00,9.8
2025-06-12 20:00:00,58.4
2025-06-12 07:09:00,27.8
2025-06-12 15:47:00,73.4
2025-06-12 22:41:00,77.4
2025-06-12 02:57:00,59.3
2025-06-12 10:36:00,7.7
2025-06-12 00:56:00,58.8
2025-06-12 21:43:00,49.660353652861794
2025-06-12 06:32:00,25.7
2025-06-12 23:44:00,27.0
2025-06-12 03:49:00,17.2
2025-06-12 05:25:00,44.4
2025-06-12 09:55:00,67.5
2025-06-12 10:03:00,55.3
2025-06-12 20:18:00,26.9
2025-06-12 08:03:00,7.4
2025-06-12 12:44:00,95.6
2025-06-12 01:33:00,57.7
2025-06-12 23:11:00,94.9
2025-06-12 02:22:00,89.8
2025-06-12 02:05:00,45.2
2025-06-12 12:59:00,43.4
2025-06-12 15:24:00,44.3
2025-06-12 10:07:00,30.2
2025-06-12 23:17:00,90.8
2025-06-12 07:53:00,81.9
2025-06-12 08:01:00,96.7
2025-06-12 08:29:00,84.6
2025-06-12 13:19:00,81.2
2025-06-12 00:18:00,72.2
2025-06-12 09:37:00,78.7
2025-06-12 04:51:00,43.5
2025-06-12 09:56:00,34.1
2025-06-12 09:01:00,77.5
2025-06-12 06:29:00,49.660353652861794
2025-06-12 19:31:00,59.1
2025-06-12 11:14:00,34.0
2025-06-12 14:47:00,34.4
2025-06-12 20:38:00,33.3
2025-06-12 09:53:00,61.8
2025-06-12 17:51:00,49.660353652861794
2025-06-12 07:20:00,57.9
2025-06-12 23:55:00,62.5
2025-06-12 04:44:00,88.2
2025-06-12 05:06:00,20.3
2025-06-12 23:27:00,34.3
2025-06-12 08:39:00,50.5
2025-06-12 04:16:00,76.5
2025-06-12 15:59:00,49.660353652861794
2025-06-12 15:33:00,33.8
2025-06-12 01:50:00,30.1
2025-06-12 16:46:00,30.7
2025-06-12 20:20:00,22.0
2025-06-12 16:16:00,49.9804001872221
2025-06-12 20:04:00,64.6
2025-06-12 16:13:00,49.9804001872221
2025-06-12 18:00:00,67.9
2025-06-12 02:12:00,30.2
2025-06-12 20:06:00,49.9804001872221
2025-06-12 12:30:00,3.7
2025-06-12 13:07:00,49.9804001872221
2025-06-12 20:27:00,70.2
2025-06-12 08:44:00,17.2
2025-06-12 10:41:00,38.0
2025-06-12 02:58:00,49.9804001872221
2025-06-12 15:30:00,37.2
2025-06-12 14:07:00,10.2
2025-06-12 04:47:00,40.7
2025-06-12 01:30:00,19.6
2025-06-12 23:35:00,49.9804001872221
2025-06-12 12:26:00,87.1
2025-06-12 19:04:00,61.7
2025-06-12 14:29:00,23.8
2025-06-12 09:48:00,19.5
2025-06-12 09:58:00,49.9804001872221
2025-06-12 01:33:00,31.8
2025-06-12 03:59:00,49.7
2025-06-12 15:31:00,35.3
2025-06-12 04:19:00,92.6
2025-06-12 21:10:00,49.9804001872221
2025-06-12 18:05:00,64.9
2025-06-12 02:22:00,49.9804001872221
2025-06-12 00:11:00,59.7
2025-06-12 17:01:00,86.8
2025-06-12 15:07:00,88.5
2025-06-12 01:19:00,88.5
2025-06-12 16:47:00,49.9804001872221
2025-06-12 05:36:00,67.0
2025-06-12 00:23:00,58.3
2025-06-12 09:45:00,24.2
2025-06-12 10:55:00,70.6
2025-06-12 13:21:00,49.9804001872221
2025-06-12 10:29:00,0.6
2025-06-12 09:38:00,62.7
2025-06-12 02:44:00,63.5
2025-06-12 17:31:00,28.3
2025-06-12 15:09:00,41.8
2025-06-12 08:41:00,49.9804001872221
2025-06-12 15:12:00,76.7
2025-06-12 07:08:00,43.1
2025-06-12 19:52:00,71.0
2025-06-12 09:15:00,61.4
2025-06-12 11:55:00,38.8
2025-06-12 07:48:00,49.9804001872221
2025-06-12 12:11:00,62.3
2025-06-12 12:17:00,63.3
2025-06-12 02:09:00,65.1
2025-06-12 06:44:00,91.6
2025-06-12 08:09:00,1.5
2025-06-12 11:09:00,84.3
2025-06-12 09:51:00,78.3
2025-06-12 23:36:00,94.9
2025-06-12 05:33:00,28.0
2025-06-12 02:51:00,90.6
2025-06-12 13:24:00,43.7
2025-06-12 11:02:00,49.9804001872221
2025-06-12 00:58:00,8.3
2025-06-12 19:13:00,82.4
2025-06-12 17:29:00,82.9
2025-06-12 03:10:00,69.1
2025-06-12 02:52:00,51.1
2025-06-12 08:04:00,39.0
2025-06-12 11:05:00,15.1
2025-06-12 21:25:00,37.1
2025-06-12 01:07:00,64.1
2025-06-12 18:59:00,43.5
2025-06-12 12:55:00,40.4
2025-06-12 08:33:00,40.4
2025-06-12 21:55:00,65.2
2025-06-12 12:10:00,18.0
2025-06-12 17:27:00,96.4
2025-06-12 10:36:00,91.2
2025-06-12 19:48:00,45.4
2025-06-12 08:24:00,5.2
2025-06-12 15:48:00,59.3
2025-06-12 23:40:00,91.6
2025-06-12 20:14:00,51.8
2025-06-12 02:38:00,17.9
2025-06-12 06:58:00,21.7
2025-06-12 03:47:00,13.1
2025-06-12 16:18:00,49.9804001872221
2025-06-12 03:51:00,60.8
2025-06-12 16:31:00,45.4
2025-06-12 07:03:00,69.6
2025-06-12 00:06:00,46.4
2025-06-12 00:51:00,63.9
2025-06-12 20:08:00,77.6
2025-06-12 12:15:00,75.3
2025-06-12 15:33:00,33.9
2025-06-12 07:52:00,49.9804001872221
2025-06-12 03:46:00,52.5
2025-06-12 04:22:00,49.9804001872221
2025-06-12 01:00:00,11.1
2025-06-12 22:49:00,49.9804001872221
2025-06-12 04:20:00,29.1
2025-06-12 09:13:00,9.8
2025-06-12 14:31:00,88.0
2025-06-12 19:06:00,50.8
2025-06-12 18:27:00,40.7
2025-06-12 22:48:00,75.6
2025-06-12 00:20:00,54.3
2025-06-12 19:50:00,88.2
2025-06-12 19:37:00,18.7
2025-06-12 07:06:00,65.1
2025-06-12 14:30:00,71.6
2025-06-12 06:06:00,88.6
2025-06-12 06:55:00,34.4
2025-06-12 02:18:00,21.4
2025-06-12 01:02:00,9.3
2025-06-12 05:00:00,84.6
2025-06-12 08:16:00,49.9804001872221
2025-06-12 18:29:00,12.7
2025-06-12 03:55:00,52.9
2025-06-12 10:30:00,41.4
2025-06-12 13:38:00,49.1
2025-06-12 23:49:00,27.8
2025-06-12 08:07:00,86.0
2025-06-12 05:46:00,46.9
2025-06-12 00:30:00,6.4
2025-06-12 18:56:00,76.6
2025-06-12 00:28:00,76.7
2025-06-12 13:18:00,49.9804001872221
2025-06-12 05:30:00,45.3
2025-06-12 03:20:00,68.0
2025-06-12 15:54:00,55.9
2025-06-12 21:31:00,49.9804001872221
2025-06-12 11:20:00,64.2
2025-06-12 00:36:00,77.3
2025-06-12 07:38:00,49.9804001872221
2025-06-12 19:45:00,24.5
2025-06-12 03:16:00,55.7
2025-06-12 18:46:00,72.3
2025-06-12 15:34:00,89.3
2025-06-12 14:20:00,49.9804001872221
2025-06-12 21:13:00,24.2
2025-06-12 22:01:00,87.9
2025-06-12 23:06:00,98.5
2025-06-12 12:00:00,14.4
2025-06-12 00:50:00,63.0
2025-06-12 05:07:00,82.8
2025-06-12 02:02:00,82.9
2025-06-12 23:34:00,61.3
2025-06-12 08:56:00,7.7
2025-06-12 08:54:00,78.3
2025-06-12 03:57:00,78.6
2025-06-12 13:22:00,86.1
2025-06-12 07:42:00,9.2
2025-06-12 22:30:00,31.0
2025-06-12 04:48:00,79.5
2025-06-12 14:12:00,68.9
2025-06-12 11:22:00,93.9
2025-06-12 16:49:00,49.9804001872221
2025-06-12 16:12:00,49.9804001872221
2025-06-12 04:36:00,95.3
2025-06-12 07:49:00,63.3
2025-06-12 10:14:00,0.9
2025-06-12 22:52:00,44.8
2025-06-12 01:05:00,65.9
2025-06-12 19:38:00,65.5
2025-06-12 02:26:00,90.9
2025-06-12 18:58:00,24.5
2025-06-12 06:24:00,46.7
2025-06-12 10:09:00,2.6
2025-06-12 15:49:00,45.7
2025-06-12 18:06:00,12.3
2025-06-12 06:45:00,49.9804001872221
2025-06-12 18:40:00,49.9804001872221
2025-06-12 16:33:00,73.0
2025-06-12 09:27:00,15.5
2025-06-12 02:00:00,1.3
2025-06-12 00:35:00,46.9
2025-06-12 14:43:00,71.1
2025-06-12 08:43:00,13.7
2025-06-12 03:48:00,39.6
2025-06-12 15:26:00,29.9
2025-06-12 08:36:00,22.5
2025-06-12 17:46:00,55.9
2025-06-12 14:40:00,4.7
2025-06-12 06:20:00,87.2
2025-06-12 15:17:00,71.2
2025-06-12 05:50:00,70.0
2025-06-12 07:04:00,16.3
2025-06-12 06:49:00,2.8
2025-06-12 07:20:00,26.7
2025-06-12 15:45:00,65.9
2025-06-12 04:06:00,80.6
2025-06-12 14:33:00,35.2
2025-06-12 13:34:00,89.3
2025-06-12 06:35:00,15.7
2025-06-12 08:29:00,10.4
2025-06-12 11:07:00,85.3
2025-06-12 09:26:00,78.8
2025-06-12 22:54:00,81.8
2025-06-12 14:06:00,49.9804001872221
2025-06-12 11:37:00,28.4
2025-06-12 16:48:00,86.8
2025-06-12 02:01:00,6.3
2025-06-12 21:41:00,35.8
2025-06-12 09:18:00,97.2
2025-06-12 20:02:00,42.1
2025-06-12 23:43:00,11.9
2025-06-12 03:49:00,94.9
2025-06-12 04:45:00,61.3
2025-06-12 23:01:00,64.5
2025-06-12 01:56:00,17.8
2025-06-12 03:07:00,56.2
2025-06-12 09:39:00,60.5
2025-06-12 02:47:00,83.1
2025-06-12 23:58:00,51.3
2025-06-12 00:53:00,85.4
2025-06-12 02:37:00,38.5
2025-06-12 17:04:00,12.9
2025-06-12 01:45:00,63.4
2025-06-12 11:51:00,96.9
2025-06-12 16:36:00,33.9
2025-06-12 03:00:00,0.3
2025-06-12 06:53:00,49.9804001872221
2025-06-12 04:35:00,67.1
2025-06-12 03:35:00,47.2
2025-06-12 19:59:00,18.7
2025-06-12 14:50:00,69.6
2025-06-12 19:14:00,65.4
2025-06-12 07:17:00,84.1
2025-06-12 05:59:00,57.8
2025-06-12 18:45:00,49.9804001872221
2025-06-12 21:22:00,50.5
2025-06-12 01:52:00,60.5
2025-06-12 23:52:00,49.9804001872221
2025-06-12 02:36:00,82.0
2025-06-12 05:42:00,86.5
2025-06-12 13:09:00,21.9
2025-06-12 05:47:00,62.3
2025-06-12 04:57:00,49.9804001872221
2025-06-12 15:46:00,34.8
2025-06-12 10:19:00,49.9804001872221
2025-06-12 19:58:00,11.1
2025-06-12 23:37:00,26.7
2025-06-12 01:21:00,87.7
2025-06-12 20:25:00,18.1
2025-06-12 00:44:00,72.5
2025-06-12 00:00:00,41.2
2025-06-12 11:35:00,91.7
2025-06-12 05:02:00,72.1
2025-06-12 12:57:00,68.2
2025-06-12 15:20:00,32.1
2025-06-12 12:12:00,51.1
2025-06-12 11:46:00,32.9
2025-06-12 23:25:00,98.7
2025-06-12 18:09:00,62.4
2025-06-12 11:44:00,47.9
2025-06-12 19:55:00,82.8
2025-06-12 12:56:00,29.9
2025-06-12 09:55:00,31.8
2025-06-12 16:52:00,38.6
2025-06-12 16:26:00,41.8
2025-06-12 17:23:00,30.6
2025-06-12 04:30:00,74.6
2025-06-12 14:39:00,43.4
2025-06-12 12:43:00,66.4
2025-06-12 19:10:00,76.9
2025-06-12 01:54:00,77.4
2025-06-12 17:30:00,49.9804001872221
2025-06-12 12:59:00,54.4
2025-06-12 10:48:00,87.6
2025-06-12 11:32:00,10.6
2025-06-12 15:11:00,49.9804001872221
2025-06-12 20:26:00,3.3
2025-06-12 15:27:00,70.0
2025-06-12 11:18:00,49.9804001872221
2025-06-12 17:47:00,11.4
2025-06-12 19:40:00,63.0
2025-06-12 00:14:00,76.3
2025-06-12 08:57:00,5.3
2025-06-12 17:58:00,5.8
2025-06-12 16:25:00,42.2
2025-06-12 03:33:00,49.9804001872221
2025-06-12 15:44:00,92.1
2025-06-12 23:12:00,47.1
2025-06-12 05:17:00,49.9804001872221
2025-06-12 09:19:00,93.5
2025-06-12 12:37:00,30.9
2025-06-12 03:06:00,86.5
2025-06-12 03:29:00,6.7
2025-06-12 17:43:00,35.4
2025-06-12 13:26:00,20.2
2025-06-12 01:36:00,49.9804001872221
2025-06-12 22:40:00,40.9
2025-06-12 08:38:00,39.3
2025-06-12 08:02:00,8.6
2025-06-12 05:25:00,31.2
2025-06-12 04:38:00,49.9804001872221
2025-06-12 22:38:00,13.5
2025-06-12 21:36:00,59.7
2025-06-12 02:21:00,99.4
2025-06-12 02:40:00,52.2
2025-06-12 07:30:00,61.5
2025-06-12 07:29:00,82.5
2025-06-12 04:05:00,73.5
2025-06-12 23:53:00,48.7
2025-06-12 06:13:00,91.1
2025-06-12 16:52:00,62.8
2025-06-12 17:30:00,83.4
2025-06-12 10:37:00,12.1
2025-06-12 10:57:00,71.1
2025-06-12 02:40:00,68.9
2025-06-12 13:32:00,32.3
2025-06-12 00:38:00,37.9
2025-06-12 11:36:00,5.9
2025-06-12 04:28:00,13.0
2025-06-12 13:48:00,86.1
2025-06-12 17:52:00,83.0
2025-06-12 06:56:00,49.6
2025-06-12 06:39:00,52.6
2025-06-12 14:14:00,49.659483264826775
2025-06-12 22:04:00,49.659483264826775
2025-06-12 10:04:00,41.4
2025-06-12 18:24:00,49.659483264826775
2025-06-12 10:28:00,45.3
2025-06-12 03:07:00,97.0
2025-06-12 04:09:00,62.5
2025-06-12 20:19:00,49.659483264826775
2025-06-12 05:35:00,52.4
2025-06-12 11:13:00,51.0
2025-06-12 01:12:00,53.5
2025-06-12 08:26:00,12.1
2025-06-12 11:32:00,72.8
2025-06-12 19:21:00,49.659483264826775
2025-06-12 22:35:00,49.659483264826775
2025-06-12 00:20:00,49.659483264826775
2025-06-12 00:34:00,49.659483264826775
2025-06-12 08:55:00,75.8
2025-06-12 02:39:00,0.0
2025-06-12 10:47:00,88.3
2025-06-12 11:55:00,91.2
2025-06-12 20:18:00,77.6
2025-06-12 16:35:00,49.659483264826775
2025-06-12 12:51:00,49.659483264826775
2025-06-12 21:33:00,64.2
2025-06-12 16:50:00,75.0
2025-06-12 03:40:00,80.0
2025-06-12 01:31:00,5.1
2025-06-12 15:45:00,97.2
2025-06-12 15:56:00,65.8
2025-06-12 12:16:00,69.4
2025-06-12 02:23:00,60.8
2025-06-12 01:17:00,96.2
2025-06-12 03:45:00,76.8
2025-06-12 16:27:00,79.2
2025-06-12 07:30:00,77.0
2025-06-12 09:34:00,46.8
2025-06-12 20:09:00,7.1
2025-06-12 05:45:00,2.4
2025-06-12 03:00:00,49.659483264826775
2025-06-12 08:10:00,82.3
2025-06-12 06:16:00,51.6
2025-06-12 06:55:00,82.6
2025-06-12 23:19:00,62.2
2025-06-12 00:24:00,83.4
2025-06-12 08:28:00,92.4
2025-06-12 07:05:00,49.659483264826775
2025-06-12 03:06:00,2.2
2025-06-12 09:02:00,49.659483264826775
2025-06-12 16:45:00,67.0
2025-06-12 20:38:00,49.659483264826775
2025-06-12 01:10:00,84.9
2025-06-12 19:10:00,76.0
2025-06-12 17:53:00,55.6
2025-06-12 17:16:00,39.9
2025-06-12 19:58:00,36.5
2025-06-12 02:59:00,13.7
2025-06-12 13:46:00,10.0
2025-06-12 20:15:00,62.6
2025-06-12 12:45:00,34.2
2025-06-12 23:33:00,49.659483264826775
2025-06-12 02:51:00,32.0
2025-06-12 14:41:00,97.2
2025-06-12 07:28:00,18.3
2025-06-12 17:13:00,63.8
2025-06-12 06:06:00,96.7
2025-06-12 07:25:00,16.3
2025-06-12 14:39:00,31.0
2025-06-12 09:33:00,35.7
2025-06-12 10:18:00,49.659483264826775
2025-06-12 03:14:00,32.3
2025-06-12 23:18:00,49.659483264826775
2025-06-12 13:23:00,26.1
2025-06-12 20:35:00,2.7
2025-06-12 00:56:00,49.659483264826775
2025-06-12 14:44:00,8.5
2025-06-12 07:53:00,98.4
2025-06-12 09:59:00,82.7
2025-06-12 03:26:00,90.9
2025-06-12 03:01:00,80.0
2025-06-12 07:18:00,49.659483264826775
2025-06-12 22:08:00,85.4
2025-06-12 18:10:00,71.4
2025-06-12 01:08:00,46.3
2025-06-12 07:32:00,88.0
2025-06-12 18:18:00,49.659483264826775
2025-06-12 09:17:00,49.659483264826775
2025-06-12 14:06:00,86.8
2025-06-12 13:43:00,61.3
2025-06-12 15:05:00,8.0
2025-06-12 10:11:00,74.3
2025-06-12 21:10:00,65.9
2025-06-12 14:59:00,57.8
2025-06-12 09:40:00,50.0
2025-06-12 03:09:00,70.2
2025-06-12 13:35:00,25.6
2025-06-12 02:54:00,52.4
2025-06-12 11:39:00,46.4
2025-06-12 06:53:00,69.8
2025-06-12 13:37:00,23.5
2025-06-12 15:41:00,82.6
2025-06-12 14:35:00,51.5
2025-06-12 17:05:00,36.1
2025-06-12 12:15:00,19.5
2025-06-12 06:28:00,64.0
2025-06-12 07:08:00,94.1
2025-06-12 21:37:00,49.7
2025-06-12 10:33:00,49.659483264826775
2025-06-12 08:23:00,6.4
2025-06-12 12:30:00,2.3
2025-06-12 06:08:00,58.1
2025-06-12 11:31:00,49.659483264826775
2025-06-12 07:07:00,0.2
2025-06-12 12:52:00,79.5
2025-06-12 06:09:00,49.659483264826775
2025-06-12 21:21:00,30.9
2025-06-12 20:56:00,84.6
2025-06-12 12:53:00,62.3
2025-06-12 22:12:00,95.9
2025-06-12 20:17:00,43.2
2025-06-12 09:54:00,73.5
2025-06-12 10:38:00,4.4
2025-06-12 19:17:00,8.0
2025-06-12 16:26:00,49.659483264826775
2025-06-12 13:02:00,49.659483264826775
2025-06-12 17:08:00,31.7
2025-06-12 06:02:00,90.1
2025-06-12 20:55:00,49.659483264826775
2025-06-12 18:50:00,41.6
2025-06-12 01:57:00,42.9
2025-06-12 16:11:00,67.1
2025-06-12 21:50:00,54.3
2025-06-12 18:26:00,30.8
2025-06-12 15:54:00,34.3
2025-06-12 17:23:00,37.8
2025-06-12 03:04:00,32.2
2025-06-12 13:06:00,25.3
2025-06-12 03:18:00,64.2
2025-06-12 08:03:00,13.1
2025-06-12 19:30:00,49.659483264826775
2025-06-12 01:49:00,71.9
2025-06-12 08:25:00,95.4
2025-06-12 06:19:00,8.0
2025-06-12 17:01:00,49.659483264826775
2025-06-12 10:40:00,19.1
2025-06-12 15:06:00,97.6
2025-06-12 08:52:00,99.6
2025-06-12 12:03:00,60.1
2025-06-12 18:57:00,15.4
2025-06-12 16:05:00,83.2
2025-06-12 16:24:00,41.3
2025-06-12 16:04:00,49.659483264826775
2025-06-12 00:58:00,84.3
2025-06-12 13:31:00,60.4
2025-06-12 04:52:00,36.6
2025-06-12 18:00:00,51.1
2025-06-12 06:25:00,85.9
2025-06-12 05:55:00,14.7
2025-06-12 07:11:00,28.1
2025-06-12 16:43:00,35.3
2025-06-12 11:54:00,95.0
2025-06-12 14:27:00,94.2
2025-06-12 18:13:00,73.0
2025-06-12 10:10:00,38.8
2025-06-12 21:36:00,58.2
2025-06-12 13:07:00,39.2
2025-06-12 02:31:00,56.8
2025-06-12 19:45:00,42.6
2025-06-12 04:27:00,88.2
2025-06-12 16:10:00,55.5
2025-06-12 05:48:00,62.7
2025-06-12 21:31:00,49.659483264826775
2025-06-12 02:02:00,51.7
2025-06-12 19:55:00,49.6
2025-06-12 09:49:00,71.6
2025-06-12 03:37:00,47.3
2025-06-12 22:56:00,49.659483264826775
2025-06-12 15:29:00,24.9
2025-06-12 07:46:00,10.6
2025-06-12 18:15:00,18.1
2025-06-12 04:12:00,7.8
2025-06-12 21:12:00,53.6
2025-06-12 07:12:00,96.9
2025-06-12 05:32:00,57.1
2025-06-12 19:35:00,0.9
2025-06-12 05:50:00,49.659483264826775
2025-06-12 09:51:00,9.8
2025-06-12 10:19:00,64.7
2025-06-12 19:50:00,44.2
2025-06-12 16:54:00,54.4
2025-06-12 16:06:00,72.3
2025-06-12 14:49:00,45.2
2025-06-12 02:30:00,81.6
2025-06-12 12:11:00,84.1
2025-06-12 22:07:00,30.3
2025-06-12 08:32:00,72.3
2025-06-12 07:40:00,27.7
2025-06-12 21:04:00,28.0
2025-06-12 05:22:00,81.8
2025-06-12 18:56:00,49.659483264826775
2025-06-12 11:17:00,66.8
2025-06-12 23:41:00,41.2
2025-06-12 22:36:00,49.659483264826775
2025-06-12 17:10:00,49.659483264826775
2025-06-12 01:43:00,44.7
2025-06-12 02:26:00,16.8
2025-06-12 04:36:00,92.8
2025-06-12 14:18:00,1.8
2025-06-12 18:04:00,6.7
2025-06-12 02:24:00,47.5
2025-06-12 22:57:00,58.5
2025-06-12 07:27:00,49.659483264826775
2025-06-12 03:12:00,49.659483264826775
2025-06-12 20:53:00,62.5
2025-06-12 11:41:00,49.659483264826775
2025-06-12 16:16:00,49.659483264826775
2025-06-12 07:51:00,33.0
2025-06-12 01:07:00,32.4
2025-06-12 14:11:00,69.1
2025-06-12 14:46:00,26.1
2025-06-12 18:11:00,44.7
2025-06-12 22:10:00,49.659483264826775
2025-06-12 19:28:00,25.0
2025-06-12 17:09:00,46.8
2025-06-12 03:22:00,55.8
2025-06-12 15:50:00,96.6
2025-06-12 02:58:00,73.8
2025-06-12 08:27:00,96.7
2025-06-12 06:54:00,99.5
2025-06-12 03:52:00,96.1
2025-06-12 22:06:00,67.4
2025-06-12 16:02:00,49.659483264826775
2025-06-12 13:54:00,26.9
2025-06-12 05:27:00,42.8
2025-06-12 00:15:00,40.1
2025-06-12 15:37:00,38.9
2025-06-12 15:07:00,46.1
2025-06-12 05:12:00,82.6
2025-06-12 15:08:00,21.0
2025-06-12 21:30:00,97.3
2025-06-12 11:25:00,76.5
2025-06-12 21:16:00,94.8
2025-06-12 14:40:00,22.4
2025-06-12 17:03:00,70.5
2025-06-12 02:32:00,85.0
2025-06-12 01:56:00,70.7
2025-06-12 04:23:00,25.4
2025-06-12 17:26:00,45.4
2025-06-12 02:38:00,88.8
2025-06-12 07:14:00,26.1
2025-06-12 06:59:00,49.659483264826775
2025-06-12 14:25:00,48.2
2025-06-12 19:39:00,72.9
2025-06-12 03:16:00,4.8
2025-06-12 14:12:00,62.0
2025-06-12 19:53:00,49.659483264826775
2025-06-12 09:41:00,80.0
2025-06-12 23:40:00,56.1
2025-06-12 14:02:00,54.2
2025-06-12 15:10:00,6.5
2025-06-12 01:16:00,4.1
2025-06-12 23:36:00,28.5
2025-06-12 21:56:00,39.0
2025-06-12 18:06:00,9.4
2025-06-12 16:51:00,45.1
2025-06-12 05:42:00,31.7
2025-06-12 16:15:00,69.8
2025-06-12 03:32:00,20.8
2025-06-12 04:39:00,22.6
2025-06-12 05:33:00,40.5
2025-06-12 21:08:00,99.8
2025-06-12 15:46:00,55.9
2025-06-12 02:28:00,49.659483264826775
2025-06-12 05:34:00,73.5
2025-06-12 04:24:00,15.3
2025-06-12 10:20:00,21.4
2025-06-12 12:01:00,33.1
2025-06-12 06:36:00,94.1
2025-06-12 04:45:00,45.4
2025-06-12 14:48:00,49.732274758880266
2025-06-12 08:48:00,32.3
2025-06-12 20:46:00,89.2
2025-06-12 01:49:00,17.6
2025-06-12 21:46:00,17.8
2025-06-12 06:52:00,81.2
2025-06-12 22:00:00,64.5
2025-06-12 21:32:00,87.5
2025-06-12 05:23:00,49.732274758880266
2025-06-12 12:36:00,19.8
2025-06-12 10:28:00,0.2
2025-06-12 15:18:00,40.5
2025-06-12 18:15:00,17.9
2025-06-12 19:20:00,49.2
2025-06-12 17:13:00,70.8
2025-06-12 04:16:00,14.2
2025-06-12 14:02:00,16.4
2025-06-12 20:50:00,49.732274758880266
2025-06-12 01:04:00,70.5
2025-06-12 13:05:00,62.5
2025-06-12 23:21:00,58.8
2025-06-12 11:26:00,38.1
2025-06-12 16:03:00,91.7
2025-06-12 01:39:00,12.1
2025-06-12 05:11:00,80.2
2025-06-12 07:58:00,42.8
2025-06-12 21:01:00,83.9
2025-06-12 06:22:00,16.6
2025-06-12 19:43:00,10.1
2025-06-12 07:37:00,8.9
2025-06-12 08:36:00,41.5
2025-06-12 16:41:00,49.732274758880266
2025-06-12 13:38:00,49.732274758880266
2025-06-12 18:06:00,49.732274758880266
2025-06-12 11:35:00,72.9
2025-06-12 18:56:00,63.2
2025-06-12 18:17:00,49.732274758880266
2025-06-12 01:03:00,81.7
2025-06-12 09:45:00,49.732274758880266
2025-06-12 01:46:00,42.7
2025-06-12 13:08:00,60.6
2025-06-12 11:12:00,88.5
2025-06-12 01:25:00,49.732274758880266
2025-06-12 12:46:00,55.1
2025-06-12 17:14:00,20.3
2025-06-12 02:30:00,58.4
2025-06-12 23:49:00,12.7
2025-06-12 04:26:00,23.4
2025-06-12 05:58:00,98.8
2025-06-12 21:35:00,73.5
2025-06-12 19:56:00,15.4
2025-06-12 10:14:00,49.732274758880266
2025-06-12 06:28:00,89.6
2025-06-12 13:50:00,49.732274758880266
2025-06-12 14:32:00,46.6
2025-06-12 06:02:00,60.9
2025-06-12 07:14:00,52.8
2025-06-12 07:38:00,95.4
2025-06-12 03:43:00,51.8
2025-06-12 21:18:00,1.1
2025-06-12 16:59:00,94.5
2025-06-12 21:36:00,49.2
2025-06-12 17:40:00,8.8
2025-06-12 14:01:00,14.6
2025-06-12 17:17:00,68.1
2025-06-12 23:03:00,49.732274758880266
2025-06-12 04:20:00,19.8
2025-06-12 05:15:00,92.9
2025-06-12 23:26:00,51.2
2025-06-12 17:24:00,89.8
2025-06-12 13:44:00,49.732274758880266
2025-06-12 16:50:00,99.5
2025-06-12 11:08:00,49.732274758880266
2025-06-12 10:36:00,18.6
2025-06-12 18:31:00,67.7
2025-06-12 10:48:00,49.732274758880266
2025-06-12 08:09:00,62.3
2025-06-12 14:43:00,18.2
2025-06-12 08:05:00,15.6
2025-06-12 04:33:00,51.8
2025-06-12 23:08:00,49.732274758880266
2025-06-12 09:59:00,38.9
2025-06-12 18:28:00,41.7
2025-06-12 05:54:00,44.7
2025-06-12 02:15:00,82.6
2025-06-12 21:58:00,59.9
2025-06-12 18:52:00,75.5
2025-06-12 07:01:00,16.2
2025-06-12 11:39:00,7.9
2025-06-12 19:41:00,85.0
2025-06-12 23:53:00,74.9
2025-06-12 11:53:00,90.4
2025-06-12 13:43:00,49.732274758880266
2025-06-12 15:47:00,6.3
2025-06-12 00:31:00,42.1
2025-06-12 09:40:00,56.4
2025-06-12 21:53:00,70.1
2025-06-12 06:58:00,72.7
2025-06-12 23:10:00,88.8
2025-06-12 01:12:00,46.7
2025-06-12 07:28:00,62.9
2025-06-12 03:40:00,80.0
2025-06-12 18:02:00,49.732274758880266
2025-06-12 13:42:00,52.0
2025-06-12 00:18:00,68.4
2025-06-12 18:34:00,32.5
2025-06-12 05:26:00,80.2
2025-06-12 11:16:00,48.4
2025-06-12 21:26:00,80.0
2025-06-12 02:08:00,66.3
2025-06-12 00:52:00,48.0
2025-06-12 15:50:00,19.9
2025-06-12 08:34:00,61.7
2025-06-12 17:44:00,82.9
2025-06-12 10:26:00,8.2
2025-06-12 11:18:00,64.1
2025-06-12 09:21:00,66.7
2025-06-12 08:02:00,43.4
2025-06-12 00:25:00,25.2
2025-06-12 02:02:00,49.732274758880266
2025-06-12 16:22:00,17.0
2025-06-12 06:44:00,7.7
2025-06-12 19:09:00,76.6
2025-06-12 13:19:00,49.732274758880266
2025-06-12 10:49:00,48.5
2025-06-12 20:14:00,30.5
2025-06-12 03:00:00,43.1
2025-06-12 05:24:00,63.5
2025-06-12 18:41:00,76.4
2025-06-12 07:20:00,50.8
2025-06-12 04:07:00,31.1
2025-06-12 02:07:00,63.4
2025-06-12 08:21:00,37.4
2025-06-12 13:29:00,76.8
2025-06-12 14:46:00,66.6
2025-06-12 22:18:00,48.2
2025-06-12 18:05:00,96.6
2025-06-12 03:32:00,49.732274758880266
2025-06-12 11:32:00,46.0
2025-06-12 18:25:00,60.2
2025-06-12 20:10:00,55.9
2025-06-12 04:36:00,6.6
2025-06-12 02:54:00,49.732274758880266
2025-06-12 16:21:00,11.9
2025-06-12 19:29:00,42.8
2025-06-12 10:17:00,48.0
2025-06-12 12:48:00,71.6
2025-06-12 03:33:00,11.5
2025-06-12 20:53:00,49.732274758880266
2025-06-12 18:26:00,7.5
2025-06-12 23:00:00,93.5
2025-06-12 11:57:00,7.1
2025-06-12 20:48:00,37.1
2025-06-12 15:42:00,54.5
2025-06-12 03:34:00,21.0
2025-06-12 19:04:00,54.5
2025-06-12 15:14:00,31.4
2025-06-12 14:30:00,94.2
2025-06-12 17:35:00,93.5
2025-06-12 01:08:00,15.2
2025-06-12 04:25:00,49.732274758880266
2025-06-12 10:21:00,30.3
2025-06-12 02:55:00,49.732274758880266
2025-06-12 04:29:00,86.2
2025-06-12 03:58:00,12.6
2025-06-12 00:27:00,89.4
2025-06-12 16:49:00,90.0
2025-06-12 07:08:00,42.8
2025-06-12 05:46:00,49.732274758880266
2025-06-12 18:20:00,59.3
2025-06-12 01:16:00,49.732274758880266
2025-06-12 13:21:00,25.5
2025-06-12 02:16:00,80.6
2025-06-12 16:14:00,44.3
2025-06-12 15:03:00,42.7
2025-06-12 15:26:00,63.1
2025-06-12 20:17:00,49.732274758880266
2025-06-12 08:52:00,76.5
2025-06-12 12:12:00,76.1
2025-06-12 07:54:00,39.8
2025-06-12 10:59:00,63.6
2025-06-12 20:24:00,97.9
2025-06-12 22:19:00,37.9
2025-06-12 18:32:00,57.6
2025-06-12 12:56:00,33.8
2025-06-12 17:07:00,49.732274758880266
2025-06-12 21:22:00,3.3
2025-06-12 03:54:00,76.1
2025-06-12 17:42:00,58.6
2025-06-12 18:54:00,30.1
2025-06-12 01:20:00,39.2
2025-06-12 22:21:00,10.4
2025-06-12 21:24:00,15.1
2025-06-12 06:32:00,79.1
2025-06-12 23:58:00,77.5
2025-06-12 00:36:00,49.732274758880266
2025-06-12 06:45:00,43.7
2025-06-12 14:20:00,0.3
2025-06-12 15:32:00,40.1
2025-06-12 11:58:00,49.732274758880266
2025-06-12 10:24:00,49.732274758880266
2025-06-12 13:15:00,76.8
2025-06-12 04:23:00,10.5
2025-06-12 23:29:00,60.8
2025-06-12 22:23:00,7.5
2025-06-12 12:53:00,34.9
2025-06-12 21:00:00,81.9
2025-06-12 19:07:00,12.5
2025-06-12 22:14:00,15.8
2025-06-12 20:27:00,51.2
2025-06-12 10:29:00,45.2
2025-06-12 15:58:00,52.6
2025-06-12 17:56:00,49.732274758880266
2025-06-12 04:49:00,58.9
2025-06-12 06:54:00,94.1
2025-06-12 21:27:00,79.8
2025-06-12 09:28:00,31.2
2025-06-12 08:19:00,57.5
2025-06-12 06:30:00,49.732274758880266
2025-06-12 18:46:00,49.732274758880266
2025-06-12 06:05:00,49.732274758880266
2025-06-12 10:31:00,49.732274758880266
2025-06-12 18:19:00,52.0
2025-06-12 23:19:00,47.5
2025-06-12 10:45:00,49.732274758880266
2025-06-12 12:31:00,49.732274758880266
2025-06-12 13:06:00,4.6
2025-06-12 08:54:00,76.1
2025-06-12 10:02:00,33.2
2025-06-12 08:38:00,49.4
2025-06-12 08:45:00,97.3
2025-06-12 16:35:00,15.6
2025-06-12 00:21:00,90.3
2025-06-12 12:11:00,36.8
2025-06-12 06:35:00,30.3
2025-06-12 21:37:00,83.7
2025-06-12 21:52:00,32.5
2025-06-12 05:14:00,71.1
2025-06-12 04:35:00,67.1
2025-06-12 09:51:00,87.9
2025-06-12 18:48:00,5.4
2025-06-12 11:17:00,74.2
2025-06-12 16:28:00,89.4
2025-06-12 21:45:00,31.5
2025-06-12 17:31:00,97.5
2025-06-12 15:46:00,64.7
2025-06-12 15:08:00,43.0
2025-06-12 15:28:00,42.7
2025-06-12 16:40:00,49.732274758880266
2025-06-12 10:44:00,22.6
2025-06-12 21:10:00,12.2
2025-06-12 08:18:00,49.6
2025-06-12 07:22:00,29.2
2025-06-12 16:09:00,78.6
2025-06-12 21:13:00,69.1
2025-06-12 13:16:00,42.7
2025-06-12 16:07:00,1.4
2025-06-12 22:13:00,99.2
2025-06-12 19:36:00,34.0
2025-06-12 02:39:00,56.3
2025-06-12 02:52:00,56.1
2025-06-12 00:37:00,73.4
2025-06-12 19:40:00,49.732274758880266
2025-06-12 15:35:00,85.5
2025-06-12 15:29:00,49.732274758880266
2025-06-12 11:40:00,49.732274758880266
2025-06-12 02:23:00,2.9
2025-06-12 04:05:00,97.7
2025-06-12 21:34:00,49.732274758880266
2025-06-12 17:57:00,49.732274758880266
2025-06-12 15:10:00,34.7
2025-06-12 08:29:00,58.2
2025-06-12 17:23:00,71.7
2025-06-12 03:15:00,98.6
2025-06-12 11:45:00,16.1
2025-06-12 13:32:00,82.6
2025-06-12 22:07:00,43.0
2025-06-12 02:06:00,8.9
2025-06-12 15:31:00,88.5
2025-06-12 03:04:00,81.7
2025-06-12 08:26:00,68.8
2025-06-12 08:12:00,58.8
2025-06-12 02:45:00,55.5
2025-06-12 19:45:00,28.0
2025-06-12 02:53:00,49.732274758880266
2025-06-12 02:35:00,12.6
2025-06-12 19:22:00,2.9
2025-06-12 20:03:00,6.6
2025-06-12 19:31:00,49.38053801169591
2025-06-12 08:09:00,72.3
2025-06-12 07:43:00,49.38053801169591
2025-06-12 11:24:00,4.0
2025-06-12 12:11:00,49.38053801169591
2025-06-12 13:07:00,32.7
2025-06-12 01:01:00,88.7
2025-06-12 22:13:00,10.3
2025-06-12 11:22:00,73.3
2025-06-12 19:52:00,24.8
2025-06-12 15:58:00,81.5
2025-06-12 16:44:00,70.8
2025-06-12 21:48:00,99.5
2025-06-12 11:58:00,19.6
2025-06-12 15:44:00,17.3
2025-06-12 01:09:00,87.9
2025-06-12 10:42:00,70.9
2025-06-12 02:11:00,5.4
2025-06-12 09:34:00,82.0
2025-06-12 02:52:00,1.3
2025-06-12 09:28:00,52.3
2025-06-12 15:01:00,82.6
2025-06-12 21:52:00,64.7
2025-06-12 09:45:00,64.0
2025-06-12 15:06:00,49.38053801169591
2025-06-12 23:32:00,17.5
2025-06-12 02:31:00,58.7
2025-06-12 23:43:00,96.8
2025-06-12 02:06:00,14.2
2025-06-12 19:21:00,45.4
2025-06-12 20:23:00,33.7
2025-06-12 17:21:00,49.38053801169591
2025-06-12 05:55:00,32.7
2025-06-12 20:25:00,33.2
2025-06-12 12:43:00,14.4
2025-06-12 05:29:00,17.4
2025-06-12 18:21:00,36.2
2025-06-12 16:17:00,24.5
2025-06-12 17:37:00,41.8
2025-06-12 19:25:00,84.4
2025-06-12 22:18:00,54.8
2025-06-12 21:11:00,42.4
2025-06-12 05:48:00,67.2
2025-06-12 10:27:00,15.3
2025-06-12 04:27:00,84.6
2025-06-12 07:19:00,96.1
2025-06-12 02:57:00,73.3
2025-06-12 23:36:00,36.9
2025-06-12 17:57:00,15.8
2025-06-12 05:59:00,71.0
2025-06-12 20:55:00,95.4
2025-06-12 08:12:00,85.4
2025-06-12 19:33:00,50.9
2025-06-12 04:28:00,55.7
2025-06-12 14:48:00,97.4
2025-06-12 13:23:00,50.2
2025-06-12 11:11:00,63.5
2025-06-12 23:37:00,56.1
2025-06-12 01:32:00,8.8
2025-06-12 03:05:00,69.9
2025-06-12 03:56:00,14.0
2025-06-12 23:38:00,49.38053801169591
2025-06-12 12:34:00,9.4
2025-06-12 16:30:00,86.8
2025-06-12 16:57:00,49.38053801169591
2025-06-12 15:15:00,76.4
2025-06-12 12:22:00,14.5
2025-06-12 18:57:00,45.8
2025-06-12 12:40:00,49.38053801169591
2025-06-12 20:42:00,29.8
2025-06-12 19:03:00,44.2
2025-06-12 13:12:00,14.2
2025-06-12 18:09:00,49.5
2025-06-12 08:00:00,33.3
2025-06-12 05:54:00,78.1
2025-06-12 19:17:00,36.6
2025-06-12 08:44:00,29.1
2025-06-12 06:06:00,6.9
2025-06-12 03:48:00,92.9
2025-06-12 20:45:00,83.9
2025-06-12 21:47:00,71.2
2025-06-12 10:50:00,49.38053801169591
2025-06-12 23:07:00,22.5
2025-06-12 20:16:00,75.9
2025-06-12 21:54:00,49.38053801169591
2025-06-12 11:57:00,75.0
2025-06-12 02:40:00,49.38053801169591
2025-06-12 19:08:00,20.3
2025-06-12 02:54:00,9.7
2025-06-12 06:00:00,89.1
2025-06-12 14:41:00,25.4
2025-06-12 21:15:00,45.0
2025-06-12 19:37:00,15.4
2025-06-12 17:28:00,49.38053801169591
2025-06-12 15:11:00,46.3
2025-06-12 13:35:00,8.6
2025-06-12 17:17:00,82.4
2025-06-12 18:53:00,4.4
2025-06-12 10:46:00,44.2
2025-06-12 20:50:00,49.38053801169591
2025-06-12 22:12:00,74.2
2025-06-12 17:35:00,47.1
2025-06-12 07:01:00,49.38053801169591
2025-06-12 07:11:00,63.2
2025-06-12 17:31:00,52.8
2025-06-12 06:51:00,49.38053801169591
2025-06-12 21:46:00,49.38053801169591
2025-06-12 20:44:00,49.38053801169591
2025-06-12 01:28:00,49.38053801169591
2025-06-12 18:16:00,33.3
2025-06-12 00:15:00,49.38053801169591
2025-06-12 13:39:00,86.1
2025-06-12 17:46:00,52.3
2025-06-12 16:43:00,98.0
2025-06-12 12:54:00,49.38053801169591
2025-06-12 05:58:00,79.2
2025-06-12 09:52:00,49.38053801169591
2025-06-12 12:32:00,25.8
2025-06-12 14:08:00,49.2
2025-06-12 04:00:00,49.38053801169591
2025-06-12 14:21:00,49.38053801169591
2025-06-12 11:45:00,49.38053801169591
2025-06-12 08:51:00,75.0
2025-06-12 08:06:00,73.7
2025-06-12 22:27:00,80.7
2025-06-12 00:29:00,67.4
2025-06-12 19:36:00,88.7
2025-06-12 16:45:00,42.5
2025-06-12 14:17:00,59.6
2025-06-12 22:55:00,69.3
2025-06-12 14:51:00,50.0
2025-06-12 11:46:00,49.38053801169591
2025-06-12 01:10:00,49.1
2025-06-12 08:54:00,17.5
2025-06-12 07:06:00,97.2
2025-06-12 06:33:00,3.0
2025-06-12 16:24:00,52.2
2025-06-12 14:25:00,87.9
2025-06-12 14:24:00,76.2
2025-06-12 23:29:00,57.7
2025-06-12 16:31:00,82.3
2025-06-12 08:45:00,49.38053801169591
2025-06-12 22:39:00,74.3
2025-06-12 05:04:00,4.6
2025-06-12 15:57:00,13.3
2025-06-12 14:26:00,30.7
2025-06-12 14:23:00,17.3
2025-06-12 23:41:00,29.3
2025-06-12 14:19:00,49.38053801169591
2025-06-12 23:12:00,84.4
2025-06-12 05:08:00,87.9
2025-06-12 16:26:00,21.0
2025-06-12 08:29:00,23.9
2025-06-12 05:23:00,29.0
2025-06-12 02:36:00,49.38053801169591
2025-06-12 17:32:00,26.2
2025-06-12 14:11:00,92.0
2025-06-12 09:55:00,96.5
2025-06-12 11:00:00,37.5
2025-06-12 10:32:00,60.7
2025-06-12 16:51:00,96.6
2025-06-12 08:22:00,2.2
2025-06-12 10:18:00,37.7
2025-06-12 13:30:00,14.5
2025-06-12 13:02:00,32.2
2025-06-12 21:32:00,77.8
2025-06-12 01:31:00,47.5
2025-06-12 07:49:00,18.2
2025-06-12 10:09:00,94.2
2025-06-12 15:28:00,53.5
2025-06-12 05:15:00,93.9
2025-06-12 02:02:00,7.2
2025-06-12 16:34:00,37.7
2025-06-12 18:06:00,42.9
2025-06-12 12:23:00,53.4
2025-06-12 06:40:00,61.9
2025-06-12 01:05:00,46.7
2025-06-12 22:35:00,40.7
2025-06-12 12:27:00,59.5
2025-06-12 08:28:00,13.1
2025-06-12 20:57:00,59.5
2025-06-12 10:08:00,46.6
2025-06-12 18:22:00,84.5
2025-06-12 13:52:00,48.8
2025-06-12 00:16:00,39.5
2025-06-12 05:18:00,4.5
2025-06-12 20:21:00,16.6
2025-06-12 19:15:00,49.38053801169591
2025-06-12 09:49:00,32.2
2025-06-12 07:31:00,90.5
2025-06-12 15:34:00,27.7
2025-06-12 17:52:00,77.0
2025-06-12 19:24:00,1.7
2025-06-12 19:47:00,58.1
2025-06-12 15:21:00,47.2
2025-06-12 04:39:00,60.9
2025-06-12 03:06:00,23.8
2025-06-12 23:54:00,0.6
2025-06-12 20:28:00,24.1
2025-06-12 00:28:00,40.3
2025-06-12 21:14:00,67.6
2025-06-12 05:56:00,49.38053801169591
2025-06-12 09:57:00,27.1
2025-06-12 22:01:00,90.9
2025-06-12 18:27:00,0.4
2025-06-12 14:07:00,18.3
2025-06-12 19:58:00,49.38053801169591
2025-06-12 08:02:00,69.4
2025-06-12 03:57:00,77.7
2025-06-12 22:36:00,86.3
2025-06-12 20:09:00,25.0
2025-06-12 12:21:00,62.9
2025-06-12 06:03:00,8.0
2025-06-12 20:47:00,27.2
2025-06-12 07:42:00,88.4
2025-06-12 04:26:00,11.9
2025-06-12 09:46:00,90.5
2025-06-12 11:19:00,94.0
2025-06-12 05:06:00,21.3
2025-06-12 01:54:00,64.4
2025-06-12 18:11:00,83.8
2025-06-12 03:51:00,68.3
2025-06-12 21:12:00,76.8
2025-06-12 07:03:00,22.4
2025-06-12 10:49:00,1.4
2025-06-12 00:06:00,4.3
2025-06-12 02:49:00,39.6
2025-06-12 23:27:00,0.9
2025-06-12 12:01:00,27.9
2025-06-12 10:36:00,42.4
2025-06-12 11:16:00,49.38053801169591
2025-06-12 19:11:00,79.9
2025-06-12 16:33:00,49.38053801169591
2025-06-12 18:17:00,56.7
2025-06-12 16:29:00,49.38053801169591
2025-06-12 01:27:00,42.0
2025-06-12 17:08:00,23.7
2025-06-12 09:59:00,78.1
2025-06-12 13:11:00,67.3
2025-06-12 14:27:00,50.7
2025-06-12 04:42:00,9.3
2025-06-12 18:01:00,52.6
2025-06-12 08:52:00,43.6
2025-06-12 03:00:00,37.5
2025-06-12 11:17:00,29.3
2025-06-12 15:12:00,30.4
2025-06-12 10:30:00,62.5
2025-06-12 20:29:00,87.9
2025-06-12 05:30:00,87.8
2025-06-12 18:00:00,94.5
2025-06-12 01:18:00,59.3
2025-06-12 08:16:00,22.1
2025-06-12 09:53:00,49.38053801169591
2025-06-12 23:48:00,98.7
2025-06-12 19:20:00,49.38053801169591
2025-06-12 01:43:00,44.7
2025-06-12 03:24:00,66.0
2025-06-12 07:05:00,22.7
2025-06-12 02:43:00,17.5
2025-06-12 12:44:00,49.38053801169591
2025-06-12 22:20:00,71.5
2025-06-12 07:32:00,50.4
2025-06-12 04:31:00,80.3
2025-06-12 08:20:00,88.9
2025-06-12 07:12:00,51.0
2025-06-12 04:20:00,39.6
2025-06-12 17:45:00,49.38053801169591
2025-06-12 05:35:00,11.3
2025-06-12 00:51:00,86.0
2025-06-12 21:06:00,33.0
2025-06-12 05:12:00,63.0
2025-06-12 07:17:00,7.2
2025-06-12 15:47:00,6.8
2025-06-12 11:59:00,39.7
2025-06-12 05:31:00,1.7
2025-06-12 11:13:00,55.8
2025-06-12 16:42:00,49.38053801169591
2025-06-12 19:01:00,22.3
2025-06-12 03:41:00,32.0
2025-06-12 14:01:00,85.0
2025-06-12 14:52:00,39.4
2025-06-12 14:13:00,49.38053801169591
2025-06-12 01:49:00,49.38053801169591
2025-06-12 12:02:00,81.6
2025-06-12 16:52:00,79.6
2025-06-12 04:06:00,98.0
2025-06-12 19:59:00,7.6
2025-06-12 22:59:00,49.38053801169591
2025-06-12 03:40:00,49.38053801169591
2025-06-12 09:09:00,17.0
2025-06-12 05:52:00,31.4
2025-06-12 00:11:00,99.0
2025-06-12 00:25:00,92.0
2025-06-12 14:54:00,85.4
2025-06-12 18:45:00,52.2
2025-06-12 12:33:00,41.1
2025-06-12 17:55:00,26.4
2025-06-12 15:50:00,2.0
2025-06-12 01:56:00,63.5
2025-06-12 18:44:00,19.3
2025-06-12 23:24:00,28.3
2025-06-12 19:09:00,44.4
2025-06-12 16:12:00,49.38053801169591
2025-06-12 15:16:00,46.6
2025-06-12 05:11:00,44.4
2025-06-12 01:03:00,0.9
2025-06-12 23:30:00,44.6
2025-06-12 05:50:00,0.7
2025-06-12 13:06:00,17.6
2025-06-12 18:07:00,83.8
2025-06-12 10:51:00,80.2
2025-06-12 07:00:00,78.2
2025-06-12 07:58:00,24.6
2025-06-12 12:31:00,73.4
2025-06-12 08:36:00,25.3
2025-06-12 08:33:00,70.7
2025-06-12 23:39:00,50.4
2025-06-12 01:37:00,7.3
2025-06-12 00:26:00,84.9
2025-06-12 09:52:00,78.5
2025-06-12 17:47:00,61.1
2025-06-12 07:31:00,20.0
2025-06-12 11:45:00,57.0
2025-06-12 07:42:00,95.9
2025-06-12 20:53:00,57.5
2025-06-12 22:03:00,26.6
2025-06-12 05:48:00,0.8
2025-06-12 05:46:00,65.3
2025-06-12 11:03:00,92.4
2025-06-12 05:04:00,49.594186729301235
2025-06-12 07:59:00,26.3
2025-06-12 19:51:00,49.594186729301235
2025-06-12 00:54:00,99.5
2025-06-12 17:48:00,56.9
2025-06-12 21:11:00,38.5
2025-06-12 09:42:00,59.9
2025-06-12 16:14:00,14.1
2025-06-12 02:21:00,14.9
2025-06-12 19:41:00,77.3
2025-06-12 08:08:00,66.0
2025-06-12 13:29:00,49.594186729301235
2025-06-12 03:44:00,40.5
2025-06-12 02:40:00,79.6
2025-06-12 01:41:00,25.0
2025-06-12 11:59:00,43.8
2025-06-12 03:26:00,61.6
2025-06-12 06:37:00,48.5
2025-06-12 22:10:00,44.7
2025-06-12 07:50:00,39.3
2025-06-12 23:24:00,24.5
2025-06-12 23:04:00,32.1
2025-06-12 16:16:00,17.3
2025-06-12 04:13:00,56.7
2025-06-12 08:00:00,49.594186729301235
2025-06-12 11:17:00,86.9
2025-06-12 13:05:00,49.594186729301235
2025-06-12 19:05:00,14.4
2025-06-12 13:21:00,60.9
2025-06-12 14:51:00,15.4
2025-06-12 17:35:00,64.6
2025-06-12 13:24:00,85.7
2025-06-12 10:44:00,61.6
2025-06-12 22:11:00,76.2
2025-06-12 21:15:00,12.9
2025-06-12 10:52:00,69.3
2025-06-12 04:59:00,49.594186729301235
2025-06-12 10:35:00,52.4
2025-06-12 07:45:00,72.2
2025-06-12 19:04:00,54.4
2025-06-12 07:01:00,54.7
2025-06-12 23:36:00,70.8
2025-06-12 17:38:00,49.594186729301235
2025-06-12 10:26:00,49.594186729301235
2025-06-12 05:32:00,49.594186729301235
2025-06-12 09:27:00,93.0
2025-06-12 10:39:00,66.9
2025-06-12 16:55:00,28.3
2025-06-12 17:27:00,63.4
2025-06-12 14:46:00,0.9
2025-06-12 14:43:00,60.4
2025-06-12 15:15:00,13.2
2025-06-12 20:00:00,66.4
2025-06-12 10:50:00,71.5
2025-06-12 10:47:00,87.6
2025-06-12 02:13:00,44.5
2025-06-12 01:28:00,64.9
2025-06-12 23:31:00,1.7
2025-06-12 16:01:00,26.7
2025-06-12 03:13:00,28.4
2025-06-12 01:52:00,49.594186729301235
2025-06-12 02:56:00,1.6
2025-06-12 13:51:00,86.3
2025-06-12 23:33:00,9.4
2025-06-12 16:58:00,14.2
2025-06-12 15:54:00,92.4
2025-06-12 11:38:00,11.7
2025-06-12 09:58:00,49.594186729301235
2025-06-12 21:28:00,32.4
2025-06-12 22:05:00,49.594186729301235
2025-06-12 03:42:00,49.594186729301235
2025-06-12 17:46:00,43.5
2025-06-12 12:07:00,67.8
2025-06-12 14:08:00,49.594186729301235
2025-06-12 08:52:00,50.9
2025-06-12 06:59:00,0.8
2025-06-12 21:27:00,5.2
2025-06-12 09:45:00,49.594186729301235
2025-06-12 08:03:00,49.594186729301235
2025-06-12 17:33:00,49.594186729301235
2025-06-12 02:11:00,64.3
2025-06-12 23:09:00,96.1
2025-06-12 02:18:00,0.5
2025-06-12 16:24:00,62.2
2025-06-12 00:10:00,41.4
2025-06-12 06:54:00,1.5
2025-06-12 05:22:00,49.594186729301235
2025-06-12 23:52:00,90.8
2025-06-12 00:16:00,72.5
2025-06-12 02:58:00,81.1
2025-06-12 05:19:00,56.4
2025-06-12 11:54:00,50.5
2025-06-12 08:18:00,80.6
2025-06-12 22:29:00,74.3
2025-06-12 01:57:00,83.1
2025-06-12 09:05:00,49.594186729301235
2025-06-12 09:49:00,48.7
2025-06-12 10:59:00,49.4
2025-06-12 00:11:00,23.2
2025-06-12 13:30:00,32.1
2025-06-12 12:01:00,99.6
2025-06-12 22:54:00,78.3
2025-06-12 02:37:00,2.7
2025-06-12 06:02:00,7.0
2025-06-12 22:38:00,27.8
2025-06-12 03:14:00,82.4
2025-06-12 22:37:00,49.594186729301235
2025-06-12 10:14:00,21.3
2025-06-12 14:39:00,91.9
2025-06-12 09:43:00,36.8
2025-06-12 07:36:00,26.7
2025-06-12 16:39:00,60.6
2025-06-12 04:30:00,55.9
2025-06-12 10:22:00,10.7
2025-06-12 15:29:00,50.3
2025-06-12 21:17:00,79.0
2025-06-12 07:23:00,20.0
2025-06-12 02:52:00,71.6
2025-06-12 11:02:00,49.594186729301235
2025-06-12 18:24:00,86.3
2025-06-12 00:21:00,39.1
2025-06-12 19:46:00,54.8
2025-06-12 07:09:00,18.4
2025-06-12 04:45:00,95.4
2025-06-12 10:55:00,42.3
2025-06-12 03:27:00,17.6
2025-06-12 06:01:00,12.8
2025-06-12 13:02:00,49.594186729301235
2025-06-12 21:34:00,5.3
2025-06-12 13:18:00,88.5
2025-06-12 00:08:00,72.2
2025-06-12 14:30:00,49.594186729301235
2025-06-12 02:02:00,18.3
2025-06-12 00:33:00,43.6
2025-06-12 00:23:00,1.4
2025-06-12 12:14:00,54.3
2025-06-12 11:55:00,65.9
2025-06-12 19:56:00,18.0
2025-06-12 13:28:00,49.594186729301235
2025-06-12 00:43:00,63.9
2025-06-12 15:06:00,35.9
2025-06-12 03:57:00,38.2
2025-06-12 02:43:00,7.7
2025-06-12 08:54:00,77.0
2025-06-12 10:51:00,49.594186729301235
2025-06-12 21:23:00,90.4
2025-06-12 02:03:00,55.0
2025-06-12 04:58:00,49.594186729301235
2025-06-12 17:00:00,8.2
2025-06-12 20:26:00,70.9
2025-06-12 19:49:00,57.5
2025-06-12 14:50:00,8.6
2025-06-12 14:56:00,24.7
2025-06-12 18:35:00,24.3
2025-06-12 01:04:00,66.4
2025-06-12 02:08:00,62.9
2025-06-12 21:42:00,93.1
2025-06-12 10:45:00,87.6
2025-06-12 05:55:00,23.6
2025-06-12 13:03:00,68.8
2025-06-12 16:08:00,66.3
2025-06-12 04:04:00,63.8
2025-06-12 00:37:00,66.7
2025-06-12 02:29:00,88.5
2025-06-12 08:47:00,49.594186729301235
2025-06-12 14:25:00,40.4
2025-06-12 20:06:00,76.4
2025-06-12 04:52:00,52.5
2025-06-12 17:30:00,82.1
2025-06-12 16:56:00,31.6
2025-06-12 20:29:00,33.5
2025-06-12 00:51:00,90.9
2025-06-12 06:53:00,51.1
2025-06-12 06:48:00,64.4
2025-06-12 15:01:00,25.8
2025-06-12 08:32:00,20.2
2025-06-12 13:14:00,37.8
2025-06-12 19:34:00,4.4
2025-06-12 20:57:00,12.6
2025-06-12 04:39:00,49.594186729301235
2025-06-12 23:12:00,6.1
2025-06-12 01:54:00,98.1
2025-06-12 23:14:00,6.6
2025-06-12 17:18:00,49.594186729301235
2025-06-12 19:07:00,34.4
2025-06-12 20:32:00,76.6
2025-06-12 07:10:00,81.5
2025-06-12 09:35:00,63.2
2025-06-12 01:49:00,31.2
2025-06-12 21:26:00,49.594186729301235
2025-06-12 11:36:00,15.2
2025-06-12 11:31:00,91.9
2025-06-12 20:36:00,1.4
2025-06-12 14:49:00,66.3
2025-06-12 16:48:00,78.8
2025-06-12 18:08:00,87.7
2025-06-12 02:17:00,49.594186729301235
2025-06-12 06:17:00,54.3
2025-06-12 15:30:00,87.8
2025-06-12 01:20:00,79.4
2025-06-12 21:44:00,55.6
2025-06-12 02:15:00,99.9
2025-06-12 02:30:00,28.9
2025-06-12 11:40:00,53.7
2025-06-12 22:40:00,26.7
2025-06-12 14:31:00,58.0
2025-06-12 04:10:00,86.6
2025-06-12 14:42:00,49.594186729301235
2025-06-12 02:39:00,46.5
2025-06-12 16:07:00,35.7
2025-06-12 16:22:00,83.3
2025-06-12 20:38:00,49.594186729301235
2025-06-12 11:58:00,49.594186729301235
2025-06-12 17:15:00,44.1
2025-06-12 16:30:00,0.2
2025-06-12 11:00:00,55.4
2025-06-12 20:07:00,50.3
2025-06-12 17:23:00,22.8
2025-06-12 22:50:00,17.6
2025-06-12 06:10:00,87.4
2025-06-12 12:50:00,43.0
2025-06-12 12:20:00,92.1
2025-06-12 14:35:00,40.4
2025-06-12 17:05:00,96.6
2025-06-12 05:15:00,27.5
2025-06-12 11:05:00,16.8
2025-06-12 21:05:00,24.0
2025-06-12 12:18:00,20.5
2025-06-12 06:19:00,33.9
2025-06-12 18:43:00,94.6
2025-06-12 14:21:00,8.7
2025-06-12 08:09:00,27.7
2025-06-12 07:48:00,96.6
2025-06-12 21:38:00,49.594186729301235
2025-06-12 10:18:00,44.1
2025-06-12 00:42:00,91.3
2025-06-12 05:02:00,77.5
2025-06-12 12:51:00,99.1
2025-06-12 13:52:00,49.594186729301235
2025-06-12 18:56:00,8.0
2025-06-12 12:00:00,0.4
2025-06-12 00:46:00,69.2
2025-06-12 00:03:00,49.3
2025-06-12 00:31:00,17.2
2025-06-12 09:30:00,74.5
2025-06-12 02:26:00,20.7
2025-06-12 20:42:00,98.4
2025-06-12 12:43:00,49.594186729301235
2025-06-12 19:48:00,21.4
2025-06-12 01:31:00,46.3
2025-06-12 03:38:00,94.3
2025-06-12 01:19:00,83.3
2025-06-12 17:52:00,98.1
2025-06-12 00:41:00,14.6
2025-06-12 02:31:00,49.594186729301235
2025-06-12 08:46:00,41.8
2025-06-12 19:35:00,83.3
2025-06-12 17:41:00,2.4
2025-06-12 05:40:00,67.3
2025-06-12 13:12:00,49.594186729301235
2025-06-12 10:49:00,49.594186729301235
2025-06-12 22:31:00,12.9
2025-06-12 15:22:00,56.9
2025-06-12 13:33:00,49.594186729301235
2025-06-12 13:32:00,34.9
2025-06-12 12:21:00,23.0
2025-06-12 22:13:00,87.2
2025-06-12 22:48:00,50.03812089971884
2025-06-12 09:51:00,50.03812089971884
2025-06-12 01:38:00,96.1
2025-06-12 15:59:00,50.03812089971884
2025-06-12 23:56:00,50.03812089971884
2025-06-12 00:16:00,28.8
2025-06-12 15:02:00,60.7
2025-06-12 05:01:00,84.0
2025-06-12 18:31:00,24.9
2025-06-12 10:30:00,50.03812089971884
2025-06-12 07:07:00,91.0
2025-06-12 00:00:00,12.2
2025-06-12 10:49:00,89.1
2025-06-12 10:01:00,5.4
2025-06-12 22:58:00,94.8
2025-06-12 23:14:00,16.1
2025-06-12 13:42:00,50.03812089971884
2025-06-12 12:56:00,60.6
2025-06-12 13:21:00,96.1
2025-06-12 22:54:00,80.6
2025-06-12 14:30:00,50.03812089971884
2025-06-12 16:14:00,80.5
2025-06-12 22:32:00,44.6
2025-06-12 04:38:00,50.03812089971884
2025-06-12 15:32:00,27.8
2025-06-12 10:17:00,62.9
2025-06-12 06:57:00,47.8
2025-06-12 04:33:00,89.3
2025-06-12 04:45:00,41.6
2025-06-12 01:53:00,74.4
2025-06-12 00:49:00,23.3
2025-06-12 16:12:00,69.4
2025-06-12 11:50:00,80.4
2025-06-12 21:59:00,78.7
2025-06-12 19:53:00,5.6
2025-06-12 10:44:00,50.03812089971884
2025-06-12 04:07:00,49.3
2025-06-12 06:35:00,50.03812089971884
2025-06-12 12:49:00,50.03812089971884
2025-06-12 07:12:00,58.8
2025-06-12 08:06:00,18.9
2025-06-12 06:49:00,50.03812089971884
2025-06-12 19:18:00,50.03812089971884
2025-06-12 05:16:00,61.3
2025-06-12 12:14:00,36.6
2025-06-12 05:02:00,74.0
2025-06-12 13:03:00,68.9
2025-06-12 08:04:00,12.5
2025-06-12 02:32:00,13.3
2025-06-12 00:42:00,37.2
2025-06-12 09:32:00,40.0
2025-06-12 09:45:00,56.2
2025-06-12 05:03:00,50.03812089971884
2025-06-12 02:42:00,82.4
2025-06-12 18:21:00,29.2
2025-06-12 18:55:00,38.5
2025-06-12 00:17:00,11.3
2025-06-12 17:45:00,19.8
2025-06-12 13:35:00,16.7
2025-06-12 16:30:00,33.9
2025-06-12 05:30:00,99.3
2025-06-12 22:15:00,57.3
2025-06-12 19:10:00,41.5
2025-06-12 22:08:00,30.3
2025-06-12 22:57:00,98.5
2025-06-12 07:36:00,41.9
2025-06-12 11:45:00,44.7
2025-06-12 12:31:00,75.3
2025-06-12 21:48:00,75.8
2025-06-12 03:24:00,74.9
2025-06-12 04:58:00,87.2
2025-06-12 12:24:00,50.03812089971884
2025-06-12 13:43:00,95.5
2025-06-12 00:28:00,47.2
2025-06-12 06:40:00,78.3
2025-06-12 08:45:00,50.03812089971884
2025-06-12 09:19:00,89.6
2025-06-12 00:32:00,64.3
2025-06-12 04:31:00,97.7
2025-06-12 11:18:00,69.0
2025-06-12 02:00:00,35.0
2025-06-12 18:01:00,9.9
2025-06-12 18:52:00,50.03812089971884
2025-06-12 04:22:00,18.2
2025-06-12 04:21:00,42.2
2025-06-12 05:42:00,50.03812089971884
2025-06-12 12:39:00,2.2
2025-06-12 20:41:00,82.8
2025-06-12 07:32:00,97.9
2025-06-12 22:49:00,83.4
2025-06-12 17:17:00,50.03812089971884
2025-06-12 11:26:00,50.2
2025-06-12 03:42:00,45.9
2025-06-12 21:26:00,50.03812089971884
2025-06-12 17:29:00,50.03812089971884
2025-06-12 11:01:00,11.4
2025-06-12 21:28:00,44.0
2025-06-12 20:02:00,44.3
2025-06-12 03:14:00,50.03812089971884
2025-06-12 03:23:00,88.8
2025-06-12 23:19:00,95.6
2025-06-12 04:35:00,50.03812089971884
2025-06-12 11:51:00,50.03812089971884
2025-06-12 23:49:00,95.2
2025-06-12 10:39:00,52.4
2025-06-12 04:08:00,50.03812089971884
2025-06-12 19:32:00,91.3
2025-06-12 08:03:00,50.03812089971884
2025-06-12 06:04:00,50.03812089971884
2025-06-12 09:34:00,77.1
2025-06-12 19:12:00,50.03812089971884
2025-06-12 16:45:00,64.6
2025-06-12 07:30:00,96.4
2025-06-12 08:46:00,60.4
2025-06-12 16:16:00,50.03812089971884
2025-06-12 23:18:00,6.3
2025-06-12 18:47:00,16.2
2025-06-12 06:21:00,92.6
2025-06-12 11:17:00,59.1
2025-06-12 06:42:00,50.03812089971884
2025-06-12 04:01:00,25.6
2025-06-12 04:20:00,77.8
2025-06-12 02:19:00,32.8
2025-06-12 20:40:00,7.8
2025-06-12 01:32:00,80.8
2025-06-12 18:34:00,68.2
2025-06-12 03:03:00,50.03812089971884
2025-06-12 03:28:00,50.03812089971884
2025-06-12 19:14:00,29.5
2025-06-12 20:10:00,1.7
2025-06-12 11:35:00,50.03812089971884
2025-06-12 07:39:00,42.9
2025-06-12 17:59:00,52.1
2025-06-12 15:28:00,67.0
2025-06-12 21:42:00,71.3
2025-06-12 01:31:00,67.1
2025-06-12 07:04:00,99.5
2025-06-12 22:04:00,78.0
2025-06-12 00:03:00,24.9
2025-06-12 10:48:00,55.1
2025-06-12 20:47:00,92.6
2025-06-12 08:24:00,18.4
2025-06-12 19:45:00,55.0
2025-06-12 07:38:00,13.4
2025-06-12 08:56:00,31.7
2025-06-12 10:59:00,22.5
2025-06-12 02:14:00,52.9
2025-06-12 14:59:00,63.2
2025-06-12 18:04:00,50.03812089971884
2025-06-12 20:29:00,12.7
2025-06-12 06:26:00,38.3
2025-06-12 02:38:00,16.8
2025-06-12 03:31:00,83.5
2025-06-12 10:12:00,73.0
2025-06-12 05:15:00,3.1
2025-06-12 02:37:00,50.03812089971884
2025-06-12 20:27:00,56.1
2025-06-12 14:39:00,22.2
2025-06-12 20:26:00,19.1
2025-06-12 19:43:00,17.6
2025-06-12 22:16:00,73.4
2025-06-12 02:47:00,32.1
2025-06-12 13:34:00,22.6
2025-06-12 21:54:00,52.6
2025-06-12 01:29:00,83.9
2025-06-12 14:20:00,80.6
2025-06-12 13:41:00,3.5
2025-06-12 02:18:00,73.4
2025-06-12 09:43:00,5.5
2025-06-12 21:53:00,87.5
2025-06-12 02:58:00,96.2
2025-06-12 01:20:00,81.3
2025-06-12 08:11:00,52.4
2025-06-12 17:36:00,50.03812089971884
2025-06-12 06:07:00,16.1
2025-06-12 02:15:00,73.9
2025-06-12 14:27:00,3.4
2025-06-12 23:46:00,31.5
2025-06-12 18:45:00,10.0
2025-06-12 09:24:00,30.5
2025-06-12 17:16:00,62.3
2025-06-12 19:28:00,27.3
2025-06-12 14:08:00,50.03812089971884
2025-06-12 21:44:00,68.4
2025-06-12 05:08:00,71.5
2025-06-12 15:50:00,2.0
2025-06-12 12:02:00,59.5
2025-06-12 11:30:00,81.1
2025-06-12 17:37:00,32.7
2025-06-12 06:55:00,0.4
2025-06-12 20:34:00,94.6
2025-06-12 03:59:00,89.7
2025-06-12 13:48:00,50.03812089971884
2025-06-12 03:55:00,99.0
2025-06-12 07:19:00,42.8
2025-06-12 05:50:00,46.3
2025-06-12 11:42:00,84.6
2025-06-12 15:39:00,86.1
2025-06-12 07:47:00,56.6
2025-06-12 06:52:00,79.9
2025-06-12 02:29:00,3.8
2025-06-12 19:33:00,73.7
2025-06-12 21:02:00,59.2
2025-06-12 07:21:00,13.3
2025-06-12 12:58:00,95.4
2025-06-12 15:25:00,28.7
2025-06-12 15:57:00,32.7
2025-06-12 03:33:00,19.3
2025-06-12 01:03:00,18.4
2025-06-12 23:52:00,50.03812089971884
2025-06-12 01:04:00,42.2
2025-06-12 07:57:00,20.7
2025-06-12 18:11:00,29.2
2025-06-12 12:53:00,94.2
2025-06-12 02:12:00,92.3
2025-06-12 09:52:00,50.03812089971884
2025-06-12 13:19:00,79.0
2025-06-12 11:28:00,50.03812089971884
2025-06-12 12:09:00,79.7
2025-06-12 18:26:00,58.8
2025-06-12 03:12:00,50.03812089971884
2025-06-12 06:01:00,99.1
2025-06-12 17:28:00,59.8
2025-06-12 06:25:00,26.2
2025-06-12 14:42:00,59.5
2025-06-12 18:14:00,50.03812089971884
2025-06-12 16:42:00,73.3
2025-06-12 00:21:00,5.3
2025-06-12 14:46:00,38.0
2025-06-12 16:23:00,89.1
2025-06-12 22:02:00,89.9
2025-06-12 17:33:00,49.0
2025-06-12 14:56:00,3.7
2025-06-12 22:18:00,70.8
2025-06-12 18:13:00,63.2
2025-06-12 22:13:00,82.4
2025-06-12 01:12:00,90.9
2025-06-12 08:08:00,55.5
2025-06-12 17:12:00,72.3
2025-06-12 18:16:00,53.9
2025-06-12 12:28:00,5.7
2025-06-12 12:46:00,34.7
2025-06-12 14:36:00,70.9
2025-06-12 08:30:00,28.0
2025-06-12 06:39:00,50.03812089971884
2025-06-12 11:53:00,97.8
2025-06-12 13:00:00,98.7
2025-06-12 21:07:00,60.5
2025-06-12 15:11:00,78.7
2025-06-12 15:24:00,23.5
2025-06-12 04:06:00,62.6
2025-06-12 02:11:00,82.6
2025-06-12 11:16:00,29.2
2025-06-12 16:29:00,18.8
2025-06-12 11:13:00,16.6
2025-06-12 14:14:00,74.3
2025-06-12 07:31:00,33.7
2025-06-12 10:25:00,43.9
2025-06-12 12:15:00,28.4
2025-06-12 14:52:00,74.1
2025-06-12 12:41:00,21.5
2025-06-12 14:58:00,7.9
2025-06-12 11:31:00,88.9
2025-06-12 18:42:00,30.2
2025-06-12 08:43:00,30.9
2025-06-12 04:11:00,20.1
2025-06-12 00:57:00,77.4
2025-06-12 12:07:00,18.7
2025-06-12 02:05:00,60.1
2025-06-12 21:36:00,26.4
2025-06-12 05:26:00,46.2
2025-06-12 08:13:00,58.4
2025-06-12 08:26:00,1.7
2025-06-12 13:07:00,41.3
2025-06-12 18:24:00,74.1
2025-06-12 18:39:00,53.8
2025-06-12 20:28:00,0.7
2025-06-12 01:23:00,50.03812089971884
2025-06-12 12:00:00,50.03812089971884
2025-06-12 02:08:00,88.9
2025-06-12 19:23:00,65.9
2025-06-12 07:05:00,31.4
2025-06-12 23:07:00,6.3
2025-06-12 15:14:00,50.03812089971884
2025-06-12 10:14:00,92.1
2025-06-12 08:33:00,40.2
2025-06-12 00:20:00,50.03812089971884
2025-06-12 19:22:00,28.1
2025-06-12 01:43:00,62.1
2025-06-12 11:15:00,53.3
2025-06-12 05:27:00,50.03812089971884
2025-06-12 09:09:00,23.1
2025-06-12 03:30:00,0.4
2025-06-12 14:34:00,40.4
2025-06-12 19:13:00,78.1
2025-06-12 23:02:00,40.6
2025-06-12 00:40:00,68.6
2025-06-12 20:55:00,64.7
2025-06-12 07:41:00,46.9
2025-06-12 06:54:00,15.5
2025-06-12 03:08:00,50.03812089971884
2025-06-12 11:15:00,65.7
2025-06-12 11:55:00,87.9
2025-06-12 17:33:00,4.6
2025-06-12 05:35:00,49.697634180790956
2025-06-12 13:40:00,84.1
2025-06-12 14:09:00,49.697634180790956
2025-06-12 06:32:00,59.4
2025-06-12 21:26:00,78.5
2025-06-12 08:56:00,8.8
2025-06-12 15:24:00,30.9
2025-06-12 19:47:00,49.697634180790956
2025-06-12 08:31:00,54.7
2025-06-12 10:55:00,93.1
2025-06-12 13:53:00,58.8
2025-06-12 16:16:00,89.3
2025-06-12 00:37:00,76.7
2025-06-12 06:35:00,33.3
2025-06-12 08:42:00,7.0
2025-06-12 20:52:00,49.697634180790956
2025-06-12 21:25:00,75.2
2025-06-12 11:36:00,15.8
2025-06-12 16:27:00,49.6
2025-06-12 09:06:00,78.0
2025-06-12 11:17:00,55.4
2025-06-12 21:10:00,63.9
2025-06-12 09:24:00,25.9
2025-06-12 06:48:00,60.8
2025-06-12 09:14:00,79.3
2025-06-12 23:09:00,6.8
2025-06-12 23:04:00,92.1
2025-06-12 20:37:00,61.5
2025-06-12 22:19:00,48.1
2025-06-12 17:13:00,36.3
2025-06-12 22:08:00,81.4
2025-06-12 04:40:00,96.4
2025-06-12 13:49:00,48.7
2025-06-12 22:25:00,83.0
2025-06-12 08:13:00,25.7
2025-06-12 04:09:00,82.4
2025-06-12 18:37:00,10.3
2025-06-12 15:54:00,79.5
2025-06-12 01:39:00,49.697634180790956
2025-06-12 22:31:00,12.3
2025-06-12 19:03:00,36.2
2025-06-12 17:39:00,95.9
2025-06-12 18:22:00,40.8
2025-06-12 20:44:00,74.9
2025-06-12 10:30:00,98.4
2025-06-12 21:55:00,67.9
2025-06-12 20:50:00,22.6
2025-06-12 01:26:00,40.3
2025-06-12 01:34:00,5.2
2025-06-12 07:58:00,49.697634180790956
2025-06-12 03:33:00,95.9
2025-06-12 03:52:00,11.8
2025-06-12 04:04:00,48.9
2025-06-12 11:52:00,42.5
2025-06-12 01:38:00,88.9
2025-06-12 06:08:00,40.9
2025-06-12 01:27:00,68.0
2025-06-12 02:10:00,20.2
2025-06-12 19:19:00,49.697634180790956
2025-06-12 19:37:00,76.7
2025-06-12 08:19:00,3.6
2025-06-12 08:12:00,96.7
2025-06-12 23:37:00,5.9
2025-06-12 17:06:00,35.8
2025-06-12 06:51:00,49.697634180790956
2025-06-12 10:47:00,98.2
2025-06-12 14:56:00,34.9
2025-06-12 16:47:00,60.1
2025-06-12 18:10:00,29.0
2025-06-12 02:03:00,58.1
2025-06-12 21:06:00,73.2
2025-06-12 08:20:00,87.2
2025-06-12 05:12:00,53.9
2025-06-12 09:29:00,6.0
2025-06-12 11:32:00,85.4
2025-06-12 08:39:00,51.0
2025-06-12 15:52:00,42.2
2025-06-12 00:33:00,11.8
2025-06-12 21:08:00,60.6
2025-06-12 09:48:00,36.7
2025-06-12 12:32:00,0.1
2025-06-12 23:17:00,89.1
2025-06-12 01:24:00,74.5
2025-06-12 04:16:00,28.1
2025-06-12 06:30:00,54.9
2025-06-12 03:37:00,53.4
2025-06-12 17:12:00,64.8
2025-06-12 06:50:00,49.697634180790956
2025-06-12 09:07:00,49.697634180790956
2025-06-12 06:20:00,95.8
2025-06-12 21:16:00,21.6
2025-06-12 19:39:00,94.7
2025-06-12 14:05:00,75.7
2025-06-12 05:07:00,18.6
2025-06-12 08:44:00,3.3
2025-06-12 09:15:00,29.8
2025-06-12 03:22:00,55.0
2025-06-12 08:54:00,49.697634180790956
2025-06-12 00:02:00,49.697634180790956
2025-06-12 16:01:00,3.5
2025-06-12 22:21:00,63.0
2025-06-12 14:59:00,34.1
2025-06-12 18:00:00,26.4
2025-06-12 13:29:00,3.7
2025-06-12 11:51:00,75.2
2025-06-12 15:45:00,15.3
2025-06-12 19:36:00,5.2
2025-06-12 07:10:00,46.7
2025-06-12 01:55:00,11.8
2025-06-12 09:19:00,12.6
2025-06-12 01:13:00,49.697634180790956
2025-06-12 14:28:00,3.2
2025-06-12 01:06:00,29.4
2025-06-12 21:37:00,15.4
2025-06-12 14:43:00,29.1
2025-06-12 01:02:00,49.697634180790956
2025-06-12 09:20:00,35.8
2025-06-12 01:30:00,18.7
2025-06-12 09:55:00,83.2
2025-06-12 01:03:00,84.8
2025-06-12 13:41:00,41.6
2025-06-12 14:02:00,38.4
2025-06-12 01:50:00,84.5
2025-06-12 13:31:00,0.6
2025-06-12 03:02:00,49.697634180790956
2025-06-12 21:58:00,58.3
2025-06-12 09:23:00,49.697634180790956
2025-06-12 08:35:00,53.5
2025-06-12 14:12:00,88.0
2025-06-12 05:15:00,40.2
2025-06-12 13:35:00,94.8
2025-06-12 09:11:00,99.0
2025-06-12 17:47:00,69.6
2025-06-12 19:00:00,1.0
2025-06-12 05:23:00,74.9
2025-06-12 06:42:00,18.9
2025-06-12 04:45:00,60.6
2025-06-12 15:57:00,38.2
2025-06-12 16:32:00,18.3
2025-06-12 04:37:00,88.0
2025-06-12 12:43:00,41.2
2025-06-12 07:35:00,17.7
2025-06-12 12:26:00,49.697634180790956
2025-06-12 19:42:00,73.3
2025-06-12 08:03:00,97.4
2025-06-12 22:42:00,97.6
2025-06-12 21:17:00,63.9
2025-06-12 18:44:00,49.697634180790956
2025-06-12 09:39:00,45.4
2025-06-12 19:40:00,71.9
2025-06-12 18:26:00,41.8
2025-06-12 14:37:00,88.6
2025-06-12 23:10:00,5.0
2025-06-12 02:29:00,43.5
2025-06-12 22:36:00,50.6
2025-06-12 18:35:00,0.7
2025-06-12 19:56:00,12.7
2025-06-12 22:56:00,67.5
2025-06-12 06:14:00,61.9
2025-06-12 12:34:00,57.5
2025-06-12 06:17:00,7.3
2025-06-12 08:55:00,13.6
2025-06-12 02:47:00,49.697634180790956
2025-06-12 09:17:00,10.2
2025-06-12 03:17:00,62.9
2025-06-12 13:10:00,43.4
2025-06-12 11:37:00,62.0
2025-06-12 05:46:00,49.4
2025-06-12 08:17:00,44.4
2025-06-12 18:19:00,5.8
2025-06-12 02:23:00,84.5
2025-06-12 09:50:00,8.4
2025-06-12 03:56:00,78.5
2025-06-12 18:49:00,49.697634180790956
2025-06-12 14:24:00,71.3
2025-06-12 19:59:00,73.9
2025-06-12 08:32:00,30.0
2025-06-12 10:37:00,72.4
2025-06-12 17:20:00,97.5
2025-06-12 12:46:00,49.697634180790956
2025-06-12 23:11:00,49.697634180790956
2025-06-12 00:58:00,93.7
2025-06-12 18:11:00,49.697634180790956
2025-06-12 16:41:00,89.5
2025-06-12 12:15:00,82.1
2025-06-12 20:56:00,52.2
2025-06-12 10:43:00,43.2
2025-06-12 20:40:00,15.8
2025-06-12 08:49:00,42.6
2025-06-12 04:30:00,93.5
2025-06-12 20:21:00,7.6
2025-06-12 20:27:00,28.8
2025-06-12 12:41:00,21.2
2025-06-12 17:08:00,24.8
2025-06-12 06:28:00,49.697634180790956
2025-06-12 12:53:00,35.8
2025-06-12 16:10:00,49.697634180790956
2025-06-12 23:08:00,49.697634180790956
2025-06-12 18:02:00,3.7
2025-06-12 16:31:00,6.9
2025-06-12 16:58:00,55.5
2025-06-12 18:45:00,49.697634180790956
2025-06-12 23:36:00,57.1
2025-06-12 06:15:00,13.1
2025-06-12 14:27:00,94.5
2025-06-12 03:01:00,72.8
2025-06-12 13:21:00,28.7
2025-06-12 12:24:00,64.1
2025-06-12 09:58:00,25.8
2025-06-12 02:05:00,1.4
2025-06-12 07:15:00,1.8
2025-06-12 20:20:00,2.6
2025-06-12 13:50:00,46.9
2025-06-12 17:02:00,49.697634180790956
2025-06-12 00:34:00,49.697634180790956
2025-06-12 21:18:00,51.8
2025-06-12 13:47:00,33.7
2025-06-12 09:53:00,49.697634180790956
2025-06-12 10:56:00,75.6
2025-06-12 10:13:00,62.2
2025-06-12 08:50:00,46.1
2025-06-12 04:47:00,75.1
2025-06-12 10:28:00,24.5
2025-06-12 05:50:00,3.5
2025-06-12 15:47:00,49.697634180790956
2025-06-12 11:29:00,49.697634180790956
2025-06-12 11:50:00,70.5
2025-06-12 17:38:00,57.7
2025-06-12 22:59:00,64.9
2025-06-12 22:04:00,14.9
2025-06-12 18:32:00,23.4
2025-06-12 18:17:00,8.3
2025-06-12 18:43:00,41.5
2025-06-12 23:48:00,45.2
2025-06-12 23:23:00,55.1
2025-06-12 21:14:00,19.3
2025-06-12 14:14:00,4.6
2025-06-12 04:53:00,73.6
2025-06-12 15:27:00,84.9
2025-06-12 11:08:00,99.3
2025-06-12 23:43:00,80.8
2025-06-12 15:10:00,28.6
2025-06-12 18:14:00,75.0
2025-06-12 14:51:00,49.697634180790956
2025-06-12 19:16:00,15.6
2025-06-12 15:23:00,83.2
2025-06-12 12:59:00,76.6
2025-06-12 07:19:00,48.4
2025-06-12 21:03:00,49.697634180790956
2025-06-12 19:55:00,29.1
2025-06-12 20:57:00,19.4
2025-06-12 22:14:00,74.1
2025-06-12 16:37:00,12.7
2025-06-12 17:17:00,89.8
2025-06-12 05:05:00,13.6
2025-06-12 09:09:00,36.8
2025-06-12 07:21:00,49.697634180790956
2025-06-12 15:15:00,49.697634180790956
2025-06-12 22:48:00,56.6
2025-06-12 09:31:00,52.2
2025-06-12 15:03:00,11.6
2025-06-12 13:22:00,45.7
2025-06-12 14:52:00,48.6
2025-06-12 11:34:00,5.6
2025-06-12 03:19:00,47.0
2025-06-12 00:42:00,52.2
2025-06-12 20:00:00,49.697634180790956
2025-06-12 10:15:00,84.0
2025-06-12 17:48:00,60.0
2025-06-12 23:30:00,37.9
2025-06-12 08:43:00,13.4
2025-06-12 12:25:00,76.8
2025-06-12 13:46:00,81.3
2025-06-12 10:35:00,88.4
2025-06-12 07:33:00,96.8
2025-06-12 11:06:00,88.2
2025-06-12 09:10:00,49.697634180790956
2025-06-12 23:25:00,81.5
2025-06-12 14:04:00,9.1
2025-06-12 17:54:00,65.7
2025-06-12 13:04:00,80.2
2025-06-12 18:09:00,15.3
2025-06-12 03:18:00,66.0
2025-06-12 14:55:00,36.6
2025-06-12 10:07:00,49.697634180790956
2025-06-12 06:34:00,74.5
2025-06-12 17:04:00,79.9
2025-06-12 09:02:00,64.9
2025-06-12 17:43:00,49.697634180790956
2025-06-12 23:09:00,95.4
2025-06-12 09:37:00,49.81454693687398
2025-06-12 01:06:00,84.7
2025-06-12 18:30:00,11.8
2025-06-12 05:25:00,30.0
2025-06-12 03:26:00,75.8
2025-06-12 12:10:00,84.4
2025-06-12 14:17:00,11.6
2025-06-12 23:27:00,89.6
2025-06-12 09:01:00,29.8
2025-06-12 18:55:00,47.4
2025-06-12 10:41:00,21.0
2025-06-12 15:27:00,37.8
2025-06-12 05:27:00,16.4
2025-06-12 02:04:00,96.2
2025-06-12 08:19:00,30.9
2025-06-12 19:27:00,95.5
2025-06-12 05:35:00,77.1
2025-06-12 20:09:00,68.5
2025-06-12 12:08:00,32.2
2025-06-12 06:55:00,49.81454693687398
2025-06-12 21:48:00,66.1
2025-06-12 03:33:00,53.8
2025-06-12 11:48:00,49.81454693687398
2025-06-12 03:19:00,70.7
2025-06-12 16:26:00,18.3
2025-06-12 06:45:00,71.9
2025-06-12 00:07:00,18.8
2025-06-12 18:09:00,2.3
2025-06-12 03:06:00,63.0
2025-06-12 21:11:00,80.0
2025-06-12 02:51:00,99.7
2025-06-12 02:33:00,10.9
2025-06-12 01:29:00,86.4
2025-06-12 08:20:00,49.81454693687398
2025-06-12 16:08:00,19.0
2025-06-12 07:56:00,92.5
2025-06-12 02:11:00,21.8
2025-06-12 08:47:00,36.4
2025-06-12 00:41:00,15.7
2025-06-12 02:26:00,7.9
2025-06-12 18:44:00,10.4
2025-06-12 16:37:00,73.2
2025-06-12 11:27:00,12.8
2025-06-12 18:45:00,19.2
2025-06-12 10:10:00,40.7
2025-06-12 21:51:00,76.8
2025-06-12 17:25:00,60.5
2025-06-12 00:57:00,17.0
2025-06-12 19:54:00,15.6
2025-06-12 06:57:00,6.2
2025-06-12 16:28:00,15.2
2025-06-12 16:00:00,47.3
2025-06-12 15:10:00,58.1
2025-06-12 16:51:00,7.0
2025-06-12 10:46:00,72.4
2025-06-12 12:06:00,95.5
2025-06-12 18:54:00,35.3
2025-06-12 12:20:00,10.4
2025-06-12 10:00:00,49.81454693687398
2025-06-12 03:39:00,4.2
2025-06-12 01:01:00,49.81454693687398
2025-06-12 03:34:00,25.0
2025-06-12 13:28:00,42.5
2025-06-12 23:49:00,5.1
2025-06-12 08:26:00,66.4
2025-06-12 19:05:00,79.3
2025-06-12 20:00:00,0.9
2025-06-12 04:23:00,96.0
2025-06-12 07:59:00,25.3
2025-06-12 05:53:00,62.1
2025-06-12 22:18:00,13.4
2025-06-12 19:08:00,85.1
2025-06-12 00:23:00,49.6
2025-06-12 13:35:00,52.4
2025-06-12 08:45:00,1.6
2025-06-12 03:00:00,31.0
2025-06-12 18:48:00,27.3
2025-06-12 11:52:00,11.6
2025-06-12 08:08:00,33.0
2025-06-12 16:23:00,49.81454693687398
2025-06-12 09:23:00,49.81454693687398
2025-06-12 03:21:00,98.9
2025-06-12 08:21:00,12.4
2025-06-12 08:31:00,94.0
2025-06-12 19:37:00,1.1
2025-06-12 02:21:00,80.2
2025-06-12 06:09:00,62.0
2025-06-12 19:24:00,37.7
2025-06-12 08:07:00,18.9
2025-06-12 18:40:00,12.0
2025-06-12 22:02:00,38.9
2025-06-12 16:56:00,42.7
2025-06-12 04:31:00,89.4
2025-06-12 04:22:00,16.6
2025-06-12 17:56:00,16.2
2025-06-12 22:34:00,71.4
2025-06-12 16:31:00,36.5
2025-06-12 19:29:00,49.81454693687398
2025-06-12 13:43:00,77.2
2025-06-12 19:57:00,81.5
2025-06-12 18:10:00,17.1
2025-06-12 00:19:00,72.0
2025-06-12 22:16:00,86.2
2025-06-12 17:24:00,79.7
2025-06-12 15:57:00,77.8
2025-06-12 06:11:00,53.4
2025-06-12 08:52:00,21.8
2025-06-12 15:37:00,29.8
2025-06-12 14:24:00,5.7
2025-06-12 02:15:00,86.4
2025-06-12 05:58:00,9.0
2025-06-12 14:52:00,49.81454693687398
2025-06-12 04:12:00,17.4
2025-06-12 13:38:00,33.4
2025-06-12 01:28:00,63.4
2025-06-12 20:57:00,25.3
2025-06-12 17:03:00,49.81454693687398
2025-06-12 21:55:00,49.81454693687398
2025-06-12 14:19:00,49.81454693687398
2025-06-12 22:13:00,49.81454693687398
2025-06-12 05:06:00,86.3
2025-06-12 02:53:00,10.6
2025-06-12 00:54:00,36.7
2025-06-12 02:20:00,52.0
2025-06-12 04:55:00,15.0
2025-06-12 21:09:00,24.0
2025-06-12 13:09:00,23.7
2025-06-12 15:36:00,40.8
2025-06-12 00:47:00,74.1
2025-06-12 15:44:00,77.0
2025-06-12 03:36:00,14.5
2025-06-12 09:36:00,7.1
2025-06-12 21:40:00,24.0
2025-06-12 18:39:00,49.81454693687398
2025-06-12 04:18:00,39.0
2025-06-12 19:42:00,48.0
2025-06-12 20:36:00,44.1
2025-06-12 08:15:00,49.81454693687398
2025-06-12 07:34:00,16.5
2025-06-12 04:24:00,49.81454693687398
2025-06-12 00:22:00,90.0
2025-06-12 00:50:00,30.7
2025-06-12 16:34:00,69.4
2025-06-12 07:29:00,0.7
2025-06-12 13:27:00,64.2
2025-06-12 04:27:00,33.4
2025-06-12 06:44:00,49.81454693687398
2025-06-12 17:14:00,6.3
2025-06-12 21:36:00,16.7
2025-06-12 21:22:00,49.81454693687398
2025-06-12 02:39:00,74.5
2025-06-12 12:13:00,74.5
2025-06-12 04:37:00,49.81454693687398
2025-06-12 11:32:00,95.4
2025-06-12 21:12:00,21.6
2025-06-12 04:15:00,99.5
2025-06-12 12:48:00,30.6
2025-06-12 00:14:00,69.8
2025-06-12 04:07:00,26.5
2025-06-12 10:34:00,83.9
2025-06-12 11:35:00,34.1
2025-06-12 19:22:00,94.2
2025-06-12 05:18:00,19.5
2025-06-12 05:37:00,23.5
2025-06-12 22:39:00,37.9
2025-06-12 16:27:00,18.9
2025-06-12 13:40:00,49.81454693687398
2025-06-12 01:09:00,36.6
2025-06-12 03:29:00,32.6
2025-06-12 16:11:00,26.1
2025-06-12 22:40:00,3.7
2025-06-12 16:20:00,49.81454693687398
2025-06-12 22:35:00,71.2
2025-06-12 01:15:00,54.7
2025-06-12 17:15:00,96.9
2025-06-12 07:16:00,5.8
2025-06-12 06:37:00,81.0
2025-06-12 23:47:00,45.9
2025-06-12 10:31:00,37.4
2025-06-12 09:30:00,9.0
2025-06-12 15:16:00,87.7
2025-06-12 01:25:00,29.3
2025-06-12 02:14:00,49.81454693687398
2025-06-12 12:07:00,18.0
2025-06-12 16:36:00,49.81454693687398
2025-06-12 23:57:00,60.2
2025-06-12 17:49:00,33.0
2025-06-12 08:50:00,49.81454693687398
2025-06-12 07:48:00,22.9
2025-06-12 02:34:00,81.1
2025-06-12 13:54:00,55.5
2025-06-12 17:26:00,95.1
2025-06-12 14:07:00,49.81454693687398
2025-06-12 09:51:00,60.3
2025-06-12 21:21:00,26.3
2025-06-12 18:07:00,10.1
2025-06-12 23:38:00,1.0
2025-06-12 06:59:00,49.81454693687398
2025-06-12 06:53:00,55.8
2025-06-12 17:01:00,62.3
2025-06-12 04:58:00,24.4
2025-06-12 19:51:00,4.8
2025-06-12 23:48:00,7.5
2025-06-12 07:46:00,7.3
2025-06-12 19:25:00,17.9
2025-06-12 01:31:00,6.0
2025-06-12 13:21:00,35.4
2025-06-12 15:02:00,36.0
2025-06-12 00:34:00,70.7
2025-06-12 15:20:00,15.9
2025-06-12 05:45:00,12.1
2025-06-12 10:38:00,51.7
2025-06-12 01:49:00,49.81454693687398
2025-06-12 06:51:00,49.81454693687398
2025-06-12 21:32:00,30.7
2025-06-12 13:51:00,58.6
2025-06-12 23:35:00,68.2
2025-06-12 18:41:00,73.9
2025-06-12 13:49:00,28.1
2025-06-12 04:05:00,9.3
2025-06-12 21:53:00,60.0
2025-06-12 21:44:00,26.1
2025-06-12 15:45:00,76.5
2025-06-12 18:34:00,14.6
2025-06-12 20:24:00,87.9
2025-06-12 00:45:00,94.2
2025-06-12 21:18:00,49.81454693687398
2025-06-12 22:20:00,40.6
2025-06-12 21:03:00,81.7
2025-06-12 07:10:00,49.1
2025-06-12 22:56:00,49.3
2025-06-12 09:17:00,52.7
2025-06-12 06:15:00,19.5
2025-06-12 22:51:00,55.1
2025-06-12 21:46:00,49.81454693687398
2025-06-12 08:58:00,5.7
2025-06-12 05:02:00,93.4
2025-06-12 00:01:00,69.7
2025-06-12 13:18:00,65.4
2025-06-12 04:47:00,14.8
2025-06-12 06:07:00,76.7
2025-06-12 09:04:00,48.8
2025-06-12 11:14:00,25.8
2025-06-12 01:07:00,53.7
2025-06-12 16:16:00,21.4
2025-06-12 02:48:00,72.4
2025-06-12 10:22:00,90.0
2025-06-12 02:37:00,53.0
2025-06-12 06:00:00,49.81454693687398
2025-06-12 10:06:00,12.0
2025-06-12 08:33:00,13.1
2025-06-12 06:43:00,85.4
2025-06-12 15:51:00,86.4
2025-06-12 00:02:00,7.5
2025-06-12 21:25:00,88.5
2025-06-12 15:49:00,58.8
2025-06-12 15:38:00,49.81454693687398
2025-06-12 09:48:00,70.1
2025-06-12 00:51:00,60.5
2025-06-12 16:15:00,49.81454693687398
2025-06-12 01:08:00,44.5
2025-06-12 13:45:00,54.1
2025-06-12 15:32:00,49.81454693687398
2025-06-12 15:01:00,82.7
2025-06-12 01:42:00,49.81454693687398
2025-06-12 23:28:00,37.2
2025-06-12 14:00:00,51.5
2025-06-12 22:28:00,18.5
2025-06-12 06:40:00,35.4
2025-06-12 07:54:00,95.5
2025-06-12 23:15:00,49.81454693687398
2025-06-12 09:44:00,49.81454693687398
2025-06-12 02:50:00,30.4
2025-06-12 06:08:00,40.9
2025-06-12 03:12:00,88.9
2025-06-12 02:05:00,89.5
2025-06-12 04:38:00,1.9
2025-06-12 07:44:00,12.8
2025-06-12 04:09:00,5.2
2025-06-12 07:40:00,64.3
2025-06-12 23:41:00,49.81454693687398
2025-06-12 14:56:00,74.3
2025-06-12 01:23:00,72.7
2025-06-12 03:56:00,86.4
2025-06-12 00:29:00,5.8
2025-06-12 12:29:00,28.8
2025-06-12 12:40:00,56.3
2025-06-12 15:43:00,20.8
2025-06-12 17:29:00,67.6
2025-06-12 23:50:00,63.9
2025-06-12 16:22:00,0.4
2025-06-12 04:11:00,67.3
2025-06-12 14:08:00,50.17466168922071
2025-06-12 11:34:00,3.8
2025-06-12 06:34:00,13.9
2025-06-12 15:42:00,11.0
2025-06-12 07:51:00,51.6
2025-06-12 23:00:00,53.2
2025-06-12 22:30:00,50.3
2025-06-12 21:32:00,38.0
2025-06-12 19:11:00,48.6
2025-06-12 01:39:00,30.6
2025-06-12 15:36:00,18.5
2025-06-12 06:25:00,20.5
2025-06-12 01:21:00,52.3
2025-06-12 01:45:00,91.7
2025-06-12 02:15:00,99.4
2025-06-12 00:14:00,74.1
2025-06-12 01:48:00,44.4
2025-06-12 18:30:00,2.0
2025-06-12 00:12:00,23.1
2025-06-12 02:25:00,50.17466168922071
2025-06-12 07:37:00,6.0
2025-06-12 11:05:00,48.0
2025-06-12 22:54:00,50.17466168922071
2025-06-12 03:50:00,42.3
2025-06-12 21:50:00,91.1
2025-06-12 17:58:00,53.0
2025-06-12 09:30:00,2.6
2025-06-12 21:22:00,44.4
2025-06-12 16:19:00,3.0
2025-06-12 21:51:00,5.4
2025-06-12 19:38:00,24.5
2025-06-12 21:58:00,50.17466168922071
2025-06-12 16:11:00,68.3
2025-06-12 10:51:00,31.4
2025-06-12 13:05:00,47.3
2025-06-12 01:11:00,88.5
2025-06-12 13:50:00,3.5
2025-06-12 02:50:00,58.9
2025-06-12 22:44:00,66.9
2025-06-12 00:19:00,67.5
2025-06-12 00:10:00,97.4
2025-06-12 14:17:00,66.3
2025-06-12 02:41:00,57.0
2025-06-12 00:09:00,16.0
2025-06-12 01:49:00,53.7
2025-06-12 05:01:00,50.17466168922071
2025-06-12 05:46:00,70.3
2025-06-12 20:24:00,51.5
2025-06-12 03:36:00,95.2
2025-06-12 19:29:00,94.8
2025-06-12 21:00:00,95.8
2025-06-12 16:41:00,60.7
2025-06-12 15:27:00,47.5
2025-06-12 19:28:00,14.7
2025-06-12 20:31:00,55.9
2025-06-12 06:28:00,30.5
2025-06-12 07:54:00,25.6
2025-06-12 10:45:00,0.9
2025-06-12 12:12:00,64.9
2025-06-12 14:26:00,50.17466168922071
2025-06-12 05:58:00,66.1
2025-06-12 10:42:00,22.2
2025-06-12 11:58:00,44.7
2025-06-12 22:34:00,40.7
2025-06-12 00:05:00,29.4
2025-06-12 16:30:00,80.5
2025-06-12 11:09:00,56.4
2025-06-12 14:14:00,12.2
2025-06-12 12:34:00,73.2
2025-06-12 20:48:00,93.6
2025-06-12 02:23:00,92.0
2025-06-12 00:57:00,11.2
2025-06-12 14:34:00,71.8
2025-06-12 05:04:00,71.3
2025-06-12 08:48:00,42.9
2025-06-12 18:36:00,49.6
2025-06-12 21:14:00,10.6
2025-06-12 08:24:00,31.9
2025-06-12 15:16:00,58.8
2025-06-12 06:31:00,92.4
2025-06-12 10:12:00,36.1
2025-06-12 04:05:00,89.6
2025-06-12 04:47:00,91.4
2025-06-12 16:23:00,30.8
2025-06-12 10:55:00,71.7
2025-06-12 22:09:00,24.5
2025-06-12 20:43:00,81.2
2025-06-12 19:57:00,5.1
2025-06-12 11:14:00,74.1
2025-06-12 07:32:00,94.8
2025-06-12 15:08:00,83.7
2025-06-12 04:07:00,50.17466168922071
2025-06-12 02:42:00,26.5
2025-06-12 06:07:00,50.17466168922071
2025-06-12 17:01:00,11.0
2025-06-12 02:01:00,89.0
2025-06-12 02:09:00,81.7
2025-06-12 20:10:00,61.5
2025-06-12 07:47:00,50.17466168922071
2025-06-12 23:52:00,27.3
2025-06-12 15:54:00,20.5
2025-06-12 23:12:00,19.4
2025-06-12 23:20:00,44.8
2025-06-12 16:44:00,38.6
2025-06-12 20:55:00,54.7
2025-06-12 03:40:00,63.1
2025-06-12 23:25:00,55.7
2025-06-12 04:36:00,37.4
2025-06-12 05:37:00,2.1
2025-06-12 19:04:00,52.5
2025-06-12 04:06:00,50.1
2025-06-12 21:47:00,18.3
2025-06-12 13:31:00,71.6
2025-06-12 00:30:00,19.4
2025-06-12 23:21:00,46.6
2025-06-12 19:25:00,50.17466168922071
2025-06-12 22:47:00,24.7
2025-06-12 22:21:00,93.4
2025-06-12 13:48:00,66.2
2025-06-12 14:15:00,61.8
2025-06-12 05:10:00,37.3
2025-06-12 21:36:00,3.2
2025-06-12 14:16:00,92.5
2025-06-12 17:57:00,71.3
2025-06-12 15:38:00,57.4
2025-06-12 10:24:00,12.3
2025-06-12 06:36:00,19.3
2025-06-12 15:17:00,22.2
2025-06-12 22:57:00,8.6
2025-06-12 14:38:00,26.2
2025-06-12 14:28:00,52.6
2025-06-12 22:50:00,21.0
2025-06-12 21:33:00,67.9
2025-06-12 16:14:00,11.9
2025-06-12 09:14:00,67.5
2025-06-12 18:01:00,15.2
2025-06-12 12:26:00,74.9
2025-06-12 07:48:00,2.7
2025-06-12 21:01:00,6.9
2025-06-12 05:48:00,60.1
2025-06-12 07:59:00,38.3
2025-06-12 19:59:00,9.4
2025-06-12 12:57:00,47.5
2025-06-12 06:42:00,50.17466168922071
2025-06-12 08:25:00,41.8
2025-06-12 19:30:00,74.1
2025-06-12 15:04:00,42.6
2025-06-12 23:29:00,41.2
2025-06-12 02:57:00,39.7
2025-06-12 20:23:00,50.17466168922071
2025-06-12 13:08:00,84.2
2025-06-12 10:49:00,60.5
2025-06-12 15:00:00,50.17466168922071
2025-06-12 05:51:00,50.17466168922071
2025-06-12 16:07:00,50.17466168922071
2025-06-12 21:15:00,67.7
2025-06-12 18:14:00,99.8
2025-06-12 20:35:00,70.1
2025-06-12 06:20:00,84.2
2025-06-12 16:57:00,29.4
2025-06-12 17:55:00,10.1
2025-06-12 17:08:00,68.6
2025-06-12 11:13:00,50.17466168922071
2025-06-12 02:22:00,40.6
2025-06-12 06:23:00,3.6
2025-06-12 04:52:00,17.5
2025-06-12 20:49:00,22.4
2025-06-12 10:47:00,50.17466168922071
2025-06-12 16:45:00,86.8
2025-06-12 20:47:00,90.2
2025-06-12 10:56:00,77.6
2025-06-12 10:26:00,70.6
2025-06-12 08:31:00,93.1
2025-06-12 22:16:00,63.4
2025-06-12 19:22:00,81.6
2025-06-12 14:43:00,50.17466168922071
2025-06-12 09:01:00,78.5
2025-06-12 01:55:00,23.4
2025-06-12 02:34:00,73.8
2025-06-12 14:07:00,24.3
2025-06-12 15:29:00,27.6
2025-06-12 01:27:00,95.6
2025-06-12 01:35:00,45.0
2025-06-12 08:53:00,81.2
2025-06-12 13:17:00,74.3
2025-06-12 04:44:00,14.7
2025-06-12 03:23:00,63.6
2025-06-12 04:12:00,91.4
2025-06-12 19:26:00,98.7
2025-06-12 10:13:00,50.17466168922071
2025-06-12 06:27:00,83.2
2025-06-12 04:46:00,52.8
2025-06-12 00:23:00,5.9
2025-06-12 09:52:00,23.7
2025-06-12 15:23:00,92.6
2025-06-12 07:04:00,20.4
2025-06-12 10:04:00,54.3
2025-06-12 15:59:00,91.4
2025-06-12 19:43:00,71.6
2025-06-12 22:02:00,50.17466168922071
2025-06-12 20:37:00,30.6
2025-06-12 22:23:00,4.8
2025-06-12 03:01:00,79.1
2025-06-12 00:11:00,37.0
2025-06-12 00:24:00,10.8
2025-06-12 05:54:00,36.2
2025-06-12 17:26:00,50.17466168922071
2025-06-12 19:44:00,50.17466168922071
2025-06-12 13:27:00,14.1
2025-06-12 16:06:00,42.2
2025-06-12 11:52:00,3.8
2025-06-12 10:10:00,71.9
2025-06-12 09:56:00,50.6
2025-06-12 00:56:00,2.4
2025-06-12 03:48:00,62.8
2025-06-12 15:26:00,49.9
2025-06-12 19:18:00,22.0
2025-06-12 04:01:00,50.17466168922071
2025-06-12 21:21:00,75.1
2025-06-12 00:55:00,71.1
2025-06-12 18:05:00,35.1
2025-06-12 11:59:00,65.5
2025-06-12 17:41:00,50.17466168922071
2025-06-12 00:27:00,50.17466168922071
2025-06-12 12:29:00,25.8
2025-06-12 00:43:00,5.0
2025-06-12 17:29:00,30.9
2025-06-12 09:40:00,23.8
2025-06-12 23:34:00,74.9
2025-06-12 13:45:00,18.2
2025-06-12 08:37:00,82.4
2025-06-12 02:56:00,18.4
2025-06-12 16:18:00,76.3
2025-06-12 17:54:00,58.5
2025-06-12 13:02:00,85.0
2025-06-12 20:29:00,50.17466168922071
2025-06-12 14:29:00,86.3
2025-06-12 09:07:00,28.5
2025-06-12 04:40:00,46.7
2025-06-12 03:41:00,55.0
2025-06-12 16:09:00,16.5
2025-06-12 21:29:00,21.1
2025-06-12 04:10:00,25.5
2025-06-12 03:02:00,50.17466168922071
2025-06-12 18:57:00,50.17466168922071
2025-06-12 21:03:00,36.9
2025-06-12 15:43:00,30.5
2025-06-12 12:14:00,9.0
2025-06-12 02:46:00,23.9
2025-06-12 19:33:00,52.1
2025-06-12 20:14:00,75.3
2025-06-12 22:41:00,93.7
2025-06-12 16:20:00,28.2
2025-06-12 07:05:00,50.17466168922071
2025-06-12 12:22:00,41.7
2025-06-12 18:20:00,84.5
2025-06-12 15:56:00,84.7
2025-06-12 09:37:00,4.8
2025-06-12 10:39:00,73.2
2025-06-12 18:27:00,18.1
2025-06-12 09:17:00,68.6
2025-06-12 00:40:00,4.8
2025-06-12 12:25:00,50.17466168922071
2025-06-12 04:25:00,83.7
2025-06-12 22:51:00,3.1
2025-06-12 02:17:00,40.2
2025-06-12 09:43:00,54.9
2025-06-12 20:53:00,50.17466168922071
2025-06-12 13:11:00,23.8
2025-06-12 23:18:00,44.3
2025-06-12 11:19:00,50.17466168922071
2025-06-12 11:30:00,50.17466168922071
2025-06-12 15:25:00,77.7
2025-06-12 18:18:00,27.8
2025-06-12 10:33:00,34.2
2025-06-12 12:07:00,81.9
2025-06-12 18:49:00,97.1
2025-06-12 06:49:00,56.6
2025-06-12 09:00:00,78.3
2025-06-12 16:26:00,31.5
2025-06-12 09:46:00,51.4
2025-06-12 08:01:00,58.0
2025-06-12 01:52:00,92.3
2025-06-12 11:43:00,14.3
2025-06-12 13:49:00,34.6
2025-06-12 18:39:00,1.9
2025-06-12 01:00:00,11.8
2025-06-12 02:04:00,97.1
2025-06-12 16:35:00,15.4
2025-06-12 14:51:00,52.6
2025-06-12 06:29:00,50.17466168922071
2025-06-12 05:53:00,34.9
2025-06-12 22:13:00,50.17466168922071
2025-06-12 18:48:00,50.17466168922071
2025-06-12 11:23:00,90.9
2025-06-12 10:16:00,21.7
2025-06-12 10:34:00,78.1
2025-06-12 10:03:00,39.8
2025-06-12 12:04:00,9.1
2025-06-12 04:51:00,21.9
2025-06-12 01:12:00,96.7
2025-06-12 10:32:00,64.4
2025-06-12 03:11:00,60.4
2025-06-12 16:54:00,92.5
2025-06-12 04:42:00,50.17466168922071
2025-06-12 03:15:00,41.1
2025-06-12 03:44:00,80.7
2025-06-12 13:00:00,50.17466168922071
2025-06-12 12:00:00,33.4
2025-06-12 13:15:00,93.3
2025-06-12 15:48:00,87.3
2025-06-12 16:28:00,33.2
2025-06-12 21:17:00,49.28634215500945
2025-06-12 08:03:00,16.3
2025-06-12 23:13:00,99.4
2025-06-12 01:23:00,18.8
2025-06-12 10:18:00,63.2
2025-06-12 18:02:00,49.28634215500945
2025-06-12 15:56:00,97.5
2025-06-12 00:24:00,6.2
2025-06-12 04:18:00,62.6
2025-06-12 03:31:00,20.4
2025-06-12 18:30:00,58.0
2025-06-12 00:36:00,39.3
2025-06-12 21:09:00,3.3
2025-06-12 22:14:00,7.4
2025-06-12 13:03:00,13.2
2025-06-12 07:54:00,59.8
2025-06-12 17:41:00,49.28634215500945
2025-06-12 10:39:00,55.0
2025-06-12 06:30:00,24.2
2025-06-12 01:50:00,67.2
2025-06-12 07:55:00,49.28634215500945
2025-06-12 13:16:00,93.3
2025-06-12 18:25:00,49.28634215500945
2025-06-12 03:51:00,26.0
2025-06-12 12:18:00,54.2
2025-06-12 03:08:00,40.2
2025-06-12 21:34:00,63.8
2025-06-12 22:35:00,95.2
2025-06-12 08:15:00,70.7
2025-06-12 08:11:00,93.9
2025-06-12 14:42:00,45.8
2025-06-12 10:20:00,8.8
2025-06-12 12:20:00,10.5
2025-06-12 20:00:00,87.4
2025-06-12 08:24:00,49.28634215500945
2025-06-12 00:53:00,26.7
2025-06-12 13:46:00,49.28634215500945
2025-06-12 19:10:00,31.0
2025-06-12 10:42:00,49.28634215500945
2025-06-12 07:32:00,23.6
2025-06-12 19:45:00,34.0
2025-06-12 16:43:00,97.7
2025-06-12 03:36:00,16.8
2025-06-12 02:56:00,14.5
2025-06-12 03:45:00,49.28634215500945
2025-06-12 01:45:00,33.5
2025-06-12 06:58:00,62.3
2025-06-12 22:25:00,61.9
2025-06-12 14:00:00,25.3
2025-06-12 00:02:00,72.1
2025-06-12 19:35:00,11.4
2025-06-12 16:49:00,13.1
2025-06-12 04:01:00,49.28634215500945
2025-06-12 14:58:00,22.3
2025-06-12 21:32:00,49.28634215500945
2025-06-12 20:50:00,34.0
2025-06-12 02:29:00,2.5
2025-06-12 22:08:00,30.4
2025-06-12 19:31:00,45.2
2025-06-12 10:50:00,49.28634215500945
2025-06-12 02:10:00,56.0
2025-06-12 01:24:00,71.1
2025-06-12 11:05:00,19.8
2025-06-12 12:36:00,47.2
2025-06-12 09:45:00,39.4
2025-06-12 15:30:00,49.28634215500945
2025-06-12 12:14:00,4.7
2025-06-12 13:52:00,32.8
2025-06-12 09:27:00,49.28634215500945
2025-06-12 02:40:00,39.5
2025-06-12 17:56:00,52.7
2025-06-12 12:33:00,49.28634215500945
2025-06-12 18:48:00,49.9
2025-06-12 06:16:00,29.9
2025-06-12 23:17:00,72.2
2025-06-12 06:39:00,47.5
2025-06-12 06:40:00,45.6
2025-06-12 22:59:00,87.0
2025-06-12 00:20:00,89.7
2025-06-12 10:41:00,47.7
2025-06-12 10:14:00,86.3
2025-06-12 16:07:00,49.28634215500945
2025-06-12 23:58:00,72.0
2025-06-12 18:51:00,68.5
2025-06-12 19:49:00,77.9
2025-06-12 08:18:00,95.1
2025-06-12 23:10:00,94.7
2025-06-12 19:38:00,48.8
2025-06-12 14:49:00,61.1
2025-06-12 15:03:00,24.0
2025-06-12 20:56:00,53.1
2025-06-12 09:37:00,49.28634215500945
2025-06-12 16:40:00,2.8
2025-06-12 09:15:00,58.4
2025-06-12 10:47:00,92.2
2025-06-12 11:26:00,67.2
2025-06-12 19:43:00,98.4
2025-06-12 17:17:00,42.6
2025-06-12 08:00:00,77.9
2025-06-12 22:46:00,78.9
2025-06-12 23:59:00,16.0
2025-06-12 01:39:00,49.28634215500945
2025-06-12 17:29:00,27.2
2025-06-12 04:27:00,13.7
2025-06-12 05:24:00,66.7
2025-06-12 04:02:00,49.28634215500945
2025-06-12 19:00:00,52.9
2025-06-12 15:06:00,49.28634215500945
2025-06-12 05:58:00,49.28634215500945
2025-06-12 10:45:00,49.28634215500945
2025-06-12 11:19:00,49.28634215500945
2025-06-12 19:17:00,24.3
2025-06-12 12:04:00,88.5
2025-06-12 08:39:00,50.6
2025-06-12 00:48:00,1.6
2025-06-12 03:38:00,80.4
2025-06-12 23:48:00,42.7
2025-06-12 16:18:00,40.3
2025-06-12 07:14:00,30.2
2025-06-12 13:31:00,49.28634215500945
2025-06-12 18:59:00,52.1
2025-06-12 04:19:00,97.6
2025-06-12 00:55:00,92.0
2025-06-12 09:02:00,49.28634215500945
2025-06-12 23:03:00,38.6
2025-06-12 17:37:00,89.9
2025-06-12 13:17:00,41.9
2025-06-12 15:04:00,51.9
2025-06-12 15:45:00,41.7
2025-06-12 07:36:00,15.9
2025-06-12 18:44:00,6.4
2025-06-12 16:00:00,9.4
2025-06-12 17:20:00,33.8
2025-06-12 09:50:00,35.0
2025-06-12 22:55:00,84.8
2025-06-12 15:02:00,49.28634215500945
2025-06-12 18:36:00,43.4
2025-06-12 18:53:00,12.1
2025-06-12 21:42:00,79.1
2025-06-12 19:11:00,9.9
2025-06-12 13:34:00,67.5
2025-06-12 05:25:00,60.0
2025-06-12 02:23:00,20.0
2025-06-12 13:04:00,72.2
2025-06-12 07:53:00,49.28634215500945
2025-06-12 03:56:00,9.5
2025-06-12 03:47:00,24.3
2025-06-12 20:10:00,99.4
2025-06-12 08:53:00,50.1
2025-06-12 22:31:00,62.9
2025-06-12 18:17:00,96.2
2025-06-12 13:47:00,86.4
2025-06-12 02:43:00,49.28634215500945
2025-06-12 17:36:00,49.28634215500945
2025-06-12 12:07:00,35.1
2025-06-12 10:30:00,39.3
2025-06-12 22:12:00,16.8
2025-06-12 17:27:00,64.1
2025-06-12 23:14:00,81.2
2025-06-12 15:14:00,9.5
2025-06-12 23:11:00,49.28634215500945
2025-06-12 05:16:00,49.28634215500945
2025-06-12 03:58:00,49.28634215500945
2025-06-12 07:19:00,23.4
2025-06-12 21:19:00,38.9
2025-06-12 02:57:00,82.6
2025-06-12 14:01:00,20.0
2025-06-12 01:00:00,66.0
2025-06-12 17:47:00,49.28634215500945
2025-06-12 00:11:00,94.6
2025-06-12 21:16:00,12.6
2025-06-12 13:41:00,65.4
2025-06-12 22:18:00,57.6
2025-06-12 14:10:00,99.6
2025-06-12 07:27:00,31.1
2025-06-12 01:29:00,49.28634215500945
2025-06-12 02:31:00,49.28634215500945
2025-06-12 19:25:00,49.28634215500945
2025-06-12 15:32:00,49.28634215500945
2025-06-12 02:11:00,27.5
2025-06-12 11:12:00,43.0
2025-06-12 06:11:00,34.4
2025-06-12 18:20:00,69.5
2025-06-12 04:31:00,60.6
2025-06-12 06:43:00,49.28634215500945
2025-06-12 10:56:00,92.6
2025-06-12 11:58:00,59.1
2025-06-12 23:29:00,15.3
2025-06-12 23:49:00,39.7
2025-06-12 15:39:00,16.8
2025-06-12 02:46:00,88.7
2025-06-12 17:18:00,49.28634215500945
2025-06-12 17:34:00,70.9
2025-06-12 19:32:00,6.6
2025-06-12 14:02:00,0.3
2025-06-12 17:55:00,49.28634215500945
2025-06-12 05:40:00,7.8
2025-06-12 00:05:00,44.6
2025-06-12 08:51:00,31.2
2025-06-12 22:10:00,86.0
2025-06-12 21:27:00,18.4
2025-06-12 00:58:00,18.1
2025-06-12 13:56:00,53.9
2025-06-12 01:48:00,88.4
2025-06-12 06:32:00,74.8
2025-06-12 06:42:00,43.7
2025-06-12 01:19:00,72.4
2025-06-12 14:37:00,49.28634215500945
2025-06-12 05:44:00,34.2
2025-06-12 03:15:00,28.7
2025-06-12 02:20:00,49.28634215500945
2025-06-12 09:11:00,25.1
2025-06-12 20:17:00,72.4
2025-06-12 01:15:00,29.8
2025-06-12 14:28:00,49.28634215500945
2025-06-12 15:09:00,9.5
2025-06-12 04:06:00,65.6
2025-06-12 10:33:00,75.8
2025-06-12 15:42:00,68.3
2025-06-12 12:50:00,6.9
2025-06-12 06:01:00,49.28634215500945
2025-06-12 22:37:00,78.7
2025-06-12 05:39:00,37.2
2025-06-12 01:37:00,93.3
2025-06-12 03:04:00,44.8
2025-06-12 14:11:00,49.28634215500945
2025-06-12 01:31:00,71.5
2025-06-12 02:02:00,58.1
2025-06-12 20:04:00,49.28634215500945
2025-06-12 03:39:00,44.6
2025-06-12 00:14:00,48.5
2025-06-12 14:46:00,75.8
2025-06-12 21:46:00,44.3
2025-06-12 09:34:00,42.1
2025-06-12 05:37:00,49.28634215500945
2025-06-12 13:09:00,30.2
2025-06-12 04:53:00,97.0
2025-06-12 09:14:00,24.1
2025-06-12 11:13:00,95.6
2025-06-12 04:38:00,60.1
2025-06-12 06:21:00,4.4
2025-06-12 16:48:00,2.4
2025-06-12 09:33:00,72.5
2025-06-12 04:39:00,26.4
2025-06-12 20:06:00,49.28634215500945
2025-06-12 03:54:00,49.28634215500945
2025-06-12 15:08:00,4.2
2025-06-12 20:57:00,3.8
2025-06-12 17:16:00,36.9
2025-06-12 05:33:00,78.0
2025-06-12 00:18:00,21.4
2025-06-12 16:22:00,75.0
2025-06-12 16:17:00,37.1
2025-06-12 03:42:00,58.6
2025-06-12 07:31:00,80.8
2025-06-12 17:05:00,49.28634215500945
2025-06-12 16:53:00,6.9
2025-06-12 06:13:00,92.3
2025-06-12 03:59:00,49.28634215500945
2025-06-12 21:30:00,56.0
2025-06-12 11:41:00,40.8
2025-06-12 15:16:00,15.2
2025-06-12 08:25:00,39.4
2025-06-12 22:50:00,91.8
2025-06-12 06:52:00,20.6
2025-06-12 12:39:00,64.3
2025-06-12 21:07:00,34.4
2025-06-12 06:44:00,42.3
2025-06-12 08:35:00,17.0
2025-06-12 06:49:00,81.5
2025-06-12 23:57:00,46.8
2025-06-12 19:46:00,49.28634215500945
2025-06-12 04:04:00,49.28634215500945
2025-06-12 13:37:00,49.28634215500945
2025-06-12 20:26:00,18.4
2025-06-12 05:07:00,51.3
2025-06-12 11:49:00,25.4
2025-06-12 19:42:00,79.3
2025-06-12 16:46:00,47.9
2025-06-12 23:04:00,13.7
2025-06-12 11:10:00,49.28634215500945
2025-06-12 17:44:00,33.7
2025-06-12 17:53:00,90.6
2025-06-12 06:57:00,49.28634215500945
2025-06-12 12:54:00,51.5
2025-06-12 14:54:00,28.4
2025-06-12 11:35:00,93.8
2025-06-12 00:21:00,70.2
2025-06-12 14:39:00,49.28634215500945
2025-06-12 02:09:00,19.0
2025-06-12 23:35:00,29.8
2025-06-12 00:40:00,51.7
2025-06-12 08:30:00,49.28634215500945
2025-06-12 04:44:00,49.28634215500945
2025-06-12 22:57:00,99.3
2025-06-12 02:53:00,73.4
2025-06-12 23:25:00,20.5
2025-06-12 13:43:00,49.28634215500945
2025-06-12 01:17:00,61.3
2025-06-12 15:55:00,5.7
2025-06-12 08:46:00,49.28634215500945
2025-06-12 08:52:00,38.5
2025-06-12 15:15:00,97.5
2025-06-12 19:01:00,85.2
2025-06-12 15:37:00,72.4
2025-06-12 11:08:00,49.28634215500945
2025-06-12 21:04:00,59.8
2025-06-12 20:33:00,13.5
2025-06-12 19:11:00,41.2
2025-06-12 07:23:00,37.4
2025-06-12 00:30:00,32.7
2025-06-12 10:06:00,51.8
2025-06-12 16:10:00,28.0
2025-06-12 10:22:00,42.3
2025-06-12 08:21:00,41.8
2025-06-12 07:56:00,50.0812925170068
2025-06-12 17:21:00,1.6
2025-06-12 16:36:00,26.8
2025-06-12 21:16:00,81.7
2025-06-12 10:39:00,27.3
2025-06-12 19:55:00,91.7
2025-06-12 00:02:00,69.0
2025-06-12 21:14:00,71.0
2025-06-12 04:16:00,64.0
2025-06-12 12:31:00,99.5
2025-06-12 06:51:00,16.5
2025-06-12 02:57:00,58.1
2025-06-12 08:22:00,12.1
2025-06-12 03:21:00,52.3
2025-06-12 16:47:00,5.0
2025-06-12 02:37:00,64.5
2025-06-12 15:50:00,94.5
2025-06-12 11:55:00,70.1
2025-06-12 03:30:00,96.1
2025-06-12 09:16:00,34.0
2025-06-12 23:47:00,50.0812925170068
2025-06-12 13:42:00,94.7
2025-06-12 04:21:00,26.8
2025-06-12 03:43:00,3.6
2025-06-12 09:04:00,77.5
2025-06-12 20:47:00,55.8
2025-06-12 01:33:00,67.9
2025-06-12 01:51:00,94.2
2025-06-12 06:43:00,4.1
2025-06-12 08:53:00,68.1
2025-06-12 08:16:00,7.6
2025-06-12 20:43:00,3.4
2025-06-12 15:25:00,98.0
2025-06-12 05:30:00,50.0812925170068
2025-06-12 22:57:00,77.6
2025-06-12 17:14:00,21.7
2025-06-12 17:09:00,49.3
2025-06-12 21:29:00,60.4
2025-06-12 19:01:00,39.9
2025-06-12 22:04:00,8.9
2025-06-12 21:59:00,77.8
2025-06-12 17:02:00,50.0812925170068
2025-06-12 19:14:00,75.3
2025-06-12 17:55:00,50.0812925170068
2025-06-12 13:25:00,3.3
2025-06-12 08:29:00,28.0
2025-06-12 09:17:00,81.7
2025-06-12 13:02:00,69.9
2025-06-12 00:57:00,61.8
2025-06-12 13:45:00,84.0
2025-06-12 00:12:00,93.3
2025-06-12 22:08:00,99.2
2025-06-12 05:21:00,72.0
2025-06-12 02:25:00,52.1
2025-06-12 17:04:00,11.1
2025-06-12 01:34:00,46.8
2025-06-12 12:03:00,67.4
2025-06-12 02:50:00,50.0812925170068
2025-06-12 10:27:00,77.4
2025-06-12 18:42:00,77.0
2025-06-12 06:18:00,66.3
2025-06-12 23:25:00,38.7
2025-06-12 16:56:00,4.9
2025-06-12 22:49:00,5.6
2025-06-12 02:45:00,50.0812925170068
2025-06-12 00:26:00,50.0812925170068
2025-06-12 09:43:00,5.5
2025-06-12 20:31:00,37.4
2025-06-12 20:21:00,12.7
2025-06-12 02:28:00,72.2
2025-06-12 16:33:00,89.4
2025-06-12 03:10:00,67.3
2025-06-12 22:59:00,5.4
2025-06-12 23:07:00,71.5
2025-06-12 19:04:00,77.6
2025-06-12 20:59:00,35.2
2025-06-12 01:50:00,50.0812925170068
2025-06-12 20:04:00,13.8
2025-06-12 12:20:00,23.4
2025-06-12 03:23:00,38.3
2025-06-12 04:26:00,64.1
2025-06-12 19:36:00,58.1
2025-06-12 17:54:00,35.7
2025-06-12 04:13:00,69.5
2025-06-12 10:47:00,50.0812925170068
2025-06-12 22:01:00,96.3
2025-06-12 06:56:00,62.1
2025-06-12 22:20:00,28.6
2025-06-12 17:27:00,0.5
2025-06-12 04:05:00,56.7
2025-06-12 11:47:00,84.2
2025-06-12 11:50:00,50.0812925170068
2025-06-12 04:06:00,61.6
2025-06-12 11:51:00,57.3
2025-06-12 07:59:00,72.1
2025-06-12 04:19:00,33.6
2025-06-12 12:59:00,39.5
2025-06-12 22:23:00,88.2
2025-06-12 17:10:00,46.8
2025-06-12 07:29:00,6.2
2025-06-12 08:08:00,93.0
2025-06-12 18:16:00,69.0
2025-06-12 02:10:00,71.5
2025-06-12 22:53:00,50.0812925170068
2025-06-12 05:53:00,82.3
2025-06-12 21:12:00,33.8
2025-06-12 11:53:00,91.5
2025-06-12 19:40:00,97.6
2025-06-12 08:20:00,40.0
2025-06-12 21:56:00,59.8
2025-06-12 12:01:00,92.0
2025-06-12 21:07:00,35.5
2025-06-12 23:27:00,44.9
2025-06-12 11:58:00,16.3
2025-06-12 08:28:00,81.7
2025-06-12 20:20:00,80.5
2025-06-12 22:52:00,93.2
2025-06-12 19:32:00,20.7
2025-06-12 03:04:00,32.4
2025-06-12 15:02:00,91.5
2025-06-12 09:14:00,26.6
2025-06-12 05:39:00,45.9
2025-06-12 04:09:00,69.4
2025-06-12 14:22:00,76.9
2025-06-12 08:40:00,61.9
2025-06-12 18:03:00,5.7
2025-06-12 21:23:00,58.6
2025-06-12 10:36:00,26.6
2025-06-12 09:58:00,12.4
2025-06-12 16:01:00,81.3
2025-06-12 15:21:00,20.8
2025-06-12 22:13:00,22.7
2025-06-12 11:06:00,60.7
2025-06-12 23:33:00,50.0812925170068
2025-06-12 09:29:00,7.6
2025-06-12 01:20:00,12.4
2025-06-12 04:17:00,53.2
2025-06-12 14:17:00,8.0
2025-06-12 07:09:00,30.8
2025-06-12 13:35:00,36.8
2025-06-12 13:22:00,81.7
2025-06-12 15:55:00,28.8
2025-06-12 10:23:00,8.2
2025-06-12 21:03:00,76.8
2025-06-12 22:37:00,28.9
2025-06-12 01:00:00,8.8
2025-06-12 07:35:00,23.5
2025-06-12 01:52:00,82.8
2025-06-12 03:32:00,81.9
2025-06-12 05:45:00,32.7
2025-06-12 23:58:00,22.1
2025-06-12 11:45:00,6.2
2025-06-12 21:20:00,82.0
2025-06-12 19:09:00,75.2
2025-06-12 20:19:00,44.2
2025-06-12 02:13:00,55.9
2025-06-12 04:58:00,64.8
2025-06-12 13:58:00,60.6
2025-06-12 14:31:00,53.5
2025-06-12 16:26:00,46.6
2025-06-12 10:00:00,41.2
2025-06-12 03:02:00,65.5
2025-06-12 01:46:00,50.0812925170068
2025-06-12 12:50:00,62.2
2025-06-12 05:13:00,17.9
2025-06-12 06:59:00,53.8
2025-06-12 08:39:00,11.5
2025-06-12 14:04:00,66.1
2025-06-12 21:28:00,50.0812925170068
2025-06-12 09:12:00,57.7
2025-06-12 16:46:00,28.5
2025-06-12 20:18:00,30.8
2025-06-12 09:51:00,36.4
2025-06-12 03:25:00,82.3
2025-06-12 07:47:00,77.4
2025-06-12 11:34:00,67.7
2025-06-12 23:35:00,43.2
2025-06-12 03:29:00,2.3
2025-06-12 14:55:00,15.2
2025-06-12 07:01:00,97.1
2025-06-12 03:55:00,45.7
2025-06-12 00:52:00,50.0812925170068
2025-06-12 08:14:00,91.0
2025-06-12 15:59:00,50.0812925170068
2025-06-12 10:45:00,26.7
2025-06-12 04:41:00,30.8
2025-06-12 15:42:00,4.4
2025-06-12 16:11:00,4.3
2025-06-12 05:04:00,71.0
2025-06-12 00:44:00,50.0812925170068
2025-06-12 01:09:00,50.0812925170068
2025-06-12 14:00:00,14.9
2025-06-12 08:44:00,0.4
2025-06-12 19:31:00,6.2
2025-06-12 23:37:00,53.4
2025-06-12 08:19:00,50.0812925170068
2025-06-12 14:29:00,5.7
2025-06-12 01:28:00,73.6
2025-06-12 12:16:00,24.7
2025-06-12 13:53:00,16.5
2025-06-12 15:36:00,63.7
2025-06-12 17:12:00,47.1
2025-06-12 00:59:00,81.8
2025-06-12 16:06:00,62.7
2025-06-12 12:56:00,29.9
2025-06-12 21:30:00,51.0
2025-06-12 19:18:00,50.0812925170068
2025-06-12 02:11:00,31.5
2025-06-12 07:27:00,43.8
2025-06-12 14:13:00,19.2
2025-06-12 20:09:00,91.5
2025-06-12 19:48:00,17.6
2025-06-12 22:12:00,67.4
2025-06-12 08:01:00,33.6
2025-06-12 05:08:00,20.8
2025-06-12 00:09:00,34.2
2025-06-12 03:44:00,32.0
2025-06-12 08:11:00,51.8
2025-06-12 13:55:00,14.7
2025-06-12 03:24:00,28.1
2025-06-12 04:01:00,3.6
2025-06-12 15:28:00,39.3
2025-06-12 01:48:00,93.8
2025-06-12 08:54:00,64.8
2025-06-12 20:42:00,50.0812925170068
2025-06-12 08:06:00,2.5
2025-06-12 13:24:00,41.3
2025-06-12 23:05:00,50.0812925170068
2025-06-12 22:02:00,49.0
2025-06-12 22:46:00,3.6
2025-06-12 06:26:00,1.1
2025-06-12 18:18:00,50.6
2025-06-12 10:29:00,34.0
2025-06-12 23:11:00,68.2
2025-06-12 14:09:00,73.4
2025-06-12 12:34:00,49.7
2025-06-12 23:04:00,85.7
2025-06-12 08:09:00,44.5
2025-06-12 04:11:00,50.0812925170068
2025-06-12 16:07:00,91.7
2025-06-12 12:09:00,50.0812925170068
2025-06-12 18:31:00,9.2
2025-06-12 03:01:00,50.0812925170068
2025-06-12 02:05:00,77.6
2025-06-12 07:25:00,50.0812925170068
2025-06-12 02:14:00,61.8
2025-06-12 10:48:00,21.9
2025-06-12 03:26:00,0.7
2025-06-12 16:54:00,50.0812925170068
2025-06-12 18:51:00,50.0812925170068
2025-06-12 11:13:00,87.2
2025-06-12 14:56:00,24.1
2025-06-12 04:33:00,17.8
2025-06-12 02:34:00,23.6
2025-06-12 09:55:00,20.5
2025-06-12 09:21:00,6.2
2025-06-12 11:31:00,69.6
2025-06-12 17:08:00,54.4
2025-06-12 07:14:00,50.0812925170068
2025-06-12 03:22:00,60.8
2025-06-12 15:29:00,50.0812925170068
2025-06-12 12:52:00,98.4
2025-06-12 15:46:00,70.1
2025-06-12 05:15:00,82.2
2025-06-12 04:44:00,50.0812925170068
2025-06-12 05:24:00,67.1
2025-06-12 04:00:00,86.2
2025-06-12 06:40:00,84.8
2025-06-12 10:43:00,97.1
2025-06-12 14:32:00,50.0812925170068
2025-06-12 04:25:00,88.3
2025-06-12 08:18:00,48.8
2025-06-12 11:22:00,75.8
2025-06-12 03:34:00,36.9
2025-06-12 05:16:00,45.3
2025-06-12 11:26:00,41.4
2025-06-12 15:40:00,36.6
2025-06-12 22:06:00,1.3
2025-06-12 09:47:00,51.1
2025-06-12 16:48:00,49.0
2025-06-12 23:01:00,74.8
2025-06-12 23:31:00,50.0812925170068
2025-06-12 00:53:00,75.8
2025-06-12 18:39:00,50.0812925170068
2025-06-12 11:38:00,82.3
2025-06-12 15:35:00,39.6
2025-06-12 10:03:00,50.0812925170068
2025-06-12 13:47:00,65.8
2025-06-12 22:44:00,96.1
2025-06-12 10:13:00,8.3
2025-06-12 22:22:00,84.3
2025-06-12 01:36:00,33.4
2025-06-12 04:06:00,23.9
2025-06-12 10:13:00,27.7
2025-06-12 22:22:00,5.5
2025-06-12 17:59:00,98.7
2025-06-12 00:00:00,80.2
2025-06-12 20:20:00,49.63695830886671
2025-06-12 03:34:00,59.3
2025-06-12 00:42:00,85.0
2025-06-12 23:39:00,66.8
2025-06-12 12:06:00,99.2
2025-06-12 08:38:00,71.8
2025-06-12 03:32:00,71.7
2025-06-12 18:06:00,68.9
2025-06-12 18:19:00,79.7
2025-06-12 02:12:00,49.63695830886671
2025-06-12 08:47:00,58.8
2025-06-12 18:11:00,12.1
2025-06-12 23:32:00,16.6
2025-06-12 16:29:00,57.0
2025-06-12 21:03:00,6.0
2025-06-12 10:28:00,49.63695830886671
2025-06-12 07:00:00,61.4
2025-06-12 19:16:00,38.4
2025-06-12 19:36:00,87.8
2025-06-12 14:37:00,92.1
2025-06-12 11:17:00,28.7
2025-06-12 20:01:00,49.63695830886671
2025-06-12 09:16:00,36.2
2025-06-12 19:54:00,17.0
2025-06-12 11:49:00,18.3
2025-06-12 12:52:00,1.5
2025-06-12 10:39:00,49.63695830886671
2025-06-12 05:59:00,40.3
2025-06-12 22:59:00,75.3
2025-06-12 09:17:00,75.7
2025-06-12 01:51:00,20.8
2025-06-12 19:38:00,94.2
2025-06-12 11:33:00,26.7
2025-06-12 23:55:00,30.8
2025-06-12 15:52:00,48.9
2025-06-12 05:56:00,23.0
2025-06-12 16:22:00,13.3
2025-06-12 01:47:00,58.6
2025-06-12 12:54:00,32.4
2025-06-12 14:12:00,55.5
2025-06-12 06:31:00,38.8
2025-06-12 13:32:00,69.6
2025-06-12 16:21:00,68.3
2025-06-12 08:10:00,83.2
2025-06-12 21:05:00,82.2
2025-06-12 11:36:00,39.5
2025-06-12 10:04:00,60.1
2025-06-12 01:26:00,32.7
2025-06-12 22:49:00,57.3
2025-06-12 14:40:00,86.2
2025-06-12 05:32:00,37.4
2025-06-12 13:49:00,40.2
2025-06-12 16:28:00,39.0
2025-06-12 05:37:00,46.1
2025-06-12 03:14:00,76.4
2025-06-12 13:22:00,44.9
2025-06-12 03:35:00,30.6
2025-06-12 01:19:00,30.5
2025-06-12 22:35:00,38.8
2025-06-12 23:29:00,57.6
2025-06-12 13:50:00,18.6
2025-06-12 08:42:00,82.5
2025-06-12 07:50:00,72.7
2025-06-12 09:51:00,32.6
2025-06-12 02:05:00,84.4
2025-06-12 18:38:00,30.4
2025-06-12 00:11:00,72.1
2025-06-12 22:09:00,81.4
2025-06-12 11:46:00,68.5
2025-06-12 07:29:00,72.0
2025-06-12 05:38:00,19.7
2025-06-12 10:23:00,35.9
2025-06-12 11:20:00,36.1
2025-06-12 17:46:00,73.8
2025-06-12 17:38:00,50.3
2025-06-12 06:34:00,69.7
2025-06-12 08:22:00,86.0
2025-06-12 12:24:00,55.2
2025-06-12 07:39:00,0.9
2025-06-12 01:52:00,57.0
2025-06-12 00:14:00,1.5
2025-06-12 04:46:00,49.63695830886671
2025-06-12 22:11:00,49.63695830886671
2025-06-12 04:45:00,83.6
2025-06-12 19:46:00,49.63695830886671
2025-06-12 21:32:00,15.6
2025-06-12 05:24:00,47.4
2025-06-12 02:25:00,25.9
2025-06-12 10:14:00,33.7
2025-06-12 21:35:00,13.7
2025-06-12 07:43:00,67.5
2025-06-12 17:06:00,68.0
2025-06-12 10:07:00,80.2
2025-06-12 03:28:00,49.63695830886671
2025-06-12 08:49:00,21.3
2025-06-12 08:02:00,54.2
2025-06-12 07:42:00,15.5
2025-06-12 20:53:00,48.1
2025-06-12 13:17:00,13.4
2025-06-12 23:54:00,94.2
2025-06-12 03:49:00,66.8
2025-06-12 19:34:00,33.8
2025-06-12 01:40:00,8.0
2025-06-12 07:36:00,98.6
2025-06-12 23:14:00,49.63695830886671
2025-06-12 13:18:00,62.2
2025-06-12 20:33:00,85.0
2025-06-12 10:59:00,49.63695830886671
2025-06-12 06:06:00,89.3
2025-06-12 06:47:00,12.6
2025-06-12 05:44:00,36.2
2025-06-12 03:44:00,49.2
2025-06-12 07:09:00,59.6
2025-06-12 06:01:00,1.4
2025-06-12 13:27:00,22.6
2025-06-12 20:28:00,50.7
2025-06-12 01:17:00,67.7
2025-06-12 18:51:00,91.2
2025-06-12 13:47:00,49.63695830886671
2025-06-12 16:14:00,94.6
2025-06-12 17:53:00,50.1
2025-06-12 17:07:00,5.9
2025-06-12 09:14:00,28.1
2025-06-12 10:24:00,29.9
2025-06-12 08:46:00,72.3
2025-06-12 09:06:00,20.2
2025-06-12 22:12:00,82.4
2025-06-12 23:43:00,24.1
2025-06-12 09:41:00,34.0
2025-06-12 10:52:00,23.7
2025-06-12 00:05:00,10.7
2025-06-12 04:24:00,49.63695830886671
2025-06-12 00:27:00,88.5
2025-06-12 00:21:00,98.1
2025-06-12 10:45:00,2.2
2025-06-12 02:27:00,49.63695830886671
2025-06-12 17:56:00,78.2
2025-06-12 13:48:00,86.0
2025-06-12 00:47:00,45.2
2025-06-12 06:54:00,59.7
2025-06-12 11:08:00,83.0
2025-06-12 06:35:00,73.9
2025-06-12 20:24:00,3.6
2025-06-12 03:56:00,25.9
2025-06-12 02:00:00,86.6
2025-06-12 12:37:00,49.63695830886671
2025-06-12 08:32:00,27.9
2025-06-12 08:15:00,49.63695830886671
2025-06-12 18:50:00,7.1
2025-06-12 18:12:00,87.0
2025-06-12 08:41:00,38.1
2025-06-12 08:55:00,12.7
2025-06-12 07:52:00,1.9
2025-06-12 05:04:00,5.5
2025-06-12 09:39:00,61.9
2025-06-12 17:09:00,79.6
2025-06-12 01:44:00,49.63695830886671
2025-06-12 16:54:00,96.3
2025-06-12 01:56:00,49.63695830886671
2025-06-12 18:09:00,33.7
2025-06-12 10:19:00,73.8
2025-06-12 05:07:00,64.8
2025-06-12 15:55:00,56.1
2025-06-12 13:19:00,4.4
2025-06-12 07:44:00,84.0
2025-06-12 18:55:00,26.0
2025-06-12 20:07:00,21.8
2025-06-12 02:26:00,49.63695830886671
2025-06-12 16:34:00,75.7
2025-06-12 11:00:00,91.7
2025-06-12 00:49:00,49.63695830886671
2025-06-12 18:15:00,49.63695830886671
2025-06-12 19:05:00,87.6
2025-06-12 10:26:00,49.63695830886671
2025-06-12 11:37:00,7.2
2025-06-12 01:34:00,99.1
2025-06-12 06:18:00,92.7
2025-06-12 12:15:00,8.0
2025-06-12 05:51:00,52.4
2025-06-12 05:47:00,21.3
2025-06-12 06:32:00,26.3
2025-06-12 12:31:00,88.4
2025-06-12 11:05:00,56.6
2025-06-12 23:41:00,88.6
2025-06-12 16:15:00,49.63695830886671
2025-06-12 08:23:00,13.4
2025-06-12 05:33:00,37.4
2025-06-12 18:13:00,93.2
2025-06-12 08:44:00,65.1
2025-06-12 07:51:00,97.9
2025-06-12 00:58:00,6.8
2025-06-12 07:16:00,28.4
2025-06-12 04:43:00,49.63695830886671
2025-06-12 20:23:00,16.4
2025-06-12 12:23:00,55.8
2025-06-12 09:00:00,48.1
2025-06-12 21:46:00,91.9
2025-06-12 11:48:00,92.6
2025-06-12 18:21:00,28.9
2025-06-12 14:36:00,96.0
2025-06-12 14:22:00,68.9
2025-06-12 13:29:00,12.5
2025-06-12 17:11:00,49.63695830886671
2025-06-12 18:30:00,4.7
2025-06-12 01:27:00,81.7
2025-06-12 17:51:00,46.1
2025-06-12 21:30:00,60.1
2025-06-12 16:19:00,44.7
2025-06-12 02:07:00,43.6
2025-06-12 23:47:00,78.5
2025-06-12 02:47:00,80.6
2025-06-12 19:19:00,35.2
2025-06-12 21:04:00,0.2
2025-06-12 03:13:00,41.4
2025-06-12 15:14:00,53.6
2025-06-12 11:42:00,78.7
2025-06-12 02:06:00,22.9
2025-06-12 12:04:00,60.6
2025-06-12 08:13:00,49.1
2025-06-12 02:37:00,44.7
2025-06-12 16:24:00,39.5
2025-06-12 21:23:00,95.3
2025-06-12 00:15:00,58.2
2025-06-12 17:57:00,33.5
2025-06-12 16:31:00,10.5
2025-06-12 06:10:00,94.9
2025-06-12 10:06:00,49.63695830886671
2025-06-12 16:27:00,43.5
2025-06-12 15:38:00,47.3
2025-06-12 23:30:00,4.7
2025-06-12 11:39:00,49.63695830886671
2025-06-12 04:54:00,31.0
2025-06-12 00:59:00,54.1
2025-06-12 23:15:00,65.2
2025-06-12 10:57:00,88.0
2025-06-12 23:57:00,49.63695830886671
2025-06-12 14:13:00,49.63695830886671
2025-06-12 12:56:00,60.5
2025-06-12 02:41:00,49.63695830886671
2025-06-12 05:28:00,49.63695830886671
2025-06-12 13:05:00,17.6
2025-06-12 23:07:00,58.0
2025-06-12 12:51:00,47.5
2025-06-12 21:58:00,80.1
2025-06-12 01:58:00,32.4
2025-06-12 22:21:00,45.1
2025-06-12 02:20:00,69.2
2025-06-12 02:19:00,21.3
2025-06-12 07:49:00,91.4
2025-06-12 00:18:00,68.1
2025-06-12 14:07:00,72.7
2025-06-12 20:46:00,10.9
2025-06-12 07:46:00,27.2
2025-06-12 10:33:00,49.63695830886671
2025-06-12 22:08:00,4.1
2025-06-12 18:53:00,86.1
2025-06-12 07:17:00,20.7
2025-06-12 19:28:00,10.5
2025-06-12 19:21:00,68.8
2025-06-12 19:45:00,80.9
2025-06-12 16:51:00,70.0
2025-06-12 10:44:00,49.63695830886671
2025-06-12 08:43:00,52.5
2025-06-12 23:40:00,20.4
2025-06-12 01:25:00,87.4
2025-06-12 19:08:00,49.63695830886671
2025-06-12 12:12:00,19.1
2025-06-12 17:54:00,14.5
2025-06-12 11:59:00,90.3
2025-06-12 12:53:00,49.63695830886671
2025-06-12 13:02:00,6.4
2025-06-12 00:10:00,49.63695830886671
2025-06-12 03:26:00,23.7
2025-06-12 07:25:00,49.63695830886671
2025-06-12 10:36:00,66.0
2025-06-12 10:20:00,41.6
2025-06-12 07:23:00,12.2
2025-06-12 18:35:00,63.5
2025-06-12 22:01:00,75.3
2025-06-12 10:09:00,9.5
2025-06-12 15:41:00,87.9
2025-06-12 09:23:00,94.4
2025-06-12 17:02:00,79.7
2025-06-12 10:01:00,49.63695830886671
2025-06-12 12:40:00,80.2
2025-06-12 11:03:00,80.6
2025-06-12 19:20:00,75.6
2025-06-12 04:55:00,75.2
2025-06-12 02:35:00,29.6
2025-06-12 16:39:00,88.1
2025-06-12 09:02:00,40.5
2025-06-12 14:42:00,47.3
2025-06-12 22:24:00,81.7
2025-06-12 21:42:00,49.63695830886671
2025-06-12 08:00:00,56.7
2025-06-12 13:54:00,61.9
2025-06-12 07:27:00,94.4
2025-06-12 08:39:00,47.7
2025-06-12 18:42:00,99.0
2025-06-12 04:58:00,49.63695830886671
2025-06-12 11:18:00,4.9
2025-06-12 10:32:00,22.2
2025-06-12 10:18:00,83.8
2025-06-12 18:45:00,84.2
2025-06-12 22:05:00,16.8
2025-06-12 06:58:00,49.63695830886671
2025-06-12 11:16:00,60.1
2025-06-12 07:48:00,61.9
2025-06-12 13:46:00,30.6
2025-06-12 09:58:00,1.1
2025-06-12 17:34:00,38.9
2025-06-12 20:31:00,49.63695830886671
2025-06-12 09:22:00,89.7
2025-06-12 05:52:00,96.4
2025-06-12 18:29:00,47.4
2025-06-12 05:38:00,50.5
2025-06-12 23:34:00,78.6
2025-06-12 13:37:00,30.9
2025-06-12 01:40:00,45.2
2025-06-12 18:50:00,96.0
2025-06-12 15:59:00,67.0
2025-06-12 04:05:00,96.9
2025-06-12 21:51:00,58.2
2025-06-12 20:03:00,72.9
2025-06-12 01:23:00,58.2
2025-06-12 12:48:00,50.41405513666353
2025-06-12 17:38:00,12.5
2025-06-12 19:45:00,53.5
2025-06-12 10:55:00,38.2
2025-06-12 17:52:00,1.5
2025-06-12 06:29:00,47.1
2025-06-12 02:06:00,16.1
2025-06-12 21:26:00,15.4
2025-06-12 00:50:00,88.4
2025-06-12 08:39:00,95.1
2025-06-12 06:22:00,99.4
2025-06-12 06:05:00,50.41405513666353
2025-06-12 01:37:00,40.5
2025-06-12 03:30:00,76.5
2025-06-12 20:29:00,4.6
2025-06-12 01:34:00,15.7
2025-06-12 19:24:00,92.7
2025-06-12 08:12:00,97.5
2025-06-12 01:16:00,99.5
2025-06-12 09:50:00,11.5
2025-06-12 06:23:00,89.4
2025-06-12 13:16:00,47.4
2025-06-12 04:07:00,58.2
2025-06-12 05:41:00,56.5
2025-06-12 21:54:00,42.8
2025-06-12 08:47:00,94.6
2025-06-12 21:47:00,95.6
2025-06-12 03:05:00,28.7
2025-06-12 21:27:00,39.6
2025-06-12 20:30:00,51.1
2025-06-12 10:06:00,9.4
2025-06-12 11:25:00,50.41405513666353
2025-06-12 16:26:00,93.5
2025-06-12 13:24:00,60.6
2025-06-12 20:42:00,51.7
2025-06-12 04:10:00,71.7
2025-06-12 16:16:00,81.0
2025-06-12 14:49:00,19.7
2025-06-12 21:39:00,84.2
2025-06-12 13:32:00,64.6
2025-06-12 15:55:00,66.9
2025-06-12 22:45:00,50.41405513666353
2025-06-12 17:07:00,50.41405513666353
2025-06-12 21:18:00,83.9
2025-06-12 13:01:00,44.3
2025-06-12 09:02:00,33.7
2025-06-12 08:50:00,50.41405513666353
2025-06-12 17:15:00,63.7
2025-06-12 19:26:00,50.41405513666353
2025-06-12 11:19:00,85.7
2025-06-12 07:20:00,33.1
2025-06-12 11:51:00,50.41405513666353
2025-06-12 10:49:00,98.3
2025-06-12 23:09:00,8.0
2025-06-12 05:45:00,50.41405513666353
2025-06-12 08:31:00,100.0
2025-06-12 20:41:00,51.2
2025-06-12 00:07:00,0.7
2025-06-12 15:13:00,99.2
2025-06-12 19:22:00,97.8
2025-06-12 18:24:00,27.6
2025-06-12 21:07:00,40.6
2025-06-12 08:04:00,16.1
2025-06-12 01:30:00,15.9
2025-06-12 22:59:00,44.0
2025-06-12 21:15:00,64.9
2025-06-12 14:39:00,12.9
2025-06-12 19:47:00,51.4
2025-06-12 12:00:00,18.5
2025-06-12 02:49:00,27.7
2025-06-12 23:12:00,94.2
2025-06-12 14:47:00,83.1
2025-06-12 20:51:00,75.4
2025-06-12 01:56:00,13.9
2025-06-12 09:45:00,81.7
2025-06-12 13:10:00,50.41405513666353
2025-06-12 13:17:00,45.7
2025-06-12 16:44:00,68.9
2025-06-12 17:58:00,31.7
2025-06-12 06:43:00,92.9
2025-06-12 07:39:00,60.3
2025-06-12 10:59:00,79.4
2025-06-12 08:11:00,30.1
2025-06-12 17:09:00,79.7
2025-06-12 22:29:00,62.9
2025-06-12 12:45:00,32.8
2025-06-12 15:46:00,50.41405513666353
2025-06-12 05:33:00,89.8
2025-06-12 15:17:00,71.9
2025-06-12 01:15:00,99.8
2025-06-12 06:49:00,4.8
2025-06-12 07:46:00,93.3
2025-06-12 18:10:00,88.6
2025-06-12 23:19:00,13.3
2025-06-12 17:01:00,23.8
2025-06-12 03:06:00,47.1
2025-06-12 06:42:00,48.9
2025-06-12 16:04:00,57.8
2025-06-12 17:56:00,4.2
2025-06-12 22:31:00,32.8
2025-06-12 17:34:00,84.0
2025-06-12 17:28:00,50.41405513666353
2025-06-12 05:00:00,49.5
2025-06-12 18:09:00,21.0
2025-06-12 09:00:00,80.3
2025-06-12 08:15:00,15.8
2025-06-12 16:28:00,63.6
2025-06-12 03:59:00,50.41405513666353
2025-06-12 20:07:00,32.3
2025-06-12 04:46:00,7.9
2025-06-12 12:38:00,30.1
2025-06-12 20:12:00,70.6
2025-06-12 10:45:00,27.5
2025-06-12 19:53:00,56.6
2025-06-12 12:21:00,70.9
2025-06-12 14:13:00,50.41405513666353
2025-06-12 07:57:00,5.6
2025-06-12 22:52:00,82.6
2025-06-12 14:08:00,56.0
2025-06-12 05:02:00,39.2
2025-06-12 13:02:00,7.3
2025-06-12 04:59:00,94.7
2025-06-12 18:48:00,1.6
2025-06-12 08:07:00,50.41405513666353
2025-06-12 09:20:00,68.0
2025-06-12 01:54:00,16.4
2025-06-12 10:39:00,6.8
2025-06-12 06:53:00,2.3
2025-06-12 11:59:00,52.0
2025-06-12 00:34:00,45.6
2025-06-12 00:20:00,22.1
2025-06-12 21:19:00,98.7
2025-06-12 16:15:00,96.7
2025-06-12 01:27:00,50.41405513666353
2025-06-12 17:26:00,12.1
2025-06-12 14:58:00,22.2
2025-06-12 08:57:00,83.7
2025-06-12 08:52:00,67.8
2025-06-12 01:02:00,68.0
2025-06-12 18:13:00,41.3
2025-06-12 14:11:00,39.8
2025-06-12 00:19:00,44.8
2025-06-12 20:18:00,91.1
2025-06-12 08:34:00,40.4
2025-06-12 04:43:00,50.41405513666353
2025-06-12 04:40:00,5.2
2025-06-12 04:26:00,32.3
2025-06-12 22:48:00,50.41405513666353
2025-06-12 21:11:00,57.1
2025-06-12 12:17:00,42.8
2025-06-12 22:20:00,19.1
2025-06-12 22:23:00,30.2
2025-06-12 06:40:00,33.4
2025-06-12 12:57:00,39.6
2025-06-12 11:06:00,78.9
2025-06-12 01:49:00,20.1
2025-06-12 05:34:00,81.1
2025-06-12 16:22:00,34.4
2025-06-12 04:56:00,18.9
2025-06-12 23:20:00,34.5
2025-06-12 23:16:00,58.0
2025-06-12 06:51:00,3.2
2025-06-12 16:00:00,20.9
2025-06-12 10:23:00,3.2
2025-06-12 17:00:00,86.5
2025-06-12 20:11:00,90.5
2025-06-12 23:48:00,2.4
2025-06-12 01:51:00,17.6
2025-06-12 11:55:00,14.7
2025-06-12 23:39:00,3.2
2025-06-12 21:03:00,41.5
2025-06-12 18:47:00,12.8
2025-06-12 11:07:00,51.2
2025-06-12 21:10:00,2.0
2025-06-12 03:46:00,23.2
2025-06-12 11:32:00,68.2
2025-06-12 02:34:00,35.8
2025-06-12 07:49:00,47.9
2025-06-12 13:19:00,64.2
2025-06-12 01:03:00,49.4
2025-06-12 13:54:00,94.9
2025-06-12 06:54:00,61.1
2025-06-12 17:03:00,81.7
2025-06-12 12:58:00,4.2
2025-06-12 20:17:00,62.8
2025-06-12 07:38:00,31.6
2025-06-12 06:44:00,24.8
2025-06-12 09:54:00,81.2
2025-06-12 11:24:00,14.9
2025-06-12 10:43:00,25.5
2025-06-12 17:35:00,50.41405513666353
2025-06-12 07:11:00,50.41405513666353
2025-06-12 17:21:00,27.4
2025-06-12 01:44:00,47.8
2025-06-12 09:39:00,63.2
2025-06-12 20:08:00,14.9
2025-06-12 16:38:00,13.3
2025-06-12 08:54:00,88.6
2025-06-12 15:35:00,47.7
2025-06-12 16:25:00,8.6
2025-06-12 02:05:00,74.9
2025-06-12 05:42:00,35.2
2025-06-12 06:59:00,50.41405513666353
2025-06-12 13:08:00,46.2
2025-06-12 23:14:00,43.7
2025-06-12 01:53:00,24.6
2025-06-12 22:09:00,64.0
2025-06-12 06:57:00,86.5
2025-06-12 04:53:00,50.41405513666353
2025-06-12 07:16:00,70.8
2025-06-12 21:56:00,69.7
2025-06-12 06:58:00,27.1
2025-06-12 20:33:00,61.5
2025-06-12 18:54:00,77.5
2025-06-12 13:20:00,23.5
2025-06-12 20:23:00,44.5
2025-06-12 03:44:00,50.41405513666353
2025-06-12 04:22:00,76.8
2025-06-12 23:43:00,5.6
2025-06-12 19:34:00,85.3
2025-06-12 18:38:00,46.4
2025-06-12 12:50:00,66.7
2025-06-12 02:51:00,66.2
2025-06-12 05:48:00,7.6
2025-06-12 20:46:00,20.1
2025-06-12 22:06:00,17.7
2025-06-12 03:36:00,84.0
2025-06-12 14:31:00,86.5
2025-06-12 02:21:00,50.41405513666353
2025-06-12 15:08:00,70.5
2025-06-12 05:26:00,74.1
2025-06-12 15:27:00,90.6
2025-06-12 00:25:00,0.4
2025-06-12 00:05:00,33.5
2025-06-12 07:13:00,37.8
2025-06-12 22:21:00,84.3
2025-06-12 00:38:00,17.6
2025-06-12 02:43:00,29.8
2025-06-12 20:26:00,50.41405513666353
2025-06-12 17:45:00,31.5
2025-06-12 21:05:00,67.5
2025-06-12 00:15:00,92.2
2025-06-12 15:22:00,88.5
2025-06-12 06:16:00,49.2
2025-06-12 15:47:00,15.1
2025-06-12 04:57:00,48.8
2025-06-12 13:46:00,53.9
2025-06-12 05:44:00,50.41405513666353
2025-06-12 07:18:00,50.41405513666353
2025-06-12 02:56:00,50.41405513666353
2025-06-12 14:22:00,68.5
2025-06-12 04:01:00,50.41405513666353
2025-06-12 22:37:00,26.7
2025-06-12 15:09:00,38.7
2025-06-12 20:37:00,59.4
2025-06-12 11:42:00,87.1
2025-06-12 14:51:00,50.41405513666353
2025-06-12 23:35:00,25.5
2025-06-12 12:10:00,41.5
2025-06-12 07:02:00,12.6
2025-06-12 02:59:00,59.2
2025-06-12 15:02:00,72.5
2025-06-12 00:21:00,0.0
2025-06-12 13:06:00,77.1
2025-06-12 23:06:00,45.4
2025-06-12 15:18:00,27.5
2025-06-12 00:33:00,30.5
2025-06-12 19:09:00,89.7
2025-06-12 06:01:00,73.5
2025-06-12 07:37:00,12.1
2025-06-12 22:50:00,3.3
2025-06-12 13:09:00,19.6
2025-06-12 02:17:00,94.8
2025-06-12 23:57:00,34.3
2025-06-12 06:40:00,35.0
2025-06-12 06:37:00,48.3
2025-06-12 22:42:00,74.7
2025-06-12 00:07:00,9.4
2025-06-12 17:37:00,79.8
2025-06-12 09:59:00,11.9
2025-06-12 12:23:00,96.2
2025-06-12 02:09:00,49.776157380139004
2025-06-12 00:24:00,8.4
2025-06-12 15:24:00,42.3
2025-06-12 01:11:00,6.2
2025-06-12 08:46:00,71.6
2025-06-12 07:13:00,43.7
2025-06-12 18:24:00,81.0
2025-06-12 14:10:00,47.0
2025-06-12 21:08:00,39.9
2025-06-12 07:03:00,14.3
2025-06-12 09:53:00,7.7
2025-06-12 21:58:00,67.5
2025-06-12 10:08:00,18.4
2025-06-12 09:01:00,46.7
2025-06-12 16:26:00,57.2
2025-06-12 09:31:00,27.5
2025-06-12 23:42:00,69.0
2025-06-12 03:30:00,43.6
2025-06-12 23:59:00,30.3
2025-06-12 13:16:00,25.4
2025-06-12 07:29:00,68.3
2025-06-12 22:14:00,49.776157380139004
2025-06-12 14:03:00,20.5
2025-06-12 02:01:00,56.2
2025-06-12 15:58:00,49.776157380139004
2025-06-12 13:21:00,26.8
2025-06-12 02:27:00,12.2
2025-06-12 19:32:00,13.6
2025-06-12 08:57:00,49.776157380139004
2025-06-12 06:55:00,91.5
2025-06-12 03:04:00,2.0
2025-06-12 05:27:00,53.6
2025-06-12 14:15:00,49.776157380139004
2025-06-12 10:14:00,24.5
2025-06-12 14:01:00,89.8
2025-06-12 17:23:00,49.776157380139004
2025-06-12 04:49:00,23.1
2025-06-12 21:09:00,70.8
2025-06-12 21:05:00,62.0
2025-06-12 14:34:00,44.4
2025-06-12 15:41:00,16.3
2025-06-12 13:52:00,78.6
2025-06-12 19:04:00,32.8
2025-06-12 15:01:00,41.9
2025-06-12 07:05:00,28.5
2025-06-12 00:46:00,49.776157380139004
2025-06-12 04:56:00,49.0
2025-06-12 12:16:00,45.0
2025-06-12 12:37:00,49.776157380139004
2025-06-12 13:28:00,44.2
2025-06-12 14:28:00,90.1
2025-06-12 04:37:00,66.8
2025-06-12 23:26:00,40.1
2025-06-12 10:03:00,49.776157380139004
2025-06-12 09:56:00,92.9
2025-06-12 13:31:00,9.0
2025-06-12 04:32:00,70.1
2025-06-12 23:18:00,43.2
2025-06-12 05:18:00,71.4
2025-06-12 07:50:00,95.4
2025-06-12 07:54:00,74.3
2025-06-12 00:17:00,28.7
2025-06-12 01:51:00,65.8
2025-06-12 17:55:00,56.7
2025-06-12 13:42:00,7.2
2025-06-12 13:04:00,59.7
2025-06-12 04:22:00,57.1
2025-06-12 12:18:00,45.2
2025-06-12 16:19:00,44.8
2025-06-12 18:37:00,29.5
2025-06-12 14:54:00,35.1
2025-06-12 20:31:00,87.7
2025-06-12 22:40:00,51.3
2025-06-12 10:43:00,99.5
2025-06-12 14:17:00,2.5
2025-06-12 12:33:00,90.9
2025-06-12 07:38:00,64.8
2025-06-12 23:43:00,25.6
2025-06-12 13:49:00,60.9
2025-06-12 15:35:00,49.776157380139004
2025-06-12 06:08:00,81.9
2025-06-12 01:35:00,49.776157380139004
2025-06-12 01:14:00,17.8
2025-06-12 08:45:00,47.4
2025-06-12 21:48:00,57.2
2025-06-12 07:28:00,88.3
2025-06-12 09:32:00,49.776157380139004
2025-06-12 18:30:00,49.776157380139004
2025-06-12 19:46:00,83.5
2025-06-12 21:35:00,34.0
2025-06-12 02:48:00,45.5
2025-06-12 09:27:00,34.9
2025-06-12 18:54:00,65.4
2025-06-12 08:00:00,70.3
2025-06-12 18:36:00,43.9
2025-06-12 20:23:00,19.8
2025-06-12 05:46:00,58.8
2025-06-12 04:41:00,34.3
2025-06-12 01:49:00,49.776157380139004
2025-06-12 02:07:00,23.1
2025-06-12 03:48:00,97.5
2025-06-12 11:21:00,22.0
2025-06-12 07:18:00,49.776157380139004
2025-06-12 12:28:00,62.7
2025-06-12 03:10:00,2.9
2025-06-12 23:19:00,72.6
2025-06-12 18:04:00,63.0
2025-06-12 22:30:00,39.9
2025-06-12 09:29:00,6.7
2025-06-12 06:15:00,0.5
2025-06-12 15:02:00,53.6
2025-06-12 03:20:00,79.8
2025-06-12 04:45:00,77.9
2025-06-12 17:31:00,50.8
2025-06-12 18:31:00,90.4
2025-06-12 17:50:00,16.9
2025-06-12 03:17:00,44.7
2025-06-12 12:13:00,54.7
2025-06-12 19:16:00,95.5
2025-06-12 11:35:00,38.1
2025-06-12 00:03:00,26.4
2025-06-12 06:35:00,87.0
2025-06-12 00:04:00,89.7
2025-06-12 17:05:00,32.9
2025-06-12 02:31:00,49.776157380139004
2025-06-12 01:17:00,21.2
2025-06-12 16:24:00,11.9
2025-06-12 04:19:00,16.4
2025-06-12 08:40:00,50.2
2025-06-12 13:08:00,70.6
2025-06-12 01:33:00,40.5
2025-06-12 18:03:00,96.1
2025-06-12 21:21:00,14.0
2025-06-12 15:45:00,66.7
2025-06-12 17:04:00,59.7
2025-06-12 16:39:00,44.5
2025-06-12 07:39:00,49.776157380139004
2025-06-12 04:30:00,85.1
2025-06-12 04:52:00,48.8
2025-06-12 21:18:00,29.3
2025-06-12 09:49:00,11.5
2025-06-12 17:46:00,58.0
2025-06-12 08:31:00,91.2
2025-06-12 13:19:00,91.0
2025-06-12 21:02:00,96.4
2025-06-12 15:28:00,4.4
2025-06-12 20:08:00,61.8
2025-06-12 17:11:00,91.8
2025-06-12 10:53:00,30.5
2025-06-12 15:32:00,49.776157380139004
2025-06-12 23:20:00,24.3
2025-06-12 20:34:00,28.7
2025-06-12 01:45:00,4.1
2025-06-12 13:00:00,49.776157380139004
2025-06-12 22:32:00,15.0
2025-06-12 12:19:00,49.776157380139004
2025-06-12 04:59:00,0.7
2025-06-12 18:19:00,24.0
2025-06-12 05:00:00,28.1
2025-06-12 00:57:00,49.776157380139004
2025-06-12 07:14:00,49.776157380139004
2025-06-12 19:48:00,5.3
2025-06-12 00:25:00,49.776157380139004
2025-06-12 00:28:00,73.1
2025-06-12 16:13:00,49.776157380139004
2025-06-12 20:49:00,15.2
2025-06-12 22:21:00,48.0
2025-06-12 14:36:00,79.4
2025-06-12 17:32:00,8.9
2025-06-12 15:50:00,44.1
2025-06-12 11:37:00,52.0
2025-06-12 10:52:00,42.7
2025-06-12 10:19:00,46.3
2025-06-12 00:32:00,57.4
2025-06-12 19:44:00,88.3
2025-06-12 19:12:00,95.1
2025-06-12 01:37:00,71.0
2025-06-12 20:20:00,90.9
2025-06-12 22:41:00,49.776157380139004
2025-06-12 21:54:00,50.0
2025-06-12 00:42:00,30.9
2025-06-12 23:35:00,49.776157380139004
2025-06-12 05:57:00,93.1
2025-06-12 20:24:00,83.6
2025-06-12 02:08:00,40.0
2025-06-12 01:27:00,98.0
2025-06-12 22:22:00,63.2
2025-06-12 22:48:00,49.776157380139004
2025-06-12 16:51:00,26.7
2025-06-12 13:17:00,1.1
2025-06-12 02:28:00,96.7
2025-06-12 14:08:00,66.5
2025-06-12 12:01:00,35.8
2025-06-12 08:39:00,85.8
2025-06-12 03:32:00,43.9
2025-06-12 00:22:00,64.2
2025-06-12 18:44:00,49.3
2025-06-12 11:10:00,51.8
2025-06-12 12:56:00,96.9
2025-06-12 06:33:00,85.8
2025-06-12 13:07:00,10.6
2025-06-12 11:47:00,90.3
2025-06-12 08:48:00,74.5
2025-06-12 13:58:00,52.7
2025-06-12 04:07:00,28.2
2025-06-12 06:36:00,98.7
2025-06-12 18:22:00,85.0
2025-06-12 22:03:00,49.776157380139004
2025-06-12 16:20:00,82.4
2025-06-12 12:08:00,23.7
2025-06-12 15:39:00,49.776157380139004
2025-06-12 05:31:00,49.3
2025-06-12 13:40:00,19.7
2025-06-12 22:37:00,95.4
2025-06-12 08:01:00,5.2
2025-06-12 20:00:00,19.9
2025-06-12 20:02:00,63.8
2025-06-12 14:20:00,62.3
2025-06-12 23:14:00,71.3
2025-06-12 04:38:00,43.0
2025-06-12 18:34:00,35.3
2025-06-12 21:51:00,19.5
2025-06-12 18:33:00,25.6
2025-06-12 20:16:00,49.776157380139004
2025-06-12 19:53:00,71.5
2025-06-12 10:16:00,36.0
2025-06-12 14:32:00,49.776157380139004
2025-06-12 00:00:00,68.3
2025-06-12 20:09:00,11.4
2025-06-12 17:02:00,85.9
2025-06-12 18:11:00,49.776157380139004
2025-06-12 05:11:00,56.1
2025-06-12 06:58:00,64.7
2025-06-12 21:17:00,67.2
2025-06-12 21:15:00,49.776157380139004
2025-06-12 15:23:00,49.1
2025-06-12 12:34:00,45.6
2025-06-12 04:06:00,66.8
2025-06-12 12:49:00,65.9
2025-06-12 04:54:00,3.3
2025-06-12 22:27:00,26.9
2025-06-12 06:03:00,58.2
2025-06-12 13:44:00,4.3
2025-06-12 19:23:00,11.1
2025-06-12 05:44:00,49.776157380139004
2025-06-12 21:56:00,34.9
2025-06-12 14:13:00,49.776157380139004
2025-06-12 10:35:00,3.4
2025-06-12 06:54:00,49.776157380139004
2025-06-12 18:50:00,65.8
2025-06-12 16:56:00,24.3
2025-06-12 04:29:00,77.6
2025-06-12 19:22:00,82.6
2025-06-12 21:13:00,3.9
2025-06-12 06:16:00,59.7
2025-06-12 18:38:00,49.776157380139004
2025-06-12 12:09:00,33.4
2025-06-12 13:39:00,72.2
2025-06-12 22:58:00,1.3
2025-06-12 19:27:00,8.8
2025-06-12 02:24:00,61.3
2025-06-12 13:11:00,59.5
2025-06-12 01:59:00,60.4
2025-06-12 06:17:00,31.1
2025-06-12 10:36:00,10.0
2025-06-12 19:51:00,98.8
2025-06-12 11:27:00,49.776157380139004
2025-06-12 14:04:00,84.5
2025-06-12 12:05:00,49.776157380139004
2025-06-12 14:29:00,62.6
2025-06-12 16:52:00,22.4
2025-06-12 16:06:00,74.1
2025-06-12 02:50:00,65.4
2025-06-12 23:09:00,92.5
2025-06-12 12:42:00,33.8
2025-06-12 01:29:00,46.9
2025-06-12 18:16:00,95.0
2025-06-12 07:13:00,35.6
2025-06-12 11:14:00,85.0
2025-06-12 15:09:00,49.81767540251498
2025-06-12 21:47:00,32.2
2025-06-12 18:36:00,12.9
2025-06-12 06:57:00,49.81767540251498
2025-06-12 13:26:00,18.0
2025-06-12 09:26:00,26.7
2025-06-12 22:24:00,84.6
2025-06-12 22:11:00,59.4
2025-06-12 23:13:00,35.1
2025-06-12 11:01:00,25.0
2025-06-12 09:32:00,6.9
2025-06-12 06:36:00,49.81767540251498
2025-06-12 23:05:00,71.4
2025-06-12 19:18:00,98.1
2025-06-12 16:37:00,17.1
2025-06-12 05:15:00,66.6
2025-06-12 17:51:00,49.81767540251498
2025-06-12 03:19:00,49.81767540251498
2025-06-12 18:07:00,33.9
2025-06-12 03:58:00,56.9
2025-06-12 16:19:00,49.81767540251498
2025-06-12 04:24:00,74.8
2025-06-12 07:18:00,93.8
2025-06-12 04:13:00,38.3
2025-06-12 07:24:00,72.4
2025-06-12 20:54:00,69.4
2025-06-12 23:57:00,64.6
2025-06-12 22:44:00,83.6
2025-06-12 02:56:00,66.7
2025-06-12 10:59:00,31.8
2025-06-12 04:28:00,71.6
2025-06-12 12:40:00,55.2
2025-06-12 06:40:00,24.5
2025-06-12 23:53:00,29.2
2025-06-12 20:52:00,33.1
2025-06-12 06:37:00,49.81767540251498
2025-06-12 18:34:00,29.3
2025-06-12 01:45:00,40.5
2025-06-12 11:33:00,31.4
2025-06-12 00:31:00,87.1
2025-06-12 06:19:00,41.8
2025-06-12 17:02:00,0.4
2025-06-12 05:43:00,0.3
2025-06-12 01:16:00,49.81767540251498
2025-06-12 12:30:00,47.9
2025-06-12 04:01:00,35.4
2025-06-12 23:34:00,11.3
2025-06-12 21:48:00,38.5
2025-06-12 13:37:00,60.0
2025-06-12 07:33:00,50.4
2025-06-12 02:22:00,20.3
2025-06-12 08:38:00,95.0
2025-06-12 02:33:00,49.81767540251498
2025-06-12 14:05:00,27.1
2025-06-12 19:53:00,82.6
2025-06-12 07:51:00,24.2
2025-06-12 19:38:00,48.5
2025-06-12 19:43:00,44.9
2025-06-12 11:57:00,40.0
2025-06-12 03:53:00,74.3
2025-06-12 01:59:00,49.81767540251498
2025-06-12 08:47:00,49.81767540251498
2025-06-12 02:59:00,35.5
2025-06-12 09:59:00,92.4
2025-06-12 10:26:00,15.8
2025-06-12 23:02:00,70.6
2025-06-12 07:35:00,35.9
2025-06-12 03:14:00,30.4
2025-06-12 20:04:00,59.2
2025-06-12 08:34:00,69.0
2025-06-12 08:07:00,49.81767540251498
2025-06-12 14:08:00,13.7
2025-06-12 06:38:00,12.3
2025-06-12 07:11:00,88.7
2025-06-12 00:35:00,63.8
2025-06-12 22:07:00,33.9
2025-06-12 12:29:00,72.2
2025-06-12 23:51:00,60.1
2025-06-12 15:00:00,49.81767540251498
2025-06-12 16:03:00,77.7
2025-06-12 16:07:00,30.1
2025-06-12 07:30:00,37.7
2025-06-12 14:03:00,98.8
2025-06-12 21:23:00,49.81767540251498
2025-06-12 16:40:00,97.1
2025-06-12 11:36:00,29.3
2025-06-12 09:20:00,65.9
2025-06-12 19:21:00,99.3
2025-06-12 07:15:00,3.8
2025-06-12 11:43:00,25.0
2025-06-12 23:30:00,66.8
2025-06-12 01:35:00,42.8
2025-06-12 07:45:00,55.2
2025-06-12 01:30:00,68.1
2025-06-12 06:53:00,31.0
2025-06-12 20:45:00,62.4
2025-06-12 01:56:00,69.0
2025-06-12 06:05:00,28.4
2025-06-12 13:48:00,27.4
2025-06-12 07:27:00,48.4
2025-06-12 20:16:00,82.9
2025-06-12 18:19:00,26.8
2025-06-12 10:05:00,43.6
2025-06-12 07:57:00,78.1
2025-06-12 05:59:00,3.8
2025-06-12 23:01:00,90.4
2025-06-12 00:54:00,99.2
2025-06-12 17:57:00,60.7
2025-06-12 00:11:00,49.5
2025-06-12 01:20:00,37.0
2025-06-12 20:59:00,54.7
2025-06-12 09:09:00,49.81767540251498
2025-06-12 02:10:00,7.9
2025-06-12 05:28:00,81.9
2025-06-12 12:22:00,19.2
2025-06-12 22:57:00,67.7
2025-06-12 12:19:00,28.8
2025-06-12 16:17:00,23.1
2025-06-12 03:39:00,19.0
2025-06-12 08:29:00,56.6
2025-06-12 19:15:00,94.9
2025-06-12 13:16:00,83.0
2025-06-12 20:53:00,96.6
2025-06-12 14:09:00,80.5
2025-06-12 16:34:00,49.81767540251498
2025-06-12 12:45:00,88.0
2025-06-12 04:25:00,39.7
2025-06-12 09:19:00,32.5
2025-06-12 14:29:00,52.8
2025-06-12 05:19:00,8.5
2025-06-12 16:14:00,52.2
2025-06-12 01:28:00,40.7
2025-06-12 08:57:00,84.7
2025-06-12 08:25:00,39.8
2025-06-12 21:32:00,39.3
2025-06-12 10:03:00,7.9
2025-06-12 07:47:00,5.4
2025-06-12 17:44:00,95.8
2025-06-12 18:02:00,49.81767540251498
2025-06-12 14:28:00,69.3
2025-06-12 17:23:00,49.81767540251498
2025-06-12 07:52:00,32.4
2025-06-12 11:00:00,72.1
2025-06-12 23:21:00,52.7
2025-06-12 04:35:00,46.2
2025-06-12 17:19:00,79.4
2025-06-12 07:55:00,49.81767540251498
2025-06-12 02:36:00,49.81767540251498
2025-06-12 04:11:00,12.9
2025-06-12 01:11:00,83.6
2025-06-12 00:07:00,51.8
2025-06-12 08:33:00,49.81767540251498
2025-06-12 16:11:00,1.5
2025-06-12 01:26:00,40.2
2025-06-12 21:20:00,45.6
2025-06-12 13:54:00,14.0
2025-06-12 11:39:00,69.6
2025-06-12 16:20:00,49.81767540251498
2025-06-12 14:58:00,82.4
2025-06-12 10:15:00,67.1
2025-06-12 13:41:00,81.0
2025-06-12 01:15:00,49.81767540251498
2025-06-12 11:40:00,92.1
2025-06-12 09:03:00,88.1
2025-06-12 03:09:00,18.5
2025-06-12 03:15:00,20.1
2025-06-12 12:26:00,29.5
2025-06-12 04:52:00,49.81767540251498
2025-06-12 19:32:00,61.0
2025-06-12 19:02:00,54.3
2025-06-12 09:29:00,72.6
2025-06-12 02:43:00,72.5
2025-06-12 00:19:00,84.5
2025-06-12 20:57:00,50.7
2025-06-12 00:10:00,25.9
2025-06-12 20:15:00,90.8
2025-06-12 13:34:00,13.7
2025-06-12 04:34:00,7.4
2025-06-12 20:11:00,49.81767540251498
2025-06-12 13:21:00,49.81767540251498
2025-06-12 23:00:00,47.1
2025-06-12 05:12:00,82.0
2025-06-12 12:49:00,26.1
2025-06-12 16:38:00,49.81767540251498
2025-06-12 16:27:00,49.81767540251498
2025-06-12 21:40:00,26.9
2025-06-12 05:25:00,53.2
2025-06-12 01:44:00,95.3
2025-06-12 22:58:00,96.4
2025-06-12 08:05:00,15.6
2025-06-12 22:59:00,49.81767540251498
2025-06-12 22:49:00,67.9
2025-06-12 21:02:00,49.81767540251498
2025-06-12 11:58:00,86.8
2025-06-12 06:23:00,58.9
2025-06-12 11:26:00,49.81767540251498
2025-06-12 09:11:00,62.5
2025-06-12 21:37:00,81.4
2025-06-12 16:55:00,49.81767540251498
2025-06-12 02:03:00,93.7
2025-06-12 13:51:00,47.8
2025-06-12 01:33:00,86.0
2025-06-12 18:06:00,0.6
2025-06-12 19:23:00,49.81767540251498
2025-06-12 18:35:00,13.1
2025-06-12 08:44:00,23.1
2025-06-12 05:50:00,49.81767540251498
2025-06-12 14:06:00,95.1
2025-06-12 05:42:00,98.3
2025-06-12 00:18:00,60.7
2025-06-12 21:16:00,7.2
2025-06-12 19:24:00,61.6
2025-06-12 08:00:00,70.3
2025-06-12 01:25:00,58.1
2025-06-12 02:27:00,49.81767540251498
2025-06-12 05:33:00,24.8
2025-06-12 10:55:00,45.4
2025-06-12 18:55:00,63.7
2025-06-12 23:55:00,49.81767540251498
2025-06-12 12:58:00,49.81767540251498
2025-06-12 06:22:00,49.81767540251498
2025-06-12 09:21:00,94.4
2025-06-12 17:15:00,48.1
2025-06-12 16:29:00,0.6
2025-06-12 13:35:00,87.0
2025-06-12 20:34:00,92.1
2025-06-12 14:36:00,40.7
2025-06-12 00:21:00,24.2
2025-06-12 17:03:00,21.6
2025-06-12 01:54:00,91.9
2025-06-12 16:59:00,34.7
2025-06-12 18:50:00,7.6
2025-06-12 09:13:00,10.8
2025-06-12 23:48:00,35.9
2025-06-12 16:04:00,54.8
2025-06-12 20:08:00,89.1
2025-06-12 19:47:00,66.8
2025-06-12 18:00:00,0.4
2025-06-12 10:14:00,23.3
2025-06-12 04:51:00,86.6
2025-06-12 17:49:00,16.7
2025-06-12 05:24:00,93.4
2025-06-12 16:42:00,9.7
2025-06-12 12:01:00,80.0
2025-06-12 12:15:00,91.9
2025-06-12 14:24:00,49.81767540251498
2025-06-12 11:12:00,37.3
2025-06-12 23:40:00,61.1
2025-06-12 09:05:00,97.0
2025-06-12 15:48:00,62.2
2025-06-12 17:10:00,49.81767540251498
2025-06-12 01:52:00,51.0
2025-06-12 06:35:00,49.81767540251498
2025-06-12 22:10:00,88.7
2025-06-12 17:46:00,39.0
2025-06-12 23:22:00,79.3
2025-06-12 14:19:00,98.6
2025-06-12 10:10:00,80.5
2025-06-12 23:16:00,49.81767540251498
2025-06-12 18:53:00,49.81767540251498
2025-06-12 03:11:00,94.2
2025-06-12 02:08:00,76.4
2025-06-12 10:52:00,49.81767540251498
2025-06-12 13:45:00,56.1
2025-06-12 19:00:00,49.81767540251498
2025-06-12 06:00:00,55.3
2025-06-12 08:48:00,66.0
2025-06-12 11:13:00,49.81767540251498
2025-06-12 09:24:00,32.6
2025-06-12 23:27:00,49.81767540251498
2025-06-12 00:55:00,36.8
2025-06-12 12:35:00,72.6
2025-06-12 11:15:00,49.81767540251498
2025-06-12 10:49:00,49.9
2025-06-12 21:14:00,67.2
2025-06-12 03:22:00,13.4
2025-06-12 17:53:00,49.81767540251498
2025-06-12 22:05:00,89.1
2025-06-12 08:30:00,96.2
2025-06-12 13:07:00,83.5
2025-06-12 08:24:00,13.9
2025-06-12 03:16:00,0.0
2025-06-12 09:34:00,39.1
2025-06-12 06:21:00,71.6
2025-06-12 17:47:00,69.1
2025-06-12 15:05:00,66.2
2025-06-12 20:50:00,47.9
2025-06-12 17:13:00,49.81767540251498
2025-06-12 15:43:00,37.4
2025-06-12 21:54:00,49.81767540251498
2025-06-12 18:10:00,64.2
2025-06-12 04:18:00,16.8
2025-06-12 14:42:00,12.8
2025-06-12 04:03:00,50.0
2025-06-12 23:45:00,77.5
2025-06-12 01:58:00,49.81767540251498
2025-06-12 14:44:00,59.0
2025-06-12 08:50:00,9.0
2025-06-12 06:54:00,74.9
2025-06-12 18:23:00,96.8
2025-06-12 10:41:00,67.6
2025-06-12 13:10:00,64.9
2025-06-12 10:44:00,24.0
2025-06-12 07:32:00,65.7
2025-06-12 21:58:00,49.81767540251498
2025-06-12 17:22:00,10.9
2025-06-12 13:20:00,86.8
2025-06-12 08:04:00,14.1
2025-06-12 00:08:00,68.7
2025-06-12 03:52:00,49.791111632270166
2025-06-12 19:00:00,66.4
2025-06-12 17:02:00,94.5
2025-06-12 11:04:00,49.791111632270166
2025-06-12 11:44:00,19.2
2025-06-12 05:43:00,5.3
2025-06-12 01:16:00,16.2
2025-06-12 00:39:00,66.1
2025-06-12 10:17:00,32.6
2025-06-12 18:01:00,72.4
2025-06-12 17:29:00,75.5
2025-06-12 03:48:00,60.8
2025-06-12 20:25:00,49.791111632270166
2025-06-12 12:11:00,73.2
2025-06-12 22:03:00,71.1
2025-06-12 00:32:00,26.3
2025-06-12 20:32:00,53.5
2025-06-12 05:39:00,11.0
2025-06-12 01:02:00,96.9
2025-06-12 21:10:00,44.1
2025-06-12 02:02:00,13.5
2025-06-12 15:38:00,11.1
2025-06-12 23:00:00,88.7
2025-06-12 03:53:00,49.791111632270166
2025-06-12 03:29:00,52.7
2025-06-12 11:59:00,56.7
2025-06-12 23:12:00,6.6
2025-06-12 19:55:00,79.4
2025-06-12 11:33:00,31.0
2025-06-12 09:57:00,46.2
2025-06-12 07:01:00,93.4
2025-06-12 18:18:00,7.0
2025-06-12 03:04:00,80.4
2025-06-12 14:11:00,49.791111632270166
2025-06-12 21:14:00,72.2
2025-06-12 21:50:00,62.0
2025-06-12 04:00:00,25.7
2025-06-12 18:36:00,94.9
2025-06-12 20:52:00,1.3
2025-06-12 17:10:00,94.6
2025-06-12 19:47:00,41.5
2025-06-12 19:42:00,49.791111632270166
2025-06-12 14:45:00,78.4
2025-06-12 12:35:00,60.3
2025-06-12 17:47:00,46.8
2025-06-12 21:33:00,62.1
2025-06-12 08:40:00,42.6
2025-06-12 20:16:00,97.5
2025-06-12 04:38:00,90.2
2025-06-12 03:20:00,49.791111632270166
2025-06-12 09:42:00,99.8
2025-06-12 12:40:00,53.9
2025-06-12 13:15:00,40.8
2025-06-12 13:47:00,23.9
2025-06-12 16:55:00,49.791111632270166
2025-06-12 18:40:00,27.4
2025-06-12 21:25:00,49.791111632270166
2025-06-12 06:04:00,49.791111632270166
2025-06-12 23:16:00,60.0
2025-06-12 02:58:00,52.6
2025-06-12 12:39:00,25.6
2025-06-12 12:44:00,49.791111632270166
2025-06-12 04:09:00,43.1
2025-06-12 14:56:00,94.6
2025-06-12 03:42:00,64.8
2025-06-12 13:59:00,49.791111632270166
2025-06-12 05:22:00,33.5
2025-06-12 03:36:00,49.791111632270166
2025-06-12 10:07:00,7.0
2025-06-12 02:10:00,12.3
2025-06-12 19:36:00,20.7
2025-06-12 13:14:00,35.2
2025-06-12 19:33:00,43.3
2025-06-12 03:19:00,73.5
2025-06-12 20:12:00,40.9
2025-06-12 10:28:00,43.1
2025-06-12 02:04:00,82.3
2025-06-12 04:41:00,59.2
2025-06-12 22:57:00,51.9
2025-06-12 13:05:00,47.6
2025-06-12 19:38:00,22.2
2025-06-12 12:09:00,44.5
2025-06-12 16:53:00,35.8
2025-06-12 19:57:00,59.1
2025-06-12 11:18:00,68.2
2025-06-12 15:56:00,87.9
2025-06-12 22:53:00,49.791111632270166
2025-06-12 22:36:00,2.6
2025-06-12 00:07:00,78.5
2025-06-12 02:59:00,12.5
2025-06-12 10:20:00,15.2
2025-06-12 00:04:00,10.9
2025-06-12 09:09:00,89.3
2025-06-12 01:40:00,49.791111632270166
2025-06-12 03:09:00,9.3
2025-06-12 22:54:00,4.9
2025-06-12 01:49:00,40.0
2025-06-12 02:13:00,15.7
2025-06-12 08:03:00,49.791111632270166
2025-06-12 05:50:00,14.5
2025-06-12 14:30:00,2.0
2025-06-12 06:43:00,46.3
2025-06-12 06:59:00,3.6
2025-06-12 19:02:00,3.7
2025-06-12 07:10:00,73.2
2025-06-12 01:45:00,8.7
2025-06-12 08:06:00,60.3
2025-06-12 05:01:00,22.9
2025-06-12 15:07:00,13.9
2025-06-12 19:40:00,62.0
2025-06-12 03:00:00,67.5
2025-06-12 23:01:00,69.4
2025-06-12 06:52:00,2.6
2025-06-12 11:10:00,94.2
2025-06-12 20:09:00,83.9
2025-06-12 11:26:00,61.2
2025-06-12 14:01:00,20.7
2025-06-12 07:34:00,42.5
2025-06-12 17:59:00,59.6
2025-06-12 06:56:00,54.9
2025-06-12 05:41:00,34.9
2025-06-12 21:47:00,95.1
2025-06-12 21:08:00,49.791111632270166
2025-06-12 16:05:00,67.3
2025-06-12 06:38:00,74.0
2025-06-12 16:21:00,30.4
2025-06-12 21:11:00,16.8
2025-06-12 20:39:00,57.8
2025-06-12 07:59:00,65.4
2025-06-12 16:50:00,60.8
2025-06-12 06:18:00,18.7
2025-06-12 13:57:00,16.4
2025-06-12 06:41:00,49.791111632270166
2025-06-12 19:19:00,41.1
2025-06-12 09:24:00,7.2
2025-06-12 05:54:00,19.2
2025-06-12 12:16:00,49.791111632270166
2025-06-12 05:34:00,10.5
2025-06-12 12:59:00,82.6
2025-06-12 16:39:00,40.0
2025-06-12 03:08:00,83.1
2025-06-12 23:38:00,51.9
2025-06-12 17:30:00,21.2
2025-06-12 01:47:00,75.5
2025-06-12 02:55:00,59.2
2025-06-12 05:18:00,58.0
2025-06-12 08:51:00,54.1
2025-06-12 11:55:00,50.0
2025-06-12 02:52:00,49.791111632270166
2025-06-12 00:38:00,64.8
2025-06-12 04:25:00,77.8
2025-06-12 15:06:00,6.0
2025-06-12 08:27:00,49.791111632270166
2025-06-12 04:49:00,61.2
2025-06-12 12:13:00,45.7
2025-06-12 20:17:00,12.7
2025-06-12 23:02:00,67.0
2025-06-12 02:01:00,49.791111632270166
2025-06-12 23:14:00,73.9
2025-06-12 19:43:00,63.4
2025-06-12 23:44:00,30.1
2025-06-12 10:23:00,30.5
2025-06-12 02:51:00,33.7
2025-06-12 16:25:00,99.8
2025-06-12 14:57:00,54.2
2025-06-12 19:54:00,28.3
2025-06-12 06:32:00,21.6
2025-06-12 22:08:00,95.5
2025-06-12 07:36:00,49.791111632270166
2025-06-12 06:33:00,29.6
2025-06-12 15:17:00,49.791111632270166
2025-06-12 10:35:00,39.4
2025-06-12 00:10:00,14.8
2025-06-12 20:08:00,96.7
2025-06-12 02:28:00,24.0
2025-06-12 00:00:00,99.6
2025-06-12 07:37:00,76.9
2025-06-12 06:21:00,46.7
2025-06-12 11:05:00,70.1
2025-06-12 04:47:00,97.8
2025-06-12 06:03:00,79.9
2025-06-12 00:20:00,42.9
2025-06-12 11:35:00,31.1
2025-06-12 07:05:00,36.3
2025-06-12 06:53:00,49.791111632270166
2025-06-12 18:03:00,84.5
2025-06-12 14:23:00,38.1
2025-06-12 02:54:00,68.0
2025-06-12 06:00:00,72.1
2025-06-12 19:23:00,97.0
2025-06-12 16:46:00,49.791111632270166
2025-06-12 17:43:00,49.791111632270166
2025-06-12 18:05:00,21.8
2025-06-12 05:40:00,90.5
2025-06-12 13:33:00,49.791111632270166
2025-06-12 18:52:00,6.2
2025-06-12 16:09:00,14.2
2025-06-12 03:31:00,19.6
2025-06-12 09:06:00,86.6
2025-06-12 10:37:00,77.7
2025-06-12 22:24:00,39.8
2025-06-12 06:11:00,2.8
2025-06-12 08:17:00,49.791111632270166
2025-06-12 21:32:00,80.5
2025-06-12 01:31:00,46.0
2025-06-12 15:20:00,49.791111632270166
2025-06-12 01:58:00,80.2
2025-06-12 12:43:00,17.6
2025-06-12 19:22:00,98.7
2025-06-12 07:06:00,49.791111632270166
2025-06-12 02:20:00,29.1
2025-06-12 19:41:00,66.7
2025-06-12 02:08:00,49.791111632270166
2025-06-12 04:34:00,74.3
2025-06-12 02:30:00,49.791111632270166
2025-06-12 04:31:00,95.1
2025-06-12 19:37:00,96.2
2025-06-12 10:15:00,9.7
2025-06-12 18:56:00,66.8
2025-06-12 14:16:00,68.7
2025-06-12 05:56:00,39.5
2025-06-12 18:17:00,51.1
2025-06-12 16:31:00,6.5
2025-06-12 13:31:00,49.791111632270166
2025-06-12 23:41:00,82.8
2025-06-12 11:08:00,49.791111632270166
2025-06-12 12:52:00,95.4
2025-06-12 19:53:00,49.791111632270166
2025-06-12 22:22:00,99.8
2025-06-12 16:11:00,69.6
2025-06-12 20:26:00,6.1
2025-06-12 08:38:00,46.3
2025-06-12 17:56:00,5.3
2025-06-12 09:43:00,20.7
2025-06-12 22:40:00,49.791111632270166
2025-06-12 10:34:00,44.4
2025-06-12 02:21:00,47.8
2025-06-12 19:49:00,76.4
2025-06-12 09:04:00,14.1
2025-06-12 12:21:00,89.8
2025-06-12 21:02:00,53.0
2025-06-12 10:04:00,28.0
2025-06-12 09:40:00,2.5
2025-06-12 12:56:00,49.791111632270166
2025-06-12 23:10:00,61.8
2025-06-12 20:43:00,7.9
2025-06-12 10:59:00,1.7
2025-06-12 12:46:00,16.1
2025-06-12 08:56:00,33.5
2025-06-12 09:46:00,72.9
2025-06-12 09:05:00,4.5
2025-06-12 15:00:00,63.5
2025-06-12 23:23:00,91.3
2025-06-12 07:22:00,70.6
2025-06-12 01:33:00,5.6
2025-06-12 15:31:00,55.3
2025-06-12 16:42:00,97.9
2025-06-12 19:15:00,65.5
2025-06-12 06:01:00,4.8
2025-06-12 23:35:00,59.7
2025-06-12 12:08:00,36.0
2025-06-12 16:36:00,98.5
2025-06-12 21:21:00,73.0
2025-06-12 08:13:00,6.6
2025-06-12 07:43:00,77.0
2025-06-12 09:55:00,17.6
2025-06-12 13:10:00,52.4
2025-06-12 08:25:00,55.2
2025-06-12 18:30:00,38.6
2025-06-12 03:23:00,94.1
2025-06-12 04:55:00,49.6
2025-06-12 07:53:00,88.5
2025-06-12 02:34:00,2.5
2025-06-12 13:01:00,14.4
2025-06-12 16:10:00,29.1
2025-06-12 14:24:00,50.406503298774744
2025-06-12 00:26:00,9.9
2025-06-12 04:16:00,6.6
2025-06-12 23:43:00,5.8
2025-06-12 03:41:00,50.406503298774744
2025-06-12 15:06:00,79.8
2025-06-12 14:46:00,64.5
2025-06-12 10:46:00,56.3
2025-06-12 00:29:00,64.9
2025-06-12 11:11:00,50.406503298774744
2025-06-12 02:19:00,50.406503298774744
2025-06-12 04:35:00,41.3
2025-06-12 00:52:00,50.406503298774744
2025-06-12 01:34:00,50.406503298774744
2025-06-12 04:40:00,78.6
2025-06-12 14:08:00,12.0
2025-06-12 12:35:00,18.0
2025-06-12 19:37:00,50.406503298774744
2025-06-12 19:29:00,68.8
2025-06-12 08:54:00,15.7
2025-06-12 14:31:00,38.8
2025-06-12 00:28:00,9.4
2025-06-12 11:38:00,1.4
2025-06-12 19:58:00,58.7
2025-06-12 07:37:00,41.8
2025-06-12 00:15:00,43.6
2025-06-12 18:59:00,78.5
2025-06-12 02:51:00,49.8
2025-06-12 11:59:00,78.8
2025-06-12 21:50:00,35.5
2025-06-12 07:56:00,50.406503298774744
2025-06-12 16:18:00,3.7
2025-06-12 17:00:00,18.3
2025-06-12 13:49:00,50.406503298774744
2025-06-12 03:46:00,89.8
2025-06-12 03:33:00,44.2
2025-06-12 17:39:00,50.406503298774744
2025-06-12 20:54:00,50.406503298774744
2025-06-12 13:16:00,90.7
2025-06-12 13:33:00,18.6
2025-06-12 06:13:00,18.3
2025-06-12 09:29:00,50.406503298774744
2025-06-12 12:24:00,34.7
2025-06-12 12:00:00,1.1
2025-06-12 07:11:00,50.406503298774744
2025-06-12 20:23:00,38.5
2025-06-12 06:53:00,92.9
2025-06-12 03:43:00,57.1
2025-06-12 09:23:00,30.6
2025-06-12 21:35:00,95.8
2025-06-12 00:59:00,25.9
2025-06-12 01:08:00,50.406503298774744
2025-06-12 06:30:00,50.406503298774744
2025-06-12 02:14:00,60.5
2025-06-12 19:52:00,33.0
2025-06-12 01:52:00,60.5
2025-06-12 03:48:00,50.406503298774744
2025-06-12 21:36:00,50.406503298774744
2025-06-12 15:29:00,50.406503298774744
2025-06-12 15:47:00,95.2
2025-06-12 14:35:00,84.7
2025-06-12 11:01:00,90.6
2025-06-12 03:11:00,65.3
2025-06-12 19:45:00,0.3
2025-06-12 04:36:00,73.9
2025-06-12 02:40:00,50.406503298774744
2025-06-12 23:10:00,69.9
2025-06-12 02:37:00,70.4
2025-06-12 12:36:00,40.7
2025-06-12 18:07:00,11.8
2025-06-12 03:40:00,78.0
2025-06-12 11:08:00,2.8
2025-06-12 01:02:00,50.406503298774744
2025-06-12 16:00:00,65.5
2025-06-12 15:50:00,30.2
2025-06-12 07:48:00,50.406503298774744
2025-06-12 22:36:00,19.7
2025-06-12 01:33:00,63.7
2025-06-12 08:59:00,91.8
2025-06-12 21:52:00,50.406503298774744
2025-06-12 11:21:00,82.5
2025-06-12 20:03:00,57.5
2025-06-12 11:22:00,50.406503298774744
2025-06-12 08:18:00,65.0
2025-06-12 15:14:00,14.0
2025-06-12 19:17:00,21.9
2025-06-12 17:06:00,50.406503298774744
2025-06-12 23:57:00,86.0
2025-06-12 02:06:00,65.7
2025-06-12 12:39:00,53.4
2025-06-12 05:13:00,68.2
2025-06-12 09:16:00,77.1
2025-06-12 21:01:00,48.1
2025-06-12 16:38:00,86.5
2025-06-12 08:52:00,13.8
2025-06-12 15:38:00,51.1
2025-06-12 06:20:00,4.0
2025-06-12 14:26:00,50.406503298774744
2025-06-12 01:15:00,37.7
2025-06-12 18:16:00,80.9
2025-06-12 03:15:00,4.0
2025-06-12 04:53:00,35.3
2025-06-12 02:36:00,73.9
2025-06-12 16:23:00,48.5
2025-06-12 14:44:00,15.7
2025-06-12 13:11:00,50.406503298774744
2025-06-12 04:48:00,74.7
2025-06-12 00:35:00,11.4
2025-06-12 07:55:00,64.2
2025-06-12 08:36:00,58.9
2025-06-12 21:47:00,75.3
2025-06-12 01:46:00,84.2
2025-06-12 09:18:00,76.1
2025-06-12 06:14:00,81.1
2025-06-12 04:14:00,50.406503298774744
2025-06-12 02:47:00,50.406503298774744
2025-06-12 16:14:00,92.7
2025-06-12 03:38:00,18.5
2025-06-12 14:18:00,8.7
2025-06-12 12:49:00,15.6
2025-06-12 17:46:00,83.0
2025-06-12 13:24:00,45.7
2025-06-12 21:43:00,83.8
2025-06-12 17:35:00,50.406503298774744
2025-06-12 02:33:00,50.406503298774744
2025-06-12 16:05:00,50.406503298774744
2025-06-12 19:19:00,2.5
2025-06-12 13:45:00,13.1
2025-06-12 22:15:00,37.6
2025-06-12 21:07:00,89.2
2025-06-12 23:15:00,8.2
2025-06-12 22:40:00,99.2
2025-06-12 04:32:00,73.1
2025-06-12 14:34:00,50.406503298774744
2025-06-12 08:03:00,13.4
2025-06-12 01:06:00,10.7
2025-06-12 03:57:00,27.5
2025-06-12 20:00:00,5.0
2025-06-12 11:41:00,90.6
2025-06-12 14:58:00,23.3
2025-06-12 02:59:00,13.6
2025-06-12 05:41:00,74.9
2025-06-12 13:34:00,45.4
2025-06-12 23:32:00,3.3
2025-06-12 01:00:00,31.1
2025-06-12 02:07:00,32.9
2025-06-12 16:33:00,21.9
2025-06-12 16:06:00,37.8
2025-06-12 20:24:00,16.7
2025-06-12 04:29:00,14.5
2025-06-12 12:44:00,50.406503298774744
2025-06-12 14:19:00,91.1
2025-06-12 17:30:00,76.7
2025-06-12 14:42:00,15.2
2025-06-12 08:00:00,21.7
2025-06-12 14:20:00,17.6
2025-06-12 15:31:00,0.1
2025-06-12 19:55:00,88.7
2025-06-12 11:28:00,50.406503298774744
2025-06-12 05:50:00,7.3
2025-06-12 08:23:00,64.9
2025-06-12 21:44:00,50.406503298774744
2025-06-12 14:11:00,80.4
2025-06-12 09:06:00,31.1
2025-06-12 06:12:00,80.0
2025-06-12 00:38:00,27.0
2025-06-12 15:46:00,50.406503298774744
2025-06-12 07:57:00,12.3
2025-06-12 02:39:00,53.5
2025-06-12 06:15:00,58.9
2025-06-12 19:04:00,46.3
2025-06-12 23:44:00,61.2
2025-06-12 00:49:00,22.6
2025-06-12 13:14:00,23.4
2025-06-12 01:37:00,30.3
2025-06-12 22:27:00,14.6
2025-06-12 17:57:00,23.7
2025-06-12 18:34:00,48.1
2025-06-12 04:51:00,31.6
2025-06-12 18:49:00,50.406503298774744
2025-06-12 03:05:00,28.8
2025-06-12 23:47:00,50.406503298774744
2025-06-12 09:14:00,50.406503298774744
2025-06-12 14:41:00,92.7
2025-06-12 16:21:00,52.3
2025-06-12 07:16:00,78.2
2025-06-12 19:20:00,78.3
2025-06-12 04:00:00,95.4
2025-06-12 14:50:00,79.5
2025-06-12 18:40:00,2.5
2025-06-12 18:15:00,79.0
2025-06-12 02:48:00,45.1
2025-06-12 13:28:00,4.5
2025-06-12 11:32:00,20.6
2025-06-12 21:17:00,35.7
2025-06-12 22:23:00,45.4
2025-06-12 09:10:00,33.8
2025-06-12 13:26:00,99.2
2025-06-12 05:15:00,39.6
2025-06-12 23:34:00,21.0
2025-06-12 23:22:00,50.406503298774744
2025-06-12 07:28:00,50.406503298774744
2025-06-12 11:13:00,76.6
2025-06-12 22:17:00,57.3
2025-06-12 07:44:00,50.406503298774744
2025-06-12 20:55:00,67.9
2025-06-12 10:57:00,69.6
2025-06-12 22:16:00,83.6
2025-06-12 03:06:00,30.0
2025-06-12 15:40:00,50.406503298774744
2025-06-12 21:03:00,49.1
2025-06-12 20:20:00,42.1
2025-06-12 09:22:00,50.0
2025-06-12 14:21:00,6.1
2025-06-12 11:54:00,69.3
2025-06-12 18:25:00,51.0
2025-06-12 21:46:00,1.3
2025-06-12 00:34:00,47.8
2025-06-12 08:39:00,78.5
2025-06-12 19:57:00,42.9
2025-06-12 06:39:00,60.8
2025-06-12 20:51:00,28.3
2025-06-12 19:15:00,77.6
2025-06-12 09:53:00,65.7
2025-06-12 14:04:00,74.4
2025-06-12 01:14:00,19.7
2025-06-12 22:55:00,81.2
2025-06-12 00:13:00,21.4
2025-06-12 02:20:00,15.2
2025-06-12 00:24:00,99.7
2025-06-12 08:35:00,8.2
2025-06-12 18:14:00,81.8
2025-06-12 04:41:00,49.0
2025-06-12 23:53:00,76.7
2025-06-12 12:52:00,50.406503298774744
2025-06-12 19:44:00,48.3
2025-06-12 14:07:00,99.7
2025-06-12 04:05:00,93.2
2025-06-12 04:38:00,50.406503298774744
2025-06-12 10:48:00,97.8
2025-06-12 10:31:00,50.406503298774744
2025-06-12 13:31:00,50.406503298774744
2025-06-12 05:03:00,21.8
2025-06-12 12:56:00,46.2
2025-06-12 11:48:00,77.5
2025-06-12 06:08:00,50.406503298774744
2025-06-12 12:20:00,62.4
2025-06-12 22:48:00,22.0
2025-06-12 17:42:00,13.4
2025-06-12 07:54:00,35.9
2025-06-12 04:04:00,23.1
2025-06-12 02:49:00,73.7
2025-06-12 00:36:00,71.1
2025-06-12 03:31:00,10.1
2025-06-12 04:37:00,28.5
2025-06-12 11:26:00,35.3
2025-06-12 13:04:00,95.6
2025-06-12 12:47:00,46.3
2025-06-12 18:00:00,77.9
2025-06-12 05:18:00,79.3
2025-06-12 06:55:00,70.3
2025-06-12 07:12:00,92.7
2025-06-12 18:33:00,85.0
2025-06-12 08:12:00,21.0
2025-06-12 22:09:00,77.8
2025-06-12 05:55:00,24.8
2025-06-12 12:26:00,85.0
2025-06-12 22:00:00,89.7
2025-06-12 18:11:00,33.3
2025-06-12 08:48:00,42.0
2025-06-12 07:08:00,61.8
2025-06-12 03:19:00,10.3
2025-06-12 17:32:00,98.8
2025-06-12 06:25:00,24.9
2025-06-12 19:46:00,73.9
2025-06-12 06:37:00,12.0
2025-06-12 05:05:00,14.4
2025-06-12 04:13:00,19.6
2025-06-12 20:05:00,11.7
2025-06-12 14:06:00,41.9
2025-06-12 04:45:00,61.3
2025-06-12 22:35:00,13.1
2025-06-12 10:04:00,75.4
2025-06-12 13:40:00,50.406503298774744
2025-06-12 17:10:00,33.8
2025-06-12 14:38:00,70.5
2025-06-12 19:07:00,50.406503298774744
2025-06-12 10:32:00,29.6
2025-06-12 03:23:00,31.5
2025-06-12 09:25:00,50.406503298774744
2025-06-12 20:02:00,50.406503298774744
2025-06-12 04:25:00,16.6
2025-06-12 01:20:00,55.5
2025-06-12 01:54:00,70.5
2025-06-12 03:26:00,16.2
2025-06-12 02:29:00,80.8
2025-06-12 06:06:00,36.7
2025-06-12 18:10:00,2.2
2025-06-12 00:54:00,56.0
2025-06-12 04:18:00,50.406503298774744
2025-06-12 13:44:00,72.7
2025-06-12 19:28:00,56.1
2025-06-12 20:58:00,7.3
2025-06-12 06:40:00,20.3
2025-06-12 05:36:00,36.3
2025-06-12 10:55:00,79.9
2025-06-12 16:20:00,30.9
2025-06-12 09:19:00,94.5
2025-06-12 19:35:00,92.9
2025-06-12 23:58:00,49.4
2025-06-12 07:18:00,68.0
2025-06-12 22:31:00,59.9
2025-06-12 14:05:00,60.9
2025-06-12 13:12:00,5.4
2025-06-12 19:50:00,6.0
2025-06-12 21:52:00,67.5
2025-06-12 17:25:00,34.6
2025-06-12 09:14:00,25.7
2025-06-12 07:42:00,79.0
2025-06-12 10:16:00,73.4
2025-06-12 15:41:00,50.3160582227961
2025-06-12 03:59:00,8.5
2025-06-12 07:29:00,43.5
2025-06-12 13:20:00,50.3160582227961
2025-06-12 14:53:00,7.4
2025-06-12 00:13:00,29.6
2025-06-12 04:18:00,66.6
2025-06-12 06:24:00,66.4
2025-06-12 12:53:00,50.3160582227961
2025-06-12 00:39:00,50.3160582227961
2025-06-12 23:27:00,88.6
2025-06-12 01:42:00,58.7
2025-06-12 00:25:00,69.6
2025-06-12 23:46:00,20.0
2025-06-12 20:35:00,93.4
2025-06-12 17:41:00,50.3160582227961
2025-06-12 12:51:00,26.9
2025-06-12 15:28:00,84.9
2025-06-12 08:56:00,50.3160582227961
2025-06-12 23:59:00,50.3160582227961
2025-06-12 12:06:00,73.1
2025-06-12 10:38:00,99.9
2025-06-12 10:27:00,22.6
2025-06-12 00:06:00,3.6
2025-06-12 05:57:00,25.9
2025-06-12 10:22:00,73.0
2025-06-12 09:07:00,74.9
2025-06-12 01:04:00,21.8
2025-06-12 19:39:00,96.3
2025-06-12 08:03:00,89.9
2025-06-12 04:37:00,64.2
2025-06-12 20:16:00,15.3
2025-06-12 22:12:00,80.8
2025-06-12 18:50:00,86.8
2025-06-12 14:16:00,50.3160582227961
2025-06-12 06:33:00,28.7
2025-06-12 05:19:00,78.4
2025-06-12 13:24:00,50.3160582227961
2025-06-12 14:13:00,50.3160582227961
2025-06-12 21:00:00,51.4
2025-06-12 12:16:00,38.9
2025-06-12 16:54:00,55.7
2025-06-12 19:57:00,2.1
2025-06-12 06:52:00,50.3160582227961
2025-06-12 13:56:00,50.3160582227961
2025-06-12 19:02:00,3.0
2025-06-12 07:31:00,84.4
2025-06-12 12:22:00,4.9
2025-06-12 15:12:00,70.0
2025-06-12 00:14:00,15.2
2025-06-12 02:35:00,89.8
2025-06-12 20:44:00,33.9
2025-06-12 07:16:00,0.2
2025-06-12 21:05:00,48.2
2025-06-12 12:37:00,55.4
2025-06-12 08:32:00,50.3160582227961
2025-06-12 19:34:00,89.6
2025-06-12 14:22:00,87.6
2025-06-12 19:20:00,24.3
2025-06-12 01:49:00,34.8
2025-06-12 02:57:00,60.4
2025-06-12 07:02:00,97.0
2025-06-12 19:56:00,55.3
2025-06-12 21:19:00,99.4
2025-06-12 12:27:00,22.8
2025-06-12 18:57:00,50.3160582227961
2025-06-12 04:04:00,50.3160582227961
2025-06-12 15:13:00,71.8
2025-06-12 08:54:00,1.7
2025-06-12 00:43:00,2.3
2025-06-12 09:57:00,26.2
2025-06-12 06:54:00,16.9
2025-06-12 22:15:00,13.3
2025-06-12 00:55:00,0.2
2025-06-12 19:22:00,70.9
2025-06-12 06:20:00,47.2
2025-06-12 07:52:00,66.9
2025-06-12 22:28:00,85.8
2025-06-12 16:13:00,92.1
2025-06-12 12:09:00,58.9
2025-06-12 21:24:00,99.9
2025-06-12 22:05:00,61.7
2025-06-12 07:55:00,25.1
2025-06-12 07:05:00,40.2
2025-06-12 15:36:00,75.9
2025-06-12 19:47:00,43.4
2025-06-12 00:32:00,96.8
2025-06-12 05:24:00,54.6
2025-06-12 04:43:00,42.5
2025-06-12 21:02:00,0.8
2025-06-12 20:53:00,65.0
2025-06-12 01:11:00,65.2
2025-06-12 11:40:00,21.6
2025-06-12 19:06:00,4.1
2025-06-12 10:28:00,46.1
2025-06-12 03:30:00,54.4
2025-06-12 17:55:00,27.9
2025-06-12 02:06:00,50.3160582227961
2025-06-12 19:29:00,50.3160582227961
2025-06-12 22:41:00,45.1
2025-06-12 10:15:00,31.2
2025-06-12 06:49:00,56.7
2025-06-12 01:23:00,70.7
2025-06-12 07:49:00,46.0
2025-06-12 01:58:00,48.0
2025-06-12 01:28:00,80.1
2025-06-12 14:35:00,50.3160582227961
2025-06-12 08:23:00,8.7
2025-06-12 13:11:00,19.6
2025-06-12 18:24:00,2.4
2025-06-12 02:26:00,44.1
2025-06-12 19:38:00,80.3
2025-06-12 15:30:00,50.3160582227961
2025-06-12 22:59:00,78.2
2025-06-12 03:57:00,31.2
2025-06-12 11:08:00,44.4
2025-06-12 21:57:00,20.5
2025-06-12 16:08:00,50.3160582227961
2025-06-12 15:54:00,77.6
2025-06-12 18:44:00,55.4
2025-06-12 20:56:00,85.6
2025-06-12 20:29:00,50.3160582227961
2025-06-12 14:44:00,19.7
2025-06-12 15:38:00,46.1
2025-06-12 20:15:00,88.0
2025-06-12 23:30:00,95.9
2025-06-12 00:28:00,50.3160582227961
2025-06-12 11:09:00,70.1
2025-06-12 04:45:00,98.5
2025-06-12 05:30:00,19.9
2025-06-12 20:07:00,95.0
2025-06-12 10:01:00,50.3160582227961
2025-06-12 16:55:00,50.3160582227961
2025-06-12 05:25:00,90.6
2025-06-12 17:11:00,7.8
2025-06-12 06:44:00,34.2
2025-06-12 23:48:00,1.2
2025-06-12 04:15:00,50.3160582227961
2025-06-12 06:14:00,58.2
2025-06-12 14:43:00,46.9
2025-06-12 11:43:00,50.3160582227961
2025-06-12 21:26:00,96.4
2025-06-12 02:19:00,68.6
2025-06-12 08:02:00,89.0
2025-06-12 09:32:00,51.9
2025-06-12 05:21:00,18.5
2025-06-12 09:44:00,30.1
2025-06-12 20:39:00,98.6
2025-06-12 05:03:00,89.6
2025-06-12 22:14:00,16.2
2025-06-12 20:21:00,2.2
2025-06-12 19:05:00,96.1
2025-06-12 16:25:00,71.0
2025-06-12 02:42:00,92.1
2025-06-12 22:52:00,64.4
2025-06-12 03:53:00,7.1
2025-06-12 20:58:00,3.5
2025-06-12 21:48:00,32.4
2025-06-12 12:34:00,33.7
2025-06-12 19:25:00,3.9
2025-06-12 04:38:00,50.3160582227961
2025-06-12 17:09:00,7.9
2025-06-12 19:36:00,33.8
2025-06-12 13:48:00,26.4
2025-06-12 10:46:00,3.8
2025-06-12 13:58:00,45.7
2025-06-12 11:35:00,50.3160582227961
2025-06-12 05:50:00,41.6
2025-06-12 06:07:00,50.3160582227961
2025-06-12 10:02:00,77.4
2025-06-12 10:47:00,50.3160582227961
2025-06-12 01:01:00,98.2
2025-06-12 12:30:00,20.0
2025-06-12 04:42:00,20.0
2025-06-12 21:23:00,50.3160582227961
2025-06-12 23:32:00,6.8
2025-06-12 09:35:00,98.2
2025-06-12 10:51:00,53.5
2025-06-12 23:15:00,11.1
2025-06-12 01:06:00,88.1
2025-06-12 10:07:00,16.6
2025-06-12 01:59:00,88.5
2025-06-12 18:34:00,89.8
2025-06-12 14:51:00,94.6
2025-06-12 15:55:00,66.5
2025-06-12 03:47:00,25.4
2025-06-12 16:16:00,63.1
2025-06-12 09:56:00,63.8
2025-06-12 14:37:00,32.3
2025-06-12 18:13:00,50.3160582227961
2025-06-12 17:15:00,88.2
2025-06-12 03:31:00,39.9
2025-06-12 15:03:00,85.9
2025-06-12 20:27:00,93.6
2025-06-12 02:45:00,81.0
2025-06-12 20:13:00,18.5
2025-06-12 10:32:00,45.8
2025-06-12 12:24:00,47.1
2025-06-12 04:11:00,55.7
2025-06-12 06:45:00,39.7
2025-06-12 20:05:00,88.6
2025-06-12 21:06:00,50.3160582227961
2025-06-12 23:56:00,11.8
2025-06-12 08:31:00,46.2
2025-06-12 13:29:00,25.1
2025-06-12 19:07:00,93.0
2025-06-12 23:50:00,47.1
2025-06-12 08:13:00,71.6
2025-06-12 00:26:00,65.1
2025-06-12 06:13:00,96.8
2025-06-12 10:13:00,78.2
2025-06-12 01:27:00,27.9
2025-06-12 23:12:00,95.7
2025-06-12 02:28:00,3.0
2025-06-12 18:06:00,61.5
2025-06-12 14:46:00,8.7
2025-06-12 09:13:00,30.7
2025-06-12 05:40:00,74.8
2025-06-12 04:54:00,27.7
2025-06-12 20:48:00,37.1
2025-06-12 17:47:00,50.3
2025-06-12 12:08:00,73.4
2025-06-12 05:32:00,50.3160582227961
2025-06-12 11:21:00,62.7
2025-06-12 14:29:00,47.8
2025-06-12 00:12:00,78.8
2025-06-12 16:06:00,47.4
2025-06-12 08:22:00,39.7
2025-06-12 13:18:00,96.7
2025-06-12 03:09:00,52.4
2025-06-12 05:00:00,83.6
2025-06-12 17:44:00,70.1
2025-06-12 20:12:00,35.9
2025-06-12 04:00:00,28.0
2025-06-12 06:38:00,35.2
2025-06-12 07:15:00,5.6
2025-06-12 14:18:00,45.4
2025-06-12 08:28:00,83.2
2025-06-12 12:17:00,13.9
2025-06-12 05:20:00,50.3160582227961
2025-06-12 04:35:00,35.9
2025-06-12 23:40:00,52.6
2025-06-12 08:52:00,38.8
2025-06-12 23:16:00,80.9
2025-06-12 14:10:00,27.4
2025-06-12 08:17:00,1.0
2025-06-12 09:37:00,56.9
2025-06-12 03:45:00,93.7
2025-06-12 11:20:00,50.4
2025-06-12 12:29:00,18.0
2025-06-12 20:31:00,63.6
2025-06-12 05:39:00,91.6
2025-06-12 11:52:00,86.2
2025-06-12 20:11:00,50.3160582227961
2025-06-12 12:01:00,30.8
2025-06-12 01:21:00,82.3
2025-06-12 06:43:00,7.6
2025-06-12 03:46:00,86.8
2025-06-12 14:24:00,76.9
2025-06-12 03:11:00,49.3
2025-06-12 09:23:00,36.6
2025-06-12 02:48:00,78.9
2025-06-12 21:55:00,77.3
2025-06-12 14:58:00,26.4
2025-06-12 21:04:00,14.0
2025-06-12 21:12:00,32.7
2025-06-12 21:08:00,47.1
2025-06-12 12:23:00,87.6
2025-06-12 14:07:00,67.4
2025-06-12 05:48:00,51.6
2025-06-12 08:30:00,37.5
2025-06-12 20:25:00,86.7
2025-06-12 23:55:00,86.7
2025-06-12 14:08:00,33.4
2025-06-12 23:51:00,55.9
2025-06-12 04:55:00,56.3
2025-06-12 09:31:00,50.3160582227961
2025-06-12 03:08:00,64.5
2025-06-12 02:55:00,50.3160582227961
2025-06-12 15:56:00,88.5
2025-06-12 04:53:00,89.1
2025-06-12 10:03:00,40.1
2025-06-12 00:50:00,30.8
2025-06-12 18:11:00,36.4
2025-06-12 06:59:00,42.5
2025-06-12 15:50:00,27.1
2025-06-12 22:17:00,1.0
2025-06-12 12:52:00,74.5
2025-06-12 08:44:00,24.8
2025-06-12 09:10:00,99.6
2025-06-12 22:44:00,83.7
2025-06-12 14:03:00,72.5
2025-06-12 06:16:00,89.5
2025-06-12 16:27:00,35.7
2025-06-12 08:04:00,21.1
2025-06-12 17:13:00,78.2
2025-06-12 11:37:00,42.7
2025-06-12 09:53:00,92.3
2025-06-12 18:22:00,20.3
2025-06-12 05:45:00,16.9
2025-06-12 03:49:00,24.1
2025-06-12 18:26:00,35.0
2025-06-12 16:40:00,86.6
2025-06-12 04:00:00,19.1
2025-06-12 21:47:00,75.7
2025-06-12 06:00:00,33.4
2025-06-12 13:41:00,37.7
2025-06-12 18:57:00,23.1
2025-06-12 10:59:00,60.8
2025-06-12 09:11:00,82.2
2025-06-12 16:37:00,53.3
2025-06-12 10:44:00,50.04954009433962
2025-06-12 20:33:00,4.3
2025-06-12 14:43:00,87.4
2025-06-12 16:58:00,5.8
2025-06-12 22:16:00,97.1
2025-06-12 16:48:00,27.4
2025-06-12 16:26:00,21.3
2025-06-12 19:28:00,94.4
2025-06-12 22:59:00,27.4
2025-06-12 14:48:00,50.04954009433962
2025-06-12 03:55:00,11.9
2025-06-12 05:50:00,96.8
2025-06-12 05:15:00,75.6
2025-06-12 07:15:00,82.4
2025-06-12 03:34:00,36.3
2025-06-12 23:07:00,76.4
2025-06-12 22:57:00,30.2
2025-06-12 08:41:00,72.7
2025-06-12 09:52:00,76.6
2025-06-12 09:47:00,50.04954009433962
2025-06-12 02:03:00,94.3
2025-06-12 01:07:00,24.7
2025-06-12 23:05:00,94.6
2025-06-12 23:49:00,75.5
2025-06-12 07:43:00,4.4
2025-06-12 13:28:00,96.8
2025-06-12 01:57:00,50.04954009433962
2025-06-12 04:20:00,74.1
2025-06-12 10:01:00,69.7
2025-06-12 14:40:00,14.5
2025-06-12 13:50:00,5.1
2025-06-12 02:09:00,31.9
2025-06-12 15:41:00,15.4
2025-06-12 07:17:00,79.9
2025-06-12 18:11:00,33.9
2025-06-12 18:03:00,49.9
2025-06-12 06:13:00,60.5
2025-06-12 21:53:00,98.9
2025-06-12 18:04:00,42.1
2025-06-12 17:46:00,24.2
2025-06-12 15:55:00,50.04954009433962
2025-06-12 11:16:00,10.6
2025-06-12 02:22:00,61.5
2025-06-12 01:43:00,19.2
2025-06-12 15:38:00,50.04954009433962
2025-06-12 22:27:00,10.3
2025-06-12 17:48:00,66.7
2025-06-12 15:58:00,20.5
2025-06-12 08:07:00,58.6
2025-06-12 09:27:00,14.6
2025-06-12 07:18:00,47.1
2025-06-12 22:35:00,34.0
2025-06-12 14:51:00,79.6
2025-06-12 12:54:00,2.5
2025-06-12 05:30:00,15.8
2025-06-12 15:00:00,68.9
2025-06-12 08:24:00,50.04954009433962
2025-06-12 05:06:00,33.7
2025-06-12 02:42:00,67.1
2025-06-12 03:41:00,50.04954009433962
2025-06-12 03:52:00,38.9
2025-06-12 04:28:00,50.04954009433962
2025-06-12 16:45:00,89.1
2025-06-12 12:21:00,4.9
2025-06-12 05:59:00,97.3
2025-06-12 23:31:00,50.04954009433962
2025-06-12 20:52:00,78.0
2025-06-12 03:47:00,78.2
2025-06-12 04:13:00,90.9
2025-06-12 03:56:00,31.2
2025-06-12 13:43:00,40.6
2025-06-12 12:04:00,45.8
2025-06-12 23:55:00,91.2
2025-06-12 20:04:00,45.1
2025-06-12 07:34:00,92.5
2025-06-12 06:01:00,88.5
2025-06-12 12:03:00,50.04954009433962
2025-06-12 21:13:00,16.7
2025-06-12 01:55:00,22.6
2025-06-12 14:19:00,49.0
2025-06-12 05:55:00,54.0
2025-06-12 14:24:00,77.3
2025-06-12 14:31:00,80.7
2025-06-12 16:44:00,55.1
2025-06-12 04:10:00,50.04954009433962
2025-06-12 19:58:00,53.7
2025-06-12 10:09:00,61.7
2025-06-12 14:08:00,35.6
2025-06-12 22:08:00,55.7
2025-06-12 08:45:00,0.4
2025-06-12 00:46:00,50.6
2025-06-12 14:05:00,19.1
2025-06-12 07:31:00,96.9
2025-06-12 23:16:00,82.4
2025-06-12 22:12:00,66.5
2025-06-12 11:03:00,8.0
2025-06-12 05:03:00,98.1
2025-06-12 13:11:00,90.1
2025-06-12 23:20:00,58.1
2025-06-12 00:37:00,9.7
2025-06-12 06:11:00,1.9
2025-06-12 07:14:00,53.5
2025-06-12 01:34:00,94.6
2025-06-12 02:46:00,18.7
2025-06-12 02:36:00,50.04954009433962
2025-06-12 01:46:00,98.5
2025-06-12 10:25:00,50.04954009433962
2025-06-12 04:37:00,36.0
2025-06-12 00:43:00,42.3
2025-06-12 02:14:00,12.5
2025-06-12 00:02:00,29.4
2025-06-12 08:09:00,50.04954009433962
2025-06-12 17:52:00,78.9
2025-06-12 07:56:00,94.3
2025-06-12 00:24:00,86.3
2025-06-12 05:28:00,50.04954009433962
2025-06-12 03:33:00,32.5
2025-06-12 06:04:00,50.04954009433962
2025-06-12 01:20:00,50.04954009433962
2025-06-12 19:55:00,91.7
2025-06-12 13:34:00,38.9
2025-06-12 20:20:00,31.9
2025-06-12 05:17:00,58.6
2025-06-12 05:23:00,35.6
2025-06-12 09:30:00,86.7
2025-06-12 16:06:00,1.8
2025-06-12 19:49:00,96.6
2025-06-12 10:23:00,32.5
2025-06-12 11:26:00,77.2
2025-06-12 08:36:00,80.8
2025-06-12 00:31:00,34.6
2025-06-12 23:12:00,47.3
2025-06-12 21:12:00,21.7
2025-06-12 12:53:00,31.7
2025-06-12 08:29:00,24.5
2025-06-12 17:09:00,2.2
2025-06-12 19:21:00,87.5
2025-06-12 01:32:00,19.5
2025-06-12 10:47:00,52.5
2025-06-12 02:38:00,72.3
2025-06-12 23:30:00,9.4
2025-06-12 03:08:00,40.9
2025-06-12 11:06:00,89.6
2025-06-12 16:39:00,34.1
2025-06-12 09:06:00,67.4
2025-06-12 21:50:00,98.2
2025-06-12 03:45:00,60.7
2025-06-12 18:20:00,75.4
2025-06-12 00:41:00,42.8
2025-06-12 07:03:00,56.5
2025-06-12 18:17:00,54.1
2025-06-12 15:40:00,44.0
2025-06-12 06:45:00,46.7
2025-06-12 17:59:00,96.2
2025-06-12 01:25:00,97.2
2025-06-12 08:00:00,17.9
2025-06-12 22:51:00,50.04954009433962
2025-06-12 09:40:00,9.7
2025-06-12 21:10:00,97.1
2025-06-12 20:41:00,60.7
2025-06-12 15:11:00,6.4
2025-06-12 22:30:00,58.8
2025-06-12 13:09:00,82.5
2025-06-12 21:44:00,59.0
2025-06-12 04:52:00,70.9
2025-06-12 00:48:00,25.1
2025-06-12 13:29:00,65.3
2025-06-12 09:16:00,82.7
2025-06-12 12:16:00,21.9
2025-06-12 20:36:00,50.04954009433962
2025-06-12 06:39:00,69.4
2025-06-12 07:48:00,6.6
2025-06-12 15:36:00,91.8
2025-06-12 20:24:00,97.5
2025-06-12 20:18:00,56.4
2025-06-12 04:56:00,80.2
2025-06-12 07:10:00,50.04954009433962
2025-06-12 23:19:00,25.1
2025-06-12 09:58:00,68.1
2025-06-12 07:33:00,36.1
2025-06-12 02:40:00,0.1
2025-06-12 21:42:00,50.04954009433962
2025-06-12 03:48:00,48.5
2025-06-12 10:45:00,32.0
2025-06-12 16:01:00,76.3
2025-06-12 10:15:00,26.1
2025-06-12 11:42:00,98.9
2025-06-12 04:39:00,44.8
2025-06-12 14:03:00,35.9
2025-06-12 11:34:00,15.6
2025-06-12 15:49:00,20.7
2025-06-12 23:22:00,50.04954009433962
2025-06-12 19:54:00,50.04954009433962
2025-06-12 08:02:00,64.4
2025-06-12 08:04:00,34.9
2025-06-12 05:20:00,86.0
2025-06-12 09:07:00,19.5
2025-06-12 06:17:00,33.9
2025-06-12 00:15:00,57.7
2025-06-12 12:20:00,85.6
2025-06-12 00:14:00,50.04954009433962
2025-06-12 21:19:00,58.4
2025-06-12 17:45:00,50.04954009433962
2025-06-12 21:48:00,31.0
2025-06-12 06:55:00,59.8
2025-06-12 06:51:00,57.6
2025-06-12 12:49:00,9.8
2025-06-12 07:02:00,65.7
2025-06-12 21:06:00,50.04954009433962
2025-06-12 07:26:00,7.1
2025-06-12 14:37:00,42.6
2025-06-12 09:02:00,84.9
2025-06-12 18:45:00,41.3
2025-06-12 11:54:00,36.1
2025-06-12 10:20:00,77.8
2025-06-12 07:59:00,20.1
2025-06-12 14:42:00,76.4
2025-06-12 07:06:00,34.4
2025-06-12 02:53:00,30.8
2025-06-12 15:07:00,97.5
2025-06-12 03:25:00,41.4
2025-06-12 09:29:00,83.0
2025-06-12 14:36:00,59.0
2025-06-12 20:09:00,46.4
2025-06-12 22:47:00,18.5
2025-06-12 10:13:00,85.3
2025-06-12 00:53:00,74.8
2025-06-12 18:59:00,42.8
2025-06-12 23:44:00,50.04954009433962
2025-06-12 14:27:00,34.9
2025-06-12 15:24:00,61.7
2025-06-12 15:47:00,50.04954009433962
2025-06-12 16:15:00,61.9
2025-06-12 07:27:00,50.04954009433962
2025-06-12 06:18:00,5.2
2025-06-12 19:41:00,2.4
2025-06-12 07:20:00,30.6
2025-06-12 09:28:00,26.9
2025-06-12 05:47:00,50.04954009433962
2025-06-12 14:23:00,21.3
2025-06-12 06:05:00,32.6
2025-06-12 19:57:00,51.6
2025-06-12 21:51:00,50.04954009433962
2025-06-12 09:05:00,11.0
2025-06-12 08:50:00,50.04954009433962
2025-06-12 02:12:00,39.7
2025-06-12 20:58:00,27.4
2025-06-12 19:39:00,26.6
2025-06-12 15:14:00,50.04954009433962
2025-06-12 10:02:00,31.8
2025-06-12 20:16:00,77.4
2025-06-12 21:29:00,47.8
2025-06-12 21:37:00,2.1
2025-06-12 19:51:00,8.2
2025-06-12 18:29:00,50.04954009433962
2025-06-12 14:30:00,67.7
2025-06-12 03:09:00,20.1
2025-06-12 20:34:00,16.2
2025-06-12 13:42:00,50.04954009433962
2025-06-12 04:22:00,60.6
2025-06-12 03:37:00,54.5
2025-06-12 20:43:00,0.6
2025-06-12 23:42:00,77.6
2025-06-12 19:29:00,50.04954009433962
2025-06-12 00:00:00,26.5
2025-06-12 17:40:00,31.6
2025-06-12 13:35:00,88.8
2025-06-12 08:42:00,55.6
2025-06-12 16:17:00,73.7
2025-06-12 02:28:00,35.8
2025-06-12 15:53:00,25.5
2025-06-12 00:52:00,23.6
2025-06-12 21:28:00,50.04954009433962
2025-06-12 00:21:00,48.8
2025-06-12 18:15:00,77.7
2025-06-12 08:59:00,78.4
2025-06-12 20:11:00,92.2
2025-06-12 22:15:00,26.9
2025-06-12 01:26:00,85.2
2025-06-12 02:43:00,61.3
2025-06-12 19:52:00,6.6
2025-06-12 20:14:00,1.5
2025-06-12 18:40:00,76.0
2025-06-12 01:44:00,7.7
2025-06-12 09:13:00,50.04954009433962
2025-06-12 02:08:00,27.8
2025-06-12 09:48:00,27.2
2025-06-12 19:43:00,50.04954009433962
2025-06-12 14:17:00,36.2
2025-06-12 04:17:00,4.4
2025-06-12 16:03:00,77.4
2025-06-12 01:18:00,50.06682414078186
2025-06-12 10:44:00,93.5
2025-06-12 10:01:00,20.7
2025-06-12 03:10:00,90.9
2025-06-12 06:40:00,46.4
2025-06-12 21:08:00,68.0
2025-06-12 03:50:00,9.8
2025-06-12 11:39:00,41.7
2025-06-12 02:01:00,50.06682414078186
2025-06-12 07:32:00,72.5
2025-06-12 21:02:00,82.0
2025-06-12 21:29:00,29.5
2025-06-12 07:59:00,61.1
2025-06-12 13:14:00,95.4
2025-06-12 00:30:00,91.8
2025-06-12 15:36:00,50.06682414078186
2025-06-12 02:49:00,50.06682414078186
2025-06-12 02:15:00,12.3
2025-06-12 05:33:00,62.3
2025-06-12 08:36:00,13.4
2025-06-12 19:30:00,22.7
2025-06-12 08:10:00,79.4
2025-06-12 19:32:00,36.6
2025-06-12 22:28:00,66.8
2025-06-12 12:37:00,25.1
2025-06-12 05:14:00,3.4
2025-06-12 14:45:00,50.06682414078186
2025-06-12 11:33:00,87.2
2025-06-12 15:31:00,76.2
2025-06-12 18:02:00,80.2
2025-06-12 04:15:00,35.9
2025-06-12 20:12:00,50.06682414078186
2025-06-12 00:00:00,15.8
2025-06-12 20:37:00,12.0
2025-06-12 04:34:00,94.6
2025-06-12 07:08:00,70.5
2025-06-12 05:51:00,33.0
2025-06-12 08:04:00,80.7
2025-06-12 11:31:00,10.2
2025-06-12 05:53:00,84.7
2025-06-12 07:25:00,40.0
2025-06-12 21:43:00,89.6
2025-06-12 16:00:00,51.9
2025-06-12 01:27:00,64.0
2025-06-12 22:31:00,16.2
2025-06-12 13:15:00,25.7
2025-06-12 14:25:00,82.4
2025-06-12 22:41:00,50.06682414078186
2025-06-12 03:08:00,40.0
2025-06-12 11:34:00,22.4
2025-06-12 06:35:00,62.9
2025-06-12 00:47:00,50.6
2025-06-12 19:58:00,92.1
2025-06-12 14:28:00,68.6
2025-06-12 13:42:00,52.8
2025-06-12 07:15:00,7.5
2025-06-12 19:24:00,82.0
2025-06-12 04:14:00,7.3
2025-06-12 20:08:00,19.9
2025-06-12 19:14:00,48.1
2025-06-12 18:52:00,15.6
2025-06-12 02:14:00,95.6
2025-06-12 15:55:00,92.8
2025-06-12 16:39:00,50.06682414078186
2025-06-12 00:01:00,50.06682414078186
2025-06-12 01:06:00,52.7
2025-06-12 03:54:00,38.2
2025-06-12 16:28:00,50.06682414078186
2025-06-12 17:02:00,90.1
2025-06-12 01:51:00,75.5
2025-06-12 13:17:00,39.3
2025-06-12 10:47:00,50.06682414078186
2025-06-12 00:36:00,50.06682414078186
2025-06-12 12:22:00,69.8
2025-06-12 02:58:00,70.2
2025-06-12 01:31:00,19.9
2025-06-12 00:04:00,52.2
2025-06-12 21:07:00,27.8
2025-06-12 09:43:00,79.1
2025-06-12 22:26:00,71.5
2025-06-12 14:09:00,4.0
2025-06-12 20:35:00,41.4
2025-06-12 20:26:00,50.06682414078186
2025-06-12 06:45:00,7.2
2025-06-12 05:36:00,18.6
2025-06-12 20:54:00,64.1
2025-06-12 18:55:00,50.2
2025-06-12 00:39:00,15.0
2025-06-12 04:09:00,89.9
2025-06-12 13:56:00,69.5
2025-06-12 13:58:00,95.0
2025-06-12 05:42:00,1.2
2025-06-12 13:53:00,46.3
2025-06-12 16:16:00,50.06682414078186
2025-06-12 15:16:00,97.5
2025-06-12 09:38:00,70.5
2025-06-12 10:13:00,10.7
2025-06-12 15:04:00,22.3
2025-06-12 14:17:00,97.4
2025-06-12 08:09:00,70.9
2025-06-12 09:32:00,50.06682414078186
2025-06-12 13:26:00,98.9
2025-06-12 12:50:00,9.8
2025-06-12 04:10:00,22.4
2025-06-12 06:26:00,26.7
2025-06-12 13:32:00,77.9
2025-06-12 00:38:00,1.9
2025-06-12 06:18:00,50.06682414078186
2025-06-12 11:30:00,14.1
2025-06-12 19:35:00,47.7
2025-06-12 08:27:00,87.0
2025-06-12 23:30:00,12.9
2025-06-12 07:13:00,7.0
2025-06-12 19:17:00,12.1
2025-06-12 03:58:00,64.3
2025-06-12 06:41:00,50.06682414078186
2025-06-12 10:19:00,74.1
2025-06-12 19:47:00,43.5
2025-06-12 11:36:00,47.9
2025-06-12 14:47:00,92.5
2025-06-12 11:56:00,80.3
2025-06-12 10:36:00,67.8
2025-06-12 06:33:00,99.1
2025-06-12 16:25:00,10.9
2025-06-12 09:57:00,40.2
2025-06-12 08:20:00,99.3
2025-06-12 01:05:00,19.1
2025-06-12 06:15:00,24.9
2025-06-12 16:57:00,31.4
2025-06-12 20:39:00,57.7
2025-06-12 14:44:00,84.5
2025-06-12 07:34:00,50.06682414078186
2025-06-12 02:33:00,76.8
2025-06-12 06:47:00,80.4
2025-06-12 23:49:00,57.5
2025-06-12 22:57:00,50.06682414078186
2025-06-12 22:46:00,39.8
2025-06-12 07:01:00,35.1
2025-06-12 00:24:00,17.8
2025-06-12 12:29:00,63.7
2025-06-12 03:03:00,46.6
2025-06-12 06:29:00,47.9
2025-06-12 10:16:00,22.9
2025-06-12 11:53:00,30.7
2025-06-12 17:03:00,29.8
2025-06-12 06:25:00,88.6
2025-06-12 16:10:00,21.2
2025-06-12 22:55:00,2.5
2025-06-12 07:14:00,43.3
2025-06-12 18:04:00,50.06682414078186
2025-06-12 00:31:00,50.06682414078186
2025-06-12 06:32:00,96.3
2025-06-12 00:49:00,50.3
2025-06-12 15:59:00,50.06682414078186
2025-06-12 22:06:00,10.5
2025-06-12 13:50:00,30.9
2025-06-12 04:44:00,6.4
2025-06-12 05:31:00,87.1
2025-06-12 08:58:00,9.9
2025-06-12 03:36:00,70.9
2025-06-12 10:42:00,19.6
2025-06-12 17:39:00,96.0
2025-06-12 02:56:00,89.2
2025-06-12 02:10:00,92.6
2025-06-12 17:58:00,14.1
2025-06-12 19:12:00,35.1
2025-06-12 03:38:00,60.8
2025-06-12 08:07:00,52.7
2025-06-12 13:31:00,78.4
2025-06-12 01:12:00,50.06682414078186
2025-06-12 05:46:00,50.06682414078186
2025-06-12 19:41:00,88.2
2025-06-12 02:40:00,64.7
2025-06-12 01:36:00,30.1
2025-06-12 12:00:00,80.3
2025-06-12 15:44:00,38.8
2025-06-12 03:42:00,28.7
2025-06-12 16:32:00,54.9
2025-06-12 01:46:00,79.1
2025-06-12 18:22:00,5.3
2025-06-12 13:30:00,50.06682414078186
2025-06-12 00:35:00,9.2
2025-06-12 00:08:00,64.2
2025-06-12 18:14:00,87.3
2025-06-12 01:24:00,39.0
2025-06-12 21:56:00,21.4
2025-06-12 16:59:00,5.0
2025-06-12 20:15:00,6.0
2025-06-12 03:45:00,86.8
2025-06-12 05:32:00,82.9
2025-06-12 11:14:00,27.1
2025-06-12 07:18:00,72.1
2025-06-12 18:46:00,41.7
2025-06-12 23:03:00,47.5
2025-06-12 22:18:00,11.9
2025-06-12 12:18:00,50.0
2025-06-12 13:24:00,48.6
2025-06-12 10:39:00,32.4
2025-06-12 06:17:00,71.4
2025-06-12 18:12:00,60.5
2025-06-12 05:10:00,41.8
2025-06-12 00:16:00,4.4
2025-06-12 21:11:00,79.9
2025-06-12 06:08:00,38.7
2025-06-12 00:23:00,93.2
2025-06-12 22:37:00,5.3
2025-06-12 13:29:00,98.2
2025-06-12 15:09:00,92.0
2025-06-12 07:56:00,93.2
2025-06-12 17:45:00,52.9
2025-06-12 10:34:00,65.7
2025-06-12 08:45:00,68.9
2025-06-12 20:44:00,14.3
2025-06-12 16:54:00,50.06682414078186
2025-06-12 22:47:00,31.8
2025-06-12 09:46:00,50.06682414078186
2025-06-12 04:38:00,84.9
2025-06-12 11:06:00,71.0
2025-06-12 12:32:00,50.06682414078186
2025-06-12 16:42:00,78.7
2025-06-12 02:37:00,8.1
2025-06-12 03:21:00,50.06682414078186
2025-06-12 01:13:00,58.0
2025-06-12 03:18:00,41.1
2025-06-12 03:29:00,50.06682414078186
2025-06-12 16:45:00,30.3
2025-06-12 00:55:00,29.8
2025-06-12 02:17:00,47.9
2025-06-12 15:30:00,41.1
2025-06-12 15:22:00,50.06682414078186
2025-06-12 03:26:00,98.4
2025-06-12 23:29:00,64.6
2025-06-12 19:59:00,50.06682414078186
2025-06-12 09:20:00,77.4
2025-06-12 11:41:00,50.06682414078186
2025-06-12 21:57:00,71.5
2025-06-12 17:17:00,71.9
2025-06-12 07:06:00,28.9
2025-06-12 06:20:00,59.4
2025-06-12 14:37:00,50.06682414078186
2025-06-12 08:13:00,21.4
2025-06-12 23:27:00,52.3
2025-06-12 04:47:00,55.9
2025-06-12 00:59:00,92.5
2025-06-12 22:54:00,13.8
2025-06-12 12:35:00,98.9
2025-06-12 21:05:00,50.06682414078186
2025-06-12 03:02:00,11.7
2025-06-12 18:27:00,40.1
2025-06-12 18:33:00,56.6
2025-06-12 14:18:00,50.06682414078186
2025-06-12 08:47:00,42.7
2025-06-12 06:51:00,17.1
2025-06-12 15:40:00,81.0
2025-06-12 12:48:00,40.2
2025-06-12 00:46:00,21.1
2025-06-12 04:41:00,90.1
2025-06-12 04:48:00,78.9
2025-06-12 03:04:00,60.0
2025-06-12 20:01:00,54.6
2025-06-12 22:05:00,43.9
2025-06-12 05:04:00,4.4
2025-06-12 02:02:00,42.9
2025-06-12 11:35:00,51.6
2025-06-12 08:21:00,32.3
2025-06-12 04:13:00,81.7
2025-06-12 23:41:00,14.0
2025-06-12 18:56:00,72.1
2025-06-12 08:11:00,13.5
2025-06-12 15:54:00,64.7
2025-06-12 14:14:00,52.8
2025-06-12 18:40:00,90.8
2025-06-12 21:40:00,76.2
2025-06-12 07:40:00,27.3
2025-06-12 09:25:00,99.6
2025-06-12 00:43:00,95.1
2025-06-12 19:52:00,50.06682414078186
2025-06-12 23:42:00,26.8
2025-06-12 20:20:00,20.0
2025-06-12 09:58:00,4.2
2025-06-12 10:43:00,63.8
2025-06-12 03:52:00,55.9
2025-06-12 11:02:00,53.7
2025-06-12 00:41:00,40.7
2025-06-12 01:17:00,49.6
2025-06-12 06:43:00,30.2
2025-06-12 09:26:00,1.7
2025-06-12 16:19:00,50.06682414078186
2025-06-12 18:54:00,17.8
2025-06-12 06:31:00,92.7
2025-06-12 21:54:00,85.2
2025-06-12 04:04:00,54.2
2025-06-12 07:50:00,23.4
2025-06-12 14:53:00,16.9
2025-06-12 20:30:00,69.2
2025-06-12 03:20:00,49.378098152289034
2025-06-12 15:04:00,39.7
2025-06-12 18:04:00,94.1
2025-06-12 20:58:00,39.6
2025-06-12 12:59:00,45.6
2025-06-12 06:58:00,49.378098152289034
2025-06-12 02:53:00,37.0
2025-06-12 04:42:00,49.378098152289034
2025-06-12 14:16:00,35.5
2025-06-12 10:29:00,49.378098152289034
2025-06-12 01:10:00,41.1
2025-06-12 20:37:00,31.6
2025-06-12 06:11:00,4.2
2025-06-12 21:32:00,39.7
2025-06-12 03:28:00,49.378098152289034
2025-06-12 15:14:00,49.378098152289034
2025-06-12 19:29:00,88.0
2025-06-12 02:59:00,4.3
2025-06-12 15:09:00,49.378098152289034
2025-06-12 20:12:00,81.5
2025-06-12 08:58:00,74.0
2025-06-12 23:24:00,36.6
2025-06-12 23:16:00,49.378098152289034
2025-06-12 20:06:00,46.4
2025-06-12 19:22:00,7.9
2025-06-12 17:20:00,83.8
2025-06-12 05:24:00,38.0
2025-06-12 08:16:00,82.7
2025-06-12 15:18:00,7.0
2025-06-12 09:23:00,21.9
2025-06-12 03:01:00,17.2
2025-06-12 19:00:00,49.378098152289034
2025-06-12 06:27:00,98.9
2025-06-12 17:30:00,49.378098152289034
2025-06-12 05:08:00,76.9
2025-06-12 18:13:00,75.0
2025-06-12 04:11:00,49.378098152289034
2025-06-12 11:29:00,18.1
2025-06-12 15:47:00,49.378098152289034
2025-06-12 22:21:00,49.378098152289034
2025-06-12 21:19:00,13.5
2025-06-12 18:54:00,49.378098152289034
2025-06-12 06:19:00,49.378098152289034
2025-06-12 20:29:00,41.3
2025-06-12 03:29:00,53.3
2025-06-12 17:45:00,15.7
2025-06-12 15:22:00,47.6
2025-06-12 03:40:00,23.7
2025-06-12 05:52:00,91.0
2025-06-12 23:52:00,49.378098152289034
2025-06-12 22:16:00,48.7
2025-06-12 08:44:00,74.6
2025-06-12 08:09:00,42.4
2025-06-12 13:03:00,49.378098152289034
2025-06-12 18:23:00,83.3
2025-06-12 22:22:00,49.378098152289034
2025-06-12 20:55:00,49.378098152289034
2025-06-12 18:05:00,18.0
2025-06-12 03:39:00,3.7
2025-06-12 04:15:00,95.9
2025-06-12 08:54:00,43.2
2025-06-12 09:48:00,64.9
2025-06-12 11:35:00,52.2
2025-06-12 07:35:00,79.2
2025-06-12 03:32:00,2.7
2025-06-12 09:18:00,49.378098152289034
2025-06-12 18:40:00,49.378098152289034
2025-06-12 17:03:00,49.378098152289034
2025-06-12 07:36:00,7.4
2025-06-12 04:03:00,81.7
2025-06-12 22:47:00,49.378098152289034
2025-06-12 21:15:00,49.378098152289034
2025-06-12 09:28:00,67.3
2025-06-12 21:24:00,95.8
2025-06-12 00:08:00,62.2
2025-06-12 12:41:00,56.5
2025-06-12 18:59:00,43.8
2025-06-12 01:46:00,62.6
2025-06-12 08:11:00,53.4
2025-06-12 11:26:00,55.8
2025-06-12 10:33:00,33.6
2025-06-12 14:06:00,62.3
2025-06-12 15:31:00,1.1
2025-06-12 14:40:00,45.3
2025-06-12 07:31:00,75.4
2025-06-12 00:20:00,97.3
2025-06-12 03:46:00,85.3
2025-06-12 21:58:00,49.378098152289034
2025-06-12 23:34:00,84.5
2025-06-12 05:15:00,49.378098152289034
2025-06-12 13:53:00,49.378098152289034
2025-06-12 08:51:00,57.7
2025-06-12 04:18:00,49.378098152289034
2025-06-12 16:56:00,49.378098152289034
2025-06-12 21:06:00,68.3
2025-06-12 11:02:00,83.3
2025-06-12 17:59:00,36.4
2025-06-12 23:04:00,8.9
2025-06-12 06:04:00,65.7
2025-06-12 13:49:00,49.378098152289034
2025-06-12 21:09:00,21.1
2025-06-12 21:26:00,62.3
2025-06-12 06:01:00,49.378098152289034
2025-06-12 08:04:00,52.0
2025-06-12 08:36:00,83.4
2025-06-12 05:22:00,22.1
2025-06-12 07:40:00,49.378098152289034
2025-06-12 14:17:00,99.9
2025-06-12 09:59:00,61.9
2025-06-12 03:13:00,38.2
2025-06-12 09:31:00,9.3
2025-06-12 00:24:00,82.5
2025-06-12 04:02:00,75.8
2025-06-12 13:56:00,81.9
2025-06-12 14:13:00,30.7
2025-06-12 19:19:00,17.1
2025-06-12 16:28:00,51.4
2025-06-12 08:34:00,78.3
2025-06-12 22:05:00,26.7
2025-06-12 20:08:00,59.8
2025-06-12 14:27:00,75.4
2025-06-12 09:51:00,43.6
2025-06-12 14:52:00,71.3
2025-06-12 20:03:00,49.378098152289034
2025-06-12 23:30:00,71.1
2025-06-12 13:14:00,54.8
2025-06-12 00:22:00,23.9
2025-06-12 20:53:00,41.2
2025-06-12 10:43:00,49.378098152289034
2025-06-12 22:46:00,18.5
2025-06-12 15:56:00,49.378098152289034
2025-06-12 05:09:00,56.6
2025-06-12 11:36:00,22.3
2025-06-12 23:36:00,37.5
2025-06-12 18:33:00,65.2
2025-06-12 18:35:00,49.378098152289034
2025-06-12 22:52:00,90.3
2025-06-12 16:58:00,79.3
2025-06-12 23:27:00,5.1
2025-06-12 14:26:00,68.3
2025-06-12 14:43:00,71.9
2025-06-12 02:49:00,60.0
2025-06-12 00:48:00,83.5
2025-06-12 23:22:00,48.0
2025-06-12 06:21:00,93.8
2025-06-12 10:57:00,45.0
2025-06-12 00:57:00,93.3
2025-06-12 16:21:00,29.0
2025-06-12 11:05:00,41.5
2025-06-12 10:22:00,38.4
2025-06-12 03:30:00,76.6
2025-06-12 15:25:00,74.8
2025-06-12 16:55:00,63.8
2025-06-12 11:24:00,45.2
2025-06-12 07:59:00,49.378098152289034
2025-06-12 15:16:00,55.1
2025-06-12 17:56:00,38.2
2025-06-12 14:45:00,82.5
2025-06-12 16:49:00,49.378098152289034
2025-06-12 08:33:00,58.4
2025-06-12 05:34:00,37.9
2025-06-12 04:50:00,53.2
2025-06-12 15:37:00,49.378098152289034
2025-06-12 09:08:00,94.7
2025-06-12 12:06:00,22.3
2025-06-12 05:58:00,23.5
2025-06-12 09:11:00,16.2
2025-06-12 11:34:00,28.6
2025-06-12 04:47:00,43.4
2025-06-12 06:39:00,15.1
2025-06-12 01:14:00,21.9
2025-06-12 03:21:00,33.4
2025-06-12 03:05:00,16.3
2025-06-12 02:18:00,49.8
2025-06-12 10:31:00,79.5
2025-06-12 14:44:00,59.9
2025-06-12 21:35:00,49.378098152289034
2025-06-12 21:29:00,87.3
2025-06-12 21:21:00,46.8
2025-06-12 19:37:00,22.6
2025-06-12 20:34:00,0.8
2025-06-12 07:47:00,37.3
2025-06-12 02:56:00,18.6
2025-06-12 05:43:00,60.7
2025-06-12 13:13:00,49.378098152289034
2025-06-12 16:59:00,89.9
2025-06-12 01:30:00,49.378098152289034
2025-06-12 14:49:00,6.3
2025-06-12 15:07:00,19.0
2025-06-12 11:22:00,49.378098152289034
2025-06-12 02:29:00,49.378098152289034
2025-06-12 02:00:00,26.6
2025-06-12 19:10:00,0.0
2025-06-12 21:03:00,49.378098152289034
2025-06-12 23:21:00,3.2
2025-06-12 07:55:00,39.3
2025-06-12 07:11:00,22.8
2025-06-12 05:48:00,49.378098152289034
2025-06-12 11:41:00,73.7
2025-06-12 12:27:00,19.5
2025-06-12 01:48:00,29.3
2025-06-12 12:35:00,85.5
2025-06-12 10:03:00,57.7
2025-06-12 04:19:00,48.2
2025-06-12 21:23:00,64.1
2025-06-12 07:43:00,32.9
2025-06-12 00:19:00,29.3
2025-06-12 13:34:00,76.6
2025-06-12 11:11:00,23.9
2025-06-12 06:05:00,63.4
2025-06-12 18:30:00,31.4
2025-06-12 17:23:00,93.2
2025-06-12 03:02:00,54.8
2025-06-12 22:42:00,1.3
2025-06-12 21:07:00,30.8
2025-06-12 01:15:00,40.2
2025-06-12 23:05:00,55.5
2025-06-12 22:32:00,94.6
2025-06-12 17:50:00,23.7
2025-06-12 16:09:00,29.7
2025-06-12 21:08:00,58.3
2025-06-12 02:24:00,55.0
2025-06-12 08:00:00,6.1
2025-06-12 22:08:00,2.4
2025-06-12 23:46:00,12.3
2025-06-12 12:57:00,22.4
2025-06-12 03:11:00,13.9
2025-06-12 16:38:00,49.378098152289034
2025-06-12 00:11:00,88.2
2025-06-12 00:00:00,58.2
2025-06-12 15:30:00,18.2
2025-06-12 02:05:00,66.9
2025-06-12 23:07:00,94.2
2025-06-12 19:11:00,51.0
2025-06-12 01:11:00,2.4
2025-06-12 11:07:00,83.1
2025-06-12 18:27:00,55.2
2025-06-12 00:40:00,46.5
2025-06-12 00:10:00,29.5
2025-06-12 11:47:00,4.8
2025-06-12 01:17:00,49.378098152289034
2025-06-12 04:13:00,68.7
2025-06-12 03:08:00,71.7
2025-06-12 12:17:00,95.7
2025-06-12 16:05:00,34.8
2025-06-12 02:34:00,63.7
2025-06-12 00:02:00,96.2
2025-06-12 01:59:00,49.378098152289034
2025-06-12 06:28:00,7.0
2025-06-12 15:29:00,73.8
2025-06-12 14:28:00,75.0
2025-06-12 11:16:00,93.6
2025-06-12 16:42:00,31.0
2025-06-12 02:31:00,83.3
2025-06-12 07:18:00,68.0
2025-06-12 09:30:00,10.5
2025-06-12 06:08:00,49.378098152289034
2025-06-12 20:28:00,91.7
2025-06-12 05:17:00,21.6
2025-06-12 03:59:00,32.7
2025-06-12 22:10:00,24.0
2025-06-12 14:15:00,16.4
2025-06-12 23:58:00,28.6
2025-06-12 14:24:00,1.9
2025-06-12 01:09:00,11.9
2025-06-12 11:15:00,49.378098152289034
2025-06-12 08:50:00,24.1
2025-06-12 13:51:00,75.9
2025-06-12 09:12:00,88.1
2025-06-12 21:28:00,35.8
2025-06-12 19:30:00,86.2
2025-06-12 09:09:00,40.9
2025-06-12 01:56:00,87.4
2025-06-12 13:25:00,11.2
2025-06-12 19:59:00,49.378098152289034
2025-06-12 20:42:00,45.5
2025-06-12 11:21:00,13.1
2025-06-12 08:10:00,49.378098152289034
2025-06-12 09:19:00,49.378098152289034
2025-06-12 19:44:00,71.3
2025-06-12 17:01:00,49.378098152289034
2025-06-12 09:03:00,51.7
2025-06-12 04:28:00,9.6
2025-06-12 21:22:00,99.5
2025-06-12 14:14:00,96.8
2025-06-12 17:24:00,60.2
2025-06-12 07:33:00,23.0
2025-06-12 03:57:00,98.3
2025-06-12 12:53:00,49.378098152289034
2025-06-12 00:38:00,99.3
2025-06-12 16:14:00,49.378098152289034
2025-06-12 18:34:00,75.7
2025-06-12 02:16:00,17.6
2025-06-12 11:43:00,31.0
2025-06-12 20:30:00,57.6
2025-06-12 22:48:00,1.8
2025-06-12 19:23:00,47.1
2025-06-12 15:57:00,49.378098152289034
2025-06-12 16:06:00,16.4
2025-06-12 02:03:00,69.0
2025-06-12 06:25:00,88.7
2025-06-12 07:42:00,84.7
2025-06-12 05:23:00,11.3
2025-06-12 07:20:00,15.2
2025-06-12 10:27:00,9.8
2025-06-12 15:38:00,95.9
2025-06-12 11:56:00,98.8
2025-06-12 08:00:00,49.86672560113154
2025-06-12 08:51:00,37.7
2025-06-12 01:31:00,11.9
2025-06-12 16:07:00,9.5
2025-06-12 17:33:00,95.0
2025-06-12 23:37:00,25.5
2025-06-12 17:46:00,6.6
2025-06-12 22:54:00,69.0
2025-06-12 19:03:00,35.5
2025-06-12 23:39:00,97.0
2025-06-12 00:31:00,49.86672560113154
2025-06-12 00:30:00,57.9
2025-06-12 05:21:00,37.0
2025-06-12 06:25:00,99.7
2025-06-12 23:59:00,83.1
2025-06-12 11:39:00,49.86672560113154
2025-06-12 07:56:00,17.2
2025-06-12 20:19:00,61.5
2025-06-12 16:58:00,11.5
2025-06-12 14:52:00,69.8
2025-06-12 01:23:00,49.86672560113154
2025-06-12 09:51:00,35.6
2025-06-12 13:31:00,49.86672560113154
2025-06-12 17:13:00,79.3
2025-06-12 08:07:00,90.2
2025-06-12 04:21:00,26.4
2025-06-12 07:18:00,22.6
2025-06-12 16:35:00,95.3
2025-06-12 01:46:00,97.3
2025-06-12 12:51:00,49.86672560113154
2025-06-12 23:12:00,49.86672560113154
2025-06-12 07:11:00,2.8
2025-06-12 08:59:00,53.6
2025-06-12 19:07:00,26.9
2025-06-12 07:22:00,35.7
2025-06-12 02:15:00,60.1
2025-06-12 04:52:00,17.3
2025-06-12 14:16:00,49.86672560113154
2025-06-12 08:57:00,71.5
2025-06-12 06:27:00,15.4
2025-06-12 18:23:00,82.0
2025-06-12 05:05:00,7.0
2025-06-12 22:44:00,31.4
2025-06-12 17:05:00,61.5
2025-06-12 23:26:00,90.5
2025-06-12 13:01:00,88.8
2025-06-12 12:07:00,77.9
2025-06-12 09:23:00,49.86672560113154
2025-06-12 22:35:00,95.9
2025-06-12 18:36:00,49.86672560113154
2025-06-12 16:44:00,67.3
2025-06-12 18:17:00,49.86672560113154
2025-06-12 14:35:00,3.5
2025-06-12 04:45:00,45.8
2025-06-12 01:58:00,56.5
2025-06-12 06:48:00,49.86672560113154
2025-06-12 20:59:00,15.5
2025-06-12 03:28:00,84.7
2025-06-12 20:02:00,49.86672560113154
2025-06-12 12:32:00,53.5
2025-06-12 11:28:00,49.86672560113154
2025-06-12 00:26:00,62.3
2025-06-12 01:26:00,9.8
2025-06-12 19:41:00,21.2
2025-06-12 22:00:00,82.2
2025-06-12 20:23:00,49.86672560113154
2025-06-12 21:46:00,49.86672560113154
2025-06-12 05:12:00,49.86672560113154
2025-06-12 04:44:00,63.0
2025-06-12 05:36:00,41.6
2025-06-12 11:03:00,33.2
2025-06-12 17:29:00,97.7
2025-06-12 07:00:00,49.86672560113154
2025-06-12 12:52:00,47.5
2025-06-12 20:16:00,41.8
2025-06-12 06:10:00,54.7
2025-06-12 02:13:00,49.86672560113154
2025-06-12 17:31:00,13.1
2025-06-12 21:37:00,10.9
2025-06-12 16:32:00,46.1
2025-06-12 06:16:00,68.8
2025-06-12 04:50:00,34.6
2025-06-12 22:13:00,86.4
2025-06-12 02:36:00,70.3
2025-06-12 13:41:00,8.7
2025-06-12 19:54:00,63.5
2025-06-12 08:06:00,57.9
2025-06-12 04:35:00,15.7
2025-06-12 15:06:00,49.86672560113154
2025-06-12 17:07:00,13.3
2025-06-12 17:20:00,49.86672560113154
2025-06-12 09:49:00,2.7
2025-06-12 05:08:00,58.3
2025-06-12 18:26:00,11.8
2025-06-12 19:11:00,49.86672560113154
2025-06-12 08:46:00,97.1
2025-06-12 23:11:00,49.86672560113154
2025-06-12 16:16:00,38.5
2025-06-12 18:09:00,50.6
2025-06-12 09:41:00,37.3
2025-06-12 10:28:00,49.86672560113154
2025-06-12 21:19:00,9.3
2025-06-12 15:42:00,2.9
2025-06-12 04:18:00,4.4
2025-06-12 23:41:00,17.2
2025-06-12 00:32:00,36.8
2025-06-12 11:14:00,6.7
2025-06-12 16:01:00,57.0
2025-06-12 08:43:00,10.5
2025-06-12 01:04:00,0.9
2025-06-12 13:09:00,12.4
2025-06-12 00:51:00,14.9
2025-06-12 03:01:00,61.2
2025-06-12 13:26:00,52.0
2025-06-12 19:04:00,15.3
2025-06-12 18:46:00,45.0
2025-06-12 05:13:00,51.4
2025-06-12 23:58:00,50.8
2025-06-12 17:57:00,77.4
2025-06-12 07:30:00,49.86672560113154
2025-06-12 20:18:00,49.86672560113154
2025-06-12 16:09:00,14.2
2025-06-12 13:15:00,81.5
2025-06-12 11:06:00,77.6
2025-06-12 22:25:00,88.5
2025-06-12 11:13:00,47.7
2025-06-12 18:11:00,18.0
2025-06-12 23:22:00,88.3
2025-06-12 00:18:00,98.4
2025-06-12 12:44:00,83.8
2025-06-12 10:13:00,20.3
2025-06-12 17:06:00,25.0
2025-06-12 21:29:00,40.4
2025-06-12 04:05:00,3.9
2025-06-12 21:15:00,81.5
2025-06-12 07:21:00,61.3
2025-06-12 19:51:00,49.86672560113154
2025-06-12 11:42:00,98.6
2025-06-12 02:38:00,57.8
2025-06-12 18:45:00,18.7
2025-06-12 03:56:00,49.4
2025-06-12 23:25:00,99.4
2025-06-12 03:44:00,28.4
2025-06-12 02:52:00,7.1
2025-06-12 05:38:00,82.4
2025-06-12 08:35:00,31.8
2025-06-12 01:14:00,49.86672560113154
2025-06-12 20:10:00,94.0
2025-06-12 04:17:00,19.5
2025-06-12 11:51:00,85.1
2025-06-12 07:27:00,11.6
2025-06-12 13:53:00,24.4
2025-06-12 17:00:00,11.2
2025-06-12 18:12:00,16.8
2025-06-12 01:57:00,75.0
2025-06-12 15:15:00,42.0
2025-06-12 04:19:00,65.1
2025-06-12 10:41:00,70.2
2025-06-12 18:50:00,11.6
2025-06-12 11:09:00,72.9
2025-06-12 21:56:00,57.3
2025-06-12 15:33:00,91.5
2025-06-12 01:54:00,97.5
2025-06-12 13:56:00,31.3
2025-06-12 05:00:00,43.4
2025-06-12 08:32:00,89.6
2025-06-12 08:01:00,65.5
2025-06-12 00:22:00,49.86672560113154
2025-06-12 23:53:00,97.9
2025-06-12 20:38:00,18.7
2025-06-12 16:25:00,99.0
2025-06-12 01:00:00,49.86672560113154
2025-06-12 14:20:00,47.1
2025-06-12 16:55:00,59.4
2025-06-12 01:28:00,92.3
2025-06-12 11:34:00,63.5
2025-06-12 07:26:00,92.9
2025-06-12 18:49:00,49.86672560113154
2025-06-12 12:53:00,53.9
2025-06-12 15:58:00,77.5
2025-06-12 05:06:00,56.3
2025-06-12 14:19:00,25.4
2025-06-12 16:49:00,30.7
2025-06-12 08:44:00,85.5
2025-06-12 22:43:00,67.9
2025-06-12 02:39:00,92.7
2025-06-12 15:11:00,61.8
2025-06-12 18:43:00,44.4
2025-06-12 12:36:00,63.7
2025-06-12 01:59:00,72.5
2025-06-12 01:39:00,25.7
2025-06-12 07:06:00,71.8
2025-06-12 12:42:00,60.3
2025-06-12 10:07:00,40.8
2025-06-12 00:55:00,49.86672560113154
2025-06-12 13:35:00,73.0
2025-06-12 04:47:00,82.1
2025-06-12 05:25:00,89.0
2025-06-12 07:16:00,22.6
2025-06-12 20:47:00,37.8
2025-06-12 21:38:00,46.9
2025-06-12 08:34:00,36.0
2025-06-12 10:10:00,77.3
2025-06-12 18:44:00,52.7
2025-06-12 05:04:00,14.4
2025-06-12 04:30:00,33.9
2025-06-12 01:44:00,49.86672560113154
2025-06-12 09:35:00,19.5
2025-06-12 12:43:00,11.3
2025-06-12 22:31:00,49.86672560113154
2025-06-12 22:14:00,8.8
2025-06-12 14:41:00,49.86672560113154
2025-06-12 10:23:00,44.6
2025-06-12 20:35:00,50.9
2025-06-12 13:27:00,64.7
2025-06-12 07:31:00,77.8
2025-06-12 05:51:00,40.2
2025-06-12 06:39:00,49.86672560113154
2025-06-12 05:02:00,98.3
2025-06-12 14:53:00,7.8
2025-06-12 01:22:00,47.3
2025-06-12 09:33:00,20.2
2025-06-12 18:22:00,14.5
2025-06-12 09:13:00,59.3
2025-06-12 05:40:00,81.5
2025-06-12 17:26:00,63.6
2025-06-12 03:26:00,0.3
2025-06-12 19:06:00,53.5
2025-06-12 04:36:00,31.7
2025-06-12 03:29:00,49.86672560113154
2025-06-12 19:02:00,49.86672560113154
2025-06-12 01:37:00,1.5
2025-06-12 01:27:00,76.6
2025-06-12 23:32:00,43.0
2025-06-12 06:14:00,18.1
2025-06-12 17:23:00,49.86672560113154
2025-06-12 01:07:00,95.1
2025-06-12 20:24:00,49.86672560113154
2025-06-12 08:36:00,57.1
2025-06-12 12:50:00,49.86672560113154
2025-06-12 14:04:00,9.1
2025-06-12 16:24:00,49.86672560113154
2025-06-12 20:00:00,43.2
2025-06-12 03:06:00,87.6
2025-06-12 11:00:00,15.6
2025-06-12 18:59:00,13.5
2025-06-12 05:49:00,91.1
2025-06-12 20:37:00,49.86672560113154
2025-06-12 20:05:00,32.6
2025-06-12 19:49:00,18.1
2025-06-12 10:15:00,92.4
2025-06-12 14:54:00,13.4
2025-06-12 04:09:00,6.6
2025-06-12 09:08:00,15.0
2025-06-12 13:28:00,76.6
2025-06-12 14:13:00,29.5
2025-06-12 23:45:00,91.1
2025-06-12 05:53:00,52.1
2025-06-12 01:25:00,9.2
2025-06-12 06:04:00,41.6
2025-06-12 06:21:00,81.0
2025-06-12 17:24:00,62.4
2025-06-12 10:29:00,49.2
2025-06-12 06:29:00,76.6
2025-06-12 16:04:00,37.1
2025-06-12 16:02:00,92.0
2025-06-12 08:17:00,73.9
2025-06-12 01:05:00,64.8
2025-06-12 10:01:00,64.4
2025-06-12 06:01:00,49.86672560113154
2025-06-12 00:34:00,11.1
2025-06-12 11:16:00,49.86672560113154
2025-06-12 05:27:00,69.7
2025-06-12 18:31:00,11.2
2025-06-12 07:54:00,37.4
2025-06-12 00:59:00,40.5
2025-06-12 09:14:00,25.8
2025-06-12 21:04:00,49.86672560113154
2025-06-12 15:21:00,57.2
2025-06-12 13:02:00,11.6
2025-06-12 11:55:00,70.1
2025-06-12 18:29:00,18.1
2025-06-12 04:31:00,9.2
2025-06-12 03:47:00,28.5
2025-06-12 07:44:00,49.86672560113154
2025-06-12 23:55:00,42.6
2025-06-12 07:57:00,49.86672560113154
2025-06-12 00:07:00,31.2
2025-06-12 23:08:00,11.8
2025-06-12 10:33:00,71.4
2025-06-12 18:03:00,21.2
2025-06-12 21:30:00,56.1
2025-06-12 05:34:00,49.86672560113154
2025-06-12 12:37:00,49.86672560113154
2025-06-12 03:48:00,2.0
2025-06-12 23:51:00,42.9
2025-06-12 17:48:00,2.7
2025-06-12 08:15:00,66.1
2025-06-12 06:52:00,60.6
2025-06-12 19:37:00,21.0
2025-06-12 16:26:00,31.3
2025-06-12 00:37:00,41.3
2025-06-12 19:31:00,65.1
2025-06-12 12:48:00,50.613932505273034
2025-06-12 07:08:00,0.8
2025-06-12 10:33:00,92.6
2025-06-12 18:20:00,97.6
2025-06-12 03:01:00,41.4
2025-06-12 19:01:00,66.2
2025-06-12 04:56:00,93.5
2025-06-12 11:53:00,85.9
2025-06-12 13:54:00,32.2
2025-06-12 01:54:00,75.3
2025-06-12 05:52:00,57.2
2025-06-12 06:56:00,88.1
2025-06-12 22:06:00,5.1
2025-06-12 06:38:00,82.3
2025-06-12 13:28:00,5.5
2025-06-12 20:35:00,89.3
2025-06-12 13:51:00,50.613932505273034
2025-06-12 11:21:00,68.4
2025-06-12 22:16:00,50.613932505273034
2025-06-12 01:12:00,16.2
2025-06-12 17:04:00,41.4
2025-06-12 01:13:00,3.4
2025-06-12 21:15:00,50.613932505273034
2025-06-12 14:23:00,47.7
2025-06-12 13:50:00,4.6
2025-06-12 06:57:00,1.3
2025-06-12 17:12:00,68.7
2025-06-12 06:12:00,50.613932505273034
2025-06-12 11:13:00,89.9
2025-06-12 16:45:00,96.9
2025-06-12 21:44:00,69.5
2025-06-12 18:00:00,96.7
2025-06-12 12:36:00,50.613932505273034
2025-06-12 19:27:00,39.2
2025-06-12 02:04:00,0.4
2025-06-12 05:41:00,39.0
2025-06-12 13:22:00,13.2
2025-06-12 08:44:00,44.2
2025-06-12 03:28:00,18.5
2025-06-12 00:34:00,27.2
2025-06-12 15:52:00,61.5
2025-06-12 15:05:00,59.4
2025-06-12 02:55:00,17.6
2025-06-12 03:38:00,14.7
2025-06-12 09:26:00,49.1
2025-06-12 11:14:00,36.7
2025-06-12 05:56:00,62.3
2025-06-12 17:05:00,54.6
2025-06-12 13:00:00,19.7
2025-06-12 17:50:00,91.7
2025-06-12 10:55:00,18.8
2025-06-12 09:21:00,87.1
2025-06-12 23:26:00,39.0
2025-06-12 13:35:00,43.8
2025-06-12 11:45:00,0.4
2025-06-12 04:45:00,50.613932505273034
2025-06-12 13:42:00,50.613932505273034
2025-06-12 01:57:00,99.6
2025-06-12 21:09:00,59.7
2025-06-12 14:27:00,32.2
2025-06-12 14:49:00,50.613932505273034
2025-06-12 14:04:00,94.6
2025-06-12 07:10:00,52.1
2025-06-12 00:32:00,77.0
2025-06-12 07:16:00,70.5
2025-06-12 02:43:00,2.8
2025-06-12 13:56:00,47.0
2025-06-12 15:54:00,75.4
2025-06-12 23:53:00,76.7
2025-06-12 11:52:00,47.3
2025-06-12 07:20:00,94.2
2025-06-12 14:19:00,14.8
2025-06-12 09:09:00,7.2
2025-06-12 09:41:00,6.0
2025-06-12 15:23:00,68.7
2025-06-12 14:29:00,7.4
2025-06-12 13:32:00,4.1
2025-06-12 12:32:00,27.2
2025-06-12 15:59:00,82.8
2025-06-12 06:34:00,68.3
2025-06-12 17:02:00,39.6
2025-06-12 18:22:00,10.6
2025-06-12 11:42:00,56.4
2025-06-12 01:02:00,59.7
2025-06-12 15:51:00,50.613932505273034
2025-06-12 06:24:00,5.6
2025-06-12 06:01:00,42.1
2025-06-12 21:01:00,17.8
2025-06-12 02:10:00,60.8
2025-06-12 14:38:00,50.613932505273034
2025-06-12 03:33:00,88.0
2025-06-12 17:20:00,67.5
2025-06-12 22:02:00,28.9
2025-06-12 18:23:00,95.7
2025-06-12 06:49:00,32.0
2025-06-12 06:11:00,50.613932505273034
2025-06-12 03:21:00,13.6
2025-06-12 00:58:00,26.8
2025-06-12 14:42:00,24.5
2025-06-12 12:18:00,31.8
2025-06-12 18:33:00,13.9
2025-06-12 11:15:00,35.8
2025-06-12 16:39:00,64.2
2025-06-12 03:34:00,44.5
2025-06-12 14:20:00,9.4
2025-06-12 05:39:00,46.4
2025-06-12 05:54:00,93.7
2025-06-12 08:16:00,44.6
2025-06-12 08:30:00,85.4
2025-06-12 00:12:00,50.613932505273034
2025-06-12 10:13:00,89.9
2025-06-12 07:31:00,52.8
2025-06-12 04:34:00,15.0
2025-06-12 09:37:00,38.6
2025-06-12 18:07:00,45.7
2025-06-12 20:57:00,81.9
2025-06-12 09:17:00,39.9
2025-06-12 08:10:00,2.6
2025-06-12 21:18:00,72.6
2025-06-12 18:42:00,64.1
2025-06-12 01:00:00,78.3
2025-06-12 03:48:00,33.6
2025-06-12 13:02:00,36.9
2025-06-12 12:00:00,51.7
2025-06-12 11:31:00,18.5
2025-06-12 23:15:00,42.6
2025-06-12 18:28:00,25.8
2025-06-12 20:19:00,50.613932505273034
2025-06-12 13:07:00,94.4
2025-06-12 04:41:00,97.3
2025-06-12 09:18:00,91.0
2025-06-12 19:33:00,50.613932505273034
2025-06-12 05:19:00,31.0
2025-06-12 00:01:00,2.0
2025-06-12 05:47:00,42.2
2025-06-12 14:41:00,10.8
2025-06-12 19:16:00,50.613932505273034
2025-06-12 23:42:00,35.5
2025-06-12 06:10:00,28.1
2025-06-12 15:32:00,50.613932505273034
2025-06-12 03:07:00,20.7
2025-06-12 22:32:00,34.5
2025-06-12 08:03:00,50.613932505273034
2025-06-12 10:35:00,25.8
2025-06-12 18:25:00,50.613932505273034
2025-06-12 15:34:00,50.613932505273034
2025-06-12 05:18:00,50.613932505273034
2025-06-12 20:37:00,85.0
2025-06-12 12:11:00,50.613932505273034
2025-06-12 18:43:00,50.613932505273034
2025-06-12 19:36:00,50.613932505273034
2025-06-12 02:01:00,18.8
2025-06-12 13:44:00,50.613932505273034
2025-06-12 22:35:00,42.0
2025-06-12 12:08:00,54.9
2025-06-12 22:10:00,57.3
2025-06-12 12:54:00,54.7
2025-06-12 05:25:00,80.7
2025-06-12 15:08:00,75.3
2025-06-12 15:49:00,53.9
2025-06-12 09:07:00,99.8
2025-06-12 19:54:00,47.4
2025-06-12 04:16:00,39.6
2025-06-12 01:42:00,74.0
2025-06-12 06:28:00,89.8
2025-06-12 22:15:00,5.3
2025-06-12 13:33:00,83.8
2025-06-12 22:24:00,50.9
2025-06-12 23:41:00,41.7
2025-06-12 11:06:00,28.0
2025-06-12 04:39:00,50.613932505273034
2025-06-12 22:12:00,52.7
2025-06-12 06:42:00,23.9
2025-06-12 01:15:00,96.6
2025-06-12 19:18:00,24.7
2025-06-12 00:05:00,87.8
2025-06-12 16:05:00,32.3
2025-06-12 23:22:00,50.5
2025-06-12 02:40:00,81.1
2025-06-12 23:30:00,50.613932505273034
2025-06-12 19:30:00,37.2
2025-06-12 00:41:00,52.3
2025-06-12 01:22:00,4.1
2025-06-12 20:48:00,50.613932505273034
2025-06-12 06:58:00,44.1
2025-06-12 08:51:00,5.4
2025-06-12 10:20:00,50.613932505273034
2025-06-12 04:01:00,72.4
2025-06-12 05:22:00,4.7
2025-06-12 06:45:00,41.7
2025-06-12 14:57:00,28.7
2025-06-12 20:46:00,3.1
2025-06-12 22:31:00,50.613932505273034
2025-06-12 04:04:00,85.3
2025-06-12 04:21:00,98.9
2025-06-12 12:01:00,50.613932505273034
2025-06-12 20:54:00,68.8
2025-06-12 16:38:00,16.6
2025-06-12 12:55:00,50.613932505273034
2025-06-12 16:17:00,42.7
2025-06-12 13:17:00,50.613932505273034
2025-06-12 17:56:00,72.9
2025-06-12 11:16:00,93.4
2025-06-12 23:48:00,64.6
2025-06-12 19:50:00,87.4
2025-06-12 14:30:00,63.2
2025-06-12 14:50:00,20.4
2025-06-12 03:31:00,56.3
2025-06-12 02:16:00,50.613932505273034
2025-06-12 19:44:00,68.7
2025-06-12 19:53:00,60.7
2025-06-12 22:34:00,89.2
2025-06-12 11:29:00,50.613932505273034
2025-06-12 03:54:00,1.3
2025-06-12 17:08:00,19.9
2025-06-12 00:06:00,44.6
2025-06-12 09:31:00,83.1
2025-06-12 23:02:00,85.8
2025-06-12 22:01:00,89.4
2025-06-12 17:03:00,82.5
2025-06-12 00:57:00,23.1
2025-06-12 01:48:00,99.7
2025-06-12 08:06:00,10.6
2025-06-12 07:46:00,13.3
2025-06-12 00:47:00,19.7
2025-06-12 02:29:00,58.7
2025-06-12 08:20:00,50.613932505273034
2025-06-12 01:16:00,50.613932505273034
2025-06-12 21:02:00,93.5
2025-06-12 22:07:00,50.613932505273034
2025-06-12 18:04:00,99.1
2025-06-12 23:06:00,64.3
2025-06-12 02:32:00,24.6
2025-06-12 14:37:00,41.2
2025-06-12 09:53:00,78.6
2025-06-12 04:48:00,68.3
2025-06-12 04:07:00,36.7
2025-06-12 16:41:00,70.1
2025-06-12 19:24:00,34.0
2025-06-12 20:05:00,80.9
2025-06-12 12:39:00,47.8
2025-06-12 01:14:00,95.0
2025-06-12 05:38:00,37.4
2025-06-12 20:01:00,50.613932505273034
2025-06-12 11:54:00,25.0
2025-06-12 21:34:00,59.7
2025-06-12 16:58:00,9.8
2025-06-12 09:03:00,98.9
2025-06-12 07:30:00,50.613932505273034
2025-06-12 12:42:00,58.7
2025-06-12 16:54:00,66.9
2025-06-12 08:18:00,88.1
2025-06-12 03:05:00,11.9
2025-06-12 00:38:00,19.2
2025-06-12 05:24:00,94.3
2025-06-12 21:51:00,8.0
2025-06-12 23:13:00,59.0
2025-06-12 00:30:00,50.613932505273034
2025-06-12 22:00:00,34.2
2025-06-12 02:54:00,59.3
2025-06-12 21:04:00,4.1
2025-06-12 10:47:00,83.0
2025-06-12 21:52:00,63.2
2025-06-12 09:12:00,52.0
2025-06-12 03:45:00,44.6
2025-06-12 04:14:00,79.6
2025-06-12 18:29:00,12.0
2025-06-12 09:40:00,89.9
2025-06-12 07:09:00,28.2
2025-06-12 20:47:00,61.2
2025-06-12 02:22:00,45.8
2025-06-12 03:04:00,87.1
2025-06-12 15:02:00,53.6
2025-06-12 10:32:00,29.5
2025-06-12 01:32:00,73.1
2025-06-12 12:50:00,50.613932505273034
2025-06-12 15:17:00,23.2
2025-06-12 11:40:00,50.613932505273034
2025-06-12 15:56:00,71.6
2025-06-12 05:04:00,9.7
2025-06-12 07:34:00,50.3
2025-06-12 21:12:00,28.8
2025-06-12 22:47:00,50.613932505273034
2025-06-12 20:10:00,18.1
2025-06-12 17:41:00,37.3
2025-06-12 06:43:00,87.4
2025-06-12 03:51:00,36.7
2025-06-12 09:06:00,98.4
2025-06-12 16:06:00,34.4
2025-06-12 08:07:00,33.9
2025-06-12 22:03:00,30.5
2025-06-12 17:18:00,24.6
2025-06-12 20:44:00,37.0
2025-06-12 07:56:00,56.7
2025-06-12 03:43:00,39.0
2025-06-12 10:57:00,50.613932505273034
2025-06-12 13:52:00,35.1
2025-06-12 18:47:00,79.1
2025-06-12 04:25:00,90.9
2025-06-12 23:20:00,77.1
2025-06-12 01:17:00,56.9
2025-06-12 22:56:00,81.4
2025-06-12 08:39:00,88.5
2025-06-12 15:24:00,12.3
2025-06-12 18:31:00,41.3
2025-06-12 11:26:00,0.9
2025-06-12 05:07:00,5.1
2025-06-12 08:41:00,18.0
2025-06-12 10:25:00,96.3
2025-06-12 16:40:00,39.7
2025-06-12 07:10:00,35.8
2025-06-12 21:59:00,52.6
2025-06-12 16:09:00,50.17195767195767
2025-06-12 01:36:00,18.6
2025-06-12 16:31:00,13.0
2025-06-12 14:24:00,18.5
2025-06-12 15:01:00,49.0
2025-06-12 10:18:00,14.9
2025-06-12 12:15:00,45.6
2025-06-12 19:25:00,41.4
2025-06-12 04:39:00,33.3
2025-06-12 16:12:00,50.17195767195767
2025-06-12 12:05:00,2.6
2025-06-12 14:54:00,67.5
2025-06-12 16:30:00,83.6
2025-06-12 05:00:00,30.2
2025-06-12 06:15:00,23.3
2025-06-12 01:54:00,71.2
2025-06-12 05:13:00,11.2
2025-06-12 16:25:00,50.17195767195767
2025-06-12 05:42:00,76.5
2025-06-12 04:45:00,57.4
2025-06-12 17:49:00,50.4
2025-06-12 07:29:00,0.1
2025-06-12 05:44:00,6.2
2025-06-12 10:45:00,76.3
2025-06-12 09:03:00,4.3
2025-06-12 07:48:00,50.17195767195767
2025-06-12 07:51:00,86.9
2025-06-12 12:14:00,50.17195767195767
2025-06-12 13:44:00,50.17195767195767
2025-06-12 19:57:00,42.5
2025-06-12 07:19:00,50.17195767195767
2025-06-12 06:20:00,44.9
2025-06-12 14:15:00,36.2
2025-06-12 13:00:00,54.9
2025-06-12 11:54:00,59.1
2025-06-12 08:30:00,50.17195767195767
2025-06-12 00:40:00,62.7
2025-06-12 13:04:00,47.8
2025-06-12 15:33:00,50.17195767195767
2025-06-12 15:17:00,55.1
2025-06-12 13:36:00,34.4
2025-06-12 03:48:00,68.6
2025-06-12 15:53:00,62.0
2025-06-12 07:38:00,93.1
2025-06-12 01:30:00,3.3
2025-06-12 11:10:00,67.9
2025-06-12 02:49:00,50.17195767195767
2025-06-12 16:00:00,65.0
2025-06-12 06:56:00,25.7
2025-06-12 19:33:00,24.7
2025-06-12 00:26:00,49.7
2025-06-12 16:54:00,67.0
2025-06-12 18:11:00,59.1
2025-06-12 21:20:00,67.2
2025-06-12 01:31:00,31.2
2025-06-12 08:55:00,58.4
2025-06-12 14:31:00,4.2
2025-06-12 03:30:00,50.17195767195767
2025-06-12 21:51:00,50.17195767195767
2025-06-12 10:06:00,46.9
2025-06-12 01:09:00,90.9
2025-06-12 06:44:00,42.8
2025-06-12 06:35:00,63.5
2025-06-12 03:20:00,28.1
2025-06-12 06:30:00,50.17195767195767
2025-06-12 19:56:00,6.5
2025-06-12 12:12:00,81.9
2025-06-12 16:01:00,50.17195767195767
2025-06-12 04:55:00,25.7
2025-06-12 13:10:00,97.5
2025-06-12 04:50:00,29.7
2025-06-12 06:18:00,30.3
2025-06-12 19:47:00,50.17195767195767
2025-06-12 03:47:00,50.17195767195767
2025-06-12 21:42:00,40.8
2025-06-12 15:14:00,53.6
2025-06-12 01:11:00,89.1
2025-06-12 07:30:00,82.6
2025-06-12 05:26:00,28.5
2025-06-12 00:10:00,50.17195767195767
2025-06-12 22:18:00,62.9
2025-06-12 03:39:00,18.4
2025-06-12 10:56:00,19.7
2025-06-12 22:39:00,50.17195767195767
2025-06-12 15:16:00,13.7
2025-06-12 07:07:00,50.17195767195767
2025-06-12 05:17:00,96.3
2025-06-12 22:30:00,50.17195767195767
2025-06-12 20:27:00,61.1
2025-06-12 23:18:00,37.3
2025-06-12 08:11:00,62.6
2025-06-12 02:35:00,50.17195767195767
2025-06-12 17:16:00,68.8
2025-06-12 13:57:00,50.7
2025-06-12 13:01:00,63.0
2025-06-12 18:48:00,56.6
2025-06-12 13:37:00,76.4
2025-06-12 21:33:00,67.9
2025-06-12 01:16:00,77.6
2025-06-12 08:07:00,32.5
2025-06-12 23:33:00,50.17195767195767
2025-06-12 13:55:00,31.6
2025-06-12 14:21:00,57.0
2025-06-12 07:35:00,72.0
2025-06-12 07:50:00,82.1
2025-06-12 08:35:00,97.7
2025-06-12 08:26:00,50.17195767195767
2025-06-12 19:01:00,46.6
2025-06-12 14:20:00,20.6
2025-06-12 02:21:00,47.8
2025-06-12 10:36:00,21.5
2025-06-12 00:56:00,7.2
2025-06-12 10:32:00,81.4
2025-06-12 05:45:00,50.17195767195767
2025-06-12 03:32:00,90.3
2025-06-12 21:10:00,38.4
2025-06-12 10:24:00,50.17195767195767
2025-06-12 06:55:00,50.17195767195767
2025-06-12 13:39:00,34.2
2025-06-12 04:14:00,50.17195767195767
2025-06-12 00:39:00,22.3
2025-06-12 20:49:00,90.8
2025-06-12 12:42:00,5.9
2025-06-12 11:49:00,73.6
2025-06-12 04:26:00,50.17195767195767
2025-06-12 23:51:00,25.3
2025-06-12 09:31:00,30.3
2025-06-12 04:31:00,90.9
2025-06-12 07:37:00,12.4
2025-06-12 02:01:00,50.17195767195767
2025-06-12 13:07:00,86.2
2025-06-12 14:58:00,19.6
2025-06-12 01:34:00,86.1
2025-06-12 11:46:00,84.8
2025-06-12 11:24:00,50.17195767195767
2025-06-12 04:29:00,16.0
2025-06-12 03:46:00,55.9
2025-06-12 07:04:00,76.9
2025-06-12 11:02:00,25.7
2025-06-12 10:03:00,50.17195767195767
2025-06-12 13:49:00,50.17195767195767
2025-06-12 06:16:00,48.7
2025-06-12 17:18:00,8.9
2025-06-12 11:11:00,77.7
2025-06-12 16:08:00,8.0
2025-06-12 03:55:00,50.17195767195767
2025-06-12 02:07:00,17.9
2025-06-12 20:00:00,86.9
2025-06-12 04:19:00,76.3
2025-06-12 01:50:00,46.1
2025-06-12 03:27:00,82.5
2025-06-12 02:57:00,45.5
2025-06-12 03:08:00,69.8
2025-06-12 04:40:00,35.7
2025-06-12 19:14:00,60.5
2025-06-12 11:15:00,50.17195767195767
2025-06-12 09:36:00,50.17195767195767
2025-06-12 03:25:00,6.3
2025-06-12 16:52:00,50.17195767195767
2025-06-12 16:36:00,10.7
2025-06-12 04:01:00,74.3
2025-06-12 04:47:00,32.2
2025-06-12 14:52:00,50.17195767195767
2025-06-12 08:47:00,76.1
2025-06-12 00:29:00,43.6
2025-06-12 12:06:00,89.1
2025-06-12 16:28:00,40.4
2025-06-12 04:04:00,21.6
2025-06-12 15:58:00,62.1
2025-06-12 02:14:00,50.17195767195767
2025-06-12 23:00:00,91.2
2025-06-12 18:28:00,24.9
2025-06-12 21:15:00,48.6
2025-06-12 05:29:00,49.7
2025-06-12 17:50:00,77.7
2025-06-12 07:41:00,29.2
2025-06-12 12:49:00,92.9
2025-06-12 11:42:00,56.8
2025-06-12 16:06:00,9.6
2025-06-12 14:23:00,50.17195767195767
2025-06-12 21:50:00,12.3
2025-06-12 06:52:00,87.1
2025-06-12 11:34:00,25.9
2025-06-12 10:04:00,54.0
2025-06-12 07:25:00,21.5
2025-06-12 03:49:00,57.0
2025-06-12 02:15:00,50.17195767195767
2025-06-12 23:59:00,46.0
2025-06-12 18:51:00,80.3
2025-06-12 19:53:00,31.4
2025-06-12 06:47:00,62.5
2025-06-12 18:04:00,42.0
2025-06-12 10:58:00,81.9
2025-06-12 13:46:00,3.1
2025-06-12 23:34:00,62.7
2025-06-12 21:43:00,50.17195767195767
2025-06-12 16:21:00,90.6
2025-06-12 01:32:00,67.4
2025-06-12 19:37:00,34.3
2025-06-12 18:41:00,83.4
2025-06-12 16:04:00,48.4
2025-06-12 02:58:00,67.9
2025-06-12 07:13:00,15.9
2025-06-12 21:11:00,11.5
2025-06-12 09:09:00,52.4
2025-06-12 03:21:00,56.3
2025-06-12 17:30:00,15.3
2025-06-12 09:29:00,19.3
2025-06-12 04:32:00,50.17195767195767
2025-06-12 11:18:00,73.5
2025-06-12 15:26:00,86.2
2025-06-12 12:55:00,44.7
2025-06-12 05:14:00,42.0
2025-06-12 10:01:00,68.2
2025-06-12 14:56:00,32.6
2025-06-12 06:53:00,31.4
2025-06-12 17:21:00,69.8
2025-06-12 06:12:00,12.1
2025-06-12 21:52:00,60.3
2025-06-12 12:32:00,77.0
2025-06-12 03:02:00,50.17195767195767
2025-06-12 18:50:00,18.3
2025-06-12 19:41:00,68.8
2025-06-12 09:39:00,71.1
2025-06-12 04:27:00,30.5
2025-06-12 09:40:00,56.1
2025-06-12 18:13:00,13.1
2025-06-12 18:01:00,77.2
2025-06-12 07:17:00,40.0
2025-06-12 20:52:00,32.5
2025-06-12 22:46:00,76.1
2025-06-12 08:34:00,50.17195767195767
2025-06-12 18:33:00,59.1
2025-06-12 20:02:00,10.8
2025-06-12 03:53:00,83.1
2025-06-12 01:20:00,23.5
2025-06-12 14:59:00,30.0
2025-06-12 07:58:00,62.6
2025-06-12 03:28:00,66.4
2025-06-12 08:44:00,58.7
2025-06-12 15:13:00,22.6
2025-06-12 06:01:00,3.5
2025-06-12 22:01:00,70.1
2025-06-12 10:21:00,16.3
2025-06-12 16:55:00,56.2
2025-06-12 23:36:00,69.6
2025-06-12 21:08:00,50.17195767195767
2025-06-12 21:55:00,51.4
2025-06-12 17:00:00,91.1
2025-06-12 05:56:00,50.3
2025-06-12 12:34:00,25.2
2025-06-12 01:06:00,90.9
2025-06-12 22:36:00,99.4
2025-06-12 10:10:00,90.3
2025-06-12 20:36:00,1.7
2025-06-12 20:08:00,9.3
2025-06-12 03:59:00,48.5
2025-06-12 10:44:00,56.8
2025-06-12 09:25:00,6.5
2025-06-12 21:36:00,68.8
2025-06-12 23:32:00,49.2
2025-06-12 13:09:00,74.5
2025-06-12 09:06:00,30.6
2025-06-12 19:34:00,28.1
2025-06-12 18:12:00,50.17195767195767
2025-06-12 23:40:00,61.4
2025-06-12 21:02:00,68.4
2025-06-12 21:03:00,71.1
2025-06-12 22:00:00,47.4
2025-06-12 06:22:00,31.8
2025-06-12 09:37:00,19.7
2025-06-12 10:57:00,50.17195767195767
2025-06-12 14:06:00,21.5
2025-06-12 10:55:00,84.6
2025-06-12 03:15:00,18.0
2025-06-12 09:14:00,91.7
2025-06-12 07:34:00,50.8
2025-06-12 21:39:00,26.6
2025-06-12 03:34:00,81.5
2025-06-12 12:08:00,32.3
2025-06-12 00:38:00,88.9
2025-06-12 07:44:00,18.7
2025-06-12 12:41:00,46.4
2025-06-12 06:14:00,96.8
2025-06-12 22:42:00,95.4
2025-06-12 23:13:00,56.7
2025-06-12 20:33:00,54.7
2025-06-12 20:11:00,12.8
2025-06-12 03:11:00,45.2
2025-06-12 02:19:00,87.6
2025-06-12 02:39:00,33.8
2025-06-12 03:52:00,84.4
2025-06-12 14:45:00,65.0
2025-06-12 14:03:00,41.7
2025-06-12 15:35:00,72.0
2025-06-12 11:40:00,60.2
2025-06-12 05:51:00,20.7
2025-06-12 19:30:00,90.0
2025-06-12 16:53:00,14.1
2025-06-12 20:43:00,49.69252501471454
2025-06-12 13:25:00,37.8
2025-06-12 11:30:00,49.69252501471454
2025-06-12 10:18:00,31.4
2025-06-12 22:10:00,81.6
2025-06-12 10:31:00,28.2
2025-06-12 23:09:00,30.2
2025-06-12 14:07:00,60.4
2025-06-12 15:22:00,70.6
2025-06-12 18:36:00,17.8
2025-06-12 18:43:00,26.7
2025-06-12 16:34:00,85.5
2025-06-12 14:22:00,95.2
2025-06-12 23:25:00,68.4
2025-06-12 06:27:00,24.6
2025-06-12 21:01:00,49.69252501471454
2025-06-12 00:08:00,14.5
2025-06-12 10:29:00,2.5
2025-06-12 09:58:00,25.4
2025-06-12 17:07:00,49.69252501471454
2025-06-12 03:01:00,34.7
2025-06-12 02:27:00,61.3
2025-06-12 19:53:00,93.1
2025-06-12 15:26:00,90.6
2025-06-12 23:27:00,44.2
2025-06-12 06:28:00,49.69252501471454
2025-06-12 12:32:00,49.69252501471454
2025-06-12 09:31:00,71.2
2025-06-12 04:19:00,97.9
2025-06-12 07:27:00,68.3
2025-06-12 07:31:00,4.2
2025-06-12 12:18:00,49.69252501471454
2025-06-12 08:40:00,17.2
2025-06-12 18:31:00,94.4
2025-06-12 01:26:00,89.1
2025-06-12 18:30:00,33.4
2025-06-12 17:04:00,49.69252501471454
2025-06-12 19:27:00,89.1
2025-06-12 13:59:00,73.9
2025-06-12 13:18:00,90.0
2025-06-12 22:12:00,84.1
2025-06-12 23:16:00,75.3
2025-06-12 03:23:00,56.1
2025-06-12 21:39:00,65.3
2025-06-12 05:25:00,37.8
2025-06-12 05:44:00,56.0
2025-06-12 22:29:00,63.3
2025-06-12 22:25:00,57.9
2025-06-12 04:43:00,83.2
2025-06-12 02:00:00,47.7
2025-06-12 16:08:00,97.2
2025-06-12 14:51:00,49.69252501471454
2025-06-12 19:44:00,9.6
2025-06-12 08:04:00,20.1
2025-06-12 02:17:00,49.69252501471454
2025-06-12 04:03:00,79.7
2025-06-12 22:20:00,26.4
2025-06-12 21:12:00,48.6
2025-06-12 18:18:00,7.4
2025-06-12 09:42:00,49.69252501471454
2025-06-12 22:56:00,42.9
2025-06-12 15:52:00,18.9
2025-06-12 09:33:00,73.1
2025-06-12 16:31:00,90.8
2025-06-12 10:37:00,73.7
2025-06-12 23:20:00,37.9
2025-06-12 00:10:00,5.7
2025-06-12 06:12:00,49.69252501471454
2025-06-12 21:42:00,71.0
2025-06-12 20:30:00,32.6
2025-06-12 08:31:00,2.7
2025-06-12 10:00:00,49.69252501471454
2025-06-12 13:29:00,4.2
2025-06-12 17:47:00,21.8
2025-06-12 20:47:00,49.69252501471454
2025-06-12 14:52:00,25.9
2025-06-12 12:23:00,42.5
2025-06-12 23:59:00,33.7
2025-06-12 21:24:00,49.69252501471454
2025-06-12 14:11:00,17.2
2025-06-12 04:07:00,49.69252501471454
2025-06-12 17:02:00,37.4
2025-06-12 15:51:00,17.6
2025-06-12 05:09:00,82.6
2025-06-12 14:18:00,33.2
2025-06-12 11:38:00,88.1
2025-06-12 02:49:00,35.6
2025-06-12 01:06:00,41.4
2025-06-12 01:17:00,50.3
2025-06-12 01:14:00,29.2
2025-06-12 04:26:00,49.69252501471454
2025-06-12 23:24:00,37.3
2025-06-12 02:53:00,49.69252501471454
2025-06-12 08:32:00,1.5
2025-06-12 03:46:00,49.69252501471454
2025-06-12 20:54:00,67.5
2025-06-12 07:06:00,1.1
2025-06-12 04:40:00,96.2
2025-06-12 16:11:00,49.69252501471454
2025-06-12 17:59:00,78.5
2025-06-12 00:14:00,3.4
2025-06-12 04:53:00,51.5
2025-06-12 08:14:00,81.2
2025-06-12 10:10:00,94.6
2025-06-12 17:00:00,94.6
2025-06-12 22:36:00,41.8
2025-06-12 17:50:00,70.3
2025-06-12 02:46:00,38.0
2025-06-12 22:05:00,38.0
2025-06-12 02:13:00,39.6
2025-06-12 10:33:00,58.5
2025-06-12 14:04:00,48.9
2025-06-12 21:58:00,19.0
2025-06-12 23:29:00,87.5
2025-06-12 21:49:00,35.2
2025-06-12 12:31:00,60.5
2025-06-12 02:26:00,80.5
2025-06-12 13:39:00,49.69252501471454
2025-06-12 04:49:00,8.5
2025-06-12 10:01:00,49.69252501471454
2025-06-12 00:57:00,95.6
2025-06-12 18:05:00,39.8
2025-06-12 13:02:00,74.5
2025-06-12 01:09:00,10.5
2025-06-12 19:39:00,19.7
2025-06-12 00:25:00,49.69252501471454
2025-06-12 01:19:00,67.7
2025-06-12 13:00:00,34.3
2025-06-12 21:51:00,98.3
2025-06-12 07:07:00,60.5
2025-06-12 16:40:00,12.4
2025-06-12 15:42:00,63.2
2025-06-12 03:55:00,88.9
2025-06-12 08:17:00,98.2
2025-06-12 09:44:00,31.6
2025-06-12 18:11:00,92.1
2025-06-12 09:53:00,63.0
2025-06-12 16:00:00,81.5
2025-06-12 05:58:00,56.2
2025-06-12 18:01:00,51.4
2025-06-12 12:40:00,63.1
2025-06-12 22:35:00,7.6
2025-06-12 10:41:00,38.6
2025-06-12 15:01:00,4.6
2025-06-12 23:06:00,7.4
2025-06-12 01:18:00,54.0
2025-06-12 09:20:00,68.8
2025-06-12 07:22:00,13.4
2025-06-12 10:06:00,67.6
2025-06-12 22:31:00,7.5
2025-06-12 02:22:00,61.7
2025-06-12 02:48:00,29.5
2025-06-12 12:10:00,10.9
2025-06-12 01:15:00,49.69252501471454
2025-06-12 11:16:00,95.7
2025-06-12 16:27:00,6.7
2025-06-12 15:09:00,63.2
2025-06-12 20:09:00,14.6
2025-06-12 17:10:00,96.5
2025-06-12 02:56:00,38.7
2025-06-12 13:10:00,42.6
2025-06-12 11:53:00,21.4
2025-06-12 23:11:00,83.5
2025-06-12 19:45:00,49.69252501471454
2025-06-12 07:30:00,43.6
2025-06-12 22:34:00,67.6
2025-06-12 04:01:00,31.4
2025-06-12 12:24:00,53.7
2025-06-12 01:08:00,90.0
2025-06-12 13:34:00,67.6
2025-06-12 04:35:00,69.1
2025-06-12 19:48:00,94.4
2025-06-12 08:39:00,99.0
2025-06-12 16:12:00,29.7
2025-06-12 01:31:00,38.4
2025-06-12 12:37:00,20.1
2025-06-12 09:56:00,75.5
2025-06-12 01:46:00,73.6
2025-06-12 19:14:00,50.3
2025-06-12 12:59:00,68.8
2025-06-12 15:29:00,41.3
2025-06-12 05:38:00,37.9
2025-06-12 09:57:00,43.5
2025-06-12 17:06:00,19.3
2025-06-12 00:26:00,3.9
2025-06-12 13:28:00,6.1
2025-06-12 12:42:00,50.9
2025-06-12 04:31:00,44.7
2025-06-12 18:44:00,22.1
2025-06-12 10:36:00,49.69252501471454
2025-06-12 21:47:00,77.8
2025-06-12 11:19:00,70.5
2025-06-12 23:04:00,49.69252501471454
2025-06-12 19:19:00,49.69252501471454
2025-06-12 18:17:00,58.6
2025-06-12 06:23:00,36.5
2025-06-12 16:16:00,67.6
2025-06-12 04:56:00,85.8
2025-06-12 12:09:00,90.8
2025-06-12 04:57:00,16.0
2025-06-12 15:32:00,49.69252501471454
2025-06-12 00:16:00,5.1
2025-06-12 18:37:00,94.1
2025-06-12 13:46:00,49.69252501471454
2025-06-12 23:33:00,59.3
2025-06-12 16:36:00,63.3
2025-06-12 21:26:00,7.0
2025-06-12 11:17:00,39.3
2025-06-12 22:30:00,42.7
2025-06-12 04:37:00,17.4
2025-06-12 08:46:00,76.6
2025-06-12 05:29:00,79.1
2025-06-12 08:42:00,83.6
2025-06-12 11:21:00,14.9
2025-06-12 23:08:00,71.8
2025-06-12 13:47:00,28.9
2025-06-12 17:03:00,49.69252501471454
2025-06-12 08:02:00,42.0
2025-06-12 18:14:00,36.4
2025-06-12 05:21:00,64.2
2025-06-12 22:47:00,14.3
2025-06-12 16:52:00,55.8
2025-06-12 13:40:00,86.1
2025-06-12 16:41:00,52.0
2025-06-12 17:39:00,84.7
2025-06-12 11:50:00,22.9
2025-06-12 22:40:00,89.4
2025-06-12 22:59:00,49.69252501471454
2025-06-12 02:16:00,72.4
2025-06-12 01:32:00,94.8
2025-06-12 19:49:00,1.9
2025-06-12 05:39:00,92.5
2025-06-12 06:04:00,49.69252501471454
2025-06-12 11:56:00,49.69252501471454
2025-06-12 16:32:00,56.1
2025-06-12 01:48:00,63.3
2025-06-12 06:07:00,48.8
2025-06-12 02:31:00,66.4
2025-06-12 12:49:00,44.4
2025-06-12 18:32:00,65.7
2025-06-12 10:25:00,48.5
2025-06-12 00:20:00,64.3
2025-06-12 03:29:00,51.6
2025-06-12 20:14:00,49.69252501471454
2025-06-12 16:44:00,77.0
2025-06-12 10:35:00,49.69252501471454
2025-06-12 07:20:00,49.69252501471454
2025-06-12 04:59:00,82.3
2025-06-12 19:28:00,49.69252501471454
2025-06-12 18:38:00,77.5
2025-06-12 14:34:00,51.7
2025-06-12 09:49:00,31.6
2025-06-12 23:57:00,10.9
2025-06-12 00:28:00,49.69252501471454
2025-06-12 12:48:00,63.7
2025-06-12 06:14:00,49.69252501471454
2025-06-12 00:03:00,54.5
2025-06-12 10:11:00,84.2
2025-06-12 01:38:00,9.5
2025-06-12 17:18:00,81.8
2025-06-12 21:27:00,87.3
2025-06-12 15:21:00,47.8
2025-06-12 10:52:00,77.3
2025-06-12 13:44:00,68.6
2025-06-12 08:38:00,60.5
2025-06-12 00:06:00,55.1
2025-06-12 06:03:00,90.8
2025-06-12 23:00:00,69.6
2025-06-12 22:09:00,20.7
2025-06-12 19:51:00,82.3
2025-06-12 01:41:00,23.9
2025-06-12 18:06:00,22.6
2025-06-12 12:56:00,30.7
2025-06-12 09:04:00,50.2
2025-06-12 05:05:00,40.9
2025-06-12 16:20:00,58.4
2025-06-12 13:57:00,30.3
2025-06-12 20:16:00,49.69252501471454
2025-06-12 19:05:00,3.5
2025-06-12 04:23:00,3.7
2025-06-12 00:36:00,49.69252501471454
2025-06-12 17:28:00,92.4
2025-06-12 03:33:00,49.69252501471454
2025-06-12 03:17:00,21.9
2025-06-12 05:12:00,90.6
2025-06-12 03:18:00,28.0
2025-06-12 14:43:00,73.8
2025-06-12 06:32:00,1.1
2025-06-12 23:28:00,66.6
2025-06-12 18:03:00,0.7
2025-06-12 18:03:00,96.7
2025-06-12 03:00:00,69.0
2025-06-12 03:21:00,36.0
2025-06-12 02:22:00,2.4
2025-06-12 06:26:00,22.0
2025-06-12 04:57:00,28.5
2025-06-12 09:22:00,3.1
2025-06-12 07:40:00,84.1
2025-06-12 03:01:00,65.2
2025-06-12 21:32:00,18.2
2025-06-12 13:17:00,49.88181818181819
2025-06-12 11:25:00,34.1
2025-06-12 08:47:00,49.88181818181819
2025-06-12 19:25:00,37.7
2025-06-12 04:00:00,58.6
2025-06-12 05:24:00,49.88181818181819
2025-06-12 06:24:00,36.0
2025-06-12 01:02:00,91.7
2025-06-12 00:37:00,45.9
2025-06-12 16:56:00,50.9
2025-06-12 12:59:00,49.88181818181819
2025-06-12 02:06:00,95.3
2025-06-12 05:29:00,49.88181818181819
2025-06-12 05:35:00,99.1
2025-06-12 19:57:00,4.4
2025-06-12 17:15:00,57.3
2025-06-12 18:10:00,93.4
2025-06-12 21:02:00,81.0
2025-06-12 16:09:00,92.0
2025-06-12 17:56:00,49.88181818181819
2025-06-12 19:44:00,47.1
2025-06-12 11:30:00,69.5
2025-06-12 00:13:00,1.5
2025-06-12 04:44:00,4.9
2025-06-12 11:59:00,91.1
2025-06-12 06:44:00,84.3
2025-06-12 08:18:00,49.88181818181819
2025-06-12 20:21:00,71.0
2025-06-12 00:29:00,60.8
2025-06-12 07:14:00,9.7
2025-06-12 18:48:00,98.8
2025-06-12 13:05:00,19.1
2025-06-12 17:53:00,76.9
2025-06-12 04:04:00,45.8
2025-06-12 23:04:00,59.2
2025-06-12 17:43:00,49.88181818181819
2025-06-12 01:28:00,63.0
2025-06-12 01:41:00,28.4
2025-06-12 15:35:00,77.2
2025-06-12 01:30:00,14.9
2025-06-12 15:52:00,49.88181818181819
2025-06-12 08:23:00,49.88181818181819
2025-06-12 13:41:00,89.3
2025-06-12 09:13:00,64.7
2025-06-12 11:23:00,89.9
2025-06-12 21:10:00,36.4
2025-06-12 04:42:00,49.88181818181819
2025-06-12 19:16:00,49.9
2025-06-12 00:41:00,37.4
2025-06-12 06:13:00,44.8
2025-06-12 00:26:00,31.9
2025-06-12 23:38:00,33.9
2025-06-12 01:21:00,49.88181818181819
2025-06-12 17:30:00,32.0
2025-06-12 12:37:00,97.7
2025-06-12 12:29:00,36.4
2025-06-12 12:34:00,49.88181818181819
2025-06-12 11:27:00,63.9
2025-06-12 18:15:00,6.5
2025-06-12 23:53:00,40.2
2025-06-12 18:07:00,68.8
2025-06-12 20:59:00,33.0
2025-06-12 15:07:00,24.7
2025-06-12 21:19:00,46.7
2025-06-12 14:05:00,97.0
2025-06-12 21:00:00,30.2
2025-06-12 04:06:00,85.0
2025-06-12 13:21:00,49.88181818181819
2025-06-12 15:05:00,98.4
2025-06-12 12:36:00,95.3
2025-06-12 14:48:00,23.8
2025-06-12 20:55:00,31.7
2025-06-12 04:56:00,48.9
2025-06-12 20:54:00,67.1
2025-06-12 18:41:00,77.2
2025-06-12 06:51:00,2.2
2025-06-12 22:27:00,41.0
2025-06-12 08:52:00,16.3
2025-06-12 07:26:00,49.88181818181819
2025-06-12 08:25:00,63.8
2025-06-12 09:03:00,53.7
2025-06-12 21:34:00,13.1
2025-06-12 03:36:00,49.88181818181819
2025-06-12 01:04:00,49.88181818181819
2025-06-12 21:01:00,32.8
2025-06-12 18:57:00,8.6
2025-06-12 20:50:00,49.88181818181819
2025-06-12 23:58:00,2.6
2025-06-12 09:12:00,62.7
2025-06-12 03:26:00,33.1
2025-06-12 05:48:00,49.88181818181819
2025-06-12 15:31:00,38.9
2025-06-12 19:14:00,50.0
2025-06-12 21:06:00,49.88181818181819
2025-06-12 17:04:00,24.6
2025-06-12 02:01:00,16.3
2025-06-12 05:41:00,2.3
2025-06-12 07:05:00,63.5
2025-06-12 23:29:00,21.7
2025-06-12 08:48:00,82.7
2025-06-12 18:05:00,19.0
2025-06-12 02:48:00,30.0
2025-06-12 00:08:00,42.4
2025-06-12 02:50:00,56.0
2025-06-12 22:03:00,61.8
2025-06-12 20:18:00,97.0
2025-06-12 05:10:00,97.4
2025-06-12 06:48:00,79.8
2025-06-12 02:49:00,49.88181818181819
2025-06-12 13:30:00,57.9
2025-06-12 08:21:00,13.0
2025-06-12 12:41:00,80.9
2025-06-12 16:39:00,68.9
2025-06-12 04:21:00,49.88181818181819
2025-06-12 23:08:00,55.7
2025-06-12 15:14:00,17.4
2025-06-12 17:21:00,48.1
2025-06-12 16:07:00,4.1
2025-06-12 22:44:00,26.3
2025-06-12 21:53:00,36.4
2025-06-12 05:04:00,72.6
2025-06-12 04:25:00,97.4
2025-06-12 10:59:00,12.7
2025-06-12 17:24:00,96.9
2025-06-12 22:42:00,15.1
2025-06-12 13:59:00,99.1
2025-06-12 07:13:00,42.0
2025-06-12 15:26:00,36.7
2025-06-12 02:25:00,95.7
2025-06-12 09:05:00,86.9
2025-06-12 12:12:00,44.7
2025-06-12 11:40:00,64.4
2025-06-12 09:01:00,50.1
2025-06-12 08:39:00,71.9
2025-06-12 04:07:00,83.4
2025-06-12 03:13:00,33.7
2025-06-12 14:31:00,49.88181818181819
2025-06-12 03:58:00,9.1
2025-06-12 21:55:00,14.6
2025-06-12 08:35:00,71.0
2025-06-12 06:03:00,49.88181818181819
2025-06-12 16:04:00,33.1
2025-06-12 00:20:00,85.9
2025-06-12 14:50:00,88.0
2025-06-12 23:21:00,0.6
2025-06-12 12:42:00,63.6
2025-06-12 00:36:00,31.7
2025-06-12 02:51:00,15.0
2025-06-12 01:22:00,72.5
2025-06-12 18:00:00,56.0
2025-06-12 06:19:00,34.6
2025-06-12 01:31:00,64.1
2025-06-12 16:17:00,97.1
2025-06-12 21:27:00,57.0
2025-06-12 11:52:00,6.2
2025-06-12 20:58:00,54.1
2025-06-12 12:04:00,43.6
2025-06-12 17:23:00,31.5
2025-06-12 09:17:00,14.1
2025-06-12 17:42:00,99.8
2025-06-12 02:41:00,49.88181818181819
2025-06-12 11:31:00,49.88181818181819
2025-06-12 19:37:00,49.88181818181819
2025-06-12 20:31:00,16.5
2025-06-12 11:56:00,56.8
2025-06-12 07:41:00,45.6
2025-06-12 21:54:00,4.9
2025-06-12 19:39:00,98.1
2025-06-12 03:02:00,22.2
2025-06-12 06:53:00,32.4
2025-06-12 00:34:00,77.6
2025-06-12 10:20:00,49.88181818181819
2025-06-12 23:11:00,25.1
2025-06-12 05:15:00,13.9
2025-06-12 20:51:00,68.0
2025-06-12 02:34:00,30.3
2025-06-12 03:19:00,49.88181818181819
2025-06-12 19:31:00,83.5
2025-06-12 14:01:00,88.6
2025-06-12 23:31:00,34.4
2025-06-12 11:37:00,4.0
2025-06-12 20:14:00,52.7
2025-06-12 15:27:00,7.4
2025-06-12 23:05:00,32.7
2025-06-12 14:28:00,24.4
2025-06-12 13:14:00,90.5
2025-06-12 01:54:00,50.7
2025-06-12 19:54:00,16.4
2025-06-12 23:35:00,85.1
2025-06-12 14:14:00,13.1
2025-06-12 05:05:00,60.4
2025-06-12 01:20:00,24.7
2025-06-12 08:15:00,49.88181818181819
2025-06-12 02:32:00,79.5
2025-06-12 03:44:00,61.0
2025-06-12 10:56:00,49.88181818181819
2025-06-12 11:07:00,16.7
2025-06-12 06:06:00,42.8
2025-06-12 06:25:00,49.88181818181819
2025-06-12 09:54:00,58.8
2025-06-12 09:29:00,35.3
2025-06-12 04:16:00,63.1
2025-06-12 13:19:00,93.0
2025-06-12 02:16:00,77.6
2025-06-12 10:11:00,10.6
2025-06-12 09:23:00,92.1
2025-06-12 15:21:00,27.8
2025-06-12 10:51:00,66.3
2025-06-12 21:52:00,20.2
2025-06-12 10:19:00,71.2
2025-06-12 04:34:00,73.3
2025-06-12 14:27:00,96.1
2025-06-12 01:01:00,97.3
2025-06-12 18:13:00,49.88181818181819
2025-06-12 08:05:00,49.88181818181819
2025-06-12 04:40:00,50.8
2025-06-12 02:27:00,58.9
2025-06-12 09:59:00,61.8
2025-06-12 14:03:00,47.2
2025-06-12 19:48:00,95.4
2025-06-12 00:49:00,12.8
2025-06-12 23:39:00,28.0
2025-06-12 19:52:00,87.3
2025-06-12 03:29:00,63.3
2025-06-12 15:09:00,73.2
2025-06-12 19:45:00,97.1
2025-06-12 23:37:00,49.88181818181819
2025-06-12 16:21:00,68.6
2025-06-12 13:51:00,91.1
2025-06-12 04:35:00,17.0
2025-06-12 11:22:00,6.8
2025-06-12 22:31:00,77.2
2025-06-12 12:14:00,49.88181818181819
2025-06-12 21:09:00,63.5
2025-06-12 19:58:00,85.4
2025-06-12 10:13:00,49.88181818181819
2025-06-12 22:02:00,39.5
2025-06-12 10:52:00,39.6
2025-06-12 00:10:00,89.5
2025-06-12 06:31:00,13.6
2025-06-12 19:20:00,96.5
2025-06-12 21:31:00,65.2
2025-06-12 22:24:00,80.3
2025-06-12 22:20:00,98.4
2025-06-12 12:26:00,94.8
2025-06-12 21:04:00,77.1
2025-06-12 09:02:00,99.0
2025-06-12 16:13:00,11.7
2025-06-12 06:17:00,49.88181818181819
2025-06-12 03:54:00,49.88181818181819
2025-06-12 07:35:00,19.1
2025-06-12 04:11:00,42.2
2025-06-12 18:31:00,69.6
2025-06-12 17:22:00,82.2
2025-06-12 19:35:00,49.88181818181819
2025-06-12 08:01:00,36.7
2025-06-12 20:15:00,17.7
2025-06-12 04:24:00,13.3
2025-06-12 12:19:00,49.88181818181819
2025-06-12 23:19:00,49.88181818181819
2025-06-12 20:41:00,2.8
2025-06-12 06:07:00,12.3
2025-06-12 13:32:00,62.6
2025-06-12 02:35:00,68.1
2025-06-12 03:04:00,94.4
2025-06-12 16:49:00,49.88181818181819
2025-06-12 11:21:00,11.6
2025-06-12 15:51:00,4.3
2025-06-12 08:26:00,72.6
2025-06-12 23:22:00,94.5
2025-06-12 04:31:00,49.88181818181819
2025-06-12 09:33:00,49.88181818181819
2025-06-12 11:12:00,49.88181818181819
2025-06-12 07:47:00,29.8
2025-06-12 18:01:00,2.3
2025-06-12 06:36:00,7.2
2025-06-12 00:44:00,3.7
2025-06-12 07:25:00,27.3
2025-06-12 16:46:00,69.0
2025-06-12 03:10:00,45.9
2025-06-12 10:35:00,30.4
2025-06-12 20:32:00,62.9
2025-06-12 12:18:00,40.1
2025-06-12 11:39:00,47.3
2025-06-12 11:13:00,0.9
2025-06-12 15:01:00,69.8
2025-06-12 21:49:00,24.9
2025-06-12 05:38:00,49.88181818181819
2025-06-12 16:10:00,57.1
2025-06-12 20:09:00,13.3
2025-06-12 00:25:00,61.4
2025-06-12 06:21:00,26.0
2025-06-12 23:52:00,5.6
2025-06-12 05:36:00,4.4
2025-06-12 09:20:00,28.6
2025-06-12 19:40:00,69.8
2025-06-12 03:51:00,3.9
2025-06-12 14:52:00,39.1
2025-06-12 07:15:00,43.5
2025-06-12 07:52:00,44.0
2025-06-12 08:42:00,78.9
2025-06-12 20:47:00,38.7
2025-06-12 18:06:00,49.88181818181819
2025-06-12 21:33:00,49.88181818181819
2025-06-12 05:40:00,67.4
2025-06-12 16:01:00,84.3
2025-06-12 08:30:00,15.1
2025-06-12 12:57:00,2.1
2025-06-12 12:35:00,77.1
2025-06-12 04:58:00,4.5
2025-06-12 06:37:00,12.7
2025-06-12 10:41:00,75.5
2025-06-12 20:38:00,27.2
2025-06-12 00:50:00,24.8
2025-06-12 03:01:00,50.019744401453856
2025-06-12 10:28:00,84.5
2025-06-12 12:32:00,2.2
2025-06-12 07:51:00,47.1
2025-06-12 11:57:00,48.2
2025-06-12 08:08:00,86.7
2025-06-12 13:54:00,50.019744401453856
2025-06-12 05:47:00,65.7
2025-06-12 18:00:00,23.4
2025-06-12 21:01:00,50.0
2025-06-12 12:22:00,64.8
2025-06-12 15:01:00,31.5
2025-06-12 09:59:00,89.5
2025-06-12 01:21:00,44.3
2025-06-12 18:18:00,76.2
2025-06-12 17:52:00,63.5
2025-06-12 08:03:00,64.4
2025-06-12 11:42:00,90.5
2025-06-12 17:34:00,89.3
2025-06-12 21:17:00,55.9
2025-06-12 21:12:00,79.7
2025-06-12 08:14:00,4.2
2025-06-12 07:53:00,85.0
2025-06-12 04:43:00,65.9
2025-06-12 20:24:00,7.0
2025-06-12 15:03:00,80.6
2025-06-12 05:29:00,41.8
2025-06-12 14:35:00,82.5
2025-06-12 16:16:00,20.8
2025-06-12 21:53:00,63.2
2025-06-12 15:37:00,59.7
2025-06-12 13:29:00,52.9
2025-06-12 10:24:00,23.5
2025-06-12 21:10:00,55.0
2025-06-12 20:06:00,66.9
2025-06-12 15:11:00,60.1
2025-06-12 16:25:00,90.2
2025-06-12 23:44:00,44.6
2025-06-12 18:29:00,11.1
2025-06-12 20:04:00,50.019744401453856
2025-06-12 22:55:00,90.7
2025-06-12 06:16:00,55.0
2025-06-12 19:50:00,14.2
2025-06-12 20:08:00,6.1
2025-06-12 00:07:00,50.019744401453856
2025-06-12 13:00:00,43.7
2025-06-12 01:04:00,57.2
2025-06-12 07:25:00,88.9
2025-06-12 12:01:00,90.9
2025-06-12 02:03:00,41.6
2025-06-12 13:22:00,27.0
2025-06-12 16:54:00,61.9
2025-06-12 11:59:00,28.3
2025-06-12 16:22:00,26.9
2025-06-12 20:16:00,96.4
2025-06-12 10:12:00,6.5
2025-06-12 23:53:00,51.5
2025-06-12 05:15:00,50.019744401453856
2025-06-12 03:42:00,9.5
2025-06-12 03:13:00,27.4
2025-06-12 08:34:00,59.7
2025-06-12 01:01:00,67.2
2025-06-12 18:43:00,49.8
2025-06-12 00:29:00,2.9
2025-06-12 02:36:00,84.1
2025-06-12 04:25:00,15.8
2025-06-12 09:46:00,24.0
2025-06-12 00:10:00,50.019744401453856
2025-06-12 13:38:00,63.3
2025-06-12 04:15:00,68.1
2025-06-12 13:52:00,36.3
2025-06-12 04:18:00,77.6
2025-06-12 02:18:00,27.4
2025-06-12 00:26:00,73.6
2025-06-12 21:52:00,50.019744401453856
2025-06-12 20:57:00,24.9
2025-06-12 20:21:00,62.7
2025-06-12 06:58:00,65.3
2025-06-12 07:30:00,78.7
2025-06-12 03:27:00,37.9
2025-06-12 11:11:00,24.7
2025-06-12 23:51:00,55.2
2025-06-12 19:07:00,10.9
2025-06-12 10:05:00,77.6
2025-06-12 12:24:00,10.3
2025-06-12 10:50:00,50.019744401453856
2025-06-12 08:16:00,1.7
2025-06-12 21:59:00,70.7
2025-06-12 09:33:00,57.9
2025-06-12 03:49:00,50.019744401453856
2025-06-12 05:53:00,34.7
2025-06-12 15:12:00,53.9
2025-06-12 23:26:00,68.5
2025-06-12 00:38:00,52.6
2025-06-12 00:30:00,77.7
2025-06-12 03:45:00,10.1
2025-06-12 18:14:00,10.6
2025-06-12 19:05:00,9.8
2025-06-12 03:10:00,48.8
2025-06-12 21:32:00,57.1
2025-06-12 02:09:00,82.0
2025-06-12 00:34:00,99.1
2025-06-12 18:04:00,98.3
2025-06-12 16:48:00,92.4
2025-06-12 02:38:00,50.019744401453856
2025-06-12 01:00:00,38.4
2025-06-12 03:50:00,93.9
2025-06-12 09:01:00,8.4
2025-06-12 07:26:00,72.1
2025-06-12 12:58:00,50.019744401453856
2025-06-12 00:37:00,95.3
2025-06-12 17:09:00,80.2
2025-06-12 22:59:00,62.0
2025-06-12 23:09:00,34.4
2025-06-12 10:45:00,99.9
2025-06-12 20:56:00,81.5
2025-06-12 06:03:00,85.9
2025-06-12 11:56:00,31.9
2025-06-12 10:34:00,34.3
2025-06-12 04:03:00,37.5
2025-06-12 14:41:00,54.0
2025-06-12 20:13:00,50.019744401453856
2025-06-12 17:13:00,52.9
2025-06-12 15:19:00,50.019744401453856
2025-06-12 03:53:00,42.6
2025-06-12 05:46:00,50.019744401453856
2025-06-12 07:07:00,43.1
2025-06-12 06:49:00,29.5
2025-06-12 13:50:00,89.4
2025-06-12 22:16:00,16.0
2025-06-12 16:44:00,39.5
2025-06-12 22:08:00,50.019744401453856
2025-06-12 08:20:00,50.019744401453856
2025-06-12 05:16:00,53.2
2025-06-12 08:13:00,31.9
2025-06-12 01:43:00,82.1
2025-06-12 09:36:00,50.019744401453856
2025-06-12 06:00:00,55.1
2025-06-12 09:42:00,43.8
2025-06-12 04:05:00,64.7
2025-06-12 06:26:00,97.9
2025-06-12 11:00:00,34.7
2025-06-12 03:41:00,69.4
2025-06-12 22:29:00,50.9
2025-06-12 12:34:00,54.9
2025-06-12 02:04:00,2.1
2025-06-12 11:30:00,56.7
2025-06-12 02:28:00,42.2
2025-06-12 21:41:00,68.8
2025-06-12 22:18:00,15.9
2025-06-12 23:52:00,42.6
2025-06-12 04:12:00,68.4
2025-06-12 12:17:00,61.3
2025-06-12 07:05:00,42.9
2025-06-12 09:07:00,98.2
2025-06-12 12:44:00,68.2
2025-06-12 15:28:00,50.019744401453856
2025-06-12 04:29:00,50.019744401453856
2025-06-12 11:41:00,0.2
2025-06-12 21:31:00,50.019744401453856
2025-06-12 18:22:00,10.1
2025-06-12 00:39:00,87.5
2025-06-12 02:44:00,50.019744401453856
2025-06-12 01:59:00,9.3
2025-06-12 08:37:00,5.2
2025-06-12 20:10:00,51.2
2025-06-12 23:38:00,39.5
2025-06-12 07:55:00,68.6
2025-06-12 07:06:00,50.019744401453856
2025-06-12 18:09:00,22.3
2025-06-12 18:52:00,2.1
2025-06-12 21:43:00,49.2
2025-06-12 12:26:00,50.019744401453856
2025-06-12 23:14:00,85.5
2025-06-12 16:58:00,79.0
2025-06-12 01:31:00,94.8
2025-06-12 22:13:00,52.0
2025-06-12 02:30:00,17.5
2025-06-12 05:18:00,4.0
2025-06-12 14:49:00,50.019744401453856
2025-06-12 17:21:00,29.8
2025-06-12 01:18:00,48.3
2025-06-12 22:34:00,50.019744401453856
2025-06-12 09:41:00,52.9
2025-06-12 10:08:00,37.2
2025-06-12 04:38:00,40.5
2025-06-12 01:17:00,38.4
2025-06-12 01:40:00,78.6
2025-06-12 16:36:00,22.2
2025-06-12 03:54:00,47.0
2025-06-12 16:28:00,79.6
2025-06-12 07:34:00,56.7
2025-06-12 17:27:00,85.8
2025-06-12 23:15:00,9.7
2025-06-12 14:45:00,66.4
2025-06-12 02:53:00,21.9
2025-06-12 15:32:00,66.3
2025-06-12 04:55:00,2.5
2025-06-12 11:20:00,18.7
2025-06-12 08:33:00,71.7
2025-06-12 03:43:00,3.2
2025-06-12 07:01:00,88.9
2025-06-12 22:41:00,26.0
2025-06-12 22:43:00,79.2
2025-06-12 20:59:00,50.019744401453856
2025-06-12 22:14:00,84.1
2025-06-12 19:14:00,64.3
2025-06-12 15:22:00,50.019744401453856
2025-06-12 15:44:00,52.5
2025-06-12 19:09:00,44.4
2025-06-12 16:20:00,50.019744401453856
2025-06-12 16:04:00,50.019744401453856
2025-06-12 16:05:00,27.6
2025-06-12 06:50:00,50.019744401453856
2025-06-12 23:20:00,49.9
2025-06-12 22:30:00,50.7
2025-06-12 03:28:00,50.019744401453856
2025-06-12 21:46:00,56.1
2025-06-12 11:33:00,68.9
2025-06-12 20:09:00,62.3
2025-06-12 16:10:00,76.2
2025-06-12 12:06:00,39.1
2025-06-12 12:48:00,41.0
2025-06-12 12:11:00,28.7
2025-06-12 05:04:00,92.0
2025-06-12 02:46:00,57.4
2025-06-12 08:53:00,89.9
2025-06-12 10:51:00,7.6
2025-06-12 20:23:00,26.2
2025-06-12 17:59:00,65.7
2025-06-12 12:57:00,93.1
2025-06-12 06:22:00,22.7
2025-06-12 15:05:00,20.3
2025-06-12 16:33:00,50.019744401453856
2025-06-12 01:05:00,18.2
2025-06-12 21:25:00,97.0
2025-06-12 08:49:00,75.0
2025-06-12 02:29:00,82.4
2025-06-12 16:43:00,67.5
2025-06-12 19:13:00,82.4
2025-06-12 04:53:00,39.7
2025-06-12 16:45:00,99.0
2025-06-12 04:23:00,97.9
2025-06-12 13:58:00,43.8
2025-06-12 19:54:00,30.7
2025-06-12 11:29:00,85.8
2025-06-12 22:21:00,57.6
2025-06-12 12:10:00,62.3
2025-06-12 19:24:00,76.3
2025-06-12 15:59:00,23.5
2025-06-12 04:41:00,97.7
2025-06-12 05:51:00,20.1
2025-06-12 05:05:00,62.6
2025-06-12 23:22:00,47.6
2025-06-12 02:26:00,17.0
2025-06-12 07:00:00,57.6
2025-06-12 02:31:00,75.7
2025-06-12 06:13:00,48.3
2025-06-12 00:41:00,65.7
2025-06-12 17:36:00,62.6
2025-06-12 00:24:00,91.3
2025-06-12 11:46:00,50.019744401453856
2025-06-12 12:21:00,68.5
2025-06-12 10:46:00,23.6
2025-06-12 12:37:00,0.2
2025-06-12 16:07:00,56.1
2025-06-12 13:13:00,20.4
2025-06-12 02:39:00,73.9
2025-06-12 10:40:00,50.019744401453856
2025-06-12 15:24:00,50.019744401453856
2025-06-12 01:20:00,26.3
2025-06-12 15:47:00,84.3
2025-06-12 22:56:00,50.019744401453856
2025-06-12 17:31:00,91.7
2025-06-12 22:01:00,36.8
2025-06-12 05:28:00,50.2
2025-06-12 17:11:00,4.7
2025-06-12 12:46:00,7.8
2025-06-12 19:53:00,76.3
2025-06-12 04:22:00,7.3
2025-06-12 21:36:00,18.0
2025-06-12 04:49:00,27.4
2025-06-12 02:54:00,30.9
2025-06-12 14:59:00,37.9
2025-06-12 08:07:00,14.6
2025-06-12 05:13:00,6.0
2025-06-12 20:19:00,96.9
2025-06-12 20:30:00,85.8
2025-06-12 09:44:00,75.5
2025-06-12 23:43:00,43.0
2025-06-12 09:08:00,43.0
2025-06-12 09:32:00,8.5
2025-06-12 14:05:00,2.6
2025-06-12 20:11:00,71.0
2025-06-12 18:02:00,69.7
2025-06-12 21:02:00,50.019744401453856
2025-06-12 01:47:00,80.0
2025-06-12 16:18:00,26.0
2025-06-12 12:43:00,48.2
2025-06-12 18:33:00,42.2
2025-06-12 10:21:00,72.0
2025-06-12 08:17:00,63.0
2025-06-12 16:31:00,68.1
2025-06-12 16:12:00,49.0
2025-06-12 22:00:00,50.0
2025-06-12 12:35:00,70.1
2025-06-12 21:00:00,86.2
2025-06-12 14:02:00,49.94205948042788
2025-06-12 12:03:00,19.7
2025-06-12 18:39:00,19.2
2025-06-12 18:57:00,73.5
2025-06-12 04:44:00,11.1
2025-06-12 16:48:00,12.0
2025-06-12 19:43:00,22.0
2025-06-12 01:17:00,92.4
2025-06-12 18:23:00,24.3
2025-06-12 04:07:00,13.4
2025-06-12 02:53:00,14.3
2025-06-12 00:24:00,1.2
2025-06-12 18:04:00,16.2
2025-06-12 12:27:00,30.9
2025-06-12 01:00:00,36.6
2025-06-12 08:56:00,94.3
2025-06-12 01:48:00,69.5
2025-06-12 15:32:00,36.7
2025-06-12 11:36:00,8.5
2025-06-12 14:22:00,70.2
2025-06-12 10:31:00,0.8
2025-06-12 16:31:00,14.3
2025-06-12 16:51:00,49.94205948042788
2025-06-12 17:26:00,39.3
2025-06-12 18:09:00,52.1
2025-06-12 07:21:00,35.3
2025-06-12 16:35:00,88.2
2025-06-12 00:08:00,75.6
2025-06-12 20:07:00,49.94205948042788
2025-06-12 03:16:00,70.3
2025-06-12 03:42:00,40.3
2025-06-12 14:35:00,49.94205948042788
2025-06-12 03:57:00,49.94205948042788
2025-06-12 08:00:00,22.5
2025-06-12 12:56:00,49.94205948042788
2025-06-12 17:54:00,34.0
2025-06-12 10:43:00,49.94205948042788
2025-06-12 07:01:00,43.8
2025-06-12 16:45:00,62.6
2025-06-12 07:14:00,88.3
2025-06-12 09:57:00,82.1
2025-06-12 11:10:00,37.8
2025-06-12 23:26:00,60.1
2025-06-12 13:17:00,66.6
2025-06-12 12:32:00,38.5
2025-06-12 23:43:00,79.6
2025-06-12 06:04:00,14.3
2025-06-12 15:02:00,68.6
2025-06-12 20:21:00,59.7
2025-06-12 00:02:00,13.0
2025-06-12 10:06:00,49.94205948042788
2025-06-12 14:48:00,23.7
2025-06-12 20:06:00,16.6
2025-06-12 02:19:00,58.3
2025-06-12 09:04:00,4.3
2025-06-12 13:54:00,56.8
2025-06-12 18:50:00,85.8
2025-06-12 09:22:00,36.4
2025-06-12 09:23:00,49.94205948042788
2025-06-12 15:13:00,56.8
2025-06-12 08:40:00,53.5
2025-06-12 12:40:00,87.5
2025-06-12 05:38:00,29.8
2025-06-12 14:17:00,95.8
2025-06-12 21:27:00,46.2
2025-06-12 08:59:00,9.3
2025-06-12 13:42:00,72.8
2025-06-12 23:19:00,32.1
2025-06-12 20:22:00,27.1
2025-06-12 20:09:00,49.94205948042788
2025-06-12 17:16:00,24.1
2025-06-12 12:16:00,93.4
2025-06-12 19:15:00,39.2
2025-06-12 00:19:00,82.4
2025-06-12 04:03:00,8.5
2025-06-12 23:38:00,15.2
2025-06-12 19:21:00,67.7
2025-06-12 09:59:00,12.0
2025-06-12 09:52:00,93.2
2025-06-12 18:59:00,19.1
2025-06-12 08:46:00,42.4
2025-06-12 09:42:00,49.94205948042788
2025-06-12 09:16:00,49.94205948042788
2025-06-12 09:14:00,99.8
2025-06-12 01:16:00,39.6
2025-06-12 16:37:00,13.0
2025-06-12 01:58:00,81.8
2025-06-12 06:56:00,49.94205948042788
2025-06-12 23:39:00,37.9
2025-06-12 12:33:00,67.7
2025-06-12 04:24:00,87.3
2025-06-12 21:09:00,19.9
2025-06-12 08:30:00,67.7
2025-06-12 23:04:00,48.2
2025-06-12 12:14:00,35.9
2025-06-12 12:08:00,14.0
2025-06-12 00:39:00,7.4
2025-06-12 08:11:00,47.8
2025-06-12 20:15:00,5.9
2025-06-12 10:27:00,37.7
2025-06-12 00:58:00,66.4
2025-06-12 13:56:00,49.94205948042788
2025-06-12 23:27:00,16.9
2025-06-12 23:11:00,93.5
2025-06-12 08:50:00,92.0
2025-06-12 00:30:00,40.3
2025-06-12 02:21:00,49.94205948042788
2025-06-12 10:20:00,23.8
2025-06-12 12:55:00,49.3
2025-06-12 08:13:00,92.1
2025-06-12 08:53:00,49.94205948042788
2025-06-12 05:04:00,12.1
2025-06-12 21:30:00,0.3
2025-06-12 07:57:00,61.1
2025-06-12 18:35:00,26.0
2025-06-12 08:23:00,60.9
2025-06-12 20:59:00,88.6
2025-06-12 04:15:00,7.6
2025-06-12 14:42:00,31.6
2025-06-12 03:46:00,49.94205948042788
2025-06-12 00:20:00,49.94205948042788
2025-06-12 11:03:00,66.0
2025-06-12 07:04:00,97.9
2025-06-12 23:56:00,0.4
2025-06-12 06:02:00,47.9
2025-06-12 20:56:00,86.1
2025-06-12 07:50:00,49.94205948042788
2025-06-12 15:11:00,36.4
2025-06-12 19:41:00,49.94205948042788
2025-06-12 09:53:00,64.7
2025-06-12 19:03:00,1.7
2025-06-12 17:28:00,38.0
2025-06-12 02:22:00,38.0
2025-06-12 18:29:00,85.1
2025-06-12 21:44:00,56.1
2025-06-12 14:43:00,97.8
2025-06-12 02:25:00,49.94205948042788
2025-06-12 03:30:00,97.5
2025-06-12 00:17:00,19.3
2025-06-12 10:48:00,42.3
2025-06-12 08:44:00,56.8
2025-06-12 23:22:00,25.0
2025-06-12 13:30:00,24.7
2025-06-12 00:06:00,19.0
2025-06-12 13:07:00,32.0
2025-06-12 03:32:00,89.5
2025-06-12 19:40:00,82.0
2025-06-12 10:02:00,11.7
2025-06-12 10:30:00,34.3
2025-06-12 09:37:00,52.5
2025-06-12 10:23:00,3.4
2025-06-12 03:25:00,49.94205948042788
2025-06-12 05:57:00,31.9
2025-06-12 19:56:00,74.7
2025-06-12 00:33:00,88.5
2025-06-12 01:44:00,95.1
2025-06-12 04:58:00,20.4
2025-06-12 10:24:00,7.9
2025-06-12 06:26:00,76.2
2025-06-12 18:43:00,48.5
2025-06-12 04:26:00,13.1
2025-06-12 15:06:00,28.6
2025-06-12 21:36:00,69.4
2025-06-12 21:28:00,23.8
2025-06-12 22:27:00,49.0
2025-06-12 23:45:00,94.9
2025-06-12 13:59:00,30.2
2025-06-12 05:15:00,82.8
2025-06-12 14:55:00,54.1
2025-06-12 02:24:00,20.8
2025-06-12 10:46:00,10.3
2025-06-12 06:38:00,79.6
2025-06-12 03:09:00,5.9
2025-06-12 09:06:00,49.94205948042788
2025-06-12 15:51:00,13.0
2025-06-12 00:43:00,49.94205948042788
2025-06-12 20:49:00,49.94205948042788
2025-06-12 03:44:00,43.3
2025-06-12 22:53:00,52.2
2025-06-12 06:28:00,28.6
2025-06-12 06:18:00,49.94205948042788
2025-06-12 08:32:00,18.0
2025-06-12 11:52:00,10.8
2025-06-12 02:45:00,49.94205948042788
2025-06-12 09:34:00,27.7
2025-06-12 10:10:00,49.94205948042788
2025-06-12 17:44:00,3.5
2025-06-12 22:50:00,65.8
2025-06-12 06:48:00,2.6
2025-06-12 15:49:00,52.8
2025-06-12 12:49:00,12.5
2025-06-12 11:34:00,1.9
2025-06-12 14:07:00,86.2
2025-06-12 16:39:00,69.7
2025-06-12 11:01:00,13.2
2025-06-12 06:07:00,29.7
2025-06-12 07:40:00,6.7
2025-06-12 10:11:00,89.2
2025-06-12 19:33:00,49.94205948042788
2025-06-12 01:13:00,79.5
2025-06-12 08:01:00,30.6
2025-06-12 23:33:00,56.4
2025-06-12 22:30:00,14.1
2025-06-12 05:29:00,58.2
2025-06-12 12:04:00,49.94205948042788
2025-06-12 11:06:00,49.94205948042788
2025-06-12 20:28:00,49.94205948042788
2025-06-12 16:50:00,74.3
2025-06-12 13:12:00,49.94205948042788
2025-06-12 22:03:00,59.5
2025-06-12 06:08:00,19.0
2025-06-12 01:23:00,78.6
2025-06-12 21:32:00,3.9
2025-06-12 05:23:00,60.1
2025-06-12 15:59:00,25.0
2025-06-12 05:10:00,13.6
2025-06-12 05:26:00,3.0
2025-06-12 06:23:00,36.1
2025-06-12 02:10:00,90.6
2025-06-12 19:34:00,12.5
2025-06-12 17:59:00,71.1
2025-06-12 23:20:00,82.0
2025-06-12 03:56:00,42.3
2025-06-12 09:07:00,39.8
2025-06-12 06:41:00,48.0
2025-06-12 20:18:00,49.94205948042788
2025-06-12 12:23:00,34.2
2025-06-12 09:51:00,55.6
2025-06-12 18:11:00,8.8
2025-06-12 18:51:00,8.9
2025-06-12 15:00:00,57.7
2025-06-12 12:22:00,25.1
2025-06-12 06:33:00,29.1
2025-06-12 22:37:00,28.9
2025-06-12 23:53:00,21.9
2025-06-12 03:35:00,88.8
2025-06-12 05:30:00,13.0
2025-06-12 13:21:00,71.7
2025-06-12 15:01:00,12.8
2025-06-12 22:58:00,17.8
2025-06-12 09:50:00,84.6
2025-06-12 16:15:00,8.8
2025-06-12 09:46:00,56.3
2025-06-12 07:49:00,8.2
2025-06-12 03:06:00,19.7
2025-06-12 13:13:00,49.7
2025-06-12 11:00:00,66.3
2025-06-12 18:38:00,49.94205948042788
2025-06-12 17:52:00,75.4
2025-06-12 08:09:00,1.0
2025-06-12 18:18:00,62.4
2025-06-12 14:01:00,47.8
2025-06-12 05:50:00,80.5
2025-06-12 00:38:00,9.8
2025-06-12 21:56:00,49.94205948042788
2025-06-12 23:46:00,21.1
2025-06-12 11:38:00,98.4
2025-06-12 00:12:00,47.7
2025-06-12 18:16:00,40.9
2025-06-12 03:59:00,56.5
2025-06-12 01:53:00,49.94205948042788
2025-06-12 02:39:00,48.8
2025-06-12 08:48:00,29.8
2025-06-12 01:30:00,10.0
2025-06-12 14:28:00,97.7
2025-06-12 00:54:00,57.8
2025-06-12 18:26:00,90.3
2025-06-12 15:27:00,58.3
2025-06-12 18:01:00,49.94205948042788
2025-06-12 19:46:00,58.2
2025-06-12 14:11:00,64.7
2025-06-12 20:54:00,71.4
2025-06-12 15:09:00,49.94205948042788
2025-06-12 17:06:00,58.1
2025-06-12 14:46:00,59.4
2025-06-12 10:45:00,47.4
2025-06-12 14:34:00,50.9
2025-06-12 18:24:00,52.4
2025-06-12 09:44:00,49.94205948042788
2025-06-12 10:26:00,49.94205948042788
2025-06-12 07:11:00,49.94205948042788
2025-06-12 16:58:00,49.94205948042788
2025-06-12 19:00:00,21.4
2025-06-12 07:30:00,24.0
2025-06-12 09:27:00,73.3
2025-06-12 04:42:00,30.5
2025-06-12 23:15:00,36.8
2025-06-12 15:48:00,53.7
2025-06-12 10:29:00,17.1
2025-06-12 01:57:00,53.8
2025-06-12 00:29:00,49.94205948042788
2025-06-12 07:47:00,33.1
2025-06-12 04:38:00,78.4
2025-06-12 01:27:00,49.94205948042788
2025-06-12 07:25:00,97.9
2025-06-12 01:32:00,49.94205948042788
2025-06-12 09:00:00,49.94205948042788
2025-06-12 11:18:00,65.1
2025-06-12 13:51:00,5.8
2025-06-12 14:45:00,34.0
2025-06-12 14:59:00,84.3
2025-06-12 15:31:00,38.0
2025-06-12 12:09:00,51.4
2025-06-12 14:21:00,4.1
2025-06-12 09:39:00,87.6
2025-06-12 18:46:00,14.3
2025-06-12 06:21:00,99.7
2025-06-12 22:55:00,73.4
2025-06-12 06:20:00,0.1
2025-06-12 18:34:00,50.024092836946274
2025-06-12 22:30:00,95.5
2025-06-12 15:52:00,32.7
2025-06-12 22:12:00,22.6
2025-06-12 15:46:00,9.4
2025-06-12 13:36:00,24.0
2025-06-12 17:10:00,81.8
2025-06-12 10:54:00,23.0
2025-06-12 02:30:00,3.8
2025-06-12 06:38:00,49.5
2025-06-12 18:25:00,33.0
2025-06-12 13:26:00,17.5
2025-06-12 01:07:00,50.024092836946274
2025-06-12 17:36:00,34.8
2025-06-12 00:14:00,49.1
2025-06-12 13:12:00,19.5
2025-06-12 23:35:00,46.6
2025-06-12 20:55:00,13.7
2025-06-12 12:31:00,76.2
2025-06-12 07:13:00,7.0
2025-06-12 17:06:00,99.0
2025-06-12 10:46:00,60.9
2025-06-12 04:45:00,54.8
2025-06-12 12:36:00,96.5
2025-06-12 20:47:00,17.6
2025-06-12 15:56:00,86.7
2025-06-12 04:31:00,55.7
2025-06-12 08:42:00,14.2
2025-06-12 17:23:00,76.5
2025-06-12 12:07:00,46.7
2025-06-12 20:53:00,88.3
2025-06-12 03:03:00,34.6
2025-06-12 22:08:00,10.8
2025-06-12 19:05:00,50.024092836946274
2025-06-12 13:20:00,90.1
2025-06-12 16:27:00,42.5
2025-06-12 12:58:00,50.024092836946274
2025-06-12 07:37:00,76.0
2025-06-12 08:31:00,0.2
2025-06-12 06:22:00,92.5
2025-06-12 05:28:00,75.2
2025-06-12 03:39:00,0.1
2025-06-12 18:07:00,37.4
2025-06-12 17:05:00,14.2
2025-06-12 04:17:00,48.7
2025-06-12 10:12:00,50.024092836946274
2025-06-12 19:15:00,5.2
2025-06-12 08:10:00,9.8
2025-06-12 11:41:00,3.0
2025-06-12 21:31:00,25.2
2025-06-12 03:31:00,50.024092836946274
2025-06-12 05:04:00,80.0
2025-06-12 21:06:00,9.5
2025-06-12 00:09:00,27.8
2025-06-12 15:15:00,62.7
2025-06-12 16:41:00,91.9
2025-06-12 14:13:00,50.024092836946274
2025-06-12 19:12:00,50.024092836946274
2025-06-12 20:06:00,31.9
2025-06-12 09:35:00,54.4
2025-06-12 10:18:00,27.5
2025-06-12 05:15:00,20.5
2025-06-12 01:59:00,64.2
2025-06-12 00:44:00,37.1
2025-06-12 08:55:00,88.7
2025-06-12 21:27:00,73.7
2025-06-12 06:57:00,66.2
2025-06-12 20:35:00,93.7
2025-06-12 11:39:00,81.1
2025-06-12 02:02:00,71.3
2025-06-12 10:50:00,75.4
2025-06-12 02:11:00,78.3
2025-06-12 01:57:00,8.8
2025-06-12 22:22:00,78.3
2025-06-12 19:02:00,31.7
2025-06-12 10:39:00,11.5
2025-06-12 00:47:00,53.9
2025-06-12 02:13:00,61.0
2025-06-12 14:45:00,2.8
2025-06-12 22:56:00,43.3
2025-06-12 21:48:00,88.7
2025-06-12 09:11:00,79.0
2025-06-12 02:43:00,82.2
2025-06-12 16:12:00,19.2
2025-06-12 02:32:00,79.1
2025-06-12 04:48:00,99.5
2025-06-12 18:00:00,24.4
2025-06-12 02:04:00,88.7
2025-06-12 00:42:00,65.9
2025-06-12 14:38:00,18.3
2025-06-12 12:50:00,4.5
2025-06-12 21:29:00,2.6
2025-06-12 20:42:00,10.1
2025-06-12 17:48:00,20.2
2025-06-12 08:04:00,50.024092836946274
2025-06-12 01:06:00,50.024092836946274
2025-06-12 02:20:00,12.4
2025-06-12 09:57:00,50.024092836946274
2025-06-12 23:11:00,87.0
2025-06-12 15:01:00,50.024092836946274
2025-06-12 09:45:00,37.0
2025-06-12 06:39:00,68.3
2025-06-12 13:58:00,30.1
2025-06-12 11:12:00,36.7
2025-06-12 17:21:00,34.9
2025-06-12 07:03:00,39.6
2025-06-12 06:35:00,50.024092836946274
2025-06-12 07:06:00,91.2
2025-06-12 02:08:00,1.5
2025-06-12 04:24:00,62.4
2025-06-12 21:13:00,59.8
2025-06-12 10:23:00,1.3
2025-06-12 10:36:00,99.7
2025-06-12 07:15:00,74.3
2025-06-12 17:59:00,50.024092836946274
2025-06-12 12:17:00,38.8
2025-06-12 12:27:00,85.0
2025-06-12 06:07:00,87.1
2025-06-12 12:18:00,95.3
2025-06-12 19:11:00,65.6
2025-06-12 13:31:00,14.1
2025-06-12 10:10:00,50.024092836946274
2025-06-12 12:41:00,93.7
2025-06-12 09:22:00,50.024092836946274
2025-06-12 22:57:00,76.8
2025-06-12 10:29:00,38.9
2025-06-12 07:29:00,4.7
2025-06-12 10:56:00,87.7
2025-06-12 03:28:00,65.7
2025-06-12 07:08:00,95.6
2025-06-12 23:53:00,62.3
2025-06-12 14:56:00,50.024092836946274
2025-06-12 03:34:00,78.1
2025-06-12 01:58:00,50.024092836946274
2025-06-12 17:43:00,49.3
2025-06-12 03:12:00,67.4
2025-06-12 15:40:00,16.3
2025-06-12 08:39:00,49.2
2025-06-12 14:30:00,30.5
2025-06-12 01:29:00,46.1
2025-06-12 02:29:00,46.9
2025-06-12 12:43:00,6.5
2025-06-12 02:52:00,94.9
2025-06-12 22:40:00,82.8
2025-06-12 11:34:00,0.6
2025-06-12 01:24:00,50.024092836946274
2025-06-12 08:21:00,70.9
2025-06-12 07:57:00,5.8
2025-06-12 20:11:00,92.7
2025-06-12 01:20:00,50.024092836946274
2025-06-12 06:44:00,57.1
2025-06-12 21:05:00,82.5
2025-06-12 04:22:00,6.8
2025-06-12 08:27:00,44.2
2025-06-12 18:11:00,72.7
2025-06-12 03:45:00,53.8
2025-06-12 17:50:00,13.1
2025-06-12 14:02:00,4.0
2025-06-12 21:33:00,52.2
2025-06-12 22:04:00,68.4
2025-06-12 16:22:00,50.024092836946274
2025-06-12 21:12:00,50.024092836946274
2025-06-12 19:41:00,31.0
2025-06-12 05:59:00,39.6
2025-06-12 02:01:00,27.4
2025-06-12 14:34:00,34.5
2025-06-12 11:54:00,50.024092836946274
2025-06-12 07:19:00,4.2
2025-06-12 11:14:00,50.0
2025-06-12 21:36:00,58.2
2025-06-12 18:21:00,50.024092836946274
2025-06-12 11:26:00,51.6
2025-06-12 09:33:00,91.3
2025-06-12 16:44:00,1.6
2025-06-12 12:22:00,9.1
2025-06-12 10:40:00,55.9
2025-06-12 16:21:00,74.3
2025-06-12 23:51:00,82.2
2025-06-12 17:33:00,66.6
2025-06-12 11:37:00,50.024092836946274
2025-06-12 08:33:00,6.9
2025-06-12 20:41:00,81.1
2025-06-12 10:20:00,19.5
2025-06-12 16:24:00,33.5
2025-06-12 15:51:00,50.024092836946274
2025-06-12 09:46:00,89.6
2025-06-12 22:00:00,41.3
2025-06-12 20:08:00,38.4
2025-06-12 14:29:00,94.9
2025-06-12 13:00:00,43.8
2025-06-12 09:31:00,62.2
2025-06-12 13:04:00,19.8
2025-06-12 06:03:00,62.9
2025-06-12 23:28:00,54.9
2025-06-12 14:20:00,27.0
2025-06-12 07:07:00,50.024092836946274
2025-06-12 04:08:00,50.0
2025-06-12 05:32:00,57.7
2025-06-12 05:52:00,60.1
2025-06-12 12:01:00,53.9
2025-06-12 17:13:00,50.024092836946274
2025-06-12 20:22:00,50.024092836946274
2025-06-12 05:02:00,50.024092836946274
2025-06-12 03:10:00,16.5
2025-06-12 17:53:00,20.7
2025-06-12 04:07:00,47.5
2025-06-12 00:18:00,50.024092836946274
2025-06-12 21:41:00,34.1
2025-06-12 07:11:00,23.0
2025-06-12 23:31:00,19.5
2025-06-12 11:55:00,50.024092836946274
2025-06-12 10:53:00,2.2
2025-06-12 07:42:00,93.5
2025-06-12 04:10:00,80.3
2025-06-12 14:07:00,97.9
2025-06-12 10:11:00,8.8
2025-06-12 22:48:00,58.5
2025-06-12 17:16:00,27.1
2025-06-12 15:33:00,51.7
2025-06-12 03:46:00,50.024092836946274
2025-06-12 09:27:00,50.024092836946274
2025-06-12 21:18:00,96.6
2025-06-12 16:42:00,50.024092836946274
2025-06-12 00:45:00,14.2
2025-06-12 14:08:00,33.9
2025-06-12 13:54:00,77.5
2025-06-12 05:23:00,96.1
2025-06-12 16:28:00,50.024092836946274
2025-06-12 14:16:00,45.0
2025-06-12 05:49:00,50.024092836946274
2025-06-12 10:55:00,77.3
2025-06-12 01:51:00,5.5
2025-06-12 07:24:00,98.2
2025-06-12 03:43:00,39.9
2025-06-12 11:59:00,11.5
2025-06-12 23:49:00,50.024092836946274
2025-06-12 22:42:00,90.0
2025-06-12 23:33:00,31.2
2025-06-12 03:41:00,94.6
2025-06-12 09:16:00,29.5
2025-06-12 09:21:00,92.8
2025-06-12 07:18:00,45.4
2025-06-12 09:23:00,70.8
2025-06-12 16:34:00,50.024092836946274
2025-06-12 02:59:00,55.2
2025-06-12 10:49:00,84.4
2025-06-12 15:53:00,74.6
2025-06-12 18:44:00,93.4
2025-06-12 20:03:00,80.0
2025-06-12 00:26:00,68.0
2025-06-12 12:49:00,50.024092836946274
2025-06-12 12:44:00,85.4
2025-06-12 09:51:00,45.2
2025-06-12 18:41:00,50.024092836946274
2025-06-12 09:24:00,85.3
2025-06-12 04:56:00,62.5
2025-06-12 21:58:00,64.0
2025-06-12 03:27:00,12.5
2025-06-12 18:01:00,71.7
2025-06-12 20:52:00,41.6
2025-06-12 00:04:00,4.7
2025-06-12 03:37:00,7.8
2025-06-12 07:04:00,71.3
2025-06-12 06:59:00,60.2
2025-06-12 17:28:00,50.6
2025-06-12 03:36:00,11.5
2025-06-12 08:20:00,8.5
2025-06-12 19:49:00,66.3
2025-06-12 03:19:00,72.9
2025-06-12 16:58:00,8.9
2025-06-12 14:09:00,14.3
2025-06-12 05:22:00,19.6
2025-06-12 14:26:00,26.1
2025-06-12 10:19:00,22.9
2025-06-12 12:20:00,3.9
2025-06-12 18:40:00,74.9
2025-06-12 15:43:00,39.4
2025-06-12 00:49:00,89.6
2025-06-12 12:32:00,95.6
2025-06-12 13:44:00,43.8
2025-06-12 18:04:00,50.024092836946274
2025-06-12 13:53:00,11.4
2025-06-12 01:41:00,15.2
2025-06-12 08:03:00,15.7
2025-06-12 09:01:00,50.024092836946274
2025-06-12 23:55:00,65.7
2025-06-12 04:14:00,21.0
2025-06-12 03:14:00,95.8
2025-06-12 11:33:00,81.1
2025-06-12 13:10:00,68.9
2025-06-12 02:25:00,33.0
2025-06-12 22:48:00,63.1
2025-06-12 07:05:00,72.0
2025-06-12 05:34:00,36.9
2025-06-12 06:01:00,42.3
2025-06-12 13:57:00,9.1
2025-06-12 19:16:00,20.6
2025-06-12 06:19:00,92.9
2025-06-12 04:18:00,49.2
2025-06-12 13:28:00,95.5
2025-06-12 20:25:00,55.5
2025-06-12 05:07:00,35.0
2025-06-12 02:31:00,77.1
2025-06-12 14:12:00,8.3
2025-06-12 15:19:00,52.0
2025-06-12 06:07:00,77.6
2025-06-12 11:50:00,49.54963144963145
2025-06-12 22:35:00,91.8
2025-06-12 10:05:00,80.1
2025-06-12 12:42:00,49.54963144963145
2025-06-12 21:59:00,31.2
2025-06-12 23:26:00,23.8
2025-06-12 13:15:00,81.8
2025-06-12 21:57:00,65.3
2025-06-12 21:15:00,79.8
2025-06-12 07:31:00,49.54963144963145
2025-06-12 10:59:00,79.4
2025-06-12 06:21:00,30.4
2025-06-12 00:15:00,16.2
2025-06-12 01:32:00,76.0
2025-06-12 23:34:00,46.0
2025-06-12 02:58:00,85.8
2025-06-12 07:00:00,13.4
2025-06-12 10:30:00,26.3
2025-06-12 01:55:00,78.2
2025-06-12 12:30:00,21.5
2025-06-12 05:47:00,49.54963144963145
2025-06-12 05:33:00,51.5
2025-06-12 02:56:00,45.2
2025-06-12 20:47:00,93.9
2025-06-12 22:19:00,96.5
2025-06-12 04:28:00,30.3
2025-06-12 07:32:00,81.5
2025-06-12 06:42:00,17.1
2025-06-12 23:33:00,49.54963144963145
2025-06-12 17:11:00,5.5
2025-06-12 10:45:00,41.5
2025-06-12 09:48:00,61.2
2025-06-12 19:23:00,25.5
2025-06-12 10:11:00,26.5
2025-06-12 11:14:00,69.7
2025-06-12 03:49:00,71.3
2025-06-12 11:27:00,32.8
2025-06-12 14:09:00,7.8
2025-06-12 03:13:00,41.9
2025-06-12 13:13:00,65.7
2025-06-12 17:50:00,9.5
2025-06-12 23:38:00,49.54963144963145
2025-06-12 11:07:00,61.7
2025-06-12 21:34:00,19.6
2025-06-12 01:38:00,24.7
2025-06-12 16:06:00,49.54963144963145
2025-06-12 14:25:00,17.4
2025-06-12 12:15:00,84.5
2025-06-12 21:05:00,17.3
2025-06-12 20:40:00,69.9
2025-06-12 09:41:00,66.0
2025-06-12 16:02:00,44.7
2025-06-12 08:04:00,7.9
2025-06-12 16:25:00,49.54963144963145
2025-06-12 11:59:00,84.9
2025-06-12 15:46:00,49.54963144963145
2025-06-12 01:04:00,60.4
2025-06-12 05:05:00,3.0
2025-06-12 07:24:00,43.3
2025-06-12 16:54:00,13.7
2025-06-12 12:53:00,60.7
2025-06-12 15:02:00,34.5
2025-06-12 01:23:00,27.7
2025-06-12 01:49:00,91.9
2025-06-12 05:18:00,59.6
2025-06-12 16:44:00,20.6
2025-06-12 13:46:00,49.54963144963145
2025-06-12 06:50:00,40.1
2025-06-12 10:23:00,18.3
2025-06-12 05:11:00,11.9
2025-06-12 13:54:00,19.4
2025-06-12 07:49:00,22.2
2025-06-12 09:43:00,19.9
2025-06-12 10:58:00,37.2
2025-06-12 12:10:00,18.3
2025-06-12 09:06:00,16.6
2025-06-12 23:55:00,84.9
2025-06-12 15:09:00,49.4
2025-06-12 11:44:00,54.0
2025-06-12 12:34:00,35.0
2025-06-12 03:25:00,34.6
2025-06-12 14:35:00,98.6
2025-06-12 11:01:00,83.8
2025-06-12 15:13:00,49.54963144963145
2025-06-12 16:22:00,1.4
2025-06-12 23:13:00,71.2
2025-06-12 11:08:00,53.7
2025-06-12 16:08:00,49.54963144963145
2025-06-12 03:15:00,47.3
2025-06-12 05:52:00,49.54963144963145
2025-06-12 19:18:00,22.9
2025-06-12 10:27:00,49.5
2025-06-12 15:31:00,98.0
2025-06-12 22:03:00,26.8
2025-06-12 05:17:00,40.6
2025-06-12 03:39:00,50.6
2025-06-12 11:02:00,74.1
2025-06-12 12:09:00,32.2
2025-06-12 00:27:00,60.5
2025-06-12 20:36:00,73.8
2025-06-12 14:33:00,96.9
2025-06-12 04:25:00,27.1
2025-06-12 19:03:00,49.54963144963145
2025-06-12 22:54:00,50.1
2025-06-12 12:58:00,49.0
2025-06-12 14:22:00,29.5
2025-06-12 02:12:00,49.54963144963145
2025-06-12 02:32:00,60.5
2025-06-12 05:00:00,16.2
2025-06-12 23:40:00,19.1
2025-06-12 05:46:00,95.4
2025-06-12 02:09:00,56.4
2025-06-12 23:35:00,66.7
2025-06-12 20:12:00,44.1
2025-06-12 06:14:00,1.3
2025-06-12 09:01:00,52.1
2025-06-12 09:16:00,50.6
2025-06-12 02:05:00,49.54963144963145
2025-06-12 06:51:00,64.0
2025-06-12 14:57:00,49.54963144963145
2025-06-12 14:30:00,72.1
2025-06-12 18:49:00,73.4
2025-06-12 05:09:00,7.6
2025-06-12 02:35:00,49.54963144963145
2025-06-12 08:46:00,95.5
2025-06-12 01:35:00,87.9
2025-06-12 16:28:00,77.9
2025-06-12 04:08:00,49.54963144963145
2025-06-12 05:40:00,15.1
2025-06-12 15:20:00,79.0
2025-06-12 07:38:00,6.6
2025-06-12 06:15:00,36.5
2025-06-12 04:11:00,67.7
2025-06-12 20:55:00,94.5
2025-06-12 15:43:00,39.9
2025-06-12 23:07:00,49.54963144963145
2025-06-12 02:21:00,82.2
2025-06-12 18:59:00,83.8
2025-06-12 13:53:00,1.7
2025-06-12 20:42:00,49.3
2025-06-12 02:37:00,93.7
2025-06-12 13:02:00,85.6
2025-06-12 15:23:00,39.2
2025-06-12 18:15:00,93.2
2025-06-12 01:15:00,71.5
2025-06-12 01:57:00,42.5
2025-06-12 23:44:00,49.54963144963145
2025-06-12 13:08:00,41.3
2025-06-12 00:09:00,77.6
2025-06-12 11:39:00,94.7
2025-06-12 14:32:00,49.54963144963145
2025-06-12 14:16:00,49.54963144963145
2025-06-12 17:24:00,0.0
2025-06-12 14:28:00,83.2
2025-06-12 12:38:00,49.54963144963145
2025-06-12 11:20:00,91.6
2025-06-12 18:07:00,72.8
2025-06-12 19:39:00,39.7
2025-06-12 16:34:00,70.5
2025-06-12 11:31:00,97.9
2025-06-12 11:28:00,47.1
2025-06-12 04:09:00,70.0
2025-06-12 11:30:00,7.6
2025-06-12 22:51:00,43.8
2025-06-12 19:43:00,50.7
2025-06-12 10:14:00,59.6
2025-06-12 15:26:00,64.6
2025-06-12 01:53:00,49.54963144963145
2025-06-12 02:11:00,68.2
2025-06-12 00:18:00,2.5
2025-06-12 06:41:00,33.5
2025-06-12 06:48:00,0.5
2025-06-12 10:04:00,65.0
2025-06-12 22:06:00,28.1
2025-06-12 18:25:00,49.54963144963145
2025-06-12 21:09:00,16.5
2025-06-12 04:22:00,0.5
2025-06-12 07:35:00,12.1
2025-06-12 00:11:00,47.0
2025-06-12 02:04:00,3.3
2025-06-12 09:21:00,77.3
2025-06-12 06:24:00,82.1
2025-06-12 20:41:00,32.8
2025-06-12 07:27:00,20.0
2025-06-12 14:01:00,26.6
2025-06-12 23:00:00,29.2
2025-06-12 15:33:00,5.7
2025-06-12 08:10:00,36.3
2025-06-12 22:11:00,12.9
2025-06-12 07:09:00,24.2
2025-06-12 00:53:00,49.54963144963145
2025-06-12 13:43:00,16.7
2025-06-12 23:49:00,78.8
2025-06-12 09:32:00,76.6
2025-06-12 18:29:00,49.54963144963145
2025-06-12 11:48:00,49.54963144963145
2025-06-12 11:22:00,37.0
2025-06-12 02:45:00,90.7
2025-06-12 00:50:00,27.3
2025-06-12 05:36:00,18.2
2025-06-12 05:10:00,99.0
2025-06-12 06:39:00,33.8
2025-06-12 22:23:00,19.4
2025-06-12 00:29:00,68.8
2025-06-12 21:42:00,95.8
2025-06-12 11:00:00,44.2
2025-06-12 17:16:00,8.6
2025-06-12 13:04:00,34.6
2025-06-12 00:13:00,54.2
2025-06-12 18:18:00,75.7
2025-06-12 08:37:00,37.3
2025-06-12 01:48:00,45.9
2025-06-12 23:56:00,93.4
2025-06-12 14:48:00,71.8
2025-06-12 02:52:00,2.5
2025-06-12 06:29:00,49.54963144963145
2025-06-12 08:08:00,49.54963144963145
2025-06-12 06:32:00,99.0
2025-06-12 12:59:00,49.54963144963145
2025-06-12 16:21:00,37.8
2025-06-12 05:13:00,23.7
2025-06-12 13:52:00,49.54963144963145
2025-06-12 10:36:00,49.54963144963145
2025-06-12 14:00:00,43.9
2025-06-12 16:14:00,74.5
2025-06-12 17:41:00,97.1
2025-06-12 16:48:00,32.5
2025-06-12 19:31:00,27.6
2025-06-12 02:02:00,24.5
2025-06-12 23:17:00,46.8
2025-06-12 10:43:00,52.1
2025-06-12 06:25:00,68.5
2025-06-12 09:58:00,64.1
2025-06-12 17:10:00,35.5
2025-06-12 20:23:00,80.2
2025-06-12 19:34:00,49.54963144963145
2025-06-12 10:34:00,92.8
2025-06-12 00:16:00,92.0
2025-06-12 19:47:00,33.5
2025-06-12 11:16:00,87.9
2025-06-12 21:01:00,49.54963144963145
2025-06-12 05:35:00,31.0
2025-06-12 20:28:00,19.5
2025-06-12 21:08:00,12.3
2025-06-12 15:27:00,1.0
2025-06-12 09:31:00,51.1
2025-06-12 23:37:00,84.0
2025-06-12 14:37:00,30.7
2025-06-12 11:12:00,92.2
2025-06-12 11:55:00,12.2
2025-06-12 06:59:00,73.9
2025-06-12 11:58:00,30.4
2025-06-12 00:02:00,13.0
2025-06-12 03:35:00,70.4
2025-06-12 12:46:00,42.3
2025-06-12 13:22:00,12.0
2025-06-12 04:59:00,5.6
2025-06-12 18:28:00,55.4
2025-06-12 14:31:00,49.54963144963145
2025-06-12 08:14:00,10.1
2025-06-12 22:07:00,96.4
2025-06-12 08:19:00,57.0
2025-06-12 00:43:00,65.4
2025-06-12 23:50:00,70.2
2025-06-12 22:22:00,51.2
2025-06-12 01:39:00,49.54963144963145
2025-06-12 01:26:00,20.6
2025-06-12 08:30:00,89.5
2025-06-12 11:35:00,55.2
2025-06-12 21:48:00,46.9
2025-06-12 10:38:00,69.7
2025-06-12 19:50:00,73.1
2025-06-12 16:35:00,29.8
2025-06-12 07:03:00,48.1
2025-06-12 04:27:00,52.0
2025-06-12 12:49:00,24.0
2025-06-12 15:06:00,39.2
2025-06-12 04:52:00,27.1
2025-06-12 11:25:00,19.0
2025-06-12 10:00:00,83.5
2025-06-12 07:48:00,100.0
2025-06-12 06:43:00,49.54963144963145
2025-06-12 00:39:00,18.5
2025-06-12 23:31:00,49.7
2025-06-12 01:28:00,39.1
2025-06-12 03:02:00,49.54963144963145
2025-06-12 05:08:00,6.8
2025-06-12 13:34:00,51.3
2025-06-12 03:58:00,49.54963144963145
2025-06-12 21:53:00,24.0
2025-06-12 10:29:00,51.9
2025-06-12 13:14:00,72.0
2025-06-12 04:24:00,12.9
2025-06-12 01:27:00,49.54963144963145
2025-06-12 17:08:00,49.54963144963145
2025-06-12 12:00:00,39.7
2025-06-12 02:13:00,97.1
2025-06-12 00:41:00,49.54963144963145
2025-06-12 21:10:00,44.0
2025-06-12 01:40:00,86.6
2025-06-12 04:32:00,54.3
2025-06-12 21:43:00,60.2
2025-06-12 05:01:00,77.3
2025-06-12 22:05:00,59.8
2025-06-12 23:58:00,79.2
2025-06-12 21:19:00,80.7
2025-06-12 07:17:00,50.9
2025-06-12 19:58:00,30.4
2025-06-12 04:45:00,88.0
2025-06-12 01:14:00,18.2
2025-06-12 16:07:00,98.7
2025-06-12 16:30:00,49.54963144963145
2025-06-12 04:06:00,51.4
2025-06-12 05:37:00,77.4
2025-06-12 05:11:00,17.5
2025-06-12 21:35:00,85.2
2025-06-12 21:33:00,92.5
2025-06-12 20:11:00,24.0
2025-06-12 05:54:00,72.9
2025-06-12 11:46:00,91.7
2025-06-12 05:06:00,29.4
2025-06-12 07:48:00,61.9
2025-06-12 19:42:00,49.560128956623686
2025-06-12 21:04:00,46.8
2025-06-12 02:15:00,36.5
2025-06-12 01:07:00,49.560128956623686
2025-06-12 07:55:00,92.3
2025-06-12 15:48:00,68.9
2025-06-12 12:22:00,22.8
2025-06-12 14:53:00,49.560128956623686
2025-06-12 21:40:00,75.3
2025-06-12 03:53:00,12.1
2025-06-12 13:05:00,49.560128956623686
2025-06-12 13:53:00,4.3
2025-06-12 21:34:00,33.6
2025-06-12 01:25:00,8.9
2025-06-12 23:32:00,20.5
2025-06-12 17:41:00,66.7
2025-06-12 20:19:00,51.3
2025-06-12 12:17:00,35.4
2025-06-12 22:11:00,21.7
2025-06-12 15:45:00,49.560128956623686
2025-06-12 04:41:00,36.8
2025-06-12 19:50:00,49.560128956623686
2025-06-12 15:53:00,49.560128956623686
2025-06-12 17:26:00,26.2
2025-06-12 16:35:00,22.5
2025-06-12 07:45:00,44.0
2025-06-12 17:04:00,23.3
2025-06-12 04:05:00,49.560128956623686
2025-06-12 22:58:00,64.9
2025-06-12 05:24:00,43.1
2025-06-12 04:58:00,17.9
2025-06-12 12:41:00,53.6
2025-06-12 21:32:00,58.4
2025-06-12 22:08:00,49.560128956623686
2025-06-12 02:39:00,16.3
2025-06-12 05:08:00,49.560128956623686
2025-06-12 16:23:00,47.7
2025-06-12 16:42:00,44.4
2025-06-12 21:38:00,9.9
2025-06-12 11:33:00,20.8
2025-06-12 11:19:00,72.9
2025-06-12 16:45:00,39.2
2025-06-12 11:05:00,12.9
2025-06-12 11:12:00,95.0
2025-06-12 07:59:00,4.7
2025-06-12 15:57:00,70.6
2025-06-12 22:00:00,13.4
2025-06-12 02:50:00,56.0
2025-06-12 18:12:00,35.3
2025-06-12 15:00:00,40.3
2025-06-12 11:20:00,0.7
2025-06-12 15:17:00,9.3
2025-06-12 21:29:00,8.6
2025-06-12 02:00:00,8.3
2025-06-12 22:41:00,51.1
2025-06-12 12:48:00,84.9
2025-06-12 14:44:00,38.1
2025-06-12 16:44:00,26.0
2025-06-12 05:17:00,62.6
2025-06-12 02:54:00,49.560128956623686
2025-06-12 11:26:00,13.9
2025-06-12 01:09:00,6.4
2025-06-12 22:20:00,49.560128956623686
2025-06-12 01:22:00,12.2
2025-06-12 08:47:00,8.4
2025-06-12 01:32:00,10.2
2025-06-12 12:25:00,49.560128956623686
2025-06-12 04:45:00,49.560128956623686
2025-06-12 09:03:00,49.560128956623686
2025-06-12 00:57:00,94.5
2025-06-12 17:28:00,49.560128956623686
2025-06-12 18:35:00,70.4
2025-06-12 10:54:00,63.6
2025-06-12 07:33:00,41.9
2025-06-12 01:58:00,2.7
2025-06-12 19:55:00,2.1
2025-06-12 10:21:00,97.5
2025-06-12 14:05:00,43.1
2025-06-12 18:57:00,35.7
2025-06-12 00:38:00,68.2
2025-06-12 05:20:00,53.4
2025-06-12 14:00:00,52.4
2025-06-12 05:49:00,20.8
2025-06-12 11:36:00,76.4
2025-06-12 07:11:00,17.7
2025-06-12 08:15:00,16.0
2025-06-12 21:15:00,88.0
2025-06-12 14:08:00,35.2
2025-06-12 02:33:00,49.560128956623686
2025-06-12 15:43:00,9.0
2025-06-12 22:45:00,82.0
2025-06-12 14:43:00,25.0
2025-06-12 06:04:00,76.4
2025-06-12 17:50:00,44.1
2025-06-12 15:07:00,7.2
2025-06-12 19:09:00,23.8
2025-06-12 13:03:00,97.3
2025-06-12 02:03:00,18.0
2025-06-12 12:56:00,33.1
2025-06-12 12:52:00,62.3
2025-06-12 09:35:00,80.3
2025-06-12 07:17:00,49.560128956623686
2025-06-12 23:41:00,75.0
2025-06-12 15:06:00,42.6
2025-06-12 12:13:00,23.1
2025-06-12 20:40:00,41.2
2025-06-12 01:30:00,11.7
2025-06-12 15:34:00,87.9
2025-06-12 23:33:00,34.3
2025-06-12 05:36:00,77.6
2025-06-12 07:24:00,99.0
2025-06-12 17:32:00,3.8
2025-06-12 14:58:00,49.560128956623686
2025-06-12 16:06:00,29.3
2025-06-12 02:09:00,62.4
2025-06-12 07:25:00,40.4
2025-06-12 04:14:00,26.2
2025-06-12 13:01:00,39.6
2025-06-12 11:13:00,49.560128956623686
2025-06-12 12:32:00,35.2
2025-06-12 04:12:00,34.7
2025-06-12 14:41:00,49.560128956623686
2025-06-12 21:25:00,4.9
2025-06-12 20:49:00,53.6
2025-06-12 21:50:00,61.7
2025-06-12 22:42:00,94.5
2025-06-12 00:40:00,50.8
2025-06-12 00:51:00,49.560128956623686
2025-06-12 18:29:00,42.7
2025-06-12 01:50:00,1.8
2025-06-12 07:30:00,47.3
2025-06-12 21:02:00,29.7
2025-06-12 02:18:00,65.6
2025-06-12 09:44:00,49.560128956623686
2025-06-12 09:52:00,43.4
2025-06-12 06:57:00,14.6
2025-06-12 19:54:00,61.2
2025-06-12 06:06:00,49.560128956623686
2025-06-12 22:24:00,1.4
2025-06-12 11:02:00,54.0
2025-06-12 19:53:00,85.9
2025-06-12 15:27:00,64.7
2025-06-12 05:59:00,54.6
2025-06-12 15:03:00,86.7
2025-06-12 21:46:00,84.8
2025-06-12 04:59:00,86.3
2025-06-12 07:04:00,78.1
2025-06-12 14:22:00,44.0
2025-06-12 14:45:00,2.4
2025-06-12 02:13:00,87.0
2025-06-12 12:18:00,20.1
2025-06-12 03:31:00,33.1
2025-06-12 05:40:00,67.1
2025-06-12 03:59:00,17.5
2025-06-12 12:58:00,77.6
2025-06-12 23:40:00,94.3
2025-06-12 06:20:00,37.4
2025-06-12 20:16:00,9.6
2025-06-12 03:29:00,7.9
2025-06-12 15:50:00,36.3
2025-06-12 16:48:00,59.1
2025-06-12 21:18:00,8.0
2025-06-12 08:05:00,66.2
2025-06-12 03:54:00,3.2
2025-06-12 12:44:00,49.560128956623686
2025-06-12 08:09:00,49.560128956623686
2025-06-12 20:42:00,86.9
2025-06-12 03:28:00,34.0
2025-06-12 08:42:00,60.4
2025-06-12 22:30:00,79.4
2025-06-12 13:49:00,65.9
2025-06-12 23:50:00,40.0
2025-06-12 00:28:00,53.8
2025-06-12 14:34:00,65.4
2025-06-12 11:43:00,22.4
2025-06-12 12:24:00,49.560128956623686
2025-06-12 17:33:00,96.7
2025-06-12 20:32:00,60.0
2025-06-12 13:43:00,31.7
2025-06-12 05:16:00,49.560128956623686
2025-06-12 00:24:00,49.560128956623686
2025-06-12 06:38:00,49.0
2025-06-12 05:58:00,22.9
2025-06-12 17:49:00,24.0
2025-06-12 21:47:00,32.2
2025-06-12 12:53:00,30.5
2025-06-12 14:04:00,49.560128956623686
2025-06-12 00:31:00,46.5
2025-06-12 20:51:00,67.4
2025-06-12 00:41:00,81.8
2025-06-12 17:58:00,97.1
2025-06-12 14:42:00,9.7
2025-06-12 10:42:00,73.8
2025-06-12 16:07:00,32.6
2025-06-12 22:14:00,40.6
2025-06-12 19:44:00,14.8
2025-06-12 13:02:00,80.2
2025-06-12 01:19:00,11.2
2025-06-12 07:12:00,44.6
2025-06-12 00:00:00,3.0
2025-06-12 19:28:00,92.2
2025-06-12 02:01:00,9.5
2025-06-12 09:46:00,17.3
2025-06-12 00:20:00,49.560128956623686
2025-06-12 08:30:00,39.2
2025-06-12 09:15:00,66.8
2025-06-12 09:21:00,21.7
2025-06-12 21:24:00,49.560128956623686
2025-06-12 21:49:00,84.0
2025-06-12 17:24:00,34.4
2025-06-12 09:38:00,46.5
2025-06-12 21:30:00,24.0
2025-06-12 19:57:00,42.7
2025-06-12 10:50:00,49.560128956623686
2025-06-12 14:51:00,85.5
2025-06-12 13:08:00,31.9
2025-06-12 08:13:00,99.5
2025-06-12 15:52:00,85.5
2025-06-12 17:08:00,77.9
2025-06-12 09:13:00,22.7
2025-06-12 20:17:00,0.1
2025-06-12 13:17:00,80.7
2025-06-12 13:10:00,35.3
2025-06-12 23:30:00,9.0
2025-06-12 14:21:00,6.1
2025-06-12 06:41:00,4.3
2025-06-12 14:56:00,28.6
2025-06-12 01:03:00,96.9
2025-06-12 10:51:00,25.3
2025-06-12 16:25:00,69.4
2025-06-12 15:10:00,95.1
2025-06-12 22:10:00,49.2
2025-06-12 13:44:00,87.9
2025-06-12 10:26:00,58.1
2025-06-12 11:24:00,24.2
2025-06-12 11:55:00,93.3
2025-06-12 10:13:00,1.7
2025-06-12 00:36:00,2.9
2025-06-12 20:28:00,92.2
2025-06-12 17:09:00,49.560128956623686
2025-06-12 08:26:00,24.1
2025-06-12 23:54:00,19.3
2025-06-12 23:11:00,22.1
2025-06-12 13:27:00,49.560128956623686
2025-06-12 15:01:00,50.2
2025-06-12 09:10:00,82.0
2025-06-12 03:21:00,44.0
2025-06-12 05:43:00,18.3
2025-06-12 20:53:00,25.0
2025-06-12 01:43:00,64.1
2025-06-12 19:31:00,12.6
2025-06-12 18:01:00,66.6
2025-06-12 00:53:00,53.3
2025-06-12 23:36:00,98.5
2025-06-12 13:41:00,40.2
2025-06-12 00:12:00,91.3
2025-06-12 15:29:00,76.7
2025-06-12 16:58:00,63.7
2025-06-12 08:22:00,49.560128956623686
2025-06-12 04:18:00,60.1
2025-06-12 09:05:00,49.9
2025-06-12 22:25:00,83.0
2025-06-12 20:39:00,35.7
2025-06-12 11:58:00,49.560128956623686
2025-06-12 23:43:00,46.2
2025-06-12 05:00:00,12.2
2025-06-12 22:35:00,23.0
2025-06-12 18:13:00,90.0
2025-06-12 04:22:00,31.9
2025-06-12 04:34:00,4.2
2025-06-12 05:46:00,58.9
2025-06-12 18:34:00,91.3
2025-06-12 03:20:00,59.3
2025-06-12 01:47:00,44.0
2025-06-12 03:42:00,56.9
2025-06-12 01:46:00,49.560128956623686
2025-06-12 21:31:00,36.9
2025-06-12 01:28:00,49.560128956623686
2025-06-12 04:37:00,20.8
2025-06-12 00:34:00,64.8
2025-06-12 16:55:00,88.8
2025-06-12 13:46:00,4.8
2025-06-12 22:31:00,94.0
2025-06-12 07:14:00,29.2
2025-06-12 07:43:00,4.5
2025-06-12 02:26:00,14.8
2025-06-12 06:03:00,67.6
2025-06-12 11:07:00,75.3
2025-06-12 22:13:00,19.7
2025-06-12 08:17:00,83.3
2025-06-12 00:23:00,72.7
2025-06-12 02:53:00,41.7
2025-06-12 07:28:00,80.3
2025-06-12 06:28:00,7.4
2025-06-12 16:50:00,3.8
2025-06-12 02:58:00,50.10277843742579
2025-06-12 06:03:00,20.7
2025-06-12 13:07:00,8.4
2025-06-12 14:23:00,90.4
2025-06-12 23:50:00,51.4
2025-06-12 08:19:00,80.3
2025-06-12 09:34:00,30.5
2025-06-12 19:34:00,83.5
2025-06-12 23:00:00,50.10277843742579
2025-06-12 06:55:00,81.2
2025-06-12 06:31:00,74.7
2025-06-12 19:30:00,39.0
2025-06-12 15:44:00,48.7
2025-06-12 18:44:00,72.0
2025-06-12 04:51:00,41.8
2025-06-12 11:06:00,42.1
2025-06-12 00:37:00,14.1
2025-06-12 00:30:00,96.8
2025-06-12 04:42:00,79.8
2025-06-12 00:52:00,23.0
2025-06-12 16:30:00,24.0
2025-06-12 10:49:00,93.1
2025-06-12 08:49:00,55.1
2025-06-12 02:50:00,20.2
2025-06-12 18:32:00,50.10277843742579
2025-06-12 23:59:00,98.7
2025-06-12 11:02:00,68.2
2025-06-12 09:12:00,80.9
2025-06-12 05:40:00,63.6
2025-06-12 17:43:00,50.10277843742579
2025-06-12 10:35:00,7.9
2025-06-12 02:14:00,29.5
2025-06-12 10:20:00,22.7
2025-06-12 21:42:00,48.4
2025-06-12 00:47:00,71.3
2025-06-12 09:00:00,73.2
2025-06-12 14:08:00,34.5
2025-06-12 06:12:00,96.6
2025-06-12 22:18:00,94.8
2025-06-12 06:52:00,4.0
2025-06-12 06:43:00,50.10277843742579
2025-06-12 15:57:00,97.4
2025-06-12 19:35:00,83.8
2025-06-12 04:46:00,50.10277843742579
2025-06-12 23:34:00,86.4
2025-06-12 23:33:00,49.3
2025-06-12 11:18:00,59.2
2025-06-12 03:44:00,10.8
2025-06-12 03:53:00,5.2
2025-06-12 14:22:00,24.1
2025-06-12 17:22:00,79.0
2025-06-12 08:54:00,29.6
2025-06-12 15:04:00,18.7
2025-06-12 17:28:00,83.4
2025-06-12 10:11:00,2.2
2025-06-12 11:39:00,50.10277843742579
2025-06-12 18:09:00,33.4
2025-06-12 07:19:00,39.9
2025-06-12 04:06:00,33.1
2025-06-12 15:14:00,43.1
2025-06-12 01:30:00,16.1
2025-06-12 18:37:00,40.1
2025-06-12 16:11:00,50.10277843742579
2025-06-12 22:55:00,98.5
2025-06-12 05:03:00,84.5
2025-06-12 12:23:00,87.0
2025-06-12 20:07:00,16.1
2025-06-12 15:00:00,82.8
2025-06-12 04:54:00,50.10277843742579
2025-06-12 14:14:00,99.6
2025-06-12 03:22:00,46.1
2025-06-12 23:05:00,90.0
2025-06-12 19:08:00,56.7
2025-06-12 17:54:00,50.10277843742579
2025-06-12 22:16:00,50.10277843742579
2025-06-12 04:18:00,50.10277843742579
2025-06-12 15:27:00,50.10277843742579
2025-06-12 10:07:00,20.1
2025-06-12 16:05:00,32.0
2025-06-12 18:39:00,8.6
2025-06-12 07:03:00,23.2
2025-06-12 03:49:00,15.4
2025-06-12 16:38:00,81.3
2025-06-12 12:49:00,36.2
2025-06-12 13:37:00,66.0
2025-06-12 14:51:00,18.6
2025-06-12 05:09:00,50.10277843742579
2025-06-12 04:36:00,50.10277843742579
2025-06-12 14:57:00,35.4
2025-06-12 19:38:00,50.10277843742579
2025-06-12 16:52:00,96.2
2025-06-12 08:52:00,80.8
2025-06-12 01:57:00,15.7
2025-06-12 12:06:00,78.5
2025-06-12 10:45:00,61.1
2025-06-12 09:18:00,36.9
2025-06-12 02:47:00,65.1
2025-06-12 02:04:00,15.9
2025-06-12 01:24:00,34.7
2025-06-12 10:41:00,95.4
2025-06-12 04:41:00,7.6
2025-06-12 13:17:00,27.2
2025-06-12 03:55:00,50.10277843742579
2025-06-12 14:29:00,53.2
2025-06-12 05:16:00,42.5
2025-06-12 21:16:00,75.7
2025-06-12 09:49:00,83.4
2025-06-12 05:58:00,69.6
2025-06-12 10:22:00,42.8
2025-06-12 05:04:00,10.6
2025-06-12 14:59:00,86.2
2025-06-12 09:33:00,51.5
2025-06-12 22:59:00,39.7
2025-06-12 01:08:00,0.8
2025-06-12 07:48:00,4.5
2025-06-12 00:18:00,26.7
2025-06-12 22:31:00,31.3
2025-06-12 17:02:00,74.9
2025-06-12 07:06:00,45.5
2025-06-12 00:16:00,50.10277843742579
2025-06-12 22:12:00,50.10277843742579
2025-06-12 18:55:00,50.10277843742579
2025-06-12 07:25:00,43.4
2025-06-12 14:07:00,84.5
2025-06-12 02:09:00,97.9
2025-06-12 03:26:00,4.0
2025-06-12 10:37:00,86.7
2025-06-12 11:47:00,89.0
2025-06-12 21:50:00,95.5
2025-06-12 20:46:00,89.4
2025-06-12 11:12:00,4.8
2025-06-12 13:25:00,88.6
2025-06-12 14:21:00,50.10277843742579
2025-06-12 18:17:00,68.2
2025-06-12 02:36:00,50.10277843742579
2025-06-12 17:23:00,7.0
2025-06-12 16:09:00,71.0
2025-06-12 16:27:00,28.1
2025-06-12 12:07:00,15.9
2025-06-12 20:21:00,43.0
2025-06-12 19:58:00,64.5
2025-06-12 04:10:00,15.1
2025-06-12 01:09:00,45.2
2025-06-12 14:56:00,50.10277843742579
2025-06-12 18:46:00,50.10277843742579
2025-06-12 03:27:00,99.5
2025-06-12 05:48:00,12.9
2025-06-12 09:41:00,65.9
2025-06-12 22:14:00,50.10277843742579
2025-06-12 07:31:00,49.5
2025-06-12 06:49:00,58.4
2025-06-12 07:37:00,97.7
2025-06-12 06:59:00,70.7
2025-06-12 16:53:00,50.10277843742579
2025-06-12 04:59:00,13.9
2025-06-12 13:36:00,86.0
2025-06-12 21:27:00,50.10277843742579
2025-06-12 15:08:00,27.3
2025-06-12 05:54:00,50.10277843742579
2025-06-12 08:07:00,26.4
2025-06-12 09:10:00,35.4
2025-06-12 00:01:00,50.10277843742579
2025-06-12 21:20:00,10.6
2025-06-12 20:56:00,43.3
2025-06-12 13:58:00,18.9
2025-06-12 16:01:00,50.10277843742579
2025-06-12 12:01:00,88.2
2025-06-12 09:15:00,75.7
2025-06-12 03:35:00,50.10277843742579
2025-06-12 03:33:00,97.5
2025-06-12 10:43:00,10.9
2025-06-12 13:33:00,49.7
2025-06-12 23:01:00,16.7
2025-06-12 12:15:00,13.4
2025-06-12 04:35:00,30.0
2025-06-12 07:11:00,35.4
2025-06-12 21:10:00,10.5
2025-06-12 19:00:00,60.4
2025-06-12 14:26:00,50.10277843742579
2025-06-12 14:42:00,50.10277843742579
2025-06-12 12:37:00,48.3
2025-06-12 15:30:00,19.3
2025-06-12 12:36:00,26.7
2025-06-12 20:22:00,48.6
2025-06-12 00:28:00,7.2
2025-06-12 01:12:00,25.8
2025-06-12 12:22:00,43.2
2025-06-12 05:21:00,42.3
2025-06-12 09:09:00,50.10277843742579
2025-06-12 01:16:00,43.3
2025-06-12 22:50:00,19.4
2025-06-12 17:35:00,14.0
2025-06-12 16:44:00,6.6
2025-06-12 19:40:00,24.4
2025-06-12 06:11:00,68.7
2025-06-12 21:34:00,55.9
2025-06-12 22:45:00,50.10277843742579
2025-06-12 21:37:00,4.4
2025-06-12 23:25:00,85.6
2025-06-12 19:18:00,46.1
2025-06-12 15:56:00,15.9
2025-06-12 10:38:00,50.10277843742579
2025-06-12 05:32:00,7.3
2025-06-12 07:54:00,39.8
2025-06-12 06:30:00,50.10277843742579
2025-06-12 19:32:00,54.9
2025-06-12 11:53:00,36.8
2025-06-12 11:45:00,57.1
2025-06-12 15:53:00,2.6
2025-06-12 14:01:00,84.9
2025-06-12 19:49:00,85.3
2025-06-12 14:39:00,63.3
2025-06-12 01:54:00,39.0
2025-06-12 10:48:00,65.3
2025-06-12 17:30:00,30.3
2025-06-12 13:03:00,50.10277843742579
2025-06-12 23:32:00,88.3
2025-06-12 06:48:00,11.1
2025-06-12 19:04:00,40.1
2025-06-12 23:07:00,46.2
2025-06-12 06:20:00,89.6
2025-06-12 13:39:00,93.2
2025-06-12 08:17:00,56.0
2025-06-12 23:49:00,98.0
2025-06-12 19:20:00,17.1
2025-06-12 22:53:00,4.2
2025-06-12 01:51:00,50.10277843742579
2025-06-12 15:02:00,41.5
2025-06-12 22:57:00,40.0
2025-06-12 23:55:00,31.4
2025-06-12 20:01:00,53.2
2025-06-12 17:01:00,7.2
2025-06-12 12:24:00,22.2
2025-06-12 03:37:00,46.9
2025-06-12 20:48:00,53.0
2025-06-12 21:53:00,66.6
2025-06-12 00:23:00,82.3
2025-06-12 17:31:00,84.3
2025-06-12 01:19:00,32.0
2025-06-12 03:39:00,50.10277843742579
2025-06-12 11:40:00,50.10277843742579
2025-06-12 09:30:00,1.4
2025-06-12 15:35:00,15.2
2025-06-12 17:48:00,9.0
2025-06-12 03:14:00,28.5
2025-06-12 10:36:00,50.10277843742579
2025-06-12 16:29:00,19.9
2025-06-12 13:30:00,13.9
2025-06-12 13:18:00,95.9
2025-06-12 11:46:00,24.5
2025-06-12 11:00:00,73.6
2025-06-12 03:03:00,87.5
2025-06-12 03:30:00,65.3
2025-06-12 00:11:00,24.3
2025-06-12 17:15:00,89.1
2025-06-12 13:16:00,12.4
2025-06-12 01:40:00,5.2
2025-06-12 17:10:00,50.10277843742579
2025-06-12 11:07:00,90.4
2025-06-12 05:27:00,50.10277843742579
2025-06-12 19:26:00,0.4
2025-06-12 13:31:00,50.10277843742579
2025-06-12 01:41:00,50.2
2025-06-12 20:40:00,75.6
2025-06-12 16:20:00,37.3
2025-06-12 19:57:00,21.3
2025-06-12 05:35:00,50.10277843742579
2025-06-12 11:23:00,4.0
2025-06-12 21:22:00,59.5
2025-06-12 03:36:00,47.6
2025-06-12 07:22:00,14.7
2025-06-12 00:27:00,97.4
2025-06-12 02:18:00,99.3
2025-06-12 00:22:00,30.8
2025-06-12 01:20:00,44.1
2025-06-12 23:08:00,61.3
2025-06-12 04:57:00,4.1
2025-06-12 18:15:00,15.9
2025-06-12 10:16:00,28.2
2025-06-12 22:20:00,37.3
2025-06-12 21:30:00,28.4
2025-06-12 11:56:00,32.1
2025-06-12 15:31:00,64.6
2025-06-12 13:35:00,59.0
2025-06-12 00:26:00,29.7
2025-06-12 09:17:00,50.10277843742579
2025-06-12 00:51:00,96.8
2025-06-12 21:12:00,20.3
2025-06-12 03:25:00,57.0
2025-06-12 00:00:00,18.7
2025-06-12 11:58:00,66.6
2025-06-12 03:07:00,17.4
2025-06-12 05:15:00,25.8
2025-06-12 22:21:00,75.1
2025-06-12 01:31:00,72.6
2025-06-12 13:52:00,62.7
2025-06-12 09:08:00,19.8
2025-06-12 18:42:00,35.1
2025-06-12 16:24:00,84.0
2025-06-12 08:39:00,18.1
2025-06-12 18:53:00,39.6
2025-06-12 21:00:00,39.6
2025-06-12 07:10:00,19.1
2025-06-12 22:25:00,74.6
2025-06-12 13:59:00,53.6
2025-06-12 04:01:00,77.8
2025-06-12 09:10:00,49.2
2025-06-12 13:44:00,49.85036359371334
2025-06-12 14:32:00,13.6
2025-06-12 18:24:00,54.0
2025-06-12 06:30:00,30.8
2025-06-12 00:39:00,11.7
2025-06-12 13:19:00,14.4
2025-06-12 13:30:00,49.85036359371334
2025-06-12 00:42:00,37.5
2025-06-12 06:44:00,24.6
2025-06-12 02:27:00,83.2
2025-06-12 10:07:00,93.3
2025-06-12 12:00:00,96.9
2025-06-12 23:14:00,68.1
2025-06-12 18:53:00,28.8
2025-06-12 18:17:00,69.5
2025-06-12 06:36:00,49.85036359371334
2025-06-12 03:59:00,37.9
2025-06-12 05:00:00,75.8
2025-06-12 03:20:00,84.5
2025-06-12 23:23:00,21.0
2025-06-12 03:58:00,94.0
2025-06-12 03:57:00,41.9
2025-06-12 03:21:00,35.2
2025-06-12 16:10:00,49.85036359371334
2025-06-12 07:48:00,85.1
2025-06-12 17:57:00,57.2
2025-06-12 20:44:00,40.3
2025-06-12 06:58:00,49.85036359371334
2025-06-12 21:56:00,49.85036359371334
2025-06-12 12:52:00,12.7
2025-06-12 00:57:00,4.2
2025-06-12 12:55:00,49.85036359371334
2025-06-12 16:09:00,49.1
2025-06-12 07:32:00,60.8
2025-06-12 08:40:00,96.3
2025-06-12 23:20:00,80.7
2025-06-12 19:46:00,57.7
2025-06-12 02:46:00,61.3
2025-06-12 22:19:00,37.5
2025-06-12 00:01:00,77.7
2025-06-12 06:31:00,39.4
2025-06-12 02:44:00,28.3
2025-06-12 03:47:00,96.8
2025-06-12 06:53:00,0.2
2025-06-12 21:18:00,14.6
2025-06-12 22:32:00,77.1
2025-06-12 09:35:00,98.9
2025-06-12 10:29:00,62.6
2025-06-12 18:55:00,22.0
2025-06-12 20:21:00,78.3
2025-06-12 05:35:00,70.6
2025-06-12 01:08:00,49.85036359371334
2025-06-12 07:44:00,49.85036359371334
2025-06-12 20:23:00,68.1
2025-06-12 10:21:00,67.2
2025-06-12 11:10:00,49.85036359371334
2025-06-12 19:33:00,63.9
2025-06-12 20:45:00,38.2
2025-06-12 09:54:00,10.2
2025-06-12 02:35:00,95.9
2025-06-12 01:57:00,33.2
2025-06-12 16:18:00,49.85036359371334
2025-06-12 08:29:00,3.8
2025-06-12 07:06:00,36.2
2025-06-12 01:23:00,12.7
2025-06-12 18:43:00,84.3
2025-06-12 23:03:00,49.85036359371334
2025-06-12 21:54:00,2.0
2025-06-12 06:52:00,46.6
2025-06-12 17:20:00,49.85036359371334
2025-06-12 13:20:00,2.6
2025-06-12 04:45:00,49.85036359371334
2025-06-12 20:53:00,49.85036359371334
2025-06-12 10:49:00,18.2
2025-06-12 04:13:00,6.9
2025-06-12 22:03:00,93.5
2025-06-12 05:31:00,59.7
2025-06-12 22:38:00,51.5
2025-06-12 04:51:00,57.4
2025-06-12 16:03:00,49.85036359371334
2025-06-12 23:57:00,94.4
2025-06-12 03:14:00,50.0
2025-06-12 06:19:00,22.2
2025-06-12 15:14:00,84.8
2025-06-12 14:19:00,49.85036359371334
2025-06-12 22:25:00,91.0
2025-06-12 18:42:00,40.9
2025-06-12 09:26:00,21.1
2025-06-12 12:11:00,49.85036359371334
2025-06-12 01:19:00,33.0
2025-06-12 16:27:00,29.9
2025-06-12 10:37:00,55.6
2025-06-12 00:03:00,79.1
2025-06-12 13:08:00,13.7
2025-06-12 22:15:00,49.85036359371334
2025-06-12 17:43:00,42.4
2025-06-12 08:36:00,49.85036359371334
2025-06-12 23:12:00,49.85036359371334
2025-06-12 20:15:00,49.85036359371334
2025-06-12 08:12:00,78.7
2025-06-12 13:24:00,90.8
2025-06-12 07:05:00,66.7
2025-06-12 19:40:00,49.85036359371334
2025-06-12 03:40:00,74.4
2025-06-12 21:57:00,42.0
2025-06-12 15:57:00,38.3
2025-06-12 06:56:00,90.8
2025-06-12 00:14:00,46.5
2025-06-12 12:21:00,48.6
2025-06-12 11:25:00,56.5
2025-06-12 19:14:00,59.4
2025-06-12 15:54:00,6.4
2025-06-12 21:07:00,14.2
2025-06-12 04:49:00,84.2
2025-06-12 09:01:00,97.4
2025-06-12 20:38:00,79.9
2025-06-12 17:37:00,86.8
2025-06-12 07:35:00,22.5
2025-06-12 13:40:00,14.7
2025-06-12 17:08:00,41.5
2025-06-12 21:10:00,55.4
2025-06-12 01:13:00,88.4
2025-06-12 14:08:00,43.6
2025-06-12 15:07:00,52.1
2025-06-12 23:15:00,49.85036359371334
2025-06-12 09:08:00,5.3
2025-06-12 15:49:00,13.1
2025-06-12 06:14:00,14.6
2025-06-12 17:53:00,36.8
2025-06-12 02:20:00,49.85036359371334
2025-06-12 21:15:00,53.1
2025-06-12 02:50:00,14.0
2025-06-12 04:55:00,68.8
2025-06-12 07:53:00,87.0
2025-06-12 07:10:00,32.7
2025-06-12 06:26:00,21.5
2025-06-12 10:28:00,49.85036359371334
2025-06-12 19:12:00,99.7
2025-06-12 15:23:00,24.5
2025-06-12 14:44:00,29.0
2025-06-12 10:41:00,71.7
2025-06-12 13:50:00,74.9
2025-06-12 02:47:00,89.0
2025-06-12 01:21:00,10.1
2025-06-12 21:23:00,14.1
2025-06-12 07:37:00,22.5
2025-06-12 13:45:00,86.5
2025-06-12 04:48:00,54.4
2025-06-12 08:09:00,16.2
2025-06-12 19:15:00,68.4
2025-06-12 18:34:00,26.9
2025-06-12 02:18:00,29.0
2025-06-12 07:17:00,91.7
2025-06-12 12:20:00,39.9
2025-06-12 11:52:00,35.9
2025-06-12 18:01:00,6.8
2025-06-12 17:12:00,24.3
2025-06-12 01:17:00,99.2
2025-06-12 00:07:00,59.7
2025-06-12 19:25:00,42.3
2025-06-12 00:54:00,61.5
2025-06-12 08:14:00,29.2
2025-06-12 23:43:00,49.85036359371334
2025-06-12 00:34:00,1.2
2025-06-12 14:16:00,68.8
2025-06-12 10:14:00,21.8
2025-06-12 04:04:00,94.4
2025-06-12 02:21:00,9.5
2025-06-12 06:17:00,26.6
2025-06-12 16:33:00,49.85036359371334
2025-06-12 14:29:00,37.2
2025-06-12 20:36:00,52.6
2025-06-12 09:37:00,25.1
2025-06-12 09:55:00,42.8
2025-06-12 17:14:00,12.1
2025-06-12 14:15:00,2.9
2025-06-12 14:17:00,49.85036359371334
2025-06-12 23:28:00,24.3
2025-06-12 23:38:00,29.2
2025-06-12 04:52:00,10.8
2025-06-12 13:41:00,91.2
2025-06-12 20:28:00,13.6
2025-06-12 10:42:00,33.4
2025-06-12 08:04:00,65.5
2025-06-12 20:05:00,83.4
2025-06-12 16:26:00,52.6
2025-06-12 19:23:00,49.85036359371334
2025-06-12 08:39:00,19.4
2025-06-12 09:00:00,13.6
2025-06-12 00:40:00,86.8
2025-06-12 16:15:00,18.2
2025-06-12 18:03:00,67.2
2025-06-12 01:10:00,79.1
2025-06-12 21:50:00,47.3
2025-06-12 07:16:00,9.2
2025-06-12 09:33:00,8.2
2025-06-12 12:40:00,1.8
2025-06-12 23:08:00,88.1
2025-06-12 14:02:00,85.1
2025-06-12 08:15:00,60.8
2025-06-12 14:35:00,49.8
2025-06-12 18:20:00,49.85036359371334
2025-06-12 01:05:00,49.85036359371334
2025-06-12 16:25:00,53.0
2025-06-12 18:02:00,18.9
2025-06-12 12:47:00,10.2
2025-06-12 12:25:00,49.85036359371334
2025-06-12 14:09:00,51.5
2025-06-12 20:27:00,49.85036359371334
2025-06-12 08:57:00,64.6
2025-06-12 09:09:00,57.0
2025-06-12 06:09:00,83.9
2025-06-12 12:36:00,71.1
2025-06-12 10:20:00,13.6
2025-06-12 22:42:00,96.8
2025-06-12 05:41:00,49.85036359371334
2025-06-12 04:57:00,79.0
2025-06-12 21:32:00,49.85036359371334
2025-06-12 22:18:00,76.2
2025-06-12 05:48:00,73.1
2025-06-12 05:58:00,66.2
2025-06-12 16:22:00,36.4
2025-06-12 15:59:00,79.1
2025-06-12 00:43:00,97.5
2025-06-12 21:39:00,33.5
2025-06-12 13:48:00,93.4
2025-06-12 20:09:00,79.6
2025-06-12 03:55:00,75.4
2025-06-12 02:53:00,60.9
2025-06-12 23:25:00,51.2
2025-06-12 17:31:00,45.4
2025-06-12 00:33:00,35.0
2025-06-12 02:23:00,64.0
2025-06-12 00:21:00,56.4
2025-06-12 15:44:00,39.5
2025-06-12 04:12:00,28.1
2025-06-12 22:44:00,16.8
2025-06-12 07:45:00,17.9
2025-06-12 22:14:00,46.4
2025-06-12 18:58:00,33.0
2025-06-12 22:08:00,8.4
2025-06-12 15:45:00,94.0
2025-06-12 08:42:00,49.85036359371334
2025-06-12 21:01:00,97.4
2025-06-12 23:06:00,98.9
2025-06-12 15:27:00,14.7
2025-06-12 08:19:00,41.0
2025-06-12 17:32:00,30.8
2025-06-12 10:26:00,57.4
2025-06-12 15:32:00,45.6
2025-06-12 11:26:00,68.5
2025-06-12 04:19:00,49.85036359371334
2025-06-12 01:02:00,49.85036359371334
2025-06-12 12:44:00,94.2
2025-06-12 23:49:00,15.5
2025-06-12 02:56:00,49.85036359371334
2025-06-12 20:50:00,26.3
2025-06-12 09:53:00,3.2
2025-06-12 19:28:00,9.6
2025-06-12 15:26:00,58.4
2025-06-12 00:30:00,39.5
2025-06-12 10:13:00,25.9
2025-06-12 00:31:00,44.8
2025-06-12 15:37:00,51.2
2025-06-12 13:10:00,16.4
2025-06-12 14:12:00,62.3
2025-06-12 03:18:00,18.6
2025-06-12 10:23:00,6.5
2025-06-12 03:51:00,49.85036359371334
2025-06-12 21:14:00,92.4
2025-06-12 09:14:00,55.6
2025-06-12 03:07:00,86.8
2025-06-12 08:23:00,72.8
2025-06-12 15:17:00,35.5
2025-06-12 05:33:00,31.6
2025-06-12 16:06:00,1.9
2025-06-12 23:59:00,78.7
2025-06-12 10:16:00,63.6
2025-06-12 00:25:00,28.5
2025-06-12 15:31:00,0.9
2025-06-12 05:10:00,11.3
2025-06-12 03:12:00,26.1
2025-06-12 06:03:00,68.6
2025-06-12 01:31:00,21.1
2025-06-12 13:18:00,49.85036359371334
2025-06-12 08:52:00,23.5
2025-06-12 12:34:00,40.8
2025-06-12 12:04:00,22.3
2025-06-12 06:23:00,49.85036359371334
2025-06-12 13:35:00,63.7
2025-06-12 15:34:00,67.1
2025-06-12 04:03:00,77.7
2025-06-12 07:40:00,19.1
2025-06-12 21:30:00,63.0
2025-06-12 03:36:00,40.9
2025-06-12 02:25:00,86.4
2025-06-12 07:34:00,1.3
2025-06-12 04:16:00,65.0
2025-06-12 19:37:00,7.1
2025-06-12 11:08:00,39.3
2025-06-12 21:35:00,26.3
2025-06-12 23:21:00,29.0
2025-06-12 17:41:00,83.0
2025-06-12 01:25:00,49.85036359371334
2025-06-12 20:33:00,24.9
2025-06-12 04:43:00,5.5
2025-06-12 08:54:00,61.4
2025-06-12 19:45:00,99.1
2025-06-12 13:22:00,14.1
2025-06-12 04:07:00,19.6
2025-06-12 01:36:00,25.2
2025-06-12 12:05:00,40.7
2025-06-12 02:21:00,16.3
2025-06-12 22:26:00,93.0
2025-06-12 17:30:00,100.0
2025-06-12 18:29:00,40.1
2025-06-12 02:15:00,68.8
2025-06-12 09:52:00,2.6
2025-06-12 23:16:00,8.2
2025-06-12 07:54:00,11.4
2025-06-12 13:24:00,37.4
2025-06-12 09:24:00,21.4
2025-06-12 08:42:00,51.3
2025-06-12 20:24:00,50.02337935876432
2025-06-12 02:25:00,93.4
2025-06-12 17:25:00,50.02337935876432
2025-06-12 15:36:00,71.3
2025-06-12 12:39:00,60.8
2025-06-12 11:25:00,54.0
2025-06-12 16:46:00,98.7
2025-06-12 07:07:00,61.5
2025-06-12 02:09:00,12.5
2025-06-12 13:30:00,39.3
2025-06-12 03:07:00,16.8
2025-06-12 18:42:00,71.3
2025-06-12 19:57:00,50.02337935876432
2025-06-12 08:31:00,50.02337935876432
2025-06-12 12:35:00,7.9
2025-06-12 23:53:00,33.1
2025-06-12 08:34:00,50.02337935876432
2025-06-12 11:47:00,84.6
2025-06-12 12:52:00,33.0
2025-06-12 23:35:00,99.0
2025-06-12 18:49:00,4.6
2025-06-12 06:45:00,50.02337935876432
2025-06-12 08:04:00,58.6
2025-06-12 08:21:00,14.1
2025-06-12 07:26:00,6.1
2025-06-12 04:57:00,50.02337935876432
2025-06-12 18:10:00,52.3
2025-06-12 20:44:00,87.2
2025-06-12 10:39:00,27.2
2025-06-12 02:44:00,58.7
2025-06-12 01:33:00,17.8
2025-06-12 14:27:00,13.7
2025-06-12 16:27:00,94.5
2025-06-12 14:34:00,50.02337935876432
2025-06-12 01:48:00,50.02337935876432
2025-06-12 13:02:00,75.4
2025-06-12 23:08:00,50.02337935876432
2025-06-12 22:24:00,50.02337935876432
2025-06-12 15:53:00,50.02337935876432
2025-06-12 07:00:00,55.2
2025-06-12 09:49:00,14.3
2025-06-12 16:50:00,39.7
2025-06-12 14:35:00,73.9
2025-06-12 05:33:00,25.7
2025-06-12 13:42:00,82.3
2025-06-12 18:41:00,93.9
2025-06-12 05:20:00,62.3
2025-06-12 19:09:00,3.6
2025-06-12 18:05:00,9.5
2025-06-12 23:10:00,34.4
2025-06-12 10:53:00,50.02337935876432
2025-06-12 00:51:00,68.6
2025-06-12 22:25:00,29.0
2025-06-12 09:32:00,36.3
2025-06-12 20:59:00,50.02337935876432
2025-06-12 06:19:00,91.1
2025-06-12 01:17:00,50.02337935876432
2025-06-12 23:48:00,31.5
2025-06-12 12:21:00,47.1
2025-06-12 00:13:00,81.7
2025-06-12 04:40:00,82.1
2025-06-12 03:13:00,54.2
2025-06-12 03:55:00,69.2
2025-06-12 09:23:00,92.6
2025-06-12 22:29:00,97.4
2025-06-12 07:48:00,40.8
2025-06-12 17:43:00,94.5
2025-06-12 18:06:00,76.4
2025-06-12 03:29:00,33.2
2025-06-12 08:53:00,50.02337935876432
2025-06-12 14:02:00,78.5
2025-06-12 09:29:00,38.2
2025-06-12 06:43:00,50.02337935876432
2025-06-12 14:38:00,50.02337935876432
2025-06-12 09:08:00,61.1
2025-06-12 00:32:00,43.0
2025-06-12 02:57:00,46.8
2025-06-12 21:10:00,10.3
2025-06-12 01:49:00,15.9
2025-06-12 07:04:00,46.8
2025-06-12 01:28:00,77.0
2025-06-12 20:08:00,50.02337935876432
2025-06-12 08:26:00,81.0
2025-06-12 11:00:00,39.5
2025-06-12 15:27:00,80.7
2025-06-12 10:58:00,25.2
2025-06-12 06:25:00,12.3
2025-06-12 21:00:00,88.8
2025-06-12 09:55:00,44.5
2025-06-12 23:07:00,18.0
2025-06-12 23:51:00,1.5
2025-06-12 05:58:00,13.4
2025-06-12 01:03:00,10.9
2025-06-12 02:54:00,50.02337935876432
2025-06-12 18:16:00,50.02337935876432
2025-06-12 09:11:00,73.3
2025-06-12 11:56:00,16.5
2025-06-12 04:26:00,56.1
2025-06-12 04:22:00,29.3
2025-06-12 00:36:00,50.02337935876432
2025-06-12 02:24:00,84.5
2025-06-12 21:56:00,34.6
2025-06-12 20:36:00,7.5
2025-06-12 14:40:00,96.7
2025-06-12 20:06:00,92.6
2025-06-12 21:30:00,50.02337935876432
2025-06-12 17:16:00,92.7
2025-06-12 10:18:00,91.1
2025-06-12 14:55:00,58.4
2025-06-12 23:58:00,19.5
2025-06-12 15:19:00,77.6
2025-06-12 03:05:00,37.2
2025-06-12 10:01:00,72.2
2025-06-12 11:13:00,21.4
2025-06-12 03:52:00,22.2
2025-06-12 08:32:00,54.0
2025-06-12 18:38:00,6.6
2025-06-12 21:51:00,97.9
2025-06-12 16:55:00,50.02337935876432
2025-06-12 04:30:00,50.02337935876432
2025-06-12 00:48:00,12.3
2025-06-12 06:53:00,23.7
2025-06-12 16:19:00,94.5
2025-06-12 11:48:00,64.1
2025-06-12 19:53:00,86.8
2025-06-12 17:17:00,70.0
2025-06-12 21:46:00,84.5
2025-06-12 12:48:00,50.6
2025-06-12 06:20:00,4.7
2025-06-12 11:38:00,73.3
2025-06-12 14:07:00,28.7
2025-06-12 22:03:00,82.6
2025-06-12 14:06:00,49.6
2025-06-12 10:44:00,63.3
2025-06-12 14:59:00,80.3
2025-06-12 18:32:00,79.2
2025-06-12 08:01:00,8.6
2025-06-12 10:32:00,6.8
2025-06-12 01:54:00,50.02337935876432
2025-06-12 14:43:00,73.3
2025-06-12 06:14:00,89.4
2025-06-12 06:09:00,48.6
2025-06-12 16:44:00,26.7
2025-06-12 13:03:00,28.1
2025-06-12 06:07:00,18.4
2025-06-12 05:12:00,12.8
2025-06-12 02:07:00,93.8
2025-06-12 15:44:00,97.1
2025-06-12 19:36:00,76.8
2025-06-12 19:23:00,10.7
2025-06-12 16:54:00,16.8
2025-06-12 10:20:00,50.02337935876432
2025-06-12 18:22:00,50.02337935876432
2025-06-12 23:52:00,65.9
2025-06-12 06:50:00,62.7
2025-06-12 17:06:00,36.1
2025-06-12 02:35:00,1.8
2025-06-12 11:40:00,93.5
2025-06-12 22:11:00,55.4
2025-06-12 04:15:00,56.5
2025-06-12 20:38:00,22.2
2025-06-12 11:24:00,66.3
2025-06-12 17:26:00,13.1
2025-06-12 04:19:00,70.9
2025-06-12 02:41:00,42.7
2025-06-12 20:56:00,92.9
2025-06-12 15:58:00,4.1
2025-06-12 02:37:00,70.8
2025-06-12 12:03:00,47.2
2025-06-12 12:43:00,85.6
2025-06-12 04:28:00,21.1
2025-06-12 18:58:00,50.02337935876432
2025-06-12 18:40:00,1.5
2025-06-12 18:17:00,6.0
2025-06-12 18:31:00,10.9
2025-06-12 21:22:00,51.6
2025-06-12 06:42:00,28.3
2025-06-12 19:40:00,41.5
2025-06-12 05:31:00,50.02337935876432
2025-06-12 16:48:00,50.02337935876432
2025-06-12 03:37:00,77.6
2025-06-12 02:38:00,53.3
2025-06-12 17:51:00,19.1
2025-06-12 04:47:00,49.6
2025-06-12 10:27:00,50.02337935876432
2025-06-12 17:28:00,55.6
2025-06-12 18:56:00,83.9
2025-06-12 03:31:00,50.02337935876432
2025-06-12 22:50:00,50.02337935876432
2025-06-12 12:49:00,35.1
2025-06-12 05:18:00,50.02337935876432
2025-06-12 16:40:00,96.5
2025-06-12 01:27:00,45.3
2025-06-12 19:43:00,37.8
2025-06-12 08:28:00,22.6
2025-06-12 03:58:00,22.4
2025-06-12 04:20:00,88.2
2025-06-12 21:44:00,94.8
2025-06-12 19:56:00,50.02337935876432
2025-06-12 19:17:00,98.4
2025-06-12 05:22:00,50.02337935876432
2025-06-12 01:55:00,50.02337935876432
2025-06-12 02:12:00,50.02337935876432
2025-06-12 02:11:00,50.02337935876432
2025-06-12 12:10:00,50.6
2025-06-12 17:11:00,68.5
2025-06-12 05:51:00,6.0
2025-06-12 20:00:00,41.4
2025-06-12 13:36:00,64.9
2025-06-12 04:14:00,99.4
2025-06-12 06:24:00,5.1
2025-06-12 23:01:00,50.02337935876432
2025-06-12 09:20:00,50.02337935876432
2025-06-12 18:51:00,31.1
2025-06-12 19:26:00,50.02337935876432
2025-06-12 14:42:00,8.1
2025-06-12 22:44:00,78.7
2025-06-12 15:41:00,98.4
2025-06-12 05:39:00,72.5
2025-06-12 15:50:00,73.1
2025-06-12 06:15:00,50.02337935876432
2025-06-12 14:03:00,99.3
2025-06-12 20:53:00,18.1
2025-06-12 16:33:00,79.0
2025-06-12 03:14:00,35.1
2025-06-12 05:25:00,50.02337935876432
2025-06-12 08:33:00,50.02337935876432
2025-06-12 21:23:00,75.3
2025-06-12 08:58:00,50.02337935876432
2025-06-12 16:17:00,28.6
2025-06-12 00:54:00,59.3
2025-06-12 20:11:00,21.3
2025-06-12 21:36:00,78.6
2025-06-12 07:05:00,7.0
2025-06-12 07:29:00,50.02337935876432
2025-06-12 17:32:00,27.2
2025-06-12 12:07:00,62.9
2025-06-12 12:47:00,83.4
2025-06-12 09:58:00,50.02337935876432
2025-06-12 11:11:00,20.8
2025-06-12 22:46:00,14.5
2025-06-12 03:43:00,45.5
2025-06-12 18:27:00,83.8
2025-06-12 14:36:00,50.02337935876432
2025-06-12 00:41:00,50.02337935876432
2025-06-12 14:09:00,42.0
2025-06-12 20:13:00,76.9
2025-06-12 11:19:00,75.6
2025-06-12 06:51:00,91.9
2025-06-12 21:28:00,93.8
2025-06-12 07:46:00,52.4
2025-06-12 10:41:00,8.3
2025-06-12 12:15:00,43.7
2025-06-12 06:35:00,7.7
2025-06-12 23:17:00,79.5
2025-06-12 15:15:00,11.7
2025-06-12 09:45:00,4.3
2025-06-12 00:43:00,90.9
2025-06-12 02:32:00,37.5
2025-06-12 08:17:00,41.1
2025-06-12 10:09:00,93.7
2025-06-12 09:10:00,68.1
2025-06-12 22:51:00,53.8
2025-06-12 10:59:00,74.8
2025-06-12 12:01:00,52.0
2025-06-12 07:03:00,60.3
2025-06-12 20:55:00,22.2
2025-06-12 17:22:00,10.2
2025-06-12 17:46:00,9.9
2025-06-12 12:17:00,79.8
2025-06-12 14:59:00,44.4
2025-06-12 15:44:00,73.1
2025-06-12 18:23:00,47.4
2025-06-12 04:23:00,70.7
2025-06-12 02:48:00,4.3
2025-06-12 09:29:00,26.0
2025-06-12 19:13:00,5.2
2025-06-12 23:27:00,50.19809456598448
2025-06-12 13:08:00,98.9
2025-06-12 12:02:00,50.19809456598448
2025-06-12 19:11:00,23.6
2025-06-12 07:18:00,25.6
2025-06-12 16:23:00,39.4
2025-06-12 12:49:00,50.19809456598448
2025-06-12 11:31:00,29.9
2025-06-12 07:48:00,78.3
2025-06-12 05:45:00,72.0
2025-06-12 13:45:00,95.0
2025-06-12 00:45:00,2.9
2025-06-12 12:40:00,64.6
2025-06-12 05:33:00,33.5
2025-06-12 05:23:00,19.4
2025-06-12 14:24:00,51.1
2025-06-12 05:35:00,45.6
2025-06-12 06:08:00,42.0
2025-06-12 16:40:00,98.6
2025-06-12 16:15:00,15.5
2025-06-12 14:50:00,76.2
2025-06-12 01:59:00,99.0
2025-06-12 02:58:00,99.9
2025-06-12 18:00:00,81.0
2025-06-12 19:54:00,24.9
2025-06-12 13:55:00,98.7
2025-06-12 15:19:00,50.19809456598448
2025-06-12 03:54:00,25.7
2025-06-12 11:22:00,67.6
2025-06-12 16:39:00,74.3
2025-06-12 03:49:00,46.3
2025-06-12 01:06:00,4.7
2025-06-12 06:29:00,16.9
2025-06-12 19:51:00,38.4
2025-06-12 22:16:00,24.0
2025-06-12 04:19:00,73.8
2025-06-12 17:58:00,34.6
2025-06-12 18:45:00,82.0
2025-06-12 03:33:00,8.3
2025-06-12 11:26:00,34.9
2025-06-12 18:18:00,66.4
2025-06-12 11:43:00,50.19809456598448
2025-06-12 22:17:00,58.7
2025-06-12 03:50:00,50.19809456598448
2025-06-12 13:04:00,68.9
2025-06-12 16:12:00,62.4
2025-06-12 02:41:00,37.2
2025-06-12 23:45:00,50.19809456598448
2025-06-12 19:14:00,8.5
2025-06-12 12:10:00,59.6
2025-06-12 01:12:00,69.0
2025-06-12 16:53:00,78.4
2025-06-12 11:45:00,19.0
2025-06-12 22:10:00,50.19809456598448
2025-06-12 21:24:00,71.2
2025-06-12 23:57:00,17.7
2025-06-12 02:14:00,69.8
2025-06-12 13:37:00,92.3
2025-06-12 18:05:00,62.9
2025-06-12 22:31:00,52.6
2025-06-12 00:42:00,50.19809456598448
2025-06-12 14:47:00,96.2
2025-06-12 19:02:00,55.3
2025-06-12 01:03:00,15.7
2025-06-12 09:52:00,57.2
2025-06-12 14:46:00,53.3
2025-06-12 05:08:00,84.0
2025-06-12 05:09:00,7.2
2025-06-12 10:52:00,55.3
2025-06-12 05:28:00,7.2
2025-06-12 22:33:00,17.1
2025-06-12 18:40:00,27.4
2025-06-12 04:24:00,7.1
2025-06-12 08:57:00,12.4
2025-06-12 16:46:00,49.4
2025-06-12 07:25:00,71.6
2025-06-12 06:11:00,12.4
2025-06-12 20:01:00,50.19809456598448
2025-06-12 07:19:00,66.4
2025-06-12 17:44:00,50.19809456598448
2025-06-12 22:11:00,25.6
2025-06-12 18:36:00,32.3
2025-06-12 14:56:00,51.0
2025-06-12 14:03:00,81.1
2025-06-12 12:47:00,46.2
2025-06-12 06:51:00,62.9
2025-06-12 06:17:00,28.6
2025-06-12 23:59:00,50.19809456598448
2025-06-12 17:45:00,36.5
2025-06-12 16:22:00,8.6
2025-06-12 13:19:00,22.5
2025-06-12 18:42:00,74.5
2025-06-12 13:05:00,54.8
2025-06-12 22:15:00,96.1
2025-06-12 22:48:00,9.4
2025-06-12 17:14:00,50.19809456598448
2025-06-12 17:24:00,70.2
2025-06-12 12:05:00,83.6
2025-06-12 20:26:00,16.7
2025-06-12 00:14:00,18.0
2025-06-12 23:33:00,50.19809456598448
2025-06-12 01:33:00,8.7
2025-06-12 13:00:00,81.1
2025-06-12 13:34:00,27.6
2025-06-12 13:46:00,50.19809456598448
2025-06-12 06:14:00,76.8
2025-06-12 17:12:00,50.19809456598448
2025-06-12 23:19:00,5.2
2025-06-12 15:48:00,80.3
2025-06-12 12:04:00,60.9
2025-06-12 18:02:00,20.4
2025-06-12 03:25:00,65.5
2025-06-12 00:26:00,50.19809456598448
2025-06-12 13:52:00,33.0
2025-06-12 21:55:00,47.3
2025-06-12 14:08:00,74.9
2025-06-12 20:03:00,50.19809456598448
2025-06-12 08:36:00,47.5
2025-06-12 23:02:00,99.2
2025-06-12 07:39:00,53.4
2025-06-12 01:55:00,85.0
2025-06-12 14:34:00,60.2
2025-06-12 09:17:00,94.9
2025-06-12 11:38:00,5.4
2025-06-12 13:48:00,50.19809456598448
2025-06-12 08:07:00,40.4
2025-06-12 13:28:00,38.9
2025-06-12 19:16:00,33.5
2025-06-12 17:32:00,8.5
2025-06-12 06:38:00,65.2
2025-06-12 17:52:00,96.0
2025-06-12 06:23:00,48.9
2025-06-12 00:03:00,98.5
2025-06-12 08:12:00,32.2
2025-06-12 17:07:00,50.19809456598448
2025-06-12 21:32:00,31.1
2025-06-12 15:10:00,43.9
2025-06-12 01:57:00,50.19809456598448
2025-06-12 04:35:00,18.3
2025-06-12 21:47:00,45.2
2025-06-12 22:08:00,27.5
2025-06-12 16:58:00,50.19809456598448
2025-06-12 19:29:00,91.1
2025-06-12 09:46:00,12.2
2025-06-12 02:01:00,77.7
2025-06-12 07:07:00,85.6
2025-06-12 00:27:00,49.7
2025-06-12 14:00:00,7.4
2025-06-12 15:45:00,43.2
2025-06-12 10:54:00,58.8
2025-06-12 06:58:00,13.4
2025-06-12 23:39:00,72.7
2025-06-12 11:49:00,58.4
2025-06-12 16:03:00,69.8
2025-06-12 23:22:00,35.1
2025-06-12 21:16:00,77.8
2025-06-12 09:41:00,29.0
2025-06-12 01:51:00,50.19809456598448
2025-06-12 01:23:00,8.9
2025-06-12 20:53:00,98.6
2025-06-12 20:29:00,32.7
2025-06-12 05:16:00,43.8
2025-06-12 09:32:00,44.3
2025-06-12 04:16:00,50.19809456598448
2025-06-12 16:43:00,60.6
2025-06-12 18:08:00,28.1
2025-06-12 00:41:00,36.7
2025-06-12 22:36:00,50.19809456598448
2025-06-12 11:05:00,82.4
2025-06-12 18:56:00,61.0
2025-06-12 00:31:00,89.9
2025-06-12 09:56:00,22.8
2025-06-12 10:12:00,50.19809456598448
2025-06-12 06:32:00,9.7
2025-06-12 21:13:00,50.19809456598448
2025-06-12 07:59:00,78.0
2025-06-12 06:45:00,74.8
2025-06-12 00:49:00,35.2
2025-06-12 11:06:00,79.8
2025-06-12 12:44:00,67.7
2025-06-12 01:21:00,71.3
2025-06-12 05:58:00,97.1
2025-06-12 11:19:00,64.8
2025-06-12 16:10:00,93.6
2025-06-12 01:32:00,97.3
2025-06-12 21:22:00,2.2
2025-06-12 08:50:00,50.19809456598448
2025-06-12 14:06:00,58.5
2025-06-12 19:41:00,33.7
2025-06-12 15:08:00,50.19809456598448
2025-06-12 10:27:00,24.8
2025-06-12 06:56:00,47.0
2025-06-12 05:49:00,89.2
2025-06-12 18:15:00,91.0
2025-06-12 03:48:00,69.3
2025-06-12 20:48:00,30.3
2025-06-12 05:51:00,29.1
2025-06-12 03:37:00,50.19809456598448
2025-06-12 03:22:00,25.9
2025-06-12 06:54:00,97.6
2025-06-12 14:04:00,6.9
2025-06-12 19:05:00,37.9
2025-06-12 12:57:00,67.6
2025-06-12 21:59:00,46.1
2025-06-12 23:14:00,32.5
2025-06-12 11:35:00,20.7
2025-06-12 16:31:00,97.0
2025-06-12 21:17:00,53.4
2025-06-12 16:01:00,47.0
2025-06-12 02:02:00,93.1
2025-06-12 00:12:00,36.9
2025-06-12 18:26:00,46.6
2025-06-12 21:54:00,51.4
2025-06-12 18:49:00,37.9
2025-06-12 06:39:00,61.4
2025-06-12 19:08:00,63.0
2025-06-12 18:33:00,99.2
2025-06-12 19:55:00,50.19809456598448
2025-06-12 13:36:00,50.19809456598448
2025-06-12 07:36:00,97.8
2025-06-12 20:21:00,51.9
2025-06-12 16:51:00,39.7
2025-06-12 10:25:00,50.19809456598448
2025-06-12 20:43:00,61.1
2025-06-12 22:47:00,50.19809456598448
2025-06-12 11:48:00,56.4
2025-06-12 09:27:00,36.0
2025-06-12 01:37:00,62.0
2025-06-12 20:47:00,39.2
2025-06-12 13:56:00,50.19809456598448
2025-06-12 02:16:00,0.6
2025-06-12 07:17:00,5.0
2025-06-12 04:44:00,45.1
2025-06-12 19:23:00,6.3
2025-06-12 09:54:00,79.1
2025-06-12 09:26:00,18.7
2025-06-12 02:50:00,36.6
2025-06-12 05:31:00,76.5
2025-06-12 14:58:00,66.6
2025-06-12 04:15:00,50.19809456598448
2025-06-12 05:56:00,57.5
2025-06-12 03:01:00,8.2
2025-06-12 18:34:00,10.2
2025-06-12 09:37:00,3.7
2025-06-12 10:41:00,50.19809456598448
2025-06-12 14:14:00,50.19809456598448
2025-06-12 09:36:00,33.7
2025-06-12 03:57:00,81.8
2025-06-12 02:12:00,18.9
2025-06-12 18:22:00,45.6
2025-06-12 02:49:00,16.1
2025-06-12 05:04:00,24.1
2025-06-12 08:56:00,78.4
2025-06-12 00:39:00,50.19809456598448
2025-06-12 08:27:00,12.6
2025-06-12 04:48:00,50.19809456598448
2025-06-12 03:08:00,19.3
2025-06-12 14:43:00,39.3
2025-06-12 03:04:00,71.1
2025-06-12 18:20:00,73.9
2025-06-12 10:34:00,32.4
2025-06-12 16:38:00,3.9
2025-06-12 07:40:00,36.1
2025-06-12 13:17:00,50.19809456598448
2025-06-12 12:23:00,47.6
2025-06-12 21:04:00,50.19809456598448
2025-06-12 17:03:00,33.5
2025-06-12 19:33:00,47.3
2025-06-12 10:10:00,59.9
2025-06-12 21:11:00,57.7
2025-06-12 01:54:00,10.5
2025-06-12 16:11:00,84.9
2025-06-12 14:41:00,45.9
2025-06-12 20:48:00,80.5
2025-06-12 10:24:00,83.0
2025-06-12 22:13:00,5.4
2025-06-12 08:21:00,52.5
2025-06-12 05:59:00,80.5
2025-06-12 06:31:00,74.1
2025-06-12 16:14:00,56.0
2025-06-12 04:38:00,66.7
2025-06-12 16:18:00,80.9
2025-06-12 07:58:00,88.7
2025-06-12 01:47:00,49.54486036141751
2025-06-12 14:20:00,89.8
2025-06-12 18:34:00,53.7
2025-06-12 08:35:00,55.5
2025-06-12 12:23:00,96.3
2025-06-12 01:46:00,30.3
2025-06-12 20:29:00,51.2
2025-06-12 12:18:00,26.8
2025-06-12 12:38:00,66.1
2025-06-12 07:21:00,31.5
2025-06-12 16:31:00,90.4
2025-06-12 02:19:00,90.2
2025-06-12 05:49:00,91.5
2025-06-12 23:21:00,4.2
2025-06-12 10:13:00,23.1
2025-06-12 15:19:00,74.2
2025-06-12 23:25:00,32.3
2025-06-12 02:01:00,86.9
2025-06-12 13:40:00,59.8
2025-06-12 05:55:00,98.7
2025-06-12 10:00:00,93.1
2025-06-12 14:42:00,96.0
2025-06-12 11:45:00,17.1
2025-06-12 06:30:00,50.8
2025-06-12 03:27:00,49.54486036141751
2025-06-12 16:29:00,85.8
2025-06-12 11:23:00,89.1
2025-06-12 23:37:00,49.54486036141751
2025-06-12 02:09:00,51.3
2025-06-12 00:45:00,47.6
2025-06-12 15:32:00,61.0
2025-06-12 03:28:00,65.9
2025-06-12 00:59:00,11.0
2025-06-12 09:08:00,87.3
2025-06-12 05:51:00,90.6
2025-06-12 00:49:00,83.2
2025-06-12 14:40:00,77.1
2025-06-12 20:38:00,49.54486036141751
2025-06-12 02:16:00,20.3
2025-06-12 04:30:00,8.9
2025-06-12 07:47:00,81.0
2025-06-12 14:47:00,71.5
2025-06-12 06:49:00,23.2
2025-06-12 02:41:00,72.8
2025-06-12 01:41:00,89.2
2025-06-12 08:05:00,65.7
2025-06-12 23:52:00,61.3
2025-06-12 14:07:00,43.7
2025-06-12 18:05:00,0.2
2025-06-12 08:52:00,49.54486036141751
2025-06-12 16:52:00,23.0
2025-06-12 13:46:00,35.4
2025-06-12 19:35:00,9.1
2025-06-12 05:22:00,57.4
2025-06-12 05:34:00,19.9
2025-06-12 21:05:00,23.1
2025-06-12 05:18:00,24.9
2025-06-12 21:08:00,62.7
2025-06-12 21:22:00,84.2
2025-06-12 12:15:00,66.4
2025-06-12 18:26:00,60.0
2025-06-12 06:27:00,49.54486036141751
2025-06-12 11:01:00,78.5
2025-06-12 09:43:00,24.8
2025-06-12 18:20:00,78.5
2025-06-12 15:41:00,25.2
2025-06-12 20:25:00,71.1
2025-06-12 23:01:00,27.1
2025-06-12 17:13:00,29.4
2025-06-12 10:08:00,49.54486036141751
2025-06-12 11:07:00,49.54486036141751
2025-06-12 09:40:00,47.6
2025-06-12 09:21:00,49.54486036141751
2025-06-12 13:20:00,98.1
2025-06-12 15:37:00,41.4
2025-06-12 17:46:00,3.6
2025-06-12 23:41:00,51.8
2025-06-12 18:28:00,84.4
2025-06-12 12:36:00,68.2
2025-06-12 23:07:00,19.8
2025-06-12 10:05:00,40.0
2025-06-12 09:20:00,60.7
2025-06-12 18:00:00,49.1
2025-06-12 04:33:00,96.3
2025-06-12 15:58:00,30.1
2025-06-12 15:12:00,17.6
2025-06-12 23:13:00,21.1
2025-06-12 07:27:00,95.4
2025-06-12 22:27:00,64.1
2025-06-12 07:48:00,91.8
2025-06-12 15:44:00,45.2
2025-06-12 10:44:00,47.2
2025-06-12 09:31:00,49.54486036141751
2025-06-12 12:07:00,4.2
2025-06-12 21:40:00,10.0
2025-06-12 17:18:00,48.0
2025-06-12 23:40:00,59.9
2025-06-12 18:58:00,49.54486036141751
2025-06-12 16:28:00,46.4
2025-06-12 02:03:00,52.6
2025-06-12 15:47:00,56.0
2025-06-12 13:33:00,14.0
2025-06-12 09:14:00,58.8
2025-06-12 05:37:00,2.0
2025-06-12 09:50:00,49.54486036141751
2025-06-12 13:07:00,75.2
2025-06-12 03:11:00,49.54486036141751
2025-06-12 13:32:00,84.0
2025-06-12 07:11:00,20.5
2025-06-12 16:12:00,29.1
2025-06-12 08:51:00,43.2
2025-06-12 21:04:00,69.9
2025-06-12 21:47:00,42.7
2025-06-12 13:28:00,21.8
2025-06-12 13:59:00,49.6
2025-06-12 01:23:00,64.7
2025-06-12 17:27:00,28.7
2025-06-12 00:24:00,22.3
2025-06-12 01:50:00,39.7
2025-06-12 12:51:00,85.5
2025-06-12 06:44:00,64.0
2025-06-12 00:39:00,49.54486036141751
2025-06-12 20:02:00,49.54486036141751
2025-06-12 11:50:00,49.54486036141751
2025-06-12 05:11:00,17.9
2025-06-12 04:01:00,36.3
2025-06-12 12:50:00,71.1
2025-06-12 02:00:00,3.6
2025-06-12 21:27:00,60.0
2025-06-12 12:45:00,49.54486036141751
2025-06-12 18:41:00,88.0
2025-06-12 17:50:00,39.0
2025-06-12 20:54:00,88.4
2025-06-12 00:32:00,63.7
2025-06-12 06:02:00,80.4
2025-06-12 06:10:00,99.4
2025-06-12 10:30:00,58.0
2025-06-12 02:50:00,0.4
2025-06-12 09:01:00,52.7
2025-06-12 15:14:00,86.6
2025-06-12 06:13:00,42.1
2025-06-12 15:04:00,7.9
2025-06-12 21:26:00,31.9
2025-06-12 16:03:00,34.7
2025-06-12 11:27:00,13.8
2025-06-12 07:34:00,65.4
2025-06-12 04:16:00,83.9
2025-06-12 18:09:00,12.7
2025-06-12 01:42:00,50.5
2025-06-12 16:53:00,17.2
2025-06-12 17:42:00,92.4
2025-06-12 03:31:00,23.1
2025-06-12 11:11:00,19.4
2025-06-12 21:32:00,21.1
2025-06-12 13:08:00,49.54486036141751
2025-06-12 19:05:00,49.54486036141751
2025-06-12 06:47:00,88.5
2025-06-12 06:00:00,15.2
2025-06-12 19:53:00,31.2
2025-06-12 00:48:00,80.5
2025-06-12 03:24:00,37.2
2025-06-12 09:37:00,29.7
2025-06-12 22:33:00,29.5
2025-06-12 09:00:00,1.0
2025-06-12 15:43:00,25.2
2025-06-12 07:51:00,49.54486036141751
2025-06-12 00:09:00,13.1
2025-06-12 18:45:00,90.9
2025-06-12 12:14:00,48.8
2025-06-12 21:14:00,49.54486036141751
2025-06-12 21:43:00,59.3
2025-06-12 16:48:00,99.5
2025-06-12 17:35:00,49.54486036141751
2025-06-12 20:55:00,49.54486036141751
2025-06-12 14:46:00,88.8
2025-06-12 21:28:00,18.7
2025-06-12 19:18:00,47.2
2025-06-12 02:36:00,35.7
2025-06-12 07:59:00,5.8
2025-06-12 02:49:00,75.1
2025-06-12 07:54:00,72.0
2025-06-12 04:14:00,57.8
2025-06-12 23:24:00,36.5
2025-06-12 00:55:00,98.9
2025-06-12 19:14:00,60.9
2025-06-12 07:14:00,8.4
2025-06-12 02:58:00,4.1
2025-06-12 13:05:00,46.4
2025-06-12 07:00:00,28.3
2025-06-12 21:29:00,94.9
2025-06-12 07:40:00,48.5
2025-06-12 06:04:00,29.0
2025-06-12 10:26:00,90.3
2025-06-12 07:03:00,68.9
2025-06-12 01:24:00,84.0
2025-06-12 23:59:00,13.9
2025-06-12 00:56:00,58.2
2025-06-12 00:14:00,80.0
2025-06-12 16:06:00,41.3
2025-06-12 08:04:00,13.2
2025-06-12 19:50:00,22.9
2025-06-12 08:33:00,0.3
2025-06-12 17:38:00,85.4
2025-06-12 22:14:00,32.0
2025-06-12 21:17:00,93.0
2025-06-12 12:00:00,60.7
2025-06-12 13:10:00,53.1
2025-06-12 16:49:00,39.3
2025-06-12 21:35:00,10.2
2025-06-12 04:35:00,14.0
2025-06-12 20:17:00,56.7
2025-06-12 22:06:00,69.8
2025-06-12 02:40:00,97.1
2025-06-12 07:06:00,6.1
2025-06-12 17:09:00,20.3
2025-06-12 14:22:00,80.2
2025-06-12 10:51:00,80.7
2025-06-12 06:07:00,53.7
2025-06-12 09:22:00,49.54486036141751
2025-06-12 05:13:00,49.54486036141751
2025-06-12 17:00:00,62.5
2025-06-12 08:25:00,59.3
2025-06-12 22:16:00,80.0
2025-06-12 00:58:00,28.4
2025-06-12 23:19:00,49.54486036141751
2025-06-12 04:08:00,49.54486036141751
2025-06-12 07:22:00,33.2
2025-06-12 00:44:00,49.54486036141751
2025-06-12 14:54:00,94.6
2025-06-12 10:22:00,69.6
2025-06-12 16:38:00,12.2
2025-06-12 05:40:00,49.54486036141751
2025-06-12 05:00:00,72.4
2025-06-12 00:15:00,19.2
2025-06-12 21:58:00,98.5
2025-06-12 02:07:00,89.2
2025-06-12 09:51:00,49.54486036141751
2025-06-12 12:41:00,63.3
2025-06-12 09:46:00,16.2
2025-06-12 10:57:00,20.5
2025-06-12 00:31:00,49.54486036141751
2025-06-12 07:17:00,3.1
2025-06-12 20:32:00,47.1
2025-06-12 18:53:00,66.1
2025-06-12 20:57:00,43.2
2025-06-12 13:25:00,83.7
2025-06-12 07:23:00,50.1
2025-06-12 13:30:00,62.1
2025-06-12 04:20:00,90.2
2025-06-12 06:28:00,52.4
2025-06-12 06:24:00,76.9
2025-06-12 17:04:00,49.54486036141751
2025-06-12 18:38:00,71.7
2025-06-12 13:04:00,67.7
2025-06-12 15:00:00,55.1
2025-06-12 18:04:00,85.4
2025-06-12 07:52:00,47.4
2025-06-12 01:08:00,49.54486036141751
2025-06-12 23:12:00,49.54486036141751
2025-06-12 02:46:00,49.54486036141751
2025-06-12 01:53:00,49.54486036141751
2025-06-12 01:38:00,88.4
2025-06-12 08:00:00,32.1
2025-06-12 10:38:00,52.9
2025-06-12 07:09:00,74.0
2025-06-12 22:07:00,41.5
2025-06-12 23:14:00,96.4
2025-06-12 05:05:00,18.0
2025-06-12 13:31:00,32.8
2025-06-12 15:54:00,8.1
2025-06-12 08:22:00,58.1
2025-06-12 03:03:00,45.7
2025-06-12 19:29:00,74.3
2025-06-12 00:22:00,17.6
2025-06-12 20:39:00,21.3
2025-06-12 06:13:00,10.5
2025-06-12 12:47:00,55.0
2025-06-12 21:27:00,93.5
2025-06-12 08:27:00,50.136426804852206
2025-06-12 23:09:00,4.7
2025-06-12 11:52:00,1.2
2025-06-12 09:04:00,50.136426804852206
2025-06-12 17:37:00,40.3
2025-06-12 13:52:00,92.2
2025-06-12 17:35:00,76.0
2025-06-12 11:51:00,49.1
2025-06-12 13:21:00,54.0
2025-06-12 23:01:00,46.9
2025-06-12 06:23:00,17.7
2025-06-12 02:29:00,73.7
2025-06-12 05:18:00,85.0
2025-06-12 15:36:00,19.5
2025-06-12 12:49:00,43.4
2025-06-12 00:53:00,50.136426804852206
2025-06-12 01:39:00,74.8
2025-06-12 07:48:00,42.1
2025-06-12 02:26:00,21.4
2025-06-12 04:17:00,50.136426804852206
2025-06-12 01:46:00,62.2
2025-06-12 19:21:00,16.9
2025-06-12 21:41:00,50.136426804852206
2025-06-12 12:13:00,0.0
2025-06-12 16:36:00,64.4
2025-06-12 08:06:00,22.1
2025-06-12 21:47:00,64.7
2025-06-12 23:48:00,87.1
2025-06-12 07:06:00,50.136426804852206
2025-06-12 00:38:00,28.6
2025-06-12 15:25:00,52.2
2025-06-12 21:19:00,16.6
2025-06-12 11:56:00,9.9
2025-06-12 15:28:00,50.8
2025-06-12 04:25:00,70.0
2025-06-12 07:57:00,60.0
2025-06-12 00:19:00,28.1
2025-06-12 18:14:00,95.8
2025-06-12 15:32:00,46.0
2025-06-12 02:33:00,19.9
2025-06-12 18:25:00,74.6
2025-06-12 05:05:00,14.1
2025-06-12 15:49:00,81.4
2025-06-12 16:28:00,11.5
2025-06-12 11:10:00,94.2
2025-06-12 00:02:00,42.8
2025-06-12 02:12:00,90.3
2025-06-12 18:07:00,18.3
2025-06-12 10:58:00,71.3
2025-06-12 23:02:00,50.136426804852206
2025-06-12 03:34:00,50.136426804852206
2025-06-12 01:52:00,90.6
2025-06-12 11:50:00,50.136426804852206
2025-06-12 17:31:00,50.136426804852206
2025-06-12 16:22:00,46.9
2025-06-12 20:10:00,13.0
2025-06-12 23:03:00,50.136426804852206
2025-06-12 00:59:00,17.7
2025-06-12 23:38:00,28.5
2025-06-12 06:32:00,92.1
2025-06-12 17:53:00,92.2
2025-06-12 06:00:00,60.3
2025-06-12 10:59:00,50.136426804852206
2025-06-12 16:39:00,77.4
2025-06-12 23:22:00,89.5
2025-06-12 11:06:00,50.136426804852206
2025-06-12 02:21:00,22.6
2025-06-12 07:42:00,9.1
2025-06-12 17:38:00,70.5
2025-06-12 19:01:00,50.136426804852206
2025-06-12 07:50:00,90.6
2025-06-12 19:25:00,74.7
2025-06-12 22:07:00,50.136426804852206
2025-06-12 03:33:00,90.1
2025-06-12 11:37:00,82.9
2025-06-12 11:39:00,17.1
2025-06-12 21:17:00,91.4
2025-06-12 00:36:00,42.2
2025-06-12 08:53:00,64.4
2025-06-12 22:32:00,50.136426804852206
2025-06-12 22:50:00,72.7
2025-06-12 10:21:00,48.3
2025-06-12 04:43:00,39.6
2025-06-12 15:31:00,20.0
2025-06-12 17:46:00,6.0
2025-06-12 09:53:00,50.136426804852206
2025-06-12 16:20:00,57.4
2025-06-12 03:24:00,8.6
2025-06-12 22:48:00,50.136426804852206
2025-06-12 01:04:00,42.7
2025-06-12 18:55:00,34.4
2025-06-12 12:33:00,50.136426804852206
2025-06-12 18:51:00,40.5
2025-06-12 14:33:00,81.0
2025-06-12 10:45:00,50.136426804852206
2025-06-12 09:08:00,91.3
2025-06-12 22:59:00,90.5
2025-06-12 08:33:00,35.7
2025-06-12 12:57:00,48.8
2025-06-12 16:33:00,66.7
2025-06-12 16:59:00,96.5
2025-06-12 00:35:00,72.5
2025-06-12 19:06:00,59.6
2025-06-12 15:34:00,35.1
2025-06-12 10:02:00,10.2
2025-06-12 00:04:00,27.1
2025-06-12 20:32:00,87.7
2025-06-12 08:28:00,77.1
2025-06-12 15:09:00,92.6
2025-06-12 11:05:00,90.3
2025-06-12 13:31:00,97.3
2025-06-12 03:16:00,78.1
2025-06-12 07:29:00,50.136426804852206
2025-06-12 06:59:00,96.0
2025-06-12 21:33:00,7.7
2025-06-12 06:47:00,15.5
2025-06-12 02:41:00,72.9
2025-06-12 23:41:00,76.5
2025-06-12 03:14:00,11.0
2025-06-12 13:51:00,88.2
2025-06-12 04:38:00,4.5
2025-06-12 15:16:00,70.7
2025-06-12 18:03:00,50.136426804852206
2025-06-12 20:02:00,71.7
2025-06-12 03:13:00,49.9
2025-06-12 05:27:00,4.4
2025-06-12 14:12:00,68.2
2025-06-12 00:29:00,50.136426804852206
2025-06-12 11:20:00,50.136426804852206
2025-06-12 22:21:00,24.9
2025-06-12 01:40:00,50.136426804852206
2025-06-12 21:58:00,82.2
2025-06-12 01:01:00,65.2
2025-06-12 19:33:00,42.1
2025-06-12 16:42:00,59.3
2025-06-12 04:02:00,50.136426804852206
2025-06-12 00:05:00,70.5
2025-06-12 04:11:00,4.9
2025-06-12 00:48:00,43.4
2025-06-12 18:11:00,50.136426804852206
2025-06-12 18:00:00,61.0
2025-06-12 15:39:00,4.6
2025-06-12 01:30:00,62.5
2025-06-12 06:25:00,50.136426804852206
2025-06-12 20:04:00,24.4
2025-06-12 06:19:00,84.3
2025-06-12 09:13:00,11.1
2025-06-12 04:32:00,57.8
2025-06-12 07:26:00,43.8
2025-06-12 06:40:00,69.9
2025-06-12 23:17:00,63.0
2025-06-12 18:54:00,49.9
2025-06-12 11:58:00,41.8
2025-06-12 10:03:00,76.4
2025-06-12 12:45:00,45.6
2025-06-12 21:38:00,35.2
2025-06-12 00:17:00,54.3
2025-06-12 05:08:00,83.6
2025-06-12 19:02:00,64.1
2025-06-12 20:17:00,78.4
2025-06-12 10:35:00,27.0
2025-06-12 10:09:00,50.136426804852206
2025-06-12 16:17:00,85.2
2025-06-12 04:41:00,50.136426804852206
2025-06-12 17:13:00,4.0
2025-06-12 21:54:00,96.8
2025-06-12 14:03:00,44.5
2025-06-12 21:45:00,21.3
2025-06-12 10:36:00,30.6
2025-06-12 09:51:00,74.1
2025-06-12 22:16:00,80.4
2025-06-12 15:35:00,42.2
2025-06-12 03:30:00,88.8
2025-06-12 07:00:00,42.2
2025-06-12 08:57:00,85.4
2025-06-12 07:14:00,50.136426804852206
2025-06-12 02:08:00,49.1
2025-06-12 19:34:00,44.0
2025-06-12 17:42:00,50.136426804852206
2025-06-12 08:51:00,42.1
2025-06-12 18:33:00,93.6
2025-06-12 21:39:00,79.9
2025-06-12 17:59:00,75.2
2025-06-12 01:07:00,94.9
2025-06-12 00:09:00,50.136426804852206
2025-06-12 16:49:00,59.0
2025-06-12 17:21:00,7.8
2025-06-12 03:19:00,50.136426804852206
2025-06-12 20:05:00,55.6
2025-06-12 23:14:00,50.136426804852206
2025-06-12 13:08:00,62.5
2025-06-12 17:25:00,72.1
2025-06-12 01:48:00,50.136426804852206
2025-06-12 05:16:00,27.5
2025-06-12 03:44:00,50.136426804852206
2025-06-12 05:42:00,50.136426804852206
2025-06-12 21:49:00,36.1
2025-06-12 13:07:00,17.5
2025-06-12 09:21:00,15.4
2025-06-12 23:21:00,52.5
2025-06-12 05:32:00,59.0
2025-06-12 05:54:00,1.8
2025-06-12 17:55:00,30.8
2025-06-12 01:42:00,49.9
2025-06-12 18:24:00,43.1
2025-06-12 23:43:00,50.136426804852206
2025-06-12 05:12:00,67.3
2025-06-12 12:40:00,25.7
2025-06-12 19:57:00,90.4
2025-06-12 04:16:00,50.136426804852206
2025-06-12 12:11:00,23.4
2025-06-12 01:45:00,50.9
2025-06-12 07:51:00,14.3
2025-06-12 17:15:00,50.136426804852206
2025-06-12 05:36:00,88.2
2025-06-12 13:33:00,50.136426804852206
2025-06-12 12:06:00,48.0
2025-06-12 10:54:00,50.136426804852206
2025-06-12 17:32:00,26.6
2025-06-12 19:12:00,58.6
2025-06-12 07:53:00,23.0
2025-06-12 15:43:00,12.1
2025-06-12 19:43:00,97.6
2025-06-12 02:51:00,31.2
2025-06-12 20:38:00,39.9
2025-06-12 08:17:00,50.136426804852206
2025-06-12 22:29:00,40.8
2025-06-12 11:30:00,45.2
2025-06-12 12:56:00,50.136426804852206
2025-06-12 23:27:00,87.2
2025-06-12 13:12:00,85.7
2025-06-12 13:34:00,52.8
2025-06-12 19:27:00,50.136426804852206
2025-06-12 11:36:00,54.9
2025-06-12 07:46:00,71.7
2025-06-12 14:43:00,8.2
2025-06-12 14:24:00,47.1
2025-06-12 23:12:00,37.3
2025-06-12 08:36:00,43.5
2025-06-12 19:50:00,33.1
2025-06-12 18:10:00,29.7
2025-06-12 12:23:00,90.7
2025-06-12 02:59:00,2.8
2025-06-12 04:40:00,50.136426804852206
2025-06-12 06:31:00,12.3
2025-06-12 09:36:00,76.4
2025-06-12 21:04:00,50.136426804852206
2025-06-12 23:51:00,62.9
2025-06-12 23:40:00,50.136426804852206
2025-06-12 09:38:00,4.9
2025-06-12 11:55:00,61.2
2025-06-12 17:01:00,89.8
2025-06-12 23:47:00,71.3
2025-06-12 23:28:00,75.7
2025-06-12 23:11:00,78.0
2025-06-12 01:21:00,55.0
2025-06-12 22:10:00,70.4
2025-06-12 03:51:00,40.4
2025-06-12 03:17:00,61.4
2025-06-12 02:01:00,31.5
2025-06-12 09:37:00,44.2
2025-06-12 12:30:00,63.8
2025-06-12 02:03:00,58.9
2025-06-12 19:04:00,50.136426804852206
2025-06-12 23:13:00,15.6
2025-06-12 10:33:00,4.8
2025-06-12 17:20:00,88.6
2025-06-12 09:58:00,50.136426804852206
2025-06-12 19:53:00,31.6
2025-06-12 09:17:00,37.5
2025-06-12 01:28:00,25.5
2025-06-12 23:23:00,18.9
2025-06-12 17:00:00,33.7
2025-06-12 22:02:00,13.1
2025-06-12 06:14:00,40.6
2025-06-12 13:53:00,35.2
2025-06-12 23:36:00,28.2
2025-06-12 14:18:00,36.7
2025-06-12 07:36:00,50.136426804852206
2025-06-12 05:09:00,18.5
2025-06-12 18:08:00,10.4
2025-06-12 14:34:00,69.0
2025-06-12 18:52:00,50.136426804852206
2025-06-12 21:56:00,11.4
2025-06-12 20:43:00,1.1
2025-06-12 14:15:00,99.9
2025-06-12 14:20:00,50.136426804852206
2025-06-12 02:30:00,84.1
2025-06-12 16:46:00,94.8
2025-06-12 11:11:00,67.8
2025-06-12 23:20:00,80.0
2025-06-12 05:10:00,86.8
2025-06-12 11:15:00,50.136426804852206
2025-06-12 23:26:00,35.4
2025-06-12 02:54:00,61.3
2025-06-12 12:32:00,90.1
2025-06-12 04:08:00,64.8
2025-06-12 03:55:00,21.7
2025-06-12 21:18:00,37.7
2025-06-12 15:57:00,10.1
2025-06-12 03:43:00,7.9
2025-06-12 10:15:00,50.037891637220255
2025-06-12 11:37:00,30.0
2025-06-12 13:32:00,40.6
2025-06-12 03:23:00,65.5
2025-06-12 19:12:00,37.6
2025-06-12 11:27:00,60.9
2025-06-12 06:43:00,43.5
2025-06-12 19:44:00,56.8
2025-06-12 23:51:00,55.2
2025-06-12 04:05:00,15.5
2025-06-12 14:10:00,26.7
2025-06-12 19:31:00,4.2
2025-06-12 17:01:00,23.0
2025-06-12 02:28:00,50.037891637220255
2025-06-12 14:20:00,96.7
2025-06-12 07:38:00,20.7
2025-06-12 11:34:00,6.9
2025-06-12 11:22:00,50.0
2025-06-12 15:06:00,68.7
2025-06-12 17:56:00,50.037891637220255
2025-06-12 05:38:00,4.9
2025-06-12 02:23:00,39.1
2025-06-12 18:16:00,10.2
2025-06-12 10:02:00,50.037891637220255
2025-06-12 02:39:00,10.9
2025-06-12 21:51:00,47.9
2025-06-12 17:38:00,50.037891637220255
2025-06-12 23:11:00,63.7
2025-06-12 16:36:00,32.9
2025-06-12 11:11:00,50.037891637220255
2025-06-12 11:31:00,83.6
2025-06-12 08:07:00,72.1
2025-06-12 20:58:00,79.4
2025-06-12 11:56:00,43.4
2025-06-12 22:09:00,57.7
2025-06-12 19:20:00,11.0
2025-06-12 17:13:00,76.7
2025-06-12 01:39:00,11.8
2025-06-12 12:09:00,7.3
2025-06-12 13:20:00,66.9
2025-06-12 15:17:00,76.0
2025-06-12 16:48:00,90.1
2025-06-12 00:48:00,23.6
2025-06-12 05:16:00,40.3
2025-06-12 00:56:00,43.1
2025-06-12 19:25:00,95.8
2025-06-12 14:19:00,2.1
2025-06-12 07:28:00,58.2
2025-06-12 10:25:00,50.037891637220255
2025-06-12 16:07:00,0.6
2025-06-12 22:54:00,11.4
2025-06-12 10:22:00,10.2
2025-06-12 23:24:00,50.037891637220255
2025-06-12 14:38:00,99.1
2025-06-12 04:21:00,35.0
2025-06-12 14:00:00,50.037891637220255
2025-06-12 22:07:00,65.3
2025-06-12 13:17:00,77.2
2025-06-12 12:45:00,43.8
2025-06-12 14:40:00,50.037891637220255
2025-06-12 04:36:00,87.3
2025-06-12 04:03:00,17.7
2025-06-12 22:14:00,50.037891637220255
2025-06-12 03:18:00,2.2
2025-06-12 10:42:00,7.1
2025-06-12 21:01:00,34.5
2025-06-12 06:49:00,94.9
2025-06-12 06:55:00,50.6
2025-06-12 12:38:00,50.037891637220255
2025-06-12 11:39:00,68.6
2025-06-12 11:20:00,11.1
2025-06-12 20:59:00,53.0
2025-06-12 23:42:00,50.037891637220255
2025-06-12 13:49:00,68.1
2025-06-12 20:33:00,20.4
2025-06-12 10:36:00,50.037891637220255
2025-06-12 01:31:00,84.8
2025-06-12 17:22:00,2.5
2025-06-12 19:59:00,50.037891637220255
2025-06-12 00:10:00,76.5
2025-06-12 10:13:00,10.8
2025-06-12 20:38:00,47.8
2025-06-12 12:35:00,13.5
2025-06-12 01:20:00,44.3
2025-06-12 13:07:00,58.6
2025-06-12 20:48:00,57.4
2025-06-12 03:04:00,15.3
2025-06-12 06:45:00,19.8
2025-06-12 15:20:00,50.037891637220255
2025-06-12 19:07:00,97.6
2025-06-12 20:35:00,20.5
2025-06-12 16:09:00,85.1
2025-06-12 12:51:00,10.5
2025-06-12 07:29:00,40.3
2025-06-12 00:23:00,50.037891637220255
2025-06-12 13:27:00,48.4
2025-06-12 16:27:00,66.9
2025-06-12 23:03:00,50.037891637220255
2025-06-12 07:13:00,50.037891637220255
2025-06-12 00:13:00,82.3
2025-06-12 17:12:00,27.7
2025-06-12 19:37:00,67.6
2025-06-12 13:19:00,48.3
2025-06-12 12:18:00,29.1
2025-06-12 05:09:00,50.037891637220255
2025-06-12 03:13:00,22.3
2025-06-12 00:30:00,50.037891637220255
2025-06-12 23:25:00,65.0
2025-06-12 20:51:00,50.037891637220255
2025-06-12 03:12:00,50.037891637220255
2025-06-12 09:16:00,83.1
2025-06-12 00:38:00,41.6
2025-06-12 02:08:00,50.037891637220255
2025-06-12 14:36:00,50.037891637220255
2025-06-12 23:27:00,18.5
2025-06-12 12:26:00,77.0
2025-06-12 01:48:00,74.9
2025-06-12 04:22:00,42.6
2025-06-12 16:57:00,27.8
2025-06-12 11:15:00,92.1
2025-06-12 23:56:00,50.037891637220255
2025-06-12 14:22:00,82.7
2025-06-12 22:33:00,50.037891637220255
2025-06-12 20:01:00,43.3
2025-06-12 17:21:00,36.8
2025-06-12 14:13:00,35.3
2025-06-12 11:33:00,35.2
2025-06-12 15:51:00,71.0
2025-06-12 20:46:00,7.6
2025-06-12 05:59:00,50.037891637220255
2025-06-12 06:16:00,68.7
2025-06-12 11:10:00,52.4
2025-06-12 23:49:00,12.9
2025-06-12 09:15:00,39.0
2025-06-12 16:44:00,16.8
2025-06-12 07:26:00,76.1
2025-06-12 02:09:00,34.7
2025-06-12 04:13:00,7.5
2025-06-12 17:34:00,80.1
2025-06-12 09:38:00,46.1
2025-06-12 10:39:00,35.9
2025-06-12 15:14:00,16.2
2025-06-12 03:31:00,21.4
2025-06-12 13:45:00,65.5
2025-06-12 09:31:00,5.5
2025-06-12 15:31:00,19.3
2025-06-12 01:55:00,68.4
2025-06-12 16:40:00,46.5
2025-06-12 03:34:00,81.5
2025-06-12 01:43:00,50.037891637220255
2025-06-12 03:45:00,50.037891637220255
2025-06-12 02:50:00,70.2
2025-06-12 15:27:00,75.1
2025-06-12 13:57:00,53.9
2025-06-12 22:26:00,42.6
2025-06-12 11:01:00,18.7
2025-06-12 10:40:00,80.6
2025-06-12 01:42:00,56.9
2025-06-12 19:38:00,99.1
2025-06-12 07:14:00,72.7
2025-06-12 03:56:00,91.5
2025-06-12 06:21:00,81.2
2025-06-12 14:04:00,95.1
2025-06-12 05:41:00,93.3
2025-06-12 21:39:00,48.9
2025-06-12 18:46:00,42.8
2025-06-12 14:57:00,50.037891637220255
2025-06-12 18:10:00,14.1
2025-06-12 18:39:00,42.4
2025-06-12 04:34:00,90.0
2025-06-12 13:08:00,14.4
2025-06-12 01:26:00,51.0
2025-06-12 05:46:00,26.0
2025-06-12 23:41:00,50.037891637220255
2025-06-12 13:01:00,93.6
2025-06-12 04:45:00,82.5
2025-06-12 16:47:00,50.037891637220255
2025-06-12 12:02:00,73.0
2025-06-12 22:28:00,76.4
2025-06-12 05:37:00,50.037891637220255
2025-06-12 09:37:00,28.9
2025-06-12 06:22:00,47.8
2025-06-12 09:30:00,93.2
2025-06-12 03:48:00,1.7
2025-06-12 11:46:00,84.7
2025-06-12 12:43:00,28.6
2025-06-12 12:20:00,33.5
2025-06-12 21:44:00,20.3
2025-06-12 22:36:00,9.2
2025-06-12 08:14:00,15.8
2025-06-12 15:38:00,81.4
2025-06-12 01:53:00,0.8
2025-06-12 15:43:00,81.5
2025-06-12 06:46:00,38.5
2025-06-12 00:26:00,12.9
2025-06-12 10:50:00,43.8
2025-06-12 03:25:00,68.4
2025-06-12 21:52:00,69.5
2025-06-12 11:07:00,50.037891637220255
2025-06-12 09:45:00,56.9
2025-06-12 09:36:00,95.0
2025-06-12 09:52:00,26.4
2025-06-12 01:58:00,61.7
2025-06-12 06:08:00,68.3
2025-06-12 07:59:00,50.0
2025-06-12 10:06:00,98.1
2025-06-12 15:22:00,17.3
2025-06-12 04:59:00,56.7
2025-06-12 18:49:00,60.8
2025-06-12 23:20:00,6.1
2025-06-12 04:58:00,84.6
2025-06-12 00:20:00,10.6
2025-06-12 15:10:00,50.037891637220255
2025-06-12 16:30:00,64.9
2025-06-12 19:21:00,12.4
2025-06-12 05:49:00,4.8
2025-06-12 14:08:00,76.0
2025-06-12 16:43:00,65.7
2025-06-12 07:51:00,50.037891637220255
2025-06-12 08:39:00,50.037891637220255
2025-06-12 22:39:00,15.8
2025-06-12 04:35:00,70.9
2025-06-12 15:04:00,85.7
2025-06-12 02:30:00,59.8
2025-06-12 03:39:00,52.8
2025-06-12 15:59:00,37.9
2025-06-12 08:54:00,84.2
2025-06-12 02:26:00,26.1
2025-06-12 19:22:00,39.9
2025-06-12 02:42:00,69.4
2025-06-12 02:17:00,50.037891637220255
2025-06-12 04:16:00,56.5
2025-06-12 17:59:00,35.5
2025-06-12 10:16:00,12.8
2025-06-12 03:57:00,50.037891637220255
2025-06-12 13:06:00,85.8
2025-06-12 17:10:00,93.3
2025-06-12 15:15:00,82.7
2025-06-12 22:17:00,0.6
2025-06-12 18:53:00,19.7
2025-06-12 15:09:00,73.8
2025-06-12 03:41:00,26.0
2025-06-12 21:21:00,87.4
2025-06-12 08:50:00,50.037891637220255
2025-06-12 13:09:00,90.1
2025-06-12 14:28:00,3.8
2025-06-12 16:37:00,78.7
2025-06-12 21:19:00,15.1
2025-06-12 15:47:00,47.3
2025-06-12 03:44:00,60.3
2025-06-12 08:43:00,93.3
2025-06-12 16:53:00,68.4
2025-06-12 03:01:00,61.8
2025-06-12 19:53:00,44.1
2025-06-12 05:47:00,46.1
2025-06-12 10:44:00,50.037891637220255
2025-06-12 08:00:00,1.7
2025-06-12 07:12:00,50.037891637220255
2025-06-12 19:27:00,17.5
2025-06-12 20:08:00,50.037891637220255
2025-06-12 22:00:00,72.6
2025-06-12 00:45:00,78.2
2025-06-12 21:33:00,81.2
2025-06-12 00:28:00,14.4
2025-06-12 16:00:00,17.1
2025-06-12 16:50:00,50.037891637220255
2025-06-12 09:24:00,50.037891637220255
2025-06-12 18:50:00,37.6
2025-06-12 16:16:00,30.7
2025-06-12 06:33:00,41.0
2025-06-12 23:40:00,42.0
2025-06-12 13:37:00,42.9
2025-06-12 18:45:00,30.9
2025-06-12 20:41:00,75.0
2025-06-12 18:34:00,78.4
2025-06-12 06:41:00,41.7
2025-06-12 06:52:00,42.9
2025-06-12 22:21:00,20.1
2025-06-12 07:18:00,12.1
2025-06-12 13:30:00,84.3
2025-06-12 07:32:00,54.4
2025-06-12 13:58:00,1.8
2025-06-12 05:01:00,8.7
2025-06-12 07:21:00,96.2
2025-06-12 06:15:00,62.3
2025-06-12 04:56:00,15.7
2025-06-12 19:13:00,89.8
2025-06-12 01:45:00,40.9
2025-06-12 05:45:00,88.4
2025-06-12 23:22:00,28.2
2025-06-12 17:48:00,72.6
2025-06-12 14:11:00,1.3
2025-06-12 09:13:00,99.3
2025-06-12 10:57:00,23.3
2025-06-12 05:30:00,41.4
2025-06-12 00:59:00,63.7
2025-06-12 17:33:00,50.037891637220255
2025-06-12 08:17:00,49.0
2025-06-12 04:43:00,25.6
2025-06-12 06:32:00,39.5
2025-06-12 17:46:00,62.6
2025-06-12 21:35:00,96.0
2025-06-12 06:58:00,21.3
2025-06-12 10:47:00,79.6
2025-06-12 10:07:00,48.7
2025-06-12 07:10:00,50.037891637220255
2025-06-12 11:41:00,50.037891637220255
2025-06-12 21:12:00,21.0
2025-06-12 21:49:00,5.1
2025-06-12 02:07:00,50.037891637220255
2025-06-12 13:14:00,3.8
2025-06-12 04:49:00,2.7
2025-06-12 19:20:00,99.8
2025-06-12 15:22:00,2.5
2025-06-12 06:53:00,32.2
2025-06-12 15:57:00,43.0
2025-06-12 03:01:00,43.7
2025-06-12 01:32:00,22.1
2025-06-12 02:29:00,21.4
2025-06-12 17:48:00,43.2
2025-06-12 20:21:00,50.60542317173377
2025-06-12 11:54:00,93.9
2025-06-12 08:13:00,98.6
2025-06-12 06:23:00,60.1
2025-06-12 10:33:00,79.7
2025-06-12 19:48:00,50.60542317173377
2025-06-12 03:27:00,1.0
2025-06-12 21:50:00,50.60542317173377
2025-06-12 03:14:00,89.5
2025-06-12 10:19:00,86.2
2025-06-12 12:49:00,42.8
2025-06-12 21:13:00,32.9
2025-06-12 09:21:00,2.9
2025-06-12 11:18:00,50.60542317173377
2025-06-12 10:42:00,82.5
2025-06-12 11:32:00,20.9
2025-06-12 10:49:00,4.9
2025-06-12 00:04:00,74.9
2025-06-12 02:51:00,21.1
2025-06-12 06:04:00,62.1
2025-06-12 16:23:00,11.2
2025-06-12 20:33:00,64.6
2025-06-12 19:09:00,3.2
2025-06-12 11:03:00,67.0
2025-06-12 22:54:00,78.4
2025-06-12 12:03:00,50.60542317173377
2025-06-12 17:27:00,50.60542317173377
2025-06-12 00:46:00,96.1
2025-06-12 10:46:00,19.3
2025-06-12 10:05:00,50.60542317173377
2025-06-12 17:26:00,18.2
2025-06-12 10:09:00,80.7
2025-06-12 11:19:00,63.1
2025-06-12 23:54:00,67.3
2025-06-12 19:45:00,45.9
2025-06-12 05:46:00,50.60542317173377
2025-06-12 02:09:00,65.1
2025-06-12 23:09:00,35.1
2025-06-12 00:39:00,96.7
2025-06-12 19:37:00,50.60542317173377
2025-06-12 07:57:00,67.5
2025-06-12 07:55:00,82.3
2025-06-12 11:25:00,50.60542317173377
2025-06-12 14:41:00,3.7
2025-06-12 09:13:00,59.9
2025-06-12 12:28:00,86.4
2025-06-12 10:38:00,40.3
2025-06-12 08:58:00,27.7
2025-06-12 13:29:00,99.9
2025-06-12 19:38:00,3.0
2025-06-12 16:02:00,48.5
2025-06-12 06:48:00,50.60542317173377
2025-06-12 23:21:00,12.2
2025-06-12 20:12:00,26.5
2025-06-12 06:45:00,96.3
2025-06-12 14:07:00,50.60542317173377
2025-06-12 08:31:00,54.9
2025-06-12 15:51:00,50.60542317173377
2025-06-12 23:38:00,84.8
2025-06-12 13:06:00,51.4
2025-06-12 20:42:00,71.9
2025-06-12 05:26:00,50.60542317173377
2025-06-12 21:01:00,37.9
2025-06-12 16:12:00,35.2
2025-06-12 05:52:00,14.4
2025-06-12 20:35:00,76.4
2025-06-12 19:07:00,27.4
2025-06-12 10:51:00,45.2
2025-06-12 15:41:00,32.0
2025-06-12 12:34:00,48.2
2025-06-12 11:02:00,59.1
2025-06-12 18:43:00,50.60542317173377
2025-06-12 18:53:00,99.0
2025-06-12 16:55:00,27.6
2025-06-12 22:27:00,17.8
2025-06-12 14:16:00,76.3
2025-06-12 06:38:00,50.60542317173377
2025-06-12 05:09:00,53.1
2025-06-12 13:08:00,46.3
2025-06-12 21:41:00,30.4
2025-06-12 23:27:00,79.3
2025-06-12 19:03:00,85.9
2025-06-12 21:49:00,39.1
2025-06-12 07:45:00,76.2
2025-06-12 09:48:00,64.8
2025-06-12 22:28:00,97.4
2025-06-12 07:35:00,50.60542317173377
2025-06-12 19:36:00,56.8
2025-06-12 08:38:00,57.8
2025-06-12 18:06:00,74.6
2025-06-12 10:48:00,2.8
2025-06-12 11:51:00,10.5
2025-06-12 06:00:00,50.60542317173377
2025-06-12 18:34:00,28.6
2025-06-12 07:03:00,57.6
2025-06-12 10:00:00,88.7
2025-06-12 21:51:00,16.5
2025-06-12 00:18:00,51.3
2025-06-12 14:51:00,38.4
2025-06-12 11:08:00,53.7
2025-06-12 00:35:00,84.9
2025-06-12 17:20:00,9.7
2025-06-12 04:53:00,58.7
2025-06-12 13:16:00,9.1
2025-06-12 02:26:00,15.4
2025-06-12 09:23:00,30.9
2025-06-12 21:48:00,62.6
2025-06-12 11:57:00,79.4
2025-06-12 21:55:00,17.9
2025-06-12 14:43:00,50.60542317173377
2025-06-12 09:04:00,73.9
2025-06-12 22:05:00,28.6
2025-06-12 02:00:00,71.3
2025-06-12 18:09:00,25.0
2025-06-12 18:46:00,50.60542317173377
2025-06-12 18:35:00,63.5
2025-06-12 13:03:00,84.6
2025-06-12 22:09:00,75.4
2025-06-12 21:30:00,3.3
2025-06-12 07:32:00,50.60542317173377
2025-06-12 02:30:00,6.7
2025-06-12 17:51:00,64.9
2025-06-12 21:45:00,65.5
2025-06-12 10:34:00,95.9
2025-06-12 01:45:00,80.4
2025-06-12 09:49:00,8.2
2025-06-12 17:23:00,84.1
2025-06-12 11:41:00,62.5
2025-06-12 21:18:00,1.0
2025-06-12 04:28:00,11.9
2025-06-12 23:26:00,50.60542317173377
2025-06-12 11:05:00,29.4
2025-06-12 04:38:00,74.8
2025-06-12 12:29:00,74.1
2025-06-12 09:54:00,50.60542317173377
2025-06-12 02:23:00,60.7
2025-06-12 13:32:00,50.60542317173377
2025-06-12 22:03:00,34.2
2025-06-12 23:17:00,41.5
2025-06-12 17:36:00,76.8
2025-06-12 07:09:00,0.5
2025-06-12 18:03:00,35.3
2025-06-12 08:14:00,22.0
2025-06-12 08:52:00,25.5
2025-06-12 01:40:00,24.3
2025-06-12 08:57:00,94.3
2025-06-12 19:59:00,29.0
2025-06-12 00:58:00,93.3
2025-06-12 09:59:00,79.2
2025-06-12 21:35:00,83.8
2025-06-12 18:26:00,86.3
2025-06-12 17:52:00,39.6
2025-06-12 23:03:00,52.2
2025-06-12 09:08:00,17.4
2025-06-12 01:06:00,16.0
2025-06-12 18:02:00,47.5
2025-06-12 05:29:00,86.6
2025-06-12 14:27:00,54.7
2025-06-12 20:40:00,83.4
2025-06-12 08:42:00,32.3
2025-06-12 12:24:00,15.6
2025-06-12 21:22:00,53.3
2025-06-12 04:26:00,71.3
2025-06-12 18:50:00,48.5
2025-06-12 20:13:00,32.1
2025-06-12 10:18:00,50.60542317173377
2025-06-12 11:23:00,97.8
2025-06-12 04:24:00,64.0
2025-06-12 11:14:00,50.3
2025-06-12 21:57:00,27.2
2025-06-12 01:10:00,50.60542317173377
2025-06-12 12:50:00,57.2
2025-06-12 07:08:00,59.3
2025-06-12 10:07:00,50.60542317173377
2025-06-12 15:03:00,64.1
2025-06-12 23:18:00,14.8
2025-06-12 12:25:00,60.1
2025-06-12 21:16:00,44.8
2025-06-12 22:47:00,99.6
2025-06-12 05:05:00,27.4
2025-06-12 20:22:00,19.7
2025-06-12 18:00:00,36.5
2025-06-12 01:20:00,20.9
2025-06-12 22:50:00,84.1
2025-06-12 05:41:00,79.6
2025-06-12 20:44:00,32.7
2025-06-12 14:23:00,97.1
2025-06-12 10:27:00,68.4
2025-06-12 01:39:00,50.60542317173377
2025-06-12 00:26:00,61.5
2025-06-12 01:01:00,2.0
2025-06-12 05:19:00,86.0
2025-06-12 08:16:00,14.0
2025-06-12 22:01:00,95.3
2025-06-12 01:05:00,41.5
2025-06-12 15:19:00,91.0
2025-06-12 12:46:00,98.4
2025-06-12 17:13:00,1.4
2025-06-12 17:57:00,95.7
2025-06-12 16:44:00,7.2
2025-06-12 10:06:00,50.60542317173377
2025-06-12 16:29:00,19.2
2025-06-12 08:10:00,56.9
2025-06-12 07:12:00,58.6
2025-06-12 00:12:00,51.9
2025-06-12 19:17:00,94.8
2025-06-12 17:04:00,66.2
2025-06-12 04:50:00,94.9
2025-06-12 12:42:00,54.8
2025-06-12 14:31:00,56.5
2025-06-12 14:08:00,19.6
2025-06-12 19:46:00,75.8
2025-06-12 09:18:00,32.4
2025-06-12 03:30:00,44.3
2025-06-12 01:16:00,5.8
2025-06-12 03:28:00,96.5
2025-06-12 07:10:00,52.6
2025-06-12 14:11:00,77.5
2025-06-12 16:30:00,15.3
2025-06-12 07:56:00,50.60542317173377
2025-06-12 14:14:00,34.4
2025-06-12 07:36:00,31.8
2025-06-12 11:40:00,46.9
2025-06-12 09:10:00,70.6
2025-06-12 23:22:00,59.8
2025-06-12 04:13:00,9.5
2025-06-12 11:28:00,47.2
2025-06-12 04:33:00,50.60542317173377
2025-06-12 05:30:00,34.4
2025-06-12 04:23:00,35.0
2025-06-12 19:55:00,45.9
2025-06-12 07:21:00,21.5
2025-06-12 04:29:00,99.7
2025-06-12 18:39:00,93.9
2025-06-12 05:10:00,97.2
2025-06-12 01:56:00,80.7
2025-06-12 09:34:00,29.9
2025-06-12 17:35:00,0.9
2025-06-12 22:46:00,40.8
2025-06-12 05:45:00,35.5
2025-06-12 09:20:00,46.7
2025-06-12 03:16:00,27.4
2025-06-12 02:43:00,59.6
2025-06-12 00:49:00,50.60542317173377
2025-06-12 04:58:00,49.1
2025-06-12 19:29:00,47.0
2025-06-12 17:06:00,95.8
2025-06-12 11:52:00,23.1
2025-06-12 02:46:00,90.1
2025-06-12 13:20:00,98.4
2025-06-12 07:26:00,82.5
2025-06-12 13:41:00,7.6
2025-06-12 09:24:00,75.1
2025-06-12 20:48:00,35.1
2025-06-12 15:01:00,39.0
2025-06-12 21:46:00,52.3
2025-06-12 17:08:00,26.9
2025-06-12 07:52:00,58.2
2025-06-12 10:08:00,9.6
2025-06-12 11:22:00,50.60542317173377
2025-06-12 15:05:00,2.4
2025-06-12 02:52:00,15.8
2025-06-12 06:40:00,50.60542317173377
2025-06-12 06:10:00,59.3
2025-06-12 04:21:00,70.9
2025-06-12 23:36:00,50.60542317173377
2025-06-12 20:45:00,50.60542317173377
2025-06-12 12:19:00,50.60542317173377
2025-06-12 23:30:00,61.6
2025-06-12 04:15:00,25.5
2025-06-12 16:51:00,51.7
2025-06-12 23:12:00,52.7
2025-06-12 12:23:00,21.2
2025-06-12 13:48:00,16.0
2025-06-12 15:50:00,50.60542317173377
2025-06-12 00:45:00,77.9
2025-06-12 10:15:00,51.5
2025-06-12 02:28:00,15.5
2025-06-12 23:42:00,96.0
2025-06-12 10:04:00,50.60542317173377
2025-06-12 02:27:00,90.4
2025-06-12 22:30:00,41.0
2025-06-12 22:33:00,62.1
2025-06-12 15:25:00,81.0
2025-06-12 06:41:00,72.1
2025-06-12 13:37:00,88.8
2025-06-12 07:25:00,78.1
2025-06-12 05:31:00,20.7
2025-06-12 03:50:00,50.60542317173377
2025-06-12 16:18:00,20.9
2025-06-12 03:39:00,53.8
2025-06-12 11:31:00,90.7
2025-06-12 12:32:00,98.0
2025-06-12 07:47:00,3.1
2025-06-12 22:11:00,49.2
2025-06-12 18:18:00,93.0
2025-06-12 04:19:00,85.5
2025-06-12 21:28:00,65.6
2025-06-12 19:40:00,40.8
2025-06-12 18:27:00,50.60542317173377
2025-06-12 22:48:00,50.60542317173377
2025-06-12 08:30:00,50.60542317173377
2025-06-12 10:17:00,44.9
2025-06-12 07:27:00,65.2
2025-06-12 13:23:00,47.7
2025-06-12 16:39:00,90.4
2025-06-12 13:28:00,87.3
2025-06-12 21:00:00,4.1
2025-06-12 06:27:00,50.60542317173377
2025-06-12 14:36:00,0.8
2025-06-12 06:11:00,25.2
2025-06-12 08:17:00,50.4
2025-06-12 09:14:00,53.1
2025-06-12 22:12:00,79.9
2025-06-12 21:53:00,72.6
2025-06-12 04:12:00,14.6
2025-06-12 00:56:00,78.8
2025-06-12 05:04:00,91.3
2025-06-12 05:53:00,98.0
2025-06-12 23:16:00,12.2
2025-06-12 03:00:00,93.6
2025-06-12 14:28:00,58.7
2025-06-12 13:31:00,3.5
2025-06-12 01:47:00,52.4
2025-06-12 11:45:00,5.7
2025-06-12 20:18:00,76.8
2025-06-12 17:41:00,54.2
2025-06-12 14:25:00,31.9
2025-06-12 19:24:00,74.5
2025-06-12 13:36:00,29.7
2025-06-12 23:07:00,34.1
2025-06-12 01:55:00,28.5
2025-06-12 15:52:00,6.9
2025-06-12 00:29:00,14.3
2025-06-12 09:47:00,99.5
2025-06-12 17:40:00,53.3
2025-06-12 22:42:00,49.935598591549294
2025-06-12 19:07:00,49.935598591549294
2025-06-12 11:13:00,59.3
2025-06-12 23:13:00,49.935598591549294
2025-06-12 16:13:00,15.1
2025-06-12 06:21:00,49.935598591549294
2025-06-12 10:49:00,13.5
2025-06-12 02:35:00,6.2
2025-06-12 03:42:00,49.935598591549294
2025-06-12 15:10:00,30.2
2025-06-12 10:25:00,86.9
2025-06-12 23:28:00,66.1
2025-06-12 12:29:00,60.6
2025-06-12 04:44:00,76.1
2025-06-12 03:35:00,49.935598591549294
2025-06-12 01:11:00,0.7
2025-06-12 09:27:00,64.7
2025-06-12 19:51:00,59.0
2025-06-12 12:06:00,6.2
2025-06-12 11:27:00,10.1
2025-06-12 04:26:00,1.9
2025-06-12 14:42:00,3.5
2025-06-12 20:26:00,75.0
2025-06-12 14:56:00,94.4
2025-06-12 17:13:00,5.5
2025-06-12 16:52:00,49.935598591549294
2025-06-12 22:01:00,98.2
2025-06-12 08:02:00,1.3
2025-06-12 23:58:00,61.8
2025-06-12 03:22:00,35.4
2025-06-12 04:37:00,49.935598591549294
2025-06-12 06:49:00,14.6
2025-06-12 02:23:00,42.6
2025-06-12 14:58:00,87.4
2025-06-12 06:00:00,74.3
2025-06-12 22:46:00,9.1
2025-06-12 12:33:00,96.3
2025-06-12 21:04:00,69.5
2025-06-12 18:12:00,98.0
2025-06-12 15:23:00,21.2
2025-06-12 04:00:00,65.4
2025-06-12 06:38:00,51.2
2025-06-12 19:04:00,44.1
2025-06-12 19:11:00,69.0
2025-06-12 00:03:00,25.7
2025-06-12 15:22:00,63.8
2025-06-12 09:59:00,47.2
2025-06-12 20:21:00,85.5
2025-06-12 07:57:00,67.5
2025-06-12 12:01:00,20.4
2025-06-12 10:08:00,10.3
2025-06-12 02:41:00,7.1
2025-06-12 09:15:00,64.7
2025-06-12 07:38:00,15.9
2025-06-12 07:04:00,92.3
2025-06-12 20:38:00,49.935598591549294
2025-06-12 06:57:00,49.935598591549294
2025-06-12 16:38:00,86.1
2025-06-12 00:06:00,4.1
2025-06-12 20:01:00,3.4
2025-06-12 06:11:00,30.9
2025-06-12 15:02:00,6.1
2025-06-12 03:21:00,66.0
2025-06-12 11:23:00,63.9
2025-06-12 17:27:00,24.6
2025-06-12 22:13:00,79.1
2025-06-12 18:03:00,45.2
2025-06-12 15:39:00,66.0
2025-06-12 01:38:00,17.0
2025-06-12 20:25:00,41.0
2025-06-12 10:03:00,86.4
2025-06-12 13:01:00,35.7
2025-06-12 01:00:00,52.6
2025-06-12 09:26:00,59.0
2025-06-12 04:16:00,74.5
2025-06-12 07:53:00,78.0
2025-06-12 23:20:00,72.1
2025-06-12 21:23:00,49.935598591549294
2025-06-12 05:45:00,49.935598591549294
2025-06-12 12:00:00,29.8
2025-06-12 15:00:00,49.935598591549294
2025-06-12 17:28:00,66.7
2025-06-12 03:01:00,76.9
2025-06-12 10:21:00,45.3
2025-06-12 07:43:00,49.935598591549294
2025-06-12 00:32:00,69.1
2025-06-12 11:33:00,11.0
2025-06-12 04:32:00,23.7
2025-06-12 08:13:00,68.1
2025-06-12 00:25:00,100.0
2025-06-12 18:30:00,56.3
2025-06-12 03:45:00,20.4
2025-06-12 08:08:00,39.2
2025-06-12 06:25:00,0.6
2025-06-12 09:51:00,27.6
2025-06-12 13:05:00,18.0
2025-06-12 02:15:00,86.0
2025-06-12 09:30:00,34.8
2025-06-12 09:43:00,50.4
2025-06-12 17:39:00,8.3
2025-06-12 15:12:00,42.1
2025-06-12 21:15:00,49.935598591549294
2025-06-12 20:04:00,49.935598591549294
2025-06-12 05:51:00,73.1
2025-06-12 11:11:00,76.1
2025-06-12 13:04:00,75.4
2025-06-12 22:56:00,91.8
2025-06-12 20:10:00,94.3
2025-06-12 17:55:00,18.9
2025-06-12 23:31:00,61.1
2025-06-12 08:22:00,57.0
2025-06-12 16:26:00,5.1
2025-06-12 05:28:00,43.7
2025-06-12 00:57:00,49.935598591549294
2025-06-12 09:45:00,14.6
2025-06-12 04:29:00,49.935598591549294
2025-06-12 10:46:00,6.3
2025-06-12 23:27:00,38.3
2025-06-12 23:10:00,32.5
2025-06-12 01:56:00,49.935598591549294
2025-06-12 17:33:00,40.3
2025-06-12 09:37:00,30.5
2025-06-12 13:09:00,90.3
2025-06-12 07:55:00,7.0
2025-06-12 05:20:00,68.2
2025-06-12 04:25:00,27.9
2025-06-12 02:29:00,14.9
2025-06-12 14:34:00,2.0
2025-06-12 09:12:00,94.4
2025-06-12 09:13:00,28.2
2025-06-12 19:32:00,83.9
2025-06-12 03:02:00,49.935598591549294
2025-06-12 14:40:00,89.6
2025-06-12 12:10:00,4.8
2025-06-12 10:50:00,95.4
2025-06-12 00:45:00,39.4
2025-06-12 04:20:00,44.7
2025-06-12 18:10:00,52.3
2025-06-12 05:59:00,88.5
2025-06-12 23:00:00,41.3
2025-06-12 13:59:00,30.9
2025-06-12 18:47:00,57.8
2025-06-12 15:38:00,71.9
2025-06-12 00:42:00,8.7
2025-06-12 13:41:00,45.1
2025-06-12 18:16:00,55.5
2025-06-12 21:34:00,65.8
2025-06-12 15:51:00,79.2
2025-06-12 11:57:00,40.1
2025-06-12 08:41:00,99.3
2025-06-12 19:45:00,45.3
2025-06-12 03:30:00,55.5
2025-06-12 21:53:00,68.2
2025-06-12 11:01:00,28.8
2025-06-12 13:15:00,89.4
2025-06-12 11:35:00,49.6
2025-06-12 04:13:00,54.9
2025-06-12 03:33:00,89.0
2025-06-12 14:48:00,81.4
2025-06-12 23:26:00,10.9
2025-06-12 00:37:00,49.935598591549294
2025-06-12 21:48:00,26.3
2025-06-12 11:28:00,49.935598591549294
2025-06-12 22:52:00,23.8
2025-06-12 00:38:00,99.7
2025-06-12 09:54:00,83.7
2025-06-12 04:34:00,58.1
2025-06-12 13:30:00,35.3
2025-06-12 19:09:00,32.7
2025-06-12 23:35:00,63.6
2025-06-12 04:03:00,49.935598591549294
2025-06-12 15:36:00,24.9
2025-06-12 01:41:00,33.6
2025-06-12 04:50:00,41.1
2025-06-12 01:03:00,66.8
2025-06-12 12:23:00,16.8
2025-06-12 01:04:00,85.2
2025-06-12 14:18:00,19.9
2025-06-12 09:34:00,49.935598591549294
2025-06-12 23:09:00,88.9
2025-06-12 03:39:00,26.9
2025-06-12 19:30:00,50.0
2025-06-12 06:09:00,31.4
2025-06-12 13:20:00,32.2
2025-06-12 07:27:00,82.7
2025-06-12 06:39:00,51.9
2025-06-12 17:06:00,49.935598591549294
2025-06-12 19:37:00,49.935598591549294
2025-06-12 16:35:00,88.9
2025-06-12 22:25:00,75.3
2025-06-12 08:49:00,24.5
2025-06-12 01:27:00,82.6
2025-06-12 15:09:00,93.0
2025-06-12 23:07:00,1.9
2025-06-12 20:12:00,34.4
2025-06-12 10:18:00,99.0
2025-06-12 18:51:00,52.9
2025-06-12 23:17:00,5.1
2025-06-12 21:57:00,60.2
2025-06-12 07:00:00,49.935598591549294
2025-06-12 10:23:00,81.0
2025-06-12 20:31:00,67.3
2025-06-12 14:39:00,66.1
2025-06-12 02:44:00,49.8
2025-06-12 13:54:00,10.1
2025-06-12 11:00:00,49.935598591549294
2025-06-12 12:52:00,21.3
2025-06-12 00:43:00,75.0
2025-06-12 12:31:00,49.935598591549294
2025-06-12 09:46:00,49.935598591549294
2025-06-12 06:12:00,42.5
2025-06-12 15:04:00,46.1
2025-06-12 23:36:00,19.3
2025-06-12 14:19:00,49.935598591549294
2025-06-12 05:42:00,85.1
2025-06-12 17:32:00,46.7
2025-06-12 21:37:00,47.3
2025-06-12 09:48:00,65.8
2025-06-12 08:21:00,63.8
2025-06-12 10:06:00,49.935598591549294
2025-06-12 02:07:00,39.5
2025-06-12 09:38:00,99.7
2025-06-12 15:56:00,49.935598591549294
2025-06-12 18:50:00,64.8
2025-06-12 03:44:00,56.7
2025-06-12 01:42:00,64.7
2025-06-12 20:52:00,30.2
2025-06-12 21:13:00,2.5
2025-06-12 07:14:00,99.8
2025-06-12 05:50:00,30.2
2025-06-12 09:19:00,85.4
2025-06-12 18:23:00,20.8
2025-06-12 07:22:00,94.5
2025-06-12 02:14:00,19.5
2025-06-12 11:04:00,25.1
2025-06-12 13:55:00,4.0
2025-06-12 14:06:00,49.935598591549294
2025-06-12 06:50:00,49.935598591549294
2025-06-12 08:56:00,45.0
2025-06-12 04:43:00,68.2
2025-06-12 00:04:00,95.6
2025-06-12 11:59:00,76.9
2025-06-12 05:43:00,38.1
2025-06-12 07:24:00,49.935598591549294
2025-06-12 14:35:00,49.935598591549294
2025-06-12 06:52:00,59.1
2025-06-12 10:17:00,82.4
2025-06-12 01:52:00,19.6
2025-06-12 00:51:00,49.935598591549294
2025-06-12 17:49:00,95.9
2025-06-12 14:15:00,92.6
2025-06-12 09:49:00,9.2
2025-06-12 23:24:00,13.1
2025-06-12 06:06:00,86.4
2025-06-12 23:46:00,49.935598591549294
2025-06-12 19:40:00,13.6
2025-06-12 01:17:00,11.5
2025-06-12 16:12:00,91.6
2025-06-12 11:58:00,51.1
2025-06-12 07:23:00,6.0
2025-06-12 02:54:00,90.3
2025-06-12 07:47:00,78.2
2025-06-12 16:58:00,34.5
2025-06-12 06:10:00,88.9
2025-06-12 10:28:00,76.3
2025-06-12 03:55:00,37.4
2025-06-12 04:14:00,24.9
2025-06-12 22:54:00,49.935598591549294
2025-06-12 20:24:00,95.1
2025-06-12 21:27:00,38.8
2025-06-12 04:58:00,51.7
2025-06-12 20:13:00,18.5
2025-06-12 11:16:00,57.8
2025-06-12 15:49:00,60.1
2025-06-12 21:49:00,22.6
2025-06-12 17:15:00,49.935598591549294
2025-06-12 14:22:00,65.6
2025-06-12 13:13:00,25.4
2025-06-12 15:17:00,49.935598591549294
2025-06-12 16:33:00,94.7
2025-06-12 13:02:00,87.2
2025-06-12 04:54:00,26.1
2025-06-12 21:08:00,17.8
2025-06-12 20:33:00,43.9
2025-06-12 00:47:00,69.6
2025-06-12 02:48:00,69.7
2025-06-12 01:21:00,53.7
2025-06-12 13:08:00,51.7
2025-06-12 23:25:00,90.5
2025-06-12 05:38:00,62.8
2025-06-12 17:47:00,38.0
2025-06-12 19:16:00,9.5
2025-06-12 08:40:00,81.1
2025-06-12 21:19:00,24.9
2025-06-12 06:33:00,54.3
2025-06-12 18:46:00,78.9
2025-06-12 22:17:00,96.4
2025-06-12 20:36:00,75.6
2025-06-12 00:49:00,69.1
2025-06-12 04:46:00,42.5
2025-06-12 04:01:00,38.2
2025-06-12 01:58:00,5.0
2025-06-12 19:17:00,57.4
2025-06-12 11:40:00,49.935598591549294
2025-06-12 14:57:00,6.7
2025-06-12 16:19:00,5.7
2025-06-12 21:41:00,61.9
2025-06-12 20:14:00,93.3
2025-06-12 17:54:00,34.7
2025-06-12 07:42:00,66.1
2025-06-12 15:54:00,28.2
2025-06-12 09:13:00,65.5
2025-06-12 02:11:00,51.0
2025-06-12 15:52:00,32.0
2025-06-12 08:57:00,85.9
2025-06-12 09:20:00,67.7
2025-06-12 03:04:00,12.2
2025-06-12 10:21:00,49.740225962104276
2025-06-12 17:29:00,3.2
2025-06-12 22:22:00,70.6
2025-06-12 00:20:00,49.740225962104276
2025-06-12 00:57:00,4.4
2025-06-12 13:05:00,19.1
2025-06-12 17:50:00,96.0
2025-06-12 19:46:00,88.6
2025-06-12 13:03:00,73.9
2025-06-12 19:51:00,49.740225962104276
2025-06-12 03:13:00,47.7
2025-06-12 11:01:00,72.1
2025-06-12 15:16:00,49.740225962104276
2025-06-12 22:04:00,76.6
2025-06-12 10:12:00,86.8
2025-06-12 10:01:00,96.2
2025-06-12 12:14:00,26.7
2025-06-12 08:51:00,49.740225962104276
2025-06-12 09:35:00,40.8
2025-06-12 00:46:00,84.7
2025-06-12 15:12:00,32.1
2025-06-12 06:17:00,13.4
2025-06-12 11:40:00,49.740225962104276
2025-06-12 03:25:00,85.9
2025-06-12 14:09:00,33.7
2025-06-12 18:27:00,32.2
2025-06-12 20:53:00,49.740225962104276
2025-06-12 16:05:00,49.740225962104276
2025-06-12 05:13:00,40.1
2025-06-12 22:44:00,59.4
2025-06-12 00:29:00,70.2
2025-06-12 06:19:00,94.6
2025-06-12 07:34:00,77.1
2025-06-12 00:07:00,96.0
2025-06-12 04:58:00,19.5
2025-06-12 03:34:00,63.4
2025-06-12 19:15:00,70.8
2025-06-12 21:58:00,49.740225962104276
2025-06-12 13:57:00,66.8
2025-06-12 08:10:00,49.740225962104276
2025-06-12 21:46:00,97.7
2025-06-12 21:51:00,51.1
2025-06-12 18:08:00,55.2
2025-06-12 05:03:00,12.3
2025-06-12 20:10:00,64.2
2025-06-12 04:17:00,62.0
2025-06-12 07:04:00,1.8
2025-06-12 00:43:00,94.1
2025-06-12 04:31:00,32.5
2025-06-12 16:22:00,60.7
2025-06-12 19:20:00,11.9
2025-06-12 19:36:00,85.4
2025-06-12 13:11:00,21.3
2025-06-12 07:36:00,3.8
2025-06-12 09:08:00,49.740225962104276
2025-06-12 00:42:00,62.0
2025-06-12 07:23:00,9.2
2025-06-12 01:40:00,66.5
2025-06-12 20:35:00,89.6
2025-06-12 03:39:00,41.2
2025-06-12 20:19:00,2.7
2025-06-12 09:17:00,49.740225962104276
2025-06-12 09:43:00,49.740225962104276
2025-06-12 15:47:00,89.0
2025-06-12 14:13:00,50.9
2025-06-12 06:22:00,49.740225962104276
2025-06-12 18:18:00,95.4
2025-06-12 01:41:00,12.6
2025-06-12 21:04:00,98.8
2025-06-12 04:44:00,47.3
2025-06-12 12:06:00,49.740225962104276
2025-06-12 08:42:00,34.5
2025-06-12 03:07:00,33.7
2025-06-12 15:55:00,9.7
2025-06-12 12:58:00,49.740225962104276
2025-06-12 22:46:00,49.740225962104276
2025-06-12 15:45:00,27.0
2025-06-12 06:11:00,7.0
2025-06-12 17:04:00,61.3
2025-06-12 09:27:00,40.1
2025-06-12 13:36:00,81.2
2025-06-12 00:52:00,73.1
2025-06-12 11:35:00,87.6
2025-06-12 04:07:00,24.7
2025-06-12 11:39:00,77.5
2025-06-12 15:06:00,83.6
2025-06-12 01:32:00,44.3
2025-06-12 13:20:00,74.7
2025-06-12 17:41:00,35.9
2025-06-12 20:24:00,33.1
2025-06-12 12:13:00,75.6
2025-06-12 09:30:00,9.9
2025-06-12 16:19:00,49.740225962104276
2025-06-12 12:44:00,49.740225962104276
2025-06-12 15:07:00,2.5
2025-06-12 19:56:00,30.7
2025-06-12 09:21:00,10.1
2025-06-12 01:43:00,54.0
2025-06-12 00:33:00,9.9
2025-06-12 20:18:00,49.740225962104276
2025-06-12 21:27:00,16.8
2025-06-12 14:43:00,49.740225962104276
2025-06-12 11:25:00,3.7
2025-06-12 11:13:00,79.6
2025-06-12 05:55:00,79.7
2025-06-12 09:01:00,97.9
2025-06-12 11:15:00,90.7
2025-06-12 13:43:00,37.9
2025-06-12 13:27:00,49.740225962104276
2025-06-12 17:02:00,48.9
2025-06-12 19:39:00,21.8
2025-06-12 06:38:00,40.4
2025-06-12 02:23:00,49.740225962104276
2025-06-12 22:48:00,97.5
2025-06-12 00:32:00,51.5
2025-06-12 07:56:00,55.8
2025-06-12 15:59:00,87.6
2025-06-12 22:30:00,33.4
2025-06-12 08:40:00,61.2
2025-06-12 10:25:00,45.5
2025-06-12 14:00:00,65.6
2025-06-12 03:31:00,78.7
2025-06-12 11:42:00,2.0
2025-06-12 01:38:00,84.5
2025-06-12 16:27:00,37.2
2025-06-12 13:10:00,89.4
2025-06-12 02:59:00,92.3
2025-06-12 19:16:00,43.4
2025-06-12 05:05:00,59.2
2025-06-12 10:43:00,49.740225962104276
2025-06-12 23:58:00,7.7
2025-06-12 09:55:00,76.0
2025-06-12 13:56:00,25.6
2025-06-12 22:10:00,93.7
2025-06-12 04:49:00,93.9
2025-06-12 02:35:00,49.740225962104276
2025-06-12 11:12:00,100.0
2025-06-12 23:39:00,15.3
2025-06-12 21:19:00,49.740225962104276
2025-06-12 21:54:00,52.8
2025-06-12 18:42:00,15.4
2025-06-12 14:04:00,49.740225962104276
2025-06-12 07:08:00,70.9
2025-06-12 20:07:00,98.7
2025-06-12 18:03:00,49.740225962104276
2025-06-12 23:15:00,41.5
2025-06-12 03:41:00,14.5
2025-06-12 16:55:00,41.4
2025-06-12 06:06:00,96.6
2025-06-12 12:32:00,33.8
2025-06-12 19:18:00,49.740225962104276
2025-06-12 10:07:00,85.5
2025-06-12 20:43:00,15.6
2025-06-12 06:14:00,21.7
2025-06-12 00:14:00,9.7
2025-06-12 17:44:00,32.7
2025-06-12 02:19:00,98.2
2025-06-12 00:01:00,49.740225962104276
2025-06-12 03:56:00,64.8
2025-06-12 23:18:00,34.7
2025-06-12 04:41:00,5.2
2025-06-12 15:50:00,84.5
2025-06-12 22:19:00,59.3
2025-06-12 16:35:00,26.8
2025-06-12 03:42:00,5.0
2025-06-12 04:01:00,34.4
2025-06-12 05:43:00,22.8
2025-06-12 15:41:00,13.2
2025-06-12 18:53:00,7.7
2025-06-12 08:14:00,82.0
2025-06-12 14:07:00,79.8
2025-06-12 06:05:00,17.8
2025-06-12 15:24:00,26.5
2025-06-12 04:18:00,80.5
2025-06-12 23:51:00,9.5
2025-06-12 14:42:00,49.740225962104276
2025-06-12 15:19:00,49.740225962104276
2025-06-12 03:21:00,25.7
2025-06-12 03:11:00,29.8
2025-06-12 20:37:00,11.0
2025-06-12 06:47:00,42.8
2025-06-12 05:41:00,73.4
2025-06-12 18:35:00,51.7
2025-06-12 21:18:00,3.5
2025-06-12 07:15:00,85.4
2025-06-12 22:49:00,88.2
2025-06-12 08:18:00,49.740225962104276
2025-06-12 08:54:00,5.7
2025-06-12 11:08:00,49.740225962104276
2025-06-12 06:21:00,49.740225962104276
2025-06-12 04:37:00,16.3
2025-06-12 17:37:00,5.1
2025-06-12 04:20:00,58.3
2025-06-12 10:46:00,36.3
2025-06-12 08:41:00,7.7
2025-06-12 09:04:00,49.740225962104276
2025-06-12 19:41:00,40.9
2025-06-12 01:48:00,38.9
2025-06-12 00:38:00,49.740225962104276
2025-06-12 23:38:00,65.0
2025-06-12 23:37:00,6.6
2025-06-12 15:18:00,89.8
2025-06-12 07:07:00,95.8
2025-06-12 03:46:00,37.3
2025-06-12 06:18:00,49.740225962104276
2025-06-12 18:07:00,38.4
2025-06-12 13:55:00,49.740225962104276
2025-06-12 20:08:00,96.8
2025-06-12 09:41:00,64.2
2025-06-12 08:26:00,49.740225962104276
2025-06-12 03:40:00,36.5
2025-06-12 08:11:00,76.5
2025-06-12 12:51:00,84.6
2025-06-12 23:19:00,62.8
2025-06-12 11:06:00,67.2
2025-06-12 01:28:00,71.4
2025-06-12 09:28:00,7.0
2025-06-12 18:19:00,5.5
2025-06-12 14:06:00,26.7
2025-06-12 10:59:00,33.9
2025-06-12 19:00:00,87.2
2025-06-12 06:59:00,8.4
2025-06-12 07:21:00,93.8
2025-06-12 18:09:00,63.9
2025-06-12 21:45:00,52.2
2025-06-12 03:19:00,65.6
2025-06-12 07:46:00,34.0
2025-06-12 09:42:00,22.2
2025-06-12 04:05:00,14.2
2025-06-12 04:12:00,84.1
2025-06-12 14:12:00,49.740225962104276
2025-06-12 12:08:00,49.740225962104276
2025-06-12 08:13:00,8.1
2025-06-12 02:09:00,78.1
2025-06-12 05:40:00,87.5
2025-06-12 04:06:00,14.5
2025-06-12 12:27:00,91.0
2025-06-12 14:31:00,53.1
2025-06-12 22:01:00,49.740225962104276
2025-06-12 17:42:00,87.0
2025-06-12 04:56:00,16.6
2025-06-12 16:21:00,23.9
2025-06-12 23:53:00,23.7
2025-06-12 02:00:00,14.2
2025-06-12 07:09:00,87.5
2025-06-12 08:47:00,73.1
2025-06-12 05:12:00,50.3
2025-06-12 21:55:00,0.1
2025-06-12 08:58:00,49.740225962104276
2025-06-12 17:36:00,10.9
2025-06-12 23:29:00,49.740225962104276
2025-06-12 19:27:00,16.3
2025-06-12 23:55:00,73.7
2025-06-12 12:24:00,18.0
2025-06-12 09:39:00,76.0
2025-06-12 19:49:00,25.0
2025-06-12 00:12:00,28.9
2025-06-12 15:03:00,1.8
2025-06-12 19:12:00,27.8
2025-06-12 00:47:00,89.5
2025-06-12 14:11:00,86.3
2025-06-12 02:10:00,52.6
2025-06-12 21:47:00,75.2
2025-06-12 03:50:00,14.2
2025-06-12 03:08:00,4.7
2025-06-12 10:42:00,50.9
2025-06-12 20:41:00,38.1
2025-06-12 13:51:00,19.6
2025-06-12 06:50:00,62.3
2025-06-12 07:41:00,76.2
2025-06-12 00:11:00,11.6
2025-06-12 04:48:00,29.2
2025-06-12 03:54:00,21.6
2025-06-12 20:55:00,94.1
2025-06-12 13:47:00,39.2
2025-06-12 15:38:00,67.4
2025-06-12 07:02:00,45.3
2025-06-12 07:57:00,49.740225962104276
2025-06-12 16:49:00,49.740225962104276
2025-06-12 23:24:00,20.7
2025-06-12 03:52:00,77.7
2025-06-12 04:14:00,59.7
2025-06-12 15:22:00,50.18838223164841
2025-06-12 13:59:00,71.6
2025-06-12 15:08:00,37.8
2025-06-12 12:32:00,1.9
2025-06-12 15:02:00,2.5
2025-06-12 20:43:00,51.0
2025-06-12 23:19:00,93.2
2025-06-12 06:54:00,50.18838223164841
2025-06-12 20:10:00,75.5
2025-06-12 12:18:00,98.5
2025-06-12 09:23:00,39.4
2025-06-12 03:59:00,50.18838223164841
2025-06-12 20:16:00,50.18838223164841
2025-06-12 06:00:00,89.1
2025-06-12 00:35:00,79.2
2025-06-12 17:36:00,51.3
2025-06-12 21:51:00,32.4
2025-06-12 03:33:00,65.7
2025-06-12 12:01:00,21.0
2025-06-12 04:07:00,66.3
2025-06-12 18:13:00,80.4
2025-06-12 06:12:00,26.9
2025-06-12 20:04:00,10.1
2025-06-12 18:23:00,58.9
2025-06-12 23:34:00,3.5
2025-06-12 09:16:00,70.7
2025-06-12 07:07:00,83.7
2025-06-12 11:16:00,30.8
2025-06-12 15:00:00,27.0
2025-06-12 09:53:00,50.18838223164841
2025-06-12 17:57:00,70.4
2025-06-12 13:00:00,99.9
2025-06-12 08:20:00,93.9
2025-06-12 19:11:00,14.5
2025-06-12 17:30:00,82.9
2025-06-12 23:59:00,72.1
2025-06-12 03:20:00,50.6
2025-06-12 16:29:00,69.6
2025-06-12 08:22:00,50.18838223164841
2025-06-12 01:33:00,50.18838223164841
2025-06-12 15:57:00,48.6
2025-06-12 20:28:00,50.18838223164841
2025-06-12 22:38:00,79.7
2025-06-12 15:29:00,57.9
2025-06-12 16:28:00,50.18838223164841
2025-06-12 13:27:00,81.3
2025-06-12 21:16:00,50.18838223164841
2025-06-12 13:37:00,83.8
2025-06-12 05:09:00,69.8
2025-06-12 13:45:00,50.18838223164841
2025-06-12 16:30:00,45.3
2025-06-12 20:15:00,63.7
2025-06-12 17:02:00,50.18838223164841
2025-06-12 03:50:00,72.4
2025-06-12 04:01:00,35.5
2025-06-12 18:27:00,13.2
2025-06-12 11:14:00,2.1
2025-06-12 08:07:00,69.3
2025-06-12 16:51:00,14.3
2025-06-12 11:04:00,58.8
2025-06-12 12:51:00,61.0
2025-06-12 11:27:00,11.0
2025-06-12 03:09:00,39.3
2025-06-12 20:55:00,50.18838223164841
2025-06-12 11:03:00,31.7
2025-06-12 21:38:00,66.7
2025-06-12 02:34:00,91.9
2025-06-12 02:19:00,19.7
2025-06-12 21:48:00,8.2
2025-06-12 12:07:00,50.18838223164841
2025-06-12 14:34:00,15.0
2025-06-12 21:44:00,5.8
2025-06-12 11:48:00,87.6
2025-06-12 10:24:00,42.7
2025-06-12 22:57:00,92.7
2025-06-12 10:07:00,23.4
2025-06-12 03:23:00,50.18838223164841
2025-06-12 16:52:00,22.3
2025-06-12 17:19:00,50.18838223164841
2025-06-12 16:41:00,56.3
2025-06-12 15:58:00,87.6
2025-06-12 12:52:00,83.6
2025-06-12 03:28:00,93.3
2025-06-12 15:38:00,97.8
2025-06-12 17:24:00,50.4
2025-06-12 20:09:00,61.7
2025-06-12 09:17:00,59.6
2025-06-12 18:58:00,20.6
2025-06-12 01:06:00,32.7
2025-06-12 21:09:00,91.4
2025-06-12 19:51:00,18.9
2025-06-12 22:52:00,71.0
2025-06-12 08:19:00,76.2
2025-06-12 15:55:00,25.5
2025-06-12 11:10:00,94.2
2025-06-12 02:42:00,42.8
2025-06-12 06:05:00,75.5
2025-06-12 07:06:00,99.9
2025-06-12 12:58:00,50.18838223164841
2025-06-12 02:17:00,83.7
2025-06-12 17:03:00,76.3
2025-06-12 17:27:00,1.8
2025-06-12 08:31:00,18.2
2025-06-12 08:28:00,2.1
2025-06-12 06:53:00,50.18838223164841
2025-06-12 20:11:00,21.7
2025-06-12 08:39:00,98.3
2025-06-12 13:51:00,18.5
2025-06-12 02:14:00,89.4
2025-06-12 09:46:00,40.2
2025-06-12 12:09:00,39.1
2025-06-12 04:38:00,2.5
2025-06-12 04:13:00,5.2
2025-06-12 01:16:00,29.7
2025-06-12 10:42:00,7.8
2025-06-12 21:32:00,74.6
2025-06-12 00:01:00,65.4
2025-06-12 15:14:00,72.0
2025-06-12 22:42:00,52.5
2025-06-12 02:22:00,81.9
2025-06-12 16:23:00,58.7
2025-06-12 16:15:00,50.18838223164841
2025-06-12 15:21:00,50.18838223164841
2025-06-12 15:10:00,50.18838223164841
2025-06-12 09:45:00,50.18838223164841
2025-06-12 12:48:00,21.0
2025-06-12 19:31:00,25.5
2025-06-12 19:33:00,58.9
2025-06-12 18:25:00,32.8
2025-06-12 23:54:00,75.8
2025-06-12 14:12:00,7.8
2025-06-12 17:31:00,50.18838223164841
2025-06-12 19:35:00,77.0
2025-06-12 00:36:00,22.6
2025-06-12 05:50:00,45.6
2025-06-12 18:51:00,3.0
2025-06-12 07:55:00,40.7
2025-06-12 17:11:00,8.9
2025-06-12 04:45:00,88.7
2025-06-12 02:28:00,73.2
2025-06-12 14:01:00,15.8
2025-06-12 22:44:00,93.3
2025-06-12 05:56:00,92.9
2025-06-12 01:02:00,59.3
2025-06-12 17:40:00,78.6
2025-06-12 17:20:00,2.4
2025-06-12 20:41:00,47.4
2025-06-12 00:42:00,50.18838223164841
2025-06-12 08:37:00,24.7
2025-06-12 06:44:00,33.8
2025-06-12 11:59:00,56.0
2025-06-12 17:52:00,44.1
2025-06-12 17:28:00,88.8
2025-06-12 13:20:00,5.3
2025-06-12 07:39:00,24.1
2025-06-12 08:45:00,31.2
2025-06-12 13:31:00,44.6
2025-06-12 19:37:00,73.8
2025-06-12 08:53:00,33.4
2025-06-12 02:45:00,82.6
2025-06-12 21:43:00,24.7
2025-06-12 01:27:00,70.9
2025-06-12 03:36:00,55.8
2025-06-12 06:13:00,50.18838223164841
2025-06-12 05:04:00,72.9
2025-06-12 07:21:00,11.6
2025-06-12 02:43:00,10.6
2025-06-12 12:44:00,98.0
2025-06-12 06:31:00,69.1
2025-06-12 08:41:00,94.2
2025-06-12 18:04:00,36.4
2025-06-12 00:14:00,47.6
2025-06-12 20:40:00,12.6
2025-06-12 14:41:00,47.8
2025-06-12 21:59:00,50.18838223164841
2025-06-12 19:25:00,2.0
2025-06-12 03:32:00,87.6
2025-06-12 01:47:00,31.6
2025-06-12 03:41:00,83.9
2025-06-12 13:08:00,22.9
2025-06-12 19:21:00,60.8
2025-06-12 02:04:00,68.2
2025-06-12 07:33:00,16.5
2025-06-12 05:23:00,51.3
2025-06-12 04:04:00,75.3
2025-06-12 12:25:00,10.2
2025-06-12 20:24:00,50.18838223164841
2025-06-12 12:39:00,5.9
2025-06-12 22:18:00,50.18838223164841
2025-06-12 06:32:00,50.18838223164841
2025-06-12 12:00:00,21.7
2025-06-12 10:22:00,67.7
2025-06-12 11:57:00,89.4
2025-06-12 03:24:00,2.1
2025-06-12 13:21:00,23.7
2025-06-12 23:11:00,53.0
2025-06-12 08:55:00,76.3
2025-06-12 14:04:00,12.3
2025-06-12 08:25:00,7.3
2025-06-12 10:34:00,50.18838223164841
2025-06-12 11:44:00,32.4
2025-06-12 21:00:00,60.9
2025-06-12 22:08:00,73.3
2025-06-12 01:40:00,50.18838223164841
2025-06-12 15:18:00,83.5
2025-06-12 02:55:00,50.18838223164841
2025-06-12 14:52:00,50.18838223164841
2025-06-12 02:53:00,50.18838223164841
2025-06-12 07:50:00,41.8
2025-06-12 20:31:00,71.7
2025-06-12 01:22:00,50.18838223164841
2025-06-12 18:09:00,79.7
2025-06-12 00:08:00,35.0
2025-06-12 05:28:00,50.18838223164841
2025-06-12 10:03:00,50.18838223164841
2025-06-12 19:38:00,58.8
2025-06-12 14:56:00,80.8
2025-06-12 15:03:00,11.4
2025-06-12 18:01:00,50.18838223164841
2025-06-12 12:27:00,50.18838223164841
2025-06-12 12:10:00,35.7
2025-06-12 09:20:00,50.18838223164841
2025-06-12 04:10:00,93.1
2025-06-12 22:14:00,11.1
2025-06-12 22:21:00,43.1
2025-06-12 01:23:00,34.7
2025-06-12 08:36:00,77.8
2025-06-12 10:57:00,51.9
2025-06-12 05:46:00,50.18838223164841
2025-06-12 00:32:00,79.8
2025-06-12 04:40:00,27.1
2025-06-12 17:06:00,69.3
2025-06-12 07:49:00,50.18838223164841
2025-06-12 20:54:00,65.1
2025-06-12 20:46:00,85.8
2025-06-12 20:44:00,50.18838223164841
2025-06-12 20:02:00,6.4
2025-06-12 16:59:00,47.2
2025-06-12 05:41:00,76.4
2025-06-12 20:12:00,90.0
2025-06-12 17:04:00,75.8
2025-06-12 09:13:00,43.9
2025-06-12 16:06:00,73.6
2025-06-12 12:13:00,27.8
2025-06-12 13:47:00,27.1
2025-06-12 22:53:00,53.2
2025-06-12 10:56:00,28.1
2025-06-12 12:43:00,66.9
2025-06-12 21:08:00,78.0
2025-06-12 04:00:00,50.18838223164841
2025-06-12 16:07:00,50.18838223164841
2025-06-12 04:23:00,62.0
2025-06-12 15:59:00,54.8
2025-06-12 07:05:00,77.2
2025-06-12 13:11:00,18.8
2025-06-12 03:13:00,41.8
2025-06-12 14:21:00,92.3
2025-06-12 13:32:00,8.2
2025-06-12 21:23:00,88.0
2025-06-12 08:43:00,50.18838223164841
2025-06-12 13:06:00,76.3
2025-06-12 08:26:00,50.18838223164841
2025-06-12 11:07:00,29.4
2025-06-12 23:06:00,85.4
2025-06-12 00:33:00,66.8
2025-06-12 07:02:00,50.18838223164841
2025-06-12 18:28:00,37.1
2025-06-12 00:40:00,8.7
2025-06-12 13:05:00,45.7
2025-06-12 08:17:00,97.0
2025-06-12 23:41:00,53.9
2025-06-12 03:45:00,65.9
2025-06-12 15:34:00,31.6
2025-06-12 10:39:00,79.6
2025-06-12 18:30:00,23.7
2025-06-12 12:45:00,99.2
2025-06-12 00:49:00,14.6
2025-06-12 01:26:00,63.5
2025-06-12 20:13:00,41.5
2025-06-12 08:32:00,91.5
2025-06-12 23:13:00,99.8
2025-06-12 05:39:00,50.18838223164841
2025-06-12 16:18:00,85.7
2025-06-12 12:31:00,19.7
2025-06-12 04:12:00,89.7
2025-06-12 09:48:00,34.3
2025-06-12 15:41:00,63.0
2025-06-12 09:24:00,34.2
2025-06-12 21:51:00,31.4
2025-06-12 06:36:00,19.9
2025-06-12 17:00:00,49.927249175694776
2025-06-12 19:05:00,92.3
2025-06-12 22:27:00,49.927249175694776
2025-06-12 18:35:00,13.2
2025-06-12 13:08:00,72.3
2025-06-12 20:29:00,96.4
2025-06-12 12:31:00,90.6
2025-06-12 11:09:00,93.6
2025-06-12 22:58:00,54.2
2025-06-12 12:23:00,51.4
2025-06-12 23:52:00,20.7
2025-06-12 11:04:00,68.2
2025-06-12 20:17:00,52.0
2025-06-12 09:04:00,55.3
2025-06-12 15:36:00,51.4
2025-06-12 06:58:00,89.1
2025-06-12 16:01:00,93.7
2025-06-12 16:19:00,23.9
2025-06-12 02:42:00,68.4
2025-06-12 18:30:00,76.9
2025-06-12 08:37:00,51.7
2025-06-12 21:54:00,80.3
2025-06-12 11:01:00,49.927249175694776
2025-06-12 06:06:00,96.8
2025-06-12 23:25:00,28.1
2025-06-12 18:09:00,93.3
2025-06-12 12:19:00,82.3
2025-06-12 02:51:00,8.0
2025-06-12 04:47:00,49.927249175694776
2025-06-12 06:50:00,54.3
2025-06-12 03:32:00,22.1
2025-06-12 07:46:00,23.0
2025-06-12 01:36:00,16.5
2025-06-12 15:53:00,26.7
2025-06-12 13:49:00,49.927249175694776
2025-06-12 23:43:00,35.6
2025-06-12 19:44:00,64.5
2025-06-12 23:33:00,86.5
2025-06-12 22:21:00,49.927249175694776
2025-06-12 02:09:00,49.927249175694776
2025-06-12 12:05:00,64.0
2025-06-12 18:49:00,99.8
2025-06-12 17:05:00,40.8
2025-06-12 18:16:00,95.4
2025-06-12 12:47:00,49.927249175694776
2025-06-12 16:47:00,49.4
2025-06-12 20:48:00,44.4
2025-06-12 20:21:00,13.7
2025-06-12 18:43:00,80.2
2025-06-12 19:27:00,78.7
2025-06-12 02:17:00,71.3
2025-06-12 14:29:00,8.3
2025-06-12 17:57:00,92.7
2025-06-12 03:15:00,7.8
2025-06-12 22:48:00,49.927249175694776
2025-06-12 19:51:00,8.2
2025-06-12 09:58:00,34.9
2025-06-12 01:18:00,44.5
2025-06-12 18:06:00,7.7
2025-06-12 14:35:00,49.927249175694776
2025-06-12 09:20:00,12.6
2025-06-12 06:07:00,92.0
2025-06-12 10:12:00,93.5
2025-06-12 23:03:00,81.9
2025-06-12 16:12:00,23.2
2025-06-12 00:14:00,90.9
2025-06-12 18:41:00,49.927249175694776
2025-06-12 03:04:00,79.6
2025-06-12 15:43:00,35.9
2025-06-12 06:09:00,22.7
2025-06-12 11:06:00,47.1
2025-06-12 00:04:00,31.7
2025-06-12 01:42:00,41.3
2025-06-12 20:06:00,39.7
2025-06-12 04:12:00,49.927249175694776
2025-06-12 04:21:00,94.6
2025-06-12 15:32:00,6.7
2025-06-12 05:58:00,40.1
2025-06-12 16:16:00,20.6
2025-06-12 15:40:00,94.0
2025-06-12 04:18:00,41.2
2025-06-12 07:06:00,90.3
2025-06-12 17:37:00,77.5
2025-06-12 01:49:00,66.5
2025-06-12 12:11:00,59.4
2025-06-12 21:17:00,50.4
2025-06-12 11:53:00,66.4
2025-06-12 02:38:00,81.7
2025-06-12 00:26:00,80.8
2025-06-12 02:30:00,49.927249175694776
2025-06-12 03:08:00,49.927249175694776
2025-06-12 07:47:00,43.2
2025-06-12 22:16:00,18.9
2025-06-12 15:27:00,48.8
2025-06-12 07:20:00,97.3
2025-06-12 01:03:00,2.7
2025-06-12 03:17:00,98.5
2025-06-12 21:09:00,27.2
2025-06-12 16:06:00,3.6
2025-06-12 07:08:00,35.0
2025-06-12 08:38:00,67.4
2025-06-12 07:12:00,82.1
2025-06-12 17:42:00,41.9
2025-06-12 14:06:00,49.927249175694776
2025-06-12 03:54:00,34.6
2025-06-12 16:17:00,82.4
2025-06-12 04:29:00,47.6
2025-06-12 17:51:00,0.3
2025-06-12 16:07:00,49.927249175694776
2025-06-12 17:19:00,72.2
2025-06-12 06:26:00,40.7
2025-06-12 20:33:00,8.0
2025-06-12 03:47:00,32.7
2025-06-12 14:54:00,61.0
2025-06-12 16:40:00,49.927249175694776
2025-06-12 11:07:00,78.5
2025-06-12 23:40:00,29.0
2025-06-12 21:49:00,77.5
2025-06-12 01:44:00,38.6
2025-06-12 11:00:00,95.5
2025-06-12 16:02:00,11.0
2025-06-12 09:48:00,49.927249175694776
2025-06-12 13:55:00,43.6
2025-06-12 11:55:00,89.7
2025-06-12 12:52:00,49.927249175694776
2025-06-12 22:41:00,93.3
2025-06-12 10:10:00,46.0
2025-06-12 08:25:00,49.927249175694776
2025-06-12 22:35:00,45.0
2025-06-12 10:34:00,85.7
2025-06-12 02:41:00,78.4
2025-06-12 02:57:00,92.0
2025-06-12 20:04:00,82.7
2025-06-12 11:45:00,55.9
2025-06-12 06:02:00,61.5
2025-06-12 22:01:00,49.927249175694776
2025-06-12 20:13:00,60.0
2025-06-12 22:15:00,64.6
2025-06-12 00:09:00,17.6
2025-06-12 20:39:00,39.5
2025-06-12 02:29:00,53.6
2025-06-12 00:01:00,49.927249175694776
2025-06-12 15:14:00,88.0
2025-06-12 15:00:00,36.2
2025-06-12 20:11:00,98.3
2025-06-12 08:14:00,9.6
2025-06-12 08:20:00,54.6
2025-06-12 18:47:00,37.4
2025-06-12 09:03:00,96.0
2025-06-12 02:13:00,49.927249175694776
2025-06-12 03:29:00,8.0
2025-06-12 07:31:00,36.3
2025-06-12 02:33:00,49.927249175694776
2025-06-12 07:14:00,33.9
2025-06-12 02:24:00,73.2
2025-06-12 10:08:00,62.7
2025-06-12 15:02:00,97.6
2025-06-12 13:58:00,74.0
2025-06-12 16:27:00,73.7
2025-06-12 03:02:00,1.5
2025-06-12 10:21:00,25.4
2025-06-12 22:44:00,43.5
2025-06-12 22:38:00,25.3
2025-06-12 00:37:00,78.4
2025-06-12 17:23:00,45.6
2025-06-12 13:45:00,2.2
2025-06-12 07:32:00,58.0
2025-06-12 20:07:00,28.2
2025-06-12 01:13:00,16.8
2025-06-12 12:34:00,89.3
2025-06-12 03:45:00,49.927249175694776
2025-06-12 15:13:00,49.927249175694776
2025-06-12 20:40:00,6.4
2025-06-12 02:50:00,32.2
2025-06-12 04:55:00,53.9
2025-06-12 06:44:00,16.9
2025-06-12 14:53:00,58.3
2025-06-12 15:44:00,49.927249175694776
2025-06-12 06:15:00,6.6
2025-06-12 01:34:00,40.8
2025-06-12 23:22:00,49.927249175694776
2025-06-12 17:10:00,25.7
2025-06-12 12:42:00,75.8
2025-06-12 11:34:00,97.0
2025-06-12 06:22:00,46.5
2025-06-12 09:33:00,45.9
2025-06-12 09:34:00,48.5
2025-06-12 08:30:00,44.2
2025-06-12 09:30:00,10.0
2025-06-12 05:48:00,37.4
2025-06-12 14:47:00,42.6
2025-06-12 22:10:00,19.7
2025-06-12 17:18:00,84.9
2025-06-12 09:40:00,23.8
2025-06-12 00:32:00,15.1
2025-06-12 23:20:00,66.3
2025-06-12 12:43:00,11.8
2025-06-12 11:47:00,33.1
2025-06-12 19:34:00,22.4
2025-06-12 21:52:00,49.927249175694776
2025-06-12 10:33:00,18.7
2025-06-12 05:34:00,25.6
2025-06-12 11:59:00,3.0
2025-06-12 15:24:00,88.3
2025-06-12 10:07:00,49.8
2025-06-12 06:43:00,12.1
2025-06-12 00:49:00,19.2
2025-06-12 02:00:00,37.0
2025-06-12 09:55:00,20.8
2025-06-12 20:47:00,67.1
2025-06-12 02:55:00,98.5
2025-06-12 10:01:00,73.5
2025-06-12 03:23:00,8.3
2025-06-12 01:54:00,60.7
2025-06-12 17:40:00,32.9
2025-06-12 20:26:00,4.7
2025-06-12 05:17:00,24.6
2025-06-12 06:53:00,94.8
2025-06-12 11:57:00,94.8
2025-06-12 15:38:00,7.9
2025-06-12 08:52:00,81.7
2025-06-12 06:55:00,49.927249175694776
2025-06-12 16:59:00,41.1
2025-06-12 16:44:00,17.9
2025-06-12 00:00:00,0.1
2025-06-12 06:41:00,86.0
2025-06-12 02:26:00,66.2
2025-06-12 05:33:00,73.1
2025-06-12 10:04:00,33.6
2025-06-12 23:19:00,47.0
2025-06-12 08:18:00,52.3
2025-06-12 11:35:00,97.1
2025-06-12 22:50:00,4.0
2025-06-12 14:24:00,2.7
2025-06-12 13:40:00,70.5
2025-06-12 23:11:00,31.8
2025-06-12 05:57:00,63.6
2025-06-12 15:48:00,26.5
2025-06-12 10:59:00,60.3
2025-06-12 00:33:00,55.8
2025-06-12 16:37:00,32.7
2025-06-12 20:50:00,65.0
2025-06-12 15:18:00,49.7
2025-06-12 14:20:00,6.7
2025-06-12 05:18:00,69.0
2025-06-12 17:04:00,19.7
2025-06-12 04:38:00,44.8
2025-06-12 19:55:00,87.6
2025-06-12 03:46:00,30.0
2025-06-12 13:52:00,94.0
2025-06-12 04:30:00,55.3
2025-06-12 00:18:00,73.1
2025-06-12 05:37:00,31.4
2025-06-12 10:44:00,1.3
2025-06-12 09:53:00,49.927249175694776
2025-06-12 03:48:00,49.927249175694776
2025-06-12 04:04:00,15.4
2025-06-12 12:48:00,3.1
2025-06-12 10:15:00,65.7
2025-06-12 16:11:00,16.3
2025-06-12 03:36:00,49.927249175694776
2025-06-12 12:01:00,20.7
2025-06-12 15:50:00,5.7
2025-06-12 17:03:00,22.8
2025-06-12 08:15:00,93.3
2025-06-12 20:23:00,17.2
2025-06-12 07:51:00,2.8
2025-06-12 22:24:00,12.8
2025-06-12 12:45:00,24.0
2025-06-12 18:21:00,9.0
2025-06-12 01:50:00,33.6
2025-06-12 21:10:00,39.9
2025-06-12 22:22:00,49.927249175694776
2025-06-12 08:32:00,54.9
2025-06-12 17:12:00,87.3
2025-06-12 14:14:00,30.9
2025-06-12 09:14:00,33.8
2025-06-12 21:45:00,14.8
2025-06-12 10:53:00,64.4
2025-06-12 12:01:00,49.72265128325876
2025-06-12 21:06:00,49.72265128325876
2025-06-12 22:32:00,84.0
2025-06-12 15:10:00,0.3
2025-06-12 14:41:00,63.2
2025-06-12 20:34:00,94.3
2025-06-12 10:18:00,62.4
2025-06-12 14:27:00,87.7
2025-06-12 10:52:00,25.6
2025-06-12 20:47:00,9.9
2025-06-12 19:24:00,71.4
2025-06-12 17:37:00,39.5
2025-06-12 17:32:00,49.72265128325876
2025-06-12 17:33:00,98.7
2025-06-12 07:47:00,60.3
2025-06-12 01:32:00,6.8
2025-06-12 18:21:00,2.3
2025-06-12 09:39:00,46.7
2025-06-12 05:06:00,80.3
2025-06-12 12:32:00,49.72265128325876
2025-06-12 09:52:00,13.7
2025-06-12 02:44:00,84.1
2025-06-12 00:21:00,64.1
2025-06-12 00:16:00,49.72265128325876
2025-06-12 06:28:00,49.2
2025-06-12 18:17:00,67.6
2025-06-12 08:16:00,38.4
2025-06-12 00:28:00,57.5
2025-06-12 16:49:00,44.6
2025-06-12 18:46:00,94.2
2025-06-12 22:36:00,49.72265128325876
2025-06-12 12:33:00,76.4
2025-06-12 20:55:00,51.6
2025-06-12 23:18:00,90.6
2025-06-12 15:23:00,74.5
2025-06-12 06:41:00,3.5
2025-06-12 18:39:00,72.3
2025-06-12 22:33:00,49.72265128325876
2025-06-12 14:13:00,0.1
2025-06-12 15:37:00,49.72265128325876
2025-06-12 06:05:00,89.5
2025-06-12 01:22:00,58.7
2025-06-12 02:09:00,85.1
2025-06-12 07:55:00,74.8
2025-06-12 07:45:00,92.4
2025-06-12 03:06:00,0.9
2025-06-12 16:31:00,97.3
2025-06-12 13:08:00,86.3
2025-06-12 10:48:00,80.7
2025-06-12 18:38:00,13.3
2025-06-12 00:27:00,49.72265128325876
2025-06-12 20:36:00,39.7
2025-06-12 17:02:00,45.6
2025-06-12 15:47:00,21.4
2025-06-12 23:50:00,69.5
2025-06-12 11:51:00,6.0
2025-06-12 11:04:00,30.0
2025-06-12 02:13:00,69.0
2025-06-12 05:14:00,40.2
2025-06-12 05:04:00,73.6
2025-06-12 10:34:00,90.8
2025-06-12 22:12:00,39.9
2025-06-12 15:57:00,49.72265128325876
2025-06-12 14:55:00,82.5
2025-06-12 16:22:00,20.7
2025-06-12 22:48:00,29.8
2025-06-12 21:31:00,49.72265128325876
2025-06-12 04:04:00,31.6
2025-06-12 01:44:00,0.6
2025-06-12 09:19:00,10.0
2025-06-12 07:53:00,0.3
2025-06-12 09:02:00,62.5
2025-06-12 22:52:00,17.0
2025-06-12 05:34:00,50.2
2025-06-12 03:23:00,4.7
2025-06-12 11:02:00,77.3
2025-06-12 20:56:00,49.72265128325876
2025-06-12 04:23:00,49.72265128325876
2025-06-12 04:10:00,11.4
2025-06-12 04:11:00,85.6
2025-06-12 09:43:00,62.8
2025-06-12 08:44:00,49.72265128325876
2025-06-12 01:51:00,49.72265128325876
2025-06-12 00:45:00,16.7
2025-06-12 01:35:00,15.7
2025-06-12 03:37:00,90.7
2025-06-12 18:58:00,30.7
2025-06-12 11:55:00,28.9
2025-06-12 02:04:00,49.72265128325876
2025-06-12 12:17:00,79.1
2025-06-12 20:16:00,14.7
2025-06-12 10:38:00,45.4
2025-06-12 00:10:00,70.7
2025-06-12 14:49:00,86.5
2025-06-12 05:19:00,65.9
2025-06-12 17:00:00,49.0
2025-06-12 19:09:00,71.0
2025-06-12 13:39:00,62.8
2025-06-12 22:05:00,31.7
2025-06-12 17:30:00,49.72265128325876
2025-06-12 02:22:00,74.5
2025-06-12 01:05:00,85.1
2025-06-12 15:03:00,73.8
2025-06-12 12:58:00,49.72265128325876
2025-06-12 21:02:00,60.0
2025-06-12 14:25:00,0.6
2025-06-12 13:00:00,63.3
2025-06-12 17:17:00,67.9
2025-06-12 01:03:00,42.4
2025-06-12 04:13:00,49.72265128325876
2025-06-12 21:32:00,50.0
2025-06-12 06:24:00,43.0
2025-06-12 08:53:00,27.5
2025-06-12 10:33:00,52.5
2025-06-12 12:38:00,35.2
2025-06-12 02:51:00,22.7
2025-06-12 03:31:00,62.7
2025-06-12 17:58:00,46.9
2025-06-12 15:59:00,29.5
2025-06-12 09:15:00,94.6
2025-06-12 06:31:00,76.3
2025-06-12 11:29:00,71.5
2025-06-12 20:25:00,49.72265128325876
2025-06-12 19:49:00,1.6
2025-06-12 00:06:00,0.1
2025-06-12 15:19:00,93.4
2025-06-12 18:10:00,30.9
2025-06-12 14:42:00,57.1
2025-06-12 17:52:00,69.7
2025-06-12 11:43:00,37.1
2025-06-12 13:40:00,16.8
2025-06-12 08:57:00,49.72265128325876
2025-06-12 19:38:00,32.1
2025-06-12 21:43:00,41.3
2025-06-12 13:31:00,53.3
2025-06-12 05:16:00,68.1
2025-06-12 00:30:00,59.7
2025-06-12 03:18:00,48.2
2025-06-12 13:09:00,76.6
2025-06-12 11:14:00,71.6
2025-06-12 05:15:00,0.9
2025-06-12 23:57:00,38.8
2025-06-12 09:25:00,24.0
2025-06-12 03:08:00,36.6
2025-06-12 00:23:00,63.1
2025-06-12 19:53:00,81.2
2025-06-12 04:02:00,76.3
2025-06-12 02:31:00,47.1
2025-06-12 06:04:00,73.2
2025-06-12 00:38:00,95.4
2025-06-12 10:59:00,85.7
2025-06-12 10:22:00,77.9
2025-06-12 00:55:00,62.9
2025-06-12 06:51:00,99.3
2025-06-12 14:05:00,39.0
2025-06-12 23:20:00,0.7
2025-06-12 05:36:00,5.1
2025-06-12 02:30:00,12.9
2025-06-12 21:53:00,12.1
2025-06-12 23:27:00,85.1
2025-06-12 08:49:00,30.8
2025-06-12 09:41:00,99.5
2025-06-12 16:04:00,22.0
2025-06-12 14:52:00,14.3
2025-06-12 11:18:00,49.1
2025-06-12 05:00:00,61.8
2025-06-12 05:52:00,92.3
2025-06-12 05:44:00,84.6
2025-06-12 10:19:00,89.1
2025-06-12 10:56:00,1.1
2025-06-12 03:11:00,58.6
2025-06-12 01:54:00,48.0
2025-06-12 13:52:00,73.4
2025-06-12 20:03:00,1.1
2025-06-12 16:16:00,49.72265128325876
2025-06-12 10:43:00,10.2
2025-06-12 11:00:00,60.9
2025-06-12 00:32:00,95.9
2025-06-12 14:51:00,56.6
2025-06-12 19:15:00,62.4
2025-06-12 22:11:00,8.1
2025-06-12 17:43:00,66.4
2025-06-12 20:43:00,0.8
2025-06-12 05:27:00,37.1
2025-06-12 18:36:00,25.3
2025-06-12 04:32:00,0.4
2025-06-12 19:06:00,70.5
2025-06-12 17:10:00,43.3
2025-06-12 14:02:00,54.1
2025-06-12 20:14:00,77.0
2025-06-12 11:16:00,49.72265128325876
2025-06-12 15:12:00,47.8
2025-06-12 11:27:00,34.8
2025-06-12 01:41:00,47.7
2025-06-12 23:12:00,20.6
2025-06-12 13:10:00,30.3
2025-06-12 15:40:00,13.2
2025-06-12 13:53:00,85.2
2025-06-12 13:25:00,49.72265128325876
2025-06-12 22:57:00,90.3
2025-06-12 19:35:00,18.7
2025-06-12 01:38:00,25.8
2025-06-12 04:20:00,88.0
2025-06-12 03:30:00,69.6
2025-06-12 06:45:00,61.6
2025-06-12 13:59:00,89.2
2025-06-12 05:50:00,16.9
2025-06-12 08:17:00,27.6
2025-06-12 12:30:00,58.0
2025-06-12 12:07:00,6.3
2025-06-12 17:24:00,49.72265128325876
2025-06-12 08:13:00,49.72265128325876
2025-06-12 18:31:00,27.7
2025-06-12 12:08:00,36.6
2025-06-12 07:05:00,65.3
2025-06-12 16:32:00,68.8
2025-06-12 06:18:00,91.0
2025-06-12 12:27:00,62.4
2025-06-12 00:18:00,63.2
2025-06-12 22:18:00,32.1
2025-06-12 20:24:00,66.4
2025-06-12 17:55:00,83.1
2025-06-12 19:00:00,3.2
2025-06-12 21:13:00,89.2
2025-06-12 01:04:00,31.6
2025-06-12 05:22:00,21.0
2025-06-12 06:46:00,53.8
2025-06-12 19:11:00,72.3
2025-06-12 12:26:00,9.5
2025-06-12 04:19:00,96.7
2025-06-12 20:06:00,63.0
2025-06-12 06:40:00,49.72265128325876
2025-06-12 04:56:00,33.7
2025-06-12 20:50:00,58.0
2025-06-12 16:07:00,15.0
2025-06-12 23:55:00,56.0
2025-06-12 02:43:00,50.9
2025-06-12 12:10:00,49.72265128325876
2025-06-12 21:29:00,25.4
2025-06-12 23:10:00,14.5
2025-06-12 12:04:00,81.0
2025-06-12 10:07:00,25.5
2025-06-12 08:26:00,49.72265128325876
2025-06-12 19:26:00,67.1
2025-06-12 18:35:00,49.72265128325876
2025-06-12 07:32:00,48.5
2025-06-12 18:34:00,10.3
2025-06-12 23:48:00,49.72265128325876
2025-06-12 07:19:00,90.4
2025-06-12 09:03:00,70.9
2025-06-12 23:28:00,95.4
2025-06-12 05:02:00,2.2
2025-06-12 00:34:00,7.5
2025-06-12 23:29:00,57.7
2025-06-12 19:42:00,50.6
2025-06-12 08:51:00,53.1
2025-06-12 12:39:00,10.3
2025-06-12 03:45:00,65.6
2025-06-12 01:23:00,72.5
2025-06-12 04:42:00,47.1
2025-06-12 00:42:00,51.3
2025-06-12 09:17:00,4.3
2025-06-12 16:18:00,49.72265128325876
2025-06-12 11:21:00,49.72265128325876
2025-06-12 03:57:00,96.7
2025-06-12 09:06:00,76.9
2025-06-12 18:50:00,91.9
2025-06-12 01:55:00,80.5
2025-06-12 19:14:00,68.6
2025-06-12 11:25:00,49.2
2025-06-12 03:53:00,24.5
2025-06-12 03:52:00,49.72265128325876
2025-06-12 09:42:00,88.3
2025-06-12 10:45:00,38.0
2025-06-12 06:50:00,37.9
2025-06-12 10:09:00,78.8
2025-06-12 16:29:00,47.8
2025-06-12 23:00:00,49.72265128325876
2025-06-12 15:25:00,49.72265128325876
2025-06-12 09:26:00,96.2
2025-06-12 22:30:00,65.7
2025-06-12 03:26:00,49.72265128325876
2025-06-12 03:09:00,14.4
2025-06-12 12:18:00,49.72265128325876
2025-06-12 00:02:00,70.8
2025-06-12 09:49:00,51.3
2025-06-12 13:54:00,90.7
2025-06-12 18:40:00,26.7
2025-06-12 02:37:00,7.5
2025-06-12 07:12:00,75.3
2025-06-12 16:08:00,21.6
2025-06-12 20:02:00,49.72265128325876
2025-06-12 23:02:00,33.2
2025-06-12 16:58:00,62.0
2025-06-12 20:09:00,98.8
2025-06-12 15:30:00,27.2
2025-06-12 06:09:00,49.72265128325876
2025-06-12 09:20:00,59.0
2025-06-12 18:13:00,17.8
2025-06-12 18:22:00,22.6
2025-06-12 03:43:00,55.5
2025-06-12 03:23:00,96.3
2025-06-12 01:02:00,37.1
2025-06-12 15:05:00,50.25777465777466
2025-06-12 04:40:00,50.25777465777466
2025-06-12 08:07:00,39.7
2025-06-12 00:40:00,4.0
2025-06-12 23:17:00,57.3
2025-06-12 04:07:00,67.2
2025-06-12 12:47:00,80.5
2025-06-12 04:46:00,50.25777465777466
2025-06-12 14:12:00,50.25777465777466
2025-06-12 08:31:00,58.6
2025-06-12 04:12:00,27.8
2025-06-12 05:03:00,10.4
2025-06-12 10:39:00,33.6
2025-06-12 03:13:00,83.6
2025-06-12 19:45:00,45.3
2025-06-12 20:07:00,97.1
2025-06-12 17:42:00,97.8
2025-06-12 17:35:00,77.1
2025-06-12 10:56:00,40.4
2025-06-12 05:37:00,16.5
2025-06-12 14:06:00,3.4
2025-06-12 10:17:00,44.9
2025-06-12 15:04:00,89.3
2025-06-12 23:26:00,51.5
2025-06-12 13:35:00,45.6
2025-06-12 18:51:00,10.3
2025-06-12 19:33:00,53.7
2025-06-12 17:41:00,64.0
2025-06-12 06:35:00,50.25777465777466
2025-06-12 09:38:00,77.3
2025-06-12 13:05:00,37.4
2025-06-12 05:42:00,75.7
2025-06-12 06:09:00,56.1
2025-06-12 14:52:00,90.3
2025-06-12 18:57:00,48.4
2025-06-12 13:21:00,82.8
2025-06-12 23:54:00,73.0
2025-06-12 22:31:00,92.9
2025-06-12 12:44:00,50.25777465777466
2025-06-12 12:33:00,44.8
2025-06-12 20:11:00,13.9
2025-06-12 17:09:00,36.6
2025-06-12 06:12:00,33.9
2025-06-12 08:42:00,50.25777465777466
2025-06-12 05:50:00,64.3
2025-06-12 08:01:00,93.1
2025-06-12 22:26:00,46.7
2025-06-12 02:37:00,54.9
2025-06-12 01:24:00,10.4
2025-06-12 08:15:00,41.6
2025-06-12 18:32:00,50.25777465777466
2025-06-12 17:30:00,29.7
2025-06-12 00:48:00,98.9
2025-06-12 14:40:00,60.6
2025-06-12 07:19:00,66.5
2025-06-12 21:39:00,89.4
2025-06-12 21:20:00,20.4
2025-06-12 09:15:00,50.25777465777466
2025-06-12 08:10:00,50.25777465777466
2025-06-12 22:04:00,18.7
2025-06-12 20:43:00,50.25777465777466
2025-06-12 12:03:00,16.9
2025-06-12 23:03:00,50.25777465777466
2025-06-12 01:31:00,0.7
2025-06-12 15:01:00,30.3
2025-06-12 16:36:00,38.3
2025-06-12 11:14:00,39.7
2025-06-12 13:01:00,44.7
2025-06-12 08:33:00,35.6
2025-06-12 05:52:00,38.0
2025-06-12 00:19:00,50.25777465777466
2025-06-12 02:47:00,77.2
2025-06-12 18:43:00,39.1
2025-06-12 23:48:00,9.1
2025-06-12 12:52:00,44.3
2025-06-12 11:01:00,39.6
2025-06-12 07:11:00,80.6
2025-06-12 18:16:00,50.25777465777466
2025-06-12 18:52:00,50.25777465777466
2025-06-12 01:18:00,9.6
2025-06-12 10:55:00,31.2
2025-06-12 04:04:00,9.8
2025-06-12 13:18:00,50.25777465777466
2025-06-12 06:36:00,15.6
2025-06-12 15:52:00,3.4
2025-06-12 21:19:00,11.5
2025-06-12 20:48:00,45.1
2025-06-12 12:41:00,71.9
2025-06-12 21:42:00,49.3
2025-06-12 15:26:00,93.1
2025-06-12 07:45:00,18.5
2025-06-12 15:09:00,19.9
2025-06-12 18:44:00,19.8
2025-06-12 12:21:00,1.4
2025-06-12 00:15:00,89.0
2025-06-12 12:56:00,50.7
2025-06-12 22:48:00,68.6
2025-06-12 06:50:00,12.2
2025-06-12 11:45:00,51.8
2025-06-12 12:14:00,44.5
2025-06-12 22:32:00,38.5
2025-06-12 15:35:00,29.5
2025-06-12 08:40:00,1.8
2025-06-12 18:17:00,50.25777465777466
2025-06-12 02:31:00,2.1
2025-06-12 18:49:00,19.3
2025-06-12 08:08:00,73.5
2025-06-12 16:39:00,79.3
2025-06-12 09:27:00,62.0
2025-06-12 19:56:00,17.3
2025-06-12 08:13:00,50.25777465777466
2025-06-12 10:33:00,41.8
2025-06-12 17:26:00,23.6
2025-06-12 08:37:00,37.4
2025-06-12 06:21:00,79.6
2025-06-12 09:47:00,97.3
2025-06-12 19:57:00,50.25777465777466
2025-06-12 01:11:00,26.2
2025-06-12 22:03:00,95.1
2025-06-12 04:16:00,98.6
2025-06-12 06:25:00,3.4
2025-06-12 18:53:00,91.1
2025-06-12 21:35:00,28.3
2025-06-12 04:10:00,15.3
2025-06-12 21:53:00,75.7
2025-06-12 15:15:00,1.1
2025-06-12 11:13:00,59.5
2025-06-12 04:14:00,3.2
2025-06-12 06:06:00,3.5
2025-06-12 11:06:00,52.8
2025-06-12 06:41:00,69.2
2025-06-12 21:10:00,58.3
2025-06-12 03:24:00,70.7
2025-06-12 16:41:00,0.7
2025-06-12 18:37:00,4.4
2025-06-12 07:24:00,20.1
2025-06-12 18:36:00,29.0
2025-06-12 17:37:00,0.1
2025-06-12 15:14:00,86.8
2025-06-12 12:19:00,10.8
2025-06-12 18:15:00,50.25777465777466
2025-06-12 04:20:00,97.2
2025-06-12 01:47:00,14.8
2025-06-12 15:37:00,84.5
2025-06-12 12:30:00,44.4
2025-06-12 06:37:00,37.2
2025-06-12 17:11:00,29.5
2025-06-12 02:50:00,48.1
2025-06-12 07:14:00,60.7
2025-06-12 16:58:00,50.25777465777466
2025-06-12 11:17:00,53.2
2025-06-12 03:37:00,50.25777465777466
2025-06-12 23:08:00,35.9
2025-06-12 04:48:00,41.5
2025-06-12 09:37:00,72.4
2025-06-12 10:42:00,15.3
2025-06-12 15:13:00,60.7
2025-06-12 06:42:00,28.5
2025-06-12 02:48:00,74.3
2025-06-12 04:27:00,18.1
2025-06-12 06:57:00,41.4
2025-06-12 04:28:00,9.2
2025-06-12 10:52:00,42.7
2025-06-12 01:17:00,47.5
2025-06-12 07:02:00,23.4
2025-06-12 22:53:00,16.3
2025-06-12 06:02:00,42.3
2025-06-12 18:09:00,46.7
2025-06-12 21:00:00,92.8
2025-06-12 08:44:00,74.0
2025-06-12 16:53:00,86.7
2025-06-12 19:44:00,68.5
2025-06-12 05:24:00,86.2
2025-06-12 04:33:00,73.5
2025-06-12 19:48:00,50.3
2025-06-12 16:48:00,82.1
2025-06-12 16:23:00,30.2
2025-06-12 00:56:00,50.25777465777466
2025-06-12 06:18:00,38.4
2025-06-12 07:04:00,43.5
2025-06-12 08:14:00,1.0
2025-06-12 01:28:00,77.8
2025-06-12 14:00:00,82.4
2025-06-12 02:08:00,80.3
2025-06-12 08:36:00,25.6
2025-06-12 01:20:00,0.5
2025-06-12 06:55:00,51.4
2025-06-12 12:35:00,27.6
2025-06-12 05:23:00,48.5
2025-06-12 12:48:00,66.1
2025-06-12 01:09:00,50.25777465777466
2025-06-12 09:06:00,84.7
2025-06-12 17:44:00,50.25777465777466
2025-06-12 14:16:00,73.6
2025-06-12 08:47:00,48.4
2025-06-12 00:29:00,52.4
2025-06-12 20:36:00,10.8
2025-06-12 06:00:00,43.8
2025-06-12 06:40:00,50.25777465777466
2025-06-12 15:00:00,29.7
2025-06-12 18:54:00,10.9
2025-06-12 04:44:00,33.7
2025-06-12 05:04:00,99.0
2025-06-12 08:32:00,33.0
2025-06-12 06:32:00,50.25777465777466
2025-06-12 19:02:00,50.25777465777466
2025-06-12 20:25:00,35.8
2025-06-12 15:08:00,24.1
2025-06-12 11:34:00,50.25777465777466
2025-06-12 04:11:00,50.25777465777466
2025-06-12 02:03:00,27.6
2025-06-12 14:49:00,23.5
2025-06-12 19:31:00,35.1
2025-06-12 20:40:00,4.8
2025-06-12 09:21:00,71.0
2025-06-12 20:16:00,99.2
2025-06-12 19:27:00,50.25777465777466
2025-06-12 00:35:00,83.0
2025-06-12 05:30:00,58.7
2025-06-12 21:07:00,50.25777465777466
2025-06-12 10:30:00,62.5
2025-06-12 15:55:00,58.4
2025-06-12 23:19:00,53.1
2025-06-12 17:31:00,50.25777465777466
2025-06-12 19:28:00,2.8
2025-06-12 10:40:00,21.1
2025-06-12 20:09:00,50.25777465777466
2025-06-12 02:59:00,45.8
2025-06-12 19:36:00,72.1
2025-06-12 16:02:00,50.25777465777466
2025-06-12 09:28:00,34.9
2025-06-12 19:06:00,72.4
2025-06-12 23:05:00,39.3
2025-06-12 13:40:00,3.2
2025-06-12 18:50:00,75.6
2025-06-12 21:52:00,77.7
2025-06-12 12:25:00,50.25777465777466
2025-06-12 23:00:00,6.6
2025-06-12 06:33:00,83.7
2025-06-12 05:56:00,21.0
2025-06-12 18:11:00,43.3
2025-06-12 06:38:00,50.25777465777466
2025-06-12 15:46:00,11.3
2025-06-12 22:22:00,50.25777465777466
2025-06-12 09:45:00,6.2
2025-06-12 13:32:00,32.0
2025-06-12 04:36:00,62.2
2025-06-12 23:16:00,70.4
2025-06-12 06:08:00,50.25777465777466
2025-06-12 06:29:00,81.7
2025-06-12 17:57:00,93.1
2025-06-12 05:17:00,34.6
2025-06-12 22:19:00,50.25777465777466
2025-06-12 08:20:00,50.25777465777466
2025-06-12 19:32:00,62.3
2025-06-12 09:29:00,49.7
2025-06-12 23:23:00,2.1
2025-06-12 14:08:00,22.7
2025-06-12 11:42:00,92.9
2025-06-12 23:01:00,24.6
2025-06-12 00:43:00,49.4
2025-06-12 01:56:00,79.8
2025-06-12 09:07:00,98.0
2025-06-12 09:11:00,62.2
2025-06-12 18:03:00,16.1
2025-06-12 21:26:00,70.2
2025-06-12 20:46:00,28.3
2025-06-12 02:25:00,69.8
2025-06-12 07:54:00,25.3
2025-06-12 19:13:00,34.8
2025-06-12 02:27:00,2.3
2025-06-12 07:59:00,96.2
2025-06-12 03:41:00,72.6
2025-06-12 17:36:00,74.5
2025-06-12 04:35:00,23.9
2025-06-12 14:46:00,40.9
2025-06-12 08:11:00,28.2
2025-06-12 15:06:00,69.4
2025-06-12 05:25:00,50.25777465777466
2025-06-12 21:05:00,29.3
2025-06-12 17:22:00,50.25777465777466
2025-06-12 05:55:00,67.4
2025-06-12 12:08:00,71.9
2025-06-12 20:19:00,15.0
2025-06-12 23:28:00,76.3
2025-06-12 08:29:00,83.8
2025-06-12 01:19:00,58.0
2025-06-12 03:10:00,28.2
2025-06-12 01:21:00,50.25777465777466
2025-06-12 03:28:00,20.3
2025-06-12 10:35:00,36.3
2025-06-12 13:45:00,80.2
2025-06-12 10:11:00,65.5
2025-06-12 01:43:00,84.5
2025-06-12 10:38:00,9.0
2025-06-12 04:03:00,8.2
2025-06-12 16:54:00,86.3
2025-06-12 01:36:00,34.7
2025-06-12 15:22:00,50.5
2025-06-12 03:59:00,59.3
2025-06-12 11:26:00,77.6
2025-06-12 16:55:00,55.7
2025-06-12 04:23:00,78.1
2025-06-12 16:04:00,68.1
2025-06-12 21:56:00,7.1
2025-06-12 03:21:00,72.5
2025-06-12 05:45:00,50.25777465777466
2025-06-12 19:15:00,52.1
2025-06-12 03:34:00,50.25777465777466
2025-06-12 22:25:00,5.9
2025-06-12 01:57:00,35.9
2025-06-12 12:55:00,31.3
2025-06-12 15:03:00,74.5
2025-06-12 12:45:00,50.25777465777466
2025-06-12 07:20:00,69.7
2025-06-12 16:33:00,49.9464552238806
2025-06-12 11:17:00,73.9
2025-06-12 01:59:00,49.5
2025-06-12 23:17:00,34.4
2025-06-12 12:16:00,50.9
2025-06-12 13:14:00,75.1
2025-06-12 08:00:00,49.9464552238806
2025-06-12 02:24:00,25.0
2025-06-12 09:38:00,87.7
2025-06-12 07:22:00,30.6
2025-06-12 14:11:00,49.9464552238806
2025-06-12 01:31:00,54.7
2025-06-12 06:45:00,49.9464552238806
2025-06-12 17:12:00,14.9
2025-06-12 12:04:00,27.6
2025-06-12 16:35:00,14.2
2025-06-12 15:44:00,63.5
2025-06-12 15:18:00,57.6
2025-06-12 10:07:00,96.3
2025-06-12 23:10:00,49.9464552238806
2025-06-12 03:13:00,18.4
2025-06-12 06:20:00,63.9
2025-06-12 07:58:00,55.6
2025-06-12 12:21:00,28.5
2025-06-12 21:51:00,49.9464552238806
2025-06-12 07:04:00,20.2
2025-06-12 22:28:00,49.9464552238806
2025-06-12 06:13:00,66.3
2025-06-12 00:44:00,49.9464552238806
2025-06-12 17:43:00,5.6
2025-06-12 13:53:00,78.1
2025-06-12 19:14:00,92.1
2025-06-12 06:31:00,49.9464552238806
2025-06-12 15:15:00,10.7
2025-06-12 07:34:00,25.6
2025-06-12 17:23:00,60.6
2025-06-12 02:38:00,11.1
2025-06-12 07:50:00,9.0
2025-06-12 09:25:00,37.8
2025-06-12 00:35:00,63.2
2025-06-12 00:03:00,47.6
2025-06-12 13:38:00,11.2
2025-06-12 23:28:00,79.7
2025-06-12 09:06:00,38.3
2025-06-12 08:37:00,33.7
2025-06-12 01:56:00,25.9
2025-06-12 16:55:00,49.9464552238806
2025-06-12 04:12:00,82.7
2025-06-12 09:07:00,62.1
2025-06-12 10:48:00,8.9
2025-06-12 13:34:00,62.1
2025-06-12 16:52:00,29.3
2025-06-12 06:54:00,62.0
2025-06-12 05:37:00,45.3
2025-06-12 13:45:00,24.3
2025-06-12 17:25:00,11.1
2025-06-12 07:55:00,38.3
2025-06-12 22:58:00,49.2
2025-06-12 08:53:00,7.0
2025-06-12 15:40:00,72.5
2025-06-12 16:01:00,81.5
2025-06-12 00:37:00,56.2
2025-06-12 04:58:00,53.1
2025-06-12 04:26:00,57.1
2025-06-12 10:53:00,23.4
2025-06-12 19:22:00,49.9464552238806
2025-06-12 10:55:00,23.8
2025-06-12 09:09:00,100.0
2025-06-12 09:35:00,73.0
2025-06-12 22:44:00,11.7
2025-06-12 10:52:00,24.2
2025-06-12 01:44:00,82.0
2025-06-12 23:07:00,68.4
2025-06-12 11:24:00,92.4
2025-06-12 19:37:00,49.9464552238806
2025-06-12 20:41:00,33.2
2025-06-12 22:34:00,26.5
2025-06-12 09:52:00,58.2
2025-06-12 10:02:00,10.6
2025-06-12 04:54:00,73.5
2025-06-12 10:01:00,73.3
2025-06-12 16:32:00,91.1
2025-06-12 23:45:00,19.0
2025-06-12 00:48:00,49.9464552238806
2025-06-12 15:10:00,1.9
2025-06-12 22:48:00,49.9464552238806
2025-06-12 11:32:00,49.9464552238806
2025-06-12 15:17:00,19.9
2025-06-12 16:40:00,80.6
2025-06-12 16:27:00,27.6
2025-06-12 10:10:00,3.6
2025-06-12 19:59:00,17.4
2025-06-12 04:34:00,89.6
2025-06-12 08:49:00,40.8
2025-06-12 15:28:00,48.8
2025-06-12 15:07:00,36.8
2025-06-12 03:00:00,36.1
2025-06-12 02:23:00,20.0
2025-06-12 12:30:00,5.1
2025-06-12 22:00:00,64.4
2025-06-12 05:11:00,19.2
2025-06-12 12:46:00,84.6
2025-06-12 12:01:00,61.2
2025-06-12 23:39:00,38.5
2025-06-12 23:37:00,49.9464552238806
2025-06-12 18:46:00,49.9464552238806
2025-06-12 17:47:00,49.9464552238806
2025-06-12 01:39:00,30.4
2025-06-12 06:51:00,49.9464552238806
2025-06-12 06:09:00,12.6
2025-06-12 05:27:00,92.5
2025-06-12 16:38:00,95.6
2025-06-12 07:54:00,61.9
2025-06-12 10:27:00,2.2
2025-06-12 18:34:00,70.3
2025-06-12 13:17:00,6.6
2025-06-12 06:03:00,17.2
2025-06-12 07:41:00,64.2
2025-06-12 07:42:00,44.5
2025-06-12 00:08:00,85.2
2025-06-12 08:29:00,100.0
2025-06-12 23:54:00,66.3
2025-06-12 06:01:00,37.1
2025-06-12 09:54:00,51.6
2025-06-12 06:58:00,91.7
2025-06-12 00:18:00,49.9464552238806
2025-06-12 17:22:00,93.6
2025-06-12 13:11:00,17.4
2025-06-12 09:30:00,49.9464552238806
2025-06-12 04:56:00,82.1
2025-06-12 14:20:00,46.2
2025-06-12 12:26:00,49.9464552238806
2025-06-12 07:02:00,37.3
2025-06-12 18:41:00,49.9464552238806
2025-06-12 16:15:00,49.9464552238806
2025-06-12 01:45:00,49.9464552238806
2025-06-12 17:58:00,17.0
2025-06-12 06:33:00,73.3
2025-06-12 13:57:00,33.0
2025-06-12 01:50:00,60.7
2025-06-12 03:30:00,65.7
2025-06-12 02:48:00,49.9464552238806
2025-06-12 03:25:00,22.4
2025-06-12 14:17:00,32.0
2025-06-12 01:09:00,74.8
2025-06-12 05:21:00,64.9
2025-06-12 14:37:00,49.9464552238806
2025-06-12 18:54:00,49.9464552238806
2025-06-12 18:51:00,74.4
2025-06-12 13:35:00,47.8
2025-06-12 06:29:00,26.3
2025-06-12 19:42:00,90.5
2025-06-12 07:11:00,44.0
2025-06-12 02:09:00,71.0
2025-06-12 00:14:00,12.2
2025-06-12 02:46:00,55.1
2025-06-12 15:53:00,96.3
2025-06-12 17:49:00,8.2
2025-06-12 18:40:00,49.9464552238806
2025-06-12 21:00:00,12.5
2025-06-12 16:20:00,43.6
2025-06-12 13:27:00,27.1
2025-06-12 14:49:00,85.3
2025-06-12 01:07:00,46.2
2025-06-12 23:08:00,68.8
2025-06-12 20:18:00,74.9
2025-06-12 14:42:00,49.9464552238806
2025-06-12 09:39:00,75.2
2025-06-12 19:49:00,49.9464552238806
2025-06-12 09:23:00,42.8
2025-06-12 06:21:00,84.3
2025-06-12 08:35:00,46.7
2025-06-12 16:14:00,91.9
2025-06-12 01:01:00,15.6
2025-06-12 16:57:00,49.9464552238806
2025-06-12 13:22:00,41.6
2025-06-12 06:47:00,54.1
2025-06-12 20:20:00,18.6
2025-06-12 17:11:00,37.2
2025-06-12 01:24:00,1.8
2025-06-12 08:27:00,89.5
2025-06-12 14:52:00,49.9464552238806
2025-06-12 05:43:00,49.9464552238806
2025-06-12 23:51:00,99.6
2025-06-12 12:35:00,49.9464552238806
2025-06-12 06:53:00,68.6
2025-06-12 01:53:00,89.2
2025-06-12 06:10:00,52.7
2025-06-12 15:54:00,84.9
2025-06-12 00:56:00,50.7
2025-06-12 11:39:00,23.1
2025-06-12 00:34:00,49.9464552238806
2025-06-12 01:06:00,40.7
2025-06-12 21:33:00,24.0
2025-06-12 22:50:00,36.7
2025-06-12 21:46:00,12.3
2025-06-12 04:53:00,98.6
2025-06-12 10:46:00,94.3
2025-06-12 13:18:00,83.2
2025-06-12 17:18:00,55.2
2025-06-12 09:49:00,49.9464552238806
2025-06-12 03:21:00,92.8
2025-06-12 21:03:00,55.4
2025-06-12 19:17:00,76.7
2025-06-12 11:13:00,33.4
2025-06-12 07:37:00,96.3
2025-06-12 17:26:00,49.9464552238806
2025-06-12 23:02:00,12.0
2025-06-12 05:33:00,65.4
2025-06-12 12:36:00,74.8
2025-06-12 22:20:00,21.2
2025-06-12 03:38:00,43.3
2025-06-12 10:21:00,0.2
2025-06-12 22:46:00,49.9464552238806
2025-06-12 16:44:00,37.8
2025-06-12 14:16:00,50.9
2025-06-12 20:09:00,82.1
2025-06-12 20:19:00,49.9464552238806
2025-06-12 14:48:00,68.2
2025-06-12 09:34:00,39.6
2025-06-12 05:15:00,34.9
2025-06-12 13:01:00,64.8
2025-06-12 22:21:00,51.3
2025-06-12 17:57:00,0.9
2025-06-12 16:51:00,54.8
2025-06-12 21:47:00,56.0
2025-06-12 06:19:00,49.9464552238806
2025-06-12 09:44:00,76.8
2025-06-12 19:11:00,16.4
2025-06-12 10:39:00,11.3
2025-06-12 05:24:00,45.5
2025-06-12 13:43:00,22.2
2025-06-12 03:04:00,89.0
2025-06-12 22:41:00,4.4
2025-06-12 08:46:00,19.2
2025-06-12 05:20:00,2.6
2025-06-12 18:29:00,49.9464552238806
2025-06-12 12:38:00,19.7
2025-06-12 07:17:00,49.9464552238806
2025-06-12 15:12:00,2.1
2025-06-12 07:26:00,72.4
2025-06-12 09:31:00,11.9
2025-06-12 06:23:00,91.3
2025-06-12 15:16:00,70.5
2025-06-12 15:22:00,8.3
2025-06-12 08:41:00,18.1
2025-06-12 00:00:00,94.5
2025-06-12 02:37:00,49.1
2025-06-12 06:17:00,96.1
2025-06-12 03:24:00,13.1
2025-06-12 05:55:00,47.2
2025-06-12 17:29:00,94.8
2025-06-12 13:50:00,6.6
2025-06-12 07:23:00,68.3
2025-06-12 09:42:00,49.9464552238806
2025-06-12 14:26:00,17.7
2025-06-12 18:56:00,49.9464552238806
2025-06-12 04:32:00,49.9464552238806
2025-06-12 11:05:00,88.1
2025-06-12 19:30:00,2.0
2025-06-12 20:39:00,49.9464552238806
2025-06-12 17:03:00,36.3
2025-06-12 15:09:00,34.5
2025-06-12 19:29:00,46.2
2025-06-12 16:46:00,35.6
2025-06-12 02:21:00,49.9464552238806
2025-06-12 22:32:00,49.9464552238806
2025-06-12 05:02:00,11.2
2025-06-12 06:32:00,45.8
2025-06-12 16:31:00,78.2
2025-06-12 14:41:00,45.6
2025-06-12 19:53:00,49.9464552238806
2025-06-12 03:22:00,30.5
2025-06-12 06:40:00,19.3
2025-06-12 05:51:00,89.5
2025-06-12 18:25:00,49.9464552238806
2025-06-12 13:36:00,22.1
2025-06-12 01:47:00,67.1
2025-06-12 15:31:00,5.3
2025-06-12 10:44:00,25.7
2025-06-12 03:03:00,30.7
2025-06-12 07:09:00,52.7
2025-06-12 02:51:00,27.4
2025-06-12 17:40:00,8.3
2025-06-12 03:43:00,39.3
2025-06-12 02:42:00,68.9
2025-06-12 15:47:00,99.1
2025-06-12 21:38:00,57.6
2025-06-12 17:17:00,85.6
2025-06-12 18:44:00,55.3
2025-06-12 15:41:00,49.9464552238806
2025-06-12 17:48:00,11.4
2025-06-12 15:21:00,49.9464552238806
2025-06-12 17:04:00,78.2
2025-06-12 07:39:00,99.0
2025-06-12 02:59:00,1.5
2025-06-12 15:30:00,49.9464552238806
2025-06-12 14:21:00,15.7
2025-06-12 23:11:00,57.4
2025-06-12 16:42:00,98.2
2025-06-12 22:05:00,49.742524640779
2025-06-12 21:26:00,96.1
2025-06-12 11:03:00,64.5
2025-06-12 16:48:00,66.8
2025-06-12 16:47:00,11.5
2025-06-12 03:35:00,49.742524640779
2025-06-12 23:37:00,12.5
2025-06-12 16:50:00,32.2
2025-06-12 11:27:00,21.7
2025-06-12 23:49:00,78.2
2025-06-12 02:53:00,40.1
2025-06-12 01:43:00,61.7
2025-06-12 07:47:00,70.7
2025-06-12 10:10:00,83.4
2025-06-12 03:26:00,10.0
2025-06-12 00:48:00,28.0
2025-06-12 02:12:00,24.4
2025-06-12 13:15:00,21.3
2025-06-12 09:07:00,49.742524640779
2025-06-12 01:09:00,49.742524640779
2025-06-12 13:28:00,68.2
2025-06-12 07:14:00,49.742524640779
2025-06-12 22:57:00,19.2
2025-06-12 14:32:00,70.4
2025-06-12 17:03:00,2.4
2025-06-12 13:44:00,26.9
2025-06-12 20:09:00,66.0
2025-06-12 09:27:00,42.6
2025-06-12 00:09:00,13.3
2025-06-12 08:10:00,81.9
2025-06-12 18:05:00,58.2
2025-06-12 18:38:00,14.3
2025-06-12 06:47:00,30.9
2025-06-12 13:57:00,86.2
2025-06-12 06:34:00,99.0
2025-06-12 21:58:00,84.8
2025-06-12 20:06:00,46.5
2025-06-12 00:04:00,35.3
2025-06-12 21:06:00,50.9
2025-06-12 12:55:00,49.2
2025-06-12 10:32:00,42.8
2025-06-12 13:47:00,65.5
2025-06-12 07:29:00,32.3
2025-06-12 18:51:00,50.7
2025-06-12 19:35:00,4.6
2025-06-12 10:11:00,54.0
2025-06-12 07:35:00,49.742524640779
2025-06-12 12:05:00,30.9
2025-06-12 13:21:00,49.742524640779
2025-06-12 05:08:00,12.2
2025-06-12 08:12:00,43.9
2025-06-12 02:00:00,12.2
2025-06-12 17:46:00,49.742524640779
2025-06-12 15:04:00,53.9
2025-06-12 10:21:00,92.8
2025-06-12 21:45:00,56.9
2025-06-12 16:39:00,0.7
2025-06-12 08:42:00,11.1
2025-06-12 00:44:00,22.5
2025-06-12 06:51:00,96.2
2025-06-12 16:43:00,33.3
2025-06-12 21:57:00,28.9
2025-06-12 08:19:00,49.742524640779
2025-06-12 04:23:00,99.9
2025-06-12 15:17:00,49.742524640779
2025-06-12 02:31:00,1.1
2025-06-12 20:16:00,8.2
2025-06-12 22:15:00,49.742524640779
2025-06-12 22:32:00,46.2
2025-06-12 13:01:00,53.4
2025-06-12 19:59:00,38.9
2025-06-12 09:35:00,74.5
2025-06-12 13:27:00,85.1
2025-06-12 10:29:00,42.4
2025-06-12 23:06:00,46.7
2025-06-12 23:08:00,15.4
2025-06-12 04:51:00,46.6
2025-06-12 22:35:00,49.742524640779
2025-06-12 16:05:00,6.8
2025-06-12 21:01:00,24.4
2025-06-12 01:30:00,50.1
2025-06-12 18:19:00,9.6
2025-06-12 03:41:00,67.7
2025-06-12 02:18:00,92.9
2025-06-12 05:32:00,24.0
2025-06-12 10:47:00,70.7
2025-06-12 10:41:00,28.0
2025-06-12 21:51:00,7.6
2025-06-12 09:09:00,31.9
2025-06-12 13:07:00,49.742524640779
2025-06-12 10:39:00,48.4
2025-06-12 10:53:00,39.0
2025-06-12 00:37:00,17.8
2025-06-12 07:27:00,49.742524640779
2025-06-12 17:24:00,61.6
2025-06-12 17:06:00,35.1
2025-06-12 07:11:00,92.2
2025-06-12 10:07:00,96.0
2025-06-12 19:44:00,78.4
2025-06-12 04:05:00,90.3
2025-06-12 13:17:00,88.6
2025-06-12 14:55:00,69.9
2025-06-12 17:57:00,17.7
2025-06-12 23:53:00,42.6
2025-06-12 17:13:00,60.2
2025-06-12 21:38:00,16.8
2025-06-12 03:05:00,26.6
2025-06-12 09:46:00,25.0
2025-06-12 13:23:00,40.1
2025-06-12 19:04:00,67.9
2025-06-12 12:53:00,2.8
2025-06-12 17:59:00,71.1
2025-06-12 22:33:00,20.8
2025-06-12 21:03:00,45.7
2025-06-12 02:08:00,49.742524640779
2025-06-12 11:59:00,10.5
2025-06-12 03:22:00,82.6
2025-06-12 19:52:00,38.1
2025-06-12 22:09:00,48.4
2025-06-12 14:03:00,87.8
2025-06-12 21:12:00,88.6
2025-06-12 11:36:00,2.4
2025-06-12 20:48:00,49.742524640779
2025-06-12 10:00:00,69.4
2025-06-12 16:21:00,66.7
2025-06-12 07:18:00,25.8
2025-06-12 16:37:00,53.0
2025-06-12 09:40:00,32.3
2025-06-12 19:46:00,49.742524640779
2025-06-12 13:18:00,54.2
2025-06-12 06:06:00,39.6
2025-06-12 15:21:00,80.4
2025-06-12 22:54:00,12.7
2025-06-12 05:27:00,7.8
2025-06-12 17:25:00,32.4
2025-06-12 03:24:00,46.1
2025-06-12 09:41:00,49.742524640779
2025-06-12 08:55:00,7.1
2025-06-12 15:33:00,5.5
2025-06-12 21:08:00,71.5
2025-06-12 06:07:00,6.4
2025-06-12 02:09:00,34.1
2025-06-12 12:11:00,55.6
2025-06-12 11:54:00,57.7
2025-06-12 17:35:00,48.0
2025-06-12 05:09:00,49.742524640779
2025-06-12 01:46:00,39.8
2025-06-12 18:22:00,95.2
2025-06-12 02:25:00,87.4
2025-06-12 03:47:00,68.1
2025-06-12 15:11:00,86.9
2025-06-12 08:39:00,50.8
2025-06-12 19:05:00,38.5
2025-06-12 14:48:00,85.0
2025-06-12 04:18:00,54.2
2025-06-12 04:35:00,20.0
2025-06-12 04:29:00,73.5
2025-06-12 11:42:00,19.0
2025-06-12 06:09:00,0.2
2025-06-12 07:37:00,27.2
2025-06-12 16:10:00,13.0
2025-06-12 13:08:00,76.0
2025-06-12 19:20:00,79.2
2025-06-12 08:54:00,82.1
2025-06-12 09:42:00,71.3
2025-06-12 20:29:00,12.3
2025-06-12 18:03:00,85.0
2025-06-12 08:18:00,14.8
2025-06-12 20:22:00,49.5
2025-06-12 05:53:00,31.3
2025-06-12 05:33:00,87.3
2025-06-12 23:33:00,53.0
2025-06-12 01:10:00,35.9
2025-06-12 14:21:00,78.9
2025-06-12 19:34:00,39.5
2025-06-12 03:44:00,21.3
2025-06-12 14:36:00,81.3
2025-06-12 12:35:00,57.0
2025-06-12 07:57:00,0.7
2025-06-12 13:46:00,49.742524640779
2025-06-12 13:39:00,52.1
2025-06-12 21:10:00,20.8
2025-06-12 10:23:00,61.7
2025-06-12 06:05:00,22.9
2025-06-12 18:01:00,49.742524640779
2025-06-12 13:04:00,29.1
2025-06-12 01:52:00,91.7
2025-06-12 21:43:00,35.6
2025-06-12 07:06:00,46.1
2025-06-12 10:03:00,49.742524640779
2025-06-12 09:44:00,70.5
2025-06-12 06:13:00,98.3
2025-06-12 11:40:00,13.3
2025-06-12 03:21:00,4.1
2025-06-12 20:27:00,69.0
2025-06-12 23:38:00,70.6
2025-06-12 05:56:00,49.742524640779
2025-06-12 17:00:00,99.3
2025-06-12 23:36:00,93.1
2025-06-12 07:08:00,95.6
2025-06-12 22:23:00,49.742524640779
2025-06-12 23:47:00,49.742524640779
2025-06-12 09:38:00,31.0
2025-06-12 19:19:00,49.742524640779
2025-06-12 03:53:00,45.5
2025-06-12 05:02:00,61.4
2025-06-12 22:18:00,32.1
2025-06-12 11:51:00,36.0
2025-06-12 08:27:00,44.4
2025-06-12 22:21:00,89.5
2025-06-12 03:33:00,89.5
2025-06-12 11:49:00,1.7
2025-06-12 20:51:00,75.3
2025-06-12 05:28:00,3.1
2025-06-12 16:34:00,25.2
2025-06-12 02:46:00,52.8
2025-06-12 23:01:00,49.742524640779
2025-06-12 05:04:00,42.0
2025-06-12 01:34:00,62.3
2025-06-12 14:39:00,69.2
2025-06-12 04:54:00,36.3
2025-06-12 13:38:00,47.4
2025-06-12 01:02:00,49.742524640779
2025-06-12 18:46:00,23.4
2025-06-12 16:35:00,59.1
2025-06-12 21:52:00,40.1
2025-06-12 22:37:00,49.742524640779
2025-06-12 19:36:00,1.1
2025-06-12 15:53:00,96.6
2025-06-12 08:46:00,56.4
2025-06-12 06:45:00,68.2
2025-06-12 00:41:00,53.9
2025-06-12 13:33:00,49.742524640779
2025-06-12 04:42:00,49.742524640779
2025-06-12 03:58:00,3.3
2025-06-12 19:40:00,1.0
2025-06-12 17:55:00,17.3
2025-06-12 23:25:00,49.742524640779
2025-06-12 08:11:00,57.3
2025-06-12 21:20:00,49.742524640779
2025-06-12 17:22:00,92.3
2025-06-12 22:14:00,5.0
2025-06-12 18:00:00,71.6
2025-06-12 15:29:00,29.4
2025-06-12 22:46:00,62.5
2025-06-12 15:35:00,8.8
2025-06-12 06:32:00,56.0
2025-06-12 14:12:00,90.0
2025-06-12 02:44:00,52.8
2025-06-12 16:36:00,37.9
2025-06-12 03:37:00,6.6
2025-06-12 09:47:00,48.0
2025-06-12 12:06:00,85.5
2025-06-12 08:41:00,30.3
2025-06-12 19:31:00,26.4
2025-06-12 18:12:00,49.742524640779
2025-06-12 05:43:00,49.742524640779
2025-06-12 17:49:00,49.0
2025-06-12 13:50:00,49.742524640779
2025-06-12 16:06:00,46.9
2025-06-12 21:04:00,67.9
2025-06-12 13:16:00,20.0
2025-06-12 17:27:00,53.0
2025-06-12 00:12:00,98.2
2025-06-12 13:22:00,71.7
2025-06-12 20:49:00,38.7
2025-06-12 15:31:00,70.0
2025-06-12 01:26:00,22.7
2025-06-12 06:40:00,61.1
2025-06-12 07:43:00,83.8
2025-06-12 08:56:00,41.0
2025-06-12 12:57:00,65.4
2025-06-12 20:08:00,76.2
2025-06-12 07:23:00,49.742524640779
2025-06-12 08:23:00,72.4
2025-06-12 03:14:00,24.5
2025-06-12 04:43:00,49.742524640779
2025-06-12 16:13:00,62.1
2025-06-12 01:22:00,88.6
2025-06-12 01:59:00,49.742524640779
2025-06-12 23:13:00,15.6
2025-06-12 20:31:00,11.9
2025-06-12 15:23:00,10.4
2025-06-12 02:58:00,7.6
2025-06-12 13:55:00,40.2
2025-06-12 11:34:00,49.742524640779
2025-06-12 05:57:00,68.9
2025-06-12 22:24:00,93.2
2025-06-12 02:39:00,60.7
2025-06-12 03:59:00,6.5
2025-06-12 12:12:00,74.4
2025-06-12 09:00:00,50.1
2025-06-12 19:00:00,49.742524640779
2025-06-12 18:17:00,7.2
2025-06-12 16:52:00,6.7
2025-06-12 00:19:00,96.6
2025-06-12 17:52:00,64.7
2025-06-12 01:28:00,97.8
2025-06-12 17:42:00,0.0
2025-06-12 19:57:00,13.2
2025-06-12 18:48:00,95.7
2025-06-12 18:20:00,50.09606761356967
2025-06-12 09:31:00,5.9
2025-06-12 11:35:00,50.09606761356967
2025-06-12 06:50:00,44.9
2025-06-12 15:28:00,77.9
2025-06-12 03:12:00,50.09606761356967
2025-06-12 09:00:00,47.7
2025-06-12 05:31:00,42.1
2025-06-12 20:11:00,21.5
2025-06-12 03:21:00,75.7
2025-06-12 06:02:00,1.8
2025-06-12 11:11:00,70.0
2025-06-12 08:41:00,70.6
2025-06-12 23:17:00,45.2
2025-06-12 21:38:00,19.9
2025-06-12 13:09:00,50.09606761356967
2025-06-12 12:36:00,50.09606761356967
2025-06-12 16:09:00,84.1
2025-06-12 12:29:00,17.0
2025-06-12 13:32:00,53.3
2025-06-12 08:08:00,59.5
2025-06-12 10:24:00,32.5
2025-06-12 01:20:00,42.6
2025-06-12 02:43:00,57.6
2025-06-12 15:38:00,42.5
2025-06-12 15:36:00,59.7
2025-06-12 10:04:00,38.0
2025-06-12 17:38:00,35.5
2025-06-12 16:39:00,70.6
2025-06-12 08:55:00,69.7
2025-06-12 15:41:00,70.6
2025-06-12 02:59:00,50.09606761356967
2025-06-12 23:22:00,3.7
2025-06-12 16:02:00,66.5
2025-06-12 09:15:00,49.9
2025-06-12 07:35:00,94.8
2025-06-12 03:51:00,60.8
2025-06-12 07:47:00,9.7
2025-06-12 21:14:00,50.09606761356967
2025-06-12 07:06:00,33.6
2025-06-12 23:41:00,80.7
2025-06-12 15:10:00,11.6
2025-06-12 11:49:00,86.0
2025-06-12 11:50:00,10.3
2025-06-12 16:06:00,29.6
2025-06-12 04:24:00,50.09606761356967
2025-06-12 00:23:00,34.5
2025-06-12 21:44:00,70.6
2025-06-12 20:52:00,64.7
2025-06-12 09:18:00,56.0
2025-06-12 07:04:00,7.5
2025-06-12 08:43:00,32.6
2025-06-12 22:52:00,38.0
2025-06-12 23:31:00,13.6
2025-06-12 14:46:00,31.7
2025-06-12 02:18:00,34.2
2025-06-12 12:05:00,17.9
2025-06-12 10:45:00,48.6
2025-06-12 00:31:00,50.09606761356967
2025-06-12 11:18:00,94.2
2025-06-12 21:42:00,38.4
2025-06-12 15:52:00,73.4
2025-06-12 18:18:00,74.9
2025-06-12 05:34:00,53.3
2025-06-12 00:16:00,34.7
2025-06-12 16:41:00,6.1
2025-06-12 06:48:00,83.0
2025-06-12 19:37:00,57.5
2025-06-12 01:34:00,29.2
2025-06-12 14:22:00,3.5
2025-06-12 08:49:00,21.9
2025-06-12 23:42:00,68.0
2025-06-12 17:17:00,18.7
2025-06-12 18:50:00,48.5
2025-06-12 05:23:00,94.3
2025-06-12 22:12:00,55.4
2025-06-12 20:16:00,50.09606761356967
2025-06-12 06:07:00,24.6
2025-06-12 13:00:00,29.0
2025-06-12 05:42:00,50.09606761356967
2025-06-12 09:49:00,99.0
2025-06-12 10:47:00,96.4
2025-06-12 05:18:00,47.6
2025-06-12 09:52:00,2.8
2025-06-12 03:15:00,91.5
2025-06-12 21:53:00,17.2
2025-06-12 10:48:00,19.2
2025-06-12 07:02:00,50.09606761356967
2025-06-12 05:48:00,37.6
2025-06-12 03:33:00,79.9
2025-06-12 14:55:00,13.1
2025-06-12 19:27:00,92.8
2025-06-12 10:57:00,80.2
2025-06-12 02:06:00,72.1
2025-06-12 23:55:00,97.2
2025-06-12 23:46:00,51.6
2025-06-12 17:59:00,50.09606761356967
2025-06-12 23:33:00,26.3
2025-06-12 00:46:00,50.09606761356967
2025-06-12 07:09:00,47.7
2025-06-12 16:46:00,60.6
2025-06-12 17:13:00,41.6
2025-06-12 20:43:00,19.0
2025-06-12 01:56:00,56.8
2025-06-12 21:04:00,26.1
2025-06-12 01:47:00,81.7
2025-06-12 07:53:00,24.3
2025-06-12 00:18:00,69.4
2025-06-12 00:24:00,85.0
2025-06-12 04:11:00,53.4
2025-06-12 15:18:00,32.9
2025-06-12 17:23:00,6.8
2025-06-12 18:23:00,59.7
2025-06-12 17:34:00,88.7
2025-06-12 17:31:00,70.9
2025-06-12 12:08:00,46.3
2025-06-12 15:34:00,68.7
2025-06-12 09:06:00,50.09606761356967
2025-06-12 03:22:00,3.1
2025-06-12 10:42:00,50.09606761356967
2025-06-12 04:03:00,57.4
2025-06-12 00:11:00,37.8
2025-06-12 05:17:00,50.09606761356967
2025-06-12 22:49:00,43.7
2025-06-12 19:35:00,5.0
2025-06-12 21:41:00,9.2
2025-06-12 02:46:00,38.9
2025-06-12 01:51:00,61.8
2025-06-12 13:03:00,23.7
2025-06-12 00:04:00,50.09606761356967
2025-06-12 14:18:00,26.6
2025-06-12 19:33:00,47.3
2025-06-12 04:27:00,50.09606761356967
2025-06-12 13:31:00,5.6
2025-06-12 09:10:00,63.6
2025-06-12 15:15:00,69.5
2025-06-12 19:17:00,50.09606761356967
2025-06-12 02:39:00,31.8
2025-06-12 14:43:00,6.0
2025-06-12 12:48:00,50.09606761356967
2025-06-12 19:40:00,79.5
2025-06-12 20:34:00,21.3
2025-06-12 12:24:00,70.7
2025-06-12 18:59:00,50.09606761356967
2025-06-12 10:46:00,71.8
2025-06-12 16:05:00,33.1
2025-06-12 17:00:00,14.8
2025-06-12 13:44:00,51.3
2025-06-12 19:51:00,54.5
2025-06-12 02:02:00,17.0
2025-06-12 19:11:00,27.3
2025-06-12 09:32:00,91.0
2025-06-12 01:19:00,77.8
2025-06-12 21:16:00,57.9
2025-06-12 19:14:00,63.6
2025-06-12 02:47:00,12.6
2025-06-12 00:33:00,24.5
2025-06-12 19:28:00,26.2
2025-06-12 06:49:00,50.09606761356967
2025-06-12 01:06:00,83.3
2025-06-12 10:30:00,44.9
2025-06-12 14:29:00,50.09606761356967
2025-06-12 22:50:00,69.2
2025-06-12 11:39:00,8.8
2025-06-12 04:43:00,35.2
2025-06-12 17:53:00,77.9
2025-06-12 19:31:00,59.4
2025-06-12 12:20:00,85.8
2025-06-12 07:48:00,30.0
2025-06-12 18:33:00,50.09606761356967
2025-06-12 09:21:00,96.6
2025-06-12 11:34:00,57.2
2025-06-12 23:11:00,29.4
2025-06-12 08:26:00,2.0
2025-06-12 04:48:00,18.8
2025-06-12 14:24:00,12.8
2025-06-12 17:06:00,80.8
2025-06-12 20:09:00,34.7
2025-06-12 21:35:00,31.1
2025-06-12 13:49:00,83.3
2025-06-12 20:55:00,24.7
2025-06-12 22:39:00,63.4
2025-06-12 21:43:00,59.8
2025-06-12 08:34:00,13.1
2025-06-12 01:14:00,50.2
2025-06-12 06:30:00,82.9
2025-06-12 13:20:00,50.09606761356967
2025-06-12 21:55:00,17.4
2025-06-12 19:38:00,47.5
2025-06-12 03:23:00,50.09606761356967
2025-06-12 02:55:00,3.3
2025-06-12 10:31:00,84.8
2025-06-12 05:08:00,29.9
2025-06-12 14:41:00,3.5
2025-06-12 11:58:00,38.9
2025-06-12 06:34:00,56.1
2025-06-12 02:29:00,46.9
2025-06-12 09:53:00,37.5
2025-06-12 03:42:00,2.1
2025-06-12 02:58:00,59.4
2025-06-12 09:20:00,50.09606761356967
2025-06-12 10:58:00,50.09606761356967
2025-06-12 02:11:00,51.4
2025-06-12 05:52:00,29.3
2025-06-12 18:53:00,75.1
2025-06-12 04:25:00,98.8
2025-06-12 06:38:00,92.6
2025-06-12 07:58:00,50.09606761356967
2025-06-12 12:04:00,38.3
2025-06-12 12:07:00,50.09606761356967
2025-06-12 00:09:00,15.9
2025-06-12 04:39:00,43.2
2025-06-12 04:36:00,25.4
2025-06-12 02:54:00,71.8
2025-06-12 00:48:00,69.5
2025-06-12 11:57:00,72.7
2025-06-12 22:23:00,76.9
2025-06-12 17:22:00,26.4
2025-06-12 05:19:00,15.3
2025-06-12 00:45:00,5.6
2025-06-12 05:35:00,45.3
2025-06-12 23:47:00,1.5
2025-06-12 00:38:00,51.9
2025-06-12 17:47:00,33.7
2025-06-12 18:49:00,1.7
2025-06-12 14:30:00,14.5
2025-06-12 18:03:00,83.9
2025-06-12 10:29:00,2.4
2025-06-12 16:55:00,25.6
2025-06-12 16:49:00,50.09606761356967
2025-06-12 05:02:00,35.8
2025-06-12 22:08:00,50.09606761356967
2025-06-12 19:54:00,14.2
2025-06-12 05:28:00,75.9
2025-06-12 18:24:00,30.4
2025-06-12 20:06:00,24.3
2025-06-12 02:56:00,72.1
2025-06-12 19:34:00,62.5
2025-06-12 08:21:00,8.0
2025-06-12 19:02:00,40.9
2025-06-12 23:43:00,79.9
2025-06-12 06:21:00,50.09606761356967
2025-06-12 12:10:00,70.4
2025-06-12 23:15:00,25.3
2025-06-12 19:49:00,82.1
2025-06-12 03:55:00,3.4
2025-06-12 07:51:00,4.1
2025-06-12 00:41:00,50.09606761356967
2025-06-12 22:31:00,10.5
2025-06-12 14:07:00,50.09606761356967
2025-06-12 06:45:00,98.5
2025-06-12 23:02:00,85.3
2025-06-12 10:17:00,60.4
2025-06-12 00:34:00,51.4
2025-06-12 18:36:00,83.9
2025-06-12 02:36:00,38.8
2025-06-12 06:43:00,70.5
2025-06-12 21:09:00,97.4
2025-06-12 19:47:00,16.7
2025-06-12 06:31:00,2.2
2025-06-12 17:16:00,62.9
2025-06-12 21:56:00,60.2
2025-06-12 01:07:00,50.09606761356967
2025-06-12 09:16:00,57.8
2025-06-12 17:21:00,50.09606761356967
2025-06-12 20:42:00,80.2
2025-06-12 13:18:00,93.2
2025-06-12 07:39:00,50.09606761356967
2025-06-12 17:12:00,50.09606761356967
2025-06-12 05:33:00,78.6
2025-06-12 12:42:00,10.8
2025-06-12 14:06:00,50.09606761356967
2025-06-12 18:31:00,74.4
2025-06-12 15:08:00,25.5
2025-06-12 11:52:00,98.7
2025-06-12 18:11:00,50.09606761356967
2025-06-12 02:51:00,89.6
2025-06-12 15:17:00,92.7
2025-06-12 12:17:00,4.0
2025-06-12 16:53:00,50.09606761356967
2025-06-12 17:19:00,33.0
2025-06-12 16:48:00,78.2
2025-06-12 16:30:00,37.3
2025-06-12 01:01:00,92.6
2025-06-12 06:18:00,35.7
2025-06-12 18:48:00,33.3
2025-06-12 11:48:00,32.1
2025-06-12 22:32:00,17.7
2025-06-12 20:05:00,39.6
2025-06-12 16:26:00,6.3
2025-06-12 17:40:00,22.0
2025-06-12 09:42:00,10.1
2025-06-12 08:05:00,50.09606761356967
2025-06-12 15:04:00,11.1
2025-06-12 15:27:00,74.9
2025-06-12 08:39:00,49.952608030142464
2025-06-12 03:18:00,52.6
2025-06-12 01:15:00,83.6
2025-06-12 08:07:00,7.2
2025-06-12 09:25:00,22.0
2025-06-12 15:34:00,11.1
2025-06-12 13:16:00,91.6
2025-06-12 11:07:00,69.7
2025-06-12 19:58:00,24.3
2025-06-12 15:07:00,24.5
2025-06-12 15:29:00,60.7
2025-06-12 06:33:00,49.952608030142464
2025-06-12 15:50:00,49.952608030142464
2025-06-12 02:47:00,20.4
2025-06-12 12:32:00,98.3
2025-06-12 22:53:00,86.9
2025-06-12 09:15:00,42.9
2025-06-12 06:42:00,60.5
2025-06-12 02:01:00,76.6
2025-06-12 00:44:00,56.1
2025-06-12 09:11:00,20.9
2025-06-12 20:20:00,17.4
2025-06-12 13:21:00,49.952608030142464
2025-06-12 02:23:00,47.8
2025-06-12 07:25:00,49.952608030142464
2025-06-12 19:05:00,11.9
2025-06-12 16:25:00,66.8
2025-06-12 17:12:00,9.3
2025-06-12 03:11:00,42.1
2025-06-12 23:05:00,49.952608030142464
2025-06-12 13:04:00,65.9
2025-06-12 14:41:00,35.0
2025-06-12 15:06:00,95.5
2025-06-12 00:03:00,72.7
2025-06-12 20:02:00,60.8
2025-06-12 20:04:00,54.7
2025-06-12 14:22:00,49.952608030142464
2025-06-12 05:44:00,10.0
2025-06-12 09:46:00,27.4
2025-06-12 09:52:00,67.6
2025-06-12 05:58:00,86.9
2025-06-12 18:42:00,49.952608030142464
2025-06-12 12:39:00,19.2
2025-06-12 12:20:00,51.9
2025-06-12 03:23:00,39.9
2025-06-12 22:03:00,99.1
2025-06-12 05:14:00,49.952608030142464
2025-06-12 20:46:00,16.7
2025-06-12 07:31:00,49.952608030142464
2025-06-12 18:20:00,22.7
2025-06-12 05:17:00,52.2
2025-06-12 12:22:00,49.952608030142464
2025-06-12 11:21:00,49.952608030142464
2025-06-12 18:13:00,62.9
2025-06-12 17:50:00,14.5
2025-06-12 12:49:00,60.3
2025-06-12 19:32:00,61.5
2025-06-12 05:43:00,56.2
2025-06-12 23:28:00,92.7
2025-06-12 23:44:00,75.2
2025-06-12 19:33:00,49.952608030142464
2025-06-12 10:19:00,8.8
2025-06-12 10:56:00,59.8
2025-06-12 07:20:00,94.6
2025-06-12 04:46:00,66.2
2025-06-12 01:22:00,87.2
2025-06-12 09:30:00,5.8
2025-06-12 10:38:00,47.1
2025-06-12 06:31:00,15.1
2025-06-12 19:44:00,22.7
2025-06-12 07:02:00,15.9
2025-06-12 22:19:00,34.8
2025-06-12 08:05:00,69.0
2025-06-12 03:42:00,36.5
2025-06-12 12:45:00,51.3
2025-06-12 07:23:00,91.4
2025-06-12 22:37:00,33.9
2025-06-12 11:31:00,30.0
2025-06-12 06:59:00,10.1
2025-06-12 16:33:00,27.3
2025-06-12 01:40:00,12.7
2025-06-12 18:34:00,81.8
2025-06-12 04:36:00,60.3
2025-06-12 19:00:00,46.0
2025-06-12 13:57:00,59.3
2025-06-12 02:26:00,30.0
2025-06-12 08:56:00,85.3
2025-06-12 10:57:00,65.9
2025-06-12 03:53:00,62.2
2025-06-12 18:55:00,49.952608030142464
2025-06-12 00:04:00,55.3
2025-06-12 16:46:00,24.7
2025-06-12 07:01:00,79.3
2025-06-12 18:15:00,62.2
2025-06-12 08:24:00,17.5
2025-06-12 00:38:00,29.3
2025-06-12 14:01:00,63.3
2025-06-12 10:40:00,26.6
2025-06-12 05:41:00,81.6
2025-06-12 08:13:00,55.9
2025-06-12 06:57:00,95.9
2025-06-12 02:07:00,16.9
2025-06-12 21:24:00,78.1
2025-06-12 13:37:00,32.5
2025-06-12 19:36:00,9.6
2025-06-12 22:20:00,13.8
2025-06-12 15:24:00,49.952608030142464
2025-06-12 09:10:00,87.9
2025-06-12 04:27:00,39.5
2025-06-12 18:36:00,94.1
2025-06-12 14:21:00,62.8
2025-06-12 05:53:00,92.5
2025-06-12 22:47:00,8.5
2025-06-12 14:12:00,77.3
2025-06-12 10:41:00,49.952608030142464
2025-06-12 21:13:00,48.5
2025-06-12 22:46:00,55.5
2025-06-12 19:31:00,76.2
2025-06-12 15:21:00,22.1
2025-06-12 04:26:00,86.0
2025-06-12 09:20:00,54.5
2025-06-12 23:13:00,19.3
2025-06-12 20:47:00,30.5
2025-06-12 09:43:00,24.2
2025-06-12 19:04:00,19.2
2025-06-12 02:36:00,67.2
2025-06-12 08:00:00,85.1
2025-06-12 01:13:00,83.0
2025-06-12 08:51:00,47.0
2025-06-12 10:29:00,26.0
2025-06-12 14:46:00,49.952608030142464
2025-06-12 04:03:00,76.6
2025-06-12 17:00:00,49.952608030142464
2025-06-12 22:27:00,54.7
2025-06-12 03:57:00,31.0
2025-06-12 15:15:00,23.2
2025-06-12 11:34:00,54.5
2025-06-12 02:03:00,20.2
2025-06-12 00:24:00,86.2
2025-06-12 07:00:00,13.0
2025-06-12 08:42:00,49.952608030142464
2025-06-12 02:16:00,9.6
2025-06-12 05:39:00,13.8
2025-06-12 22:42:00,41.6
2025-06-12 18:22:00,88.3
2025-06-12 14:25:00,55.2
2025-06-12 01:18:00,10.6
2025-06-12 04:57:00,92.2
2025-06-12 08:25:00,24.7
2025-06-12 22:59:00,84.6
2025-06-12 05:47:00,7.3
2025-06-12 03:43:00,71.9
2025-06-12 01:02:00,32.1
2025-06-12 23:29:00,32.8
2025-06-12 19:55:00,79.2
2025-06-12 06:18:00,36.4
2025-06-12 17:27:00,96.9
2025-06-12 18:49:00,23.5
2025-06-12 01:36:00,66.1
2025-06-12 15:00:00,15.7
2025-06-12 22:14:00,65.3
2025-06-12 17:54:00,51.9
2025-06-12 18:03:00,68.3
2025-06-12 13:54:00,84.6
2025-06-12 17:35:00,57.9
2025-06-12 17:56:00,15.1
2025-06-12 09:19:00,89.9
2025-06-12 18:08:00,0.9
2025-06-12 18:23:00,3.6
2025-06-12 06:03:00,27.9
2025-06-12 04:50:00,92.1
2025-06-12 19:46:00,1.5
2025-06-12 01:31:00,9.7
2025-06-12 14:17:00,49.952608030142464
2025-06-12 22:40:00,38.0
2025-06-12 04:59:00,69.6
2025-06-12 10:33:00,50.7
2025-06-12 02:45:00,79.3
2025-06-12 04:09:00,93.0
2025-06-12 18:28:00,85.0
2025-06-12 04:30:00,91.7
2025-06-12 20:56:00,82.8
2025-06-12 04:40:00,59.7
2025-06-12 22:45:00,49.952608030142464
2025-06-12 18:46:00,35.0
2025-06-12 18:37:00,58.3
2025-06-12 15:36:00,49.952608030142464
2025-06-12 21:54:00,27.3
2025-06-12 15:14:00,95.1
2025-06-12 09:57:00,83.7
2025-06-12 03:00:00,49.952608030142464
2025-06-12 00:29:00,49.952608030142464
2025-06-12 04:51:00,17.1
2025-06-12 11:44:00,69.0
2025-06-12 11:18:00,58.4
2025-06-12 03:25:00,42.2
2025-06-12 07:41:00,94.8
2025-06-12 22:28:00,66.8
2025-06-12 02:11:00,49.952608030142464
2025-06-12 21:05:00,0.6
2025-06-12 20:36:00,88.9
2025-06-12 17:39:00,87.2
2025-06-12 02:54:00,70.2
2025-06-12 16:29:00,49.952608030142464
2025-06-12 00:58:00,49.952608030142464
2025-06-12 02:08:00,85.1
2025-06-12 19:03:00,48.6
2025-06-12 11:58:00,49.952608030142464
2025-06-12 02:24:00,77.3
2025-06-12 18:59:00,34.5
2025-06-12 15:03:00,88.3
2025-06-12 22:57:00,76.2
2025-06-12 00:05:00,49.952608030142464
2025-06-12 15:44:00,35.7
2025-06-12 11:20:00,25.2
2025-06-12 18:53:00,27.9
2025-06-12 19:47:00,34.1
2025-06-12 12:51:00,27.8
2025-06-12 02:04:00,49.952608030142464
2025-06-12 08:52:00,99.3
2025-06-12 18:27:00,5.0
2025-06-12 22:16:00,49.952608030142464
2025-06-12 20:52:00,49.952608030142464
2025-06-12 01:09:00,87.0
2025-06-12 16:54:00,50.8
2025-06-12 18:39:00,21.5
2025-06-12 22:33:00,42.4
2025-06-12 04:14:00,27.9
2025-06-12 17:01:00,49.952608030142464
2025-06-12 10:05:00,38.2
2025-06-12 19:43:00,49.952608030142464
2025-06-12 02:12:00,4.7
2025-06-12 02:41:00,49.952608030142464
2025-06-12 21:38:00,49.952608030142464
2025-06-12 11:47:00,49.952608030142464
2025-06-12 21:57:00,22.1
2025-06-12 21:09:00,15.5
2025-06-12 08:17:00,6.9
2025-06-12 13:51:00,34.8
2025-06-12 10:32:00,84.7
2025-06-12 16:53:00,95.5
2025-06-12 02:37:00,79.5
2025-06-12 01:30:00,70.2
2025-06-12 15:02:00,0.7
2025-06-12 07:28:00,5.4
2025-06-12 20:35:00,9.6
2025-06-12 05:26:00,10.3
2025-06-12 05:31:00,12.0
2025-06-12 16:07:00,77.6
2025-06-12 04:48:00,10.5
2025-06-12 09:05:00,76.1
2025-06-12 16:24:00,49.952608030142464
2025-06-12 18:56:00,27.2
2025-06-12 10:39:00,85.9
2025-06-12 15:35:00,24.9
2025-06-12 21:25:00,85.1
2025-06-12 00:16:00,5.9
2025-06-12 12:30:00,45.7
2025-06-12 20:19:00,88.0
2025-06-12 12:13:00,49.952608030142464
2025-06-12 17:51:00,84.3
2025-06-12 18:07:00,21.5
2025-06-12 18:48:00,14.2
2025-06-12 20:33:00,3.7
2025-06-12 06:56:00,79.6
2025-06-12 08:22:00,18.7
2025-06-12 02:48:00,20.6
2025-06-12 03:32:00,28.4
2025-06-12 21:18:00,49.952608030142464
2025-06-12 08:14:00,12.2
2025-06-12 03:07:00,47.7
2025-06-12 14:08:00,77.6
2025-06-12 03:52:00,28.1
2025-06-12 03:10:00,61.4
2025-06-12 00:07:00,82.0
2025-06-12 15:39:00,32.9
2025-06-12 09:37:00,97.9
2025-06-12 18:13:00,29.2
2025-06-12 06:41:00,50.21640523646657
2025-06-12 21:30:00,27.3
2025-06-12 16:21:00,50.21640523646657
2025-06-12 17:38:00,50.21640523646657
2025-06-12 17:00:00,40.3
2025-06-12 02:53:00,93.0
2025-06-12 14:21:00,82.4
2025-06-12 05:45:00,29.4
2025-06-12 18:41:00,59.0
2025-06-12 02:41:00,8.2
2025-06-12 19:55:00,64.1
2025-06-12 00:51:00,93.0
2025-06-12 06:36:00,90.5
2025-06-12 21:20:00,26.0
2025-06-12 15:23:00,76.1
2025-06-12 16:55:00,78.8
2025-06-12 21:42:00,69.5
2025-06-12 15:24:00,18.9
2025-06-12 00:19:00,38.3
2025-06-12 15:47:00,7.8
2025-06-12 13:26:00,55.6
2025-06-12 22:17:00,66.5
2025-06-12 04:26:00,18.8
2025-06-12 00:22:00,91.0
2025-06-12 18:10:00,93.6
2025-06-12 22:14:00,50.21640523646657
2025-06-12 15:50:00,50.21640523646657
2025-06-12 21:34:00,92.1
2025-06-12 21:37:00,97.7
2025-06-12 01:38:00,1.4
2025-06-12 01:51:00,36.8
2025-06-12 18:21:00,16.4
2025-06-12 04:32:00,50.21640523646657
2025-06-12 21:55:00,82.9
2025-06-12 04:27:00,76.5
2025-06-12 00:58:00,34.2
2025-06-12 20:08:00,94.4
2025-06-12 20:11:00,50.21640523646657
2025-06-12 10:52:00,80.4
2025-06-12 09:55:00,50.21640523646657
2025-06-12 03:00:00,97.9
2025-06-12 13:29:00,86.4
2025-06-12 00:38:00,76.4
2025-06-12 10:04:00,50.21640523646657
2025-06-12 23:37:00,99.2
2025-06-12 18:39:00,68.1
2025-06-12 20:52:00,4.6
2025-06-12 02:12:00,36.9
2025-06-12 14:03:00,50.21640523646657
2025-06-12 11:03:00,77.8
2025-06-12 08:17:00,11.2
2025-06-12 19:42:00,91.1
2025-06-12 14:37:00,9.6
2025-06-12 13:35:00,50.21640523646657
2025-06-12 06:20:00,26.5
2025-06-12 23:09:00,44.6
2025-06-12 05:23:00,34.4
2025-06-12 03:08:00,36.1
2025-06-12 11:11:00,50.21640523646657
2025-06-12 23:30:00,40.3
2025-06-12 07:41:00,19.0
2025-06-12 15:38:00,52.7
2025-06-12 00:31:00,66.7
2025-06-12 14:33:00,83.1
2025-06-12 03:07:00,16.8
2025-06-12 12:40:00,41.1
2025-06-12 12:20:00,50.21640523646657
2025-06-12 22:13:00,17.1
2025-06-12 08:07:00,55.2
2025-06-12 14:25:00,9.4
2025-06-12 03:19:00,50.21640523646657
2025-06-12 01:02:00,50.21640523646657
2025-06-12 01:10:00,26.8
2025-06-12 11:36:00,50.21640523646657
2025-06-12 23:16:00,70.2
2025-06-12 23:32:00,60.0
2025-06-12 00:03:00,64.0
2025-06-12 00:27:00,31.5
2025-06-12 06:08:00,75.9
2025-06-12 22:53:00,71.5
2025-06-12 09:42:00,92.7
2025-06-12 10:29:00,35.2
2025-06-12 08:24:00,40.8
2025-06-12 22:18:00,46.6
2025-06-12 05:12:00,81.1
2025-06-12 03:14:00,75.1
2025-06-12 23:17:00,50.21640523646657
2025-06-12 21:41:00,50.21640523646657
2025-06-12 11:58:00,50.21640523646657
2025-06-12 19:00:00,54.8
2025-06-12 11:12:00,30.2
2025-06-12 13:36:00,18.8
2025-06-12 18:12:00,13.4
2025-06-12 03:39:00,50.21640523646657
2025-06-12 12:21:00,51.6
2025-06-12 06:59:00,11.9
2025-06-12 06:21:00,30.9
2025-06-12 03:18:00,97.4
2025-06-12 17:18:00,81.8
2025-06-12 19:16:00,70.3
2025-06-12 21:24:00,98.3
2025-06-12 22:51:00,24.6
2025-06-12 10:55:00,30.8
2025-06-12 19:03:00,57.0
2025-06-12 02:03:00,40.0
2025-06-12 16:41:00,30.6
2025-06-12 01:20:00,21.5
2025-06-12 05:14:00,90.3
2025-06-12 13:12:00,23.5
2025-06-12 19:39:00,72.9
2025-06-12 06:28:00,50.21640523646657
2025-06-12 15:54:00,44.3
2025-06-12 16:17:00,60.4
2025-06-12 19:23:00,0.1
2025-06-12 19:25:00,28.9
2025-06-12 16:43:00,50.21640523646657
2025-06-12 11:49:00,36.1
2025-06-12 09:50:00,50.21640523646657
2025-06-12 00:33:00,68.0
2025-06-12 05:09:00,50.21640523646657
2025-06-12 16:48:00,36.0
2025-06-12 18:52:00,97.5
2025-06-12 08:28:00,76.1
2025-06-12 08:09:00,14.6
2025-06-12 11:13:00,10.1
2025-06-12 13:51:00,11.9
2025-06-12 16:53:00,91.6
2025-06-12 01:59:00,56.1
2025-06-12 03:09:00,67.4
2025-06-12 07:36:00,50.21640523646657
2025-06-12 14:12:00,47.6
2025-06-12 11:33:00,12.8
2025-06-12 07:01:00,50.21640523646657
2025-06-12 17:01:00,84.1
2025-06-12 00:05:00,50.21640523646657
2025-06-12 20:21:00,81.4
2025-06-12 08:46:00,94.7
2025-06-12 10:36:00,50.21640523646657
2025-06-12 04:52:00,50.21640523646657
2025-06-12 14:48:00,71.5
2025-06-12 02:17:00,89.6
2025-06-12 16:37:00,51.8
2025-06-12 12:54:00,63.7
2025-06-12 12:04:00,50.21640523646657
2025-06-12 06:46:00,82.2
2025-06-12 13:33:00,59.0
2025-06-12 21:48:00,33.4
2025-06-12 16:27:00,76.2
2025-06-12 03:41:00,27.6
2025-06-12 17:09:00,88.9
2025-06-12 21:18:00,37.4
2025-06-12 16:22:00,61.0
2025-06-12 06:56:00,40.9
2025-06-12 00:30:00,2.6
2025-06-12 14:36:00,82.3
2025-06-12 23:36:00,79.7
2025-06-12 21:16:00,26.5
2025-06-12 08:58:00,50.21640523646657
2025-06-12 22:41:00,58.8
2025-06-12 07:07:00,60.3
2025-06-12 19:11:00,65.2
2025-06-12 06:13:00,50.21640523646657
2025-06-12 03:13:00,24.0
2025-06-12 16:26:00,67.6
2025-06-12 17:46:00,9.4
2025-06-12 04:17:00,22.8
2025-06-12 01:21:00,45.0
2025-06-12 11:07:00,2.1
2025-06-12 01:45:00,42.1
2025-06-12 07:48:00,7.3
2025-06-12 01:32:00,50.21640523646657
2025-06-12 20:31:00,17.7
2025-06-12 05:32:00,13.6
2025-06-12 15:44:00,50.6
2025-06-12 23:27:00,62.6
2025-06-12 09:03:00,97.6
2025-06-12 21:44:00,75.4
2025-06-12 05:44:00,83.1
2025-06-12 02:02:00,96.9
2025-06-12 22:26:00,6.0
2025-06-12 17:58:00,5.8
2025-06-12 03:55:00,24.5
2025-06-12 10:47:00,50.21640523646657
2025-06-12 17:45:00,50.21640523646657
2025-06-12 19:50:00,50.21640523646657
2025-06-12 04:11:00,87.0
2025-06-12 19:35:00,64.1
2025-06-12 09:14:00,38.3
2025-06-12 06:57:00,46.0
2025-06-12 12:24:00,3.6
2025-06-12 05:58:00,24.2
2025-06-12 02:00:00,34.7
2025-06-12 21:52:00,48.9
2025-06-12 15:22:00,72.1
2025-06-12 19:45:00,16.0
2025-06-12 07:57:00,64.3
2025-06-12 08:05:00,78.1
2025-06-12 09:01:00,50.21640523646657
2025-06-12 12:46:00,54.4
2025-06-12 15:30:00,11.4
2025-06-12 18:08:00,85.2
2025-06-12 01:37:00,46.6
2025-06-12 03:35:00,60.1
2025-06-12 09:02:00,18.6
2025-06-12 01:35:00,70.8
2025-06-12 02:52:00,5.4
2025-06-12 23:19:00,31.5
2025-06-12 20:59:00,58.1
2025-06-12 19:36:00,42.8
2025-06-12 01:07:00,46.9
2025-06-12 17:24:00,3.7
2025-06-12 10:31:00,9.8
2025-06-12 05:02:00,98.3
2025-06-12 21:49:00,12.0
2025-06-12 15:29:00,81.3
2025-06-12 03:24:00,97.6
2025-06-12 07:16:00,22.4
2025-06-12 14:34:00,31.6
2025-06-12 19:01:00,50.21640523646657
2025-06-12 21:21:00,76.2
2025-06-12 15:10:00,4.5
2025-06-12 15:59:00,63.9
2025-06-12 13:19:00,41.1
2025-06-12 13:41:00,40.1
2025-06-12 07:09:00,50.21640523646657
2025-06-12 03:56:00,90.4
2025-06-12 02:45:00,99.2
2025-06-12 07:46:00,50.21640523646657
2025-06-12 08:29:00,50.21640523646657
2025-06-12 23:08:00,78.6
2025-06-12 16:09:00,85.4
2025-06-12 11:16:00,32.4
2025-06-12 04:48:00,50.21640523646657
2025-06-12 09:48:00,28.0
2025-06-12 03:21:00,55.7
2025-06-12 04:25:00,50.21640523646657
2025-06-12 07:03:00,93.4
2025-06-12 21:22:00,86.8
2025-06-12 09:13:00,96.3
2025-06-12 16:56:00,30.3
2025-06-12 21:59:00,19.1
2025-06-12 22:09:00,50.21640523646657
2025-06-12 22:23:00,77.9
2025-06-12 12:06:00,50.21640523646657
2025-06-12 07:28:00,25.0
2025-06-12 13:52:00,80.2
2025-06-12 00:52:00,32.2
2025-06-12 22:42:00,54.1
2025-06-12 17:20:00,3.4
2025-06-12 17:56:00,51.7
2025-06-12 08:12:00,50.21640523646657
2025-06-12 21:15:00,91.0
2025-06-12 09:52:00,19.6
2025-06-12 23:41:00,50.9
2025-06-12 05:10:00,87.8
2025-06-12 00:44:00,50.21640523646657
2025-06-12 12:48:00,60.1
2025-06-12 11:56:00,34.5
2025-06-12 12:01:00,70.1
2025-06-12 20:51:00,54.3
2025-06-12 08:59:00,61.1
2025-06-12 20:46:00,71.7
2025-06-12 14:13:00,46.5
2025-06-12 17:22:00,92.7
2025-06-12 09:33:00,81.4
2025-06-12 17:53:00,76.0
2025-06-12 17:39:00,92.6
2025-06-12 20:24:00,40.5
2025-06-12 19:59:00,79.2
2025-06-12 23:42:00,45.0
2025-06-12 18:16:00,17.0
2025-06-12 01:52:00,42.6
2025-06-12 10:23:00,42.7
2025-06-12 06:23:00,21.0
2025-06-12 06:12:00,56.1
2025-06-12 19:51:00,50.21640523646657
2025-06-12 22:44:00,50.21640523646657
2025-06-12 04:33:00,46.2
2025-06-12 18:47:00,91.5
2025-06-12 23:52:00,34.9
2025-06-12 00:35:00,90.2
2025-06-12 16:24:00,28.1
2025-06-12 02:56:00,22.1
2025-06-12 01:47:00,13.3
2025-06-12 01:26:00,92.2
2025-06-12 10:01:00,66.6
2025-06-12 18:56:00,4.9
2025-06-12 18:38:00,62.5
2025-06-12 10:11:00,39.0
2025-06-12 13:39:00,50.21640523646657
2025-06-12 00:40:00,14.7
2025-06-12 15:27:00,56.6
2025-06-12 22:00:00,66.8
2025-06-12 09:36:00,92.5
2025-06-12 02:40:00,22.3
2025-06-12 06:49:00,61.0
2025-06-12 11:17:00,59.7
2025-06-12 23:18:00,32.0
2025-06-12 18:42:00,3.4
2025-06-12 09:45:00,63.7
2025-06-12 21:31:00,8.0
2025-06-12 02:22:00,90.9
2025-06-12 15:16:00,49.70408187272085
2025-06-12 21:16:00,98.2
2025-06-12 14:06:00,93.2
2025-06-12 08:28:00,77.3
2025-06-12 04:54:00,31.3
2025-06-12 02:49:00,19.7
2025-06-12 02:08:00,49.70408187272085
2025-06-12 00:32:00,22.6
2025-06-12 04:47:00,80.3
2025-06-12 13:18:00,44.9
2025-06-12 15:06:00,79.1
2025-06-12 04:15:00,66.0
2025-06-12 23:13:00,72.8
2025-06-12 05:30:00,94.4
2025-06-12 13:56:00,80.3
2025-06-12 17:18:00,57.9
2025-06-12 10:58:00,56.4
2025-06-12 06:52:00,49.70408187272085
2025-06-12 16:32:00,49.9
2025-06-12 22:23:00,97.5
2025-06-12 19:41:00,55.6
2025-06-12 21:41:00,49.70408187272085
2025-06-12 10:55:00,3.9
2025-06-12 14:40:00,46.0
2025-06-12 18:35:00,8.8
2025-06-12 14:10:00,77.6
2025-06-12 20:28:00,58.3
2025-06-12 11:02:00,72.7
2025-06-12 03:31:00,64.3
2025-06-12 07:37:00,49.70408187272085
2025-06-12 23:02:00,10.4
2025-06-12 08:04:00,75.1
2025-06-12 10:51:00,70.3
2025-06-12 21:18:00,9.5
2025-06-12 15:48:00,60.5
2025-06-12 10:26:00,49.70408187272085
2025-06-12 19:24:00,97.1
2025-06-12 20:58:00,49.70408187272085
2025-06-12 21:56:00,43.9
2025-06-12 20:21:00,32.1
2025-06-12 03:42:00,31.1
2025-06-12 15:10:00,29.0
2025-06-12 21:22:00,32.2
2025-06-12 03:06:00,49.70408187272085
2025-06-12 04:00:00,4.4
2025-06-12 08:37:00,20.5
2025-06-12 12:57:00,51.7
2025-06-12 19:53:00,24.5
2025-06-12 03:50:00,56.0
2025-06-12 04:56:00,9.8
2025-06-12 05:53:00,76.7
2025-06-12 19:29:00,49.3
2025-06-12 16:24:00,82.9
2025-06-12 09:39:00,92.2
2025-06-12 10:41:00,49.70408187272085
2025-06-12 05:19:00,46.1
2025-06-12 19:59:00,78.5
2025-06-12 14:12:00,49.70408187272085
2025-06-12 14:16:00,78.4
2025-06-12 02:40:00,49.70408187272085
2025-06-12 00:46:00,56.2
2025-06-12 22:31:00,96.1
2025-06-12 05:08:00,19.7
2025-06-12 04:01:00,14.7
2025-06-12 15:30:00,36.8
2025-06-12 02:38:00,55.1
2025-06-12 20:17:00,96.1
2025-06-12 02:59:00,86.0
2025-06-12 09:46:00,94.7
2025-06-12 14:22:00,46.8
2025-06-12 01:07:00,50.0
2025-06-12 00:37:00,49.70408187272085
2025-06-12 12:53:00,10.3
2025-06-12 23:46:00,47.9
2025-06-12 13:05:00,0.6
2025-06-12 18:19:00,35.1
2025-06-12 04:57:00,22.2
2025-06-12 04:31:00,42.4
2025-06-12 20:25:00,73.7
2025-06-12 23:05:00,89.1
2025-06-12 07:12:00,71.3
2025-06-12 03:20:00,43.0
2025-06-12 18:00:00,91.4
2025-06-12 22:17:00,58.8
2025-06-12 14:43:00,49.70408187272085
2025-06-12 23:40:00,26.7
2025-06-12 05:54:00,8.3
2025-06-12 03:24:00,64.3
2025-06-12 17:29:00,49.70408187272085
2025-06-12 12:54:00,64.8
2025-06-12 13:22:00,49.70408187272085
2025-06-12 21:49:00,64.6
2025-06-12 06:05:00,65.6
2025-06-12 03:29:00,49.70408187272085
2025-06-12 23:21:00,49.70408187272085
2025-06-12 05:05:00,81.4
2025-06-12 23:25:00,27.7
2025-06-12 13:52:00,35.1
2025-06-12 06:40:00,61.2
2025-06-12 21:51:00,56.7
2025-06-12 17:22:00,47.0
2025-06-12 13:36:00,31.3
2025-06-12 21:29:00,28.8
2025-06-12 20:36:00,48.0
2025-06-12 12:16:00,3.0
2025-06-12 21:08:00,78.2
2025-06-12 12:50:00,81.0
2025-06-12 14:27:00,97.6
2025-06-12 04:40:00,77.5
2025-06-12 13:33:00,54.3
2025-06-12 20:07:00,17.5
2025-06-12 16:37:00,72.9
2025-06-12 18:32:00,88.4
2025-06-12 20:13:00,49.70408187272085
2025-06-12 00:56:00,0.5
2025-06-12 07:39:00,35.1
2025-06-12 03:16:00,56.8
2025-06-12 12:10:00,90.3
2025-06-12 22:56:00,49.70408187272085
2025-06-12 03:47:00,49.70408187272085
2025-06-12 20:01:00,23.8
2025-06-12 19:13:00,87.9
2025-06-12 06:41:00,49.70408187272085
2025-06-12 03:26:00,67.9
2025-06-12 22:48:00,50.6
2025-06-12 15:32:00,61.3
2025-06-12 08:15:00,74.5
2025-06-12 21:54:00,19.6
2025-06-12 04:14:00,91.0
2025-06-12 21:58:00,49.70408187272085
2025-06-12 23:35:00,49.70408187272085
2025-06-12 20:16:00,12.5
2025-06-12 03:59:00,19.3
2025-06-12 08:26:00,49.70408187272085
2025-06-12 03:12:00,47.3
2025-06-12 14:11:00,61.5
2025-06-12 13:04:00,5.3
2025-06-12 22:33:00,50.6
2025-06-12 01:05:00,82.6
2025-06-12 09:04:00,66.8
2025-06-12 12:52:00,49.70408187272085
2025-06-12 18:16:00,47.9
2025-06-12 03:44:00,63.8
2025-06-12 13:35:00,34.9
2025-06-12 15:23:00,86.2
2025-06-12 15:27:00,41.1
2025-06-12 02:03:00,0.8
2025-06-12 07:09:00,56.8
2025-06-12 10:09:00,31.1
2025-06-12 10:18:00,50.3
2025-06-12 06:21:00,96.0
2025-06-12 19:23:00,43.7
2025-06-12 15:29:00,49.70408187272085
2025-06-12 00:45:00,49.70408187272085
2025-06-12 04:48:00,24.9
2025-06-12 07:44:00,9.7
2025-06-12 05:52:00,31.8
2025-06-12 23:14:00,2.6
2025-06-12 04:24:00,49.70408187272085
2025-06-12 05:18:00,54.7
2025-06-12 05:07:00,76.4
2025-06-12 03:37:00,49.6
2025-06-12 13:47:00,63.6
2025-06-12 18:36:00,67.8
2025-06-12 06:29:00,56.0
2025-06-12 04:06:00,91.1
2025-06-12 03:49:00,61.9
2025-06-12 17:36:00,18.7
2025-06-12 00:59:00,77.3
2025-06-12 11:20:00,58.7
2025-06-12 07:11:00,29.1
2025-06-12 06:04:00,56.9
2025-06-12 22:18:00,13.5
2025-06-12 22:26:00,24.6
2025-06-12 01:58:00,49.70408187272085
2025-06-12 03:51:00,34.0
2025-06-12 22:44:00,2.6
2025-06-12 23:52:00,20.7
2025-06-12 05:09:00,1.9
2025-06-12 12:44:00,82.4
2025-06-12 01:53:00,10.7
2025-06-12 04:23:00,49.70408187272085
2025-06-12 05:33:00,61.2
2025-06-12 13:14:00,3.2
2025-06-12 22:50:00,49.70408187272085
2025-06-12 06:23:00,90.1
2025-06-12 07:21:00,4.5
2025-06-12 11:15:00,49.70408187272085
2025-06-12 20:48:00,19.9
2025-06-12 19:43:00,49.70408187272085
2025-06-12 07:50:00,25.2
2025-06-12 17:39:00,27.3
2025-06-12 06:22:00,16.6
2025-06-12 17:21:00,39.7
2025-06-12 06:31:00,34.8
2025-06-12 08:57:00,87.2
2025-06-12 20:20:00,49.70408187272085
2025-06-12 14:58:00,37.2
2025-06-12 16:14:00,34.2
2025-06-12 09:07:00,6.8
2025-06-12 06:59:00,88.6
2025-06-12 01:45:00,49.70408187272085
2025-06-12 17:25:00,33.1
2025-06-12 06:12:00,49.70408187272085
2025-06-12 12:40:00,70.5
2025-06-12 17:17:00,85.6
2025-06-12 18:51:00,13.3
2025-06-12 08:29:00,49.70408187272085
2025-06-12 08:16:00,26.0
2025-06-12 18:38:00,8.8
2025-06-12 12:34:00,42.8
2025-06-12 11:57:00,73.4
2025-06-12 10:21:00,60.0
2025-06-12 01:20:00,28.4
2025-06-12 00:03:00,89.4
2025-06-12 03:35:00,76.9
2025-06-12 18:15:00,58.6
2025-06-12 20:59:00,59.1
2025-06-12 17:52:00,22.7
2025-06-12 18:47:00,7.3
2025-06-12 02:54:00,33.2
2025-06-12 17:04:00,28.8
2025-06-12 17:43:00,49.70408187272085
2025-06-12 23:36:00,64.3
2025-06-12 05:14:00,14.8
2025-06-12 00:12:00,35.8
2025-06-12 00:14:00,49.70408187272085
2025-06-12 01:50:00,18.1
2025-06-12 03:25:00,19.0
2025-06-12 15:55:00,6.2
2025-06-12 11:51:00,10.1
2025-06-12 13:17:00,47.4
2025-06-12 04:35:00,53.5
2025-06-12 01:48:00,83.2
2025-06-12 11:44:00,16.9
2025-06-12 22:38:00,2.4
2025-06-12 12:00:00,27.3
2025-06-12 06:03:00,75.6
2025-06-12 19:15:00,49.70408187272085
2025-06-12 01:10:00,49.70408187272085
2025-06-12 16:01:00,13.1
2025-06-12 10:06:00,22.5
2025-06-12 13:29:00,40.6
2025-06-12 04:28:00,3.8
2025-06-12 17:45:00,51.3
2025-06-12 14:57:00,26.1
2025-06-12 21:26:00,7.9
2025-06-12 07:41:00,49.70408187272085
2025-06-12 16:38:00,79.6
2025-06-12 03:23:00,49.70408187272085
2025-06-12 15:34:00,4.9
2025-06-12 02:13:00,73.2
2025-06-12 18:25:00,0.2
2025-06-12 18:58:00,15.7
2025-06-12 09:55:00,85.3
2025-06-12 00:30:00,33.3
2025-06-12 04:43:00,55.9
2025-06-12 16:26:00,68.9
2025-06-12 12:36:00,87.1
2025-06-12 16:55:00,92.2
2025-06-12 22:08:00,92.3
2025-06-12 08:08:00,15.3
2025-06-12 06:01:00,94.4
2025-06-12 08:19:00,55.7
2025-06-12 18:43:00,69.1
2025-06-12 08:56:00,84.0
2025-06-12 08:48:00,91.0
2025-06-12 04:37:00,1.6
2025-06-12 04:30:00,55.7
2025-06-12 01:17:00,49.70408187272085
2025-06-12 06:57:00,88.9
2025-06-12 16:36:00,8.8
2025-06-12 00:40:00,56.4
2025-06-12 16:35:00,13.9
2025-06-12 22:21:00,23.8
2025-06-12 22:35:00,14.9
2025-06-12 04:51:00,39.6
2025-06-12 14:04:00,49.3
2025-06-12 16:16:00,49.70408187272085
2025-06-12 16:54:00,59.6
2025-06-12 17:31:00,4.2
2025-06-12 02:50:00,9.9
2025-06-12 13:39:00,49.70408187272085
2025-06-12 14:14:00,4.8
2025-06-12 08:32:00,59.4
2025-06-12 03:14:00,58.1
2025-06-12 17:35:00,50.4
2025-06-12 22:42:00,15.6
2025-06-12 18:37:00,6.2
2025-06-12 20:34:00,59.0
2025-06-12 22:40:00,38.4
2025-06-12 14:18:00,58.7
2025-06-12 08:41:00,85.8
2025-06-12 00:35:00,85.6
2025-06-12 09:40:00,15.3
2025-06-12 23:08:00,14.1
2025-06-12 07:05:00,32.2
2025-06-12 15:41:00,98.8
2025-06-12 22:03:00,62.3
2025-06-12 02:46:00,50.1110094970102
2025-06-12 16:43:00,50.1110094970102
2025-06-12 13:37:00,64.2
2025-06-12 19:28:00,50.1110094970102
2025-06-12 15:35:00,77.9
2025-06-12 08:56:00,83.3
2025-06-12 02:19:00,67.8
2025-06-12 01:07:00,17.3
2025-06-12 13:45:00,73.5
2025-06-12 09:56:00,85.6
2025-06-12 19:25:00,82.4
2025-06-12 04:16:00,24.0
2025-06-12 09:21:00,68.8
2025-06-12 19:13:00,9.4
2025-06-12 06:48:00,47.8
2025-06-12 09:04:00,50.1110094970102
2025-06-12 23:47:00,99.5
2025-06-12 09:07:00,52.3
2025-06-12 17:24:00,94.4
2025-06-12 14:16:00,81.0
2025-06-12 02:12:00,19.3
2025-06-12 19:54:00,3.5
2025-06-12 21:21:00,32.3
2025-06-12 07:37:00,50.1110094970102
2025-06-12 16:17:00,16.4
2025-06-12 11:11:00,68.0
2025-06-12 13:36:00,58.4
2025-06-12 22:42:00,92.1
2025-06-12 02:16:00,1.6
2025-06-12 09:53:00,80.8
2025-06-12 09:29:00,27.4
2025-06-12 21:54:00,99.2
2025-06-12 08:02:00,93.1
2025-06-12 01:53:00,94.2
2025-06-12 04:57:00,50.1110094970102
2025-06-12 14:47:00,50.1110094970102
2025-06-12 03:47:00,25.6
2025-06-12 10:31:00,87.9
2025-06-12 08:23:00,50.1110094970102
2025-06-12 21:32:00,47.1
2025-06-12 06:53:00,35.8
2025-06-12 08:58:00,40.1
2025-06-12 03:44:00,50.1110094970102
2025-06-12 23:22:00,41.0
2025-06-12 00:38:00,21.1
2025-06-12 20:53:00,99.1
2025-06-12 05:31:00,50.1110094970102
2025-06-12 04:04:00,34.8
2025-06-12 12:30:00,61.3
2025-06-12 08:53:00,35.0
2025-06-12 12:54:00,78.8
2025-06-12 12:06:00,18.2
2025-06-12 10:09:00,94.1
2025-06-12 16:31:00,12.2
2025-06-12 18:42:00,50.1110094970102
2025-06-12 01:47:00,50.1110094970102
2025-06-12 03:49:00,58.0
2025-06-12 19:31:00,59.0
2025-06-12 15:03:00,52.4
2025-06-12 20:19:00,86.4
2025-06-12 18:16:00,15.5
2025-06-12 12:29:00,4.5
2025-06-12 13:06:00,35.3
2025-06-12 23:02:00,50.1110094970102
2025-06-12 19:48:00,81.9
2025-06-12 14:39:00,92.1
2025-06-12 00:37:00,41.0
2025-06-12 00:40:00,41.6
2025-06-12 16:30:00,33.7
2025-06-12 06:06:00,50.1110094970102
2025-06-12 16:07:00,37.1
2025-06-12 15:55:00,21.8
2025-06-12 01:40:00,60.2
2025-06-12 18:41:00,74.0
2025-06-12 14:30:00,30.1
2025-06-12 12:43:00,50.1110094970102
2025-06-12 09:57:00,24.0
2025-06-12 11:00:00,26.0
2025-06-12 11:12:00,50.1110094970102
2025-06-12 02:37:00,78.5
2025-06-12 08:51:00,23.8
2025-06-12 14:35:00,93.8
2025-06-12 12:24:00,75.4
2025-06-12 06:34:00,62.4
2025-06-12 14:09:00,79.6
2025-06-12 23:13:00,50.1110094970102
2025-06-12 12:49:00,61.8
2025-06-12 13:04:00,85.7
2025-06-12 23:59:00,31.5
2025-06-12 00:11:00,95.6
2025-06-12 01:39:00,17.6
2025-06-12 01:10:00,14.7
2025-06-12 10:59:00,50.1110094970102
2025-06-12 09:08:00,74.0
2025-06-12 10:00:00,10.8
2025-06-12 10:14:00,17.9
2025-06-12 04:32:00,27.9
2025-06-12 09:02:00,81.6
2025-06-12 14:32:00,69.2
2025-06-12 08:59:00,60.8
2025-06-12 11:51:00,52.7
2025-06-12 09:41:00,76.2
2025-06-12 00:03:00,21.9
2025-06-12 05:02:00,11.0
2025-06-12 19:12:00,93.4
2025-06-12 14:04:00,50.1110094970102
2025-06-12 15:59:00,21.8
2025-06-12 09:24:00,84.0
2025-06-12 11:33:00,84.7
2025-06-12 03:46:00,62.5
2025-06-12 11:42:00,99.8
2025-06-12 00:13:00,13.4
2025-06-12 17:47:00,14.9
2025-06-12 11:52:00,29.7
2025-06-12 12:57:00,78.3
2025-06-12 15:18:00,94.4
2025-06-12 23:26:00,6.2
2025-06-12 07:08:00,90.3
2025-06-12 14:10:00,93.0
2025-06-12 13:55:00,31.4
2025-06-12 17:46:00,15.6
2025-06-12 11:39:00,50.1110094970102
2025-06-12 02:20:00,3.3
2025-06-12 02:31:00,81.9
2025-06-12 21:11:00,36.5
2025-06-12 07:43:00,69.8
2025-06-12 12:05:00,44.1
2025-06-12 15:21:00,15.8
2025-06-12 23:09:00,7.3
2025-06-12 12:19:00,77.2
2025-06-12 21:56:00,59.1
2025-06-12 14:06:00,88.3
2025-06-12 02:39:00,0.4
2025-06-12 08:07:00,77.3
2025-06-12 01:31:00,50.1110094970102
2025-06-12 00:56:00,35.7
2025-06-12 09:17:00,50.1110094970102
2025-06-12 08:20:00,70.5
2025-06-12 18:28:00,40.9
2025-06-12 11:48:00,21.3
2025-06-12 23:37:00,35.1
2025-06-12 20:36:00,1.8
2025-06-12 14:52:00,50.1110094970102
2025-06-12 20:46:00,61.0
2025-06-12 09:03:00,68.8
2025-06-12 12:01:00,54.3
2025-06-12 01:43:00,38.1
2025-06-12 06:30:00,58.9
2025-06-12 00:29:00,50.1110094970102
2025-06-12 09:28:00,83.0
2025-06-12 07:42:00,50.1110094970102
2025-06-12 23:11:00,41.1
2025-06-12 23:39:00,77.4
2025-06-12 12:58:00,76.5
2025-06-12 01:28:00,63.3
2025-06-12 23:29:00,50.1110094970102
2025-06-12 23:15:00,74.0
2025-06-12 11:53:00,31.4
2025-06-12 02:01:00,10.2
2025-06-12 04:13:00,69.4
2025-06-12 01:27:00,73.9
2025-06-12 03:29:00,50.4
2025-06-12 21:04:00,25.0
2025-06-12 22:20:00,14.8
2025-06-12 08:41:00,66.5
2025-06-12 05:51:00,94.7
2025-06-12 05:28:00,40.7
2025-06-12 12:03:00,47.4
2025-06-12 12:08:00,21.9
2025-06-12 18:18:00,93.8
2025-06-12 21:46:00,74.8
2025-06-12 13:54:00,22.4
2025-06-12 15:56:00,25.8
2025-06-12 06:43:00,50.1110094970102
2025-06-12 10:19:00,40.9
2025-06-12 21:26:00,38.4
2025-06-12 15:49:00,50.1110094970102
2025-06-12 03:42:00,70.7
2025-06-12 11:13:00,21.1
2025-06-12 16:45:00,39.4
2025-06-12 14:38:00,70.1
2025-06-12 15:34:00,62.8
2025-06-12 10:21:00,49.3
2025-06-12 07:24:00,48.1
2025-06-12 23:40:00,62.2
2025-06-12 08:18:00,67.8
2025-06-12 08:43:00,4.5
2025-06-12 03:05:00,45.3
2025-06-12 00:44:00,7.6
2025-06-12 03:37:00,42.2
2025-06-12 22:26:00,97.4
2025-06-12 10:18:00,66.8
2025-06-12 22:13:00,27.9
2025-06-12 23:28:00,28.0
2025-06-12 04:56:00,19.1
2025-06-12 16:21:00,14.5
2025-06-12 23:36:00,50.1110094970102
2025-06-12 16:06:00,40.5
2025-06-12 08:19:00,24.5
2025-06-12 02:21:00,0.4
2025-06-12 10:10:00,94.4
2025-06-12 23:53:00,29.2
2025-06-12 18:20:00,61.5
2025-06-12 12:48:00,79.4
2025-06-12 15:12:00,50.1110094970102
2025-06-12 21:42:00,15.8
2025-06-12 03:32:00,97.4
2025-06-12 00:23:00,72.6
2025-06-12 13:12:00,4.7
2025-06-12 06:12:00,11.5
2025-06-12 03:31:00,86.8
2025-06-12 11:15:00,94.7
2025-06-12 09:23:00,81.0
2025-06-12 10:38:00,69.1
2025-06-12 11:46:00,50.1110094970102
2025-06-12 10:13:00,73.9
2025-06-12 05:50:00,17.4
2025-06-12 14:57:00,50.1110094970102
2025-06-12 14:36:00,16.7
2025-06-12 17:58:00,46.3
2025-06-12 09:11:00,50.1110094970102
2025-06-12 12:20:00,17.7
2025-06-12 09:22:00,26.2
2025-06-12 14:50:00,42.8
2025-06-12 04:54:00,38.5
2025-06-12 14:58:00,37.0
2025-06-12 16:47:00,69.4
2025-06-12 17:02:00,50.1110094970102
2025-06-12 20:00:00,47.9
2025-06-12 13:38:00,50.1110094970102
2025-06-12 14:28:00,71.0
2025-06-12 02:47:00,40.6
2025-06-12 16:34:00,6.7
2025-06-12 19:07:00,50.1110094970102
2025-06-12 23:03:00,12.0
2025-06-12 08:08:00,18.6
2025-06-12 11:59:00,86.4
2025-06-12 16:20:00,81.3
2025-06-12 17:34:00,50.1110094970102
2025-06-12 10:08:00,48.0
2025-06-12 00:21:00,97.4
2025-06-12 06:25:00,13.2
2025-06-12 19:24:00,71.0
2025-06-12 13:44:00,28.2
2025-06-12 04:48:00,64.7
2025-06-12 22:47:00,49.0
2025-06-12 16:32:00,50.1110094970102
2025-06-12 02:18:00,32.5
2025-06-12 16:22:00,40.8
2025-06-12 18:47:00,19.2
2025-06-12 12:25:00,50.1110094970102
2025-06-12 03:56:00,2.5
2025-06-12 06:39:00,50.1110094970102
2025-06-12 21:12:00,89.1
2025-06-12 14:59:00,46.9
2025-06-12 04:12:00,50.1110094970102
2025-06-12 09:37:00,51.2
2025-06-12 20:49:00,40.7
2025-06-12 05:10:00,47.5
2025-06-12 21:51:00,50.1110094970102
2025-06-12 22:58:00,20.8
2025-06-12 23:00:00,50.0
2025-06-12 01:41:00,51.8
2025-06-12 17:26:00,99.8
2025-06-12 15:17:00,1.1
2025-06-12 09:39:00,41.8
2025-06-12 10:50:00,36.2
2025-06-12 16:44:00,87.4
2025-06-12 18:01:00,82.9
2025-06-12 05:33:00,34.5
2025-06-12 02:53:00,99.5
2025-06-12 17:40:00,7.6
2025-06-12 16:58:00,61.5
2025-06-12 06:40:00,50.1110094970102
2025-06-12 05:59:00,12.2
2025-06-12 00:53:00,88.9
2025-06-12 02:33:00,64.0
2025-06-12 01:19:00,0.9
2025-06-12 20:21:00,97.0
2025-06-12 15:40:00,55.7
2025-06-12 11:50:00,50.1110094970102
2025-06-12 02:59:00,86.5
2025-06-12 11:58:00,65.1
2025-06-12 12:41:00,50.1110094970102
2025-06-12 20:51:00,19.6
2025-06-12 01:49:00,36.8
2025-06-12 16:10:00,7.8
2025-06-12 20:55:00,37.4
2025-06-12 01:52:00,4.5
2025-06-12 18:31:00,50.1110094970102
2025-06-12 15:45:00,50.1110094970102
2025-06-12 01:37:00,50.1110094970102
2025-06-12 19:41:00,10.2
2025-06-12 06:07:00,47.1
2025-06-12 01:02:00,69.4
2025-06-12 01:46:00,16.4
2025-06-12 00:27:00,18.4
2025-06-12 04:11:00,9.7
2025-06-12 05:18:00,31.3
2025-06-12 05:26:00,94.9
2025-06-12 22:34:00,50.1110094970102
2025-06-12 07:19:00,50.1110094970102
2025-06-12 17:23:00,20.6
2025-06-12 17:10:00,11.9
2025-06-12 17:10:00,37.4
2025-06-12 08:43:00,6.5
2025-06-12 16:45:00,4.8
2025-06-12 04:00:00,9.4
2025-06-12 16:44:00,12.5
2025-06-12 00:56:00,32.0
2025-06-12 12:35:00,64.1
2025-06-12 20:15:00,87.9
2025-06-12 16:48:00,38.2
2025-06-12 20:16:00,27.5
2025-06-12 21:46:00,50.26990393626991
2025-06-12 16:14:00,28.0
2025-06-12 14:38:00,50.26990393626991
2025-06-12 23:20:00,83.9
2025-06-12 10:55:00,50.26990393626991
2025-06-12 16:42:00,59.8
2025-06-12 17:20:00,40.5
2025-06-12 10:11:00,6.6
2025-06-12 21:07:00,0.1
2025-06-12 08:32:00,29.0
2025-06-12 22:31:00,76.5
2025-06-12 14:44:00,51.3
2025-06-12 05:01:00,50.26990393626991
2025-06-12 03:38:00,50.26990393626991
2025-06-12 17:44:00,50.26990393626991
2025-06-12 05:23:00,65.1
2025-06-12 01:04:00,72.9
2025-06-12 11:54:00,29.2
2025-06-12 05:59:00,71.5
2025-06-12 22:59:00,10.8
2025-06-12 02:00:00,60.8
2025-06-12 14:06:00,11.1
2025-06-12 00:54:00,50.26990393626991
2025-06-12 20:54:00,16.6
2025-06-12 09:32:00,35.5
2025-06-12 13:03:00,30.5
2025-06-12 22:34:00,22.3
2025-06-12 00:38:00,24.8
2025-06-12 06:27:00,9.5
2025-06-12 02:54:00,50.26990393626991
2025-06-12 03:22:00,24.2
2025-06-12 01:47:00,69.0
2025-06-12 06:12:00,25.1
2025-06-12 05:45:00,50.26990393626991
2025-06-12 14:42:00,95.5
2025-06-12 22:11:00,46.3
2025-06-12 16:38:00,10.6
2025-06-12 20:24:00,66.0
2025-06-12 13:35:00,1.7
2025-06-12 11:41:00,30.1
2025-06-12 09:51:00,19.9
2025-06-12 17:05:00,6.4
2025-06-12 01:55:00,32.4
2025-06-12 00:55:00,49.6
2025-06-12 08:35:00,1.4
2025-06-12 12:12:00,68.0
2025-06-12 00:36:00,79.9
2025-06-12 20:43:00,23.5
2025-06-12 10:30:00,29.9
2025-06-12 06:54:00,21.0
2025-06-12 02:33:00,80.0
2025-06-12 20:31:00,21.0
2025-06-12 09:55:00,83.0
2025-06-12 12:10:00,73.8
2025-06-12 04:49:00,50.26990393626991
2025-06-12 20:02:00,25.7
2025-06-12 22:04:00,50.26990393626991
2025-06-12 12:38:00,18.0
2025-06-12 12:53:00,98.0
2025-06-12 07:12:00,96.1
2025-06-12 17:47:00,7.9
2025-06-12 23:04:00,49.0
2025-06-12 07:00:00,57.5
2025-06-12 01:36:00,68.2
2025-06-12 09:43:00,50.26990393626991
2025-06-12 08:45:00,50.26990393626991
2025-06-12 11:11:00,72.2
2025-06-12 06:44:00,22.4
2025-06-12 12:28:00,92.9
2025-06-12 00:08:00,20.0
2025-06-12 20:11:00,16.6
2025-06-12 17:45:00,88.5
2025-06-12 11:21:00,52.1
2025-06-12 09:18:00,8.0
2025-06-12 16:55:00,63.9
2025-06-12 04:41:00,2.8
2025-06-12 03:07:00,50.26990393626991
2025-06-12 18:10:00,7.4
2025-06-12 09:04:00,21.1
2025-06-12 19:56:00,70.5
2025-06-12 06:46:00,85.2
2025-06-12 10:34:00,50.26990393626991
2025-06-12 03:26:00,63.0
2025-06-12 15:24:00,62.0
2025-06-12 21:16:00,96.9
2025-06-12 17:41:00,96.7
2025-06-12 21:45:00,73.8
2025-06-12 22:25:00,33.4
2025-06-12 14:29:00,82.9
2025-06-12 21:11:00,8.5
2025-06-12 10:48:00,57.1
2025-06-12 12:15:00,95.4
2025-06-12 21:27:00,50.26990393626991
2025-06-12 15:02:00,5.8
2025-06-12 04:19:00,18.8
2025-06-12 08:41:00,98.6
2025-06-12 11:53:00,27.6
2025-06-12 11:50:00,94.7
2025-06-12 08:09:00,82.6
2025-06-12 00:53:00,21.7
2025-06-12 18:22:00,78.2
2025-06-12 21:13:00,50.26990393626991
2025-06-12 00:30:00,50.26990393626991
2025-06-12 06:53:00,65.3
2025-06-12 00:32:00,65.5
2025-06-12 13:09:00,69.8
2025-06-12 10:03:00,62.0
2025-06-12 05:32:00,41.5
2025-06-12 15:28:00,50.6
2025-06-12 14:37:00,13.2
2025-06-12 06:22:00,61.8
2025-06-12 08:10:00,49.3
2025-06-12 14:49:00,49.0
2025-06-12 05:28:00,50.26990393626991
2025-06-12 14:21:00,23.4
2025-06-12 11:17:00,65.2
2025-06-12 04:15:00,8.4
2025-06-12 10:57:00,6.0
2025-06-12 12:22:00,18.7
2025-06-12 19:36:00,87.1
2025-06-12 08:53:00,38.7
2025-06-12 10:25:00,35.6
2025-06-12 05:08:00,89.0
2025-06-12 16:58:00,16.8
2025-06-12 00:39:00,8.9
2025-06-12 02:35:00,94.7
2025-06-12 11:25:00,36.9
2025-06-12 09:03:00,50.26990393626991
2025-06-12 14:25:00,60.2
2025-06-12 11:56:00,38.8
2025-06-12 14:10:00,14.8
2025-06-12 16:09:00,21.2
2025-06-12 11:38:00,22.7
2025-06-12 01:18:00,35.9
2025-06-12 01:10:00,16.0
2025-06-12 01:44:00,52.5
2025-06-12 23:58:00,76.5
2025-06-12 02:03:00,44.2
2025-06-12 22:52:00,86.3
2025-06-12 02:21:00,32.3
2025-06-12 08:13:00,93.0
2025-06-12 12:49:00,50.26990393626991
2025-06-12 11:12:00,53.5
2025-06-12 22:56:00,11.7
2025-06-12 16:49:00,54.2
2025-06-12 17:33:00,50.26990393626991
2025-06-12 00:04:00,18.9
2025-06-12 10:15:00,20.2
2025-06-12 03:44:00,52.0
2025-06-12 01:52:00,5.1
2025-06-12 18:11:00,46.8
2025-06-12 13:17:00,14.4
2025-06-12 20:40:00,15.8
2025-06-12 14:41:00,66.5
2025-06-12 06:10:00,80.1
2025-06-12 02:44:00,20.3
2025-06-12 05:16:00,50.26990393626991
2025-06-12 20:35:00,90.6
2025-06-12 13:00:00,49.2
2025-06-12 10:58:00,10.8
2025-06-12 10:52:00,88.6
2025-06-12 13:14:00,98.4
2025-06-12 14:00:00,18.1
2025-06-12 18:32:00,24.4
2025-06-12 20:49:00,3.7
2025-06-12 18:49:00,62.9
2025-06-12 01:45:00,67.8
2025-06-12 01:30:00,17.4
2025-06-12 03:50:00,30.0
2025-06-12 16:05:00,28.2
2025-06-12 08:31:00,60.1
2025-06-12 10:16:00,50.26990393626991
2025-06-12 19:53:00,81.2
2025-06-12 16:00:00,38.6
2025-06-12 16:27:00,71.3
2025-06-12 05:30:00,50.26990393626991
2025-06-12 05:38:00,99.0
2025-06-12 02:05:00,56.6
2025-06-12 08:07:00,26.2
2025-06-12 10:18:00,99.2
2025-06-12 04:09:00,67.8
2025-06-12 05:54:00,50.26990393626991
2025-06-12 13:11:00,18.2
2025-06-12 17:30:00,18.6
2025-06-12 02:42:00,59.7
2025-06-12 02:49:00,68.4
2025-06-12 00:03:00,50.26990393626991
2025-06-12 13:54:00,89.3
2025-06-12 10:36:00,78.2
2025-06-12 07:08:00,50.26990393626991
2025-06-12 20:58:00,52.0
2025-06-12 06:42:00,20.8
2025-06-12 15:54:00,33.9
2025-06-12 15:19:00,4.0
2025-06-12 15:22:00,84.1
2025-06-12 08:16:00,4.0
2025-06-12 01:38:00,10.6
2025-06-12 08:12:00,81.7
2025-06-12 02:09:00,85.4
2025-06-12 04:35:00,57.2
2025-06-12 05:00:00,50.26990393626991
2025-06-12 22:12:00,99.1
2025-06-12 22:16:00,50.7
2025-06-12 20:23:00,40.2
2025-06-12 01:07:00,89.0
2025-06-12 05:09:00,42.9
2025-06-12 11:01:00,81.9
2025-06-12 09:42:00,42.0
2025-06-12 01:42:00,90.0
2025-06-12 01:26:00,61.9
2025-06-12 11:52:00,82.0
2025-06-12 15:23:00,79.2
2025-06-12 03:37:00,26.6
2025-06-12 01:24:00,15.9
2025-06-12 13:41:00,76.2
2025-06-12 08:56:00,54.0
2025-06-12 12:55:00,25.8
2025-06-12 08:57:00,50.26990393626991
2025-06-12 05:12:00,92.2
2025-06-12 05:53:00,60.1
2025-06-12 05:03:00,78.5
2025-06-12 16:20:00,52.5
2025-06-12 05:42:00,24.5
2025-06-12 01:27:00,37.7
2025-06-12 00:44:00,30.6
2025-06-12 00:59:00,39.8
2025-06-12 06:41:00,14.9
2025-06-12 18:02:00,69.1
2025-06-12 15:27:00,26.1
2025-06-12 06:15:00,50.26990393626991
2025-06-12 18:15:00,26.4
2025-06-12 05:31:00,50.26990393626991
2025-06-12 08:24:00,50.26990393626991
2025-06-12 19:20:00,50.26990393626991
2025-06-12 07:31:00,27.2
2025-06-12 15:31:00,0.3
2025-06-12 02:15:00,55.2
2025-06-12 13:48:00,49.2
2025-06-12 17:52:00,50.26990393626991
2025-06-12 03:09:00,24.0
2025-06-12 14:18:00,77.4
2025-06-12 06:20:00,11.8
2025-06-12 14:51:00,7.8
2025-06-12 19:24:00,7.7
2025-06-12 19:55:00,32.8
2025-06-12 05:44:00,92.5
2025-06-12 20:50:00,82.6
2025-06-12 12:54:00,32.7
2025-06-12 22:46:00,95.7
2025-06-12 00:49:00,66.8
2025-06-12 01:00:00,86.1
2025-06-12 08:34:00,49.3
2025-06-12 06:08:00,28.4
2025-06-12 05:46:00,79.4
2025-06-12 12:31:00,50.26990393626991
2025-06-12 22:03:00,11.7
2025-06-12 00:42:00,87.9
2025-06-12 03:01:00,50.26990393626991
2025-06-12 17:14:00,62.3
2025-06-12 19:15:00,50.26990393626991
2025-06-12 14:15:00,63.7
2025-06-12 10:39:00,55.0
2025-06-12 11:42:00,67.6
2025-06-12 23:18:00,66.7
2025-06-12 17:32:00,19.6
2025-06-12 12:59:00,10.3
2025-06-12 17:06:00,27.6
2025-06-12 07:25:00,50.26990393626991
2025-06-12 19:14:00,78.4
2025-06-12 02:18:00,67.7
2025-06-12 21:17:00,86.3
2025-06-12 18:36:00,8.5
2025-06-12 12:05:00,36.6
2025-06-12 00:45:00,65.0
2025-06-12 20:51:00,77.0
2025-06-12 04:40:00,50.26990393626991
2025-06-12 20:47:00,31.0
2025-06-12 22:37:00,19.2
2025-06-12 20:07:00,50.9
2025-06-12 06:35:00,49.3
2025-06-12 10:29:00,90.6
2025-06-12 05:40:00,10.3
2025-06-12 12:20:00,50.26990393626991
2025-06-12 00:26:00,2.5
2025-06-12 14:59:00,18.1
2025-06-12 18:52:00,85.8
2025-06-12 22:39:00,50.26990393626991
2025-06-12 15:33:00,95.3
2025-06-12 03:17:00,61.2
2025-06-12 22:40:00,50.26990393626991
2025-06-12 06:09:00,88.8
2025-06-12 13:32:00,50.26990393626991
2025-06-12 02:32:00,4.7
2025-06-12 00:43:00,77.7
2025-06-12 00:16:00,95.3
2025-06-12 07:44:00,76.1
2025-06-12 21:48:00,49.485271956675305
2025-06-12 05:32:00,49.485271956675305
2025-06-12 13:34:00,83.5
2025-06-12 21:24:00,67.7
2025-06-12 23:50:00,30.6
2025-06-12 09:14:00,93.6
2025-06-12 08:02:00,36.6
2025-06-12 18:22:00,49.485271956675305
2025-06-12 22:45:00,5.1
2025-06-12 05:18:00,36.9
2025-06-12 20:29:00,9.4
2025-06-12 18:56:00,30.1
2025-06-12 12:56:00,51.8
2025-06-12 12:52:00,30.6
2025-06-12 16:59:00,18.2
2025-06-12 02:14:00,62.2
2025-06-12 15:40:00,88.1
2025-06-12 20:30:00,23.1
2025-06-12 17:36:00,90.3
2025-06-12 05:56:00,69.1
2025-06-12 11:13:00,10.5
2025-06-12 01:58:00,55.8
2025-06-12 19:29:00,18.6
2025-06-12 22:47:00,25.4
2025-06-12 07:46:00,73.1
2025-06-12 14:07:00,1.5
2025-06-12 12:11:00,49.485271956675305
2025-06-12 18:08:00,21.7
2025-06-12 21:39:00,27.6
2025-06-12 00:06:00,80.5
2025-06-12 00:26:00,49.485271956675305
2025-06-12 19:17:00,34.3
2025-06-12 04:09:00,66.2
2025-06-12 08:10:00,90.5
2025-06-12 08:19:00,56.1
2025-06-12 08:08:00,49.485271956675305
2025-06-12 17:48:00,73.0
2025-06-12 03:26:00,49.485271956675305
2025-06-12 09:40:00,28.7
2025-06-12 11:57:00,20.7
2025-06-12 10:51:00,45.9
2025-06-12 09:05:00,16.7
2025-06-12 16:37:00,80.1
2025-06-12 04:46:00,49.485271956675305
2025-06-12 03:48:00,43.8
2025-06-12 07:34:00,93.0
2025-06-12 01:53:00,49.485271956675305
2025-06-12 15:26:00,13.3
2025-06-12 01:12:00,47.5
2025-06-12 15:36:00,49.485271956675305
2025-06-12 08:34:00,99.4
2025-06-12 17:14:00,26.4
2025-06-12 01:32:00,15.9
2025-06-12 00:08:00,72.4
2025-06-12 14:56:00,31.7
2025-06-12 03:24:00,90.9
2025-06-12 03:33:00,49.485271956675305
2025-06-12 21:28:00,63.3
2025-06-12 15:15:00,3.2
2025-06-12 16:23:00,17.5
2025-06-12 08:09:00,49.485271956675305
2025-06-12 20:58:00,73.3
2025-06-12 08:00:00,49.485271956675305
2025-06-12 22:15:00,79.3
2025-06-12 09:12:00,41.5
2025-06-12 18:44:00,49.485271956675305
2025-06-12 05:27:00,32.3
2025-06-12 13:01:00,49.9
2025-06-12 13:19:00,49.485271956675305
2025-06-12 01:04:00,68.7
2025-06-12 08:53:00,81.1
2025-06-12 19:06:00,50.7
2025-06-12 01:23:00,10.6
2025-06-12 12:10:00,70.7
2025-06-12 16:54:00,8.6
2025-06-12 16:21:00,20.3
2025-06-12 16:16:00,88.4
2025-06-12 21:12:00,87.1
2025-06-12 06:56:00,93.2
2025-06-12 21:26:00,97.8
2025-06-12 00:45:00,69.6
2025-06-12 11:52:00,69.2
2025-06-12 17:03:00,46.6
2025-06-12 06:21:00,39.4
2025-06-12 18:21:00,25.0
2025-06-12 05:36:00,49.485271956675305
2025-06-12 09:39:00,5.9
2025-06-12 16:08:00,63.5
2025-06-12 00:32:00,65.7
2025-06-12 17:58:00,49.485271956675305
2025-06-12 21:03:00,89.5
2025-06-12 04:15:00,12.2
2025-06-12 09:50:00,45.6
2025-06-12 10:13:00,9.4
2025-06-12 19:10:00,76.5
2025-06-12 16:33:00,28.5
2025-06-12 23:13:00,28.1
2025-06-12 20:24:00,49.485271956675305
2025-06-12 01:56:00,39.1
2025-06-12 20:45:00,49.485271956675305
2025-06-12 02:02:00,17.0
2025-06-12 12:04:00,11.8
2025-06-12 02:49:00,54.2
2025-06-12 02:53:00,49.485271956675305
2025-06-12 00:23:00,64.5
2025-06-12 07:30:00,49.485271956675305
2025-06-12 10:17:00,82.5
2025-06-12 10:12:00,77.5
2025-06-12 08:55:00,5.5
2025-06-12 02:57:00,84.2
2025-06-12 15:55:00,49.485271956675305
2025-06-12 13:08:00,48.8
2025-06-12 07:28:00,18.3
2025-06-12 13:54:00,59.5
2025-06-12 11:18:00,49.485271956675305
2025-06-12 12:54:00,49.485271956675305
2025-06-12 07:08:00,60.0
2025-06-12 10:53:00,15.7
2025-06-12 16:47:00,17.8
2025-06-12 14:42:00,49.485271956675305
2025-06-12 20:46:00,5.8
2025-06-12 01:29:00,54.4
2025-06-12 03:11:00,85.1
2025-06-12 17:49:00,7.0
2025-06-12 18:58:00,50.2
2025-06-12 18:23:00,40.1
2025-06-12 05:48:00,19.9
2025-06-12 05:47:00,49.485271956675305
2025-06-12 04:19:00,25.8
2025-06-12 22:01:00,71.4
2025-06-12 12:19:00,98.3
2025-06-12 14:57:00,37.4
2025-06-12 01:38:00,9.0
2025-06-12 16:41:00,78.5
2025-06-12 19:41:00,75.3
2025-06-12 06:17:00,59.8
2025-06-12 01:41:00,49.485271956675305
2025-06-12 00:12:00,74.1
2025-06-12 06:35:00,18.5
2025-06-12 09:52:00,48.6
2025-06-12 10:39:00,52.2
2025-06-12 23:33:00,52.6
2025-06-12 00:22:00,20.7
2025-06-12 03:52:00,36.8
2025-06-12 10:37:00,6.6
2025-06-12 06:59:00,49.485271956675305
2025-06-12 23:01:00,69.4
2025-06-12 00:50:00,9.4
2025-06-12 09:51:00,11.9
2025-06-12 16:40:00,88.4
2025-06-12 06:48:00,72.8
2025-06-12 16:45:00,88.2
2025-06-12 13:29:00,37.6
2025-06-12 09:00:00,74.5
2025-06-12 13:30:00,72.0
2025-06-12 17:53:00,42.2
2025-06-12 10:05:00,67.8
2025-06-12 19:16:00,2.9
2025-06-12 07:39:00,24.3
2025-06-12 08:59:00,49.485271956675305
2025-06-12 08:45:00,78.0
2025-06-12 06:11:00,96.7
2025-06-12 01:15:00,89.5
2025-06-12 01:50:00,3.3
2025-06-12 17:00:00,27.6
2025-06-12 18:33:00,49.485271956675305
2025-06-12 20:41:00,99.1
2025-06-12 09:17:00,78.4
2025-06-12 13:35:00,49.485271956675305
2025-06-12 23:16:00,39.5
2025-06-12 06:33:00,49.485271956675305
2025-06-12 22:05:00,93.8
2025-06-12 09:30:00,76.7
2025-06-12 05:39:00,42.1
2025-06-12 09:26:00,37.4
2025-06-12 06:00:00,81.7
2025-06-12 04:14:00,49.485271956675305
2025-06-12 17:13:00,74.7
2025-06-12 12:40:00,22.1
2025-06-12 14:22:00,99.0
2025-06-12 13:10:00,78.2
2025-06-12 18:16:00,55.3
2025-06-12 08:17:00,49.485271956675305
2025-06-12 19:53:00,49.485271956675305
2025-06-12 09:09:00,56.8
2025-06-12 15:13:00,77.9
2025-06-12 06:40:00,43.2
2025-06-12 20:14:00,98.5
2025-06-12 06:55:00,32.5
2025-06-12 06:47:00,70.6
2025-06-12 16:44:00,75.9
2025-06-12 11:48:00,49.4
2025-06-12 03:53:00,49.485271956675305
2025-06-12 12:24:00,21.3
2025-06-12 21:14:00,96.2
2025-06-12 05:37:00,17.7
2025-06-12 17:54:00,67.3
2025-06-12 03:28:00,42.6
2025-06-12 04:55:00,46.9
2025-06-12 09:53:00,75.6
2025-06-12 21:19:00,26.8
2025-06-12 13:56:00,67.8
2025-06-12 17:10:00,52.0
2025-06-12 19:13:00,49.485271956675305
2025-06-12 13:55:00,92.4
2025-06-12 01:47:00,0.7
2025-06-12 20:00:00,23.6
2025-06-12 23:02:00,42.7
2025-06-12 15:41:00,70.8
2025-06-12 15:37:00,54.4
2025-06-12 20:54:00,97.3
2025-06-12 12:30:00,10.7
2025-06-12 19:39:00,31.0
2025-06-12 13:51:00,91.3
2025-06-12 04:58:00,17.9
2025-06-12 21:25:00,46.8
2025-06-12 13:31:00,42.6
2025-06-12 06:12:00,39.7
2025-06-12 20:06:00,78.1
2025-06-12 13:27:00,7.5
2025-06-12 12:29:00,95.8
2025-06-12 00:13:00,98.1
2025-06-12 10:34:00,49.485271956675305
2025-06-12 01:44:00,60.7
2025-06-12 18:11:00,42.0
2025-06-12 04:17:00,79.6
2025-06-12 15:25:00,58.2
2025-06-12 13:46:00,90.4
2025-06-12 15:18:00,48.2
2025-06-12 07:38:00,45.7
2025-06-12 16:32:00,76.6
2025-06-12 07:21:00,60.3
2025-06-12 11:01:00,18.5
2025-06-12 03:51:00,79.6
2025-06-12 08:49:00,49.485271956675305
2025-06-12 20:26:00,26.2
2025-06-12 07:59:00,44.9
2025-06-12 22:38:00,18.5
2025-06-12 00:39:00,94.9
2025-06-12 15:45:00,54.4
2025-06-12 08:25:00,93.2
2025-06-12 14:11:00,49.485271956675305
2025-06-12 16:24:00,72.1
2025-06-12 07:09:00,25.3
2025-06-12 17:56:00,34.2
2025-06-12 21:06:00,64.4
2025-06-12 17:21:00,9.2
2025-06-12 19:00:00,36.5
2025-06-12 06:05:00,20.6
2025-06-12 15:43:00,38.4
2025-06-12 11:00:00,49.485271956675305
2025-06-12 19:21:00,93.3
2025-06-12 10:29:00,65.7
2025-06-12 18:48:00,41.5
2025-06-12 07:52:00,43.7
2025-06-12 15:33:00,79.2
2025-06-12 02:47:00,49.485271956675305
2025-06-12 09:27:00,41.9
2025-06-12 17:22:00,50.0997191011236
2025-06-12 21:32:00,50.0997191011236
2025-06-12 12:09:00,63.8
2025-06-12 12:04:00,25.5
2025-06-12 11:07:00,24.7
2025-06-12 19:42:00,27.5
2025-06-12 00:08:00,89.7
2025-06-12 17:10:00,90.7
2025-06-12 09:47:00,60.0
2025-06-12 00:09:00,80.8
2025-06-12 06:55:00,50.4
2025-06-12 07:55:00,34.7
2025-06-12 21:31:00,7.5
2025-06-12 02:25:00,94.5
2025-06-12 02:07:00,5.2
2025-06-12 17:39:00,44.9
2025-06-12 11:27:00,50.0997191011236
2025-06-12 23:38:00,89.1
2025-06-12 09:05:00,55.8
2025-06-12 03:56:00,50.0997191011236
2025-06-12 10:32:00,22.2
2025-06-12 06:58:00,3.9
2025-06-12 12:46:00,18.8
2025-06-12 11:47:00,50.0997191011236
2025-06-12 10:28:00,7.2
2025-06-12 13:36:00,32.9
2025-06-12 13:05:00,10.2
2025-06-12 02:49:00,42.4
2025-06-12 06:15:00,50.0997191011236
2025-06-12 16:26:00,26.2
2025-06-12 07:29:00,55.7
2025-06-12 10:48:00,74.3
2025-06-12 20:39:00,30.8
2025-06-12 06:04:00,57.7
2025-06-12 02:02:00,55.9
2025-06-12 12:57:00,80.8
2025-06-12 16:31:00,50.0997191011236
2025-06-12 14:00:00,50.0997191011236
2025-06-12 19:36:00,80.3
2025-06-12 22:14:00,19.6
2025-06-12 01:13:00,3.4
2025-06-12 09:16:00,88.1
2025-06-12 17:18:00,40.5
2025-06-12 03:11:00,50.0997191011236
2025-06-12 10:34:00,46.3
2025-06-12 17:21:00,50.0997191011236
2025-06-12 16:01:00,35.4
2025-06-12 14:35:00,96.9
2025-06-12 15:57:00,81.9
2025-06-12 00:03:00,79.4
2025-06-12 16:41:00,55.6
2025-06-12 21:06:00,13.6
2025-06-12 10:26:00,34.9
2025-06-12 19:58:00,50.0997191011236
2025-06-12 23:11:00,87.2
2025-06-12 18:19:00,47.8
2025-06-12 09:52:00,50.0997191011236
2025-06-12 20:01:00,12.5
2025-06-12 02:43:00,50.0997191011236
2025-06-12 22:26:00,67.2
2025-06-12 21:17:00,83.6
2025-06-12 13:14:00,50.0997191011236
2025-06-12 18:04:00,13.1
2025-06-12 15:36:00,96.4
2025-06-12 08:29:00,29.6
2025-06-12 15:02:00,9.8
2025-06-12 12:19:00,70.7
2025-06-12 17:55:00,44.9
2025-06-12 11:59:00,93.2
2025-06-12 15:29:00,47.0
2025-06-12 22:09:00,50.0997191011236
2025-06-12 01:18:00,50.9
2025-06-12 20:41:00,78.6
2025-06-12 19:10:00,96.7
2025-06-12 04:59:00,87.2
2025-06-12 01:11:00,5.6
2025-06-12 14:31:00,37.6
2025-06-12 09:19:00,49.0
2025-06-12 13:07:00,88.0
2025-06-12 12:22:00,8.8
2025-06-12 17:50:00,80.0
2025-06-12 04:51:00,50.0997191011236
2025-06-12 14:07:00,50.0997191011236
2025-06-12 10:05:00,42.5
2025-06-12 13:11:00,28.1
2025-06-12 21:23:00,93.0
2025-06-12 19:48:00,22.5
2025-06-12 15:30:00,49.3
2025-06-12 04:29:00,50.0997191011236
2025-06-12 20:23:00,50.0997191011236
2025-06-12 21:57:00,50.0997191011236
2025-06-12 18:41:00,5.0
2025-06-12 08:44:00,63.7
2025-06-12 14:23:00,89.7
2025-06-12 11:04:00,97.6
2025-06-12 08:15:00,1.7
2025-06-12 23:03:00,36.2
2025-06-12 19:52:00,50.0997191011236
2025-06-12 10:45:00,77.2
2025-06-12 15:59:00,42.7
2025-06-12 20:14:00,99.3
2025-06-12 11:17:00,50.0997191011236
2025-06-12 05:22:00,43.3
2025-06-12 00:02:00,42.4
2025-06-12 05:11:00,93.5
2025-06-12 16:59:00,22.2
2025-06-12 18:57:00,15.6
2025-06-12 11:28:00,56.9
2025-06-12 08:20:00,73.7
2025-06-12 08:52:00,27.4
2025-06-12 17:58:00,50.0997191011236
2025-06-12 20:06:00,15.4
2025-06-12 19:54:00,9.8
2025-06-12 02:16:00,50.0997191011236
2025-06-12 08:24:00,8.9
2025-06-12 23:30:00,81.8
2025-06-12 22:42:00,78.3
2025-06-12 15:20:00,50.0997191011236
2025-06-12 12:10:00,59.7
2025-06-12 01:03:00,9.1
2025-06-12 16:46:00,2.3
2025-06-12 11:42:00,50.0997191011236
2025-06-12 21:38:00,27.7
2025-06-12 15:06:00,0.6
2025-06-12 22:46:00,27.3
2025-06-12 20:52:00,58.2
2025-06-12 05:29:00,74.1
2025-06-12 04:28:00,50.0997191011236
2025-06-12 17:45:00,38.1
2025-06-12 02:01:00,22.4
2025-06-12 15:12:00,13.8
2025-06-12 11:22:00,3.9
2025-06-12 14:21:00,5.2
2025-06-12 04:32:00,75.3
2025-06-12 21:54:00,50.0997191011236
2025-06-12 04:13:00,27.7
2025-06-12 03:43:00,61.4
2025-06-12 20:37:00,81.4
2025-06-12 19:25:00,16.0
2025-06-12 15:55:00,85.7
2025-06-12 01:37:00,50.1
2025-06-12 16:52:00,58.1
2025-06-12 13:06:00,50.0997191011236
2025-06-12 03:26:00,99.9
2025-06-12 19:14:00,42.4
2025-06-12 22:25:00,50.0997191011236
2025-06-12 05:02:00,18.7
2025-06-12 09:02:00,17.6
2025-06-12 09:46:00,50.0997191011236
2025-06-12 05:49:00,14.7
2025-06-12 10:50:00,6.4
2025-06-12 19:31:00,21.7
2025-06-12 12:26:00,33.6
2025-06-12 13:37:00,36.1
2025-06-12 23:47:00,56.3
2025-06-12 15:44:00,49.3
2025-06-12 17:59:00,41.2
2025-06-12 16:32:00,26.2
2025-06-12 21:46:00,50.0997191011236
2025-06-12 14:15:00,7.0
2025-06-12 09:41:00,20.2
2025-06-12 15:53:00,6.4
2025-06-12 18:46:00,81.9
2025-06-12 20:10:00,50.0997191011236
2025-06-12 13:01:00,50.0997191011236
2025-06-12 18:13:00,74.9
2025-06-12 18:53:00,59.6
2025-06-12 11:13:00,26.2
2025-06-12 11:03:00,38.1
2025-06-12 12:17:00,88.5
2025-06-12 13:15:00,54.3
2025-06-12 00:24:00,26.6
2025-06-12 23:20:00,32.1
2025-06-12 13:31:00,94.6
2025-06-12 07:17:00,65.8
2025-06-12 07:08:00,0.3
2025-06-12 06:56:00,53.9
2025-06-12 04:48:00,50.0997191011236
2025-06-12 13:32:00,44.0
2025-06-12 22:03:00,97.9
2025-06-12 12:01:00,51.9
2025-06-12 20:36:00,80.6
2025-06-12 11:21:00,94.5
2025-06-12 17:00:00,50.0997191011236
2025-06-12 09:45:00,89.4
2025-06-12 01:19:00,50.0997191011236
2025-06-12 15:31:00,50.0997191011236
2025-06-12 12:24:00,52.1
2025-06-12 17:49:00,50.0997191011236
2025-06-12 01:46:00,62.0
2025-06-12 22:37:00,82.6
2025-06-12 17:35:00,50.0997191011236
2025-06-12 19:06:00,47.2
2025-06-12 01:45:00,95.3
2025-06-12 20:40:00,50.0997191011236
2025-06-12 14:44:00,99.1
2025-06-12 02:36:00,29.8
2025-06-12 17:04:00,78.5
2025-06-12 19:35:00,62.1
2025-06-12 20:35:00,26.4
2025-06-12 23:16:00,63.2
2025-06-12 03:20:00,21.1
2025-06-12 03:39:00,3.9
2025-06-12 14:36:00,50.0997191011236
2025-06-12 00:58:00,69.5
2025-06-12 18:10:00,51.3
2025-06-12 12:07:00,72.7
2025-06-12 04:25:00,46.4
2025-06-12 04:46:00,53.1
2025-06-12 10:04:00,64.1
2025-06-12 00:32:00,77.8
2025-06-12 14:34:00,34.1
2025-06-12 18:55:00,87.1
2025-06-12 23:25:00,50.0997191011236
2025-06-12 13:33:00,79.5
2025-06-12 16:21:00,77.5
2025-06-12 02:59:00,29.0
2025-06-12 22:34:00,97.1
2025-06-12 18:59:00,40.2
2025-06-12 06:19:00,93.0
2025-06-12 15:27:00,93.6
2025-06-12 20:56:00,18.1
2025-06-12 11:24:00,5.0
2025-06-12 18:45:00,27.0
2025-06-12 05:15:00,50.0997191011236
2025-06-12 09:20:00,65.0
2025-06-12 18:03:00,79.6
2025-06-12 14:30:00,8.3
2025-06-12 22:04:00,11.6
2025-06-12 12:49:00,84.3
2025-06-12 09:42:00,97.2
2025-06-12 20:38:00,76.3
2025-06-12 18:24:00,20.7
2025-06-12 09:57:00,22.1
2025-06-12 01:07:00,38.3
2025-06-12 16:13:00,13.0
2025-06-12 03:03:00,50.0997191011236
2025-06-12 00:15:00,58.7
2025-06-12 02:26:00,69.2
2025-06-12 02:50:00,92.3
2025-06-12 04:55:00,45.6
2025-06-12 10:14:00,11.5
2025-06-12 15:52:00,47.0
2025-06-12 07:46:00,50.0997191011236
2025-06-12 14:46:00,15.0
2025-06-12 04:07:00,19.2
2025-06-12 17:34:00,50.0997191011236
2025-06-12 05:57:00,50.0997191011236
2025-06-12 04:19:00,56.3
2025-06-12 04:53:00,60.2
2025-06-12 12:55:00,93.0
2025-06-12 06:00:00,51.1
2025-06-12 11:58:00,50.0997191011236
2025-06-12 19:12:00,77.9
2025-06-12 14:45:00,48.8
2025-06-12 21:21:00,9.8
2025-06-12 06:28:00,8.1
2025-06-12 07:54:00,52.1
2025-06-12 13:08:00,59.4
2025-06-12 20:43:00,50.0997191011236
2025-06-12 20:54:00,50.0997191011236
2025-06-12 18:31:00,42.4
2025-06-12 07:22:00,63.7
2025-06-12 01:02:00,76.4
2025-06-12 13:56:00,45.4
2025-06-12 08:04:00,64.6
2025-06-12 12:13:00,50.0997191011236
2025-06-12 19:08:00,25.7
2025-06-12 06:23:00,50.7
2025-06-12 22:01:00,50.0997191011236
2025-06-12 08:19:00,95.2
2025-06-12 11:32:00,80.1
2025-06-12 08:25:00,37.0
2025-06-12 10:21:00,83.0
2025-06-12 03:53:00,29.4
2025-06-12 02:13:00,97.6
2025-06-12 08:17:00,50.0997191011236
2025-06-12 14:10:00,20.3
2025-06-12 06:40:00,95.1
2025-06-12 10:15:00,47.2
2025-06-12 03:08:00,79.7
2025-06-12 09:07:00,69.7
2025-06-12 22:44:00,94.9
2025-06-12 02:15:00,50.0997191011236
2025-06-12 02:10:00,50.0997191011236
2025-06-12 03:40:00,50.0997191011236
2025-06-12 03:49:00,72.9
2025-06-12 06:38:00,51.9
2025-06-12 22:33:00,45.5
2025-06-12 08:56:00,74.6
2025-06-12 06:03:00,45.7
2025-06-12 15:09:00,6.8
2025-06-12 19:47:00,15.9
2025-06-12 05:37:00,0.4
2025-06-12 02:14:00,90.5
2025-06-12 03:06:00,62.7
2025-06-12 16:09:00,86.8
2025-06-12 02:11:00,33.4
2025-06-12 10:13:00,65.6
2025-06-12 06:57:00,67.5
2025-06-12 23:54:00,12.9
2025-06-12 08:26:00,11.9
2025-06-12 11:22:00,96.0
2025-06-12 12:10:00,49.889081537019685
2025-06-12 03:13:00,57.5
2025-06-12 08:19:00,85.1
2025-06-12 17:19:00,52.4
2025-06-12 19:39:00,88.0
2025-06-12 20:29:00,11.7
2025-06-12 22:33:00,67.4
2025-06-12 13:28:00,49.889081537019685
2025-06-12 05:38:00,38.4
2025-06-12 12:27:00,31.6
2025-06-12 20:32:00,81.9
2025-06-12 07:13:00,63.1
2025-06-12 13:39:00,32.6
2025-06-12 23:05:00,76.3
2025-06-12 03:16:00,49.6
2025-06-12 01:45:00,4.8
2025-06-12 23:57:00,49.889081537019685
2025-06-12 04:51:00,99.6
2025-06-12 02:38:00,48.7
2025-06-12 20:17:00,67.3
2025-06-12 02:34:00,64.8
2025-06-12 23:53:00,60.1
2025-06-12 22:03:00,98.9
2025-06-12 17:08:00,75.2
2025-06-12 02:14:00,79.0
2025-06-12 05:42:00,37.5
2025-06-12 15:14:00,47.2
2025-06-12 06:07:00,49.889081537019685
2025-06-12 10:11:00,35.8
2025-06-12 07:21:00,1.6
2025-06-12 10:31:00,5.8
2025-06-12 00:12:00,20.4
2025-06-12 11:32:00,55.4
2025-06-12 16:32:00,27.0
2025-06-12 14:40:00,21.3
2025-06-12 21:56:00,79.1
2025-06-12 04:13:00,81.7
2025-06-12 01:01:00,5.7
2025-06-12 15:39:00,49.889081537019685
2025-06-12 01:07:00,99.2
2025-06-12 21:11:00,20.6
2025-06-12 02:15:00,4.3
2025-06-12 19:54:00,16.5
2025-06-12 19:16:00,15.3
2025-06-12 00:01:00,49.889081537019685
2025-06-12 04:18:00,49.889081537019685
2025-06-12 12:56:00,45.3
2025-06-12 12:38:00,85.4
2025-06-12 15:13:00,57.9
2025-06-12 08:52:00,11.1
2025-06-12 12:16:00,49.889081537019685
2025-06-12 06:24:00,6.1
2025-06-12 05:45:00,49.889081537019685
2025-06-12 19:30:00,62.1
2025-06-12 05:19:00,79.1
2025-06-12 19:29:00,68.8
2025-06-12 07:09:00,92.1
2025-06-12 01:20:00,15.7
2025-06-12 17:57:00,51.5
2025-06-12 22:16:00,33.2
2025-06-12 08:24:00,5.7
2025-06-12 12:21:00,91.2
2025-06-12 17:54:00,28.6
2025-06-12 23:41:00,98.2
2025-06-12 03:49:00,26.9
2025-06-12 16:30:00,14.0
2025-06-12 03:40:00,2.1
2025-06-12 14:47:00,19.1
2025-06-12 06:15:00,71.1
2025-06-12 21:39:00,31.0
2025-06-12 06:20:00,32.7
2025-06-12 10:09:00,49.889081537019685
2025-06-12 16:47:00,83.1
2025-06-12 00:11:00,16.7
2025-06-12 08:09:00,48.5
2025-06-12 12:34:00,34.2
2025-06-12 15:12:00,32.0
2025-06-12 07:39:00,3.3
2025-06-12 16:27:00,44.0
2025-06-12 20:55:00,92.2
2025-06-12 10:50:00,65.2
2025-06-12 23:58:00,25.7
2025-06-12 09:23:00,49.889081537019685
2025-06-12 17:27:00,22.2
2025-06-12 14:18:00,49.889081537019685
2025-06-12 09:53:00,2.2
2025-06-12 15:47:00,21.1
2025-06-12 08:35:00,67.8
2025-06-12 18:04:00,38.5
2025-06-12 18:09:00,98.3
2025-06-12 03:15:00,9.2
2025-06-12 14:06:00,49.889081537019685
2025-06-12 09:32:00,73.3
2025-06-12 11:16:00,49.889081537019685
2025-06-12 18:38:00,92.9
2025-06-12 19:50:00,38.3
2025-06-12 07:57:00,1.6
2025-06-12 02:00:00,70.9
2025-06-12 13:57:00,97.0
2025-06-12 19:13:00,76.2
2025-06-12 22:02:00,49.889081537019685
2025-06-12 00:56:00,54.6
2025-06-12 04:36:00,54.6
2025-06-12 07:52:00,15.6
2025-06-12 20:56:00,50.0
2025-06-12 21:47:00,58.3
2025-06-12 06:08:00,12.9
2025-06-12 17:48:00,98.5
2025-06-12 16:59:00,4.3
2025-06-12 04:25:00,41.7
2025-06-12 19:48:00,11.4
2025-06-12 02:16:00,49.889081537019685
2025-06-12 06:06:00,97.0
2025-06-12 17:16:00,48.5
2025-06-12 16:55:00,66.7
2025-06-12 06:25:00,49.889081537019685
2025-06-12 06:11:00,73.0
2025-06-12 17:49:00,49.889081537019685
2025-06-12 13:09:00,39.1
2025-06-12 09:17:00,97.6
2025-06-12 10:33:00,8.5
2025-06-12 00:57:00,83.0
2025-06-12 17:46:00,35.7
2025-06-12 21:17:00,93.0
2025-06-12 14:39:00,9.5
2025-06-12 13:50:00,54.5
2025-06-12 22:37:00,76.2
2025-06-12 18:40:00,10.5
2025-06-12 18:15:00,34.8
2025-06-12 12:30:00,90.0
2025-06-12 20:47:00,13.1
2025-06-12 08:56:00,19.2
2025-06-12 16:41:00,77.1
2025-06-12 02:11:00,19.9
2025-06-12 01:26:00,94.4
2025-06-12 09:22:00,88.8
2025-06-12 03:09:00,49.889081537019685
2025-06-12 17:04:00,49.889081537019685
2025-06-12 08:32:00,13.9
2025-06-12 16:35:00,66.2
2025-06-12 07:37:00,71.2
2025-06-12 10:14:00,38.3
2025-06-12 20:43:00,8.1
2025-06-12 17:53:00,83.9
2025-06-12 11:23:00,49.889081537019685
2025-06-12 07:55:00,49.889081537019685
2025-06-12 11:47:00,77.3
2025-06-12 07:01:00,8.5
2025-06-12 12:37:00,15.6
2025-06-12 14:37:00,41.5
2025-06-12 10:19:00,54.0
2025-06-12 12:42:00,66.3
2025-06-12 16:49:00,35.8
2025-06-12 03:22:00,73.2
2025-06-12 06:38:00,49.889081537019685
2025-06-12 16:05:00,54.9
2025-06-12 13:19:00,18.4
2025-06-12 20:02:00,39.5
2025-06-12 03:51:00,7.0
2025-06-12 11:54:00,49.889081537019685
2025-06-12 17:28:00,59.1
2025-06-12 17:09:00,76.7
2025-06-12 15:36:00,78.6
2025-06-12 12:08:00,49.889081537019685
2025-06-12 01:47:00,81.9
2025-06-12 03:23:00,1.8
2025-06-12 12:59:00,26.8
2025-06-12 10:32:00,77.4
2025-06-12 18:21:00,6.2
2025-06-12 00:28:00,15.7
2025-06-12 11:05:00,74.5
2025-06-12 06:30:00,3.6
2025-06-12 00:22:00,21.8
2025-06-12 07:59:00,43.0
2025-06-12 00:58:00,58.1
2025-06-12 07:27:00,4.3
2025-06-12 08:43:00,49.889081537019685
2025-06-12 06:27:00,14.6
2025-06-12 15:17:00,49.889081537019685
2025-06-12 00:38:00,62.7
2025-06-12 14:53:00,47.4
2025-06-12 07:42:00,50.1
2025-06-12 15:09:00,49.889081537019685
2025-06-12 00:17:00,70.5
2025-06-12 19:46:00,44.9
2025-06-12 05:31:00,92.2
2025-06-12 19:53:00,16.0
2025-06-12 07:04:00,95.3
2025-06-12 19:38:00,52.1
2025-06-12 19:21:00,98.6
2025-06-12 14:28:00,33.2
2025-06-12 15:55:00,99.3
2025-06-12 22:45:00,28.5
2025-06-12 00:03:00,49.889081537019685
2025-06-12 23:08:00,69.8
2025-06-12 03:03:00,92.5
2025-06-12 00:59:00,21.5
2025-06-12 06:37:00,33.4
2025-06-12 07:00:00,48.6
2025-06-12 01:44:00,32.1
2025-06-12 13:37:00,82.3
2025-06-12 04:04:00,49.889081537019685
2025-06-12 04:29:00,49.889081537019685
2025-06-12 05:35:00,58.9
2025-06-12 08:06:00,49.889081537019685
2025-06-12 13:01:00,31.7
2025-06-12 02:27:00,47.5
2025-06-12 06:53:00,79.2
2025-06-12 23:13:00,62.0
2025-06-12 01:52:00,72.6
2025-06-12 01:58:00,76.7
2025-06-12 08:49:00,90.5
2025-06-12 01:37:00,79.9
2025-06-12 08:31:00,86.9
2025-06-12 15:07:00,69.7
2025-06-12 13:32:00,59.5
2025-06-12 15:45:00,52.5
2025-06-12 05:10:00,49.889081537019685
2025-06-12 05:09:00,71.8
2025-06-12 12:09:00,57.4
2025-06-12 16:00:00,96.1
2025-06-12 06:36:00,98.3
2025-06-12 15:58:00,49.889081537019685
2025-06-12 03:12:00,45.9
2025-06-12 03:39:00,49.889081537019685
2025-06-12 08:20:00,90.4
2025-06-12 08:08:00,70.1
2025-06-12 05:23:00,30.1
2025-06-12 05:08:00,5.5
2025-06-12 19:42:00,95.9
2025-06-12 16:26:00,19.2
2025-06-12 07:10:00,41.9
2025-06-12 10:24:00,60.2
2025-06-12 13:29:00,31.0
2025-06-12 01:31:00,87.5
2025-06-12 01:50:00,41.6
2025-06-12 08:27:00,12.2
2025-06-12 20:04:00,92.2
2025-06-12 11:28:00,80.4
2025-06-12 01:24:00,9.6
2025-06-12 02:19:00,16.7
2025-06-12 13:04:00,96.3
2025-06-12 20:52:00,79.6
2025-06-12 00:25:00,1.0
2025-06-12 13:46:00,45.8
2025-06-12 00:42:00,50.1
2025-06-12 23:15:00,60.3
2025-06-12 01:48:00,63.4
2025-06-12 10:22:00,35.6
2025-06-12 20:09:00,79.5
2025-06-12 03:30:00,24.4
2025-06-12 11:02:00,81.6
2025-06-12 04:32:00,15.5
2025-06-12 19:58:00,69.3
2025-06-12 15:08:00,11.7
2025-06-12 23:18:00,30.5
2025-06-12 00:09:00,70.2
2025-06-12 08:38:00,12.9
2025-06-12 11:37:00,5.3
2025-06-12 00:21:00,25.8
2025-06-12 21:03:00,82.5
2025-06-12 06:57:00,49.889081537019685
2025-06-12 15:40:00,85.8
2025-06-12 04:31:00,12.1
2025-06-12 14:26:00,92.4
2025-06-12 07:28:00,49.889081537019685
2025-06-12 17:45:00,3.7
2025-06-12 19:27:00,55.3
2025-06-12 05:01:00,49.889081537019685
2025-06-12 12:35:00,80.1
2025-06-12 19:43:00,28.1
2025-06-12 06:26:00,92.1
2025-06-12 12:00:00,72.1
2025-06-12 06:45:00,49.889081537019685
2025-06-12 09:48:00,83.1
2025-06-12 07:40:00,78.4
2025-06-12 15:50:00,61.6
2025-06-12 13:52:00,87.7
2025-06-12 11:08:00,71.9
2025-06-12 04:55:00,96.6
2025-06-12 13:45:00,52.9
2025-06-12 15:56:00,88.0
2025-06-12 18:00:00,49.889081537019685
2025-06-12 17:38:00,81.5
2025-06-12 18:41:00,60.7
2025-06-12 21:41:00,23.0
2025-06-12 22:05:00,49.889081537019685
2025-06-12 16:40:00,28.1
2025-06-12 08:21:00,49.889081537019685
2025-06-12 02:29:00,93.9
2025-06-12 17:02:00,26.9
2025-06-12 23:06:00,63.9
2025-06-12 03:05:00,24.7
2025-06-12 13:36:00,77.6
2025-06-12 12:46:00,28.7
2025-06-12 03:43:00,87.6
2025-06-12 09:58:00,91.0
2025-06-12 08:01:00,73.2
2025-06-12 03:31:00,65.6
2025-06-12 21:37:00,92.4
2025-06-12 01:35:00,37.5
2025-06-12 09:59:00,12.8
2025-06-12 13:53:00,19.9
2025-06-12 15:18:00,60.0
2025-06-12 08:29:00,88.6
2025-06-12 21:56:00,78.8
2025-06-12 01:44:00,4.3
2025-06-12 22:34:00,19.3
2025-06-12 06:39:00,56.9
2025-06-12 11:59:00,22.2
2025-06-12 02:35:00,50.12778039031272
2025-06-12 23:21:00,12.6
2025-06-12 05:08:00,78.9
2025-06-12 20:32:00,23.4
2025-06-12 05:31:00,17.2
2025-06-12 02:50:00,95.7
2025-06-12 19:48:00,33.4
2025-06-12 23:11:00,63.8
2025-06-12 03:59:00,23.7
2025-06-12 07:49:00,89.9
2025-06-12 03:09:00,86.6
2025-06-12 10:40:00,14.2
2025-06-12 17:57:00,50.12778039031272
2025-06-12 13:35:00,57.7
2025-06-12 13:20:00,69.0
2025-06-12 01:03:00,91.7
2025-06-12 01:42:00,61.4
2025-06-12 10:42:00,15.8
2025-06-12 12:25:00,95.0
2025-06-12 23:27:00,2.1
2025-06-12 08:18:00,2.4
2025-06-12 15:21:00,40.6
2025-06-12 11:12:00,50.12778039031272
2025-06-12 17:09:00,42.9
2025-06-12 13:00:00,29.0
2025-06-12 22:50:00,34.8
2025-06-12 12:34:00,90.6
2025-06-12 16:02:00,0.6
2025-06-12 13:37:00,34.9
2025-06-12 18:41:00,58.7
2025-06-12 00:13:00,18.3
2025-06-12 04:04:00,81.3
2025-06-12 13:51:00,50.12778039031272
2025-06-12 23:47:00,50.12778039031272
2025-06-12 14:24:00,91.8
2025-06-12 17:59:00,12.5
2025-06-12 01:01:00,16.9
2025-06-12 03:19:00,21.7
2025-06-12 11:27:00,59.3
2025-06-12 05:59:00,79.2
2025-06-12 07:04:00,97.9
2025-06-12 01:19:00,44.8
2025-06-12 12:58:00,67.7
2025-06-12 20:56:00,50.12778039031272
2025-06-12 05:12:00,94.8
2025-06-12 19:28:00,3.2
2025-06-12 12:38:00,70.8
2025-06-12 10:33:00,77.0
2025-06-12 20:59:00,69.7
2025-06-12 13:11:00,19.9
2025-06-12 13:29:00,62.8
2025-06-12 04:44:00,39.4
2025-06-12 16:12:00,50.12778039031272
2025-06-12 22:15:00,50.12778039031272
2025-06-12 21:44:00,59.5
2025-06-12 10:53:00,70.4
2025-06-12 05:48:00,26.9
2025-06-12 15:03:00,40.6
2025-06-12 05:09:00,68.2
2025-06-12 22:43:00,49.8
2025-06-12 22:13:00,64.7
2025-06-12 17:07:00,83.8
2025-06-12 09:39:00,13.6
2025-06-12 04:55:00,55.8
2025-06-12 00:24:00,28.5
2025-06-12 12:40:00,38.2
2025-06-12 15:48:00,45.1
2025-06-12 02:47:00,80.3
2025-06-12 21:32:00,62.5
2025-06-12 03:10:00,29.9
2025-06-12 08:52:00,50.12778039031272
2025-06-12 21:21:00,40.3
2025-06-12 14:51:00,91.9
2025-06-12 18:23:00,72.8
2025-06-12 21:06:00,19.7
2025-06-12 01:17:00,1.3
2025-06-12 23:36:00,50.12778039031272
2025-06-12 01:35:00,7.0
2025-06-12 09:20:00,50.12778039031272
2025-06-12 10:47:00,50.12778039031272
2025-06-12 18:48:00,50.12778039031272
2025-06-12 19:03:00,19.4
2025-06-12 00:36:00,20.2
2025-06-12 16:06:00,50.12778039031272
2025-06-12 01:52:00,77.8
2025-06-12 10:21:00,26.5
2025-06-12 21:18:00,86.2
2025-06-12 23:19:00,6.9
2025-06-12 19:50:00,48.7
2025-06-12 19:42:00,16.8
2025-06-12 13:28:00,52.8
2025-06-12 06:12:00,17.0
2025-06-12 00:37:00,50.12778039031272
2025-06-12 10:56:00,81.5
2025-06-12 17:16:00,22.8
2025-06-12 16:57:00,47.3
2025-06-12 09:17:00,40.7
2025-06-12 14:05:00,55.3
2025-06-12 14:33:00,99.8
2025-06-12 23:48:00,92.1
2025-06-12 21:20:00,22.0
2025-06-12 11:08:00,53.7
2025-06-12 20:12:00,78.1
2025-06-12 04:17:00,62.8
2025-06-12 06:02:00,20.1
2025-06-12 08:16:00,65.8
2025-06-12 06:17:00,61.7
2025-06-12 02:20:00,20.0
2025-06-12 12:46:00,66.4
2025-06-12 18:04:00,53.8
2025-06-12 23:58:00,62.8
2025-06-12 10:44:00,58.6
2025-06-12 00:42:00,50.12778039031272
2025-06-12 10:59:00,7.8
2025-06-12 15:25:00,10.5
2025-06-12 09:21:00,51.1
2025-06-12 12:33:00,64.3
2025-06-12 16:23:00,57.7
2025-06-12 23:50:00,88.1
2025-06-12 10:49:00,93.7
2025-06-12 10:51:00,3.3
2025-06-12 06:14:00,36.7
2025-06-12 11:58:00,35.2
2025-06-12 06:56:00,65.1
2025-06-12 22:42:00,64.7
2025-06-12 01:16:00,1.2
2025-06-12 10:09:00,78.4
2025-06-12 03:11:00,89.0
2025-06-12 14:23:00,58.5
2025-06-12 21:13:00,45.5
2025-06-12 05:15:00,23.2
2025-06-12 08:48:00,26.3
2025-06-12 21:35:00,72.7
2025-06-12 18:43:00,50.12778039031272
2025-06-12 16:40:00,21.4
2025-06-12 20:17:00,92.0
2025-06-12 03:29:00,40.7
2025-06-12 15:24:00,33.8
2025-06-12 15:22:00,35.4
2025-06-12 16:47:00,33.1
2025-06-12 17:37:00,74.0
2025-06-12 03:31:00,16.6
2025-06-12 11:07:00,90.8
2025-06-12 04:47:00,61.1
2025-06-12 08:03:00,45.2
2025-06-12 09:18:00,26.6
2025-06-12 20:13:00,33.0
2025-06-12 22:12:00,56.5
2025-06-12 14:25:00,45.6
2025-06-12 13:10:00,69.6
2025-06-12 14:34:00,14.3
2025-06-12 21:46:00,44.3
2025-06-12 06:51:00,50.12778039031272
2025-06-12 07:32:00,37.0
2025-06-12 06:53:00,34.3
2025-06-12 01:05:00,98.6
2025-06-12 11:49:00,90.9
2025-06-12 20:06:00,12.7
2025-06-12 16:26:00,58.7
2025-06-12 00:19:00,50.12778039031272
2025-06-12 10:12:00,54.4
2025-06-12 04:24:00,50.12778039031272
2025-06-12 10:06:00,31.1
2025-06-12 21:01:00,37.8
2025-06-12 16:03:00,50.4
2025-06-12 17:01:00,68.4
2025-06-12 15:00:00,95.1
2025-06-12 07:38:00,50.12778039031272
2025-06-12 01:38:00,84.7
2025-06-12 14:18:00,50.12778039031272
2025-06-12 00:44:00,56.7
2025-06-12 20:50:00,27.3
2025-06-12 16:11:00,28.9
2025-06-12 21:19:00,54.7
2025-06-12 05:25:00,50.12778039031272
2025-06-12 22:55:00,21.9
2025-06-12 22:23:00,95.8
2025-06-12 14:28:00,38.0
2025-06-12 19:11:00,75.0
2025-06-12 03:38:00,50.12778039031272
2025-06-12 04:46:00,44.4
2025-06-12 12:48:00,62.7
2025-06-12 04:57:00,0.4
2025-06-12 11:13:00,48.6
2025-06-12 16:35:00,69.3
2025-06-12 16:25:00,76.0
2025-06-12 02:59:00,87.1
2025-06-12 04:39:00,95.7
2025-06-12 05:37:00,50.12778039031272
2025-06-12 23:31:00,50.12778039031272
2025-06-12 06:45:00,80.7
2025-06-12 00:45:00,50.12778039031272
2025-06-12 02:10:00,73.0
2025-06-12 06:50:00,27.1
2025-06-12 19:44:00,50.12778039031272
2025-06-12 02:03:00,39.8
2025-06-12 08:50:00,50.12778039031272
2025-06-12 02:12:00,54.8
2025-06-12 17:26:00,99.4
2025-06-12 22:06:00,73.7
2025-06-12 02:55:00,50.12778039031272
2025-06-12 22:28:00,50.12778039031272
2025-06-12 03:56:00,1.7
2025-06-12 04:41:00,3.4
2025-06-12 17:04:00,28.7
2025-06-12 04:53:00,50.12778039031272
2025-06-12 12:47:00,89.9
2025-06-12 08:33:00,40.3
2025-06-12 09:16:00,65.9
2025-06-12 22:08:00,50.7
2025-06-12 06:37:00,57.5
2025-06-12 12:12:00,11.0
2025-06-12 10:41:00,26.0
2025-06-12 09:15:00,50.12778039031272
2025-06-12 06:30:00,50.12778039031272
2025-06-12 11:00:00,75.5
2025-06-12 07:54:00,9.0
2025-06-12 11:15:00,13.6
2025-06-12 18:25:00,50.12778039031272
2025-06-12 13:54:00,51.1
2025-06-12 13:46:00,66.5
2025-06-12 19:57:00,94.9
2025-06-12 14:41:00,19.3
2025-06-12 08:06:00,23.0
2025-06-12 08:41:00,58.6
2025-06-12 20:23:00,32.4
2025-06-12 10:37:00,28.9
2025-06-12 21:40:00,88.8
2025-06-12 10:35:00,50.12778039031272
2025-06-12 08:53:00,35.4
2025-06-12 04:25:00,53.8
2025-06-12 23:35:00,92.7
2025-06-12 06:43:00,50.12778039031272
2025-06-12 00:03:00,67.5
2025-06-12 23:32:00,97.9
2025-06-12 21:26:00,2.4
2025-06-12 03:04:00,50.12778039031272
2025-06-12 07:51:00,15.8
2025-06-12 07:42:00,17.9
2025-06-12 23:13:00,50.12778039031272
2025-06-12 03:15:00,76.4
2025-06-12 11:06:00,30.7
2025-06-12 04:12:00,59.9
2025-06-12 16:50:00,79.0
2025-06-12 23:12:00,50.12778039031272
2025-06-12 19:32:00,71.2
2025-06-12 18:21:00,47.0
2025-06-12 04:26:00,10.9
2025-06-12 01:09:00,80.8
2025-06-12 23:38:00,69.7
2025-06-12 06:19:00,72.7
2025-06-12 14:56:00,60.2
2025-06-12 11:02:00,30.8
2025-06-12 23:02:00,31.6
2025-06-12 19:23:00,38.8
2025-06-12 14:14:00,50.12778039031272
2025-06-12 17:35:00,50.12778039031272
2025-06-12 06:25:00,2.7
2025-06-12 23:09:00,50.12778039031272
2025-06-12 17:44:00,78.3
2025-06-12 17:36:00,50.12778039031272
2025-06-12 07:25:00,73.1
2025-06-12 22:16:00,20.3
2025-06-12 14:12:00,62.9
2025-06-12 21:17:00,42.8
2025-06-12 16:30:00,51.5
2025-06-12 15:13:00,50.12778039031272
2025-06-12 01:13:00,17.8
2025-06-12 14:32:00,50.12778039031272
2025-06-12 01:04:00,75.9
2025-06-12 07:52:00,87.6
2025-06-12 19:37:00,89.9
2025-06-12 18:39:00,12.6
2025-06-12 23:43:00,52.5
2025-06-12 20:57:00,50.12778039031272
2025-06-12 19:38:00,95.9
2025-06-12 00:47:00,95.3
2025-06-12 17:03:00,4.5
2025-06-12 13:07:00,61.4
2025-06-12 09:34:00,40.8
2025-06-12 20:08:00,88.6
2025-06-12 01:07:00,98.6
2025-06-12 14:45:00,49.8
2025-06-12 06:54:00,20.1
2025-06-12 04:58:00,50.1655304792927
2025-06-12 06:39:00,76.1
2025-06-12 20:22:00,59.4
2025-06-12 14:40:00,50.1655304792927
2025-06-12 15:07:00,89.7
2025-06-12 15:40:00,97.7
2025-06-12 21:25:00,38.1
2025-06-12 22:31:00,28.4
2025-06-12 00:47:00,84.8
2025-06-12 02:55:00,48.2
2025-06-12 15:01:00,50.1655304792927
2025-06-12 18:56:00,42.7
2025-06-12 03:08:00,63.3
2025-06-12 03:36:00,70.7
2025-06-12 07:55:00,59.4
2025-06-12 14:53:00,61.0
2025-06-12 23:00:00,53.8
2025-06-12 23:01:00,62.5
2025-06-12 11:57:00,10.3
2025-06-12 18:36:00,47.6
2025-06-12 03:44:00,74.4
2025-06-12 17:17:00,54.0
2025-06-12 01:55:00,25.8
2025-06-12 21:08:00,41.6
2025-06-12 17:35:00,45.5
2025-06-12 20:48:00,74.9
2025-06-12 14:15:00,45.4
2025-06-12 23:16:00,51.6
2025-06-12 23:39:00,26.0
2025-06-12 20:57:00,35.2
2025-06-12 20:56:00,10.4
2025-06-12 02:35:00,20.5
2025-06-12 04:03:00,50.1655304792927
2025-06-12 21:32:00,36.5
2025-06-12 11:20:00,12.8
2025-06-12 05:04:00,50.1655304792927
2025-06-12 21:33:00,48.7
2025-06-12 17:37:00,56.9
2025-06-12 05:11:00,6.1
2025-06-12 22:50:00,50.1655304792927
2025-06-12 08:57:00,40.0
2025-06-12 03:27:00,20.7
2025-06-12 19:15:00,79.0
2025-06-12 02:43:00,75.1
2025-06-12 10:35:00,99.8
2025-06-12 03:54:00,29.9
2025-06-12 18:54:00,41.0
2025-06-12 17:05:00,50.1655304792927
2025-06-12 10:26:00,14.7
2025-06-12 00:01:00,12.2
2025-06-12 09:41:00,7.3
2025-06-12 07:50:00,17.4
2025-06-12 02:18:00,94.1
2025-06-12 13:38:00,27.3
2025-06-12 23:34:00,65.8
2025-06-12 06:12:00,30.8
2025-06-12 09:49:00,50.1655304792927
2025-06-12 04:53:00,62.7
2025-06-12 02:36:00,17.0
2025-06-12 13:14:00,91.9
2025-06-12 04:35:00,56.5
2025-06-12 05:08:00,78.8
2025-06-12 12:54:00,48.5
2025-06-12 18:29:00,95.2
2025-06-12 14:13:00,91.4
2025-06-12 22:47:00,37.3
2025-06-12 23:17:00,15.0
2025-06-12 21:34:00,50.1655304792927
2025-06-12 17:33:00,74.4
2025-06-12 08:29:00,19.7
2025-06-12 03:41:00,46.5
2025-06-12 21:46:00,55.6
2025-06-12 17:47:00,72.5
2025-06-12 20:58:00,7.0
2025-06-12 19:10:00,47.1
2025-06-12 22:05:00,63.5
2025-06-12 22:06:00,26.4
2025-06-12 00:52:00,16.5
2025-06-12 01:48:00,50.1655304792927
2025-06-12 00:18:00,2.3
2025-06-12 00:36:00,61.2
2025-06-12 12:48:00,98.8
2025-06-12 03:31:00,89.5
2025-06-12 23:33:00,85.6
2025-06-12 03:48:00,4.3
2025-06-12 18:39:00,60.0
2025-06-12 14:55:00,74.2
2025-06-12 04:47:00,10.5
2025-06-12 11:38:00,24.9
2025-06-12 04:43:00,94.5
2025-06-12 20:29:00,50.1655304792927
2025-06-12 21:51:00,54.7
2025-06-12 13:09:00,70.8
2025-06-12 16:36:00,44.7
2025-06-12 23:35:00,41.5
2025-06-12 05:21:00,27.7
2025-06-12 01:29:00,75.9
2025-06-12 14:08:00,2.2
2025-06-12 21:44:00,32.1
2025-06-12 07:13:00,81.0
2025-06-12 05:54:00,89.5
2025-06-12 03:33:00,82.4
2025-06-12 18:59:00,78.1
2025-06-12 03:43:00,68.0
2025-06-12 03:32:00,66.9
2025-06-12 20:32:00,22.6
2025-06-12 00:25:00,40.8
2025-06-12 10:00:00,14.5
2025-06-12 19:55:00,36.4
2025-06-12 04:55:00,61.8
2025-06-12 17:21:00,48.7
2025-06-12 14:52:00,23.0
2025-06-12 11:54:00,1.2
2025-06-12 19:31:00,32.9
2025-06-12 08:56:00,42.8
2025-06-12 23:30:00,36.1
2025-06-12 16:22:00,32.7
2025-06-12 00:29:00,96.5
2025-06-12 05:50:00,57.2
2025-06-12 21:05:00,98.7
2025-06-12 15:49:00,5.9
2025-06-12 05:18:00,57.1
2025-06-12 16:31:00,29.8
2025-06-12 03:49:00,44.0
2025-06-12 12:38:00,24.7
2025-06-12 13:59:00,34.0
2025-06-12 19:09:00,8.0
2025-06-12 01:25:00,87.5
2025-06-12 01:56:00,30.9
2025-06-12 15:54:00,43.0
2025-06-12 00:00:00,58.9
2025-06-12 21:01:00,91.3
2025-06-12 22:46:00,26.3
2025-06-12 03:12:00,63.2
2025-06-12 10:32:00,63.1
2025-06-12 07:37:00,13.9
2025-06-12 19:36:00,93.6
2025-06-12 02:33:00,63.8
2025-06-12 06:24:00,0.5
2025-06-12 11:07:00,55.1
2025-06-12 04:31:00,72.5
2025-06-12 19:27:00,95.7
2025-06-12 22:25:00,96.1
2025-06-12 01:21:00,26.8
2025-06-12 15:43:00,94.5
2025-06-12 13:41:00,43.7
2025-06-12 14:28:00,49.1
2025-06-12 03:34:00,97.0
2025-06-12 12:55:00,71.1
2025-06-12 15:37:00,49.5
2025-06-12 04:14:00,88.6
2025-06-12 06:40:00,2.7
2025-06-12 00:40:00,77.4
2025-06-12 10:16:00,61.6
2025-06-12 09:06:00,77.9
2025-06-12 23:09:00,50.1655304792927
2025-06-12 01:43:00,68.1
2025-06-12 15:47:00,99.1
2025-06-12 06:33:00,53.9
2025-06-12 09:56:00,20.5
2025-06-12 11:35:00,64.1
2025-06-12 19:56:00,50.1655304792927
2025-06-12 14:35:00,35.7
2025-06-12 19:11:00,6.2
2025-06-12 08:53:00,50.1655304792927
2025-06-12 19:50:00,9.2
2025-06-12 02:45:00,9.0
2025-06-12 05:52:00,1.1
2025-06-12 06:29:00,68.3
2025-06-12 01:41:00,63.1
2025-06-12 04:04:00,86.8
2025-06-12 01:16:00,88.8
2025-06-12 13:46:00,8.9
2025-06-12 15:21:00,77.6
2025-06-12 07:24:00,25.3
2025-06-12 10:54:00,50.1655304792927
2025-06-12 05:41:00,54.8
2025-06-12 06:14:00,95.6
2025-06-12 23:56:00,54.2
2025-06-12 03:10:00,50.2
2025-06-12 17:56:00,63.1
2025-06-12 17:36:00,27.5
2025-06-12 18:52:00,50.1655304792927
2025-06-12 03:14:00,50.1655304792927
2025-06-12 15:59:00,50.1655304792927
2025-06-12 02:40:00,64.4
2025-06-12 21:12:00,17.3
2025-06-12 16:40:00,58.9
2025-06-12 23:43:00,51.8
2025-06-12 07:05:00,60.8
2025-06-12 00:16:00,40.4
2025-06-12 19:05:00,94.5
2025-06-12 01:26:00,3.2
2025-06-12 00:55:00,9.3
2025-06-12 14:42:00,7.4
2025-06-12 20:40:00,23.6
2025-06-12 08:20:00,2.2
2025-06-12 00:05:00,53.8
2025-06-12 08:25:00,90.6
2025-06-12 17:28:00,92.0
2025-06-12 03:35:00,74.5
2025-06-12 02:57:00,54.4
2025-06-12 04:56:00,64.7
2025-06-12 05:06:00,50.1655304792927
2025-06-12 19:43:00,50.1655304792927
2025-06-12 01:33:00,12.3
2025-06-12 20:16:00,72.1
2025-06-12 06:18:00,53.4
2025-06-12 01:27:00,50.1655304792927
2025-06-12 14:07:00,26.4
2025-06-12 08:34:00,54.0
2025-06-12 19:22:00,15.8
2025-06-12 12:59:00,50.1655304792927
2025-06-12 03:57:00,29.9
2025-06-12 15:23:00,40.9
2025-06-12 15:08:00,14.6
2025-06-12 01:12:00,56.4
2025-06-12 17:23:00,38.3
2025-06-12 08:15:00,54.6
2025-06-12 02:51:00,27.0
2025-06-12 17:45:00,38.3
2025-06-12 18:44:00,43.6
2025-06-12 04:10:00,37.3
2025-06-12 19:59:00,61.5
2025-06-12 13:52:00,73.7
2025-06-12 02:28:00,49.4
2025-06-12 19:51:00,36.8
2025-06-12 00:43:00,25.3
2025-06-12 07:22:00,87.8
2025-06-12 20:03:00,53.5
2025-06-12 12:40:00,14.6
2025-06-12 10:06:00,50.1655304792927
2025-06-12 20:49:00,54.8
2025-06-12 18:02:00,3.6
2025-06-12 15:06:00,50.1655304792927
2025-06-12 16:01:00,35.6
2025-06-12 22:54:00,22.4
2025-06-12 14:18:00,71.6
2025-06-12 16:11:00,50.1655304792927
2025-06-12 20:25:00,86.0
2025-06-12 01:32:00,11.5
2025-06-12 03:38:00,10.2
2025-06-12 21:09:00,94.4
2025-06-12 05:43:00,88.3
2025-06-12 01:50:00,94.0
2025-06-12 18:49:00,50.1655304792927
2025-06-12 03:42:00,73.0
2025-06-12 03:25:00,46.0
2025-06-12 00:41:00,13.4
2025-06-12 00:30:00,19.4
2025-06-12 02:30:00,79.4
2025-06-12 17:30:00,89.9
2025-06-12 10:30:00,21.5
2025-06-12 03:24:00,59.7
2025-06-12 23:47:00,50.1655304792927
2025-06-12 18:41:00,94.7
2025-06-12 22:19:00,50.1655304792927
2025-06-12 10:49:00,51.1
2025-06-12 03:55:00,50.1655304792927
2025-06-12 23:40:00,56.4
2025-06-12 04:49:00,50.1655304792927
2025-06-12 03:39:00,50.1655304792927
2025-06-12 06:28:00,83.6
2025-06-12 20:04:00,75.2
2025-06-12 19:14:00,42.9
2025-06-12 12:23:00,54.2
2025-06-12 19:21:00,35.9
2025-06-12 02:06:00,88.3
2025-06-12 06:56:00,25.3
2025-06-12 15:28:00,78.8
2025-06-12 23:14:00,64.7
2025-06-12 06:04:00,69.9
2025-06-12 01:59:00,43.8
2025-06-12 00:03:00,19.5
2025-06-12 23:18:00,82.9
2025-06-12 23:07:00,94.2
2025-06-12 23:31:00,75.9
2025-06-12 21:39:00,40.1
2025-06-12 14:12:00,68.3
2025-06-12 07:43:00,37.5
2025-06-12 02:04:00,50.2
2025-06-12 16:49:00,15.1
2025-06-12 22:58:00,67.9
2025-06-12 11:53:00,97.2
2025-06-12 03:29:00,32.9
2025-06-12 15:33:00,67.5
2025-06-12 13:42:00,44.6
2025-06-12 17:01:00,50.1655304792927
2025-06-12 12:42:00,50.0
2025-06-12 02:49:00,84.2
2025-06-12 19:01:00,55.2
2025-06-12 09:34:00,13.9
2025-06-12 21:57:00,13.0
2025-06-12 04:19:00,85.3
2025-06-12 02:57:00,68.2
2025-06-12 17:31:00,50.16485882352941
2025-06-12 18:36:00,50.16485882352941
2025-06-12 20:34:00,90.4
2025-06-12 01:38:00,57.6
2025-06-12 05:58:00,59.2
2025-06-12 17:59:00,50.16485882352941
2025-06-12 11:47:00,50.16485882352941
2025-06-12 17:08:00,50.16485882352941
2025-06-12 22:39:00,98.1
2025-06-12 15:03:00,6.4
2025-06-12 10:36:00,54.5
2025-06-12 14:41:00,67.3
2025-06-12 00:19:00,99.8
2025-06-12 23:50:00,82.5
2025-06-12 16:58:00,50.16485882352941
2025-06-12 17:30:00,50.16485882352941
2025-06-12 17:33:00,50.16485882352941
2025-06-12 19:51:00,19.6
2025-06-12 10:39:00,38.0
2025-06-12 18:55:00,3.3
2025-06-12 04:10:00,53.3
2025-06-12 03:03:00,28.9
2025-06-12 03:42:00,50.16485882352941
2025-06-12 05:35:00,78.0
2025-06-12 01:40:00,43.4
2025-06-12 19:15:00,74.8
2025-06-12 00:51:00,44.6
2025-06-12 00:49:00,15.7
2025-06-12 09:06:00,63.0
2025-06-12 07:57:00,67.0
2025-06-12 19:07:00,48.0
2025-06-12 00:42:00,99.1
2025-06-12 06:53:00,13.1
2025-06-12 00:52:00,7.9
2025-06-12 04:09:00,59.1
2025-06-12 11:07:00,25.1
2025-06-12 13:18:00,32.7
2025-06-12 10:27:00,3.0
2025-06-12 13:02:00,65.2
2025-06-12 00:09:00,45.9
2025-06-12 02:10:00,74.5
2025-06-12 20:46:00,45.9
2025-06-12 09:07:00,90.2
2025-06-12 21:26:00,35.2
2025-06-12 06:20:00,39.6
2025-06-12 08:43:00,67.5
2025-06-12 14:14:00,70.9
2025-06-12 00:10:00,13.0
2025-06-12 16:11:00,81.9
2025-06-12 03:11:00,48.6
2025-06-12 03:34:00,68.0
2025-06-12 08:21:00,5.9
2025-06-12 21:06:00,79.7
2025-06-12 12:58:00,50.9
2025-06-12 12:36:00,50.16485882352941
2025-06-12 07:49:00,41.3
2025-06-12 03:04:00,59.8
2025-06-12 00:58:00,98.5
2025-06-12 16:34:00,63.3
2025-06-12 02:03:00,0.3
2025-06-12 14:09:00,16.7
2025-06-12 03:45:00,19.7
2025-06-12 22:51:00,22.6
2025-06-12 06:10:00,72.0
2025-06-12 15:31:00,29.2
2025-06-12 06:04:00,77.6
2025-06-12 05:28:00,95.1
2025-06-12 09:37:00,26.7
2025-06-12 22:36:00,50.16485882352941
2025-06-12 01:57:00,18.4
2025-06-12 22:41:00,50.16485882352941
2025-06-12 01:32:00,85.4
2025-06-12 05:00:00,50.16485882352941
2025-06-12 11:32:00,98.1
2025-06-12 16:15:00,67.7
2025-06-12 01:28:00,86.6
2025-06-12 01:37:00,52.5
2025-06-12 07:40:00,50.1
2025-06-12 04:11:00,2.8
2025-06-12 18:45:00,46.5
2025-06-12 23:21:00,87.8
2025-06-12 20:26:00,24.9
2025-06-12 22:53:00,17.7
2025-06-12 03:23:00,67.4
2025-06-12 10:08:00,54.7
2025-06-12 06:26:00,50.16485882352941
2025-06-12 12:12:00,16.9
2025-06-12 21:45:00,5.3
2025-06-12 03:28:00,84.0
2025-06-12 19:56:00,39.2
2025-06-12 12:26:00,85.8
2025-06-12 07:41:00,38.7
2025-06-12 01:03:00,62.5
2025-06-12 03:37:00,39.7
2025-06-12 20:24:00,50.16485882352941
2025-06-12 04:18:00,70.4
2025-06-12 02:06:00,35.1
2025-06-12 16:40:00,50.16485882352941
2025-06-12 00:25:00,34.4
2025-06-12 07:46:00,17.4
2025-06-12 19:09:00,30.8
2025-06-12 09:42:00,65.7
2025-06-12 05:41:00,64.8
2025-06-12 21:48:00,92.8
2025-06-12 23:15:00,17.2
2025-06-12 04:37:00,33.6
2025-06-12 11:02:00,40.7
2025-06-12 07:31:00,90.9
2025-06-12 15:35:00,46.2
2025-06-12 01:00:00,72.6
2025-06-12 23:01:00,65.6
2025-06-12 00:38:00,92.5
2025-06-12 11:17:00,56.7
2025-06-12 06:30:00,53.4
2025-06-12 06:05:00,5.5
2025-06-12 00:15:00,50.16485882352941
2025-06-12 05:57:00,50.16485882352941
2025-06-12 21:34:00,98.1
2025-06-12 17:37:00,66.2
2025-06-12 23:59:00,6.9
2025-06-12 08:38:00,53.2
2025-06-12 07:00:00,44.7
2025-06-12 04:28:00,24.4
2025-06-12 06:08:00,66.9
2025-06-12 12:33:00,87.3
2025-06-12 20:13:00,22.9
2025-06-12 23:38:00,50.16485882352941
2025-06-12 14:47:00,98.1
2025-06-12 20:14:00,96.8
2025-06-12 00:54:00,78.0
2025-06-12 15:34:00,76.8
2025-06-12 00:18:00,20.1
2025-06-12 01:15:00,18.6
2025-06-12 00:16:00,23.4
2025-06-12 19:28:00,3.9
2025-06-12 06:02:00,68.0
2025-06-12 06:27:00,50.16485882352941
2025-06-12 16:49:00,50.16485882352941
2025-06-12 06:25:00,63.3
2025-06-12 18:11:00,50.16485882352941
2025-06-12 02:49:00,29.6
2025-06-12 02:46:00,9.5
2025-06-12 16:06:00,40.8
2025-06-12 01:22:00,74.8
2025-06-12 09:39:00,97.7
2025-06-12 18:31:00,50.16485882352941
2025-06-12 08:17:00,50.16485882352941
2025-06-12 00:36:00,49.9
2025-06-12 10:18:00,69.9
2025-06-12 17:32:00,29.0
2025-06-12 06:46:00,21.0
2025-06-12 06:43:00,50.16485882352941
2025-06-12 01:10:00,20.0
2025-06-12 06:12:00,14.2
2025-06-12 05:56:00,50.16485882352941
2025-06-12 21:42:00,78.6
2025-06-12 15:29:00,28.0
2025-06-12 15:50:00,59.3
2025-06-12 08:29:00,50.6
2025-06-12 23:40:00,43.6
2025-06-12 21:46:00,61.4
2025-06-12 20:57:00,69.4
2025-06-12 14:26:00,8.6
2025-06-12 21:49:00,9.9
2025-06-12 20:02:00,68.5
2025-06-12 17:46:00,72.9
2025-06-12 00:23:00,58.5
2025-06-12 03:17:00,50.16485882352941
2025-06-12 10:53:00,40.0
2025-06-12 05:36:00,35.9
2025-06-12 09:15:00,95.6
2025-06-12 23:18:00,49.5
2025-06-12 02:34:00,50.8
2025-06-12 07:01:00,22.4
2025-06-12 02:32:00,30.3
2025-06-12 12:50:00,9.5
2025-06-12 08:27:00,99.5
2025-06-12 04:13:00,33.3
2025-06-12 16:19:00,88.5
2025-06-12 18:26:00,70.9
2025-06-12 11:48:00,50.16485882352941
2025-06-12 22:43:00,77.8
2025-06-12 03:54:00,45.7
2025-06-12 08:23:00,66.5
2025-06-12 16:57:00,31.4
2025-06-12 21:35:00,46.0
2025-06-12 00:01:00,84.9
2025-06-12 12:59:00,50.16485882352941
2025-06-12 00:12:00,35.7
2025-06-12 19:30:00,45.8
2025-06-12 15:30:00,52.6
2025-06-12 08:35:00,66.0
2025-06-12 08:50:00,50.16485882352941
2025-06-12 07:23:00,87.7
2025-06-12 19:55:00,14.5
2025-06-12 16:07:00,50.16485882352941
2025-06-12 23:36:00,66.9
2025-06-12 16:28:00,88.8
2025-06-12 04:44:00,67.3
2025-06-12 08:10:00,50.16485882352941
2025-06-12 11:46:00,70.1
2025-06-12 07:03:00,39.3
2025-06-12 07:14:00,50.16485882352941
2025-06-12 06:34:00,46.8
2025-06-12 23:47:00,91.9
2025-06-12 10:46:00,65.3
2025-06-12 18:53:00,27.1
2025-06-12 00:31:00,7.0
2025-06-12 22:29:00,32.6
2025-06-12 23:24:00,46.0
2025-06-12 22:07:00,15.7
2025-06-12 10:10:00,50.16485882352941
2025-06-12 18:23:00,38.9
2025-06-12 13:56:00,88.8
2025-06-12 03:15:00,19.3
2025-06-12 17:35:00,8.6
2025-06-12 09:29:00,34.0
2025-06-12 10:43:00,49.8
2025-06-12 07:02:00,50.16485882352941
2025-06-12 12:51:00,88.0
2025-06-12 19:59:00,22.8
2025-06-12 05:51:00,82.1
2025-06-12 19:11:00,99.9
2025-06-12 18:04:00,76.1
2025-06-12 21:04:00,80.8
2025-06-12 22:24:00,15.1
2025-06-12 17:51:00,44.5
2025-06-12 23:03:00,15.2
2025-06-12 01:24:00,71.9
2025-06-12 06:15:00,18.9
2025-06-12 09:01:00,24.1
2025-06-12 07:22:00,29.9
2025-06-12 10:57:00,94.1
2025-06-12 07:48:00,89.1
2025-06-12 16:42:00,71.8
2025-06-12 20:10:00,79.3
2025-06-12 11:28:00,77.3
2025-06-12 07:28:00,45.9
2025-06-12 00:35:00,49.8
2025-06-12 23:07:00,50.16485882352941
2025-06-12 23:29:00,50.16485882352941
2025-06-12 04:30:00,78.7
2025-06-12 17:52:00,50.16485882352941
2025-06-12 06:03:00,47.3
2025-06-12 06:21:00,95.3
2025-06-12 22:45:00,32.0
2025-06-12 09:41:00,50.16485882352941
2025-06-12 04:27:00,79.6
2025-06-12 13:38:00,0.6
2025-06-12 11:42:00,14.7
2025-06-12 20:16:00,24.0
2025-06-12 23:49:00,14.6
2025-06-12 14:00:00,50.16485882352941
2025-06-12 19:31:00,63.3
2025-06-12 05:59:00,67.6
2025-06-12 02:35:00,48.9
2025-06-12 20:20:00,69.3
2025-06-12 00:17:00,16.9
2025-06-12 00:33:00,23.5
2025-06-12 22:04:00,50.16485882352941
2025-06-12 17:20:00,50.16485882352941
2025-06-12 13:44:00,16.2
2025-06-12 02:05:00,18.4
2025-06-12 21:55:00,2.9
2025-06-12 01:17:00,47.9
2025-06-12 20:33:00,82.0
2025-06-12 21:27:00,32.3
2025-06-12 08:39:00,50.16485882352941
2025-06-12 07:58:00,37.7
2025-06-12 21:07:00,37.9
2025-06-12 20:53:00,35.5
2025-06-12 17:04:00,84.9
2025-06-12 08:44:00,41.5
2025-06-12 15:40:00,27.5
2025-06-12 16:02:00,31.1
2025-06-12 23:44:00,50.16485882352941
2025-06-12 09:46:00,50.16485882352941
2025-06-12 11:56:00,50.16485882352941
2025-06-12 18:15:00,31.0
2025-06-12 16:12:00,50.16485882352941
2025-06-12 04:45:00,64.9
2025-06-12 09:00:00,14.9
2025-06-12 11:55:00,69.1
2025-06-12 11:40:00,56.0
2025-06-12 22:20:00,8.3
2025-06-12 21:03:00,16.0
2025-06-12 10:02:00,50.16485882352941
2025-06-12 02:08:00,97.6
2025-06-12 05:30:00,90.7
2025-06-12 08:49:00,4.4
2025-06-12 10:30:00,89.6
2025-06-12 00:13:00,32.5
2025-06-12 22:05:00,13.6
2025-06-12 01:05:00,64.2
2025-06-12 18:27:00,50.16485882352941
2025-06-12 10:17:00,12.1
2025-06-12 13:33:00,50.16485882352941
2025-06-12 13:07:00,50.16485882352941
2025-06-12 22:49:00,30.5
2025-06-12 04:43:00,78.5
2025-06-12 22:31:00,83.1
2025-06-12 19:25:00,78.6
2025-06-12 03:10:00,13.2
2025-06-12 06:16:00,50.16485882352941
2025-06-12 06:50:00,50.16485882352941
2025-06-12 07:34:00,77.5
2025-06-12 21:14:00,46.7
2025-06-12 08:34:00,9.5
2025-06-12 21:11:00,1.4
2025-06-12 09:59:00,55.5
2025-06-12 07:05:00,50.9
2025-06-12 20:19:00,49.7
2025-06-12 22:58:00,31.7
2025-06-12 14:36:00,49.40323484760014
2025-06-12 14:54:00,68.6
2025-06-12 09:39:00,25.7
2025-06-12 01:28:00,49.40323484760014
2025-06-12 17:56:00,49.40323484760014
2025-06-12 14:45:00,49.40323484760014
2025-06-12 16:35:00,9.0
2025-06-12 19:05:00,42.8
2025-06-12 19:22:00,52.6
2025-06-12 21:58:00,69.1
2025-06-12 06:43:00,91.4
2025-06-12 08:00:00,62.7
2025-06-12 08:32:00,45.0
2025-06-12 16:49:00,79.9
2025-06-12 04:38:00,33.0
2025-06-12 15:15:00,38.6
2025-06-12 00:01:00,49.40323484760014
2025-06-12 21:08:00,53.4
2025-06-12 08:55:00,84.9
2025-06-12 17:54:00,68.6
2025-06-12 16:54:00,49.40323484760014
2025-06-12 03:36:00,70.3
2025-06-12 17:44:00,29.0
2025-06-12 22:23:00,49.40323484760014
2025-06-12 18:42:00,30.1
2025-06-12 23:25:00,85.4
2025-06-12 23:27:00,59.5
2025-06-12 05:24:00,49.40323484760014
2025-06-12 06:14:00,42.1
2025-06-12 04:56:00,76.0
2025-06-12 06:46:00,14.3
2025-06-12 22:38:00,68.8
2025-06-12 14:28:00,31.8
2025-06-12 09:28:00,33.8
2025-06-12 21:10:00,13.7
2025-06-12 02:39:00,11.0
2025-06-12 17:53:00,6.1
2025-06-12 09:03:00,52.5
2025-06-12 20:13:00,49.40323484760014
2025-06-12 21:06:00,49.40323484760014
2025-06-12 09:13:00,11.1
2025-06-12 05:59:00,50.6
2025-06-12 19:58:00,71.5
2025-06-12 17:50:00,11.8
2025-06-12 11:42:00,48.9
2025-06-12 12:56:00,77.9
2025-06-12 06:01:00,96.6
2025-06-12 04:37:00,40.7
2025-06-12 19:46:00,13.3
2025-06-12 11:10:00,16.6
2025-06-12 13:13:00,96.2
2025-06-12 17:10:00,49.40323484760014
2025-06-12 23:05:00,99.5
2025-06-12 03:28:00,91.3
2025-06-12 06:31:00,64.1
2025-06-12 01:41:00,48.2
2025-06-12 08:46:00,97.5
2025-06-12 14:18:00,22.7
2025-06-12 02:59:00,36.6
2025-06-12 13:50:00,95.5
2025-06-12 16:38:00,28.8
2025-06-12 04:26:00,15.9
2025-06-12 19:00:00,50.3
2025-06-12 00:05:00,70.3
2025-06-12 00:12:00,73.2
2025-06-12 14:55:00,49.40323484760014
2025-06-12 07:56:00,49.40323484760014
2025-06-12 01:44:00,97.8
2025-06-12 06:54:00,13.6
2025-06-12 21:25:00,45.3
2025-06-12 00:16:00,38.6
2025-06-12 13:04:00,56.1
2025-06-12 15:52:00,66.9
2025-06-12 08:08:00,61.3
2025-06-12 03:26:00,95.0
2025-06-12 20:15:00,53.4
2025-06-12 15:24:00,54.6
2025-06-12 03:50:00,88.2
2025-06-12 10:48:00,93.3
2025-06-12 11:14:00,98.1
2025-06-12 08:59:00,50.7
2025-06-12 09:32:00,44.5
2025-06-12 09:07:00,96.6
2025-06-12 21:24:00,39.4
2025-06-12 14:51:00,49.40323484760014
2025-06-12 04:58:00,34.1
2025-06-12 18:08:00,49.40323484760014
2025-06-12 09:53:00,51.2
2025-06-12 23:17:00,76.0
2025-06-12 19:40:00,85.9
2025-06-12 22:15:00,0.7
2025-06-12 08:33:00,81.3
2025-06-12 22:02:00,31.8
2025-06-12 07:32:00,54.7
2025-06-12 10:46:00,49.40323484760014
2025-06-12 20:04:00,72.6
2025-06-12 19:02:00,49.40323484760014
2025-06-12 09:51:00,73.3
2025-06-12 16:03:00,35.7
2025-06-12 22:27:00,58.3
2025-06-12 17:51:00,34.8
2025-06-12 01:09:00,79.5
2025-06-12 01:56:00,81.0
2025-06-12 05:47:00,92.6
2025-06-12 01:10:00,55.3
2025-06-12 04:25:00,48.8
2025-06-12 22:03:00,62.9
2025-06-12 09:18:00,83.4
2025-06-12 23:20:00,49.40323484760014
2025-06-12 11:39:00,70.0
2025-06-12 03:15:00,83.9
2025-06-12 01:04:00,49.40323484760014
2025-06-12 05:17:00,79.6
2025-06-12 12:29:00,17.7
2025-06-12 15:35:00,9.7
2025-06-12 06:04:00,8.6
2025-06-12 10:14:00,13.2
2025-06-12 23:58:00,13.3
2025-06-12 01:46:00,64.4
2025-06-12 01:06:00,7.4
2025-06-12 12:37:00,49.1
2025-06-12 17:12:00,44.5
2025-06-12 14:34:00,75.2
2025-06-12 02:34:00,49.0
2025-06-12 03:53:00,11.2
2025-06-12 01:33:00,54.4
2025-06-12 22:50:00,59.4
2025-06-12 14:09:00,59.7
2025-06-12 08:15:00,61.3
2025-06-12 13:19:00,92.5
2025-06-12 17:23:00,59.5
2025-06-12 22:14:00,19.5
2025-06-12 17:32:00,43.0
2025-06-12 22:28:00,95.8
2025-06-12 14:06:00,49.40323484760014
2025-06-12 19:23:00,49.40323484760014
2025-06-12 08:17:00,42.4
2025-06-12 05:10:00,27.3
2025-06-12 05:50:00,31.3
2025-06-12 06:05:00,17.3
2025-06-12 00:29:00,68.1
2025-06-12 23:45:00,90.9
2025-06-12 06:39:00,49.40323484760014
2025-06-12 10:32:00,59.9
2025-06-12 01:22:00,15.5
2025-06-12 08:50:00,6.3
2025-06-12 14:11:00,49.40323484760014
2025-06-12 09:16:00,17.9
2025-06-12 12:01:00,33.5
2025-06-12 19:21:00,33.7
2025-06-12 20:39:00,23.1
2025-06-12 03:37:00,23.6
2025-06-12 19:31:00,78.2
2025-06-12 17:47:00,49.40323484760014
2025-06-12 03:45:00,12.6
2025-06-12 22:10:00,16.0
2025-06-12 10:36:00,15.5
2025-06-12 09:23:00,6.3
2025-06-12 22:21:00,49.40323484760014
2025-06-12 15:39:00,20.2
2025-06-12 20:41:00,66.3
2025-06-12 04:35:00,70.5
2025-06-12 03:09:00,94.3
2025-06-12 21:42:00,22.5
2025-06-12 21:33:00,52.7
2025-06-12 13:56:00,50.3
2025-06-12 23:07:00,49.40323484760014
2025-06-12 00:54:00,11.2
2025-06-12 04:52:00,87.5
2025-06-12 06:22:00,68.8
2025-06-12 15:19:00,55.4
2025-06-12 13:28:00,76.8
2025-06-12 04:17:00,47.9
2025-06-12 03:29:00,49.40323484760014
2025-06-12 09:45:00,48.6
2025-06-12 11:57:00,54.9
2025-06-12 21:46:00,14.3
2025-06-12 12:14:00,70.2
2025-06-12 10:00:00,47.7
2025-06-12 15:04:00,69.8
2025-06-12 13:18:00,38.1
2025-06-12 11:43:00,64.4
2025-06-12 09:08:00,42.3
2025-06-12 13:44:00,82.1
2025-06-12 06:50:00,86.1
2025-06-12 06:18:00,31.2
2025-06-12 21:19:00,31.6
2025-06-12 21:56:00,31.1
2025-06-12 02:32:00,39.8
2025-06-12 23:52:00,41.5
2025-06-12 14:16:00,18.1
2025-06-12 01:24:00,69.1
2025-06-12 11:45:00,49.40323484760014
2025-06-12 01:05:00,76.2
2025-06-12 21:05:00,30.9
2025-06-12 04:16:00,53.3
2025-06-12 22:39:00,49.40323484760014
2025-06-12 11:12:00,64.2
2025-06-12 20:22:00,49.40323484760014
2025-06-12 19:41:00,1.3
2025-06-12 21:13:00,49.40323484760014
2025-06-12 12:02:00,49.40323484760014
2025-06-12 11:17:00,49.40323484760014
2025-06-12 10:28:00,14.1
2025-06-12 09:05:00,84.6
2025-06-12 14:24:00,16.0
2025-06-12 16:12:00,86.2
2025-06-12 20:14:00,6.0
2025-06-12 08:49:00,49.40323484760014
2025-06-12 06:56:00,35.8
2025-06-12 04:59:00,58.1
2025-06-12 20:23:00,49.40323484760014
2025-06-12 18:09:00,93.5
2025-06-12 15:30:00,3.9
2025-06-12 08:13:00,92.9
2025-06-12 09:44:00,94.0
2025-06-12 21:18:00,77.2
2025-06-12 19:36:00,88.5
2025-06-12 17:38:00,73.8
2025-06-12 20:17:00,53.3
2025-06-12 05:11:00,47.1
2025-06-12 09:29:00,84.4
2025-06-12 12:05:00,49.40323484760014
2025-06-12 23:40:00,93.2
2025-06-12 13:10:00,5.3
2025-06-12 23:03:00,91.7
2025-06-12 13:15:00,7.4
2025-06-12 05:57:00,35.4
2025-06-12 06:25:00,77.5
2025-06-12 14:17:00,5.2
2025-06-12 00:50:00,69.6
2025-06-12 15:45:00,62.8
2025-06-12 23:42:00,70.5
2025-06-12 16:08:00,77.5
2025-06-12 11:18:00,24.9
2025-06-12 04:13:00,66.7
2025-06-12 01:47:00,49.8
2025-06-12 23:22:00,49.40323484760014
2025-06-12 20:42:00,64.3
2025-06-12 05:01:00,97.3
2025-06-12 10:25:00,51.7
2025-06-12 21:47:00,35.0
2025-06-12 01:31:00,54.6
2025-06-12 15:16:00,21.1
2025-06-12 13:35:00,14.3
2025-06-12 13:51:00,33.7
2025-06-12 00:40:00,86.7
2025-06-12 04:40:00,49.40323484760014
2025-06-12 03:42:00,27.7
2025-06-12 00:30:00,74.8
2025-06-12 18:41:00,83.4
2025-06-12 18:49:00,49.40323484760014
2025-06-12 15:13:00,65.8
2025-06-12 01:35:00,13.7
2025-06-12 07:48:00,49.40323484760014
2025-06-12 17:17:00,54.6
2025-06-12 11:35:00,66.1
2025-06-12 16:25:00,2.6
2025-06-12 22:34:00,86.4
2025-06-12 16:27:00,41.7
2025-06-12 19:55:00,29.5
2025-06-12 05:19:00,49.40323484760014
2025-06-12 13:47:00,50.4
2025-06-12 03:22:00,7.2
2025-06-12 07:06:00,57.4
2025-06-12 00:18:00,41.8
2025-06-12 17:26:00,58.0
2025-06-12 16:09:00,2.0
2025-06-12 12:27:00,18.8
2025-06-12 06:38:00,49.40323484760014
2025-06-12 07:42:00,21.4
2025-06-12 21:32:00,8.1
2025-06-12 05:42:00,50.6
2025-06-12 08:01:00,52.4
2025-06-12 11:58:00,20.1
2025-06-12 07:43:00,70.1
2025-06-12 16:24:00,48.0
2025-06-12 00:07:00,89.6
2025-06-12 04:34:00,75.6
2025-06-12 00:44:00,38.6
2025-06-12 04:15:00,49.40323484760014
2025-06-12 02:09:00,24.7
2025-06-12 12:18:00,51.7
2025-06-12 07:07:00,88.4
2025-06-12 11:55:00,63.8
2025-06-12 23:37:00,9.3
2025-06-12 16:24:00,95.9
2025-06-12 00:30:00,29.0
2025-06-12 23:54:00,39.8
2025-06-12 09:48:00,12.6
2025-06-12 05:36:00,91.5
2025-06-12 17:20:00,50.400661703887515
2025-06-12 09:05:00,76.8
2025-06-12 19:03:00,50.400661703887515
2025-06-12 03:13:00,91.9
2025-06-12 08:50:00,56.0
2025-06-12 06:42:00,76.4
2025-06-12 08:22:00,56.1
2025-06-12 03:27:00,73.0
2025-06-12 04:52:00,27.4
2025-06-12 15:56:00,4.1
2025-06-12 05:52:00,75.6
2025-06-12 18:20:00,39.5
2025-06-12 02:20:00,8.4
2025-06-12 11:33:00,27.3
2025-06-12 23:02:00,99.2
2025-06-12 02:36:00,76.8
2025-06-12 23:45:00,93.4
2025-06-12 03:44:00,23.5
2025-06-12 16:34:00,8.0
2025-06-12 21:12:00,79.4
2025-06-12 11:07:00,0.5
2025-06-12 17:50:00,10.8
2025-06-12 14:28:00,24.5
2025-06-12 00:41:00,50.400661703887515
2025-06-12 01:21:00,97.1
2025-06-12 09:23:00,23.1
2025-06-12 08:54:00,96.5
2025-06-12 06:38:00,50.400661703887515
2025-06-12 20:18:00,59.4
2025-06-12 20:08:00,3.6
2025-06-12 02:58:00,76.4
2025-06-12 05:22:00,12.0
2025-06-12 07:47:00,50.400661703887515
2025-06-12 22:57:00,71.6
2025-06-12 15:54:00,63.2
2025-06-12 10:10:00,27.2
2025-06-12 18:59:00,95.9
2025-06-12 21:17:00,22.5
2025-06-12 01:36:00,95.2
2025-06-12 19:27:00,39.4
2025-06-12 22:40:00,50.400661703887515
2025-06-12 14:56:00,50.400661703887515
2025-06-12 11:10:00,97.9
2025-06-12 09:25:00,74.9
2025-06-12 21:19:00,16.8
2025-06-12 09:13:00,76.3
2025-06-12 22:25:00,91.4
2025-06-12 11:45:00,59.6
2025-06-12 05:19:00,92.2
2025-06-12 22:48:00,20.6
2025-06-12 03:58:00,26.2
2025-06-12 09:12:00,37.0
2025-06-12 06:23:00,88.0
2025-06-12 06:18:00,17.5
2025-06-12 01:20:00,61.6
2025-06-12 22:03:00,75.5
2025-06-12 13:15:00,47.1
2025-06-12 05:00:00,50.400661703887515
2025-06-12 03:22:00,53.9
2025-06-12 16:25:00,14.0
2025-06-12 13:11:00,75.9
2025-06-12 06:37:00,33.1
2025-06-12 13:03:00,50.400661703887515
2025-06-12 07:58:00,88.4
2025-06-12 09:06:00,50.400661703887515
2025-06-12 10:46:00,50.1
2025-06-12 12:17:00,50.400661703887515
2025-06-12 13:46:00,39.7
2025-06-12 14:55:00,66.4
2025-06-12 07:51:00,13.4
2025-06-12 11:25:00,28.9
2025-06-12 13:28:00,17.5
2025-06-12 22:07:00,50.400661703887515
2025-06-12 05:21:00,99.5
2025-06-12 04:39:00,52.2
2025-06-12 08:25:00,20.2
2025-06-12 11:43:00,50.400661703887515
2025-06-12 17:13:00,50.400661703887515
2025-06-12 10:37:00,48.0
2025-06-12 03:25:00,50.8
2025-06-12 13:23:00,70.9
2025-06-12 18:41:00,86.6
2025-06-12 17:01:00,37.4
2025-06-12 22:47:00,80.5
2025-06-12 05:54:00,65.3
2025-06-12 23:31:00,58.3
2025-06-12 11:58:00,18.2
2025-06-12 01:37:00,55.9
2025-06-12 07:46:00,46.0
2025-06-12 20:41:00,97.9
2025-06-12 20:09:00,21.1
2025-06-12 12:21:00,21.9
2025-06-12 10:47:00,50.400661703887515
2025-06-12 05:31:00,36.7
2025-06-12 18:36:00,67.6
2025-06-12 04:51:00,91.7
2025-06-12 03:15:00,25.2
2025-06-12 13:29:00,44.2
2025-06-12 08:13:00,33.0
2025-06-12 12:01:00,33.0
2025-06-12 20:01:00,50.400661703887515
2025-06-12 15:48:00,43.2
2025-06-12 22:49:00,19.4
2025-06-12 23:00:00,81.4
2025-06-12 14:12:00,20.5
2025-06-12 03:37:00,16.6
2025-06-12 22:00:00,10.7
2025-06-12 02:12:00,54.0
2025-06-12 07:21:00,24.6
2025-06-12 14:53:00,76.0
2025-06-12 11:53:00,74.9
2025-06-12 01:12:00,86.5
2025-06-12 17:12:00,97.5
2025-06-12 01:09:00,30.6
2025-06-12 04:14:00,50.400661703887515
2025-06-12 07:18:00,20.1
2025-06-12 21:39:00,43.7
2025-06-12 06:29:00,59.8
2025-06-12 05:59:00,6.1
2025-06-12 09:27:00,10.0
2025-06-12 14:51:00,11.7
2025-06-12 13:08:00,50.400661703887515
2025-06-12 07:59:00,84.0
2025-06-12 11:09:00,67.5
2025-06-12 02:18:00,83.6
2025-06-12 22:38:00,41.6
2025-06-12 22:56:00,27.7
2025-06-12 15:17:00,61.9
2025-06-12 01:11:00,99.1
2025-06-12 15:31:00,50.400661703887515
2025-06-12 21:27:00,50.400661703887515
2025-06-12 21:13:00,42.0
2025-06-12 03:39:00,34.9
2025-06-12 10:52:00,55.0
2025-06-12 22:10:00,52.3
2025-06-12 03:10:00,50.400661703887515
2025-06-12 04:45:00,16.1
2025-06-12 09:40:00,14.7
2025-06-12 18:47:00,18.7
2025-06-12 21:11:00,11.0
2025-06-12 10:17:00,13.6
2025-06-12 13:25:00,26.3
2025-06-12 09:01:00,47.3
2025-06-12 15:30:00,22.3
2025-06-12 07:43:00,47.9
2025-06-12 03:24:00,0.6
2025-06-12 11:06:00,65.3
2025-06-12 00:58:00,50.400661703887515
2025-06-12 05:49:00,27.9
2025-06-12 19:12:00,37.1
2025-06-12 05:41:00,52.2
2025-06-12 06:12:00,40.1
2025-06-12 21:38:00,64.3
2025-06-12 18:22:00,96.4
2025-06-12 10:22:00,68.3
2025-06-12 21:42:00,3.0
2025-06-12 04:54:00,31.7
2025-06-12 04:58:00,56.7
2025-06-12 05:16:00,59.2
2025-06-12 08:26:00,10.6
2025-06-12 13:33:00,74.7
2025-06-12 19:05:00,50.400661703887515
2025-06-12 18:56:00,74.4
2025-06-12 12:06:00,85.8
2025-06-12 14:54:00,15.2
2025-06-12 14:00:00,34.0
2025-06-12 14:45:00,34.7
2025-06-12 07:14:00,15.5
2025-06-12 00:13:00,17.0
2025-06-12 04:24:00,51.0
2025-06-12 00:14:00,82.5
2025-06-12 23:25:00,40.7
2025-06-12 16:18:00,18.8
2025-06-12 09:29:00,88.8
2025-06-12 08:18:00,50.400661703887515
2025-06-12 00:01:00,54.0
2025-06-12 20:15:00,77.4
2025-06-12 08:12:00,19.7
2025-06-12 06:28:00,83.1
2025-06-12 21:20:00,56.8
2025-06-12 18:06:00,31.1
2025-06-12 14:31:00,82.7
2025-06-12 02:50:00,27.6
2025-06-12 07:13:00,30.2
2025-06-12 09:56:00,91.7
2025-06-12 04:26:00,68.3
2025-06-12 10:54:00,51.9
2025-06-12 13:40:00,7.3
2025-06-12 17:02:00,66.1
2025-06-12 15:19:00,50.400661703887515
2025-06-12 11:13:00,70.2
2025-06-12 04:47:00,93.1
2025-06-12 02:19:00,55.5
2025-06-12 01:41:00,50.400661703887515
2025-06-12 03:42:00,46.0
2025-06-12 00:19:00,53.9
2025-06-12 18:04:00,50.400661703887515
2025-06-12 16:29:00,61.7
2025-06-12 00:48:00,50.400661703887515
2025-06-12 13:21:00,90.9
2025-06-12 21:46:00,94.6
2025-06-12 19:52:00,50.400661703887515
2025-06-12 15:20:00,17.5
2025-06-12 15:13:00,48.4
2025-06-12 20:00:00,12.2
2025-06-12 16:03:00,50.400661703887515
2025-06-12 11:52:00,9.6
2025-06-12 16:22:00,20.1
2025-06-12 07:03:00,93.6
2025-06-12 14:37:00,68.9
2025-06-12 00:49:00,1.4
2025-06-12 21:21:00,36.8
2025-06-12 13:19:00,27.6
2025-06-12 03:33:00,99.0
2025-06-12 08:27:00,55.9
2025-06-12 23:53:00,12.4
2025-06-12 20:48:00,70.3
2025-06-12 18:05:00,78.0
2025-06-12 03:41:00,41.2
2025-06-12 12:50:00,46.6
2025-06-12 08:07:00,32.7
2025-06-12 20:14:00,50.400661703887515
2025-06-12 00:04:00,50.400661703887515
2025-06-12 02:01:00,50.400661703887515
2025-06-12 02:23:00,19.7
2025-06-12 19:10:00,74.6
2025-06-12 09:44:00,50.400661703887515
2025-06-12 03:09:00,46.8
2025-06-12 03:02:00,36.2
2025-06-12 19:15:00,81.1
2025-06-12 16:55:00,63.0
2025-06-12 22:28:00,23.0
2025-06-12 12:58:00,50.400661703887515
2025-06-12 01:01:00,50.400661703887515
2025-06-12 18:02:00,82.9
2025-06-12 16:08:00,50.400661703887515
2025-06-12 09:53:00,2.1
2025-06-12 13:07:00,50.400661703887515
2025-06-12 10:41:00,68.7
2025-06-12 04:56:00,45.8
2025-06-12 15:38:00,50.400661703887515
2025-06-12 12:46:00,46.2
2025-06-12 06:32:00,82.7
2025-06-12 08:57:00,0.0
2025-06-12 18:50:00,56.9
2025-06-12 22:17:00,4.5
2025-06-12 06:06:00,89.5
2025-06-12 03:08:00,94.5
2025-06-12 00:24:00,64.5
2025-06-12 05:15:00,85.3
2025-06-12 04:42:00,33.1
2025-06-12 07:39:00,77.2
2025-06-12 10:04:00,71.5
2025-06-12 15:28:00,29.3
2025-06-12 18:33:00,21.9
2025-06-12 01:42:00,10.1
2025-06-12 16:57:00,59.9
2025-06-12 05:58:00,40.9
2025-06-12 06:31:00,50.400661703887515
2025-06-12 18:28:00,9.2
2025-06-12 19:14:00,20.0
2025-06-12 19:25:00,39.3
2025-06-12 10:12:00,2.6
2025-06-12 07:15:00,10.7
2025-06-12 16:46:00,82.9
2025-06-12 07:38:00,15.5
2025-06-12 04:50:00,52.2
2025-06-12 09:39:00,15.9
2025-06-12 11:00:00,52.4
2025-06-12 21:10:00,14.1
2025-06-12 13:44:00,50.400661703887515
2025-06-12 21:40:00,73.9
2025-06-12 02:04:00,50.400661703887515
2025-06-12 11:18:00,63.0
2025-06-12 17:34:00,3.3
2025-06-12 18:30:00,37.7
2025-06-12 01:07:00,73.4
2025-06-12 01:30:00,3.1
2025-06-12 22:45:00,33.5
2025-06-12 08:53:00,19.6
2025-06-12 02:27:00,50.400661703887515
2025-06-12 06:57:00,97.7
2025-06-12 22:26:00,56.2
2025-06-12 04:31:00,84.9
2025-06-12 06:08:00,24.2
2025-06-12 09:04:00,62.9
2025-06-12 22:27:00,11.3
2025-06-12 10:56:00,50.400661703887515
2025-06-12 12:59:00,41.5
2025-06-12 03:32:00,49.84418741885991
2025-06-12 06:54:00,1.0
2025-06-12 15:39:00,19.0
2025-06-12 04:16:00,48.9
2025-06-12 15:19:00,1.4
2025-06-12 06:33:00,82.2
2025-06-12 20:45:00,49.84418741885991
2025-06-12 01:48:00,94.1
2025-06-12 17:55:00,14.5
2025-06-12 02:31:00,46.1
2025-06-12 08:05:00,13.5
2025-06-12 00:33:00,27.4
2025-06-12 10:57:00,84.1
2025-06-12 20:59:00,49.84418741885991
2025-06-12 14:46:00,82.9
2025-06-12 03:47:00,7.4
2025-06-12 03:08:00,49.84418741885991
2025-06-12 22:50:00,49.84418741885991
2025-06-12 06:14:00,6.9
2025-06-12 22:44:00,83.4
2025-06-12 06:59:00,91.0
2025-06-12 15:10:00,2.4
2025-06-12 21:39:00,30.6
2025-06-12 19:08:00,90.7
2025-06-12 07:55:00,32.3
2025-06-12 22:48:00,54.6
2025-06-12 19:39:00,74.8
2025-06-12 01:13:00,49.84418741885991
2025-06-12 20:14:00,49.84418741885991
2025-06-12 03:10:00,62.3
2025-06-12 17:36:00,49.84418741885991
2025-06-12 23:21:00,76.9
2025-06-12 19:44:00,37.9
2025-06-12 03:51:00,80.0
2025-06-12 17:44:00,2.4
2025-06-12 07:11:00,32.9
2025-06-12 08:02:00,66.9
2025-06-12 08:58:00,95.1
2025-06-12 05:56:00,22.9
2025-06-12 20:56:00,73.8
2025-06-12 06:58:00,98.8
2025-06-12 06:11:00,50.0
2025-06-12 16:04:00,68.6
2025-06-12 13:59:00,92.1
2025-06-12 00:50:00,64.8
2025-06-12 09:54:00,74.0
2025-06-12 21:31:00,23.3
2025-06-12 13:15:00,1.6
2025-06-12 20:31:00,43.9
2025-06-12 10:46:00,65.4
2025-06-12 08:36:00,28.0
2025-06-12 14:24:00,23.0
2025-06-12 14:31:00,86.0
2025-06-12 22:11:00,26.0
2025-06-12 16:41:00,49.84418741885991
2025-06-12 01:08:00,34.5
2025-06-12 17:38:00,55.7
2025-06-12 11:46:00,72.5
2025-06-12 13:49:00,39.9
2025-06-12 06:25:00,62.0
2025-06-12 23:46:00,23.3
2025-06-12 09:46:00,86.5
2025-06-12 05:24:00,9.5
2025-06-12 22:16:00,66.6
2025-06-12 17:53:00,0.5
2025-06-12 19:59:00,57.6
2025-06-12 11:33:00,4.4
2025-06-12 08:26:00,27.9
2025-06-12 11:42:00,32.9
2025-06-12 07:17:00,14.2
2025-06-12 19:04:00,53.6
2025-06-12 13:02:00,41.2
2025-06-12 05:52:00,71.6
2025-06-12 03:02:00,81.8
2025-06-12 20:18:00,92.8
2025-06-12 04:29:00,93.1
2025-06-12 14:14:00,49.84418741885991
2025-06-12 01:32:00,49.84418741885991
2025-06-12 19:02:00,49.84418741885991
2025-06-12 23:24:00,9.9
2025-06-12 19:27:00,46.0
2025-06-12 20:53:00,50.2
2025-06-12 15:37:00,49.84418741885991
2025-06-12 09:42:00,96.0
2025-06-12 23:34:00,37.3
2025-06-12 02:01:00,88.6
2025-06-12 22:00:00,46.0
2025-06-12 05:40:00,49.84418741885991
2025-06-12 00:10:00,9.0
2025-06-12 06:08:00,49.84418741885991
2025-06-12 18:32:00,92.7
2025-06-12 09:08:00,91.8
2025-06-12 07:46:00,11.4
2025-06-12 08:07:00,57.5
2025-06-12 11:08:00,64.9
2025-06-12 05:08:00,47.0
2025-06-12 04:32:00,49.84418741885991
2025-06-12 07:28:00,94.4
2025-06-12 09:59:00,64.3
2025-06-12 12:27:00,54.0
2025-06-12 16:40:00,49.84418741885991
2025-06-12 02:52:00,32.3
2025-06-12 12:34:00,19.1
2025-06-12 07:27:00,56.9
2025-06-12 11:21:00,47.0
2025-06-12 14:39:00,49.84418741885991
2025-06-12 06:17:00,26.3
2025-06-12 00:46:00,4.4
2025-06-12 06:36:00,98.7
2025-06-12 21:57:00,44.3
2025-06-12 16:29:00,3.2
2025-06-12 20:52:00,14.1
2025-06-12 14:11:00,88.2
2025-06-12 07:34:00,68.7
2025-06-12 05:21:00,73.6
2025-06-12 13:55:00,49.84418741885991
2025-06-12 09:18:00,5.8
2025-06-12 01:04:00,30.4
2025-06-12 01:11:00,82.3
2025-06-12 15:18:00,49.84418741885991
2025-06-12 02:54:00,43.5
2025-06-12 11:06:00,9.9
2025-06-12 03:22:00,0.0
2025-06-12 14:25:00,95.4
2025-06-12 03:27:00,93.8
2025-06-12 03:39:00,49.84418741885991
2025-06-12 00:11:00,43.6
2025-06-12 20:44:00,68.2
2025-06-12 12:36:00,28.6
2025-06-12 09:17:00,16.5
2025-06-12 06:31:00,13.1
2025-06-12 11:19:00,40.1
2025-06-12 16:02:00,78.8
2025-06-12 09:38:00,11.0
2025-06-12 13:17:00,40.0
2025-06-12 02:26:00,28.9
2025-06-12 01:41:00,92.8
2025-06-12 13:22:00,94.4
2025-06-12 10:12:00,40.8
2025-06-12 09:57:00,78.8
2025-06-12 02:57:00,56.2
2025-06-12 11:56:00,0.3
2025-06-12 22:10:00,76.5
2025-06-12 13:30:00,49.2
2025-06-12 06:16:00,31.9
2025-06-12 17:58:00,26.3
2025-06-12 16:36:00,66.6
2025-06-12 19:01:00,64.2
2025-06-12 14:59:00,49.84418741885991
2025-06-12 03:33:00,95.4
2025-06-12 21:29:00,95.4
2025-06-12 06:29:00,82.0
2025-06-12 06:45:00,47.9
2025-06-12 11:27:00,52.6
2025-06-12 07:00:00,49.84418741885991
2025-06-12 23:57:00,24.4
2025-06-12 12:05:00,49.84418741885991
2025-06-12 11:57:00,85.7
2025-06-12 21:23:00,19.5
2025-06-12 07:06:00,33.5
2025-06-12 19:32:00,68.1
2025-06-12 01:57:00,47.3
2025-06-12 13:01:00,63.9
2025-06-12 01:10:00,7.6
2025-06-12 00:32:00,94.8
2025-06-12 17:40:00,99.8
2025-06-12 13:46:00,57.5
2025-06-12 03:11:00,76.7
2025-06-12 11:41:00,60.4
2025-06-12 15:09:00,88.1
2025-06-12 07:41:00,10.5
2025-06-12 08:49:00,34.0
2025-06-12 15:44:00,96.2
2025-06-12 17:17:00,44.4
2025-06-12 19:06:00,20.2
2025-06-12 05:38:00,67.4
2025-06-12 17:52:00,49.84418741885991
2025-06-12 10:33:00,76.8
2025-06-12 16:35:00,71.7
2025-06-12 01:45:00,51.9
2025-06-12 23:26:00,20.3
2025-06-12 16:03:00,17.8
2025-06-12 10:44:00,33.9
2025-06-12 18:57:00,49.84418741885991
2025-06-12 01:31:00,67.6
2025-06-12 18:38:00,55.4
2025-06-12 22:33:00,49.84418741885991
2025-06-12 02:50:00,54.3
2025-06-12 16:33:00,49.84418741885991
2025-06-12 16:32:00,0.6
2025-06-12 23:20:00,10.7
2025-06-12 19:21:00,7.6
2025-06-12 08:41:00,8.0
2025-06-12 13:36:00,66.3
2025-06-12 22:12:00,65.9
2025-06-12 18:15:00,81.5
2025-06-12 15:15:00,49.84418741885991
2025-06-12 11:02:00,77.8
2025-06-12 23:00:00,52.7
2025-06-12 08:38:00,92.9
2025-06-12 20:07:00,58.5
2025-06-12 03:23:00,22.4
2025-06-12 15:24:00,75.4
2025-06-12 05:57:00,60.1
2025-06-12 13:37:00,51.1
2025-06-12 19:13:00,25.4
2025-06-12 18:29:00,13.2
2025-06-12 13:24:00,90.8
2025-06-12 02:13:00,49.84418741885991
2025-06-12 15:57:00,99.8
2025-06-12 16:00:00,49.84418741885991
2025-06-12 22:51:00,72.4
2025-06-12 21:22:00,52.2
2025-06-12 07:15:00,63.7
2025-06-12 14:49:00,37.7
2025-06-12 12:22:00,67.9
2025-06-12 22:54:00,13.1
2025-06-12 10:29:00,2.1
2025-06-12 00:45:00,49.84418741885991
2025-06-12 11:55:00,12.3
2025-06-12 23:47:00,49.84418741885991
2025-06-12 18:06:00,73.9
2025-06-12 14:03:00,75.9
2025-06-12 10:58:00,25.6
2025-06-12 06:27:00,46.3
2025-06-12 23:35:00,62.1
2025-06-12 12:18:00,35.9
2025-06-12 15:49:00,53.4
2025-06-12 21:10:00,60.7
2025-06-12 19:47:00,49.84418741885991
2025-06-12 06:26:00,49.84418741885991
2025-06-12 22:34:00,77.2
2025-06-12 05:54:00,66.4
2025-06-12 01:21:00,96.9
2025-06-12 22:26:00,75.4
2025-06-12 20:33:00,30.9
2025-06-12 17:25:00,68.4
2025-06-12 22:45:00,35.6
2025-06-12 02:43:00,38.7
2025-06-12 09:34:00,63.2
2025-06-12 13:12:00,95.1
2025-06-12 20:11:00,29.1
2025-06-12 16:16:00,13.8
2025-06-12 06:34:00,37.1
2025-06-12 22:07:00,13.2
2025-06-12 05:32:00,2.0
2025-06-12 12:29:00,32.3
2025-06-12 05:27:00,96.3
2025-06-12 00:34:00,49.84418741885991
2025-06-12 06:41:00,35.1
2025-06-12 19:43:00,20.5
2025-06-12 08:19:00,42.3
2025-06-12 23:08:00,7.3
2025-06-12 04:23:00,29.6
2025-06-12 02:33:00,26.4
2025-06-12 16:34:00,49.84418741885991
2025-06-12 17:50:00,74.6
2025-06-12 21:13:00,52.6
2025-06-12 05:43:00,86.7
2025-06-12 17:31:00,7.8
2025-06-12 09:31:00,10.7
2025-06-12 00:56:00,55.0
2025-06-12 00:08:00,3.9
2025-06-12 19:00:00,22.9
2025-06-12 18:18:00,49.84418741885991
2025-06-12 16:22:00,35.7
2025-06-12 18:23:00,44.4
2025-06-12 18:27:00,55.2
2025-06-12 03:26:00,28.1
2025-06-12 02:53:00,52.9
2025-06-12 09:05:00,54.6
2025-06-12 22:56:00,77.2
2025-06-12 14:04:00,34.0
2025-06-12 14:56:00,96.6
2025-06-12 01:06:00,14.2
2025-06-12 01:37:00,32.3
2025-06-12 05:07:00,98.1
2025-06-12 02:39:00,38.9
2025-06-12 06:20:00,57.9
2025-06-12 10:50:00,49.84418741885991
2025-06-12 12:31:00,59.9
2025-06-12 14:33:00,14.0
2025-06-12 01:14:00,29.3
2025-06-12 18:20:00,94.7
2025-06-12 07:43:00,94.0
2025-06-12 06:28:00,53.7
2025-06-12 15:51:00,32.7
2025-06-12 09:51:00,14.0
2025-06-12 07:58:00,64.1
2025-06-12 18:59:00,0.6
2025-06-12 14:50:00,67.8
2025-06-12 20:01:00,58.5
2025-06-12 06:13:00,3.0
2025-06-12 12:59:00,46.2
2025-06-12 08:01:00,75.6
2025-06-12 21:10:00,18.7
2025-06-12 11:48:00,5.0
2025-06-12 04:37:00,40.1
2025-06-12 13:25:00,59.7
2025-06-12 04:10:00,6.5
2025-06-12 19:06:00,28.0
2025-06-12 04:31:00,61.4
2025-06-12 02:17:00,50.31892714921527
2025-06-12 08:56:00,89.8
2025-06-12 15:39:00,10.0
2025-06-12 04:51:00,54.5
2025-06-12 07:24:00,0.8
2025-06-12 04:19:00,23.2
2025-06-12 01:04:00,65.7
2025-06-12 10:22:00,50.31892714921527
2025-06-12 09:41:00,50.31892714921527
2025-06-12 22:14:00,84.6
2025-06-12 14:31:00,61.6
2025-06-12 22:24:00,4.7
2025-06-12 03:56:00,89.3
2025-06-12 18:14:00,50.31892714921527
2025-06-12 08:30:00,50.31892714921527
2025-06-12 18:00:00,46.8
2025-06-12 13:01:00,94.1
2025-06-12 07:32:00,37.4
2025-06-12 02:46:00,83.4
2025-06-12 06:37:00,64.0
2025-06-12 22:59:00,5.3
2025-06-12 11:49:00,62.1
2025-06-12 17:19:00,50.2
2025-06-12 10:27:00,32.0
2025-06-12 10:59:00,11.0
2025-06-12 18:32:00,10.0
2025-06-12 06:36:00,66.1
2025-06-12 01:21:00,64.9
2025-06-12 04:43:00,66.1
2025-06-12 16:32:00,62.5
2025-06-12 11:32:00,26.9
2025-06-12 15:36:00,78.6
2025-06-12 05:12:00,19.1
2025-06-12 18:18:00,50.0
2025-06-12 13:31:00,50.31892714921527
2025-06-12 01:30:00,94.9
2025-06-12 08:59:00,26.4
2025-06-12 17:42:00,57.4
2025-06-12 21:13:00,37.8
2025-06-12 08:05:00,60.7
2025-06-12 13:21:00,74.3
2025-06-12 19:03:00,6.7
2025-06-12 03:22:00,83.6
2025-06-12 19:15:00,50.31892714921527
2025-06-12 20:44:00,43.1
2025-06-12 17:28:00,93.3
2025-06-12 11:17:00,44.3
2025-06-12 03:10:00,24.5
2025-06-12 03:11:00,41.2
2025-06-12 01:35:00,50.31892714921527
2025-06-12 14:03:00,88.1
2025-06-12 01:06:00,73.0
2025-06-12 09:29:00,70.9
2025-06-12 00:47:00,17.5
2025-06-12 01:12:00,16.8
2025-06-12 05:16:00,90.7
2025-06-12 02:28:00,35.7
2025-06-12 04:36:00,33.6
2025-06-12 00:41:00,61.0
2025-06-12 21:39:00,61.2
2025-06-12 10:55:00,67.8
2025-06-12 20:22:00,59.2
2025-06-12 00:57:00,21.0
2025-06-12 14:18:00,67.2
2025-06-12 21:11:00,78.6
2025-06-12 23:41:00,51.5
2025-06-12 18:15:00,56.9
2025-06-12 12:45:00,63.1
2025-06-12 14:27:00,46.6
2025-06-12 15:19:00,25.5
2025-06-12 08:39:00,73.7
2025-06-12 11:13:00,71.0
2025-06-12 09:45:00,50.31892714921527
2025-06-12 00:26:00,3.1
2025-06-12 03:18:00,4.1
2025-06-12 11:30:00,56.0
2025-06-12 13:29:00,94.7
2025-06-12 05:05:00,61.9
2025-06-12 01:46:00,83.0
2025-06-12 04:42:00,14.1
2025-06-12 08:41:00,50.31892714921527
2025-06-12 21:20:00,32.5
2025-06-12 04:20:00,6.6
2025-06-12 03:21:00,70.6
2025-06-12 18:16:00,91.9
2025-06-12 18:46:00,58.3
2025-06-12 10:09:00,50.31892714921527
2025-06-12 19:43:00,60.1
2025-06-12 14:41:00,85.8
2025-06-12 02:29:00,62.3
2025-06-12 02:07:00,89.1
2025-06-12 11:00:00,74.0
2025-06-12 01:29:00,64.0
2025-06-12 15:28:00,93.9
2025-06-12 02:55:00,5.1
2025-06-12 15:48:00,28.4
2025-06-12 09:39:00,49.9
2025-06-12 22:35:00,15.7
2025-06-12 06:51:00,23.1
2025-06-12 10:12:00,50.31892714921527
2025-06-12 01:47:00,58.2
2025-06-12 08:16:00,80.9
2025-06-12 03:23:00,61.9
2025-06-12 08:31:00,38.0
2025-06-12 09:26:00,98.2
2025-06-12 16:15:00,71.4
2025-06-12 12:30:00,95.6
2025-06-12 15:54:00,80.8
2025-06-12 00:24:00,24.3
2025-06-12 20:10:00,84.2
2025-06-12 20:45:00,42.9
2025-06-12 05:33:00,12.9
2025-06-12 00:02:00,50.31892714921527
2025-06-12 10:01:00,96.5
2025-06-12 20:00:00,26.3
2025-06-12 01:07:00,50.31892714921527
2025-06-12 16:05:00,24.7
2025-06-12 05:07:00,55.4
2025-06-12 12:41:00,67.1
2025-06-12 12:20:00,44.7
2025-06-12 19:14:00,4.1
2025-06-12 22:39:00,27.2
2025-06-12 02:23:00,8.7
2025-06-12 10:16:00,49.5
2025-06-12 17:02:00,86.4
2025-06-12 05:37:00,8.6
2025-06-12 03:17:00,15.8
2025-06-12 20:42:00,65.8
2025-06-12 14:40:00,50.31892714921527
2025-06-12 01:05:00,74.3
2025-06-12 00:34:00,99.8
2025-06-12 13:20:00,92.1
2025-06-12 06:14:00,63.8
2025-06-12 15:26:00,50.31892714921527
2025-06-12 03:16:00,6.4
2025-06-12 11:34:00,50.31892714921527
2025-06-12 03:35:00,39.7
2025-06-12 16:12:00,74.7
2025-06-12 05:51:00,5.4
2025-06-12 19:04:00,36.0
2025-06-12 10:47:00,50.4
2025-06-12 19:27:00,10.3
2025-06-12 11:44:00,50.31892714921527
2025-06-12 17:59:00,50.31892714921527
2025-06-12 08:18:00,51.9
2025-06-12 02:06:00,69.7
2025-06-12 14:29:00,55.4
2025-06-12 03:33:00,74.9
2025-06-12 07:07:00,92.6
2025-06-12 15:05:00,49.8
2025-06-12 18:49:00,80.4
2025-06-12 03:50:00,83.2
2025-06-12 21:03:00,34.8
2025-06-12 09:09:00,37.4
2025-06-12 08:47:00,8.6
2025-06-12 17:34:00,68.1
2025-06-12 01:22:00,75.9
2025-06-12 20:18:00,50.31892714921527
2025-06-12 19:29:00,0.9
2025-06-12 04:17:00,87.3
2025-06-12 07:29:00,54.4
2025-06-12 06:39:00,37.0
2025-06-12 23:20:00,92.2
2025-06-12 05:40:00,41.4
2025-06-12 04:12:00,49.3
2025-06-12 19:37:00,64.0
2025-06-12 10:23:00,91.8
2025-06-12 03:37:00,46.8
2025-06-12 04:56:00,76.6
2025-06-12 09:35:00,50.31892714921527
2025-06-12 17:45:00,72.3
2025-06-12 05:43:00,53.7
2025-06-12 01:03:00,90.8
2025-06-12 00:55:00,57.8
2025-06-12 11:28:00,74.3
2025-06-12 09:38:00,21.5
2025-06-12 21:42:00,99.7
2025-06-12 13:53:00,59.3
2025-06-12 03:34:00,32.4
2025-06-12 12:16:00,26.1
2025-06-12 11:04:00,50.31892714921527
2025-06-12 06:28:00,53.3
2025-06-12 14:19:00,45.6
2025-06-12 18:23:00,4.9
2025-06-12 04:05:00,68.8
2025-06-12 20:56:00,50.9
2025-06-12 16:37:00,23.0
2025-06-12 17:21:00,7.1
2025-06-12 15:59:00,28.2
2025-06-12 13:37:00,59.5
2025-06-12 00:13:00,86.5
2025-06-12 14:45:00,69.9
2025-06-12 19:57:00,50.31892714921527
2025-06-12 18:27:00,59.4
2025-06-12 08:17:00,68.5
2025-06-12 10:44:00,50.31892714921527
2025-06-12 08:51:00,50.31892714921527
2025-06-12 08:32:00,93.9
2025-06-12 15:35:00,93.8
2025-06-12 06:54:00,50.31892714921527
2025-06-12 06:11:00,56.8
2025-06-12 13:35:00,29.9
2025-06-12 21:41:00,97.8
2025-06-12 03:32:00,50.31892714921527
2025-06-12 03:55:00,7.2
2025-06-12 08:27:00,40.0
2025-06-12 18:30:00,8.9
2025-06-12 23:17:00,77.0
2025-06-12 02:22:00,63.8
2025-06-12 21:18:00,24.6
2025-06-12 07:06:00,50.31892714921527
2025-06-12 13:17:00,54.1
2025-06-12 13:22:00,85.3
2025-06-12 10:30:00,86.6
2025-06-12 07:55:00,50.31892714921527
2025-06-12 20:53:00,50.31892714921527
2025-06-12 04:22:00,13.3
2025-06-12 00:22:00,71.6
2025-06-12 15:31:00,92.3
2025-06-12 17:00:00,67.3
2025-06-12 18:35:00,30.4
2025-06-12 06:10:00,50.31892714921527
2025-06-12 03:08:00,1.9
2025-06-12 04:41:00,70.7
2025-06-12 06:55:00,71.7
2025-06-12 01:59:00,50.31892714921527
2025-06-12 15:38:00,45.2
2025-06-12 10:35:00,50.31892714921527
2025-06-12 14:05:00,41.8
2025-06-12 19:39:00,61.7
2025-06-12 16:54:00,46.7
2025-06-12 13:00:00,45.5
2025-06-12 21:33:00,91.5
2025-06-12 15:17:00,50.31892714921527
2025-06-12 16:16:00,95.6
2025-06-12 18:58:00,62.3
2025-06-12 12:33:00,87.3
2025-06-12 00:46:00,97.3
2025-06-12 06:32:00,61.8
2025-06-12 20:38:00,12.6
2025-06-12 01:14:00,36.4
2025-06-12 10:04:00,43.2
2025-06-12 08:44:00,4.0
2025-06-12 23:13:00,17.4
2025-06-12 11:54:00,31.6
2025-06-12 07:10:00,12.6
2025-06-12 19:36:00,63.6
2025-06-12 02:53:00,50.31892714921527
2025-06-12 20:11:00,50.31892714921527
2025-06-12 03:14:00,98.3
2025-06-12 08:58:00,12.3
2025-06-12 15:51:00,14.6
2025-06-12 05:31:00,40.5
2025-06-12 10:00:00,15.6
2025-06-12 01:53:00,60.9
2025-06-12 10:15:00,91.7
2025-06-12 00:39:00,98.3
2025-06-12 05:47:00,97.8
2025-06-12 16:13:00,77.0
2025-06-12 04:34:00,29.0
2025-06-12 18:50:00,50.31892714921527
2025-06-12 11:22:00,88.6
2025-06-12 04:40:00,24.7
2025-06-12 15:32:00,1.8
2025-06-12 16:25:00,41.3
2025-06-12 17:47:00,10.2
2025-06-12 00:52:00,52.2
2025-06-12 14:12:00,30.9
2025-06-12 00:06:00,33.6
2025-06-12 03:48:00,95.7
2025-06-12 11:36:00,64.2
2025-06-12 14:09:00,43.7
2025-06-12 22:52:00,68.4
2025-06-12 06:06:00,50.31892714921527
2025-06-12 22:12:00,11.3
2025-06-12 00:25:00,50.31892714921527
2025-06-12 21:57:00,33.0
2025-06-12 14:20:00,41.9
2025-06-12 18:40:00,25.7
2025-06-12 21:54:00,62.9
2025-06-12 23:50:00,36.5
2025-06-12 07:36:00,27.5
2025-06-12 17:09:00,9.6
2025-06-12 15:55:00,19.0
2025-06-12 06:30:00,54.9
2025-06-12 02:11:00,55.4
2025-06-12 11:31:00,68.1
2025-06-12 22:08:00,52.4
2025-06-12 23:14:00,98.1
2025-06-12 01:37:00,60.6
2025-06-12 19:49:00,46.6
2025-06-12 03:20:00,45.1
2025-06-12 07:53:00,83.9
2025-06-12 22:00:00,51.6
2025-06-12 23:40:00,50.31892714921527
2025-06-12 14:51:00,53.4
2025-06-12 23:15:00,54.2
2025-06-12 13:03:00,50.31892714921527
2025-06-12 11:53:00,91.3
2025-06-12 12:49:00,68.9
2025-06-12 19:13:00,7.5
2025-06-12 17:30:00,78.4
2025-06-12 22:53:00,50.31892714921527
2025-06-12 16:01:00,76.6
2025-06-12 19:23:00,19.1
2025-06-12 16:11:00,6.5
2025-06-12 01:51:00,67.3
2025-06-12 22:50:00,64.2
2025-06-12 03:46:00,69.0
2025-06-12 03:51:00,50.31892714921527
2025-06-12 10:21:00,26.8
2025-06-12 11:18:00,36.5
2025-06-12 15:08:00,1.1
2025-06-12 23:05:00,50.9
2025-06-12 11:38:00,25.6
2025-06-12 19:16:00,96.0
2025-06-12 19:58:00,99.4
2025-06-12 01:00:00,42.7
2025-06-12 06:33:00,57.1
2025-06-12 14:43:00,97.9
2025-06-12 22:10:00,20.7
2025-06-12 14:38:00,43.7
2025-06-12 09:36:00,88.3
2025-06-12 23:30:00,96.6
2025-06-12 20:07:00,31.1
2025-06-12 20:02:00,8.3
2025-06-12 22:17:00,6.1
2025-06-12 06:43:00,88.8
2025-06-12 17:34:00,30.3
2025-06-12 11:04:00,49.91221338324755
2025-06-12 09:03:00,70.6
2025-06-12 07:51:00,9.1
2025-06-12 07:28:00,23.8
2025-06-12 10:03:00,77.0
2025-06-12 00:04:00,5.4
2025-06-12 14:25:00,42.8
2025-06-12 19:09:00,8.4
2025-06-12 16:40:00,30.0
2025-06-12 16:19:00,34.8
2025-06-12 01:15:00,0.3
2025-06-12 15:42:00,88.4
2025-06-12 02:46:00,5.9
2025-06-12 14:23:00,75.2
2025-06-12 03:40:00,55.7
2025-06-12 22:49:00,57.5
2025-06-12 14:37:00,49.91221338324755
2025-06-12 10:02:00,59.9
2025-06-12 18:33:00,53.7
2025-06-12 08:05:00,47.0
2025-06-12 05:19:00,17.0
2025-06-12 09:06:00,49.91221338324755
2025-06-12 12:44:00,21.3
2025-06-12 01:07:00,33.8
2025-06-12 05:46:00,49.91221338324755
2025-06-12 22:03:00,18.4
2025-06-12 22:01:00,89.7
2025-06-12 14:44:00,47.6
2025-06-12 05:25:00,96.6
2025-06-12 15:43:00,51.1
2025-06-12 06:58:00,63.5
2025-06-12 03:25:00,14.3
2025-06-12 10:26:00,97.7
2025-06-12 07:12:00,39.8
2025-06-12 19:06:00,98.2
2025-06-12 21:04:00,28.6
2025-06-12 18:28:00,4.3
2025-06-12 15:03:00,51.5
2025-06-12 20:47:00,65.4
2025-06-12 17:06:00,31.4
2025-06-12 18:58:00,49.91221338324755
2025-06-12 01:21:00,46.7
2025-06-12 19:12:00,29.9
2025-06-12 06:18:00,90.5
2025-06-12 23:47:00,13.7
2025-06-12 23:20:00,9.4
2025-06-12 01:03:00,49.0
2025-06-12 13:03:00,5.7
2025-06-12 17:07:00,89.0
2025-06-12 04:58:00,97.1
2025-06-12 07:59:00,89.9
2025-06-12 09:00:00,9.9
2025-06-12 20:10:00,49.1
2025-06-12 11:01:00,22.5
2025-06-12 00:42:00,12.0
2025-06-12 22:24:00,18.3
2025-06-12 00:22:00,22.0
2025-06-12 17:44:00,9.8
2025-06-12 23:11:00,83.0
2025-06-12 19:03:00,15.6
2025-06-12 05:06:00,15.2
2025-06-12 21:38:00,49.91221338324755
2025-06-12 17:37:00,41.5
2025-06-12 04:56:00,3.6
2025-06-12 03:10:00,14.6
2025-06-12 23:35:00,49.91221338324755
2025-06-12 11:34:00,42.5
2025-06-12 06:02:00,49.91221338324755
2025-06-12 07:35:00,87.0
2025-06-12 04:12:00,90.2
2025-06-12 02:32:00,0.2
2025-06-12 04:37:00,86.7
2025-06-12 15:05:00,9.3
2025-06-12 10:33:00,6.1
2025-06-12 01:38:00,39.4
2025-06-12 01:55:00,49.91221338324755
2025-06-12 01:01:00,13.4
2025-06-12 10:12:00,49.91221338324755
2025-06-12 08:14:00,99.5
2025-06-12 21:45:00,42.2
2025-06-12 09:42:00,49.91221338324755
2025-06-12 12:48:00,61.5
2025-06-12 12:03:00,62.3
2025-06-12 06:05:00,35.0
2025-06-12 23:13:00,20.5
2025-06-12 15:47:00,16.0
2025-06-12 08:19:00,32.4
2025-06-12 18:07:00,33.3
2025-06-12 15:28:00,49.91221338324755
2025-06-12 03:20:00,11.5
2025-06-12 16:44:00,6.3
2025-06-12 16:48:00,34.8
2025-06-12 17:17:00,89.7
2025-06-12 01:11:00,42.4
2025-06-12 00:58:00,28.2
2025-06-12 12:15:00,6.8
2025-06-12 07:21:00,89.6
2025-06-12 21:06:00,35.9
2025-06-12 04:50:00,49.91221338324755
2025-06-12 05:14:00,23.9
2025-06-12 21:57:00,49.91221338324755
2025-06-12 06:10:00,26.5
2025-06-12 05:27:00,91.6
2025-06-12 18:24:00,61.3
2025-06-12 15:57:00,98.2
2025-06-12 23:04:00,98.3
2025-06-12 15:00:00,64.7
2025-06-12 17:59:00,46.3
2025-06-12 00:18:00,62.0
2025-06-12 00:52:00,49.91221338324755
2025-06-12 15:50:00,41.5
2025-06-12 18:09:00,41.6
2025-06-12 07:00:00,80.6
2025-06-12 07:11:00,80.1
2025-06-12 08:15:00,58.3
2025-06-12 14:33:00,49.91221338324755
2025-06-12 17:45:00,75.1
2025-06-12 18:04:00,93.9
2025-06-12 08:47:00,74.6
2025-06-12 14:06:00,57.6
2025-06-12 22:19:00,86.7
2025-06-12 17:23:00,41.5
2025-06-12 08:08:00,18.1
2025-06-12 21:32:00,39.8
2025-06-12 11:46:00,92.5
2025-06-12 07:46:00,94.2
2025-06-12 12:12:00,99.7
2025-06-12 18:11:00,24.0
2025-06-12 08:58:00,49.91221338324755
2025-06-12 13:15:00,27.0
2025-06-12 19:41:00,78.9
2025-06-12 08:04:00,49.91221338324755
2025-06-12 01:25:00,49.91221338324755
2025-06-12 11:10:00,22.2
2025-06-12 02:08:00,35.9
2025-06-12 07:36:00,23.4
2025-06-12 09:14:00,31.3
2025-06-12 00:25:00,71.6
2025-06-12 16:55:00,47.3
2025-06-12 21:58:00,22.0
2025-06-12 20:12:00,49.91221338324755
2025-06-12 12:26:00,58.5
2025-06-12 17:47:00,78.1
2025-06-12 04:18:00,68.8
2025-06-12 09:55:00,46.2
2025-06-12 02:47:00,20.1
2025-06-12 01:31:00,86.7
2025-06-12 10:57:00,63.0
2025-06-12 04:25:00,64.7
2025-06-12 22:40:00,67.9
2025-06-12 10:07:00,49.91221338324755
2025-06-12 13:44:00,79.9
2025-06-12 18:54:00,49.91221338324755
2025-06-12 08:41:00,49.91221338324755
2025-06-12 21:46:00,0.7
2025-06-12 15:36:00,54.9
2025-06-12 16:07:00,49.91221338324755
2025-06-12 10:43:00,53.5
2025-06-12 12:33:00,5.0
2025-06-12 11:21:00,38.8
2025-06-12 15:23:00,16.2
2025-06-12 17:41:00,88.1
2025-06-12 20:11:00,69.5
2025-06-12 23:37:00,28.4
2025-06-12 03:15:00,49.91221338324755
2025-06-12 15:17:00,24.8
2025-06-12 13:43:00,41.8
2025-06-12 15:51:00,16.9
2025-06-12 23:59:00,10.8
2025-06-12 05:52:00,72.8
2025-06-12 09:47:00,44.8
2025-06-12 16:11:00,83.1
2025-06-12 13:21:00,59.1
2025-06-12 11:37:00,25.1
2025-06-12 02:43:00,49.91221338324755
2025-06-12 16:23:00,17.3
2025-06-12 21:08:00,76.6
2025-06-12 15:48:00,94.7
2025-06-12 03:29:00,95.9
2025-06-12 17:05:00,96.7
2025-06-12 11:36:00,82.6
2025-06-12 10:21:00,49.91221338324755
2025-06-12 09:29:00,80.4
2025-06-12 04:16:00,26.1
2025-06-12 05:38:00,83.9
2025-06-12 17:15:00,43.0
2025-06-12 15:13:00,41.6
2025-06-12 07:57:00,88.5
2025-06-12 21:49:00,66.0
2025-06-12 18:51:00,49.91221338324755
2025-06-12 23:01:00,94.0
2025-06-12 15:59:00,52.1
2025-06-12 01:54:00,92.2
2025-06-12 19:28:00,55.4
2025-06-12 21:01:00,26.0
2025-06-12 14:07:00,88.6
2025-06-12 22:41:00,52.7
2025-06-12 06:22:00,31.1
2025-06-12 02:36:00,49.91221338324755
2025-06-12 04:22:00,81.4
2025-06-12 14:30:00,91.1
2025-06-12 19:01:00,97.6
2025-06-12 09:59:00,27.6
2025-06-12 13:30:00,67.3
2025-06-12 15:27:00,49.91221338324755
2025-06-12 19:51:00,67.5
2025-06-12 01:56:00,12.0
2025-06-12 20:40:00,49.91221338324755
2025-06-12 23:58:00,49.91221338324755
2025-06-12 15:07:00,53.3
2025-06-12 22:57:00,32.2
2025-06-12 19:55:00,25.7
2025-06-12 13:09:00,49.91221338324755
2025-06-12 00:17:00,68.6
2025-06-12 16:42:00,87.6
2025-06-12 19:59:00,48.6
2025-06-12 07:18:00,48.5
2025-06-12 07:30:00,49.91221338324755
2025-06-12 00:27:00,79.0
2025-06-12 09:23:00,76.1
2025-06-12 14:47:00,83.2
2025-06-12 19:36:00,49.91221338324755
2025-06-12 14:29:00,69.3
2025-06-12 19:14:00,37.5
2025-06-12 19:07:00,47.6
2025-06-12 14:24:00,10.4
2025-06-12 11:38:00,15.6
2025-06-12 21:43:00,7.6
2025-06-12 12:05:00,5.1
2025-06-12 02:53:00,13.2
2025-06-12 04:40:00,39.4
2025-06-12 03:32:00,26.7
2025-06-12 09:46:00,49.91221338324755
2025-06-12 23:19:00,53.4
2025-06-12 23:03:00,81.2
2025-06-12 11:14:00,49.91221338324755
2025-06-12 13:20:00,0.6
2025-06-12 22:31:00,35.6
2025-06-12 12:43:00,45.9
2025-06-12 06:16:00,49.91221338324755
2025-06-12 07:03:00,95.9
2025-06-12 08:28:00,39.4
2025-06-12 16:01:00,90.6
2025-06-12 04:53:00,26.0
2025-06-12 22:18:00,40.5
2025-06-12 18:18:00,52.7
2025-06-12 07:52:00,12.6
2025-06-12 22:21:00,73.5
2025-06-12 21:11:00,97.0
2025-06-12 14:58:00,35.8
2025-06-12 02:02:00,47.3
2025-06-12 08:33:00,15.2
2025-06-12 08:29:00,33.0
2025-06-12 07:43:00,45.6
2025-06-12 21:52:00,57.7
2025-06-12 14:51:00,17.9
2025-06-12 07:44:00,59.9
2025-06-12 21:02:00,3.0
2025-06-12 23:16:00,68.1
2025-06-12 10:22:00,68.2
2025-06-12 06:24:00,80.2
2025-06-12 21:30:00,12.1
2025-06-12 18:55:00,39.5
2025-06-12 09:38:00,41.5
2025-06-12 08:01:00,34.1
2025-06-12 02:31:00,49.91221338324755
2025-06-12 03:02:00,4.4
2025-06-12 11:07:00,44.9
2025-06-12 10:42:00,3.6
2025-06-12 01:33:00,0.4
2025-06-12 19:02:00,85.4
2025-06-12 16:45:00,8.2
2025-06-12 06:41:00,45.2
2025-06-12 02:27:00,77.3
2025-06-12 07:25:00,49.91221338324755
2025-06-12 23:46:00,37.9
2025-06-12 10:13:00,49.91221338324755
2025-06-12 17:41:00,65.4
2025-06-12 14:32:00,26.3
2025-06-12 16:06:00,52.5
2025-06-12 13:16:00,96.1
2025-06-12 16:22:00,95.3
2025-06-12 16:32:00,75.3
2025-06-12 22:01:00,76.9
2025-06-12 21:47:00,50.557353635505194
2025-06-12 10:30:00,14.0
2025-06-12 22:29:00,77.2
2025-06-12 03:37:00,52.2
2025-06-12 22:03:00,47.4
2025-06-12 06:22:00,1.9
2025-06-12 12:19:00,93.7
2025-06-12 11:25:00,52.0
2025-06-12 11:37:00,29.1
2025-06-12 08:17:00,70.3
2025-06-12 11:08:00,90.6
2025-06-12 00:54:00,80.8
2025-06-12 06:36:00,4.1
2025-06-12 20:36:00,96.2
2025-06-12 10:52:00,10.7
2025-06-12 07:44:00,28.7
2025-06-12 13:38:00,45.2
2025-06-12 01:07:00,18.6
2025-06-12 15:00:00,70.1
2025-06-12 10:58:00,64.2
2025-06-12 19:54:00,5.5
2025-06-12 23:52:00,34.9
2025-06-12 02:35:00,58.5
2025-06-12 16:41:00,54.2
2025-06-12 19:36:00,38.6
2025-06-12 03:22:00,46.8
2025-06-12 18:13:00,32.7
2025-06-12 00:18:00,17.9
2025-06-12 22:52:00,33.7
2025-06-12 16:20:00,88.8
2025-06-12 12:05:00,43.9
2025-06-12 05:42:00,68.7
2025-06-12 00:58:00,94.4
2025-06-12 17:16:00,74.2
2025-06-12 10:40:00,58.0
2025-06-12 18:56:00,76.2
2025-06-12 01:10:00,79.3
2025-06-12 02:36:00,47.9
2025-06-12 02:49:00,50.557353635505194
2025-06-12 10:56:00,84.1
2025-06-12 15:06:00,50.557353635505194
2025-06-12 04:31:00,9.6
2025-06-12 02:57:00,50.557353635505194
2025-06-12 01:19:00,58.6
2025-06-12 06:43:00,5.8
2025-06-12 03:07:00,40.0
2025-06-12 04:08:00,4.6
2025-06-12 18:31:00,25.0
2025-06-12 15:38:00,50.557353635505194
2025-06-12 02:27:00,2.1
2025-06-12 07:33:00,34.1
2025-06-12 03:29:00,18.9
2025-06-12 23:29:00,52.7
2025-06-12 15:25:00,1.4
2025-06-12 04:30:00,50.557353635505194
2025-06-12 12:33:00,42.8
2025-06-12 10:25:00,57.5
2025-06-12 02:58:00,83.1
2025-06-12 19:05:00,50.557353635505194
2025-06-12 01:57:00,47.7
2025-06-12 15:02:00,42.7
2025-06-12 01:00:00,15.4
2025-06-12 04:42:00,68.9
2025-06-12 18:27:00,1.2
2025-06-12 10:27:00,50.557353635505194
2025-06-12 00:56:00,84.6
2025-06-12 17:08:00,38.4
2025-06-12 21:31:00,24.4
2025-06-12 00:05:00,82.2
2025-06-12 06:40:00,75.8
2025-06-12 06:25:00,5.1
2025-06-12 14:15:00,96.5
2025-06-12 13:50:00,85.9
2025-06-12 23:54:00,23.2
2025-06-12 13:52:00,34.0
2025-06-12 09:22:00,19.3
2025-06-12 05:54:00,6.5
2025-06-12 00:53:00,60.5
2025-06-12 13:10:00,5.7
2025-06-12 23:01:00,50.557353635505194
2025-06-12 21:15:00,13.4
2025-06-12 05:09:00,50.557353635505194
2025-06-12 16:26:00,32.0
2025-06-12 05:56:00,50.557353635505194
2025-06-12 01:58:00,26.9
2025-06-12 00:15:00,41.8
2025-06-12 20:01:00,6.1
2025-06-12 03:57:00,9.0
2025-06-12 03:16:00,63.5
2025-06-12 10:17:00,72.3
2025-06-12 17:46:00,90.3
2025-06-12 18:28:00,2.3
2025-06-12 11:38:00,50.557353635505194
2025-06-12 02:59:00,22.6
2025-06-12 10:02:00,50.557353635505194
2025-06-12 02:45:00,80.5
2025-06-12 22:40:00,93.2
2025-06-12 10:34:00,73.2
2025-06-12 17:02:00,22.3
2025-06-12 04:37:00,35.7
2025-06-12 02:05:00,67.2
2025-06-12 16:14:00,15.4
2025-06-12 13:42:00,50.557353635505194
2025-06-12 07:57:00,2.3
2025-06-12 12:18:00,56.7
2025-06-12 21:12:00,19.1
2025-06-12 04:29:00,4.7
2025-06-12 22:55:00,23.9
2025-06-12 15:51:00,56.5
2025-06-12 11:41:00,30.9
2025-06-12 12:24:00,5.9
2025-06-12 12:08:00,54.5
2025-06-12 15:20:00,81.1
2025-06-12 20:43:00,64.1
2025-06-12 08:21:00,50.557353635505194
2025-06-12 01:02:00,84.6
2025-06-12 02:40:00,7.4
2025-06-12 06:06:00,87.2
2025-06-12 00:30:00,10.5
2025-06-12 03:45:00,88.7
2025-06-12 02:33:00,66.0
2025-06-12 09:24:00,50.557353635505194
2025-06-12 07:40:00,22.5
2025-06-12 07:59:00,50.557353635505194
2025-06-12 18:35:00,60.1
2025-06-12 09:01:00,50.557353635505194
2025-06-12 19:40:00,44.5
2025-06-12 19:39:00,94.6
2025-06-12 20:52:00,92.3
2025-06-12 04:56:00,5.1
2025-06-12 03:00:00,47.5
2025-06-12 13:54:00,28.3
2025-06-12 08:59:00,99.6
2025-06-12 14:42:00,99.8
2025-06-12 00:34:00,1.1
2025-06-12 10:35:00,79.5
2025-06-12 15:15:00,45.2
2025-06-12 09:53:00,50.557353635505194
2025-06-12 09:46:00,50.557353635505194
2025-06-12 06:27:00,57.0
2025-06-12 06:23:00,25.8
2025-06-12 10:47:00,61.0
2025-06-12 04:32:00,50.557353635505194
2025-06-12 06:21:00,6.9
2025-06-12 04:23:00,92.1
2025-06-12 08:55:00,24.9
2025-06-12 11:10:00,32.7
2025-06-12 00:26:00,86.3
2025-06-12 10:22:00,50.4
2025-06-12 21:03:00,99.1
2025-06-12 03:46:00,50.557353635505194
2025-06-12 13:11:00,26.4
2025-06-12 12:14:00,10.4
2025-06-12 03:10:00,60.3
2025-06-12 04:44:00,18.8
2025-06-12 21:37:00,3.7
2025-06-12 15:21:00,1.9
2025-06-12 06:39:00,22.7
2025-06-12 08:25:00,58.0
2025-06-12 02:46:00,50.557353635505194
2025-06-12 19:49:00,50.557353635505194
2025-06-12 20:38:00,33.9
2025-06-12 03:54:00,94.3
2025-06-12 22:54:00,50.557353635505194
2025-06-12 23:03:00,97.2
2025-06-12 02:54:00,41.1
2025-06-12 17:39:00,83.3
2025-06-12 11:00:00,12.8
2025-06-12 18:11:00,29.0
2025-06-12 14:59:00,11.5
2025-06-12 14:14:00,77.4
2025-06-12 09:27:00,47.9
2025-06-12 23:30:00,50.557353635505194
2025-06-12 06:09:00,23.5
2025-06-12 23:44:00,50.557353635505194
2025-06-12 07:49:00,22.9
2025-06-12 04:07:00,28.9
2025-06-12 20:28:00,36.4
2025-06-12 05:53:00,98.6
2025-06-12 01:21:00,50.557353635505194
2025-06-12 12:48:00,82.3
2025-06-12 20:59:00,50.557353635505194
2025-06-12 20:05:00,81.5
2025-06-12 07:12:00,41.4
2025-06-12 16:40:00,85.6
2025-06-12 14:57:00,32.8
2025-06-12 00:55:00,49.0
2025-06-12 07:11:00,50.557353635505194
2025-06-12 05:57:00,1.2
2025-06-12 06:32:00,54.9
2025-06-12 01:54:00,18.9
2025-06-12 19:16:00,94.4
2025-06-12 15:41:00,41.4
2025-06-12 15:52:00,34.9
2025-06-12 09:50:00,44.7
2025-06-12 12:21:00,50.557353635505194
2025-06-12 09:54:00,62.6
2025-06-12 02:11:00,85.9
2025-06-12 08:30:00,94.0
2025-06-12 14:34:00,50.557353635505194
2025-06-12 06:10:00,42.2
2025-06-12 05:00:00,50.557353635505194
2025-06-12 18:04:00,50.557353635505194
2025-06-12 22:58:00,80.2
2025-06-12 13:12:00,50.557353635505194
2025-06-12 00:00:00,37.4
2025-06-12 09:38:00,41.3
2025-06-12 20:14:00,82.9
2025-06-12 18:42:00,69.9
2025-06-12 18:51:00,33.6
2025-06-12 22:53:00,50.557353635505194
2025-06-12 16:13:00,50.557353635505194
2025-06-12 02:04:00,50.557353635505194
2025-06-12 07:52:00,92.6
2025-06-12 18:45:00,30.7
2025-06-12 22:14:00,46.6
2025-06-12 12:23:00,75.0
2025-06-12 07:10:00,8.6
2025-06-12 14:07:00,51.0
2025-06-12 11:04:00,98.9
2025-06-12 17:00:00,38.1
2025-06-12 12:15:00,77.3
2025-06-12 09:06:00,50.557353635505194
2025-06-12 21:51:00,74.0
2025-06-12 09:33:00,78.6
2025-06-12 05:11:00,70.5
2025-06-12 13:00:00,66.7
2025-06-12 02:41:00,95.2
2025-06-12 21:44:00,95.3
2025-06-12 16:55:00,57.0
2025-06-12 05:14:00,80.0
2025-06-12 09:19:00,78.0
2025-06-12 06:38:00,62.7
2025-06-12 18:07:00,35.3
2025-06-12 07:02:00,37.1
2025-06-12 15:04:00,52.9
2025-06-12 00:41:00,70.8
2025-06-12 02:44:00,61.7
2025-06-12 10:03:00,70.4
2025-06-12 00:13:00,75.1
2025-06-12 13:18:00,88.1
2025-06-12 20:48:00,70.9
2025-06-12 17:03:00,79.9
2025-06-12 07:32:00,77.5
2025-06-12 11:40:00,12.9
2025-06-12 20:41:00,93.9
2025-06-12 01:40:00,39.2
2025-06-12 15:42:00,87.2
2025-06-12 08:23:00,17.6
2025-06-12 16:34:00,67.3
2025-06-12 10:49:00,8.6
2025-06-12 22:59:00,96.5
2025-06-12 22:38:00,50.557353635505194
2025-06-12 11:19:00,13.6
2025-06-12 03:41:00,50.557353635505194
2025-06-12 09:32:00,12.9
2025-06-12 12:10:00,41.0
2025-06-12 15:37:00,54.9
2025-06-12 12:26:00,64.5
2025-06-12 16:54:00,19.6
2025-06-12 01:16:00,56.0
2025-06-12 19:00:00,91.2
2025-06-12 18:26:00,93.8
2025-06-12 14:51:00,86.0
2025-06-12 19:29:00,23.9
2025-06-12 00:27:00,50.557353635505194
2025-06-12 01:43:00,52.3
2025-06-12 17:13:00,93.2
2025-06-12 13:55:00,30.4
2025-06-12 09:39:00,60.8
2025-06-12 06:56:00,21.9
2025-06-12 15:43:00,53.8
2025-06-12 06:50:00,98.2
2025-06-12 20:56:00,76.7
2025-06-12 05:35:00,47.2
2025-06-12 10:46:00,13.2
2025-06-12 14:13:00,25.1
2025-06-12 12:12:00,50.557353635505194
2025-06-12 22:27:00,28.8
2025-06-12 00:07:00,90.1
2025-06-12 22:19:00,28.6
2025-06-12 12:33:00,85.7
2025-06-12 23:04:00,90.0
2025-06-12 21:36:00,1.5
2025-06-12 19:31:00,61.0
2025-06-12 15:40:00,80.6
2025-06-12 20:40:00,42.8
2025-06-12 12:14:00,38.0
2025-06-12 05:20:00,7.1
2025-06-12 16:18:00,42.9
2025-06-12 03:36:00,38.1
2025-06-12 12:48:00,73.0
2025-06-12 21:47:00,49.87196987526477
2025-06-12 07:32:00,67.4
2025-06-12 14:58:00,46.1
2025-06-12 11:01:00,97.8
2025-06-12 06:42:00,49.87196987526477
2025-06-12 21:02:00,64.1
2025-06-12 04:19:00,15.8
2025-06-12 17:20:00,84.1
2025-06-12 04:18:00,49.87196987526477
2025-06-12 22:00:00,62.4
2025-06-12 02:55:00,70.9
2025-06-12 00:25:00,49.87196987526477
2025-06-12 10:12:00,12.9
2025-06-12 06:24:00,77.0
2025-06-12 10:25:00,49.3
2025-06-12 00:36:00,49.87196987526477
2025-06-12 10:55:00,29.6
2025-06-12 16:41:00,48.3
2025-06-12 08:47:00,15.5
2025-06-12 15:07:00,39.7
2025-06-12 03:11:00,49.87196987526477
2025-06-12 07:33:00,16.5
2025-06-12 05:49:00,22.3
2025-06-12 21:32:00,55.6
2025-06-12 01:19:00,45.4
2025-06-12 21:42:00,49.87196987526477
2025-06-12 04:05:00,69.8
2025-06-12 03:35:00,34.3
2025-06-12 13:46:00,1.7
2025-06-12 02:01:00,96.1
2025-06-12 00:46:00,7.9
2025-06-12 18:09:00,61.1
2025-06-12 15:35:00,61.0
2025-06-12 11:00:00,73.5
2025-06-12 23:28:00,1.4
2025-06-12 16:13:00,12.5
2025-06-12 15:57:00,96.7
2025-06-12 17:50:00,79.9
2025-06-12 20:47:00,5.8
2025-06-12 20:17:00,84.3
2025-06-12 16:24:00,49.87196987526477
2025-06-12 14:31:00,82.7
2025-06-12 02:17:00,18.8
2025-06-12 18:39:00,77.5
2025-06-12 07:43:00,8.9
2025-06-12 12:57:00,23.1
2025-06-12 09:38:00,81.6
2025-06-12 08:05:00,99.3
2025-06-12 14:15:00,18.8
2025-06-12 08:00:00,49.87196987526477
2025-06-12 15:38:00,49.87196987526477
2025-06-12 13:47:00,75.0
2025-06-12 22:31:00,49.87196987526477
2025-06-12 14:56:00,72.6
2025-06-12 18:03:00,76.9
2025-06-12 21:33:00,97.4
2025-06-12 17:49:00,37.4
2025-06-12 10:39:00,65.8
2025-06-12 22:14:00,2.6
2025-06-12 02:46:00,49.87196987526477
2025-06-12 00:09:00,10.9
2025-06-12 08:03:00,49.87196987526477
2025-06-12 19:06:00,97.8
2025-06-12 14:42:00,1.3
2025-06-12 09:46:00,46.3
2025-06-12 16:38:00,67.2
2025-06-12 15:24:00,15.0
2025-06-12 07:45:00,36.2
2025-06-12 17:10:00,30.6
2025-06-12 11:59:00,62.0
2025-06-12 04:41:00,22.9
2025-06-12 07:36:00,49.87196987526477
2025-06-12 15:08:00,51.0
2025-06-12 20:09:00,61.8
2025-06-12 03:43:00,29.5
2025-06-12 23:23:00,56.4
2025-06-12 08:24:00,74.9
2025-06-12 16:23:00,58.8
2025-06-12 23:21:00,49.87196987526477
2025-06-12 11:52:00,81.6
2025-06-12 07:28:00,21.9
2025-06-12 20:23:00,66.9
2025-06-12 21:26:00,91.0
2025-06-12 19:11:00,4.5
2025-06-12 01:42:00,49.87196987526477
2025-06-12 08:34:00,49.87196987526477
2025-06-12 20:38:00,81.9
2025-06-12 09:37:00,70.9
2025-06-12 02:48:00,54.5
2025-06-12 22:36:00,49.87196987526477
2025-06-12 12:26:00,40.7
2025-06-12 19:32:00,49.87196987526477
2025-06-12 05:47:00,72.7
2025-06-12 10:45:00,49.87196987526477
2025-06-12 22:26:00,59.0
2025-06-12 15:25:00,27.9
2025-06-12 01:55:00,29.7
2025-06-12 02:35:00,14.6
2025-06-12 14:10:00,1.8
2025-06-12 10:27:00,49.87196987526477
2025-06-12 13:55:00,51.2
2025-06-12 16:22:00,13.7
2025-06-12 22:38:00,49.87196987526477
2025-06-12 14:35:00,44.0
2025-06-12 17:45:00,79.4
2025-06-12 20:24:00,81.2
2025-06-12 01:06:00,90.6
2025-06-12 19:45:00,49.87196987526477
2025-06-12 08:56:00,54.1
2025-06-12 13:00:00,95.0
2025-06-12 03:37:00,66.7
2025-06-12 03:23:00,35.6
2025-06-12 20:00:00,9.5
2025-06-12 09:26:00,51.0
2025-06-12 04:42:00,49.87196987526477
2025-06-12 09:18:00,35.3
2025-06-12 07:27:00,49.87196987526477
2025-06-12 22:53:00,36.6
2025-06-12 02:39:00,49.87196987526477
2025-06-12 10:07:00,77.4
2025-06-12 19:48:00,16.2
2025-06-12 00:27:00,75.7
2025-06-12 03:47:00,49.87196987526477
2025-06-12 04:26:00,2.3
2025-06-12 03:20:00,77.0
2025-06-12 06:12:00,17.6
2025-06-12 13:37:00,66.2
2025-06-12 02:44:00,5.5
2025-06-12 19:30:00,93.7
2025-06-12 16:10:00,49.87196987526477
2025-06-12 16:51:00,37.5
2025-06-12 10:48:00,45.7
2025-06-12 17:27:00,49.87196987526477
2025-06-12 01:26:00,22.7
2025-06-12 12:00:00,66.7
2025-06-12 12:21:00,14.5
2025-06-12 12:30:00,66.6
2025-06-12 04:17:00,45.5
2025-06-12 09:32:00,39.0
2025-06-12 10:56:00,45.5
2025-06-12 16:37:00,10.0
2025-06-12 04:11:00,59.3
2025-06-12 01:54:00,99.9
2025-06-12 04:57:00,30.3
2025-06-12 19:22:00,78.4
2025-06-12 16:55:00,89.2
2025-06-12 03:10:00,37.9
2025-06-12 11:37:00,93.4
2025-06-12 04:08:00,84.7
2025-06-12 03:41:00,85.1
2025-06-12 06:38:00,30.2
2025-06-12 09:21:00,16.5
2025-06-12 04:38:00,49.87196987526477
2025-06-12 21:13:00,26.9
2025-06-12 18:22:00,94.9
2025-06-12 06:08:00,64.1
2025-06-12 13:56:00,49.87196987526477
2025-06-12 00:01:00,49.87196987526477
2025-06-12 10:43:00,41.7
2025-06-12 15:32:00,26.9
2025-06-12 04:54:00,49.87196987526477
2025-06-12 23:10:00,87.8
2025-06-12 09:34:00,87.5
2025-06-12 20:37:00,95.2
2025-06-12 06:04:00,49.87196987526477
2025-06-12 16:04:00,87.3
2025-06-12 07:24:00,45.7
2025-06-12 03:25:00,91.8
2025-06-12 01:21:00,49.87196987526477
2025-06-12 19:20:00,49.87196987526477
2025-06-12 16:59:00,45.7
2025-06-12 10:47:00,56.7
2025-06-12 01:37:00,49.87196987526477
2025-06-12 17:38:00,49.87196987526477
2025-06-12 06:15:00,33.0
2025-06-12 14:22:00,0.6
2025-06-12 19:55:00,78.6
2025-06-12 22:10:00,60.5
2025-06-12 01:09:00,0.8
2025-06-12 19:42:00,14.5
2025-06-12 20:31:00,25.3
2025-06-12 09:41:00,83.7
2025-06-12 20:46:00,75.0
2025-06-12 22:17:00,62.2
2025-06-12 08:53:00,33.1
2025-06-12 20:22:00,40.5
2025-06-12 16:00:00,75.3
2025-06-12 12:49:00,49.87196987526477
2025-06-12 03:01:00,49.87196987526477
2025-06-12 12:39:00,44.0
2025-06-12 06:33:00,95.5
2025-06-12 16:56:00,26.5
2025-06-12 04:28:00,49.87196987526477
2025-06-12 01:28:00,8.1
2025-06-12 19:04:00,49.87196987526477
2025-06-12 08:04:00,37.2
2025-06-12 05:32:00,47.7
2025-06-12 00:10:00,69.6
2025-06-12 18:52:00,49.87196987526477
2025-06-12 17:02:00,17.6
2025-06-12 16:01:00,49.87196987526477
2025-06-12 14:43:00,79.3
2025-06-12 00:33:00,57.7
2025-06-12 12:45:00,11.8
2025-06-12 14:04:00,75.7
2025-06-12 20:53:00,34.3
2025-06-12 12:59:00,97.6
2025-06-12 18:41:00,10.3
2025-06-12 13:49:00,16.1
2025-06-12 22:43:00,13.9
2025-06-12 15:15:00,49.87196987526477
2025-06-12 02:28:00,99.4
2025-06-12 21:18:00,97.3
2025-06-12 10:02:00,49.87196987526477
2025-06-12 09:23:00,42.7
2025-06-12 11:33:00,41.0
2025-06-12 19:10:00,90.2
2025-06-12 20:21:00,94.2
2025-06-12 18:57:00,33.5
2025-06-12 07:10:00,63.5
2025-06-12 12:42:00,12.8
2025-06-12 04:40:00,49.87196987526477
2025-06-12 11:23:00,42.6
2025-06-12 13:07:00,17.9
2025-06-12 12:20:00,85.1
2025-06-12 19:58:00,50.6
2025-06-12 10:23:00,57.2
2025-06-12 20:36:00,83.8
2025-06-12 09:15:00,93.1
2025-06-12 10:46:00,70.5
2025-06-12 10:59:00,37.7
2025-06-12 06:36:00,17.1
2025-06-12 23:09:00,0.8
2025-06-12 22:09:00,70.8
2025-06-12 04:49:00,16.2
2025-06-12 20:28:00,33.0
2025-06-12 20:19:00,30.2
2025-06-12 14:12:00,68.3
2025-06-12 16:43:00,72.0
2025-06-12 11:21:00,77.8
2025-06-12 10:40:00,65.0
2025-06-12 04:43:00,48.7
2025-06-12 08:35:00,29.5
2025-06-12 18:14:00,40.1
2025-06-12 01:39:00,68.8
2025-06-12 08:57:00,56.5
2025-06-12 22:03:00,49.87196987526477
2025-06-12 19:21:00,69.3
2025-06-12 14:06:00,63.4
2025-06-12 00:45:00,49.87196987526477
2025-06-12 02:29:00,10.1
2025-06-12 15:41:00,97.7
2025-06-12 15:14:00,26.4
2025-06-12 13:24:00,87.7
2025-06-12 06:55:00,30.0
2025-06-12 14:00:00,5.8
2025-06-12 16:42:00,70.4
2025-06-12 15:28:00,73.8
2025-06-12 00:21:00,49.87196987526477
2025-06-12 17:41:00,49.87196987526477
2025-06-12 12:07:00,23.8
2025-06-12 05:25:00,37.4
2025-06-12 01:15:00,14.0
2025-06-12 05:42:00,2.1
2025-06-12 00:05:00,82.7
2025-06-12 17:19:00,42.0
2025-06-12 21:25:00,51.4
2025-06-12 20:49:00,98.7
2025-06-12 10:14:00,89.0
2025-06-12 14:39:00,12.2
2025-06-12 21:37:00,53.5
2025-06-12 13:36:00,23.4
2025-06-12 21:40:00,8.0
2025-06-12 06:14:00,49.87196987526477
2025-06-12 11:30:00,49.87196987526477
2025-06-12 15:47:00,36.8
2025-06-12 10:37:00,38.0
2025-06-12 11:41:00,64.8
2025-06-12 11:04:00,70.1
2025-06-12 03:19:00,49.93628109892701
2025-06-12 09:22:00,98.7
2025-06-12 09:00:00,49.93628109892701
2025-06-12 23:34:00,30.0
2025-06-12 13:11:00,2.7
2025-06-12 13:46:00,49.93628109892701
2025-06-12 08:40:00,3.5
2025-06-12 14:13:00,93.1
2025-06-12 18:28:00,17.6
2025-06-12 11:39:00,18.9
2025-06-12 00:51:00,49.93628109892701
2025-06-12 14:40:00,13.3
2025-06-12 03:32:00,49.93628109892701
2025-06-12 16:59:00,49.93628109892701
2025-06-12 18:21:00,0.8
2025-06-12 23:12:00,19.7
2025-06-12 17:35:00,93.8
2025-06-12 00:53:00,49.93628109892701
2025-06-12 16:46:00,77.7
2025-06-12 10:32:00,13.0
2025-06-12 05:53:00,74.1
2025-06-12 14:03:00,33.5
2025-06-12 09:57:00,73.5
2025-06-12 22:52:00,49.93628109892701
2025-06-12 18:10:00,92.0
2025-06-12 07:06:00,61.1
2025-06-12 22:22:00,17.5
2025-06-12 08:33:00,5.3
2025-06-12 14:42:00,41.1
2025-06-12 07:12:00,96.2
2025-06-12 12:44:00,56.8
2025-06-12 14:29:00,1.6
2025-06-12 06:31:00,30.3
2025-06-12 17:00:00,0.2
2025-06-12 08:48:00,49.93628109892701
2025-06-12 23:31:00,76.9
2025-06-12 15:53:00,89.7
2025-06-12 16:27:00,30.6
2025-06-12 01:53:00,58.3
2025-06-12 08:57:00,27.2
2025-06-12 12:03:00,49.93628109892701
2025-06-12 23:26:00,39.1
2025-06-12 17:57:00,25.4
2025-06-12 05:23:00,63.5
2025-06-12 03:50:00,40.9
2025-06-12 03:02:00,61.6
2025-06-12 18:14:00,48.9
2025-06-12 00:26:00,92.2
2025-06-12 14:37:00,91.7
2025-06-12 15:08:00,49.0
2025-06-12 17:45:00,49.93628109892701
2025-06-12 16:18:00,65.0
2025-06-12 16:28:00,29.9
2025-06-12 05:50:00,49.93628109892701
2025-06-12 07:18:00,49.93628109892701
2025-06-12 16:32:00,19.4
2025-06-12 03:37:00,66.7
2025-06-12 01:12:00,24.9
2025-06-12 03:14:00,49.93628109892701
2025-06-12 07:23:00,10.1
2025-06-12 06:33:00,13.1
2025-06-12 21:33:00,68.5
2025-06-12 04:55:00,39.0
2025-06-12 17:01:00,76.7
2025-06-12 10:43:00,49.93628109892701
2025-06-12 04:29:00,80.4
2025-06-12 19:19:00,79.8
2025-06-12 12:06:00,49.93628109892701
2025-06-12 06:36:00,5.8
2025-06-12 12:37:00,55.1
2025-06-12 10:20:00,59.0
2025-06-12 06:24:00,38.1
2025-06-12 00:46:00,68.0
2025-06-12 02:57:00,49.93628109892701
2025-06-12 08:15:00,4.8
2025-06-12 05:24:00,49.93628109892701
2025-06-12 08:03:00,52.7
2025-06-12 03:06:00,66.4
2025-06-12 10:08:00,82.7
2025-06-12 17:38:00,25.1
2025-06-12 01:29:00,82.6
2025-06-12 22:29:00,49.93628109892701
2025-06-12 22:54:00,96.0
2025-06-12 14:09:00,11.0
2025-06-12 16:22:00,65.2
2025-06-12 16:20:00,49.93628109892701
2025-06-12 15:41:00,1.6
2025-06-12 16:10:00,19.0
2025-06-12 07:19:00,75.9
2025-06-12 11:54:00,59.8
2025-06-12 14:54:00,26.1
2025-06-12 03:38:00,64.0
2025-06-12 14:52:00,54.3
2025-06-12 04:26:00,49.93628109892701
2025-06-12 13:35:00,49.93628109892701
2025-06-12 03:40:00,30.5
2025-06-12 06:59:00,55.8
2025-06-12 13:49:00,68.0
2025-06-12 18:06:00,53.6
2025-06-12 06:03:00,89.4
2025-06-12 10:11:00,34.9
2025-06-12 20:28:00,41.6
2025-06-12 08:13:00,9.3
2025-06-12 22:38:00,90.1
2025-06-12 20:56:00,7.8
2025-06-12 22:53:00,5.7
2025-06-12 07:37:00,68.4
2025-06-12 19:10:00,84.8
2025-06-12 08:21:00,47.6
2025-06-12 05:49:00,49.93628109892701
2025-06-12 03:48:00,49.93628109892701
2025-06-12 16:24:00,28.7
2025-06-12 12:40:00,8.8
2025-06-12 13:47:00,91.2
2025-06-12 04:57:00,51.5
2025-06-12 23:16:00,69.4
2025-06-12 01:52:00,28.0
2025-06-12 20:44:00,65.9
2025-06-12 02:25:00,69.9
2025-06-12 16:58:00,98.8
2025-06-12 12:34:00,49.93628109892701
2025-06-12 21:26:00,8.4
2025-06-12 22:44:00,38.6
2025-06-12 09:20:00,49.93628109892701
2025-06-12 23:35:00,51.5
2025-06-12 13:20:00,97.1
2025-06-12 09:30:00,70.9
2025-06-12 09:35:00,49.93628109892701
2025-06-12 15:54:00,88.0
2025-06-12 00:08:00,40.6
2025-06-12 02:49:00,48.4
2025-06-12 02:17:00,28.1
2025-06-12 16:05:00,1.8
2025-06-12 18:18:00,49.93628109892701
2025-06-12 02:09:00,25.8
2025-06-12 19:31:00,49.93628109892701
2025-06-12 19:52:00,49.93628109892701
2025-06-12 12:19:00,49.93628109892701
2025-06-12 18:09:00,0.9
2025-06-12 16:50:00,75.8
2025-06-12 14:43:00,49.93628109892701
2025-06-12 16:54:00,5.6
2025-06-12 12:17:00,49.93628109892701
2025-06-12 11:37:00,24.0
2025-06-12 00:59:00,10.4
2025-06-12 12:50:00,14.5
2025-06-12 00:37:00,42.9
2025-06-12 21:49:00,24.1
2025-06-12 06:10:00,84.7
2025-06-12 08:44:00,81.9
2025-06-12 05:03:00,49.93628109892701
2025-06-12 23:59:00,35.5
2025-06-12 08:54:00,35.6
2025-06-12 22:26:00,50.9
2025-06-12 20:23:00,75.1
2025-06-12 01:56:00,84.0
2025-06-12 20:12:00,84.5
2025-06-12 05:44:00,77.1
2025-06-12 19:43:00,13.6
2025-06-12 13:10:00,89.9
2025-06-12 11:15:00,54.1
2025-06-12 10:06:00,5.2
2025-06-12 14:59:00,34.7
2025-06-12 01:31:00,82.4
2025-06-12 01:17:00,49.93628109892701
2025-06-12 09:31:00,59.9
2025-06-12 19:48:00,95.1
2025-06-12 23:07:00,44.9
2025-06-12 14:21:00,76.0
2025-06-12 10:03:00,90.1
2025-06-12 18:32:00,49.93628109892701
2025-06-12 05:21:00,56.4
2025-06-12 09:18:00,49.93628109892701
2025-06-12 02:18:00,82.7
2025-06-12 07:47:00,49.93628109892701
2025-06-12 18:01:00,33.6
2025-06-12 07:22:00,3.5
2025-06-12 19:55:00,59.6
2025-06-12 22:14:00,49.93628109892701
2025-06-12 20:36:00,16.5
2025-06-12 00:01:00,47.2
2025-06-12 17:33:00,50.2
2025-06-12 20:31:00,62.9
2025-06-12 18:50:00,54.1
2025-06-12 00:48:00,3.3
2025-06-12 05:07:00,1.8
2025-06-12 11:49:00,92.0
2025-06-12 15:16:00,49.93628109892701
2025-06-12 07:27:00,53.5
2025-06-12 16:53:00,74.0
2025-06-12 14:10:00,30.8
2025-06-12 22:13:00,9.3
2025-06-12 14:47:00,92.0
2025-06-12 03:27:00,32.3
2025-06-12 04:33:00,45.1
2025-06-12 02:10:00,49.2
2025-06-12 09:56:00,21.7
2025-06-12 11:09:00,74.1
2025-06-12 21:35:00,49.93628109892701
2025-06-12 11:25:00,12.8
2025-06-12 01:18:00,37.7
2025-06-12 00:35:00,43.2
2025-06-12 16:21:00,47.2
2025-06-12 19:28:00,49.93628109892701
2025-06-12 01:10:00,0.5
2025-06-12 13:26:00,78.2
2025-06-12 17:14:00,84.9
2025-06-12 16:17:00,45.5
2025-06-12 05:38:00,27.4
2025-06-12 02:34:00,82.6
2025-06-12 12:59:00,23.9
2025-06-12 14:58:00,37.2
2025-06-12 11:00:00,40.2
2025-06-12 04:07:00,46.1
2025-06-12 12:32:00,4.9
2025-06-12 03:08:00,2.3
2025-06-12 15:59:00,8.6
2025-06-12 01:28:00,84.4
2025-06-12 16:13:00,49.93628109892701
2025-06-12 01:08:00,49.93628109892701
2025-06-12 07:17:00,49.93628109892701
2025-06-12 15:52:00,5.6
2025-06-12 03:36:00,18.2
2025-06-12 19:47:00,60.7
2025-06-12 02:07:00,66.3
2025-06-12 23:08:00,40.6
2025-06-12 21:02:00,49.93628109892701
2025-06-12 13:15:00,75.3
2025-06-12 13:22:00,70.4
2025-06-12 16:45:00,6.8
2025-06-12 18:39:00,41.5
2025-06-12 13:52:00,60.8
2025-06-12 01:40:00,15.4
2025-06-12 01:58:00,49.93628109892701
2025-06-12 15:26:00,14.6
2025-06-12 03:17:00,81.2
2025-06-12 23:05:00,10.1
2025-06-12 01:11:00,27.0
2025-06-12 15:06:00,42.4
2025-06-12 09:09:00,51.2
2025-06-12 21:16:00,44.1
2025-06-12 13:30:00,97.8
2025-06-12 14:51:00,58.7
2025-06-12 10:54:00,37.4
2025-06-12 16:44:00,49.93628109892701
2025-06-12 04:21:00,74.9
2025-06-12 07:43:00,98.0
2025-06-12 09:04:00,68.9
2025-06-12 20:48:00,49.7
2025-06-12 23:33:00,81.4
2025-06-12 05:05:00,18.3
2025-06-12 08:19:00,42.1
2025-06-12 09:58:00,59.1
2025-06-12 08:20:00,6.2
2025-06-12 13:51:00,53.0
2025-06-12 01:25:00,30.7
2025-06-12 13:42:00,48.8
2025-06-12 22:12:00,7.9
2025-06-12 13:29:00,95.4
2025-06-12 21:20:00,15.1
2025-06-12 07:44:00,66.7
2025-06-12 09:41:00,31.2
2025-06-12 23:54:00,11.8
2025-06-12 21:32:00,32.3
2025-06-12 02:42:00,49.93628109892701
2025-06-12 06:18:00,17.0
2025-06-12 08:09:00,92.5
2025-06-12 00:42:00,49.93628109892701
2025-06-12 03:29:00,79.8
2025-06-12 05:35:00,49.93628109892701
2025-06-12 23:38:00,91.8
2025-06-12 09:52:00,45.3
2025-06-12 07:07:00,15.9
2025-06-12 01:23:00,55.6
2025-06-12 02:52:00,22.8
2025-06-12 22:05:00,55.0
2025-06-12 02:20:00,89.1
2025-06-12 01:41:00,28.3
2025-06-12 04:14:00,49.93628109892701
2025-06-12 12:22:00,84.9
2025-06-12 08:43:00,72.3
2025-06-12 20:02:00,78.1
2025-06-12 18:12:00,49.93628109892701
2025-06-12 05:42:00,62.7
2025-06-12 11:06:00,59.1
2025-06-12 00:41:00,82.4
2025-06-12 15:21:00,30.4
2025-06-12 18:33:00,28.2
2025-06-12 06:08:00,5.7
2025-06-12 05:48:00,88.0
2025-06-12 06:16:00,49.797736698660984
2025-06-12 20:48:00,8.4
2025-06-12 10:46:00,49.797736698660984
2025-06-12 01:04:00,59.8
2025-06-12 17:19:00,47.2
2025-06-12 23:53:00,25.0
2025-06-12 07:38:00,49.797736698660984
2025-06-12 02:32:00,49.797736698660984
2025-06-12 03:40:00,16.6
2025-06-12 15:38:00,5.0
2025-06-12 00:44:00,92.8
2025-06-12 18:03:00,98.1
2025-06-12 14:34:00,49.797736698660984
2025-06-12 04:05:00,70.6
2025-06-12 10:16:00,64.9
2025-06-12 06:38:00,94.9
2025-06-12 21:03:00,60.5
2025-06-12 11:10:00,33.1
2025-06-12 10:09:00,64.6
2025-06-12 11:52:00,10.1
2025-06-12 21:51:00,49.4
2025-06-12 15:37:00,19.1
2025-06-12 17:51:00,54.7
2025-06-12 10:11:00,79.7
2025-06-12 22:11:00,1.3
2025-06-12 10:15:00,46.5
2025-06-12 09:17:00,66.6
2025-06-12 00:06:00,92.3
2025-06-12 09:24:00,8.0
2025-06-12 03:34:00,43.4
2025-06-12 20:47:00,46.8
2025-06-12 06:20:00,91.7
2025-06-12 19:11:00,65.9
2025-06-12 02:05:00,80.8
2025-06-12 10:07:00,59.4
2025-06-12 02:10:00,93.9
2025-06-12 09:25:00,70.5
2025-06-12 09:52:00,63.2
2025-06-12 22:49:00,63.6
2025-06-12 10:53:00,68.3
2025-06-12 06:34:00,87.6
2025-06-12 08:41:00,39.6
2025-06-12 05:19:00,15.6
2025-06-12 10:39:00,49.797736698660984
2025-06-12 23:48:00,33.7
2025-06-12 08:23:00,35.8
2025-06-12 02:02:00,66.8
2025-06-12 07:57:00,55.8
2025-06-12 16:03:00,39.1
2025-06-12 09:33:00,92.7
2025-06-12 06:01:00,0.4
2025-06-12 08:46:00,95.2
2025-06-12 16:09:00,22.0
2025-06-12 05:48:00,38.1
2025-06-12 12:16:00,37.5
2025-06-12 04:28:00,49.797736698660984
2025-06-12 23:49:00,68.3
2025-06-12 00:54:00,49.797736698660984
2025-06-12 16:45:00,6.0
2025-06-12 23:27:00,24.3
2025-06-12 00:25:00,62.7
2025-06-12 00:43:00,73.5
2025-06-12 10:21:00,92.3
2025-06-12 07:24:00,4.6
2025-06-12 00:09:00,60.0
2025-06-12 20:42:00,66.1
2025-06-12 16:58:00,78.9
2025-06-12 13:50:00,5.2
2025-06-12 04:03:00,70.8
2025-06-12 14:50:00,51.9
2025-06-12 18:14:00,72.0
2025-06-12 16:29:00,20.1
2025-06-12 06:25:00,31.7
2025-06-12 02:57:00,56.3
2025-06-12 22:21:00,49.797736698660984
2025-06-12 19:52:00,20.3
2025-06-12 03:27:00,37.4
2025-06-12 11:24:00,82.8
2025-06-12 14:22:00,43.0
2025-06-12 11:35:00,93.9
2025-06-12 08:19:00,98.8
2025-06-12 15:41:00,49.797736698660984
2025-06-12 14:55:00,2.1
2025-06-12 11:13:00,54.1
2025-06-12 11:51:00,71.1
2025-06-12 21:38:00,9.5
2025-06-12 11:59:00,7.8
2025-06-12 12:11:00,36.8
2025-06-12 10:27:00,99.2
2025-06-12 08:29:00,15.3
2025-06-12 07:40:00,87.2
2025-06-12 07:51:00,49.797736698660984
2025-06-12 12:51:00,25.4
2025-06-12 04:47:00,68.6
2025-06-12 20:15:00,56.6
2025-06-12 03:07:00,53.2
2025-06-12 17:55:00,18.5
2025-06-12 21:27:00,32.8
2025-06-12 18:08:00,49.797736698660984
2025-06-12 03:53:00,49.797736698660984
2025-06-12 21:23:00,71.8
2025-06-12 10:18:00,61.8
2025-06-12 08:17:00,56.2
2025-06-12 07:42:00,49.797736698660984
2025-06-12 09:51:00,0.1
2025-06-12 10:28:00,47.7
2025-06-12 02:13:00,99.8
2025-06-12 04:04:00,85.0
2025-06-12 01:52:00,65.7
2025-06-12 12:48:00,31.4
2025-06-12 00:08:00,49.797736698660984
2025-06-12 12:24:00,66.1
2025-06-12 21:19:00,82.2
2025-06-12 21:58:00,7.1
2025-06-12 21:11:00,22.0
2025-06-12 18:21:00,83.5
2025-06-12 13:42:00,49.797736698660984
2025-06-12 01:10:00,97.8
2025-06-12 04:11:00,73.5
2025-06-12 16:49:00,64.4
2025-06-12 20:25:00,47.1
2025-06-12 09:31:00,94.7
2025-06-12 01:19:00,27.2
2025-06-12 08:45:00,86.1
2025-06-12 23:33:00,96.7
2025-06-12 00:20:00,34.9
2025-06-12 07:14:00,42.9
2025-06-12 12:57:00,14.9
2025-06-12 18:35:00,52.6
2025-06-12 02:37:00,17.5
2025-06-12 16:54:00,5.9
2025-06-12 03:44:00,21.6
2025-06-12 04:45:00,12.6
2025-06-12 15:54:00,41.0
2025-06-12 17:26:00,59.5
2025-06-12 06:31:00,77.7
2025-06-12 20:43:00,50.9
2025-06-12 13:05:00,6.6
2025-06-12 02:45:00,76.3
2025-06-12 09:32:00,41.2
2025-06-12 06:04:00,49.797736698660984
2025-06-12 21:49:00,61.0
2025-06-12 01:12:00,62.7
2025-06-12 15:27:00,32.8
2025-06-12 01:01:00,86.2
2025-06-12 14:58:00,61.7
2025-06-12 00:19:00,71.2
2025-06-12 14:37:00,76.1
2025-06-12 11:15:00,49.797736698660984
2025-06-12 04:32:00,78.1
2025-06-12 19:50:00,49.797736698660984
2025-06-12 06:45:00,2.2
2025-06-12 14:57:00,20.4
2025-06-12 00:15:00,50.8
2025-06-12 13:03:00,2.9
2025-06-12 07:48:00,86.6
2025-06-12 20:00:00,49.1
2025-06-12 01:18:00,14.2
2025-06-12 14:09:00,36.0
2025-06-12 10:58:00,71.9
2025-06-12 19:03:00,72.1
2025-06-12 19:30:00,35.8
2025-06-12 22:53:00,49.797736698660984
2025-06-12 07:59:00,42.1
2025-06-12 13:11:00,30.9
2025-06-12 17:13:00,49.797736698660984
2025-06-12 07:31:00,88.3
2025-06-12 01:59:00,94.7
2025-06-12 19:31:00,49.797736698660984
2025-06-12 06:15:00,49.797736698660984
2025-06-12 11:47:00,71.6
2025-06-12 14:03:00,2.9
2025-06-12 21:34:00,34.5
2025-06-12 00:49:00,58.2
2025-06-12 20:41:00,37.1
2025-06-12 02:25:00,23.6
2025-06-12 07:50:00,18.7
2025-06-12 23:59:00,49.797736698660984
2025-06-12 19:05:00,49.797736698660984
2025-06-12 07:43:00,49.797736698660984
2025-06-12 01:41:00,49.797736698660984
2025-06-12 03:46:00,86.3
2025-06-12 10:30:00,49.797736698660984
2025-06-12 12:01:00,35.1
2025-06-12 21:47:00,52.5
2025-06-12 00:03:00,99.0
2025-06-12 00:30:00,80.2
2025-06-12 23:58:00,37.0
2025-06-12 08:28:00,35.8
2025-06-12 18:07:00,49.797736698660984
2025-06-12 07:53:00,49.797736698660984
2025-06-12 11:08:00,31.6
2025-06-12 11:26:00,81.4
2025-06-12 03:04:00,60.8
2025-06-12 22:35:00,65.9
2025-06-12 17:25:00,25.3
2025-06-12 18:48:00,1.6
2025-06-12 06:43:00,49.797736698660984
2025-06-12 00:34:00,49.797736698660984
2025-06-12 00:35:00,96.0
2025-06-12 13:30:00,1.2
2025-06-12 00:26:00,87.3
2025-06-12 00:27:00,23.1
2025-06-12 10:00:00,72.8
2025-06-12 23:13:00,49.797736698660984
2025-06-12 12:28:00,76.0
2025-06-12 08:01:00,37.1
2025-06-12 04:24:00,77.7
2025-06-12 03:30:00,93.2
2025-06-12 21:25:00,49.797736698660984
2025-06-12 22:32:00,47.4
2025-06-12 17:47:00,80.2
2025-06-12 19:42:00,59.0
2025-06-12 20:57:00,15.3
2025-06-12 23:47:00,49.797736698660984
2025-06-12 21:31:00,49.797736698660984
2025-06-12 01:37:00,74.9
2025-06-12 14:46:00,31.1
2025-06-12 07:07:00,35.7
2025-06-12 03:28:00,29.7
2025-06-12 17:02:00,29.2
2025-06-12 06:58:00,76.8
2025-06-12 14:02:00,51.3
2025-06-12 08:10:00,97.2
2025-06-12 08:11:00,58.1
2025-06-12 02:53:00,58.5
2025-06-12 20:29:00,49.797736698660984
2025-06-12 06:36:00,44.2
2025-06-12 22:20:00,10.8
2025-06-12 18:26:00,95.1
2025-06-12 05:55:00,49.797736698660984
2025-06-12 21:16:00,31.0
2025-06-12 06:21:00,36.0
2025-06-12 21:52:00,72.8
2025-06-12 19:18:00,14.4
2025-06-12 09:56:00,47.9
2025-06-12 04:35:00,61.9
2025-06-12 17:12:00,49.797736698660984
2025-06-12 04:21:00,56.2
2025-06-12 00:02:00,28.0
2025-06-12 12:27:00,93.3
2025-06-12 12:34:00,76.5
2025-06-12 13:45:00,45.1
2025-06-12 14:13:00,14.7
2025-06-12 23:05:00,52.5
2025-06-12 16:32:00,32.6
2025-06-12 08:31:00,57.5
2025-06-12 03:18:00,49.797736698660984
2025-06-12 20:19:00,64.3
2025-06-12 21:39:00,1.4
2025-06-12 03:52:00,60.2
2025-06-12 05:37:00,60.5
2025-06-12 16:25:00,42.4
2025-06-12 18:11:00,30.1
2025-06-12 22:06:00,31.7
2025-06-12 22:23:00,59.9
2025-06-12 02:47:00,49.797736698660984
2025-06-12 13:58:00,49.797736698660984
2025-06-12 19:23:00,75.9
2025-06-12 03:47:00,17.4
2025-06-12 12:58:00,49.797736698660984
2025-06-12 10:08:00,9.6
2025-06-12 12:33:00,30.5
2025-06-12 16:16:00,9.4
2025-06-12 07:01:00,28.4
2025-06-12 03:51:00,6.7
2025-06-12 00:24:00,24.7
2025-06-12 23:18:00,19.4
2025-06-12 17:23:00,49.797736698660984
2025-06-12 10:45:00,57.9
2025-06-12 12:35:00,55.7
2025-06-12 06:23:00,39.6
2025-06-12 09:07:00,42.9
2025-06-12 15:17:00,49.797736698660984
2025-06-12 01:35:00,91.5
2025-06-12 09:19:00,37.8
2025-06-12 18:55:00,66.3
2025-06-12 00:56:00,79.8
2025-06-12 18:53:00,17.8
2025-06-12 18:39:00,70.6
2025-06-12 20:24:00,94.8
2025-06-12 09:29:00,91.7
2025-06-12 14:10:00,68.3
2025-06-12 20:07:00,49.797736698660984
2025-06-12 21:50:00,92.5
2025-06-12 19:59:00,1.0
2025-06-12 19:45:00,3.1
2025-06-12 17:40:00,49.797736698660984
2025-06-12 10:38:00,61.0
2025-06-12 08:13:00,12.6
2025-06-12 06:24:00,74.1
2025-06-12 18:05:00,30.7
2025-06-12 00:28:00,21.1
2025-06-12 17:16:00,41.2
2025-06-12 18:57:00,67.0
2025-06-12 22:40:00,5.8
2025-06-12 13:29:00,27.2
2025-06-12 06:40:00,54.0
2025-06-12 09:58:00,90.1
2025-06-12 19:44:00,4.5
2025-06-12 03:22:00,35.5
2025-06-12 03:14:00,17.3
2025-06-12 18:03:00,50.18136565940501
2025-06-12 20:58:00,61.2
2025-06-12 14:47:00,19.4
2025-06-12 14:48:00,50.18136565940501
2025-06-12 11:40:00,53.4
2025-06-12 07:02:00,12.8
2025-06-12 15:09:00,50.18136565940501
2025-06-12 08:47:00,28.3
2025-06-12 05:17:00,18.0
2025-06-12 10:47:00,19.7
2025-06-12 05:38:00,47.1
2025-06-12 14:10:00,33.7
2025-06-12 19:48:00,89.8
2025-06-12 03:57:00,50.18136565940501
2025-06-12 06:47:00,13.0
2025-06-12 06:30:00,23.2
2025-06-12 10:27:00,70.0
2025-06-12 14:02:00,50.18136565940501
2025-06-12 12:04:00,48.3
2025-06-12 17:29:00,49.9
2025-06-12 13:23:00,6.7
2025-06-12 23:33:00,60.4
2025-06-12 00:15:00,50.18136565940501
2025-06-12 12:15:00,96.5
2025-06-12 00:02:00,50.18136565940501
2025-06-12 20:44:00,50.18136565940501
2025-06-12 14:16:00,67.5
2025-06-12 21:25:00,60.0
2025-06-12 23:31:00,35.1
2025-06-12 04:26:00,9.3
2025-06-12 08:09:00,50.18136565940501
2025-06-12 05:21:00,58.8
2025-06-12 14:46:00,14.9
2025-06-12 09:06:00,50.18136565940501
2025-06-12 22:42:00,98.1
2025-06-12 01:29:00,85.4
2025-06-12 16:38:00,99.4
2025-06-12 06:42:00,50.18136565940501
2025-06-12 11:29:00,50.18136565940501
2025-06-12 02:35:00,9.9
2025-06-12 23:53:00,85.9
2025-06-12 09:30:00,14.7
2025-06-12 03:53:00,86.7
2025-06-12 10:00:00,93.9
2025-06-12 15:19:00,4.1
2025-06-12 05:45:00,8.4
2025-06-12 02:09:00,55.3
2025-06-12 20:34:00,9.8
2025-06-12 03:28:00,55.6
2025-06-12 06:53:00,44.4
2025-06-12 08:34:00,50.18136565940501
2025-06-12 10:42:00,75.3
2025-06-12 11:16:00,50.18136565940501
2025-06-12 14:03:00,21.8
2025-06-12 20:54:00,50.18136565940501
2025-06-12 14:22:00,30.4
2025-06-12 18:02:00,50.18136565940501
2025-06-12 23:43:00,13.2
2025-06-12 13:46:00,84.7
2025-06-12 16:39:00,89.9
2025-06-12 12:20:00,39.0
2025-06-12 18:57:00,98.6
2025-06-12 20:53:00,36.1
2025-06-12 05:29:00,28.0
2025-06-12 21:20:00,76.0
2025-06-12 12:37:00,42.0
2025-06-12 21:02:00,77.6
2025-06-12 17:12:00,38.9
2025-06-12 07:01:00,84.0
2025-06-12 09:22:00,31.2
2025-06-12 17:22:00,43.7
2025-06-12 04:49:00,73.6
2025-06-12 01:19:00,95.7
2025-06-12 01:33:00,93.0
2025-06-12 09:43:00,69.3
2025-06-12 02:45:00,0.3
2025-06-12 10:56:00,56.8
2025-06-12 20:35:00,50.18136565940501
2025-06-12 21:57:00,13.8
2025-06-12 09:31:00,30.4
2025-06-12 12:13:00,55.7
2025-06-12 03:36:00,50.2
2025-06-12 16:56:00,50.18136565940501
2025-06-12 08:06:00,27.0
2025-06-12 08:50:00,43.2
2025-06-12 12:10:00,5.7
2025-06-12 14:37:00,43.0
2025-06-12 11:08:00,74.4
2025-06-12 03:39:00,52.7
2025-06-12 01:07:00,33.5
2025-06-12 09:20:00,50.18136565940501
2025-06-12 23:56:00,42.9
2025-06-12 02:27:00,99.1
2025-06-12 11:56:00,32.3
2025-06-12 17:04:00,50.18136565940501
2025-06-12 04:21:00,82.0
2025-06-12 14:51:00,86.6
2025-06-12 00:21:00,16.6
2025-06-12 03:27:00,69.4
2025-06-12 06:38:00,53.4
2025-06-12 01:43:00,51.7
2025-06-12 20:16:00,50.18136565940501
2025-06-12 10:17:00,41.2
2025-06-12 12:16:00,17.1
2025-06-12 04:40:00,50.18136565940501
2025-06-12 18:53:00,80.2
2025-06-12 19:12:00,48.2
2025-06-12 02:23:00,33.2
2025-06-12 04:03:00,59.0
2025-06-12 03:35:00,41.0
2025-06-12 05:03:00,58.7
2025-06-12 02:58:00,46.0
2025-06-12 09:16:00,59.5
2025-06-12 10:07:00,51.8
2025-06-12 05:41:00,43.4
2025-06-12 20:09:00,95.3
2025-06-12 02:05:00,3.0
2025-06-12 20:51:00,19.4
2025-06-12 05:58:00,50.18136565940501
2025-06-12 16:16:00,50.18136565940501
2025-06-12 05:59:00,77.8
2025-06-12 14:11:00,19.8
2025-06-12 16:02:00,89.8
2025-06-12 10:55:00,50.18136565940501
2025-06-12 21:47:00,41.2
2025-06-12 03:43:00,42.0
2025-06-12 11:33:00,50.18136565940501
2025-06-12 16:14:00,50.18136565940501
2025-06-12 06:12:00,15.9
2025-06-12 19:31:00,50.18136565940501
2025-06-12 15:51:00,1.4
2025-06-12 15:54:00,18.3
2025-06-12 04:00:00,53.3
2025-06-12 06:09:00,71.6
2025-06-12 21:28:00,10.6
2025-06-12 02:46:00,18.7
2025-06-12 06:44:00,51.7
2025-06-12 17:07:00,51.9
2025-06-12 08:16:00,30.5
2025-06-12 06:13:00,42.5
2025-06-12 09:53:00,50.18136565940501
2025-06-12 06:51:00,20.5
2025-06-12 11:45:00,50.18136565940501
2025-06-12 21:23:00,52.3
2025-06-12 21:35:00,50.18136565940501
2025-06-12 19:15:00,11.6
2025-06-12 00:49:00,6.8
2025-06-12 21:09:00,9.6
2025-06-12 18:25:00,94.1
2025-06-12 00:40:00,97.6
2025-06-12 18:19:00,41.4
2025-06-12 09:34:00,50.18136565940501
2025-06-12 13:33:00,46.2
2025-06-12 11:07:00,42.3
2025-06-12 09:01:00,2.4
2025-06-12 20:41:00,67.2
2025-06-12 23:25:00,50.18136565940501
2025-06-12 08:58:00,28.3
2025-06-12 08:41:00,92.1
2025-06-12 23:46:00,28.9
2025-06-12 21:44:00,81.7
2025-06-12 16:01:00,20.0
2025-06-12 06:21:00,37.9
2025-06-12 18:55:00,50.18136565940501
2025-06-12 06:07:00,64.9
2025-06-12 15:06:00,78.9
2025-06-12 07:59:00,59.8
2025-06-12 09:33:00,54.3
2025-06-12 00:48:00,50.4
2025-06-12 07:05:00,32.3
2025-06-12 19:08:00,50.18136565940501
2025-06-12 00:18:00,22.0
2025-06-12 20:08:00,76.6
2025-06-12 19:03:00,89.7
2025-06-12 17:02:00,40.8
2025-06-12 11:18:00,84.5
2025-06-12 15:15:00,98.7
2025-06-12 09:27:00,23.7
2025-06-12 13:42:00,6.2
2025-06-12 13:15:00,48.6
2025-06-12 18:38:00,15.5
2025-06-12 19:17:00,50.18136565940501
2025-06-12 11:32:00,95.1
2025-06-12 10:10:00,50.18136565940501
2025-06-12 09:38:00,94.8
2025-06-12 08:52:00,50.18136565940501
2025-06-12 13:41:00,6.5
2025-06-12 09:37:00,26.4
2025-06-12 17:21:00,14.6
2025-06-12 09:44:00,17.8
2025-06-12 16:48:00,35.5
2025-06-12 21:56:00,4.4
2025-06-12 18:35:00,27.7
2025-06-12 18:47:00,75.4
2025-06-12 07:52:00,50.18136565940501
2025-06-12 12:57:00,18.8
2025-06-12 19:46:00,69.5
2025-06-12 11:13:00,11.0
2025-06-12 05:06:00,63.4
2025-06-12 17:27:00,51.9
2025-06-12 19:36:00,12.0
2025-06-12 10:57:00,47.7
2025-06-12 15:26:00,10.1
2025-06-12 15:30:00,23.8
2025-06-12 06:04:00,75.9
2025-06-12 20:30:00,43.4
2025-06-12 18:39:00,22.1
2025-06-12 06:01:00,36.9
2025-06-12 04:18:00,76.0
2025-06-12 10:26:00,57.3
2025-06-12 03:15:00,60.2
2025-06-12 12:19:00,57.1
2025-06-12 16:54:00,14.6
2025-06-12 18:06:00,5.8
2025-06-12 05:33:00,58.9
2025-06-12 21:51:00,83.4
2025-06-12 09:39:00,83.7
2025-06-12 06:27:00,57.7
2025-06-12 22:00:00,61.5
2025-06-12 09:51:00,74.7
2025-06-12 12:07:00,4.1
2025-06-12 13:47:00,65.1
2025-06-12 03:37:00,50.18136565940501
2025-06-12 12:56:00,39.5
2025-06-12 17:25:00,63.3
2025-06-12 22:47:00,65.3
2025-06-12 10:06:00,46.4
2025-06-12 14:14:00,70.6
2025-06-12 06:11:00,94.3
2025-06-12 07:30:00,4.4
2025-06-12 14:20:00,61.3
2025-06-12 10:28:00,99.9
2025-06-12 07:23:00,19.8
2025-06-12 04:44:00,12.2
2025-06-12 13:54:00,44.9
2025-06-12 08:36:00,41.1
2025-06-12 20:45:00,30.5
2025-06-12 07:24:00,65.3
2025-06-12 19:18:00,66.4
2025-06-12 14:58:00,26.6
2025-06-12 10:54:00,52.4
2025-06-12 07:21:00,26.8
2025-06-12 02:52:00,54.0
2025-06-12 17:00:00,97.1
2025-06-12 21:14:00,61.0
2025-06-12 21:38:00,75.8
2025-06-12 00:04:00,85.9
2025-06-12 12:54:00,35.5
2025-06-12 18:00:00,16.5
2025-06-12 09:05:00,88.1
2025-06-12 14:49:00,46.6
2025-06-12 16:29:00,57.4
2025-06-12 18:01:00,51.2
2025-06-12 06:32:00,21.6
2025-06-12 19:58:00,2.3
2025-06-12 12:05:00,45.6
2025-06-12 01:28:00,94.9
2025-06-12 07:22:00,22.3
2025-06-12 20:20:00,21.1
2025-06-12 17:08:00,81.8
2025-06-12 17:01:00,95.8
2025-06-12 01:56:00,41.8
2025-06-12 23:12:00,11.5
2025-06-12 17:52:00,50.18136565940501
2025-06-12 07:26:00,65.3
2025-06-12 11:03:00,96.5
2025-06-12 21:58:00,33.4
2025-06-12 22:45:00,59.4
2025-06-12 04:19:00,99.1
2025-06-12 06:56:00,68.4
2025-06-12 17:05:00,94.3
2025-06-12 05:51:00,49.7
2025-06-12 04:02:00,20.9
2025-06-12 06:19:00,50.18136565940501
2025-06-12 09:57:00,77.7
2025-06-12 05:54:00,72.5
2025-06-12 05:35:00,87.8
2025-06-12 10:01:00,84.6
2025-06-12 15:08:00,7.7
2025-06-12 15:02:00,50.18136565940501
2025-06-12 18:32:00,34.0
2025-06-12 19:02:00,44.9
2025-06-12 11:24:00,99.1
2025-06-12 04:48:00,49.5
2025-06-12 07:50:00,68.9
2025-06-12 10:44:00,20.6
2025-06-12 23:19:00,99.7
2025-06-12 01:30:00,93.2
2025-06-12 18:02:00,49.66792053602915
2025-06-12 17:41:00,39.9
2025-06-12 07:57:00,24.0
2025-06-12 03:56:00,50.5
2025-06-12 18:42:00,3.1
2025-06-12 09:10:00,38.1
2025-06-12 03:58:00,49.66792053602915
2025-06-12 09:52:00,68.7
2025-06-12 04:14:00,41.0
2025-06-12 10:54:00,76.1
2025-06-12 13:23:00,17.3
2025-06-12 14:14:00,15.0
2025-06-12 14:21:00,49.66792053602915
2025-06-12 17:32:00,61.4
2025-06-12 19:12:00,19.1
2025-06-12 23:30:00,44.1
2025-06-12 17:21:00,49.66792053602915
2025-06-12 22:31:00,51.4
2025-06-12 09:09:00,68.6
2025-06-12 17:16:00,16.4
2025-06-12 11:45:00,85.8
2025-06-12 04:45:00,75.9
2025-06-12 18:55:00,15.6
2025-06-12 01:16:00,49.66792053602915
2025-06-12 08:05:00,9.1
2025-06-12 15:24:00,62.8
2025-06-12 06:44:00,55.5
2025-06-12 13:25:00,50.3
2025-06-12 12:42:00,49.66792053602915
2025-06-12 09:00:00,8.6
2025-06-12 15:13:00,49.66792053602915
2025-06-12 00:39:00,44.2
2025-06-12 21:51:00,55.3
2025-06-12 05:04:00,42.4
2025-06-12 15:47:00,49.66792053602915
2025-06-12 20:15:00,44.3
2025-06-12 07:01:00,48.7
2025-06-12 19:40:00,28.4
2025-06-12 19:52:00,36.4
2025-06-12 08:20:00,11.4
2025-06-12 20:09:00,33.8
2025-06-12 12:24:00,32.2
2025-06-12 21:15:00,25.1
2025-06-12 11:19:00,40.1
2025-06-12 16:22:00,63.9
2025-06-12 23:50:00,41.8
2025-06-12 01:13:00,9.9
2025-06-12 20:25:00,25.3
2025-06-12 09:31:00,8.9
2025-06-12 16:39:00,61.2
2025-06-12 16:24:00,49.66792053602915
2025-06-12 06:54:00,58.6
2025-06-12 22:44:00,43.6
2025-06-12 04:00:00,49.66792053602915
2025-06-12 08:24:00,59.3
2025-06-12 05:14:00,26.7
2025-06-12 11:31:00,77.2
2025-06-12 05:07:00,56.3
2025-06-12 08:58:00,34.0
2025-06-12 01:41:00,35.4
2025-06-12 10:13:00,60.6
2025-06-12 16:08:00,49.66792053602915
2025-06-12 00:13:00,60.0
2025-06-12 16:21:00,68.0
2025-06-12 05:06:00,3.7
2025-06-12 11:53:00,53.9
2025-06-12 14:10:00,49.66792053602915
2025-06-12 19:10:00,25.2
2025-06-12 00:10:00,32.6
2025-06-12 21:08:00,71.6
2025-06-12 18:57:00,27.0
2025-06-12 03:54:00,34.3
2025-06-12 07:46:00,14.9
2025-06-12 04:52:00,49.66792053602915
2025-06-12 06:47:00,85.4
2025-06-12 18:14:00,3.9
2025-06-12 19:33:00,64.4
2025-06-12 14:16:00,33.1
2025-06-12 09:20:00,32.7
2025-06-12 08:43:00,67.5
2025-06-12 06:38:00,65.2
2025-06-12 08:30:00,82.3
2025-06-12 04:08:00,49.66792053602915
2025-06-12 02:17:00,95.9
2025-06-12 17:50:00,49.66792053602915
2025-06-12 02:52:00,32.9
2025-06-12 22:14:00,36.5
2025-06-12 17:52:00,72.1
2025-06-12 08:33:00,11.4
2025-06-12 09:14:00,96.6
2025-06-12 14:34:00,22.3
2025-06-12 13:00:00,91.2
2025-06-12 22:20:00,90.3
2025-06-12 07:29:00,87.3
2025-06-12 18:34:00,49.66792053602915
2025-06-12 07:17:00,49.66792053602915
2025-06-12 23:29:00,8.8
2025-06-12 16:56:00,49.66792053602915
2025-06-12 23:52:00,87.0
2025-06-12 08:38:00,23.4
2025-06-12 04:16:00,9.5
2025-06-12 21:07:00,49.66792053602915
2025-06-12 18:37:00,12.7
2025-06-12 07:54:00,55.0
2025-06-12 01:27:00,49.5
2025-06-12 18:58:00,83.8
2025-06-12 01:12:00,32.6
2025-06-12 08:47:00,14.2
2025-06-12 11:10:00,52.9
2025-06-12 06:09:00,44.0
2025-06-12 11:06:00,49.66792053602915
2025-06-12 12:54:00,31.4
2025-06-12 02:33:00,49.66792053602915
2025-06-12 13:59:00,37.0
2025-06-12 18:33:00,27.5
2025-06-12 17:31:00,49.66792053602915
2025-06-12 16:10:00,49.66792053602915
2025-06-12 13:13:00,78.9
2025-06-12 21:20:00,68.6
2025-06-12 20:39:00,67.5
2025-06-12 14:46:00,22.6
2025-06-12 16:42:00,66.4
2025-06-12 03:35:00,98.0
2025-06-12 13:43:00,70.6
2025-06-12 10:22:00,73.5
2025-06-12 11:59:00,64.5
2025-06-12 16:58:00,81.0
2025-06-12 09:11:00,83.3
2025-06-12 13:57:00,30.0
2025-06-12 08:59:00,49.66792053602915
2025-06-12 20:57:00,17.4
2025-06-12 23:51:00,25.2
2025-06-12 22:29:00,71.8
2025-06-12 02:03:00,30.1
2025-06-12 13:12:00,14.5
2025-06-12 00:46:00,49.66792053602915
2025-06-12 17:09:00,91.9
2025-06-12 18:09:00,49.66792053602915
2025-06-12 00:54:00,61.3
2025-06-12 09:28:00,49.66792053602915
2025-06-12 09:03:00,42.2
2025-06-12 19:15:00,18.0
2025-06-12 14:17:00,45.8
2025-06-12 11:56:00,83.1
2025-06-12 10:43:00,61.2
2025-06-12 20:18:00,39.8
2025-06-12 18:08:00,49.66792053602915
2025-06-12 03:39:00,44.4
2025-06-12 10:09:00,18.4
2025-06-12 15:38:00,97.6
2025-06-12 13:30:00,10.5
2025-06-12 08:57:00,49.66792053602915
2025-06-12 13:11:00,42.6
2025-06-12 23:41:00,2.3
2025-06-12 15:33:00,23.0
2025-06-12 18:31:00,54.7
2025-06-12 11:01:00,0.5
2025-06-12 06:46:00,3.3
2025-06-12 14:13:00,38.2
2025-06-12 07:15:00,88.0
2025-06-12 22:26:00,49.66792053602915
2025-06-12 23:56:00,35.8
2025-06-12 04:19:00,50.9
2025-06-12 02:42:00,32.1
2025-06-12 00:05:00,58.7
2025-06-12 23:16:00,87.3
2025-06-12 21:59:00,76.7
2025-06-12 03:15:00,15.8
2025-06-12 12:34:00,56.2
2025-06-12 04:47:00,49.66792053602915
2025-06-12 18:32:00,25.4
2025-06-12 22:49:00,88.6
2025-06-12 04:43:00,51.8
2025-06-12 08:46:00,49.66792053602915
2025-06-12 00:56:00,7.9
2025-06-12 10:19:00,62.5
2025-06-12 20:28:00,39.3
2025-06-12 16:38:00,42.3
2025-06-12 06:04:00,17.5
2025-06-12 21:54:00,9.0
2025-06-12 00:37:00,32.4
2025-06-12 08:06:00,49.66792053602915
2025-06-12 02:46:00,2.5
2025-06-12 17:20:00,65.7
2025-06-12 11:26:00,45.7
2025-06-12 13:18:00,17.7
2025-06-12 01:30:00,49.66792053602915
2025-06-12 14:26:00,49.66792053602915
2025-06-12 12:43:00,58.3
2025-06-12 07:20:00,18.9
2025-06-12 12:21:00,3.9
2025-06-12 02:11:00,44.5
2025-06-12 06:49:00,8.1
2025-06-12 13:07:00,29.0
2025-06-12 02:16:00,16.4
2025-06-12 08:04:00,39.3
2025-06-12 20:42:00,57.3
2025-06-12 14:20:00,41.3
2025-06-12 01:56:00,68.0
2025-06-12 10:32:00,82.9
2025-06-12 13:50:00,51.7
2025-06-12 18:28:00,88.5
2025-06-12 18:01:00,49.66792053602915
2025-06-12 20:13:00,8.3
2025-06-12 03:00:00,9.1
2025-06-12 19:41:00,9.7
2025-06-12 06:10:00,49.66792053602915
2025-06-12 08:53:00,68.1
2025-06-12 08:13:00,24.6
2025-06-12 18:50:00,90.1
2025-06-12 05:10:00,23.8
2025-06-12 13:09:00,8.3
2025-06-12 21:04:00,6.9
2025-06-12 23:47:00,86.9
2025-06-12 04:58:00,32.3
2025-06-12 21:38:00,49.66792053602915
2025-06-12 04:23:00,49.66792053602915
2025-06-12 19:20:00,64.1
2025-06-12 20:30:00,6.5
2025-06-12 15:00:00,2.1
2025-06-12 21:18:00,9.2
2025-06-12 21:25:00,49.66792053602915
2025-06-12 17:19:00,57.8
2025-06-12 14:58:00,49.66792053602915
2025-06-12 10:12:00,55.0
2025-06-12 01:14:00,80.5
2025-06-12 15:44:00,30.2
2025-06-12 00:45:00,93.4
2025-06-12 14:51:00,73.4
2025-06-12 03:29:00,49.66792053602915
2025-06-12 13:35:00,11.5
2025-06-12 05:28:00,17.1
2025-06-12 06:33:00,72.8
2025-06-12 22:38:00,10.6
2025-06-12 09:18:00,49.66792053602915
2025-06-12 09:22:00,83.2
2025-06-12 00:23:00,67.9
2025-06-12 21:49:00,52.3
2025-06-12 05:26:00,80.5
2025-06-12 21:47:00,60.7
2025-06-12 21:11:00,49.66792053602915
2025-06-12 19:37:00,69.6
2025-06-12 10:07:00,9.0
2025-06-12 06:43:00,23.0
2025-06-12 06:57:00,39.2
2025-06-12 08:27:00,31.5
2025-06-12 07:55:00,95.0
2025-06-12 03:23:00,12.9
2025-06-12 00:32:00,64.0
2025-06-12 15:54:00,19.4
2025-06-12 07:36:00,17.9
2025-06-12 03:59:00,78.9
2025-06-12 21:10:00,79.8
2025-06-12 10:06:00,7.5
2025-06-12 06:21:00,2.2
2025-06-12 21:29:00,74.1
2025-06-12 07:45:00,49.66792053602915
2025-06-12 00:15:00,49.66792053602915
2025-06-12 00:06:00,37.2
2025-06-12 02:13:00,16.8
2025-06-12 08:51:00,49.66792053602915
2025-06-12 11:39:00,62.9
2025-06-12 22:16:00,69.1
2025-06-12 22:08:00,95.9
2025-06-12 20:35:00,46.1
2025-06-12 14:15:00,49.66792053602915
2025-06-12 15:08:00,80.1
2025-06-12 05:35:00,58.6
2025-06-12 20:54:00,60.8
2025-06-12 05:05:00,47.7
2025-06-12 03:08:00,10.7
2025-06-12 19:42:00,82.2
2025-06-12 10:29:00,41.0
2025-06-12 00:59:00,31.4
2025-06-12 18:52:00,4.7
2025-06-12 17:55:00,9.2
2025-06-12 15:27:00,65.8
2025-06-12 17:04:00,66.8
2025-06-12 18:46:00,16.6
2025-06-12 07:30:00,42.2
2025-06-12 04:11:00,7.2
2025-06-12 04:03:00,49.66792053602915
2025-06-12 07:51:00,56.7
2025-06-12 19:55:00,25.2
2025-06-12 08:36:00,29.8
2025-06-12 23:06:00,77.6
2025-06-12 05:30:00,36.7
2025-06-12 19:08:00,68.4
2025-06-12 19:02:00,20.6
2025-06-12 07:06:00,15.6
2025-06-12 02:38:00,13.5
2025-06-12 22:17:00,49.66792053602915
2025-06-12 08:10:00,80.3
2025-06-12 21:26:00,58.6
2025-06-12 07:53:00,68.8
2025-06-12 04:33:00,38.6
2025-06-12 03:40:00,45.3
2025-06-12 01:46:00,93.3
2025-06-12 16:47:00,93.6
2025-06-12 17:34:00,91.6
2025-06-12 10:34:00,49.66792053602915
2025-06-12 08:52:00,45.1
2025-06-12 12:05:00,49.66792053602915
2025-06-12 01:09:00,77.0
2025-06-12 01:34:00,70.3
2025-06-12 06:35:00,55.0
2025-06-12 05:50:00,3.8
2025-06-12 21:06:00,39.6
2025-06-12 22:18:00,19.0
2025-06-12 01:17:00,88.6
2025-06-12 20:29:00,49.66792053602915
2025-06-12 08:41:00,9.8
2025-06-12 10:25:00,97.7
2025-06-12 15:18:00,59.8
2025-06-12 03:20:00,49.1
2025-06-12 15:14:00,43.0
2025-06-12 08:14:00,6.8
2025-06-12 07:35:00,49.66792053602915
2025-06-12 16:14:00,80.3
2025-06-12 10:03:00,55.0
2025-06-12 11:22:00,49.66792053602915
2025-06-12 07:39:00,54.6
2025-06-12 19:48:00,49.66792053602915
2025-06-12 19:19:00,3.9
2025-06-12 12:25:00,49.66792053602915
2025-06-12 14:52:00,16.5
2025-06-12 23:58:00,66.8
2025-06-12 02:29:00,21.4
2025-06-12 16:27:00,12.1
2025-06-12 04:50:00,37.0
2025-06-12 03:50:00,56.5
2025-06-12 18:30:00,26.0
2025-06-12 18:41:00,58.2
2025-06-12 06:35:00,93.4
2025-06-12 10:34:00,33.8
2025-06-12 09:00:00,50.4
2025-06-12 00:01:00,19.2
2025-06-12 22:23:00,93.8
2025-06-12 16:10:00,25.3
2025-06-12 07:36:00,49.82591552591553
2025-06-12 22:57:00,35.7
2025-06-12 23:02:00,75.6
2025-06-12 12:11:00,62.2
2025-06-12 22:42:00,87.8
2025-06-12 00:11:00,89.9
2025-06-12 16:36:00,70.9
2025-06-12 09:19:00,40.5
2025-06-12 09:38:00,49.82591552591553
2025-06-12 11:24:00,10.1
2025-06-12 21:25:00,3.1
2025-06-12 18:42:00,84.1
2025-06-12 04:25:00,91.9
2025-06-12 22:48:00,40.5
2025-06-12 17:57:00,96.1
2025-06-12 15:17:00,76.1
2025-06-12 00:37:00,72.3
2025-06-12 09:01:00,51.0
2025-06-12 17:02:00,30.9
2025-06-12 21:05:00,2.2
2025-06-12 14:43:00,49.82591552591553
2025-06-12 13:39:00,19.2
2025-06-12 09:51:00,100.0
2025-06-12 10:29:00,49.82591552591553
2025-06-12 17:59:00,49.82591552591553
2025-06-12 03:15:00,46.3
2025-06-12 04:50:00,90.4
2025-06-12 18:29:00,93.6
2025-06-12 08:52:00,36.5
2025-06-12 06:47:00,10.5
2025-06-12 21:23:00,48.6
2025-06-12 09:31:00,49.82591552591553
2025-06-12 05:30:00,50.3
2025-06-12 12:22:00,4.0
2025-06-12 02:21:00,17.4
2025-06-12 05:01:00,3.9
2025-06-12 02:12:00,49.82591552591553
2025-06-12 14:22:00,49.82591552591553
2025-06-12 16:19:00,87.0
2025-06-12 14:31:00,44.3
2025-06-12 08:41:00,91.3
2025-06-12 07:03:00,49.82591552591553
2025-06-12 09:15:00,27.2
2025-06-12 06:17:00,49.82591552591553
2025-06-12 22:03:00,25.7
2025-06-12 23:05:00,49.82591552591553
2025-06-12 15:11:00,50.5
2025-06-12 17:46:00,46.4
2025-06-12 15:04:00,93.2
2025-06-12 13:44:00,69.5
2025-06-12 23:09:00,40.2
2025-06-12 13:11:00,98.9
2025-06-12 03:10:00,56.9
2025-06-12 13:27:00,92.9
2025-06-12 16:03:00,55.5
2025-06-12 15:00:00,61.5
2025-06-12 16:29:00,70.2
2025-06-12 07:32:00,72.4
2025-06-12 05:58:00,64.1
2025-06-12 17:52:00,49.82591552591553
2025-06-12 00:29:00,49.82591552591553
2025-06-12 14:27:00,94.9
2025-06-12 05:24:00,21.1
2025-06-12 02:49:00,46.6
2025-06-12 01:18:00,64.4
2025-06-12 07:38:00,83.2
2025-06-12 00:47:00,82.1
2025-06-12 02:08:00,53.8
2025-06-12 20:11:00,94.6
2025-06-12 04:57:00,24.1
2025-06-12 10:38:00,11.8
2025-06-12 05:17:00,63.6
2025-06-12 08:09:00,40.9
2025-06-12 11:43:00,49.82591552591553
2025-06-12 04:23:00,42.9
2025-06-12 23:48:00,59.3
2025-06-12 07:45:00,49.82591552591553
2025-06-12 09:45:00,49.82591552591553
2025-06-12 20:54:00,45.6
2025-06-12 03:33:00,22.4
2025-06-12 10:20:00,38.0
2025-06-12 16:17:00,38.5
2025-06-12 12:06:00,73.9
2025-06-12 13:20:00,49.82591552591553
2025-06-12 00:36:00,49.82591552591553
2025-06-12 09:33:00,58.1
2025-06-12 09:56:00,34.4
2025-06-12 15:27:00,86.9
2025-06-12 01:00:00,91.3
2025-06-12 05:41:00,59.9
2025-06-12 12:30:00,50.0
2025-06-12 04:26:00,85.5
2025-06-12 08:20:00,62.2
2025-06-12 01:44:00,70.1
2025-06-12 04:46:00,82.3
2025-06-12 18:48:00,49.82591552591553
2025-06-12 01:29:00,21.0
2025-06-12 12:05:00,19.5
2025-06-12 18:20:00,88.1
2025-06-12 10:44:00,90.9
2025-06-12 02:40:00,55.4
2025-06-12 22:32:00,89.7
2025-06-12 13:19:00,47.8
2025-06-12 17:06:00,32.8
2025-06-12 20:36:00,71.4
2025-06-12 14:18:00,49.82591552591553
2025-06-12 18:04:00,42.7
2025-06-12 23:01:00,75.5
2025-06-12 00:33:00,15.0
2025-06-12 19:33:00,79.3
2025-06-12 15:16:00,4.1
2025-06-12 22:19:00,16.7
2025-06-12 14:04:00,68.3
2025-06-12 19:46:00,7.1
2025-06-12 18:11:00,49.82591552591553
2025-06-12 06:51:00,77.6
2025-06-12 00:04:00,91.7
2025-06-12 15:53:00,49.82591552591553
2025-06-12 19:23:00,40.3
2025-06-12 23:52:00,71.9
2025-06-12 05:14:00,12.7
2025-06-12 21:37:00,79.4
2025-06-12 17:26:00,2.4
2025-06-12 04:04:00,11.7
2025-06-12 13:33:00,67.6
2025-06-12 07:47:00,80.0
2025-06-12 07:04:00,30.0
2025-06-12 03:57:00,25.6
2025-06-12 22:46:00,21.9
2025-06-12 08:40:00,19.1
2025-06-12 23:26:00,16.1
2025-06-12 03:30:00,49.82591552591553
2025-06-12 12:16:00,48.6
2025-06-12 08:51:00,27.2
2025-06-12 15:03:00,16.1
2025-06-12 15:52:00,88.0
2025-06-12 07:37:00,49.82591552591553
2025-06-12 11:23:00,25.4
2025-06-12 23:25:00,7.8
2025-06-12 06:38:00,60.0
2025-06-12 21:02:00,12.7
2025-06-12 20:12:00,73.0
2025-06-12 05:52:00,5.0
2025-06-12 08:58:00,49.82591552591553
2025-06-12 02:17:00,28.2
2025-06-12 13:49:00,70.1
2025-06-12 22:11:00,39.0
2025-06-12 12:35:00,83.9
2025-06-12 11:00:00,49.82591552591553
2025-06-12 01:21:00,97.3
2025-06-12 02:41:00,91.6
2025-06-12 13:47:00,81.7
2025-06-12 11:16:00,87.3
2025-06-12 16:24:00,49.82591552591553
2025-06-12 12:42:00,31.2
2025-06-12 17:11:00,19.3
2025-06-12 22:38:00,32.7
2025-06-12 16:50:00,98.2
2025-06-12 04:48:00,49.82591552591553
2025-06-12 18:46:00,58.1
2025-06-12 03:05:00,50.7
2025-06-12 05:55:00,13.4
2025-06-12 08:10:00,40.6
2025-06-12 01:06:00,93.1
2025-06-12 02:46:00,48.9
2025-06-12 05:39:00,74.1
2025-06-12 09:09:00,49.82591552591553
2025-06-12 03:37:00,95.6
2025-06-12 12:45:00,95.0
2025-06-12 00:43:00,25.5
2025-06-12 12:07:00,1.6
2025-06-12 10:56:00,17.2
2025-06-12 09:42:00,16.3
2025-06-12 12:09:00,49.82591552591553
2025-06-12 07:54:00,96.5
2025-06-12 20:42:00,99.2
2025-06-12 03:53:00,84.3
2025-06-12 02:56:00,49.82591552591553
2025-06-12 05:29:00,97.9
2025-06-12 11:09:00,98.7
2025-06-12 06:22:00,52.2
2025-06-12 23:49:00,25.0
2025-06-12 13:12:00,59.0
2025-06-12 23:55:00,77.7
2025-06-12 13:18:00,49.82591552591553
2025-06-12 21:08:00,26.9
2025-06-12 06:31:00,79.5
2025-06-12 05:00:00,15.0
2025-06-12 21:42:00,49.5
2025-06-12 10:39:00,90.9
2025-06-12 19:38:00,48.1
2025-06-12 14:05:00,0.4
2025-06-12 20:28:00,66.0
2025-06-12 07:49:00,46.9
2025-06-12 03:00:00,30.5
2025-06-12 05:28:00,79.6
2025-06-12 05:34:00,88.8
2025-06-12 18:32:00,18.9
2025-06-12 09:13:00,77.3
2025-06-12 12:27:00,27.4
2025-06-12 08:56:00,50.6
2025-06-12 16:58:00,21.5
2025-06-12 23:34:00,37.3
2025-06-12 22:05:00,85.8
2025-06-12 04:16:00,31.3
2025-06-12 04:09:00,2.3
2025-06-12 19:51:00,23.0
2025-06-12 09:40:00,49.82591552591553
2025-06-12 13:21:00,93.9
2025-06-12 22:13:00,66.9
2025-06-12 15:41:00,1.9
2025-06-12 18:34:00,62.1
2025-06-12 22:43:00,6.0
2025-06-12 01:03:00,92.4
2025-06-12 10:51:00,17.0
2025-06-12 05:57:00,77.8
2025-06-12 23:30:00,30.0
2025-06-12 11:42:00,25.9
2025-06-12 20:44:00,92.5
2025-06-12 00:25:00,49.82591552591553
2025-06-12 14:12:00,37.1
2025-06-12 21:54:00,0.4
2025-06-12 21:40:00,78.5
2025-06-12 20:00:00,55.9
2025-06-12 19:41:00,56.6
2025-06-12 04:03:00,99.3
2025-06-12 16:16:00,49.82591552591553
2025-06-12 16:42:00,90.9
2025-06-12 00:50:00,23.9
2025-06-12 04:33:00,93.9
2025-06-12 10:16:00,74.1
2025-06-12 02:07:00,47.9
2025-06-12 18:27:00,49.82591552591553
2025-06-12 21:28:00,32.6
2025-06-12 18:50:00,76.9
2025-06-12 23:42:00,50.7
2025-06-12 03:39:00,10.6
2025-06-12 19:03:00,55.2
2025-06-12 11:47:00,48.7
2025-06-12 17:27:00,49.82591552591553
2025-06-12 12:59:00,18.3
2025-06-12 18:49:00,73.9
2025-06-12 14:15:00,8.7
2025-06-12 00:28:00,31.8
2025-06-12 14:33:00,23.6
2025-06-12 18:09:00,67.7
2025-06-12 20:39:00,75.2
2025-06-12 17:23:00,74.8
2025-06-12 08:38:00,49.82591552591553
2025-06-12 12:18:00,83.3
2025-06-12 12:31:00,53.3
2025-06-12 21:47:00,79.7
2025-06-12 15:12:00,49.82591552591553
2025-06-12 18:21:00,5.9
2025-06-12 17:54:00,99.3
2025-06-12 07:12:00,94.0
2025-06-12 07:30:00,69.0
2025-06-12 18:28:00,37.7
2025-06-12 04:39:00,61.8
2025-06-12 08:27:00,81.0
2025-06-12 01:04:00,62.0
2025-06-12 12:53:00,7.3
2025-06-12 16:00:00,20.8
2025-06-12 20:47:00,77.7
2025-06-12 06:06:00,49.82591552591553
2025-06-12 18:55:00,60.2
2025-06-12 14:19:00,34.2
2025-06-12 22:17:00,13.1
2025-06-12 23:44:00,77.2
2025-06-12 07:34:00,83.8
2025-06-12 17:08:00,12.5
2025-06-12 15:34:00,73.3
2025-06-12 08:21:00,49.82591552591553
2025-06-12 21:07:00,44.3
2025-06-12 02:58:00,49.82591552591553
2025-06-12 20:24:00,47.0
2025-06-12 03:01:00,87.9
2025-06-12 07:41:00,75.2
2025-06-12 15:20:00,97.6
2025-06-12 15:36:00,57.4
2025-06-12 02:02:00,16.0
2025-06-12 09:21:00,11.4
2025-06-12 21:53:00,60.5
2025-06-12 23:50:00,49.82591552591553
2025-06-12 09:12:00,56.7
2025-06-12 06:03:00,55.7
2025-06-12 20:07:00,12.0
2025-06-12 13:54:00,4.6
2025-06-12 10:58:00,43.7
2025-06-12 06:44:00,70.6
2025-06-12 13:22:00,75.4
2025-06-12 13:59:00,49.2
2025-06-12 07:51:00,62.0
2025-06-12 08:02:00,90.3
2025-06-12 19:36:00,49.82264106490752
2025-06-12 08:26:00,10.4
2025-06-12 09:47:00,63.8
2025-06-12 17:00:00,82.1
2025-06-12 01:19:00,3.3
2025-06-12 10:26:00,18.8
2025-06-12 13:52:00,89.5
2025-06-12 01:12:00,49.82264106490752
2025-06-12 04:39:00,60.2
2025-06-12 08:50:00,46.0
2025-06-12 11:09:00,5.7
2025-06-12 05:42:00,35.2
2025-06-12 06:40:00,18.3
2025-06-12 01:42:00,54.4
2025-06-12 13:41:00,49.82264106490752
2025-06-12 20:00:00,49.82264106490752
2025-06-12 03:30:00,37.8
2025-06-12 23:13:00,78.8
2025-06-12 18:39:00,49.82264106490752
2025-06-12 19:52:00,7.5
2025-06-12 01:37:00,92.3
2025-06-12 16:43:00,36.1
2025-06-12 14:43:00,90.4
2025-06-12 15:31:00,2.1
2025-06-12 04:00:00,49.2
2025-06-12 21:12:00,79.9
2025-06-12 10:53:00,55.7
2025-06-12 08:07:00,85.1
2025-06-12 09:24:00,21.7
2025-06-12 05:36:00,49.1
2025-06-12 17:25:00,20.3
2025-06-12 13:27:00,48.8
2025-06-12 16:35:00,81.7
2025-06-12 01:13:00,49.82264106490752
2025-06-12 17:48:00,12.8
2025-06-12 00:09:00,79.8
2025-06-12 09:09:00,70.5
2025-06-12 13:21:00,78.7
2025-06-12 17:44:00,81.9
2025-06-12 12:51:00,18.1
2025-06-12 18:36:00,46.5
2025-06-12 21:03:00,69.4
2025-06-12 00:40:00,58.1
2025-06-12 06:21:00,49.82264106490752
2025-06-12 14:15:00,11.7
2025-06-12 01:16:00,96.9
2025-06-12 05:02:00,49.82264106490752
2025-06-12 18:57:00,60.4
2025-06-12 15:22:00,2.0
2025-06-12 19:05:00,5.7
2025-06-12 07:04:00,49.82264106490752
2025-06-12 05:03:00,49.82264106490752
2025-06-12 13:43:00,93.2
2025-06-12 13:40:00,67.6
2025-06-12 22:34:00,14.4
2025-06-12 19:20:00,91.9
2025-06-12 11:37:00,13.0
2025-06-12 00:25:00,49.82264106490752
2025-06-12 07:25:00,58.6
2025-06-12 09:18:00,45.6
2025-06-12 08:00:00,49.82264106490752
2025-06-12 11:39:00,80.4
2025-06-12 10:06:00,49.82264106490752
2025-06-12 03:36:00,44.7
2025-06-12 18:58:00,87.9
2025-06-12 22:12:00,49.82264106490752
2025-06-12 19:51:00,16.5
2025-06-12 06:52:00,95.8
2025-06-12 14:29:00,73.7
2025-06-12 15:27:00,20.4
2025-06-12 15:30:00,53.6
2025-06-12 03:09:00,10.3
2025-06-12 12:46:00,68.5
2025-06-12 04:59:00,84.7
2025-06-12 13:51:00,74.7
2025-06-12 20:29:00,36.6
2025-06-12 12:40:00,78.4
2025-06-12 10:37:00,57.9
2025-06-12 02:04:00,4.1
2025-06-12 07:21:00,39.5
2025-06-12 17:16:00,38.4
2025-06-12 01:39:00,17.6
2025-06-12 00:06:00,24.7
2025-06-12 21:02:00,49.82264106490752
2025-06-12 15:43:00,10.0
2025-06-12 15:59:00,60.8
2025-06-12 11:32:00,49.82264106490752
2025-06-12 11:43:00,8.4
2025-06-12 16:14:00,76.8
2025-06-12 10:05:00,41.6
2025-06-12 11:34:00,13.1
2025-06-12 03:02:00,68.2
2025-06-12 16:24:00,80.1
2025-06-12 18:37:00,47.7
2025-06-12 03:37:00,21.7
2025-06-12 01:50:00,50.0
2025-06-12 02:24:00,62.7
2025-06-12 21:28:00,2.6
2025-06-12 02:37:00,38.8
2025-06-12 11:26:00,27.2
2025-06-12 00:45:00,59.5
2025-06-12 23:03:00,82.4
2025-06-12 02:48:00,10.9
2025-06-12 19:09:00,49.82264106490752
2025-06-12 03:50:00,8.6
2025-06-12 01:14:00,68.6
2025-06-12 05:45:00,2.9
2025-06-12 22:33:00,65.2
2025-06-12 20:55:00,9.9
2025-06-12 22:19:00,93.3
2025-06-12 22:37:00,49.82264106490752
2025-06-12 06:35:00,83.6
2025-06-12 09:53:00,15.0
2025-06-12 13:37:00,5.0
2025-06-12 20:26:00,9.6
2025-06-12 02:35:00,49.82264106490752
2025-06-12 02:38:00,60.4
2025-06-12 02:34:00,29.5
2025-06-12 19:10:00,67.4
2025-06-12 07:59:00,88.5
2025-06-12 17:38:00,87.6
2025-06-12 09:13:00,35.9
2025-06-12 04:17:00,49.82264106490752
2025-06-12 12:07:00,87.3
2025-06-12 04:29:00,59.7
2025-06-12 21:57:00,2.3
2025-06-12 07:01:00,52.7
2025-06-12 17:34:00,15.5
2025-06-12 18:33:00,80.6
2025-06-12 18:23:00,76.3
2025-06-12 22:52:00,20.4
2025-06-12 19:57:00,12.5
2025-06-12 14:59:00,21.6
2025-06-12 22:27:00,6.4
2025-06-12 03:26:00,30.7
2025-06-12 10:00:00,9.0
2025-06-12 17:23:00,27.5
2025-06-12 06:39:00,49.82264106490752
2025-06-12 21:42:00,49.82264106490752
2025-06-12 15:02:00,58.2
2025-06-12 00:26:00,49.82264106490752
2025-06-12 19:32:00,48.7
2025-06-12 07:14:00,49.82264106490752
2025-06-12 11:03:00,2.4
2025-06-12 04:58:00,33.3
2025-06-12 23:40:00,1.3
2025-06-12 10:08:00,57.2
2025-06-12 14:08:00,34.9
2025-06-12 00:49:00,42.6
2025-06-12 13:45:00,49.82264106490752
2025-06-12 14:13:00,49.82264106490752
2025-06-12 00:34:00,88.9
2025-06-12 20:49:00,49.82264106490752
2025-06-12 00:44:00,3.8
2025-06-12 04:15:00,47.3
2025-06-12 19:58:00,4.6
2025-06-12 09:19:00,14.1
2025-06-12 14:06:00,49.82264106490752
2025-06-12 21:10:00,49.82264106490752
2025-06-12 15:11:00,56.2
2025-06-12 17:33:00,96.9
2025-06-12 19:53:00,49.82264106490752
2025-06-12 14:34:00,48.5
2025-06-12 21:38:00,48.8
2025-06-12 14:05:00,1.2
2025-06-12 10:21:00,49.82264106490752
2025-06-12 23:53:00,8.7
2025-06-12 00:15:00,45.2
2025-06-12 09:06:00,49.82264106490752
2025-06-12 08:20:00,49.82264106490752
2025-06-12 05:54:00,49.82264106490752
2025-06-12 15:29:00,11.1
2025-06-12 16:15:00,49.82264106490752
2025-06-12 06:04:00,64.7
2025-06-12 22:36:00,68.6
2025-06-12 01:31:00,5.4
2025-06-12 11:44:00,37.7
2025-06-12 10:09:00,94.0
2025-06-12 07:06:00,66.5
2025-06-12 12:37:00,32.4
2025-06-12 17:19:00,3.2
2025-06-12 14:55:00,90.2
2025-06-12 15:39:00,7.9
2025-06-12 19:26:00,49.82264106490752
2025-06-12 07:39:00,49.82264106490752
2025-06-12 06:06:00,5.6
2025-06-12 03:14:00,82.6
2025-06-12 06:32:00,63.2
2025-06-12 17:13:00,23.1
2025-06-12 04:23:00,15.7
2025-06-12 06:33:00,73.7
2025-06-12 23:36:00,49.82264106490752
2025-06-12 02:23:00,8.6
2025-06-12 13:00:00,96.8
2025-06-12 03:16:00,5.5
2025-06-12 05:32:00,56.0
2025-06-12 21:39:00,87.8
2025-06-12 16:30:00,41.0
2025-06-12 10:46:00,55.4
2025-06-12 14:56:00,74.0
2025-06-12 15:55:00,38.4
2025-06-12 17:54:00,49.82264106490752
2025-06-12 14:57:00,52.3
2025-06-12 14:12:00,62.7
2025-06-12 10:18:00,85.8
2025-06-12 09:28:00,91.7
2025-06-12 12:52:00,34.8
2025-06-12 07:11:00,19.5
2025-06-12 17:14:00,9.3
2025-06-12 08:54:00,13.4
2025-06-12 09:59:00,71.8
2025-06-12 14:01:00,19.3
2025-06-12 18:46:00,3.1
2025-06-12 07:13:00,49.82264106490752
2025-06-12 22:11:00,48.8
2025-06-12 12:36:00,3.0
2025-06-12 18:28:00,14.0
2025-06-12 09:14:00,49.82264106490752
2025-06-12 00:52:00,37.4
2025-06-12 21:31:00,96.7
2025-06-12 18:30:00,32.6
2025-06-12 17:01:00,49.82264106490752
2025-06-12 15:32:00,11.4
2025-06-12 07:54:00,28.3
2025-06-12 16:57:00,3.0
2025-06-12 17:51:00,49.82264106490752
2025-06-12 01:55:00,58.3
2025-06-12 06:45:00,81.9
2025-06-12 23:08:00,69.5
2025-06-12 08:29:00,15.4
2025-06-12 02:10:00,49.2
2025-06-12 17:10:00,67.3
2025-06-12 06:47:00,61.1
2025-06-12 03:51:00,75.5
2025-06-12 20:01:00,49.82264106490752
2025-06-12 16:31:00,49.82264106490752
2025-06-12 20:05:00,88.7
2025-06-12 03:29:00,35.2
2025-06-12 15:25:00,4.6
2025-06-12 05:04:00,98.4
2025-06-12 13:07:00,86.6
2025-06-12 09:01:00,64.9
2025-06-12 10:43:00,83.5
2025-06-12 10:10:00,9.1
2025-06-12 11:20:00,85.5
2025-06-12 17:24:00,21.5
2025-06-12 00:50:00,66.2
2025-06-12 14:04:00,43.0
2025-06-12 15:45:00,49.82264106490752
2025-06-12 00:19:00,43.6
2025-06-12 19:38:00,46.0
2025-06-12 07:02:00,30.2
2025-06-12 23:35:00,49.1
2025-06-12 08:22:00,46.9
2025-06-12 16:33:00,1.8
2025-06-12 02:01:00,3.3
2025-06-12 06:30:00,6.4
2025-06-12 00:16:00,2.8
2025-06-12 19:02:00,19.9
2025-06-12 08:12:00,21.9
2025-06-12 16:18:00,10.0
2025-06-12 20:31:00,82.5
2025-06-12 19:42:00,40.1
2025-06-12 04:18:00,49.82264106490752
2025-06-12 19:00:00,86.3
2025-06-12 08:28:00,29.5
2025-06-12 19:18:00,1.1
2025-06-12 10:07:00,44.6
2025-06-12 08:24:00,20.0
2025-06-12 20:19:00,75.0
2025-06-12 22:18:00,52.6
2025-06-12 15:14:00,85.5
2025-06-12 20:48:00,50.2
2025-06-12 17:40:00,25.8
2025-06-12 15:49:00,37.8
2025-06-12 21:15:00,49.82264106490752
2025-06-12 07:42:00,8.1
2025-06-12 21:50:00,20.8
2025-06-12 11:50:00,45.5
2025-06-12 01:02:00,49.82264106490752
2025-06-12 19:23:00,24.9
2025-06-12 20:36:00,22.8
2025-06-12 04:50:00,46.9
2025-06-12 18:43:00,1.8
2025-06-12 16:38:00,41.2
2025-06-12 13:17:00,26.4
2025-06-12 00:54:00,73.1
2025-06-12 15:38:00,80.8
2025-06-12 18:56:00,86.4
2025-06-12 16:09:00,91.8
2025-06-12 11:46:00,49.82264106490752
2025-06-12 22:41:00,49.82264106490752
2025-06-12 06:07:00,53.9
2025-06-12 08:08:00,11.1
2025-06-12 14:41:00,14.6
2025-06-12 05:28:00,90.1
2025-06-12 11:28:00,57.7
2025-06-12 10:02:00,57.8
2025-06-12 17:29:00,63.6
2025-06-12 11:58:00,30.8
2025-06-12 06:15:00,21.5
2025-06-12 11:23:00,2.9
2025-06-12 01:36:00,86.9
2025-06-12 00:35:00,18.1
2025-06-12 00:52:00,63.3
2025-06-12 19:21:00,73.4
2025-06-12 12:34:00,95.7
2025-06-12 15:33:00,38.5
2025-06-12 21:00:00,66.0
2025-06-12 11:03:00,78.9
2025-06-12 17:56:00,92.3
2025-06-12 03:18:00,18.2
2025-06-12 15:16:00,9.6
2025-06-12 04:07:00,60.9
2025-06-12 13:07:00,33.4
2025-06-12 14:25:00,94.4
2025-06-12 02:01:00,0.6
2025-06-12 12:20:00,49.73505924170616
2025-06-12 23:05:00,91.6
2025-06-12 05:58:00,34.4
2025-06-12 18:34:00,52.0
2025-06-12 16:39:00,76.3
2025-06-12 03:39:00,62.8
2025-06-12 13:23:00,36.3
2025-06-12 19:01:00,30.9
2025-06-12 22:44:00,68.7
2025-06-12 11:04:00,16.4
2025-06-12 09:24:00,19.4
2025-06-12 14:12:00,49.73505924170616
2025-06-12 01:04:00,48.3
2025-06-12 14:31:00,50.9
2025-06-12 20:49:00,49.73505924170616
2025-06-12 06:52:00,20.6
2025-06-12 04:08:00,60.7
2025-06-12 14:34:00,45.9
2025-06-12 00:10:00,24.3
2025-06-12 06:42:00,49.73505924170616
2025-06-12 00:25:00,15.3
2025-06-12 19:44:00,76.8
2025-06-12 17:55:00,26.9
2025-06-12 22:39:00,96.9
2025-06-12 10:45:00,64.5
2025-06-12 22:10:00,2.6
2025-06-12 21:46:00,72.7
2025-06-12 11:36:00,1.8
2025-06-12 10:14:00,6.1
2025-06-12 20:42:00,49.73505924170616
2025-06-12 21:54:00,82.6
2025-06-12 17:26:00,92.9
2025-06-12 15:07:00,78.4
2025-06-12 10:11:00,81.4
2025-06-12 06:47:00,71.5
2025-06-12 16:37:00,92.4
2025-06-12 07:54:00,15.3
2025-06-12 06:12:00,49.6
2025-06-12 07:36:00,49.73505924170616
2025-06-12 16:56:00,57.3
2025-06-12 01:39:00,68.1
2025-06-12 20:09:00,62.6
2025-06-12 21:23:00,52.0
2025-06-12 19:14:00,91.2
2025-06-12 15:54:00,70.5
2025-06-12 08:14:00,49.73505924170616
2025-06-12 11:48:00,22.4
2025-06-12 19:45:00,7.8
2025-06-12 15:11:00,3.2
2025-06-12 09:50:00,49.73505924170616
2025-06-12 04:14:00,31.3
2025-06-12 19:58:00,85.5
2025-06-12 02:22:00,17.7
2025-06-12 22:20:00,7.3
2025-06-12 12:49:00,52.0
2025-06-12 05:25:00,29.4
2025-06-12 07:48:00,83.5
2025-06-12 12:18:00,49.73505924170616
2025-06-12 15:25:00,83.0
2025-06-12 19:06:00,59.5
2025-06-12 07:13:00,49.73505924170616
2025-06-12 01:28:00,86.0
2025-06-12 16:55:00,86.0
2025-06-12 05:56:00,70.1
2025-06-12 18:12:00,36.2
2025-06-12 09:35:00,51.0
2025-06-12 00:14:00,34.2
2025-06-12 13:01:00,13.4
2025-06-12 07:17:00,71.3
2025-06-12 13:20:00,36.1
2025-06-12 19:04:00,58.1
2025-06-12 10:53:00,9.2
2025-06-12 04:00:00,87.3
2025-06-12 19:53:00,48.7
2025-06-12 14:26:00,58.8
2025-06-12 02:14:00,97.1
2025-06-12 07:39:00,74.2
2025-06-12 00:03:00,15.8
2025-06-12 12:05:00,17.2
2025-06-12 09:22:00,49.73505924170616
2025-06-12 06:49:00,28.2
2025-06-12 02:49:00,70.2
2025-06-12 16:42:00,75.8
2025-06-12 21:25:00,34.8
2025-06-12 07:44:00,28.7
2025-06-12 05:39:00,74.3
2025-06-12 17:22:00,91.9
2025-06-12 10:26:00,2.7
2025-06-12 08:49:00,57.0
2025-06-12 00:58:00,2.1
2025-06-12 10:07:00,45.1
2025-06-12 19:18:00,36.2
2025-06-12 07:08:00,29.4
2025-06-12 08:52:00,0.9
2025-06-12 12:48:00,4.3
2025-06-12 09:39:00,35.5
2025-06-12 14:36:00,26.0
2025-06-12 02:37:00,79.9
2025-06-12 22:49:00,59.1
2025-06-12 15:15:00,26.5
2025-06-12 02:17:00,15.8
2025-06-12 04:22:00,11.2
2025-06-12 21:36:00,67.9
2025-06-12 03:21:00,32.6
2025-06-12 13:32:00,61.4
2025-06-12 18:57:00,17.7
2025-06-12 01:57:00,34.7
2025-06-12 08:00:00,35.6
2025-06-12 16:01:00,49.73505924170616
2025-06-12 22:19:00,16.0
2025-06-12 08:08:00,1.0
2025-06-12 05:37:00,20.3
2025-06-12 18:05:00,33.7
2025-06-12 04:45:00,36.9
2025-06-12 12:54:00,21.2
2025-06-12 04:38:00,28.8
2025-06-12 15:59:00,50.1
2025-06-12 05:40:00,48.4
2025-06-12 05:34:00,61.7
2025-06-12 06:17:00,20.8
2025-06-12 15:56:00,42.6
2025-06-12 05:33:00,31.6
2025-06-12 03:04:00,44.1
2025-06-12 08:07:00,51.2
2025-06-12 15:29:00,10.2
2025-06-12 18:04:00,6.4
2025-06-12 20:50:00,49.73505924170616
2025-06-12 01:14:00,49.73505924170616
2025-06-12 15:14:00,12.3
2025-06-12 05:46:00,49.73505924170616
2025-06-12 03:13:00,81.1
2025-06-12 08:11:00,91.2
2025-06-12 13:26:00,49.73505924170616
2025-06-12 05:45:00,51.8
2025-06-12 02:34:00,82.4
2025-06-12 13:14:00,14.5
2025-06-12 05:16:00,25.3
2025-06-12 13:36:00,44.5
2025-06-12 18:20:00,62.8
2025-06-12 12:26:00,16.8
2025-06-12 06:22:00,3.3
2025-06-12 12:31:00,49.4
2025-06-12 08:55:00,91.4
2025-06-12 10:54:00,92.8
2025-06-12 17:54:00,49.73505924170616
2025-06-12 21:08:00,90.4
2025-06-12 23:10:00,52.8
2025-06-12 14:00:00,67.2
2025-06-12 09:59:00,86.1
2025-06-12 12:51:00,44.4
2025-06-12 17:48:00,42.9
2025-06-12 21:20:00,0.3
2025-06-12 11:38:00,25.2
2025-06-12 10:38:00,25.9
2025-06-12 20:02:00,36.3
2025-06-12 11:33:00,43.4
2025-06-12 00:33:00,2.8
2025-06-12 19:19:00,23.1
2025-06-12 17:17:00,40.2
2025-06-12 23:30:00,18.5
2025-06-12 06:21:00,88.1
2025-06-12 17:47:00,49.73505924170616
2025-06-12 05:19:00,93.8
2025-06-12 12:15:00,72.8
2025-06-12 09:03:00,46.6
2025-06-12 22:34:00,42.9
2025-06-12 17:33:00,10.3
2025-06-12 16:33:00,49.73505924170616
2025-06-12 11:24:00,32.9
2025-06-12 21:24:00,10.8
2025-06-12 14:58:00,85.1
2025-06-12 12:00:00,12.1
2025-06-12 13:48:00,62.7
2025-06-12 18:02:00,30.3
2025-06-12 01:01:00,47.2
2025-06-12 16:04:00,0.2
2025-06-12 06:32:00,70.6
2025-06-12 15:58:00,31.2
2025-06-12 20:48:00,9.5
2025-06-12 00:28:00,47.0
2025-06-12 07:23:00,49.73505924170616
2025-06-12 11:44:00,5.2
2025-06-12 07:45:00,54.4
2025-06-12 03:40:00,25.2
2025-06-12 15:40:00,53.6
2025-06-12 20:17:00,44.2
2025-06-12 22:46:00,42.5
2025-06-12 07:34:00,82.5
2025-06-12 11:05:00,49.73505924170616
2025-06-12 01:08:00,49.73505924170616
2025-06-12 06:50:00,49.0
2025-06-12 16:14:00,49.73505924170616
2025-06-12 21:14:00,22.3
2025-06-12 14:22:00,84.3
2025-06-12 12:19:00,5.6
2025-06-12 21:40:00,74.6
2025-06-12 23:37:00,35.8
2025-06-12 13:53:00,1.3
2025-06-12 06:44:00,48.1
2025-06-12 04:25:00,49.73505924170616
2025-06-12 04:57:00,54.3
2025-06-12 17:10:00,49.73505924170616
2025-06-12 18:28:00,0.9
2025-06-12 10:30:00,16.4
2025-06-12 02:12:00,38.5
2025-06-12 19:49:00,41.2
2025-06-12 23:54:00,49.73505924170616
2025-06-12 14:33:00,45.6
2025-06-12 21:34:00,16.0
2025-06-12 05:05:00,4.3
2025-06-12 17:02:00,27.9
2025-06-12 11:55:00,92.1
2025-06-12 13:22:00,97.9
2025-06-12 14:39:00,55.9
2025-06-12 00:26:00,83.0
2025-06-12 02:08:00,53.8
2025-06-12 12:44:00,99.7
2025-06-12 10:17:00,82.4
2025-06-12 09:41:00,5.0
2025-06-12 22:54:00,49.73505924170616
2025-06-12 04:32:00,88.8
2025-06-12 17:05:00,88.6
2025-06-12 01:32:00,6.9
2025-06-12 00:27:00,41.8
2025-06-12 03:36:00,74.6
2025-06-12 02:59:00,20.0
2025-06-12 22:00:00,17.5
2025-06-12 22:26:00,90.2
2025-06-12 08:01:00,49.73505924170616
2025-06-12 06:57:00,93.2
2025-06-12 20:36:00,35.7
2025-06-12 11:25:00,49.73505924170616
2025-06-12 17:52:00,49.73505924170616
2025-06-12 21:49:00,77.9
2025-06-12 00:18:00,87.5
2025-06-12 00:53:00,83.0
2025-06-12 16:59:00,91.8
2025-06-12 14:18:00,3.4
2025-06-12 14:08:00,36.7
2025-06-12 12:16:00,38.0
2025-06-12 23:46:00,29.9
2025-06-12 21:27:00,67.5
2025-06-12 00:40:00,41.9
2025-06-12 09:36:00,49.73505924170616
2025-06-12 20:58:00,49.73505924170616
2025-06-12 13:35:00,31.9
2025-06-12 16:51:00,69.3
2025-06-12 10:55:00,48.7
2025-06-12 21:31:00,22.4
2025-06-12 02:50:00,80.6
2025-06-12 08:40:00,67.5
2025-06-12 13:25:00,85.6
2025-06-12 08:05:00,70.6
2025-06-12 05:42:00,92.8
2025-06-12 19:19:00,66.6
2025-06-12 14:42:00,18.4
2025-06-12 23:15:00,28.3
2025-06-12 00:37:00,54.1
2025-06-12 16:16:00,2.3
2025-06-12 01:09:00,60.1
2025-06-12 00:41:00,50.04950773558369
2025-06-12 00:03:00,43.2
2025-06-12 19:56:00,31.0
2025-06-12 11:14:00,25.4
2025-06-12 02:51:00,92.8
2025-06-12 09:02:00,30.9
2025-06-12 10:58:00,84.2
2025-06-12 17:23:00,81.0
2025-06-12 19:03:00,13.2
2025-06-12 22:36:00,39.7
2025-06-12 08:21:00,40.0
2025-06-12 07:19:00,36.9
2025-06-12 06:46:00,49.6
2025-06-12 13:59:00,93.4
2025-06-12 11:01:00,18.1
2025-06-12 05:10:00,33.7
2025-06-12 12:22:00,21.5
2025-06-12 23:42:00,26.2
2025-06-12 06:00:00,27.5
2025-06-12 19:32:00,50.04950773558369
2025-06-12 04:46:00,51.2
2025-06-12 03:11:00,58.4
2025-06-12 16:25:00,50.04950773558369
2025-06-12 13:29:00,94.6
2025-06-12 13:47:00,50.04950773558369
2025-06-12 14:52:00,25.7
2025-06-12 16:33:00,73.7
2025-06-12 06:21:00,21.1
2025-06-12 14:05:00,50.04950773558369
2025-06-12 21:46:00,60.6
2025-06-12 06:56:00,96.1
2025-06-12 14:09:00,38.2
2025-06-12 18:16:00,50.04950773558369
2025-06-12 01:55:00,35.9
2025-06-12 15:54:00,39.2
2025-06-12 18:41:00,80.2
2025-06-12 02:19:00,87.9
2025-06-12 11:37:00,86.4
2025-06-12 18:06:00,89.4
2025-06-12 20:17:00,90.3
2025-06-12 01:29:00,26.1
2025-06-12 12:43:00,93.3
2025-06-12 01:36:00,37.8
2025-06-12 09:22:00,76.2
2025-06-12 13:05:00,30.6
2025-06-12 08:18:00,77.8
2025-06-12 01:00:00,27.9
2025-06-12 20:47:00,52.7
2025-06-12 22:40:00,6.2
2025-06-12 02:27:00,1.6
2025-06-12 18:04:00,58.7
2025-06-12 13:02:00,92.4
2025-06-12 17:54:00,44.1
2025-06-12 19:30:00,50.04950773558369
2025-06-12 01:03:00,71.1
2025-06-12 05:34:00,71.0
2025-06-12 17:46:00,13.0
2025-06-12 08:00:00,9.5
2025-06-12 09:38:00,86.4
2025-06-12 18:53:00,53.5
2025-06-12 20:05:00,30.2
2025-06-12 07:14:00,36.8
2025-06-12 14:00:00,99.1
2025-06-12 20:55:00,84.4
2025-06-12 04:52:00,36.7
2025-06-12 15:41:00,50.04950773558369
2025-06-12 14:07:00,50.04950773558369
2025-06-12 15:16:00,46.1
2025-06-12 01:41:00,50.04950773558369
2025-06-12 06:44:00,21.9
2025-06-12 17:05:00,7.0
2025-06-12 05:41:00,4.1
2025-06-12 17:47:00,75.8
2025-06-12 22:27:00,88.6
2025-06-12 02:06:00,47.9
2025-06-12 01:51:00,88.8
2025-06-12 23:54:00,51.6
2025-06-12 23:03:00,98.8
2025-06-12 03:41:00,10.1
2025-06-12 20:34:00,97.7
2025-06-12 20:40:00,73.5
2025-06-12 06:04:00,78.5
2025-06-12 02:58:00,50.04950773558369
2025-06-12 01:27:00,63.8
2025-06-12 14:38:00,72.5
2025-06-12 15:32:00,53.3
2025-06-12 00:42:00,60.5
2025-06-12 08:56:00,28.5
2025-06-12 09:26:00,94.7
2025-06-12 16:28:00,52.9
2025-06-12 12:52:00,50.04950773558369
2025-06-12 10:53:00,50.04950773558369
2025-06-12 07:32:00,6.1
2025-06-12 17:55:00,19.2
2025-06-12 09:12:00,59.0
2025-06-12 02:01:00,16.7
2025-06-12 01:16:00,50.04950773558369
2025-06-12 23:16:00,30.3
2025-06-12 17:22:00,42.8
2025-06-12 04:45:00,68.1
2025-06-12 23:17:00,51.2
2025-06-12 20:52:00,50.04950773558369
2025-06-12 07:48:00,81.7
2025-06-12 19:51:00,50.04950773558369
2025-06-12 16:34:00,88.5
2025-06-12 02:35:00,97.0
2025-06-12 03:32:00,37.9
2025-06-12 02:28:00,50.04950773558369
2025-06-12 06:48:00,97.3
2025-06-12 19:26:00,69.9
2025-06-12 11:26:00,53.0
2025-06-12 12:31:00,19.1
2025-06-12 09:30:00,80.0
2025-06-12 20:58:00,21.8
2025-06-12 19:46:00,41.6
2025-06-12 07:44:00,77.1
2025-06-12 12:07:00,50.04950773558369
2025-06-12 16:31:00,53.8
2025-06-12 13:28:00,32.0
2025-06-12 04:39:00,22.5
2025-06-12 16:42:00,12.0
2025-06-12 15:28:00,50.04950773558369
2025-06-12 06:19:00,73.2
2025-06-12 14:40:00,25.7
2025-06-12 08:53:00,50.04950773558369
2025-06-12 10:47:00,72.0
2025-06-12 06:34:00,5.1
2025-06-12 18:35:00,80.4
2025-06-12 03:28:00,50.04950773558369
2025-06-12 16:26:00,95.2
2025-06-12 10:43:00,50.04950773558369
2025-06-12 02:31:00,15.1
2025-06-12 23:39:00,98.1
2025-06-12 03:45:00,55.1
2025-06-12 23:51:00,23.6
2025-06-12 09:36:00,28.8
2025-06-12 05:55:00,50.04950773558369
2025-06-12 06:18:00,35.5
2025-06-12 11:15:00,1.8
2025-06-12 02:05:00,68.9
2025-06-12 17:53:00,6.6
2025-06-12 22:51:00,16.4
2025-06-12 00:07:00,42.8
2025-06-12 05:05:00,53.7
2025-06-12 06:58:00,2.0
2025-06-12 15:11:00,73.3
2025-06-12 09:27:00,50.04950773558369
2025-06-12 18:09:00,64.2
2025-06-12 15:40:00,40.2
2025-06-12 04:20:00,99.5
2025-06-12 05:00:00,4.0
2025-06-12 10:22:00,97.0
2025-06-12 05:12:00,10.9
2025-06-12 12:08:00,29.4
2025-06-12 00:51:00,77.5
2025-06-12 07:27:00,50.04950773558369
2025-06-12 12:19:00,84.8
2025-06-12 03:42:00,50.04950773558369
2025-06-12 23:41:00,84.6
2025-06-12 04:30:00,63.0
2025-06-12 09:45:00,48.7
2025-06-12 23:13:00,78.4
2025-06-12 08:23:00,71.5
2025-06-12 16:09:00,50.04950773558369
2025-06-12 13:23:00,50.04950773558369
2025-06-12 15:13:00,81.2
2025-06-12 04:00:00,57.9
2025-06-12 01:37:00,22.4
2025-06-12 11:45:00,91.5
2025-06-12 19:01:00,2.3
2025-06-12 23:36:00,50.04950773558369
2025-06-12 09:52:00,13.3
2025-06-12 13:00:00,77.4
2025-06-12 01:46:00,50.04950773558369
2025-06-12 18:25:00,12.2
2025-06-12 14:11:00,52.4
2025-06-12 02:09:00,64.9
2025-06-12 23:49:00,50.04950773558369
2025-06-12 06:47:00,70.8
2025-06-12 20:23:00,50.04950773558369
2025-06-12 19:04:00,69.2
2025-06-12 11:33:00,57.6
2025-06-12 08:47:00,0.4
2025-06-12 14:50:00,5.8
2025-06-12 18:02:00,95.0
2025-06-12 13:42:00,81.0
2025-06-12 19:54:00,43.5
2025-06-12 22:14:00,68.0
2025-06-12 06:23:00,26.4
2025-06-12 13:46:00,67.6
2025-06-12 10:11:00,31.1
2025-06-12 06:37:00,50.04950773558369
2025-06-12 10:41:00,48.9
2025-06-12 15:20:00,50.04950773558369
2025-06-12 05:29:00,50.04950773558369
2025-06-12 19:33:00,50.04950773558369
2025-06-12 22:23:00,12.3
2025-06-12 16:41:00,7.4
2025-06-12 06:35:00,53.7
2025-06-12 20:19:00,50.04950773558369
2025-06-12 10:28:00,50.04950773558369
2025-06-12 04:41:00,78.1
2025-06-12 17:31:00,72.7
2025-06-12 20:10:00,61.3
2025-06-12 17:59:00,9.0
2025-06-12 05:36:00,90.0
2025-06-12 15:05:00,95.2
2025-06-12 17:01:00,38.9
2025-06-12 14:37:00,61.6
2025-06-12 09:42:00,16.8
2025-06-12 19:20:00,50.04950773558369
2025-06-12 08:24:00,40.7
2025-06-12 23:04:00,64.1
2025-06-12 15:45:00,95.3
2025-06-12 16:24:00,93.9
2025-06-12 20:43:00,60.6
2025-06-12 09:15:00,95.9
2025-06-12 03:58:00,40.2
2025-06-12 06:32:00,48.9
2025-06-12 04:50:00,50.04950773558369
2025-06-12 05:16:00,71.6
2025-06-12 18:30:00,79.7
2025-06-12 03:15:00,7.9
2025-06-12 11:24:00,91.5
2025-06-12 19:42:00,50.04950773558369
2025-06-12 18:08:00,60.0
2025-06-12 14:36:00,10.2
2025-06-12 21:01:00,36.7
2025-06-12 01:17:00,50.04950773558369
2025-06-12 17:15:00,21.5
2025-06-12 15:49:00,87.1
2025-06-12 17:41:00,2.7
2025-06-12 21:38:00,50.04950773558369
2025-06-12 00:19:00,56.5
2025-06-12 07:09:00,89.5
2025-06-12 10:45:00,24.7
2025-06-12 02:59:00,7.6
2025-06-12 07:56:00,79.0
2025-06-12 07:34:00,50.04950773558369
2025-06-12 01:48:00,24.7
2025-06-12 10:25:00,51.3
2025-06-12 08:29:00,74.8
2025-06-12 13:35:00,53.2
2025-06-12 01:20:00,50.04950773558369
2025-06-12 16:40:00,82.3
2025-06-12 02:47:00,76.1
2025-06-12 21:43:00,45.2
2025-06-12 07:08:00,12.8
2025-06-12 08:12:00,1.0
2025-06-12 07:01:00,13.0
2025-06-12 08:26:00,91.4
2025-06-12 08:07:00,50.04950773558369
2025-06-12 12:11:00,87.6
2025-06-12 20:16:00,50.04950773558369
2025-06-12 14:16:00,74.2
2025-06-12 15:38:00,74.1
2025-06-12 12:03:00,94.2
2025-06-12 18:36:00,56.1
2025-06-12 19:57:00,65.8
2025-06-12 05:50:00,19.6
2025-06-12 00:13:00,61.0
2025-06-12 07:35:00,25.1
2025-06-12 04:36:00,6.4
2025-06-12 03:37:00,70.9
2025-06-12 05:48:00,46.8
2025-06-12 08:48:00,9.3
2025-06-12 00:15:00,3.1
2025-06-12 11:47:00,98.2
2025-06-12 23:56:00,33.6
2025-06-12 15:19:00,85.1
2025-06-12 08:57:00,50.04950773558369
2025-06-12 10:59:00,51.5
2025-06-12 09:39:00,11.1
2025-06-12 22:39:00,75.1
2025-06-12 12:49:00,50.04950773558369
2025-06-12 15:58:00,68.0
2025-06-12 22:56:00,97.5
2025-06-12 23:32:00,49.9
2025-06-12 12:32:00,19.5
2025-06-12 13:57:00,50.04950773558369
2025-06-12 18:26:00,26.1
2025-06-12 13:31:00,61.1
2025-06-12 11:56:00,83.0
2025-06-12 16:27:00,50.04950773558369
2025-06-12 01:02:00,42.5
2025-06-12 09:08:00,50.04950773558369
2025-06-12 22:43:00,52.1
2025-06-12 23:43:00,64.1
2025-06-12 16:08:00,62.1
2025-06-12 15:21:00,85.5
2025-06-12 01:39:00,50.04950773558369
2025-06-12 05:02:00,37.1
2025-06-12 21:11:00,0.5
2025-06-12 03:10:00,62.2
2025-06-12 01:12:00,49.64720650636492
2025-06-12 12:13:00,71.5
2025-06-12 09:28:00,85.2
2025-06-12 17:32:00,94.5
2025-06-12 22:11:00,6.0
2025-06-12 05:25:00,11.0
2025-06-12 02:18:00,21.5
2025-06-12 07:23:00,16.6
2025-06-12 02:06:00,67.0
2025-06-12 10:16:00,9.4
2025-06-12 12:01:00,57.6
2025-06-12 23:22:00,76.5
2025-06-12 00:46:00,49.64720650636492
2025-06-12 10:02:00,52.6
2025-06-12 13:15:00,26.0
2025-06-12 07:13:00,99.1
2025-06-12 14:37:00,76.3
2025-06-12 13:16:00,49.64720650636492
2025-06-12 02:25:00,8.3
2025-06-12 16:04:00,68.6
2025-06-12 14:44:00,63.0
2025-06-12 20:48:00,95.8
2025-06-12 08:57:00,43.8
2025-06-12 02:08:00,59.0
2025-06-12 08:03:00,25.6
2025-06-12 12:30:00,24.9
2025-06-12 17:36:00,49.64720650636492
2025-06-12 07:12:00,91.2
2025-06-12 03:24:00,12.9
2025-06-12 23:19:00,15.5
2025-06-12 18:51:00,38.2
2025-06-12 02:04:00,92.1
2025-06-12 19:09:00,0.4
2025-06-12 20:52:00,93.3
2025-06-12 05:57:00,43.7
2025-06-12 10:10:00,34.4
2025-06-12 22:59:00,49.64720650636492
2025-06-12 21:23:00,12.3
2025-06-12 04:23:00,7.0
2025-06-12 05:51:00,67.6
2025-06-12 22:43:00,14.4
2025-06-12 16:05:00,20.0
2025-06-12 16:11:00,49.64720650636492
2025-06-12 19:46:00,49.64720650636492
2025-06-12 05:26:00,41.6
2025-06-12 00:05:00,49.64720650636492
2025-06-12 15:32:00,49.64720650636492
2025-06-12 15:57:00,49.64720650636492
2025-06-12 06:45:00,82.6
2025-06-12 00:07:00,49.64720650636492
2025-06-12 21:34:00,12.5
2025-06-12 08:59:00,39.0
2025-06-12 05:27:00,32.4
2025-06-12 07:05:00,16.5
2025-06-12 14:54:00,35.9
2025-06-12 09:47:00,75.0
2025-06-12 10:06:00,84.7
2025-06-12 22:44:00,8.9
2025-06-12 07:16:00,39.2
2025-06-12 14:24:00,0.5
2025-06-12 16:53:00,93.4
2025-06-12 17:23:00,81.2
2025-06-12 20:29:00,49.64720650636492
2025-06-12 00:53:00,57.3
2025-06-12 19:16:00,29.5
2025-06-12 06:40:00,49.64720650636492
2025-06-12 11:59:00,45.6
2025-06-12 03:51:00,27.2
2025-06-12 17:02:00,23.0
2025-06-12 17:13:00,10.2
2025-06-12 00:36:00,63.1
2025-06-12 01:07:00,45.4
2025-06-12 04:16:00,49.64720650636492
2025-06-12 18:55:00,63.6
2025-06-12 19:36:00,23.7
2025-06-12 00:25:00,50.7
2025-06-12 06:15:00,49.64720650636492
2025-06-12 04:04:00,86.2
2025-06-12 21:42:00,90.1
2025-06-12 03:49:00,49.64720650636492
2025-06-12 03:23:00,38.0
2025-06-12 13:28:00,32.1
2025-06-12 12:07:00,49.64720650636492
2025-06-12 22:33:00,40.2
2025-06-12 06:28:00,29.9
2025-06-12 13:35:00,72.1
2025-06-12 21:19:00,13.6
2025-06-12 21:44:00,72.8
2025-06-12 16:02:00,65.4
2025-06-12 23:49:00,38.3
2025-06-12 22:07:00,54.0
2025-06-12 03:50:00,88.2
2025-06-12 16:15:00,41.8
2025-06-12 03:19:00,49.64720650636492
2025-06-12 19:34:00,23.0
2025-06-12 15:08:00,49.64720650636492
2025-06-12 09:03:00,87.4
2025-06-12 20:08:00,89.6
2025-06-12 06:13:00,6.2
2025-06-12 10:12:00,27.6
2025-06-12 13:42:00,49.64720650636492
2025-06-12 16:59:00,32.3
2025-06-12 08:37:00,69.6
2025-06-12 22:22:00,49.64720650636492
2025-06-12 07:55:00,65.2
2025-06-12 04:21:00,35.5
2025-06-12 21:59:00,86.7
2025-06-12 21:57:00,87.6
2025-06-12 23:04:00,49.64720650636492
2025-06-12 06:20:00,84.8
2025-06-12 13:20:00,71.4
2025-06-12 17:40:00,21.6
2025-06-12 00:57:00,49.64720650636492
2025-06-12 15:38:00,45.8
2025-06-12 04:43:00,52.6
2025-06-12 21:22:00,49.64720650636492
2025-06-12 22:17:00,88.0
2025-06-12 06:42:00,63.6
2025-06-12 19:19:00,31.2
2025-06-12 01:57:00,33.6
2025-06-12 14:21:00,27.7
2025-06-12 13:33:00,49.64720650636492
2025-06-12 12:53:00,56.4
2025-06-12 17:52:00,49.9
2025-06-12 02:38:00,95.5
2025-06-12 13:37:00,83.5
2025-06-12 22:20:00,77.3
2025-06-12 02:35:00,39.4
2025-06-12 14:31:00,51.4
2025-06-12 01:20:00,27.3
2025-06-12 10:51:00,51.6
2025-06-12 12:59:00,29.7
2025-06-12 09:30:00,14.5
2025-06-12 06:17:00,12.7
2025-06-12 03:27:00,49.64720650636492
2025-06-12 07:09:00,27.8
2025-06-12 18:26:00,49.64720650636492
2025-06-12 18:09:00,68.2
2025-06-12 02:51:00,71.7
2025-06-12 05:10:00,19.9
2025-06-12 23:13:00,57.0
2025-06-12 18:41:00,6.9
2025-06-12 10:04:00,35.7
2025-06-12 13:48:00,72.9
2025-06-12 01:58:00,97.7
2025-06-12 14:56:00,83.5
2025-06-12 06:30:00,49.64720650636492
2025-06-12 20:40:00,80.0
2025-06-12 11:25:00,33.5
2025-06-12 21:47:00,36.6
2025-06-12 00:47:00,49.64720650636492
2025-06-12 01:46:00,91.6
2025-06-12 14:42:00,78.5
2025-06-12 01:16:00,11.9
2025-06-12 15:14:00,64.7
2025-06-12 07:59:00,49.64720650636492
2025-06-12 20:50:00,2.8
2025-06-12 19:18:00,30.6
2025-06-12 13:26:00,38.6
2025-06-12 12:00:00,46.7
2025-06-12 08:10:00,1.2
2025-06-12 08:08:00,49.64720650636492
2025-06-12 00:18:00,47.4
2025-06-12 10:00:00,32.2
2025-06-12 21:41:00,91.8
2025-06-12 18:47:00,71.8
2025-06-12 12:39:00,49.64720650636492
2025-06-12 21:27:00,87.9
2025-06-12 03:59:00,36.4
2025-06-12 22:52:00,64.4
2025-06-12 12:20:00,82.2
2025-06-12 09:58:00,97.9
2025-06-12 10:49:00,94.8
2025-06-12 18:23:00,45.2
2025-06-12 16:55:00,24.9
2025-06-12 07:47:00,49.64720650636492
2025-06-12 02:17:00,49.64720650636492
2025-06-12 15:12:00,38.0
2025-06-12 06:51:00,89.2
2025-06-12 00:19:00,36.5
2025-06-12 14:07:00,2.6
2025-06-12 04:36:00,49.64720650636492
2025-06-12 08:17:00,69.9
2025-06-12 12:37:00,49.7
2025-06-12 22:53:00,87.0
2025-06-12 13:09:00,91.9
2025-06-12 10:05:00,69.9
2025-06-12 18:00:00,49.64720650636492
2025-06-12 03:31:00,69.4
2025-06-12 08:13:00,52.8
2025-06-12 17:01:00,59.0
2025-06-12 10:57:00,13.9
2025-06-12 12:45:00,48.8
2025-06-12 13:52:00,7.3
2025-06-12 04:26:00,3.5
2025-06-12 15:02:00,44.1
2025-06-12 03:54:00,49.64720650636492
2025-06-12 20:12:00,49.64720650636492
2025-06-12 07:36:00,62.9
2025-06-12 06:21:00,90.1
2025-06-12 05:16:00,60.1
2025-06-12 20:53:00,51.3
2025-06-12 02:26:00,5.4
2025-06-12 00:50:00,49.64720650636492
2025-06-12 17:14:00,18.3
2025-06-12 10:52:00,6.8
2025-06-12 11:11:00,17.1
2025-06-12 14:03:00,65.9
2025-06-12 16:10:00,49.64720650636492
2025-06-12 12:40:00,0.0
2025-06-12 06:07:00,14.5
2025-06-12 06:05:00,49.64720650636492
2025-06-12 20:41:00,34.3
2025-06-12 00:03:00,11.0
2025-06-12 22:19:00,66.4
2025-06-12 17:18:00,49.64720650636492
2025-06-12 06:44:00,86.6
2025-06-12 11:09:00,46.4
2025-06-12 10:07:00,93.2
2025-06-12 14:41:00,39.0
2025-06-12 07:42:00,84.3
2025-06-12 02:30:00,36.0
2025-06-12 15:03:00,12.1
2025-06-12 15:45:00,96.4
2025-06-12 19:58:00,94.3
2025-06-12 09:10:00,6.2
2025-06-12 00:30:00,49.64720650636492
2025-06-12 15:16:00,35.5
2025-06-12 09:18:00,43.1
2025-06-12 02:56:00,52.2
2025-06-12 21:30:00,97.7
2025-06-12 01:05:00,33.5
2025-06-12 18:33:00,26.9
2025-06-12 00:20:00,14.9
2025-06-12 02:54:00,49.6
2025-06-12 14:17:00,94.3
2025-06-12 20:10:00,49.64720650636492
2025-06-12 09:44:00,72.0
2025-06-12 04:10:00,60.6
2025-06-12 19:20:00,81.6
2025-06-12 07:41:00,47.5
2025-06-12 11:32:00,84.7
2025-06-12 05:43:00,41.3
2025-06-12 06:43:00,51.8
2025-06-12 01:19:00,24.2
2025-06-12 15:39:00,65.2
2025-06-12 19:07:00,72.6
2025-06-12 23:55:00,92.3
2025-06-12 05:52:00,28.2
2025-06-12 07:48:00,3.1
2025-06-12 04:59:00,21.2
2025-06-12 15:37:00,80.2
2025-06-12 01:21:00,88.0
2025-06-12 20:46:00,55.5
2025-06-12 01:47:00,74.6
2025-06-12 02:36:00,24.0
2025-06-12 14:14:00,66.0
2025-06-12 11:00:00,3.8
2025-06-12 08:39:00,69.2
2025-06-12 13:59:00,26.7
2025-06-12 07:30:00,90.3
2025-06-12 14:28:00,97.8
2025-06-12 05:07:00,45.5
2025-06-12 15:59:00,61.8
2025-06-12 01:25:00,82.5
2025-06-12 15:44:00,49.64720650636492
2025-06-12 21:50:00,0.6
2025-06-12 09:20:00,11.5
2025-06-12 20:58:00,3.7
2025-06-12 09:54:00,45.2
2025-06-12 21:08:00,99.1
2025-06-12 14:10:00,82.8
2025-06-12 14:26:00,21.6
2025-06-12 18:42:00,35.4
2025-06-12 14:45:00,4.8
2025-06-12 10:40:00,35.3
2025-06-12 08:45:00,44.6
2025-06-12 16:20:00,68.5
2025-06-12 18:14:00,37.7
2025-06-12 01:11:00,65.1
2025-06-12 04:11:00,91.7
2025-06-12 03:20:00,38.8
2025-06-12 14:33:00,9.6
2025-06-12 20:32:00,35.6
2025-06-12 08:52:00,36.6
2025-06-12 02:13:00,54.5
2025-06-12 09:48:00,46.7
2025-06-12 01:54:00,33.1
2025-06-12 20:43:00,6.5
2025-06-12 14:23:00,2.3
2025-06-12 06:23:00,43.6
2025-06-12 02:58:00,47.2
2025-06-12 16:54:00,16.8
2025-06-12 02:14:00,1.6
2025-06-12 22:23:00,71.1
2025-06-12 14:55:00,76.5
2025-06-12 07:08:00,13.9
2025-06-12 21:13:00,56.1
2025-06-12 00:54:00,20.4
2025-06-12 07:44:00,49.44888862615275
2025-06-12 15:40:00,88.6
2025-06-12 06:52:00,55.1
2025-06-12 23:38:00,49.44888862615275
2025-06-12 21:43:00,49.44888862615275
2025-06-12 10:43:00,44.0
2025-06-12 04:10:00,48.4
2025-06-12 12:50:00,1.8
2025-06-12 22:47:00,49.8
2025-06-12 00:57:00,85.5
2025-06-12 04:43:00,7.9
2025-06-12 05:10:00,49.44888862615275
2025-06-12 19:48:00,62.4
2025-06-12 04:36:00,33.7
2025-06-12 21:45:00,90.2
2025-06-12 22:45:00,40.6
2025-06-12 11:39:00,29.2
2025-06-12 20:21:00,23.3
2025-06-12 03:43:00,43.1
2025-06-12 22:22:00,16.0
2025-06-12 19:14:00,41.2
2025-06-12 20:14:00,89.5
2025-06-12 23:50:00,77.4
2025-06-12 20:42:00,47.1
2025-06-12 01:57:00,47.2
2025-06-12 14:38:00,9.6
2025-06-12 18:07:00,71.7
2025-06-12 09:32:00,18.7
2025-06-12 05:01:00,93.2
2025-06-12 10:44:00,86.4
2025-06-12 13:59:00,81.9
2025-06-12 00:51:00,60.8
2025-06-12 12:45:00,49.44888862615275
2025-06-12 01:36:00,74.9
2025-06-12 19:52:00,81.2
2025-06-12 22:20:00,66.1
2025-06-12 07:02:00,35.8
2025-06-12 18:21:00,67.6
2025-06-12 01:21:00,21.4
2025-06-12 20:53:00,39.6
2025-06-12 21:15:00,68.8
2025-06-12 17:29:00,73.9
2025-06-12 16:30:00,38.6
2025-06-12 15:55:00,98.6
2025-06-12 14:10:00,27.8
2025-06-12 12:51:00,83.6
2025-06-12 22:37:00,49.44888862615275
2025-06-12 17:37:00,58.6
2025-06-12 14:52:00,24.8
2025-06-12 09:19:00,21.8
2025-06-12 18:47:00,49.44888862615275
2025-06-12 12:31:00,49.44888862615275
2025-06-12 01:01:00,19.8
2025-06-12 17:12:00,49.44888862615275
2025-06-12 10:54:00,7.6
2025-06-12 01:24:00,63.7
2025-06-12 17:06:00,49.1
2025-06-12 09:58:00,58.7
2025-06-12 19:59:00,76.9
2025-06-12 10:32:00,21.4
2025-06-12 09:03:00,39.1
2025-06-12 05:26:00,55.4
2025-06-12 19:02:00,49.44888862615275
2025-06-12 02:18:00,42.1
2025-06-12 11:48:00,1.2
2025-06-12 12:10:00,49.44888862615275
2025-06-12 03:05:00,46.7
2025-06-12 04:39:00,28.2
2025-06-12 17:27:00,80.6
2025-06-12 18:10:00,49.44888862615275
2025-06-12 07:17:00,87.6
2025-06-12 17:31:00,80.1
2025-06-12 23:35:00,97.6
2025-06-12 08:39:00,75.5
2025-06-12 16:35:00,66.6
2025-06-12 09:12:00,1.6
2025-06-12 06:46:00,49.44888862615275
2025-06-12 17:26:00,3.1
2025-06-12 06:19:00,49.44888862615275
2025-06-12 05:37:00,99.4
2025-06-12 02:42:00,74.6
2025-06-12 04:09:00,8.9
2025-06-12 06:10:00,41.0
2025-06-12 20:31:00,26.0
2025-06-12 03:27:00,2.0
2025-06-12 15:31:00,75.4
2025-06-12 01:42:00,62.9
2025-06-12 08:52:00,12.5
2025-06-12 08:04:00,49.44888862615275
2025-06-12 15:18:00,37.0
2025-06-12 17:10:00,79.3
2025-06-12 20:23:00,69.2
2025-06-12 18:43:00,30.1
2025-06-12 18:44:00,76.6
2025-06-12 13:27:00,67.3
2025-06-12 06:40:00,61.5
2025-06-12 14:25:00,88.0
2025-06-12 14:36:00,26.9
2025-06-12 03:02:00,25.4
2025-06-12 20:47:00,35.8
2025-06-12 10:52:00,75.1
2025-06-12 00:21:00,57.0
2025-06-12 20:09:00,53.1
2025-06-12 12:06:00,92.9
2025-06-12 10:10:00,6.0
2025-06-12 06:33:00,49.6
2025-06-12 17:30:00,64.0
2025-06-12 03:14:00,43.2
2025-06-12 20:34:00,95.5
2025-06-12 17:40:00,49.44888862615275
2025-06-12 21:14:00,49.44888862615275
2025-06-12 04:01:00,20.6
2025-06-12 08:33:00,78.8
2025-06-12 13:06:00,54.8
2025-06-12 20:45:00,40.7
2025-06-12 21:17:00,49.44888862615275
2025-06-12 21:37:00,35.8
2025-06-12 01:47:00,3.6
2025-06-12 16:06:00,57.4
2025-06-12 17:17:00,91.1
2025-06-12 08:29:00,14.7
2025-06-12 18:45:00,56.4
2025-06-12 23:25:00,96.2
2025-06-12 13:53:00,77.2
2025-06-12 20:03:00,71.0
2025-06-12 05:41:00,7.4
2025-06-12 13:25:00,61.6
2025-06-12 04:35:00,54.0
2025-06-12 19:18:00,57.0
2025-06-12 17:02:00,17.2
2025-06-12 09:40:00,11.5
2025-06-12 18:55:00,17.8
2025-06-12 13:45:00,26.7
2025-06-12 09:33:00,38.9
2025-06-12 14:30:00,49.44888862615275
2025-06-12 16:20:00,48.7
2025-06-12 17:43:00,87.0
2025-06-12 10:03:00,6.7
2025-06-12 10:04:00,58.6
2025-06-12 04:54:00,75.5
2025-06-12 14:14:00,57.8
2025-06-12 11:13:00,81.8
2025-06-12 03:42:00,5.3
2025-06-12 17:18:00,37.1
2025-06-12 22:27:00,49.44888862615275
2025-06-12 02:47:00,38.1
2025-06-12 00:08:00,64.5
2025-06-12 11:45:00,49.44888862615275
2025-06-12 14:15:00,49.7
2025-06-12 03:56:00,32.9
2025-06-12 13:02:00,22.9
2025-06-12 07:47:00,36.0
2025-06-12 15:15:00,51.2
2025-06-12 02:43:00,42.5
2025-06-12 19:47:00,53.6
2025-06-12 21:55:00,39.0
2025-06-12 00:47:00,56.3
2025-06-12 14:58:00,14.8
2025-06-12 05:33:00,54.2
2025-06-12 12:54:00,99.3
2025-06-12 05:00:00,2.6
2025-06-12 21:54:00,43.0
2025-06-12 16:23:00,6.4
2025-06-12 00:58:00,49.44888862615275
2025-06-12 07:04:00,71.3
2025-06-12 16:22:00,30.7
2025-06-12 10:45:00,97.8
2025-06-12 13:09:00,17.6
2025-06-12 17:19:00,56.8
2025-06-12 22:02:00,23.6
2025-06-12 05:48:00,62.3
2025-06-12 02:26:00,25.5
2025-06-12 18:01:00,75.8
2025-06-12 17:07:00,24.2
2025-06-12 15:16:00,78.4
2025-06-12 21:28:00,57.6
2025-06-12 14:57:00,25.0
2025-06-12 12:40:00,49.44888862615275
2025-06-12 12:42:00,87.3
2025-06-12 18:57:00,49.44888862615275
2025-06-12 10:05:00,49.44888862615275
2025-06-12 10:47:00,49.44888862615275
2025-06-12 19:40:00,4.9
2025-06-12 10:36:00,49.44888862615275
2025-06-12 14:33:00,81.1
2025-06-12 07:45:00,89.3
2025-06-12 04:48:00,61.0
2025-06-12 04:55:00,17.1
2025-06-12 06:08:00,32.2
2025-06-12 16:46:00,28.4
2025-06-12 09:05:00,0.0
2025-06-12 15:52:00,13.3
2025-06-12 13:07:00,49.44888862615275
2025-06-12 07:18:00,66.9
2025-06-12 12:49:00,49.44888862615275
2025-06-12 10:24:00,40.3
2025-06-12 13:18:00,49.44888862615275
2025-06-12 20:26:00,77.9
2025-06-12 12:22:00,97.2
2025-06-12 22:03:00,56.5
2025-06-12 06:05:00,72.4
2025-06-12 18:30:00,28.6
2025-06-12 22:52:00,86.6
2025-06-12 20:18:00,48.9
2025-06-12 15:49:00,93.6
2025-06-12 23:55:00,14.8
2025-06-12 00:32:00,13.8
2025-06-12 20:15:00,59.4
2025-06-12 10:21:00,49.44888862615275
2025-06-12 07:27:00,49.44888862615275
2025-06-12 03:46:00,94.4
2025-06-12 15:13:00,40.8
2025-06-12 15:20:00,32.3
2025-06-12 18:56:00,27.8
2025-06-12 19:53:00,77.8
2025-06-12 07:09:00,93.8
2025-06-12 14:09:00,2.1
2025-06-12 12:24:00,21.3
2025-06-12 11:50:00,55.8
2025-06-12 22:12:00,7.2
2025-06-12 02:05:00,71.4
2025-06-12 03:39:00,11.9
2025-06-12 21:20:00,85.8
2025-06-12 05:25:00,69.2
2025-06-12 02:24:00,50.6
2025-06-12 06:51:00,77.1
2025-06-12 03:53:00,42.9
2025-06-12 08:31:00,25.0
2025-06-12 12:03:00,49.44888862615275
2025-06-12 20:04:00,34.4
2025-06-12 06:42:00,91.2
2025-06-12 14:42:00,8.0
2025-06-12 10:25:00,1.9
2025-06-12 20:52:00,0.7
2025-06-12 15:45:00,53.3
2025-06-12 20:36:00,58.7
2025-06-12 22:21:00,52.2
2025-06-12 04:57:00,49.44888862615275
2025-06-12 23:06:00,24.6
2025-06-12 21:49:00,35.9
2025-06-12 14:49:00,69.7
2025-06-12 23:53:00,67.8
2025-06-12 06:49:00,57.3
2025-06-12 14:34:00,77.3
2025-06-12 09:49:00,49.44888862615275
2025-06-12 11:35:00,43.0
2025-06-12 09:00:00,49.44888862615275
2025-06-12 13:35:00,78.3
2025-06-12 13:12:00,55.7
2025-06-12 20:39:00,44.3
2025-06-12 14:02:00,10.2
2025-06-12 19:01:00,4.7
2025-06-12 18:37:00,80.9
2025-06-12 06:53:00,99.4
2025-06-12 23:37:00,37.2
2025-06-12 01:45:00,44.7
2025-06-12 13:56:00,14.7
2025-06-12 07:33:00,50.4
2025-06-12 12:41:00,85.4
2025-06-12 13:20:00,5.5
2025-06-12 22:06:00,87.7
2025-06-12 11:42:00,49.44888862615275
2025-06-12 01:50:00,53.1
2025-06-12 17:57:00,49.44888862615275
2025-06-12 01:06:00,49.44888862615275
2025-06-12 07:38:00,38.4
2025-06-12 21:04:00,39.8
2025-06-12 09:18:00,55.1
2025-06-12 11:53:00,51.3
2025-06-12 14:29:00,26.0
2025-06-12 06:12:00,98.2
2025-06-12 20:38:00,14.1
2025-06-12 03:28:00,49.44888862615275
2025-06-12 07:56:00,98.0
2025-06-12 00:11:00,86.1
2025-06-12 11:20:00,83.4
2025-06-12 17:33:00,49.44888862615275
2025-06-12 19:37:00,61.3
2025-06-12 03:17:00,26.8
2025-06-12 00:49:00,60.1
2025-06-12 14:00:00,3.2
2025-06-12 21:01:00,64.9
2025-06-12 14:37:00,77.3
2025-06-12 00:53:00,49.44888862615275
2025-06-12 19:55:00,22.9
2025-06-12 19:32:00,33.2
2025-06-12 16:42:00,49.44888862615275
2025-06-12 16:36:00,84.1
2025-06-12 22:55:00,95.4
2025-06-12 17:52:00,72.5
2025-06-12 10:06:00,70.6
2025-06-12 07:38:00,96.9
2025-06-12 03:25:00,58.7
2025-06-12 15:23:00,59.1
2025-06-12 22:26:00,34.5
2025-06-12 12:00:00,92.6
2025-06-12 15:26:00,91.5
2025-06-12 02:09:00,85.1
2025-06-12 01:06:00,57.1
2025-06-12 02:27:00,55.4
2025-06-12 22:45:00,76.1
2025-06-12 04:33:00,11.2
2025-06-12 14:42:00,87.7
2025-06-12 03:13:00,47.9
2025-06-12 08:49:00,8.0
2025-06-12 02:51:00,23.5
2025-06-12 05:17:00,84.4
2025-06-12 07:35:00,66.3
2025-06-12 11:04:00,92.9
2025-06-12 18:58:00,45.5
2025-06-12 09:51:00,98.6
2025-06-12 08:12:00,98.8
2025-06-12 06:03:00,49.953150620754265
2025-06-12 00:04:00,16.0
2025-06-12 00:22:00,96.9
2025-06-12 21:40:00,49.953150620754265
2025-06-12 03:36:00,1.2
2025-06-12 11:39:00,64.0
2025-06-12 09:39:00,85.2
2025-06-12 05:41:00,62.4
2025-06-12 15:12:00,49.953150620754265
2025-06-12 22:51:00,31.8
2025-06-12 12:37:00,22.2
2025-06-12 02:06:00,47.4
2025-06-12 09:11:00,7.5
2025-06-12 19:24:00,35.7
2025-06-12 13:24:00,70.2
2025-06-12 19:36:00,77.4
2025-06-12 10:37:00,46.7
2025-06-12 05:54:00,49.953150620754265
2025-06-12 17:03:00,63.2
2025-06-12 22:14:00,39.9
2025-06-12 07:59:00,18.7
2025-06-12 10:24:00,23.6
2025-06-12 14:09:00,48.4
2025-06-12 03:38:00,63.8
2025-06-12 17:39:00,83.4
2025-06-12 01:19:00,49.953150620754265
2025-06-12 16:56:00,38.0
2025-06-12 18:23:00,24.6
2025-06-12 03:09:00,49.953150620754265
2025-06-12 07:32:00,57.5
2025-06-12 23:41:00,52.2
2025-06-12 14:03:00,32.5
2025-06-12 21:18:00,28.8
2025-06-12 12:13:00,74.6
2025-06-12 00:13:00,90.1
2025-06-12 13:03:00,45.7
2025-06-12 23:04:00,40.7
2025-06-12 23:14:00,71.4
2025-06-12 01:51:00,49.953150620754265
2025-06-12 07:06:00,49.953150620754265
2025-06-12 15:18:00,71.8
2025-06-12 20:00:00,94.7
2025-06-12 07:49:00,24.3
2025-06-12 05:50:00,1.9
2025-06-12 16:53:00,83.9
2025-06-12 20:50:00,36.0
2025-06-12 23:32:00,1.4
2025-06-12 06:47:00,87.2
2025-06-12 16:00:00,68.6
2025-06-12 00:33:00,73.7
2025-06-12 18:12:00,99.0
2025-06-12 01:17:00,98.2
2025-06-12 21:00:00,67.6
2025-06-12 08:32:00,30.6
2025-06-12 15:59:00,97.8
2025-06-12 20:25:00,26.8
2025-06-12 19:25:00,49.953150620754265
2025-06-12 18:32:00,1.5
2025-06-12 16:37:00,99.5
2025-06-12 17:44:00,21.2
2025-06-12 22:30:00,61.1
2025-06-12 04:02:00,98.9
2025-06-12 11:34:00,60.1
2025-06-12 12:58:00,53.0
2025-06-12 04:50:00,73.9
2025-06-12 18:40:00,74.7
2025-06-12 15:15:00,3.5
2025-06-12 05:19:00,18.5
2025-06-12 05:45:00,21.8
2025-06-12 18:10:00,77.3
2025-06-12 09:17:00,52.9
2025-06-12 15:37:00,6.8
2025-06-12 10:58:00,94.1
2025-06-12 23:31:00,76.8
2025-06-12 12:43:00,99.9
2025-06-12 13:56:00,13.9
2025-06-12 09:12:00,4.7
2025-06-12 12:32:00,93.0
2025-06-12 19:49:00,49.953150620754265
2025-06-12 22:41:00,14.5
2025-06-12 08:16:00,51.1
2025-06-12 00:41:00,82.8
2025-06-12 13:38:00,21.6
2025-06-12 08:19:00,91.5
2025-06-12 20:10:00,100.0
2025-06-12 05:03:00,16.1
2025-06-12 23:03:00,16.7
2025-06-12 03:48:00,68.9
2025-06-12 20:01:00,9.3
2025-06-12 19:06:00,82.0
2025-06-12 06:21:00,49.953150620754265
2025-06-12 17:43:00,91.8
2025-06-12 07:23:00,55.3
2025-06-12 12:07:00,94.0
2025-06-12 10:09:00,3.2
2025-06-12 10:08:00,49.953150620754265
2025-06-12 05:24:00,49.953150620754265
2025-06-12 03:24:00,58.6
2025-06-12 11:36:00,68.0
2025-06-12 06:23:00,78.5
2025-06-12 22:20:00,61.6
2025-06-12 07:19:00,49.953150620754265
2025-06-12 07:00:00,6.1
2025-06-12 16:44:00,15.9
2025-06-12 07:58:00,24.1
2025-06-12 16:21:00,8.3
2025-06-12 10:38:00,49.953150620754265
2025-06-12 15:50:00,60.9
2025-06-12 13:45:00,20.0
2025-06-12 01:37:00,94.0
2025-06-12 00:36:00,71.1
2025-06-12 17:02:00,31.1
2025-06-12 02:00:00,92.8
2025-06-12 19:16:00,69.8
2025-06-12 01:21:00,12.8
2025-06-12 13:26:00,5.8
2025-06-12 22:13:00,7.1
2025-06-12 12:09:00,33.1
2025-06-12 09:34:00,49.953150620754265
2025-06-12 03:18:00,46.7
2025-06-12 19:40:00,62.2
2025-06-12 00:35:00,46.7
2025-06-12 06:30:00,85.4
2025-06-12 21:54:00,35.8
2025-06-12 09:36:00,49.953150620754265
2025-06-12 13:47:00,64.1
2025-06-12 21:59:00,6.0
2025-06-12 23:35:00,49.953150620754265
2025-06-12 08:28:00,24.8
2025-06-12 01:22:00,47.9
2025-06-12 07:43:00,56.1
2025-06-12 01:16:00,12.0
2025-06-12 16:07:00,49.0
2025-06-12 19:27:00,8.6
2025-06-12 07:29:00,56.2
2025-06-12 19:15:00,49.953150620754265
2025-06-12 01:10:00,22.9
2025-06-12 06:52:00,7.8
2025-06-12 08:55:00,10.8
2025-06-12 14:14:00,21.9
2025-06-12 06:29:00,50.2
2025-06-12 04:49:00,77.6
2025-06-12 08:38:00,49.953150620754265
2025-06-12 13:41:00,82.7
2025-06-12 07:31:00,77.0
2025-06-12 01:48:00,45.8
2025-06-12 04:21:00,51.9
2025-06-12 07:30:00,19.5
2025-06-12 00:57:00,49.953150620754265
2025-06-12 10:01:00,93.3
2025-06-12 19:55:00,56.1
2025-06-12 18:37:00,41.9
2025-06-12 23:09:00,57.1
2025-06-12 10:25:00,37.5
2025-06-12 08:02:00,53.4
2025-06-12 03:30:00,20.0
2025-06-12 19:32:00,54.4
2025-06-12 13:35:00,74.9
2025-06-12 22:19:00,21.4
2025-06-12 15:00:00,7.7
2025-06-12 07:10:00,57.7
2025-06-12 14:31:00,53.1
2025-06-12 16:59:00,14.9
2025-06-12 12:57:00,49.953150620754265
2025-06-12 21:52:00,34.1
2025-06-12 06:27:00,10.2
2025-06-12 10:48:00,49.953150620754265
2025-06-12 18:24:00,52.6
2025-06-12 06:36:00,33.9
2025-06-12 06:05:00,49.953150620754265
2025-06-12 21:14:00,15.0
2025-06-12 04:06:00,42.0
2025-06-12 09:27:00,56.3
2025-06-12 19:23:00,46.0
2025-06-12 01:26:00,76.0
2025-06-12 04:12:00,68.2
2025-06-12 02:08:00,42.9
2025-06-12 12:55:00,21.2
2025-06-12 21:31:00,75.7
2025-06-12 15:38:00,49.953150620754265
2025-06-12 19:58:00,86.5
2025-06-12 14:02:00,92.6
2025-06-12 18:29:00,90.4
2025-06-12 00:28:00,77.0
2025-06-12 14:40:00,39.2
2025-06-12 13:21:00,0.6
2025-06-12 13:39:00,36.1
2025-06-12 22:23:00,79.8
2025-06-12 16:35:00,8.7
2025-06-12 20:28:00,49.953150620754265
2025-06-12 10:23:00,33.5
2025-06-12 01:27:00,49.953150620754265
2025-06-12 05:35:00,82.8
2025-06-12 03:51:00,41.9
2025-06-12 21:17:00,49.953150620754265
2025-06-12 06:58:00,75.0
2025-06-12 09:48:00,53.9
2025-06-12 21:25:00,49.953150620754265
2025-06-12 06:09:00,86.5
2025-06-12 20:23:00,56.1
2025-06-12 12:19:00,76.2
2025-06-12 11:53:00,59.8
2025-06-12 14:21:00,19.8
2025-06-12 17:22:00,93.2
2025-06-12 22:58:00,92.5
2025-06-12 00:39:00,50.1
2025-06-12 13:14:00,8.9
2025-06-12 01:11:00,66.1
2025-06-12 02:44:00,25.7
2025-06-12 14:36:00,77.6
2025-06-12 22:43:00,49.953150620754265
2025-06-12 20:52:00,89.9
2025-06-12 04:47:00,49.953150620754265
2025-06-12 02:10:00,80.1
2025-06-12 05:42:00,49.953150620754265
2025-06-12 11:32:00,2.2
2025-06-12 07:26:00,8.2
2025-06-12 02:03:00,49.953150620754265
2025-06-12 05:15:00,26.4
2025-06-12 10:42:00,10.3
2025-06-12 04:08:00,73.0
2025-06-12 09:15:00,54.8
2025-06-12 15:13:00,52.6
2025-06-12 09:22:00,97.6
2025-06-12 05:08:00,76.9
2025-06-12 05:43:00,34.3
2025-06-12 18:18:00,55.8
2025-06-12 22:09:00,63.3
2025-06-12 16:40:00,49.953150620754265
2025-06-12 14:49:00,49.953150620754265
2025-06-12 19:19:00,15.4
2025-06-12 19:28:00,91.1
2025-06-12 03:52:00,6.9
2025-06-12 10:56:00,13.8
2025-06-12 05:30:00,28.1
2025-06-12 09:52:00,13.3
2025-06-12 01:04:00,49.953150620754265
2025-06-12 06:57:00,2.5
2025-06-12 02:17:00,49.953150620754265
2025-06-12 07:16:00,64.4
2025-06-12 14:24:00,79.8
2025-06-12 04:29:00,93.3
2025-06-12 07:22:00,40.3
2025-06-12 11:13:00,79.8
2025-06-12 17:45:00,77.7
2025-06-12 13:55:00,61.7
2025-06-12 04:30:00,52.1
2025-06-12 04:15:00,49.953150620754265
2025-06-12 04:38:00,69.0
2025-06-12 23:28:00,74.8
2025-06-12 05:47:00,46.2
2025-06-12 02:42:00,27.6
2025-06-12 17:26:00,93.9
2025-06-12 07:56:00,14.5
2025-06-12 14:25:00,9.2
2025-06-12 06:53:00,27.1
2025-06-12 01:18:00,9.7
2025-06-12 07:13:00,49.953150620754265
2025-06-12 05:37:00,16.9
2025-06-12 21:49:00,16.5
2025-06-12 19:34:00,83.0
2025-06-12 06:42:00,49.953150620754265
2025-06-12 14:28:00,19.5
2025-06-12 02:34:00,21.5
2025-06-12 07:20:00,1.1
2025-06-12 03:11:00,74.8
2025-06-12 08:47:00,1.7
2025-06-12 16:57:00,59.3
2025-06-12 00:18:00,20.1
2025-06-12 23:15:00,49.58899212042808
2025-06-12 17:14:00,6.3
2025-06-12 00:09:00,49.58899212042808
2025-06-12 17:55:00,45.9
2025-06-12 21:38:00,73.6
2025-06-12 09:18:00,34.0
2025-06-12 05:12:00,40.6
2025-06-12 13:03:00,3.4
2025-06-12 03:36:00,5.0
2025-06-12 00:20:00,39.7
2025-06-12 06:29:00,49.58899212042808
2025-06-12 12:00:00,26.4
2025-06-12 02:58:00,74.1
2025-06-12 06:45:00,10.0
2025-06-12 20:26:00,29.6
2025-06-12 04:43:00,87.2
2025-06-12 03:27:00,49.9
2025-06-12 09:48:00,63.1
2025-06-12 19:00:00,49.58899212042808
2025-06-12 01:33:00,29.5
2025-06-12 18:25:00,49.58899212042808
2025-06-12 08:02:00,25.1
2025-06-12 02:54:00,65.6
2025-06-12 11:38:00,6.3
2025-06-12 02:40:00,81.1
2025-06-12 04:30:00,67.9
2025-06-12 10:24:00,49.58899212042808
2025-06-12 13:55:00,24.8
2025-06-12 08:47:00,49.58899212042808
2025-06-12 01:37:00,43.6
2025-06-12 09:08:00,7.0
2025-06-12 23:50:00,98.5
2025-06-12 19:56:00,98.4
2025-06-12 01:47:00,76.6
2025-06-12 13:12:00,39.6
2025-06-12 18:08:00,45.6
2025-06-12 11:06:00,38.5
2025-06-12 14:38:00,49.58899212042808
2025-06-12 22:50:00,9.3
2025-06-12 08:30:00,65.5
2025-06-12 01:53:00,49.58899212042808
2025-06-12 00:55:00,57.1
2025-06-12 23:33:00,71.5
2025-06-12 11:24:00,73.9
2025-06-12 15:09:00,85.2
2025-06-12 17:30:00,21.9
2025-06-12 01:23:00,35.9
2025-06-12 20:01:00,72.9
2025-06-12 07:33:00,15.5
2025-06-12 05:09:00,49.58899212042808
2025-06-12 06:52:00,11.4
2025-06-12 08:16:00,59.4
2025-06-12 16:35:00,49.58899212042808
2025-06-12 09:14:00,50.9
2025-06-12 23:09:00,47.7
2025-06-12 10:49:00,74.3
2025-06-12 09:33:00,31.8
2025-06-12 07:54:00,80.8
2025-06-12 08:39:00,34.1
2025-06-12 02:03:00,72.7
2025-06-12 18:33:00,70.1
2025-06-12 10:20:00,91.6
2025-06-12 10:27:00,86.6
2025-06-12 06:56:00,68.2
2025-06-12 11:33:00,40.8
2025-06-12 07:12:00,45.9
2025-06-12 05:28:00,52.8
2025-06-12 12:47:00,45.3
2025-06-12 01:39:00,96.5
2025-06-12 10:59:00,79.6
2025-06-12 20:45:00,19.2
2025-06-12 03:50:00,49.58899212042808
2025-06-12 14:37:00,44.3
2025-06-12 11:07:00,49.58899212042808
2025-06-12 01:55:00,99.3
2025-06-12 10:02:00,85.0
2025-06-12 07:19:00,81.1
2025-06-12 00:57:00,83.6
2025-06-12 10:46:00,53.9
2025-06-12 09:30:00,49.8
2025-06-12 15:32:00,83.5
2025-06-12 01:50:00,32.4
2025-06-12 11:35:00,20.6
2025-06-12 07:29:00,44.1
2025-06-12 22:47:00,97.8
2025-06-12 23:19:00,24.4
2025-06-12 09:02:00,42.5
2025-06-12 19:47:00,49.58899212042808
2025-06-12 17:11:00,49.58899212042808
2025-06-12 01:38:00,8.7
2025-06-12 02:09:00,3.9
2025-06-12 06:08:00,61.2
2025-06-12 08:53:00,49.58899212042808
2025-06-12 18:19:00,99.6
2025-06-12 16:55:00,25.2
2025-06-12 23:45:00,24.8
2025-06-12 17:33:00,20.4
2025-06-12 21:51:00,66.4
2025-06-12 23:38:00,49.58899212042808
2025-06-12 14:05:00,68.2
2025-06-12 20:05:00,49.58899212042808
2025-06-12 16:30:00,84.5
2025-06-12 16:03:00,32.6
2025-06-12 04:50:00,12.4
2025-06-12 08:09:00,26.4
2025-06-12 22:07:00,49.58899212042808
2025-06-12 04:42:00,30.2
2025-06-12 08:00:00,36.5
2025-06-12 09:22:00,99.7
2025-06-12 17:37:00,28.7
2025-06-12 21:58:00,68.8
2025-06-12 20:37:00,35.6
2025-06-12 21:07:00,66.9
2025-06-12 09:39:00,74.8
2025-06-12 18:32:00,86.5
2025-06-12 13:18:00,29.1
2025-06-12 06:42:00,89.9
2025-06-12 17:04:00,76.8
2025-06-12 01:15:00,16.2
2025-06-12 07:59:00,59.5
2025-06-12 08:20:00,21.5
2025-06-12 04:49:00,74.5
2025-06-12 09:44:00,34.4
2025-06-12 00:25:00,76.6
2025-06-12 01:24:00,49.58899212042808
2025-06-12 00:59:00,49.58899212042808
2025-06-12 18:05:00,1.1
2025-06-12 21:19:00,49.58899212042808
2025-06-12 18:26:00,73.1
2025-06-12 07:24:00,62.0
2025-06-12 14:15:00,18.4
2025-06-12 14:49:00,0.1
2025-06-12 04:06:00,71.7
2025-06-12 11:55:00,49.0
2025-06-12 16:17:00,84.5
2025-06-12 16:41:00,57.5
2025-06-12 06:19:00,43.6
2025-06-12 18:47:00,97.1
2025-06-12 14:43:00,28.9
2025-06-12 13:48:00,11.8
2025-06-12 16:13:00,78.6
2025-06-12 23:12:00,49.58899212042808
2025-06-12 23:55:00,48.9
2025-06-12 17:42:00,17.5
2025-06-12 19:38:00,75.4
2025-06-12 05:13:00,58.5
2025-06-12 19:03:00,95.1
2025-06-12 16:40:00,55.3
2025-06-12 21:42:00,46.2
2025-06-12 23:35:00,40.1
2025-06-12 19:43:00,35.2
2025-06-12 09:40:00,16.6
2025-06-12 17:47:00,51.6
2025-06-12 14:29:00,96.0
2025-06-12 22:36:00,49.58899212042808
2025-06-12 14:33:00,12.8
2025-06-12 10:04:00,79.5
2025-06-12 07:50:00,80.0
2025-06-12 12:07:00,93.2
2025-06-12 04:58:00,49.58899212042808
2025-06-12 22:03:00,28.6
2025-06-12 03:16:00,19.6
2025-06-12 23:08:00,83.8
2025-06-12 15:08:00,89.9
2025-06-12 16:20:00,57.5
2025-06-12 02:07:00,86.4
2025-06-12 20:39:00,71.8
2025-06-12 02:06:00,6.9
2025-06-12 13:21:00,62.8
2025-06-12 20:12:00,92.2
2025-06-12 17:05:00,37.2
2025-06-12 07:04:00,51.6
2025-06-12 18:20:00,13.0
2025-06-12 17:06:00,71.8
2025-06-12 02:57:00,58.7
2025-06-12 18:13:00,49.58899212042808
2025-06-12 08:55:00,97.3
2025-06-12 07:49:00,88.5
2025-06-12 12:33:00,75.6
2025-06-12 23:00:00,49.58899212042808
2025-06-12 17:51:00,37.0
2025-06-12 22:14:00,63.9
2025-06-12 21:35:00,11.1
2025-06-12 05:03:00,33.9
2025-06-12 17:15:00,22.1
2025-06-12 21:28:00,49.58899212042808
2025-06-12 14:22:00,68.8
2025-06-12 10:00:00,47.7
2025-06-12 13:37:00,93.9
2025-06-12 01:20:00,20.2
2025-06-12 22:41:00,92.4
2025-06-12 08:40:00,3.4
2025-06-12 05:53:00,27.6
2025-06-12 16:37:00,64.8
2025-06-12 11:49:00,96.7
2025-06-12 10:52:00,100.0
2025-06-12 03:37:00,49.58899212042808
2025-06-12 23:27:00,49.58899212042808
2025-06-12 03:07:00,35.2
2025-06-12 21:23:00,1.9
2025-06-12 16:51:00,7.0
2025-06-12 18:39:00,81.2
2025-06-12 23:51:00,9.3
2025-06-12 00:17:00,82.2
2025-06-12 14:40:00,19.0
2025-06-12 02:36:00,93.4
2025-06-12 07:42:00,49.58899212042808
2025-06-12 07:20:00,6.8
2025-06-12 19:08:00,22.9
2025-06-12 16:43:00,84.2
2025-06-12 17:08:00,3.2
2025-06-12 16:42:00,45.4
2025-06-12 07:41:00,23.6
2025-06-12 18:48:00,72.3
2025-06-12 06:39:00,52.8
2025-06-12 01:58:00,78.8
2025-06-12 18:53:00,30.3
2025-06-12 07:37:00,95.2
2025-06-12 17:50:00,49.58899212042808
2025-06-12 15:51:00,25.8
2025-06-12 04:32:00,41.7
2025-06-12 03:19:00,48.1
2025-06-12 23:53:00,56.1
2025-06-12 07:56:00,98.8
2025-06-12 06:02:00,25.8
2025-06-12 21:26:00,55.5
2025-06-12 15:07:00,49.58899212042808
2025-06-12 02:41:00,53.1
2025-06-12 12:34:00,49.58899212042808
2025-06-12 00:28:00,40.6
2025-06-12 13:01:00,16.9
2025-06-12 12:05:00,49.58899212042808
2025-06-12 01:51:00,97.5
2025-06-12 04:51:00,35.8
2025-06-12 15:19:00,70.6
2025-06-12 01:30:00,49.58899212042808
2025-06-12 05:10:00,60.8
2025-06-12 19:10:00,12.0
2025-06-12 00:29:00,95.7
2025-06-12 05:57:00,46.5
2025-06-12 23:11:00,7.3
2025-06-12 21:37:00,61.8
2025-06-12 23:04:00,15.9
2025-06-12 17:02:00,41.9
2025-06-12 19:54:00,67.6
2025-06-12 00:31:00,89.9
2025-06-12 19:11:00,49.58899212042808
2025-06-12 04:04:00,97.8
2025-06-12 18:04:00,83.1
2025-06-12 03:05:00,49.58899212042808
2025-06-12 03:22:00,70.7
2025-06-12 03:46:00,32.5
2025-06-12 04:33:00,96.3
2025-06-12 01:21:00,23.1
2025-06-12 11:15:00,43.0
2025-06-12 01:28:00,23.5
2025-06-12 21:36:00,49.58899212042808
2025-06-12 20:50:00,65.8
2025-06-12 02:21:00,73.2
2025-06-12 02:25:00,85.9
2025-06-12 02:42:00,73.9
2025-06-12 19:53:00,97.3
2025-06-12 02:08:00,4.0
2025-06-12 23:25:00,49.2
2025-06-12 21:53:00,20.2
2025-06-12 02:23:00,21.7
2025-06-12 22:05:00,65.5
2025-06-12 20:27:00,16.3
2025-06-12 08:35:00,26.7
2025-06-12 13:00:00,89.8
2025-06-12 06:41:00,11.1
2025-06-12 11:31:00,33.7
2025-06-12 10:41:00,92.7
2025-06-12 22:51:00,49.1
2025-06-12 00:10:00,86.9
2025-06-12 13:22:00,66.0
2025-06-12 03:38:00,49.58899212042808
2025-06-12 20:42:00,49.58899212042808
2025-06-12 00:14:00,26.7
2025-06-12 04:16:00,79.3
2025-06-12 19:20:00,67.8
2025-06-12 13:31:00,79.9
2025-06-12 21:15:00,74.1
2025-06-12 19:39:00,38.7
2025-06-12 10:47:00,49.58899212042808
2025-06-12 01:11:00,60.7
2025-06-12 05:56:00,81.7
2025-06-12 04:26:00,69.3
2025-06-12 11:26:00,32.2
2025-06-12 06:27:00,47.8
2025-06-12 22:42:00,25.1
2025-06-12 12:46:00,26.2
2025-06-12 22:24:00,23.3
2025-06-12 21:01:00,47.7
2025-06-12 13:39:00,15.8
2025-06-12 20:33:00,14.5
2025-06-12 06:49:00,59.2
2025-06-12 00:41:00,7.1
2025-06-12 23:34:00,92.0
2025-06-12 00:39:00,58.1
2025-06-12 21:52:00,89.0
2025-06-12 00:12:00,67.3
2025-06-12 17:40:00,66.2
2025-06-12 21:40:00,37.9
2025-06-12 19:02:00,93.4
2025-06-12 08:28:00,90.6
2025-06-12 01:07:00,42.4
2025-06-12 08:06:00,86.4
2025-06-12 08:44:00,56.0
2025-06-12 11:42:00,70.3
2025-06-12 06:06:00,83.3
2025-06-12 00:34:00,54.6
2025-06-12 06:05:00,87.9
2025-06-12 02:16:00,20.6
2025-06-12 03:29:00,91.8
2025-06-12 05:58:00,49.58899212042808
2025-06-12 19:36:00,24.2
2025-06-12 23:56:00,56.7
2025-06-12 10:21:00,24.5
2025-06-12 07:08:00,0.2
2025-06-12 19:50:00,61.0
2025-06-12 03:02:00,21.2
2025-06-12 07:05:00,58.2
2025-06-12 20:58:00,88.1
2025-06-12 05:05:00,12.3
2025-06-12 09:49:00,50.2977004785806
2025-06-12 15:19:00,60.3
2025-06-12 14:30:00,71.4
2025-06-12 00:44:00,37.2
2025-06-12 21:24:00,37.9
2025-06-12 01:49:00,24.3
2025-06-12 23:46:00,60.7
2025-06-12 12:56:00,81.2
2025-06-12 21:52:00,65.8
2025-06-12 18:40:00,41.7
2025-06-12 05:08:00,37.0
2025-06-12 08:39:00,89.5
2025-06-12 02:27:00,97.8
2025-06-12 08:45:00,50.2977004785806
2025-06-12 10:38:00,20.6
2025-06-12 00:29:00,60.8
2025-06-12 10:57:00,17.7
2025-06-12 10:14:00,55.6
2025-06-12 23:44:00,80.5
2025-06-12 14:59:00,64.8
2025-06-12 22:53:00,45.3
2025-06-12 14:22:00,34.5
2025-06-12 19:23:00,60.2
2025-06-12 15:24:00,17.9
2025-06-12 05:00:00,22.8
2025-06-12 21:08:00,33.8
2025-06-12 11:15:00,75.4
2025-06-12 22:48:00,50.2977004785806
2025-06-12 09:56:00,50.2977004785806
2025-06-12 00:18:00,94.5
2025-06-12 22:17:00,68.7
2025-06-12 06:22:00,17.0
2025-06-12 21:55:00,61.4
2025-06-12 12:36:00,56.8
2025-06-12 18:51:00,50.2977004785806
2025-06-12 21:54:00,50.2977004785806
2025-06-12 23:49:00,28.2
2025-06-12 18:06:00,64.0
2025-06-12 22:46:00,55.5
2025-06-12 16:14:00,50.2977004785806
2025-06-12 05:20:00,77.9
2025-06-12 12:48:00,62.6
2025-06-12 03:07:00,10.8
2025-06-12 09:10:00,57.0
2025-06-12 13:07:00,72.6
2025-06-12 02:04:00,31.9
2025-06-12 09:44:00,66.7
2025-06-12 09:42:00,80.1
2025-06-12 16:13:00,50.2977004785806
2025-06-12 19:49:00,35.2
2025-06-12 21:06:00,30.3
2025-06-12 08:43:00,20.4
2025-06-12 05:10:00,41.0
2025-06-12 05:09:00,46.6
2025-06-12 14:51:00,1.5
2025-06-12 14:09:00,32.1
2025-06-12 18:00:00,92.7
2025-06-12 20:05:00,18.7
2025-06-12 20:09:00,26.0
2025-06-12 08:13:00,49.8
2025-06-12 12:34:00,92.7
2025-06-12 23:10:00,50.2977004785806
2025-06-12 02:43:00,32.6
2025-06-12 01:19:00,74.6
2025-06-12 06:55:00,51.9
2025-06-12 08:35:00,99.8
2025-06-12 01:46:00,80.6
2025-06-12 03:37:00,65.8
2025-06-12 06:18:00,35.0
2025-06-12 19:31:00,2.6
2025-06-12 10:15:00,88.6
2025-06-12 12:17:00,50.3
2025-06-12 19:41:00,71.4
2025-06-12 13:09:00,11.7
2025-06-12 02:44:00,20.4
2025-06-12 21:16:00,98.7
2025-06-12 17:04:00,10.7
2025-06-12 07:14:00,71.1
2025-06-12 09:40:00,50.2977004785806
2025-06-12 14:10:00,64.3
2025-06-12 17:53:00,50.2977004785806
2025-06-12 19:30:00,39.9
2025-06-12 20:02:00,92.7
2025-06-12 03:09:00,21.3
2025-06-12 01:05:00,94.6
2025-06-12 02:48:00,66.6
2025-06-12 18:32:00,38.6
2025-06-12 13:12:00,50.9
2025-06-12 06:59:00,1.1
2025-06-12 16:41:00,19.1
2025-06-12 14:17:00,65.3
2025-06-12 09:07:00,50.2977004785806
2025-06-12 10:46:00,38.0
2025-06-12 00:55:00,85.1
2025-06-12 20:44:00,1.8
2025-06-12 09:33:00,18.5
2025-06-12 09:54:00,61.9
2025-06-12 00:00:00,50.2977004785806
2025-06-12 12:35:00,77.8
2025-06-12 04:58:00,97.0
2025-06-12 12:06:00,69.1
2025-06-12 12:54:00,50.2977004785806
2025-06-12 03:46:00,60.9
2025-06-12 11:57:00,99.1
2025-06-12 10:20:00,35.1
2025-06-12 18:14:00,2.1
2025-06-12 03:16:00,11.8
2025-06-12 03:28:00,66.5
2025-06-12 07:26:00,2.7
2025-06-12 02:58:00,73.0
2025-06-12 08:12:00,29.4
2025-06-12 16:34:00,82.3
2025-06-12 11:01:00,50.2977004785806
2025-06-12 18:49:00,93.3
2025-06-12 03:36:00,29.8
2025-06-12 03:13:00,62.7
2025-06-12 06:20:00,50.2977004785806
2025-06-12 02:22:00,13.6
2025-06-12 06:23:00,64.7
2025-06-12 14:41:00,93.8
2025-06-12 01:29:00,10.5
2025-06-12 21:09:00,11.9
2025-06-12 11:05:00,73.9
2025-06-12 19:06:00,27.2
2025-06-12 23:03:00,9.9
2025-06-12 17:00:00,43.2
2025-06-12 04:30:00,0.4
2025-06-12 22:12:00,40.1
2025-06-12 00:42:00,28.9
2025-06-12 07:42:00,37.2
2025-06-12 18:57:00,47.5
2025-06-12 00:51:00,50.2977004785806
2025-06-12 06:57:00,16.9
2025-06-12 12:52:00,51.7
2025-06-12 00:20:00,73.5
2025-06-12 06:53:00,89.0
2025-06-12 06:40:00,62.7
2025-06-12 23:14:00,98.2
2025-06-12 15:12:00,82.6
2025-06-12 17:01:00,25.6
2025-06-12 21:58:00,10.2
2025-06-12 12:02:00,98.5
2025-06-12 16:31:00,34.5
2025-06-12 02:36:00,70.3
2025-06-12 19:48:00,70.9
2025-06-12 04:41:00,32.0
2025-06-12 03:03:00,90.8
2025-06-12 17:33:00,14.5
2025-06-12 16:39:00,98.2
2025-06-12 02:05:00,19.6
2025-06-12 01:22:00,68.6
2025-06-12 13:05:00,11.4
2025-06-12 09:09:00,36.6
2025-06-12 19:22:00,11.8
2025-06-12 20:34:00,61.4
2025-06-12 11:18:00,61.8
2025-06-12 16:47:00,35.2
2025-06-12 10:07:00,90.4
2025-06-12 13:42:00,99.7
2025-06-12 16:04:00,3.8
2025-06-12 06:10:00,95.0
2025-06-12 15:11:00,96.1
2025-06-12 21:10:00,50.2977004785806
2025-06-12 15:02:00,65.0
2025-06-12 09:22:00,9.7
2025-06-12 23:39:00,50.2977004785806
2025-06-12 03:32:00,50.2977004785806
2025-06-12 23:57:00,91.6
2025-06-12 10:06:00,79.8
2025-06-12 04:50:00,65.9
2025-06-12 00:49:00,58.6
2025-06-12 22:02:00,98.2
2025-06-12 15:47:00,92.5
2025-06-12 00:19:00,13.2
2025-06-12 09:00:00,68.7
2025-06-12 01:54:00,54.2
2025-06-12 09:32:00,50.2977004785806
2025-06-12 22:07:00,50.2977004785806
2025-06-12 23:28:00,7.4
2025-06-12 22:41:00,78.2
2025-06-12 14:52:00,84.0
2025-06-12 03:04:00,37.7
2025-06-12 18:21:00,93.6
2025-06-12 13:44:00,16.3
2025-06-12 21:15:00,5.0
2025-06-12 14:11:00,21.0
2025-06-12 23:22:00,30.1
2025-06-12 17:24:00,4.9
2025-06-12 08:16:00,72.6
2025-06-12 04:22:00,50.2977004785806
2025-06-12 21:50:00,59.0
2025-06-12 12:28:00,61.4
2025-06-12 06:45:00,50.2977004785806
2025-06-12 15:21:00,58.8
2025-06-12 11:47:00,50.2977004785806
2025-06-12 17:22:00,82.4
2025-06-12 17:36:00,57.6
2025-06-12 03:14:00,48.4
2025-06-12 20:15:00,23.8
2025-06-12 00:40:00,47.2
2025-06-12 01:12:00,95.2
2025-06-12 15:22:00,65.8
2025-06-12 16:54:00,94.8
2025-06-12 00:13:00,14.4
2025-06-12 10:51:00,11.1
2025-06-12 22:20:00,96.1
2025-06-12 05:19:00,36.6
2025-06-12 13:27:00,30.3
2025-06-12 13:21:00,50.2977004785806
2025-06-12 03:43:00,50.2977004785806
2025-06-12 06:11:00,91.2
2025-06-12 19:19:00,6.0
2025-06-12 16:23:00,26.6
2025-06-12 08:10:00,40.1
2025-06-12 00:04:00,28.5
2025-06-12 07:04:00,45.3
2025-06-12 01:47:00,73.1
2025-06-12 08:05:00,50.2977004785806
2025-06-12 08:06:00,50.2977004785806
2025-06-12 07:20:00,97.8
2025-06-12 16:46:00,14.8
2025-06-12 15:48:00,73.8
2025-06-12 02:32:00,75.4
2025-06-12 01:25:00,8.1
2025-06-12 06:33:00,0.6
2025-06-12 06:08:00,69.5
2025-06-12 07:51:00,2.7
2025-06-12 23:24:00,98.4
2025-06-12 16:01:00,50.2977004785806
2025-06-12 04:21:00,82.1
2025-06-12 20:43:00,76.2
2025-06-12 12:41:00,6.3
2025-06-12 09:38:00,12.9
2025-06-12 00:59:00,12.5
2025-06-12 17:15:00,50.2977004785806
2025-06-12 00:35:00,73.4
2025-06-12 12:26:00,52.8
2025-06-12 21:37:00,50.2977004785806
2025-06-12 06:35:00,50.2977004785806
2025-06-12 19:58:00,40.1
2025-06-12 11:20:00,22.1
2025-06-12 21:19:00,58.6
2025-06-12 09:03:00,94.8
2025-06-12 01:59:00,30.6
2025-06-12 13:16:00,50.2977004785806
2025-06-12 18:48:00,28.9
2025-06-12 17:21:00,83.5
2025-06-12 00:33:00,97.6
2025-06-12 06:19:00,32.9
2025-06-12 23:55:00,15.2
2025-06-12 15:15:00,75.8
2025-06-12 12:05:00,60.7
2025-06-12 02:38:00,14.5
2025-06-12 21:39:00,50.2977004785806
2025-06-12 12:16:00,8.7
2025-06-12 21:04:00,69.4
2025-06-12 13:15:00,79.3
2025-06-12 22:28:00,43.3
2025-06-12 04:12:00,39.0
2025-06-12 16:37:00,92.4
2025-06-12 20:56:00,98.2
2025-06-12 23:32:00,50.2977004785806
2025-06-12 20:37:00,94.3
2025-06-12 02:35:00,2.2
2025-06-12 07:15:00,80.1
2025-06-12 03:38:00,75.4
2025-06-12 00:57:00,51.2
2025-06-12 19:57:00,14.5
2025-06-12 11:03:00,55.7
2025-06-12 18:44:00,81.5
2025-06-12 00:53:00,25.9
2025-06-12 13:06:00,74.6
2025-06-12 11:30:00,5.0
2025-06-12 07:31:00,17.7
2025-06-12 00:28:00,3.1
2025-06-12 20:40:00,76.5
2025-06-12 21:26:00,50.2977004785806
2025-06-12 11:25:00,28.7
2025-06-12 07:19:00,50.2977004785806
2025-06-12 14:16:00,43.3
2025-06-12 21:46:00,8.8
2025-06-12 02:07:00,28.1
2025-06-12 02:19:00,16.4
2025-06-12 07:00:00,50.2977004785806
2025-06-12 17:08:00,24.2
2025-06-12 17:40:00,8.9
2025-06-12 22:30:00,13.1
2025-06-12 08:24:00,60.1
2025-06-12 08:46:00,22.0
2025-06-12 13:08:00,50.2977004785806
2025-06-12 18:24:00,48.0
2025-06-12 07:23:00,50.2977004785806
2025-06-12 02:26:00,18.3
2025-06-12 13:23:00,32.8
2025-06-12 09:30:00,46.7
2025-06-12 10:22:00,92.7
2025-06-12 03:57:00,50.2977004785806
2025-06-12 01:04:00,49.82536769031651
2025-06-12 08:03:00,86.6
2025-06-12 21:08:00,9.3
2025-06-12 10:01:00,89.9
2025-06-12 20:53:00,2.3
2025-06-12 18:15:00,51.9
2025-06-12 05:11:00,54.0
2025-06-12 18:18:00,50.1
2025-06-12 12:01:00,59.9
2025-06-12 14:50:00,60.9
2025-06-12 08:19:00,70.1
2025-06-12 09:58:00,49.82536769031651
2025-06-12 01:46:00,58.9
2025-06-12 02:01:00,87.5
2025-06-12 01:59:00,33.7
2025-06-12 01:09:00,98.8
2025-06-12 23:35:00,49.82536769031651
2025-06-12 21:53:00,43.0
2025-06-12 02:39:00,34.7
2025-06-12 13:13:00,77.7
2025-06-12 18:52:00,47.0
2025-06-12 16:39:00,49.82536769031651
2025-06-12 18:51:00,78.7
2025-06-12 12:11:00,40.4
2025-06-12 09:55:00,62.2
2025-06-12 13:19:00,44.2
2025-06-12 07:51:00,86.9
2025-06-12 19:32:00,41.1
2025-06-12 10:59:00,49.82536769031651
2025-06-12 08:21:00,62.2
2025-06-12 05:01:00,92.3
2025-06-12 03:50:00,0.8
2025-06-12 07:53:00,66.3
2025-06-12 11:08:00,87.4
2025-06-12 07:02:00,18.9
2025-06-12 03:25:00,49.82536769031651
2025-06-12 23:22:00,74.3
2025-06-12 19:00:00,13.8
2025-06-12 06:07:00,40.1
2025-06-12 12:40:00,72.8
2025-06-12 18:50:00,47.2
2025-06-12 04:30:00,8.2
2025-06-12 06:03:00,83.3
2025-06-12 02:19:00,49.82536769031651
2025-06-12 10:13:00,12.8
2025-06-12 18:34:00,55.9
2025-06-12 15:01:00,49.82536769031651
2025-06-12 02:05:00,34.6
2025-06-12 18:20:00,52.2
2025-06-12 21:39:00,64.6
2025-06-12 20:39:00,25.3
2025-06-12 21:12:00,44.3
2025-06-12 08:53:00,98.9
2025-06-12 18:43:00,81.4
2025-06-12 15:21:00,44.3
2025-06-12 05:39:00,93.5
2025-06-12 14:13:00,7.3
2025-06-12 15:17:00,88.7
2025-06-12 07:18:00,14.8
2025-06-12 20:27:00,26.1
2025-06-12 12:02:00,5.1
2025-06-12 08:34:00,88.8
2025-06-12 01:37:00,49.82536769031651
2025-06-12 21:42:00,49.82536769031651
2025-06-12 10:09:00,1.8
2025-06-12 23:02:00,77.6
2025-06-12 00:38:00,7.4
2025-06-12 23:04:00,15.8
2025-06-12 08:20:00,70.7
2025-06-12 09:53:00,58.7
2025-06-12 12:39:00,89.3
2025-06-12 14:07:00,82.9
2025-06-12 13:08:00,17.0
2025-06-12 09:03:00,62.1
2025-06-12 14:25:00,82.8
2025-06-12 07:30:00,54.8
2025-06-12 05:19:00,47.2
2025-06-12 22:34:00,11.6
2025-06-12 01:12:00,49.82536769031651
2025-06-12 03:17:00,81.2
2025-06-12 23:56:00,40.2
2025-06-12 08:51:00,34.2
2025-06-12 19:22:00,55.0
2025-06-12 00:10:00,3.5
2025-06-12 17:42:00,19.8
2025-06-12 09:48:00,78.8
2025-06-12 05:36:00,37.3
2025-06-12 05:46:00,52.1
2025-06-12 22:57:00,96.0
2025-06-12 15:56:00,90.6
2025-06-12 02:13:00,21.1
2025-06-12 01:18:00,83.8
2025-06-12 21:54:00,64.3
2025-06-12 09:15:00,72.5
2025-06-12 05:47:00,86.2
2025-06-12 16:24:00,12.0
2025-06-12 20:16:00,49.82536769031651
2025-06-12 23:16:00,21.4
2025-06-12 14:01:00,38.5
2025-06-12 08:35:00,7.3
2025-06-12 01:10:00,91.6
2025-06-12 12:29:00,2.5
2025-06-12 00:44:00,8.4
2025-06-12 04:28:00,68.4
2025-06-12 01:50:00,53.0
2025-06-12 07:22:00,49.82536769031651
2025-06-12 19:31:00,36.8
2025-06-12 18:59:00,49.82536769031651
2025-06-12 16:31:00,49.82536769031651
2025-06-12 16:32:00,30.5
2025-06-12 08:18:00,89.1
2025-06-12 11:19:00,47.8
2025-06-12 23:28:00,76.6
2025-06-12 05:57:00,1.5
2025-06-12 20:08:00,49.82536769031651
2025-06-12 21:55:00,4.0
2025-06-12 00:01:00,35.4
2025-06-12 00:24:00,65.9
2025-06-12 13:49:00,49.82536769031651
2025-06-12 08:44:00,16.5
2025-06-12 20:44:00,49.82536769031651
2025-06-12 10:23:00,77.0
2025-06-12 09:16:00,67.1
2025-06-12 00:18:00,51.9
2025-06-12 15:16:00,22.9
2025-06-12 18:57:00,13.4
2025-06-12 22:55:00,38.1
2025-06-12 09:13:00,97.3
2025-06-12 07:41:00,92.9
2025-06-12 01:35:00,61.6
2025-06-12 16:55:00,49.82536769031651
2025-06-12 16:04:00,42.2
2025-06-12 14:48:00,4.5
2025-06-12 08:40:00,65.0
2025-06-12 22:16:00,67.6
2025-06-12 01:49:00,49.82536769031651
2025-06-12 09:46:00,2.8
2025-06-12 06:44:00,96.8
2025-06-12 03:41:00,30.4
2025-06-12 22:41:00,76.6
2025-06-12 13:46:00,92.4
2025-06-12 03:43:00,21.6
2025-06-12 22:26:00,65.4
2025-06-12 23:26:00,6.8
2025-06-12 17:16:00,49.82536769031651
2025-06-12 12:42:00,15.6
2025-06-12 19:29:00,68.9
2025-06-12 06:55:00,49.82536769031651
2025-06-12 19:25:00,68.4
2025-06-12 02:36:00,0.8
2025-06-12 05:31:00,11.5
2025-06-12 02:34:00,70.7
2025-06-12 11:26:00,60.9
2025-06-12 19:13:00,49.82536769031651
2025-06-12 04:20:00,49.82536769031651
2025-06-12 18:48:00,8.7
2025-06-12 20:07:00,59.1
2025-06-12 06:26:00,44.5
2025-06-12 16:23:00,92.8
2025-06-12 17:43:00,49.82536769031651
2025-06-12 17:17:00,31.0
2025-06-12 19:10:00,49.82536769031651
2025-06-12 23:53:00,49.82536769031651
2025-06-12 07:43:00,90.3
2025-06-12 14:57:00,98.9
2025-06-12 07:34:00,75.8
2025-06-12 08:50:00,37.6
2025-06-12 08:05:00,23.6
2025-06-12 20:12:00,75.9
2025-06-12 20:09:00,49.82536769031651
2025-06-12 15:08:00,82.6
2025-06-12 16:12:00,32.9
2025-06-12 15:12:00,37.3
2025-06-12 20:10:00,61.5
2025-06-12 19:35:00,27.4
2025-06-12 13:16:00,12.1
2025-06-12 04:00:00,40.7
2025-06-12 18:33:00,6.3
2025-06-12 06:19:00,89.3
2025-06-12 07:36:00,93.7
2025-06-12 11:48:00,49.82536769031651
2025-06-12 17:31:00,99.9
2025-06-12 22:49:00,49.82536769031651
2025-06-12 08:48:00,4.3
2025-06-12 03:57:00,75.0
2025-06-12 00:16:00,21.7
2025-06-12 09:04:00,49.82536769031651
2025-06-12 01:15:00,72.5
2025-06-12 08:27:00,96.1
2025-06-12 06:40:00,73.1
2025-06-12 14:19:00,20.4
2025-06-12 05:51:00,82.0
2025-06-12 03:21:00,44.2
2025-06-12 20:20:00,48.7
2025-06-12 06:12:00,55.4
2025-06-12 06:51:00,82.6
2025-06-12 18:38:00,18.6
2025-06-12 14:15:00,49.82536769031651
2025-06-12 21:38:00,23.6
2025-06-12 16:18:00,56.3
2025-06-12 13:41:00,95.7
2025-06-12 07:21:00,7.2
2025-06-12 22:09:00,79.5
2025-06-12 11:23:00,74.0
2025-06-12 08:33:00,52.3
2025-06-12 19:38:00,54.5
2025-06-12 02:54:00,4.0
2025-06-12 19:21:00,74.5
2025-06-12 02:08:00,46.5
2025-06-12 10:35:00,14.2
2025-06-12 12:00:00,96.4
2025-06-12 03:18:00,29.5
2025-06-12 04:38:00,40.9
2025-06-12 15:51:00,93.3
2025-06-12 00:09:00,96.1
2025-06-12 17:32:00,65.6
2025-06-12 18:46:00,74.3
2025-06-12 00:03:00,35.7
2025-06-12 16:33:00,49.0
2025-06-12 05:14:00,77.2
2025-06-12 14:23:00,84.2
2025-06-12 11:49:00,73.3
2025-06-12 11:45:00,3.5
2025-06-12 17:05:00,89.3
2025-06-12 01:26:00,50.9
2025-06-12 16:28:00,7.7
2025-06-12 13:47:00,45.7
2025-06-12 12:35:00,19.2
2025-06-12 08:41:00,19.6
2025-06-12 22:32:00,49.82536769031651
2025-06-12 15:59:00,49.82536769031651
2025-06-12 11:07:00,5.8
2025-06-12 07:55:00,39.3
2025-06-12 17:56:00,37.7
2025-06-12 00:55:00,75.8
2025-06-12 10:29:00,71.9
2025-06-12 12:44:00,49.3
2025-06-12 22:06:00,95.4
2025-06-12 12:08:00,27.3
2025-06-12 03:38:00,58.4
2025-06-12 18:08:00,24.0
2025-06-12 11:28:00,18.4
2025-06-12 17:20:00,61.3
2025-06-12 09:28:00,49.82536769031651
2025-06-12 11:58:00,76.0
2025-06-12 15:54:00,45.4
2025-06-12 03:19:00,49.82536769031651
2025-06-12 11:22:00,85.0
2025-06-12 09:25:00,32.5
2025-06-12 08:54:00,62.0
2025-06-12 03:26:00,59.5
2025-06-12 10:25:00,76.4
2025-06-12 08:28:00,93.9
2025-06-12 14:43:00,32.4
2025-06-12 01:19:00,48.7
2025-06-12 19:47:00,34.2
2025-06-12 17:06:00,82.8
2025-06-12 04:02:00,49.82536769031651
2025-06-12 07:56:00,6.3
2025-06-12 11:54:00,32.6
2025-06-12 22:19:00,26.7
2025-06-12 08:36:00,27.2
2025-06-12 12:47:00,38.2
2025-06-12 13:22:00,81.9
2025-06-12 21:17:00,93.8
2025-06-12 16:08:00,92.7
2025-06-12 12:45:00,97.3
2025-06-12 10:45:00,75.8
2025-06-12 10:07:00,75.5
2025-06-12 14:31:00,25.0
2025-06-12 14:32:00,73.7
2025-06-12 07:15:00,90.3
2025-06-12 20:41:00,84.1
2025-06-12 05:55:00,36.1
2025-06-12 05:58:00,6.3
2025-06-12 10:14:00,98.1
2025-06-12 17:21:00,34.3
2025-06-12 12:24:00,8.0
2025-06-12 06:15:00,86.5
2025-06-12 17:23:00,67.8
2025-06-12 23:31:00,20.8
2025-06-12 02:30:00,25.9
2025-06-12 04:35:00,71.6
2025-06-12 04:51:00,59.9
2025-06-12 18:21:00,67.1
2025-06-12 11:01:00,77.0
2025-06-12 14:12:00,59.5
2025-06-12 23:34:00,49.82536769031651
2025-06-12 00:13:00,49.82536769031651
2025-06-12 23:38:00,94.0
2025-06-12 10:42:00,43.1
2025-06-12 23:50:00,50.7
2025-06-12 04:21:00,17.5
2025-06-12 18:41:00,98.2
2025-06-12 16:45:00,45.5
2025-06-12 03:10:00,49.82536769031651
2025-06-12 12:05:00,17.2
2025-06-12 00:46:00,35.4
2025-06-12 09:24:00,7.7
2025-06-12 23:29:00,50.10362276498773
2025-06-12 18:34:00,72.7
2025-06-12 06:39:00,60.8
2025-06-12 05:37:00,88.7
2025-06-12 13:07:00,69.3
2025-06-12 21:45:00,70.4
2025-06-12 13:32:00,81.6
2025-06-12 02:58:00,89.3
2025-06-12 01:44:00,96.6
2025-06-12 20:50:00,50.10362276498773
2025-06-12 02:30:00,7.1
2025-06-12 13:05:00,22.4
2025-06-12 14:45:00,72.6
2025-06-12 21:46:00,14.7
2025-06-12 22:33:00,81.2
2025-06-12 11:31:00,50.6
2025-06-12 00:15:00,55.6
2025-06-12 11:48:00,92.2
2025-06-12 17:35:00,50.10362276498773
2025-06-12 09:33:00,50.10362276498773
2025-06-12 07:12:00,43.1
2025-06-12 07:58:00,87.0
2025-06-12 14:51:00,82.8
2025-06-12 05:52:00,58.9
2025-06-12 06:32:00,77.1
2025-06-12 00:59:00,72.5
2025-06-12 18:17:00,4.9
2025-06-12 21:20:00,99.4
2025-06-12 19:43:00,15.8
2025-06-12 03:20:00,81.0
2025-06-12 20:35:00,23.1
2025-06-12 17:17:00,31.7
2025-06-12 09:29:00,13.8
2025-06-12 17:16:00,10.4
2025-06-12 21:47:00,50.10362276498773
2025-06-12 08:45:00,50.10362276498773
2025-06-12 10:04:00,15.0
2025-06-12 16:18:00,85.8
2025-06-12 09:45:00,92.4
2025-06-12 04:07:00,46.1
2025-06-12 07:29:00,54.2
2025-06-12 12:45:00,51.7
2025-06-12 08:10:00,50.10362276498773
2025-06-12 17:02:00,78.3
2025-06-12 12:46:00,84.4
2025-06-12 18:56:00,58.6
2025-06-12 22:31:00,27.1
2025-06-12 10:48:00,6.5
2025-06-12 05:35:00,26.1
2025-06-12 14:02:00,94.6
2025-06-12 12:35:00,50.10362276498773
2025-06-12 01:24:00,29.1
2025-06-12 04:52:00,50.10362276498773
2025-06-12 19:16:00,48.9
2025-06-12 04:48:00,9.0
2025-06-12 15:56:00,93.7
2025-06-12 04:35:00,50.10362276498773
2025-06-12 11:55:00,0.7
2025-06-12 20:06:00,44.2
2025-06-12 04:01:00,50.10362276498773
2025-06-12 05:58:00,77.2
2025-06-12 22:05:00,4.3
2025-06-12 11:04:00,50.10362276498773
2025-06-12 08:17:00,4.4
2025-06-12 14:37:00,50.10362276498773
2025-06-12 11:02:00,69.9
2025-06-12 08:09:00,23.9
2025-06-12 06:48:00,50.10362276498773
2025-06-12 05:13:00,68.0
2025-06-12 07:01:00,42.7
2025-06-12 08:23:00,50.10362276498773
2025-06-12 13:42:00,43.7
2025-06-12 23:23:00,6.4
2025-06-12 19:03:00,50.10362276498773
2025-06-12 18:30:00,51.9
2025-06-12 06:02:00,24.1
2025-06-12 02:42:00,43.7
2025-06-12 06:45:00,39.1
2025-06-12 18:10:00,9.7
2025-06-12 01:13:00,81.7
2025-06-12 02:15:00,51.8
2025-06-12 14:46:00,94.2
2025-06-12 09:58:00,33.6
2025-06-12 09:00:00,51.4
2025-06-12 20:18:00,4.3
2025-06-12 17:34:00,21.0
2025-06-12 14:12:00,57.5
2025-06-12 14:11:00,29.9
2025-06-12 07:40:00,51.1
2025-06-12 05:45:00,46.6
2025-06-12 12:06:00,37.1
2025-06-12 00:29:00,65.1
2025-06-12 09:27:00,85.9
2025-06-12 22:09:00,97.2
2025-06-12 14:07:00,50.10362276498773
2025-06-12 23:04:00,1.6
2025-06-12 08:43:00,77.9
2025-06-12 04:26:00,25.2
2025-06-12 19:08:00,50.10362276498773
2025-06-12 11:25:00,9.2
2025-06-12 12:22:00,36.8
2025-06-12 19:02:00,10.2
2025-06-12 10:22:00,5.4
2025-06-12 14:44:00,3.7
2025-06-12 00:33:00,70.2
2025-06-12 15:06:00,30.9
2025-06-12 06:15:00,32.8
2025-06-12 08:27:00,74.4
2025-06-12 07:24:00,85.0
2025-06-12 14:13:00,50.10362276498773
2025-06-12 21:58:00,66.2
2025-06-12 03:28:00,70.8
2025-06-12 21:35:00,71.4
2025-06-12 12:16:00,2.3
2025-06-12 18:52:00,10.8
2025-06-12 20:19:00,89.3
2025-06-12 14:58:00,88.5
2025-06-12 06:29:00,35.4
2025-06-12 01:53:00,95.9
2025-06-12 21:41:00,32.5
2025-06-12 02:41:00,50.10362276498773
2025-06-12 02:54:00,26.2
2025-06-12 23:34:00,52.6
2025-06-12 16:16:00,88.6
2025-06-12 05:34:00,2.4
2025-06-12 21:57:00,81.2
2025-06-12 03:42:00,50.10362276498773
2025-06-12 11:44:00,42.0
2025-06-12 21:26:00,17.0
2025-06-12 07:14:00,50.10362276498773
2025-06-12 16:35:00,50.10362276498773
2025-06-12 15:35:00,57.9
2025-06-12 22:01:00,13.9
2025-06-12 09:59:00,4.5
2025-06-12 11:01:00,75.7
2025-06-12 02:59:00,88.9
2025-06-12 09:22:00,50.10362276498773
2025-06-12 07:23:00,50.10362276498773
2025-06-12 15:45:00,96.7
2025-06-12 10:20:00,83.3
2025-06-12 05:50:00,7.5
2025-06-12 16:11:00,98.8
2025-06-12 01:52:00,72.8
2025-06-12 07:56:00,38.9
2025-06-12 15:24:00,49.1
2025-06-12 07:54:00,50.10362276498773
2025-06-12 21:30:00,50.10362276498773
2025-06-12 07:37:00,36.7
2025-06-12 10:53:00,45.9
2025-06-12 15:23:00,16.7
2025-06-12 14:34:00,56.6
2025-06-12 09:31:00,38.1
2025-06-12 04:02:00,50.3
2025-06-12 00:31:00,50.10362276498773
2025-06-12 22:39:00,17.2
2025-06-12 00:52:00,57.3
2025-06-12 11:57:00,6.8
2025-06-12 19:20:00,74.3
2025-06-12 10:52:00,50.10362276498773
2025-06-12 18:16:00,50.10362276498773
2025-06-12 19:07:00,50.10362276498773
2025-06-12 23:53:00,34.9
2025-06-12 03:38:00,31.2
2025-06-12 17:40:00,81.7
2025-06-12 17:54:00,43.4
2025-06-12 22:30:00,5.3
2025-06-12 19:28:00,62.3
2025-06-12 08:05:00,96.1
2025-06-12 11:29:00,16.4
2025-06-12 10:44:00,78.0
2025-06-12 04:13:00,50.10362276498773
2025-06-12 19:52:00,16.5
2025-06-12 17:46:00,49.0
2025-06-12 19:21:00,9.9
2025-06-12 20:15:00,49.7
2025-06-12 19:05:00,43.9
2025-06-12 19:15:00,51.9
2025-06-12 06:51:00,50.10362276498773
2025-06-12 04:38:00,50.10362276498773
2025-06-12 02:26:00,2.9
2025-06-12 01:35:00,44.6
2025-06-12 03:09:00,3.1
2025-06-12 17:25:00,49.2
2025-06-12 22:10:00,15.9
2025-06-12 17:36:00,81.8
2025-06-12 07:06:00,83.3
2025-06-12 00:27:00,32.3
2025-06-12 14:30:00,63.1
2025-06-12 08:26:00,63.0
2025-06-12 09:17:00,50.10362276498773
2025-06-12 05:51:00,50.10362276498773
2025-06-12 20:21:00,50.10362276498773
2025-06-12 08:58:00,19.8
2025-06-12 20:58:00,50.10362276498773
2025-06-12 06:04:00,50.10362276498773
2025-06-12 18:51:00,50.10362276498773
2025-06-12 10:56:00,50.10362276498773
2025-06-12 11:07:00,50.10362276498773
2025-06-12 22:52:00,50.10362276498773
2025-06-12 12:59:00,62.4
2025-06-12 16:14:00,48.6
2025-06-12 20:39:00,11.8
2025-06-12 03:18:00,75.3
2025-06-12 22:35:00,50.10362276498773
2025-06-12 17:37:00,53.0
2025-06-12 20:44:00,59.7
2025-06-12 03:17:00,6.9
2025-06-12 08:00:00,20.0
2025-06-12 21:03:00,38.8
2025-06-12 00:48:00,87.4
2025-06-12 07:42:00,78.8
2025-06-12 12:27:00,84.5
2025-06-12 15:14:00,50.10362276498773
2025-06-12 06:49:00,43.3
2025-06-12 13:10:00,50.10362276498773
2025-06-12 14:39:00,45.7
2025-06-12 05:26:00,29.9
2025-06-12 02:52:00,78.2
2025-06-12 21:29:00,88.3
2025-06-12 07:33:00,50.10362276498773
2025-06-12 04:03:00,50.10362276498773
2025-06-12 19:18:00,6.1
2025-06-12 02:02:00,58.4
2025-06-12 03:57:00,43.4
2025-06-12 10:35:00,47.9
2025-06-12 18:26:00,25.0
2025-06-12 01:18:00,54.9
2025-06-12 19:58:00,98.2
2025-06-12 07:52:00,37.4
2025-06-12 08:56:00,26.6
2025-06-12 11:06:00,37.0
2025-06-12 07:31:00,50.0
2025-06-12 07:05:00,6.7
2025-06-12 20:07:00,45.7
2025-06-12 20:27:00,75.5
2025-06-12 08:02:00,31.2
2025-06-12 00:06:00,54.2
2025-06-12 15:34:00,50.10362276498773
2025-06-12 05:02:00,0.2
2025-06-12 12:43:00,69.6
2025-06-12 00:17:00,53.9
2025-06-12 23:54:00,37.5
2025-06-12 16:47:00,38.4
2025-06-12 16:43:00,5.8
2025-06-12 19:37:00,97.6
2025-06-12 22:47:00,17.8
2025-06-12 15:37:00,79.4
2025-06-12 06:07:00,98.4
2025-06-12 12:19:00,21.8
2025-06-12 16:51:00,43.8
2025-06-12 01:40:00,50.10362276498773
2025-06-12 01:33:00,83.7
2025-06-12 02:44:00,50.10362276498773
2025-06-12 03:44:00,13.6
2025-06-12 13:43:00,71.0
2025-06-12 10:41:00,40.3
2025-06-12 06:08:00,22.3
2025-06-12 02:32:00,71.0
2025-06-12 00:20:00,76.6
2025-06-12 19:54:00,50.10362276498773
2025-06-12 18:40:00,50.10362276498773
2025-06-12 04:40:00,56.4
2025-06-12 20:42:00,59.9
2025-06-12 05:07:00,37.6
2025-06-12 12:57:00,50.10362276498773
2025-06-12 04:51:00,50.10362276498773
2025-06-12 17:58:00,3.7
2025-06-12 07:45:00,44.0
2025-06-12 02:23:00,58.1
2025-06-12 20:33:00,92.4
2025-06-12 00:00:00,61.6
2025-06-12 08:28:00,73.2
2025-06-12 00:35:00,44.3
2025-06-12 13:15:00,10.9
2025-06-12 08:42:00,63.0
2025-06-12 06:30:00,24.1
2025-06-12 16:20:00,83.4
2025-06-12 12:08:00,32.7
2025-06-12 08:11:00,35.3
2025-06-12 07:00:00,72.6
2025-06-12 01:54:00,23.2
2025-06-12 09:28:00,50.10362276498773
2025-06-12 15:11:00,42.3
2025-06-12 08:18:00,72.3
2025-06-12 14:25:00,27.3
2025-06-12 23:57:00,44.0
2025-06-12 20:40:00,97.4
2025-06-12 22:51:00,50.10362276498773
2025-06-12 13:31:00,6.6
2025-06-12 20:22:00,69.3
2025-06-12 18:08:00,84.7
2025-06-12 10:15:00,51.1
2025-06-12 19:34:00,86.0
2025-06-12 16:26:00,51.4
2025-06-12 15:02:00,27.2
2025-06-12 21:49:00,63.0
2025-06-12 17:53:00,73.1
2025-06-12 11:32:00,35.1
2025-06-12 18:24:00,99.2
2025-06-12 11:18:00,62.2
2025-06-12 23:22:00,20.1
2025-06-12 13:11:00,56.7
2025-06-12 19:06:00,34.8
2025-06-12 05:47:00,79.3
2025-06-12 12:03:00,50.10362276498773
2025-06-12 07:57:00,77.8
2025-06-12 15:21:00,60.9
2025-06-12 15:44:00,98.8
2025-06-12 12:18:00,97.0
2025-06-12 19:51:00,13.3
2025-06-12 17:10:00,13.0
2025-06-12 20:13:00,50.10362276498773
2025-06-12 18:29:00,5.9
2025-06-12 05:04:00,43.8
2025-06-12 21:53:00,82.1
2025-06-12 18:14:00,34.6
2025-06-12 13:08:00,78.8
2025-06-12 13:30:00,2.1
2025-06-12 04:11:00,56.6
2025-06-12 06:38:00,93.4
2025-06-12 23:20:00,83.0
2025-06-12 06:22:00,53.3
2025-06-12 03:33:00,40.5
2025-06-12 02:31:00,50.12327810650887
2025-06-12 22:41:00,63.5
2025-06-12 09:16:00,74.3
2025-06-12 02:38:00,4.2
2025-06-12 08:38:00,17.2
2025-06-12 07:23:00,88.7
2025-06-12 10:31:00,75.1
2025-06-12 10:12:00,50.12327810650887
2025-06-12 12:55:00,83.4
2025-06-12 21:52:00,22.0
2025-06-12 03:22:00,50.12327810650887
2025-06-12 17:11:00,50.12327810650887
2025-06-12 19:56:00,50.3
2025-06-12 17:52:00,16.1
2025-06-12 23:05:00,40.7
2025-06-12 18:55:00,15.5
2025-06-12 00:30:00,2.1
2025-06-12 05:47:00,8.5
2025-06-12 08:37:00,13.1
2025-06-12 16:31:00,72.8
2025-06-12 21:59:00,49.3
2025-06-12 13:27:00,50.12327810650887
2025-06-12 03:30:00,14.2
2025-06-12 17:02:00,88.0
2025-06-12 17:47:00,50.12327810650887
2025-06-12 05:17:00,34.3
2025-06-12 05:28:00,69.6
2025-06-12 03:47:00,9.1
2025-06-12 02:18:00,32.8
2025-06-12 14:43:00,50.12327810650887
2025-06-12 23:00:00,17.0
2025-06-12 09:10:00,92.7
2025-06-12 03:32:00,12.8
2025-06-12 07:55:00,52.9
2025-06-12 12:20:00,1.7
2025-06-12 20:37:00,39.1
2025-06-12 05:24:00,27.9
2025-06-12 03:53:00,50.12327810650887
2025-06-12 20:08:00,10.6
2025-06-12 12:31:00,71.9
2025-06-12 18:57:00,9.3
2025-06-12 21:50:00,34.5
2025-06-12 08:14:00,14.6
2025-06-12 08:05:00,67.4
2025-06-12 04:52:00,50.12327810650887
2025-06-12 04:41:00,45.5
2025-06-12 17:08:00,21.4
2025-06-12 11:31:00,90.3
2025-06-12 02:24:00,50.12327810650887
2025-06-12 01:38:00,69.7
2025-06-12 01:12:00,71.4
2025-06-12 18:18:00,5.3
2025-06-12 16:32:00,66.4
2025-06-12 12:39:00,64.2
2025-06-12 23:52:00,37.7
2025-06-12 13:32:00,2.9
2025-06-12 08:57:00,9.2
2025-06-12 23:25:00,56.7
2025-06-12 11:47:00,50.12327810650887
2025-06-12 04:39:00,67.4
2025-06-12 02:43:00,35.2
2025-06-12 17:29:00,36.9
2025-06-12 21:14:00,91.1
2025-06-12 17:32:00,55.3
2025-06-12 23:46:00,16.7
2025-06-12 21:58:00,2.3
2025-06-12 15:18:00,41.1
2025-06-12 08:00:00,48.2
2025-06-12 22:42:00,8.3
2025-06-12 05:22:00,97.5
2025-06-12 14:08:00,50.8
2025-06-12 01:41:00,51.7
2025-06-12 01:48:00,3.5
2025-06-12 06:41:00,50.12327810650887
2025-06-12 15:47:00,77.0
2025-06-12 16:57:00,98.4
2025-06-12 13:25:00,86.3
2025-06-12 10:55:00,84.2
2025-06-12 14:53:00,61.8
2025-06-12 16:26:00,76.6
2025-06-12 06:08:00,38.0
2025-06-12 17:21:00,91.4
2025-06-12 19:24:00,82.5
2025-06-12 02:46:00,24.1
2025-06-12 06:13:00,83.9
2025-06-12 18:14:00,1.6
2025-06-12 04:43:00,35.8
2025-06-12 00:13:00,0.1
2025-06-12 11:36:00,93.5
2025-06-12 11:10:00,52.8
2025-06-12 15:30:00,92.0
2025-06-12 18:21:00,55.2
2025-06-12 05:13:00,54.7
2025-06-12 09:52:00,7.2
2025-06-12 18:34:00,99.1
2025-06-12 10:22:00,89.0
2025-06-12 15:36:00,1.4
2025-06-12 11:55:00,52.8
2025-06-12 11:50:00,64.0
2025-06-12 08:07:00,89.1
2025-06-12 03:35:00,70.7
2025-06-12 04:37:00,90.6
2025-06-12 14:13:00,89.7
2025-06-12 16:14:00,65.4
2025-06-12 03:59:00,50.12327810650887
2025-06-12 09:47:00,10.7
2025-06-12 19:15:00,34.9
2025-06-12 14:25:00,3.0
2025-06-12 02:11:00,49.2
2025-06-12 14:26:00,81.6
2025-06-12 02:37:00,58.5
2025-06-12 10:53:00,16.8
2025-06-12 06:10:00,50.12327810650887
2025-06-12 02:28:00,32.4
2025-06-12 02:29:00,30.1
2025-06-12 08:56:00,0.4
2025-06-12 14:45:00,88.5
2025-06-12 20:03:00,39.6
2025-06-12 10:42:00,93.4
2025-06-12 21:30:00,98.5
2025-06-12 13:45:00,53.9
2025-06-12 21:33:00,69.1
2025-06-12 01:07:00,66.8
2025-06-12 09:34:00,95.9
2025-06-12 22:08:00,7.5
2025-06-12 07:29:00,71.8
2025-06-12 03:41:00,90.0
2025-06-12 11:44:00,11.8
2025-06-12 01:31:00,50.12327810650887
2025-06-12 15:58:00,85.5
2025-06-12 14:38:00,59.9
2025-06-12 16:13:00,24.6
2025-06-12 10:18:00,50.12327810650887
2025-06-12 00:25:00,68.6
2025-06-12 15:52:00,68.0
2025-06-12 04:00:00,38.4
2025-06-12 04:16:00,69.8
2025-06-12 10:46:00,81.6
2025-06-12 15:09:00,50.12327810650887
2025-06-12 14:15:00,13.1
2025-06-12 08:52:00,34.6
2025-06-12 07:46:00,50.12327810650887
2025-06-12 05:38:00,72.8
2025-06-12 00:37:00,76.0
2025-06-12 17:39:00,85.7
2025-06-12 14:24:00,50.12327810650887
2025-06-12 10:23:00,95.0
2025-06-12 01:28:00,0.3
2025-06-12 00:12:00,88.3
2025-06-12 09:31:00,3.6
2025-06-12 06:30:00,16.9
2025-06-12 23:58:00,4.5
2025-06-12 05:33:00,25.9
2025-06-12 15:25:00,77.5
2025-06-12 00:51:00,1.5
2025-06-12 12:56:00,76.2
2025-06-12 17:48:00,70.0
2025-06-12 12:48:00,50.12327810650887
2025-06-12 21:42:00,75.2
2025-06-12 16:04:00,9.8
2025-06-12 14:20:00,35.0
2025-06-12 13:06:00,21.8
2025-06-12 22:49:00,71.8
2025-06-12 03:28:00,50.3
2025-06-12 05:42:00,50.12327810650887
2025-06-12 23:53:00,48.4
2025-06-12 01:20:00,84.7
2025-06-12 10:16:00,67.4
2025-06-12 04:38:00,71.8
2025-06-12 17:14:00,42.8
2025-06-12 03:46:00,49.3
2025-06-12 13:38:00,36.0
2025-06-12 02:02:00,31.8
2025-06-12 21:15:00,90.3
2025-06-12 14:01:00,98.3
2025-06-12 05:50:00,96.7
2025-06-12 10:49:00,60.1
2025-06-12 22:12:00,30.8
2025-06-12 09:08:00,22.8
2025-06-12 10:01:00,48.0
2025-06-12 23:49:00,29.7
2025-06-12 11:18:00,92.8
2025-06-12 04:23:00,20.4
2025-06-12 22:45:00,50.12327810650887
2025-06-12 00:31:00,28.8
2025-06-12 21:44:00,30.6
2025-06-12 21:57:00,0.5
2025-06-12 00:35:00,43.2
2025-06-12 12:13:00,74.4
2025-06-12 21:37:00,88.7
2025-06-12 22:26:00,3.7
2025-06-12 22:22:00,48.1
2025-06-12 06:04:00,53.1
2025-06-12 21:51:00,43.5
2025-06-12 03:18:00,9.2
2025-06-12 20:24:00,50.12327810650887
2025-06-12 15:34:00,57.7
2025-06-12 20:00:00,69.9
2025-06-12 11:45:00,98.1
2025-06-12 10:30:00,73.2
2025-06-12 03:09:00,88.9
2025-06-12 01:17:00,50.12327810650887
2025-06-12 18:46:00,37.2
2025-06-12 01:08:00,33.1
2025-06-12 01:56:00,2.8
2025-06-12 19:17:00,28.3
2025-06-12 10:20:00,95.1
2025-06-12 05:20:00,30.2
2025-06-12 14:17:00,50.12327810650887
2025-06-12 14:52:00,50.12327810650887
2025-06-12 07:22:00,89.9
2025-06-12 22:39:00,39.7
2025-06-12 02:49:00,98.4
2025-06-12 10:25:00,8.1
2025-06-12 11:17:00,5.3
2025-06-12 10:54:00,63.8
2025-06-12 22:17:00,91.1
2025-06-12 07:01:00,80.8
2025-06-12 15:27:00,8.4
2025-06-12 22:43:00,11.0
2025-06-12 00:36:00,67.5
2025-06-12 14:42:00,68.6
2025-06-12 04:29:00,32.2
2025-06-12 23:03:00,91.8
2025-06-12 01:50:00,95.2
2025-06-12 09:50:00,54.0
2025-06-12 06:56:00,66.5
2025-06-12 02:54:00,50.12327810650887
2025-06-12 16:30:00,36.8
2025-06-12 01:52:00,77.6
2025-06-12 17:55:00,70.9
2025-06-12 12:16:00,93.5
2025-06-12 22:01:00,77.7
2025-06-12 09:35:00,35.1
2025-06-12 19:12:00,57.1
2025-06-12 10:56:00,11.4
2025-06-12 02:44:00,41.8
2025-06-12 23:34:00,59.9
2025-06-12 23:14:00,34.5
2025-06-12 10:03:00,53.4
2025-06-12 03:51:00,50.12327810650887
2025-06-12 13:35:00,16.3
2025-06-12 21:05:00,68.2
2025-06-12 20:30:00,29.3
2025-06-12 18:19:00,94.7
2025-06-12 23:08:00,80.9
2025-06-12 09:00:00,68.0
2025-06-12 17:54:00,72.2
2025-06-12 13:33:00,10.1
2025-06-12 09:23:00,39.1
2025-06-12 03:03:00,6.6
2025-06-12 09:59:00,10.9
2025-06-12 11:56:00,86.8
2025-06-12 10:51:00,4.0
2025-06-12 07:30:00,45.5
2025-06-12 16:41:00,50.12327810650887
2025-06-12 23:35:00,50.12327810650887
2025-06-12 12:36:00,46.1
2025-06-12 09:46:00,95.1
2025-06-12 00:01:00,63.7
2025-06-12 07:18:00,54.9
2025-06-12 15:28:00,0.3
2025-06-12 21:55:00,91.9
2025-06-12 17:06:00,50.12327810650887
2025-06-12 20:34:00,50.12327810650887
2025-06-12 09:53:00,29.9
2025-06-12 10:00:00,90.4
2025-06-12 07:00:00,77.9
2025-06-12 22:51:00,66.0
2025-06-12 22:16:00,75.6
2025-06-12 23:33:00,20.5
2025-06-12 21:16:00,10.2
2025-06-12 15:39:00,50.12327810650887
2025-06-12 22:25:00,0.3
2025-06-12 20:17:00,66.1
2025-06-12 09:12:00,18.0
2025-06-12 15:40:00,77.4
2025-06-12 19:34:00,77.9
2025-06-12 14:48:00,49.63956792297757
2025-06-12 02:38:00,14.1
2025-06-12 14:09:00,66.0
2025-06-12 18:30:00,71.3
2025-06-12 23:29:00,32.2
2025-06-12 00:30:00,34.7
2025-06-12 05:00:00,12.8
2025-06-12 22:37:00,97.1
2025-06-12 02:54:00,20.1
2025-06-12 14:39:00,45.8
2025-06-12 22:48:00,73.1
2025-06-12 14:55:00,89.2
2025-06-12 08:28:00,81.3
2025-06-12 23:11:00,90.3
2025-06-12 07:51:00,10.3
2025-06-12 23:50:00,61.3
2025-06-12 18:19:00,22.0
2025-06-12 22:33:00,41.9
2025-06-12 02:45:00,31.2
2025-06-12 17:50:00,24.2
2025-06-12 10:55:00,9.0
2025-06-12 20:55:00,49.63956792297757
2025-06-12 08:13:00,98.4
2025-06-12 04:33:00,97.1
2025-06-12 05:29:00,2.7
2025-06-12 14:42:00,17.3
2025-06-12 18:43:00,10.2
2025-06-12 13:52:00,66.7
2025-06-12 04:35:00,12.4
2025-06-12 21:28:00,49.0
2025-06-12 03:08:00,95.1
2025-06-12 20:35:00,16.4
2025-06-12 07:42:00,19.5
2025-06-12 21:52:00,29.6
2025-06-12 15:26:00,89.1
2025-06-12 03:33:00,83.5
2025-06-12 20:56:00,13.0
2025-06-12 23:45:00,43.3
2025-06-12 05:41:00,50.5
2025-06-12 16:48:00,8.7
2025-06-12 07:16:00,5.6
2025-06-12 16:55:00,45.8
2025-06-12 17:52:00,46.8
2025-06-12 10:57:00,49.63956792297757
2025-06-12 10:38:00,76.6
2025-06-12 17:34:00,63.9
2025-06-12 05:05:00,41.3
2025-06-12 01:42:00,73.8
2025-06-12 00:27:00,84.8
2025-06-12 08:16:00,58.9
2025-06-12 09:11:00,2.1
2025-06-12 02:39:00,19.8
2025-06-12 13:27:00,49.63956792297757
2025-06-12 02:56:00,37.0
2025-06-12 16:14:00,0.7
2025-06-12 00:45:00,20.9
2025-06-12 17:19:00,88.9
2025-06-12 15:19:00,52.3
2025-06-12 05:39:00,55.9
2025-06-12 08:33:00,3.0
2025-06-12 09:00:00,3.1
2025-06-12 19:38:00,16.8
2025-06-12 05:30:00,83.9
2025-06-12 03:43:00,80.3
2025-06-12 07:41:00,47.5
2025-06-12 15:13:00,42.4
2025-06-12 07:25:00,97.6
2025-06-12 00:25:00,12.8
2025-06-12 03:47:00,62.8
2025-06-12 14:51:00,4.5
2025-06-12 13:53:00,27.1
2025-06-12 14:27:00,49.9
2025-06-12 04:58:00,40.2
2025-06-12 20:31:00,47.1
2025-06-12 22:55:00,77.6
2025-06-12 00:21:00,46.6
2025-06-12 13:29:00,80.4
2025-06-12 05:46:00,49.63956792297757
2025-06-12 00:26:00,49.63956792297757
2025-06-12 11:02:00,9.6
2025-06-12 07:15:00,77.0
2025-06-12 21:00:00,70.2
2025-06-12 08:56:00,13.0
2025-06-12 22:24:00,14.3
2025-06-12 13:43:00,82.0
2025-06-12 17:20:00,38.0
2025-06-12 06:12:00,54.0
2025-06-12 23:09:00,34.0
2025-06-12 17:09:00,50.1
2025-06-12 22:42:00,49.63956792297757
2025-06-12 10:31:00,76.7
2025-06-12 13:37:00,24.9
2025-06-12 21:24:00,40.6
2025-06-12 02:13:00,44.3
2025-06-12 18:20:00,3.8
2025-06-12 23:15:00,27.6
2025-06-12 01:46:00,22.8
2025-06-12 13:01:00,49.63956792297757
2025-06-12 12:10:00,72.4
2025-06-12 12:43:00,97.4
2025-06-12 14:23:00,24.5
2025-06-12 03:22:00,93.3
2025-06-12 14:56:00,58.0
2025-06-12 16:15:00,98.0
2025-06-12 13:45:00,38.7
2025-06-12 10:54:00,28.1
2025-06-12 01:52:00,98.0
2025-06-12 14:11:00,99.7
2025-06-12 03:21:00,37.0
2025-06-12 15:21:00,75.2
2025-06-12 09:29:00,38.8
2025-06-12 06:29:00,94.6
2025-06-12 00:04:00,23.1
2025-06-12 21:31:00,18.9
2025-06-12 19:52:00,9.6
2025-06-12 15:08:00,56.0
2025-06-12 02:43:00,8.3
2025-06-12 11:35:00,22.0
2025-06-12 22:05:00,26.0
2025-06-12 13:09:00,49.63956792297757
2025-06-12 04:06:00,62.5
2025-06-12 11:31:00,49.63956792297757
2025-06-12 09:02:00,95.4
2025-06-12 16:53:00,49.63956792297757
2025-06-12 00:43:00,49.63956792297757
2025-06-12 01:50:00,49.63956792297757
2025-06-12 05:54:00,22.2
2025-06-12 16:42:00,80.2
2025-06-12 16:33:00,22.3
2025-06-12 17:23:00,19.5
2025-06-12 10:44:00,62.0
2025-06-12 01:26:00,2.0
2025-06-12 02:27:00,69.1
2025-06-12 12:02:00,49.63956792297757
2025-06-12 18:59:00,43.5
2025-06-12 21:27:00,32.8
2025-06-12 13:38:00,19.9
2025-06-12 18:51:00,53.2
2025-06-12 05:51:00,19.3
2025-06-12 01:08:00,25.3
2025-06-12 21:02:00,97.9
2025-06-12 02:24:00,45.0
2025-06-12 11:26:00,0.5
2025-06-12 18:08:00,69.0
2025-06-12 17:15:00,49.63956792297757
2025-06-12 06:58:00,5.4
2025-06-12 10:22:00,68.0
2025-06-12 14:44:00,79.3
2025-06-12 20:36:00,43.4
2025-06-12 22:36:00,49.63956792297757
2025-06-12 12:38:00,21.2
2025-06-12 16:27:00,12.8
2025-06-12 07:36:00,55.5
2025-06-12 23:59:00,49.63956792297757
2025-06-12 11:39:00,28.2
2025-06-12 11:13:00,66.7
2025-06-12 06:16:00,81.5
2025-06-12 14:58:00,19.5
2025-06-12 20:51:00,71.3
2025-06-12 08:34:00,29.5
2025-06-12 05:50:00,21.0
2025-06-12 10:59:00,54.6
2025-06-12 18:05:00,13.7
2025-06-12 13:00:00,83.5
2025-06-12 19:45:00,61.4
2025-06-12 07:56:00,41.7
2025-06-12 04:45:00,19.3
2025-06-12 16:12:00,92.4
2025-06-12 23:01:00,49.63956792297757
2025-06-12 12:09:00,60.3
2025-06-12 10:24:00,96.8
2025-06-12 19:37:00,92.7
2025-06-12 19:00:00,93.5
2025-06-12 15:06:00,17.0
2025-06-12 11:47:00,82.3
2025-06-12 12:24:00,41.9
2025-06-12 10:04:00,0.0
2025-06-12 23:55:00,49.63956792297757
2025-06-12 05:18:00,57.3
2025-06-12 09:15:00,58.6
2025-06-12 04:04:00,5.5
2025-06-12 13:25:00,58.8
2025-06-12 01:03:00,49.63956792297757
2025-06-12 11:23:00,49.63956792297757
2025-06-12 06:53:00,91.7
2025-06-12 02:37:00,38.2
2025-06-12 05:55:00,85.2
2025-06-12 23:00:00,0.5
2025-06-12 00:33:00,86.6
2025-06-12 04:12:00,16.8
2025-06-12 15:00:00,7.9
2025-06-12 15:52:00,95.8
2025-06-12 09:24:00,97.0
2025-06-12 21:36:00,76.1
2025-06-12 03:52:00,24.6
2025-06-12 01:01:00,81.5
2025-06-12 15:45:00,79.9
2025-06-12 06:18:00,49.63956792297757
2025-06-12 13:51:00,80.3
2025-06-12 06:22:00,77.1
2025-06-12 21:39:00,49.63956792297757
2025-06-12 08:17:00,48.0
2025-06-12 07:02:00,1.2
2025-06-12 06:13:00,58.2
2025-06-12 16:30:00,4.6
2025-06-12 04:54:00,34.3
2025-06-12 04:48:00,38.2
2025-06-12 04:31:00,98.6
2025-06-12 15:12:00,49.63956792297757
2025-06-12 17:45:00,73.9
2025-06-12 08:14:00,15.6
2025-06-12 22:09:00,49.63956792297757
2025-06-12 15:36:00,97.2
2025-06-12 22:23:00,55.2
2025-06-12 09:37:00,28.7
2025-06-12 19:30:00,49.63956792297757
2025-06-12 18:07:00,91.4
2025-06-12 18:58:00,49.63956792297757
2025-06-12 04:00:00,4.7
2025-06-12 02:33:00,16.2
2025-06-12 10:32:00,70.1
2025-06-12 11:14:00,19.5
2025-06-12 23:28:00,87.8
2025-06-12 08:44:00,57.6
2025-06-12 03:56:00,1.6
2025-06-12 09:48:00,69.5
2025-06-12 20:28:00,54.6
2025-06-12 01:04:00,82.9
2025-06-12 20:16:00,30.8
2025-06-12 14:53:00,37.4
2025-06-12 16:07:00,78.6
2025-06-12 01:30:00,77.0
2025-06-12 06:41:00,30.7
2025-06-12 18:55:00,18.2
2025-06-12 18:41:00,8.1
2025-06-12 05:34:00,65.6
2025-06-12 11:11:00,49.63956792297757
2025-06-12 20:44:00,3.7
2025-06-12 01:51:00,49.63956792297757
2025-06-12 05:16:00,69.0
2025-06-12 13:26:00,3.1
2025-06-12 08:43:00,49.63956792297757
2025-06-12 21:05:00,49.63956792297757
2025-06-12 21:47:00,88.0
2025-06-12 19:23:00,5.6
2025-06-12 07:08:00,84.1
2025-06-12 00:12:00,63.7
2025-06-12 07:07:00,93.5
2025-06-12 09:01:00,15.4
2025-06-12 18:17:00,23.6
2025-06-12 03:42:00,56.3
2025-06-12 03:28:00,79.3
2025-06-12 01:59:00,59.0
2025-06-12 05:07:00,60.9
2025-06-12 15:51:00,15.4
2025-06-12 15:49:00,48.2
2025-06-12 13:59:00,31.4
2025-06-12 13:55:00,52.2
2025-06-12 18:33:00,56.8
2025-06-12 03:40:00,49.63956792297757
2025-06-12 12:14:00,3.0
2025-06-12 10:25:00,39.9
2025-06-12 00:23:00,19.8
2025-06-12 23:17:00,10.7
2025-06-12 09:19:00,73.4
2025-06-12 11:49:00,37.6
2025-06-12 12:59:00,49.63956792297757
2025-06-12 23:38:00,57.8
2025-06-12 21:08:00,28.9
2025-06-12 02:59:00,41.3
2025-06-12 03:45:00,64.6
2025-06-12 13:40:00,64.7
2025-06-12 14:37:00,49.8
2025-06-12 12:51:00,88.4
2025-06-12 05:06:00,50.29152382078261
2025-06-12 02:47:00,51.4
2025-06-12 01:20:00,72.9
2025-06-12 16:46:00,82.7
2025-06-12 01:35:00,64.0
2025-06-12 19:38:00,87.2
2025-06-12 15:48:00,20.2
2025-06-12 07:19:00,10.7
2025-06-12 04:11:00,48.2
2025-06-12 19:32:00,66.4
2025-06-12 02:06:00,39.6
2025-06-12 00:33:00,79.9
2025-06-12 02:02:00,55.0
2025-06-12 00:52:00,48.3
2025-06-12 18:01:00,94.8
2025-06-12 18:20:00,77.7
2025-06-12 18:21:00,85.6
2025-06-12 14:34:00,91.0
2025-06-12 11:50:00,5.7
2025-06-12 18:39:00,82.6
2025-06-12 16:56:00,40.7
2025-06-12 03:37:00,10.4
2025-06-12 02:51:00,50.29152382078261
2025-06-12 22:32:00,20.9
2025-06-12 14:19:00,89.8
2025-06-12 11:20:00,80.3
2025-06-12 21:11:00,87.0
2025-06-12 01:51:00,6.7
2025-06-12 20:13:00,8.0
2025-06-12 17:49:00,98.1
2025-06-12 05:40:00,39.4
2025-06-12 13:16:00,73.4
2025-06-12 02:35:00,29.0
2025-06-12 01:49:00,65.9
2025-06-12 14:17:00,50.29152382078261
2025-06-12 00:12:00,59.6
2025-06-12 22:13:00,30.1
2025-06-12 14:48:00,64.7
2025-06-12 18:16:00,34.5
2025-06-12 03:51:00,32.9
2025-06-12 22:52:00,43.6
2025-06-12 19:24:00,46.9
2025-06-12 13:45:00,50.29152382078261
2025-06-12 17:43:00,91.9
2025-06-12 19:12:00,50.29152382078261
2025-06-12 06:11:00,35.1
2025-06-12 15:39:00,67.6
2025-06-12 09:47:00,3.9
2025-06-12 00:19:00,26.0
2025-06-12 13:53:00,65.3
2025-06-12 12:37:00,2.9
2025-06-12 04:21:00,90.0
2025-06-12 15:41:00,99.9
2025-06-12 10:32:00,24.0
2025-06-12 16:07:00,42.3
2025-06-12 23:58:00,15.5
2025-06-12 09:35:00,71.6
2025-06-12 13:46:00,59.7
2025-06-12 21:16:00,64.3
2025-06-12 16:53:00,69.2
2025-06-12 09:55:00,37.8
2025-06-12 20:33:00,22.8
2025-06-12 07:11:00,91.6
2025-06-12 01:43:00,62.1
2025-06-12 10:33:00,96.3
2025-06-12 10:26:00,0.7
2025-06-12 17:12:00,98.9
2025-06-12 15:00:00,91.2
2025-06-12 15:11:00,79.6
2025-06-12 12:07:00,62.6
2025-06-12 20:24:00,86.9
2025-06-12 00:05:00,70.1
2025-06-12 22:07:00,50.29152382078261
2025-06-12 18:27:00,45.1
2025-06-12 09:26:00,50.29152382078261
2025-06-12 11:25:00,26.8
2025-06-12 01:33:00,83.2
2025-06-12 14:30:00,50.29152382078261
2025-06-12 07:27:00,61.6
2025-06-12 14:09:00,50.29152382078261
2025-06-12 06:38:00,50.29152382078261
2025-06-12 04:53:00,15.8
2025-06-12 05:09:00,70.7
2025-06-12 22:15:00,50.29152382078261
2025-06-12 10:20:00,9.0
2025-06-12 17:54:00,7.0
2025-06-12 03:42:00,43.6
2025-06-12 09:45:00,9.8
2025-06-12 15:40:00,66.6
2025-06-12 02:52:00,50.29152382078261
2025-06-12 07:15:00,71.8
2025-06-12 07:50:00,50.29152382078261
2025-06-12 00:06:00,67.8
2025-06-12 02:23:00,31.5
2025-06-12 19:22:00,72.0
2025-06-12 16:27:00,30.0
2025-06-12 19:06:00,51.6
2025-06-12 15:30:00,98.3
2025-06-12 05:07:00,50.29152382078261
2025-06-12 03:41:00,21.7
2025-06-12 09:59:00,30.4
2025-06-12 04:39:00,50.29152382078261
2025-06-12 12:14:00,84.8
2025-06-12 11:26:00,50.29152382078261
2025-06-12 13:08:00,74.7
2025-06-12 07:06:00,52.4
2025-06-12 06:00:00,41.8
2025-06-12 04:10:00,60.6
2025-06-12 03:28:00,30.9
2025-06-12 02:30:00,47.4
2025-06-12 18:09:00,23.2
2025-06-12 13:09:00,61.1
2025-06-12 07:57:00,42.7
2025-06-12 22:16:00,93.4
2025-06-12 00:40:00,14.4
2025-06-12 12:48:00,19.4
2025-06-12 20:02:00,93.7
2025-06-12 17:33:00,78.2
2025-06-12 04:05:00,44.3
2025-06-12 12:25:00,64.6
2025-06-12 00:43:00,50.29152382078261
2025-06-12 21:13:00,27.4
2025-06-12 10:07:00,46.3
2025-06-12 21:07:00,45.4
2025-06-12 14:04:00,91.0
2025-06-12 18:17:00,50.29152382078261
2025-06-12 20:48:00,4.8
2025-06-12 18:19:00,37.9
2025-06-12 00:25:00,59.7
2025-06-12 08:55:00,50.0
2025-06-12 21:32:00,67.5
2025-06-12 09:17:00,50.29152382078261
2025-06-12 05:22:00,62.5
2025-06-12 09:37:00,19.6
2025-06-12 13:01:00,63.1
2025-06-12 21:10:00,10.2
2025-06-12 02:42:00,6.2
2025-06-12 07:18:00,50.29152382078261
2025-06-12 01:36:00,50.29152382078261
2025-06-12 02:11:00,47.3
2025-06-12 22:10:00,50.29152382078261
2025-06-12 19:37:00,52.0
2025-06-12 14:08:00,29.3
2025-06-12 01:47:00,10.3
2025-06-12 23:29:00,1.9
2025-06-12 09:58:00,44.5
2025-06-12 09:09:00,50.29152382078261
2025-06-12 03:46:00,66.6
2025-06-12 23:04:00,65.9
2025-06-12 20:25:00,63.4
2025-06-12 17:31:00,20.8
2025-06-12 17:03:00,47.2
2025-06-12 04:22:00,30.4
2025-06-12 10:39:00,34.8
2025-06-12 17:57:00,13.8
2025-06-12 01:27:00,50.29152382078261
2025-06-12 18:52:00,50.29152382078261
2025-06-12 02:07:00,25.9
2025-06-12 06:30:00,88.4
2025-06-12 01:38:00,99.3
2025-06-12 11:51:00,74.6
2025-06-12 21:36:00,32.3
2025-06-12 21:24:00,23.8
2025-06-12 02:59:00,65.2
2025-06-12 12:39:00,56.5
2025-06-12 10:22:00,3.0
2025-06-12 12:08:00,27.8
2025-06-12 21:27:00,69.6
2025-06-12 11:47:00,50.29152382078261
2025-06-12 00:20:00,50.29152382078261
2025-06-12 12:32:00,38.9
2025-06-12 20:58:00,62.1
2025-06-12 00:56:00,89.8
2025-06-12 03:24:00,50.29152382078261
2025-06-12 02:54:00,62.2
2025-06-12 19:48:00,46.4
2025-06-12 04:34:00,50.29152382078261
2025-06-12 13:17:00,50.29152382078261
2025-06-12 02:04:00,65.7
2025-06-12 14:24:00,62.2
2025-06-12 23:09:00,2.7
2025-06-12 23:26:00,33.0
2025-06-12 19:33:00,67.2
2025-06-12 08:43:00,50.29152382078261
2025-06-12 13:14:00,21.7
2025-06-12 09:15:00,11.0
2025-06-12 12:22:00,52.4
2025-06-12 14:11:00,50.29152382078261
2025-06-12 13:30:00,49.8
2025-06-12 19:57:00,50.29152382078261
2025-06-12 22:42:00,1.5
2025-06-12 03:30:00,36.6
2025-06-12 10:31:00,32.9
2025-06-12 07:10:00,64.8
2025-06-12 13:59:00,48.9
2025-06-12 12:28:00,62.0
2025-06-12 22:26:00,50.29152382078261
2025-06-12 22:55:00,62.3
2025-06-12 05:50:00,25.3
2025-06-12 20:45:00,20.9
2025-06-12 09:20:00,29.9
2025-06-12 11:55:00,88.6
2025-06-12 04:33:00,46.7
2025-06-12 09:57:00,35.1
2025-06-12 23:35:00,21.7
2025-06-12 10:06:00,74.0
2025-06-12 04:47:00,17.8
2025-06-12 10:05:00,76.4
2025-06-12 07:33:00,97.7
2025-06-12 08:14:00,50.29152382078261
2025-06-12 05:27:00,32.1
2025-06-12 22:59:00,50.29152382078261
2025-06-12 12:23:00,2.7
2025-06-12 09:56:00,51.1
2025-06-12 03:20:00,28.3
2025-06-12 03:26:00,11.1
2025-06-12 05:04:00,50.29152382078261
2025-06-12 07:40:00,30.0
2025-06-12 22:33:00,24.9
2025-06-12 04:14:00,50.29152382078261
2025-06-12 15:53:00,8.3
2025-06-12 03:01:00,53.3
2025-06-12 00:55:00,49.1
2025-06-12 03:44:00,65.0
2025-06-12 05:21:00,43.1
2025-06-12 10:14:00,44.6
2025-06-12 01:10:00,66.2
2025-06-12 23:01:00,29.3
2025-06-12 04:56:00,50.29152382078261
2025-06-12 16:37:00,17.4
2025-06-12 03:10:00,8.7
2025-06-12 14:10:00,22.9
2025-06-12 23:59:00,74.8
2025-06-12 19:34:00,97.8
2025-06-12 12:50:00,77.7
2025-06-12 00:09:00,50.29152382078261
2025-06-12 06:52:00,17.8
2025-06-12 09:52:00,7.7
2025-06-12 05:57:00,90.4
2025-06-12 19:23:00,50.29152382078261
2025-06-12 17:22:00,22.3
2025-06-12 22:54:00,81.0
2025-06-12 01:56:00,78.5
2025-06-12 11:00:00,8.5
2025-06-12 17:05:00,17.1
2025-06-12 18:12:00,25.3
2025-06-12 11:49:00,80.4
2025-06-12 01:59:00,67.9
2025-06-12 18:33:00,50.29152382078261
2025-06-12 22:58:00,61.9
2025-06-12 00:54:00,49.0
2025-06-12 17:37:00,33.7
2025-06-12 21:59:00,45.4
2025-06-12 23:47:00,45.9
2025-06-12 15:49:00,52.5
2025-06-12 07:20:00,50.29152382078261
2025-06-12 08:16:00,50.29152382078261
2025-06-12 18:04:00,99.4
2025-06-12 14:55:00,50.29152382078261
2025-06-12 02:37:00,85.8
2025-06-12 18:30:00,35.0
2025-06-12 03:09:00,20.1
2025-06-12 15:34:00,10.2
2025-06-12 02:03:00,72.3
2025-06-12 10:13:00,93.8
2025-06-12 00:02:00,50.29152382078261
2025-06-12 05:08:00,95.8
2025-06-12 11:13:00,63.1
2025-06-12 23:32:00,81.1
2025-06-12 12:41:00,48.0
2025-06-12 17:44:00,92.5
2025-06-12 06:12:00,15.9
2025-06-12 01:21:00,19.2
2025-06-12 15:56:00,52.1
2025-06-12 18:59:00,40.1
2025-06-12 07:16:00,62.5
2025-06-12 20:11:00,53.0
2025-06-12 01:34:00,99.9
2025-06-12 03:13:00,62.0
2025-06-12 12:16:00,60.3
2025-06-12 17:36:00,25.4
2025-06-12 09:10:00,90.2
2025-06-12 05:49:00,63.9
2025-06-12 07:54:00,1.9
2025-06-12 08:03:00,6.1
2025-06-12 20:00:00,50.29152382078261
2025-06-12 19:15:00,97.7
2025-06-12 07:14:00,73.5
2025-06-12 05:10:00,58.9
2025-06-12 14:07:00,19.0
2025-06-12 15:14:00,50.29152382078261
2025-06-12 18:55:00,81.3
2025-06-12 19:51:00,12.2
2025-06-12 06:04:00,50.15830883217688
2025-06-12 18:43:00,92.7
2025-06-12 14:58:00,2.2
2025-06-12 19:42:00,80.5
2025-06-12 12:01:00,45.4
2025-06-12 07:25:00,15.7
2025-06-12 02:08:00,51.5
2025-06-12 17:31:00,3.7
2025-06-12 07:43:00,27.7
2025-06-12 22:12:00,13.3
2025-06-12 06:26:00,97.1
2025-06-12 04:18:00,77.3
2025-06-12 12:13:00,36.1
2025-06-12 21:20:00,38.6
2025-06-12 04:30:00,50.15830883217688
2025-06-12 05:10:00,1.3
2025-06-12 12:22:00,14.3
2025-06-12 01:56:00,41.1
2025-06-12 08:52:00,16.9
2025-06-12 02:58:00,50.15830883217688
2025-06-12 05:36:00,39.3
2025-06-12 00:40:00,42.6
2025-06-12 02:13:00,78.1
2025-06-12 19:02:00,50.15830883217688
2025-06-12 23:22:00,50.15830883217688
2025-06-12 03:16:00,88.0
2025-06-12 14:13:00,13.0
2025-06-12 00:51:00,9.5
2025-06-12 09:50:00,77.8
2025-06-12 21:43:00,93.4
2025-06-12 08:48:00,50.15830883217688
2025-06-12 09:59:00,18.6
2025-06-12 05:32:00,41.0
2025-06-12 14:16:00,97.0
2025-06-12 05:45:00,50.15830883217688
2025-06-12 01:08:00,82.5
2025-06-12 11:18:00,92.6
2025-06-12 18:33:00,97.5
2025-06-12 09:54:00,50.15830883217688
2025-06-12 05:21:00,20.2
2025-06-12 14:33:00,81.9
2025-06-12 18:44:00,99.1
2025-06-12 07:07:00,89.1
2025-06-12 09:57:00,58.8
2025-06-12 23:27:00,50.15830883217688
2025-06-12 12:32:00,32.2
2025-06-12 03:36:00,61.3
2025-06-12 13:12:00,45.5
2025-06-12 06:25:00,50.15830883217688
2025-06-12 20:50:00,38.4
2025-06-12 20:45:00,50.15830883217688
2025-06-12 22:10:00,49.9
2025-06-12 22:16:00,30.9
2025-06-12 09:40:00,86.0
2025-06-12 02:31:00,64.6
2025-06-12 08:00:00,50.15830883217688
2025-06-12 19:12:00,46.1
2025-06-12 18:27:00,50.15830883217688
2025-06-12 08:03:00,80.5
2025-06-12 18:23:00,51.3
2025-06-12 18:15:00,75.9
2025-06-12 05:09:00,3.3
2025-06-12 17:39:00,38.9
2025-06-12 12:24:00,21.4
2025-06-12 03:51:00,50.15830883217688
2025-06-12 00:38:00,50.15830883217688
2025-06-12 07:13:00,14.9
2025-06-12 10:12:00,66.1
2025-06-12 15:33:00,50.3
2025-06-12 07:22:00,47.0
2025-06-12 01:04:00,78.0
2025-06-12 02:07:00,20.1
2025-06-12 06:21:00,45.8
2025-06-12 04:07:00,3.9
2025-06-12 14:53:00,16.8
2025-06-12 23:39:00,74.7
2025-06-12 08:26:00,63.8
2025-06-12 02:42:00,59.2
2025-06-12 06:53:00,54.9
2025-06-12 16:42:00,72.1
2025-06-12 12:17:00,50.15830883217688
2025-06-12 19:01:00,37.4
2025-06-12 06:40:00,62.4
2025-06-12 07:42:00,12.0
2025-06-12 18:07:00,0.6
2025-06-12 16:51:00,90.6
2025-06-12 04:23:00,45.8
2025-06-12 04:04:00,99.9
2025-06-12 22:59:00,97.5
2025-06-12 05:18:00,28.4
2025-06-12 17:12:00,61.7
2025-06-12 18:47:00,89.4
2025-06-12 18:51:00,93.9
2025-06-12 19:18:00,99.0
2025-06-12 05:48:00,71.1
2025-06-12 06:16:00,50.15830883217688
2025-06-12 05:22:00,50.15830883217688
2025-06-12 05:54:00,37.3
2025-06-12 18:10:00,8.6
2025-06-12 12:33:00,6.2
2025-06-12 21:25:00,19.9
2025-06-12 10:57:00,50.15830883217688
2025-06-12 22:20:00,44.5
2025-06-12 12:50:00,33.6
2025-06-12 00:11:00,47.2
2025-06-12 04:45:00,74.4
2025-06-12 13:55:00,4.5
2025-06-12 06:28:00,66.8
2025-06-12 03:10:00,10.3
2025-06-12 23:28:00,75.7
2025-06-12 04:58:00,59.4
2025-06-12 03:41:00,79.7
2025-06-12 21:08:00,58.0
2025-06-12 20:42:00,28.6
2025-06-12 21:04:00,50.15830883217688
2025-06-12 13:35:00,34.0
2025-06-12 04:10:00,55.2
2025-06-12 13:16:00,8.4
2025-06-12 07:20:00,43.1
2025-06-12 18:06:00,66.5
2025-06-12 07:14:00,65.5
2025-06-12 13:47:00,28.7
2025-06-12 03:01:00,51.8
2025-06-12 21:50:00,7.9
2025-06-12 07:28:00,97.7
2025-06-12 07:00:00,15.9
2025-06-12 23:51:00,1.3
2025-06-12 06:45:00,8.0
2025-06-12 11:31:00,61.8
2025-06-12 01:10:00,5.6
2025-06-12 05:42:00,6.1
2025-06-12 16:39:00,48.3
2025-06-12 21:58:00,30.6
2025-06-12 17:36:00,95.8
2025-06-12 09:30:00,36.7
2025-06-12 20:49:00,55.7
2025-06-12 09:32:00,50.15830883217688
2025-06-12 00:28:00,50.15830883217688
2025-06-12 10:29:00,24.6
2025-06-12 16:46:00,67.8
2025-06-12 07:16:00,50.15830883217688
2025-06-12 03:05:00,42.7
2025-06-12 16:08:00,90.8
2025-06-12 02:22:00,24.2
2025-06-12 00:13:00,56.2
2025-06-12 07:56:00,38.5
2025-06-12 22:50:00,85.0
2025-06-12 23:36:00,92.8
2025-06-12 01:35:00,32.3
2025-06-12 09:29:00,84.9
2025-06-12 16:20:00,15.5
2025-06-12 11:39:00,46.7
2025-06-12 23:05:00,81.7
2025-06-12 10:48:00,50.15830883217688
2025-06-12 07:17:00,29.5
2025-06-12 00:21:00,62.4
2025-06-12 17:18:00,79.7
2025-06-12 17:33:00,90.8
2025-06-12 10:14:00,3.2
2025-06-12 17:00:00,8.8
2025-06-12 07:46:00,74.6
2025-06-12 05:15:00,33.4
2025-06-12 15:08:00,60.7
2025-06-12 00:18:00,95.0
2025-06-12 13:11:00,49.3
2025-06-12 19:23:00,50.15830883217688
2025-06-12 17:28:00,44.9
2025-06-12 16:15:00,25.8
2025-06-12 06:55:00,96.6
2025-06-12 00:29:00,59.5
2025-06-12 21:32:00,50.15830883217688
2025-06-12 22:39:00,77.9
2025-06-12 01:32:00,83.5
2025-06-12 15:16:00,97.0
2025-06-12 04:06:00,14.3
2025-06-12 20:56:00,86.7
2025-06-12 14:00:00,84.5
2025-06-12 08:39:00,58.1
2025-06-12 23:49:00,29.2
2025-06-12 07:24:00,92.2
2025-06-12 20:48:00,54.5
2025-06-12 17:05:00,98.8
2025-06-12 19:17:00,12.3
2025-06-12 20:18:00,50.15830883217688
2025-06-12 17:19:00,50.15830883217688
2025-06-12 18:36:00,22.0
2025-06-12 08:49:00,43.4
2025-06-12 18:45:00,48.1
2025-06-12 00:50:00,79.5
2025-06-12 10:23:00,41.1
2025-06-12 14:19:00,71.0
2025-06-12 01:18:00,55.1
2025-06-12 17:35:00,50.15830883217688
2025-06-12 19:56:00,57.2
2025-06-12 22:52:00,92.8
2025-06-12 06:42:00,84.5
2025-06-12 20:28:00,84.2
2025-06-12 04:28:00,25.8
2025-06-12 05:07:00,50.15830883217688
2025-06-12 16:02:00,43.5
2025-06-12 10:32:00,74.3
2025-06-12 12:56:00,9.7
2025-06-12 11:11:00,2.9
2025-06-12 08:15:00,70.0
2025-06-12 06:13:00,50.15830883217688
2025-06-12 09:51:00,78.8
2025-06-12 19:55:00,59.5
2025-06-12 01:46:00,90.1
2025-06-12 01:44:00,46.2
2025-06-12 11:57:00,39.2
2025-06-12 23:29:00,6.6
2025-06-12 20:43:00,39.8
2025-06-12 03:06:00,50.15830883217688
2025-06-12 12:59:00,8.4
2025-06-12 03:20:00,69.2
2025-06-12 12:16:00,50.15830883217688
2025-06-12 05:28:00,86.4
2025-06-12 07:59:00,90.7
2025-06-12 22:28:00,64.9
2025-06-12 21:52:00,66.7
2025-06-12 03:38:00,54.0
2025-06-12 21:10:00,1.3
2025-06-12 00:33:00,43.6
2025-06-12 19:31:00,59.0
2025-06-12 03:46:00,50.15830883217688
2025-06-12 22:47:00,48.5
2025-06-12 17:14:00,83.4
2025-06-12 08:18:00,61.7
2025-06-12 20:35:00,6.5
2025-06-12 06:18:00,80.5
2025-06-12 09:18:00,86.3
2025-06-12 09:05:00,37.2
2025-06-12 21:28:00,39.2
2025-06-12 13:57:00,40.0
2025-06-12 21:18:00,75.4
2025-06-12 14:50:00,98.8
2025-06-12 17:03:00,56.9
2025-06-12 19:33:00,72.5
2025-06-12 01:06:00,37.6
2025-06-12 04:56:00,50.15830883217688
2025-06-12 11:16:00,50.15830883217688
2025-06-12 22:05:00,30.0
2025-06-12 11:33:00,69.3
2025-06-12 03:34:00,32.8
2025-06-12 16:17:00,16.6
2025-06-12 13:31:00,50.15830883217688
2025-06-12 05:44:00,12.8
2025-06-12 08:58:00,28.3
2025-06-12 17:52:00,66.4
2025-06-12 19:35:00,27.1
2025-06-12 04:14:00,97.5
2025-06-12 03:23:00,85.2
2025-06-12 19:03:00,4.7
2025-06-12 06:12:00,50.15830883217688
2025-06-12 07:09:00,81.9
2025-06-12 06:09:00,86.8
2025-06-12 01:30:00,17.4
2025-06-12 15:42:00,50.15830883217688
2025-06-12 12:03:00,59.8
2025-06-12 11:43:00,50.15830883217688
2025-06-12 05:27:00,25.2
2025-06-12 10:03:00,70.5
2025-06-12 13:37:00,85.5
2025-06-12 08:55:00,97.2
2025-06-12 10:09:00,22.4
2025-06-12 19:45:00,8.3
2025-06-12 11:07:00,50.15830883217688
2025-06-12 15:15:00,82.9
2025-06-12 06:44:00,61.0
2025-06-12 15:32:00,75.3
2025-06-12 19:38:00,69.4
2025-06-12 03:17:00,42.9
2025-06-12 00:44:00,45.2
2025-06-12 13:54:00,50.15830883217688
2025-06-12 01:07:00,92.1
2025-06-12 09:04:00,83.2
2025-06-12 03:12:00,89.1
2025-06-12 06:05:00,40.7
2025-06-12 19:19:00,68.8
2025-06-12 05:57:00,92.9
2025-06-12 06:46:00,50.15830883217688
2025-06-12 08:10:00,94.9
2025-06-12 08:36:00,81.2
2025-06-12 21:41:00,42.3
2025-06-12 23:53:00,46.9
2025-06-12 09:27:00,16.9
2025-06-12 19:13:00,52.2
2025-06-12 05:59:00,85.0
2025-06-12 07:21:00,29.6
2025-06-12 09:11:00,15.9
2025-06-12 20:36:00,12.8
2025-06-12 06:19:00,76.9
2025-06-12 00:42:00,63.4
2025-06-12 03:22:00,98.4
2025-06-12 14:02:00,32.1
2025-06-12 10:06:00,3.4
2025-06-12 18:39:00,51.2
2025-06-12 13:06:00,36.5
2025-06-12 21:22:00,61.6
2025-06-12 02:30:00,31.5
2025-06-12 10:44:00,68.5
2025-06-12 02:12:00,4.6
2025-06-12 13:43:00,50.5
2025-06-12 03:18:00,50.8
2025-06-12 08:57:00,75.9
2025-06-12 07:11:00,19.9
2025-06-12 22:45:00,20.9
2025-06-12 14:51:00,83.4
2025-06-12 13:17:00,50.05645730416373
2025-06-12 18:18:00,47.7
2025-06-12 10:43:00,52.3
2025-06-12 01:47:00,36.0
2025-06-12 10:14:00,62.1
2025-06-12 09:55:00,50.05645730416373
2025-06-12 07:00:00,40.3
2025-06-12 14:13:00,1.5
2025-06-12 11:30:00,25.3
2025-06-12 08:54:00,80.8
2025-06-12 17:34:00,80.2
2025-06-12 22:40:00,64.2
2025-06-12 06:13:00,88.4
2025-06-12 03:56:00,41.7
2025-06-12 02:16:00,17.3
2025-06-12 04:16:00,47.6
2025-06-12 21:14:00,7.9
2025-06-12 07:05:00,50.05645730416373
2025-06-12 01:50:00,41.1
2025-06-12 23:32:00,9.2
2025-06-12 11:52:00,28.0
2025-06-12 23:50:00,47.1
2025-06-12 15:22:00,3.9
2025-06-12 16:00:00,87.0
2025-06-12 00:44:00,73.7
2025-06-12 16:10:00,72.3
2025-06-12 14:14:00,5.2
2025-06-12 19:45:00,55.2
2025-06-12 02:54:00,50.05645730416373
2025-06-12 22:42:00,81.9
2025-06-12 12:02:00,50.05645730416373
2025-06-12 18:55:00,50.05645730416373
2025-06-12 18:44:00,50.9
2025-06-12 02:50:00,25.6
2025-06-12 10:27:00,50.05645730416373
2025-06-12 10:45:00,58.5
2025-06-12 15:17:00,36.6
2025-06-12 08:28:00,17.8
2025-06-12 11:45:00,45.4
2025-06-12 03:12:00,42.9
2025-06-12 23:58:00,50.05645730416373
2025-06-12 22:56:00,64.3
2025-06-12 22:08:00,31.8
2025-06-12 20:29:00,50.05645730416373
2025-06-12 06:22:00,85.3
2025-06-12 00:47:00,37.4
2025-06-12 00:35:00,79.9
2025-06-12 14:30:00,47.9
2025-06-12 21:49:00,69.3
2025-06-12 20:49:00,50.05645730416373
2025-06-12 14:47:00,68.6
2025-06-12 23:07:00,17.7
2025-06-12 06:52:00,59.1
2025-06-12 19:24:00,75.8
2025-06-12 02:09:00,68.1
2025-06-12 12:27:00,58.4
2025-06-12 20:22:00,50.05645730416373
2025-06-12 06:17:00,50.05645730416373
2025-06-12 20:32:00,56.9
2025-06-12 17:01:00,85.7
2025-06-12 04:06:00,19.9
2025-06-12 12:23:00,41.1
2025-06-12 06:39:00,57.0
2025-06-12 03:51:00,44.6
2025-06-12 13:08:00,73.1
2025-06-12 04:37:00,90.5
2025-06-12 04:25:00,30.6
2025-06-12 11:03:00,26.9
2025-06-12 03:21:00,76.1
2025-06-12 22:24:00,69.7
2025-06-12 03:09:00,83.9
2025-06-12 22:20:00,30.9
2025-06-12 12:04:00,22.5
2025-06-12 22:15:00,28.7
2025-06-12 23:30:00,80.1
2025-06-12 22:01:00,93.3
2025-06-12 21:06:00,50.05645730416373
2025-06-12 01:33:00,17.5
2025-06-12 04:48:00,47.1
2025-06-12 19:34:00,99.7
2025-06-12 18:17:00,39.3
2025-06-12 11:25:00,24.8
2025-06-12 14:42:00,97.3
2025-06-12 03:11:00,39.1
2025-06-12 16:29:00,50.05645730416373
2025-06-12 06:33:00,50.05645730416373
2025-06-12 22:09:00,50.05645730416373
2025-06-12 18:16:00,94.8
2025-06-12 03:16:00,60.1
2025-06-12 16:36:00,31.6
2025-06-12 18:32:00,95.5
2025-06-12 17:30:00,60.3
2025-06-12 22:29:00,64.7
2025-06-12 09:17:00,25.1
2025-06-12 11:59:00,50.05645730416373
2025-06-12 10:26:00,26.4
2025-06-12 16:40:00,76.3
2025-06-12 09:07:00,80.2
2025-06-12 12:06:00,19.2
2025-06-12 18:47:00,22.2
2025-06-12 11:11:00,43.6
2025-06-12 04:07:00,73.9
2025-06-12 17:40:00,95.8
2025-06-12 08:37:00,93.6
2025-06-12 01:11:00,43.6
2025-06-12 21:34:00,60.1
2025-06-12 16:20:00,23.2
2025-06-12 12:52:00,5.3
2025-06-12 17:38:00,12.7
2025-06-12 14:44:00,49.5
2025-06-12 13:14:00,50.05645730416373
2025-06-12 08:16:00,86.4
2025-06-12 13:28:00,20.4
2025-06-12 05:41:00,13.8
2025-06-12 08:17:00,51.2
2025-06-12 03:20:00,72.6
2025-06-12 14:57:00,50.05645730416373
2025-06-12 05:37:00,37.0
2025-06-12 15:53:00,64.5
2025-06-12 11:01:00,2.8
2025-06-12 07:10:00,47.0
2025-06-12 11:43:00,93.3
2025-06-12 20:31:00,91.6
2025-06-12 09:56:00,13.4
2025-06-12 05:58:00,95.3
2025-06-12 14:20:00,50.05645730416373
2025-06-12 01:38:00,6.6
2025-06-12 05:17:00,56.3
2025-06-12 02:44:00,92.7
2025-06-12 08:43:00,49.2
2025-06-12 19:17:00,55.5
2025-06-12 23:23:00,97.4
2025-06-12 13:35:00,11.6
2025-06-12 23:13:00,87.8
2025-06-12 16:39:00,15.8
2025-06-12 02:34:00,61.3
2025-06-12 07:25:00,51.6
2025-06-12 12:49:00,21.9
2025-06-12 08:21:00,29.2
2025-06-12 18:58:00,11.3
2025-06-12 07:38:00,47.9
2025-06-12 15:39:00,9.5
2025-06-12 07:45:00,7.9
2025-06-12 03:01:00,16.4
2025-06-12 18:00:00,59.3
2025-06-12 14:03:00,16.5
2025-06-12 12:39:00,28.2
2025-06-12 01:13:00,50.05645730416373
2025-06-12 04:33:00,50.05645730416373
2025-06-12 04:13:00,89.7
2025-06-12 06:29:00,32.8
2025-06-12 14:23:00,20.3
2025-06-12 02:31:00,50.05645730416373
2025-06-12 07:04:00,68.8
2025-06-12 06:35:00,33.6
2025-06-12 16:19:00,85.4
2025-06-12 08:30:00,50.05645730416373
2025-06-12 10:00:00,77.8
2025-06-12 04:40:00,50.05645730416373
2025-06-12 21:05:00,15.9
2025-06-12 15:59:00,92.1
2025-06-12 01:42:00,87.2
2025-06-12 01:56:00,60.1
2025-06-12 20:13:00,31.1
2025-06-12 13:21:00,63.3
2025-06-12 21:33:00,5.1
2025-06-12 00:07:00,38.8
2025-06-12 19:42:00,50.05645730416373
2025-06-12 01:21:00,31.6
2025-06-12 08:42:00,28.7
2025-06-12 18:43:00,35.9
2025-06-12 09:48:00,49.7
2025-06-12 19:00:00,43.5
2025-06-12 15:18:00,50.05645730416373
2025-06-12 07:54:00,50.05645730416373
2025-06-12 19:23:00,35.4
2025-06-12 11:26:00,12.4
2025-06-12 03:14:00,21.6
2025-06-12 05:16:00,71.8
2025-06-12 21:47:00,74.7
2025-06-12 14:08:00,50.05645730416373
2025-06-12 22:50:00,38.4
2025-06-12 22:07:00,80.3
2025-06-12 18:41:00,1.9
2025-06-12 15:51:00,50.05645730416373
2025-06-12 15:52:00,69.5
2025-06-12 19:26:00,50.05645730416373
2025-06-12 08:22:00,68.0
2025-06-12 16:41:00,50.05645730416373
2025-06-12 00:52:00,2.8
2025-06-12 00:22:00,50.05645730416373
2025-06-12 09:16:00,83.5
2025-06-12 04:11:00,97.0
2025-06-12 09:35:00,27.4
2025-06-12 01:15:00,35.3
2025-06-12 09:37:00,71.5
2025-06-12 00:10:00,76.5
2025-06-12 06:58:00,90.1
2025-06-12 11:41:00,58.3
2025-06-12 20:53:00,0.7
2025-06-12 05:19:00,18.9
2025-06-12 16:54:00,50.05645730416373
2025-06-12 11:37:00,27.3
2025-06-12 14:28:00,50.05645730416373
2025-06-12 21:19:00,67.6
2025-06-12 19:21:00,46.6
2025-06-12 06:28:00,37.3
2025-06-12 01:48:00,67.8
2025-06-12 03:50:00,50.05645730416373
2025-06-12 21:04:00,98.1
2025-06-12 18:56:00,73.2
2025-06-12 21:43:00,58.7
2025-06-12 18:21:00,32.7
2025-06-12 13:15:00,61.5
2025-06-12 23:41:00,21.4
2025-06-12 05:51:00,16.5
2025-06-12 06:20:00,87.4
2025-06-12 13:05:00,56.6
2025-06-12 00:23:00,27.6
2025-06-12 18:39:00,56.5
2025-06-12 18:28:00,91.5
2025-06-12 02:57:00,50.05645730416373
2025-06-12 07:16:00,86.9
2025-06-12 00:14:00,4.7
2025-06-12 21:22:00,48.2
2025-06-12 04:08:00,18.3
2025-06-12 18:11:00,8.6
2025-06-12 10:38:00,1.2
2025-06-12 03:54:00,12.2
2025-06-12 00:01:00,89.9
2025-06-12 16:08:00,50.05645730416373
2025-06-12 10:11:00,39.3
2025-06-12 22:21:00,64.9
2025-06-12 23:57:00,7.1
2025-06-12 17:27:00,15.5
2025-06-12 16:52:00,75.6
2025-06-12 05:04:00,77.5
2025-06-12 01:23:00,63.1
2025-06-12 03:15:00,0.9
2025-06-12 03:52:00,50.05645730416373
2025-06-12 15:45:00,9.9
2025-06-12 23:29:00,50.05645730416373
2025-06-12 02:10:00,92.8
2025-06-12 23:53:00,58.2
2025-06-12 02:33:00,38.7
2025-06-12 03:57:00,50.05645730416373
2025-06-12 01:03:00,28.1
2025-06-12 20:25:00,72.1
2025-06-12 00:02:00,61.0
2025-06-12 19:15:00,24.9
2025-06-12 15:25:00,43.3
2025-06-12 07:07:00,73.3
2025-06-12 06:54:00,62.9
2025-06-12 16:18:00,60.1
2025-06-12 02:00:00,9.8
2025-06-12 23:02:00,50.05645730416373
2025-06-12 12:09:00,77.7
2025-06-12 19:58:00,28.4
2025-06-12 06:37:00,64.6
2025-06-12 15:44:00,40.8
2025-06-12 13:53:00,14.8
2025-06-12 11:07:00,28.6
2025-06-12 09:25:00,64.2
2025-06-12 15:35:00,31.3
2025-06-12 09:38:00,56.2
2025-06-12 00:36:00,3.7
2025-06-12 21:23:00,50.05645730416373
2025-06-12 23:42:00,67.8
2025-06-12 15:19:00,26.2
2025-06-12 03:04:00,37.7
2025-06-12 23:11:00,28.0
2025-06-12 20:58:00,66.4
2025-06-12 01:17:00,70.7
2025-06-12 06:19:00,59.1
2025-06-12 11:19:00,3.8
2025-06-12 05:57:00,7.9
2025-06-12 11:18:00,67.6
2025-06-12 18:03:00,34.8
2025-06-12 06:08:00,23.2
2025-06-12 11:02:00,50.05645730416373
2025-06-12 15:03:00,50.05645730416373
2025-06-12 17:08:00,50.05645730416373
2025-06-12 05:49:00,36.4
2025-06-12 02:58:00,64.5
2025-06-12 12:45:00,8.0
2025-06-12 11:05:00,21.4
2025-06-12 03:36:00,98.7
2025-06-12 21:25:00,55.2
2025-06-12 20:38:00,96.6
2025-06-12 14:18:00,24.1
2025-06-12 02:36:00,50.05645730416373
2025-06-12 19:36:00,68.1
2025-06-12 00:38:00,27.5
2025-06-12 22:28:00,99.1
2025-06-12 15:58:00,11.3
2025-06-12 15:50:00,85.0
2025-06-12 12:35:00,14.6
2025-06-12 13:09:00,87.8
2025-06-12 08:13:00,15.2
2025-06-12 01:51:00,43.3
2025-06-12 10:47:00,20.5
2025-06-12 16:04:00,10.8
2025-06-12 23:39:00,69.0
2025-06-12 05:39:00,40.8
2025-06-12 05:08:00,29.4
2025-06-12 08:27:00,38.3
2025-06-12 21:44:00,1.1
2025-06-12 10:24:00,20.3
2025-06-12 17:41:00,71.1
2025-06-12 14:58:00,49.90502819548872
2025-06-12 12:45:00,95.3
2025-06-12 01:00:00,84.1
2025-06-12 12:12:00,42.1
2025-06-12 12:34:00,49.90502819548872
2025-06-12 20:12:00,5.9
2025-06-12 08:58:00,98.1
2025-06-12 07:12:00,44.1
2025-06-12 13:03:00,5.7
2025-06-12 15:14:00,83.2
2025-06-12 15:48:00,26.8
2025-06-12 04:23:00,19.6
2025-06-12 18:24:00,72.0
2025-06-12 22:15:00,61.1
2025-06-12 01:28:00,28.3
2025-06-12 01:44:00,52.4
2025-06-12 07:32:00,49.90502819548872
2025-06-12 19:17:00,54.5
2025-06-12 10:51:00,49.0
2025-06-12 01:03:00,94.7
2025-06-12 22:46:00,5.8
2025-06-12 09:21:00,57.3
2025-06-12 22:39:00,49.90502819548872
2025-06-12 20:49:00,49.90502819548872
2025-06-12 14:40:00,68.5
2025-06-12 13:42:00,59.4
2025-06-12 02:08:00,62.5
2025-06-12 20:22:00,90.5
2025-06-12 03:35:00,49.90502819548872
2025-06-12 22:11:00,42.9
2025-06-12 03:50:00,11.8
2025-06-12 01:34:00,49.90502819548872
2025-06-12 16:35:00,27.7
2025-06-12 10:12:00,1.3
2025-06-12 01:05:00,14.2
2025-06-12 11:20:00,24.9
2025-06-12 08:32:00,53.2
2025-06-12 19:23:00,50.0
2025-06-12 09:29:00,42.7
2025-06-12 15:42:00,5.4
2025-06-12 09:34:00,76.8
2025-06-12 22:42:00,61.5
2025-06-12 14:06:00,11.8
2025-06-12 23:34:00,9.1
2025-06-12 10:14:00,49.90502819548872
2025-06-12 20:55:00,46.5
2025-06-12 10:42:00,4.5
2025-06-12 13:53:00,61.0
2025-06-12 23:11:00,84.9
2025-06-12 12:33:00,73.8
2025-06-12 09:47:00,33.7
2025-06-12 09:12:00,57.8
2025-06-12 06:18:00,49.90502819548872
2025-06-12 06:19:00,3.5
2025-06-12 17:23:00,49.90502819548872
2025-06-12 16:01:00,1.6
2025-06-12 07:03:00,27.1
2025-06-12 16:02:00,49.90502819548872
2025-06-12 16:40:00,85.6
2025-06-12 00:02:00,80.8
2025-06-12 07:08:00,58.9
2025-06-12 00:44:00,75.4
2025-06-12 05:55:00,47.0
2025-06-12 16:36:00,44.6
2025-06-12 04:49:00,8.4
2025-06-12 16:57:00,60.3
2025-06-12 14:24:00,23.3
2025-06-12 01:46:00,79.6
2025-06-12 09:08:00,63.1
2025-06-12 08:12:00,78.5
2025-06-12 12:20:00,46.3
2025-06-12 09:55:00,49.90502819548872
2025-06-12 21:01:00,52.9
2025-06-12 00:57:00,39.7
2025-06-12 19:50:00,70.0
2025-06-12 03:20:00,3.4
2025-06-12 15:07:00,49.90502819548872
2025-06-12 16:56:00,60.5
2025-06-12 04:25:00,49.90502819548872
2025-06-12 02:06:00,64.5
2025-06-12 03:38:00,49.90502819548872
2025-06-12 14:07:00,49.90502819548872
2025-06-12 19:48:00,5.0
2025-06-12 20:25:00,86.4
2025-06-12 04:50:00,34.5
2025-06-12 15:54:00,3.5
2025-06-12 19:42:00,89.7
2025-06-12 23:16:00,49.90502819548872
2025-06-12 14:37:00,3.3
2025-06-12 23:47:00,92.9
2025-06-12 05:43:00,19.6
2025-06-12 02:38:00,4.6
2025-06-12 20:26:00,68.1
2025-06-12 21:22:00,76.8
2025-06-12 08:27:00,80.0
2025-06-12 19:15:00,23.4
2025-06-12 11:53:00,51.7
2025-06-12 07:25:00,72.5
2025-06-12 17:34:00,39.0
2025-06-12 19:26:00,28.9
2025-06-12 03:22:00,80.8
2025-06-12 17:56:00,51.3
2025-06-12 11:03:00,49.90502819548872
2025-06-12 07:13:00,15.1
2025-06-12 01:33:00,89.1
2025-06-12 19:45:00,23.0
2025-06-12 20:51:00,17.6
2025-06-12 22:24:00,53.9
2025-06-12 14:18:00,89.2
2025-06-12 19:22:00,94.1
2025-06-12 06:26:00,49.90502819548872
2025-06-12 19:08:00,67.7
2025-06-12 18:41:00,94.7
2025-06-12 22:36:00,11.6
2025-06-12 05:40:00,29.1
2025-06-12 10:21:00,66.4
2025-06-12 11:59:00,59.1
2025-06-12 09:23:00,76.8
2025-06-12 19:24:00,92.2
2025-06-12 22:38:00,49.90502819548872
2025-06-12 15:09:00,29.7
2025-06-12 18:23:00,41.9
2025-06-12 18:59:00,49.90502819548872
2025-06-12 02:40:00,24.7
2025-06-12 19:31:00,9.3
2025-06-12 03:15:00,94.4
2025-06-12 12:02:00,70.4
2025-06-12 06:06:00,19.9
2025-06-12 06:36:00,86.0
2025-06-12 18:05:00,8.0
2025-06-12 10:05:00,49.90502819548872
2025-06-12 19:09:00,59.6
2025-06-12 16:05:00,97.6
2025-06-12 20:53:00,98.9
2025-06-12 09:39:00,49.90502819548872
2025-06-12 00:35:00,86.2
2025-06-12 05:13:00,54.4
2025-06-12 03:27:00,73.6
2025-06-12 17:07:00,84.0
2025-06-12 21:57:00,96.1
2025-06-12 10:55:00,89.4
2025-06-12 08:56:00,99.1
2025-06-12 18:46:00,47.0
2025-06-12 05:10:00,42.3
2025-06-12 06:01:00,14.4
2025-06-12 02:43:00,21.8
2025-06-12 22:13:00,29.3
2025-06-12 19:59:00,49.90502819548872
2025-06-12 22:43:00,92.5
2025-06-12 17:26:00,49.90502819548872
2025-06-12 19:13:00,32.2
2025-06-12 17:05:00,85.0
2025-06-12 10:20:00,4.0
2025-06-12 15:27:00,14.3
2025-06-12 08:43:00,36.1
2025-06-12 06:42:00,13.9
2025-06-12 09:44:00,31.6
2025-06-12 05:35:00,50.1
2025-06-12 21:04:00,11.3
2025-06-12 15:33:00,49.90502819548872
2025-06-12 09:46:00,49.90502819548872
2025-06-12 06:38:00,68.9
2025-06-12 02:10:00,29.8
2025-06-12 01:14:00,33.0
2025-06-12 03:02:00,24.5
2025-06-12 05:17:00,49.90502819548872
2025-06-12 05:23:00,49.90502819548872
2025-06-12 00:52:00,87.9
2025-06-12 08:17:00,83.2
2025-06-12 17:38:00,88.8
2025-06-12 00:22:00,90.2
2025-06-12 19:38:00,3.8
2025-06-12 06:12:00,88.0
2025-06-12 21:02:00,49.90502819548872
2025-06-12 23:18:00,61.2
2025-06-12 12:53:00,76.6
2025-06-12 20:38:00,63.0
2025-06-12 20:08:00,33.5
2025-06-12 13:20:00,0.2
2025-06-12 11:21:00,6.7
2025-06-12 11:48:00,16.2
2025-06-12 03:54:00,53.7
2025-06-12 01:18:00,13.2
2025-06-12 06:09:00,30.3
2025-06-12 15:55:00,19.5
2025-06-12 02:00:00,58.7
2025-06-12 16:54:00,60.3
2025-06-12 05:47:00,37.7
2025-06-12 01:11:00,80.8
2025-06-12 12:59:00,52.2
2025-06-12 10:23:00,32.6
2025-06-12 21:45:00,8.5
2025-06-12 10:11:00,49.90502819548872
2025-06-12 19:53:00,62.2
2025-06-12 05:01:00,41.8
2025-06-12 17:03:00,52.2
2025-06-12 19:30:00,29.7
2025-06-12 20:14:00,84.5
2025-06-12 20:50:00,48.0
2025-06-12 18:20:00,49.6
2025-06-12 21:56:00,39.3
2025-06-12 11:45:00,54.0
2025-06-12 13:05:00,15.3
2025-06-12 00:54:00,41.9
2025-06-12 20:01:00,96.3
2025-06-12 13:55:00,41.0
2025-06-12 23:57:00,70.0
2025-06-12 05:07:00,30.4
2025-06-12 22:50:00,88.9
2025-06-12 15:03:00,76.1
2025-06-12 20:16:00,70.5
2025-06-12 02:19:00,1.1
2025-06-12 08:04:00,35.3
2025-06-12 10:10:00,76.7
2025-06-12 11:30:00,76.4
2025-06-12 18:01:00,35.7
2025-06-12 15:18:00,25.3
2025-06-12 02:53:00,32.0
2025-06-12 06:02:00,55.0
2025-06-12 08:30:00,12.0
2025-06-12 15:17:00,8.4
2025-06-12 13:39:00,90.4
2025-06-12 16:28:00,83.9
2025-06-12 22:06:00,43.5
2025-06-12 22:00:00,49.90502819548872
2025-06-12 18:18:00,28.0
2025-06-12 07:07:00,49.90502819548872
2025-06-12 05:08:00,14.6
2025-06-12 23:26:00,11.5
2025-06-12 13:06:00,49.90502819548872
2025-06-12 03:29:00,29.2
2025-06-12 20:34:00,14.8
2025-06-12 22:44:00,75.1
2025-06-12 02:09:00,7.9
2025-06-12 01:15:00,49.90502819548872
2025-06-12 05:21:00,75.3
2025-06-12 17:54:00,45.7
2025-06-12 20:39:00,81.0
2025-06-12 06:31:00,49.90502819548872
2025-06-12 02:17:00,64.6
2025-06-12 17:14:00,32.9
2025-06-12 21:36:00,49.90502819548872
2025-06-12 12:52:00,57.0
2025-06-12 02:24:00,9.7
2025-06-12 21:49:00,49.90502819548872
2025-06-12 02:32:00,44.1
2025-06-12 00:27:00,47.6
2025-06-12 10:53:00,68.1
2025-06-12 19:57:00,40.3
2025-06-12 11:02:00,68.4
2025-06-12 23:58:00,87.2
2025-06-12 01:24:00,97.7
2025-06-12 22:54:00,56.3
2025-06-12 13:57:00,0.2
2025-06-12 15:34:00,19.2
2025-06-12 11:58:00,82.2
2025-06-12 09:24:00,57.9
2025-06-12 20:18:00,5.3
2025-06-12 10:43:00,35.4
2025-06-12 16:12:00,69.0
2025-06-12 21:25:00,44.3
2025-06-12 19:10:00,63.8
2025-06-12 22:58:00,34.0
2025-06-12 23:10:00,78.5
2025-06-12 16:32:00,71.4
2025-06-12 13:56:00,16.0
2025-06-12 20:06:00,19.3
2025-06-12 23:28:00,14.6
2025-06-12 11:17:00,49.90502819548872
2025-06-12 23:45:00,59.9
2025-06-12 03:00:00,51.9
2025-06-12 11:55:00,49.90502819548872
2025-06-12 08:33:00,7.2
2025-06-12 09:02:00,49.90502819548872
2025-06-12 09:26:00,3.9
2025-06-12 01:27:00,86.2
2025-06-12 00:43:00,35.6
2025-06-12 19:11:00,91.5
2025-06-12 03:44:00,52.7
2025-06-12 14:43:00,76.5
2025-06-12 01:04:00,49.90502819548872
2025-06-12 20:14:00,65.6
2025-06-12 14:43:00,80.8
2025-06-12 21:44:00,50.475078938135894
2025-06-12 02:21:00,40.3
2025-06-12 19:06:00,99.2
2025-06-12 16:14:00,85.5
2025-06-12 15:40:00,62.3
2025-06-12 22:29:00,66.5
2025-06-12 15:26:00,6.3
2025-06-12 12:54:00,76.2
2025-06-12 11:24:00,66.9
2025-06-12 19:12:00,85.2
2025-06-12 03:03:00,38.7
2025-06-12 16:23:00,32.4
2025-06-12 06:12:00,13.2
2025-06-12 06:57:00,73.6
2025-06-12 15:06:00,94.2
2025-06-12 17:38:00,50.475078938135894
2025-06-12 16:16:00,32.4
2025-06-12 01:52:00,73.6
2025-06-12 06:02:00,20.2
2025-06-12 02:10:00,50.475078938135894
2025-06-12 12:52:00,67.8
2025-06-12 18:41:00,64.1
2025-06-12 05:46:00,50.475078938135894
2025-06-12 01:08:00,65.7
2025-06-12 04:32:00,94.7
2025-06-12 01:04:00,84.4
2025-06-12 00:30:00,96.6
2025-06-12 18:27:00,50.475078938135894
2025-06-12 08:06:00,91.1
2025-06-12 13:13:00,1.1
2025-06-12 11:55:00,76.1
2025-06-12 20:01:00,50.475078938135894
2025-06-12 16:03:00,50.475078938135894
2025-06-12 18:51:00,0.7
2025-06-12 15:58:00,32.9
2025-06-12 21:56:00,55.9
2025-06-12 00:03:00,98.7
2025-06-12 06:06:00,98.0
2025-06-12 00:28:00,90.3
2025-06-12 19:31:00,50.2
2025-06-12 12:46:00,89.9
2025-06-12 19:04:00,50.475078938135894
2025-06-12 04:12:00,50.475078938135894
2025-06-12 06:42:00,61.2
2025-06-12 04:04:00,50.2
2025-06-12 16:52:00,16.3
2025-06-12 19:07:00,71.2
2025-06-12 07:44:00,18.1
2025-06-12 18:24:00,31.2
2025-06-12 09:22:00,87.5
2025-06-12 10:50:00,65.0
2025-06-12 22:41:00,39.3
2025-06-12 01:29:00,9.2
2025-06-12 22:09:00,50.475078938135894
2025-06-12 10:12:00,50.475078938135894
2025-06-12 13:04:00,89.0
2025-06-12 15:23:00,19.9
2025-06-12 22:33:00,98.7
2025-06-12 14:49:00,50.475078938135894
2025-06-12 07:19:00,45.7
2025-06-12 04:59:00,60.1
2025-06-12 13:06:00,69.1
2025-06-12 07:52:00,91.7
2025-06-12 22:16:00,22.0
2025-06-12 18:59:00,53.6
2025-06-12 18:55:00,23.7
2025-06-12 06:17:00,44.2
2025-06-12 05:39:00,12.7
2025-06-12 18:10:00,50.475078938135894
2025-06-12 19:28:00,99.5
2025-06-12 14:00:00,84.5
2025-06-12 00:43:00,67.4
2025-06-12 02:35:00,69.5
2025-06-12 20:18:00,19.9
2025-06-12 23:39:00,99.7
2025-06-12 05:38:00,43.4
2025-06-12 17:06:00,81.7
2025-06-12 13:55:00,89.7
2025-06-12 12:32:00,48.1
2025-06-12 20:07:00,50.475078938135894
2025-06-12 06:56:00,7.9
2025-06-12 20:36:00,29.0
2025-06-12 02:44:00,63.2
2025-06-12 11:07:00,50.475078938135894
2025-06-12 12:51:00,53.0
2025-06-12 14:03:00,75.0
2025-06-12 22:38:00,54.2
2025-06-12 10:57:00,19.1
2025-06-12 12:36:00,61.6
2025-06-12 00:42:00,50.475078938135894
2025-06-12 20:51:00,58.1
2025-06-12 04:50:00,5.2
2025-06-12 14:16:00,50.475078938135894
2025-06-12 00:34:00,35.8
2025-06-12 02:42:00,27.4
2025-06-12 05:40:00,84.3
2025-06-12 07:30:00,54.6
2025-06-12 23:45:00,95.1
2025-06-12 04:23:00,45.2
2025-06-12 01:43:00,25.7
2025-06-12 01:15:00,50.475078938135894
2025-06-12 10:51:00,39.5
2025-06-12 15:57:00,74.8
2025-06-12 23:30:00,16.5
2025-06-12 14:18:00,30.5
2025-06-12 06:10:00,64.6
2025-06-12 17:10:00,6.2
2025-06-12 16:10:00,37.6
2025-06-12 01:53:00,8.7
2025-06-12 23:43:00,50.475078938135894
2025-06-12 20:30:00,8.8
2025-06-12 06:31:00,38.0
2025-06-12 19:41:00,50.475078938135894
2025-06-12 16:46:00,65.6
2025-06-12 20:37:00,15.1
2025-06-12 14:39:00,38.0
2025-06-12 23:24:00,42.8
2025-06-12 07:34:00,20.3
2025-06-12 02:56:00,45.3
2025-06-12 15:19:00,83.6
2025-06-12 06:55:00,50.475078938135894
2025-06-12 21:12:00,74.9
2025-06-12 21:17:00,12.5
2025-06-12 09:14:00,91.1
2025-06-12 03:24:00,32.9
2025-06-12 05:06:00,53.8
2025-06-12 17:43:00,69.9
2025-06-12 05:47:00,10.6
2025-06-12 14:58:00,36.0
2025-06-12 12:59:00,18.9
2025-06-12 08:02:00,49.4
2025-06-12 13:15:00,50.475078938135894
2025-06-12 09:56:00,50.475078938135894
2025-06-12 09:13:00,36.8
2025-06-12 04:20:00,50.475078938135894
2025-06-12 09:36:00,3.1
2025-06-12 08:58:00,61.2
2025-06-12 13:56:00,48.1
2025-06-12 22:02:00,24.5
2025-06-12 20:00:00,97.3
2025-06-12 17:08:00,18.0
2025-06-12 02:40:00,72.1
2025-06-12 01:01:00,59.3
2025-06-12 13:47:00,58.5
2025-06-12 00:02:00,50.475078938135894
2025-06-12 01:07:00,75.3
2025-06-12 15:49:00,13.9
2025-06-12 21:37:00,33.0
2025-06-12 20:40:00,98.6
2025-06-12 13:23:00,34.2
2025-06-12 09:48:00,12.3
2025-06-12 17:55:00,63.1
2025-06-12 10:55:00,26.4
2025-06-12 07:08:00,79.3
2025-06-12 03:27:00,72.0
2025-06-12 16:13:00,50.475078938135894
2025-06-12 12:50:00,20.8
2025-06-12 21:21:00,50.475078938135894
2025-06-12 09:27:00,42.3
2025-06-12 01:00:00,93.1
2025-06-12 05:13:00,40.5
2025-06-12 19:02:00,60.8
2025-06-12 11:58:00,50.475078938135894
2025-06-12 05:32:00,75.4
2025-06-12 10:30:00,47.4
2025-06-12 08:54:00,20.1
2025-06-12 15:13:00,76.9
2025-06-12 23:05:00,10.7
2025-06-12 06:45:00,17.1
2025-06-12 19:26:00,21.4
2025-06-12 09:06:00,50.475078938135894
2025-06-12 07:27:00,50.475078938135894
2025-06-12 01:36:00,50.475078938135894
2025-06-12 21:58:00,58.8
2025-06-12 03:20:00,93.5
2025-06-12 17:31:00,97.1
2025-06-12 03:29:00,68.7
2025-06-12 01:09:00,67.5
2025-06-12 09:34:00,93.2
2025-06-12 11:34:00,80.3
2025-06-12 04:15:00,7.5
2025-06-12 19:00:00,79.8
2025-06-12 10:40:00,50.475078938135894
2025-06-12 16:19:00,0.5
2025-06-12 01:28:00,9.4
2025-06-12 06:41:00,21.6
2025-06-12 09:08:00,31.9
2025-06-12 17:01:00,0.9
2025-06-12 07:31:00,55.6
2025-06-12 21:01:00,15.5
2025-06-12 10:21:00,88.8
2025-06-12 05:59:00,29.6
2025-06-12 03:41:00,14.1
2025-06-12 18:52:00,76.1
2025-06-12 13:57:00,19.0
2025-06-12 15:22:00,95.8
2025-06-12 17:29:00,82.3
2025-06-12 09:30:00,35.0
2025-06-12 02:36:00,47.1
2025-06-12 04:46:00,99.4
2025-06-12 02:48:00,10.0
2025-06-12 04:41:00,50.475078938135894
2025-06-12 22:08:00,61.3
2025-06-12 12:15:00,63.0
2025-06-12 20:52:00,70.7
2025-06-12 23:08:00,96.0
2025-06-12 12:28:00,50.475078938135894
2025-06-12 02:26:00,86.4
2025-06-12 23:51:00,57.7
2025-06-12 13:26:00,85.2
2025-06-12 17:49:00,59.8
2025-06-12 20:09:00,49.8
2025-06-12 03:01:00,30.4
2025-06-12 04:55:00,50.475078938135894
2025-06-12 11:54:00,84.3
2025-06-12 09:47:00,7.4
2025-06-12 08:17:00,59.8
2025-06-12 17:03:00,38.1
2025-06-12 01:46:00,50.475078938135894
2025-06-12 15:09:00,50.475078938135894
2025-06-12 05:25:00,11.8
2025-06-12 16:40:00,46.5
2025-06-12 00:47:00,13.6
2025-06-12 17:40:00,13.1
2025-06-12 07:12:00,79.0
2025-06-12 19:47:00,76.2
2025-06-12 09:31:00,11.4
2025-06-12 10:38:00,14.5
2025-06-12 15:12:00,99.2
2025-06-12 13:34:00,0.8
2025-06-12 16:44:00,11.9
2025-06-12 18:16:00,37.2
2025-06-12 19:15:00,33.0
2025-06-12 09:29:00,93.6
2025-06-12 02:14:00,30.8
2025-06-12 08:59:00,37.2
2025-06-12 19:51:00,48.0
2025-06-12 16:05:00,26.0
2025-06-12 00:44:00,4.3
2025-06-12 03:06:00,43.9
2025-06-12 10:56:00,47.8
2025-06-12 22:17:00,57.5
2025-06-12 03:32:00,59.2
2025-06-12 04:03:00,2.4
2025-06-12 01:17:00,58.1
2025-06-12 16:38:00,55.0
2025-06-12 11:38:00,12.0
2025-06-12 15:53:00,50.475078938135894
2025-06-12 02:32:00,50.3
2025-06-12 08:39:00,20.2
2025-06-12 17:00:00,50.475078938135894
2025-06-12 00:05:00,17.6
2025-06-12 10:54:00,50.475078938135894
2025-06-12 08:13:00,68.5
2025-06-12 22:32:00,28.4
2025-06-12 13:43:00,49.5
2025-06-12 01:30:00,16.0
2025-06-12 12:33:00,64.8
2025-06-12 14:44:00,93.7
2025-06-12 21:48:00,26.9
2025-06-12 07:23:00,41.9
2025-06-12 18:22:00,59.9
2025-06-12 09:28:00,96.0
2025-06-12 14:17:00,76.1
2025-06-12 04:29:00,63.1
2025-06-12 12:14:00,46.4
2025-06-12 13:30:00,45.6
2025-06-12 03:38:00,1.0
2025-06-12 06:48:00,88.7
2025-06-12 11:14:00,13.4
2025-06-12 19:17:00,89.5
2025-06-12 13:41:00,53.4
2025-06-12 16:29:00,65.2
2025-06-12 03:10:00,59.5
2025-06-12 22:56:00,17.0
2025-06-12 15:34:00,53.7
2025-06-12 14:08:00,14.4
2025-06-12 10:36:00,50.475078938135894
2025-06-12 12:30:00,50.475078938135894
2025-06-12 02:11:00,50.475078938135894
2025-06-12 01:58:00,77.6
2025-06-12 03:11:00,31.1
2025-06-12 07:15:00,64.3
2025-06-12 09:11:00,85.3
2025-06-12 21:51:00,82.5
2025-06-12 14:55:00,24.3
2025-06-12 21:28:00,75.2
2025-06-12 19:37:00,93.2
2025-06-12 09:20:00,82.1
2025-06-12 00:14:00,50.475078938135894
2025-06-12 15:27:00,80.6
2025-06-12 14:45:00,38.7
2025-06-12 03:33:00,50.1
2025-06-12 13:19:00,65.8
2025-06-12 22:07:00,18.1
2025-06-12 00:00:00,38.5
2025-06-12 01:45:00,21.8
2025-06-12 02:50:00,4.3
2025-06-12 06:19:00,87.1
2025-06-12 20:49:00,2.7
2025-06-12 15:47:00,53.8
2025-06-12 22:59:00,50.492298592215775
2025-06-12 04:42:00,65.4
2025-06-12 16:20:00,92.5
2025-06-12 13:49:00,50.492298592215775
2025-06-12 02:49:00,95.3
2025-06-12 16:55:00,15.6
2025-06-12 12:14:00,58.9
2025-06-12 12:46:00,50.492298592215775
2025-06-12 12:40:00,14.5
2025-06-12 15:28:00,46.3
2025-06-12 11:32:00,96.7
2025-06-12 18:19:00,50.492298592215775
2025-06-12 17:59:00,29.7
2025-06-12 22:48:00,73.7
2025-06-12 03:24:00,35.5
2025-06-12 18:53:00,62.6
2025-06-12 12:48:00,63.6
2025-06-12 02:19:00,2.8
2025-06-12 20:27:00,33.7
2025-06-12 04:37:00,59.9
2025-06-12 14:01:00,30.9
2025-06-12 15:10:00,7.3
2025-06-12 19:17:00,54.2
2025-06-12 18:07:00,66.3
2025-06-12 07:26:00,78.3
2025-06-12 19:49:00,30.8
2025-06-12 14:14:00,88.2
2025-06-12 12:03:00,60.7
2025-06-12 06:38:00,98.1
2025-06-12 14:23:00,50.492298592215775
2025-06-12 00:28:00,87.6
2025-06-12 14:31:00,19.5
2025-06-12 23:41:00,84.1
2025-06-12 05:50:00,50.492298592215775
2025-06-12 11:16:00,88.3
2025-06-12 09:15:00,45.1
2025-06-12 05:45:00,20.6
2025-06-12 17:16:00,19.1
2025-06-12 01:48:00,69.4
2025-06-12 17:44:00,59.9
2025-06-12 11:21:00,95.3
2025-06-12 00:52:00,51.1
2025-06-12 15:25:00,81.4
2025-06-12 10:24:00,3.9
2025-06-12 22:14:00,37.8
2025-06-12 14:42:00,14.2
2025-06-12 23:49:00,62.9
2025-06-12 02:38:00,82.7
2025-06-12 14:28:00,26.0
2025-06-12 21:05:00,5.9
2025-06-12 03:08:00,50.492298592215775
2025-06-12 17:55:00,36.2
2025-06-12 21:06:00,46.1
2025-06-12 04:26:00,69.9
2025-06-12 08:24:00,50.492298592215775
2025-06-12 23:30:00,72.1
2025-06-12 15:24:00,89.5
2025-06-12 18:56:00,99.8
2025-06-12 16:16:00,95.4
2025-06-12 15:57:00,14.7
2025-06-12 01:31:00,75.4
2025-06-12 12:55:00,10.5
2025-06-12 17:22:00,89.6
2025-06-12 23:07:00,35.6
2025-06-12 15:00:00,17.9
2025-06-12 06:05:00,50.492298592215775
2025-06-12 21:16:00,14.6
2025-06-12 15:08:00,9.7
2025-06-12 09:18:00,25.1
2025-06-12 13:11:00,65.9
2025-06-12 20:39:00,49.6
2025-06-12 15:26:00,55.6
2025-06-12 02:24:00,70.3
2025-06-12 20:15:00,52.2
2025-06-12 16:13:00,54.1
2025-06-12 08:56:00,39.8
2025-06-12 07:29:00,49.2
2025-06-12 08:50:00,5.1
2025-06-12 13:41:00,36.6
2025-06-12 17:30:00,64.3
2025-06-12 10:29:00,57.0
2025-06-12 18:22:00,80.6
2025-06-12 10:18:00,50.492298592215775
2025-06-12 17:06:00,13.5
2025-06-12 10:31:00,59.0
2025-06-12 04:12:00,50.492298592215775
2025-06-12 15:46:00,62.7
2025-06-12 20:19:00,24.3
2025-06-12 20:09:00,50.492298592215775
2025-06-12 11:15:00,6.3
2025-06-12 02:00:00,50.492298592215775
2025-06-12 05:51:00,93.7
2025-06-12 10:30:00,38.1
2025-06-12 09:51:00,86.5
2025-06-12 22:25:00,70.1
2025-06-12 15:16:00,32.3
2025-06-12 20:38:00,4.5
2025-06-12 19:31:00,13.8
2025-06-12 20:13:00,50.492298592215775
2025-06-12 06:04:00,73.4
2025-06-12 23:06:00,69.4
2025-06-12 21:51:00,17.2
2025-06-12 22:36:00,79.4
2025-06-12 00:16:00,62.3
2025-06-12 18:15:00,93.8
2025-06-12 01:38:00,99.0
2025-06-12 08:36:00,4.0
2025-06-12 01:46:00,50.492298592215775
2025-06-12 10:20:00,98.5
2025-06-12 19:09:00,76.2
2025-06-12 05:53:00,13.9
2025-06-12 16:42:00,88.3
2025-06-12 03:39:00,83.3
2025-06-12 04:04:00,52.9
2025-06-12 20:59:00,35.9
2025-06-12 15:53:00,31.4
2025-06-12 15:34:00,81.0
2025-06-12 22:57:00,30.2
2025-06-12 09:42:00,6.7
2025-06-12 13:44:00,36.7
2025-06-12 11:44:00,29.9
2025-06-12 07:32:00,71.8
2025-06-12 01:27:00,27.3
2025-06-12 18:45:00,17.9
2025-06-12 16:53:00,87.3
2025-06-12 08:31:00,49.3
2025-06-12 14:51:00,72.1
2025-06-12 15:31:00,37.2
2025-06-12 22:30:00,98.5
2025-06-12 14:36:00,82.3
2025-06-12 23:37:00,65.7
2025-06-12 20:45:00,50.492298592215775
2025-06-12 10:58:00,96.0
2025-06-12 23:56:00,34.2
2025-06-12 15:18:00,82.6
2025-06-12 10:16:00,79.5
2025-06-12 08:37:00,8.8
2025-06-12 06:52:00,54.5
2025-06-12 08:02:00,79.7
2025-06-12 14:09:00,55.8
2025-06-12 06:59:00,95.8
2025-06-12 01:05:00,87.8
2025-06-12 17:19:00,33.7
2025-06-12 06:41:00,58.4
2025-06-12 23:02:00,40.2
2025-06-12 06:12:00,95.4
2025-06-12 22:00:00,62.8
2025-06-12 17:34:00,50.492298592215775
2025-06-12 10:23:00,92.6
2025-06-12 00:36:00,15.5
2025-06-12 16:37:00,50.492298592215775
2025-06-12 06:08:00,50.492298592215775
2025-06-12 03:45:00,22.5
2025-06-12 21:49:00,95.1
2025-06-12 22:20:00,50.492298592215775
2025-06-12 11:34:00,97.4
2025-06-12 14:08:00,50.492298592215775
2025-06-12 09:23:00,47.6
2025-06-12 13:36:00,9.6
2025-06-12 12:44:00,83.8
2025-06-12 08:21:00,80.2
2025-06-12 19:07:00,47.5
2025-06-12 03:21:00,50.492298592215775
2025-06-12 02:51:00,11.7
2025-06-12 08:58:00,50.492298592215775
2025-06-12 07:49:00,50.492298592215775
2025-06-12 18:40:00,61.0
2025-06-12 12:17:00,43.8
2025-06-12 20:47:00,91.9
2025-06-12 15:59:00,59.7
2025-06-12 13:52:00,67.1
2025-06-12 17:13:00,26.7
2025-06-12 07:46:00,73.6
2025-06-12 04:15:00,50.492298592215775
2025-06-12 09:54:00,79.3
2025-06-12 17:33:00,77.7
2025-06-12 11:05:00,97.0
2025-06-12 15:47:00,34.3
2025-06-12 07:50:00,50.492298592215775
2025-06-12 04:34:00,47.8
2025-06-12 08:03:00,48.3
2025-06-12 08:22:00,27.4
2025-06-12 02:30:00,12.2
2025-06-12 05:26:00,59.3
2025-06-12 12:13:00,92.1
2025-06-12 09:25:00,68.2
2025-06-12 08:34:00,41.4
2025-06-12 23:17:00,50.492298592215775
2025-06-12 21:20:00,46.0
2025-06-12 19:14:00,50.492298592215775
2025-06-12 01:32:00,74.0
2025-06-12 01:11:00,34.5
2025-06-12 21:14:00,20.5
2025-06-12 07:41:00,64.8
2025-06-12 20:20:00,42.4
2025-06-12 11:57:00,99.8
2025-06-12 07:16:00,27.6
2025-06-12 12:30:00,4.5
2025-06-12 22:13:00,76.5
2025-06-12 08:52:00,61.6
2025-06-12 04:45:00,72.9
2025-06-12 23:14:00,87.0
2025-06-12 18:02:00,31.2
2025-06-12 10:05:00,91.8
2025-06-12 10:04:00,50.492298592215775
2025-06-12 05:19:00,56.2
2025-06-12 04:36:00,81.1
2025-06-12 13:32:00,57.5
2025-06-12 12:21:00,95.8
2025-06-12 10:03:00,39.8
2025-06-12 15:05:00,21.7
2025-06-12 02:44:00,50.492298592215775
2025-06-12 05:12:00,8.0
2025-06-12 19:40:00,84.9
2025-06-12 03:47:00,2.1
2025-06-12 02:12:00,14.7
2025-06-12 01:37:00,82.2
2025-06-12 19:04:00,50.492298592215775
2025-06-12 20:36:00,48.7
2025-06-12 22:39:00,13.9
2025-06-12 11:48:00,37.7
2025-06-12 21:10:00,29.9
2025-06-12 15:20:00,50.492298592215775
2025-06-12 15:56:00,51.5
2025-06-12 06:58:00,7.8
2025-06-12 08:27:00,82.5
2025-06-12 21:19:00,10.4
2025-06-12 07:28:00,11.1
2025-06-12 19:57:00,27.3
2025-06-12 00:35:00,11.6
2025-06-12 20:30:00,50.492298592215775
2025-06-12 02:32:00,78.6
2025-06-12 06:39:00,86.5
2025-06-12 11:24:00,95.4
2025-06-12 13:28:00,0.2
2025-06-12 00:57:00,73.8
2025-06-12 19:34:00,50.492298592215775
2025-06-12 15:04:00,50.492298592215775
2025-06-12 12:45:00,13.3
2025-06-12 16:01:00,50.492298592215775
2025-06-12 11:01:00,47.7
2025-06-12 11:47:00,79.8
2025-06-12 01:39:00,45.2
2025-06-12 00:14:00,76.6
2025-06-12 12:16:00,46.5
2025-06-12 00:13:00,50.492298592215775
2025-06-12 21:45:00,34.7
2025-06-12 16:02:00,51.6
2025-06-12 22:06:00,64.1
2025-06-12 12:35:00,7.5
2025-06-12 11:19:00,30.9
2025-06-12 02:41:00,57.6
2025-06-12 07:08:00,36.4
2025-06-12 14:39:00,74.1
2025-06-12 03:12:00,88.5
2025-06-12 06:44:00,95.2
2025-06-12 11:18:00,50.492298592215775
2025-06-12 10:08:00,18.0
2025-06-12 19:11:00,69.1
2025-06-12 19:06:00,42.6
2025-06-12 20:28:00,4.8
2025-06-12 22:37:00,50.492298592215775
2025-06-12 01:01:00,27.9
2025-06-12 12:07:00,5.1
2025-06-12 02:31:00,53.7
2025-06-12 14:00:00,86.2
2025-06-12 12:33:00,69.2
2025-06-12 03:17:00,50.492298592215775
2025-06-12 00:58:00,69.7
2025-06-12 16:19:00,50.492298592215775
2025-06-12 07:19:00,44.2
2025-06-12 02:05:00,67.3
2025-06-12 09:39:00,68.9
2025-06-12 22:38:00,64.3
2025-06-12 16:08:00,71.8
2025-06-12 16:27:00,12.7
2025-06-12 03:38:00,88.8
2025-06-12 21:56:00,50.492298592215775
2025-06-12 20:26:00,0.9
2025-06-12 08:35:00,58.4
2025-06-12 03:52:00,26.8
2025-06-12 17:38:00,50.492298592215775
2025-06-12 19:19:00,27.3
2025-06-12 06:32:00,50.492298592215775
2025-06-12 21:55:00,50.492298592215775
2025-06-12 03:04:00,76.7
2025-06-12 09:52:00,4.7
2025-06-12 01:06:00,46.0
2025-06-12 21:41:00,83.4
2025-06-12 10:25:00,42.3
2025-06-12 07:31:00,88.5
2025-06-12 21:37:00,20.5
2025-06-12 01:02:00,77.4
2025-06-12 03:37:00,8.6
2025-06-12 17:15:00,95.0
2025-06-12 23:26:00,50.492298592215775
2025-06-12 14:12:00,50.492298592215775
2025-06-12 16:56:00,88.5
2025-06-12 12:39:00,61.5
2025-06-12 14:11:00,69.6
2025-06-12 11:17:00,91.1
2025-06-12 06:51:00,91.8
2025-06-12 17:37:00,99.8
2025-06-12 14:19:00,17.0
2025-06-12 01:16:00,52.2
2025-06-12 19:59:00,22.9
2025-06-12 13:40:00,89.4
2025-06-12 04:56:00,50.492298592215775
2025-06-12 03:40:00,87.5
2025-06-12 05:47:00,65.8
2025-06-12 15:37:00,50.492298592215775
2025-06-12 02:47:00,27.9
2025-06-12 10:32:00,50.8
2025-06-12 11:29:00,27.6
2025-06-12 02:06:00,3.7
2025-06-12 17:04:00,80.8
2025-06-12 01:35:00,50.492298592215775
2025-06-12 14:29:00,64.2
2025-06-12 14:58:00,74.3
2025-06-12 19:55:00,50.190676567656766
2025-06-12 09:24:00,73.7
2025-06-12 20:19:00,50.190676567656766
2025-06-12 02:35:00,50.190676567656766
2025-06-12 06:38:00,11.2
2025-06-12 13:05:00,18.5
2025-06-12 06:41:00,95.7
2025-06-12 05:04:00,98.7
2025-06-12 17:06:00,9.3
2025-06-12 13:44:00,14.4
2025-06-12 00:02:00,81.0
2025-06-12 18:42:00,39.7
2025-06-12 02:55:00,20.2
2025-06-12 17:18:00,19.1
2025-06-12 13:42:00,68.4
2025-06-12 12:05:00,2.0
2025-06-12 23:55:00,50.190676567656766
2025-06-12 15:15:00,32.2
2025-06-12 18:02:00,49.3
2025-06-12 03:51:00,50.190676567656766
2025-06-12 09:17:00,50.190676567656766
2025-06-12 22:24:00,15.5
2025-06-12 04:38:00,51.7
2025-06-12 09:31:00,22.5
2025-06-12 16:17:00,17.3
2025-06-12 13:01:00,68.5
2025-06-12 07:21:00,60.8
2025-06-12 19:41:00,27.9
2025-06-12 02:42:00,20.4
2025-06-12 00:37:00,36.2
2025-06-12 23:09:00,61.4
2025-06-12 09:00:00,92.0
2025-06-12 00:11:00,16.9
2025-06-12 11:11:00,25.7
2025-06-12 22:27:00,5.3
2025-06-12 15:31:00,41.6
2025-06-12 16:53:00,74.8
2025-06-12 14:52:00,2.1
2025-06-12 09:04:00,50.190676567656766
2025-06-12 14:04:00,88.5
2025-06-12 11:24:00,36.7
2025-06-12 21:50:00,39.7
2025-06-12 04:57:00,50.190676567656766
2025-06-12 18:10:00,58.1
2025-06-12 07:24:00,99.2
2025-06-12 04:35:00,21.8
2025-06-12 04:04:00,15.0
2025-06-12 03:18:00,56.9
2025-06-12 19:58:00,19.2
2025-06-12 10:54:00,50.190676567656766
2025-06-12 04:36:00,50.190676567656766
2025-06-12 14:08:00,50.190676567656766
2025-06-12 18:03:00,88.7
2025-06-12 01:49:00,14.7
2025-06-12 03:52:00,22.3
2025-06-12 00:40:00,17.2
2025-06-12 13:40:00,50.190676567656766
2025-06-12 18:18:00,73.6
2025-06-12 15:53:00,47.6
2025-06-12 15:11:00,66.8
2025-06-12 17:19:00,72.0
2025-06-12 05:07:00,9.4
2025-06-12 18:21:00,89.6
2025-06-12 15:54:00,30.5
2025-06-12 01:26:00,50.190676567656766
2025-06-12 01:51:00,43.0
2025-06-12 20:30:00,51.3
2025-06-12 07:49:00,74.2
2025-06-12 05:45:00,9.7
2025-06-12 21:35:00,50.190676567656766
2025-06-12 10:34:00,50.190676567656766
2025-06-12 19:08:00,54.4
2025-06-12 01:08:00,75.3
2025-06-12 11:55:00,50.190676567656766
2025-06-12 08:32:00,0.1
2025-06-12 08:24:00,25.9
2025-06-12 00:43:00,1.5
2025-06-12 21:07:00,22.1
2025-06-12 13:18:00,1.6
2025-06-12 05:19:00,50.190676567656766
2025-06-12 03:04:00,83.6
2025-06-12 23:03:00,50.190676567656766
2025-06-12 14:48:00,50.190676567656766
2025-06-12 00:32:00,29.0
2025-06-12 22:57:00,82.9
2025-06-12 16:59:00,44.6
2025-06-12 07:12:00,52.9
2025-06-12 12:57:00,50.8
2025-06-12 04:17:00,46.1
2025-06-12 09:10:00,13.0
2025-06-12 14:45:00,62.8
2025-06-12 18:40:00,82.6
2025-06-12 15:36:00,98.7
2025-06-12 15:41:00,19.2
2025-06-12 03:50:00,24.1
2025-06-12 18:09:00,50.190676567656766
2025-06-12 22:30:00,50.190676567656766
2025-06-12 04:34:00,50.190676567656766
2025-06-12 21:29:00,44.9
2025-06-12 14:39:00,75.1
2025-06-12 11:22:00,5.8
2025-06-12 00:50:00,95.3
2025-06-12 06:50:00,52.7
2025-06-12 15:33:00,50.190676567656766
2025-06-12 03:34:00,50.190676567656766
2025-06-12 20:50:00,83.0
2025-06-12 09:50:00,97.2
2025-06-12 14:22:00,95.0
2025-06-12 12:53:00,50.190676567656766
2025-06-12 12:25:00,13.3
2025-06-12 20:39:00,18.1
2025-06-12 22:36:00,25.5
2025-06-12 22:52:00,35.9
2025-06-12 05:38:00,88.0
2025-06-12 01:52:00,83.9
2025-06-12 07:18:00,40.0
2025-06-12 10:03:00,56.6
2025-06-12 06:57:00,50.190676567656766
2025-06-12 08:57:00,24.8
2025-06-12 09:44:00,89.7
2025-06-12 00:01:00,50.190676567656766
2025-06-12 05:58:00,32.4
2025-06-12 08:59:00,35.9
2025-06-12 00:35:00,76.4
2025-06-12 06:37:00,50.190676567656766
2025-06-12 17:27:00,50.190676567656766
2025-06-12 20:58:00,50.190676567656766
2025-06-12 02:44:00,34.9
2025-06-12 14:55:00,92.7
2025-06-12 20:35:00,50.190676567656766
2025-06-12 09:26:00,94.3
2025-06-12 23:36:00,22.4
2025-06-12 15:12:00,66.7
2025-06-12 19:54:00,68.7
2025-06-12 12:10:00,20.1
2025-06-12 23:44:00,59.0
2025-06-12 13:34:00,29.7
2025-06-12 19:18:00,35.5
2025-06-12 19:43:00,42.2
2025-06-12 06:49:00,50.190676567656766
2025-06-12 07:47:00,61.6
2025-06-12 07:02:00,21.0
2025-06-12 01:34:00,42.4
2025-06-12 21:24:00,89.2
2025-06-12 09:29:00,21.6
2025-06-12 18:25:00,62.9
2025-06-12 10:19:00,32.4
2025-06-12 17:58:00,31.3
2025-06-12 13:15:00,50.190676567656766
2025-06-12 22:16:00,50.190676567656766
2025-06-12 10:39:00,50.190676567656766
2025-06-12 13:19:00,94.2
2025-06-12 20:10:00,51.8
2025-06-12 05:28:00,14.2
2025-06-12 20:04:00,90.7
2025-06-12 03:54:00,95.1
2025-06-12 17:03:00,63.6
2025-06-12 04:23:00,9.9
2025-06-12 19:17:00,19.8
2025-06-12 11:15:00,60.6
2025-06-12 05:55:00,36.6
2025-06-12 03:19:00,66.6
2025-06-12 17:42:00,94.2
2025-06-12 10:21:00,50.190676567656766
2025-06-12 07:16:00,9.7
2025-06-12 14:23:00,51.6
2025-06-12 07:38:00,50.190676567656766
2025-06-12 03:27:00,43.1
2025-06-12 08:31:00,61.8
2025-06-12 01:35:00,54.3
2025-06-12 03:48:00,50.190676567656766
2025-06-12 02:56:00,95.7
2025-06-12 08:45:00,50.190676567656766
2025-06-12 02:29:00,8.5
2025-06-12 19:19:00,19.9
2025-06-12 05:03:00,13.8
2025-06-12 19:05:00,50.190676567656766
2025-06-12 23:46:00,50.190676567656766
2025-06-12 21:57:00,45.6
2025-06-12 04:16:00,17.8
2025-06-12 03:21:00,48.8
2025-06-12 17:23:00,48.8
2025-06-12 06:29:00,5.0
2025-06-12 05:51:00,50.190676567656766
2025-06-12 03:05:00,92.8
2025-06-12 03:11:00,45.8
2025-06-12 16:00:00,50.190676567656766
2025-06-12 16:03:00,25.6
2025-06-12 01:19:00,83.1
2025-06-12 15:10:00,39.9
2025-06-12 11:54:00,87.0
2025-06-12 17:57:00,8.1
2025-06-12 07:34:00,13.0
2025-06-12 07:37:00,2.1
2025-06-12 03:07:00,50.190676567656766
2025-06-12 10:32:00,57.0
2025-06-12 06:54:00,80.7
2025-06-12 02:59:00,15.1
2025-06-12 21:36:00,11.4
2025-06-12 08:23:00,18.8
2025-06-12 17:39:00,50.7
2025-06-12 11:20:00,50.190676567656766
2025-06-12 20:13:00,88.1
2025-06-12 10:24:00,9.8
2025-06-12 17:24:00,88.3
2025-06-12 02:39:00,69.7
2025-06-12 09:33:00,29.2
2025-06-12 10:51:00,82.3
2025-06-12 16:55:00,80.7
2025-06-12 07:06:00,74.0
2025-06-12 17:30:00,100.0
2025-06-12 12:49:00,46.8
2025-06-12 13:03:00,67.6
2025-06-12 08:34:00,50.190676567656766
2025-06-12 00:07:00,89.2
2025-06-12 11:47:00,10.3
2025-06-12 13:41:00,40.3
2025-06-12 13:04:00,43.5
2025-06-12 08:19:00,19.5
2025-06-12 23:48:00,50.190676567656766
2025-06-12 12:29:00,98.2
2025-06-12 11:33:00,64.5
2025-06-12 13:17:00,20.8
2025-06-12 11:25:00,50.190676567656766
2025-06-12 21:20:00,24.0
2025-06-12 12:59:00,50.190676567656766
2025-06-12 20:53:00,43.0
2025-06-12 21:49:00,45.9
2025-06-12 15:50:00,50.190676567656766
2025-06-12 10:18:00,80.6
2025-06-12 09:06:00,95.1
2025-06-12 00:42:00,24.1
2025-06-12 04:08:00,30.7
2025-06-12 05:02:00,33.9
2025-06-12 06:39:00,4.9
2025-06-12 07:15:00,46.7
2025-06-12 18:55:00,19.7
2025-06-12 21:30:00,69.0
2025-06-12 10:45:00,31.2
2025-06-12 09:27:00,50.190676567656766
2025-06-12 06:55:00,57.3
2025-06-12 09:51:00,62.2
2025-06-12 00:53:00,13.0
2025-06-12 20:27:00,98.3
2025-06-12 17:05:00,5.0
2025-06-12 12:33:00,58.0
2025-06-12 13:51:00,80.2
2025-06-12 14:24:00,2.8
2025-06-12 01:48:00,14.2
2025-06-12 19:39:00,32.4
2025-06-12 03:35:00,97.0
2025-06-12 08:22:00,50.190676567656766
2025-06-12 06:35:00,51.0
2025-06-12 11:51:00,57.4
2025-06-12 19:21:00,29.4
2025-06-12 14:40:00,3.8
2025-06-12 17:53:00,18.1
2025-06-12 17:29:00,50.190676567656766
2025-06-12 04:11:00,4.6
2025-06-12 00:06:00,25.8
2025-06-12 05:13:00,14.6
2025-06-12 03:12:00,96.5
2025-06-12 13:49:00,34.4
2025-06-12 06:25:00,59.3
2025-06-12 23:42:00,42.5
2025-06-12 12:56:00,25.1
2025-06-12 21:28:00,50.8
2025-06-12 22:00:00,50.7
2025-06-12 02:11:00,7.3
2025-06-12 19:28:00,50.190676567656766
2025-06-12 11:43:00,54.3
2025-06-12 21:23:00,81.2
2025-06-12 23:04:00,29.8
2025-06-12 03:47:00,13.3
2025-06-12 00:10:00,10.7
2025-06-12 09:41:00,15.8
2025-06-12 17:37:00,60.5
2025-06-12 11:46:00,95.9
2025-06-12 10:46:00,28.4
2025-06-12 00:56:00,50.190676567656766
2025-06-12 08:28:00,60.6
2025-06-12 09:35:00,33.6
2025-06-12 14:50:00,86.8
2025-06-12 05:53:00,12.4
2025-06-12 02:34:00,96.2
2025-06-12 12:45:00,4.4
2025-06-12 17:21:00,53.2
2025-06-12 02:31:00,60.6
2025-06-12 17:09:00,34.0
2025-06-12 07:11:00,7.4
2025-06-12 03:16:00,54.0
2025-06-12 15:29:00,50.190676567656766
2025-06-12 18:29:00,40.9
2025-06-12 16:33:00,52.3
2025-06-12 05:06:00,22.1
2025-06-12 01:58:00,97.9
2025-06-12 17:35:00,78.8
2025-06-12 11:31:00,6.6
2025-06-12 22:54:00,27.2
2025-06-12 06:14:00,66.0
2025-06-12 03:22:00,36.0
2025-06-12 04:41:00,91.0
2025-06-12 07:33:00,49.0
2025-06-12 21:18:00,65.7
2025-06-12 16:50:00,50.190676567656766
2025-06-12 20:54:00,99.9
2025-06-12 21:36:00,15.7
2025-06-12 02:42:00,23.7
2025-06-12 13:17:00,19.0
2025-06-12 18:07:00,49.69925181201777
2025-06-12 01:02:00,13.4
2025-06-12 01:29:00,58.5
2025-06-12 11:59:00,99.1
2025-06-12 17:44:00,17.3
2025-06-12 20:25:00,49.69925181201777
2025-06-12 09:33:00,42.7
2025-06-12 22:28:00,28.6
2025-06-12 19:53:00,49.69925181201777
2025-06-12 17:03:00,0.2
2025-06-12 08:49:00,1.9
2025-06-12 19:25:00,63.5
2025-06-12 10:56:00,96.5
2025-06-12 16:19:00,49.69925181201777
2025-06-12 20:04:00,76.2
2025-06-12 22:53:00,49.69925181201777
2025-06-12 20:31:00,69.7
2025-06-12 01:09:00,6.0
2025-06-12 15:12:00,47.5
2025-06-12 05:00:00,49.69925181201777
2025-06-12 07:26:00,29.5
2025-06-12 02:13:00,0.8
2025-06-12 16:35:00,44.7
2025-06-12 23:17:00,31.7
2025-06-12 02:51:00,61.3
2025-06-12 20:27:00,21.9
2025-06-12 12:18:00,49.3
2025-06-12 14:27:00,48.8
2025-06-12 09:54:00,66.3
2025-06-12 11:03:00,50.4
2025-06-12 09:06:00,94.6
2025-06-12 02:36:00,20.1
2025-06-12 20:22:00,36.8
2025-06-12 17:28:00,49.69925181201777
2025-06-12 21:37:00,23.2
2025-06-12 20:00:00,76.5
2025-06-12 23:53:00,18.1
2025-06-12 08:53:00,100.0
2025-06-12 16:47:00,71.1
2025-06-12 14:50:00,87.0
2025-06-12 15:28:00,69.4
2025-06-12 19:32:00,36.3
2025-06-12 13:07:00,86.8
2025-06-12 15:16:00,20.1
2025-06-12 07:27:00,35.3
2025-06-12 06:10:00,49.69925181201777
2025-06-12 21:18:00,18.6
2025-06-12 23:50:00,65.9
2025-06-12 08:44:00,84.8
2025-06-12 16:05:00,89.6
2025-06-12 15:58:00,25.0
2025-06-12 01:17:00,17.8
2025-06-12 22:43:00,51.2
2025-06-12 07:17:00,49.69925181201777
2025-06-12 20:08:00,41.0
2025-06-12 11:50:00,49.9
2025-06-12 21:38:00,4.7
2025-06-12 04:18:00,79.4
2025-06-12 13:33:00,92.6
2025-06-12 08:22:00,29.4
2025-06-12 14:40:00,8.6
2025-06-12 04:04:00,70.5
2025-06-12 01:41:00,85.2
2025-06-12 19:04:00,4.1
2025-06-12 23:03:00,49.69925181201777
2025-06-12 14:25:00,23.8
2025-06-12 01:12:00,15.0
2025-06-12 05:56:00,45.3
2025-06-12 20:42:00,48.9
2025-06-12 22:18:00,30.2
2025-06-12 14:26:00,34.1
2025-06-12 22:22:00,29.0
2025-06-12 17:46:00,78.2
2025-06-12 12:56:00,80.6
2025-06-12 01:00:00,8.8
2025-06-12 23:41:00,98.9
2025-06-12 06:12:00,49.69925181201777
2025-06-12 02:53:00,41.6
2025-06-12 13:53:00,53.2
2025-06-12 11:49:00,10.0
2025-06-12 02:46:00,24.3
2025-06-12 21:44:00,28.1
2025-06-12 19:05:00,40.0
2025-06-12 06:30:00,60.6
2025-06-12 03:08:00,26.1
2025-06-12 17:13:00,1.1
2025-06-12 16:58:00,43.4
2025-06-12 03:12:00,29.6
2025-06-12 03:56:00,81.8
2025-06-12 21:25:00,90.2
2025-06-12 06:29:00,49.69925181201777
2025-06-12 10:35:00,63.0
2025-06-12 10:25:00,30.2
2025-06-12 04:53:00,60.0
2025-06-12 18:13:00,86.4
2025-06-12 13:37:00,79.2
2025-06-12 03:36:00,49.69925181201777
2025-06-12 09:09:00,26.1
2025-06-12 03:07:00,64.0
2025-06-12 10:33:00,47.0
2025-06-12 19:58:00,39.7
2025-06-12 12:44:00,49.69925181201777
2025-06-12 16:26:00,68.5
2025-06-12 01:39:00,81.5
2025-06-12 22:32:00,42.8
2025-06-12 15:22:00,26.9
2025-06-12 02:15:00,49.69925181201777
2025-06-12 23:34:00,29.5
2025-06-12 04:14:00,26.5
2025-06-12 07:39:00,58.1
2025-06-12 05:22:00,49.69925181201777
2025-06-12 22:30:00,60.1
2025-06-12 20:35:00,86.2
2025-06-12 01:04:00,69.4
2025-06-12 04:48:00,59.6
2025-06-12 20:55:00,98.2
2025-06-12 11:41:00,49.69925181201777
2025-06-12 04:34:00,17.0
2025-06-12 18:58:00,25.6
2025-06-12 17:58:00,91.0
2025-06-12 03:04:00,79.8
2025-06-12 22:49:00,10.9
2025-06-12 08:26:00,45.2
2025-06-12 02:47:00,64.4
2025-06-12 04:01:00,61.5
2025-06-12 04:36:00,43.4
2025-06-12 14:18:00,49.69925181201777
2025-06-12 07:41:00,13.1
2025-06-12 01:23:00,98.6
2025-06-12 14:47:00,68.5
2025-06-12 13:03:00,25.2
2025-06-12 16:43:00,12.2
2025-06-12 18:48:00,71.6
2025-06-12 06:54:00,60.6
2025-06-12 19:15:00,13.9
2025-06-12 19:33:00,49.69925181201777
2025-06-12 19:36:00,0.7
2025-06-12 11:07:00,85.0
2025-06-12 19:23:00,49.69925181201777
2025-06-12 11:11:00,68.8
2025-06-12 17:48:00,95.6
2025-06-12 04:22:00,61.0
2025-06-12 09:12:00,24.1
2025-06-12 11:34:00,79.7
2025-06-12 15:46:00,27.7
2025-06-12 08:15:00,49.69925181201777
2025-06-12 17:40:00,41.7
2025-06-12 22:20:00,37.6
2025-06-12 11:54:00,94.2
2025-06-12 17:18:00,24.7
2025-06-12 16:22:00,49.69925181201777
2025-06-12 22:50:00,65.3
2025-06-12 01:40:00,95.9
2025-06-12 04:46:00,49.69925181201777
2025-06-12 14:04:00,49.69925181201777
2025-06-12 20:45:00,45.0
2025-06-12 10:38:00,22.2
2025-06-12 04:16:00,49.69925181201777
2025-06-12 06:07:00,10.9
2025-06-12 07:20:00,71.9
2025-06-12 23:49:00,87.7
2025-06-12 13:12:00,99.1
2025-06-12 15:20:00,45.9
2025-06-12 01:30:00,54.2
2025-06-12 01:01:00,50.6
2025-06-12 05:41:00,50.8
2025-06-12 04:58:00,51.8
2025-06-12 22:08:00,53.8
2025-06-12 05:49:00,53.6
2025-06-12 01:51:00,49.69925181201777
2025-06-12 12:33:00,11.9
2025-06-12 22:26:00,36.4
2025-06-12 11:27:00,83.9
2025-06-12 12:02:00,19.2
2025-06-12 07:21:00,70.3
2025-06-12 21:05:00,94.9
2025-06-12 19:02:00,95.7
2025-06-12 11:36:00,49.69925181201777
2025-06-12 11:46:00,26.9
2025-06-12 02:30:00,90.0
2025-06-12 11:30:00,61.2
2025-06-12 04:09:00,9.6
2025-06-12 16:20:00,38.5
2025-06-12 00:03:00,61.7
2025-06-12 10:02:00,93.1
2025-06-12 21:17:00,94.9
2025-06-12 18:35:00,49.69925181201777
2025-06-12 04:29:00,55.5
2025-06-12 17:56:00,49.69925181201777
2025-06-12 20:03:00,96.3
2025-06-12 08:11:00,38.6
2025-06-12 17:42:00,47.7
2025-06-12 08:32:00,49.69925181201777
2025-06-12 15:04:00,60.4
2025-06-12 09:18:00,49.69925181201777
2025-06-12 02:22:00,28.7
2025-06-12 23:23:00,33.9
2025-06-12 13:54:00,73.6
2025-06-12 03:02:00,87.7
2025-06-12 17:43:00,99.0
2025-06-12 17:26:00,56.4
2025-06-12 06:14:00,9.9
2025-06-12 16:39:00,69.5
2025-06-12 18:53:00,78.5
2025-06-12 19:55:00,82.9
2025-06-12 16:29:00,45.1
2025-06-12 09:20:00,58.0
2025-06-12 03:09:00,52.5
2025-06-12 06:27:00,76.8
2025-06-12 14:08:00,14.6
2025-06-12 01:33:00,18.1
2025-06-12 08:03:00,0.4
2025-06-12 06:35:00,74.1
2025-06-12 03:50:00,79.3
2025-06-12 02:11:00,96.5
2025-06-12 04:59:00,87.6
2025-06-12 14:22:00,46.5
2025-06-12 06:56:00,99.4
2025-06-12 05:09:00,49.69925181201777
2025-06-12 01:57:00,2.8
2025-06-12 15:38:00,49.69925181201777
2025-06-12 15:55:00,49.69925181201777
2025-06-12 14:58:00,57.3
2025-06-12 05:23:00,67.7
2025-06-12 22:17:00,6.6
2025-06-12 04:20:00,69.4
2025-06-12 16:37:00,35.2
2025-06-12 07:43:00,63.8
2025-06-12 15:00:00,5.5
2025-06-12 14:35:00,67.1
2025-06-12 07:13:00,69.7
2025-06-12 00:08:00,83.9
2025-06-12 01:47:00,4.3
2025-06-12 22:41:00,22.2
2025-06-12 16:38:00,50.2
2025-06-12 23:01:00,19.4
2025-06-12 22:06:00,88.1
2025-06-12 15:54:00,35.4
2025-06-12 15:30:00,36.5
2025-06-12 06:11:00,18.6
2025-06-12 22:39:00,58.2
2025-06-12 11:42:00,23.5
2025-06-12 05:59:00,3.2
2025-06-12 10:34:00,75.5
2025-06-12 01:16:00,49.69925181201777
2025-06-12 07:31:00,49.69925181201777
2025-06-12 17:05:00,27.8
2025-06-12 06:32:00,93.6
2025-06-12 18:55:00,6.4
2025-06-12 11:05:00,42.0
2025-06-12 15:08:00,49.69925181201777
2025-06-12 11:56:00,44.1
2025-06-12 09:24:00,69.6
2025-06-12 08:17:00,28.3
2025-06-12 08:41:00,49.69925181201777
2025-06-12 17:49:00,61.2
2025-06-12 10:48:00,83.6
2025-06-12 04:25:00,34.4
2025-06-12 17:39:00,24.1
2025-06-12 00:47:00,79.0
2025-06-12 03:52:00,18.3
2025-06-12 12:55:00,49.69925181201777
2025-06-12 13:40:00,83.0
2025-06-12 18:16:00,84.2
2025-06-12 19:38:00,72.4
2025-06-12 13:16:00,85.6
2025-06-12 05:01:00,2.7
2025-06-12 10:16:00,9.8
2025-06-12 11:39:00,1.7
2025-06-12 10:45:00,63.2
2025-06-12 14:46:00,74.5
2025-06-12 07:56:00,9.6
2025-06-12 14:41:00,85.5
2025-06-12 23:57:00,97.7
2025-06-12 15:56:00,9.7
2025-06-12 03:54:00,22.1
2025-06-12 08:28:00,18.7
2025-06-12 20:14:00,1.7
2025-06-12 02:06:00,8.5
2025-06-12 05:10:00,39.8
2025-06-12 08:19:00,79.3
2025-06-12 17:41:00,18.2
2025-06-12 02:19:00,86.6
2025-06-12 17:19:00,49.69925181201777
2025-06-12 16:08:00,82.5
2025-06-12 09:37:00,91.4
2025-06-12 15:02:00,54.1
2025-06-12 19:27:00,49.69925181201777
2025-06-12 18:47:00,97.5
2025-06-12 14:02:00,27.7
2025-06-12 13:10:00,11.8
2025-06-12 12:27:00,30.6
2025-06-12 22:40:00,29.7
2025-06-12 11:20:00,61.8
2025-06-12 10:47:00,46.5
2025-06-12 18:37:00,50.9
2025-06-12 12:31:00,49.69925181201777
2025-06-12 12:53:00,49.69925181201777
2025-06-12 00:17:00,4.1
2025-06-12 19:52:00,33.4
2025-06-12 15:45:00,81.9
2025-06-12 13:15:00,48.5
2025-06-12 16:04:00,87.9
2025-06-12 20:44:00,65.2
2025-06-12 23:35:00,8.1
2025-06-12 05:05:00,67.1
2025-06-12 00:36:00,98.8
2025-06-12 02:31:00,39.6
2025-06-12 19:14:00,50.15234640140434
2025-06-12 05:52:00,83.9
2025-06-12 18:40:00,11.3
2025-06-12 09:54:00,21.8
2025-06-12 14:14:00,94.8
2025-06-12 05:54:00,4.5
2025-06-12 18:17:00,50.15234640140434
2025-06-12 11:11:00,8.0
2025-06-12 13:54:00,36.6
2025-06-12 14:27:00,67.6
2025-06-12 06:49:00,50.15234640140434
2025-06-12 14:35:00,88.8
2025-06-12 18:56:00,57.9
2025-06-12 23:18:00,82.4
2025-06-12 23:50:00,42.8
2025-06-12 18:18:00,5.6
2025-06-12 06:48:00,50.15234640140434
2025-06-12 21:48:00,50.15234640140434
2025-06-12 15:33:00,67.3
2025-06-12 10:10:00,61.4
2025-06-12 22:32:00,71.9
2025-06-12 11:37:00,14.7
2025-06-12 11:24:00,65.7
2025-06-12 20:05:00,9.6
2025-06-12 05:29:00,16.9
2025-06-12 02:20:00,12.8
2025-06-12 18:32:00,10.4
2025-06-12 23:22:00,49.3
2025-06-12 11:16:00,50.15234640140434
2025-06-12 13:37:00,58.7
2025-06-12 12:27:00,59.0
2025-06-12 05:46:00,33.5
2025-06-12 12:49:00,50.15234640140434
2025-06-12 09:40:00,50.15234640140434
2025-06-12 17:25:00,67.9
2025-06-12 18:49:00,72.3
2025-06-12 15:24:00,16.4
2025-06-12 23:36:00,35.9
2025-06-12 22:53:00,4.5
2025-06-12 15:13:00,39.8
2025-06-12 13:26:00,83.4
2025-06-12 16:57:00,90.5
2025-06-12 21:13:00,78.4
2025-06-12 16:29:00,35.5
2025-06-12 19:36:00,97.3
2025-06-12 14:09:00,50.15234640140434
2025-06-12 12:08:00,50.7
2025-06-12 13:58:00,71.8
2025-06-12 08:09:00,47.4
2025-06-12 23:01:00,89.5
2025-06-12 21:53:00,93.1
2025-06-12 07:09:00,61.0
2025-06-12 23:15:00,50.15234640140434
2025-06-12 02:59:00,50.15234640140434
2025-06-12 04:36:00,43.4
2025-06-12 01:57:00,68.6
2025-06-12 15:31:00,50.15234640140434
2025-06-12 18:58:00,42.8
2025-06-12 19:53:00,94.6
2025-06-12 15:02:00,51.7
2025-06-12 05:47:00,98.8
2025-06-12 15:19:00,50.5
2025-06-12 03:08:00,0.0
2025-06-12 13:21:00,50.15234640140434
2025-06-12 11:36:00,18.8
2025-06-12 10:38:00,87.9
2025-06-12 17:06:00,68.6
2025-06-12 10:05:00,87.4
2025-06-12 01:18:00,63.9
2025-06-12 22:38:00,75.3
2025-06-12 13:32:00,50.15234640140434
2025-06-12 15:47:00,50.15234640140434
2025-06-12 12:31:00,4.8
2025-06-12 14:15:00,87.5
2025-06-12 10:52:00,15.2
2025-06-12 21:21:00,25.1
2025-06-12 21:22:00,50.15234640140434
2025-06-12 22:30:00,7.2
2025-06-12 02:19:00,50.15234640140434
2025-06-12 23:40:00,89.0
2025-06-12 10:36:00,50.15234640140434
2025-06-12 05:37:00,91.1
2025-06-12 17:59:00,47.4
2025-06-12 11:01:00,3.7
2025-06-12 11:03:00,97.0
2025-06-12 19:01:00,5.1
2025-06-12 05:44:00,50.15234640140434
2025-06-12 10:15:00,90.6
2025-06-12 00:40:00,21.2
2025-06-12 19:57:00,11.3
2025-06-12 07:06:00,87.0
2025-06-12 10:49:00,99.0
2025-06-12 22:21:00,89.9
2025-06-12 00:17:00,6.5
2025-06-12 10:17:00,95.0
2025-06-12 04:50:00,58.5
2025-06-12 13:47:00,43.2
2025-06-12 11:51:00,57.0
2025-06-12 22:35:00,84.9
2025-06-12 01:42:00,34.6
2025-06-12 20:46:00,3.8
2025-06-12 23:05:00,13.6
2025-06-12 02:52:00,46.5
2025-06-12 02:17:00,16.5
2025-06-12 22:06:00,67.0
2025-06-12 06:51:00,89.1
2025-06-12 08:16:00,32.9
2025-06-12 11:48:00,34.7
2025-06-12 10:39:00,15.3
2025-06-12 22:20:00,68.5
2025-06-12 02:16:00,23.0
2025-06-12 11:33:00,98.5
2025-06-12 19:07:00,72.8
2025-06-12 17:58:00,50.15234640140434
2025-06-12 08:23:00,62.4
2025-06-12 16:30:00,28.6
2025-06-12 10:18:00,14.7
2025-06-12 20:58:00,7.6
2025-06-12 03:06:00,50.15234640140434
2025-06-12 12:04:00,54.4
2025-06-12 19:13:00,50.15234640140434
2025-06-12 05:21:00,50.15234640140434
2025-06-12 02:56:00,50.15234640140434
2025-06-12 16:52:00,88.5
2025-06-12 11:58:00,11.8
2025-06-12 04:33:00,66.5
2025-06-12 08:55:00,50.15234640140434
2025-06-12 10:23:00,6.5
2025-06-12 20:03:00,44.4
2025-06-12 09:53:00,0.8
2025-06-12 02:34:00,69.3
2025-06-12 00:47:00,50.4
2025-06-12 11:02:00,19.2
2025-06-12 11:04:00,46.2
2025-06-12 10:57:00,47.9
2025-06-12 05:43:00,39.9
2025-06-12 07:12:00,50.15234640140434
2025-06-12 08:46:00,27.4
2025-06-12 11:46:00,72.4
2025-06-12 04:02:00,68.6
2025-06-12 05:18:00,48.5
2025-06-12 15:30:00,57.7
2025-06-12 17:44:00,55.7
2025-06-12 17:11:00,2.4
2025-06-12 15:29:00,43.2
2025-06-12 19:59:00,40.9
2025-06-12 02:40:00,13.4
2025-06-12 05:03:00,76.5
2025-06-12 21:11:00,50.15234640140434
2025-06-12 22:17:00,4.6
2025-06-12 20:36:00,37.9
2025-06-12 05:36:00,40.6
2025-06-12 04:48:00,50.15234640140434
2025-06-12 16:07:00,70.8
2025-06-12 11:25:00,54.3
2025-06-12 19:39:00,11.8
2025-06-12 15:00:00,37.8
2025-06-12 13:08:00,19.4
2025-06-12 19:02:00,56.3
2025-06-12 07:46:00,43.8
2025-06-12 07:38:00,76.8
2025-06-12 19:35:00,18.2
2025-06-12 23:55:00,50.15234640140434
2025-06-12 15:42:00,98.0
2025-06-12 09:49:00,33.3
2025-06-12 05:02:00,67.1
2025-06-12 14:38:00,50.15234640140434
2025-06-12 15:57:00,32.3
2025-06-12 17:38:00,59.7
2025-06-12 10:03:00,50.15234640140434
2025-06-12 01:06:00,26.6
2025-06-12 19:03:00,60.0
2025-06-12 11:44:00,19.9
2025-06-12 20:34:00,14.8
2025-06-12 23:20:00,52.4
2025-06-12 02:10:00,15.3
2025-06-12 09:39:00,49.2
2025-06-12 03:15:00,21.3
2025-06-12 06:07:00,60.8
2025-06-12 08:43:00,62.1
2025-06-12 12:10:00,50.15234640140434
2025-06-12 07:52:00,32.3
2025-06-12 00:11:00,44.5
2025-06-12 11:06:00,25.7
2025-06-12 08:32:00,50.15234640140434
2025-06-12 08:26:00,50.15234640140434
2025-06-12 07:04:00,45.4
2025-06-12 12:18:00,50.15234640140434
2025-06-12 04:11:00,77.9
2025-06-12 14:44:00,59.5
2025-06-12 13:00:00,45.3
2025-06-12 21:54:00,50.15234640140434
2025-06-12 20:39:00,13.7
2025-06-12 08:53:00,61.1
2025-06-12 03:45:00,96.6
2025-06-12 14:36:00,50.15234640140434
2025-06-12 10:51:00,95.4
2025-06-12 14:37:00,50.15234640140434
2025-06-12 15:34:00,50.15234640140434
2025-06-12 12:12:00,80.7
2025-06-12 12:05:00,14.5
2025-06-12 19:23:00,50.15234640140434
2025-06-12 23:14:00,94.6
2025-06-12 20:52:00,17.7
2025-06-12 13:24:00,85.7
2025-06-12 02:06:00,57.8
2025-06-12 12:20:00,35.7
2025-06-12 01:01:00,51.0
2025-06-12 16:01:00,85.9
2025-06-12 22:31:00,4.1
2025-06-12 16:44:00,50.15234640140434
2025-06-12 06:43:00,50.15234640140434
2025-06-12 19:29:00,34.9
2025-06-12 12:56:00,61.4
2025-06-12 19:28:00,73.5
2025-06-12 11:13:00,54.8
2025-06-12 09:36:00,70.6
2025-06-12 02:28:00,88.3
2025-06-12 07:42:00,99.5
2025-06-12 04:09:00,6.3
2025-06-12 23:58:00,67.5
2025-06-12 23:07:00,40.1
2025-06-12 13:45:00,10.2
2025-06-12 04:45:00,34.2
2025-06-12 13:44:00,99.2
2025-06-12 10:13:00,63.8
2025-06-12 22:46:00,68.1
2025-06-12 18:50:00,50.15234640140434
2025-06-12 09:06:00,33.2
2025-06-12 01:47:00,86.8
2025-06-12 21:25:00,26.2
2025-06-12 06:32:00,86.4
2025-06-12 12:47:00,50.15234640140434
2025-06-12 01:55:00,71.3
2025-06-12 12:24:00,11.1
2025-06-12 11:21:00,40.6
2025-06-12 19:50:00,47.5
2025-06-12 16:43:00,65.7
2025-06-12 15:14:00,50.15234640140434
2025-06-12 00:42:00,67.3
2025-06-12 20:27:00,59.0
2025-06-12 12:03:00,50.8
2025-06-12 23:31:00,66.0
2025-06-12 10:55:00,65.2
2025-06-12 18:30:00,19.9
2025-06-12 23:16:00,61.0
2025-06-12 18:12:00,9.2
2025-06-12 04:44:00,61.5
2025-06-12 11:05:00,39.2
2025-06-12 05:25:00,9.6
2025-06-12 06:37:00,16.6
2025-06-12 13:23:00,89.3
2025-06-12 21:44:00,82.8
2025-06-12 03:12:00,37.6
2025-06-12 12:59:00,73.9
2025-06-12 14:20:00,50.15234640140434
2025-06-12 03:18:00,83.4
2025-06-12 19:48:00,27.3
2025-06-12 18:06:00,69.2
2025-06-12 00:50:00,82.2
2025-06-12 22:15:00,17.0
2025-06-12 18:45:00,6.9
2025-06-12 01:15:00,5.3
2025-06-12 21:32:00,50.15234640140434
2025-06-12 03:17:00,94.9
2025-06-12 23:24:00,41.2
2025-06-12 01:34:00,43.8
2025-06-12 12:57:00,53.2
2025-06-12 10:43:00,50.15234640140434
2025-06-12 03:54:00,53.2
2025-06-12 19:37:00,50.15234640140434
2025-06-12 04:46:00,22.2
2025-06-12 14:22:00,50.15234640140434
2025-06-12 17:03:00,50.15234640140434
2025-06-12 07:20:00,72.6
2025-06-12 02:11:00,59.5
2025-06-12 21:59:00,62.0
2025-06-12 08:24:00,88.3
2025-06-12 08:45:00,70.5
2025-06-12 22:41:00,69.4
2025-06-12 01:33:00,23.2
2025-06-12 08:13:00,14.1
2025-06-12 12:02:00,50.15234640140434
2025-06-12 06:20:00,43.0
2025-06-12 22:48:00,36.8
2025-06-12 17:00:00,67.7
2025-06-12 17:36:00,81.0
2025-06-12 06:53:00,41.8
2025-06-12 03:14:00,76.9
2025-06-12 20:06:00,89.5
2025-06-12 11:30:00,76.4
2025-06-12 02:38:00,88.4
2025-06-12 12:29:00,28.1
2025-06-12 11:00:00,24.4
2025-06-12 17:27:00,74.5
2025-06-12 00:41:00,57.1
2025-06-12 10:04:00,22.7
2025-06-12 01:49:00,14.2
2025-06-12 00:03:00,75.5
2025-06-12 10:33:00,49.8
2025-06-12 07:23:00,20.7
2025-06-12 15:21:00,75.4
2025-06-12 07:11:00,69.2
2025-06-12 20:29:00,50.15747328871669
2025-06-12 11:37:00,15.4
2025-06-12 12:08:00,90.0
2025-06-12 00:04:00,91.5
2025-06-12 05:31:00,10.5
2025-06-12 00:28:00,82.5
2025-06-12 00:53:00,32.5
2025-06-12 22:32:00,68.4
2025-06-12 23:41:00,35.7
2025-06-12 10:27:00,95.4
2025-06-12 10:14:00,85.3
2025-06-12 17:25:00,31.5
2025-06-12 16:44:00,42.4
2025-06-12 14:11:00,50.15747328871669
2025-06-12 15:30:00,93.1
2025-06-12 10:25:00,8.5
2025-06-12 09:18:00,46.8
2025-06-12 02:10:00,30.6
2025-06-12 16:39:00,11.5
2025-06-12 21:27:00,97.9
2025-06-12 03:01:00,40.6
2025-06-12 16:29:00,56.7
2025-06-12 16:36:00,88.8
2025-06-12 05:00:00,16.4
2025-06-12 03:51:00,27.6
2025-06-12 21:19:00,74.9
2025-06-12 12:48:00,37.7
2025-06-12 08:16:00,48.9
2025-06-12 17:31:00,45.4
2025-06-12 13:44:00,3.8
2025-06-12 01:27:00,69.3
2025-06-12 12:32:00,77.7
2025-06-12 23:57:00,6.9
2025-06-12 18:44:00,26.4
2025-06-12 16:13:00,34.8
2025-06-12 17:51:00,15.2
2025-06-12 08:08:00,98.8
2025-06-12 09:51:00,48.6
2025-06-12 01:52:00,43.3
2025-06-12 21:25:00,47.9
2025-06-12 18:55:00,73.8
2025-06-12 19:48:00,29.4
2025-06-12 12:19:00,62.8
2025-06-12 17:04:00,15.8
2025-06-12 19:39:00,73.9
2025-06-12 19:52:00,50.15747328871669
2025-06-12 20:43:00,70.5
2025-06-12 18:46:00,85.5
2025-06-12 22:54:00,75.8
2025-06-12 20:56:00,74.7
2025-06-12 13:37:00,57.9
2025-06-12 07:42:00,62.7
2025-06-12 02:53:00,79.5
2025-06-12 01:39:00,6.5
2025-06-12 11:01:00,50.15747328871669
2025-06-12 23:27:00,34.9
2025-06-12 01:47:00,10.6
2025-06-12 11:53:00,32.0
2025-06-12 22:06:00,83.5
2025-06-12 06:45:00,70.0
2025-06-12 14:27:00,45.0
2025-06-12 22:48:00,47.8
2025-06-12 14:57:00,32.5
2025-06-12 15:45:00,5.3
2025-06-12 13:07:00,50.15747328871669
2025-06-12 16:50:00,50.15747328871669
2025-06-12 05:33:00,53.6
2025-06-12 20:49:00,50.15747328871669
2025-06-12 08:54:00,63.7
2025-06-12 04:03:00,50.15747328871669
2025-06-12 12:52:00,96.4
2025-06-12 20:46:00,54.8
2025-06-12 10:03:00,16.0
2025-06-12 17:49:00,33.1
2025-06-12 21:52:00,8.0
2025-06-12 20:14:00,79.7
2025-06-12 07:36:00,96.5
2025-06-12 01:50:00,70.3
2025-06-12 16:20:00,95.6
2025-06-12 03:10:00,63.5
2025-06-12 07:34:00,67.8
2025-06-12 18:48:00,2.6
2025-06-12 01:48:00,16.5
2025-06-12 12:28:00,50.15747328871669
2025-06-12 11:55:00,35.4
2025-06-12 16:15:00,10.1
2025-06-12 08:58:00,77.0
2025-06-12 16:18:00,43.0
2025-06-12 01:55:00,54.7
2025-06-12 21:59:00,1.9
2025-06-12 19:09:00,78.6
2025-06-12 09:02:00,73.3
2025-06-12 22:10:00,90.5
2025-06-12 15:29:00,54.9
2025-06-12 04:33:00,50.15747328871669
2025-06-12 11:59:00,81.6
2025-06-12 03:02:00,97.6
2025-06-12 12:34:00,65.8
2025-06-12 17:28:00,4.6
2025-06-12 12:15:00,73.8
2025-06-12 03:11:00,50.15747328871669
2025-06-12 10:12:00,32.9
2025-06-12 04:54:00,18.2
2025-06-12 21:34:00,68.5
2025-06-12 18:42:00,23.5
2025-06-12 21:02:00,50.15747328871669
2025-06-12 10:39:00,74.5
2025-06-12 08:39:00,81.0
2025-06-12 09:41:00,26.3
2025-06-12 04:34:00,30.0
2025-06-12 10:32:00,59.3
2025-06-12 19:05:00,47.4
2025-06-12 19:44:00,55.5
2025-06-12 13:29:00,40.3
2025-06-12 20:25:00,3.1
2025-06-12 18:45:00,28.5
2025-06-12 07:24:00,50.15747328871669
2025-06-12 02:28:00,18.2
2025-06-12 02:06:00,79.2
2025-06-12 15:33:00,96.6
2025-06-12 08:41:00,58.0
2025-06-12 03:31:00,74.2
2025-06-12 18:05:00,14.9
2025-06-12 13:54:00,59.1
2025-06-12 04:57:00,25.4
2025-06-12 07:15:00,50.15747328871669
2025-06-12 20:58:00,52.0
2025-06-12 05:05:00,46.4
2025-06-12 09:45:00,22.9
2025-06-12 02:12:00,50.15747328871669
2025-06-12 14:03:00,21.7
2025-06-12 08:30:00,35.3
2025-06-12 03:19:00,51.6
2025-06-12 09:13:00,48.8
2025-06-12 12:02:00,99.7
2025-06-12 11:17:00,33.2
2025-06-12 13:53:00,50.15747328871669
2025-06-12 22:27:00,98.9
2025-06-12 10:43:00,26.4
2025-06-12 14:53:00,54.0
2025-06-12 06:51:00,60.2
2025-06-12 09:09:00,78.2
2025-06-12 12:47:00,1.5
2025-06-12 01:35:00,5.2
2025-06-12 07:30:00,50.15747328871669
2025-06-12 02:37:00,46.6
2025-06-12 15:28:00,50.15747328871669
2025-06-12 15:20:00,59.8
2025-06-12 10:05:00,50.2
2025-06-12 08:33:00,77.6
2025-06-12 11:08:00,15.8
2025-06-12 21:11:00,84.5
2025-06-12 03:52:00,65.9
2025-06-12 09:49:00,67.9
2025-06-12 17:45:00,48.8
2025-06-12 05:38:00,24.3
2025-06-12 05:14:00,23.4
2025-06-12 14:10:00,50.15747328871669
2025-06-12 19:38:00,10.2
2025-06-12 04:27:00,37.5
2025-06-12 17:03:00,20.2
2025-06-12 12:18:00,40.0
2025-06-12 23:52:00,79.3
2025-06-12 15:44:00,50.15747328871669
2025-06-12 20:22:00,20.3
2025-06-12 05:55:00,41.0
2025-06-12 21:28:00,50.15747328871669
2025-06-12 07:06:00,95.1
2025-06-12 11:11:00,93.4
2025-06-12 23:34:00,30.2
2025-06-12 03:07:00,58.8
2025-06-12 05:27:00,44.3
2025-06-12 05:51:00,69.3
2025-06-12 18:18:00,45.3
2025-06-12 02:45:00,93.8
2025-06-12 14:46:00,37.2
2025-06-12 03:13:00,41.7
2025-06-12 21:50:00,66.2
2025-06-12 13:43:00,92.1
2025-06-12 21:05:00,49.0
2025-06-12 12:49:00,60.0
2025-06-12 06:33:00,85.5
2025-06-12 23:23:00,50.15747328871669
2025-06-12 00:21:00,93.3
2025-06-12 17:21:00,34.3
2025-06-12 16:23:00,50.15747328871669
2025-06-12 14:23:00,6.3
2025-06-12 14:45:00,11.8
2025-06-12 00:03:00,49.4
2025-06-12 23:40:00,14.8
2025-06-12 18:41:00,92.7
2025-06-12 21:20:00,73.7
2025-06-12 03:56:00,2.0
2025-06-12 11:18:00,15.6
2025-06-12 06:43:00,50.15747328871669
2025-06-12 16:21:00,58.7
2025-06-12 08:52:00,86.6
2025-06-12 22:43:00,70.6
2025-06-12 01:49:00,67.2
2025-06-12 11:23:00,50.15747328871669
2025-06-12 12:37:00,75.1
2025-06-12 01:36:00,93.6
2025-06-12 09:23:00,50.15747328871669
2025-06-12 14:21:00,71.8
2025-06-12 05:07:00,19.3
2025-06-12 15:07:00,50.15747328871669
2025-06-12 01:00:00,78.4
2025-06-12 19:54:00,6.9
2025-06-12 17:34:00,50.15747328871669
2025-06-12 13:34:00,92.6
2025-06-12 07:26:00,50.15747328871669
2025-06-12 23:59:00,50.15747328871669
2025-06-12 21:08:00,6.6
2025-06-12 16:54:00,87.7
2025-06-12 12:51:00,50.15747328871669
2025-06-12 12:09:00,70.7
2025-06-12 05:30:00,23.1
2025-06-12 16:02:00,83.1
2025-06-12 12:39:00,50.15747328871669
2025-06-12 04:52:00,1.6
2025-06-12 19:04:00,50.15747328871669
2025-06-12 09:22:00,50.15747328871669
2025-06-12 04:19:00,59.9
2025-06-12 00:45:00,13.1
2025-06-12 16:12:00,67.0
2025-06-12 04:14:00,47.5
2025-06-12 04:46:00,8.7
2025-06-12 04:13:00,26.5
2025-06-12 06:57:00,61.2
2025-06-12 21:43:00,17.0
2025-06-12 07:18:00,50.15747328871669
2025-06-12 10:34:00,93.5
2025-06-12 00:13:00,62.7
2025-06-12 19:35:00,3.6
2025-06-12 21:18:00,87.8
2025-06-12 01:17:00,69.4
2025-06-12 15:51:00,7.9
2025-06-12 11:33:00,67.1
2025-06-12 22:46:00,72.4
2025-06-12 19:18:00,81.7
2025-06-12 00:14:00,37.8
2025-06-12 18:31:00,76.3
2025-06-12 15:13:00,6.9
2025-06-12 18:11:00,6.5
2025-06-12 18:04:00,62.6
2025-06-12 05:45:00,68.5
2025-06-12 03:42:00,30.3
2025-06-12 04:58:00,50.15747328871669
2025-06-12 16:22:00,66.4
2025-06-12 13:38:00,67.8
2025-06-12 12:27:00,45.4
2025-06-12 16:35:00,91.8
2025-06-12 18:33:00,8.0
2025-06-12 09:27:00,50.15747328871669
2025-06-12 18:54:00,31.9
2025-06-12 22:29:00,35.8
2025-06-12 06:56:00,41.0
2025-06-12 11:05:00,86.0
2025-06-12 05:39:00,78.4
2025-06-12 10:15:00,94.5
2025-06-12 17:39:00,5.6
2025-06-12 02:56:00,40.4
2025-06-12 09:59:00,9.3
2025-06-12 07:49:00,50.15747328871669
2025-06-12 00:36:00,70.8
2025-06-12 06:26:00,17.3
2025-06-12 15:35:00,2.5
2025-06-12 20:15:00,98.9
2025-06-12 21:09:00,63.6
2025-06-12 08:18:00,52.1
2025-06-12 05:22:00,50.15747328871669
2025-06-12 01:05:00,82.1
2025-06-12 07:20:00,50.15747328871669
2025-06-12 13:47:00,50.3
2025-06-12 01:41:00,50.15747328871669
2025-06-12 22:52:00,39.0
2025-06-12 01:25:00,6.2
2025-06-12 09:05:00,47.6
2025-06-12 13:30:00,79.3
2025-06-12 00:39:00,77.3
2025-06-12 17:48:00,24.0
2025-06-12 02:17:00,24.8
2025-06-12 02:03:00,15.4
2025-06-12 20:33:00,82.9
2025-06-12 19:37:00,54.6
2025-06-12 00:17:00,56.0
2025-06-12 12:12:00,76.9
2025-06-12 04:09:00,79.6
2025-06-12 07:22:00,70.4
2025-06-12 14:59:00,63.0
2025-06-12 06:09:00,33.4
2025-06-12 01:34:00,0.9
2025-06-12 09:14:00,50.15747328871669
2025-06-12 18:34:00,60.5
2025-06-12 22:00:00,41.8
2025-06-12 14:54:00,26.7
2025-06-12 08:24:00,16.5
2025-06-12 09:08:00,37.6
2025-06-12 05:48:00,70.5
2025-06-12 10:06:00,89.2
2025-06-12 12:10:00,99.9
2025-06-12 21:44:00,33.4
2025-06-12 05:17:00,50.15747328871669
2025-06-12 22:44:00,11.9
2025-06-12 09:00:00,61.6
2025-06-12 17:24:00,64.9
2025-06-12 07:07:00,75.1
2025-06-12 15:37:00,79.2
2025-06-12 04:23:00,40.2
2025-06-12 01:31:00,68.5
2025-06-12 23:28:00,13.7
2025-06-12 05:10:00,50.15747328871669
2025-06-12 16:28:00,40.5
2025-06-12 13:51:00,99.2
2025-06-12 18:06:00,11.1
2025-06-12 03:36:00,50.15747328871669
2025-06-12 10:24:00,68.2
2025-06-12 10:37:00,69.9
2025-06-12 17:50:00,48.4
2025-06-12 13:33:00,50.15747328871669
2025-06-12 14:17:00,20.4
2025-06-12 22:23:00,27.0
2025-06-12 04:00:00,95.1
2025-06-12 15:22:00,61.8
2025-06-12 04:31:00,2.5
2025-06-12 23:36:00,50.07997412982127
2025-06-12 10:21:00,75.8
2025-06-12 14:22:00,81.7
2025-06-12 03:13:00,18.8
2025-06-12 00:40:00,63.2
2025-06-12 18:41:00,16.8
2025-06-12 00:12:00,26.5
2025-06-12 01:19:00,49.5
2025-06-12 07:38:00,50.07997412982127
2025-06-12 03:38:00,94.4
2025-06-12 21:36:00,50.07997412982127
2025-06-12 14:05:00,36.1
2025-06-12 06:37:00,50.07997412982127
2025-06-12 18:35:00,50.07997412982127
2025-06-12 18:18:00,3.9
2025-06-12 20:31:00,68.4
2025-06-12 18:19:00,36.8
2025-06-12 23:53:00,61.6
2025-06-12 09:28:00,6.4
2025-06-12 14:00:00,94.0
2025-06-12 00:44:00,37.4
2025-06-12 05:52:00,50.07997412982127
2025-06-12 10:41:00,17.8
2025-06-12 00:18:00,77.8
2025-06-12 12:41:00,5.6
2025-06-12 01:13:00,74.4
2025-06-12 19:58:00,57.5
2025-06-12 23:51:00,90.2
2025-06-12 05:37:00,36.3
2025-06-12 17:16:00,50.07997412982127
2025-06-12 04:40:00,15.2
2025-06-12 15:33:00,54.6
2025-06-12 08:33:00,50.07997412982127
2025-06-12 22:55:00,57.8
2025-06-12 09:58:00,99.4
2025-06-12 16:34:00,50.07997412982127
2025-06-12 09:14:00,17.4
2025-06-12 02:47:00,50.07997412982127
2025-06-12 12:20:00,50.07997412982127
2025-06-12 09:56:00,50.07997412982127
2025-06-12 06:30:00,32.2
2025-06-12 07:01:00,86.7
2025-06-12 03:27:00,71.4
2025-06-12 10:56:00,31.2
2025-06-12 23:02:00,50.07997412982127
2025-06-12 01:59:00,68.0
2025-06-12 19:13:00,50.07997412982127
2025-06-12 14:29:00,30.5
2025-06-12 18:45:00,16.4
2025-06-12 12:03:00,82.0
2025-06-12 10:07:00,59.5
2025-06-12 11:58:00,56.7
2025-06-12 01:15:00,21.0
2025-06-12 16:43:00,15.4
2025-06-12 11:03:00,50.07997412982127
2025-06-12 20:21:00,21.0
2025-06-12 06:47:00,80.4
2025-06-12 20:37:00,29.8
2025-06-12 23:11:00,60.8
2025-06-12 06:50:00,94.4
2025-06-12 21:12:00,57.5
2025-06-12 02:14:00,75.3
2025-06-12 08:40:00,97.4
2025-06-12 20:08:00,66.6
2025-06-12 22:04:00,58.1
2025-06-12 09:47:00,93.1
2025-06-12 20:55:00,50.07997412982127
2025-06-12 01:22:00,10.3
2025-06-12 16:53:00,45.8
2025-06-12 19:35:00,2.6
2025-06-12 23:12:00,50.07997412982127
2025-06-12 18:42:00,87.3
2025-06-12 10:20:00,50.07997412982127
2025-06-12 01:32:00,58.2
2025-06-12 22:34:00,44.5
2025-06-12 18:15:00,29.7
2025-06-12 02:54:00,26.1
2025-06-12 04:30:00,66.7
2025-06-12 09:59:00,50.07997412982127
2025-06-12 00:47:00,33.8
2025-06-12 04:18:00,50.07997412982127
2025-06-12 01:18:00,46.0
2025-06-12 21:21:00,50.07997412982127
2025-06-12 10:02:00,82.5
2025-06-12 18:17:00,50.07997412982127
2025-06-12 21:17:00,50.07997412982127
2025-06-12 18:16:00,12.6
2025-06-12 09:06:00,50.07997412982127
2025-06-12 13:55:00,56.3
2025-06-12 20:52:00,50.07997412982127
2025-06-12 20:26:00,16.3
2025-06-12 18:28:00,92.1
2025-06-12 18:22:00,90.5
2025-06-12 15:44:00,21.9
2025-06-12 07:10:00,30.1
2025-06-12 17:05:00,70.2
2025-06-12 14:44:00,1.1
2025-06-12 04:27:00,62.3
2025-06-12 17:48:00,8.6
2025-06-12 09:35:00,54.5
2025-06-12 11:59:00,27.4
2025-06-12 05:05:00,81.0
2025-06-12 19:02:00,50.07997412982127
2025-06-12 16:14:00,34.9
2025-06-12 02:16:00,50.07997412982127
2025-06-12 02:22:00,50.07997412982127
2025-06-12 11:00:00,82.8
2025-06-12 21:13:00,58.3
2025-06-12 15:19:00,65.8
2025-06-12 15:05:00,41.1
2025-06-12 09:04:00,50.07997412982127
2025-06-12 19:54:00,30.1
2025-06-12 05:26:00,5.1
2025-06-12 21:55:00,64.6
2025-06-12 08:08:00,5.3
2025-06-12 18:47:00,2.1
2025-06-12 00:22:00,4.5
2025-06-12 08:38:00,57.5
2025-06-12 23:06:00,97.8
2025-06-12 02:44:00,67.3
2025-06-12 01:20:00,50.07997412982127
2025-06-12 15:43:00,40.8
2025-06-12 23:04:00,4.4
2025-06-12 10:37:00,50.07997412982127
2025-06-12 06:06:00,94.1
2025-06-12 21:58:00,96.9
2025-06-12 06:01:00,33.8
2025-06-12 15:24:00,99.6
2025-06-12 00:08:00,74.6
2025-06-12 07:49:00,78.0
2025-06-12 21:14:00,50.07997412982127
2025-06-12 11:18:00,28.9
2025-06-12 08:23:00,55.2
2025-06-12 11:57:00,81.5
2025-06-12 09:13:00,39.5
2025-06-12 15:38:00,45.5
2025-06-12 15:51:00,50.07997412982127
2025-06-12 12:57:00,50.07997412982127
2025-06-12 04:32:00,13.8
2025-06-12 12:37:00,42.7
2025-06-12 23:43:00,85.9
2025-06-12 13:52:00,80.0
2025-06-12 07:14:00,13.8
2025-06-12 01:55:00,62.9
2025-06-12 21:46:00,80.3
2025-06-12 23:54:00,95.8
2025-06-12 09:42:00,30.7
2025-06-12 09:38:00,89.8
2025-06-12 09:37:00,85.5
2025-06-12 23:21:00,50.07997412982127
2025-06-12 14:19:00,8.3
2025-06-12 01:53:00,76.9
2025-06-12 20:20:00,85.5
2025-06-12 06:25:00,93.4
2025-06-12 21:18:00,17.4
2025-06-12 03:08:00,50.07997412982127
2025-06-12 03:48:00,46.5
2025-06-12 13:12:00,2.5
2025-06-12 15:03:00,11.4
2025-06-12 06:24:00,43.3
2025-06-12 15:30:00,80.2
2025-06-12 16:06:00,38.5
2025-06-12 18:36:00,50.07997412982127
2025-06-12 10:29:00,61.7
2025-06-12 12:36:00,11.0
2025-06-12 03:53:00,61.4
2025-06-12 20:41:00,51.0
2025-06-12 11:41:00,41.8
2025-06-12 00:19:00,24.1
2025-06-12 01:48:00,38.3
2025-06-12 20:25:00,42.8
2025-06-12 02:29:00,22.6
2025-06-12 07:57:00,50.07997412982127
2025-06-12 19:26:00,94.4
2025-06-12 00:23:00,77.2
2025-06-12 10:24:00,13.6
2025-06-12 10:43:00,32.9
2025-06-12 18:39:00,88.0
2025-06-12 03:12:00,29.8
2025-06-12 16:51:00,90.9
2025-06-12 03:18:00,50.07997412982127
2025-06-12 22:29:00,67.0
2025-06-12 00:15:00,17.5
2025-06-12 03:05:00,22.2
2025-06-12 14:43:00,97.6
2025-06-12 15:56:00,55.4
2025-06-12 22:07:00,81.3
2025-06-12 08:21:00,54.1
2025-06-12 23:47:00,61.6
2025-06-12 16:03:00,93.5
2025-06-12 21:44:00,1.5
2025-06-12 08:36:00,50.07997412982127
2025-06-12 17:28:00,65.2
2025-06-12 09:25:00,50.07997412982127
2025-06-12 10:08:00,57.6
2025-06-12 03:45:00,50.07997412982127
2025-06-12 09:01:00,50.07997412982127
2025-06-12 15:16:00,27.3
2025-06-12 23:18:00,50.07997412982127
2025-06-12 22:15:00,51.9
2025-06-12 04:50:00,17.6
2025-06-12 18:38:00,92.6
2025-06-12 15:08:00,97.2
2025-06-12 08:30:00,43.1
2025-06-12 07:13:00,94.0
2025-06-12 08:05:00,45.8
2025-06-12 18:34:00,27.5
2025-06-12 15:07:00,29.8
2025-06-12 16:08:00,15.0
2025-06-12 21:30:00,30.2
2025-06-12 03:51:00,64.7
2025-06-12 10:09:00,47.2
2025-06-12 17:14:00,30.6
2025-06-12 03:21:00,32.8
2025-06-12 08:54:00,66.3
2025-06-12 23:09:00,11.6
2025-06-12 03:47:00,88.0
2025-06-12 10:33:00,37.4
2025-06-12 06:07:00,13.7
2025-06-12 12:08:00,20.6
2025-06-12 12:32:00,25.6
2025-06-12 23:05:00,64.7
2025-06-12 04:13:00,6.1
2025-06-12 06:48:00,18.0
2025-06-12 12:38:00,97.4
2025-06-12 02:10:00,50.07997412982127
2025-06-12 23:48:00,75.6
2025-06-12 01:37:00,2.4
2025-06-12 20:39:00,65.4
2025-06-12 17:51:00,11.4
2025-06-12 15:54:00,80.6
2025-06-12 07:11:00,25.0
2025-06-12 14:18:00,50.07997412982127
2025-06-12 19:59:00,94.7
2025-06-12 20:04:00,4.5
2025-06-12 00:59:00,44.4
2025-06-12 12:28:00,26.0
2025-06-12 15:40:00,87.5
2025-06-12 21:49:00,88.7
2025-06-12 08:42:00,13.3
2025-06-12 01:38:00,97.7
2025-06-12 12:27:00,18.3
2025-06-12 22:42:00,68.5
2025-06-12 10:38:00,75.7
2025-06-12 00:13:00,70.7
2025-06-12 03:24:00,20.1
2025-06-12 06:12:00,70.2
2025-06-12 12:34:00,99.5
2025-06-12 00:49:00,6.9
2025-06-12 22:59:00,42.3
2025-06-12 03:17:00,87.9
2025-06-12 22:11:00,22.3
2025-06-12 07:56:00,50.07997412982127
2025-06-12 06:41:00,50.07997412982127
2025-06-12 05:11:00,65.2
2025-06-12 06:49:00,54.5
2025-06-12 08:55:00,50.07997412982127
2025-06-12 09:03:00,11.1
2025-06-12 05:55:00,84.4
2025-06-12 23:26:00,59.8
2025-06-12 13:33:00,26.5
2025-06-12 18:24:00,35.3
2025-06-12 14:46:00,20.7
2025-06-12 01:45:00,40.6
2025-06-12 10:12:00,66.0
2025-06-12 15:00:00,59.1
2025-06-12 22:38:00,50.07997412982127
2025-06-12 17:54:00,50.07997412982127
2025-06-12 07:22:00,50.07997412982127
2025-06-12 07:20:00,50.07997412982127
2025-06-12 05:54:00,14.1
2025-06-12 10:59:00,88.2
2025-06-12 00:28:00,91.5
2025-06-12 07:54:00,73.0
2025-06-12 12:05:00,55.9
2025-06-12 02:48:00,99.4
2025-06-12 16:45:00,2.7
2025-06-12 11:46:00,56.8
2025-06-12 15:14:00,48.8
2025-06-12 13:39:00,50.07997412982127
2025-06-12 18:05:00,31.6
2025-06-12 19:32:00,2.2
2025-06-12 18:56:00,16.9
2025-06-12 18:42:00,45.3
2025-06-12 23:46:00,43.3
2025-06-12 13:17:00,54.2
2025-06-12 13:31:00,58.9
2025-06-12 03:08:00,17.9
2025-06-12 14:42:00,83.2
2025-06-12 13:16:00,76.2
2025-06-12 22:29:00,42.9
2025-06-12 08:08:00,27.8
2025-06-12 03:41:00,90.2
2025-06-12 19:19:00,24.4
2025-06-12 19:29:00,48.4
2025-06-12 09:25:00,49.822039706925075
2025-06-12 02:16:00,16.3
2025-06-12 21:46:00,3.6
2025-06-12 10:06:00,8.6
2025-06-12 14:34:00,9.8
2025-06-12 23:49:00,49.822039706925075
2025-06-12 10:59:00,54.5
2025-06-12 08:48:00,7.6
2025-06-12 04:33:00,49.822039706925075
2025-06-12 13:37:00,43.2
2025-06-12 04:35:00,81.6
2025-06-12 11:28:00,26.1
2025-06-12 14:31:00,7.9
2025-06-12 04:08:00,84.8
2025-06-12 23:14:00,87.7
2025-06-12 03:37:00,19.6
2025-06-12 16:25:00,5.6
2025-06-12 01:47:00,67.0
2025-06-12 11:53:00,28.9
2025-06-12 11:46:00,98.8
2025-06-12 17:31:00,49.822039706925075
2025-06-12 05:26:00,33.0
2025-06-12 19:32:00,44.3
2025-06-12 20:26:00,79.4
2025-06-12 00:40:00,13.3
2025-06-12 11:48:00,45.1
2025-06-12 11:33:00,11.8
2025-06-12 08:31:00,32.9
2025-06-12 01:55:00,13.0
2025-06-12 19:50:00,91.4
2025-06-12 14:00:00,26.9
2025-06-12 09:53:00,46.0
2025-06-12 22:57:00,46.7
2025-06-12 13:22:00,7.3
2025-06-12 07:55:00,45.9
2025-06-12 09:54:00,49.822039706925075
2025-06-12 02:20:00,43.1
2025-06-12 06:25:00,67.6
2025-06-12 12:40:00,49.822039706925075
2025-06-12 11:02:00,74.7
2025-06-12 21:43:00,94.5
2025-06-12 23:24:00,78.9
2025-06-12 17:57:00,92.8
2025-06-12 09:27:00,49.822039706925075
2025-06-12 06:23:00,81.1
2025-06-12 05:28:00,89.8
2025-06-12 07:40:00,16.9
2025-06-12 18:13:00,74.9
2025-06-12 09:35:00,49.822039706925075
2025-06-12 23:08:00,81.1
2025-06-12 16:23:00,84.0
2025-06-12 13:26:00,17.6
2025-06-12 15:12:00,65.5
2025-06-12 03:29:00,70.3
2025-06-12 14:26:00,49.822039706925075
2025-06-12 18:15:00,85.3
2025-06-12 09:04:00,49.822039706925075
2025-06-12 12:34:00,88.2
2025-06-12 22:43:00,19.1
2025-06-12 06:43:00,95.3
2025-06-12 06:30:00,94.8
2025-06-12 07:12:00,49.822039706925075
2025-06-12 04:36:00,72.1
2025-06-12 07:44:00,63.0
2025-06-12 19:17:00,27.3
2025-06-12 16:09:00,77.1
2025-06-12 09:37:00,51.6
2025-06-12 01:22:00,31.1
2025-06-12 03:47:00,6.6
2025-06-12 11:41:00,69.1
2025-06-12 09:32:00,64.2
2025-06-12 12:03:00,78.1
2025-06-12 02:31:00,50.8
2025-06-12 03:52:00,31.6
2025-06-12 02:01:00,88.2
2025-06-12 21:48:00,70.0
2025-06-12 21:17:00,44.9
2025-06-12 23:31:00,22.8
2025-06-12 00:01:00,24.0
2025-06-12 20:35:00,49.822039706925075
2025-06-12 10:34:00,52.9
2025-06-12 20:22:00,19.0
2025-06-12 18:48:00,52.1
2025-06-12 07:46:00,82.1
2025-06-12 19:37:00,90.4
2025-06-12 15:48:00,23.8
2025-06-12 03:15:00,49.6
2025-06-12 10:49:00,49.822039706925075
2025-06-12 23:13:00,9.7
2025-06-12 22:47:00,76.9
2025-06-12 01:34:00,5.5
2025-06-12 19:57:00,21.9
2025-06-12 00:27:00,9.4
2025-06-12 21:04:00,58.3
2025-06-12 00:29:00,49.822039706925075
2025-06-12 20:16:00,60.0
2025-06-12 09:23:00,27.3
2025-06-12 12:57:00,40.4
2025-06-12 09:52:00,45.0
2025-06-12 18:11:00,19.1
2025-06-12 07:23:00,4.2
2025-06-12 06:20:00,90.5
2025-06-12 03:49:00,92.8
2025-06-12 15:37:00,62.6
2025-06-12 14:56:00,72.8
2025-06-12 01:12:00,49.822039706925075
2025-06-12 04:32:00,79.5
2025-06-12 17:44:00,48.9
2025-06-12 19:04:00,6.9
2025-06-12 12:15:00,90.8
2025-06-12 05:29:00,86.7
2025-06-12 21:35:00,49.822039706925075
2025-06-12 01:38:00,48.5
2025-06-12 06:14:00,21.1
2025-06-12 18:50:00,60.8
2025-06-12 04:46:00,52.9
2025-06-12 03:36:00,34.3
2025-06-12 06:05:00,73.7
2025-06-12 21:52:00,2.4
2025-06-12 17:37:00,49.822039706925075
2025-06-12 13:19:00,37.3
2025-06-12 06:24:00,59.7
2025-06-12 00:20:00,12.1
2025-06-12 13:49:00,49.822039706925075
2025-06-12 12:11:00,92.0
2025-06-12 14:54:00,49.822039706925075
2025-06-12 05:53:00,5.5
2025-06-12 21:57:00,49.822039706925075
2025-06-12 22:39:00,89.0
2025-06-12 09:07:00,42.9
2025-06-12 09:43:00,80.5
2025-06-12 23:38:00,59.5
2025-06-12 07:04:00,49.822039706925075
2025-06-12 16:45:00,87.2
2025-06-12 19:43:00,67.9
2025-06-12 10:27:00,6.2
2025-06-12 11:05:00,24.7
2025-06-12 15:05:00,49.822039706925075
2025-06-12 01:50:00,49.4
2025-06-12 12:13:00,68.1
2025-06-12 09:03:00,43.1
2025-06-12 00:04:00,6.0
2025-06-12 11:42:00,17.4
2025-06-12 00:57:00,85.3
2025-06-12 09:26:00,55.8
2025-06-12 12:55:00,16.3
2025-06-12 22:40:00,81.7
2025-06-12 04:48:00,56.0
2025-06-12 14:43:00,49.822039706925075
2025-06-12 15:28:00,4.1
2025-06-12 17:07:00,90.7
2025-06-12 11:49:00,16.3
2025-06-12 19:00:00,50.9
2025-06-12 17:18:00,88.5
2025-06-12 02:36:00,28.1
2025-06-12 09:39:00,57.1
2025-06-12 01:40:00,18.5
2025-06-12 16:19:00,1.7
2025-06-12 12:02:00,60.8
2025-06-12 01:13:00,94.4
2025-06-12 10:40:00,75.4
2025-06-12 04:24:00,26.5
2025-06-12 04:37:00,49.822039706925075
2025-06-12 18:25:00,28.7
2025-06-12 20:46:00,54.7
2025-06-12 14:27:00,26.8
2025-06-12 13:11:00,51.6
2025-06-12 11:36:00,79.0
2025-06-12 07:18:00,71.6
2025-06-12 09:24:00,45.4
2025-06-12 14:35:00,30.7
2025-06-12 04:15:00,49.4
2025-06-12 21:56:00,1.3
2025-06-12 12:10:00,95.3
2025-06-12 02:58:00,26.0
2025-06-12 22:16:00,53.7
2025-06-12 21:45:00,49.822039706925075
2025-06-12 07:49:00,35.6
2025-06-12 07:56:00,49.822039706925075
2025-06-12 12:23:00,79.3
2025-06-12 23:03:00,11.0
2025-06-12 09:11:00,44.0
2025-06-12 14:02:00,84.0
2025-06-12 09:47:00,14.6
2025-06-12 01:41:00,49.822039706925075
2025-06-12 00:25:00,71.9
2025-06-12 04:13:00,49.822039706925075
2025-06-12 01:11:00,91.2
2025-06-12 10:51:00,63.5
2025-06-12 07:39:00,69.8
2025-06-12 08:13:00,70.4
2025-06-12 18:27:00,55.4
2025-06-12 22:58:00,98.7
2025-06-12 13:14:00,80.2
2025-06-12 23:02:00,49.822039706925075
2025-06-12 23:34:00,60.9
2025-06-12 23:54:00,89.8
2025-06-12 07:16:00,18.8
2025-06-12 05:00:00,49.822039706925075
2025-06-12 22:08:00,98.1
2025-06-12 15:21:00,97.3
2025-06-12 19:13:00,65.3
2025-06-12 04:34:00,53.1
2025-06-12 20:12:00,74.3
2025-06-12 20:10:00,76.4
2025-06-12 17:59:00,71.0
2025-06-12 08:30:00,49.822039706925075
2025-06-12 16:20:00,49.822039706925075
2025-06-12 21:58:00,49.822039706925075
2025-06-12 06:13:00,11.9
2025-06-12 17:52:00,31.5
2025-06-12 09:29:00,21.9
2025-06-12 15:11:00,36.0
2025-06-12 17:10:00,67.7
2025-06-12 11:23:00,72.3
2025-06-12 02:24:00,90.4
2025-06-12 19:07:00,14.6
2025-06-12 07:17:00,33.7
2025-06-12 14:07:00,49.822039706925075
2025-06-12 13:47:00,36.3
2025-06-12 03:44:00,96.8
2025-06-12 01:20:00,56.2
2025-06-12 16:37:00,82.9
2025-06-12 01:18:00,58.2
2025-06-12 17:14:00,63.3
2025-06-12 04:01:00,34.9
2025-06-12 10:05:00,25.0
2025-06-12 11:44:00,88.1
2025-06-12 06:59:00,72.0
2025-06-12 23:51:00,31.2
2025-06-12 18:46:00,67.8
2025-06-12 16:36:00,53.9
2025-06-12 13:33:00,62.8
2025-06-12 04:12:00,49.822039706925075
2025-06-12 12:17:00,48.4
2025-06-12 22:59:00,67.2
2025-06-12 06:06:00,33.9
2025-06-12 14:22:00,49.822039706925075
2025-06-12 11:03:00,42.7
2025-06-12 01:30:00,32.2
2025-06-12 14:20:00,38.8
2025-06-12 16:35:00,71.7
2025-06-12 15:07:00,25.7
2025-06-12 21:00:00,87.3
2025-06-12 01:57:00,49.822039706925075
2025-06-12 21:03:00,52.1
2025-06-12 05:50:00,73.5
2025-06-12 04:43:00,78.8
2025-06-12 16:51:00,63.0
2025-06-12 22:55:00,49.822039706925075
2025-06-12 22:03:00,49.4
2025-06-12 15:43:00,49.822039706925075
2025-06-12 21:30:00,13.5
2025-06-12 04:39:00,41.2
2025-06-12 08:49:00,91.5
2025-06-12 23:00:00,22.0
2025-06-12 21:11:00,23.8
2025-06-12 18:47:00,68.3
2025-06-12 16:34:00,81.9
2025-06-12 02:17:00,49.822039706925075
2025-06-12 01:33:00,77.4
2025-06-12 14:28:00,84.7
2025-06-12 05:31:00,74.1
2025-06-12 18:35:00,61.2
2025-06-12 21:24:00,97.6
2025-06-12 00:45:00,27.9
2025-06-12 20:01:00,91.3
2025-06-12 06:10:00,6.3
2025-06-12 10:53:00,9.4
2025-06-12 12:30:00,30.9
2025-06-12 04:44:00,61.5
2025-06-12 11:30:00,20.3
2025-06-12 22:07:00,73.8
2025-06-12 12:34:00,50.313785814936594
2025-06-12 02:56:00,95.5
2025-06-12 10:49:00,0.3
2025-06-12 21:31:00,77.5
2025-06-12 14:32:00,50.313785814936594
2025-06-12 12:36:00,50.313785814936594
2025-06-12 06:43:00,6.1
2025-06-12 15:17:00,50.313785814936594
2025-06-12 08:56:00,65.3
2025-06-12 11:00:00,11.0
2025-06-12 13:22:00,50.313785814936594
2025-06-12 07:16:00,23.4
2025-06-12 04:53:00,46.9
2025-06-12 13:56:00,37.6
2025-06-12 06:19:00,54.0
2025-06-12 10:35:00,50.4
2025-06-12 08:22:00,94.2
2025-06-12 02:05:00,23.1
2025-06-12 23:32:00,43.2
2025-06-12 18:05:00,33.5
2025-06-12 09:52:00,50.313785814936594
2025-06-12 13:18:00,22.7
2025-06-12 23:37:00,24.7
2025-06-12 04:46:00,3.4
2025-06-12 03:22:00,54.0
2025-06-12 19:39:00,50.313785814936594
2025-06-12 18:31:00,63.2
2025-06-12 02:32:00,32.9
2025-06-12 23:02:00,86.1
2025-06-12 08:01:00,64.8
2025-06-12 02:53:00,50.313785814936594
2025-06-12 23:45:00,67.6
2025-06-12 13:23:00,47.2
2025-06-12 09:18:00,94.6
2025-06-12 18:50:00,24.5
2025-06-12 03:58:00,3.5
2025-06-12 02:45:00,51.3
2025-06-12 15:43:00,72.6
2025-06-12 06:28:00,18.5
2025-06-12 01:05:00,64.4
2025-06-12 02:48:00,98.7
2025-06-12 08:32:00,58.2
2025-06-12 01:46:00,50.313785814936594
2025-06-12 06:58:00,68.1
2025-06-12 09:09:00,40.3
2025-06-12 13:01:00,90.3
2025-06-12 11:51:00,50.313785814936594
2025-06-12 10:24:00,86.8
2025-06-12 13:59:00,63.7
2025-06-12 03:02:00,69.7
2025-06-12 02:42:00,3.1
2025-06-12 03:31:00,53.1
2025-06-12 09:48:00,47.2
2025-06-12 07:11:00,88.9
2025-06-12 07:56:00,50.313785814936594
2025-06-12 08:25:00,13.4
2025-06-12 01:50:00,40.4
2025-06-12 08:33:00,90.3
2025-06-12 10:53:00,39.2
2025-06-12 11:44:00,28.3
2025-06-12 17:09:00,63.0
2025-06-12 17:33:00,28.5
2025-06-12 14:10:00,23.7
2025-06-12 13:58:00,21.9
2025-06-12 08:05:00,40.1
2025-06-12 11:39:00,85.2
2025-06-12 06:42:00,84.3
2025-06-12 18:54:00,69.4
2025-06-12 22:23:00,50.313785814936594
2025-06-12 11:43:00,37.7
2025-06-12 21:30:00,52.5
2025-06-12 03:33:00,8.7
2025-06-12 00:37:00,50.313785814936594
2025-06-12 23:58:00,43.4
2025-06-12 22:43:00,42.1
2025-06-12 04:02:00,48.7
2025-06-12 12:04:00,14.2
2025-06-12 16:25:00,2.5
2025-06-12 16:34:00,47.3
2025-06-12 02:08:00,0.8
2025-06-12 02:00:00,50.313785814936594
2025-06-12 19:30:00,20.4
2025-06-12 05:59:00,81.5
2025-06-12 20:20:00,75.1
2025-06-12 05:01:00,88.7
2025-06-12 16:02:00,30.0
2025-06-12 22:52:00,49.7
2025-06-12 00:29:00,37.0
2025-06-12 23:33:00,65.1
2025-06-12 18:42:00,18.4
2025-06-12 22:59:00,66.4
2025-06-12 21:44:00,58.8
2025-06-12 08:27:00,60.3
2025-06-12 04:30:00,71.6
2025-06-12 11:20:00,12.8
2025-06-12 22:49:00,57.8
2025-06-12 00:39:00,67.5
2025-06-12 19:36:00,31.0
2025-06-12 20:21:00,46.4
2025-06-12 07:58:00,69.3
2025-06-12 06:06:00,69.1
2025-06-12 04:50:00,29.4
2025-06-12 22:32:00,30.6
2025-06-12 05:51:00,91.9
2025-06-12 16:59:00,80.0
2025-06-12 01:15:00,40.8
2025-06-12 18:08:00,56.3
2025-06-12 12:40:00,11.7
2025-06-12 17:58:00,58.0
2025-06-12 08:57:00,59.2
2025-06-12 08:12:00,34.5
2025-06-12 03:18:00,18.4
2025-06-12 18:36:00,88.1
2025-06-12 12:17:00,82.9
2025-06-12 16:48:00,50.313785814936594
2025-06-12 05:21:00,50.313785814936594
2025-06-12 00:46:00,50.313785814936594
2025-06-12 01:11:00,50.313785814936594
2025-06-12 08:52:00,10.3
2025-06-12 17:11:00,15.4
2025-06-12 04:49:00,50.313785814936594
2025-06-12 09:54:00,88.0
2025-06-12 17:35:00,94.9
2025-06-12 14:27:00,50.313785814936594
2025-06-12 18:20:00,88.9
2025-06-12 18:41:00,42.5
2025-06-12 18:14:00,94.6
2025-06-12 11:05:00,32.9
2025-06-12 03:25:00,4.5
2025-06-12 09:10:00,50.313785814936594
2025-06-12 21:08:00,5.4
2025-06-12 07:15:00,23.5
2025-06-12 12:09:00,42.7
2025-06-12 00:26:00,54.5
2025-06-12 22:45:00,13.7
2025-06-12 22:46:00,9.5
2025-06-12 21:56:00,16.1
2025-06-12 19:22:00,81.2
2025-06-12 05:35:00,56.2
2025-06-12 07:38:00,84.8
2025-06-12 23:48:00,55.0
2025-06-12 04:18:00,22.4
2025-06-12 08:38:00,50.313785814936594
2025-06-12 08:43:00,59.3
2025-06-12 12:02:00,60.4
2025-06-12 19:34:00,96.9
2025-06-12 01:49:00,55.4
2025-06-12 03:32:00,11.4
2025-06-12 21:34:00,89.3
2025-06-12 14:51:00,50.313785814936594
2025-06-12 10:38:00,63.1
2025-06-12 07:21:00,60.9
2025-06-12 17:56:00,57.5
2025-06-12 10:14:00,32.7
2025-06-12 12:19:00,50.313785814936594
2025-06-12 02:14:00,8.6
2025-06-12 01:38:00,30.7
2025-06-12 22:04:00,11.5
2025-06-12 12:58:00,64.7
2025-06-12 20:25:00,63.3
2025-06-12 04:04:00,50.313785814936594
2025-06-12 19:12:00,50.313785814936594
2025-06-12 08:45:00,21.2
2025-06-12 05:11:00,87.8
2025-06-12 09:23:00,85.9
2025-06-12 11:37:00,49.9
2025-06-12 15:23:00,19.9
2025-06-12 10:48:00,90.0
2025-06-12 11:32:00,0.5
2025-06-12 19:19:00,8.2
2025-06-12 06:08:00,39.4
2025-06-12 04:25:00,25.6
2025-06-12 06:22:00,19.9
2025-06-12 17:00:00,17.0
2025-06-12 12:03:00,48.7
2025-06-12 08:02:00,76.3
2025-06-12 20:12:00,50.313785814936594
2025-06-12 01:20:00,99.3
2025-06-12 15:09:00,99.8
2025-06-12 09:07:00,0.2
2025-06-12 20:35:00,81.9
2025-06-12 13:08:00,50.313785814936594
2025-06-12 04:35:00,34.3
2025-06-12 21:20:00,50.313785814936594
2025-06-12 10:45:00,84.6
2025-06-12 10:51:00,64.1
2025-06-12 16:57:00,93.1
2025-06-12 21:46:00,13.0
2025-06-12 10:15:00,88.8
2025-06-12 19:40:00,66.1
2025-06-12 04:08:00,63.8
2025-06-12 04:58:00,76.0
2025-06-12 14:31:00,51.3
2025-06-12 21:49:00,36.6
2025-06-12 05:37:00,72.7
2025-06-12 14:56:00,78.7
2025-06-12 18:52:00,59.9
2025-06-12 21:01:00,83.8
2025-06-12 17:17:00,8.8
2025-06-12 01:31:00,48.5
2025-06-12 20:05:00,82.1
2025-06-12 17:30:00,30.1
2025-06-12 04:24:00,68.2
2025-06-12 16:20:00,61.2
2025-06-12 05:14:00,90.6
2025-06-12 00:17:00,11.0
2025-06-12 06:18:00,2.4
2025-06-12 12:49:00,73.5
2025-06-12 12:46:00,24.7
2025-06-12 10:08:00,8.4
2025-06-12 02:24:00,50.313785814936594
2025-06-12 02:16:00,50.313785814936594
2025-06-12 17:15:00,39.9
2025-06-12 04:28:00,85.9
2025-06-12 17:14:00,77.5
2025-06-12 11:45:00,3.0
2025-06-12 16:22:00,35.6
2025-06-12 07:49:00,50.313785814936594
2025-06-12 12:55:00,88.1
2025-06-12 13:17:00,89.0
2025-06-12 04:09:00,33.7
2025-06-12 19:02:00,66.3
2025-06-12 02:59:00,7.0
2025-06-12 11:53:00,22.3
2025-06-12 05:48:00,16.0
2025-06-12 11:22:00,75.9
2025-06-12 20:48:00,50.313785814936594
2025-06-12 12:57:00,99.3
2025-06-12 16:56:00,59.7
2025-06-12 23:29:00,4.1
2025-06-12 19:28:00,0.3
2025-06-12 05:43:00,86.4
2025-06-12 13:20:00,50.313785814936594
2025-06-12 10:25:00,32.3
2025-06-12 20:23:00,97.8
2025-06-12 20:57:00,93.8
2025-06-12 05:36:00,79.8
2025-06-12 04:12:00,22.3
2025-06-12 09:21:00,81.6
2025-06-12 17:29:00,41.1
2025-06-12 01:02:00,60.7
2025-06-12 23:56:00,74.9
2025-06-12 01:13:00,93.7
2025-06-12 05:27:00,36.3
2025-06-12 11:52:00,68.5
2025-06-12 14:12:00,50.313785814936594
2025-06-12 00:09:00,32.1
2025-06-12 03:48:00,61.5
2025-06-12 01:39:00,93.1
2025-06-12 13:30:00,43.6
2025-06-12 15:14:00,90.4
2025-06-12 09:38:00,26.6
2025-06-12 08:58:00,50.313785814936594
2025-06-12 21:54:00,50.6
2025-06-12 19:48:00,70.9
2025-06-12 05:03:00,25.2
2025-06-12 04:23:00,23.0
2025-06-12 19:04:00,50.313785814936594
2025-06-12 05:28:00,64.6
2025-06-12 10:30:00,58.2
2025-06-12 18:04:00,85.8
2025-06-12 08:33:00,39.3
2025-06-12 22:54:00,19.6
2025-06-12 01:53:00,49.947505013566115
2025-06-12 03:18:00,51.2
2025-06-12 08:14:00,40.7
2025-06-12 03:15:00,25.1
2025-06-12 16:54:00,49.947505013566115
2025-06-12 06:34:00,17.4
2025-06-12 10:29:00,41.9
2025-06-12 06:43:00,76.1
2025-06-12 13:01:00,69.8
2025-06-12 22:26:00,9.2
2025-06-12 05:30:00,85.0
2025-06-12 22:07:00,7.7
2025-06-12 09:05:00,31.2
2025-06-12 20:24:00,34.6
2025-06-12 15:03:00,55.6
2025-06-12 10:32:00,54.8
2025-06-12 18:16:00,0.1
2025-06-12 08:24:00,20.3
2025-06-12 20:09:00,76.2
2025-06-12 01:24:00,5.2
2025-06-12 13:16:00,22.9
2025-06-12 01:13:00,29.4
2025-06-12 02:38:00,45.4
2025-06-12 14:57:00,1.7
2025-06-12 10:12:00,49.947505013566115
2025-06-12 13:29:00,49.947505013566115
2025-06-12 05:03:00,75.2
2025-06-12 02:01:00,40.6
2025-06-12 22:17:00,49.0
2025-06-12 20:12:00,24.7
2025-06-12 06:11:00,9.1
2025-06-12 19:50:00,31.5
2025-06-12 17:12:00,49.6
2025-06-12 06:05:00,53.1
2025-06-12 16:55:00,20.1
2025-06-12 02:35:00,49.947505013566115
2025-06-12 23:14:00,74.2
2025-06-12 03:45:00,12.9
2025-06-12 02:00:00,27.9
2025-06-12 06:55:00,26.3
2025-06-12 01:10:00,49.947505013566115
2025-06-12 23:54:00,39.8
2025-06-12 06:46:00,49.947505013566115
2025-06-12 09:23:00,76.2
2025-06-12 01:51:00,29.7
2025-06-12 23:34:00,36.6
2025-06-12 02:47:00,27.1
2025-06-12 05:47:00,28.1
2025-06-12 07:52:00,36.0
2025-06-12 00:11:00,49.947505013566115
2025-06-12 14:08:00,49.947505013566115
2025-06-12 08:15:00,76.7
2025-06-12 20:06:00,49.947505013566115
2025-06-12 00:16:00,49.947505013566115
2025-06-12 05:37:00,93.0
2025-06-12 09:41:00,70.2
2025-06-12 05:29:00,93.1
2025-06-12 02:18:00,54.0
2025-06-12 07:35:00,49.947505013566115
2025-06-12 10:06:00,97.7
2025-06-12 06:40:00,85.9
2025-06-12 15:02:00,86.1
2025-06-12 22:56:00,79.9
2025-06-12 02:48:00,85.0
2025-06-12 07:02:00,5.5
2025-06-12 14:09:00,21.0
2025-06-12 09:19:00,33.8
2025-06-12 07:03:00,49.947505013566115
2025-06-12 10:41:00,32.6
2025-06-12 19:09:00,22.0
2025-06-12 18:37:00,42.4
2025-06-12 00:43:00,36.9
2025-06-12 16:33:00,22.6
2025-06-12 20:01:00,49.947505013566115
2025-06-12 03:26:00,69.8
2025-06-12 15:20:00,27.4
2025-06-12 05:27:00,60.3
2025-06-12 18:35:00,69.0
2025-06-12 14:05:00,67.7
2025-06-12 18:46:00,49.947505013566115
2025-06-12 17:11:00,55.3
2025-06-12 03:35:00,49.947505013566115
2025-06-12 05:43:00,6.8
2025-06-12 05:01:00,49.947505013566115
2025-06-12 19:17:00,98.5
2025-06-12 16:46:00,29.2
2025-06-12 05:38:00,4.3
2025-06-12 07:50:00,63.7
2025-06-12 21:06:00,89.7
2025-06-12 06:52:00,77.2
2025-06-12 08:59:00,49.947505013566115
2025-06-12 06:57:00,49.947505013566115
2025-06-12 06:58:00,92.8
2025-06-12 23:31:00,13.3
2025-06-12 01:08:00,49.947505013566115
2025-06-12 00:17:00,55.7
2025-06-12 10:53:00,1.9
2025-06-12 09:09:00,12.7
2025-06-12 04:46:00,49.947505013566115
2025-06-12 05:12:00,61.2
2025-06-12 16:30:00,45.3
2025-06-12 09:33:00,49.947505013566115
2025-06-12 08:12:00,34.4
2025-06-12 22:25:00,49.947505013566115
2025-06-12 06:17:00,16.7
2025-06-12 23:08:00,61.7
2025-06-12 04:19:00,17.3
2025-06-12 01:15:00,30.4
2025-06-12 07:11:00,37.8
2025-06-12 06:04:00,16.6
2025-06-12 01:05:00,17.9
2025-06-12 01:39:00,36.5
2025-06-12 21:34:00,85.5
2025-06-12 03:28:00,68.3
2025-06-12 21:52:00,49.947505013566115
2025-06-12 12:47:00,89.0
2025-06-12 07:13:00,1.3
2025-06-12 19:45:00,78.4
2025-06-12 03:37:00,31.2
2025-06-12 01:30:00,49.947505013566115
2025-06-12 17:51:00,39.1
2025-06-12 19:06:00,50.7
2025-06-12 12:06:00,19.5
2025-06-12 01:40:00,49.947505013566115
2025-06-12 21:09:00,63.9
2025-06-12 12:20:00,20.5
2025-06-12 14:11:00,71.4
2025-06-12 10:43:00,49.947505013566115
2025-06-12 13:02:00,68.6
2025-06-12 17:22:00,1.0
2025-06-12 15:56:00,77.6
2025-06-12 10:40:00,91.7
2025-06-12 19:15:00,80.6
2025-06-12 02:58:00,27.2
2025-06-12 07:25:00,8.9
2025-06-12 19:51:00,39.3
2025-06-12 12:59:00,11.0
2025-06-12 03:31:00,50.1
2025-06-12 15:43:00,63.1
2025-06-12 19:03:00,5.1
2025-06-12 23:06:00,71.0
2025-06-12 08:07:00,81.3
2025-06-12 20:51:00,89.8
2025-06-12 11:20:00,76.5
2025-06-12 02:17:00,6.5
2025-06-12 01:56:00,80.7
2025-06-12 16:34:00,93.9
2025-06-12 09:44:00,49.947505013566115
2025-06-12 09:53:00,49.947505013566115
2025-06-12 08:19:00,12.1
2025-06-12 16:27:00,67.5
2025-06-12 20:42:00,21.5
2025-06-12 12:36:00,78.4
2025-06-12 23:42:00,56.0
2025-06-12 00:03:00,49.947505013566115
2025-06-12 00:35:00,8.5
2025-06-12 12:53:00,73.7
2025-06-12 12:56:00,9.1
2025-06-12 21:31:00,5.6
2025-06-12 05:48:00,3.8
2025-06-12 19:23:00,51.2
2025-06-12 23:32:00,64.7
2025-06-12 00:19:00,28.2
2025-06-12 05:22:00,3.9
2025-06-12 10:16:00,49.947505013566115
2025-06-12 20:29:00,53.0
2025-06-12 23:36:00,43.3
2025-06-12 10:39:00,25.1
2025-06-12 20:56:00,1.0
2025-06-12 22:27:00,22.6
2025-06-12 09:48:00,79.3
2025-06-12 00:27:00,86.0
2025-06-12 22:08:00,5.6
2025-06-12 18:03:00,86.9
2025-06-12 17:30:00,7.6
2025-06-12 22:53:00,49.5
2025-06-12 14:39:00,49.947505013566115
2025-06-12 14:03:00,49.947505013566115
2025-06-12 23:09:00,29.9
2025-06-12 20:26:00,73.5
2025-06-12 15:38:00,49.947505013566115
2025-06-12 15:41:00,70.8
2025-06-12 05:28:00,83.0
2025-06-12 19:47:00,49.947505013566115
2025-06-12 12:04:00,51.7
2025-06-12 08:03:00,30.5
2025-06-12 21:14:00,49.947505013566115
2025-06-12 11:26:00,41.3
2025-06-12 14:43:00,49.947505013566115
2025-06-12 00:45:00,52.9
2025-06-12 08:56:00,2.7
2025-06-12 22:30:00,78.4
2025-06-12 21:16:00,32.4
2025-06-12 01:02:00,81.1
2025-06-12 13:09:00,67.7
2025-06-12 05:46:00,97.8
2025-06-12 22:09:00,84.3
2025-06-12 03:21:00,84.9
2025-06-12 05:34:00,64.6
2025-06-12 18:50:00,42.3
2025-06-12 17:07:00,53.1
2025-06-12 00:28:00,49.947505013566115
2025-06-12 16:53:00,92.0
2025-06-12 06:09:00,84.3
2025-06-12 15:04:00,30.1
2025-06-12 14:21:00,24.9
2025-06-12 19:36:00,8.2
2025-06-12 00:04:00,45.4
2025-06-12 14:50:00,42.6
2025-06-12 03:19:00,3.0
2025-06-12 14:59:00,5.3
2025-06-12 10:51:00,39.0
2025-06-12 10:03:00,2.0
2025-06-12 14:02:00,49.947505013566115
2025-06-12 18:44:00,55.5
2025-06-12 22:15:00,89.0
2025-06-12 04:50:00,86.2
2025-06-12 13:40:00,15.3
2025-06-12 14:37:00,49.947505013566115
2025-06-12 02:04:00,61.7
2025-06-12 02:40:00,19.4
2025-06-12 13:05:00,90.3
2025-06-12 09:49:00,60.1
2025-06-12 11:49:00,18.9
2025-06-12 01:44:00,16.3
2025-06-12 15:32:00,73.0
2025-06-12 12:54:00,63.9
2025-06-12 02:05:00,10.9
2025-06-12 06:01:00,54.3
2025-06-12 15:46:00,76.4
2025-06-12 10:35:00,3.6
2025-06-12 04:33:00,49.947505013566115
2025-06-12 00:46:00,96.2
2025-06-12 18:24:00,49.947505013566115
2025-06-12 00:10:00,4.3
2025-06-12 21:15:00,15.7
2025-06-12 10:05:00,11.1
2025-06-12 12:05:00,76.4
2025-06-12 20:04:00,39.4
2025-06-12 10:44:00,49.947505013566115
2025-06-12 13:31:00,56.1
2025-06-12 16:50:00,98.3
2025-06-12 04:48:00,41.7
2025-06-12 02:19:00,3.6
2025-06-12 11:56:00,37.4
2025-06-12 15:08:00,74.0
2025-06-12 07:58:00,89.2
2025-06-12 12:28:00,81.2
2025-06-12 12:17:00,90.0
2025-06-12 04:14:00,32.2
2025-06-12 00:02:00,84.8
2025-06-12 02:33:00,95.1
2025-06-12 20:32:00,57.1
2025-06-12 02:22:00,95.0
2025-06-12 03:41:00,25.8
2025-06-12 00:12:00,36.3
2025-06-12 12:24:00,63.9
2025-06-12 20:18:00,49.947505013566115
2025-06-12 09:38:00,44.5
2025-06-12 11:52:00,49.947505013566115
2025-06-12 23:35:00,43.0
2025-06-12 17:48:00,41.1
2025-06-12 16:44:00,96.7
2025-06-12 00:54:00,57.9
2025-06-12 19:07:00,49.947505013566115
2025-06-12 04:09:00,41.8
2025-06-12 22:18:00,49.947505013566115
2025-06-12 16:45:00,38.3
2025-06-12 03:16:00,49.947505013566115
2025-06-12 19:37:00,48.0
2025-06-12 00:38:00,49.947505013566115
2025-06-12 14:33:00,13.7
2025-06-12 22:43:00,56.8
2025-06-12 21:05:00,96.9
2025-06-12 09:59:00,85.2
2025-06-12 14:52:00,49.947505013566115
2025-06-12 23:25:00,43.2
2025-06-12 18:57:00,77.9
2025-06-12 14:49:00,93.1
2025-06-12 11:01:00,42.3
2025-06-12 05:39:00,17.8
2025-06-12 16:26:00,59.0
2025-06-12 23:23:00,8.2
2025-06-12 11:02:00,20.7
2025-06-12 19:01:00,5.1
2025-06-12 12:25:00,10.1
2025-06-12 18:27:00,7.4
2025-06-12 12:45:00,49.947505013566115
2025-06-12 17:00:00,49.947505013566115
2025-06-12 01:01:00,35.3
2025-06-12 21:23:00,70.7
2025-06-12 06:33:00,56.8
2025-06-12 10:22:00,19.1
2025-06-12 09:59:00,55.5
2025-06-12 21:07:00,20.8
2025-06-12 08:51:00,57.9
2025-06-12 21:55:00,76.3
2025-06-12 13:45:00,36.4
2025-06-12 15:09:00,96.8
2025-06-12 21:57:00,95.0
2025-06-12 08:43:00,32.4
2025-06-12 07:50:00,27.7
2025-06-12 04:55:00,91.6
2025-06-12 13:38:00,3.0
2025-06-12 09:53:00,49.0
2025-06-12 07:58:00,99.5
2025-06-12 00:05:00,50.31471380077256
2025-06-12 09:51:00,75.5
2025-06-12 15:19:00,49.4
2025-06-12 01:51:00,81.3
2025-06-12 03:21:00,22.5
2025-06-12 18:19:00,49.9
2025-06-12 10:03:00,58.9
2025-06-12 21:48:00,61.5
2025-06-12 22:41:00,7.7
2025-06-12 12:25:00,8.4
2025-06-12 17:47:00,50.31471380077256
2025-06-12 10:45:00,48.0
2025-06-12 01:00:00,65.6
2025-06-12 15:21:00,89.0
2025-06-12 02:34:00,36.8
2025-06-12 00:04:00,48.2
2025-06-12 23:07:00,40.3
2025-06-12 06:32:00,16.0
2025-06-12 14:32:00,50.31471380077256
2025-06-12 19:39:00,15.6
2025-06-12 13:19:00,50.31471380077256
2025-06-12 19:02:00,92.7
2025-06-12 06:54:00,7.1
2025-06-12 10:01:00,23.8
2025-06-12 13:44:00,87.3
2025-06-12 14:38:00,4.8
2025-06-12 00:54:00,78.2
2025-06-12 22:29:00,98.0
2025-06-12 15:23:00,50.31471380077256
2025-06-12 18:06:00,2.2
2025-06-12 12:56:00,99.4
2025-06-12 06:13:00,50.31471380077256
2025-06-12 13:17:00,72.9
2025-06-12 18:54:00,54.9
2025-06-12 15:27:00,68.2
2025-06-12 00:26:00,21.2
2025-06-12 00:41:00,3.9
2025-06-12 22:54:00,92.1
2025-06-12 12:15:00,51.2
2025-06-12 07:55:00,37.2
2025-06-12 21:08:00,50.31471380077256
2025-06-12 06:29:00,98.2
2025-06-12 20:47:00,92.8
2025-06-12 02:00:00,70.2
2025-06-12 07:29:00,53.7
2025-06-12 00:50:00,66.4
2025-06-12 07:08:00,40.9
2025-06-12 07:02:00,90.4
2025-06-12 06:12:00,19.4
2025-06-12 22:27:00,93.3
2025-06-12 03:52:00,50.31471380077256
2025-06-12 18:37:00,6.7
2025-06-12 14:07:00,23.4
2025-06-12 06:37:00,46.4
2025-06-12 11:15:00,11.2
2025-06-12 11:10:00,14.3
2025-06-12 15:25:00,55.9
2025-06-12 12:33:00,75.5
2025-06-12 15:42:00,75.6
2025-06-12 18:15:00,37.7
2025-06-12 01:59:00,50.31471380077256
2025-06-12 05:26:00,29.0
2025-06-12 10:55:00,50.31471380077256
2025-06-12 14:37:00,10.0
2025-06-12 04:25:00,95.0
2025-06-12 09:27:00,23.1
2025-06-12 07:27:00,50.31471380077256
2025-06-12 21:12:00,50.31471380077256
2025-06-12 18:48:00,5.1
2025-06-12 23:05:00,28.2
2025-06-12 14:35:00,37.8
2025-06-12 01:39:00,70.9
2025-06-12 07:59:00,41.0
2025-06-12 23:59:00,16.0
2025-06-12 00:58:00,80.9
2025-06-12 07:04:00,54.9
2025-06-12 13:59:00,50.31471380077256
2025-06-12 11:55:00,46.3
2025-06-12 15:37:00,31.9
2025-06-12 07:11:00,44.8
2025-06-12 08:29:00,76.8
2025-06-12 19:07:00,89.5
2025-06-12 17:52:00,50.31471380077256
2025-06-12 03:18:00,3.7
2025-06-12 05:33:00,15.4
2025-06-12 03:11:00,57.6
2025-06-12 09:08:00,68.0
2025-06-12 18:30:00,14.5
2025-06-12 22:36:00,72.6
2025-06-12 12:34:00,60.7
2025-06-12 22:48:00,85.2
2025-06-12 16:47:00,28.1
2025-06-12 18:14:00,48.1
2025-06-12 09:21:00,73.8
2025-06-12 01:44:00,26.2
2025-06-12 21:15:00,63.1
2025-06-12 11:24:00,50.31471380077256
2025-06-12 19:32:00,45.0
2025-06-12 05:36:00,50.31471380077256
2025-06-12 11:49:00,1.3
2025-06-12 10:20:00,50.31471380077256
2025-06-12 22:57:00,83.0
2025-06-12 06:00:00,45.2
2025-06-12 17:59:00,41.8
2025-06-12 13:01:00,39.8
2025-06-12 05:40:00,28.4
2025-06-12 15:10:00,84.8
2025-06-12 02:43:00,84.9
2025-06-12 12:39:00,93.0
2025-06-12 04:48:00,43.0
2025-06-12 01:45:00,8.4
2025-06-12 03:56:00,83.7
2025-06-12 16:57:00,12.9
2025-06-12 23:08:00,86.7
2025-06-12 10:26:00,26.8
2025-06-12 07:03:00,50.31471380077256
2025-06-12 22:35:00,3.7
2025-06-12 19:14:00,71.8
2025-06-12 05:04:00,70.4
2025-06-12 18:43:00,73.7
2025-06-12 19:11:00,0.7
2025-06-12 14:00:00,26.1
2025-06-12 10:19:00,42.2
2025-06-12 06:59:00,60.4
2025-06-12 23:54:00,45.7
2025-06-12 14:24:00,59.0
2025-06-12 11:37:00,59.2
2025-06-12 00:44:00,80.8
2025-06-12 22:39:00,6.2
2025-06-12 13:50:00,34.6
2025-06-12 06:18:00,82.8
2025-06-12 21:51:00,50.31471380077256
2025-06-12 23:36:00,5.1
2025-06-12 02:17:00,63.0
2025-06-12 08:25:00,50.31471380077256
2025-06-12 20:23:00,88.1
2025-06-12 14:23:00,35.7
2025-06-12 16:33:00,67.0
2025-06-12 04:16:00,6.5
2025-06-12 06:55:00,94.3
2025-06-12 10:37:00,50.31471380077256
2025-06-12 23:13:00,28.7
2025-06-12 18:38:00,87.3
2025-06-12 14:01:00,55.2
2025-06-12 16:24:00,19.4
2025-06-12 09:49:00,44.4
2025-06-12 01:08:00,81.5
2025-06-12 18:16:00,9.1
2025-06-12 16:29:00,44.7
2025-06-12 09:23:00,97.6
2025-06-12 18:35:00,50.31471380077256
2025-06-12 22:21:00,83.6
2025-06-12 18:32:00,27.1
2025-06-12 02:52:00,8.0
2025-06-12 12:06:00,37.9
2025-06-12 20:04:00,65.2
2025-06-12 15:29:00,83.4
2025-06-12 08:07:00,73.3
2025-06-12 07:23:00,50.8
2025-06-12 00:29:00,35.5
2025-06-12 12:46:00,37.4
2025-06-12 18:52:00,19.0
2025-06-12 00:28:00,50.31471380077256
2025-06-12 03:37:00,68.4
2025-06-12 12:44:00,58.6
2025-06-12 12:47:00,32.7
2025-06-12 09:58:00,3.4
2025-06-12 07:22:00,42.7
2025-06-12 21:18:00,13.7
2025-06-12 10:33:00,50.31471380077256
2025-06-12 17:09:00,1.0
2025-06-12 03:48:00,68.1
2025-06-12 02:06:00,50.31471380077256
2025-06-12 04:03:00,7.4
2025-06-12 06:14:00,22.9
2025-06-12 15:48:00,63.9
2025-06-12 07:34:00,92.9
2025-06-12 06:30:00,48.7
2025-06-12 11:27:00,64.0
2025-06-12 16:43:00,20.6
2025-06-12 23:29:00,66.7
2025-06-12 01:57:00,76.5
2025-06-12 20:58:00,65.8
2025-06-12 09:15:00,59.3
2025-06-12 19:23:00,40.4
2025-06-12 08:54:00,50.31471380077256
2025-06-12 18:17:00,11.0
2025-06-12 03:58:00,95.6
2025-06-12 04:17:00,99.5
2025-06-12 13:52:00,69.5
2025-06-12 20:18:00,62.2
2025-06-12 08:41:00,69.1
2025-06-12 08:02:00,37.7
2025-06-12 06:41:00,13.9
2025-06-12 14:52:00,53.8
2025-06-12 23:14:00,55.2
2025-06-12 09:16:00,37.2
2025-06-12 03:16:00,74.3
2025-06-12 21:50:00,30.9
2025-06-12 13:37:00,84.5
2025-06-12 23:48:00,53.4
2025-06-12 04:10:00,98.2
2025-06-12 18:04:00,50.31471380077256
2025-06-12 20:29:00,66.3
2025-06-12 03:54:00,6.6
2025-06-12 11:48:00,38.9
2025-06-12 18:51:00,36.3
2025-06-12 20:46:00,89.8
2025-06-12 01:38:00,30.8
2025-06-12 18:41:00,42.2
2025-06-12 09:34:00,16.7
2025-06-12 06:58:00,51.0
2025-06-12 12:52:00,95.4
2025-06-12 06:46:00,52.3
2025-06-12 10:50:00,14.9
2025-06-12 17:18:00,50.31471380077256
2025-06-12 23:47:00,10.7
2025-06-12 17:25:00,50.4
2025-06-12 11:51:00,24.3
2025-06-12 11:19:00,24.5
2025-06-12 10:57:00,50.31471380077256
2025-06-12 19:25:00,50.31471380077256
2025-06-12 13:08:00,30.8
2025-06-12 17:39:00,50.31471380077256
2025-06-12 23:38:00,19.4
2025-06-12 02:56:00,11.4
2025-06-12 16:19:00,79.8
2025-06-12 01:43:00,1.3
2025-06-12 03:03:00,78.8
2025-06-12 12:10:00,44.0
2025-06-12 10:13:00,1.8
2025-06-12 02:24:00,50.31471380077256
2025-06-12 07:37:00,64.0
2025-06-12 06:26:00,68.8
2025-06-12 00:32:00,90.8
2025-06-12 19:53:00,26.7
2025-06-12 18:34:00,86.1
2025-06-12 10:46:00,19.7
2025-06-12 16:08:00,71.7
2025-06-12 15:45:00,18.4
2025-06-12 05:58:00,67.1
2025-06-12 00:39:00,40.7
2025-06-12 19:28:00,22.3
2025-06-12 21:43:00,86.4
2025-06-12 03:12:00,50.31471380077256
2025-06-12 13:33:00,56.4
2025-06-12 13:30:00,9.5
2025-06-12 02:57:00,17.9
2025-06-12 05:15:00,61.5
2025-06-12 17:22:00,3.9
2025-06-12 07:57:00,97.9
2025-06-12 18:55:00,93.0
2025-06-12 16:44:00,84.6
2025-06-12 10:43:00,39.2
2025-06-12 01:16:00,78.1
2025-06-12 00:12:00,26.3
2025-06-12 16:59:00,50.31471380077256
2025-06-12 23:00:00,50.31471380077256
2025-06-12 14:43:00,88.9
2025-06-12 17:53:00,20.1
2025-06-12 10:54:00,50.4
2025-06-12 23:51:00,84.3
2025-06-12 15:47:00,43.3
2025-06-12 18:08:00,23.8
2025-06-12 00:07:00,20.8
2025-06-12 09:33:00,43.0
2025-06-12 00:52:00,72.7
2025-06-12 12:02:00,43.2
2025-06-12 01:29:00,55.4
2025-06-12 21:39:00,41.2
2025-06-12 07:06:00,26.9
2025-06-12 07:52:00,7.5
2025-06-12 07:00:00,48.5
2025-06-12 18:23:00,45.3
2025-06-12 13:15:00,50.31471380077256
2025-06-12 18:42:00,16.7
2025-06-12 16:22:00,28.7
2025-06-12 20:22:00,32.2
2025-06-12 01:10:00,23.5
2025-06-12 20:50:00,21.9
2025-06-12 13:14:00,9.2
2025-06-12 13:00:00,51.9
2025-06-12 00:12:00,37.8
2025-06-12 09:01:00,33.5
2025-06-12 20:01:00,40.5
2025-06-12 18:43:00,11.4
2025-06-12 01:30:00,5.1
2025-06-12 04:52:00,73.0
2025-06-12 19:36:00,49.873700916999766
2025-06-12 13:26:00,49.873700916999766
2025-06-12 16:55:00,34.9
2025-06-12 05:42:00,53.3
2025-06-12 01:34:00,83.7
2025-06-12 17:11:00,24.1
2025-06-12 22:04:00,65.4
2025-06-12 14:06:00,26.5
2025-06-12 03:51:00,68.6
2025-06-12 22:25:00,1.3
2025-06-12 20:49:00,52.0
2025-06-12 14:24:00,63.9
2025-06-12 00:52:00,15.4
2025-06-12 08:08:00,76.5
2025-06-12 13:00:00,49.873700916999766
2025-06-12 01:43:00,9.2
2025-06-12 19:38:00,34.8
2025-06-12 15:18:00,15.7
2025-06-12 19:57:00,49.873700916999766
2025-06-12 08:09:00,66.1
2025-06-12 10:17:00,28.0
2025-06-12 13:54:00,49.873700916999766
2025-06-12 07:45:00,49.873700916999766
2025-06-12 11:14:00,81.0
2025-06-12 14:38:00,15.8
2025-06-12 13:44:00,53.6
2025-06-12 15:28:00,49.873700916999766
2025-06-12 08:35:00,81.1
2025-06-12 07:38:00,82.4
2025-06-12 08:36:00,49.873700916999766
2025-06-12 21:08:00,92.8
2025-06-12 15:55:00,24.4
2025-06-12 09:05:00,65.6
2025-06-12 02:11:00,5.3
2025-06-12 18:17:00,46.1
2025-06-12 11:48:00,97.6
2025-06-12 00:10:00,66.9
2025-06-12 19:49:00,68.7
2025-06-12 04:44:00,49.873700916999766
2025-06-12 06:46:00,49.873700916999766
2025-06-12 06:11:00,84.1
2025-06-12 01:29:00,35.1
2025-06-12 14:51:00,9.7
2025-06-12 03:32:00,36.2
2025-06-12 21:30:00,39.4
2025-06-12 20:02:00,95.7
2025-06-12 09:11:00,50.5
2025-06-12 01:23:00,52.5
2025-06-12 08:10:00,22.3
2025-06-12 11:43:00,41.4
2025-06-12 14:00:00,80.4
2025-06-12 12:32:00,73.8
2025-06-12 11:24:00,93.4
2025-06-12 11:00:00,2.9
2025-06-12 23:15:00,65.2
2025-06-12 00:57:00,68.0
2025-06-12 15:46:00,87.4
2025-06-12 10:20:00,55.6
2025-06-12 08:58:00,49.873700916999766
2025-06-12 22:58:00,52.3
2025-06-12 21:58:00,50.5
2025-06-12 16:42:00,2.0
2025-06-12 09:39:00,64.1
2025-06-12 15:37:00,26.2
2025-06-12 17:12:00,18.4
2025-06-12 06:02:00,89.5
2025-06-12 13:24:00,19.4
2025-06-12 19:03:00,32.5
2025-06-12 05:26:00,88.3
2025-06-12 01:26:00,54.7
2025-06-12 02:56:00,23.4
2025-06-12 10:09:00,3.0
2025-06-12 13:42:00,47.8
2025-06-12 17:08:00,80.4
2025-06-12 00:48:00,45.1
2025-06-12 12:53:00,88.9
2025-06-12 20:33:00,49.7
2025-06-12 17:59:00,46.9
2025-06-12 01:53:00,69.6
2025-06-12 09:41:00,68.6
2025-06-12 10:51:00,63.4
2025-06-12 04:58:00,49.873700916999766
2025-06-12 14:12:00,51.5
2025-06-12 13:17:00,88.2
2025-06-12 20:55:00,38.1
2025-06-12 17:41:00,42.7
2025-06-12 10:30:00,64.8
2025-06-12 00:22:00,37.7
2025-06-12 04:01:00,4.1
2025-06-12 08:37:00,82.0
2025-06-12 02:13:00,64.5
2025-06-12 13:29:00,69.3
2025-06-12 09:08:00,57.7
2025-06-12 12:34:00,19.5
2025-06-12 16:40:00,7.4
2025-06-12 11:35:00,59.8
2025-06-12 06:13:00,98.4
2025-06-12 12:41:00,40.4
2025-06-12 13:43:00,80.4
2025-06-12 18:06:00,32.6
2025-06-12 09:23:00,84.6
2025-06-12 20:13:00,87.3
2025-06-12 12:50:00,76.8
2025-06-12 05:33:00,49.873700916999766
2025-06-12 19:43:00,33.9
2025-06-12 12:02:00,8.1
2025-06-12 09:03:00,82.5
2025-06-12 22:49:00,79.5
2025-06-12 18:55:00,52.4
2025-06-12 18:52:00,49.873700916999766
2025-06-12 16:53:00,14.7
2025-06-12 23:06:00,69.8
2025-06-12 23:28:00,41.8
2025-06-12 05:01:00,17.5
2025-06-12 14:13:00,55.0
2025-06-12 19:54:00,6.0
2025-06-12 04:42:00,0.1
2025-06-12 06:27:00,11.9
2025-06-12 03:43:00,49.873700916999766
2025-06-12 02:08:00,71.2
2025-06-12 13:59:00,48.4
2025-06-12 04:31:00,57.5
2025-06-12 11:04:00,49.873700916999766
2025-06-12 20:45:00,81.5
2025-06-12 19:41:00,84.2
2025-06-12 10:55:00,49.873700916999766
2025-06-12 10:39:00,49.873700916999766
2025-06-12 11:37:00,70.0
2025-06-12 07:03:00,49.873700916999766
2025-06-12 02:38:00,52.8
2025-06-12 11:27:00,5.3
2025-06-12 15:06:00,49.873700916999766
2025-06-12 09:56:00,54.7
2025-06-12 02:25:00,49.873700916999766
2025-06-12 10:13:00,10.0
2025-06-12 22:31:00,29.5
2025-06-12 08:00:00,61.8
2025-06-12 22:56:00,16.0
2025-06-12 05:10:00,1.2
2025-06-12 19:08:00,0.7
2025-06-12 16:24:00,49.873700916999766
2025-06-12 17:27:00,58.0
2025-06-12 11:11:00,17.2
2025-06-12 21:47:00,49.873700916999766
2025-06-12 13:12:00,80.3
2025-06-12 08:18:00,47.8
2025-06-12 01:25:00,3.2
2025-06-12 18:12:00,29.9
2025-06-12 11:38:00,26.3
2025-06-12 14:34:00,44.8
2025-06-12 20:21:00,76.7
2025-06-12 18:18:00,3.4
2025-06-12 01:02:00,73.9
2025-06-12 01:35:00,52.0
2025-06-12 02:53:00,6.5
2025-06-12 18:48:00,23.2
2025-06-12 14:57:00,86.5
2025-06-12 20:46:00,91.0
2025-06-12 09:47:00,39.9
2025-06-12 02:50:00,49.873700916999766
2025-06-12 14:37:00,49.873700916999766
2025-06-12 00:44:00,26.0
2025-06-12 01:00:00,68.7
2025-06-12 15:04:00,93.0
2025-06-12 01:07:00,20.0
2025-06-12 17:33:00,78.9
2025-06-12 22:33:00,12.1
2025-06-12 04:37:00,49.873700916999766
2025-06-12 17:00:00,34.8
2025-06-12 08:41:00,8.0
2025-06-12 23:10:00,2.5
2025-06-12 12:59:00,96.9
2025-06-12 05:04:00,56.2
2025-06-12 15:49:00,66.6
2025-06-12 08:14:00,4.0
2025-06-12 01:47:00,56.4
2025-06-12 02:20:00,75.3
2025-06-12 10:31:00,50.3
2025-06-12 11:42:00,69.9
2025-06-12 18:26:00,74.7
2025-06-12 13:11:00,99.8
2025-06-12 18:33:00,75.4
2025-06-12 23:26:00,3.8
2025-06-12 16:19:00,71.5
2025-06-12 11:09:00,6.4
2025-06-12 07:11:00,78.8
2025-06-12 19:12:00,82.5
2025-06-12 16:51:00,16.3
2025-06-12 23:34:00,1.2
2025-06-12 16:29:00,76.5
2025-06-12 18:47:00,42.0
2025-06-12 19:52:00,22.6
2025-06-12 00:37:00,86.5
2025-06-12 11:26:00,19.6
2025-06-12 16:43:00,63.4
2025-06-12 07:49:00,53.8
2025-06-12 21:03:00,28.8
2025-06-12 08:47:00,50.3
2025-06-12 14:20:00,45.1
2025-06-12 20:29:00,58.4
2025-06-12 18:09:00,85.2
2025-06-12 13:52:00,4.1
2025-06-12 22:02:00,49.1
2025-06-12 00:45:00,29.9
2025-06-12 21:25:00,93.9
2025-06-12 02:33:00,19.1
2025-06-12 18:56:00,87.5
2025-06-12 04:03:00,6.9
2025-06-12 08:27:00,83.7
2025-06-12 01:33:00,45.3
2025-06-12 17:43:00,17.1
2025-06-12 15:03:00,67.5
2025-06-12 11:31:00,34.0
2025-06-12 18:46:00,45.7
2025-06-12 00:31:00,80.9
2025-06-12 16:05:00,74.6
2025-06-12 20:19:00,49.873700916999766
2025-06-12 11:29:00,49.873700916999766
2025-06-12 13:08:00,64.9
2025-06-12 01:19:00,49.873700916999766
2025-06-12 03:36:00,12.2
2025-06-12 23:19:00,95.5
2025-06-12 07:48:00,38.6
2025-06-12 18:23:00,25.7
2025-06-12 22:17:00,16.6
2025-06-12 06:08:00,91.2
2025-06-12 17:42:00,1.8
2025-06-12 14:46:00,80.2
2025-06-12 13:39:00,11.9
2025-06-12 21:11:00,66.9
2025-06-12 00:29:00,46.2
2025-06-12 11:05:00,36.3
2025-06-12 03:19:00,70.4
2025-06-12 12:15:00,71.4
2025-06-12 19:46:00,35.3
2025-06-12 03:25:00,28.2
2025-06-12 07:39:00,49.5
2025-06-12 05:43:00,45.7
2025-06-12 01:42:00,21.8
2025-06-12 02:02:00,49.873700916999766
2025-06-12 06:35:00,83.0
2025-06-12 05:09:00,17.5
2025-06-12 22:24:00,34.7
2025-06-12 05:19:00,11.0
2025-06-12 09:26:00,94.6
2025-06-12 13:06:00,91.6
2025-06-12 23:07:00,88.7
2025-06-12 03:08:00,15.9
2025-06-12 10:50:00,88.0
2025-06-12 00:15:00,21.2
2025-06-12 03:59:00,22.6
2025-06-12 03:41:00,4.6
2025-06-12 11:33:00,31.2
2025-06-12 09:43:00,90.0
2025-06-12 00:24:00,69.8
2025-06-12 07:15:00,74.2
2025-06-12 17:31:00,42.1
2025-06-12 08:44:00,20.4
2025-06-12 02:10:00,12.0
2025-06-12 00:23:00,53.1
2025-06-12 09:38:00,49.873700916999766
2025-06-12 05:45:00,23.2
2025-06-12 14:35:00,17.9
2025-06-12 16:13:00,35.3
2025-06-12 05:14:00,60.1
2025-06-12 11:17:00,97.9
2025-06-12 20:43:00,60.4
2025-06-12 01:58:00,62.5
2025-06-12 06:18:00,49.873700916999766
2025-06-12 01:15:00,82.1
2025-06-12 10:59:00,63.8
2025-06-12 10:12:00,88.8
2025-06-12 20:48:00,56.1
2025-06-12 21:57:00,12.2
2025-06-12 17:51:00,95.6
2025-06-12 17:20:00,10.4
2025-06-12 03:49:00,65.8
2025-06-12 14:32:00,99.9
2025-06-12 22:36:00,36.5
2025-06-12 02:05:00,53.8
2025-06-12 14:26:00,37.8
2025-06-12 06:49:00,46.4
2025-06-12 00:41:00,14.5
2025-06-12 05:23:00,33.5
2025-06-12 13:37:00,94.0
2025-06-12 14:58:00,78.3
2025-06-12 13:04:00,66.8
2025-06-12 07:50:00,3.1
2025-06-12 11:04:00,82.2
2025-06-12 05:52:00,98.8
2025-06-12 15:04:00,19.2
2025-06-12 14:43:00,67.3
2025-06-12 01:41:00,21.0
2025-06-12 22:12:00,14.9
2025-06-12 21:01:00,11.0
2025-06-12 17:07:00,82.8
2025-06-12 12:35:00,84.0
2025-06-12 10:59:00,35.1
2025-06-12 20:12:00,49.660353652861794
2025-06-12 01:47:00,40.2
2025-06-12 15:12:00,47.1
2025-06-12 09:04:00,0.9
2025-06-12 18:18:00,58.1
2025-06-12 20:40:00,12.6
2025-06-12 11:06:00,87.0
2025-06-12 08:38:00,49.660353652861794
2025-06-12 06:46:00,1.0
2025-06-12 17:57:00,96.9
2025-06-12 07:25:00,63.5
2025-06-12 06:16:00,2.1
2025-06-12 04:06:00,76.0
2025-06-12 03:30:00,0.9
2025-06-12 19:35:00,49.660353652861794
2025-06-12 23:28:00,93.6
2025-06-12 04:32:00,49.660353652861794
2025-06-12 04:50:00,87.6
2025-06-12 17:17:00,73.0
2025-06-12 18:05:00,3.1
2025-06-12 11:37:00,50.2
2025-06-12 09:31:00,49.0
2025-06-12 12:37:00,76.6
2025-06-12 18:16:00,3.9
2025-06-12 11:22:00,82.6
2025-06-12 16:28:00,98.3
2025-06-12 13:02:00,54.6
2025-06-12 20:57:00,52.4
2025-06-12 14:36:00,22.2
2025-06-12 08:48:00,0.8
2025-06-12 06:06:00,59.4
2025-06-12 22:01:00,0.6
2025-06-12 22:48:00,49.660353652861794
2025-06-12 18:17:00,0.4
2025-06-12 23:45:00,38.5
2025-06-12 05:43:00,49.660353652861794
2025-06-12 21:42:00,49.6
2025-06-12 22:14:00,49.660353652861794
2025-06-12 22:08:00,85.7
2025-06-12 14:20:00,70.7
2025-06-12 04:03:00,95.8
2025-06-12 03:31:00,88.8
2025-06-12 23:41:00,49.660353652861794
2025-06-12 12:38:00,29.8
2025-06-12 08:45:00,59.3
2025-06-12 19:24:00,61.1
2025-06-12 08:04:00,49.660353652861794
2025-06-12 07:02:00,43.2
2025-06-12 12:55:00,71.1
2025-06-12 10:52:00,59.7
2025-06-12 16:19:00,57.2
2025-06-12 00:21:00,49.660353652861794
2025-06-12 04:22:00,68.5
2025-06-12 10:31:00,75.0
2025-06-12 17:02:00,52.4
2025-06-12 22:36:00,96.5
2025-06-12 20:11:00,49.660353652861794
2025-06-12 08:51:00,1.8
2025-06-12 01:29:00,49.660353652861794
2025-06-12 03:16:00,67.7
2025-06-12 08:25:00,53.0
2025-06-12 19:06:00,29.8
2025-06-12 00:46:00,13.2
2025-06-12 14:16:00,72.7
2025-06-12 18:44:00,48.2
2025-06-12 03:45:00,67.4
2025-06-12 08:59:00,92.8
2025-06-12 09:06:00,20.6
2025-06-12 21:44:00,24.2
2025-06-12 14:37:00,72.5
2025-06-12 12:05:00,40.2
2025-06-12 17:20:00,24.8
2025-06-12 06:54:00,62.2
2025-06-12 06:07:00,85.6
2025-06-12 06:11:00,1.9
2025-06-12 01:09:00,16.3
2025-06-12 06:49:00,89.9
2025-06-12 19:41:00,0.5
2025-06-12 03:02:00,52.0
2025-06-12 00:01:00,18.5
2025-06-12 16:33:00,81.1
2025-06-12 04:17:00,53.4
2025-06-12 21:14:00,49.660353652861794
2025-06-12 14:57:00,2.3
2025-06-12 05:17:00,78.7
2025-06-12 22:10:00,89.2
2025-06-12 10:04:00,66.8
2025-06-12 10:08:00,84.4
2025-06-12 20:45:00,48.5
2025-06-12 01:32:00,68.4
2025-06-12 06:43:00,14.3
2025-06-12 06:39:00,54.5
2025-06-12 16:34:00,63.6
2025-06-12 09:22:00,42.5
2025-06-12 16:29:00,6.5
2025-06-12 14:07:00,61.3
2025-06-12 23:24:00,49.660353652861794
2025-06-12 22:19:00,46.1
2025-06-12 12:41:00,70.2
2025-06-12 17:46:00,49.660353652861794
2025-06-12 08:19:00,14.5
2025-06-12 17:27:00,52.7
2025-06-12 04:27:00,49.660353652861794
2025-06-12 06:33:00,3.4
2025-06-12 15:38:00,68.6
2025-06-12 12:22:00,27.4
2025-06-12 15:50:00,32.5
2025-06-12 13:36:00,23.1
2025-06-12 17:42:00,49.660353652861794
2025-06-12 07:08:00,91.1
2025-06-12 14:38:00,87.0
2025-06-12 11:05:00,57.5
2025-06-12 11:09:00,50.4
2025-06-12 12:03:00,44.1
2025-06-12 18:48:00,13.9
2025-06-12 13:27:00,49.6
2025-06-12 06:02:00,27.4
2025-06-12 06:44:00,66.3
2025-06-12 20:14:00,81.7
2025-06-12 20:52:00,34.7
2025-06-12 03:46:00,49.660353652861794
2025-06-12 19:34:00,52.0
2025-06-12 04:45:00,36.4
2025-06-12 07:04:00,13.8
2025-06-12 21:39:00,58.5
2025-06-12 02:06:00,33.4
2025-06-12 23:18:00,61.7
2025-06-12 10:39:00,20.1
2025-06-12 19:11:00,3.2
2025-06-12 05:08:00,37.0
2025-06-12 01:49:00,17.4
2025-06-12 04:43:00,78.5
2025-06-12 21:04:00,71.0
2025-06-12 06:10:00,41.4
2025-06-12 19:27:00,48.1
2025-06-12 23:25:00,80.7
2025-06-12 23:23:00,11.0
2025-06-12 00:04:00,18.2
2025-06-12 18:51:00,49.660353652861794
2025-06-12 07:19:00,16.3
2025-06-12 14:23:00,72.3
2025-06-12 15:40:00,19.3
2025-06-12 23:03:00,78.4
2025-06-12 06:14:00,79.2
2025-06-12 21:32:00,0.8
2025-06-12 11:42:00,64.9
2025-06-12 11:03:00,14.7
2025-06-12 19:58:00,94.7
2025-06-12 14:39:00,49.660353652861794
2025-06-12 15:08:00,98.0
2025-06-12 06:13:00,52.7
2025-06-12 19:21:00,32.1
2025-06-12 00:59:00,49.660353652861794
2025-06-12 18:50:00,49.660353652861794
2025-06-12 14:35:00,18.3
2025-06-12 08:15:00,56.1
2025-06-12 22:51:00,67.1
2025-06-12 14:30:00,28.6
2025-06-12 09:18:00,91.7
2025-06-12 14:50:00,26.2
2025-06-12 14:08:00,61.3
2025-06-12 15:31:00,49.660353652861794
2025-06-12 10:43:00,78.7
2025-06-12 22:32:00,11.9
2025-06-12 13:59:00,64.9
2025-06-12 08:44:00,22.9
2025-06-12 05:16:00,49.660353652861794
2025-06-12 20:35:00,49.6
2025-06-12 13:14:00,49.660353652861794
2025-06-12 10:47:00,61.8
2025-06-12 19:49:00,15.4
2025-06-12 16:23:00,50.8
2025-06-12 18:37:00,37.2
2025-06-12 23:36:00,17.0
2025-06-12 13:17:00,49.660353652861794
2025-06-12 15:53:00,58.6
2025-06-12 01:46:00,49.660353652861794
2025-06-12 07:55:00,24.9
2025-06-12 05:27:00,46.7
2025-06-12 09:46:00,82.1
2025-06-12 21:35:00,55.6
2025-06-12 23:16:00,70.4
2025-06-12 16:54:00,92.3
2025-06-12 20:50:00,19.5
2025-06-12 11:35:00,95.4
2025-06-12 00:52:00,82.4
2025-06-12 02:45:00,29.8
2025-06-12 08:21:00,32.1
2025-06-12 10:30:00,28.2
2025-06-12 22:15:00,6.9
2025-06-12 21:24:00,41.5
2025-06-12 00:08:00,56.8
2025-06-12 06:58:00,26.6
2025-06-12 16:49:00,53.8
2025-06-12 17:25:00,86.6
2025-06-12 02:24:00,56.6
2025-06-12 02:56:00,36.9
2025-06-12 01:27:00,57.0
2025-06-12 15:41:00,49.660353652861794
2025-06-12 10:45:00,49.660353652861794
2025-06-12 06:34:00,61.8
2025-06-12 12:20:00,48.1
2025-06-12 07:49:00,96.1
2025-06-12 01:39:00,46.7
2025-06-12 11:27:00,99.3
2025-06-12 08:31:00,11.7
2025-06-12 07:16:00,38.1
2025-06-12 20:26:00,62.2
2025-06-12 19:48:00,49.660353652861794
2025-06-12 16:42:00,55.0
2025-06-12 07:10:00,87.0
2025-06-12 02:39:00,8.9
2025-06-12 11:40:00,58.6
2025-06-12 15:28:00,24.5
2025-06-12 21:23:00,7.0
2025-06-12 00:14:00,20.4
2025-06-12 16:48:00,73.9
2025-06-12 08:08:00,11.7
2025-06-12 07:59:00,86.8
2025-06-12 08:16:00,34.6
2025-06-12 01:25:00,2.0
2025-06-12 03:52:00,33.5
2025-06-12 23:19:00,49.9
2025-06-12 11:51:00,46.4
2025-06-12 23:00:00,13.2
2025-06-12 08:35:00,49.660353652861794
2025-06-12 00:20:00,9.8
2025-06-12 20:00:00,58.4
2025-06-12 07:09:00,27.8
2025-06-12 15:47:00,73.4
2025-06-12 22:41:00,77.4
2025-06-12 02:57:00,59.3
2025-06-12 10:36:00,7.7
2025-06-12 00:56:00,58.8
2025-06-12 21:43:00,49.660353652861794
2025-06-12 06:32:00,25.7
2025-06-12 23:44:00,27.0
2025-06-12 03:49:00,17.2
2025-06-12 05:25:00,44.4
2025-06-12 09:55:00,67.5
2025-06-12 10:03:00,55.3
2025-06-12 20:18:00,26.9
2025-06-12 08:03:00,7.4
2025-06-12 12:44:00,95.6
2025-06-12 01:33:00,57.7
2025-06-12 23:11:00,94.9
2025-06-12 02:22:00,89.8
2025-06-12 02:05:00,45.2
2025-06-12 12:59:00,43.4
2025-06-12 15:24:00,44.3
2025-06-12 10:07:00,30.2
2025-06-12 23:17:00,90.8
2025-06-12 07:53:00,81.9
2025-06-12 08:01:00,96.7
2025-06-12 08:29:00,84.6
2025-06-12 13:19:00,81.2
2025-06-12 00:18:00,72.2
2025-06-12 09:37:00,78.7
2025-06-12 04:51:00,43.5
2025-06-12 09:56:00,34.1
2025-06-12 09:01:00,77.5
2025-06-12 06:29:00,49.660353652861794
2025-06-12 19:31:00,59.1
2025-06-12 11:14:00,34.0
2025-06-12 14:47:00,34.4
2025-06-12 20:38:00,33.3
2025-06-12 09:53:00,61.8
2025-06-12 17:51:00,49.660353652861794
2025-06-12 07:20:00,57.9
2025-06-12 23:55:00,62.5
2025-06-12 04:44:00,88.2
2025-06-12 05:06:00,20.3
2025-06-12 23:27:00,34.3
2025-06-12 08:39:00,50.5
2025-06-12 04:16:00,76.5
2025-06-12 15:59:00,49.660353652861794
2025-06-12 15:33:00,33.8
2025-06-12 01:50:00,30.1
2025-06-12 16:46:00,30.7
2025-06-12 20:20:00,22.0
2025-06-12 16:16:00,49.9804001872221
2025-06-12 20:04:00,64.6
2025-06-12 16:13:00,49.9804001872221
2025-06-12 18:00:00,67.9
2025-06-12 02:12:00,30.2
2025-06-12 20:06:00,49.9804001872221
2025-06-12 12:30:00,3.7
2025-06-12 13:07:00,49.9804001872221
2025-06-12 20:27:00,70.2
2025-06-12 08:44:00,17.2
2025-06-12 10:41:00,38.0
2025-06-12 02:58:00,49.9804001872221
2025-06-12 15:30:00,37.2
2025-06-12 14:07:00,10.2
2025-06-12 04:47:00,40.7
2025-06-12 01:30:00,19.6
2025-06-12 23:35:00,49.9804001872221
2025-06-12 12:26:00,87.1
2025-06-12 19:04:00,61.7
2025-06-12 14:29:00,23.8
2025-06-12 09:48:00,19.5
2025-06-12 09:58:00,49.9804001872221
2025-06-12 01:33:00,31.8
2025-06-12 03:59:00,49.7
2025-06-12 15:31:00,35.3
2025-06-12 04:19:00,92.6
2025-06-12 21:10:00,49.9804001872221
2025-06-12 18:05:00,64.9
2025-06-12 02:22:00,49.9804001872221
2025-06-12 00:11:00,59.7
2025-06-12 17:01:00,86.8
2025-06-12 15:07:00,88.5
2025-06-12 01:19:00,88.5
2025-06-12 16:47:00,49.9804001872221
2025-06-12 05:36:00,67.0
2025-06-12 00:23:00,58.3
2025-06-12 09:45:00,24.2
2025-06-12 10:55:00,70.6
2025-06-12 13:21:00,49.9804001872221
2025-06-12 10:29:00,0.6
2025-06-12 09:38:00,62.7
2025-06-12 02:44:00,63.5
2025-06-12 17:31:00,28.3
2025-06-12 15:09:00,41.8
2025-06-12 08:41:00,49.9804001872221
2025-06-12 15:12:00,76.7
2025-06-12 07:08:00,43.1
2025-06-12 19:52:00,71.0
2025-06-12 09:15:00,61.4
2025-06-12 11:55:00,38.8
2025-06-12 07:48:00,49.9804001872221
2025-06-12 12:11:00,62.3
2025-06-12 12:17:00,63.3
2025-06-12 02:09:00,65.1
2025-06-12 06:44:00,91.6
2025-06-12 08:09:00,1.5
2025-06-12 11:09:00,84.3
2025-06-12 09:51:00,78.3
2025-06-12 23:36:00,94.9
2025-06-12 05:33:00,28.0
2025-06-12 02:51:00,90.6
2025-06-12 13:24:00,43.7
2025-06-12 11:02:00,49.9804001872221
2025-06-12 00:58:00,8.3
2025-06-12 19:13:00,82.4
2025-06-12 17:29:00,82.9
2025-06-12 03:10:00,69.1
2025-06-12 02:52:00,51.1
2025-06-12 08:04:00,39.0
2025-06-12 11:05:00,15.1
2025-06-12 21:25:00,37.1
2025-06-12 01:07:00,64.1
2025-06-12 18:59:00,43.5
2025-06-12 12:55:00,40.4
2025-06-12 08:33:00,40.4
2025-06-12 21:55:00,65.2
2025-06-12 12:10:00,18.0
2025-06-12 17:27:00,96.4
2025-06-12 10:36:00,91.2
2025-06-12 19:48:00,45.4
2025-06-12 08:24:00,5.2
2025-06-12 15:48:00,59.3
2025-06-12 23:40:00,91.6
2025-06-12 20:14:00,51.8
2025-06-12 02:38:00,17.9
2025-06-12 06:58:00,21.7
2025-06-12 03:47:00,13.1
2025-06-12 16:18:00,49.9804001872221
2025-06-12 03:51:00,60.8
2025-06-12 16:31:00,45.4
2025-06-12 07:03:00,69.6
2025-06-12 00:06:00,46.4
2025-06-12 00:51:00,63.9
2025-06-12 20:08:00,77.6
2025-06-12 12:15:00,75.3
2025-06-12 15:33:00,33.9
2025-06-12 07:52:00,49.9804001872221
2025-06-12 03:46:00,52.5
2025-06-12 04:22:00,49.9804001872221
2025-06-12 01:00:00,11.1
2025-06-12 22:49:00,49.9804001872221
2025-06-12 04:20:00,29.1
2025-06-12 09:13:00,9.8
2025-06-12 14:31:00,88.0
2025-06-12 19:06:00,50.8
2025-06-12 18:27:00,40.7
2025-06-12 22:48:00,75.6
2025-06-12 00:20:00,54.3
2025-06-12 19:50:00,88.2
2025-06-12 19:37:00,18.7
2025-06-12 07:06:00,65.1
2025-06-12 14:30:00,71.6
2025-06-12 06:06:00,88.6
2025-06-12 06:55:00,34.4
2025-06-12 02:18:00,21.4
2025-06-12 01:02:00,9.3
2025-06-12 05:00:00,84.6
2025-06-12 08:16:00,49.9804001872221
2025-06-12 18:29:00,12.7
2025-06-12 03:55:00,52.9
2025-06-12 10:30:00,41.4
2025-06-12 13:38:00,49.1
2025-06-12 23:49:00,27.8
2025-06-12 08:07:00,86.0
2025-06-12 05:46:00,46.9
2025-06-12 00:30:00,6.4
2025-06-12 18:56:00,76.6
2025-06-12 00:28:00,76.7
2025-06-12 13:18:00,49.9804001872221
2025-06-12 05:30:00,45.3
2025-06-12 03:20:00,68.0
2025-06-12 15:54:00,55.9
2025-06-12 21:31:00,49.9804001872221
2025-06-12 11:20:00,64.2
2025-06-12 00:36:00,77.3
2025-06-12 07:38:00,49.9804001872221
2025-06-12 19:45:00,24.5
2025-06-12 03:16:00,55.7
2025-06-12 18:46:00,72.3
2025-06-12 15:34:00,89.3
2025-06-12 14:20:00,49.9804001872221
2025-06-12 21:13:00,24.2
2025-06-12 22:01:00,87.9
2025-06-12 23:06:00,98.5
2025-06-12 12:00:00,14.4
2025-06-12 00:50:00,63.0
2025-06-12 05:07:00,82.8
2025-06-12 02:02:00,82.9
2025-06-12 23:34:00,61.3
2025-06-12 08:56:00,7.7
2025-06-12 08:54:00,78.3
2025-06-12 03:57:00,78.6
2025-06-12 13:22:00,86.1
2025-06-12 07:42:00,9.2
2025-06-12 22:30:00,31.0
2025-06-12 04:48:00,79.5
2025-06-12 14:12:00,68.9
2025-06-12 11:22:00,93.9
2025-06-12 16:49:00,49.9804001872221
2025-06-12 16:12:00,49.9804001872221
2025-06-12 04:36:00,95.3
2025-06-12 07:49:00,63.3
2025-06-12 10:14:00,0.9
2025-06-12 22:52:00,44.8
2025-06-12 01:05:00,65.9
2025-06-12 19:38:00,65.5
2025-06-12 02:26:00,90.9
2025-06-12 18:58:00,24.5
2025-06-12 06:24:00,46.7
2025-06-12 10:09:00,2.6
2025-06-12 15:49:00,45.7
2025-06-12 18:06:00,12.3
2025-06-12 06:45:00,49.9804001872221
2025-06-12 18:40:00,49.9804001872221
2025-06-12 16:33:00,73.0
2025-06-12 09:27:00,15.5
2025-06-12 02:00:00,1.3
2025-06-12 00:35:00,46.9
2025-06-12 14:43:00,71.1
2025-06-12 08:43:00,13.7
2025-06-12 03:48:00,39.6
2025-06-12 15:26:00,29.9
2025-06-12 08:36:00,22.5
2025-06-12 17:46:00,55.9
2025-06-12 14:40:00,4.7
2025-06-12 06:20:00,87.2
2025-06-12 15:17:00,71.2
2025-06-12 05:50:00,70.0
2025-06-12 07:04:00,16.3
2025-06-12 06:49:00,2.8
2025-06-12 07:20:00,26.7
2025-06-12 15:45:00,65.9
2025-06-12 04:06:00,80.6
2025-06-12 14:33:00,35.2
2025-06-12 13:34:00,89.3
2025-06-12 06:35:00,15.7
2025-06-12 08:29:00,10.4
2025-06-12 11:07:00,85.3
2025-06-12 09:26:00,78.8
2025-06-12 22:54:00,81.8
2025-06-12 14:06:00,49.9804001872221
2025-06-12 11:37:00,28.4
2025-06-12 16:48:00,86.8
2025-06-12 02:01:00,6.3
2025-06-12 21:41:00,35.8
2025-06-12 09:18:00,97.2
2025-06-12 20:02:00,42.1
2025-06-12 23:43:00,11.9
2025-06-12 03:49:00,94.9
2025-06-12 04:45:00,61.3
2025-06-12 23:01:00,64.5
2025-06-12 01:56:00,17.8
2025-06-12 03:07:00,56.2
2025-06-12 09:39:00,60.5
2025-06-12 02:47:00,83.1
2025-06-12 23:58:00,51.3
2025-06-12 00:53:00,85.4
2025-06-12 02:37:00,38.5
2025-06-12 17:04:00,12.9
2025-06-12 01:45:00,63.4
2025-06-12 11:51:00,96.9
2025-06-12 16:36:00,33.9
2025-06-12 03:00:00,0.3
2025-06-12 06:53:00,49.9804001872221
2025-06-12 04:35:00,67.1
2025-06-12 03:35:00,47.2
2025-06-12 19:59:00,18.7
2025-06-12 14:50:00,69.6
2025-06-12 19:14:00,65.4
2025-06-12 07:17:00,84.1
2025-06-12 05:59:00,57.8
2025-06-12 18:45:00,49.9804001872221
2025-06-12 21:22:00,50.5
2025-06-12 01:52:00,60.5
2025-06-12 23:52:00,49.9804001872221
2025-06-12 02:36:00,82.0
2025-06-12 05:42:00,86.5
2025-06-12 13:09:00,21.9
2025-06-12 05:47:00,62.3
2025-06-12 04:57:00,49.9804001872221
2025-06-12 15:46:00,34.8
2025-06-12 10:19:00,49.9804001872221
2025-06-12 19:58:00,11.1
2025-06-12 23:37:00,26.7
2025-06-12 01:21:00,87.7
2025-06-12 20:25:00,18.1
2025-06-12 00:44:00,72.5
2025-06-12 00:00:00,41.2
2025-06-12 11:35:00,91.7
2025-06-12 05:02:00,72.1
2025-06-12 12:57:00,68.2
2025-06-12 15:20:00,32.1
2025-06-12 12:12:00,51.1
2025-06-12 11:46:00,32.9
2025-06-12 23:25:00,98.7
2025-06-12 18:09:00,62.4
2025-06-12 11:44:00,47.9
2025-06-12 19:55:00,82.8
2025-06-12 12:56:00,29.9
2025-06-12 09:55:00,31.8
2025-06-12 16:52:00,38.6
2025-06-12 16:26:00,41.8
2025-06-12 17:23:00,30.6
2025-06-12 04:30:00,74.6
2025-06-12 14:39:00,43.4
2025-06-12 12:43:00,66.4
2025-06-12 19:10:00,76.9
2025-06-12 01:54:00,77.4
2025-06-12 17:30:00,49.9804001872221
2025-06-12 12:59:00,54.4
2025-06-12 10:48:00,87.6
2025-06-12 11:32:00,10.6
2025-06-12 15:11:00,49.9804001872221
2025-06-12 20:26:00,3.3
2025-06-12 15:27:00,70.0
2025-06-12 11:18:00,49.9804001872221
2025-06-12 17:47:00,11.4
2025-06-12 19:40:00,63.0
2025-06-12 00:14:00,76.3
2025-06-12 08:57:00,5.3
2025-06-12 17:58:00,5.8
2025-06-12 16:25:00,42.2
2025-06-12 03:33:00,49.9804001872221
2025-06-12 15:44:00,92.1
2025-06-12 23:12:00,47.1
2025-06-12 05:17:00,49.9804001872221
2025-06-12 09:19:00,93.5
2025-06-12 12:37:00,30.9
2025-06-12 03:06:00,86.5
2025-06-12 03:29:00,6.7
2025-06-12 17:43:00,35.4
2025-06-12 13:26:00,20.2
2025-06-12 01:36:00,49.9804001872221
2025-06-12 22:40:00,40.9
2025-06-12 08:38:00,39.3
2025-06-12 08:02:00,8.6
2025-06-12 05:25:00,31.2
2025-06-12 04:38:00,49.9804001872221
2025-06-12 22:38:00,13.5
2025-06-12 21:36:00,59.7
2025-06-12 02:21:00,99.4
2025-06-12 02:40:00,52.2
2025-06-12 07:30:00,61.5
2025-06-12 07:29:00,82.5
2025-06-12 04:05:00,73.5
2025-06-12 23:53:00,48.7
2025-06-12 06:13:00,91.1
2025-06-12 16:52:00,62.8
2025-06-12 17:30:00,83.4
2025-06-12 10:37:00,12.1
2025-06-12 10:57:00,71.1
2025-06-12 02:40:00,68.9
2025-06-12 13:32:00,32.3
2025-06-12 00:38:00,37.9
2025-06-12 11:36:00,5.9
2025-06-12 04:28:00,13.0
2025-06-12 13:48:00,86.1
2025-06-12 17:52:00,83.0
2025-06-12 06:56:00,49.6
2025-06-12 06:39:00,52.6
2025-06-12 14:14:00,49.659483264826775
2025-06-12 22:04:00,49.659483264826775
2025-06-12 10:04:00,41.4
2025-06-12 18:24:00,49.659483264826775
2025-06-12 10:28:00,45.3
2025-06-12 03:07:00,97.0
2025-06-12 04:09:00,62.5
2025-06-12 20:19:00,49.659483264826775
2025-06-12 05:35:00,52.4
2025-06-12 11:13:00,51.0
2025-06-12 01:12:00,53.5
2025-06-12 08:26:00,12.1
2025-06-12 11:32:00,72.8
2025-06-12 19:21:00,49.659483264826775
2025-06-12 22:35:00,49.659483264826775
2025-06-12 00:20:00,49.659483264826775
2025-06-12 00:34:00,49.659483264826775
2025-06-12 08:55:00,75.8
2025-06-12 02:39:00,0.0
2025-06-12 10:47:00,88.3
2025-06-12 11:55:00,91.2
2025-06-12 20:18:00,77.6
2025-06-12 16:35:00,49.659483264826775
2025-06-12 12:51:00,49.659483264826775
2025-06-12 21:33:00,64.2
2025-06-12 16:50:00,75.0
2025-06-12 03:40:00,80.0
2025-06-12 01:31:00,5.1
2025-06-12 15:45:00,97.2
2025-06-12 15:56:00,65.8
2025-06-12 12:16:00,69.4
2025-06-12 02:23:00,60.8
2025-06-12 01:17:00,96.2
2025-06-12 03:45:00,76.8
2025-06-12 16:27:00,79.2
2025-06-12 07:30:00,77.0
2025-06-12 09:34:00,46.8
2025-06-12 20:09:00,7.1
2025-06-12 05:45:00,2.4
2025-06-12 03:00:00,49.659483264826775
2025-06-12 08:10:00,82.3
2025-06-12 06:16:00,51.6
2025-06-12 06:55:00,82.6
2025-06-12 23:19:00,62.2
2025-06-12 00:24:00,83.4
2025-06-12 08:28:00,92.4
2025-06-12 07:05:00,49.659483264826775
2025-06-12 03:06:00,2.2
2025-06-12 09:02:00,49.659483264826775
2025-06-12 16:45:00,67.0
2025-06-12 20:38:00,49.659483264826775
2025-06-12 01:10:00,84.9
2025-06-12 19:10:00,76.0
2025-06-12 17:53:00,55.6
2025-06-12 17:16:00,39.9
2025-06-12 19:58:00,36.5
2025-06-12 02:59:00,13.7
2025-06-12 13:46:00,10.0
2025-06-12 20:15:00,62.6
2025-06-12 12:45:00,34.2
2025-06-12 23:33:00,49.659483264826775
2025-06-12 02:51:00,32.0
2025-06-12 14:41:00,97.2
2025-06-12 07:28:00,18.3
2025-06-12 17:13:00,63.8
2025-06-12 06:06:00,96.7
2025-06-12 07:25:00,16.3
2025-06-12 14:39:00,31.0
2025-06-12 09:33:00,35.7
2025-06-12 10:18:00,49.659483264826775
2025-06-12 03:14:00,32.3
2025-06-12 23:18:00,49.659483264826775
2025-06-12 13:23:00,26.1
2025-06-12 20:35:00,2.7
2025-06-12 00:56:00,49.659483264826775
2025-06-12 14:44:00,8.5
2025-06-12 07:53:00,98.4
2025-06-12 09:59:00,82.7
2025-06-12 03:26:00,90.9
2025-06-12 03:01:00,80.0
2025-06-12 07:18:00,49.659483264826775
2025-06-12 22:08:00,85.4
2025-06-12 18:10:00,71.4
2025-06-12 01:08:00,46.3
2025-06-12 07:32:00,88.0
2025-06-12 18:18:00,49.659483264826775
2025-06-12 09:17:00,49.659483264826775
2025-06-12 14:06:00,86.8
2025-06-12 13:43:00,61.3
2025-06-12 15:05:00,8.0
2025-06-12 10:11:00,74.3
2025-06-12 21:10:00,65.9
2025-06-12 14:59:00,57.8
2025-06-12 09:40:00,50.0
2025-06-12 03:09:00,70.2
2025-06-12 13:35:00,25.6
2025-06-12 02:54:00,52.4
2025-06-12 11:39:00,46.4
2025-06-12 06:53:00,69.8
2025-06-12 13:37:00,23.5
2025-06-12 15:41:00,82.6
2025-06-12 14:35:00,51.5
2025-06-12 17:05:00,36.1
2025-06-12 12:15:00,19.5
2025-06-12 06:28:00,64.0
2025-06-12 07:08:00,94.1
2025-06-12 21:37:00,49.7
2025-06-12 10:33:00,49.659483264826775
2025-06-12 08:23:00,6.4
2025-06-12 12:30:00,2.3
2025-06-12 06:08:00,58.1
2025-06-12 11:31:00,49.659483264826775
2025-06-12 07:07:00,0.2
2025-06-12 12:52:00,79.5
2025-06-12 06:09:00,49.659483264826775
2025-06-12 21:21:00,30.9
2025-06-12 20:56:00,84.6
2025-06-12 12:53:00,62.3
2025-06-12 22:12:00,95.9
2025-06-12 20:17:00,43.2
2025-06-12 09:54:00,73.5
2025-06-12 10:38:00,4.4
2025-06-12 19:17:00,8.0
2025-06-12 16:26:00,49.659483264826775
2025-06-12 13:02:00,49.659483264826775
2025-06-12 17:08:00,31.7
2025-06-12 06:02:00,90.1
2025-06-12 20:55:00,49.659483264826775
2025-06-12 18:50:00,41.6
2025-06-12 01:57:00,42.9
2025-06-12 16:11:00,67.1
2025-06-12 21:50:00,54.3
2025-06-12 18:26:00,30.8
2025-06-12 15:54:00,34.3
2025-06-12 17:23:00,37.8
2025-06-12 03:04:00,32.2
2025-06-12 13:06:00,25.3
2025-06-12 03:18:00,64.2
2025-06-12 08:03:00,13.1
2025-06-12 19:30:00,49.659483264826775
2025-06-12 01:49:00,71.9
2025-06-12 08:25:00,95.4
2025-06-12 06:19:00,8.0
2025-06-12 17:01:00,49.659483264826775
2025-06-12 10:40:00,19.1
2025-06-12 15:06:00,97.6
2025-06-12 08:52:00,99.6
2025-06-12 12:03:00,60.1
2025-06-12 18:57:00,15.4
2025-06-12 16:05:00,83.2
2025-06-12 16:24:00,41.3
2025-06-12 16:04:00,49.659483264826775
2025-06-12 00:58:00,84.3
2025-06-12 13:31:00,60.4
2025-06-12 04:52:00,36.6
2025-06-12 18:00:00,51.1
2025-06-12 06:25:00,85.9
2025-06-12 05:55:00,14.7
2025-06-12 07:11:00,28.1
2025-06-12 16:43:00,35.3
2025-06-12 11:54:00,95.0
2025-06-12 14:27:00,94.2
2025-06-12 18:13:00,73.0
2025-06-12 10:10:00,38.8
2025-06-12 21:36:00,58.2
2025-06-12 13:07:00,39.2
2025-06-12 02:31:00,56.8
2025-06-12 19:45:00,42.6
2025-06-12 04:27:00,88.2
2025-06-12 16:10:00,55.5
2025-06-12 05:48:00,62.7
2025-06-12 21:31:00,49.659483264826775
2025-06-12 02:02:00,51.7
2025-06-12 19:55:00,49.6
2025-06-12 09:49:00,71.6
2025-06-12 03:37:00,47.3
2025-06-12 22:56:00,49.659483264826775
2025-06-12 15:29:00,24.9
2025-06-12 07:46:00,10.6
2025-06-12 18:15:00,18.1
2025-06-12 04:12:00,7.8
2025-06-12 21:12:00,53.6
2025-06-12 07:12:00,96.9
2025-06-12 05:32:00,57.1
2025-06-12 19:35:00,0.9
2025-06-12 05:50:00,49.659483264826775
2025-06-12 09:51:00,9.8
2025-06-12 10:19:00,64.7
2025-06-12 19:50:00,44.2
2025-06-12 16:54:00,54.4
2025-06-12 16:06:00,72.3
2025-06-12 14:49:00,45.2
2025-06-12 02:30:00,81.6
2025-06-12 12:11:00,84.1
2025-06-12 22:07:00,30.3
2025-06-12 08:32:00,72.3
2025-06-12 07:40:00,27.7
2025-06-12 21:04:00,28.0
2025-06-12 05:22:00,81.8
2025-06-12 18:56:00,49.659483264826775
2025-06-12 11:17:00,66.8
2025-06-12 23:41:00,41.2
2025-06-12 22:36:00,49.659483264826775
2025-06-12 17:10:00,49.659483264826775
2025-06-12 01:43:00,44.7
2025-06-12 02:26:00,16.8
2025-06-12 04:36:00,92.8
2025-06-12 14:18:00,1.8
2025-06-12 18:04:00,6.7
2025-06-12 02:24:00,47.5
2025-06-12 22:57:00,58.5
2025-06-12 07:27:00,49.659483264826775
2025-06-12 03:12:00,49.659483264826775
2025-06-12 20:53:00,62.5
2025-06-12 11:41:00,49.659483264826775
2025-06-12 16:16:00,49.659483264826775
2025-06-12 07:51:00,33.0
2025-06-12 01:07:00,32.4
2025-06-12 14:11:00,69.1
2025-06-12 14:46:00,26.1
2025-06-12 18:11:00,44.7
2025-06-12 22:10:00,49.659483264826775
2025-06-12 19:28:00,25.0
2025-06-12 17:09:00,46.8
2025-06-12 03:22:00,55.8
2025-06-12 15:50:00,96.6
2025-06-12 02:58:00,73.8
2025-06-12 08:27:00,96.7
2025-06-12 06:54:00,99.5
2025-06-12 03:52:00,96.1
2025-06-12 22:06:00,67.4
2025-06-12 16:02:00,49.659483264826775
2025-06-12 13:54:00,26.9
2025-06-12 05:27:00,42.8
2025-06-12 00:15:00,40.1
2025-06-12 15:37:00,38.9
2025-06-12 15:07:00,46.1
2025-06-12 05:12:00,82.6
2025-06-12 15:08:00,21.0
2025-06-12 21:30:00,97.3
2025-06-12 11:25:00,76.5
2025-06-12 21:16:00,94.8
2025-06-12 14:40:00,22.4
2025-06-12 17:03:00,70.5
2025-06-12 02:32:00,85.0
2025-06-12 01:56:00,70.7
2025-06-12 04:23:00,25.4
2025-06-12 17:26:00,45.4
2025-06-12 02:38:00,88.8
2025-06-12 07:14:00,26.1
2025-06-12 06:59:00,49.659483264826775
2025-06-12 14:25:00,48.2
2025-06-12 19:39:00,72.9
2025-06-12 03:16:00,4.8
2025-06-12 14:12:00,62.0
2025-06-12 19:53:00,49.659483264826775
2025-06-12 09:41:00,80.0
2025-06-12 23:40:00,56.1
2025-06-12 14:02:00,54.2
2025-06-12 15:10:00,6.5
2025-06-12 01:16:00,4.1
2025-06-12 23:36:00,28.5
2025-06-12 21:56:00,39.0
2025-06-12 18:06:00,9.4
2025-06-12 16:51:00,45.1
2025-06-12 05:42:00,31.7
2025-06-12 16:15:00,69.8
2025-06-12 03:32:00,20.8
2025-06-12 04:39:00,22.6
2025-06-12 05:33:00,40.5
2025-06-12 21:08:00,99.8
2025-06-12 15:46:00,55.9
2025-06-12 02:28:00,49.659483264826775
2025-06-12 05:34:00,73.5
2025-06-12 04:24:00,15.3
2025-06-12 10:20:00,21.4
2025-06-12 12:01:00,33.1
2025-06-12 06:36:00,94.1
2025-06-12 04:45:00,45.4
2025-06-12 14:48:00,49.732274758880266
2025-06-12 08:48:00,32.3
2025-06-12 20:46:00,89.2
2025-06-12 01:49:00,17.6
2025-06-12 21:46:00,17.8
2025-06-12 06:52:00,81.2
2025-06-12 22:00:00,64.5
2025-06-12 21:32:00,87.5
2025-06-12 05:23:00,49.732274758880266
2025-06-12 12:36:00,19.8
2025-06-12 10:28:00,0.2
2025-06-12 15:18:00,40.5
2025-06-12 18:15:00,17.9
2025-06-12 19:20:00,49.2
2025-06-12 17:13:00,70.8
2025-06-12 04:16:00,14.2
2025-06-12 14:02:00,16.4
2025-06-12 20:50:00,49.732274758880266
2025-06-12 01:04:00,70.5
2025-06-12 13:05:00,62.5
2025-06-12 23:21:00,58.8
2025-06-12 11:26:00,38.1
2025-06-12 16:03:00,91.7
2025-06-12 01:39:00,12.1
2025-06-12 05:11:00,80.2
2025-06-12 07:58:00,42.8
2025-06-12 21:01:00,83.9
2025-06-12 06:22:00,16.6
2025-06-12 19:43:00,10.1
2025-06-12 07:37:00,8.9
2025-06-12 08:36:00,41.5
2025-06-12 16:41:00,49.732274758880266
2025-06-12 13:38:00,49.732274758880266
2025-06-12 18:06:00,49.732274758880266
2025-06-12 11:35:00,72.9
2025-06-12 18:56:00,63.2
2025-06-12 18:17:00,49.732274758880266
2025-06-12 01:03:00,81.7
2025-06-12 09:45:00,49.732274758880266
2025-06-12 01:46:00,42.7
2025-06-12 13:08:00,60.6
2025-06-12 11:12:00,88.5
2025-06-12 01:25:00,49.732274758880266
2025-06-12 12:46:00,55.1
2025-06-12 17:14:00,20.3
2025-06-12 02:30:00,58.4
2025-06-12 23:49:00,12.7
2025-06-12 04:26:00,23.4
2025-06-12 05:58:00,98.8
2025-06-12 21:35:00,73.5
2025-06-12 19:56:00,15.4
2025-06-12 10:14:00,49.732274758880266
2025-06-12 06:28:00,89.6
2025-06-12 13:50:00,49.732274758880266
2025-06-12 14:32:00,46.6
2025-06-12 06:02:00,60.9
2025-06-12 07:14:00,52.8
2025-06-12 07:38:00,95.4
2025-06-12 03:43:00,51.8
2025-06-12 21:18:00,1.1
2025-06-12 16:59:00,94.5
2025-06-12 21:36:00,49.2
2025-06-12 17:40:00,8.8
2025-06-12 14:01:00,14.6
2025-06-12 17:17:00,68.1
2025-06-12 23:03:00,49.732274758880266
2025-06-12 04:20:00,19.8
2025-06-12 05:15:00,92.9
2025-06-12 23:26:00,51.2
2025-06-12 17:24:00,89.8
2025-06-12 13:44:00,49.732274758880266
2025-06-12 16:50:00,99.5
2025-06-12 11:08:00,49.732274758880266
2025-06-12 10:36:00,18.6
2025-06-12 18:31:00,67.7
2025-06-12 10:48:00,49.732274758880266
2025-06-12 08:09:00,62.3
2025-06-12 14:43:00,18.2
2025-06-12 08:05:00,15.6
2025-06-12 04:33:00,51.8
2025-06-12 23:08:00,49.732274758880266
2025-06-12 09:59:00,38.9
2025-06-12 18:28:00,41.7
2025-06-12 05:54:00,44.7
2025-06-12 02:15:00,82.6
2025-06-12 21:58:00,59.9
2025-06-12 18:52:00,75.5
2025-06-12 07:01:00,16.2
2025-06-12 11:39:00,7.9
2025-06-12 19:41:00,85.0
2025-06-12 23:53:00,74.9
2025-06-12 11:53:00,90.4
2025-06-12 13:43:00,49.732274758880266
2025-06-12 15:47:00,6.3
2025-06-12 00:31:00,42.1
2025-06-12 09:40:00,56.4
2025-06-12 21:53:00,70.1
2025-06-12 06:58:00,72.7
2025-06-12 23:10:00,88.8
2025-06-12 01:12:00,46.7
2025-06-12 07:28:00,62.9
2025-06-12 03:40:00,80.0
2025-06-12 18:02:00,49.732274758880266
2025-06-12 13:42:00,52.0
2025-06-12 00:18:00,68.4
2025-06-12 18:34:00,32.5
2025-06-12 05:26:00,80.2
2025-06-12 11:16:00,48.4
2025-06-12 21:26:00,80.0
2025-06-12 02:08:00,66.3
2025-06-12 00:52:00,48.0
2025-06-12 15:50:00,19.9
2025-06-12 08:34:00,61.7
2025-06-12 17:44:00,82.9
2025-06-12 10:26:00,8.2
2025-06-12 11:18:00,64.1
2025-06-12 09:21:00,66.7
2025-06-12 08:02:00,43.4
2025-06-12 00:25:00,25.2
2025-06-12 02:02:00,49.732274758880266
2025-06-12 16:22:00,17.0
2025-06-12 06:44:00,7.7
2025-06-12 19:09:00,76.6
2025-06-12 13:19:00,49.732274758880266
2025-06-12 10:49:00,48.5
2025-06-12 20:14:00,30.5
2025-06-12 03:00:00,43.1
2025-06-12 05:24:00,63.5
2025-06-12 18:41:00,76.4
2025-06-12 07:20:00,50.8
2025-06-12 04:07:00,31.1
2025-06-12 02:07:00,63.4
2025-06-12 08:21:00,37.4
2025-06-12 13:29:00,76.8
2025-06-12 14:46:00,66.6
2025-06-12 22:18:00,48.2
2025-06-12 18:05:00,96.6
2025-06-12 03:32:00,49.732274758880266
2025-06-12 11:32:00,46.0
2025-06-12 18:25:00,60.2
2025-06-12 20:10:00,55.9
2025-06-12 04:36:00,6.6
2025-06-12 02:54:00,49.732274758880266
2025-06-12 16:21:00,11.9
2025-06-12 19:29:00,42.8
2025-06-12 10:17:00,48.0
2025-06-12 12:48:00,71.6
2025-06-12 03:33:00,11.5
2025-06-12 20:53:00,49.732274758880266
2025-06-12 18:26:00,7.5
2025-06-12 23:00:00,93.5
2025-06-12 11:57:00,7.1
2025-06-12 20:48:00,37.1
2025-06-12 15:42:00,54.5
2025-06-12 03:34:00,21.0
2025-06-12 19:04:00,54.5
2025-06-12 15:14:00,31.4
2025-06-12 14:30:00,94.2
2025-06-12 17:35:00,93.5
2025-06-12 01:08:00,15.2
2025-06-12 04:25:00,49.732274758880266
2025-06-12 10:21:00,30.3
2025-06-12 02:55:00,49.732274758880266
2025-06-12 04:29:00,86.2
2025-06-12 03:58:00,12.6
2025-06-12 00:27:00,89.4
2025-06-12 16:49:00,90.0
2025-06-12 07:08:00,42.8
2025-06-12 05:46:00,49.732274758880266
2025-06-12 18:20:00,59.3
2025-06-12 01:16:00,49.732274758880266
2025-06-12 13:21:00,25.5
2025-06-12 02:16:00,80.6
2025-06-12 16:14:00,44.3
2025-06-12 15:03:00,42.7
2025-06-12 15:26:00,63.1
2025-06-12 20:17:00,49.732274758880266
2025-06-12 08:52:00,76.5
2025-06-12 12:12:00,76.1
2025-06-12 07:54:00,39.8
2025-06-12 10:59:00,63.6
2025-06-12 20:24:00,97.9
2025-06-12 22:19:00,37.9
2025-06-12 18:32:00,57.6
2025-06-12 12:56:00,33.8
2025-06-12 17:07:00,49.732274758880266
2025-06-12 21:22:00,3.3
2025-06-12 03:54:00,76.1
2025-06-12 17:42:00,58.6
2025-06-12 18:54:00,30.1
2025-06-12 01:20:00,39.2
2025-06-12 22:21:00,10.4
2025-06-12 21:24:00,15.1
2025-06-12 06:32:00,79.1
2025-06-12 23:58:00,77.5
2025-06-12 00:36:00,49.732274758880266
2025-06-12 06:45:00,43.7
2025-06-12 14:20:00,0.3
2025-06-12 15:32:00,40.1
2025-06-12 11:58:00,49.732274758880266
2025-06-12 10:24:00,49.732274758880266
2025-06-12 13:15:00,76.8
2025-06-12 04:23:00,10.5
2025-06-12 23:29:00,60.8
2025-06-12 22:23:00,7.5
2025-06-12 12:53:00,34.9
2025-06-12 21:00:00,81.9
2025-06-12 19:07:00,12.5
2025-06-12 22:14:00,15.8
2025-06-12 20:27:00,51.2
2025-06-12 10:29:00,45.2
2025-06-12 15:58:00,52.6
2025-06-12 17:56:00,49.732274758880266
2025-06-12 04:49:00,58.9
2025-06-12 06:54:00,94.1
2025-06-12 21:27:00,79.8
2025-06-12 09:28:00,31.2
2025-06-12 08:19:00,57.5
2025-06-12 06:30:00,49.732274758880266
2025-06-12 18:46:00,49.732274758880266
2025-06-12 06:05:00,49.732274758880266
2025-06-12 10:31:00,49.732274758880266
2025-06-12 18:19:00,52.0
2025-06-12 23:19:00,47.5
2025-06-12 10:45:00,49.732274758880266
2025-06-12 12:31:00,49.732274758880266
2025-06-12 13:06:00,4.6
2025-06-12 08:54:00,76.1
2025-06-12 10:02:00,33.2
2025-06-12 08:38:00,49.4
2025-06-12 08:45:00,97.3
2025-06-12 16:35:00,15.6
2025-06-12 00:21:00,90.3
2025-06-12 12:11:00,36.8
2025-06-12 06:35:00,30.3
2025-06-12 21:37:00,83.7
2025-06-12 21:52:00,32.5
2025-06-12 05:14:00,71.1
2025-06-12 04:35:00,67.1
2025-06-12 09:51:00,87.9
2025-06-12 18:48:00,5.4
2025-06-12 11:17:00,74.2
2025-06-12 16:28:00,89.4
2025-06-12 21:45:00,31.5
2025-06-12 17:31:00,97.5
2025-06-12 15:46:00,64.7
2025-06-12 15:08:00,43.0
2025-06-12 15:28:00,42.7
2025-06-12 16:40:00,49.732274758880266
2025-06-12 10:44:00,22.6
2025-06-12 21:10:00,12.2
2025-06-12 08:18:00,49.6
2025-06-12 07:22:00,29.2
2025-06-12 16:09:00,78.6
2025-06-12 21:13:00,69.1
2025-06-12 13:16:00,42.7
2025-06-12 16:07:00,1.4
2025-06-12 22:13:00,99.2
2025-06-12 19:36:00,34.0
2025-06-12 02:39:00,56.3
2025-06-12 02:52:00,56.1
2025-06-12 00:37:00,73.4
2025-06-12 19:40:00,49.732274758880266
2025-06-12 15:35:00,85.5
2025-06-12 15:29:00,49.732274758880266
2025-06-12 11:40:00,49.732274758880266
2025-06-12 02:23:00,2.9
2025-06-12 04:05:00,97.7
2025-06-12 21:34:00,49.732274758880266
2025-06-12 17:57:00,49.732274758880266
2025-06-12 15:10:00,34.7
2025-06-12 08:29:00,58.2
2025-06-12 17:23:00,71.7
2025-06-12 03:15:00,98.6
2025-06-12 11:45:00,16.1
2025-06-12 13:32:00,82.6
2025-06-12 22:07:00,43.0
2025-06-12 02:06:00,8.9
2025-06-12 15:31:00,88.5
2025-06-12 03:04:00,81.7
2025-06-12 08:26:00,68.8
2025-06-12 08:12:00,58.8
2025-06-12 02:45:00,55.5
2025-06-12 19:45:00,28.0
2025-06-12 02:53:00,49.732274758880266
2025-06-12 02:35:00,12.6
2025-06-12 19:22:00,2.9
2025-06-12 20:03:00,6.6
2025-06-12 19:31:00,49.38053801169591
2025-06-12 08:09:00,72.3
2025-06-12 07:43:00,49.38053801169591
2025-06-12 11:24:00,4.0
2025-06-12 12:11:00,49.38053801169591
2025-06-12 13:07:00,32.7
2025-06-12 01:01:00,88.7
2025-06-12 22:13:00,10.3
2025-06-12 11:22:00,73.3
2025-06-12 19:52:00,24.8
2025-06-12 15:58:00,81.5
2025-06-12 16:44:00,70.8
2025-06-12 21:48:00,99.5
2025-06-12 11:58:00,19.6
2025-06-12 15:44:00,17.3
2025-06-12 01:09:00,87.9
2025-06-12 10:42:00,70.9
2025-06-12 02:11:00,5.4
2025-06-12 09:34:00,82.0
2025-06-12 02:52:00,1.3
2025-06-12 09:28:00,52.3
2025-06-12 15:01:00,82.6
2025-06-12 21:52:00,64.7
2025-06-12 09:45:00,64.0
2025-06-12 15:06:00,49.38053801169591
2025-06-12 23:32:00,17.5
2025-06-12 02:31:00,58.7
2025-06-12 23:43:00,96.8
2025-06-12 02:06:00,14.2
2025-06-12 19:21:00,45.4
2025-06-12 20:23:00,33.7
2025-06-12 17:21:00,49.38053801169591
2025-06-12 05:55:00,32.7
2025-06-12 20:25:00,33.2
2025-06-12 12:43:00,14.4
2025-06-12 05:29:00,17.4
2025-06-12 18:21:00,36.2
2025-06-12 16:17:00,24.5
2025-06-12 17:37:00,41.8
2025-06-12 19:25:00,84.4
2025-06-12 22:18:00,54.8
2025-06-12 21:11:00,42.4
2025-06-12 05:48:00,67.2
2025-06-12 10:27:00,15.3
2025-06-12 04:27:00,84.6
2025-06-12 07:19:00,96.1
2025-06-12 02:57:00,73.3
2025-06-12 23:36:00,36.9
2025-06-12 17:57:00,15.8
2025-06-12 05:59:00,71.0
2025-06-12 20:55:00,95.4
2025-06-12 08:12:00,85.4
2025-06-12 19:33:00,50.9
2025-06-12 04:28:00,55.7
2025-06-12 14:48:00,97.4
2025-06-12 13:23:00,50.2
2025-06-12 11:11:00,63.5
2025-06-12 23:37:00,56.1
2025-06-12 01:32:00,8.8
2025-06-12 03:05:00,69.9
2025-06-12 03:56:00,14.0
2025-06-12 23:38:00,49.38053801169591
2025-06-12 12:34:00,9.4
2025-06-12 16:30:00,86.8
2025-06-12 16:57:00,49.38053801169591
2025-06-12 15:15:00,76.4
2025-06-12 12:22:00,14.5
2025-06-12 18:57:00,45.8
2025-06-12 12:40:00,49.38053801169591
2025-06-12 20:42:00,29.8
2025-06-12 19:03:00,44.2
2025-06-12 13:12:00,14.2
2025-06-12 18:09:00,49.5
2025-06-12 08:00:00,33.3
2025-06-12 05:54:00,78.1
2025-06-12 19:17:00,36.6
2025-06-12 08:44:00,29.1
2025-06-12 06:06:00,6.9
2025-06-12 03:48:00,92.9
2025-06-12 20:45:00,83.9
2025-06-12 21:47:00,71.2
2025-06-12 10:50:00,49.38053801169591
2025-06-12 23:07:00,22.5
2025-06-12 20:16:00,75.9
2025-06-12 21:54:00,49.38053801169591
2025-06-12 11:57:00,75.0
2025-06-12 02:40:00,49.38053801169591
2025-06-12 19:08:00,20.3
2025-06-12 02:54:00,9.7
2025-06-12 06:00:00,89.1
2025-06-12 14:41:00,25.4
2025-06-12 21:15:00,45.0
2025-06-12 19:37:00,15.4
2025-06-12 17:28:00,49.38053801169591
2025-06-12 15:11:00,46.3
2025-06-12 13:35:00,8.6
2025-06-12 17:17:00,82.4
2025-06-12 18:53:00,4.4
2025-06-12 10:46:00,44.2
2025-06-12 20:50:00,49.38053801169591
2025-06-12 22:12:00,74.2
2025-06-12 17:35:00,47.1
2025-06-12 07:01:00,49.38053801169591
2025-06-12 07:11:00,63.2
2025-06-12 17:31:00,52.8
2025-06-12 06:51:00,49.38053801169591
2025-06-12 21:46:00,49.38053801169591
2025-06-12 20:44:00,49.38053801169591
2025-06-12 01:28:00,49.38053801169591
2025-06-12 18:16:00,33.3
2025-06-12 00:15:00,49.38053801169591
2025-06-12 13:39:00,86.1
2025-06-12 17:46:00,52.3
2025-06-12 16:43:00,98.0
2025-06-12 12:54:00,49.38053801169591
2025-06-12 05:58:00,79.2
2025-06-12 09:52:00,49.38053801169591
2025-06-12 12:32:00,25.8
2025-06-12 14:08:00,49.2
2025-06-12 04:00:00,49.38053801169591
2025-06-12 14:21:00,49.38053801169591
2025-06-12 11:45:00,49.38053801169591
2025-06-12 08:51:00,75.0
2025-06-12 08:06:00,73.7
2025-06-12 22:27:00,80.7
2025-06-12 00:29:00,67.4
2025-06-12 19:36:00,88.7
2025-06-12 16:45:00,42.5
2025-06-12 14:17:00,59.6
2025-06-12 22:55:00,69.3
2025-06-12 14:51:00,50.0
2025-06-12 11:46:00,49.38053801169591
2025-06-12 01:10:00,49.1
2025-06-12 08:54:00,17.5
2025-06-12 07:06:00,97.2
2025-06-12 06:33:00,3.0
2025-06-12 16:24:00,52.2
2025-06-12 14:25:00,87.9
2025-06-12 14:24:00,76.2
2025-06-12 23:29:00,57.7
2025-06-12 16:31:00,82.3
2025-06-12 08:45:00,49.38053801169591
2025-06-12 22:39:00,74.3
2025-06-12 05:04:00,4.6
2025-06-12 15:57:00,13.3
2025-06-12 14:26:00,30.7
2025-06-12 14:23:00,17.3
2025-06-12 23:41:00,29.3
2025-06-12 14:19:00,49.38053801169591
2025-06-12 23:12:00,84.4
2025-06-12 05:08:00,87.9
2025-06-12 16:26:00,21.0
2025-06-12 08:29:00,23.9
2025-06-12 05:23:00,29.0
2025-06-12 02:36:00,49.38053801169591
2025-06-12 17:32:00,26.2
2025-06-12 14:11:00,92.0
2025-06-12 09:55:00,96.5
2025-06-12 11:00:00,37.5
2025-06-12 10:32:00,60.7
2025-06-12 16:51:00,96.6
2025-06-12 08:22:00,2.2
2025-06-12 10:18:00,37.7
2025-06-12 13:30:00,14.5
2025-06-12 13:02:00,32.2
2025-06-12 21:32:00,77.8
2025-06-12 01:31:00,47.5
2025-06-12 07:49:00,18.2
2025-06-12 10:09:00,94.2
2025-06-12 15:28:00,53.5
2025-06-12 05:15:00,93.9
2025-06-12 02:02:00,7.2
2025-06-12 16:34:00,37.7
2025-06-12 18:06:00,42.9
2025-06-12 12:23:00,53.4
2025-06-12 06:40:00,61.9
2025-06-12 01:05:00,46.7
2025-06-12 22:35:00,40.7
2025-06-12 12:27:00,59.5
2025-06-12 08:28:00,13.1
2025-06-12 20:57:00,59.5
2025-06-12 10:08:00,46.6
2025-06-12 18:22:00,84.5
2025-06-12 13:52:00,48.8
2025-06-12 00:16:00,39.5
2025-06-12 05:18:00,4.5
2025-06-12 20:21:00,16.6
2025-06-12 19:15:00,49.38053801169591
2025-06-12 09:49:00,32.2
2025-06-12 07:31:00,90.5
2025-06-12 15:34:00,27.7
2025-06-12 17:52:00,77.0
2025-06-12 19:24:00,1.7
2025-06-12 19:47:00,58.1
2025-06-12 15:21:00,47.2
2025-06-12 04:39:00,60.9
2025-06-12 03:06:00,23.8
2025-06-12 23:54:00,0.6
2025-06-12 20:28:00,24.1
2025-06-12 00:28:00,40.3
2025-06-12 21:14:00,67.6
2025-06-12 05:56:00,49.38053801169591
2025-06-12 09:57:00,27.1
2025-06-12 22:01:00,90.9
2025-06-12 18:27:00,0.4
2025-06-12 14:07:00,18.3
2025-06-12 19:58:00,49.38053801169591
2025-06-12 08:02:00,69.4
2025-06-12 03:57:00,77.7
2025-06-12 22:36:00,86.3
2025-06-12 20:09:00,25.0
2025-06-12 12:21:00,62.9
2025-06-12 06:03:00,8.0
2025-06-12 20:47:00,27.2
2025-06-12 07:42:00,88.4
2025-06-12 04:26:00,11.9
2025-06-12 09:46:00,90.5
2025-06-12 11:19:00,94.0
2025-06-12 05:06:00,21.3
2025-06-12 01:54:00,64.4
2025-06-12 18:11:00,83.8
2025-06-12 03:51:00,68.3
2025-06-12 21:12:00,76.8
2025-06-12 07:03:00,22.4
2025-06-12 10:49:00,1.4
2025-06-12 00:06:00,4.3
2025-06-12 02:49:00,39.6
2025-06-12 23:27:00,0.9
2025-06-12 12:01:00,27.9
2025-06-12 10:36:00,42.4
2025-06-12 11:16:00,49.38053801169591
2025-06-12 19:11:00,79.9
2025-06-12 16:33:00,49.38053801169591
2025-06-12 18:17:00,56.7
2025-06-12 16:29:00,49.38053801169591
2025-06-12 01:27:00,42.0
2025-06-12 17:08:00,23.7
2025-06-12 09:59:00,78.1
2025-06-12 13:11:00,67.3
2025-06-12 14:27:00,50.7
2025-06-12 04:42:00,9.3
2025-06-12 18:01:00,52.6
2025-06-12 08:52:00,43.6
2025-06-12 03:00:00,37.5
2025-06-12 11:17:00,29.3
2025-06-12 15:12:00,30.4
2025-06-12 10:30:00,62.5
2025-06-12 20:29:00,87.9
2025-06-12 05:30:00,87.8
2025-06-12 18:00:00,94.5
2025-06-12 01:18:00,59.3
2025-06-12 08:16:00,22.1
2025-06-12 09:53:00,49.38053801169591
2025-06-12 23:48:00,98.7
2025-06-12 19:20:00,49.38053801169591
2025-06-12 01:43:00,44.7
2025-06-12 03:24:00,66.0
2025-06-12 07:05:00,22.7
2025-06-12 02:43:00,17.5
2025-06-12 12:44:00,49.38053801169591
2025-06-12 22:20:00,71.5
2025-06-12 07:32:00,50.4
2025-06-12 04:31:00,80.3
2025-06-12 08:20:00,88.9
2025-06-12 07:12:00,51.0
2025-06-12 04:20:00,39.6
2025-06-12 17:45:00,49.38053801169591
2025-06-12 05:35:00,11.3
2025-06-12 00:51:00,86.0
2025-06-12 21:06:00,33.0
2025-06-12 05:12:00,63.0
2025-06-12 07:17:00,7.2
2025-06-12 15:47:00,6.8
2025-06-12 11:59:00,39.7
2025-06-12 05:31:00,1.7
2025-06-12 11:13:00,55.8
2025-06-12 16:42:00,49.38053801169591
2025-06-12 19:01:00,22.3
2025-06-12 03:41:00,32.0
2025-06-12 14:01:00,85.0
2025-06-12 14:52:00,39.4
2025-06-12 14:13:00,49.38053801169591
2025-06-12 01:49:00,49.38053801169591
2025-06-12 12:02:00,81.6
2025-06-12 16:52:00,79.6
2025-06-12 04:06:00,98.0
2025-06-12 19:59:00,7.6
2025-06-12 22:59:00,49.38053801169591
2025-06-12 03:40:00,49.38053801169591
2025-06-12 09:09:00,17.0
2025-06-12 05:52:00,31.4
2025-06-12 00:11:00,99.0
2025-06-12 00:25:00,92.0
2025-06-12 14:54:00,85.4
2025-06-12 18:45:00,52.2
2025-06-12 12:33:00,41.1
2025-06-12 17:55:00,26.4
2025-06-12 15:50:00,2.0
2025-06-12 01:56:00,63.5
2025-06-12 18:44:00,19.3
2025-06-12 23:24:00,28.3
2025-06-12 19:09:00,44.4
2025-06-12 16:12:00,49.38053801169591
2025-06-12 15:16:00,46.6
2025-06-12 05:11:00,44.4
2025-06-12 01:03:00,0.9
2025-06-12 23:30:00,44.6
2025-06-12 05:50:00,0.7
2025-06-12 13:06:00,17.6
2025-06-12 18:07:00,83.8
2025-06-12 10:51:00,80.2
2025-06-12 07:00:00,78.2
2025-06-12 07:58:00,24.6
2025-06-12 12:31:00,73.4
2025-06-12 08:36:00,25.3
2025-06-12 08:33:00,70.7
2025-06-12 23:39:00,50.4
2025-06-12 01:37:00,7.3
2025-06-12 00:26:00,84.9
2025-06-12 09:52:00,78.5
2025-06-12 17:47:00,61.1
2025-06-12 07:31:00,20.0
2025-06-12 11:45:00,57.0
2025-06-12 07:42:00,95.9
2025-06-12 20:53:00,57.5
2025-06-12 22:03:00,26.6
2025-06-12 05:48:00,0.8
2025-06-12 05:46:00,65.3
2025-06-12 11:03:00,92.4
2025-06-12 05:04:00,49.594186729301235
2025-06-12 07:59:00,26.3
2025-06-12 19:51:00,49.594186729301235
2025-06-12 00:54:00,99.5
2025-06-12 17:48:00,56.9
2025-06-12 21:11:00,38.5
2025-06-12 09:42:00,59.9
2025-06-12 16:14:00,14.1
2025-06-12 02:21:00,14.9
2025-06-12 19:41:00,77.3
2025-06-12 08:08:00,66.0
2025-06-12 13:29:00,49.594186729301235
2025-06-12 03:44:00,40.5
2025-06-12 02:40:00,79.6
2025-06-12 01:41:00,25.0
2025-06-12 11:59:00,43.8
2025-06-12 03:26:00,61.6
2025-06-12 06:37:00,48.5
2025-06-12 22:10:00,44.7
2025-06-12 07:50:00,39.3
2025-06-12 23:24:00,24.5
2025-06-12 23:04:00,32.1
2025-06-12 16:16:00,17.3
2025-06-12 04:13:00,56.7
2025-06-12 08:00:00,49.594186729301235
2025-06-12 11:17:00,86.9
2025-06-12 13:05:00,49.594186729301235
2025-06-12 19:05:00,14.4
2025-06-12 13:21:00,60.9
2025-06-12 14:51:00,15.4
2025-06-12 17:35:00,64.6
2025-06-12 13:24:00,85.7
2025-06-12 10:44:00,61.6
2025-06-12 22:11:00,76.2
2025-06-12 21:15:00,12.9
2025-06-12 10:52:00,69.3
2025-06-12 04:59:00,49.594186729301235
2025-06-12 10:35:00,52.4
2025-06-12 07:45:00,72.2
2025-06-12 19:04:00,54.4
2025-06-12 07:01:00,54.7
2025-06-12 23:36:00,70.8
2025-06-12 17:38:00,49.594186729301235
2025-06-12 10:26:00,49.594186729301235
2025-06-12 05:32:00,49.594186729301235
2025-06-12 09:27:00,93.0
2025-06-12 10:39:00,66.9
2025-06-12 16:55:00,28.3
2025-06-12 17:27:00,63.4
2025-06-12 14:46:00,0.9
2025-06-12 14:43:00,60.4
2025-06-12 15:15:00,13.2
2025-06-12 20:00:00,66.4
2025-06-12 10:50:00,71.5
2025-06-12 10:47:00,87.6
2025-06-12 02:13:00,44.5
2025-06-12 01:28:00,64.9
2025-06-12 23:31:00,1.7
2025-06-12 16:01:00,26.7
2025-06-12 03:13:00,28.4
2025-06-12 01:52:00,49.594186729301235
2025-06-12 02:56:00,1.6
2025-06-12 13:51:00,86.3
2025-06-12 23:33:00,9.4
2025-06-12 16:58:00,14.2
2025-06-12 15:54:00,92.4
2025-06-12 11:38:00,11.7
2025-06-12 09:58:00,49.594186729301235
2025-06-12 21:28:00,32.4
2025-06-12 22:05:00,49.594186729301235
2025-06-12 03:42:00,49.594186729301235
2025-06-12 17:46:00,43.5
2025-06-12 12:07:00,67.8
2025-06-12 14:08:00,49.594186729301235
2025-06-12 08:52:00,50.9
2025-06-12 06:59:00,0.8
2025-06-12 21:27:00,5.2
2025-06-12 09:45:00,49.594186729301235
2025-06-12 08:03:00,49.594186729301235
2025-06-12 17:33:00,49.594186729301235
2025-06-12 02:11:00,64.3
2025-06-12 23:09:00,96.1
2025-06-12 02:18:00,0.5
2025-06-12 16:24:00,62.2
2025-06-12 00:10:00,41.4
2025-06-12 06:54:00,1.5
2025-06-12 05:22:00,49.594186729301235
2025-06-12 23:52:00,90.8
2025-06-12 00:16:00,72.5
2025-06-12 02:58:00,81.1
2025-06-12 05:19:00,56.4
2025-06-12 11:54:00,50.5
2025-06-12 08:18:00,80.6
2025-06-12 22:29:00,74.3
2025-06-12 01:57:00,83.1
2025-06-12 09:05:00,49.594186729301235
2025-06-12 09:49:00,48.7
2025-06-12 10:59:00,49.4
2025-06-12 00:11:00,23.2
2025-06-12 13:30:00,32.1
2025-06-12 12:01:00,99.6
2025-06-12 22:54:00,78.3
2025-06-12 02:37:00,2.7
2025-06-12 06:02:00,7.0
2025-06-12 22:38:00,27.8
2025-06-12 03:14:00,82.4
2025-06-12 22:37:00,49.594186729301235
2025-06-12 10:14:00,21.3
2025-06-12 14:39:00,91.9
2025-06-12 09:43:00,36.8
2025-06-12 07:36:00,26.7
2025-06-12 16:39:00,60.6
2025-06-12 04:30:00,55.9
2025-06-12 10:22:00,10.7
2025-06-12 15:29:00,50.3
2025-06-12 21:17:00,79.0
2025-06-12 07:23:00,20.0
2025-06-12 02:52:00,71.6
2025-06-12 11:02:00,49.594186729301235
2025-06-12 18:24:00,86.3
2025-06-12 00:21:00,39.1
2025-06-12 19:46:00,54.8
2025-06-12 07:09:00,18.4
2025-06-12 04:45:00,95.4
2025-06-12 10:55:00,42.3
2025-06-12 03:27:00,17.6
2025-06-12 06:01:00,12.8
2025-06-12 13:02:00,49.594186729301235
2025-06-12 21:34:00,5.3
2025-06-12 13:18:00,88.5
2025-06-12 00:08:00,72.2
2025-06-12 14:30:00,49.594186729301235
2025-06-12 02:02:00,18.3
2025-06-12 00:33:00,43.6
2025-06-12 00:23:00,1.4
2025-06-12 12:14:00,54.3
2025-06-12 11:55:00,65.9
2025-06-12 19:56:00,18.0
2025-06-12 13:28:00,49.594186729301235
2025-06-12 00:43:00,63.9
2025-06-12 15:06:00,35.9
2025-06-12 03:57:00,38.2
2025-06-12 02:43:00,7.7
2025-06-12 08:54:00,77.0
2025-06-12 10:51:00,49.594186729301235
2025-06-12 21:23:00,90.4
2025-06-12 02:03:00,55.0
2025-06-12 04:58:00,49.594186729301235
2025-06-12 17:00:00,8.2
2025-06-12 20:26:00,70.9
2025-06-12 19:49:00,57.5
2025-06-12 14:50:00,8.6
2025-06-12 14:56:00,24.7
2025-06-12 18:35:00,24.3
2025-06-12 01:04:00,66.4
2025-06-12 02:08:00,62.9
2025-06-12 21:42:00,93.1
2025-06-12 10:45:00,87.6
2025-06-12 05:55:00,23.6
2025-06-12 13:03:00,68.8
2025-06-12 16:08:00,66.3
2025-06-12 04:04:00,63.8
2025-06-12 00:37:00,66.7
2025-06-12 02:29:00,88.5
2025-06-12 08:47:00,49.594186729301235
2025-06-12 14:25:00,40.4
2025-06-12 20:06:00,76.4
2025-06-12 04:52:00,52.5
2025-06-12 17:30:00,82.1
2025-06-12 16:56:00,31.6
2025-06-12 20:29:00,33.5
2025-06-12 00:51:00,90.9
2025-06-12 06:53:00,51.1
2025-06-12 06:48:00,64.4
2025-06-12 15:01:00,25.8
2025-06-12 08:32:00,20.2
2025-06-12 13:14:00,37.8
2025-06-12 19:34:00,4.4
2025-06-12 20:57:00,12.6
2025-06-12 04:39:00,49.594186729301235
2025-06-12 23:12:00,6.1
2025-06-12 01:54:00,98.1
2025-06-12 23:14:00,6.6
2025-06-12 17:18:00,49.594186729301235
2025-06-12 19:07:00,34.4
2025-06-12 20:32:00,76.6
2025-06-12 07:10:00,81.5
2025-06-12 09:35:00,63.2
2025-06-12 01:49:00,31.2
2025-06-12 21:26:00,49.594186729301235
2025-06-12 11:36:00,15.2
2025-06-12 11:31:00,91.9
2025-06-12 20:36:00,1.4
2025-06-12 14:49:00,66.3
2025-06-12 16:48:00,78.8
2025-06-12 18:08:00,87.7
2025-06-12 02:17:00,49.594186729301235
2025-06-12 06:17:00,54.3
2025-06-12 15:30:00,87.8
2025-06-12 01:20:00,79.4
2025-06-12 21:44:00,55.6
2025-06-12 02:15:00,99.9
2025-06-12 02:30:00,28.9
2025-06-12 11:40:00,53.7
2025-06-12 22:40:00,26.7
2025-06-12 14:31:00,58.0
2025-06-12 04:10:00,86.6
2025-06-12 14:42:00,49.594186729301235
2025-06-12 02:39:00,46.5
2025-06-12 16:07:00,35.7
2025-06-12 16:22:00,83.3
2025-06-12 20:38:00,49.594186729301235
2025-06-12 11:58:00,49.594186729301235
2025-06-12 17:15:00,44.1
2025-06-12 16:30:00,0.2
2025-06-12 11:00:00,55.4
2025-06-12 20:07:00,50.3
2025-06-12 17:23:00,22.8
2025-06-12 22:50:00,17.6
2025-06-12 06:10:00,87.4
2025-06-12 12:50:00,43.0
2025-06-12 12:20:00,92.1
2025-06-12 14:35:00,40.4
2025-06-12 17:05:00,96.6
2025-06-12 05:15:00,27.5
2025-06-12 11:05:00,16.8
2025-06-12 21:05:00,24.0
2025-06-12 12:18:00,20.5
2025-06-12 06:19:00,33.9
2025-06-12 18:43:00,94.6
2025-06-12 14:21:00,8.7
2025-06-12 08:09:00,27.7
2025-06-12 07:48:00,96.6
2025-06-12 21:38:00,49.594186729301235
2025-06-12 10:18:00,44.1
2025-06-12 00:42:00,91.3
2025-06-12 05:02:00,77.5
2025-06-12 12:51:00,99.1
2025-06-12 13:52:00,49.594186729301235
2025-06-12 18:56:00,8.0
2025-06-12 12:00:00,0.4
2025-06-12 00:46:00,69.2
2025-06-12 00:03:00,49.3
2025-06-12 00:31:00,17.2
2025-06-12 09:30:00,74.5
2025-06-12 02:26:00,20.7
2025-06-12 20:42:00,98.4
2025-06-12 12:43:00,49.594186729301235
2025-06-12 19:48:00,21.4
2025-06-12 01:31:00,46.3
2025-06-12 03:38:00,94.3
2025-06-12 01:19:00,83.3
2025-06-12 17:52:00,98.1
2025-06-12 00:41:00,14.6
2025-06-12 02:31:00,49.594186729301235
2025-06-12 08:46:00,41.8
2025-06-12 19:35:00,83.3
2025-06-12 17:41:00,2.4
2025-06-12 05:40:00,67.3
2025-06-12 13:12:00,49.594186729301235
2025-06-12 10:49:00,49.594186729301235
2025-06-12 22:31:00,12.9
2025-06-12 15:22:00,56.9
2025-06-12 13:33:00,49.594186729301235
2025-06-12 13:32:00,34.9
2025-06-12 12:21:00,23.0
2025-06-12 22:13:00,87.2
2025-06-12 22:48:00,50.03812089971884
2025-06-12 09:51:00,50.03812089971884
2025-06-12 01:38:00,96.1
2025-06-12 15:59:00,50.03812089971884
2025-06-12 23:56:00,50.03812089971884
2025-06-12 00:16:00,28.8
2025-06-12 15:02:00,60.7
2025-06-12 05:01:00,84.0
2025-06-12 18:31:00,24.9
2025-06-12 10:30:00,50.03812089971884
2025-06-12 07:07:00,91.0
2025-06-12 00:00:00,12.2
2025-06-12 10:49:00,89.1
2025-06-12 10:01:00,5.4
2025-06-12 22:58:00,94.8
2025-06-12 23:14:00,16.1
2025-06-12 13:42:00,50.03812089971884
2025-06-12 12:56:00,60.6
2025-06-12 13:21:00,96.1
2025-06-12 22:54:00,80.6
2025-06-12 14:30:00,50.03812089971884
2025-06-12 16:14:00,80.5
2025-06-12 22:32:00,44.6
2025-06-12 04:38:00,50.03812089971884
2025-06-12 15:32:00,27.8
2025-06-12 10:17:00,62.9
2025-06-12 06:57:00,47.8
2025-06-12 04:33:00,89.3
2025-06-12 04:45:00,41.6
2025-06-12 01:53:00,74.4
2025-06-12 00:49:00,23.3
2025-06-12 16:12:00,69.4
2025-06-12 11:50:00,80.4
2025-06-12 21:59:00,78.7
2025-06-12 19:53:00,5.6
2025-06-12 10:44:00,50.03812089971884
2025-06-12 04:07:00,49.3
2025-06-12 06:35:00,50.03812089971884
2025-06-12 12:49:00,50.03812089971884
2025-06-12 07:12:00,58.8
2025-06-12 08:06:00,18.9
2025-06-12 06:49:00,50.03812089971884
2025-06-12 19:18:00,50.03812089971884
2025-06-12 05:16:00,61.3
2025-06-12 12:14:00,36.6
2025-06-12 05:02:00,74.0
2025-06-12 13:03:00,68.9
2025-06-12 08:04:00,12.5
2025-06-12 02:32:00,13.3
2025-06-12 00:42:00,37.2
2025-06-12 09:32:00,40.0
2025-06-12 09:45:00,56.2
2025-06-12 05:03:00,50.03812089971884
2025-06-12 02:42:00,82.4
2025-06-12 18:21:00,29.2
2025-06-12 18:55:00,38.5
2025-06-12 00:17:00,11.3
2025-06-12 17:45:00,19.8
2025-06-12 13:35:00,16.7
2025-06-12 16:30:00,33.9
2025-06-12 05:30:00,99.3
2025-06-12 22:15:00,57.3
2025-06-12 19:10:00,41.5
2025-06-12 22:08:00,30.3
2025-06-12 22:57:00,98.5
2025-06-12 07:36:00,41.9
2025-06-12 11:45:00,44.7
2025-06-12 12:31:00,75.3
2025-06-12 21:48:00,75.8
2025-06-12 03:24:00,74.9
2025-06-12 04:58:00,87.2
2025-06-12 12:24:00,50.03812089971884
2025-06-12 13:43:00,95.5
2025-06-12 00:28:00,47.2
2025-06-12 06:40:00,78.3
2025-06-12 08:45:00,50.03812089971884
2025-06-12 09:19:00,89.6
2025-06-12 00:32:00,64.3
2025-06-12 04:31:00,97.7
2025-06-12 11:18:00,69.0
2025-06-12 02:00:00,35.0
2025-06-12 18:01:00,9.9
2025-06-12 18:52:00,50.03812089971884
2025-06-12 04:22:00,18.2
2025-06-12 04:21:00,42.2
2025-06-12 05:42:00,50.03812089971884
2025-06-12 12:39:00,2.2
2025-06-12 20:41:00,82.8
2025-06-12 07:32:00,97.9
2025-06-12 22:49:00,83.4
2025-06-12 17:17:00,50.03812089971884
2025-06-12 11:26:00,50.2
2025-06-12 03:42:00,45.9
2025-06-12 21:26:00,50.03812089971884
2025-06-12 17:29:00,50.03812089971884
2025-06-12 11:01:00,11.4
2025-06-12 21:28:00,44.0
2025-06-12 20:02:00,44.3
2025-06-12 03:14:00,50.03812089971884
2025-06-12 03:23:00,88.8
2025-06-12 23:19:00,95.6
2025-06-12 04:35:00,50.03812089971884
2025-06-12 11:51:00,50.03812089971884
2025-06-12 23:49:00,95.2
2025-06-12 10:39:00,52.4
2025-06-12 04:08:00,50.03812089971884
2025-06-12 19:32:00,91.3
2025-06-12 08:03:00,50.03812089971884
2025-06-12 06:04:00,50.03812089971884
2025-06-12 09:34:00,77.1
2025-06-12 19:12:00,50.03812089971884
2025-06-12 16:45:00,64.6
2025-06-12 07:30:00,96.4
2025-06-12 08:46:00,60.4
2025-06-12 16:16:00,50.03812089971884
2025-06-12 23:18:00,6.3
2025-06-12 18:47:00,16.2
2025-06-12 06:21:00,92.6
2025-06-12 11:17:00,59.1
2025-06-12 06:42:00,50.03812089971884
2025-06-12 04:01:00,25.6
2025-06-12 04:20:00,77.8
2025-06-12 02:19:00,32.8
2025-06-12 20:40:00,7.8
2025-06-12 01:32:00,80.8
2025-06-12 18:34:00,68.2
2025-06-12 03:03:00,50.03812089971884
2025-06-12 03:28:00,50.03812089971884
2025-06-12 19:14:00,29.5
2025-06-12 20:10:00,1.7
2025-06-12 11:35:00,50.03812089971884
2025-06-12 07:39:00,42.9
2025-06-12 17:59:00,52.1
2025-06-12 15:28:00,67.0
2025-06-12 21:42:00,71.3
2025-06-12 01:31:00,67.1
2025-06-12 07:04:00,99.5
2025-06-12 22:04:00,78.0
2025-06-12 00:03:00,24.9
2025-06-12 10:48:00,55.1
2025-06-12 20:47:00,92.6
2025-06-12 08:24:00,18.4
2025-06-12 19:45:00,55.0
2025-06-12 07:38:00,13.4
2025-06-12 08:56:00,31.7
2025-06-12 10:59:00,22.5
2025-06-12 02:14:00,52.9
2025-06-12 14:59:00,63.2
2025-06-12 18:04:00,50.03812089971884
2025-06-12 20:29:00,12.7
2025-06-12 06:26:00,38.3
2025-06-12 02:38:00,16.8
2025-06-12 03:31:00,83.5
2025-06-12 10:12:00,73.0
2025-06-12 05:15:00,3.1
2025-06-12 02:37:00,50.03812089971884
2025-06-12 20:27:00,56.1
2025-06-12 14:39:00,22.2
2025-06-12 20:26:00,19.1
2025-06-12 19:43:00,17.6
2025-06-12 22:16:00,73.4
2025-06-12 02:47:00,32.1
2025-06-12 13:34:00,22.6
2025-06-12 21:54:00,52.6
2025-06-12 01:29:00,83.9
2025-06-12 14:20:00,80.6
2025-06-12 13:41:00,3.5
2025-06-12 02:18:00,73.4
2025-06-12 09:43:00,5.5
2025-06-12 21:53:00,87.5
2025-06-12 02:58:00,96.2
2025-06-12 01:20:00,81.3
2025-06-12 08:11:00,52.4
2025-06-12 17:36:00,50.03812089971884
2025-06-12 06:07:00,16.1
2025-06-12 02:15:00,73.9
2025-06-12 14:27:00,3.4
2025-06-12 23:46:00,31.5
2025-06-12 18:45:00,10.0
2025-06-12 09:24:00,30.5
2025-06-12 17:16:00,62.3
2025-06-12 19:28:00,27.3
2025-06-12 14:08:00,50.03812089971884
2025-06-12 21:44:00,68.4
2025-06-12 05:08:00,71.5
2025-06-12 15:50:00,2.0
2025-06-12 12:02:00,59.5
2025-06-12 11:30:00,81.1
2025-06-12 17:37:00,32.7
2025-06-12 06:55:00,0.4
2025-06-12 20:34:00,94.6
2025-06-12 03:59:00,89.7
2025-06-12 13:48:00,50.03812089971884
2025-06-12 03:55:00,99.0
2025-06-12 07:19:00,42.8
2025-06-12 05:50:00,46.3
2025-06-12 11:42:00,84.6
2025-06-12 15:39:00,86.1
2025-06-12 07:47:00,56.6
2025-06-12 06:52:00,79.9
2025-06-12 02:29:00,3.8
2025-06-12 19:33:00,73.7
2025-06-12 21:02:00,59.2
2025-06-12 07:21:00,13.3
2025-06-12 12:58:00,95.4
2025-06-12 15:25:00,28.7
2025-06-12 15:57:00,32.7
2025-06-12 03:33:00,19.3
2025-06-12 01:03:00,18.4
2025-06-12 23:52:00,50.03812089971884
2025-06-12 01:04:00,42.2
2025-06-12 07:57:00,20.7
2025-06-12 18:11:00,29.2
2025-06-12 12:53:00,94.2
2025-06-12 02:12:00,92.3
2025-06-12 09:52:00,50.03812089971884
2025-06-12 13:19:00,79.0
2025-06-12 11:28:00,50.03812089971884
2025-06-12 12:09:00,79.7
2025-06-12 18:26:00,58.8
2025-06-12 03:12:00,50.03812089971884
2025-06-12 06:01:00,99.1
2025-06-12 17:28:00,59.8
2025-06-12 06:25:00,26.2
2025-06-12 14:42:00,59.5
2025-06-12 18:14:00,50.03812089971884
2025-06-12 16:42:00,73.3
2025-06-12 00:21:00,5.3
2025-06-12 14:46:00,38.0
2025-06-12 16:23:00,89.1
2025-06-12 22:02:00,89.9
2025-06-12 17:33:00,49.0
2025-06-12 14:56:00,3.7
2025-06-12 22:18:00,70.8
2025-06-12 18:13:00,63.2
2025-06-12 22:13:00,82.4
2025-06-12 01:12:00,90.9
2025-06-12 08:08:00,55.5
2025-06-12 17:12:00,72.3
2025-06-12 18:16:00,53.9
2025-06-12 12:28:00,5.7
2025-06-12 12:46:00,34.7
2025-06-12 14:36:00,70.9
2025-06-12 08:30:00,28.0
2025-06-12 06:39:00,50.03812089971884
2025-06-12 11:53:00,97.8
2025-06-12 13:00:00,98.7
2025-06-12 21:07:00,60.5
2025-06-12 15:11:00,78.7
2025-06-12 15:24:00,23.5
2025-06-12 04:06:00,62.6
2025-06-12 02:11:00,82.6
2025-06-12 11:16:00,29.2
2025-06-12 16:29:00,18.8
2025-06-12 11:13:00,16.6
2025-06-12 14:14:00,74.3
2025-06-12 07:31:00,33.7
2025-06-12 10:25:00,43.9
2025-06-12 12:15:00,28.4
2025-06-12 14:52:00,74.1
2025-06-12 12:41:00,21.5
2025-06-12 14:58:00,7.9
2025-06-12 11:31:00,88.9
2025-06-12 18:42:00,30.2
2025-06-12 08:43:00,30.9
2025-06-12 04:11:00,20.1
2025-06-12 00:57:00,77.4
2025-06-12 12:07:00,18.7
2025-06-12 02:05:00,60.1
2025-06-12 21:36:00,26.4
2025-06-12 05:26:00,46.2
2025-06-12 08:13:00,58.4
2025-06-12 08:26:00,1.7
2025-06-12 13:07:00,41.3
2025-06-12 18:24:00,74.1
2025-06-12 18:39:00,53.8
2025-06-12 20:28:00,0.7
2025-06-12 01:23:00,50.03812089971884
2025-06-12 12:00:00,50.03812089971884
2025-06-12 02:08:00,88.9
2025-06-12 19:23:00,65.9
2025-06-12 07:05:00,31.4
2025-06-12 23:07:00,6.3
2025-06-12 15:14:00,50.03812089971884
2025-06-12 10:14:00,92.1
2025-06-12 08:33:00,40.2
2025-06-12 00:20:00,50.03812089971884
2025-06-12 19:22:00,28.1
2025-06-12 01:43:00,62.1
2025-06-12 11:15:00,53.3
2025-06-12 05:27:00,50.03812089971884
2025-06-12 09:09:00,23.1
2025-06-12 03:30:00,0.4
2025-06-12 14:34:00,40.4
2025-06-12 19:13:00,78.1
2025-06-12 23:02:00,40.6
2025-06-12 00:40:00,68.6
2025-06-12 20:55:00,64.7
2025-06-12 07:41:00,46.9
2025-06-12 06:54:00,15.5
2025-06-12 03:08:00,50.03812089971884
2025-06-12 11:15:00,65.7
2025-06-12 11:55:00,87.9
2025-06-12 17:33:00,4.6
2025-06-12 05:35:00,49.697634180790956
2025-06-12 13:40:00,84.1
2025-06-12 14:09:00,49.697634180790956
2025-06-12 06:32:00,59.4
2025-06-12 21:26:00,78.5
2025-06-12 08:56:00,8.8
2025-06-12 15:24:00,30.9
2025-06-12 19:47:00,49.697634180790956
2025-06-12 08:31:00,54.7
2025-06-12 10:55:00,93.1
2025-06-12 13:53:00,58.8
2025-06-12 16:16:00,89.3
2025-06-12 00:37:00,76.7
2025-06-12 06:35:00,33.3
2025-06-12 08:42:00,7.0
2025-06-12 20:52:00,49.697634180790956
2025-06-12 21:25:00,75.2
2025-06-12 11:36:00,15.8
2025-06-12 16:27:00,49.6
2025-06-12 09:06:00,78.0
2025-06-12 11:17:00,55.4
2025-06-12 21:10:00,63.9
2025-06-12 09:24:00,25.9
2025-06-12 06:48:00,60.8
2025-06-12 09:14:00,79.3
2025-06-12 23:09:00,6.8
2025-06-12 23:04:00,92.1
2025-06-12 20:37:00,61.5
2025-06-12 22:19:00,48.1
2025-06-12 17:13:00,36.3
2025-06-12 22:08:00,81.4
2025-06-12 04:40:00,96.4
2025-06-12 13:49:00,48.7
2025-06-12 22:25:00,83.0
2025-06-12 08:13:00,25.7
2025-06-12 04:09:00,82.4
2025-06-12 18:37:00,10.3
2025-06-12 15:54:00,79.5
2025-06-12 01:39:00,49.697634180790956
2025-06-12 22:31:00,12.3
2025-06-12 19:03:00,36.2
2025-06-12 17:39:00,95.9
2025-06-12 18:22:00,40.8
2025-06-12 20:44:00,74.9
2025-06-12 10:30:00,98.4
2025-06-12 21:55:00,67.9
2025-06-12 20:50:00,22.6
2025-06-12 01:26:00,40.3
2025-06-12 01:34:00,5.2
2025-06-12 07:58:00,49.697634180790956
2025-06-12 03:33:00,95.9
2025-06-12 03:52:00,11.8
2025-06-12 04:04:00,48.9
2025-06-12 11:52:00,42.5
2025-06-12 01:38:00,88.9
2025-06-12 06:08:00,40.9
2025-06-12 01:27:00,68.0
2025-06-12 02:10:00,20.2
2025-06-12 19:19:00,49.697634180790956
2025-06-12 19:37:00,76.7
2025-06-12 08:19:00,3.6
2025-06-12 08:12:00,96.7
2025-06-12 23:37:00,5.9
2025-06-12 17:06:00,35.8
2025-06-12 06:51:00,49.697634180790956
2025-06-12 10:47:00,98.2
2025-06-12 14:56:00,34.9
2025-06-12 16:47:00,60.1
2025-06-12 18:10:00,29.0
2025-06-12 02:03:00,58.1
2025-06-12 21:06:00,73.2
2025-06-12 08:20:00,87.2
2025-06-12 05:12:00,53.9
2025-06-12 09:29:00,6.0
2025-06-12 11:32:00,85.4
2025-06-12 08:39:00,51.0
2025-06-12 15:52:00,42.2
2025-06-12 00:33:00,11.8
2025-06-12 21:08:00,60.6
2025-06-12 09:48:00,36.7
2025-06-12 12:32:00,0.1
2025-06-12 23:17:00,89.1
2025-06-12 01:24:00,74.5
2025-06-12 04:16:00,28.1
2025-06-12 06:30:00,54.9
2025-06-12 03:37:00,53.4
2025-06-12 17:12:00,64.8
2025-06-12 06:50:00,49.697634180790956
2025-06-12 09:07:00,49.697634180790956
2025-06-12 06:20:00,95.8
2025-06-12 21:16:00,21.6
2025-06-12 19:39:00,94.7
2025-06-12 14:05:00,75.7
2025-06-12 05:07:00,18.6
2025-06-12 08:44:00,3.3
2025-06-12 09:15:00,29.8
2025-06-12 03:22:00,55.0
2025-06-12 08:54:00,49.697634180790956
2025-06-12 00:02:00,49.697634180790956
2025-06-12 16:01:00,3.5
2025-06-12 22:21:00,63.0
2025-06-12 14:59:00,34.1
2025-06-12 18:00:00,26.4
2025-06-12 13:29:00,3.7
2025-06-12 11:51:00,75.2
2025-06-12 15:45:00,15.3
2025-06-12 19:36:00,5.2
2025-06-12 07:10:00,46.7
2025-06-12 01:55:00,11.8
2025-06-12 09:19:00,12.6
2025-06-12 01:13:00,49.697634180790956
2025-06-12 14:28:00,3.2
2025-06-12 01:06:00,29.4
2025-06-12 21:37:00,15.4
2025-06-12 14:43:00,29.1
2025-06-12 01:02:00,49.697634180790956
2025-06-12 09:20:00,35.8
2025-06-12 01:30:00,18.7
2025-06-12 09:55:00,83.2
2025-06-12 01:03:00,84.8
2025-06-12 13:41:00,41.6
2025-06-12 14:02:00,38.4
2025-06-12 01:50:00,84.5
2025-06-12 13:31:00,0.6
2025-06-12 03:02:00,49.697634180790956
2025-06-12 21:58:00,58.3
2025-06-12 09:23:00,49.697634180790956
2025-06-12 08:35:00,53.5
2025-06-12 14:12:00,88.0
2025-06-12 05:15:00,40.2
2025-06-12 13:35:00,94.8
2025-06-12 09:11:00,99.0
2025-06-12 17:47:00,69.6
2025-06-12 19:00:00,1.0
2025-06-12 05:23:00,74.9
2025-06-12 06:42:00,18.9
2025-06-12 04:45:00,60.6
2025-06-12 15:57:00,38.2
2025-06-12 16:32:00,18.3
2025-06-12 04:37:00,88.0
2025-06-12 12:43:00,41.2
2025-06-12 07:35:00,17.7
2025-06-12 12:26:00,49.697634180790956
2025-06-12 19:42:00,73.3
2025-06-12 08:03:00,97.4
2025-06-12 22:42:00,97.6
2025-06-12 21:17:00,63.9
2025-06-12 18:44:00,49.697634180790956
2025-06-12 09:39:00,45.4
2025-06-12 19:40:00,71.9
2025-06-12 18:26:00,41.8
2025-06-12 14:37:00,88.6
2025-06-12 23:10:00,5.0
2025-06-12 02:29:00,43.5
2025-06-12 22:36:00,50.6
2025-06-12 18:35:00,0.7
2025-06-12 19:56:00,12.7
2025-06-12 22:56:00,67.5
2025-06-12 06:14:00,61.9
2025-06-12 12:34:00,57.5
2025-06-12 06:17:00,7.3
2025-06-12 08:55:00,13.6
2025-06-12 02:47:00,49.697634180790956
2025-06-12 09:17:00,10.2
2025-06-12 03:17:00,62.9
2025-06-12 13:10:00,43.4
2025-06-12 11:37:00,62.0
2025-06-12 05:46:00,49.4
2025-06-12 08:17:00,44.4
2025-06-12 18:19:00,5.8
2025-06-12 02:23:00,84.5
2025-06-12 09:50:00,8.4
2025-06-12 03:56:00,78.5
2025-06-12 18:49:00,49.697634180790956
2025-06-12 14:24:00,71.3
2025-06-12 19:59:00,73.9
2025-06-12 08:32:00,30.0
2025-06-12 10:37:00,72.4
2025-06-12 17:20:00,97.5
2025-06-12 12:46:00,49.697634180790956
2025-06-12 23:11:00,49.697634180790956
2025-06-12 00:58:00,93.7
2025-06-12 18:11:00,49.697634180790956
2025-06-12 16:41:00,89.5
2025-06-12 12:15:00,82.1
2025-06-12 20:56:00,52.2
2025-06-12 10:43:00,43.2
2025-06-12 20:40:00,15.8
2025-06-12 08:49:00,42.6
2025-06-12 04:30:00,93.5
2025-06-12 20:21:00,7.6
2025-06-12 20:27:00,28.8
2025-06-12 12:41:00,21.2
2025-06-12 17:08:00,24.8
2025-06-12 06:28:00,49.697634180790956
2025-06-12 12:53:00,35.8
2025-06-12 16:10:00,49.697634180790956
2025-06-12 23:08:00,49.697634180790956
2025-06-12 18:02:00,3.7
2025-06-12 16:31:00,6.9
2025-06-12 16:58:00,55.5
2025-06-12 18:45:00,49.697634180790956
2025-06-12 23:36:00,57.1
2025-06-12 06:15:00,13.1
2025-06-12 14:27:00,94.5
2025-06-12 03:01:00,72.8
2025-06-12 13:21:00,28.7
2025-06-12 12:24:00,64.1
2025-06-12 09:58:00,25.8
2025-06-12 02:05:00,1.4
2025-06-12 07:15:00,1.8
2025-06-12 20:20:00,2.6
2025-06-12 13:50:00,46.9
2025-06-12 17:02:00,49.697634180790956
2025-06-12 00:34:00,49.697634180790956
2025-06-12 21:18:00,51.8
2025-06-12 13:47:00,33.7
2025-06-12 09:53:00,49.697634180790956
2025-06-12 10:56:00,75.6
2025-06-12 10:13:00,62.2
2025-06-12 08:50:00,46.1
2025-06-12 04:47:00,75.1
2025-06-12 10:28:00,24.5
2025-06-12 05:50:00,3.5
2025-06-12 15:47:00,49.697634180790956
2025-06-12 11:29:00,49.697634180790956
2025-06-12 11:50:00,70.5
2025-06-12 17:38:00,57.7
2025-06-12 22:59:00,64.9
2025-06-12 22:04:00,14.9
2025-06-12 18:32:00,23.4
2025-06-12 18:17:00,8.3
2025-06-12 18:43:00,41.5
2025-06-12 23:48:00,45.2
2025-06-12 23:23:00,55.1
2025-06-12 21:14:00,19.3
2025-06-12 14:14:00,4.6
2025-06-12 04:53:00,73.6
2025-06-12 15:27:00,84.9
2025-06-12 11:08:00,99.3
2025-06-12 23:43:00,80.8
2025-06-12 15:10:00,28.6
2025-06-12 18:14:00,75.0
2025-06-12 14:51:00,49.697634180790956
2025-06-12 19:16:00,15.6
2025-06-12 15:23:00,83.2
2025-06-12 12:59:00,76.6
2025-06-12 07:19:00,48.4
2025-06-12 21:03:00,49.697634180790956
2025-06-12 19:55:00,29.1
2025-06-12 20:57:00,19.4
2025-06-12 22:14:00,74.1
2025-06-12 16:37:00,12.7
2025-06-12 17:17:00,89.8
2025-06-12 05:05:00,13.6
2025-06-12 09:09:00,36.8
2025-06-12 07:21:00,49.697634180790956
2025-06-12 15:15:00,49.697634180790956
2025-06-12 22:48:00,56.6
2025-06-12 09:31:00,52.2
2025-06-12 15:03:00,11.6
2025-06-12 13:22:00,45.7
2025-06-12 14:52:00,48.6
2025-06-12 11:34:00,5.6
2025-06-12 03:19:00,47.0
2025-06-12 00:42:00,52.2
2025-06-12 20:00:00,49.697634180790956
2025-06-12 10:15:00,84.0
2025-06-12 17:48:00,60.0
2025-06-12 23:30:00,37.9
2025-06-12 08:43:00,13.4
2025-06-12 12:25:00,76.8
2025-06-12 13:46:00,81.3
2025-06-12 10:35:00,88.4
2025-06-12 07:33:00,96.8
2025-06-12 11:06:00,88.2
2025-06-12 09:10:00,49.697634180790956
2025-06-12 23:25:00,81.5
2025-06-12 14:04:00,9.1
2025-06-12 17:54:00,65.7
2025-06-12 13:04:00,80.2
2025-06-12 18:09:00,15.3
2025-06-12 03:18:00,66.0
2025-06-12 14:55:00,36.6
2025-06-12 10:07:00,49.697634180790956
2025-06-12 06:34:00,74.5
2025-06-12 17:04:00,79.9
2025-06-12 09:02:00,64.9
2025-06-12 17:43:00,49.697634180790956
2025-06-12 23:09:00,95.4
2025-06-12 09:37:00,49.81454693687398
2025-06-12 01:06:00,84.7
2025-06-12 18:30:00,11.8
2025-06-12 05:25:00,30.0
2025-06-12 03:26:00,75.8
2025-06-12 12:10:00,84.4
2025-06-12 14:17:00,11.6
2025-06-12 23:27:00,89.6
2025-06-12 09:01:00,29.8
2025-06-12 18:55:00,47.4
2025-06-12 10:41:00,21.0
2025-06-12 15:27:00,37.8
2025-06-12 05:27:00,16.4
2025-06-12 02:04:00,96.2
2025-06-12 08:19:00,30.9
2025-06-12 19:27:00,95.5
2025-06-12 05:35:00,77.1
2025-06-12 20:09:00,68.5
2025-06-12 12:08:00,32.2
2025-06-12 06:55:00,49.81454693687398
2025-06-12 21:48:00,66.1
2025-06-12 03:33:00,53.8
2025-06-12 11:48:00,49.81454693687398
2025-06-12 03:19:00,70.7
2025-06-12 16:26:00,18.3
2025-06-12 06:45:00,71.9
2025-06-12 00:07:00,18.8
2025-06-12 18:09:00,2.3
2025-06-12 03:06:00,63.0
2025-06-12 21:11:00,80.0
2025-06-12 02:51:00,99.7
2025-06-12 02:33:00,10.9
2025-06-12 01:29:00,86.4
2025-06-12 08:20:00,49.81454693687398
2025-06-12 16:08:00,19.0
2025-06-12 07:56:00,92.5
2025-06-12 02:11:00,21.8
2025-06-12 08:47:00,36.4
2025-06-12 00:41:00,15.7
2025-06-12 02:26:00,7.9
2025-06-12 18:44:00,10.4
2025-06-12 16:37:00,73.2
2025-06-12 11:27:00,12.8
2025-06-12 18:45:00,19.2
2025-06-12 10:10:00,40.7
2025-06-12 21:51:00,76.8
2025-06-12 17:25:00,60.5
2025-06-12 00:57:00,17.0
2025-06-12 19:54:00,15.6
2025-06-12 06:57:00,6.2
2025-06-12 16:28:00,15.2
2025-06-12 16:00:00,47.3
2025-06-12 15:10:00,58.1
2025-06-12 16:51:00,7.0
2025-06-12 10:46:00,72.4
2025-06-12 12:06:00,95.5
2025-06-12 18:54:00,35.3
2025-06-12 12:20:00,10.4
2025-06-12 10:00:00,49.81454693687398
2025-06-12 03:39:00,4.2
2025-06-12 01:01:00,49.81454693687398
2025-06-12 03:34:00,25.0
2025-06-12 13:28:00,42.5
2025-06-12 23:49:00,5.1
2025-06-12 08:26:00,66.4
2025-06-12 19:05:00,79.3
2025-06-12 20:00:00,0.9
2025-06-12 04:23:00,96.0
2025-06-12 07:59:00,25.3
2025-06-12 05:53:00,62.1
2025-06-12 22:18:00,13.4
2025-06-12 19:08:00,85.1
2025-06-12 00:23:00,49.6
2025-06-12 13:35:00,52.4
2025-06-12 08:45:00,1.6
2025-06-12 03:00:00,31.0
2025-06-12 18:48:00,27.3
2025-06-12 11:52:00,11.6
2025-06-12 08:08:00,33.0
2025-06-12 16:23:00,49.81454693687398
2025-06-12 09:23:00,49.81454693687398
2025-06-12 03:21:00,98.9
2025-06-12 08:21:00,12.4
2025-06-12 08:31:00,94.0
2025-06-12 19:37:00,1.1
2025-06-12 02:21:00,80.2
2025-06-12 06:09:00,62.0
2025-06-12 19:24:00,37.7
2025-06-12 08:07:00,18.9
2025-06-12 18:40:00,12.0
2025-06-12 22:02:00,38.9
2025-06-12 16:56:00,42.7
2025-06-12 04:31:00,89.4
2025-06-12 04:22:00,16.6
2025-06-12 17:56:00,16.2
2025-06-12 22:34:00,71.4
2025-06-12 16:31:00,36.5
2025-06-12 19:29:00,49.81454693687398
2025-06-12 13:43:00,77.2
2025-06-12 19:57:00,81.5
2025-06-12 18:10:00,17.1
2025-06-12 00:19:00,72.0
2025-06-12 22:16:00,86.2
2025-06-12 17:24:00,79.7
2025-06-12 15:57:00,77.8
2025-06-12 06:11:00,53.4
2025-06-12 08:52:00,21.8
2025-06-12 15:37:00,29.8
2025-06-12 14:24:00,5.7
2025-06-12 02:15:00,86.4
2025-06-12 05:58:00,9.0
2025-06-12 14:52:00,49.81454693687398
2025-06-12 04:12:00,17.4
2025-06-12 13:38:00,33.4
2025-06-12 01:28:00,63.4
2025-06-12 20:57:00,25.3
2025-06-12 17:03:00,49.81454693687398
2025-06-12 21:55:00,49.81454693687398
2025-06-12 14:19:00,49.81454693687398
2025-06-12 22:13:00,49.81454693687398
2025-06-12 05:06:00,86.3
2025-06-12 02:53:00,10.6
2025-06-12 00:54:00,36.7
2025-06-12 02:20:00,52.0
2025-06-12 04:55:00,15.0
2025-06-12 21:09:00,24.0
2025-06-12 13:09:00,23.7
2025-06-12 15:36:00,40.8
2025-06-12 00:47:00,74.1
2025-06-12 15:44:00,77.0
2025-06-12 03:36:00,14.5
2025-06-12 09:36:00,7.1
2025-06-12 21:40:00,24.0
2025-06-12 18:39:00,49.81454693687398
2025-06-12 04:18:00,39.0
2025-06-12 19:42:00,48.0
2025-06-12 20:36:00,44.1
2025-06-12 08:15:00,49.81454693687398
2025-06-12 07:34:00,16.5
2025-06-12 04:24:00,49.81454693687398
2025-06-12 00:22:00,90.0
2025-06-12 00:50:00,30.7
2025-06-12 16:34:00,69.4
2025-06-12 07:29:00,0.7
2025-06-12 13:27:00,64.2
2025-06-12 04:27:00,33.4
2025-06-12 06:44:00,49.81454693687398
2025-06-12 17:14:00,6.3
2025-06-12 21:36:00,16.7
2025-06-12 21:22:00,49.81454693687398
2025-06-12 02:39:00,74.5
2025-06-12 12:13:00,74.5
2025-06-12 04:37:00,49.81454693687398
2025-06-12 11:32:00,95.4
2025-06-12 21:12:00,21.6
2025-06-12 04:15:00,99.5
2025-06-12 12:48:00,30.6
2025-06-12 00:14:00,69.8
2025-06-12 04:07:00,26.5
2025-06-12 10:34:00,83.9
2025-06-12 11:35:00,34.1
2025-06-12 19:22:00,94.2
2025-06-12 05:18:00,19.5
2025-06-12 05:37:00,23.5
2025-06-12 22:39:00,37.9
2025-06-12 16:27:00,18.9
2025-06-12 13:40:00,49.81454693687398
2025-06-12 01:09:00,36.6
2025-06-12 03:29:00,32.6
2025-06-12 16:11:00,26.1
2025-06-12 22:40:00,3.7
2025-06-12 16:20:00,49.81454693687398
2025-06-12 22:35:00,71.2
2025-06-12 01:15:00,54.7
2025-06-12 17:15:00,96.9
2025-06-12 07:16:00,5.8
2025-06-12 06:37:00,81.0
2025-06-12 23:47:00,45.9
2025-06-12 10:31:00,37.4
2025-06-12 09:30:00,9.0
2025-06-12 15:16:00,87.7
2025-06-12 01:25:00,29.3
2025-06-12 02:14:00,49.81454693687398
2025-06-12 12:07:00,18.0
2025-06-12 16:36:00,49.81454693687398
2025-06-12 23:57:00,60.2
2025-06-12 17:49:00,33.0
2025-06-12 08:50:00,49.81454693687398
2025-06-12 07:48:00,22.9
2025-06-12 02:34:00,81.1
2025-06-12 13:54:00,55.5
2025-06-12 17:26:00,95.1
2025-06-12 14:07:00,49.81454693687398
2025-06-12 09:51:00,60.3
2025-06-12 21:21:00,26.3
2025-06-12 18:07:00,10.1
2025-06-12 23:38:00,1.0
2025-06-12 06:59:00,49.81454693687398
2025-06-12 06:53:00,55.8
2025-06-12 17:01:00,62.3
2025-06-12 04:58:00,24.4
2025-06-12 19:51:00,4.8
2025-06-12 23:48:00,7.5
2025-06-12 07:46:00,7.3
2025-06-12 19:25:00,17.9
2025-06-12 01:31:00,6.0
2025-06-12 13:21:00,35.4
2025-06-12 15:02:00,36.0
2025-06-12 00:34:00,70.7
2025-06-12 15:20:00,15.9
2025-06-12 05:45:00,12.1
2025-06-12 10:38:00,51.7
2025-06-12 01:49:00,49.81454693687398
2025-06-12 06:51:00,49.81454693687398
2025-06-12 21:32:00,30.7
2025-06-12 13:51:00,58.6
2025-06-12 23:35:00,68.2
2025-06-12 18:41:00,73.9
2025-06-12 13:49:00,28.1
2025-06-12 04:05:00,9.3
2025-06-12 21:53:00,60.0
2025-06-12 21:44:00,26.1
2025-06-12 15:45:00,76.5
2025-06-12 18:34:00,14.6
2025-06-12 20:24:00,87.9
2025-06-12 00:45:00,94.2
2025-06-12 21:18:00,49.81454693687398
2025-06-12 22:20:00,40.6
2025-06-12 21:03:00,81.7
2025-06-12 07:10:00,49.1
2025-06-12 22:56:00,49.3
2025-06-12 09:17:00,52.7
2025-06-12 06:15:00,19.5
2025-06-12 22:51:00,55.1
2025-06-12 21:46:00,49.81454693687398
2025-06-12 08:58:00,5.7
2025-06-12 05:02:00,93.4
2025-06-12 00:01:00,69.7
2025-06-12 13:18:00,65.4
2025-06-12 04:47:00,14.8
2025-06-12 06:07:00,76.7
2025-06-12 09:04:00,48.8
2025-06-12 11:14:00,25.8
2025-06-12 01:07:00,53.7
2025-06-12 16:16:00,21.4
2025-06-12 02:48:00,72.4
2025-06-12 10:22:00,90.0
2025-06-12 02:37:00,53.0
2025-06-12 06:00:00,49.81454693687398
2025-06-12 10:06:00,12.0
2025-06-12 08:33:00,13.1
2025-06-12 06:43:00,85.4
2025-06-12 15:51:00,86.4
2025-06-12 00:02:00,7.5
2025-06-12 21:25:00,88.5
2025-06-12 15:49:00,58.8
2025-06-12 15:38:00,49.81454693687398
2025-06-12 09:48:00,70.1
2025-06-12 00:51:00,60.5
2025-06-12 16:15:00,49.81454693687398
2025-06-12 01:08:00,44.5
2025-06-12 13:45:00,54.1
2025-06-12 15:32:00,49.81454693687398
2025-06-12 15:01:00,82.7
2025-06-12 01:42:00,49.81454693687398
2025-06-12 23:28:00,37.2
2025-06-12 14:00:00,51.5
2025-06-12 22:28:00,18.5
2025-06-12 06:40:00,35.4
2025-06-12 07:54:00,95.5
2025-06-12 23:15:00,49.81454693687398
2025-06-12 09:44:00,49.81454693687398
2025-06-12 02:50:00,30.4
2025-06-12 06:08:00,40.9
2025-06-12 03:12:00,88.9
2025-06-12 02:05:00,89.5
2025-06-12 04:38:00,1.9
2025-06-12 07:44:00,12.8
2025-06-12 04:09:00,5.2
2025-06-12 07:40:00,64.3
2025-06-12 23:41:00,49.81454693687398
2025-06-12 14:56:00,74.3
2025-06-12 01:23:00,72.7
2025-06-12 03:56:00,86.4
2025-06-12 00:29:00,5.8
2025-06-12 12:29:00,28.8
2025-06-12 12:40:00,56.3
2025-06-12 15:43:00,20.8
2025-06-12 17:29:00,67.6
2025-06-12 23:50:00,63.9
2025-06-12 16:22:00,0.4
2025-06-12 04:11:00,67.3
2025-06-12 14:08:00,50.17466168922071
2025-06-12 11:34:00,3.8
2025-06-12 06:34:00,13.9
2025-06-12 15:42:00,11.0
2025-06-12 07:51:00,51.6
2025-06-12 23:00:00,53.2
2025-06-12 22:30:00,50.3
2025-06-12 21:32:00,38.0
2025-06-12 19:11:00,48.6
2025-06-12 01:39:00,30.6
2025-06-12 15:36:00,18.5
2025-06-12 06:25:00,20.5
2025-06-12 01:21:00,52.3
2025-06-12 01:45:00,91.7
2025-06-12 02:15:00,99.4
2025-06-12 00:14:00,74.1
2025-06-12 01:48:00,44.4
2025-06-12 18:30:00,2.0
2025-06-12 00:12:00,23.1
2025-06-12 02:25:00,50.17466168922071
2025-06-12 07:37:00,6.0
2025-06-12 11:05:00,48.0
2025-06-12 22:54:00,50.17466168922071
2025-06-12 03:50:00,42.3
2025-06-12 21:50:00,91.1
2025-06-12 17:58:00,53.0
2025-06-12 09:30:00,2.6
2025-06-12 21:22:00,44.4
2025-06-12 16:19:00,3.0
2025-06-12 21:51:00,5.4
2025-06-12 19:38:00,24.5
2025-06-12 21:58:00,50.17466168922071
2025-06-12 16:11:00,68.3
2025-06-12 10:51:00,31.4
2025-06-12 13:05:00,47.3
2025-06-12 01:11:00,88.5
2025-06-12 13:50:00,3.5
2025-06-12 02:50:00,58.9
2025-06-12 22:44:00,66.9
2025-06-12 00:19:00,67.5
2025-06-12 00:10:00,97.4
2025-06-12 14:17:00,66.3
2025-06-12 02:41:00,57.0
2025-06-12 00:09:00,16.0
2025-06-12 01:49:00,53.7
2025-06-12 05:01:00,50.17466168922071
2025-06-12 05:46:00,70.3
2025-06-12 20:24:00,51.5
2025-06-12 03:36:00,95.2
2025-06-12 19:29:00,94.8
2025-06-12 21:00:00,95.8
2025-06-12 16:41:00,60.7
2025-06-12 15:27:00,47.5
2025-06-12 19:28:00,14.7
2025-06-12 20:31:00,55.9
2025-06-12 06:28:00,30.5
2025-06-12 07:54:00,25.6
2025-06-12 10:45:00,0.9
2025-06-12 12:12:00,64.9
2025-06-12 14:26:00,50.17466168922071
2025-06-12 05:58:00,66.1
2025-06-12 10:42:00,22.2
2025-06-12 11:58:00,44.7
2025-06-12 22:34:00,40.7
2025-06-12 00:05:00,29.4
2025-06-12 16:30:00,80.5
2025-06-12 11:09:00,56.4
2025-06-12 14:14:00,12.2
2025-06-12 12:34:00,73.2
2025-06-12 20:48:00,93.6
2025-06-12 02:23:00,92.0
2025-06-12 00:57:00,11.2
2025-06-12 14:34:00,71.8
2025-06-12 05:04:00,71.3
2025-06-12 08:48:00,42.9
2025-06-12 18:36:00,49.6
2025-06-12 21:14:00,10.6
2025-06-12 08:24:00,31.9
2025-06-12 15:16:00,58.8
2025-06-12 06:31:00,92.4
2025-06-12 10:12:00,36.1
2025-06-12 04:05:00,89.6
2025-06-12 04:47:00,91.4
2025-06-12 16:23:00,30.8
2025-06-12 10:55:00,71.7
2025-06-12 22:09:00,24.5
2025-06-12 20:43:00,81.2
2025-06-12 19:57:00,5.1
2025-06-12 11:14:00,74.1
2025-06-12 07:32:00,94.8
2025-06-12 15:08:00,83.7
2025-06-12 04:07:00,50.17466168922071
2025-06-12 02:42:00,26.5
2025-06-12 06:07:00,50.17466168922071
2025-06-12 17:01:00,11.0
2025-06-12 02:01:00,89.0
2025-06-12 02:09:00,81.7
2025-06-12 20:10:00,61.5
2025-06-12 07:47:00,50.17466168922071
2025-06-12 23:52:00,27.3
2025-06-12 15:54:00,20.5
2025-06-12 23:12:00,19.4
2025-06-12 23:20:00,44.8
2025-06-12 16:44:00,38.6
2025-06-12 20:55:00,54.7
2025-06-12 03:40:00,63.1
2025-06-12 23:25:00,55.7
2025-06-12 04:36:00,37.4
2025-06-12 05:37:00,2.1
2025-06-12 19:04:00,52.5
2025-06-12 04:06:00,50.1
2025-06-12 21:47:00,18.3
2025-06-12 13:31:00,71.6
2025-06-12 00:30:00,19.4
2025-06-12 23:21:00,46.6
2025-06-12 19:25:00,50.17466168922071
2025-06-12 22:47:00,24.7
2025-06-12 22:21:00,93.4
2025-06-12 13:48:00,66.2
2025-06-12 14:15:00,61.8
2025-06-12 05:10:00,37.3
2025-06-12 21:36:00,3.2
2025-06-12 14:16:00,92.5
2025-06-12 17:57:00,71.3
2025-06-12 15:38:00,57.4
2025-06-12 10:24:00,12.3
2025-06-12 06:36:00,19.3
2025-06-12 15:17:00,22.2
2025-06-12 22:57:00,8.6
2025-06-12 14:38:00,26.2
2025-06-12 14:28:00,52.6
2025-06-12 22:50:00,21.0
2025-06-12 21:33:00,67.9
2025-06-12 16:14:00,11.9
2025-06-12 09:14:00,67.5
2025-06-12 18:01:00,15.2
2025-06-12 12:26:00,74.9
2025-06-12 07:48:00,2.7
2025-06-12 21:01:00,6.9
2025-06-12 05:48:00,60.1
2025-06-12 07:59:00,38.3
2025-06-12 19:59:00,9.4
2025-06-12 12:57:00,47.5
2025-06-12 06:42:00,50.17466168922071
2025-06-12 08:25:00,41.8
2025-06-12 19:30:00,74.1
2025-06-12 15:04:00,42.6
2025-06-12 23:29:00,41.2
2025-06-12 02:57:00,39.7
2025-06-12 20:23:00,50.17466168922071
2025-06-12 13:08:00,84.2
2025-06-12 10:49:00,60.5
2025-06-12 15:00:00,50.17466168922071
2025-06-12 05:51:00,50.17466168922071
2025-06-12 16:07:00,50.17466168922071
2025-06-12 21:15:00,67.7
2025-06-12 18:14:00,99.8
2025-06-12 20:35:00,70.1
2025-06-12 06:20:00,84.2
2025-06-12 16:57:00,29.4
2025-06-12 17:55:00,10.1
2025-06-12 17:08:00,68.6
2025-06-12 11:13:00,50.17466168922071
2025-06-12 02:22:00,40.6
2025-06-12 06:23:00,3.6
2025-06-12 04:52:00,17.5
2025-06-12 20:49:00,22.4
2025-06-12 10:47:00,50.17466168922071
2025-06-12 16:45:00,86.8
2025-06-12 20:47:00,90.2
2025-06-12 10:56:00,77.6
2025-06-12 10:26:00,70.6
2025-06-12 08:31:00,93.1
2025-06-12 22:16:00,63.4
2025-06-12 19:22:00,81.6
2025-06-12 14:43:00,50.17466168922071
2025-06-12 09:01:00,78.5
2025-06-12 01:55:00,23.4
2025-06-12 02:34:00,73.8
2025-06-12 14:07:00,24.3
2025-06-12 15:29:00,27.6
2025-06-12 01:27:00,95.6
2025-06-12 01:35:00,45.0
2025-06-12 08:53:00,81.2
2025-06-12 13:17:00,74.3
2025-06-12 04:44:00,14.7
2025-06-12 03:23:00,63.6
2025-06-12 04:12:00,91.4
2025-06-12 19:26:00,98.7
2025-06-12 10:13:00,50.17466168922071
2025-06-12 06:27:00,83.2
2025-06-12 04:46:00,52.8
2025-06-12 00:23:00,5.9
2025-06-12 09:52:00,23.7
2025-06-12 15:23:00,92.6
2025-06-12 07:04:00,20.4
2025-06-12 10:04:00,54.3
2025-06-12 15:59:00,91.4
2025-06-12 19:43:00,71.6
2025-06-12 22:02:00,50.17466168922071
2025-06-12 20:37:00,30.6
2025-06-12 22:23:00,4.8
2025-06-12 03:01:00,79.1
2025-06-12 00:11:00,37.0
2025-06-12 00:24:00,10.8
2025-06-12 05:54:00,36.2
2025-06-12 17:26:00,50.17466168922071
2025-06-12 19:44:00,50.17466168922071
2025-06-12 13:27:00,14.1
2025-06-12 16:06:00,42.2
2025-06-12 11:52:00,3.8
2025-06-12 10:10:00,71.9
2025-06-12 09:56:00,50.6
2025-06-12 00:56:00,2.4
2025-06-12 03:48:00,62.8
2025-06-12 15:26:00,49.9
2025-06-12 19:18:00,22.0
2025-06-12 04:01:00,50.17466168922071
2025-06-12 21:21:00,75.1
2025-06-12 00:55:00,71.1
2025-06-12 18:05:00,35.1
2025-06-12 11:59:00,65.5
2025-06-12 17:41:00,50.17466168922071
2025-06-12 00:27:00,50.17466168922071
2025-06-12 12:29:00,25.8
2025-06-12 00:43:00,5.0
2025-06-12 17:29:00,30.9
2025-06-12 09:40:00,23.8
2025-06-12 23:34:00,74.9
2025-06-12 13:45:00,18.2
2025-06-12 08:37:00,82.4
2025-06-12 02:56:00,18.4
2025-06-12 16:18:00,76.3
2025-06-12 17:54:00,58.5
2025-06-12 13:02:00,85.0
2025-06-12 20:29:00,50.17466168922071
2025-06-12 14:29:00,86.3
2025-06-12 09:07:00,28.5
2025-06-12 04:40:00,46.7
2025-06-12 03:41:00,55.0
2025-06-12 16:09:00,16.5
2025-06-12 21:29:00,21.1
2025-06-12 04:10:00,25.5
2025-06-12 03:02:00,50.17466168922071
2025-06-12 18:57:00,50.17466168922071
2025-06-12 21:03:00,36.9
2025-06-12 15:43:00,30.5
2025-06-12 12:14:00,9.0
2025-06-12 02:46:00,23.9
2025-06-12 19:33:00,52.1
2025-06-12 20:14:00,75.3
2025-06-12 22:41:00,93.7
2025-06-12 16:20:00,28.2
2025-06-12 07:05:00,50.17466168922071
2025-06-12 12:22:00,41.7
2025-06-12 18:20:00,84.5
2025-06-12 15:56:00,84.7
2025-06-12 09:37:00,4.8
2025-06-12 10:39:00,73.2
2025-06-12 18:27:00,18.1
2025-06-12 09:17:00,68.6
2025-06-12 00:40:00,4.8
2025-06-12 12:25:00,50.17466168922071
2025-06-12 04:25:00,83.7
2025-06-12 22:51:00,3.1
2025-06-12 02:17:00,40.2
2025-06-12 09:43:00,54.9
2025-06-12 20:53:00,50.17466168922071
2025-06-12 13:11:00,23.8
2025-06-12 23:18:00,44.3
2025-06-12 11:19:00,50.17466168922071
2025-06-12 11:30:00,50.17466168922071
2025-06-12 15:25:00,77.7
2025-06-12 18:18:00,27.8
2025-06-12 10:33:00,34.2
2025-06-12 12:07:00,81.9
2025-06-12 18:49:00,97.1
2025-06-12 06:49:00,56.6
2025-06-12 09:00:00,78.3
2025-06-12 16:26:00,31.5
2025-06-12 09:46:00,51.4
2025-06-12 08:01:00,58.0
2025-06-12 01:52:00,92.3
2025-06-12 11:43:00,14.3
2025-06-12 13:49:00,34.6
2025-06-12 18:39:00,1.9
2025-06-12 01:00:00,11.8
2025-06-12 02:04:00,97.1
2025-06-12 16:35:00,15.4
2025-06-12 14:51:00,52.6
2025-06-12 06:29:00,50.17466168922071
2025-06-12 05:53:00,34.9
2025-06-12 22:13:00,50.17466168922071
2025-06-12 18:48:00,50.17466168922071
2025-06-12 11:23:00,90.9
2025-06-12 10:16:00,21.7
2025-06-12 10:34:00,78.1
2025-06-12 10:03:00,39.8
2025-06-12 12:04:00,9.1
2025-06-12 04:51:00,21.9
2025-06-12 01:12:00,96.7
2025-06-12 10:32:00,64.4
2025-06-12 03:11:00,60.4
2025-06-12 16:54:00,92.5
2025-06-12 04:42:00,50.17466168922071
2025-06-12 03:15:00,41.1
2025-06-12 03:44:00,80.7
2025-06-12 13:00:00,50.17466168922071
2025-06-12 12:00:00,33.4
2025-06-12 13:15:00,93.3
2025-06-12 15:48:00,87.3
2025-06-12 16:28:00,33.2
2025-06-12 21:17:00,49.28634215500945
2025-06-12 08:03:00,16.3
2025-06-12 23:13:00,99.4
2025-06-12 01:23:00,18.8
2025-06-12 10:18:00,63.2
2025-06-12 18:02:00,49.28634215500945
2025-06-12 15:56:00,97.5
2025-06-12 00:24:00,6.2
2025-06-12 04:18:00,62.6
2025-06-12 03:31:00,20.4
2025-06-12 18:30:00,58.0
2025-06-12 00:36:00,39.3
2025-06-12 21:09:00,3.3
2025-06-12 22:14:00,7.4
2025-06-12 13:03:00,13.2
2025-06-12 07:54:00,59.8
2025-06-12 17:41:00,49.28634215500945
2025-06-12 10:39:00,55.0
2025-06-12 06:30:00,24.2
2025-06-12 01:50:00,67.2
2025-06-12 07:55:00,49.28634215500945
2025-06-12 13:16:00,93.3
2025-06-12 18:25:00,49.28634215500945
2025-06-12 03:51:00,26.0
2025-06-12 12:18:00,54.2
2025-06-12 03:08:00,40.2
2025-06-12 21:34:00,63.8
2025-06-12 22:35:00,95.2
2025-06-12 08:15:00,70.7
2025-06-12 08:11:00,93.9
2025-06-12 14:42:00,45.8
2025-06-12 10:20:00,8.8
2025-06-12 12:20:00,10.5
2025-06-12 20:00:00,87.4
2025-06-12 08:24:00,49.28634215500945
2025-06-12 00:53:00,26.7
2025-06-12 13:46:00,49.28634215500945
2025-06-12 19:10:00,31.0
2025-06-12 10:42:00,49.28634215500945
2025-06-12 07:32:00,23.6
2025-06-12 19:45:00,34.0
2025-06-12 16:43:00,97.7
2025-06-12 03:36:00,16.8
2025-06-12 02:56:00,14.5
2025-06-12 03:45:00,49.28634215500945
2025-06-12 01:45:00,33.5
2025-06-12 06:58:00,62.3
2025-06-12 22:25:00,61.9
2025-06-12 14:00:00,25.3
2025-06-12 00:02:00,72.1
2025-06-12 19:35:00,11.4
2025-06-12 16:49:00,13.1
2025-06-12 04:01:00,49.28634215500945
2025-06-12 14:58:00,22.3
2025-06-12 21:32:00,49.28634215500945
2025-06-12 20:50:00,34.0
2025-06-12 02:29:00,2.5
2025-06-12 22:08:00,30.4
2025-06-12 19:31:00,45.2
2025-06-12 10:50:00,49.28634215500945
2025-06-12 02:10:00,56.0
2025-06-12 01:24:00,71.1
2025-06-12 11:05:00,19.8
2025-06-12 12:36:00,47.2
2025-06-12 09:45:00,39.4
2025-06-12 15:30:00,49.28634215500945
2025-06-12 12:14:00,4.7
2025-06-12 13:52:00,32.8
2025-06-12 09:27:00,49.28634215500945
2025-06-12 02:40:00,39.5
2025-06-12 17:56:00,52.7
2025-06-12 12:33:00,49.28634215500945
2025-06-12 18:48:00,49.9
2025-06-12 06:16:00,29.9
2025-06-12 23:17:00,72.2
2025-06-12 06:39:00,47.5
2025-06-12 06:40:00,45.6
2025-06-12 22:59:00,87.0
2025-06-12 00:20:00,89.7
2025-06-12 10:41:00,47.7
2025-06-12 10:14:00,86.3
2025-06-12 16:07:00,49.28634215500945
2025-06-12 23:58:00,72.0
2025-06-12 18:51:00,68.5
2025-06-12 19:49:00,77.9
2025-06-12 08:18:00,95.1
2025-06-12 23:10:00,94.7
2025-06-12 19:38:00,48.8
2025-06-12 14:49:00,61.1
2025-06-12 15:03:00,24.0
2025-06-12 20:56:00,53.1
2025-06-12 09:37:00,49.28634215500945
2025-06-12 16:40:00,2.8
2025-06-12 09:15:00,58.4
2025-06-12 10:47:00,92.2
2025-06-12 11:26:00,67.2
2025-06-12 19:43:00,98.4
2025-06-12 17:17:00,42.6
2025-06-12 08:00:00,77.9
2025-06-12 22:46:00,78.9
2025-06-12 23:59:00,16.0
2025-06-12 01:39:00,49.28634215500945
2025-06-12 17:29:00,27.2
2025-06-12 04:27:00,13.7
2025-06-12 05:24:00,66.7
2025-06-12 04:02:00,49.28634215500945
2025-06-12 19:00:00,52.9
2025-06-12 15:06:00,49.28634215500945
2025-06-12 05:58:00,49.28634215500945
2025-06-12 10:45:00,49.28634215500945
2025-06-12 11:19:00,49.28634215500945
2025-06-12 19:17:00,24.3
2025-06-12 12:04:00,88.5
2025-06-12 08:39:00,50.6
2025-06-12 00:48:00,1.6
2025-06-12 03:38:00,80.4
2025-06-12 23:48:00,42.7
2025-06-12 16:18:00,40.3
2025-06-12 07:14:00,30.2
2025-06-12 13:31:00,49.28634215500945
2025-06-12 18:59:00,52.1
2025-06-12 04:19:00,97.6
2025-06-12 00:55:00,92.0
2025-06-12 09:02:00,49.28634215500945
2025-06-12 23:03:00,38.6
2025-06-12 17:37:00,89.9
2025-06-12 13:17:00,41.9
2025-06-12 15:04:00,51.9
2025-06-12 15:45:00,41.7
2025-06-12 07:36:00,15.9
2025-06-12 18:44:00,6.4
2025-06-12 16:00:00,9.4
2025-06-12 17:20:00,33.8
2025-06-12 09:50:00,35.0
2025-06-12 22:55:00,84.8
2025-06-12 15:02:00,49.28634215500945
2025-06-12 18:36:00,43.4
2025-06-12 18:53:00,12.1
2025-06-12 21:42:00,79.1
2025-06-12 19:11:00,9.9
2025-06-12 13:34:00,67.5
2025-06-12 05:25:00,60.0
2025-06-12 02:23:00,20.0
2025-06-12 13:04:00,72.2
2025-06-12 07:53:00,49.28634215500945
2025-06-12 03:56:00,9.5
2025-06-12 03:47:00,24.3
2025-06-12 20:10:00,99.4
2025-06-12 08:53:00,50.1
2025-06-12 22:31:00,62.9
2025-06-12 18:17:00,96.2
2025-06-12 13:47:00,86.4
2025-06-12 02:43:00,49.28634215500945
2025-06-12 17:36:00,49.28634215500945
2025-06-12 12:07:00,35.1
2025-06-12 10:30:00,39.3
2025-06-12 22:12:00,16.8
2025-06-12 17:27:00,64.1
2025-06-12 23:14:00,81.2
2025-06-12 15:14:00,9.5
2025-06-12 23:11:00,49.28634215500945
2025-06-12 05:16:00,49.28634215500945
2025-06-12 03:58:00,49.28634215500945
2025-06-12 07:19:00,23.4
2025-06-12 21:19:00,38.9
2025-06-12 02:57:00,82.6
2025-06-12 14:01:00,20.0
2025-06-12 01:00:00,66.0
2025-06-12 17:47:00,49.28634215500945
2025-06-12 00:11:00,94.6
2025-06-12 21:16:00,12.6
2025-06-12 13:41:00,65.4
2025-06-12 22:18:00,57.6
2025-06-12 14:10:00,99.6
2025-06-12 07:27:00,31.1
2025-06-12 01:29:00,49.28634215500945
2025-06-12 02:31:00,49.28634215500945
2025-06-12 19:25:00,49.28634215500945
2025-06-12 15:32:00,49.28634215500945
2025-06-12 02:11:00,27.5
2025-06-12 11:12:00,43.0
2025-06-12 06:11:00,34.4
2025-06-12 18:20:00,69.5
2025-06-12 04:31:00,60.6
2025-06-12 06:43:00,49.28634215500945
2025-06-12 10:56:00,92.6
2025-06-12 11:58:00,59.1
2025-06-12 23:29:00,15.3
2025-06-12 23:49:00,39.7
2025-06-12 15:39:00,16.8
2025-06-12 02:46:00,88.7
2025-06-12 17:18:00,49.28634215500945
2025-06-12 17:34:00,70.9
2025-06-12 19:32:00,6.6
2025-06-12 14:02:00,0.3
2025-06-12 17:55:00,49.28634215500945
2025-06-12 05:40:00,7.8
2025-06-12 00:05:00,44.6
2025-06-12 08:51:00,31.2
2025-06-12 22:10:00,86.0
2025-06-12 21:27:00,18.4
2025-06-12 00:58:00,18.1
2025-06-12 13:56:00,53.9
2025-06-12 01:48:00,88.4
2025-06-12 06:32:00,74.8
2025-06-12 06:42:00,43.7
2025-06-12 01:19:00,72.4
2025-06-12 14:37:00,49.28634215500945
2025-06-12 05:44:00,34.2
2025-06-12 03:15:00,28.7
2025-06-12 02:20:00,49.28634215500945
2025-06-12 09:11:00,25.1
2025-06-12 20:17:00,72.4
2025-06-12 01:15:00,29.8
2025-06-12 14:28:00,49.28634215500945
2025-06-12 15:09:00,9.5
2025-06-12 04:06:00,65.6
2025-06-12 10:33:00,75.8
2025-06-12 15:42:00,68.3
2025-06-12 12:50:00,6.9
2025-06-12 06:01:00,49.28634215500945
2025-06-12 22:37:00,78.7
2025-06-12 05:39:00,37.2
2025-06-12 01:37:00,93.3
2025-06-12 03:04:00,44.8
2025-06-12 14:11:00,49.28634215500945
2025-06-12 01:31:00,71.5
2025-06-12 02:02:00,58.1
2025-06-12 20:04:00,49.28634215500945
2025-06-12 03:39:00,44.6
2025-06-12 00:14:00,48.5
2025-06-12 14:46:00,75.8
2025-06-12 21:46:00,44.3
2025-06-12 09:34:00,42.1
2025-06-12 05:37:00,49.28634215500945
2025-06-12 13:09:00,30.2
2025-06-12 04:53:00,97.0
2025-06-12 09:14:00,24.1
2025-06-12 11:13:00,95.6
2025-06-12 04:38:00,60.1
2025-06-12 06:21:00,4.4
2025-06-12 16:48:00,2.4
2025-06-12 09:33:00,72.5
2025-06-12 04:39:00,26.4
2025-06-12 20:06:00,49.28634215500945
2025-06-12 03:54:00,49.28634215500945
2025-06-12 15:08:00,4.2
2025-06-12 20:57:00,3.8
2025-06-12 17:16:00,36.9
2025-06-12 05:33:00,78.0
2025-06-12 00:18:00,21.4
2025-06-12 16:22:00,75.0
2025-06-12 16:17:00,37.1
2025-06-12 03:42:00,58.6
2025-06-12 07:31:00,80.8
2025-06-12 17:05:00,49.28634215500945
2025-06-12 16:53:00,6.9
2025-06-12 06:13:00,92.3
2025-06-12 03:59:00,49.28634215500945
2025-06-12 21:30:00,56.0
2025-06-12 11:41:00,40.8
2025-06-12 15:16:00,15.2
2025-06-12 08:25:00,39.4
2025-06-12 22:50:00,91.8
2025-06-12 06:52:00,20.6
2025-06-12 12:39:00,64.3
2025-06-12 21:07:00,34.4
2025-06-12 06:44:00,42.3
2025-06-12 08:35:00,17.0
2025-06-12 06:49:00,81.5
2025-06-12 23:57:00,46.8
2025-06-12 19:46:00,49.28634215500945
2025-06-12 04:04:00,49.28634215500945
2025-06-12 13:37:00,49.28634215500945
2025-06-12 20:26:00,18.4
2025-06-12 05:07:00,51.3
2025-06-12 11:49:00,25.4
2025-06-12 19:42:00,79.3
2025-06-12 16:46:00,47.9
2025-06-12 23:04:00,13.7
2025-06-12 11:10:00,49.28634215500945
2025-06-12 17:44:00,33.7
2025-06-12 17:53:00,90.6
2025-06-12 06:57:00,49.28634215500945
2025-06-12 12:54:00,51.5
2025-06-12 14:54:00,28.4
2025-06-12 11:35:00,93.8
2025-06-12 00:21:00,70.2
2025-06-12 14:39:00,49.28634215500945
2025-06-12 02:09:00,19.0
2025-06-12 23:35:00,29.8
2025-06-12 00:40:00,51.7
2025-06-12 08:30:00,49.28634215500945
2025-06-12 04:44:00,49.28634215500945
2025-06-12 22:57:00,99.3
2025-06-12 02:53:00,73.4
2025-06-12 23:25:00,20.5
2025-06-12 13:43:00,49.28634215500945
2025-06-12 01:17:00,61.3
2025-06-12 15:55:00,5.7
2025-06-12 08:46:00,49.28634215500945
2025-06-12 08:52:00,38.5
2025-06-12 15:15:00,97.5
2025-06-12 19:01:00,85.2
2025-06-12 15:37:00,72.4
2025-06-12 11:08:00,49.28634215500945
2025-06-12 21:04:00,59.8
2025-06-12 20:33:00,13.5
2025-06-12 19:11:00,41.2
2025-06-12 07:23:00,37.4
2025-06-12 00:30:00,32.7
2025-06-12 10:06:00,51.8
2025-06-12 16:10:00,28.0
2025-06-12 10:22:00,42.3
2025-06-12 08:21:00,41.8
2025-06-12 07:56:00,50.0812925170068
2025-06-12 17:21:00,1.6
2025-06-12 16:36:00,26.8
2025-06-12 21:16:00,81.7
2025-06-12 10:39:00,27.3
2025-06-12 19:55:00,91.7
2025-06-12 00:02:00,69.0
2025-06-12 21:14:00,71.0
2025-06-12 04:16:00,64.0
2025-06-12 12:31:00,99.5
2025-06-12 06:51:00,16.5
2025-06-12 02:57:00,58.1
2025-06-12 08:22:00,12.1
2025-06-12 03:21:00,52.3
2025-06-12 16:47:00,5.0
2025-06-12 02:37:00,64.5
2025-06-12 15:50:00,94.5
2025-06-12 11:55:00,70.1
2025-06-12 03:30:00,96.1
2025-06-12 09:16:00,34.0
2025-06-12 23:47:00,50.0812925170068
2025-06-12 13:42:00,94.7
2025-06-12 04:21:00,26.8
2025-06-12 03:43:00,3.6
2025-06-12 09:04:00,77.5
2025-06-12 20:47:00,55.8
2025-06-12 01:33:00,67.9
2025-06-12 01:51:00,94.2
2025-06-12 06:43:00,4.1
2025-06-12 08:53:00,68.1
2025-06-12 08:16:00,7.6
2025-06-12 20:43:00,3.4
2025-06-12 15:25:00,98.0
2025-06-12 05:30:00,50.0812925170068
2025-06-12 22:57:00,77.6
2025-06-12 17:14:00,21.7
2025-06-12 17:09:00,49.3
2025-06-12 21:29:00,60.4
2025-06-12 19:01:00,39.9
2025-06-12 22:04:00,8.9
2025-06-12 21:59:00,77.8
2025-06-12 17:02:00,50.0812925170068
2025-06-12 19:14:00,75.3
2025-06-12 17:55:00,50.0812925170068
2025-06-12 13:25:00,3.3
2025-06-12 08:29:00,28.0
2025-06-12 09:17:00,81.7
2025-06-12 13:02:00,69.9
2025-06-12 00:57:00,61.8
2025-06-12 13:45:00,84.0
2025-06-12 00:12:00,93.3
2025-06-12 22:08:00,99.2
2025-06-12 05:21:00,72.0
2025-06-12 02:25:00,52.1
2025-06-12 17:04:00,11.1
2025-06-12 01:34:00,46.8
2025-06-12 12:03:00,67.4
2025-06-12 02:50:00,50.0812925170068
2025-06-12 10:27:00,77.4
2025-06-12 18:42:00,77.0
2025-06-12 06:18:00,66.3
2025-06-12 23:25:00,38.7
2025-06-12 16:56:00,4.9
2025-06-12 22:49:00,5.6
2025-06-12 02:45:00,50.0812925170068
2025-06-12 00:26:00,50.0812925170068
2025-06-12 09:43:00,5.5
2025-06-12 20:31:00,37.4
2025-06-12 20:21:00,12.7
2025-06-12 02:28:00,72.2
2025-06-12 16:33:00,89.4
2025-06-12 03:10:00,67.3
2025-06-12 22:59:00,5.4
2025-06-12 23:07:00,71.5
2025-06-12 19:04:00,77.6
2025-06-12 20:59:00,35.2
2025-06-12 01:50:00,50.0812925170068
2025-06-12 20:04:00,13.8
2025-06-12 12:20:00,23.4
2025-06-12 03:23:00,38.3
2025-06-12 04:26:00,64.1
2025-06-12 19:36:00,58.1
2025-06-12 17:54:00,35.7
2025-06-12 04:13:00,69.5
2025-06-12 10:47:00,50.0812925170068
2025-06-12 22:01:00,96.3
2025-06-12 06:56:00,62.1
2025-06-12 22:20:00,28.6
2025-06-12 17:27:00,0.5
2025-06-12 04:05:00,56.7
2025-06-12 11:47:00,84.2
2025-06-12 11:50:00,50.0812925170068
2025-06-12 04:06:00,61.6
2025-06-12 11:51:00,57.3
2025-06-12 07:59:00,72.1
2025-06-12 04:19:00,33.6
2025-06-12 12:59:00,39.5
2025-06-12 22:23:00,88.2
2025-06-12 17:10:00,46.8
2025-06-12 07:29:00,6.2
2025-06-12 08:08:00,93.0
2025-06-12 18:16:00,69.0
2025-06-12 02:10:00,71.5
2025-06-12 22:53:00,50.0812925170068
2025-06-12 05:53:00,82.3
2025-06-12 21:12:00,33.8
2025-06-12 11:53:00,91.5
2025-06-12 19:40:00,97.6
2025-06-12 08:20:00,40.0
2025-06-12 21:56:00,59.8
2025-06-12 12:01:00,92.0
2025-06-12 21:07:00,35.5
2025-06-12 23:27:00,44.9
2025-06-12 11:58:00,16.3
2025-06-12 08:28:00,81.7
2025-06-12 20:20:00,80.5
2025-06-12 22:52:00,93.2
2025-06-12 19:32:00,20.7
2025-06-12 03:04:00,32.4
2025-06-12 15:02:00,91.5
2025-06-12 09:14:00,26.6
2025-06-12 05:39:00,45.9
2025-06-12 04:09:00,69.4
2025-06-12 14:22:00,76.9
2025-06-12 08:40:00,61.9
2025-06-12 18:03:00,5.7
2025-06-12 21:23:00,58.6
2025-06-12 10:36:00,26.6
2025-06-12 09:58:00,12.4
2025-06-12 16:01:00,81.3
2025-06-12 15:21:00,20.8
2025-06-12 22:13:00,22.7
2025-06-12 11:06:00,60.7
2025-06-12 23:33:00,50.0812925170068
2025-06-12 09:29:00,7.6
2025-06-12 01:20:00,12.4
2025-06-12 04:17:00,53.2
2025-06-12 14:17:00,8.0
2025-06-12 07:09:00,30.8
2025-06-12 13:35:00,36.8
2025-06-12 13:22:00,81.7
2025-06-12 15:55:00,28.8
2025-06-12 10:23:00,8.2
2025-06-12 21:03:00,76.8
2025-06-12 22:37:00,28.9
2025-06-12 01:00:00,8.8
2025-06-12 07:35:00,23.5
2025-06-12 01:52:00,82.8
2025-06-12 03:32:00,81.9
2025-06-12 05:45:00,32.7
2025-06-12 23:58:00,22.1
2025-06-12 11:45:00,6.2
2025-06-12 21:20:00,82.0
2025-06-12 19:09:00,75.2
2025-06-12 20:19:00,44.2
2025-06-12 02:13:00,55.9
2025-06-12 04:58:00,64.8
2025-06-12 13:58:00,60.6
2025-06-12 14:31:00,53.5
2025-06-12 16:26:00,46.6
2025-06-12 10:00:00,41.2
2025-06-12 03:02:00,65.5
2025-06-12 01:46:00,50.0812925170068
2025-06-12 12:50:00,62.2
2025-06-12 05:13:00,17.9
2025-06-12 06:59:00,53.8
2025-06-12 08:39:00,11.5
2025-06-12 14:04:00,66.1
2025-06-12 21:28:00,50.0812925170068
2025-06-12 09:12:00,57.7
2025-06-12 16:46:00,28.5
2025-06-12 20:18:00,30.8
2025-06-12 09:51:00,36.4
2025-06-12 03:25:00,82.3
2025-06-12 07:47:00,77.4
2025-06-12 11:34:00,67.7
2025-06-12 23:35:00,43.2
2025-06-12 03:29:00,2.3
2025-06-12 14:55:00,15.2
2025-06-12 07:01:00,97.1
2025-06-12 03:55:00,45.7
2025-06-12 00:52:00,50.0812925170068
2025-06-12 08:14:00,91.0
2025-06-12 15:59:00,50.0812925170068
2025-06-12 10:45:00,26.7
2025-06-12 04:41:00,30.8
2025-06-12 15:42:00,4.4
2025-06-12 16:11:00,4.3
2025-06-12 05:04:00,71.0
2025-06-12 00:44:00,50.0812925170068
2025-06-12 01:09:00,50.0812925170068
2025-06-12 14:00:00,14.9
2025-06-12 08:44:00,0.4
2025-06-12 19:31:00,6.2
2025-06-12 23:37:00,53.4
2025-06-12 08:19:00,50.0812925170068
2025-06-12 14:29:00,5.7
2025-06-12 01:28:00,73.6
2025-06-12 12:16:00,24.7
2025-06-12 13:53:00,16.5
2025-06-12 15:36:00,63.7
2025-06-12 17:12:00,47.1
2025-06-12 00:59:00,81.8
2025-06-12 16:06:00,62.7
2025-06-12 12:56:00,29.9
2025-06-12 21:30:00,51.0
2025-06-12 19:18:00,50.0812925170068
2025-06-12 02:11:00,31.5
2025-06-12 07:27:00,43.8
2025-06-12 14:13:00,19.2
2025-06-12 20:09:00,91.5
2025-06-12 19:48:00,17.6
2025-06-12 22:12:00,67.4
2025-06-12 08:01:00,33.6
2025-06-12 05:08:00,20.8
2025-06-12 00:09:00,34.2
2025-06-12 03:44:00,32.0
2025-06-12 08:11:00,51.8
2025-06-12 13:55:00,14.7
2025-06-12 03:24:00,28.1
2025-06-12 04:01:00,3.6
2025-06-12 15:28:00,39.3
2025-06-12 01:48:00,93.8
2025-06-12 08:54:00,64.8
2025-06-12 20:42:00,50.0812925170068
2025-06-12 08:06:00,2.5
2025-06-12 13:24:00,41.3
2025-06-12 23:05:00,50.0812925170068
2025-06-12 22:02:00,49.0
2025-06-12 22:46:00,3.6
2025-06-12 06:26:00,1.1
2025-06-12 18:18:00,50.6
2025-06-12 10:29:00,34.0
2025-06-12 23:11:00,68.2
2025-06-12 14:09:00,73.4
2025-06-12 12:34:00,49.7
2025-06-12 23:04:00,85.7
2025-06-12 08:09:00,44.5
2025-06-12 04:11:00,50.0812925170068
2025-06-12 16:07:00,91.7
2025-06-12 12:09:00,50.0812925170068
2025-06-12 18:31:00,9.2
2025-06-12 03:01:00,50.0812925170068
2025-06-12 02:05:00,77.6
2025-06-12 07:25:00,50.0812925170068
2025-06-12 02:14:00,61.8
2025-06-12 10:48:00,21.9
2025-06-12 03:26:00,0.7
2025-06-12 16:54:00,50.0812925170068
2025-06-12 18:51:00,50.0812925170068
2025-06-12 11:13:00,87.2
2025-06-12 14:56:00,24.1
2025-06-12 04:33:00,17.8
2025-06-12 02:34:00,23.6
2025-06-12 09:55:00,20.5
2025-06-12 09:21:00,6.2
2025-06-12 11:31:00,69.6
2025-06-12 17:08:00,54.4
2025-06-12 07:14:00,50.0812925170068
2025-06-12 03:22:00,60.8
2025-06-12 15:29:00,50.0812925170068
2025-06-12 12:52:00,98.4
2025-06-12 15:46:00,70.1
2025-06-12 05:15:00,82.2
2025-06-12 04:44:00,50.0812925170068
2025-06-12 05:24:00,67.1
2025-06-12 04:00:00,86.2
2025-06-12 06:40:00,84.8
2025-06-12 10:43:00,97.1
2025-06-12 14:32:00,50.0812925170068
2025-06-12 04:25:00,88.3
2025-06-12 08:18:00,48.8
2025-06-12 11:22:00,75.8
2025-06-12 03:34:00,36.9
2025-06-12 05:16:00,45.3
2025-06-12 11:26:00,41.4
2025-06-12 15:40:00,36.6
2025-06-12 22:06:00,1.3
2025-06-12 09:47:00,51.1
2025-06-12 16:48:00,49.0
2025-06-12 23:01:00,74.8
2025-06-12 23:31:00,50.0812925170068
2025-06-12 00:53:00,75.8
2025-06-12 18:39:00,50.0812925170068
2025-06-12 11:38:00,82.3
2025-06-12 15:35:00,39.6
2025-06-12 10:03:00,50.0812925170068
2025-06-12 13:47:00,65.8
2025-06-12 22:44:00,96.1
2025-06-12 10:13:00,8.3
2025-06-12 22:22:00,84.3
2025-06-12 01:36:00,33.4
2025-06-12 04:06:00,23.9
2025-06-12 10:13:00,27.7
2025-06-12 22:22:00,5.5
2025-06-12 17:59:00,98.7
2025-06-12 00:00:00,80.2
2025-06-12 20:20:00,49.63695830886671
2025-06-12 03:34:00,59.3
2025-06-12 00:42:00,85.0
2025-06-12 23:39:00,66.8
2025-06-12 12:06:00,99.2
2025-06-12 08:38:00,71.8
2025-06-12 03:32:00,71.7
2025-06-12 18:06:00,68.9
2025-06-12 18:19:00,79.7
2025-06-12 02:12:00,49.63695830886671
2025-06-12 08:47:00,58.8
2025-06-12 18:11:00,12.1
2025-06-12 23:32:00,16.6
2025-06-12 16:29:00,57.0
2025-06-12 21:03:00,6.0
2025-06-12 10:28:00,49.63695830886671
2025-06-12 07:00:00,61.4
2025-06-12 19:16:00,38.4
2025-06-12 19:36:00,87.8
2025-06-12 14:37:00,92.1
2025-06-12 11:17:00,28.7
2025-06-12 20:01:00,49.63695830886671
2025-06-12 09:16:00,36.2
2025-06-12 19:54:00,17.0
2025-06-12 11:49:00,18.3
2025-06-12 12:52:00,1.5
2025-06-12 10:39:00,49.63695830886671
2025-06-12 05:59:00,40.3
2025-06-12 22:59:00,75.3
2025-06-12 09:17:00,75.7
2025-06-12 01:51:00,20.8
2025-06-12 19:38:00,94.2
2025-06-12 11:33:00,26.7
2025-06-12 23:55:00,30.8
2025-06-12 15:52:00,48.9
2025-06-12 05:56:00,23.0
2025-06-12 16:22:00,13.3
2025-06-12 01:47:00,58.6
2025-06-12 12:54:00,32.4
2025-06-12 14:12:00,55.5
2025-06-12 06:31:00,38.8
2025-06-12 13:32:00,69.6
2025-06-12 16:21:00,68.3
2025-06-12 08:10:00,83.2
2025-06-12 21:05:00,82.2
2025-06-12 11:36:00,39.5
2025-06-12 10:04:00,60.1
2025-06-12 01:26:00,32.7
2025-06-12 22:49:00,57.3
2025-06-12 14:40:00,86.2
2025-06-12 05:32:00,37.4
2025-06-12 13:49:00,40.2
2025-06-12 16:28:00,39.0
2025-06-12 05:37:00,46.1
2025-06-12 03:14:00,76.4
2025-06-12 13:22:00,44.9
2025-06-12 03:35:00,30.6
2025-06-12 01:19:00,30.5
2025-06-12 22:35:00,38.8
2025-06-12 23:29:00,57.6
2025-06-12 13:50:00,18.6
2025-06-12 08:42:00,82.5
2025-06-12 07:50:00,72.7
2025-06-12 09:51:00,32.6
2025-06-12 02:05:00,84.4
2025-06-12 18:38:00,30.4
2025-06-12 00:11:00,72.1
2025-06-12 22:09:00,81.4
2025-06-12 11:46:00,68.5
2025-06-12 07:29:00,72.0
2025-06-12 05:38:00,19.7
2025-06-12 10:23:00,35.9
2025-06-12 11:20:00,36.1
2025-06-12 17:46:00,73.8
2025-06-12 17:38:00,50.3
2025-06-12 06:34:00,69.7
2025-06-12 08:22:00,86.0
2025-06-12 12:24:00,55.2
2025-06-12 07:39:00,0.9
2025-06-12 01:52:00,57.0
2025-06-12 00:14:00,1.5
2025-06-12 04:46:00,49.63695830886671
2025-06-12 22:11:00,49.63695830886671
2025-06-12 04:45:00,83.6
2025-06-12 19:46:00,49.63695830886671
2025-06-12 21:32:00,15.6
2025-06-12 05:24:00,47.4
2025-06-12 02:25:00,25.9
2025-06-12 10:14:00,33.7
2025-06-12 21:35:00,13.7
2025-06-12 07:43:00,67.5
2025-06-12 17:06:00,68.0
2025-06-12 10:07:00,80.2
2025-06-12 03:28:00,49.63695830886671
2025-06-12 08:49:00,21.3
2025-06-12 08:02:00,54.2
2025-06-12 07:42:00,15.5
2025-06-12 20:53:00,48.1
2025-06-12 13:17:00,13.4
2025-06-12 23:54:00,94.2
2025-06-12 03:49:00,66.8
2025-06-12 19:34:00,33.8
2025-06-12 01:40:00,8.0
2025-06-12 07:36:00,98.6
2025-06-12 23:14:00,49.63695830886671
2025-06-12 13:18:00,62.2
2025-06-12 20:33:00,85.0
2025-06-12 10:59:00,49.63695830886671
2025-06-12 06:06:00,89.3
2025-06-12 06:47:00,12.6
2025-06-12 05:44:00,36.2
2025-06-12 03:44:00,49.2
2025-06-12 07:09:00,59.6
2025-06-12 06:01:00,1.4
2025-06-12 13:27:00,22.6
2025-06-12 20:28:00,50.7
2025-06-12 01:17:00,67.7
2025-06-12 18:51:00,91.2
2025-06-12 13:47:00,49.63695830886671
2025-06-12 16:14:00,94.6
2025-06-12 17:53:00,50.1
2025-06-12 17:07:00,5.9
2025-06-12 09:14:00,28.1
2025-06-12 10:24:00,29.9
2025-06-12 08:46:00,72.3
2025-06-12 09:06:00,20.2
2025-06-12 22:12:00,82.4
2025-06-12 23:43:00,24.1
2025-06-12 09:41:00,34.0
2025-06-12 10:52:00,23.7
2025-06-12 00:05:00,10.7
2025-06-12 04:24:00,49.63695830886671
2025-06-12 00:27:00,88.5
2025-06-12 00:21:00,98.1
2025-06-12 10:45:00,2.2
2025-06-12 02:27:00,49.63695830886671
2025-06-12 17:56:00,78.2
2025-06-12 13:48:00,86.0
2025-06-12 00:47:00,45.2
2025-06-12 06:54:00,59.7
2025-06-12 11:08:00,83.0
2025-06-12 06:35:00,73.9
2025-06-12 20:24:00,3.6
2025-06-12 03:56:00,25.9
2025-06-12 02:00:00,86.6
2025-06-12 12:37:00,49.63695830886671
2025-06-12 08:32:00,27.9
2025-06-12 08:15:00,49.63695830886671
2025-06-12 18:50:00,7.1
2025-06-12 18:12:00,87.0
2025-06-12 08:41:00,38.1
2025-06-12 08:55:00,12.7
2025-06-12 07:52:00,1.9
2025-06-12 05:04:00,5.5
2025-06-12 09:39:00,61.9
2025-06-12 17:09:00,79.6
2025-06-12 01:44:00,49.63695830886671
2025-06-12 16:54:00,96.3
2025-06-12 01:56:00,49.63695830886671
2025-06-12 18:09:00,33.7
2025-06-12 10:19:00,73.8
2025-06-12 05:07:00,64.8
2025-06-12 15:55:00,56.1
2025-06-12 13:19:00,4.4
2025-06-12 07:44:00,84.0
2025-06-12 18:55:00,26.0
2025-06-12 20:07:00,21.8
2025-06-12 02:26:00,49.63695830886671
2025-06-12 16:34:00,75.7
2025-06-12 11:00:00,91.7
2025-06-12 00:49:00,49.63695830886671
2025-06-12 18:15:00,49.63695830886671
2025-06-12 19:05:00,87.6
2025-06-12 10:26:00,49.63695830886671
2025-06-12 11:37:00,7.2
2025-06-12 01:34:00,99.1
2025-06-12 06:18:00,92.7
2025-06-12 12:15:00,8.0
2025-06-12 05:51:00,52.4
2025-06-12 05:47:00,21.3
2025-06-12 06:32:00,26.3
2025-06-12 12:31:00,88.4
2025-06-12 11:05:00,56.6
2025-06-12 23:41:00,88.6
2025-06-12 16:15:00,49.63695830886671
2025-06-12 08:23:00,13.4
2025-06-12 05:33:00,37.4
2025-06-12 18:13:00,93.2
2025-06-12 08:44:00,65.1
2025-06-12 07:51:00,97.9
2025-06-12 00:58:00,6.8
2025-06-12 07:16:00,28.4
2025-06-12 04:43:00,49.63695830886671
2025-06-12 20:23:00,16.4
2025-06-12 12:23:00,55.8
2025-06-12 09:00:00,48.1
2025-06-12 21:46:00,91.9
2025-06-12 11:48:00,92.6
2025-06-12 18:21:00,28.9
2025-06-12 14:36:00,96.0
2025-06-12 14:22:00,68.9
2025-06-12 13:29:00,12.5
2025-06-12 17:11:00,49.63695830886671
2025-06-12 18:30:00,4.7
2025-06-12 01:27:00,81.7
2025-06-12 17:51:00,46.1
2025-06-12 21:30:00,60.1
2025-06-12 16:19:00,44.7
2025-06-12 02:07:00,43.6
2025-06-12 23:47:00,78.5
2025-06-12 02:47:00,80.6
2025-06-12 19:19:00,35.2
2025-06-12 21:04:00,0.2
2025-06-12 03:13:00,41.4
2025-06-12 15:14:00,53.6
2025-06-12 11:42:00,78.7
2025-06-12 02:06:00,22.9
2025-06-12 12:04:00,60.6
2025-06-12 08:13:00,49.1
2025-06-12 02:37:00,44.7
2025-06-12 16:24:00,39.5
2025-06-12 21:23:00,95.3
2025-06-12 00:15:00,58.2
2025-06-12 17:57:00,33.5
2025-06-12 16:31:00,10.5
2025-06-12 06:10:00,94.9
2025-06-12 10:06:00,49.63695830886671
2025-06-12 16:27:00,43.5
2025-06-12 15:38:00,47.3
2025-06-12 23:30:00,4.7
2025-06-12 11:39:00,49.63695830886671
2025-06-12 04:54:00,31.0
2025-06-12 00:59:00,54.1
2025-06-12 23:15:00,65.2
2025-06-12 10:57:00,88.0
2025-06-12 23:57:00,49.63695830886671
2025-06-12 14:13:00,49.63695830886671
2025-06-12 12:56:00,60.5
2025-06-12 02:41:00,49.63695830886671
2025-06-12 05:28:00,49.63695830886671
2025-06-12 13:05:00,17.6
2025-06-12 23:07:00,58.0
2025-06-12 12:51:00,47.5
2025-06-12 21:58:00,80.1
2025-06-12 01:58:00,32.4
2025-06-12 22:21:00,45.1
2025-06-12 02:20:00,69.2
2025-06-12 02:19:00,21.3
2025-06-12 07:49:00,91.4
2025-06-12 00:18:00,68.1
2025-06-12 14:07:00,72.7
2025-06-12 20:46:00,10.9
2025-06-12 07:46:00,27.2
2025-06-12 10:33:00,49.63695830886671
2025-06-12 22:08:00,4.1
2025-06-12 18:53:00,86.1
2025-06-12 07:17:00,20.7
2025-06-12 19:28:00,10.5
2025-06-12 19:21:00,68.8
2025-06-12 19:45:00,80.9
2025-06-12 16:51:00,70.0
2025-06-12 10:44:00,49.63695830886671
2025-06-12 08:43:00,52.5
2025-06-12 23:40:00,20.4
2025-06-12 01:25:00,87.4
2025-06-12 19:08:00,49.63695830886671
2025-06-12 12:12:00,19.1
2025-06-12 17:54:00,14.5
2025-06-12 11:59:00,90.3
2025-06-12 12:53:00,49.63695830886671
2025-06-12 13:02:00,6.4
2025-06-12 00:10:00,49.63695830886671
2025-06-12 03:26:00,23.7
2025-06-12 07:25:00,49.63695830886671
2025-06-12 10:36:00,66.0
2025-06-12 10:20:00,41.6
2025-06-12 07:23:00,12.2
2025-06-12 18:35:00,63.5
2025-06-12 22:01:00,75.3
2025-06-12 10:09:00,9.5
2025-06-12 15:41:00,87.9
2025-06-12 09:23:00,94.4
2025-06-12 17:02:00,79.7
2025-06-12 10:01:00,49.63695830886671
2025-06-12 12:40:00,80.2
2025-06-12 11:03:00,80.6
2025-06-12 19:20:00,75.6
2025-06-12 04:55:00,75.2
2025-06-12 02:35:00,29.6
2025-06-12 16:39:00,88.1
2025-06-12 09:02:00,40.5
2025-06-12 14:42:00,47.3
2025-06-12 22:24:00,81.7
2025-06-12 21:42:00,49.63695830886671
2025-06-12 08:00:00,56.7
2025-06-12 13:54:00,61.9
2025-06-12 07:27:00,94.4
2025-06-12 08:39:00,47.7
2025-06-12 18:42:00,99.0
2025-06-12 04:58:00,49.63695830886671
2025-06-12 11:18:00,4.9
2025-06-12 10:32:00,22.2
2025-06-12 10:18:00,83.8
2025-06-12 18:45:00,84.2
2025-06-12 22:05:00,16.8
2025-06-12 06:58:00,49.63695830886671
2025-06-12 11:16:00,60.1
2025-06-12 07:48:00,61.9
2025-06-12 13:46:00,30.6
2025-06-12 09:58:00,1.1
2025-06-12 17:34:00,38.9
2025-06-12 20:31:00,49.63695830886671
2025-06-12 09:22:00,89.7
2025-06-12 05:52:00,96.4
2025-06-12 18:29:00,47.4
2025-06-12 05:38:00,50.5
2025-06-12 23:34:00,78.6
2025-06-12 13:37:00,30.9
2025-06-12 01:40:00,45.2
2025-06-12 18:50:00,96.0
2025-06-12 15:59:00,67.0
2025-06-12 04:05:00,96.9
2025-06-12 21:51:00,58.2
2025-06-12 20:03:00,72.9
2025-06-12 01:23:00,58.2
2025-06-12 12:48:00,50.41405513666353
2025-06-12 17:38:00,12.5
2025-06-12 19:45:00,53.5
2025-06-12 10:55:00,38.2
2025-06-12 17:52:00,1.5
2025-06-12 06:29:00,47.1
2025-06-12 02:06:00,16.1
2025-06-12 21:26:00,15.4
2025-06-12 00:50:00,88.4
2025-06-12 08:39:00,95.1
2025-06-12 06:22:00,99.4
2025-06-12 06:05:00,50.41405513666353
2025-06-12 01:37:00,40.5
2025-06-12 03:30:00,76.5
2025-06-12 20:29:00,4.6
2025-06-12 01:34:00,15.7
2025-06-12 19:24:00,92.7
2025-06-12 08:12:00,97.5
2025-06-12 01:16:00,99.5
2025-06-12 09:50:00,11.5
2025-06-12 06:23:00,89.4
2025-06-12 13:16:00,47.4
2025-06-12 04:07:00,58.2
2025-06-12 05:41:00,56.5
2025-06-12 21:54:00,42.8
2025-06-12 08:47:00,94.6
2025-06-12 21:47:00,95.6
2025-06-12 03:05:00,28.7
2025-06-12 21:27:00,39.6
2025-06-12 20:30:00,51.1
2025-06-12 10:06:00,9.4
2025-06-12 11:25:00,50.41405513666353
2025-06-12 16:26:00,93.5
2025-06-12 13:24:00,60.6
2025-06-12 20:42:00,51.7
2025-06-12 04:10:00,71.7
2025-06-12 16:16:00,81.0
2025-06-12 14:49:00,19.7
2025-06-12 21:39:00,84.2
2025-06-12 13:32:00,64.6
2025-06-12 15:55:00,66.9
2025-06-12 22:45:00,50.41405513666353
2025-06-12 17:07:00,50.41405513666353
2025-06-12 21:18:00,83.9
2025-06-12 13:01:00,44.3
2025-06-12 09:02:00,33.7
2025-06-12 08:50:00,50.41405513666353
2025-06-12 17:15:00,63.7
2025-06-12 19:26:00,50.41405513666353
2025-06-12 11:19:00,85.7
2025-06-12 07:20:00,33.1
2025-06-12 11:51:00,50.41405513666353
2025-06-12 10:49:00,98.3
2025-06-12 23:09:00,8.0
2025-06-12 05:45:00,50.41405513666353
2025-06-12 08:31:00,100.0
2025-06-12 20:41:00,51.2
2025-06-12 00:07:00,0.7
2025-06-12 15:13:00,99.2
2025-06-12 19:22:00,97.8
2025-06-12 18:24:00,27.6
2025-06-12 21:07:00,40.6
2025-06-12 08:04:00,16.1
2025-06-12 01:30:00,15.9
2025-06-12 22:59:00,44.0
2025-06-12 21:15:00,64.9
2025-06-12 14:39:00,12.9
2025-06-12 19:47:00,51.4
2025-06-12 12:00:00,18.5
2025-06-12 02:49:00,27.7
2025-06-12 23:12:00,94.2
2025-06-12 14:47:00,83.1
2025-06-12 20:51:00,75.4
2025-06-12 01:56:00,13.9
2025-06-12 09:45:00,81.7
2025-06-12 13:10:00,50.41405513666353
2025-06-12 13:17:00,45.7
2025-06-12 16:44:00,68.9
2025-06-12 17:58:00,31.7
2025-06-12 06:43:00,92.9
2025-06-12 07:39:00,60.3
2025-06-12 10:59:00,79.4
2025-06-12 08:11:00,30.1
2025-06-12 17:09:00,79.7
2025-06-12 22:29:00,62.9
2025-06-12 12:45:00,32.8
2025-06-12 15:46:00,50.41405513666353
2025-06-12 05:33:00,89.8
2025-06-12 15:17:00,71.9
2025-06-12 01:15:00,99.8
2025-06-12 06:49:00,4.8
2025-06-12 07:46:00,93.3
2025-06-12 18:10:00,88.6
2025-06-12 23:19:00,13.3
2025-06-12 17:01:00,23.8
2025-06-12 03:06:00,47.1
2025-06-12 06:42:00,48.9
2025-06-12 16:04:00,57.8
2025-06-12 17:56:00,4.2
2025-06-12 22:31:00,32.8
2025-06-12 17:34:00,84.0
2025-06-12 17:28:00,50.41405513666353
2025-06-12 05:00:00,49.5
2025-06-12 18:09:00,21.0
2025-06-12 09:00:00,80.3
2025-06-12 08:15:00,15.8
2025-06-12 16:28:00,63.6
2025-06-12 03:59:00,50.41405513666353
2025-06-12 20:07:00,32.3
2025-06-12 04:46:00,7.9
2025-06-12 12:38:00,30.1
2025-06-12 20:12:00,70.6
2025-06-12 10:45:00,27.5
2025-06-12 19:53:00,56.6
2025-06-12 12:21:00,70.9
2025-06-12 14:13:00,50.41405513666353
2025-06-12 07:57:00,5.6
2025-06-12 22:52:00,82.6
2025-06-12 14:08:00,56.0
2025-06-12 05:02:00,39.2
2025-06-12 13:02:00,7.3
2025-06-12 04:59:00,94.7
2025-06-12 18:48:00,1.6
2025-06-12 08:07:00,50.41405513666353
2025-06-12 09:20:00,68.0
2025-06-12 01:54:00,16.4
2025-06-12 10:39:00,6.8
2025-06-12 06:53:00,2.3
2025-06-12 11:59:00,52.0
2025-06-12 00:34:00,45.6
2025-06-12 00:20:00,22.1
2025-06-12 21:19:00,98.7
2025-06-12 16:15:00,96.7
2025-06-12 01:27:00,50.41405513666353
2025-06-12 17:26:00,12.1
2025-06-12 14:58:00,22.2
2025-06-12 08:57:00,83.7
2025-06-12 08:52:00,67.8
2025-06-12 01:02:00,68.0
2025-06-12 18:13:00,41.3
2025-06-12 14:11:00,39.8
2025-06-12 00:19:00,44.8
2025-06-12 20:18:00,91.1
2025-06-12 08:34:00,40.4
2025-06-12 04:43:00,50.41405513666353
2025-06-12 04:40:00,5.2
2025-06-12 04:26:00,32.3
2025-06-12 22:48:00,50.41405513666353
2025-06-12 21:11:00,57.1
2025-06-12 12:17:00,42.8
2025-06-12 22:20:00,19.1
2025-06-12 22:23:00,30.2
2025-06-12 06:40:00,33.4
2025-06-12 12:57:00,39.6
2025-06-12 11:06:00,78.9
2025-06-12 01:49:00,20.1
2025-06-12 05:34:00,81.1
2025-06-12 16:22:00,34.4
2025-06-12 04:56:00,18.9
2025-06-12 23:20:00,34.5
2025-06-12 23:16:00,58.0
2025-06-12 06:51:00,3.2
2025-06-12 16:00:00,20.9
2025-06-12 10:23:00,3.2
2025-06-12 17:00:00,86.5
2025-06-12 20:11:00,90.5
2025-06-12 23:48:00,2.4
2025-06-12 01:51:00,17.6
2025-06-12 11:55:00,14.7
2025-06-12 23:39:00,3.2
2025-06-12 21:03:00,41.5
2025-06-12 18:47:00,12.8
2025-06-12 11:07:00,51.2
2025-06-12 21:10:00,2.0
2025-06-12 03:46:00,23.2
2025-06-12 11:32:00,68.2
2025-06-12 02:34:00,35.8
2025-06-12 07:49:00,47.9
2025-06-12 13:19:00,64.2
2025-06-12 01:03:00,49.4
2025-06-12 13:54:00,94.9
2025-06-12 06:54:00,61.1
2025-06-12 17:03:00,81.7
2025-06-12 12:58:00,4.2
2025-06-12 20:17:00,62.8
2025-06-12 07:38:00,31.6
2025-06-12 06:44:00,24.8
2025-06-12 09:54:00,81.2
2025-06-12 11:24:00,14.9
2025-06-12 10:43:00,25.5
2025-06-12 17:35:00,50.41405513666353
2025-06-12 07:11:00,50.41405513666353
2025-06-12 17:21:00,27.4
2025-06-12 01:44:00,47.8
2025-06-12 09:39:00,63.2
2025-06-12 20:08:00,14.9
2025-06-12 16:38:00,13.3
2025-06-12 08:54:00,88.6
2025-06-12 15:35:00,47.7
2025-06-12 16:25:00,8.6
2025-06-12 02:05:00,74.9
2025-06-12 05:42:00,35.2
2025-06-12 06:59:00,50.41405513666353
2025-06-12 13:08:00,46.2
2025-06-12 23:14:00,43.7
2025-06-12 01:53:00,24.6
2025-06-12 22:09:00,64.0
2025-06-12 06:57:00,86.5
2025-06-12 04:53:00,50.41405513666353
2025-06-12 07:16:00,70.8
2025-06-12 21:56:00,69.7
2025-06-12 06:58:00,27.1
2025-06-12 20:33:00,61.5
2025-06-12 18:54:00,77.5
2025-06-12 13:20:00,23.5
2025-06-12 20:23:00,44.5
2025-06-12 03:44:00,50.41405513666353
2025-06-12 04:22:00,76.8
2025-06-12 23:43:00,5.6
2025-06-12 19:34:00,85.3
2025-06-12 18:38:00,46.4
2025-06-12 12:50:00,66.7
2025-06-12 02:51:00,66.2
2025-06-12 05:48:00,7.6
2025-06-12 20:46:00,20.1
2025-06-12 22:06:00,17.7
2025-06-12 03:36:00,84.0
2025-06-12 14:31:00,86.5
2025-06-12 02:21:00,50.41405513666353
2025-06-12 15:08:00,70.5
2025-06-12 05:26:00,74.1
2025-06-12 15:27:00,90.6
2025-06-12 00:25:00,0.4
2025-06-12 00:05:00,33.5
2025-06-12 07:13:00,37.8
2025-06-12 22:21:00,84.3
2025-06-12 00:38:00,17.6
2025-06-12 02:43:00,29.8
2025-06-12 20:26:00,50.41405513666353
2025-06-12 17:45:00,31.5
2025-06-12 21:05:00,67.5
2025-06-12 00:15:00,92.2
2025-06-12 15:22:00,88.5
2025-06-12 06:16:00,49.2
2025-06-12 15:47:00,15.1
2025-06-12 04:57:00,48.8
2025-06-12 13:46:00,53.9
2025-06-12 05:44:00,50.41405513666353
2025-06-12 07:18:00,50.41405513666353
2025-06-12 02:56:00,50.41405513666353
2025-06-12 14:22:00,68.5
2025-06-12 04:01:00,50.41405513666353
2025-06-12 22:37:00,26.7
2025-06-12 15:09:00,38.7
2025-06-12 20:37:00,59.4
2025-06-12 11:42:00,87.1
2025-06-12 14:51:00,50.41405513666353
2025-06-12 23:35:00,25.5
2025-06-12 12:10:00,41.5
2025-06-12 07:02:00,12.6
2025-06-12 02:59:00,59.2
2025-06-12 15:02:00,72.5
2025-06-12 00:21:00,0.0
2025-06-12 13:06:00,77.1
2025-06-12 23:06:00,45.4
2025-06-12 15:18:00,27.5
2025-06-12 00:33:00,30.5
2025-06-12 19:09:00,89.7
2025-06-12 06:01:00,73.5
2025-06-12 07:37:00,12.1
2025-06-12 22:50:00,3.3
2025-06-12 13:09:00,19.6
2025-06-12 02:17:00,94.8
2025-06-12 23:57:00,34.3
2025-06-12 06:40:00,35.0
2025-06-12 06:37:00,48.3
2025-06-12 22:42:00,74.7
2025-06-12 00:07:00,9.4
2025-06-12 17:37:00,79.8
2025-06-12 09:59:00,11.9
2025-06-12 12:23:00,96.2
2025-06-12 02:09:00,49.776157380139004
2025-06-12 00:24:00,8.4
2025-06-12 15:24:00,42.3
2025-06-12 01:11:00,6.2
2025-06-12 08:46:00,71.6
2025-06-12 07:13:00,43.7
2025-06-12 18:24:00,81.0
2025-06-12 14:10:00,47.0
2025-06-12 21:08:00,39.9
2025-06-12 07:03:00,14.3
2025-06-12 09:53:00,7.7
2025-06-12 21:58:00,67.5
2025-06-12 10:08:00,18.4
2025-06-12 09:01:00,46.7
2025-06-12 16:26:00,57.2
2025-06-12 09:31:00,27.5
2025-06-12 23:42:00,69.0
2025-06-12 03:30:00,43.6
2025-06-12 23:59:00,30.3
2025-06-12 13:16:00,25.4
2025-06-12 07:29:00,68.3
2025-06-12 22:14:00,49.776157380139004
2025-06-12 14:03:00,20.5
2025-06-12 02:01:00,56.2
2025-06-12 15:58:00,49.776157380139004
2025-06-12 13:21:00,26.8
2025-06-12 02:27:00,12.2
2025-06-12 19:32:00,13.6
2025-06-12 08:57:00,49.776157380139004
2025-06-12 06:55:00,91.5
2025-06-12 03:04:00,2.0
2025-06-12 05:27:00,53.6
2025-06-12 14:15:00,49.776157380139004
2025-06-12 10:14:00,24.5
2025-06-12 14:01:00,89.8
2025-06-12 17:23:00,49.776157380139004
2025-06-12 04:49:00,23.1
2025-06-12 21:09:00,70.8
2025-06-12 21:05:00,62.0
2025-06-12 14:34:00,44.4
2025-06-12 15:41:00,16.3
2025-06-12 13:52:00,78.6
2025-06-12 19:04:00,32.8
2025-06-12 15:01:00,41.9
2025-06-12 07:05:00,28.5
2025-06-12 00:46:00,49.776157380139004
2025-06-12 04:56:00,49.0
2025-06-12 12:16:00,45.0
2025-06-12 12:37:00,49.776157380139004
2025-06-12 13:28:00,44.2
2025-06-12 14:28:00,90.1
2025-06-12 04:37:00,66.8
2025-06-12 23:26:00,40.1
2025-06-12 10:03:00,49.776157380139004
2025-06-12 09:56:00,92.9
2025-06-12 13:31:00,9.0
2025-06-12 04:32:00,70.1
2025-06-12 23:18:00,43.2
2025-06-12 05:18:00,71.4
2025-06-12 07:50:00,95.4
2025-06-12 07:54:00,74.3
2025-06-12 00:17:00,28.7
2025-06-12 01:51:00,65.8
2025-06-12 17:55:00,56.7
2025-06-12 13:42:00,7.2
2025-06-12 13:04:00,59.7
2025-06-12 04:22:00,57.1
2025-06-12 12:18:00,45.2
2025-06-12 16:19:00,44.8
2025-06-12 18:37:00,29.5
2025-06-12 14:54:00,35.1
2025-06-12 20:31:00,87.7
2025-06-12 22:40:00,51.3
2025-06-12 10:43:00,99.5
2025-06-12 14:17:00,2.5
2025-06-12 12:33:00,90.9
2025-06-12 07:38:00,64.8
2025-06-12 23:43:00,25.6
2025-06-12 13:49:00,60.9
2025-06-12 15:35:00,49.776157380139004
2025-06-12 06:08:00,81.9
2025-06-12 01:35:00,49.776157380139004
2025-06-12 01:14:00,17.8
2025-06-12 08:45:00,47.4
2025-06-12 21:48:00,57.2
2025-06-12 07:28:00,88.3
2025-06-12 09:32:00,49.776157380139004
2025-06-12 18:30:00,49.776157380139004
2025-06-12 19:46:00,83.5
2025-06-12 21:35:00,34.0
2025-06-12 02:48:00,45.5
2025-06-12 09:27:00,34.9
2025-06-12 18:54:00,65.4
2025-06-12 08:00:00,70.3
2025-06-12 18:36:00,43.9
2025-06-12 20:23:00,19.8
2025-06-12 05:46:00,58.8
2025-06-12 04:41:00,34.3
2025-06-12 01:49:00,49.776157380139004
2025-06-12 02:07:00,23.1
2025-06-12 03:48:00,97.5
2025-06-12 11:21:00,22.0
2025-06-12 07:18:00,49.776157380139004
2025-06-12 12:28:00,62.7
2025-06-12 03:10:00,2.9
2025-06-12 23:19:00,72.6
2025-06-12 18:04:00,63.0
2025-06-12 22:30:00,39.9
2025-06-12 09:29:00,6.7
2025-06-12 06:15:00,0.5
2025-06-12 15:02:00,53.6
2025-06-12 03:20:00,79.8
2025-06-12 04:45:00,77.9
2025-06-12 17:31:00,50.8
2025-06-12 18:31:00,90.4
2025-06-12 17:50:00,16.9
2025-06-12 03:17:00,44.7
2025-06-12 12:13:00,54.7
2025-06-12 19:16:00,95.5
2025-06-12 11:35:00,38.1
2025-06-12 00:03:00,26.4
2025-06-12 06:35:00,87.0
2025-06-12 00:04:00,89.7
2025-06-12 17:05:00,32.9
2025-06-12 02:31:00,49.776157380139004
2025-06-12 01:17:00,21.2
2025-06-12 16:24:00,11.9
2025-06-12 04:19:00,16.4
2025-06-12 08:40:00,50.2
2025-06-12 13:08:00,70.6
2025-06-12 01:33:00,40.5
2025-06-12 18:03:00,96.1
2025-06-12 21:21:00,14.0
2025-06-12 15:45:00,66.7
2025-06-12 17:04:00,59.7
2025-06-12 16:39:00,44.5
2025-06-12 07:39:00,49.776157380139004
2025-06-12 04:30:00,85.1
2025-06-12 04:52:00,48.8
2025-06-12 21:18:00,29.3
2025-06-12 09:49:00,11.5
2025-06-12 17:46:00,58.0
2025-06-12 08:31:00,91.2
2025-06-12 13:19:00,91.0
2025-06-12 21:02:00,96.4
2025-06-12 15:28:00,4.4
2025-06-12 20:08:00,61.8
2025-06-12 17:11:00,91.8
2025-06-12 10:53:00,30.5
2025-06-12 15:32:00,49.776157380139004
2025-06-12 23:20:00,24.3
2025-06-12 20:34:00,28.7
2025-06-12 01:45:00,4.1
2025-06-12 13:00:00,49.776157380139004
2025-06-12 22:32:00,15.0
2025-06-12 12:19:00,49.776157380139004
2025-06-12 04:59:00,0.7
2025-06-12 18:19:00,24.0
2025-06-12 05:00:00,28.1
2025-06-12 00:57:00,49.776157380139004
2025-06-12 07:14:00,49.776157380139004
2025-06-12 19:48:00,5.3
2025-06-12 00:25:00,49.776157380139004
2025-06-12 00:28:00,73.1
2025-06-12 16:13:00,49.776157380139004
2025-06-12 20:49:00,15.2
2025-06-12 22:21:00,48.0
2025-06-12 14:36:00,79.4
2025-06-12 17:32:00,8.9
2025-06-12 15:50:00,44.1
2025-06-12 11:37:00,52.0
2025-06-12 10:52:00,42.7
2025-06-12 10:19:00,46.3
2025-06-12 00:32:00,57.4
2025-06-12 19:44:00,88.3
2025-06-12 19:12:00,95.1
2025-06-12 01:37:00,71.0
2025-06-12 20:20:00,90.9
2025-06-12 22:41:00,49.776157380139004
2025-06-12 21:54:00,50.0
2025-06-12 00:42:00,30.9
2025-06-12 23:35:00,49.776157380139004
2025-06-12 05:57:00,93.1
2025-06-12 20:24:00,83.6
2025-06-12 02:08:00,40.0
2025-06-12 01:27:00,98.0
2025-06-12 22:22:00,63.2
2025-06-12 22:48:00,49.776157380139004
2025-06-12 16:51:00,26.7
2025-06-12 13:17:00,1.1
2025-06-12 02:28:00,96.7
2025-06-12 14:08:00,66.5
2025-06-12 12:01:00,35.8
2025-06-12 08:39:00,85.8
2025-06-12 03:32:00,43.9
2025-06-12 00:22:00,64.2
2025-06-12 18:44:00,49.3
2025-06-12 11:10:00,51.8
2025-06-12 12:56:00,96.9
2025-06-12 06:33:00,85.8
2025-06-12 13:07:00,10.6
2025-06-12 11:47:00,90.3
2025-06-12 08:48:00,74.5
2025-06-12 13:58:00,52.7
2025-06-12 04:07:00,28.2
2025-06-12 06:36:00,98.7
2025-06-12 18:22:00,85.0
2025-06-12 22:03:00,49.776157380139004
2025-06-12 16:20:00,82.4
2025-06-12 12:08:00,23.7
2025-06-12 15:39:00,49.776157380139004
2025-06-12 05:31:00,49.3
2025-06-12 13:40:00,19.7
2025-06-12 22:37:00,95.4
2025-06-12 08:01:00,5.2
2025-06-12 20:00:00,19.9
2025-06-12 20:02:00,63.8
2025-06-12 14:20:00,62.3
2025-06-12 23:14:00,71.3
2025-06-12 04:38:00,43.0
2025-06-12 18:34:00,35.3
2025-06-12 21:51:00,19.5
2025-06-12 18:33:00,25.6
2025-06-12 20:16:00,49.776157380139004
2025-06-12 19:53:00,71.5
2025-06-12 10:16:00,36.0
2025-06-12 14:32:00,49.776157380139004
2025-06-12 00:00:00,68.3
2025-06-12 20:09:00,11.4
2025-06-12 17:02:00,85.9
2025-06-12 18:11:00,49.776157380139004
2025-06-12 05:11:00,56.1
2025-06-12 06:58:00,64.7
2025-06-12 21:17:00,67.2
2025-06-12 21:15:00,49.776157380139004
2025-06-12 15:23:00,49.1
2025-06-12 12:34:00,45.6
2025-06-12 04:06:00,66.8
2025-06-12 12:49:00,65.9
2025-06-12 04:54:00,3.3
2025-06-12 22:27:00,26.9
2025-06-12 06:03:00,58.2
2025-06-12 13:44:00,4.3
2025-06-12 19:23:00,11.1
2025-06-12 05:44:00,49.776157380139004
2025-06-12 21:56:00,34.9
2025-06-12 14:13:00,49.776157380139004
2025-06-12 10:35:00,3.4
2025-06-12 06:54:00,49.776157380139004
2025-06-12 18:50:00,65.8
2025-06-12 16:56:00,24.3
2025-06-12 04:29:00,77.6
2025-06-12 19:22:00,82.6
2025-06-12 21:13:00,3.9
2025-06-12 06:16:00,59.7
2025-06-12 18:38:00,49.776157380139004
2025-06-12 12:09:00,33.4
2025-06-12 13:39:00,72.2
2025-06-12 22:58:00,1.3
2025-06-12 19:27:00,8.8
2025-06-12 02:24:00,61.3
2025-06-12 13:11:00,59.5
2025-06-12 01:59:00,60.4
2025-06-12 06:17:00,31.1
2025-06-12 10:36:00,10.0
2025-06-12 19:51:00,98.8
2025-06-12 11:27:00,49.776157380139004
2025-06-12 14:04:00,84.5
2025-06-12 12:05:00,49.776157380139004
2025-06-12 14:29:00,62.6
2025-06-12 16:52:00,22.4
2025-06-12 16:06:00,74.1
2025-06-12 02:50:00,65.4
2025-06-12 23:09:00,92.5
2025-06-12 12:42:00,33.8
2025-06-12 01:29:00,46.9
2025-06-12 18:16:00,95.0
2025-06-12 07:13:00,35.6
2025-06-12 11:14:00,85.0
2025-06-12 15:09:00,49.81767540251498
2025-06-12 21:47:00,32.2
2025-06-12 18:36:00,12.9
2025-06-12 06:57:00,49.81767540251498
2025-06-12 13:26:00,18.0
2025-06-12 09:26:00,26.7
2025-06-12 22:24:00,84.6
2025-06-12 22:11:00,59.4
2025-06-12 23:13:00,35.1
2025-06-12 11:01:00,25.0
2025-06-12 09:32:00,6.9
2025-06-12 06:36:00,49.81767540251498
2025-06-12 23:05:00,71.4
2025-06-12 19:18:00,98.1
2025-06-12 16:37:00,17.1
2025-06-12 05:15:00,66.6
2025-06-12 17:51:00,49.81767540251498
2025-06-12 03:19:00,49.81767540251498
2025-06-12 18:07:00,33.9
2025-06-12 03:58:00,56.9
2025-06-12 16:19:00,49.81767540251498
2025-06-12 04:24:00,74.8
2025-06-12 07:18:00,93.8
2025-06-12 04:13:00,38.3
2025-06-12 07:24:00,72.4
2025-06-12 20:54:00,69.4
2025-06-12 23:57:00,64.6
2025-06-12 22:44:00,83.6
2025-06-12 02:56:00,66.7
2025-06-12 10:59:00,31.8
2025-06-12 04:28:00,71.6
2025-06-12 12:40:00,55.2
2025-06-12 06:40:00,24.5
2025-06-12 23:53:00,29.2
2025-06-12 20:52:00,33.1
2025-06-12 06:37:00,49.81767540251498
2025-06-12 18:34:00,29.3
2025-06-12 01:45:00,40.5
2025-06-12 11:33:00,31.4
2025-06-12 00:31:00,87.1
2025-06-12 06:19:00,41.8
2025-06-12 17:02:00,0.4
2025-06-12 05:43:00,0.3
2025-06-12 01:16:00,49.81767540251498
2025-06-12 12:30:00,47.9
2025-06-12 04:01:00,35.4
2025-06-12 23:34:00,11.3
2025-06-12 21:48:00,38.5
2025-06-12 13:37:00,60.0
2025-06-12 07:33:00,50.4
2025-06-12 02:22:00,20.3
2025-06-12 08:38:00,95.0
2025-06-12 02:33:00,49.81767540251498
2025-06-12 14:05:00,27.1
2025-06-12 19:53:00,82.6
2025-06-12 07:51:00,24.2
2025-06-12 19:38:00,48.5
2025-06-12 19:43:00,44.9
2025-06-12 11:57:00,40.0
2025-06-12 03:53:00,74.3
2025-06-12 01:59:00,49.81767540251498
2025-06-12 08:47:00,49.81767540251498
2025-06-12 02:59:00,35.5
2025-06-12 09:59:00,92.4
2025-06-12 10:26:00,15.8
2025-06-12 23:02:00,70.6
2025-06-12 07:35:00,35.9
2025-06-12 03:14:00,30.4
2025-06-12 20:04:00,59.2
2025-06-12 08:34:00,69.0
2025-06-12 08:07:00,49.81767540251498
2025-06-12 14:08:00,13.7
2025-06-12 06:38:00,12.3
2025-06-12 07:11:00,88.7
2025-06-12 00:35:00,63.8
2025-06-12 22:07:00,33.9
2025-06-12 12:29:00,72.2
2025-06-12 23:51:00,60.1
2025-06-12 15:00:00,49.81767540251498
2025-06-12 16:03:00,77.7
2025-06-12 16:07:00,30.1
2025-06-12 07:30:00,37.7
2025-06-12 14:03:00,98.8
2025-06-12 21:23:00,49.81767540251498
2025-06-12 16:40:00,97.1
2025-06-12 11:36:00,29.3
2025-06-12 09:20:00,65.9
2025-06-12 19:21:00,99.3
2025-06-12 07:15:00,3.8
2025-06-12 11:43:00,25.0
2025-06-12 23:30:00,66.8
2025-06-12 01:35:00,42.8
2025-06-12 07:45:00,55.2
2025-06-12 01:30:00,68.1
2025-06-12 06:53:00,31.0
2025-06-12 20:45:00,62.4
2025-06-12 01:56:00,69.0
2025-06-12 06:05:00,28.4
2025-06-12 13:48:00,27.4
2025-06-12 07:27:00,48.4
2025-06-12 20:16:00,82.9
2025-06-12 18:19:00,26.8
2025-06-12 10:05:00,43.6
2025-06-12 07:57:00,78.1
2025-06-12 05:59:00,3.8
2025-06-12 23:01:00,90.4
2025-06-12 00:54:00,99.2
2025-06-12 17:57:00,60.7
2025-06-12 00:11:00,49.5
2025-06-12 01:20:00,37.0
2025-06-12 20:59:00,54.7
2025-06-12 09:09:00,49.81767540251498
2025-06-12 02:10:00,7.9
2025-06-12 05:28:00,81.9
2025-06-12 12:22:00,19.2
2025-06-12 22:57:00,67.7
2025-06-12 12:19:00,28.8
2025-06-12 16:17:00,23.1
2025-06-12 03:39:00,19.0
2025-06-12 08:29:00,56.6
2025-06-12 19:15:00,94.9
2025-06-12 13:16:00,83.0
2025-06-12 20:53:00,96.6
2025-06-12 14:09:00,80.5
2025-06-12 16:34:00,49.81767540251498
2025-06-12 12:45:00,88.0
2025-06-12 04:25:00,39.7
2025-06-12 09:19:00,32.5
2025-06-12 14:29:00,52.8
2025-06-12 05:19:00,8.5
2025-06-12 16:14:00,52.2
2025-06-12 01:28:00,40.7
2025-06-12 08:57:00,84.7
2025-06-12 08:25:00,39.8
2025-06-12 21:32:00,39.3
2025-06-12 10:03:00,7.9
2025-06-12 07:47:00,5.4
2025-06-12 17:44:00,95.8
2025-06-12 18:02:00,49.81767540251498
2025-06-12 14:28:00,69.3
2025-06-12 17:23:00,49.81767540251498
2025-06-12 07:52:00,32.4
2025-06-12 11:00:00,72.1
2025-06-12 23:21:00,52.7
2025-06-12 04:35:00,46.2
2025-06-12 17:19:00,79.4
2025-06-12 07:55:00,49.81767540251498
2025-06-12 02:36:00,49.81767540251498
2025-06-12 04:11:00,12.9
2025-06-12 01:11:00,83.6
2025-06-12 00:07:00,51.8
2025-06-12 08:33:00,49.81767540251498
2025-06-12 16:11:00,1.5
2025-06-12 01:26:00,40.2
2025-06-12 21:20:00,45.6
2025-06-12 13:54:00,14.0
2025-06-12 11:39:00,69.6
2025-06-12 16:20:00,49.81767540251498
2025-06-12 14:58:00,82.4
2025-06-12 10:15:00,67.1
2025-06-12 13:41:00,81.0
2025-06-12 01:15:00,49.81767540251498
2025-06-12 11:40:00,92.1
2025-06-12 09:03:00,88.1
2025-06-12 03:09:00,18.5
2025-06-12 03:15:00,20.1
2025-06-12 12:26:00,29.5
2025-06-12 04:52:00,49.81767540251498
2025-06-12 19:32:00,61.0
2025-06-12 19:02:00,54.3
2025-06-12 09:29:00,72.6
2025-06-12 02:43:00,72.5
2025-06-12 00:19:00,84.5
2025-06-12 20:57:00,50.7
2025-06-12 00:10:00,25.9
2025-06-12 20:15:00,90.8
2025-06-12 13:34:00,13.7
2025-06-12 04:34:00,7.4
2025-06-12 20:11:00,49.81767540251498
2025-06-12 13:21:00,49.81767540251498
2025-06-12 23:00:00,47.1
2025-06-12 05:12:00,82.0
2025-06-12 12:49:00,26.1
2025-06-12 16:38:00,49.81767540251498
2025-06-12 16:27:00,49.81767540251498
2025-06-12 21:40:00,26.9
2025-06-12 05:25:00,53.2
2025-06-12 01:44:00,95.3
2025-06-12 22:58:00,96.4
2025-06-12 08:05:00,15.6
2025-06-12 22:59:00,49.81767540251498
2025-06-12 22:49:00,67.9
2025-06-12 21:02:00,49.81767540251498
2025-06-12 11:58:00,86.8
2025-06-12 06:23:00,58.9
2025-06-12 11:26:00,49.81767540251498
2025-06-12 09:11:00,62.5
2025-06-12 21:37:00,81.4
2025-06-12 16:55:00,49.81767540251498
2025-06-12 02:03:00,93.7
2025-06-12 13:51:00,47.8
2025-06-12 01:33:00,86.0
2025-06-12 18:06:00,0.6
2025-06-12 19:23:00,49.81767540251498
2025-06-12 18:35:00,13.1
2025-06-12 08:44:00,23.1
2025-06-12 05:50:00,49.81767540251498
2025-06-12 14:06:00,95.1
2025-06-12 05:42:00,98.3
2025-06-12 00:18:00,60.7
2025-06-12 21:16:00,7.2
2025-06-12 19:24:00,61.6
2025-06-12 08:00:00,70.3
2025-06-12 01:25:00,58.1
2025-06-12 02:27:00,49.81767540251498
2025-06-12 05:33:00,24.8
2025-06-12 10:55:00,45.4
2025-06-12 18:55:00,63.7
2025-06-12 23:55:00,49.81767540251498
2025-06-12 12:58:00,49.81767540251498
2025-06-12 06:22:00,49.81767540251498
2025-06-12 09:21:00,94.4
2025-06-12 17:15:00,48.1
2025-06-12 16:29:00,0.6
2025-06-12 13:35:00,87.0
2025-06-12 20:34:00,92.1
2025-06-12 14:36:00,40.7
2025-06-12 00:21:00,24.2
2025-06-12 17:03:00,21.6
2025-06-12 01:54:00,91.9
2025-06-12 16:59:00,34.7
2025-06-12 18:50:00,7.6
2025-06-12 09:13:00,10.8
2025-06-12 23:48:00,35.9
2025-06-12 16:04:00,54.8
2025-06-12 20:08:00,89.1
2025-06-12 19:47:00,66.8
2025-06-12 18:00:00,0.4
2025-06-12 10:14:00,23.3
2025-06-12 04:51:00,86.6
2025-06-12 17:49:00,16.7
2025-06-12 05:24:00,93.4
2025-06-12 16:42:00,9.7
2025-06-12 12:01:00,80.0
2025-06-12 12:15:00,91.9
2025-06-12 14:24:00,49.81767540251498
2025-06-12 11:12:00,37.3
2025-06-12 23:40:00,61.1
2025-06-12 09:05:00,97.0
2025-06-12 15:48:00,62.2
2025-06-12 17:10:00,49.81767540251498
2025-06-12 01:52:00,51.0
2025-06-12 06:35:00,49.81767540251498
2025-06-12 22:10:00,88.7
2025-06-12 17:46:00,39.0
2025-06-12 23:22:00,79.3
2025-06-12 14:19:00,98.6
2025-06-12 10:10:00,80.5
2025-06-12 23:16:00,49.81767540251498
2025-06-12 18:53:00,49.81767540251498
2025-06-12 03:11:00,94.2
2025-06-12 02:08:00,76.4
2025-06-12 10:52:00,49.81767540251498
2025-06-12 13:45:00,56.1
2025-06-12 19:00:00,49.81767540251498
2025-06-12 06:00:00,55.3
2025-06-12 08:48:00,66.0
2025-06-12 11:13:00,49.81767540251498
2025-06-12 09:24:00,32.6
2025-06-12 23:27:00,49.81767540251498
2025-06-12 00:55:00,36.8
2025-06-12 12:35:00,72.6
2025-06-12 11:15:00,49.81767540251498
2025-06-12 10:49:00,49.9
2025-06-12 21:14:00,67.2
2025-06-12 03:22:00,13.4
2025-06-12 17:53:00,49.81767540251498
2025-06-12 22:05:00,89.1
2025-06-12 08:30:00,96.2
2025-06-12 13:07:00,83.5
2025-06-12 08:24:00,13.9
2025-06-12 03:16:00,0.0
2025-06-12 09:34:00,39.1
2025-06-12 06:21:00,71.6
2025-06-12 17:47:00,69.1
2025-06-12 15:05:00,66.2
2025-06-12 20:50:00,47.9
2025-06-12 17:13:00,49.81767540251498
2025-06-12 15:43:00,37.4
2025-06-12 21:54:00,49.81767540251498
2025-06-12 18:10:00,64.2
2025-06-12 04:18:00,16.8
2025-06-12 14:42:00,12.8
2025-06-12 04:03:00,50.0
2025-06-12 23:45:00,77.5
2025-06-12 01:58:00,49.81767540251498
2025-06-12 14:44:00,59.0
2025-06-12 08:50:00,9.0
2025-06-12 06:54:00,74.9
2025-06-12 18:23:00,96.8
2025-06-12 10:41:00,67.6
2025-06-12 13:10:00,64.9
2025-06-12 10:44:00,24.0
2025-06-12 07:32:00,65.7
2025-06-12 21:58:00,49.81767540251498
2025-06-12 17:22:00,10.9
2025-06-12 13:20:00,86.8
2025-06-12 08:04:00,14.1
2025-06-12 00:08:00,68.7
2025-06-12 03:52:00,49.791111632270166
2025-06-12 19:00:00,66.4
2025-06-12 17:02:00,94.5
2025-06-12 11:04:00,49.791111632270166
2025-06-12 11:44:00,19.2
2025-06-12 05:43:00,5.3
2025-06-12 01:16:00,16.2
2025-06-12 00:39:00,66.1
2025-06-12 10:17:00,32.6
2025-06-12 18:01:00,72.4
2025-06-12 17:29:00,75.5
2025-06-12 03:48:00,60.8
2025-06-12 20:25:00,49.791111632270166
2025-06-12 12:11:00,73.2
2025-06-12 22:03:00,71.1
2025-06-12 00:32:00,26.3
2025-06-12 20:32:00,53.5
2025-06-12 05:39:00,11.0
2025-06-12 01:02:00,96.9
2025-06-12 21:10:00,44.1
2025-06-12 02:02:00,13.5
2025-06-12 15:38:00,11.1
2025-06-12 23:00:00,88.7
2025-06-12 03:53:00,49.791111632270166
2025-06-12 03:29:00,52.7
2025-06-12 11:59:00,56.7
2025-06-12 23:12:00,6.6
2025-06-12 19:55:00,79.4
2025-06-12 11:33:00,31.0
2025-06-12 09:57:00,46.2
2025-06-12 07:01:00,93.4
2025-06-12 18:18:00,7.0
2025-06-12 03:04:00,80.4
2025-06-12 14:11:00,49.791111632270166
2025-06-12 21:14:00,72.2
2025-06-12 21:50:00,62.0
2025-06-12 04:00:00,25.7
2025-06-12 18:36:00,94.9
2025-06-12 20:52:00,1.3
2025-06-12 17:10:00,94.6
2025-06-12 19:47:00,41.5
2025-06-12 19:42:00,49.791111632270166
2025-06-12 14:45:00,78.4
2025-06-12 12:35:00,60.3
2025-06-12 17:47:00,46.8
2025-06-12 21:33:00,62.1
2025-06-12 08:40:00,42.6
2025-06-12 20:16:00,97.5
2025-06-12 04:38:00,90.2
2025-06-12 03:20:00,49.791111632270166
2025-06-12 09:42:00,99.8
2025-06-12 12:40:00,53.9
2025-06-12 13:15:00,40.8
2025-06-12 13:47:00,23.9
2025-06-12 16:55:00,49.791111632270166
2025-06-12 18:40:00,27.4
2025-06-12 21:25:00,49.791111632270166
2025-06-12 06:04:00,49.791111632270166
2025-06-12 23:16:00,60.0
2025-06-12 02:58:00,52.6
2025-06-12 12:39:00,25.6
2025-06-12 12:44:00,49.791111632270166
2025-06-12 04:09:00,43.1
2025-06-12 14:56:00,94.6
2025-06-12 03:42:00,64.8
2025-06-12 13:59:00,49.791111632270166
2025-06-12 05:22:00,33.5
2025-06-12 03:36:00,49.791111632270166
2025-06-12 10:07:00,7.0
2025-06-12 02:10:00,12.3
2025-06-12 19:36:00,20.7
2025-06-12 13:14:00,35.2
2025-06-12 19:33:00,43.3
2025-06-12 03:19:00,73.5
2025-06-12 20:12:00,40.9
2025-06-12 10:28:00,43.1
2025-06-12 02:04:00,82.3
2025-06-12 04:41:00,59.2
2025-06-12 22:57:00,51.9
2025-06-12 13:05:00,47.6
2025-06-12 19:38:00,22.2
2025-06-12 12:09:00,44.5
2025-06-12 16:53:00,35.8
2025-06-12 19:57:00,59.1
2025-06-12 11:18:00,68.2
2025-06-12 15:56:00,87.9
2025-06-12 22:53:00,49.791111632270166
2025-06-12 22:36:00,2.6
2025-06-12 00:07:00,78.5
2025-06-12 02:59:00,12.5
2025-06-12 10:20:00,15.2
2025-06-12 00:04:00,10.9
2025-06-12 09:09:00,89.3
2025-06-12 01:40:00,49.791111632270166
2025-06-12 03:09:00,9.3
2025-06-12 22:54:00,4.9
2025-06-12 01:49:00,40.0
2025-06-12 02:13:00,15.7
2025-06-12 08:03:00,49.791111632270166
2025-06-12 05:50:00,14.5
2025-06-12 14:30:00,2.0
2025-06-12 06:43:00,46.3
2025-06-12 06:59:00,3.6
2025-06-12 19:02:00,3.7
2025-06-12 07:10:00,73.2
2025-06-12 01:45:00,8.7
2025-06-12 08:06:00,60.3
2025-06-12 05:01:00,22.9
2025-06-12 15:07:00,13.9
2025-06-12 19:40:00,62.0
2025-06-12 03:00:00,67.5
2025-06-12 23:01:00,69.4
2025-06-12 06:52:00,2.6
2025-06-12 11:10:00,94.2
2025-06-12 20:09:00,83.9
2025-06-12 11:26:00,61.2
2025-06-12 14:01:00,20.7
2025-06-12 07:34:00,42.5
2025-06-12 17:59:00,59.6
2025-06-12 06:56:00,54.9
2025-06-12 05:41:00,34.9
2025-06-12 21:47:00,95.1
2025-06-12 21:08:00,49.791111632270166
2025-06-12 16:05:00,67.3
2025-06-12 06:38:00,74.0
2025-06-12 16:21:00,30.4
2025-06-12 21:11:00,16.8
2025-06-12 20:39:00,57.8
2025-06-12 07:59:00,65.4
2025-06-12 16:50:00,60.8
2025-06-12 06:18:00,18.7
2025-06-12 13:57:00,16.4
2025-06-12 06:41:00,49.791111632270166
2025-06-12 19:19:00,41.1
2025-06-12 09:24:00,7.2
2025-06-12 05:54:00,19.2
2025-06-12 12:16:00,49.791111632270166
2025-06-12 05:34:00,10.5
2025-06-12 12:59:00,82.6
2025-06-12 16:39:00,40.0
2025-06-12 03:08:00,83.1
2025-06-12 23:38:00,51.9
2025-06-12 17:30:00,21.2
2025-06-12 01:47:00,75.5
2025-06-12 02:55:00,59.2
2025-06-12 05:18:00,58.0
2025-06-12 08:51:00,54.1
2025-06-12 11:55:00,50.0
2025-06-12 02:52:00,49.791111632270166
2025-06-12 00:38:00,64.8
2025-06-12 04:25:00,77.8
2025-06-12 15:06:00,6.0
2025-06-12 08:27:00,49.791111632270166
2025-06-12 04:49:00,61.2
2025-06-12 12:13:00,45.7
2025-06-12 20:17:00,12.7
2025-06-12 23:02:00,67.0
2025-06-12 02:01:00,49.791111632270166
2025-06-12 23:14:00,73.9
2025-06-12 19:43:00,63.4
2025-06-12 23:44:00,30.1
2025-06-12 10:23:00,30.5
2025-06-12 02:51:00,33.7
2025-06-12 16:25:00,99.8
2025-06-12 14:57:00,54.2
2025-06-12 19:54:00,28.3
2025-06-12 06:32:00,21.6
2025-06-12 22:08:00,95.5
2025-06-12 07:36:00,49.791111632270166
2025-06-12 06:33:00,29.6
2025-06-12 15:17:00,49.791111632270166
2025-06-12 10:35:00,39.4
2025-06-12 00:10:00,14.8
2025-06-12 20:08:00,96.7
2025-06-12 02:28:00,24.0
2025-06-12 00:00:00,99.6
2025-06-12 07:37:00,76.9
2025-06-12 06:21:00,46.7
2025-06-12 11:05:00,70.1
2025-06-12 04:47:00,97.8
2025-06-12 06:03:00,79.9
2025-06-12 00:20:00,42.9
2025-06-12 11:35:00,31.1
2025-06-12 07:05:00,36.3
2025-06-12 06:53:00,49.791111632270166
2025-06-12 18:03:00,84.5
2025-06-12 14:23:00,38.1
2025-06-12 02:54:00,68.0
2025-06-12 06:00:00,72.1
2025-06-12 19:23:00,97.0
2025-06-12 16:46:00,49.791111632270166
2025-06-12 17:43:00,49.791111632270166
2025-06-12 18:05:00,21.8
2025-06-12 05:40:00,90.5
2025-06-12 13:33:00,49.791111632270166
2025-06-12 18:52:00,6.2
2025-06-12 16:09:00,14.2
2025-06-12 03:31:00,19.6
2025-06-12 09:06:00,86.6
2025-06-12 10:37:00,77.7
2025-06-12 22:24:00,39.8
2025-06-12 06:11:00,2.8
2025-06-12 08:17:00,49.791111632270166
2025-06-12 21:32:00,80.5
2025-06-12 01:31:00,46.0
2025-06-12 15:20:00,49.791111632270166
2025-06-12 01:58:00,80.2
2025-06-12 12:43:00,17.6
2025-06-12 19:22:00,98.7
2025-06-12 07:06:00,49.791111632270166
2025-06-12 02:20:00,29.1
2025-06-12 19:41:00,66.7
2025-06-12 02:08:00,49.791111632270166
2025-06-12 04:34:00,74.3
2025-06-12 02:30:00,49.791111632270166
2025-06-12 04:31:00,95.1
2025-06-12 19:37:00,96.2
2025-06-12 10:15:00,9.7
2025-06-12 18:56:00,66.8
2025-06-12 14:16:00,68.7
2025-06-12 05:56:00,39.5
2025-06-12 18:17:00,51.1
2025-06-12 16:31:00,6.5
2025-06-12 13:31:00,49.791111632270166
2025-06-12 23:41:00,82.8
2025-06-12 11:08:00,49.791111632270166
2025-06-12 12:52:00,95.4
2025-06-12 19:53:00,49.791111632270166
2025-06-12 22:22:00,99.8
2025-06-12 16:11:00,69.6
2025-06-12 20:26:00,6.1
2025-06-12 08:38:00,46.3
2025-06-12 17:56:00,5.3
2025-06-12 09:43:00,20.7
2025-06-12 22:40:00,49.791111632270166
2025-06-12 10:34:00,44.4
2025-06-12 02:21:00,47.8
2025-06-12 19:49:00,76.4
2025-06-12 09:04:00,14.1
2025-06-12 12:21:00,89.8
2025-06-12 21:02:00,53.0
2025-06-12 10:04:00,28.0
2025-06-12 09:40:00,2.5
2025-06-12 12:56:00,49.791111632270166
2025-06-12 23:10:00,61.8
2025-06-12 20:43:00,7.9
2025-06-12 10:59:00,1.7
2025-06-12 12:46:00,16.1
2025-06-12 08:56:00,33.5
2025-06-12 09:46:00,72.9
2025-06-12 09:05:00,4.5
2025-06-12 15:00:00,63.5
2025-06-12 23:23:00,91.3
2025-06-12 07:22:00,70.6
2025-06-12 01:33:00,5.6
2025-06-12 15:31:00,55.3
2025-06-12 16:42:00,97.9
2025-06-12 19:15:00,65.5
2025-06-12 06:01:00,4.8
2025-06-12 23:35:00,59.7
2025-06-12 12:08:00,36.0
2025-06-12 16:36:00,98.5
2025-06-12 21:21:00,73.0
2025-06-12 08:13:00,6.6
2025-06-12 07:43:00,77.0
2025-06-12 09:55:00,17.6
2025-06-12 13:10:00,52.4
2025-06-12 08:25:00,55.2
2025-06-12 18:30:00,38.6
2025-06-12 03:23:00,94.1
2025-06-12 04:55:00,49.6
2025-06-12 07:53:00,88.5
2025-06-12 02:34:00,2.5
2025-06-12 13:01:00,14.4
2025-06-12 16:10:00,29.1
2025-06-12 14:24:00,50.406503298774744
2025-06-12 00:26:00,9.9
2025-06-12 04:16:00,6.6
2025-06-12 23:43:00,5.8
2025-06-12 03:41:00,50.406503298774744
2025-06-12 15:06:00,79.8
2025-06-12 14:46:00,64.5
2025-06-12 10:46:00,56.3
2025-06-12 00:29:00,64.9
2025-06-12 11:11:00,50.406503298774744
2025-06-12 02:19:00,50.406503298774744
2025-06-12 04:35:00,41.3
2025-06-12 00:52:00,50.406503298774744
2025-06-12 01:34:00,50.406503298774744
2025-06-12 04:40:00,78.6
2025-06-12 14:08:00,12.0
2025-06-12 12:35:00,18.0
2025-06-12 19:37:00,50.406503298774744
2025-06-12 19:29:00,68.8
2025-06-12 08:54:00,15.7
2025-06-12 14:31:00,38.8
2025-06-12 00:28:00,9.4
2025-06-12 11:38:00,1.4
2025-06-12 19:58:00,58.7
2025-06-12 07:37:00,41.8
2025-06-12 00:15:00,43.6
2025-06-12 18:59:00,78.5
2025-06-12 02:51:00,49.8
2025-06-12 11:59:00,78.8
2025-06-12 21:50:00,35.5
2025-06-12 07:56:00,50.406503298774744
2025-06-12 16:18:00,3.7
2025-06-12 17:00:00,18.3
2025-06-12 13:49:00,50.406503298774744
2025-06-12 03:46:00,89.8
2025-06-12 03:33:00,44.2
2025-06-12 17:39:00,50.406503298774744
2025-06-12 20:54:00,50.406503298774744
2025-06-12 13:16:00,90.7
2025-06-12 13:33:00,18.6
2025-06-12 06:13:00,18.3
2025-06-12 09:29:00,50.406503298774744
2025-06-12 12:24:00,34.7
2025-06-12 12:00:00,1.1
2025-06-12 07:11:00,50.406503298774744
2025-06-12 20:23:00,38.5
2025-06-12 06:53:00,92.9
2025-06-12 03:43:00,57.1
2025-06-12 09:23:00,30.6
2025-06-12 21:35:00,95.8
2025-06-12 00:59:00,25.9
2025-06-12 01:08:00,50.406503298774744
2025-06-12 06:30:00,50.406503298774744
2025-06-12 02:14:00,60.5
2025-06-12 19:52:00,33.0
2025-06-12 01:52:00,60.5
2025-06-12 03:48:00,50.406503298774744
2025-06-12 21:36:00,50.406503298774744
2025-06-12 15:29:00,50.406503298774744
2025-06-12 15:47:00,95.2
2025-06-12 14:35:00,84.7
2025-06-12 11:01:00,90.6
2025-06-12 03:11:00,65.3
2025-06-12 19:45:00,0.3
2025-06-12 04:36:00,73.9
2025-06-12 02:40:00,50.406503298774744
2025-06-12 23:10:00,69.9
2025-06-12 02:37:00,70.4
2025-06-12 12:36:00,40.7
2025-06-12 18:07:00,11.8
2025-06-12 03:40:00,78.0
2025-06-12 11:08:00,2.8
2025-06-12 01:02:00,50.406503298774744
2025-06-12 16:00:00,65.5
2025-06-12 15:50:00,30.2
2025-06-12 07:48:00,50.406503298774744
2025-06-12 22:36:00,19.7
2025-06-12 01:33:00,63.7
2025-06-12 08:59:00,91.8
2025-06-12 21:52:00,50.406503298774744
2025-06-12 11:21:00,82.5
2025-06-12 20:03:00,57.5
2025-06-12 11:22:00,50.406503298774744
2025-06-12 08:18:00,65.0
2025-06-12 15:14:00,14.0
2025-06-12 19:17:00,21.9
2025-06-12 17:06:00,50.406503298774744
2025-06-12 23:57:00,86.0
2025-06-12 02:06:00,65.7
2025-06-12 12:39:00,53.4
2025-06-12 05:13:00,68.2
2025-06-12 09:16:00,77.1
2025-06-12 21:01:00,48.1
2025-06-12 16:38:00,86.5
2025-06-12 08:52:00,13.8
2025-06-12 15:38:00,51.1
2025-06-12 06:20:00,4.0
2025-06-12 14:26:00,50.406503298774744
2025-06-12 01:15:00,37.7
2025-06-12 18:16:00,80.9
2025-06-12 03:15:00,4.0
2025-06-12 04:53:00,35.3
2025-06-12 02:36:00,73.9
2025-06-12 16:23:00,48.5
2025-06-12 14:44:00,15.7
2025-06-12 13:11:00,50.406503298774744
2025-06-12 04:48:00,74.7
2025-06-12 00:35:00,11.4
2025-06-12 07:55:00,64.2
2025-06-12 08:36:00,58.9
2025-06-12 21:47:00,75.3
2025-06-12 01:46:00,84.2
2025-06-12 09:18:00,76.1
2025-06-12 06:14:00,81.1
2025-06-12 04:14:00,50.406503298774744
2025-06-12 02:47:00,50.406503298774744
2025-06-12 16:14:00,92.7
2025-06-12 03:38:00,18.5
2025-06-12 14:18:00,8.7
2025-06-12 12:49:00,15.6
2025-06-12 17:46:00,83.0
2025-06-12 13:24:00,45.7
2025-06-12 21:43:00,83.8
2025-06-12 17:35:00,50.406503298774744
2025-06-12 02:33:00,50.406503298774744
2025-06-12 16:05:00,50.406503298774744
2025-06-12 19:19:00,2.5
2025-06-12 13:45:00,13.1
2025-06-12 22:15:00,37.6
2025-06-12 21:07:00,89.2
2025-06-12 23:15:00,8.2
2025-06-12 22:40:00,99.2
2025-06-12 04:32:00,73.1
2025-06-12 14:34:00,50.406503298774744
2025-06-12 08:03:00,13.4
2025-06-12 01:06:00,10.7
2025-06-12 03:57:00,27.5
2025-06-12 20:00:00,5.0
2025-06-12 11:41:00,90.6
2025-06-12 14:58:00,23.3
2025-06-12 02:59:00,13.6
2025-06-12 05:41:00,74.9
2025-06-12 13:34:00,45.4
2025-06-12 23:32:00,3.3
2025-06-12 01:00:00,31.1
2025-06-12 02:07:00,32.9
2025-06-12 16:33:00,21.9
2025-06-12 16:06:00,37.8
2025-06-12 20:24:00,16.7
2025-06-12 04:29:00,14.5
2025-06-12 12:44:00,50.406503298774744
2025-06-12 14:19:00,91.1
2025-06-12 17:30:00,76.7
2025-06-12 14:42:00,15.2
2025-06-12 08:00:00,21.7
2025-06-12 14:20:00,17.6
2025-06-12 15:31:00,0.1
2025-06-12 19:55:00,88.7
2025-06-12 11:28:00,50.406503298774744
2025-06-12 05:50:00,7.3
2025-06-12 08:23:00,64.9
2025-06-12 21:44:00,50.406503298774744
2025-06-12 14:11:00,80.4
2025-06-12 09:06:00,31.1
2025-06-12 06:12:00,80.0
2025-06-12 00:38:00,27.0
2025-06-12 15:46:00,50.406503298774744
2025-06-12 07:57:00,12.3
2025-06-12 02:39:00,53.5
2025-06-12 06:15:00,58.9
2025-06-12 19:04:00,46.3
2025-06-12 23:44:00,61.2
2025-06-12 00:49:00,22.6
2025-06-12 13:14:00,23.4
2025-06-12 01:37:00,30.3
2025-06-12 22:27:00,14.6
2025-06-12 17:57:00,23.7
2025-06-12 18:34:00,48.1
2025-06-12 04:51:00,31.6
2025-06-12 18:49:00,50.406503298774744
2025-06-12 03:05:00,28.8
2025-06-12 23:47:00,50.406503298774744
2025-06-12 09:14:00,50.406503298774744
2025-06-12 14:41:00,92.7
2025-06-12 16:21:00,52.3
2025-06-12 07:16:00,78.2
2025-06-12 19:20:00,78.3
2025-06-12 04:00:00,95.4
2025-06-12 14:50:00,79.5
2025-06-12 18:40:00,2.5
2025-06-12 18:15:00,79.0
2025-06-12 02:48:00,45.1
2025-06-12 13:28:00,4.5
2025-06-12 11:32:00,20.6
2025-06-12 21:17:00,35.7
2025-06-12 22:23:00,45.4
2025-06-12 09:10:00,33.8
2025-06-12 13:26:00,99.2
2025-06-12 05:15:00,39.6
2025-06-12 23:34:00,21.0
2025-06-12 23:22:00,50.406503298774744
2025-06-12 07:28:00,50.406503298774744
2025-06-12 11:13:00,76.6
2025-06-12 22:17:00,57.3
2025-06-12 07:44:00,50.406503298774744
2025-06-12 20:55:00,67.9
2025-06-12 10:57:00,69.6
2025-06-12 22:16:00,83.6
2025-06-12 03:06:00,30.0
2025-06-12 15:40:00,50.406503298774744
2025-06-12 21:03:00,49.1
2025-06-12 20:20:00,42.1
2025-06-12 09:22:00,50.0
2025-06-12 14:21:00,6.1
2025-06-12 11:54:00,69.3
2025-06-12 18:25:00,51.0
2025-06-12 21:46:00,1.3
2025-06-12 00:34:00,47.8
2025-06-12 08:39:00,78.5
2025-06-12 19:57:00,42.9
2025-06-12 06:39:00,60.8
2025-06-12 20:51:00,28.3
2025-06-12 19:15:00,77.6
2025-06-12 09:53:00,65.7
2025-06-12 14:04:00,74.4
2025-06-12 01:14:00,19.7
2025-06-12 22:55:00,81.2
2025-06-12 00:13:00,21.4
2025-06-12 02:20:00,15.2
2025-06-12 00:24:00,99.7
2025-06-12 08:35:00,8.2
2025-06-12 18:14:00,81.8
2025-06-12 04:41:00,49.0
2025-06-12 23:53:00,76.7
2025-06-12 12:52:00,50.406503298774744
2025-06-12 19:44:00,48.3
2025-06-12 14:07:00,99.7
2025-06-12 04:05:00,93.2
2025-06-12 04:38:00,50.406503298774744
2025-06-12 10:48:00,97.8
2025-06-12 10:31:00,50.406503298774744
2025-06-12 13:31:00,50.406503298774744
2025-06-12 05:03:00,21.8
2025-06-12 12:56:00,46.2
2025-06-12 11:48:00,77.5
2025-06-12 06:08:00,50.406503298774744
2025-06-12 12:20:00,62.4
2025-06-12 22:48:00,22.0
2025-06-12 17:42:00,13.4
2025-06-12 07:54:00,35.9
2025-06-12 04:04:00,23.1
2025-06-12 02:49:00,73.7
2025-06-12 00:36:00,71.1
2025-06-12 03:31:00,10.1
2025-06-12 04:37:00,28.5
2025-06-12 11:26:00,35.3
2025-06-12 13:04:00,95.6
2025-06-12 12:47:00,46.3
2025-06-12 18:00:00,77.9
2025-06-12 05:18:00,79.3
2025-06-12 06:55:00,70.3
2025-06-12 07:12:00,92.7
2025-06-12 18:33:00,85.0
2025-06-12 08:12:00,21.0
2025-06-12 22:09:00,77.8
2025-06-12 05:55:00,24.8
2025-06-12 12:26:00,85.0
2025-06-12 22:00:00,89.7
2025-06-12 18:11:00,33.3
2025-06-12 08:48:00,42.0
2025-06-12 07:08:00,61.8
2025-06-12 03:19:00,10.3
2025-06-12 17:32:00,98.8
2025-06-12 06:25:00,24.9
2025-06-12 19:46:00,73.9
2025-06-12 06:37:00,12.0
2025-06-12 05:05:00,14.4
2025-06-12 04:13:00,19.6
2025-06-12 20:05:00,11.7
2025-06-12 14:06:00,41.9
2025-06-12 04:45:00,61.3
2025-06-12 22:35:00,13.1
2025-06-12 10:04:00,75.4
2025-06-12 13:40:00,50.406503298774744
2025-06-12 17:10:00,33.8
2025-06-12 14:38:00,70.5
2025-06-12 19:07:00,50.406503298774744
2025-06-12 10:32:00,29.6
2025-06-12 03:23:00,31.5
2025-06-12 09:25:00,50.406503298774744
2025-06-12 20:02:00,50.406503298774744
2025-06-12 04:25:00,16.6
2025-06-12 01:20:00,55.5
2025-06-12 01:54:00,70.5
2025-06-12 03:26:00,16.2
2025-06-12 02:29:00,80.8
2025-06-12 06:06:00,36.7
2025-06-12 18:10:00,2.2
2025-06-12 00:54:00,56.0
2025-06-12 04:18:00,50.406503298774744
2025-06-12 13:44:00,72.7
2025-06-12 19:28:00,56.1
2025-06-12 20:58:00,7.3
2025-06-12 06:40:00,20.3
2025-06-12 05:36:00,36.3
2025-06-12 10:55:00,79.9
2025-06-12 16:20:00,30.9
2025-06-12 09:19:00,94.5
2025-06-12 19:35:00,92.9
2025-06-12 23:58:00,49.4
2025-06-12 07:18:00,68.0
2025-06-12 22:31:00,59.9
2025-06-12 14:05:00,60.9
2025-06-12 13:12:00,5.4
2025-06-12 19:50:00,6.0
2025-06-12 21:52:00,67.5
2025-06-12 17:25:00,34.6
2025-06-12 09:14:00,25.7
2025-06-12 07:42:00,79.0
2025-06-12 10:16:00,73.4
2025-06-12 15:41:00,50.3160582227961
2025-06-12 03:59:00,8.5
2025-06-12 07:29:00,43.5
2025-06-12 13:20:00,50.3160582227961
2025-06-12 14:53:00,7.4
2025-06-12 00:13:00,29.6
2025-06-12 04:18:00,66.6
2025-06-12 06:24:00,66.4
2025-06-12 12:53:00,50.3160582227961
2025-06-12 00:39:00,50.3160582227961
2025-06-12 23:27:00,88.6
2025-06-12 01:42:00,58.7
2025-06-12 00:25:00,69.6
2025-06-12 23:46:00,20.0
2025-06-12 20:35:00,93.4
2025-06-12 17:41:00,50.3160582227961
2025-06-12 12:51:00,26.9
2025-06-12 15:28:00,84.9
2025-06-12 08:56:00,50.3160582227961
2025-06-12 23:59:00,50.3160582227961
2025-06-12 12:06:00,73.1
2025-06-12 10:38:00,99.9
2025-06-12 10:27:00,22.6
2025-06-12 00:06:00,3.6
2025-06-12 05:57:00,25.9
2025-06-12 10:22:00,73.0
2025-06-12 09:07:00,74.9
2025-06-12 01:04:00,21.8
2025-06-12 19:39:00,96.3
2025-06-12 08:03:00,89.9
2025-06-12 04:37:00,64.2
2025-06-12 20:16:00,15.3
2025-06-12 22:12:00,80.8
2025-06-12 18:50:00,86.8
2025-06-12 14:16:00,50.3160582227961
2025-06-12 06:33:00,28.7
2025-06-12 05:19:00,78.4
2025-06-12 13:24:00,50.3160582227961
2025-06-12 14:13:00,50.3160582227961
2025-06-12 21:00:00,51.4
2025-06-12 12:16:00,38.9
2025-06-12 16:54:00,55.7
2025-06-12 19:57:00,2.1
2025-06-12 06:52:00,50.3160582227961
2025-06-12 13:56:00,50.3160582227961
2025-06-12 19:02:00,3.0
2025-06-12 07:31:00,84.4
2025-06-12 12:22:00,4.9
2025-06-12 15:12:00,70.0
2025-06-12 00:14:00,15.2
2025-06-12 02:35:00,89.8
2025-06-12 20:44:00,33.9
2025-06-12 07:16:00,0.2
2025-06-12 21:05:00,48.2
2025-06-12 12:37:00,55.4
2025-06-12 08:32:00,50.3160582227961
2025-06-12 19:34:00,89.6
2025-06-12 14:22:00,87.6
2025-06-12 19:20:00,24.3
2025-06-12 01:49:00,34.8
2025-06-12 02:57:00,60.4
2025-06-12 07:02:00,97.0
2025-06-12 19:56:00,55.3
2025-06-12 21:19:00,99.4
2025-06-12 12:27:00,22.8
2025-06-12 18:57:00,50.3160582227961
2025-06-12 04:04:00,50.3160582227961
2025-06-12 15:13:00,71.8
2025-06-12 08:54:00,1.7
2025-06-12 00:43:00,2.3
2025-06-12 09:57:00,26.2
2025-06-12 06:54:00,16.9
2025-06-12 22:15:00,13.3
2025-06-12 00:55:00,0.2
2025-06-12 19:22:00,70.9
2025-06-12 06:20:00,47.2
2025-06-12 07:52:00,66.9
2025-06-12 22:28:00,85.8
2025-06-12 16:13:00,92.1
2025-06-12 12:09:00,58.9
2025-06-12 21:24:00,99.9
2025-06-12 22:05:00,61.7
2025-06-12 07:55:00,25.1
2025-06-12 07:05:00,40.2
2025-06-12 15:36:00,75.9
2025-06-12 19:47:00,43.4
2025-06-12 00:32:00,96.8
2025-06-12 05:24:00,54.6
2025-06-12 04:43:00,42.5
2025-06-12 21:02:00,0.8
2025-06-12 20:53:00,65.0
2025-06-12 01:11:00,65.2
2025-06-12 11:40:00,21.6
2025-06-12 19:06:00,4.1
2025-06-12 10:28:00,46.1
2025-06-12 03:30:00,54.4
2025-06-12 17:55:00,27.9
2025-06-12 02:06:00,50.3160582227961
2025-06-12 19:29:00,50.3160582227961
2025-06-12 22:41:00,45.1
2025-06-12 10:15:00,31.2
2025-06-12 06:49:00,56.7
2025-06-12 01:23:00,70.7
2025-06-12 07:49:00,46.0
2025-06-12 01:58:00,48.0
2025-06-12 01:28:00,80.1
2025-06-12 14:35:00,50.3160582227961
2025-06-12 08:23:00,8.7
2025-06-12 13:11:00,19.6
2025-06-12 18:24:00,2.4
2025-06-12 02:26:00,44.1
2025-06-12 19:38:00,80.3
2025-06-12 15:30:00,50.3160582227961
2025-06-12 22:59:00,78.2
2025-06-12 03:57:00,31.2
2025-06-12 11:08:00,44.4
2025-06-12 21:57:00,20.5
2025-06-12 16:08:00,50.3160582227961
2025-06-12 15:54:00,77.6
2025-06-12 18:44:00,55.4
2025-06-12 20:56:00,85.6
2025-06-12 20:29:00,50.3160582227961
2025-06-12 14:44:00,19.7
2025-06-12 15:38:00,46.1
2025-06-12 20:15:00,88.0
2025-06-12 23:30:00,95.9
2025-06-12 00:28:00,50.3160582227961
2025-06-12 11:09:00,70.1
2025-06-12 04:45:00,98.5
2025-06-12 05:30:00,19.9
2025-06-12 20:07:00,95.0
2025-06-12 10:01:00,50.3160582227961
2025-06-12 16:55:00,50.3160582227961
2025-06-12 05:25:00,90.6
2025-06-12 17:11:00,7.8
2025-06-12 06:44:00,34.2
2025-06-12 23:48:00,1.2
2025-06-12 04:15:00,50.3160582227961
2025-06-12 06:14:00,58.2
2025-06-12 14:43:00,46.9
2025-06-12 11:43:00,50.3160582227961
2025-06-12 21:26:00,96.4
2025-06-12 02:19:00,68.6
2025-06-12 08:02:00,89.0
2025-06-12 09:32:00,51.9
2025-06-12 05:21:00,18.5
2025-06-12 09:44:00,30.1
2025-06-12 20:39:00,98.6
2025-06-12 05:03:00,89.6
2025-06-12 22:14:00,16.2
2025-06-12 20:21:00,2.2
2025-06-12 19:05:00,96.1
2025-06-12 16:25:00,71.0
2025-06-12 02:42:00,92.1
2025-06-12 22:52:00,64.4
2025-06-12 03:53:00,7.1
2025-06-12 20:58:00,3.5
2025-06-12 21:48:00,32.4
2025-06-12 12:34:00,33.7
2025-06-12 19:25:00,3.9
2025-06-12 04:38:00,50.3160582227961
2025-06-12 17:09:00,7.9
2025-06-12 19:36:00,33.8
2025-06-12 13:48:00,26.4
2025-06-12 10:46:00,3.8
2025-06-12 13:58:00,45.7
2025-06-12 11:35:00,50.3160582227961
2025-06-12 05:50:00,41.6
2025-06-12 06:07:00,50.3160582227961
2025-06-12 10:02:00,77.4
2025-06-12 10:47:00,50.3160582227961
2025-06-12 01:01:00,98.2
2025-06-12 12:30:00,20.0
2025-06-12 04:42:00,20.0
2025-06-12 21:23:00,50.3160582227961
2025-06-12 23:32:00,6.8
2025-06-12 09:35:00,98.2
2025-06-12 10:51:00,53.5
2025-06-12 23:15:00,11.1
2025-06-12 01:06:00,88.1
2025-06-12 10:07:00,16.6
2025-06-12 01:59:00,88.5
2025-06-12 18:34:00,89.8
2025-06-12 14:51:00,94.6
2025-06-12 15:55:00,66.5
2025-06-12 03:47:00,25.4
2025-06-12 16:16:00,63.1
2025-06-12 09:56:00,63.8
2025-06-12 14:37:00,32.3
2025-06-12 18:13:00,50.3160582227961
2025-06-12 17:15:00,88.2
2025-06-12 03:31:00,39.9
2025-06-12 15:03:00,85.9
2025-06-12 20:27:00,93.6
2025-06-12 02:45:00,81.0
2025-06-12 20:13:00,18.5
2025-06-12 10:32:00,45.8
2025-06-12 12:24:00,47.1
2025-06-12 04:11:00,55.7
2025-06-12 06:45:00,39.7
2025-06-12 20:05:00,88.6
2025-06-12 21:06:00,50.3160582227961
2025-06-12 23:56:00,11.8
2025-06-12 08:31:00,46.2
2025-06-12 13:29:00,25.1
2025-06-12 19:07:00,93.0
2025-06-12 23:50:00,47.1
2025-06-12 08:13:00,71.6
2025-06-12 00:26:00,65.1
2025-06-12 06:13:00,96.8
2025-06-12 10:13:00,78.2
2025-06-12 01:27:00,27.9
2025-06-12 23:12:00,95.7
2025-06-12 02:28:00,3.0
2025-06-12 18:06:00,61.5
2025-06-12 14:46:00,8.7
2025-06-12 09:13:00,30.7
2025-06-12 05:40:00,74.8
2025-06-12 04:54:00,27.7
2025-06-12 20:48:00,37.1
2025-06-12 17:47:00,50.3
2025-06-12 12:08:00,73.4
2025-06-12 05:32:00,50.3160582227961
2025-06-12 11:21:00,62.7
2025-06-12 14:29:00,47.8
2025-06-12 00:12:00,78.8
2025-06-12 16:06:00,47.4
2025-06-12 08:22:00,39.7
2025-06-12 13:18:00,96.7
2025-06-12 03:09:00,52.4
2025-06-12 05:00:00,83.6
2025-06-12 17:44:00,70.1
2025-06-12 20:12:00,35.9
2025-06-12 04:00:00,28.0
2025-06-12 06:38:00,35.2
2025-06-12 07:15:00,5.6
2025-06-12 14:18:00,45.4
2025-06-12 08:28:00,83.2
2025-06-12 12:17:00,13.9
2025-06-12 05:20:00,50.3160582227961
2025-06-12 04:35:00,35.9
2025-06-12 23:40:00,52.6
2025-06-12 08:52:00,38.8
2025-06-12 23:16:00,80.9
2025-06-12 14:10:00,27.4
2025-06-12 08:17:00,1.0
2025-06-12 09:37:00,56.9
2025-06-12 03:45:00,93.7
2025-06-12 11:20:00,50.4
2025-06-12 12:29:00,18.0
2025-06-12 20:31:00,63.6
2025-06-12 05:39:00,91.6
2025-06-12 11:52:00,86.2
2025-06-12 20:11:00,50.3160582227961
2025-06-12 12:01:00,30.8
2025-06-12 01:21:00,82.3
2025-06-12 06:43:00,7.6
2025-06-12 03:46:00,86.8
2025-06-12 14:24:00,76.9
2025-06-12 03:11:00,49.3
2025-06-12 09:23:00,36.6
2025-06-12 02:48:00,78.9
2025-06-12 21:55:00,77.3
2025-06-12 14:58:00,26.4
2025-06-12 21:04:00,14.0
2025-06-12 21:12:00,32.7
2025-06-12 21:08:00,47.1
2025-06-12 12:23:00,87.6
2025-06-12 14:07:00,67.4
2025-06-12 05:48:00,51.6
2025-06-12 08:30:00,37.5
2025-06-12 20:25:00,86.7
2025-06-12 23:55:00,86.7
2025-06-12 14:08:00,33.4
2025-06-12 23:51:00,55.9
2025-06-12 04:55:00,56.3
2025-06-12 09:31:00,50.3160582227961
2025-06-12 03:08:00,64.5
2025-06-12 02:55:00,50.3160582227961
2025-06-12 15:56:00,88.5
2025-06-12 04:53:00,89.1
2025-06-12 10:03:00,40.1
2025-06-12 00:50:00,30.8
2025-06-12 18:11:00,36.4
2025-06-12 06:59:00,42.5
2025-06-12 15:50:00,27.1
2025-06-12 22:17:00,1.0
2025-06-12 12:52:00,74.5
2025-06-12 08:44:00,24.8
2025-06-12 09:10:00,99.6
2025-06-12 22:44:00,83.7
2025-06-12 14:03:00,72.5
2025-06-12 06:16:00,89.5
2025-06-12 16:27:00,35.7
2025-06-12 08:04:00,21.1
2025-06-12 17:13:00,78.2
2025-06-12 11:37:00,42.7
2025-06-12 09:53:00,92.3
2025-06-12 18:22:00,20.3
2025-06-12 05:45:00,16.9
2025-06-12 03:49:00,24.1
2025-06-12 18:26:00,35.0
2025-06-12 16:40:00,86.6
2025-06-12 04:00:00,19.1
2025-06-12 21:47:00,75.7
2025-06-12 06:00:00,33.4
2025-06-12 13:41:00,37.7
2025-06-12 18:57:00,23.1
2025-06-12 10:59:00,60.8
2025-06-12 09:11:00,82.2
2025-06-12 16:37:00,53.3
2025-06-12 10:44:00,50.04954009433962
2025-06-12 20:33:00,4.3
2025-06-12 14:43:00,87.4
2025-06-12 16:58:00,5.8
2025-06-12 22:16:00,97.1
2025-06-12 16:48:00,27.4
2025-06-12 16:26:00,21.3
2025-06-12 19:28:00,94.4
2025-06-12 22:59:00,27.4
2025-06-12 14:48:00,50.04954009433962
2025-06-12 03:55:00,11.9
2025-06-12 05:50:00,96.8
2025-06-12 05:15:00,75.6
2025-06-12 07:15:00,82.4
2025-06-12 03:34:00,36.3
2025-06-12 23:07:00,76.4
2025-06-12 22:57:00,30.2
2025-06-12 08:41:00,72.7
2025-06-12 09:52:00,76.6
2025-06-12 09:47:00,50.04954009433962
2025-06-12 02:03:00,94.3
2025-06-12 01:07:00,24.7
2025-06-12 23:05:00,94.6
2025-06-12 23:49:00,75.5
2025-06-12 07:43:00,4.4
2025-06-12 13:28:00,96.8
2025-06-12 01:57:00,50.04954009433962
2025-06-12 04:20:00,74.1
2025-06-12 10:01:00,69.7
2025-06-12 14:40:00,14.5
2025-06-12 13:50:00,5.1
2025-06-12 02:09:00,31.9
2025-06-12 15:41:00,15.4
2025-06-12 07:17:00,79.9
2025-06-12 18:11:00,33.9
2025-06-12 18:03:00,49.9
2025-06-12 06:13:00,60.5
2025-06-12 21:53:00,98.9
2025-06-12 18:04:00,42.1
2025-06-12 17:46:00,24.2
2025-06-12 15:55:00,50.04954009433962
2025-06-12 11:16:00,10.6
2025-06-12 02:22:00,61.5
2025-06-12 01:43:00,19.2
2025-06-12 15:38:00,50.04954009433962
2025-06-12 22:27:00,10.3
2025-06-12 17:48:00,66.7
2025-06-12 15:58:00,20.5
2025-06-12 08:07:00,58.6
2025-06-12 09:27:00,14.6
2025-06-12 07:18:00,47.1
2025-06-12 22:35:00,34.0
2025-06-12 14:51:00,79.6
2025-06-12 12:54:00,2.5
2025-06-12 05:30:00,15.8
2025-06-12 15:00:00,68.9
2025-06-12 08:24:00,50.04954009433962
2025-06-12 05:06:00,33.7
2025-06-12 02:42:00,67.1
2025-06-12 03:41:00,50.04954009433962
2025-06-12 03:52:00,38.9
2025-06-12 04:28:00,50.04954009433962
2025-06-12 16:45:00,89.1
2025-06-12 12:21:00,4.9
2025-06-12 05:59:00,97.3
2025-06-12 23:31:00,50.04954009433962
2025-06-12 20:52:00,78.0
2025-06-12 03:47:00,78.2
2025-06-12 04:13:00,90.9
2025-06-12 03:56:00,31.2
2025-06-12 13:43:00,40.6
2025-06-12 12:04:00,45.8
2025-06-12 23:55:00,91.2
2025-06-12 20:04:00,45.1
2025-06-12 07:34:00,92.5
2025-06-12 06:01:00,88.5
2025-06-12 12:03:00,50.04954009433962
2025-06-12 21:13:00,16.7
2025-06-12 01:55:00,22.6
2025-06-12 14:19:00,49.0
2025-06-12 05:55:00,54.0
2025-06-12 14:24:00,77.3
2025-06-12 14:31:00,80.7
2025-06-12 16:44:00,55.1
2025-06-12 04:10:00,50.04954009433962
2025-06-12 19:58:00,53.7
2025-06-12 10:09:00,61.7
2025-06-12 14:08:00,35.6
2025-06-12 22:08:00,55.7
2025-06-12 08:45:00,0.4
2025-06-12 00:46:00,50.6
2025-06-12 14:05:00,19.1
2025-06-12 07:31:00,96.9
2025-06-12 23:16:00,82.4
2025-06-12 22:12:00,66.5
2025-06-12 11:03:00,8.0
2025-06-12 05:03:00,98.1
2025-06-12 13:11:00,90.1
2025-06-12 23:20:00,58.1
2025-06-12 00:37:00,9.7
2025-06-12 06:11:00,1.9
2025-06-12 07:14:00,53.5
2025-06-12 01:34:00,94.6
2025-06-12 02:46:00,18.7
2025-06-12 02:36:00,50.04954009433962
2025-06-12 01:46:00,98.5
2025-06-12 10:25:00,50.04954009433962
2025-06-12 04:37:00,36.0
2025-06-12 00:43:00,42.3
2025-06-12 02:14:00,12.5
2025-06-12 00:02:00,29.4
2025-06-12 08:09:00,50.04954009433962
2025-06-12 17:52:00,78.9
2025-06-12 07:56:00,94.3
2025-06-12 00:24:00,86.3
2025-06-12 05:28:00,50.04954009433962
2025-06-12 03:33:00,32.5
2025-06-12 06:04:00,50.04954009433962
2025-06-12 01:20:00,50.04954009433962
2025-06-12 19:55:00,91.7
2025-06-12 13:34:00,38.9
2025-06-12 20:20:00,31.9
2025-06-12 05:17:00,58.6
2025-06-12 05:23:00,35.6
2025-06-12 09:30:00,86.7
2025-06-12 16:06:00,1.8
2025-06-12 19:49:00,96.6
2025-06-12 10:23:00,32.5
2025-06-12 11:26:00,77.2
2025-06-12 08:36:00,80.8
2025-06-12 00:31:00,34.6
2025-06-12 23:12:00,47.3
2025-06-12 21:12:00,21.7
2025-06-12 12:53:00,31.7
2025-06-12 08:29:00,24.5
2025-06-12 17:09:00,2.2
2025-06-12 19:21:00,87.5
2025-06-12 01:32:00,19.5
2025-06-12 10:47:00,52.5
2025-06-12 02:38:00,72.3
2025-06-12 23:30:00,9.4
2025-06-12 03:08:00,40.9
2025-06-12 11:06:00,89.6
2025-06-12 16:39:00,34.1
2025-06-12 09:06:00,67.4
2025-06-12 21:50:00,98.2
2025-06-12 03:45:00,60.7
2025-06-12 18:20:00,75.4
2025-06-12 00:41:00,42.8
2025-06-12 07:03:00,56.5
2025-06-12 18:17:00,54.1
2025-06-12 15:40:00,44.0
2025-06-12 06:45:00,46.7
2025-06-12 17:59:00,96.2
2025-06-12 01:25:00,97.2
2025-06-12 08:00:00,17.9
2025-06-12 22:51:00,50.04954009433962
2025-06-12 09:40:00,9.7
2025-06-12 21:10:00,97.1
2025-06-12 20:41:00,60.7
2025-06-12 15:11:00,6.4
2025-06-12 22:30:00,58.8
2025-06-12 13:09:00,82.5
2025-06-12 21:44:00,59.0
2025-06-12 04:52:00,70.9
2025-06-12 00:48:00,25.1
2025-06-12 13:29:00,65.3
2025-06-12 09:16:00,82.7
2025-06-12 12:16:00,21.9
2025-06-12 20:36:00,50.04954009433962
2025-06-12 06:39:00,69.4
2025-06-12 07:48:00,6.6
2025-06-12 15:36:00,91.8
2025-06-12 20:24:00,97.5
2025-06-12 20:18:00,56.4
2025-06-12 04:56:00,80.2
2025-06-12 07:10:00,50.04954009433962
2025-06-12 23:19:00,25.1
2025-06-12 09:58:00,68.1
2025-06-12 07:33:00,36.1
2025-06-12 02:40:00,0.1
2025-06-12 21:42:00,50.04954009433962
2025-06-12 03:48:00,48.5
2025-06-12 10:45:00,32.0
2025-06-12 16:01:00,76.3
2025-06-12 10:15:00,26.1
2025-06-12 11:42:00,98.9
2025-06-12 04:39:00,44.8
2025-06-12 14:03:00,35.9
2025-06-12 11:34:00,15.6
2025-06-12 15:49:00,20.7
2025-06-12 23:22:00,50.04954009433962
2025-06-12 19:54:00,50.04954009433962
2025-06-12 08:02:00,64.4
2025-06-12 08:04:00,34.9
2025-06-12 05:20:00,86.0
2025-06-12 09:07:00,19.5
2025-06-12 06:17:00,33.9
2025-06-12 00:15:00,57.7
2025-06-12 12:20:00,85.6
2025-06-12 00:14:00,50.04954009433962
2025-06-12 21:19:00,58.4
2025-06-12 17:45:00,50.04954009433962
2025-06-12 21:48:00,31.0
2025-06-12 06:55:00,59.8
2025-06-12 06:51:00,57.6
2025-06-12 12:49:00,9.8
2025-06-12 07:02:00,65.7
2025-06-12 21:06:00,50.04954009433962
2025-06-12 07:26:00,7.1
2025-06-12 14:37:00,42.6
2025-06-12 09:02:00,84.9
2025-06-12 18:45:00,41.3
2025-06-12 11:54:00,36.1
2025-06-12 10:20:00,77.8
2025-06-12 07:59:00,20.1
2025-06-12 14:42:00,76.4
2025-06-12 07:06:00,34.4
2025-06-12 02:53:00,30.8
2025-06-12 15:07:00,97.5
2025-06-12 03:25:00,41.4
2025-06-12 09:29:00,83.0
2025-06-12 14:36:00,59.0
2025-06-12 20:09:00,46.4
2025-06-12 22:47:00,18.5
2025-06-12 10:13:00,85.3
2025-06-12 00:53:00,74.8
2025-06-12 18:59:00,42.8
2025-06-12 23:44:00,50.04954009433962
2025-06-12 14:27:00,34.9
2025-06-12 15:24:00,61.7
2025-06-12 15:47:00,50.04954009433962
2025-06-12 16:15:00,61.9
2025-06-12 07:27:00,50.04954009433962
2025-06-12 06:18:00,5.2
2025-06-12 19:41:00,2.4
2025-06-12 07:20:00,30.6
2025-06-12 09:28:00,26.9
2025-06-12 05:47:00,50.04954009433962
2025-06-12 14:23:00,21.3
2025-06-12 06:05:00,32.6
2025-06-12 19:57:00,51.6
2025-06-12 21:51:00,50.04954009433962
2025-06-12 09:05:00,11.0
2025-06-12 08:50:00,50.04954009433962
2025-06-12 02:12:00,39.7
2025-06-12 20:58:00,27.4
2025-06-12 19:39:00,26.6
2025-06-12 15:14:00,50.04954009433962
2025-06-12 10:02:00,31.8
2025-06-12 20:16:00,77.4
2025-06-12 21:29:00,47.8
2025-06-12 21:37:00,2.1
2025-06-12 19:51:00,8.2
2025-06-12 18:29:00,50.04954009433962
2025-06-12 14:30:00,67.7
2025-06-12 03:09:00,20.1
2025-06-12 20:34:00,16.2
2025-06-12 13:42:00,50.04954009433962
2025-06-12 04:22:00,60.6
2025-06-12 03:37:00,54.5
2025-06-12 20:43:00,0.6
2025-06-12 23:42:00,77.6
2025-06-12 19:29:00,50.04954009433962
2025-06-12 00:00:00,26.5
2025-06-12 17:40:00,31.6
2025-06-12 13:35:00,88.8
2025-06-12 08:42:00,55.6
2025-06-12 16:17:00,73.7
2025-06-12 02:28:00,35.8
2025-06-12 15:53:00,25.5
2025-06-12 00:52:00,23.6
2025-06-12 21:28:00,50.04954009433962
2025-06-12 00:21:00,48.8
2025-06-12 18:15:00,77.7
2025-06-12 08:59:00,78.4
2025-06-12 20:11:00,92.2
2025-06-12 22:15:00,26.9
2025-06-12 01:26:00,85.2
2025-06-12 02:43:00,61.3
2025-06-12 19:52:00,6.6
2025-06-12 20:14:00,1.5
2025-06-12 18:40:00,76.0
2025-06-12 01:44:00,7.7
2025-06-12 09:13:00,50.04954009433962
2025-06-12 02:08:00,27.8
2025-06-12 09:48:00,27.2
2025-06-12 19:43:00,50.04954009433962
2025-06-12 14:17:00,36.2
2025-06-12 04:17:00,4.4
2025-06-12 16:03:00,77.4
2025-06-12 01:18:00,50.06682414078186
2025-06-12 10:44:00,93.5
2025-06-12 10:01:00,20.7
2025-06-12 03:10:00,90.9
2025-06-12 06:40:00,46.4
2025-06-12 21:08:00,68.0
2025-06-12 03:50:00,9.8
2025-06-12 11:39:00,41.7
2025-06-12 02:01:00,50.06682414078186
2025-06-12 07:32:00,72.5
2025-06-12 21:02:00,82.0
2025-06-12 21:29:00,29.5
2025-06-12 07:59:00,61.1
2025-06-12 13:14:00,95.4
2025-06-12 00:30:00,91.8
2025-06-12 15:36:00,50.06682414078186
2025-06-12 02:49:00,50.06682414078186
2025-06-12 02:15:00,12.3
2025-06-12 05:33:00,62.3
2025-06-12 08:36:00,13.4
2025-06-12 19:30:00,22.7
2025-06-12 08:10:00,79.4
2025-06-12 19:32:00,36.6
2025-06-12 22:28:00,66.8
2025-06-12 12:37:00,25.1
2025-06-12 05:14:00,3.4
2025-06-12 14:45:00,50.06682414078186
2025-06-12 11:33:00,87.2
2025-06-12 15:31:00,76.2
2025-06-12 18:02:00,80.2
2025-06-12 04:15:00,35.9
2025-06-12 20:12:00,50.06682414078186
2025-06-12 00:00:00,15.8
2025-06-12 20:37:00,12.0
2025-06-12 04:34:00,94.6
2025-06-12 07:08:00,70.5
2025-06-12 05:51:00,33.0
2025-06-12 08:04:00,80.7
2025-06-12 11:31:00,10.2
2025-06-12 05:53:00,84.7
2025-06-12 07:25:00,40.0
2025-06-12 21:43:00,89.6
2025-06-12 16:00:00,51.9
2025-06-12 01:27:00,64.0
2025-06-12 22:31:00,16.2
2025-06-12 13:15:00,25.7
2025-06-12 14:25:00,82.4
2025-06-12 22:41:00,50.06682414078186
2025-06-12 03:08:00,40.0
2025-06-12 11:34:00,22.4
2025-06-12 06:35:00,62.9
2025-06-12 00:47:00,50.6
2025-06-12 19:58:00,92.1
2025-06-12 14:28:00,68.6
2025-06-12 13:42:00,52.8
2025-06-12 07:15:00,7.5
2025-06-12 19:24:00,82.0
2025-06-12 04:14:00,7.3
2025-06-12 20:08:00,19.9
2025-06-12 19:14:00,48.1
2025-06-12 18:52:00,15.6
2025-06-12 02:14:00,95.6
2025-06-12 15:55:00,92.8
2025-06-12 16:39:00,50.06682414078186
2025-06-12 00:01:00,50.06682414078186
2025-06-12 01:06:00,52.7
2025-06-12 03:54:00,38.2
2025-06-12 16:28:00,50.06682414078186
2025-06-12 17:02:00,90.1
2025-06-12 01:51:00,75.5
2025-06-12 13:17:00,39.3
2025-06-12 10:47:00,50.06682414078186
2025-06-12 00:36:00,50.06682414078186
2025-06-12 12:22:00,69.8
2025-06-12 02:58:00,70.2
2025-06-12 01:31:00,19.9
2025-06-12 00:04:00,52.2
2025-06-12 21:07:00,27.8
2025-06-12 09:43:00,79.1
2025-06-12 22:26:00,71.5
2025-06-12 14:09:00,4.0
2025-06-12 20:35:00,41.4
2025-06-12 20:26:00,50.06682414078186
2025-06-12 06:45:00,7.2
2025-06-12 05:36:00,18.6
2025-06-12 20:54:00,64.1
2025-06-12 18:55:00,50.2
2025-06-12 00:39:00,15.0
2025-06-12 04:09:00,89.9
2025-06-12 13:56:00,69.5
2025-06-12 13:58:00,95.0
2025-06-12 05:42:00,1.2
2025-06-12 13:53:00,46.3
2025-06-12 16:16:00,50.06682414078186
2025-06-12 15:16:00,97.5
2025-06-12 09:38:00,70.5
2025-06-12 10:13:00,10.7
2025-06-12 15:04:00,22.3
2025-06-12 14:17:00,97.4
2025-06-12 08:09:00,70.9
2025-06-12 09:32:00,50.06682414078186
2025-06-12 13:26:00,98.9
2025-06-12 12:50:00,9.8
2025-06-12 04:10:00,22.4
2025-06-12 06:26:00,26.7
2025-06-12 13:32:00,77.9
2025-06-12 00:38:00,1.9
2025-06-12 06:18:00,50.06682414078186
2025-06-12 11:30:00,14.1
2025-06-12 19:35:00,47.7
2025-06-12 08:27:00,87.0
2025-06-12 23:30:00,12.9
2025-06-12 07:13:00,7.0
2025-06-12 19:17:00,12.1
2025-06-12 03:58:00,64.3
2025-06-12 06:41:00,50.06682414078186
2025-06-12 10:19:00,74.1
2025-06-12 19:47:00,43.5
2025-06-12 11:36:00,47.9
2025-06-12 14:47:00,92.5
2025-06-12 11:56:00,80.3
2025-06-12 10:36:00,67.8
2025-06-12 06:33:00,99.1
2025-06-12 16:25:00,10.9
2025-06-12 09:57:00,40.2
2025-06-12 08:20:00,99.3
2025-06-12 01:05:00,19.1
2025-06-12 06:15:00,24.9
2025-06-12 16:57:00,31.4
2025-06-12 20:39:00,57.7
2025-06-12 14:44:00,84.5
2025-06-12 07:34:00,50.06682414078186
2025-06-12 02:33:00,76.8
2025-06-12 06:47:00,80.4
2025-06-12 23:49:00,57.5
2025-06-12 22:57:00,50.06682414078186
2025-06-12 22:46:00,39.8
2025-06-12 07:01:00,35.1
2025-06-12 00:24:00,17.8
2025-06-12 12:29:00,63.7
2025-06-12 03:03:00,46.6
2025-06-12 06:29:00,47.9
2025-06-12 10:16:00,22.9
2025-06-12 11:53:00,30.7
2025-06-12 17:03:00,29.8
2025-06-12 06:25:00,88.6
2025-06-12 16:10:00,21.2
2025-06-12 22:55:00,2.5
2025-06-12 07:14:00,43.3
2025-06-12 18:04:00,50.06682414078186
2025-06-12 00:31:00,50.06682414078186
2025-06-12 06:32:00,96.3
2025-06-12 00:49:00,50.3
2025-06-12 15:59:00,50.06682414078186
2025-06-12 22:06:00,10.5
2025-06-12 13:50:00,30.9
2025-06-12 04:44:00,6.4
2025-06-12 05:31:00,87.1
2025-06-12 08:58:00,9.9
2025-06-12 03:36:00,70.9
2025-06-12 10:42:00,19.6
2025-06-12 17:39:00,96.0
2025-06-12 02:56:00,89.2
2025-06-12 02:10:00,92.6
2025-06-12 17:58:00,14.1
2025-06-12 19:12:00,35.1
2025-06-12 03:38:00,60.8
2025-06-12 08:07:00,52.7
2025-06-12 13:31:00,78.4
2025-06-12 01:12:00,50.06682414078186
2025-06-12 05:46:00,50.06682414078186
2025-06-12 19:41:00,88.2
2025-06-12 02:40:00,64.7
2025-06-12 01:36:00,30.1
2025-06-12 12:00:00,80.3
2025-06-12 15:44:00,38.8
2025-06-12 03:42:00,28.7
2025-06-12 16:32:00,54.9
2025-06-12 01:46:00,79.1
2025-06-12 18:22:00,5.3
2025-06-12 13:30:00,50.06682414078186
2025-06-12 00:35:00,9.2
2025-06-12 00:08:00,64.2
2025-06-12 18:14:00,87.3
2025-06-12 01:24:00,39.0
2025-06-12 21:56:00,21.4
2025-06-12 16:59:00,5.0
2025-06-12 20:15:00,6.0
2025-06-12 03:45:00,86.8
2025-06-12 05:32:00,82.9
2025-06-12 11:14:00,27.1
2025-06-12 07:18:00,72.1
2025-06-12 18:46:00,41.7
2025-06-12 23:03:00,47.5
2025-06-12 22:18:00,11.9
2025-06-12 12:18:00,50.0
2025-06-12 13:24:00,48.6
2025-06-12 10:39:00,32.4
2025-06-12 06:17:00,71.4
2025-06-12 18:12:00,60.5
2025-06-12 05:10:00,41.8
2025-06-12 00:16:00,4.4
2025-06-12 21:11:00,79.9
2025-06-12 06:08:00,38.7
2025-06-12 00:23:00,93.2
2025-06-12 22:37:00,5.3
2025-06-12 13:29:00,98.2
2025-06-12 15:09:00,92.0
2025-06-12 07:56:00,93.2
2025-06-12 17:45:00,52.9
2025-06-12 10:34:00,65.7
2025-06-12 08:45:00,68.9
2025-06-12 20:44:00,14.3
2025-06-12 16:54:00,50.06682414078186
2025-06-12 22:47:00,31.8
2025-06-12 09:46:00,50.06682414078186
2025-06-12 04:38:00,84.9
2025-06-12 11:06:00,71.0
2025-06-12 12:32:00,50.06682414078186
2025-06-12 16:42:00,78.7
2025-06-12 02:37:00,8.1
2025-06-12 03:21:00,50.06682414078186
2025-06-12 01:13:00,58.0
2025-06-12 03:18:00,41.1
2025-06-12 03:29:00,50.06682414078186
2025-06-12 16:45:00,30.3
2025-06-12 00:55:00,29.8
2025-06-12 02:17:00,47.9
2025-06-12 15:30:00,41.1
2025-06-12 15:22:00,50.06682414078186
2025-06-12 03:26:00,98.4
2025-06-12 23:29:00,64.6
2025-06-12 19:59:00,50.06682414078186
2025-06-12 09:20:00,77.4
2025-06-12 11:41:00,50.06682414078186
2025-06-12 21:57:00,71.5
2025-06-12 17:17:00,71.9
2025-06-12 07:06:00,28.9
2025-06-12 06:20:00,59.4
2025-06-12 14:37:00,50.06682414078186
2025-06-12 08:13:00,21.4
2025-06-12 23:27:00,52.3
2025-06-12 04:47:00,55.9
2025-06-12 00:59:00,92.5
2025-06-12 22:54:00,13.8
2025-06-12 12:35:00,98.9
2025-06-12 21:05:00,50.06682414078186
2025-06-12 03:02:00,11.7
2025-06-12 18:27:00,40.1
2025-06-12 18:33:00,56.6
2025-06-12 14:18:00,50.06682414078186
2025-06-12 08:47:00,42.7
2025-06-12 06:51:00,17.1
2025-06-12 15:40:00,81.0
2025-06-12 12:48:00,40.2
2025-06-12 00:46:00,21.1
2025-06-12 04:41:00,90.1
2025-06-12 04:48:00,78.9
2025-06-12 03:04:00,60.0
2025-06-12 20:01:00,54.6
2025-06-12 22:05:00,43.9
2025-06-12 05:04:00,4.4
2025-06-12 02:02:00,42.9
2025-06-12 11:35:00,51.6
2025-06-12 08:21:00,32.3
2025-06-12 04:13:00,81.7
2025-06-12 23:41:00,14.0
2025-06-12 18:56:00,72.1
2025-06-12 08:11:00,13.5
2025-06-12 15:54:00,64.7
2025-06-12 14:14:00,52.8
2025-06-12 18:40:00,90.8
2025-06-12 21:40:00,76.2
2025-06-12 07:40:00,27.3
2025-06-12 09:25:00,99.6
2025-06-12 00:43:00,95.1
2025-06-12 19:52:00,50.06682414078186
2025-06-12 23:42:00,26.8
2025-06-12 20:20:00,20.0
2025-06-12 09:58:00,4.2
2025-06-12 10:43:00,63.8
2025-06-12 03:52:00,55.9
2025-06-12 11:02:00,53.7
2025-06-12 00:41:00,40.7
2025-06-12 01:17:00,49.6
2025-06-12 06:43:00,30.2
2025-06-12 09:26:00,1.7
2025-06-12 16:19:00,50.06682414078186
2025-06-12 18:54:00,17.8
2025-06-12 06:31:00,92.7
2025-06-12 21:54:00,85.2
2025-06-12 04:04:00,54.2
2025-06-12 07:50:00,23.4
2025-06-12 14:53:00,16.9
2025-06-12 20:30:00,69.2
2025-06-12 03:20:00,49.378098152289034
2025-06-12 15:04:00,39.7
2025-06-12 18:04:00,94.1
2025-06-12 20:58:00,39.6
2025-06-12 12:59:00,45.6
2025-06-12 06:58:00,49.378098152289034
2025-06-12 02:53:00,37.0
2025-06-12 04:42:00,49.378098152289034
2025-06-12 14:16:00,35.5
2025-06-12 10:29:00,49.378098152289034
2025-06-12 01:10:00,41.1
2025-06-12 20:37:00,31.6
2025-06-12 06:11:00,4.2
2025-06-12 21:32:00,39.7
2025-06-12 03:28:00,49.378098152289034
2025-06-12 15:14:00,49.378098152289034
2025-06-12 19:29:00,88.0
2025-06-12 02:59:00,4.3
2025-06-12 15:09:00,49.378098152289034
2025-06-12 20:12:00,81.5
2025-06-12 08:58:00,74.0
2025-06-12 23:24:00,36.6
2025-06-12 23:16:00,49.378098152289034
2025-06-12 20:06:00,46.4
2025-06-12 19:22:00,7.9
2025-06-12 17:20:00,83.8
2025-06-12 05:24:00,38.0
2025-06-12 08:16:00,82.7
2025-06-12 15:18:00,7.0
2025-06-12 09:23:00,21.9
2025-06-12 03:01:00,17.2
2025-06-12 19:00:00,49.378098152289034
2025-06-12 06:27:00,98.9
2025-06-12 17:30:00,49.378098152289034
2025-06-12 05:08:00,76.9
2025-06-12 18:13:00,75.0
2025-06-12 04:11:00,49.378098152289034
2025-06-12 11:29:00,18.1
2025-06-12 15:47:00,49.378098152289034
2025-06-12 22:21:00,49.378098152289034
2025-06-12 21:19:00,13.5
2025-06-12 18:54:00,49.378098152289034
2025-06-12 06:19:00,49.378098152289034
2025-06-12 20:29:00,41.3
2025-06-12 03:29:00,53.3
2025-06-12 17:45:00,15.7
2025-06-12 15:22:00,47.6
2025-06-12 03:40:00,23.7
2025-06-12 05:52:00,91.0
2025-06-12 23:52:00,49.378098152289034
2025-06-12 22:16:00,48.7
2025-06-12 08:44:00,74.6
2025-06-12 08:09:00,42.4
2025-06-12 13:03:00,49.378098152289034
2025-06-12 18:23:00,83.3
2025-06-12 22:22:00,49.378098152289034
2025-06-12 20:55:00,49.378098152289034
2025-06-12 18:05:00,18.0
2025-06-12 03:39:00,3.7
2025-06-12 04:15:00,95.9
2025-06-12 08:54:00,43.2
2025-06-12 09:48:00,64.9
2025-06-12 11:35:00,52.2
2025-06-12 07:35:00,79.2
2025-06-12 03:32:00,2.7
2025-06-12 09:18:00,49.378098152289034
2025-06-12 18:40:00,49.378098152289034
2025-06-12 17:03:00,49.378098152289034
2025-06-12 07:36:00,7.4
2025-06-12 04:03:00,81.7
2025-06-12 22:47:00,49.378098152289034
2025-06-12 21:15:00,49.378098152289034
2025-06-12 09:28:00,67.3
2025-06-12 21:24:00,95.8
2025-06-12 00:08:00,62.2
2025-06-12 12:41:00,56.5
2025-06-12 18:59:00,43.8
2025-06-12 01:46:00,62.6
2025-06-12 08:11:00,53.4
2025-06-12 11:26:00,55.8
2025-06-12 10:33:00,33.6
2025-06-12 14:06:00,62.3
2025-06-12 15:31:00,1.1
2025-06-12 14:40:00,45.3
2025-06-12 07:31:00,75.4
2025-06-12 00:20:00,97.3
2025-06-12 03:46:00,85.3
2025-06-12 21:58:00,49.378098152289034
2025-06-12 23:34:00,84.5
2025-06-12 05:15:00,49.378098152289034
2025-06-12 13:53:00,49.378098152289034
2025-06-12 08:51:00,57.7
2025-06-12 04:18:00,49.378098152289034
2025-06-12 16:56:00,49.378098152289034
2025-06-12 21:06:00,68.3
2025-06-12 11:02:00,83.3
2025-06-12 17:59:00,36.4
2025-06-12 23:04:00,8.9
2025-06-12 06:04:00,65.7
2025-06-12 13:49:00,49.378098152289034
2025-06-12 21:09:00,21.1
2025-06-12 21:26:00,62.3
2025-06-12 06:01:00,49.378098152289034
2025-06-12 08:04:00,52.0
2025-06-12 08:36:00,83.4
2025-06-12 05:22:00,22.1
2025-06-12 07:40:00,49.378098152289034
2025-06-12 14:17:00,99.9
2025-06-12 09:59:00,61.9
2025-06-12 03:13:00,38.2
2025-06-12 09:31:00,9.3
2025-06-12 00:24:00,82.5
2025-06-12 04:02:00,75.8
2025-06-12 13:56:00,81.9
2025-06-12 14:13:00,30.7
2025-06-12 19:19:00,17.1
2025-06-12 16:28:00,51.4
2025-06-12 08:34:00,78.3
2025-06-12 22:05:00,26.7
2025-06-12 20:08:00,59.8
2025-06-12 14:27:00,75.4
2025-06-12 09:51:00,43.6
2025-06-12 14:52:00,71.3
2025-06-12 20:03:00,49.378098152289034
2025-06-12 23:30:00,71.1
2025-06-12 13:14:00,54.8
2025-06-12 00:22:00,23.9
2025-06-12 20:53:00,41.2
2025-06-12 10:43:00,49.378098152289034
2025-06-12 22:46:00,18.5
2025-06-12 15:56:00,49.378098152289034
2025-06-12 05:09:00,56.6
2025-06-12 11:36:00,22.3
2025-06-12 23:36:00,37.5
2025-06-12 18:33:00,65.2
2025-06-12 18:35:00,49.378098152289034
2025-06-12 22:52:00,90.3
2025-06-12 16:58:00,79.3
2025-06-12 23:27:00,5.1
2025-06-12 14:26:00,68.3
2025-06-12 14:43:00,71.9
2025-06-12 02:49:00,60.0
2025-06-12 00:48:00,83.5
2025-06-12 23:22:00,48.0
2025-06-12 06:21:00,93.8
2025-06-12 10:57:00,45.0
2025-06-12 00:57:00,93.3
2025-06-12 16:21:00,29.0
2025-06-12 11:05:00,41.5
2025-06-12 10:22:00,38.4
2025-06-12 03:30:00,76.6
2025-06-12 15:25:00,74.8
2025-06-12 16:55:00,63.8
2025-06-12 11:24:00,45.2
2025-06-12 07:59:00,49.378098152289034
2025-06-12 15:16:00,55.1
2025-06-12 17:56:00,38.2
2025-06-12 14:45:00,82.5
2025-06-12 16:49:00,49.378098152289034
2025-06-12 08:33:00,58.4
2025-06-12 05:34:00,37.9
2025-06-12 04:50:00,53.2
2025-06-12 15:37:00,49.378098152289034
2025-06-12 09:08:00,94.7
2025-06-12 12:06:00,22.3
2025-06-12 05:58:00,23.5
2025-06-12 09:11:00,16.2
2025-06-12 11:34:00,28.6
2025-06-12 04:47:00,43.4
2025-06-12 06:39:00,15.1
2025-06-12 01:14:00,21.9
2025-06-12 03:21:00,33.4
2025-06-12 03:05:00,16.3
2025-06-12 02:18:00,49.8
2025-06-12 10:31:00,79.5
2025-06-12 14:44:00,59.9
2025-06-12 21:35:00,49.378098152289034
2025-06-12 21:29:00,87.3
2025-06-12 21:21:00,46.8
2025-06-12 19:37:00,22.6
2025-06-12 20:34:00,0.8
2025-06-12 07:47:00,37.3
2025-06-12 02:56:00,18.6
2025-06-12 05:43:00,60.7
2025-06-12 13:13:00,49.378098152289034
2025-06-12 16:59:00,89.9
2025-06-12 01:30:00,49.378098152289034
2025-06-12 14:49:00,6.3
2025-06-12 15:07:00,19.0
2025-06-12 11:22:00,49.378098152289034
2025-06-12 02:29:00,49.378098152289034
2025-06-12 02:00:00,26.6
2025-06-12 19:10:00,0.0
2025-06-12 21:03:00,49.378098152289034
2025-06-12 23:21:00,3.2
2025-06-12 07:55:00,39.3
2025-06-12 07:11:00,22.8
2025-06-12 05:48:00,49.378098152289034
2025-06-12 11:41:00,73.7
2025-06-12 12:27:00,19.5
2025-06-12 01:48:00,29.3
2025-06-12 12:35:00,85.5
2025-06-12 10:03:00,57.7
2025-06-12 04:19:00,48.2
2025-06-12 21:23:00,64.1
2025-06-12 07:43:00,32.9
2025-06-12 00:19:00,29.3
2025-06-12 13:34:00,76.6
2025-06-12 11:11:00,23.9
2025-06-12 06:05:00,63.4
2025-06-12 18:30:00,31.4
2025-06-12 17:23:00,93.2
2025-06-12 03:02:00,54.8
2025-06-12 22:42:00,1.3
2025-06-12 21:07:00,30.8
2025-06-12 01:15:00,40.2
2025-06-12 23:05:00,55.5
2025-06-12 22:32:00,94.6
2025-06-12 17:50:00,23.7
2025-06-12 16:09:00,29.7
2025-06-12 21:08:00,58.3
2025-06-12 02:24:00,55.0
2025-06-12 08:00:00,6.1
2025-06-12 22:08:00,2.4
2025-06-12 23:46:00,12.3
2025-06-12 12:57:00,22.4
2025-06-12 03:11:00,13.9
2025-06-12 16:38:00,49.378098152289034
2025-06-12 00:11:00,88.2
2025-06-12 00:00:00,58.2
2025-06-12 15:30:00,18.2
2025-06-12 02:05:00,66.9
2025-06-12 23:07:00,94.2
2025-06-12 19:11:00,51.0
2025-06-12 01:11:00,2.4
2025-06-12 11:07:00,83.1
2025-06-12 18:27:00,55.2
2025-06-12 00:40:00,46.5
2025-06-12 00:10:00,29.5
2025-06-12 11:47:00,4.8
2025-06-12 01:17:00,49.378098152289034
2025-06-12 04:13:00,68.7
2025-06-12 03:08:00,71.7
2025-06-12 12:17:00,95.7
2025-06-12 16:05:00,34.8
2025-06-12 02:34:00,63.7
2025-06-12 00:02:00,96.2
2025-06-12 01:59:00,49.378098152289034
2025-06-12 06:28:00,7.0
2025-06-12 15:29:00,73.8
2025-06-12 14:28:00,75.0
2025-06-12 11:16:00,93.6
2025-06-12 16:42:00,31.0
2025-06-12 02:31:00,83.3
2025-06-12 07:18:00,68.0
2025-06-12 09:30:00,10.5
2025-06-12 06:08:00,49.378098152289034
2025-06-12 20:28:00,91.7
2025-06-12 05:17:00,21.6
2025-06-12 03:59:00,32.7
2025-06-12 22:10:00,24.0
2025-06-12 14:15:00,16.4
2025-06-12 23:58:00,28.6
2025-06-12 14:24:00,1.9
2025-06-12 01:09:00,11.9
2025-06-12 11:15:00,49.378098152289034
2025-06-12 08:50:00,24.1
2025-06-12 13:51:00,75.9
2025-06-12 09:12:00,88.1
2025-06-12 21:28:00,35.8
2025-06-12 19:30:00,86.2
2025-06-12 09:09:00,40.9
2025-06-12 01:56:00,87.4
2025-06-12 13:25:00,11.2
2025-06-12 19:59:00,49.378098152289034
2025-06-12 20:42:00,45.5
2025-06-12 11:21:00,13.1
2025-06-12 08:10:00,49.378098152289034
2025-06-12 09:19:00,49.378098152289034
2025-06-12 19:44:00,71.3
2025-06-12 17:01:00,49.378098152289034
2025-06-12 09:03:00,51.7
2025-06-12 04:28:00,9.6
2025-06-12 21:22:00,99.5
2025-06-12 14:14:00,96.8
2025-06-12 17:24:00,60.2
2025-06-12 07:33:00,23.0
2025-06-12 03:57:00,98.3
2025-06-12 12:53:00,49.378098152289034
2025-06-12 00:38:00,99.3
2025-06-12 16:14:00,49.378098152289034
2025-06-12 18:34:00,75.7
2025-06-12 02:16:00,17.6
2025-06-12 11:43:00,31.0
2025-06-12 20:30:00,57.6
2025-06-12 22:48:00,1.8
2025-06-12 19:23:00,47.1
2025-06-12 15:57:00,49.378098152289034
2025-06-12 16:06:00,16.4
2025-06-12 02:03:00,69.0
2025-06-12 06:25:00,88.7
2025-06-12 07:42:00,84.7
2025-06-12 05:23:00,11.3
2025-06-12 07:20:00,15.2
2025-06-12 10:27:00,9.8
2025-06-12 15:38:00,95.9
2025-06-12 11:56:00,98.8
2025-06-12 08:00:00,49.86672560113154
2025-06-12 08:51:00,37.7
2025-06-12 01:31:00,11.9
2025-06-12 16:07:00,9.5
2025-06-12 17:33:00,95.0
2025-06-12 23:37:00,25.5
2025-06-12 17:46:00,6.6
2025-06-12 22:54:00,69.0
2025-06-12 19:03:00,35.5
2025-06-12 23:39:00,97.0
2025-06-12 00:31:00,49.86672560113154
2025-06-12 00:30:00,57.9
2025-06-12 05:21:00,37.0
2025-06-12 06:25:00,99.7
2025-06-12 23:59:00,83.1
2025-06-12 11:39:00,49.86672560113154
2025-06-12 07:56:00,17.2
2025-06-12 20:19:00,61.5
2025-06-12 16:58:00,11.5
2025-06-12 14:52:00,69.8
2025-06-12 01:23:00,49.86672560113154
2025-06-12 09:51:00,35.6
2025-06-12 13:31:00,49.86672560113154
2025-06-12 17:13:00,79.3
2025-06-12 08:07:00,90.2
2025-06-12 04:21:00,26.4
2025-06-12 07:18:00,22.6
2025-06-12 16:35:00,95.3
2025-06-12 01:46:00,97.3
2025-06-12 12:51:00,49.86672560113154
2025-06-12 23:12:00,49.86672560113154
2025-06-12 07:11:00,2.8
2025-06-12 08:59:00,53.6
2025-06-12 19:07:00,26.9
2025-06-12 07:22:00,35.7
2025-06-12 02:15:00,60.1
2025-06-12 04:52:00,17.3
2025-06-12 14:16:00,49.86672560113154
2025-06-12 08:57:00,71.5
2025-06-12 06:27:00,15.4
2025-06-12 18:23:00,82.0
2025-06-12 05:05:00,7.0
2025-06-12 22:44:00,31.4
2025-06-12 17:05:00,61.5
2025-06-12 23:26:00,90.5
2025-06-12 13:01:00,88.8
2025-06-12 12:07:00,77.9
2025-06-12 09:23:00,49.86672560113154
2025-06-12 22:35:00,95.9
2025-06-12 18:36:00,49.86672560113154
2025-06-12 16:44:00,67.3
2025-06-12 18:17:00,49.86672560113154
2025-06-12 14:35:00,3.5
2025-06-12 04:45:00,45.8
2025-06-12 01:58:00,56.5
2025-06-12 06:48:00,49.86672560113154
2025-06-12 20:59:00,15.5
2025-06-12 03:28:00,84.7
2025-06-12 20:02:00,49.86672560113154
2025-06-12 12:32:00,53.5
2025-06-12 11:28:00,49.86672560113154
2025-06-12 00:26:00,62.3
2025-06-12 01:26:00,9.8
2025-06-12 19:41:00,21.2
2025-06-12 22:00:00,82.2
2025-06-12 20:23:00,49.86672560113154
2025-06-12 21:46:00,49.86672560113154
2025-06-12 05:12:00,49.86672560113154
2025-06-12 04:44:00,63.0
2025-06-12 05:36:00,41.6
2025-06-12 11:03:00,33.2
2025-06-12 17:29:00,97.7
2025-06-12 07:00:00,49.86672560113154
2025-06-12 12:52:00,47.5
2025-06-12 20:16:00,41.8
2025-06-12 06:10:00,54.7
2025-06-12 02:13:00,49.86672560113154
2025-06-12 17:31:00,13.1
2025-06-12 21:37:00,10.9
2025-06-12 16:32:00,46.1
2025-06-12 06:16:00,68.8
2025-06-12 04:50:00,34.6
2025-06-12 22:13:00,86.4
2025-06-12 02:36:00,70.3
2025-06-12 13:41:00,8.7
2025-06-12 19:54:00,63.5
2025-06-12 08:06:00,57.9
2025-06-12 04:35:00,15.7
2025-06-12 15:06:00,49.86672560113154
2025-06-12 17:07:00,13.3
2025-06-12 17:20:00,49.86672560113154
2025-06-12 09:49:00,2.7
2025-06-12 05:08:00,58.3
2025-06-12 18:26:00,11.8
2025-06-12 19:11:00,49.86672560113154
2025-06-12 08:46:00,97.1
2025-06-12 23:11:00,49.86672560113154
2025-06-12 16:16:00,38.5
2025-06-12 18:09:00,50.6
2025-06-12 09:41:00,37.3
2025-06-12 10:28:00,49.86672560113154
2025-06-12 21:19:00,9.3
2025-06-12 15:42:00,2.9
2025-06-12 04:18:00,4.4
2025-06-12 23:41:00,17.2
2025-06-12 00:32:00,36.8
2025-06-12 11:14:00,6.7
2025-06-12 16:01:00,57.0
2025-06-12 08:43:00,10.5
2025-06-12 01:04:00,0.9
2025-06-12 13:09:00,12.4
2025-06-12 00:51:00,14.9
2025-06-12 03:01:00,61.2
2025-06-12 13:26:00,52.0
2025-06-12 19:04:00,15.3
2025-06-12 18:46:00,45.0
2025-06-12 05:13:00,51.4
2025-06-12 23:58:00,50.8
2025-06-12 17:57:00,77.4
2025-06-12 07:30:00,49.86672560113154
2025-06-12 20:18:00,49.86672560113154
2025-06-12 16:09:00,14.2
2025-06-12 13:15:00,81.5
2025-06-12 11:06:00,77.6
2025-06-12 22:25:00,88.5
2025-06-12 11:13:00,47.7
2025-06-12 18:11:00,18.0
2025-06-12 23:22:00,88.3
2025-06-12 00:18:00,98.4
2025-06-12 12:44:00,83.8
2025-06-12 10:13:00,20.3
2025-06-12 17:06:00,25.0
2025-06-12 21:29:00,40.4
2025-06-12 04:05:00,3.9
2025-06-12 21:15:00,81.5
2025-06-12 07:21:00,61.3
2025-06-12 19:51:00,49.86672560113154
2025-06-12 11:42:00,98.6
2025-06-12 02:38:00,57.8
2025-06-12 18:45:00,18.7
2025-06-12 03:56:00,49.4
2025-06-12 23:25:00,99.4
2025-06-12 03:44:00,28.4
2025-06-12 02:52:00,7.1
2025-06-12 05:38:00,82.4
2025-06-12 08:35:00,31.8
2025-06-12 01:14:00,49.86672560113154
2025-06-12 20:10:00,94.0
2025-06-12 04:17:00,19.5
2025-06-12 11:51:00,85.1
2025-06-12 07:27:00,11.6
2025-06-12 13:53:00,24.4
2025-06-12 17:00:00,11.2
2025-06-12 18:12:00,16.8
2025-06-12 01:57:00,75.0
2025-06-12 15:15:00,42.0
2025-06-12 04:19:00,65.1
2025-06-12 10:41:00,70.2
2025-06-12 18:50:00,11.6
2025-06-12 11:09:00,72.9
2025-06-12 21:56:00,57.3
2025-06-12 15:33:00,91.5
2025-06-12 01:54:00,97.5
2025-06-12 13:56:00,31.3
2025-06-12 05:00:00,43.4
2025-06-12 08:32:00,89.6
2025-06-12 08:01:00,65.5
2025-06-12 00:22:00,49.86672560113154
2025-06-12 23:53:00,97.9
2025-06-12 20:38:00,18.7
2025-06-12 16:25:00,99.0
2025-06-12 01:00:00,49.86672560113154
2025-06-12 14:20:00,47.1
2025-06-12 16:55:00,59.4
2025-06-12 01:28:00,92.3
2025-06-12 11:34:00,63.5
2025-06-12 07:26:00,92.9
2025-06-12 18:49:00,49.86672560113154
2025-06-12 12:53:00,53.9
2025-06-12 15:58:00,77.5
2025-06-12 05:06:00,56.3
2025-06-12 14:19:00,25.4
2025-06-12 16:49:00,30.7
2025-06-12 08:44:00,85.5
2025-06-12 22:43:00,67.9
2025-06-12 02:39:00,92.7
2025-06-12 15:11:00,61.8
2025-06-12 18:43:00,44.4
2025-06-12 12:36:00,63.7
2025-06-12 01:59:00,72.5
2025-06-12 01:39:00,25.7
2025-06-12 07:06:00,71.8
2025-06-12 12:42:00,60.3
2025-06-12 10:07:00,40.8
2025-06-12 00:55:00,49.86672560113154
2025-06-12 13:35:00,73.0
2025-06-12 04:47:00,82.1
2025-06-12 05:25:00,89.0
2025-06-12 07:16:00,22.6
2025-06-12 20:47:00,37.8
2025-06-12 21:38:00,46.9
2025-06-12 08:34:00,36.0
2025-06-12 10:10:00,77.3
2025-06-12 18:44:00,52.7
2025-06-12 05:04:00,14.4
2025-06-12 04:30:00,33.9
2025-06-12 01:44:00,49.86672560113154
2025-06-12 09:35:00,19.5
2025-06-12 12:43:00,11.3
2025-06-12 22:31:00,49.86672560113154
2025-06-12 22:14:00,8.8
2025-06-12 14:41:00,49.86672560113154
2025-06-12 10:23:00,44.6
2025-06-12 20:35:00,50.9
2025-06-12 13:27:00,64.7
2025-06-12 07:31:00,77.8
2025-06-12 05:51:00,40.2
2025-06-12 06:39:00,49.86672560113154
2025-06-12 05:02:00,98.3
2025-06-12 14:53:00,7.8
2025-06-12 01:22:00,47.3
2025-06-12 09:33:00,20.2
2025-06-12 18:22:00,14.5
2025-06-12 09:13:00,59.3
2025-06-12 05:40:00,81.5
2025-06-12 17:26:00,63.6
2025-06-12 03:26:00,0.3
2025-06-12 19:06:00,53.5
2025-06-12 04:36:00,31.7
2025-06-12 03:29:00,49.86672560113154
2025-06-12 19:02:00,49.86672560113154
2025-06-12 01:37:00,1.5
2025-06-12 01:27:00,76.6
2025-06-12 23:32:00,43.0
2025-06-12 06:14:00,18.1
2025-06-12 17:23:00,49.86672560113154
2025-06-12 01:07:00,95.1
2025-06-12 20:24:00,49.86672560113154
2025-06-12 08:36:00,57.1
2025-06-12 12:50:00,49.86672560113154
2025-06-12 14:04:00,9.1
2025-06-12 16:24:00,49.86672560113154
2025-06-12 20:00:00,43.2
2025-06-12 03:06:00,87.6
2025-06-12 11:00:00,15.6
2025-06-12 18:59:00,13.5
2025-06-12 05:49:00,91.1
2025-06-12 20:37:00,49.86672560113154
2025-06-12 20:05:00,32.6
2025-06-12 19:49:00,18.1
2025-06-12 10:15:00,92.4
2025-06-12 14:54:00,13.4
2025-06-12 04:09:00,6.6
2025-06-12 09:08:00,15.0
2025-06-12 13:28:00,76.6
2025-06-12 14:13:00,29.5
2025-06-12 23:45:00,91.1
2025-06-12 05:53:00,52.1
2025-06-12 01:25:00,9.2
2025-06-12 06:04:00,41.6
2025-06-12 06:21:00,81.0
2025-06-12 17:24:00,62.4
2025-06-12 10:29:00,49.2
2025-06-12 06:29:00,76.6
2025-06-12 16:04:00,37.1
2025-06-12 16:02:00,92.0
2025-06-12 08:17:00,73.9
2025-06-12 01:05:00,64.8
2025-06-12 10:01:00,64.4
2025-06-12 06:01:00,49.86672560113154
2025-06-12 00:34:00,11.1
2025-06-12 11:16:00,49.86672560113154
2025-06-12 05:27:00,69.7
2025-06-12 18:31:00,11.2
2025-06-12 07:54:00,37.4
2025-06-12 00:59:00,40.5
2025-06-12 09:14:00,25.8
2025-06-12 21:04:00,49.86672560113154
2025-06-12 15:21:00,57.2
2025-06-12 13:02:00,11.6
2025-06-12 11:55:00,70.1
2025-06-12 18:29:00,18.1
2025-06-12 04:31:00,9.2
2025-06-12 03:47:00,28.5
2025-06-12 07:44:00,49.86672560113154
2025-06-12 23:55:00,42.6
2025-06-12 07:57:00,49.86672560113154
2025-06-12 00:07:00,31.2
2025-06-12 23:08:00,11.8
2025-06-12 10:33:00,71.4
2025-06-12 18:03:00,21.2
2025-06-12 21:30:00,56.1
2025-06-12 05:34:00,49.86672560113154
2025-06-12 12:37:00,49.86672560113154
2025-06-12 03:48:00,2.0
2025-06-12 23:51:00,42.9
2025-06-12 17:48:00,2.7
2025-06-12 08:15:00,66.1
2025-06-12 06:52:00,60.6
2025-06-12 19:37:00,21.0
2025-06-12 16:26:00,31.3
2025-06-12 00:37:00,41.3
2025-06-12 19:31:00,65.1
2025-06-12 12:48:00,50.613932505273034
2025-06-12 07:08:00,0.8
2025-06-12 10:33:00,92.6
2025-06-12 18:20:00,97.6
2025-06-12 03:01:00,41.4
2025-06-12 19:01:00,66.2
2025-06-12 04:56:00,93.5
2025-06-12 11:53:00,85.9
2025-06-12 13:54:00,32.2
2025-06-12 01:54:00,75.3
2025-06-12 05:52:00,57.2
2025-06-12 06:56:00,88.1
2025-06-12 22:06:00,5.1
2025-06-12 06:38:00,82.3
2025-06-12 13:28:00,5.5
2025-06-12 20:35:00,89.3
2025-06-12 13:51:00,50.613932505273034
2025-06-12 11:21:00,68.4
2025-06-12 22:16:00,50.613932505273034
2025-06-12 01:12:00,16.2
2025-06-12 17:04:00,41.4
2025-06-12 01:13:00,3.4
2025-06-12 21:15:00,50.613932505273034
2025-06-12 14:23:00,47.7
2025-06-12 13:50:00,4.6
2025-06-12 06:57:00,1.3
2025-06-12 17:12:00,68.7
2025-06-12 06:12:00,50.613932505273034
2025-06-12 11:13:00,89.9
2025-06-12 16:45:00,96.9
2025-06-12 21:44:00,69.5
2025-06-12 18:00:00,96.7
2025-06-12 12:36:00,50.613932505273034
2025-06-12 19:27:00,39.2
2025-06-12 02:04:00,0.4
2025-06-12 05:41:00,39.0
2025-06-12 13:22:00,13.2
2025-06-12 08:44:00,44.2
2025-06-12 03:28:00,18.5
2025-06-12 00:34:00,27.2
2025-06-12 15:52:00,61.5
2025-06-12 15:05:00,59.4
2025-06-12 02:55:00,17.6
2025-06-12 03:38:00,14.7
2025-06-12 09:26:00,49.1
2025-06-12 11:14:00,36.7
2025-06-12 05:56:00,62.3
2025-06-12 17:05:00,54.6
2025-06-12 13:00:00,19.7
2025-06-12 17:50:00,91.7
2025-06-12 10:55:00,18.8
2025-06-12 09:21:00,87.1
2025-06-12 23:26:00,39.0
2025-06-12 13:35:00,43.8
2025-06-12 11:45:00,0.4
2025-06-12 04:45:00,50.613932505273034
2025-06-12 13:42:00,50.613932505273034
2025-06-12 01:57:00,99.6
2025-06-12 21:09:00,59.7
2025-06-12 14:27:00,32.2
2025-06-12 14:49:00,50.613932505273034
2025-06-12 14:04:00,94.6
2025-06-12 07:10:00,52.1
2025-06-12 00:32:00,77.0
2025-06-12 07:16:00,70.5
2025-06-12 02:43:00,2.8
2025-06-12 13:56:00,47.0
2025-06-12 15:54:00,75.4
2025-06-12 23:53:00,76.7
2025-06-12 11:52:00,47.3
2025-06-12 07:20:00,94.2
2025-06-12 14:19:00,14.8
2025-06-12 09:09:00,7.2
2025-06-12 09:41:00,6.0
2025-06-12 15:23:00,68.7
2025-06-12 14:29:00,7.4
2025-06-12 13:32:00,4.1
2025-06-12 12:32:00,27.2
2025-06-12 15:59:00,82.8
2025-06-12 06:34:00,68.3
2025-06-12 17:02:00,39.6
2025-06-12 18:22:00,10.6
2025-06-12 11:42:00,56.4
2025-06-12 01:02:00,59.7
2025-06-12 15:51:00,50.613932505273034
2025-06-12 06:24:00,5.6
2025-06-12 06:01:00,42.1
2025-06-12 21:01:00,17.8
2025-06-12 02:10:00,60.8
2025-06-12 14:38:00,50.613932505273034
2025-06-12 03:33:00,88.0
2025-06-12 17:20:00,67.5
2025-06-12 22:02:00,28.9
2025-06-12 18:23:00,95.7
2025-06-12 06:49:00,32.0
2025-06-12 06:11:00,50.613932505273034
2025-06-12 03:21:00,13.6
2025-06-12 00:58:00,26.8
2025-06-12 14:42:00,24.5
2025-06-12 12:18:00,31.8
2025-06-12 18:33:00,13.9
2025-06-12 11:15:00,35.8
2025-06-12 16:39:00,64.2
2025-06-12 03:34:00,44.5
2025-06-12 14:20:00,9.4
2025-06-12 05:39:00,46.4
2025-06-12 05:54:00,93.7
2025-06-12 08:16:00,44.6
2025-06-12 08:30:00,85.4
2025-06-12 00:12:00,50.613932505273034
2025-06-12 10:13:00,89.9
2025-06-12 07:31:00,52.8
2025-06-12 04:34:00,15.0
2025-06-12 09:37:00,38.6
2025-06-12 18:07:00,45.7
2025-06-12 20:57:00,81.9
2025-06-12 09:17:00,39.9
2025-06-12 08:10:00,2.6
2025-06-12 21:18:00,72.6
2025-06-12 18:42:00,64.1
2025-06-12 01:00:00,78.3
2025-06-12 03:48:00,33.6
2025-06-12 13:02:00,36.9
2025-06-12 12:00:00,51.7
2025-06-12 11:31:00,18.5
2025-06-12 23:15:00,42.6
2025-06-12 18:28:00,25.8
2025-06-12 20:19:00,50.613932505273034
2025-06-12 13:07:00,94.4
2025-06-12 04:41:00,97.3
2025-06-12 09:18:00,91.0
2025-06-12 19:33:00,50.613932505273034
2025-06-12 05:19:00,31.0
2025-06-12 00:01:00,2.0
2025-06-12 05:47:00,42.2
2025-06-12 14:41:00,10.8
2025-06-12 19:16:00,50.613932505273034
2025-06-12 23:42:00,35.5
2025-06-12 06:10:00,28.1
2025-06-12 15:32:00,50.613932505273034
2025-06-12 03:07:00,20.7
2025-06-12 22:32:00,34.5
2025-06-12 08:03:00,50.613932505273034
2025-06-12 10:35:00,25.8
2025-06-12 18:25:00,50.613932505273034
2025-06-12 15:34:00,50.613932505273034
2025-06-12 05:18:00,50.613932505273034
2025-06-12 20:37:00,85.0
2025-06-12 12:11:00,50.613932505273034
2025-06-12 18:43:00,50.613932505273034
2025-06-12 19:36:00,50.613932505273034
2025-06-12 02:01:00,18.8
2025-06-12 13:44:00,50.613932505273034
2025-06-12 22:35:00,42.0
2025-06-12 12:08:00,54.9
2025-06-12 22:10:00,57.3
2025-06-12 12:54:00,54.7
2025-06-12 05:25:00,80.7
2025-06-12 15:08:00,75.3
2025-06-12 15:49:00,53.9
2025-06-12 09:07:00,99.8
2025-06-12 19:54:00,47.4
2025-06-12 04:16:00,39.6
2025-06-12 01:42:00,74.0
2025-06-12 06:28:00,89.8
2025-06-12 22:15:00,5.3
2025-06-12 13:33:00,83.8
2025-06-12 22:24:00,50.9
2025-06-12 23:41:00,41.7
2025-06-12 11:06:00,28.0
2025-06-12 04:39:00,50.613932505273034
2025-06-12 22:12:00,52.7
2025-06-12 06:42:00,23.9
2025-06-12 01:15:00,96.6
2025-06-12 19:18:00,24.7
2025-06-12 00:05:00,87.8
2025-06-12 16:05:00,32.3
2025-06-12 23:22:00,50.5
2025-06-12 02:40:00,81.1
2025-06-12 23:30:00,50.613932505273034
2025-06-12 19:30:00,37.2
2025-06-12 00:41:00,52.3
2025-06-12 01:22:00,4.1
2025-06-12 20:48:00,50.613932505273034
2025-06-12 06:58:00,44.1
2025-06-12 08:51:00,5.4
2025-06-12 10:20:00,50.613932505273034
2025-06-12 04:01:00,72.4
2025-06-12 05:22:00,4.7
2025-06-12 06:45:00,41.7
2025-06-12 14:57:00,28.7
2025-06-12 20:46:00,3.1
2025-06-12 22:31:00,50.613932505273034
2025-06-12 04:04:00,85.3
2025-06-12 04:21:00,98.9
2025-06-12 12:01:00,50.613932505273034
2025-06-12 20:54:00,68.8
2025-06-12 16:38:00,16.6
2025-06-12 12:55:00,50.613932505273034
2025-06-12 16:17:00,42.7
2025-06-12 13:17:00,50.613932505273034
2025-06-12 17:56:00,72.9
2025-06-12 11:16:00,93.4
2025-06-12 23:48:00,64.6
2025-06-12 19:50:00,87.4
2025-06-12 14:30:00,63.2
2025-06-12 14:50:00,20.4
2025-06-12 03:31:00,56.3
2025-06-12 02:16:00,50.613932505273034
2025-06-12 19:44:00,68.7
2025-06-12 19:53:00,60.7
2025-06-12 22:34:00,89.2
2025-06-12 11:29:00,50.613932505273034
2025-06-12 03:54:00,1.3
2025-06-12 17:08:00,19.9
2025-06-12 00:06:00,44.6
2025-06-12 09:31:00,83.1
2025-06-12 23:02:00,85.8
2025-06-12 22:01:00,89.4
2025-06-12 17:03:00,82.5
2025-06-12 00:57:00,23.1
2025-06-12 01:48:00,99.7
2025-06-12 08:06:00,10.6
2025-06-12 07:46:00,13.3
2025-06-12 00:47:00,19.7
2025-06-12 02:29:00,58.7
2025-06-12 08:20:00,50.613932505273034
2025-06-12 01:16:00,50.613932505273034
2025-06-12 21:02:00,93.5
2025-06-12 22:07:00,50.613932505273034
2025-06-12 18:04:00,99.1
2025-06-12 23:06:00,64.3
2025-06-12 02:32:00,24.6
2025-06-12 14:37:00,41.2
2025-06-12 09:53:00,78.6
2025-06-12 04:48:00,68.3
2025-06-12 04:07:00,36.7
2025-06-12 16:41:00,70.1
2025-06-12 19:24:00,34.0
2025-06-12 20:05:00,80.9
2025-06-12 12:39:00,47.8
2025-06-12 01:14:00,95.0
2025-06-12 05:38:00,37.4
2025-06-12 20:01:00,50.613932505273034
2025-06-12 11:54:00,25.0
2025-06-12 21:34:00,59.7
2025-06-12 16:58:00,9.8
2025-06-12 09:03:00,98.9
2025-06-12 07:30:00,50.613932505273034
2025-06-12 12:42:00,58.7
2025-06-12 16:54:00,66.9
2025-06-12 08:18:00,88.1
2025-06-12 03:05:00,11.9
2025-06-12 00:38:00,19.2
2025-06-12 05:24:00,94.3
2025-06-12 21:51:00,8.0
2025-06-12 23:13:00,59.0
2025-06-12 00:30:00,50.613932505273034
2025-06-12 22:00:00,34.2
2025-06-12 02:54:00,59.3
2025-06-12 21:04:00,4.1
2025-06-12 10:47:00,83.0
2025-06-12 21:52:00,63.2
2025-06-12 09:12:00,52.0
2025-06-12 03:45:00,44.6
2025-06-12 04:14:00,79.6
2025-06-12 18:29:00,12.0
2025-06-12 09:40:00,89.9
2025-06-12 07:09:00,28.2
2025-06-12 20:47:00,61.2
2025-06-12 02:22:00,45.8
2025-06-12 03:04:00,87.1
2025-06-12 15:02:00,53.6
2025-06-12 10:32:00,29.5
2025-06-12 01:32:00,73.1
2025-06-12 12:50:00,50.613932505273034
2025-06-12 15:17:00,23.2
2025-06-12 11:40:00,50.613932505273034
2025-06-12 15:56:00,71.6
2025-06-12 05:04:00,9.7
2025-06-12 07:34:00,50.3
2025-06-12 21:12:00,28.8
2025-06-12 22:47:00,50.613932505273034
2025-06-12 20:10:00,18.1
2025-06-12 17:41:00,37.3
2025-06-12 06:43:00,87.4
2025-06-12 03:51:00,36.7
2025-06-12 09:06:00,98.4
2025-06-12 16:06:00,34.4
2025-06-12 08:07:00,33.9
2025-06-12 22:03:00,30.5
2025-06-12 17:18:00,24.6
2025-06-12 20:44:00,37.0
2025-06-12 07:56:00,56.7
2025-06-12 03:43:00,39.0
2025-06-12 10:57:00,50.613932505273034
2025-06-12 13:52:00,35.1
2025-06-12 18:47:00,79.1
2025-06-12 04:25:00,90.9
2025-06-12 23:20:00,77.1
2025-06-12 01:17:00,56.9
2025-06-12 22:56:00,81.4
2025-06-12 08:39:00,88.5
2025-06-12 15:24:00,12.3
2025-06-12 18:31:00,41.3
2025-06-12 11:26:00,0.9
2025-06-12 05:07:00,5.1
2025-06-12 08:41:00,18.0
2025-06-12 10:25:00,96.3
2025-06-12 16:40:00,39.7
2025-06-12 07:10:00,35.8
2025-06-12 21:59:00,52.6
2025-06-12 16:09:00,50.17195767195767
2025-06-12 01:36:00,18.6
2025-06-12 16:31:00,13.0
2025-06-12 14:24:00,18.5
2025-06-12 15:01:00,49.0
2025-06-12 10:18:00,14.9
2025-06-12 12:15:00,45.6
2025-06-12 19:25:00,41.4
2025-06-12 04:39:00,33.3
2025-06-12 16:12:00,50.17195767195767
2025-06-12 12:05:00,2.6
2025-06-12 14:54:00,67.5
2025-06-12 16:30:00,83.6
2025-06-12 05:00:00,30.2
2025-06-12 06:15:00,23.3
2025-06-12 01:54:00,71.2
2025-06-12 05:13:00,11.2
2025-06-12 16:25:00,50.17195767195767
2025-06-12 05:42:00,76.5
2025-06-12 04:45:00,57.4
2025-06-12 17:49:00,50.4
2025-06-12 07:29:00,0.1
2025-06-12 05:44:00,6.2
2025-06-12 10:45:00,76.3
2025-06-12 09:03:00,4.3
2025-06-12 07:48:00,50.17195767195767
2025-06-12 07:51:00,86.9
2025-06-12 12:14:00,50.17195767195767
2025-06-12 13:44:00,50.17195767195767
2025-06-12 19:57:00,42.5
2025-06-12 07:19:00,50.17195767195767
2025-06-12 06:20:00,44.9
2025-06-12 14:15:00,36.2
2025-06-12 13:00:00,54.9
2025-06-12 11:54:00,59.1
2025-06-12 08:30:00,50.17195767195767
2025-06-12 00:40:00,62.7
2025-06-12 13:04:00,47.8
2025-06-12 15:33:00,50.17195767195767
2025-06-12 15:17:00,55.1
2025-06-12 13:36:00,34.4
2025-06-12 03:48:00,68.6
2025-06-12 15:53:00,62.0
2025-06-12 07:38:00,93.1
2025-06-12 01:30:00,3.3
2025-06-12 11:10:00,67.9
2025-06-12 02:49:00,50.17195767195767
2025-06-12 16:00:00,65.0
2025-06-12 06:56:00,25.7
2025-06-12 19:33:00,24.7
2025-06-12 00:26:00,49.7
2025-06-12 16:54:00,67.0
2025-06-12 18:11:00,59.1
2025-06-12 21:20:00,67.2
2025-06-12 01:31:00,31.2
2025-06-12 08:55:00,58.4
2025-06-12 14:31:00,4.2
2025-06-12 03:30:00,50.17195767195767
2025-06-12 21:51:00,50.17195767195767
2025-06-12 10:06:00,46.9
2025-06-12 01:09:00,90.9
2025-06-12 06:44:00,42.8
2025-06-12 06:35:00,63.5
2025-06-12 03:20:00,28.1
2025-06-12 06:30:00,50.17195767195767
2025-06-12 19:56:00,6.5
2025-06-12 12:12:00,81.9
2025-06-12 16:01:00,50.17195767195767
2025-06-12 04:55:00,25.7
2025-06-12 13:10:00,97.5
2025-06-12 04:50:00,29.7
2025-06-12 06:18:00,30.3
2025-06-12 19:47:00,50.17195767195767
2025-06-12 03:47:00,50.17195767195767
2025-06-12 21:42:00,40.8
2025-06-12 15:14:00,53.6
2025-06-12 01:11:00,89.1
2025-06-12 07:30:00,82.6
2025-06-12 05:26:00,28.5
2025-06-12 00:10:00,50.17195767195767
2025-06-12 22:18:00,62.9
2025-06-12 03:39:00,18.4
2025-06-12 10:56:00,19.7
2025-06-12 22:39:00,50.17195767195767
2025-06-12 15:16:00,13.7
2025-06-12 07:07:00,50.17195767195767
2025-06-12 05:17:00,96.3
2025-06-12 22:30:00,50.17195767195767
2025-06-12 20:27:00,61.1
2025-06-12 23:18:00,37.3
2025-06-12 08:11:00,62.6
2025-06-12 02:35:00,50.17195767195767
2025-06-12 17:16:00,68.8
2025-06-12 13:57:00,50.7
2025-06-12 13:01:00,63.0
2025-06-12 18:48:00,56.6
2025-06-12 13:37:00,76.4
2025-06-12 21:33:00,67.9
2025-06-12 01:16:00,77.6
2025-06-12 08:07:00,32.5
2025-06-12 23:33:00,50.17195767195767
2025-06-12 13:55:00,31.6
2025-06-12 14:21:00,57.0
2025-06-12 07:35:00,72.0
2025-06-12 07:50:00,82.1
2025-06-12 08:35:00,97.7
2025-06-12 08:26:00,50.17195767195767
2025-06-12 19:01:00,46.6
2025-06-12 14:20:00,20.6
2025-06-12 02:21:00,47.8
2025-06-12 10:36:00,21.5
2025-06-12 00:56:00,7.2
2025-06-12 10:32:00,81.4
2025-06-12 05:45:00,50.17195767195767
2025-06-12 03:32:00,90.3
2025-06-12 21:10:00,38.4
2025-06-12 10:24:00,50.17195767195767
2025-06-12 06:55:00,50.17195767195767
2025-06-12 13:39:00,34.2
2025-06-12 04:14:00,50.17195767195767
2025-06-12 00:39:00,22.3
2025-06-12 20:49:00,90.8
2025-06-12 12:42:00,5.9
2025-06-12 11:49:00,73.6
2025-06-12 04:26:00,50.17195767195767
2025-06-12 23:51:00,25.3
2025-06-12 09:31:00,30.3
2025-06-12 04:31:00,90.9
2025-06-12 07:37:00,12.4
2025-06-12 02:01:00,50.17195767195767
2025-06-12 13:07:00,86.2
2025-06-12 14:58:00,19.6
2025-06-12 01:34:00,86.1
2025-06-12 11:46:00,84.8
2025-06-12 11:24:00,50.17195767195767
2025-06-12 04:29:00,16.0
2025-06-12 03:46:00,55.9
2025-06-12 07:04:00,76.9
2025-06-12 11:02:00,25.7
2025-06-12 10:03:00,50.17195767195767
2025-06-12 13:49:00,50.17195767195767
2025-06-12 06:16:00,48.7
2025-06-12 17:18:00,8.9
2025-06-12 11:11:00,77.7
2025-06-12 16:08:00,8.0
2025-06-12 03:55:00,50.17195767195767
2025-06-12 02:07:00,17.9
2025-06-12 20:00:00,86.9
2025-06-12 04:19:00,76.3
2025-06-12 01:50:00,46.1
2025-06-12 03:27:00,82.5
2025-06-12 02:57:00,45.5
2025-06-12 03:08:00,69.8
2025-06-12 04:40:00,35.7
2025-06-12 19:14:00,60.5
2025-06-12 11:15:00,50.17195767195767
2025-06-12 09:36:00,50.17195767195767
2025-06-12 03:25:00,6.3
2025-06-12 16:52:00,50.17195767195767
2025-06-12 16:36:00,10.7
2025-06-12 04:01:00,74.3
2025-06-12 04:47:00,32.2
2025-06-12 14:52:00,50.17195767195767
2025-06-12 08:47:00,76.1
2025-06-12 00:29:00,43.6
2025-06-12 12:06:00,89.1
2025-06-12 16:28:00,40.4
2025-06-12 04:04:00,21.6
2025-06-12 15:58:00,62.1
2025-06-12 02:14:00,50.17195767195767
2025-06-12 23:00:00,91.2
2025-06-12 18:28:00,24.9
2025-06-12 21:15:00,48.6
2025-06-12 05:29:00,49.7
2025-06-12 17:50:00,77.7
2025-06-12 07:41:00,29.2
2025-06-12 12:49:00,92.9
2025-06-12 11:42:00,56.8
2025-06-12 16:06:00,9.6
2025-06-12 14:23:00,50.17195767195767
2025-06-12 21:50:00,12.3
2025-06-12 06:52:00,87.1
2025-06-12 11:34:00,25.9
2025-06-12 10:04:00,54.0
2025-06-12 07:25:00,21.5
2025-06-12 03:49:00,57.0
2025-06-12 02:15:00,50.17195767195767
2025-06-12 23:59:00,46.0
2025-06-12 18:51:00,80.3
2025-06-12 19:53:00,31.4
2025-06-12 06:47:00,62.5
2025-06-12 18:04:00,42.0
2025-06-12 10:58:00,81.9
2025-06-12 13:46:00,3.1
2025-06-12 23:34:00,62.7
2025-06-12 21:43:00,50.17195767195767
2025-06-12 16:21:00,90.6
2025-06-12 01:32:00,67.4
2025-06-12 19:37:00,34.3
2025-06-12 18:41:00,83.4
2025-06-12 16:04:00,48.4
2025-06-12 02:58:00,67.9
2025-06-12 07:13:00,15.9
2025-06-12 21:11:00,11.5
2025-06-12 09:09:00,52.4
2025-06-12 03:21:00,56.3
2025-06-12 17:30:00,15.3
2025-06-12 09:29:00,19.3
2025-06-12 04:32:00,50.17195767195767
2025-06-12 11:18:00,73.5
2025-06-12 15:26:00,86.2
2025-06-12 12:55:00,44.7
2025-06-12 05:14:00,42.0
2025-06-12 10:01:00,68.2
2025-06-12 14:56:00,32.6
2025-06-12 06:53:00,31.4
2025-06-12 17:21:00,69.8
2025-06-12 06:12:00,12.1
2025-06-12 21:52:00,60.3
2025-06-12 12:32:00,77.0
2025-06-12 03:02:00,50.17195767195767
2025-06-12 18:50:00,18.3
2025-06-12 19:41:00,68.8
2025-06-12 09:39:00,71.1
2025-06-12 04:27:00,30.5
2025-06-12 09:40:00,56.1
2025-06-12 18:13:00,13.1
2025-06-12 18:01:00,77.2
2025-06-12 07:17:00,40.0
2025-06-12 20:52:00,32.5
2025-06-12 22:46:00,76.1
2025-06-12 08:34:00,50.17195767195767
2025-06-12 18:33:00,59.1
2025-06-12 20:02:00,10.8
2025-06-12 03:53:00,83.1
2025-06-12 01:20:00,23.5
2025-06-12 14:59:00,30.0
2025-06-12 07:58:00,62.6
2025-06-12 03:28:00,66.4
2025-06-12 08:44:00,58.7
2025-06-12 15:13:00,22.6
2025-06-12 06:01:00,3.5
2025-06-12 22:01:00,70.1
2025-06-12 10:21:00,16.3
2025-06-12 16:55:00,56.2
2025-06-12 23:36:00,69.6
2025-06-12 21:08:00,50.17195767195767
2025-06-12 21:55:00,51.4
2025-06-12 17:00:00,91.1
2025-06-12 05:56:00,50.3
2025-06-12 12:34:00,25.2
2025-06-12 01:06:00,90.9
2025-06-12 22:36:00,99.4
2025-06-12 10:10:00,90.3
2025-06-12 20:36:00,1.7
2025-06-12 20:08:00,9.3
2025-06-12 03:59:00,48.5
2025-06-12 10:44:00,56.8
2025-06-12 09:25:00,6.5
2025-06-12 21:36:00,68.8
2025-06-12 23:32:00,49.2
2025-06-12 13:09:00,74.5
2025-06-12 09:06:00,30.6
2025-06-12 19:34:00,28.1
2025-06-12 18:12:00,50.17195767195767
2025-06-12 23:40:00,61.4
2025-06-12 21:02:00,68.4
2025-06-12 21:03:00,71.1
2025-06-12 22:00:00,47.4
2025-06-12 06:22:00,31.8
2025-06-12 09:37:00,19.7
2025-06-12 10:57:00,50.17195767195767
2025-06-12 14:06:00,21.5
2025-06-12 10:55:00,84.6
2025-06-12 03:15:00,18.0
2025-06-12 09:14:00,91.7
2025-06-12 07:34:00,50.8
2025-06-12 21:39:00,26.6
2025-06-12 03:34:00,81.5
2025-06-12 12:08:00,32.3
2025-06-12 00:38:00,88.9
2025-06-12 07:44:00,18.7
2025-06-12 12:41:00,46.4
2025-06-12 06:14:00,96.8
2025-06-12 22:42:00,95.4
2025-06-12 23:13:00,56.7
2025-06-12 20:33:00,54.7
2025-06-12 20:11:00,12.8
2025-06-12 03:11:00,45.2
2025-06-12 02:19:00,87.6
2025-06-12 02:39:00,33.8
2025-06-12 03:52:00,84.4
2025-06-12 14:45:00,65.0
2025-06-12 14:03:00,41.7
2025-06-12 15:35:00,72.0
2025-06-12 11:40:00,60.2
2025-06-12 05:51:00,20.7
2025-06-12 19:30:00,90.0
2025-06-12 16:53:00,14.1
2025-06-12 20:43:00,49.69252501471454
2025-06-12 13:25:00,37.8
2025-06-12 11:30:00,49.69252501471454
2025-06-12 10:18:00,31.4
2025-06-12 22:10:00,81.6
2025-06-12 10:31:00,28.2
2025-06-12 23:09:00,30.2
2025-06-12 14:07:00,60.4
2025-06-12 15:22:00,70.6
2025-06-12 18:36:00,17.8
2025-06-12 18:43:00,26.7
2025-06-12 16:34:00,85.5
2025-06-12 14:22:00,95.2
2025-06-12 23:25:00,68.4
2025-06-12 06:27:00,24.6
2025-06-12 21:01:00,49.69252501471454
2025-06-12 00:08:00,14.5
2025-06-12 10:29:00,2.5
2025-06-12 09:58:00,25.4
2025-06-12 17:07:00,49.69252501471454
2025-06-12 03:01:00,34.7
2025-06-12 02:27:00,61.3
2025-06-12 19:53:00,93.1
2025-06-12 15:26:00,90.6
2025-06-12 23:27:00,44.2
2025-06-12 06:28:00,49.69252501471454
2025-06-12 12:32:00,49.69252501471454
2025-06-12 09:31:00,71.2
2025-06-12 04:19:00,97.9
2025-06-12 07:27:00,68.3
2025-06-12 07:31:00,4.2
2025-06-12 12:18:00,49.69252501471454
2025-06-12 08:40:00,17.2
2025-06-12 18:31:00,94.4
2025-06-12 01:26:00,89.1
2025-06-12 18:30:00,33.4
2025-06-12 17:04:00,49.69252501471454
2025-06-12 19:27:00,89.1
2025-06-12 13:59:00,73.9
2025-06-12 13:18:00,90.0
2025-06-12 22:12:00,84.1
2025-06-12 23:16:00,75.3
2025-06-12 03:23:00,56.1
2025-06-12 21:39:00,65.3
2025-06-12 05:25:00,37.8
2025-06-12 05:44:00,56.0
2025-06-12 22:29:00,63.3
2025-06-12 22:25:00,57.9
2025-06-12 04:43:00,83.2
2025-06-12 02:00:00,47.7
2025-06-12 16:08:00,97.2
2025-06-12 14:51:00,49.69252501471454
2025-06-12 19:44:00,9.6
2025-06-12 08:04:00,20.1
2025-06-12 02:17:00,49.69252501471454
2025-06-12 04:03:00,79.7
2025-06-12 22:20:00,26.4
2025-06-12 21:12:00,48.6
2025-06-12 18:18:00,7.4
2025-06-12 09:42:00,49.69252501471454
2025-06-12 22:56:00,42.9
2025-06-12 15:52:00,18.9
2025-06-12 09:33:00,73.1
2025-06-12 16:31:00,90.8
2025-06-12 10:37:00,73.7
2025-06-12 23:20:00,37.9
2025-06-12 00:10:00,5.7
2025-06-12 06:12:00,49.69252501471454
2025-06-12 21:42:00,71.0
2025-06-12 20:30:00,32.6
2025-06-12 08:31:00,2.7
2025-06-12 10:00:00,49.69252501471454
2025-06-12 13:29:00,4.2
2025-06-12 17:47:00,21.8
2025-06-12 20:47:00,49.69252501471454
2025-06-12 14:52:00,25.9
2025-06-12 12:23:00,42.5
2025-06-12 23:59:00,33.7
2025-06-12 21:24:00,49.69252501471454
2025-06-12 14:11:00,17.2
2025-06-12 04:07:00,49.69252501471454
2025-06-12 17:02:00,37.4
2025-06-12 15:51:00,17.6
2025-06-12 05:09:00,82.6
2025-06-12 14:18:00,33.2
2025-06-12 11:38:00,88.1
2025-06-12 02:49:00,35.6
2025-06-12 01:06:00,41.4
2025-06-12 01:17:00,50.3
2025-06-12 01:14:00,29.2
2025-06-12 04:26:00,49.69252501471454
2025-06-12 23:24:00,37.3
2025-06-12 02:53:00,49.69252501471454
2025-06-12 08:32:00,1.5
2025-06-12 03:46:00,49.69252501471454
2025-06-12 20:54:00,67.5
2025-06-12 07:06:00,1.1
2025-06-12 04:40:00,96.2
2025-06-12 16:11:00,49.69252501471454
2025-06-12 17:59:00,78.5
2025-06-12 00:14:00,3.4
2025-06-12 04:53:00,51.5
2025-06-12 08:14:00,81.2
2025-06-12 10:10:00,94.6
2025-06-12 17:00:00,94.6
2025-06-12 22:36:00,41.8
2025-06-12 17:50:00,70.3
2025-06-12 02:46:00,38.0
2025-06-12 22:05:00,38.0
2025-06-12 02:13:00,39.6
2025-06-12 10:33:00,58.5
2025-06-12 14:04:00,48.9
2025-06-12 21:58:00,19.0
2025-06-12 23:29:00,87.5
2025-06-12 21:49:00,35.2
2025-06-12 12:31:00,60.5
2025-06-12 02:26:00,80.5
2025-06-12 13:39:00,49.69252501471454
2025-06-12 04:49:00,8.5
2025-06-12 10:01:00,49.69252501471454
2025-06-12 00:57:00,95.6
2025-06-12 18:05:00,39.8
2025-06-12 13:02:00,74.5
2025-06-12 01:09:00,10.5
2025-06-12 19:39:00,19.7
2025-06-12 00:25:00,49.69252501471454
2025-06-12 01:19:00,67.7
2025-06-12 13:00:00,34.3
2025-06-12 21:51:00,98.3
2025-06-12 07:07:00,60.5
2025-06-12 16:40:00,12.4
2025-06-12 15:42:00,63.2
2025-06-12 03:55:00,88.9
2025-06-12 08:17:00,98.2
2025-06-12 09:44:00,31.6
2025-06-12 18:11:00,92.1
2025-06-12 09:53:00,63.0
2025-06-12 16:00:00,81.5
2025-06-12 05:58:00,56.2
2025-06-12 18:01:00,51.4
2025-06-12 12:40:00,63.1
2025-06-12 22:35:00,7.6
2025-06-12 10:41:00,38.6
2025-06-12 15:01:00,4.6
2025-06-12 23:06:00,7.4
2025-06-12 01:18:00,54.0
2025-06-12 09:20:00,68.8
2025-06-12 07:22:00,13.4
2025-06-12 10:06:00,67.6
2025-06-12 22:31:00,7.5
2025-06-12 02:22:00,61.7
2025-06-12 02:48:00,29.5
2025-06-12 12:10:00,10.9
2025-06-12 01:15:00,49.69252501471454
2025-06-12 11:16:00,95.7
2025-06-12 16:27:00,6.7
2025-06-12 15:09:00,63.2
2025-06-12 20:09:00,14.6
2025-06-12 17:10:00,96.5
2025-06-12 02:56:00,38.7
2025-06-12 13:10:00,42.6
2025-06-12 11:53:00,21.4
2025-06-12 23:11:00,83.5
2025-06-12 19:45:00,49.69252501471454
2025-06-12 07:30:00,43.6
2025-06-12 22:34:00,67.6
2025-06-12 04:01:00,31.4
2025-06-12 12:24:00,53.7
2025-06-12 01:08:00,90.0
2025-06-12 13:34:00,67.6
2025-06-12 04:35:00,69.1
2025-06-12 19:48:00,94.4
2025-06-12 08:39:00,99.0
2025-06-12 16:12:00,29.7
2025-06-12 01:31:00,38.4
2025-06-12 12:37:00,20.1
2025-06-12 09:56:00,75.5
2025-06-12 01:46:00,73.6
2025-06-12 19:14:00,50.3
2025-06-12 12:59:00,68.8
2025-06-12 15:29:00,41.3
2025-06-12 05:38:00,37.9
2025-06-12 09:57:00,43.5
2025-06-12 17:06:00,19.3
2025-06-12 00:26:00,3.9
2025-06-12 13:28:00,6.1
2025-06-12 12:42:00,50.9
2025-06-12 04:31:00,44.7
2025-06-12 18:44:00,22.1
2025-06-12 10:36:00,49.69252501471454
2025-06-12 21:47:00,77.8
2025-06-12 11:19:00,70.5
2025-06-12 23:04:00,49.69252501471454
2025-06-12 19:19:00,49.69252501471454
2025-06-12 18:17:00,58.6
2025-06-12 06:23:00,36.5
2025-06-12 16:16:00,67.6
2025-06-12 04:56:00,85.8
2025-06-12 12:09:00,90.8
2025-06-12 04:57:00,16.0
2025-06-12 15:32:00,49.69252501471454
2025-06-12 00:16:00,5.1
2025-06-12 18:37:00,94.1
2025-06-12 13:46:00,49.69252501471454
2025-06-12 23:33:00,59.3
2025-06-12 16:36:00,63.3
2025-06-12 21:26:00,7.0
2025-06-12 11:17:00,39.3
2025-06-12 22:30:00,42.7
2025-06-12 04:37:00,17.4
2025-06-12 08:46:00,76.6
2025-06-12 05:29:00,79.1
2025-06-12 08:42:00,83.6
2025-06-12 11:21:00,14.9
2025-06-12 23:08:00,71.8
2025-06-12 13:47:00,28.9
2025-06-12 17:03:00,49.69252501471454
2025-06-12 08:02:00,42.0
2025-06-12 18:14:00,36.4
2025-06-12 05:21:00,64.2
2025-06-12 22:47:00,14.3
2025-06-12 16:52:00,55.8
2025-06-12 13:40:00,86.1
2025-06-12 16:41:00,52.0
2025-06-12 17:39:00,84.7
2025-06-12 11:50:00,22.9
2025-06-12 22:40:00,89.4
2025-06-12 22:59:00,49.69252501471454
2025-06-12 02:16:00,72.4
2025-06-12 01:32:00,94.8
2025-06-12 19:49:00,1.9
2025-06-12 05:39:00,92.5
2025-06-12 06:04:00,49.69252501471454
2025-06-12 11:56:00,49.69252501471454
2025-06-12 16:32:00,56.1
2025-06-12 01:48:00,63.3
2025-06-12 06:07:00,48.8
2025-06-12 02:31:00,66.4
2025-06-12 12:49:00,44.4
2025-06-12 18:32:00,65.7
2025-06-12 10:25:00,48.5
2025-06-12 00:20:00,64.3
2025-06-12 03:29:00,51.6
2025-06-12 20:14:00,49.69252501471454
2025-06-12 16:44:00,77.0
2025-06-12 10:35:00,49.69252501471454
2025-06-12 07:20:00,49.69252501471454
2025-06-12 04:59:00,82.3
2025-06-12 19:28:00,49.69252501471454
2025-06-12 18:38:00,77.5
2025-06-12 14:34:00,51.7
2025-06-12 09:49:00,31.6
2025-06-12 23:57:00,10.9
2025-06-12 00:28:00,49.69252501471454
2025-06-12 12:48:00,63.7
2025-06-12 06:14:00,49.69252501471454
2025-06-12 00:03:00,54.5
2025-06-12 10:11:00,84.2
2025-06-12 01:38:00,9.5
2025-06-12 17:18:00,81.8
2025-06-12 21:27:00,87.3
2025-06-12 15:21:00,47.8
2025-06-12 10:52:00,77.3
2025-06-12 13:44:00,68.6
2025-06-12 08:38:00,60.5
2025-06-12 00:06:00,55.1
2025-06-12 06:03:00,90.8
2025-06-12 23:00:00,69.6
2025-06-12 22:09:00,20.7
2025-06-12 19:51:00,82.3
2025-06-12 01:41:00,23.9
2025-06-12 18:06:00,22.6
2025-06-12 12:56:00,30.7
2025-06-12 09:04:00,50.2
2025-06-12 05:05:00,40.9
2025-06-12 16:20:00,58.4
2025-06-12 13:57:00,30.3
2025-06-12 20:16:00,49.69252501471454
2025-06-12 19:05:00,3.5
2025-06-12 04:23:00,3.7
2025-06-12 00:36:00,49.69252501471454
2025-06-12 17:28:00,92.4
2025-06-12 03:33:00,49.69252501471454
2025-06-12 03:17:00,21.9
2025-06-12 05:12:00,90.6
2025-06-12 03:18:00,28.0
2025-06-12 14:43:00,73.8
2025-06-12 06:32:00,1.1
2025-06-12 23:28:00,66.6
2025-06-12 18:03:00,0.7
2025-06-12 18:03:00,96.7
2025-06-12 03:00:00,69.0
2025-06-12 03:21:00,36.0
2025-06-12 02:22:00,2.4
2025-06-12 06:26:00,22.0
2025-06-12 04:57:00,28.5
2025-06-12 09:22:00,3.1
2025-06-12 07:40:00,84.1
2025-06-12 03:01:00,65.2
2025-06-12 21:32:00,18.2
2025-06-12 13:17:00,49.88181818181819
2025-06-12 11:25:00,34.1
2025-06-12 08:47:00,49.88181818181819
2025-06-12 19:25:00,37.7
2025-06-12 04:00:00,58.6
2025-06-12 05:24:00,49.88181818181819
2025-06-12 06:24:00,36.0
2025-06-12 01:02:00,91.7
2025-06-12 00:37:00,45.9
2025-06-12 16:56:00,50.9
2025-06-12 12:59:00,49.88181818181819
2025-06-12 02:06:00,95.3
2025-06-12 05:29:00,49.88181818181819
2025-06-12 05:35:00,99.1
2025-06-12 19:57:00,4.4
2025-06-12 17:15:00,57.3
2025-06-12 18:10:00,93.4
2025-06-12 21:02:00,81.0
2025-06-12 16:09:00,92.0
2025-06-12 17:56:00,49.88181818181819
2025-06-12 19:44:00,47.1
2025-06-12 11:30:00,69.5
2025-06-12 00:13:00,1.5
2025-06-12 04:44:00,4.9
2025-06-12 11:59:00,91.1
2025-06-12 06:44:00,84.3
2025-06-12 08:18:00,49.88181818181819
2025-06-12 20:21:00,71.0
2025-06-12 00:29:00,60.8
2025-06-12 07:14:00,9.7
2025-06-12 18:48:00,98.8
2025-06-12 13:05:00,19.1
2025-06-12 17:53:00,76.9
2025-06-12 04:04:00,45.8
2025-06-12 23:04:00,59.2
2025-06-12 17:43:00,49.88181818181819
2025-06-12 01:28:00,63.0
2025-06-12 01:41:00,28.4
2025-06-12 15:35:00,77.2
2025-06-12 01:30:00,14.9
2025-06-12 15:52:00,49.88181818181819
2025-06-12 08:23:00,49.88181818181819
2025-06-12 13:41:00,89.3
2025-06-12 09:13:00,64.7
2025-06-12 11:23:00,89.9
2025-06-12 21:10:00,36.4
2025-06-12 04:42:00,49.88181818181819
2025-06-12 19:16:00,49.9
2025-06-12 00:41:00,37.4
2025-06-12 06:13:00,44.8
2025-06-12 00:26:00,31.9
2025-06-12 23:38:00,33.9
2025-06-12 01:21:00,49.88181818181819
2025-06-12 17:30:00,32.0
2025-06-12 12:37:00,97.7
2025-06-12 12:29:00,36.4
2025-06-12 12:34:00,49.88181818181819
2025-06-12 11:27:00,63.9
2025-06-12 18:15:00,6.5
2025-06-12 23:53:00,40.2
2025-06-12 18:07:00,68.8
2025-06-12 20:59:00,33.0
2025-06-12 15:07:00,24.7
2025-06-12 21:19:00,46.7
2025-06-12 14:05:00,97.0
2025-06-12 21:00:00,30.2
2025-06-12 04:06:00,85.0
2025-06-12 13:21:00,49.88181818181819
2025-06-12 15:05:00,98.4
2025-06-12 12:36:00,95.3
2025-06-12 14:48:00,23.8
2025-06-12 20:55:00,31.7
2025-06-12 04:56:00,48.9
2025-06-12 20:54:00,67.1
2025-06-12 18:41:00,77.2
2025-06-12 06:51:00,2.2
2025-06-12 22:27:00,41.0
2025-06-12 08:52:00,16.3
2025-06-12 07:26:00,49.88181818181819
2025-06-12 08:25:00,63.8
2025-06-12 09:03:00,53.7
2025-06-12 21:34:00,13.1
2025-06-12 03:36:00,49.88181818181819
2025-06-12 01:04:00,49.88181818181819
2025-06-12 21:01:00,32.8
2025-06-12 18:57:00,8.6
2025-06-12 20:50:00,49.88181818181819
2025-06-12 23:58:00,2.6
2025-06-12 09:12:00,62.7
2025-06-12 03:26:00,33.1
2025-06-12 05:48:00,49.88181818181819
2025-06-12 15:31:00,38.9
2025-06-12 19:14:00,50.0
2025-06-12 21:06:00,49.88181818181819
2025-06-12 17:04:00,24.6
2025-06-12 02:01:00,16.3
2025-06-12 05:41:00,2.3
2025-06-12 07:05:00,63.5
2025-06-12 23:29:00,21.7
2025-06-12 08:48:00,82.7
2025-06-12 18:05:00,19.0
2025-06-12 02:48:00,30.0
2025-06-12 00:08:00,42.4
2025-06-12 02:50:00,56.0
2025-06-12 22:03:00,61.8
2025-06-12 20:18:00,97.0
2025-06-12 05:10:00,97.4
2025-06-12 06:48:00,79.8
2025-06-12 02:49:00,49.88181818181819
2025-06-12 13:30:00,57.9
2025-06-12 08:21:00,13.0
2025-06-12 12:41:00,80.9
2025-06-12 16:39:00,68.9
2025-06-12 04:21:00,49.88181818181819
2025-06-12 23:08:00,55.7
2025-06-12 15:14:00,17.4
2025-06-12 17:21:00,48.1
2025-06-12 16:07:00,4.1
2025-06-12 22:44:00,26.3
2025-06-12 21:53:00,36.4
2025-06-12 05:04:00,72.6
2025-06-12 04:25:00,97.4
2025-06-12 10:59:00,12.7
2025-06-12 17:24:00,96.9
2025-06-12 22:42:00,15.1
2025-06-12 13:59:00,99.1
2025-06-12 07:13:00,42.0
2025-06-12 15:26:00,36.7
2025-06-12 02:25:00,95.7
2025-06-12 09:05:00,86.9
2025-06-12 12:12:00,44.7
2025-06-12 11:40:00,64.4
2025-06-12 09:01:00,50.1
2025-06-12 08:39:00,71.9
2025-06-12 04:07:00,83.4
2025-06-12 03:13:00,33.7
2025-06-12 14:31:00,49.88181818181819
2025-06-12 03:58:00,9.1
2025-06-12 21:55:00,14.6
2025-06-12 08:35:00,71.0
2025-06-12 06:03:00,49.88181818181819
2025-06-12 16:04:00,33.1
2025-06-12 00:20:00,85.9
2025-06-12 14:50:00,88.0
2025-06-12 23:21:00,0.6
2025-06-12 12:42:00,63.6
2025-06-12 00:36:00,31.7
2025-06-12 02:51:00,15.0
2025-06-12 01:22:00,72.5
2025-06-12 18:00:00,56.0
2025-06-12 06:19:00,34.6
2025-06-12 01:31:00,64.1
2025-06-12 16:17:00,97.1
2025-06-12 21:27:00,57.0
2025-06-12 11:52:00,6.2
2025-06-12 20:58:00,54.1
2025-06-12 12:04:00,43.6
2025-06-12 17:23:00,31.5
2025-06-12 09:17:00,14.1
2025-06-12 17:42:00,99.8
2025-06-12 02:41:00,49.88181818181819
2025-06-12 11:31:00,49.88181818181819
2025-06-12 19:37:00,49.88181818181819
2025-06-12 20:31:00,16.5
2025-06-12 11:56:00,56.8
2025-06-12 07:41:00,45.6
2025-06-12 21:54:00,4.9
2025-06-12 19:39:00,98.1
2025-06-12 03:02:00,22.2
2025-06-12 06:53:00,32.4
2025-06-12 00:34:00,77.6
2025-06-12 10:20:00,49.88181818181819
2025-06-12 23:11:00,25.1
2025-06-12 05:15:00,13.9
2025-06-12 20:51:00,68.0
2025-06-12 02:34:00,30.3
2025-06-12 03:19:00,49.88181818181819
2025-06-12 19:31:00,83.5
2025-06-12 14:01:00,88.6
2025-06-12 23:31:00,34.4
2025-06-12 11:37:00,4.0
2025-06-12 20:14:00,52.7
2025-06-12 15:27:00,7.4
2025-06-12 23:05:00,32.7
2025-06-12 14:28:00,24.4
2025-06-12 13:14:00,90.5
2025-06-12 01:54:00,50.7
2025-06-12 19:54:00,16.4
2025-06-12 23:35:00,85.1
2025-06-12 14:14:00,13.1
2025-06-12 05:05:00,60.4
2025-06-12 01:20:00,24.7
2025-06-12 08:15:00,49.88181818181819
2025-06-12 02:32:00,79.5
2025-06-12 03:44:00,61.0
2025-06-12 10:56:00,49.88181818181819
2025-06-12 11:07:00,16.7
2025-06-12 06:06:00,42.8
2025-06-12 06:25:00,49.88181818181819
2025-06-12 09:54:00,58.8
2025-06-12 09:29:00,35.3
2025-06-12 04:16:00,63.1
2025-06-12 13:19:00,93.0
2025-06-12 02:16:00,77.6
2025-06-12 10:11:00,10.6
2025-06-12 09:23:00,92.1
2025-06-12 15:21:00,27.8
2025-06-12 10:51:00,66.3
2025-06-12 21:52:00,20.2
2025-06-12 10:19:00,71.2
2025-06-12 04:34:00,73.3
2025-06-12 14:27:00,96.1
2025-06-12 01:01:00,97.3
2025-06-12 18:13:00,49.88181818181819
2025-06-12 08:05:00,49.88181818181819
2025-06-12 04:40:00,50.8
2025-06-12 02:27:00,58.9
2025-06-12 09:59:00,61.8
2025-06-12 14:03:00,47.2
2025-06-12 19:48:00,95.4
2025-06-12 00:49:00,12.8
2025-06-12 23:39:00,28.0
2025-06-12 19:52:00,87.3
2025-06-12 03:29:00,63.3
2025-06-12 15:09:00,73.2
2025-06-12 19:45:00,97.1
2025-06-12 23:37:00,49.88181818181819
2025-06-12 16:21:00,68.6
2025-06-12 13:51:00,91.1
2025-06-12 04:35:00,17.0
2025-06-12 11:22:00,6.8
2025-06-12 22:31:00,77.2
2025-06-12 12:14:00,49.88181818181819
2025-06-12 21:09:00,63.5
2025-06-12 19:58:00,85.4
2025-06-12 10:13:00,49.88181818181819
2025-06-12 22:02:00,39.5
2025-06-12 10:52:00,39.6
2025-06-12 00:10:00,89.5
2025-06-12 06:31:00,13.6
2025-06-12 19:20:00,96.5
2025-06-12 21:31:00,65.2
2025-06-12 22:24:00,80.3
2025-06-12 22:20:00,98.4
2025-06-12 12:26:00,94.8
2025-06-12 21:04:00,77.1
2025-06-12 09:02:00,99.0
2025-06-12 16:13:00,11.7
2025-06-12 06:17:00,49.88181818181819
2025-06-12 03:54:00,49.88181818181819
2025-06-12 07:35:00,19.1
2025-06-12 04:11:00,42.2
2025-06-12 18:31:00,69.6
2025-06-12 17:22:00,82.2
2025-06-12 19:35:00,49.88181818181819
2025-06-12 08:01:00,36.7
2025-06-12 20:15:00,17.7
2025-06-12 04:24:00,13.3
2025-06-12 12:19:00,49.88181818181819
2025-06-12 23:19:00,49.88181818181819
2025-06-12 20:41:00,2.8
2025-06-12 06:07:00,12.3
2025-06-12 13:32:00,62.6
2025-06-12 02:35:00,68.1
2025-06-12 03:04:00,94.4
2025-06-12 16:49:00,49.88181818181819
2025-06-12 11:21:00,11.6
2025-06-12 15:51:00,4.3
2025-06-12 08:26:00,72.6
2025-06-12 23:22:00,94.5
2025-06-12 04:31:00,49.88181818181819
2025-06-12 09:33:00,49.88181818181819
2025-06-12 11:12:00,49.88181818181819
2025-06-12 07:47:00,29.8
2025-06-12 18:01:00,2.3
2025-06-12 06:36:00,7.2
2025-06-12 00:44:00,3.7
2025-06-12 07:25:00,27.3
2025-06-12 16:46:00,69.0
2025-06-12 03:10:00,45.9
2025-06-12 10:35:00,30.4
2025-06-12 20:32:00,62.9
2025-06-12 12:18:00,40.1
2025-06-12 11:39:00,47.3
2025-06-12 11:13:00,0.9
2025-06-12 15:01:00,69.8
2025-06-12 21:49:00,24.9
2025-06-12 05:38:00,49.88181818181819
2025-06-12 16:10:00,57.1
2025-06-12 20:09:00,13.3
2025-06-12 00:25:00,61.4
2025-06-12 06:21:00,26.0
2025-06-12 23:52:00,5.6
2025-06-12 05:36:00,4.4
2025-06-12 09:20:00,28.6
2025-06-12 19:40:00,69.8
2025-06-12 03:51:00,3.9
2025-06-12 14:52:00,39.1
2025-06-12 07:15:00,43.5
2025-06-12 07:52:00,44.0
2025-06-12 08:42:00,78.9
2025-06-12 20:47:00,38.7
2025-06-12 18:06:00,49.88181818181819
2025-06-12 21:33:00,49.88181818181819
2025-06-12 05:40:00,67.4
2025-06-12 16:01:00,84.3
2025-06-12 08:30:00,15.1
2025-06-12 12:57:00,2.1
2025-06-12 12:35:00,77.1
2025-06-12 04:58:00,4.5
2025-06-12 06:37:00,12.7
2025-06-12 10:41:00,75.5
2025-06-12 20:38:00,27.2
2025-06-12 00:50:00,24.8
2025-06-12 03:01:00,50.019744401453856
2025-06-12 10:28:00,84.5
2025-06-12 12:32:00,2.2
2025-06-12 07:51:00,47.1
2025-06-12 11:57:00,48.2
2025-06-12 08:08:00,86.7
2025-06-12 13:54:00,50.019744401453856
2025-06-12 05:47:00,65.7
2025-06-12 18:00:00,23.4
2025-06-12 21:01:00,50.0
2025-06-12 12:22:00,64.8
2025-06-12 15:01:00,31.5
2025-06-12 09:59:00,89.5
2025-06-12 01:21:00,44.3
2025-06-12 18:18:00,76.2
2025-06-12 17:52:00,63.5
2025-06-12 08:03:00,64.4
2025-06-12 11:42:00,90.5
2025-06-12 17:34:00,89.3
2025-06-12 21:17:00,55.9
2025-06-12 21:12:00,79.7
2025-06-12 08:14:00,4.2
2025-06-12 07:53:00,85.0
2025-06-12 04:43:00,65.9
2025-06-12 20:24:00,7.0
2025-06-12 15:03:00,80.6
2025-06-12 05:29:00,41.8
2025-06-12 14:35:00,82.5
2025-06-12 16:16:00,20.8
2025-06-12 21:53:00,63.2
2025-06-12 15:37:00,59.7
2025-06-12 13:29:00,52.9
2025-06-12 10:24:00,23.5
2025-06-12 21:10:00,55.0
2025-06-12 20:06:00,66.9
2025-06-12 15:11:00,60.1
2025-06-12 16:25:00,90.2
2025-06-12 23:44:00,44.6
2025-06-12 18:29:00,11.1
2025-06-12 20:04:00,50.019744401453856
2025-06-12 22:55:00,90.7
2025-06-12 06:16:00,55.0
2025-06-12 19:50:00,14.2
2025-06-12 20:08:00,6.1
2025-06-12 00:07:00,50.019744401453856
2025-06-12 13:00:00,43.7
2025-06-12 01:04:00,57.2
2025-06-12 07:25:00,88.9
2025-06-12 12:01:00,90.9
2025-06-12 02:03:00,41.6
2025-06-12 13:22:00,27.0
2025-06-12 16:54:00,61.9
2025-06-12 11:59:00,28.3
2025-06-12 16:22:00,26.9
2025-06-12 20:16:00,96.4
2025-06-12 10:12:00,6.5
2025-06-12 23:53:00,51.5
2025-06-12 05:15:00,50.019744401453856
2025-06-12 03:42:00,9.5
2025-06-12 03:13:00,27.4
2025-06-12 08:34:00,59.7
2025-06-12 01:01:00,67.2
2025-06-12 18:43:00,49.8
2025-06-12 00:29:00,2.9
2025-06-12 02:36:00,84.1
2025-06-12 04:25:00,15.8
2025-06-12 09:46:00,24.0
2025-06-12 00:10:00,50.019744401453856
2025-06-12 13:38:00,63.3
2025-06-12 04:15:00,68.1
2025-06-12 13:52:00,36.3
2025-06-12 04:18:00,77.6
2025-06-12 02:18:00,27.4
2025-06-12 00:26:00,73.6
2025-06-12 21:52:00,50.019744401453856
2025-06-12 20:57:00,24.9
2025-06-12 20:21:00,62.7
2025-06-12 06:58:00,65.3
2025-06-12 07:30:00,78.7
2025-06-12 03:27:00,37.9
2025-06-12 11:11:00,24.7
2025-06-12 23:51:00,55.2
2025-06-12 19:07:00,10.9
2025-06-12 10:05:00,77.6
2025-06-12 12:24:00,10.3
2025-06-12 10:50:00,50.019744401453856
2025-06-12 08:16:00,1.7
2025-06-12 21:59:00,70.7
2025-06-12 09:33:00,57.9
2025-06-12 03:49:00,50.019744401453856
2025-06-12 05:53:00,34.7
2025-06-12 15:12:00,53.9
2025-06-12 23:26:00,68.5
2025-06-12 00:38:00,52.6
2025-06-12 00:30:00,77.7
2025-06-12 03:45:00,10.1
2025-06-12 18:14:00,10.6
2025-06-12 19:05:00,9.8
2025-06-12 03:10:00,48.8
2025-06-12 21:32:00,57.1
2025-06-12 02:09:00,82.0
2025-06-12 00:34:00,99.1
2025-06-12 18:04:00,98.3
2025-06-12 16:48:00,92.4
2025-06-12 02:38:00,50.019744401453856
2025-06-12 01:00:00,38.4
2025-06-12 03:50:00,93.9
2025-06-12 09:01:00,8.4
2025-06-12 07:26:00,72.1
2025-06-12 12:58:00,50.019744401453856
2025-06-12 00:37:00,95.3
2025-06-12 17:09:00,80.2
2025-06-12 22:59:00,62.0
2025-06-12 23:09:00,34.4
2025-06-12 10:45:00,99.9
2025-06-12 20:56:00,81.5
2025-06-12 06:03:00,85.9
2025-06-12 11:56:00,31.9
2025-06-12 10:34:00,34.3
2025-06-12 04:03:00,37.5
2025-06-12 14:41:00,54.0
2025-06-12 20:13:00,50.019744401453856
2025-06-12 17:13:00,52.9
2025-06-12 15:19:00,50.019744401453856
2025-06-12 03:53:00,42.6
2025-06-12 05:46:00,50.019744401453856
2025-06-12 07:07:00,43.1
2025-06-12 06:49:00,29.5
2025-06-12 13:50:00,89.4
2025-06-12 22:16:00,16.0
2025-06-12 16:44:00,39.5
2025-06-12 22:08:00,50.019744401453856
2025-06-12 08:20:00,50.019744401453856
2025-06-12 05:16:00,53.2
2025-06-12 08:13:00,31.9
2025-06-12 01:43:00,82.1
2025-06-12 09:36:00,50.019744401453856
2025-06-12 06:00:00,55.1
2025-06-12 09:42:00,43.8
2025-06-12 04:05:00,64.7
2025-06-12 06:26:00,97.9
2025-06-12 11:00:00,34.7
2025-06-12 03:41:00,69.4
2025-06-12 22:29:00,50.9
2025-06-12 12:34:00,54.9
2025-06-12 02:04:00,2.1
2025-06-12 11:30:00,56.7
2025-06-12 02:28:00,42.2
2025-06-12 21:41:00,68.8
2025-06-12 22:18:00,15.9
2025-06-12 23:52:00,42.6
2025-06-12 04:12:00,68.4
2025-06-12 12:17:00,61.3
2025-06-12 07:05:00,42.9
2025-06-12 09:07:00,98.2
2025-06-12 12:44:00,68.2
2025-06-12 15:28:00,50.019744401453856
2025-06-12 04:29:00,50.019744401453856
2025-06-12 11:41:00,0.2
2025-06-12 21:31:00,50.019744401453856
2025-06-12 18:22:00,10.1
2025-06-12 00:39:00,87.5
2025-06-12 02:44:00,50.019744401453856
2025-06-12 01:59:00,9.3
2025-06-12 08:37:00,5.2
2025-06-12 20:10:00,51.2
2025-06-12 23:38:00,39.5
2025-06-12 07:55:00,68.6
2025-06-12 07:06:00,50.019744401453856
2025-06-12 18:09:00,22.3
2025-06-12 18:52:00,2.1
2025-06-12 21:43:00,49.2
2025-06-12 12:26:00,50.019744401453856
2025-06-12 23:14:00,85.5
2025-06-12 16:58:00,79.0
2025-06-12 01:31:00,94.8
2025-06-12 22:13:00,52.0
2025-06-12 02:30:00,17.5
2025-06-12 05:18:00,4.0
2025-06-12 14:49:00,50.019744401453856
2025-06-12 17:21:00,29.8
2025-06-12 01:18:00,48.3
2025-06-12 22:34:00,50.019744401453856
2025-06-12 09:41:00,52.9
2025-06-12 10:08:00,37.2
2025-06-12 04:38:00,40.5
2025-06-12 01:17:00,38.4
2025-06-12 01:40:00,78.6
2025-06-12 16:36:00,22.2
2025-06-12 03:54:00,47.0
2025-06-12 16:28:00,79.6
2025-06-12 07:34:00,56.7
2025-06-12 17:27:00,85.8
2025-06-12 23:15:00,9.7
2025-06-12 14:45:00,66.4
2025-06-12 02:53:00,21.9
2025-06-12 15:32:00,66.3
2025-06-12 04:55:00,2.5
2025-06-12 11:20:00,18.7
2025-06-12 08:33:00,71.7
2025-06-12 03:43:00,3.2
2025-06-12 07:01:00,88.9
2025-06-12 22:41:00,26.0
2025-06-12 22:43:00,79.2
2025-06-12 20:59:00,50.019744401453856
2025-06-12 22:14:00,84.1
2025-06-12 19:14:00,64.3
2025-06-12 15:22:00,50.019744401453856
2025-06-12 15:44:00,52.5
2025-06-12 19:09:00,44.4
2025-06-12 16:20:00,50.019744401453856
2025-06-12 16:04:00,50.019744401453856
2025-06-12 16:05:00,27.6
2025-06-12 06:50:00,50.019744401453856
2025-06-12 23:20:00,49.9
2025-06-12 22:30:00,50.7
2025-06-12 03:28:00,50.019744401453856
2025-06-12 21:46:00,56.1
2025-06-12 11:33:00,68.9
2025-06-12 20:09:00,62.3
2025-06-12 16:10:00,76.2
2025-06-12 12:06:00,39.1
2025-06-12 12:48:00,41.0
2025-06-12 12:11:00,28.7
2025-06-12 05:04:00,92.0
2025-06-12 02:46:00,57.4
2025-06-12 08:53:00,89.9
2025-06-12 10:51:00,7.6
2025-06-12 20:23:00,26.2
2025-06-12 17:59:00,65.7
2025-06-12 12:57:00,93.1
2025-06-12 06:22:00,22.7
2025-06-12 15:05:00,20.3
2025-06-12 16:33:00,50.019744401453856
2025-06-12 01:05:00,18.2
2025-06-12 21:25:00,97.0
2025-06-12 08:49:00,75.0
2025-06-12 02:29:00,82.4
2025-06-12 16:43:00,67.5
2025-06-12 19:13:00,82.4
2025-06-12 04:53:00,39.7
2025-06-12 16:45:00,99.0
2025-06-12 04:23:00,97.9
2025-06-12 13:58:00,43.8
2025-06-12 19:54:00,30.7
2025-06-12 11:29:00,85.8
2025-06-12 22:21:00,57.6
2025-06-12 12:10:00,62.3
2025-06-12 19:24:00,76.3
2025-06-12 15:59:00,23.5
2025-06-12 04:41:00,97.7
2025-06-12 05:51:00,20.1
2025-06-12 05:05:00,62.6
2025-06-12 23:22:00,47.6
2025-06-12 02:26:00,17.0
2025-06-12 07:00:00,57.6
2025-06-12 02:31:00,75.7
2025-06-12 06:13:00,48.3
2025-06-12 00:41:00,65.7
2025-06-12 17:36:00,62.6
2025-06-12 00:24:00,91.3
2025-06-12 11:46:00,50.019744401453856
2025-06-12 12:21:00,68.5
2025-06-12 10:46:00,23.6
2025-06-12 12:37:00,0.2
2025-06-12 16:07:00,56.1
2025-06-12 13:13:00,20.4
2025-06-12 02:39:00,73.9
2025-06-12 10:40:00,50.019744401453856
2025-06-12 15:24:00,50.019744401453856
2025-06-12 01:20:00,26.3
2025-06-12 15:47:00,84.3
2025-06-12 22:56:00,50.019744401453856
2025-06-12 17:31:00,91.7
2025-06-12 22:01:00,36.8
2025-06-12 05:28:00,50.2
2025-06-12 17:11:00,4.7
2025-06-12 12:46:00,7.8
2025-06-12 19:53:00,76.3
2025-06-12 04:22:00,7.3
2025-06-12 21:36:00,18.0
2025-06-12 04:49:00,27.4
2025-06-12 02:54:00,30.9
2025-06-12 14:59:00,37.9
2025-06-12 08:07:00,14.6
2025-06-12 05:13:00,6.0
2025-06-12 20:19:00,96.9
2025-06-12 20:30:00,85.8
2025-06-12 09:44:00,75.5
2025-06-12 23:43:00,43.0
2025-06-12 09:08:00,43.0
2025-06-12 09:32:00,8.5
2025-06-12 14:05:00,2.6
2025-06-12 20:11:00,71.0
2025-06-12 18:02:00,69.7
2025-06-12 21:02:00,50.019744401453856
2025-06-12 01:47:00,80.0
2025-06-12 16:18:00,26.0
2025-06-12 12:43:00,48.2
2025-06-12 18:33:00,42.2
2025-06-12 10:21:00,72.0
2025-06-12 08:17:00,63.0
2025-06-12 16:31:00,68.1
2025-06-12 16:12:00,49.0
2025-06-12 22:00:00,50.0
2025-06-12 12:35:00,70.1
2025-06-12 21:00:00,86.2
2025-06-12 14:02:00,49.94205948042788
2025-06-12 12:03:00,19.7
2025-06-12 18:39:00,19.2
2025-06-12 18:57:00,73.5
2025-06-12 04:44:00,11.1
2025-06-12 16:48:00,12.0
2025-06-12 19:43:00,22.0
2025-06-12 01:17:00,92.4
2025-06-12 18:23:00,24.3
2025-06-12 04:07:00,13.4
2025-06-12 02:53:00,14.3
2025-06-12 00:24:00,1.2
2025-06-12 18:04:00,16.2
2025-06-12 12:27:00,30.9
2025-06-12 01:00:00,36.6
2025-06-12 08:56:00,94.3
2025-06-12 01:48:00,69.5
2025-06-12 15:32:00,36.7
2025-06-12 11:36:00,8.5
2025-06-12 14:22:00,70.2
2025-06-12 10:31:00,0.8
2025-06-12 16:31:00,14.3
2025-06-12 16:51:00,49.94205948042788
2025-06-12 17:26:00,39.3
2025-06-12 18:09:00,52.1
2025-06-12 07:21:00,35.3
2025-06-12 16:35:00,88.2
2025-06-12 00:08:00,75.6
2025-06-12 20:07:00,49.94205948042788
2025-06-12 03:16:00,70.3
2025-06-12 03:42:00,40.3
2025-06-12 14:35:00,49.94205948042788
2025-06-12 03:57:00,49.94205948042788
2025-06-12 08:00:00,22.5
2025-06-12 12:56:00,49.94205948042788
2025-06-12 17:54:00,34.0
2025-06-12 10:43:00,49.94205948042788
2025-06-12 07:01:00,43.8
2025-06-12 16:45:00,62.6
2025-06-12 07:14:00,88.3
2025-06-12 09:57:00,82.1
2025-06-12 11:10:00,37.8
2025-06-12 23:26:00,60.1
2025-06-12 13:17:00,66.6
2025-06-12 12:32:00,38.5
2025-06-12 23:43:00,79.6
2025-06-12 06:04:00,14.3
2025-06-12 15:02:00,68.6
2025-06-12 20:21:00,59.7
2025-06-12 00:02:00,13.0
2025-06-12 10:06:00,49.94205948042788
2025-06-12 14:48:00,23.7
2025-06-12 20:06:00,16.6
2025-06-12 02:19:00,58.3
2025-06-12 09:04:00,4.3
2025-06-12 13:54:00,56.8
2025-06-12 18:50:00,85.8
2025-06-12 09:22:00,36.4
2025-06-12 09:23:00,49.94205948042788
2025-06-12 15:13:00,56.8
2025-06-12 08:40:00,53.5
2025-06-12 12:40:00,87.5
2025-06-12 05:38:00,29.8
2025-06-12 14:17:00,95.8
2025-06-12 21:27:00,46.2
2025-06-12 08:59:00,9.3
2025-06-12 13:42:00,72.8
2025-06-12 23:19:00,32.1
2025-06-12 20:22:00,27.1
2025-06-12 20:09:00,49.94205948042788
2025-06-12 17:16:00,24.1
2025-06-12 12:16:00,93.4
2025-06-12 19:15:00,39.2
2025-06-12 00:19:00,82.4
2025-06-12 04:03:00,8.5
2025-06-12 23:38:00,15.2
2025-06-12 19:21:00,67.7
2025-06-12 09:59:00,12.0
2025-06-12 09:52:00,93.2
2025-06-12 18:59:00,19.1
2025-06-12 08:46:00,42.4
2025-06-12 09:42:00,49.94205948042788
2025-06-12 09:16:00,49.94205948042788
2025-06-12 09:14:00,99.8
2025-06-12 01:16:00,39.6
2025-06-12 16:37:00,13.0
2025-06-12 01:58:00,81.8
2025-06-12 06:56:00,49.94205948042788
2025-06-12 23:39:00,37.9
2025-06-12 12:33:00,67.7
2025-06-12 04:24:00,87.3
2025-06-12 21:09:00,19.9
2025-06-12 08:30:00,67.7
2025-06-12 23:04:00,48.2
2025-06-12 12:14:00,35.9
2025-06-12 12:08:00,14.0
2025-06-12 00:39:00,7.4
2025-06-12 08:11:00,47.8
2025-06-12 20:15:00,5.9
2025-06-12 10:27:00,37.7
2025-06-12 00:58:00,66.4
2025-06-12 13:56:00,49.94205948042788
2025-06-12 23:27:00,16.9
2025-06-12 23:11:00,93.5
2025-06-12 08:50:00,92.0
2025-06-12 00:30:00,40.3
2025-06-12 02:21:00,49.94205948042788
2025-06-12 10:20:00,23.8
2025-06-12 12:55:00,49.3
2025-06-12 08:13:00,92.1
2025-06-12 08:53:00,49.94205948042788
2025-06-12 05:04:00,12.1
2025-06-12 21:30:00,0.3
2025-06-12 07:57:00,61.1
2025-06-12 18:35:00,26.0
2025-06-12 08:23:00,60.9
2025-06-12 20:59:00,88.6
2025-06-12 04:15:00,7.6
2025-06-12 14:42:00,31.6
2025-06-12 03:46:00,49.94205948042788
2025-06-12 00:20:00,49.94205948042788
2025-06-12 11:03:00,66.0
2025-06-12 07:04:00,97.9
2025-06-12 23:56:00,0.4
2025-06-12 06:02:00,47.9
2025-06-12 20:56:00,86.1
2025-06-12 07:50:00,49.94205948042788
2025-06-12 15:11:00,36.4
2025-06-12 19:41:00,49.94205948042788
2025-06-12 09:53:00,64.7
2025-06-12 19:03:00,1.7
2025-06-12 17:28:00,38.0
2025-06-12 02:22:00,38.0
2025-06-12 18:29:00,85.1
2025-06-12 21:44:00,56.1
2025-06-12 14:43:00,97.8
2025-06-12 02:25:00,49.94205948042788
2025-06-12 03:30:00,97.5
2025-06-12 00:17:00,19.3
2025-06-12 10:48:00,42.3
2025-06-12 08:44:00,56.8
2025-06-12 23:22:00,25.0
2025-06-12 13:30:00,24.7
2025-06-12 00:06:00,19.0
2025-06-12 13:07:00,32.0
2025-06-12 03:32:00,89.5
2025-06-12 19:40:00,82.0
2025-06-12 10:02:00,11.7
2025-06-12 10:30:00,34.3
2025-06-12 09:37:00,52.5
2025-06-12 10:23:00,3.4
2025-06-12 03:25:00,49.94205948042788
2025-06-12 05:57:00,31.9
2025-06-12 19:56:00,74.7
2025-06-12 00:33:00,88.5
2025-06-12 01:44:00,95.1
2025-06-12 04:58:00,20.4
2025-06-12 10:24:00,7.9
2025-06-12 06:26:00,76.2
2025-06-12 18:43:00,48.5
2025-06-12 04:26:00,13.1
2025-06-12 15:06:00,28.6
2025-06-12 21:36:00,69.4
2025-06-12 21:28:00,23.8
2025-06-12 22:27:00,49.0
2025-06-12 23:45:00,94.9
2025-06-12 13:59:00,30.2
2025-06-12 05:15:00,82.8
2025-06-12 14:55:00,54.1
2025-06-12 02:24:00,20.8
2025-06-12 10:46:00,10.3
2025-06-12 06:38:00,79.6
2025-06-12 03:09:00,5.9
2025-06-12 09:06:00,49.94205948042788
2025-06-12 15:51:00,13.0
2025-06-12 00:43:00,49.94205948042788
2025-06-12 20:49:00,49.94205948042788
2025-06-12 03:44:00,43.3
2025-06-12 22:53:00,52.2
2025-06-12 06:28:00,28.6
2025-06-12 06:18:00,49.94205948042788
2025-06-12 08:32:00,18.0
2025-06-12 11:52:00,10.8
2025-06-12 02:45:00,49.94205948042788
2025-06-12 09:34:00,27.7
2025-06-12 10:10:00,49.94205948042788
2025-06-12 17:44:00,3.5
2025-06-12 22:50:00,65.8
2025-06-12 06:48:00,2.6
2025-06-12 15:49:00,52.8
2025-06-12 12:49:00,12.5
2025-06-12 11:34:00,1.9
2025-06-12 14:07:00,86.2
2025-06-12 16:39:00,69.7
2025-06-12 11:01:00,13.2
2025-06-12 06:07:00,29.7
2025-06-12 07:40:00,6.7
2025-06-12 10:11:00,89.2
2025-06-12 19:33:00,49.94205948042788
2025-06-12 01:13:00,79.5
2025-06-12 08:01:00,30.6
2025-06-12 23:33:00,56.4
2025-06-12 22:30:00,14.1
2025-06-12 05:29:00,58.2
2025-06-12 12:04:00,49.94205948042788
2025-06-12 11:06:00,49.94205948042788
2025-06-12 20:28:00,49.94205948042788
2025-06-12 16:50:00,74.3
2025-06-12 13:12:00,49.94205948042788
2025-06-12 22:03:00,59.5
2025-06-12 06:08:00,19.0
2025-06-12 01:23:00,78.6
2025-06-12 21:32:00,3.9
2025-06-12 05:23:00,60.1
2025-06-12 15:59:00,25.0
2025-06-12 05:10:00,13.6
2025-06-12 05:26:00,3.0
2025-06-12 06:23:00,36.1
2025-06-12 02:10:00,90.6
2025-06-12 19:34:00,12.5
2025-06-12 17:59:00,71.1
2025-06-12 23:20:00,82.0
2025-06-12 03:56:00,42.3
2025-06-12 09:07:00,39.8
2025-06-12 06:41:00,48.0
2025-06-12 20:18:00,49.94205948042788
2025-06-12 12:23:00,34.2
2025-06-12 09:51:00,55.6
2025-06-12 18:11:00,8.8
2025-06-12 18:51:00,8.9
2025-06-12 15:00:00,57.7
2025-06-12 12:22:00,25.1
2025-06-12 06:33:00,29.1
2025-06-12 22:37:00,28.9
2025-06-12 23:53:00,21.9
2025-06-12 03:35:00,88.8
2025-06-12 05:30:00,13.0
2025-06-12 13:21:00,71.7
2025-06-12 15:01:00,12.8
2025-06-12 22:58:00,17.8
2025-06-12 09:50:00,84.6
2025-06-12 16:15:00,8.8
2025-06-12 09:46:00,56.3
2025-06-12 07:49:00,8.2
2025-06-12 03:06:00,19.7
2025-06-12 13:13:00,49.7
2025-06-12 11:00:00,66.3
2025-06-12 18:38:00,49.94205948042788
2025-06-12 17:52:00,75.4
2025-06-12 08:09:00,1.0
2025-06-12 18:18:00,62.4
2025-06-12 14:01:00,47.8
2025-06-12 05:50:00,80.5
2025-06-12 00:38:00,9.8
2025-06-12 21:56:00,49.94205948042788
2025-06-12 23:46:00,21.1
2025-06-12 11:38:00,98.4
2025-06-12 00:12:00,47.7
2025-06-12 18:16:00,40.9
2025-06-12 03:59:00,56.5
2025-06-12 01:53:00,49.94205948042788
2025-06-12 02:39:00,48.8
2025-06-12 08:48:00,29.8
2025-06-12 01:30:00,10.0
2025-06-12 14:28:00,97.7
2025-06-12 00:54:00,57.8
2025-06-12 18:26:00,90.3
2025-06-12 15:27:00,58.3
2025-06-12 18:01:00,49.94205948042788
2025-06-12 19:46:00,58.2
2025-06-12 14:11:00,64.7
2025-06-12 20:54:00,71.4
2025-06-12 15:09:00,49.94205948042788
2025-06-12 17:06:00,58.1
2025-06-12 14:46:00,59.4
2025-06-12 10:45:00,47.4
2025-06-12 14:34:00,50.9
2025-06-12 18:24:00,52.4
2025-06-12 09:44:00,49.94205948042788
2025-06-12 10:26:00,49.94205948042788
2025-06-12 07:11:00,49.94205948042788
2025-06-12 16:58:00,49.94205948042788
2025-06-12 19:00:00,21.4
2025-06-12 07:30:00,24.0
2025-06-12 09:27:00,73.3
2025-06-12 04:42:00,30.5
2025-06-12 23:15:00,36.8
2025-06-12 15:48:00,53.7
2025-06-12 10:29:00,17.1
2025-06-12 01:57:00,53.8
2025-06-12 00:29:00,49.94205948042788
2025-06-12 07:47:00,33.1
2025-06-12 04:38:00,78.4
2025-06-12 01:27:00,49.94205948042788
2025-06-12 07:25:00,97.9
2025-06-12 01:32:00,49.94205948042788
2025-06-12 09:00:00,49.94205948042788
2025-06-12 11:18:00,65.1
2025-06-12 13:51:00,5.8
2025-06-12 14:45:00,34.0
2025-06-12 14:59:00,84.3
2025-06-12 15:31:00,38.0
2025-06-12 12:09:00,51.4
2025-06-12 14:21:00,4.1
2025-06-12 09:39:00,87.6
2025-06-12 18:46:00,14.3
2025-06-12 06:21:00,99.7
2025-06-12 22:55:00,73.4
2025-06-12 06:20:00,0.1
2025-06-12 18:34:00,50.024092836946274
2025-06-12 22:30:00,95.5
2025-06-12 15:52:00,32.7
2025-06-12 22:12:00,22.6
2025-06-12 15:46:00,9.4
2025-06-12 13:36:00,24.0
2025-06-12 17:10:00,81.8
2025-06-12 10:54:00,23.0
2025-06-12 02:30:00,3.8
2025-06-12 06:38:00,49.5
2025-06-12 18:25:00,33.0
2025-06-12 13:26:00,17.5
2025-06-12 01:07:00,50.024092836946274
2025-06-12 17:36:00,34.8
2025-06-12 00:14:00,49.1
2025-06-12 13:12:00,19.5
2025-06-12 23:35:00,46.6
2025-06-12 20:55:00,13.7
2025-06-12 12:31:00,76.2
2025-06-12 07:13:00,7.0
2025-06-12 17:06:00,99.0
2025-06-12 10:46:00,60.9
2025-06-12 04:45:00,54.8
2025-06-12 12:36:00,96.5
2025-06-12 20:47:00,17.6
2025-06-12 15:56:00,86.7
2025-06-12 04:31:00,55.7
2025-06-12 08:42:00,14.2
2025-06-12 17:23:00,76.5
2025-06-12 12:07:00,46.7
2025-06-12 20:53:00,88.3
2025-06-12 03:03:00,34.6
2025-06-12 22:08:00,10.8
2025-06-12 19:05:00,50.024092836946274
2025-06-12 13:20:00,90.1
2025-06-12 16:27:00,42.5
2025-06-12 12:58:00,50.024092836946274
2025-06-12 07:37:00,76.0
2025-06-12 08:31:00,0.2
2025-06-12 06:22:00,92.5
2025-06-12 05:28:00,75.2
2025-06-12 03:39:00,0.1
2025-06-12 18:07:00,37.4
2025-06-12 17:05:00,14.2
2025-06-12 04:17:00,48.7
2025-06-12 10:12:00,50.024092836946274
2025-06-12 19:15:00,5.2
2025-06-12 08:10:00,9.8
2025-06-12 11:41:00,3.0
2025-06-12 21:31:00,25.2
2025-06-12 03:31:00,50.024092836946274
2025-06-12 05:04:00,80.0
2025-06-12 21:06:00,9.5
2025-06-12 00:09:00,27.8
2025-06-12 15:15:00,62.7
2025-06-12 16:41:00,91.9
2025-06-12 14:13:00,50.024092836946274
2025-06-12 19:12:00,50.024092836946274
2025-06-12 20:06:00,31.9
2025-06-12 09:35:00,54.4
2025-06-12 10:18:00,27.5
2025-06-12 05:15:00,20.5
2025-06-12 01:59:00,64.2
2025-06-12 00:44:00,37.1
2025-06-12 08:55:00,88.7
2025-06-12 21:27:00,73.7
2025-06-12 06:57:00,66.2
2025-06-12 20:35:00,93.7
2025-06-12 11:39:00,81.1
2025-06-12 02:02:00,71.3
2025-06-12 10:50:00,75.4
2025-06-12 02:11:00,78.3
2025-06-12 01:57:00,8.8
2025-06-12 22:22:00,78.3
2025-06-12 19:02:00,31.7
2025-06-12 10:39:00,11.5
2025-06-12 00:47:00,53.9
2025-06-12 02:13:00,61.0
2025-06-12 14:45:00,2.8
2025-06-12 22:56:00,43.3
2025-06-12 21:48:00,88.7
2025-06-12 09:11:00,79.0
2025-06-12 02:43:00,82.2
2025-06-12 16:12:00,19.2
2025-06-12 02:32:00,79.1
2025-06-12 04:48:00,99.5
2025-06-12 18:00:00,24.4
2025-06-12 02:04:00,88.7
2025-06-12 00:42:00,65.9
2025-06-12 14:38:00,18.3
2025-06-12 12:50:00,4.5
2025-06-12 21:29:00,2.6
2025-06-12 20:42:00,10.1
2025-06-12 17:48:00,20.2
2025-06-12 08:04:00,50.024092836946274
2025-06-12 01:06:00,50.024092836946274
2025-06-12 02:20:00,12.4
2025-06-12 09:57:00,50.024092836946274
2025-06-12 23:11:00,87.0
2025-06-12 15:01:00,50.024092836946274
2025-06-12 09:45:00,37.0
2025-06-12 06:39:00,68.3
2025-06-12 13:58:00,30.1
2025-06-12 11:12:00,36.7
2025-06-12 17:21:00,34.9
2025-06-12 07:03:00,39.6
2025-06-12 06:35:00,50.024092836946274
2025-06-12 07:06:00,91.2
2025-06-12 02:08:00,1.5
2025-06-12 04:24:00,62.4
2025-06-12 21:13:00,59.8
2025-06-12 10:23:00,1.3
2025-06-12 10:36:00,99.7
2025-06-12 07:15:00,74.3
2025-06-12 17:59:00,50.024092836946274
2025-06-12 12:17:00,38.8
2025-06-12 12:27:00,85.0
2025-06-12 06:07:00,87.1
2025-06-12 12:18:00,95.3
2025-06-12 19:11:00,65.6
2025-06-12 13:31:00,14.1
2025-06-12 10:10:00,50.024092836946274
2025-06-12 12:41:00,93.7
2025-06-12 09:22:00,50.024092836946274
2025-06-12 22:57:00,76.8
2025-06-12 10:29:00,38.9
2025-06-12 07:29:00,4.7
2025-06-12 10:56:00,87.7
2025-06-12 03:28:00,65.7
2025-06-12 07:08:00,95.6
2025-06-12 23:53:00,62.3
2025-06-12 14:56:00,50.024092836946274
2025-06-12 03:34:00,78.1
2025-06-12 01:58:00,50.024092836946274
2025-06-12 17:43:00,49.3
2025-06-12 03:12:00,67.4
2025-06-12 15:40:00,16.3
2025-06-12 08:39:00,49.2
2025-06-12 14:30:00,30.5
2025-06-12 01:29:00,46.1
2025-06-12 02:29:00,46.9
2025-06-12 12:43:00,6.5
2025-06-12 02:52:00,94.9
2025-06-12 22:40:00,82.8
2025-06-12 11:34:00,0.6
2025-06-12 01:24:00,50.024092836946274
2025-06-12 08:21:00,70.9
2025-06-12 07:57:00,5.8
2025-06-12 20:11:00,92.7
2025-06-12 01:20:00,50.024092836946274
2025-06-12 06:44:00,57.1
2025-06-12 21:05:00,82.5
2025-06-12 04:22:00,6.8
2025-06-12 08:27:00,44.2
2025-06-12 18:11:00,72.7
2025-06-12 03:45:00,53.8
2025-06-12 17:50:00,13.1
2025-06-12 14:02:00,4.0
2025-06-12 21:33:00,52.2
2025-06-12 22:04:00,68.4
2025-06-12 16:22:00,50.024092836946274
2025-06-12 21:12:00,50.024092836946274
2025-06-12 19:41:00,31.0
2025-06-12 05:59:00,39.6
2025-06-12 02:01:00,27.4
2025-06-12 14:34:00,34.5
2025-06-12 11:54:00,50.024092836946274
2025-06-12 07:19:00,4.2
2025-06-12 11:14:00,50.0
2025-06-12 21:36:00,58.2
2025-06-12 18:21:00,50.024092836946274
2025-06-12 11:26:00,51.6
2025-06-12 09:33:00,91.3
2025-06-12 16:44:00,1.6
2025-06-12 12:22:00,9.1
2025-06-12 10:40:00,55.9
2025-06-12 16:21:00,74.3
2025-06-12 23:51:00,82.2
2025-06-12 17:33:00,66.6
2025-06-12 11:37:00,50.024092836946274
2025-06-12 08:33:00,6.9
2025-06-12 20:41:00,81.1
2025-06-12 10:20:00,19.5
2025-06-12 16:24:00,33.5
2025-06-12 15:51:00,50.024092836946274
2025-06-12 09:46:00,89.6
2025-06-12 22:00:00,41.3
2025-06-12 20:08:00,38.4
2025-06-12 14:29:00,94.9
2025-06-12 13:00:00,43.8
2025-06-12 09:31:00,62.2
2025-06-12 13:04:00,19.8
2025-06-12 06:03:00,62.9
2025-06-12 23:28:00,54.9
2025-06-12 14:20:00,27.0
2025-06-12 07:07:00,50.024092836946274
2025-06-12 04:08:00,50.0
2025-06-12 05:32:00,57.7
2025-06-12 05:52:00,60.1
2025-06-12 12:01:00,53.9
2025-06-12 17:13:00,50.024092836946274
2025-06-12 20:22:00,50.024092836946274
2025-06-12 05:02:00,50.024092836946274
2025-06-12 03:10:00,16.5
2025-06-12 17:53:00,20.7
2025-06-12 04:07:00,47.5
2025-06-12 00:18:00,50.024092836946274
2025-06-12 21:41:00,34.1
2025-06-12 07:11:00,23.0
2025-06-12 23:31:00,19.5
2025-06-12 11:55:00,50.024092836946274
2025-06-12 10:53:00,2.2
2025-06-12 07:42:00,93.5
2025-06-12 04:10:00,80.3
2025-06-12 14:07:00,97.9
2025-06-12 10:11:00,8.8
2025-06-12 22:48:00,58.5
2025-06-12 17:16:00,27.1
2025-06-12 15:33:00,51.7
2025-06-12 03:46:00,50.024092836946274
2025-06-12 09:27:00,50.024092836946274
2025-06-12 21:18:00,96.6
2025-06-12 16:42:00,50.024092836946274
2025-06-12 00:45:00,14.2
2025-06-12 14:08:00,33.9
2025-06-12 13:54:00,77.5
2025-06-12 05:23:00,96.1
2025-06-12 16:28:00,50.024092836946274
2025-06-12 14:16:00,45.0
2025-06-12 05:49:00,50.024092836946274
2025-06-12 10:55:00,77.3
2025-06-12 01:51:00,5.5
2025-06-12 07:24:00,98.2
2025-06-12 03:43:00,39.9
2025-06-12 11:59:00,11.5
2025-06-12 23:49:00,50.024092836946274
2025-06-12 22:42:00,90.0
2025-06-12 23:33:00,31.2
2025-06-12 03:41:00,94.6
2025-06-12 09:16:00,29.5
2025-06-12 09:21:00,92.8
2025-06-12 07:18:00,45.4
2025-06-12 09:23:00,70.8
2025-06-12 16:34:00,50.024092836946274
2025-06-12 02:59:00,55.2
2025-06-12 10:49:00,84.4
2025-06-12 15:53:00,74.6
2025-06-12 18:44:00,93.4
2025-06-12 20:03:00,80.0
2025-06-12 00:26:00,68.0
2025-06-12 12:49:00,50.024092836946274
2025-06-12 12:44:00,85.4
2025-06-12 09:51:00,45.2
2025-06-12 18:41:00,50.024092836946274
2025-06-12 09:24:00,85.3
2025-06-12 04:56:00,62.5
2025-06-12 21:58:00,64.0
2025-06-12 03:27:00,12.5
2025-06-12 18:01:00,71.7
2025-06-12 20:52:00,41.6
2025-06-12 00:04:00,4.7
2025-06-12 03:37:00,7.8
2025-06-12 07:04:00,71.3
2025-06-12 06:59:00,60.2
2025-06-12 17:28:00,50.6
2025-06-12 03:36:00,11.5
2025-06-12 08:20:00,8.5
2025-06-12 19:49:00,66.3
2025-06-12 03:19:00,72.9
2025-06-12 16:58:00,8.9
2025-06-12 14:09:00,14.3
2025-06-12 05:22:00,19.6
2025-06-12 14:26:00,26.1
2025-06-12 10:19:00,22.9
2025-06-12 12:20:00,3.9
2025-06-12 18:40:00,74.9
2025-06-12 15:43:00,39.4
2025-06-12 00:49:00,89.6
2025-06-12 12:32:00,95.6
2025-06-12 13:44:00,43.8
2025-06-12 18:04:00,50.024092836946274
2025-06-12 13:53:00,11.4
2025-06-12 01:41:00,15.2
2025-06-12 08:03:00,15.7
2025-06-12 09:01:00,50.024092836946274
2025-06-12 23:55:00,65.7
2025-06-12 04:14:00,21.0
2025-06-12 03:14:00,95.8
2025-06-12 11:33:00,81.1
2025-06-12 13:10:00,68.9
2025-06-12 02:25:00,33.0
2025-06-12 22:48:00,63.1
2025-06-12 07:05:00,72.0
2025-06-12 05:34:00,36.9
2025-06-12 06:01:00,42.3
2025-06-12 13:57:00,9.1
2025-06-12 19:16:00,20.6
2025-06-12 06:19:00,92.9
2025-06-12 04:18:00,49.2
2025-06-12 13:28:00,95.5
2025-06-12 20:25:00,55.5
2025-06-12 05:07:00,35.0
2025-06-12 02:31:00,77.1
2025-06-12 14:12:00,8.3
2025-06-12 15:19:00,52.0
2025-06-12 06:07:00,77.6
2025-06-12 11:50:00,49.54963144963145
2025-06-12 22:35:00,91.8
2025-06-12 10:05:00,80.1
2025-06-12 12:42:00,49.54963144963145
2025-06-12 21:59:00,31.2
2025-06-12 23:26:00,23.8
2025-06-12 13:15:00,81.8
2025-06-12 21:57:00,65.3
2025-06-12 21:15:00,79.8
2025-06-12 07:31:00,49.54963144963145
2025-06-12 10:59:00,79.4
2025-06-12 06:21:00,30.4
2025-06-12 00:15:00,16.2
2025-06-12 01:32:00,76.0
2025-06-12 23:34:00,46.0
2025-06-12 02:58:00,85.8
2025-06-12 07:00:00,13.4
2025-06-12 10:30:00,26.3
2025-06-12 01:55:00,78.2
2025-06-12 12:30:00,21.5
2025-06-12 05:47:00,49.54963144963145
2025-06-12 05:33:00,51.5
2025-06-12 02:56:00,45.2
2025-06-12 20:47:00,93.9
2025-06-12 22:19:00,96.5
2025-06-12 04:28:00,30.3
2025-06-12 07:32:00,81.5
2025-06-12 06:42:00,17.1
2025-06-12 23:33:00,49.54963144963145
2025-06-12 17:11:00,5.5
2025-06-12 10:45:00,41.5
2025-06-12 09:48:00,61.2
2025-06-12 19:23:00,25.5
2025-06-12 10:11:00,26.5
2025-06-12 11:14:00,69.7
2025-06-12 03:49:00,71.3
2025-06-12 11:27:00,32.8
2025-06-12 14:09:00,7.8
2025-06-12 03:13:00,41.9
2025-06-12 13:13:00,65.7
2025-06-12 17:50:00,9.5
2025-06-12 23:38:00,49.54963144963145
2025-06-12 11:07:00,61.7
2025-06-12 21:34:00,19.6
2025-06-12 01:38:00,24.7
2025-06-12 16:06:00,49.54963144963145
2025-06-12 14:25:00,17.4
2025-06-12 12:15:00,84.5
2025-06-12 21:05:00,17.3
2025-06-12 20:40:00,69.9
2025-06-12 09:41:00,66.0
2025-06-12 16:02:00,44.7
2025-06-12 08:04:00,7.9
2025-06-12 16:25:00,49.54963144963145
2025-06-12 11:59:00,84.9
2025-06-12 15:46:00,49.54963144963145
2025-06-12 01:04:00,60.4
2025-06-12 05:05:00,3.0
2025-06-12 07:24:00,43.3
2025-06-12 16:54:00,13.7
2025-06-12 12:53:00,60.7
2025-06-12 15:02:00,34.5
2025-06-12 01:23:00,27.7
2025-06-12 01:49:00,91.9
2025-06-12 05:18:00,59.6
2025-06-12 16:44:00,20.6
2025-06-12 13:46:00,49.54963144963145
2025-06-12 06:50:00,40.1
2025-06-12 10:23:00,18.3
2025-06-12 05:11:00,11.9
2025-06-12 13:54:00,19.4
2025-06-12 07:49:00,22.2
2025-06-12 09:43:00,19.9
2025-06-12 10:58:00,37.2
2025-06-12 12:10:00,18.3
2025-06-12 09:06:00,16.6
2025-06-12 23:55:00,84.9
2025-06-12 15:09:00,49.4
2025-06-12 11:44:00,54.0
2025-06-12 12:34:00,35.0
2025-06-12 03:25:00,34.6
2025-06-12 14:35:00,98.6
2025-06-12 11:01:00,83.8
2025-06-12 15:13:00,49.54963144963145
2025-06-12 16:22:00,1.4
2025-06-12 23:13:00,71.2
2025-06-12 11:08:00,53.7
2025-06-12 16:08:00,49.54963144963145
2025-06-12 03:15:00,47.3
2025-06-12 05:52:00,49.54963144963145
2025-06-12 19:18:00,22.9
2025-06-12 10:27:00,49.5
2025-06-12 15:31:00,98.0
2025-06-12 22:03:00,26.8
2025-06-12 05:17:00,40.6
2025-06-12 03:39:00,50.6
2025-06-12 11:02:00,74.1
2025-06-12 12:09:00,32.2
2025-06-12 00:27:00,60.5
2025-06-12 20:36:00,73.8
2025-06-12 14:33:00,96.9
2025-06-12 04:25:00,27.1
2025-06-12 19:03:00,49.54963144963145
2025-06-12 22:54:00,50.1
2025-06-12 12:58:00,49.0
2025-06-12 14:22:00,29.5
2025-06-12 02:12:00,49.54963144963145
2025-06-12 02:32:00,60.5
2025-06-12 05:00:00,16.2
2025-06-12 23:40:00,19.1
2025-06-12 05:46:00,95.4
2025-06-12 02:09:00,56.4
2025-06-12 23:35:00,66.7
2025-06-12 20:12:00,44.1
2025-06-12 06:14:00,1.3
2025-06-12 09:01:00,52.1
2025-06-12 09:16:00,50.6
2025-06-12 02:05:00,49.54963144963145
2025-06-12 06:51:00,64.0
2025-06-12 14:57:00,49.54963144963145
2025-06-12 14:30:00,72.1
2025-06-12 18:49:00,73.4
2025-06-12 05:09:00,7.6
2025-06-12 02:35:00,49.54963144963145
2025-06-12 08:46:00,95.5
2025-06-12 01:35:00,87.9
2025-06-12 16:28:00,77.9
2025-06-12 04:08:00,49.54963144963145
2025-06-12 05:40:00,15.1
2025-06-12 15:20:00,79.0
2025-06-12 07:38:00,6.6
2025-06-12 06:15:00,36.5
2025-06-12 04:11:00,67.7
2025-06-12 20:55:00,94.5
2025-06-12 15:43:00,39.9
2025-06-12 23:07:00,49.54963144963145
2025-06-12 02:21:00,82.2
2025-06-12 18:59:00,83.8
2025-06-12 13:53:00,1.7
2025-06-12 20:42:00,49.3
2025-06-12 02:37:00,93.7
2025-06-12 13:02:00,85.6
2025-06-12 15:23:00,39.2
2025-06-12 18:15:00,93.2
2025-06-12 01:15:00,71.5
2025-06-12 01:57:00,42.5
2025-06-12 23:44:00,49.54963144963145
2025-06-12 13:08:00,41.3
2025-06-12 00:09:00,77.6
2025-06-12 11:39:00,94.7
2025-06-12 14:32:00,49.54963144963145
2025-06-12 14:16:00,49.54963144963145
2025-06-12 17:24:00,0.0
2025-06-12 14:28:00,83.2
2025-06-12 12:38:00,49.54963144963145
2025-06-12 11:20:00,91.6
2025-06-12 18:07:00,72.8
2025-06-12 19:39:00,39.7
2025-06-12 16:34:00,70.5
2025-06-12 11:31:00,97.9
2025-06-12 11:28:00,47.1
2025-06-12 04:09:00,70.0
2025-06-12 11:30:00,7.6
2025-06-12 22:51:00,43.8
2025-06-12 19:43:00,50.7
2025-06-12 10:14:00,59.6
2025-06-12 15:26:00,64.6
2025-06-12 01:53:00,49.54963144963145
2025-06-12 02:11:00,68.2
2025-06-12 00:18:00,2.5
2025-06-12 06:41:00,33.5
2025-06-12 06:48:00,0.5
2025-06-12 10:04:00,65.0
2025-06-12 22:06:00,28.1
2025-06-12 18:25:00,49.54963144963145
2025-06-12 21:09:00,16.5
2025-06-12 04:22:00,0.5
2025-06-12 07:35:00,12.1
2025-06-12 00:11:00,47.0
2025-06-12 02:04:00,3.3
2025-06-12 09:21:00,77.3
2025-06-12 06:24:00,82.1
2025-06-12 20:41:00,32.8
2025-06-12 07:27:00,20.0
2025-06-12 14:01:00,26.6
2025-06-12 23:00:00,29.2
2025-06-12 15:33:00,5.7
2025-06-12 08:10:00,36.3
2025-06-12 22:11:00,12.9
2025-06-12 07:09:00,24.2
2025-06-12 00:53:00,49.54963144963145
2025-06-12 13:43:00,16.7
2025-06-12 23:49:00,78.8
2025-06-12 09:32:00,76.6
2025-06-12 18:29:00,49.54963144963145
2025-06-12 11:48:00,49.54963144963145
2025-06-12 11:22:00,37.0
2025-06-12 02:45:00,90.7
2025-06-12 00:50:00,27.3
2025-06-12 05:36:00,18.2
2025-06-12 05:10:00,99.0
2025-06-12 06:39:00,33.8
2025-06-12 22:23:00,19.4
2025-06-12 00:29:00,68.8
2025-06-12 21:42:00,95.8
2025-06-12 11:00:00,44.2
2025-06-12 17:16:00,8.6
2025-06-12 13:04:00,34.6
2025-06-12 00:13:00,54.2
2025-06-12 18:18:00,75.7
2025-06-12 08:37:00,37.3
2025-06-12 01:48:00,45.9
2025-06-12 23:56:00,93.4
2025-06-12 14:48:00,71.8
2025-06-12 02:52:00,2.5
2025-06-12 06:29:00,49.54963144963145
2025-06-12 08:08:00,49.54963144963145
2025-06-12 06:32:00,99.0
2025-06-12 12:59:00,49.54963144963145
2025-06-12 16:21:00,37.8
2025-06-12 05:13:00,23.7
2025-06-12 13:52:00,49.54963144963145
2025-06-12 10:36:00,49.54963144963145
2025-06-12 14:00:00,43.9
2025-06-12 16:14:00,74.5
2025-06-12 17:41:00,97.1
2025-06-12 16:48:00,32.5
2025-06-12 19:31:00,27.6
2025-06-12 02:02:00,24.5
2025-06-12 23:17:00,46.8
2025-06-12 10:43:00,52.1
2025-06-12 06:25:00,68.5
2025-06-12 09:58:00,64.1
2025-06-12 17:10:00,35.5
2025-06-12 20:23:00,80.2
2025-06-12 19:34:00,49.54963144963145
2025-06-12 10:34:00,92.8
2025-06-12 00:16:00,92.0
2025-06-12 19:47:00,33.5
2025-06-12 11:16:00,87.9
2025-06-12 21:01:00,49.54963144963145
2025-06-12 05:35:00,31.0
2025-06-12 20:28:00,19.5
2025-06-12 21:08:00,12.3
2025-06-12 15:27:00,1.0
2025-06-12 09:31:00,51.1
2025-06-12 23:37:00,84.0
2025-06-12 14:37:00,30.7
2025-06-12 11:12:00,92.2
2025-06-12 11:55:00,12.2
2025-06-12 06:59:00,73.9
2025-06-12 11:58:00,30.4
2025-06-12 00:02:00,13.0
2025-06-12 03:35:00,70.4
2025-06-12 12:46:00,42.3
2025-06-12 13:22:00,12.0
2025-06-12 04:59:00,5.6
2025-06-12 18:28:00,55.4
2025-06-12 14:31:00,49.54963144963145
2025-06-12 08:14:00,10.1
2025-06-12 22:07:00,96.4
2025-06-12 08:19:00,57.0
2025-06-12 00:43:00,65.4
2025-06-12 23:50:00,70.2
2025-06-12 22:22:00,51.2
2025-06-12 01:39:00,49.54963144963145
2025-06-12 01:26:00,20.6
2025-06-12 08:30:00,89.5
2025-06-12 11:35:00,55.2
2025-06-12 21:48:00,46.9
2025-06-12 10:38:00,69.7
2025-06-12 19:50:00,73.1
2025-06-12 16:35:00,29.8
2025-06-12 07:03:00,48.1
2025-06-12 04:27:00,52.0
2025-06-12 12:49:00,24.0
2025-06-12 15:06:00,39.2
2025-06-12 04:52:00,27.1
2025-06-12 11:25:00,19.0
2025-06-12 10:00:00,83.5
2025-06-12 07:48:00,100.0
2025-06-12 06:43:00,49.54963144963145
2025-06-12 00:39:00,18.5
2025-06-12 23:31:00,49.7
2025-06-12 01:28:00,39.1
2025-06-12 03:02:00,49.54963144963145
2025-06-12 05:08:00,6.8
2025-06-12 13:34:00,51.3
2025-06-12 03:58:00,49.54963144963145
2025-06-12 21:53:00,24.0
2025-06-12 10:29:00,51.9
2025-06-12 13:14:00,72.0
2025-06-12 04:24:00,12.9
2025-06-12 01:27:00,49.54963144963145
2025-06-12 17:08:00,49.54963144963145
2025-06-12 12:00:00,39.7
2025-06-12 02:13:00,97.1
2025-06-12 00:41:00,49.54963144963145
2025-06-12 21:10:00,44.0
2025-06-12 01:40:00,86.6
2025-06-12 04:32:00,54.3
2025-06-12 21:43:00,60.2
2025-06-12 05:01:00,77.3
2025-06-12 22:05:00,59.8
2025-06-12 23:58:00,79.2
2025-06-12 21:19:00,80.7
2025-06-12 07:17:00,50.9
2025-06-12 19:58:00,30.4
2025-06-12 04:45:00,88.0
2025-06-12 01:14:00,18.2
2025-06-12 16:07:00,98.7
2025-06-12 16:30:00,49.54963144963145
2025-06-12 04:06:00,51.4
2025-06-12 05:37:00,77.4
2025-06-12 05:11:00,17.5
2025-06-12 21:35:00,85.2
2025-06-12 21:33:00,92.5
2025-06-12 20:11:00,24.0
2025-06-12 05:54:00,72.9
2025-06-12 11:46:00,91.7
2025-06-12 05:06:00,29.4
2025-06-12 07:48:00,61.9
2025-06-12 19:42:00,49.560128956623686
2025-06-12 21:04:00,46.8
2025-06-12 02:15:00,36.5
2025-06-12 01:07:00,49.560128956623686
2025-06-12 07:55:00,92.3
2025-06-12 15:48:00,68.9
2025-06-12 12:22:00,22.8
2025-06-12 14:53:00,49.560128956623686
2025-06-12 21:40:00,75.3
2025-06-12 03:53:00,12.1
2025-06-12 13:05:00,49.560128956623686
2025-06-12 13:53:00,4.3
2025-06-12 21:34:00,33.6
2025-06-12 01:25:00,8.9
2025-06-12 23:32:00,20.5
2025-06-12 17:41:00,66.7
2025-06-12 20:19:00,51.3
2025-06-12 12:17:00,35.4
2025-06-12 22:11:00,21.7
2025-06-12 15:45:00,49.560128956623686
2025-06-12 04:41:00,36.8
2025-06-12 19:50:00,49.560128956623686
2025-06-12 15:53:00,49.560128956623686
2025-06-12 17:26:00,26.2
2025-06-12 16:35:00,22.5
2025-06-12 07:45:00,44.0
2025-06-12 17:04:00,23.3
2025-06-12 04:05:00,49.560128956623686
2025-06-12 22:58:00,64.9
2025-06-12 05:24:00,43.1
2025-06-12 04:58:00,17.9
2025-06-12 12:41:00,53.6
2025-06-12 21:32:00,58.4
2025-06-12 22:08:00,49.560128956623686
2025-06-12 02:39:00,16.3
2025-06-12 05:08:00,49.560128956623686
2025-06-12 16:23:00,47.7
2025-06-12 16:42:00,44.4
2025-06-12 21:38:00,9.9
2025-06-12 11:33:00,20.8
2025-06-12 11:19:00,72.9
2025-06-12 16:45:00,39.2
2025-06-12 11:05:00,12.9
2025-06-12 11:12:00,95.0
2025-06-12 07:59:00,4.7
2025-06-12 15:57:00,70.6
2025-06-12 22:00:00,13.4
2025-06-12 02:50:00,56.0
2025-06-12 18:12:00,35.3
2025-06-12 15:00:00,40.3
2025-06-12 11:20:00,0.7
2025-06-12 15:17:00,9.3
2025-06-12 21:29:00,8.6
2025-06-12 02:00:00,8.3
2025-06-12 22:41:00,51.1
2025-06-12 12:48:00,84.9
2025-06-12 14:44:00,38.1
2025-06-12 16:44:00,26.0
2025-06-12 05:17:00,62.6
2025-06-12 02:54:00,49.560128956623686
2025-06-12 11:26:00,13.9
2025-06-12 01:09:00,6.4
2025-06-12 22:20:00,49.560128956623686
2025-06-12 01:22:00,12.2
2025-06-12 08:47:00,8.4
2025-06-12 01:32:00,10.2
2025-06-12 12:25:00,49.560128956623686
2025-06-12 04:45:00,49.560128956623686
2025-06-12 09:03:00,49.560128956623686
2025-06-12 00:57:00,94.5
2025-06-12 17:28:00,49.560128956623686
2025-06-12 18:35:00,70.4
2025-06-12 10:54:00,63.6
2025-06-12 07:33:00,41.9
2025-06-12 01:58:00,2.7
2025-06-12 19:55:00,2.1
2025-06-12 10:21:00,97.5
2025-06-12 14:05:00,43.1
2025-06-12 18:57:00,35.7
2025-06-12 00:38:00,68.2
2025-06-12 05:20:00,53.4
2025-06-12 14:00:00,52.4
2025-06-12 05:49:00,20.8
2025-06-12 11:36:00,76.4
2025-06-12 07:11:00,17.7
2025-06-12 08:15:00,16.0
2025-06-12 21:15:00,88.0
2025-06-12 14:08:00,35.2
2025-06-12 02:33:00,49.560128956623686
2025-06-12 15:43:00,9.0
2025-06-12 22:45:00,82.0
2025-06-12 14:43:00,25.0
2025-06-12 06:04:00,76.4
2025-06-12 17:50:00,44.1
2025-06-12 15:07:00,7.2
2025-06-12 19:09:00,23.8
2025-06-12 13:03:00,97.3
2025-06-12 02:03:00,18.0
2025-06-12 12:56:00,33.1
2025-06-12 12:52:00,62.3
2025-06-12 09:35:00,80.3
2025-06-12 07:17:00,49.560128956623686
2025-06-12 23:41:00,75.0
2025-06-12 15:06:00,42.6
2025-06-12 12:13:00,23.1
2025-06-12 20:40:00,41.2
2025-06-12 01:30:00,11.7
2025-06-12 15:34:00,87.9
2025-06-12 23:33:00,34.3
2025-06-12 05:36:00,77.6
2025-06-12 07:24:00,99.0
2025-06-12 17:32:00,3.8
2025-06-12 14:58:00,49.560128956623686
2025-06-12 16:06:00,29.3
2025-06-12 02:09:00,62.4
2025-06-12 07:25:00,40.4
2025-06-12 04:14:00,26.2
2025-06-12 13:01:00,39.6
2025-06-12 11:13:00,49.560128956623686
2025-06-12 12:32:00,35.2
2025-06-12 04:12:00,34.7
2025-06-12 14:41:00,49.560128956623686
2025-06-12 21:25:00,4.9
2025-06-12 20:49:00,53.6
2025-06-12 21:50:00,61.7
2025-06-12 22:42:00,94.5
2025-06-12 00:40:00,50.8
2025-06-12 00:51:00,49.560128956623686
2025-06-12 18:29:00,42.7
2025-06-12 01:50:00,1.8
2025-06-12 07:30:00,47.3
2025-06-12 21:02:00,29.7
2025-06-12 02:18:00,65.6
2025-06-12 09:44:00,49.560128956623686
2025-06-12 09:52:00,43.4
2025-06-12 06:57:00,14.6
2025-06-12 19:54:00,61.2
2025-06-12 06:06:00,49.560128956623686
2025-06-12 22:24:00,1.4
2025-06-12 11:02:00,54.0
2025-06-12 19:53:00,85.9
2025-06-12 15:27:00,64.7
2025-06-12 05:59:00,54.6
2025-06-12 15:03:00,86.7
2025-06-12 21:46:00,84.8
2025-06-12 04:59:00,86.3
2025-06-12 07:04:00,78.1
2025-06-12 14:22:00,44.0
2025-06-12 14:45:00,2.4
2025-06-12 02:13:00,87.0
2025-06-12 12:18:00,20.1
2025-06-12 03:31:00,33.1
2025-06-12 05:40:00,67.1
2025-06-12 03:59:00,17.5
2025-06-12 12:58:00,77.6
2025-06-12 23:40:00,94.3
2025-06-12 06:20:00,37.4
2025-06-12 20:16:00,9.6
2025-06-12 03:29:00,7.9
2025-06-12 15:50:00,36.3
2025-06-12 16:48:00,59.1
2025-06-12 21:18:00,8.0
2025-06-12 08:05:00,66.2
2025-06-12 03:54:00,3.2
2025-06-12 12:44:00,49.560128956623686
2025-06-12 08:09:00,49.560128956623686
2025-06-12 20:42:00,86.9
2025-06-12 03:28:00,34.0
2025-06-12 08:42:00,60.4
2025-06-12 22:30:00,79.4
2025-06-12 13:49:00,65.9
2025-06-12 23:50:00,40.0
2025-06-12 00:28:00,53.8
2025-06-12 14:34:00,65.4
2025-06-12 11:43:00,22.4
2025-06-12 12:24:00,49.560128956623686
2025-06-12 17:33:00,96.7
2025-06-12 20:32:00,60.0
2025-06-12 13:43:00,31.7
2025-06-12 05:16:00,49.560128956623686
2025-06-12 00:24:00,49.560128956623686
2025-06-12 06:38:00,49.0
2025-06-12 05:58:00,22.9
2025-06-12 17:49:00,24.0
2025-06-12 21:47:00,32.2
2025-06-12 12:53:00,30.5
2025-06-12 14:04:00,49.560128956623686
2025-06-12 00:31:00,46.5
2025-06-12 20:51:00,67.4
2025-06-12 00:41:00,81.8
2025-06-12 17:58:00,97.1
2025-06-12 14:42:00,9.7
2025-06-12 10:42:00,73.8
2025-06-12 16:07:00,32.6
2025-06-12 22:14:00,40.6
2025-06-12 19:44:00,14.8
2025-06-12 13:02:00,80.2
2025-06-12 01:19:00,11.2
2025-06-12 07:12:00,44.6
2025-06-12 00:00:00,3.0
2025-06-12 19:28:00,92.2
2025-06-12 02:01:00,9.5
2025-06-12 09:46:00,17.3
2025-06-12 00:20:00,49.560128956623686
2025-06-12 08:30:00,39.2
2025-06-12 09:15:00,66.8
2025-06-12 09:21:00,21.7
2025-06-12 21:24:00,49.560128956623686
2025-06-12 21:49:00,84.0
2025-06-12 17:24:00,34.4
2025-06-12 09:38:00,46.5
2025-06-12 21:30:00,24.0
2025-06-12 19:57:00,42.7
2025-06-12 10:50:00,49.560128956623686
2025-06-12 14:51:00,85.5
2025-06-12 13:08:00,31.9
2025-06-12 08:13:00,99.5
2025-06-12 15:52:00,85.5
2025-06-12 17:08:00,77.9
2025-06-12 09:13:00,22.7
2025-06-12 20:17:00,0.1
2025-06-12 13:17:00,80.7
2025-06-12 13:10:00,35.3
2025-06-12 23:30:00,9.0
2025-06-12 14:21:00,6.1
2025-06-12 06:41:00,4.3
2025-06-12 14:56:00,28.6
2025-06-12 01:03:00,96.9
2025-06-12 10:51:00,25.3
2025-06-12 16:25:00,69.4
2025-06-12 15:10:00,95.1
2025-06-12 22:10:00,49.2
2025-06-12 13:44:00,87.9
2025-06-12 10:26:00,58.1
2025-06-12 11:24:00,24.2
2025-06-12 11:55:00,93.3
2025-06-12 10:13:00,1.7
2025-06-12 00:36:00,2.9
2025-06-12 20:28:00,92.2
2025-06-12 17:09:00,49.560128956623686
2025-06-12 08:26:00,24.1
2025-06-12 23:54:00,19.3
2025-06-12 23:11:00,22.1
2025-06-12 13:27:00,49.560128956623686
2025-06-12 15:01:00,50.2
2025-06-12 09:10:00,82.0
2025-06-12 03:21:00,44.0
2025-06-12 05:43:00,18.3
2025-06-12 20:53:00,25.0
2025-06-12 01:43:00,64.1
2025-06-12 19:31:00,12.6
2025-06-12 18:01:00,66.6
2025-06-12 00:53:00,53.3
2025-06-12 23:36:00,98.5
2025-06-12 13:41:00,40.2
2025-06-12 00:12:00,91.3
2025-06-12 15:29:00,76.7
2025-06-12 16:58:00,63.7
2025-06-12 08:22:00,49.560128956623686
2025-06-12 04:18:00,60.1
2025-06-12 09:05:00,49.9
2025-06-12 22:25:00,83.0
2025-06-12 20:39:00,35.7
2025-06-12 11:58:00,49.560128956623686
2025-06-12 23:43:00,46.2
2025-06-12 05:00:00,12.2
2025-06-12 22:35:00,23.0
2025-06-12 18:13:00,90.0
2025-06-12 04:22:00,31.9
2025-06-12 04:34:00,4.2
2025-06-12 05:46:00,58.9
2025-06-12 18:34:00,91.3
2025-06-12 03:20:00,59.3
2025-06-12 01:47:00,44.0
2025-06-12 03:42:00,56.9
2025-06-12 01:46:00,49.560128956623686
2025-06-12 21:31:00,36.9
2025-06-12 01:28:00,49.560128956623686
2025-06-12 04:37:00,20.8
2025-06-12 00:34:00,64.8
2025-06-12 16:55:00,88.8
2025-06-12 13:46:00,4.8
2025-06-12 22:31:00,94.0
2025-06-12 07:14:00,29.2
2025-06-12 07:43:00,4.5
2025-06-12 02:26:00,14.8
2025-06-12 06:03:00,67.6
2025-06-12 11:07:00,75.3
2025-06-12 22:13:00,19.7
2025-06-12 08:17:00,83.3
2025-06-12 00:23:00,72.7
2025-06-12 02:53:00,41.7
2025-06-12 07:28:00,80.3
2025-06-12 06:28:00,7.4
2025-06-12 16:50:00,3.8
2025-06-12 02:58:00,50.10277843742579
2025-06-12 06:03:00,20.7
2025-06-12 13:07:00,8.4
2025-06-12 14:23:00,90.4
2025-06-12 23:50:00,51.4
2025-06-12 08:19:00,80.3
2025-06-12 09:34:00,30.5
2025-06-12 19:34:00,83.5
2025-06-12 23:00:00,50.10277843742579
2025-06-12 06:55:00,81.2
2025-06-12 06:31:00,74.7
2025-06-12 19:30:00,39.0
2025-06-12 15:44:00,48.7
2025-06-12 18:44:00,72.0
2025-06-12 04:51:00,41.8
2025-06-12 11:06:00,42.1
2025-06-12 00:37:00,14.1
2025-06-12 00:30:00,96.8
2025-06-12 04:42:00,79.8
2025-06-12 00:52:00,23.0
2025-06-12 16:30:00,24.0
2025-06-12 10:49:00,93.1
2025-06-12 08:49:00,55.1
2025-06-12 02:50:00,20.2
2025-06-12 18:32:00,50.10277843742579
2025-06-12 23:59:00,98.7
2025-06-12 11:02:00,68.2
2025-06-12 09:12:00,80.9
2025-06-12 05:40:00,63.6
2025-06-12 17:43:00,50.10277843742579
2025-06-12 10:35:00,7.9
2025-06-12 02:14:00,29.5
2025-06-12 10:20:00,22.7
2025-06-12 21:42:00,48.4
2025-06-12 00:47:00,71.3
2025-06-12 09:00:00,73.2
2025-06-12 14:08:00,34.5
2025-06-12 06:12:00,96.6
2025-06-12 22:18:00,94.8
2025-06-12 06:52:00,4.0
2025-06-12 06:43:00,50.10277843742579
2025-06-12 15:57:00,97.4
2025-06-12 19:35:00,83.8
2025-06-12 04:46:00,50.10277843742579
2025-06-12 23:34:00,86.4
2025-06-12 23:33:00,49.3
2025-06-12 11:18:00,59.2
2025-06-12 03:44:00,10.8
2025-06-12 03:53:00,5.2
2025-06-12 14:22:00,24.1
2025-06-12 17:22:00,79.0
2025-06-12 08:54:00,29.6
2025-06-12 15:04:00,18.7
2025-06-12 17:28:00,83.4
2025-06-12 10:11:00,2.2
2025-06-12 11:39:00,50.10277843742579
2025-06-12 18:09:00,33.4
2025-06-12 07:19:00,39.9
2025-06-12 04:06:00,33.1
2025-06-12 15:14:00,43.1
2025-06-12 01:30:00,16.1
2025-06-12 18:37:00,40.1
2025-06-12 16:11:00,50.10277843742579
2025-06-12 22:55:00,98.5
2025-06-12 05:03:00,84.5
2025-06-12 12:23:00,87.0
2025-06-12 20:07:00,16.1
2025-06-12 15:00:00,82.8
2025-06-12 04:54:00,50.10277843742579
2025-06-12 14:14:00,99.6
2025-06-12 03:22:00,46.1
2025-06-12 23:05:00,90.0
2025-06-12 19:08:00,56.7
2025-06-12 17:54:00,50.10277843742579
2025-06-12 22:16:00,50.10277843742579
2025-06-12 04:18:00,50.10277843742579
2025-06-12 15:27:00,50.10277843742579
2025-06-12 10:07:00,20.1
2025-06-12 16:05:00,32.0
2025-06-12 18:39:00,8.6
2025-06-12 07:03:00,23.2
2025-06-12 03:49:00,15.4
2025-06-12 16:38:00,81.3
2025-06-12 12:49:00,36.2
2025-06-12 13:37:00,66.0
2025-06-12 14:51:00,18.6
2025-06-12 05:09:00,50.10277843742579
2025-06-12 04:36:00,50.10277843742579
2025-06-12 14:57:00,35.4
2025-06-12 19:38:00,50.10277843742579
2025-06-12 16:52:00,96.2
2025-06-12 08:52:00,80.8
2025-06-12 01:57:00,15.7
2025-06-12 12:06:00,78.5
2025-06-12 10:45:00,61.1
2025-06-12 09:18:00,36.9
2025-06-12 02:47:00,65.1
2025-06-12 02:04:00,15.9
2025-06-12 01:24:00,34.7
2025-06-12 10:41:00,95.4
2025-06-12 04:41:00,7.6
2025-06-12 13:17:00,27.2
2025-06-12 03:55:00,50.10277843742579
2025-06-12 14:29:00,53.2
2025-06-12 05:16:00,42.5
2025-06-12 21:16:00,75.7
2025-06-12 09:49:00,83.4
2025-06-12 05:58:00,69.6
2025-06-12 10:22:00,42.8
2025-06-12 05:04:00,10.6
2025-06-12 14:59:00,86.2
2025-06-12 09:33:00,51.5
2025-06-12 22:59:00,39.7
2025-06-12 01:08:00,0.8
2025-06-12 07:48:00,4.5
2025-06-12 00:18:00,26.7
2025-06-12 22:31:00,31.3
2025-06-12 17:02:00,74.9
2025-06-12 07:06:00,45.5
2025-06-12 00:16:00,50.10277843742579
2025-06-12 22:12:00,50.10277843742579
2025-06-12 18:55:00,50.10277843742579
2025-06-12 07:25:00,43.4
2025-06-12 14:07:00,84.5
2025-06-12 02:09:00,97.9
2025-06-12 03:26:00,4.0
2025-06-12 10:37:00,86.7
2025-06-12 11:47:00,89.0
2025-06-12 21:50:00,95.5
2025-06-12 20:46:00,89.4
2025-06-12 11:12:00,4.8
2025-06-12 13:25:00,88.6
2025-06-12 14:21:00,50.10277843742579
2025-06-12 18:17:00,68.2
2025-06-12 02:36:00,50.10277843742579
2025-06-12 17:23:00,7.0
2025-06-12 16:09:00,71.0
2025-06-12 16:27:00,28.1
2025-06-12 12:07:00,15.9
2025-06-12 20:21:00,43.0
2025-06-12 19:58:00,64.5
2025-06-12 04:10:00,15.1
2025-06-12 01:09:00,45.2
2025-06-12 14:56:00,50.10277843742579
2025-06-12 18:46:00,50.10277843742579
2025-06-12 03:27:00,99.5
2025-06-12 05:48:00,12.9
2025-06-12 09:41:00,65.9
2025-06-12 22:14:00,50.10277843742579
2025-06-12 07:31:00,49.5
2025-06-12 06:49:00,58.4
2025-06-12 07:37:00,97.7
2025-06-12 06:59:00,70.7
2025-06-12 16:53:00,50.10277843742579
2025-06-12 04:59:00,13.9
2025-06-12 13:36:00,86.0
2025-06-12 21:27:00,50.10277843742579
2025-06-12 15:08:00,27.3
2025-06-12 05:54:00,50.10277843742579
2025-06-12 08:07:00,26.4
2025-06-12 09:10:00,35.4
2025-06-12 00:01:00,50.10277843742579
2025-06-12 21:20:00,10.6
2025-06-12 20:56:00,43.3
2025-06-12 13:58:00,18.9
2025-06-12 16:01:00,50.10277843742579
2025-06-12 12:01:00,88.2
2025-06-12 09:15:00,75.7
2025-06-12 03:35:00,50.10277843742579
2025-06-12 03:33:00,97.5
2025-06-12 10:43:00,10.9
2025-06-12 13:33:00,49.7
2025-06-12 23:01:00,16.7
2025-06-12 12:15:00,13.4
2025-06-12 04:35:00,30.0
2025-06-12 07:11:00,35.4
2025-06-12 21:10:00,10.5
2025-06-12 19:00:00,60.4
2025-06-12 14:26:00,50.10277843742579
2025-06-12 14:42:00,50.10277843742579
2025-06-12 12:37:00,48.3
2025-06-12 15:30:00,19.3
2025-06-12 12:36:00,26.7
2025-06-12 20:22:00,48.6
2025-06-12 00:28:00,7.2
2025-06-12 01:12:00,25.8
2025-06-12 12:22:00,43.2
2025-06-12 05:21:00,42.3
2025-06-12 09:09:00,50.10277843742579
2025-06-12 01:16:00,43.3
2025-06-12 22:50:00,19.4
2025-06-12 17:35:00,14.0
2025-06-12 16:44:00,6.6
2025-06-12 19:40:00,24.4
2025-06-12 06:11:00,68.7
2025-06-12 21:34:00,55.9
2025-06-12 22:45:00,50.10277843742579
2025-06-12 21:37:00,4.4
2025-06-12 23:25:00,85.6
2025-06-12 19:18:00,46.1
2025-06-12 15:56:00,15.9
2025-06-12 10:38:00,50.10277843742579
2025-06-12 05:32:00,7.3
2025-06-12 07:54:00,39.8
2025-06-12 06:30:00,50.10277843742579
2025-06-12 19:32:00,54.9
2025-06-12 11:53:00,36.8
2025-06-12 11:45:00,57.1
2025-06-12 15:53:00,2.6
2025-06-12 14:01:00,84.9
2025-06-12 19:49:00,85.3
2025-06-12 14:39:00,63.3
2025-06-12 01:54:00,39.0
2025-06-12 10:48:00,65.3
2025-06-12 17:30:00,30.3
2025-06-12 13:03:00,50.10277843742579
2025-06-12 23:32:00,88.3
2025-06-12 06:48:00,11.1
2025-06-12 19:04:00,40.1
2025-06-12 23:07:00,46.2
2025-06-12 06:20:00,89.6
2025-06-12 13:39:00,93.2
2025-06-12 08:17:00,56.0
2025-06-12 23:49:00,98.0
2025-06-12 19:20:00,17.1
2025-06-12 22:53:00,4.2
2025-06-12 01:51:00,50.10277843742579
2025-06-12 15:02:00,41.5
2025-06-12 22:57:00,40.0
2025-06-12 23:55:00,31.4
2025-06-12 20:01:00,53.2
2025-06-12 17:01:00,7.2
2025-06-12 12:24:00,22.2
2025-06-12 03:37:00,46.9
2025-06-12 20:48:00,53.0
2025-06-12 21:53:00,66.6
2025-06-12 00:23:00,82.3
2025-06-12 17:31:00,84.3
2025-06-12 01:19:00,32.0
2025-06-12 03:39:00,50.10277843742579
2025-06-12 11:40:00,50.10277843742579
2025-06-12 09:30:00,1.4
2025-06-12 15:35:00,15.2
2025-06-12 17:48:00,9.0
2025-06-12 03:14:00,28.5
2025-06-12 10:36:00,50.10277843742579
2025-06-12 16:29:00,19.9
2025-06-12 13:30:00,13.9
2025-06-12 13:18:00,95.9
2025-06-12 11:46:00,24.5
2025-06-12 11:00:00,73.6
2025-06-12 03:03:00,87.5
2025-06-12 03:30:00,65.3
2025-06-12 00:11:00,24.3
2025-06-12 17:15:00,89.1
2025-06-12 13:16:00,12.4
2025-06-12 01:40:00,5.2
2025-06-12 17:10:00,50.10277843742579
2025-06-12 11:07:00,90.4
2025-06-12 05:27:00,50.10277843742579
2025-06-12 19:26:00,0.4
2025-06-12 13:31:00,50.10277843742579
2025-06-12 01:41:00,50.2
2025-06-12 20:40:00,75.6
2025-06-12 16:20:00,37.3
2025-06-12 19:57:00,21.3
2025-06-12 05:35:00,50.10277843742579
2025-06-12 11:23:00,4.0
2025-06-12 21:22:00,59.5
2025-06-12 03:36:00,47.6
2025-06-12 07:22:00,14.7
2025-06-12 00:27:00,97.4
2025-06-12 02:18:00,99.3
2025-06-12 00:22:00,30.8
2025-06-12 01:20:00,44.1
2025-06-12 23:08:00,61.3
2025-06-12 04:57:00,4.1
2025-06-12 18:15:00,15.9
2025-06-12 10:16:00,28.2
2025-06-12 22:20:00,37.3
2025-06-12 21:30:00,28.4
2025-06-12 11:56:00,32.1
2025-06-12 15:31:00,64.6
2025-06-12 13:35:00,59.0
2025-06-12 00:26:00,29.7
2025-06-12 09:17:00,50.10277843742579
2025-06-12 00:51:00,96.8
2025-06-12 21:12:00,20.3
2025-06-12 03:25:00,57.0
2025-06-12 00:00:00,18.7
2025-06-12 11:58:00,66.6
2025-06-12 03:07:00,17.4
2025-06-12 05:15:00,25.8
2025-06-12 22:21:00,75.1
2025-06-12 01:31:00,72.6
2025-06-12 13:52:00,62.7
2025-06-12 09:08:00,19.8
2025-06-12 18:42:00,35.1
2025-06-12 16:24:00,84.0
2025-06-12 08:39:00,18.1
2025-06-12 18:53:00,39.6
2025-06-12 21:00:00,39.6
2025-06-12 07:10:00,19.1
2025-06-12 22:25:00,74.6
2025-06-12 13:59:00,53.6
2025-06-12 04:01:00,77.8
2025-06-12 09:10:00,49.2
2025-06-12 13:44:00,49.85036359371334
2025-06-12 14:32:00,13.6
2025-06-12 18:24:00,54.0
2025-06-12 06:30:00,30.8
2025-06-12 00:39:00,11.7
2025-06-12 13:19:00,14.4
2025-06-12 13:30:00,49.85036359371334
2025-06-12 00:42:00,37.5
2025-06-12 06:44:00,24.6
2025-06-12 02:27:00,83.2
2025-06-12 10:07:00,93.3
2025-06-12 12:00:00,96.9
2025-06-12 23:14:00,68.1
2025-06-12 18:53:00,28.8
2025-06-12 18:17:00,69.5
2025-06-12 06:36:00,49.85036359371334
2025-06-12 03:59:00,37.9
2025-06-12 05:00:00,75.8
2025-06-12 03:20:00,84.5
2025-06-12 23:23:00,21.0
2025-06-12 03:58:00,94.0
2025-06-12 03:57:00,41.9
2025-06-12 03:21:00,35.2
2025-06-12 16:10:00,49.85036359371334
2025-06-12 07:48:00,85.1
2025-06-12 17:57:00,57.2
2025-06-12 20:44:00,40.3
2025-06-12 06:58:00,49.85036359371334
2025-06-12 21:56:00,49.85036359371334
2025-06-12 12:52:00,12.7
2025-06-12 00:57:00,4.2
2025-06-12 12:55:00,49.85036359371334
2025-06-12 16:09:00,49.1
2025-06-12 07:32:00,60.8
2025-06-12 08:40:00,96.3
2025-06-12 23:20:00,80.7
2025-06-12 19:46:00,57.7
2025-06-12 02:46:00,61.3
2025-06-12 22:19:00,37.5
2025-06-12 00:01:00,77.7
2025-06-12 06:31:00,39.4
2025-06-12 02:44:00,28.3
2025-06-12 03:47:00,96.8
2025-06-12 06:53:00,0.2
2025-06-12 21:18:00,14.6
2025-06-12 22:32:00,77.1
2025-06-12 09:35:00,98.9
2025-06-12 10:29:00,62.6
2025-06-12 18:55:00,22.0
2025-06-12 20:21:00,78.3
2025-06-12 05:35:00,70.6
2025-06-12 01:08:00,49.85036359371334
2025-06-12 07:44:00,49.85036359371334
2025-06-12 20:23:00,68.1
2025-06-12 10:21:00,67.2
2025-06-12 11:10:00,49.85036359371334
2025-06-12 19:33:00,63.9
2025-06-12 20:45:00,38.2
2025-06-12 09:54:00,10.2
2025-06-12 02:35:00,95.9
2025-06-12 01:57:00,33.2
2025-06-12 16:18:00,49.85036359371334
2025-06-12 08:29:00,3.8
2025-06-12 07:06:00,36.2
2025-06-12 01:23:00,12.7
2025-06-12 18:43:00,84.3
2025-06-12 23:03:00,49.85036359371334
2025-06-12 21:54:00,2.0
2025-06-12 06:52:00,46.6
2025-06-12 17:20:00,49.85036359371334
2025-06-12 13:20:00,2.6
2025-06-12 04:45:00,49.85036359371334
2025-06-12 20:53:00,49.85036359371334
2025-06-12 10:49:00,18.2
2025-06-12 04:13:00,6.9
2025-06-12 22:03:00,93.5
2025-06-12 05:31:00,59.7
2025-06-12 22:38:00,51.5
2025-06-12 04:51:00,57.4
2025-06-12 16:03:00,49.85036359371334
2025-06-12 23:57:00,94.4
2025-06-12 03:14:00,50.0
2025-06-12 06:19:00,22.2
2025-06-12 15:14:00,84.8
2025-06-12 14:19:00,49.85036359371334
2025-06-12 22:25:00,91.0
2025-06-12 18:42:00,40.9
2025-06-12 09:26:00,21.1
2025-06-12 12:11:00,49.85036359371334
2025-06-12 01:19:00,33.0
2025-06-12 16:27:00,29.9
2025-06-12 10:37:00,55.6
2025-06-12 00:03:00,79.1
2025-06-12 13:08:00,13.7
2025-06-12 22:15:00,49.85036359371334
2025-06-12 17:43:00,42.4
2025-06-12 08:36:00,49.85036359371334
2025-06-12 23:12:00,49.85036359371334
2025-06-12 20:15:00,49.85036359371334
2025-06-12 08:12:00,78.7
2025-06-12 13:24:00,90.8
2025-06-12 07:05:00,66.7
2025-06-12 19:40:00,49.85036359371334
2025-06-12 03:40:00,74.4
2025-06-12 21:57:00,42.0
2025-06-12 15:57:00,38.3
2025-06-12 06:56:00,90.8
2025-06-12 00:14:00,46.5
2025-06-12 12:21:00,48.6
2025-06-12 11:25:00,56.5
2025-06-12 19:14:00,59.4
2025-06-12 15:54:00,6.4
2025-06-12 21:07:00,14.2
2025-06-12 04:49:00,84.2
2025-06-12 09:01:00,97.4
2025-06-12 20:38:00,79.9
2025-06-12 17:37:00,86.8
2025-06-12 07:35:00,22.5
2025-06-12 13:40:00,14.7
2025-06-12 17:08:00,41.5
2025-06-12 21:10:00,55.4
2025-06-12 01:13:00,88.4
2025-06-12 14:08:00,43.6
2025-06-12 15:07:00,52.1
2025-06-12 23:15:00,49.85036359371334
2025-06-12 09:08:00,5.3
2025-06-12 15:49:00,13.1
2025-06-12 06:14:00,14.6
2025-06-12 17:53:00,36.8
2025-06-12 02:20:00,49.85036359371334
2025-06-12 21:15:00,53.1
2025-06-12 02:50:00,14.0
2025-06-12 04:55:00,68.8
2025-06-12 07:53:00,87.0
2025-06-12 07:10:00,32.7
2025-06-12 06:26:00,21.5
2025-06-12 10:28:00,49.85036359371334
2025-06-12 19:12:00,99.7
2025-06-12 15:23:00,24.5
2025-06-12 14:44:00,29.0
2025-06-12 10:41:00,71.7
2025-06-12 13:50:00,74.9
2025-06-12 02:47:00,89.0
2025-06-12 01:21:00,10.1
2025-06-12 21:23:00,14.1
2025-06-12 07:37:00,22.5
2025-06-12 13:45:00,86.5
2025-06-12 04:48:00,54.4
2025-06-12 08:09:00,16.2
2025-06-12 19:15:00,68.4
2025-06-12 18:34:00,26.9
2025-06-12 02:18:00,29.0
2025-06-12 07:17:00,91.7
2025-06-12 12:20:00,39.9
2025-06-12 11:52:00,35.9
2025-06-12 18:01:00,6.8
2025-06-12 17:12:00,24.3
2025-06-12 01:17:00,99.2
2025-06-12 00:07:00,59.7
2025-06-12 19:25:00,42.3
2025-06-12 00:54:00,61.5
2025-06-12 08:14:00,29.2
2025-06-12 23:43:00,49.85036359371334
2025-06-12 00:34:00,1.2
2025-06-12 14:16:00,68.8
2025-06-12 10:14:00,21.8
2025-06-12 04:04:00,94.4
2025-06-12 02:21:00,9.5
2025-06-12 06:17:00,26.6
2025-06-12 16:33:00,49.85036359371334
2025-06-12 14:29:00,37.2
2025-06-12 20:36:00,52.6
2025-06-12 09:37:00,25.1
2025-06-12 09:55:00,42.8
2025-06-12 17:14:00,12.1
2025-06-12 14:15:00,2.9
2025-06-12 14:17:00,49.85036359371334
2025-06-12 23:28:00,24.3
2025-06-12 23:38:00,29.2
2025-06-12 04:52:00,10.8
2025-06-12 13:41:00,91.2
2025-06-12 20:28:00,13.6
2025-06-12 10:42:00,33.4
2025-06-12 08:04:00,65.5
2025-06-12 20:05:00,83.4
2025-06-12 16:26:00,52.6
2025-06-12 19:23:00,49.85036359371334
2025-06-12 08:39:00,19.4
2025-06-12 09:00:00,13.6
2025-06-12 00:40:00,86.8
2025-06-12 16:15:00,18.2
2025-06-12 18:03:00,67.2
2025-06-12 01:10:00,79.1
2025-06-12 21:50:00,47.3
2025-06-12 07:16:00,9.2
2025-06-12 09:33:00,8.2
2025-06-12 12:40:00,1.8
2025-06-12 23:08:00,88.1
2025-06-12 14:02:00,85.1
2025-06-12 08:15:00,60.8
2025-06-12 14:35:00,49.8
2025-06-12 18:20:00,49.85036359371334
2025-06-12 01:05:00,49.85036359371334
2025-06-12 16:25:00,53.0
2025-06-12 18:02:00,18.9
2025-06-12 12:47:00,10.2
2025-06-12 12:25:00,49.85036359371334
2025-06-12 14:09:00,51.5
2025-06-12 20:27:00,49.85036359371334
2025-06-12 08:57:00,64.6
2025-06-12 09:09:00,57.0
2025-06-12 06:09:00,83.9
2025-06-12 12:36:00,71.1
2025-06-12 10:20:00,13.6
2025-06-12 22:42:00,96.8
2025-06-12 05:41:00,49.85036359371334
2025-06-12 04:57:00,79.0
2025-06-12 21:32:00,49.85036359371334
2025-06-12 22:18:00,76.2
2025-06-12 05:48:00,73.1
2025-06-12 05:58:00,66.2
2025-06-12 16:22:00,36.4
2025-06-12 15:59:00,79.1
2025-06-12 00:43:00,97.5
2025-06-12 21:39:00,33.5
2025-06-12 13:48:00,93.4
2025-06-12 20:09:00,79.6
2025-06-12 03:55:00,75.4
2025-06-12 02:53:00,60.9
2025-06-12 23:25:00,51.2
2025-06-12 17:31:00,45.4
2025-06-12 00:33:00,35.0
2025-06-12 02:23:00,64.0
2025-06-12 00:21:00,56.4
2025-06-12 15:44:00,39.5
2025-06-12 04:12:00,28.1
2025-06-12 22:44:00,16.8
2025-06-12 07:45:00,17.9
2025-06-12 22:14:00,46.4
2025-06-12 18:58:00,33.0
2025-06-12 22:08:00,8.4
2025-06-12 15:45:00,94.0
2025-06-12 08:42:00,49.85036359371334
2025-06-12 21:01:00,97.4
2025-06-12 23:06:00,98.9
2025-06-12 15:27:00,14.7
2025-06-12 08:19:00,41.0
2025-06-12 17:32:00,30.8
2025-06-12 10:26:00,57.4
2025-06-12 15:32:00,45.6
2025-06-12 11:26:00,68.5
2025-06-12 04:19:00,49.85036359371334
2025-06-12 01:02:00,49.85036359371334
2025-06-12 12:44:00,94.2
2025-06-12 23:49:00,15.5
2025-06-12 02:56:00,49.85036359371334
2025-06-12 20:50:00,26.3
2025-06-12 09:53:00,3.2
2025-06-12 19:28:00,9.6
2025-06-12 15:26:00,58.4
2025-06-12 00:30:00,39.5
2025-06-12 10:13:00,25.9
2025-06-12 00:31:00,44.8
2025-06-12 15:37:00,51.2
2025-06-12 13:10:00,16.4
2025-06-12 14:12:00,62.3
2025-06-12 03:18:00,18.6
2025-06-12 10:23:00,6.5
2025-06-12 03:51:00,49.85036359371334
2025-06-12 21:14:00,92.4
2025-06-12 09:14:00,55.6
2025-06-12 03:07:00,86.8
2025-06-12 08:23:00,72.8
2025-06-12 15:17:00,35.5
2025-06-12 05:33:00,31.6
2025-06-12 16:06:00,1.9
2025-06-12 23:59:00,78.7
2025-06-12 10:16:00,63.6
2025-06-12 00:25:00,28.5
2025-06-12 15:31:00,0.9
2025-06-12 05:10:00,11.3
2025-06-12 03:12:00,26.1
2025-06-12 06:03:00,68.6
2025-06-12 01:31:00,21.1
2025-06-12 13:18:00,49.85036359371334
2025-06-12 08:52:00,23.5
2025-06-12 12:34:00,40.8
2025-06-12 12:04:00,22.3
2025-06-12 06:23:00,49.85036359371334
2025-06-12 13:35:00,63.7
2025-06-12 15:34:00,67.1
2025-06-12 04:03:00,77.7
2025-06-12 07:40:00,19.1
2025-06-12 21:30:00,63.0
2025-06-12 03:36:00,40.9
2025-06-12 02:25:00,86.4
2025-06-12 07:34:00,1.3
2025-06-12 04:16:00,65.0
2025-06-12 19:37:00,7.1
2025-06-12 11:08:00,39.3
2025-06-12 21:35:00,26.3
2025-06-12 23:21:00,29.0
2025-06-12 17:41:00,83.0
2025-06-12 01:25:00,49.85036359371334
2025-06-12 20:33:00,24.9
2025-06-12 04:43:00,5.5
2025-06-12 08:54:00,61.4
2025-06-12 19:45:00,99.1
2025-06-12 13:22:00,14.1
2025-06-12 04:07:00,19.6
2025-06-12 01:36:00,25.2
2025-06-12 12:05:00,40.7
2025-06-12 02:21:00,16.3
2025-06-12 22:26:00,93.0
2025-06-12 17:30:00,100.0
2025-06-12 18:29:00,40.1
2025-06-12 02:15:00,68.8
2025-06-12 09:52:00,2.6
2025-06-12 23:16:00,8.2
2025-06-12 07:54:00,11.4
2025-06-12 13:24:00,37.4
2025-06-12 09:24:00,21.4
2025-06-12 08:42:00,51.3
2025-06-12 20:24:00,50.02337935876432
2025-06-12 02:25:00,93.4
2025-06-12 17:25:00,50.02337935876432
2025-06-12 15:36:00,71.3
2025-06-12 12:39:00,60.8
2025-06-12 11:25:00,54.0
2025-06-12 16:46:00,98.7
2025-06-12 07:07:00,61.5
2025-06-12 02:09:00,12.5
2025-06-12 13:30:00,39.3
2025-06-12 03:07:00,16.8
2025-06-12 18:42:00,71.3
2025-06-12 19:57:00,50.02337935876432
2025-06-12 08:31:00,50.02337935876432
2025-06-12 12:35:00,7.9
2025-06-12 23:53:00,33.1
2025-06-12 08:34:00,50.02337935876432
2025-06-12 11:47:00,84.6
2025-06-12 12:52:00,33.0
2025-06-12 23:35:00,99.0
2025-06-12 18:49:00,4.6
2025-06-12 06:45:00,50.02337935876432
2025-06-12 08:04:00,58.6
2025-06-12 08:21:00,14.1
2025-06-12 07:26:00,6.1
2025-06-12 04:57:00,50.02337935876432
2025-06-12 18:10:00,52.3
2025-06-12 20:44:00,87.2
2025-06-12 10:39:00,27.2
2025-06-12 02:44:00,58.7
2025-06-12 01:33:00,17.8
2025-06-12 14:27:00,13.7
2025-06-12 16:27:00,94.5
2025-06-12 14:34:00,50.02337935876432
2025-06-12 01:48:00,50.02337935876432
2025-06-12 13:02:00,75.4
2025-06-12 23:08:00,50.02337935876432
2025-06-12 22:24:00,50.02337935876432
2025-06-12 15:53:00,50.02337935876432
2025-06-12 07:00:00,55.2
2025-06-12 09:49:00,14.3
2025-06-12 16:50:00,39.7
2025-06-12 14:35:00,73.9
2025-06-12 05:33:00,25.7
2025-06-12 13:42:00,82.3
2025-06-12 18:41:00,93.9
2025-06-12 05:20:00,62.3
2025-06-12 19:09:00,3.6
2025-06-12 18:05:00,9.5
2025-06-12 23:10:00,34.4
2025-06-12 10:53:00,50.02337935876432
2025-06-12 00:51:00,68.6
2025-06-12 22:25:00,29.0
2025-06-12 09:32:00,36.3
2025-06-12 20:59:00,50.02337935876432
2025-06-12 06:19:00,91.1
2025-06-12 01:17:00,50.02337935876432
2025-06-12 23:48:00,31.5
2025-06-12 12:21:00,47.1
2025-06-12 00:13:00,81.7
2025-06-12 04:40:00,82.1
2025-06-12 03:13:00,54.2
2025-06-12 03:55:00,69.2
2025-06-12 09:23:00,92.6
2025-06-12 22:29:00,97.4
2025-06-12 07:48:00,40.8
2025-06-12 17:43:00,94.5
2025-06-12 18:06:00,76.4
2025-06-12 03:29:00,33.2
2025-06-12 08:53:00,50.02337935876432
2025-06-12 14:02:00,78.5
2025-06-12 09:29:00,38.2
2025-06-12 06:43:00,50.02337935876432
2025-06-12 14:38:00,50.02337935876432
2025-06-12 09:08:00,61.1
2025-06-12 00:32:00,43.0
2025-06-12 02:57:00,46.8
2025-06-12 21:10:00,10.3
2025-06-12 01:49:00,15.9
2025-06-12 07:04:00,46.8
2025-06-12 01:28:00,77.0
2025-06-12 20:08:00,50.02337935876432
2025-06-12 08:26:00,81.0
2025-06-12 11:00:00,39.5
2025-06-12 15:27:00,80.7
2025-06-12 10:58:00,25.2
2025-06-12 06:25:00,12.3
2025-06-12 21:00:00,88.8
2025-06-12 09:55:00,44.5
2025-06-12 23:07:00,18.0
2025-06-12 23:51:00,1.5
2025-06-12 05:58:00,13.4
2025-06-12 01:03:00,10.9
2025-06-12 02:54:00,50.02337935876432
2025-06-12 18:16:00,50.02337935876432
2025-06-12 09:11:00,73.3
2025-06-12 11:56:00,16.5
2025-06-12 04:26:00,56.1
2025-06-12 04:22:00,29.3
2025-06-12 00:36:00,50.02337935876432
2025-06-12 02:24:00,84.5
2025-06-12 21:56:00,34.6
2025-06-12 20:36:00,7.5
2025-06-12 14:40:00,96.7
2025-06-12 20:06:00,92.6
2025-06-12 21:30:00,50.02337935876432
2025-06-12 17:16:00,92.7
2025-06-12 10:18:00,91.1
2025-06-12 14:55:00,58.4
2025-06-12 23:58:00,19.5
2025-06-12 15:19:00,77.6
2025-06-12 03:05:00,37.2
2025-06-12 10:01:00,72.2
2025-06-12 11:13:00,21.4
2025-06-12 03:52:00,22.2
2025-06-12 08:32:00,54.0
2025-06-12 18:38:00,6.6
2025-06-12 21:51:00,97.9
2025-06-12 16:55:00,50.02337935876432
2025-06-12 04:30:00,50.02337935876432
2025-06-12 00:48:00,12.3
2025-06-12 06:53:00,23.7
2025-06-12 16:19:00,94.5
2025-06-12 11:48:00,64.1
2025-06-12 19:53:00,86.8
2025-06-12 17:17:00,70.0
2025-06-12 21:46:00,84.5
2025-06-12 12:48:00,50.6
2025-06-12 06:20:00,4.7
2025-06-12 11:38:00,73.3
2025-06-12 14:07:00,28.7
2025-06-12 22:03:00,82.6
2025-06-12 14:06:00,49.6
2025-06-12 10:44:00,63.3
2025-06-12 14:59:00,80.3
2025-06-12 18:32:00,79.2
2025-06-12 08:01:00,8.6
2025-06-12 10:32:00,6.8
2025-06-12 01:54:00,50.02337935876432
2025-06-12 14:43:00,73.3
2025-06-12 06:14:00,89.4
2025-06-12 06:09:00,48.6
2025-06-12 16:44:00,26.7
2025-06-12 13:03:00,28.1
2025-06-12 06:07:00,18.4
2025-06-12 05:12:00,12.8
2025-06-12 02:07:00,93.8
2025-06-12 15:44:00,97.1
2025-06-12 19:36:00,76.8
2025-06-12 19:23:00,10.7
2025-06-12 16:54:00,16.8
2025-06-12 10:20:00,50.02337935876432
2025-06-12 18:22:00,50.02337935876432
2025-06-12 23:52:00,65.9
2025-06-12 06:50:00,62.7
2025-06-12 17:06:00,36.1
2025-06-12 02:35:00,1.8
2025-06-12 11:40:00,93.5
2025-06-12 22:11:00,55.4
2025-06-12 04:15:00,56.5
2025-06-12 20:38:00,22.2
2025-06-12 11:24:00,66.3
2025-06-12 17:26:00,13.1
2025-06-12 04:19:00,70.9
2025-06-12 02:41:00,42.7
2025-06-12 20:56:00,92.9
2025-06-12 15:58:00,4.1
2025-06-12 02:37:00,70.8
2025-06-12 12:03:00,47.2
2025-06-12 12:43:00,85.6
2025-06-12 04:28:00,21.1
2025-06-12 18:58:00,50.02337935876432
2025-06-12 18:40:00,1.5
2025-06-12 18:17:00,6.0
2025-06-12 18:31:00,10.9
2025-06-12 21:22:00,51.6
2025-06-12 06:42:00,28.3
2025-06-12 19:40:00,41.5
2025-06-12 05:31:00,50.02337935876432
2025-06-12 16:48:00,50.02337935876432
2025-06-12 03:37:00,77.6
2025-06-12 02:38:00,53.3
2025-06-12 17:51:00,19.1
2025-06-12 04:47:00,49.6
2025-06-12 10:27:00,50.02337935876432
2025-06-12 17:28:00,55.6
2025-06-12 18:56:00,83.9
2025-06-12 03:31:00,50.02337935876432
2025-06-12 22:50:00,50.02337935876432
2025-06-12 12:49:00,35.1
2025-06-12 05:18:00,50.02337935876432
2025-06-12 16:40:00,96.5
2025-06-12 01:27:00,45.3
2025-06-12 19:43:00,37.8
2025-06-12 08:28:00,22.6
2025-06-12 03:58:00,22.4
2025-06-12 04:20:00,88.2
2025-06-12 21:44:00,94.8
2025-06-12 19:56:00,50.02337935876432
2025-06-12 19:17:00,98.4
2025-06-12 05:22:00,50.02337935876432
2025-06-12 01:55:00,50.02337935876432
2025-06-12 02:12:00,50.02337935876432
2025-06-12 02:11:00,50.02337935876432
2025-06-12 12:10:00,50.6
2025-06-12 17:11:00,68.5
2025-06-12 05:51:00,6.0
2025-06-12 20:00:00,41.4
2025-06-12 13:36:00,64.9
2025-06-12 04:14:00,99.4
2025-06-12 06:24:00,5.1
2025-06-12 23:01:00,50.02337935876432
2025-06-12 09:20:00,50.02337935876432
2025-06-12 18:51:00,31.1
2025-06-12 19:26:00,50.02337935876432
2025-06-12 14:42:00,8.1
2025-06-12 22:44:00,78.7
2025-06-12 15:41:00,98.4
2025-06-12 05:39:00,72.5
2025-06-12 15:50:00,73.1
2025-06-12 06:15:00,50.02337935876432
2025-06-12 14:03:00,99.3
2025-06-12 20:53:00,18.1
2025-06-12 16:33:00,79.0
2025-06-12 03:14:00,35.1
2025-06-12 05:25:00,50.02337935876432
2025-06-12 08:33:00,50.02337935876432
2025-06-12 21:23:00,75.3
2025-06-12 08:58:00,50.02337935876432
2025-06-12 16:17:00,28.6
2025-06-12 00:54:00,59.3
2025-06-12 20:11:00,21.3
2025-06-12 21:36:00,78.6
2025-06-12 07:05:00,7.0
2025-06-12 07:29:00,50.02337935876432
2025-06-12 17:32:00,27.2
2025-06-12 12:07:00,62.9
2025-06-12 12:47:00,83.4
2025-06-12 09:58:00,50.02337935876432
2025-06-12 11:11:00,20.8
2025-06-12 22:46:00,14.5
2025-06-12 03:43:00,45.5
2025-06-12 18:27:00,83.8
2025-06-12 14:36:00,50.02337935876432
2025-06-12 00:41:00,50.02337935876432
2025-06-12 14:09:00,42.0
2025-06-12 20:13:00,76.9
2025-06-12 11:19:00,75.6
2025-06-12 06:51:00,91.9
2025-06-12 21:28:00,93.8
2025-06-12 07:46:00,52.4
2025-06-12 10:41:00,8.3
2025-06-12 12:15:00,43.7
2025-06-12 06:35:00,7.7
2025-06-12 23:17:00,79.5
2025-06-12 15:15:00,11.7
2025-06-12 09:45:00,4.3
2025-06-12 00:43:00,90.9
2025-06-12 02:32:00,37.5
2025-06-12 08:17:00,41.1
2025-06-12 10:09:00,93.7
2025-06-12 09:10:00,68.1
2025-06-12 22:51:00,53.8
2025-06-12 10:59:00,74.8
2025-06-12 12:01:00,52.0
2025-06-12 07:03:00,60.3
2025-06-12 20:55:00,22.2
2025-06-12 17:22:00,10.2
2025-06-12 17:46:00,9.9
2025-06-12 12:17:00,79.8
2025-06-12 14:59:00,44.4
2025-06-12 15:44:00,73.1
2025-06-12 18:23:00,47.4
2025-06-12 04:23:00,70.7
2025-06-12 02:48:00,4.3
2025-06-12 09:29:00,26.0
2025-06-12 19:13:00,5.2
2025-06-12 23:27:00,50.19809456598448
2025-06-12 13:08:00,98.9
2025-06-12 12:02:00,50.19809456598448
2025-06-12 19:11:00,23.6
2025-06-12 07:18:00,25.6
2025-06-12 16:23:00,39.4
2025-06-12 12:49:00,50.19809456598448
2025-06-12 11:31:00,29.9
2025-06-12 07:48:00,78.3
2025-06-12 05:45:00,72.0
2025-06-12 13:45:00,95.0
2025-06-12 00:45:00,2.9
2025-06-12 12:40:00,64.6
2025-06-12 05:33:00,33.5
2025-06-12 05:23:00,19.4
2025-06-12 14:24:00,51.1
2025-06-12 05:35:00,45.6
2025-06-12 06:08:00,42.0
2025-06-12 16:40:00,98.6
2025-06-12 16:15:00,15.5
2025-06-12 14:50:00,76.2
2025-06-12 01:59:00,99.0
2025-06-12 02:58:00,99.9
2025-06-12 18:00:00,81.0
2025-06-12 19:54:00,24.9
2025-06-12 13:55:00,98.7
2025-06-12 15:19:00,50.19809456598448
2025-06-12 03:54:00,25.7
2025-06-12 11:22:00,67.6
2025-06-12 16:39:00,74.3
2025-06-12 03:49:00,46.3
2025-06-12 01:06:00,4.7
2025-06-12 06:29:00,16.9
2025-06-12 19:51:00,38.4
2025-06-12 22:16:00,24.0
2025-06-12 04:19:00,73.8
2025-06-12 17:58:00,34.6
2025-06-12 18:45:00,82.0
2025-06-12 03:33:00,8.3
2025-06-12 11:26:00,34.9
2025-06-12 18:18:00,66.4
2025-06-12 11:43:00,50.19809456598448
2025-06-12 22:17:00,58.7
2025-06-12 03:50:00,50.19809456598448
2025-06-12 13:04:00,68.9
2025-06-12 16:12:00,62.4
2025-06-12 02:41:00,37.2
2025-06-12 23:45:00,50.19809456598448
2025-06-12 19:14:00,8.5
2025-06-12 12:10:00,59.6
2025-06-12 01:12:00,69.0
2025-06-12 16:53:00,78.4
2025-06-12 11:45:00,19.0
2025-06-12 22:10:00,50.19809456598448
2025-06-12 21:24:00,71.2
2025-06-12 23:57:00,17.7
2025-06-12 02:14:00,69.8
2025-06-12 13:37:00,92.3
2025-06-12 18:05:00,62.9
2025-06-12 22:31:00,52.6
2025-06-12 00:42:00,50.19809456598448
2025-06-12 14:47:00,96.2
2025-06-12 19:02:00,55.3
2025-06-12 01:03:00,15.7
2025-06-12 09:52:00,57.2
2025-06-12 14:46:00,53.3
2025-06-12 05:08:00,84.0
2025-06-12 05:09:00,7.2
2025-06-12 10:52:00,55.3
2025-06-12 05:28:00,7.2
2025-06-12 22:33:00,17.1
2025-06-12 18:40:00,27.4
2025-06-12 04:24:00,7.1
2025-06-12 08:57:00,12.4
2025-06-12 16:46:00,49.4
2025-06-12 07:25:00,71.6
2025-06-12 06:11:00,12.4
2025-06-12 20:01:00,50.19809456598448
2025-06-12 07:19:00,66.4
2025-06-12 17:44:00,50.19809456598448
2025-06-12 22:11:00,25.6
2025-06-12 18:36:00,32.3
2025-06-12 14:56:00,51.0
2025-06-12 14:03:00,81.1
2025-06-12 12:47:00,46.2
2025-06-12 06:51:00,62.9
2025-06-12 06:17:00,28.6
2025-06-12 23:59:00,50.19809456598448
2025-06-12 17:45:00,36.5
2025-06-12 16:22:00,8.6
2025-06-12 13:19:00,22.5
2025-06-12 18:42:00,74.5
2025-06-12 13:05:00,54.8
2025-06-12 22:15:00,96.1
2025-06-12 22:48:00,9.4
2025-06-12 17:14:00,50.19809456598448
2025-06-12 17:24:00,70.2
2025-06-12 12:05:00,83.6
2025-06-12 20:26:00,16.7
2025-06-12 00:14:00,18.0
2025-06-12 23:33:00,50.19809456598448
2025-06-12 01:33:00,8.7
2025-06-12 13:00:00,81.1
2025-06-12 13:34:00,27.6
2025-06-12 13:46:00,50.19809456598448
2025-06-12 06:14:00,76.8
2025-06-12 17:12:00,50.19809456598448
2025-06-12 23:19:00,5.2
2025-06-12 15:48:00,80.3
2025-06-12 12:04:00,60.9
2025-06-12 18:02:00,20.4
2025-06-12 03:25:00,65.5
2025-06-12 00:26:00,50.19809456598448
2025-06-12 13:52:00,33.0
2025-06-12 21:55:00,47.3
2025-06-12 14:08:00,74.9
2025-06-12 20:03:00,50.19809456598448
2025-06-12 08:36:00,47.5
2025-06-12 23:02:00,99.2
2025-06-12 07:39:00,53.4
2025-06-12 01:55:00,85.0
2025-06-12 14:34:00,60.2
2025-06-12 09:17:00,94.9
2025-06-12 11:38:00,5.4
2025-06-12 13:48:00,50.19809456598448
2025-06-12 08:07:00,40.4
2025-06-12 13:28:00,38.9
2025-06-12 19:16:00,33.5
2025-06-12 17:32:00,8.5
2025-06-12 06:38:00,65.2
2025-06-12 17:52:00,96.0
2025-06-12 06:23:00,48.9
2025-06-12 00:03:00,98.5
2025-06-12 08:12:00,32.2
2025-06-12 17:07:00,50.19809456598448
2025-06-12 21:32:00,31.1
2025-06-12 15:10:00,43.9
2025-06-12 01:57:00,50.19809456598448
2025-06-12 04:35:00,18.3
2025-06-12 21:47:00,45.2
2025-06-12 22:08:00,27.5
2025-06-12 16:58:00,50.19809456598448
2025-06-12 19:29:00,91.1
2025-06-12 09:46:00,12.2
2025-06-12 02:01:00,77.7
2025-06-12 07:07:00,85.6
2025-06-12 00:27:00,49.7
2025-06-12 14:00:00,7.4
2025-06-12 15:45:00,43.2
2025-06-12 10:54:00,58.8
2025-06-12 06:58:00,13.4
2025-06-12 23:39:00,72.7
2025-06-12 11:49:00,58.4
2025-06-12 16:03:00,69.8
2025-06-12 23:22:00,35.1
2025-06-12 21:16:00,77.8
2025-06-12 09:41:00,29.0
2025-06-12 01:51:00,50.19809456598448
2025-06-12 01:23:00,8.9
2025-06-12 20:53:00,98.6
2025-06-12 20:29:00,32.7
2025-06-12 05:16:00,43.8
2025-06-12 09:32:00,44.3
2025-06-12 04:16:00,50.19809456598448
2025-06-12 16:43:00,60.6
2025-06-12 18:08:00,28.1
2025-06-12 00:41:00,36.7
2025-06-12 22:36:00,50.19809456598448
2025-06-12 11:05:00,82.4
2025-06-12 18:56:00,61.0
2025-06-12 00:31:00,89.9
2025-06-12 09:56:00,22.8
2025-06-12 10:12:00,50.19809456598448
2025-06-12 06:32:00,9.7
2025-06-12 21:13:00,50.19809456598448
2025-06-12 07:59:00,78.0
2025-06-12 06:45:00,74.8
2025-06-12 00:49:00,35.2
2025-06-12 11:06:00,79.8
2025-06-12 12:44:00,67.7
2025-06-12 01:21:00,71.3
2025-06-12 05:58:00,97.1
2025-06-12 11:19:00,64.8
2025-06-12 16:10:00,93.6
2025-06-12 01:32:00,97.3
2025-06-12 21:22:00,2.2
2025-06-12 08:50:00,50.19809456598448
2025-06-12 14:06:00,58.5
2025-06-12 19:41:00,33.7
2025-06-12 15:08:00,50.19809456598448
2025-06-12 10:27:00,24.8
2025-06-12 06:56:00,47.0
2025-06-12 05:49:00,89.2
2025-06-12 18:15:00,91.0
2025-06-12 03:48:00,69.3
2025-06-12 20:48:00,30.3
2025-06-12 05:51:00,29.1
2025-06-12 03:37:00,50.19809456598448
2025-06-12 03:22:00,25.9
2025-06-12 06:54:00,97.6
2025-06-12 14:04:00,6.9
2025-06-12 19:05:00,37.9
2025-06-12 12:57:00,67.6
2025-06-12 21:59:00,46.1
2025-06-12 23:14:00,32.5
2025-06-12 11:35:00,20.7
2025-06-12 16:31:00,97.0
2025-06-12 21:17:00,53.4
2025-06-12 16:01:00,47.0
2025-06-12 02:02:00,93.1
2025-06-12 00:12:00,36.9
2025-06-12 18:26:00,46.6
2025-06-12 21:54:00,51.4
2025-06-12 18:49:00,37.9
2025-06-12 06:39:00,61.4
2025-06-12 19:08:00,63.0
2025-06-12 18:33:00,99.2
2025-06-12 19:55:00,50.19809456598448
2025-06-12 13:36:00,50.19809456598448
2025-06-12 07:36:00,97.8
2025-06-12 20:21:00,51.9
2025-06-12 16:51:00,39.7
2025-06-12 10:25:00,50.19809456598448
2025-06-12 20:43:00,61.1
2025-06-12 22:47:00,50.19809456598448
2025-06-12 11:48:00,56.4
2025-06-12 09:27:00,36.0
2025-06-12 01:37:00,62.0
2025-06-12 20:47:00,39.2
2025-06-12 13:56:00,50.19809456598448
2025-06-12 02:16:00,0.6
2025-06-12 07:17:00,5.0
2025-06-12 04:44:00,45.1
2025-06-12 19:23:00,6.3
2025-06-12 09:54:00,79.1
2025-06-12 09:26:00,18.7
2025-06-12 02:50:00,36.6
2025-06-12 05:31:00,76.5
2025-06-12 14:58:00,66.6
2025-06-12 04:15:00,50.19809456598448
2025-06-12 05:56:00,57.5
2025-06-12 03:01:00,8.2
2025-06-12 18:34:00,10.2
2025-06-12 09:37:00,3.7
2025-06-12 10:41:00,50.19809456598448
2025-06-12 14:14:00,50.19809456598448
2025-06-12 09:36:00,33.7
2025-06-12 03:57:00,81.8
2025-06-12 02:12:00,18.9
2025-06-12 18:22:00,45.6
2025-06-12 02:49:00,16.1
2025-06-12 05:04:00,24.1
2025-06-12 08:56:00,78.4
2025-06-12 00:39:00,50.19809456598448
2025-06-12 08:27:00,12.6
2025-06-12 04:48:00,50.19809456598448
2025-06-12 03:08:00,19.3
2025-06-12 14:43:00,39.3
2025-06-12 03:04:00,71.1
2025-06-12 18:20:00,73.9
2025-06-12 10:34:00,32.4
2025-06-12 16:38:00,3.9
2025-06-12 07:40:00,36.1
2025-06-12 13:17:00,50.19809456598448
2025-06-12 12:23:00,47.6
2025-06-12 21:04:00,50.19809456598448
2025-06-12 17:03:00,33.5
2025-06-12 19:33:00,47.3
2025-06-12 10:10:00,59.9
2025-06-12 21:11:00,57.7
2025-06-12 01:54:00,10.5
2025-06-12 16:11:00,84.9
2025-06-12 14:41:00,45.9
2025-06-12 20:48:00,80.5
2025-06-12 10:24:00,83.0
2025-06-12 22:13:00,5.4
2025-06-12 08:21:00,52.5
2025-06-12 05:59:00,80.5
2025-06-12 06:31:00,74.1
2025-06-12 16:14:00,56.0
2025-06-12 04:38:00,66.7
2025-06-12 16:18:00,80.9
2025-06-12 07:58:00,88.7
2025-06-12 01:47:00,49.54486036141751
2025-06-12 14:20:00,89.8
2025-06-12 18:34:00,53.7
2025-06-12 08:35:00,55.5
2025-06-12 12:23:00,96.3
2025-06-12 01:46:00,30.3
2025-06-12 20:29:00,51.2
2025-06-12 12:18:00,26.8
2025-06-12 12:38:00,66.1
2025-06-12 07:21:00,31.5
2025-06-12 16:31:00,90.4
2025-06-12 02:19:00,90.2
2025-06-12 05:49:00,91.5
2025-06-12 23:21:00,4.2
2025-06-12 10:13:00,23.1
2025-06-12 15:19:00,74.2
2025-06-12 23:25:00,32.3
2025-06-12 02:01:00,86.9
2025-06-12 13:40:00,59.8
2025-06-12 05:55:00,98.7
2025-06-12 10:00:00,93.1
2025-06-12 14:42:00,96.0
2025-06-12 11:45:00,17.1
2025-06-12 06:30:00,50.8
2025-06-12 03:27:00,49.54486036141751
2025-06-12 16:29:00,85.8
2025-06-12 11:23:00,89.1
2025-06-12 23:37:00,49.54486036141751
2025-06-12 02:09:00,51.3
2025-06-12 00:45:00,47.6
2025-06-12 15:32:00,61.0
2025-06-12 03:28:00,65.9
2025-06-12 00:59:00,11.0
2025-06-12 09:08:00,87.3
2025-06-12 05:51:00,90.6
2025-06-12 00:49:00,83.2
2025-06-12 14:40:00,77.1
2025-06-12 20:38:00,49.54486036141751
2025-06-12 02:16:00,20.3
2025-06-12 04:30:00,8.9
2025-06-12 07:47:00,81.0
2025-06-12 14:47:00,71.5
2025-06-12 06:49:00,23.2
2025-06-12 02:41:00,72.8
2025-06-12 01:41:00,89.2
2025-06-12 08:05:00,65.7
2025-06-12 23:52:00,61.3
2025-06-12 14:07:00,43.7
2025-06-12 18:05:00,0.2
2025-06-12 08:52:00,49.54486036141751
2025-06-12 16:52:00,23.0
2025-06-12 13:46:00,35.4
2025-06-12 19:35:00,9.1
2025-06-12 05:22:00,57.4
2025-06-12 05:34:00,19.9
2025-06-12 21:05:00,23.1
2025-06-12 05:18:00,24.9
2025-06-12 21:08:00,62.7
2025-06-12 21:22:00,84.2
2025-06-12 12:15:00,66.4
2025-06-12 18:26:00,60.0
2025-06-12 06:27:00,49.54486036141751
2025-06-12 11:01:00,78.5
2025-06-12 09:43:00,24.8
2025-06-12 18:20:00,78.5
2025-06-12 15:41:00,25.2
2025-06-12 20:25:00,71.1
2025-06-12 23:01:00,27.1
2025-06-12 17:13:00,29.4
2025-06-12 10:08:00,49.54486036141751
2025-06-12 11:07:00,49.54486036141751
2025-06-12 09:40:00,47.6
2025-06-12 09:21:00,49.54486036141751
2025-06-12 13:20:00,98.1
2025-06-12 15:37:00,41.4
2025-06-12 17:46:00,3.6
2025-06-12 23:41:00,51.8
2025-06-12 18:28:00,84.4
2025-06-12 12:36:00,68.2
2025-06-12 23:07:00,19.8
2025-06-12 10:05:00,40.0
2025-06-12 09:20:00,60.7
2025-06-12 18:00:00,49.1
2025-06-12 04:33:00,96.3
2025-06-12 15:58:00,30.1
2025-06-12 15:12:00,17.6
2025-06-12 23:13:00,21.1
2025-06-12 07:27:00,95.4
2025-06-12 22:27:00,64.1
2025-06-12 07:48:00,91.8
2025-06-12 15:44:00,45.2
2025-06-12 10:44:00,47.2
2025-06-12 09:31:00,49.54486036141751
2025-06-12 12:07:00,4.2
2025-06-12 21:40:00,10.0
2025-06-12 17:18:00,48.0
2025-06-12 23:40:00,59.9
2025-06-12 18:58:00,49.54486036141751
2025-06-12 16:28:00,46.4
2025-06-12 02:03:00,52.6
2025-06-12 15:47:00,56.0
2025-06-12 13:33:00,14.0
2025-06-12 09:14:00,58.8
2025-06-12 05:37:00,2.0
2025-06-12 09:50:00,49.54486036141751
2025-06-12 13:07:00,75.2
2025-06-12 03:11:00,49.54486036141751
2025-06-12 13:32:00,84.0
2025-06-12 07:11:00,20.5
2025-06-12 16:12:00,29.1
2025-06-12 08:51:00,43.2
2025-06-12 21:04:00,69.9
2025-06-12 21:47:00,42.7
2025-06-12 13:28:00,21.8
2025-06-12 13:59:00,49.6
2025-06-12 01:23:00,64.7
2025-06-12 17:27:00,28.7
2025-06-12 00:24:00,22.3
2025-06-12 01:50:00,39.7
2025-06-12 12:51:00,85.5
2025-06-12 06:44:00,64.0
2025-06-12 00:39:00,49.54486036141751
2025-06-12 20:02:00,49.54486036141751
2025-06-12 11:50:00,49.54486036141751
2025-06-12 05:11:00,17.9
2025-06-12 04:01:00,36.3
2025-06-12 12:50:00,71.1
2025-06-12 02:00:00,3.6
2025-06-12 21:27:00,60.0
2025-06-12 12:45:00,49.54486036141751
2025-06-12 18:41:00,88.0
2025-06-12 17:50:00,39.0
2025-06-12 20:54:00,88.4
2025-06-12 00:32:00,63.7
2025-06-12 06:02:00,80.4
2025-06-12 06:10:00,99.4
2025-06-12 10:30:00,58.0
2025-06-12 02:50:00,0.4
2025-06-12 09:01:00,52.7
2025-06-12 15:14:00,86.6
2025-06-12 06:13:00,42.1
2025-06-12 15:04:00,7.9
2025-06-12 21:26:00,31.9
2025-06-12 16:03:00,34.7
2025-06-12 11:27:00,13.8
2025-06-12 07:34:00,65.4
2025-06-12 04:16:00,83.9
2025-06-12 18:09:00,12.7
2025-06-12 01:42:00,50.5
2025-06-12 16:53:00,17.2
2025-06-12 17:42:00,92.4
2025-06-12 03:31:00,23.1
2025-06-12 11:11:00,19.4
2025-06-12 21:32:00,21.1
2025-06-12 13:08:00,49.54486036141751
2025-06-12 19:05:00,49.54486036141751
2025-06-12 06:47:00,88.5
2025-06-12 06:00:00,15.2
2025-06-12 19:53:00,31.2
2025-06-12 00:48:00,80.5
2025-06-12 03:24:00,37.2
2025-06-12 09:37:00,29.7
2025-06-12 22:33:00,29.5
2025-06-12 09:00:00,1.0
2025-06-12 15:43:00,25.2
2025-06-12 07:51:00,49.54486036141751
2025-06-12 00:09:00,13.1
2025-06-12 18:45:00,90.9
2025-06-12 12:14:00,48.8
2025-06-12 21:14:00,49.54486036141751
2025-06-12 21:43:00,59.3
2025-06-12 16:48:00,99.5
2025-06-12 17:35:00,49.54486036141751
2025-06-12 20:55:00,49.54486036141751
2025-06-12 14:46:00,88.8
2025-06-12 21:28:00,18.7
2025-06-12 19:18:00,47.2
2025-06-12 02:36:00,35.7
2025-06-12 07:59:00,5.8
2025-06-12 02:49:00,75.1
2025-06-12 07:54:00,72.0
2025-06-12 04:14:00,57.8
2025-06-12 23:24:00,36.5
2025-06-12 00:55:00,98.9
2025-06-12 19:14:00,60.9
2025-06-12 07:14:00,8.4
2025-06-12 02:58:00,4.1
2025-06-12 13:05:00,46.4
2025-06-12 07:00:00,28.3
2025-06-12 21:29:00,94.9
2025-06-12 07:40:00,48.5
2025-06-12 06:04:00,29.0
2025-06-12 10:26:00,90.3
2025-06-12 07:03:00,68.9
2025-06-12 01:24:00,84.0
2025-06-12 23:59:00,13.9
2025-06-12 00:56:00,58.2
2025-06-12 00:14:00,80.0
2025-06-12 16:06:00,41.3
2025-06-12 08:04:00,13.2
2025-06-12 19:50:00,22.9
2025-06-12 08:33:00,0.3
2025-06-12 17:38:00,85.4
2025-06-12 22:14:00,32.0
2025-06-12 21:17:00,93.0
2025-06-12 12:00:00,60.7
2025-06-12 13:10:00,53.1
2025-06-12 16:49:00,39.3
2025-06-12 21:35:00,10.2
2025-06-12 04:35:00,14.0
2025-06-12 20:17:00,56.7
2025-06-12 22:06:00,69.8
2025-06-12 02:40:00,97.1
2025-06-12 07:06:00,6.1
2025-06-12 17:09:00,20.3
2025-06-12 14:22:00,80.2
2025-06-12 10:51:00,80.7
2025-06-12 06:07:00,53.7
2025-06-12 09:22:00,49.54486036141751
2025-06-12 05:13:00,49.54486036141751
2025-06-12 17:00:00,62.5
2025-06-12 08:25:00,59.3
2025-06-12 22:16:00,80.0
2025-06-12 00:58:00,28.4
2025-06-12 23:19:00,49.54486036141751
2025-06-12 04:08:00,49.54486036141751
2025-06-12 07:22:00,33.2
2025-06-12 00:44:00,49.54486036141751
2025-06-12 14:54:00,94.6
2025-06-12 10:22:00,69.6
2025-06-12 16:38:00,12.2
2025-06-12 05:40:00,49.54486036141751
2025-06-12 05:00:00,72.4
2025-06-12 00:15:00,19.2
2025-06-12 21:58:00,98.5
2025-06-12 02:07:00,89.2
2025-06-12 09:51:00,49.54486036141751
2025-06-12 12:41:00,63.3
2025-06-12 09:46:00,16.2
2025-06-12 10:57:00,20.5
2025-06-12 00:31:00,49.54486036141751
2025-06-12 07:17:00,3.1
2025-06-12 20:32:00,47.1
2025-06-12 18:53:00,66.1
2025-06-12 20:57:00,43.2
2025-06-12 13:25:00,83.7
2025-06-12 07:23:00,50.1
2025-06-12 13:30:00,62.1
2025-06-12 04:20:00,90.2
2025-06-12 06:28:00,52.4
2025-06-12 06:24:00,76.9
2025-06-12 17:04:00,49.54486036141751
2025-06-12 18:38:00,71.7
2025-06-12 13:04:00,67.7
2025-06-12 15:00:00,55.1
2025-06-12 18:04:00,85.4
2025-06-12 07:52:00,47.4
2025-06-12 01:08:00,49.54486036141751
2025-06-12 23:12:00,49.54486036141751
2025-06-12 02:46:00,49.54486036141751
2025-06-12 01:53:00,49.54486036141751
2025-06-12 01:38:00,88.4
2025-06-12 08:00:00,32.1
2025-06-12 10:38:00,52.9
2025-06-12 07:09:00,74.0
2025-06-12 22:07:00,41.5
2025-06-12 23:14:00,96.4
2025-06-12 05:05:00,18.0
2025-06-12 13:31:00,32.8
2025-06-12 15:54:00,8.1
2025-06-12 08:22:00,58.1
2025-06-12 03:03:00,45.7
2025-06-12 19:29:00,74.3
2025-06-12 00:22:00,17.6
2025-06-12 20:39:00,21.3
2025-06-12 06:13:00,10.5
2025-06-12 12:47:00,55.0
2025-06-12 21:27:00,93.5
2025-06-12 08:27:00,50.136426804852206
2025-06-12 23:09:00,4.7
2025-06-12 11:52:00,1.2
2025-06-12 09:04:00,50.136426804852206
2025-06-12 17:37:00,40.3
2025-06-12 13:52:00,92.2
2025-06-12 17:35:00,76.0
2025-06-12 11:51:00,49.1
2025-06-12 13:21:00,54.0
2025-06-12 23:01:00,46.9
2025-06-12 06:23:00,17.7
2025-06-12 02:29:00,73.7
2025-06-12 05:18:00,85.0
2025-06-12 15:36:00,19.5
2025-06-12 12:49:00,43.4
2025-06-12 00:53:00,50.136426804852206
2025-06-12 01:39:00,74.8
2025-06-12 07:48:00,42.1
2025-06-12 02:26:00,21.4
2025-06-12 04:17:00,50.136426804852206
2025-06-12 01:46:00,62.2
2025-06-12 19:21:00,16.9
2025-06-12 21:41:00,50.136426804852206
2025-06-12 12:13:00,0.0
2025-06-12 16:36:00,64.4
2025-06-12 08:06:00,22.1
2025-06-12 21:47:00,64.7
2025-06-12 23:48:00,87.1
2025-06-12 07:06:00,50.136426804852206
2025-06-12 00:38:00,28.6
2025-06-12 15:25:00,52.2
2025-06-12 21:19:00,16.6
2025-06-12 11:56:00,9.9
2025-06-12 15:28:00,50.8
2025-06-12 04:25:00,70.0
2025-06-12 07:57:00,60.0
2025-06-12 00:19:00,28.1
2025-06-12 18:14:00,95.8
2025-06-12 15:32:00,46.0
2025-06-12 02:33:00,19.9
2025-06-12 18:25:00,74.6
2025-06-12 05:05:00,14.1
2025-06-12 15:49:00,81.4
2025-06-12 16:28:00,11.5
2025-06-12 11:10:00,94.2
2025-06-12 00:02:00,42.8
2025-06-12 02:12:00,90.3
2025-06-12 18:07:00,18.3
2025-06-12 10:58:00,71.3
2025-06-12 23:02:00,50.136426804852206
2025-06-12 03:34:00,50.136426804852206
2025-06-12 01:52:00,90.6
2025-06-12 11:50:00,50.136426804852206
2025-06-12 17:31:00,50.136426804852206
2025-06-12 16:22:00,46.9
2025-06-12 20:10:00,13.0
2025-06-12 23:03:00,50.136426804852206
2025-06-12 00:59:00,17.7
2025-06-12 23:38:00,28.5
2025-06-12 06:32:00,92.1
2025-06-12 17:53:00,92.2
2025-06-12 06:00:00,60.3
2025-06-12 10:59:00,50.136426804852206
2025-06-12 16:39:00,77.4
2025-06-12 23:22:00,89.5
2025-06-12 11:06:00,50.136426804852206
2025-06-12 02:21:00,22.6
2025-06-12 07:42:00,9.1
2025-06-12 17:38:00,70.5
2025-06-12 19:01:00,50.136426804852206
2025-06-12 07:50:00,90.6
2025-06-12 19:25:00,74.7
2025-06-12 22:07:00,50.136426804852206
2025-06-12 03:33:00,90.1
2025-06-12 11:37:00,82.9
2025-06-12 11:39:00,17.1
2025-06-12 21:17:00,91.4
2025-06-12 00:36:00,42.2
2025-06-12 08:53:00,64.4
2025-06-12 22:32:00,50.136426804852206
2025-06-12 22:50:00,72.7
2025-06-12 10:21:00,48.3
2025-06-12 04:43:00,39.6
2025-06-12 15:31:00,20.0
2025-06-12 17:46:00,6.0
2025-06-12 09:53:00,50.136426804852206
2025-06-12 16:20:00,57.4
2025-06-12 03:24:00,8.6
2025-06-12 22:48:00,50.136426804852206
2025-06-12 01:04:00,42.7
2025-06-12 18:55:00,34.4
2025-06-12 12:33:00,50.136426804852206
2025-06-12 18:51:00,40.5
2025-06-12 14:33:00,81.0
2025-06-12 10:45:00,50.136426804852206
2025-06-12 09:08:00,91.3
2025-06-12 22:59:00,90.5
2025-06-12 08:33:00,35.7
2025-06-12 12:57:00,48.8
2025-06-12 16:33:00,66.7
2025-06-12 16:59:00,96.5
2025-06-12 00:35:00,72.5
2025-06-12 19:06:00,59.6
2025-06-12 15:34:00,35.1
2025-06-12 10:02:00,10.2
2025-06-12 00:04:00,27.1
2025-06-12 20:32:00,87.7
2025-06-12 08:28:00,77.1
2025-06-12 15:09:00,92.6
2025-06-12 11:05:00,90.3
2025-06-12 13:31:00,97.3
2025-06-12 03:16:00,78.1
2025-06-12 07:29:00,50.136426804852206
2025-06-12 06:59:00,96.0
2025-06-12 21:33:00,7.7
2025-06-12 06:47:00,15.5
2025-06-12 02:41:00,72.9
2025-06-12 23:41:00,76.5
2025-06-12 03:14:00,11.0
2025-06-12 13:51:00,88.2
2025-06-12 04:38:00,4.5
2025-06-12 15:16:00,70.7
2025-06-12 18:03:00,50.136426804852206
2025-06-12 20:02:00,71.7
2025-06-12 03:13:00,49.9
2025-06-12 05:27:00,4.4
2025-06-12 14:12:00,68.2
2025-06-12 00:29:00,50.136426804852206
2025-06-12 11:20:00,50.136426804852206
2025-06-12 22:21:00,24.9
2025-06-12 01:40:00,50.136426804852206
2025-06-12 21:58:00,82.2
2025-06-12 01:01:00,65.2
2025-06-12 19:33:00,42.1
2025-06-12 16:42:00,59.3
2025-06-12 04:02:00,50.136426804852206
2025-06-12 00:05:00,70.5
2025-06-12 04:11:00,4.9
2025-06-12 00:48:00,43.4
2025-06-12 18:11:00,50.136426804852206
2025-06-12 18:00:00,61.0
2025-06-12 15:39:00,4.6
2025-06-12 01:30:00,62.5
2025-06-12 06:25:00,50.136426804852206
2025-06-12 20:04:00,24.4
2025-06-12 06:19:00,84.3
2025-06-12 09:13:00,11.1
2025-06-12 04:32:00,57.8
2025-06-12 07:26:00,43.8
2025-06-12 06:40:00,69.9
2025-06-12 23:17:00,63.0
2025-06-12 18:54:00,49.9
2025-06-12 11:58:00,41.8
2025-06-12 10:03:00,76.4
2025-06-12 12:45:00,45.6
2025-06-12 21:38:00,35.2
2025-06-12 00:17:00,54.3
2025-06-12 05:08:00,83.6
2025-06-12 19:02:00,64.1
2025-06-12 20:17:00,78.4
2025-06-12 10:35:00,27.0
2025-06-12 10:09:00,50.136426804852206
2025-06-12 16:17:00,85.2
2025-06-12 04:41:00,50.136426804852206
2025-06-12 17:13:00,4.0
2025-06-12 21:54:00,96.8
2025-06-12 14:03:00,44.5
2025-06-12 21:45:00,21.3
2025-06-12 10:36:00,30.6
2025-06-12 09:51:00,74.1
2025-06-12 22:16:00,80.4
2025-06-12 15:35:00,42.2
2025-06-12 03:30:00,88.8
2025-06-12 07:00:00,42.2
2025-06-12 08:57:00,85.4
2025-06-12 07:14:00,50.136426804852206
2025-06-12 02:08:00,49.1
2025-06-12 19:34:00,44.0
2025-06-12 17:42:00,50.136426804852206
2025-06-12 08:51:00,42.1
2025-06-12 18:33:00,93.6
2025-06-12 21:39:00,79.9
2025-06-12 17:59:00,75.2
2025-06-12 01:07:00,94.9
2025-06-12 00:09:00,50.136426804852206
2025-06-12 16:49:00,59.0
2025-06-12 17:21:00,7.8
2025-06-12 03:19:00,50.136426804852206
2025-06-12 20:05:00,55.6
2025-06-12 23:14:00,50.136426804852206
2025-06-12 13:08:00,62.5
2025-06-12 17:25:00,72.1
2025-06-12 01:48:00,50.136426804852206
2025-06-12 05:16:00,27.5
2025-06-12 03:44:00,50.136426804852206
2025-06-12 05:42:00,50.136426804852206
2025-06-12 21:49:00,36.1
2025-06-12 13:07:00,17.5
2025-06-12 09:21:00,15.4
2025-06-12 23:21:00,52.5
2025-06-12 05:32:00,59.0
2025-06-12 05:54:00,1.8
2025-06-12 17:55:00,30.8
2025-06-12 01:42:00,49.9
2025-06-12 18:24:00,43.1
2025-06-12 23:43:00,50.136426804852206
2025-06-12 05:12:00,67.3
2025-06-12 12:40:00,25.7
2025-06-12 19:57:00,90.4
2025-06-12 04:16:00,50.136426804852206
2025-06-12 12:11:00,23.4
2025-06-12 01:45:00,50.9
2025-06-12 07:51:00,14.3
2025-06-12 17:15:00,50.136426804852206
2025-06-12 05:36:00,88.2
2025-06-12 13:33:00,50.136426804852206
2025-06-12 12:06:00,48.0
2025-06-12 10:54:00,50.136426804852206
2025-06-12 17:32:00,26.6
2025-06-12 19:12:00,58.6
2025-06-12 07:53:00,23.0
2025-06-12 15:43:00,12.1
2025-06-12 19:43:00,97.6
2025-06-12 02:51:00,31.2
2025-06-12 20:38:00,39.9
2025-06-12 08:17:00,50.136426804852206
2025-06-12 22:29:00,40.8
2025-06-12 11:30:00,45.2
2025-06-12 12:56:00,50.136426804852206
2025-06-12 23:27:00,87.2
2025-06-12 13:12:00,85.7
2025-06-12 13:34:00,52.8
2025-06-12 19:27:00,50.136426804852206
2025-06-12 11:36:00,54.9
2025-06-12 07:46:00,71.7
2025-06-12 14:43:00,8.2
2025-06-12 14:24:00,47.1
2025-06-12 23:12:00,37.3
2025-06-12 08:36:00,43.5
2025-06-12 19:50:00,33.1
2025-06-12 18:10:00,29.7
2025-06-12 12:23:00,90.7
2025-06-12 02:59:00,2.8
2025-06-12 04:40:00,50.136426804852206
2025-06-12 06:31:00,12.3
2025-06-12 09:36:00,76.4
2025-06-12 21:04:00,50.136426804852206
2025-06-12 23:51:00,62.9
2025-06-12 23:40:00,50.136426804852206
2025-06-12 09:38:00,4.9
2025-06-12 11:55:00,61.2
2025-06-12 17:01:00,89.8
2025-06-12 23:47:00,71.3
2025-06-12 23:28:00,75.7
2025-06-12 23:11:00,78.0
2025-06-12 01:21:00,55.0
2025-06-12 22:10:00,70.4
2025-06-12 03:51:00,40.4
2025-06-12 03:17:00,61.4
2025-06-12 02:01:00,31.5
2025-06-12 09:37:00,44.2
2025-06-12 12:30:00,63.8
2025-06-12 02:03:00,58.9
2025-06-12 19:04:00,50.136426804852206
2025-06-12 23:13:00,15.6
2025-06-12 10:33:00,4.8
2025-06-12 17:20:00,88.6
2025-06-12 09:58:00,50.136426804852206
2025-06-12 19:53:00,31.6
2025-06-12 09:17:00,37.5
2025-06-12 01:28:00,25.5
2025-06-12 23:23:00,18.9
2025-06-12 17:00:00,33.7
2025-06-12 22:02:00,13.1
2025-06-12 06:14:00,40.6
2025-06-12 13:53:00,35.2
2025-06-12 23:36:00,28.2
2025-06-12 14:18:00,36.7
2025-06-12 07:36:00,50.136426804852206
2025-06-12 05:09:00,18.5
2025-06-12 18:08:00,10.4
2025-06-12 14:34:00,69.0
2025-06-12 18:52:00,50.136426804852206
2025-06-12 21:56:00,11.4
2025-06-12 20:43:00,1.1
2025-06-12 14:15:00,99.9
2025-06-12 14:20:00,50.136426804852206
2025-06-12 02:30:00,84.1
2025-06-12 16:46:00,94.8
2025-06-12 11:11:00,67.8
2025-06-12 23:20:00,80.0
2025-06-12 05:10:00,86.8
2025-06-12 11:15:00,50.136426804852206
2025-06-12 23:26:00,35.4
2025-06-12 02:54:00,61.3
2025-06-12 12:32:00,90.1
2025-06-12 04:08:00,64.8
2025-06-12 03:55:00,21.7
2025-06-12 21:18:00,37.7
2025-06-12 15:57:00,10.1
2025-06-12 03:43:00,7.9
2025-06-12 10:15:00,50.037891637220255
2025-06-12 11:37:00,30.0
2025-06-12 13:32:00,40.6
2025-06-12 03:23:00,65.5
2025-06-12 19:12:00,37.6
2025-06-12 11:27:00,60.9
2025-06-12 06:43:00,43.5
2025-06-12 19:44:00,56.8
2025-06-12 23:51:00,55.2
2025-06-12 04:05:00,15.5
2025-06-12 14:10:00,26.7
2025-06-12 19:31:00,4.2
2025-06-12 17:01:00,23.0
2025-06-12 02:28:00,50.037891637220255
2025-06-12 14:20:00,96.7
2025-06-12 07:38:00,20.7
2025-06-12 11:34:00,6.9
2025-06-12 11:22:00,50.0
2025-06-12 15:06:00,68.7
2025-06-12 17:56:00,50.037891637220255
2025-06-12 05:38:00,4.9
2025-06-12 02:23:00,39.1
2025-06-12 18:16:00,10.2
2025-06-12 10:02:00,50.037891637220255
2025-06-12 02:39:00,10.9
2025-06-12 21:51:00,47.9
2025-06-12 17:38:00,50.037891637220255
2025-06-12 23:11:00,63.7
2025-06-12 16:36:00,32.9
2025-06-12 11:11:00,50.037891637220255
2025-06-12 11:31:00,83.6
2025-06-12 08:07:00,72.1
2025-06-12 20:58:00,79.4
2025-06-12 11:56:00,43.4
2025-06-12 22:09:00,57.7
2025-06-12 19:20:00,11.0
2025-06-12 17:13:00,76.7
2025-06-12 01:39:00,11.8
2025-06-12 12:09:00,7.3
2025-06-12 13:20:00,66.9
2025-06-12 15:17:00,76.0
2025-06-12 16:48:00,90.1
2025-06-12 00:48:00,23.6
2025-06-12 05:16:00,40.3
2025-06-12 00:56:00,43.1
2025-06-12 19:25:00,95.8
2025-06-12 14:19:00,2.1
2025-06-12 07:28:00,58.2
2025-06-12 10:25:00,50.037891637220255
2025-06-12 16:07:00,0.6
2025-06-12 22:54:00,11.4
2025-06-12 10:22:00,10.2
2025-06-12 23:24:00,50.037891637220255
2025-06-12 14:38:00,99.1
2025-06-12 04:21:00,35.0
2025-06-12 14:00:00,50.037891637220255
2025-06-12 22:07:00,65.3
2025-06-12 13:17:00,77.2
2025-06-12 12:45:00,43.8
2025-06-12 14:40:00,50.037891637220255
2025-06-12 04:36:00,87.3
2025-06-12 04:03:00,17.7
2025-06-12 22:14:00,50.037891637220255
2025-06-12 03:18:00,2.2
2025-06-12 10:42:00,7.1
2025-06-12 21:01:00,34.5
2025-06-12 06:49:00,94.9
2025-06-12 06:55:00,50.6
2025-06-12 12:38:00,50.037891637220255
2025-06-12 11:39:00,68.6
2025-06-12 11:20:00,11.1
2025-06-12 20:59:00,53.0
2025-06-12 23:42:00,50.037891637220255
2025-06-12 13:49:00,68.1
2025-06-12 20:33:00,20.4
2025-06-12 10:36:00,50.037891637220255
2025-06-12 01:31:00,84.8
2025-06-12 17:22:00,2.5
2025-06-12 19:59:00,50.037891637220255
2025-06-12 00:10:00,76.5
2025-06-12 10:13:00,10.8
2025-06-12 20:38:00,47.8
2025-06-12 12:35:00,13.5
2025-06-12 01:20:00,44.3
2025-06-12 13:07:00,58.6
2025-06-12 20:48:00,57.4
2025-06-12 03:04:00,15.3
2025-06-12 06:45:00,19.8
2025-06-12 15:20:00,50.037891637220255
2025-06-12 19:07:00,97.6
2025-06-12 20:35:00,20.5
2025-06-12 16:09:00,85.1
2025-06-12 12:51:00,10.5
2025-06-12 07:29:00,40.3
2025-06-12 00:23:00,50.037891637220255
2025-06-12 13:27:00,48.4
2025-06-12 16:27:00,66.9
2025-06-12 23:03:00,50.037891637220255
2025-06-12 07:13:00,50.037891637220255
2025-06-12 00:13:00,82.3
2025-06-12 17:12:00,27.7
2025-06-12 19:37:00,67.6
2025-06-12 13:19:00,48.3
2025-06-12 12:18:00,29.1
2025-06-12 05:09:00,50.037891637220255
2025-06-12 03:13:00,22.3
2025-06-12 00:30:00,50.037891637220255
2025-06-12 23:25:00,65.0
2025-06-12 20:51:00,50.037891637220255
2025-06-12 03:12:00,50.037891637220255
2025-06-12 09:16:00,83.1
2025-06-12 00:38:00,41.6
2025-06-12 02:08:00,50.037891637220255
2025-06-12 14:36:00,50.037891637220255
2025-06-12 23:27:00,18.5
2025-06-12 12:26:00,77.0
2025-06-12 01:48:00,74.9
2025-06-12 04:22:00,42.6
2025-06-12 16:57:00,27.8
2025-06-12 11:15:00,92.1
2025-06-12 23:56:00,50.037891637220255
2025-06-12 14:22:00,82.7
2025-06-12 22:33:00,50.037891637220255
2025-06-12 20:01:00,43.3
2025-06-12 17:21:00,36.8
2025-06-12 14:13:00,35.3
2025-06-12 11:33:00,35.2
2025-06-12 15:51:00,71.0
2025-06-12 20:46:00,7.6
2025-06-12 05:59:00,50.037891637220255
2025-06-12 06:16:00,68.7
2025-06-12 11:10:00,52.4
2025-06-12 23:49:00,12.9
2025-06-12 09:15:00,39.0
2025-06-12 16:44:00,16.8
2025-06-12 07:26:00,76.1
2025-06-12 02:09:00,34.7
2025-06-12 04:13:00,7.5
2025-06-12 17:34:00,80.1
2025-06-12 09:38:00,46.1
2025-06-12 10:39:00,35.9
2025-06-12 15:14:00,16.2
2025-06-12 03:31:00,21.4
2025-06-12 13:45:00,65.5
2025-06-12 09:31:00,5.5
2025-06-12 15:31:00,19.3
2025-06-12 01:55:00,68.4
2025-06-12 16:40:00,46.5
2025-06-12 03:34:00,81.5
2025-06-12 01:43:00,50.037891637220255
2025-06-12 03:45:00,50.037891637220255
2025-06-12 02:50:00,70.2
2025-06-12 15:27:00,75.1
2025-06-12 13:57:00,53.9
2025-06-12 22:26:00,42.6
2025-06-12 11:01:00,18.7
2025-06-12 10:40:00,80.6
2025-06-12 01:42:00,56.9
2025-06-12 19:38:00,99.1
2025-06-12 07:14:00,72.7
2025-06-12 03:56:00,91.5
2025-06-12 06:21:00,81.2
2025-06-12 14:04:00,95.1
2025-06-12 05:41:00,93.3
2025-06-12 21:39:00,48.9
2025-06-12 18:46:00,42.8
2025-06-12 14:57:00,50.037891637220255
2025-06-12 18:10:00,14.1
2025-06-12 18:39:00,42.4
2025-06-12 04:34:00,90.0
2025-06-12 13:08:00,14.4
2025-06-12 01:26:00,51.0
2025-06-12 05:46:00,26.0
2025-06-12 23:41:00,50.037891637220255
2025-06-12 13:01:00,93.6
2025-06-12 04:45:00,82.5
2025-06-12 16:47:00,50.037891637220255
2025-06-12 12:02:00,73.0
2025-06-12 22:28:00,76.4
2025-06-12 05:37:00,50.037891637220255
2025-06-12 09:37:00,28.9
2025-06-12 06:22:00,47.8
2025-06-12 09:30:00,93.2
2025-06-12 03:48:00,1.7
2025-06-12 11:46:00,84.7
2025-06-12 12:43:00,28.6
2025-06-12 12:20:00,33.5
2025-06-12 21:44:00,20.3
2025-06-12 22:36:00,9.2
2025-06-12 08:14:00,15.8
2025-06-12 15:38:00,81.4
2025-06-12 01:53:00,0.8
2025-06-12 15:43:00,81.5
2025-06-12 06:46:00,38.5
2025-06-12 00:26:00,12.9
2025-06-12 10:50:00,43.8
2025-06-12 03:25:00,68.4
2025-06-12 21:52:00,69.5
2025-06-12 11:07:00,50.037891637220255
2025-06-12 09:45:00,56.9
2025-06-12 09:36:00,95.0
2025-06-12 09:52:00,26.4
2025-06-12 01:58:00,61.7
2025-06-12 06:08:00,68.3
2025-06-12 07:59:00,50.0
2025-06-12 10:06:00,98.1
2025-06-12 15:22:00,17.3
2025-06-12 04:59:00,56.7
2025-06-12 18:49:00,60.8
2025-06-12 23:20:00,6.1
2025-06-12 04:58:00,84.6
2025-06-12 00:20:00,10.6
2025-06-12 15:10:00,50.037891637220255
2025-06-12 16:30:00,64.9
2025-06-12 19:21:00,12.4
2025-06-12 05:49:00,4.8
2025-06-12 14:08:00,76.0
2025-06-12 16:43:00,65.7
2025-06-12 07:51:00,50.037891637220255
2025-06-12 08:39:00,50.037891637220255
2025-06-12 22:39:00,15.8
2025-06-12 04:35:00,70.9
2025-06-12 15:04:00,85.7
2025-06-12 02:30:00,59.8
2025-06-12 03:39:00,52.8
2025-06-12 15:59:00,37.9
2025-06-12 08:54:00,84.2
2025-06-12 02:26:00,26.1
2025-06-12 19:22:00,39.9
2025-06-12 02:42:00,69.4
2025-06-12 02:17:00,50.037891637220255
2025-06-12 04:16:00,56.5
2025-06-12 17:59:00,35.5
2025-06-12 10:16:00,12.8
2025-06-12 03:57:00,50.037891637220255
2025-06-12 13:06:00,85.8
2025-06-12 17:10:00,93.3
2025-06-12 15:15:00,82.7
2025-06-12 22:17:00,0.6
2025-06-12 18:53:00,19.7
2025-06-12 15:09:00,73.8
2025-06-12 03:41:00,26.0
2025-06-12 21:21:00,87.4
2025-06-12 08:50:00,50.037891637220255
2025-06-12 13:09:00,90.1
2025-06-12 14:28:00,3.8
2025-06-12 16:37:00,78.7
2025-06-12 21:19:00,15.1
2025-06-12 15:47:00,47.3
2025-06-12 03:44:00,60.3
2025-06-12 08:43:00,93.3
2025-06-12 16:53:00,68.4
2025-06-12 03:01:00,61.8
2025-06-12 19:53:00,44.1
2025-06-12 05:47:00,46.1
2025-06-12 10:44:00,50.037891637220255
2025-06-12 08:00:00,1.7
2025-06-12 07:12:00,50.037891637220255
2025-06-12 19:27:00,17.5
2025-06-12 20:08:00,50.037891637220255
2025-06-12 22:00:00,72.6
2025-06-12 00:45:00,78.2
2025-06-12 21:33:00,81.2
2025-06-12 00:28:00,14.4
2025-06-12 16:00:00,17.1
2025-06-12 16:50:00,50.037891637220255
2025-06-12 09:24:00,50.037891637220255
2025-06-12 18:50:00,37.6
2025-06-12 16:16:00,30.7
2025-06-12 06:33:00,41.0
2025-06-12 23:40:00,42.0
2025-06-12 13:37:00,42.9
2025-06-12 18:45:00,30.9
2025-06-12 20:41:00,75.0
2025-06-12 18:34:00,78.4
2025-06-12 06:41:00,41.7
2025-06-12 06:52:00,42.9
2025-06-12 22:21:00,20.1
2025-06-12 07:18:00,12.1
2025-06-12 13:30:00,84.3
2025-06-12 07:32:00,54.4
2025-06-12 13:58:00,1.8
2025-06-12 05:01:00,8.7
2025-06-12 07:21:00,96.2
2025-06-12 06:15:00,62.3
2025-06-12 04:56:00,15.7
2025-06-12 19:13:00,89.8
2025-06-12 01:45:00,40.9
2025-06-12 05:45:00,88.4
2025-06-12 23:22:00,28.2
2025-06-12 17:48:00,72.6
2025-06-12 14:11:00,1.3
2025-06-12 09:13:00,99.3
2025-06-12 10:57:00,23.3
2025-06-12 05:30:00,41.4
2025-06-12 00:59:00,63.7
2025-06-12 17:33:00,50.037891637220255
2025-06-12 08:17:00,49.0
2025-06-12 04:43:00,25.6
2025-06-12 06:32:00,39.5
2025-06-12 17:46:00,62.6
2025-06-12 21:35:00,96.0
2025-06-12 06:58:00,21.3
2025-06-12 10:47:00,79.6
2025-06-12 10:07:00,48.7
2025-06-12 07:10:00,50.037891637220255
2025-06-12 11:41:00,50.037891637220255
2025-06-12 21:12:00,21.0
2025-06-12 21:49:00,5.1
2025-06-12 02:07:00,50.037891637220255
2025-06-12 13:14:00,3.8
2025-06-12 04:49:00,2.7
2025-06-12 19:20:00,99.8
2025-06-12 15:22:00,2.5
2025-06-12 06:53:00,32.2
2025-06-12 15:57:00,43.0
2025-06-12 03:01:00,43.7
2025-06-12 01:32:00,22.1
2025-06-12 02:29:00,21.4
2025-06-12 17:48:00,43.2
2025-06-12 20:21:00,50.60542317173377
2025-06-12 11:54:00,93.9
2025-06-12 08:13:00,98.6
2025-06-12 06:23:00,60.1
2025-06-12 10:33:00,79.7
2025-06-12 19:48:00,50.60542317173377
2025-06-12 03:27:00,1.0
2025-06-12 21:50:00,50.60542317173377
2025-06-12 03:14:00,89.5
2025-06-12 10:19:00,86.2
2025-06-12 12:49:00,42.8
2025-06-12 21:13:00,32.9
2025-06-12 09:21:00,2.9
2025-06-12 11:18:00,50.60542317173377
2025-06-12 10:42:00,82.5
2025-06-12 11:32:00,20.9
2025-06-12 10:49:00,4.9
2025-06-12 00:04:00,74.9
2025-06-12 02:51:00,21.1
2025-06-12 06:04:00,62.1
2025-06-12 16:23:00,11.2
2025-06-12 20:33:00,64.6
2025-06-12 19:09:00,3.2
2025-06-12 11:03:00,67.0
2025-06-12 22:54:00,78.4
2025-06-12 12:03:00,50.60542317173377
2025-06-12 17:27:00,50.60542317173377
2025-06-12 00:46:00,96.1
2025-06-12 10:46:00,19.3
2025-06-12 10:05:00,50.60542317173377
2025-06-12 17:26:00,18.2
2025-06-12 10:09:00,80.7
2025-06-12 11:19:00,63.1
2025-06-12 23:54:00,67.3
2025-06-12 19:45:00,45.9
2025-06-12 05:46:00,50.60542317173377
2025-06-12 02:09:00,65.1
2025-06-12 23:09:00,35.1
2025-06-12 00:39:00,96.7
2025-06-12 19:37:00,50.60542317173377
2025-06-12 07:57:00,67.5
2025-06-12 07:55:00,82.3
2025-06-12 11:25:00,50.60542317173377
2025-06-12 14:41:00,3.7
2025-06-12 09:13:00,59.9
2025-06-12 12:28:00,86.4
2025-06-12 10:38:00,40.3
2025-06-12 08:58:00,27.7
2025-06-12 13:29:00,99.9
2025-06-12 19:38:00,3.0
2025-06-12 16:02:00,48.5
2025-06-12 06:48:00,50.60542317173377
2025-06-12 23:21:00,12.2
2025-06-12 20:12:00,26.5
2025-06-12 06:45:00,96.3
2025-06-12 14:07:00,50.60542317173377
2025-06-12 08:31:00,54.9
2025-06-12 15:51:00,50.60542317173377
2025-06-12 23:38:00,84.8
2025-06-12 13:06:00,51.4
2025-06-12 20:42:00,71.9
2025-06-12 05:26:00,50.60542317173377
2025-06-12 21:01:00,37.9
2025-06-12 16:12:00,35.2
2025-06-12 05:52:00,14.4
2025-06-12 20:35:00,76.4
2025-06-12 19:07:00,27.4
2025-06-12 10:51:00,45.2
2025-06-12 15:41:00,32.0
2025-06-12 12:34:00,48.2
2025-06-12 11:02:00,59.1
2025-06-12 18:43:00,50.60542317173377
2025-06-12 18:53:00,99.0
2025-06-12 16:55:00,27.6
2025-06-12 22:27:00,17.8
2025-06-12 14:16:00,76.3
2025-06-12 06:38:00,50.60542317173377
2025-06-12 05:09:00,53.1
2025-06-12 13:08:00,46.3
2025-06-12 21:41:00,30.4
2025-06-12 23:27:00,79.3
2025-06-12 19:03:00,85.9
2025-06-12 21:49:00,39.1
2025-06-12 07:45:00,76.2
2025-06-12 09:48:00,64.8
2025-06-12 22:28:00,97.4
2025-06-12 07:35:00,50.60542317173377
2025-06-12 19:36:00,56.8
2025-06-12 08:38:00,57.8
2025-06-12 18:06:00,74.6
2025-06-12 10:48:00,2.8
2025-06-12 11:51:00,10.5
2025-06-12 06:00:00,50.60542317173377
2025-06-12 18:34:00,28.6
2025-06-12 07:03:00,57.6
2025-06-12 10:00:00,88.7
2025-06-12 21:51:00,16.5
2025-06-12 00:18:00,51.3
2025-06-12 14:51:00,38.4
2025-06-12 11:08:00,53.7
2025-06-12 00:35:00,84.9
2025-06-12 17:20:00,9.7
2025-06-12 04:53:00,58.7
2025-06-12 13:16:00,9.1
2025-06-12 02:26:00,15.4
2025-06-12 09:23:00,30.9
2025-06-12 21:48:00,62.6
2025-06-12 11:57:00,79.4
2025-06-12 21:55:00,17.9
2025-06-12 14:43:00,50.60542317173377
2025-06-12 09:04:00,73.9
2025-06-12 22:05:00,28.6
2025-06-12 02:00:00,71.3
2025-06-12 18:09:00,25.0
2025-06-12 18:46:00,50.60542317173377
2025-06-12 18:35:00,63.5
2025-06-12 13:03:00,84.6
2025-06-12 22:09:00,75.4
2025-06-12 21:30:00,3.3
2025-06-12 07:32:00,50.60542317173377
2025-06-12 02:30:00,6.7
2025-06-12 17:51:00,64.9
2025-06-12 21:45:00,65.5
2025-06-12 10:34:00,95.9
2025-06-12 01:45:00,80.4
2025-06-12 09:49:00,8.2
2025-06-12 17:23:00,84.1
2025-06-12 11:41:00,62.5
2025-06-12 21:18:00,1.0
2025-06-12 04:28:00,11.9
2025-06-12 23:26:00,50.60542317173377
2025-06-12 11:05:00,29.4
2025-06-12 04:38:00,74.8
2025-06-12 12:29:00,74.1
2025-06-12 09:54:00,50.60542317173377
2025-06-12 02:23:00,60.7
2025-06-12 13:32:00,50.60542317173377
2025-06-12 22:03:00,34.2
2025-06-12 23:17:00,41.5
2025-06-12 17:36:00,76.8
2025-06-12 07:09:00,0.5
2025-06-12 18:03:00,35.3
2025-06-12 08:14:00,22.0
2025-06-12 08:52:00,25.5
2025-06-12 01:40:00,24.3
2025-06-12 08:57:00,94.3
2025-06-12 19:59:00,29.0
2025-06-12 00:58:00,93.3
2025-06-12 09:59:00,79.2
2025-06-12 21:35:00,83.8
2025-06-12 18:26:00,86.3
2025-06-12 17:52:00,39.6
2025-06-12 23:03:00,52.2
2025-06-12 09:08:00,17.4
2025-06-12 01:06:00,16.0
2025-06-12 18:02:00,47.5
2025-06-12 05:29:00,86.6
2025-06-12 14:27:00,54.7
2025-06-12 20:40:00,83.4
2025-06-12 08:42:00,32.3
2025-06-12 12:24:00,15.6
2025-06-12 21:22:00,53.3
2025-06-12 04:26:00,71.3
2025-06-12 18:50:00,48.5
2025-06-12 20:13:00,32.1
2025-06-12 10:18:00,50.60542317173377
2025-06-12 11:23:00,97.8
2025-06-12 04:24:00,64.0
2025-06-12 11:14:00,50.3
2025-06-12 21:57:00,27.2
2025-06-12 01:10:00,50.60542317173377
2025-06-12 12:50:00,57.2
2025-06-12 07:08:00,59.3
2025-06-12 10:07:00,50.60542317173377
2025-06-12 15:03:00,64.1
2025-06-12 23:18:00,14.8
2025-06-12 12:25:00,60.1
2025-06-12 21:16:00,44.8
2025-06-12 22:47:00,99.6
2025-06-12 05:05:00,27.4
2025-06-12 20:22:00,19.7
2025-06-12 18:00:00,36.5
2025-06-12 01:20:00,20.9
2025-06-12 22:50:00,84.1
2025-06-12 05:41:00,79.6
2025-06-12 20:44:00,32.7
2025-06-12 14:23:00,97.1
2025-06-12 10:27:00,68.4
2025-06-12 01:39:00,50.60542317173377
2025-06-12 00:26:00,61.5
2025-06-12 01:01:00,2.0
2025-06-12 05:19:00,86.0
2025-06-12 08:16:00,14.0
2025-06-12 22:01:00,95.3
2025-06-12 01:05:00,41.5
2025-06-12 15:19:00,91.0
2025-06-12 12:46:00,98.4
2025-06-12 17:13:00,1.4
2025-06-12 17:57:00,95.7
2025-06-12 16:44:00,7.2
2025-06-12 10:06:00,50.60542317173377
2025-06-12 16:29:00,19.2
2025-06-12 08:10:00,56.9
2025-06-12 07:12:00,58.6
2025-06-12 00:12:00,51.9
2025-06-12 19:17:00,94.8
2025-06-12 17:04:00,66.2
2025-06-12 04:50:00,94.9
2025-06-12 12:42:00,54.8
2025-06-12 14:31:00,56.5
2025-06-12 14:08:00,19.6
2025-06-12 19:46:00,75.8
2025-06-12 09:18:00,32.4
2025-06-12 03:30:00,44.3
2025-06-12 01:16:00,5.8
2025-06-12 03:28:00,96.5
2025-06-12 07:10:00,52.6
2025-06-12 14:11:00,77.5
2025-06-12 16:30:00,15.3
2025-06-12 07:56:00,50.60542317173377
2025-06-12 14:14:00,34.4
2025-06-12 07:36:00,31.8
2025-06-12 11:40:00,46.9
2025-06-12 09:10:00,70.6
2025-06-12 23:22:00,59.8
2025-06-12 04:13:00,9.5
2025-06-12 11:28:00,47.2
2025-06-12 04:33:00,50.60542317173377
2025-06-12 05:30:00,34.4
2025-06-12 04:23:00,35.0
2025-06-12 19:55:00,45.9
2025-06-12 07:21:00,21.5
2025-06-12 04:29:00,99.7
2025-06-12 18:39:00,93.9
2025-06-12 05:10:00,97.2
2025-06-12 01:56:00,80.7
2025-06-12 09:34:00,29.9
2025-06-12 17:35:00,0.9
2025-06-12 22:46:00,40.8
2025-06-12 05:45:00,35.5
2025-06-12 09:20:00,46.7
2025-06-12 03:16:00,27.4
2025-06-12 02:43:00,59.6
2025-06-12 00:49:00,50.60542317173377
2025-06-12 04:58:00,49.1
2025-06-12 19:29:00,47.0
2025-06-12 17:06:00,95.8
2025-06-12 11:52:00,23.1
2025-06-12 02:46:00,90.1
2025-06-12 13:20:00,98.4
2025-06-12 07:26:00,82.5
2025-06-12 13:41:00,7.6
2025-06-12 09:24:00,75.1
2025-06-12 20:48:00,35.1
2025-06-12 15:01:00,39.0
2025-06-12 21:46:00,52.3
2025-06-12 17:08:00,26.9
2025-06-12 07:52:00,58.2
2025-06-12 10:08:00,9.6
2025-06-12 11:22:00,50.60542317173377
2025-06-12 15:05:00,2.4
2025-06-12 02:52:00,15.8
2025-06-12 06:40:00,50.60542317173377
2025-06-12 06:10:00,59.3
2025-06-12 04:21:00,70.9
2025-06-12 23:36:00,50.60542317173377
2025-06-12 20:45:00,50.60542317173377
2025-06-12 12:19:00,50.60542317173377
2025-06-12 23:30:00,61.6
2025-06-12 04:15:00,25.5
2025-06-12 16:51:00,51.7
2025-06-12 23:12:00,52.7
2025-06-12 12:23:00,21.2
2025-06-12 13:48:00,16.0
2025-06-12 15:50:00,50.60542317173377
2025-06-12 00:45:00,77.9
2025-06-12 10:15:00,51.5
2025-06-12 02:28:00,15.5
2025-06-12 23:42:00,96.0
2025-06-12 10:04:00,50.60542317173377
2025-06-12 02:27:00,90.4
2025-06-12 22:30:00,41.0
2025-06-12 22:33:00,62.1
2025-06-12 15:25:00,81.0
2025-06-12 06:41:00,72.1
2025-06-12 13:37:00,88.8
2025-06-12 07:25:00,78.1
2025-06-12 05:31:00,20.7
2025-06-12 03:50:00,50.60542317173377
2025-06-12 16:18:00,20.9
2025-06-12 03:39:00,53.8
2025-06-12 11:31:00,90.7
2025-06-12 12:32:00,98.0
2025-06-12 07:47:00,3.1
2025-06-12 22:11:00,49.2
2025-06-12 18:18:00,93.0
2025-06-12 04:19:00,85.5
2025-06-12 21:28:00,65.6
2025-06-12 19:40:00,40.8
2025-06-12 18:27:00,50.60542317173377
2025-06-12 22:48:00,50.60542317173377
2025-06-12 08:30:00,50.60542317173377
2025-06-12 10:17:00,44.9
2025-06-12 07:27:00,65.2
2025-06-12 13:23:00,47.7
2025-06-12 16:39:00,90.4
2025-06-12 13:28:00,87.3
2025-06-12 21:00:00,4.1
2025-06-12 06:27:00,50.60542317173377
2025-06-12 14:36:00,0.8
2025-06-12 06:11:00,25.2
2025-06-12 08:17:00,50.4
2025-06-12 09:14:00,53.1
2025-06-12 22:12:00,79.9
2025-06-12 21:53:00,72.6
2025-06-12 04:12:00,14.6
2025-06-12 00:56:00,78.8
2025-06-12 05:04:00,91.3
2025-06-12 05:53:00,98.0
2025-06-12 23:16:00,12.2
2025-06-12 03:00:00,93.6
2025-06-12 14:28:00,58.7
2025-06-12 13:31:00,3.5
2025-06-12 01:47:00,52.4
2025-06-12 11:45:00,5.7
2025-06-12 20:18:00,76.8
2025-06-12 17:41:00,54.2
2025-06-12 14:25:00,31.9
2025-06-12 19:24:00,74.5
2025-06-12 13:36:00,29.7
2025-06-12 23:07:00,34.1
2025-06-12 01:55:00,28.5
2025-06-12 15:52:00,6.9
2025-06-12 00:29:00,14.3
2025-06-12 09:47:00,99.5
2025-06-12 17:40:00,53.3
2025-06-12 22:42:00,49.935598591549294
2025-06-12 19:07:00,49.935598591549294
2025-06-12 11:13:00,59.3
2025-06-12 23:13:00,49.935598591549294
2025-06-12 16:13:00,15.1
2025-06-12 06:21:00,49.935598591549294
2025-06-12 10:49:00,13.5
2025-06-12 02:35:00,6.2
2025-06-12 03:42:00,49.935598591549294
2025-06-12 15:10:00,30.2
2025-06-12 10:25:00,86.9
2025-06-12 23:28:00,66.1
2025-06-12 12:29:00,60.6
2025-06-12 04:44:00,76.1
2025-06-12 03:35:00,49.935598591549294
2025-06-12 01:11:00,0.7
2025-06-12 09:27:00,64.7
2025-06-12 19:51:00,59.0
2025-06-12 12:06:00,6.2
2025-06-12 11:27:00,10.1
2025-06-12 04:26:00,1.9
2025-06-12 14:42:00,3.5
2025-06-12 20:26:00,75.0
2025-06-12 14:56:00,94.4
2025-06-12 17:13:00,5.5
2025-06-12 16:52:00,49.935598591549294
2025-06-12 22:01:00,98.2
2025-06-12 08:02:00,1.3
2025-06-12 23:58:00,61.8
2025-06-12 03:22:00,35.4
2025-06-12 04:37:00,49.935598591549294
2025-06-12 06:49:00,14.6
2025-06-12 02:23:00,42.6
2025-06-12 14:58:00,87.4
2025-06-12 06:00:00,74.3
2025-06-12 22:46:00,9.1
2025-06-12 12:33:00,96.3
2025-06-12 21:04:00,69.5
2025-06-12 18:12:00,98.0
2025-06-12 15:23:00,21.2
2025-06-12 04:00:00,65.4
2025-06-12 06:38:00,51.2
2025-06-12 19:04:00,44.1
2025-06-12 19:11:00,69.0
2025-06-12 00:03:00,25.7
2025-06-12 15:22:00,63.8
2025-06-12 09:59:00,47.2
2025-06-12 20:21:00,85.5
2025-06-12 07:57:00,67.5
2025-06-12 12:01:00,20.4
2025-06-12 10:08:00,10.3
2025-06-12 02:41:00,7.1
2025-06-12 09:15:00,64.7
2025-06-12 07:38:00,15.9
2025-06-12 07:04:00,92.3
2025-06-12 20:38:00,49.935598591549294
2025-06-12 06:57:00,49.935598591549294
2025-06-12 16:38:00,86.1
2025-06-12 00:06:00,4.1
2025-06-12 20:01:00,3.4
2025-06-12 06:11:00,30.9
2025-06-12 15:02:00,6.1
2025-06-12 03:21:00,66.0
2025-06-12 11:23:00,63.9
2025-06-12 17:27:00,24.6
2025-06-12 22:13:00,79.1
2025-06-12 18:03:00,45.2
2025-06-12 15:39:00,66.0
2025-06-12 01:38:00,17.0
2025-06-12 20:25:00,41.0
2025-06-12 10:03:00,86.4
2025-06-12 13:01:00,35.7
2025-06-12 01:00:00,52.6
2025-06-12 09:26:00,59.0
2025-06-12 04:16:00,74.5
2025-06-12 07:53:00,78.0
2025-06-12 23:20:00,72.1
2025-06-12 21:23:00,49.935598591549294
2025-06-12 05:45:00,49.935598591549294
2025-06-12 12:00:00,29.8
2025-06-12 15:00:00,49.935598591549294
2025-06-12 17:28:00,66.7
2025-06-12 03:01:00,76.9
2025-06-12 10:21:00,45.3
2025-06-12 07:43:00,49.935598591549294
2025-06-12 00:32:00,69.1
2025-06-12 11:33:00,11.0
2025-06-12 04:32:00,23.7
2025-06-12 08:13:00,68.1
2025-06-12 00:25:00,100.0
2025-06-12 18:30:00,56.3
2025-06-12 03:45:00,20.4
2025-06-12 08:08:00,39.2
2025-06-12 06:25:00,0.6
2025-06-12 09:51:00,27.6
2025-06-12 13:05:00,18.0
2025-06-12 02:15:00,86.0
2025-06-12 09:30:00,34.8
2025-06-12 09:43:00,50.4
2025-06-12 17:39:00,8.3
2025-06-12 15:12:00,42.1
2025-06-12 21:15:00,49.935598591549294
2025-06-12 20:04:00,49.935598591549294
2025-06-12 05:51:00,73.1
2025-06-12 11:11:00,76.1
2025-06-12 13:04:00,75.4
2025-06-12 22:56:00,91.8
2025-06-12 20:10:00,94.3
2025-06-12 17:55:00,18.9
2025-06-12 23:31:00,61.1
2025-06-12 08:22:00,57.0
2025-06-12 16:26:00,5.1
2025-06-12 05:28:00,43.7
2025-06-12 00:57:00,49.935598591549294
2025-06-12 09:45:00,14.6
2025-06-12 04:29:00,49.935598591549294
2025-06-12 10:46:00,6.3
2025-06-12 23:27:00,38.3
2025-06-12 23:10:00,32.5
2025-06-12 01:56:00,49.935598591549294
2025-06-12 17:33:00,40.3
2025-06-12 09:37:00,30.5
2025-06-12 13:09:00,90.3
2025-06-12 07:55:00,7.0
2025-06-12 05:20:00,68.2
2025-06-12 04:25:00,27.9
2025-06-12 02:29:00,14.9
2025-06-12 14:34:00,2.0
2025-06-12 09:12:00,94.4
2025-06-12 09:13:00,28.2
2025-06-12 19:32:00,83.9
2025-06-12 03:02:00,49.935598591549294
2025-06-12 14:40:00,89.6
2025-06-12 12:10:00,4.8
2025-06-12 10:50:00,95.4
2025-06-12 00:45:00,39.4
2025-06-12 04:20:00,44.7
2025-06-12 18:10:00,52.3
2025-06-12 05:59:00,88.5
2025-06-12 23:00:00,41.3
2025-06-12 13:59:00,30.9
2025-06-12 18:47:00,57.8
2025-06-12 15:38:00,71.9
2025-06-12 00:42:00,8.7
2025-06-12 13:41:00,45.1
2025-06-12 18:16:00,55.5
2025-06-12 21:34:00,65.8
2025-06-12 15:51:00,79.2
2025-06-12 11:57:00,40.1
2025-06-12 08:41:00,99.3
2025-06-12 19:45:00,45.3
2025-06-12 03:30:00,55.5
2025-06-12 21:53:00,68.2
2025-06-12 11:01:00,28.8
2025-06-12 13:15:00,89.4
2025-06-12 11:35:00,49.6
2025-06-12 04:13:00,54.9
2025-06-12 03:33:00,89.0
2025-06-12 14:48:00,81.4
2025-06-12 23:26:00,10.9
2025-06-12 00:37:00,49.935598591549294
2025-06-12 21:48:00,26.3
2025-06-12 11:28:00,49.935598591549294
2025-06-12 22:52:00,23.8
2025-06-12 00:38:00,99.7
2025-06-12 09:54:00,83.7
2025-06-12 04:34:00,58.1
2025-06-12 13:30:00,35.3
2025-06-12 19:09:00,32.7
2025-06-12 23:35:00,63.6
2025-06-12 04:03:00,49.935598591549294
2025-06-12 15:36:00,24.9
2025-06-12 01:41:00,33.6
2025-06-12 04:50:00,41.1
2025-06-12 01:03:00,66.8
2025-06-12 12:23:00,16.8
2025-06-12 01:04:00,85.2
2025-06-12 14:18:00,19.9
2025-06-12 09:34:00,49.935598591549294
2025-06-12 23:09:00,88.9
2025-06-12 03:39:00,26.9
2025-06-12 19:30:00,50.0
2025-06-12 06:09:00,31.4
2025-06-12 13:20:00,32.2
2025-06-12 07:27:00,82.7
2025-06-12 06:39:00,51.9
2025-06-12 17:06:00,49.935598591549294
2025-06-12 19:37:00,49.935598591549294
2025-06-12 16:35:00,88.9
2025-06-12 22:25:00,75.3
2025-06-12 08:49:00,24.5
2025-06-12 01:27:00,82.6
2025-06-12 15:09:00,93.0
2025-06-12 23:07:00,1.9
2025-06-12 20:12:00,34.4
2025-06-12 10:18:00,99.0
2025-06-12 18:51:00,52.9
2025-06-12 23:17:00,5.1
2025-06-12 21:57:00,60.2
2025-06-12 07:00:00,49.935598591549294
2025-06-12 10:23:00,81.0
2025-06-12 20:31:00,67.3
2025-06-12 14:39:00,66.1
2025-06-12 02:44:00,49.8
2025-06-12 13:54:00,10.1
2025-06-12 11:00:00,49.935598591549294
2025-06-12 12:52:00,21.3
2025-06-12 00:43:00,75.0
2025-06-12 12:31:00,49.935598591549294
2025-06-12 09:46:00,49.935598591549294
2025-06-12 06:12:00,42.5
2025-06-12 15:04:00,46.1
2025-06-12 23:36:00,19.3
2025-06-12 14:19:00,49.935598591549294
2025-06-12 05:42:00,85.1
2025-06-12 17:32:00,46.7
2025-06-12 21:37:00,47.3
2025-06-12 09:48:00,65.8
2025-06-12 08:21:00,63.8
2025-06-12 10:06:00,49.935598591549294
2025-06-12 02:07:00,39.5
2025-06-12 09:38:00,99.7
2025-06-12 15:56:00,49.935598591549294
2025-06-12 18:50:00,64.8
2025-06-12 03:44:00,56.7
2025-06-12 01:42:00,64.7
2025-06-12 20:52:00,30.2
2025-06-12 21:13:00,2.5
2025-06-12 07:14:00,99.8
2025-06-12 05:50:00,30.2
2025-06-12 09:19:00,85.4
2025-06-12 18:23:00,20.8
2025-06-12 07:22:00,94.5
2025-06-12 02:14:00,19.5
2025-06-12 11:04:00,25.1
2025-06-12 13:55:00,4.0
2025-06-12 14:06:00,49.935598591549294
2025-06-12 06:50:00,49.935598591549294
2025-06-12 08:56:00,45.0
2025-06-12 04:43:00,68.2
2025-06-12 00:04:00,95.6
2025-06-12 11:59:00,76.9
2025-06-12 05:43:00,38.1
2025-06-12 07:24:00,49.935598591549294
2025-06-12 14:35:00,49.935598591549294
2025-06-12 06:52:00,59.1
2025-06-12 10:17:00,82.4
2025-06-12 01:52:00,19.6
2025-06-12 00:51:00,49.935598591549294
2025-06-12 17:49:00,95.9
2025-06-12 14:15:00,92.6
2025-06-12 09:49:00,9.2
2025-06-12 23:24:00,13.1
2025-06-12 06:06:00,86.4
2025-06-12 23:46:00,49.935598591549294
2025-06-12 19:40:00,13.6
2025-06-12 01:17:00,11.5
2025-06-12 16:12:00,91.6
2025-06-12 11:58:00,51.1
2025-06-12 07:23:00,6.0
2025-06-12 02:54:00,90.3
2025-06-12 07:47:00,78.2
2025-06-12 16:58:00,34.5
2025-06-12 06:10:00,88.9
2025-06-12 10:28:00,76.3
2025-06-12 03:55:00,37.4
2025-06-12 04:14:00,24.9
2025-06-12 22:54:00,49.935598591549294
2025-06-12 20:24:00,95.1
2025-06-12 21:27:00,38.8
2025-06-12 04:58:00,51.7
2025-06-12 20:13:00,18.5
2025-06-12 11:16:00,57.8
2025-06-12 15:49:00,60.1
2025-06-12 21:49:00,22.6
2025-06-12 17:15:00,49.935598591549294
2025-06-12 14:22:00,65.6
2025-06-12 13:13:00,25.4
2025-06-12 15:17:00,49.935598591549294
2025-06-12 16:33:00,94.7
2025-06-12 13:02:00,87.2
2025-06-12 04:54:00,26.1
2025-06-12 21:08:00,17.8
2025-06-12 20:33:00,43.9
2025-06-12 00:47:00,69.6
2025-06-12 02:48:00,69.7
2025-06-12 01:21:00,53.7
2025-06-12 13:08:00,51.7
2025-06-12 23:25:00,90.5
2025-06-12 05:38:00,62.8
2025-06-12 17:47:00,38.0
2025-06-12 19:16:00,9.5
2025-06-12 08:40:00,81.1
2025-06-12 21:19:00,24.9
2025-06-12 06:33:00,54.3
2025-06-12 18:46:00,78.9
2025-06-12 22:17:00,96.4
2025-06-12 20:36:00,75.6
2025-06-12 00:49:00,69.1
2025-06-12 04:46:00,42.5
2025-06-12 04:01:00,38.2
2025-06-12 01:58:00,5.0
2025-06-12 19:17:00,57.4
2025-06-12 11:40:00,49.935598591549294
2025-06-12 14:57:00,6.7
2025-06-12 16:19:00,5.7
2025-06-12 21:41:00,61.9
2025-06-12 20:14:00,93.3
2025-06-12 17:54:00,34.7
2025-06-12 07:42:00,66.1
2025-06-12 15:54:00,28.2
2025-06-12 09:13:00,65.5
2025-06-12 02:11:00,51.0
2025-06-12 15:52:00,32.0
2025-06-12 08:57:00,85.9
2025-06-12 09:20:00,67.7
2025-06-12 03:04:00,12.2
2025-06-12 10:21:00,49.740225962104276
2025-06-12 17:29:00,3.2
2025-06-12 22:22:00,70.6
2025-06-12 00:20:00,49.740225962104276
2025-06-12 00:57:00,4.4
2025-06-12 13:05:00,19.1
2025-06-12 17:50:00,96.0
2025-06-12 19:46:00,88.6
2025-06-12 13:03:00,73.9
2025-06-12 19:51:00,49.740225962104276
2025-06-12 03:13:00,47.7
2025-06-12 11:01:00,72.1
2025-06-12 15:16:00,49.740225962104276
2025-06-12 22:04:00,76.6
2025-06-12 10:12:00,86.8
2025-06-12 10:01:00,96.2
2025-06-12 12:14:00,26.7
2025-06-12 08:51:00,49.740225962104276
2025-06-12 09:35:00,40.8
2025-06-12 00:46:00,84.7
2025-06-12 15:12:00,32.1
2025-06-12 06:17:00,13.4
2025-06-12 11:40:00,49.740225962104276
2025-06-12 03:25:00,85.9
2025-06-12 14:09:00,33.7
2025-06-12 18:27:00,32.2
2025-06-12 20:53:00,49.740225962104276
2025-06-12 16:05:00,49.740225962104276
2025-06-12 05:13:00,40.1
2025-06-12 22:44:00,59.4
2025-06-12 00:29:00,70.2
2025-06-12 06:19:00,94.6
2025-06-12 07:34:00,77.1
2025-06-12 00:07:00,96.0
2025-06-12 04:58:00,19.5
2025-06-12 03:34:00,63.4
2025-06-12 19:15:00,70.8
2025-06-12 21:58:00,49.740225962104276
2025-06-12 13:57:00,66.8
2025-06-12 08:10:00,49.740225962104276
2025-06-12 21:46:00,97.7
2025-06-12 21:51:00,51.1
2025-06-12 18:08:00,55.2
2025-06-12 05:03:00,12.3
2025-06-12 20:10:00,64.2
2025-06-12 04:17:00,62.0
2025-06-12 07:04:00,1.8
2025-06-12 00:43:00,94.1
2025-06-12 04:31:00,32.5
2025-06-12 16:22:00,60.7
2025-06-12 19:20:00,11.9
2025-06-12 19:36:00,85.4
2025-06-12 13:11:00,21.3
2025-06-12 07:36:00,3.8
2025-06-12 09:08:00,49.740225962104276
2025-06-12 00:42:00,62.0
2025-06-12 07:23:00,9.2
2025-06-12 01:40:00,66.5
2025-06-12 20:35:00,89.6
2025-06-12 03:39:00,41.2
2025-06-12 20:19:00,2.7
2025-06-12 09:17:00,49.740225962104276
2025-06-12 09:43:00,49.740225962104276
2025-06-12 15:47:00,89.0
2025-06-12 14:13:00,50.9
2025-06-12 06:22:00,49.740225962104276
2025-06-12 18:18:00,95.4
2025-06-12 01:41:00,12.6
2025-06-12 21:04:00,98.8
2025-06-12 04:44:00,47.3
2025-06-12 12:06:00,49.740225962104276
2025-06-12 08:42:00,34.5
2025-06-12 03:07:00,33.7
2025-06-12 15:55:00,9.7
2025-06-12 12:58:00,49.740225962104276
2025-06-12 22:46:00,49.740225962104276
2025-06-12 15:45:00,27.0
2025-06-12 06:11:00,7.0
2025-06-12 17:04:00,61.3
2025-06-12 09:27:00,40.1
2025-06-12 13:36:00,81.2
2025-06-12 00:52:00,73.1
2025-06-12 11:35:00,87.6
2025-06-12 04:07:00,24.7
2025-06-12 11:39:00,77.5
2025-06-12 15:06:00,83.6
2025-06-12 01:32:00,44.3
2025-06-12 13:20:00,74.7
2025-06-12 17:41:00,35.9
2025-06-12 20:24:00,33.1
2025-06-12 12:13:00,75.6
2025-06-12 09:30:00,9.9
2025-06-12 16:19:00,49.740225962104276
2025-06-12 12:44:00,49.740225962104276
2025-06-12 15:07:00,2.5
2025-06-12 19:56:00,30.7
2025-06-12 09:21:00,10.1
2025-06-12 01:43:00,54.0
2025-06-12 00:33:00,9.9
2025-06-12 20:18:00,49.740225962104276
2025-06-12 21:27:00,16.8
2025-06-12 14:43:00,49.740225962104276
2025-06-12 11:25:00,3.7
2025-06-12 11:13:00,79.6
2025-06-12 05:55:00,79.7
2025-06-12 09:01:00,97.9
2025-06-12 11:15:00,90.7
2025-06-12 13:43:00,37.9
2025-06-12 13:27:00,49.740225962104276
2025-06-12 17:02:00,48.9
2025-06-12 19:39:00,21.8
2025-06-12 06:38:00,40.4
2025-06-12 02:23:00,49.740225962104276
2025-06-12 22:48:00,97.5
2025-06-12 00:32:00,51.5
2025-06-12 07:56:00,55.8
2025-06-12 15:59:00,87.6
2025-06-12 22:30:00,33.4
2025-06-12 08:40:00,61.2
2025-06-12 10:25:00,45.5
2025-06-12 14:00:00,65.6
2025-06-12 03:31:00,78.7
2025-06-12 11:42:00,2.0
2025-06-12 01:38:00,84.5
2025-06-12 16:27:00,37.2
2025-06-12 13:10:00,89.4
2025-06-12 02:59:00,92.3
2025-06-12 19:16:00,43.4
2025-06-12 05:05:00,59.2
2025-06-12 10:43:00,49.740225962104276
2025-06-12 23:58:00,7.7
2025-06-12 09:55:00,76.0
2025-06-12 13:56:00,25.6
2025-06-12 22:10:00,93.7
2025-06-12 04:49:00,93.9
2025-06-12 02:35:00,49.740225962104276
2025-06-12 11:12:00,100.0
2025-06-12 23:39:00,15.3
2025-06-12 21:19:00,49.740225962104276
2025-06-12 21:54:00,52.8
2025-06-12 18:42:00,15.4
2025-06-12 14:04:00,49.740225962104276
2025-06-12 07:08:00,70.9
2025-06-12 20:07:00,98.7
2025-06-12 18:03:00,49.740225962104276
2025-06-12 23:15:00,41.5
2025-06-12 03:41:00,14.5
2025-06-12 16:55:00,41.4
2025-06-12 06:06:00,96.6
2025-06-12 12:32:00,33.8
2025-06-12 19:18:00,49.740225962104276
2025-06-12 10:07:00,85.5
2025-06-12 20:43:00,15.6
2025-06-12 06:14:00,21.7
2025-06-12 00:14:00,9.7
2025-06-12 17:44:00,32.7
2025-06-12 02:19:00,98.2
2025-06-12 00:01:00,49.740225962104276
2025-06-12 03:56:00,64.8
2025-06-12 23:18:00,34.7
2025-06-12 04:41:00,5.2
2025-06-12 15:50:00,84.5
2025-06-12 22:19:00,59.3
2025-06-12 16:35:00,26.8
2025-06-12 03:42:00,5.0
2025-06-12 04:01:00,34.4
2025-06-12 05:43:00,22.8
2025-06-12 15:41:00,13.2
2025-06-12 18:53:00,7.7
2025-06-12 08:14:00,82.0
2025-06-12 14:07:00,79.8
2025-06-12 06:05:00,17.8
2025-06-12 15:24:00,26.5
2025-06-12 04:18:00,80.5
2025-06-12 23:51:00,9.5
2025-06-12 14:42:00,49.740225962104276
2025-06-12 15:19:00,49.740225962104276
2025-06-12 03:21:00,25.7
2025-06-12 03:11:00,29.8
2025-06-12 20:37:00,11.0
2025-06-12 06:47:00,42.8
2025-06-12 05:41:00,73.4
2025-06-12 18:35:00,51.7
2025-06-12 21:18:00,3.5
2025-06-12 07:15:00,85.4
2025-06-12 22:49:00,88.2
2025-06-12 08:18:00,49.740225962104276
2025-06-12 08:54:00,5.7
2025-06-12 11:08:00,49.740225962104276
2025-06-12 06:21:00,49.740225962104276
2025-06-12 04:37:00,16.3
2025-06-12 17:37:00,5.1
2025-06-12 04:20:00,58.3
2025-06-12 10:46:00,36.3
2025-06-12 08:41:00,7.7
2025-06-12 09:04:00,49.740225962104276
2025-06-12 19:41:00,40.9
2025-06-12 01:48:00,38.9
2025-06-12 00:38:00,49.740225962104276
2025-06-12 23:38:00,65.0
2025-06-12 23:37:00,6.6
2025-06-12 15:18:00,89.8
2025-06-12 07:07:00,95.8
2025-06-12 03:46:00,37.3
2025-06-12 06:18:00,49.740225962104276
2025-06-12 18:07:00,38.4
2025-06-12 13:55:00,49.740225962104276
2025-06-12 20:08:00,96.8
2025-06-12 09:41:00,64.2
2025-06-12 08:26:00,49.740225962104276
2025-06-12 03:40:00,36.5
2025-06-12 08:11:00,76.5
2025-06-12 12:51:00,84.6
2025-06-12 23:19:00,62.8
2025-06-12 11:06:00,67.2
2025-06-12 01:28:00,71.4
2025-06-12 09:28:00,7.0
2025-06-12 18:19:00,5.5
2025-06-12 14:06:00,26.7
2025-06-12 10:59:00,33.9
2025-06-12 19:00:00,87.2
2025-06-12 06:59:00,8.4
2025-06-12 07:21:00,93.8
2025-06-12 18:09:00,63.9
2025-06-12 21:45:00,52.2
2025-06-12 03:19:00,65.6
2025-06-12 07:46:00,34.0
2025-06-12 09:42:00,22.2
2025-06-12 04:05:00,14.2
2025-06-12 04:12:00,84.1
2025-06-12 14:12:00,49.740225962104276
2025-06-12 12:08:00,49.740225962104276
2025-06-12 08:13:00,8.1
2025-06-12 02:09:00,78.1
2025-06-12 05:40:00,87.5
2025-06-12 04:06:00,14.5
2025-06-12 12:27:00,91.0
2025-06-12 14:31:00,53.1
2025-06-12 22:01:00,49.740225962104276
2025-06-12 17:42:00,87.0
2025-06-12 04:56:00,16.6
2025-06-12 16:21:00,23.9
2025-06-12 23:53:00,23.7
2025-06-12 02:00:00,14.2
2025-06-12 07:09:00,87.5
2025-06-12 08:47:00,73.1
2025-06-12 05:12:00,50.3
2025-06-12 21:55:00,0.1
2025-06-12 08:58:00,49.740225962104276
2025-06-12 17:36:00,10.9
2025-06-12 23:29:00,49.740225962104276
2025-06-12 19:27:00,16.3
2025-06-12 23:55:00,73.7
2025-06-12 12:24:00,18.0
2025-06-12 09:39:00,76.0
2025-06-12 19:49:00,25.0
2025-06-12 00:12:00,28.9
2025-06-12 15:03:00,1.8
2025-06-12 19:12:00,27.8
2025-06-12 00:47:00,89.5
2025-06-12 14:11:00,86.3
2025-06-12 02:10:00,52.6
2025-06-12 21:47:00,75.2
2025-06-12 03:50:00,14.2
2025-06-12 03:08:00,4.7
2025-06-12 10:42:00,50.9
2025-06-12 20:41:00,38.1
2025-06-12 13:51:00,19.6
2025-06-12 06:50:00,62.3
2025-06-12 07:41:00,76.2
2025-06-12 00:11:00,11.6
2025-06-12 04:48:00,29.2
2025-06-12 03:54:00,21.6
2025-06-12 20:55:00,94.1
2025-06-12 13:47:00,39.2
2025-06-12 15:38:00,67.4
2025-06-12 07:02:00,45.3
2025-06-12 07:57:00,49.740225962104276
2025-06-12 16:49:00,49.740225962104276
2025-06-12 23:24:00,20.7
2025-06-12 03:52:00,77.7
2025-06-12 04:14:00,59.7
2025-06-12 15:22:00,50.18838223164841
2025-06-12 13:59:00,71.6
2025-06-12 15:08:00,37.8
2025-06-12 12:32:00,1.9
2025-06-12 15:02:00,2.5
2025-06-12 20:43:00,51.0
2025-06-12 23:19:00,93.2
2025-06-12 06:54:00,50.18838223164841
2025-06-12 20:10:00,75.5
2025-06-12 12:18:00,98.5
2025-06-12 09:23:00,39.4
2025-06-12 03:59:00,50.18838223164841
2025-06-12 20:16:00,50.18838223164841
2025-06-12 06:00:00,89.1
2025-06-12 00:35:00,79.2
2025-06-12 17:36:00,51.3
2025-06-12 21:51:00,32.4
2025-06-12 03:33:00,65.7
2025-06-12 12:01:00,21.0
2025-06-12 04:07:00,66.3
2025-06-12 18:13:00,80.4
2025-06-12 06:12:00,26.9
2025-06-12 20:04:00,10.1
2025-06-12 18:23:00,58.9
2025-06-12 23:34:00,3.5
2025-06-12 09:16:00,70.7
2025-06-12 07:07:00,83.7
2025-06-12 11:16:00,30.8
2025-06-12 15:00:00,27.0
2025-06-12 09:53:00,50.18838223164841
2025-06-12 17:57:00,70.4
2025-06-12 13:00:00,99.9
2025-06-12 08:20:00,93.9
2025-06-12 19:11:00,14.5
2025-06-12 17:30:00,82.9
2025-06-12 23:59:00,72.1
2025-06-12 03:20:00,50.6
2025-06-12 16:29:00,69.6
2025-06-12 08:22:00,50.18838223164841
2025-06-12 01:33:00,50.18838223164841
2025-06-12 15:57:00,48.6
2025-06-12 20:28:00,50.18838223164841
2025-06-12 22:38:00,79.7
2025-06-12 15:29:00,57.9
2025-06-12 16:28:00,50.18838223164841
2025-06-12 13:27:00,81.3
2025-06-12 21:16:00,50.18838223164841
2025-06-12 13:37:00,83.8
2025-06-12 05:09:00,69.8
2025-06-12 13:45:00,50.18838223164841
2025-06-12 16:30:00,45.3
2025-06-12 20:15:00,63.7
2025-06-12 17:02:00,50.18838223164841
2025-06-12 03:50:00,72.4
2025-06-12 04:01:00,35.5
2025-06-12 18:27:00,13.2
2025-06-12 11:14:00,2.1
2025-06-12 08:07:00,69.3
2025-06-12 16:51:00,14.3
2025-06-12 11:04:00,58.8
2025-06-12 12:51:00,61.0
2025-06-12 11:27:00,11.0
2025-06-12 03:09:00,39.3
2025-06-12 20:55:00,50.18838223164841
2025-06-12 11:03:00,31.7
2025-06-12 21:38:00,66.7
2025-06-12 02:34:00,91.9
2025-06-12 02:19:00,19.7
2025-06-12 21:48:00,8.2
2025-06-12 12:07:00,50.18838223164841
2025-06-12 14:34:00,15.0
2025-06-12 21:44:00,5.8
2025-06-12 11:48:00,87.6
2025-06-12 10:24:00,42.7
2025-06-12 22:57:00,92.7
2025-06-12 10:07:00,23.4
2025-06-12 03:23:00,50.18838223164841
2025-06-12 16:52:00,22.3
2025-06-12 17:19:00,50.18838223164841
2025-06-12 16:41:00,56.3
2025-06-12 15:58:00,87.6
2025-06-12 12:52:00,83.6
2025-06-12 03:28:00,93.3
2025-06-12 15:38:00,97.8
2025-06-12 17:24:00,50.4
2025-06-12 20:09:00,61.7
2025-06-12 09:17:00,59.6
2025-06-12 18:58:00,20.6
2025-06-12 01:06:00,32.7
2025-06-12 21:09:00,91.4
2025-06-12 19:51:00,18.9
2025-06-12 22:52:00,71.0
2025-06-12 08:19:00,76.2
2025-06-12 15:55:00,25.5
2025-06-12 11:10:00,94.2
2025-06-12 02:42:00,42.8
2025-06-12 06:05:00,75.5
2025-06-12 07:06:00,99.9
2025-06-12 12:58:00,50.18838223164841
2025-06-12 02:17:00,83.7
2025-06-12 17:03:00,76.3
2025-06-12 17:27:00,1.8
2025-06-12 08:31:00,18.2
2025-06-12 08:28:00,2.1
2025-06-12 06:53:00,50.18838223164841
2025-06-12 20:11:00,21.7
2025-06-12 08:39:00,98.3
2025-06-12 13:51:00,18.5
2025-06-12 02:14:00,89.4
2025-06-12 09:46:00,40.2
2025-06-12 12:09:00,39.1
2025-06-12 04:38:00,2.5
2025-06-12 04:13:00,5.2
2025-06-12 01:16:00,29.7
2025-06-12 10:42:00,7.8
2025-06-12 21:32:00,74.6
2025-06-12 00:01:00,65.4
2025-06-12 15:14:00,72.0
2025-06-12 22:42:00,52.5
2025-06-12 02:22:00,81.9
2025-06-12 16:23:00,58.7
2025-06-12 16:15:00,50.18838223164841
2025-06-12 15:21:00,50.18838223164841
2025-06-12 15:10:00,50.18838223164841
2025-06-12 09:45:00,50.18838223164841
2025-06-12 12:48:00,21.0
2025-06-12 19:31:00,25.5
2025-06-12 19:33:00,58.9
2025-06-12 18:25:00,32.8
2025-06-12 23:54:00,75.8
2025-06-12 14:12:00,7.8
2025-06-12 17:31:00,50.18838223164841
2025-06-12 19:35:00,77.0
2025-06-12 00:36:00,22.6
2025-06-12 05:50:00,45.6
2025-06-12 18:51:00,3.0
2025-06-12 07:55:00,40.7
2025-06-12 17:11:00,8.9
2025-06-12 04:45:00,88.7
2025-06-12 02:28:00,73.2
2025-06-12 14:01:00,15.8
2025-06-12 22:44:00,93.3
2025-06-12 05:56:00,92.9
2025-06-12 01:02:00,59.3
2025-06-12 17:40:00,78.6
2025-06-12 17:20:00,2.4
2025-06-12 20:41:00,47.4
2025-06-12 00:42:00,50.18838223164841
2025-06-12 08:37:00,24.7
2025-06-12 06:44:00,33.8
2025-06-12 11:59:00,56.0
2025-06-12 17:52:00,44.1
2025-06-12 17:28:00,88.8
2025-06-12 13:20:00,5.3
2025-06-12 07:39:00,24.1
2025-06-12 08:45:00,31.2
2025-06-12 13:31:00,44.6
2025-06-12 19:37:00,73.8
2025-06-12 08:53:00,33.4
2025-06-12 02:45:00,82.6
2025-06-12 21:43:00,24.7
2025-06-12 01:27:00,70.9
2025-06-12 03:36:00,55.8
2025-06-12 06:13:00,50.18838223164841
2025-06-12 05:04:00,72.9
2025-06-12 07:21:00,11.6
2025-06-12 02:43:00,10.6
2025-06-12 12:44:00,98.0
2025-06-12 06:31:00,69.1
2025-06-12 08:41:00,94.2
2025-06-12 18:04:00,36.4
2025-06-12 00:14:00,47.6
2025-06-12 20:40:00,12.6
2025-06-12 14:41:00,47.8
2025-06-12 21:59:00,50.18838223164841
2025-06-12 19:25:00,2.0
2025-06-12 03:32:00,87.6
2025-06-12 01:47:00,31.6
2025-06-12 03:41:00,83.9
2025-06-12 13:08:00,22.9
2025-06-12 19:21:00,60.8
2025-06-12 02:04:00,68.2
2025-06-12 07:33:00,16.5
2025-06-12 05:23:00,51.3
2025-06-12 04:04:00,75.3
2025-06-12 12:25:00,10.2
2025-06-12 20:24:00,50.18838223164841
2025-06-12 12:39:00,5.9
2025-06-12 22:18:00,50.18838223164841
2025-06-12 06:32:00,50.18838223164841
2025-06-12 12:00:00,21.7
2025-06-12 10:22:00,67.7
2025-06-12 11:57:00,89.4
2025-06-12 03:24:00,2.1
2025-06-12 13:21:00,23.7
2025-06-12 23:11:00,53.0
2025-06-12 08:55:00,76.3
2025-06-12 14:04:00,12.3
2025-06-12 08:25:00,7.3
2025-06-12 10:34:00,50.18838223164841
2025-06-12 11:44:00,32.4
2025-06-12 21:00:00,60.9
2025-06-12 22:08:00,73.3
2025-06-12 01:40:00,50.18838223164841
2025-06-12 15:18:00,83.5
2025-06-12 02:55:00,50.18838223164841
2025-06-12 14:52:00,50.18838223164841
2025-06-12 02:53:00,50.18838223164841
2025-06-12 07:50:00,41.8
2025-06-12 20:31:00,71.7
2025-06-12 01:22:00,50.18838223164841
2025-06-12 18:09:00,79.7
2025-06-12 00:08:00,35.0
2025-06-12 05:28:00,50.18838223164841
2025-06-12 10:03:00,50.18838223164841
2025-06-12 19:38:00,58.8
2025-06-12 14:56:00,80.8
2025-06-12 15:03:00,11.4
2025-06-12 18:01:00,50.18838223164841
2025-06-12 12:27:00,50.18838223164841
2025-06-12 12:10:00,35.7
2025-06-12 09:20:00,50.18838223164841
2025-06-12 04:10:00,93.1
2025-06-12 22:14:00,11.1
2025-06-12 22:21:00,43.1
2025-06-12 01:23:00,34.7
2025-06-12 08:36:00,77.8
2025-06-12 10:57:00,51.9
2025-06-12 05:46:00,50.18838223164841
2025-06-12 00:32:00,79.8
2025-06-12 04:40:00,27.1
2025-06-12 17:06:00,69.3
2025-06-12 07:49:00,50.18838223164841
2025-06-12 20:54:00,65.1
2025-06-12 20:46:00,85.8
2025-06-12 20:44:00,50.18838223164841
2025-06-12 20:02:00,6.4
2025-06-12 16:59:00,47.2
2025-06-12 05:41:00,76.4
2025-06-12 20:12:00,90.0
2025-06-12 17:04:00,75.8
2025-06-12 09:13:00,43.9
2025-06-12 16:06:00,73.6
2025-06-12 12:13:00,27.8
2025-06-12 13:47:00,27.1
2025-06-12 22:53:00,53.2
2025-06-12 10:56:00,28.1
2025-06-12 12:43:00,66.9
2025-06-12 21:08:00,78.0
2025-06-12 04:00:00,50.18838223164841
2025-06-12 16:07:00,50.18838223164841
2025-06-12 04:23:00,62.0
2025-06-12 15:59:00,54.8
2025-06-12 07:05:00,77.2
2025-06-12 13:11:00,18.8
2025-06-12 03:13:00,41.8
2025-06-12 14:21:00,92.3
2025-06-12 13:32:00,8.2
2025-06-12 21:23:00,88.0
2025-06-12 08:43:00,50.18838223164841
2025-06-12 13:06:00,76.3
2025-06-12 08:26:00,50.18838223164841
2025-06-12 11:07:00,29.4
2025-06-12 23:06:00,85.4
2025-06-12 00:33:00,66.8
2025-06-12 07:02:00,50.18838223164841
2025-06-12 18:28:00,37.1
2025-06-12 00:40:00,8.7
2025-06-12 13:05:00,45.7
2025-06-12 08:17:00,97.0
2025-06-12 23:41:00,53.9
2025-06-12 03:45:00,65.9
2025-06-12 15:34:00,31.6
2025-06-12 10:39:00,79.6
2025-06-12 18:30:00,23.7
2025-06-12 12:45:00,99.2
2025-06-12 00:49:00,14.6
2025-06-12 01:26:00,63.5
2025-06-12 20:13:00,41.5
2025-06-12 08:32:00,91.5
2025-06-12 23:13:00,99.8
2025-06-12 05:39:00,50.18838223164841
2025-06-12 16:18:00,85.7
2025-06-12 12:31:00,19.7
2025-06-12 04:12:00,89.7
2025-06-12 09:48:00,34.3
2025-06-12 15:41:00,63.0
2025-06-12 09:24:00,34.2
2025-06-12 21:51:00,31.4
2025-06-12 06:36:00,19.9
2025-06-12 17:00:00,49.927249175694776
2025-06-12 19:05:00,92.3
2025-06-12 22:27:00,49.927249175694776
2025-06-12 18:35:00,13.2
2025-06-12 13:08:00,72.3
2025-06-12 20:29:00,96.4
2025-06-12 12:31:00,90.6
2025-06-12 11:09:00,93.6
2025-06-12 22:58:00,54.2
2025-06-12 12:23:00,51.4
2025-06-12 23:52:00,20.7
2025-06-12 11:04:00,68.2
2025-06-12 20:17:00,52.0
2025-06-12 09:04:00,55.3
2025-06-12 15:36:00,51.4
2025-06-12 06:58:00,89.1
2025-06-12 16:01:00,93.7
2025-06-12 16:19:00,23.9
2025-06-12 02:42:00,68.4
2025-06-12 18:30:00,76.9
2025-06-12 08:37:00,51.7
2025-06-12 21:54:00,80.3
2025-06-12 11:01:00,49.927249175694776
2025-06-12 06:06:00,96.8
2025-06-12 23:25:00,28.1
2025-06-12 18:09:00,93.3
2025-06-12 12:19:00,82.3
2025-06-12 02:51:00,8.0
2025-06-12 04:47:00,49.927249175694776
2025-06-12 06:50:00,54.3
2025-06-12 03:32:00,22.1
2025-06-12 07:46:00,23.0
2025-06-12 01:36:00,16.5
2025-06-12 15:53:00,26.7
2025-06-12 13:49:00,49.927249175694776
2025-06-12 23:43:00,35.6
2025-06-12 19:44:00,64.5
2025-06-12 23:33:00,86.5
2025-06-12 22:21:00,49.927249175694776
2025-06-12 02:09:00,49.927249175694776
2025-06-12 12:05:00,64.0
2025-06-12 18:49:00,99.8
2025-06-12 17:05:00,40.8
2025-06-12 18:16:00,95.4
2025-06-12 12:47:00,49.927249175694776
2025-06-12 16:47:00,49.4
2025-06-12 20:48:00,44.4
2025-06-12 20:21:00,13.7
2025-06-12 18:43:00,80.2
2025-06-12 19:27:00,78.7
2025-06-12 02:17:00,71.3
2025-06-12 14:29:00,8.3
2025-06-12 17:57:00,92.7
2025-06-12 03:15:00,7.8
2025-06-12 22:48:00,49.927249175694776
2025-06-12 19:51:00,8.2
2025-06-12 09:58:00,34.9
2025-06-12 01:18:00,44.5
2025-06-12 18:06:00,7.7
2025-06-12 14:35:00,49.927249175694776
2025-06-12 09:20:00,12.6
2025-06-12 06:07:00,92.0
2025-06-12 10:12:00,93.5
2025-06-12 23:03:00,81.9
2025-06-12 16:12:00,23.2
2025-06-12 00:14:00,90.9
2025-06-12 18:41:00,49.927249175694776
2025-06-12 03:04:00,79.6
2025-06-12 15:43:00,35.9
2025-06-12 06:09:00,22.7
2025-06-12 11:06:00,47.1
2025-06-12 00:04:00,31.7
2025-06-12 01:42:00,41.3
2025-06-12 20:06:00,39.7
2025-06-12 04:12:00,49.927249175694776
2025-06-12 04:21:00,94.6
2025-06-12 15:32:00,6.7
2025-06-12 05:58:00,40.1
2025-06-12 16:16:00,20.6
2025-06-12 15:40:00,94.0
2025-06-12 04:18:00,41.2
2025-06-12 07:06:00,90.3
2025-06-12 17:37:00,77.5
2025-06-12 01:49:00,66.5
2025-06-12 12:11:00,59.4
2025-06-12 21:17:00,50.4
2025-06-12 11:53:00,66.4
2025-06-12 02:38:00,81.7
2025-06-12 00:26:00,80.8
2025-06-12 02:30:00,49.927249175694776
2025-06-12 03:08:00,49.927249175694776
2025-06-12 07:47:00,43.2
2025-06-12 22:16:00,18.9
2025-06-12 15:27:00,48.8
2025-06-12 07:20:00,97.3
2025-06-12 01:03:00,2.7
2025-06-12 03:17:00,98.5
2025-06-12 21:09:00,27.2
2025-06-12 16:06:00,3.6
2025-06-12 07:08:00,35.0
2025-06-12 08:38:00,67.4
2025-06-12 07:12:00,82.1
2025-06-12 17:42:00,41.9
2025-06-12 14:06:00,49.927249175694776
2025-06-12 03:54:00,34.6
2025-06-12 16:17:00,82.4
2025-06-12 04:29:00,47.6
2025-06-12 17:51:00,0.3
2025-06-12 16:07:00,49.927249175694776
2025-06-12 17:19:00,72.2
2025-06-12 06:26:00,40.7
2025-06-12 20:33:00,8.0
2025-06-12 03:47:00,32.7
2025-06-12 14:54:00,61.0
2025-06-12 16:40:00,49.927249175694776
2025-06-12 11:07:00,78.5
2025-06-12 23:40:00,29.0
2025-06-12 21:49:00,77.5
2025-06-12 01:44:00,38.6
2025-06-12 11:00:00,95.5
2025-06-12 16:02:00,11.0
2025-06-12 09:48:00,49.927249175694776
2025-06-12 13:55:00,43.6
2025-06-12 11:55:00,89.7
2025-06-12 12:52:00,49.927249175694776
2025-06-12 22:41:00,93.3
2025-06-12 10:10:00,46.0
2025-06-12 08:25:00,49.927249175694776
2025-06-12 22:35:00,45.0
2025-06-12 10:34:00,85.7
2025-06-12 02:41:00,78.4
2025-06-12 02:57:00,92.0
2025-06-12 20:04:00,82.7
2025-06-12 11:45:00,55.9
2025-06-12 06:02:00,61.5
2025-06-12 22:01:00,49.927249175694776
2025-06-12 20:13:00,60.0
2025-06-12 22:15:00,64.6
2025-06-12 00:09:00,17.6
2025-06-12 20:39:00,39.5
2025-06-12 02:29:00,53.6
2025-06-12 00:01:00,49.927249175694776
2025-06-12 15:14:00,88.0
2025-06-12 15:00:00,36.2
2025-06-12 20:11:00,98.3
2025-06-12 08:14:00,9.6
2025-06-12 08:20:00,54.6
2025-06-12 18:47:00,37.4
2025-06-12 09:03:00,96.0
2025-06-12 02:13:00,49.927249175694776
2025-06-12 03:29:00,8.0
2025-06-12 07:31:00,36.3
2025-06-12 02:33:00,49.927249175694776
2025-06-12 07:14:00,33.9
2025-06-12 02:24:00,73.2
2025-06-12 10:08:00,62.7
2025-06-12 15:02:00,97.6
2025-06-12 13:58:00,74.0
2025-06-12 16:27:00,73.7
2025-06-12 03:02:00,1.5
2025-06-12 10:21:00,25.4
2025-06-12 22:44:00,43.5
2025-06-12 22:38:00,25.3
2025-06-12 00:37:00,78.4
2025-06-12 17:23:00,45.6
2025-06-12 13:45:00,2.2
2025-06-12 07:32:00,58.0
2025-06-12 20:07:00,28.2
2025-06-12 01:13:00,16.8
2025-06-12 12:34:00,89.3
2025-06-12 03:45:00,49.927249175694776
2025-06-12 15:13:00,49.927249175694776
2025-06-12 20:40:00,6.4
2025-06-12 02:50:00,32.2
2025-06-12 04:55:00,53.9
2025-06-12 06:44:00,16.9
2025-06-12 14:53:00,58.3
2025-06-12 15:44:00,49.927249175694776
2025-06-12 06:15:00,6.6
2025-06-12 01:34:00,40.8
2025-06-12 23:22:00,49.927249175694776
2025-06-12 17:10:00,25.7
2025-06-12 12:42:00,75.8
2025-06-12 11:34:00,97.0
2025-06-12 06:22:00,46.5
2025-06-12 09:33:00,45.9
2025-06-12 09:34:00,48.5
2025-06-12 08:30:00,44.2
2025-06-12 09:30:00,10.0
2025-06-12 05:48:00,37.4
2025-06-12 14:47:00,42.6
2025-06-12 22:10:00,19.7
2025-06-12 17:18:00,84.9
2025-06-12 09:40:00,23.8
2025-06-12 00:32:00,15.1
2025-06-12 23:20:00,66.3
2025-06-12 12:43:00,11.8
2025-06-12 11:47:00,33.1
2025-06-12 19:34:00,22.4
2025-06-12 21:52:00,49.927249175694776
2025-06-12 10:33:00,18.7
2025-06-12 05:34:00,25.6
2025-06-12 11:59:00,3.0
2025-06-12 15:24:00,88.3
2025-06-12 10:07:00,49.8
2025-06-12 06:43:00,12.1
2025-06-12 00:49:00,19.2
2025-06-12 02:00:00,37.0
2025-06-12 09:55:00,20.8
2025-06-12 20:47:00,67.1
2025-06-12 02:55:00,98.5
2025-06-12 10:01:00,73.5
2025-06-12 03:23:00,8.3
2025-06-12 01:54:00,60.7
2025-06-12 17:40:00,32.9
2025-06-12 20:26:00,4.7
2025-06-12 05:17:00,24.6
2025-06-12 06:53:00,94.8
2025-06-12 11:57:00,94.8
2025-06-12 15:38:00,7.9
2025-06-12 08:52:00,81.7
2025-06-12 06:55:00,49.927249175694776
2025-06-12 16:59:00,41.1
2025-06-12 16:44:00,17.9
2025-06-12 00:00:00,0.1
2025-06-12 06:41:00,86.0
2025-06-12 02:26:00,66.2
2025-06-12 05:33:00,73.1
2025-06-12 10:04:00,33.6
2025-06-12 23:19:00,47.0
2025-06-12 08:18:00,52.3
2025-06-12 11:35:00,97.1
2025-06-12 22:50:00,4.0
2025-06-12 14:24:00,2.7
2025-06-12 13:40:00,70.5
2025-06-12 23:11:00,31.8
2025-06-12 05:57:00,63.6
2025-06-12 15:48:00,26.5
2025-06-12 10:59:00,60.3
2025-06-12 00:33:00,55.8
2025-06-12 16:37:00,32.7
2025-06-12 20:50:00,65.0
2025-06-12 15:18:00,49.7
2025-06-12 14:20:00,6.7
2025-06-12 05:18:00,69.0
2025-06-12 17:04:00,19.7
2025-06-12 04:38:00,44.8
2025-06-12 19:55:00,87.6
2025-06-12 03:46:00,30.0
2025-06-12 13:52:00,94.0
2025-06-12 04:30:00,55.3
2025-06-12 00:18:00,73.1
2025-06-12 05:37:00,31.4
2025-06-12 10:44:00,1.3
2025-06-12 09:53:00,49.927249175694776
2025-06-12 03:48:00,49.927249175694776
2025-06-12 04:04:00,15.4
2025-06-12 12:48:00,3.1
2025-06-12 10:15:00,65.7
2025-06-12 16:11:00,16.3
2025-06-12 03:36:00,49.927249175694776
2025-06-12 12:01:00,20.7
2025-06-12 15:50:00,5.7
2025-06-12 17:03:00,22.8
2025-06-12 08:15:00,93.3
2025-06-12 20:23:00,17.2
2025-06-12 07:51:00,2.8
2025-06-12 22:24:00,12.8
2025-06-12 12:45:00,24.0
2025-06-12 18:21:00,9.0
2025-06-12 01:50:00,33.6
2025-06-12 21:10:00,39.9
2025-06-12 22:22:00,49.927249175694776
2025-06-12 08:32:00,54.9
2025-06-12 17:12:00,87.3
2025-06-12 14:14:00,30.9
2025-06-12 09:14:00,33.8
2025-06-12 21:45:00,14.8
2025-06-12 10:53:00,64.4
2025-06-12 12:01:00,49.72265128325876
2025-06-12 21:06:00,49.72265128325876
2025-06-12 22:32:00,84.0
2025-06-12 15:10:00,0.3
2025-06-12 14:41:00,63.2
2025-06-12 20:34:00,94.3
2025-06-12 10:18:00,62.4
2025-06-12 14:27:00,87.7
2025-06-12 10:52:00,25.6
2025-06-12 20:47:00,9.9
2025-06-12 19:24:00,71.4
2025-06-12 17:37:00,39.5
2025-06-12 17:32:00,49.72265128325876
2025-06-12 17:33:00,98.7
2025-06-12 07:47:00,60.3
2025-06-12 01:32:00,6.8
2025-06-12 18:21:00,2.3
2025-06-12 09:39:00,46.7
2025-06-12 05:06:00,80.3
2025-06-12 12:32:00,49.72265128325876
2025-06-12 09:52:00,13.7
2025-06-12 02:44:00,84.1
2025-06-12 00:21:00,64.1
2025-06-12 00:16:00,49.72265128325876
2025-06-12 06:28:00,49.2
2025-06-12 18:17:00,67.6
2025-06-12 08:16:00,38.4
2025-06-12 00:28:00,57.5
2025-06-12 16:49:00,44.6
2025-06-12 18:46:00,94.2
2025-06-12 22:36:00,49.72265128325876
2025-06-12 12:33:00,76.4
2025-06-12 20:55:00,51.6
2025-06-12 23:18:00,90.6
2025-06-12 15:23:00,74.5
2025-06-12 06:41:00,3.5
2025-06-12 18:39:00,72.3
2025-06-12 22:33:00,49.72265128325876
2025-06-12 14:13:00,0.1
2025-06-12 15:37:00,49.72265128325876
2025-06-12 06:05:00,89.5
2025-06-12 01:22:00,58.7
2025-06-12 02:09:00,85.1
2025-06-12 07:55:00,74.8
2025-06-12 07:45:00,92.4
2025-06-12 03:06:00,0.9
2025-06-12 16:31:00,97.3
2025-06-12 13:08:00,86.3
2025-06-12 10:48:00,80.7
2025-06-12 18:38:00,13.3
2025-06-12 00:27:00,49.72265128325876
2025-06-12 20:36:00,39.7
2025-06-12 17:02:00,45.6
2025-06-12 15:47:00,21.4
2025-06-12 23:50:00,69.5
2025-06-12 11:51:00,6.0
2025-06-12 11:04:00,30.0
2025-06-12 02:13:00,69.0
2025-06-12 05:14:00,40.2
2025-06-12 05:04:00,73.6
2025-06-12 10:34:00,90.8
2025-06-12 22:12:00,39.9
2025-06-12 15:57:00,49.72265128325876
2025-06-12 14:55:00,82.5
2025-06-12 16:22:00,20.7
2025-06-12 22:48:00,29.8
2025-06-12 21:31:00,49.72265128325876
2025-06-12 04:04:00,31.6
2025-06-12 01:44:00,0.6
2025-06-12 09:19:00,10.0
2025-06-12 07:53:00,0.3
2025-06-12 09:02:00,62.5
2025-06-12 22:52:00,17.0
2025-06-12 05:34:00,50.2
2025-06-12 03:23:00,4.7
2025-06-12 11:02:00,77.3
2025-06-12 20:56:00,49.72265128325876
2025-06-12 04:23:00,49.72265128325876
2025-06-12 04:10:00,11.4
2025-06-12 04:11:00,85.6
2025-06-12 09:43:00,62.8
2025-06-12 08:44:00,49.72265128325876
2025-06-12 01:51:00,49.72265128325876
2025-06-12 00:45:00,16.7
2025-06-12 01:35:00,15.7
2025-06-12 03:37:00,90.7
2025-06-12 18:58:00,30.7
2025-06-12 11:55:00,28.9
2025-06-12 02:04:00,49.72265128325876
2025-06-12 12:17:00,79.1
2025-06-12 20:16:00,14.7
2025-06-12 10:38:00,45.4
2025-06-12 00:10:00,70.7
2025-06-12 14:49:00,86.5
2025-06-12 05:19:00,65.9
2025-06-12 17:00:00,49.0
2025-06-12 19:09:00,71.0
2025-06-12 13:39:00,62.8
2025-06-12 22:05:00,31.7
2025-06-12 17:30:00,49.72265128325876
2025-06-12 02:22:00,74.5
2025-06-12 01:05:00,85.1
2025-06-12 15:03:00,73.8
2025-06-12 12:58:00,49.72265128325876
2025-06-12 21:02:00,60.0
2025-06-12 14:25:00,0.6
2025-06-12 13:00:00,63.3
2025-06-12 17:17:00,67.9
2025-06-12 01:03:00,42.4
2025-06-12 04:13:00,49.72265128325876
2025-06-12 21:32:00,50.0
2025-06-12 06:24:00,43.0
2025-06-12 08:53:00,27.5
2025-06-12 10:33:00,52.5
2025-06-12 12:38:00,35.2
2025-06-12 02:51:00,22.7
2025-06-12 03:31:00,62.7
2025-06-12 17:58:00,46.9
2025-06-12 15:59:00,29.5
2025-06-12 09:15:00,94.6
2025-06-12 06:31:00,76.3
2025-06-12 11:29:00,71.5
2025-06-12 20:25:00,49.72265128325876
2025-06-12 19:49:00,1.6
2025-06-12 00:06:00,0.1
2025-06-12 15:19:00,93.4
2025-06-12 18:10:00,30.9
2025-06-12 14:42:00,57.1
2025-06-12 17:52:00,69.7
2025-06-12 11:43:00,37.1
2025-06-12 13:40:00,16.8
2025-06-12 08:57:00,49.72265128325876
2025-06-12 19:38:00,32.1
2025-06-12 21:43:00,41.3
2025-06-12 13:31:00,53.3
2025-06-12 05:16:00,68.1
2025-06-12 00:30:00,59.7
2025-06-12 03:18:00,48.2
2025-06-12 13:09:00,76.6
2025-06-12 11:14:00,71.6
2025-06-12 05:15:00,0.9
2025-06-12 23:57:00,38.8
2025-06-12 09:25:00,24.0
2025-06-12 03:08:00,36.6
2025-06-12 00:23:00,63.1
2025-06-12 19:53:00,81.2
2025-06-12 04:02:00,76.3
2025-06-12 02:31:00,47.1
2025-06-12 06:04:00,73.2
2025-06-12 00:38:00,95.4
2025-06-12 10:59:00,85.7
2025-06-12 10:22:00,77.9
2025-06-12 00:55:00,62.9
2025-06-12 06:51:00,99.3
2025-06-12 14:05:00,39.0
2025-06-12 23:20:00,0.7
2025-06-12 05:36:00,5.1
2025-06-12 02:30:00,12.9
2025-06-12 21:53:00,12.1
2025-06-12 23:27:00,85.1
2025-06-12 08:49:00,30.8
2025-06-12 09:41:00,99.5
2025-06-12 16:04:00,22.0
2025-06-12 14:52:00,14.3
2025-06-12 11:18:00,49.1
2025-06-12 05:00:00,61.8
2025-06-12 05:52:00,92.3
2025-06-12 05:44:00,84.6
2025-06-12 10:19:00,89.1
2025-06-12 10:56:00,1.1
2025-06-12 03:11:00,58.6
2025-06-12 01:54:00,48.0
2025-06-12 13:52:00,73.4
2025-06-12 20:03:00,1.1
2025-06-12 16:16:00,49.72265128325876
2025-06-12 10:43:00,10.2
2025-06-12 11:00:00,60.9
2025-06-12 00:32:00,95.9
2025-06-12 14:51:00,56.6
2025-06-12 19:15:00,62.4
2025-06-12 22:11:00,8.1
2025-06-12 17:43:00,66.4
2025-06-12 20:43:00,0.8
2025-06-12 05:27:00,37.1
2025-06-12 18:36:00,25.3
2025-06-12 04:32:00,0.4
2025-06-12 19:06:00,70.5
2025-06-12 17:10:00,43.3
2025-06-12 14:02:00,54.1
2025-06-12 20:14:00,77.0
2025-06-12 11:16:00,49.72265128325876
2025-06-12 15:12:00,47.8
2025-06-12 11:27:00,34.8
2025-06-12 01:41:00,47.7
2025-06-12 23:12:00,20.6
2025-06-12 13:10:00,30.3
2025-06-12 15:40:00,13.2
2025-06-12 13:53:00,85.2
2025-06-12 13:25:00,49.72265128325876
2025-06-12 22:57:00,90.3
2025-06-12 19:35:00,18.7
2025-06-12 01:38:00,25.8
2025-06-12 04:20:00,88.0
2025-06-12 03:30:00,69.6
2025-06-12 06:45:00,61.6
2025-06-12 13:59:00,89.2
2025-06-12 05:50:00,16.9
2025-06-12 08:17:00,27.6
2025-06-12 12:30:00,58.0
2025-06-12 12:07:00,6.3
2025-06-12 17:24:00,49.72265128325876
2025-06-12 08:13:00,49.72265128325876
2025-06-12 18:31:00,27.7
2025-06-12 12:08:00,36.6
2025-06-12 07:05:00,65.3
2025-06-12 16:32:00,68.8
2025-06-12 06:18:00,91.0
2025-06-12 12:27:00,62.4
2025-06-12 00:18:00,63.2
2025-06-12 22:18:00,32.1
2025-06-12 20:24:00,66.4
2025-06-12 17:55:00,83.1
2025-06-12 19:00:00,3.2
2025-06-12 21:13:00,89.2
2025-06-12 01:04:00,31.6
2025-06-12 05:22:00,21.0
2025-06-12 06:46:00,53.8
2025-06-12 19:11:00,72.3
2025-06-12 12:26:00,9.5
2025-06-12 04:19:00,96.7
2025-06-12 20:06:00,63.0
2025-06-12 06:40:00,49.72265128325876
2025-06-12 04:56:00,33.7
2025-06-12 20:50:00,58.0
2025-06-12 16:07:00,15.0
2025-06-12 23:55:00,56.0
2025-06-12 02:43:00,50.9
2025-06-12 12:10:00,49.72265128325876
2025-06-12 21:29:00,25.4
2025-06-12 23:10:00,14.5
2025-06-12 12:04:00,81.0
2025-06-12 10:07:00,25.5
2025-06-12 08:26:00,49.72265128325876
2025-06-12 19:26:00,67.1
2025-06-12 18:35:00,49.72265128325876
2025-06-12 07:32:00,48.5
2025-06-12 18:34:00,10.3
2025-06-12 23:48:00,49.72265128325876
2025-06-12 07:19:00,90.4
2025-06-12 09:03:00,70.9
2025-06-12 23:28:00,95.4
2025-06-12 05:02:00,2.2
2025-06-12 00:34:00,7.5
2025-06-12 23:29:00,57.7
2025-06-12 19:42:00,50.6
2025-06-12 08:51:00,53.1
2025-06-12 12:39:00,10.3
2025-06-12 03:45:00,65.6
2025-06-12 01:23:00,72.5
2025-06-12 04:42:00,47.1
2025-06-12 00:42:00,51.3
2025-06-12 09:17:00,4.3
2025-06-12 16:18:00,49.72265128325876
2025-06-12 11:21:00,49.72265128325876
2025-06-12 03:57:00,96.7
2025-06-12 09:06:00,76.9
2025-06-12 18:50:00,91.9
2025-06-12 01:55:00,80.5
2025-06-12 19:14:00,68.6
2025-06-12 11:25:00,49.2
2025-06-12 03:53:00,24.5
2025-06-12 03:52:00,49.72265128325876
2025-06-12 09:42:00,88.3
2025-06-12 10:45:00,38.0
2025-06-12 06:50:00,37.9
2025-06-12 10:09:00,78.8
2025-06-12 16:29:00,47.8
2025-06-12 23:00:00,49.72265128325876
2025-06-12 15:25:00,49.72265128325876
2025-06-12 09:26:00,96.2
2025-06-12 22:30:00,65.7
2025-06-12 03:26:00,49.72265128325876
2025-06-12 03:09:00,14.4
2025-06-12 12:18:00,49.72265128325876
2025-06-12 00:02:00,70.8
2025-06-12 09:49:00,51.3
2025-06-12 13:54:00,90.7
2025-06-12 18:40:00,26.7
2025-06-12 02:37:00,7.5
2025-06-12 07:12:00,75.3
2025-06-12 16:08:00,21.6
2025-06-12 20:02:00,49.72265128325876
2025-06-12 23:02:00,33.2
2025-06-12 16:58:00,62.0
2025-06-12 20:09:00,98.8
2025-06-12 15:30:00,27.2
2025-06-12 06:09:00,49.72265128325876
2025-06-12 09:20:00,59.0
2025-06-12 18:13:00,17.8
2025-06-12 18:22:00,22.6
2025-06-12 03:43:00,55.5
2025-06-12 03:23:00,96.3
2025-06-12 01:02:00,37.1
2025-06-12 15:05:00,50.25777465777466
2025-06-12 04:40:00,50.25777465777466
2025-06-12 08:07:00,39.7
2025-06-12 00:40:00,4.0
2025-06-12 23:17:00,57.3
2025-06-12 04:07:00,67.2
2025-06-12 12:47:00,80.5
2025-06-12 04:46:00,50.25777465777466
2025-06-12 14:12:00,50.25777465777466
2025-06-12 08:31:00,58.6
2025-06-12 04:12:00,27.8
2025-06-12 05:03:00,10.4
2025-06-12 10:39:00,33.6
2025-06-12 03:13:00,83.6
2025-06-12 19:45:00,45.3
2025-06-12 20:07:00,97.1
2025-06-12 17:42:00,97.8
2025-06-12 17:35:00,77.1
2025-06-12 10:56:00,40.4
2025-06-12 05:37:00,16.5
2025-06-12 14:06:00,3.4
2025-06-12 10:17:00,44.9
2025-06-12 15:04:00,89.3
2025-06-12 23:26:00,51.5
2025-06-12 13:35:00,45.6
2025-06-12 18:51:00,10.3
2025-06-12 19:33:00,53.7
2025-06-12 17:41:00,64.0
2025-06-12 06:35:00,50.25777465777466
2025-06-12 09:38:00,77.3
2025-06-12 13:05:00,37.4
2025-06-12 05:42:00,75.7
2025-06-12 06:09:00,56.1
2025-06-12 14:52:00,90.3
2025-06-12 18:57:00,48.4
2025-06-12 13:21:00,82.8
2025-06-12 23:54:00,73.0
2025-06-12 22:31:00,92.9
2025-06-12 12:44:00,50.25777465777466
2025-06-12 12:33:00,44.8
2025-06-12 20:11:00,13.9
2025-06-12 17:09:00,36.6
2025-06-12 06:12:00,33.9
2025-06-12 08:42:00,50.25777465777466
2025-06-12 05:50:00,64.3
2025-06-12 08:01:00,93.1
2025-06-12 22:26:00,46.7
2025-06-12 02:37:00,54.9
2025-06-12 01:24:00,10.4
2025-06-12 08:15:00,41.6
2025-06-12 18:32:00,50.25777465777466
2025-06-12 17:30:00,29.7
2025-06-12 00:48:00,98.9
2025-06-12 14:40:00,60.6
2025-06-12 07:19:00,66.5
2025-06-12 21:39:00,89.4
2025-06-12 21:20:00,20.4
2025-06-12 09:15:00,50.25777465777466
2025-06-12 08:10:00,50.25777465777466
2025-06-12 22:04:00,18.7
2025-06-12 20:43:00,50.25777465777466
2025-06-12 12:03:00,16.9
2025-06-12 23:03:00,50.25777465777466
2025-06-12 01:31:00,0.7
2025-06-12 15:01:00,30.3
2025-06-12 16:36:00,38.3
2025-06-12 11:14:00,39.7
2025-06-12 13:01:00,44.7
2025-06-12 08:33:00,35.6
2025-06-12 05:52:00,38.0
2025-06-12 00:19:00,50.25777465777466
2025-06-12 02:47:00,77.2
2025-06-12 18:43:00,39.1
2025-06-12 23:48:00,9.1
2025-06-12 12:52:00,44.3
2025-06-12 11:01:00,39.6
2025-06-12 07:11:00,80.6
2025-06-12 18:16:00,50.25777465777466
2025-06-12 18:52:00,50.25777465777466
2025-06-12 01:18:00,9.6
2025-06-12 10:55:00,31.2
2025-06-12 04:04:00,9.8
2025-06-12 13:18:00,50.25777465777466
2025-06-12 06:36:00,15.6
2025-06-12 15:52:00,3.4
2025-06-12 21:19:00,11.5
2025-06-12 20:48:00,45.1
2025-06-12 12:41:00,71.9
2025-06-12 21:42:00,49.3
2025-06-12 15:26:00,93.1
2025-06-12 07:45:00,18.5
2025-06-12 15:09:00,19.9
2025-06-12 18:44:00,19.8
2025-06-12 12:21:00,1.4
2025-06-12 00:15:00,89.0
2025-06-12 12:56:00,50.7
2025-06-12 22:48:00,68.6
2025-06-12 06:50:00,12.2
2025-06-12 11:45:00,51.8
2025-06-12 12:14:00,44.5
2025-06-12 22:32:00,38.5
2025-06-12 15:35:00,29.5
2025-06-12 08:40:00,1.8
2025-06-12 18:17:00,50.25777465777466
2025-06-12 02:31:00,2.1
2025-06-12 18:49:00,19.3
2025-06-12 08:08:00,73.5
2025-06-12 16:39:00,79.3
2025-06-12 09:27:00,62.0
2025-06-12 19:56:00,17.3
2025-06-12 08:13:00,50.25777465777466
2025-06-12 10:33:00,41.8
2025-06-12 17:26:00,23.6
2025-06-12 08:37:00,37.4
2025-06-12 06:21:00,79.6
2025-06-12 09:47:00,97.3
2025-06-12 19:57:00,50.25777465777466
2025-06-12 01:11:00,26.2
2025-06-12 22:03:00,95.1
2025-06-12 04:16:00,98.6
2025-06-12 06:25:00,3.4
2025-06-12 18:53:00,91.1
2025-06-12 21:35:00,28.3
2025-06-12 04:10:00,15.3
2025-06-12 21:53:00,75.7
2025-06-12 15:15:00,1.1
2025-06-12 11:13:00,59.5
2025-06-12 04:14:00,3.2
2025-06-12 06:06:00,3.5
2025-06-12 11:06:00,52.8
2025-06-12 06:41:00,69.2
2025-06-12 21:10:00,58.3
2025-06-12 03:24:00,70.7
2025-06-12 16:41:00,0.7
2025-06-12 18:37:00,4.4
2025-06-12 07:24:00,20.1
2025-06-12 18:36:00,29.0
2025-06-12 17:37:00,0.1
2025-06-12 15:14:00,86.8
2025-06-12 12:19:00,10.8
2025-06-12 18:15:00,50.25777465777466
2025-06-12 04:20:00,97.2
2025-06-12 01:47:00,14.8
2025-06-12 15:37:00,84.5
2025-06-12 12:30:00,44.4
2025-06-12 06:37:00,37.2
2025-06-12 17:11:00,29.5
2025-06-12 02:50:00,48.1
2025-06-12 07:14:00,60.7
2025-06-12 16:58:00,50.25777465777466
2025-06-12 11:17:00,53.2
2025-06-12 03:37:00,50.25777465777466
2025-06-12 23:08:00,35.9
2025-06-12 04:48:00,41.5
2025-06-12 09:37:00,72.4
2025-06-12 10:42:00,15.3
2025-06-12 15:13:00,60.7
2025-06-12 06:42:00,28.5
2025-06-12 02:48:00,74.3
2025-06-12 04:27:00,18.1
2025-06-12 06:57:00,41.4
2025-06-12 04:28:00,9.2
2025-06-12 10:52:00,42.7
2025-06-12 01:17:00,47.5
2025-06-12 07:02:00,23.4
2025-06-12 22:53:00,16.3
2025-06-12 06:02:00,42.3
2025-06-12 18:09:00,46.7
2025-06-12 21:00:00,92.8
2025-06-12 08:44:00,74.0
2025-06-12 16:53:00,86.7
2025-06-12 19:44:00,68.5
2025-06-12 05:24:00,86.2
2025-06-12 04:33:00,73.5
2025-06-12 19:48:00,50.3
2025-06-12 16:48:00,82.1
2025-06-12 16:23:00,30.2
2025-06-12 00:56:00,50.25777465777466
2025-06-12 06:18:00,38.4
2025-06-12 07:04:00,43.5
2025-06-12 08:14:00,1.0
2025-06-12 01:28:00,77.8
2025-06-12 14:00:00,82.4
2025-06-12 02:08:00,80.3
2025-06-12 08:36:00,25.6
2025-06-12 01:20:00,0.5
2025-06-12 06:55:00,51.4
2025-06-12 12:35:00,27.6
2025-06-12 05:23:00,48.5
2025-06-12 12:48:00,66.1
2025-06-12 01:09:00,50.25777465777466
2025-06-12 09:06:00,84.7
2025-06-12 17:44:00,50.25777465777466
2025-06-12 14:16:00,73.6
2025-06-12 08:47:00,48.4
2025-06-12 00:29:00,52.4
2025-06-12 20:36:00,10.8
2025-06-12 06:00:00,43.8
2025-06-12 06:40:00,50.25777465777466
2025-06-12 15:00:00,29.7
2025-06-12 18:54:00,10.9
2025-06-12 04:44:00,33.7
2025-06-12 05:04:00,99.0
2025-06-12 08:32:00,33.0
2025-06-12 06:32:00,50.25777465777466
2025-06-12 19:02:00,50.25777465777466
2025-06-12 20:25:00,35.8
2025-06-12 15:08:00,24.1
2025-06-12 11:34:00,50.25777465777466
2025-06-12 04:11:00,50.25777465777466
2025-06-12 02:03:00,27.6
2025-06-12 14:49:00,23.5
2025-06-12 19:31:00,35.1
2025-06-12 20:40:00,4.8
2025-06-12 09:21:00,71.0
2025-06-12 20:16:00,99.2
2025-06-12 19:27:00,50.25777465777466
2025-06-12 00:35:00,83.0
2025-06-12 05:30:00,58.7
2025-06-12 21:07:00,50.25777465777466
2025-06-12 10:30:00,62.5
2025-06-12 15:55:00,58.4
2025-06-12 23:19:00,53.1
2025-06-12 17:31:00,50.25777465777466
2025-06-12 19:28:00,2.8
2025-06-12 10:40:00,21.1
2025-06-12 20:09:00,50.25777465777466
2025-06-12 02:59:00,45.8
2025-06-12 19:36:00,72.1
2025-06-12 16:02:00,50.25777465777466
2025-06-12 09:28:00,34.9
2025-06-12 19:06:00,72.4
2025-06-12 23:05:00,39.3
2025-06-12 13:40:00,3.2
2025-06-12 18:50:00,75.6
2025-06-12 21:52:00,77.7
2025-06-12 12:25:00,50.25777465777466
2025-06-12 23:00:00,6.6
2025-06-12 06:33:00,83.7
2025-06-12 05:56:00,21.0
2025-06-12 18:11:00,43.3
2025-06-12 06:38:00,50.25777465777466
2025-06-12 15:46:00,11.3
2025-06-12 22:22:00,50.25777465777466
2025-06-12 09:45:00,6.2
2025-06-12 13:32:00,32.0
2025-06-12 04:36:00,62.2
2025-06-12 23:16:00,70.4
2025-06-12 06:08:00,50.25777465777466
2025-06-12 06:29:00,81.7
2025-06-12 17:57:00,93.1
2025-06-12 05:17:00,34.6
2025-06-12 22:19:00,50.25777465777466
2025-06-12 08:20:00,50.25777465777466
2025-06-12 19:32:00,62.3
2025-06-12 09:29:00,49.7
2025-06-12 23:23:00,2.1
2025-06-12 14:08:00,22.7
2025-06-12 11:42:00,92.9
2025-06-12 23:01:00,24.6
2025-06-12 00:43:00,49.4
2025-06-12 01:56:00,79.8
2025-06-12 09:07:00,98.0
2025-06-12 09:11:00,62.2
2025-06-12 18:03:00,16.1
2025-06-12 21:26:00,70.2
2025-06-12 20:46:00,28.3
2025-06-12 02:25:00,69.8
2025-06-12 07:54:00,25.3
2025-06-12 19:13:00,34.8
2025-06-12 02:27:00,2.3
2025-06-12 07:59:00,96.2
2025-06-12 03:41:00,72.6
2025-06-12 17:36:00,74.5
2025-06-12 04:35:00,23.9
2025-06-12 14:46:00,40.9
2025-06-12 08:11:00,28.2
2025-06-12 15:06:00,69.4
2025-06-12 05:25:00,50.25777465777466
2025-06-12 21:05:00,29.3
2025-06-12 17:22:00,50.25777465777466
2025-06-12 05:55:00,67.4
2025-06-12 12:08:00,71.9
2025-06-12 20:19:00,15.0
2025-06-12 23:28:00,76.3
2025-06-12 08:29:00,83.8
2025-06-12 01:19:00,58.0
2025-06-12 03:10:00,28.2
2025-06-12 01:21:00,50.25777465777466
2025-06-12 03:28:00,20.3
2025-06-12 10:35:00,36.3
2025-06-12 13:45:00,80.2
2025-06-12 10:11:00,65.5
2025-06-12 01:43:00,84.5
2025-06-12 10:38:00,9.0
2025-06-12 04:03:00,8.2
2025-06-12 16:54:00,86.3
2025-06-12 01:36:00,34.7
2025-06-12 15:22:00,50.5
2025-06-12 03:59:00,59.3
2025-06-12 11:26:00,77.6
2025-06-12 16:55:00,55.7
2025-06-12 04:23:00,78.1
2025-06-12 16:04:00,68.1
2025-06-12 21:56:00,7.1
2025-06-12 03:21:00,72.5
2025-06-12 05:45:00,50.25777465777466
2025-06-12 19:15:00,52.1
2025-06-12 03:34:00,50.25777465777466
2025-06-12 22:25:00,5.9
2025-06-12 01:57:00,35.9
2025-06-12 12:55:00,31.3
2025-06-12 15:03:00,74.5
2025-06-12 12:45:00,50.25777465777466
2025-06-12 07:20:00,69.7
2025-06-12 16:33:00,49.9464552238806
2025-06-12 11:17:00,73.9
2025-06-12 01:59:00,49.5
2025-06-12 23:17:00,34.4
2025-06-12 12:16:00,50.9
2025-06-12 13:14:00,75.1
2025-06-12 08:00:00,49.9464552238806
2025-06-12 02:24:00,25.0
2025-06-12 09:38:00,87.7
2025-06-12 07:22:00,30.6
2025-06-12 14:11:00,49.9464552238806
2025-06-12 01:31:00,54.7
2025-06-12 06:45:00,49.9464552238806
2025-06-12 17:12:00,14.9
2025-06-12 12:04:00,27.6
2025-06-12 16:35:00,14.2
2025-06-12 15:44:00,63.5
2025-06-12 15:18:00,57.6
2025-06-12 10:07:00,96.3
2025-06-12 23:10:00,49.9464552238806
2025-06-12 03:13:00,18.4
2025-06-12 06:20:00,63.9
2025-06-12 07:58:00,55.6
2025-06-12 12:21:00,28.5
2025-06-12 21:51:00,49.9464552238806
2025-06-12 07:04:00,20.2
2025-06-12 22:28:00,49.9464552238806
2025-06-12 06:13:00,66.3
2025-06-12 00:44:00,49.9464552238806
2025-06-12 17:43:00,5.6
2025-06-12 13:53:00,78.1
2025-06-12 19:14:00,92.1
2025-06-12 06:31:00,49.9464552238806
2025-06-12 15:15:00,10.7
2025-06-12 07:34:00,25.6
2025-06-12 17:23:00,60.6
2025-06-12 02:38:00,11.1
2025-06-12 07:50:00,9.0
2025-06-12 09:25:00,37.8
2025-06-12 00:35:00,63.2
2025-06-12 00:03:00,47.6
2025-06-12 13:38:00,11.2
2025-06-12 23:28:00,79.7
2025-06-12 09:06:00,38.3
2025-06-12 08:37:00,33.7
2025-06-12 01:56:00,25.9
2025-06-12 16:55:00,49.9464552238806
2025-06-12 04:12:00,82.7
2025-06-12 09:07:00,62.1
2025-06-12 10:48:00,8.9
2025-06-12 13:34:00,62.1
2025-06-12 16:52:00,29.3
2025-06-12 06:54:00,62.0
2025-06-12 05:37:00,45.3
2025-06-12 13:45:00,24.3
2025-06-12 17:25:00,11.1
2025-06-12 07:55:00,38.3
2025-06-12 22:58:00,49.2
2025-06-12 08:53:00,7.0
2025-06-12 15:40:00,72.5
2025-06-12 16:01:00,81.5
2025-06-12 00:37:00,56.2
2025-06-12 04:58:00,53.1
2025-06-12 04:26:00,57.1
2025-06-12 10:53:00,23.4
2025-06-12 19:22:00,49.9464552238806
2025-06-12 10:55:00,23.8
2025-06-12 09:09:00,100.0
2025-06-12 09:35:00,73.0
2025-06-12 22:44:00,11.7
2025-06-12 10:52:00,24.2
2025-06-12 01:44:00,82.0
2025-06-12 23:07:00,68.4
2025-06-12 11:24:00,92.4
2025-06-12 19:37:00,49.9464552238806
2025-06-12 20:41:00,33.2
2025-06-12 22:34:00,26.5
2025-06-12 09:52:00,58.2
2025-06-12 10:02:00,10.6
2025-06-12 04:54:00,73.5
2025-06-12 10:01:00,73.3
2025-06-12 16:32:00,91.1
2025-06-12 23:45:00,19.0
2025-06-12 00:48:00,49.9464552238806
2025-06-12 15:10:00,1.9
2025-06-12 22:48:00,49.9464552238806
2025-06-12 11:32:00,49.9464552238806
2025-06-12 15:17:00,19.9
2025-06-12 16:40:00,80.6
2025-06-12 16:27:00,27.6
2025-06-12 10:10:00,3.6
2025-06-12 19:59:00,17.4
2025-06-12 04:34:00,89.6
2025-06-12 08:49:00,40.8
2025-06-12 15:28:00,48.8
2025-06-12 15:07:00,36.8
2025-06-12 03:00:00,36.1
2025-06-12 02:23:00,20.0
2025-06-12 12:30:00,5.1
2025-06-12 22:00:00,64.4
2025-06-12 05:11:00,19.2
2025-06-12 12:46:00,84.6
2025-06-12 12:01:00,61.2
2025-06-12 23:39:00,38.5
2025-06-12 23:37:00,49.9464552238806
2025-06-12 18:46:00,49.9464552238806
2025-06-12 17:47:00,49.9464552238806
2025-06-12 01:39:00,30.4
2025-06-12 06:51:00,49.9464552238806
2025-06-12 06:09:00,12.6
2025-06-12 05:27:00,92.5
2025-06-12 16:38:00,95.6
2025-06-12 07:54:00,61.9
2025-06-12 10:27:00,2.2
2025-06-12 18:34:00,70.3
2025-06-12 13:17:00,6.6
2025-06-12 06:03:00,17.2
2025-06-12 07:41:00,64.2
2025-06-12 07:42:00,44.5
2025-06-12 00:08:00,85.2
2025-06-12 08:29:00,100.0
2025-06-12 23:54:00,66.3
2025-06-12 06:01:00,37.1
2025-06-12 09:54:00,51.6
2025-06-12 06:58:00,91.7
2025-06-12 00:18:00,49.9464552238806
2025-06-12 17:22:00,93.6
2025-06-12 13:11:00,17.4
2025-06-12 09:30:00,49.9464552238806
2025-06-12 04:56:00,82.1
2025-06-12 14:20:00,46.2
2025-06-12 12:26:00,49.9464552238806
2025-06-12 07:02:00,37.3
2025-06-12 18:41:00,49.9464552238806
2025-06-12 16:15:00,49.9464552238806
2025-06-12 01:45:00,49.9464552238806
2025-06-12 17:58:00,17.0
2025-06-12 06:33:00,73.3
2025-06-12 13:57:00,33.0
2025-06-12 01:50:00,60.7
2025-06-12 03:30:00,65.7
2025-06-12 02:48:00,49.9464552238806
2025-06-12 03:25:00,22.4
2025-06-12 14:17:00,32.0
2025-06-12 01:09:00,74.8
2025-06-12 05:21:00,64.9
2025-06-12 14:37:00,49.9464552238806
2025-06-12 18:54:00,49.9464552238806
2025-06-12 18:51:00,74.4
2025-06-12 13:35:00,47.8
2025-06-12 06:29:00,26.3
2025-06-12 19:42:00,90.5
2025-06-12 07:11:00,44.0
2025-06-12 02:09:00,71.0
2025-06-12 00:14:00,12.2
2025-06-12 02:46:00,55.1
2025-06-12 15:53:00,96.3
2025-06-12 17:49:00,8.2
2025-06-12 18:40:00,49.9464552238806
2025-06-12 21:00:00,12.5
2025-06-12 16:20:00,43.6
2025-06-12 13:27:00,27.1
2025-06-12 14:49:00,85.3
2025-06-12 01:07:00,46.2
2025-06-12 23:08:00,68.8
2025-06-12 20:18:00,74.9
2025-06-12 14:42:00,49.9464552238806
2025-06-12 09:39:00,75.2
2025-06-12 19:49:00,49.9464552238806
2025-06-12 09:23:00,42.8
2025-06-12 06:21:00,84.3
2025-06-12 08:35:00,46.7
2025-06-12 16:14:00,91.9
2025-06-12 01:01:00,15.6
2025-06-12 16:57:00,49.9464552238806
2025-06-12 13:22:00,41.6
2025-06-12 06:47:00,54.1
2025-06-12 20:20:00,18.6
2025-06-12 17:11:00,37.2
2025-06-12 01:24:00,1.8
2025-06-12 08:27:00,89.5
2025-06-12 14:52:00,49.9464552238806
2025-06-12 05:43:00,49.9464552238806
2025-06-12 23:51:00,99.6
2025-06-12 12:35:00,49.9464552238806
2025-06-12 06:53:00,68.6
2025-06-12 01:53:00,89.2
2025-06-12 06:10:00,52.7
2025-06-12 15:54:00,84.9
2025-06-12 00:56:00,50.7
2025-06-12 11:39:00,23.1
2025-06-12 00:34:00,49.9464552238806
2025-06-12 01:06:00,40.7
2025-06-12 21:33:00,24.0
2025-06-12 22:50:00,36.7
2025-06-12 21:46:00,12.3
2025-06-12 04:53:00,98.6
2025-06-12 10:46:00,94.3
2025-06-12 13:18:00,83.2
2025-06-12 17:18:00,55.2
2025-06-12 09:49:00,49.9464552238806
2025-06-12 03:21:00,92.8
2025-06-12 21:03:00,55.4
2025-06-12 19:17:00,76.7
2025-06-12 11:13:00,33.4
2025-06-12 07:37:00,96.3
2025-06-12 17:26:00,49.9464552238806
2025-06-12 23:02:00,12.0
2025-06-12 05:33:00,65.4
2025-06-12 12:36:00,74.8
2025-06-12 22:20:00,21.2
2025-06-12 03:38:00,43.3
2025-06-12 10:21:00,0.2
2025-06-12 22:46:00,49.9464552238806
2025-06-12 16:44:00,37.8
2025-06-12 14:16:00,50.9
2025-06-12 20:09:00,82.1
2025-06-12 20:19:00,49.9464552238806
2025-06-12 14:48:00,68.2
2025-06-12 09:34:00,39.6
2025-06-12 05:15:00,34.9
2025-06-12 13:01:00,64.8
2025-06-12 22:21:00,51.3
2025-06-12 17:57:00,0.9
2025-06-12 16:51:00,54.8
2025-06-12 21:47:00,56.0
2025-06-12 06:19:00,49.9464552238806
2025-06-12 09:44:00,76.8
2025-06-12 19:11:00,16.4
2025-06-12 10:39:00,11.3
2025-06-12 05:24:00,45.5
2025-06-12 13:43:00,22.2
2025-06-12 03:04:00,89.0
2025-06-12 22:41:00,4.4
2025-06-12 08:46:00,19.2
2025-06-12 05:20:00,2.6
2025-06-12 18:29:00,49.9464552238806
2025-06-12 12:38:00,19.7
2025-06-12 07:17:00,49.9464552238806
2025-06-12 15:12:00,2.1
2025-06-12 07:26:00,72.4
2025-06-12 09:31:00,11.9
2025-06-12 06:23:00,91.3
2025-06-12 15:16:00,70.5
2025-06-12 15:22:00,8.3
2025-06-12 08:41:00,18.1
2025-06-12 00:00:00,94.5
2025-06-12 02:37:00,49.1
2025-06-12 06:17:00,96.1
2025-06-12 03:24:00,13.1
2025-06-12 05:55:00,47.2
2025-06-12 17:29:00,94.8
2025-06-12 13:50:00,6.6
2025-06-12 07:23:00,68.3
2025-06-12 09:42:00,49.9464552238806
2025-06-12 14:26:00,17.7
2025-06-12 18:56:00,49.9464552238806
2025-06-12 04:32:00,49.9464552238806
2025-06-12 11:05:00,88.1
2025-06-12 19:30:00,2.0
2025-06-12 20:39:00,49.9464552238806
2025-06-12 17:03:00,36.3
2025-06-12 15:09:00,34.5
2025-06-12 19:29:00,46.2
2025-06-12 16:46:00,35.6
2025-06-12 02:21:00,49.9464552238806
2025-06-12 22:32:00,49.9464552238806
2025-06-12 05:02:00,11.2
2025-06-12 06:32:00,45.8
2025-06-12 16:31:00,78.2
2025-06-12 14:41:00,45.6
2025-06-12 19:53:00,49.9464552238806
2025-06-12 03:22:00,30.5
2025-06-12 06:40:00,19.3
2025-06-12 05:51:00,89.5
2025-06-12 18:25:00,49.9464552238806
2025-06-12 13:36:00,22.1
2025-06-12 01:47:00,67.1
2025-06-12 15:31:00,5.3
2025-06-12 10:44:00,25.7
2025-06-12 03:03:00,30.7
2025-06-12 07:09:00,52.7
2025-06-12 02:51:00,27.4
2025-06-12 17:40:00,8.3
2025-06-12 03:43:00,39.3
2025-06-12 02:42:00,68.9
2025-06-12 15:47:00,99.1
2025-06-12 21:38:00,57.6
2025-06-12 17:17:00,85.6
2025-06-12 18:44:00,55.3
2025-06-12 15:41:00,49.9464552238806
2025-06-12 17:48:00,11.4
2025-06-12 15:21:00,49.9464552238806
2025-06-12 17:04:00,78.2
2025-06-12 07:39:00,99.0
2025-06-12 02:59:00,1.5
2025-06-12 15:30:00,49.9464552238806
2025-06-12 14:21:00,15.7
2025-06-12 23:11:00,57.4
2025-06-12 16:42:00,98.2
2025-06-12 22:05:00,49.742524640779
2025-06-12 21:26:00,96.1
2025-06-12 11:03:00,64.5
2025-06-12 16:48:00,66.8
2025-06-12 16:47:00,11.5
2025-06-12 03:35:00,49.742524640779
2025-06-12 23:37:00,12.5
2025-06-12 16:50:00,32.2
2025-06-12 11:27:00,21.7
2025-06-12 23:49:00,78.2
2025-06-12 02:53:00,40.1
2025-06-12 01:43:00,61.7
2025-06-12 07:47:00,70.7
2025-06-12 10:10:00,83.4
2025-06-12 03:26:00,10.0
2025-06-12 00:48:00,28.0
2025-06-12 02:12:00,24.4
2025-06-12 13:15:00,21.3
2025-06-12 09:07:00,49.742524640779
2025-06-12 01:09:00,49.742524640779
2025-06-12 13:28:00,68.2
2025-06-12 07:14:00,49.742524640779
2025-06-12 22:57:00,19.2
2025-06-12 14:32:00,70.4
2025-06-12 17:03:00,2.4
2025-06-12 13:44:00,26.9
2025-06-12 20:09:00,66.0
2025-06-12 09:27:00,42.6
2025-06-12 00:09:00,13.3
2025-06-12 08:10:00,81.9
2025-06-12 18:05:00,58.2
2025-06-12 18:38:00,14.3
2025-06-12 06:47:00,30.9
2025-06-12 13:57:00,86.2
2025-06-12 06:34:00,99.0
2025-06-12 21:58:00,84.8
2025-06-12 20:06:00,46.5
2025-06-12 00:04:00,35.3
2025-06-12 21:06:00,50.9
2025-06-12 12:55:00,49.2
2025-06-12 10:32:00,42.8
2025-06-12 13:47:00,65.5
2025-06-12 07:29:00,32.3
2025-06-12 18:51:00,50.7
2025-06-12 19:35:00,4.6
2025-06-12 10:11:00,54.0
2025-06-12 07:35:00,49.742524640779
2025-06-12 12:05:00,30.9
2025-06-12 13:21:00,49.742524640779
2025-06-12 05:08:00,12.2
2025-06-12 08:12:00,43.9
2025-06-12 02:00:00,12.2
2025-06-12 17:46:00,49.742524640779
2025-06-12 15:04:00,53.9
2025-06-12 10:21:00,92.8
2025-06-12 21:45:00,56.9
2025-06-12 16:39:00,0.7
2025-06-12 08:42:00,11.1
2025-06-12 00:44:00,22.5
2025-06-12 06:51:00,96.2
2025-06-12 16:43:00,33.3
2025-06-12 21:57:00,28.9
2025-06-12 08:19:00,49.742524640779
2025-06-12 04:23:00,99.9
2025-06-12 15:17:00,49.742524640779
2025-06-12 02:31:00,1.1
2025-06-12 20:16:00,8.2
2025-06-12 22:15:00,49.742524640779
2025-06-12 22:32:00,46.2
2025-06-12 13:01:00,53.4
2025-06-12 19:59:00,38.9
2025-06-12 09:35:00,74.5
2025-06-12 13:27:00,85.1
2025-06-12 10:29:00,42.4
2025-06-12 23:06:00,46.7
2025-06-12 23:08:00,15.4
2025-06-12 04:51:00,46.6
2025-06-12 22:35:00,49.742524640779
2025-06-12 16:05:00,6.8
2025-06-12 21:01:00,24.4
2025-06-12 01:30:00,50.1
2025-06-12 18:19:00,9.6
2025-06-12 03:41:00,67.7
2025-06-12 02:18:00,92.9
2025-06-12 05:32:00,24.0
2025-06-12 10:47:00,70.7
2025-06-12 10:41:00,28.0
2025-06-12 21:51:00,7.6
2025-06-12 09:09:00,31.9
2025-06-12 13:07:00,49.742524640779
2025-06-12 10:39:00,48.4
2025-06-12 10:53:00,39.0
2025-06-12 00:37:00,17.8
2025-06-12 07:27:00,49.742524640779
2025-06-12 17:24:00,61.6
2025-06-12 17:06:00,35.1
2025-06-12 07:11:00,92.2
2025-06-12 10:07:00,96.0
2025-06-12 19:44:00,78.4
2025-06-12 04:05:00,90.3
2025-06-12 13:17:00,88.6
2025-06-12 14:55:00,69.9
2025-06-12 17:57:00,17.7
2025-06-12 23:53:00,42.6
2025-06-12 17:13:00,60.2
2025-06-12 21:38:00,16.8
2025-06-12 03:05:00,26.6
2025-06-12 09:46:00,25.0
2025-06-12 13:23:00,40.1
2025-06-12 19:04:00,67.9
2025-06-12 12:53:00,2.8
2025-06-12 17:59:00,71.1
2025-06-12 22:33:00,20.8
2025-06-12 21:03:00,45.7
2025-06-12 02:08:00,49.742524640779
2025-06-12 11:59:00,10.5
2025-06-12 03:22:00,82.6
2025-06-12 19:52:00,38.1
2025-06-12 22:09:00,48.4
2025-06-12 14:03:00,87.8
2025-06-12 21:12:00,88.6
2025-06-12 11:36:00,2.4
2025-06-12 20:48:00,49.742524640779
2025-06-12 10:00:00,69.4
2025-06-12 16:21:00,66.7
2025-06-12 07:18:00,25.8
2025-06-12 16:37:00,53.0
2025-06-12 09:40:00,32.3
2025-06-12 19:46:00,49.742524640779
2025-06-12 13:18:00,54.2
2025-06-12 06:06:00,39.6
2025-06-12 15:21:00,80.4
2025-06-12 22:54:00,12.7
2025-06-12 05:27:00,7.8
2025-06-12 17:25:00,32.4
2025-06-12 03:24:00,46.1
2025-06-12 09:41:00,49.742524640779
2025-06-12 08:55:00,7.1
2025-06-12 15:33:00,5.5
2025-06-12 21:08:00,71.5
2025-06-12 06:07:00,6.4
2025-06-12 02:09:00,34.1
2025-06-12 12:11:00,55.6
2025-06-12 11:54:00,57.7
2025-06-12 17:35:00,48.0
2025-06-12 05:09:00,49.742524640779
2025-06-12 01:46:00,39.8
2025-06-12 18:22:00,95.2
2025-06-12 02:25:00,87.4
2025-06-12 03:47:00,68.1
2025-06-12 15:11:00,86.9
2025-06-12 08:39:00,50.8
2025-06-12 19:05:00,38.5
2025-06-12 14:48:00,85.0
2025-06-12 04:18:00,54.2
2025-06-12 04:35:00,20.0
2025-06-12 04:29:00,73.5
2025-06-12 11:42:00,19.0
2025-06-12 06:09:00,0.2
2025-06-12 07:37:00,27.2
2025-06-12 16:10:00,13.0
2025-06-12 13:08:00,76.0
2025-06-12 19:20:00,79.2
2025-06-12 08:54:00,82.1
2025-06-12 09:42:00,71.3
2025-06-12 20:29:00,12.3
2025-06-12 18:03:00,85.0
2025-06-12 08:18:00,14.8
2025-06-12 20:22:00,49.5
2025-06-12 05:53:00,31.3
2025-06-12 05:33:00,87.3
2025-06-12 23:33:00,53.0
2025-06-12 01:10:00,35.9
2025-06-12 14:21:00,78.9
2025-06-12 19:34:00,39.5
2025-06-12 03:44:00,21.3
2025-06-12 14:36:00,81.3
2025-06-12 12:35:00,57.0
2025-06-12 07:57:00,0.7
2025-06-12 13:46:00,49.742524640779
2025-06-12 13:39:00,52.1
2025-06-12 21:10:00,20.8
2025-06-12 10:23:00,61.7
2025-06-12 06:05:00,22.9
2025-06-12 18:01:00,49.742524640779
2025-06-12 13:04:00,29.1
2025-06-12 01:52:00,91.7
2025-06-12 21:43:00,35.6
2025-06-12 07:06:00,46.1
2025-06-12 10:03:00,49.742524640779
2025-06-12 09:44:00,70.5
2025-06-12 06:13:00,98.3
2025-06-12 11:40:00,13.3
2025-06-12 03:21:00,4.1
2025-06-12 20:27:00,69.0
2025-06-12 23:38:00,70.6
2025-06-12 05:56:00,49.742524640779
2025-06-12 17:00:00,99.3
2025-06-12 23:36:00,93.1
2025-06-12 07:08:00,95.6
2025-06-12 22:23:00,49.742524640779
2025-06-12 23:47:00,49.742524640779
2025-06-12 09:38:00,31.0
2025-06-12 19:19:00,49.742524640779
2025-06-12 03:53:00,45.5
2025-06-12 05:02:00,61.4
2025-06-12 22:18:00,32.1
2025-06-12 11:51:00,36.0
2025-06-12 08:27:00,44.4
2025-06-12 22:21:00,89.5
2025-06-12 03:33:00,89.5
2025-06-12 11:49:00,1.7
2025-06-12 20:51:00,75.3
2025-06-12 05:28:00,3.1
2025-06-12 16:34:00,25.2
2025-06-12 02:46:00,52.8
2025-06-12 23:01:00,49.742524640779
2025-06-12 05:04:00,42.0
2025-06-12 01:34:00,62.3
2025-06-12 14:39:00,69.2
2025-06-12 04:54:00,36.3
2025-06-12 13:38:00,47.4
2025-06-12 01:02:00,49.742524640779
2025-06-12 18:46:00,23.4
2025-06-12 16:35:00,59.1
2025-06-12 21:52:00,40.1
2025-06-12 22:37:00,49.742524640779
2025-06-12 19:36:00,1.1
2025-06-12 15:53:00,96.6
2025-06-12 08:46:00,56.4
2025-06-12 06:45:00,68.2
2025-06-12 00:41:00,53.9
2025-06-12 13:33:00,49.742524640779
2025-06-12 04:42:00,49.742524640779
2025-06-12 03:58:00,3.3
2025-06-12 19:40:00,1.0
2025-06-12 17:55:00,17.3
2025-06-12 23:25:00,49.742524640779
2025-06-12 08:11:00,57.3
2025-06-12 21:20:00,49.742524640779
2025-06-12 17:22:00,92.3
2025-06-12 22:14:00,5.0
2025-06-12 18:00:00,71.6
2025-06-12 15:29:00,29.4
2025-06-12 22:46:00,62.5
2025-06-12 15:35:00,8.8
2025-06-12 06:32:00,56.0
2025-06-12 14:12:00,90.0
2025-06-12 02:44:00,52.8
2025-06-12 16:36:00,37.9
2025-06-12 03:37:00,6.6
2025-06-12 09:47:00,48.0
2025-06-12 12:06:00,85.5
2025-06-12 08:41:00,30.3
2025-06-12 19:31:00,26.4
2025-06-12 18:12:00,49.742524640779
2025-06-12 05:43:00,49.742524640779
2025-06-12 17:49:00,49.0
2025-06-12 13:50:00,49.742524640779
2025-06-12 16:06:00,46.9
2025-06-12 21:04:00,67.9
2025-06-12 13:16:00,20.0
2025-06-12 17:27:00,53.0
2025-06-12 00:12:00,98.2
2025-06-12 13:22:00,71.7
2025-06-12 20:49:00,38.7
2025-06-12 15:31:00,70.0
2025-06-12 01:26:00,22.7
2025-06-12 06:40:00,61.1
2025-06-12 07:43:00,83.8
2025-06-12 08:56:00,41.0
2025-06-12 12:57:00,65.4
2025-06-12 20:08:00,76.2
2025-06-12 07:23:00,49.742524640779
2025-06-12 08:23:00,72.4
2025-06-12 03:14:00,24.5
2025-06-12 04:43:00,49.742524640779
2025-06-12 16:13:00,62.1
2025-06-12 01:22:00,88.6
2025-06-12 01:59:00,49.742524640779
2025-06-12 23:13:00,15.6
2025-06-12 20:31:00,11.9
2025-06-12 15:23:00,10.4
2025-06-12 02:58:00,7.6
2025-06-12 13:55:00,40.2
2025-06-12 11:34:00,49.742524640779
2025-06-12 05:57:00,68.9
2025-06-12 22:24:00,93.2
2025-06-12 02:39:00,60.7
2025-06-12 03:59:00,6.5
2025-06-12 12:12:00,74.4
2025-06-12 09:00:00,50.1
2025-06-12 19:00:00,49.742524640779
2025-06-12 18:17:00,7.2
2025-06-12 16:52:00,6.7
2025-06-12 00:19:00,96.6
2025-06-12 17:52:00,64.7
2025-06-12 01:28:00,97.8
2025-06-12 17:42:00,0.0
2025-06-12 19:57:00,13.2
2025-06-12 18:48:00,95.7
2025-06-12 18:20:00,50.09606761356967
2025-06-12 09:31:00,5.9
2025-06-12 11:35:00,50.09606761356967
2025-06-12 06:50:00,44.9
2025-06-12 15:28:00,77.9
2025-06-12 03:12:00,50.09606761356967
2025-06-12 09:00:00,47.7
2025-06-12 05:31:00,42.1
2025-06-12 20:11:00,21.5
2025-06-12 03:21:00,75.7
2025-06-12 06:02:00,1.8
2025-06-12 11:11:00,70.0
2025-06-12 08:41:00,70.6
2025-06-12 23:17:00,45.2
2025-06-12 21:38:00,19.9
2025-06-12 13:09:00,50.09606761356967
2025-06-12 12:36:00,50.09606761356967
2025-06-12 16:09:00,84.1
2025-06-12 12:29:00,17.0
2025-06-12 13:32:00,53.3
2025-06-12 08:08:00,59.5
2025-06-12 10:24:00,32.5
2025-06-12 01:20:00,42.6
2025-06-12 02:43:00,57.6
2025-06-12 15:38:00,42.5
2025-06-12 15:36:00,59.7
2025-06-12 10:04:00,38.0
2025-06-12 17:38:00,35.5
2025-06-12 16:39:00,70.6
2025-06-12 08:55:00,69.7
2025-06-12 15:41:00,70.6
2025-06-12 02:59:00,50.09606761356967
2025-06-12 23:22:00,3.7
2025-06-12 16:02:00,66.5
2025-06-12 09:15:00,49.9
2025-06-12 07:35:00,94.8
2025-06-12 03:51:00,60.8
2025-06-12 07:47:00,9.7
2025-06-12 21:14:00,50.09606761356967
2025-06-12 07:06:00,33.6
2025-06-12 23:41:00,80.7
2025-06-12 15:10:00,11.6
2025-06-12 11:49:00,86.0
2025-06-12 11:50:00,10.3
2025-06-12 16:06:00,29.6
2025-06-12 04:24:00,50.09606761356967
2025-06-12 00:23:00,34.5
2025-06-12 21:44:00,70.6
2025-06-12 20:52:00,64.7
2025-06-12 09:18:00,56.0
2025-06-12 07:04:00,7.5
2025-06-12 08:43:00,32.6
2025-06-12 22:52:00,38.0
2025-06-12 23:31:00,13.6
2025-06-12 14:46:00,31.7
2025-06-12 02:18:00,34.2
2025-06-12 12:05:00,17.9
2025-06-12 10:45:00,48.6
2025-06-12 00:31:00,50.09606761356967
2025-06-12 11:18:00,94.2
2025-06-12 21:42:00,38.4
2025-06-12 15:52:00,73.4
2025-06-12 18:18:00,74.9
2025-06-12 05:34:00,53.3
2025-06-12 00:16:00,34.7
2025-06-12 16:41:00,6.1
2025-06-12 06:48:00,83.0
2025-06-12 19:37:00,57.5
2025-06-12 01:34:00,29.2
2025-06-12 14:22:00,3.5
2025-06-12 08:49:00,21.9
2025-06-12 23:42:00,68.0
2025-06-12 17:17:00,18.7
2025-06-12 18:50:00,48.5
2025-06-12 05:23:00,94.3
2025-06-12 22:12:00,55.4
2025-06-12 20:16:00,50.09606761356967
2025-06-12 06:07:00,24.6
2025-06-12 13:00:00,29.0
2025-06-12 05:42:00,50.09606761356967
2025-06-12 09:49:00,99.0
2025-06-12 10:47:00,96.4
2025-06-12 05:18:00,47.6
2025-06-12 09:52:00,2.8
2025-06-12 03:15:00,91.5
2025-06-12 21:53:00,17.2
2025-06-12 10:48:00,19.2
2025-06-12 07:02:00,50.09606761356967
2025-06-12 05:48:00,37.6
2025-06-12 03:33:00,79.9
2025-06-12 14:55:00,13.1
2025-06-12 19:27:00,92.8
2025-06-12 10:57:00,80.2
2025-06-12 02:06:00,72.1
2025-06-12 23:55:00,97.2
2025-06-12 23:46:00,51.6
2025-06-12 17:59:00,50.09606761356967
2025-06-12 23:33:00,26.3
2025-06-12 00:46:00,50.09606761356967
2025-06-12 07:09:00,47.7
2025-06-12 16:46:00,60.6
2025-06-12 17:13:00,41.6
2025-06-12 20:43:00,19.0
2025-06-12 01:56:00,56.8
2025-06-12 21:04:00,26.1
2025-06-12 01:47:00,81.7
2025-06-12 07:53:00,24.3
2025-06-12 00:18:00,69.4
2025-06-12 00:24:00,85.0
2025-06-12 04:11:00,53.4
2025-06-12 15:18:00,32.9
2025-06-12 17:23:00,6.8
2025-06-12 18:23:00,59.7
2025-06-12 17:34:00,88.7
2025-06-12 17:31:00,70.9
2025-06-12 12:08:00,46.3
2025-06-12 15:34:00,68.7
2025-06-12 09:06:00,50.09606761356967
2025-06-12 03:22:00,3.1
2025-06-12 10:42:00,50.09606761356967
2025-06-12 04:03:00,57.4
2025-06-12 00:11:00,37.8
2025-06-12 05:17:00,50.09606761356967
2025-06-12 22:49:00,43.7
2025-06-12 19:35:00,5.0
2025-06-12 21:41:00,9.2
2025-06-12 02:46:00,38.9
2025-06-12 01:51:00,61.8
2025-06-12 13:03:00,23.7
2025-06-12 00:04:00,50.09606761356967
2025-06-12 14:18:00,26.6
2025-06-12 19:33:00,47.3
2025-06-12 04:27:00,50.09606761356967
2025-06-12 13:31:00,5.6
2025-06-12 09:10:00,63.6
2025-06-12 15:15:00,69.5
2025-06-12 19:17:00,50.09606761356967
2025-06-12 02:39:00,31.8
2025-06-12 14:43:00,6.0
2025-06-12 12:48:00,50.09606761356967
2025-06-12 19:40:00,79.5
2025-06-12 20:34:00,21.3
2025-06-12 12:24:00,70.7
2025-06-12 18:59:00,50.09606761356967
2025-06-12 10:46:00,71.8
2025-06-12 16:05:00,33.1
2025-06-12 17:00:00,14.8
2025-06-12 13:44:00,51.3
2025-06-12 19:51:00,54.5
2025-06-12 02:02:00,17.0
2025-06-12 19:11:00,27.3
2025-06-12 09:32:00,91.0
2025-06-12 01:19:00,77.8
2025-06-12 21:16:00,57.9
2025-06-12 19:14:00,63.6
2025-06-12 02:47:00,12.6
2025-06-12 00:33:00,24.5
2025-06-12 19:28:00,26.2
2025-06-12 06:49:00,50.09606761356967
2025-06-12 01:06:00,83.3
2025-06-12 10:30:00,44.9
2025-06-12 14:29:00,50.09606761356967
2025-06-12 22:50:00,69.2
2025-06-12 11:39:00,8.8
2025-06-12 04:43:00,35.2
2025-06-12 17:53:00,77.9
2025-06-12 19:31:00,59.4
2025-06-12 12:20:00,85.8
2025-06-12 07:48:00,30.0
2025-06-12 18:33:00,50.09606761356967
2025-06-12 09:21:00,96.6
2025-06-12 11:34:00,57.2
2025-06-12 23:11:00,29.4
2025-06-12 08:26:00,2.0
2025-06-12 04:48:00,18.8
2025-06-12 14:24:00,12.8
2025-06-12 17:06:00,80.8
2025-06-12 20:09:00,34.7
2025-06-12 21:35:00,31.1
2025-06-12 13:49:00,83.3
2025-06-12 20:55:00,24.7
2025-06-12 22:39:00,63.4
2025-06-12 21:43:00,59.8
2025-06-12 08:34:00,13.1
2025-06-12 01:14:00,50.2
2025-06-12 06:30:00,82.9
2025-06-12 13:20:00,50.09606761356967
2025-06-12 21:55:00,17.4
2025-06-12 19:38:00,47.5
2025-06-12 03:23:00,50.09606761356967
2025-06-12 02:55:00,3.3
2025-06-12 10:31:00,84.8
2025-06-12 05:08:00,29.9
2025-06-12 14:41:00,3.5
2025-06-12 11:58:00,38.9
2025-06-12 06:34:00,56.1
2025-06-12 02:29:00,46.9
2025-06-12 09:53:00,37.5
2025-06-12 03:42:00,2.1
2025-06-12 02:58:00,59.4
2025-06-12 09:20:00,50.09606761356967
2025-06-12 10:58:00,50.09606761356967
2025-06-12 02:11:00,51.4
2025-06-12 05:52:00,29.3
2025-06-12 18:53:00,75.1
2025-06-12 04:25:00,98.8
2025-06-12 06:38:00,92.6
2025-06-12 07:58:00,50.09606761356967
2025-06-12 12:04:00,38.3
2025-06-12 12:07:00,50.09606761356967
2025-06-12 00:09:00,15.9
2025-06-12 04:39:00,43.2
2025-06-12 04:36:00,25.4
2025-06-12 02:54:00,71.8
2025-06-12 00:48:00,69.5
2025-06-12 11:57:00,72.7
2025-06-12 22:23:00,76.9
2025-06-12 17:22:00,26.4
2025-06-12 05:19:00,15.3
2025-06-12 00:45:00,5.6
2025-06-12 05:35:00,45.3
2025-06-12 23:47:00,1.5
2025-06-12 00:38:00,51.9
2025-06-12 17:47:00,33.7
2025-06-12 18:49:00,1.7
2025-06-12 14:30:00,14.5
2025-06-12 18:03:00,83.9
2025-06-12 10:29:00,2.4
2025-06-12 16:55:00,25.6
2025-06-12 16:49:00,50.09606761356967
2025-06-12 05:02:00,35.8
2025-06-12 22:08:00,50.09606761356967
2025-06-12 19:54:00,14.2
2025-06-12 05:28:00,75.9
2025-06-12 18:24:00,30.4
2025-06-12 20:06:00,24.3
2025-06-12 02:56:00,72.1
2025-06-12 19:34:00,62.5
2025-06-12 08:21:00,8.0
2025-06-12 19:02:00,40.9
2025-06-12 23:43:00,79.9
2025-06-12 06:21:00,50.09606761356967
2025-06-12 12:10:00,70.4
2025-06-12 23:15:00,25.3
2025-06-12 19:49:00,82.1
2025-06-12 03:55:00,3.4
2025-06-12 07:51:00,4.1
2025-06-12 00:41:00,50.09606761356967
2025-06-12 22:31:00,10.5
2025-06-12 14:07:00,50.09606761356967
2025-06-12 06:45:00,98.5
2025-06-12 23:02:00,85.3
2025-06-12 10:17:00,60.4
2025-06-12 00:34:00,51.4
2025-06-12 18:36:00,83.9
2025-06-12 02:36:00,38.8
2025-06-12 06:43:00,70.5
2025-06-12 21:09:00,97.4
2025-06-12 19:47:00,16.7
2025-06-12 06:31:00,2.2
2025-06-12 17:16:00,62.9
2025-06-12 21:56:00,60.2
2025-06-12 01:07:00,50.09606761356967
2025-06-12 09:16:00,57.8
2025-06-12 17:21:00,50.09606761356967
2025-06-12 20:42:00,80.2
2025-06-12 13:18:00,93.2
2025-06-12 07:39:00,50.09606761356967
2025-06-12 17:12:00,50.09606761356967
2025-06-12 05:33:00,78.6
2025-06-12 12:42:00,10.8
2025-06-12 14:06:00,50.09606761356967
2025-06-12 18:31:00,74.4
2025-06-12 15:08:00,25.5
2025-06-12 11:52:00,98.7
2025-06-12 18:11:00,50.09606761356967
2025-06-12 02:51:00,89.6
2025-06-12 15:17:00,92.7
2025-06-12 12:17:00,4.0
2025-06-12 16:53:00,50.09606761356967
2025-06-12 17:19:00,33.0
2025-06-12 16:48:00,78.2
2025-06-12 16:30:00,37.3
2025-06-12 01:01:00,92.6
2025-06-12 06:18:00,35.7
2025-06-12 18:48:00,33.3
2025-06-12 11:48:00,32.1
2025-06-12 22:32:00,17.7
2025-06-12 20:05:00,39.6
2025-06-12 16:26:00,6.3
2025-06-12 17:40:00,22.0
2025-06-12 09:42:00,10.1
2025-06-12 08:05:00,50.09606761356967
2025-06-12 15:04:00,11.1
2025-06-12 15:27:00,74.9
2025-06-12 08:39:00,49.952608030142464
2025-06-12 03:18:00,52.6
2025-06-12 01:15:00,83.6
2025-06-12 08:07:00,7.2
2025-06-12 09:25:00,22.0
2025-06-12 15:34:00,11.1
2025-06-12 13:16:00,91.6
2025-06-12 11:07:00,69.7
2025-06-12 19:58:00,24.3
2025-06-12 15:07:00,24.5
2025-06-12 15:29:00,60.7
2025-06-12 06:33:00,49.952608030142464
2025-06-12 15:50:00,49.952608030142464
2025-06-12 02:47:00,20.4
2025-06-12 12:32:00,98.3
2025-06-12 22:53:00,86.9
2025-06-12 09:15:00,42.9
2025-06-12 06:42:00,60.5
2025-06-12 02:01:00,76.6
2025-06-12 00:44:00,56.1
2025-06-12 09:11:00,20.9
2025-06-12 20:20:00,17.4
2025-06-12 13:21:00,49.952608030142464
2025-06-12 02:23:00,47.8
2025-06-12 07:25:00,49.952608030142464
2025-06-12 19:05:00,11.9
2025-06-12 16:25:00,66.8
2025-06-12 17:12:00,9.3
2025-06-12 03:11:00,42.1
2025-06-12 23:05:00,49.952608030142464
2025-06-12 13:04:00,65.9
2025-06-12 14:41:00,35.0
2025-06-12 15:06:00,95.5
2025-06-12 00:03:00,72.7
2025-06-12 20:02:00,60.8
2025-06-12 20:04:00,54.7
2025-06-12 14:22:00,49.952608030142464
2025-06-12 05:44:00,10.0
2025-06-12 09:46:00,27.4
2025-06-12 09:52:00,67.6
2025-06-12 05:58:00,86.9
2025-06-12 18:42:00,49.952608030142464
2025-06-12 12:39:00,19.2
2025-06-12 12:20:00,51.9
2025-06-12 03:23:00,39.9
2025-06-12 22:03:00,99.1
2025-06-12 05:14:00,49.952608030142464
2025-06-12 20:46:00,16.7
2025-06-12 07:31:00,49.952608030142464
2025-06-12 18:20:00,22.7
2025-06-12 05:17:00,52.2
2025-06-12 12:22:00,49.952608030142464
2025-06-12 11:21:00,49.952608030142464
2025-06-12 18:13:00,62.9
2025-06-12 17:50:00,14.5
2025-06-12 12:49:00,60.3
2025-06-12 19:32:00,61.5
2025-06-12 05:43:00,56.2
2025-06-12 23:28:00,92.7
2025-06-12 23:44:00,75.2
2025-06-12 19:33:00,49.952608030142464
2025-06-12 10:19:00,8.8
2025-06-12 10:56:00,59.8
2025-06-12 07:20:00,94.6
2025-06-12 04:46:00,66.2
2025-06-12 01:22:00,87.2
2025-06-12 09:30:00,5.8
2025-06-12 10:38:00,47.1
2025-06-12 06:31:00,15.1
2025-06-12 19:44:00,22.7
2025-06-12 07:02:00,15.9
2025-06-12 22:19:00,34.8
2025-06-12 08:05:00,69.0
2025-06-12 03:42:00,36.5
2025-06-12 12:45:00,51.3
2025-06-12 07:23:00,91.4
2025-06-12 22:37:00,33.9
2025-06-12 11:31:00,30.0
2025-06-12 06:59:00,10.1
2025-06-12 16:33:00,27.3
2025-06-12 01:40:00,12.7
2025-06-12 18:34:00,81.8
2025-06-12 04:36:00,60.3
2025-06-12 19:00:00,46.0
2025-06-12 13:57:00,59.3
2025-06-12 02:26:00,30.0
2025-06-12 08:56:00,85.3
2025-06-12 10:57:00,65.9
2025-06-12 03:53:00,62.2
2025-06-12 18:55:00,49.952608030142464
2025-06-12 00:04:00,55.3
2025-06-12 16:46:00,24.7
2025-06-12 07:01:00,79.3
2025-06-12 18:15:00,62.2
2025-06-12 08:24:00,17.5
2025-06-12 00:38:00,29.3
2025-06-12 14:01:00,63.3
2025-06-12 10:40:00,26.6
2025-06-12 05:41:00,81.6
2025-06-12 08:13:00,55.9
2025-06-12 06:57:00,95.9
2025-06-12 02:07:00,16.9
2025-06-12 21:24:00,78.1
2025-06-12 13:37:00,32.5
2025-06-12 19:36:00,9.6
2025-06-12 22:20:00,13.8
2025-06-12 15:24:00,49.952608030142464
2025-06-12 09:10:00,87.9
2025-06-12 04:27:00,39.5
2025-06-12 18:36:00,94.1
2025-06-12 14:21:00,62.8
2025-06-12 05:53:00,92.5
2025-06-12 22:47:00,8.5
2025-06-12 14:12:00,77.3
2025-06-12 10:41:00,49.952608030142464
2025-06-12 21:13:00,48.5
2025-06-12 22:46:00,55.5
2025-06-12 19:31:00,76.2
2025-06-12 15:21:00,22.1
2025-06-12 04:26:00,86.0
2025-06-12 09:20:00,54.5
2025-06-12 23:13:00,19.3
2025-06-12 20:47:00,30.5
2025-06-12 09:43:00,24.2
2025-06-12 19:04:00,19.2
2025-06-12 02:36:00,67.2
2025-06-12 08:00:00,85.1
2025-06-12 01:13:00,83.0
2025-06-12 08:51:00,47.0
2025-06-12 10:29:00,26.0
2025-06-12 14:46:00,49.952608030142464
2025-06-12 04:03:00,76.6
2025-06-12 17:00:00,49.952608030142464
2025-06-12 22:27:00,54.7
2025-06-12 03:57:00,31.0
2025-06-12 15:15:00,23.2
2025-06-12 11:34:00,54.5
2025-06-12 02:03:00,20.2
2025-06-12 00:24:00,86.2
2025-06-12 07:00:00,13.0
2025-06-12 08:42:00,49.952608030142464
2025-06-12 02:16:00,9.6
2025-06-12 05:39:00,13.8
2025-06-12 22:42:00,41.6
2025-06-12 18:22:00,88.3
2025-06-12 14:25:00,55.2
2025-06-12 01:18:00,10.6
2025-06-12 04:57:00,92.2
2025-06-12 08:25:00,24.7
2025-06-12 22:59:00,84.6
2025-06-12 05:47:00,7.3
2025-06-12 03:43:00,71.9
2025-06-12 01:02:00,32.1
2025-06-12 23:29:00,32.8
2025-06-12 19:55:00,79.2
2025-06-12 06:18:00,36.4
2025-06-12 17:27:00,96.9
2025-06-12 18:49:00,23.5
2025-06-12 01:36:00,66.1
2025-06-12 15:00:00,15.7
2025-06-12 22:14:00,65.3
2025-06-12 17:54:00,51.9
2025-06-12 18:03:00,68.3
2025-06-12 13:54:00,84.6
2025-06-12 17:35:00,57.9
2025-06-12 17:56:00,15.1
2025-06-12 09:19:00,89.9
2025-06-12 18:08:00,0.9
2025-06-12 18:23:00,3.6
2025-06-12 06:03:00,27.9
2025-06-12 04:50:00,92.1
2025-06-12 19:46:00,1.5
2025-06-12 01:31:00,9.7
2025-06-12 14:17:00,49.952608030142464
2025-06-12 22:40:00,38.0
2025-06-12 04:59:00,69.6
2025-06-12 10:33:00,50.7
2025-06-12 02:45:00,79.3
2025-06-12 04:09:00,93.0
2025-06-12 18:28:00,85.0
2025-06-12 04:30:00,91.7
2025-06-12 20:56:00,82.8
2025-06-12 04:40:00,59.7
2025-06-12 22:45:00,49.952608030142464
2025-06-12 18:46:00,35.0
2025-06-12 18:37:00,58.3
2025-06-12 15:36:00,49.952608030142464
2025-06-12 21:54:00,27.3
2025-06-12 15:14:00,95.1
2025-06-12 09:57:00,83.7
2025-06-12 03:00:00,49.952608030142464
2025-06-12 00:29:00,49.952608030142464
2025-06-12 04:51:00,17.1
2025-06-12 11:44:00,69.0
2025-06-12 11:18:00,58.4
2025-06-12 03:25:00,42.2
2025-06-12 07:41:00,94.8
2025-06-12 22:28:00,66.8
2025-06-12 02:11:00,49.952608030142464
2025-06-12 21:05:00,0.6
2025-06-12 20:36:00,88.9
2025-06-12 17:39:00,87.2
2025-06-12 02:54:00,70.2
2025-06-12 16:29:00,49.952608030142464
2025-06-12 00:58:00,49.952608030142464
2025-06-12 02:08:00,85.1
2025-06-12 19:03:00,48.6
2025-06-12 11:58:00,49.952608030142464
2025-06-12 02:24:00,77.3
2025-06-12 18:59:00,34.5
2025-06-12 15:03:00,88.3
2025-06-12 22:57:00,76.2
2025-06-12 00:05:00,49.952608030142464
2025-06-12 15:44:00,35.7
2025-06-12 11:20:00,25.2
2025-06-12 18:53:00,27.9
2025-06-12 19:47:00,34.1
2025-06-12 12:51:00,27.8
2025-06-12 02:04:00,49.952608030142464
2025-06-12 08:52:00,99.3
2025-06-12 18:27:00,5.0
2025-06-12 22:16:00,49.952608030142464
2025-06-12 20:52:00,49.952608030142464
2025-06-12 01:09:00,87.0
2025-06-12 16:54:00,50.8
2025-06-12 18:39:00,21.5
2025-06-12 22:33:00,42.4
2025-06-12 04:14:00,27.9
2025-06-12 17:01:00,49.952608030142464
2025-06-12 10:05:00,38.2
2025-06-12 19:43:00,49.952608030142464
2025-06-12 02:12:00,4.7
2025-06-12 02:41:00,49.952608030142464
2025-06-12 21:38:00,49.952608030142464
2025-06-12 11:47:00,49.952608030142464
2025-06-12 21:57:00,22.1
2025-06-12 21:09:00,15.5
2025-06-12 08:17:00,6.9
2025-06-12 13:51:00,34.8
2025-06-12 10:32:00,84.7
2025-06-12 16:53:00,95.5
2025-06-12 02:37:00,79.5
2025-06-12 01:30:00,70.2
2025-06-12 15:02:00,0.7
2025-06-12 07:28:00,5.4
2025-06-12 20:35:00,9.6
2025-06-12 05:26:00,10.3
2025-06-12 05:31:00,12.0
2025-06-12 16:07:00,77.6
2025-06-12 04:48:00,10.5
2025-06-12 09:05:00,76.1
2025-06-12 16:24:00,49.952608030142464
2025-06-12 18:56:00,27.2
2025-06-12 10:39:00,85.9
2025-06-12 15:35:00,24.9
2025-06-12 21:25:00,85.1
2025-06-12 00:16:00,5.9
2025-06-12 12:30:00,45.7
2025-06-12 20:19:00,88.0
2025-06-12 12:13:00,49.952608030142464
2025-06-12 17:51:00,84.3
2025-06-12 18:07:00,21.5
2025-06-12 18:48:00,14.2
2025-06-12 20:33:00,3.7
2025-06-12 06:56:00,79.6
2025-06-12 08:22:00,18.7
2025-06-12 02:48:00,20.6
2025-06-12 03:32:00,28.4
2025-06-12 21:18:00,49.952608030142464
2025-06-12 08:14:00,12.2
2025-06-12 03:07:00,47.7
2025-06-12 14:08:00,77.6
2025-06-12 03:52:00,28.1
2025-06-12 03:10:00,61.4
2025-06-12 00:07:00,82.0
2025-06-12 15:39:00,32.9
2025-06-12 09:37:00,97.9
2025-06-12 18:13:00,29.2
2025-06-12 06:41:00,50.21640523646657
2025-06-12 21:30:00,27.3
2025-06-12 16:21:00,50.21640523646657
2025-06-12 17:38:00,50.21640523646657
2025-06-12 17:00:00,40.3
2025-06-12 02:53:00,93.0
2025-06-12 14:21:00,82.4
2025-06-12 05:45:00,29.4
2025-06-12 18:41:00,59.0
2025-06-12 02:41:00,8.2
2025-06-12 19:55:00,64.1
2025-06-12 00:51:00,93.0
2025-06-12 06:36:00,90.5
2025-06-12 21:20:00,26.0
2025-06-12 15:23:00,76.1
2025-06-12 16:55:00,78.8
2025-06-12 21:42:00,69.5
2025-06-12 15:24:00,18.9
2025-06-12 00:19:00,38.3
2025-06-12 15:47:00,7.8
2025-06-12 13:26:00,55.6
2025-06-12 22:17:00,66.5
2025-06-12 04:26:00,18.8
2025-06-12 00:22:00,91.0
2025-06-12 18:10:00,93.6
2025-06-12 22:14:00,50.21640523646657
2025-06-12 15:50:00,50.21640523646657
2025-06-12 21:34:00,92.1
2025-06-12 21:37:00,97.7
2025-06-12 01:38:00,1.4
2025-06-12 01:51:00,36.8
2025-06-12 18:21:00,16.4
2025-06-12 04:32:00,50.21640523646657
2025-06-12 21:55:00,82.9
2025-06-12 04:27:00,76.5
2025-06-12 00:58:00,34.2
2025-06-12 20:08:00,94.4
2025-06-12 20:11:00,50.21640523646657
2025-06-12 10:52:00,80.4
2025-06-12 09:55:00,50.21640523646657
2025-06-12 03:00:00,97.9
2025-06-12 13:29:00,86.4
2025-06-12 00:38:00,76.4
2025-06-12 10:04:00,50.21640523646657
2025-06-12 23:37:00,99.2
2025-06-12 18:39:00,68.1
2025-06-12 20:52:00,4.6
2025-06-12 02:12:00,36.9
2025-06-12 14:03:00,50.21640523646657
2025-06-12 11:03:00,77.8
2025-06-12 08:17:00,11.2
2025-06-12 19:42:00,91.1
2025-06-12 14:37:00,9.6
2025-06-12 13:35:00,50.21640523646657
2025-06-12 06:20:00,26.5
2025-06-12 23:09:00,44.6
2025-06-12 05:23:00,34.4
2025-06-12 03:08:00,36.1
2025-06-12 11:11:00,50.21640523646657
2025-06-12 23:30:00,40.3
2025-06-12 07:41:00,19.0
2025-06-12 15:38:00,52.7
2025-06-12 00:31:00,66.7
2025-06-12 14:33:00,83.1
2025-06-12 03:07:00,16.8
2025-06-12 12:40:00,41.1
2025-06-12 12:20:00,50.21640523646657
2025-06-12 22:13:00,17.1
2025-06-12 08:07:00,55.2
2025-06-12 14:25:00,9.4
2025-06-12 03:19:00,50.21640523646657
2025-06-12 01:02:00,50.21640523646657
2025-06-12 01:10:00,26.8
2025-06-12 11:36:00,50.21640523646657
2025-06-12 23:16:00,70.2
2025-06-12 23:32:00,60.0
2025-06-12 00:03:00,64.0
2025-06-12 00:27:00,31.5
2025-06-12 06:08:00,75.9
2025-06-12 22:53:00,71.5
2025-06-12 09:42:00,92.7
2025-06-12 10:29:00,35.2
2025-06-12 08:24:00,40.8
2025-06-12 22:18:00,46.6
2025-06-12 05:12:00,81.1
2025-06-12 03:14:00,75.1
2025-06-12 23:17:00,50.21640523646657
2025-06-12 21:41:00,50.21640523646657
2025-06-12 11:58:00,50.21640523646657
2025-06-12 19:00:00,54.8
2025-06-12 11:12:00,30.2
2025-06-12 13:36:00,18.8
2025-06-12 18:12:00,13.4
2025-06-12 03:39:00,50.21640523646657
2025-06-12 12:21:00,51.6
2025-06-12 06:59:00,11.9
2025-06-12 06:21:00,30.9
2025-06-12 03:18:00,97.4
2025-06-12 17:18:00,81.8
2025-06-12 19:16:00,70.3
2025-06-12 21:24:00,98.3
2025-06-12 22:51:00,24.6
2025-06-12 10:55:00,30.8
2025-06-12 19:03:00,57.0
2025-06-12 02:03:00,40.0
2025-06-12 16:41:00,30.6
2025-06-12 01:20:00,21.5
2025-06-12 05:14:00,90.3
2025-06-12 13:12:00,23.5
2025-06-12 19:39:00,72.9
2025-06-12 06:28:00,50.21640523646657
2025-06-12 15:54:00,44.3
2025-06-12 16:17:00,60.4
2025-06-12 19:23:00,0.1
2025-06-12 19:25:00,28.9
2025-06-12 16:43:00,50.21640523646657
2025-06-12 11:49:00,36.1
2025-06-12 09:50:00,50.21640523646657
2025-06-12 00:33:00,68.0
2025-06-12 05:09:00,50.21640523646657
2025-06-12 16:48:00,36.0
2025-06-12 18:52:00,97.5
2025-06-12 08:28:00,76.1
2025-06-12 08:09:00,14.6
2025-06-12 11:13:00,10.1
2025-06-12 13:51:00,11.9
2025-06-12 16:53:00,91.6
2025-06-12 01:59:00,56.1
2025-06-12 03:09:00,67.4
2025-06-12 07:36:00,50.21640523646657
2025-06-12 14:12:00,47.6
2025-06-12 11:33:00,12.8
2025-06-12 07:01:00,50.21640523646657
2025-06-12 17:01:00,84.1
2025-06-12 00:05:00,50.21640523646657
2025-06-12 20:21:00,81.4
2025-06-12 08:46:00,94.7
2025-06-12 10:36:00,50.21640523646657
2025-06-12 04:52:00,50.21640523646657
2025-06-12 14:48:00,71.5
2025-06-12 02:17:00,89.6
2025-06-12 16:37:00,51.8
2025-06-12 12:54:00,63.7
2025-06-12 12:04:00,50.21640523646657
2025-06-12 06:46:00,82.2
2025-06-12 13:33:00,59.0
2025-06-12 21:48:00,33.4
2025-06-12 16:27:00,76.2
2025-06-12 03:41:00,27.6
2025-06-12 17:09:00,88.9
2025-06-12 21:18:00,37.4
2025-06-12 16:22:00,61.0
2025-06-12 06:56:00,40.9
2025-06-12 00:30:00,2.6
2025-06-12 14:36:00,82.3
2025-06-12 23:36:00,79.7
2025-06-12 21:16:00,26.5
2025-06-12 08:58:00,50.21640523646657
2025-06-12 22:41:00,58.8
2025-06-12 07:07:00,60.3
2025-06-12 19:11:00,65.2
2025-06-12 06:13:00,50.21640523646657
2025-06-12 03:13:00,24.0
2025-06-12 16:26:00,67.6
2025-06-12 17:46:00,9.4
2025-06-12 04:17:00,22.8
2025-06-12 01:21:00,45.0
2025-06-12 11:07:00,2.1
2025-06-12 01:45:00,42.1
2025-06-12 07:48:00,7.3
2025-06-12 01:32:00,50.21640523646657
2025-06-12 20:31:00,17.7
2025-06-12 05:32:00,13.6
2025-06-12 15:44:00,50.6
2025-06-12 23:27:00,62.6
2025-06-12 09:03:00,97.6
2025-06-12 21:44:00,75.4
2025-06-12 05:44:00,83.1
2025-06-12 02:02:00,96.9
2025-06-12 22:26:00,6.0
2025-06-12 17:58:00,5.8
2025-06-12 03:55:00,24.5
2025-06-12 10:47:00,50.21640523646657
2025-06-12 17:45:00,50.21640523646657
2025-06-12 19:50:00,50.21640523646657
2025-06-12 04:11:00,87.0
2025-06-12 19:35:00,64.1
2025-06-12 09:14:00,38.3
2025-06-12 06:57:00,46.0
2025-06-12 12:24:00,3.6
2025-06-12 05:58:00,24.2
2025-06-12 02:00:00,34.7
2025-06-12 21:52:00,48.9
2025-06-12 15:22:00,72.1
2025-06-12 19:45:00,16.0
2025-06-12 07:57:00,64.3
2025-06-12 08:05:00,78.1
2025-06-12 09:01:00,50.21640523646657
2025-06-12 12:46:00,54.4
2025-06-12 15:30:00,11.4
2025-06-12 18:08:00,85.2
2025-06-12 01:37:00,46.6
2025-06-12 03:35:00,60.1
2025-06-12 09:02:00,18.6
2025-06-12 01:35:00,70.8
2025-06-12 02:52:00,5.4
2025-06-12 23:19:00,31.5
2025-06-12 20:59:00,58.1
2025-06-12 19:36:00,42.8
2025-06-12 01:07:00,46.9
2025-06-12 17:24:00,3.7
2025-06-12 10:31:00,9.8
2025-06-12 05:02:00,98.3
2025-06-12 21:49:00,12.0
2025-06-12 15:29:00,81.3
2025-06-12 03:24:00,97.6
2025-06-12 07:16:00,22.4
2025-06-12 14:34:00,31.6
2025-06-12 19:01:00,50.21640523646657
2025-06-12 21:21:00,76.2
2025-06-12 15:10:00,4.5
2025-06-12 15:59:00,63.9
2025-06-12 13:19:00,41.1
2025-06-12 13:41:00,40.1
2025-06-12 07:09:00,50.21640523646657
2025-06-12 03:56:00,90.4
2025-06-12 02:45:00,99.2
2025-06-12 07:46:00,50.21640523646657
2025-06-12 08:29:00,50.21640523646657
2025-06-12 23:08:00,78.6
2025-06-12 16:09:00,85.4
2025-06-12 11:16:00,32.4
2025-06-12 04:48:00,50.21640523646657
2025-06-12 09:48:00,28.0
2025-06-12 03:21:00,55.7
2025-06-12 04:25:00,50.21640523646657
2025-06-12 07:03:00,93.4
2025-06-12 21:22:00,86.8
2025-06-12 09:13:00,96.3
2025-06-12 16:56:00,30.3
2025-06-12 21:59:00,19.1
2025-06-12 22:09:00,50.21640523646657
2025-06-12 22:23:00,77.9
2025-06-12 12:06:00,50.21640523646657
2025-06-12 07:28:00,25.0
2025-06-12 13:52:00,80.2
2025-06-12 00:52:00,32.2
2025-06-12 22:42:00,54.1
2025-06-12 17:20:00,3.4
2025-06-12 17:56:00,51.7
2025-06-12 08:12:00,50.21640523646657
2025-06-12 21:15:00,91.0
2025-06-12 09:52:00,19.6
2025-06-12 23:41:00,50.9
2025-06-12 05:10:00,87.8
2025-06-12 00:44:00,50.21640523646657
2025-06-12 12:48:00,60.1
2025-06-12 11:56:00,34.5
2025-06-12 12:01:00,70.1
2025-06-12 20:51:00,54.3
2025-06-12 08:59:00,61.1
2025-06-12 20:46:00,71.7
2025-06-12 14:13:00,46.5
2025-06-12 17:22:00,92.7
2025-06-12 09:33:00,81.4
2025-06-12 17:53:00,76.0
2025-06-12 17:39:00,92.6
2025-06-12 20:24:00,40.5
2025-06-12 19:59:00,79.2
2025-06-12 23:42:00,45.0
2025-06-12 18:16:00,17.0
2025-06-12 01:52:00,42.6
2025-06-12 10:23:00,42.7
2025-06-12 06:23:00,21.0
2025-06-12 06:12:00,56.1
2025-06-12 19:51:00,50.21640523646657
2025-06-12 22:44:00,50.21640523646657
2025-06-12 04:33:00,46.2
2025-06-12 18:47:00,91.5
2025-06-12 23:52:00,34.9
2025-06-12 00:35:00,90.2
2025-06-12 16:24:00,28.1
2025-06-12 02:56:00,22.1
2025-06-12 01:47:00,13.3
2025-06-12 01:26:00,92.2
2025-06-12 10:01:00,66.6
2025-06-12 18:56:00,4.9
2025-06-12 18:38:00,62.5
2025-06-12 10:11:00,39.0
2025-06-12 13:39:00,50.21640523646657
2025-06-12 00:40:00,14.7
2025-06-12 15:27:00,56.6
2025-06-12 22:00:00,66.8
2025-06-12 09:36:00,92.5
2025-06-12 02:40:00,22.3
2025-06-12 06:49:00,61.0
2025-06-12 11:17:00,59.7
2025-06-12 23:18:00,32.0
2025-06-12 18:42:00,3.4
2025-06-12 09:45:00,63.7
2025-06-12 21:31:00,8.0
2025-06-12 02:22:00,90.9
2025-06-12 15:16:00,49.70408187272085
2025-06-12 21:16:00,98.2
2025-06-12 14:06:00,93.2
2025-06-12 08:28:00,77.3
2025-06-12 04:54:00,31.3
2025-06-12 02:49:00,19.7
2025-06-12 02:08:00,49.70408187272085
2025-06-12 00:32:00,22.6
2025-06-12 04:47:00,80.3
2025-06-12 13:18:00,44.9
2025-06-12 15:06:00,79.1
2025-06-12 04:15:00,66.0
2025-06-12 23:13:00,72.8
2025-06-12 05:30:00,94.4
2025-06-12 13:56:00,80.3
2025-06-12 17:18:00,57.9
2025-06-12 10:58:00,56.4
2025-06-12 06:52:00,49.70408187272085
2025-06-12 16:32:00,49.9
2025-06-12 22:23:00,97.5
2025-06-12 19:41:00,55.6
2025-06-12 21:41:00,49.70408187272085
2025-06-12 10:55:00,3.9
2025-06-12 14:40:00,46.0
2025-06-12 18:35:00,8.8
2025-06-12 14:10:00,77.6
2025-06-12 20:28:00,58.3
2025-06-12 11:02:00,72.7
2025-06-12 03:31:00,64.3
2025-06-12 07:37:00,49.70408187272085
2025-06-12 23:02:00,10.4
2025-06-12 08:04:00,75.1
2025-06-12 10:51:00,70.3
2025-06-12 21:18:00,9.5
2025-06-12 15:48:00,60.5
2025-06-12 10:26:00,49.70408187272085
2025-06-12 19:24:00,97.1
2025-06-12 20:58:00,49.70408187272085
2025-06-12 21:56:00,43.9
2025-06-12 20:21:00,32.1
2025-06-12 03:42:00,31.1
2025-06-12 15:10:00,29.0
2025-06-12 21:22:00,32.2
2025-06-12 03:06:00,49.70408187272085
2025-06-12 04:00:00,4.4
2025-06-12 08:37:00,20.5
2025-06-12 12:57:00,51.7
2025-06-12 19:53:00,24.5
2025-06-12 03:50:00,56.0
2025-06-12 04:56:00,9.8
2025-06-12 05:53:00,76.7
2025-06-12 19:29:00,49.3
2025-06-12 16:24:00,82.9
2025-06-12 09:39:00,92.2
2025-06-12 10:41:00,49.70408187272085
2025-06-12 05:19:00,46.1
2025-06-12 19:59:00,78.5
2025-06-12 14:12:00,49.70408187272085
2025-06-12 14:16:00,78.4
2025-06-12 02:40:00,49.70408187272085
2025-06-12 00:46:00,56.2
2025-06-12 22:31:00,96.1
2025-06-12 05:08:00,19.7
2025-06-12 04:01:00,14.7
2025-06-12 15:30:00,36.8
2025-06-12 02:38:00,55.1
2025-06-12 20:17:00,96.1
2025-06-12 02:59:00,86.0
2025-06-12 09:46:00,94.7
2025-06-12 14:22:00,46.8
2025-06-12 01:07:00,50.0
2025-06-12 00:37:00,49.70408187272085
2025-06-12 12:53:00,10.3
2025-06-12 23:46:00,47.9
2025-06-12 13:05:00,0.6
2025-06-12 18:19:00,35.1
2025-06-12 04:57:00,22.2
2025-06-12 04:31:00,42.4
2025-06-12 20:25:00,73.7
2025-06-12 23:05:00,89.1
2025-06-12 07:12:00,71.3
2025-06-12 03:20:00,43.0
2025-06-12 18:00:00,91.4
2025-06-12 22:17:00,58.8
2025-06-12 14:43:00,49.70408187272085
2025-06-12 23:40:00,26.7
2025-06-12 05:54:00,8.3
2025-06-12 03:24:00,64.3
2025-06-12 17:29:00,49.70408187272085
2025-06-12 12:54:00,64.8
2025-06-12 13:22:00,49.70408187272085
2025-06-12 21:49:00,64.6
2025-06-12 06:05:00,65.6
2025-06-12 03:29:00,49.70408187272085
2025-06-12 23:21:00,49.70408187272085
2025-06-12 05:05:00,81.4
2025-06-12 23:25:00,27.7
2025-06-12 13:52:00,35.1
2025-06-12 06:40:00,61.2
2025-06-12 21:51:00,56.7
2025-06-12 17:22:00,47.0
2025-06-12 13:36:00,31.3
2025-06-12 21:29:00,28.8
2025-06-12 20:36:00,48.0
2025-06-12 12:16:00,3.0
2025-06-12 21:08:00,78.2
2025-06-12 12:50:00,81.0
2025-06-12 14:27:00,97.6
2025-06-12 04:40:00,77.5
2025-06-12 13:33:00,54.3
2025-06-12 20:07:00,17.5
2025-06-12 16:37:00,72.9
2025-06-12 18:32:00,88.4
2025-06-12 20:13:00,49.70408187272085
2025-06-12 00:56:00,0.5
2025-06-12 07:39:00,35.1
2025-06-12 03:16:00,56.8
2025-06-12 12:10:00,90.3
2025-06-12 22:56:00,49.70408187272085
2025-06-12 03:47:00,49.70408187272085
2025-06-12 20:01:00,23.8
2025-06-12 19:13:00,87.9
2025-06-12 06:41:00,49.70408187272085
2025-06-12 03:26:00,67.9
2025-06-12 22:48:00,50.6
2025-06-12 15:32:00,61.3
2025-06-12 08:15:00,74.5
2025-06-12 21:54:00,19.6
2025-06-12 04:14:00,91.0
2025-06-12 21:58:00,49.70408187272085
2025-06-12 23:35:00,49.70408187272085
2025-06-12 20:16:00,12.5
2025-06-12 03:59:00,19.3
2025-06-12 08:26:00,49.70408187272085
2025-06-12 03:12:00,47.3
2025-06-12 14:11:00,61.5
2025-06-12 13:04:00,5.3
2025-06-12 22:33:00,50.6
2025-06-12 01:05:00,82.6
2025-06-12 09:04:00,66.8
2025-06-12 12:52:00,49.70408187272085
2025-06-12 18:16:00,47.9
2025-06-12 03:44:00,63.8
2025-06-12 13:35:00,34.9
2025-06-12 15:23:00,86.2
2025-06-12 15:27:00,41.1
2025-06-12 02:03:00,0.8
2025-06-12 07:09:00,56.8
2025-06-12 10:09:00,31.1
2025-06-12 10:18:00,50.3
2025-06-12 06:21:00,96.0
2025-06-12 19:23:00,43.7
2025-06-12 15:29:00,49.70408187272085
2025-06-12 00:45:00,49.70408187272085
2025-06-12 04:48:00,24.9
2025-06-12 07:44:00,9.7
2025-06-12 05:52:00,31.8
2025-06-12 23:14:00,2.6
2025-06-12 04:24:00,49.70408187272085
2025-06-12 05:18:00,54.7
2025-06-12 05:07:00,76.4
2025-06-12 03:37:00,49.6
2025-06-12 13:47:00,63.6
2025-06-12 18:36:00,67.8
2025-06-12 06:29:00,56.0
2025-06-12 04:06:00,91.1
2025-06-12 03:49:00,61.9
2025-06-12 17:36:00,18.7
2025-06-12 00:59:00,77.3
2025-06-12 11:20:00,58.7
2025-06-12 07:11:00,29.1
2025-06-12 06:04:00,56.9
2025-06-12 22:18:00,13.5
2025-06-12 22:26:00,24.6
2025-06-12 01:58:00,49.70408187272085
2025-06-12 03:51:00,34.0
2025-06-12 22:44:00,2.6
2025-06-12 23:52:00,20.7
2025-06-12 05:09:00,1.9
2025-06-12 12:44:00,82.4
2025-06-12 01:53:00,10.7
2025-06-12 04:23:00,49.70408187272085
2025-06-12 05:33:00,61.2
2025-06-12 13:14:00,3.2
2025-06-12 22:50:00,49.70408187272085
2025-06-12 06:23:00,90.1
2025-06-12 07:21:00,4.5
2025-06-12 11:15:00,49.70408187272085
2025-06-12 20:48:00,19.9
2025-06-12 19:43:00,49.70408187272085
2025-06-12 07:50:00,25.2
2025-06-12 17:39:00,27.3
2025-06-12 06:22:00,16.6
2025-06-12 17:21:00,39.7
2025-06-12 06:31:00,34.8
2025-06-12 08:57:00,87.2
2025-06-12 20:20:00,49.70408187272085
2025-06-12 14:58:00,37.2
2025-06-12 16:14:00,34.2
2025-06-12 09:07:00,6.8
2025-06-12 06:59:00,88.6
2025-06-12 01:45:00,49.70408187272085
2025-06-12 17:25:00,33.1
2025-06-12 06:12:00,49.70408187272085
2025-06-12 12:40:00,70.5
2025-06-12 17:17:00,85.6
2025-06-12 18:51:00,13.3
2025-06-12 08:29:00,49.70408187272085
2025-06-12 08:16:00,26.0
2025-06-12 18:38:00,8.8
2025-06-12 12:34:00,42.8
2025-06-12 11:57:00,73.4
2025-06-12 10:21:00,60.0
2025-06-12 01:20:00,28.4
2025-06-12 00:03:00,89.4
2025-06-12 03:35:00,76.9
2025-06-12 18:15:00,58.6
2025-06-12 20:59:00,59.1
2025-06-12 17:52:00,22.7
2025-06-12 18:47:00,7.3
2025-06-12 02:54:00,33.2
2025-06-12 17:04:00,28.8
2025-06-12 17:43:00,49.70408187272085
2025-06-12 23:36:00,64.3
2025-06-12 05:14:00,14.8
2025-06-12 00:12:00,35.8
2025-06-12 00:14:00,49.70408187272085
2025-06-12 01:50:00,18.1
2025-06-12 03:25:00,19.0
2025-06-12 15:55:00,6.2
2025-06-12 11:51:00,10.1
2025-06-12 13:17:00,47.4
2025-06-12 04:35:00,53.5
2025-06-12 01:48:00,83.2
2025-06-12 11:44:00,16.9
2025-06-12 22:38:00,2.4
2025-06-12 12:00:00,27.3
2025-06-12 06:03:00,75.6
2025-06-12 19:15:00,49.70408187272085
2025-06-12 01:10:00,49.70408187272085
2025-06-12 16:01:00,13.1
2025-06-12 10:06:00,22.5
2025-06-12 13:29:00,40.6
2025-06-12 04:28:00,3.8
2025-06-12 17:45:00,51.3
2025-06-12 14:57:00,26.1
2025-06-12 21:26:00,7.9
2025-06-12 07:41:00,49.70408187272085
2025-06-12 16:38:00,79.6
2025-06-12 03:23:00,49.70408187272085
2025-06-12 15:34:00,4.9
2025-06-12 02:13:00,73.2
2025-06-12 18:25:00,0.2
2025-06-12 18:58:00,15.7
2025-06-12 09:55:00,85.3
2025-06-12 00:30:00,33.3
2025-06-12 04:43:00,55.9
2025-06-12 16:26:00,68.9
2025-06-12 12:36:00,87.1
2025-06-12 16:55:00,92.2
2025-06-12 22:08:00,92.3
2025-06-12 08:08:00,15.3
2025-06-12 06:01:00,94.4
2025-06-12 08:19:00,55.7
2025-06-12 18:43:00,69.1
2025-06-12 08:56:00,84.0
2025-06-12 08:48:00,91.0
2025-06-12 04:37:00,1.6
2025-06-12 04:30:00,55.7
2025-06-12 01:17:00,49.70408187272085
2025-06-12 06:57:00,88.9
2025-06-12 16:36:00,8.8
2025-06-12 00:40:00,56.4
2025-06-12 16:35:00,13.9
2025-06-12 22:21:00,23.8
2025-06-12 22:35:00,14.9
2025-06-12 04:51:00,39.6
2025-06-12 14:04:00,49.3
2025-06-12 16:16:00,49.70408187272085
2025-06-12 16:54:00,59.6
2025-06-12 17:31:00,4.2
2025-06-12 02:50:00,9.9
2025-06-12 13:39:00,49.70408187272085
2025-06-12 14:14:00,4.8
2025-06-12 08:32:00,59.4
2025-06-12 03:14:00,58.1
2025-06-12 17:35:00,50.4
2025-06-12 22:42:00,15.6
2025-06-12 18:37:00,6.2
2025-06-12 20:34:00,59.0
2025-06-12 22:40:00,38.4
2025-06-12 14:18:00,58.7
2025-06-12 08:41:00,85.8
2025-06-12 00:35:00,85.6
2025-06-12 09:40:00,15.3
2025-06-12 23:08:00,14.1
2025-06-12 07:05:00,32.2
2025-06-12 15:41:00,98.8
2025-06-12 22:03:00,62.3
2025-06-12 02:46:00,50.1110094970102
2025-06-12 16:43:00,50.1110094970102
2025-06-12 13:37:00,64.2
2025-06-12 19:28:00,50.1110094970102
2025-06-12 15:35:00,77.9
2025-06-12 08:56:00,83.3
2025-06-12 02:19:00,67.8
2025-06-12 01:07:00,17.3
2025-06-12 13:45:00,73.5
2025-06-12 09:56:00,85.6
2025-06-12 19:25:00,82.4
2025-06-12 04:16:00,24.0
2025-06-12 09:21:00,68.8
2025-06-12 19:13:00,9.4
2025-06-12 06:48:00,47.8
2025-06-12 09:04:00,50.1110094970102
2025-06-12 23:47:00,99.5
2025-06-12 09:07:00,52.3
2025-06-12 17:24:00,94.4
2025-06-12 14:16:00,81.0
2025-06-12 02:12:00,19.3
2025-06-12 19:54:00,3.5
2025-06-12 21:21:00,32.3
2025-06-12 07:37:00,50.1110094970102
2025-06-12 16:17:00,16.4
2025-06-12 11:11:00,68.0
2025-06-12 13:36:00,58.4
2025-06-12 22:42:00,92.1
2025-06-12 02:16:00,1.6
2025-06-12 09:53:00,80.8
2025-06-12 09:29:00,27.4
2025-06-12 21:54:00,99.2
2025-06-12 08:02:00,93.1
2025-06-12 01:53:00,94.2
2025-06-12 04:57:00,50.1110094970102
2025-06-12 14:47:00,50.1110094970102
2025-06-12 03:47:00,25.6
2025-06-12 10:31:00,87.9
2025-06-12 08:23:00,50.1110094970102
2025-06-12 21:32:00,47.1
2025-06-12 06:53:00,35.8
2025-06-12 08:58:00,40.1
2025-06-12 03:44:00,50.1110094970102
2025-06-12 23:22:00,41.0
2025-06-12 00:38:00,21.1
2025-06-12 20:53:00,99.1
2025-06-12 05:31:00,50.1110094970102
2025-06-12 04:04:00,34.8
2025-06-12 12:30:00,61.3
2025-06-12 08:53:00,35.0
2025-06-12 12:54:00,78.8
2025-06-12 12:06:00,18.2
2025-06-12 10:09:00,94.1
2025-06-12 16:31:00,12.2
2025-06-12 18:42:00,50.1110094970102
2025-06-12 01:47:00,50.1110094970102
2025-06-12 03:49:00,58.0
2025-06-12 19:31:00,59.0
2025-06-12 15:03:00,52.4
2025-06-12 20:19:00,86.4
2025-06-12 18:16:00,15.5
2025-06-12 12:29:00,4.5
2025-06-12 13:06:00,35.3
2025-06-12 23:02:00,50.1110094970102
2025-06-12 19:48:00,81.9
2025-06-12 14:39:00,92.1
2025-06-12 00:37:00,41.0
2025-06-12 00:40:00,41.6
2025-06-12 16:30:00,33.7
2025-06-12 06:06:00,50.1110094970102
2025-06-12 16:07:00,37.1
2025-06-12 15:55:00,21.8
2025-06-12 01:40:00,60.2
2025-06-12 18:41:00,74.0
2025-06-12 14:30:00,30.1
2025-06-12 12:43:00,50.1110094970102
2025-06-12 09:57:00,24.0
2025-06-12 11:00:00,26.0
2025-06-12 11:12:00,50.1110094970102
2025-06-12 02:37:00,78.5
2025-06-12 08:51:00,23.8
2025-06-12 14:35:00,93.8
2025-06-12 12:24:00,75.4
2025-06-12 06:34:00,62.4
2025-06-12 14:09:00,79.6
2025-06-12 23:13:00,50.1110094970102
2025-06-12 12:49:00,61.8
2025-06-12 13:04:00,85.7
2025-06-12 23:59:00,31.5
2025-06-12 00:11:00,95.6
2025-06-12 01:39:00,17.6
2025-06-12 01:10:00,14.7
2025-06-12 10:59:00,50.1110094970102
2025-06-12 09:08:00,74.0
2025-06-12 10:00:00,10.8
2025-06-12 10:14:00,17.9
2025-06-12 04:32:00,27.9
2025-06-12 09:02:00,81.6
2025-06-12 14:32:00,69.2
2025-06-12 08:59:00,60.8
2025-06-12 11:51:00,52.7
2025-06-12 09:41:00,76.2
2025-06-12 00:03:00,21.9
2025-06-12 05:02:00,11.0
2025-06-12 19:12:00,93.4
2025-06-12 14:04:00,50.1110094970102
2025-06-12 15:59:00,21.8
2025-06-12 09:24:00,84.0
2025-06-12 11:33:00,84.7
2025-06-12 03:46:00,62.5
2025-06-12 11:42:00,99.8
2025-06-12 00:13:00,13.4
2025-06-12 17:47:00,14.9
2025-06-12 11:52:00,29.7
2025-06-12 12:57:00,78.3
2025-06-12 15:18:00,94.4
2025-06-12 23:26:00,6.2
2025-06-12 07:08:00,90.3
2025-06-12 14:10:00,93.0
2025-06-12 13:55:00,31.4
2025-06-12 17:46:00,15.6
2025-06-12 11:39:00,50.1110094970102
2025-06-12 02:20:00,3.3
2025-06-12 02:31:00,81.9
2025-06-12 21:11:00,36.5
2025-06-12 07:43:00,69.8
2025-06-12 12:05:00,44.1
2025-06-12 15:21:00,15.8
2025-06-12 23:09:00,7.3
2025-06-12 12:19:00,77.2
2025-06-12 21:56:00,59.1
2025-06-12 14:06:00,88.3
2025-06-12 02:39:00,0.4
2025-06-12 08:07:00,77.3
2025-06-12 01:31:00,50.1110094970102
2025-06-12 00:56:00,35.7
2025-06-12 09:17:00,50.1110094970102
2025-06-12 08:20:00,70.5
2025-06-12 18:28:00,40.9
2025-06-12 11:48:00,21.3
2025-06-12 23:37:00,35.1
2025-06-12 20:36:00,1.8
2025-06-12 14:52:00,50.1110094970102
2025-06-12 20:46:00,61.0
2025-06-12 09:03:00,68.8
2025-06-12 12:01:00,54.3
2025-06-12 01:43:00,38.1
2025-06-12 06:30:00,58.9
2025-06-12 00:29:00,50.1110094970102
2025-06-12 09:28:00,83.0
2025-06-12 07:42:00,50.1110094970102
2025-06-12 23:11:00,41.1
2025-06-12 23:39:00,77.4
2025-06-12 12:58:00,76.5
2025-06-12 01:28:00,63.3
2025-06-12 23:29:00,50.1110094970102
2025-06-12 23:15:00,74.0
2025-06-12 11:53:00,31.4
2025-06-12 02:01:00,10.2
2025-06-12 04:13:00,69.4
2025-06-12 01:27:00,73.9
2025-06-12 03:29:00,50.4
2025-06-12 21:04:00,25.0
2025-06-12 22:20:00,14.8
2025-06-12 08:41:00,66.5
2025-06-12 05:51:00,94.7
2025-06-12 05:28:00,40.7
2025-06-12 12:03:00,47.4
2025-06-12 12:08:00,21.9
2025-06-12 18:18:00,93.8
2025-06-12 21:46:00,74.8
2025-06-12 13:54:00,22.4
2025-06-12 15:56:00,25.8
2025-06-12 06:43:00,50.1110094970102
2025-06-12 10:19:00,40.9
2025-06-12 21:26:00,38.4
2025-06-12 15:49:00,50.1110094970102
2025-06-12 03:42:00,70.7
2025-06-12 11:13:00,21.1
2025-06-12 16:45:00,39.4
2025-06-12 14:38:00,70.1
2025-06-12 15:34:00,62.8
2025-06-12 10:21:00,49.3
2025-06-12 07:24:00,48.1
2025-06-12 23:40:00,62.2
2025-06-12 08:18:00,67.8
2025-06-12 08:43:00,4.5
2025-06-12 03:05:00,45.3
2025-06-12 00:44:00,7.6
2025-06-12 03:37:00,42.2
2025-06-12 22:26:00,97.4
2025-06-12 10:18:00,66.8
2025-06-12 22:13:00,27.9
2025-06-12 23:28:00,28.0
2025-06-12 04:56:00,19.1
2025-06-12 16:21:00,14.5
2025-06-12 23:36:00,50.1110094970102
2025-06-12 16:06:00,40.5
2025-06-12 08:19:00,24.5
2025-06-12 02:21:00,0.4
2025-06-12 10:10:00,94.4
2025-06-12 23:53:00,29.2
2025-06-12 18:20:00,61.5
2025-06-12 12:48:00,79.4
2025-06-12 15:12:00,50.1110094970102
2025-06-12 21:42:00,15.8
2025-06-12 03:32:00,97.4
2025-06-12 00:23:00,72.6
2025-06-12 13:12:00,4.7
2025-06-12 06:12:00,11.5
2025-06-12 03:31:00,86.8
2025-06-12 11:15:00,94.7
2025-06-12 09:23:00,81.0
2025-06-12 10:38:00,69.1
2025-06-12 11:46:00,50.1110094970102
2025-06-12 10:13:00,73.9
2025-06-12 05:50:00,17.4
2025-06-12 14:57:00,50.1110094970102
2025-06-12 14:36:00,16.7
2025-06-12 17:58:00,46.3
2025-06-12 09:11:00,50.1110094970102
2025-06-12 12:20:00,17.7
2025-06-12 09:22:00,26.2
2025-06-12 14:50:00,42.8
2025-06-12 04:54:00,38.5
2025-06-12 14:58:00,37.0
2025-06-12 16:47:00,69.4
2025-06-12 17:02:00,50.1110094970102
2025-06-12 20:00:00,47.9
2025-06-12 13:38:00,50.1110094970102
2025-06-12 14:28:00,71.0
2025-06-12 02:47:00,40.6
2025-06-12 16:34:00,6.7
2025-06-12 19:07:00,50.1110094970102
2025-06-12 23:03:00,12.0
2025-06-12 08:08:00,18.6
2025-06-12 11:59:00,86.4
2025-06-12 16:20:00,81.3
2025-06-12 17:34:00,50.1110094970102
2025-06-12 10:08:00,48.0
2025-06-12 00:21:00,97.4
2025-06-12 06:25:00,13.2
2025-06-12 19:24:00,71.0
2025-06-12 13:44:00,28.2
2025-06-12 04:48:00,64.7
2025-06-12 22:47:00,49.0
2025-06-12 16:32:00,50.1110094970102
2025-06-12 02:18:00,32.5
2025-06-12 16:22:00,40.8
2025-06-12 18:47:00,19.2
2025-06-12 12:25:00,50.1110094970102
2025-06-12 03:56:00,2.5
2025-06-12 06:39:00,50.1110094970102
2025-06-12 21:12:00,89.1
2025-06-12 14:59:00,46.9
2025-06-12 04:12:00,50.1110094970102
2025-06-12 09:37:00,51.2
2025-06-12 20:49:00,40.7
2025-06-12 05:10:00,47.5
2025-06-12 21:51:00,50.1110094970102
2025-06-12 22:58:00,20.8
2025-06-12 23:00:00,50.0
2025-06-12 01:41:00,51.8
2025-06-12 17:26:00,99.8
2025-06-12 15:17:00,1.1
2025-06-12 09:39:00,41.8
2025-06-12 10:50:00,36.2
2025-06-12 16:44:00,87.4
2025-06-12 18:01:00,82.9
2025-06-12 05:33:00,34.5
2025-06-12 02:53:00,99.5
2025-06-12 17:40:00,7.6
2025-06-12 16:58:00,61.5
2025-06-12 06:40:00,50.1110094970102
2025-06-12 05:59:00,12.2
2025-06-12 00:53:00,88.9
2025-06-12 02:33:00,64.0
2025-06-12 01:19:00,0.9
2025-06-12 20:21:00,97.0
2025-06-12 15:40:00,55.7
2025-06-12 11:50:00,50.1110094970102
2025-06-12 02:59:00,86.5
2025-06-12 11:58:00,65.1
2025-06-12 12:41:00,50.1110094970102
2025-06-12 20:51:00,19.6
2025-06-12 01:49:00,36.8
2025-06-12 16:10:00,7.8
2025-06-12 20:55:00,37.4
2025-06-12 01:52:00,4.5
2025-06-12 18:31:00,50.1110094970102
2025-06-12 15:45:00,50.1110094970102
2025-06-12 01:37:00,50.1110094970102
2025-06-12 19:41:00,10.2
2025-06-12 06:07:00,47.1
2025-06-12 01:02:00,69.4
2025-06-12 01:46:00,16.4
2025-06-12 00:27:00,18.4
2025-06-12 04:11:00,9.7
2025-06-12 05:18:00,31.3
2025-06-12 05:26:00,94.9
2025-06-12 22:34:00,50.1110094970102
2025-06-12 07:19:00,50.1110094970102
2025-06-12 17:23:00,20.6
2025-06-12 17:10:00,11.9
2025-06-12 17:10:00,37.4
2025-06-12 08:43:00,6.5
2025-06-12 16:45:00,4.8
2025-06-12 04:00:00,9.4
2025-06-12 16:44:00,12.5
2025-06-12 00:56:00,32.0
2025-06-12 12:35:00,64.1
2025-06-12 20:15:00,87.9
2025-06-12 16:48:00,38.2
2025-06-12 20:16:00,27.5
2025-06-12 21:46:00,50.26990393626991
2025-06-12 16:14:00,28.0
2025-06-12 14:38:00,50.26990393626991
2025-06-12 23:20:00,83.9
2025-06-12 10:55:00,50.26990393626991
2025-06-12 16:42:00,59.8
2025-06-12 17:20:00,40.5
2025-06-12 10:11:00,6.6
2025-06-12 21:07:00,0.1
2025-06-12 08:32:00,29.0
2025-06-12 22:31:00,76.5
2025-06-12 14:44:00,51.3
2025-06-12 05:01:00,50.26990393626991
2025-06-12 03:38:00,50.26990393626991
2025-06-12 17:44:00,50.26990393626991
2025-06-12 05:23:00,65.1
2025-06-12 01:04:00,72.9
2025-06-12 11:54:00,29.2
2025-06-12 05:59:00,71.5
2025-06-12 22:59:00,10.8
2025-06-12 02:00:00,60.8
2025-06-12 14:06:00,11.1
2025-06-12 00:54:00,50.26990393626991
2025-06-12 20:54:00,16.6
2025-06-12 09:32:00,35.5
2025-06-12 13:03:00,30.5
2025-06-12 22:34:00,22.3
2025-06-12 00:38:00,24.8
2025-06-12 06:27:00,9.5
2025-06-12 02:54:00,50.26990393626991
2025-06-12 03:22:00,24.2
2025-06-12 01:47:00,69.0
2025-06-12 06:12:00,25.1
2025-06-12 05:45:00,50.26990393626991
2025-06-12 14:42:00,95.5
2025-06-12 22:11:00,46.3
2025-06-12 16:38:00,10.6
2025-06-12 20:24:00,66.0
2025-06-12 13:35:00,1.7
2025-06-12 11:41:00,30.1
2025-06-12 09:51:00,19.9
2025-06-12 17:05:00,6.4
2025-06-12 01:55:00,32.4
2025-06-12 00:55:00,49.6
2025-06-12 08:35:00,1.4
2025-06-12 12:12:00,68.0
2025-06-12 00:36:00,79.9
2025-06-12 20:43:00,23.5
2025-06-12 10:30:00,29.9
2025-06-12 06:54:00,21.0
2025-06-12 02:33:00,80.0
2025-06-12 20:31:00,21.0
2025-06-12 09:55:00,83.0
2025-06-12 12:10:00,73.8
2025-06-12 04:49:00,50.26990393626991
2025-06-12 20:02:00,25.7
2025-06-12 22:04:00,50.26990393626991
2025-06-12 12:38:00,18.0
2025-06-12 12:53:00,98.0
2025-06-12 07:12:00,96.1
2025-06-12 17:47:00,7.9
2025-06-12 23:04:00,49.0
2025-06-12 07:00:00,57.5
2025-06-12 01:36:00,68.2
2025-06-12 09:43:00,50.26990393626991
2025-06-12 08:45:00,50.26990393626991
2025-06-12 11:11:00,72.2
2025-06-12 06:44:00,22.4
2025-06-12 12:28:00,92.9
2025-06-12 00:08:00,20.0
2025-06-12 20:11:00,16.6
2025-06-12 17:45:00,88.5
2025-06-12 11:21:00,52.1
2025-06-12 09:18:00,8.0
2025-06-12 16:55:00,63.9
2025-06-12 04:41:00,2.8
2025-06-12 03:07:00,50.26990393626991
2025-06-12 18:10:00,7.4
2025-06-12 09:04:00,21.1
2025-06-12 19:56:00,70.5
2025-06-12 06:46:00,85.2
2025-06-12 10:34:00,50.26990393626991
2025-06-12 03:26:00,63.0
2025-06-12 15:24:00,62.0
2025-06-12 21:16:00,96.9
2025-06-12 17:41:00,96.7
2025-06-12 21:45:00,73.8
2025-06-12 22:25:00,33.4
2025-06-12 14:29:00,82.9
2025-06-12 21:11:00,8.5
2025-06-12 10:48:00,57.1
2025-06-12 12:15:00,95.4
2025-06-12 21:27:00,50.26990393626991
2025-06-12 15:02:00,5.8
2025-06-12 04:19:00,18.8
2025-06-12 08:41:00,98.6
2025-06-12 11:53:00,27.6
2025-06-12 11:50:00,94.7
2025-06-12 08:09:00,82.6
2025-06-12 00:53:00,21.7
2025-06-12 18:22:00,78.2
2025-06-12 21:13:00,50.26990393626991
2025-06-12 00:30:00,50.26990393626991
2025-06-12 06:53:00,65.3
2025-06-12 00:32:00,65.5
2025-06-12 13:09:00,69.8
2025-06-12 10:03:00,62.0
2025-06-12 05:32:00,41.5
2025-06-12 15:28:00,50.6
2025-06-12 14:37:00,13.2
2025-06-12 06:22:00,61.8
2025-06-12 08:10:00,49.3
2025-06-12 14:49:00,49.0
2025-06-12 05:28:00,50.26990393626991
2025-06-12 14:21:00,23.4
2025-06-12 11:17:00,65.2
2025-06-12 04:15:00,8.4
2025-06-12 10:57:00,6.0
2025-06-12 12:22:00,18.7
2025-06-12 19:36:00,87.1
2025-06-12 08:53:00,38.7
2025-06-12 10:25:00,35.6
2025-06-12 05:08:00,89.0
2025-06-12 16:58:00,16.8
2025-06-12 00:39:00,8.9
2025-06-12 02:35:00,94.7
2025-06-12 11:25:00,36.9
2025-06-12 09:03:00,50.26990393626991
2025-06-12 14:25:00,60.2
2025-06-12 11:56:00,38.8
2025-06-12 14:10:00,14.8
2025-06-12 16:09:00,21.2
2025-06-12 11:38:00,22.7
2025-06-12 01:18:00,35.9
2025-06-12 01:10:00,16.0
2025-06-12 01:44:00,52.5
2025-06-12 23:58:00,76.5
2025-06-12 02:03:00,44.2
2025-06-12 22:52:00,86.3
2025-06-12 02:21:00,32.3
2025-06-12 08:13:00,93.0
2025-06-12 12:49:00,50.26990393626991
2025-06-12 11:12:00,53.5
2025-06-12 22:56:00,11.7
2025-06-12 16:49:00,54.2
2025-06-12 17:33:00,50.26990393626991
2025-06-12 00:04:00,18.9
2025-06-12 10:15:00,20.2
2025-06-12 03:44:00,52.0
2025-06-12 01:52:00,5.1
2025-06-12 18:11:00,46.8
2025-06-12 13:17:00,14.4
2025-06-12 20:40:00,15.8
2025-06-12 14:41:00,66.5
2025-06-12 06:10:00,80.1
2025-06-12 02:44:00,20.3
2025-06-12 05:16:00,50.26990393626991
2025-06-12 20:35:00,90.6
2025-06-12 13:00:00,49.2
2025-06-12 10:58:00,10.8
2025-06-12 10:52:00,88.6
2025-06-12 13:14:00,98.4
2025-06-12 14:00:00,18.1
2025-06-12 18:32:00,24.4
2025-06-12 20:49:00,3.7
2025-06-12 18:49:00,62.9
2025-06-12 01:45:00,67.8
2025-06-12 01:30:00,17.4
2025-06-12 03:50:00,30.0
2025-06-12 16:05:00,28.2
2025-06-12 08:31:00,60.1
2025-06-12 10:16:00,50.26990393626991
2025-06-12 19:53:00,81.2
2025-06-12 16:00:00,38.6
2025-06-12 16:27:00,71.3
2025-06-12 05:30:00,50.26990393626991
2025-06-12 05:38:00,99.0
2025-06-12 02:05:00,56.6
2025-06-12 08:07:00,26.2
2025-06-12 10:18:00,99.2
2025-06-12 04:09:00,67.8
2025-06-12 05:54:00,50.26990393626991
2025-06-12 13:11:00,18.2
2025-06-12 17:30:00,18.6
2025-06-12 02:42:00,59.7
2025-06-12 02:49:00,68.4
2025-06-12 00:03:00,50.26990393626991
2025-06-12 13:54:00,89.3
2025-06-12 10:36:00,78.2
2025-06-12 07:08:00,50.26990393626991
2025-06-12 20:58:00,52.0
2025-06-12 06:42:00,20.8
2025-06-12 15:54:00,33.9
2025-06-12 15:19:00,4.0
2025-06-12 15:22:00,84.1
2025-06-12 08:16:00,4.0
2025-06-12 01:38:00,10.6
2025-06-12 08:12:00,81.7
2025-06-12 02:09:00,85.4
2025-06-12 04:35:00,57.2
2025-06-12 05:00:00,50.26990393626991
2025-06-12 22:12:00,99.1
2025-06-12 22:16:00,50.7
2025-06-12 20:23:00,40.2
2025-06-12 01:07:00,89.0
2025-06-12 05:09:00,42.9
2025-06-12 11:01:00,81.9
2025-06-12 09:42:00,42.0
2025-06-12 01:42:00,90.0
2025-06-12 01:26:00,61.9
2025-06-12 11:52:00,82.0
2025-06-12 15:23:00,79.2
2025-06-12 03:37:00,26.6
2025-06-12 01:24:00,15.9
2025-06-12 13:41:00,76.2
2025-06-12 08:56:00,54.0
2025-06-12 12:55:00,25.8
2025-06-12 08:57:00,50.26990393626991
2025-06-12 05:12:00,92.2
2025-06-12 05:53:00,60.1
2025-06-12 05:03:00,78.5
2025-06-12 16:20:00,52.5
2025-06-12 05:42:00,24.5
2025-06-12 01:27:00,37.7
2025-06-12 00:44:00,30.6
2025-06-12 00:59:00,39.8
2025-06-12 06:41:00,14.9
2025-06-12 18:02:00,69.1
2025-06-12 15:27:00,26.1
2025-06-12 06:15:00,50.26990393626991
2025-06-12 18:15:00,26.4
2025-06-12 05:31:00,50.26990393626991
2025-06-12 08:24:00,50.26990393626991
2025-06-12 19:20:00,50.26990393626991
2025-06-12 07:31:00,27.2
2025-06-12 15:31:00,0.3
2025-06-12 02:15:00,55.2
2025-06-12 13:48:00,49.2
2025-06-12 17:52:00,50.26990393626991
2025-06-12 03:09:00,24.0
2025-06-12 14:18:00,77.4
2025-06-12 06:20:00,11.8
2025-06-12 14:51:00,7.8
2025-06-12 19:24:00,7.7
2025-06-12 19:55:00,32.8
2025-06-12 05:44:00,92.5
2025-06-12 20:50:00,82.6
2025-06-12 12:54:00,32.7
2025-06-12 22:46:00,95.7
2025-06-12 00:49:00,66.8
2025-06-12 01:00:00,86.1
2025-06-12 08:34:00,49.3
2025-06-12 06:08:00,28.4
2025-06-12 05:46:00,79.4
2025-06-12 12:31:00,50.26990393626991
2025-06-12 22:03:00,11.7
2025-06-12 00:42:00,87.9
2025-06-12 03:01:00,50.26990393626991
2025-06-12 17:14:00,62.3
2025-06-12 19:15:00,50.26990393626991
2025-06-12 14:15:00,63.7
2025-06-12 10:39:00,55.0
2025-06-12 11:42:00,67.6
2025-06-12 23:18:00,66.7
2025-06-12 17:32:00,19.6
2025-06-12 12:59:00,10.3
2025-06-12 17:06:00,27.6
2025-06-12 07:25:00,50.26990393626991
2025-06-12 19:14:00,78.4
2025-06-12 02:18:00,67.7
2025-06-12 21:17:00,86.3
2025-06-12 18:36:00,8.5
2025-06-12 12:05:00,36.6
2025-06-12 00:45:00,65.0
2025-06-12 20:51:00,77.0
2025-06-12 04:40:00,50.26990393626991
2025-06-12 20:47:00,31.0
2025-06-12 22:37:00,19.2
2025-06-12 20:07:00,50.9
2025-06-12 06:35:00,49.3
2025-06-12 10:29:00,90.6
2025-06-12 05:40:00,10.3
2025-06-12 12:20:00,50.26990393626991
2025-06-12 00:26:00,2.5
2025-06-12 14:59:00,18.1
2025-06-12 18:52:00,85.8
2025-06-12 22:39:00,50.26990393626991
2025-06-12 15:33:00,95.3
2025-06-12 03:17:00,61.2
2025-06-12 22:40:00,50.26990393626991
2025-06-12 06:09:00,88.8
2025-06-12 13:32:00,50.26990393626991
2025-06-12 02:32:00,4.7
2025-06-12 00:43:00,77.7
2025-06-12 00:16:00,95.3
2025-06-12 07:44:00,76.1
2025-06-12 21:48:00,49.485271956675305
2025-06-12 05:32:00,49.485271956675305
2025-06-12 13:34:00,83.5
2025-06-12 21:24:00,67.7
2025-06-12 23:50:00,30.6
2025-06-12 09:14:00,93.6
2025-06-12 08:02:00,36.6
2025-06-12 18:22:00,49.485271956675305
2025-06-12 22:45:00,5.1
2025-06-12 05:18:00,36.9
2025-06-12 20:29:00,9.4
2025-06-12 18:56:00,30.1
2025-06-12 12:56:00,51.8
2025-06-12 12:52:00,30.6
2025-06-12 16:59:00,18.2
2025-06-12 02:14:00,62.2
2025-06-12 15:40:00,88.1
2025-06-12 20:30:00,23.1
2025-06-12 17:36:00,90.3
2025-06-12 05:56:00,69.1
2025-06-12 11:13:00,10.5
2025-06-12 01:58:00,55.8
2025-06-12 19:29:00,18.6
2025-06-12 22:47:00,25.4
2025-06-12 07:46:00,73.1
2025-06-12 14:07:00,1.5
2025-06-12 12:11:00,49.485271956675305
2025-06-12 18:08:00,21.7
2025-06-12 21:39:00,27.6
2025-06-12 00:06:00,80.5
2025-06-12 00:26:00,49.485271956675305
2025-06-12 19:17:00,34.3
2025-06-12 04:09:00,66.2
2025-06-12 08:10:00,90.5
2025-06-12 08:19:00,56.1
2025-06-12 08:08:00,49.485271956675305
2025-06-12 17:48:00,73.0
2025-06-12 03:26:00,49.485271956675305
2025-06-12 09:40:00,28.7
2025-06-12 11:57:00,20.7
2025-06-12 10:51:00,45.9
2025-06-12 09:05:00,16.7
2025-06-12 16:37:00,80.1
2025-06-12 04:46:00,49.485271956675305
2025-06-12 03:48:00,43.8
2025-06-12 07:34:00,93.0
2025-06-12 01:53:00,49.485271956675305
2025-06-12 15:26:00,13.3
2025-06-12 01:12:00,47.5
2025-06-12 15:36:00,49.485271956675305
2025-06-12 08:34:00,99.4
2025-06-12 17:14:00,26.4
2025-06-12 01:32:00,15.9
2025-06-12 00:08:00,72.4
2025-06-12 14:56:00,31.7
2025-06-12 03:24:00,90.9
2025-06-12 03:33:00,49.485271956675305
2025-06-12 21:28:00,63.3
2025-06-12 15:15:00,3.2
2025-06-12 16:23:00,17.5
2025-06-12 08:09:00,49.485271956675305
2025-06-12 20:58:00,73.3
2025-06-12 08:00:00,49.485271956675305
2025-06-12 22:15:00,79.3
2025-06-12 09:12:00,41.5
2025-06-12 18:44:00,49.485271956675305
2025-06-12 05:27:00,32.3
2025-06-12 13:01:00,49.9
2025-06-12 13:19:00,49.485271956675305
2025-06-12 01:04:00,68.7
2025-06-12 08:53:00,81.1
2025-06-12 19:06:00,50.7
2025-06-12 01:23:00,10.6
2025-06-12 12:10:00,70.7
2025-06-12 16:54:00,8.6
2025-06-12 16:21:00,20.3
2025-06-12 16:16:00,88.4
2025-06-12 21:12:00,87.1
2025-06-12 06:56:00,93.2
2025-06-12 21:26:00,97.8
2025-06-12 00:45:00,69.6
2025-06-12 11:52:00,69.2
2025-06-12 17:03:00,46.6
2025-06-12 06:21:00,39.4
2025-06-12 18:21:00,25.0
2025-06-12 05:36:00,49.485271956675305
2025-06-12 09:39:00,5.9
2025-06-12 16:08:00,63.5
2025-06-12 00:32:00,65.7
2025-06-12 17:58:00,49.485271956675305
2025-06-12 21:03:00,89.5
2025-06-12 04:15:00,12.2
2025-06-12 09:50:00,45.6
2025-06-12 10:13:00,9.4
2025-06-12 19:10:00,76.5
2025-06-12 16:33:00,28.5
2025-06-12 23:13:00,28.1
2025-06-12 20:24:00,49.485271956675305
2025-06-12 01:56:00,39.1
2025-06-12 20:45:00,49.485271956675305
2025-06-12 02:02:00,17.0
2025-06-12 12:04:00,11.8
2025-06-12 02:49:00,54.2
2025-06-12 02:53:00,49.485271956675305
2025-06-12 00:23:00,64.5
2025-06-12 07:30:00,49.485271956675305
2025-06-12 10:17:00,82.5
2025-06-12 10:12:00,77.5
2025-06-12 08:55:00,5.5
2025-06-12 02:57:00,84.2
2025-06-12 15:55:00,49.485271956675305
2025-06-12 13:08:00,48.8
2025-06-12 07:28:00,18.3
2025-06-12 13:54:00,59.5
2025-06-12 11:18:00,49.485271956675305
2025-06-12 12:54:00,49.485271956675305
2025-06-12 07:08:00,60.0
2025-06-12 10:53:00,15.7
2025-06-12 16:47:00,17.8
2025-06-12 14:42:00,49.485271956675305
2025-06-12 20:46:00,5.8
2025-06-12 01:29:00,54.4
2025-06-12 03:11:00,85.1
2025-06-12 17:49:00,7.0
2025-06-12 18:58:00,50.2
2025-06-12 18:23:00,40.1
2025-06-12 05:48:00,19.9
2025-06-12 05:47:00,49.485271956675305
2025-06-12 04:19:00,25.8
2025-06-12 22:01:00,71.4
2025-06-12 12:19:00,98.3
2025-06-12 14:57:00,37.4
2025-06-12 01:38:00,9.0
2025-06-12 16:41:00,78.5
2025-06-12 19:41:00,75.3
2025-06-12 06:17:00,59.8
2025-06-12 01:41:00,49.485271956675305
2025-06-12 00:12:00,74.1
2025-06-12 06:35:00,18.5
2025-06-12 09:52:00,48.6
2025-06-12 10:39:00,52.2
2025-06-12 23:33:00,52.6
2025-06-12 00:22:00,20.7
2025-06-12 03:52:00,36.8
2025-06-12 10:37:00,6.6
2025-06-12 06:59:00,49.485271956675305
2025-06-12 23:01:00,69.4
2025-06-12 00:50:00,9.4
2025-06-12 09:51:00,11.9
2025-06-12 16:40:00,88.4
2025-06-12 06:48:00,72.8
2025-06-12 16:45:00,88.2
2025-06-12 13:29:00,37.6
2025-06-12 09:00:00,74.5
2025-06-12 13:30:00,72.0
2025-06-12 17:53:00,42.2
2025-06-12 10:05:00,67.8
2025-06-12 19:16:00,2.9
2025-06-12 07:39:00,24.3
2025-06-12 08:59:00,49.485271956675305
2025-06-12 08:45:00,78.0
2025-06-12 06:11:00,96.7
2025-06-12 01:15:00,89.5
2025-06-12 01:50:00,3.3
2025-06-12 17:00:00,27.6
2025-06-12 18:33:00,49.485271956675305
2025-06-12 20:41:00,99.1
2025-06-12 09:17:00,78.4
2025-06-12 13:35:00,49.485271956675305
2025-06-12 23:16:00,39.5
2025-06-12 06:33:00,49.485271956675305
2025-06-12 22:05:00,93.8
2025-06-12 09:30:00,76.7
2025-06-12 05:39:00,42.1
2025-06-12 09:26:00,37.4
2025-06-12 06:00:00,81.7
2025-06-12 04:14:00,49.485271956675305
2025-06-12 17:13:00,74.7
2025-06-12 12:40:00,22.1
2025-06-12 14:22:00,99.0
2025-06-12 13:10:00,78.2
2025-06-12 18:16:00,55.3
2025-06-12 08:17:00,49.485271956675305
2025-06-12 19:53:00,49.485271956675305
2025-06-12 09:09:00,56.8
2025-06-12 15:13:00,77.9
2025-06-12 06:40:00,43.2
2025-06-12 20:14:00,98.5
2025-06-12 06:55:00,32.5
2025-06-12 06:47:00,70.6
2025-06-12 16:44:00,75.9
2025-06-12 11:48:00,49.4
2025-06-12 03:53:00,49.485271956675305
2025-06-12 12:24:00,21.3
2025-06-12 21:14:00,96.2
2025-06-12 05:37:00,17.7
2025-06-12 17:54:00,67.3
2025-06-12 03:28:00,42.6
2025-06-12 04:55:00,46.9
2025-06-12 09:53:00,75.6
2025-06-12 21:19:00,26.8
2025-06-12 13:56:00,67.8
2025-06-12 17:10:00,52.0
2025-06-12 19:13:00,49.485271956675305
2025-06-12 13:55:00,92.4
2025-06-12 01:47:00,0.7
2025-06-12 20:00:00,23.6
2025-06-12 23:02:00,42.7
2025-06-12 15:41:00,70.8
2025-06-12 15:37:00,54.4
2025-06-12 20:54:00,97.3
2025-06-12 12:30:00,10.7
2025-06-12 19:39:00,31.0
2025-06-12 13:51:00,91.3
2025-06-12 04:58:00,17.9
2025-06-12 21:25:00,46.8
2025-06-12 13:31:00,42.6
2025-06-12 06:12:00,39.7
2025-06-12 20:06:00,78.1
2025-06-12 13:27:00,7.5
2025-06-12 12:29:00,95.8
2025-06-12 00:13:00,98.1
2025-06-12 10:34:00,49.485271956675305
2025-06-12 01:44:00,60.7
2025-06-12 18:11:00,42.0
2025-06-12 04:17:00,79.6
2025-06-12 15:25:00,58.2
2025-06-12 13:46:00,90.4
2025-06-12 15:18:00,48.2
2025-06-12 07:38:00,45.7
2025-06-12 16:32:00,76.6
2025-06-12 07:21:00,60.3
2025-06-12 11:01:00,18.5
2025-06-12 03:51:00,79.6
2025-06-12 08:49:00,49.485271956675305
2025-06-12 20:26:00,26.2
2025-06-12 07:59:00,44.9
2025-06-12 22:38:00,18.5
2025-06-12 00:39:00,94.9
2025-06-12 15:45:00,54.4
2025-06-12 08:25:00,93.2
2025-06-12 14:11:00,49.485271956675305
2025-06-12 16:24:00,72.1
2025-06-12 07:09:00,25.3
2025-06-12 17:56:00,34.2
2025-06-12 21:06:00,64.4
2025-06-12 17:21:00,9.2
2025-06-12 19:00:00,36.5
2025-06-12 06:05:00,20.6
2025-06-12 15:43:00,38.4
2025-06-12 11:00:00,49.485271956675305
2025-06-12 19:21:00,93.3
2025-06-12 10:29:00,65.7
2025-06-12 18:48:00,41.5
2025-06-12 07:52:00,43.7
2025-06-12 15:33:00,79.2
2025-06-12 02:47:00,49.485271956675305
2025-06-12 09:27:00,41.9
2025-06-12 17:22:00,50.0997191011236
2025-06-12 21:32:00,50.0997191011236
2025-06-12 12:09:00,63.8
2025-06-12 12:04:00,25.5
2025-06-12 11:07:00,24.7
2025-06-12 19:42:00,27.5
2025-06-12 00:08:00,89.7
2025-06-12 17:10:00,90.7
2025-06-12 09:47:00,60.0
2025-06-12 00:09:00,80.8
2025-06-12 06:55:00,50.4
2025-06-12 07:55:00,34.7
2025-06-12 21:31:00,7.5
2025-06-12 02:25:00,94.5
2025-06-12 02:07:00,5.2
2025-06-12 17:39:00,44.9
2025-06-12 11:27:00,50.0997191011236
2025-06-12 23:38:00,89.1
2025-06-12 09:05:00,55.8
2025-06-12 03:56:00,50.0997191011236
2025-06-12 10:32:00,22.2
2025-06-12 06:58:00,3.9
2025-06-12 12:46:00,18.8
2025-06-12 11:47:00,50.0997191011236
2025-06-12 10:28:00,7.2
2025-06-12 13:36:00,32.9
2025-06-12 13:05:00,10.2
2025-06-12 02:49:00,42.4
2025-06-12 06:15:00,50.0997191011236
2025-06-12 16:26:00,26.2
2025-06-12 07:29:00,55.7
2025-06-12 10:48:00,74.3
2025-06-12 20:39:00,30.8
2025-06-12 06:04:00,57.7
2025-06-12 02:02:00,55.9
2025-06-12 12:57:00,80.8
2025-06-12 16:31:00,50.0997191011236
2025-06-12 14:00:00,50.0997191011236
2025-06-12 19:36:00,80.3
2025-06-12 22:14:00,19.6
2025-06-12 01:13:00,3.4
2025-06-12 09:16:00,88.1
2025-06-12 17:18:00,40.5
2025-06-12 03:11:00,50.0997191011236
2025-06-12 10:34:00,46.3
2025-06-12 17:21:00,50.0997191011236
2025-06-12 16:01:00,35.4
2025-06-12 14:35:00,96.9
2025-06-12 15:57:00,81.9
2025-06-12 00:03:00,79.4
2025-06-12 16:41:00,55.6
2025-06-12 21:06:00,13.6
2025-06-12 10:26:00,34.9
2025-06-12 19:58:00,50.0997191011236
2025-06-12 23:11:00,87.2
2025-06-12 18:19:00,47.8
2025-06-12 09:52:00,50.0997191011236
2025-06-12 20:01:00,12.5
2025-06-12 02:43:00,50.0997191011236
2025-06-12 22:26:00,67.2
2025-06-12 21:17:00,83.6
2025-06-12 13:14:00,50.0997191011236
2025-06-12 18:04:00,13.1
2025-06-12 15:36:00,96.4
2025-06-12 08:29:00,29.6
2025-06-12 15:02:00,9.8
2025-06-12 12:19:00,70.7
2025-06-12 17:55:00,44.9
2025-06-12 11:59:00,93.2
2025-06-12 15:29:00,47.0
2025-06-12 22:09:00,50.0997191011236
2025-06-12 01:18:00,50.9
2025-06-12 20:41:00,78.6
2025-06-12 19:10:00,96.7
2025-06-12 04:59:00,87.2
2025-06-12 01:11:00,5.6
2025-06-12 14:31:00,37.6
2025-06-12 09:19:00,49.0
2025-06-12 13:07:00,88.0
2025-06-12 12:22:00,8.8
2025-06-12 17:50:00,80.0
2025-06-12 04:51:00,50.0997191011236
2025-06-12 14:07:00,50.0997191011236
2025-06-12 10:05:00,42.5
2025-06-12 13:11:00,28.1
2025-06-12 21:23:00,93.0
2025-06-12 19:48:00,22.5
2025-06-12 15:30:00,49.3
2025-06-12 04:29:00,50.0997191011236
2025-06-12 20:23:00,50.0997191011236
2025-06-12 21:57:00,50.0997191011236
2025-06-12 18:41:00,5.0
2025-06-12 08:44:00,63.7
2025-06-12 14:23:00,89.7
2025-06-12 11:04:00,97.6
2025-06-12 08:15:00,1.7
2025-06-12 23:03:00,36.2
2025-06-12 19:52:00,50.0997191011236
2025-06-12 10:45:00,77.2
2025-06-12 15:59:00,42.7
2025-06-12 20:14:00,99.3
2025-06-12 11:17:00,50.0997191011236
2025-06-12 05:22:00,43.3
2025-06-12 00:02:00,42.4
2025-06-12 05:11:00,93.5
2025-06-12 16:59:00,22.2
2025-06-12 18:57:00,15.6
2025-06-12 11:28:00,56.9
2025-06-12 08:20:00,73.7
2025-06-12 08:52:00,27.4
2025-06-12 17:58:00,50.0997191011236
2025-06-12 20:06:00,15.4
2025-06-12 19:54:00,9.8
2025-06-12 02:16:00,50.0997191011236
2025-06-12 08:24:00,8.9
2025-06-12 23:30:00,81.8
2025-06-12 22:42:00,78.3
2025-06-12 15:20:00,50.0997191011236
2025-06-12 12:10:00,59.7
2025-06-12 01:03:00,9.1
2025-06-12 16:46:00,2.3
2025-06-12 11:42:00,50.0997191011236
2025-06-12 21:38:00,27.7
2025-06-12 15:06:00,0.6
2025-06-12 22:46:00,27.3
2025-06-12 20:52:00,58.2
2025-06-12 05:29:00,74.1
2025-06-12 04:28:00,50.0997191011236
2025-06-12 17:45:00,38.1
2025-06-12 02:01:00,22.4
2025-06-12 15:12:00,13.8
2025-06-12 11:22:00,3.9
2025-06-12 14:21:00,5.2
2025-06-12 04:32:00,75.3
2025-06-12 21:54:00,50.0997191011236
2025-06-12 04:13:00,27.7
2025-06-12 03:43:00,61.4
2025-06-12 20:37:00,81.4
2025-06-12 19:25:00,16.0
2025-06-12 15:55:00,85.7
2025-06-12 01:37:00,50.1
2025-06-12 16:52:00,58.1
2025-06-12 13:06:00,50.0997191011236
2025-06-12 03:26:00,99.9
2025-06-12 19:14:00,42.4
2025-06-12 22:25:00,50.0997191011236
2025-06-12 05:02:00,18.7
2025-06-12 09:02:00,17.6
2025-06-12 09:46:00,50.0997191011236
2025-06-12 05:49:00,14.7
2025-06-12 10:50:00,6.4
2025-06-12 19:31:00,21.7
2025-06-12 12:26:00,33.6
2025-06-12 13:37:00,36.1
2025-06-12 23:47:00,56.3
2025-06-12 15:44:00,49.3
2025-06-12 17:59:00,41.2
2025-06-12 16:32:00,26.2
2025-06-12 21:46:00,50.0997191011236
2025-06-12 14:15:00,7.0
2025-06-12 09:41:00,20.2
2025-06-12 15:53:00,6.4
2025-06-12 18:46:00,81.9
2025-06-12 20:10:00,50.0997191011236
2025-06-12 13:01:00,50.0997191011236
2025-06-12 18:13:00,74.9
2025-06-12 18:53:00,59.6
2025-06-12 11:13:00,26.2
2025-06-12 11:03:00,38.1
2025-06-12 12:17:00,88.5
2025-06-12 13:15:00,54.3
2025-06-12 00:24:00,26.6
2025-06-12 23:20:00,32.1
2025-06-12 13:31:00,94.6
2025-06-12 07:17:00,65.8
2025-06-12 07:08:00,0.3
2025-06-12 06:56:00,53.9
2025-06-12 04:48:00,50.0997191011236
2025-06-12 13:32:00,44.0
2025-06-12 22:03:00,97.9
2025-06-12 12:01:00,51.9
2025-06-12 20:36:00,80.6
2025-06-12 11:21:00,94.5
2025-06-12 17:00:00,50.0997191011236
2025-06-12 09:45:00,89.4
2025-06-12 01:19:00,50.0997191011236
2025-06-12 15:31:00,50.0997191011236
2025-06-12 12:24:00,52.1
2025-06-12 17:49:00,50.0997191011236
2025-06-12 01:46:00,62.0
2025-06-12 22:37:00,82.6
2025-06-12 17:35:00,50.0997191011236
2025-06-12 19:06:00,47.2
2025-06-12 01:45:00,95.3
2025-06-12 20:40:00,50.0997191011236
2025-06-12 14:44:00,99.1
2025-06-12 02:36:00,29.8
2025-06-12 17:04:00,78.5
2025-06-12 19:35:00,62.1
2025-06-12 20:35:00,26.4
2025-06-12 23:16:00,63.2
2025-06-12 03:20:00,21.1
2025-06-12 03:39:00,3.9
2025-06-12 14:36:00,50.0997191011236
2025-06-12 00:58:00,69.5
2025-06-12 18:10:00,51.3
2025-06-12 12:07:00,72.7
2025-06-12 04:25:00,46.4
2025-06-12 04:46:00,53.1
2025-06-12 10:04:00,64.1
2025-06-12 00:32:00,77.8
2025-06-12 14:34:00,34.1
2025-06-12 18:55:00,87.1
2025-06-12 23:25:00,50.0997191011236
2025-06-12 13:33:00,79.5
2025-06-12 16:21:00,77.5
2025-06-12 02:59:00,29.0
2025-06-12 22:34:00,97.1
2025-06-12 18:59:00,40.2
2025-06-12 06:19:00,93.0
2025-06-12 15:27:00,93.6
2025-06-12 20:56:00,18.1
2025-06-12 11:24:00,5.0
2025-06-12 18:45:00,27.0
2025-06-12 05:15:00,50.0997191011236
2025-06-12 09:20:00,65.0
2025-06-12 18:03:00,79.6
2025-06-12 14:30:00,8.3
2025-06-12 22:04:00,11.6
2025-06-12 12:49:00,84.3
2025-06-12 09:42:00,97.2
2025-06-12 20:38:00,76.3
2025-06-12 18:24:00,20.7
2025-06-12 09:57:00,22.1
2025-06-12 01:07:00,38.3
2025-06-12 16:13:00,13.0
2025-06-12 03:03:00,50.0997191011236
2025-06-12 00:15:00,58.7
2025-06-12 02:26:00,69.2
2025-06-12 02:50:00,92.3
2025-06-12 04:55:00,45.6
2025-06-12 10:14:00,11.5
2025-06-12 15:52:00,47.0
2025-06-12 07:46:00,50.0997191011236
2025-06-12 14:46:00,15.0
2025-06-12 04:07:00,19.2
2025-06-12 17:34:00,50.0997191011236
2025-06-12 05:57:00,50.0997191011236
2025-06-12 04:19:00,56.3
2025-06-12 04:53:00,60.2
2025-06-12 12:55:00,93.0
2025-06-12 06:00:00,51.1
2025-06-12 11:58:00,50.0997191011236
2025-06-12 19:12:00,77.9
2025-06-12 14:45:00,48.8
2025-06-12 21:21:00,9.8
2025-06-12 06:28:00,8.1
2025-06-12 07:54:00,52.1
2025-06-12 13:08:00,59.4
2025-06-12 20:43:00,50.0997191011236
2025-06-12 20:54:00,50.0997191011236
2025-06-12 18:31:00,42.4
2025-06-12 07:22:00,63.7
2025-06-12 01:02:00,76.4
2025-06-12 13:56:00,45.4
2025-06-12 08:04:00,64.6
2025-06-12 12:13:00,50.0997191011236
2025-06-12 19:08:00,25.7
2025-06-12 06:23:00,50.7
2025-06-12 22:01:00,50.0997191011236
2025-06-12 08:19:00,95.2
2025-06-12 11:32:00,80.1
2025-06-12 08:25:00,37.0
2025-06-12 10:21:00,83.0
2025-06-12 03:53:00,29.4
2025-06-12 02:13:00,97.6
2025-06-12 08:17:00,50.0997191011236
2025-06-12 14:10:00,20.3
2025-06-12 06:40:00,95.1
2025-06-12 10:15:00,47.2
2025-06-12 03:08:00,79.7
2025-06-12 09:07:00,69.7
2025-06-12 22:44:00,94.9
2025-06-12 02:15:00,50.0997191011236
2025-06-12 02:10:00,50.0997191011236
2025-06-12 03:40:00,50.0997191011236
2025-06-12 03:49:00,72.9
2025-06-12 06:38:00,51.9
2025-06-12 22:33:00,45.5
2025-06-12 08:56:00,74.6
2025-06-12 06:03:00,45.7
2025-06-12 15:09:00,6.8
2025-06-12 19:47:00,15.9
2025-06-12 05:37:00,0.4
2025-06-12 02:14:00,90.5
2025-06-12 03:06:00,62.7
2025-06-12 16:09:00,86.8
2025-06-12 02:11:00,33.4
2025-06-12 10:13:00,65.6
2025-06-12 06:57:00,67.5
2025-06-12 23:54:00,12.9
2025-06-12 08:26:00,11.9
2025-06-12 11:22:00,96.0
2025-06-12 12:10:00,49.889081537019685
2025-06-12 03:13:00,57.5
2025-06-12 08:19:00,85.1
2025-06-12 17:19:00,52.4
2025-06-12 19:39:00,88.0
2025-06-12 20:29:00,11.7
2025-06-12 22:33:00,67.4
2025-06-12 13:28:00,49.889081537019685
2025-06-12 05:38:00,38.4
2025-06-12 12:27:00,31.6
2025-06-12 20:32:00,81.9
2025-06-12 07:13:00,63.1
2025-06-12 13:39:00,32.6
2025-06-12 23:05:00,76.3
2025-06-12 03:16:00,49.6
2025-06-12 01:45:00,4.8
2025-06-12 23:57:00,49.889081537019685
2025-06-12 04:51:00,99.6
2025-06-12 02:38:00,48.7
2025-06-12 20:17:00,67.3
2025-06-12 02:34:00,64.8
2025-06-12 23:53:00,60.1
2025-06-12 22:03:00,98.9
2025-06-12 17:08:00,75.2
2025-06-12 02:14:00,79.0
2025-06-12 05:42:00,37.5
2025-06-12 15:14:00,47.2
2025-06-12 06:07:00,49.889081537019685
2025-06-12 10:11:00,35.8
2025-06-12 07:21:00,1.6
2025-06-12 10:31:00,5.8
2025-06-12 00:12:00,20.4
2025-06-12 11:32:00,55.4
2025-06-12 16:32:00,27.0
2025-06-12 14:40:00,21.3
2025-06-12 21:56:00,79.1
2025-06-12 04:13:00,81.7
2025-06-12 01:01:00,5.7
2025-06-12 15:39:00,49.889081537019685
2025-06-12 01:07:00,99.2
2025-06-12 21:11:00,20.6
2025-06-12 02:15:00,4.3
2025-06-12 19:54:00,16.5
2025-06-12 19:16:00,15.3
2025-06-12 00:01:00,49.889081537019685
2025-06-12 04:18:00,49.889081537019685
2025-06-12 12:56:00,45.3
2025-06-12 12:38:00,85.4
2025-06-12 15:13:00,57.9
2025-06-12 08:52:00,11.1
2025-06-12 12:16:00,49.889081537019685
2025-06-12 06:24:00,6.1
2025-06-12 05:45:00,49.889081537019685
2025-06-12 19:30:00,62.1
2025-06-12 05:19:00,79.1
2025-06-12 19:29:00,68.8
2025-06-12 07:09:00,92.1
2025-06-12 01:20:00,15.7
2025-06-12 17:57:00,51.5
2025-06-12 22:16:00,33.2
2025-06-12 08:24:00,5.7
2025-06-12 12:21:00,91.2
2025-06-12 17:54:00,28.6
2025-06-12 23:41:00,98.2
2025-06-12 03:49:00,26.9
2025-06-12 16:30:00,14.0
2025-06-12 03:40:00,2.1
2025-06-12 14:47:00,19.1
2025-06-12 06:15:00,71.1
2025-06-12 21:39:00,31.0
2025-06-12 06:20:00,32.7
2025-06-12 10:09:00,49.889081537019685
2025-06-12 16:47:00,83.1
2025-06-12 00:11:00,16.7
2025-06-12 08:09:00,48.5
2025-06-12 12:34:00,34.2
2025-06-12 15:12:00,32.0
2025-06-12 07:39:00,3.3
2025-06-12 16:27:00,44.0
2025-06-12 20:55:00,92.2
2025-06-12 10:50:00,65.2
2025-06-12 23:58:00,25.7
2025-06-12 09:23:00,49.889081537019685
2025-06-12 17:27:00,22.2
2025-06-12 14:18:00,49.889081537019685
2025-06-12 09:53:00,2.2
2025-06-12 15:47:00,21.1
2025-06-12 08:35:00,67.8
2025-06-12 18:04:00,38.5
2025-06-12 18:09:00,98.3
2025-06-12 03:15:00,9.2
2025-06-12 14:06:00,49.889081537019685
2025-06-12 09:32:00,73.3
2025-06-12 11:16:00,49.889081537019685
2025-06-12 18:38:00,92.9
2025-06-12 19:50:00,38.3
2025-06-12 07:57:00,1.6
2025-06-12 02:00:00,70.9
2025-06-12 13:57:00,97.0
2025-06-12 19:13:00,76.2
2025-06-12 22:02:00,49.889081537019685
2025-06-12 00:56:00,54.6
2025-06-12 04:36:00,54.6
2025-06-12 07:52:00,15.6
2025-06-12 20:56:00,50.0
2025-06-12 21:47:00,58.3
2025-06-12 06:08:00,12.9
2025-06-12 17:48:00,98.5
2025-06-12 16:59:00,4.3
2025-06-12 04:25:00,41.7
2025-06-12 19:48:00,11.4
2025-06-12 02:16:00,49.889081537019685
2025-06-12 06:06:00,97.0
2025-06-12 17:16:00,48.5
2025-06-12 16:55:00,66.7
2025-06-12 06:25:00,49.889081537019685
2025-06-12 06:11:00,73.0
2025-06-12 17:49:00,49.889081537019685
2025-06-12 13:09:00,39.1
2025-06-12 09:17:00,97.6
2025-06-12 10:33:00,8.5
2025-06-12 00:57:00,83.0
2025-06-12 17:46:00,35.7
2025-06-12 21:17:00,93.0
2025-06-12 14:39:00,9.5
2025-06-12 13:50:00,54.5
2025-06-12 22:37:00,76.2
2025-06-12 18:40:00,10.5
2025-06-12 18:15:00,34.8
2025-06-12 12:30:00,90.0
2025-06-12 20:47:00,13.1
2025-06-12 08:56:00,19.2
2025-06-12 16:41:00,77.1
2025-06-12 02:11:00,19.9
2025-06-12 01:26:00,94.4
2025-06-12 09:22:00,88.8
2025-06-12 03:09:00,49.889081537019685
2025-06-12 17:04:00,49.889081537019685
2025-06-12 08:32:00,13.9
2025-06-12 16:35:00,66.2
2025-06-12 07:37:00,71.2
2025-06-12 10:14:00,38.3
2025-06-12 20:43:00,8.1
2025-06-12 17:53:00,83.9
2025-06-12 11:23:00,49.889081537019685
2025-06-12 07:55:00,49.889081537019685
2025-06-12 11:47:00,77.3
2025-06-12 07:01:00,8.5
2025-06-12 12:37:00,15.6
2025-06-12 14:37:00,41.5
2025-06-12 10:19:00,54.0
2025-06-12 12:42:00,66.3
2025-06-12 16:49:00,35.8
2025-06-12 03:22:00,73.2
2025-06-12 06:38:00,49.889081537019685
2025-06-12 16:05:00,54.9
2025-06-12 13:19:00,18.4
2025-06-12 20:02:00,39.5
2025-06-12 03:51:00,7.0
2025-06-12 11:54:00,49.889081537019685
2025-06-12 17:28:00,59.1
2025-06-12 17:09:00,76.7
2025-06-12 15:36:00,78.6
2025-06-12 12:08:00,49.889081537019685
2025-06-12 01:47:00,81.9
2025-06-12 03:23:00,1.8
2025-06-12 12:59:00,26.8
2025-06-12 10:32:00,77.4
2025-06-12 18:21:00,6.2
2025-06-12 00:28:00,15.7
2025-06-12 11:05:00,74.5
2025-06-12 06:30:00,3.6
2025-06-12 00:22:00,21.8
2025-06-12 07:59:00,43.0
2025-06-12 00:58:00,58.1
2025-06-12 07:27:00,4.3
2025-06-12 08:43:00,49.889081537019685
2025-06-12 06:27:00,14.6
2025-06-12 15:17:00,49.889081537019685
2025-06-12 00:38:00,62.7
2025-06-12 14:53:00,47.4
2025-06-12 07:42:00,50.1
2025-06-12 15:09:00,49.889081537019685
2025-06-12 00:17:00,70.5
2025-06-12 19:46:00,44.9
2025-06-12 05:31:00,92.2
2025-06-12 19:53:00,16.0
2025-06-12 07:04:00,95.3
2025-06-12 19:38:00,52.1
2025-06-12 19:21:00,98.6
2025-06-12 14:28:00,33.2
2025-06-12 15:55:00,99.3
2025-06-12 22:45:00,28.5
2025-06-12 00:03:00,49.889081537019685
2025-06-12 23:08:00,69.8
2025-06-12 03:03:00,92.5
2025-06-12 00:59:00,21.5
2025-06-12 06:37:00,33.4
2025-06-12 07:00:00,48.6
2025-06-12 01:44:00,32.1
2025-06-12 13:37:00,82.3
2025-06-12 04:04:00,49.889081537019685
2025-06-12 04:29:00,49.889081537019685
2025-06-12 05:35:00,58.9
2025-06-12 08:06:00,49.889081537019685
2025-06-12 13:01:00,31.7
2025-06-12 02:27:00,47.5
2025-06-12 06:53:00,79.2
2025-06-12 23:13:00,62.0
2025-06-12 01:52:00,72.6
2025-06-12 01:58:00,76.7
2025-06-12 08:49:00,90.5
2025-06-12 01:37:00,79.9
2025-06-12 08:31:00,86.9
2025-06-12 15:07:00,69.7
2025-06-12 13:32:00,59.5
2025-06-12 15:45:00,52.5
2025-06-12 05:10:00,49.889081537019685
2025-06-12 05:09:00,71.8
2025-06-12 12:09:00,57.4
2025-06-12 16:00:00,96.1
2025-06-12 06:36:00,98.3
2025-06-12 15:58:00,49.889081537019685
2025-06-12 03:12:00,45.9
2025-06-12 03:39:00,49.889081537019685
2025-06-12 08:20:00,90.4
2025-06-12 08:08:00,70.1
2025-06-12 05:23:00,30.1
2025-06-12 05:08:00,5.5
2025-06-12 19:42:00,95.9
2025-06-12 16:26:00,19.2
2025-06-12 07:10:00,41.9
2025-06-12 10:24:00,60.2
2025-06-12 13:29:00,31.0
2025-06-12 01:31:00,87.5
2025-06-12 01:50:00,41.6
2025-06-12 08:27:00,12.2
2025-06-12 20:04:00,92.2
2025-06-12 11:28:00,80.4
2025-06-12 01:24:00,9.6
2025-06-12 02:19:00,16.7
2025-06-12 13:04:00,96.3
2025-06-12 20:52:00,79.6
2025-06-12 00:25:00,1.0
2025-06-12 13:46:00,45.8
2025-06-12 00:42:00,50.1
2025-06-12 23:15:00,60.3
2025-06-12 01:48:00,63.4
2025-06-12 10:22:00,35.6
2025-06-12 20:09:00,79.5
2025-06-12 03:30:00,24.4
2025-06-12 11:02:00,81.6
2025-06-12 04:32:00,15.5
2025-06-12 19:58:00,69.3
2025-06-12 15:08:00,11.7
2025-06-12 23:18:00,30.5
2025-06-12 00:09:00,70.2
2025-06-12 08:38:00,12.9
2025-06-12 11:37:00,5.3
2025-06-12 00:21:00,25.8
2025-06-12 21:03:00,82.5
2025-06-12 06:57:00,49.889081537019685
2025-06-12 15:40:00,85.8
2025-06-12 04:31:00,12.1
2025-06-12 14:26:00,92.4
2025-06-12 07:28:00,49.889081537019685
2025-06-12 17:45:00,3.7
2025-06-12 19:27:00,55.3
2025-06-12 05:01:00,49.889081537019685
2025-06-12 12:35:00,80.1
2025-06-12 19:43:00,28.1
2025-06-12 06:26:00,92.1
2025-06-12 12:00:00,72.1
2025-06-12 06:45:00,49.889081537019685
2025-06-12 09:48:00,83.1
2025-06-12 07:40:00,78.4
2025-06-12 15:50:00,61.6
2025-06-12 13:52:00,87.7
2025-06-12 11:08:00,71.9
2025-06-12 04:55:00,96.6
2025-06-12 13:45:00,52.9
2025-06-12 15:56:00,88.0
2025-06-12 18:00:00,49.889081537019685
2025-06-12 17:38:00,81.5
2025-06-12 18:41:00,60.7
2025-06-12 21:41:00,23.0
2025-06-12 22:05:00,49.889081537019685
2025-06-12 16:40:00,28.1
2025-06-12 08:21:00,49.889081537019685
2025-06-12 02:29:00,93.9
2025-06-12 17:02:00,26.9
2025-06-12 23:06:00,63.9
2025-06-12 03:05:00,24.7
2025-06-12 13:36:00,77.6
2025-06-12 12:46:00,28.7
2025-06-12 03:43:00,87.6
2025-06-12 09:58:00,91.0
2025-06-12 08:01:00,73.2
2025-06-12 03:31:00,65.6
2025-06-12 21:37:00,92.4
2025-06-12 01:35:00,37.5
2025-06-12 09:59:00,12.8
2025-06-12 13:53:00,19.9
2025-06-12 15:18:00,60.0
2025-06-12 08:29:00,88.6
2025-06-12 21:56:00,78.8
2025-06-12 01:44:00,4.3
2025-06-12 22:34:00,19.3
2025-06-12 06:39:00,56.9
2025-06-12 11:59:00,22.2
2025-06-12 02:35:00,50.12778039031272
2025-06-12 23:21:00,12.6
2025-06-12 05:08:00,78.9
2025-06-12 20:32:00,23.4
2025-06-12 05:31:00,17.2
2025-06-12 02:50:00,95.7
2025-06-12 19:48:00,33.4
2025-06-12 23:11:00,63.8
2025-06-12 03:59:00,23.7
2025-06-12 07:49:00,89.9
2025-06-12 03:09:00,86.6
2025-06-12 10:40:00,14.2
2025-06-12 17:57:00,50.12778039031272
2025-06-12 13:35:00,57.7
2025-06-12 13:20:00,69.0
2025-06-12 01:03:00,91.7
2025-06-12 01:42:00,61.4
2025-06-12 10:42:00,15.8
2025-06-12 12:25:00,95.0
2025-06-12 23:27:00,2.1
2025-06-12 08:18:00,2.4
2025-06-12 15:21:00,40.6
2025-06-12 11:12:00,50.12778039031272
2025-06-12 17:09:00,42.9
2025-06-12 13:00:00,29.0
2025-06-12 22:50:00,34.8
2025-06-12 12:34:00,90.6
2025-06-12 16:02:00,0.6
2025-06-12 13:37:00,34.9
2025-06-12 18:41:00,58.7
2025-06-12 00:13:00,18.3
2025-06-12 04:04:00,81.3
2025-06-12 13:51:00,50.12778039031272
2025-06-12 23:47:00,50.12778039031272
2025-06-12 14:24:00,91.8
2025-06-12 17:59:00,12.5
2025-06-12 01:01:00,16.9
2025-06-12 03:19:00,21.7
2025-06-12 11:27:00,59.3
2025-06-12 05:59:00,79.2
2025-06-12 07:04:00,97.9
2025-06-12 01:19:00,44.8
2025-06-12 12:58:00,67.7
2025-06-12 20:56:00,50.12778039031272
2025-06-12 05:12:00,94.8
2025-06-12 19:28:00,3.2
2025-06-12 12:38:00,70.8
2025-06-12 10:33:00,77.0
2025-06-12 20:59:00,69.7
2025-06-12 13:11:00,19.9
2025-06-12 13:29:00,62.8
2025-06-12 04:44:00,39.4
2025-06-12 16:12:00,50.12778039031272
2025-06-12 22:15:00,50.12778039031272
2025-06-12 21:44:00,59.5
2025-06-12 10:53:00,70.4
2025-06-12 05:48:00,26.9
2025-06-12 15:03:00,40.6
2025-06-12 05:09:00,68.2
2025-06-12 22:43:00,49.8
2025-06-12 22:13:00,64.7
2025-06-12 17:07:00,83.8
2025-06-12 09:39:00,13.6
2025-06-12 04:55:00,55.8
2025-06-12 00:24:00,28.5
2025-06-12 12:40:00,38.2
2025-06-12 15:48:00,45.1
2025-06-12 02:47:00,80.3
2025-06-12 21:32:00,62.5
2025-06-12 03:10:00,29.9
2025-06-12 08:52:00,50.12778039031272
2025-06-12 21:21:00,40.3
2025-06-12 14:51:00,91.9
2025-06-12 18:23:00,72.8
2025-06-12 21:06:00,19.7
2025-06-12 01:17:00,1.3
2025-06-12 23:36:00,50.12778039031272
2025-06-12 01:35:00,7.0
2025-06-12 09:20:00,50.12778039031272
2025-06-12 10:47:00,50.12778039031272
2025-06-12 18:48:00,50.12778039031272
2025-06-12 19:03:00,19.4
2025-06-12 00:36:00,20.2
2025-06-12 16:06:00,50.12778039031272
2025-06-12 01:52:00,77.8
2025-06-12 10:21:00,26.5
2025-06-12 21:18:00,86.2
2025-06-12 23:19:00,6.9
2025-06-12 19:50:00,48.7
2025-06-12 19:42:00,16.8
2025-06-12 13:28:00,52.8
2025-06-12 06:12:00,17.0
2025-06-12 00:37:00,50.12778039031272
2025-06-12 10:56:00,81.5
2025-06-12 17:16:00,22.8
2025-06-12 16:57:00,47.3
2025-06-12 09:17:00,40.7
2025-06-12 14:05:00,55.3
2025-06-12 14:33:00,99.8
2025-06-12 23:48:00,92.1
2025-06-12 21:20:00,22.0
2025-06-12 11:08:00,53.7
2025-06-12 20:12:00,78.1
2025-06-12 04:17:00,62.8
2025-06-12 06:02:00,20.1
2025-06-12 08:16:00,65.8
2025-06-12 06:17:00,61.7
2025-06-12 02:20:00,20.0
2025-06-12 12:46:00,66.4
2025-06-12 18:04:00,53.8
2025-06-12 23:58:00,62.8
2025-06-12 10:44:00,58.6
2025-06-12 00:42:00,50.12778039031272
2025-06-12 10:59:00,7.8
2025-06-12 15:25:00,10.5
2025-06-12 09:21:00,51.1
2025-06-12 12:33:00,64.3
2025-06-12 16:23:00,57.7
2025-06-12 23:50:00,88.1
2025-06-12 10:49:00,93.7
2025-06-12 10:51:00,3.3
2025-06-12 06:14:00,36.7
2025-06-12 11:58:00,35.2
2025-06-12 06:56:00,65.1
2025-06-12 22:42:00,64.7
2025-06-12 01:16:00,1.2
2025-06-12 10:09:00,78.4
2025-06-12 03:11:00,89.0
2025-06-12 14:23:00,58.5
2025-06-12 21:13:00,45.5
2025-06-12 05:15:00,23.2
2025-06-12 08:48:00,26.3
2025-06-12 21:35:00,72.7
2025-06-12 18:43:00,50.12778039031272
2025-06-12 16:40:00,21.4
2025-06-12 20:17:00,92.0
2025-06-12 03:29:00,40.7
2025-06-12 15:24:00,33.8
2025-06-12 15:22:00,35.4
2025-06-12 16:47:00,33.1
2025-06-12 17:37:00,74.0
2025-06-12 03:31:00,16.6
2025-06-12 11:07:00,90.8
2025-06-12 04:47:00,61.1
2025-06-12 08:03:00,45.2
2025-06-12 09:18:00,26.6
2025-06-12 20:13:00,33.0
2025-06-12 22:12:00,56.5
2025-06-12 14:25:00,45.6
2025-06-12 13:10:00,69.6
2025-06-12 14:34:00,14.3
2025-06-12 21:46:00,44.3
2025-06-12 06:51:00,50.12778039031272
2025-06-12 07:32:00,37.0
2025-06-12 06:53:00,34.3
2025-06-12 01:05:00,98.6
2025-06-12 11:49:00,90.9
2025-06-12 20:06:00,12.7
2025-06-12 16:26:00,58.7
2025-06-12 00:19:00,50.12778039031272
2025-06-12 10:12:00,54.4
2025-06-12 04:24:00,50.12778039031272
2025-06-12 10:06:00,31.1
2025-06-12 21:01:00,37.8
2025-06-12 16:03:00,50.4
2025-06-12 17:01:00,68.4
2025-06-12 15:00:00,95.1
2025-06-12 07:38:00,50.12778039031272
2025-06-12 01:38:00,84.7
2025-06-12 14:18:00,50.12778039031272
2025-06-12 00:44:00,56.7
2025-06-12 20:50:00,27.3
2025-06-12 16:11:00,28.9
2025-06-12 21:19:00,54.7
2025-06-12 05:25:00,50.12778039031272
2025-06-12 22:55:00,21.9
2025-06-12 22:23:00,95.8
2025-06-12 14:28:00,38.0
2025-06-12 19:11:00,75.0
2025-06-12 03:38:00,50.12778039031272
2025-06-12 04:46:00,44.4
2025-06-12 12:48:00,62.7
2025-06-12 04:57:00,0.4
2025-06-12 11:13:00,48.6
2025-06-12 16:35:00,69.3
2025-06-12 16:25:00,76.0
2025-06-12 02:59:00,87.1
2025-06-12 04:39:00,95.7
2025-06-12 05:37:00,50.12778039031272
2025-06-12 23:31:00,50.12778039031272
2025-06-12 06:45:00,80.7
2025-06-12 00:45:00,50.12778039031272
2025-06-12 02:10:00,73.0
2025-06-12 06:50:00,27.1
2025-06-12 19:44:00,50.12778039031272
2025-06-12 02:03:00,39.8
2025-06-12 08:50:00,50.12778039031272
2025-06-12 02:12:00,54.8
2025-06-12 17:26:00,99.4
2025-06-12 22:06:00,73.7
2025-06-12 02:55:00,50.12778039031272
2025-06-12 22:28:00,50.12778039031272
2025-06-12 03:56:00,1.7
2025-06-12 04:41:00,3.4
2025-06-12 17:04:00,28.7
2025-06-12 04:53:00,50.12778039031272
2025-06-12 12:47:00,89.9
2025-06-12 08:33:00,40.3
2025-06-12 09:16:00,65.9
2025-06-12 22:08:00,50.7
2025-06-12 06:37:00,57.5
2025-06-12 12:12:00,11.0
2025-06-12 10:41:00,26.0
2025-06-12 09:15:00,50.12778039031272
2025-06-12 06:30:00,50.12778039031272
2025-06-12 11:00:00,75.5
2025-06-12 07:54:00,9.0
2025-06-12 11:15:00,13.6
2025-06-12 18:25:00,50.12778039031272
2025-06-12 13:54:00,51.1
2025-06-12 13:46:00,66.5
2025-06-12 19:57:00,94.9
2025-06-12 14:41:00,19.3
2025-06-12 08:06:00,23.0
2025-06-12 08:41:00,58.6
2025-06-12 20:23:00,32.4
2025-06-12 10:37:00,28.9
2025-06-12 21:40:00,88.8
2025-06-12 10:35:00,50.12778039031272
2025-06-12 08:53:00,35.4
2025-06-12 04:25:00,53.8
2025-06-12 23:35:00,92.7
2025-06-12 06:43:00,50.12778039031272
2025-06-12 00:03:00,67.5
2025-06-12 23:32:00,97.9
2025-06-12 21:26:00,2.4
2025-06-12 03:04:00,50.12778039031272
2025-06-12 07:51:00,15.8
2025-06-12 07:42:00,17.9
2025-06-12 23:13:00,50.12778039031272
2025-06-12 03:15:00,76.4
2025-06-12 11:06:00,30.7
2025-06-12 04:12:00,59.9
2025-06-12 16:50:00,79.0
2025-06-12 23:12:00,50.12778039031272
2025-06-12 19:32:00,71.2
2025-06-12 18:21:00,47.0
2025-06-12 04:26:00,10.9
2025-06-12 01:09:00,80.8
2025-06-12 23:38:00,69.7
2025-06-12 06:19:00,72.7
2025-06-12 14:56:00,60.2
2025-06-12 11:02:00,30.8
2025-06-12 23:02:00,31.6
2025-06-12 19:23:00,38.8
2025-06-12 14:14:00,50.12778039031272
2025-06-12 17:35:00,50.12778039031272
2025-06-12 06:25:00,2.7
2025-06-12 23:09:00,50.12778039031272
2025-06-12 17:44:00,78.3
2025-06-12 17:36:00,50.12778039031272
2025-06-12 07:25:00,73.1
2025-06-12 22:16:00,20.3
2025-06-12 14:12:00,62.9
2025-06-12 21:17:00,42.8
2025-06-12 16:30:00,51.5
2025-06-12 15:13:00,50.12778039031272
2025-06-12 01:13:00,17.8
2025-06-12 14:32:00,50.12778039031272
2025-06-12 01:04:00,75.9
2025-06-12 07:52:00,87.6
2025-06-12 19:37:00,89.9
2025-06-12 18:39:00,12.6
2025-06-12 23:43:00,52.5
2025-06-12 20:57:00,50.12778039031272
2025-06-12 19:38:00,95.9
2025-06-12 00:47:00,95.3
2025-06-12 17:03:00,4.5
2025-06-12 13:07:00,61.4
2025-06-12 09:34:00,40.8
2025-06-12 20:08:00,88.6
2025-06-12 01:07:00,98.6
2025-06-12 14:45:00,49.8
2025-06-12 06:54:00,20.1
2025-06-12 04:58:00,50.1655304792927
2025-06-12 06:39:00,76.1
2025-06-12 20:22:00,59.4
2025-06-12 14:40:00,50.1655304792927
2025-06-12 15:07:00,89.7
2025-06-12 15:40:00,97.7
2025-06-12 21:25:00,38.1
2025-06-12 22:31:00,28.4
2025-06-12 00:47:00,84.8
2025-06-12 02:55:00,48.2
2025-06-12 15:01:00,50.1655304792927
2025-06-12 18:56:00,42.7
2025-06-12 03:08:00,63.3
2025-06-12 03:36:00,70.7
2025-06-12 07:55:00,59.4
2025-06-12 14:53:00,61.0
2025-06-12 23:00:00,53.8
2025-06-12 23:01:00,62.5
2025-06-12 11:57:00,10.3
2025-06-12 18:36:00,47.6
2025-06-12 03:44:00,74.4
2025-06-12 17:17:00,54.0
2025-06-12 01:55:00,25.8
2025-06-12 21:08:00,41.6
2025-06-12 17:35:00,45.5
2025-06-12 20:48:00,74.9
2025-06-12 14:15:00,45.4
2025-06-12 23:16:00,51.6
2025-06-12 23:39:00,26.0
2025-06-12 20:57:00,35.2
2025-06-12 20:56:00,10.4
2025-06-12 02:35:00,20.5
2025-06-12 04:03:00,50.1655304792927
2025-06-12 21:32:00,36.5
2025-06-12 11:20:00,12.8
2025-06-12 05:04:00,50.1655304792927
2025-06-12 21:33:00,48.7
2025-06-12 17:37:00,56.9
2025-06-12 05:11:00,6.1
2025-06-12 22:50:00,50.1655304792927
2025-06-12 08:57:00,40.0
2025-06-12 03:27:00,20.7
2025-06-12 19:15:00,79.0
2025-06-12 02:43:00,75.1
2025-06-12 10:35:00,99.8
2025-06-12 03:54:00,29.9
2025-06-12 18:54:00,41.0
2025-06-12 17:05:00,50.1655304792927
2025-06-12 10:26:00,14.7
2025-06-12 00:01:00,12.2
2025-06-12 09:41:00,7.3
2025-06-12 07:50:00,17.4
2025-06-12 02:18:00,94.1
2025-06-12 13:38:00,27.3
2025-06-12 23:34:00,65.8
2025-06-12 06:12:00,30.8
2025-06-12 09:49:00,50.1655304792927
2025-06-12 04:53:00,62.7
2025-06-12 02:36:00,17.0
2025-06-12 13:14:00,91.9
2025-06-12 04:35:00,56.5
2025-06-12 05:08:00,78.8
2025-06-12 12:54:00,48.5
2025-06-12 18:29:00,95.2
2025-06-12 14:13:00,91.4
2025-06-12 22:47:00,37.3
2025-06-12 23:17:00,15.0
2025-06-12 21:34:00,50.1655304792927
2025-06-12 17:33:00,74.4
2025-06-12 08:29:00,19.7
2025-06-12 03:41:00,46.5
2025-06-12 21:46:00,55.6
2025-06-12 17:47:00,72.5
2025-06-12 20:58:00,7.0
2025-06-12 19:10:00,47.1
2025-06-12 22:05:00,63.5
2025-06-12 22:06:00,26.4
2025-06-12 00:52:00,16.5
2025-06-12 01:48:00,50.1655304792927
2025-06-12 00:18:00,2.3
2025-06-12 00:36:00,61.2
2025-06-12 12:48:00,98.8
2025-06-12 03:31:00,89.5
2025-06-12 23:33:00,85.6
2025-06-12 03:48:00,4.3
2025-06-12 18:39:00,60.0
2025-06-12 14:55:00,74.2
2025-06-12 04:47:00,10.5
2025-06-12 11:38:00,24.9
2025-06-12 04:43:00,94.5
2025-06-12 20:29:00,50.1655304792927
2025-06-12 21:51:00,54.7
2025-06-12 13:09:00,70.8
2025-06-12 16:36:00,44.7
2025-06-12 23:35:00,41.5
2025-06-12 05:21:00,27.7
2025-06-12 01:29:00,75.9
2025-06-12 14:08:00,2.2
2025-06-12 21:44:00,32.1
2025-06-12 07:13:00,81.0
2025-06-12 05:54:00,89.5
2025-06-12 03:33:00,82.4
2025-06-12 18:59:00,78.1
2025-06-12 03:43:00,68.0
2025-06-12 03:32:00,66.9
2025-06-12 20:32:00,22.6
2025-06-12 00:25:00,40.8
2025-06-12 10:00:00,14.5
2025-06-12 19:55:00,36.4
2025-06-12 04:55:00,61.8
2025-06-12 17:21:00,48.7
2025-06-12 14:52:00,23.0
2025-06-12 11:54:00,1.2
2025-06-12 19:31:00,32.9
2025-06-12 08:56:00,42.8
2025-06-12 23:30:00,36.1
2025-06-12 16:22:00,32.7
2025-06-12 00:29:00,96.5
2025-06-12 05:50:00,57.2
2025-06-12 21:05:00,98.7
2025-06-12 15:49:00,5.9
2025-06-12 05:18:00,57.1
2025-06-12 16:31:00,29.8
2025-06-12 03:49:00,44.0
2025-06-12 12:38:00,24.7
2025-06-12 13:59:00,34.0
2025-06-12 19:09:00,8.0
2025-06-12 01:25:00,87.5
2025-06-12 01:56:00,30.9
2025-06-12 15:54:00,43.0
2025-06-12 00:00:00,58.9
2025-06-12 21:01:00,91.3
2025-06-12 22:46:00,26.3
2025-06-12 03:12:00,63.2
2025-06-12 10:32:00,63.1
2025-06-12 07:37:00,13.9
2025-06-12 19:36:00,93.6
2025-06-12 02:33:00,63.8
2025-06-12 06:24:00,0.5
2025-06-12 11:07:00,55.1
2025-06-12 04:31:00,72.5
2025-06-12 19:27:00,95.7
2025-06-12 22:25:00,96.1
2025-06-12 01:21:00,26.8
2025-06-12 15:43:00,94.5
2025-06-12 13:41:00,43.7
2025-06-12 14:28:00,49.1
2025-06-12 03:34:00,97.0
2025-06-12 12:55:00,71.1
2025-06-12 15:37:00,49.5
2025-06-12 04:14:00,88.6
2025-06-12 06:40:00,2.7
2025-06-12 00:40:00,77.4
2025-06-12 10:16:00,61.6
2025-06-12 09:06:00,77.9
2025-06-12 23:09:00,50.1655304792927
2025-06-12 01:43:00,68.1
2025-06-12 15:47:00,99.1
2025-06-12 06:33:00,53.9
2025-06-12 09:56:00,20.5
2025-06-12 11:35:00,64.1
2025-06-12 19:56:00,50.1655304792927
2025-06-12 14:35:00,35.7
2025-06-12 19:11:00,6.2
2025-06-12 08:53:00,50.1655304792927
2025-06-12 19:50:00,9.2
2025-06-12 02:45:00,9.0
2025-06-12 05:52:00,1.1
2025-06-12 06:29:00,68.3
2025-06-12 01:41:00,63.1
2025-06-12 04:04:00,86.8
2025-06-12 01:16:00,88.8
2025-06-12 13:46:00,8.9
2025-06-12 15:21:00,77.6
2025-06-12 07:24:00,25.3
2025-06-12 10:54:00,50.1655304792927
2025-06-12 05:41:00,54.8
2025-06-12 06:14:00,95.6
2025-06-12 23:56:00,54.2
2025-06-12 03:10:00,50.2
2025-06-12 17:56:00,63.1
2025-06-12 17:36:00,27.5
2025-06-12 18:52:00,50.1655304792927
2025-06-12 03:14:00,50.1655304792927
2025-06-12 15:59:00,50.1655304792927
2025-06-12 02:40:00,64.4
2025-06-12 21:12:00,17.3
2025-06-12 16:40:00,58.9
2025-06-12 23:43:00,51.8
2025-06-12 07:05:00,60.8
2025-06-12 00:16:00,40.4
2025-06-12 19:05:00,94.5
2025-06-12 01:26:00,3.2
2025-06-12 00:55:00,9.3
2025-06-12 14:42:00,7.4
2025-06-12 20:40:00,23.6
2025-06-12 08:20:00,2.2
2025-06-12 00:05:00,53.8
2025-06-12 08:25:00,90.6
2025-06-12 17:28:00,92.0
2025-06-12 03:35:00,74.5
2025-06-12 02:57:00,54.4
2025-06-12 04:56:00,64.7
2025-06-12 05:06:00,50.1655304792927
2025-06-12 19:43:00,50.1655304792927
2025-06-12 01:33:00,12.3
2025-06-12 20:16:00,72.1
2025-06-12 06:18:00,53.4
2025-06-12 01:27:00,50.1655304792927
2025-06-12 14:07:00,26.4
2025-06-12 08:34:00,54.0
2025-06-12 19:22:00,15.8
2025-06-12 12:59:00,50.1655304792927
2025-06-12 03:57:00,29.9
2025-06-12 15:23:00,40.9
2025-06-12 15:08:00,14.6
2025-06-12 01:12:00,56.4
2025-06-12 17:23:00,38.3
2025-06-12 08:15:00,54.6
2025-06-12 02:51:00,27.0
2025-06-12 17:45:00,38.3
2025-06-12 18:44:00,43.6
2025-06-12 04:10:00,37.3
2025-06-12 19:59:00,61.5
2025-06-12 13:52:00,73.7
2025-06-12 02:28:00,49.4
2025-06-12 19:51:00,36.8
2025-06-12 00:43:00,25.3
2025-06-12 07:22:00,87.8
2025-06-12 20:03:00,53.5
2025-06-12 12:40:00,14.6
2025-06-12 10:06:00,50.1655304792927
2025-06-12 20:49:00,54.8
2025-06-12 18:02:00,3.6
2025-06-12 15:06:00,50.1655304792927
2025-06-12 16:01:00,35.6
2025-06-12 22:54:00,22.4
2025-06-12 14:18:00,71.6
2025-06-12 16:11:00,50.1655304792927
2025-06-12 20:25:00,86.0
2025-06-12 01:32:00,11.5
2025-06-12 03:38:00,10.2
2025-06-12 21:09:00,94.4
2025-06-12 05:43:00,88.3
2025-06-12 01:50:00,94.0
2025-06-12 18:49:00,50.1655304792927
2025-06-12 03:42:00,73.0
2025-06-12 03:25:00,46.0
2025-06-12 00:41:00,13.4
2025-06-12 00:30:00,19.4
2025-06-12 02:30:00,79.4
2025-06-12 17:30:00,89.9
2025-06-12 10:30:00,21.5
2025-06-12 03:24:00,59.7
2025-06-12 23:47:00,50.1655304792927
2025-06-12 18:41:00,94.7
2025-06-12 22:19:00,50.1655304792927
2025-06-12 10:49:00,51.1
2025-06-12 03:55:00,50.1655304792927
2025-06-12 23:40:00,56.4
2025-06-12 04:49:00,50.1655304792927
2025-06-12 03:39:00,50.1655304792927
2025-06-12 06:28:00,83.6
2025-06-12 20:04:00,75.2
2025-06-12 19:14:00,42.9
2025-06-12 12:23:00,54.2
2025-06-12 19:21:00,35.9
2025-06-12 02:06:00,88.3
2025-06-12 06:56:00,25.3
2025-06-12 15:28:00,78.8
2025-06-12 23:14:00,64.7
2025-06-12 06:04:00,69.9
2025-06-12 01:59:00,43.8
2025-06-12 00:03:00,19.5
2025-06-12 23:18:00,82.9
2025-06-12 23:07:00,94.2
2025-06-12 23:31:00,75.9
2025-06-12 21:39:00,40.1
2025-06-12 14:12:00,68.3
2025-06-12 07:43:00,37.5
2025-06-12 02:04:00,50.2
2025-06-12 16:49:00,15.1
2025-06-12 22:58:00,67.9
2025-06-12 11:53:00,97.2
2025-06-12 03:29:00,32.9
2025-06-12 15:33:00,67.5
2025-06-12 13:42:00,44.6
2025-06-12 17:01:00,50.1655304792927
2025-06-12 12:42:00,50.0
2025-06-12 02:49:00,84.2
2025-06-12 19:01:00,55.2
2025-06-12 09:34:00,13.9
2025-06-12 21:57:00,13.0
2025-06-12 04:19:00,85.3
2025-06-12 02:57:00,68.2
2025-06-12 17:31:00,50.16485882352941
2025-06-12 18:36:00,50.16485882352941
2025-06-12 20:34:00,90.4
2025-06-12 01:38:00,57.6
2025-06-12 05:58:00,59.2
2025-06-12 17:59:00,50.16485882352941
2025-06-12 11:47:00,50.16485882352941
2025-06-12 17:08:00,50.16485882352941
2025-06-12 22:39:00,98.1
2025-06-12 15:03:00,6.4
2025-06-12 10:36:00,54.5
2025-06-12 14:41:00,67.3
2025-06-12 00:19:00,99.8
2025-06-12 23:50:00,82.5
2025-06-12 16:58:00,50.16485882352941
2025-06-12 17:30:00,50.16485882352941
2025-06-12 17:33:00,50.16485882352941
2025-06-12 19:51:00,19.6
2025-06-12 10:39:00,38.0
2025-06-12 18:55:00,3.3
2025-06-12 04:10:00,53.3
2025-06-12 03:03:00,28.9
2025-06-12 03:42:00,50.16485882352941
2025-06-12 05:35:00,78.0
2025-06-12 01:40:00,43.4
2025-06-12 19:15:00,74.8
2025-06-12 00:51:00,44.6
2025-06-12 00:49:00,15.7
2025-06-12 09:06:00,63.0
2025-06-12 07:57:00,67.0
2025-06-12 19:07:00,48.0
2025-06-12 00:42:00,99.1
2025-06-12 06:53:00,13.1
2025-06-12 00:52:00,7.9
2025-06-12 04:09:00,59.1
2025-06-12 11:07:00,25.1
2025-06-12 13:18:00,32.7
2025-06-12 10:27:00,3.0
2025-06-12 13:02:00,65.2
2025-06-12 00:09:00,45.9
2025-06-12 02:10:00,74.5
2025-06-12 20:46:00,45.9
2025-06-12 09:07:00,90.2
2025-06-12 21:26:00,35.2
2025-06-12 06:20:00,39.6
2025-06-12 08:43:00,67.5
2025-06-12 14:14:00,70.9
2025-06-12 00:10:00,13.0
2025-06-12 16:11:00,81.9
2025-06-12 03:11:00,48.6
2025-06-12 03:34:00,68.0
2025-06-12 08:21:00,5.9
2025-06-12 21:06:00,79.7
2025-06-12 12:58:00,50.9
2025-06-12 12:36:00,50.16485882352941
2025-06-12 07:49:00,41.3
2025-06-12 03:04:00,59.8
2025-06-12 00:58:00,98.5
2025-06-12 16:34:00,63.3
2025-06-12 02:03:00,0.3
2025-06-12 14:09:00,16.7
2025-06-12 03:45:00,19.7
2025-06-12 22:51:00,22.6
2025-06-12 06:10:00,72.0
2025-06-12 15:31:00,29.2
2025-06-12 06:04:00,77.6
2025-06-12 05:28:00,95.1
2025-06-12 09:37:00,26.7
2025-06-12 22:36:00,50.16485882352941
2025-06-12 01:57:00,18.4
2025-06-12 22:41:00,50.16485882352941
2025-06-12 01:32:00,85.4
2025-06-12 05:00:00,50.16485882352941
2025-06-12 11:32:00,98.1
2025-06-12 16:15:00,67.7
2025-06-12 01:28:00,86.6
2025-06-12 01:37:00,52.5
2025-06-12 07:40:00,50.1
2025-06-12 04:11:00,2.8
2025-06-12 18:45:00,46.5
2025-06-12 23:21:00,87.8
2025-06-12 20:26:00,24.9
2025-06-12 22:53:00,17.7
2025-06-12 03:23:00,67.4
2025-06-12 10:08:00,54.7
2025-06-12 06:26:00,50.16485882352941
2025-06-12 12:12:00,16.9
2025-06-12 21:45:00,5.3
2025-06-12 03:28:00,84.0
2025-06-12 19:56:00,39.2
2025-06-12 12:26:00,85.8
2025-06-12 07:41:00,38.7
2025-06-12 01:03:00,62.5
2025-06-12 03:37:00,39.7
2025-06-12 20:24:00,50.16485882352941
2025-06-12 04:18:00,70.4
2025-06-12 02:06:00,35.1
2025-06-12 16:40:00,50.16485882352941
2025-06-12 00:25:00,34.4
2025-06-12 07:46:00,17.4
2025-06-12 19:09:00,30.8
2025-06-12 09:42:00,65.7
2025-06-12 05:41:00,64.8
2025-06-12 21:48:00,92.8
2025-06-12 23:15:00,17.2
2025-06-12 04:37:00,33.6
2025-06-12 11:02:00,40.7
2025-06-12 07:31:00,90.9
2025-06-12 15:35:00,46.2
2025-06-12 01:00:00,72.6
2025-06-12 23:01:00,65.6
2025-06-12 00:38:00,92.5
2025-06-12 11:17:00,56.7
2025-06-12 06:30:00,53.4
2025-06-12 06:05:00,5.5
2025-06-12 00:15:00,50.16485882352941
2025-06-12 05:57:00,50.16485882352941
2025-06-12 21:34:00,98.1
2025-06-12 17:37:00,66.2
2025-06-12 23:59:00,6.9
2025-06-12 08:38:00,53.2
2025-06-12 07:00:00,44.7
2025-06-12 04:28:00,24.4
2025-06-12 06:08:00,66.9
2025-06-12 12:33:00,87.3
2025-06-12 20:13:00,22.9
2025-06-12 23:38:00,50.16485882352941
2025-06-12 14:47:00,98.1
2025-06-12 20:14:00,96.8
2025-06-12 00:54:00,78.0
2025-06-12 15:34:00,76.8
2025-06-12 00:18:00,20.1
2025-06-12 01:15:00,18.6
2025-06-12 00:16:00,23.4
2025-06-12 19:28:00,3.9
2025-06-12 06:02:00,68.0
2025-06-12 06:27:00,50.16485882352941
2025-06-12 16:49:00,50.16485882352941
2025-06-12 06:25:00,63.3
2025-06-12 18:11:00,50.16485882352941
2025-06-12 02:49:00,29.6
2025-06-12 02:46:00,9.5
2025-06-12 16:06:00,40.8
2025-06-12 01:22:00,74.8
2025-06-12 09:39:00,97.7
2025-06-12 18:31:00,50.16485882352941
2025-06-12 08:17:00,50.16485882352941
2025-06-12 00:36:00,49.9
2025-06-12 10:18:00,69.9
2025-06-12 17:32:00,29.0
2025-06-12 06:46:00,21.0
2025-06-12 06:43:00,50.16485882352941
2025-06-12 01:10:00,20.0
2025-06-12 06:12:00,14.2
2025-06-12 05:56:00,50.16485882352941
2025-06-12 21:42:00,78.6
2025-06-12 15:29:00,28.0
2025-06-12 15:50:00,59.3
2025-06-12 08:29:00,50.6
2025-06-12 23:40:00,43.6
2025-06-12 21:46:00,61.4
2025-06-12 20:57:00,69.4
2025-06-12 14:26:00,8.6
2025-06-12 21:49:00,9.9
2025-06-12 20:02:00,68.5
2025-06-12 17:46:00,72.9
2025-06-12 00:23:00,58.5
2025-06-12 03:17:00,50.16485882352941
2025-06-12 10:53:00,40.0
2025-06-12 05:36:00,35.9
2025-06-12 09:15:00,95.6
2025-06-12 23:18:00,49.5
2025-06-12 02:34:00,50.8
2025-06-12 07:01:00,22.4
2025-06-12 02:32:00,30.3
2025-06-12 12:50:00,9.5
2025-06-12 08:27:00,99.5
2025-06-12 04:13:00,33.3
2025-06-12 16:19:00,88.5
2025-06-12 18:26:00,70.9
2025-06-12 11:48:00,50.16485882352941
2025-06-12 22:43:00,77.8
2025-06-12 03:54:00,45.7
2025-06-12 08:23:00,66.5
2025-06-12 16:57:00,31.4
2025-06-12 21:35:00,46.0
2025-06-12 00:01:00,84.9
2025-06-12 12:59:00,50.16485882352941
2025-06-12 00:12:00,35.7
2025-06-12 19:30:00,45.8
2025-06-12 15:30:00,52.6
2025-06-12 08:35:00,66.0
2025-06-12 08:50:00,50.16485882352941
2025-06-12 07:23:00,87.7
2025-06-12 19:55:00,14.5
2025-06-12 16:07:00,50.16485882352941
2025-06-12 23:36:00,66.9
2025-06-12 16:28:00,88.8
2025-06-12 04:44:00,67.3
2025-06-12 08:10:00,50.16485882352941
2025-06-12 11:46:00,70.1
2025-06-12 07:03:00,39.3
2025-06-12 07:14:00,50.16485882352941
2025-06-12 06:34:00,46.8
2025-06-12 23:47:00,91.9
2025-06-12 10:46:00,65.3
2025-06-12 18:53:00,27.1
2025-06-12 00:31:00,7.0
2025-06-12 22:29:00,32.6
2025-06-12 23:24:00,46.0
2025-06-12 22:07:00,15.7
2025-06-12 10:10:00,50.16485882352941
2025-06-12 18:23:00,38.9
2025-06-12 13:56:00,88.8
2025-06-12 03:15:00,19.3
2025-06-12 17:35:00,8.6
2025-06-12 09:29:00,34.0
2025-06-12 10:43:00,49.8
2025-06-12 07:02:00,50.16485882352941
2025-06-12 12:51:00,88.0
2025-06-12 19:59:00,22.8
2025-06-12 05:51:00,82.1
2025-06-12 19:11:00,99.9
2025-06-12 18:04:00,76.1
2025-06-12 21:04:00,80.8
2025-06-12 22:24:00,15.1
2025-06-12 17:51:00,44.5
2025-06-12 23:03:00,15.2
2025-06-12 01:24:00,71.9
2025-06-12 06:15:00,18.9
2025-06-12 09:01:00,24.1
2025-06-12 07:22:00,29.9
2025-06-12 10:57:00,94.1
2025-06-12 07:48:00,89.1
2025-06-12 16:42:00,71.8
2025-06-12 20:10:00,79.3
2025-06-12 11:28:00,77.3
2025-06-12 07:28:00,45.9
2025-06-12 00:35:00,49.8
2025-06-12 23:07:00,50.16485882352941
2025-06-12 23:29:00,50.16485882352941
2025-06-12 04:30:00,78.7
2025-06-12 17:52:00,50.16485882352941
2025-06-12 06:03:00,47.3
2025-06-12 06:21:00,95.3
2025-06-12 22:45:00,32.0
2025-06-12 09:41:00,50.16485882352941
2025-06-12 04:27:00,79.6
2025-06-12 13:38:00,0.6
2025-06-12 11:42:00,14.7
2025-06-12 20:16:00,24.0
2025-06-12 23:49:00,14.6
2025-06-12 14:00:00,50.16485882352941
2025-06-12 19:31:00,63.3
2025-06-12 05:59:00,67.6
2025-06-12 02:35:00,48.9
2025-06-12 20:20:00,69.3
2025-06-12 00:17:00,16.9
2025-06-12 00:33:00,23.5
2025-06-12 22:04:00,50.16485882352941
2025-06-12 17:20:00,50.16485882352941
2025-06-12 13:44:00,16.2
2025-06-12 02:05:00,18.4
2025-06-12 21:55:00,2.9
2025-06-12 01:17:00,47.9
2025-06-12 20:33:00,82.0
2025-06-12 21:27:00,32.3
2025-06-12 08:39:00,50.16485882352941
2025-06-12 07:58:00,37.7
2025-06-12 21:07:00,37.9
2025-06-12 20:53:00,35.5
2025-06-12 17:04:00,84.9
2025-06-12 08:44:00,41.5
2025-06-12 15:40:00,27.5
2025-06-12 16:02:00,31.1
2025-06-12 23:44:00,50.16485882352941
2025-06-12 09:46:00,50.16485882352941
2025-06-12 11:56:00,50.16485882352941
2025-06-12 18:15:00,31.0
2025-06-12 16:12:00,50.16485882352941
2025-06-12 04:45:00,64.9
2025-06-12 09:00:00,14.9
2025-06-12 11:55:00,69.1
2025-06-12 11:40:00,56.0
2025-06-12 22:20:00,8.3
2025-06-12 21:03:00,16.0
2025-06-12 10:02:00,50.16485882352941
2025-06-12 02:08:00,97.6
2025-06-12 05:30:00,90.7
2025-06-12 08:49:00,4.4
2025-06-12 10:30:00,89.6
2025-06-12 00:13:00,32.5
2025-06-12 22:05:00,13.6
2025-06-12 01:05:00,64.2
2025-06-12 18:27:00,50.16485882352941
2025-06-12 10:17:00,12.1
2025-06-12 13:33:00,50.16485882352941
2025-06-12 13:07:00,50.16485882352941
2025-06-12 22:49:00,30.5
2025-06-12 04:43:00,78.5
2025-06-12 22:31:00,83.1
2025-06-12 19:25:00,78.6
2025-06-12 03:10:00,13.2
2025-06-12 06:16:00,50.16485882352941
2025-06-12 06:50:00,50.16485882352941
2025-06-12 07:34:00,77.5
2025-06-12 21:14:00,46.7
2025-06-12 08:34:00,9.5
2025-06-12 21:11:00,1.4
2025-06-12 09:59:00,55.5
2025-06-12 07:05:00,50.9
2025-06-12 20:19:00,49.7
2025-06-12 22:58:00,31.7
2025-06-12 14:36:00,49.40323484760014
2025-06-12 14:54:00,68.6
2025-06-12 09:39:00,25.7
2025-06-12 01:28:00,49.40323484760014
2025-06-12 17:56:00,49.40323484760014
2025-06-12 14:45:00,49.40323484760014
2025-06-12 16:35:00,9.0
2025-06-12 19:05:00,42.8
2025-06-12 19:22:00,52.6
2025-06-12 21:58:00,69.1
2025-06-12 06:43:00,91.4
2025-06-12 08:00:00,62.7
2025-06-12 08:32:00,45.0
2025-06-12 16:49:00,79.9
2025-06-12 04:38:00,33.0
2025-06-12 15:15:00,38.6
2025-06-12 00:01:00,49.40323484760014
2025-06-12 21:08:00,53.4
2025-06-12 08:55:00,84.9
2025-06-12 17:54:00,68.6
2025-06-12 16:54:00,49.40323484760014
2025-06-12 03:36:00,70.3
2025-06-12 17:44:00,29.0
2025-06-12 22:23:00,49.40323484760014
2025-06-12 18:42:00,30.1
2025-06-12 23:25:00,85.4
2025-06-12 23:27:00,59.5
2025-06-12 05:24:00,49.40323484760014
2025-06-12 06:14:00,42.1
2025-06-12 04:56:00,76.0
2025-06-12 06:46:00,14.3
2025-06-12 22:38:00,68.8
2025-06-12 14:28:00,31.8
2025-06-12 09:28:00,33.8
2025-06-12 21:10:00,13.7
2025-06-12 02:39:00,11.0
2025-06-12 17:53:00,6.1
2025-06-12 09:03:00,52.5
2025-06-12 20:13:00,49.40323484760014
2025-06-12 21:06:00,49.40323484760014
2025-06-12 09:13:00,11.1
2025-06-12 05:59:00,50.6
2025-06-12 19:58:00,71.5
2025-06-12 17:50:00,11.8
2025-06-12 11:42:00,48.9
2025-06-12 12:56:00,77.9
2025-06-12 06:01:00,96.6
2025-06-12 04:37:00,40.7
2025-06-12 19:46:00,13.3
2025-06-12 11:10:00,16.6
2025-06-12 13:13:00,96.2
2025-06-12 17:10:00,49.40323484760014
2025-06-12 23:05:00,99.5
2025-06-12 03:28:00,91.3
2025-06-12 06:31:00,64.1
2025-06-12 01:41:00,48.2
2025-06-12 08:46:00,97.5
2025-06-12 14:18:00,22.7
2025-06-12 02:59:00,36.6
2025-06-12 13:50:00,95.5
2025-06-12 16:38:00,28.8
2025-06-12 04:26:00,15.9
2025-06-12 19:00:00,50.3
2025-06-12 00:05:00,70.3
2025-06-12 00:12:00,73.2
2025-06-12 14:55:00,49.40323484760014
2025-06-12 07:56:00,49.40323484760014
2025-06-12 01:44:00,97.8
2025-06-12 06:54:00,13.6
2025-06-12 21:25:00,45.3
2025-06-12 00:16:00,38.6
2025-06-12 13:04:00,56.1
2025-06-12 15:52:00,66.9
2025-06-12 08:08:00,61.3
2025-06-12 03:26:00,95.0
2025-06-12 20:15:00,53.4
2025-06-12 15:24:00,54.6
2025-06-12 03:50:00,88.2
2025-06-12 10:48:00,93.3
2025-06-12 11:14:00,98.1
2025-06-12 08:59:00,50.7
2025-06-12 09:32:00,44.5
2025-06-12 09:07:00,96.6
2025-06-12 21:24:00,39.4
2025-06-12 14:51:00,49.40323484760014
2025-06-12 04:58:00,34.1
2025-06-12 18:08:00,49.40323484760014
2025-06-12 09:53:00,51.2
2025-06-12 23:17:00,76.0
2025-06-12 19:40:00,85.9
2025-06-12 22:15:00,0.7
2025-06-12 08:33:00,81.3
2025-06-12 22:02:00,31.8
2025-06-12 07:32:00,54.7
2025-06-12 10:46:00,49.40323484760014
2025-06-12 20:04:00,72.6
2025-06-12 19:02:00,49.40323484760014
2025-06-12 09:51:00,73.3
2025-06-12 16:03:00,35.7
2025-06-12 22:27:00,58.3
2025-06-12 17:51:00,34.8
2025-06-12 01:09:00,79.5
2025-06-12 01:56:00,81.0
2025-06-12 05:47:00,92.6
2025-06-12 01:10:00,55.3
2025-06-12 04:25:00,48.8
2025-06-12 22:03:00,62.9
2025-06-12 09:18:00,83.4
2025-06-12 23:20:00,49.40323484760014
2025-06-12 11:39:00,70.0
2025-06-12 03:15:00,83.9
2025-06-12 01:04:00,49.40323484760014
2025-06-12 05:17:00,79.6
2025-06-12 12:29:00,17.7
2025-06-12 15:35:00,9.7
2025-06-12 06:04:00,8.6
2025-06-12 10:14:00,13.2
2025-06-12 23:58:00,13.3
2025-06-12 01:46:00,64.4
2025-06-12 01:06:00,7.4
2025-06-12 12:37:00,49.1
2025-06-12 17:12:00,44.5
2025-06-12 14:34:00,75.2
2025-06-12 02:34:00,49.0
2025-06-12 03:53:00,11.2
2025-06-12 01:33:00,54.4
2025-06-12 22:50:00,59.4
2025-06-12 14:09:00,59.7
2025-06-12 08:15:00,61.3
2025-06-12 13:19:00,92.5
2025-06-12 17:23:00,59.5
2025-06-12 22:14:00,19.5
2025-06-12 17:32:00,43.0
2025-06-12 22:28:00,95.8
2025-06-12 14:06:00,49.40323484760014
2025-06-12 19:23:00,49.40323484760014
2025-06-12 08:17:00,42.4
2025-06-12 05:10:00,27.3
2025-06-12 05:50:00,31.3
2025-06-12 06:05:00,17.3
2025-06-12 00:29:00,68.1
2025-06-12 23:45:00,90.9
2025-06-12 06:39:00,49.40323484760014
2025-06-12 10:32:00,59.9
2025-06-12 01:22:00,15.5
2025-06-12 08:50:00,6.3
2025-06-12 14:11:00,49.40323484760014
2025-06-12 09:16:00,17.9
2025-06-12 12:01:00,33.5
2025-06-12 19:21:00,33.7
2025-06-12 20:39:00,23.1
2025-06-12 03:37:00,23.6
2025-06-12 19:31:00,78.2
2025-06-12 17:47:00,49.40323484760014
2025-06-12 03:45:00,12.6
2025-06-12 22:10:00,16.0
2025-06-12 10:36:00,15.5
2025-06-12 09:23:00,6.3
2025-06-12 22:21:00,49.40323484760014
2025-06-12 15:39:00,20.2
2025-06-12 20:41:00,66.3
2025-06-12 04:35:00,70.5
2025-06-12 03:09:00,94.3
2025-06-12 21:42:00,22.5
2025-06-12 21:33:00,52.7
2025-06-12 13:56:00,50.3
2025-06-12 23:07:00,49.40323484760014
2025-06-12 00:54:00,11.2
2025-06-12 04:52:00,87.5
2025-06-12 06:22:00,68.8
2025-06-12 15:19:00,55.4
2025-06-12 13:28:00,76.8
2025-06-12 04:17:00,47.9
2025-06-12 03:29:00,49.40323484760014
2025-06-12 09:45:00,48.6
2025-06-12 11:57:00,54.9
2025-06-12 21:46:00,14.3
2025-06-12 12:14:00,70.2
2025-06-12 10:00:00,47.7
2025-06-12 15:04:00,69.8
2025-06-12 13:18:00,38.1
2025-06-12 11:43:00,64.4
2025-06-12 09:08:00,42.3
2025-06-12 13:44:00,82.1
2025-06-12 06:50:00,86.1
2025-06-12 06:18:00,31.2
2025-06-12 21:19:00,31.6
2025-06-12 21:56:00,31.1
2025-06-12 02:32:00,39.8
2025-06-12 23:52:00,41.5
2025-06-12 14:16:00,18.1
2025-06-12 01:24:00,69.1
2025-06-12 11:45:00,49.40323484760014
2025-06-12 01:05:00,76.2
2025-06-12 21:05:00,30.9
2025-06-12 04:16:00,53.3
2025-06-12 22:39:00,49.40323484760014
2025-06-12 11:12:00,64.2
2025-06-12 20:22:00,49.40323484760014
2025-06-12 19:41:00,1.3
2025-06-12 21:13:00,49.40323484760014
2025-06-12 12:02:00,49.40323484760014
2025-06-12 11:17:00,49.40323484760014
2025-06-12 10:28:00,14.1
2025-06-12 09:05:00,84.6
2025-06-12 14:24:00,16.0
2025-06-12 16:12:00,86.2
2025-06-12 20:14:00,6.0
2025-06-12 08:49:00,49.40323484760014
2025-06-12 06:56:00,35.8
2025-06-12 04:59:00,58.1
2025-06-12 20:23:00,49.40323484760014
2025-06-12 18:09:00,93.5
2025-06-12 15:30:00,3.9
2025-06-12 08:13:00,92.9
2025-06-12 09:44:00,94.0
2025-06-12 21:18:00,77.2
2025-06-12 19:36:00,88.5
2025-06-12 17:38:00,73.8
2025-06-12 20:17:00,53.3
2025-06-12 05:11:00,47.1
2025-06-12 09:29:00,84.4
2025-06-12 12:05:00,49.40323484760014
2025-06-12 23:40:00,93.2
2025-06-12 13:10:00,5.3
2025-06-12 23:03:00,91.7
2025-06-12 13:15:00,7.4
2025-06-12 05:57:00,35.4
2025-06-12 06:25:00,77.5
2025-06-12 14:17:00,5.2
2025-06-12 00:50:00,69.6
2025-06-12 15:45:00,62.8
2025-06-12 23:42:00,70.5
2025-06-12 16:08:00,77.5
2025-06-12 11:18:00,24.9
2025-06-12 04:13:00,66.7
2025-06-12 01:47:00,49.8
2025-06-12 23:22:00,49.40323484760014
2025-06-12 20:42:00,64.3
2025-06-12 05:01:00,97.3
2025-06-12 10:25:00,51.7
2025-06-12 21:47:00,35.0
2025-06-12 01:31:00,54.6
2025-06-12 15:16:00,21.1
2025-06-12 13:35:00,14.3
2025-06-12 13:51:00,33.7
2025-06-12 00:40:00,86.7
2025-06-12 04:40:00,49.40323484760014
2025-06-12 03:42:00,27.7
2025-06-12 00:30:00,74.8
2025-06-12 18:41:00,83.4
2025-06-12 18:49:00,49.40323484760014
2025-06-12 15:13:00,65.8
2025-06-12 01:35:00,13.7
2025-06-12 07:48:00,49.40323484760014
2025-06-12 17:17:00,54.6
2025-06-12 11:35:00,66.1
2025-06-12 16:25:00,2.6
2025-06-12 22:34:00,86.4
2025-06-12 16:27:00,41.7
2025-06-12 19:55:00,29.5
2025-06-12 05:19:00,49.40323484760014
2025-06-12 13:47:00,50.4
2025-06-12 03:22:00,7.2
2025-06-12 07:06:00,57.4
2025-06-12 00:18:00,41.8
2025-06-12 17:26:00,58.0
2025-06-12 16:09:00,2.0
2025-06-12 12:27:00,18.8
2025-06-12 06:38:00,49.40323484760014
2025-06-12 07:42:00,21.4
2025-06-12 21:32:00,8.1
2025-06-12 05:42:00,50.6
2025-06-12 08:01:00,52.4
2025-06-12 11:58:00,20.1
2025-06-12 07:43:00,70.1
2025-06-12 16:24:00,48.0
2025-06-12 00:07:00,89.6
2025-06-12 04:34:00,75.6
2025-06-12 00:44:00,38.6
2025-06-12 04:15:00,49.40323484760014
2025-06-12 02:09:00,24.7
2025-06-12 12:18:00,51.7
2025-06-12 07:07:00,88.4
2025-06-12 11:55:00,63.8
2025-06-12 23:37:00,9.3
2025-06-12 16:24:00,95.9
2025-06-12 00:30:00,29.0
2025-06-12 23:54:00,39.8
2025-06-12 09:48:00,12.6
2025-06-12 05:36:00,91.5
2025-06-12 17:20:00,50.400661703887515
2025-06-12 09:05:00,76.8
2025-06-12 19:03:00,50.400661703887515
2025-06-12 03:13:00,91.9
2025-06-12 08:50:00,56.0
2025-06-12 06:42:00,76.4
2025-06-12 08:22:00,56.1
2025-06-12 03:27:00,73.0
2025-06-12 04:52:00,27.4
2025-06-12 15:56:00,4.1
2025-06-12 05:52:00,75.6
2025-06-12 18:20:00,39.5
2025-06-12 02:20:00,8.4
2025-06-12 11:33:00,27.3
2025-06-12 23:02:00,99.2
2025-06-12 02:36:00,76.8
2025-06-12 23:45:00,93.4
2025-06-12 03:44:00,23.5
2025-06-12 16:34:00,8.0
2025-06-12 21:12:00,79.4
2025-06-12 11:07:00,0.5
2025-06-12 17:50:00,10.8
2025-06-12 14:28:00,24.5
2025-06-12 00:41:00,50.400661703887515
2025-06-12 01:21:00,97.1
2025-06-12 09:23:00,23.1
2025-06-12 08:54:00,96.5
2025-06-12 06:38:00,50.400661703887515
2025-06-12 20:18:00,59.4
2025-06-12 20:08:00,3.6
2025-06-12 02:58:00,76.4
2025-06-12 05:22:00,12.0
2025-06-12 07:47:00,50.400661703887515
2025-06-12 22:57:00,71.6
2025-06-12 15:54:00,63.2
2025-06-12 10:10:00,27.2
2025-06-12 18:59:00,95.9
2025-06-12 21:17:00,22.5
2025-06-12 01:36:00,95.2
2025-06-12 19:27:00,39.4
2025-06-12 22:40:00,50.400661703887515
2025-06-12 14:56:00,50.400661703887515
2025-06-12 11:10:00,97.9
2025-06-12 09:25:00,74.9
2025-06-12 21:19:00,16.8
2025-06-12 09:13:00,76.3
2025-06-12 22:25:00,91.4
2025-06-12 11:45:00,59.6
2025-06-12 05:19:00,92.2
2025-06-12 22:48:00,20.6
2025-06-12 03:58:00,26.2
2025-06-12 09:12:00,37.0
2025-06-12 06:23:00,88.0
2025-06-12 06:18:00,17.5
2025-06-12 01:20:00,61.6
2025-06-12 22:03:00,75.5
2025-06-12 13:15:00,47.1
2025-06-12 05:00:00,50.400661703887515
2025-06-12 03:22:00,53.9
2025-06-12 16:25:00,14.0
2025-06-12 13:11:00,75.9
2025-06-12 06:37:00,33.1
2025-06-12 13:03:00,50.400661703887515
2025-06-12 07:58:00,88.4
2025-06-12 09:06:00,50.400661703887515
2025-06-12 10:46:00,50.1
2025-06-12 12:17:00,50.400661703887515
2025-06-12 13:46:00,39.7
2025-06-12 14:55:00,66.4
2025-06-12 07:51:00,13.4
2025-06-12 11:25:00,28.9
2025-06-12 13:28:00,17.5
2025-06-12 22:07:00,50.400661703887515
2025-06-12 05:21:00,99.5
2025-06-12 04:39:00,52.2
2025-06-12 08:25:00,20.2
2025-06-12 11:43:00,50.400661703887515
2025-06-12 17:13:00,50.400661703887515
2025-06-12 10:37:00,48.0
2025-06-12 03:25:00,50.8
2025-06-12 13:23:00,70.9
2025-06-12 18:41:00,86.6
2025-06-12 17:01:00,37.4
2025-06-12 22:47:00,80.5
2025-06-12 05:54:00,65.3
2025-06-12 23:31:00,58.3
2025-06-12 11:58:00,18.2
2025-06-12 01:37:00,55.9
2025-06-12 07:46:00,46.0
2025-06-12 20:41:00,97.9
2025-06-12 20:09:00,21.1
2025-06-12 12:21:00,21.9
2025-06-12 10:47:00,50.400661703887515
2025-06-12 05:31:00,36.7
2025-06-12 18:36:00,67.6
2025-06-12 04:51:00,91.7
2025-06-12 03:15:00,25.2
2025-06-12 13:29:00,44.2
2025-06-12 08:13:00,33.0
2025-06-12 12:01:00,33.0
2025-06-12 20:01:00,50.400661703887515
2025-06-12 15:48:00,43.2
2025-06-12 22:49:00,19.4
2025-06-12 23:00:00,81.4
2025-06-12 14:12:00,20.5
2025-06-12 03:37:00,16.6
2025-06-12 22:00:00,10.7
2025-06-12 02:12:00,54.0
2025-06-12 07:21:00,24.6
2025-06-12 14:53:00,76.0
2025-06-12 11:53:00,74.9
2025-06-12 01:12:00,86.5
2025-06-12 17:12:00,97.5
2025-06-12 01:09:00,30.6
2025-06-12 04:14:00,50.400661703887515
2025-06-12 07:18:00,20.1
2025-06-12 21:39:00,43.7
2025-06-12 06:29:00,59.8
2025-06-12 05:59:00,6.1
2025-06-12 09:27:00,10.0
2025-06-12 14:51:00,11.7
2025-06-12 13:08:00,50.400661703887515
2025-06-12 07:59:00,84.0
2025-06-12 11:09:00,67.5
2025-06-12 02:18:00,83.6
2025-06-12 22:38:00,41.6
2025-06-12 22:56:00,27.7
2025-06-12 15:17:00,61.9
2025-06-12 01:11:00,99.1
2025-06-12 15:31:00,50.400661703887515
2025-06-12 21:27:00,50.400661703887515
2025-06-12 21:13:00,42.0
2025-06-12 03:39:00,34.9
2025-06-12 10:52:00,55.0
2025-06-12 22:10:00,52.3
2025-06-12 03:10:00,50.400661703887515
2025-06-12 04:45:00,16.1
2025-06-12 09:40:00,14.7
2025-06-12 18:47:00,18.7
2025-06-12 21:11:00,11.0
2025-06-12 10:17:00,13.6
2025-06-12 13:25:00,26.3
2025-06-12 09:01:00,47.3
2025-06-12 15:30:00,22.3
2025-06-12 07:43:00,47.9
2025-06-12 03:24:00,0.6
2025-06-12 11:06:00,65.3
2025-06-12 00:58:00,50.400661703887515
2025-06-12 05:49:00,27.9
2025-06-12 19:12:00,37.1
2025-06-12 05:41:00,52.2
2025-06-12 06:12:00,40.1
2025-06-12 21:38:00,64.3
2025-06-12 18:22:00,96.4
2025-06-12 10:22:00,68.3
2025-06-12 21:42:00,3.0
2025-06-12 04:54:00,31.7
2025-06-12 04:58:00,56.7
2025-06-12 05:16:00,59.2
2025-06-12 08:26:00,10.6
2025-06-12 13:33:00,74.7
2025-06-12 19:05:00,50.400661703887515
2025-06-12 18:56:00,74.4
2025-06-12 12:06:00,85.8
2025-06-12 14:54:00,15.2
2025-06-12 14:00:00,34.0
2025-06-12 14:45:00,34.7
2025-06-12 07:14:00,15.5
2025-06-12 00:13:00,17.0
2025-06-12 04:24:00,51.0
2025-06-12 00:14:00,82.5
2025-06-12 23:25:00,40.7
2025-06-12 16:18:00,18.8
2025-06-12 09:29:00,88.8
2025-06-12 08:18:00,50.400661703887515
2025-06-12 00:01:00,54.0
2025-06-12 20:15:00,77.4
2025-06-12 08:12:00,19.7
2025-06-12 06:28:00,83.1
2025-06-12 21:20:00,56.8
2025-06-12 18:06:00,31.1
2025-06-12 14:31:00,82.7
2025-06-12 02:50:00,27.6
2025-06-12 07:13:00,30.2
2025-06-12 09:56:00,91.7
2025-06-12 04:26:00,68.3
2025-06-12 10:54:00,51.9
2025-06-12 13:40:00,7.3
2025-06-12 17:02:00,66.1
2025-06-12 15:19:00,50.400661703887515
2025-06-12 11:13:00,70.2
2025-06-12 04:47:00,93.1
2025-06-12 02:19:00,55.5
2025-06-12 01:41:00,50.400661703887515
2025-06-12 03:42:00,46.0
2025-06-12 00:19:00,53.9
2025-06-12 18:04:00,50.400661703887515
2025-06-12 16:29:00,61.7
2025-06-12 00:48:00,50.400661703887515
2025-06-12 13:21:00,90.9
2025-06-12 21:46:00,94.6
2025-06-12 19:52:00,50.400661703887515
2025-06-12 15:20:00,17.5
2025-06-12 15:13:00,48.4
2025-06-12 20:00:00,12.2
2025-06-12 16:03:00,50.400661703887515
2025-06-12 11:52:00,9.6
2025-06-12 16:22:00,20.1
2025-06-12 07:03:00,93.6
2025-06-12 14:37:00,68.9
2025-06-12 00:49:00,1.4
2025-06-12 21:21:00,36.8
2025-06-12 13:19:00,27.6
2025-06-12 03:33:00,99.0
2025-06-12 08:27:00,55.9
2025-06-12 23:53:00,12.4
2025-06-12 20:48:00,70.3
2025-06-12 18:05:00,78.0
2025-06-12 03:41:00,41.2
2025-06-12 12:50:00,46.6
2025-06-12 08:07:00,32.7
2025-06-12 20:14:00,50.400661703887515
2025-06-12 00:04:00,50.400661703887515
2025-06-12 02:01:00,50.400661703887515
2025-06-12 02:23:00,19.7
2025-06-12 19:10:00,74.6
2025-06-12 09:44:00,50.400661703887515
2025-06-12 03:09:00,46.8
2025-06-12 03:02:00,36.2
2025-06-12 19:15:00,81.1
2025-06-12 16:55:00,63.0
2025-06-12 22:28:00,23.0
2025-06-12 12:58:00,50.400661703887515
2025-06-12 01:01:00,50.400661703887515
2025-06-12 18:02:00,82.9
2025-06-12 16:08:00,50.400661703887515
2025-06-12 09:53:00,2.1
2025-06-12 13:07:00,50.400661703887515
2025-06-12 10:41:00,68.7
2025-06-12 04:56:00,45.8
2025-06-12 15:38:00,50.400661703887515
2025-06-12 12:46:00,46.2
2025-06-12 06:32:00,82.7
2025-06-12 08:57:00,0.0
2025-06-12 18:50:00,56.9
2025-06-12 22:17:00,4.5
2025-06-12 06:06:00,89.5
2025-06-12 03:08:00,94.5
2025-06-12 00:24:00,64.5
2025-06-12 05:15:00,85.3
2025-06-12 04:42:00,33.1
2025-06-12 07:39:00,77.2
2025-06-12 10:04:00,71.5
2025-06-12 15:28:00,29.3
2025-06-12 18:33:00,21.9
2025-06-12 01:42:00,10.1
2025-06-12 16:57:00,59.9
2025-06-12 05:58:00,40.9
2025-06-12 06:31:00,50.400661703887515
2025-06-12 18:28:00,9.2
2025-06-12 19:14:00,20.0
2025-06-12 19:25:00,39.3
2025-06-12 10:12:00,2.6
2025-06-12 07:15:00,10.7
2025-06-12 16:46:00,82.9
2025-06-12 07:38:00,15.5
2025-06-12 04:50:00,52.2
2025-06-12 09:39:00,15.9
2025-06-12 11:00:00,52.4
2025-06-12 21:10:00,14.1
2025-06-12 13:44:00,50.400661703887515
2025-06-12 21:40:00,73.9
2025-06-12 02:04:00,50.400661703887515
2025-06-12 11:18:00,63.0
2025-06-12 17:34:00,3.3
2025-06-12 18:30:00,37.7
2025-06-12 01:07:00,73.4
2025-06-12 01:30:00,3.1
2025-06-12 22:45:00,33.5
2025-06-12 08:53:00,19.6
2025-06-12 02:27:00,50.400661703887515
2025-06-12 06:57:00,97.7
2025-06-12 22:26:00,56.2
2025-06-12 04:31:00,84.9
2025-06-12 06:08:00,24.2
2025-06-12 09:04:00,62.9
2025-06-12 22:27:00,11.3
2025-06-12 10:56:00,50.400661703887515
2025-06-12 12:59:00,41.5
2025-06-12 03:32:00,49.84418741885991
2025-06-12 06:54:00,1.0
2025-06-12 15:39:00,19.0
2025-06-12 04:16:00,48.9
2025-06-12 15:19:00,1.4
2025-06-12 06:33:00,82.2
2025-06-12 20:45:00,49.84418741885991
2025-06-12 01:48:00,94.1
2025-06-12 17:55:00,14.5
2025-06-12 02:31:00,46.1
2025-06-12 08:05:00,13.5
2025-06-12 00:33:00,27.4
2025-06-12 10:57:00,84.1
2025-06-12 20:59:00,49.84418741885991
2025-06-12 14:46:00,82.9
2025-06-12 03:47:00,7.4
2025-06-12 03:08:00,49.84418741885991
2025-06-12 22:50:00,49.84418741885991
2025-06-12 06:14:00,6.9
2025-06-12 22:44:00,83.4
2025-06-12 06:59:00,91.0
2025-06-12 15:10:00,2.4
2025-06-12 21:39:00,30.6
2025-06-12 19:08:00,90.7
2025-06-12 07:55:00,32.3
2025-06-12 22:48:00,54.6
2025-06-12 19:39:00,74.8
2025-06-12 01:13:00,49.84418741885991
2025-06-12 20:14:00,49.84418741885991
2025-06-12 03:10:00,62.3
2025-06-12 17:36:00,49.84418741885991
2025-06-12 23:21:00,76.9
2025-06-12 19:44:00,37.9
2025-06-12 03:51:00,80.0
2025-06-12 17:44:00,2.4
2025-06-12 07:11:00,32.9
2025-06-12 08:02:00,66.9
2025-06-12 08:58:00,95.1
2025-06-12 05:56:00,22.9
2025-06-12 20:56:00,73.8
2025-06-12 06:58:00,98.8
2025-06-12 06:11:00,50.0
2025-06-12 16:04:00,68.6
2025-06-12 13:59:00,92.1
2025-06-12 00:50:00,64.8
2025-06-12 09:54:00,74.0
2025-06-12 21:31:00,23.3
2025-06-12 13:15:00,1.6
2025-06-12 20:31:00,43.9
2025-06-12 10:46:00,65.4
2025-06-12 08:36:00,28.0
2025-06-12 14:24:00,23.0
2025-06-12 14:31:00,86.0
2025-06-12 22:11:00,26.0
2025-06-12 16:41:00,49.84418741885991
2025-06-12 01:08:00,34.5
2025-06-12 17:38:00,55.7
2025-06-12 11:46:00,72.5
2025-06-12 13:49:00,39.9
2025-06-12 06:25:00,62.0
2025-06-12 23:46:00,23.3
2025-06-12 09:46:00,86.5
2025-06-12 05:24:00,9.5
2025-06-12 22:16:00,66.6
2025-06-12 17:53:00,0.5
2025-06-12 19:59:00,57.6
2025-06-12 11:33:00,4.4
2025-06-12 08:26:00,27.9
2025-06-12 11:42:00,32.9
2025-06-12 07:17:00,14.2
2025-06-12 19:04:00,53.6
2025-06-12 13:02:00,41.2
2025-06-12 05:52:00,71.6
2025-06-12 03:02:00,81.8
2025-06-12 20:18:00,92.8
2025-06-12 04:29:00,93.1
2025-06-12 14:14:00,49.84418741885991
2025-06-12 01:32:00,49.84418741885991
2025-06-12 19:02:00,49.84418741885991
2025-06-12 23:24:00,9.9
2025-06-12 19:27:00,46.0
2025-06-12 20:53:00,50.2
2025-06-12 15:37:00,49.84418741885991
2025-06-12 09:42:00,96.0
2025-06-12 23:34:00,37.3
2025-06-12 02:01:00,88.6
2025-06-12 22:00:00,46.0
2025-06-12 05:40:00,49.84418741885991
2025-06-12 00:10:00,9.0
2025-06-12 06:08:00,49.84418741885991
2025-06-12 18:32:00,92.7
2025-06-12 09:08:00,91.8
2025-06-12 07:46:00,11.4
2025-06-12 08:07:00,57.5
2025-06-12 11:08:00,64.9
2025-06-12 05:08:00,47.0
2025-06-12 04:32:00,49.84418741885991
2025-06-12 07:28:00,94.4
2025-06-12 09:59:00,64.3
2025-06-12 12:27:00,54.0
2025-06-12 16:40:00,49.84418741885991
2025-06-12 02:52:00,32.3
2025-06-12 12:34:00,19.1
2025-06-12 07:27:00,56.9
2025-06-12 11:21:00,47.0
2025-06-12 14:39:00,49.84418741885991
2025-06-12 06:17:00,26.3
2025-06-12 00:46:00,4.4
2025-06-12 06:36:00,98.7
2025-06-12 21:57:00,44.3
2025-06-12 16:29:00,3.2
2025-06-12 20:52:00,14.1
2025-06-12 14:11:00,88.2
2025-06-12 07:34:00,68.7
2025-06-12 05:21:00,73.6
2025-06-12 13:55:00,49.84418741885991
2025-06-12 09:18:00,5.8
2025-06-12 01:04:00,30.4
2025-06-12 01:11:00,82.3
2025-06-12 15:18:00,49.84418741885991
2025-06-12 02:54:00,43.5
2025-06-12 11:06:00,9.9
2025-06-12 03:22:00,0.0
2025-06-12 14:25:00,95.4
2025-06-12 03:27:00,93.8
2025-06-12 03:39:00,49.84418741885991
2025-06-12 00:11:00,43.6
2025-06-12 20:44:00,68.2
2025-06-12 12:36:00,28.6
2025-06-12 09:17:00,16.5
2025-06-12 06:31:00,13.1
2025-06-12 11:19:00,40.1
2025-06-12 16:02:00,78.8
2025-06-12 09:38:00,11.0
2025-06-12 13:17:00,40.0
2025-06-12 02:26:00,28.9
2025-06-12 01:41:00,92.8
2025-06-12 13:22:00,94.4
2025-06-12 10:12:00,40.8
2025-06-12 09:57:00,78.8
2025-06-12 02:57:00,56.2
2025-06-12 11:56:00,0.3
2025-06-12 22:10:00,76.5
2025-06-12 13:30:00,49.2
2025-06-12 06:16:00,31.9
2025-06-12 17:58:00,26.3
2025-06-12 16:36:00,66.6
2025-06-12 19:01:00,64.2
2025-06-12 14:59:00,49.84418741885991
2025-06-12 03:33:00,95.4
2025-06-12 21:29:00,95.4
2025-06-12 06:29:00,82.0
2025-06-12 06:45:00,47.9
2025-06-12 11:27:00,52.6
2025-06-12 07:00:00,49.84418741885991
2025-06-12 23:57:00,24.4
2025-06-12 12:05:00,49.84418741885991
2025-06-12 11:57:00,85.7
2025-06-12 21:23:00,19.5
2025-06-12 07:06:00,33.5
2025-06-12 19:32:00,68.1
2025-06-12 01:57:00,47.3
2025-06-12 13:01:00,63.9
2025-06-12 01:10:00,7.6
2025-06-12 00:32:00,94.8
2025-06-12 17:40:00,99.8
2025-06-12 13:46:00,57.5
2025-06-12 03:11:00,76.7
2025-06-12 11:41:00,60.4
2025-06-12 15:09:00,88.1
2025-06-12 07:41:00,10.5
2025-06-12 08:49:00,34.0
2025-06-12 15:44:00,96.2
2025-06-12 17:17:00,44.4
2025-06-12 19:06:00,20.2
2025-06-12 05:38:00,67.4
2025-06-12 17:52:00,49.84418741885991
2025-06-12 10:33:00,76.8
2025-06-12 16:35:00,71.7
2025-06-12 01:45:00,51.9
2025-06-12 23:26:00,20.3
2025-06-12 16:03:00,17.8
2025-06-12 10:44:00,33.9
2025-06-12 18:57:00,49.84418741885991
2025-06-12 01:31:00,67.6
2025-06-12 18:38:00,55.4
2025-06-12 22:33:00,49.84418741885991
2025-06-12 02:50:00,54.3
2025-06-12 16:33:00,49.84418741885991
2025-06-12 16:32:00,0.6
2025-06-12 23:20:00,10.7
2025-06-12 19:21:00,7.6
2025-06-12 08:41:00,8.0
2025-06-12 13:36:00,66.3
2025-06-12 22:12:00,65.9
2025-06-12 18:15:00,81.5
2025-06-12 15:15:00,49.84418741885991
2025-06-12 11:02:00,77.8
2025-06-12 23:00:00,52.7
2025-06-12 08:38:00,92.9
2025-06-12 20:07:00,58.5
2025-06-12 03:23:00,22.4
2025-06-12 15:24:00,75.4
2025-06-12 05:57:00,60.1
2025-06-12 13:37:00,51.1
2025-06-12 19:13:00,25.4
2025-06-12 18:29:00,13.2
2025-06-12 13:24:00,90.8
2025-06-12 02:13:00,49.84418741885991
2025-06-12 15:57:00,99.8
2025-06-12 16:00:00,49.84418741885991
2025-06-12 22:51:00,72.4
2025-06-12 21:22:00,52.2
2025-06-12 07:15:00,63.7
2025-06-12 14:49:00,37.7
2025-06-12 12:22:00,67.9
2025-06-12 22:54:00,13.1
2025-06-12 10:29:00,2.1
2025-06-12 00:45:00,49.84418741885991
2025-06-12 11:55:00,12.3
2025-06-12 23:47:00,49.84418741885991
2025-06-12 18:06:00,73.9
2025-06-12 14:03:00,75.9
2025-06-12 10:58:00,25.6
2025-06-12 06:27:00,46.3
2025-06-12 23:35:00,62.1
2025-06-12 12:18:00,35.9
2025-06-12 15:49:00,53.4
2025-06-12 21:10:00,60.7
2025-06-12 19:47:00,49.84418741885991
2025-06-12 06:26:00,49.84418741885991
2025-06-12 22:34:00,77.2
2025-06-12 05:54:00,66.4
2025-06-12 01:21:00,96.9
2025-06-12 22:26:00,75.4
2025-06-12 20:33:00,30.9
2025-06-12 17:25:00,68.4
2025-06-12 22:45:00,35.6
2025-06-12 02:43:00,38.7
2025-06-12 09:34:00,63.2
2025-06-12 13:12:00,95.1
2025-06-12 20:11:00,29.1
2025-06-12 16:16:00,13.8
2025-06-12 06:34:00,37.1
2025-06-12 22:07:00,13.2
2025-06-12 05:32:00,2.0
2025-06-12 12:29:00,32.3
2025-06-12 05:27:00,96.3
2025-06-12 00:34:00,49.84418741885991
2025-06-12 06:41:00,35.1
2025-06-12 19:43:00,20.5
2025-06-12 08:19:00,42.3
2025-06-12 23:08:00,7.3
2025-06-12 04:23:00,29.6
2025-06-12 02:33:00,26.4
2025-06-12 16:34:00,49.84418741885991
2025-06-12 17:50:00,74.6
2025-06-12 21:13:00,52.6
2025-06-12 05:43:00,86.7
2025-06-12 17:31:00,7.8
2025-06-12 09:31:00,10.7
2025-06-12 00:56:00,55.0
2025-06-12 00:08:00,3.9
2025-06-12 19:00:00,22.9
2025-06-12 18:18:00,49.84418741885991
2025-06-12 16:22:00,35.7
2025-06-12 18:23:00,44.4
2025-06-12 18:27:00,55.2
2025-06-12 03:26:00,28.1
2025-06-12 02:53:00,52.9
2025-06-12 09:05:00,54.6
2025-06-12 22:56:00,77.2
2025-06-12 14:04:00,34.0
2025-06-12 14:56:00,96.6
2025-06-12 01:06:00,14.2
2025-06-12 01:37:00,32.3
2025-06-12 05:07:00,98.1
2025-06-12 02:39:00,38.9
2025-06-12 06:20:00,57.9
2025-06-12 10:50:00,49.84418741885991
2025-06-12 12:31:00,59.9
2025-06-12 14:33:00,14.0
2025-06-12 01:14:00,29.3
2025-06-12 18:20:00,94.7
2025-06-12 07:43:00,94.0
2025-06-12 06:28:00,53.7
2025-06-12 15:51:00,32.7
2025-06-12 09:51:00,14.0
2025-06-12 07:58:00,64.1
2025-06-12 18:59:00,0.6
2025-06-12 14:50:00,67.8
2025-06-12 20:01:00,58.5
2025-06-12 06:13:00,3.0
2025-06-12 12:59:00,46.2
2025-06-12 08:01:00,75.6
2025-06-12 21:10:00,18.7
2025-06-12 11:48:00,5.0
2025-06-12 04:37:00,40.1
2025-06-12 13:25:00,59.7
2025-06-12 04:10:00,6.5
2025-06-12 19:06:00,28.0
2025-06-12 04:31:00,61.4
2025-06-12 02:17:00,50.31892714921527
2025-06-12 08:56:00,89.8
2025-06-12 15:39:00,10.0
2025-06-12 04:51:00,54.5
2025-06-12 07:24:00,0.8
2025-06-12 04:19:00,23.2
2025-06-12 01:04:00,65.7
2025-06-12 10:22:00,50.31892714921527
2025-06-12 09:41:00,50.31892714921527
2025-06-12 22:14:00,84.6
2025-06-12 14:31:00,61.6
2025-06-12 22:24:00,4.7
2025-06-12 03:56:00,89.3
2025-06-12 18:14:00,50.31892714921527
2025-06-12 08:30:00,50.31892714921527
2025-06-12 18:00:00,46.8
2025-06-12 13:01:00,94.1
2025-06-12 07:32:00,37.4
2025-06-12 02:46:00,83.4
2025-06-12 06:37:00,64.0
2025-06-12 22:59:00,5.3
2025-06-12 11:49:00,62.1
2025-06-12 17:19:00,50.2
2025-06-12 10:27:00,32.0
2025-06-12 10:59:00,11.0
2025-06-12 18:32:00,10.0
2025-06-12 06:36:00,66.1
2025-06-12 01:21:00,64.9
2025-06-12 04:43:00,66.1
2025-06-12 16:32:00,62.5
2025-06-12 11:32:00,26.9
2025-06-12 15:36:00,78.6
2025-06-12 05:12:00,19.1
2025-06-12 18:18:00,50.0
2025-06-12 13:31:00,50.31892714921527
2025-06-12 01:30:00,94.9
2025-06-12 08:59:00,26.4
2025-06-12 17:42:00,57.4
2025-06-12 21:13:00,37.8
2025-06-12 08:05:00,60.7
2025-06-12 13:21:00,74.3
2025-06-12 19:03:00,6.7
2025-06-12 03:22:00,83.6
2025-06-12 19:15:00,50.31892714921527
2025-06-12 20:44:00,43.1
2025-06-12 17:28:00,93.3
2025-06-12 11:17:00,44.3
2025-06-12 03:10:00,24.5
2025-06-12 03:11:00,41.2
2025-06-12 01:35:00,50.31892714921527
2025-06-12 14:03:00,88.1
2025-06-12 01:06:00,73.0
2025-06-12 09:29:00,70.9
2025-06-12 00:47:00,17.5
2025-06-12 01:12:00,16.8
2025-06-12 05:16:00,90.7
2025-06-12 02:28:00,35.7
2025-06-12 04:36:00,33.6
2025-06-12 00:41:00,61.0
2025-06-12 21:39:00,61.2
2025-06-12 10:55:00,67.8
2025-06-12 20:22:00,59.2
2025-06-12 00:57:00,21.0
2025-06-12 14:18:00,67.2
2025-06-12 21:11:00,78.6
2025-06-12 23:41:00,51.5
2025-06-12 18:15:00,56.9
2025-06-12 12:45:00,63.1
2025-06-12 14:27:00,46.6
2025-06-12 15:19:00,25.5
2025-06-12 08:39:00,73.7
2025-06-12 11:13:00,71.0
2025-06-12 09:45:00,50.31892714921527
2025-06-12 00:26:00,3.1
2025-06-12 03:18:00,4.1
2025-06-12 11:30:00,56.0
2025-06-12 13:29:00,94.7
2025-06-12 05:05:00,61.9
2025-06-12 01:46:00,83.0
2025-06-12 04:42:00,14.1
2025-06-12 08:41:00,50.31892714921527
2025-06-12 21:20:00,32.5
2025-06-12 04:20:00,6.6
2025-06-12 03:21:00,70.6
2025-06-12 18:16:00,91.9
2025-06-12 18:46:00,58.3
2025-06-12 10:09:00,50.31892714921527
2025-06-12 19:43:00,60.1
2025-06-12 14:41:00,85.8
2025-06-12 02:29:00,62.3
2025-06-12 02:07:00,89.1
2025-06-12 11:00:00,74.0
2025-06-12 01:29:00,64.0
2025-06-12 15:28:00,93.9
2025-06-12 02:55:00,5.1
2025-06-12 15:48:00,28.4
2025-06-12 09:39:00,49.9
2025-06-12 22:35:00,15.7
2025-06-12 06:51:00,23.1
2025-06-12 10:12:00,50.31892714921527
2025-06-12 01:47:00,58.2
2025-06-12 08:16:00,80.9
2025-06-12 03:23:00,61.9
2025-06-12 08:31:00,38.0
2025-06-12 09:26:00,98.2
2025-06-12 16:15:00,71.4
2025-06-12 12:30:00,95.6
2025-06-12 15:54:00,80.8
2025-06-12 00:24:00,24.3
2025-06-12 20:10:00,84.2
2025-06-12 20:45:00,42.9
2025-06-12 05:33:00,12.9
2025-06-12 00:02:00,50.31892714921527
2025-06-12 10:01:00,96.5
2025-06-12 20:00:00,26.3
2025-06-12 01:07:00,50.31892714921527
2025-06-12 16:05:00,24.7
2025-06-12 05:07:00,55.4
2025-06-12 12:41:00,67.1
2025-06-12 12:20:00,44.7
2025-06-12 19:14:00,4.1
2025-06-12 22:39:00,27.2
2025-06-12 02:23:00,8.7
2025-06-12 10:16:00,49.5
2025-06-12 17:02:00,86.4
2025-06-12 05:37:00,8.6
2025-06-12 03:17:00,15.8
2025-06-12 20:42:00,65.8
2025-06-12 14:40:00,50.31892714921527
2025-06-12 01:05:00,74.3
2025-06-12 00:34:00,99.8
2025-06-12 13:20:00,92.1
2025-06-12 06:14:00,63.8
2025-06-12 15:26:00,50.31892714921527
2025-06-12 03:16:00,6.4
2025-06-12 11:34:00,50.31892714921527
2025-06-12 03:35:00,39.7
2025-06-12 16:12:00,74.7
2025-06-12 05:51:00,5.4
2025-06-12 19:04:00,36.0
2025-06-12 10:47:00,50.4
2025-06-12 19:27:00,10.3
2025-06-12 11:44:00,50.31892714921527
2025-06-12 17:59:00,50.31892714921527
2025-06-12 08:18:00,51.9
2025-06-12 02:06:00,69.7
2025-06-12 14:29:00,55.4
2025-06-12 03:33:00,74.9
2025-06-12 07:07:00,92.6
2025-06-12 15:05:00,49.8
2025-06-12 18:49:00,80.4
2025-06-12 03:50:00,83.2
2025-06-12 21:03:00,34.8
2025-06-12 09:09:00,37.4
2025-06-12 08:47:00,8.6
2025-06-12 17:34:00,68.1
2025-06-12 01:22:00,75.9
2025-06-12 20:18:00,50.31892714921527
2025-06-12 19:29:00,0.9
2025-06-12 04:17:00,87.3
2025-06-12 07:29:00,54.4
2025-06-12 06:39:00,37.0
2025-06-12 23:20:00,92.2
2025-06-12 05:40:00,41.4
2025-06-12 04:12:00,49.3
2025-06-12 19:37:00,64.0
2025-06-12 10:23:00,91.8
2025-06-12 03:37:00,46.8
2025-06-12 04:56:00,76.6
2025-06-12 09:35:00,50.31892714921527
2025-06-12 17:45:00,72.3
2025-06-12 05:43:00,53.7
2025-06-12 01:03:00,90.8
2025-06-12 00:55:00,57.8
2025-06-12 11:28:00,74.3
2025-06-12 09:38:00,21.5
2025-06-12 21:42:00,99.7
2025-06-12 13:53:00,59.3
2025-06-12 03:34:00,32.4
2025-06-12 12:16:00,26.1
2025-06-12 11:04:00,50.31892714921527
2025-06-12 06:28:00,53.3
2025-06-12 14:19:00,45.6
2025-06-12 18:23:00,4.9
2025-06-12 04:05:00,68.8
2025-06-12 20:56:00,50.9
2025-06-12 16:37:00,23.0
2025-06-12 17:21:00,7.1
2025-06-12 15:59:00,28.2
2025-06-12 13:37:00,59.5
2025-06-12 00:13:00,86.5
2025-06-12 14:45:00,69.9
2025-06-12 19:57:00,50.31892714921527
2025-06-12 18:27:00,59.4
2025-06-12 08:17:00,68.5
2025-06-12 10:44:00,50.31892714921527
2025-06-12 08:51:00,50.31892714921527
2025-06-12 08:32:00,93.9
2025-06-12 15:35:00,93.8
2025-06-12 06:54:00,50.31892714921527
2025-06-12 06:11:00,56.8
2025-06-12 13:35:00,29.9
2025-06-12 21:41:00,97.8
2025-06-12 03:32:00,50.31892714921527
2025-06-12 03:55:00,7.2
2025-06-12 08:27:00,40.0
2025-06-12 18:30:00,8.9
2025-06-12 23:17:00,77.0
2025-06-12 02:22:00,63.8
2025-06-12 21:18:00,24.6
2025-06-12 07:06:00,50.31892714921527
2025-06-12 13:17:00,54.1
2025-06-12 13:22:00,85.3
2025-06-12 10:30:00,86.6
2025-06-12 07:55:00,50.31892714921527
2025-06-12 20:53:00,50.31892714921527
2025-06-12 04:22:00,13.3
2025-06-12 00:22:00,71.6
2025-06-12 15:31:00,92.3
2025-06-12 17:00:00,67.3
2025-06-12 18:35:00,30.4
2025-06-12 06:10:00,50.31892714921527
2025-06-12 03:08:00,1.9
2025-06-12 04:41:00,70.7
2025-06-12 06:55:00,71.7
2025-06-12 01:59:00,50.31892714921527
2025-06-12 15:38:00,45.2
2025-06-12 10:35:00,50.31892714921527
2025-06-12 14:05:00,41.8
2025-06-12 19:39:00,61.7
2025-06-12 16:54:00,46.7
2025-06-12 13:00:00,45.5
2025-06-12 21:33:00,91.5
2025-06-12 15:17:00,50.31892714921527
2025-06-12 16:16:00,95.6
2025-06-12 18:58:00,62.3
2025-06-12 12:33:00,87.3
2025-06-12 00:46:00,97.3
2025-06-12 06:32:00,61.8
2025-06-12 20:38:00,12.6
2025-06-12 01:14:00,36.4
2025-06-12 10:04:00,43.2
2025-06-12 08:44:00,4.0
2025-06-12 23:13:00,17.4
2025-06-12 11:54:00,31.6
2025-06-12 07:10:00,12.6
2025-06-12 19:36:00,63.6
2025-06-12 02:53:00,50.31892714921527
2025-06-12 20:11:00,50.31892714921527
2025-06-12 03:14:00,98.3
2025-06-12 08:58:00,12.3
2025-06-12 15:51:00,14.6
2025-06-12 05:31:00,40.5
2025-06-12 10:00:00,15.6
2025-06-12 01:53:00,60.9
2025-06-12 10:15:00,91.7
2025-06-12 00:39:00,98.3
2025-06-12 05:47:00,97.8
2025-06-12 16:13:00,77.0
2025-06-12 04:34:00,29.0
2025-06-12 18:50:00,50.31892714921527
2025-06-12 11:22:00,88.6
2025-06-12 04:40:00,24.7
2025-06-12 15:32:00,1.8
2025-06-12 16:25:00,41.3
2025-06-12 17:47:00,10.2
2025-06-12 00:52:00,52.2
2025-06-12 14:12:00,30.9
2025-06-12 00:06:00,33.6
2025-06-12 03:48:00,95.7
2025-06-12 11:36:00,64.2
2025-06-12 14:09:00,43.7
2025-06-12 22:52:00,68.4
2025-06-12 06:06:00,50.31892714921527
2025-06-12 22:12:00,11.3
2025-06-12 00:25:00,50.31892714921527
2025-06-12 21:57:00,33.0
2025-06-12 14:20:00,41.9
2025-06-12 18:40:00,25.7
2025-06-12 21:54:00,62.9
2025-06-12 23:50:00,36.5
2025-06-12 07:36:00,27.5
2025-06-12 17:09:00,9.6
2025-06-12 15:55:00,19.0
2025-06-12 06:30:00,54.9
2025-06-12 02:11:00,55.4
2025-06-12 11:31:00,68.1
2025-06-12 22:08:00,52.4
2025-06-12 23:14:00,98.1
2025-06-12 01:37:00,60.6
2025-06-12 19:49:00,46.6
2025-06-12 03:20:00,45.1
2025-06-12 07:53:00,83.9
2025-06-12 22:00:00,51.6
2025-06-12 23:40:00,50.31892714921527
2025-06-12 14:51:00,53.4
2025-06-12 23:15:00,54.2
2025-06-12 13:03:00,50.31892714921527
2025-06-12 11:53:00,91.3
2025-06-12 12:49:00,68.9
2025-06-12 19:13:00,7.5
2025-06-12 17:30:00,78.4
2025-06-12 22:53:00,50.31892714921527
2025-06-12 16:01:00,76.6
2025-06-12 19:23:00,19.1
2025-06-12 16:11:00,6.5
2025-06-12 01:51:00,67.3
2025-06-12 22:50:00,64.2
2025-06-12 03:46:00,69.0
2025-06-12 03:51:00,50.31892714921527
2025-06-12 10:21:00,26.8
2025-06-12 11:18:00,36.5
2025-06-12 15:08:00,1.1
2025-06-12 23:05:00,50.9
2025-06-12 11:38:00,25.6
2025-06-12 19:16:00,96.0
2025-06-12 19:58:00,99.4
2025-06-12 01:00:00,42.7
2025-06-12 06:33:00,57.1
2025-06-12 14:43:00,97.9
2025-06-12 22:10:00,20.7
2025-06-12 14:38:00,43.7
2025-06-12 09:36:00,88.3
2025-06-12 23:30:00,96.6
2025-06-12 20:07:00,31.1
2025-06-12 20:02:00,8.3
2025-06-12 22:17:00,6.1
2025-06-12 06:43:00,88.8
2025-06-12 17:34:00,30.3
2025-06-12 11:04:00,49.91221338324755
2025-06-12 09:03:00,70.6
2025-06-12 07:51:00,9.1
2025-06-12 07:28:00,23.8
2025-06-12 10:03:00,77.0
2025-06-12 00:04:00,5.4
2025-06-12 14:25:00,42.8
2025-06-12 19:09:00,8.4
2025-06-12 16:40:00,30.0
2025-06-12 16:19:00,34.8
2025-06-12 01:15:00,0.3
2025-06-12 15:42:00,88.4
2025-06-12 02:46:00,5.9
2025-06-12 14:23:00,75.2
2025-06-12 03:40:00,55.7
2025-06-12 22:49:00,57.5
2025-06-12 14:37:00,49.91221338324755
2025-06-12 10:02:00,59.9
2025-06-12 18:33:00,53.7
2025-06-12 08:05:00,47.0
2025-06-12 05:19:00,17.0
2025-06-12 09:06:00,49.91221338324755
2025-06-12 12:44:00,21.3
2025-06-12 01:07:00,33.8
2025-06-12 05:46:00,49.91221338324755
2025-06-12 22:03:00,18.4
2025-06-12 22:01:00,89.7
2025-06-12 14:44:00,47.6
2025-06-12 05:25:00,96.6
2025-06-12 15:43:00,51.1
2025-06-12 06:58:00,63.5
2025-06-12 03:25:00,14.3
2025-06-12 10:26:00,97.7
2025-06-12 07:12:00,39.8
2025-06-12 19:06:00,98.2
2025-06-12 21:04:00,28.6
2025-06-12 18:28:00,4.3
2025-06-12 15:03:00,51.5
2025-06-12 20:47:00,65.4
2025-06-12 17:06:00,31.4
2025-06-12 18:58:00,49.91221338324755
2025-06-12 01:21:00,46.7
2025-06-12 19:12:00,29.9
2025-06-12 06:18:00,90.5
2025-06-12 23:47:00,13.7
2025-06-12 23:20:00,9.4
2025-06-12 01:03:00,49.0
2025-06-12 13:03:00,5.7
2025-06-12 17:07:00,89.0
2025-06-12 04:58:00,97.1
2025-06-12 07:59:00,89.9
2025-06-12 09:00:00,9.9
2025-06-12 20:10:00,49.1
2025-06-12 11:01:00,22.5
2025-06-12 00:42:00,12.0
2025-06-12 22:24:00,18.3
2025-06-12 00:22:00,22.0
2025-06-12 17:44:00,9.8
2025-06-12 23:11:00,83.0
2025-06-12 19:03:00,15.6
2025-06-12 05:06:00,15.2
2025-06-12 21:38:00,49.91221338324755
2025-06-12 17:37:00,41.5
2025-06-12 04:56:00,3.6
2025-06-12 03:10:00,14.6
2025-06-12 23:35:00,49.91221338324755
2025-06-12 11:34:00,42.5
2025-06-12 06:02:00,49.91221338324755
2025-06-12 07:35:00,87.0
2025-06-12 04:12:00,90.2
2025-06-12 02:32:00,0.2
2025-06-12 04:37:00,86.7
2025-06-12 15:05:00,9.3
2025-06-12 10:33:00,6.1
2025-06-12 01:38:00,39.4
2025-06-12 01:55:00,49.91221338324755
2025-06-12 01:01:00,13.4
2025-06-12 10:12:00,49.91221338324755
2025-06-12 08:14:00,99.5
2025-06-12 21:45:00,42.2
2025-06-12 09:42:00,49.91221338324755
2025-06-12 12:48:00,61.5
2025-06-12 12:03:00,62.3
2025-06-12 06:05:00,35.0
2025-06-12 23:13:00,20.5
2025-06-12 15:47:00,16.0
2025-06-12 08:19:00,32.4
2025-06-12 18:07:00,33.3
2025-06-12 15:28:00,49.91221338324755
2025-06-12 03:20:00,11.5
2025-06-12 16:44:00,6.3
2025-06-12 16:48:00,34.8
2025-06-12 17:17:00,89.7
2025-06-12 01:11:00,42.4
2025-06-12 00:58:00,28.2
2025-06-12 12:15:00,6.8
2025-06-12 07:21:00,89.6
2025-06-12 21:06:00,35.9
2025-06-12 04:50:00,49.91221338324755
2025-06-12 05:14:00,23.9
2025-06-12 21:57:00,49.91221338324755
2025-06-12 06:10:00,26.5
2025-06-12 05:27:00,91.6
2025-06-12 18:24:00,61.3
2025-06-12 15:57:00,98.2
2025-06-12 23:04:00,98.3
2025-06-12 15:00:00,64.7
2025-06-12 17:59:00,46.3
2025-06-12 00:18:00,62.0
2025-06-12 00:52:00,49.91221338324755
2025-06-12 15:50:00,41.5
2025-06-12 18:09:00,41.6
2025-06-12 07:00:00,80.6
2025-06-12 07:11:00,80.1
2025-06-12 08:15:00,58.3
2025-06-12 14:33:00,49.91221338324755
2025-06-12 17:45:00,75.1
2025-06-12 18:04:00,93.9
2025-06-12 08:47:00,74.6
2025-06-12 14:06:00,57.6
2025-06-12 22:19:00,86.7
2025-06-12 17:23:00,41.5
2025-06-12 08:08:00,18.1
2025-06-12 21:32:00,39.8
2025-06-12 11:46:00,92.5
2025-06-12 07:46:00,94.2
2025-06-12 12:12:00,99.7
2025-06-12 18:11:00,24.0
2025-06-12 08:58:00,49.91221338324755
2025-06-12 13:15:00,27.0
2025-06-12 19:41:00,78.9
2025-06-12 08:04:00,49.91221338324755
2025-06-12 01:25:00,49.91221338324755
2025-06-12 11:10:00,22.2
2025-06-12 02:08:00,35.9
2025-06-12 07:36:00,23.4
2025-06-12 09:14:00,31.3
2025-06-12 00:25:00,71.6
2025-06-12 16:55:00,47.3
2025-06-12 21:58:00,22.0
2025-06-12 20:12:00,49.91221338324755
2025-06-12 12:26:00,58.5
2025-06-12 17:47:00,78.1
2025-06-12 04:18:00,68.8
2025-06-12 09:55:00,46.2
2025-06-12 02:47:00,20.1
2025-06-12 01:31:00,86.7
2025-06-12 10:57:00,63.0
2025-06-12 04:25:00,64.7
2025-06-12 22:40:00,67.9
2025-06-12 10:07:00,49.91221338324755
2025-06-12 13:44:00,79.9
2025-06-12 18:54:00,49.91221338324755
2025-06-12 08:41:00,49.91221338324755
2025-06-12 21:46:00,0.7
2025-06-12 15:36:00,54.9
2025-06-12 16:07:00,49.91221338324755
2025-06-12 10:43:00,53.5
2025-06-12 12:33:00,5.0
2025-06-12 11:21:00,38.8
2025-06-12 15:23:00,16.2
2025-06-12 17:41:00,88.1
2025-06-12 20:11:00,69.5
2025-06-12 23:37:00,28.4
2025-06-12 03:15:00,49.91221338324755
2025-06-12 15:17:00,24.8
2025-06-12 13:43:00,41.8
2025-06-12 15:51:00,16.9
2025-06-12 23:59:00,10.8
2025-06-12 05:52:00,72.8
2025-06-12 09:47:00,44.8
2025-06-12 16:11:00,83.1
2025-06-12 13:21:00,59.1
2025-06-12 11:37:00,25.1
2025-06-12 02:43:00,49.91221338324755
2025-06-12 16:23:00,17.3
2025-06-12 21:08:00,76.6
2025-06-12 15:48:00,94.7
2025-06-12 03:29:00,95.9
2025-06-12 17:05:00,96.7
2025-06-12 11:36:00,82.6
2025-06-12 10:21:00,49.91221338324755
2025-06-12 09:29:00,80.4
2025-06-12 04:16:00,26.1
2025-06-12 05:38:00,83.9
2025-06-12 17:15:00,43.0
2025-06-12 15:13:00,41.6
2025-06-12 07:57:00,88.5
2025-06-12 21:49:00,66.0
2025-06-12 18:51:00,49.91221338324755
2025-06-12 23:01:00,94.0
2025-06-12 15:59:00,52.1
2025-06-12 01:54:00,92.2
2025-06-12 19:28:00,55.4
2025-06-12 21:01:00,26.0
2025-06-12 14:07:00,88.6
2025-06-12 22:41:00,52.7
2025-06-12 06:22:00,31.1
2025-06-12 02:36:00,49.91221338324755
2025-06-12 04:22:00,81.4
2025-06-12 14:30:00,91.1
2025-06-12 19:01:00,97.6
2025-06-12 09:59:00,27.6
2025-06-12 13:30:00,67.3
2025-06-12 15:27:00,49.91221338324755
2025-06-12 19:51:00,67.5
2025-06-12 01:56:00,12.0
2025-06-12 20:40:00,49.91221338324755
2025-06-12 23:58:00,49.91221338324755
2025-06-12 15:07:00,53.3
2025-06-12 22:57:00,32.2
2025-06-12 19:55:00,25.7
2025-06-12 13:09:00,49.91221338324755
2025-06-12 00:17:00,68.6
2025-06-12 16:42:00,87.6
2025-06-12 19:59:00,48.6
2025-06-12 07:18:00,48.5
2025-06-12 07:30:00,49.91221338324755
2025-06-12 00:27:00,79.0
2025-06-12 09:23:00,76.1
2025-06-12 14:47:00,83.2
2025-06-12 19:36:00,49.91221338324755
2025-06-12 14:29:00,69.3
2025-06-12 19:14:00,37.5
2025-06-12 19:07:00,47.6
2025-06-12 14:24:00,10.4
2025-06-12 11:38:00,15.6
2025-06-12 21:43:00,7.6
2025-06-12 12:05:00,5.1
2025-06-12 02:53:00,13.2
2025-06-12 04:40:00,39.4
2025-06-12 03:32:00,26.7
2025-06-12 09:46:00,49.91221338324755
2025-06-12 23:19:00,53.4
2025-06-12 23:03:00,81.2
2025-06-12 11:14:00,49.91221338324755
2025-06-12 13:20:00,0.6
2025-06-12 22:31:00,35.6
2025-06-12 12:43:00,45.9
2025-06-12 06:16:00,49.91221338324755
2025-06-12 07:03:00,95.9
2025-06-12 08:28:00,39.4
2025-06-12 16:01:00,90.6
2025-06-12 04:53:00,26.0
2025-06-12 22:18:00,40.5
2025-06-12 18:18:00,52.7
2025-06-12 07:52:00,12.6
2025-06-12 22:21:00,73.5
2025-06-12 21:11:00,97.0
2025-06-12 14:58:00,35.8
2025-06-12 02:02:00,47.3
2025-06-12 08:33:00,15.2
2025-06-12 08:29:00,33.0
2025-06-12 07:43:00,45.6
2025-06-12 21:52:00,57.7
2025-06-12 14:51:00,17.9
2025-06-12 07:44:00,59.9
2025-06-12 21:02:00,3.0
2025-06-12 23:16:00,68.1
2025-06-12 10:22:00,68.2
2025-06-12 06:24:00,80.2
2025-06-12 21:30:00,12.1
2025-06-12 18:55:00,39.5
2025-06-12 09:38:00,41.5
2025-06-12 08:01:00,34.1
2025-06-12 02:31:00,49.91221338324755
2025-06-12 03:02:00,4.4
2025-06-12 11:07:00,44.9
2025-06-12 10:42:00,3.6
2025-06-12 01:33:00,0.4
2025-06-12 19:02:00,85.4
2025-06-12 16:45:00,8.2
2025-06-12 06:41:00,45.2
2025-06-12 02:27:00,77.3
2025-06-12 07:25:00,49.91221338324755
2025-06-12 23:46:00,37.9
2025-06-12 10:13:00,49.91221338324755
2025-06-12 17:41:00,65.4
2025-06-12 14:32:00,26.3
2025-06-12 16:06:00,52.5
2025-06-12 13:16:00,96.1
2025-06-12 16:22:00,95.3
2025-06-12 16:32:00,75.3
2025-06-12 22:01:00,76.9
2025-06-12 21:47:00,50.557353635505194
2025-06-12 10:30:00,14.0
2025-06-12 22:29:00,77.2
2025-06-12 03:37:00,52.2
2025-06-12 22:03:00,47.4
2025-06-12 06:22:00,1.9
2025-06-12 12:19:00,93.7
2025-06-12 11:25:00,52.0
2025-06-12 11:37:00,29.1
2025-06-12 08:17:00,70.3
2025-06-12 11:08:00,90.6
2025-06-12 00:54:00,80.8
2025-06-12 06:36:00,4.1
2025-06-12 20:36:00,96.2
2025-06-12 10:52:00,10.7
2025-06-12 07:44:00,28.7
2025-06-12 13:38:00,45.2
2025-06-12 01:07:00,18.6
2025-06-12 15:00:00,70.1
2025-06-12 10:58:00,64.2
2025-06-12 19:54:00,5.5
2025-06-12 23:52:00,34.9
2025-06-12 02:35:00,58.5
2025-06-12 16:41:00,54.2
2025-06-12 19:36:00,38.6
2025-06-12 03:22:00,46.8
2025-06-12 18:13:00,32.7
2025-06-12 00:18:00,17.9
2025-06-12 22:52:00,33.7
2025-06-12 16:20:00,88.8
2025-06-12 12:05:00,43.9
2025-06-12 05:42:00,68.7
2025-06-12 00:58:00,94.4
2025-06-12 17:16:00,74.2
2025-06-12 10:40:00,58.0
2025-06-12 18:56:00,76.2
2025-06-12 01:10:00,79.3
2025-06-12 02:36:00,47.9
2025-06-12 02:49:00,50.557353635505194
2025-06-12 10:56:00,84.1
2025-06-12 15:06:00,50.557353635505194
2025-06-12 04:31:00,9.6
2025-06-12 02:57:00,50.557353635505194
2025-06-12 01:19:00,58.6
2025-06-12 06:43:00,5.8
2025-06-12 03:07:00,40.0
2025-06-12 04:08:00,4.6
2025-06-12 18:31:00,25.0
2025-06-12 15:38:00,50.557353635505194
2025-06-12 02:27:00,2.1
2025-06-12 07:33:00,34.1
2025-06-12 03:29:00,18.9
2025-06-12 23:29:00,52.7
2025-06-12 15:25:00,1.4
2025-06-12 04:30:00,50.557353635505194
2025-06-12 12:33:00,42.8
2025-06-12 10:25:00,57.5
2025-06-12 02:58:00,83.1
2025-06-12 19:05:00,50.557353635505194
2025-06-12 01:57:00,47.7
2025-06-12 15:02:00,42.7
2025-06-12 01:00:00,15.4
2025-06-12 04:42:00,68.9
2025-06-12 18:27:00,1.2
2025-06-12 10:27:00,50.557353635505194
2025-06-12 00:56:00,84.6
2025-06-12 17:08:00,38.4
2025-06-12 21:31:00,24.4
2025-06-12 00:05:00,82.2
2025-06-12 06:40:00,75.8
2025-06-12 06:25:00,5.1
2025-06-12 14:15:00,96.5
2025-06-12 13:50:00,85.9
2025-06-12 23:54:00,23.2
2025-06-12 13:52:00,34.0
2025-06-12 09:22:00,19.3
2025-06-12 05:54:00,6.5
2025-06-12 00:53:00,60.5
2025-06-12 13:10:00,5.7
2025-06-12 23:01:00,50.557353635505194
2025-06-12 21:15:00,13.4
2025-06-12 05:09:00,50.557353635505194
2025-06-12 16:26:00,32.0
2025-06-12 05:56:00,50.557353635505194
2025-06-12 01:58:00,26.9
2025-06-12 00:15:00,41.8
2025-06-12 20:01:00,6.1
2025-06-12 03:57:00,9.0
2025-06-12 03:16:00,63.5
2025-06-12 10:17:00,72.3
2025-06-12 17:46:00,90.3
2025-06-12 18:28:00,2.3
2025-06-12 11:38:00,50.557353635505194
2025-06-12 02:59:00,22.6
2025-06-12 10:02:00,50.557353635505194
2025-06-12 02:45:00,80.5
2025-06-12 22:40:00,93.2
2025-06-12 10:34:00,73.2
2025-06-12 17:02:00,22.3
2025-06-12 04:37:00,35.7
2025-06-12 02:05:00,67.2
2025-06-12 16:14:00,15.4
2025-06-12 13:42:00,50.557353635505194
2025-06-12 07:57:00,2.3
2025-06-12 12:18:00,56.7
2025-06-12 21:12:00,19.1
2025-06-12 04:29:00,4.7
2025-06-12 22:55:00,23.9
2025-06-12 15:51:00,56.5
2025-06-12 11:41:00,30.9
2025-06-12 12:24:00,5.9
2025-06-12 12:08:00,54.5
2025-06-12 15:20:00,81.1
2025-06-12 20:43:00,64.1
2025-06-12 08:21:00,50.557353635505194
2025-06-12 01:02:00,84.6
2025-06-12 02:40:00,7.4
2025-06-12 06:06:00,87.2
2025-06-12 00:30:00,10.5
2025-06-12 03:45:00,88.7
2025-06-12 02:33:00,66.0
2025-06-12 09:24:00,50.557353635505194
2025-06-12 07:40:00,22.5
2025-06-12 07:59:00,50.557353635505194
2025-06-12 18:35:00,60.1
2025-06-12 09:01:00,50.557353635505194
2025-06-12 19:40:00,44.5
2025-06-12 19:39:00,94.6
2025-06-12 20:52:00,92.3
2025-06-12 04:56:00,5.1
2025-06-12 03:00:00,47.5
2025-06-12 13:54:00,28.3
2025-06-12 08:59:00,99.6
2025-06-12 14:42:00,99.8
2025-06-12 00:34:00,1.1
2025-06-12 10:35:00,79.5
2025-06-12 15:15:00,45.2
2025-06-12 09:53:00,50.557353635505194
2025-06-12 09:46:00,50.557353635505194
2025-06-12 06:27:00,57.0
2025-06-12 06:23:00,25.8
2025-06-12 10:47:00,61.0
2025-06-12 04:32:00,50.557353635505194
2025-06-12 06:21:00,6.9
2025-06-12 04:23:00,92.1
2025-06-12 08:55:00,24.9
2025-06-12 11:10:00,32.7
2025-06-12 00:26:00,86.3
2025-06-12 10:22:00,50.4
2025-06-12 21:03:00,99.1
2025-06-12 03:46:00,50.557353635505194
2025-06-12 13:11:00,26.4
2025-06-12 12:14:00,10.4
2025-06-12 03:10:00,60.3
2025-06-12 04:44:00,18.8
2025-06-12 21:37:00,3.7
2025-06-12 15:21:00,1.9
2025-06-12 06:39:00,22.7
2025-06-12 08:25:00,58.0
2025-06-12 02:46:00,50.557353635505194
2025-06-12 19:49:00,50.557353635505194
2025-06-12 20:38:00,33.9
2025-06-12 03:54:00,94.3
2025-06-12 22:54:00,50.557353635505194
2025-06-12 23:03:00,97.2
2025-06-12 02:54:00,41.1
2025-06-12 17:39:00,83.3
2025-06-12 11:00:00,12.8
2025-06-12 18:11:00,29.0
2025-06-12 14:59:00,11.5
2025-06-12 14:14:00,77.4
2025-06-12 09:27:00,47.9
2025-06-12 23:30:00,50.557353635505194
2025-06-12 06:09:00,23.5
2025-06-12 23:44:00,50.557353635505194
2025-06-12 07:49:00,22.9
2025-06-12 04:07:00,28.9
2025-06-12 20:28:00,36.4
2025-06-12 05:53:00,98.6
2025-06-12 01:21:00,50.557353635505194
2025-06-12 12:48:00,82.3
2025-06-12 20:59:00,50.557353635505194
2025-06-12 20:05:00,81.5
2025-06-12 07:12:00,41.4
2025-06-12 16:40:00,85.6
2025-06-12 14:57:00,32.8
2025-06-12 00:55:00,49.0
2025-06-12 07:11:00,50.557353635505194
2025-06-12 05:57:00,1.2
2025-06-12 06:32:00,54.9
2025-06-12 01:54:00,18.9
2025-06-12 19:16:00,94.4
2025-06-12 15:41:00,41.4
2025-06-12 15:52:00,34.9
2025-06-12 09:50:00,44.7
2025-06-12 12:21:00,50.557353635505194
2025-06-12 09:54:00,62.6
2025-06-12 02:11:00,85.9
2025-06-12 08:30:00,94.0
2025-06-12 14:34:00,50.557353635505194
2025-06-12 06:10:00,42.2
2025-06-12 05:00:00,50.557353635505194
2025-06-12 18:04:00,50.557353635505194
2025-06-12 22:58:00,80.2
2025-06-12 13:12:00,50.557353635505194
2025-06-12 00:00:00,37.4
2025-06-12 09:38:00,41.3
2025-06-12 20:14:00,82.9
2025-06-12 18:42:00,69.9
2025-06-12 18:51:00,33.6
2025-06-12 22:53:00,50.557353635505194
2025-06-12 16:13:00,50.557353635505194
2025-06-12 02:04:00,50.557353635505194
2025-06-12 07:52:00,92.6
2025-06-12 18:45:00,30.7
2025-06-12 22:14:00,46.6
2025-06-12 12:23:00,75.0
2025-06-12 07:10:00,8.6
2025-06-12 14:07:00,51.0
2025-06-12 11:04:00,98.9
2025-06-12 17:00:00,38.1
2025-06-12 12:15:00,77.3
2025-06-12 09:06:00,50.557353635505194
2025-06-12 21:51:00,74.0
2025-06-12 09:33:00,78.6
2025-06-12 05:11:00,70.5
2025-06-12 13:00:00,66.7
2025-06-12 02:41:00,95.2
2025-06-12 21:44:00,95.3
2025-06-12 16:55:00,57.0
2025-06-12 05:14:00,80.0
2025-06-12 09:19:00,78.0
2025-06-12 06:38:00,62.7
2025-06-12 18:07:00,35.3
2025-06-12 07:02:00,37.1
2025-06-12 15:04:00,52.9
2025-06-12 00:41:00,70.8
2025-06-12 02:44:00,61.7
2025-06-12 10:03:00,70.4
2025-06-12 00:13:00,75.1
2025-06-12 13:18:00,88.1
2025-06-12 20:48:00,70.9
2025-06-12 17:03:00,79.9
2025-06-12 07:32:00,77.5
2025-06-12 11:40:00,12.9
2025-06-12 20:41:00,93.9
2025-06-12 01:40:00,39.2
2025-06-12 15:42:00,87.2
2025-06-12 08:23:00,17.6
2025-06-12 16:34:00,67.3
2025-06-12 10:49:00,8.6
2025-06-12 22:59:00,96.5
2025-06-12 22:38:00,50.557353635505194
2025-06-12 11:19:00,13.6
2025-06-12 03:41:00,50.557353635505194
2025-06-12 09:32:00,12.9
2025-06-12 12:10:00,41.0
2025-06-12 15:37:00,54.9
2025-06-12 12:26:00,64.5
2025-06-12 16:54:00,19.6
2025-06-12 01:16:00,56.0
2025-06-12 19:00:00,91.2
2025-06-12 18:26:00,93.8
2025-06-12 14:51:00,86.0
2025-06-12 19:29:00,23.9
2025-06-12 00:27:00,50.557353635505194
2025-06-12 01:43:00,52.3
2025-06-12 17:13:00,93.2
2025-06-12 13:55:00,30.4
2025-06-12 09:39:00,60.8
2025-06-12 06:56:00,21.9
2025-06-12 15:43:00,53.8
2025-06-12 06:50:00,98.2
2025-06-12 20:56:00,76.7
2025-06-12 05:35:00,47.2
2025-06-12 10:46:00,13.2
2025-06-12 14:13:00,25.1
2025-06-12 12:12:00,50.557353635505194
2025-06-12 22:27:00,28.8
2025-06-12 00:07:00,90.1
2025-06-12 22:19:00,28.6
2025-06-12 12:33:00,85.7
2025-06-12 23:04:00,90.0
2025-06-12 21:36:00,1.5
2025-06-12 19:31:00,61.0
2025-06-12 15:40:00,80.6
2025-06-12 20:40:00,42.8
2025-06-12 12:14:00,38.0
2025-06-12 05:20:00,7.1
2025-06-12 16:18:00,42.9
2025-06-12 03:36:00,38.1
2025-06-12 12:48:00,73.0
2025-06-12 21:47:00,49.87196987526477
2025-06-12 07:32:00,67.4
2025-06-12 14:58:00,46.1
2025-06-12 11:01:00,97.8
2025-06-12 06:42:00,49.87196987526477
2025-06-12 21:02:00,64.1
2025-06-12 04:19:00,15.8
2025-06-12 17:20:00,84.1
2025-06-12 04:18:00,49.87196987526477
2025-06-12 22:00:00,62.4
2025-06-12 02:55:00,70.9
2025-06-12 00:25:00,49.87196987526477
2025-06-12 10:12:00,12.9
2025-06-12 06:24:00,77.0
2025-06-12 10:25:00,49.3
2025-06-12 00:36:00,49.87196987526477
2025-06-12 10:55:00,29.6
2025-06-12 16:41:00,48.3
2025-06-12 08:47:00,15.5
2025-06-12 15:07:00,39.7
2025-06-12 03:11:00,49.87196987526477
2025-06-12 07:33:00,16.5
2025-06-12 05:49:00,22.3
2025-06-12 21:32:00,55.6
2025-06-12 01:19:00,45.4
2025-06-12 21:42:00,49.87196987526477
2025-06-12 04:05:00,69.8
2025-06-12 03:35:00,34.3
2025-06-12 13:46:00,1.7
2025-06-12 02:01:00,96.1
2025-06-12 00:46:00,7.9
2025-06-12 18:09:00,61.1
2025-06-12 15:35:00,61.0
2025-06-12 11:00:00,73.5
2025-06-12 23:28:00,1.4
2025-06-12 16:13:00,12.5
2025-06-12 15:57:00,96.7
2025-06-12 17:50:00,79.9
2025-06-12 20:47:00,5.8
2025-06-12 20:17:00,84.3
2025-06-12 16:24:00,49.87196987526477
2025-06-12 14:31:00,82.7
2025-06-12 02:17:00,18.8
2025-06-12 18:39:00,77.5
2025-06-12 07:43:00,8.9
2025-06-12 12:57:00,23.1
2025-06-12 09:38:00,81.6
2025-06-12 08:05:00,99.3
2025-06-12 14:15:00,18.8
2025-06-12 08:00:00,49.87196987526477
2025-06-12 15:38:00,49.87196987526477
2025-06-12 13:47:00,75.0
2025-06-12 22:31:00,49.87196987526477
2025-06-12 14:56:00,72.6
2025-06-12 18:03:00,76.9
2025-06-12 21:33:00,97.4
2025-06-12 17:49:00,37.4
2025-06-12 10:39:00,65.8
2025-06-12 22:14:00,2.6
2025-06-12 02:46:00,49.87196987526477
2025-06-12 00:09:00,10.9
2025-06-12 08:03:00,49.87196987526477
2025-06-12 19:06:00,97.8
2025-06-12 14:42:00,1.3
2025-06-12 09:46:00,46.3
2025-06-12 16:38:00,67.2
2025-06-12 15:24:00,15.0
2025-06-12 07:45:00,36.2
2025-06-12 17:10:00,30.6
2025-06-12 11:59:00,62.0
2025-06-12 04:41:00,22.9
2025-06-12 07:36:00,49.87196987526477
2025-06-12 15:08:00,51.0
2025-06-12 20:09:00,61.8
2025-06-12 03:43:00,29.5
2025-06-12 23:23:00,56.4
2025-06-12 08:24:00,74.9
2025-06-12 16:23:00,58.8
2025-06-12 23:21:00,49.87196987526477
2025-06-12 11:52:00,81.6
2025-06-12 07:28:00,21.9
2025-06-12 20:23:00,66.9
2025-06-12 21:26:00,91.0
2025-06-12 19:11:00,4.5
2025-06-12 01:42:00,49.87196987526477
2025-06-12 08:34:00,49.87196987526477
2025-06-12 20:38:00,81.9
2025-06-12 09:37:00,70.9
2025-06-12 02:48:00,54.5
2025-06-12 22:36:00,49.87196987526477
2025-06-12 12:26:00,40.7
2025-06-12 19:32:00,49.87196987526477
2025-06-12 05:47:00,72.7
2025-06-12 10:45:00,49.87196987526477
2025-06-12 22:26:00,59.0
2025-06-12 15:25:00,27.9
2025-06-12 01:55:00,29.7
2025-06-12 02:35:00,14.6
2025-06-12 14:10:00,1.8
2025-06-12 10:27:00,49.87196987526477
2025-06-12 13:55:00,51.2
2025-06-12 16:22:00,13.7
2025-06-12 22:38:00,49.87196987526477
2025-06-12 14:35:00,44.0
2025-06-12 17:45:00,79.4
2025-06-12 20:24:00,81.2
2025-06-12 01:06:00,90.6
2025-06-12 19:45:00,49.87196987526477
2025-06-12 08:56:00,54.1
2025-06-12 13:00:00,95.0
2025-06-12 03:37:00,66.7
2025-06-12 03:23:00,35.6
2025-06-12 20:00:00,9.5
2025-06-12 09:26:00,51.0
2025-06-12 04:42:00,49.87196987526477
2025-06-12 09:18:00,35.3
2025-06-12 07:27:00,49.87196987526477
2025-06-12 22:53:00,36.6
2025-06-12 02:39:00,49.87196987526477
2025-06-12 10:07:00,77.4
2025-06-12 19:48:00,16.2
2025-06-12 00:27:00,75.7
2025-06-12 03:47:00,49.87196987526477
2025-06-12 04:26:00,2.3
2025-06-12 03:20:00,77.0
2025-06-12 06:12:00,17.6
2025-06-12 13:37:00,66.2
2025-06-12 02:44:00,5.5
2025-06-12 19:30:00,93.7
2025-06-12 16:10:00,49.87196987526477
2025-06-12 16:51:00,37.5
2025-06-12 10:48:00,45.7
2025-06-12 17:27:00,49.87196987526477
2025-06-12 01:26:00,22.7
2025-06-12 12:00:00,66.7
2025-06-12 12:21:00,14.5
2025-06-12 12:30:00,66.6
2025-06-12 04:17:00,45.5
2025-06-12 09:32:00,39.0
2025-06-12 10:56:00,45.5
2025-06-12 16:37:00,10.0
2025-06-12 04:11:00,59.3
2025-06-12 01:54:00,99.9
2025-06-12 04:57:00,30.3
2025-06-12 19:22:00,78.4
2025-06-12 16:55:00,89.2
2025-06-12 03:10:00,37.9
2025-06-12 11:37:00,93.4
2025-06-12 04:08:00,84.7
2025-06-12 03:41:00,85.1
2025-06-12 06:38:00,30.2
2025-06-12 09:21:00,16.5
2025-06-12 04:38:00,49.87196987526477
2025-06-12 21:13:00,26.9
2025-06-12 18:22:00,94.9
2025-06-12 06:08:00,64.1
2025-06-12 13:56:00,49.87196987526477
2025-06-12 00:01:00,49.87196987526477
2025-06-12 10:43:00,41.7
2025-06-12 15:32:00,26.9
2025-06-12 04:54:00,49.87196987526477
2025-06-12 23:10:00,87.8
2025-06-12 09:34:00,87.5
2025-06-12 20:37:00,95.2
2025-06-12 06:04:00,49.87196987526477
2025-06-12 16:04:00,87.3
2025-06-12 07:24:00,45.7
2025-06-12 03:25:00,91.8
2025-06-12 01:21:00,49.87196987526477
2025-06-12 19:20:00,49.87196987526477
2025-06-12 16:59:00,45.7
2025-06-12 10:47:00,56.7
2025-06-12 01:37:00,49.87196987526477
2025-06-12 17:38:00,49.87196987526477
2025-06-12 06:15:00,33.0
2025-06-12 14:22:00,0.6
2025-06-12 19:55:00,78.6
2025-06-12 22:10:00,60.5
2025-06-12 01:09:00,0.8
2025-06-12 19:42:00,14.5
2025-06-12 20:31:00,25.3
2025-06-12 09:41:00,83.7
2025-06-12 20:46:00,75.0
2025-06-12 22:17:00,62.2
2025-06-12 08:53:00,33.1
2025-06-12 20:22:00,40.5
2025-06-12 16:00:00,75.3
2025-06-12 12:49:00,49.87196987526477
2025-06-12 03:01:00,49.87196987526477
2025-06-12 12:39:00,44.0
2025-06-12 06:33:00,95.5
2025-06-12 16:56:00,26.5
2025-06-12 04:28:00,49.87196987526477
2025-06-12 01:28:00,8.1
2025-06-12 19:04:00,49.87196987526477
2025-06-12 08:04:00,37.2
2025-06-12 05:32:00,47.7
2025-06-12 00:10:00,69.6
2025-06-12 18:52:00,49.87196987526477
2025-06-12 17:02:00,17.6
2025-06-12 16:01:00,49.87196987526477
2025-06-12 14:43:00,79.3
2025-06-12 00:33:00,57.7
2025-06-12 12:45:00,11.8
2025-06-12 14:04:00,75.7
2025-06-12 20:53:00,34.3
2025-06-12 12:59:00,97.6
2025-06-12 18:41:00,10.3
2025-06-12 13:49:00,16.1
2025-06-12 22:43:00,13.9
2025-06-12 15:15:00,49.87196987526477
2025-06-12 02:28:00,99.4
2025-06-12 21:18:00,97.3
2025-06-12 10:02:00,49.87196987526477
2025-06-12 09:23:00,42.7
2025-06-12 11:33:00,41.0
2025-06-12 19:10:00,90.2
2025-06-12 20:21:00,94.2
2025-06-12 18:57:00,33.5
2025-06-12 07:10:00,63.5
2025-06-12 12:42:00,12.8
2025-06-12 04:40:00,49.87196987526477
2025-06-12 11:23:00,42.6
2025-06-12 13:07:00,17.9
2025-06-12 12:20:00,85.1
2025-06-12 19:58:00,50.6
2025-06-12 10:23:00,57.2
2025-06-12 20:36:00,83.8
2025-06-12 09:15:00,93.1
2025-06-12 10:46:00,70.5
2025-06-12 10:59:00,37.7
2025-06-12 06:36:00,17.1
2025-06-12 23:09:00,0.8
2025-06-12 22:09:00,70.8
2025-06-12 04:49:00,16.2
2025-06-12 20:28:00,33.0
2025-06-12 20:19:00,30.2
2025-06-12 14:12:00,68.3
2025-06-12 16:43:00,72.0
2025-06-12 11:21:00,77.8
2025-06-12 10:40:00,65.0
2025-06-12 04:43:00,48.7
2025-06-12 08:35:00,29.5
2025-06-12 18:14:00,40.1
2025-06-12 01:39:00,68.8
2025-06-12 08:57:00,56.5
2025-06-12 22:03:00,49.87196987526477
2025-06-12 19:21:00,69.3
2025-06-12 14:06:00,63.4
2025-06-12 00:45:00,49.87196987526477
2025-06-12 02:29:00,10.1
2025-06-12 15:41:00,97.7
2025-06-12 15:14:00,26.4
2025-06-12 13:24:00,87.7
2025-06-12 06:55:00,30.0
2025-06-12 14:00:00,5.8
2025-06-12 16:42:00,70.4
2025-06-12 15:28:00,73.8
2025-06-12 00:21:00,49.87196987526477
2025-06-12 17:41:00,49.87196987526477
2025-06-12 12:07:00,23.8
2025-06-12 05:25:00,37.4
2025-06-12 01:15:00,14.0
2025-06-12 05:42:00,2.1
2025-06-12 00:05:00,82.7
2025-06-12 17:19:00,42.0
2025-06-12 21:25:00,51.4
2025-06-12 20:49:00,98.7
2025-06-12 10:14:00,89.0
2025-06-12 14:39:00,12.2
2025-06-12 21:37:00,53.5
2025-06-12 13:36:00,23.4
2025-06-12 21:40:00,8.0
2025-06-12 06:14:00,49.87196987526477
2025-06-12 11:30:00,49.87196987526477
2025-06-12 15:47:00,36.8
2025-06-12 10:37:00,38.0
2025-06-12 11:41:00,64.8
2025-06-12 11:04:00,70.1
2025-06-12 03:19:00,49.93628109892701
2025-06-12 09:22:00,98.7
2025-06-12 09:00:00,49.93628109892701
2025-06-12 23:34:00,30.0
2025-06-12 13:11:00,2.7
2025-06-12 13:46:00,49.93628109892701
2025-06-12 08:40:00,3.5
2025-06-12 14:13:00,93.1
2025-06-12 18:28:00,17.6
2025-06-12 11:39:00,18.9
2025-06-12 00:51:00,49.93628109892701
2025-06-12 14:40:00,13.3
2025-06-12 03:32:00,49.93628109892701
2025-06-12 16:59:00,49.93628109892701
2025-06-12 18:21:00,0.8
2025-06-12 23:12:00,19.7
2025-06-12 17:35:00,93.8
2025-06-12 00:53:00,49.93628109892701
2025-06-12 16:46:00,77.7
2025-06-12 10:32:00,13.0
2025-06-12 05:53:00,74.1
2025-06-12 14:03:00,33.5
2025-06-12 09:57:00,73.5
2025-06-12 22:52:00,49.93628109892701
2025-06-12 18:10:00,92.0
2025-06-12 07:06:00,61.1
2025-06-12 22:22:00,17.5
2025-06-12 08:33:00,5.3
2025-06-12 14:42:00,41.1
2025-06-12 07:12:00,96.2
2025-06-12 12:44:00,56.8
2025-06-12 14:29:00,1.6
2025-06-12 06:31:00,30.3
2025-06-12 17:00:00,0.2
2025-06-12 08:48:00,49.93628109892701
2025-06-12 23:31:00,76.9
2025-06-12 15:53:00,89.7
2025-06-12 16:27:00,30.6
2025-06-12 01:53:00,58.3
2025-06-12 08:57:00,27.2
2025-06-12 12:03:00,49.93628109892701
2025-06-12 23:26:00,39.1
2025-06-12 17:57:00,25.4
2025-06-12 05:23:00,63.5
2025-06-12 03:50:00,40.9
2025-06-12 03:02:00,61.6
2025-06-12 18:14:00,48.9
2025-06-12 00:26:00,92.2
2025-06-12 14:37:00,91.7
2025-06-12 15:08:00,49.0
2025-06-12 17:45:00,49.93628109892701
2025-06-12 16:18:00,65.0
2025-06-12 16:28:00,29.9
2025-06-12 05:50:00,49.93628109892701
2025-06-12 07:18:00,49.93628109892701
2025-06-12 16:32:00,19.4
2025-06-12 03:37:00,66.7
2025-06-12 01:12:00,24.9
2025-06-12 03:14:00,49.93628109892701
2025-06-12 07:23:00,10.1
2025-06-12 06:33:00,13.1
2025-06-12 21:33:00,68.5
2025-06-12 04:55:00,39.0
2025-06-12 17:01:00,76.7
2025-06-12 10:43:00,49.93628109892701
2025-06-12 04:29:00,80.4
2025-06-12 19:19:00,79.8
2025-06-12 12:06:00,49.93628109892701
2025-06-12 06:36:00,5.8
2025-06-12 12:37:00,55.1
2025-06-12 10:20:00,59.0
2025-06-12 06:24:00,38.1
2025-06-12 00:46:00,68.0
2025-06-12 02:57:00,49.93628109892701
2025-06-12 08:15:00,4.8
2025-06-12 05:24:00,49.93628109892701
2025-06-12 08:03:00,52.7
2025-06-12 03:06:00,66.4
2025-06-12 10:08:00,82.7
2025-06-12 17:38:00,25.1
2025-06-12 01:29:00,82.6
2025-06-12 22:29:00,49.93628109892701
2025-06-12 22:54:00,96.0
2025-06-12 14:09:00,11.0
2025-06-12 16:22:00,65.2
2025-06-12 16:20:00,49.93628109892701
2025-06-12 15:41:00,1.6
2025-06-12 16:10:00,19.0
2025-06-12 07:19:00,75.9
2025-06-12 11:54:00,59.8
2025-06-12 14:54:00,26.1
2025-06-12 03:38:00,64.0
2025-06-12 14:52:00,54.3
2025-06-12 04:26:00,49.93628109892701
2025-06-12 13:35:00,49.93628109892701
2025-06-12 03:40:00,30.5
2025-06-12 06:59:00,55.8
2025-06-12 13:49:00,68.0
2025-06-12 18:06:00,53.6
2025-06-12 06:03:00,89.4
2025-06-12 10:11:00,34.9
2025-06-12 20:28:00,41.6
2025-06-12 08:13:00,9.3
2025-06-12 22:38:00,90.1
2025-06-12 20:56:00,7.8
2025-06-12 22:53:00,5.7
2025-06-12 07:37:00,68.4
2025-06-12 19:10:00,84.8
2025-06-12 08:21:00,47.6
2025-06-12 05:49:00,49.93628109892701
2025-06-12 03:48:00,49.93628109892701
2025-06-12 16:24:00,28.7
2025-06-12 12:40:00,8.8
2025-06-12 13:47:00,91.2
2025-06-12 04:57:00,51.5
2025-06-12 23:16:00,69.4
2025-06-12 01:52:00,28.0
2025-06-12 20:44:00,65.9
2025-06-12 02:25:00,69.9
2025-06-12 16:58:00,98.8
2025-06-12 12:34:00,49.93628109892701
2025-06-12 21:26:00,8.4
2025-06-12 22:44:00,38.6
2025-06-12 09:20:00,49.93628109892701
2025-06-12 23:35:00,51.5
2025-06-12 13:20:00,97.1
2025-06-12 09:30:00,70.9
2025-06-12 09:35:00,49.93628109892701
2025-06-12 15:54:00,88.0
2025-06-12 00:08:00,40.6
2025-06-12 02:49:00,48.4
2025-06-12 02:17:00,28.1
2025-06-12 16:05:00,1.8
2025-06-12 18:18:00,49.93628109892701
2025-06-12 02:09:00,25.8
2025-06-12 19:31:00,49.93628109892701
2025-06-12 19:52:00,49.93628109892701
2025-06-12 12:19:00,49.93628109892701
2025-06-12 18:09:00,0.9
2025-06-12 16:50:00,75.8
2025-06-12 14:43:00,49.93628109892701
2025-06-12 16:54:00,5.6
2025-06-12 12:17:00,49.93628109892701
2025-06-12 11:37:00,24.0
2025-06-12 00:59:00,10.4
2025-06-12 12:50:00,14.5
2025-06-12 00:37:00,42.9
2025-06-12 21:49:00,24.1
2025-06-12 06:10:00,84.7
2025-06-12 08:44:00,81.9
2025-06-12 05:03:00,49.93628109892701
2025-06-12 23:59:00,35.5
2025-06-12 08:54:00,35.6
2025-06-12 22:26:00,50.9
2025-06-12 20:23:00,75.1
2025-06-12 01:56:00,84.0
2025-06-12 20:12:00,84.5
2025-06-12 05:44:00,77.1
2025-06-12 19:43:00,13.6
2025-06-12 13:10:00,89.9
2025-06-12 11:15:00,54.1
2025-06-12 10:06:00,5.2
2025-06-12 14:59:00,34.7
2025-06-12 01:31:00,82.4
2025-06-12 01:17:00,49.93628109892701
2025-06-12 09:31:00,59.9
2025-06-12 19:48:00,95.1
2025-06-12 23:07:00,44.9
2025-06-12 14:21:00,76.0
2025-06-12 10:03:00,90.1
2025-06-12 18:32:00,49.93628109892701
2025-06-12 05:21:00,56.4
2025-06-12 09:18:00,49.93628109892701
2025-06-12 02:18:00,82.7
2025-06-12 07:47:00,49.93628109892701
2025-06-12 18:01:00,33.6
2025-06-12 07:22:00,3.5
2025-06-12 19:55:00,59.6
2025-06-12 22:14:00,49.93628109892701
2025-06-12 20:36:00,16.5
2025-06-12 00:01:00,47.2
2025-06-12 17:33:00,50.2
2025-06-12 20:31:00,62.9
2025-06-12 18:50:00,54.1
2025-06-12 00:48:00,3.3
2025-06-12 05:07:00,1.8
2025-06-12 11:49:00,92.0
2025-06-12 15:16:00,49.93628109892701
2025-06-12 07:27:00,53.5
2025-06-12 16:53:00,74.0
2025-06-12 14:10:00,30.8
2025-06-12 22:13:00,9.3
2025-06-12 14:47:00,92.0
2025-06-12 03:27:00,32.3
2025-06-12 04:33:00,45.1
2025-06-12 02:10:00,49.2
2025-06-12 09:56:00,21.7
2025-06-12 11:09:00,74.1
2025-06-12 21:35:00,49.93628109892701
2025-06-12 11:25:00,12.8
2025-06-12 01:18:00,37.7
2025-06-12 00:35:00,43.2
2025-06-12 16:21:00,47.2
2025-06-12 19:28:00,49.93628109892701
2025-06-12 01:10:00,0.5
2025-06-12 13:26:00,78.2
2025-06-12 17:14:00,84.9
2025-06-12 16:17:00,45.5
2025-06-12 05:38:00,27.4
2025-06-12 02:34:00,82.6
2025-06-12 12:59:00,23.9
2025-06-12 14:58:00,37.2
2025-06-12 11:00:00,40.2
2025-06-12 04:07:00,46.1
2025-06-12 12:32:00,4.9
2025-06-12 03:08:00,2.3
2025-06-12 15:59:00,8.6
2025-06-12 01:28:00,84.4
2025-06-12 16:13:00,49.93628109892701
2025-06-12 01:08:00,49.93628109892701
2025-06-12 07:17:00,49.93628109892701
2025-06-12 15:52:00,5.6
2025-06-12 03:36:00,18.2
2025-06-12 19:47:00,60.7
2025-06-12 02:07:00,66.3
2025-06-12 23:08:00,40.6
2025-06-12 21:02:00,49.93628109892701
2025-06-12 13:15:00,75.3
2025-06-12 13:22:00,70.4
2025-06-12 16:45:00,6.8
2025-06-12 18:39:00,41.5
2025-06-12 13:52:00,60.8
2025-06-12 01:40:00,15.4
2025-06-12 01:58:00,49.93628109892701
2025-06-12 15:26:00,14.6
2025-06-12 03:17:00,81.2
2025-06-12 23:05:00,10.1
2025-06-12 01:11:00,27.0
2025-06-12 15:06:00,42.4
2025-06-12 09:09:00,51.2
2025-06-12 21:16:00,44.1
2025-06-12 13:30:00,97.8
2025-06-12 14:51:00,58.7
2025-06-12 10:54:00,37.4
2025-06-12 16:44:00,49.93628109892701
2025-06-12 04:21:00,74.9
2025-06-12 07:43:00,98.0
2025-06-12 09:04:00,68.9
2025-06-12 20:48:00,49.7
2025-06-12 23:33:00,81.4
2025-06-12 05:05:00,18.3
2025-06-12 08:19:00,42.1
2025-06-12 09:58:00,59.1
2025-06-12 08:20:00,6.2
2025-06-12 13:51:00,53.0
2025-06-12 01:25:00,30.7
2025-06-12 13:42:00,48.8
2025-06-12 22:12:00,7.9
2025-06-12 13:29:00,95.4
2025-06-12 21:20:00,15.1
2025-06-12 07:44:00,66.7
2025-06-12 09:41:00,31.2
2025-06-12 23:54:00,11.8
2025-06-12 21:32:00,32.3
2025-06-12 02:42:00,49.93628109892701
2025-06-12 06:18:00,17.0
2025-06-12 08:09:00,92.5
2025-06-12 00:42:00,49.93628109892701
2025-06-12 03:29:00,79.8
2025-06-12 05:35:00,49.93628109892701
2025-06-12 23:38:00,91.8
2025-06-12 09:52:00,45.3
2025-06-12 07:07:00,15.9
2025-06-12 01:23:00,55.6
2025-06-12 02:52:00,22.8
2025-06-12 22:05:00,55.0
2025-06-12 02:20:00,89.1
2025-06-12 01:41:00,28.3
2025-06-12 04:14:00,49.93628109892701
2025-06-12 12:22:00,84.9
2025-06-12 08:43:00,72.3
2025-06-12 20:02:00,78.1
2025-06-12 18:12:00,49.93628109892701
2025-06-12 05:42:00,62.7
2025-06-12 11:06:00,59.1
2025-06-12 00:41:00,82.4
2025-06-12 15:21:00,30.4
2025-06-12 18:33:00,28.2
2025-06-12 06:08:00,5.7
2025-06-12 05:48:00,88.0
2025-06-12 06:16:00,49.797736698660984
2025-06-12 20:48:00,8.4
2025-06-12 10:46:00,49.797736698660984
2025-06-12 01:04:00,59.8
2025-06-12 17:19:00,47.2
2025-06-12 23:53:00,25.0
2025-06-12 07:38:00,49.797736698660984
2025-06-12 02:32:00,49.797736698660984
2025-06-12 03:40:00,16.6
2025-06-12 15:38:00,5.0
2025-06-12 00:44:00,92.8
2025-06-12 18:03:00,98.1
2025-06-12 14:34:00,49.797736698660984
2025-06-12 04:05:00,70.6
2025-06-12 10:16:00,64.9
2025-06-12 06:38:00,94.9
2025-06-12 21:03:00,60.5
2025-06-12 11:10:00,33.1
2025-06-12 10:09:00,64.6
2025-06-12 11:52:00,10.1
2025-06-12 21:51:00,49.4
2025-06-12 15:37:00,19.1
2025-06-12 17:51:00,54.7
2025-06-12 10:11:00,79.7
2025-06-12 22:11:00,1.3
2025-06-12 10:15:00,46.5
2025-06-12 09:17:00,66.6
2025-06-12 00:06:00,92.3
2025-06-12 09:24:00,8.0
2025-06-12 03:34:00,43.4
2025-06-12 20:47:00,46.8
2025-06-12 06:20:00,91.7
2025-06-12 19:11:00,65.9
2025-06-12 02:05:00,80.8
2025-06-12 10:07:00,59.4
2025-06-12 02:10:00,93.9
2025-06-12 09:25:00,70.5
2025-06-12 09:52:00,63.2
2025-06-12 22:49:00,63.6
2025-06-12 10:53:00,68.3
2025-06-12 06:34:00,87.6
2025-06-12 08:41:00,39.6
2025-06-12 05:19:00,15.6
2025-06-12 10:39:00,49.797736698660984
2025-06-12 23:48:00,33.7
2025-06-12 08:23:00,35.8
2025-06-12 02:02:00,66.8
2025-06-12 07:57:00,55.8
2025-06-12 16:03:00,39.1
2025-06-12 09:33:00,92.7
2025-06-12 06:01:00,0.4
2025-06-12 08:46:00,95.2
2025-06-12 16:09:00,22.0
2025-06-12 05:48:00,38.1
2025-06-12 12:16:00,37.5
2025-06-12 04:28:00,49.797736698660984
2025-06-12 23:49:00,68.3
2025-06-12 00:54:00,49.797736698660984
2025-06-12 16:45:00,6.0
2025-06-12 23:27:00,24.3
2025-06-12 00:25:00,62.7
2025-06-12 00:43:00,73.5
2025-06-12 10:21:00,92.3
2025-06-12 07:24:00,4.6
2025-06-12 00:09:00,60.0
2025-06-12 20:42:00,66.1
2025-06-12 16:58:00,78.9
2025-06-12 13:50:00,5.2
2025-06-12 04:03:00,70.8
2025-06-12 14:50:00,51.9
2025-06-12 18:14:00,72.0
2025-06-12 16:29:00,20.1
2025-06-12 06:25:00,31.7
2025-06-12 02:57:00,56.3
2025-06-12 22:21:00,49.797736698660984
2025-06-12 19:52:00,20.3
2025-06-12 03:27:00,37.4
2025-06-12 11:24:00,82.8
2025-06-12 14:22:00,43.0
2025-06-12 11:35:00,93.9
2025-06-12 08:19:00,98.8
2025-06-12 15:41:00,49.797736698660984
2025-06-12 14:55:00,2.1
2025-06-12 11:13:00,54.1
2025-06-12 11:51:00,71.1
2025-06-12 21:38:00,9.5
2025-06-12 11:59:00,7.8
2025-06-12 12:11:00,36.8
2025-06-12 10:27:00,99.2
2025-06-12 08:29:00,15.3
2025-06-12 07:40:00,87.2
2025-06-12 07:51:00,49.797736698660984
2025-06-12 12:51:00,25.4
2025-06-12 04:47:00,68.6
2025-06-12 20:15:00,56.6
2025-06-12 03:07:00,53.2
2025-06-12 17:55:00,18.5
2025-06-12 21:27:00,32.8
2025-06-12 18:08:00,49.797736698660984
2025-06-12 03:53:00,49.797736698660984
2025-06-12 21:23:00,71.8
2025-06-12 10:18:00,61.8
2025-06-12 08:17:00,56.2
2025-06-12 07:42:00,49.797736698660984
2025-06-12 09:51:00,0.1
2025-06-12 10:28:00,47.7
2025-06-12 02:13:00,99.8
2025-06-12 04:04:00,85.0
2025-06-12 01:52:00,65.7
2025-06-12 12:48:00,31.4
2025-06-12 00:08:00,49.797736698660984
2025-06-12 12:24:00,66.1
2025-06-12 21:19:00,82.2
2025-06-12 21:58:00,7.1
2025-06-12 21:11:00,22.0
2025-06-12 18:21:00,83.5
2025-06-12 13:42:00,49.797736698660984
2025-06-12 01:10:00,97.8
2025-06-12 04:11:00,73.5
2025-06-12 16:49:00,64.4
2025-06-12 20:25:00,47.1
2025-06-12 09:31:00,94.7
2025-06-12 01:19:00,27.2
2025-06-12 08:45:00,86.1
2025-06-12 23:33:00,96.7
2025-06-12 00:20:00,34.9
2025-06-12 07:14:00,42.9
2025-06-12 12:57:00,14.9
2025-06-12 18:35:00,52.6
2025-06-12 02:37:00,17.5
2025-06-12 16:54:00,5.9
2025-06-12 03:44:00,21.6
2025-06-12 04:45:00,12.6
2025-06-12 15:54:00,41.0
2025-06-12 17:26:00,59.5
2025-06-12 06:31:00,77.7
2025-06-12 20:43:00,50.9
2025-06-12 13:05:00,6.6
2025-06-12 02:45:00,76.3
2025-06-12 09:32:00,41.2
2025-06-12 06:04:00,49.797736698660984
2025-06-12 21:49:00,61.0
2025-06-12 01:12:00,62.7
2025-06-12 15:27:00,32.8
2025-06-12 01:01:00,86.2
2025-06-12 14:58:00,61.7
2025-06-12 00:19:00,71.2
2025-06-12 14:37:00,76.1
2025-06-12 11:15:00,49.797736698660984
2025-06-12 04:32:00,78.1
2025-06-12 19:50:00,49.797736698660984
2025-06-12 06:45:00,2.2
2025-06-12 14:57:00,20.4
2025-06-12 00:15:00,50.8
2025-06-12 13:03:00,2.9
2025-06-12 07:48:00,86.6
2025-06-12 20:00:00,49.1
2025-06-12 01:18:00,14.2
2025-06-12 14:09:00,36.0
2025-06-12 10:58:00,71.9
2025-06-12 19:03:00,72.1
2025-06-12 19:30:00,35.8
2025-06-12 22:53:00,49.797736698660984
2025-06-12 07:59:00,42.1
2025-06-12 13:11:00,30.9
2025-06-12 17:13:00,49.797736698660984
2025-06-12 07:31:00,88.3
2025-06-12 01:59:00,94.7
2025-06-12 19:31:00,49.797736698660984
2025-06-12 06:15:00,49.797736698660984
2025-06-12 11:47:00,71.6
2025-06-12 14:03:00,2.9
2025-06-12 21:34:00,34.5
2025-06-12 00:49:00,58.2
2025-06-12 20:41:00,37.1
2025-06-12 02:25:00,23.6
2025-06-12 07:50:00,18.7
2025-06-12 23:59:00,49.797736698660984
2025-06-12 19:05:00,49.797736698660984
2025-06-12 07:43:00,49.797736698660984
2025-06-12 01:41:00,49.797736698660984
2025-06-12 03:46:00,86.3
2025-06-12 10:30:00,49.797736698660984
2025-06-12 12:01:00,35.1
2025-06-12 21:47:00,52.5
2025-06-12 00:03:00,99.0
2025-06-12 00:30:00,80.2
2025-06-12 23:58:00,37.0
2025-06-12 08:28:00,35.8
2025-06-12 18:07:00,49.797736698660984
2025-06-12 07:53:00,49.797736698660984
2025-06-12 11:08:00,31.6
2025-06-12 11:26:00,81.4
2025-06-12 03:04:00,60.8
2025-06-12 22:35:00,65.9
2025-06-12 17:25:00,25.3
2025-06-12 18:48:00,1.6
2025-06-12 06:43:00,49.797736698660984
2025-06-12 00:34:00,49.797736698660984
2025-06-12 00:35:00,96.0
2025-06-12 13:30:00,1.2
2025-06-12 00:26:00,87.3
2025-06-12 00:27:00,23.1
2025-06-12 10:00:00,72.8
2025-06-12 23:13:00,49.797736698660984
2025-06-12 12:28:00,76.0
2025-06-12 08:01:00,37.1
2025-06-12 04:24:00,77.7
2025-06-12 03:30:00,93.2
2025-06-12 21:25:00,49.797736698660984
2025-06-12 22:32:00,47.4
2025-06-12 17:47:00,80.2
2025-06-12 19:42:00,59.0
2025-06-12 20:57:00,15.3
2025-06-12 23:47:00,49.797736698660984
2025-06-12 21:31:00,49.797736698660984
2025-06-12 01:37:00,74.9
2025-06-12 14:46:00,31.1
2025-06-12 07:07:00,35.7
2025-06-12 03:28:00,29.7
2025-06-12 17:02:00,29.2
2025-06-12 06:58:00,76.8
2025-06-12 14:02:00,51.3
2025-06-12 08:10:00,97.2
2025-06-12 08:11:00,58.1
2025-06-12 02:53:00,58.5
2025-06-12 20:29:00,49.797736698660984
2025-06-12 06:36:00,44.2
2025-06-12 22:20:00,10.8
2025-06-12 18:26:00,95.1
2025-06-12 05:55:00,49.797736698660984
2025-06-12 21:16:00,31.0
2025-06-12 06:21:00,36.0
2025-06-12 21:52:00,72.8
2025-06-12 19:18:00,14.4
2025-06-12 09:56:00,47.9
2025-06-12 04:35:00,61.9
2025-06-12 17:12:00,49.797736698660984
2025-06-12 04:21:00,56.2
2025-06-12 00:02:00,28.0
2025-06-12 12:27:00,93.3
2025-06-12 12:34:00,76.5
2025-06-12 13:45:00,45.1
2025-06-12 14:13:00,14.7
2025-06-12 23:05:00,52.5
2025-06-12 16:32:00,32.6
2025-06-12 08:31:00,57.5
2025-06-12 03:18:00,49.797736698660984
2025-06-12 20:19:00,64.3
2025-06-12 21:39:00,1.4
2025-06-12 03:52:00,60.2
2025-06-12 05:37:00,60.5
2025-06-12 16:25:00,42.4
2025-06-12 18:11:00,30.1
2025-06-12 22:06:00,31.7
2025-06-12 22:23:00,59.9
2025-06-12 02:47:00,49.797736698660984
2025-06-12 13:58:00,49.797736698660984
2025-06-12 19:23:00,75.9
2025-06-12 03:47:00,17.4
2025-06-12 12:58:00,49.797736698660984
2025-06-12 10:08:00,9.6
2025-06-12 12:33:00,30.5
2025-06-12 16:16:00,9.4
2025-06-12 07:01:00,28.4
2025-06-12 03:51:00,6.7
2025-06-12 00:24:00,24.7
2025-06-12 23:18:00,19.4
2025-06-12 17:23:00,49.797736698660984
2025-06-12 10:45:00,57.9
2025-06-12 12:35:00,55.7
2025-06-12 06:23:00,39.6
2025-06-12 09:07:00,42.9
2025-06-12 15:17:00,49.797736698660984
2025-06-12 01:35:00,91.5
2025-06-12 09:19:00,37.8
2025-06-12 18:55:00,66.3
2025-06-12 00:56:00,79.8
2025-06-12 18:53:00,17.8
2025-06-12 18:39:00,70.6
2025-06-12 20:24:00,94.8
2025-06-12 09:29:00,91.7
2025-06-12 14:10:00,68.3
2025-06-12 20:07:00,49.797736698660984
2025-06-12 21:50:00,92.5
2025-06-12 19:59:00,1.0
2025-06-12 19:45:00,3.1
2025-06-12 17:40:00,49.797736698660984
2025-06-12 10:38:00,61.0
2025-06-12 08:13:00,12.6
2025-06-12 06:24:00,74.1
2025-06-12 18:05:00,30.7
2025-06-12 00:28:00,21.1
2025-06-12 17:16:00,41.2
2025-06-12 18:57:00,67.0
2025-06-12 22:40:00,5.8
2025-06-12 13:29:00,27.2
2025-06-12 06:40:00,54.0
2025-06-12 09:58:00,90.1
2025-06-12 19:44:00,4.5
2025-06-12 03:22:00,35.5
2025-06-12 03:14:00,17.3
2025-06-12 18:03:00,50.18136565940501
2025-06-12 20:58:00,61.2
2025-06-12 14:47:00,19.4
2025-06-12 14:48:00,50.18136565940501
2025-06-12 11:40:00,53.4
2025-06-12 07:02:00,12.8
2025-06-12 15:09:00,50.18136565940501
2025-06-12 08:47:00,28.3
2025-06-12 05:17:00,18.0
2025-06-12 10:47:00,19.7
2025-06-12 05:38:00,47.1
2025-06-12 14:10:00,33.7
2025-06-12 19:48:00,89.8
2025-06-12 03:57:00,50.18136565940501
2025-06-12 06:47:00,13.0
2025-06-12 06:30:00,23.2
2025-06-12 10:27:00,70.0
2025-06-12 14:02:00,50.18136565940501
2025-06-12 12:04:00,48.3
2025-06-12 17:29:00,49.9
2025-06-12 13:23:00,6.7
2025-06-12 23:33:00,60.4
2025-06-12 00:15:00,50.18136565940501
2025-06-12 12:15:00,96.5
2025-06-12 00:02:00,50.18136565940501
2025-06-12 20:44:00,50.18136565940501
2025-06-12 14:16:00,67.5
2025-06-12 21:25:00,60.0
2025-06-12 23:31:00,35.1
2025-06-12 04:26:00,9.3
2025-06-12 08:09:00,50.18136565940501
2025-06-12 05:21:00,58.8
2025-06-12 14:46:00,14.9
2025-06-12 09:06:00,50.18136565940501
2025-06-12 22:42:00,98.1
2025-06-12 01:29:00,85.4
2025-06-12 16:38:00,99.4
2025-06-12 06:42:00,50.18136565940501
2025-06-12 11:29:00,50.18136565940501
2025-06-12 02:35:00,9.9
2025-06-12 23:53:00,85.9
2025-06-12 09:30:00,14.7
2025-06-12 03:53:00,86.7
2025-06-12 10:00:00,93.9
2025-06-12 15:19:00,4.1
2025-06-12 05:45:00,8.4
2025-06-12 02:09:00,55.3
2025-06-12 20:34:00,9.8
2025-06-12 03:28:00,55.6
2025-06-12 06:53:00,44.4
2025-06-12 08:34:00,50.18136565940501
2025-06-12 10:42:00,75.3
2025-06-12 11:16:00,50.18136565940501
2025-06-12 14:03:00,21.8
2025-06-12 20:54:00,50.18136565940501
2025-06-12 14:22:00,30.4
2025-06-12 18:02:00,50.18136565940501
2025-06-12 23:43:00,13.2
2025-06-12 13:46:00,84.7
2025-06-12 16:39:00,89.9
2025-06-12 12:20:00,39.0
2025-06-12 18:57:00,98.6
2025-06-12 20:53:00,36.1
2025-06-12 05:29:00,28.0
2025-06-12 21:20:00,76.0
2025-06-12 12:37:00,42.0
2025-06-12 21:02:00,77.6
2025-06-12 17:12:00,38.9
2025-06-12 07:01:00,84.0
2025-06-12 09:22:00,31.2
2025-06-12 17:22:00,43.7
2025-06-12 04:49:00,73.6
2025-06-12 01:19:00,95.7
2025-06-12 01:33:00,93.0
2025-06-12 09:43:00,69.3
2025-06-12 02:45:00,0.3
2025-06-12 10:56:00,56.8
2025-06-12 20:35:00,50.18136565940501
2025-06-12 21:57:00,13.8
2025-06-12 09:31:00,30.4
2025-06-12 12:13:00,55.7
2025-06-12 03:36:00,50.2
2025-06-12 16:56:00,50.18136565940501
2025-06-12 08:06:00,27.0
2025-06-12 08:50:00,43.2
2025-06-12 12:10:00,5.7
2025-06-12 14:37:00,43.0
2025-06-12 11:08:00,74.4
2025-06-12 03:39:00,52.7
2025-06-12 01:07:00,33.5
2025-06-12 09:20:00,50.18136565940501
2025-06-12 23:56:00,42.9
2025-06-12 02:27:00,99.1
2025-06-12 11:56:00,32.3
2025-06-12 17:04:00,50.18136565940501
2025-06-12 04:21:00,82.0
2025-06-12 14:51:00,86.6
2025-06-12 00:21:00,16.6
2025-06-12 03:27:00,69.4
2025-06-12 06:38:00,53.4
2025-06-12 01:43:00,51.7
2025-06-12 20:16:00,50.18136565940501
2025-06-12 10:17:00,41.2
2025-06-12 12:16:00,17.1
2025-06-12 04:40:00,50.18136565940501
2025-06-12 18:53:00,80.2
2025-06-12 19:12:00,48.2
2025-06-12 02:23:00,33.2
2025-06-12 04:03:00,59.0
2025-06-12 03:35:00,41.0
2025-06-12 05:03:00,58.7
2025-06-12 02:58:00,46.0
2025-06-12 09:16:00,59.5
2025-06-12 10:07:00,51.8
2025-06-12 05:41:00,43.4
2025-06-12 20:09:00,95.3
2025-06-12 02:05:00,3.0
2025-06-12 20:51:00,19.4
2025-06-12 05:58:00,50.18136565940501
2025-06-12 16:16:00,50.18136565940501
2025-06-12 05:59:00,77.8
2025-06-12 14:11:00,19.8
2025-06-12 16:02:00,89.8
2025-06-12 10:55:00,50.18136565940501
2025-06-12 21:47:00,41.2
2025-06-12 03:43:00,42.0
2025-06-12 11:33:00,50.18136565940501
2025-06-12 16:14:00,50.18136565940501
2025-06-12 06:12:00,15.9
2025-06-12 19:31:00,50.18136565940501
2025-06-12 15:51:00,1.4
2025-06-12 15:54:00,18.3
2025-06-12 04:00:00,53.3
2025-06-12 06:09:00,71.6
2025-06-12 21:28:00,10.6
2025-06-12 02:46:00,18.7
2025-06-12 06:44:00,51.7
2025-06-12 17:07:00,51.9
2025-06-12 08:16:00,30.5
2025-06-12 06:13:00,42.5
2025-06-12 09:53:00,50.18136565940501
2025-06-12 06:51:00,20.5
2025-06-12 11:45:00,50.18136565940501
2025-06-12 21:23:00,52.3
2025-06-12 21:35:00,50.18136565940501
2025-06-12 19:15:00,11.6
2025-06-12 00:49:00,6.8
2025-06-12 21:09:00,9.6
2025-06-12 18:25:00,94.1
2025-06-12 00:40:00,97.6
2025-06-12 18:19:00,41.4
2025-06-12 09:34:00,50.18136565940501
2025-06-12 13:33:00,46.2
2025-06-12 11:07:00,42.3
2025-06-12 09:01:00,2.4
2025-06-12 20:41:00,67.2
2025-06-12 23:25:00,50.18136565940501
2025-06-12 08:58:00,28.3
2025-06-12 08:41:00,92.1
2025-06-12 23:46:00,28.9
2025-06-12 21:44:00,81.7
2025-06-12 16:01:00,20.0
2025-06-12 06:21:00,37.9
2025-06-12 18:55:00,50.18136565940501
2025-06-12 06:07:00,64.9
2025-06-12 15:06:00,78.9
2025-06-12 07:59:00,59.8
2025-06-12 09:33:00,54.3
2025-06-12 00:48:00,50.4
2025-06-12 07:05:00,32.3
2025-06-12 19:08:00,50.18136565940501
2025-06-12 00:18:00,22.0
2025-06-12 20:08:00,76.6
2025-06-12 19:03:00,89.7
2025-06-12 17:02:00,40.8
2025-06-12 11:18:00,84.5
2025-06-12 15:15:00,98.7
2025-06-12 09:27:00,23.7
2025-06-12 13:42:00,6.2
2025-06-12 13:15:00,48.6
2025-06-12 18:38:00,15.5
2025-06-12 19:17:00,50.18136565940501
2025-06-12 11:32:00,95.1
2025-06-12 10:10:00,50.18136565940501
2025-06-12 09:38:00,94.8
2025-06-12 08:52:00,50.18136565940501
2025-06-12 13:41:00,6.5
2025-06-12 09:37:00,26.4
2025-06-12 17:21:00,14.6
2025-06-12 09:44:00,17.8
2025-06-12 16:48:00,35.5
2025-06-12 21:56:00,4.4
2025-06-12 18:35:00,27.7
2025-06-12 18:47:00,75.4
2025-06-12 07:52:00,50.18136565940501
2025-06-12 12:57:00,18.8
2025-06-12 19:46:00,69.5
2025-06-12 11:13:00,11.0
2025-06-12 05:06:00,63.4
2025-06-12 17:27:00,51.9
2025-06-12 19:36:00,12.0
2025-06-12 10:57:00,47.7
2025-06-12 15:26:00,10.1
2025-06-12 15:30:00,23.8
2025-06-12 06:04:00,75.9
2025-06-12 20:30:00,43.4
2025-06-12 18:39:00,22.1
2025-06-12 06:01:00,36.9
2025-06-12 04:18:00,76.0
2025-06-12 10:26:00,57.3
2025-06-12 03:15:00,60.2
2025-06-12 12:19:00,57.1
2025-06-12 16:54:00,14.6
2025-06-12 18:06:00,5.8
2025-06-12 05:33:00,58.9
2025-06-12 21:51:00,83.4
2025-06-12 09:39:00,83.7
2025-06-12 06:27:00,57.7
2025-06-12 22:00:00,61.5
2025-06-12 09:51:00,74.7
2025-06-12 12:07:00,4.1
2025-06-12 13:47:00,65.1
2025-06-12 03:37:00,50.18136565940501
2025-06-12 12:56:00,39.5
2025-06-12 17:25:00,63.3
2025-06-12 22:47:00,65.3
2025-06-12 10:06:00,46.4
2025-06-12 14:14:00,70.6
2025-06-12 06:11:00,94.3
2025-06-12 07:30:00,4.4
2025-06-12 14:20:00,61.3
2025-06-12 10:28:00,99.9
2025-06-12 07:23:00,19.8
2025-06-12 04:44:00,12.2
2025-06-12 13:54:00,44.9
2025-06-12 08:36:00,41.1
2025-06-12 20:45:00,30.5
2025-06-12 07:24:00,65.3
2025-06-12 19:18:00,66.4
2025-06-12 14:58:00,26.6
2025-06-12 10:54:00,52.4
2025-06-12 07:21:00,26.8
2025-06-12 02:52:00,54.0
2025-06-12 17:00:00,97.1
2025-06-12 21:14:00,61.0
2025-06-12 21:38:00,75.8
2025-06-12 00:04:00,85.9
2025-06-12 12:54:00,35.5
2025-06-12 18:00:00,16.5
2025-06-12 09:05:00,88.1
2025-06-12 14:49:00,46.6
2025-06-12 16:29:00,57.4
2025-06-12 18:01:00,51.2
2025-06-12 06:32:00,21.6
2025-06-12 19:58:00,2.3
2025-06-12 12:05:00,45.6
2025-06-12 01:28:00,94.9
2025-06-12 07:22:00,22.3
2025-06-12 20:20:00,21.1
2025-06-12 17:08:00,81.8
2025-06-12 17:01:00,95.8
2025-06-12 01:56:00,41.8
2025-06-12 23:12:00,11.5
2025-06-12 17:52:00,50.18136565940501
2025-06-12 07:26:00,65.3
2025-06-12 11:03:00,96.5
2025-06-12 21:58:00,33.4
2025-06-12 22:45:00,59.4
2025-06-12 04:19:00,99.1
2025-06-12 06:56:00,68.4
2025-06-12 17:05:00,94.3
2025-06-12 05:51:00,49.7
2025-06-12 04:02:00,20.9
2025-06-12 06:19:00,50.18136565940501
2025-06-12 09:57:00,77.7
2025-06-12 05:54:00,72.5
2025-06-12 05:35:00,87.8
2025-06-12 10:01:00,84.6
2025-06-12 15:08:00,7.7
2025-06-12 15:02:00,50.18136565940501
2025-06-12 18:32:00,34.0
2025-06-12 19:02:00,44.9
2025-06-12 11:24:00,99.1
2025-06-12 04:48:00,49.5
2025-06-12 07:50:00,68.9
2025-06-12 10:44:00,20.6
2025-06-12 23:19:00,99.7
2025-06-12 01:30:00,93.2
2025-06-12 18:02:00,49.66792053602915
2025-06-12 17:41:00,39.9
2025-06-12 07:57:00,24.0
2025-06-12 03:56:00,50.5
2025-06-12 18:42:00,3.1
2025-06-12 09:10:00,38.1
2025-06-12 03:58:00,49.66792053602915
2025-06-12 09:52:00,68.7
2025-06-12 04:14:00,41.0
2025-06-12 10:54:00,76.1
2025-06-12 13:23:00,17.3
2025-06-12 14:14:00,15.0
2025-06-12 14:21:00,49.66792053602915
2025-06-12 17:32:00,61.4
2025-06-12 19:12:00,19.1
2025-06-12 23:30:00,44.1
2025-06-12 17:21:00,49.66792053602915
2025-06-12 22:31:00,51.4
2025-06-12 09:09:00,68.6
2025-06-12 17:16:00,16.4
2025-06-12 11:45:00,85.8
2025-06-12 04:45:00,75.9
2025-06-12 18:55:00,15.6
2025-06-12 01:16:00,49.66792053602915
2025-06-12 08:05:00,9.1
2025-06-12 15:24:00,62.8
2025-06-12 06:44:00,55.5
2025-06-12 13:25:00,50.3
2025-06-12 12:42:00,49.66792053602915
2025-06-12 09:00:00,8.6
2025-06-12 15:13:00,49.66792053602915
2025-06-12 00:39:00,44.2
2025-06-12 21:51:00,55.3
2025-06-12 05:04:00,42.4
2025-06-12 15:47:00,49.66792053602915
2025-06-12 20:15:00,44.3
2025-06-12 07:01:00,48.7
2025-06-12 19:40:00,28.4
2025-06-12 19:52:00,36.4
2025-06-12 08:20:00,11.4
2025-06-12 20:09:00,33.8
2025-06-12 12:24:00,32.2
2025-06-12 21:15:00,25.1
2025-06-12 11:19:00,40.1
2025-06-12 16:22:00,63.9
2025-06-12 23:50:00,41.8
2025-06-12 01:13:00,9.9
2025-06-12 20:25:00,25.3
2025-06-12 09:31:00,8.9
2025-06-12 16:39:00,61.2
2025-06-12 16:24:00,49.66792053602915
2025-06-12 06:54:00,58.6
2025-06-12 22:44:00,43.6
2025-06-12 04:00:00,49.66792053602915
2025-06-12 08:24:00,59.3
2025-06-12 05:14:00,26.7
2025-06-12 11:31:00,77.2
2025-06-12 05:07:00,56.3
2025-06-12 08:58:00,34.0
2025-06-12 01:41:00,35.4
2025-06-12 10:13:00,60.6
2025-06-12 16:08:00,49.66792053602915
2025-06-12 00:13:00,60.0
2025-06-12 16:21:00,68.0
2025-06-12 05:06:00,3.7
2025-06-12 11:53:00,53.9
2025-06-12 14:10:00,49.66792053602915
2025-06-12 19:10:00,25.2
2025-06-12 00:10:00,32.6
2025-06-12 21:08:00,71.6
2025-06-12 18:57:00,27.0
2025-06-12 03:54:00,34.3
2025-06-12 07:46:00,14.9
2025-06-12 04:52:00,49.66792053602915
2025-06-12 06:47:00,85.4
2025-06-12 18:14:00,3.9
2025-06-12 19:33:00,64.4
2025-06-12 14:16:00,33.1
2025-06-12 09:20:00,32.7
2025-06-12 08:43:00,67.5
2025-06-12 06:38:00,65.2
2025-06-12 08:30:00,82.3
2025-06-12 04:08:00,49.66792053602915
2025-06-12 02:17:00,95.9
2025-06-12 17:50:00,49.66792053602915
2025-06-12 02:52:00,32.9
2025-06-12 22:14:00,36.5
2025-06-12 17:52:00,72.1
2025-06-12 08:33:00,11.4
2025-06-12 09:14:00,96.6
2025-06-12 14:34:00,22.3
2025-06-12 13:00:00,91.2
2025-06-12 22:20:00,90.3
2025-06-12 07:29:00,87.3
2025-06-12 18:34:00,49.66792053602915
2025-06-12 07:17:00,49.66792053602915
2025-06-12 23:29:00,8.8
2025-06-12 16:56:00,49.66792053602915
2025-06-12 23:52:00,87.0
2025-06-12 08:38:00,23.4
2025-06-12 04:16:00,9.5
2025-06-12 21:07:00,49.66792053602915
2025-06-12 18:37:00,12.7
2025-06-12 07:54:00,55.0
2025-06-12 01:27:00,49.5
2025-06-12 18:58:00,83.8
2025-06-12 01:12:00,32.6
2025-06-12 08:47:00,14.2
2025-06-12 11:10:00,52.9
2025-06-12 06:09:00,44.0
2025-06-12 11:06:00,49.66792053602915
2025-06-12 12:54:00,31.4
2025-06-12 02:33:00,49.66792053602915
2025-06-12 13:59:00,37.0
2025-06-12 18:33:00,27.5
2025-06-12 17:31:00,49.66792053602915
2025-06-12 16:10:00,49.66792053602915
2025-06-12 13:13:00,78.9
2025-06-12 21:20:00,68.6
2025-06-12 20:39:00,67.5
2025-06-12 14:46:00,22.6
2025-06-12 16:42:00,66.4
2025-06-12 03:35:00,98.0
2025-06-12 13:43:00,70.6
2025-06-12 10:22:00,73.5
2025-06-12 11:59:00,64.5
2025-06-12 16:58:00,81.0
2025-06-12 09:11:00,83.3
2025-06-12 13:57:00,30.0
2025-06-12 08:59:00,49.66792053602915
2025-06-12 20:57:00,17.4
2025-06-12 23:51:00,25.2
2025-06-12 22:29:00,71.8
2025-06-12 02:03:00,30.1
2025-06-12 13:12:00,14.5
2025-06-12 00:46:00,49.66792053602915
2025-06-12 17:09:00,91.9
2025-06-12 18:09:00,49.66792053602915
2025-06-12 00:54:00,61.3
2025-06-12 09:28:00,49.66792053602915
2025-06-12 09:03:00,42.2
2025-06-12 19:15:00,18.0
2025-06-12 14:17:00,45.8
2025-06-12 11:56:00,83.1
2025-06-12 10:43:00,61.2
2025-06-12 20:18:00,39.8
2025-06-12 18:08:00,49.66792053602915
2025-06-12 03:39:00,44.4
2025-06-12 10:09:00,18.4
2025-06-12 15:38:00,97.6
2025-06-12 13:30:00,10.5
2025-06-12 08:57:00,49.66792053602915
2025-06-12 13:11:00,42.6
2025-06-12 23:41:00,2.3
2025-06-12 15:33:00,23.0
2025-06-12 18:31:00,54.7
2025-06-12 11:01:00,0.5
2025-06-12 06:46:00,3.3
2025-06-12 14:13:00,38.2
2025-06-12 07:15:00,88.0
2025-06-12 22:26:00,49.66792053602915
2025-06-12 23:56:00,35.8
2025-06-12 04:19:00,50.9
2025-06-12 02:42:00,32.1
2025-06-12 00:05:00,58.7
2025-06-12 23:16:00,87.3
2025-06-12 21:59:00,76.7
2025-06-12 03:15:00,15.8
2025-06-12 12:34:00,56.2
2025-06-12 04:47:00,49.66792053602915
2025-06-12 18:32:00,25.4
2025-06-12 22:49:00,88.6
2025-06-12 04:43:00,51.8
2025-06-12 08:46:00,49.66792053602915
2025-06-12 00:56:00,7.9
2025-06-12 10:19:00,62.5
2025-06-12 20:28:00,39.3
2025-06-12 16:38:00,42.3
2025-06-12 06:04:00,17.5
2025-06-12 21:54:00,9.0
2025-06-12 00:37:00,32.4
2025-06-12 08:06:00,49.66792053602915
2025-06-12 02:46:00,2.5
2025-06-12 17:20:00,65.7
2025-06-12 11:26:00,45.7
2025-06-12 13:18:00,17.7
2025-06-12 01:30:00,49.66792053602915
2025-06-12 14:26:00,49.66792053602915
2025-06-12 12:43:00,58.3
2025-06-12 07:20:00,18.9
2025-06-12 12:21:00,3.9
2025-06-12 02:11:00,44.5
2025-06-12 06:49:00,8.1
2025-06-12 13:07:00,29.0
2025-06-12 02:16:00,16.4
2025-06-12 08:04:00,39.3
2025-06-12 20:42:00,57.3
2025-06-12 14:20:00,41.3
2025-06-12 01:56:00,68.0
2025-06-12 10:32:00,82.9
2025-06-12 13:50:00,51.7
2025-06-12 18:28:00,88.5
2025-06-12 18:01:00,49.66792053602915
2025-06-12 20:13:00,8.3
2025-06-12 03:00:00,9.1
2025-06-12 19:41:00,9.7
2025-06-12 06:10:00,49.66792053602915
2025-06-12 08:53:00,68.1
2025-06-12 08:13:00,24.6
2025-06-12 18:50:00,90.1
2025-06-12 05:10:00,23.8
2025-06-12 13:09:00,8.3
2025-06-12 21:04:00,6.9
2025-06-12 23:47:00,86.9
2025-06-12 04:58:00,32.3
2025-06-12 21:38:00,49.66792053602915
2025-06-12 04:23:00,49.66792053602915
2025-06-12 19:20:00,64.1
2025-06-12 20:30:00,6.5
2025-06-12 15:00:00,2.1
2025-06-12 21:18:00,9.2
2025-06-12 21:25:00,49.66792053602915
2025-06-12 17:19:00,57.8
2025-06-12 14:58:00,49.66792053602915
2025-06-12 10:12:00,55.0
2025-06-12 01:14:00,80.5
2025-06-12 15:44:00,30.2
2025-06-12 00:45:00,93.4
2025-06-12 14:51:00,73.4
2025-06-12 03:29:00,49.66792053602915
2025-06-12 13:35:00,11.5
2025-06-12 05:28:00,17.1
2025-06-12 06:33:00,72.8
2025-06-12 22:38:00,10.6
2025-06-12 09:18:00,49.66792053602915
2025-06-12 09:22:00,83.2
2025-06-12 00:23:00,67.9
2025-06-12 21:49:00,52.3
2025-06-12 05:26:00,80.5
2025-06-12 21:47:00,60.7
2025-06-12 21:11:00,49.66792053602915
2025-06-12 19:37:00,69.6
2025-06-12 10:07:00,9.0
2025-06-12 06:43:00,23.0
2025-06-12 06:57:00,39.2
2025-06-12 08:27:00,31.5
2025-06-12 07:55:00,95.0
2025-06-12 03:23:00,12.9
2025-06-12 00:32:00,64.0
2025-06-12 15:54:00,19.4
2025-06-12 07:36:00,17.9
2025-06-12 03:59:00,78.9
2025-06-12 21:10:00,79.8
2025-06-12 10:06:00,7.5
2025-06-12 06:21:00,2.2
2025-06-12 21:29:00,74.1
2025-06-12 07:45:00,49.66792053602915
2025-06-12 00:15:00,49.66792053602915
2025-06-12 00:06:00,37.2
2025-06-12 02:13:00,16.8
2025-06-12 08:51:00,49.66792053602915
2025-06-12 11:39:00,62.9
2025-06-12 22:16:00,69.1
2025-06-12 22:08:00,95.9
2025-06-12 20:35:00,46.1
2025-06-12 14:15:00,49.66792053602915
2025-06-12 15:08:00,80.1
2025-06-12 05:35:00,58.6
2025-06-12 20:54:00,60.8
2025-06-12 05:05:00,47.7
2025-06-12 03:08:00,10.7
2025-06-12 19:42:00,82.2
2025-06-12 10:29:00,41.0
2025-06-12 00:59:00,31.4
2025-06-12 18:52:00,4.7
2025-06-12 17:55:00,9.2
2025-06-12 15:27:00,65.8
2025-06-12 17:04:00,66.8
2025-06-12 18:46:00,16.6
2025-06-12 07:30:00,42.2
2025-06-12 04:11:00,7.2
2025-06-12 04:03:00,49.66792053602915
2025-06-12 07:51:00,56.7
2025-06-12 19:55:00,25.2
2025-06-12 08:36:00,29.8
2025-06-12 23:06:00,77.6
2025-06-12 05:30:00,36.7
2025-06-12 19:08:00,68.4
2025-06-12 19:02:00,20.6
2025-06-12 07:06:00,15.6
2025-06-12 02:38:00,13.5
2025-06-12 22:17:00,49.66792053602915
2025-06-12 08:10:00,80.3
2025-06-12 21:26:00,58.6
2025-06-12 07:53:00,68.8
2025-06-12 04:33:00,38.6
2025-06-12 03:40:00,45.3
2025-06-12 01:46:00,93.3
2025-06-12 16:47:00,93.6
2025-06-12 17:34:00,91.6
2025-06-12 10:34:00,49.66792053602915
2025-06-12 08:52:00,45.1
2025-06-12 12:05:00,49.66792053602915
2025-06-12 01:09:00,77.0
2025-06-12 01:34:00,70.3
2025-06-12 06:35:00,55.0
2025-06-12 05:50:00,3.8
2025-06-12 21:06:00,39.6
2025-06-12 22:18:00,19.0
2025-06-12 01:17:00,88.6
2025-06-12 20:29:00,49.66792053602915
2025-06-12 08:41:00,9.8
2025-06-12 10:25:00,97.7
2025-06-12 15:18:00,59.8
2025-06-12 03:20:00,49.1
2025-06-12 15:14:00,43.0
2025-06-12 08:14:00,6.8
2025-06-12 07:35:00,49.66792053602915
2025-06-12 16:14:00,80.3
2025-06-12 10:03:00,55.0
2025-06-12 11:22:00,49.66792053602915
2025-06-12 07:39:00,54.6
2025-06-12 19:48:00,49.66792053602915
2025-06-12 19:19:00,3.9
2025-06-12 12:25:00,49.66792053602915
2025-06-12 14:52:00,16.5
2025-06-12 23:58:00,66.8
2025-06-12 02:29:00,21.4
2025-06-12 16:27:00,12.1
2025-06-12 04:50:00,37.0
2025-06-12 03:50:00,56.5
2025-06-12 18:30:00,26.0
2025-06-12 18:41:00,58.2
2025-06-12 06:35:00,93.4
2025-06-12 10:34:00,33.8
2025-06-12 09:00:00,50.4
2025-06-12 00:01:00,19.2
2025-06-12 22:23:00,93.8
2025-06-12 16:10:00,25.3
2025-06-12 07:36:00,49.82591552591553
2025-06-12 22:57:00,35.7
2025-06-12 23:02:00,75.6
2025-06-12 12:11:00,62.2
2025-06-12 22:42:00,87.8
2025-06-12 00:11:00,89.9
2025-06-12 16:36:00,70.9
2025-06-12 09:19:00,40.5
2025-06-12 09:38:00,49.82591552591553
2025-06-12 11:24:00,10.1
2025-06-12 21:25:00,3.1
2025-06-12 18:42:00,84.1
2025-06-12 04:25:00,91.9
2025-06-12 22:48:00,40.5
2025-06-12 17:57:00,96.1
2025-06-12 15:17:00,76.1
2025-06-12 00:37:00,72.3
2025-06-12 09:01:00,51.0
2025-06-12 17:02:00,30.9
2025-06-12 21:05:00,2.2
2025-06-12 14:43:00,49.82591552591553
2025-06-12 13:39:00,19.2
2025-06-12 09:51:00,100.0
2025-06-12 10:29:00,49.82591552591553
2025-06-12 17:59:00,49.82591552591553
2025-06-12 03:15:00,46.3
2025-06-12 04:50:00,90.4
2025-06-12 18:29:00,93.6
2025-06-12 08:52:00,36.5
2025-06-12 06:47:00,10.5
2025-06-12 21:23:00,48.6
2025-06-12 09:31:00,49.82591552591553
2025-06-12 05:30:00,50.3
2025-06-12 12:22:00,4.0
2025-06-12 02:21:00,17.4
2025-06-12 05:01:00,3.9
2025-06-12 02:12:00,49.82591552591553
2025-06-12 14:22:00,49.82591552591553
2025-06-12 16:19:00,87.0
2025-06-12 14:31:00,44.3
2025-06-12 08:41:00,91.3
2025-06-12 07:03:00,49.82591552591553
2025-06-12 09:15:00,27.2
2025-06-12 06:17:00,49.82591552591553
2025-06-12 22:03:00,25.7
2025-06-12 23:05:00,49.82591552591553
2025-06-12 15:11:00,50.5
2025-06-12 17:46:00,46.4
2025-06-12 15:04:00,93.2
2025-06-12 13:44:00,69.5
2025-06-12 23:09:00,40.2
2025-06-12 13:11:00,98.9
2025-06-12 03:10:00,56.9
2025-06-12 13:27:00,92.9
2025-06-12 16:03:00,55.5
2025-06-12 15:00:00,61.5
2025-06-12 16:29:00,70.2
2025-06-12 07:32:00,72.4
2025-06-12 05:58:00,64.1
2025-06-12 17:52:00,49.82591552591553
2025-06-12 00:29:00,49.82591552591553
2025-06-12 14:27:00,94.9
2025-06-12 05:24:00,21.1
2025-06-12 02:49:00,46.6
2025-06-12 01:18:00,64.4
2025-06-12 07:38:00,83.2
2025-06-12 00:47:00,82.1
2025-06-12 02:08:00,53.8
2025-06-12 20:11:00,94.6
2025-06-12 04:57:00,24.1
2025-06-12 10:38:00,11.8
2025-06-12 05:17:00,63.6
2025-06-12 08:09:00,40.9
2025-06-12 11:43:00,49.82591552591553
2025-06-12 04:23:00,42.9
2025-06-12 23:48:00,59.3
2025-06-12 07:45:00,49.82591552591553
2025-06-12 09:45:00,49.82591552591553
2025-06-12 20:54:00,45.6
2025-06-12 03:33:00,22.4
2025-06-12 10:20:00,38.0
2025-06-12 16:17:00,38.5
2025-06-12 12:06:00,73.9
2025-06-12 13:20:00,49.82591552591553
2025-06-12 00:36:00,49.82591552591553
2025-06-12 09:33:00,58.1
2025-06-12 09:56:00,34.4
2025-06-12 15:27:00,86.9
2025-06-12 01:00:00,91.3
2025-06-12 05:41:00,59.9
2025-06-12 12:30:00,50.0
2025-06-12 04:26:00,85.5
2025-06-12 08:20:00,62.2
2025-06-12 01:44:00,70.1
2025-06-12 04:46:00,82.3
2025-06-12 18:48:00,49.82591552591553
2025-06-12 01:29:00,21.0
2025-06-12 12:05:00,19.5
2025-06-12 18:20:00,88.1
2025-06-12 10:44:00,90.9
2025-06-12 02:40:00,55.4
2025-06-12 22:32:00,89.7
2025-06-12 13:19:00,47.8
2025-06-12 17:06:00,32.8
2025-06-12 20:36:00,71.4
2025-06-12 14:18:00,49.82591552591553
2025-06-12 18:04:00,42.7
2025-06-12 23:01:00,75.5
2025-06-12 00:33:00,15.0
2025-06-12 19:33:00,79.3
2025-06-12 15:16:00,4.1
2025-06-12 22:19:00,16.7
2025-06-12 14:04:00,68.3
2025-06-12 19:46:00,7.1
2025-06-12 18:11:00,49.82591552591553
2025-06-12 06:51:00,77.6
2025-06-12 00:04:00,91.7
2025-06-12 15:53:00,49.82591552591553
2025-06-12 19:23:00,40.3
2025-06-12 23:52:00,71.9
2025-06-12 05:14:00,12.7
2025-06-12 21:37:00,79.4
2025-06-12 17:26:00,2.4
2025-06-12 04:04:00,11.7
2025-06-12 13:33:00,67.6
2025-06-12 07:47:00,80.0
2025-06-12 07:04:00,30.0
2025-06-12 03:57:00,25.6
2025-06-12 22:46:00,21.9
2025-06-12 08:40:00,19.1
2025-06-12 23:26:00,16.1
2025-06-12 03:30:00,49.82591552591553
2025-06-12 12:16:00,48.6
2025-06-12 08:51:00,27.2
2025-06-12 15:03:00,16.1
2025-06-12 15:52:00,88.0
2025-06-12 07:37:00,49.82591552591553
2025-06-12 11:23:00,25.4
2025-06-12 23:25:00,7.8
2025-06-12 06:38:00,60.0
2025-06-12 21:02:00,12.7
2025-06-12 20:12:00,73.0
2025-06-12 05:52:00,5.0
2025-06-12 08:58:00,49.82591552591553
2025-06-12 02:17:00,28.2
2025-06-12 13:49:00,70.1
2025-06-12 22:11:00,39.0
2025-06-12 12:35:00,83.9
2025-06-12 11:00:00,49.82591552591553
2025-06-12 01:21:00,97.3
2025-06-12 02:41:00,91.6
2025-06-12 13:47:00,81.7
2025-06-12 11:16:00,87.3
2025-06-12 16:24:00,49.82591552591553
2025-06-12 12:42:00,31.2
2025-06-12 17:11:00,19.3
2025-06-12 22:38:00,32.7
2025-06-12 16:50:00,98.2
2025-06-12 04:48:00,49.82591552591553
2025-06-12 18:46:00,58.1
2025-06-12 03:05:00,50.7
2025-06-12 05:55:00,13.4
2025-06-12 08:10:00,40.6
2025-06-12 01:06:00,93.1
2025-06-12 02:46:00,48.9
2025-06-12 05:39:00,74.1
2025-06-12 09:09:00,49.82591552591553
2025-06-12 03:37:00,95.6
2025-06-12 12:45:00,95.0
2025-06-12 00:43:00,25.5
2025-06-12 12:07:00,1.6
2025-06-12 10:56:00,17.2
2025-06-12 09:42:00,16.3
2025-06-12 12:09:00,49.82591552591553
2025-06-12 07:54:00,96.5
2025-06-12 20:42:00,99.2
2025-06-12 03:53:00,84.3
2025-06-12 02:56:00,49.82591552591553
2025-06-12 05:29:00,97.9
2025-06-12 11:09:00,98.7
2025-06-12 06:22:00,52.2
2025-06-12 23:49:00,25.0
2025-06-12 13:12:00,59.0
2025-06-12 23:55:00,77.7
2025-06-12 13:18:00,49.82591552591553
2025-06-12 21:08:00,26.9
2025-06-12 06:31:00,79.5
2025-06-12 05:00:00,15.0
2025-06-12 21:42:00,49.5
2025-06-12 10:39:00,90.9
2025-06-12 19:38:00,48.1
2025-06-12 14:05:00,0.4
2025-06-12 20:28:00,66.0
2025-06-12 07:49:00,46.9
2025-06-12 03:00:00,30.5
2025-06-12 05:28:00,79.6
2025-06-12 05:34:00,88.8
2025-06-12 18:32:00,18.9
2025-06-12 09:13:00,77.3
2025-06-12 12:27:00,27.4
2025-06-12 08:56:00,50.6
2025-06-12 16:58:00,21.5
2025-06-12 23:34:00,37.3
2025-06-12 22:05:00,85.8
2025-06-12 04:16:00,31.3
2025-06-12 04:09:00,2.3
2025-06-12 19:51:00,23.0
2025-06-12 09:40:00,49.82591552591553
2025-06-12 13:21:00,93.9
2025-06-12 22:13:00,66.9
2025-06-12 15:41:00,1.9
2025-06-12 18:34:00,62.1
2025-06-12 22:43:00,6.0
2025-06-12 01:03:00,92.4
2025-06-12 10:51:00,17.0
2025-06-12 05:57:00,77.8
2025-06-12 23:30:00,30.0
2025-06-12 11:42:00,25.9
2025-06-12 20:44:00,92.5
2025-06-12 00:25:00,49.82591552591553
2025-06-12 14:12:00,37.1
2025-06-12 21:54:00,0.4
2025-06-12 21:40:00,78.5
2025-06-12 20:00:00,55.9
2025-06-12 19:41:00,56.6
2025-06-12 04:03:00,99.3
2025-06-12 16:16:00,49.82591552591553
2025-06-12 16:42:00,90.9
2025-06-12 00:50:00,23.9
2025-06-12 04:33:00,93.9
2025-06-12 10:16:00,74.1
2025-06-12 02:07:00,47.9
2025-06-12 18:27:00,49.82591552591553
2025-06-12 21:28:00,32.6
2025-06-12 18:50:00,76.9
2025-06-12 23:42:00,50.7
2025-06-12 03:39:00,10.6
2025-06-12 19:03:00,55.2
2025-06-12 11:47:00,48.7
2025-06-12 17:27:00,49.82591552591553
2025-06-12 12:59:00,18.3
2025-06-12 18:49:00,73.9
2025-06-12 14:15:00,8.7
2025-06-12 00:28:00,31.8
2025-06-12 14:33:00,23.6
2025-06-12 18:09:00,67.7
2025-06-12 20:39:00,75.2
2025-06-12 17:23:00,74.8
2025-06-12 08:38:00,49.82591552591553
2025-06-12 12:18:00,83.3
2025-06-12 12:31:00,53.3
2025-06-12 21:47:00,79.7
2025-06-12 15:12:00,49.82591552591553
2025-06-12 18:21:00,5.9
2025-06-12 17:54:00,99.3
2025-06-12 07:12:00,94.0
2025-06-12 07:30:00,69.0
2025-06-12 18:28:00,37.7
2025-06-12 04:39:00,61.8
2025-06-12 08:27:00,81.0
2025-06-12 01:04:00,62.0
2025-06-12 12:53:00,7.3
2025-06-12 16:00:00,20.8
2025-06-12 20:47:00,77.7
2025-06-12 06:06:00,49.82591552591553
2025-06-12 18:55:00,60.2
2025-06-12 14:19:00,34.2
2025-06-12 22:17:00,13.1
2025-06-12 23:44:00,77.2
2025-06-12 07:34:00,83.8
2025-06-12 17:08:00,12.5
2025-06-12 15:34:00,73.3
2025-06-12 08:21:00,49.82591552591553
2025-06-12 21:07:00,44.3
2025-06-12 02:58:00,49.82591552591553
2025-06-12 20:24:00,47.0
2025-06-12 03:01:00,87.9
2025-06-12 07:41:00,75.2
2025-06-12 15:20:00,97.6
2025-06-12 15:36:00,57.4
2025-06-12 02:02:00,16.0
2025-06-12 09:21:00,11.4
2025-06-12 21:53:00,60.5
2025-06-12 23:50:00,49.82591552591553
2025-06-12 09:12:00,56.7
2025-06-12 06:03:00,55.7
2025-06-12 20:07:00,12.0
2025-06-12 13:54:00,4.6
2025-06-12 10:58:00,43.7
2025-06-12 06:44:00,70.6
2025-06-12 13:22:00,75.4
2025-06-12 13:59:00,49.2
2025-06-12 07:51:00,62.0
2025-06-12 08:02:00,90.3
2025-06-12 19:36:00,49.82264106490752
2025-06-12 08:26:00,10.4
2025-06-12 09:47:00,63.8
2025-06-12 17:00:00,82.1
2025-06-12 01:19:00,3.3
2025-06-12 10:26:00,18.8
2025-06-12 13:52:00,89.5
2025-06-12 01:12:00,49.82264106490752
2025-06-12 04:39:00,60.2
2025-06-12 08:50:00,46.0
2025-06-12 11:09:00,5.7
2025-06-12 05:42:00,35.2
2025-06-12 06:40:00,18.3
2025-06-12 01:42:00,54.4
2025-06-12 13:41:00,49.82264106490752
2025-06-12 20:00:00,49.82264106490752
2025-06-12 03:30:00,37.8
2025-06-12 23:13:00,78.8
2025-06-12 18:39:00,49.82264106490752
2025-06-12 19:52:00,7.5
2025-06-12 01:37:00,92.3
2025-06-12 16:43:00,36.1
2025-06-12 14:43:00,90.4
2025-06-12 15:31:00,2.1
2025-06-12 04:00:00,49.2
2025-06-12 21:12:00,79.9
2025-06-12 10:53:00,55.7
2025-06-12 08:07:00,85.1
2025-06-12 09:24:00,21.7
2025-06-12 05:36:00,49.1
2025-06-12 17:25:00,20.3
2025-06-12 13:27:00,48.8
2025-06-12 16:35:00,81.7
2025-06-12 01:13:00,49.82264106490752
2025-06-12 17:48:00,12.8
2025-06-12 00:09:00,79.8
2025-06-12 09:09:00,70.5
2025-06-12 13:21:00,78.7
2025-06-12 17:44:00,81.9
2025-06-12 12:51:00,18.1
2025-06-12 18:36:00,46.5
2025-06-12 21:03:00,69.4
2025-06-12 00:40:00,58.1
2025-06-12 06:21:00,49.82264106490752
2025-06-12 14:15:00,11.7
2025-06-12 01:16:00,96.9
2025-06-12 05:02:00,49.82264106490752
2025-06-12 18:57:00,60.4
2025-06-12 15:22:00,2.0
2025-06-12 19:05:00,5.7
2025-06-12 07:04:00,49.82264106490752
2025-06-12 05:03:00,49.82264106490752
2025-06-12 13:43:00,93.2
2025-06-12 13:40:00,67.6
2025-06-12 22:34:00,14.4
2025-06-12 19:20:00,91.9
2025-06-12 11:37:00,13.0
2025-06-12 00:25:00,49.82264106490752
2025-06-12 07:25:00,58.6
2025-06-12 09:18:00,45.6
2025-06-12 08:00:00,49.82264106490752
2025-06-12 11:39:00,80.4
2025-06-12 10:06:00,49.82264106490752
2025-06-12 03:36:00,44.7
2025-06-12 18:58:00,87.9
2025-06-12 22:12:00,49.82264106490752
2025-06-12 19:51:00,16.5
2025-06-12 06:52:00,95.8
2025-06-12 14:29:00,73.7
2025-06-12 15:27:00,20.4
2025-06-12 15:30:00,53.6
2025-06-12 03:09:00,10.3
2025-06-12 12:46:00,68.5
2025-06-12 04:59:00,84.7
2025-06-12 13:51:00,74.7
2025-06-12 20:29:00,36.6
2025-06-12 12:40:00,78.4
2025-06-12 10:37:00,57.9
2025-06-12 02:04:00,4.1
2025-06-12 07:21:00,39.5
2025-06-12 17:16:00,38.4
2025-06-12 01:39:00,17.6
2025-06-12 00:06:00,24.7
2025-06-12 21:02:00,49.82264106490752
2025-06-12 15:43:00,10.0
2025-06-12 15:59:00,60.8
2025-06-12 11:32:00,49.82264106490752
2025-06-12 11:43:00,8.4
2025-06-12 16:14:00,76.8
2025-06-12 10:05:00,41.6
2025-06-12 11:34:00,13.1
2025-06-12 03:02:00,68.2
2025-06-12 16:24:00,80.1
2025-06-12 18:37:00,47.7
2025-06-12 03:37:00,21.7
2025-06-12 01:50:00,50.0
2025-06-12 02:24:00,62.7
2025-06-12 21:28:00,2.6
2025-06-12 02:37:00,38.8
2025-06-12 11:26:00,27.2
2025-06-12 00:45:00,59.5
2025-06-12 23:03:00,82.4
2025-06-12 02:48:00,10.9
2025-06-12 19:09:00,49.82264106490752
2025-06-12 03:50:00,8.6
2025-06-12 01:14:00,68.6
2025-06-12 05:45:00,2.9
2025-06-12 22:33:00,65.2
2025-06-12 20:55:00,9.9
2025-06-12 22:19:00,93.3
2025-06-12 22:37:00,49.82264106490752
2025-06-12 06:35:00,83.6
2025-06-12 09:53:00,15.0
2025-06-12 13:37:00,5.0
2025-06-12 20:26:00,9.6
2025-06-12 02:35:00,49.82264106490752
2025-06-12 02:38:00,60.4
2025-06-12 02:34:00,29.5
2025-06-12 19:10:00,67.4
2025-06-12 07:59:00,88.5
2025-06-12 17:38:00,87.6
2025-06-12 09:13:00,35.9
2025-06-12 04:17:00,49.82264106490752
2025-06-12 12:07:00,87.3
2025-06-12 04:29:00,59.7
2025-06-12 21:57:00,2.3
2025-06-12 07:01:00,52.7
2025-06-12 17:34:00,15.5
2025-06-12 18:33:00,80.6
2025-06-12 18:23:00,76.3
2025-06-12 22:52:00,20.4
2025-06-12 19:57:00,12.5
2025-06-12 14:59:00,21.6
2025-06-12 22:27:00,6.4
2025-06-12 03:26:00,30.7
2025-06-12 10:00:00,9.0
2025-06-12 17:23:00,27.5
2025-06-12 06:39:00,49.82264106490752
2025-06-12 21:42:00,49.82264106490752
2025-06-12 15:02:00,58.2
2025-06-12 00:26:00,49.82264106490752
2025-06-12 19:32:00,48.7
2025-06-12 07:14:00,49.82264106490752
2025-06-12 11:03:00,2.4
2025-06-12 04:58:00,33.3
2025-06-12 23:40:00,1.3
2025-06-12 10:08:00,57.2
2025-06-12 14:08:00,34.9
2025-06-12 00:49:00,42.6
2025-06-12 13:45:00,49.82264106490752
2025-06-12 14:13:00,49.82264106490752
2025-06-12 00:34:00,88.9
2025-06-12 20:49:00,49.82264106490752
2025-06-12 00:44:00,3.8
2025-06-12 04:15:00,47.3
2025-06-12 19:58:00,4.6
2025-06-12 09:19:00,14.1
2025-06-12 14:06:00,49.82264106490752
2025-06-12 21:10:00,49.82264106490752
2025-06-12 15:11:00,56.2
2025-06-12 17:33:00,96.9
2025-06-12 19:53:00,49.82264106490752
2025-06-12 14:34:00,48.5
2025-06-12 21:38:00,48.8
2025-06-12 14:05:00,1.2
2025-06-12 10:21:00,49.82264106490752
2025-06-12 23:53:00,8.7
2025-06-12 00:15:00,45.2
2025-06-12 09:06:00,49.82264106490752
2025-06-12 08:20:00,49.82264106490752
2025-06-12 05:54:00,49.82264106490752
2025-06-12 15:29:00,11.1
2025-06-12 16:15:00,49.82264106490752
2025-06-12 06:04:00,64.7
2025-06-12 22:36:00,68.6
2025-06-12 01:31:00,5.4
2025-06-12 11:44:00,37.7
2025-06-12 10:09:00,94.0
2025-06-12 07:06:00,66.5
2025-06-12 12:37:00,32.4
2025-06-12 17:19:00,3.2
2025-06-12 14:55:00,90.2
2025-06-12 15:39:00,7.9
2025-06-12 19:26:00,49.82264106490752
2025-06-12 07:39:00,49.82264106490752
2025-06-12 06:06:00,5.6
2025-06-12 03:14:00,82.6
2025-06-12 06:32:00,63.2
2025-06-12 17:13:00,23.1
2025-06-12 04:23:00,15.7
2025-06-12 06:33:00,73.7
2025-06-12 23:36:00,49.82264106490752
2025-06-12 02:23:00,8.6
2025-06-12 13:00:00,96.8
2025-06-12 03:16:00,5.5
2025-06-12 05:32:00,56.0
2025-06-12 21:39:00,87.8
2025-06-12 16:30:00,41.0
2025-06-12 10:46:00,55.4
2025-06-12 14:56:00,74.0
2025-06-12 15:55:00,38.4
2025-06-12 17:54:00,49.82264106490752
2025-06-12 14:57:00,52.3
2025-06-12 14:12:00,62.7
2025-06-12 10:18:00,85.8
2025-06-12 09:28:00,91.7
2025-06-12 12:52:00,34.8
2025-06-12 07:11:00,19.5
2025-06-12 17:14:00,9.3
2025-06-12 08:54:00,13.4
2025-06-12 09:59:00,71.8
2025-06-12 14:01:00,19.3
2025-06-12 18:46:00,3.1
2025-06-12 07:13:00,49.82264106490752
2025-06-12 22:11:00,48.8
2025-06-12 12:36:00,3.0
2025-06-12 18:28:00,14.0
2025-06-12 09:14:00,49.82264106490752
2025-06-12 00:52:00,37.4
2025-06-12 21:31:00,96.7
2025-06-12 18:30:00,32.6
2025-06-12 17:01:00,49.82264106490752
2025-06-12 15:32:00,11.4
2025-06-12 07:54:00,28.3
2025-06-12 16:57:00,3.0
2025-06-12 17:51:00,49.82264106490752
2025-06-12 01:55:00,58.3
2025-06-12 06:45:00,81.9
2025-06-12 23:08:00,69.5
2025-06-12 08:29:00,15.4
2025-06-12 02:10:00,49.2
2025-06-12 17:10:00,67.3
2025-06-12 06:47:00,61.1
2025-06-12 03:51:00,75.5
2025-06-12 20:01:00,49.82264106490752
2025-06-12 16:31:00,49.82264106490752
2025-06-12 20:05:00,88.7
2025-06-12 03:29:00,35.2
2025-06-12 15:25:00,4.6
2025-06-12 05:04:00,98.4
2025-06-12 13:07:00,86.6
2025-06-12 09:01:00,64.9
2025-06-12 10:43:00,83.5
2025-06-12 10:10:00,9.1
2025-06-12 11:20:00,85.5
2025-06-12 17:24:00,21.5
2025-06-12 00:50:00,66.2
2025-06-12 14:04:00,43.0
2025-06-12 15:45:00,49.82264106490752
2025-06-12 00:19:00,43.6
2025-06-12 19:38:00,46.0
2025-06-12 07:02:00,30.2
2025-06-12 23:35:00,49.1
2025-06-12 08:22:00,46.9
2025-06-12 16:33:00,1.8
2025-06-12 02:01:00,3.3
2025-06-12 06:30:00,6.4
2025-06-12 00:16:00,2.8
2025-06-12 19:02:00,19.9
2025-06-12 08:12:00,21.9
2025-06-12 16:18:00,10.0
2025-06-12 20:31:00,82.5
2025-06-12 19:42:00,40.1
2025-06-12 04:18:00,49.82264106490752
2025-06-12 19:00:00,86.3
2025-06-12 08:28:00,29.5
2025-06-12 19:18:00,1.1
2025-06-12 10:07:00,44.6
2025-06-12 08:24:00,20.0
2025-06-12 20:19:00,75.0
2025-06-12 22:18:00,52.6
2025-06-12 15:14:00,85.5
2025-06-12 20:48:00,50.2
2025-06-12 17:40:00,25.8
2025-06-12 15:49:00,37.8
2025-06-12 21:15:00,49.82264106490752
2025-06-12 07:42:00,8.1
2025-06-12 21:50:00,20.8
2025-06-12 11:50:00,45.5
2025-06-12 01:02:00,49.82264106490752
2025-06-12 19:23:00,24.9
2025-06-12 20:36:00,22.8
2025-06-12 04:50:00,46.9
2025-06-12 18:43:00,1.8
2025-06-12 16:38:00,41.2
2025-06-12 13:17:00,26.4
2025-06-12 00:54:00,73.1
2025-06-12 15:38:00,80.8
2025-06-12 18:56:00,86.4
2025-06-12 16:09:00,91.8
2025-06-12 11:46:00,49.82264106490752
2025-06-12 22:41:00,49.82264106490752
2025-06-12 06:07:00,53.9
2025-06-12 08:08:00,11.1
2025-06-12 14:41:00,14.6
2025-06-12 05:28:00,90.1
2025-06-12 11:28:00,57.7
2025-06-12 10:02:00,57.8
2025-06-12 17:29:00,63.6
2025-06-12 11:58:00,30.8
2025-06-12 06:15:00,21.5
2025-06-12 11:23:00,2.9
2025-06-12 01:36:00,86.9
2025-06-12 00:35:00,18.1
2025-06-12 00:52:00,63.3
2025-06-12 19:21:00,73.4
2025-06-12 12:34:00,95.7
2025-06-12 15:33:00,38.5
2025-06-12 21:00:00,66.0
2025-06-12 11:03:00,78.9
2025-06-12 17:56:00,92.3
2025-06-12 03:18:00,18.2
2025-06-12 15:16:00,9.6
2025-06-12 04:07:00,60.9
2025-06-12 13:07:00,33.4
2025-06-12 14:25:00,94.4
2025-06-12 02:01:00,0.6
2025-06-12 12:20:00,49.73505924170616
2025-06-12 23:05:00,91.6
2025-06-12 05:58:00,34.4
2025-06-12 18:34:00,52.0
2025-06-12 16:39:00,76.3
2025-06-12 03:39:00,62.8
2025-06-12 13:23:00,36.3
2025-06-12 19:01:00,30.9
2025-06-12 22:44:00,68.7
2025-06-12 11:04:00,16.4
2025-06-12 09:24:00,19.4
2025-06-12 14:12:00,49.73505924170616
2025-06-12 01:04:00,48.3
2025-06-12 14:31:00,50.9
2025-06-12 20:49:00,49.73505924170616
2025-06-12 06:52:00,20.6
2025-06-12 04:08:00,60.7
2025-06-12 14:34:00,45.9
2025-06-12 00:10:00,24.3
2025-06-12 06:42:00,49.73505924170616
2025-06-12 00:25:00,15.3
2025-06-12 19:44:00,76.8
2025-06-12 17:55:00,26.9
2025-06-12 22:39:00,96.9
2025-06-12 10:45:00,64.5
2025-06-12 22:10:00,2.6
2025-06-12 21:46:00,72.7
2025-06-12 11:36:00,1.8
2025-06-12 10:14:00,6.1
2025-06-12 20:42:00,49.73505924170616
2025-06-12 21:54:00,82.6
2025-06-12 17:26:00,92.9
2025-06-12 15:07:00,78.4
2025-06-12 10:11:00,81.4
2025-06-12 06:47:00,71.5
2025-06-12 16:37:00,92.4
2025-06-12 07:54:00,15.3
2025-06-12 06:12:00,49.6
2025-06-12 07:36:00,49.73505924170616
2025-06-12 16:56:00,57.3
2025-06-12 01:39:00,68.1
2025-06-12 20:09:00,62.6
2025-06-12 21:23:00,52.0
2025-06-12 19:14:00,91.2
2025-06-12 15:54:00,70.5
2025-06-12 08:14:00,49.73505924170616
2025-06-12 11:48:00,22.4
2025-06-12 19:45:00,7.8
2025-06-12 15:11:00,3.2
2025-06-12 09:50:00,49.73505924170616
2025-06-12 04:14:00,31.3
2025-06-12 19:58:00,85.5
2025-06-12 02:22:00,17.7
2025-06-12 22:20:00,7.3
2025-06-12 12:49:00,52.0
2025-06-12 05:25:00,29.4
2025-06-12 07:48:00,83.5
2025-06-12 12:18:00,49.73505924170616
2025-06-12 15:25:00,83.0
2025-06-12 19:06:00,59.5
2025-06-12 07:13:00,49.73505924170616
2025-06-12 01:28:00,86.0
2025-06-12 16:55:00,86.0
2025-06-12 05:56:00,70.1
2025-06-12 18:12:00,36.2
2025-06-12 09:35:00,51.0
2025-06-12 00:14:00,34.2
2025-06-12 13:01:00,13.4
2025-06-12 07:17:00,71.3
2025-06-12 13:20:00,36.1
2025-06-12 19:04:00,58.1
2025-06-12 10:53:00,9.2
2025-06-12 04:00:00,87.3
2025-06-12 19:53:00,48.7
2025-06-12 14:26:00,58.8
2025-06-12 02:14:00,97.1
2025-06-12 07:39:00,74.2
2025-06-12 00:03:00,15.8
2025-06-12 12:05:00,17.2
2025-06-12 09:22:00,49.73505924170616
2025-06-12 06:49:00,28.2
2025-06-12 02:49:00,70.2
2025-06-12 16:42:00,75.8
2025-06-12 21:25:00,34.8
2025-06-12 07:44:00,28.7
2025-06-12 05:39:00,74.3
2025-06-12 17:22:00,91.9
2025-06-12 10:26:00,2.7
2025-06-12 08:49:00,57.0
2025-06-12 00:58:00,2.1
2025-06-12 10:07:00,45.1
2025-06-12 19:18:00,36.2
2025-06-12 07:08:00,29.4
2025-06-12 08:52:00,0.9
2025-06-12 12:48:00,4.3
2025-06-12 09:39:00,35.5
2025-06-12 14:36:00,26.0
2025-06-12 02:37:00,79.9
2025-06-12 22:49:00,59.1
2025-06-12 15:15:00,26.5
2025-06-12 02:17:00,15.8
2025-06-12 04:22:00,11.2
2025-06-12 21:36:00,67.9
2025-06-12 03:21:00,32.6
2025-06-12 13:32:00,61.4
2025-06-12 18:57:00,17.7
2025-06-12 01:57:00,34.7
2025-06-12 08:00:00,35.6
2025-06-12 16:01:00,49.73505924170616
2025-06-12 22:19:00,16.0
2025-06-12 08:08:00,1.0
2025-06-12 05:37:00,20.3
2025-06-12 18:05:00,33.7
2025-06-12 04:45:00,36.9
2025-06-12 12:54:00,21.2
2025-06-12 04:38:00,28.8
2025-06-12 15:59:00,50.1
2025-06-12 05:40:00,48.4
2025-06-12 05:34:00,61.7
2025-06-12 06:17:00,20.8
2025-06-12 15:56:00,42.6
2025-06-12 05:33:00,31.6
2025-06-12 03:04:00,44.1
2025-06-12 08:07:00,51.2
2025-06-12 15:29:00,10.2
2025-06-12 18:04:00,6.4
2025-06-12 20:50:00,49.73505924170616
2025-06-12 01:14:00,49.73505924170616
2025-06-12 15:14:00,12.3
2025-06-12 05:46:00,49.73505924170616
2025-06-12 03:13:00,81.1
2025-06-12 08:11:00,91.2
2025-06-12 13:26:00,49.73505924170616
2025-06-12 05:45:00,51.8
2025-06-12 02:34:00,82.4
2025-06-12 13:14:00,14.5
2025-06-12 05:16:00,25.3
2025-06-12 13:36:00,44.5
2025-06-12 18:20:00,62.8
2025-06-12 12:26:00,16.8
2025-06-12 06:22:00,3.3
2025-06-12 12:31:00,49.4
2025-06-12 08:55:00,91.4
2025-06-12 10:54:00,92.8
2025-06-12 17:54:00,49.73505924170616
2025-06-12 21:08:00,90.4
2025-06-12 23:10:00,52.8
2025-06-12 14:00:00,67.2
2025-06-12 09:59:00,86.1
2025-06-12 12:51:00,44.4
2025-06-12 17:48:00,42.9
2025-06-12 21:20:00,0.3
2025-06-12 11:38:00,25.2
2025-06-12 10:38:00,25.9
2025-06-12 20:02:00,36.3
2025-06-12 11:33:00,43.4
2025-06-12 00:33:00,2.8
2025-06-12 19:19:00,23.1
2025-06-12 17:17:00,40.2
2025-06-12 23:30:00,18.5
2025-06-12 06:21:00,88.1
2025-06-12 17:47:00,49.73505924170616
2025-06-12 05:19:00,93.8
2025-06-12 12:15:00,72.8
2025-06-12 09:03:00,46.6
2025-06-12 22:34:00,42.9
2025-06-12 17:33:00,10.3
2025-06-12 16:33:00,49.73505924170616
2025-06-12 11:24:00,32.9
2025-06-12 21:24:00,10.8
2025-06-12 14:58:00,85.1
2025-06-12 12:00:00,12.1
2025-06-12 13:48:00,62.7
2025-06-12 18:02:00,30.3
2025-06-12 01:01:00,47.2
2025-06-12 16:04:00,0.2
2025-06-12 06:32:00,70.6
2025-06-12 15:58:00,31.2
2025-06-12 20:48:00,9.5
2025-06-12 00:28:00,47.0
2025-06-12 07:23:00,49.73505924170616
2025-06-12 11:44:00,5.2
2025-06-12 07:45:00,54.4
2025-06-12 03:40:00,25.2
2025-06-12 15:40:00,53.6
2025-06-12 20:17:00,44.2
2025-06-12 22:46:00,42.5
2025-06-12 07:34:00,82.5
2025-06-12 11:05:00,49.73505924170616
2025-06-12 01:08:00,49.73505924170616
2025-06-12 06:50:00,49.0
2025-06-12 16:14:00,49.73505924170616
2025-06-12 21:14:00,22.3
2025-06-12 14:22:00,84.3
2025-06-12 12:19:00,5.6
2025-06-12 21:40:00,74.6
2025-06-12 23:37:00,35.8
2025-06-12 13:53:00,1.3
2025-06-12 06:44:00,48.1
2025-06-12 04:25:00,49.73505924170616
2025-06-12 04:57:00,54.3
2025-06-12 17:10:00,49.73505924170616
2025-06-12 18:28:00,0.9
2025-06-12 10:30:00,16.4
2025-06-12 02:12:00,38.5
2025-06-12 19:49:00,41.2
2025-06-12 23:54:00,49.73505924170616
2025-06-12 14:33:00,45.6
2025-06-12 21:34:00,16.0
2025-06-12 05:05:00,4.3
2025-06-12 17:02:00,27.9
2025-06-12 11:55:00,92.1
2025-06-12 13:22:00,97.9
2025-06-12 14:39:00,55.9
2025-06-12 00:26:00,83.0
2025-06-12 02:08:00,53.8
2025-06-12 12:44:00,99.7
2025-06-12 10:17:00,82.4
2025-06-12 09:41:00,5.0
2025-06-12 22:54:00,49.73505924170616
2025-06-12 04:32:00,88.8
2025-06-12 17:05:00,88.6
2025-06-12 01:32:00,6.9
2025-06-12 00:27:00,41.8
2025-06-12 03:36:00,74.6
2025-06-12 02:59:00,20.0
2025-06-12 22:00:00,17.5
2025-06-12 22:26:00,90.2
2025-06-12 08:01:00,49.73505924170616
2025-06-12 06:57:00,93.2
2025-06-12 20:36:00,35.7
2025-06-12 11:25:00,49.73505924170616
2025-06-12 17:52:00,49.73505924170616
2025-06-12 21:49:00,77.9
2025-06-12 00:18:00,87.5
2025-06-12 00:53:00,83.0
2025-06-12 16:59:00,91.8
2025-06-12 14:18:00,3.4
2025-06-12 14:08:00,36.7
2025-06-12 12:16:00,38.0
2025-06-12 23:46:00,29.9
2025-06-12 21:27:00,67.5
2025-06-12 00:40:00,41.9
2025-06-12 09:36:00,49.73505924170616
2025-06-12 20:58:00,49.73505924170616
2025-06-12 13:35:00,31.9
2025-06-12 16:51:00,69.3
2025-06-12 10:55:00,48.7
2025-06-12 21:31:00,22.4
2025-06-12 02:50:00,80.6
2025-06-12 08:40:00,67.5
2025-06-12 13:25:00,85.6
2025-06-12 08:05:00,70.6
2025-06-12 05:42:00,92.8
2025-06-12 19:19:00,66.6
2025-06-12 14:42:00,18.4
2025-06-12 23:15:00,28.3
2025-06-12 00:37:00,54.1
2025-06-12 16:16:00,2.3
2025-06-12 01:09:00,60.1
2025-06-12 00:41:00,50.04950773558369
2025-06-12 00:03:00,43.2
2025-06-12 19:56:00,31.0
2025-06-12 11:14:00,25.4
2025-06-12 02:51:00,92.8
2025-06-12 09:02:00,30.9
2025-06-12 10:58:00,84.2
2025-06-12 17:23:00,81.0
2025-06-12 19:03:00,13.2
2025-06-12 22:36:00,39.7
2025-06-12 08:21:00,40.0
2025-06-12 07:19:00,36.9
2025-06-12 06:46:00,49.6
2025-06-12 13:59:00,93.4
2025-06-12 11:01:00,18.1
2025-06-12 05:10:00,33.7
2025-06-12 12:22:00,21.5
2025-06-12 23:42:00,26.2
2025-06-12 06:00:00,27.5
2025-06-12 19:32:00,50.04950773558369
2025-06-12 04:46:00,51.2
2025-06-12 03:11:00,58.4
2025-06-12 16:25:00,50.04950773558369
2025-06-12 13:29:00,94.6
2025-06-12 13:47:00,50.04950773558369
2025-06-12 14:52:00,25.7
2025-06-12 16:33:00,73.7
2025-06-12 06:21:00,21.1
2025-06-12 14:05:00,50.04950773558369
2025-06-12 21:46:00,60.6
2025-06-12 06:56:00,96.1
2025-06-12 14:09:00,38.2
2025-06-12 18:16:00,50.04950773558369
2025-06-12 01:55:00,35.9
2025-06-12 15:54:00,39.2
2025-06-12 18:41:00,80.2
2025-06-12 02:19:00,87.9
2025-06-12 11:37:00,86.4
2025-06-12 18:06:00,89.4
2025-06-12 20:17:00,90.3
2025-06-12 01:29:00,26.1
2025-06-12 12:43:00,93.3
2025-06-12 01:36:00,37.8
2025-06-12 09:22:00,76.2
2025-06-12 13:05:00,30.6
2025-06-12 08:18:00,77.8
2025-06-12 01:00:00,27.9
2025-06-12 20:47:00,52.7
2025-06-12 22:40:00,6.2
2025-06-12 02:27:00,1.6
2025-06-12 18:04:00,58.7
2025-06-12 13:02:00,92.4
2025-06-12 17:54:00,44.1
2025-06-12 19:30:00,50.04950773558369
2025-06-12 01:03:00,71.1
2025-06-12 05:34:00,71.0
2025-06-12 17:46:00,13.0
2025-06-12 08:00:00,9.5
2025-06-12 09:38:00,86.4
2025-06-12 18:53:00,53.5
2025-06-12 20:05:00,30.2
2025-06-12 07:14:00,36.8
2025-06-12 14:00:00,99.1
2025-06-12 20:55:00,84.4
2025-06-12 04:52:00,36.7
2025-06-12 15:41:00,50.04950773558369
2025-06-12 14:07:00,50.04950773558369
2025-06-12 15:16:00,46.1
2025-06-12 01:41:00,50.04950773558369
2025-06-12 06:44:00,21.9
2025-06-12 17:05:00,7.0
2025-06-12 05:41:00,4.1
2025-06-12 17:47:00,75.8
2025-06-12 22:27:00,88.6
2025-06-12 02:06:00,47.9
2025-06-12 01:51:00,88.8
2025-06-12 23:54:00,51.6
2025-06-12 23:03:00,98.8
2025-06-12 03:41:00,10.1
2025-06-12 20:34:00,97.7
2025-06-12 20:40:00,73.5
2025-06-12 06:04:00,78.5
2025-06-12 02:58:00,50.04950773558369
2025-06-12 01:27:00,63.8
2025-06-12 14:38:00,72.5
2025-06-12 15:32:00,53.3
2025-06-12 00:42:00,60.5
2025-06-12 08:56:00,28.5
2025-06-12 09:26:00,94.7
2025-06-12 16:28:00,52.9
2025-06-12 12:52:00,50.04950773558369
2025-06-12 10:53:00,50.04950773558369
2025-06-12 07:32:00,6.1
2025-06-12 17:55:00,19.2
2025-06-12 09:12:00,59.0
2025-06-12 02:01:00,16.7
2025-06-12 01:16:00,50.04950773558369
2025-06-12 23:16:00,30.3
2025-06-12 17:22:00,42.8
2025-06-12 04:45:00,68.1
2025-06-12 23:17:00,51.2
2025-06-12 20:52:00,50.04950773558369
2025-06-12 07:48:00,81.7
2025-06-12 19:51:00,50.04950773558369
2025-06-12 16:34:00,88.5
2025-06-12 02:35:00,97.0
2025-06-12 03:32:00,37.9
2025-06-12 02:28:00,50.04950773558369
2025-06-12 06:48:00,97.3
2025-06-12 19:26:00,69.9
2025-06-12 11:26:00,53.0
2025-06-12 12:31:00,19.1
2025-06-12 09:30:00,80.0
2025-06-12 20:58:00,21.8
2025-06-12 19:46:00,41.6
2025-06-12 07:44:00,77.1
2025-06-12 12:07:00,50.04950773558369
2025-06-12 16:31:00,53.8
2025-06-12 13:28:00,32.0
2025-06-12 04:39:00,22.5
2025-06-12 16:42:00,12.0
2025-06-12 15:28:00,50.04950773558369
2025-06-12 06:19:00,73.2
2025-06-12 14:40:00,25.7
2025-06-12 08:53:00,50.04950773558369
2025-06-12 10:47:00,72.0
2025-06-12 06:34:00,5.1
2025-06-12 18:35:00,80.4
2025-06-12 03:28:00,50.04950773558369
2025-06-12 16:26:00,95.2
2025-06-12 10:43:00,50.04950773558369
2025-06-12 02:31:00,15.1
2025-06-12 23:39:00,98.1
2025-06-12 03:45:00,55.1
2025-06-12 23:51:00,23.6
2025-06-12 09:36:00,28.8
2025-06-12 05:55:00,50.04950773558369
2025-06-12 06:18:00,35.5
2025-06-12 11:15:00,1.8
2025-06-12 02:05:00,68.9
2025-06-12 17:53:00,6.6
2025-06-12 22:51:00,16.4
2025-06-12 00:07:00,42.8
2025-06-12 05:05:00,53.7
2025-06-12 06:58:00,2.0
2025-06-12 15:11:00,73.3
2025-06-12 09:27:00,50.04950773558369
2025-06-12 18:09:00,64.2
2025-06-12 15:40:00,40.2
2025-06-12 04:20:00,99.5
2025-06-12 05:00:00,4.0
2025-06-12 10:22:00,97.0
2025-06-12 05:12:00,10.9
2025-06-12 12:08:00,29.4
2025-06-12 00:51:00,77.5
2025-06-12 07:27:00,50.04950773558369
2025-06-12 12:19:00,84.8
2025-06-12 03:42:00,50.04950773558369
2025-06-12 23:41:00,84.6
2025-06-12 04:30:00,63.0
2025-06-12 09:45:00,48.7
2025-06-12 23:13:00,78.4
2025-06-12 08:23:00,71.5
2025-06-12 16:09:00,50.04950773558369
2025-06-12 13:23:00,50.04950773558369
2025-06-12 15:13:00,81.2
2025-06-12 04:00:00,57.9
2025-06-12 01:37:00,22.4
2025-06-12 11:45:00,91.5
2025-06-12 19:01:00,2.3
2025-06-12 23:36:00,50.04950773558369
2025-06-12 09:52:00,13.3
2025-06-12 13:00:00,77.4
2025-06-12 01:46:00,50.04950773558369
2025-06-12 18:25:00,12.2
2025-06-12 14:11:00,52.4
2025-06-12 02:09:00,64.9
2025-06-12 23:49:00,50.04950773558369
2025-06-12 06:47:00,70.8
2025-06-12 20:23:00,50.04950773558369
2025-06-12 19:04:00,69.2
2025-06-12 11:33:00,57.6
2025-06-12 08:47:00,0.4
2025-06-12 14:50:00,5.8
2025-06-12 18:02:00,95.0
2025-06-12 13:42:00,81.0
2025-06-12 19:54:00,43.5
2025-06-12 22:14:00,68.0
2025-06-12 06:23:00,26.4
2025-06-12 13:46:00,67.6
2025-06-12 10:11:00,31.1
2025-06-12 06:37:00,50.04950773558369
2025-06-12 10:41:00,48.9
2025-06-12 15:20:00,50.04950773558369
2025-06-12 05:29:00,50.04950773558369
2025-06-12 19:33:00,50.04950773558369
2025-06-12 22:23:00,12.3
2025-06-12 16:41:00,7.4
2025-06-12 06:35:00,53.7
2025-06-12 20:19:00,50.04950773558369
2025-06-12 10:28:00,50.04950773558369
2025-06-12 04:41:00,78.1
2025-06-12 17:31:00,72.7
2025-06-12 20:10:00,61.3
2025-06-12 17:59:00,9.0
2025-06-12 05:36:00,90.0
2025-06-12 15:05:00,95.2
2025-06-12 17:01:00,38.9
2025-06-12 14:37:00,61.6
2025-06-12 09:42:00,16.8
2025-06-12 19:20:00,50.04950773558369
2025-06-12 08:24:00,40.7
2025-06-12 23:04:00,64.1
2025-06-12 15:45:00,95.3
2025-06-12 16:24:00,93.9
2025-06-12 20:43:00,60.6
2025-06-12 09:15:00,95.9
2025-06-12 03:58:00,40.2
2025-06-12 06:32:00,48.9
2025-06-12 04:50:00,50.04950773558369
2025-06-12 05:16:00,71.6
2025-06-12 18:30:00,79.7
2025-06-12 03:15:00,7.9
2025-06-12 11:24:00,91.5
2025-06-12 19:42:00,50.04950773558369
2025-06-12 18:08:00,60.0
2025-06-12 14:36:00,10.2
2025-06-12 21:01:00,36.7
2025-06-12 01:17:00,50.04950773558369
2025-06-12 17:15:00,21.5
2025-06-12 15:49:00,87.1
2025-06-12 17:41:00,2.7
2025-06-12 21:38:00,50.04950773558369
2025-06-12 00:19:00,56.5
2025-06-12 07:09:00,89.5
2025-06-12 10:45:00,24.7
2025-06-12 02:59:00,7.6
2025-06-12 07:56:00,79.0
2025-06-12 07:34:00,50.04950773558369
2025-06-12 01:48:00,24.7
2025-06-12 10:25:00,51.3
2025-06-12 08:29:00,74.8
2025-06-12 13:35:00,53.2
2025-06-12 01:20:00,50.04950773558369
2025-06-12 16:40:00,82.3
2025-06-12 02:47:00,76.1
2025-06-12 21:43:00,45.2
2025-06-12 07:08:00,12.8
2025-06-12 08:12:00,1.0
2025-06-12 07:01:00,13.0
2025-06-12 08:26:00,91.4
2025-06-12 08:07:00,50.04950773558369
2025-06-12 12:11:00,87.6
2025-06-12 20:16:00,50.04950773558369
2025-06-12 14:16:00,74.2
2025-06-12 15:38:00,74.1
2025-06-12 12:03:00,94.2
2025-06-12 18:36:00,56.1
2025-06-12 19:57:00,65.8
2025-06-12 05:50:00,19.6
2025-06-12 00:13:00,61.0
2025-06-12 07:35:00,25.1
2025-06-12 04:36:00,6.4
2025-06-12 03:37:00,70.9
2025-06-12 05:48:00,46.8
2025-06-12 08:48:00,9.3
2025-06-12 00:15:00,3.1
2025-06-12 11:47:00,98.2
2025-06-12 23:56:00,33.6
2025-06-12 15:19:00,85.1
2025-06-12 08:57:00,50.04950773558369
2025-06-12 10:59:00,51.5
2025-06-12 09:39:00,11.1
2025-06-12 22:39:00,75.1
2025-06-12 12:49:00,50.04950773558369
2025-06-12 15:58:00,68.0
2025-06-12 22:56:00,97.5
2025-06-12 23:32:00,49.9
2025-06-12 12:32:00,19.5
2025-06-12 13:57:00,50.04950773558369
2025-06-12 18:26:00,26.1
2025-06-12 13:31:00,61.1
2025-06-12 11:56:00,83.0
2025-06-12 16:27:00,50.04950773558369
2025-06-12 01:02:00,42.5
2025-06-12 09:08:00,50.04950773558369
2025-06-12 22:43:00,52.1
2025-06-12 23:43:00,64.1
2025-06-12 16:08:00,62.1
2025-06-12 15:21:00,85.5
2025-06-12 01:39:00,50.04950773558369
2025-06-12 05:02:00,37.1
2025-06-12 21:11:00,0.5
2025-06-12 03:10:00,62.2
2025-06-12 01:12:00,49.64720650636492
2025-06-12 12:13:00,71.5
2025-06-12 09:28:00,85.2
2025-06-12 17:32:00,94.5
2025-06-12 22:11:00,6.0
2025-06-12 05:25:00,11.0
2025-06-12 02:18:00,21.5
2025-06-12 07:23:00,16.6
2025-06-12 02:06:00,67.0
2025-06-12 10:16:00,9.4
2025-06-12 12:01:00,57.6
2025-06-12 23:22:00,76.5
2025-06-12 00:46:00,49.64720650636492
2025-06-12 10:02:00,52.6
2025-06-12 13:15:00,26.0
2025-06-12 07:13:00,99.1
2025-06-12 14:37:00,76.3
2025-06-12 13:16:00,49.64720650636492
2025-06-12 02:25:00,8.3
2025-06-12 16:04:00,68.6
2025-06-12 14:44:00,63.0
2025-06-12 20:48:00,95.8
2025-06-12 08:57:00,43.8
2025-06-12 02:08:00,59.0
2025-06-12 08:03:00,25.6
2025-06-12 12:30:00,24.9
2025-06-12 17:36:00,49.64720650636492
2025-06-12 07:12:00,91.2
2025-06-12 03:24:00,12.9
2025-06-12 23:19:00,15.5
2025-06-12 18:51:00,38.2
2025-06-12 02:04:00,92.1
2025-06-12 19:09:00,0.4
2025-06-12 20:52:00,93.3
2025-06-12 05:57:00,43.7
2025-06-12 10:10:00,34.4
2025-06-12 22:59:00,49.64720650636492
2025-06-12 21:23:00,12.3
2025-06-12 04:23:00,7.0
2025-06-12 05:51:00,67.6
2025-06-12 22:43:00,14.4
2025-06-12 16:05:00,20.0
2025-06-12 16:11:00,49.64720650636492
2025-06-12 19:46:00,49.64720650636492
2025-06-12 05:26:00,41.6
2025-06-12 00:05:00,49.64720650636492
2025-06-12 15:32:00,49.64720650636492
2025-06-12 15:57:00,49.64720650636492
2025-06-12 06:45:00,82.6
2025-06-12 00:07:00,49.64720650636492
2025-06-12 21:34:00,12.5
2025-06-12 08:59:00,39.0
2025-06-12 05:27:00,32.4
2025-06-12 07:05:00,16.5
2025-06-12 14:54:00,35.9
2025-06-12 09:47:00,75.0
2025-06-12 10:06:00,84.7
2025-06-12 22:44:00,8.9
2025-06-12 07:16:00,39.2
2025-06-12 14:24:00,0.5
2025-06-12 16:53:00,93.4
2025-06-12 17:23:00,81.2
2025-06-12 20:29:00,49.64720650636492
2025-06-12 00:53:00,57.3
2025-06-12 19:16:00,29.5
2025-06-12 06:40:00,49.64720650636492
2025-06-12 11:59:00,45.6
2025-06-12 03:51:00,27.2
2025-06-12 17:02:00,23.0
2025-06-12 17:13:00,10.2
2025-06-12 00:36:00,63.1
2025-06-12 01:07:00,45.4
2025-06-12 04:16:00,49.64720650636492
2025-06-12 18:55:00,63.6
2025-06-12 19:36:00,23.7
2025-06-12 00:25:00,50.7
2025-06-12 06:15:00,49.64720650636492
2025-06-12 04:04:00,86.2
2025-06-12 21:42:00,90.1
2025-06-12 03:49:00,49.64720650636492
2025-06-12 03:23:00,38.0
2025-06-12 13:28:00,32.1
2025-06-12 12:07:00,49.64720650636492
2025-06-12 22:33:00,40.2
2025-06-12 06:28:00,29.9
2025-06-12 13:35:00,72.1
2025-06-12 21:19:00,13.6
2025-06-12 21:44:00,72.8
2025-06-12 16:02:00,65.4
2025-06-12 23:49:00,38.3
2025-06-12 22:07:00,54.0
2025-06-12 03:50:00,88.2
2025-06-12 16:15:00,41.8
2025-06-12 03:19:00,49.64720650636492
2025-06-12 19:34:00,23.0
2025-06-12 15:08:00,49.64720650636492
2025-06-12 09:03:00,87.4
2025-06-12 20:08:00,89.6
2025-06-12 06:13:00,6.2
2025-06-12 10:12:00,27.6
2025-06-12 13:42:00,49.64720650636492
2025-06-12 16:59:00,32.3
2025-06-12 08:37:00,69.6
2025-06-12 22:22:00,49.64720650636492
2025-06-12 07:55:00,65.2
2025-06-12 04:21:00,35.5
2025-06-12 21:59:00,86.7
2025-06-12 21:57:00,87.6
2025-06-12 23:04:00,49.64720650636492
2025-06-12 06:20:00,84.8
2025-06-12 13:20:00,71.4
2025-06-12 17:40:00,21.6
2025-06-12 00:57:00,49.64720650636492
2025-06-12 15:38:00,45.8
2025-06-12 04:43:00,52.6
2025-06-12 21:22:00,49.64720650636492
2025-06-12 22:17:00,88.0
2025-06-12 06:42:00,63.6
2025-06-12 19:19:00,31.2
2025-06-12 01:57:00,33.6
2025-06-12 14:21:00,27.7
2025-06-12 13:33:00,49.64720650636492
2025-06-12 12:53:00,56.4
2025-06-12 17:52:00,49.9
2025-06-12 02:38:00,95.5
2025-06-12 13:37:00,83.5
2025-06-12 22:20:00,77.3
2025-06-12 02:35:00,39.4
2025-06-12 14:31:00,51.4
2025-06-12 01:20:00,27.3
2025-06-12 10:51:00,51.6
2025-06-12 12:59:00,29.7
2025-06-12 09:30:00,14.5
2025-06-12 06:17:00,12.7
2025-06-12 03:27:00,49.64720650636492
2025-06-12 07:09:00,27.8
2025-06-12 18:26:00,49.64720650636492
2025-06-12 18:09:00,68.2
2025-06-12 02:51:00,71.7
2025-06-12 05:10:00,19.9
2025-06-12 23:13:00,57.0
2025-06-12 18:41:00,6.9
2025-06-12 10:04:00,35.7
2025-06-12 13:48:00,72.9
2025-06-12 01:58:00,97.7
2025-06-12 14:56:00,83.5
2025-06-12 06:30:00,49.64720650636492
2025-06-12 20:40:00,80.0
2025-06-12 11:25:00,33.5
2025-06-12 21:47:00,36.6
2025-06-12 00:47:00,49.64720650636492
2025-06-12 01:46:00,91.6
2025-06-12 14:42:00,78.5
2025-06-12 01:16:00,11.9
2025-06-12 15:14:00,64.7
2025-06-12 07:59:00,49.64720650636492
2025-06-12 20:50:00,2.8
2025-06-12 19:18:00,30.6
2025-06-12 13:26:00,38.6
2025-06-12 12:00:00,46.7
2025-06-12 08:10:00,1.2
2025-06-12 08:08:00,49.64720650636492
2025-06-12 00:18:00,47.4
2025-06-12 10:00:00,32.2
2025-06-12 21:41:00,91.8
2025-06-12 18:47:00,71.8
2025-06-12 12:39:00,49.64720650636492
2025-06-12 21:27:00,87.9
2025-06-12 03:59:00,36.4
2025-06-12 22:52:00,64.4
2025-06-12 12:20:00,82.2
2025-06-12 09:58:00,97.9
2025-06-12 10:49:00,94.8
2025-06-12 18:23:00,45.2
2025-06-12 16:55:00,24.9
2025-06-12 07:47:00,49.64720650636492
2025-06-12 02:17:00,49.64720650636492
2025-06-12 15:12:00,38.0
2025-06-12 06:51:00,89.2
2025-06-12 00:19:00,36.5
2025-06-12 14:07:00,2.6
2025-06-12 04:36:00,49.64720650636492
2025-06-12 08:17:00,69.9
2025-06-12 12:37:00,49.7
2025-06-12 22:53:00,87.0
2025-06-12 13:09:00,91.9
2025-06-12 10:05:00,69.9
2025-06-12 18:00:00,49.64720650636492
2025-06-12 03:31:00,69.4
2025-06-12 08:13:00,52.8
2025-06-12 17:01:00,59.0
2025-06-12 10:57:00,13.9
2025-06-12 12:45:00,48.8
2025-06-12 13:52:00,7.3
2025-06-12 04:26:00,3.5
2025-06-12 15:02:00,44.1
2025-06-12 03:54:00,49.64720650636492
2025-06-12 20:12:00,49.64720650636492
2025-06-12 07:36:00,62.9
2025-06-12 06:21:00,90.1
2025-06-12 05:16:00,60.1
2025-06-12 20:53:00,51.3
2025-06-12 02:26:00,5.4
2025-06-12 00:50:00,49.64720650636492
2025-06-12 17:14:00,18.3
2025-06-12 10:52:00,6.8
2025-06-12 11:11:00,17.1
2025-06-12 14:03:00,65.9
2025-06-12 16:10:00,49.64720650636492
2025-06-12 12:40:00,0.0
2025-06-12 06:07:00,14.5
2025-06-12 06:05:00,49.64720650636492
2025-06-12 20:41:00,34.3
2025-06-12 00:03:00,11.0
2025-06-12 22:19:00,66.4
2025-06-12 17:18:00,49.64720650636492
2025-06-12 06:44:00,86.6
2025-06-12 11:09:00,46.4
2025-06-12 10:07:00,93.2
2025-06-12 14:41:00,39.0
2025-06-12 07:42:00,84.3
2025-06-12 02:30:00,36.0
2025-06-12 15:03:00,12.1
2025-06-12 15:45:00,96.4
2025-06-12 19:58:00,94.3
2025-06-12 09:10:00,6.2
2025-06-12 00:30:00,49.64720650636492
2025-06-12 15:16:00,35.5
2025-06-12 09:18:00,43.1
2025-06-12 02:56:00,52.2
2025-06-12 21:30:00,97.7
2025-06-12 01:05:00,33.5
2025-06-12 18:33:00,26.9
2025-06-12 00:20:00,14.9
2025-06-12 02:54:00,49.6
2025-06-12 14:17:00,94.3
2025-06-12 20:10:00,49.64720650636492
2025-06-12 09:44:00,72.0
2025-06-12 04:10:00,60.6
2025-06-12 19:20:00,81.6
2025-06-12 07:41:00,47.5
2025-06-12 11:32:00,84.7
2025-06-12 05:43:00,41.3
2025-06-12 06:43:00,51.8
2025-06-12 01:19:00,24.2
2025-06-12 15:39:00,65.2
2025-06-12 19:07:00,72.6
2025-06-12 23:55:00,92.3
2025-06-12 05:52:00,28.2
2025-06-12 07:48:00,3.1
2025-06-12 04:59:00,21.2
2025-06-12 15:37:00,80.2
2025-06-12 01:21:00,88.0
2025-06-12 20:46:00,55.5
2025-06-12 01:47:00,74.6
2025-06-12 02:36:00,24.0
2025-06-12 14:14:00,66.0
2025-06-12 11:00:00,3.8
2025-06-12 08:39:00,69.2
2025-06-12 13:59:00,26.7
2025-06-12 07:30:00,90.3
2025-06-12 14:28:00,97.8
2025-06-12 05:07:00,45.5
2025-06-12 15:59:00,61.8
2025-06-12 01:25:00,82.5
2025-06-12 15:44:00,49.64720650636492
2025-06-12 21:50:00,0.6
2025-06-12 09:20:00,11.5
2025-06-12 20:58:00,3.7
2025-06-12 09:54:00,45.2
2025-06-12 21:08:00,99.1
2025-06-12 14:10:00,82.8
2025-06-12 14:26:00,21.6
2025-06-12 18:42:00,35.4
2025-06-12 14:45:00,4.8
2025-06-12 10:40:00,35.3
2025-06-12 08:45:00,44.6
2025-06-12 16:20:00,68.5
2025-06-12 18:14:00,37.7
2025-06-12 01:11:00,65.1
2025-06-12 04:11:00,91.7
2025-06-12 03:20:00,38.8
2025-06-12 14:33:00,9.6
2025-06-12 20:32:00,35.6
2025-06-12 08:52:00,36.6
2025-06-12 02:13:00,54.5
2025-06-12 09:48:00,46.7
2025-06-12 01:54:00,33.1
2025-06-12 20:43:00,6.5
2025-06-12 14:23:00,2.3
2025-06-12 06:23:00,43.6
2025-06-12 02:58:00,47.2
2025-06-12 16:54:00,16.8
2025-06-12 02:14:00,1.6
2025-06-12 22:23:00,71.1
2025-06-12 14:55:00,76.5
2025-06-12 07:08:00,13.9
2025-06-12 21:13:00,56.1
2025-06-12 00:54:00,20.4
2025-06-12 07:44:00,49.44888862615275
2025-06-12 15:40:00,88.6
2025-06-12 06:52:00,55.1
2025-06-12 23:38:00,49.44888862615275
2025-06-12 21:43:00,49.44888862615275
2025-06-12 10:43:00,44.0
2025-06-12 04:10:00,48.4
2025-06-12 12:50:00,1.8
2025-06-12 22:47:00,49.8
2025-06-12 00:57:00,85.5
2025-06-12 04:43:00,7.9
2025-06-12 05:10:00,49.44888862615275
2025-06-12 19:48:00,62.4
2025-06-12 04:36:00,33.7
2025-06-12 21:45:00,90.2
2025-06-12 22:45:00,40.6
2025-06-12 11:39:00,29.2
2025-06-12 20:21:00,23.3
2025-06-12 03:43:00,43.1
2025-06-12 22:22:00,16.0
2025-06-12 19:14:00,41.2
2025-06-12 20:14:00,89.5
2025-06-12 23:50:00,77.4
2025-06-12 20:42:00,47.1
2025-06-12 01:57:00,47.2
2025-06-12 14:38:00,9.6
2025-06-12 18:07:00,71.7
2025-06-12 09:32:00,18.7
2025-06-12 05:01:00,93.2
2025-06-12 10:44:00,86.4
2025-06-12 13:59:00,81.9
2025-06-12 00:51:00,60.8
2025-06-12 12:45:00,49.44888862615275
2025-06-12 01:36:00,74.9
2025-06-12 19:52:00,81.2
2025-06-12 22:20:00,66.1
2025-06-12 07:02:00,35.8
2025-06-12 18:21:00,67.6
2025-06-12 01:21:00,21.4
2025-06-12 20:53:00,39.6
2025-06-12 21:15:00,68.8
2025-06-12 17:29:00,73.9
2025-06-12 16:30:00,38.6
2025-06-12 15:55:00,98.6
2025-06-12 14:10:00,27.8
2025-06-12 12:51:00,83.6
2025-06-12 22:37:00,49.44888862615275
2025-06-12 17:37:00,58.6
2025-06-12 14:52:00,24.8
2025-06-12 09:19:00,21.8
2025-06-12 18:47:00,49.44888862615275
2025-06-12 12:31:00,49.44888862615275
2025-06-12 01:01:00,19.8
2025-06-12 17:12:00,49.44888862615275
2025-06-12 10:54:00,7.6
2025-06-12 01:24:00,63.7
2025-06-12 17:06:00,49.1
2025-06-12 09:58:00,58.7
2025-06-12 19:59:00,76.9
2025-06-12 10:32:00,21.4
2025-06-12 09:03:00,39.1
2025-06-12 05:26:00,55.4
2025-06-12 19:02:00,49.44888862615275
2025-06-12 02:18:00,42.1
2025-06-12 11:48:00,1.2
2025-06-12 12:10:00,49.44888862615275
2025-06-12 03:05:00,46.7
2025-06-12 04:39:00,28.2
2025-06-12 17:27:00,80.6
2025-06-12 18:10:00,49.44888862615275
2025-06-12 07:17:00,87.6
2025-06-12 17:31:00,80.1
2025-06-12 23:35:00,97.6
2025-06-12 08:39:00,75.5
2025-06-12 16:35:00,66.6
2025-06-12 09:12:00,1.6
2025-06-12 06:46:00,49.44888862615275
2025-06-12 17:26:00,3.1
2025-06-12 06:19:00,49.44888862615275
2025-06-12 05:37:00,99.4
2025-06-12 02:42:00,74.6
2025-06-12 04:09:00,8.9
2025-06-12 06:10:00,41.0
2025-06-12 20:31:00,26.0
2025-06-12 03:27:00,2.0
2025-06-12 15:31:00,75.4
2025-06-12 01:42:00,62.9
2025-06-12 08:52:00,12.5
2025-06-12 08:04:00,49.44888862615275
2025-06-12 15:18:00,37.0
2025-06-12 17:10:00,79.3
2025-06-12 20:23:00,69.2
2025-06-12 18:43:00,30.1
2025-06-12 18:44:00,76.6
2025-06-12 13:27:00,67.3
2025-06-12 06:40:00,61.5
2025-06-12 14:25:00,88.0
2025-06-12 14:36:00,26.9
2025-06-12 03:02:00,25.4
2025-06-12 20:47:00,35.8
2025-06-12 10:52:00,75.1
2025-06-12 00:21:00,57.0
2025-06-12 20:09:00,53.1
2025-06-12 12:06:00,92.9
2025-06-12 10:10:00,6.0
2025-06-12 06:33:00,49.6
2025-06-12 17:30:00,64.0
2025-06-12 03:14:00,43.2
2025-06-12 20:34:00,95.5
2025-06-12 17:40:00,49.44888862615275
2025-06-12 21:14:00,49.44888862615275
2025-06-12 04:01:00,20.6
2025-06-12 08:33:00,78.8
2025-06-12 13:06:00,54.8
2025-06-12 20:45:00,40.7
2025-06-12 21:17:00,49.44888862615275
2025-06-12 21:37:00,35.8
2025-06-12 01:47:00,3.6
2025-06-12 16:06:00,57.4
2025-06-12 17:17:00,91.1
2025-06-12 08:29:00,14.7
2025-06-12 18:45:00,56.4
2025-06-12 23:25:00,96.2
2025-06-12 13:53:00,77.2
2025-06-12 20:03:00,71.0
2025-06-12 05:41:00,7.4
2025-06-12 13:25:00,61.6
2025-06-12 04:35:00,54.0
2025-06-12 19:18:00,57.0
2025-06-12 17:02:00,17.2
2025-06-12 09:40:00,11.5
2025-06-12 18:55:00,17.8
2025-06-12 13:45:00,26.7
2025-06-12 09:33:00,38.9
2025-06-12 14:30:00,49.44888862615275
2025-06-12 16:20:00,48.7
2025-06-12 17:43:00,87.0
2025-06-12 10:03:00,6.7
2025-06-12 10:04:00,58.6
2025-06-12 04:54:00,75.5
2025-06-12 14:14:00,57.8
2025-06-12 11:13:00,81.8
2025-06-12 03:42:00,5.3
2025-06-12 17:18:00,37.1
2025-06-12 22:27:00,49.44888862615275
2025-06-12 02:47:00,38.1
2025-06-12 00:08:00,64.5
2025-06-12 11:45:00,49.44888862615275
2025-06-12 14:15:00,49.7
2025-06-12 03:56:00,32.9
2025-06-12 13:02:00,22.9
2025-06-12 07:47:00,36.0
2025-06-12 15:15:00,51.2
2025-06-12 02:43:00,42.5
2025-06-12 19:47:00,53.6
2025-06-12 21:55:00,39.0
2025-06-12 00:47:00,56.3
2025-06-12 14:58:00,14.8
2025-06-12 05:33:00,54.2
2025-06-12 12:54:00,99.3
2025-06-12 05:00:00,2.6
2025-06-12 21:54:00,43.0
2025-06-12 16:23:00,6.4
2025-06-12 00:58:00,49.44888862615275
2025-06-12 07:04:00,71.3
2025-06-12 16:22:00,30.7
2025-06-12 10:45:00,97.8
2025-06-12 13:09:00,17.6
2025-06-12 17:19:00,56.8
2025-06-12 22:02:00,23.6
2025-06-12 05:48:00,62.3
2025-06-12 02:26:00,25.5
2025-06-12 18:01:00,75.8
2025-06-12 17:07:00,24.2
2025-06-12 15:16:00,78.4
2025-06-12 21:28:00,57.6
2025-06-12 14:57:00,25.0
2025-06-12 12:40:00,49.44888862615275
2025-06-12 12:42:00,87.3
2025-06-12 18:57:00,49.44888862615275
2025-06-12 10:05:00,49.44888862615275
2025-06-12 10:47:00,49.44888862615275
2025-06-12 19:40:00,4.9
2025-06-12 10:36:00,49.44888862615275
2025-06-12 14:33:00,81.1
2025-06-12 07:45:00,89.3
2025-06-12 04:48:00,61.0
2025-06-12 04:55:00,17.1
2025-06-12 06:08:00,32.2
2025-06-12 16:46:00,28.4
2025-06-12 09:05:00,0.0
2025-06-12 15:52:00,13.3
2025-06-12 13:07:00,49.44888862615275
2025-06-12 07:18:00,66.9
2025-06-12 12:49:00,49.44888862615275
2025-06-12 10:24:00,40.3
2025-06-12 13:18:00,49.44888862615275
2025-06-12 20:26:00,77.9
2025-06-12 12:22:00,97.2
2025-06-12 22:03:00,56.5
2025-06-12 06:05:00,72.4
2025-06-12 18:30:00,28.6
2025-06-12 22:52:00,86.6
2025-06-12 20:18:00,48.9
2025-06-12 15:49:00,93.6
2025-06-12 23:55:00,14.8
2025-06-12 00:32:00,13.8
2025-06-12 20:15:00,59.4
2025-06-12 10:21:00,49.44888862615275
2025-06-12 07:27:00,49.44888862615275
2025-06-12 03:46:00,94.4
2025-06-12 15:13:00,40.8
2025-06-12 15:20:00,32.3
2025-06-12 18:56:00,27.8
2025-06-12 19:53:00,77.8
2025-06-12 07:09:00,93.8
2025-06-12 14:09:00,2.1
2025-06-12 12:24:00,21.3
2025-06-12 11:50:00,55.8
2025-06-12 22:12:00,7.2
2025-06-12 02:05:00,71.4
2025-06-12 03:39:00,11.9
2025-06-12 21:20:00,85.8
2025-06-12 05:25:00,69.2
2025-06-12 02:24:00,50.6
2025-06-12 06:51:00,77.1
2025-06-12 03:53:00,42.9
2025-06-12 08:31:00,25.0
2025-06-12 12:03:00,49.44888862615275
2025-06-12 20:04:00,34.4
2025-06-12 06:42:00,91.2
2025-06-12 14:42:00,8.0
2025-06-12 10:25:00,1.9
2025-06-12 20:52:00,0.7
2025-06-12 15:45:00,53.3
2025-06-12 20:36:00,58.7
2025-06-12 22:21:00,52.2
2025-06-12 04:57:00,49.44888862615275
2025-06-12 23:06:00,24.6
2025-06-12 21:49:00,35.9
2025-06-12 14:49:00,69.7
2025-06-12 23:53:00,67.8
2025-06-12 06:49:00,57.3
2025-06-12 14:34:00,77.3
2025-06-12 09:49:00,49.44888862615275
2025-06-12 11:35:00,43.0
2025-06-12 09:00:00,49.44888862615275
2025-06-12 13:35:00,78.3
2025-06-12 13:12:00,55.7
2025-06-12 20:39:00,44.3
2025-06-12 14:02:00,10.2
2025-06-12 19:01:00,4.7
2025-06-12 18:37:00,80.9
2025-06-12 06:53:00,99.4
2025-06-12 23:37:00,37.2
2025-06-12 01:45:00,44.7
2025-06-12 13:56:00,14.7
2025-06-12 07:33:00,50.4
2025-06-12 12:41:00,85.4
2025-06-12 13:20:00,5.5
2025-06-12 22:06:00,87.7
2025-06-12 11:42:00,49.44888862615275
2025-06-12 01:50:00,53.1
2025-06-12 17:57:00,49.44888862615275
2025-06-12 01:06:00,49.44888862615275
2025-06-12 07:38:00,38.4
2025-06-12 21:04:00,39.8
2025-06-12 09:18:00,55.1
2025-06-12 11:53:00,51.3
2025-06-12 14:29:00,26.0
2025-06-12 06:12:00,98.2
2025-06-12 20:38:00,14.1
2025-06-12 03:28:00,49.44888862615275
2025-06-12 07:56:00,98.0
2025-06-12 00:11:00,86.1
2025-06-12 11:20:00,83.4
2025-06-12 17:33:00,49.44888862615275
2025-06-12 19:37:00,61.3
2025-06-12 03:17:00,26.8
2025-06-12 00:49:00,60.1
2025-06-12 14:00:00,3.2
2025-06-12 21:01:00,64.9
2025-06-12 14:37:00,77.3
2025-06-12 00:53:00,49.44888862615275
2025-06-12 19:55:00,22.9
2025-06-12 19:32:00,33.2
2025-06-12 16:42:00,49.44888862615275
2025-06-12 16:36:00,84.1
2025-06-12 22:55:00,95.4
2025-06-12 17:52:00,72.5
2025-06-12 10:06:00,70.6
2025-06-12 07:38:00,96.9
2025-06-12 03:25:00,58.7
2025-06-12 15:23:00,59.1
2025-06-12 22:26:00,34.5
2025-06-12 12:00:00,92.6
2025-06-12 15:26:00,91.5
2025-06-12 02:09:00,85.1
2025-06-12 01:06:00,57.1
2025-06-12 02:27:00,55.4
2025-06-12 22:45:00,76.1
2025-06-12 04:33:00,11.2
2025-06-12 14:42:00,87.7
2025-06-12 03:13:00,47.9
2025-06-12 08:49:00,8.0
2025-06-12 02:51:00,23.5
2025-06-12 05:17:00,84.4
2025-06-12 07:35:00,66.3
2025-06-12 11:04:00,92.9
2025-06-12 18:58:00,45.5
2025-06-12 09:51:00,98.6
2025-06-12 08:12:00,98.8
2025-06-12 06:03:00,49.953150620754265
2025-06-12 00:04:00,16.0
2025-06-12 00:22:00,96.9
2025-06-12 21:40:00,49.953150620754265
2025-06-12 03:36:00,1.2
2025-06-12 11:39:00,64.0
2025-06-12 09:39:00,85.2
2025-06-12 05:41:00,62.4
2025-06-12 15:12:00,49.953150620754265
2025-06-12 22:51:00,31.8
2025-06-12 12:37:00,22.2
2025-06-12 02:06:00,47.4
2025-06-12 09:11:00,7.5
2025-06-12 19:24:00,35.7
2025-06-12 13:24:00,70.2
2025-06-12 19:36:00,77.4
2025-06-12 10:37:00,46.7
2025-06-12 05:54:00,49.953150620754265
2025-06-12 17:03:00,63.2
2025-06-12 22:14:00,39.9
2025-06-12 07:59:00,18.7
2025-06-12 10:24:00,23.6
2025-06-12 14:09:00,48.4
2025-06-12 03:38:00,63.8
2025-06-12 17:39:00,83.4
2025-06-12 01:19:00,49.953150620754265
2025-06-12 16:56:00,38.0
2025-06-12 18:23:00,24.6
2025-06-12 03:09:00,49.953150620754265
2025-06-12 07:32:00,57.5
2025-06-12 23:41:00,52.2
2025-06-12 14:03:00,32.5
2025-06-12 21:18:00,28.8
2025-06-12 12:13:00,74.6
2025-06-12 00:13:00,90.1
2025-06-12 13:03:00,45.7
2025-06-12 23:04:00,40.7
2025-06-12 23:14:00,71.4
2025-06-12 01:51:00,49.953150620754265
2025-06-12 07:06:00,49.953150620754265
2025-06-12 15:18:00,71.8
2025-06-12 20:00:00,94.7
2025-06-12 07:49:00,24.3
2025-06-12 05:50:00,1.9
2025-06-12 16:53:00,83.9
2025-06-12 20:50:00,36.0
2025-06-12 23:32:00,1.4
2025-06-12 06:47:00,87.2
2025-06-12 16:00:00,68.6
2025-06-12 00:33:00,73.7
2025-06-12 18:12:00,99.0
2025-06-12 01:17:00,98.2
2025-06-12 21:00:00,67.6
2025-06-12 08:32:00,30.6
2025-06-12 15:59:00,97.8
2025-06-12 20:25:00,26.8
2025-06-12 19:25:00,49.953150620754265
2025-06-12 18:32:00,1.5
2025-06-12 16:37:00,99.5
2025-06-12 17:44:00,21.2
2025-06-12 22:30:00,61.1
2025-06-12 04:02:00,98.9
2025-06-12 11:34:00,60.1
2025-06-12 12:58:00,53.0
2025-06-12 04:50:00,73.9
2025-06-12 18:40:00,74.7
2025-06-12 15:15:00,3.5
2025-06-12 05:19:00,18.5
2025-06-12 05:45:00,21.8
2025-06-12 18:10:00,77.3
2025-06-12 09:17:00,52.9
2025-06-12 15:37:00,6.8
2025-06-12 10:58:00,94.1
2025-06-12 23:31:00,76.8
2025-06-12 12:43:00,99.9
2025-06-12 13:56:00,13.9
2025-06-12 09:12:00,4.7
2025-06-12 12:32:00,93.0
2025-06-12 19:49:00,49.953150620754265
2025-06-12 22:41:00,14.5
2025-06-12 08:16:00,51.1
2025-06-12 00:41:00,82.8
2025-06-12 13:38:00,21.6
2025-06-12 08:19:00,91.5
2025-06-12 20:10:00,100.0
2025-06-12 05:03:00,16.1
2025-06-12 23:03:00,16.7
2025-06-12 03:48:00,68.9
2025-06-12 20:01:00,9.3
2025-06-12 19:06:00,82.0
2025-06-12 06:21:00,49.953150620754265
2025-06-12 17:43:00,91.8
2025-06-12 07:23:00,55.3
2025-06-12 12:07:00,94.0
2025-06-12 10:09:00,3.2
2025-06-12 10:08:00,49.953150620754265
2025-06-12 05:24:00,49.953150620754265
2025-06-12 03:24:00,58.6
2025-06-12 11:36:00,68.0
2025-06-12 06:23:00,78.5
2025-06-12 22:20:00,61.6
2025-06-12 07:19:00,49.953150620754265
2025-06-12 07:00:00,6.1
2025-06-12 16:44:00,15.9
2025-06-12 07:58:00,24.1
2025-06-12 16:21:00,8.3
2025-06-12 10:38:00,49.953150620754265
2025-06-12 15:50:00,60.9
2025-06-12 13:45:00,20.0
2025-06-12 01:37:00,94.0
2025-06-12 00:36:00,71.1
2025-06-12 17:02:00,31.1
2025-06-12 02:00:00,92.8
2025-06-12 19:16:00,69.8
2025-06-12 01:21:00,12.8
2025-06-12 13:26:00,5.8
2025-06-12 22:13:00,7.1
2025-06-12 12:09:00,33.1
2025-06-12 09:34:00,49.953150620754265
2025-06-12 03:18:00,46.7
2025-06-12 19:40:00,62.2
2025-06-12 00:35:00,46.7
2025-06-12 06:30:00,85.4
2025-06-12 21:54:00,35.8
2025-06-12 09:36:00,49.953150620754265
2025-06-12 13:47:00,64.1
2025-06-12 21:59:00,6.0
2025-06-12 23:35:00,49.953150620754265
2025-06-12 08:28:00,24.8
2025-06-12 01:22:00,47.9
2025-06-12 07:43:00,56.1
2025-06-12 01:16:00,12.0
2025-06-12 16:07:00,49.0
2025-06-12 19:27:00,8.6
2025-06-12 07:29:00,56.2
2025-06-12 19:15:00,49.953150620754265
2025-06-12 01:10:00,22.9
2025-06-12 06:52:00,7.8
2025-06-12 08:55:00,10.8
2025-06-12 14:14:00,21.9
2025-06-12 06:29:00,50.2
2025-06-12 04:49:00,77.6
2025-06-12 08:38:00,49.953150620754265
2025-06-12 13:41:00,82.7
2025-06-12 07:31:00,77.0
2025-06-12 01:48:00,45.8
2025-06-12 04:21:00,51.9
2025-06-12 07:30:00,19.5
2025-06-12 00:57:00,49.953150620754265
2025-06-12 10:01:00,93.3
2025-06-12 19:55:00,56.1
2025-06-12 18:37:00,41.9
2025-06-12 23:09:00,57.1
2025-06-12 10:25:00,37.5
2025-06-12 08:02:00,53.4
2025-06-12 03:30:00,20.0
2025-06-12 19:32:00,54.4
2025-06-12 13:35:00,74.9
2025-06-12 22:19:00,21.4
2025-06-12 15:00:00,7.7
2025-06-12 07:10:00,57.7
2025-06-12 14:31:00,53.1
2025-06-12 16:59:00,14.9
2025-06-12 12:57:00,49.953150620754265
2025-06-12 21:52:00,34.1
2025-06-12 06:27:00,10.2
2025-06-12 10:48:00,49.953150620754265
2025-06-12 18:24:00,52.6
2025-06-12 06:36:00,33.9
2025-06-12 06:05:00,49.953150620754265
2025-06-12 21:14:00,15.0
2025-06-12 04:06:00,42.0
2025-06-12 09:27:00,56.3
2025-06-12 19:23:00,46.0
2025-06-12 01:26:00,76.0
2025-06-12 04:12:00,68.2
2025-06-12 02:08:00,42.9
2025-06-12 12:55:00,21.2
2025-06-12 21:31:00,75.7
2025-06-12 15:38:00,49.953150620754265
2025-06-12 19:58:00,86.5
2025-06-12 14:02:00,92.6
2025-06-12 18:29:00,90.4
2025-06-12 00:28:00,77.0
2025-06-12 14:40:00,39.2
2025-06-12 13:21:00,0.6
2025-06-12 13:39:00,36.1
2025-06-12 22:23:00,79.8
2025-06-12 16:35:00,8.7
2025-06-12 20:28:00,49.953150620754265
2025-06-12 10:23:00,33.5
2025-06-12 01:27:00,49.953150620754265
2025-06-12 05:35:00,82.8
2025-06-12 03:51:00,41.9
2025-06-12 21:17:00,49.953150620754265
2025-06-12 06:58:00,75.0
2025-06-12 09:48:00,53.9
2025-06-12 21:25:00,49.953150620754265
2025-06-12 06:09:00,86.5
2025-06-12 20:23:00,56.1
2025-06-12 12:19:00,76.2
2025-06-12 11:53:00,59.8
2025-06-12 14:21:00,19.8
2025-06-12 17:22:00,93.2
2025-06-12 22:58:00,92.5
2025-06-12 00:39:00,50.1
2025-06-12 13:14:00,8.9
2025-06-12 01:11:00,66.1
2025-06-12 02:44:00,25.7
2025-06-12 14:36:00,77.6
2025-06-12 22:43:00,49.953150620754265
2025-06-12 20:52:00,89.9
2025-06-12 04:47:00,49.953150620754265
2025-06-12 02:10:00,80.1
2025-06-12 05:42:00,49.953150620754265
2025-06-12 11:32:00,2.2
2025-06-12 07:26:00,8.2
2025-06-12 02:03:00,49.953150620754265
2025-06-12 05:15:00,26.4
2025-06-12 10:42:00,10.3
2025-06-12 04:08:00,73.0
2025-06-12 09:15:00,54.8
2025-06-12 15:13:00,52.6
2025-06-12 09:22:00,97.6
2025-06-12 05:08:00,76.9
2025-06-12 05:43:00,34.3
2025-06-12 18:18:00,55.8
2025-06-12 22:09:00,63.3
2025-06-12 16:40:00,49.953150620754265
2025-06-12 14:49:00,49.953150620754265
2025-06-12 19:19:00,15.4
2025-06-12 19:28:00,91.1
2025-06-12 03:52:00,6.9
2025-06-12 10:56:00,13.8
2025-06-12 05:30:00,28.1
2025-06-12 09:52:00,13.3
2025-06-12 01:04:00,49.953150620754265
2025-06-12 06:57:00,2.5
2025-06-12 02:17:00,49.953150620754265
2025-06-12 07:16:00,64.4
2025-06-12 14:24:00,79.8
2025-06-12 04:29:00,93.3
2025-06-12 07:22:00,40.3
2025-06-12 11:13:00,79.8
2025-06-12 17:45:00,77.7
2025-06-12 13:55:00,61.7
2025-06-12 04:30:00,52.1
2025-06-12 04:15:00,49.953150620754265
2025-06-12 04:38:00,69.0
2025-06-12 23:28:00,74.8
2025-06-12 05:47:00,46.2
2025-06-12 02:42:00,27.6
2025-06-12 17:26:00,93.9
2025-06-12 07:56:00,14.5
2025-06-12 14:25:00,9.2
2025-06-12 06:53:00,27.1
2025-06-12 01:18:00,9.7
2025-06-12 07:13:00,49.953150620754265
2025-06-12 05:37:00,16.9
2025-06-12 21:49:00,16.5
2025-06-12 19:34:00,83.0
2025-06-12 06:42:00,49.953150620754265
2025-06-12 14:28:00,19.5
2025-06-12 02:34:00,21.5
2025-06-12 07:20:00,1.1
2025-06-12 03:11:00,74.8
2025-06-12 08:47:00,1.7
2025-06-12 16:57:00,59.3
2025-06-12 00:18:00,20.1
2025-06-12 23:15:00,49.58899212042808
2025-06-12 17:14:00,6.3
2025-06-12 00:09:00,49.58899212042808
2025-06-12 17:55:00,45.9
2025-06-12 21:38:00,73.6
2025-06-12 09:18:00,34.0
2025-06-12 05:12:00,40.6
2025-06-12 13:03:00,3.4
2025-06-12 03:36:00,5.0
2025-06-12 00:20:00,39.7
2025-06-12 06:29:00,49.58899212042808
2025-06-12 12:00:00,26.4
2025-06-12 02:58:00,74.1
2025-06-12 06:45:00,10.0
2025-06-12 20:26:00,29.6
2025-06-12 04:43:00,87.2
2025-06-12 03:27:00,49.9
2025-06-12 09:48:00,63.1
2025-06-12 19:00:00,49.58899212042808
2025-06-12 01:33:00,29.5
2025-06-12 18:25:00,49.58899212042808
2025-06-12 08:02:00,25.1
2025-06-12 02:54:00,65.6
2025-06-12 11:38:00,6.3
2025-06-12 02:40:00,81.1
2025-06-12 04:30:00,67.9
2025-06-12 10:24:00,49.58899212042808
2025-06-12 13:55:00,24.8
2025-06-12 08:47:00,49.58899212042808
2025-06-12 01:37:00,43.6
2025-06-12 09:08:00,7.0
2025-06-12 23:50:00,98.5
2025-06-12 19:56:00,98.4
2025-06-12 01:47:00,76.6
2025-06-12 13:12:00,39.6
2025-06-12 18:08:00,45.6
2025-06-12 11:06:00,38.5
2025-06-12 14:38:00,49.58899212042808
2025-06-12 22:50:00,9.3
2025-06-12 08:30:00,65.5
2025-06-12 01:53:00,49.58899212042808
2025-06-12 00:55:00,57.1
2025-06-12 23:33:00,71.5
2025-06-12 11:24:00,73.9
2025-06-12 15:09:00,85.2
2025-06-12 17:30:00,21.9
2025-06-12 01:23:00,35.9
2025-06-12 20:01:00,72.9
2025-06-12 07:33:00,15.5
2025-06-12 05:09:00,49.58899212042808
2025-06-12 06:52:00,11.4
2025-06-12 08:16:00,59.4
2025-06-12 16:35:00,49.58899212042808
2025-06-12 09:14:00,50.9
2025-06-12 23:09:00,47.7
2025-06-12 10:49:00,74.3
2025-06-12 09:33:00,31.8
2025-06-12 07:54:00,80.8
2025-06-12 08:39:00,34.1
2025-06-12 02:03:00,72.7
2025-06-12 18:33:00,70.1
2025-06-12 10:20:00,91.6
2025-06-12 10:27:00,86.6
2025-06-12 06:56:00,68.2
2025-06-12 11:33:00,40.8
2025-06-12 07:12:00,45.9
2025-06-12 05:28:00,52.8
2025-06-12 12:47:00,45.3
2025-06-12 01:39:00,96.5
2025-06-12 10:59:00,79.6
2025-06-12 20:45:00,19.2
2025-06-12 03:50:00,49.58899212042808
2025-06-12 14:37:00,44.3
2025-06-12 11:07:00,49.58899212042808
2025-06-12 01:55:00,99.3
2025-06-12 10:02:00,85.0
2025-06-12 07:19:00,81.1
2025-06-12 00:57:00,83.6
2025-06-12 10:46:00,53.9
2025-06-12 09:30:00,49.8
2025-06-12 15:32:00,83.5
2025-06-12 01:50:00,32.4
2025-06-12 11:35:00,20.6
2025-06-12 07:29:00,44.1
2025-06-12 22:47:00,97.8
2025-06-12 23:19:00,24.4
2025-06-12 09:02:00,42.5
2025-06-12 19:47:00,49.58899212042808
2025-06-12 17:11:00,49.58899212042808
2025-06-12 01:38:00,8.7
2025-06-12 02:09:00,3.9
2025-06-12 06:08:00,61.2
2025-06-12 08:53:00,49.58899212042808
2025-06-12 18:19:00,99.6
2025-06-12 16:55:00,25.2
2025-06-12 23:45:00,24.8
2025-06-12 17:33:00,20.4
2025-06-12 21:51:00,66.4
2025-06-12 23:38:00,49.58899212042808
2025-06-12 14:05:00,68.2
2025-06-12 20:05:00,49.58899212042808
2025-06-12 16:30:00,84.5
2025-06-12 16:03:00,32.6
2025-06-12 04:50:00,12.4
2025-06-12 08:09:00,26.4
2025-06-12 22:07:00,49.58899212042808
2025-06-12 04:42:00,30.2
2025-06-12 08:00:00,36.5
2025-06-12 09:22:00,99.7
2025-06-12 17:37:00,28.7
2025-06-12 21:58:00,68.8
2025-06-12 20:37:00,35.6
2025-06-12 21:07:00,66.9
2025-06-12 09:39:00,74.8
2025-06-12 18:32:00,86.5
2025-06-12 13:18:00,29.1
2025-06-12 06:42:00,89.9
2025-06-12 17:04:00,76.8
2025-06-12 01:15:00,16.2
2025-06-12 07:59:00,59.5
2025-06-12 08:20:00,21.5
2025-06-12 04:49:00,74.5
2025-06-12 09:44:00,34.4
2025-06-12 00:25:00,76.6
2025-06-12 01:24:00,49.58899212042808
2025-06-12 00:59:00,49.58899212042808
2025-06-12 18:05:00,1.1
2025-06-12 21:19:00,49.58899212042808
2025-06-12 18:26:00,73.1
2025-06-12 07:24:00,62.0
2025-06-12 14:15:00,18.4
2025-06-12 14:49:00,0.1
2025-06-12 04:06:00,71.7
2025-06-12 11:55:00,49.0
2025-06-12 16:17:00,84.5
2025-06-12 16:41:00,57.5
2025-06-12 06:19:00,43.6
2025-06-12 18:47:00,97.1
2025-06-12 14:43:00,28.9
2025-06-12 13:48:00,11.8
2025-06-12 16:13:00,78.6
2025-06-12 23:12:00,49.58899212042808
2025-06-12 23:55:00,48.9
2025-06-12 17:42:00,17.5
2025-06-12 19:38:00,75.4
2025-06-12 05:13:00,58.5
2025-06-12 19:03:00,95.1
2025-06-12 16:40:00,55.3
2025-06-12 21:42:00,46.2
2025-06-12 23:35:00,40.1
2025-06-12 19:43:00,35.2
2025-06-12 09:40:00,16.6
2025-06-12 17:47:00,51.6
2025-06-12 14:29:00,96.0
2025-06-12 22:36:00,49.58899212042808
2025-06-12 14:33:00,12.8
2025-06-12 10:04:00,79.5
2025-06-12 07:50:00,80.0
2025-06-12 12:07:00,93.2
2025-06-12 04:58:00,49.58899212042808
2025-06-12 22:03:00,28.6
2025-06-12 03:16:00,19.6
2025-06-12 23:08:00,83.8
2025-06-12 15:08:00,89.9
2025-06-12 16:20:00,57.5
2025-06-12 02:07:00,86.4
2025-06-12 20:39:00,71.8
2025-06-12 02:06:00,6.9
2025-06-12 13:21:00,62.8
2025-06-12 20:12:00,92.2
2025-06-12 17:05:00,37.2
2025-06-12 07:04:00,51.6
2025-06-12 18:20:00,13.0
2025-06-12 17:06:00,71.8
2025-06-12 02:57:00,58.7
2025-06-12 18:13:00,49.58899212042808
2025-06-12 08:55:00,97.3
2025-06-12 07:49:00,88.5
2025-06-12 12:33:00,75.6
2025-06-12 23:00:00,49.58899212042808
2025-06-12 17:51:00,37.0
2025-06-12 22:14:00,63.9
2025-06-12 21:35:00,11.1
2025-06-12 05:03:00,33.9
2025-06-12 17:15:00,22.1
2025-06-12 21:28:00,49.58899212042808
2025-06-12 14:22:00,68.8
2025-06-12 10:00:00,47.7
2025-06-12 13:37:00,93.9
2025-06-12 01:20:00,20.2
2025-06-12 22:41:00,92.4
2025-06-12 08:40:00,3.4
2025-06-12 05:53:00,27.6
2025-06-12 16:37:00,64.8
2025-06-12 11:49:00,96.7
2025-06-12 10:52:00,100.0
2025-06-12 03:37:00,49.58899212042808
2025-06-12 23:27:00,49.58899212042808
2025-06-12 03:07:00,35.2
2025-06-12 21:23:00,1.9
2025-06-12 16:51:00,7.0
2025-06-12 18:39:00,81.2
2025-06-12 23:51:00,9.3
2025-06-12 00:17:00,82.2
2025-06-12 14:40:00,19.0
2025-06-12 02:36:00,93.4
2025-06-12 07:42:00,49.58899212042808
2025-06-12 07:20:00,6.8
2025-06-12 19:08:00,22.9
2025-06-12 16:43:00,84.2
2025-06-12 17:08:00,3.2
2025-06-12 16:42:00,45.4
2025-06-12 07:41:00,23.6
2025-06-12 18:48:00,72.3
2025-06-12 06:39:00,52.8
2025-06-12 01:58:00,78.8
2025-06-12 18:53:00,30.3
2025-06-12 07:37:00,95.2
2025-06-12 17:50:00,49.58899212042808
2025-06-12 15:51:00,25.8
2025-06-12 04:32:00,41.7
2025-06-12 03:19:00,48.1
2025-06-12 23:53:00,56.1
2025-06-12 07:56:00,98.8
2025-06-12 06:02:00,25.8
2025-06-12 21:26:00,55.5
2025-06-12 15:07:00,49.58899212042808
2025-06-12 02:41:00,53.1
2025-06-12 12:34:00,49.58899212042808
2025-06-12 00:28:00,40.6
2025-06-12 13:01:00,16.9
2025-06-12 12:05:00,49.58899212042808
2025-06-12 01:51:00,97.5
2025-06-12 04:51:00,35.8
2025-06-12 15:19:00,70.6
2025-06-12 01:30:00,49.58899212042808
2025-06-12 05:10:00,60.8
2025-06-12 19:10:00,12.0
2025-06-12 00:29:00,95.7
2025-06-12 05:57:00,46.5
2025-06-12 23:11:00,7.3
2025-06-12 21:37:00,61.8
2025-06-12 23:04:00,15.9
2025-06-12 17:02:00,41.9
2025-06-12 19:54:00,67.6
2025-06-12 00:31:00,89.9
2025-06-12 19:11:00,49.58899212042808
2025-06-12 04:04:00,97.8
2025-06-12 18:04:00,83.1
2025-06-12 03:05:00,49.58899212042808
2025-06-12 03:22:00,70.7
2025-06-12 03:46:00,32.5
2025-06-12 04:33:00,96.3
2025-06-12 01:21:00,23.1
2025-06-12 11:15:00,43.0
2025-06-12 01:28:00,23.5
2025-06-12 21:36:00,49.58899212042808
2025-06-12 20:50:00,65.8
2025-06-12 02:21:00,73.2
2025-06-12 02:25:00,85.9
2025-06-12 02:42:00,73.9
2025-06-12 19:53:00,97.3
2025-06-12 02:08:00,4.0
2025-06-12 23:25:00,49.2
2025-06-12 21:53:00,20.2
2025-06-12 02:23:00,21.7
2025-06-12 22:05:00,65.5
2025-06-12 20:27:00,16.3
2025-06-12 08:35:00,26.7
2025-06-12 13:00:00,89.8
2025-06-12 06:41:00,11.1
2025-06-12 11:31:00,33.7
2025-06-12 10:41:00,92.7
2025-06-12 22:51:00,49.1
2025-06-12 00:10:00,86.9
2025-06-12 13:22:00,66.0
2025-06-12 03:38:00,49.58899212042808
2025-06-12 20:42:00,49.58899212042808
2025-06-12 00:14:00,26.7
2025-06-12 04:16:00,79.3
2025-06-12 19:20:00,67.8
2025-06-12 13:31:00,79.9
2025-06-12 21:15:00,74.1
2025-06-12 19:39:00,38.7
2025-06-12 10:47:00,49.58899212042808
2025-06-12 01:11:00,60.7
2025-06-12 05:56:00,81.7
2025-06-12 04:26:00,69.3
2025-06-12 11:26:00,32.2
2025-06-12 06:27:00,47.8
2025-06-12 22:42:00,25.1
2025-06-12 12:46:00,26.2
2025-06-12 22:24:00,23.3
2025-06-12 21:01:00,47.7
2025-06-12 13:39:00,15.8
2025-06-12 20:33:00,14.5
2025-06-12 06:49:00,59.2
2025-06-12 00:41:00,7.1
2025-06-12 23:34:00,92.0
2025-06-12 00:39:00,58.1
2025-06-12 21:52:00,89.0
2025-06-12 00:12:00,67.3
2025-06-12 17:40:00,66.2
2025-06-12 21:40:00,37.9
2025-06-12 19:02:00,93.4
2025-06-12 08:28:00,90.6
2025-06-12 01:07:00,42.4
2025-06-12 08:06:00,86.4
2025-06-12 08:44:00,56.0
2025-06-12 11:42:00,70.3
2025-06-12 06:06:00,83.3
2025-06-12 00:34:00,54.6
2025-06-12 06:05:00,87.9
2025-06-12 02:16:00,20.6
2025-06-12 03:29:00,91.8
2025-06-12 05:58:00,49.58899212042808
2025-06-12 19:36:00,24.2
2025-06-12 23:56:00,56.7
2025-06-12 10:21:00,24.5
2025-06-12 07:08:00,0.2
2025-06-12 19:50:00,61.0
2025-06-12 03:02:00,21.2
2025-06-12 07:05:00,58.2
2025-06-12 20:58:00,88.1
2025-06-12 05:05:00,12.3
2025-06-12 09:49:00,50.2977004785806
2025-06-12 15:19:00,60.3
2025-06-12 14:30:00,71.4
2025-06-12 00:44:00,37.2
2025-06-12 21:24:00,37.9
2025-06-12 01:49:00,24.3
2025-06-12 23:46:00,60.7
2025-06-12 12:56:00,81.2
2025-06-12 21:52:00,65.8
2025-06-12 18:40:00,41.7
2025-06-12 05:08:00,37.0
2025-06-12 08:39:00,89.5
2025-06-12 02:27:00,97.8
2025-06-12 08:45:00,50.2977004785806
2025-06-12 10:38:00,20.6
2025-06-12 00:29:00,60.8
2025-06-12 10:57:00,17.7
2025-06-12 10:14:00,55.6
2025-06-12 23:44:00,80.5
2025-06-12 14:59:00,64.8
2025-06-12 22:53:00,45.3
2025-06-12 14:22:00,34.5
2025-06-12 19:23:00,60.2
2025-06-12 15:24:00,17.9
2025-06-12 05:00:00,22.8
2025-06-12 21:08:00,33.8
2025-06-12 11:15:00,75.4
2025-06-12 22:48:00,50.2977004785806
2025-06-12 09:56:00,50.2977004785806
2025-06-12 00:18:00,94.5
2025-06-12 22:17:00,68.7
2025-06-12 06:22:00,17.0
2025-06-12 21:55:00,61.4
2025-06-12 12:36:00,56.8
2025-06-12 18:51:00,50.2977004785806
2025-06-12 21:54:00,50.2977004785806
2025-06-12 23:49:00,28.2
2025-06-12 18:06:00,64.0
2025-06-12 22:46:00,55.5
2025-06-12 16:14:00,50.2977004785806
2025-06-12 05:20:00,77.9
2025-06-12 12:48:00,62.6
2025-06-12 03:07:00,10.8
2025-06-12 09:10:00,57.0
2025-06-12 13:07:00,72.6
2025-06-12 02:04:00,31.9
2025-06-12 09:44:00,66.7
2025-06-12 09:42:00,80.1
2025-06-12 16:13:00,50.2977004785806
2025-06-12 19:49:00,35.2
2025-06-12 21:06:00,30.3
2025-06-12 08:43:00,20.4
2025-06-12 05:10:00,41.0
2025-06-12 05:09:00,46.6
2025-06-12 14:51:00,1.5
2025-06-12 14:09:00,32.1
2025-06-12 18:00:00,92.7
2025-06-12 20:05:00,18.7
2025-06-12 20:09:00,26.0
2025-06-12 08:13:00,49.8
2025-06-12 12:34:00,92.7
2025-06-12 23:10:00,50.2977004785806
2025-06-12 02:43:00,32.6
2025-06-12 01:19:00,74.6
2025-06-12 06:55:00,51.9
2025-06-12 08:35:00,99.8
2025-06-12 01:46:00,80.6
2025-06-12 03:37:00,65.8
2025-06-12 06:18:00,35.0
2025-06-12 19:31:00,2.6
2025-06-12 10:15:00,88.6
2025-06-12 12:17:00,50.3
2025-06-12 19:41:00,71.4
2025-06-12 13:09:00,11.7
2025-06-12 02:44:00,20.4
2025-06-12 21:16:00,98.7
2025-06-12 17:04:00,10.7
2025-06-12 07:14:00,71.1
2025-06-12 09:40:00,50.2977004785806
2025-06-12 14:10:00,64.3
2025-06-12 17:53:00,50.2977004785806
2025-06-12 19:30:00,39.9
2025-06-12 20:02:00,92.7
2025-06-12 03:09:00,21.3
2025-06-12 01:05:00,94.6
2025-06-12 02:48:00,66.6
2025-06-12 18:32:00,38.6
2025-06-12 13:12:00,50.9
2025-06-12 06:59:00,1.1
2025-06-12 16:41:00,19.1
2025-06-12 14:17:00,65.3
2025-06-12 09:07:00,50.2977004785806
2025-06-12 10:46:00,38.0
2025-06-12 00:55:00,85.1
2025-06-12 20:44:00,1.8
2025-06-12 09:33:00,18.5
2025-06-12 09:54:00,61.9
2025-06-12 00:00:00,50.2977004785806
2025-06-12 12:35:00,77.8
2025-06-12 04:58:00,97.0
2025-06-12 12:06:00,69.1
2025-06-12 12:54:00,50.2977004785806
2025-06-12 03:46:00,60.9
2025-06-12 11:57:00,99.1
2025-06-12 10:20:00,35.1
2025-06-12 18:14:00,2.1
2025-06-12 03:16:00,11.8
2025-06-12 03:28:00,66.5
2025-06-12 07:26:00,2.7
2025-06-12 02:58:00,73.0
2025-06-12 08:12:00,29.4
2025-06-12 16:34:00,82.3
2025-06-12 11:01:00,50.2977004785806
2025-06-12 18:49:00,93.3
2025-06-12 03:36:00,29.8
2025-06-12 03:13:00,62.7
2025-06-12 06:20:00,50.2977004785806
2025-06-12 02:22:00,13.6
2025-06-12 06:23:00,64.7
2025-06-12 14:41:00,93.8
2025-06-12 01:29:00,10.5
2025-06-12 21:09:00,11.9
2025-06-12 11:05:00,73.9
2025-06-12 19:06:00,27.2
2025-06-12 23:03:00,9.9
2025-06-12 17:00:00,43.2
2025-06-12 04:30:00,0.4
2025-06-12 22:12:00,40.1
2025-06-12 00:42:00,28.9
2025-06-12 07:42:00,37.2
2025-06-12 18:57:00,47.5
2025-06-12 00:51:00,50.2977004785806
2025-06-12 06:57:00,16.9
2025-06-12 12:52:00,51.7
2025-06-12 00:20:00,73.5
2025-06-12 06:53:00,89.0
2025-06-12 06:40:00,62.7
2025-06-12 23:14:00,98.2
2025-06-12 15:12:00,82.6
2025-06-12 17:01:00,25.6
2025-06-12 21:58:00,10.2
2025-06-12 12:02:00,98.5
2025-06-12 16:31:00,34.5
2025-06-12 02:36:00,70.3
2025-06-12 19:48:00,70.9
2025-06-12 04:41:00,32.0
2025-06-12 03:03:00,90.8
2025-06-12 17:33:00,14.5
2025-06-12 16:39:00,98.2
2025-06-12 02:05:00,19.6
2025-06-12 01:22:00,68.6
2025-06-12 13:05:00,11.4
2025-06-12 09:09:00,36.6
2025-06-12 19:22:00,11.8
2025-06-12 20:34:00,61.4
2025-06-12 11:18:00,61.8
2025-06-12 16:47:00,35.2
2025-06-12 10:07:00,90.4
2025-06-12 13:42:00,99.7
2025-06-12 16:04:00,3.8
2025-06-12 06:10:00,95.0
2025-06-12 15:11:00,96.1
2025-06-12 21:10:00,50.2977004785806
2025-06-12 15:02:00,65.0
2025-06-12 09:22:00,9.7
2025-06-12 23:39:00,50.2977004785806
2025-06-12 03:32:00,50.2977004785806
2025-06-12 23:57:00,91.6
2025-06-12 10:06:00,79.8
2025-06-12 04:50:00,65.9
2025-06-12 00:49:00,58.6
2025-06-12 22:02:00,98.2
2025-06-12 15:47:00,92.5
2025-06-12 00:19:00,13.2
2025-06-12 09:00:00,68.7
2025-06-12 01:54:00,54.2
2025-06-12 09:32:00,50.2977004785806
2025-06-12 22:07:00,50.2977004785806
2025-06-12 23:28:00,7.4
2025-06-12 22:41:00,78.2
2025-06-12 14:52:00,84.0
2025-06-12 03:04:00,37.7
2025-06-12 18:21:00,93.6
2025-06-12 13:44:00,16.3
2025-06-12 21:15:00,5.0
2025-06-12 14:11:00,21.0
2025-06-12 23:22:00,30.1
2025-06-12 17:24:00,4.9
2025-06-12 08:16:00,72.6
2025-06-12 04:22:00,50.2977004785806
2025-06-12 21:50:00,59.0
2025-06-12 12:28:00,61.4
2025-06-12 06:45:00,50.2977004785806
2025-06-12 15:21:00,58.8
2025-06-12 11:47:00,50.2977004785806
2025-06-12 17:22:00,82.4
2025-06-12 17:36:00,57.6
2025-06-12 03:14:00,48.4
2025-06-12 20:15:00,23.8
2025-06-12 00:40:00,47.2
2025-06-12 01:12:00,95.2
2025-06-12 15:22:00,65.8
2025-06-12 16:54:00,94.8
2025-06-12 00:13:00,14.4
2025-06-12 10:51:00,11.1
2025-06-12 22:20:00,96.1
2025-06-12 05:19:00,36.6
2025-06-12 13:27:00,30.3
2025-06-12 13:21:00,50.2977004785806
2025-06-12 03:43:00,50.2977004785806
2025-06-12 06:11:00,91.2
2025-06-12 19:19:00,6.0
2025-06-12 16:23:00,26.6
2025-06-12 08:10:00,40.1
2025-06-12 00:04:00,28.5
2025-06-12 07:04:00,45.3
2025-06-12 01:47:00,73.1
2025-06-12 08:05:00,50.2977004785806
2025-06-12 08:06:00,50.2977004785806
2025-06-12 07:20:00,97.8
2025-06-12 16:46:00,14.8
2025-06-12 15:48:00,73.8
2025-06-12 02:32:00,75.4
2025-06-12 01:25:00,8.1
2025-06-12 06:33:00,0.6
2025-06-12 06:08:00,69.5
2025-06-12 07:51:00,2.7
2025-06-12 23:24:00,98.4
2025-06-12 16:01:00,50.2977004785806
2025-06-12 04:21:00,82.1
2025-06-12 20:43:00,76.2
2025-06-12 12:41:00,6.3
2025-06-12 09:38:00,12.9
2025-06-12 00:59:00,12.5
2025-06-12 17:15:00,50.2977004785806
2025-06-12 00:35:00,73.4
2025-06-12 12:26:00,52.8
2025-06-12 21:37:00,50.2977004785806
2025-06-12 06:35:00,50.2977004785806
2025-06-12 19:58:00,40.1
2025-06-12 11:20:00,22.1
2025-06-12 21:19:00,58.6
2025-06-12 09:03:00,94.8
2025-06-12 01:59:00,30.6
2025-06-12 13:16:00,50.2977004785806
2025-06-12 18:48:00,28.9
2025-06-12 17:21:00,83.5
2025-06-12 00:33:00,97.6
2025-06-12 06:19:00,32.9
2025-06-12 23:55:00,15.2
2025-06-12 15:15:00,75.8
2025-06-12 12:05:00,60.7
2025-06-12 02:38:00,14.5
2025-06-12 21:39:00,50.2977004785806
2025-06-12 12:16:00,8.7
2025-06-12 21:04:00,69.4
2025-06-12 13:15:00,79.3
2025-06-12 22:28:00,43.3
2025-06-12 04:12:00,39.0
2025-06-12 16:37:00,92.4
2025-06-12 20:56:00,98.2
2025-06-12 23:32:00,50.2977004785806
2025-06-12 20:37:00,94.3
2025-06-12 02:35:00,2.2
2025-06-12 07:15:00,80.1
2025-06-12 03:38:00,75.4
2025-06-12 00:57:00,51.2
2025-06-12 19:57:00,14.5
2025-06-12 11:03:00,55.7
2025-06-12 18:44:00,81.5
2025-06-12 00:53:00,25.9
2025-06-12 13:06:00,74.6
2025-06-12 11:30:00,5.0
2025-06-12 07:31:00,17.7
2025-06-12 00:28:00,3.1
2025-06-12 20:40:00,76.5
2025-06-12 21:26:00,50.2977004785806
2025-06-12 11:25:00,28.7
2025-06-12 07:19:00,50.2977004785806
2025-06-12 14:16:00,43.3
2025-06-12 21:46:00,8.8
2025-06-12 02:07:00,28.1
2025-06-12 02:19:00,16.4
2025-06-12 07:00:00,50.2977004785806
2025-06-12 17:08:00,24.2
2025-06-12 17:40:00,8.9
2025-06-12 22:30:00,13.1
2025-06-12 08:24:00,60.1
2025-06-12 08:46:00,22.0
2025-06-12 13:08:00,50.2977004785806
2025-06-12 18:24:00,48.0
2025-06-12 07:23:00,50.2977004785806
2025-06-12 02:26:00,18.3
2025-06-12 13:23:00,32.8
2025-06-12 09:30:00,46.7
2025-06-12 10:22:00,92.7
2025-06-12 03:57:00,50.2977004785806
2025-06-12 01:04:00,49.82536769031651
2025-06-12 08:03:00,86.6
2025-06-12 21:08:00,9.3
2025-06-12 10:01:00,89.9
2025-06-12 20:53:00,2.3
2025-06-12 18:15:00,51.9
2025-06-12 05:11:00,54.0
2025-06-12 18:18:00,50.1
2025-06-12 12:01:00,59.9
2025-06-12 14:50:00,60.9
2025-06-12 08:19:00,70.1
2025-06-12 09:58:00,49.82536769031651
2025-06-12 01:46:00,58.9
2025-06-12 02:01:00,87.5
2025-06-12 01:59:00,33.7
2025-06-12 01:09:00,98.8
2025-06-12 23:35:00,49.82536769031651
2025-06-12 21:53:00,43.0
2025-06-12 02:39:00,34.7
2025-06-12 13:13:00,77.7
2025-06-12 18:52:00,47.0
2025-06-12 16:39:00,49.82536769031651
2025-06-12 18:51:00,78.7
2025-06-12 12:11:00,40.4
2025-06-12 09:55:00,62.2
2025-06-12 13:19:00,44.2
2025-06-12 07:51:00,86.9
2025-06-12 19:32:00,41.1
2025-06-12 10:59:00,49.82536769031651
2025-06-12 08:21:00,62.2
2025-06-12 05:01:00,92.3
2025-06-12 03:50:00,0.8
2025-06-12 07:53:00,66.3
2025-06-12 11:08:00,87.4
2025-06-12 07:02:00,18.9
2025-06-12 03:25:00,49.82536769031651
2025-06-12 23:22:00,74.3
2025-06-12 19:00:00,13.8
2025-06-12 06:07:00,40.1
2025-06-12 12:40:00,72.8
2025-06-12 18:50:00,47.2
2025-06-12 04:30:00,8.2
2025-06-12 06:03:00,83.3
2025-06-12 02:19:00,49.82536769031651
2025-06-12 10:13:00,12.8
2025-06-12 18:34:00,55.9
2025-06-12 15:01:00,49.82536769031651
2025-06-12 02:05:00,34.6
2025-06-12 18:20:00,52.2
2025-06-12 21:39:00,64.6
2025-06-12 20:39:00,25.3
2025-06-12 21:12:00,44.3
2025-06-12 08:53:00,98.9
2025-06-12 18:43:00,81.4
2025-06-12 15:21:00,44.3
2025-06-12 05:39:00,93.5
2025-06-12 14:13:00,7.3
2025-06-12 15:17:00,88.7
2025-06-12 07:18:00,14.8
2025-06-12 20:27:00,26.1
2025-06-12 12:02:00,5.1
2025-06-12 08:34:00,88.8
2025-06-12 01:37:00,49.82536769031651
2025-06-12 21:42:00,49.82536769031651
2025-06-12 10:09:00,1.8
2025-06-12 23:02:00,77.6
2025-06-12 00:38:00,7.4
2025-06-12 23:04:00,15.8
2025-06-12 08:20:00,70.7
2025-06-12 09:53:00,58.7
2025-06-12 12:39:00,89.3
2025-06-12 14:07:00,82.9
2025-06-12 13:08:00,17.0
2025-06-12 09:03:00,62.1
2025-06-12 14:25:00,82.8
2025-06-12 07:30:00,54.8
2025-06-12 05:19:00,47.2
2025-06-12 22:34:00,11.6
2025-06-12 01:12:00,49.82536769031651
2025-06-12 03:17:00,81.2
2025-06-12 23:56:00,40.2
2025-06-12 08:51:00,34.2
2025-06-12 19:22:00,55.0
2025-06-12 00:10:00,3.5
2025-06-12 17:42:00,19.8
2025-06-12 09:48:00,78.8
2025-06-12 05:36:00,37.3
2025-06-12 05:46:00,52.1
2025-06-12 22:57:00,96.0
2025-06-12 15:56:00,90.6
2025-06-12 02:13:00,21.1
2025-06-12 01:18:00,83.8
2025-06-12 21:54:00,64.3
2025-06-12 09:15:00,72.5
2025-06-12 05:47:00,86.2
2025-06-12 16:24:00,12.0
2025-06-12 20:16:00,49.82536769031651
2025-06-12 23:16:00,21.4
2025-06-12 14:01:00,38.5
2025-06-12 08:35:00,7.3
2025-06-12 01:10:00,91.6
2025-06-12 12:29:00,2.5
2025-06-12 00:44:00,8.4
2025-06-12 04:28:00,68.4
2025-06-12 01:50:00,53.0
2025-06-12 07:22:00,49.82536769031651
2025-06-12 19:31:00,36.8
2025-06-12 18:59:00,49.82536769031651
2025-06-12 16:31:00,49.82536769031651
2025-06-12 16:32:00,30.5
2025-06-12 08:18:00,89.1
2025-06-12 11:19:00,47.8
2025-06-12 23:28:00,76.6
2025-06-12 05:57:00,1.5
2025-06-12 20:08:00,49.82536769031651
2025-06-12 21:55:00,4.0
2025-06-12 00:01:00,35.4
2025-06-12 00:24:00,65.9
2025-06-12 13:49:00,49.82536769031651
2025-06-12 08:44:00,16.5
2025-06-12 20:44:00,49.82536769031651
2025-06-12 10:23:00,77.0
2025-06-12 09:16:00,67.1
2025-06-12 00:18:00,51.9
2025-06-12 15:16:00,22.9
2025-06-12 18:57:00,13.4
2025-06-12 22:55:00,38.1
2025-06-12 09:13:00,97.3
2025-06-12 07:41:00,92.9
2025-06-12 01:35:00,61.6
2025-06-12 16:55:00,49.82536769031651
2025-06-12 16:04:00,42.2
2025-06-12 14:48:00,4.5
2025-06-12 08:40:00,65.0
2025-06-12 22:16:00,67.6
2025-06-12 01:49:00,49.82536769031651
2025-06-12 09:46:00,2.8
2025-06-12 06:44:00,96.8
2025-06-12 03:41:00,30.4
2025-06-12 22:41:00,76.6
2025-06-12 13:46:00,92.4
2025-06-12 03:43:00,21.6
2025-06-12 22:26:00,65.4
2025-06-12 23:26:00,6.8
2025-06-12 17:16:00,49.82536769031651
2025-06-12 12:42:00,15.6
2025-06-12 19:29:00,68.9
2025-06-12 06:55:00,49.82536769031651
2025-06-12 19:25:00,68.4
2025-06-12 02:36:00,0.8
2025-06-12 05:31:00,11.5
2025-06-12 02:34:00,70.7
2025-06-12 11:26:00,60.9
2025-06-12 19:13:00,49.82536769031651
2025-06-12 04:20:00,49.82536769031651
2025-06-12 18:48:00,8.7
2025-06-12 20:07:00,59.1
2025-06-12 06:26:00,44.5
2025-06-12 16:23:00,92.8
2025-06-12 17:43:00,49.82536769031651
2025-06-12 17:17:00,31.0
2025-06-12 19:10:00,49.82536769031651
2025-06-12 23:53:00,49.82536769031651
2025-06-12 07:43:00,90.3
2025-06-12 14:57:00,98.9
2025-06-12 07:34:00,75.8
2025-06-12 08:50:00,37.6
2025-06-12 08:05:00,23.6
2025-06-12 20:12:00,75.9
2025-06-12 20:09:00,49.82536769031651
2025-06-12 15:08:00,82.6
2025-06-12 16:12:00,32.9
2025-06-12 15:12:00,37.3
2025-06-12 20:10:00,61.5
2025-06-12 19:35:00,27.4
2025-06-12 13:16:00,12.1
2025-06-12 04:00:00,40.7
2025-06-12 18:33:00,6.3
2025-06-12 06:19:00,89.3
2025-06-12 07:36:00,93.7
2025-06-12 11:48:00,49.82536769031651
2025-06-12 17:31:00,99.9
2025-06-12 22:49:00,49.82536769031651
2025-06-12 08:48:00,4.3
2025-06-12 03:57:00,75.0
2025-06-12 00:16:00,21.7
2025-06-12 09:04:00,49.82536769031651
2025-06-12 01:15:00,72.5
2025-06-12 08:27:00,96.1
2025-06-12 06:40:00,73.1
2025-06-12 14:19:00,20.4
2025-06-12 05:51:00,82.0
2025-06-12 03:21:00,44.2
2025-06-12 20:20:00,48.7
2025-06-12 06:12:00,55.4
2025-06-12 06:51:00,82.6
2025-06-12 18:38:00,18.6
2025-06-12 14:15:00,49.82536769031651
2025-06-12 21:38:00,23.6
2025-06-12 16:18:00,56.3
2025-06-12 13:41:00,95.7
2025-06-12 07:21:00,7.2
2025-06-12 22:09:00,79.5
2025-06-12 11:23:00,74.0
2025-06-12 08:33:00,52.3
2025-06-12 19:38:00,54.5
2025-06-12 02:54:00,4.0
2025-06-12 19:21:00,74.5
2025-06-12 02:08:00,46.5
2025-06-12 10:35:00,14.2
2025-06-12 12:00:00,96.4
2025-06-12 03:18:00,29.5
2025-06-12 04:38:00,40.9
2025-06-12 15:51:00,93.3
2025-06-12 00:09:00,96.1
2025-06-12 17:32:00,65.6
2025-06-12 18:46:00,74.3
2025-06-12 00:03:00,35.7
2025-06-12 16:33:00,49.0
2025-06-12 05:14:00,77.2
2025-06-12 14:23:00,84.2
2025-06-12 11:49:00,73.3
2025-06-12 11:45:00,3.5
2025-06-12 17:05:00,89.3
2025-06-12 01:26:00,50.9
2025-06-12 16:28:00,7.7
2025-06-12 13:47:00,45.7
2025-06-12 12:35:00,19.2
2025-06-12 08:41:00,19.6
2025-06-12 22:32:00,49.82536769031651
2025-06-12 15:59:00,49.82536769031651
2025-06-12 11:07:00,5.8
2025-06-12 07:55:00,39.3
2025-06-12 17:56:00,37.7
2025-06-12 00:55:00,75.8
2025-06-12 10:29:00,71.9
2025-06-12 12:44:00,49.3
2025-06-12 22:06:00,95.4
2025-06-12 12:08:00,27.3
2025-06-12 03:38:00,58.4
2025-06-12 18:08:00,24.0
2025-06-12 11:28:00,18.4
2025-06-12 17:20:00,61.3
2025-06-12 09:28:00,49.82536769031651
2025-06-12 11:58:00,76.0
2025-06-12 15:54:00,45.4
2025-06-12 03:19:00,49.82536769031651
2025-06-12 11:22:00,85.0
2025-06-12 09:25:00,32.5
2025-06-12 08:54:00,62.0
2025-06-12 03:26:00,59.5
2025-06-12 10:25:00,76.4
2025-06-12 08:28:00,93.9
2025-06-12 14:43:00,32.4
2025-06-12 01:19:00,48.7
2025-06-12 19:47:00,34.2
2025-06-12 17:06:00,82.8
2025-06-12 04:02:00,49.82536769031651
2025-06-12 07:56:00,6.3
2025-06-12 11:54:00,32.6
2025-06-12 22:19:00,26.7
2025-06-12 08:36:00,27.2
2025-06-12 12:47:00,38.2
2025-06-12 13:22:00,81.9
2025-06-12 21:17:00,93.8
2025-06-12 16:08:00,92.7
2025-06-12 12:45:00,97.3
2025-06-12 10:45:00,75.8
2025-06-12 10:07:00,75.5
2025-06-12 14:31:00,25.0
2025-06-12 14:32:00,73.7
2025-06-12 07:15:00,90.3
2025-06-12 20:41:00,84.1
2025-06-12 05:55:00,36.1
2025-06-12 05:58:00,6.3
2025-06-12 10:14:00,98.1
2025-06-12 17:21:00,34.3
2025-06-12 12:24:00,8.0
2025-06-12 06:15:00,86.5
2025-06-12 17:23:00,67.8
2025-06-12 23:31:00,20.8
2025-06-12 02:30:00,25.9
2025-06-12 04:35:00,71.6
2025-06-12 04:51:00,59.9
2025-06-12 18:21:00,67.1
2025-06-12 11:01:00,77.0
2025-06-12 14:12:00,59.5
2025-06-12 23:34:00,49.82536769031651
2025-06-12 00:13:00,49.82536769031651
2025-06-12 23:38:00,94.0
2025-06-12 10:42:00,43.1
2025-06-12 23:50:00,50.7
2025-06-12 04:21:00,17.5
2025-06-12 18:41:00,98.2
2025-06-12 16:45:00,45.5
2025-06-12 03:10:00,49.82536769031651
2025-06-12 12:05:00,17.2
2025-06-12 00:46:00,35.4
2025-06-12 09:24:00,7.7
2025-06-12 23:29:00,50.10362276498773
2025-06-12 18:34:00,72.7
2025-06-12 06:39:00,60.8
2025-06-12 05:37:00,88.7
2025-06-12 13:07:00,69.3
2025-06-12 21:45:00,70.4
2025-06-12 13:32:00,81.6
2025-06-12 02:58:00,89.3
2025-06-12 01:44:00,96.6
2025-06-12 20:50:00,50.10362276498773
2025-06-12 02:30:00,7.1
2025-06-12 13:05:00,22.4
2025-06-12 14:45:00,72.6
2025-06-12 21:46:00,14.7
2025-06-12 22:33:00,81.2
2025-06-12 11:31:00,50.6
2025-06-12 00:15:00,55.6
2025-06-12 11:48:00,92.2
2025-06-12 17:35:00,50.10362276498773
2025-06-12 09:33:00,50.10362276498773
2025-06-12 07:12:00,43.1
2025-06-12 07:58:00,87.0
2025-06-12 14:51:00,82.8
2025-06-12 05:52:00,58.9
2025-06-12 06:32:00,77.1
2025-06-12 00:59:00,72.5
2025-06-12 18:17:00,4.9
2025-06-12 21:20:00,99.4
2025-06-12 19:43:00,15.8
2025-06-12 03:20:00,81.0
2025-06-12 20:35:00,23.1
2025-06-12 17:17:00,31.7
2025-06-12 09:29:00,13.8
2025-06-12 17:16:00,10.4
2025-06-12 21:47:00,50.10362276498773
2025-06-12 08:45:00,50.10362276498773
2025-06-12 10:04:00,15.0
2025-06-12 16:18:00,85.8
2025-06-12 09:45:00,92.4
2025-06-12 04:07:00,46.1
2025-06-12 07:29:00,54.2
2025-06-12 12:45:00,51.7
2025-06-12 08:10:00,50.10362276498773
2025-06-12 17:02:00,78.3
2025-06-12 12:46:00,84.4
2025-06-12 18:56:00,58.6
2025-06-12 22:31:00,27.1
2025-06-12 10:48:00,6.5
2025-06-12 05:35:00,26.1
2025-06-12 14:02:00,94.6
2025-06-12 12:35:00,50.10362276498773
2025-06-12 01:24:00,29.1
2025-06-12 04:52:00,50.10362276498773
2025-06-12 19:16:00,48.9
2025-06-12 04:48:00,9.0
2025-06-12 15:56:00,93.7
2025-06-12 04:35:00,50.10362276498773
2025-06-12 11:55:00,0.7
2025-06-12 20:06:00,44.2
2025-06-12 04:01:00,50.10362276498773
2025-06-12 05:58:00,77.2
2025-06-12 22:05:00,4.3
2025-06-12 11:04:00,50.10362276498773
2025-06-12 08:17:00,4.4
2025-06-12 14:37:00,50.10362276498773
2025-06-12 11:02:00,69.9
2025-06-12 08:09:00,23.9
2025-06-12 06:48:00,50.10362276498773
2025-06-12 05:13:00,68.0
2025-06-12 07:01:00,42.7
2025-06-12 08:23:00,50.10362276498773
2025-06-12 13:42:00,43.7
2025-06-12 23:23:00,6.4
2025-06-12 19:03:00,50.10362276498773
2025-06-12 18:30:00,51.9
2025-06-12 06:02:00,24.1
2025-06-12 02:42:00,43.7
2025-06-12 06:45:00,39.1
2025-06-12 18:10:00,9.7
2025-06-12 01:13:00,81.7
2025-06-12 02:15:00,51.8
2025-06-12 14:46:00,94.2
2025-06-12 09:58:00,33.6
2025-06-12 09:00:00,51.4
2025-06-12 20:18:00,4.3
2025-06-12 17:34:00,21.0
2025-06-12 14:12:00,57.5
2025-06-12 14:11:00,29.9
2025-06-12 07:40:00,51.1
2025-06-12 05:45:00,46.6
2025-06-12 12:06:00,37.1
2025-06-12 00:29:00,65.1
2025-06-12 09:27:00,85.9
2025-06-12 22:09:00,97.2
2025-06-12 14:07:00,50.10362276498773
2025-06-12 23:04:00,1.6
2025-06-12 08:43:00,77.9
2025-06-12 04:26:00,25.2
2025-06-12 19:08:00,50.10362276498773
2025-06-12 11:25:00,9.2
2025-06-12 12:22:00,36.8
2025-06-12 19:02:00,10.2
2025-06-12 10:22:00,5.4
2025-06-12 14:44:00,3.7
2025-06-12 00:33:00,70.2
2025-06-12 15:06:00,30.9
2025-06-12 06:15:00,32.8
2025-06-12 08:27:00,74.4
2025-06-12 07:24:00,85.0
2025-06-12 14:13:00,50.10362276498773
2025-06-12 21:58:00,66.2
2025-06-12 03:28:00,70.8
2025-06-12 21:35:00,71.4
2025-06-12 12:16:00,2.3
2025-06-12 18:52:00,10.8
2025-06-12 20:19:00,89.3
2025-06-12 14:58:00,88.5
2025-06-12 06:29:00,35.4
2025-06-12 01:53:00,95.9
2025-06-12 21:41:00,32.5
2025-06-12 02:41:00,50.10362276498773
2025-06-12 02:54:00,26.2
2025-06-12 23:34:00,52.6
2025-06-12 16:16:00,88.6
2025-06-12 05:34:00,2.4
2025-06-12 21:57:00,81.2
2025-06-12 03:42:00,50.10362276498773
2025-06-12 11:44:00,42.0
2025-06-12 21:26:00,17.0
2025-06-12 07:14:00,50.10362276498773
2025-06-12 16:35:00,50.10362276498773
2025-06-12 15:35:00,57.9
2025-06-12 22:01:00,13.9
2025-06-12 09:59:00,4.5
2025-06-12 11:01:00,75.7
2025-06-12 02:59:00,88.9
2025-06-12 09:22:00,50.10362276498773
2025-06-12 07:23:00,50.10362276498773
2025-06-12 15:45:00,96.7
2025-06-12 10:20:00,83.3
2025-06-12 05:50:00,7.5
2025-06-12 16:11:00,98.8
2025-06-12 01:52:00,72.8
2025-06-12 07:56:00,38.9
2025-06-12 15:24:00,49.1
2025-06-12 07:54:00,50.10362276498773
2025-06-12 21:30:00,50.10362276498773
2025-06-12 07:37:00,36.7
2025-06-12 10:53:00,45.9
2025-06-12 15:23:00,16.7
2025-06-12 14:34:00,56.6
2025-06-12 09:31:00,38.1
2025-06-12 04:02:00,50.3
2025-06-12 00:31:00,50.10362276498773
2025-06-12 22:39:00,17.2
2025-06-12 00:52:00,57.3
2025-06-12 11:57:00,6.8
2025-06-12 19:20:00,74.3
2025-06-12 10:52:00,50.10362276498773
2025-06-12 18:16:00,50.10362276498773
2025-06-12 19:07:00,50.10362276498773
2025-06-12 23:53:00,34.9
2025-06-12 03:38:00,31.2
2025-06-12 17:40:00,81.7
2025-06-12 17:54:00,43.4
2025-06-12 22:30:00,5.3
2025-06-12 19:28:00,62.3
2025-06-12 08:05:00,96.1
2025-06-12 11:29:00,16.4
2025-06-12 10:44:00,78.0
2025-06-12 04:13:00,50.10362276498773
2025-06-12 19:52:00,16.5
2025-06-12 17:46:00,49.0
2025-06-12 19:21:00,9.9
2025-06-12 20:15:00,49.7
2025-06-12 19:05:00,43.9
2025-06-12 19:15:00,51.9
2025-06-12 06:51:00,50.10362276498773
2025-06-12 04:38:00,50.10362276498773
2025-06-12 02:26:00,2.9
2025-06-12 01:35:00,44.6
2025-06-12 03:09:00,3.1
2025-06-12 17:25:00,49.2
2025-06-12 22:10:00,15.9
2025-06-12 17:36:00,81.8
2025-06-12 07:06:00,83.3
2025-06-12 00:27:00,32.3
2025-06-12 14:30:00,63.1
2025-06-12 08:26:00,63.0
2025-06-12 09:17:00,50.10362276498773
2025-06-12 05:51:00,50.10362276498773
2025-06-12 20:21:00,50.10362276498773
2025-06-12 08:58:00,19.8
2025-06-12 20:58:00,50.10362276498773
2025-06-12 06:04:00,50.10362276498773
2025-06-12 18:51:00,50.10362276498773
2025-06-12 10:56:00,50.10362276498773
2025-06-12 11:07:00,50.10362276498773
2025-06-12 22:52:00,50.10362276498773
2025-06-12 12:59:00,62.4
2025-06-12 16:14:00,48.6
2025-06-12 20:39:00,11.8
2025-06-12 03:18:00,75.3
2025-06-12 22:35:00,50.10362276498773
2025-06-12 17:37:00,53.0
2025-06-12 20:44:00,59.7
2025-06-12 03:17:00,6.9
2025-06-12 08:00:00,20.0
2025-06-12 21:03:00,38.8
2025-06-12 00:48:00,87.4
2025-06-12 07:42:00,78.8
2025-06-12 12:27:00,84.5
2025-06-12 15:14:00,50.10362276498773
2025-06-12 06:49:00,43.3
2025-06-12 13:10:00,50.10362276498773
2025-06-12 14:39:00,45.7
2025-06-12 05:26:00,29.9
2025-06-12 02:52:00,78.2
2025-06-12 21:29:00,88.3
2025-06-12 07:33:00,50.10362276498773
2025-06-12 04:03:00,50.10362276498773
2025-06-12 19:18:00,6.1
2025-06-12 02:02:00,58.4
2025-06-12 03:57:00,43.4
2025-06-12 10:35:00,47.9
2025-06-12 18:26:00,25.0
2025-06-12 01:18:00,54.9
2025-06-12 19:58:00,98.2
2025-06-12 07:52:00,37.4
2025-06-12 08:56:00,26.6
2025-06-12 11:06:00,37.0
2025-06-12 07:31:00,50.0
2025-06-12 07:05:00,6.7
2025-06-12 20:07:00,45.7
2025-06-12 20:27:00,75.5
2025-06-12 08:02:00,31.2
2025-06-12 00:06:00,54.2
2025-06-12 15:34:00,50.10362276498773
2025-06-12 05:02:00,0.2
2025-06-12 12:43:00,69.6
2025-06-12 00:17:00,53.9
2025-06-12 23:54:00,37.5
2025-06-12 16:47:00,38.4
2025-06-12 16:43:00,5.8
2025-06-12 19:37:00,97.6
2025-06-12 22:47:00,17.8
2025-06-12 15:37:00,79.4
2025-06-12 06:07:00,98.4
2025-06-12 12:19:00,21.8
2025-06-12 16:51:00,43.8
2025-06-12 01:40:00,50.10362276498773
2025-06-12 01:33:00,83.7
2025-06-12 02:44:00,50.10362276498773
2025-06-12 03:44:00,13.6
2025-06-12 13:43:00,71.0
2025-06-12 10:41:00,40.3
2025-06-12 06:08:00,22.3
2025-06-12 02:32:00,71.0
2025-06-12 00:20:00,76.6
2025-06-12 19:54:00,50.10362276498773
2025-06-12 18:40:00,50.10362276498773
2025-06-12 04:40:00,56.4
2025-06-12 20:42:00,59.9
2025-06-12 05:07:00,37.6
2025-06-12 12:57:00,50.10362276498773
2025-06-12 04:51:00,50.10362276498773
2025-06-12 17:58:00,3.7
2025-06-12 07:45:00,44.0
2025-06-12 02:23:00,58.1
2025-06-12 20:33:00,92.4
2025-06-12 00:00:00,61.6
2025-06-12 08:28:00,73.2
2025-06-12 00:35:00,44.3
2025-06-12 13:15:00,10.9
2025-06-12 08:42:00,63.0
2025-06-12 06:30:00,24.1
2025-06-12 16:20:00,83.4
2025-06-12 12:08:00,32.7
2025-06-12 08:11:00,35.3
2025-06-12 07:00:00,72.6
2025-06-12 01:54:00,23.2
2025-06-12 09:28:00,50.10362276498773
2025-06-12 15:11:00,42.3
2025-06-12 08:18:00,72.3
2025-06-12 14:25:00,27.3
2025-06-12 23:57:00,44.0
2025-06-12 20:40:00,97.4
2025-06-12 22:51:00,50.10362276498773
2025-06-12 13:31:00,6.6
2025-06-12 20:22:00,69.3
2025-06-12 18:08:00,84.7
2025-06-12 10:15:00,51.1
2025-06-12 19:34:00,86.0
2025-06-12 16:26:00,51.4
2025-06-12 15:02:00,27.2
2025-06-12 21:49:00,63.0
2025-06-12 17:53:00,73.1
2025-06-12 11:32:00,35.1
2025-06-12 18:24:00,99.2
2025-06-12 11:18:00,62.2
2025-06-12 23:22:00,20.1
2025-06-12 13:11:00,56.7
2025-06-12 19:06:00,34.8
2025-06-12 05:47:00,79.3
2025-06-12 12:03:00,50.10362276498773
2025-06-12 07:57:00,77.8
2025-06-12 15:21:00,60.9
2025-06-12 15:44:00,98.8
2025-06-12 12:18:00,97.0
2025-06-12 19:51:00,13.3
2025-06-12 17:10:00,13.0
2025-06-12 20:13:00,50.10362276498773
2025-06-12 18:29:00,5.9
2025-06-12 05:04:00,43.8
2025-06-12 21:53:00,82.1
2025-06-12 18:14:00,34.6
2025-06-12 13:08:00,78.8
2025-06-12 13:30:00,2.1
2025-06-12 04:11:00,56.6
2025-06-12 06:38:00,93.4
2025-06-12 23:20:00,83.0
2025-06-12 06:22:00,53.3
2025-06-12 03:33:00,40.5
2025-06-12 02:31:00,50.12327810650887
2025-06-12 22:41:00,63.5
2025-06-12 09:16:00,74.3
2025-06-12 02:38:00,4.2
2025-06-12 08:38:00,17.2
2025-06-12 07:23:00,88.7
2025-06-12 10:31:00,75.1
2025-06-12 10:12:00,50.12327810650887
2025-06-12 12:55:00,83.4
2025-06-12 21:52:00,22.0
2025-06-12 03:22:00,50.12327810650887
2025-06-12 17:11:00,50.12327810650887
2025-06-12 19:56:00,50.3
2025-06-12 17:52:00,16.1
2025-06-12 23:05:00,40.7
2025-06-12 18:55:00,15.5
2025-06-12 00:30:00,2.1
2025-06-12 05:47:00,8.5
2025-06-12 08:37:00,13.1
2025-06-12 16:31:00,72.8
2025-06-12 21:59:00,49.3
2025-06-12 13:27:00,50.12327810650887
2025-06-12 03:30:00,14.2
2025-06-12 17:02:00,88.0
2025-06-12 17:47:00,50.12327810650887
2025-06-12 05:17:00,34.3
2025-06-12 05:28:00,69.6
2025-06-12 03:47:00,9.1
2025-06-12 02:18:00,32.8
2025-06-12 14:43:00,50.12327810650887
2025-06-12 23:00:00,17.0
2025-06-12 09:10:00,92.7
2025-06-12 03:32:00,12.8
2025-06-12 07:55:00,52.9
2025-06-12 12:20:00,1.7
2025-06-12 20:37:00,39.1
2025-06-12 05:24:00,27.9
2025-06-12 03:53:00,50.12327810650887
2025-06-12 20:08:00,10.6
2025-06-12 12:31:00,71.9
2025-06-12 18:57:00,9.3
2025-06-12 21:50:00,34.5
2025-06-12 08:14:00,14.6
2025-06-12 08:05:00,67.4
2025-06-12 04:52:00,50.12327810650887
2025-06-12 04:41:00,45.5
2025-06-12 17:08:00,21.4
2025-06-12 11:31:00,90.3
2025-06-12 02:24:00,50.12327810650887
2025-06-12 01:38:00,69.7
2025-06-12 01:12:00,71.4
2025-06-12 18:18:00,5.3
2025-06-12 16:32:00,66.4
2025-06-12 12:39:00,64.2
2025-06-12 23:52:00,37.7
2025-06-12 13:32:00,2.9
2025-06-12 08:57:00,9.2
2025-06-12 23:25:00,56.7
2025-06-12 11:47:00,50.12327810650887
2025-06-12 04:39:00,67.4
2025-06-12 02:43:00,35.2
2025-06-12 17:29:00,36.9
2025-06-12 21:14:00,91.1
2025-06-12 17:32:00,55.3
2025-06-12 23:46:00,16.7
2025-06-12 21:58:00,2.3
2025-06-12 15:18:00,41.1
2025-06-12 08:00:00,48.2
2025-06-12 22:42:00,8.3
2025-06-12 05:22:00,97.5
2025-06-12 14:08:00,50.8
2025-06-12 01:41:00,51.7
2025-06-12 01:48:00,3.5
2025-06-12 06:41:00,50.12327810650887
2025-06-12 15:47:00,77.0
2025-06-12 16:57:00,98.4
2025-06-12 13:25:00,86.3
2025-06-12 10:55:00,84.2
2025-06-12 14:53:00,61.8
2025-06-12 16:26:00,76.6
2025-06-12 06:08:00,38.0
2025-06-12 17:21:00,91.4
2025-06-12 19:24:00,82.5
2025-06-12 02:46:00,24.1
2025-06-12 06:13:00,83.9
2025-06-12 18:14:00,1.6
2025-06-12 04:43:00,35.8
2025-06-12 00:13:00,0.1
2025-06-12 11:36:00,93.5
2025-06-12 11:10:00,52.8
2025-06-12 15:30:00,92.0
2025-06-12 18:21:00,55.2
2025-06-12 05:13:00,54.7
2025-06-12 09:52:00,7.2
2025-06-12 18:34:00,99.1
2025-06-12 10:22:00,89.0
2025-06-12 15:36:00,1.4
2025-06-12 11:55:00,52.8
2025-06-12 11:50:00,64.0
2025-06-12 08:07:00,89.1
2025-06-12 03:35:00,70.7
2025-06-12 04:37:00,90.6
2025-06-12 14:13:00,89.7
2025-06-12 16:14:00,65.4
2025-06-12 03:59:00,50.12327810650887
2025-06-12 09:47:00,10.7
2025-06-12 19:15:00,34.9
2025-06-12 14:25:00,3.0
2025-06-12 02:11:00,49.2
2025-06-12 14:26:00,81.6
2025-06-12 02:37:00,58.5
2025-06-12 10:53:00,16.8
2025-06-12 06:10:00,50.12327810650887
2025-06-12 02:28:00,32.4
2025-06-12 02:29:00,30.1
2025-06-12 08:56:00,0.4
2025-06-12 14:45:00,88.5
2025-06-12 20:03:00,39.6
2025-06-12 10:42:00,93.4
2025-06-12 21:30:00,98.5
2025-06-12 13:45:00,53.9
2025-06-12 21:33:00,69.1
2025-06-12 01:07:00,66.8
2025-06-12 09:34:00,95.9
2025-06-12 22:08:00,7.5
2025-06-12 07:29:00,71.8
2025-06-12 03:41:00,90.0
2025-06-12 11:44:00,11.8
2025-06-12 01:31:00,50.12327810650887
2025-06-12 15:58:00,85.5
2025-06-12 14:38:00,59.9
2025-06-12 16:13:00,24.6
2025-06-12 10:18:00,50.12327810650887
2025-06-12 00:25:00,68.6
2025-06-12 15:52:00,68.0
2025-06-12 04:00:00,38.4
2025-06-12 04:16:00,69.8
2025-06-12 10:46:00,81.6
2025-06-12 15:09:00,50.12327810650887
2025-06-12 14:15:00,13.1
2025-06-12 08:52:00,34.6
2025-06-12 07:46:00,50.12327810650887
2025-06-12 05:38:00,72.8
2025-06-12 00:37:00,76.0
2025-06-12 17:39:00,85.7
2025-06-12 14:24:00,50.12327810650887
2025-06-12 10:23:00,95.0
2025-06-12 01:28:00,0.3
2025-06-12 00:12:00,88.3
2025-06-12 09:31:00,3.6
2025-06-12 06:30:00,16.9
2025-06-12 23:58:00,4.5
2025-06-12 05:33:00,25.9
2025-06-12 15:25:00,77.5
2025-06-12 00:51:00,1.5
2025-06-12 12:56:00,76.2
2025-06-12 17:48:00,70.0
2025-06-12 12:48:00,50.12327810650887
2025-06-12 21:42:00,75.2
2025-06-12 16:04:00,9.8
2025-06-12 14:20:00,35.0
2025-06-12 13:06:00,21.8
2025-06-12 22:49:00,71.8
2025-06-12 03:28:00,50.3
2025-06-12 05:42:00,50.12327810650887
2025-06-12 23:53:00,48.4
2025-06-12 01:20:00,84.7
2025-06-12 10:16:00,67.4
2025-06-12 04:38:00,71.8
2025-06-12 17:14:00,42.8
2025-06-12 03:46:00,49.3
2025-06-12 13:38:00,36.0
2025-06-12 02:02:00,31.8
2025-06-12 21:15:00,90.3
2025-06-12 14:01:00,98.3
2025-06-12 05:50:00,96.7
2025-06-12 10:49:00,60.1
2025-06-12 22:12:00,30.8
2025-06-12 09:08:00,22.8
2025-06-12 10:01:00,48.0
2025-06-12 23:49:00,29.7
2025-06-12 11:18:00,92.8
2025-06-12 04:23:00,20.4
2025-06-12 22:45:00,50.12327810650887
2025-06-12 00:31:00,28.8
2025-06-12 21:44:00,30.6
2025-06-12 21:57:00,0.5
2025-06-12 00:35:00,43.2
2025-06-12 12:13:00,74.4
2025-06-12 21:37:00,88.7
2025-06-12 22:26:00,3.7
2025-06-12 22:22:00,48.1
2025-06-12 06:04:00,53.1
2025-06-12 21:51:00,43.5
2025-06-12 03:18:00,9.2
2025-06-12 20:24:00,50.12327810650887
2025-06-12 15:34:00,57.7
2025-06-12 20:00:00,69.9
2025-06-12 11:45:00,98.1
2025-06-12 10:30:00,73.2
2025-06-12 03:09:00,88.9
2025-06-12 01:17:00,50.12327810650887
2025-06-12 18:46:00,37.2
2025-06-12 01:08:00,33.1
2025-06-12 01:56:00,2.8
2025-06-12 19:17:00,28.3
2025-06-12 10:20:00,95.1
2025-06-12 05:20:00,30.2
2025-06-12 14:17:00,50.12327810650887
2025-06-12 14:52:00,50.12327810650887
2025-06-12 07:22:00,89.9
2025-06-12 22:39:00,39.7
2025-06-12 02:49:00,98.4
2025-06-12 10:25:00,8.1
2025-06-12 11:17:00,5.3
2025-06-12 10:54:00,63.8
2025-06-12 22:17:00,91.1
2025-06-12 07:01:00,80.8
2025-06-12 15:27:00,8.4
2025-06-12 22:43:00,11.0
2025-06-12 00:36:00,67.5
2025-06-12 14:42:00,68.6
2025-06-12 04:29:00,32.2
2025-06-12 23:03:00,91.8
2025-06-12 01:50:00,95.2
2025-06-12 09:50:00,54.0
2025-06-12 06:56:00,66.5
2025-06-12 02:54:00,50.12327810650887
2025-06-12 16:30:00,36.8
2025-06-12 01:52:00,77.6
2025-06-12 17:55:00,70.9
2025-06-12 12:16:00,93.5
2025-06-12 22:01:00,77.7
2025-06-12 09:35:00,35.1
2025-06-12 19:12:00,57.1
2025-06-12 10:56:00,11.4
2025-06-12 02:44:00,41.8
2025-06-12 23:34:00,59.9
2025-06-12 23:14:00,34.5
2025-06-12 10:03:00,53.4
2025-06-12 03:51:00,50.12327810650887
2025-06-12 13:35:00,16.3
2025-06-12 21:05:00,68.2
2025-06-12 20:30:00,29.3
2025-06-12 18:19:00,94.7
2025-06-12 23:08:00,80.9
2025-06-12 09:00:00,68.0
2025-06-12 17:54:00,72.2
2025-06-12 13:33:00,10.1
2025-06-12 09:23:00,39.1
2025-06-12 03:03:00,6.6
2025-06-12 09:59:00,10.9
2025-06-12 11:56:00,86.8
2025-06-12 10:51:00,4.0
2025-06-12 07:30:00,45.5
2025-06-12 16:41:00,50.12327810650887
2025-06-12 23:35:00,50.12327810650887
2025-06-12 12:36:00,46.1
2025-06-12 09:46:00,95.1
2025-06-12 00:01:00,63.7
2025-06-12 07:18:00,54.9
2025-06-12 15:28:00,0.3
2025-06-12 21:55:00,91.9
2025-06-12 17:06:00,50.12327810650887
2025-06-12 20:34:00,50.12327810650887
2025-06-12 09:53:00,29.9
2025-06-12 10:00:00,90.4
2025-06-12 07:00:00,77.9
2025-06-12 22:51:00,66.0
2025-06-12 22:16:00,75.6
2025-06-12 23:33:00,20.5
2025-06-12 21:16:00,10.2
2025-06-12 15:39:00,50.12327810650887
2025-06-12 22:25:00,0.3
2025-06-12 20:17:00,66.1
2025-06-12 09:12:00,18.0
2025-06-12 15:40:00,77.4
2025-06-12 19:34:00,77.9
2025-06-12 14:48:00,49.63956792297757
2025-06-12 02:38:00,14.1
2025-06-12 14:09:00,66.0
2025-06-12 18:30:00,71.3
2025-06-12 23:29:00,32.2
2025-06-12 00:30:00,34.7
2025-06-12 05:00:00,12.8
2025-06-12 22:37:00,97.1
2025-06-12 02:54:00,20.1
2025-06-12 14:39:00,45.8
2025-06-12 22:48:00,73.1
2025-06-12 14:55:00,89.2
2025-06-12 08:28:00,81.3
2025-06-12 23:11:00,90.3
2025-06-12 07:51:00,10.3
2025-06-12 23:50:00,61.3
2025-06-12 18:19:00,22.0
2025-06-12 22:33:00,41.9
2025-06-12 02:45:00,31.2
2025-06-12 17:50:00,24.2
2025-06-12 10:55:00,9.0
2025-06-12 20:55:00,49.63956792297757
2025-06-12 08:13:00,98.4
2025-06-12 04:33:00,97.1
2025-06-12 05:29:00,2.7
2025-06-12 14:42:00,17.3
2025-06-12 18:43:00,10.2
2025-06-12 13:52:00,66.7
2025-06-12 04:35:00,12.4
2025-06-12 21:28:00,49.0
2025-06-12 03:08:00,95.1
2025-06-12 20:35:00,16.4
2025-06-12 07:42:00,19.5
2025-06-12 21:52:00,29.6
2025-06-12 15:26:00,89.1
2025-06-12 03:33:00,83.5
2025-06-12 20:56:00,13.0
2025-06-12 23:45:00,43.3
2025-06-12 05:41:00,50.5
2025-06-12 16:48:00,8.7
2025-06-12 07:16:00,5.6
2025-06-12 16:55:00,45.8
2025-06-12 17:52:00,46.8
2025-06-12 10:57:00,49.63956792297757
2025-06-12 10:38:00,76.6
2025-06-12 17:34:00,63.9
2025-06-12 05:05:00,41.3
2025-06-12 01:42:00,73.8
2025-06-12 00:27:00,84.8
2025-06-12 08:16:00,58.9
2025-06-12 09:11:00,2.1
2025-06-12 02:39:00,19.8
2025-06-12 13:27:00,49.63956792297757
2025-06-12 02:56:00,37.0
2025-06-12 16:14:00,0.7
2025-06-12 00:45:00,20.9
2025-06-12 17:19:00,88.9
2025-06-12 15:19:00,52.3
2025-06-12 05:39:00,55.9
2025-06-12 08:33:00,3.0
2025-06-12 09:00:00,3.1
2025-06-12 19:38:00,16.8
2025-06-12 05:30:00,83.9
2025-06-12 03:43:00,80.3
2025-06-12 07:41:00,47.5
2025-06-12 15:13:00,42.4
2025-06-12 07:25:00,97.6
2025-06-12 00:25:00,12.8
2025-06-12 03:47:00,62.8
2025-06-12 14:51:00,4.5
2025-06-12 13:53:00,27.1
2025-06-12 14:27:00,49.9
2025-06-12 04:58:00,40.2
2025-06-12 20:31:00,47.1
2025-06-12 22:55:00,77.6
2025-06-12 00:21:00,46.6
2025-06-12 13:29:00,80.4
2025-06-12 05:46:00,49.63956792297757
2025-06-12 00:26:00,49.63956792297757
2025-06-12 11:02:00,9.6
2025-06-12 07:15:00,77.0
2025-06-12 21:00:00,70.2
2025-06-12 08:56:00,13.0
2025-06-12 22:24:00,14.3
2025-06-12 13:43:00,82.0
2025-06-12 17:20:00,38.0
2025-06-12 06:12:00,54.0
2025-06-12 23:09:00,34.0
2025-06-12 17:09:00,50.1
2025-06-12 22:42:00,49.63956792297757
2025-06-12 10:31:00,76.7
2025-06-12 13:37:00,24.9
2025-06-12 21:24:00,40.6
2025-06-12 02:13:00,44.3
2025-06-12 18:20:00,3.8
2025-06-12 23:15:00,27.6
2025-06-12 01:46:00,22.8
2025-06-12 13:01:00,49.63956792297757
2025-06-12 12:10:00,72.4
2025-06-12 12:43:00,97.4
2025-06-12 14:23:00,24.5
2025-06-12 03:22:00,93.3
2025-06-12 14:56:00,58.0
2025-06-12 16:15:00,98.0
2025-06-12 13:45:00,38.7
2025-06-12 10:54:00,28.1
2025-06-12 01:52:00,98.0
2025-06-12 14:11:00,99.7
2025-06-12 03:21:00,37.0
2025-06-12 15:21:00,75.2
2025-06-12 09:29:00,38.8
2025-06-12 06:29:00,94.6
2025-06-12 00:04:00,23.1
2025-06-12 21:31:00,18.9
2025-06-12 19:52:00,9.6
2025-06-12 15:08:00,56.0
2025-06-12 02:43:00,8.3
2025-06-12 11:35:00,22.0
2025-06-12 22:05:00,26.0
2025-06-12 13:09:00,49.63956792297757
2025-06-12 04:06:00,62.5
2025-06-12 11:31:00,49.63956792297757
2025-06-12 09:02:00,95.4
2025-06-12 16:53:00,49.63956792297757
2025-06-12 00:43:00,49.63956792297757
2025-06-12 01:50:00,49.63956792297757
2025-06-12 05:54:00,22.2
2025-06-12 16:42:00,80.2
2025-06-12 16:33:00,22.3
2025-06-12 17:23:00,19.5
2025-06-12 10:44:00,62.0
2025-06-12 01:26:00,2.0
2025-06-12 02:27:00,69.1
2025-06-12 12:02:00,49.63956792297757
2025-06-12 18:59:00,43.5
2025-06-12 21:27:00,32.8
2025-06-12 13:38:00,19.9
2025-06-12 18:51:00,53.2
2025-06-12 05:51:00,19.3
2025-06-12 01:08:00,25.3
2025-06-12 21:02:00,97.9
2025-06-12 02:24:00,45.0
2025-06-12 11:26:00,0.5
2025-06-12 18:08:00,69.0
2025-06-12 17:15:00,49.63956792297757
2025-06-12 06:58:00,5.4
2025-06-12 10:22:00,68.0
2025-06-12 14:44:00,79.3
2025-06-12 20:36:00,43.4
2025-06-12 22:36:00,49.63956792297757
2025-06-12 12:38:00,21.2
2025-06-12 16:27:00,12.8
2025-06-12 07:36:00,55.5
2025-06-12 23:59:00,49.63956792297757
2025-06-12 11:39:00,28.2
2025-06-12 11:13:00,66.7
2025-06-12 06:16:00,81.5
2025-06-12 14:58:00,19.5
2025-06-12 20:51:00,71.3
2025-06-12 08:34:00,29.5
2025-06-12 05:50:00,21.0
2025-06-12 10:59:00,54.6
2025-06-12 18:05:00,13.7
2025-06-12 13:00:00,83.5
2025-06-12 19:45:00,61.4
2025-06-12 07:56:00,41.7
2025-06-12 04:45:00,19.3
2025-06-12 16:12:00,92.4
2025-06-12 23:01:00,49.63956792297757
2025-06-12 12:09:00,60.3
2025-06-12 10:24:00,96.8
2025-06-12 19:37:00,92.7
2025-06-12 19:00:00,93.5
2025-06-12 15:06:00,17.0
2025-06-12 11:47:00,82.3
2025-06-12 12:24:00,41.9
2025-06-12 10:04:00,0.0
2025-06-12 23:55:00,49.63956792297757
2025-06-12 05:18:00,57.3
2025-06-12 09:15:00,58.6
2025-06-12 04:04:00,5.5
2025-06-12 13:25:00,58.8
2025-06-12 01:03:00,49.63956792297757
2025-06-12 11:23:00,49.63956792297757
2025-06-12 06:53:00,91.7
2025-06-12 02:37:00,38.2
2025-06-12 05:55:00,85.2
2025-06-12 23:00:00,0.5
2025-06-12 00:33:00,86.6
2025-06-12 04:12:00,16.8
2025-06-12 15:00:00,7.9
2025-06-12 15:52:00,95.8
2025-06-12 09:24:00,97.0
2025-06-12 21:36:00,76.1
2025-06-12 03:52:00,24.6
2025-06-12 01:01:00,81.5
2025-06-12 15:45:00,79.9
2025-06-12 06:18:00,49.63956792297757
2025-06-12 13:51:00,80.3
2025-06-12 06:22:00,77.1
2025-06-12 21:39:00,49.63956792297757
2025-06-12 08:17:00,48.0
2025-06-12 07:02:00,1.2
2025-06-12 06:13:00,58.2
2025-06-12 16:30:00,4.6
2025-06-12 04:54:00,34.3
2025-06-12 04:48:00,38.2
2025-06-12 04:31:00,98.6
2025-06-12 15:12:00,49.63956792297757
2025-06-12 17:45:00,73.9
2025-06-12 08:14:00,15.6
2025-06-12 22:09:00,49.63956792297757
2025-06-12 15:36:00,97.2
2025-06-12 22:23:00,55.2
2025-06-12 09:37:00,28.7
2025-06-12 19:30:00,49.63956792297757
2025-06-12 18:07:00,91.4
2025-06-12 18:58:00,49.63956792297757
2025-06-12 04:00:00,4.7
2025-06-12 02:33:00,16.2
2025-06-12 10:32:00,70.1
2025-06-12 11:14:00,19.5
2025-06-12 23:28:00,87.8
2025-06-12 08:44:00,57.6
2025-06-12 03:56:00,1.6
2025-06-12 09:48:00,69.5
2025-06-12 20:28:00,54.6
2025-06-12 01:04:00,82.9
2025-06-12 20:16:00,30.8
2025-06-12 14:53:00,37.4
2025-06-12 16:07:00,78.6
2025-06-12 01:30:00,77.0
2025-06-12 06:41:00,30.7
2025-06-12 18:55:00,18.2
2025-06-12 18:41:00,8.1
2025-06-12 05:34:00,65.6
2025-06-12 11:11:00,49.63956792297757
2025-06-12 20:44:00,3.7
2025-06-12 01:51:00,49.63956792297757
2025-06-12 05:16:00,69.0
2025-06-12 13:26:00,3.1
2025-06-12 08:43:00,49.63956792297757
2025-06-12 21:05:00,49.63956792297757
2025-06-12 21:47:00,88.0
2025-06-12 19:23:00,5.6
2025-06-12 07:08:00,84.1
2025-06-12 00:12:00,63.7
2025-06-12 07:07:00,93.5
2025-06-12 09:01:00,15.4
2025-06-12 18:17:00,23.6
2025-06-12 03:42:00,56.3
2025-06-12 03:28:00,79.3
2025-06-12 01:59:00,59.0
2025-06-12 05:07:00,60.9
2025-06-12 15:51:00,15.4
2025-06-12 15:49:00,48.2
2025-06-12 13:59:00,31.4
2025-06-12 13:55:00,52.2
2025-06-12 18:33:00,56.8
2025-06-12 03:40:00,49.63956792297757
2025-06-12 12:14:00,3.0
2025-06-12 10:25:00,39.9
2025-06-12 00:23:00,19.8
2025-06-12 23:17:00,10.7
2025-06-12 09:19:00,73.4
2025-06-12 11:49:00,37.6
2025-06-12 12:59:00,49.63956792297757
2025-06-12 23:38:00,57.8
2025-06-12 21:08:00,28.9
2025-06-12 02:59:00,41.3
2025-06-12 03:45:00,64.6
2025-06-12 13:40:00,64.7
2025-06-12 14:37:00,49.8
2025-06-12 12:51:00,88.4
2025-06-12 05:06:00,50.29152382078261
2025-06-12 02:47:00,51.4
2025-06-12 01:20:00,72.9
2025-06-12 16:46:00,82.7
2025-06-12 01:35:00,64.0
2025-06-12 19:38:00,87.2
2025-06-12 15:48:00,20.2
2025-06-12 07:19:00,10.7
2025-06-12 04:11:00,48.2
2025-06-12 19:32:00,66.4
2025-06-12 02:06:00,39.6
2025-06-12 00:33:00,79.9
2025-06-12 02:02:00,55.0
2025-06-12 00:52:00,48.3
2025-06-12 18:01:00,94.8
2025-06-12 18:20:00,77.7
2025-06-12 18:21:00,85.6
2025-06-12 14:34:00,91.0
2025-06-12 11:50:00,5.7
2025-06-12 18:39:00,82.6
2025-06-12 16:56:00,40.7
2025-06-12 03:37:00,10.4
2025-06-12 02:51:00,50.29152382078261
2025-06-12 22:32:00,20.9
2025-06-12 14:19:00,89.8
2025-06-12 11:20:00,80.3
2025-06-12 21:11:00,87.0
2025-06-12 01:51:00,6.7
2025-06-12 20:13:00,8.0
2025-06-12 17:49:00,98.1
2025-06-12 05:40:00,39.4
2025-06-12 13:16:00,73.4
2025-06-12 02:35:00,29.0
2025-06-12 01:49:00,65.9
2025-06-12 14:17:00,50.29152382078261
2025-06-12 00:12:00,59.6
2025-06-12 22:13:00,30.1
2025-06-12 14:48:00,64.7
2025-06-12 18:16:00,34.5
2025-06-12 03:51:00,32.9
2025-06-12 22:52:00,43.6
2025-06-12 19:24:00,46.9
2025-06-12 13:45:00,50.29152382078261
2025-06-12 17:43:00,91.9
2025-06-12 19:12:00,50.29152382078261
2025-06-12 06:11:00,35.1
2025-06-12 15:39:00,67.6
2025-06-12 09:47:00,3.9
2025-06-12 00:19:00,26.0
2025-06-12 13:53:00,65.3
2025-06-12 12:37:00,2.9
2025-06-12 04:21:00,90.0
2025-06-12 15:41:00,99.9
2025-06-12 10:32:00,24.0
2025-06-12 16:07:00,42.3
2025-06-12 23:58:00,15.5
2025-06-12 09:35:00,71.6
2025-06-12 13:46:00,59.7
2025-06-12 21:16:00,64.3
2025-06-12 16:53:00,69.2
2025-06-12 09:55:00,37.8
2025-06-12 20:33:00,22.8
2025-06-12 07:11:00,91.6
2025-06-12 01:43:00,62.1
2025-06-12 10:33:00,96.3
2025-06-12 10:26:00,0.7
2025-06-12 17:12:00,98.9
2025-06-12 15:00:00,91.2
2025-06-12 15:11:00,79.6
2025-06-12 12:07:00,62.6
2025-06-12 20:24:00,86.9
2025-06-12 00:05:00,70.1
2025-06-12 22:07:00,50.29152382078261
2025-06-12 18:27:00,45.1
2025-06-12 09:26:00,50.29152382078261
2025-06-12 11:25:00,26.8
2025-06-12 01:33:00,83.2
2025-06-12 14:30:00,50.29152382078261
2025-06-12 07:27:00,61.6
2025-06-12 14:09:00,50.29152382078261
2025-06-12 06:38:00,50.29152382078261
2025-06-12 04:53:00,15.8
2025-06-12 05:09:00,70.7
2025-06-12 22:15:00,50.29152382078261
2025-06-12 10:20:00,9.0
2025-06-12 17:54:00,7.0
2025-06-12 03:42:00,43.6
2025-06-12 09:45:00,9.8
2025-06-12 15:40:00,66.6
2025-06-12 02:52:00,50.29152382078261
2025-06-12 07:15:00,71.8
2025-06-12 07:50:00,50.29152382078261
2025-06-12 00:06:00,67.8
2025-06-12 02:23:00,31.5
2025-06-12 19:22:00,72.0
2025-06-12 16:27:00,30.0
2025-06-12 19:06:00,51.6
2025-06-12 15:30:00,98.3
2025-06-12 05:07:00,50.29152382078261
2025-06-12 03:41:00,21.7
2025-06-12 09:59:00,30.4
2025-06-12 04:39:00,50.29152382078261
2025-06-12 12:14:00,84.8
2025-06-12 11:26:00,50.29152382078261
2025-06-12 13:08:00,74.7
2025-06-12 07:06:00,52.4
2025-06-12 06:00:00,41.8
2025-06-12 04:10:00,60.6
2025-06-12 03:28:00,30.9
2025-06-12 02:30:00,47.4
2025-06-12 18:09:00,23.2
2025-06-12 13:09:00,61.1
2025-06-12 07:57:00,42.7
2025-06-12 22:16:00,93.4
2025-06-12 00:40:00,14.4
2025-06-12 12:48:00,19.4
2025-06-12 20:02:00,93.7
2025-06-12 17:33:00,78.2
2025-06-12 04:05:00,44.3
2025-06-12 12:25:00,64.6
2025-06-12 00:43:00,50.29152382078261
2025-06-12 21:13:00,27.4
2025-06-12 10:07:00,46.3
2025-06-12 21:07:00,45.4
2025-06-12 14:04:00,91.0
2025-06-12 18:17:00,50.29152382078261
2025-06-12 20:48:00,4.8
2025-06-12 18:19:00,37.9
2025-06-12 00:25:00,59.7
2025-06-12 08:55:00,50.0
2025-06-12 21:32:00,67.5
2025-06-12 09:17:00,50.29152382078261
2025-06-12 05:22:00,62.5
2025-06-12 09:37:00,19.6
2025-06-12 13:01:00,63.1
2025-06-12 21:10:00,10.2
2025-06-12 02:42:00,6.2
2025-06-12 07:18:00,50.29152382078261
2025-06-12 01:36:00,50.29152382078261
2025-06-12 02:11:00,47.3
2025-06-12 22:10:00,50.29152382078261
2025-06-12 19:37:00,52.0
2025-06-12 14:08:00,29.3
2025-06-12 01:47:00,10.3
2025-06-12 23:29:00,1.9
2025-06-12 09:58:00,44.5
2025-06-12 09:09:00,50.29152382078261
2025-06-12 03:46:00,66.6
2025-06-12 23:04:00,65.9
2025-06-12 20:25:00,63.4
2025-06-12 17:31:00,20.8
2025-06-12 17:03:00,47.2
2025-06-12 04:22:00,30.4
2025-06-12 10:39:00,34.8
2025-06-12 17:57:00,13.8
2025-06-12 01:27:00,50.29152382078261
2025-06-12 18:52:00,50.29152382078261
2025-06-12 02:07:00,25.9
2025-06-12 06:30:00,88.4
2025-06-12 01:38:00,99.3
2025-06-12 11:51:00,74.6
2025-06-12 21:36:00,32.3
2025-06-12 21:24:00,23.8
2025-06-12 02:59:00,65.2
2025-06-12 12:39:00,56.5
2025-06-12 10:22:00,3.0
2025-06-12 12:08:00,27.8
2025-06-12 21:27:00,69.6
2025-06-12 11:47:00,50.29152382078261
2025-06-12 00:20:00,50.29152382078261
2025-06-12 12:32:00,38.9
2025-06-12 20:58:00,62.1
2025-06-12 00:56:00,89.8
2025-06-12 03:24:00,50.29152382078261
2025-06-12 02:54:00,62.2
2025-06-12 19:48:00,46.4
2025-06-12 04:34:00,50.29152382078261
2025-06-12 13:17:00,50.29152382078261
2025-06-12 02:04:00,65.7
2025-06-12 14:24:00,62.2
2025-06-12 23:09:00,2.7
2025-06-12 23:26:00,33.0
2025-06-12 19:33:00,67.2
2025-06-12 08:43:00,50.29152382078261
2025-06-12 13:14:00,21.7
2025-06-12 09:15:00,11.0
2025-06-12 12:22:00,52.4
2025-06-12 14:11:00,50.29152382078261
2025-06-12 13:30:00,49.8
2025-06-12 19:57:00,50.29152382078261
2025-06-12 22:42:00,1.5
2025-06-12 03:30:00,36.6
2025-06-12 10:31:00,32.9
2025-06-12 07:10:00,64.8
2025-06-12 13:59:00,48.9
2025-06-12 12:28:00,62.0
2025-06-12 22:26:00,50.29152382078261
2025-06-12 22:55:00,62.3
2025-06-12 05:50:00,25.3
2025-06-12 20:45:00,20.9
2025-06-12 09:20:00,29.9
2025-06-12 11:55:00,88.6
2025-06-12 04:33:00,46.7
2025-06-12 09:57:00,35.1
2025-06-12 23:35:00,21.7
2025-06-12 10:06:00,74.0
2025-06-12 04:47:00,17.8
2025-06-12 10:05:00,76.4
2025-06-12 07:33:00,97.7
2025-06-12 08:14:00,50.29152382078261
2025-06-12 05:27:00,32.1
2025-06-12 22:59:00,50.29152382078261
2025-06-12 12:23:00,2.7
2025-06-12 09:56:00,51.1
2025-06-12 03:20:00,28.3
2025-06-12 03:26:00,11.1
2025-06-12 05:04:00,50.29152382078261
2025-06-12 07:40:00,30.0
2025-06-12 22:33:00,24.9
2025-06-12 04:14:00,50.29152382078261
2025-06-12 15:53:00,8.3
2025-06-12 03:01:00,53.3
2025-06-12 00:55:00,49.1
2025-06-12 03:44:00,65.0
2025-06-12 05:21:00,43.1
2025-06-12 10:14:00,44.6
2025-06-12 01:10:00,66.2
2025-06-12 23:01:00,29.3
2025-06-12 04:56:00,50.29152382078261
2025-06-12 16:37:00,17.4
2025-06-12 03:10:00,8.7
2025-06-12 14:10:00,22.9
2025-06-12 23:59:00,74.8
2025-06-12 19:34:00,97.8
2025-06-12 12:50:00,77.7
2025-06-12 00:09:00,50.29152382078261
2025-06-12 06:52:00,17.8
2025-06-12 09:52:00,7.7
2025-06-12 05:57:00,90.4
2025-06-12 19:23:00,50.29152382078261
2025-06-12 17:22:00,22.3
2025-06-12 22:54:00,81.0
2025-06-12 01:56:00,78.5
2025-06-12 11:00:00,8.5
2025-06-12 17:05:00,17.1
2025-06-12 18:12:00,25.3
2025-06-12 11:49:00,80.4
2025-06-12 01:59:00,67.9
2025-06-12 18:33:00,50.29152382078261
2025-06-12 22:58:00,61.9
2025-06-12 00:54:00,49.0
2025-06-12 17:37:00,33.7
2025-06-12 21:59:00,45.4
2025-06-12 23:47:00,45.9
2025-06-12 15:49:00,52.5
2025-06-12 07:20:00,50.29152382078261
2025-06-12 08:16:00,50.29152382078261
2025-06-12 18:04:00,99.4
2025-06-12 14:55:00,50.29152382078261
2025-06-12 02:37:00,85.8
2025-06-12 18:30:00,35.0
2025-06-12 03:09:00,20.1
2025-06-12 15:34:00,10.2
2025-06-12 02:03:00,72.3
2025-06-12 10:13:00,93.8
2025-06-12 00:02:00,50.29152382078261
2025-06-12 05:08:00,95.8
2025-06-12 11:13:00,63.1
2025-06-12 23:32:00,81.1
2025-06-12 12:41:00,48.0
2025-06-12 17:44:00,92.5
2025-06-12 06:12:00,15.9
2025-06-12 01:21:00,19.2
2025-06-12 15:56:00,52.1
2025-06-12 18:59:00,40.1
2025-06-12 07:16:00,62.5
2025-06-12 20:11:00,53.0
2025-06-12 01:34:00,99.9
2025-06-12 03:13:00,62.0
2025-06-12 12:16:00,60.3
2025-06-12 17:36:00,25.4
2025-06-12 09:10:00,90.2
2025-06-12 05:49:00,63.9
2025-06-12 07:54:00,1.9
2025-06-12 08:03:00,6.1
2025-06-12 20:00:00,50.29152382078261
2025-06-12 19:15:00,97.7
2025-06-12 07:14:00,73.5
2025-06-12 05:10:00,58.9
2025-06-12 14:07:00,19.0
2025-06-12 15:14:00,50.29152382078261
2025-06-12 18:55:00,81.3
2025-06-12 19:51:00,12.2
2025-06-12 06:04:00,50.15830883217688
2025-06-12 18:43:00,92.7
2025-06-12 14:58:00,2.2
2025-06-12 19:42:00,80.5
2025-06-12 12:01:00,45.4
2025-06-12 07:25:00,15.7
2025-06-12 02:08:00,51.5
2025-06-12 17:31:00,3.7
2025-06-12 07:43:00,27.7
2025-06-12 22:12:00,13.3
2025-06-12 06:26:00,97.1
2025-06-12 04:18:00,77.3
2025-06-12 12:13:00,36.1
2025-06-12 21:20:00,38.6
2025-06-12 04:30:00,50.15830883217688
2025-06-12 05:10:00,1.3
2025-06-12 12:22:00,14.3
2025-06-12 01:56:00,41.1
2025-06-12 08:52:00,16.9
2025-06-12 02:58:00,50.15830883217688
2025-06-12 05:36:00,39.3
2025-06-12 00:40:00,42.6
2025-06-12 02:13:00,78.1
2025-06-12 19:02:00,50.15830883217688
2025-06-12 23:22:00,50.15830883217688
2025-06-12 03:16:00,88.0
2025-06-12 14:13:00,13.0
2025-06-12 00:51:00,9.5
2025-06-12 09:50:00,77.8
2025-06-12 21:43:00,93.4
2025-06-12 08:48:00,50.15830883217688
2025-06-12 09:59:00,18.6
2025-06-12 05:32:00,41.0
2025-06-12 14:16:00,97.0
2025-06-12 05:45:00,50.15830883217688
2025-06-12 01:08:00,82.5
2025-06-12 11:18:00,92.6
2025-06-12 18:33:00,97.5
2025-06-12 09:54:00,50.15830883217688
2025-06-12 05:21:00,20.2
2025-06-12 14:33:00,81.9
2025-06-12 18:44:00,99.1
2025-06-12 07:07:00,89.1
2025-06-12 09:57:00,58.8
2025-06-12 23:27:00,50.15830883217688
2025-06-12 12:32:00,32.2
2025-06-12 03:36:00,61.3
2025-06-12 13:12:00,45.5
2025-06-12 06:25:00,50.15830883217688
2025-06-12 20:50:00,38.4
2025-06-12 20:45:00,50.15830883217688
2025-06-12 22:10:00,49.9
2025-06-12 22:16:00,30.9
2025-06-12 09:40:00,86.0
2025-06-12 02:31:00,64.6
2025-06-12 08:00:00,50.15830883217688
2025-06-12 19:12:00,46.1
2025-06-12 18:27:00,50.15830883217688
2025-06-12 08:03:00,80.5
2025-06-12 18:23:00,51.3
2025-06-12 18:15:00,75.9
2025-06-12 05:09:00,3.3
2025-06-12 17:39:00,38.9
2025-06-12 12:24:00,21.4
2025-06-12 03:51:00,50.15830883217688
2025-06-12 00:38:00,50.15830883217688
2025-06-12 07:13:00,14.9
2025-06-12 10:12:00,66.1
2025-06-12 15:33:00,50.3
2025-06-12 07:22:00,47.0
2025-06-12 01:04:00,78.0
2025-06-12 02:07:00,20.1
2025-06-12 06:21:00,45.8
2025-06-12 04:07:00,3.9
2025-06-12 14:53:00,16.8
2025-06-12 23:39:00,74.7
2025-06-12 08:26:00,63.8
2025-06-12 02:42:00,59.2
2025-06-12 06:53:00,54.9
2025-06-12 16:42:00,72.1
2025-06-12 12:17:00,50.15830883217688
2025-06-12 19:01:00,37.4
2025-06-12 06:40:00,62.4
2025-06-12 07:42:00,12.0
2025-06-12 18:07:00,0.6
2025-06-12 16:51:00,90.6
2025-06-12 04:23:00,45.8
2025-06-12 04:04:00,99.9
2025-06-12 22:59:00,97.5
2025-06-12 05:18:00,28.4
2025-06-12 17:12:00,61.7
2025-06-12 18:47:00,89.4
2025-06-12 18:51:00,93.9
2025-06-12 19:18:00,99.0
2025-06-12 05:48:00,71.1
2025-06-12 06:16:00,50.15830883217688
2025-06-12 05:22:00,50.15830883217688
2025-06-12 05:54:00,37.3
2025-06-12 18:10:00,8.6
2025-06-12 12:33:00,6.2
2025-06-12 21:25:00,19.9
2025-06-12 10:57:00,50.15830883217688
2025-06-12 22:20:00,44.5
2025-06-12 12:50:00,33.6
2025-06-12 00:11:00,47.2
2025-06-12 04:45:00,74.4
2025-06-12 13:55:00,4.5
2025-06-12 06:28:00,66.8
2025-06-12 03:10:00,10.3
2025-06-12 23:28:00,75.7
2025-06-12 04:58:00,59.4
2025-06-12 03:41:00,79.7
2025-06-12 21:08:00,58.0
2025-06-12 20:42:00,28.6
2025-06-12 21:04:00,50.15830883217688
2025-06-12 13:35:00,34.0
2025-06-12 04:10:00,55.2
2025-06-12 13:16:00,8.4
2025-06-12 07:20:00,43.1
2025-06-12 18:06:00,66.5
2025-06-12 07:14:00,65.5
2025-06-12 13:47:00,28.7
2025-06-12 03:01:00,51.8
2025-06-12 21:50:00,7.9
2025-06-12 07:28:00,97.7
2025-06-12 07:00:00,15.9
2025-06-12 23:51:00,1.3
2025-06-12 06:45:00,8.0
2025-06-12 11:31:00,61.8
2025-06-12 01:10:00,5.6
2025-06-12 05:42:00,6.1
2025-06-12 16:39:00,48.3
2025-06-12 21:58:00,30.6
2025-06-12 17:36:00,95.8
2025-06-12 09:30:00,36.7
2025-06-12 20:49:00,55.7
2025-06-12 09:32:00,50.15830883217688
2025-06-12 00:28:00,50.15830883217688
2025-06-12 10:29:00,24.6
2025-06-12 16:46:00,67.8
2025-06-12 07:16:00,50.15830883217688
2025-06-12 03:05:00,42.7
2025-06-12 16:08:00,90.8
2025-06-12 02:22:00,24.2
2025-06-12 00:13:00,56.2
2025-06-12 07:56:00,38.5
2025-06-12 22:50:00,85.0
2025-06-12 23:36:00,92.8
2025-06-12 01:35:00,32.3
2025-06-12 09:29:00,84.9
2025-06-12 16:20:00,15.5
2025-06-12 11:39:00,46.7
2025-06-12 23:05:00,81.7
2025-06-12 10:48:00,50.15830883217688
2025-06-12 07:17:00,29.5
2025-06-12 00:21:00,62.4
2025-06-12 17:18:00,79.7
2025-06-12 17:33:00,90.8
2025-06-12 10:14:00,3.2
2025-06-12 17:00:00,8.8
2025-06-12 07:46:00,74.6
2025-06-12 05:15:00,33.4
2025-06-12 15:08:00,60.7
2025-06-12 00:18:00,95.0
2025-06-12 13:11:00,49.3
2025-06-12 19:23:00,50.15830883217688
2025-06-12 17:28:00,44.9
2025-06-12 16:15:00,25.8
2025-06-12 06:55:00,96.6
2025-06-12 00:29:00,59.5
2025-06-12 21:32:00,50.15830883217688
2025-06-12 22:39:00,77.9
2025-06-12 01:32:00,83.5
2025-06-12 15:16:00,97.0
2025-06-12 04:06:00,14.3
2025-06-12 20:56:00,86.7
2025-06-12 14:00:00,84.5
2025-06-12 08:39:00,58.1
2025-06-12 23:49:00,29.2
2025-06-12 07:24:00,92.2
2025-06-12 20:48:00,54.5
2025-06-12 17:05:00,98.8
2025-06-12 19:17:00,12.3
2025-06-12 20:18:00,50.15830883217688
2025-06-12 17:19:00,50.15830883217688
2025-06-12 18:36:00,22.0
2025-06-12 08:49:00,43.4
2025-06-12 18:45:00,48.1
2025-06-12 00:50:00,79.5
2025-06-12 10:23:00,41.1
2025-06-12 14:19:00,71.0
2025-06-12 01:18:00,55.1
2025-06-12 17:35:00,50.15830883217688
2025-06-12 19:56:00,57.2
2025-06-12 22:52:00,92.8
2025-06-12 06:42:00,84.5
2025-06-12 20:28:00,84.2
2025-06-12 04:28:00,25.8
2025-06-12 05:07:00,50.15830883217688
2025-06-12 16:02:00,43.5
2025-06-12 10:32:00,74.3
2025-06-12 12:56:00,9.7
2025-06-12 11:11:00,2.9
2025-06-12 08:15:00,70.0
2025-06-12 06:13:00,50.15830883217688
2025-06-12 09:51:00,78.8
2025-06-12 19:55:00,59.5
2025-06-12 01:46:00,90.1
2025-06-12 01:44:00,46.2
2025-06-12 11:57:00,39.2
2025-06-12 23:29:00,6.6
2025-06-12 20:43:00,39.8
2025-06-12 03:06:00,50.15830883217688
2025-06-12 12:59:00,8.4
2025-06-12 03:20:00,69.2
2025-06-12 12:16:00,50.15830883217688
2025-06-12 05:28:00,86.4
2025-06-12 07:59:00,90.7
2025-06-12 22:28:00,64.9
2025-06-12 21:52:00,66.7
2025-06-12 03:38:00,54.0
2025-06-12 21:10:00,1.3
2025-06-12 00:33:00,43.6
2025-06-12 19:31:00,59.0
2025-06-12 03:46:00,50.15830883217688
2025-06-12 22:47:00,48.5
2025-06-12 17:14:00,83.4
2025-06-12 08:18:00,61.7
2025-06-12 20:35:00,6.5
2025-06-12 06:18:00,80.5
2025-06-12 09:18:00,86.3
2025-06-12 09:05:00,37.2
2025-06-12 21:28:00,39.2
2025-06-12 13:57:00,40.0
2025-06-12 21:18:00,75.4
2025-06-12 14:50:00,98.8
2025-06-12 17:03:00,56.9
2025-06-12 19:33:00,72.5
2025-06-12 01:06:00,37.6
2025-06-12 04:56:00,50.15830883217688
2025-06-12 11:16:00,50.15830883217688
2025-06-12 22:05:00,30.0
2025-06-12 11:33:00,69.3
2025-06-12 03:34:00,32.8
2025-06-12 16:17:00,16.6
2025-06-12 13:31:00,50.15830883217688
2025-06-12 05:44:00,12.8
2025-06-12 08:58:00,28.3
2025-06-12 17:52:00,66.4
2025-06-12 19:35:00,27.1
2025-06-12 04:14:00,97.5
2025-06-12 03:23:00,85.2
2025-06-12 19:03:00,4.7
2025-06-12 06:12:00,50.15830883217688
2025-06-12 07:09:00,81.9
2025-06-12 06:09:00,86.8
2025-06-12 01:30:00,17.4
2025-06-12 15:42:00,50.15830883217688
2025-06-12 12:03:00,59.8
2025-06-12 11:43:00,50.15830883217688
2025-06-12 05:27:00,25.2
2025-06-12 10:03:00,70.5
2025-06-12 13:37:00,85.5
2025-06-12 08:55:00,97.2
2025-06-12 10:09:00,22.4
2025-06-12 19:45:00,8.3
2025-06-12 11:07:00,50.15830883217688
2025-06-12 15:15:00,82.9
2025-06-12 06:44:00,61.0
2025-06-12 15:32:00,75.3
2025-06-12 19:38:00,69.4
2025-06-12 03:17:00,42.9
2025-06-12 00:44:00,45.2
2025-06-12 13:54:00,50.15830883217688
2025-06-12 01:07:00,92.1
2025-06-12 09:04:00,83.2
2025-06-12 03:12:00,89.1
2025-06-12 06:05:00,40.7
2025-06-12 19:19:00,68.8
2025-06-12 05:57:00,92.9
2025-06-12 06:46:00,50.15830883217688
2025-06-12 08:10:00,94.9
2025-06-12 08:36:00,81.2
2025-06-12 21:41:00,42.3
2025-06-12 23:53:00,46.9
2025-06-12 09:27:00,16.9
2025-06-12 19:13:00,52.2
2025-06-12 05:59:00,85.0
2025-06-12 07:21:00,29.6
2025-06-12 09:11:00,15.9
2025-06-12 20:36:00,12.8
2025-06-12 06:19:00,76.9
2025-06-12 00:42:00,63.4
2025-06-12 03:22:00,98.4
2025-06-12 14:02:00,32.1
2025-06-12 10:06:00,3.4
2025-06-12 18:39:00,51.2
2025-06-12 13:06:00,36.5
2025-06-12 21:22:00,61.6
2025-06-12 02:30:00,31.5
2025-06-12 10:44:00,68.5
2025-06-12 02:12:00,4.6
2025-06-12 13:43:00,50.5
2025-06-12 03:18:00,50.8
2025-06-12 08:57:00,75.9
2025-06-12 07:11:00,19.9
2025-06-12 22:45:00,20.9
2025-06-12 14:51:00,83.4
2025-06-12 13:17:00,50.05645730416373
2025-06-12 18:18:00,47.7
2025-06-12 10:43:00,52.3
2025-06-12 01:47:00,36.0
2025-06-12 10:14:00,62.1
2025-06-12 09:55:00,50.05645730416373
2025-06-12 07:00:00,40.3
2025-06-12 14:13:00,1.5
2025-06-12 11:30:00,25.3
2025-06-12 08:54:00,80.8
2025-06-12 17:34:00,80.2
2025-06-12 22:40:00,64.2
2025-06-12 06:13:00,88.4
2025-06-12 03:56:00,41.7
2025-06-12 02:16:00,17.3
2025-06-12 04:16:00,47.6
2025-06-12 21:14:00,7.9
2025-06-12 07:05:00,50.05645730416373
2025-06-12 01:50:00,41.1
2025-06-12 23:32:00,9.2
2025-06-12 11:52:00,28.0
2025-06-12 23:50:00,47.1
2025-06-12 15:22:00,3.9
2025-06-12 16:00:00,87.0
2025-06-12 00:44:00,73.7
2025-06-12 16:10:00,72.3
2025-06-12 14:14:00,5.2
2025-06-12 19:45:00,55.2
2025-06-12 02:54:00,50.05645730416373
2025-06-12 22:42:00,81.9
2025-06-12 12:02:00,50.05645730416373
2025-06-12 18:55:00,50.05645730416373
2025-06-12 18:44:00,50.9
2025-06-12 02:50:00,25.6
2025-06-12 10:27:00,50.05645730416373
2025-06-12 10:45:00,58.5
2025-06-12 15:17:00,36.6
2025-06-12 08:28:00,17.8
2025-06-12 11:45:00,45.4
2025-06-12 03:12:00,42.9
2025-06-12 23:58:00,50.05645730416373
2025-06-12 22:56:00,64.3
2025-06-12 22:08:00,31.8
2025-06-12 20:29:00,50.05645730416373
2025-06-12 06:22:00,85.3
2025-06-12 00:47:00,37.4
2025-06-12 00:35:00,79.9
2025-06-12 14:30:00,47.9
2025-06-12 21:49:00,69.3
2025-06-12 20:49:00,50.05645730416373
2025-06-12 14:47:00,68.6
2025-06-12 23:07:00,17.7
2025-06-12 06:52:00,59.1
2025-06-12 19:24:00,75.8
2025-06-12 02:09:00,68.1
2025-06-12 12:27:00,58.4
2025-06-12 20:22:00,50.05645730416373
2025-06-12 06:17:00,50.05645730416373
2025-06-12 20:32:00,56.9
2025-06-12 17:01:00,85.7
2025-06-12 04:06:00,19.9
2025-06-12 12:23:00,41.1
2025-06-12 06:39:00,57.0
2025-06-12 03:51:00,44.6
2025-06-12 13:08:00,73.1
2025-06-12 04:37:00,90.5
2025-06-12 04:25:00,30.6
2025-06-12 11:03:00,26.9
2025-06-12 03:21:00,76.1
2025-06-12 22:24:00,69.7
2025-06-12 03:09:00,83.9
2025-06-12 22:20:00,30.9
2025-06-12 12:04:00,22.5
2025-06-12 22:15:00,28.7
2025-06-12 23:30:00,80.1
2025-06-12 22:01:00,93.3
2025-06-12 21:06:00,50.05645730416373
2025-06-12 01:33:00,17.5
2025-06-12 04:48:00,47.1
2025-06-12 19:34:00,99.7
2025-06-12 18:17:00,39.3
2025-06-12 11:25:00,24.8
2025-06-12 14:42:00,97.3
2025-06-12 03:11:00,39.1
2025-06-12 16:29:00,50.05645730416373
2025-06-12 06:33:00,50.05645730416373
2025-06-12 22:09:00,50.05645730416373
2025-06-12 18:16:00,94.8
2025-06-12 03:16:00,60.1
2025-06-12 16:36:00,31.6
2025-06-12 18:32:00,95.5
2025-06-12 17:30:00,60.3
2025-06-12 22:29:00,64.7
2025-06-12 09:17:00,25.1
2025-06-12 11:59:00,50.05645730416373
2025-06-12 10:26:00,26.4
2025-06-12 16:40:00,76.3
2025-06-12 09:07:00,80.2
2025-06-12 12:06:00,19.2
2025-06-12 18:47:00,22.2
2025-06-12 11:11:00,43.6
2025-06-12 04:07:00,73.9
2025-06-12 17:40:00,95.8
2025-06-12 08:37:00,93.6
2025-06-12 01:11:00,43.6
2025-06-12 21:34:00,60.1
2025-06-12 16:20:00,23.2
2025-06-12 12:52:00,5.3
2025-06-12 17:38:00,12.7
2025-06-12 14:44:00,49.5
2025-06-12 13:14:00,50.05645730416373
2025-06-12 08:16:00,86.4
2025-06-12 13:28:00,20.4
2025-06-12 05:41:00,13.8
2025-06-12 08:17:00,51.2
2025-06-12 03:20:00,72.6
2025-06-12 14:57:00,50.05645730416373
2025-06-12 05:37:00,37.0
2025-06-12 15:53:00,64.5
2025-06-12 11:01:00,2.8
2025-06-12 07:10:00,47.0
2025-06-12 11:43:00,93.3
2025-06-12 20:31:00,91.6
2025-06-12 09:56:00,13.4
2025-06-12 05:58:00,95.3
2025-06-12 14:20:00,50.05645730416373
2025-06-12 01:38:00,6.6
2025-06-12 05:17:00,56.3
2025-06-12 02:44:00,92.7
2025-06-12 08:43:00,49.2
2025-06-12 19:17:00,55.5
2025-06-12 23:23:00,97.4
2025-06-12 13:35:00,11.6
2025-06-12 23:13:00,87.8
2025-06-12 16:39:00,15.8
2025-06-12 02:34:00,61.3
2025-06-12 07:25:00,51.6
2025-06-12 12:49:00,21.9
2025-06-12 08:21:00,29.2
2025-06-12 18:58:00,11.3
2025-06-12 07:38:00,47.9
2025-06-12 15:39:00,9.5
2025-06-12 07:45:00,7.9
2025-06-12 03:01:00,16.4
2025-06-12 18:00:00,59.3
2025-06-12 14:03:00,16.5
2025-06-12 12:39:00,28.2
2025-06-12 01:13:00,50.05645730416373
2025-06-12 04:33:00,50.05645730416373
2025-06-12 04:13:00,89.7
2025-06-12 06:29:00,32.8
2025-06-12 14:23:00,20.3
2025-06-12 02:31:00,50.05645730416373
2025-06-12 07:04:00,68.8
2025-06-12 06:35:00,33.6
2025-06-12 16:19:00,85.4
2025-06-12 08:30:00,50.05645730416373
2025-06-12 10:00:00,77.8
2025-06-12 04:40:00,50.05645730416373
2025-06-12 21:05:00,15.9
2025-06-12 15:59:00,92.1
2025-06-12 01:42:00,87.2
2025-06-12 01:56:00,60.1
2025-06-12 20:13:00,31.1
2025-06-12 13:21:00,63.3
2025-06-12 21:33:00,5.1
2025-06-12 00:07:00,38.8
2025-06-12 19:42:00,50.05645730416373
2025-06-12 01:21:00,31.6
2025-06-12 08:42:00,28.7
2025-06-12 18:43:00,35.9
2025-06-12 09:48:00,49.7
2025-06-12 19:00:00,43.5
2025-06-12 15:18:00,50.05645730416373
2025-06-12 07:54:00,50.05645730416373
2025-06-12 19:23:00,35.4
2025-06-12 11:26:00,12.4
2025-06-12 03:14:00,21.6
2025-06-12 05:16:00,71.8
2025-06-12 21:47:00,74.7
2025-06-12 14:08:00,50.05645730416373
2025-06-12 22:50:00,38.4
2025-06-12 22:07:00,80.3
2025-06-12 18:41:00,1.9
2025-06-12 15:51:00,50.05645730416373
2025-06-12 15:52:00,69.5
2025-06-12 19:26:00,50.05645730416373
2025-06-12 08:22:00,68.0
2025-06-12 16:41:00,50.05645730416373
2025-06-12 00:52:00,2.8
2025-06-12 00:22:00,50.05645730416373
2025-06-12 09:16:00,83.5
2025-06-12 04:11:00,97.0
2025-06-12 09:35:00,27.4
2025-06-12 01:15:00,35.3
2025-06-12 09:37:00,71.5
2025-06-12 00:10:00,76.5
2025-06-12 06:58:00,90.1
2025-06-12 11:41:00,58.3
2025-06-12 20:53:00,0.7
2025-06-12 05:19:00,18.9
2025-06-12 16:54:00,50.05645730416373
2025-06-12 11:37:00,27.3
2025-06-12 14:28:00,50.05645730416373
2025-06-12 21:19:00,67.6
2025-06-12 19:21:00,46.6
2025-06-12 06:28:00,37.3
2025-06-12 01:48:00,67.8
2025-06-12 03:50:00,50.05645730416373
2025-06-12 21:04:00,98.1
2025-06-12 18:56:00,73.2
2025-06-12 21:43:00,58.7
2025-06-12 18:21:00,32.7
2025-06-12 13:15:00,61.5
2025-06-12 23:41:00,21.4
2025-06-12 05:51:00,16.5
2025-06-12 06:20:00,87.4
2025-06-12 13:05:00,56.6
2025-06-12 00:23:00,27.6
2025-06-12 18:39:00,56.5
2025-06-12 18:28:00,91.5
2025-06-12 02:57:00,50.05645730416373
2025-06-12 07:16:00,86.9
2025-06-12 00:14:00,4.7
2025-06-12 21:22:00,48.2
2025-06-12 04:08:00,18.3
2025-06-12 18:11:00,8.6
2025-06-12 10:38:00,1.2
2025-06-12 03:54:00,12.2
2025-06-12 00:01:00,89.9
2025-06-12 16:08:00,50.05645730416373
2025-06-12 10:11:00,39.3
2025-06-12 22:21:00,64.9
2025-06-12 23:57:00,7.1
2025-06-12 17:27:00,15.5
2025-06-12 16:52:00,75.6
2025-06-12 05:04:00,77.5
2025-06-12 01:23:00,63.1
2025-06-12 03:15:00,0.9
2025-06-12 03:52:00,50.05645730416373
2025-06-12 15:45:00,9.9
2025-06-12 23:29:00,50.05645730416373
2025-06-12 02:10:00,92.8
2025-06-12 23:53:00,58.2
2025-06-12 02:33:00,38.7
2025-06-12 03:57:00,50.05645730416373
2025-06-12 01:03:00,28.1
2025-06-12 20:25:00,72.1
2025-06-12 00:02:00,61.0
2025-06-12 19:15:00,24.9
2025-06-12 15:25:00,43.3
2025-06-12 07:07:00,73.3
2025-06-12 06:54:00,62.9
2025-06-12 16:18:00,60.1
2025-06-12 02:00:00,9.8
2025-06-12 23:02:00,50.05645730416373
2025-06-12 12:09:00,77.7
2025-06-12 19:58:00,28.4
2025-06-12 06:37:00,64.6
2025-06-12 15:44:00,40.8
2025-06-12 13:53:00,14.8
2025-06-12 11:07:00,28.6
2025-06-12 09:25:00,64.2
2025-06-12 15:35:00,31.3
2025-06-12 09:38:00,56.2
2025-06-12 00:36:00,3.7
2025-06-12 21:23:00,50.05645730416373
2025-06-12 23:42:00,67.8
2025-06-12 15:19:00,26.2
2025-06-12 03:04:00,37.7
2025-06-12 23:11:00,28.0
2025-06-12 20:58:00,66.4
2025-06-12 01:17:00,70.7
2025-06-12 06:19:00,59.1
2025-06-12 11:19:00,3.8
2025-06-12 05:57:00,7.9
2025-06-12 11:18:00,67.6
2025-06-12 18:03:00,34.8
2025-06-12 06:08:00,23.2
2025-06-12 11:02:00,50.05645730416373
2025-06-12 15:03:00,50.05645730416373
2025-06-12 17:08:00,50.05645730416373
2025-06-12 05:49:00,36.4
2025-06-12 02:58:00,64.5
2025-06-12 12:45:00,8.0
2025-06-12 11:05:00,21.4
2025-06-12 03:36:00,98.7
2025-06-12 21:25:00,55.2
2025-06-12 20:38:00,96.6
2025-06-12 14:18:00,24.1
2025-06-12 02:36:00,50.05645730416373
2025-06-12 19:36:00,68.1
2025-06-12 00:38:00,27.5
2025-06-12 22:28:00,99.1
2025-06-12 15:58:00,11.3
2025-06-12 15:50:00,85.0
2025-06-12 12:35:00,14.6
2025-06-12 13:09:00,87.8
2025-06-12 08:13:00,15.2
2025-06-12 01:51:00,43.3
2025-06-12 10:47:00,20.5
2025-06-12 16:04:00,10.8
2025-06-12 23:39:00,69.0
2025-06-12 05:39:00,40.8
2025-06-12 05:08:00,29.4
2025-06-12 08:27:00,38.3
2025-06-12 21:44:00,1.1
2025-06-12 10:24:00,20.3
2025-06-12 17:41:00,71.1
2025-06-12 14:58:00,49.90502819548872
2025-06-12 12:45:00,95.3
2025-06-12 01:00:00,84.1
2025-06-12 12:12:00,42.1
2025-06-12 12:34:00,49.90502819548872
2025-06-12 20:12:00,5.9
2025-06-12 08:58:00,98.1
2025-06-12 07:12:00,44.1
2025-06-12 13:03:00,5.7
2025-06-12 15:14:00,83.2
2025-06-12 15:48:00,26.8
2025-06-12 04:23:00,19.6
2025-06-12 18:24:00,72.0
2025-06-12 22:15:00,61.1
2025-06-12 01:28:00,28.3
2025-06-12 01:44:00,52.4
2025-06-12 07:32:00,49.90502819548872
2025-06-12 19:17:00,54.5
2025-06-12 10:51:00,49.0
2025-06-12 01:03:00,94.7
2025-06-12 22:46:00,5.8
2025-06-12 09:21:00,57.3
2025-06-12 22:39:00,49.90502819548872
2025-06-12 20:49:00,49.90502819548872
2025-06-12 14:40:00,68.5
2025-06-12 13:42:00,59.4
2025-06-12 02:08:00,62.5
2025-06-12 20:22:00,90.5
2025-06-12 03:35:00,49.90502819548872
2025-06-12 22:11:00,42.9
2025-06-12 03:50:00,11.8
2025-06-12 01:34:00,49.90502819548872
2025-06-12 16:35:00,27.7
2025-06-12 10:12:00,1.3
2025-06-12 01:05:00,14.2
2025-06-12 11:20:00,24.9
2025-06-12 08:32:00,53.2
2025-06-12 19:23:00,50.0
2025-06-12 09:29:00,42.7
2025-06-12 15:42:00,5.4
2025-06-12 09:34:00,76.8
2025-06-12 22:42:00,61.5
2025-06-12 14:06:00,11.8
2025-06-12 23:34:00,9.1
2025-06-12 10:14:00,49.90502819548872
2025-06-12 20:55:00,46.5
2025-06-12 10:42:00,4.5
2025-06-12 13:53:00,61.0
2025-06-12 23:11:00,84.9
2025-06-12 12:33:00,73.8
2025-06-12 09:47:00,33.7
2025-06-12 09:12:00,57.8
2025-06-12 06:18:00,49.90502819548872
2025-06-12 06:19:00,3.5
2025-06-12 17:23:00,49.90502819548872
2025-06-12 16:01:00,1.6
2025-06-12 07:03:00,27.1
2025-06-12 16:02:00,49.90502819548872
2025-06-12 16:40:00,85.6
2025-06-12 00:02:00,80.8
2025-06-12 07:08:00,58.9
2025-06-12 00:44:00,75.4
2025-06-12 05:55:00,47.0
2025-06-12 16:36:00,44.6
2025-06-12 04:49:00,8.4
2025-06-12 16:57:00,60.3
2025-06-12 14:24:00,23.3
2025-06-12 01:46:00,79.6
2025-06-12 09:08:00,63.1
2025-06-12 08:12:00,78.5
2025-06-12 12:20:00,46.3
2025-06-12 09:55:00,49.90502819548872
2025-06-12 21:01:00,52.9
2025-06-12 00:57:00,39.7
2025-06-12 19:50:00,70.0
2025-06-12 03:20:00,3.4
2025-06-12 15:07:00,49.90502819548872
2025-06-12 16:56:00,60.5
2025-06-12 04:25:00,49.90502819548872
2025-06-12 02:06:00,64.5
2025-06-12 03:38:00,49.90502819548872
2025-06-12 14:07:00,49.90502819548872
2025-06-12 19:48:00,5.0
2025-06-12 20:25:00,86.4
2025-06-12 04:50:00,34.5
2025-06-12 15:54:00,3.5
2025-06-12 19:42:00,89.7
2025-06-12 23:16:00,49.90502819548872
2025-06-12 14:37:00,3.3
2025-06-12 23:47:00,92.9
2025-06-12 05:43:00,19.6
2025-06-12 02:38:00,4.6
2025-06-12 20:26:00,68.1
2025-06-12 21:22:00,76.8
2025-06-12 08:27:00,80.0
2025-06-12 19:15:00,23.4
2025-06-12 11:53:00,51.7
2025-06-12 07:25:00,72.5
2025-06-12 17:34:00,39.0
2025-06-12 19:26:00,28.9
2025-06-12 03:22:00,80.8
2025-06-12 17:56:00,51.3
2025-06-12 11:03:00,49.90502819548872
2025-06-12 07:13:00,15.1
2025-06-12 01:33:00,89.1
2025-06-12 19:45:00,23.0
2025-06-12 20:51:00,17.6
2025-06-12 22:24:00,53.9
2025-06-12 14:18:00,89.2
2025-06-12 19:22:00,94.1
2025-06-12 06:26:00,49.90502819548872
2025-06-12 19:08:00,67.7
2025-06-12 18:41:00,94.7
2025-06-12 22:36:00,11.6
2025-06-12 05:40:00,29.1
2025-06-12 10:21:00,66.4
2025-06-12 11:59:00,59.1
2025-06-12 09:23:00,76.8
2025-06-12 19:24:00,92.2
2025-06-12 22:38:00,49.90502819548872
2025-06-12 15:09:00,29.7
2025-06-12 18:23:00,41.9
2025-06-12 18:59:00,49.90502819548872
2025-06-12 02:40:00,24.7
2025-06-12 19:31:00,9.3
2025-06-12 03:15:00,94.4
2025-06-12 12:02:00,70.4
2025-06-12 06:06:00,19.9
2025-06-12 06:36:00,86.0
2025-06-12 18:05:00,8.0
2025-06-12 10:05:00,49.90502819548872
2025-06-12 19:09:00,59.6
2025-06-12 16:05:00,97.6
2025-06-12 20:53:00,98.9
2025-06-12 09:39:00,49.90502819548872
2025-06-12 00:35:00,86.2
2025-06-12 05:13:00,54.4
2025-06-12 03:27:00,73.6
2025-06-12 17:07:00,84.0
2025-06-12 21:57:00,96.1
2025-06-12 10:55:00,89.4
2025-06-12 08:56:00,99.1
2025-06-12 18:46:00,47.0
2025-06-12 05:10:00,42.3
2025-06-12 06:01:00,14.4
2025-06-12 02:43:00,21.8
2025-06-12 22:13:00,29.3
2025-06-12 19:59:00,49.90502819548872
2025-06-12 22:43:00,92.5
2025-06-12 17:26:00,49.90502819548872
2025-06-12 19:13:00,32.2
2025-06-12 17:05:00,85.0
2025-06-12 10:20:00,4.0
2025-06-12 15:27:00,14.3
2025-06-12 08:43:00,36.1
2025-06-12 06:42:00,13.9
2025-06-12 09:44:00,31.6
2025-06-12 05:35:00,50.1
2025-06-12 21:04:00,11.3
2025-06-12 15:33:00,49.90502819548872
2025-06-12 09:46:00,49.90502819548872
2025-06-12 06:38:00,68.9
2025-06-12 02:10:00,29.8
2025-06-12 01:14:00,33.0
2025-06-12 03:02:00,24.5
2025-06-12 05:17:00,49.90502819548872
2025-06-12 05:23:00,49.90502819548872
2025-06-12 00:52:00,87.9
2025-06-12 08:17:00,83.2
2025-06-12 17:38:00,88.8
2025-06-12 00:22:00,90.2
2025-06-12 19:38:00,3.8
2025-06-12 06:12:00,88.0
2025-06-12 21:02:00,49.90502819548872
2025-06-12 23:18:00,61.2
2025-06-12 12:53:00,76.6
2025-06-12 20:38:00,63.0
2025-06-12 20:08:00,33.5
2025-06-12 13:20:00,0.2
2025-06-12 11:21:00,6.7
2025-06-12 11:48:00,16.2
2025-06-12 03:54:00,53.7
2025-06-12 01:18:00,13.2
2025-06-12 06:09:00,30.3
2025-06-12 15:55:00,19.5
2025-06-12 02:00:00,58.7
2025-06-12 16:54:00,60.3
2025-06-12 05:47:00,37.7
2025-06-12 01:11:00,80.8
2025-06-12 12:59:00,52.2
2025-06-12 10:23:00,32.6
2025-06-12 21:45:00,8.5
2025-06-12 10:11:00,49.90502819548872
2025-06-12 19:53:00,62.2
2025-06-12 05:01:00,41.8
2025-06-12 17:03:00,52.2
2025-06-12 19:30:00,29.7
2025-06-12 20:14:00,84.5
2025-06-12 20:50:00,48.0
2025-06-12 18:20:00,49.6
2025-06-12 21:56:00,39.3
2025-06-12 11:45:00,54.0
2025-06-12 13:05:00,15.3
2025-06-12 00:54:00,41.9
2025-06-12 20:01:00,96.3
2025-06-12 13:55:00,41.0
2025-06-12 23:57:00,70.0
2025-06-12 05:07:00,30.4
2025-06-12 22:50:00,88.9
2025-06-12 15:03:00,76.1
2025-06-12 20:16:00,70.5
2025-06-12 02:19:00,1.1
2025-06-12 08:04:00,35.3
2025-06-12 10:10:00,76.7
2025-06-12 11:30:00,76.4
2025-06-12 18:01:00,35.7
2025-06-12 15:18:00,25.3
2025-06-12 02:53:00,32.0
2025-06-12 06:02:00,55.0
2025-06-12 08:30:00,12.0
2025-06-12 15:17:00,8.4
2025-06-12 13:39:00,90.4
2025-06-12 16:28:00,83.9
2025-06-12 22:06:00,43.5
2025-06-12 22:00:00,49.90502819548872
2025-06-12 18:18:00,28.0
2025-06-12 07:07:00,49.90502819548872
2025-06-12 05:08:00,14.6
2025-06-12 23:26:00,11.5
2025-06-12 13:06:00,49.90502819548872
2025-06-12 03:29:00,29.2
2025-06-12 20:34:00,14.8
2025-06-12 22:44:00,75.1
2025-06-12 02:09:00,7.9
2025-06-12 01:15:00,49.90502819548872
2025-06-12 05:21:00,75.3
2025-06-12 17:54:00,45.7
2025-06-12 20:39:00,81.0
2025-06-12 06:31:00,49.90502819548872
2025-06-12 02:17:00,64.6
2025-06-12 17:14:00,32.9
2025-06-12 21:36:00,49.90502819548872
2025-06-12 12:52:00,57.0
2025-06-12 02:24:00,9.7
2025-06-12 21:49:00,49.90502819548872
2025-06-12 02:32:00,44.1
2025-06-12 00:27:00,47.6
2025-06-12 10:53:00,68.1
2025-06-12 19:57:00,40.3
2025-06-12 11:02:00,68.4
2025-06-12 23:58:00,87.2
2025-06-12 01:24:00,97.7
2025-06-12 22:54:00,56.3
2025-06-12 13:57:00,0.2
2025-06-12 15:34:00,19.2
2025-06-12 11:58:00,82.2
2025-06-12 09:24:00,57.9
2025-06-12 20:18:00,5.3
2025-06-12 10:43:00,35.4
2025-06-12 16:12:00,69.0
2025-06-12 21:25:00,44.3
2025-06-12 19:10:00,63.8
2025-06-12 22:58:00,34.0
2025-06-12 23:10:00,78.5
2025-06-12 16:32:00,71.4
2025-06-12 13:56:00,16.0
2025-06-12 20:06:00,19.3
2025-06-12 23:28:00,14.6
2025-06-12 11:17:00,49.90502819548872
2025-06-12 23:45:00,59.9
2025-06-12 03:00:00,51.9
2025-06-12 11:55:00,49.90502819548872
2025-06-12 08:33:00,7.2
2025-06-12 09:02:00,49.90502819548872
2025-06-12 09:26:00,3.9
2025-06-12 01:27:00,86.2
2025-06-12 00:43:00,35.6
2025-06-12 19:11:00,91.5
2025-06-12 03:44:00,52.7
2025-06-12 14:43:00,76.5
2025-06-12 01:04:00,49.90502819548872
2025-06-12 20:14:00,65.6
2025-06-12 14:43:00,80.8
2025-06-12 21:44:00,50.475078938135894
2025-06-12 02:21:00,40.3
2025-06-12 19:06:00,99.2
2025-06-12 16:14:00,85.5
2025-06-12 15:40:00,62.3
2025-06-12 22:29:00,66.5
2025-06-12 15:26:00,6.3
2025-06-12 12:54:00,76.2
2025-06-12 11:24:00,66.9
2025-06-12 19:12:00,85.2
2025-06-12 03:03:00,38.7
2025-06-12 16:23:00,32.4
2025-06-12 06:12:00,13.2
2025-06-12 06:57:00,73.6
2025-06-12 15:06:00,94.2
2025-06-12 17:38:00,50.475078938135894
2025-06-12 16:16:00,32.4
2025-06-12 01:52:00,73.6
2025-06-12 06:02:00,20.2
2025-06-12 02:10:00,50.475078938135894
2025-06-12 12:52:00,67.8
2025-06-12 18:41:00,64.1
2025-06-12 05:46:00,50.475078938135894
2025-06-12 01:08:00,65.7
2025-06-12 04:32:00,94.7
2025-06-12 01:04:00,84.4
2025-06-12 00:30:00,96.6
2025-06-12 18:27:00,50.475078938135894
2025-06-12 08:06:00,91.1
2025-06-12 13:13:00,1.1
2025-06-12 11:55:00,76.1
2025-06-12 20:01:00,50.475078938135894
2025-06-12 16:03:00,50.475078938135894
2025-06-12 18:51:00,0.7
2025-06-12 15:58:00,32.9
2025-06-12 21:56:00,55.9
2025-06-12 00:03:00,98.7
2025-06-12 06:06:00,98.0
2025-06-12 00:28:00,90.3
2025-06-12 19:31:00,50.2
2025-06-12 12:46:00,89.9
2025-06-12 19:04:00,50.475078938135894
2025-06-12 04:12:00,50.475078938135894
2025-06-12 06:42:00,61.2
2025-06-12 04:04:00,50.2
2025-06-12 16:52:00,16.3
2025-06-12 19:07:00,71.2
2025-06-12 07:44:00,18.1
2025-06-12 18:24:00,31.2
2025-06-12 09:22:00,87.5
2025-06-12 10:50:00,65.0
2025-06-12 22:41:00,39.3
2025-06-12 01:29:00,9.2
2025-06-12 22:09:00,50.475078938135894
2025-06-12 10:12:00,50.475078938135894
2025-06-12 13:04:00,89.0
2025-06-12 15:23:00,19.9
2025-06-12 22:33:00,98.7
2025-06-12 14:49:00,50.475078938135894
2025-06-12 07:19:00,45.7
2025-06-12 04:59:00,60.1
2025-06-12 13:06:00,69.1
2025-06-12 07:52:00,91.7
2025-06-12 22:16:00,22.0
2025-06-12 18:59:00,53.6
2025-06-12 18:55:00,23.7
2025-06-12 06:17:00,44.2
2025-06-12 05:39:00,12.7
2025-06-12 18:10:00,50.475078938135894
2025-06-12 19:28:00,99.5
2025-06-12 14:00:00,84.5
2025-06-12 00:43:00,67.4
2025-06-12 02:35:00,69.5
2025-06-12 20:18:00,19.9
2025-06-12 23:39:00,99.7
2025-06-12 05:38:00,43.4
2025-06-12 17:06:00,81.7
2025-06-12 13:55:00,89.7
2025-06-12 12:32:00,48.1
2025-06-12 20:07:00,50.475078938135894
2025-06-12 06:56:00,7.9
2025-06-12 20:36:00,29.0
2025-06-12 02:44:00,63.2
2025-06-12 11:07:00,50.475078938135894
2025-06-12 12:51:00,53.0
2025-06-12 14:03:00,75.0
2025-06-12 22:38:00,54.2
2025-06-12 10:57:00,19.1
2025-06-12 12:36:00,61.6
2025-06-12 00:42:00,50.475078938135894
2025-06-12 20:51:00,58.1
2025-06-12 04:50:00,5.2
2025-06-12 14:16:00,50.475078938135894
2025-06-12 00:34:00,35.8
2025-06-12 02:42:00,27.4
2025-06-12 05:40:00,84.3
2025-06-12 07:30:00,54.6
2025-06-12 23:45:00,95.1
2025-06-12 04:23:00,45.2
2025-06-12 01:43:00,25.7
2025-06-12 01:15:00,50.475078938135894
2025-06-12 10:51:00,39.5
2025-06-12 15:57:00,74.8
2025-06-12 23:30:00,16.5
2025-06-12 14:18:00,30.5
2025-06-12 06:10:00,64.6
2025-06-12 17:10:00,6.2
2025-06-12 16:10:00,37.6
2025-06-12 01:53:00,8.7
2025-06-12 23:43:00,50.475078938135894
2025-06-12 20:30:00,8.8
2025-06-12 06:31:00,38.0
2025-06-12 19:41:00,50.475078938135894
2025-06-12 16:46:00,65.6
2025-06-12 20:37:00,15.1
2025-06-12 14:39:00,38.0
2025-06-12 23:24:00,42.8
2025-06-12 07:34:00,20.3
2025-06-12 02:56:00,45.3
2025-06-12 15:19:00,83.6
2025-06-12 06:55:00,50.475078938135894
2025-06-12 21:12:00,74.9
2025-06-12 21:17:00,12.5
2025-06-12 09:14:00,91.1
2025-06-12 03:24:00,32.9
2025-06-12 05:06:00,53.8
2025-06-12 17:43:00,69.9
2025-06-12 05:47:00,10.6
2025-06-12 14:58:00,36.0
2025-06-12 12:59:00,18.9
2025-06-12 08:02:00,49.4
2025-06-12 13:15:00,50.475078938135894
2025-06-12 09:56:00,50.475078938135894
2025-06-12 09:13:00,36.8
2025-06-12 04:20:00,50.475078938135894
2025-06-12 09:36:00,3.1
2025-06-12 08:58:00,61.2
2025-06-12 13:56:00,48.1
2025-06-12 22:02:00,24.5
2025-06-12 20:00:00,97.3
2025-06-12 17:08:00,18.0
2025-06-12 02:40:00,72.1
2025-06-12 01:01:00,59.3
2025-06-12 13:47:00,58.5
2025-06-12 00:02:00,50.475078938135894
2025-06-12 01:07:00,75.3
2025-06-12 15:49:00,13.9
2025-06-12 21:37:00,33.0
2025-06-12 20:40:00,98.6
2025-06-12 13:23:00,34.2
2025-06-12 09:48:00,12.3
2025-06-12 17:55:00,63.1
2025-06-12 10:55:00,26.4
2025-06-12 07:08:00,79.3
2025-06-12 03:27:00,72.0
2025-06-12 16:13:00,50.475078938135894
2025-06-12 12:50:00,20.8
2025-06-12 21:21:00,50.475078938135894
2025-06-12 09:27:00,42.3
2025-06-12 01:00:00,93.1
2025-06-12 05:13:00,40.5
2025-06-12 19:02:00,60.8
2025-06-12 11:58:00,50.475078938135894
2025-06-12 05:32:00,75.4
2025-06-12 10:30:00,47.4
2025-06-12 08:54:00,20.1
2025-06-12 15:13:00,76.9
2025-06-12 23:05:00,10.7
2025-06-12 06:45:00,17.1
2025-06-12 19:26:00,21.4
2025-06-12 09:06:00,50.475078938135894
2025-06-12 07:27:00,50.475078938135894
2025-06-12 01:36:00,50.475078938135894
2025-06-12 21:58:00,58.8
2025-06-12 03:20:00,93.5
2025-06-12 17:31:00,97.1
2025-06-12 03:29:00,68.7
2025-06-12 01:09:00,67.5
2025-06-12 09:34:00,93.2
2025-06-12 11:34:00,80.3
2025-06-12 04:15:00,7.5
2025-06-12 19:00:00,79.8
2025-06-12 10:40:00,50.475078938135894
2025-06-12 16:19:00,0.5
2025-06-12 01:28:00,9.4
2025-06-12 06:41:00,21.6
2025-06-12 09:08:00,31.9
2025-06-12 17:01:00,0.9
2025-06-12 07:31:00,55.6
2025-06-12 21:01:00,15.5
2025-06-12 10:21:00,88.8
2025-06-12 05:59:00,29.6
2025-06-12 03:41:00,14.1
2025-06-12 18:52:00,76.1
2025-06-12 13:57:00,19.0
2025-06-12 15:22:00,95.8
2025-06-12 17:29:00,82.3
2025-06-12 09:30:00,35.0
2025-06-12 02:36:00,47.1
2025-06-12 04:46:00,99.4
2025-06-12 02:48:00,10.0
2025-06-12 04:41:00,50.475078938135894
2025-06-12 22:08:00,61.3
2025-06-12 12:15:00,63.0
2025-06-12 20:52:00,70.7
2025-06-12 23:08:00,96.0
2025-06-12 12:28:00,50.475078938135894
2025-06-12 02:26:00,86.4
2025-06-12 23:51:00,57.7
2025-06-12 13:26:00,85.2
2025-06-12 17:49:00,59.8
2025-06-12 20:09:00,49.8
2025-06-12 03:01:00,30.4
2025-06-12 04:55:00,50.475078938135894
2025-06-12 11:54:00,84.3
2025-06-12 09:47:00,7.4
2025-06-12 08:17:00,59.8
2025-06-12 17:03:00,38.1
2025-06-12 01:46:00,50.475078938135894
2025-06-12 15:09:00,50.475078938135894
2025-06-12 05:25:00,11.8
2025-06-12 16:40:00,46.5
2025-06-12 00:47:00,13.6
2025-06-12 17:40:00,13.1
2025-06-12 07:12:00,79.0
2025-06-12 19:47:00,76.2
2025-06-12 09:31:00,11.4
2025-06-12 10:38:00,14.5
2025-06-12 15:12:00,99.2
2025-06-12 13:34:00,0.8
2025-06-12 16:44:00,11.9
2025-06-12 18:16:00,37.2
2025-06-12 19:15:00,33.0
2025-06-12 09:29:00,93.6
2025-06-12 02:14:00,30.8
2025-06-12 08:59:00,37.2
2025-06-12 19:51:00,48.0
2025-06-12 16:05:00,26.0
2025-06-12 00:44:00,4.3
2025-06-12 03:06:00,43.9
2025-06-12 10:56:00,47.8
2025-06-12 22:17:00,57.5
2025-06-12 03:32:00,59.2
2025-06-12 04:03:00,2.4
2025-06-12 01:17:00,58.1
2025-06-12 16:38:00,55.0
2025-06-12 11:38:00,12.0
2025-06-12 15:53:00,50.475078938135894
2025-06-12 02:32:00,50.3
2025-06-12 08:39:00,20.2
2025-06-12 17:00:00,50.475078938135894
2025-06-12 00:05:00,17.6
2025-06-12 10:54:00,50.475078938135894
2025-06-12 08:13:00,68.5
2025-06-12 22:32:00,28.4
2025-06-12 13:43:00,49.5
2025-06-12 01:30:00,16.0
2025-06-12 12:33:00,64.8
2025-06-12 14:44:00,93.7
2025-06-12 21:48:00,26.9
2025-06-12 07:23:00,41.9
2025-06-12 18:22:00,59.9
2025-06-12 09:28:00,96.0
2025-06-12 14:17:00,76.1
2025-06-12 04:29:00,63.1
2025-06-12 12:14:00,46.4
2025-06-12 13:30:00,45.6
2025-06-12 03:38:00,1.0
2025-06-12 06:48:00,88.7
2025-06-12 11:14:00,13.4
2025-06-12 19:17:00,89.5
2025-06-12 13:41:00,53.4
2025-06-12 16:29:00,65.2
2025-06-12 03:10:00,59.5
2025-06-12 22:56:00,17.0
2025-06-12 15:34:00,53.7
2025-06-12 14:08:00,14.4
2025-06-12 10:36:00,50.475078938135894
2025-06-12 12:30:00,50.475078938135894
2025-06-12 02:11:00,50.475078938135894
2025-06-12 01:58:00,77.6
2025-06-12 03:11:00,31.1
2025-06-12 07:15:00,64.3
2025-06-12 09:11:00,85.3
2025-06-12 21:51:00,82.5
2025-06-12 14:55:00,24.3
2025-06-12 21:28:00,75.2
2025-06-12 19:37:00,93.2
2025-06-12 09:20:00,82.1
2025-06-12 00:14:00,50.475078938135894
2025-06-12 15:27:00,80.6
2025-06-12 14:45:00,38.7
2025-06-12 03:33:00,50.1
2025-06-12 13:19:00,65.8
2025-06-12 22:07:00,18.1
2025-06-12 00:00:00,38.5
2025-06-12 01:45:00,21.8
2025-06-12 02:50:00,4.3
2025-06-12 06:19:00,87.1
2025-06-12 20:49:00,2.7
2025-06-12 15:47:00,53.8
2025-06-12 22:59:00,50.492298592215775
2025-06-12 04:42:00,65.4
2025-06-12 16:20:00,92.5
2025-06-12 13:49:00,50.492298592215775
2025-06-12 02:49:00,95.3
2025-06-12 16:55:00,15.6
2025-06-12 12:14:00,58.9
2025-06-12 12:46:00,50.492298592215775
2025-06-12 12:40:00,14.5
2025-06-12 15:28:00,46.3
2025-06-12 11:32:00,96.7
2025-06-12 18:19:00,50.492298592215775
2025-06-12 17:59:00,29.7
2025-06-12 22:48:00,73.7
2025-06-12 03:24:00,35.5
2025-06-12 18:53:00,62.6
2025-06-12 12:48:00,63.6
2025-06-12 02:19:00,2.8
2025-06-12 20:27:00,33.7
2025-06-12 04:37:00,59.9
2025-06-12 14:01:00,30.9
2025-06-12 15:10:00,7.3
2025-06-12 19:17:00,54.2
2025-06-12 18:07:00,66.3
2025-06-12 07:26:00,78.3
2025-06-12 19:49:00,30.8
2025-06-12 14:14:00,88.2
2025-06-12 12:03:00,60.7
2025-06-12 06:38:00,98.1
2025-06-12 14:23:00,50.492298592215775
2025-06-12 00:28:00,87.6
2025-06-12 14:31:00,19.5
2025-06-12 23:41:00,84.1
2025-06-12 05:50:00,50.492298592215775
2025-06-12 11:16:00,88.3
2025-06-12 09:15:00,45.1
2025-06-12 05:45:00,20.6
2025-06-12 17:16:00,19.1
2025-06-12 01:48:00,69.4
2025-06-12 17:44:00,59.9
2025-06-12 11:21:00,95.3
2025-06-12 00:52:00,51.1
2025-06-12 15:25:00,81.4
2025-06-12 10:24:00,3.9
2025-06-12 22:14:00,37.8
2025-06-12 14:42:00,14.2
2025-06-12 23:49:00,62.9
2025-06-12 02:38:00,82.7
2025-06-12 14:28:00,26.0
2025-06-12 21:05:00,5.9
2025-06-12 03:08:00,50.492298592215775
2025-06-12 17:55:00,36.2
2025-06-12 21:06:00,46.1
2025-06-12 04:26:00,69.9
2025-06-12 08:24:00,50.492298592215775
2025-06-12 23:30:00,72.1
2025-06-12 15:24:00,89.5
2025-06-12 18:56:00,99.8
2025-06-12 16:16:00,95.4
2025-06-12 15:57:00,14.7
2025-06-12 01:31:00,75.4
2025-06-12 12:55:00,10.5
2025-06-12 17:22:00,89.6
2025-06-12 23:07:00,35.6
2025-06-12 15:00:00,17.9
2025-06-12 06:05:00,50.492298592215775
2025-06-12 21:16:00,14.6
2025-06-12 15:08:00,9.7
2025-06-12 09:18:00,25.1
2025-06-12 13:11:00,65.9
2025-06-12 20:39:00,49.6
2025-06-12 15:26:00,55.6
2025-06-12 02:24:00,70.3
2025-06-12 20:15:00,52.2
2025-06-12 16:13:00,54.1
2025-06-12 08:56:00,39.8
2025-06-12 07:29:00,49.2
2025-06-12 08:50:00,5.1
2025-06-12 13:41:00,36.6
2025-06-12 17:30:00,64.3
2025-06-12 10:29:00,57.0
2025-06-12 18:22:00,80.6
2025-06-12 10:18:00,50.492298592215775
2025-06-12 17:06:00,13.5
2025-06-12 10:31:00,59.0
2025-06-12 04:12:00,50.492298592215775
2025-06-12 15:46:00,62.7
2025-06-12 20:19:00,24.3
2025-06-12 20:09:00,50.492298592215775
2025-06-12 11:15:00,6.3
2025-06-12 02:00:00,50.492298592215775
2025-06-12 05:51:00,93.7
2025-06-12 10:30:00,38.1
2025-06-12 09:51:00,86.5
2025-06-12 22:25:00,70.1
2025-06-12 15:16:00,32.3
2025-06-12 20:38:00,4.5
2025-06-12 19:31:00,13.8
2025-06-12 20:13:00,50.492298592215775
2025-06-12 06:04:00,73.4
2025-06-12 23:06:00,69.4
2025-06-12 21:51:00,17.2
2025-06-12 22:36:00,79.4
2025-06-12 00:16:00,62.3
2025-06-12 18:15:00,93.8
2025-06-12 01:38:00,99.0
2025-06-12 08:36:00,4.0
2025-06-12 01:46:00,50.492298592215775
2025-06-12 10:20:00,98.5
2025-06-12 19:09:00,76.2
2025-06-12 05:53:00,13.9
2025-06-12 16:42:00,88.3
2025-06-12 03:39:00,83.3
2025-06-12 04:04:00,52.9
2025-06-12 20:59:00,35.9
2025-06-12 15:53:00,31.4
2025-06-12 15:34:00,81.0
2025-06-12 22:57:00,30.2
2025-06-12 09:42:00,6.7
2025-06-12 13:44:00,36.7
2025-06-12 11:44:00,29.9
2025-06-12 07:32:00,71.8
2025-06-12 01:27:00,27.3
2025-06-12 18:45:00,17.9
2025-06-12 16:53:00,87.3
2025-06-12 08:31:00,49.3
2025-06-12 14:51:00,72.1
2025-06-12 15:31:00,37.2
2025-06-12 22:30:00,98.5
2025-06-12 14:36:00,82.3
2025-06-12 23:37:00,65.7
2025-06-12 20:45:00,50.492298592215775
2025-06-12 10:58:00,96.0
2025-06-12 23:56:00,34.2
2025-06-12 15:18:00,82.6
2025-06-12 10:16:00,79.5
2025-06-12 08:37:00,8.8
2025-06-12 06:52:00,54.5
2025-06-12 08:02:00,79.7
2025-06-12 14:09:00,55.8
2025-06-12 06:59:00,95.8
2025-06-12 01:05:00,87.8
2025-06-12 17:19:00,33.7
2025-06-12 06:41:00,58.4
2025-06-12 23:02:00,40.2
2025-06-12 06:12:00,95.4
2025-06-12 22:00:00,62.8
2025-06-12 17:34:00,50.492298592215775
2025-06-12 10:23:00,92.6
2025-06-12 00:36:00,15.5
2025-06-12 16:37:00,50.492298592215775
2025-06-12 06:08:00,50.492298592215775
2025-06-12 03:45:00,22.5
2025-06-12 21:49:00,95.1
2025-06-12 22:20:00,50.492298592215775
2025-06-12 11:34:00,97.4
2025-06-12 14:08:00,50.492298592215775
2025-06-12 09:23:00,47.6
2025-06-12 13:36:00,9.6
2025-06-12 12:44:00,83.8
2025-06-12 08:21:00,80.2
2025-06-12 19:07:00,47.5
2025-06-12 03:21:00,50.492298592215775
2025-06-12 02:51:00,11.7
2025-06-12 08:58:00,50.492298592215775
2025-06-12 07:49:00,50.492298592215775
2025-06-12 18:40:00,61.0
2025-06-12 12:17:00,43.8
2025-06-12 20:47:00,91.9
2025-06-12 15:59:00,59.7
2025-06-12 13:52:00,67.1
2025-06-12 17:13:00,26.7
2025-06-12 07:46:00,73.6
2025-06-12 04:15:00,50.492298592215775
2025-06-12 09:54:00,79.3
2025-06-12 17:33:00,77.7
2025-06-12 11:05:00,97.0
2025-06-12 15:47:00,34.3
2025-06-12 07:50:00,50.492298592215775
2025-06-12 04:34:00,47.8
2025-06-12 08:03:00,48.3
2025-06-12 08:22:00,27.4
2025-06-12 02:30:00,12.2
2025-06-12 05:26:00,59.3
2025-06-12 12:13:00,92.1
2025-06-12 09:25:00,68.2
2025-06-12 08:34:00,41.4
2025-06-12 23:17:00,50.492298592215775
2025-06-12 21:20:00,46.0
2025-06-12 19:14:00,50.492298592215775
2025-06-12 01:32:00,74.0
2025-06-12 01:11:00,34.5
2025-06-12 21:14:00,20.5
2025-06-12 07:41:00,64.8
2025-06-12 20:20:00,42.4
2025-06-12 11:57:00,99.8
2025-06-12 07:16:00,27.6
2025-06-12 12:30:00,4.5
2025-06-12 22:13:00,76.5
2025-06-12 08:52:00,61.6
2025-06-12 04:45:00,72.9
2025-06-12 23:14:00,87.0
2025-06-12 18:02:00,31.2
2025-06-12 10:05:00,91.8
2025-06-12 10:04:00,50.492298592215775
2025-06-12 05:19:00,56.2
2025-06-12 04:36:00,81.1
2025-06-12 13:32:00,57.5
2025-06-12 12:21:00,95.8
2025-06-12 10:03:00,39.8
2025-06-12 15:05:00,21.7
2025-06-12 02:44:00,50.492298592215775
2025-06-12 05:12:00,8.0
2025-06-12 19:40:00,84.9
2025-06-12 03:47:00,2.1
2025-06-12 02:12:00,14.7
2025-06-12 01:37:00,82.2
2025-06-12 19:04:00,50.492298592215775
2025-06-12 20:36:00,48.7
2025-06-12 22:39:00,13.9
2025-06-12 11:48:00,37.7
2025-06-12 21:10:00,29.9
2025-06-12 15:20:00,50.492298592215775
2025-06-12 15:56:00,51.5
2025-06-12 06:58:00,7.8
2025-06-12 08:27:00,82.5
2025-06-12 21:19:00,10.4
2025-06-12 07:28:00,11.1
2025-06-12 19:57:00,27.3
2025-06-12 00:35:00,11.6
2025-06-12 20:30:00,50.492298592215775
2025-06-12 02:32:00,78.6
2025-06-12 06:39:00,86.5
2025-06-12 11:24:00,95.4
2025-06-12 13:28:00,0.2
2025-06-12 00:57:00,73.8
2025-06-12 19:34:00,50.492298592215775
2025-06-12 15:04:00,50.492298592215775
2025-06-12 12:45:00,13.3
2025-06-12 16:01:00,50.492298592215775
2025-06-12 11:01:00,47.7
2025-06-12 11:47:00,79.8
2025-06-12 01:39:00,45.2
2025-06-12 00:14:00,76.6
2025-06-12 12:16:00,46.5
2025-06-12 00:13:00,50.492298592215775
2025-06-12 21:45:00,34.7
2025-06-12 16:02:00,51.6
2025-06-12 22:06:00,64.1
2025-06-12 12:35:00,7.5
2025-06-12 11:19:00,30.9
2025-06-12 02:41:00,57.6
2025-06-12 07:08:00,36.4
2025-06-12 14:39:00,74.1
2025-06-12 03:12:00,88.5
2025-06-12 06:44:00,95.2
2025-06-12 11:18:00,50.492298592215775
2025-06-12 10:08:00,18.0
2025-06-12 19:11:00,69.1
2025-06-12 19:06:00,42.6
2025-06-12 20:28:00,4.8
2025-06-12 22:37:00,50.492298592215775
2025-06-12 01:01:00,27.9
2025-06-12 12:07:00,5.1
2025-06-12 02:31:00,53.7
2025-06-12 14:00:00,86.2
2025-06-12 12:33:00,69.2
2025-06-12 03:17:00,50.492298592215775
2025-06-12 00:58:00,69.7
2025-06-12 16:19:00,50.492298592215775
2025-06-12 07:19:00,44.2
2025-06-12 02:05:00,67.3
2025-06-12 09:39:00,68.9
2025-06-12 22:38:00,64.3
2025-06-12 16:08:00,71.8
2025-06-12 16:27:00,12.7
2025-06-12 03:38:00,88.8
2025-06-12 21:56:00,50.492298592215775
2025-06-12 20:26:00,0.9
2025-06-12 08:35:00,58.4
2025-06-12 03:52:00,26.8
2025-06-12 17:38:00,50.492298592215775
2025-06-12 19:19:00,27.3
2025-06-12 06:32:00,50.492298592215775
2025-06-12 21:55:00,50.492298592215775
2025-06-12 03:04:00,76.7
2025-06-12 09:52:00,4.7
2025-06-12 01:06:00,46.0
2025-06-12 21:41:00,83.4
2025-06-12 10:25:00,42.3
2025-06-12 07:31:00,88.5
2025-06-12 21:37:00,20.5
2025-06-12 01:02:00,77.4
2025-06-12 03:37:00,8.6
2025-06-12 17:15:00,95.0
2025-06-12 23:26:00,50.492298592215775
2025-06-12 14:12:00,50.492298592215775
2025-06-12 16:56:00,88.5
2025-06-12 12:39:00,61.5
2025-06-12 14:11:00,69.6
2025-06-12 11:17:00,91.1
2025-06-12 06:51:00,91.8
2025-06-12 17:37:00,99.8
2025-06-12 14:19:00,17.0
2025-06-12 01:16:00,52.2
2025-06-12 19:59:00,22.9
2025-06-12 13:40:00,89.4
2025-06-12 04:56:00,50.492298592215775
2025-06-12 03:40:00,87.5
2025-06-12 05:47:00,65.8
2025-06-12 15:37:00,50.492298592215775
2025-06-12 02:47:00,27.9
2025-06-12 10:32:00,50.8
2025-06-12 11:29:00,27.6
2025-06-12 02:06:00,3.7
2025-06-12 17:04:00,80.8
2025-06-12 01:35:00,50.492298592215775
2025-06-12 14:29:00,64.2
2025-06-12 14:58:00,74.3
2025-06-12 19:55:00,50.190676567656766
2025-06-12 09:24:00,73.7
2025-06-12 20:19:00,50.190676567656766
2025-06-12 02:35:00,50.190676567656766
2025-06-12 06:38:00,11.2
2025-06-12 13:05:00,18.5
2025-06-12 06:41:00,95.7
2025-06-12 05:04:00,98.7
2025-06-12 17:06:00,9.3
2025-06-12 13:44:00,14.4
2025-06-12 00:02:00,81.0
2025-06-12 18:42:00,39.7
2025-06-12 02:55:00,20.2
2025-06-12 17:18:00,19.1
2025-06-12 13:42:00,68.4
2025-06-12 12:05:00,2.0
2025-06-12 23:55:00,50.190676567656766
2025-06-12 15:15:00,32.2
2025-06-12 18:02:00,49.3
2025-06-12 03:51:00,50.190676567656766
2025-06-12 09:17:00,50.190676567656766
2025-06-12 22:24:00,15.5
2025-06-12 04:38:00,51.7
2025-06-12 09:31:00,22.5
2025-06-12 16:17:00,17.3
2025-06-12 13:01:00,68.5
2025-06-12 07:21:00,60.8
2025-06-12 19:41:00,27.9
2025-06-12 02:42:00,20.4
2025-06-12 00:37:00,36.2
2025-06-12 23:09:00,61.4
2025-06-12 09:00:00,92.0
2025-06-12 00:11:00,16.9
2025-06-12 11:11:00,25.7
2025-06-12 22:27:00,5.3
2025-06-12 15:31:00,41.6
2025-06-12 16:53:00,74.8
2025-06-12 14:52:00,2.1
2025-06-12 09:04:00,50.190676567656766
2025-06-12 14:04:00,88.5
2025-06-12 11:24:00,36.7
2025-06-12 21:50:00,39.7
2025-06-12 04:57:00,50.190676567656766
2025-06-12 18:10:00,58.1
2025-06-12 07:24:00,99.2
2025-06-12 04:35:00,21.8
2025-06-12 04:04:00,15.0
2025-06-12 03:18:00,56.9
2025-06-12 19:58:00,19.2
2025-06-12 10:54:00,50.190676567656766
2025-06-12 04:36:00,50.190676567656766
2025-06-12 14:08:00,50.190676567656766
2025-06-12 18:03:00,88.7
2025-06-12 01:49:00,14.7
2025-06-12 03:52:00,22.3
2025-06-12 00:40:00,17.2
2025-06-12 13:40:00,50.190676567656766
2025-06-12 18:18:00,73.6
2025-06-12 15:53:00,47.6
2025-06-12 15:11:00,66.8
2025-06-12 17:19:00,72.0
2025-06-12 05:07:00,9.4
2025-06-12 18:21:00,89.6
2025-06-12 15:54:00,30.5
2025-06-12 01:26:00,50.190676567656766
2025-06-12 01:51:00,43.0
2025-06-12 20:30:00,51.3
2025-06-12 07:49:00,74.2
2025-06-12 05:45:00,9.7
2025-06-12 21:35:00,50.190676567656766
2025-06-12 10:34:00,50.190676567656766
2025-06-12 19:08:00,54.4
2025-06-12 01:08:00,75.3
2025-06-12 11:55:00,50.190676567656766
2025-06-12 08:32:00,0.1
2025-06-12 08:24:00,25.9
2025-06-12 00:43:00,1.5
2025-06-12 21:07:00,22.1
2025-06-12 13:18:00,1.6
2025-06-12 05:19:00,50.190676567656766
2025-06-12 03:04:00,83.6
2025-06-12 23:03:00,50.190676567656766
2025-06-12 14:48:00,50.190676567656766
2025-06-12 00:32:00,29.0
2025-06-12 22:57:00,82.9
2025-06-12 16:59:00,44.6
2025-06-12 07:12:00,52.9
2025-06-12 12:57:00,50.8
2025-06-12 04:17:00,46.1
2025-06-12 09:10:00,13.0
2025-06-12 14:45:00,62.8
2025-06-12 18:40:00,82.6
2025-06-12 15:36:00,98.7
2025-06-12 15:41:00,19.2
2025-06-12 03:50:00,24.1
2025-06-12 18:09:00,50.190676567656766
2025-06-12 22:30:00,50.190676567656766
2025-06-12 04:34:00,50.190676567656766
2025-06-12 21:29:00,44.9
2025-06-12 14:39:00,75.1
2025-06-12 11:22:00,5.8
2025-06-12 00:50:00,95.3
2025-06-12 06:50:00,52.7
2025-06-12 15:33:00,50.190676567656766
2025-06-12 03:34:00,50.190676567656766
2025-06-12 20:50:00,83.0
2025-06-12 09:50:00,97.2
2025-06-12 14:22:00,95.0
2025-06-12 12:53:00,50.190676567656766
2025-06-12 12:25:00,13.3
2025-06-12 20:39:00,18.1
2025-06-12 22:36:00,25.5
2025-06-12 22:52:00,35.9
2025-06-12 05:38:00,88.0
2025-06-12 01:52:00,83.9
2025-06-12 07:18:00,40.0
2025-06-12 10:03:00,56.6
2025-06-12 06:57:00,50.190676567656766
2025-06-12 08:57:00,24.8
2025-06-12 09:44:00,89.7
2025-06-12 00:01:00,50.190676567656766
2025-06-12 05:58:00,32.4
2025-06-12 08:59:00,35.9
2025-06-12 00:35:00,76.4
2025-06-12 06:37:00,50.190676567656766
2025-06-12 17:27:00,50.190676567656766
2025-06-12 20:58:00,50.190676567656766
2025-06-12 02:44:00,34.9
2025-06-12 14:55:00,92.7
2025-06-12 20:35:00,50.190676567656766
2025-06-12 09:26:00,94.3
2025-06-12 23:36:00,22.4
2025-06-12 15:12:00,66.7
2025-06-12 19:54:00,68.7
2025-06-12 12:10:00,20.1
2025-06-12 23:44:00,59.0
2025-06-12 13:34:00,29.7
2025-06-12 19:18:00,35.5
2025-06-12 19:43:00,42.2
2025-06-12 06:49:00,50.190676567656766
2025-06-12 07:47:00,61.6
2025-06-12 07:02:00,21.0
2025-06-12 01:34:00,42.4
2025-06-12 21:24:00,89.2
2025-06-12 09:29:00,21.6
2025-06-12 18:25:00,62.9
2025-06-12 10:19:00,32.4
2025-06-12 17:58:00,31.3
2025-06-12 13:15:00,50.190676567656766
2025-06-12 22:16:00,50.190676567656766
2025-06-12 10:39:00,50.190676567656766
2025-06-12 13:19:00,94.2
2025-06-12 20:10:00,51.8
2025-06-12 05:28:00,14.2
2025-06-12 20:04:00,90.7
2025-06-12 03:54:00,95.1
2025-06-12 17:03:00,63.6
2025-06-12 04:23:00,9.9
2025-06-12 19:17:00,19.8
2025-06-12 11:15:00,60.6
2025-06-12 05:55:00,36.6
2025-06-12 03:19:00,66.6
2025-06-12 17:42:00,94.2
2025-06-12 10:21:00,50.190676567656766
2025-06-12 07:16:00,9.7
2025-06-12 14:23:00,51.6
2025-06-12 07:38:00,50.190676567656766
2025-06-12 03:27:00,43.1
2025-06-12 08:31:00,61.8
2025-06-12 01:35:00,54.3
2025-06-12 03:48:00,50.190676567656766
2025-06-12 02:56:00,95.7
2025-06-12 08:45:00,50.190676567656766
2025-06-12 02:29:00,8.5
2025-06-12 19:19:00,19.9
2025-06-12 05:03:00,13.8
2025-06-12 19:05:00,50.190676567656766
2025-06-12 23:46:00,50.190676567656766
2025-06-12 21:57:00,45.6
2025-06-12 04:16:00,17.8
2025-06-12 03:21:00,48.8
2025-06-12 17:23:00,48.8
2025-06-12 06:29:00,5.0
2025-06-12 05:51:00,50.190676567656766
2025-06-12 03:05:00,92.8
2025-06-12 03:11:00,45.8
2025-06-12 16:00:00,50.190676567656766
2025-06-12 16:03:00,25.6
2025-06-12 01:19:00,83.1
2025-06-12 15:10:00,39.9
2025-06-12 11:54:00,87.0
2025-06-12 17:57:00,8.1
2025-06-12 07:34:00,13.0
2025-06-12 07:37:00,2.1
2025-06-12 03:07:00,50.190676567656766
2025-06-12 10:32:00,57.0
2025-06-12 06:54:00,80.7
2025-06-12 02:59:00,15.1
2025-06-12 21:36:00,11.4
2025-06-12 08:23:00,18.8
2025-06-12 17:39:00,50.7
2025-06-12 11:20:00,50.190676567656766
2025-06-12 20:13:00,88.1
2025-06-12 10:24:00,9.8
2025-06-12 17:24:00,88.3
2025-06-12 02:39:00,69.7
2025-06-12 09:33:00,29.2
2025-06-12 10:51:00,82.3
2025-06-12 16:55:00,80.7
2025-06-12 07:06:00,74.0
2025-06-12 17:30:00,100.0
2025-06-12 12:49:00,46.8
2025-06-12 13:03:00,67.6
2025-06-12 08:34:00,50.190676567656766
2025-06-12 00:07:00,89.2
2025-06-12 11:47:00,10.3
2025-06-12 13:41:00,40.3
2025-06-12 13:04:00,43.5
2025-06-12 08:19:00,19.5
2025-06-12 23:48:00,50.190676567656766
2025-06-12 12:29:00,98.2
2025-06-12 11:33:00,64.5
2025-06-12 13:17:00,20.8
2025-06-12 11:25:00,50.190676567656766
2025-06-12 21:20:00,24.0
2025-06-12 12:59:00,50.190676567656766
2025-06-12 20:53:00,43.0
2025-06-12 21:49:00,45.9
2025-06-12 15:50:00,50.190676567656766
2025-06-12 10:18:00,80.6
2025-06-12 09:06:00,95.1
2025-06-12 00:42:00,24.1
2025-06-12 04:08:00,30.7
2025-06-12 05:02:00,33.9
2025-06-12 06:39:00,4.9
2025-06-12 07:15:00,46.7
2025-06-12 18:55:00,19.7
2025-06-12 21:30:00,69.0
2025-06-12 10:45:00,31.2
2025-06-12 09:27:00,50.190676567656766
2025-06-12 06:55:00,57.3
2025-06-12 09:51:00,62.2
2025-06-12 00:53:00,13.0
2025-06-12 20:27:00,98.3
2025-06-12 17:05:00,5.0
2025-06-12 12:33:00,58.0
2025-06-12 13:51:00,80.2
2025-06-12 14:24:00,2.8
2025-06-12 01:48:00,14.2
2025-06-12 19:39:00,32.4
2025-06-12 03:35:00,97.0
2025-06-12 08:22:00,50.190676567656766
2025-06-12 06:35:00,51.0
2025-06-12 11:51:00,57.4
2025-06-12 19:21:00,29.4
2025-06-12 14:40:00,3.8
2025-06-12 17:53:00,18.1
2025-06-12 17:29:00,50.190676567656766
2025-06-12 04:11:00,4.6
2025-06-12 00:06:00,25.8
2025-06-12 05:13:00,14.6
2025-06-12 03:12:00,96.5
2025-06-12 13:49:00,34.4
2025-06-12 06:25:00,59.3
2025-06-12 23:42:00,42.5
2025-06-12 12:56:00,25.1
2025-06-12 21:28:00,50.8
2025-06-12 22:00:00,50.7
2025-06-12 02:11:00,7.3
2025-06-12 19:28:00,50.190676567656766
2025-06-12 11:43:00,54.3
2025-06-12 21:23:00,81.2
2025-06-12 23:04:00,29.8
2025-06-12 03:47:00,13.3
2025-06-12 00:10:00,10.7
2025-06-12 09:41:00,15.8
2025-06-12 17:37:00,60.5
2025-06-12 11:46:00,95.9
2025-06-12 10:46:00,28.4
2025-06-12 00:56:00,50.190676567656766
2025-06-12 08:28:00,60.6
2025-06-12 09:35:00,33.6
2025-06-12 14:50:00,86.8
2025-06-12 05:53:00,12.4
2025-06-12 02:34:00,96.2
2025-06-12 12:45:00,4.4
2025-06-12 17:21:00,53.2
2025-06-12 02:31:00,60.6
2025-06-12 17:09:00,34.0
2025-06-12 07:11:00,7.4
2025-06-12 03:16:00,54.0
2025-06-12 15:29:00,50.190676567656766
2025-06-12 18:29:00,40.9
2025-06-12 16:33:00,52.3
2025-06-12 05:06:00,22.1
2025-06-12 01:58:00,97.9
2025-06-12 17:35:00,78.8
2025-06-12 11:31:00,6.6
2025-06-12 22:54:00,27.2
2025-06-12 06:14:00,66.0
2025-06-12 03:22:00,36.0
2025-06-12 04:41:00,91.0
2025-06-12 07:33:00,49.0
2025-06-12 21:18:00,65.7
2025-06-12 16:50:00,50.190676567656766
2025-06-12 20:54:00,99.9
2025-06-12 21:36:00,15.7
2025-06-12 02:42:00,23.7
2025-06-12 13:17:00,19.0
2025-06-12 18:07:00,49.69925181201777
2025-06-12 01:02:00,13.4
2025-06-12 01:29:00,58.5
2025-06-12 11:59:00,99.1
2025-06-12 17:44:00,17.3
2025-06-12 20:25:00,49.69925181201777
2025-06-12 09:33:00,42.7
2025-06-12 22:28:00,28.6
2025-06-12 19:53:00,49.69925181201777
2025-06-12 17:03:00,0.2
2025-06-12 08:49:00,1.9
2025-06-12 19:25:00,63.5
2025-06-12 10:56:00,96.5
2025-06-12 16:19:00,49.69925181201777
2025-06-12 20:04:00,76.2
2025-06-12 22:53:00,49.69925181201777
2025-06-12 20:31:00,69.7
2025-06-12 01:09:00,6.0
2025-06-12 15:12:00,47.5
2025-06-12 05:00:00,49.69925181201777
2025-06-12 07:26:00,29.5
2025-06-12 02:13:00,0.8
2025-06-12 16:35:00,44.7
2025-06-12 23:17:00,31.7
2025-06-12 02:51:00,61.3
2025-06-12 20:27:00,21.9
2025-06-12 12:18:00,49.3
2025-06-12 14:27:00,48.8
2025-06-12 09:54:00,66.3
2025-06-12 11:03:00,50.4
2025-06-12 09:06:00,94.6
2025-06-12 02:36:00,20.1
2025-06-12 20:22:00,36.8
2025-06-12 17:28:00,49.69925181201777
2025-06-12 21:37:00,23.2
2025-06-12 20:00:00,76.5
2025-06-12 23:53:00,18.1
2025-06-12 08:53:00,100.0
2025-06-12 16:47:00,71.1
2025-06-12 14:50:00,87.0
2025-06-12 15:28:00,69.4
2025-06-12 19:32:00,36.3
2025-06-12 13:07:00,86.8
2025-06-12 15:16:00,20.1
2025-06-12 07:27:00,35.3
2025-06-12 06:10:00,49.69925181201777
2025-06-12 21:18:00,18.6
2025-06-12 23:50:00,65.9
2025-06-12 08:44:00,84.8
2025-06-12 16:05:00,89.6
2025-06-12 15:58:00,25.0
2025-06-12 01:17:00,17.8
2025-06-12 22:43:00,51.2
2025-06-12 07:17:00,49.69925181201777
2025-06-12 20:08:00,41.0
2025-06-12 11:50:00,49.9
2025-06-12 21:38:00,4.7
2025-06-12 04:18:00,79.4
2025-06-12 13:33:00,92.6
2025-06-12 08:22:00,29.4
2025-06-12 14:40:00,8.6
2025-06-12 04:04:00,70.5
2025-06-12 01:41:00,85.2
2025-06-12 19:04:00,4.1
2025-06-12 23:03:00,49.69925181201777
2025-06-12 14:25:00,23.8
2025-06-12 01:12:00,15.0
2025-06-12 05:56:00,45.3
2025-06-12 20:42:00,48.9
2025-06-12 22:18:00,30.2
2025-06-12 14:26:00,34.1
2025-06-12 22:22:00,29.0
2025-06-12 17:46:00,78.2
2025-06-12 12:56:00,80.6
2025-06-12 01:00:00,8.8
2025-06-12 23:41:00,98.9
2025-06-12 06:12:00,49.69925181201777
2025-06-12 02:53:00,41.6
2025-06-12 13:53:00,53.2
2025-06-12 11:49:00,10.0
2025-06-12 02:46:00,24.3
2025-06-12 21:44:00,28.1
2025-06-12 19:05:00,40.0
2025-06-12 06:30:00,60.6
2025-06-12 03:08:00,26.1
2025-06-12 17:13:00,1.1
2025-06-12 16:58:00,43.4
2025-06-12 03:12:00,29.6
2025-06-12 03:56:00,81.8
2025-06-12 21:25:00,90.2
2025-06-12 06:29:00,49.69925181201777
2025-06-12 10:35:00,63.0
2025-06-12 10:25:00,30.2
2025-06-12 04:53:00,60.0
2025-06-12 18:13:00,86.4
2025-06-12 13:37:00,79.2
2025-06-12 03:36:00,49.69925181201777
2025-06-12 09:09:00,26.1
2025-06-12 03:07:00,64.0
2025-06-12 10:33:00,47.0
2025-06-12 19:58:00,39.7
2025-06-12 12:44:00,49.69925181201777
2025-06-12 16:26:00,68.5
2025-06-12 01:39:00,81.5
2025-06-12 22:32:00,42.8
2025-06-12 15:22:00,26.9
2025-06-12 02:15:00,49.69925181201777
2025-06-12 23:34:00,29.5
2025-06-12 04:14:00,26.5
2025-06-12 07:39:00,58.1
2025-06-12 05:22:00,49.69925181201777
2025-06-12 22:30:00,60.1
2025-06-12 20:35:00,86.2
2025-06-12 01:04:00,69.4
2025-06-12 04:48:00,59.6
2025-06-12 20:55:00,98.2
2025-06-12 11:41:00,49.69925181201777
2025-06-12 04:34:00,17.0
2025-06-12 18:58:00,25.6
2025-06-12 17:58:00,91.0
2025-06-12 03:04:00,79.8
2025-06-12 22:49:00,10.9
2025-06-12 08:26:00,45.2
2025-06-12 02:47:00,64.4
2025-06-12 04:01:00,61.5
2025-06-12 04:36:00,43.4
2025-06-12 14:18:00,49.69925181201777
2025-06-12 07:41:00,13.1
2025-06-12 01:23:00,98.6
2025-06-12 14:47:00,68.5
2025-06-12 13:03:00,25.2
2025-06-12 16:43:00,12.2
2025-06-12 18:48:00,71.6
2025-06-12 06:54:00,60.6
2025-06-12 19:15:00,13.9
2025-06-12 19:33:00,49.69925181201777
2025-06-12 19:36:00,0.7
2025-06-12 11:07:00,85.0
2025-06-12 19:23:00,49.69925181201777
2025-06-12 11:11:00,68.8
2025-06-12 17:48:00,95.6
2025-06-12 04:22:00,61.0
2025-06-12 09:12:00,24.1
2025-06-12 11:34:00,79.7
2025-06-12 15:46:00,27.7
2025-06-12 08:15:00,49.69925181201777
2025-06-12 17:40:00,41.7
2025-06-12 22:20:00,37.6
2025-06-12 11:54:00,94.2
2025-06-12 17:18:00,24.7
2025-06-12 16:22:00,49.69925181201777
2025-06-12 22:50:00,65.3
2025-06-12 01:40:00,95.9
2025-06-12 04:46:00,49.69925181201777
2025-06-12 14:04:00,49.69925181201777
2025-06-12 20:45:00,45.0
2025-06-12 10:38:00,22.2
2025-06-12 04:16:00,49.69925181201777
2025-06-12 06:07:00,10.9
2025-06-12 07:20:00,71.9
2025-06-12 23:49:00,87.7
2025-06-12 13:12:00,99.1
2025-06-12 15:20:00,45.9
2025-06-12 01:30:00,54.2
2025-06-12 01:01:00,50.6
2025-06-12 05:41:00,50.8
2025-06-12 04:58:00,51.8
2025-06-12 22:08:00,53.8
2025-06-12 05:49:00,53.6
2025-06-12 01:51:00,49.69925181201777
2025-06-12 12:33:00,11.9
2025-06-12 22:26:00,36.4
2025-06-12 11:27:00,83.9
2025-06-12 12:02:00,19.2
2025-06-12 07:21:00,70.3
2025-06-12 21:05:00,94.9
2025-06-12 19:02:00,95.7
2025-06-12 11:36:00,49.69925181201777
2025-06-12 11:46:00,26.9
2025-06-12 02:30:00,90.0
2025-06-12 11:30:00,61.2
2025-06-12 04:09:00,9.6
2025-06-12 16:20:00,38.5
2025-06-12 00:03:00,61.7
2025-06-12 10:02:00,93.1
2025-06-12 21:17:00,94.9
2025-06-12 18:35:00,49.69925181201777
2025-06-12 04:29:00,55.5
2025-06-12 17:56:00,49.69925181201777
2025-06-12 20:03:00,96.3
2025-06-12 08:11:00,38.6
2025-06-12 17:42:00,47.7
2025-06-12 08:32:00,49.69925181201777
2025-06-12 15:04:00,60.4
2025-06-12 09:18:00,49.69925181201777
2025-06-12 02:22:00,28.7
2025-06-12 23:23:00,33.9
2025-06-12 13:54:00,73.6
2025-06-12 03:02:00,87.7
2025-06-12 17:43:00,99.0
2025-06-12 17:26:00,56.4
2025-06-12 06:14:00,9.9
2025-06-12 16:39:00,69.5
2025-06-12 18:53:00,78.5
2025-06-12 19:55:00,82.9
2025-06-12 16:29:00,45.1
2025-06-12 09:20:00,58.0
2025-06-12 03:09:00,52.5
2025-06-12 06:27:00,76.8
2025-06-12 14:08:00,14.6
2025-06-12 01:33:00,18.1
2025-06-12 08:03:00,0.4
2025-06-12 06:35:00,74.1
2025-06-12 03:50:00,79.3
2025-06-12 02:11:00,96.5
2025-06-12 04:59:00,87.6
2025-06-12 14:22:00,46.5
2025-06-12 06:56:00,99.4
2025-06-12 05:09:00,49.69925181201777
2025-06-12 01:57:00,2.8
2025-06-12 15:38:00,49.69925181201777
2025-06-12 15:55:00,49.69925181201777
2025-06-12 14:58:00,57.3
2025-06-12 05:23:00,67.7
2025-06-12 22:17:00,6.6
2025-06-12 04:20:00,69.4
2025-06-12 16:37:00,35.2
2025-06-12 07:43:00,63.8
2025-06-12 15:00:00,5.5
2025-06-12 14:35:00,67.1
2025-06-12 07:13:00,69.7
2025-06-12 00:08:00,83.9
2025-06-12 01:47:00,4.3
2025-06-12 22:41:00,22.2
2025-06-12 16:38:00,50.2
2025-06-12 23:01:00,19.4
2025-06-12 22:06:00,88.1
2025-06-12 15:54:00,35.4
2025-06-12 15:30:00,36.5
2025-06-12 06:11:00,18.6
2025-06-12 22:39:00,58.2
2025-06-12 11:42:00,23.5
2025-06-12 05:59:00,3.2
2025-06-12 10:34:00,75.5
2025-06-12 01:16:00,49.69925181201777
2025-06-12 07:31:00,49.69925181201777
2025-06-12 17:05:00,27.8
2025-06-12 06:32:00,93.6
2025-06-12 18:55:00,6.4
2025-06-12 11:05:00,42.0
2025-06-12 15:08:00,49.69925181201777
2025-06-12 11:56:00,44.1
2025-06-12 09:24:00,69.6
2025-06-12 08:17:00,28.3
2025-06-12 08:41:00,49.69925181201777
2025-06-12 17:49:00,61.2
2025-06-12 10:48:00,83.6
2025-06-12 04:25:00,34.4
2025-06-12 17:39:00,24.1
2025-06-12 00:47:00,79.0
2025-06-12 03:52:00,18.3
2025-06-12 12:55:00,49.69925181201777
2025-06-12 13:40:00,83.0
2025-06-12 18:16:00,84.2
2025-06-12 19:38:00,72.4
2025-06-12 13:16:00,85.6
2025-06-12 05:01:00,2.7
2025-06-12 10:16:00,9.8
2025-06-12 11:39:00,1.7
2025-06-12 10:45:00,63.2
2025-06-12 14:46:00,74.5
2025-06-12 07:56:00,9.6
2025-06-12 14:41:00,85.5
2025-06-12 23:57:00,97.7
2025-06-12 15:56:00,9.7
2025-06-12 03:54:00,22.1
2025-06-12 08:28:00,18.7
2025-06-12 20:14:00,1.7
2025-06-12 02:06:00,8.5
2025-06-12 05:10:00,39.8
2025-06-12 08:19:00,79.3
2025-06-12 17:41:00,18.2
2025-06-12 02:19:00,86.6
2025-06-12 17:19:00,49.69925181201777
2025-06-12 16:08:00,82.5
2025-06-12 09:37:00,91.4
2025-06-12 15:02:00,54.1
2025-06-12 19:27:00,49.69925181201777
2025-06-12 18:47:00,97.5
2025-06-12 14:02:00,27.7
2025-06-12 13:10:00,11.8
2025-06-12 12:27:00,30.6
2025-06-12 22:40:00,29.7
2025-06-12 11:20:00,61.8
2025-06-12 10:47:00,46.5
2025-06-12 18:37:00,50.9
2025-06-12 12:31:00,49.69925181201777
2025-06-12 12:53:00,49.69925181201777
2025-06-12 00:17:00,4.1
2025-06-12 19:52:00,33.4
2025-06-12 15:45:00,81.9
2025-06-12 13:15:00,48.5
2025-06-12 16:04:00,87.9
2025-06-12 20:44:00,65.2
2025-06-12 23:35:00,8.1
2025-06-12 05:05:00,67.1
2025-06-12 00:36:00,98.8
2025-06-12 02:31:00,39.6
2025-06-12 19:14:00,50.15234640140434
2025-06-12 05:52:00,83.9
2025-06-12 18:40:00,11.3
2025-06-12 09:54:00,21.8
2025-06-12 14:14:00,94.8
2025-06-12 05:54:00,4.5
2025-06-12 18:17:00,50.15234640140434
2025-06-12 11:11:00,8.0
2025-06-12 13:54:00,36.6
2025-06-12 14:27:00,67.6
2025-06-12 06:49:00,50.15234640140434
2025-06-12 14:35:00,88.8
2025-06-12 18:56:00,57.9
2025-06-12 23:18:00,82.4
2025-06-12 23:50:00,42.8
2025-06-12 18:18:00,5.6
2025-06-12 06:48:00,50.15234640140434
2025-06-12 21:48:00,50.15234640140434
2025-06-12 15:33:00,67.3
2025-06-12 10:10:00,61.4
2025-06-12 22:32:00,71.9
2025-06-12 11:37:00,14.7
2025-06-12 11:24:00,65.7
2025-06-12 20:05:00,9.6
2025-06-12 05:29:00,16.9
2025-06-12 02:20:00,12.8
2025-06-12 18:32:00,10.4
2025-06-12 23:22:00,49.3
2025-06-12 11:16:00,50.15234640140434
2025-06-12 13:37:00,58.7
2025-06-12 12:27:00,59.0
2025-06-12 05:46:00,33.5
2025-06-12 12:49:00,50.15234640140434
2025-06-12 09:40:00,50.15234640140434
2025-06-12 17:25:00,67.9
2025-06-12 18:49:00,72.3
2025-06-12 15:24:00,16.4
2025-06-12 23:36:00,35.9
2025-06-12 22:53:00,4.5
2025-06-12 15:13:00,39.8
2025-06-12 13:26:00,83.4
2025-06-12 16:57:00,90.5
2025-06-12 21:13:00,78.4
2025-06-12 16:29:00,35.5
2025-06-12 19:36:00,97.3
2025-06-12 14:09:00,50.15234640140434
2025-06-12 12:08:00,50.7
2025-06-12 13:58:00,71.8
2025-06-12 08:09:00,47.4
2025-06-12 23:01:00,89.5
2025-06-12 21:53:00,93.1
2025-06-12 07:09:00,61.0
2025-06-12 23:15:00,50.15234640140434
2025-06-12 02:59:00,50.15234640140434
2025-06-12 04:36:00,43.4
2025-06-12 01:57:00,68.6
2025-06-12 15:31:00,50.15234640140434
2025-06-12 18:58:00,42.8
2025-06-12 19:53:00,94.6
2025-06-12 15:02:00,51.7
2025-06-12 05:47:00,98.8
2025-06-12 15:19:00,50.5
2025-06-12 03:08:00,0.0
2025-06-12 13:21:00,50.15234640140434
2025-06-12 11:36:00,18.8
2025-06-12 10:38:00,87.9
2025-06-12 17:06:00,68.6
2025-06-12 10:05:00,87.4
2025-06-12 01:18:00,63.9
2025-06-12 22:38:00,75.3
2025-06-12 13:32:00,50.15234640140434
2025-06-12 15:47:00,50.15234640140434
2025-06-12 12:31:00,4.8
2025-06-12 14:15:00,87.5
2025-06-12 10:52:00,15.2
2025-06-12 21:21:00,25.1
2025-06-12 21:22:00,50.15234640140434
2025-06-12 22:30:00,7.2
2025-06-12 02:19:00,50.15234640140434
2025-06-12 23:40:00,89.0
2025-06-12 10:36:00,50.15234640140434
2025-06-12 05:37:00,91.1
2025-06-12 17:59:00,47.4
2025-06-12 11:01:00,3.7
2025-06-12 11:03:00,97.0
2025-06-12 19:01:00,5.1
2025-06-12 05:44:00,50.15234640140434
2025-06-12 10:15:00,90.6
2025-06-12 00:40:00,21.2
2025-06-12 19:57:00,11.3
2025-06-12 07:06:00,87.0
2025-06-12 10:49:00,99.0
2025-06-12 22:21:00,89.9
2025-06-12 00:17:00,6.5
2025-06-12 10:17:00,95.0
2025-06-12 04:50:00,58.5
2025-06-12 13:47:00,43.2
2025-06-12 11:51:00,57.0
2025-06-12 22:35:00,84.9
2025-06-12 01:42:00,34.6
2025-06-12 20:46:00,3.8
2025-06-12 23:05:00,13.6
2025-06-12 02:52:00,46.5
2025-06-12 02:17:00,16.5
2025-06-12 22:06:00,67.0
2025-06-12 06:51:00,89.1
2025-06-12 08:16:00,32.9
2025-06-12 11:48:00,34.7
2025-06-12 10:39:00,15.3
2025-06-12 22:20:00,68.5
2025-06-12 02:16:00,23.0
2025-06-12 11:33:00,98.5
2025-06-12 19:07:00,72.8
2025-06-12 17:58:00,50.15234640140434
2025-06-12 08:23:00,62.4
2025-06-12 16:30:00,28.6
2025-06-12 10:18:00,14.7
2025-06-12 20:58:00,7.6
2025-06-12 03:06:00,50.15234640140434
2025-06-12 12:04:00,54.4
2025-06-12 19:13:00,50.15234640140434
2025-06-12 05:21:00,50.15234640140434
2025-06-12 02:56:00,50.15234640140434
2025-06-12 16:52:00,88.5
2025-06-12 11:58:00,11.8
2025-06-12 04:33:00,66.5
2025-06-12 08:55:00,50.15234640140434
2025-06-12 10:23:00,6.5
2025-06-12 20:03:00,44.4
2025-06-12 09:53:00,0.8
2025-06-12 02:34:00,69.3
2025-06-12 00:47:00,50.4
2025-06-12 11:02:00,19.2
2025-06-12 11:04:00,46.2
2025-06-12 10:57:00,47.9
2025-06-12 05:43:00,39.9
2025-06-12 07:12:00,50.15234640140434
2025-06-12 08:46:00,27.4
2025-06-12 11:46:00,72.4
2025-06-12 04:02:00,68.6
2025-06-12 05:18:00,48.5
2025-06-12 15:30:00,57.7
2025-06-12 17:44:00,55.7
2025-06-12 17:11:00,2.4
2025-06-12 15:29:00,43.2
2025-06-12 19:59:00,40.9
2025-06-12 02:40:00,13.4
2025-06-12 05:03:00,76.5
2025-06-12 21:11:00,50.15234640140434
2025-06-12 22:17:00,4.6
2025-06-12 20:36:00,37.9
2025-06-12 05:36:00,40.6
2025-06-12 04:48:00,50.15234640140434
2025-06-12 16:07:00,70.8
2025-06-12 11:25:00,54.3
2025-06-12 19:39:00,11.8
2025-06-12 15:00:00,37.8
2025-06-12 13:08:00,19.4
2025-06-12 19:02:00,56.3
2025-06-12 07:46:00,43.8
2025-06-12 07:38:00,76.8
2025-06-12 19:35:00,18.2
2025-06-12 23:55:00,50.15234640140434
2025-06-12 15:42:00,98.0
2025-06-12 09:49:00,33.3
2025-06-12 05:02:00,67.1
2025-06-12 14:38:00,50.15234640140434
2025-06-12 15:57:00,32.3
2025-06-12 17:38:00,59.7
2025-06-12 10:03:00,50.15234640140434
2025-06-12 01:06:00,26.6
2025-06-12 19:03:00,60.0
2025-06-12 11:44:00,19.9
2025-06-12 20:34:00,14.8
2025-06-12 23:20:00,52.4
2025-06-12 02:10:00,15.3
2025-06-12 09:39:00,49.2
2025-06-12 03:15:00,21.3
2025-06-12 06:07:00,60.8
2025-06-12 08:43:00,62.1
2025-06-12 12:10:00,50.15234640140434
2025-06-12 07:52:00,32.3
2025-06-12 00:11:00,44.5
2025-06-12 11:06:00,25.7
2025-06-12 08:32:00,50.15234640140434
2025-06-12 08:26:00,50.15234640140434
2025-06-12 07:04:00,45.4
2025-06-12 12:18:00,50.15234640140434
2025-06-12 04:11:00,77.9
2025-06-12 14:44:00,59.5
2025-06-12 13:00:00,45.3
2025-06-12 21:54:00,50.15234640140434
2025-06-12 20:39:00,13.7
2025-06-12 08:53:00,61.1
2025-06-12 03:45:00,96.6
2025-06-12 14:36:00,50.15234640140434
2025-06-12 10:51:00,95.4
2025-06-12 14:37:00,50.15234640140434
2025-06-12 15:34:00,50.15234640140434
2025-06-12 12:12:00,80.7
2025-06-12 12:05:00,14.5
2025-06-12 19:23:00,50.15234640140434
2025-06-12 23:14:00,94.6
2025-06-12 20:52:00,17.7
2025-06-12 13:24:00,85.7
2025-06-12 02:06:00,57.8
2025-06-12 12:20:00,35.7
2025-06-12 01:01:00,51.0
2025-06-12 16:01:00,85.9
2025-06-12 22:31:00,4.1
2025-06-12 16:44:00,50.15234640140434
2025-06-12 06:43:00,50.15234640140434
2025-06-12 19:29:00,34.9
2025-06-12 12:56:00,61.4
2025-06-12 19:28:00,73.5
2025-06-12 11:13:00,54.8
2025-06-12 09:36:00,70.6
2025-06-12 02:28:00,88.3
2025-06-12 07:42:00,99.5
2025-06-12 04:09:00,6.3
2025-06-12 23:58:00,67.5
2025-06-12 23:07:00,40.1
2025-06-12 13:45:00,10.2
2025-06-12 04:45:00,34.2
2025-06-12 13:44:00,99.2
2025-06-12 10:13:00,63.8
2025-06-12 22:46:00,68.1
2025-06-12 18:50:00,50.15234640140434
2025-06-12 09:06:00,33.2
2025-06-12 01:47:00,86.8
2025-06-12 21:25:00,26.2
2025-06-12 06:32:00,86.4
2025-06-12 12:47:00,50.15234640140434
2025-06-12 01:55:00,71.3
2025-06-12 12:24:00,11.1
2025-06-12 11:21:00,40.6
2025-06-12 19:50:00,47.5
2025-06-12 16:43:00,65.7
2025-06-12 15:14:00,50.15234640140434
2025-06-12 00:42:00,67.3
2025-06-12 20:27:00,59.0
2025-06-12 12:03:00,50.8
2025-06-12 23:31:00,66.0
2025-06-12 10:55:00,65.2
2025-06-12 18:30:00,19.9
2025-06-12 23:16:00,61.0
2025-06-12 18:12:00,9.2
2025-06-12 04:44:00,61.5
2025-06-12 11:05:00,39.2
2025-06-12 05:25:00,9.6
2025-06-12 06:37:00,16.6
2025-06-12 13:23:00,89.3
2025-06-12 21:44:00,82.8
2025-06-12 03:12:00,37.6
2025-06-12 12:59:00,73.9
2025-06-12 14:20:00,50.15234640140434
2025-06-12 03:18:00,83.4
2025-06-12 19:48:00,27.3
2025-06-12 18:06:00,69.2
2025-06-12 00:50:00,82.2
2025-06-12 22:15:00,17.0
2025-06-12 18:45:00,6.9
2025-06-12 01:15:00,5.3
2025-06-12 21:32:00,50.15234640140434
2025-06-12 03:17:00,94.9
2025-06-12 23:24:00,41.2
2025-06-12 01:34:00,43.8
2025-06-12 12:57:00,53.2
2025-06-12 10:43:00,50.15234640140434
2025-06-12 03:54:00,53.2
2025-06-12 19:37:00,50.15234640140434
2025-06-12 04:46:00,22.2
2025-06-12 14:22:00,50.15234640140434
2025-06-12 17:03:00,50.15234640140434
2025-06-12 07:20:00,72.6
2025-06-12 02:11:00,59.5
2025-06-12 21:59:00,62.0
2025-06-12 08:24:00,88.3
2025-06-12 08:45:00,70.5
2025-06-12 22:41:00,69.4
2025-06-12 01:33:00,23.2
2025-06-12 08:13:00,14.1
2025-06-12 12:02:00,50.15234640140434
2025-06-12 06:20:00,43.0
2025-06-12 22:48:00,36.8
2025-06-12 17:00:00,67.7
2025-06-12 17:36:00,81.0
2025-06-12 06:53:00,41.8
2025-06-12 03:14:00,76.9
2025-06-12 20:06:00,89.5
2025-06-12 11:30:00,76.4
2025-06-12 02:38:00,88.4
2025-06-12 12:29:00,28.1
2025-06-12 11:00:00,24.4
2025-06-12 17:27:00,74.5
2025-06-12 00:41:00,57.1
2025-06-12 10:04:00,22.7
2025-06-12 01:49:00,14.2
2025-06-12 00:03:00,75.5
2025-06-12 10:33:00,49.8
2025-06-12 07:23:00,20.7
2025-06-12 15:21:00,75.4
2025-06-12 07:11:00,69.2
2025-06-12 20:29:00,50.15747328871669
2025-06-12 11:37:00,15.4
2025-06-12 12:08:00,90.0
2025-06-12 00:04:00,91.5
2025-06-12 05:31:00,10.5
2025-06-12 00:28:00,82.5
2025-06-12 00:53:00,32.5
2025-06-12 22:32:00,68.4
2025-06-12 23:41:00,35.7
2025-06-12 10:27:00,95.4
2025-06-12 10:14:00,85.3
2025-06-12 17:25:00,31.5
2025-06-12 16:44:00,42.4
2025-06-12 14:11:00,50.15747328871669
2025-06-12 15:30:00,93.1
2025-06-12 10:25:00,8.5
2025-06-12 09:18:00,46.8
2025-06-12 02:10:00,30.6
2025-06-12 16:39:00,11.5
2025-06-12 21:27:00,97.9
2025-06-12 03:01:00,40.6
2025-06-12 16:29:00,56.7
2025-06-12 16:36:00,88.8
2025-06-12 05:00:00,16.4
2025-06-12 03:51:00,27.6
2025-06-12 21:19:00,74.9
2025-06-12 12:48:00,37.7
2025-06-12 08:16:00,48.9
2025-06-12 17:31:00,45.4
2025-06-12 13:44:00,3.8
2025-06-12 01:27:00,69.3
2025-06-12 12:32:00,77.7
2025-06-12 23:57:00,6.9
2025-06-12 18:44:00,26.4
2025-06-12 16:13:00,34.8
2025-06-12 17:51:00,15.2
2025-06-12 08:08:00,98.8
2025-06-12 09:51:00,48.6
2025-06-12 01:52:00,43.3
2025-06-12 21:25:00,47.9
2025-06-12 18:55:00,73.8
2025-06-12 19:48:00,29.4
2025-06-12 12:19:00,62.8
2025-06-12 17:04:00,15.8
2025-06-12 19:39:00,73.9
2025-06-12 19:52:00,50.15747328871669
2025-06-12 20:43:00,70.5
2025-06-12 18:46:00,85.5
2025-06-12 22:54:00,75.8
2025-06-12 20:56:00,74.7
2025-06-12 13:37:00,57.9
2025-06-12 07:42:00,62.7
2025-06-12 02:53:00,79.5
2025-06-12 01:39:00,6.5
2025-06-12 11:01:00,50.15747328871669
2025-06-12 23:27:00,34.9
2025-06-12 01:47:00,10.6
2025-06-12 11:53:00,32.0
2025-06-12 22:06:00,83.5
2025-06-12 06:45:00,70.0
2025-06-12 14:27:00,45.0
2025-06-12 22:48:00,47.8
2025-06-12 14:57:00,32.5
2025-06-12 15:45:00,5.3
2025-06-12 13:07:00,50.15747328871669
2025-06-12 16:50:00,50.15747328871669
2025-06-12 05:33:00,53.6
2025-06-12 20:49:00,50.15747328871669
2025-06-12 08:54:00,63.7
2025-06-12 04:03:00,50.15747328871669
2025-06-12 12:52:00,96.4
2025-06-12 20:46:00,54.8
2025-06-12 10:03:00,16.0
2025-06-12 17:49:00,33.1
2025-06-12 21:52:00,8.0
2025-06-12 20:14:00,79.7
2025-06-12 07:36:00,96.5
2025-06-12 01:50:00,70.3
2025-06-12 16:20:00,95.6
2025-06-12 03:10:00,63.5
2025-06-12 07:34:00,67.8
2025-06-12 18:48:00,2.6
2025-06-12 01:48:00,16.5
2025-06-12 12:28:00,50.15747328871669
2025-06-12 11:55:00,35.4
2025-06-12 16:15:00,10.1
2025-06-12 08:58:00,77.0
2025-06-12 16:18:00,43.0
2025-06-12 01:55:00,54.7
2025-06-12 21:59:00,1.9
2025-06-12 19:09:00,78.6
2025-06-12 09:02:00,73.3
2025-06-12 22:10:00,90.5
2025-06-12 15:29:00,54.9
2025-06-12 04:33:00,50.15747328871669
2025-06-12 11:59:00,81.6
2025-06-12 03:02:00,97.6
2025-06-12 12:34:00,65.8
2025-06-12 17:28:00,4.6
2025-06-12 12:15:00,73.8
2025-06-12 03:11:00,50.15747328871669
2025-06-12 10:12:00,32.9
2025-06-12 04:54:00,18.2
2025-06-12 21:34:00,68.5
2025-06-12 18:42:00,23.5
2025-06-12 21:02:00,50.15747328871669
2025-06-12 10:39:00,74.5
2025-06-12 08:39:00,81.0
2025-06-12 09:41:00,26.3
2025-06-12 04:34:00,30.0
2025-06-12 10:32:00,59.3
2025-06-12 19:05:00,47.4
2025-06-12 19:44:00,55.5
2025-06-12 13:29:00,40.3
2025-06-12 20:25:00,3.1
2025-06-12 18:45:00,28.5
2025-06-12 07:24:00,50.15747328871669
2025-06-12 02:28:00,18.2
2025-06-12 02:06:00,79.2
2025-06-12 15:33:00,96.6
2025-06-12 08:41:00,58.0
2025-06-12 03:31:00,74.2
2025-06-12 18:05:00,14.9
2025-06-12 13:54:00,59.1
2025-06-12 04:57:00,25.4
2025-06-12 07:15:00,50.15747328871669
2025-06-12 20:58:00,52.0
2025-06-12 05:05:00,46.4
2025-06-12 09:45:00,22.9
2025-06-12 02:12:00,50.15747328871669
2025-06-12 14:03:00,21.7
2025-06-12 08:30:00,35.3
2025-06-12 03:19:00,51.6
2025-06-12 09:13:00,48.8
2025-06-12 12:02:00,99.7
2025-06-12 11:17:00,33.2
2025-06-12 13:53:00,50.15747328871669
2025-06-12 22:27:00,98.9
2025-06-12 10:43:00,26.4
2025-06-12 14:53:00,54.0
2025-06-12 06:51:00,60.2
2025-06-12 09:09:00,78.2
2025-06-12 12:47:00,1.5
2025-06-12 01:35:00,5.2
2025-06-12 07:30:00,50.15747328871669
2025-06-12 02:37:00,46.6
2025-06-12 15:28:00,50.15747328871669
2025-06-12 15:20:00,59.8
2025-06-12 10:05:00,50.2
2025-06-12 08:33:00,77.6
2025-06-12 11:08:00,15.8
2025-06-12 21:11:00,84.5
2025-06-12 03:52:00,65.9
2025-06-12 09:49:00,67.9
2025-06-12 17:45:00,48.8
2025-06-12 05:38:00,24.3
2025-06-12 05:14:00,23.4
2025-06-12 14:10:00,50.15747328871669
2025-06-12 19:38:00,10.2
2025-06-12 04:27:00,37.5
2025-06-12 17:03:00,20.2
2025-06-12 12:18:00,40.0
2025-06-12 23:52:00,79.3
2025-06-12 15:44:00,50.15747328871669
2025-06-12 20:22:00,20.3
2025-06-12 05:55:00,41.0
2025-06-12 21:28:00,50.15747328871669
2025-06-12 07:06:00,95.1
2025-06-12 11:11:00,93.4
2025-06-12 23:34:00,30.2
2025-06-12 03:07:00,58.8
2025-06-12 05:27:00,44.3
2025-06-12 05:51:00,69.3
2025-06-12 18:18:00,45.3
2025-06-12 02:45:00,93.8
2025-06-12 14:46:00,37.2
2025-06-12 03:13:00,41.7
2025-06-12 21:50:00,66.2
2025-06-12 13:43:00,92.1
2025-06-12 21:05:00,49.0
2025-06-12 12:49:00,60.0
2025-06-12 06:33:00,85.5
2025-06-12 23:23:00,50.15747328871669
2025-06-12 00:21:00,93.3
2025-06-12 17:21:00,34.3
2025-06-12 16:23:00,50.15747328871669
2025-06-12 14:23:00,6.3
2025-06-12 14:45:00,11.8
2025-06-12 00:03:00,49.4
2025-06-12 23:40:00,14.8
2025-06-12 18:41:00,92.7
2025-06-12 21:20:00,73.7
2025-06-12 03:56:00,2.0
2025-06-12 11:18:00,15.6
2025-06-12 06:43:00,50.15747328871669
2025-06-12 16:21:00,58.7
2025-06-12 08:52:00,86.6
2025-06-12 22:43:00,70.6
2025-06-12 01:49:00,67.2
2025-06-12 11:23:00,50.15747328871669
2025-06-12 12:37:00,75.1
2025-06-12 01:36:00,93.6
2025-06-12 09:23:00,50.15747328871669
2025-06-12 14:21:00,71.8
2025-06-12 05:07:00,19.3
2025-06-12 15:07:00,50.15747328871669
2025-06-12 01:00:00,78.4
2025-06-12 19:54:00,6.9
2025-06-12 17:34:00,50.15747328871669
2025-06-12 13:34:00,92.6
2025-06-12 07:26:00,50.15747328871669
2025-06-12 23:59:00,50.15747328871669
2025-06-12 21:08:00,6.6
2025-06-12 16:54:00,87.7
2025-06-12 12:51:00,50.15747328871669
2025-06-12 12:09:00,70.7
2025-06-12 05:30:00,23.1
2025-06-12 16:02:00,83.1
2025-06-12 12:39:00,50.15747328871669
2025-06-12 04:52:00,1.6
2025-06-12 19:04:00,50.15747328871669
2025-06-12 09:22:00,50.15747328871669
2025-06-12 04:19:00,59.9
2025-06-12 00:45:00,13.1
2025-06-12 16:12:00,67.0
2025-06-12 04:14:00,47.5
2025-06-12 04:46:00,8.7
2025-06-12 04:13:00,26.5
2025-06-12 06:57:00,61.2
2025-06-12 21:43:00,17.0
2025-06-12 07:18:00,50.15747328871669
2025-06-12 10:34:00,93.5
2025-06-12 00:13:00,62.7
2025-06-12 19:35:00,3.6
2025-06-12 21:18:00,87.8
2025-06-12 01:17:00,69.4
2025-06-12 15:51:00,7.9
2025-06-12 11:33:00,67.1
2025-06-12 22:46:00,72.4
2025-06-12 19:18:00,81.7
2025-06-12 00:14:00,37.8
2025-06-12 18:31:00,76.3
2025-06-12 15:13:00,6.9
2025-06-12 18:11:00,6.5
2025-06-12 18:04:00,62.6
2025-06-12 05:45:00,68.5
2025-06-12 03:42:00,30.3
2025-06-12 04:58:00,50.15747328871669
2025-06-12 16:22:00,66.4
2025-06-12 13:38:00,67.8
2025-06-12 12:27:00,45.4
2025-06-12 16:35:00,91.8
2025-06-12 18:33:00,8.0
2025-06-12 09:27:00,50.15747328871669
2025-06-12 18:54:00,31.9
2025-06-12 22:29:00,35.8
2025-06-12 06:56:00,41.0
2025-06-12 11:05:00,86.0
2025-06-12 05:39:00,78.4
2025-06-12 10:15:00,94.5
2025-06-12 17:39:00,5.6
2025-06-12 02:56:00,40.4
2025-06-12 09:59:00,9.3
2025-06-12 07:49:00,50.15747328871669
2025-06-12 00:36:00,70.8
2025-06-12 06:26:00,17.3
2025-06-12 15:35:00,2.5
2025-06-12 20:15:00,98.9
2025-06-12 21:09:00,63.6
2025-06-12 08:18:00,52.1
2025-06-12 05:22:00,50.15747328871669
2025-06-12 01:05:00,82.1
2025-06-12 07:20:00,50.15747328871669
2025-06-12 13:47:00,50.3
2025-06-12 01:41:00,50.15747328871669
2025-06-12 22:52:00,39.0
2025-06-12 01:25:00,6.2
2025-06-12 09:05:00,47.6
2025-06-12 13:30:00,79.3
2025-06-12 00:39:00,77.3
2025-06-12 17:48:00,24.0
2025-06-12 02:17:00,24.8
2025-06-12 02:03:00,15.4
2025-06-12 20:33:00,82.9
2025-06-12 19:37:00,54.6
2025-06-12 00:17:00,56.0
2025-06-12 12:12:00,76.9
2025-06-12 04:09:00,79.6
2025-06-12 07:22:00,70.4
2025-06-12 14:59:00,63.0
2025-06-12 06:09:00,33.4
2025-06-12 01:34:00,0.9
2025-06-12 09:14:00,50.15747328871669
2025-06-12 18:34:00,60.5
2025-06-12 22:00:00,41.8
2025-06-12 14:54:00,26.7
2025-06-12 08:24:00,16.5
2025-06-12 09:08:00,37.6
2025-06-12 05:48:00,70.5
2025-06-12 10:06:00,89.2
2025-06-12 12:10:00,99.9
2025-06-12 21:44:00,33.4
2025-06-12 05:17:00,50.15747328871669
2025-06-12 22:44:00,11.9
2025-06-12 09:00:00,61.6
2025-06-12 17:24:00,64.9
2025-06-12 07:07:00,75.1
2025-06-12 15:37:00,79.2
2025-06-12 04:23:00,40.2
2025-06-12 01:31:00,68.5
2025-06-12 23:28:00,13.7
2025-06-12 05:10:00,50.15747328871669
2025-06-12 16:28:00,40.5
2025-06-12 13:51:00,99.2
2025-06-12 18:06:00,11.1
2025-06-12 03:36:00,50.15747328871669
2025-06-12 10:24:00,68.2
2025-06-12 10:37:00,69.9
2025-06-12 17:50:00,48.4
2025-06-12 13:33:00,50.15747328871669
2025-06-12 14:17:00,20.4
2025-06-12 22:23:00,27.0
2025-06-12 04:00:00,95.1
2025-06-12 15:22:00,61.8
2025-06-12 04:31:00,2.5
2025-06-12 23:36:00,50.07997412982127
2025-06-12 10:21:00,75.8
2025-06-12 14:22:00,81.7
2025-06-12 03:13:00,18.8
2025-06-12 00:40:00,63.2
2025-06-12 18:41:00,16.8
2025-06-12 00:12:00,26.5
2025-06-12 01:19:00,49.5
2025-06-12 07:38:00,50.07997412982127
2025-06-12 03:38:00,94.4
2025-06-12 21:36:00,50.07997412982127
2025-06-12 14:05:00,36.1
2025-06-12 06:37:00,50.07997412982127
2025-06-12 18:35:00,50.07997412982127
2025-06-12 18:18:00,3.9
2025-06-12 20:31:00,68.4
2025-06-12 18:19:00,36.8
2025-06-12 23:53:00,61.6
2025-06-12 09:28:00,6.4
2025-06-12 14:00:00,94.0
2025-06-12 00:44:00,37.4
2025-06-12 05:52:00,50.07997412982127
2025-06-12 10:41:00,17.8
2025-06-12 00:18:00,77.8
2025-06-12 12:41:00,5.6
2025-06-12 01:13:00,74.4
2025-06-12 19:58:00,57.5
2025-06-12 23:51:00,90.2
2025-06-12 05:37:00,36.3
2025-06-12 17:16:00,50.07997412982127
2025-06-12 04:40:00,15.2
2025-06-12 15:33:00,54.6
2025-06-12 08:33:00,50.07997412982127
2025-06-12 22:55:00,57.8
2025-06-12 09:58:00,99.4
2025-06-12 16:34:00,50.07997412982127
2025-06-12 09:14:00,17.4
2025-06-12 02:47:00,50.07997412982127
2025-06-12 12:20:00,50.07997412982127
2025-06-12 09:56:00,50.07997412982127
2025-06-12 06:30:00,32.2
2025-06-12 07:01:00,86.7
2025-06-12 03:27:00,71.4
2025-06-12 10:56:00,31.2
2025-06-12 23:02:00,50.07997412982127
2025-06-12 01:59:00,68.0
2025-06-12 19:13:00,50.07997412982127
2025-06-12 14:29:00,30.5
2025-06-12 18:45:00,16.4
2025-06-12 12:03:00,82.0
2025-06-12 10:07:00,59.5
2025-06-12 11:58:00,56.7
2025-06-12 01:15:00,21.0
2025-06-12 16:43:00,15.4
2025-06-12 11:03:00,50.07997412982127
2025-06-12 20:21:00,21.0
2025-06-12 06:47:00,80.4
2025-06-12 20:37:00,29.8
2025-06-12 23:11:00,60.8
2025-06-12 06:50:00,94.4
2025-06-12 21:12:00,57.5
2025-06-12 02:14:00,75.3
2025-06-12 08:40:00,97.4
2025-06-12 20:08:00,66.6
2025-06-12 22:04:00,58.1
2025-06-12 09:47:00,93.1
2025-06-12 20:55:00,50.07997412982127
2025-06-12 01:22:00,10.3
2025-06-12 16:53:00,45.8
2025-06-12 19:35:00,2.6
2025-06-12 23:12:00,50.07997412982127
2025-06-12 18:42:00,87.3
2025-06-12 10:20:00,50.07997412982127
2025-06-12 01:32:00,58.2
2025-06-12 22:34:00,44.5
2025-06-12 18:15:00,29.7
2025-06-12 02:54:00,26.1
2025-06-12 04:30:00,66.7
2025-06-12 09:59:00,50.07997412982127
2025-06-12 00:47:00,33.8
2025-06-12 04:18:00,50.07997412982127
2025-06-12 01:18:00,46.0
2025-06-12 21:21:00,50.07997412982127
2025-06-12 10:02:00,82.5
2025-06-12 18:17:00,50.07997412982127
2025-06-12 21:17:00,50.07997412982127
2025-06-12 18:16:00,12.6
2025-06-12 09:06:00,50.07997412982127
2025-06-12 13:55:00,56.3
2025-06-12 20:52:00,50.07997412982127
2025-06-12 20:26:00,16.3
2025-06-12 18:28:00,92.1
2025-06-12 18:22:00,90.5
2025-06-12 15:44:00,21.9
2025-06-12 07:10:00,30.1
2025-06-12 17:05:00,70.2
2025-06-12 14:44:00,1.1
2025-06-12 04:27:00,62.3
2025-06-12 17:48:00,8.6
2025-06-12 09:35:00,54.5
2025-06-12 11:59:00,27.4
2025-06-12 05:05:00,81.0
2025-06-12 19:02:00,50.07997412982127
2025-06-12 16:14:00,34.9
2025-06-12 02:16:00,50.07997412982127
2025-06-12 02:22:00,50.07997412982127
2025-06-12 11:00:00,82.8
2025-06-12 21:13:00,58.3
2025-06-12 15:19:00,65.8
2025-06-12 15:05:00,41.1
2025-06-12 09:04:00,50.07997412982127
2025-06-12 19:54:00,30.1
2025-06-12 05:26:00,5.1
2025-06-12 21:55:00,64.6
2025-06-12 08:08:00,5.3
2025-06-12 18:47:00,2.1
2025-06-12 00:22:00,4.5
2025-06-12 08:38:00,57.5
2025-06-12 23:06:00,97.8
2025-06-12 02:44:00,67.3
2025-06-12 01:20:00,50.07997412982127
2025-06-12 15:43:00,40.8
2025-06-12 23:04:00,4.4
2025-06-12 10:37:00,50.07997412982127
2025-06-12 06:06:00,94.1
2025-06-12 21:58:00,96.9
2025-06-12 06:01:00,33.8
2025-06-12 15:24:00,99.6
2025-06-12 00:08:00,74.6
2025-06-12 07:49:00,78.0
2025-06-12 21:14:00,50.07997412982127
2025-06-12 11:18:00,28.9
2025-06-12 08:23:00,55.2
2025-06-12 11:57:00,81.5
2025-06-12 09:13:00,39.5
2025-06-12 15:38:00,45.5
2025-06-12 15:51:00,50.07997412982127
2025-06-12 12:57:00,50.07997412982127
2025-06-12 04:32:00,13.8
2025-06-12 12:37:00,42.7
2025-06-12 23:43:00,85.9
2025-06-12 13:52:00,80.0
2025-06-12 07:14:00,13.8
2025-06-12 01:55:00,62.9
2025-06-12 21:46:00,80.3
2025-06-12 23:54:00,95.8
2025-06-12 09:42:00,30.7
2025-06-12 09:38:00,89.8
2025-06-12 09:37:00,85.5
2025-06-12 23:21:00,50.07997412982127
2025-06-12 14:19:00,8.3
2025-06-12 01:53:00,76.9
2025-06-12 20:20:00,85.5
2025-06-12 06:25:00,93.4
2025-06-12 21:18:00,17.4
2025-06-12 03:08:00,50.07997412982127
2025-06-12 03:48:00,46.5
2025-06-12 13:12:00,2.5
2025-06-12 15:03:00,11.4
2025-06-12 06:24:00,43.3
2025-06-12 15:30:00,80.2
2025-06-12 16:06:00,38.5
2025-06-12 18:36:00,50.07997412982127
2025-06-12 10:29:00,61.7
2025-06-12 12:36:00,11.0
2025-06-12 03:53:00,61.4
2025-06-12 20:41:00,51.0
2025-06-12 11:41:00,41.8
2025-06-12 00:19:00,24.1
2025-06-12 01:48:00,38.3
2025-06-12 20:25:00,42.8
2025-06-12 02:29:00,22.6
2025-06-12 07:57:00,50.07997412982127
2025-06-12 19:26:00,94.4
2025-06-12 00:23:00,77.2
2025-06-12 10:24:00,13.6
2025-06-12 10:43:00,32.9
2025-06-12 18:39:00,88.0
2025-06-12 03:12:00,29.8
2025-06-12 16:51:00,90.9
2025-06-12 03:18:00,50.07997412982127
2025-06-12 22:29:00,67.0
2025-06-12 00:15:00,17.5
2025-06-12 03:05:00,22.2
2025-06-12 14:43:00,97.6
2025-06-12 15:56:00,55.4
2025-06-12 22:07:00,81.3
2025-06-12 08:21:00,54.1
2025-06-12 23:47:00,61.6
2025-06-12 16:03:00,93.5
2025-06-12 21:44:00,1.5
2025-06-12 08:36:00,50.07997412982127
2025-06-12 17:28:00,65.2
2025-06-12 09:25:00,50.07997412982127
2025-06-12 10:08:00,57.6
2025-06-12 03:45:00,50.07997412982127
2025-06-12 09:01:00,50.07997412982127
2025-06-12 15:16:00,27.3
2025-06-12 23:18:00,50.07997412982127
2025-06-12 22:15:00,51.9
2025-06-12 04:50:00,17.6
2025-06-12 18:38:00,92.6
2025-06-12 15:08:00,97.2
2025-06-12 08:30:00,43.1
2025-06-12 07:13:00,94.0
2025-06-12 08:05:00,45.8
2025-06-12 18:34:00,27.5
2025-06-12 15:07:00,29.8
2025-06-12 16:08:00,15.0
2025-06-12 21:30:00,30.2
2025-06-12 03:51:00,64.7
2025-06-12 10:09:00,47.2
2025-06-12 17:14:00,30.6
2025-06-12 03:21:00,32.8
2025-06-12 08:54:00,66.3
2025-06-12 23:09:00,11.6
2025-06-12 03:47:00,88.0
2025-06-12 10:33:00,37.4
2025-06-12 06:07:00,13.7
2025-06-12 12:08:00,20.6
2025-06-12 12:32:00,25.6
2025-06-12 23:05:00,64.7
2025-06-12 04:13:00,6.1
2025-06-12 06:48:00,18.0
2025-06-12 12:38:00,97.4
2025-06-12 02:10:00,50.07997412982127
2025-06-12 23:48:00,75.6
2025-06-12 01:37:00,2.4
2025-06-12 20:39:00,65.4
2025-06-12 17:51:00,11.4
2025-06-12 15:54:00,80.6
2025-06-12 07:11:00,25.0
2025-06-12 14:18:00,50.07997412982127
2025-06-12 19:59:00,94.7
2025-06-12 20:04:00,4.5
2025-06-12 00:59:00,44.4
2025-06-12 12:28:00,26.0
2025-06-12 15:40:00,87.5
2025-06-12 21:49:00,88.7
2025-06-12 08:42:00,13.3
2025-06-12 01:38:00,97.7
2025-06-12 12:27:00,18.3
2025-06-12 22:42:00,68.5
2025-06-12 10:38:00,75.7
2025-06-12 00:13:00,70.7
2025-06-12 03:24:00,20.1
2025-06-12 06:12:00,70.2
2025-06-12 12:34:00,99.5
2025-06-12 00:49:00,6.9
2025-06-12 22:59:00,42.3
2025-06-12 03:17:00,87.9
2025-06-12 22:11:00,22.3
2025-06-12 07:56:00,50.07997412982127
2025-06-12 06:41:00,50.07997412982127
2025-06-12 05:11:00,65.2
2025-06-12 06:49:00,54.5
2025-06-12 08:55:00,50.07997412982127
2025-06-12 09:03:00,11.1
2025-06-12 05:55:00,84.4
2025-06-12 23:26:00,59.8
2025-06-12 13:33:00,26.5
2025-06-12 18:24:00,35.3
2025-06-12 14:46:00,20.7
2025-06-12 01:45:00,40.6
2025-06-12 10:12:00,66.0
2025-06-12 15:00:00,59.1
2025-06-12 22:38:00,50.07997412982127
2025-06-12 17:54:00,50.07997412982127
2025-06-12 07:22:00,50.07997412982127
2025-06-12 07:20:00,50.07997412982127
2025-06-12 05:54:00,14.1
2025-06-12 10:59:00,88.2
2025-06-12 00:28:00,91.5
2025-06-12 07:54:00,73.0
2025-06-12 12:05:00,55.9
2025-06-12 02:48:00,99.4
2025-06-12 16:45:00,2.7
2025-06-12 11:46:00,56.8
2025-06-12 15:14:00,48.8
2025-06-12 13:39:00,50.07997412982127
2025-06-12 18:05:00,31.6
2025-06-12 19:32:00,2.2
2025-06-12 18:56:00,16.9
2025-06-12 18:42:00,45.3
2025-06-12 23:46:00,43.3
2025-06-12 13:17:00,54.2
2025-06-12 13:31:00,58.9
2025-06-12 03:08:00,17.9
2025-06-12 14:42:00,83.2
2025-06-12 13:16:00,76.2
2025-06-12 22:29:00,42.9
2025-06-12 08:08:00,27.8
2025-06-12 03:41:00,90.2
2025-06-12 19:19:00,24.4
2025-06-12 19:29:00,48.4
2025-06-12 09:25:00,49.822039706925075
2025-06-12 02:16:00,16.3
2025-06-12 21:46:00,3.6
2025-06-12 10:06:00,8.6
2025-06-12 14:34:00,9.8
2025-06-12 23:49:00,49.822039706925075
2025-06-12 10:59:00,54.5
2025-06-12 08:48:00,7.6
2025-06-12 04:33:00,49.822039706925075
2025-06-12 13:37:00,43.2
2025-06-12 04:35:00,81.6
2025-06-12 11:28:00,26.1
2025-06-12 14:31:00,7.9
2025-06-12 04:08:00,84.8
2025-06-12 23:14:00,87.7
2025-06-12 03:37:00,19.6
2025-06-12 16:25:00,5.6
2025-06-12 01:47:00,67.0
2025-06-12 11:53:00,28.9
2025-06-12 11:46:00,98.8
2025-06-12 17:31:00,49.822039706925075
2025-06-12 05:26:00,33.0
2025-06-12 19:32:00,44.3
2025-06-12 20:26:00,79.4
2025-06-12 00:40:00,13.3
2025-06-12 11:48:00,45.1
2025-06-12 11:33:00,11.8
2025-06-12 08:31:00,32.9
2025-06-12 01:55:00,13.0
2025-06-12 19:50:00,91.4
2025-06-12 14:00:00,26.9
2025-06-12 09:53:00,46.0
2025-06-12 22:57:00,46.7
2025-06-12 13:22:00,7.3
2025-06-12 07:55:00,45.9
2025-06-12 09:54:00,49.822039706925075
2025-06-12 02:20:00,43.1
2025-06-12 06:25:00,67.6
2025-06-12 12:40:00,49.822039706925075
2025-06-12 11:02:00,74.7
2025-06-12 21:43:00,94.5
2025-06-12 23:24:00,78.9
2025-06-12 17:57:00,92.8
2025-06-12 09:27:00,49.822039706925075
2025-06-12 06:23:00,81.1
2025-06-12 05:28:00,89.8
2025-06-12 07:40:00,16.9
2025-06-12 18:13:00,74.9
2025-06-12 09:35:00,49.822039706925075
2025-06-12 23:08:00,81.1
2025-06-12 16:23:00,84.0
2025-06-12 13:26:00,17.6
2025-06-12 15:12:00,65.5
2025-06-12 03:29:00,70.3
2025-06-12 14:26:00,49.822039706925075
2025-06-12 18:15:00,85.3
2025-06-12 09:04:00,49.822039706925075
2025-06-12 12:34:00,88.2
2025-06-12 22:43:00,19.1
2025-06-12 06:43:00,95.3
2025-06-12 06:30:00,94.8
2025-06-12 07:12:00,49.822039706925075
2025-06-12 04:36:00,72.1
2025-06-12 07:44:00,63.0
2025-06-12 19:17:00,27.3
2025-06-12 16:09:00,77.1
2025-06-12 09:37:00,51.6
2025-06-12 01:22:00,31.1
2025-06-12 03:47:00,6.6
2025-06-12 11:41:00,69.1
2025-06-12 09:32:00,64.2
2025-06-12 12:03:00,78.1
2025-06-12 02:31:00,50.8
2025-06-12 03:52:00,31.6
2025-06-12 02:01:00,88.2
2025-06-12 21:48:00,70.0
2025-06-12 21:17:00,44.9
2025-06-12 23:31:00,22.8
2025-06-12 00:01:00,24.0
2025-06-12 20:35:00,49.822039706925075
2025-06-12 10:34:00,52.9
2025-06-12 20:22:00,19.0
2025-06-12 18:48:00,52.1
2025-06-12 07:46:00,82.1
2025-06-12 19:37:00,90.4
2025-06-12 15:48:00,23.8
2025-06-12 03:15:00,49.6
2025-06-12 10:49:00,49.822039706925075
2025-06-12 23:13:00,9.7
2025-06-12 22:47:00,76.9
2025-06-12 01:34:00,5.5
2025-06-12 19:57:00,21.9
2025-06-12 00:27:00,9.4
2025-06-12 21:04:00,58.3
2025-06-12 00:29:00,49.822039706925075
2025-06-12 20:16:00,60.0
2025-06-12 09:23:00,27.3
2025-06-12 12:57:00,40.4
2025-06-12 09:52:00,45.0
2025-06-12 18:11:00,19.1
2025-06-12 07:23:00,4.2
2025-06-12 06:20:00,90.5
2025-06-12 03:49:00,92.8
2025-06-12 15:37:00,62.6
2025-06-12 14:56:00,72.8
2025-06-12 01:12:00,49.822039706925075
2025-06-12 04:32:00,79.5
2025-06-12 17:44:00,48.9
2025-06-12 19:04:00,6.9
2025-06-12 12:15:00,90.8
2025-06-12 05:29:00,86.7
2025-06-12 21:35:00,49.822039706925075
2025-06-12 01:38:00,48.5
2025-06-12 06:14:00,21.1
2025-06-12 18:50:00,60.8
2025-06-12 04:46:00,52.9
2025-06-12 03:36:00,34.3
2025-06-12 06:05:00,73.7
2025-06-12 21:52:00,2.4
2025-06-12 17:37:00,49.822039706925075
2025-06-12 13:19:00,37.3
2025-06-12 06:24:00,59.7
2025-06-12 00:20:00,12.1
2025-06-12 13:49:00,49.822039706925075
2025-06-12 12:11:00,92.0
2025-06-12 14:54:00,49.822039706925075
2025-06-12 05:53:00,5.5
2025-06-12 21:57:00,49.822039706925075
2025-06-12 22:39:00,89.0
2025-06-12 09:07:00,42.9
2025-06-12 09:43:00,80.5
2025-06-12 23:38:00,59.5
2025-06-12 07:04:00,49.822039706925075
2025-06-12 16:45:00,87.2
2025-06-12 19:43:00,67.9
2025-06-12 10:27:00,6.2
2025-06-12 11:05:00,24.7
2025-06-12 15:05:00,49.822039706925075
2025-06-12 01:50:00,49.4
2025-06-12 12:13:00,68.1
2025-06-12 09:03:00,43.1
2025-06-12 00:04:00,6.0
2025-06-12 11:42:00,17.4
2025-06-12 00:57:00,85.3
2025-06-12 09:26:00,55.8
2025-06-12 12:55:00,16.3
2025-06-12 22:40:00,81.7
2025-06-12 04:48:00,56.0
2025-06-12 14:43:00,49.822039706925075
2025-06-12 15:28:00,4.1
2025-06-12 17:07:00,90.7
2025-06-12 11:49:00,16.3
2025-06-12 19:00:00,50.9
2025-06-12 17:18:00,88.5
2025-06-12 02:36:00,28.1
2025-06-12 09:39:00,57.1
2025-06-12 01:40:00,18.5
2025-06-12 16:19:00,1.7
2025-06-12 12:02:00,60.8
2025-06-12 01:13:00,94.4
2025-06-12 10:40:00,75.4
2025-06-12 04:24:00,26.5
2025-06-12 04:37:00,49.822039706925075
2025-06-12 18:25:00,28.7
2025-06-12 20:46:00,54.7
2025-06-12 14:27:00,26.8
2025-06-12 13:11:00,51.6
2025-06-12 11:36:00,79.0
2025-06-12 07:18:00,71.6
2025-06-12 09:24:00,45.4
2025-06-12 14:35:00,30.7
2025-06-12 04:15:00,49.4
2025-06-12 21:56:00,1.3
2025-06-12 12:10:00,95.3
2025-06-12 02:58:00,26.0
2025-06-12 22:16:00,53.7
2025-06-12 21:45:00,49.822039706925075
2025-06-12 07:49:00,35.6
2025-06-12 07:56:00,49.822039706925075
2025-06-12 12:23:00,79.3
2025-06-12 23:03:00,11.0
2025-06-12 09:11:00,44.0
2025-06-12 14:02:00,84.0
2025-06-12 09:47:00,14.6
2025-06-12 01:41:00,49.822039706925075
2025-06-12 00:25:00,71.9
2025-06-12 04:13:00,49.822039706925075
2025-06-12 01:11:00,91.2
2025-06-12 10:51:00,63.5
2025-06-12 07:39:00,69.8
2025-06-12 08:13:00,70.4
2025-06-12 18:27:00,55.4
2025-06-12 22:58:00,98.7
2025-06-12 13:14:00,80.2
2025-06-12 23:02:00,49.822039706925075
2025-06-12 23:34:00,60.9
2025-06-12 23:54:00,89.8
2025-06-12 07:16:00,18.8
2025-06-12 05:00:00,49.822039706925075
2025-06-12 22:08:00,98.1
2025-06-12 15:21:00,97.3
2025-06-12 19:13:00,65.3
2025-06-12 04:34:00,53.1
2025-06-12 20:12:00,74.3
2025-06-12 20:10:00,76.4
2025-06-12 17:59:00,71.0
2025-06-12 08:30:00,49.822039706925075
2025-06-12 16:20:00,49.822039706925075
2025-06-12 21:58:00,49.822039706925075
2025-06-12 06:13:00,11.9
2025-06-12 17:52:00,31.5
2025-06-12 09:29:00,21.9
2025-06-12 15:11:00,36.0
2025-06-12 17:10:00,67.7
2025-06-12 11:23:00,72.3
2025-06-12 02:24:00,90.4
2025-06-12 19:07:00,14.6
2025-06-12 07:17:00,33.7
2025-06-12 14:07:00,49.822039706925075
2025-06-12 13:47:00,36.3
2025-06-12 03:44:00,96.8
2025-06-12 01:20:00,56.2
2025-06-12 16:37:00,82.9
2025-06-12 01:18:00,58.2
2025-06-12 17:14:00,63.3
2025-06-12 04:01:00,34.9
2025-06-12 10:05:00,25.0
2025-06-12 11:44:00,88.1
2025-06-12 06:59:00,72.0
2025-06-12 23:51:00,31.2
2025-06-12 18:46:00,67.8
2025-06-12 16:36:00,53.9
2025-06-12 13:33:00,62.8
2025-06-12 04:12:00,49.822039706925075
2025-06-12 12:17:00,48.4
2025-06-12 22:59:00,67.2
2025-06-12 06:06:00,33.9
2025-06-12 14:22:00,49.822039706925075
2025-06-12 11:03:00,42.7
2025-06-12 01:30:00,32.2
2025-06-12 14:20:00,38.8
2025-06-12 16:35:00,71.7
2025-06-12 15:07:00,25.7
2025-06-12 21:00:00,87.3
2025-06-12 01:57:00,49.822039706925075
2025-06-12 21:03:00,52.1
2025-06-12 05:50:00,73.5
2025-06-12 04:43:00,78.8
2025-06-12 16:51:00,63.0
2025-06-12 22:55:00,49.822039706925075
2025-06-12 22:03:00,49.4
2025-06-12 15:43:00,49.822039706925075
2025-06-12 21:30:00,13.5
2025-06-12 04:39:00,41.2
2025-06-12 08:49:00,91.5
2025-06-12 23:00:00,22.0
2025-06-12 21:11:00,23.8
2025-06-12 18:47:00,68.3
2025-06-12 16:34:00,81.9
2025-06-12 02:17:00,49.822039706925075
2025-06-12 01:33:00,77.4
2025-06-12 14:28:00,84.7
2025-06-12 05:31:00,74.1
2025-06-12 18:35:00,61.2
2025-06-12 21:24:00,97.6
2025-06-12 00:45:00,27.9
2025-06-12 20:01:00,91.3
2025-06-12 06:10:00,6.3
2025-06-12 10:53:00,9.4
2025-06-12 12:30:00,30.9
2025-06-12 04:44:00,61.5
2025-06-12 11:30:00,20.3
2025-06-12 22:07:00,73.8
2025-06-12 12:34:00,50.313785814936594
2025-06-12 02:56:00,95.5
2025-06-12 10:49:00,0.3
2025-06-12 21:31:00,77.5
2025-06-12 14:32:00,50.313785814936594
2025-06-12 12:36:00,50.313785814936594
2025-06-12 06:43:00,6.1
2025-06-12 15:17:00,50.313785814936594
2025-06-12 08:56:00,65.3
2025-06-12 11:00:00,11.0
2025-06-12 13:22:00,50.313785814936594
2025-06-12 07:16:00,23.4
2025-06-12 04:53:00,46.9
2025-06-12 13:56:00,37.6
2025-06-12 06:19:00,54.0
2025-06-12 10:35:00,50.4
2025-06-12 08:22:00,94.2
2025-06-12 02:05:00,23.1
2025-06-12 23:32:00,43.2
2025-06-12 18:05:00,33.5
2025-06-12 09:52:00,50.313785814936594
2025-06-12 13:18:00,22.7
2025-06-12 23:37:00,24.7
2025-06-12 04:46:00,3.4
2025-06-12 03:22:00,54.0
2025-06-12 19:39:00,50.313785814936594
2025-06-12 18:31:00,63.2
2025-06-12 02:32:00,32.9
2025-06-12 23:02:00,86.1
2025-06-12 08:01:00,64.8
2025-06-12 02:53:00,50.313785814936594
2025-06-12 23:45:00,67.6
2025-06-12 13:23:00,47.2
2025-06-12 09:18:00,94.6
2025-06-12 18:50:00,24.5
2025-06-12 03:58:00,3.5
2025-06-12 02:45:00,51.3
2025-06-12 15:43:00,72.6
2025-06-12 06:28:00,18.5
2025-06-12 01:05:00,64.4
2025-06-12 02:48:00,98.7
2025-06-12 08:32:00,58.2
2025-06-12 01:46:00,50.313785814936594
2025-06-12 06:58:00,68.1
2025-06-12 09:09:00,40.3
2025-06-12 13:01:00,90.3
2025-06-12 11:51:00,50.313785814936594
2025-06-12 10:24:00,86.8
2025-06-12 13:59:00,63.7
2025-06-12 03:02:00,69.7
2025-06-12 02:42:00,3.1
2025-06-12 03:31:00,53.1
2025-06-12 09:48:00,47.2
2025-06-12 07:11:00,88.9
2025-06-12 07:56:00,50.313785814936594
2025-06-12 08:25:00,13.4
2025-06-12 01:50:00,40.4
2025-06-12 08:33:00,90.3
2025-06-12 10:53:00,39.2
2025-06-12 11:44:00,28.3
2025-06-12 17:09:00,63.0
2025-06-12 17:33:00,28.5
2025-06-12 14:10:00,23.7
2025-06-12 13:58:00,21.9
2025-06-12 08:05:00,40.1
2025-06-12 11:39:00,85.2
2025-06-12 06:42:00,84.3
2025-06-12 18:54:00,69.4
2025-06-12 22:23:00,50.313785814936594
2025-06-12 11:43:00,37.7
2025-06-12 21:30:00,52.5
2025-06-12 03:33:00,8.7
2025-06-12 00:37:00,50.313785814936594
2025-06-12 23:58:00,43.4
2025-06-12 22:43:00,42.1
2025-06-12 04:02:00,48.7
2025-06-12 12:04:00,14.2
2025-06-12 16:25:00,2.5
2025-06-12 16:34:00,47.3
2025-06-12 02:08:00,0.8
2025-06-12 02:00:00,50.313785814936594
2025-06-12 19:30:00,20.4
2025-06-12 05:59:00,81.5
2025-06-12 20:20:00,75.1
2025-06-12 05:01:00,88.7
2025-06-12 16:02:00,30.0
2025-06-12 22:52:00,49.7
2025-06-12 00:29:00,37.0
2025-06-12 23:33:00,65.1
2025-06-12 18:42:00,18.4
2025-06-12 22:59:00,66.4
2025-06-12 21:44:00,58.8
2025-06-12 08:27:00,60.3
2025-06-12 04:30:00,71.6
2025-06-12 11:20:00,12.8
2025-06-12 22:49:00,57.8
2025-06-12 00:39:00,67.5
2025-06-12 19:36:00,31.0
2025-06-12 20:21:00,46.4
2025-06-12 07:58:00,69.3
2025-06-12 06:06:00,69.1
2025-06-12 04:50:00,29.4
2025-06-12 22:32:00,30.6
2025-06-12 05:51:00,91.9
2025-06-12 16:59:00,80.0
2025-06-12 01:15:00,40.8
2025-06-12 18:08:00,56.3
2025-06-12 12:40:00,11.7
2025-06-12 17:58:00,58.0
2025-06-12 08:57:00,59.2
2025-06-12 08:12:00,34.5
2025-06-12 03:18:00,18.4
2025-06-12 18:36:00,88.1
2025-06-12 12:17:00,82.9
2025-06-12 16:48:00,50.313785814936594
2025-06-12 05:21:00,50.313785814936594
2025-06-12 00:46:00,50.313785814936594
2025-06-12 01:11:00,50.313785814936594
2025-06-12 08:52:00,10.3
2025-06-12 17:11:00,15.4
2025-06-12 04:49:00,50.313785814936594
2025-06-12 09:54:00,88.0
2025-06-12 17:35:00,94.9
2025-06-12 14:27:00,50.313785814936594
2025-06-12 18:20:00,88.9
2025-06-12 18:41:00,42.5
2025-06-12 18:14:00,94.6
2025-06-12 11:05:00,32.9
2025-06-12 03:25:00,4.5
2025-06-12 09:10:00,50.313785814936594
2025-06-12 21:08:00,5.4
2025-06-12 07:15:00,23.5
2025-06-12 12:09:00,42.7
2025-06-12 00:26:00,54.5
2025-06-12 22:45:00,13.7
2025-06-12 22:46:00,9.5
2025-06-12 21:56:00,16.1
2025-06-12 19:22:00,81.2
2025-06-12 05:35:00,56.2
2025-06-12 07:38:00,84.8
2025-06-12 23:48:00,55.0
2025-06-12 04:18:00,22.4
2025-06-12 08:38:00,50.313785814936594
2025-06-12 08:43:00,59.3
2025-06-12 12:02:00,60.4
2025-06-12 19:34:00,96.9
2025-06-12 01:49:00,55.4
2025-06-12 03:32:00,11.4
2025-06-12 21:34:00,89.3
2025-06-12 14:51:00,50.313785814936594
2025-06-12 10:38:00,63.1
2025-06-12 07:21:00,60.9
2025-06-12 17:56:00,57.5
2025-06-12 10:14:00,32.7
2025-06-12 12:19:00,50.313785814936594
2025-06-12 02:14:00,8.6
2025-06-12 01:38:00,30.7
2025-06-12 22:04:00,11.5
2025-06-12 12:58:00,64.7
2025-06-12 20:25:00,63.3
2025-06-12 04:04:00,50.313785814936594
2025-06-12 19:12:00,50.313785814936594
2025-06-12 08:45:00,21.2
2025-06-12 05:11:00,87.8
2025-06-12 09:23:00,85.9
2025-06-12 11:37:00,49.9
2025-06-12 15:23:00,19.9
2025-06-12 10:48:00,90.0
2025-06-12 11:32:00,0.5
2025-06-12 19:19:00,8.2
2025-06-12 06:08:00,39.4
2025-06-12 04:25:00,25.6
2025-06-12 06:22:00,19.9
2025-06-12 17:00:00,17.0
2025-06-12 12:03:00,48.7
2025-06-12 08:02:00,76.3
2025-06-12 20:12:00,50.313785814936594
2025-06-12 01:20:00,99.3
2025-06-12 15:09:00,99.8
2025-06-12 09:07:00,0.2
2025-06-12 20:35:00,81.9
2025-06-12 13:08:00,50.313785814936594
2025-06-12 04:35:00,34.3
2025-06-12 21:20:00,50.313785814936594
2025-06-12 10:45:00,84.6
2025-06-12 10:51:00,64.1
2025-06-12 16:57:00,93.1
2025-06-12 21:46:00,13.0
2025-06-12 10:15:00,88.8
2025-06-12 19:40:00,66.1
2025-06-12 04:08:00,63.8
2025-06-12 04:58:00,76.0
2025-06-12 14:31:00,51.3
2025-06-12 21:49:00,36.6
2025-06-12 05:37:00,72.7
2025-06-12 14:56:00,78.7
2025-06-12 18:52:00,59.9
2025-06-12 21:01:00,83.8
2025-06-12 17:17:00,8.8
2025-06-12 01:31:00,48.5
2025-06-12 20:05:00,82.1
2025-06-12 17:30:00,30.1
2025-06-12 04:24:00,68.2
2025-06-12 16:20:00,61.2
2025-06-12 05:14:00,90.6
2025-06-12 00:17:00,11.0
2025-06-12 06:18:00,2.4
2025-06-12 12:49:00,73.5
2025-06-12 12:46:00,24.7
2025-06-12 10:08:00,8.4
2025-06-12 02:24:00,50.313785814936594
2025-06-12 02:16:00,50.313785814936594
2025-06-12 17:15:00,39.9
2025-06-12 04:28:00,85.9
2025-06-12 17:14:00,77.5
2025-06-12 11:45:00,3.0
2025-06-12 16:22:00,35.6
2025-06-12 07:49:00,50.313785814936594
2025-06-12 12:55:00,88.1
2025-06-12 13:17:00,89.0
2025-06-12 04:09:00,33.7
2025-06-12 19:02:00,66.3
2025-06-12 02:59:00,7.0
2025-06-12 11:53:00,22.3
2025-06-12 05:48:00,16.0
2025-06-12 11:22:00,75.9
2025-06-12 20:48:00,50.313785814936594
2025-06-12 12:57:00,99.3
2025-06-12 16:56:00,59.7
2025-06-12 23:29:00,4.1
2025-06-12 19:28:00,0.3
2025-06-12 05:43:00,86.4
2025-06-12 13:20:00,50.313785814936594
2025-06-12 10:25:00,32.3
2025-06-12 20:23:00,97.8
2025-06-12 20:57:00,93.8
2025-06-12 05:36:00,79.8
2025-06-12 04:12:00,22.3
2025-06-12 09:21:00,81.6
2025-06-12 17:29:00,41.1
2025-06-12 01:02:00,60.7
2025-06-12 23:56:00,74.9
2025-06-12 01:13:00,93.7
2025-06-12 05:27:00,36.3
2025-06-12 11:52:00,68.5
2025-06-12 14:12:00,50.313785814936594
2025-06-12 00:09:00,32.1
2025-06-12 03:48:00,61.5
2025-06-12 01:39:00,93.1
2025-06-12 13:30:00,43.6
2025-06-12 15:14:00,90.4
2025-06-12 09:38:00,26.6
2025-06-12 08:58:00,50.313785814936594
2025-06-12 21:54:00,50.6
2025-06-12 19:48:00,70.9
2025-06-12 05:03:00,25.2
2025-06-12 04:23:00,23.0
2025-06-12 19:04:00,50.313785814936594
2025-06-12 05:28:00,64.6
2025-06-12 10:30:00,58.2
2025-06-12 18:04:00,85.8
2025-06-12 08:33:00,39.3
2025-06-12 22:54:00,19.6
2025-06-12 01:53:00,49.947505013566115
2025-06-12 03:18:00,51.2
2025-06-12 08:14:00,40.7
2025-06-12 03:15:00,25.1
2025-06-12 16:54:00,49.947505013566115
2025-06-12 06:34:00,17.4
2025-06-12 10:29:00,41.9
2025-06-12 06:43:00,76.1
2025-06-12 13:01:00,69.8
2025-06-12 22:26:00,9.2
2025-06-12 05:30:00,85.0
2025-06-12 22:07:00,7.7
2025-06-12 09:05:00,31.2
2025-06-12 20:24:00,34.6
2025-06-12 15:03:00,55.6
2025-06-12 10:32:00,54.8
2025-06-12 18:16:00,0.1
2025-06-12 08:24:00,20.3
2025-06-12 20:09:00,76.2
2025-06-12 01:24:00,5.2
2025-06-12 13:16:00,22.9
2025-06-12 01:13:00,29.4
2025-06-12 02:38:00,45.4
2025-06-12 14:57:00,1.7
2025-06-12 10:12:00,49.947505013566115
2025-06-12 13:29:00,49.947505013566115
2025-06-12 05:03:00,75.2
2025-06-12 02:01:00,40.6
2025-06-12 22:17:00,49.0
2025-06-12 20:12:00,24.7
2025-06-12 06:11:00,9.1
2025-06-12 19:50:00,31.5
2025-06-12 17:12:00,49.6
2025-06-12 06:05:00,53.1
2025-06-12 16:55:00,20.1
2025-06-12 02:35:00,49.947505013566115
2025-06-12 23:14:00,74.2
2025-06-12 03:45:00,12.9
2025-06-12 02:00:00,27.9
2025-06-12 06:55:00,26.3
2025-06-12 01:10:00,49.947505013566115
2025-06-12 23:54:00,39.8
2025-06-12 06:46:00,49.947505013566115
2025-06-12 09:23:00,76.2
2025-06-12 01:51:00,29.7
2025-06-12 23:34:00,36.6
2025-06-12 02:47:00,27.1
2025-06-12 05:47:00,28.1
2025-06-12 07:52:00,36.0
2025-06-12 00:11:00,49.947505013566115
2025-06-12 14:08:00,49.947505013566115
2025-06-12 08:15:00,76.7
2025-06-12 20:06:00,49.947505013566115
2025-06-12 00:16:00,49.947505013566115
2025-06-12 05:37:00,93.0
2025-06-12 09:41:00,70.2
2025-06-12 05:29:00,93.1
2025-06-12 02:18:00,54.0
2025-06-12 07:35:00,49.947505013566115
2025-06-12 10:06:00,97.7
2025-06-12 06:40:00,85.9
2025-06-12 15:02:00,86.1
2025-06-12 22:56:00,79.9
2025-06-12 02:48:00,85.0
2025-06-12 07:02:00,5.5
2025-06-12 14:09:00,21.0
2025-06-12 09:19:00,33.8
2025-06-12 07:03:00,49.947505013566115
2025-06-12 10:41:00,32.6
2025-06-12 19:09:00,22.0
2025-06-12 18:37:00,42.4
2025-06-12 00:43:00,36.9
2025-06-12 16:33:00,22.6
2025-06-12 20:01:00,49.947505013566115
2025-06-12 03:26:00,69.8
2025-06-12 15:20:00,27.4
2025-06-12 05:27:00,60.3
2025-06-12 18:35:00,69.0
2025-06-12 14:05:00,67.7
2025-06-12 18:46:00,49.947505013566115
2025-06-12 17:11:00,55.3
2025-06-12 03:35:00,49.947505013566115
2025-06-12 05:43:00,6.8
2025-06-12 05:01:00,49.947505013566115
2025-06-12 19:17:00,98.5
2025-06-12 16:46:00,29.2
2025-06-12 05:38:00,4.3
2025-06-12 07:50:00,63.7
2025-06-12 21:06:00,89.7
2025-06-12 06:52:00,77.2
2025-06-12 08:59:00,49.947505013566115
2025-06-12 06:57:00,49.947505013566115
2025-06-12 06:58:00,92.8
2025-06-12 23:31:00,13.3
2025-06-12 01:08:00,49.947505013566115
2025-06-12 00:17:00,55.7
2025-06-12 10:53:00,1.9
2025-06-12 09:09:00,12.7
2025-06-12 04:46:00,49.947505013566115
2025-06-12 05:12:00,61.2
2025-06-12 16:30:00,45.3
2025-06-12 09:33:00,49.947505013566115
2025-06-12 08:12:00,34.4
2025-06-12 22:25:00,49.947505013566115
2025-06-12 06:17:00,16.7
2025-06-12 23:08:00,61.7
2025-06-12 04:19:00,17.3
2025-06-12 01:15:00,30.4
2025-06-12 07:11:00,37.8
2025-06-12 06:04:00,16.6
2025-06-12 01:05:00,17.9
2025-06-12 01:39:00,36.5
2025-06-12 21:34:00,85.5
2025-06-12 03:28:00,68.3
2025-06-12 21:52:00,49.947505013566115
2025-06-12 12:47:00,89.0
2025-06-12 07:13:00,1.3
2025-06-12 19:45:00,78.4
2025-06-12 03:37:00,31.2
2025-06-12 01:30:00,49.947505013566115
2025-06-12 17:51:00,39.1
2025-06-12 19:06:00,50.7
2025-06-12 12:06:00,19.5
2025-06-12 01:40:00,49.947505013566115
2025-06-12 21:09:00,63.9
2025-06-12 12:20:00,20.5
2025-06-12 14:11:00,71.4
2025-06-12 10:43:00,49.947505013566115
2025-06-12 13:02:00,68.6
2025-06-12 17:22:00,1.0
2025-06-12 15:56:00,77.6
2025-06-12 10:40:00,91.7
2025-06-12 19:15:00,80.6
2025-06-12 02:58:00,27.2
2025-06-12 07:25:00,8.9
2025-06-12 19:51:00,39.3
2025-06-12 12:59:00,11.0
2025-06-12 03:31:00,50.1
2025-06-12 15:43:00,63.1
2025-06-12 19:03:00,5.1
2025-06-12 23:06:00,71.0
2025-06-12 08:07:00,81.3
2025-06-12 20:51:00,89.8
2025-06-12 11:20:00,76.5
2025-06-12 02:17:00,6.5
2025-06-12 01:56:00,80.7
2025-06-12 16:34:00,93.9
2025-06-12 09:44:00,49.947505013566115
2025-06-12 09:53:00,49.947505013566115
2025-06-12 08:19:00,12.1
2025-06-12 16:27:00,67.5
2025-06-12 20:42:00,21.5
2025-06-12 12:36:00,78.4
2025-06-12 23:42:00,56.0
2025-06-12 00:03:00,49.947505013566115
2025-06-12 00:35:00,8.5
2025-06-12 12:53:00,73.7
2025-06-12 12:56:00,9.1
2025-06-12 21:31:00,5.6
2025-06-12 05:48:00,3.8
2025-06-12 19:23:00,51.2
2025-06-12 23:32:00,64.7
2025-06-12 00:19:00,28.2
2025-06-12 05:22:00,3.9
2025-06-12 10:16:00,49.947505013566115
2025-06-12 20:29:00,53.0
2025-06-12 23:36:00,43.3
2025-06-12 10:39:00,25.1
2025-06-12 20:56:00,1.0
2025-06-12 22:27:00,22.6
2025-06-12 09:48:00,79.3
2025-06-12 00:27:00,86.0
2025-06-12 22:08:00,5.6
2025-06-12 18:03:00,86.9
2025-06-12 17:30:00,7.6
2025-06-12 22:53:00,49.5
2025-06-12 14:39:00,49.947505013566115
2025-06-12 14:03:00,49.947505013566115
2025-06-12 23:09:00,29.9
2025-06-12 20:26:00,73.5
2025-06-12 15:38:00,49.947505013566115
2025-06-12 15:41:00,70.8
2025-06-12 05:28:00,83.0
2025-06-12 19:47:00,49.947505013566115
2025-06-12 12:04:00,51.7
2025-06-12 08:03:00,30.5
2025-06-12 21:14:00,49.947505013566115
2025-06-12 11:26:00,41.3
2025-06-12 14:43:00,49.947505013566115
2025-06-12 00:45:00,52.9
2025-06-12 08:56:00,2.7
2025-06-12 22:30:00,78.4
2025-06-12 21:16:00,32.4
2025-06-12 01:02:00,81.1
2025-06-12 13:09:00,67.7
2025-06-12 05:46:00,97.8
2025-06-12 22:09:00,84.3
2025-06-12 03:21:00,84.9
2025-06-12 05:34:00,64.6
2025-06-12 18:50:00,42.3
2025-06-12 17:07:00,53.1
2025-06-12 00:28:00,49.947505013566115
2025-06-12 16:53:00,92.0
2025-06-12 06:09:00,84.3
2025-06-12 15:04:00,30.1
2025-06-12 14:21:00,24.9
2025-06-12 19:36:00,8.2
2025-06-12 00:04:00,45.4
2025-06-12 14:50:00,42.6
2025-06-12 03:19:00,3.0
2025-06-12 14:59:00,5.3
2025-06-12 10:51:00,39.0
2025-06-12 10:03:00,2.0
2025-06-12 14:02:00,49.947505013566115
2025-06-12 18:44:00,55.5
2025-06-12 22:15:00,89.0
2025-06-12 04:50:00,86.2
2025-06-12 13:40:00,15.3
2025-06-12 14:37:00,49.947505013566115
2025-06-12 02:04:00,61.7
2025-06-12 02:40:00,19.4
2025-06-12 13:05:00,90.3
2025-06-12 09:49:00,60.1
2025-06-12 11:49:00,18.9
2025-06-12 01:44:00,16.3
2025-06-12 15:32:00,73.0
2025-06-12 12:54:00,63.9
2025-06-12 02:05:00,10.9
2025-06-12 06:01:00,54.3
2025-06-12 15:46:00,76.4
2025-06-12 10:35:00,3.6
2025-06-12 04:33:00,49.947505013566115
2025-06-12 00:46:00,96.2
2025-06-12 18:24:00,49.947505013566115
2025-06-12 00:10:00,4.3
2025-06-12 21:15:00,15.7
2025-06-12 10:05:00,11.1
2025-06-12 12:05:00,76.4
2025-06-12 20:04:00,39.4
2025-06-12 10:44:00,49.947505013566115
2025-06-12 13:31:00,56.1
2025-06-12 16:50:00,98.3
2025-06-12 04:48:00,41.7
2025-06-12 02:19:00,3.6
2025-06-12 11:56:00,37.4
2025-06-12 15:08:00,74.0
2025-06-12 07:58:00,89.2
2025-06-12 12:28:00,81.2
2025-06-12 12:17:00,90.0
2025-06-12 04:14:00,32.2
2025-06-12 00:02:00,84.8
2025-06-12 02:33:00,95.1
2025-06-12 20:32:00,57.1
2025-06-12 02:22:00,95.0
2025-06-12 03:41:00,25.8
2025-06-12 00:12:00,36.3
2025-06-12 12:24:00,63.9
2025-06-12 20:18:00,49.947505013566115
2025-06-12 09:38:00,44.5
2025-06-12 11:52:00,49.947505013566115
2025-06-12 23:35:00,43.0
2025-06-12 17:48:00,41.1
2025-06-12 16:44:00,96.7
2025-06-12 00:54:00,57.9
2025-06-12 19:07:00,49.947505013566115
2025-06-12 04:09:00,41.8
2025-06-12 22:18:00,49.947505013566115
2025-06-12 16:45:00,38.3
2025-06-12 03:16:00,49.947505013566115
2025-06-12 19:37:00,48.0
2025-06-12 00:38:00,49.947505013566115
2025-06-12 14:33:00,13.7
2025-06-12 22:43:00,56.8
2025-06-12 21:05:00,96.9
2025-06-12 09:59:00,85.2
2025-06-12 14:52:00,49.947505013566115
2025-06-12 23:25:00,43.2
2025-06-12 18:57:00,77.9
2025-06-12 14:49:00,93.1
2025-06-12 11:01:00,42.3
2025-06-12 05:39:00,17.8
2025-06-12 16:26:00,59.0
2025-06-12 23:23:00,8.2
2025-06-12 11:02:00,20.7
2025-06-12 19:01:00,5.1
2025-06-12 12:25:00,10.1
2025-06-12 18:27:00,7.4
2025-06-12 12:45:00,49.947505013566115
2025-06-12 17:00:00,49.947505013566115
2025-06-12 01:01:00,35.3
2025-06-12 21:23:00,70.7
2025-06-12 06:33:00,56.8
2025-06-12 10:22:00,19.1
2025-06-12 09:59:00,55.5
2025-06-12 21:07:00,20.8
2025-06-12 08:51:00,57.9
2025-06-12 21:55:00,76.3
2025-06-12 13:45:00,36.4
2025-06-12 15:09:00,96.8
2025-06-12 21:57:00,95.0
2025-06-12 08:43:00,32.4
2025-06-12 07:50:00,27.7
2025-06-12 04:55:00,91.6
2025-06-12 13:38:00,3.0
2025-06-12 09:53:00,49.0
2025-06-12 07:58:00,99.5
2025-06-12 00:05:00,50.31471380077256
2025-06-12 09:51:00,75.5
2025-06-12 15:19:00,49.4
2025-06-12 01:51:00,81.3
2025-06-12 03:21:00,22.5
2025-06-12 18:19:00,49.9
2025-06-12 10:03:00,58.9
2025-06-12 21:48:00,61.5
2025-06-12 22:41:00,7.7
2025-06-12 12:25:00,8.4
2025-06-12 17:47:00,50.31471380077256
2025-06-12 10:45:00,48.0
2025-06-12 01:00:00,65.6
2025-06-12 15:21:00,89.0
2025-06-12 02:34:00,36.8
2025-06-12 00:04:00,48.2
2025-06-12 23:07:00,40.3
2025-06-12 06:32:00,16.0
2025-06-12 14:32:00,50.31471380077256
2025-06-12 19:39:00,15.6
2025-06-12 13:19:00,50.31471380077256
2025-06-12 19:02:00,92.7
2025-06-12 06:54:00,7.1
2025-06-12 10:01:00,23.8
2025-06-12 13:44:00,87.3
2025-06-12 14:38:00,4.8
2025-06-12 00:54:00,78.2
2025-06-12 22:29:00,98.0
2025-06-12 15:23:00,50.31471380077256
2025-06-12 18:06:00,2.2
2025-06-12 12:56:00,99.4
2025-06-12 06:13:00,50.31471380077256
2025-06-12 13:17:00,72.9
2025-06-12 18:54:00,54.9
2025-06-12 15:27:00,68.2
2025-06-12 00:26:00,21.2
2025-06-12 00:41:00,3.9
2025-06-12 22:54:00,92.1
2025-06-12 12:15:00,51.2
2025-06-12 07:55:00,37.2
2025-06-12 21:08:00,50.31471380077256
2025-06-12 06:29:00,98.2
2025-06-12 20:47:00,92.8
2025-06-12 02:00:00,70.2
2025-06-12 07:29:00,53.7
2025-06-12 00:50:00,66.4
2025-06-12 07:08:00,40.9
2025-06-12 07:02:00,90.4
2025-06-12 06:12:00,19.4
2025-06-12 22:27:00,93.3
2025-06-12 03:52:00,50.31471380077256
2025-06-12 18:37:00,6.7
2025-06-12 14:07:00,23.4
2025-06-12 06:37:00,46.4
2025-06-12 11:15:00,11.2
2025-06-12 11:10:00,14.3
2025-06-12 15:25:00,55.9
2025-06-12 12:33:00,75.5
2025-06-12 15:42:00,75.6
2025-06-12 18:15:00,37.7
2025-06-12 01:59:00,50.31471380077256
2025-06-12 05:26:00,29.0
2025-06-12 10:55:00,50.31471380077256
2025-06-12 14:37:00,10.0
2025-06-12 04:25:00,95.0
2025-06-12 09:27:00,23.1
2025-06-12 07:27:00,50.31471380077256
2025-06-12 21:12:00,50.31471380077256
2025-06-12 18:48:00,5.1
2025-06-12 23:05:00,28.2
2025-06-12 14:35:00,37.8
2025-06-12 01:39:00,70.9
2025-06-12 07:59:00,41.0
2025-06-12 23:59:00,16.0
2025-06-12 00:58:00,80.9
2025-06-12 07:04:00,54.9
2025-06-12 13:59:00,50.31471380077256
2025-06-12 11:55:00,46.3
2025-06-12 15:37:00,31.9
2025-06-12 07:11:00,44.8
2025-06-12 08:29:00,76.8
2025-06-12 19:07:00,89.5
2025-06-12 17:52:00,50.31471380077256
2025-06-12 03:18:00,3.7
2025-06-12 05:33:00,15.4
2025-06-12 03:11:00,57.6
2025-06-12 09:08:00,68.0
2025-06-12 18:30:00,14.5
2025-06-12 22:36:00,72.6
2025-06-12 12:34:00,60.7
2025-06-12 22:48:00,85.2
2025-06-12 16:47:00,28.1
2025-06-12 18:14:00,48.1
2025-06-12 09:21:00,73.8
2025-06-12 01:44:00,26.2
2025-06-12 21:15:00,63.1
2025-06-12 11:24:00,50.31471380077256
2025-06-12 19:32:00,45.0
2025-06-12 05:36:00,50.31471380077256
2025-06-12 11:49:00,1.3
2025-06-12 10:20:00,50.31471380077256
2025-06-12 22:57:00,83.0
2025-06-12 06:00:00,45.2
2025-06-12 17:59:00,41.8
2025-06-12 13:01:00,39.8
2025-06-12 05:40:00,28.4
2025-06-12 15:10:00,84.8
2025-06-12 02:43:00,84.9
2025-06-12 12:39:00,93.0
2025-06-12 04:48:00,43.0
2025-06-12 01:45:00,8.4
2025-06-12 03:56:00,83.7
2025-06-12 16:57:00,12.9
2025-06-12 23:08:00,86.7
2025-06-12 10:26:00,26.8
2025-06-12 07:03:00,50.31471380077256
2025-06-12 22:35:00,3.7
2025-06-12 19:14:00,71.8
2025-06-12 05:04:00,70.4
2025-06-12 18:43:00,73.7
2025-06-12 19:11:00,0.7
2025-06-12 14:00:00,26.1
2025-06-12 10:19:00,42.2
2025-06-12 06:59:00,60.4
2025-06-12 23:54:00,45.7
2025-06-12 14:24:00,59.0
2025-06-12 11:37:00,59.2
2025-06-12 00:44:00,80.8
2025-06-12 22:39:00,6.2
2025-06-12 13:50:00,34.6
2025-06-12 06:18:00,82.8
2025-06-12 21:51:00,50.31471380077256
2025-06-12 23:36:00,5.1
2025-06-12 02:17:00,63.0
2025-06-12 08:25:00,50.31471380077256
2025-06-12 20:23:00,88.1
2025-06-12 14:23:00,35.7
2025-06-12 16:33:00,67.0
2025-06-12 04:16:00,6.5
2025-06-12 06:55:00,94.3
2025-06-12 10:37:00,50.31471380077256
2025-06-12 23:13:00,28.7
2025-06-12 18:38:00,87.3
2025-06-12 14:01:00,55.2
2025-06-12 16:24:00,19.4
2025-06-12 09:49:00,44.4
2025-06-12 01:08:00,81.5
2025-06-12 18:16:00,9.1
2025-06-12 16:29:00,44.7
2025-06-12 09:23:00,97.6
2025-06-12 18:35:00,50.31471380077256
2025-06-12 22:21:00,83.6
2025-06-12 18:32:00,27.1
2025-06-12 02:52:00,8.0
2025-06-12 12:06:00,37.9
2025-06-12 20:04:00,65.2
2025-06-12 15:29:00,83.4
2025-06-12 08:07:00,73.3
2025-06-12 07:23:00,50.8
2025-06-12 00:29:00,35.5
2025-06-12 12:46:00,37.4
2025-06-12 18:52:00,19.0
2025-06-12 00:28:00,50.31471380077256
2025-06-12 03:37:00,68.4
2025-06-12 12:44:00,58.6
2025-06-12 12:47:00,32.7
2025-06-12 09:58:00,3.4
2025-06-12 07:22:00,42.7
2025-06-12 21:18:00,13.7
2025-06-12 10:33:00,50.31471380077256
2025-06-12 17:09:00,1.0
2025-06-12 03:48:00,68.1
2025-06-12 02:06:00,50.31471380077256
2025-06-12 04:03:00,7.4
2025-06-12 06:14:00,22.9
2025-06-12 15:48:00,63.9
2025-06-12 07:34:00,92.9
2025-06-12 06:30:00,48.7
2025-06-12 11:27:00,64.0
2025-06-12 16:43:00,20.6
2025-06-12 23:29:00,66.7
2025-06-12 01:57:00,76.5
2025-06-12 20:58:00,65.8
2025-06-12 09:15:00,59.3
2025-06-12 19:23:00,40.4
2025-06-12 08:54:00,50.31471380077256
2025-06-12 18:17:00,11.0
2025-06-12 03:58:00,95.6
2025-06-12 04:17:00,99.5
2025-06-12 13:52:00,69.5
2025-06-12 20:18:00,62.2
2025-06-12 08:41:00,69.1
2025-06-12 08:02:00,37.7
2025-06-12 06:41:00,13.9
2025-06-12 14:52:00,53.8
2025-06-12 23:14:00,55.2
2025-06-12 09:16:00,37.2
2025-06-12 03:16:00,74.3
2025-06-12 21:50:00,30.9
2025-06-12 13:37:00,84.5
2025-06-12 23:48:00,53.4
2025-06-12 04:10:00,98.2
2025-06-12 18:04:00,50.31471380077256
2025-06-12 20:29:00,66.3
2025-06-12 03:54:00,6.6
2025-06-12 11:48:00,38.9
2025-06-12 18:51:00,36.3
2025-06-12 20:46:00,89.8
2025-06-12 01:38:00,30.8
2025-06-12 18:41:00,42.2
2025-06-12 09:34:00,16.7
2025-06-12 06:58:00,51.0
2025-06-12 12:52:00,95.4
2025-06-12 06:46:00,52.3
2025-06-12 10:50:00,14.9
2025-06-12 17:18:00,50.31471380077256
2025-06-12 23:47:00,10.7
2025-06-12 17:25:00,50.4
2025-06-12 11:51:00,24.3
2025-06-12 11:19:00,24.5
2025-06-12 10:57:00,50.31471380077256
2025-06-12 19:25:00,50.31471380077256
2025-06-12 13:08:00,30.8
2025-06-12 17:39:00,50.31471380077256
2025-06-12 23:38:00,19.4
2025-06-12 02:56:00,11.4
2025-06-12 16:19:00,79.8
2025-06-12 01:43:00,1.3
2025-06-12 03:03:00,78.8
2025-06-12 12:10:00,44.0
2025-06-12 10:13:00,1.8
2025-06-12 02:24:00,50.31471380077256
2025-06-12 07:37:00,64.0
2025-06-12 06:26:00,68.8
2025-06-12 00:32:00,90.8
2025-06-12 19:53:00,26.7
2025-06-12 18:34:00,86.1
2025-06-12 10:46:00,19.7
2025-06-12 16:08:00,71.7
2025-06-12 15:45:00,18.4
2025-06-12 05:58:00,67.1
2025-06-12 00:39:00,40.7
2025-06-12 19:28:00,22.3
2025-06-12 21:43:00,86.4
2025-06-12 03:12:00,50.31471380077256
2025-06-12 13:33:00,56.4
2025-06-12 13:30:00,9.5
2025-06-12 02:57:00,17.9
2025-06-12 05:15:00,61.5
2025-06-12 17:22:00,3.9
2025-06-12 07:57:00,97.9
2025-06-12 18:55:00,93.0
2025-06-12 16:44:00,84.6
2025-06-12 10:43:00,39.2
2025-06-12 01:16:00,78.1
2025-06-12 00:12:00,26.3
2025-06-12 16:59:00,50.31471380077256
2025-06-12 23:00:00,50.31471380077256
2025-06-12 14:43:00,88.9
2025-06-12 17:53:00,20.1
2025-06-12 10:54:00,50.4
2025-06-12 23:51:00,84.3
2025-06-12 15:47:00,43.3
2025-06-12 18:08:00,23.8
2025-06-12 00:07:00,20.8
2025-06-12 09:33:00,43.0
2025-06-12 00:52:00,72.7
2025-06-12 12:02:00,43.2
2025-06-12 01:29:00,55.4
2025-06-12 21:39:00,41.2
2025-06-12 07:06:00,26.9
2025-06-12 07:52:00,7.5
2025-06-12 07:00:00,48.5
2025-06-12 18:23:00,45.3
2025-06-12 13:15:00,50.31471380077256
2025-06-12 18:42:00,16.7
2025-06-12 16:22:00,28.7
2025-06-12 20:22:00,32.2
2025-06-12 01:10:00,23.5
2025-06-12 20:50:00,21.9
2025-06-12 13:14:00,9.2
2025-06-12 13:00:00,51.9
2025-06-12 00:12:00,37.8
2025-06-12 09:01:00,33.5
2025-06-12 20:01:00,40.5
2025-06-12 18:43:00,11.4
2025-06-12 01:30:00,5.1
2025-06-12 04:52:00,73.0
2025-06-12 19:36:00,49.873700916999766
2025-06-12 13:26:00,49.873700916999766
2025-06-12 16:55:00,34.9
2025-06-12 05:42:00,53.3
2025-06-12 01:34:00,83.7
2025-06-12 17:11:00,24.1
2025-06-12 22:04:00,65.4
2025-06-12 14:06:00,26.5
2025-06-12 03:51:00,68.6
2025-06-12 22:25:00,1.3
2025-06-12 20:49:00,52.0
2025-06-12 14:24:00,63.9
2025-06-12 00:52:00,15.4
2025-06-12 08:08:00,76.5
2025-06-12 13:00:00,49.873700916999766
2025-06-12 01:43:00,9.2
2025-06-12 19:38:00,34.8
2025-06-12 15:18:00,15.7
2025-06-12 19:57:00,49.873700916999766
2025-06-12 08:09:00,66.1
2025-06-12 10:17:00,28.0
2025-06-12 13:54:00,49.873700916999766
2025-06-12 07:45:00,49.873700916999766
2025-06-12 11:14:00,81.0
2025-06-12 14:38:00,15.8
2025-06-12 13:44:00,53.6
2025-06-12 15:28:00,49.873700916999766
2025-06-12 08:35:00,81.1
2025-06-12 07:38:00,82.4
2025-06-12 08:36:00,49.873700916999766
2025-06-12 21:08:00,92.8
2025-06-12 15:55:00,24.4
2025-06-12 09:05:00,65.6
2025-06-12 02:11:00,5.3
2025-06-12 18:17:00,46.1
2025-06-12 11:48:00,97.6
2025-06-12 00:10:00,66.9
2025-06-12 19:49:00,68.7
2025-06-12 04:44:00,49.873700916999766
2025-06-12 06:46:00,49.873700916999766
2025-06-12 06:11:00,84.1
2025-06-12 01:29:00,35.1
2025-06-12 14:51:00,9.7
2025-06-12 03:32:00,36.2
2025-06-12 21:30:00,39.4
2025-06-12 20:02:00,95.7
2025-06-12 09:11:00,50.5
2025-06-12 01:23:00,52.5
2025-06-12 08:10:00,22.3
2025-06-12 11:43:00,41.4
2025-06-12 14:00:00,80.4
2025-06-12 12:32:00,73.8
2025-06-12 11:24:00,93.4
2025-06-12 11:00:00,2.9
2025-06-12 23:15:00,65.2
2025-06-12 00:57:00,68.0
2025-06-12 15:46:00,87.4
2025-06-12 10:20:00,55.6
2025-06-12 08:58:00,49.873700916999766
2025-06-12 22:58:00,52.3
2025-06-12 21:58:00,50.5
2025-06-12 16:42:00,2.0
2025-06-12 09:39:00,64.1
2025-06-12 15:37:00,26.2
2025-06-12 17:12:00,18.4
2025-06-12 06:02:00,89.5
2025-06-12 13:24:00,19.4
2025-06-12 19:03:00,32.5
2025-06-12 05:26:00,88.3
2025-06-12 01:26:00,54.7
2025-06-12 02:56:00,23.4
2025-06-12 10:09:00,3.0
2025-06-12 13:42:00,47.8
2025-06-12 17:08:00,80.4
2025-06-12 00:48:00,45.1
2025-06-12 12:53:00,88.9
2025-06-12 20:33:00,49.7
2025-06-12 17:59:00,46.9
2025-06-12 01:53:00,69.6
2025-06-12 09:41:00,68.6
2025-06-12 10:51:00,63.4
2025-06-12 04:58:00,49.873700916999766
2025-06-12 14:12:00,51.5
2025-06-12 13:17:00,88.2
2025-06-12 20:55:00,38.1
2025-06-12 17:41:00,42.7
2025-06-12 10:30:00,64.8
2025-06-12 00:22:00,37.7
2025-06-12 04:01:00,4.1
2025-06-12 08:37:00,82.0
2025-06-12 02:13:00,64.5
2025-06-12 13:29:00,69.3
2025-06-12 09:08:00,57.7
2025-06-12 12:34:00,19.5
2025-06-12 16:40:00,7.4
2025-06-12 11:35:00,59.8
2025-06-12 06:13:00,98.4
2025-06-12 12:41:00,40.4
2025-06-12 13:43:00,80.4
2025-06-12 18:06:00,32.6
2025-06-12 09:23:00,84.6
2025-06-12 20:13:00,87.3
2025-06-12 12:50:00,76.8
2025-06-12 05:33:00,49.873700916999766
2025-06-12 19:43:00,33.9
2025-06-12 12:02:00,8.1
2025-06-12 09:03:00,82.5
2025-06-12 22:49:00,79.5
2025-06-12 18:55:00,52.4
2025-06-12 18:52:00,49.873700916999766
2025-06-12 16:53:00,14.7
2025-06-12 23:06:00,69.8
2025-06-12 23:28:00,41.8
2025-06-12 05:01:00,17.5
2025-06-12 14:13:00,55.0
2025-06-12 19:54:00,6.0
2025-06-12 04:42:00,0.1
2025-06-12 06:27:00,11.9
2025-06-12 03:43:00,49.873700916999766
2025-06-12 02:08:00,71.2
2025-06-12 13:59:00,48.4
2025-06-12 04:31:00,57.5
2025-06-12 11:04:00,49.873700916999766
2025-06-12 20:45:00,81.5
2025-06-12 19:41:00,84.2
2025-06-12 10:55:00,49.873700916999766
2025-06-12 10:39:00,49.873700916999766
2025-06-12 11:37:00,70.0
2025-06-12 07:03:00,49.873700916999766
2025-06-12 02:38:00,52.8
2025-06-12 11:27:00,5.3
2025-06-12 15:06:00,49.873700916999766
2025-06-12 09:56:00,54.7
2025-06-12 02:25:00,49.873700916999766
2025-06-12 10:13:00,10.0
2025-06-12 22:31:00,29.5
2025-06-12 08:00:00,61.8
2025-06-12 22:56:00,16.0
2025-06-12 05:10:00,1.2
2025-06-12 19:08:00,0.7
2025-06-12 16:24:00,49.873700916999766
2025-06-12 17:27:00,58.0
2025-06-12 11:11:00,17.2
2025-06-12 21:47:00,49.873700916999766
2025-06-12 13:12:00,80.3
2025-06-12 08:18:00,47.8
2025-06-12 01:25:00,3.2
2025-06-12 18:12:00,29.9
2025-06-12 11:38:00,26.3
2025-06-12 14:34:00,44.8
2025-06-12 20:21:00,76.7
2025-06-12 18:18:00,3.4
2025-06-12 01:02:00,73.9
2025-06-12 01:35:00,52.0
2025-06-12 02:53:00,6.5
2025-06-12 18:48:00,23.2
2025-06-12 14:57:00,86.5
2025-06-12 20:46:00,91.0
2025-06-12 09:47:00,39.9
2025-06-12 02:50:00,49.873700916999766
2025-06-12 14:37:00,49.873700916999766
2025-06-12 00:44:00,26.0
2025-06-12 01:00:00,68.7
2025-06-12 15:04:00,93.0
2025-06-12 01:07:00,20.0
2025-06-12 17:33:00,78.9
2025-06-12 22:33:00,12.1
2025-06-12 04:37:00,49.873700916999766
2025-06-12 17:00:00,34.8
2025-06-12 08:41:00,8.0
2025-06-12 23:10:00,2.5
2025-06-12 12:59:00,96.9
2025-06-12 05:04:00,56.2
2025-06-12 15:49:00,66.6
2025-06-12 08:14:00,4.0
2025-06-12 01:47:00,56.4
2025-06-12 02:20:00,75.3
2025-06-12 10:31:00,50.3
2025-06-12 11:42:00,69.9
2025-06-12 18:26:00,74.7
2025-06-12 13:11:00,99.8
2025-06-12 18:33:00,75.4
2025-06-12 23:26:00,3.8
2025-06-12 16:19:00,71.5
2025-06-12 11:09:00,6.4
2025-06-12 07:11:00,78.8
2025-06-12 19:12:00,82.5
2025-06-12 16:51:00,16.3
2025-06-12 23:34:00,1.2
2025-06-12 16:29:00,76.5
2025-06-12 18:47:00,42.0
2025-06-12 19:52:00,22.6
2025-06-12 00:37:00,86.5
2025-06-12 11:26:00,19.6
2025-06-12 16:43:00,63.4
2025-06-12 07:49:00,53.8
2025-06-12 21:03:00,28.8
2025-06-12 08:47:00,50.3
2025-06-12 14:20:00,45.1
2025-06-12 20:29:00,58.4
2025-06-12 18:09:00,85.2
2025-06-12 13:52:00,4.1
2025-06-12 22:02:00,49.1
2025-06-12 00:45:00,29.9
2025-06-12 21:25:00,93.9
2025-06-12 02:33:00,19.1
2025-06-12 18:56:00,87.5
2025-06-12 04:03:00,6.9
2025-06-12 08:27:00,83.7
2025-06-12 01:33:00,45.3
2025-06-12 17:43:00,17.1
2025-06-12 15:03:00,67.5
2025-06-12 11:31:00,34.0
2025-06-12 18:46:00,45.7
2025-06-12 00:31:00,80.9
2025-06-12 16:05:00,74.6
2025-06-12 20:19:00,49.873700916999766
2025-06-12 11:29:00,49.873700916999766
2025-06-12 13:08:00,64.9
2025-06-12 01:19:00,49.873700916999766
2025-06-12 03:36:00,12.2
2025-06-12 23:19:00,95.5
2025-06-12 07:48:00,38.6
2025-06-12 18:23:00,25.7
2025-06-12 22:17:00,16.6
2025-06-12 06:08:00,91.2
2025-06-12 17:42:00,1.8
2025-06-12 14:46:00,80.2
2025-06-12 13:39:00,11.9
2025-06-12 21:11:00,66.9
2025-06-12 00:29:00,46.2
2025-06-12 11:05:00,36.3
2025-06-12 03:19:00,70.4
2025-06-12 12:15:00,71.4
2025-06-12 19:46:00,35.3
2025-06-12 03:25:00,28.2
2025-06-12 07:39:00,49.5
2025-06-12 05:43:00,45.7
2025-06-12 01:42:00,21.8
2025-06-12 02:02:00,49.873700916999766
2025-06-12 06:35:00,83.0
2025-06-12 05:09:00,17.5
2025-06-12 22:24:00,34.7
2025-06-12 05:19:00,11.0
2025-06-12 09:26:00,94.6
2025-06-12 13:06:00,91.6
2025-06-12 23:07:00,88.7
2025-06-12 03:08:00,15.9
2025-06-12 10:50:00,88.0
2025-06-12 00:15:00,21.2
2025-06-12 03:59:00,22.6
2025-06-12 03:41:00,4.6
2025-06-12 11:33:00,31.2
2025-06-12 09:43:00,90.0
2025-06-12 00:24:00,69.8
2025-06-12 07:15:00,74.2
2025-06-12 17:31:00,42.1
2025-06-12 08:44:00,20.4
2025-06-12 02:10:00,12.0
2025-06-12 00:23:00,53.1
2025-06-12 09:38:00,49.873700916999766
2025-06-12 05:45:00,23.2
2025-06-12 14:35:00,17.9
2025-06-12 16:13:00,35.3
2025-06-12 05:14:00,60.1
2025-06-12 11:17:00,97.9
2025-06-12 20:43:00,60.4
2025-06-12 01:58:00,62.5
2025-06-12 06:18:00,49.873700916999766
2025-06-12 01:15:00,82.1
2025-06-12 10:59:00,63.8
2025-06-12 10:12:00,88.8
2025-06-12 20:48:00,56.1
2025-06-12 21:57:00,12.2
2025-06-12 17:51:00,95.6
2025-06-12 17:20:00,10.4
2025-06-12 03:49:00,65.8
2025-06-12 14:32:00,99.9
2025-06-12 22:36:00,36.5
2025-06-12 02:05:00,53.8
2025-06-12 14:26:00,37.8
2025-06-12 06:49:00,46.4
2025-06-12 00:41:00,14.5
2025-06-12 05:23:00,33.5
2025-06-12 13:37:00,94.0
2025-06-12 14:58:00,78.3
2025-06-12 13:04:00,66.8
2025-06-12 07:50:00,3.1
2025-06-12 11:04:00,82.2
2025-06-12 05:52:00,98.8
2025-06-12 15:04:00,19.2
2025-06-12 14:43:00,67.3
2025-06-12 01:41:00,21.0
2025-06-12 22:12:00,14.9
2025-06-12 21:01:00,11.0
2025-06-12 17:07:00,82.8
2025-06-12 12:35:00,84.0
2025-06-12 10:59:00,35.1
2025-06-12 20:12:00,49.660353652861794
2025-06-12 01:47:00,40.2
2025-06-12 15:12:00,47.1
2025-06-12 09:04:00,0.9
2025-06-12 18:18:00,58.1
2025-06-12 20:40:00,12.6
2025-06-12 11:06:00,87.0
2025-06-12 08:38:00,49.660353652861794
2025-06-12 06:46:00,1.0
2025-06-12 17:57:00,96.9
2025-06-12 07:25:00,63.5
2025-06-12 06:16:00,2.1
2025-06-12 04:06:00,76.0
2025-06-12 03:30:00,0.9
2025-06-12 19:35:00,49.660353652861794
2025-06-12 23:28:00,93.6
2025-06-12 04:32:00,49.660353652861794
2025-06-12 04:50:00,87.6
2025-06-12 17:17:00,73.0
2025-06-12 18:05:00,3.1
2025-06-12 11:37:00,50.2
2025-06-12 09:31:00,49.0
2025-06-12 12:37:00,76.6
2025-06-12 18:16:00,3.9
2025-06-12 11:22:00,82.6
2025-06-12 16:28:00,98.3
2025-06-12 13:02:00,54.6
2025-06-12 20:57:00,52.4
2025-06-12 14:36:00,22.2
2025-06-12 08:48:00,0.8
2025-06-12 06:06:00,59.4
2025-06-12 22:01:00,0.6
2025-06-12 22:48:00,49.660353652861794
2025-06-12 18:17:00,0.4
2025-06-12 23:45:00,38.5
2025-06-12 05:43:00,49.660353652861794
2025-06-12 21:42:00,49.6
2025-06-12 22:14:00,49.660353652861794
2025-06-12 22:08:00,85.7
2025-06-12 14:20:00,70.7
2025-06-12 04:03:00,95.8
2025-06-12 03:31:00,88.8
2025-06-12 23:41:00,49.660353652861794
2025-06-12 12:38:00,29.8
2025-06-12 08:45:00,59.3
2025-06-12 19:24:00,61.1
2025-06-12 08:04:00,49.660353652861794
2025-06-12 07:02:00,43.2
2025-06-12 12:55:00,71.1
2025-06-12 10:52:00,59.7
2025-06-12 16:19:00,57.2
2025-06-12 00:21:00,49.660353652861794
2025-06-12 04:22:00,68.5
2025-06-12 10:31:00,75.0
2025-06-12 17:02:00,52.4
2025-06-12 22:36:00,96.5
2025-06-12 20:11:00,49.660353652861794
2025-06-12 08:51:00,1.8
2025-06-12 01:29:00,49.660353652861794
2025-06-12 03:16:00,67.7
2025-06-12 08:25:00,53.0
2025-06-12 19:06:00,29.8
2025-06-12 00:46:00,13.2
2025-06-12 14:16:00,72.7
2025-06-12 18:44:00,48.2
2025-06-12 03:45:00,67.4
2025-06-12 08:59:00,92.8
2025-06-12 09:06:00,20.6
2025-06-12 21:44:00,24.2
2025-06-12 14:37:00,72.5
2025-06-12 12:05:00,40.2
2025-06-12 17:20:00,24.8
2025-06-12 06:54:00,62.2
2025-06-12 06:07:00,85.6
2025-06-12 06:11:00,1.9
2025-06-12 01:09:00,16.3
2025-06-12 06:49:00,89.9
2025-06-12 19:41:00,0.5
2025-06-12 03:02:00,52.0
2025-06-12 00:01:00,18.5
2025-06-12 16:33:00,81.1
2025-06-12 04:17:00,53.4
2025-06-12 21:14:00,49.660353652861794
2025-06-12 14:57:00,2.3
2025-06-12 05:17:00,78.7
2025-06-12 22:10:00,89.2
2025-06-12 10:04:00,66.8
2025-06-12 10:08:00,84.4
2025-06-12 20:45:00,48.5
2025-06-12 01:32:00,68.4
2025-06-12 06:43:00,14.3
2025-06-12 06:39:00,54.5
2025-06-12 16:34:00,63.6
2025-06-12 09:22:00,42.5
2025-06-12 16:29:00,6.5
2025-06-12 14:07:00,61.3
2025-06-12 23:24:00,49.660353652861794
2025-06-12 22:19:00,46.1
2025-06-12 12:41:00,70.2
2025-06-12 17:46:00,49.660353652861794
2025-06-12 08:19:00,14.5
2025-06-12 17:27:00,52.7
2025-06-12 04:27:00,49.660353652861794
2025-06-12 06:33:00,3.4
2025-06-12 15:38:00,68.6
2025-06-12 12:22:00,27.4
2025-06-12 15:50:00,32.5
2025-06-12 13:36:00,23.1
2025-06-12 17:42:00,49.660353652861794
2025-06-12 07:08:00,91.1
2025-06-12 14:38:00,87.0
2025-06-12 11:05:00,57.5
2025-06-12 11:09:00,50.4
2025-06-12 12:03:00,44.1
2025-06-12 18:48:00,13.9
2025-06-12 13:27:00,49.6
2025-06-12 06:02:00,27.4
2025-06-12 06:44:00,66.3
2025-06-12 20:14:00,81.7
2025-06-12 20:52:00,34.7
2025-06-12 03:46:00,49.660353652861794
2025-06-12 19:34:00,52.0
2025-06-12 04:45:00,36.4
2025-06-12 07:04:00,13.8
2025-06-12 21:39:00,58.5
2025-06-12 02:06:00,33.4
2025-06-12 23:18:00,61.7
2025-06-12 10:39:00,20.1
2025-06-12 19:11:00,3.2
2025-06-12 05:08:00,37.0
2025-06-12 01:49:00,17.4
2025-06-12 04:43:00,78.5
2025-06-12 21:04:00,71.0
2025-06-12 06:10:00,41.4
2025-06-12 19:27:00,48.1
2025-06-12 23:25:00,80.7
2025-06-12 23:23:00,11.0
2025-06-12 00:04:00,18.2
2025-06-12 18:51:00,49.660353652861794
2025-06-12 07:19:00,16.3
2025-06-12 14:23:00,72.3
2025-06-12 15:40:00,19.3
2025-06-12 23:03:00,78.4
2025-06-12 06:14:00,79.2
2025-06-12 21:32:00,0.8
2025-06-12 11:42:00,64.9
2025-06-12 11:03:00,14.7
2025-06-12 19:58:00,94.7
2025-06-12 14:39:00,49.660353652861794
2025-06-12 15:08:00,98.0
2025-06-12 06:13:00,52.7
2025-06-12 19:21:00,32.1
2025-06-12 00:59:00,49.660353652861794
2025-06-12 18:50:00,49.660353652861794
2025-06-12 14:35:00,18.3
2025-06-12 08:15:00,56.1
2025-06-12 22:51:00,67.1
2025-06-12 14:30:00,28.6
2025-06-12 09:18:00,91.7
2025-06-12 14:50:00,26.2
2025-06-12 14:08:00,61.3
2025-06-12 15:31:00,49.660353652861794
2025-06-12 10:43:00,78.7
2025-06-12 22:32:00,11.9
2025-06-12 13:59:00,64.9
2025-06-12 08:44:00,22.9
2025-06-12 05:16:00,49.660353652861794
2025-06-12 20:35:00,49.6
2025-06-12 13:14:00,49.660353652861794
2025-06-12 10:47:00,61.8
2025-06-12 19:49:00,15.4
2025-06-12 16:23:00,50.8
2025-06-12 18:37:00,37.2
2025-06-12 23:36:00,17.0
2025-06-12 13:17:00,49.660353652861794
2025-06-12 15:53:00,58.6
2025-06-12 01:46:00,49.660353652861794
2025-06-12 07:55:00,24.9
2025-06-12 05:27:00,46.7
2025-06-12 09:46:00,82.1
2025-06-12 21:35:00,55.6
2025-06-12 23:16:00,70.4
2025-06-12 16:54:00,92.3
2025-06-12 20:50:00,19.5
2025-06-12 11:35:00,95.4
2025-06-12 00:52:00,82.4
2025-06-12 02:45:00,29.8
2025-06-12 08:21:00,32.1
2025-06-12 10:30:00,28.2
2025-06-12 22:15:00,6.9
2025-06-12 21:24:00,41.5
2025-06-12 00:08:00,56.8
2025-06-12 06:58:00,26.6
2025-06-12 16:49:00,53.8
2025-06-12 17:25:00,86.6
2025-06-12 02:24:00,56.6
2025-06-12 02:56:00,36.9
2025-06-12 01:27:00,57.0
2025-06-12 15:41:00,49.660353652861794
2025-06-12 10:45:00,49.660353652861794
2025-06-12 06:34:00,61.8
2025-06-12 12:20:00,48.1
2025-06-12 07:49:00,96.1
2025-06-12 01:39:00,46.7
2025-06-12 11:27:00,99.3
2025-06-12 08:31:00,11.7
2025-06-12 07:16:00,38.1
2025-06-12 20:26:00,62.2
2025-06-12 19:48:00,49.660353652861794
2025-06-12 16:42:00,55.0
2025-06-12 07:10:00,87.0
2025-06-12 02:39:00,8.9
2025-06-12 11:40:00,58.6
2025-06-12 15:28:00,24.5
2025-06-12 21:23:00,7.0
2025-06-12 00:14:00,20.4
2025-06-12 16:48:00,73.9
2025-06-12 08:08:00,11.7
2025-06-12 07:59:00,86.8
2025-06-12 08:16:00,34.6
2025-06-12 01:25:00,2.0
2025-06-12 03:52:00,33.5
2025-06-12 23:19:00,49.9
2025-06-12 11:51:00,46.4
2025-06-12 23:00:00,13.2
2025-06-12 08:35:00,49.660353652861794
2025-06-12 00:20:00,9.8
2025-06-12 20:00:00,58.4
2025-06-12 07:09:00,27.8
2025-06-12 15:47:00,73.4
2025-06-12 22:41:00,77.4
2025-06-12 02:57:00,59.3
2025-06-12 10:36:00,7.7
2025-06-12 00:56:00,58.8
2025-06-12 21:43:00,49.660353652861794
2025-06-12 06:32:00,25.7
2025-06-12 23:44:00,27.0
2025-06-12 03:49:00,17.2
2025-06-12 05:25:00,44.4
2025-06-12 09:55:00,67.5
2025-06-12 10:03:00,55.3
2025-06-12 20:18:00,26.9
2025-06-12 08:03:00,7.4
2025-06-12 12:44:00,95.6
2025-06-12 01:33:00,57.7
2025-06-12 23:11:00,94.9
2025-06-12 02:22:00,89.8
2025-06-12 02:05:00,45.2
2025-06-12 12:59:00,43.4
2025-06-12 15:24:00,44.3
2025-06-12 10:07:00,30.2
2025-06-12 23:17:00,90.8
2025-06-12 07:53:00,81.9
2025-06-12 08:01:00,96.7
2025-06-12 08:29:00,84.6
2025-06-12 13:19:00,81.2
2025-06-12 00:18:00,72.2
2025-06-12 09:37:00,78.7
2025-06-12 04:51:00,43.5
2025-06-12 09:56:00,34.1
2025-06-12 09:01:00,77.5
2025-06-12 06:29:00,49.660353652861794
2025-06-12 19:31:00,59.1
2025-06-12 11:14:00,34.0
2025-06-12 14:47:00,34.4
2025-06-12 20:38:00,33.3
2025-06-12 09:53:00,61.8
2025-06-12 17:51:00,49.660353652861794
2025-06-12 07:20:00,57.9
2025-06-12 23:55:00,62.5
2025-06-12 04:44:00,88.2
2025-06-12 05:06:00,20.3
2025-06-12 23:27:00,34.3
2025-06-12 08:39:00,50.5
2025-06-12 04:16:00,76.5
2025-06-12 15:59:00,49.660353652861794
2025-06-12 15:33:00,33.8
2025-06-12 01:50:00,30.1
2025-06-12 16:46:00,30.7
2025-06-12 20:20:00,22.0
2025-06-12 16:16:00,49.9804001872221
2025-06-12 20:04:00,64.6
2025-06-12 16:13:00,49.9804001872221
2025-06-12 18:00:00,67.9
2025-06-12 02:12:00,30.2
2025-06-12 20:06:00,49.9804001872221
2025-06-12 12:30:00,3.7
2025-06-12 13:07:00,49.9804001872221
2025-06-12 20:27:00,70.2
2025-06-12 08:44:00,17.2
2025-06-12 10:41:00,38.0
2025-06-12 02:58:00,49.9804001872221
2025-06-12 15:30:00,37.2
2025-06-12 14:07:00,10.2
2025-06-12 04:47:00,40.7
2025-06-12 01:30:00,19.6
2025-06-12 23:35:00,49.9804001872221
2025-06-12 12:26:00,87.1
2025-06-12 19:04:00,61.7
2025-06-12 14:29:00,23.8
2025-06-12 09:48:00,19.5
2025-06-12 09:58:00,49.9804001872221
2025-06-12 01:33:00,31.8
2025-06-12 03:59:00,49.7
2025-06-12 15:31:00,35.3
2025-06-12 04:19:00,92.6
2025-06-12 21:10:00,49.9804001872221
2025-06-12 18:05:00,64.9
2025-06-12 02:22:00,49.9804001872221
2025-06-12 00:11:00,59.7
2025-06-12 17:01:00,86.8
2025-06-12 15:07:00,88.5
2025-06-12 01:19:00,88.5
2025-06-12 16:47:00,49.9804001872221
2025-06-12 05:36:00,67.0
2025-06-12 00:23:00,58.3
2025-06-12 09:45:00,24.2
2025-06-12 10:55:00,70.6
2025-06-12 13:21:00,49.9804001872221
2025-06-12 10:29:00,0.6
2025-06-12 09:38:00,62.7
2025-06-12 02:44:00,63.5
2025-06-12 17:31:00,28.3
2025-06-12 15:09:00,41.8
2025-06-12 08:41:00,49.9804001872221
2025-06-12 15:12:00,76.7
2025-06-12 07:08:00,43.1
2025-06-12 19:52:00,71.0
2025-06-12 09:15:00,61.4
2025-06-12 11:55:00,38.8
2025-06-12 07:48:00,49.9804001872221
2025-06-12 12:11:00,62.3
2025-06-12 12:17:00,63.3
2025-06-12 02:09:00,65.1
2025-06-12 06:44:00,91.6
2025-06-12 08:09:00,1.5
2025-06-12 11:09:00,84.3
2025-06-12 09:51:00,78.3
2025-06-12 23:36:00,94.9
2025-06-12 05:33:00,28.0
2025-06-12 02:51:00,90.6
2025-06-12 13:24:00,43.7
2025-06-12 11:02:00,49.9804001872221
2025-06-12 00:58:00,8.3
2025-06-12 19:13:00,82.4
2025-06-12 17:29:00,82.9
2025-06-12 03:10:00,69.1
2025-06-12 02:52:00,51.1
2025-06-12 08:04:00,39.0
2025-06-12 11:05:00,15.1
2025-06-12 21:25:00,37.1
2025-06-12 01:07:00,64.1
2025-06-12 18:59:00,43.5
2025-06-12 12:55:00,40.4
2025-06-12 08:33:00,40.4
2025-06-12 21:55:00,65.2
2025-06-12 12:10:00,18.0
2025-06-12 17:27:00,96.4
2025-06-12 10:36:00,91.2
2025-06-12 19:48:00,45.4
2025-06-12 08:24:00,5.2
2025-06-12 15:48:00,59.3
2025-06-12 23:40:00,91.6
2025-06-12 20:14:00,51.8
2025-06-12 02:38:00,17.9
2025-06-12 06:58:00,21.7
2025-06-12 03:47:00,13.1
2025-06-12 16:18:00,49.9804001872221
2025-06-12 03:51:00,60.8
2025-06-12 16:31:00,45.4
2025-06-12 07:03:00,69.6
2025-06-12 00:06:00,46.4
2025-06-12 00:51:00,63.9
2025-06-12 20:08:00,77.6
2025-06-12 12:15:00,75.3
2025-06-12 15:33:00,33.9
2025-06-12 07:52:00,49.9804001872221
2025-06-12 03:46:00,52.5
2025-06-12 04:22:00,49.9804001872221
2025-06-12 01:00:00,11.1
2025-06-12 22:49:00,49.9804001872221
2025-06-12 04:20:00,29.1
2025-06-12 09:13:00,9.8
2025-06-12 14:31:00,88.0
2025-06-12 19:06:00,50.8
2025-06-12 18:27:00,40.7
2025-06-12 22:48:00,75.6
2025-06-12 00:20:00,54.3
2025-06-12 19:50:00,88.2
2025-06-12 19:37:00,18.7
2025-06-12 07:06:00,65.1
2025-06-12 14:30:00,71.6
2025-06-12 06:06:00,88.6
2025-06-12 06:55:00,34.4
2025-06-12 02:18:00,21.4
2025-06-12 01:02:00,9.3
2025-06-12 05:00:00,84.6
2025-06-12 08:16:00,49.9804001872221
2025-06-12 18:29:00,12.7
2025-06-12 03:55:00,52.9
2025-06-12 10:30:00,41.4
2025-06-12 13:38:00,49.1
2025-06-12 23:49:00,27.8
2025-06-12 08:07:00,86.0
2025-06-12 05:46:00,46.9
2025-06-12 00:30:00,6.4
2025-06-12 18:56:00,76.6
2025-06-12 00:28:00,76.7
2025-06-12 13:18:00,49.9804001872221
2025-06-12 05:30:00,45.3
2025-06-12 03:20:00,68.0
2025-06-12 15:54:00,55.9
2025-06-12 21:31:00,49.9804001872221
2025-06-12 11:20:00,64.2
2025-06-12 00:36:00,77.3
2025-06-12 07:38:00,49.9804001872221
2025-06-12 19:45:00,24.5
2025-06-12 03:16:00,55.7
2025-06-12 18:46:00,72.3
2025-06-12 15:34:00,89.3
2025-06-12 14:20:00,49.9804001872221
2025-06-12 21:13:00,24.2
2025-06-12 22:01:00,87.9
2025-06-12 23:06:00,98.5
2025-06-12 12:00:00,14.4
2025-06-12 00:50:00,63.0
2025-06-12 05:07:00,82.8
2025-06-12 02:02:00,82.9
2025-06-12 23:34:00,61.3
2025-06-12 08:56:00,7.7
2025-06-12 08:54:00,78.3
2025-06-12 03:57:00,78.6
2025-06-12 13:22:00,86.1
2025-06-12 07:42:00,9.2
2025-06-12 22:30:00,31.0
2025-06-12 04:48:00,79.5
2025-06-12 14:12:00,68.9
2025-06-12 11:22:00,93.9
2025-06-12 16:49:00,49.9804001872221
2025-06-12 16:12:00,49.9804001872221
2025-06-12 04:36:00,95.3
2025-06-12 07:49:00,63.3
2025-06-12 10:14:00,0.9
2025-06-12 22:52:00,44.8
2025-06-12 01:05:00,65.9
2025-06-12 19:38:00,65.5
2025-06-12 02:26:00,90.9
2025-06-12 18:58:00,24.5
2025-06-12 06:24:00,46.7
2025-06-12 10:09:00,2.6
2025-06-12 15:49:00,45.7
2025-06-12 18:06:00,12.3
2025-06-12 06:45:00,49.9804001872221
2025-06-12 18:40:00,49.9804001872221
2025-06-12 16:33:00,73.0
2025-06-12 09:27:00,15.5
2025-06-12 02:00:00,1.3
2025-06-12 00:35:00,46.9
2025-06-12 14:43:00,71.1
2025-06-12 08:43:00,13.7
2025-06-12 03:48:00,39.6
2025-06-12 15:26:00,29.9
2025-06-12 08:36:00,22.5
2025-06-12 17:46:00,55.9
2025-06-12 14:40:00,4.7
2025-06-12 06:20:00,87.2
2025-06-12 15:17:00,71.2
2025-06-12 05:50:00,70.0
2025-06-12 07:04:00,16.3
2025-06-12 06:49:00,2.8
2025-06-12 07:20:00,26.7
2025-06-12 15:45:00,65.9
2025-06-12 04:06:00,80.6
2025-06-12 14:33:00,35.2
2025-06-12 13:34:00,89.3
2025-06-12 06:35:00,15.7
2025-06-12 08:29:00,10.4
2025-06-12 11:07:00,85.3
2025-06-12 09:26:00,78.8
2025-06-12 22:54:00,81.8
2025-06-12 14:06:00,49.9804001872221
2025-06-12 11:37:00,28.4
2025-06-12 16:48:00,86.8
2025-06-12 02:01:00,6.3
2025-06-12 21:41:00,35.8
2025-06-12 09:18:00,97.2
2025-06-12 20:02:00,42.1
2025-06-12 23:43:00,11.9
2025-06-12 03:49:00,94.9
2025-06-12 04:45:00,61.3
2025-06-12 23:01:00,64.5
2025-06-12 01:56:00,17.8
2025-06-12 03:07:00,56.2
2025-06-12 09:39:00,60.5
2025-06-12 02:47:00,83.1
2025-06-12 23:58:00,51.3
2025-06-12 00:53:00,85.4
2025-06-12 02:37:00,38.5
2025-06-12 17:04:00,12.9
2025-06-12 01:45:00,63.4
2025-06-12 11:51:00,96.9
2025-06-12 16:36:00,33.9
2025-06-12 03:00:00,0.3
2025-06-12 06:53:00,49.9804001872221
2025-06-12 04:35:00,67.1
2025-06-12 03:35:00,47.2
2025-06-12 19:59:00,18.7
2025-06-12 14:50:00,69.6
2025-06-12 19:14:00,65.4
2025-06-12 07:17:00,84.1
2025-06-12 05:59:00,57.8
2025-06-12 18:45:00,49.9804001872221
2025-06-12 21:22:00,50.5
2025-06-12 01:52:00,60.5
2025-06-12 23:52:00,49.9804001872221
2025-06-12 02:36:00,82.0
2025-06-12 05:42:00,86.5
2025-06-12 13:09:00,21.9
2025-06-12 05:47:00,62.3
2025-06-12 04:57:00,49.9804001872221
2025-06-12 15:46:00,34.8
2025-06-12 10:19:00,49.9804001872221
2025-06-12 19:58:00,11.1
2025-06-12 23:37:00,26.7
2025-06-12 01:21:00,87.7
2025-06-12 20:25:00,18.1
2025-06-12 00:44:00,72.5
2025-06-12 00:00:00,41.2
2025-06-12 11:35:00,91.7
2025-06-12 05:02:00,72.1
2025-06-12 12:57:00,68.2
2025-06-12 15:20:00,32.1
2025-06-12 12:12:00,51.1
2025-06-12 11:46:00,32.9
2025-06-12 23:25:00,98.7
2025-06-12 18:09:00,62.4
2025-06-12 11:44:00,47.9
2025-06-12 19:55:00,82.8
2025-06-12 12:56:00,29.9
2025-06-12 09:55:00,31.8
2025-06-12 16:52:00,38.6
2025-06-12 16:26:00,41.8
2025-06-12 17:23:00,30.6
2025-06-12 04:30:00,74.6
2025-06-12 14:39:00,43.4
2025-06-12 12:43:00,66.4
2025-06-12 19:10:00,76.9
2025-06-12 01:54:00,77.4
2025-06-12 17:30:00,49.9804001872221
2025-06-12 12:59:00,54.4
2025-06-12 10:48:00,87.6
2025-06-12 11:32:00,10.6
2025-06-12 15:11:00,49.9804001872221
2025-06-12 20:26:00,3.3
2025-06-12 15:27:00,70.0
2025-06-12 11:18:00,49.9804001872221
2025-06-12 17:47:00,11.4
2025-06-12 19:40:00,63.0
2025-06-12 00:14:00,76.3
2025-06-12 08:57:00,5.3
2025-06-12 17:58:00,5.8
2025-06-12 16:25:00,42.2
2025-06-12 03:33:00,49.9804001872221
2025-06-12 15:44:00,92.1
2025-06-12 23:12:00,47.1
2025-06-12 05:17:00,49.9804001872221
2025-06-12 09:19:00,93.5
2025-06-12 12:37:00,30.9
2025-06-12 03:06:00,86.5
2025-06-12 03:29:00,6.7
2025-06-12 17:43:00,35.4
2025-06-12 13:26:00,20.2
2025-06-12 01:36:00,49.9804001872221
2025-06-12 22:40:00,40.9
2025-06-12 08:38:00,39.3
2025-06-12 08:02:00,8.6
2025-06-12 05:25:00,31.2
2025-06-12 04:38:00,49.9804001872221
2025-06-12 22:38:00,13.5
2025-06-12 21:36:00,59.7
2025-06-12 02:21:00,99.4
2025-06-12 02:40:00,52.2
2025-06-12 07:30:00,61.5
2025-06-12 07:29:00,82.5
2025-06-12 04:05:00,73.5
2025-06-12 23:53:00,48.7
2025-06-12 06:13:00,91.1
2025-06-12 16:52:00,62.8
2025-06-12 17:30:00,83.4
2025-06-12 10:37:00,12.1
2025-06-12 10:57:00,71.1
2025-06-12 02:40:00,68.9
2025-06-12 13:32:00,32.3
2025-06-12 00:38:00,37.9
2025-06-12 11:36:00,5.9
2025-06-12 04:28:00,13.0
2025-06-12 13:48:00,86.1
2025-06-12 17:52:00,83.0
2025-06-12 06:56:00,49.6
2025-06-12 06:39:00,52.6
2025-06-12 14:14:00,49.659483264826775
2025-06-12 22:04:00,49.659483264826775
2025-06-12 10:04:00,41.4
2025-06-12 18:24:00,49.659483264826775
2025-06-12 10:28:00,45.3
2025-06-12 03:07:00,97.0
2025-06-12 04:09:00,62.5
2025-06-12 20:19:00,49.659483264826775
2025-06-12 05:35:00,52.4
2025-06-12 11:13:00,51.0
2025-06-12 01:12:00,53.5
2025-06-12 08:26:00,12.1
2025-06-12 11:32:00,72.8
2025-06-12 19:21:00,49.659483264826775
2025-06-12 22:35:00,49.659483264826775
2025-06-12 00:20:00,49.659483264826775
2025-06-12 00:34:00,49.659483264826775
2025-06-12 08:55:00,75.8
2025-06-12 02:39:00,0.0
2025-06-12 10:47:00,88.3
2025-06-12 11:55:00,91.2
2025-06-12 20:18:00,77.6
2025-06-12 16:35:00,49.659483264826775
2025-06-12 12:51:00,49.659483264826775
2025-06-12 21:33:00,64.2
2025-06-12 16:50:00,75.0
2025-06-12 03:40:00,80.0
2025-06-12 01:31:00,5.1
2025-06-12 15:45:00,97.2
2025-06-12 15:56:00,65.8
2025-06-12 12:16:00,69.4
2025-06-12 02:23:00,60.8
2025-06-12 01:17:00,96.2
2025-06-12 03:45:00,76.8
2025-06-12 16:27:00,79.2
2025-06-12 07:30:00,77.0
2025-06-12 09:34:00,46.8
2025-06-12 20:09:00,7.1
2025-06-12 05:45:00,2.4
2025-06-12 03:00:00,49.659483264826775
2025-06-12 08:10:00,82.3
2025-06-12 06:16:00,51.6
2025-06-12 06:55:00,82.6
2025-06-12 23:19:00,62.2
2025-06-12 00:24:00,83.4
2025-06-12 08:28:00,92.4
2025-06-12 07:05:00,49.659483264826775
2025-06-12 03:06:00,2.2
2025-06-12 09:02:00,49.659483264826775
2025-06-12 16:45:00,67.0
2025-06-12 20:38:00,49.659483264826775
2025-06-12 01:10:00,84.9
2025-06-12 19:10:00,76.0
2025-06-12 17:53:00,55.6
2025-06-12 17:16:00,39.9
2025-06-12 19:58:00,36.5
2025-06-12 02:59:00,13.7
2025-06-12 13:46:00,10.0
2025-06-12 20:15:00,62.6
2025-06-12 12:45:00,34.2
2025-06-12 23:33:00,49.659483264826775
2025-06-12 02:51:00,32.0
2025-06-12 14:41:00,97.2
2025-06-12 07:28:00,18.3
2025-06-12 17:13:00,63.8
2025-06-12 06:06:00,96.7
2025-06-12 07:25:00,16.3
2025-06-12 14:39:00,31.0
2025-06-12 09:33:00,35.7
2025-06-12 10:18:00,49.659483264826775
2025-06-12 03:14:00,32.3
2025-06-12 23:18:00,49.659483264826775
2025-06-12 13:23:00,26.1
2025-06-12 20:35:00,2.7
2025-06-12 00:56:00,49.659483264826775
2025-06-12 14:44:00,8.5
2025-06-12 07:53:00,98.4
2025-06-12 09:59:00,82.7
2025-06-12 03:26:00,90.9
2025-06-12 03:01:00,80.0
2025-06-12 07:18:00,49.659483264826775
2025-06-12 22:08:00,85.4
2025-06-12 18:10:00,71.4
2025-06-12 01:08:00,46.3
2025-06-12 07:32:00,88.0
2025-06-12 18:18:00,49.659483264826775
2025-06-12 09:17:00,49.659483264826775
2025-06-12 14:06:00,86.8
2025-06-12 13:43:00,61.3
2025-06-12 15:05:00,8.0
2025-06-12 10:11:00,74.3
2025-06-12 21:10:00,65.9
2025-06-12 14:59:00,57.8
2025-06-12 09:40:00,50.0
2025-06-12 03:09:00,70.2
2025-06-12 13:35:00,25.6
2025-06-12 02:54:00,52.4
2025-06-12 11:39:00,46.4
2025-06-12 06:53:00,69.8
2025-06-12 13:37:00,23.5
2025-06-12 15:41:00,82.6
2025-06-12 14:35:00,51.5
2025-06-12 17:05:00,36.1
2025-06-12 12:15:00,19.5
2025-06-12 06:28:00,64.0
2025-06-12 07:08:00,94.1
2025-06-12 21:37:00,49.7
2025-06-12 10:33:00,49.659483264826775
2025-06-12 08:23:00,6.4
2025-06-12 12:30:00,2.3
2025-06-12 06:08:00,58.1
2025-06-12 11:31:00,49.659483264826775
2025-06-12 07:07:00,0.2
2025-06-12 12:52:00,79.5
2025-06-12 06:09:00,49.659483264826775
2025-06-12 21:21:00,30.9
2025-06-12 20:56:00,84.6
2025-06-12 12:53:00,62.3
2025-06-12 22:12:00,95.9
2025-06-12 20:17:00,43.2
2025-06-12 09:54:00,73.5
2025-06-12 10:38:00,4.4
2025-06-12 19:17:00,8.0
2025-06-12 16:26:00,49.659483264826775
2025-06-12 13:02:00,49.659483264826775
2025-06-12 17:08:00,31.7
2025-06-12 06:02:00,90.1
2025-06-12 20:55:00,49.659483264826775
2025-06-12 18:50:00,41.6
2025-06-12 01:57:00,42.9
2025-06-12 16:11:00,67.1
2025-06-12 21:50:00,54.3
2025-06-12 18:26:00,30.8
2025-06-12 15:54:00,34.3
2025-06-12 17:23:00,37.8
2025-06-12 03:04:00,32.2
2025-06-12 13:06:00,25.3
2025-06-12 03:18:00,64.2
2025-06-12 08:03:00,13.1
2025-06-12 19:30:00,49.659483264826775
2025-06-12 01:49:00,71.9
2025-06-12 08:25:00,95.4
2025-06-12 06:19:00,8.0
2025-06-12 17:01:00,49.659483264826775
2025-06-12 10:40:00,19.1
2025-06-12 15:06:00,97.6
2025-06-12 08:52:00,99.6
2025-06-12 12:03:00,60.1
2025-06-12 18:57:00,15.4
2025-06-12 16:05:00,83.2
2025-06-12 16:24:00,41.3
2025-06-12 16:04:00,49.659483264826775
2025-06-12 00:58:00,84.3
2025-06-12 13:31:00,60.4
2025-06-12 04:52:00,36.6
2025-06-12 18:00:00,51.1
2025-06-12 06:25:00,85.9
2025-06-12 05:55:00,14.7
2025-06-12 07:11:00,28.1
2025-06-12 16:43:00,35.3
2025-06-12 11:54:00,95.0
2025-06-12 14:27:00,94.2
2025-06-12 18:13:00,73.0
2025-06-12 10:10:00,38.8
2025-06-12 21:36:00,58.2
2025-06-12 13:07:00,39.2
2025-06-12 02:31:00,56.8
2025-06-12 19:45:00,42.6
2025-06-12 04:27:00,88.2
2025-06-12 16:10:00,55.5
2025-06-12 05:48:00,62.7
2025-06-12 21:31:00,49.659483264826775
2025-06-12 02:02:00,51.7
2025-06-12 19:55:00,49.6
2025-06-12 09:49:00,71.6
2025-06-12 03:37:00,47.3
2025-06-12 22:56:00,49.659483264826775
2025-06-12 15:29:00,24.9
2025-06-12 07:46:00,10.6
2025-06-12 18:15:00,18.1
2025-06-12 04:12:00,7.8
2025-06-12 21:12:00,53.6
2025-06-12 07:12:00,96.9
2025-06-12 05:32:00,57.1
2025-06-12 19:35:00,0.9
2025-06-12 05:50:00,49.659483264826775
2025-06-12 09:51:00,9.8
2025-06-12 10:19:00,64.7
2025-06-12 19:50:00,44.2
2025-06-12 16:54:00,54.4
2025-06-12 16:06:00,72.3
2025-06-12 14:49:00,45.2
2025-06-12 02:30:00,81.6
2025-06-12 12:11:00,84.1
2025-06-12 22:07:00,30.3
2025-06-12 08:32:00,72.3
2025-06-12 07:40:00,27.7
2025-06-12 21:04:00,28.0
2025-06-12 05:22:00,81.8
2025-06-12 18:56:00,49.659483264826775
2025-06-12 11:17:00,66.8
2025-06-12 23:41:00,41.2
2025-06-12 22:36:00,49.659483264826775
2025-06-12 17:10:00,49.659483264826775
2025-06-12 01:43:00,44.7
2025-06-12 02:26:00,16.8
2025-06-12 04:36:00,92.8
2025-06-12 14:18:00,1.8
2025-06-12 18:04:00,6.7
2025-06-12 02:24:00,47.5
2025-06-12 22:57:00,58.5
2025-06-12 07:27:00,49.659483264826775
2025-06-12 03:12:00,49.659483264826775
2025-06-12 20:53:00,62.5
2025-06-12 11:41:00,49.659483264826775
2025-06-12 16:16:00,49.659483264826775
2025-06-12 07:51:00,33.0
2025-06-12 01:07:00,32.4
2025-06-12 14:11:00,69.1
2025-06-12 14:46:00,26.1
2025-06-12 18:11:00,44.7
2025-06-12 22:10:00,49.659483264826775
2025-06-12 19:28:00,25.0
2025-06-12 17:09:00,46.8
2025-06-12 03:22:00,55.8
2025-06-12 15:50:00,96.6
2025-06-12 02:58:00,73.8
2025-06-12 08:27:00,96.7
2025-06-12 06:54:00,99.5
2025-06-12 03:52:00,96.1
2025-06-12 22:06:00,67.4
2025-06-12 16:02:00,49.659483264826775
2025-06-12 13:54:00,26.9
2025-06-12 05:27:00,42.8
2025-06-12 00:15:00,40.1
2025-06-12 15:37:00,38.9
2025-06-12 15:07:00,46.1
2025-06-12 05:12:00,82.6
2025-06-12 15:08:00,21.0
2025-06-12 21:30:00,97.3
2025-06-12 11:25:00,76.5
2025-06-12 21:16:00,94.8
2025-06-12 14:40:00,22.4
2025-06-12 17:03:00,70.5
2025-06-12 02:32:00,85.0
2025-06-12 01:56:00,70.7
2025-06-12 04:23:00,25.4
2025-06-12 17:26:00,45.4
2025-06-12 02:38:00,88.8
2025-06-12 07:14:00,26.1
2025-06-12 06:59:00,49.659483264826775
2025-06-12 14:25:00,48.2
2025-06-12 19:39:00,72.9
2025-06-12 03:16:00,4.8
2025-06-12 14:12:00,62.0
2025-06-12 19:53:00,49.659483264826775
2025-06-12 09:41:00,80.0
2025-06-12 23:40:00,56.1
2025-06-12 14:02:00,54.2
2025-06-12 15:10:00,6.5
2025-06-12 01:16:00,4.1
2025-06-12 23:36:00,28.5
2025-06-12 21:56:00,39.0
2025-06-12 18:06:00,9.4
2025-06-12 16:51:00,45.1
2025-06-12 05:42:00,31.7
2025-06-12 16:15:00,69.8
2025-06-12 03:32:00,20.8
2025-06-12 04:39:00,22.6
2025-06-12 05:33:00,40.5
2025-06-12 21:08:00,99.8
2025-06-12 15:46:00,55.9
2025-06-12 02:28:00,49.659483264826775
2025-06-12 05:34:00,73.5
2025-06-12 04:24:00,15.3
2025-06-12 10:20:00,21.4
2025-06-12 12:01:00,33.1
2025-06-12 06:36:00,94.1
2025-06-12 04:45:00,45.4
2025-06-12 14:48:00,49.732274758880266
2025-06-12 08:48:00,32.3
2025-06-12 20:46:00,89.2
2025-06-12 01:49:00,17.6
2025-06-12 21:46:00,17.8
2025-06-12 06:52:00,81.2
2025-06-12 22:00:00,64.5
2025-06-12 21:32:00,87.5
2025-06-12 05:23:00,49.732274758880266
2025-06-12 12:36:00,19.8
2025-06-12 10:28:00,0.2
2025-06-12 15:18:00,40.5
2025-06-12 18:15:00,17.9
2025-06-12 19:20:00,49.2
2025-06-12 17:13:00,70.8
2025-06-12 04:16:00,14.2
2025-06-12 14:02:00,16.4
2025-06-12 20:50:00,49.732274758880266
2025-06-12 01:04:00,70.5
2025-06-12 13:05:00,62.5
2025-06-12 23:21:00,58.8
2025-06-12 11:26:00,38.1
2025-06-12 16:03:00,91.7
2025-06-12 01:39:00,12.1
2025-06-12 05:11:00,80.2
2025-06-12 07:58:00,42.8
2025-06-12 21:01:00,83.9
2025-06-12 06:22:00,16.6
2025-06-12 19:43:00,10.1
2025-06-12 07:37:00,8.9
2025-06-12 08:36:00,41.5
2025-06-12 16:41:00,49.732274758880266
2025-06-12 13:38:00,49.732274758880266
2025-06-12 18:06:00,49.732274758880266
2025-06-12 11:35:00,72.9
2025-06-12 18:56:00,63.2
2025-06-12 18:17:00,49.732274758880266
2025-06-12 01:03:00,81.7
2025-06-12 09:45:00,49.732274758880266
2025-06-12 01:46:00,42.7
2025-06-12 13:08:00,60.6
2025-06-12 11:12:00,88.5
2025-06-12 01:25:00,49.732274758880266
2025-06-12 12:46:00,55.1
2025-06-12 17:14:00,20.3
2025-06-12 02:30:00,58.4
2025-06-12 23:49:00,12.7
2025-06-12 04:26:00,23.4
2025-06-12 05:58:00,98.8
2025-06-12 21:35:00,73.5
2025-06-12 19:56:00,15.4
2025-06-12 10:14:00,49.732274758880266
2025-06-12 06:28:00,89.6
2025-06-12 13:50:00,49.732274758880266
2025-06-12 14:32:00,46.6
2025-06-12 06:02:00,60.9
2025-06-12 07:14:00,52.8
2025-06-12 07:38:00,95.4
2025-06-12 03:43:00,51.8
2025-06-12 21:18:00,1.1
2025-06-12 16:59:00,94.5
2025-06-12 21:36:00,49.2
2025-06-12 17:40:00,8.8
2025-06-12 14:01:00,14.6
2025-06-12 17:17:00,68.1
2025-06-12 23:03:00,49.732274758880266
2025-06-12 04:20:00,19.8
2025-06-12 05:15:00,92.9
2025-06-12 23:26:00,51.2
2025-06-12 17:24:00,89.8
2025-06-12 13:44:00,49.732274758880266
2025-06-12 16:50:00,99.5
2025-06-12 11:08:00,49.732274758880266
2025-06-12 10:36:00,18.6
2025-06-12 18:31:00,67.7
2025-06-12 10:48:00,49.732274758880266
2025-06-12 08:09:00,62.3
2025-06-12 14:43:00,18.2
2025-06-12 08:05:00,15.6
2025-06-12 04:33:00,51.8
2025-06-12 23:08:00,49.732274758880266
2025-06-12 09:59:00,38.9
2025-06-12 18:28:00,41.7
2025-06-12 05:54:00,44.7
2025-06-12 02:15:00,82.6
2025-06-12 21:58:00,59.9
2025-06-12 18:52:00,75.5
2025-06-12 07:01:00,16.2
2025-06-12 11:39:00,7.9
2025-06-12 19:41:00,85.0
2025-06-12 23:53:00,74.9
2025-06-12 11:53:00,90.4
2025-06-12 13:43:00,49.732274758880266
2025-06-12 15:47:00,6.3
2025-06-12 00:31:00,42.1
2025-06-12 09:40:00,56.4
2025-06-12 21:53:00,70.1
2025-06-12 06:58:00,72.7
2025-06-12 23:10:00,88.8
2025-06-12 01:12:00,46.7
2025-06-12 07:28:00,62.9
2025-06-12 03:40:00,80.0
2025-06-12 18:02:00,49.732274758880266
2025-06-12 13:42:00,52.0
2025-06-12 00:18:00,68.4
2025-06-12 18:34:00,32.5
2025-06-12 05:26:00,80.2
2025-06-12 11:16:00,48.4
2025-06-12 21:26:00,80.0
2025-06-12 02:08:00,66.3
2025-06-12 00:52:00,48.0
2025-06-12 15:50:00,19.9
2025-06-12 08:34:00,61.7
2025-06-12 17:44:00,82.9
2025-06-12 10:26:00,8.2
2025-06-12 11:18:00,64.1
2025-06-12 09:21:00,66.7
2025-06-12 08:02:00,43.4
2025-06-12 00:25:00,25.2
2025-06-12 02:02:00,49.732274758880266
2025-06-12 16:22:00,17.0
2025-06-12 06:44:00,7.7
2025-06-12 19:09:00,76.6
2025-06-12 13:19:00,49.732274758880266
2025-06-12 10:49:00,48.5
2025-06-12 20:14:00,30.5
2025-06-12 03:00:00,43.1
2025-06-12 05:24:00,63.5
2025-06-12 18:41:00,76.4
2025-06-12 07:20:00,50.8
2025-06-12 04:07:00,31.1
2025-06-12 02:07:00,63.4
2025-06-12 08:21:00,37.4
2025-06-12 13:29:00,76.8
2025-06-12 14:46:00,66.6
2025-06-12 22:18:00,48.2
2025-06-12 18:05:00,96.6
2025-06-12 03:32:00,49.732274758880266
2025-06-12 11:32:00,46.0
2025-06-12 18:25:00,60.2
2025-06-12 20:10:00,55.9
2025-06-12 04:36:00,6.6
2025-06-12 02:54:00,49.732274758880266
2025-06-12 16:21:00,11.9
2025-06-12 19:29:00,42.8
2025-06-12 10:17:00,48.0
2025-06-12 12:48:00,71.6
2025-06-12 03:33:00,11.5
2025-06-12 20:53:00,49.732274758880266
2025-06-12 18:26:00,7.5
2025-06-12 23:00:00,93.5
2025-06-12 11:57:00,7.1
2025-06-12 20:48:00,37.1
2025-06-12 15:42:00,54.5
2025-06-12 03:34:00,21.0
2025-06-12 19:04:00,54.5
2025-06-12 15:14:00,31.4
2025-06-12 14:30:00,94.2
2025-06-12 17:35:00,93.5
2025-06-12 01:08:00,15.2
2025-06-12 04:25:00,49.732274758880266
2025-06-12 10:21:00,30.3
2025-06-12 02:55:00,49.732274758880266
2025-06-12 04:29:00,86.2
2025-06-12 03:58:00,12.6
2025-06-12 00:27:00,89.4
2025-06-12 16:49:00,90.0
2025-06-12 07:08:00,42.8
2025-06-12 05:46:00,49.732274758880266
2025-06-12 18:20:00,59.3
2025-06-12 01:16:00,49.732274758880266
2025-06-12 13:21:00,25.5
2025-06-12 02:16:00,80.6
2025-06-12 16:14:00,44.3
2025-06-12 15:03:00,42.7
2025-06-12 15:26:00,63.1
2025-06-12 20:17:00,49.732274758880266
2025-06-12 08:52:00,76.5
2025-06-12 12:12:00,76.1
2025-06-12 07:54:00,39.8
2025-06-12 10:59:00,63.6
2025-06-12 20:24:00,97.9
2025-06-12 22:19:00,37.9
2025-06-12 18:32:00,57.6
2025-06-12 12:56:00,33.8
2025-06-12 17:07:00,49.732274758880266
2025-06-12 21:22:00,3.3
2025-06-12 03:54:00,76.1
2025-06-12 17:42:00,58.6
2025-06-12 18:54:00,30.1
2025-06-12 01:20:00,39.2
2025-06-12 22:21:00,10.4
2025-06-12 21:24:00,15.1
2025-06-12 06:32:00,79.1
2025-06-12 23:58:00,77.5
2025-06-12 00:36:00,49.732274758880266
2025-06-12 06:45:00,43.7
2025-06-12 14:20:00,0.3
2025-06-12 15:32:00,40.1
2025-06-12 11:58:00,49.732274758880266
2025-06-12 10:24:00,49.732274758880266
2025-06-12 13:15:00,76.8
2025-06-12 04:23:00,10.5
2025-06-12 23:29:00,60.8
2025-06-12 22:23:00,7.5
2025-06-12 12:53:00,34.9
2025-06-12 21:00:00,81.9
2025-06-12 19:07:00,12.5
2025-06-12 22:14:00,15.8
2025-06-12 20:27:00,51.2
2025-06-12 10:29:00,45.2
2025-06-12 15:58:00,52.6
2025-06-12 17:56:00,49.732274758880266
2025-06-12 04:49:00,58.9
2025-06-12 06:54:00,94.1
2025-06-12 21:27:00,79.8
2025-06-12 09:28:00,31.2
2025-06-12 08:19:00,57.5
2025-06-12 06:30:00,49.732274758880266
2025-06-12 18:46:00,49.732274758880266
2025-06-12 06:05:00,49.732274758880266
2025-06-12 10:31:00,49.732274758880266
2025-06-12 18:19:00,52.0
2025-06-12 23:19:00,47.5
2025-06-12 10:45:00,49.732274758880266
2025-06-12 12:31:00,49.732274758880266
2025-06-12 13:06:00,4.6
2025-06-12 08:54:00,76.1
2025-06-12 10:02:00,33.2
2025-06-12 08:38:00,49.4
2025-06-12 08:45:00,97.3
2025-06-12 16:35:00,15.6
2025-06-12 00:21:00,90.3
2025-06-12 12:11:00,36.8
2025-06-12 06:35:00,30.3
2025-06-12 21:37:00,83.7
2025-06-12 21:52:00,32.5
2025-06-12 05:14:00,71.1
2025-06-12 04:35:00,67.1
2025-06-12 09:51:00,87.9
2025-06-12 18:48:00,5.4
2025-06-12 11:17:00,74.2
2025-06-12 16:28:00,89.4
2025-06-12 21:45:00,31.5
2025-06-12 17:31:00,97.5
2025-06-12 15:46:00,64.7
2025-06-12 15:08:00,43.0
2025-06-12 15:28:00,42.7
2025-06-12 16:40:00,49.732274758880266
2025-06-12 10:44:00,22.6
2025-06-12 21:10:00,12.2
2025-06-12 08:18:00,49.6
2025-06-12 07:22:00,29.2
2025-06-12 16:09:00,78.6
2025-06-12 21:13:00,69.1
2025-06-12 13:16:00,42.7
2025-06-12 16:07:00,1.4
2025-06-12 22:13:00,99.2
2025-06-12 19:36:00,34.0
2025-06-12 02:39:00,56.3
2025-06-12 02:52:00,56.1
2025-06-12 00:37:00,73.4
2025-06-12 19:40:00,49.732274758880266
2025-06-12 15:35:00,85.5
2025-06-12 15:29:00,49.732274758880266
2025-06-12 11:40:00,49.732274758880266
2025-06-12 02:23:00,2.9
2025-06-12 04:05:00,97.7
2025-06-12 21:34:00,49.732274758880266
2025-06-12 17:57:00,49.732274758880266
2025-06-12 15:10:00,34.7
2025-06-12 08:29:00,58.2
2025-06-12 17:23:00,71.7
2025-06-12 03:15:00,98.6
2025-06-12 11:45:00,16.1
2025-06-12 13:32:00,82.6
2025-06-12 22:07:00,43.0
2025-06-12 02:06:00,8.9
2025-06-12 15:31:00,88.5
2025-06-12 03:04:00,81.7
2025-06-12 08:26:00,68.8
2025-06-12 08:12:00,58.8
2025-06-12 02:45:00,55.5
2025-06-12 19:45:00,28.0
2025-06-12 02:53:00,49.732274758880266
2025-06-12 02:35:00,12.6
2025-06-12 19:22:00,2.9
2025-06-12 20:03:00,6.6
2025-06-12 19:31:00,49.38053801169591
2025-06-12 08:09:00,72.3
2025-06-12 07:43:00,49.38053801169591
2025-06-12 11:24:00,4.0
2025-06-12 12:11:00,49.38053801169591
2025-06-12 13:07:00,32.7
2025-06-12 01:01:00,88.7
2025-06-12 22:13:00,10.3
2025-06-12 11:22:00,73.3
2025-06-12 19:52:00,24.8
2025-06-12 15:58:00,81.5
2025-06-12 16:44:00,70.8
2025-06-12 21:48:00,99.5
2025-06-12 11:58:00,19.6
2025-06-12 15:44:00,17.3
2025-06-12 01:09:00,87.9
2025-06-12 10:42:00,70.9
2025-06-12 02:11:00,5.4
2025-06-12 09:34:00,82.0
2025-06-12 02:52:00,1.3
2025-06-12 09:28:00,52.3
2025-06-12 15:01:00,82.6
2025-06-12 21:52:00,64.7
2025-06-12 09:45:00,64.0
2025-06-12 15:06:00,49.38053801169591
2025-06-12 23:32:00,17.5
2025-06-12 02:31:00,58.7
2025-06-12 23:43:00,96.8
2025-06-12 02:06:00,14.2
2025-06-12 19:21:00,45.4
2025-06-12 20:23:00,33.7
2025-06-12 17:21:00,49.38053801169591
2025-06-12 05:55:00,32.7
2025-06-12 20:25:00,33.2
2025-06-12 12:43:00,14.4
2025-06-12 05:29:00,17.4
2025-06-12 18:21:00,36.2
2025-06-12 16:17:00,24.5
2025-06-12 17:37:00,41.8
2025-06-12 19:25:00,84.4
2025-06-12 22:18:00,54.8
2025-06-12 21:11:00,42.4
2025-06-12 05:48:00,67.2
2025-06-12 10:27:00,15.3
2025-06-12 04:27:00,84.6
2025-06-12 07:19:00,96.1
2025-06-12 02:57:00,73.3
2025-06-12 23:36:00,36.9
2025-06-12 17:57:00,15.8
2025-06-12 05:59:00,71.0
2025-06-12 20:55:00,95.4
2025-06-12 08:12:00,85.4
2025-06-12 19:33:00,50.9
2025-06-12 04:28:00,55.7
2025-06-12 14:48:00,97.4
2025-06-12 13:23:00,50.2
2025-06-12 11:11:00,63.5
2025-06-12 23:37:00,56.1
2025-06-12 01:32:00,8.8
2025-06-12 03:05:00,69.9
2025-06-12 03:56:00,14.0
2025-06-12 23:38:00,49.38053801169591
2025-06-12 12:34:00,9.4
2025-06-12 16:30:00,86.8
2025-06-12 16:57:00,49.38053801169591
2025-06-12 15:15:00,76.4
2025-06-12 12:22:00,14.5
2025-06-12 18:57:00,45.8
2025-06-12 12:40:00,49.38053801169591
2025-06-12 20:42:00,29.8
2025-06-12 19:03:00,44.2
2025-06-12 13:12:00,14.2
2025-06-12 18:09:00,49.5
2025-06-12 08:00:00,33.3
2025-06-12 05:54:00,78.1
2025-06-12 19:17:00,36.6
2025-06-12 08:44:00,29.1
2025-06-12 06:06:00,6.9
2025-06-12 03:48:00,92.9
2025-06-12 20:45:00,83.9
2025-06-12 21:47:00,71.2
2025-06-12 10:50:00,49.38053801169591
2025-06-12 23:07:00,22.5
2025-06-12 20:16:00,75.9
2025-06-12 21:54:00,49.38053801169591
2025-06-12 11:57:00,75.0
2025-06-12 02:40:00,49.38053801169591
2025-06-12 19:08:00,20.3
2025-06-12 02:54:00,9.7
2025-06-12 06:00:00,89.1
2025-06-12 14:41:00,25.4
2025-06-12 21:15:00,45.0
2025-06-12 19:37:00,15.4
2025-06-12 17:28:00,49.38053801169591
2025-06-12 15:11:00,46.3
2025-06-12 13:35:00,8.6
2025-06-12 17:17:00,82.4
2025-06-12 18:53:00,4.4
2025-06-12 10:46:00,44.2
2025-06-12 20:50:00,49.38053801169591
2025-06-12 22:12:00,74.2
2025-06-12 17:35:00,47.1
2025-06-12 07:01:00,49.38053801169591
2025-06-12 07:11:00,63.2
2025-06-12 17:31:00,52.8
2025-06-12 06:51:00,49.38053801169591
2025-06-12 21:46:00,49.38053801169591
2025-06-12 20:44:00,49.38053801169591
2025-06-12 01:28:00,49.38053801169591
2025-06-12 18:16:00,33.3
2025-06-12 00:15:00,49.38053801169591
2025-06-12 13:39:00,86.1
2025-06-12 17:46:00,52.3
2025-06-12 16:43:00,98.0
2025-06-12 12:54:00,49.38053801169591
2025-06-12 05:58:00,79.2
2025-06-12 09:52:00,49.38053801169591
2025-06-12 12:32:00,25.8
2025-06-12 14:08:00,49.2
2025-06-12 04:00:00,49.38053801169591
2025-06-12 14:21:00,49.38053801169591
2025-06-12 11:45:00,49.38053801169591
2025-06-12 08:51:00,75.0
2025-06-12 08:06:00,73.7
2025-06-12 22:27:00,80.7
2025-06-12 00:29:00,67.4
2025-06-12 19:36:00,88.7
2025-06-12 16:45:00,42.5
2025-06-12 14:17:00,59.6
2025-06-12 22:55:00,69.3
2025-06-12 14:51:00,50.0
2025-06-12 11:46:00,49.38053801169591
2025-06-12 01:10:00,49.1
2025-06-12 08:54:00,17.5
2025-06-12 07:06:00,97.2
2025-06-12 06:33:00,3.0
2025-06-12 16:24:00,52.2
2025-06-12 14:25:00,87.9
2025-06-12 14:24:00,76.2
2025-06-12 23:29:00,57.7
2025-06-12 16:31:00,82.3
2025-06-12 08:45:00,49.38053801169591
2025-06-12 22:39:00,74.3
2025-06-12 05:04:00,4.6
2025-06-12 15:57:00,13.3
2025-06-12 14:26:00,30.7
2025-06-12 14:23:00,17.3
2025-06-12 23:41:00,29.3
2025-06-12 14:19:00,49.38053801169591
2025-06-12 23:12:00,84.4
2025-06-12 05:08:00,87.9
2025-06-12 16:26:00,21.0
2025-06-12 08:29:00,23.9
2025-06-12 05:23:00,29.0
2025-06-12 02:36:00,49.38053801169591
2025-06-12 17:32:00,26.2
2025-06-12 14:11:00,92.0
2025-06-12 09:55:00,96.5
2025-06-12 11:00:00,37.5
2025-06-12 10:32:00,60.7
2025-06-12 16:51:00,96.6
2025-06-12 08:22:00,2.2
2025-06-12 10:18:00,37.7
2025-06-12 13:30:00,14.5
2025-06-12 13:02:00,32.2
2025-06-12 21:32:00,77.8
2025-06-12 01:31:00,47.5
2025-06-12 07:49:00,18.2
2025-06-12 10:09:00,94.2
2025-06-12 15:28:00,53.5
2025-06-12 05:15:00,93.9
2025-06-12 02:02:00,7.2
2025-06-12 16:34:00,37.7
2025-06-12 18:06:00,42.9
2025-06-12 12:23:00,53.4
2025-06-12 06:40:00,61.9
2025-06-12 01:05:00,46.7
2025-06-12 22:35:00,40.7
2025-06-12 12:27:00,59.5
2025-06-12 08:28:00,13.1
2025-06-12 20:57:00,59.5
2025-06-12 10:08:00,46.6
2025-06-12 18:22:00,84.5
2025-06-12 13:52:00,48.8
2025-06-12 00:16:00,39.5
2025-06-12 05:18:00,4.5
2025-06-12 20:21:00,16.6
2025-06-12 19:15:00,49.38053801169591
2025-06-12 09:49:00,32.2
2025-06-12 07:31:00,90.5
2025-06-12 15:34:00,27.7
2025-06-12 17:52:00,77.0
2025-06-12 19:24:00,1.7
2025-06-12 19:47:00,58.1
2025-06-12 15:21:00,47.2
2025-06-12 04:39:00,60.9
2025-06-12 03:06:00,23.8
2025-06-12 23:54:00,0.6
2025-06-12 20:28:00,24.1
2025-06-12 00:28:00,40.3
2025-06-12 21:14:00,67.6
2025-06-12 05:56:00,49.38053801169591
2025-06-12 09:57:00,27.1
2025-06-12 22:01:00,90.9
2025-06-12 18:27:00,0.4
2025-06-12 14:07:00,18.3
2025-06-12 19:58:00,49.38053801169591
2025-06-12 08:02:00,69.4
2025-06-12 03:57:00,77.7
2025-06-12 22:36:00,86.3
2025-06-12 20:09:00,25.0
2025-06-12 12:21:00,62.9
2025-06-12 06:03:00,8.0
2025-06-12 20:47:00,27.2
2025-06-12 07:42:00,88.4
2025-06-12 04:26:00,11.9
2025-06-12 09:46:00,90.5
2025-06-12 11:19:00,94.0
2025-06-12 05:06:00,21.3
2025-06-12 01:54:00,64.4
2025-06-12 18:11:00,83.8
2025-06-12 03:51:00,68.3
2025-06-12 21:12:00,76.8
2025-06-12 07:03:00,22.4
2025-06-12 10:49:00,1.4
2025-06-12 00:06:00,4.3
2025-06-12 02:49:00,39.6
2025-06-12 23:27:00,0.9
2025-06-12 12:01:00,27.9
2025-06-12 10:36:00,42.4
2025-06-12 11:16:00,49.38053801169591
2025-06-12 19:11:00,79.9
2025-06-12 16:33:00,49.38053801169591
2025-06-12 18:17:00,56.7
2025-06-12 16:29:00,49.38053801169591
2025-06-12 01:27:00,42.0
2025-06-12 17:08:00,23.7
2025-06-12 09:59:00,78.1
2025-06-12 13:11:00,67.3
2025-06-12 14:27:00,50.7
2025-06-12 04:42:00,9.3
2025-06-12 18:01:00,52.6
2025-06-12 08:52:00,43.6
2025-06-12 03:00:00,37.5
2025-06-12 11:17:00,29.3
2025-06-12 15:12:00,30.4
2025-06-12 10:30:00,62.5
2025-06-12 20:29:00,87.9
2025-06-12 05:30:00,87.8
2025-06-12 18:00:00,94.5
2025-06-12 01:18:00,59.3
2025-06-12 08:16:00,22.1
2025-06-12 09:53:00,49.38053801169591
2025-06-12 23:48:00,98.7
2025-06-12 19:20:00,49.38053801169591
2025-06-12 01:43:00,44.7
2025-06-12 03:24:00,66.0
2025-06-12 07:05:00,22.7
2025-06-12 02:43:00,17.5
2025-06-12 12:44:00,49.38053801169591
2025-06-12 22:20:00,71.5
2025-06-12 07:32:00,50.4
2025-06-12 04:31:00,80.3
2025-06-12 08:20:00,88.9
2025-06-12 07:12:00,51.0
2025-06-12 04:20:00,39.6
2025-06-12 17:45:00,49.38053801169591
2025-06-12 05:35:00,11.3
2025-06-12 00:51:00,86.0
2025-06-12 21:06:00,33.0
2025-06-12 05:12:00,63.0
2025-06-12 07:17:00,7.2
2025-06-12 15:47:00,6.8
2025-06-12 11:59:00,39.7
2025-06-12 05:31:00,1.7
2025-06-12 11:13:00,55.8
2025-06-12 16:42:00,49.38053801169591
2025-06-12 19:01:00,22.3
2025-06-12 03:41:00,32.0
2025-06-12 14:01:00,85.0
2025-06-12 14:52:00,39.4
2025-06-12 14:13:00,49.38053801169591
2025-06-12 01:49:00,49.38053801169591
2025-06-12 12:02:00,81.6
2025-06-12 16:52:00,79.6
2025-06-12 04:06:00,98.0
2025-06-12 19:59:00,7.6
2025-06-12 22:59:00,49.38053801169591
2025-06-12 03:40:00,49.38053801169591
2025-06-12 09:09:00,17.0
2025-06-12 05:52:00,31.4
2025-06-12 00:11:00,99.0
2025-06-12 00:25:00,92.0
2025-06-12 14:54:00,85.4
2025-06-12 18:45:00,52.2
2025-06-12 12:33:00,41.1
2025-06-12 17:55:00,26.4
2025-06-12 15:50:00,2.0
2025-06-12 01:56:00,63.5
2025-06-12 18:44:00,19.3
2025-06-12 23:24:00,28.3
2025-06-12 19:09:00,44.4
2025-06-12 16:12:00,49.38053801169591
2025-06-12 15:16:00,46.6
2025-06-12 05:11:00,44.4
2025-06-12 01:03:00,0.9
2025-06-12 23:30:00,44.6
2025-06-12 05:50:00,0.7
2025-06-12 13:06:00,17.6
2025-06-12 18:07:00,83.8
2025-06-12 10:51:00,80.2
2025-06-12 07:00:00,78.2
2025-06-12 07:58:00,24.6
2025-06-12 12:31:00,73.4
2025-06-12 08:36:00,25.3
2025-06-12 08:33:00,70.7
2025-06-12 23:39:00,50.4
2025-06-12 01:37:00,7.3
2025-06-12 00:26:00,84.9
2025-06-12 09:52:00,78.5
2025-06-12 17:47:00,61.1
2025-06-12 07:31:00,20.0
2025-06-12 11:45:00,57.0
2025-06-12 07:42:00,95.9
2025-06-12 20:53:00,57.5
2025-06-12 22:03:00,26.6
2025-06-12 05:48:00,0.8
2025-06-12 05:46:00,65.3
2025-06-12 11:03:00,92.4
2025-06-12 05:04:00,49.594186729301235
2025-06-12 07:59:00,26.3
2025-06-12 19:51:00,49.594186729301235
2025-06-12 00:54:00,99.5
2025-06-12 17:48:00,56.9
2025-06-12 21:11:00,38.5
2025-06-12 09:42:00,59.9
2025-06-12 16:14:00,14.1
2025-06-12 02:21:00,14.9
2025-06-12 19:41:00,77.3
2025-06-12 08:08:00,66.0
2025-06-12 13:29:00,49.594186729301235
2025-06-12 03:44:00,40.5
2025-06-12 02:40:00,79.6
2025-06-12 01:41:00,25.0
2025-06-12 11:59:00,43.8
2025-06-12 03:26:00,61.6
2025-06-12 06:37:00,48.5
2025-06-12 22:10:00,44.7
2025-06-12 07:50:00,39.3
2025-06-12 23:24:00,24.5
2025-06-12 23:04:00,32.1
2025-06-12 16:16:00,17.3
2025-06-12 04:13:00,56.7
2025-06-12 08:00:00,49.594186729301235
2025-06-12 11:17:00,86.9
2025-06-12 13:05:00,49.594186729301235
2025-06-12 19:05:00,14.4
2025-06-12 13:21:00,60.9
2025-06-12 14:51:00,15.4
2025-06-12 17:35:00,64.6
2025-06-12 13:24:00,85.7
2025-06-12 10:44:00,61.6
2025-06-12 22:11:00,76.2
2025-06-12 21:15:00,12.9
2025-06-12 10:52:00,69.3
2025-06-12 04:59:00,49.594186729301235
2025-06-12 10:35:00,52.4
2025-06-12 07:45:00,72.2
2025-06-12 19:04:00,54.4
2025-06-12 07:01:00,54.7
2025-06-12 23:36:00,70.8
2025-06-12 17:38:00,49.594186729301235
2025-06-12 10:26:00,49.594186729301235
2025-06-12 05:32:00,49.594186729301235
2025-06-12 09:27:00,93.0
2025-06-12 10:39:00,66.9
2025-06-12 16:55:00,28.3
2025-06-12 17:27:00,63.4
2025-06-12 14:46:00,0.9
2025-06-12 14:43:00,60.4
2025-06-12 15:15:00,13.2
2025-06-12 20:00:00,66.4
2025-06-12 10:50:00,71.5
2025-06-12 10:47:00,87.6
2025-06-12 02:13:00,44.5
2025-06-12 01:28:00,64.9
2025-06-12 23:31:00,1.7
2025-06-12 16:01:00,26.7
2025-06-12 03:13:00,28.4
2025-06-12 01:52:00,49.594186729301235
2025-06-12 02:56:00,1.6
2025-06-12 13:51:00,86.3
2025-06-12 23:33:00,9.4
2025-06-12 16:58:00,14.2
2025-06-12 15:54:00,92.4
2025-06-12 11:38:00,11.7
2025-06-12 09:58:00,49.594186729301235
2025-06-12 21:28:00,32.4
2025-06-12 22:05:00,49.594186729301235
2025-06-12 03:42:00,49.594186729301235
2025-06-12 17:46:00,43.5
2025-06-12 12:07:00,67.8
2025-06-12 14:08:00,49.594186729301235
2025-06-12 08:52:00,50.9
2025-06-12 06:59:00,0.8
2025-06-12 21:27:00,5.2
2025-06-12 09:45:00,49.594186729301235
2025-06-12 08:03:00,49.594186729301235
2025-06-12 17:33:00,49.594186729301235
2025-06-12 02:11:00,64.3
2025-06-12 23:09:00,96.1
2025-06-12 02:18:00,0.5
2025-06-12 16:24:00,62.2
2025-06-12 00:10:00,41.4
2025-06-12 06:54:00,1.5
2025-06-12 05:22:00,49.594186729301235
2025-06-12 23:52:00,90.8
2025-06-12 00:16:00,72.5
2025-06-12 02:58:00,81.1
2025-06-12 05:19:00,56.4
2025-06-12 11:54:00,50.5
2025-06-12 08:18:00,80.6
2025-06-12 22:29:00,74.3
2025-06-12 01:57:00,83.1
2025-06-12 09:05:00,49.594186729301235
2025-06-12 09:49:00,48.7
2025-06-12 10:59:00,49.4
2025-06-12 00:11:00,23.2
2025-06-12 13:30:00,32.1
2025-06-12 12:01:00,99.6
2025-06-12 22:54:00,78.3
2025-06-12 02:37:00,2.7
2025-06-12 06:02:00,7.0
2025-06-12 22:38:00,27.8
2025-06-12 03:14:00,82.4
2025-06-12 22:37:00,49.594186729301235
2025-06-12 10:14:00,21.3
2025-06-12 14:39:00,91.9
2025-06-12 09:43:00,36.8
2025-06-12 07:36:00,26.7
2025-06-12 16:39:00,60.6
2025-06-12 04:30:00,55.9
2025-06-12 10:22:00,10.7
2025-06-12 15:29:00,50.3
2025-06-12 21:17:00,79.0
2025-06-12 07:23:00,20.0
2025-06-12 02:52:00,71.6
2025-06-12 11:02:00,49.594186729301235
2025-06-12 18:24:00,86.3
2025-06-12 00:21:00,39.1
2025-06-12 19:46:00,54.8
2025-06-12 07:09:00,18.4
2025-06-12 04:45:00,95.4
2025-06-12 10:55:00,42.3
2025-06-12 03:27:00,17.6
2025-06-12 06:01:00,12.8
2025-06-12 13:02:00,49.594186729301235
2025-06-12 21:34:00,5.3
2025-06-12 13:18:00,88.5
2025-06-12 00:08:00,72.2
2025-06-12 14:30:00,49.594186729301235
2025-06-12 02:02:00,18.3
2025-06-12 00:33:00,43.6
2025-06-12 00:23:00,1.4
2025-06-12 12:14:00,54.3
2025-06-12 11:55:00,65.9
2025-06-12 19:56:00,18.0
2025-06-12 13:28:00,49.594186729301235
2025-06-12 00:43:00,63.9
2025-06-12 15:06:00,35.9
2025-06-12 03:57:00,38.2
2025-06-12 02:43:00,7.7
2025-06-12 08:54:00,77.0
2025-06-12 10:51:00,49.594186729301235
2025-06-12 21:23:00,90.4
2025-06-12 02:03:00,55.0
2025-06-12 04:58:00,49.594186729301235
2025-06-12 17:00:00,8.2
2025-06-12 20:26:00,70.9
2025-06-12 19:49:00,57.5
2025-06-12 14:50:00,8.6
2025-06-12 14:56:00,24.7
2025-06-12 18:35:00,24.3
2025-06-12 01:04:00,66.4
2025-06-12 02:08:00,62.9
2025-06-12 21:42:00,93.1
2025-06-12 10:45:00,87.6
2025-06-12 05:55:00,23.6
2025-06-12 13:03:00,68.8
2025-06-12 16:08:00,66.3
2025-06-12 04:04:00,63.8
2025-06-12 00:37:00,66.7
2025-06-12 02:29:00,88.5
2025-06-12 08:47:00,49.594186729301235
2025-06-12 14:25:00,40.4
2025-06-12 20:06:00,76.4
2025-06-12 04:52:00,52.5
2025-06-12 17:30:00,82.1
2025-06-12 16:56:00,31.6
2025-06-12 20:29:00,33.5
2025-06-12 00:51:00,90.9
2025-06-12 06:53:00,51.1
2025-06-12 06:48:00,64.4
2025-06-12 15:01:00,25.8
2025-06-12 08:32:00,20.2
2025-06-12 13:14:00,37.8
2025-06-12 19:34:00,4.4
2025-06-12 20:57:00,12.6
2025-06-12 04:39:00,49.594186729301235
2025-06-12 23:12:00,6.1
2025-06-12 01:54:00,98.1
2025-06-12 23:14:00,6.6
2025-06-12 17:18:00,49.594186729301235
2025-06-12 19:07:00,34.4
2025-06-12 20:32:00,76.6
2025-06-12 07:10:00,81.5
2025-06-12 09:35:00,63.2
2025-06-12 01:49:00,31.2
2025-06-12 21:26:00,49.594186729301235
2025-06-12 11:36:00,15.2
2025-06-12 11:31:00,91.9
2025-06-12 20:36:00,1.4
2025-06-12 14:49:00,66.3
2025-06-12 16:48:00,78.8
2025-06-12 18:08:00,87.7
2025-06-12 02:17:00,49.594186729301235
2025-06-12 06:17:00,54.3
2025-06-12 15:30:00,87.8
2025-06-12 01:20:00,79.4
2025-06-12 21:44:00,55.6
2025-06-12 02:15:00,99.9
2025-06-12 02:30:00,28.9
2025-06-12 11:40:00,53.7
2025-06-12 22:40:00,26.7
2025-06-12 14:31:00,58.0
2025-06-12 04:10:00,86.6
2025-06-12 14:42:00,49.594186729301235
2025-06-12 02:39:00,46.5
2025-06-12 16:07:00,35.7
2025-06-12 16:22:00,83.3
2025-06-12 20:38:00,49.594186729301235
2025-06-12 11:58:00,49.594186729301235
2025-06-12 17:15:00,44.1
2025-06-12 16:30:00,0.2
2025-06-12 11:00:00,55.4
2025-06-12 20:07:00,50.3
2025-06-12 17:23:00,22.8
2025-06-12 22:50:00,17.6
2025-06-12 06:10:00,87.4
2025-06-12 12:50:00,43.0
2025-06-12 12:20:00,92.1
2025-06-12 14:35:00,40.4
2025-06-12 17:05:00,96.6
2025-06-12 05:15:00,27.5
2025-06-12 11:05:00,16.8
2025-06-12 21:05:00,24.0
2025-06-12 12:18:00,20.5
2025-06-12 06:19:00,33.9
2025-06-12 18:43:00,94.6
2025-06-12 14:21:00,8.7
2025-06-12 08:09:00,27.7
2025-06-12 07:48:00,96.6
2025-06-12 21:38:00,49.594186729301235
2025-06-12 10:18:00,44.1
2025-06-12 00:42:00,91.3
2025-06-12 05:02:00,77.5
2025-06-12 12:51:00,99.1
2025-06-12 13:52:00,49.594186729301235
2025-06-12 18:56:00,8.0
2025-06-12 12:00:00,0.4
2025-06-12 00:46:00,69.2
2025-06-12 00:03:00,49.3
2025-06-12 00:31:00,17.2
2025-06-12 09:30:00,74.5
2025-06-12 02:26:00,20.7
2025-06-12 20:42:00,98.4
2025-06-12 12:43:00,49.594186729301235
2025-06-12 19:48:00,21.4
2025-06-12 01:31:00,46.3
2025-06-12 03:38:00,94.3
2025-06-12 01:19:00,83.3
2025-06-12 17:52:00,98.1
2025-06-12 00:41:00,14.6
2025-06-12 02:31:00,49.594186729301235
2025-06-12 08:46:00,41.8
2025-06-12 19:35:00,83.3
2025-06-12 17:41:00,2.4
2025-06-12 05:40:00,67.3
2025-06-12 13:12:00,49.594186729301235
2025-06-12 10:49:00,49.594186729301235
2025-06-12 22:31:00,12.9
2025-06-12 15:22:00,56.9
2025-06-12 13:33:00,49.594186729301235
2025-06-12 13:32:00,34.9
2025-06-12 12:21:00,23.0
2025-06-12 22:13:00,87.2
2025-06-12 22:48:00,50.03812089971884
2025-06-12 09:51:00,50.03812089971884
2025-06-12 01:38:00,96.1
2025-06-12 15:59:00,50.03812089971884
2025-06-12 23:56:00,50.03812089971884
2025-06-12 00:16:00,28.8
2025-06-12 15:02:00,60.7
2025-06-12 05:01:00,84.0
2025-06-12 18:31:00,24.9
2025-06-12 10:30:00,50.03812089971884
2025-06-12 07:07:00,91.0
2025-06-12 00:00:00,12.2
2025-06-12 10:49:00,89.1
2025-06-12 10:01:00,5.4
2025-06-12 22:58:00,94.8
2025-06-12 23:14:00,16.1
2025-06-12 13:42:00,50.03812089971884
2025-06-12 12:56:00,60.6
2025-06-12 13:21:00,96.1
2025-06-12 22:54:00,80.6
2025-06-12 14:30:00,50.03812089971884
2025-06-12 16:14:00,80.5
2025-06-12 22:32:00,44.6
2025-06-12 04:38:00,50.03812089971884
2025-06-12 15:32:00,27.8
2025-06-12 10:17:00,62.9
2025-06-12 06:57:00,47.8
2025-06-12 04:33:00,89.3
2025-06-12 04:45:00,41.6
2025-06-12 01:53:00,74.4
2025-06-12 00:49:00,23.3
2025-06-12 16:12:00,69.4
2025-06-12 11:50:00,80.4
2025-06-12 21:59:00,78.7
2025-06-12 19:53:00,5.6
2025-06-12 10:44:00,50.03812089971884
2025-06-12 04:07:00,49.3
2025-06-12 06:35:00,50.03812089971884
2025-06-12 12:49:00,50.03812089971884
2025-06-12 07:12:00,58.8
2025-06-12 08:06:00,18.9
2025-06-12 06:49:00,50.03812089971884
2025-06-12 19:18:00,50.03812089971884
2025-06-12 05:16:00,61.3
2025-06-12 12:14:00,36.6
2025-06-12 05:02:00,74.0
2025-06-12 13:03:00,68.9
2025-06-12 08:04:00,12.5
2025-06-12 02:32:00,13.3
2025-06-12 00:42:00,37.2
2025-06-12 09:32:00,40.0
2025-06-12 09:45:00,56.2
2025-06-12 05:03:00,50.03812089971884
2025-06-12 02:42:00,82.4
2025-06-12 18:21:00,29.2
2025-06-12 18:55:00,38.5
2025-06-12 00:17:00,11.3
2025-06-12 17:45:00,19.8
2025-06-12 13:35:00,16.7
2025-06-12 16:30:00,33.9
2025-06-12 05:30:00,99.3
2025-06-12 22:15:00,57.3
2025-06-12 19:10:00,41.5
2025-06-12 22:08:00,30.3
2025-06-12 22:57:00,98.5
2025-06-12 07:36:00,41.9
2025-06-12 11:45:00,44.7
2025-06-12 12:31:00,75.3
2025-06-12 21:48:00,75.8
2025-06-12 03:24:00,74.9
2025-06-12 04:58:00,87.2
2025-06-12 12:24:00,50.03812089971884
2025-06-12 13:43:00,95.5
2025-06-12 00:28:00,47.2
2025-06-12 06:40:00,78.3
2025-06-12 08:45:00,50.03812089971884
2025-06-12 09:19:00,89.6
2025-06-12 00:32:00,64.3
2025-06-12 04:31:00,97.7
2025-06-12 11:18:00,69.0
2025-06-12 02:00:00,35.0
2025-06-12 18:01:00,9.9
2025-06-12 18:52:00,50.03812089971884
2025-06-12 04:22:00,18.2
2025-06-12 04:21:00,42.2
2025-06-12 05:42:00,50.03812089971884
2025-06-12 12:39:00,2.2
2025-06-12 20:41:00,82.8
2025-06-12 07:32:00,97.9
2025-06-12 22:49:00,83.4
2025-06-12 17:17:00,50.03812089971884
2025-06-12 11:26:00,50.2
2025-06-12 03:42:00,45.9
2025-06-12 21:26:00,50.03812089971884
2025-06-12 17:29:00,50.03812089971884
2025-06-12 11:01:00,11.4
2025-06-12 21:28:00,44.0
2025-06-12 20:02:00,44.3
2025-06-12 03:14:00,50.03812089971884
2025-06-12 03:23:00,88.8
2025-06-12 23:19:00,95.6
2025-06-12 04:35:00,50.03812089971884
2025-06-12 11:51:00,50.03812089971884
2025-06-12 23:49:00,95.2
2025-06-12 10:39:00,52.4
2025-06-12 04:08:00,50.03812089971884
2025-06-12 19:32:00,91.3
2025-06-12 08:03:00,50.03812089971884
2025-06-12 06:04:00,50.03812089971884
2025-06-12 09:34:00,77.1
2025-06-12 19:12:00,50.03812089971884
2025-06-12 16:45:00,64.6
2025-06-12 07:30:00,96.4
2025-06-12 08:46:00,60.4
2025-06-12 16:16:00,50.03812089971884
2025-06-12 23:18:00,6.3
2025-06-12 18:47:00,16.2
2025-06-12 06:21:00,92.6
2025-06-12 11:17:00,59.1
2025-06-12 06:42:00,50.03812089971884
2025-06-12 04:01:00,25.6
2025-06-12 04:20:00,77.8
2025-06-12 02:19:00,32.8
2025-06-12 20:40:00,7.8
2025-06-12 01:32:00,80.8
2025-06-12 18:34:00,68.2
2025-06-12 03:03:00,50.03812089971884
2025-06-12 03:28:00,50.03812089971884
2025-06-12 19:14:00,29.5
2025-06-12 20:10:00,1.7
2025-06-12 11:35:00,50.03812089971884
2025-06-12 07:39:00,42.9
2025-06-12 17:59:00,52.1
2025-06-12 15:28:00,67.0
2025-06-12 21:42:00,71.3
2025-06-12 01:31:00,67.1
2025-06-12 07:04:00,99.5
2025-06-12 22:04:00,78.0
2025-06-12 00:03:00,24.9
2025-06-12 10:48:00,55.1
2025-06-12 20:47:00,92.6
2025-06-12 08:24:00,18.4
2025-06-12 19:45:00,55.0
2025-06-12 07:38:00,13.4
2025-06-12 08:56:00,31.7
2025-06-12 10:59:00,22.5
2025-06-12 02:14:00,52.9
2025-06-12 14:59:00,63.2
2025-06-12 18:04:00,50.03812089971884
2025-06-12 20:29:00,12.7
2025-06-12 06:26:00,38.3
2025-06-12 02:38:00,16.8
2025-06-12 03:31:00,83.5
2025-06-12 10:12:00,73.0
2025-06-12 05:15:00,3.1
2025-06-12 02:37:00,50.03812089971884
2025-06-12 20:27:00,56.1
2025-06-12 14:39:00,22.2
2025-06-12 20:26:00,19.1
2025-06-12 19:43:00,17.6
2025-06-12 22:16:00,73.4
2025-06-12 02:47:00,32.1
2025-06-12 13:34:00,22.6
2025-06-12 21:54:00,52.6
2025-06-12 01:29:00,83.9
2025-06-12 14:20:00,80.6
2025-06-12 13:41:00,3.5
2025-06-12 02:18:00,73.4
2025-06-12 09:43:00,5.5
2025-06-12 21:53:00,87.5
2025-06-12 02:58:00,96.2
2025-06-12 01:20:00,81.3
2025-06-12 08:11:00,52.4
2025-06-12 17:36:00,50.03812089971884
2025-06-12 06:07:00,16.1
2025-06-12 02:15:00,73.9
2025-06-12 14:27:00,3.4
2025-06-12 23:46:00,31.5
2025-06-12 18:45:00,10.0
2025-06-12 09:24:00,30.5
2025-06-12 17:16:00,62.3
2025-06-12 19:28:00,27.3
2025-06-12 14:08:00,50.03812089971884
2025-06-12 21:44:00,68.4
2025-06-12 05:08:00,71.5
2025-06-12 15:50:00,2.0
2025-06-12 12:02:00,59.5
2025-06-12 11:30:00,81.1
2025-06-12 17:37:00,32.7
2025-06-12 06:55:00,0.4
2025-06-12 20:34:00,94.6
2025-06-12 03:59:00,89.7
2025-06-12 13:48:00,50.03812089971884
2025-06-12 03:55:00,99.0
2025-06-12 07:19:00,42.8
2025-06-12 05:50:00,46.3
2025-06-12 11:42:00,84.6
2025-06-12 15:39:00,86.1
2025-06-12 07:47:00,56.6
2025-06-12 06:52:00,79.9
2025-06-12 02:29:00,3.8
2025-06-12 19:33:00,73.7
2025-06-12 21:02:00,59.2
2025-06-12 07:21:00,13.3
2025-06-12 12:58:00,95.4
2025-06-12 15:25:00,28.7
2025-06-12 15:57:00,32.7
2025-06-12 03:33:00,19.3
2025-06-12 01:03:00,18.4
2025-06-12 23:52:00,50.03812089971884
2025-06-12 01:04:00,42.2
2025-06-12 07:57:00,20.7
2025-06-12 18:11:00,29.2
2025-06-12 12:53:00,94.2
2025-06-12 02:12:00,92.3
2025-06-12 09:52:00,50.03812089971884
2025-06-12 13:19:00,79.0
2025-06-12 11:28:00,50.03812089971884
2025-06-12 12:09:00,79.7
2025-06-12 18:26:00,58.8
2025-06-12 03:12:00,50.03812089971884
2025-06-12 06:01:00,99.1
2025-06-12 17:28:00,59.8
2025-06-12 06:25:00,26.2
2025-06-12 14:42:00,59.5
2025-06-12 18:14:00,50.03812089971884
2025-06-12 16:42:00,73.3
2025-06-12 00:21:00,5.3
2025-06-12 14:46:00,38.0
2025-06-12 16:23:00,89.1
2025-06-12 22:02:00,89.9
2025-06-12 17:33:00,49.0
2025-06-12 14:56:00,3.7
2025-06-12 22:18:00,70.8
2025-06-12 18:13:00,63.2
2025-06-12 22:13:00,82.4
2025-06-12 01:12:00,90.9
2025-06-12 08:08:00,55.5
2025-06-12 17:12:00,72.3
2025-06-12 18:16:00,53.9
2025-06-12 12:28:00,5.7
2025-06-12 12:46:00,34.7
2025-06-12 14:36:00,70.9
2025-06-12 08:30:00,28.0
2025-06-12 06:39:00,50.03812089971884
2025-06-12 11:53:00,97.8
2025-06-12 13:00:00,98.7
2025-06-12 21:07:00,60.5
2025-06-12 15:11:00,78.7
2025-06-12 15:24:00,23.5
2025-06-12 04:06:00,62.6
2025-06-12 02:11:00,82.6
2025-06-12 11:16:00,29.2
2025-06-12 16:29:00,18.8
2025-06-12 11:13:00,16.6
2025-06-12 14:14:00,74.3
2025-06-12 07:31:00,33.7
2025-06-12 10:25:00,43.9
2025-06-12 12:15:00,28.4
2025-06-12 14:52:00,74.1
2025-06-12 12:41:00,21.5
2025-06-12 14:58:00,7.9
2025-06-12 11:31:00,88.9
2025-06-12 18:42:00,30.2
2025-06-12 08:43:00,30.9
2025-06-12 04:11:00,20.1
2025-06-12 00:57:00,77.4
2025-06-12 12:07:00,18.7
2025-06-12 02:05:00,60.1
2025-06-12 21:36:00,26.4
2025-06-12 05:26:00,46.2
2025-06-12 08:13:00,58.4
2025-06-12 08:26:00,1.7
2025-06-12 13:07:00,41.3
2025-06-12 18:24:00,74.1
2025-06-12 18:39:00,53.8
2025-06-12 20:28:00,0.7
2025-06-12 01:23:00,50.03812089971884
2025-06-12 12:00:00,50.03812089971884
2025-06-12 02:08:00,88.9
2025-06-12 19:23:00,65.9
2025-06-12 07:05:00,31.4
2025-06-12 23:07:00,6.3
2025-06-12 15:14:00,50.03812089971884
2025-06-12 10:14:00,92.1
2025-06-12 08:33:00,40.2
2025-06-12 00:20:00,50.03812089971884
2025-06-12 19:22:00,28.1
2025-06-12 01:43:00,62.1
2025-06-12 11:15:00,53.3
2025-06-12 05:27:00,50.03812089971884
2025-06-12 09:09:00,23.1
2025-06-12 03:30:00,0.4
2025-06-12 14:34:00,40.4
2025-06-12 19:13:00,78.1
2025-06-12 23:02:00,40.6
2025-06-12 00:40:00,68.6
2025-06-12 20:55:00,64.7
2025-06-12 07:41:00,46.9
2025-06-12 06:54:00,15.5
2025-06-12 03:08:00,50.03812089971884
2025-06-12 11:15:00,65.7
2025-06-12 11:55:00,87.9
2025-06-12 17:33:00,4.6
2025-06-12 05:35:00,49.697634180790956
2025-06-12 13:40:00,84.1
2025-06-12 14:09:00,49.697634180790956
2025-06-12 06:32:00,59.4
2025-06-12 21:26:00,78.5
2025-06-12 08:56:00,8.8
2025-06-12 15:24:00,30.9
2025-06-12 19:47:00,49.697634180790956
2025-06-12 08:31:00,54.7
2025-06-12 10:55:00,93.1
2025-06-12 13:53:00,58.8
2025-06-12 16:16:00,89.3
2025-06-12 00:37:00,76.7
2025-06-12 06:35:00,33.3
2025-06-12 08:42:00,7.0
2025-06-12 20:52:00,49.697634180790956
2025-06-12 21:25:00,75.2
2025-06-12 11:36:00,15.8
2025-06-12 16:27:00,49.6
2025-06-12 09:06:00,78.0
2025-06-12 11:17:00,55.4
2025-06-12 21:10:00,63.9
2025-06-12 09:24:00,25.9
2025-06-12 06:48:00,60.8
2025-06-12 09:14:00,79.3
2025-06-12 23:09:00,6.8
2025-06-12 23:04:00,92.1
2025-06-12 20:37:00,61.5
2025-06-12 22:19:00,48.1
2025-06-12 17:13:00,36.3
2025-06-12 22:08:00,81.4
2025-06-12 04:40:00,96.4
2025-06-12 13:49:00,48.7
2025-06-12 22:25:00,83.0
2025-06-12 08:13:00,25.7
2025-06-12 04:09:00,82.4
2025-06-12 18:37:00,10.3
2025-06-12 15:54:00,79.5
2025-06-12 01:39:00,49.697634180790956
2025-06-12 22:31:00,12.3
2025-06-12 19:03:00,36.2
2025-06-12 17:39:00,95.9
2025-06-12 18:22:00,40.8
2025-06-12 20:44:00,74.9
2025-06-12 10:30:00,98.4
2025-06-12 21:55:00,67.9
2025-06-12 20:50:00,22.6
2025-06-12 01:26:00,40.3
2025-06-12 01:34:00,5.2
2025-06-12 07:58:00,49.697634180790956
2025-06-12 03:33:00,95.9
2025-06-12 03:52:00,11.8
2025-06-12 04:04:00,48.9
2025-06-12 11:52:00,42.5
2025-06-12 01:38:00,88.9
2025-06-12 06:08:00,40.9
2025-06-12 01:27:00,68.0
2025-06-12 02:10:00,20.2
2025-06-12 19:19:00,49.697634180790956
2025-06-12 19:37:00,76.7
2025-06-12 08:19:00,3.6
2025-06-12 08:12:00,96.7
2025-06-12 23:37:00,5.9
2025-06-12 17:06:00,35.8
2025-06-12 06:51:00,49.697634180790956
2025-06-12 10:47:00,98.2
2025-06-12 14:56:00,34.9
2025-06-12 16:47:00,60.1
2025-06-12 18:10:00,29.0
2025-06-12 02:03:00,58.1
2025-06-12 21:06:00,73.2
2025-06-12 08:20:00,87.2
2025-06-12 05:12:00,53.9
2025-06-12 09:29:00,6.0
2025-06-12 11:32:00,85.4
2025-06-12 08:39:00,51.0
2025-06-12 15:52:00,42.2
2025-06-12 00:33:00,11.8
2025-06-12 21:08:00,60.6
2025-06-12 09:48:00,36.7
2025-06-12 12:32:00,0.1
2025-06-12 23:17:00,89.1
2025-06-12 01:24:00,74.5
2025-06-12 04:16:00,28.1
2025-06-12 06:30:00,54.9
2025-06-12 03:37:00,53.4
2025-06-12 17:12:00,64.8
2025-06-12 06:50:00,49.697634180790956
2025-06-12 09:07:00,49.697634180790956
2025-06-12 06:20:00,95.8
2025-06-12 21:16:00,21.6
2025-06-12 19:39:00,94.7
2025-06-12 14:05:00,75.7
2025-06-12 05:07:00,18.6
2025-06-12 08:44:00,3.3
2025-06-12 09:15:00,29.8
2025-06-12 03:22:00,55.0
2025-06-12 08:54:00,49.697634180790956
2025-06-12 00:02:00,49.697634180790956
2025-06-12 16:01:00,3.5
2025-06-12 22:21:00,63.0
2025-06-12 14:59:00,34.1
2025-06-12 18:00:00,26.4
2025-06-12 13:29:00,3.7
2025-06-12 11:51:00,75.2
2025-06-12 15:45:00,15.3
2025-06-12 19:36:00,5.2
2025-06-12 07:10:00,46.7
2025-06-12 01:55:00,11.8
2025-06-12 09:19:00,12.6
2025-06-12 01:13:00,49.697634180790956
2025-06-12 14:28:00,3.2
2025-06-12 01:06:00,29.4
2025-06-12 21:37:00,15.4
2025-06-12 14:43:00,29.1
2025-06-12 01:02:00,49.697634180790956
2025-06-12 09:20:00,35.8
2025-06-12 01:30:00,18.7
2025-06-12 09:55:00,83.2
2025-06-12 01:03:00,84.8
2025-06-12 13:41:00,41.6
2025-06-12 14:02:00,38.4
2025-06-12 01:50:00,84.5
2025-06-12 13:31:00,0.6
2025-06-12 03:02:00,49.697634180790956
2025-06-12 21:58:00,58.3
2025-06-12 09:23:00,49.697634180790956
2025-06-12 08:35:00,53.5
2025-06-12 14:12:00,88.0
2025-06-12 05:15:00,40.2
2025-06-12 13:35:00,94.8
2025-06-12 09:11:00,99.0
2025-06-12 17:47:00,69.6
2025-06-12 19:00:00,1.0
2025-06-12 05:23:00,74.9
2025-06-12 06:42:00,18.9
2025-06-12 04:45:00,60.6
2025-06-12 15:57:00,38.2
2025-06-12 16:32:00,18.3
2025-06-12 04:37:00,88.0
2025-06-12 12:43:00,41.2
2025-06-12 07:35:00,17.7
2025-06-12 12:26:00,49.697634180790956
2025-06-12 19:42:00,73.3
2025-06-12 08:03:00,97.4
2025-06-12 22:42:00,97.6
2025-06-12 21:17:00,63.9
2025-06-12 18:44:00,49.697634180790956
2025-06-12 09:39:00,45.4
2025-06-12 19:40:00,71.9
2025-06-12 18:26:00,41.8
2025-06-12 14:37:00,88.6
2025-06-12 23:10:00,5.0
2025-06-12 02:29:00,43.5
2025-06-12 22:36:00,50.6
2025-06-12 18:35:00,0.7
2025-06-12 19:56:00,12.7
2025-06-12 22:56:00,67.5
2025-06-12 06:14:00,61.9
2025-06-12 12:34:00,57.5
2025-06-12 06:17:00,7.3
2025-06-12 08:55:00,13.6
2025-06-12 02:47:00,49.697634180790956
2025-06-12 09:17:00,10.2
2025-06-12 03:17:00,62.9
2025-06-12 13:10:00,43.4
2025-06-12 11:37:00,62.0
2025-06-12 05:46:00,49.4
2025-06-12 08:17:00,44.4
2025-06-12 18:19:00,5.8
2025-06-12 02:23:00,84.5
2025-06-12 09:50:00,8.4
2025-06-12 03:56:00,78.5
2025-06-12 18:49:00,49.697634180790956
2025-06-12 14:24:00,71.3
2025-06-12 19:59:00,73.9
2025-06-12 08:32:00,30.0
2025-06-12 10:37:00,72.4
2025-06-12 17:20:00,97.5
2025-06-12 12:46:00,49.697634180790956
2025-06-12 23:11:00,49.697634180790956
2025-06-12 00:58:00,93.7
2025-06-12 18:11:00,49.697634180790956
2025-06-12 16:41:00,89.5
2025-06-12 12:15:00,82.1
2025-06-12 20:56:00,52.2
2025-06-12 10:43:00,43.2
2025-06-12 20:40:00,15.8
2025-06-12 08:49:00,42.6
2025-06-12 04:30:00,93.5
2025-06-12 20:21:00,7.6
2025-06-12 20:27:00,28.8
2025-06-12 12:41:00,21.2
2025-06-12 17:08:00,24.8
2025-06-12 06:28:00,49.697634180790956
2025-06-12 12:53:00,35.8
2025-06-12 16:10:00,49.697634180790956
2025-06-12 23:08:00,49.697634180790956
2025-06-12 18:02:00,3.7
2025-06-12 16:31:00,6.9
2025-06-12 16:58:00,55.5
2025-06-12 18:45:00,49.697634180790956
2025-06-12 23:36:00,57.1
2025-06-12 06:15:00,13.1
2025-06-12 14:27:00,94.5
2025-06-12 03:01:00,72.8
2025-06-12 13:21:00,28.7
2025-06-12 12:24:00,64.1
2025-06-12 09:58:00,25.8
2025-06-12 02:05:00,1.4
2025-06-12 07:15:00,1.8
2025-06-12 20:20:00,2.6
2025-06-12 13:50:00,46.9
2025-06-12 17:02:00,49.697634180790956
2025-06-12 00:34:00,49.697634180790956
2025-06-12 21:18:00,51.8
2025-06-12 13:47:00,33.7
2025-06-12 09:53:00,49.697634180790956
2025-06-12 10:56:00,75.6
2025-06-12 10:13:00,62.2
2025-06-12 08:50:00,46.1
2025-06-12 04:47:00,75.1
2025-06-12 10:28:00,24.5
2025-06-12 05:50:00,3.5
2025-06-12 15:47:00,49.697634180790956
2025-06-12 11:29:00,49.697634180790956
2025-06-12 11:50:00,70.5
2025-06-12 17:38:00,57.7
2025-06-12 22:59:00,64.9
2025-06-12 22:04:00,14.9
2025-06-12 18:32:00,23.4
2025-06-12 18:17:00,8.3
2025-06-12 18:43:00,41.5
2025-06-12 23:48:00,45.2
2025-06-12 23:23:00,55.1
2025-06-12 21:14:00,19.3
2025-06-12 14:14:00,4.6
2025-06-12 04:53:00,73.6
2025-06-12 15:27:00,84.9
2025-06-12 11:08:00,99.3
2025-06-12 23:43:00,80.8
2025-06-12 15:10:00,28.6
2025-06-12 18:14:00,75.0
2025-06-12 14:51:00,49.697634180790956
2025-06-12 19:16:00,15.6
2025-06-12 15:23:00,83.2
2025-06-12 12:59:00,76.6
2025-06-12 07:19:00,48.4
2025-06-12 21:03:00,49.697634180790956
2025-06-12 19:55:00,29.1
2025-06-12 20:57:00,19.4
2025-06-12 22:14:00,74.1
2025-06-12 16:37:00,12.7
2025-06-12 17:17:00,89.8
2025-06-12 05:05:00,13.6
2025-06-12 09:09:00,36.8
2025-06-12 07:21:00,49.697634180790956
2025-06-12 15:15:00,49.697634180790956
2025-06-12 22:48:00,56.6
2025-06-12 09:31:00,52.2
2025-06-12 15:03:00,11.6
2025-06-12 13:22:00,45.7
2025-06-12 14:52:00,48.6
2025-06-12 11:34:00,5.6
2025-06-12 03:19:00,47.0
2025-06-12 00:42:00,52.2
2025-06-12 20:00:00,49.697634180790956
2025-06-12 10:15:00,84.0
2025-06-12 17:48:00,60.0
2025-06-12 23:30:00,37.9
2025-06-12 08:43:00,13.4
2025-06-12 12:25:00,76.8
2025-06-12 13:46:00,81.3
2025-06-12 10:35:00,88.4
2025-06-12 07:33:00,96.8
2025-06-12 11:06:00,88.2
2025-06-12 09:10:00,49.697634180790956
2025-06-12 23:25:00,81.5
2025-06-12 14:04:00,9.1
2025-06-12 17:54:00,65.7
2025-06-12 13:04:00,80.2
2025-06-12 18:09:00,15.3
2025-06-12 03:18:00,66.0
2025-06-12 14:55:00,36.6
2025-06-12 10:07:00,49.697634180790956
2025-06-12 06:34:00,74.5
2025-06-12 17:04:00,79.9
2025-06-12 09:02:00,64.9
2025-06-12 17:43:00,49.697634180790956
2025-06-12 23:09:00,95.4
2025-06-12 09:37:00,49.81454693687398
2025-06-12 01:06:00,84.7
2025-06-12 18:30:00,11.8
2025-06-12 05:25:00,30.0
2025-06-12 03:26:00,75.8
2025-06-12 12:10:00,84.4
2025-06-12 14:17:00,11.6
2025-06-12 23:27:00,89.6
2025-06-12 09:01:00,29.8
2025-06-12 18:55:00,47.4
2025-06-12 10:41:00,21.0
2025-06-12 15:27:00,37.8
2025-06-12 05:27:00,16.4
2025-06-12 02:04:00,96.2
2025-06-12 08:19:00,30.9
2025-06-12 19:27:00,95.5
2025-06-12 05:35:00,77.1
2025-06-12 20:09:00,68.5
2025-06-12 12:08:00,32.2
2025-06-12 06:55:00,49.81454693687398
2025-06-12 21:48:00,66.1
2025-06-12 03:33:00,53.8
2025-06-12 11:48:00,49.81454693687398
2025-06-12 03:19:00,70.7
2025-06-12 16:26:00,18.3
2025-06-12 06:45:00,71.9
2025-06-12 00:07:00,18.8
2025-06-12 18:09:00,2.3
2025-06-12 03:06:00,63.0
2025-06-12 21:11:00,80.0
2025-06-12 02:51:00,99.7
2025-06-12 02:33:00,10.9
2025-06-12 01:29:00,86.4
2025-06-12 08:20:00,49.81454693687398
2025-06-12 16:08:00,19.0
2025-06-12 07:56:00,92.5
2025-06-12 02:11:00,21.8
2025-06-12 08:47:00,36.4
2025-06-12 00:41:00,15.7
2025-06-12 02:26:00,7.9
2025-06-12 18:44:00,10.4
2025-06-12 16:37:00,73.2
2025-06-12 11:27:00,12.8
2025-06-12 18:45:00,19.2
2025-06-12 10:10:00,40.7
2025-06-12 21:51:00,76.8
2025-06-12 17:25:00,60.5
2025-06-12 00:57:00,17.0
2025-06-12 19:54:00,15.6
2025-06-12 06:57:00,6.2
2025-06-12 16:28:00,15.2
2025-06-12 16:00:00,47.3
2025-06-12 15:10:00,58.1
2025-06-12 16:51:00,7.0
2025-06-12 10:46:00,72.4
2025-06-12 12:06:00,95.5
2025-06-12 18:54:00,35.3
2025-06-12 12:20:00,10.4
2025-06-12 10:00:00,49.81454693687398
2025-06-12 03:39:00,4.2
2025-06-12 01:01:00,49.81454693687398
2025-06-12 03:34:00,25.0
2025-06-12 13:28:00,42.5
2025-06-12 23:49:00,5.1
2025-06-12 08:26:00,66.4
2025-06-12 19:05:00,79.3
2025-06-12 20:00:00,0.9
2025-06-12 04:23:00,96.0
2025-06-12 07:59:00,25.3
2025-06-12 05:53:00,62.1
2025-06-12 22:18:00,13.4
2025-06-12 19:08:00,85.1
2025-06-12 00:23:00,49.6
2025-06-12 13:35:00,52.4
2025-06-12 08:45:00,1.6
2025-06-12 03:00:00,31.0
2025-06-12 18:48:00,27.3
2025-06-12 11:52:00,11.6
2025-06-12 08:08:00,33.0
2025-06-12 16:23:00,49.81454693687398
2025-06-12 09:23:00,49.81454693687398
2025-06-12 03:21:00,98.9
2025-06-12 08:21:00,12.4
2025-06-12 08:31:00,94.0
2025-06-12 19:37:00,1.1
2025-06-12 02:21:00,80.2
2025-06-12 06:09:00,62.0
2025-06-12 19:24:00,37.7
2025-06-12 08:07:00,18.9
2025-06-12 18:40:00,12.0
2025-06-12 22:02:00,38.9
2025-06-12 16:56:00,42.7
2025-06-12 04:31:00,89.4
2025-06-12 04:22:00,16.6
2025-06-12 17:56:00,16.2
2025-06-12 22:34:00,71.4
2025-06-12 16:31:00,36.5
2025-06-12 19:29:00,49.81454693687398
2025-06-12 13:43:00,77.2
2025-06-12 19:57:00,81.5
2025-06-12 18:10:00,17.1
2025-06-12 00:19:00,72.0
2025-06-12 22:16:00,86.2
2025-06-12 17:24:00,79.7
2025-06-12 15:57:00,77.8
2025-06-12 06:11:00,53.4
2025-06-12 08:52:00,21.8
2025-06-12 15:37:00,29.8
2025-06-12 14:24:00,5.7
2025-06-12 02:15:00,86.4
2025-06-12 05:58:00,9.0
2025-06-12 14:52:00,49.81454693687398
2025-06-12 04:12:00,17.4
2025-06-12 13:38:00,33.4
2025-06-12 01:28:00,63.4
2025-06-12 20:57:00,25.3
2025-06-12 17:03:00,49.81454693687398
2025-06-12 21:55:00,49.81454693687398
2025-06-12 14:19:00,49.81454693687398
2025-06-12 22:13:00,49.81454693687398
2025-06-12 05:06:00,86.3
2025-06-12 02:53:00,10.6
2025-06-12 00:54:00,36.7
2025-06-12 02:20:00,52.0
2025-06-12 04:55:00,15.0
2025-06-12 21:09:00,24.0
2025-06-12 13:09:00,23.7
2025-06-12 15:36:00,40.8
2025-06-12 00:47:00,74.1
2025-06-12 15:44:00,77.0
2025-06-12 03:36:00,14.5
2025-06-12 09:36:00,7.1
2025-06-12 21:40:00,24.0
2025-06-12 18:39:00,49.81454693687398
2025-06-12 04:18:00,39.0
2025-06-12 19:42:00,48.0
2025-06-12 20:36:00,44.1
2025-06-12 08:15:00,49.81454693687398
2025-06-12 07:34:00,16.5
2025-06-12 04:24:00,49.81454693687398
2025-06-12 00:22:00,90.0
2025-06-12 00:50:00,30.7
2025-06-12 16:34:00,69.4
2025-06-12 07:29:00,0.7
2025-06-12 13:27:00,64.2
2025-06-12 04:27:00,33.4
2025-06-12 06:44:00,49.81454693687398
2025-06-12 17:14:00,6.3
2025-06-12 21:36:00,16.7
2025-06-12 21:22:00,49.81454693687398
2025-06-12 02:39:00,74.5
2025-06-12 12:13:00,74.5
2025-06-12 04:37:00,49.81454693687398
2025-06-12 11:32:00,95.4
2025-06-12 21:12:00,21.6
2025-06-12 04:15:00,99.5
2025-06-12 12:48:00,30.6
2025-06-12 00:14:00,69.8
2025-06-12 04:07:00,26.5
2025-06-12 10:34:00,83.9
2025-06-12 11:35:00,34.1
2025-06-12 19:22:00,94.2
2025-06-12 05:18:00,19.5
2025-06-12 05:37:00,23.5
2025-06-12 22:39:00,37.9
2025-06-12 16:27:00,18.9
2025-06-12 13:40:00,49.81454693687398
2025-06-12 01:09:00,36.6
2025-06-12 03:29:00,32.6
2025-06-12 16:11:00,26.1
2025-06-12 22:40:00,3.7
2025-06-12 16:20:00,49.81454693687398
2025-06-12 22:35:00,71.2
2025-06-12 01:15:00,54.7
2025-06-12 17:15:00,96.9
2025-06-12 07:16:00,5.8
2025-06-12 06:37:00,81.0
2025-06-12 23:47:00,45.9
2025-06-12 10:31:00,37.4
2025-06-12 09:30:00,9.0
2025-06-12 15:16:00,87.7
2025-06-12 01:25:00,29.3
2025-06-12 02:14:00,49.81454693687398
2025-06-12 12:07:00,18.0
2025-06-12 16:36:00,49.81454693687398
2025-06-12 23:57:00,60.2
2025-06-12 17:49:00,33.0
2025-06-12 08:50:00,49.81454693687398
2025-06-12 07:48:00,22.9
2025-06-12 02:34:00,81.1
2025-06-12 13:54:00,55.5
2025-06-12 17:26:00,95.1
2025-06-12 14:07:00,49.81454693687398
2025-06-12 09:51:00,60.3
2025-06-12 21:21:00,26.3
2025-06-12 18:07:00,10.1
2025-06-12 23:38:00,1.0
2025-06-12 06:59:00,49.81454693687398
2025-06-12 06:53:00,55.8
2025-06-12 17:01:00,62.3
2025-06-12 04:58:00,24.4
2025-06-12 19:51:00,4.8
2025-06-12 23:48:00,7.5
2025-06-12 07:46:00,7.3
2025-06-12 19:25:00,17.9
2025-06-12 01:31:00,6.0
2025-06-12 13:21:00,35.4
2025-06-12 15:02:00,36.0
2025-06-12 00:34:00,70.7
2025-06-12 15:20:00,15.9
2025-06-12 05:45:00,12.1
2025-06-12 10:38:00,51.7
2025-06-12 01:49:00,49.81454693687398
2025-06-12 06:51:00,49.81454693687398
2025-06-12 21:32:00,30.7
2025-06-12 13:51:00,58.6
2025-06-12 23:35:00,68.2
2025-06-12 18:41:00,73.9
2025-06-12 13:49:00,28.1
2025-06-12 04:05:00,9.3
2025-06-12 21:53:00,60.0
2025-06-12 21:44:00,26.1
2025-06-12 15:45:00,76.5
2025-06-12 18:34:00,14.6
2025-06-12 20:24:00,87.9
2025-06-12 00:45:00,94.2
2025-06-12 21:18:00,49.81454693687398
2025-06-12 22:20:00,40.6
2025-06-12 21:03:00,81.7
2025-06-12 07:10:00,49.1
2025-06-12 22:56:00,49.3
2025-06-12 09:17:00,52.7
2025-06-12 06:15:00,19.5
2025-06-12 22:51:00,55.1
2025-06-12 21:46:00,49.81454693687398
2025-06-12 08:58:00,5.7
2025-06-12 05:02:00,93.4
2025-06-12 00:01:00,69.7
2025-06-12 13:18:00,65.4
2025-06-12 04:47:00,14.8
2025-06-12 06:07:00,76.7
2025-06-12 09:04:00,48.8
2025-06-12 11:14:00,25.8
2025-06-12 01:07:00,53.7
2025-06-12 16:16:00,21.4
2025-06-12 02:48:00,72.4
2025-06-12 10:22:00,90.0
2025-06-12 02:37:00,53.0
2025-06-12 06:00:00,49.81454693687398
2025-06-12 10:06:00,12.0
2025-06-12 08:33:00,13.1
2025-06-12 06:43:00,85.4
2025-06-12 15:51:00,86.4
2025-06-12 00:02:00,7.5
2025-06-12 21:25:00,88.5
2025-06-12 15:49:00,58.8
2025-06-12 15:38:00,49.81454693687398
2025-06-12 09:48:00,70.1
2025-06-12 00:51:00,60.5
2025-06-12 16:15:00,49.81454693687398
2025-06-12 01:08:00,44.5
2025-06-12 13:45:00,54.1
2025-06-12 15:32:00,49.81454693687398
2025-06-12 15:01:00,82.7
2025-06-12 01:42:00,49.81454693687398
2025-06-12 23:28:00,37.2
2025-06-12 14:00:00,51.5
2025-06-12 22:28:00,18.5
2025-06-12 06:40:00,35.4
2025-06-12 07:54:00,95.5
2025-06-12 23:15:00,49.81454693687398
2025-06-12 09:44:00,49.81454693687398
2025-06-12 02:50:00,30.4
2025-06-12 06:08:00,40.9
2025-06-12 03:12:00,88.9
2025-06-12 02:05:00,89.5
2025-06-12 04:38:00,1.9
2025-06-12 07:44:00,12.8
2025-06-12 04:09:00,5.2
2025-06-12 07:40:00,64.3
2025-06-12 23:41:00,49.81454693687398
2025-06-12 14:56:00,74.3
2025-06-12 01:23:00,72.7
2025-06-12 03:56:00,86.4
2025-06-12 00:29:00,5.8
2025-06-12 12:29:00,28.8
2025-06-12 12:40:00,56.3
2025-06-12 15:43:00,20.8
2025-06-12 17:29:00,67.6
2025-06-12 23:50:00,63.9
2025-06-12 16:22:00,0.4
2025-06-12 04:11:00,67.3
2025-06-12 14:08:00,50.17466168922071
2025-06-12 11:34:00,3.8
2025-06-12 06:34:00,13.9
2025-06-12 15:42:00,11.0
2025-06-12 07:51:00,51.6
2025-06-12 23:00:00,53.2
2025-06-12 22:30:00,50.3
2025-06-12 21:32:00,38.0
2025-06-12 19:11:00,48.6
2025-06-12 01:39:00,30.6
2025-06-12 15:36:00,18.5
2025-06-12 06:25:00,20.5
2025-06-12 01:21:00,52.3
2025-06-12 01:45:00,91.7
2025-06-12 02:15:00,99.4
2025-06-12 00:14:00,74.1
2025-06-12 01:48:00,44.4
2025-06-12 18:30:00,2.0
2025-06-12 00:12:00,23.1
2025-06-12 02:25:00,50.17466168922071
2025-06-12 07:37:00,6.0
2025-06-12 11:05:00,48.0
2025-06-12 22:54:00,50.17466168922071
2025-06-12 03:50:00,42.3
2025-06-12 21:50:00,91.1
2025-06-12 17:58:00,53.0
2025-06-12 09:30:00,2.6
2025-06-12 21:22:00,44.4
2025-06-12 16:19:00,3.0
2025-06-12 21:51:00,5.4
2025-06-12 19:38:00,24.5
2025-06-12 21:58:00,50.17466168922071
2025-06-12 16:11:00,68.3
2025-06-12 10:51:00,31.4
2025-06-12 13:05:00,47.3
2025-06-12 01:11:00,88.5
2025-06-12 13:50:00,3.5
2025-06-12 02:50:00,58.9
2025-06-12 22:44:00,66.9
2025-06-12 00:19:00,67.5
2025-06-12 00:10:00,97.4
2025-06-12 14:17:00,66.3
2025-06-12 02:41:00,57.0
2025-06-12 00:09:00,16.0
2025-06-12 01:49:00,53.7
2025-06-12 05:01:00,50.17466168922071
2025-06-12 05:46:00,70.3
2025-06-12 20:24:00,51.5
2025-06-12 03:36:00,95.2
2025-06-12 19:29:00,94.8
2025-06-12 21:00:00,95.8
2025-06-12 16:41:00,60.7
2025-06-12 15:27:00,47.5
2025-06-12 19:28:00,14.7
2025-06-12 20:31:00,55.9
2025-06-12 06:28:00,30.5
2025-06-12 07:54:00,25.6
2025-06-12 10:45:00,0.9
2025-06-12 12:12:00,64.9
2025-06-12 14:26:00,50.17466168922071
2025-06-12 05:58:00,66.1
2025-06-12 10:42:00,22.2
2025-06-12 11:58:00,44.7
2025-06-12 22:34:00,40.7
2025-06-12 00:05:00,29.4
2025-06-12 16:30:00,80.5
2025-06-12 11:09:00,56.4
2025-06-12 14:14:00,12.2
2025-06-12 12:34:00,73.2
2025-06-12 20:48:00,93.6
2025-06-12 02:23:00,92.0
2025-06-12 00:57:00,11.2
2025-06-12 14:34:00,71.8
2025-06-12 05:04:00,71.3
2025-06-12 08:48:00,42.9
2025-06-12 18:36:00,49.6
2025-06-12 21:14:00,10.6
2025-06-12 08:24:00,31.9
2025-06-12 15:16:00,58.8
2025-06-12 06:31:00,92.4
2025-06-12 10:12:00,36.1
2025-06-12 04:05:00,89.6
2025-06-12 04:47:00,91.4
2025-06-12 16:23:00,30.8
2025-06-12 10:55:00,71.7
2025-06-12 22:09:00,24.5
2025-06-12 20:43:00,81.2
2025-06-12 19:57:00,5.1
2025-06-12 11:14:00,74.1
2025-06-12 07:32:00,94.8
2025-06-12 15:08:00,83.7
2025-06-12 04:07:00,50.17466168922071
2025-06-12 02:42:00,26.5
2025-06-12 06:07:00,50.17466168922071
2025-06-12 17:01:00,11.0
2025-06-12 02:01:00,89.0
2025-06-12 02:09:00,81.7
2025-06-12 20:10:00,61.5
2025-06-12 07:47:00,50.17466168922071
2025-06-12 23:52:00,27.3
2025-06-12 15:54:00,20.5
2025-06-12 23:12:00,19.4
2025-06-12 23:20:00,44.8
2025-06-12 16:44:00,38.6
2025-06-12 20:55:00,54.7
2025-06-12 03:40:00,63.1
2025-06-12 23:25:00,55.7
2025-06-12 04:36:00,37.4
2025-06-12 05:37:00,2.1
2025-06-12 19:04:00,52.5
2025-06-12 04:06:00,50.1
2025-06-12 21:47:00,18.3
2025-06-12 13:31:00,71.6
2025-06-12 00:30:00,19.4
2025-06-12 23:21:00,46.6
2025-06-12 19:25:00,50.17466168922071
2025-06-12 22:47:00,24.7
2025-06-12 22:21:00,93.4
2025-06-12 13:48:00,66.2
2025-06-12 14:15:00,61.8
2025-06-12 05:10:00,37.3
2025-06-12 21:36:00,3.2
2025-06-12 14:16:00,92.5
2025-06-12 17:57:00,71.3
2025-06-12 15:38:00,57.4
2025-06-12 10:24:00,12.3
2025-06-12 06:36:00,19.3
2025-06-12 15:17:00,22.2
2025-06-12 22:57:00,8.6
2025-06-12 14:38:00,26.2
2025-06-12 14:28:00,52.6
2025-06-12 22:50:00,21.0
2025-06-12 21:33:00,67.9
2025-06-12 16:14:00,11.9
2025-06-12 09:14:00,67.5
2025-06-12 18:01:00,15.2
2025-06-12 12:26:00,74.9
2025-06-12 07:48:00,2.7
2025-06-12 21:01:00,6.9
2025-06-12 05:48:00,60.1
2025-06-12 07:59:00,38.3
2025-06-12 19:59:00,9.4
2025-06-12 12:57:00,47.5
2025-06-12 06:42:00,50.17466168922071
2025-06-12 08:25:00,41.8
2025-06-12 19:30:00,74.1
2025-06-12 15:04:00,42.6
2025-06-12 23:29:00,41.2
2025-06-12 02:57:00,39.7
2025-06-12 20:23:00,50.17466168922071
2025-06-12 13:08:00,84.2
2025-06-12 10:49:00,60.5
2025-06-12 15:00:00,50.17466168922071
2025-06-12 05:51:00,50.17466168922071
2025-06-12 16:07:00,50.17466168922071
2025-06-12 21:15:00,67.7
2025-06-12 18:14:00,99.8
2025-06-12 20:35:00,70.1
2025-06-12 06:20:00,84.2
2025-06-12 16:57:00,29.4
2025-06-12 17:55:00,10.1
2025-06-12 17:08:00,68.6
2025-06-12 11:13:00,50.17466168922071
2025-06-12 02:22:00,40.6
2025-06-12 06:23:00,3.6
2025-06-12 04:52:00,17.5
2025-06-12 20:49:00,22.4
2025-06-12 10:47:00,50.17466168922071
2025-06-12 16:45:00,86.8
2025-06-12 20:47:00,90.2
2025-06-12 10:56:00,77.6
2025-06-12 10:26:00,70.6
2025-06-12 08:31:00,93.1
2025-06-12 22:16:00,63.4
2025-06-12 19:22:00,81.6
2025-06-12 14:43:00,50.17466168922071
2025-06-12 09:01:00,78.5
2025-06-12 01:55:00,23.4
2025-06-12 02:34:00,73.8
2025-06-12 14:07:00,24.3
2025-06-12 15:29:00,27.6
2025-06-12 01:27:00,95.6
2025-06-12 01:35:00,45.0
2025-06-12 08:53:00,81.2
2025-06-12 13:17:00,74.3
2025-06-12 04:44:00,14.7
2025-06-12 03:23:00,63.6
2025-06-12 04:12:00,91.4
2025-06-12 19:26:00,98.7
2025-06-12 10:13:00,50.17466168922071
2025-06-12 06:27:00,83.2
2025-06-12 04:46:00,52.8
2025-06-12 00:23:00,5.9
2025-06-12 09:52:00,23.7
2025-06-12 15:23:00,92.6
2025-06-12 07:04:00,20.4
2025-06-12 10:04:00,54.3
2025-06-12 15:59:00,91.4
2025-06-12 19:43:00,71.6
2025-06-12 22:02:00,50.17466168922071
2025-06-12 20:37:00,30.6
2025-06-12 22:23:00,4.8
2025-06-12 03:01:00,79.1
2025-06-12 00:11:00,37.0
2025-06-12 00:24:00,10.8
2025-06-12 05:54:00,36.2
2025-06-12 17:26:00,50.17466168922071
2025-06-12 19:44:00,50.17466168922071
2025-06-12 13:27:00,14.1
2025-06-12 16:06:00,42.2
2025-06-12 11:52:00,3.8
2025-06-12 10:10:00,71.9
2025-06-12 09:56:00,50.6
2025-06-12 00:56:00,2.4
2025-06-12 03:48:00,62.8
2025-06-12 15:26:00,49.9
2025-06-12 19:18:00,22.0
2025-06-12 04:01:00,50.17466168922071
2025-06-12 21:21:00,75.1
2025-06-12 00:55:00,71.1
2025-06-12 18:05:00,35.1
2025-06-12 11:59:00,65.5
2025-06-12 17:41:00,50.17466168922071
2025-06-12 00:27:00,50.17466168922071
2025-06-12 12:29:00,25.8
2025-06-12 00:43:00,5.0
2025-06-12 17:29:00,30.9
2025-06-12 09:40:00,23.8
2025-06-12 23:34:00,74.9
2025-06-12 13:45:00,18.2
2025-06-12 08:37:00,82.4
2025-06-12 02:56:00,18.4
2025-06-12 16:18:00,76.3
2025-06-12 17:54:00,58.5
2025-06-12 13:02:00,85.0
2025-06-12 20:29:00,50.17466168922071
2025-06-12 14:29:00,86.3
2025-06-12 09:07:00,28.5
2025-06-12 04:40:00,46.7
2025-06-12 03:41:00,55.0
2025-06-12 16:09:00,16.5
2025-06-12 21:29:00,21.1
2025-06-12 04:10:00,25.5
2025-06-12 03:02:00,50.17466168922071
2025-06-12 18:57:00,50.17466168922071
2025-06-12 21:03:00,36.9
2025-06-12 15:43:00,30.5
2025-06-12 12:14:00,9.0
2025-06-12 02:46:00,23.9
2025-06-12 19:33:00,52.1
2025-06-12 20:14:00,75.3
2025-06-12 22:41:00,93.7
2025-06-12 16:20:00,28.2
2025-06-12 07:05:00,50.17466168922071
2025-06-12 12:22:00,41.7
2025-06-12 18:20:00,84.5
2025-06-12 15:56:00,84.7
2025-06-12 09:37:00,4.8
2025-06-12 10:39:00,73.2
2025-06-12 18:27:00,18.1
2025-06-12 09:17:00,68.6
2025-06-12 00:40:00,4.8
2025-06-12 12:25:00,50.17466168922071
2025-06-12 04:25:00,83.7
2025-06-12 22:51:00,3.1
2025-06-12 02:17:00,40.2
2025-06-12 09:43:00,54.9
2025-06-12 20:53:00,50.17466168922071
2025-06-12 13:11:00,23.8
2025-06-12 23:18:00,44.3
2025-06-12 11:19:00,50.17466168922071
2025-06-12 11:30:00,50.17466168922071
2025-06-12 15:25:00,77.7
2025-06-12 18:18:00,27.8
2025-06-12 10:33:00,34.2
2025-06-12 12:07:00,81.9
2025-06-12 18:49:00,97.1
2025-06-12 06:49:00,56.6
2025-06-12 09:00:00,78.3
2025-06-12 16:26:00,31.5
2025-06-12 09:46:00,51.4
2025-06-12 08:01:00,58.0
2025-06-12 01:52:00,92.3
2025-06-12 11:43:00,14.3
2025-06-12 13:49:00,34.6
2025-06-12 18:39:00,1.9
2025-06-12 01:00:00,11.8
2025-06-12 02:04:00,97.1
2025-06-12 16:35:00,15.4
2025-06-12 14:51:00,52.6
2025-06-12 06:29:00,50.17466168922071
2025-06-12 05:53:00,34.9
2025-06-12 22:13:00,50.17466168922071
2025-06-12 18:48:00,50.17466168922071
2025-06-12 11:23:00,90.9
2025-06-12 10:16:00,21.7
2025-06-12 10:34:00,78.1
2025-06-12 10:03:00,39.8
2025-06-12 12:04:00,9.1
2025-06-12 04:51:00,21.9
2025-06-12 01:12:00,96.7
2025-06-12 10:32:00,64.4
2025-06-12 03:11:00,60.4
2025-06-12 16:54:00,92.5
2025-06-12 04:42:00,50.17466168922071
2025-06-12 03:15:00,41.1
2025-06-12 03:44:00,80.7
2025-06-12 13:00:00,50.17466168922071
2025-06-12 12:00:00,33.4
2025-06-12 13:15:00,93.3
2025-06-12 15:48:00,87.3
2025-06-12 16:28:00,33.2
2025-06-12 21:17:00,49.28634215500945
2025-06-12 08:03:00,16.3
2025-06-12 23:13:00,99.4
2025-06-12 01:23:00,18.8
2025-06-12 10:18:00,63.2
2025-06-12 18:02:00,49.28634215500945
2025-06-12 15:56:00,97.5
2025-06-12 00:24:00,6.2
2025-06-12 04:18:00,62.6
2025-06-12 03:31:00,20.4
2025-06-12 18:30:00,58.0
2025-06-12 00:36:00,39.3
2025-06-12 21:09:00,3.3
2025-06-12 22:14:00,7.4
2025-06-12 13:03:00,13.2
2025-06-12 07:54:00,59.8
2025-06-12 17:41:00,49.28634215500945
2025-06-12 10:39:00,55.0
2025-06-12 06:30:00,24.2
2025-06-12 01:50:00,67.2
2025-06-12 07:55:00,49.28634215500945
2025-06-12 13:16:00,93.3
2025-06-12 18:25:00,49.28634215500945
2025-06-12 03:51:00,26.0
2025-06-12 12:18:00,54.2
2025-06-12 03:08:00,40.2
2025-06-12 21:34:00,63.8
2025-06-12 22:35:00,95.2
2025-06-12 08:15:00,70.7
2025-06-12 08:11:00,93.9
2025-06-12 14:42:00,45.8
2025-06-12 10:20:00,8.8
2025-06-12 12:20:00,10.5
2025-06-12 20:00:00,87.4
2025-06-12 08:24:00,49.28634215500945
2025-06-12 00:53:00,26.7
2025-06-12 13:46:00,49.28634215500945
2025-06-12 19:10:00,31.0
2025-06-12 10:42:00,49.28634215500945
2025-06-12 07:32:00,23.6
2025-06-12 19:45:00,34.0
2025-06-12 16:43:00,97.7
2025-06-12 03:36:00,16.8
2025-06-12 02:56:00,14.5
2025-06-12 03:45:00,49.28634215500945
2025-06-12 01:45:00,33.5
2025-06-12 06:58:00,62.3
2025-06-12 22:25:00,61.9
2025-06-12 14:00:00,25.3
2025-06-12 00:02:00,72.1
2025-06-12 19:35:00,11.4
2025-06-12 16:49:00,13.1
2025-06-12 04:01:00,49.28634215500945
2025-06-12 14:58:00,22.3
2025-06-12 21:32:00,49.28634215500945
2025-06-12 20:50:00,34.0
2025-06-12 02:29:00,2.5
2025-06-12 22:08:00,30.4
2025-06-12 19:31:00,45.2
2025-06-12 10:50:00,49.28634215500945
2025-06-12 02:10:00,56.0
2025-06-12 01:24:00,71.1
2025-06-12 11:05:00,19.8
2025-06-12 12:36:00,47.2
2025-06-12 09:45:00,39.4
2025-06-12 15:30:00,49.28634215500945
2025-06-12 12:14:00,4.7
2025-06-12 13:52:00,32.8
2025-06-12 09:27:00,49.28634215500945
2025-06-12 02:40:00,39.5
2025-06-12 17:56:00,52.7
2025-06-12 12:33:00,49.28634215500945
2025-06-12 18:48:00,49.9
2025-06-12 06:16:00,29.9
2025-06-12 23:17:00,72.2
2025-06-12 06:39:00,47.5
2025-06-12 06:40:00,45.6
2025-06-12 22:59:00,87.0
2025-06-12 00:20:00,89.7
2025-06-12 10:41:00,47.7
2025-06-12 10:14:00,86.3
2025-06-12 16:07:00,49.28634215500945
2025-06-12 23:58:00,72.0
2025-06-12 18:51:00,68.5
2025-06-12 19:49:00,77.9
2025-06-12 08:18:00,95.1
2025-06-12 23:10:00,94.7
2025-06-12 19:38:00,48.8
2025-06-12 14:49:00,61.1
2025-06-12 15:03:00,24.0
2025-06-12 20:56:00,53.1
2025-06-12 09:37:00,49.28634215500945
2025-06-12 16:40:00,2.8
2025-06-12 09:15:00,58.4
2025-06-12 10:47:00,92.2
2025-06-12 11:26:00,67.2
2025-06-12 19:43:00,98.4
2025-06-12 17:17:00,42.6
2025-06-12 08:00:00,77.9
2025-06-12 22:46:00,78.9
2025-06-12 23:59:00,16.0
2025-06-12 01:39:00,49.28634215500945
2025-06-12 17:29:00,27.2
2025-06-12 04:27:00,13.7
2025-06-12 05:24:00,66.7
2025-06-12 04:02:00,49.28634215500945
2025-06-12 19:00:00,52.9
2025-06-12 15:06:00,49.28634215500945
2025-06-12 05:58:00,49.28634215500945
2025-06-12 10:45:00,49.28634215500945
2025-06-12 11:19:00,49.28634215500945
2025-06-12 19:17:00,24.3
2025-06-12 12:04:00,88.5
2025-06-12 08:39:00,50.6
2025-06-12 00:48:00,1.6
2025-06-12 03:38:00,80.4
2025-06-12 23:48:00,42.7
2025-06-12 16:18:00,40.3
2025-06-12 07:14:00,30.2
2025-06-12 13:31:00,49.28634215500945
2025-06-12 18:59:00,52.1
2025-06-12 04:19:00,97.6
2025-06-12 00:55:00,92.0
2025-06-12 09:02:00,49.28634215500945
2025-06-12 23:03:00,38.6
2025-06-12 17:37:00,89.9
2025-06-12 13:17:00,41.9
2025-06-12 15:04:00,51.9
2025-06-12 15:45:00,41.7
2025-06-12 07:36:00,15.9
2025-06-12 18:44:00,6.4
2025-06-12 16:00:00,9.4
2025-06-12 17:20:00,33.8
2025-06-12 09:50:00,35.0
2025-06-12 22:55:00,84.8
2025-06-12 15:02:00,49.28634215500945
2025-06-12 18:36:00,43.4
2025-06-12 18:53:00,12.1
2025-06-12 21:42:00,79.1
2025-06-12 19:11:00,9.9
2025-06-12 13:34:00,67.5
2025-06-12 05:25:00,60.0
2025-06-12 02:23:00,20.0
2025-06-12 13:04:00,72.2
2025-06-12 07:53:00,49.28634215500945
2025-06-12 03:56:00,9.5
2025-06-12 03:47:00,24.3
2025-06-12 20:10:00,99.4
2025-06-12 08:53:00,50.1
2025-06-12 22:31:00,62.9
2025-06-12 18:17:00,96.2
2025-06-12 13:47:00,86.4
2025-06-12 02:43:00,49.28634215500945
2025-06-12 17:36:00,49.28634215500945
2025-06-12 12:07:00,35.1
2025-06-12 10:30:00,39.3
2025-06-12 22:12:00,16.8
2025-06-12 17:27:00,64.1
2025-06-12 23:14:00,81.2
2025-06-12 15:14:00,9.5
2025-06-12 23:11:00,49.28634215500945
2025-06-12 05:16:00,49.28634215500945
2025-06-12 03:58:00,49.28634215500945
2025-06-12 07:19:00,23.4
2025-06-12 21:19:00,38.9
2025-06-12 02:57:00,82.6
2025-06-12 14:01:00,20.0
2025-06-12 01:00:00,66.0
2025-06-12 17:47:00,49.28634215500945
2025-06-12 00:11:00,94.6
2025-06-12 21:16:00,12.6
2025-06-12 13:41:00,65.4
2025-06-12 22:18:00,57.6
2025-06-12 14:10:00,99.6
2025-06-12 07:27:00,31.1
2025-06-12 01:29:00,49.28634215500945
2025-06-12 02:31:00,49.28634215500945
2025-06-12 19:25:00,49.28634215500945
2025-06-12 15:32:00,49.28634215500945
2025-06-12 02:11:00,27.5
2025-06-12 11:12:00,43.0
2025-06-12 06:11:00,34.4
2025-06-12 18:20:00,69.5
2025-06-12 04:31:00,60.6
2025-06-12 06:43:00,49.28634215500945
2025-06-12 10:56:00,92.6
2025-06-12 11:58:00,59.1
2025-06-12 23:29:00,15.3
2025-06-12 23:49:00,39.7
2025-06-12 15:39:00,16.8
2025-06-12 02:46:00,88.7
2025-06-12 17:18:00,49.28634215500945
2025-06-12 17:34:00,70.9
2025-06-12 19:32:00,6.6
2025-06-12 14:02:00,0.3
2025-06-12 17:55:00,49.28634215500945
2025-06-12 05:40:00,7.8
2025-06-12 00:05:00,44.6
2025-06-12 08:51:00,31.2
2025-06-12 22:10:00,86.0
2025-06-12 21:27:00,18.4
2025-06-12 00:58:00,18.1
2025-06-12 13:56:00,53.9
2025-06-12 01:48:00,88.4
2025-06-12 06:32:00,74.8
2025-06-12 06:42:00,43.7
2025-06-12 01:19:00,72.4
2025-06-12 14:37:00,49.28634215500945
2025-06-12 05:44:00,34.2
2025-06-12 03:15:00,28.7
2025-06-12 02:20:00,49.28634215500945
2025-06-12 09:11:00,25.1
2025-06-12 20:17:00,72.4
2025-06-12 01:15:00,29.8
2025-06-12 14:28:00,49.28634215500945
2025-06-12 15:09:00,9.5
2025-06-12 04:06:00,65.6
2025-06-12 10:33:00,75.8
2025-06-12 15:42:00,68.3
2025-06-12 12:50:00,6.9
2025-06-12 06:01:00,49.28634215500945
2025-06-12 22:37:00,78.7
2025-06-12 05:39:00,37.2
2025-06-12 01:37:00,93.3
2025-06-12 03:04:00,44.8
2025-06-12 14:11:00,49.28634215500945
2025-06-12 01:31:00,71.5
2025-06-12 02:02:00,58.1
2025-06-12 20:04:00,49.28634215500945
2025-06-12 03:39:00,44.6
2025-06-12 00:14:00,48.5
2025-06-12 14:46:00,75.8
2025-06-12 21:46:00,44.3
2025-06-12 09:34:00,42.1
2025-06-12 05:37:00,49.28634215500945
2025-06-12 13:09:00,30.2
2025-06-12 04:53:00,97.0
2025-06-12 09:14:00,24.1
2025-06-12 11:13:00,95.6
2025-06-12 04:38:00,60.1
2025-06-12 06:21:00,4.4
2025-06-12 16:48:00,2.4
2025-06-12 09:33:00,72.5
2025-06-12 04:39:00,26.4
2025-06-12 20:06:00,49.28634215500945
2025-06-12 03:54:00,49.28634215500945
2025-06-12 15:08:00,4.2
2025-06-12 20:57:00,3.8
2025-06-12 17:16:00,36.9
2025-06-12 05:33:00,78.0
2025-06-12 00:18:00,21.4
2025-06-12 16:22:00,75.0
2025-06-12 16:17:00,37.1
2025-06-12 03:42:00,58.6
2025-06-12 07:31:00,80.8
2025-06-12 17:05:00,49.28634215500945
2025-06-12 16:53:00,6.9
2025-06-12 06:13:00,92.3
2025-06-12 03:59:00,49.28634215500945
2025-06-12 21:30:00,56.0
2025-06-12 11:41:00,40.8
2025-06-12 15:16:00,15.2
2025-06-12 08:25:00,39.4
2025-06-12 22:50:00,91.8
2025-06-12 06:52:00,20.6
2025-06-12 12:39:00,64.3
2025-06-12 21:07:00,34.4
2025-06-12 06:44:00,42.3
2025-06-12 08:35:00,17.0
2025-06-12 06:49:00,81.5
2025-06-12 23:57:00,46.8
2025-06-12 19:46:00,49.28634215500945
2025-06-12 04:04:00,49.28634215500945
2025-06-12 13:37:00,49.28634215500945
2025-06-12 20:26:00,18.4
2025-06-12 05:07:00,51.3
2025-06-12 11:49:00,25.4
2025-06-12 19:42:00,79.3
2025-06-12 16:46:00,47.9
2025-06-12 23:04:00,13.7
2025-06-12 11:10:00,49.28634215500945
2025-06-12 17:44:00,33.7
2025-06-12 17:53:00,90.6
2025-06-12 06:57:00,49.28634215500945
2025-06-12 12:54:00,51.5
2025-06-12 14:54:00,28.4
2025-06-12 11:35:00,93.8
2025-06-12 00:21:00,70.2
2025-06-12 14:39:00,49.28634215500945
2025-06-12 02:09:00,19.0
2025-06-12 23:35:00,29.8
2025-06-12 00:40:00,51.7
2025-06-12 08:30:00,49.28634215500945
2025-06-12 04:44:00,49.28634215500945
2025-06-12 22:57:00,99.3
2025-06-12 02:53:00,73.4
2025-06-12 23:25:00,20.5
2025-06-12 13:43:00,49.28634215500945
2025-06-12 01:17:00,61.3
2025-06-12 15:55:00,5.7
2025-06-12 08:46:00,49.28634215500945
2025-06-12 08:52:00,38.5
2025-06-12 15:15:00,97.5
2025-06-12 19:01:00,85.2
2025-06-12 15:37:00,72.4
2025-06-12 11:08:00,49.28634215500945
2025-06-12 21:04:00,59.8
2025-06-12 20:33:00,13.5
2025-06-12 19:11:00,41.2
2025-06-12 07:23:00,37.4
2025-06-12 00:30:00,32.7
2025-06-12 10:06:00,51.8
2025-06-12 16:10:00,28.0
2025-06-12 10:22:00,42.3
2025-06-12 08:21:00,41.8
2025-06-12 07:56:00,50.0812925170068
2025-06-12 17:21:00,1.6
2025-06-12 16:36:00,26.8
2025-06-12 21:16:00,81.7
2025-06-12 10:39:00,27.3
2025-06-12 19:55:00,91.7
2025-06-12 00:02:00,69.0
2025-06-12 21:14:00,71.0
2025-06-12 04:16:00,64.0
2025-06-12 12:31:00,99.5
2025-06-12 06:51:00,16.5
2025-06-12 02:57:00,58.1
2025-06-12 08:22:00,12.1
2025-06-12 03:21:00,52.3
2025-06-12 16:47:00,5.0
2025-06-12 02:37:00,64.5
2025-06-12 15:50:00,94.5
2025-06-12 11:55:00,70.1
2025-06-12 03:30:00,96.1
2025-06-12 09:16:00,34.0
2025-06-12 23:47:00,50.0812925170068
2025-06-12 13:42:00,94.7
2025-06-12 04:21:00,26.8
2025-06-12 03:43:00,3.6
2025-06-12 09:04:00,77.5
2025-06-12 20:47:00,55.8
2025-06-12 01:33:00,67.9
2025-06-12 01:51:00,94.2
2025-06-12 06:43:00,4.1
2025-06-12 08:53:00,68.1
2025-06-12 08:16:00,7.6
2025-06-12 20:43:00,3.4
2025-06-12 15:25:00,98.0
2025-06-12 05:30:00,50.0812925170068
2025-06-12 22:57:00,77.6
2025-06-12 17:14:00,21.7
2025-06-12 17:09:00,49.3
2025-06-12 21:29:00,60.4
2025-06-12 19:01:00,39.9
2025-06-12 22:04:00,8.9
2025-06-12 21:59:00,77.8
2025-06-12 17:02:00,50.0812925170068
2025-06-12 19:14:00,75.3
2025-06-12 17:55:00,50.0812925170068
2025-06-12 13:25:00,3.3
2025-06-12 08:29:00,28.0
2025-06-12 09:17:00,81.7
2025-06-12 13:02:00,69.9
2025-06-12 00:57:00,61.8
2025-06-12 13:45:00,84.0
2025-06-12 00:12:00,93.3
2025-06-12 22:08:00,99.2
2025-06-12 05:21:00,72.0
2025-06-12 02:25:00,52.1
2025-06-12 17:04:00,11.1
2025-06-12 01:34:00,46.8
2025-06-12 12:03:00,67.4
2025-06-12 02:50:00,50.0812925170068
2025-06-12 10:27:00,77.4
2025-06-12 18:42:00,77.0
2025-06-12 06:18:00,66.3
2025-06-12 23:25:00,38.7
2025-06-12 16:56:00,4.9
2025-06-12 22:49:00,5.6
2025-06-12 02:45:00,50.0812925170068
2025-06-12 00:26:00,50.0812925170068
2025-06-12 09:43:00,5.5
2025-06-12 20:31:00,37.4
2025-06-12 20:21:00,12.7
2025-06-12 02:28:00,72.2
2025-06-12 16:33:00,89.4
2025-06-12 03:10:00,67.3
2025-06-12 22:59:00,5.4
2025-06-12 23:07:00,71.5
2025-06-12 19:04:00,77.6
2025-06-12 20:59:00,35.2
2025-06-12 01:50:00,50.0812925170068
2025-06-12 20:04:00,13.8
2025-06-12 12:20:00,23.4
2025-06-12 03:23:00,38.3
2025-06-12 04:26:00,64.1
2025-06-12 19:36:00,58.1
2025-06-12 17:54:00,35.7
2025-06-12 04:13:00,69.5
2025-06-12 10:47:00,50.0812925170068
2025-06-12 22:01:00,96.3
2025-06-12 06:56:00,62.1
2025-06-12 22:20:00,28.6
2025-06-12 17:27:00,0.5
2025-06-12 04:05:00,56.7
2025-06-12 11:47:00,84.2
2025-06-12 11:50:00,50.0812925170068
2025-06-12 04:06:00,61.6
2025-06-12 11:51:00,57.3
2025-06-12 07:59:00,72.1
2025-06-12 04:19:00,33.6
2025-06-12 12:59:00,39.5
2025-06-12 22:23:00,88.2
2025-06-12 17:10:00,46.8
2025-06-12 07:29:00,6.2
2025-06-12 08:08:00,93.0
2025-06-12 18:16:00,69.0
2025-06-12 02:10:00,71.5
2025-06-12 22:53:00,50.0812925170068
2025-06-12 05:53:00,82.3
2025-06-12 21:12:00,33.8
2025-06-12 11:53:00,91.5
2025-06-12 19:40:00,97.6
2025-06-12 08:20:00,40.0
2025-06-12 21:56:00,59.8
2025-06-12 12:01:00,92.0
2025-06-12 21:07:00,35.5
2025-06-12 23:27:00,44.9
2025-06-12 11:58:00,16.3
2025-06-12 08:28:00,81.7
2025-06-12 20:20:00,80.5
2025-06-12 22:52:00,93.2
2025-06-12 19:32:00,20.7
2025-06-12 03:04:00,32.4
2025-06-12 15:02:00,91.5
2025-06-12 09:14:00,26.6
2025-06-12 05:39:00,45.9
2025-06-12 04:09:00,69.4
2025-06-12 14:22:00,76.9
2025-06-12 08:40:00,61.9
2025-06-12 18:03:00,5.7
2025-06-12 21:23:00,58.6
2025-06-12 10:36:00,26.6
2025-06-12 09:58:00,12.4
2025-06-12 16:01:00,81.3
2025-06-12 15:21:00,20.8
2025-06-12 22:13:00,22.7
2025-06-12 11:06:00,60.7
2025-06-12 23:33:00,50.0812925170068
2025-06-12 09:29:00,7.6
2025-06-12 01:20:00,12.4
2025-06-12 04:17:00,53.2
2025-06-12 14:17:00,8.0
2025-06-12 07:09:00,30.8
2025-06-12 13:35:00,36.8
2025-06-12 13:22:00,81.7
2025-06-12 15:55:00,28.8
2025-06-12 10:23:00,8.2
2025-06-12 21:03:00,76.8
2025-06-12 22:37:00,28.9
2025-06-12 01:00:00,8.8
2025-06-12 07:35:00,23.5
2025-06-12 01:52:00,82.8
2025-06-12 03:32:00,81.9
2025-06-12 05:45:00,32.7
2025-06-12 23:58:00,22.1
2025-06-12 11:45:00,6.2
2025-06-12 21:20:00,82.0
2025-06-12 19:09:00,75.2
2025-06-12 20:19:00,44.2
2025-06-12 02:13:00,55.9
2025-06-12 04:58:00,64.8
2025-06-12 13:58:00,60.6
2025-06-12 14:31:00,53.5
2025-06-12 16:26:00,46.6
2025-06-12 10:00:00,41.2
2025-06-12 03:02:00,65.5
2025-06-12 01:46:00,50.0812925170068
2025-06-12 12:50:00,62.2
2025-06-12 05:13:00,17.9
2025-06-12 06:59:00,53.8
2025-06-12 08:39:00,11.5
2025-06-12 14:04:00,66.1
2025-06-12 21:28:00,50.0812925170068
2025-06-12 09:12:00,57.7
2025-06-12 16:46:00,28.5
2025-06-12 20:18:00,30.8
2025-06-12 09:51:00,36.4
2025-06-12 03:25:00,82.3
2025-06-12 07:47:00,77.4
2025-06-12 11:34:00,67.7
2025-06-12 23:35:00,43.2
2025-06-12 03:29:00,2.3
2025-06-12 14:55:00,15.2
2025-06-12 07:01:00,97.1
2025-06-12 03:55:00,45.7
2025-06-12 00:52:00,50.0812925170068
2025-06-12 08:14:00,91.0
2025-06-12 15:59:00,50.0812925170068
2025-06-12 10:45:00,26.7
2025-06-12 04:41:00,30.8
2025-06-12 15:42:00,4.4
2025-06-12 16:11:00,4.3
2025-06-12 05:04:00,71.0
2025-06-12 00:44:00,50.0812925170068
2025-06-12 01:09:00,50.0812925170068
2025-06-12 14:00:00,14.9
2025-06-12 08:44:00,0.4
2025-06-12 19:31:00,6.2
2025-06-12 23:37:00,53.4
2025-06-12 08:19:00,50.0812925170068
2025-06-12 14:29:00,5.7
2025-06-12 01:28:00,73.6
2025-06-12 12:16:00,24.7
2025-06-12 13:53:00,16.5
2025-06-12 15:36:00,63.7
2025-06-12 17:12:00,47.1
2025-06-12 00:59:00,81.8
2025-06-12 16:06:00,62.7
2025-06-12 12:56:00,29.9
2025-06-12 21:30:00,51.0
2025-06-12 19:18:00,50.0812925170068
2025-06-12 02:11:00,31.5
2025-06-12 07:27:00,43.8
2025-06-12 14:13:00,19.2
2025-06-12 20:09:00,91.5
2025-06-12 19:48:00,17.6
2025-06-12 22:12:00,67.4
2025-06-12 08:01:00,33.6
2025-06-12 05:08:00,20.8
2025-06-12 00:09:00,34.2
2025-06-12 03:44:00,32.0
2025-06-12 08:11:00,51.8
2025-06-12 13:55:00,14.7
2025-06-12 03:24:00,28.1
2025-06-12 04:01:00,3.6
2025-06-12 15:28:00,39.3
2025-06-12 01:48:00,93.8
2025-06-12 08:54:00,64.8
2025-06-12 20:42:00,50.0812925170068
2025-06-12 08:06:00,2.5
2025-06-12 13:24:00,41.3
2025-06-12 23:05:00,50.0812925170068
2025-06-12 22:02:00,49.0
2025-06-12 22:46:00,3.6
2025-06-12 06:26:00,1.1
2025-06-12 18:18:00,50.6
2025-06-12 10:29:00,34.0
2025-06-12 23:11:00,68.2
2025-06-12 14:09:00,73.4
2025-06-12 12:34:00,49.7
2025-06-12 23:04:00,85.7
2025-06-12 08:09:00,44.5
2025-06-12 04:11:00,50.0812925170068
2025-06-12 16:07:00,91.7
2025-06-12 12:09:00,50.0812925170068
2025-06-12 18:31:00,9.2
2025-06-12 03:01:00,50.0812925170068
2025-06-12 02:05:00,77.6
2025-06-12 07:25:00,50.0812925170068
2025-06-12 02:14:00,61.8
2025-06-12 10:48:00,21.9
2025-06-12 03:26:00,0.7
2025-06-12 16:54:00,50.0812925170068
2025-06-12 18:51:00,50.0812925170068
2025-06-12 11:13:00,87.2
2025-06-12 14:56:00,24.1
2025-06-12 04:33:00,17.8
2025-06-12 02:34:00,23.6
2025-06-12 09:55:00,20.5
2025-06-12 09:21:00,6.2
2025-06-12 11:31:00,69.6
2025-06-12 17:08:00,54.4
2025-06-12 07:14:00,50.0812925170068
2025-06-12 03:22:00,60.8
2025-06-12 15:29:00,50.0812925170068
2025-06-12 12:52:00,98.4
2025-06-12 15:46:00,70.1
2025-06-12 05:15:00,82.2
2025-06-12 04:44:00,50.0812925170068
2025-06-12 05:24:00,67.1
2025-06-12 04:00:00,86.2
2025-06-12 06:40:00,84.8
2025-06-12 10:43:00,97.1
2025-06-12 14:32:00,50.0812925170068
2025-06-12 04:25:00,88.3
2025-06-12 08:18:00,48.8
2025-06-12 11:22:00,75.8
2025-06-12 03:34:00,36.9
2025-06-12 05:16:00,45.3
2025-06-12 11:26:00,41.4
2025-06-12 15:40:00,36.6
2025-06-12 22:06:00,1.3
2025-06-12 09:47:00,51.1
2025-06-12 16:48:00,49.0
2025-06-12 23:01:00,74.8
2025-06-12 23:31:00,50.0812925170068
2025-06-12 00:53:00,75.8
2025-06-12 18:39:00,50.0812925170068
2025-06-12 11:38:00,82.3
2025-06-12 15:35:00,39.6
2025-06-12 10:03:00,50.0812925170068
2025-06-12 13:47:00,65.8
2025-06-12 22:44:00,96.1
2025-06-12 10:13:00,8.3
2025-06-12 22:22:00,84.3
2025-06-12 01:36:00,33.4
2025-06-12 04:06:00,23.9
2025-06-12 10:13:00,27.7
2025-06-12 22:22:00,5.5
2025-06-12 17:59:00,98.7
2025-06-12 00:00:00,80.2
2025-06-12 20:20:00,49.63695830886671
2025-06-12 03:34:00,59.3
2025-06-12 00:42:00,85.0
2025-06-12 23:39:00,66.8
2025-06-12 12:06:00,99.2
2025-06-12 08:38:00,71.8
2025-06-12 03:32:00,71.7
2025-06-12 18:06:00,68.9
2025-06-12 18:19:00,79.7
2025-06-12 02:12:00,49.63695830886671
2025-06-12 08:47:00,58.8
2025-06-12 18:11:00,12.1
2025-06-12 23:32:00,16.6
2025-06-12 16:29:00,57.0
2025-06-12 21:03:00,6.0
2025-06-12 10:28:00,49.63695830886671
2025-06-12 07:00:00,61.4
2025-06-12 19:16:00,38.4
2025-06-12 19:36:00,87.8
2025-06-12 14:37:00,92.1
2025-06-12 11:17:00,28.7
2025-06-12 20:01:00,49.63695830886671
2025-06-12 09:16:00,36.2
2025-06-12 19:54:00,17.0
2025-06-12 11:49:00,18.3
2025-06-12 12:52:00,1.5
2025-06-12 10:39:00,49.63695830886671
2025-06-12 05:59:00,40.3
2025-06-12 22:59:00,75.3
2025-06-12 09:17:00,75.7
2025-06-12 01:51:00,20.8
2025-06-12 19:38:00,94.2
2025-06-12 11:33:00,26.7
2025-06-12 23:55:00,30.8
2025-06-12 15:52:00,48.9
2025-06-12 05:56:00,23.0
2025-06-12 16:22:00,13.3
2025-06-12 01:47:00,58.6
2025-06-12 12:54:00,32.4
2025-06-12 14:12:00,55.5
2025-06-12 06:31:00,38.8
2025-06-12 13:32:00,69.6
2025-06-12 16:21:00,68.3
2025-06-12 08:10:00,83.2
2025-06-12 21:05:00,82.2
2025-06-12 11:36:00,39.5
2025-06-12 10:04:00,60.1
2025-06-12 01:26:00,32.7
2025-06-12 22:49:00,57.3
2025-06-12 14:40:00,86.2
2025-06-12 05:32:00,37.4
2025-06-12 13:49:00,40.2
2025-06-12 16:28:00,39.0
2025-06-12 05:37:00,46.1
2025-06-12 03:14:00,76.4
2025-06-12 13:22:00,44.9
2025-06-12 03:35:00,30.6
2025-06-12 01:19:00,30.5
2025-06-12 22:35:00,38.8
2025-06-12 23:29:00,57.6
2025-06-12 13:50:00,18.6
2025-06-12 08:42:00,82.5
2025-06-12 07:50:00,72.7
2025-06-12 09:51:00,32.6
2025-06-12 02:05:00,84.4
2025-06-12 18:38:00,30.4
2025-06-12 00:11:00,72.1
2025-06-12 22:09:00,81.4
2025-06-12 11:46:00,68.5
2025-06-12 07:29:00,72.0
2025-06-12 05:38:00,19.7
2025-06-12 10:23:00,35.9
2025-06-12 11:20:00,36.1
2025-06-12 17:46:00,73.8
2025-06-12 17:38:00,50.3
2025-06-12 06:34:00,69.7
2025-06-12 08:22:00,86.0
2025-06-12 12:24:00,55.2
2025-06-12 07:39:00,0.9
2025-06-12 01:52:00,57.0
2025-06-12 00:14:00,1.5
2025-06-12 04:46:00,49.63695830886671
2025-06-12 22:11:00,49.63695830886671
2025-06-12 04:45:00,83.6
2025-06-12 19:46:00,49.63695830886671
2025-06-12 21:32:00,15.6
2025-06-12 05:24:00,47.4
2025-06-12 02:25:00,25.9
2025-06-12 10:14:00,33.7
2025-06-12 21:35:00,13.7
2025-06-12 07:43:00,67.5
2025-06-12 17:06:00,68.0
2025-06-12 10:07:00,80.2
2025-06-12 03:28:00,49.63695830886671
2025-06-12 08:49:00,21.3
2025-06-12 08:02:00,54.2
2025-06-12 07:42:00,15.5
2025-06-12 20:53:00,48.1
2025-06-12 13:17:00,13.4
2025-06-12 23:54:00,94.2
2025-06-12 03:49:00,66.8
2025-06-12 19:34:00,33.8
2025-06-12 01:40:00,8.0
2025-06-12 07:36:00,98.6
2025-06-12 23:14:00,49.63695830886671
2025-06-12 13:18:00,62.2
2025-06-12 20:33:00,85.0
2025-06-12 10:59:00,49.63695830886671
2025-06-12 06:06:00,89.3
2025-06-12 06:47:00,12.6
2025-06-12 05:44:00,36.2
2025-06-12 03:44:00,49.2
2025-06-12 07:09:00,59.6
2025-06-12 06:01:00,1.4
2025-06-12 13:27:00,22.6
2025-06-12 20:28:00,50.7
2025-06-12 01:17:00,67.7
2025-06-12 18:51:00,91.2
2025-06-12 13:47:00,49.63695830886671
2025-06-12 16:14:00,94.6
2025-06-12 17:53:00,50.1
2025-06-12 17:07:00,5.9
2025-06-12 09:14:00,28.1
2025-06-12 10:24:00,29.9
2025-06-12 08:46:00,72.3
2025-06-12 09:06:00,20.2
2025-06-12 22:12:00,82.4
2025-06-12 23:43:00,24.1
2025-06-12 09:41:00,34.0
2025-06-12 10:52:00,23.7
2025-06-12 00:05:00,10.7
2025-06-12 04:24:00,49.63695830886671
2025-06-12 00:27:00,88.5
2025-06-12 00:21:00,98.1
2025-06-12 10:45:00,2.2
2025-06-12 02:27:00,49.63695830886671
2025-06-12 17:56:00,78.2
2025-06-12 13:48:00,86.0
2025-06-12 00:47:00,45.2
2025-06-12 06:54:00,59.7
2025-06-12 11:08:00,83.0
2025-06-12 06:35:00,73.9
2025-06-12 20:24:00,3.6
2025-06-12 03:56:00,25.9
2025-06-12 02:00:00,86.6
2025-06-12 12:37:00,49.63695830886671
2025-06-12 08:32:00,27.9
2025-06-12 08:15:00,49.63695830886671
2025-06-12 18:50:00,7.1
2025-06-12 18:12:00,87.0
2025-06-12 08:41:00,38.1
2025-06-12 08:55:00,12.7
2025-06-12 07:52:00,1.9
2025-06-12 05:04:00,5.5
2025-06-12 09:39:00,61.9
2025-06-12 17:09:00,79.6
2025-06-12 01:44:00,49.63695830886671
2025-06-12 16:54:00,96.3
2025-06-12 01:56:00,49.63695830886671
2025-06-12 18:09:00,33.7
2025-06-12 10:19:00,73.8
2025-06-12 05:07:00,64.8
2025-06-12 15:55:00,56.1
2025-06-12 13:19:00,4.4
2025-06-12 07:44:00,84.0
2025-06-12 18:55:00,26.0
2025-06-12 20:07:00,21.8
2025-06-12 02:26:00,49.63695830886671
2025-06-12 16:34:00,75.7
2025-06-12 11:00:00,91.7
2025-06-12 00:49:00,49.63695830886671
2025-06-12 18:15:00,49.63695830886671
2025-06-12 19:05:00,87.6
2025-06-12 10:26:00,49.63695830886671
2025-06-12 11:37:00,7.2
2025-06-12 01:34:00,99.1
2025-06-12 06:18:00,92.7
2025-06-12 12:15:00,8.0
2025-06-12 05:51:00,52.4
2025-06-12 05:47:00,21.3
2025-06-12 06:32:00,26.3
2025-06-12 12:31:00,88.4
2025-06-12 11:05:00,56.6
2025-06-12 23:41:00,88.6
2025-06-12 16:15:00,49.63695830886671
2025-06-12 08:23:00,13.4
2025-06-12 05:33:00,37.4
2025-06-12 18:13:00,93.2
2025-06-12 08:44:00,65.1
2025-06-12 07:51:00,97.9
2025-06-12 00:58:00,6.8
2025-06-12 07:16:00,28.4
2025-06-12 04:43:00,49.63695830886671
2025-06-12 20:23:00,16.4
2025-06-12 12:23:00,55.8
2025-06-12 09:00:00,48.1
2025-06-12 21:46:00,91.9
2025-06-12 11:48:00,92.6
2025-06-12 18:21:00,28.9
2025-06-12 14:36:00,96.0
2025-06-12 14:22:00,68.9
2025-06-12 13:29:00,12.5
2025-06-12 17:11:00,49.63695830886671
2025-06-12 18:30:00,4.7
2025-06-12 01:27:00,81.7
2025-06-12 17:51:00,46.1
2025-06-12 21:30:00,60.1
2025-06-12 16:19:00,44.7
2025-06-12 02:07:00,43.6
2025-06-12 23:47:00,78.5
2025-06-12 02:47:00,80.6
2025-06-12 19:19:00,35.2
2025-06-12 21:04:00,0.2
2025-06-12 03:13:00,41.4
2025-06-12 15:14:00,53.6
2025-06-12 11:42:00,78.7
2025-06-12 02:06:00,22.9
2025-06-12 12:04:00,60.6
2025-06-12 08:13:00,49.1
2025-06-12 02:37:00,44.7
2025-06-12 16:24:00,39.5
2025-06-12 21:23:00,95.3
2025-06-12 00:15:00,58.2
2025-06-12 17:57:00,33.5
2025-06-12 16:31:00,10.5
2025-06-12 06:10:00,94.9
2025-06-12 10:06:00,49.63695830886671
2025-06-12 16:27:00,43.5
2025-06-12 15:38:00,47.3
2025-06-12 23:30:00,4.7
2025-06-12 11:39:00,49.63695830886671
2025-06-12 04:54:00,31.0
2025-06-12 00:59:00,54.1
2025-06-12 23:15:00,65.2
2025-06-12 10:57:00,88.0
2025-06-12 23:57:00,49.63695830886671
2025-06-12 14:13:00,49.63695830886671
2025-06-12 12:56:00,60.5
2025-06-12 02:41:00,49.63695830886671
2025-06-12 05:28:00,49.63695830886671
2025-06-12 13:05:00,17.6
2025-06-12 23:07:00,58.0
2025-06-12 12:51:00,47.5
2025-06-12 21:58:00,80.1
2025-06-12 01:58:00,32.4
2025-06-12 22:21:00,45.1
2025-06-12 02:20:00,69.2
2025-06-12 02:19:00,21.3
2025-06-12 07:49:00,91.4
2025-06-12 00:18:00,68.1
2025-06-12 14:07:00,72.7
2025-06-12 20:46:00,10.9
2025-06-12 07:46:00,27.2
2025-06-12 10:33:00,49.63695830886671
2025-06-12 22:08:00,4.1
2025-06-12 18:53:00,86.1
2025-06-12 07:17:00,20.7
2025-06-12 19:28:00,10.5
2025-06-12 19:21:00,68.8
2025-06-12 19:45:00,80.9
2025-06-12 16:51:00,70.0
2025-06-12 10:44:00,49.63695830886671
2025-06-12 08:43:00,52.5
2025-06-12 23:40:00,20.4
2025-06-12 01:25:00,87.4
2025-06-12 19:08:00,49.63695830886671
2025-06-12 12:12:00,19.1
2025-06-12 17:54:00,14.5
2025-06-12 11:59:00,90.3
2025-06-12 12:53:00,49.63695830886671
2025-06-12 13:02:00,6.4
2025-06-12 00:10:00,49.63695830886671
2025-06-12 03:26:00,23.7
2025-06-12 07:25:00,49.63695830886671
2025-06-12 10:36:00,66.0
2025-06-12 10:20:00,41.6
2025-06-12 07:23:00,12.2
2025-06-12 18:35:00,63.5
2025-06-12 22:01:00,75.3
2025-06-12 10:09:00,9.5
2025-06-12 15:41:00,87.9
2025-06-12 09:23:00,94.4
2025-06-12 17:02:00,79.7
2025-06-12 10:01:00,49.63695830886671
2025-06-12 12:40:00,80.2
2025-06-12 11:03:00,80.6
2025-06-12 19:20:00,75.6
2025-06-12 04:55:00,75.2
2025-06-12 02:35:00,29.6
2025-06-12 16:39:00,88.1
2025-06-12 09:02:00,40.5
2025-06-12 14:42:00,47.3
2025-06-12 22:24:00,81.7
2025-06-12 21:42:00,49.63695830886671
2025-06-12 08:00:00,56.7
2025-06-12 13:54:00,61.9
2025-06-12 07:27:00,94.4
2025-06-12 08:39:00,47.7
2025-06-12 18:42:00,99.0
2025-06-12 04:58:00,49.63695830886671
2025-06-12 11:18:00,4.9
2025-06-12 10:32:00,22.2
2025-06-12 10:18:00,83.8
2025-06-12 18:45:00,84.2
2025-06-12 22:05:00,16.8
2025-06-12 06:58:00,49.63695830886671
2025-06-12 11:16:00,60.1
2025-06-12 07:48:00,61.9
2025-06-12 13:46:00,30.6
2025-06-12 09:58:00,1.1
2025-06-12 17:34:00,38.9
2025-06-12 20:31:00,49.63695830886671
2025-06-12 09:22:00,89.7
2025-06-12 05:52:00,96.4
2025-06-12 18:29:00,47.4
2025-06-12 05:38:00,50.5
2025-06-12 23:34:00,78.6
2025-06-12 13:37:00,30.9
2025-06-12 01:40:00,45.2
2025-06-12 18:50:00,96.0
2025-06-12 15:59:00,67.0
2025-06-12 04:05:00,96.9
2025-06-12 21:51:00,58.2
2025-06-12 20:03:00,72.9
2025-06-12 01:23:00,58.2
2025-06-12 12:48:00,50.41405513666353
2025-06-12 17:38:00,12.5
2025-06-12 19:45:00,53.5
2025-06-12 10:55:00,38.2
2025-06-12 17:52:00,1.5
2025-06-12 06:29:00,47.1
2025-06-12 02:06:00,16.1
2025-06-12 21:26:00,15.4
2025-06-12 00:50:00,88.4
2025-06-12 08:39:00,95.1
2025-06-12 06:22:00,99.4
2025-06-12 06:05:00,50.41405513666353
2025-06-12 01:37:00,40.5
2025-06-12 03:30:00,76.5
2025-06-12 20:29:00,4.6
2025-06-12 01:34:00,15.7
2025-06-12 19:24:00,92.7
2025-06-12 08:12:00,97.5
2025-06-12 01:16:00,99.5
2025-06-12 09:50:00,11.5
2025-06-12 06:23:00,89.4
2025-06-12 13:16:00,47.4
2025-06-12 04:07:00,58.2
2025-06-12 05:41:00,56.5
2025-06-12 21:54:00,42.8
2025-06-12 08:47:00,94.6
2025-06-12 21:47:00,95.6
2025-06-12 03:05:00,28.7
2025-06-12 21:27:00,39.6
2025-06-12 20:30:00,51.1
2025-06-12 10:06:00,9.4
2025-06-12 11:25:00,50.41405513666353
2025-06-12 16:26:00,93.5
2025-06-12 13:24:00,60.6
2025-06-12 20:42:00,51.7
2025-06-12 04:10:00,71.7
2025-06-12 16:16:00,81.0
2025-06-12 14:49:00,19.7
2025-06-12 21:39:00,84.2
2025-06-12 13:32:00,64.6
2025-06-12 15:55:00,66.9
2025-06-12 22:45:00,50.41405513666353
2025-06-12 17:07:00,50.41405513666353
2025-06-12 21:18:00,83.9
2025-06-12 13:01:00,44.3
2025-06-12 09:02:00,33.7
2025-06-12 08:50:00,50.41405513666353
2025-06-12 17:15:00,63.7
2025-06-12 19:26:00,50.41405513666353
2025-06-12 11:19:00,85.7
2025-06-12 07:20:00,33.1
2025-06-12 11:51:00,50.41405513666353
2025-06-12 10:49:00,98.3
2025-06-12 23:09:00,8.0
2025-06-12 05:45:00,50.41405513666353
2025-06-12 08:31:00,100.0
2025-06-12 20:41:00,51.2
2025-06-12 00:07:00,0.7
2025-06-12 15:13:00,99.2
2025-06-12 19:22:00,97.8
2025-06-12 18:24:00,27.6
2025-06-12 21:07:00,40.6
2025-06-12 08:04:00,16.1
2025-06-12 01:30:00,15.9
2025-06-12 22:59:00,44.0
2025-06-12 21:15:00,64.9
2025-06-12 14:39:00,12.9
2025-06-12 19:47:00,51.4
2025-06-12 12:00:00,18.5
2025-06-12 02:49:00,27.7
2025-06-12 23:12:00,94.2
2025-06-12 14:47:00,83.1
2025-06-12 20:51:00,75.4
2025-06-12 01:56:00,13.9
2025-06-12 09:45:00,81.7
2025-06-12 13:10:00,50.41405513666353
2025-06-12 13:17:00,45.7
2025-06-12 16:44:00,68.9
2025-06-12 17:58:00,31.7
2025-06-12 06:43:00,92.9
2025-06-12 07:39:00,60.3
2025-06-12 10:59:00,79.4
2025-06-12 08:11:00,30.1
2025-06-12 17:09:00,79.7
2025-06-12 22:29:00,62.9
2025-06-12 12:45:00,32.8
2025-06-12 15:46:00,50.41405513666353
2025-06-12 05:33:00,89.8
2025-06-12 15:17:00,71.9
2025-06-12 01:15:00,99.8
2025-06-12 06:49:00,4.8
2025-06-12 07:46:00,93.3
2025-06-12 18:10:00,88.6
2025-06-12 23:19:00,13.3
2025-06-12 17:01:00,23.8
2025-06-12 03:06:00,47.1
2025-06-12 06:42:00,48.9
2025-06-12 16:04:00,57.8
2025-06-12 17:56:00,4.2
2025-06-12 22:31:00,32.8
2025-06-12 17:34:00,84.0
2025-06-12 17:28:00,50.41405513666353
2025-06-12 05:00:00,49.5
2025-06-12 18:09:00,21.0
2025-06-12 09:00:00,80.3
2025-06-12 08:15:00,15.8
2025-06-12 16:28:00,63.6
2025-06-12 03:59:00,50.41405513666353
2025-06-12 20:07:00,32.3
2025-06-12 04:46:00,7.9
2025-06-12 12:38:00,30.1
2025-06-12 20:12:00,70.6
2025-06-12 10:45:00,27.5
2025-06-12 19:53:00,56.6
2025-06-12 12:21:00,70.9
2025-06-12 14:13:00,50.41405513666353
2025-06-12 07:57:00,5.6
2025-06-12 22:52:00,82.6
2025-06-12 14:08:00,56.0
2025-06-12 05:02:00,39.2
2025-06-12 13:02:00,7.3
2025-06-12 04:59:00,94.7
2025-06-12 18:48:00,1.6
2025-06-12 08:07:00,50.41405513666353
2025-06-12 09:20:00,68.0
2025-06-12 01:54:00,16.4
2025-06-12 10:39:00,6.8
2025-06-12 06:53:00,2.3
2025-06-12 11:59:00,52.0
2025-06-12 00:34:00,45.6
2025-06-12 00:20:00,22.1
2025-06-12 21:19:00,98.7
2025-06-12 16:15:00,96.7
2025-06-12 01:27:00,50.41405513666353
2025-06-12 17:26:00,12.1
2025-06-12 14:58:00,22.2
2025-06-12 08:57:00,83.7
2025-06-12 08:52:00,67.8
2025-06-12 01:02:00,68.0
2025-06-12 18:13:00,41.3
2025-06-12 14:11:00,39.8
2025-06-12 00:19:00,44.8
2025-06-12 20:18:00,91.1
2025-06-12 08:34:00,40.4
2025-06-12 04:43:00,50.41405513666353
2025-06-12 04:40:00,5.2
2025-06-12 04:26:00,32.3
2025-06-12 22:48:00,50.41405513666353
2025-06-12 21:11:00,57.1
2025-06-12 12:17:00,42.8
2025-06-12 22:20:00,19.1
2025-06-12 22:23:00,30.2
2025-06-12 06:40:00,33.4
2025-06-12 12:57:00,39.6
2025-06-12 11:06:00,78.9
2025-06-12 01:49:00,20.1
2025-06-12 05:34:00,81.1
2025-06-12 16:22:00,34.4
2025-06-12 04:56:00,18.9
2025-06-12 23:20:00,34.5
2025-06-12 23:16:00,58.0
2025-06-12 06:51:00,3.2
2025-06-12 16:00:00,20.9
2025-06-12 10:23:00,3.2
2025-06-12 17:00:00,86.5
2025-06-12 20:11:00,90.5
2025-06-12 23:48:00,2.4
2025-06-12 01:51:00,17.6
2025-06-12 11:55:00,14.7
2025-06-12 23:39:00,3.2
2025-06-12 21:03:00,41.5
2025-06-12 18:47:00,12.8
2025-06-12 11:07:00,51.2
2025-06-12 21:10:00,2.0
2025-06-12 03:46:00,23.2
2025-06-12 11:32:00,68.2
2025-06-12 02:34:00,35.8
2025-06-12 07:49:00,47.9
2025-06-12 13:19:00,64.2
2025-06-12 01:03:00,49.4
2025-06-12 13:54:00,94.9
2025-06-12 06:54:00,61.1
2025-06-12 17:03:00,81.7
2025-06-12 12:58:00,4.2
2025-06-12 20:17:00,62.8
2025-06-12 07:38:00,31.6
2025-06-12 06:44:00,24.8
2025-06-12 09:54:00,81.2
2025-06-12 11:24:00,14.9
2025-06-12 10:43:00,25.5
2025-06-12 17:35:00,50.41405513666353
2025-06-12 07:11:00,50.41405513666353
2025-06-12 17:21:00,27.4
2025-06-12 01:44:00,47.8
2025-06-12 09:39:00,63.2
2025-06-12 20:08:00,14.9
2025-06-12 16:38:00,13.3
2025-06-12 08:54:00,88.6
2025-06-12 15:35:00,47.7
2025-06-12 16:25:00,8.6
2025-06-12 02:05:00,74.9
2025-06-12 05:42:00,35.2
2025-06-12 06:59:00,50.41405513666353
2025-06-12 13:08:00,46.2
2025-06-12 23:14:00,43.7
2025-06-12 01:53:00,24.6
2025-06-12 22:09:00,64.0
2025-06-12 06:57:00,86.5
2025-06-12 04:53:00,50.41405513666353
2025-06-12 07:16:00,70.8
2025-06-12 21:56:00,69.7
2025-06-12 06:58:00,27.1
2025-06-12 20:33:00,61.5
2025-06-12 18:54:00,77.5
2025-06-12 13:20:00,23.5
2025-06-12 20:23:00,44.5
2025-06-12 03:44:00,50.41405513666353
2025-06-12 04:22:00,76.8
2025-06-12 23:43:00,5.6
2025-06-12 19:34:00,85.3
2025-06-12 18:38:00,46.4
2025-06-12 12:50:00,66.7
2025-06-12 02:51:00,66.2
2025-06-12 05:48:00,7.6
2025-06-12 20:46:00,20.1
2025-06-12 22:06:00,17.7
2025-06-12 03:36:00,84.0
2025-06-12 14:31:00,86.5
2025-06-12 02:21:00,50.41405513666353
2025-06-12 15:08:00,70.5
2025-06-12 05:26:00,74.1
2025-06-12 15:27:00,90.6
2025-06-12 00:25:00,0.4
2025-06-12 00:05:00,33.5
2025-06-12 07:13:00,37.8
2025-06-12 22:21:00,84.3
2025-06-12 00:38:00,17.6
2025-06-12 02:43:00,29.8
2025-06-12 20:26:00,50.41405513666353
2025-06-12 17:45:00,31.5
2025-06-12 21:05:00,67.5
2025-06-12 00:15:00,92.2
2025-06-12 15:22:00,88.5
2025-06-12 06:16:00,49.2
2025-06-12 15:47:00,15.1
2025-06-12 04:57:00,48.8
2025-06-12 13:46:00,53.9
2025-06-12 05:44:00,50.41405513666353
2025-06-12 07:18:00,50.41405513666353
2025-06-12 02:56:00,50.41405513666353
2025-06-12 14:22:00,68.5
2025-06-12 04:01:00,50.41405513666353
2025-06-12 22:37:00,26.7
2025-06-12 15:09:00,38.7
2025-06-12 20:37:00,59.4
2025-06-12 11:42:00,87.1
2025-06-12 14:51:00,50.41405513666353
2025-06-12 23:35:00,25.5
2025-06-12 12:10:00,41.5
2025-06-12 07:02:00,12.6
2025-06-12 02:59:00,59.2
2025-06-12 15:02:00,72.5
2025-06-12 00:21:00,0.0
2025-06-12 13:06:00,77.1
2025-06-12 23:06:00,45.4
2025-06-12 15:18:00,27.5
2025-06-12 00:33:00,30.5
2025-06-12 19:09:00,89.7
2025-06-12 06:01:00,73.5
2025-06-12 07:37:00,12.1
2025-06-12 22:50:00,3.3
2025-06-12 13:09:00,19.6
2025-06-12 02:17:00,94.8
2025-06-12 23:57:00,34.3
2025-06-12 06:40:00,35.0
2025-06-12 06:37:00,48.3
2025-06-12 22:42:00,74.7
2025-06-12 00:07:00,9.4
2025-06-12 17:37:00,79.8
2025-06-12 09:59:00,11.9
2025-06-12 12:23:00,96.2
2025-06-12 02:09:00,49.776157380139004
2025-06-12 00:24:00,8.4
2025-06-12 15:24:00,42.3
2025-06-12 01:11:00,6.2
2025-06-12 08:46:00,71.6
2025-06-12 07:13:00,43.7
2025-06-12 18:24:00,81.0
2025-06-12 14:10:00,47.0
2025-06-12 21:08:00,39.9
2025-06-12 07:03:00,14.3
2025-06-12 09:53:00,7.7
2025-06-12 21:58:00,67.5
2025-06-12 10:08:00,18.4
2025-06-12 09:01:00,46.7
2025-06-12 16:26:00,57.2
2025-06-12 09:31:00,27.5
2025-06-12 23:42:00,69.0
2025-06-12 03:30:00,43.6
2025-06-12 23:59:00,30.3
2025-06-12 13:16:00,25.4
2025-06-12 07:29:00,68.3
2025-06-12 22:14:00,49.776157380139004
2025-06-12 14:03:00,20.5
2025-06-12 02:01:00,56.2
2025-06-12 15:58:00,49.776157380139004
2025-06-12 13:21:00,26.8
2025-06-12 02:27:00,12.2
2025-06-12 19:32:00,13.6
2025-06-12 08:57:00,49.776157380139004
2025-06-12 06:55:00,91.5
2025-06-12 03:04:00,2.0
2025-06-12 05:27:00,53.6
2025-06-12 14:15:00,49.776157380139004
2025-06-12 10:14:00,24.5
2025-06-12 14:01:00,89.8
2025-06-12 17:23:00,49.776157380139004
2025-06-12 04:49:00,23.1
2025-06-12 21:09:00,70.8
2025-06-12 21:05:00,62.0
2025-06-12 14:34:00,44.4
2025-06-12 15:41:00,16.3
2025-06-12 13:52:00,78.6
2025-06-12 19:04:00,32.8
2025-06-12 15:01:00,41.9
2025-06-12 07:05:00,28.5
2025-06-12 00:46:00,49.776157380139004
2025-06-12 04:56:00,49.0
2025-06-12 12:16:00,45.0
2025-06-12 12:37:00,49.776157380139004
2025-06-12 13:28:00,44.2
2025-06-12 14:28:00,90.1
2025-06-12 04:37:00,66.8
2025-06-12 23:26:00,40.1
2025-06-12 10:03:00,49.776157380139004
2025-06-12 09:56:00,92.9
2025-06-12 13:31:00,9.0
2025-06-12 04:32:00,70.1
2025-06-12 23:18:00,43.2
2025-06-12 05:18:00,71.4
2025-06-12 07:50:00,95.4
2025-06-12 07:54:00,74.3
2025-06-12 00:17:00,28.7
2025-06-12 01:51:00,65.8
2025-06-12 17:55:00,56.7
2025-06-12 13:42:00,7.2
2025-06-12 13:04:00,59.7
2025-06-12 04:22:00,57.1
2025-06-12 12:18:00,45.2
2025-06-12 16:19:00,44.8
2025-06-12 18:37:00,29.5
2025-06-12 14:54:00,35.1
2025-06-12 20:31:00,87.7
2025-06-12 22:40:00,51.3
2025-06-12 10:43:00,99.5
2025-06-12 14:17:00,2.5
2025-06-12 12:33:00,90.9
2025-06-12 07:38:00,64.8
2025-06-12 23:43:00,25.6
2025-06-12 13:49:00,60.9
2025-06-12 15:35:00,49.776157380139004
2025-06-12 06:08:00,81.9
2025-06-12 01:35:00,49.776157380139004
2025-06-12 01:14:00,17.8
2025-06-12 08:45:00,47.4
2025-06-12 21:48:00,57.2
2025-06-12 07:28:00,88.3
2025-06-12 09:32:00,49.776157380139004
2025-06-12 18:30:00,49.776157380139004
2025-06-12 19:46:00,83.5
2025-06-12 21:35:00,34.0
2025-06-12 02:48:00,45.5
2025-06-12 09:27:00,34.9
2025-06-12 18:54:00,65.4
2025-06-12 08:00:00,70.3
2025-06-12 18:36:00,43.9
2025-06-12 20:23:00,19.8
2025-06-12 05:46:00,58.8
2025-06-12 04:41:00,34.3
2025-06-12 01:49:00,49.776157380139004
2025-06-12 02:07:00,23.1
2025-06-12 03:48:00,97.5
2025-06-12 11:21:00,22.0
2025-06-12 07:18:00,49.776157380139004
2025-06-12 12:28:00,62.7
2025-06-12 03:10:00,2.9
2025-06-12 23:19:00,72.6
2025-06-12 18:04:00,63.0
2025-06-12 22:30:00,39.9
2025-06-12 09:29:00,6.7
2025-06-12 06:15:00,0.5
2025-06-12 15:02:00,53.6
2025-06-12 03:20:00,79.8
2025-06-12 04:45:00,77.9
2025-06-12 17:31:00,50.8
2025-06-12 18:31:00,90.4
2025-06-12 17:50:00,16.9
2025-06-12 03:17:00,44.7
2025-06-12 12:13:00,54.7
2025-06-12 19:16:00,95.5
2025-06-12 11:35:00,38.1
2025-06-12 00:03:00,26.4
2025-06-12 06:35:00,87.0
2025-06-12 00:04:00,89.7
2025-06-12 17:05:00,32.9
2025-06-12 02:31:00,49.776157380139004
2025-06-12 01:17:00,21.2
2025-06-12 16:24:00,11.9
2025-06-12 04:19:00,16.4
2025-06-12 08:40:00,50.2
2025-06-12 13:08:00,70.6
2025-06-12 01:33:00,40.5
2025-06-12 18:03:00,96.1
2025-06-12 21:21:00,14.0
2025-06-12 15:45:00,66.7
2025-06-12 17:04:00,59.7
2025-06-12 16:39:00,44.5
2025-06-12 07:39:00,49.776157380139004
2025-06-12 04:30:00,85.1
2025-06-12 04:52:00,48.8
2025-06-12 21:18:00,29.3
2025-06-12 09:49:00,11.5
2025-06-12 17:46:00,58.0
2025-06-12 08:31:00,91.2
2025-06-12 13:19:00,91.0
2025-06-12 21:02:00,96.4
2025-06-12 15:28:00,4.4
2025-06-12 20:08:00,61.8
2025-06-12 17:11:00,91.8
2025-06-12 10:53:00,30.5
2025-06-12 15:32:00,49.776157380139004
2025-06-12 23:20:00,24.3
2025-06-12 20:34:00,28.7
2025-06-12 01:45:00,4.1
2025-06-12 13:00:00,49.776157380139004
2025-06-12 22:32:00,15.0
2025-06-12 12:19:00,49.776157380139004
2025-06-12 04:59:00,0.7
2025-06-12 18:19:00,24.0
2025-06-12 05:00:00,28.1
2025-06-12 00:57:00,49.776157380139004
2025-06-12 07:14:00,49.776157380139004
2025-06-12 19:48:00,5.3
2025-06-12 00:25:00,49.776157380139004
2025-06-12 00:28:00,73.1
2025-06-12 16:13:00,49.776157380139004
2025-06-12 20:49:00,15.2
2025-06-12 22:21:00,48.0
2025-06-12 14:36:00,79.4
2025-06-12 17:32:00,8.9
2025-06-12 15:50:00,44.1
2025-06-12 11:37:00,52.0
2025-06-12 10:52:00,42.7
2025-06-12 10:19:00,46.3
2025-06-12 00:32:00,57.4
2025-06-12 19:44:00,88.3
2025-06-12 19:12:00,95.1
2025-06-12 01:37:00,71.0
2025-06-12 20:20:00,90.9
2025-06-12 22:41:00,49.776157380139004
2025-06-12 21:54:00,50.0
2025-06-12 00:42:00,30.9
2025-06-12 23:35:00,49.776157380139004
2025-06-12 05:57:00,93.1
2025-06-12 20:24:00,83.6
2025-06-12 02:08:00,40.0
2025-06-12 01:27:00,98.0
2025-06-12 22:22:00,63.2
2025-06-12 22:48:00,49.776157380139004
2025-06-12 16:51:00,26.7
2025-06-12 13:17:00,1.1
2025-06-12 02:28:00,96.7
2025-06-12 14:08:00,66.5
2025-06-12 12:01:00,35.8
2025-06-12 08:39:00,85.8
2025-06-12 03:32:00,43.9
2025-06-12 00:22:00,64.2
2025-06-12 18:44:00,49.3
2025-06-12 11:10:00,51.8
2025-06-12 12:56:00,96.9
2025-06-12 06:33:00,85.8
2025-06-12 13:07:00,10.6
2025-06-12 11:47:00,90.3
2025-06-12 08:48:00,74.5
2025-06-12 13:58:00,52.7
2025-06-12 04:07:00,28.2
2025-06-12 06:36:00,98.7
2025-06-12 18:22:00,85.0
2025-06-12 22:03:00,49.776157380139004
2025-06-12 16:20:00,82.4
2025-06-12 12:08:00,23.7
2025-06-12 15:39:00,49.776157380139004
2025-06-12 05:31:00,49.3
2025-06-12 13:40:00,19.7
2025-06-12 22:37:00,95.4
2025-06-12 08:01:00,5.2
2025-06-12 20:00:00,19.9
2025-06-12 20:02:00,63.8
2025-06-12 14:20:00,62.3
2025-06-12 23:14:00,71.3
2025-06-12 04:38:00,43.0
2025-06-12 18:34:00,35.3
2025-06-12 21:51:00,19.5
2025-06-12 18:33:00,25.6
2025-06-12 20:16:00,49.776157380139004
2025-06-12 19:53:00,71.5
2025-06-12 10:16:00,36.0
2025-06-12 14:32:00,49.776157380139004
2025-06-12 00:00:00,68.3
2025-06-12 20:09:00,11.4
2025-06-12 17:02:00,85.9
2025-06-12 18:11:00,49.776157380139004
2025-06-12 05:11:00,56.1
2025-06-12 06:58:00,64.7
2025-06-12 21:17:00,67.2
2025-06-12 21:15:00,49.776157380139004
2025-06-12 15:23:00,49.1
2025-06-12 12:34:00,45.6
2025-06-12 04:06:00,66.8
2025-06-12 12:49:00,65.9
2025-06-12 04:54:00,3.3
2025-06-12 22:27:00,26.9
2025-06-12 06:03:00,58.2
2025-06-12 13:44:00,4.3
2025-06-12 19:23:00,11.1
2025-06-12 05:44:00,49.776157380139004
2025-06-12 21:56:00,34.9
2025-06-12 14:13:00,49.776157380139004
2025-06-12 10:35:00,3.4
2025-06-12 06:54:00,49.776157380139004
2025-06-12 18:50:00,65.8
2025-06-12 16:56:00,24.3
2025-06-12 04:29:00,77.6
2025-06-12 19:22:00,82.6
2025-06-12 21:13:00,3.9
2025-06-12 06:16:00,59.7
2025-06-12 18:38:00,49.776157380139004
2025-06-12 12:09:00,33.4
2025-06-12 13:39:00,72.2
2025-06-12 22:58:00,1.3
2025-06-12 19:27:00,8.8
2025-06-12 02:24:00,61.3
2025-06-12 13:11:00,59.5
2025-06-12 01:59:00,60.4
2025-06-12 06:17:00,31.1
2025-06-12 10:36:00,10.0
2025-06-12 19:51:00,98.8
2025-06-12 11:27:00,49.776157380139004
2025-06-12 14:04:00,84.5
2025-06-12 12:05:00,49.776157380139004
2025-06-12 14:29:00,62.6
2025-06-12 16:52:00,22.4
2025-06-12 16:06:00,74.1
2025-06-12 02:50:00,65.4
2025-06-12 23:09:00,92.5
2025-06-12 12:42:00,33.8
2025-06-12 01:29:00,46.9
2025-06-12 18:16:00,95.0
2025-06-12 07:13:00,35.6
2025-06-12 11:14:00,85.0
2025-06-12 15:09:00,49.81767540251498
2025-06-12 21:47:00,32.2
2025-06-12 18:36:00,12.9
2025-06-12 06:57:00,49.81767540251498
2025-06-12 13:26:00,18.0
2025-06-12 09:26:00,26.7
2025-06-12 22:24:00,84.6
2025-06-12 22:11:00,59.4
2025-06-12 23:13:00,35.1
2025-06-12 11:01:00,25.0
2025-06-12 09:32:00,6.9
2025-06-12 06:36:00,49.81767540251498
2025-06-12 23:05:00,71.4
2025-06-12 19:18:00,98.1
2025-06-12 16:37:00,17.1
2025-06-12 05:15:00,66.6
2025-06-12 17:51:00,49.81767540251498
2025-06-12 03:19:00,49.81767540251498
2025-06-12 18:07:00,33.9
2025-06-12 03:58:00,56.9
2025-06-12 16:19:00,49.81767540251498
2025-06-12 04:24:00,74.8
2025-06-12 07:18:00,93.8
2025-06-12 04:13:00,38.3
2025-06-12 07:24:00,72.4
2025-06-12 20:54:00,69.4
2025-06-12 23:57:00,64.6
2025-06-12 22:44:00,83.6
2025-06-12 02:56:00,66.7
2025-06-12 10:59:00,31.8
2025-06-12 04:28:00,71.6
2025-06-12 12:40:00,55.2
2025-06-12 06:40:00,24.5
2025-06-12 23:53:00,29.2
2025-06-12 20:52:00,33.1
2025-06-12 06:37:00,49.81767540251498
2025-06-12 18:34:00,29.3
2025-06-12 01:45:00,40.5
2025-06-12 11:33:00,31.4
2025-06-12 00:31:00,87.1
2025-06-12 06:19:00,41.8
2025-06-12 17:02:00,0.4
2025-06-12 05:43:00,0.3
2025-06-12 01:16:00,49.81767540251498
2025-06-12 12:30:00,47.9
2025-06-12 04:01:00,35.4
2025-06-12 23:34:00,11.3
2025-06-12 21:48:00,38.5
2025-06-12 13:37:00,60.0
2025-06-12 07:33:00,50.4
2025-06-12 02:22:00,20.3
2025-06-12 08:38:00,95.0
2025-06-12 02:33:00,49.81767540251498
2025-06-12 14:05:00,27.1
2025-06-12 19:53:00,82.6
2025-06-12 07:51:00,24.2
2025-06-12 19:38:00,48.5
2025-06-12 19:43:00,44.9
2025-06-12 11:57:00,40.0
2025-06-12 03:53:00,74.3
2025-06-12 01:59:00,49.81767540251498
2025-06-12 08:47:00,49.81767540251498
2025-06-12 02:59:00,35.5
2025-06-12 09:59:00,92.4
2025-06-12 10:26:00,15.8
2025-06-12 23:02:00,70.6
2025-06-12 07:35:00,35.9
2025-06-12 03:14:00,30.4
2025-06-12 20:04:00,59.2
2025-06-12 08:34:00,69.0
2025-06-12 08:07:00,49.81767540251498
2025-06-12 14:08:00,13.7
2025-06-12 06:38:00,12.3
2025-06-12 07:11:00,88.7
2025-06-12 00:35:00,63.8
2025-06-12 22:07:00,33.9
2025-06-12 12:29:00,72.2
2025-06-12 23:51:00,60.1
2025-06-12 15:00:00,49.81767540251498
2025-06-12 16:03:00,77.7
2025-06-12 16:07:00,30.1
2025-06-12 07:30:00,37.7
2025-06-12 14:03:00,98.8
2025-06-12 21:23:00,49.81767540251498
2025-06-12 16:40:00,97.1
2025-06-12 11:36:00,29.3
2025-06-12 09:20:00,65.9
2025-06-12 19:21:00,99.3
2025-06-12 07:15:00,3.8
2025-06-12 11:43:00,25.0
2025-06-12 23:30:00,66.8
2025-06-12 01:35:00,42.8
2025-06-12 07:45:00,55.2
2025-06-12 01:30:00,68.1
2025-06-12 06:53:00,31.0
2025-06-12 20:45:00,62.4
2025-06-12 01:56:00,69.0
2025-06-12 06:05:00,28.4
2025-06-12 13:48:00,27.4
2025-06-12 07:27:00,48.4
2025-06-12 20:16:00,82.9
2025-06-12 18:19:00,26.8
2025-06-12 10:05:00,43.6
2025-06-12 07:57:00,78.1
2025-06-12 05:59:00,3.8
2025-06-12 23:01:00,90.4
2025-06-12 00:54:00,99.2
2025-06-12 17:57:00,60.7
2025-06-12 00:11:00,49.5
2025-06-12 01:20:00,37.0
2025-06-12 20:59:00,54.7
2025-06-12 09:09:00,49.81767540251498
2025-06-12 02:10:00,7.9
2025-06-12 05:28:00,81.9
2025-06-12 12:22:00,19.2
2025-06-12 22:57:00,67.7
2025-06-12 12:19:00,28.8
2025-06-12 16:17:00,23.1
2025-06-12 03:39:00,19.0
2025-06-12 08:29:00,56.6
2025-06-12 19:15:00,94.9
2025-06-12 13:16:00,83.0
2025-06-12 20:53:00,96.6
2025-06-12 14:09:00,80.5
2025-06-12 16:34:00,49.81767540251498
2025-06-12 12:45:00,88.0
2025-06-12 04:25:00,39.7
2025-06-12 09:19:00,32.5
2025-06-12 14:29:00,52.8
2025-06-12 05:19:00,8.5
2025-06-12 16:14:00,52.2
2025-06-12 01:28:00,40.7
2025-06-12 08:57:00,84.7
2025-06-12 08:25:00,39.8
2025-06-12 21:32:00,39.3
2025-06-12 10:03:00,7.9
2025-06-12 07:47:00,5.4
2025-06-12 17:44:00,95.8
2025-06-12 18:02:00,49.81767540251498
2025-06-12 14:28:00,69.3
2025-06-12 17:23:00,49.81767540251498
2025-06-12 07:52:00,32.4
2025-06-12 11:00:00,72.1
2025-06-12 23:21:00,52.7
2025-06-12 04:35:00,46.2
2025-06-12 17:19:00,79.4
2025-06-12 07:55:00,49.81767540251498
2025-06-12 02:36:00,49.81767540251498
2025-06-12 04:11:00,12.9
2025-06-12 01:11:00,83.6
2025-06-12 00:07:00,51.8
2025-06-12 08:33:00,49.81767540251498
2025-06-12 16:11:00,1.5
2025-06-12 01:26:00,40.2
2025-06-12 21:20:00,45.6
2025-06-12 13:54:00,14.0
2025-06-12 11:39:00,69.6
2025-06-12 16:20:00,49.81767540251498
2025-06-12 14:58:00,82.4
2025-06-12 10:15:00,67.1
2025-06-12 13:41:00,81.0
2025-06-12 01:15:00,49.81767540251498
2025-06-12 11:40:00,92.1
2025-06-12 09:03:00,88.1
2025-06-12 03:09:00,18.5
2025-06-12 03:15:00,20.1
2025-06-12 12:26:00,29.5
2025-06-12 04:52:00,49.81767540251498
2025-06-12 19:32:00,61.0
2025-06-12 19:02:00,54.3
2025-06-12 09:29:00,72.6
2025-06-12 02:43:00,72.5
2025-06-12 00:19:00,84.5
2025-06-12 20:57:00,50.7
2025-06-12 00:10:00,25.9
2025-06-12 20:15:00,90.8
2025-06-12 13:34:00,13.7
2025-06-12 04:34:00,7.4
2025-06-12 20:11:00,49.81767540251498
2025-06-12 13:21:00,49.81767540251498
2025-06-12 23:00:00,47.1
2025-06-12 05:12:00,82.0
2025-06-12 12:49:00,26.1
2025-06-12 16:38:00,49.81767540251498
2025-06-12 16:27:00,49.81767540251498
2025-06-12 21:40:00,26.9
2025-06-12 05:25:00,53.2
2025-06-12 01:44:00,95.3
2025-06-12 22:58:00,96.4
2025-06-12 08:05:00,15.6
2025-06-12 22:59:00,49.81767540251498
2025-06-12 22:49:00,67.9
2025-06-12 21:02:00,49.81767540251498
2025-06-12 11:58:00,86.8
2025-06-12 06:23:00,58.9
2025-06-12 11:26:00,49.81767540251498
2025-06-12 09:11:00,62.5
2025-06-12 21:37:00,81.4
2025-06-12 16:55:00,49.81767540251498
2025-06-12 02:03:00,93.7
2025-06-12 13:51:00,47.8
2025-06-12 01:33:00,86.0
2025-06-12 18:06:00,0.6
2025-06-12 19:23:00,49.81767540251498
2025-06-12 18:35:00,13.1
2025-06-12 08:44:00,23.1
2025-06-12 05:50:00,49.81767540251498
2025-06-12 14:06:00,95.1
2025-06-12 05:42:00,98.3
2025-06-12 00:18:00,60.7
2025-06-12 21:16:00,7.2
2025-06-12 19:24:00,61.6
2025-06-12 08:00:00,70.3
2025-06-12 01:25:00,58.1
2025-06-12 02:27:00,49.81767540251498
2025-06-12 05:33:00,24.8
2025-06-12 10:55:00,45.4
2025-06-12 18:55:00,63.7
2025-06-12 23:55:00,49.81767540251498
2025-06-12 12:58:00,49.81767540251498
2025-06-12 06:22:00,49.81767540251498
2025-06-12 09:21:00,94.4
2025-06-12 17:15:00,48.1
2025-06-12 16:29:00,0.6
2025-06-12 13:35:00,87.0
2025-06-12 20:34:00,92.1
2025-06-12 14:36:00,40.7
2025-06-12 00:21:00,24.2
2025-06-12 17:03:00,21.6
2025-06-12 01:54:00,91.9
2025-06-12 16:59:00,34.7
2025-06-12 18:50:00,7.6
2025-06-12 09:13:00,10.8
2025-06-12 23:48:00,35.9
2025-06-12 16:04:00,54.8
2025-06-12 20:08:00,89.1
2025-06-12 19:47:00,66.8
2025-06-12 18:00:00,0.4
2025-06-12 10:14:00,23.3
2025-06-12 04:51:00,86.6
2025-06-12 17:49:00,16.7
2025-06-12 05:24:00,93.4
2025-06-12 16:42:00,9.7
2025-06-12 12:01:00,80.0
2025-06-12 12:15:00,91.9
2025-06-12 14:24:00,49.81767540251498
2025-06-12 11:12:00,37.3
2025-06-12 23:40:00,61.1
2025-06-12 09:05:00,97.0
2025-06-12 15:48:00,62.2
2025-06-12 17:10:00,49.81767540251498
2025-06-12 01:52:00,51.0
2025-06-12 06:35:00,49.81767540251498
2025-06-12 22:10:00,88.7
2025-06-12 17:46:00,39.0
2025-06-12 23:22:00,79.3
2025-06-12 14:19:00,98.6
2025-06-12 10:10:00,80.5
2025-06-12 23:16:00,49.81767540251498
2025-06-12 18:53:00,49.81767540251498
2025-06-12 03:11:00,94.2
2025-06-12 02:08:00,76.4
2025-06-12 10:52:00,49.81767540251498
2025-06-12 13:45:00,56.1
2025-06-12 19:00:00,49.81767540251498
2025-06-12 06:00:00,55.3
2025-06-12 08:48:00,66.0
2025-06-12 11:13:00,49.81767540251498
2025-06-12 09:24:00,32.6
2025-06-12 23:27:00,49.81767540251498
2025-06-12 00:55:00,36.8
2025-06-12 12:35:00,72.6
2025-06-12 11:15:00,49.81767540251498
2025-06-12 10:49:00,49.9
2025-06-12 21:14:00,67.2
2025-06-12 03:22:00,13.4
2025-06-12 17:53:00,49.81767540251498
2025-06-12 22:05:00,89.1
2025-06-12 08:30:00,96.2
2025-06-12 13:07:00,83.5
2025-06-12 08:24:00,13.9
2025-06-12 03:16:00,0.0
2025-06-12 09:34:00,39.1
2025-06-12 06:21:00,71.6
2025-06-12 17:47:00,69.1
2025-06-12 15:05:00,66.2
2025-06-12 20:50:00,47.9
2025-06-12 17:13:00,49.81767540251498
2025-06-12 15:43:00,37.4
2025-06-12 21:54:00,49.81767540251498
2025-06-12 18:10:00,64.2
2025-06-12 04:18:00,16.8
2025-06-12 14:42:00,12.8
2025-06-12 04:03:00,50.0
2025-06-12 23:45:00,77.5
2025-06-12 01:58:00,49.81767540251498
2025-06-12 14:44:00,59.0
2025-06-12 08:50:00,9.0
2025-06-12 06:54:00,74.9
2025-06-12 18:23:00,96.8
2025-06-12 10:41:00,67.6
2025-06-12 13:10:00,64.9
2025-06-12 10:44:00,24.0
2025-06-12 07:32:00,65.7
2025-06-12 21:58:00,49.81767540251498
2025-06-12 17:22:00,10.9
2025-06-12 13:20:00,86.8
2025-06-12 08:04:00,14.1
2025-06-12 00:08:00,68.7
2025-06-12 03:52:00,49.791111632270166
2025-06-12 19:00:00,66.4
2025-06-12 17:02:00,94.5
2025-06-12 11:04:00,49.791111632270166
2025-06-12 11:44:00,19.2
2025-06-12 05:43:00,5.3
2025-06-12 01:16:00,16.2
2025-06-12 00:39:00,66.1
2025-06-12 10:17:00,32.6
2025-06-12 18:01:00,72.4
2025-06-12 17:29:00,75.5
2025-06-12 03:48:00,60.8
2025-06-12 20:25:00,49.791111632270166
2025-06-12 12:11:00,73.2
2025-06-12 22:03:00,71.1
2025-06-12 00:32:00,26.3
2025-06-12 20:32:00,53.5
2025-06-12 05:39:00,11.0
2025-06-12 01:02:00,96.9
2025-06-12 21:10:00,44.1
2025-06-12 02:02:00,13.5
2025-06-12 15:38:00,11.1
2025-06-12 23:00:00,88.7
2025-06-12 03:53:00,49.791111632270166
2025-06-12 03:29:00,52.7
2025-06-12 11:59:00,56.7
2025-06-12 23:12:00,6.6
2025-06-12 19:55:00,79.4
2025-06-12 11:33:00,31.0
2025-06-12 09:57:00,46.2
2025-06-12 07:01:00,93.4
2025-06-12 18:18:00,7.0
2025-06-12 03:04:00,80.4
2025-06-12 14:11:00,49.791111632270166
2025-06-12 21:14:00,72.2
2025-06-12 21:50:00,62.0
2025-06-12 04:00:00,25.7
2025-06-12 18:36:00,94.9
2025-06-12 20:52:00,1.3
2025-06-12 17:10:00,94.6
2025-06-12 19:47:00,41.5
2025-06-12 19:42:00,49.791111632270166
2025-06-12 14:45:00,78.4
2025-06-12 12:35:00,60.3
2025-06-12 17:47:00,46.8
2025-06-12 21:33:00,62.1
2025-06-12 08:40:00,42.6
2025-06-12 20:16:00,97.5
2025-06-12 04:38:00,90.2
2025-06-12 03:20:00,49.791111632270166
2025-06-12 09:42:00,99.8
2025-06-12 12:40:00,53.9
2025-06-12 13:15:00,40.8
2025-06-12 13:47:00,23.9
2025-06-12 16:55:00,49.791111632270166
2025-06-12 18:40:00,27.4
2025-06-12 21:25:00,49.791111632270166
2025-06-12 06:04:00,49.791111632270166
2025-06-12 23:16:00,60.0
2025-06-12 02:58:00,52.6
2025-06-12 12:39:00,25.6
2025-06-12 12:44:00,49.791111632270166
2025-06-12 04:09:00,43.1
2025-06-12 14:56:00,94.6
2025-06-12 03:42:00,64.8
2025-06-12 13:59:00,49.791111632270166
2025-06-12 05:22:00,33.5
2025-06-12 03:36:00,49.791111632270166
2025-06-12 10:07:00,7.0
2025-06-12 02:10:00,12.3
2025-06-12 19:36:00,20.7
2025-06-12 13:14:00,35.2
2025-06-12 19:33:00,43.3
2025-06-12 03:19:00,73.5
2025-06-12 20:12:00,40.9
2025-06-12 10:28:00,43.1
2025-06-12 02:04:00,82.3
2025-06-12 04:41:00,59.2
2025-06-12 22:57:00,51.9
2025-06-12 13:05:00,47.6
2025-06-12 19:38:00,22.2
2025-06-12 12:09:00,44.5
2025-06-12 16:53:00,35.8
2025-06-12 19:57:00,59.1
2025-06-12 11:18:00,68.2
2025-06-12 15:56:00,87.9
2025-06-12 22:53:00,49.791111632270166
2025-06-12 22:36:00,2.6
2025-06-12 00:07:00,78.5
2025-06-12 02:59:00,12.5
2025-06-12 10:20:00,15.2
2025-06-12 00:04:00,10.9
2025-06-12 09:09:00,89.3
2025-06-12 01:40:00,49.791111632270166
2025-06-12 03:09:00,9.3
2025-06-12 22:54:00,4.9
2025-06-12 01:49:00,40.0
2025-06-12 02:13:00,15.7
2025-06-12 08:03:00,49.791111632270166
2025-06-12 05:50:00,14.5
2025-06-12 14:30:00,2.0
2025-06-12 06:43:00,46.3
2025-06-12 06:59:00,3.6
2025-06-12 19:02:00,3.7
2025-06-12 07:10:00,73.2
2025-06-12 01:45:00,8.7
2025-06-12 08:06:00,60.3
2025-06-12 05:01:00,22.9
2025-06-12 15:07:00,13.9
2025-06-12 19:40:00,62.0
2025-06-12 03:00:00,67.5
2025-06-12 23:01:00,69.4
2025-06-12 06:52:00,2.6
2025-06-12 11:10:00,94.2
2025-06-12 20:09:00,83.9
2025-06-12 11:26:00,61.2
2025-06-12 14:01:00,20.7
2025-06-12 07:34:00,42.5
2025-06-12 17:59:00,59.6
2025-06-12 06:56:00,54.9
2025-06-12 05:41:00,34.9
2025-06-12 21:47:00,95.1
2025-06-12 21:08:00,49.791111632270166
2025-06-12 16:05:00,67.3
2025-06-12 06:38:00,74.0
2025-06-12 16:21:00,30.4
2025-06-12 21:11:00,16.8
2025-06-12 20:39:00,57.8
2025-06-12 07:59:00,65.4
2025-06-12 16:50:00,60.8
2025-06-12 06:18:00,18.7
2025-06-12 13:57:00,16.4
2025-06-12 06:41:00,49.791111632270166
2025-06-12 19:19:00,41.1
2025-06-12 09:24:00,7.2
2025-06-12 05:54:00,19.2
2025-06-12 12:16:00,49.791111632270166
2025-06-12 05:34:00,10.5
2025-06-12 12:59:00,82.6
2025-06-12 16:39:00,40.0
2025-06-12 03:08:00,83.1
2025-06-12 23:38:00,51.9
2025-06-12 17:30:00,21.2
2025-06-12 01:47:00,75.5
2025-06-12 02:55:00,59.2
2025-06-12 05:18:00,58.0
2025-06-12 08:51:00,54.1
2025-06-12 11:55:00,50.0
2025-06-12 02:52:00,49.791111632270166
2025-06-12 00:38:00,64.8
2025-06-12 04:25:00,77.8
2025-06-12 15:06:00,6.0
2025-06-12 08:27:00,49.791111632270166
2025-06-12 04:49:00,61.2
2025-06-12 12:13:00,45.7
2025-06-12 20:17:00,12.7
2025-06-12 23:02:00,67.0
2025-06-12 02:01:00,49.791111632270166
2025-06-12 23:14:00,73.9
2025-06-12 19:43:00,63.4
2025-06-12 23:44:00,30.1
2025-06-12 10:23:00,30.5
2025-06-12 02:51:00,33.7
2025-06-12 16:25:00,99.8
2025-06-12 14:57:00,54.2
2025-06-12 19:54:00,28.3
2025-06-12 06:32:00,21.6
2025-06-12 22:08:00,95.5
2025-06-12 07:36:00,49.791111632270166
2025-06-12 06:33:00,29.6
2025-06-12 15:17:00,49.791111632270166
2025-06-12 10:35:00,39.4
2025-06-12 00:10:00,14.8
2025-06-12 20:08:00,96.7
2025-06-12 02:28:00,24.0
2025-06-12 00:00:00,99.6
2025-06-12 07:37:00,76.9
2025-06-12 06:21:00,46.7
2025-06-12 11:05:00,70.1
2025-06-12 04:47:00,97.8
2025-06-12 06:03:00,79.9
2025-06-12 00:20:00,42.9
2025-06-12 11:35:00,31.1
2025-06-12 07:05:00,36.3
2025-06-12 06:53:00,49.791111632270166
2025-06-12 18:03:00,84.5
2025-06-12 14:23:00,38.1
2025-06-12 02:54:00,68.0
2025-06-12 06:00:00,72.1
2025-06-12 19:23:00,97.0
2025-06-12 16:46:00,49.791111632270166
2025-06-12 17:43:00,49.791111632270166
2025-06-12 18:05:00,21.8
2025-06-12 05:40:00,90.5
2025-06-12 13:33:00,49.791111632270166
2025-06-12 18:52:00,6.2
2025-06-12 16:09:00,14.2
2025-06-12 03:31:00,19.6
2025-06-12 09:06:00,86.6
2025-06-12 10:37:00,77.7
2025-06-12 22:24:00,39.8
2025-06-12 06:11:00,2.8
2025-06-12 08:17:00,49.791111632270166
2025-06-12 21:32:00,80.5
2025-06-12 01:31:00,46.0
2025-06-12 15:20:00,49.791111632270166
2025-06-12 01:58:00,80.2
2025-06-12 12:43:00,17.6
2025-06-12 19:22:00,98.7
2025-06-12 07:06:00,49.791111632270166
2025-06-12 02:20:00,29.1
2025-06-12 19:41:00,66.7
2025-06-12 02:08:00,49.791111632270166
2025-06-12 04:34:00,74.3
2025-06-12 02:30:00,49.791111632270166
2025-06-12 04:31:00,95.1
2025-06-12 19:37:00,96.2
2025-06-12 10:15:00,9.7
2025-06-12 18:56:00,66.8
2025-06-12 14:16:00,68.7
2025-06-12 05:56:00,39.5
2025-06-12 18:17:00,51.1
2025-06-12 16:31:00,6.5
2025-06-12 13:31:00,49.791111632270166
2025-06-12 23:41:00,82.8
2025-06-12 11:08:00,49.791111632270166
2025-06-12 12:52:00,95.4
2025-06-12 19:53:00,49.791111632270166
2025-06-12 22:22:00,99.8
2025-06-12 16:11:00,69.6
2025-06-12 20:26:00,6.1
2025-06-12 08:38:00,46.3
2025-06-12 17:56:00,5.3
2025-06-12 09:43:00,20.7
2025-06-12 22:40:00,49.791111632270166
2025-06-12 10:34:00,44.4
2025-06-12 02:21:00,47.8
2025-06-12 19:49:00,76.4
2025-06-12 09:04:00,14.1
2025-06-12 12:21:00,89.8
2025-06-12 21:02:00,53.0
2025-06-12 10:04:00,28.0
2025-06-12 09:40:00,2.5
2025-06-12 12:56:00,49.791111632270166
2025-06-12 23:10:00,61.8
2025-06-12 20:43:00,7.9
2025-06-12 10:59:00,1.7
2025-06-12 12:46:00,16.1
2025-06-12 08:56:00,33.5
2025-06-12 09:46:00,72.9
2025-06-12 09:05:00,4.5
2025-06-12 15:00:00,63.5
2025-06-12 23:23:00,91.3
2025-06-12 07:22:00,70.6
2025-06-12 01:33:00,5.6
2025-06-12 15:31:00,55.3
2025-06-12 16:42:00,97.9
2025-06-12 19:15:00,65.5
2025-06-12 06:01:00,4.8
2025-06-12 23:35:00,59.7
2025-06-12 12:08:00,36.0
2025-06-12 16:36:00,98.5
2025-06-12 21:21:00,73.0
2025-06-12 08:13:00,6.6
2025-06-12 07:43:00,77.0
2025-06-12 09:55:00,17.6
2025-06-12 13:10:00,52.4
2025-06-12 08:25:00,55.2
2025-06-12 18:30:00,38.6
2025-06-12 03:23:00,94.1
2025-06-12 04:55:00,49.6
2025-06-12 07:53:00,88.5
2025-06-12 02:34:00,2.5
2025-06-12 13:01:00,14.4
2025-06-12 16:10:00,29.1
2025-06-12 14:24:00,50.406503298774744
2025-06-12 00:26:00,9.9
2025-06-12 04:16:00,6.6
2025-06-12 23:43:00,5.8
2025-06-12 03:41:00,50.406503298774744
2025-06-12 15:06:00,79.8
2025-06-12 14:46:00,64.5
2025-06-12 10:46:00,56.3
2025-06-12 00:29:00,64.9
2025-06-12 11:11:00,50.406503298774744
2025-06-12 02:19:00,50.406503298774744
2025-06-12 04:35:00,41.3
2025-06-12 00:52:00,50.406503298774744
2025-06-12 01:34:00,50.406503298774744
2025-06-12 04:40:00,78.6
2025-06-12 14:08:00,12.0
2025-06-12 12:35:00,18.0
2025-06-12 19:37:00,50.406503298774744
2025-06-12 19:29:00,68.8
2025-06-12 08:54:00,15.7
2025-06-12 14:31:00,38.8
2025-06-12 00:28:00,9.4
2025-06-12 11:38:00,1.4
2025-06-12 19:58:00,58.7
2025-06-12 07:37:00,41.8
2025-06-12 00:15:00,43.6
2025-06-12 18:59:00,78.5
2025-06-12 02:51:00,49.8
2025-06-12 11:59:00,78.8
2025-06-12 21:50:00,35.5
2025-06-12 07:56:00,50.406503298774744
2025-06-12 16:18:00,3.7
2025-06-12 17:00:00,18.3
2025-06-12 13:49:00,50.406503298774744
2025-06-12 03:46:00,89.8
2025-06-12 03:33:00,44.2
2025-06-12 17:39:00,50.406503298774744
2025-06-12 20:54:00,50.406503298774744
2025-06-12 13:16:00,90.7
2025-06-12 13:33:00,18.6
2025-06-12 06:13:00,18.3
2025-06-12 09:29:00,50.406503298774744
2025-06-12 12:24:00,34.7
2025-06-12 12:00:00,1.1
2025-06-12 07:11:00,50.406503298774744
2025-06-12 20:23:00,38.5
2025-06-12 06:53:00,92.9
2025-06-12 03:43:00,57.1
2025-06-12 09:23:00,30.6
2025-06-12 21:35:00,95.8
2025-06-12 00:59:00,25.9
2025-06-12 01:08:00,50.406503298774744
2025-06-12 06:30:00,50.406503298774744
2025-06-12 02:14:00,60.5
2025-06-12 19:52:00,33.0
2025-06-12 01:52:00,60.5
2025-06-12 03:48:00,50.406503298774744
2025-06-12 21:36:00,50.406503298774744
2025-06-12 15:29:00,50.406503298774744
2025-06-12 15:47:00,95.2
2025-06-12 14:35:00,84.7
2025-06-12 11:01:00,90.6
2025-06-12 03:11:00,65.3
2025-06-12 19:45:00,0.3
2025-06-12 04:36:00,73.9
2025-06-12 02:40:00,50.406503298774744
2025-06-12 23:10:00,69.9
2025-06-12 02:37:00,70.4
2025-06-12 12:36:00,40.7
2025-06-12 18:07:00,11.8
2025-06-12 03:40:00,78.0
2025-06-12 11:08:00,2.8
2025-06-12 01:02:00,50.406503298774744
2025-06-12 16:00:00,65.5
2025-06-12 15:50:00,30.2
2025-06-12 07:48:00,50.406503298774744
2025-06-12 22:36:00,19.7
2025-06-12 01:33:00,63.7
2025-06-12 08:59:00,91.8
2025-06-12 21:52:00,50.406503298774744
2025-06-12 11:21:00,82.5
2025-06-12 20:03:00,57.5
2025-06-12 11:22:00,50.406503298774744
2025-06-12 08:18:00,65.0
2025-06-12 15:14:00,14.0
2025-06-12 19:17:00,21.9
2025-06-12 17:06:00,50.406503298774744
2025-06-12 23:57:00,86.0
2025-06-12 02:06:00,65.7
2025-06-12 12:39:00,53.4
2025-06-12 05:13:00,68.2
2025-06-12 09:16:00,77.1
2025-06-12 21:01:00,48.1
2025-06-12 16:38:00,86.5
2025-06-12 08:52:00,13.8
2025-06-12 15:38:00,51.1
2025-06-12 06:20:00,4.0
2025-06-12 14:26:00,50.406503298774744
2025-06-12 01:15:00,37.7
2025-06-12 18:16:00,80.9
2025-06-12 03:15:00,4.0
2025-06-12 04:53:00,35.3
2025-06-12 02:36:00,73.9
2025-06-12 16:23:00,48.5
2025-06-12 14:44:00,15.7
2025-06-12 13:11:00,50.406503298774744
2025-06-12 04:48:00,74.7
2025-06-12 00:35:00,11.4
2025-06-12 07:55:00,64.2
2025-06-12 08:36:00,58.9
2025-06-12 21:47:00,75.3
2025-06-12 01:46:00,84.2
2025-06-12 09:18:00,76.1
2025-06-12 06:14:00,81.1
2025-06-12 04:14:00,50.406503298774744
2025-06-12 02:47:00,50.406503298774744
2025-06-12 16:14:00,92.7
2025-06-12 03:38:00,18.5
2025-06-12 14:18:00,8.7
2025-06-12 12:49:00,15.6
2025-06-12 17:46:00,83.0
2025-06-12 13:24:00,45.7
2025-06-12 21:43:00,83.8
2025-06-12 17:35:00,50.406503298774744
2025-06-12 02:33:00,50.406503298774744
2025-06-12 16:05:00,50.406503298774744
2025-06-12 19:19:00,2.5
2025-06-12 13:45:00,13.1
2025-06-12 22:15:00,37.6
2025-06-12 21:07:00,89.2
2025-06-12 23:15:00,8.2
2025-06-12 22:40:00,99.2
2025-06-12 04:32:00,73.1
2025-06-12 14:34:00,50.406503298774744
2025-06-12 08:03:00,13.4
2025-06-12 01:06:00,10.7
2025-06-12 03:57:00,27.5
2025-06-12 20:00:00,5.0
2025-06-12 11:41:00,90.6
2025-06-12 14:58:00,23.3
2025-06-12 02:59:00,13.6
2025-06-12 05:41:00,74.9
2025-06-12 13:34:00,45.4
2025-06-12 23:32:00,3.3
2025-06-12 01:00:00,31.1
2025-06-12 02:07:00,32.9
2025-06-12 16:33:00,21.9
2025-06-12 16:06:00,37.8
2025-06-12 20:24:00,16.7
2025-06-12 04:29:00,14.5
2025-06-12 12:44:00,50.406503298774744
2025-06-12 14:19:00,91.1
2025-06-12 17:30:00,76.7
2025-06-12 14:42:00,15.2
2025-06-12 08:00:00,21.7
2025-06-12 14:20:00,17.6
2025-06-12 15:31:00,0.1
2025-06-12 19:55:00,88.7
2025-06-12 11:28:00,50.406503298774744
2025-06-12 05:50:00,7.3
2025-06-12 08:23:00,64.9
2025-06-12 21:44:00,50.406503298774744
2025-06-12 14:11:00,80.4
2025-06-12 09:06:00,31.1
2025-06-12 06:12:00,80.0
2025-06-12 00:38:00,27.0
2025-06-12 15:46:00,50.406503298774744
2025-06-12 07:57:00,12.3
2025-06-12 02:39:00,53.5
2025-06-12 06:15:00,58.9
2025-06-12 19:04:00,46.3
2025-06-12 23:44:00,61.2
2025-06-12 00:49:00,22.6
2025-06-12 13:14:00,23.4
2025-06-12 01:37:00,30.3
2025-06-12 22:27:00,14.6
2025-06-12 17:57:00,23.7
2025-06-12 18:34:00,48.1
2025-06-12 04:51:00,31.6
2025-06-12 18:49:00,50.406503298774744
2025-06-12 03:05:00,28.8
2025-06-12 23:47:00,50.406503298774744
2025-06-12 09:14:00,50.406503298774744
2025-06-12 14:41:00,92.7
2025-06-12 16:21:00,52.3
2025-06-12 07:16:00,78.2
2025-06-12 19:20:00,78.3
2025-06-12 04:00:00,95.4
2025-06-12 14:50:00,79.5
2025-06-12 18:40:00,2.5
2025-06-12 18:15:00,79.0
2025-06-12 02:48:00,45.1
2025-06-12 13:28:00,4.5
2025-06-12 11:32:00,20.6
2025-06-12 21:17:00,35.7
2025-06-12 22:23:00,45.4
2025-06-12 09:10:00,33.8
2025-06-12 13:26:00,99.2
2025-06-12 05:15:00,39.6
2025-06-12 23:34:00,21.0
2025-06-12 23:22:00,50.406503298774744
2025-06-12 07:28:00,50.406503298774744
2025-06-12 11:13:00,76.6
2025-06-12 22:17:00,57.3
2025-06-12 07:44:00,50.406503298774744
2025-06-12 20:55:00,67.9
2025-06-12 10:57:00,69.6
2025-06-12 22:16:00,83.6
2025-06-12 03:06:00,30.0
2025-06-12 15:40:00,50.406503298774744
2025-06-12 21:03:00,49.1
2025-06-12 20:20:00,42.1
2025-06-12 09:22:00,50.0
2025-06-12 14:21:00,6.1
2025-06-12 11:54:00,69.3
2025-06-12 18:25:00,51.0
2025-06-12 21:46:00,1.3
2025-06-12 00:34:00,47.8
2025-06-12 08:39:00,78.5
2025-06-12 19:57:00,42.9
2025-06-12 06:39:00,60.8
2025-06-12 20:51:00,28.3
2025-06-12 19:15:00,77.6
2025-06-12 09:53:00,65.7
2025-06-12 14:04:00,74.4
2025-06-12 01:14:00,19.7
2025-06-12 22:55:00,81.2
2025-06-12 00:13:00,21.4
2025-06-12 02:20:00,15.2
2025-06-12 00:24:00,99.7
2025-06-12 08:35:00,8.2
2025-06-12 18:14:00,81.8
2025-06-12 04:41:00,49.0
2025-06-12 23:53:00,76.7
2025-06-12 12:52:00,50.406503298774744
2025-06-12 19:44:00,48.3
2025-06-12 14:07:00,99.7
2025-06-12 04:05:00,93.2
2025-06-12 04:38:00,50.406503298774744
2025-06-12 10:48:00,97.8
2025-06-12 10:31:00,50.406503298774744
2025-06-12 13:31:00,50.406503298774744
2025-06-12 05:03:00,21.8
2025-06-12 12:56:00,46.2
2025-06-12 11:48:00,77.5
2025-06-12 06:08:00,50.406503298774744
2025-06-12 12:20:00,62.4
2025-06-12 22:48:00,22.0
2025-06-12 17:42:00,13.4
2025-06-12 07:54:00,35.9
2025-06-12 04:04:00,23.1
2025-06-12 02:49:00,73.7
2025-06-12 00:36:00,71.1
2025-06-12 03:31:00,10.1
2025-06-12 04:37:00,28.5
2025-06-12 11:26:00,35.3
2025-06-12 13:04:00,95.6
2025-06-12 12:47:00,46.3
2025-06-12 18:00:00,77.9
2025-06-12 05:18:00,79.3
2025-06-12 06:55:00,70.3
2025-06-12 07:12:00,92.7
2025-06-12 18:33:00,85.0
2025-06-12 08:12:00,21.0
2025-06-12 22:09:00,77.8
2025-06-12 05:55:00,24.8
2025-06-12 12:26:00,85.0
2025-06-12 22:00:00,89.7
2025-06-12 18:11:00,33.3
2025-06-12 08:48:00,42.0
2025-06-12 07:08:00,61.8
2025-06-12 03:19:00,10.3
2025-06-12 17:32:00,98.8
2025-06-12 06:25:00,24.9
2025-06-12 19:46:00,73.9
2025-06-12 06:37:00,12.0
2025-06-12 05:05:00,14.4
2025-06-12 04:13:00,19.6
2025-06-12 20:05:00,11.7
2025-06-12 14:06:00,41.9
2025-06-12 04:45:00,61.3
2025-06-12 22:35:00,13.1
2025-06-12 10:04:00,75.4
2025-06-12 13:40:00,50.406503298774744
2025-06-12 17:10:00,33.8
2025-06-12 14:38:00,70.5
2025-06-12 19:07:00,50.406503298774744
2025-06-12 10:32:00,29.6
2025-06-12 03:23:00,31.5
2025-06-12 09:25:00,50.406503298774744
2025-06-12 20:02:00,50.406503298774744
2025-06-12 04:25:00,16.6
2025-06-12 01:20:00,55.5
2025-06-12 01:54:00,70.5
2025-06-12 03:26:00,16.2
2025-06-12 02:29:00,80.8
2025-06-12 06:06:00,36.7
2025-06-12 18:10:00,2.2
2025-06-12 00:54:00,56.0
2025-06-12 04:18:00,50.406503298774744
2025-06-12 13:44:00,72.7
2025-06-12 19:28:00,56.1
2025-06-12 20:58:00,7.3
2025-06-12 06:40:00,20.3
2025-06-12 05:36:00,36.3
2025-06-12 10:55:00,79.9
2025-06-12 16:20:00,30.9
2025-06-12 09:19:00,94.5
2025-06-12 19:35:00,92.9
2025-06-12 23:58:00,49.4
2025-06-12 07:18:00,68.0
2025-06-12 22:31:00,59.9
2025-06-12 14:05:00,60.9
2025-06-12 13:12:00,5.4
2025-06-12 19:50:00,6.0
2025-06-12 21:52:00,67.5
2025-06-12 17:25:00,34.6
2025-06-12 09:14:00,25.7
2025-06-12 07:42:00,79.0
2025-06-12 10:16:00,73.4
2025-06-12 15:41:00,50.3160582227961
2025-06-12 03:59:00,8.5
2025-06-12 07:29:00,43.5
2025-06-12 13:20:00,50.3160582227961
2025-06-12 14:53:00,7.4
2025-06-12 00:13:00,29.6
2025-06-12 04:18:00,66.6
2025-06-12 06:24:00,66.4
2025-06-12 12:53:00,50.3160582227961
2025-06-12 00:39:00,50.3160582227961
2025-06-12 23:27:00,88.6
2025-06-12 01:42:00,58.7
2025-06-12 00:25:00,69.6
2025-06-12 23:46:00,20.0
2025-06-12 20:35:00,93.4
2025-06-12 17:41:00,50.3160582227961
2025-06-12 12:51:00,26.9
2025-06-12 15:28:00,84.9
2025-06-12 08:56:00,50.3160582227961
2025-06-12 23:59:00,50.3160582227961
2025-06-12 12:06:00,73.1
2025-06-12 10:38:00,99.9
2025-06-12 10:27:00,22.6
2025-06-12 00:06:00,3.6
2025-06-12 05:57:00,25.9
2025-06-12 10:22:00,73.0
2025-06-12 09:07:00,74.9
2025-06-12 01:04:00,21.8
2025-06-12 19:39:00,96.3
2025-06-12 08:03:00,89.9
2025-06-12 04:37:00,64.2
2025-06-12 20:16:00,15.3
2025-06-12 22:12:00,80.8
2025-06-12 18:50:00,86.8
2025-06-12 14:16:00,50.3160582227961
2025-06-12 06:33:00,28.7
2025-06-12 05:19:00,78.4
2025-06-12 13:24:00,50.3160582227961
2025-06-12 14:13:00,50.3160582227961
2025-06-12 21:00:00,51.4
2025-06-12 12:16:00,38.9
2025-06-12 16:54:00,55.7
2025-06-12 19:57:00,2.1
2025-06-12 06:52:00,50.3160582227961
2025-06-12 13:56:00,50.3160582227961
2025-06-12 19:02:00,3.0
2025-06-12 07:31:00,84.4
2025-06-12 12:22:00,4.9
2025-06-12 15:12:00,70.0
2025-06-12 00:14:00,15.2
2025-06-12 02:35:00,89.8
2025-06-12 20:44:00,33.9
2025-06-12 07:16:00,0.2
2025-06-12 21:05:00,48.2
2025-06-12 12:37:00,55.4
2025-06-12 08:32:00,50.3160582227961
2025-06-12 19:34:00,89.6
2025-06-12 14:22:00,87.6
2025-06-12 19:20:00,24.3
2025-06-12 01:49:00,34.8
2025-06-12 02:57:00,60.4
2025-06-12 07:02:00,97.0
2025-06-12 19:56:00,55.3
2025-06-12 21:19:00,99.4
2025-06-12 12:27:00,22.8
2025-06-12 18:57:00,50.3160582227961
2025-06-12 04:04:00,50.3160582227961
2025-06-12 15:13:00,71.8
2025-06-12 08:54:00,1.7
2025-06-12 00:43:00,2.3
2025-06-12 09:57:00,26.2
2025-06-12 06:54:00,16.9
2025-06-12 22:15:00,13.3
2025-06-12 00:55:00,0.2
2025-06-12 19:22:00,70.9
2025-06-12 06:20:00,47.2
2025-06-12 07:52:00,66.9
2025-06-12 22:28:00,85.8
2025-06-12 16:13:00,92.1
2025-06-12 12:09:00,58.9
2025-06-12 21:24:00,99.9
2025-06-12 22:05:00,61.7
2025-06-12 07:55:00,25.1
2025-06-12 07:05:00,40.2
2025-06-12 15:36:00,75.9
2025-06-12 19:47:00,43.4
2025-06-12 00:32:00,96.8
2025-06-12 05:24:00,54.6
2025-06-12 04:43:00,42.5
2025-06-12 21:02:00,0.8
2025-06-12 20:53:00,65.0
2025-06-12 01:11:00,65.2
2025-06-12 11:40:00,21.6
2025-06-12 19:06:00,4.1
2025-06-12 10:28:00,46.1
2025-06-12 03:30:00,54.4
2025-06-12 17:55:00,27.9
2025-06-12 02:06:00,50.3160582227961
2025-06-12 19:29:00,50.3160582227961
2025-06-12 22:41:00,45.1
2025-06-12 10:15:00,31.2
2025-06-12 06:49:00,56.7
2025-06-12 01:23:00,70.7
2025-06-12 07:49:00,46.0
2025-06-12 01:58:00,48.0
2025-06-12 01:28:00,80.1
2025-06-12 14:35:00,50.3160582227961
2025-06-12 08:23:00,8.7
2025-06-12 13:11:00,19.6
2025-06-12 18:24:00,2.4
2025-06-12 02:26:00,44.1
2025-06-12 19:38:00,80.3
2025-06-12 15:30:00,50.3160582227961
2025-06-12 22:59:00,78.2
2025-06-12 03:57:00,31.2
2025-06-12 11:08:00,44.4
2025-06-12 21:57:00,20.5
2025-06-12 16:08:00,50.3160582227961
2025-06-12 15:54:00,77.6
2025-06-12 18:44:00,55.4
2025-06-12 20:56:00,85.6
2025-06-12 20:29:00,50.3160582227961
2025-06-12 14:44:00,19.7
2025-06-12 15:38:00,46.1
2025-06-12 20:15:00,88.0
2025-06-12 23:30:00,95.9
2025-06-12 00:28:00,50.3160582227961
2025-06-12 11:09:00,70.1
2025-06-12 04:45:00,98.5
2025-06-12 05:30:00,19.9
2025-06-12 20:07:00,95.0
2025-06-12 10:01:00,50.3160582227961
2025-06-12 16:55:00,50.3160582227961
2025-06-12 05:25:00,90.6
2025-06-12 17:11:00,7.8
2025-06-12 06:44:00,34.2
2025-06-12 23:48:00,1.2
2025-06-12 04:15:00,50.3160582227961
2025-06-12 06:14:00,58.2
2025-06-12 14:43:00,46.9
2025-06-12 11:43:00,50.3160582227961
2025-06-12 21:26:00,96.4
2025-06-12 02:19:00,68.6
2025-06-12 08:02:00,89.0
2025-06-12 09:32:00,51.9
2025-06-12 05:21:00,18.5
2025-06-12 09:44:00,30.1
2025-06-12 20:39:00,98.6
2025-06-12 05:03:00,89.6
2025-06-12 22:14:00,16.2
2025-06-12 20:21:00,2.2
2025-06-12 19:05:00,96.1
2025-06-12 16:25:00,71.0
2025-06-12 02:42:00,92.1
2025-06-12 22:52:00,64.4
2025-06-12 03:53:00,7.1
2025-06-12 20:58:00,3.5
2025-06-12 21:48:00,32.4
2025-06-12 12:34:00,33.7
2025-06-12 19:25:00,3.9
2025-06-12 04:38:00,50.3160582227961
2025-06-12 17:09:00,7.9
2025-06-12 19:36:00,33.8
2025-06-12 13:48:00,26.4
2025-06-12 10:46:00,3.8
2025-06-12 13:58:00,45.7
2025-06-12 11:35:00,50.3160582227961
2025-06-12 05:50:00,41.6
2025-06-12 06:07:00,50.3160582227961
2025-06-12 10:02:00,77.4
2025-06-12 10:47:00,50.3160582227961
2025-06-12 01:01:00,98.2
2025-06-12 12:30:00,20.0
2025-06-12 04:42:00,20.0
2025-06-12 21:23:00,50.3160582227961
2025-06-12 23:32:00,6.8
2025-06-12 09:35:00,98.2
2025-06-12 10:51:00,53.5
2025-06-12 23:15:00,11.1
2025-06-12 01:06:00,88.1
2025-06-12 10:07:00,16.6
2025-06-12 01:59:00,88.5
2025-06-12 18:34:00,89.8
2025-06-12 14:51:00,94.6
2025-06-12 15:55:00,66.5
2025-06-12 03:47:00,25.4
2025-06-12 16:16:00,63.1
2025-06-12 09:56:00,63.8
2025-06-12 14:37:00,32.3
2025-06-12 18:13:00,50.3160582227961
2025-06-12 17:15:00,88.2
2025-06-12 03:31:00,39.9
2025-06-12 15:03:00,85.9
2025-06-12 20:27:00,93.6
2025-06-12 02:45:00,81.0
2025-06-12 20:13:00,18.5
2025-06-12 10:32:00,45.8
2025-06-12 12:24:00,47.1
2025-06-12 04:11:00,55.7
2025-06-12 06:45:00,39.7
2025-06-12 20:05:00,88.6
2025-06-12 21:06:00,50.3160582227961
2025-06-12 23:56:00,11.8
2025-06-12 08:31:00,46.2
2025-06-12 13:29:00,25.1
2025-06-12 19:07:00,93.0
2025-06-12 23:50:00,47.1
2025-06-12 08:13:00,71.6
2025-06-12 00:26:00,65.1
2025-06-12 06:13:00,96.8
2025-06-12 10:13:00,78.2
2025-06-12 01:27:00,27.9
2025-06-12 23:12:00,95.7
2025-06-12 02:28:00,3.0
2025-06-12 18:06:00,61.5
2025-06-12 14:46:00,8.7
2025-06-12 09:13:00,30.7
2025-06-12 05:40:00,74.8
2025-06-12 04:54:00,27.7
2025-06-12 20:48:00,37.1
2025-06-12 17:47:00,50.3
2025-06-12 12:08:00,73.4
2025-06-12 05:32:00,50.3160582227961
2025-06-12 11:21:00,62.7
2025-06-12 14:29:00,47.8
2025-06-12 00:12:00,78.8
2025-06-12 16:06:00,47.4
2025-06-12 08:22:00,39.7
2025-06-12 13:18:00,96.7
2025-06-12 03:09:00,52.4
2025-06-12 05:00:00,83.6
2025-06-12 17:44:00,70.1
2025-06-12 20:12:00,35.9
2025-06-12 04:00:00,28.0
2025-06-12 06:38:00,35.2
2025-06-12 07:15:00,5.6
2025-06-12 14:18:00,45.4
2025-06-12 08:28:00,83.2
2025-06-12 12:17:00,13.9
2025-06-12 05:20:00,50.3160582227961
2025-06-12 04:35:00,35.9
2025-06-12 23:40:00,52.6
2025-06-12 08:52:00,38.8
2025-06-12 23:16:00,80.9
2025-06-12 14:10:00,27.4
2025-06-12 08:17:00,1.0
2025-06-12 09:37:00,56.9
2025-06-12 03:45:00,93.7
2025-06-12 11:20:00,50.4
2025-06-12 12:29:00,18.0
2025-06-12 20:31:00,63.6
2025-06-12 05:39:00,91.6
2025-06-12 11:52:00,86.2
2025-06-12 20:11:00,50.3160582227961
2025-06-12 12:01:00,30.8
2025-06-12 01:21:00,82.3
2025-06-12 06:43:00,7.6
2025-06-12 03:46:00,86.8
2025-06-12 14:24:00,76.9
2025-06-12 03:11:00,49.3
2025-06-12 09:23:00,36.6
2025-06-12 02:48:00,78.9
2025-06-12 21:55:00,77.3
2025-06-12 14:58:00,26.4
2025-06-12 21:04:00,14.0
2025-06-12 21:12:00,32.7
2025-06-12 21:08:00,47.1
2025-06-12 12:23:00,87.6
2025-06-12 14:07:00,67.4
2025-06-12 05:48:00,51.6
2025-06-12 08:30:00,37.5
2025-06-12 20:25:00,86.7
2025-06-12 23:55:00,86.7
2025-06-12 14:08:00,33.4
2025-06-12 23:51:00,55.9
2025-06-12 04:55:00,56.3
2025-06-12 09:31:00,50.3160582227961
2025-06-12 03:08:00,64.5
2025-06-12 02:55:00,50.3160582227961
2025-06-12 15:56:00,88.5
2025-06-12 04:53:00,89.1
2025-06-12 10:03:00,40.1
2025-06-12 00:50:00,30.8
2025-06-12 18:11:00,36.4
2025-06-12 06:59:00,42.5
2025-06-12 15:50:00,27.1
2025-06-12 22:17:00,1.0
2025-06-12 12:52:00,74.5
2025-06-12 08:44:00,24.8
2025-06-12 09:10:00,99.6
2025-06-12 22:44:00,83.7
2025-06-12 14:03:00,72.5
2025-06-12 06:16:00,89.5
2025-06-12 16:27:00,35.7
2025-06-12 08:04:00,21.1
2025-06-12 17:13:00,78.2
2025-06-12 11:37:00,42.7
2025-06-12 09:53:00,92.3
2025-06-12 18:22:00,20.3
2025-06-12 05:45:00,16.9
2025-06-12 03:49:00,24.1
2025-06-12 18:26:00,35.0
2025-06-12 16:40:00,86.6
2025-06-12 04:00:00,19.1
2025-06-12 21:47:00,75.7
2025-06-12 06:00:00,33.4
2025-06-12 13:41:00,37.7
2025-06-12 18:57:00,23.1
2025-06-12 10:59:00,60.8
2025-06-12 09:11:00,82.2
2025-06-12 16:37:00,53.3
2025-06-12 10:44:00,50.04954009433962
2025-06-12 20:33:00,4.3
2025-06-12 14:43:00,87.4
2025-06-12 16:58:00,5.8
2025-06-12 22:16:00,97.1
2025-06-12 16:48:00,27.4
2025-06-12 16:26:00,21.3
2025-06-12 19:28:00,94.4
2025-06-12 22:59:00,27.4
2025-06-12 14:48:00,50.04954009433962
2025-06-12 03:55:00,11.9
2025-06-12 05:50:00,96.8
2025-06-12 05:15:00,75.6
2025-06-12 07:15:00,82.4
2025-06-12 03:34:00,36.3
2025-06-12 23:07:00,76.4
2025-06-12 22:57:00,30.2
2025-06-12 08:41:00,72.7
2025-06-12 09:52:00,76.6
2025-06-12 09:47:00,50.04954009433962
2025-06-12 02:03:00,94.3
2025-06-12 01:07:00,24.7
2025-06-12 23:05:00,94.6
2025-06-12 23:49:00,75.5
2025-06-12 07:43:00,4.4
2025-06-12 13:28:00,96.8
2025-06-12 01:57:00,50.04954009433962
2025-06-12 04:20:00,74.1
2025-06-12 10:01:00,69.7
2025-06-12 14:40:00,14.5
2025-06-12 13:50:00,5.1
2025-06-12 02:09:00,31.9
2025-06-12 15:41:00,15.4
2025-06-12 07:17:00,79.9
2025-06-12 18:11:00,33.9
2025-06-12 18:03:00,49.9
2025-06-12 06:13:00,60.5
2025-06-12 21:53:00,98.9
2025-06-12 18:04:00,42.1
2025-06-12 17:46:00,24.2
2025-06-12 15:55:00,50.04954009433962
2025-06-12 11:16:00,10.6
2025-06-12 02:22:00,61.5
2025-06-12 01:43:00,19.2
2025-06-12 15:38:00,50.04954009433962
2025-06-12 22:27:00,10.3
2025-06-12 17:48:00,66.7
2025-06-12 15:58:00,20.5
2025-06-12 08:07:00,58.6
2025-06-12 09:27:00,14.6
2025-06-12 07:18:00,47.1
2025-06-12 22:35:00,34.0
2025-06-12 14:51:00,79.6
2025-06-12 12:54:00,2.5
2025-06-12 05:30:00,15.8
2025-06-12 15:00:00,68.9
2025-06-12 08:24:00,50.04954009433962
2025-06-12 05:06:00,33.7
2025-06-12 02:42:00,67.1
2025-06-12 03:41:00,50.04954009433962
2025-06-12 03:52:00,38.9
2025-06-12 04:28:00,50.04954009433962
2025-06-12 16:45:00,89.1
2025-06-12 12:21:00,4.9
2025-06-12 05:59:00,97.3
2025-06-12 23:31:00,50.04954009433962
2025-06-12 20:52:00,78.0
2025-06-12 03:47:00,78.2
2025-06-12 04:13:00,90.9
2025-06-12 03:56:00,31.2
2025-06-12 13:43:00,40.6
2025-06-12 12:04:00,45.8
2025-06-12 23:55:00,91.2
2025-06-12 20:04:00,45.1
2025-06-12 07:34:00,92.5
2025-06-12 06:01:00,88.5
2025-06-12 12:03:00,50.04954009433962
2025-06-12 21:13:00,16.7
2025-06-12 01:55:00,22.6
2025-06-12 14:19:00,49.0
2025-06-12 05:55:00,54.0
2025-06-12 14:24:00,77.3
2025-06-12 14:31:00,80.7
2025-06-12 16:44:00,55.1
2025-06-12 04:10:00,50.04954009433962
2025-06-12 19:58:00,53.7
2025-06-12 10:09:00,61.7
2025-06-12 14:08:00,35.6
2025-06-12 22:08:00,55.7
2025-06-12 08:45:00,0.4
2025-06-12 00:46:00,50.6
2025-06-12 14:05:00,19.1
2025-06-12 07:31:00,96.9
2025-06-12 23:16:00,82.4
2025-06-12 22:12:00,66.5
2025-06-12 11:03:00,8.0
2025-06-12 05:03:00,98.1
2025-06-12 13:11:00,90.1
2025-06-12 23:20:00,58.1
2025-06-12 00:37:00,9.7
2025-06-12 06:11:00,1.9
2025-06-12 07:14:00,53.5
2025-06-12 01:34:00,94.6
2025-06-12 02:46:00,18.7
2025-06-12 02:36:00,50.04954009433962
2025-06-12 01:46:00,98.5
2025-06-12 10:25:00,50.04954009433962
2025-06-12 04:37:00,36.0
2025-06-12 00:43:00,42.3
2025-06-12 02:14:00,12.5
2025-06-12 00:02:00,29.4
2025-06-12 08:09:00,50.04954009433962
2025-06-12 17:52:00,78.9
2025-06-12 07:56:00,94.3
2025-06-12 00:24:00,86.3
2025-06-12 05:28:00,50.04954009433962
2025-06-12 03:33:00,32.5
2025-06-12 06:04:00,50.04954009433962
2025-06-12 01:20:00,50.04954009433962
2025-06-12 19:55:00,91.7
2025-06-12 13:34:00,38.9
2025-06-12 20:20:00,31.9
2025-06-12 05:17:00,58.6
2025-06-12 05:23:00,35.6
2025-06-12 09:30:00,86.7
2025-06-12 16:06:00,1.8
2025-06-12 19:49:00,96.6
2025-06-12 10:23:00,32.5
2025-06-12 11:26:00,77.2
2025-06-12 08:36:00,80.8
2025-06-12 00:31:00,34.6
2025-06-12 23:12:00,47.3
2025-06-12 21:12:00,21.7
2025-06-12 12:53:00,31.7
2025-06-12 08:29:00,24.5
2025-06-12 17:09:00,2.2
2025-06-12 19:21:00,87.5
2025-06-12 01:32:00,19.5
2025-06-12 10:47:00,52.5
2025-06-12 02:38:00,72.3
2025-06-12 23:30:00,9.4
2025-06-12 03:08:00,40.9
2025-06-12 11:06:00,89.6
2025-06-12 16:39:00,34.1
2025-06-12 09:06:00,67.4
2025-06-12 21:50:00,98.2
2025-06-12 03:45:00,60.7
2025-06-12 18:20:00,75.4
2025-06-12 00:41:00,42.8
2025-06-12 07:03:00,56.5
2025-06-12 18:17:00,54.1
2025-06-12 15:40:00,44.0
2025-06-12 06:45:00,46.7
2025-06-12 17:59:00,96.2
2025-06-12 01:25:00,97.2
2025-06-12 08:00:00,17.9
2025-06-12 22:51:00,50.04954009433962
2025-06-12 09:40:00,9.7
2025-06-12 21:10:00,97.1
2025-06-12 20:41:00,60.7
2025-06-12 15:11:00,6.4
2025-06-12 22:30:00,58.8
2025-06-12 13:09:00,82.5
2025-06-12 21:44:00,59.0
2025-06-12 04:52:00,70.9
2025-06-12 00:48:00,25.1
2025-06-12 13:29:00,65.3
2025-06-12 09:16:00,82.7
2025-06-12 12:16:00,21.9
2025-06-12 20:36:00,50.04954009433962
2025-06-12 06:39:00,69.4
2025-06-12 07:48:00,6.6
2025-06-12 15:36:00,91.8
2025-06-12 20:24:00,97.5
2025-06-12 20:18:00,56.4
2025-06-12 04:56:00,80.2
2025-06-12 07:10:00,50.04954009433962
2025-06-12 23:19:00,25.1
2025-06-12 09:58:00,68.1
2025-06-12 07:33:00,36.1
2025-06-12 02:40:00,0.1
2025-06-12 21:42:00,50.04954009433962
2025-06-12 03:48:00,48.5
2025-06-12 10:45:00,32.0
2025-06-12 16:01:00,76.3
2025-06-12 10:15:00,26.1
2025-06-12 11:42:00,98.9
2025-06-12 04:39:00,44.8
2025-06-12 14:03:00,35.9
2025-06-12 11:34:00,15.6
2025-06-12 15:49:00,20.7
2025-06-12 23:22:00,50.04954009433962
2025-06-12 19:54:00,50.04954009433962
2025-06-12 08:02:00,64.4
2025-06-12 08:04:00,34.9
2025-06-12 05:20:00,86.0
2025-06-12 09:07:00,19.5
2025-06-12 06:17:00,33.9
2025-06-12 00:15:00,57.7
2025-06-12 12:20:00,85.6
2025-06-12 00:14:00,50.04954009433962
2025-06-12 21:19:00,58.4
2025-06-12 17:45:00,50.04954009433962
2025-06-12 21:48:00,31.0
2025-06-12 06:55:00,59.8
2025-06-12 06:51:00,57.6
2025-06-12 12:49:00,9.8
2025-06-12 07:02:00,65.7
2025-06-12 21:06:00,50.04954009433962
2025-06-12 07:26:00,7.1
2025-06-12 14:37:00,42.6
2025-06-12 09:02:00,84.9
2025-06-12 18:45:00,41.3
2025-06-12 11:54:00,36.1
2025-06-12 10:20:00,77.8
2025-06-12 07:59:00,20.1
2025-06-12 14:42:00,76.4
2025-06-12 07:06:00,34.4
2025-06-12 02:53:00,30.8
2025-06-12 15:07:00,97.5
2025-06-12 03:25:00,41.4
2025-06-12 09:29:00,83.0
2025-06-12 14:36:00,59.0
2025-06-12 20:09:00,46.4
2025-06-12 22:47:00,18.5
2025-06-12 10:13:00,85.3
2025-06-12 00:53:00,74.8
2025-06-12 18:59:00,42.8
2025-06-12 23:44:00,50.04954009433962
2025-06-12 14:27:00,34.9
2025-06-12 15:24:00,61.7
2025-06-12 15:47:00,50.04954009433962
2025-06-12 16:15:00,61.9
2025-06-12 07:27:00,50.04954009433962
2025-06-12 06:18:00,5.2
2025-06-12 19:41:00,2.4
2025-06-12 07:20:00,30.6
2025-06-12 09:28:00,26.9
2025-06-12 05:47:00,50.04954009433962
2025-06-12 14:23:00,21.3
2025-06-12 06:05:00,32.6
2025-06-12 19:57:00,51.6
2025-06-12 21:51:00,50.04954009433962
2025-06-12 09:05:00,11.0
2025-06-12 08:50:00,50.04954009433962
2025-06-12 02:12:00,39.7
2025-06-12 20:58:00,27.4
2025-06-12 19:39:00,26.6
2025-06-12 15:14:00,50.04954009433962
2025-06-12 10:02:00,31.8
2025-06-12 20:16:00,77.4
2025-06-12 21:29:00,47.8
2025-06-12 21:37:00,2.1
2025-06-12 19:51:00,8.2
2025-06-12 18:29:00,50.04954009433962
2025-06-12 14:30:00,67.7
2025-06-12 03:09:00,20.1
2025-06-12 20:34:00,16.2
2025-06-12 13:42:00,50.04954009433962
2025-06-12 04:22:00,60.6
2025-06-12 03:37:00,54.5
2025-06-12 20:43:00,0.6
2025-06-12 23:42:00,77.6
2025-06-12 19:29:00,50.04954009433962
2025-06-12 00:00:00,26.5
2025-06-12 17:40:00,31.6
2025-06-12 13:35:00,88.8
2025-06-12 08:42:00,55.6
2025-06-12 16:17:00,73.7
2025-06-12 02:28:00,35.8
2025-06-12 15:53:00,25.5
2025-06-12 00:52:00,23.6
2025-06-12 21:28:00,50.04954009433962
2025-06-12 00:21:00,48.8
2025-06-12 18:15:00,77.7
2025-06-12 08:59:00,78.4
2025-06-12 20:11:00,92.2
2025-06-12 22:15:00,26.9
2025-06-12 01:26:00,85.2
2025-06-12 02:43:00,61.3
2025-06-12 19:52:00,6.6
2025-06-12 20:14:00,1.5
2025-06-12 18:40:00,76.0
2025-06-12 01:44:00,7.7
2025-06-12 09:13:00,50.04954009433962
2025-06-12 02:08:00,27.8
2025-06-12 09:48:00,27.2
2025-06-12 19:43:00,50.04954009433962
2025-06-12 14:17:00,36.2
2025-06-12 04:17:00,4.4
2025-06-12 16:03:00,77.4
2025-06-12 01:18:00,50.06682414078186
2025-06-12 10:44:00,93.5
2025-06-12 10:01:00,20.7
2025-06-12 03:10:00,90.9
2025-06-12 06:40:00,46.4
2025-06-12 21:08:00,68.0
2025-06-12 03:50:00,9.8
2025-06-12 11:39:00,41.7
2025-06-12 02:01:00,50.06682414078186
2025-06-12 07:32:00,72.5
2025-06-12 21:02:00,82.0
2025-06-12 21:29:00,29.5
2025-06-12 07:59:00,61.1
2025-06-12 13:14:00,95.4
2025-06-12 00:30:00,91.8
2025-06-12 15:36:00,50.06682414078186
2025-06-12 02:49:00,50.06682414078186
2025-06-12 02:15:00,12.3
2025-06-12 05:33:00,62.3
2025-06-12 08:36:00,13.4
2025-06-12 19:30:00,22.7
2025-06-12 08:10:00,79.4
2025-06-12 19:32:00,36.6
2025-06-12 22:28:00,66.8
2025-06-12 12:37:00,25.1
2025-06-12 05:14:00,3.4
2025-06-12 14:45:00,50.06682414078186
2025-06-12 11:33:00,87.2
2025-06-12 15:31:00,76.2
2025-06-12 18:02:00,80.2
2025-06-12 04:15:00,35.9
2025-06-12 20:12:00,50.06682414078186
2025-06-12 00:00:00,15.8
2025-06-12 20:37:00,12.0
2025-06-12 04:34:00,94.6
2025-06-12 07:08:00,70.5
2025-06-12 05:51:00,33.0
2025-06-12 08:04:00,80.7
2025-06-12 11:31:00,10.2
2025-06-12 05:53:00,84.7
2025-06-12 07:25:00,40.0
2025-06-12 21:43:00,89.6
2025-06-12 16:00:00,51.9
2025-06-12 01:27:00,64.0
2025-06-12 22:31:00,16.2
2025-06-12 13:15:00,25.7
2025-06-12 14:25:00,82.4
2025-06-12 22:41:00,50.06682414078186
2025-06-12 03:08:00,40.0
2025-06-12 11:34:00,22.4
2025-06-12 06:35:00,62.9
2025-06-12 00:47:00,50.6
2025-06-12 19:58:00,92.1
2025-06-12 14:28:00,68.6
2025-06-12 13:42:00,52.8
2025-06-12 07:15:00,7.5
2025-06-12 19:24:00,82.0
2025-06-12 04:14:00,7.3
2025-06-12 20:08:00,19.9
2025-06-12 19:14:00,48.1
2025-06-12 18:52:00,15.6
2025-06-12 02:14:00,95.6
2025-06-12 15:55:00,92.8
2025-06-12 16:39:00,50.06682414078186
2025-06-12 00:01:00,50.06682414078186
2025-06-12 01:06:00,52.7
2025-06-12 03:54:00,38.2
2025-06-12 16:28:00,50.06682414078186
2025-06-12 17:02:00,90.1
2025-06-12 01:51:00,75.5
2025-06-12 13:17:00,39.3
2025-06-12 10:47:00,50.06682414078186
2025-06-12 00:36:00,50.06682414078186
2025-06-12 12:22:00,69.8
2025-06-12 02:58:00,70.2
2025-06-12 01:31:00,19.9
2025-06-12 00:04:00,52.2
2025-06-12 21:07:00,27.8
2025-06-12 09:43:00,79.1
2025-06-12 22:26:00,71.5
2025-06-12 14:09:00,4.0
2025-06-12 20:35:00,41.4
2025-06-12 20:26:00,50.06682414078186
2025-06-12 06:45:00,7.2
2025-06-12 05:36:00,18.6
2025-06-12 20:54:00,64.1
2025-06-12 18:55:00,50.2
2025-06-12 00:39:00,15.0
2025-06-12 04:09:00,89.9
2025-06-12 13:56:00,69.5
2025-06-12 13:58:00,95.0
2025-06-12 05:42:00,1.2
2025-06-12 13:53:00,46.3
2025-06-12 16:16:00,50.06682414078186
2025-06-12 15:16:00,97.5
2025-06-12 09:38:00,70.5
2025-06-12 10:13:00,10.7
2025-06-12 15:04:00,22.3
2025-06-12 14:17:00,97.4
2025-06-12 08:09:00,70.9
2025-06-12 09:32:00,50.06682414078186
2025-06-12 13:26:00,98.9
2025-06-12 12:50:00,9.8
2025-06-12 04:10:00,22.4
2025-06-12 06:26:00,26.7
2025-06-12 13:32:00,77.9
2025-06-12 00:38:00,1.9
2025-06-12 06:18:00,50.06682414078186
2025-06-12 11:30:00,14.1
2025-06-12 19:35:00,47.7
2025-06-12 08:27:00,87.0
2025-06-12 23:30:00,12.9
2025-06-12 07:13:00,7.0
2025-06-12 19:17:00,12.1
2025-06-12 03:58:00,64.3
2025-06-12 06:41:00,50.06682414078186
2025-06-12 10:19:00,74.1
2025-06-12 19:47:00,43.5
2025-06-12 11:36:00,47.9
2025-06-12 14:47:00,92.5
2025-06-12 11:56:00,80.3
2025-06-12 10:36:00,67.8
2025-06-12 06:33:00,99.1
2025-06-12 16:25:00,10.9
2025-06-12 09:57:00,40.2
2025-06-12 08:20:00,99.3
2025-06-12 01:05:00,19.1
2025-06-12 06:15:00,24.9
2025-06-12 16:57:00,31.4
2025-06-12 20:39:00,57.7
2025-06-12 14:44:00,84.5
2025-06-12 07:34:00,50.06682414078186
2025-06-12 02:33:00,76.8
2025-06-12 06:47:00,80.4
2025-06-12 23:49:00,57.5
2025-06-12 22:57:00,50.06682414078186
2025-06-12 22:46:00,39.8
2025-06-12 07:01:00,35.1
2025-06-12 00:24:00,17.8
2025-06-12 12:29:00,63.7
2025-06-12 03:03:00,46.6
2025-06-12 06:29:00,47.9
2025-06-12 10:16:00,22.9
2025-06-12 11:53:00,30.7
2025-06-12 17:03:00,29.8
2025-06-12 06:25:00,88.6
2025-06-12 16:10:00,21.2
2025-06-12 22:55:00,2.5
2025-06-12 07:14:00,43.3
2025-06-12 18:04:00,50.06682414078186
2025-06-12 00:31:00,50.06682414078186
2025-06-12 06:32:00,96.3
2025-06-12 00:49:00,50.3
2025-06-12 15:59:00,50.06682414078186
2025-06-12 22:06:00,10.5
2025-06-12 13:50:00,30.9
2025-06-12 04:44:00,6.4
2025-06-12 05:31:00,87.1
2025-06-12 08:58:00,9.9
2025-06-12 03:36:00,70.9
2025-06-12 10:42:00,19.6
2025-06-12 17:39:00,96.0
2025-06-12 02:56:00,89.2
2025-06-12 02:10:00,92.6
2025-06-12 17:58:00,14.1
2025-06-12 19:12:00,35.1
2025-06-12 03:38:00,60.8
2025-06-12 08:07:00,52.7
2025-06-12 13:31:00,78.4
2025-06-12 01:12:00,50.06682414078186
2025-06-12 05:46:00,50.06682414078186
2025-06-12 19:41:00,88.2
2025-06-12 02:40:00,64.7
2025-06-12 01:36:00,30.1
2025-06-12 12:00:00,80.3
2025-06-12 15:44:00,38.8
2025-06-12 03:42:00,28.7
2025-06-12 16:32:00,54.9
2025-06-12 01:46:00,79.1
2025-06-12 18:22:00,5.3
2025-06-12 13:30:00,50.06682414078186
2025-06-12 00:35:00,9.2
2025-06-12 00:08:00,64.2
2025-06-12 18:14:00,87.3
2025-06-12 01:24:00,39.0
2025-06-12 21:56:00,21.4
2025-06-12 16:59:00,5.0
2025-06-12 20:15:00,6.0
2025-06-12 03:45:00,86.8
2025-06-12 05:32:00,82.9
2025-06-12 11:14:00,27.1
2025-06-12 07:18:00,72.1
2025-06-12 18:46:00,41.7
2025-06-12 23:03:00,47.5
2025-06-12 22:18:00,11.9
2025-06-12 12:18:00,50.0
2025-06-12 13:24:00,48.6
2025-06-12 10:39:00,32.4
2025-06-12 06:17:00,71.4
2025-06-12 18:12:00,60.5
2025-06-12 05:10:00,41.8
2025-06-12 00:16:00,4.4
2025-06-12 21:11:00,79.9
2025-06-12 06:08:00,38.7
2025-06-12 00:23:00,93.2
2025-06-12 22:37:00,5.3
2025-06-12 13:29:00,98.2
2025-06-12 15:09:00,92.0
2025-06-12 07:56:00,93.2
2025-06-12 17:45:00,52.9
2025-06-12 10:34:00,65.7
2025-06-12 08:45:00,68.9
2025-06-12 20:44:00,14.3
2025-06-12 16:54:00,50.06682414078186
2025-06-12 22:47:00,31.8
2025-06-12 09:46:00,50.06682414078186
2025-06-12 04:38:00,84.9
2025-06-12 11:06:00,71.0
2025-06-12 12:32:00,50.06682414078186
2025-06-12 16:42:00,78.7
2025-06-12 02:37:00,8.1
2025-06-12 03:21:00,50.06682414078186
2025-06-12 01:13:00,58.0
2025-06-12 03:18:00,41.1
2025-06-12 03:29:00,50.06682414078186
2025-06-12 16:45:00,30.3
2025-06-12 00:55:00,29.8
2025-06-12 02:17:00,47.9
2025-06-12 15:30:00,41.1
2025-06-12 15:22:00,50.06682414078186
2025-06-12 03:26:00,98.4
2025-06-12 23:29:00,64.6
2025-06-12 19:59:00,50.06682414078186
2025-06-12 09:20:00,77.4
2025-06-12 11:41:00,50.06682414078186
2025-06-12 21:57:00,71.5
2025-06-12 17:17:00,71.9
2025-06-12 07:06:00,28.9
2025-06-12 06:20:00,59.4
2025-06-12 14:37:00,50.06682414078186
2025-06-12 08:13:00,21.4
2025-06-12 23:27:00,52.3
2025-06-12 04:47:00,55.9
2025-06-12 00:59:00,92.5
2025-06-12 22:54:00,13.8
2025-06-12 12:35:00,98.9
2025-06-12 21:05:00,50.06682414078186
2025-06-12 03:02:00,11.7
2025-06-12 18:27:00,40.1
2025-06-12 18:33:00,56.6
2025-06-12 14:18:00,50.06682414078186
2025-06-12 08:47:00,42.7
2025-06-12 06:51:00,17.1
2025-06-12 15:40:00,81.0
2025-06-12 12:48:00,40.2
2025-06-12 00:46:00,21.1
2025-06-12 04:41:00,90.1
2025-06-12 04:48:00,78.9
2025-06-12 03:04:00,60.0
2025-06-12 20:01:00,54.6
2025-06-12 22:05:00,43.9
2025-06-12 05:04:00,4.4
2025-06-12 02:02:00,42.9
2025-06-12 11:35:00,51.6
2025-06-12 08:21:00,32.3
2025-06-12 04:13:00,81.7
2025-06-12 23:41:00,14.0
2025-06-12 18:56:00,72.1
2025-06-12 08:11:00,13.5
2025-06-12 15:54:00,64.7
2025-06-12 14:14:00,52.8
2025-06-12 18:40:00,90.8
2025-06-12 21:40:00,76.2
2025-06-12 07:40:00,27.3
2025-06-12 09:25:00,99.6
2025-06-12 00:43:00,95.1
2025-06-12 19:52:00,50.06682414078186
2025-06-12 23:42:00,26.8
2025-06-12 20:20:00,20.0
2025-06-12 09:58:00,4.2
2025-06-12 10:43:00,63.8
2025-06-12 03:52:00,55.9
2025-06-12 11:02:00,53.7
2025-06-12 00:41:00,40.7
2025-06-12 01:17:00,49.6
2025-06-12 06:43:00,30.2
2025-06-12 09:26:00,1.7
2025-06-12 16:19:00,50.06682414078186
2025-06-12 18:54:00,17.8
2025-06-12 06:31:00,92.7
2025-06-12 21:54:00,85.2
2025-06-12 04:04:00,54.2
2025-06-12 07:50:00,23.4
2025-06-12 14:53:00,16.9
2025-06-12 20:30:00,69.2
2025-06-12 03:20:00,49.378098152289034
2025-06-12 15:04:00,39.7
2025-06-12 18:04:00,94.1
2025-06-12 20:58:00,39.6
2025-06-12 12:59:00,45.6
2025-06-12 06:58:00,49.378098152289034
2025-06-12 02:53:00,37.0
2025-06-12 04:42:00,49.378098152289034
2025-06-12 14:16:00,35.5
2025-06-12 10:29:00,49.378098152289034
2025-06-12 01:10:00,41.1
2025-06-12 20:37:00,31.6
2025-06-12 06:11:00,4.2
2025-06-12 21:32:00,39.7
2025-06-12 03:28:00,49.378098152289034
2025-06-12 15:14:00,49.378098152289034
2025-06-12 19:29:00,88.0
2025-06-12 02:59:00,4.3
2025-06-12 15:09:00,49.378098152289034
2025-06-12 20:12:00,81.5
2025-06-12 08:58:00,74.0
2025-06-12 23:24:00,36.6
2025-06-12 23:16:00,49.378098152289034
2025-06-12 20:06:00,46.4
2025-06-12 19:22:00,7.9
2025-06-12 17:20:00,83.8
2025-06-12 05:24:00,38.0
2025-06-12 08:16:00,82.7
2025-06-12 15:18:00,7.0
2025-06-12 09:23:00,21.9
2025-06-12 03:01:00,17.2
2025-06-12 19:00:00,49.378098152289034
2025-06-12 06:27:00,98.9
2025-06-12 17:30:00,49.378098152289034
2025-06-12 05:08:00,76.9
2025-06-12 18:13:00,75.0
2025-06-12 04:11:00,49.378098152289034
2025-06-12 11:29:00,18.1
2025-06-12 15:47:00,49.378098152289034
2025-06-12 22:21:00,49.378098152289034
2025-06-12 21:19:00,13.5
2025-06-12 18:54:00,49.378098152289034
2025-06-12 06:19:00,49.378098152289034
2025-06-12 20:29:00,41.3
2025-06-12 03:29:00,53.3
2025-06-12 17:45:00,15.7
2025-06-12 15:22:00,47.6
2025-06-12 03:40:00,23.7
2025-06-12 05:52:00,91.0
2025-06-12 23:52:00,49.378098152289034
2025-06-12 22:16:00,48.7
2025-06-12 08:44:00,74.6
2025-06-12 08:09:00,42.4
2025-06-12 13:03:00,49.378098152289034
2025-06-12 18:23:00,83.3
2025-06-12 22:22:00,49.378098152289034
2025-06-12 20:55:00,49.378098152289034
2025-06-12 18:05:00,18.0
2025-06-12 03:39:00,3.7
2025-06-12 04:15:00,95.9
2025-06-12 08:54:00,43.2
2025-06-12 09:48:00,64.9
2025-06-12 11:35:00,52.2
2025-06-12 07:35:00,79.2
2025-06-12 03:32:00,2.7
2025-06-12 09:18:00,49.378098152289034
2025-06-12 18:40:00,49.378098152289034
2025-06-12 17:03:00,49.378098152289034
2025-06-12 07:36:00,7.4
2025-06-12 04:03:00,81.7
2025-06-12 22:47:00,49.378098152289034
2025-06-12 21:15:00,49.378098152289034
2025-06-12 09:28:00,67.3
2025-06-12 21:24:00,95.8
2025-06-12 00:08:00,62.2
2025-06-12 12:41:00,56.5
2025-06-12 18:59:00,43.8
2025-06-12 01:46:00,62.6
2025-06-12 08:11:00,53.4
2025-06-12 11:26:00,55.8
2025-06-12 10:33:00,33.6
2025-06-12 14:06:00,62.3
2025-06-12 15:31:00,1.1
2025-06-12 14:40:00,45.3
2025-06-12 07:31:00,75.4
2025-06-12 00:20:00,97.3
2025-06-12 03:46:00,85.3
2025-06-12 21:58:00,49.378098152289034
2025-06-12 23:34:00,84.5
2025-06-12 05:15:00,49.378098152289034
2025-06-12 13:53:00,49.378098152289034
2025-06-12 08:51:00,57.7
2025-06-12 04:18:00,49.378098152289034
2025-06-12 16:56:00,49.378098152289034
2025-06-12 21:06:00,68.3
2025-06-12 11:02:00,83.3
2025-06-12 17:59:00,36.4
2025-06-12 23:04:00,8.9
2025-06-12 06:04:00,65.7
2025-06-12 13:49:00,49.378098152289034
2025-06-12 21:09:00,21.1
2025-06-12 21:26:00,62.3
2025-06-12 06:01:00,49.378098152289034
2025-06-12 08:04:00,52.0
2025-06-12 08:36:00,83.4
2025-06-12 05:22:00,22.1
2025-06-12 07:40:00,49.378098152289034
2025-06-12 14:17:00,99.9
2025-06-12 09:59:00,61.9
2025-06-12 03:13:00,38.2
2025-06-12 09:31:00,9.3
2025-06-12 00:24:00,82.5
2025-06-12 04:02:00,75.8
2025-06-12 13:56:00,81.9
2025-06-12 14:13:00,30.7
2025-06-12 19:19:00,17.1
2025-06-12 16:28:00,51.4
2025-06-12 08:34:00,78.3
2025-06-12 22:05:00,26.7
2025-06-12 20:08:00,59.8
2025-06-12 14:27:00,75.4
2025-06-12 09:51:00,43.6
2025-06-12 14:52:00,71.3
2025-06-12 20:03:00,49.378098152289034
2025-06-12 23:30:00,71.1
2025-06-12 13:14:00,54.8
2025-06-12 00:22:00,23.9
2025-06-12 20:53:00,41.2
2025-06-12 10:43:00,49.378098152289034
2025-06-12 22:46:00,18.5
2025-06-12 15:56:00,49.378098152289034
2025-06-12 05:09:00,56.6
2025-06-12 11:36:00,22.3
2025-06-12 23:36:00,37.5
2025-06-12 18:33:00,65.2
2025-06-12 18:35:00,49.378098152289034
2025-06-12 22:52:00,90.3
2025-06-12 16:58:00,79.3
2025-06-12 23:27:00,5.1
2025-06-12 14:26:00,68.3
2025-06-12 14:43:00,71.9
2025-06-12 02:49:00,60.0
2025-06-12 00:48:00,83.5
2025-06-12 23:22:00,48.0
2025-06-12 06:21:00,93.8
2025-06-12 10:57:00,45.0
2025-06-12 00:57:00,93.3
2025-06-12 16:21:00,29.0
2025-06-12 11:05:00,41.5
2025-06-12 10:22:00,38.4
2025-06-12 03:30:00,76.6
2025-06-12 15:25:00,74.8
2025-06-12 16:55:00,63.8
2025-06-12 11:24:00,45.2
2025-06-12 07:59:00,49.378098152289034
2025-06-12 15:16:00,55.1
2025-06-12 17:56:00,38.2
2025-06-12 14:45:00,82.5
2025-06-12 16:49:00,49.378098152289034
2025-06-12 08:33:00,58.4
2025-06-12 05:34:00,37.9
2025-06-12 04:50:00,53.2
2025-06-12 15:37:00,49.378098152289034
2025-06-12 09:08:00,94.7
2025-06-12 12:06:00,22.3
2025-06-12 05:58:00,23.5
2025-06-12 09:11:00,16.2
2025-06-12 11:34:00,28.6
2025-06-12 04:47:00,43.4
2025-06-12 06:39:00,15.1
2025-06-12 01:14:00,21.9
2025-06-12 03:21:00,33.4
2025-06-12 03:05:00,16.3
2025-06-12 02:18:00,49.8
2025-06-12 10:31:00,79.5
2025-06-12 14:44:00,59.9
2025-06-12 21:35:00,49.378098152289034
2025-06-12 21:29:00,87.3
2025-06-12 21:21:00,46.8
2025-06-12 19:37:00,22.6
2025-06-12 20:34:00,0.8
2025-06-12 07:47:00,37.3
2025-06-12 02:56:00,18.6
2025-06-12 05:43:00,60.7
2025-06-12 13:13:00,49.378098152289034
2025-06-12 16:59:00,89.9
2025-06-12 01:30:00,49.378098152289034
2025-06-12 14:49:00,6.3
2025-06-12 15:07:00,19.0
2025-06-12 11:22:00,49.378098152289034
2025-06-12 02:29:00,49.378098152289034
2025-06-12 02:00:00,26.6
2025-06-12 19:10:00,0.0
2025-06-12 21:03:00,49.378098152289034
2025-06-12 23:21:00,3.2
2025-06-12 07:55:00,39.3
2025-06-12 07:11:00,22.8
2025-06-12 05:48:00,49.378098152289034
2025-06-12 11:41:00,73.7
2025-06-12 12:27:00,19.5
2025-06-12 01:48:00,29.3
2025-06-12 12:35:00,85.5
2025-06-12 10:03:00,57.7
2025-06-12 04:19:00,48.2
2025-06-12 21:23:00,64.1
2025-06-12 07:43:00,32.9
2025-06-12 00:19:00,29.3
2025-06-12 13:34:00,76.6
2025-06-12 11:11:00,23.9
2025-06-12 06:05:00,63.4
2025-06-12 18:30:00,31.4
2025-06-12 17:23:00,93.2
2025-06-12 03:02:00,54.8
2025-06-12 22:42:00,1.3
2025-06-12 21:07:00,30.8
2025-06-12 01:15:00,40.2
2025-06-12 23:05:00,55.5
2025-06-12 22:32:00,94.6
2025-06-12 17:50:00,23.7
2025-06-12 16:09:00,29.7
2025-06-12 21:08:00,58.3
2025-06-12 02:24:00,55.0
2025-06-12 08:00:00,6.1
2025-06-12 22:08:00,2.4
2025-06-12 23:46:00,12.3
2025-06-12 12:57:00,22.4
2025-06-12 03:11:00,13.9
2025-06-12 16:38:00,49.378098152289034
2025-06-12 00:11:00,88.2
2025-06-12 00:00:00,58.2
2025-06-12 15:30:00,18.2
2025-06-12 02:05:00,66.9
2025-06-12 23:07:00,94.2
2025-06-12 19:11:00,51.0
2025-06-12 01:11:00,2.4
2025-06-12 11:07:00,83.1
2025-06-12 18:27:00,55.2
2025-06-12 00:40:00,46.5
2025-06-12 00:10:00,29.5
2025-06-12 11:47:00,4.8
2025-06-12 01:17:00,49.378098152289034
2025-06-12 04:13:00,68.7
2025-06-12 03:08:00,71.7
2025-06-12 12:17:00,95.7
2025-06-12 16:05:00,34.8
2025-06-12 02:34:00,63.7
2025-06-12 00:02:00,96.2
2025-06-12 01:59:00,49.378098152289034
2025-06-12 06:28:00,7.0
2025-06-12 15:29:00,73.8
2025-06-12 14:28:00,75.0
2025-06-12 11:16:00,93.6
2025-06-12 16:42:00,31.0
2025-06-12 02:31:00,83.3
2025-06-12 07:18:00,68.0
2025-06-12 09:30:00,10.5
2025-06-12 06:08:00,49.378098152289034
2025-06-12 20:28:00,91.7
2025-06-12 05:17:00,21.6
2025-06-12 03:59:00,32.7
2025-06-12 22:10:00,24.0
2025-06-12 14:15:00,16.4
2025-06-12 23:58:00,28.6
2025-06-12 14:24:00,1.9
2025-06-12 01:09:00,11.9
2025-06-12 11:15:00,49.378098152289034
2025-06-12 08:50:00,24.1
2025-06-12 13:51:00,75.9
2025-06-12 09:12:00,88.1
2025-06-12 21:28:00,35.8
2025-06-12 19:30:00,86.2
2025-06-12 09:09:00,40.9
2025-06-12 01:56:00,87.4
2025-06-12 13:25:00,11.2
2025-06-12 19:59:00,49.378098152289034
2025-06-12 20:42:00,45.5
2025-06-12 11:21:00,13.1
2025-06-12 08:10:00,49.378098152289034
2025-06-12 09:19:00,49.378098152289034
2025-06-12 19:44:00,71.3
2025-06-12 17:01:00,49.378098152289034
2025-06-12 09:03:00,51.7
2025-06-12 04:28:00,9.6
2025-06-12 21:22:00,99.5
2025-06-12 14:14:00,96.8
2025-06-12 17:24:00,60.2
2025-06-12 07:33:00,23.0
2025-06-12 03:57:00,98.3
2025-06-12 12:53:00,49.378098152289034
2025-06-12 00:38:00,99.3
2025-06-12 16:14:00,49.378098152289034
2025-06-12 18:34:00,75.7
2025-06-12 02:16:00,17.6
2025-06-12 11:43:00,31.0
2025-06-12 20:30:00,57.6
2025-06-12 22:48:00,1.8
2025-06-12 19:23:00,47.1
2025-06-12 15:57:00,49.378098152289034
2025-06-12 16:06:00,16.4
2025-06-12 02:03:00,69.0
2025-06-12 06:25:00,88.7
2025-06-12 07:42:00,84.7
2025-06-12 05:23:00,11.3
2025-06-12 07:20:00,15.2
2025-06-12 10:27:00,9.8
2025-06-12 15:38:00,95.9
2025-06-12 11:56:00,98.8
2025-06-12 08:00:00,49.86672560113154
2025-06-12 08:51:00,37.7
2025-06-12 01:31:00,11.9
2025-06-12 16:07:00,9.5
2025-06-12 17:33:00,95.0
2025-06-12 23:37:00,25.5
2025-06-12 17:46:00,6.6
2025-06-12 22:54:00,69.0
2025-06-12 19:03:00,35.5
2025-06-12 23:39:00,97.0
2025-06-12 00:31:00,49.86672560113154
2025-06-12 00:30:00,57.9
2025-06-12 05:21:00,37.0
2025-06-12 06:25:00,99.7
2025-06-12 23:59:00,83.1
2025-06-12 11:39:00,49.86672560113154
2025-06-12 07:56:00,17.2
2025-06-12 20:19:00,61.5
2025-06-12 16:58:00,11.5
2025-06-12 14:52:00,69.8
2025-06-12 01:23:00,49.86672560113154
2025-06-12 09:51:00,35.6
2025-06-12 13:31:00,49.86672560113154
2025-06-12 17:13:00,79.3
2025-06-12 08:07:00,90.2
2025-06-12 04:21:00,26.4
2025-06-12 07:18:00,22.6
2025-06-12 16:35:00,95.3
2025-06-12 01:46:00,97.3
2025-06-12 12:51:00,49.86672560113154
2025-06-12 23:12:00,49.86672560113154
2025-06-12 07:11:00,2.8
2025-06-12 08:59:00,53.6
2025-06-12 19:07:00,26.9
2025-06-12 07:22:00,35.7
2025-06-12 02:15:00,60.1
2025-06-12 04:52:00,17.3
2025-06-12 14:16:00,49.86672560113154
2025-06-12 08:57:00,71.5
2025-06-12 06:27:00,15.4
2025-06-12 18:23:00,82.0
2025-06-12 05:05:00,7.0
2025-06-12 22:44:00,31.4
2025-06-12 17:05:00,61.5
2025-06-12 23:26:00,90.5
2025-06-12 13:01:00,88.8
2025-06-12 12:07:00,77.9
2025-06-12 09:23:00,49.86672560113154
2025-06-12 22:35:00,95.9
2025-06-12 18:36:00,49.86672560113154
2025-06-12 16:44:00,67.3
2025-06-12 18:17:00,49.86672560113154
2025-06-12 14:35:00,3.5
2025-06-12 04:45:00,45.8
2025-06-12 01:58:00,56.5
2025-06-12 06:48:00,49.86672560113154
2025-06-12 20:59:00,15.5
2025-06-12 03:28:00,84.7
2025-06-12 20:02:00,49.86672560113154
2025-06-12 12:32:00,53.5
2025-06-12 11:28:00,49.86672560113154
2025-06-12 00:26:00,62.3
2025-06-12 01:26:00,9.8
2025-06-12 19:41:00,21.2
2025-06-12 22:00:00,82.2
2025-06-12 20:23:00,49.86672560113154
2025-06-12 21:46:00,49.86672560113154
2025-06-12 05:12:00,49.86672560113154
2025-06-12 04:44:00,63.0
2025-06-12 05:36:00,41.6
2025-06-12 11:03:00,33.2
2025-06-12 17:29:00,97.7
2025-06-12 07:00:00,49.86672560113154
2025-06-12 12:52:00,47.5
2025-06-12 20:16:00,41.8
2025-06-12 06:10:00,54.7
2025-06-12 02:13:00,49.86672560113154
2025-06-12 17:31:00,13.1
2025-06-12 21:37:00,10.9
2025-06-12 16:32:00,46.1
2025-06-12 06:16:00,68.8
2025-06-12 04:50:00,34.6
2025-06-12 22:13:00,86.4
2025-06-12 02:36:00,70.3
2025-06-12 13:41:00,8.7
2025-06-12 19:54:00,63.5
2025-06-12 08:06:00,57.9
2025-06-12 04:35:00,15.7
2025-06-12 15:06:00,49.86672560113154
2025-06-12 17:07:00,13.3
2025-06-12 17:20:00,49.86672560113154
2025-06-12 09:49:00,2.7
2025-06-12 05:08:00,58.3
2025-06-12 18:26:00,11.8
2025-06-12 19:11:00,49.86672560113154
2025-06-12 08:46:00,97.1
2025-06-12 23:11:00,49.86672560113154
2025-06-12 16:16:00,38.5
2025-06-12 18:09:00,50.6
2025-06-12 09:41:00,37.3
2025-06-12 10:28:00,49.86672560113154
2025-06-12 21:19:00,9.3
2025-06-12 15:42:00,2.9
2025-06-12 04:18:00,4.4
2025-06-12 23:41:00,17.2
2025-06-12 00:32:00,36.8
2025-06-12 11:14:00,6.7
2025-06-12 16:01:00,57.0
2025-06-12 08:43:00,10.5
2025-06-12 01:04:00,0.9
2025-06-12 13:09:00,12.4
2025-06-12 00:51:00,14.9
2025-06-12 03:01:00,61.2
2025-06-12 13:26:00,52.0
2025-06-12 19:04:00,15.3
2025-06-12 18:46:00,45.0
2025-06-12 05:13:00,51.4
2025-06-12 23:58:00,50.8
2025-06-12 17:57:00,77.4
2025-06-12 07:30:00,49.86672560113154
2025-06-12 20:18:00,49.86672560113154
2025-06-12 16:09:00,14.2
2025-06-12 13:15:00,81.5
2025-06-12 11:06:00,77.6
2025-06-12 22:25:00,88.5
2025-06-12 11:13:00,47.7
2025-06-12 18:11:00,18.0
2025-06-12 23:22:00,88.3
2025-06-12 00:18:00,98.4
2025-06-12 12:44:00,83.8
2025-06-12 10:13:00,20.3
2025-06-12 17:06:00,25.0
2025-06-12 21:29:00,40.4
2025-06-12 04:05:00,3.9
2025-06-12 21:15:00,81.5
2025-06-12 07:21:00,61.3
2025-06-12 19:51:00,49.86672560113154
2025-06-12 11:42:00,98.6
2025-06-12 02:38:00,57.8
2025-06-12 18:45:00,18.7
2025-06-12 03:56:00,49.4
2025-06-12 23:25:00,99.4
2025-06-12 03:44:00,28.4
2025-06-12 02:52:00,7.1
2025-06-12 05:38:00,82.4
2025-06-12 08:35:00,31.8
2025-06-12 01:14:00,49.86672560113154
2025-06-12 20:10:00,94.0
2025-06-12 04:17:00,19.5
2025-06-12 11:51:00,85.1
2025-06-12 07:27:00,11.6
2025-06-12 13:53:00,24.4
2025-06-12 17:00:00,11.2
2025-06-12 18:12:00,16.8
2025-06-12 01:57:00,75.0
2025-06-12 15:15:00,42.0
2025-06-12 04:19:00,65.1
2025-06-12 10:41:00,70.2
2025-06-12 18:50:00,11.6
2025-06-12 11:09:00,72.9
2025-06-12 21:56:00,57.3
2025-06-12 15:33:00,91.5
2025-06-12 01:54:00,97.5
2025-06-12 13:56:00,31.3
2025-06-12 05:00:00,43.4
2025-06-12 08:32:00,89.6
2025-06-12 08:01:00,65.5
2025-06-12 00:22:00,49.86672560113154
2025-06-12 23:53:00,97.9
2025-06-12 20:38:00,18.7
2025-06-12 16:25:00,99.0
2025-06-12 01:00:00,49.86672560113154
2025-06-12 14:20:00,47.1
2025-06-12 16:55:00,59.4
2025-06-12 01:28:00,92.3
2025-06-12 11:34:00,63.5
2025-06-12 07:26:00,92.9
2025-06-12 18:49:00,49.86672560113154
2025-06-12 12:53:00,53.9
2025-06-12 15:58:00,77.5
2025-06-12 05:06:00,56.3
2025-06-12 14:19:00,25.4
2025-06-12 16:49:00,30.7
2025-06-12 08:44:00,85.5
2025-06-12 22:43:00,67.9
2025-06-12 02:39:00,92.7
2025-06-12 15:11:00,61.8
2025-06-12 18:43:00,44.4
2025-06-12 12:36:00,63.7
2025-06-12 01:59:00,72.5
2025-06-12 01:39:00,25.7
2025-06-12 07:06:00,71.8
2025-06-12 12:42:00,60.3
2025-06-12 10:07:00,40.8
2025-06-12 00:55:00,49.86672560113154
2025-06-12 13:35:00,73.0
2025-06-12 04:47:00,82.1
2025-06-12 05:25:00,89.0
2025-06-12 07:16:00,22.6
2025-06-12 20:47:00,37.8
2025-06-12 21:38:00,46.9
2025-06-12 08:34:00,36.0
2025-06-12 10:10:00,77.3
2025-06-12 18:44:00,52.7
2025-06-12 05:04:00,14.4
2025-06-12 04:30:00,33.9
2025-06-12 01:44:00,49.86672560113154
2025-06-12 09:35:00,19.5
2025-06-12 12:43:00,11.3
2025-06-12 22:31:00,49.86672560113154
2025-06-12 22:14:00,8.8
2025-06-12 14:41:00,49.86672560113154
2025-06-12 10:23:00,44.6
2025-06-12 20:35:00,50.9
2025-06-12 13:27:00,64.7
2025-06-12 07:31:00,77.8
2025-06-12 05:51:00,40.2
2025-06-12 06:39:00,49.86672560113154
2025-06-12 05:02:00,98.3
2025-06-12 14:53:00,7.8
2025-06-12 01:22:00,47.3
2025-06-12 09:33:00,20.2
2025-06-12 18:22:00,14.5
2025-06-12 09:13:00,59.3
2025-06-12 05:40:00,81.5
2025-06-12 17:26:00,63.6
2025-06-12 03:26:00,0.3
2025-06-12 19:06:00,53.5
2025-06-12 04:36:00,31.7
2025-06-12 03:29:00,49.86672560113154
2025-06-12 19:02:00,49.86672560113154
2025-06-12 01:37:00,1.5
2025-06-12 01:27:00,76.6
2025-06-12 23:32:00,43.0
2025-06-12 06:14:00,18.1
2025-06-12 17:23:00,49.86672560113154
2025-06-12 01:07:00,95.1
2025-06-12 20:24:00,49.86672560113154
2025-06-12 08:36:00,57.1
2025-06-12 12:50:00,49.86672560113154
2025-06-12 14:04:00,9.1
2025-06-12 16:24:00,49.86672560113154
2025-06-12 20:00:00,43.2
2025-06-12 03:06:00,87.6
2025-06-12 11:00:00,15.6
2025-06-12 18:59:00,13.5
2025-06-12 05:49:00,91.1
2025-06-12 20:37:00,49.86672560113154
2025-06-12 20:05:00,32.6
2025-06-12 19:49:00,18.1
2025-06-12 10:15:00,92.4
2025-06-12 14:54:00,13.4
2025-06-12 04:09:00,6.6
2025-06-12 09:08:00,15.0
2025-06-12 13:28:00,76.6
2025-06-12 14:13:00,29.5
2025-06-12 23:45:00,91.1
2025-06-12 05:53:00,52.1
2025-06-12 01:25:00,9.2
2025-06-12 06:04:00,41.6
2025-06-12 06:21:00,81.0
2025-06-12 17:24:00,62.4
2025-06-12 10:29:00,49.2
2025-06-12 06:29:00,76.6
2025-06-12 16:04:00,37.1
2025-06-12 16:02:00,92.0
2025-06-12 08:17:00,73.9
2025-06-12 01:05:00,64.8
2025-06-12 10:01:00,64.4
2025-06-12 06:01:00,49.86672560113154
2025-06-12 00:34:00,11.1
2025-06-12 11:16:00,49.86672560113154
2025-06-12 05:27:00,69.7
2025-06-12 18:31:00,11.2
2025-06-12 07:54:00,37.4
2025-06-12 00:59:00,40.5
2025-06-12 09:14:00,25.8
2025-06-12 21:04:00,49.86672560113154
2025-06-12 15:21:00,57.2
2025-06-12 13:02:00,11.6
2025-06-12 11:55:00,70.1
2025-06-12 18:29:00,18.1
2025-06-12 04:31:00,9.2
2025-06-12 03:47:00,28.5
2025-06-12 07:44:00,49.86672560113154
2025-06-12 23:55:00,42.6
2025-06-12 07:57:00,49.86672560113154
2025-06-12 00:07:00,31.2
2025-06-12 23:08:00,11.8
2025-06-12 10:33:00,71.4
2025-06-12 18:03:00,21.2
2025-06-12 21:30:00,56.1
2025-06-12 05:34:00,49.86672560113154
2025-06-12 12:37:00,49.86672560113154
2025-06-12 03:48:00,2.0
2025-06-12 23:51:00,42.9
2025-06-12 17:48:00,2.7
2025-06-12 08:15:00,66.1
2025-06-12 06:52:00,60.6
2025-06-12 19:37:00,21.0
2025-06-12 16:26:00,31.3
2025-06-12 00:37:00,41.3
2025-06-12 19:31:00,65.1
2025-06-12 12:48:00,50.613932505273034
2025-06-12 07:08:00,0.8
2025-06-12 10:33:00,92.6
2025-06-12 18:20:00,97.6
2025-06-12 03:01:00,41.4
2025-06-12 19:01:00,66.2
2025-06-12 04:56:00,93.5
2025-06-12 11:53:00,85.9
2025-06-12 13:54:00,32.2
2025-06-12 01:54:00,75.3
2025-06-12 05:52:00,57.2
2025-06-12 06:56:00,88.1
2025-06-12 22:06:00,5.1
2025-06-12 06:38:00,82.3
2025-06-12 13:28:00,5.5
2025-06-12 20:35:00,89.3
2025-06-12 13:51:00,50.613932505273034
2025-06-12 11:21:00,68.4
2025-06-12 22:16:00,50.613932505273034
2025-06-12 01:12:00,16.2
2025-06-12 17:04:00,41.4
2025-06-12 01:13:00,3.4
2025-06-12 21:15:00,50.613932505273034
2025-06-12 14:23:00,47.7
2025-06-12 13:50:00,4.6
2025-06-12 06:57:00,1.3
2025-06-12 17:12:00,68.7
2025-06-12 06:12:00,50.613932505273034
2025-06-12 11:13:00,89.9
2025-06-12 16:45:00,96.9
2025-06-12 21:44:00,69.5
2025-06-12 18:00:00,96.7
2025-06-12 12:36:00,50.613932505273034
2025-06-12 19:27:00,39.2
2025-06-12 02:04:00,0.4
2025-06-12 05:41:00,39.0
2025-06-12 13:22:00,13.2
2025-06-12 08:44:00,44.2
2025-06-12 03:28:00,18.5
2025-06-12 00:34:00,27.2
2025-06-12 15:52:00,61.5
2025-06-12 15:05:00,59.4
2025-06-12 02:55:00,17.6
2025-06-12 03:38:00,14.7
2025-06-12 09:26:00,49.1
2025-06-12 11:14:00,36.7
2025-06-12 05:56:00,62.3
2025-06-12 17:05:00,54.6
2025-06-12 13:00:00,19.7
2025-06-12 17:50:00,91.7
2025-06-12 10:55:00,18.8
2025-06-12 09:21:00,87.1
2025-06-12 23:26:00,39.0
2025-06-12 13:35:00,43.8
2025-06-12 11:45:00,0.4
2025-06-12 04:45:00,50.613932505273034
2025-06-12 13:42:00,50.613932505273034
2025-06-12 01:57:00,99.6
2025-06-12 21:09:00,59.7
2025-06-12 14:27:00,32.2
2025-06-12 14:49:00,50.613932505273034
2025-06-12 14:04:00,94.6
2025-06-12 07:10:00,52.1
2025-06-12 00:32:00,77.0
2025-06-12 07:16:00,70.5
2025-06-12 02:43:00,2.8
2025-06-12 13:56:00,47.0
2025-06-12 15:54:00,75.4
2025-06-12 23:53:00,76.7
2025-06-12 11:52:00,47.3
2025-06-12 07:20:00,94.2
2025-06-12 14:19:00,14.8
2025-06-12 09:09:00,7.2
2025-06-12 09:41:00,6.0
2025-06-12 15:23:00,68.7
2025-06-12 14:29:00,7.4
2025-06-12 13:32:00,4.1
2025-06-12 12:32:00,27.2
2025-06-12 15:59:00,82.8
2025-06-12 06:34:00,68.3
2025-06-12 17:02:00,39.6
2025-06-12 18:22:00,10.6
2025-06-12 11:42:00,56.4
2025-06-12 01:02:00,59.7
2025-06-12 15:51:00,50.613932505273034
2025-06-12 06:24:00,5.6
2025-06-12 06:01:00,42.1
2025-06-12 21:01:00,17.8
2025-06-12 02:10:00,60.8
2025-06-12 14:38:00,50.613932505273034
2025-06-12 03:33:00,88.0
2025-06-12 17:20:00,67.5
2025-06-12 22:02:00,28.9
2025-06-12 18:23:00,95.7
2025-06-12 06:49:00,32.0
2025-06-12 06:11:00,50.613932505273034
2025-06-12 03:21:00,13.6
2025-06-12 00:58:00,26.8
2025-06-12 14:42:00,24.5
2025-06-12 12:18:00,31.8
2025-06-12 18:33:00,13.9
2025-06-12 11:15:00,35.8
2025-06-12 16:39:00,64.2
2025-06-12 03:34:00,44.5
2025-06-12 14:20:00,9.4
2025-06-12 05:39:00,46.4
2025-06-12 05:54:00,93.7
2025-06-12 08:16:00,44.6
2025-06-12 08:30:00,85.4
2025-06-12 00:12:00,50.613932505273034
2025-06-12 10:13:00,89.9
2025-06-12 07:31:00,52.8
2025-06-12 04:34:00,15.0
2025-06-12 09:37:00,38.6
2025-06-12 18:07:00,45.7
2025-06-12 20:57:00,81.9
2025-06-12 09:17:00,39.9
2025-06-12 08:10:00,2.6
2025-06-12 21:18:00,72.6
2025-06-12 18:42:00,64.1
2025-06-12 01:00:00,78.3
2025-06-12 03:48:00,33.6
2025-06-12 13:02:00,36.9
2025-06-12 12:00:00,51.7
2025-06-12 11:31:00,18.5
2025-06-12 23:15:00,42.6
2025-06-12 18:28:00,25.8
2025-06-12 20:19:00,50.613932505273034
2025-06-12 13:07:00,94.4
2025-06-12 04:41:00,97.3
2025-06-12 09:18:00,91.0
2025-06-12 19:33:00,50.613932505273034
2025-06-12 05:19:00,31.0
2025-06-12 00:01:00,2.0
2025-06-12 05:47:00,42.2
2025-06-12 14:41:00,10.8
2025-06-12 19:16:00,50.613932505273034
2025-06-12 23:42:00,35.5
2025-06-12 06:10:00,28.1
2025-06-12 15:32:00,50.613932505273034
2025-06-12 03:07:00,20.7
2025-06-12 22:32:00,34.5
2025-06-12 08:03:00,50.613932505273034
2025-06-12 10:35:00,25.8
2025-06-12 18:25:00,50.613932505273034
2025-06-12 15:34:00,50.613932505273034
2025-06-12 05:18:00,50.613932505273034
2025-06-12 20:37:00,85.0
2025-06-12 12:11:00,50.613932505273034
2025-06-12 18:43:00,50.613932505273034
2025-06-12 19:36:00,50.613932505273034
2025-06-12 02:01:00,18.8
2025-06-12 13:44:00,50.613932505273034
2025-06-12 22:35:00,42.0
2025-06-12 12:08:00,54.9
2025-06-12 22:10:00,57.3
2025-06-12 12:54:00,54.7
2025-06-12 05:25:00,80.7
2025-06-12 15:08:00,75.3
2025-06-12 15:49:00,53.9
2025-06-12 09:07:00,99.8
2025-06-12 19:54:00,47.4
2025-06-12 04:16:00,39.6
2025-06-12 01:42:00,74.0
2025-06-12 06:28:00,89.8
2025-06-12 22:15:00,5.3
2025-06-12 13:33:00,83.8
2025-06-12 22:24:00,50.9
2025-06-12 23:41:00,41.7
2025-06-12 11:06:00,28.0
2025-06-12 04:39:00,50.613932505273034
2025-06-12 22:12:00,52.7
2025-06-12 06:42:00,23.9
2025-06-12 01:15:00,96.6
2025-06-12 19:18:00,24.7
2025-06-12 00:05:00,87.8
2025-06-12 16:05:00,32.3
2025-06-12 23:22:00,50.5
2025-06-12 02:40:00,81.1
2025-06-12 23:30:00,50.613932505273034
2025-06-12 19:30:00,37.2
2025-06-12 00:41:00,52.3
2025-06-12 01:22:00,4.1
2025-06-12 20:48:00,50.613932505273034
2025-06-12 06:58:00,44.1
2025-06-12 08:51:00,5.4
2025-06-12 10:20:00,50.613932505273034
2025-06-12 04:01:00,72.4
2025-06-12 05:22:00,4.7
2025-06-12 06:45:00,41.7
2025-06-12 14:57:00,28.7
2025-06-12 20:46:00,3.1
2025-06-12 22:31:00,50.613932505273034
2025-06-12 04:04:00,85.3
2025-06-12 04:21:00,98.9
2025-06-12 12:01:00,50.613932505273034
2025-06-12 20:54:00,68.8
2025-06-12 16:38:00,16.6
2025-06-12 12:55:00,50.613932505273034
2025-06-12 16:17:00,42.7
2025-06-12 13:17:00,50.613932505273034
2025-06-12 17:56:00,72.9
2025-06-12 11:16:00,93.4
2025-06-12 23:48:00,64.6
2025-06-12 19:50:00,87.4
2025-06-12 14:30:00,63.2
2025-06-12 14:50:00,20.4
2025-06-12 03:31:00,56.3
2025-06-12 02:16:00,50.613932505273034
2025-06-12 19:44:00,68.7
2025-06-12 19:53:00,60.7
2025-06-12 22:34:00,89.2
2025-06-12 11:29:00,50.613932505273034
2025-06-12 03:54:00,1.3
2025-06-12 17:08:00,19.9
2025-06-12 00:06:00,44.6
2025-06-12 09:31:00,83.1
2025-06-12 23:02:00,85.8
2025-06-12 22:01:00,89.4
2025-06-12 17:03:00,82.5
2025-06-12 00:57:00,23.1
2025-06-12 01:48:00,99.7
2025-06-12 08:06:00,10.6
2025-06-12 07:46:00,13.3
2025-06-12 00:47:00,19.7
2025-06-12 02:29:00,58.7
2025-06-12 08:20:00,50.613932505273034
2025-06-12 01:16:00,50.613932505273034
2025-06-12 21:02:00,93.5
2025-06-12 22:07:00,50.613932505273034
2025-06-12 18:04:00,99.1
2025-06-12 23:06:00,64.3
2025-06-12 02:32:00,24.6
2025-06-12 14:37:00,41.2
2025-06-12 09:53:00,78.6
2025-06-12 04:48:00,68.3
2025-06-12 04:07:00,36.7
2025-06-12 16:41:00,70.1
2025-06-12 19:24:00,34.0
2025-06-12 20:05:00,80.9
2025-06-12 12:39:00,47.8
2025-06-12 01:14:00,95.0
2025-06-12 05:38:00,37.4
2025-06-12 20:01:00,50.613932505273034
2025-06-12 11:54:00,25.0
2025-06-12 21:34:00,59.7
2025-06-12 16:58:00,9.8
2025-06-12 09:03:00,98.9
2025-06-12 07:30:00,50.613932505273034
2025-06-12 12:42:00,58.7
2025-06-12 16:54:00,66.9
2025-06-12 08:18:00,88.1
2025-06-12 03:05:00,11.9
2025-06-12 00:38:00,19.2
2025-06-12 05:24:00,94.3
2025-06-12 21:51:00,8.0
2025-06-12 23:13:00,59.0
2025-06-12 00:30:00,50.613932505273034
2025-06-12 22:00:00,34.2
2025-06-12 02:54:00,59.3
2025-06-12 21:04:00,4.1
2025-06-12 10:47:00,83.0
2025-06-12 21:52:00,63.2
2025-06-12 09:12:00,52.0
2025-06-12 03:45:00,44.6
2025-06-12 04:14:00,79.6
2025-06-12 18:29:00,12.0
2025-06-12 09:40:00,89.9
2025-06-12 07:09:00,28.2
2025-06-12 20:47:00,61.2
2025-06-12 02:22:00,45.8
2025-06-12 03:04:00,87.1
2025-06-12 15:02:00,53.6
2025-06-12 10:32:00,29.5
2025-06-12 01:32:00,73.1
2025-06-12 12:50:00,50.613932505273034
2025-06-12 15:17:00,23.2
2025-06-12 11:40:00,50.613932505273034
2025-06-12 15:56:00,71.6
2025-06-12 05:04:00,9.7
2025-06-12 07:34:00,50.3
2025-06-12 21:12:00,28.8
2025-06-12 22:47:00,50.613932505273034
2025-06-12 20:10:00,18.1
2025-06-12 17:41:00,37.3
2025-06-12 06:43:00,87.4
2025-06-12 03:51:00,36.7
2025-06-12 09:06:00,98.4
2025-06-12 16:06:00,34.4
2025-06-12 08:07:00,33.9
2025-06-12 22:03:00,30.5
2025-06-12 17:18:00,24.6
2025-06-12 20:44:00,37.0
2025-06-12 07:56:00,56.7
2025-06-12 03:43:00,39.0
2025-06-12 10:57:00,50.613932505273034
2025-06-12 13:52:00,35.1
2025-06-12 18:47:00,79.1
2025-06-12 04:25:00,90.9
2025-06-12 23:20:00,77.1
2025-06-12 01:17:00,56.9
2025-06-12 22:56:00,81.4
2025-06-12 08:39:00,88.5
2025-06-12 15:24:00,12.3
2025-06-12 18:31:00,41.3
2025-06-12 11:26:00,0.9
2025-06-12 05:07:00,5.1
2025-06-12 08:41:00,18.0
2025-06-12 10:25:00,96.3
2025-06-12 16:40:00,39.7
2025-06-12 07:10:00,35.8
2025-06-12 21:59:00,52.6
2025-06-12 16:09:00,50.17195767195767
2025-06-12 01:36:00,18.6
2025-06-12 16:31:00,13.0
2025-06-12 14:24:00,18.5
2025-06-12 15:01:00,49.0
2025-06-12 10:18:00,14.9
2025-06-12 12:15:00,45.6
2025-06-12 19:25:00,41.4
2025-06-12 04:39:00,33.3
2025-06-12 16:12:00,50.17195767195767
2025-06-12 12:05:00,2.6
2025-06-12 14:54:00,67.5
2025-06-12 16:30:00,83.6
2025-06-12 05:00:00,30.2
2025-06-12 06:15:00,23.3
2025-06-12 01:54:00,71.2
2025-06-12 05:13:00,11.2
2025-06-12 16:25:00,50.17195767195767
2025-06-12 05:42:00,76.5
2025-06-12 04:45:00,57.4
2025-06-12 17:49:00,50.4
2025-06-12 07:29:00,0.1
2025-06-12 05:44:00,6.2
2025-06-12 10:45:00,76.3
2025-06-12 09:03:00,4.3
2025-06-12 07:48:00,50.17195767195767
2025-06-12 07:51:00,86.9
2025-06-12 12:14:00,50.17195767195767
2025-06-12 13:44:00,50.17195767195767
2025-06-12 19:57:00,42.5
2025-06-12 07:19:00,50.17195767195767
2025-06-12 06:20:00,44.9
2025-06-12 14:15:00,36.2
2025-06-12 13:00:00,54.9
2025-06-12 11:54:00,59.1
2025-06-12 08:30:00,50.17195767195767
2025-06-12 00:40:00,62.7
2025-06-12 13:04:00,47.8
2025-06-12 15:33:00,50.17195767195767
2025-06-12 15:17:00,55.1
2025-06-12 13:36:00,34.4
2025-06-12 03:48:00,68.6
2025-06-12 15:53:00,62.0
2025-06-12 07:38:00,93.1
2025-06-12 01:30:00,3.3
2025-06-12 11:10:00,67.9
2025-06-12 02:49:00,50.17195767195767
2025-06-12 16:00:00,65.0
2025-06-12 06:56:00,25.7
2025-06-12 19:33:00,24.7
2025-06-12 00:26:00,49.7
2025-06-12 16:54:00,67.0
2025-06-12 18:11:00,59.1
2025-06-12 21:20:00,67.2
2025-06-12 01:31:00,31.2
2025-06-12 08:55:00,58.4
2025-06-12 14:31:00,4.2
2025-06-12 03:30:00,50.17195767195767
2025-06-12 21:51:00,50.17195767195767
2025-06-12 10:06:00,46.9
2025-06-12 01:09:00,90.9
2025-06-12 06:44:00,42.8
2025-06-12 06:35:00,63.5
2025-06-12 03:20:00,28.1
2025-06-12 06:30:00,50.17195767195767
2025-06-12 19:56:00,6.5
2025-06-12 12:12:00,81.9
2025-06-12 16:01:00,50.17195767195767
2025-06-12 04:55:00,25.7
2025-06-12 13:10:00,97.5
2025-06-12 04:50:00,29.7
2025-06-12 06:18:00,30.3
2025-06-12 19:47:00,50.17195767195767
2025-06-12 03:47:00,50.17195767195767
2025-06-12 21:42:00,40.8
2025-06-12 15:14:00,53.6
2025-06-12 01:11:00,89.1
2025-06-12 07:30:00,82.6
2025-06-12 05:26:00,28.5
2025-06-12 00:10:00,50.17195767195767
2025-06-12 22:18:00,62.9
2025-06-12 03:39:00,18.4
2025-06-12 10:56:00,19.7
2025-06-12 22:39:00,50.17195767195767
2025-06-12 15:16:00,13.7
2025-06-12 07:07:00,50.17195767195767
2025-06-12 05:17:00,96.3
2025-06-12 22:30:00,50.17195767195767
2025-06-12 20:27:00,61.1
2025-06-12 23:18:00,37.3
2025-06-12 08:11:00,62.6
2025-06-12 02:35:00,50.17195767195767
2025-06-12 17:16:00,68.8
2025-06-12 13:57:00,50.7
2025-06-12 13:01:00,63.0
2025-06-12 18:48:00,56.6
2025-06-12 13:37:00,76.4
2025-06-12 21:33:00,67.9
2025-06-12 01:16:00,77.6
2025-06-12 08:07:00,32.5
2025-06-12 23:33:00,50.17195767195767
2025-06-12 13:55:00,31.6
2025-06-12 14:21:00,57.0
2025-06-12 07:35:00,72.0
2025-06-12 07:50:00,82.1
2025-06-12 08:35:00,97.7
2025-06-12 08:26:00,50.17195767195767
2025-06-12 19:01:00,46.6
2025-06-12 14:20:00,20.6
2025-06-12 02:21:00,47.8
2025-06-12 10:36:00,21.5
2025-06-12 00:56:00,7.2
2025-06-12 10:32:00,81.4
2025-06-12 05:45:00,50.17195767195767
2025-06-12 03:32:00,90.3
2025-06-12 21:10:00,38.4
2025-06-12 10:24:00,50.17195767195767
2025-06-12 06:55:00,50.17195767195767
2025-06-12 13:39:00,34.2
2025-06-12 04:14:00,50.17195767195767
2025-06-12 00:39:00,22.3
2025-06-12 20:49:00,90.8
2025-06-12 12:42:00,5.9
2025-06-12 11:49:00,73.6
2025-06-12 04:26:00,50.17195767195767
2025-06-12 23:51:00,25.3
2025-06-12 09:31:00,30.3
2025-06-12 04:31:00,90.9
2025-06-12 07:37:00,12.4
2025-06-12 02:01:00,50.17195767195767
2025-06-12 13:07:00,86.2
2025-06-12 14:58:00,19.6
2025-06-12 01:34:00,86.1
2025-06-12 11:46:00,84.8
2025-06-12 11:24:00,50.17195767195767
2025-06-12 04:29:00,16.0
2025-06-12 03:46:00,55.9
2025-06-12 07:04:00,76.9
2025-06-12 11:02:00,25.7
2025-06-12 10:03:00,50.17195767195767
2025-06-12 13:49:00,50.17195767195767
2025-06-12 06:16:00,48.7
2025-06-12 17:18:00,8.9
2025-06-12 11:11:00,77.7
2025-06-12 16:08:00,8.0
2025-06-12 03:55:00,50.17195767195767
2025-06-12 02:07:00,17.9
2025-06-12 20:00:00,86.9
2025-06-12 04:19:00,76.3
2025-06-12 01:50:00,46.1
2025-06-12 03:27:00,82.5
2025-06-12 02:57:00,45.5
2025-06-12 03:08:00,69.8
2025-06-12 04:40:00,35.7
2025-06-12 19:14:00,60.5
2025-06-12 11:15:00,50.17195767195767
2025-06-12 09:36:00,50.17195767195767
2025-06-12 03:25:00,6.3
2025-06-12 16:52:00,50.17195767195767
2025-06-12 16:36:00,10.7
2025-06-12 04:01:00,74.3
2025-06-12 04:47:00,32.2
2025-06-12 14:52:00,50.17195767195767
2025-06-12 08:47:00,76.1
2025-06-12 00:29:00,43.6
2025-06-12 12:06:00,89.1
2025-06-12 16:28:00,40.4
2025-06-12 04:04:00,21.6
2025-06-12 15:58:00,62.1
2025-06-12 02:14:00,50.17195767195767
2025-06-12 23:00:00,91.2
2025-06-12 18:28:00,24.9
2025-06-12 21:15:00,48.6
2025-06-12 05:29:00,49.7
2025-06-12 17:50:00,77.7
2025-06-12 07:41:00,29.2
2025-06-12 12:49:00,92.9
2025-06-12 11:42:00,56.8
2025-06-12 16:06:00,9.6
2025-06-12 14:23:00,50.17195767195767
2025-06-12 21:50:00,12.3
2025-06-12 06:52:00,87.1
2025-06-12 11:34:00,25.9
2025-06-12 10:04:00,54.0
2025-06-12 07:25:00,21.5
2025-06-12 03:49:00,57.0
2025-06-12 02:15:00,50.17195767195767
2025-06-12 23:59:00,46.0
2025-06-12 18:51:00,80.3
2025-06-12 19:53:00,31.4
2025-06-12 06:47:00,62.5
2025-06-12 18:04:00,42.0
2025-06-12 10:58:00,81.9
2025-06-12 13:46:00,3.1
2025-06-12 23:34:00,62.7
2025-06-12 21:43:00,50.17195767195767
2025-06-12 16:21:00,90.6
2025-06-12 01:32:00,67.4
2025-06-12 19:37:00,34.3
2025-06-12 18:41:00,83.4
2025-06-12 16:04:00,48.4
2025-06-12 02:58:00,67.9
2025-06-12 07:13:00,15.9
2025-06-12 21:11:00,11.5
2025-06-12 09:09:00,52.4
2025-06-12 03:21:00,56.3
2025-06-12 17:30:00,15.3
2025-06-12 09:29:00,19.3
2025-06-12 04:32:00,50.17195767195767
2025-06-12 11:18:00,73.5
2025-06-12 15:26:00,86.2
2025-06-12 12:55:00,44.7
2025-06-12 05:14:00,42.0
2025-06-12 10:01:00,68.2
2025-06-12 14:56:00,32.6
2025-06-12 06:53:00,31.4
2025-06-12 17:21:00,69.8
2025-06-12 06:12:00,12.1
2025-06-12 21:52:00,60.3
2025-06-12 12:32:00,77.0
2025-06-12 03:02:00,50.17195767195767
2025-06-12 18:50:00,18.3
2025-06-12 19:41:00,68.8
2025-06-12 09:39:00,71.1
2025-06-12 04:27:00,30.5
2025-06-12 09:40:00,56.1
2025-06-12 18:13:00,13.1
2025-06-12 18:01:00,77.2
2025-06-12 07:17:00,40.0
2025-06-12 20:52:00,32.5
2025-06-12 22:46:00,76.1
2025-06-12 08:34:00,50.17195767195767
2025-06-12 18:33:00,59.1
2025-06-12 20:02:00,10.8
2025-06-12 03:53:00,83.1
2025-06-12 01:20:00,23.5
2025-06-12 14:59:00,30.0
2025-06-12 07:58:00,62.6
2025-06-12 03:28:00,66.4
2025-06-12 08:44:00,58.7
2025-06-12 15:13:00,22.6
2025-06-12 06:01:00,3.5
2025-06-12 22:01:00,70.1
2025-06-12 10:21:00,16.3
2025-06-12 16:55:00,56.2
2025-06-12 23:36:00,69.6
2025-06-12 21:08:00,50.17195767195767
2025-06-12 21:55:00,51.4
2025-06-12 17:00:00,91.1
2025-06-12 05:56:00,50.3
2025-06-12 12:34:00,25.2
2025-06-12 01:06:00,90.9
2025-06-12 22:36:00,99.4
2025-06-12 10:10:00,90.3
2025-06-12 20:36:00,1.7
2025-06-12 20:08:00,9.3
2025-06-12 03:59:00,48.5
2025-06-12 10:44:00,56.8
2025-06-12 09:25:00,6.5
2025-06-12 21:36:00,68.8
2025-06-12 23:32:00,49.2
2025-06-12 13:09:00,74.5
2025-06-12 09:06:00,30.6
2025-06-12 19:34:00,28.1
2025-06-12 18:12:00,50.17195767195767
2025-06-12 23:40:00,61.4
2025-06-12 21:02:00,68.4
2025-06-12 21:03:00,71.1
2025-06-12 22:00:00,47.4
2025-06-12 06:22:00,31.8
2025-06-12 09:37:00,19.7
2025-06-12 10:57:00,50.17195767195767
2025-06-12 14:06:00,21.5
2025-06-12 10:55:00,84.6
2025-06-12 03:15:00,18.0
2025-06-12 09:14:00,91.7
2025-06-12 07:34:00,50.8
2025-06-12 21:39:00,26.6
2025-06-12 03:34:00,81.5
2025-06-12 12:08:00,32.3
2025-06-12 00:38:00,88.9
2025-06-12 07:44:00,18.7
2025-06-12 12:41:00,46.4
2025-06-12 06:14:00,96.8
2025-06-12 22:42:00,95.4
2025-06-12 23:13:00,56.7
2025-06-12 20:33:00,54.7
2025-06-12 20:11:00,12.8
2025-06-12 03:11:00,45.2
2025-06-12 02:19:00,87.6
2025-06-12 02:39:00,33.8
2025-06-12 03:52:00,84.4
2025-06-12 14:45:00,65.0
2025-06-12 14:03:00,41.7
2025-06-12 15:35:00,72.0
2025-06-12 11:40:00,60.2
2025-06-12 05:51:00,20.7
2025-06-12 19:30:00,90.0
2025-06-12 16:53:00,14.1
2025-06-12 20:43:00,49.69252501471454
2025-06-12 13:25:00,37.8
2025-06-12 11:30:00,49.69252501471454
2025-06-12 10:18:00,31.4
2025-06-12 22:10:00,81.6
2025-06-12 10:31:00,28.2
2025-06-12 23:09:00,30.2
2025-06-12 14:07:00,60.4
2025-06-12 15:22:00,70.6
2025-06-12 18:36:00,17.8
2025-06-12 18:43:00,26.7
2025-06-12 16:34:00,85.5
2025-06-12 14:22:00,95.2
2025-06-12 23:25:00,68.4
2025-06-12 06:27:00,24.6
2025-06-12 21:01:00,49.69252501471454
2025-06-12 00:08:00,14.5
2025-06-12 10:29:00,2.5
2025-06-12 09:58:00,25.4
2025-06-12 17:07:00,49.69252501471454
2025-06-12 03:01:00,34.7
2025-06-12 02:27:00,61.3
2025-06-12 19:53:00,93.1
2025-06-12 15:26:00,90.6
2025-06-12 23:27:00,44.2
2025-06-12 06:28:00,49.69252501471454
2025-06-12 12:32:00,49.69252501471454
2025-06-12 09:31:00,71.2
2025-06-12 04:19:00,97.9
2025-06-12 07:27:00,68.3
2025-06-12 07:31:00,4.2
2025-06-12 12:18:00,49.69252501471454
2025-06-12 08:40:00,17.2
2025-06-12 18:31:00,94.4
2025-06-12 01:26:00,89.1
2025-06-12 18:30:00,33.4
2025-06-12 17:04:00,49.69252501471454
2025-06-12 19:27:00,89.1
2025-06-12 13:59:00,73.9
2025-06-12 13:18:00,90.0
2025-06-12 22:12:00,84.1
2025-06-12 23:16:00,75.3
2025-06-12 03:23:00,56.1
2025-06-12 21:39:00,65.3
2025-06-12 05:25:00,37.8
2025-06-12 05:44:00,56.0
2025-06-12 22:29:00,63.3
2025-06-12 22:25:00,57.9
2025-06-12 04:43:00,83.2
2025-06-12 02:00:00,47.7
2025-06-12 16:08:00,97.2
2025-06-12 14:51:00,49.69252501471454
2025-06-12 19:44:00,9.6
2025-06-12 08:04:00,20.1
2025-06-12 02:17:00,49.69252501471454
2025-06-12 04:03:00,79.7
2025-06-12 22:20:00,26.4
2025-06-12 21:12:00,48.6
2025-06-12 18:18:00,7.4
2025-06-12 09:42:00,49.69252501471454
2025-06-12 22:56:00,42.9
2025-06-12 15:52:00,18.9
2025-06-12 09:33:00,73.1
2025-06-12 16:31:00,90.8
2025-06-12 10:37:00,73.7
2025-06-12 23:20:00,37.9
2025-06-12 00:10:00,5.7
2025-06-12 06:12:00,49.69252501471454
2025-06-12 21:42:00,71.0
2025-06-12 20:30:00,32.6
2025-06-12 08:31:00,2.7
2025-06-12 10:00:00,49.69252501471454
2025-06-12 13:29:00,4.2
2025-06-12 17:47:00,21.8
2025-06-12 20:47:00,49.69252501471454
2025-06-12 14:52:00,25.9
2025-06-12 12:23:00,42.5
2025-06-12 23:59:00,33.7
2025-06-12 21:24:00,49.69252501471454
2025-06-12 14:11:00,17.2
2025-06-12 04:07:00,49.69252501471454
2025-06-12 17:02:00,37.4
2025-06-12 15:51:00,17.6
2025-06-12 05:09:00,82.6
2025-06-12 14:18:00,33.2
2025-06-12 11:38:00,88.1
2025-06-12 02:49:00,35.6
2025-06-12 01:06:00,41.4
2025-06-12 01:17:00,50.3
2025-06-12 01:14:00,29.2
2025-06-12 04:26:00,49.69252501471454
2025-06-12 23:24:00,37.3
2025-06-12 02:53:00,49.69252501471454
2025-06-12 08:32:00,1.5
2025-06-12 03:46:00,49.69252501471454
2025-06-12 20:54:00,67.5
2025-06-12 07:06:00,1.1
2025-06-12 04:40:00,96.2
2025-06-12 16:11:00,49.69252501471454
2025-06-12 17:59:00,78.5
2025-06-12 00:14:00,3.4
2025-06-12 04:53:00,51.5
2025-06-12 08:14:00,81.2
2025-06-12 10:10:00,94.6
2025-06-12 17:00:00,94.6
2025-06-12 22:36:00,41.8
2025-06-12 17:50:00,70.3
2025-06-12 02:46:00,38.0
2025-06-12 22:05:00,38.0
2025-06-12 02:13:00,39.6
2025-06-12 10:33:00,58.5
2025-06-12 14:04:00,48.9
2025-06-12 21:58:00,19.0
2025-06-12 23:29:00,87.5
2025-06-12 21:49:00,35.2
2025-06-12 12:31:00,60.5
2025-06-12 02:26:00,80.5
2025-06-12 13:39:00,49.69252501471454
2025-06-12 04:49:00,8.5
2025-06-12 10:01:00,49.69252501471454
2025-06-12 00:57:00,95.6
2025-06-12 18:05:00,39.8
2025-06-12 13:02:00,74.5
2025-06-12 01:09:00,10.5
2025-06-12 19:39:00,19.7
2025-06-12 00:25:00,49.69252501471454
2025-06-12 01:19:00,67.7
2025-06-12 13:00:00,34.3
2025-06-12 21:51:00,98.3
2025-06-12 07:07:00,60.5
2025-06-12 16:40:00,12.4
2025-06-12 15:42:00,63.2
2025-06-12 03:55:00,88.9
2025-06-12 08:17:00,98.2
2025-06-12 09:44:00,31.6
2025-06-12 18:11:00,92.1
2025-06-12 09:53:00,63.0
2025-06-12 16:00:00,81.5
2025-06-12 05:58:00,56.2
2025-06-12 18:01:00,51.4
2025-06-12 12:40:00,63.1
2025-06-12 22:35:00,7.6
2025-06-12 10:41:00,38.6
2025-06-12 15:01:00,4.6
2025-06-12 23:06:00,7.4
2025-06-12 01:18:00,54.0
2025-06-12 09:20:00,68.8
2025-06-12 07:22:00,13.4
2025-06-12 10:06:00,67.6
2025-06-12 22:31:00,7.5
2025-06-12 02:22:00,61.7
2025-06-12 02:48:00,29.5
2025-06-12 12:10:00,10.9
2025-06-12 01:15:00,49.69252501471454
2025-06-12 11:16:00,95.7
2025-06-12 16:27:00,6.7
2025-06-12 15:09:00,63.2
2025-06-12 20:09:00,14.6
2025-06-12 17:10:00,96.5
2025-06-12 02:56:00,38.7
2025-06-12 13:10:00,42.6
2025-06-12 11:53:00,21.4
2025-06-12 23:11:00,83.5
2025-06-12 19:45:00,49.69252501471454
2025-06-12 07:30:00,43.6
2025-06-12 22:34:00,67.6
2025-06-12 04:01:00,31.4
2025-06-12 12:24:00,53.7
2025-06-12 01:08:00,90.0
2025-06-12 13:34:00,67.6
2025-06-12 04:35:00,69.1
2025-06-12 19:48:00,94.4
2025-06-12 08:39:00,99.0
2025-06-12 16:12:00,29.7
2025-06-12 01:31:00,38.4
2025-06-12 12:37:00,20.1
2025-06-12 09:56:00,75.5
2025-06-12 01:46:00,73.6
2025-06-12 19:14:00,50.3
2025-06-12 12:59:00,68.8
2025-06-12 15:29:00,41.3
2025-06-12 05:38:00,37.9
2025-06-12 09:57:00,43.5
2025-06-12 17:06:00,19.3
2025-06-12 00:26:00,3.9
2025-06-12 13:28:00,6.1
2025-06-12 12:42:00,50.9
2025-06-12 04:31:00,44.7
2025-06-12 18:44:00,22.1
2025-06-12 10:36:00,49.69252501471454
2025-06-12 21:47:00,77.8
2025-06-12 11:19:00,70.5
2025-06-12 23:04:00,49.69252501471454
2025-06-12 19:19:00,49.69252501471454
2025-06-12 18:17:00,58.6
2025-06-12 06:23:00,36.5
2025-06-12 16:16:00,67.6
2025-06-12 04:56:00,85.8
2025-06-12 12:09:00,90.8
2025-06-12 04:57:00,16.0
2025-06-12 15:32:00,49.69252501471454
2025-06-12 00:16:00,5.1
2025-06-12 18:37:00,94.1
2025-06-12 13:46:00,49.69252501471454
2025-06-12 23:33:00,59.3
2025-06-12 16:36:00,63.3
2025-06-12 21:26:00,7.0
2025-06-12 11:17:00,39.3
2025-06-12 22:30:00,42.7
2025-06-12 04:37:00,17.4
2025-06-12 08:46:00,76.6
2025-06-12 05:29:00,79.1
2025-06-12 08:42:00,83.6
2025-06-12 11:21:00,14.9
2025-06-12 23:08:00,71.8
2025-06-12 13:47:00,28.9
2025-06-12 17:03:00,49.69252501471454
2025-06-12 08:02:00,42.0
2025-06-12 18:14:00,36.4
2025-06-12 05:21:00,64.2
2025-06-12 22:47:00,14.3
2025-06-12 16:52:00,55.8
2025-06-12 13:40:00,86.1
2025-06-12 16:41:00,52.0
2025-06-12 17:39:00,84.7
2025-06-12 11:50:00,22.9
2025-06-12 22:40:00,89.4
2025-06-12 22:59:00,49.69252501471454
2025-06-12 02:16:00,72.4
2025-06-12 01:32:00,94.8
2025-06-12 19:49:00,1.9
2025-06-12 05:39:00,92.5
2025-06-12 06:04:00,49.69252501471454
2025-06-12 11:56:00,49.69252501471454
2025-06-12 16:32:00,56.1
2025-06-12 01:48:00,63.3
2025-06-12 06:07:00,48.8
2025-06-12 02:31:00,66.4
2025-06-12 12:49:00,44.4
2025-06-12 18:32:00,65.7
2025-06-12 10:25:00,48.5
2025-06-12 00:20:00,64.3
2025-06-12 03:29:00,51.6
2025-06-12 20:14:00,49.69252501471454
2025-06-12 16:44:00,77.0
2025-06-12 10:35:00,49.69252501471454
2025-06-12 07:20:00,49.69252501471454
2025-06-12 04:59:00,82.3
2025-06-12 19:28:00,49.69252501471454
2025-06-12 18:38:00,77.5
2025-06-12 14:34:00,51.7
2025-06-12 09:49:00,31.6
2025-06-12 23:57:00,10.9
2025-06-12 00:28:00,49.69252501471454
2025-06-12 12:48:00,63.7
2025-06-12 06:14:00,49.69252501471454
2025-06-12 00:03:00,54.5
2025-06-12 10:11:00,84.2
2025-06-12 01:38:00,9.5
2025-06-12 17:18:00,81.8
2025-06-12 21:27:00,87.3
2025-06-12 15:21:00,47.8
2025-06-12 10:52:00,77.3
2025-06-12 13:44:00,68.6
2025-06-12 08:38:00,60.5
2025-06-12 00:06:00,55.1
2025-06-12 06:03:00,90.8
2025-06-12 23:00:00,69.6
2025-06-12 22:09:00,20.7
2025-06-12 19:51:00,82.3
2025-06-12 01:41:00,23.9
2025-06-12 18:06:00,22.6
2025-06-12 12:56:00,30.7
2025-06-12 09:04:00,50.2
2025-06-12 05:05:00,40.9
2025-06-12 16:20:00,58.4
2025-06-12 13:57:00,30.3
2025-06-12 20:16:00,49.69252501471454
2025-06-12 19:05:00,3.5
2025-06-12 04:23:00,3.7
2025-06-12 00:36:00,49.69252501471454
2025-06-12 17:28:00,92.4
2025-06-12 03:33:00,49.69252501471454
2025-06-12 03:17:00,21.9
2025-06-12 05:12:00,90.6
2025-06-12 03:18:00,28.0
2025-06-12 14:43:00,73.8
2025-06-12 06:32:00,1.1
2025-06-12 23:28:00,66.6
2025-06-12 18:03:00,0.7
2025-06-12 18:03:00,96.7
2025-06-12 03:00:00,69.0
2025-06-12 03:21:00,36.0
2025-06-12 02:22:00,2.4
2025-06-12 06:26:00,22.0
2025-06-12 04:57:00,28.5
2025-06-12 09:22:00,3.1
2025-06-12 07:40:00,84.1
2025-06-12 03:01:00,65.2
2025-06-12 21:32:00,18.2
2025-06-12 13:17:00,49.88181818181819
2025-06-12 11:25:00,34.1
2025-06-12 08:47:00,49.88181818181819
2025-06-12 19:25:00,37.7
2025-06-12 04:00:00,58.6
2025-06-12 05:24:00,49.88181818181819
2025-06-12 06:24:00,36.0
2025-06-12 01:02:00,91.7
2025-06-12 00:37:00,45.9
2025-06-12 16:56:00,50.9
2025-06-12 12:59:00,49.88181818181819
2025-06-12 02:06:00,95.3
2025-06-12 05:29:00,49.88181818181819
2025-06-12 05:35:00,99.1
2025-06-12 19:57:00,4.4
2025-06-12 17:15:00,57.3
2025-06-12 18:10:00,93.4
2025-06-12 21:02:00,81.0
2025-06-12 16:09:00,92.0
2025-06-12 17:56:00,49.88181818181819
2025-06-12 19:44:00,47.1
2025-06-12 11:30:00,69.5
2025-06-12 00:13:00,1.5
2025-06-12 04:44:00,4.9
2025-06-12 11:59:00,91.1
2025-06-12 06:44:00,84.3
2025-06-12 08:18:00,49.88181818181819
2025-06-12 20:21:00,71.0
2025-06-12 00:29:00,60.8
2025-06-12 07:14:00,9.7
2025-06-12 18:48:00,98.8
2025-06-12 13:05:00,19.1
2025-06-12 17:53:00,76.9
2025-06-12 04:04:00,45.8
2025-06-12 23:04:00,59.2
2025-06-12 17:43:00,49.88181818181819
2025-06-12 01:28:00,63.0
2025-06-12 01:41:00,28.4
2025-06-12 15:35:00,77.2
2025-06-12 01:30:00,14.9
2025-06-12 15:52:00,49.88181818181819
2025-06-12 08:23:00,49.88181818181819
2025-06-12 13:41:00,89.3
2025-06-12 09:13:00,64.7
2025-06-12 11:23:00,89.9
2025-06-12 21:10:00,36.4
2025-06-12 04:42:00,49.88181818181819
2025-06-12 19:16:00,49.9
2025-06-12 00:41:00,37.4
2025-06-12 06:13:00,44.8
2025-06-12 00:26:00,31.9
2025-06-12 23:38:00,33.9
2025-06-12 01:21:00,49.88181818181819
2025-06-12 17:30:00,32.0
2025-06-12 12:37:00,97.7
2025-06-12 12:29:00,36.4
2025-06-12 12:34:00,49.88181818181819
2025-06-12 11:27:00,63.9
2025-06-12 18:15:00,6.5
2025-06-12 23:53:00,40.2
2025-06-12 18:07:00,68.8
2025-06-12 20:59:00,33.0
2025-06-12 15:07:00,24.7
2025-06-12 21:19:00,46.7
2025-06-12 14:05:00,97.0
2025-06-12 21:00:00,30.2
2025-06-12 04:06:00,85.0
2025-06-12 13:21:00,49.88181818181819
2025-06-12 15:05:00,98.4
2025-06-12 12:36:00,95.3
2025-06-12 14:48:00,23.8
2025-06-12 20:55:00,31.7
2025-06-12 04:56:00,48.9
2025-06-12 20:54:00,67.1
2025-06-12 18:41:00,77.2
2025-06-12 06:51:00,2.2
2025-06-12 22:27:00,41.0
2025-06-12 08:52:00,16.3
2025-06-12 07:26:00,49.88181818181819
2025-06-12 08:25:00,63.8
2025-06-12 09:03:00,53.7
2025-06-12 21:34:00,13.1
2025-06-12 03:36:00,49.88181818181819
2025-06-12 01:04:00,49.88181818181819
2025-06-12 21:01:00,32.8
2025-06-12 18:57:00,8.6
2025-06-12 20:50:00,49.88181818181819
2025-06-12 23:58:00,2.6
2025-06-12 09:12:00,62.7
2025-06-12 03:26:00,33.1
2025-06-12 05:48:00,49.88181818181819
2025-06-12 15:31:00,38.9
2025-06-12 19:14:00,50.0
2025-06-12 21:06:00,49.88181818181819
2025-06-12 17:04:00,24.6
2025-06-12 02:01:00,16.3
2025-06-12 05:41:00,2.3
2025-06-12 07:05:00,63.5
2025-06-12 23:29:00,21.7
2025-06-12 08:48:00,82.7
2025-06-12 18:05:00,19.0
2025-06-12 02:48:00,30.0
2025-06-12 00:08:00,42.4
2025-06-12 02:50:00,56.0
2025-06-12 22:03:00,61.8
2025-06-12 20:18:00,97.0
2025-06-12 05:10:00,97.4
2025-06-12 06:48:00,79.8
2025-06-12 02:49:00,49.88181818181819
2025-06-12 13:30:00,57.9
2025-06-12 08:21:00,13.0
2025-06-12 12:41:00,80.9
2025-06-12 16:39:00,68.9
2025-06-12 04:21:00,49.88181818181819
2025-06-12 23:08:00,55.7
2025-06-12 15:14:00,17.4
2025-06-12 17:21:00,48.1
2025-06-12 16:07:00,4.1
2025-06-12 22:44:00,26.3
2025-06-12 21:53:00,36.4
2025-06-12 05:04:00,72.6
2025-06-12 04:25:00,97.4
2025-06-12 10:59:00,12.7
2025-06-12 17:24:00,96.9
2025-06-12 22:42:00,15.1
2025-06-12 13:59:00,99.1
2025-06-12 07:13:00,42.0
2025-06-12 15:26:00,36.7
2025-06-12 02:25:00,95.7
2025-06-12 09:05:00,86.9
2025-06-12 12:12:00,44.7
2025-06-12 11:40:00,64.4
2025-06-12 09:01:00,50.1
2025-06-12 08:39:00,71.9
2025-06-12 04:07:00,83.4
2025-06-12 03:13:00,33.7
2025-06-12 14:31:00,49.88181818181819
2025-06-12 03:58:00,9.1
2025-06-12 21:55:00,14.6
2025-06-12 08:35:00,71.0
2025-06-12 06:03:00,49.88181818181819
2025-06-12 16:04:00,33.1
2025-06-12 00:20:00,85.9
2025-06-12 14:50:00,88.0
2025-06-12 23:21:00,0.6
2025-06-12 12:42:00,63.6
2025-06-12 00:36:00,31.7
2025-06-12 02:51:00,15.0
2025-06-12 01:22:00,72.5
2025-06-12 18:00:00,56.0
2025-06-12 06:19:00,34.6
2025-06-12 01:31:00,64.1
2025-06-12 16:17:00,97.1
2025-06-12 21:27:00,57.0
2025-06-12 11:52:00,6.2
2025-06-12 20:58:00,54.1
2025-06-12 12:04:00,43.6
2025-06-12 17:23:00,31.5
2025-06-12 09:17:00,14.1
2025-06-12 17:42:00,99.8
2025-06-12 02:41:00,49.88181818181819
2025-06-12 11:31:00,49.88181818181819
2025-06-12 19:37:00,49.88181818181819
2025-06-12 20:31:00,16.5
2025-06-12 11:56:00,56.8
2025-06-12 07:41:00,45.6
2025-06-12 21:54:00,4.9
2025-06-12 19:39:00,98.1
2025-06-12 03:02:00,22.2
2025-06-12 06:53:00,32.4
2025-06-12 00:34:00,77.6
2025-06-12 10:20:00,49.88181818181819
2025-06-12 23:11:00,25.1
2025-06-12 05:15:00,13.9
2025-06-12 20:51:00,68.0
2025-06-12 02:34:00,30.3
2025-06-12 03:19:00,49.88181818181819
2025-06-12 19:31:00,83.5
2025-06-12 14:01:00,88.6
2025-06-12 23:31:00,34.4
2025-06-12 11:37:00,4.0
2025-06-12 20:14:00,52.7
2025-06-12 15:27:00,7.4
2025-06-12 23:05:00,32.7
2025-06-12 14:28:00,24.4
2025-06-12 13:14:00,90.5
2025-06-12 01:54:00,50.7
2025-06-12 19:54:00,16.4
2025-06-12 23:35:00,85.1
2025-06-12 14:14:00,13.1
2025-06-12 05:05:00,60.4
2025-06-12 01:20:00,24.7
2025-06-12 08:15:00,49.88181818181819
2025-06-12 02:32:00,79.5
2025-06-12 03:44:00,61.0
2025-06-12 10:56:00,49.88181818181819
2025-06-12 11:07:00,16.7
2025-06-12 06:06:00,42.8
2025-06-12 06:25:00,49.88181818181819
2025-06-12 09:54:00,58.8
2025-06-12 09:29:00,35.3
2025-06-12 04:16:00,63.1
2025-06-12 13:19:00,93.0
2025-06-12 02:16:00,77.6
2025-06-12 10:11:00,10.6
2025-06-12 09:23:00,92.1
2025-06-12 15:21:00,27.8
2025-06-12 10:51:00,66.3
2025-06-12 21:52:00,20.2
2025-06-12 10:19:00,71.2
2025-06-12 04:34:00,73.3
2025-06-12 14:27:00,96.1
2025-06-12 01:01:00,97.3
2025-06-12 18:13:00,49.88181818181819
2025-06-12 08:05:00,49.88181818181819
2025-06-12 04:40:00,50.8
2025-06-12 02:27:00,58.9
2025-06-12 09:59:00,61.8
2025-06-12 14:03:00,47.2
2025-06-12 19:48:00,95.4
2025-06-12 00:49:00,12.8
2025-06-12 23:39:00,28.0
2025-06-12 19:52:00,87.3
2025-06-12 03:29:00,63.3
2025-06-12 15:09:00,73.2
2025-06-12 19:45:00,97.1
2025-06-12 23:37:00,49.88181818181819
2025-06-12 16:21:00,68.6
2025-06-12 13:51:00,91.1
2025-06-12 04:35:00,17.0
2025-06-12 11:22:00,6.8
2025-06-12 22:31:00,77.2
2025-06-12 12:14:00,49.88181818181819
2025-06-12 21:09:00,63.5
2025-06-12 19:58:00,85.4
2025-06-12 10:13:00,49.88181818181819
2025-06-12 22:02:00,39.5
2025-06-12 10:52:00,39.6
2025-06-12 00:10:00,89.5
2025-06-12 06:31:00,13.6
2025-06-12 19:20:00,96.5
2025-06-12 21:31:00,65.2
2025-06-12 22:24:00,80.3
2025-06-12 22:20:00,98.4
2025-06-12 12:26:00,94.8
2025-06-12 21:04:00,77.1
2025-06-12 09:02:00,99.0
2025-06-12 16:13:00,11.7
2025-06-12 06:17:00,49.88181818181819
2025-06-12 03:54:00,49.88181818181819
2025-06-12 07:35:00,19.1
2025-06-12 04:11:00,42.2
2025-06-12 18:31:00,69.6
2025-06-12 17:22:00,82.2
2025-06-12 19:35:00,49.88181818181819
2025-06-12 08:01:00,36.7
2025-06-12 20:15:00,17.7
2025-06-12 04:24:00,13.3
2025-06-12 12:19:00,49.88181818181819
2025-06-12 23:19:00,49.88181818181819
2025-06-12 20:41:00,2.8
2025-06-12 06:07:00,12.3
2025-06-12 13:32:00,62.6
2025-06-12 02:35:00,68.1
2025-06-12 03:04:00,94.4
2025-06-12 16:49:00,49.88181818181819
2025-06-12 11:21:00,11.6
2025-06-12 15:51:00,4.3
2025-06-12 08:26:00,72.6
2025-06-12 23:22:00,94.5
2025-06-12 04:31:00,49.88181818181819
2025-06-12 09:33:00,49.88181818181819
2025-06-12 11:12:00,49.88181818181819
2025-06-12 07:47:00,29.8
2025-06-12 18:01:00,2.3
2025-06-12 06:36:00,7.2
2025-06-12 00:44:00,3.7
2025-06-12 07:25:00,27.3
2025-06-12 16:46:00,69.0
2025-06-12 03:10:00,45.9
2025-06-12 10:35:00,30.4
2025-06-12 20:32:00,62.9
2025-06-12 12:18:00,40.1
2025-06-12 11:39:00,47.3
2025-06-12 11:13:00,0.9
2025-06-12 15:01:00,69.8
2025-06-12 21:49:00,24.9
2025-06-12 05:38:00,49.88181818181819
2025-06-12 16:10:00,57.1
2025-06-12 20:09:00,13.3
2025-06-12 00:25:00,61.4
2025-06-12 06:21:00,26.0
2025-06-12 23:52:00,5.6
2025-06-12 05:36:00,4.4
2025-06-12 09:20:00,28.6
2025-06-12 19:40:00,69.8
2025-06-12 03:51:00,3.9
2025-06-12 14:52:00,39.1
2025-06-12 07:15:00,43.5
2025-06-12 07:52:00,44.0
2025-06-12 08:42:00,78.9
2025-06-12 20:47:00,38.7
2025-06-12 18:06:00,49.88181818181819
2025-06-12 21:33:00,49.88181818181819
2025-06-12 05:40:00,67.4
2025-06-12 16:01:00,84.3
2025-06-12 08:30:00,15.1
2025-06-12 12:57:00,2.1
2025-06-12 12:35:00,77.1
2025-06-12 04:58:00,4.5
2025-06-12 06:37:00,12.7
2025-06-12 10:41:00,75.5
2025-06-12 20:38:00,27.2
2025-06-12 00:50:00,24.8
2025-06-12 03:01:00,50.019744401453856
2025-06-12 10:28:00,84.5
2025-06-12 12:32:00,2.2
2025-06-12 07:51:00,47.1
2025-06-12 11:57:00,48.2
2025-06-12 08:08:00,86.7
2025-06-12 13:54:00,50.019744401453856
2025-06-12 05:47:00,65.7
2025-06-12 18:00:00,23.4
2025-06-12 21:01:00,50.0
2025-06-12 12:22:00,64.8
2025-06-12 15:01:00,31.5
2025-06-12 09:59:00,89.5
2025-06-12 01:21:00,44.3
2025-06-12 18:18:00,76.2
2025-06-12 17:52:00,63.5
2025-06-12 08:03:00,64.4
2025-06-12 11:42:00,90.5
2025-06-12 17:34:00,89.3
2025-06-12 21:17:00,55.9
2025-06-12 21:12:00,79.7
2025-06-12 08:14:00,4.2
2025-06-12 07:53:00,85.0
2025-06-12 04:43:00,65.9
2025-06-12 20:24:00,7.0
2025-06-12 15:03:00,80.6
2025-06-12 05:29:00,41.8
2025-06-12 14:35:00,82.5
2025-06-12 16:16:00,20.8
2025-06-12 21:53:00,63.2
2025-06-12 15:37:00,59.7
2025-06-12 13:29:00,52.9
2025-06-12 10:24:00,23.5
2025-06-12 21:10:00,55.0
2025-06-12 20:06:00,66.9
2025-06-12 15:11:00,60.1
2025-06-12 16:25:00,90.2
2025-06-12 23:44:00,44.6
2025-06-12 18:29:00,11.1
2025-06-12 20:04:00,50.019744401453856
2025-06-12 22:55:00,90.7
2025-06-12 06:16:00,55.0
2025-06-12 19:50:00,14.2
2025-06-12 20:08:00,6.1
2025-06-12 00:07:00,50.019744401453856
2025-06-12 13:00:00,43.7
2025-06-12 01:04:00,57.2
2025-06-12 07:25:00,88.9
2025-06-12 12:01:00,90.9
2025-06-12 02:03:00,41.6
2025-06-12 13:22:00,27.0
2025-06-12 16:54:00,61.9
2025-06-12 11:59:00,28.3
2025-06-12 16:22:00,26.9
2025-06-12 20:16:00,96.4
2025-06-12 10:12:00,6.5
2025-06-12 23:53:00,51.5
2025-06-12 05:15:00,50.019744401453856
2025-06-12 03:42:00,9.5
2025-06-12 03:13:00,27.4
2025-06-12 08:34:00,59.7
2025-06-12 01:01:00,67.2
2025-06-12 18:43:00,49.8
2025-06-12 00:29:00,2.9
2025-06-12 02:36:00,84.1
2025-06-12 04:25:00,15.8
2025-06-12 09:46:00,24.0
2025-06-12 00:10:00,50.019744401453856
2025-06-12 13:38:00,63.3
2025-06-12 04:15:00,68.1
2025-06-12 13:52:00,36.3
2025-06-12 04:18:00,77.6
2025-06-12 02:18:00,27.4
2025-06-12 00:26:00,73.6
2025-06-12 21:52:00,50.019744401453856
2025-06-12 20:57:00,24.9
2025-06-12 20:21:00,62.7
2025-06-12 06:58:00,65.3
2025-06-12 07:30:00,78.7
2025-06-12 03:27:00,37.9
2025-06-12 11:11:00,24.7
2025-06-12 23:51:00,55.2
2025-06-12 19:07:00,10.9
2025-06-12 10:05:00,77.6
2025-06-12 12:24:00,10.3
2025-06-12 10:50:00,50.019744401453856
2025-06-12 08:16:00,1.7
2025-06-12 21:59:00,70.7
2025-06-12 09:33:00,57.9
2025-06-12 03:49:00,50.019744401453856
2025-06-12 05:53:00,34.7
2025-06-12 15:12:00,53.9
2025-06-12 23:26:00,68.5
2025-06-12 00:38:00,52.6
2025-06-12 00:30:00,77.7
2025-06-12 03:45:00,10.1
2025-06-12 18:14:00,10.6
2025-06-12 19:05:00,9.8
2025-06-12 03:10:00,48.8
2025-06-12 21:32:00,57.1
2025-06-12 02:09:00,82.0
2025-06-12 00:34:00,99.1
2025-06-12 18:04:00,98.3
2025-06-12 16:48:00,92.4
2025-06-12 02:38:00,50.019744401453856
2025-06-12 01:00:00,38.4
2025-06-12 03:50:00,93.9
2025-06-12 09:01:00,8.4
2025-06-12 07:26:00,72.1
2025-06-12 12:58:00,50.019744401453856
2025-06-12 00:37:00,95.3
2025-06-12 17:09:00,80.2
2025-06-12 22:59:00,62.0
2025-06-12 23:09:00,34.4
2025-06-12 10:45:00,99.9
2025-06-12 20:56:00,81.5
2025-06-12 06:03:00,85.9
2025-06-12 11:56:00,31.9
2025-06-12 10:34:00,34.3
2025-06-12 04:03:00,37.5
2025-06-12 14:41:00,54.0
2025-06-12 20:13:00,50.019744401453856
2025-06-12 17:13:00,52.9
2025-06-12 15:19:00,50.019744401453856
2025-06-12 03:53:00,42.6
2025-06-12 05:46:00,50.019744401453856
2025-06-12 07:07:00,43.1
2025-06-12 06:49:00,29.5
2025-06-12 13:50:00,89.4
2025-06-12 22:16:00,16.0
2025-06-12 16:44:00,39.5
2025-06-12 22:08:00,50.019744401453856
2025-06-12 08:20:00,50.019744401453856
2025-06-12 05:16:00,53.2
2025-06-12 08:13:00,31.9
2025-06-12 01:43:00,82.1
2025-06-12 09:36:00,50.019744401453856
2025-06-12 06:00:00,55.1
2025-06-12 09:42:00,43.8
2025-06-12 04:05:00,64.7
2025-06-12 06:26:00,97.9
2025-06-12 11:00:00,34.7
2025-06-12 03:41:00,69.4
2025-06-12 22:29:00,50.9
2025-06-12 12:34:00,54.9
2025-06-12 02:04:00,2.1
2025-06-12 11:30:00,56.7
2025-06-12 02:28:00,42.2
2025-06-12 21:41:00,68.8
2025-06-12 22:18:00,15.9
2025-06-12 23:52:00,42.6
2025-06-12 04:12:00,68.4
2025-06-12 12:17:00,61.3
2025-06-12 07:05:00,42.9
2025-06-12 09:07:00,98.2
2025-06-12 12:44:00,68.2
2025-06-12 15:28:00,50.019744401453856
2025-06-12 04:29:00,50.019744401453856
2025-06-12 11:41:00,0.2
2025-06-12 21:31:00,50.019744401453856
2025-06-12 18:22:00,10.1
2025-06-12 00:39:00,87.5
2025-06-12 02:44:00,50.019744401453856
2025-06-12 01:59:00,9.3
2025-06-12 08:37:00,5.2
2025-06-12 20:10:00,51.2
2025-06-12 23:38:00,39.5
2025-06-12 07:55:00,68.6
2025-06-12 07:06:00,50.019744401453856
2025-06-12 18:09:00,22.3
2025-06-12 18:52:00,2.1
2025-06-12 21:43:00,49.2
2025-06-12 12:26:00,50.019744401453856
2025-06-12 23:14:00,85.5
2025-06-12 16:58:00,79.0
2025-06-12 01:31:00,94.8
2025-06-12 22:13:00,52.0
2025-06-12 02:30:00,17.5
2025-06-12 05:18:00,4.0
2025-06-12 14:49:00,50.019744401453856
2025-06-12 17:21:00,29.8
2025-06-12 01:18:00,48.3
2025-06-12 22:34:00,50.019744401453856
2025-06-12 09:41:00,52.9
2025-06-12 10:08:00,37.2
2025-06-12 04:38:00,40.5
2025-06-12 01:17:00,38.4
2025-06-12 01:40:00,78.6
2025-06-12 16:36:00,22.2
2025-06-12 03:54:00,47.0
2025-06-12 16:28:00,79.6
2025-06-12 07:34:00,56.7
2025-06-12 17:27:00,85.8
2025-06-12 23:15:00,9.7
2025-06-12 14:45:00,66.4
2025-06-12 02:53:00,21.9
2025-06-12 15:32:00,66.3
2025-06-12 04:55:00,2.5
2025-06-12 11:20:00,18.7
2025-06-12 08:33:00,71.7
2025-06-12 03:43:00,3.2
2025-06-12 07:01:00,88.9
2025-06-12 22:41:00,26.0
2025-06-12 22:43:00,79.2
2025-06-12 20:59:00,50.019744401453856
2025-06-12 22:14:00,84.1
2025-06-12 19:14:00,64.3
2025-06-12 15:22:00,50.019744401453856
2025-06-12 15:44:00,52.5
2025-06-12 19:09:00,44.4
2025-06-12 16:20:00,50.019744401453856
2025-06-12 16:04:00,50.019744401453856
2025-06-12 16:05:00,27.6
2025-06-12 06:50:00,50.019744401453856
2025-06-12 23:20:00,49.9
2025-06-12 22:30:00,50.7
2025-06-12 03:28:00,50.019744401453856
2025-06-12 21:46:00,56.1
2025-06-12 11:33:00,68.9
2025-06-12 20:09:00,62.3
2025-06-12 16:10:00,76.2
2025-06-12 12:06:00,39.1
2025-06-12 12:48:00,41.0
2025-06-12 12:11:00,28.7
2025-06-12 05:04:00,92.0
2025-06-12 02:46:00,57.4
2025-06-12 08:53:00,89.9
2025-06-12 10:51:00,7.6
2025-06-12 20:23:00,26.2
2025-06-12 17:59:00,65.7
2025-06-12 12:57:00,93.1
2025-06-12 06:22:00,22.7
2025-06-12 15:05:00,20.3
2025-06-12 16:33:00,50.019744401453856
2025-06-12 01:05:00,18.2
2025-06-12 21:25:00,97.0
2025-06-12 08:49:00,75.0
2025-06-12 02:29:00,82.4
2025-06-12 16:43:00,67.5
2025-06-12 19:13:00,82.4
2025-06-12 04:53:00,39.7
2025-06-12 16:45:00,99.0
2025-06-12 04:23:00,97.9
2025-06-12 13:58:00,43.8
2025-06-12 19:54:00,30.7
2025-06-12 11:29:00,85.8
2025-06-12 22:21:00,57.6
2025-06-12 12:10:00,62.3
2025-06-12 19:24:00,76.3
2025-06-12 15:59:00,23.5
2025-06-12 04:41:00,97.7
2025-06-12 05:51:00,20.1
2025-06-12 05:05:00,62.6
2025-06-12 23:22:00,47.6
2025-06-12 02:26:00,17.0
2025-06-12 07:00:00,57.6
2025-06-12 02:31:00,75.7
2025-06-12 06:13:00,48.3
2025-06-12 00:41:00,65.7
2025-06-12 17:36:00,62.6
2025-06-12 00:24:00,91.3
2025-06-12 11:46:00,50.019744401453856
2025-06-12 12:21:00,68.5
2025-06-12 10:46:00,23.6
2025-06-12 12:37:00,0.2
2025-06-12 16:07:00,56.1
2025-06-12 13:13:00,20.4
2025-06-12 02:39:00,73.9
2025-06-12 10:40:00,50.019744401453856
2025-06-12 15:24:00,50.019744401453856
2025-06-12 01:20:00,26.3
2025-06-12 15:47:00,84.3
2025-06-12 22:56:00,50.019744401453856
2025-06-12 17:31:00,91.7
2025-06-12 22:01:00,36.8
2025-06-12 05:28:00,50.2
2025-06-12 17:11:00,4.7
2025-06-12 12:46:00,7.8
2025-06-12 19:53:00,76.3
2025-06-12 04:22:00,7.3
2025-06-12 21:36:00,18.0
2025-06-12 04:49:00,27.4
2025-06-12 02:54:00,30.9
2025-06-12 14:59:00,37.9
2025-06-12 08:07:00,14.6
2025-06-12 05:13:00,6.0
2025-06-12 20:19:00,96.9
2025-06-12 20:30:00,85.8
2025-06-12 09:44:00,75.5
2025-06-12 23:43:00,43.0
2025-06-12 09:08:00,43.0
2025-06-12 09:32:00,8.5
2025-06-12 14:05:00,2.6
2025-06-12 20:11:00,71.0
2025-06-12 18:02:00,69.7
2025-06-12 21:02:00,50.019744401453856
2025-06-12 01:47:00,80.0
2025-06-12 16:18:00,26.0
2025-06-12 12:43:00,48.2
2025-06-12 18:33:00,42.2
2025-06-12 10:21:00,72.0
2025-06-12 08:17:00,63.0
2025-06-12 16:31:00,68.1
2025-06-12 16:12:00,49.0
2025-06-12 22:00:00,50.0
2025-06-12 12:35:00,70.1
2025-06-12 21:00:00,86.2
2025-06-12 14:02:00,49.94205948042788
2025-06-12 12:03:00,19.7
2025-06-12 18:39:00,19.2
2025-06-12 18:57:00,73.5
2025-06-12 04:44:00,11.1
2025-06-12 16:48:00,12.0
2025-06-12 19:43:00,22.0
2025-06-12 01:17:00,92.4
2025-06-12 18:23:00,24.3
2025-06-12 04:07:00,13.4
2025-06-12 02:53:00,14.3
2025-06-12 00:24:00,1.2
2025-06-12 18:04:00,16.2
2025-06-12 12:27:00,30.9
2025-06-12 01:00:00,36.6
2025-06-12 08:56:00,94.3
2025-06-12 01:48:00,69.5
2025-06-12 15:32:00,36.7
2025-06-12 11:36:00,8.5
2025-06-12 14:22:00,70.2
2025-06-12 10:31:00,0.8
2025-06-12 16:31:00,14.3
2025-06-12 16:51:00,49.94205948042788
2025-06-12 17:26:00,39.3
2025-06-12 18:09:00,52.1
2025-06-12 07:21:00,35.3
2025-06-12 16:35:00,88.2
2025-06-12 00:08:00,75.6
2025-06-12 20:07:00,49.94205948042788
2025-06-12 03:16:00,70.3
2025-06-12 03:42:00,40.3
2025-06-12 14:35:00,49.94205948042788
2025-06-12 03:57:00,49.94205948042788
2025-06-12 08:00:00,22.5
2025-06-12 12:56:00,49.94205948042788
2025-06-12 17:54:00,34.0
2025-06-12 10:43:00,49.94205948042788
2025-06-12 07:01:00,43.8
2025-06-12 16:45:00,62.6
2025-06-12 07:14:00,88.3
2025-06-12 09:57:00,82.1
2025-06-12 11:10:00,37.8
2025-06-12 23:26:00,60.1
2025-06-12 13:17:00,66.6
2025-06-12 12:32:00,38.5
2025-06-12 23:43:00,79.6
2025-06-12 06:04:00,14.3
2025-06-12 15:02:00,68.6
2025-06-12 20:21:00,59.7
2025-06-12 00:02:00,13.0
2025-06-12 10:06:00,49.94205948042788
2025-06-12 14:48:00,23.7
2025-06-12 20:06:00,16.6
2025-06-12 02:19:00,58.3
2025-06-12 09:04:00,4.3
2025-06-12 13:54:00,56.8
2025-06-12 18:50:00,85.8
2025-06-12 09:22:00,36.4
2025-06-12 09:23:00,49.94205948042788
2025-06-12 15:13:00,56.8
2025-06-12 08:40:00,53.5
2025-06-12 12:40:00,87.5
2025-06-12 05:38:00,29.8
2025-06-12 14:17:00,95.8
2025-06-12 21:27:00,46.2
2025-06-12 08:59:00,9.3
2025-06-12 13:42:00,72.8
2025-06-12 23:19:00,32.1
2025-06-12 20:22:00,27.1
2025-06-12 20:09:00,49.94205948042788
2025-06-12 17:16:00,24.1
2025-06-12 12:16:00,93.4
2025-06-12 19:15:00,39.2
2025-06-12 00:19:00,82.4
2025-06-12 04:03:00,8.5
2025-06-12 23:38:00,15.2
2025-06-12 19:21:00,67.7
2025-06-12 09:59:00,12.0
2025-06-12 09:52:00,93.2
2025-06-12 18:59:00,19.1
2025-06-12 08:46:00,42.4
2025-06-12 09:42:00,49.94205948042788
2025-06-12 09:16:00,49.94205948042788
2025-06-12 09:14:00,99.8
2025-06-12 01:16:00,39.6
2025-06-12 16:37:00,13.0
2025-06-12 01:58:00,81.8
2025-06-12 06:56:00,49.94205948042788
2025-06-12 23:39:00,37.9
2025-06-12 12:33:00,67.7
2025-06-12 04:24:00,87.3
2025-06-12 21:09:00,19.9
2025-06-12 08:30:00,67.7
2025-06-12 23:04:00,48.2
2025-06-12 12:14:00,35.9
2025-06-12 12:08:00,14.0
2025-06-12 00:39:00,7.4
2025-06-12 08:11:00,47.8
2025-06-12 20:15:00,5.9
2025-06-12 10:27:00,37.7
2025-06-12 00:58:00,66.4
2025-06-12 13:56:00,49.94205948042788
2025-06-12 23:27:00,16.9
2025-06-12 23:11:00,93.5
2025-06-12 08:50:00,92.0
2025-06-12 00:30:00,40.3
2025-06-12 02:21:00,49.94205948042788
2025-06-12 10:20:00,23.8
2025-06-12 12:55:00,49.3
2025-06-12 08:13:00,92.1
2025-06-12 08:53:00,49.94205948042788
2025-06-12 05:04:00,12.1
2025-06-12 21:30:00,0.3
2025-06-12 07:57:00,61.1
2025-06-12 18:35:00,26.0
2025-06-12 08:23:00,60.9
2025-06-12 20:59:00,88.6
2025-06-12 04:15:00,7.6
2025-06-12 14:42:00,31.6
2025-06-12 03:46:00,49.94205948042788
2025-06-12 00:20:00,49.94205948042788
2025-06-12 11:03:00,66.0
2025-06-12 07:04:00,97.9
2025-06-12 23:56:00,0.4
2025-06-12 06:02:00,47.9
2025-06-12 20:56:00,86.1
2025-06-12 07:50:00,49.94205948042788
2025-06-12 15:11:00,36.4
2025-06-12 19:41:00,49.94205948042788
2025-06-12 09:53:00,64.7
2025-06-12 19:03:00,1.7
2025-06-12 17:28:00,38.0
2025-06-12 02:22:00,38.0
2025-06-12 18:29:00,85.1
2025-06-12 21:44:00,56.1
2025-06-12 14:43:00,97.8
2025-06-12 02:25:00,49.94205948042788
2025-06-12 03:30:00,97.5
2025-06-12 00:17:00,19.3
2025-06-12 10:48:00,42.3
2025-06-12 08:44:00,56.8
2025-06-12 23:22:00,25.0
2025-06-12 13:30:00,24.7
2025-06-12 00:06:00,19.0
2025-06-12 13:07:00,32.0
2025-06-12 03:32:00,89.5
2025-06-12 19:40:00,82.0
2025-06-12 10:02:00,11.7
2025-06-12 10:30:00,34.3
2025-06-12 09:37:00,52.5
2025-06-12 10:23:00,3.4
2025-06-12 03:25:00,49.94205948042788
2025-06-12 05:57:00,31.9
2025-06-12 19:56:00,74.7
2025-06-12 00:33:00,88.5
2025-06-12 01:44:00,95.1
2025-06-12 04:58:00,20.4
2025-06-12 10:24:00,7.9
2025-06-12 06:26:00,76.2
2025-06-12 18:43:00,48.5
2025-06-12 04:26:00,13.1
2025-06-12 15:06:00,28.6
2025-06-12 21:36:00,69.4
2025-06-12 21:28:00,23.8
2025-06-12 22:27:00,49.0
2025-06-12 23:45:00,94.9
2025-06-12 13:59:00,30.2
2025-06-12 05:15:00,82.8
2025-06-12 14:55:00,54.1
2025-06-12 02:24:00,20.8
2025-06-12 10:46:00,10.3
2025-06-12 06:38:00,79.6
2025-06-12 03:09:00,5.9
2025-06-12 09:06:00,49.94205948042788
2025-06-12 15:51:00,13.0
2025-06-12 00:43:00,49.94205948042788
2025-06-12 20:49:00,49.94205948042788
2025-06-12 03:44:00,43.3
2025-06-12 22:53:00,52.2
2025-06-12 06:28:00,28.6
2025-06-12 06:18:00,49.94205948042788
2025-06-12 08:32:00,18.0
2025-06-12 11:52:00,10.8
2025-06-12 02:45:00,49.94205948042788
2025-06-12 09:34:00,27.7
2025-06-12 10:10:00,49.94205948042788
2025-06-12 17:44:00,3.5
2025-06-12 22:50:00,65.8
2025-06-12 06:48:00,2.6
2025-06-12 15:49:00,52.8
2025-06-12 12:49:00,12.5
2025-06-12 11:34:00,1.9
2025-06-12 14:07:00,86.2
2025-06-12 16:39:00,69.7
2025-06-12 11:01:00,13.2
2025-06-12 06:07:00,29.7
2025-06-12 07:40:00,6.7
2025-06-12 10:11:00,89.2
2025-06-12 19:33:00,49.94205948042788
2025-06-12 01:13:00,79.5
2025-06-12 08:01:00,30.6
2025-06-12 23:33:00,56.4
2025-06-12 22:30:00,14.1
2025-06-12 05:29:00,58.2
2025-06-12 12:04:00,49.94205948042788
2025-06-12 11:06:00,49.94205948042788
2025-06-12 20:28:00,49.94205948042788
2025-06-12 16:50:00,74.3
2025-06-12 13:12:00,49.94205948042788
2025-06-12 22:03:00,59.5
2025-06-12 06:08:00,19.0
2025-06-12 01:23:00,78.6
2025-06-12 21:32:00,3.9
2025-06-12 05:23:00,60.1
2025-06-12 15:59:00,25.0
2025-06-12 05:10:00,13.6
2025-06-12 05:26:00,3.0
2025-06-12 06:23:00,36.1
2025-06-12 02:10:00,90.6
2025-06-12 19:34:00,12.5
2025-06-12 17:59:00,71.1
2025-06-12 23:20:00,82.0
2025-06-12 03:56:00,42.3
2025-06-12 09:07:00,39.8
2025-06-12 06:41:00,48.0
2025-06-12 20:18:00,49.94205948042788
2025-06-12 12:23:00,34.2
2025-06-12 09:51:00,55.6
2025-06-12 18:11:00,8.8
2025-06-12 18:51:00,8.9
2025-06-12 15:00:00,57.7
2025-06-12 12:22:00,25.1
2025-06-12 06:33:00,29.1
2025-06-12 22:37:00,28.9
2025-06-12 23:53:00,21.9
2025-06-12 03:35:00,88.8
2025-06-12 05:30:00,13.0
2025-06-12 13:21:00,71.7
2025-06-12 15:01:00,12.8
2025-06-12 22:58:00,17.8
2025-06-12 09:50:00,84.6
2025-06-12 16:15:00,8.8
2025-06-12 09:46:00,56.3
2025-06-12 07:49:00,8.2
2025-06-12 03:06:00,19.7
2025-06-12 13:13:00,49.7
2025-06-12 11:00:00,66.3
2025-06-12 18:38:00,49.94205948042788
2025-06-12 17:52:00,75.4
2025-06-12 08:09:00,1.0
2025-06-12 18:18:00,62.4
2025-06-12 14:01:00,47.8
2025-06-12 05:50:00,80.5
2025-06-12 00:38:00,9.8
2025-06-12 21:56:00,49.94205948042788
2025-06-12 23:46:00,21.1
2025-06-12 11:38:00,98.4
2025-06-12 00:12:00,47.7
2025-06-12 18:16:00,40.9
2025-06-12 03:59:00,56.5
2025-06-12 01:53:00,49.94205948042788
2025-06-12 02:39:00,48.8
2025-06-12 08:48:00,29.8
2025-06-12 01:30:00,10.0
2025-06-12 14:28:00,97.7
2025-06-12 00:54:00,57.8
2025-06-12 18:26:00,90.3
2025-06-12 15:27:00,58.3
2025-06-12 18:01:00,49.94205948042788
2025-06-12 19:46:00,58.2
2025-06-12 14:11:00,64.7
2025-06-12 20:54:00,71.4
2025-06-12 15:09:00,49.94205948042788
2025-06-12 17:06:00,58.1
2025-06-12 14:46:00,59.4
2025-06-12 10:45:00,47.4
2025-06-12 14:34:00,50.9
2025-06-12 18:24:00,52.4
2025-06-12 09:44:00,49.94205948042788
2025-06-12 10:26:00,49.94205948042788
2025-06-12 07:11:00,49.94205948042788
2025-06-12 16:58:00,49.94205948042788
2025-06-12 19:00:00,21.4
2025-06-12 07:30:00,24.0
2025-06-12 09:27:00,73.3
2025-06-12 04:42:00,30.5
2025-06-12 23:15:00,36.8
2025-06-12 15:48:00,53.7
2025-06-12 10:29:00,17.1
2025-06-12 01:57:00,53.8
2025-06-12 00:29:00,49.94205948042788
2025-06-12 07:47:00,33.1
2025-06-12 04:38:00,78.4
2025-06-12 01:27:00,49.94205948042788
2025-06-12 07:25:00,97.9
2025-06-12 01:32:00,49.94205948042788
2025-06-12 09:00:00,49.94205948042788
2025-06-12 11:18:00,65.1
2025-06-12 13:51:00,5.8
2025-06-12 14:45:00,34.0
2025-06-12 14:59:00,84.3
2025-06-12 15:31:00,38.0
2025-06-12 12:09:00,51.4
2025-06-12 14:21:00,4.1
2025-06-12 09:39:00,87.6
2025-06-12 18:46:00,14.3
2025-06-12 06:21:00,99.7
2025-06-12 22:55:00,73.4
2025-06-12 06:20:00,0.1
2025-06-12 18:34:00,50.024092836946274
2025-06-12 22:30:00,95.5
2025-06-12 15:52:00,32.7
2025-06-12 22:12:00,22.6
2025-06-12 15:46:00,9.4
2025-06-12 13:36:00,24.0
2025-06-12 17:10:00,81.8
2025-06-12 10:54:00,23.0
2025-06-12 02:30:00,3.8
2025-06-12 06:38:00,49.5
2025-06-12 18:25:00,33.0
2025-06-12 13:26:00,17.5
2025-06-12 01:07:00,50.024092836946274
2025-06-12 17:36:00,34.8
2025-06-12 00:14:00,49.1
2025-06-12 13:12:00,19.5
2025-06-12 23:35:00,46.6
2025-06-12 20:55:00,13.7
2025-06-12 12:31:00,76.2
2025-06-12 07:13:00,7.0
2025-06-12 17:06:00,99.0
2025-06-12 10:46:00,60.9
2025-06-12 04:45:00,54.8
2025-06-12 12:36:00,96.5
2025-06-12 20:47:00,17.6
2025-06-12 15:56:00,86.7
2025-06-12 04:31:00,55.7
2025-06-12 08:42:00,14.2
2025-06-12 17:23:00,76.5
2025-06-12 12:07:00,46.7
2025-06-12 20:53:00,88.3
2025-06-12 03:03:00,34.6
2025-06-12 22:08:00,10.8
2025-06-12 19:05:00,50.024092836946274
2025-06-12 13:20:00,90.1
2025-06-12 16:27:00,42.5
2025-06-12 12:58:00,50.024092836946274
2025-06-12 07:37:00,76.0
2025-06-12 08:31:00,0.2
2025-06-12 06:22:00,92.5
2025-06-12 05:28:00,75.2
2025-06-12 03:39:00,0.1
2025-06-12 18:07:00,37.4
2025-06-12 17:05:00,14.2
2025-06-12 04:17:00,48.7
2025-06-12 10:12:00,50.024092836946274
2025-06-12 19:15:00,5.2
2025-06-12 08:10:00,9.8
2025-06-12 11:41:00,3.0
2025-06-12 21:31:00,25.2
2025-06-12 03:31:00,50.024092836946274
2025-06-12 05:04:00,80.0
2025-06-12 21:06:00,9.5
2025-06-12 00:09:00,27.8
2025-06-12 15:15:00,62.7
2025-06-12 16:41:00,91.9
2025-06-12 14:13:00,50.024092836946274
2025-06-12 19:12:00,50.024092836946274
2025-06-12 20:06:00,31.9
2025-06-12 09:35:00,54.4
2025-06-12 10:18:00,27.5
2025-06-12 05:15:00,20.5
2025-06-12 01:59:00,64.2
2025-06-12 00:44:00,37.1
2025-06-12 08:55:00,88.7
2025-06-12 21:27:00,73.7
2025-06-12 06:57:00,66.2
2025-06-12 20:35:00,93.7
2025-06-12 11:39:00,81.1
2025-06-12 02:02:00,71.3
2025-06-12 10:50:00,75.4
2025-06-12 02:11:00,78.3
2025-06-12 01:57:00,8.8
2025-06-12 22:22:00,78.3
2025-06-12 19:02:00,31.7
2025-06-12 10:39:00,11.5
2025-06-12 00:47:00,53.9
2025-06-12 02:13:00,61.0
2025-06-12 14:45:00,2.8
2025-06-12 22:56:00,43.3
2025-06-12 21:48:00,88.7
2025-06-12 09:11:00,79.0
2025-06-12 02:43:00,82.2
2025-06-12 16:12:00,19.2
2025-06-12 02:32:00,79.1
2025-06-12 04:48:00,99.5
2025-06-12 18:00:00,24.4
2025-06-12 02:04:00,88.7
2025-06-12 00:42:00,65.9
2025-06-12 14:38:00,18.3
2025-06-12 12:50:00,4.5
2025-06-12 21:29:00,2.6
2025-06-12 20:42:00,10.1
2025-06-12 17:48:00,20.2
2025-06-12 08:04:00,50.024092836946274
2025-06-12 01:06:00,50.024092836946274
2025-06-12 02:20:00,12.4
2025-06-12 09:57:00,50.024092836946274
2025-06-12 23:11:00,87.0
2025-06-12 15:01:00,50.024092836946274
2025-06-12 09:45:00,37.0
2025-06-12 06:39:00,68.3
2025-06-12 13:58:00,30.1
2025-06-12 11:12:00,36.7
2025-06-12 17:21:00,34.9
2025-06-12 07:03:00,39.6
2025-06-12 06:35:00,50.024092836946274
2025-06-12 07:06:00,91.2
2025-06-12 02:08:00,1.5
2025-06-12 04:24:00,62.4
2025-06-12 21:13:00,59.8
2025-06-12 10:23:00,1.3
2025-06-12 10:36:00,99.7
2025-06-12 07:15:00,74.3
2025-06-12 17:59:00,50.024092836946274
2025-06-12 12:17:00,38.8
2025-06-12 12:27:00,85.0
2025-06-12 06:07:00,87.1
2025-06-12 12:18:00,95.3
2025-06-12 19:11:00,65.6
2025-06-12 13:31:00,14.1
2025-06-12 10:10:00,50.024092836946274
2025-06-12 12:41:00,93.7
2025-06-12 09:22:00,50.024092836946274
2025-06-12 22:57:00,76.8
2025-06-12 10:29:00,38.9
2025-06-12 07:29:00,4.7
2025-06-12 10:56:00,87.7
2025-06-12 03:28:00,65.7
2025-06-12 07:08:00,95.6
2025-06-12 23:53:00,62.3
2025-06-12 14:56:00,50.024092836946274
2025-06-12 03:34:00,78.1
2025-06-12 01:58:00,50.024092836946274
2025-06-12 17:43:00,49.3
2025-06-12 03:12:00,67.4
2025-06-12 15:40:00,16.3
2025-06-12 08:39:00,49.2
2025-06-12 14:30:00,30.5
2025-06-12 01:29:00,46.1
2025-06-12 02:29:00,46.9
2025-06-12 12:43:00,6.5
2025-06-12 02:52:00,94.9
2025-06-12 22:40:00,82.8
2025-06-12 11:34:00,0.6
2025-06-12 01:24:00,50.024092836946274
2025-06-12 08:21:00,70.9
2025-06-12 07:57:00,5.8
2025-06-12 20:11:00,92.7
2025-06-12 01:20:00,50.024092836946274
2025-06-12 06:44:00,57.1
2025-06-12 21:05:00,82.5
2025-06-12 04:22:00,6.8
2025-06-12 08:27:00,44.2
2025-06-12 18:11:00,72.7
2025-06-12 03:45:00,53.8
2025-06-12 17:50:00,13.1
2025-06-12 14:02:00,4.0
2025-06-12 21:33:00,52.2
2025-06-12 22:04:00,68.4
2025-06-12 16:22:00,50.024092836946274
2025-06-12 21:12:00,50.024092836946274
2025-06-12 19:41:00,31.0
2025-06-12 05:59:00,39.6
2025-06-12 02:01:00,27.4
2025-06-12 14:34:00,34.5
2025-06-12 11:54:00,50.024092836946274
2025-06-12 07:19:00,4.2
2025-06-12 11:14:00,50.0
2025-06-12 21:36:00,58.2
2025-06-12 18:21:00,50.024092836946274
2025-06-12 11:26:00,51.6
2025-06-12 09:33:00,91.3
2025-06-12 16:44:00,1.6
2025-06-12 12:22:00,9.1
2025-06-12 10:40:00,55.9
2025-06-12 16:21:00,74.3
2025-06-12 23:51:00,82.2
2025-06-12 17:33:00,66.6
2025-06-12 11:37:00,50.024092836946274
2025-06-12 08:33:00,6.9
2025-06-12 20:41:00,81.1
2025-06-12 10:20:00,19.5
2025-06-12 16:24:00,33.5
2025-06-12 15:51:00,50.024092836946274
2025-06-12 09:46:00,89.6
2025-06-12 22:00:00,41.3
2025-06-12 20:08:00,38.4
2025-06-12 14:29:00,94.9
2025-06-12 13:00:00,43.8
2025-06-12 09:31:00,62.2
2025-06-12 13:04:00,19.8
2025-06-12 06:03:00,62.9
2025-06-12 23:28:00,54.9
2025-06-12 14:20:00,27.0
2025-06-12 07:07:00,50.024092836946274
2025-06-12 04:08:00,50.0
2025-06-12 05:32:00,57.7
2025-06-12 05:52:00,60.1
2025-06-12 12:01:00,53.9
2025-06-12 17:13:00,50.024092836946274
2025-06-12 20:22:00,50.024092836946274
2025-06-12 05:02:00,50.024092836946274
2025-06-12 03:10:00,16.5
2025-06-12 17:53:00,20.7
2025-06-12 04:07:00,47.5
2025-06-12 00:18:00,50.024092836946274
2025-06-12 21:41:00,34.1
2025-06-12 07:11:00,23.0
2025-06-12 23:31:00,19.5
2025-06-12 11:55:00,50.024092836946274
2025-06-12 10:53:00,2.2
2025-06-12 07:42:00,93.5
2025-06-12 04:10:00,80.3
2025-06-12 14:07:00,97.9
2025-06-12 10:11:00,8.8
2025-06-12 22:48:00,58.5
2025-06-12 17:16:00,27.1
2025-06-12 15:33:00,51.7
2025-06-12 03:46:00,50.024092836946274
2025-06-12 09:27:00,50.024092836946274
2025-06-12 21:18:00,96.6
2025-06-12 16:42:00,50.024092836946274
2025-06-12 00:45:00,14.2
2025-06-12 14:08:00,33.9
2025-06-12 13:54:00,77.5
2025-06-12 05:23:00,96.1
2025-06-12 16:28:00,50.024092836946274
2025-06-12 14:16:00,45.0
2025-06-12 05:49:00,50.024092836946274
2025-06-12 10:55:00,77.3
2025-06-12 01:51:00,5.5
2025-06-12 07:24:00,98.2
2025-06-12 03:43:00,39.9
2025-06-12 11:59:00,11.5
2025-06-12 23:49:00,50.024092836946274
2025-06-12 22:42:00,90.0
2025-06-12 23:33:00,31.2
2025-06-12 03:41:00,94.6
2025-06-12 09:16:00,29.5
2025-06-12 09:21:00,92.8
2025-06-12 07:18:00,45.4
2025-06-12 09:23:00,70.8
2025-06-12 16:34:00,50.024092836946274
2025-06-12 02:59:00,55.2
2025-06-12 10:49:00,84.4
2025-06-12 15:53:00,74.6
2025-06-12 18:44:00,93.4
2025-06-12 20:03:00,80.0
2025-06-12 00:26:00,68.0
2025-06-12 12:49:00,50.024092836946274
2025-06-12 12:44:00,85.4
2025-06-12 09:51:00,45.2
2025-06-12 18:41:00,50.024092836946274
2025-06-12 09:24:00,85.3
2025-06-12 04:56:00,62.5
2025-06-12 21:58:00,64.0
2025-06-12 03:27:00,12.5
2025-06-12 18:01:00,71.7
2025-06-12 20:52:00,41.6
2025-06-12 00:04:00,4.7
2025-06-12 03:37:00,7.8
2025-06-12 07:04:00,71.3
2025-06-12 06:59:00,60.2
2025-06-12 17:28:00,50.6
2025-06-12 03:36:00,11.5
2025-06-12 08:20:00,8.5
2025-06-12 19:49:00,66.3
2025-06-12 03:19:00,72.9
2025-06-12 16:58:00,8.9
2025-06-12 14:09:00,14.3
2025-06-12 05:22:00,19.6
2025-06-12 14:26:00,26.1
2025-06-12 10:19:00,22.9
2025-06-12 12:20:00,3.9
2025-06-12 18:40:00,74.9
2025-06-12 15:43:00,39.4
2025-06-12 00:49:00,89.6
2025-06-12 12:32:00,95.6
2025-06-12 13:44:00,43.8
2025-06-12 18:04:00,50.024092836946274
2025-06-12 13:53:00,11.4
2025-06-12 01:41:00,15.2
2025-06-12 08:03:00,15.7
2025-06-12 09:01:00,50.024092836946274
2025-06-12 23:55:00,65.7
2025-06-12 04:14:00,21.0
2025-06-12 03:14:00,95.8
2025-06-12 11:33:00,81.1
2025-06-12 13:10:00,68.9
2025-06-12 02:25:00,33.0
2025-06-12 22:48:00,63.1
2025-06-12 07:05:00,72.0
2025-06-12 05:34:00,36.9
2025-06-12 06:01:00,42.3
2025-06-12 13:57:00,9.1
2025-06-12 19:16:00,20.6
2025-06-12 06:19:00,92.9
2025-06-12 04:18:00,49.2
2025-06-12 13:28:00,95.5
2025-06-12 20:25:00,55.5
2025-06-12 05:07:00,35.0
2025-06-12 02:31:00,77.1
2025-06-12 14:12:00,8.3
2025-06-12 15:19:00,52.0
2025-06-12 06:07:00,77.6
2025-06-12 11:50:00,49.54963144963145
2025-06-12 22:35:00,91.8
2025-06-12 10:05:00,80.1
2025-06-12 12:42:00,49.54963144963145
2025-06-12 21:59:00,31.2
2025-06-12 23:26:00,23.8
2025-06-12 13:15:00,81.8
2025-06-12 21:57:00,65.3
2025-06-12 21:15:00,79.8
2025-06-12 07:31:00,49.54963144963145
2025-06-12 10:59:00,79.4
2025-06-12 06:21:00,30.4
2025-06-12 00:15:00,16.2
2025-06-12 01:32:00,76.0
2025-06-12 23:34:00,46.0
2025-06-12 02:58:00,85.8
2025-06-12 07:00:00,13.4
2025-06-12 10:30:00,26.3
2025-06-12 01:55:00,78.2
2025-06-12 12:30:00,21.5
2025-06-12 05:47:00,49.54963144963145
2025-06-12 05:33:00,51.5
2025-06-12 02:56:00,45.2
2025-06-12 20:47:00,93.9
2025-06-12 22:19:00,96.5
2025-06-12 04:28:00,30.3
2025-06-12 07:32:00,81.5
2025-06-12 06:42:00,17.1
2025-06-12 23:33:00,49.54963144963145
2025-06-12 17:11:00,5.5
2025-06-12 10:45:00,41.5
2025-06-12 09:48:00,61.2
2025-06-12 19:23:00,25.5
2025-06-12 10:11:00,26.5
2025-06-12 11:14:00,69.7
2025-06-12 03:49:00,71.3
2025-06-12 11:27:00,32.8
2025-06-12 14:09:00,7.8
2025-06-12 03:13:00,41.9
2025-06-12 13:13:00,65.7
2025-06-12 17:50:00,9.5
2025-06-12 23:38:00,49.54963144963145
2025-06-12 11:07:00,61.7
2025-06-12 21:34:00,19.6
2025-06-12 01:38:00,24.7
2025-06-12 16:06:00,49.54963144963145
2025-06-12 14:25:00,17.4
2025-06-12 12:15:00,84.5
2025-06-12 21:05:00,17.3
2025-06-12 20:40:00,69.9
2025-06-12 09:41:00,66.0
2025-06-12 16:02:00,44.7
2025-06-12 08:04:00,7.9
2025-06-12 16:25:00,49.54963144963145
2025-06-12 11:59:00,84.9
2025-06-12 15:46:00,49.54963144963145
2025-06-12 01:04:00,60.4
2025-06-12 05:05:00,3.0
2025-06-12 07:24:00,43.3
2025-06-12 16:54:00,13.7
2025-06-12 12:53:00,60.7
2025-06-12 15:02:00,34.5
2025-06-12 01:23:00,27.7
2025-06-12 01:49:00,91.9
2025-06-12 05:18:00,59.6
2025-06-12 16:44:00,20.6
2025-06-12 13:46:00,49.54963144963145
2025-06-12 06:50:00,40.1
2025-06-12 10:23:00,18.3
2025-06-12 05:11:00,11.9
2025-06-12 13:54:00,19.4
2025-06-12 07:49:00,22.2
2025-06-12 09:43:00,19.9
2025-06-12 10:58:00,37.2
2025-06-12 12:10:00,18.3
2025-06-12 09:06:00,16.6
2025-06-12 23:55:00,84.9
2025-06-12 15:09:00,49.4
2025-06-12 11:44:00,54.0
2025-06-12 12:34:00,35.0
2025-06-12 03:25:00,34.6
2025-06-12 14:35:00,98.6
2025-06-12 11:01:00,83.8
2025-06-12 15:13:00,49.54963144963145
2025-06-12 16:22:00,1.4
2025-06-12 23:13:00,71.2
2025-06-12 11:08:00,53.7
2025-06-12 16:08:00,49.54963144963145
2025-06-12 03:15:00,47.3
2025-06-12 05:52:00,49.54963144963145
2025-06-12 19:18:00,22.9
2025-06-12 10:27:00,49.5
2025-06-12 15:31:00,98.0
2025-06-12 22:03:00,26.8
2025-06-12 05:17:00,40.6
2025-06-12 03:39:00,50.6
2025-06-12 11:02:00,74.1
2025-06-12 12:09:00,32.2
2025-06-12 00:27:00,60.5
2025-06-12 20:36:00,73.8
2025-06-12 14:33:00,96.9
2025-06-12 04:25:00,27.1
2025-06-12 19:03:00,49.54963144963145
2025-06-12 22:54:00,50.1
2025-06-12 12:58:00,49.0
2025-06-12 14:22:00,29.5
2025-06-12 02:12:00,49.54963144963145
2025-06-12 02:32:00,60.5
2025-06-12 05:00:00,16.2
2025-06-12 23:40:00,19.1
2025-06-12 05:46:00,95.4
2025-06-12 02:09:00,56.4
2025-06-12 23:35:00,66.7
2025-06-12 20:12:00,44.1
2025-06-12 06:14:00,1.3
2025-06-12 09:01:00,52.1
2025-06-12 09:16:00,50.6
2025-06-12 02:05:00,49.54963144963145
2025-06-12 06:51:00,64.0
2025-06-12 14:57:00,49.54963144963145
2025-06-12 14:30:00,72.1
2025-06-12 18:49:00,73.4
2025-06-12 05:09:00,7.6
2025-06-12 02:35:00,49.54963144963145
2025-06-12 08:46:00,95.5
2025-06-12 01:35:00,87.9
2025-06-12 16:28:00,77.9
2025-06-12 04:08:00,49.54963144963145
2025-06-12 05:40:00,15.1
2025-06-12 15:20:00,79.0
2025-06-12 07:38:00,6.6
2025-06-12 06:15:00,36.5
2025-06-12 04:11:00,67.7
2025-06-12 20:55:00,94.5
2025-06-12 15:43:00,39.9
2025-06-12 23:07:00,49.54963144963145
2025-06-12 02:21:00,82.2
2025-06-12 18:59:00,83.8
2025-06-12 13:53:00,1.7
2025-06-12 20:42:00,49.3
2025-06-12 02:37:00,93.7
2025-06-12 13:02:00,85.6
2025-06-12 15:23:00,39.2
2025-06-12 18:15:00,93.2
2025-06-12 01:15:00,71.5
2025-06-12 01:57:00,42.5
2025-06-12 23:44:00,49.54963144963145
2025-06-12 13:08:00,41.3
2025-06-12 00:09:00,77.6
2025-06-12 11:39:00,94.7
2025-06-12 14:32:00,49.54963144963145
2025-06-12 14:16:00,49.54963144963145
2025-06-12 17:24:00,0.0
2025-06-12 14:28:00,83.2
2025-06-12 12:38:00,49.54963144963145
2025-06-12 11:20:00,91.6
2025-06-12 18:07:00,72.8
2025-06-12 19:39:00,39.7
2025-06-12 16:34:00,70.5
2025-06-12 11:31:00,97.9
2025-06-12 11:28:00,47.1
2025-06-12 04:09:00,70.0
2025-06-12 11:30:00,7.6
2025-06-12 22:51:00,43.8
2025-06-12 19:43:00,50.7
2025-06-12 10:14:00,59.6
2025-06-12 15:26:00,64.6
2025-06-12 01:53:00,49.54963144963145
2025-06-12 02:11:00,68.2
2025-06-12 00:18:00,2.5
2025-06-12 06:41:00,33.5
2025-06-12 06:48:00,0.5
2025-06-12 10:04:00,65.0
2025-06-12 22:06:00,28.1
2025-06-12 18:25:00,49.54963144963145
2025-06-12 21:09:00,16.5
2025-06-12 04:22:00,0.5
2025-06-12 07:35:00,12.1
2025-06-12 00:11:00,47.0
2025-06-12 02:04:00,3.3
2025-06-12 09:21:00,77.3
2025-06-12 06:24:00,82.1
2025-06-12 20:41:00,32.8
2025-06-12 07:27:00,20.0
2025-06-12 14:01:00,26.6
2025-06-12 23:00:00,29.2
2025-06-12 15:33:00,5.7
2025-06-12 08:10:00,36.3
2025-06-12 22:11:00,12.9
2025-06-12 07:09:00,24.2
2025-06-12 00:53:00,49.54963144963145
2025-06-12 13:43:00,16.7
2025-06-12 23:49:00,78.8
2025-06-12 09:32:00,76.6
2025-06-12 18:29:00,49.54963144963145
2025-06-12 11:48:00,49.54963144963145
2025-06-12 11:22:00,37.0
2025-06-12 02:45:00,90.7
2025-06-12 00:50:00,27.3
2025-06-12 05:36:00,18.2
2025-06-12 05:10:00,99.0
2025-06-12 06:39:00,33.8
2025-06-12 22:23:00,19.4
2025-06-12 00:29:00,68.8
2025-06-12 21:42:00,95.8
2025-06-12 11:00:00,44.2
2025-06-12 17:16:00,8.6
2025-06-12 13:04:00,34.6
2025-06-12 00:13:00,54.2
2025-06-12 18:18:00,75.7
2025-06-12 08:37:00,37.3
2025-06-12 01:48:00,45.9
2025-06-12 23:56:00,93.4
2025-06-12 14:48:00,71.8
2025-06-12 02:52:00,2.5
2025-06-12 06:29:00,49.54963144963145
2025-06-12 08:08:00,49.54963144963145
2025-06-12 06:32:00,99.0
2025-06-12 12:59:00,49.54963144963145
2025-06-12 16:21:00,37.8
2025-06-12 05:13:00,23.7
2025-06-12 13:52:00,49.54963144963145
2025-06-12 10:36:00,49.54963144963145
2025-06-12 14:00:00,43.9
2025-06-12 16:14:00,74.5
2025-06-12 17:41:00,97.1
2025-06-12 16:48:00,32.5
2025-06-12 19:31:00,27.6
2025-06-12 02:02:00,24.5
2025-06-12 23:17:00,46.8
2025-06-12 10:43:00,52.1
2025-06-12 06:25:00,68.5
2025-06-12 09:58:00,64.1
2025-06-12 17:10:00,35.5
2025-06-12 20:23:00,80.2
2025-06-12 19:34:00,49.54963144963145
2025-06-12 10:34:00,92.8
2025-06-12 00:16:00,92.0
2025-06-12 19:47:00,33.5
2025-06-12 11:16:00,87.9
2025-06-12 21:01:00,49.54963144963145
2025-06-12 05:35:00,31.0
2025-06-12 20:28:00,19.5
2025-06-12 21:08:00,12.3
2025-06-12 15:27:00,1.0
2025-06-12 09:31:00,51.1
2025-06-12 23:37:00,84.0
2025-06-12 14:37:00,30.7
2025-06-12 11:12:00,92.2
2025-06-12 11:55:00,12.2
2025-06-12 06:59:00,73.9
2025-06-12 11:58:00,30.4
2025-06-12 00:02:00,13.0
2025-06-12 03:35:00,70.4
2025-06-12 12:46:00,42.3
2025-06-12 13:22:00,12.0
2025-06-12 04:59:00,5.6
2025-06-12 18:28:00,55.4
2025-06-12 14:31:00,49.54963144963145
2025-06-12 08:14:00,10.1
2025-06-12 22:07:00,96.4
2025-06-12 08:19:00,57.0
2025-06-12 00:43:00,65.4
2025-06-12 23:50:00,70.2
2025-06-12 22:22:00,51.2
2025-06-12 01:39:00,49.54963144963145
2025-06-12 01:26:00,20.6
2025-06-12 08:30:00,89.5
2025-06-12 11:35:00,55.2
2025-06-12 21:48:00,46.9
2025-06-12 10:38:00,69.7
2025-06-12 19:50:00,73.1
2025-06-12 16:35:00,29.8
2025-06-12 07:03:00,48.1
2025-06-12 04:27:00,52.0
2025-06-12 12:49:00,24.0
2025-06-12 15:06:00,39.2
2025-06-12 04:52:00,27.1
2025-06-12 11:25:00,19.0
2025-06-12 10:00:00,83.5
2025-06-12 07:48:00,100.0
2025-06-12 06:43:00,49.54963144963145
2025-06-12 00:39:00,18.5
2025-06-12 23:31:00,49.7
2025-06-12 01:28:00,39.1
2025-06-12 03:02:00,49.54963144963145
2025-06-12 05:08:00,6.8
2025-06-12 13:34:00,51.3
2025-06-12 03:58:00,49.54963144963145
2025-06-12 21:53:00,24.0
2025-06-12 10:29:00,51.9
2025-06-12 13:14:00,72.0
2025-06-12 04:24:00,12.9
2025-06-12 01:27:00,49.54963144963145
2025-06-12 17:08:00,49.54963144963145
2025-06-12 12:00:00,39.7
2025-06-12 02:13:00,97.1
2025-06-12 00:41:00,49.54963144963145
2025-06-12 21:10:00,44.0
2025-06-12 01:40:00,86.6
2025-06-12 04:32:00,54.3
2025-06-12 21:43:00,60.2
2025-06-12 05:01:00,77.3
2025-06-12 22:05:00,59.8
2025-06-12 23:58:00,79.2
2025-06-12 21:19:00,80.7
2025-06-12 07:17:00,50.9
2025-06-12 19:58:00,30.4
2025-06-12 04:45:00,88.0
2025-06-12 01:14:00,18.2
2025-06-12 16:07:00,98.7
2025-06-12 16:30:00,49.54963144963145
2025-06-12 04:06:00,51.4
2025-06-12 05:37:00,77.4
2025-06-12 05:11:00,17.5
2025-06-12 21:35:00,85.2
2025-06-12 21:33:00,92.5
2025-06-12 20:11:00,24.0
2025-06-12 05:54:00,72.9
2025-06-12 11:46:00,91.7
2025-06-12 05:06:00,29.4
2025-06-12 07:48:00,61.9
2025-06-12 19:42:00,49.560128956623686
2025-06-12 21:04:00,46.8
2025-06-12 02:15:00,36.5
2025-06-12 01:07:00,49.560128956623686
2025-06-12 07:55:00,92.3
2025-06-12 15:48:00,68.9
2025-06-12 12:22:00,22.8
2025-06-12 14:53:00,49.560128956623686
2025-06-12 21:40:00,75.3
2025-06-12 03:53:00,12.1
2025-06-12 13:05:00,49.560128956623686
2025-06-12 13:53:00,4.3
2025-06-12 21:34:00,33.6
2025-06-12 01:25:00,8.9
2025-06-12 23:32:00,20.5
2025-06-12 17:41:00,66.7
2025-06-12 20:19:00,51.3
2025-06-12 12:17:00,35.4
2025-06-12 22:11:00,21.7
2025-06-12 15:45:00,49.560128956623686
2025-06-12 04:41:00,36.8
2025-06-12 19:50:00,49.560128956623686
2025-06-12 15:53:00,49.560128956623686
2025-06-12 17:26:00,26.2
2025-06-12 16:35:00,22.5
2025-06-12 07:45:00,44.0
2025-06-12 17:04:00,23.3
2025-06-12 04:05:00,49.560128956623686
2025-06-12 22:58:00,64.9
2025-06-12 05:24:00,43.1
2025-06-12 04:58:00,17.9
2025-06-12 12:41:00,53.6
2025-06-12 21:32:00,58.4
2025-06-12 22:08:00,49.560128956623686
2025-06-12 02:39:00,16.3
2025-06-12 05:08:00,49.560128956623686
2025-06-12 16:23:00,47.7
2025-06-12 16:42:00,44.4
2025-06-12 21:38:00,9.9
2025-06-12 11:33:00,20.8
2025-06-12 11:19:00,72.9
2025-06-12 16:45:00,39.2
2025-06-12 11:05:00,12.9
2025-06-12 11:12:00,95.0
2025-06-12 07:59:00,4.7
2025-06-12 15:57:00,70.6
2025-06-12 22:00:00,13.4
2025-06-12 02:50:00,56.0
2025-06-12 18:12:00,35.3
2025-06-12 15:00:00,40.3
2025-06-12 11:20:00,0.7
2025-06-12 15:17:00,9.3
2025-06-12 21:29:00,8.6
2025-06-12 02:00:00,8.3
2025-06-12 22:41:00,51.1
2025-06-12 12:48:00,84.9
2025-06-12 14:44:00,38.1
2025-06-12 16:44:00,26.0
2025-06-12 05:17:00,62.6
2025-06-12 02:54:00,49.560128956623686
2025-06-12 11:26:00,13.9
2025-06-12 01:09:00,6.4
2025-06-12 22:20:00,49.560128956623686
2025-06-12 01:22:00,12.2
2025-06-12 08:47:00,8.4
2025-06-12 01:32:00,10.2
2025-06-12 12:25:00,49.560128956623686
2025-06-12 04:45:00,49.560128956623686
2025-06-12 09:03:00,49.560128956623686
2025-06-12 00:57:00,94.5
2025-06-12 17:28:00,49.560128956623686
2025-06-12 18:35:00,70.4
2025-06-12 10:54:00,63.6
2025-06-12 07:33:00,41.9
2025-06-12 01:58:00,2.7
2025-06-12 19:55:00,2.1
2025-06-12 10:21:00,97.5
2025-06-12 14:05:00,43.1
2025-06-12 18:57:00,35.7
2025-06-12 00:38:00,68.2
2025-06-12 05:20:00,53.4
2025-06-12 14:00:00,52.4
2025-06-12 05:49:00,20.8
2025-06-12 11:36:00,76.4
2025-06-12 07:11:00,17.7
2025-06-12 08:15:00,16.0
2025-06-12 21:15:00,88.0
2025-06-12 14:08:00,35.2
2025-06-12 02:33:00,49.560128956623686
2025-06-12 15:43:00,9.0
2025-06-12 22:45:00,82.0
2025-06-12 14:43:00,25.0
2025-06-12 06:04:00,76.4
2025-06-12 17:50:00,44.1
2025-06-12 15:07:00,7.2
2025-06-12 19:09:00,23.8
2025-06-12 13:03:00,97.3
2025-06-12 02:03:00,18.0
2025-06-12 12:56:00,33.1
2025-06-12 12:52:00,62.3
2025-06-12 09:35:00,80.3
2025-06-12 07:17:00,49.560128956623686
2025-06-12 23:41:00,75.0
2025-06-12 15:06:00,42.6
2025-06-12 12:13:00,23.1
2025-06-12 20:40:00,41.2
2025-06-12 01:30:00,11.7
2025-06-12 15:34:00,87.9
2025-06-12 23:33:00,34.3
2025-06-12 05:36:00,77.6
2025-06-12 07:24:00,99.0
2025-06-12 17:32:00,3.8
2025-06-12 14:58:00,49.560128956623686
2025-06-12 16:06:00,29.3
2025-06-12 02:09:00,62.4
2025-06-12 07:25:00,40.4
2025-06-12 04:14:00,26.2
2025-06-12 13:01:00,39.6
2025-06-12 11:13:00,49.560128956623686
2025-06-12 12:32:00,35.2
2025-06-12 04:12:00,34.7
2025-06-12 14:41:00,49.560128956623686
2025-06-12 21:25:00,4.9
2025-06-12 20:49:00,53.6
2025-06-12 21:50:00,61.7
2025-06-12 22:42:00,94.5
2025-06-12 00:40:00,50.8
2025-06-12 00:51:00,49.560128956623686
2025-06-12 18:29:00,42.7
2025-06-12 01:50:00,1.8
2025-06-12 07:30:00,47.3
2025-06-12 21:02:00,29.7
2025-06-12 02:18:00,65.6
2025-06-12 09:44:00,49.560128956623686
2025-06-12 09:52:00,43.4
2025-06-12 06:57:00,14.6
2025-06-12 19:54:00,61.2
2025-06-12 06:06:00,49.560128956623686
2025-06-12 22:24:00,1.4
2025-06-12 11:02:00,54.0
2025-06-12 19:53:00,85.9
2025-06-12 15:27:00,64.7
2025-06-12 05:59:00,54.6
2025-06-12 15:03:00,86.7
2025-06-12 21:46:00,84.8
2025-06-12 04:59:00,86.3
2025-06-12 07:04:00,78.1
2025-06-12 14:22:00,44.0
2025-06-12 14:45:00,2.4
2025-06-12 02:13:00,87.0
2025-06-12 12:18:00,20.1
2025-06-12 03:31:00,33.1
2025-06-12 05:40:00,67.1
2025-06-12 03:59:00,17.5
2025-06-12 12:58:00,77.6
2025-06-12 23:40:00,94.3
2025-06-12 06:20:00,37.4
2025-06-12 20:16:00,9.6
2025-06-12 03:29:00,7.9
2025-06-12 15:50:00,36.3
2025-06-12 16:48:00,59.1
2025-06-12 21:18:00,8.0
2025-06-12 08:05:00,66.2
2025-06-12 03:54:00,3.2
2025-06-12 12:44:00,49.560128956623686
2025-06-12 08:09:00,49.560128956623686
2025-06-12 20:42:00,86.9
2025-06-12 03:28:00,34.0
2025-06-12 08:42:00,60.4
2025-06-12 22:30:00,79.4
2025-06-12 13:49:00,65.9
2025-06-12 23:50:00,40.0
2025-06-12 00:28:00,53.8
2025-06-12 14:34:00,65.4
2025-06-12 11:43:00,22.4
2025-06-12 12:24:00,49.560128956623686
2025-06-12 17:33:00,96.7
2025-06-12 20:32:00,60.0
2025-06-12 13:43:00,31.7
2025-06-12 05:16:00,49.560128956623686
2025-06-12 00:24:00,49.560128956623686
2025-06-12 06:38:00,49.0
2025-06-12 05:58:00,22.9
2025-06-12 17:49:00,24.0
2025-06-12 21:47:00,32.2
2025-06-12 12:53:00,30.5
2025-06-12 14:04:00,49.560128956623686
2025-06-12 00:31:00,46.5
2025-06-12 20:51:00,67.4
2025-06-12 00:41:00,81.8
2025-06-12 17:58:00,97.1
2025-06-12 14:42:00,9.7
2025-06-12 10:42:00,73.8
2025-06-12 16:07:00,32.6
2025-06-12 22:14:00,40.6
2025-06-12 19:44:00,14.8
2025-06-12 13:02:00,80.2
2025-06-12 01:19:00,11.2
2025-06-12 07:12:00,44.6
2025-06-12 00:00:00,3.0
2025-06-12 19:28:00,92.2
2025-06-12 02:01:00,9.5
2025-06-12 09:46:00,17.3
2025-06-12 00:20:00,49.560128956623686
2025-06-12 08:30:00,39.2
2025-06-12 09:15:00,66.8
2025-06-12 09:21:00,21.7
2025-06-12 21:24:00,49.560128956623686
2025-06-12 21:49:00,84.0
2025-06-12 17:24:00,34.4
2025-06-12 09:38:00,46.5
2025-06-12 21:30:00,24.0
2025-06-12 19:57:00,42.7
2025-06-12 10:50:00,49.560128956623686
2025-06-12 14:51:00,85.5
2025-06-12 13:08:00,31.9
2025-06-12 08:13:00,99.5
2025-06-12 15:52:00,85.5
2025-06-12 17:08:00,77.9
2025-06-12 09:13:00,22.7
2025-06-12 20:17:00,0.1
2025-06-12 13:17:00,80.7
2025-06-12 13:10:00,35.3
2025-06-12 23:30:00,9.0
2025-06-12 14:21:00,6.1
2025-06-12 06:41:00,4.3
2025-06-12 14:56:00,28.6
2025-06-12 01:03:00,96.9
2025-06-12 10:51:00,25.3
2025-06-12 16:25:00,69.4
2025-06-12 15:10:00,95.1
2025-06-12 22:10:00,49.2
2025-06-12 13:44:00,87.9
2025-06-12 10:26:00,58.1
2025-06-12 11:24:00,24.2
2025-06-12 11:55:00,93.3
2025-06-12 10:13:00,1.7
2025-06-12 00:36:00,2.9
2025-06-12 20:28:00,92.2
2025-06-12 17:09:00,49.560128956623686
2025-06-12 08:26:00,24.1
2025-06-12 23:54:00,19.3
2025-06-12 23:11:00,22.1
2025-06-12 13:27:00,49.560128956623686
2025-06-12 15:01:00,50.2
2025-06-12 09:10:00,82.0
2025-06-12 03:21:00,44.0
2025-06-12 05:43:00,18.3
2025-06-12 20:53:00,25.0
2025-06-12 01:43:00,64.1
2025-06-12 19:31:00,12.6
2025-06-12 18:01:00,66.6
2025-06-12 00:53:00,53.3
2025-06-12 23:36:00,98.5
2025-06-12 13:41:00,40.2
2025-06-12 00:12:00,91.3
2025-06-12 15:29:00,76.7
2025-06-12 16:58:00,63.7
2025-06-12 08:22:00,49.560128956623686
2025-06-12 04:18:00,60.1
2025-06-12 09:05:00,49.9
2025-06-12 22:25:00,83.0
2025-06-12 20:39:00,35.7
2025-06-12 11:58:00,49.560128956623686
2025-06-12 23:43:00,46.2
2025-06-12 05:00:00,12.2
2025-06-12 22:35:00,23.0
2025-06-12 18:13:00,90.0
2025-06-12 04:22:00,31.9
2025-06-12 04:34:00,4.2
2025-06-12 05:46:00,58.9
2025-06-12 18:34:00,91.3
2025-06-12 03:20:00,59.3
2025-06-12 01:47:00,44.0
2025-06-12 03:42:00,56.9
2025-06-12 01:46:00,49.560128956623686
2025-06-12 21:31:00,36.9
2025-06-12 01:28:00,49.560128956623686
2025-06-12 04:37:00,20.8
2025-06-12 00:34:00,64.8
2025-06-12 16:55:00,88.8
2025-06-12 13:46:00,4.8
2025-06-12 22:31:00,94.0
2025-06-12 07:14:00,29.2
2025-06-12 07:43:00,4.5
2025-06-12 02:26:00,14.8
2025-06-12 06:03:00,67.6
2025-06-12 11:07:00,75.3
2025-06-12 22:13:00,19.7
2025-06-12 08:17:00,83.3
2025-06-12 00:23:00,72.7
2025-06-12 02:53:00,41.7
2025-06-12 07:28:00,80.3
2025-06-12 06:28:00,7.4
2025-06-12 16:50:00,3.8
2025-06-12 02:58:00,50.10277843742579
2025-06-12 06:03:00,20.7
2025-06-12 13:07:00,8.4
2025-06-12 14:23:00,90.4
2025-06-12 23:50:00,51.4
2025-06-12 08:19:00,80.3
2025-06-12 09:34:00,30.5
2025-06-12 19:34:00,83.5
2025-06-12 23:00:00,50.10277843742579
2025-06-12 06:55:00,81.2
2025-06-12 06:31:00,74.7
2025-06-12 19:30:00,39.0
2025-06-12 15:44:00,48.7
2025-06-12 18:44:00,72.0
2025-06-12 04:51:00,41.8
2025-06-12 11:06:00,42.1
2025-06-12 00:37:00,14.1
2025-06-12 00:30:00,96.8
2025-06-12 04:42:00,79.8
2025-06-12 00:52:00,23.0
2025-06-12 16:30:00,24.0
2025-06-12 10:49:00,93.1
2025-06-12 08:49:00,55.1
2025-06-12 02:50:00,20.2
2025-06-12 18:32:00,50.10277843742579
2025-06-12 23:59:00,98.7
2025-06-12 11:02:00,68.2
2025-06-12 09:12:00,80.9
2025-06-12 05:40:00,63.6
2025-06-12 17:43:00,50.10277843742579
2025-06-12 10:35:00,7.9
2025-06-12 02:14:00,29.5
2025-06-12 10:20:00,22.7
2025-06-12 21:42:00,48.4
2025-06-12 00:47:00,71.3
2025-06-12 09:00:00,73.2
2025-06-12 14:08:00,34.5
2025-06-12 06:12:00,96.6
2025-06-12 22:18:00,94.8
2025-06-12 06:52:00,4.0
2025-06-12 06:43:00,50.10277843742579
2025-06-12 15:57:00,97.4
2025-06-12 19:35:00,83.8
2025-06-12 04:46:00,50.10277843742579
2025-06-12 23:34:00,86.4
2025-06-12 23:33:00,49.3
2025-06-12 11:18:00,59.2
2025-06-12 03:44:00,10.8
2025-06-12 03:53:00,5.2
2025-06-12 14:22:00,24.1
2025-06-12 17:22:00,79.0
2025-06-12 08:54:00,29.6
2025-06-12 15:04:00,18.7
2025-06-12 17:28:00,83.4
2025-06-12 10:11:00,2.2
2025-06-12 11:39:00,50.10277843742579
2025-06-12 18:09:00,33.4
2025-06-12 07:19:00,39.9
2025-06-12 04:06:00,33.1
2025-06-12 15:14:00,43.1
2025-06-12 01:30:00,16.1
2025-06-12 18:37:00,40.1
2025-06-12 16:11:00,50.10277843742579
2025-06-12 22:55:00,98.5
2025-06-12 05:03:00,84.5
2025-06-12 12:23:00,87.0
2025-06-12 20:07:00,16.1
2025-06-12 15:00:00,82.8
2025-06-12 04:54:00,50.10277843742579
2025-06-12 14:14:00,99.6
2025-06-12 03:22:00,46.1
2025-06-12 23:05:00,90.0
2025-06-12 19:08:00,56.7
2025-06-12 17:54:00,50.10277843742579
2025-06-12 22:16:00,50.10277843742579
2025-06-12 04:18:00,50.10277843742579
2025-06-12 15:27:00,50.10277843742579
2025-06-12 10:07:00,20.1
2025-06-12 16:05:00,32.0
2025-06-12 18:39:00,8.6
2025-06-12 07:03:00,23.2
2025-06-12 03:49:00,15.4
2025-06-12 16:38:00,81.3
2025-06-12 12:49:00,36.2
2025-06-12 13:37:00,66.0
2025-06-12 14:51:00,18.6
2025-06-12 05:09:00,50.10277843742579
2025-06-12 04:36:00,50.10277843742579
2025-06-12 14:57:00,35.4
2025-06-12 19:38:00,50.10277843742579
2025-06-12 16:52:00,96.2
2025-06-12 08:52:00,80.8
2025-06-12 01:57:00,15.7
2025-06-12 12:06:00,78.5
2025-06-12 10:45:00,61.1
2025-06-12 09:18:00,36.9
2025-06-12 02:47:00,65.1
2025-06-12 02:04:00,15.9
2025-06-12 01:24:00,34.7
2025-06-12 10:41:00,95.4
2025-06-12 04:41:00,7.6
2025-06-12 13:17:00,27.2
2025-06-12 03:55:00,50.10277843742579
2025-06-12 14:29:00,53.2
2025-06-12 05:16:00,42.5
2025-06-12 21:16:00,75.7
2025-06-12 09:49:00,83.4
2025-06-12 05:58:00,69.6
2025-06-12 10:22:00,42.8
2025-06-12 05:04:00,10.6
2025-06-12 14:59:00,86.2
2025-06-12 09:33:00,51.5
2025-06-12 22:59:00,39.7
2025-06-12 01:08:00,0.8
2025-06-12 07:48:00,4.5
2025-06-12 00:18:00,26.7
2025-06-12 22:31:00,31.3
2025-06-12 17:02:00,74.9
2025-06-12 07:06:00,45.5
2025-06-12 00:16:00,50.10277843742579
2025-06-12 22:12:00,50.10277843742579
2025-06-12 18:55:00,50.10277843742579
2025-06-12 07:25:00,43.4
2025-06-12 14:07:00,84.5
2025-06-12 02:09:00,97.9
2025-06-12 03:26:00,4.0
2025-06-12 10:37:00,86.7
2025-06-12 11:47:00,89.0
2025-06-12 21:50:00,95.5
2025-06-12 20:46:00,89.4
2025-06-12 11:12:00,4.8
2025-06-12 13:25:00,88.6
2025-06-12 14:21:00,50.10277843742579
2025-06-12 18:17:00,68.2
2025-06-12 02:36:00,50.10277843742579
2025-06-12 17:23:00,7.0
2025-06-12 16:09:00,71.0
2025-06-12 16:27:00,28.1
2025-06-12 12:07:00,15.9
2025-06-12 20:21:00,43.0
2025-06-12 19:58:00,64.5
2025-06-12 04:10:00,15.1
2025-06-12 01:09:00,45.2
2025-06-12 14:56:00,50.10277843742579
2025-06-12 18:46:00,50.10277843742579
2025-06-12 03:27:00,99.5
2025-06-12 05:48:00,12.9
2025-06-12 09:41:00,65.9
2025-06-12 22:14:00,50.10277843742579
2025-06-12 07:31:00,49.5
2025-06-12 06:49:00,58.4
2025-06-12 07:37:00,97.7
2025-06-12 06:59:00,70.7
2025-06-12 16:53:00,50.10277843742579
2025-06-12 04:59:00,13.9
2025-06-12 13:36:00,86.0
2025-06-12 21:27:00,50.10277843742579
2025-06-12 15:08:00,27.3
2025-06-12 05:54:00,50.10277843742579
2025-06-12 08:07:00,26.4
2025-06-12 09:10:00,35.4
2025-06-12 00:01:00,50.10277843742579
2025-06-12 21:20:00,10.6
2025-06-12 20:56:00,43.3
2025-06-12 13:58:00,18.9
2025-06-12 16:01:00,50.10277843742579
2025-06-12 12:01:00,88.2
2025-06-12 09:15:00,75.7
2025-06-12 03:35:00,50.10277843742579
2025-06-12 03:33:00,97.5
2025-06-12 10:43:00,10.9
2025-06-12 13:33:00,49.7
2025-06-12 23:01:00,16.7
2025-06-12 12:15:00,13.4
2025-06-12 04:35:00,30.0
2025-06-12 07:11:00,35.4
2025-06-12 21:10:00,10.5
2025-06-12 19:00:00,60.4
2025-06-12 14:26:00,50.10277843742579
2025-06-12 14:42:00,50.10277843742579
2025-06-12 12:37:00,48.3
2025-06-12 15:30:00,19.3
2025-06-12 12:36:00,26.7
2025-06-12 20:22:00,48.6
2025-06-12 00:28:00,7.2
2025-06-12 01:12:00,25.8
2025-06-12 12:22:00,43.2
2025-06-12 05:21:00,42.3
2025-06-12 09:09:00,50.10277843742579
2025-06-12 01:16:00,43.3
2025-06-12 22:50:00,19.4
2025-06-12 17:35:00,14.0
2025-06-12 16:44:00,6.6
2025-06-12 19:40:00,24.4
2025-06-12 06:11:00,68.7
2025-06-12 21:34:00,55.9
2025-06-12 22:45:00,50.10277843742579
2025-06-12 21:37:00,4.4
2025-06-12 23:25:00,85.6
2025-06-12 19:18:00,46.1
2025-06-12 15:56:00,15.9
2025-06-12 10:38:00,50.10277843742579
2025-06-12 05:32:00,7.3
2025-06-12 07:54:00,39.8
2025-06-12 06:30:00,50.10277843742579
2025-06-12 19:32:00,54.9
2025-06-12 11:53:00,36.8
2025-06-12 11:45:00,57.1
2025-06-12 15:53:00,2.6
2025-06-12 14:01:00,84.9
2025-06-12 19:49:00,85.3
2025-06-12 14:39:00,63.3
2025-06-12 01:54:00,39.0
2025-06-12 10:48:00,65.3
2025-06-12 17:30:00,30.3
2025-06-12 13:03:00,50.10277843742579
2025-06-12 23:32:00,88.3
2025-06-12 06:48:00,11.1
2025-06-12 19:04:00,40.1
2025-06-12 23:07:00,46.2
2025-06-12 06:20:00,89.6
2025-06-12 13:39:00,93.2
2025-06-12 08:17:00,56.0
2025-06-12 23:49:00,98.0
2025-06-12 19:20:00,17.1
2025-06-12 22:53:00,4.2
2025-06-12 01:51:00,50.10277843742579
2025-06-12 15:02:00,41.5
2025-06-12 22:57:00,40.0
2025-06-12 23:55:00,31.4
2025-06-12 20:01:00,53.2
2025-06-12 17:01:00,7.2
2025-06-12 12:24:00,22.2
2025-06-12 03:37:00,46.9
2025-06-12 20:48:00,53.0
2025-06-12 21:53:00,66.6
2025-06-12 00:23:00,82.3
2025-06-12 17:31:00,84.3
2025-06-12 01:19:00,32.0
2025-06-12 03:39:00,50.10277843742579
2025-06-12 11:40:00,50.10277843742579
2025-06-12 09:30:00,1.4
2025-06-12 15:35:00,15.2
2025-06-12 17:48:00,9.0
2025-06-12 03:14:00,28.5
2025-06-12 10:36:00,50.10277843742579
2025-06-12 16:29:00,19.9
2025-06-12 13:30:00,13.9
2025-06-12 13:18:00,95.9
2025-06-12 11:46:00,24.5
2025-06-12 11:00:00,73.6
2025-06-12 03:03:00,87.5
2025-06-12 03:30:00,65.3
2025-06-12 00:11:00,24.3
2025-06-12 17:15:00,89.1
2025-06-12 13:16:00,12.4
2025-06-12 01:40:00,5.2
2025-06-12 17:10:00,50.10277843742579
2025-06-12 11:07:00,90.4
2025-06-12 05:27:00,50.10277843742579
2025-06-12 19:26:00,0.4
2025-06-12 13:31:00,50.10277843742579
2025-06-12 01:41:00,50.2
2025-06-12 20:40:00,75.6
2025-06-12 16:20:00,37.3
2025-06-12 19:57:00,21.3
2025-06-12 05:35:00,50.10277843742579
2025-06-12 11:23:00,4.0
2025-06-12 21:22:00,59.5
2025-06-12 03:36:00,47.6
2025-06-12 07:22:00,14.7
2025-06-12 00:27:00,97.4
2025-06-12 02:18:00,99.3
2025-06-12 00:22:00,30.8
2025-06-12 01:20:00,44.1
2025-06-12 23:08:00,61.3
2025-06-12 04:57:00,4.1
2025-06-12 18:15:00,15.9
2025-06-12 10:16:00,28.2
2025-06-12 22:20:00,37.3
2025-06-12 21:30:00,28.4
2025-06-12 11:56:00,32.1
2025-06-12 15:31:00,64.6
2025-06-12 13:35:00,59.0
2025-06-12 00:26:00,29.7
2025-06-12 09:17:00,50.10277843742579
2025-06-12 00:51:00,96.8
2025-06-12 21:12:00,20.3
2025-06-12 03:25:00,57.0
2025-06-12 00:00:00,18.7
2025-06-12 11:58:00,66.6
2025-06-12 03:07:00,17.4
2025-06-12 05:15:00,25.8
2025-06-12 22:21:00,75.1
2025-06-12 01:31:00,72.6
2025-06-12 13:52:00,62.7
2025-06-12 09:08:00,19.8
2025-06-12 18:42:00,35.1
2025-06-12 16:24:00,84.0
2025-06-12 08:39:00,18.1
2025-06-12 18:53:00,39.6
2025-06-12 21:00:00,39.6
2025-06-12 07:10:00,19.1
2025-06-12 22:25:00,74.6
2025-06-12 13:59:00,53.6
2025-06-12 04:01:00,77.8
2025-06-12 09:10:00,49.2
2025-06-12 13:44:00,49.85036359371334
2025-06-12 14:32:00,13.6
2025-06-12 18:24:00,54.0
2025-06-12 06:30:00,30.8
2025-06-12 00:39:00,11.7
2025-06-12 13:19:00,14.4
2025-06-12 13:30:00,49.85036359371334
2025-06-12 00:42:00,37.5
2025-06-12 06:44:00,24.6
2025-06-12 02:27:00,83.2
2025-06-12 10:07:00,93.3
2025-06-12 12:00:00,96.9
2025-06-12 23:14:00,68.1
2025-06-12 18:53:00,28.8
2025-06-12 18:17:00,69.5
2025-06-12 06:36:00,49.85036359371334
2025-06-12 03:59:00,37.9
2025-06-12 05:00:00,75.8
2025-06-12 03:20:00,84.5
2025-06-12 23:23:00,21.0
2025-06-12 03:58:00,94.0
2025-06-12 03:57:00,41.9
2025-06-12 03:21:00,35.2
2025-06-12 16:10:00,49.85036359371334
2025-06-12 07:48:00,85.1
2025-06-12 17:57:00,57.2
2025-06-12 20:44:00,40.3
2025-06-12 06:58:00,49.85036359371334
2025-06-12 21:56:00,49.85036359371334
2025-06-12 12:52:00,12.7
2025-06-12 00:57:00,4.2
2025-06-12 12:55:00,49.85036359371334
2025-06-12 16:09:00,49.1
2025-06-12 07:32:00,60.8
2025-06-12 08:40:00,96.3
2025-06-12 23:20:00,80.7
2025-06-12 19:46:00,57.7
2025-06-12 02:46:00,61.3
2025-06-12 22:19:00,37.5
2025-06-12 00:01:00,77.7
2025-06-12 06:31:00,39.4
2025-06-12 02:44:00,28.3
2025-06-12 03:47:00,96.8
2025-06-12 06:53:00,0.2
2025-06-12 21:18:00,14.6
2025-06-12 22:32:00,77.1
2025-06-12 09:35:00,98.9
2025-06-12 10:29:00,62.6
2025-06-12 18:55:00,22.0
2025-06-12 20:21:00,78.3
2025-06-12 05:35:00,70.6
2025-06-12 01:08:00,49.85036359371334
2025-06-12 07:44:00,49.85036359371334
2025-06-12 20:23:00,68.1
2025-06-12 10:21:00,67.2
2025-06-12 11:10:00,49.85036359371334
2025-06-12 19:33:00,63.9
2025-06-12 20:45:00,38.2
2025-06-12 09:54:00,10.2
2025-06-12 02:35:00,95.9
2025-06-12 01:57:00,33.2
2025-06-12 16:18:00,49.85036359371334
2025-06-12 08:29:00,3.8
2025-06-12 07:06:00,36.2
2025-06-12 01:23:00,12.7
2025-06-12 18:43:00,84.3
2025-06-12 23:03:00,49.85036359371334
2025-06-12 21:54:00,2.0
2025-06-12 06:52:00,46.6
2025-06-12 17:20:00,49.85036359371334
2025-06-12 13:20:00,2.6
2025-06-12 04:45:00,49.85036359371334
2025-06-12 20:53:00,49.85036359371334
2025-06-12 10:49:00,18.2
2025-06-12 04:13:00,6.9
2025-06-12 22:03:00,93.5
2025-06-12 05:31:00,59.7
2025-06-12 22:38:00,51.5
2025-06-12 04:51:00,57.4
2025-06-12 16:03:00,49.85036359371334
2025-06-12 23:57:00,94.4
2025-06-12 03:14:00,50.0
2025-06-12 06:19:00,22.2
2025-06-12 15:14:00,84.8
2025-06-12 14:19:00,49.85036359371334
2025-06-12 22:25:00,91.0
2025-06-12 18:42:00,40.9
2025-06-12 09:26:00,21.1
2025-06-12 12:11:00,49.85036359371334
2025-06-12 01:19:00,33.0
2025-06-12 16:27:00,29.9
2025-06-12 10:37:00,55.6
2025-06-12 00:03:00,79.1
2025-06-12 13:08:00,13.7
2025-06-12 22:15:00,49.85036359371334
2025-06-12 17:43:00,42.4
2025-06-12 08:36:00,49.85036359371334
2025-06-12 23:12:00,49.85036359371334
2025-06-12 20:15:00,49.85036359371334
2025-06-12 08:12:00,78.7
2025-06-12 13:24:00,90.8
2025-06-12 07:05:00,66.7
2025-06-12 19:40:00,49.85036359371334
2025-06-12 03:40:00,74.4
2025-06-12 21:57:00,42.0
2025-06-12 15:57:00,38.3
2025-06-12 06:56:00,90.8
2025-06-12 00:14:00,46.5
2025-06-12 12:21:00,48.6
2025-06-12 11:25:00,56.5
2025-06-12 19:14:00,59.4
2025-06-12 15:54:00,6.4
2025-06-12 21:07:00,14.2
2025-06-12 04:49:00,84.2
2025-06-12 09:01:00,97.4
2025-06-12 20:38:00,79.9
2025-06-12 17:37:00,86.8
2025-06-12 07:35:00,22.5
2025-06-12 13:40:00,14.7
2025-06-12 17:08:00,41.5
2025-06-12 21:10:00,55.4
2025-06-12 01:13:00,88.4
2025-06-12 14:08:00,43.6
2025-06-12 15:07:00,52.1
2025-06-12 23:15:00,49.85036359371334
2025-06-12 09:08:00,5.3
2025-06-12 15:49:00,13.1
2025-06-12 06:14:00,14.6
2025-06-12 17:53:00,36.8
2025-06-12 02:20:00,49.85036359371334
2025-06-12 21:15:00,53.1
2025-06-12 02:50:00,14.0
2025-06-12 04:55:00,68.8
2025-06-12 07:53:00,87.0
2025-06-12 07:10:00,32.7
2025-06-12 06:26:00,21.5
2025-06-12 10:28:00,49.85036359371334
2025-06-12 19:12:00,99.7
2025-06-12 15:23:00,24.5
2025-06-12 14:44:00,29.0
2025-06-12 10:41:00,71.7
2025-06-12 13:50:00,74.9
2025-06-12 02:47:00,89.0
2025-06-12 01:21:00,10.1
2025-06-12 21:23:00,14.1
2025-06-12 07:37:00,22.5
2025-06-12 13:45:00,86.5
2025-06-12 04:48:00,54.4
2025-06-12 08:09:00,16.2
2025-06-12 19:15:00,68.4
2025-06-12 18:34:00,26.9
2025-06-12 02:18:00,29.0
2025-06-12 07:17:00,91.7
2025-06-12 12:20:00,39.9
2025-06-12 11:52:00,35.9
2025-06-12 18:01:00,6.8
2025-06-12 17:12:00,24.3
2025-06-12 01:17:00,99.2
2025-06-12 00:07:00,59.7
2025-06-12 19:25:00,42.3
2025-06-12 00:54:00,61.5
2025-06-12 08:14:00,29.2
2025-06-12 23:43:00,49.85036359371334
2025-06-12 00:34:00,1.2
2025-06-12 14:16:00,68.8
2025-06-12 10:14:00,21.8
2025-06-12 04:04:00,94.4
2025-06-12 02:21:00,9.5
2025-06-12 06:17:00,26.6
2025-06-12 16:33:00,49.85036359371334
2025-06-12 14:29:00,37.2
2025-06-12 20:36:00,52.6
2025-06-12 09:37:00,25.1
2025-06-12 09:55:00,42.8
2025-06-12 17:14:00,12.1
2025-06-12 14:15:00,2.9
2025-06-12 14:17:00,49.85036359371334
2025-06-12 23:28:00,24.3
2025-06-12 23:38:00,29.2
2025-06-12 04:52:00,10.8
2025-06-12 13:41:00,91.2
2025-06-12 20:28:00,13.6
2025-06-12 10:42:00,33.4
2025-06-12 08:04:00,65.5
2025-06-12 20:05:00,83.4
2025-06-12 16:26:00,52.6
2025-06-12 19:23:00,49.85036359371334
2025-06-12 08:39:00,19.4
2025-06-12 09:00:00,13.6
2025-06-12 00:40:00,86.8
2025-06-12 16:15:00,18.2
2025-06-12 18:03:00,67.2
2025-06-12 01:10:00,79.1
2025-06-12 21:50:00,47.3
2025-06-12 07:16:00,9.2
2025-06-12 09:33:00,8.2
2025-06-12 12:40:00,1.8
2025-06-12 23:08:00,88.1
2025-06-12 14:02:00,85.1
2025-06-12 08:15:00,60.8
2025-06-12 14:35:00,49.8
2025-06-12 18:20:00,49.85036359371334
2025-06-12 01:05:00,49.85036359371334
2025-06-12 16:25:00,53.0
2025-06-12 18:02:00,18.9
2025-06-12 12:47:00,10.2
2025-06-12 12:25:00,49.85036359371334
2025-06-12 14:09:00,51.5
2025-06-12 20:27:00,49.85036359371334
2025-06-12 08:57:00,64.6
2025-06-12 09:09:00,57.0
2025-06-12 06:09:00,83.9
2025-06-12 12:36:00,71.1
2025-06-12 10:20:00,13.6
2025-06-12 22:42:00,96.8
2025-06-12 05:41:00,49.85036359371334
2025-06-12 04:57:00,79.0
2025-06-12 21:32:00,49.85036359371334
2025-06-12 22:18:00,76.2
2025-06-12 05:48:00,73.1
2025-06-12 05:58:00,66.2
2025-06-12 16:22:00,36.4
2025-06-12 15:59:00,79.1
2025-06-12 00:43:00,97.5
2025-06-12 21:39:00,33.5
2025-06-12 13:48:00,93.4
2025-06-12 20:09:00,79.6
2025-06-12 03:55:00,75.4
2025-06-12 02:53:00,60.9
2025-06-12 23:25:00,51.2
2025-06-12 17:31:00,45.4
2025-06-12 00:33:00,35.0
2025-06-12 02:23:00,64.0
2025-06-12 00:21:00,56.4
2025-06-12 15:44:00,39.5
2025-06-12 04:12:00,28.1
2025-06-12 22:44:00,16.8
2025-06-12 07:45:00,17.9
2025-06-12 22:14:00,46.4
2025-06-12 18:58:00,33.0
2025-06-12 22:08:00,8.4
2025-06-12 15:45:00,94.0
2025-06-12 08:42:00,49.85036359371334
2025-06-12 21:01:00,97.4
2025-06-12 23:06:00,98.9
2025-06-12 15:27:00,14.7
2025-06-12 08:19:00,41.0
2025-06-12 17:32:00,30.8
2025-06-12 10:26:00,57.4
2025-06-12 15:32:00,45.6
2025-06-12 11:26:00,68.5
2025-06-12 04:19:00,49.85036359371334
2025-06-12 01:02:00,49.85036359371334
2025-06-12 12:44:00,94.2
2025-06-12 23:49:00,15.5
2025-06-12 02:56:00,49.85036359371334
2025-06-12 20:50:00,26.3
2025-06-12 09:53:00,3.2
2025-06-12 19:28:00,9.6
2025-06-12 15:26:00,58.4
2025-06-12 00:30:00,39.5
2025-06-12 10:13:00,25.9
2025-06-12 00:31:00,44.8
2025-06-12 15:37:00,51.2
2025-06-12 13:10:00,16.4
2025-06-12 14:12:00,62.3
2025-06-12 03:18:00,18.6
2025-06-12 10:23:00,6.5
2025-06-12 03:51:00,49.85036359371334
2025-06-12 21:14:00,92.4
2025-06-12 09:14:00,55.6
2025-06-12 03:07:00,86.8
2025-06-12 08:23:00,72.8
2025-06-12 15:17:00,35.5
2025-06-12 05:33:00,31.6
2025-06-12 16:06:00,1.9
2025-06-12 23:59:00,78.7
2025-06-12 10:16:00,63.6
2025-06-12 00:25:00,28.5
2025-06-12 15:31:00,0.9
2025-06-12 05:10:00,11.3
2025-06-12 03:12:00,26.1
2025-06-12 06:03:00,68.6
2025-06-12 01:31:00,21.1
2025-06-12 13:18:00,49.85036359371334
2025-06-12 08:52:00,23.5
2025-06-12 12:34:00,40.8
2025-06-12 12:04:00,22.3
2025-06-12 06:23:00,49.85036359371334
2025-06-12 13:35:00,63.7
2025-06-12 15:34:00,67.1
2025-06-12 04:03:00,77.7
2025-06-12 07:40:00,19.1
2025-06-12 21:30:00,63.0
2025-06-12 03:36:00,40.9
2025-06-12 02:25:00,86.4
2025-06-12 07:34:00,1.3
2025-06-12 04:16:00,65.0
2025-06-12 19:37:00,7.1
2025-06-12 11:08:00,39.3
2025-06-12 21:35:00,26.3
2025-06-12 23:21:00,29.0
2025-06-12 17:41:00,83.0
2025-06-12 01:25:00,49.85036359371334
2025-06-12 20:33:00,24.9
2025-06-12 04:43:00,5.5
2025-06-12 08:54:00,61.4
2025-06-12 19:45:00,99.1
2025-06-12 13:22:00,14.1
2025-06-12 04:07:00,19.6
2025-06-12 01:36:00,25.2
2025-06-12 12:05:00,40.7
2025-06-12 02:21:00,16.3
2025-06-12 22:26:00,93.0
2025-06-12 17:30:00,100.0
2025-06-12 18:29:00,40.1
2025-06-12 02:15:00,68.8
2025-06-12 09:52:00,2.6
2025-06-12 23:16:00,8.2
2025-06-12 07:54:00,11.4
2025-06-12 13:24:00,37.4
2025-06-12 09:24:00,21.4
2025-06-12 08:42:00,51.3
2025-06-12 20:24:00,50.02337935876432
2025-06-12 02:25:00,93.4
2025-06-12 17:25:00,50.02337935876432
2025-06-12 15:36:00,71.3
2025-06-12 12:39:00,60.8
2025-06-12 11:25:00,54.0
2025-06-12 16:46:00,98.7
2025-06-12 07:07:00,61.5
2025-06-12 02:09:00,12.5
2025-06-12 13:30:00,39.3
2025-06-12 03:07:00,16.8
2025-06-12 18:42:00,71.3
2025-06-12 19:57:00,50.02337935876432
2025-06-12 08:31:00,50.02337935876432
2025-06-12 12:35:00,7.9
2025-06-12 23:53:00,33.1
2025-06-12 08:34:00,50.02337935876432
2025-06-12 11:47:00,84.6
2025-06-12 12:52:00,33.0
2025-06-12 23:35:00,99.0
2025-06-12 18:49:00,4.6
2025-06-12 06:45:00,50.02337935876432
2025-06-12 08:04:00,58.6
2025-06-12 08:21:00,14.1
2025-06-12 07:26:00,6.1
2025-06-12 04:57:00,50.02337935876432
2025-06-12 18:10:00,52.3
2025-06-12 20:44:00,87.2
2025-06-12 10:39:00,27.2
2025-06-12 02:44:00,58.7
2025-06-12 01:33:00,17.8
2025-06-12 14:27:00,13.7
2025-06-12 16:27:00,94.5
2025-06-12 14:34:00,50.02337935876432
2025-06-12 01:48:00,50.02337935876432
2025-06-12 13:02:00,75.4
2025-06-12 23:08:00,50.02337935876432
2025-06-12 22:24:00,50.02337935876432
2025-06-12 15:53:00,50.02337935876432
2025-06-12 07:00:00,55.2
2025-06-12 09:49:00,14.3
2025-06-12 16:50:00,39.7
2025-06-12 14:35:00,73.9
2025-06-12 05:33:00,25.7
2025-06-12 13:42:00,82.3
2025-06-12 18:41:00,93.9
2025-06-12 05:20:00,62.3
2025-06-12 19:09:00,3.6
2025-06-12 18:05:00,9.5
2025-06-12 23:10:00,34.4
2025-06-12 10:53:00,50.02337935876432
2025-06-12 00:51:00,68.6
2025-06-12 22:25:00,29.0
2025-06-12 09:32:00,36.3
2025-06-12 20:59:00,50.02337935876432
2025-06-12 06:19:00,91.1
2025-06-12 01:17:00,50.02337935876432
2025-06-12 23:48:00,31.5
2025-06-12 12:21:00,47.1
2025-06-12 00:13:00,81.7
2025-06-12 04:40:00,82.1
2025-06-12 03:13:00,54.2
2025-06-12 03:55:00,69.2
2025-06-12 09:23:00,92.6
2025-06-12 22:29:00,97.4
2025-06-12 07:48:00,40.8
2025-06-12 17:43:00,94.5
2025-06-12 18:06:00,76.4
2025-06-12 03:29:00,33.2
2025-06-12 08:53:00,50.02337935876432
2025-06-12 14:02:00,78.5
2025-06-12 09:29:00,38.2
2025-06-12 06:43:00,50.02337935876432
2025-06-12 14:38:00,50.02337935876432
2025-06-12 09:08:00,61.1
2025-06-12 00:32:00,43.0
2025-06-12 02:57:00,46.8
2025-06-12 21:10:00,10.3
2025-06-12 01:49:00,15.9
2025-06-12 07:04:00,46.8
2025-06-12 01:28:00,77.0
2025-06-12 20:08:00,50.02337935876432
2025-06-12 08:26:00,81.0
2025-06-12 11:00:00,39.5
2025-06-12 15:27:00,80.7
2025-06-12 10:58:00,25.2
2025-06-12 06:25:00,12.3
2025-06-12 21:00:00,88.8
2025-06-12 09:55:00,44.5
2025-06-12 23:07:00,18.0
2025-06-12 23:51:00,1.5
2025-06-12 05:58:00,13.4
2025-06-12 01:03:00,10.9
2025-06-12 02:54:00,50.02337935876432
2025-06-12 18:16:00,50.02337935876432
2025-06-12 09:11:00,73.3
2025-06-12 11:56:00,16.5
2025-06-12 04:26:00,56.1
2025-06-12 04:22:00,29.3
2025-06-12 00:36:00,50.02337935876432
2025-06-12 02:24:00,84.5
2025-06-12 21:56:00,34.6
2025-06-12 20:36:00,7.5
2025-06-12 14:40:00,96.7
2025-06-12 20:06:00,92.6
2025-06-12 21:30:00,50.02337935876432
2025-06-12 17:16:00,92.7
2025-06-12 10:18:00,91.1
2025-06-12 14:55:00,58.4
2025-06-12 23:58:00,19.5
2025-06-12 15:19:00,77.6
2025-06-12 03:05:00,37.2
2025-06-12 10:01:00,72.2
2025-06-12 11:13:00,21.4
2025-06-12 03:52:00,22.2
2025-06-12 08:32:00,54.0
2025-06-12 18:38:00,6.6
2025-06-12 21:51:00,97.9
2025-06-12 16:55:00,50.02337935876432
2025-06-12 04:30:00,50.02337935876432
2025-06-12 00:48:00,12.3
2025-06-12 06:53:00,23.7
2025-06-12 16:19:00,94.5
2025-06-12 11:48:00,64.1
2025-06-12 19:53:00,86.8
2025-06-12 17:17:00,70.0
2025-06-12 21:46:00,84.5
2025-06-12 12:48:00,50.6
2025-06-12 06:20:00,4.7
2025-06-12 11:38:00,73.3
2025-06-12 14:07:00,28.7
2025-06-12 22:03:00,82.6
2025-06-12 14:06:00,49.6
2025-06-12 10:44:00,63.3
2025-06-12 14:59:00,80.3
2025-06-12 18:32:00,79.2
2025-06-12 08:01:00,8.6
2025-06-12 10:32:00,6.8
2025-06-12 01:54:00,50.02337935876432
2025-06-12 14:43:00,73.3
2025-06-12 06:14:00,89.4
2025-06-12 06:09:00,48.6
2025-06-12 16:44:00,26.7
2025-06-12 13:03:00,28.1
2025-06-12 06:07:00,18.4
2025-06-12 05:12:00,12.8
2025-06-12 02:07:00,93.8
2025-06-12 15:44:00,97.1
2025-06-12 19:36:00,76.8
2025-06-12 19:23:00,10.7
2025-06-12 16:54:00,16.8
2025-06-12 10:20:00,50.02337935876432
2025-06-12 18:22:00,50.02337935876432
2025-06-12 23:52:00,65.9
2025-06-12 06:50:00,62.7
2025-06-12 17:06:00,36.1
2025-06-12 02:35:00,1.8
2025-06-12 11:40:00,93.5
2025-06-12 22:11:00,55.4
2025-06-12 04:15:00,56.5
2025-06-12 20:38:00,22.2
2025-06-12 11:24:00,66.3
2025-06-12 17:26:00,13.1
2025-06-12 04:19:00,70.9
2025-06-12 02:41:00,42.7
2025-06-12 20:56:00,92.9
2025-06-12 15:58:00,4.1
2025-06-12 02:37:00,70.8
2025-06-12 12:03:00,47.2
2025-06-12 12:43:00,85.6
2025-06-12 04:28:00,21.1
2025-06-12 18:58:00,50.02337935876432
2025-06-12 18:40:00,1.5
2025-06-12 18:17:00,6.0
2025-06-12 18:31:00,10.9
2025-06-12 21:22:00,51.6
2025-06-12 06:42:00,28.3
2025-06-12 19:40:00,41.5
2025-06-12 05:31:00,50.02337935876432
2025-06-12 16:48:00,50.02337935876432
2025-06-12 03:37:00,77.6
2025-06-12 02:38:00,53.3
2025-06-12 17:51:00,19.1
2025-06-12 04:47:00,49.6
2025-06-12 10:27:00,50.02337935876432
2025-06-12 17:28:00,55.6
2025-06-12 18:56:00,83.9
2025-06-12 03:31:00,50.02337935876432
2025-06-12 22:50:00,50.02337935876432
2025-06-12 12:49:00,35.1
2025-06-12 05:18:00,50.02337935876432
2025-06-12 16:40:00,96.5
2025-06-12 01:27:00,45.3
2025-06-12 19:43:00,37.8
2025-06-12 08:28:00,22.6
2025-06-12 03:58:00,22.4
2025-06-12 04:20:00,88.2
2025-06-12 21:44:00,94.8
2025-06-12 19:56:00,50.02337935876432
2025-06-12 19:17:00,98.4
2025-06-12 05:22:00,50.02337935876432
2025-06-12 01:55:00,50.02337935876432
2025-06-12 02:12:00,50.02337935876432
2025-06-12 02:11:00,50.02337935876432
2025-06-12 12:10:00,50.6
2025-06-12 17:11:00,68.5
2025-06-12 05:51:00,6.0
2025-06-12 20:00:00,41.4
2025-06-12 13:36:00,64.9
2025-06-12 04:14:00,99.4
2025-06-12 06:24:00,5.1
2025-06-12 23:01:00,50.02337935876432
2025-06-12 09:20:00,50.02337935876432
2025-06-12 18:51:00,31.1
2025-06-12 19:26:00,50.02337935876432
2025-06-12 14:42:00,8.1
2025-06-12 22:44:00,78.7
2025-06-12 15:41:00,98.4
2025-06-12 05:39:00,72.5
2025-06-12 15:50:00,73.1
2025-06-12 06:15:00,50.02337935876432
2025-06-12 14:03:00,99.3
2025-06-12 20:53:00,18.1
2025-06-12 16:33:00,79.0
2025-06-12 03:14:00,35.1
2025-06-12 05:25:00,50.02337935876432
2025-06-12 08:33:00,50.02337935876432
2025-06-12 21:23:00,75.3
2025-06-12 08:58:00,50.02337935876432
2025-06-12 16:17:00,28.6
2025-06-12 00:54:00,59.3
2025-06-12 20:11:00,21.3
2025-06-12 21:36:00,78.6
2025-06-12 07:05:00,7.0
2025-06-12 07:29:00,50.02337935876432
2025-06-12 17:32:00,27.2
2025-06-12 12:07:00,62.9
2025-06-12 12:47:00,83.4
2025-06-12 09:58:00,50.02337935876432
2025-06-12 11:11:00,20.8
2025-06-12 22:46:00,14.5
2025-06-12 03:43:00,45.5
2025-06-12 18:27:00,83.8
2025-06-12 14:36:00,50.02337935876432
2025-06-12 00:41:00,50.02337935876432
2025-06-12 14:09:00,42.0
2025-06-12 20:13:00,76.9
2025-06-12 11:19:00,75.6
2025-06-12 06:51:00,91.9
2025-06-12 21:28:00,93.8
2025-06-12 07:46:00,52.4
2025-06-12 10:41:00,8.3
2025-06-12 12:15:00,43.7
2025-06-12 06:35:00,7.7
2025-06-12 23:17:00,79.5
2025-06-12 15:15:00,11.7
2025-06-12 09:45:00,4.3
2025-06-12 00:43:00,90.9
2025-06-12 02:32:00,37.5
2025-06-12 08:17:00,41.1
2025-06-12 10:09:00,93.7
2025-06-12 09:10:00,68.1
2025-06-12 22:51:00,53.8
2025-06-12 10:59:00,74.8
2025-06-12 12:01:00,52.0
2025-06-12 07:03:00,60.3
2025-06-12 20:55:00,22.2
2025-06-12 17:22:00,10.2
2025-06-12 17:46:00,9.9
2025-06-12 12:17:00,79.8
2025-06-12 14:59:00,44.4
2025-06-12 15:44:00,73.1
2025-06-12 18:23:00,47.4
2025-06-12 04:23:00,70.7
2025-06-12 02:48:00,4.3
2025-06-12 09:29:00,26.0
2025-06-12 19:13:00,5.2
2025-06-12 23:27:00,50.19809456598448
2025-06-12 13:08:00,98.9
2025-06-12 12:02:00,50.19809456598448
2025-06-12 19:11:00,23.6
2025-06-12 07:18:00,25.6
2025-06-12 16:23:00,39.4
2025-06-12 12:49:00,50.19809456598448
2025-06-12 11:31:00,29.9
2025-06-12 07:48:00,78.3
2025-06-12 05:45:00,72.0
2025-06-12 13:45:00,95.0
2025-06-12 00:45:00,2.9
2025-06-12 12:40:00,64.6
2025-06-12 05:33:00,33.5
2025-06-12 05:23:00,19.4
2025-06-12 14:24:00,51.1
2025-06-12 05:35:00,45.6
2025-06-12 06:08:00,42.0
2025-06-12 16:40:00,98.6
2025-06-12 16:15:00,15.5
2025-06-12 14:50:00,76.2
2025-06-12 01:59:00,99.0
2025-06-12 02:58:00,99.9
2025-06-12 18:00:00,81.0
2025-06-12 19:54:00,24.9
2025-06-12 13:55:00,98.7
2025-06-12 15:19:00,50.19809456598448
2025-06-12 03:54:00,25.7
2025-06-12 11:22:00,67.6
2025-06-12 16:39:00,74.3
2025-06-12 03:49:00,46.3
2025-06-12 01:06:00,4.7
2025-06-12 06:29:00,16.9
2025-06-12 19:51:00,38.4
2025-06-12 22:16:00,24.0
2025-06-12 04:19:00,73.8
2025-06-12 17:58:00,34.6
2025-06-12 18:45:00,82.0
2025-06-12 03:33:00,8.3
2025-06-12 11:26:00,34.9
2025-06-12 18:18:00,66.4
2025-06-12 11:43:00,50.19809456598448
2025-06-12 22:17:00,58.7
2025-06-12 03:50:00,50.19809456598448
2025-06-12 13:04:00,68.9
2025-06-12 16:12:00,62.4
2025-06-12 02:41:00,37.2
2025-06-12 23:45:00,50.19809456598448
2025-06-12 19:14:00,8.5
2025-06-12 12:10:00,59.6
2025-06-12 01:12:00,69.0
2025-06-12 16:53:00,78.4
2025-06-12 11:45:00,19.0
2025-06-12 22:10:00,50.19809456598448
2025-06-12 21:24:00,71.2
2025-06-12 23:57:00,17.7
2025-06-12 02:14:00,69.8
2025-06-12 13:37:00,92.3
2025-06-12 18:05:00,62.9
2025-06-12 22:31:00,52.6
2025-06-12 00:42:00,50.19809456598448
2025-06-12 14:47:00,96.2
2025-06-12 19:02:00,55.3
2025-06-12 01:03:00,15.7
2025-06-12 09:52:00,57.2
2025-06-12 14:46:00,53.3
2025-06-12 05:08:00,84.0
2025-06-12 05:09:00,7.2
2025-06-12 10:52:00,55.3
2025-06-12 05:28:00,7.2
2025-06-12 22:33:00,17.1
2025-06-12 18:40:00,27.4
2025-06-12 04:24:00,7.1
2025-06-12 08:57:00,12.4
2025-06-12 16:46:00,49.4
2025-06-12 07:25:00,71.6
2025-06-12 06:11:00,12.4
2025-06-12 20:01:00,50.19809456598448
2025-06-12 07:19:00,66.4
2025-06-12 17:44:00,50.19809456598448
2025-06-12 22:11:00,25.6
2025-06-12 18:36:00,32.3
2025-06-12 14:56:00,51.0
2025-06-12 14:03:00,81.1
2025-06-12 12:47:00,46.2
2025-06-12 06:51:00,62.9
2025-06-12 06:17:00,28.6
2025-06-12 23:59:00,50.19809456598448
2025-06-12 17:45:00,36.5
2025-06-12 16:22:00,8.6
2025-06-12 13:19:00,22.5
2025-06-12 18:42:00,74.5
2025-06-12 13:05:00,54.8
2025-06-12 22:15:00,96.1
2025-06-12 22:48:00,9.4
2025-06-12 17:14:00,50.19809456598448
2025-06-12 17:24:00,70.2
2025-06-12 12:05:00,83.6
2025-06-12 20:26:00,16.7
2025-06-12 00:14:00,18.0
2025-06-12 23:33:00,50.19809456598448
2025-06-12 01:33:00,8.7
2025-06-12 13:00:00,81.1
2025-06-12 13:34:00,27.6
2025-06-12 13:46:00,50.19809456598448
2025-06-12 06:14:00,76.8
2025-06-12 17:12:00,50.19809456598448
2025-06-12 23:19:00,5.2
2025-06-12 15:48:00,80.3
2025-06-12 12:04:00,60.9
2025-06-12 18:02:00,20.4
2025-06-12 03:25:00,65.5
2025-06-12 00:26:00,50.19809456598448
2025-06-12 13:52:00,33.0
2025-06-12 21:55:00,47.3
2025-06-12 14:08:00,74.9
2025-06-12 20:03:00,50.19809456598448
2025-06-12 08:36:00,47.5
2025-06-12 23:02:00,99.2
2025-06-12 07:39:00,53.4
2025-06-12 01:55:00,85.0
2025-06-12 14:34:00,60.2
2025-06-12 09:17:00,94.9
2025-06-12 11:38:00,5.4
2025-06-12 13:48:00,50.19809456598448
2025-06-12 08:07:00,40.4
2025-06-12 13:28:00,38.9
2025-06-12 19:16:00,33.5
2025-06-12 17:32:00,8.5
2025-06-12 06:38:00,65.2
2025-06-12 17:52:00,96.0
2025-06-12 06:23:00,48.9
2025-06-12 00:03:00,98.5
2025-06-12 08:12:00,32.2
2025-06-12 17:07:00,50.19809456598448
2025-06-12 21:32:00,31.1
2025-06-12 15:10:00,43.9
2025-06-12 01:57:00,50.19809456598448
2025-06-12 04:35:00,18.3
2025-06-12 21:47:00,45.2
2025-06-12 22:08:00,27.5
2025-06-12 16:58:00,50.19809456598448
2025-06-12 19:29:00,91.1
2025-06-12 09:46:00,12.2
2025-06-12 02:01:00,77.7
2025-06-12 07:07:00,85.6
2025-06-12 00:27:00,49.7
2025-06-12 14:00:00,7.4
2025-06-12 15:45:00,43.2
2025-06-12 10:54:00,58.8
2025-06-12 06:58:00,13.4
2025-06-12 23:39:00,72.7
2025-06-12 11:49:00,58.4
2025-06-12 16:03:00,69.8
2025-06-12 23:22:00,35.1
2025-06-12 21:16:00,77.8
2025-06-12 09:41:00,29.0
2025-06-12 01:51:00,50.19809456598448
2025-06-12 01:23:00,8.9
2025-06-12 20:53:00,98.6
2025-06-12 20:29:00,32.7
2025-06-12 05:16:00,43.8
2025-06-12 09:32:00,44.3
2025-06-12 04:16:00,50.19809456598448
2025-06-12 16:43:00,60.6
2025-06-12 18:08:00,28.1
2025-06-12 00:41:00,36.7
2025-06-12 22:36:00,50.19809456598448
2025-06-12 11:05:00,82.4
2025-06-12 18:56:00,61.0
2025-06-12 00:31:00,89.9
2025-06-12 09:56:00,22.8
2025-06-12 10:12:00,50.19809456598448
2025-06-12 06:32:00,9.7
2025-06-12 21:13:00,50.19809456598448
2025-06-12 07:59:00,78.0
2025-06-12 06:45:00,74.8
2025-06-12 00:49:00,35.2
2025-06-12 11:06:00,79.8
2025-06-12 12:44:00,67.7
2025-06-12 01:21:00,71.3
2025-06-12 05:58:00,97.1
2025-06-12 11:19:00,64.8
2025-06-12 16:10:00,93.6
2025-06-12 01:32:00,97.3
2025-06-12 21:22:00,2.2
2025-06-12 08:50:00,50.19809456598448
2025-06-12 14:06:00,58.5
2025-06-12 19:41:00,33.7
2025-06-12 15:08:00,50.19809456598448
2025-06-12 10:27:00,24.8
2025-06-12 06:56:00,47.0
2025-06-12 05:49:00,89.2
2025-06-12 18:15:00,91.0
2025-06-12 03:48:00,69.3
2025-06-12 20:48:00,30.3
2025-06-12 05:51:00,29.1
2025-06-12 03:37:00,50.19809456598448
2025-06-12 03:22:00,25.9
2025-06-12 06:54:00,97.6
2025-06-12 14:04:00,6.9
2025-06-12 19:05:00,37.9
2025-06-12 12:57:00,67.6
2025-06-12 21:59:00,46.1
2025-06-12 23:14:00,32.5
2025-06-12 11:35:00,20.7
2025-06-12 16:31:00,97.0
2025-06-12 21:17:00,53.4
2025-06-12 16:01:00,47.0
2025-06-12 02:02:00,93.1
2025-06-12 00:12:00,36.9
2025-06-12 18:26:00,46.6
2025-06-12 21:54:00,51.4
2025-06-12 18:49:00,37.9
2025-06-12 06:39:00,61.4
2025-06-12 19:08:00,63.0
2025-06-12 18:33:00,99.2
2025-06-12 19:55:00,50.19809456598448
2025-06-12 13:36:00,50.19809456598448
2025-06-12 07:36:00,97.8
2025-06-12 20:21:00,51.9
2025-06-12 16:51:00,39.7
2025-06-12 10:25:00,50.19809456598448
2025-06-12 20:43:00,61.1
2025-06-12 22:47:00,50.19809456598448
2025-06-12 11:48:00,56.4
2025-06-12 09:27:00,36.0
2025-06-12 01:37:00,62.0
2025-06-12 20:47:00,39.2
2025-06-12 13:56:00,50.19809456598448
2025-06-12 02:16:00,0.6
2025-06-12 07:17:00,5.0
2025-06-12 04:44:00,45.1
2025-06-12 19:23:00,6.3
2025-06-12 09:54:00,79.1
2025-06-12 09:26:00,18.7
2025-06-12 02:50:00,36.6
2025-06-12 05:31:00,76.5
2025-06-12 14:58:00,66.6
2025-06-12 04:15:00,50.19809456598448
2025-06-12 05:56:00,57.5
2025-06-12 03:01:00,8.2
2025-06-12 18:34:00,10.2
2025-06-12 09:37:00,3.7
2025-06-12 10:41:00,50.19809456598448
2025-06-12 14:14:00,50.19809456598448
2025-06-12 09:36:00,33.7
2025-06-12 03:57:00,81.8
2025-06-12 02:12:00,18.9
2025-06-12 18:22:00,45.6
2025-06-12 02:49:00,16.1
2025-06-12 05:04:00,24.1
2025-06-12 08:56:00,78.4
2025-06-12 00:39:00,50.19809456598448
2025-06-12 08:27:00,12.6
2025-06-12 04:48:00,50.19809456598448
2025-06-12 03:08:00,19.3
2025-06-12 14:43:00,39.3
2025-06-12 03:04:00,71.1
2025-06-12 18:20:00,73.9
2025-06-12 10:34:00,32.4
2025-06-12 16:38:00,3.9
2025-06-12 07:40:00,36.1
2025-06-12 13:17:00,50.19809456598448
2025-06-12 12:23:00,47.6
2025-06-12 21:04:00,50.19809456598448
2025-06-12 17:03:00,33.5
2025-06-12 19:33:00,47.3
2025-06-12 10:10:00,59.9
2025-06-12 21:11:00,57.7
2025-06-12 01:54:00,10.5
2025-06-12 16:11:00,84.9
2025-06-12 14:41:00,45.9
2025-06-12 20:48:00,80.5
2025-06-12 10:24:00,83.0
2025-06-12 22:13:00,5.4
2025-06-12 08:21:00,52.5
2025-06-12 05:59:00,80.5
2025-06-12 06:31:00,74.1
2025-06-12 16:14:00,56.0
2025-06-12 04:38:00,66.7
2025-06-12 16:18:00,80.9
2025-06-12 07:58:00,88.7
2025-06-12 01:47:00,49.54486036141751
2025-06-12 14:20:00,89.8
2025-06-12 18:34:00,53.7
2025-06-12 08:35:00,55.5
2025-06-12 12:23:00,96.3
2025-06-12 01:46:00,30.3
2025-06-12 20:29:00,51.2
2025-06-12 12:18:00,26.8
2025-06-12 12:38:00,66.1
2025-06-12 07:21:00,31.5
2025-06-12 16:31:00,90.4
2025-06-12 02:19:00,90.2
2025-06-12 05:49:00,91.5
2025-06-12 23:21:00,4.2
2025-06-12 10:13:00,23.1
2025-06-12 15:19:00,74.2
2025-06-12 23:25:00,32.3
2025-06-12 02:01:00,86.9
2025-06-12 13:40:00,59.8
2025-06-12 05:55:00,98.7
2025-06-12 10:00:00,93.1
2025-06-12 14:42:00,96.0
2025-06-12 11:45:00,17.1
2025-06-12 06:30:00,50.8
2025-06-12 03:27:00,49.54486036141751
2025-06-12 16:29:00,85.8
2025-06-12 11:23:00,89.1
2025-06-12 23:37:00,49.54486036141751
2025-06-12 02:09:00,51.3
2025-06-12 00:45:00,47.6
2025-06-12 15:32:00,61.0
2025-06-12 03:28:00,65.9
2025-06-12 00:59:00,11.0
2025-06-12 09:08:00,87.3
2025-06-12 05:51:00,90.6
2025-06-12 00:49:00,83.2
2025-06-12 14:40:00,77.1
2025-06-12 20:38:00,49.54486036141751
2025-06-12 02:16:00,20.3
2025-06-12 04:30:00,8.9
2025-06-12 07:47:00,81.0
2025-06-12 14:47:00,71.5
2025-06-12 06:49:00,23.2
2025-06-12 02:41:00,72.8
2025-06-12 01:41:00,89.2
2025-06-12 08:05:00,65.7
2025-06-12 23:52:00,61.3
2025-06-12 14:07:00,43.7
2025-06-12 18:05:00,0.2
2025-06-12 08:52:00,49.54486036141751
2025-06-12 16:52:00,23.0
2025-06-12 13:46:00,35.4
2025-06-12 19:35:00,9.1
2025-06-12 05:22:00,57.4
2025-06-12 05:34:00,19.9
2025-06-12 21:05:00,23.1
2025-06-12 05:18:00,24.9
2025-06-12 21:08:00,62.7
2025-06-12 21:22:00,84.2
2025-06-12 12:15:00,66.4
2025-06-12 18:26:00,60.0
2025-06-12 06:27:00,49.54486036141751
2025-06-12 11:01:00,78.5
2025-06-12 09:43:00,24.8
2025-06-12 18:20:00,78.5
2025-06-12 15:41:00,25.2
2025-06-12 20:25:00,71.1
2025-06-12 23:01:00,27.1
2025-06-12 17:13:00,29.4
2025-06-12 10:08:00,49.54486036141751
2025-06-12 11:07:00,49.54486036141751
2025-06-12 09:40:00,47.6
2025-06-12 09:21:00,49.54486036141751
2025-06-12 13:20:00,98.1
2025-06-12 15:37:00,41.4
2025-06-12 17:46:00,3.6
2025-06-12 23:41:00,51.8
2025-06-12 18:28:00,84.4
2025-06-12 12:36:00,68.2
2025-06-12 23:07:00,19.8
2025-06-12 10:05:00,40.0
2025-06-12 09:20:00,60.7
2025-06-12 18:00:00,49.1
2025-06-12 04:33:00,96.3
2025-06-12 15:58:00,30.1
2025-06-12 15:12:00,17.6
2025-06-12 23:13:00,21.1
2025-06-12 07:27:00,95.4
2025-06-12 22:27:00,64.1
2025-06-12 07:48:00,91.8
2025-06-12 15:44:00,45.2
2025-06-12 10:44:00,47.2
2025-06-12 09:31:00,49.54486036141751
2025-06-12 12:07:00,4.2
2025-06-12 21:40:00,10.0
2025-06-12 17:18:00,48.0
2025-06-12 23:40:00,59.9
2025-06-12 18:58:00,49.54486036141751
2025-06-12 16:28:00,46.4
2025-06-12 02:03:00,52.6
2025-06-12 15:47:00,56.0
2025-06-12 13:33:00,14.0
2025-06-12 09:14:00,58.8
2025-06-12 05:37:00,2.0
2025-06-12 09:50:00,49.54486036141751
2025-06-12 13:07:00,75.2
2025-06-12 03:11:00,49.54486036141751
2025-06-12 13:32:00,84.0
2025-06-12 07:11:00,20.5
2025-06-12 16:12:00,29.1
2025-06-12 08:51:00,43.2
2025-06-12 21:04:00,69.9
2025-06-12 21:47:00,42.7
2025-06-12 13:28:00,21.8
2025-06-12 13:59:00,49.6
2025-06-12 01:23:00,64.7
2025-06-12 17:27:00,28.7
2025-06-12 00:24:00,22.3
2025-06-12 01:50:00,39.7
2025-06-12 12:51:00,85.5
2025-06-12 06:44:00,64.0
2025-06-12 00:39:00,49.54486036141751
2025-06-12 20:02:00,49.54486036141751
2025-06-12 11:50:00,49.54486036141751
2025-06-12 05:11:00,17.9
2025-06-12 04:01:00,36.3
2025-06-12 12:50:00,71.1
2025-06-12 02:00:00,3.6
2025-06-12 21:27:00,60.0
2025-06-12 12:45:00,49.54486036141751
2025-06-12 18:41:00,88.0
2025-06-12 17:50:00,39.0
2025-06-12 20:54:00,88.4
2025-06-12 00:32:00,63.7
2025-06-12 06:02:00,80.4
2025-06-12 06:10:00,99.4
2025-06-12 10:30:00,58.0
2025-06-12 02:50:00,0.4
2025-06-12 09:01:00,52.7
2025-06-12 15:14:00,86.6
2025-06-12 06:13:00,42.1
2025-06-12 15:04:00,7.9
2025-06-12 21:26:00,31.9
2025-06-12 16:03:00,34.7
2025-06-12 11:27:00,13.8
2025-06-12 07:34:00,65.4
2025-06-12 04:16:00,83.9
2025-06-12 18:09:00,12.7
2025-06-12 01:42:00,50.5
2025-06-12 16:53:00,17.2
2025-06-12 17:42:00,92.4
2025-06-12 03:31:00,23.1
2025-06-12 11:11:00,19.4
2025-06-12 21:32:00,21.1
2025-06-12 13:08:00,49.54486036141751
2025-06-12 19:05:00,49.54486036141751
2025-06-12 06:47:00,88.5
2025-06-12 06:00:00,15.2
2025-06-12 19:53:00,31.2
2025-06-12 00:48:00,80.5
2025-06-12 03:24:00,37.2
2025-06-12 09:37:00,29.7
2025-06-12 22:33:00,29.5
2025-06-12 09:00:00,1.0
2025-06-12 15:43:00,25.2
2025-06-12 07:51:00,49.54486036141751
2025-06-12 00:09:00,13.1
2025-06-12 18:45:00,90.9
2025-06-12 12:14:00,48.8
2025-06-12 21:14:00,49.54486036141751
2025-06-12 21:43:00,59.3
2025-06-12 16:48:00,99.5
2025-06-12 17:35:00,49.54486036141751
2025-06-12 20:55:00,49.54486036141751
2025-06-12 14:46:00,88.8
2025-06-12 21:28:00,18.7
2025-06-12 19:18:00,47.2
2025-06-12 02:36:00,35.7
2025-06-12 07:59:00,5.8
2025-06-12 02:49:00,75.1
2025-06-12 07:54:00,72.0
2025-06-12 04:14:00,57.8
2025-06-12 23:24:00,36.5
2025-06-12 00:55:00,98.9
2025-06-12 19:14:00,60.9
2025-06-12 07:14:00,8.4
2025-06-12 02:58:00,4.1
2025-06-12 13:05:00,46.4
2025-06-12 07:00:00,28.3
2025-06-12 21:29:00,94.9
2025-06-12 07:40:00,48.5
2025-06-12 06:04:00,29.0
2025-06-12 10:26:00,90.3
2025-06-12 07:03:00,68.9
2025-06-12 01:24:00,84.0
2025-06-12 23:59:00,13.9
2025-06-12 00:56:00,58.2
2025-06-12 00:14:00,80.0
2025-06-12 16:06:00,41.3
2025-06-12 08:04:00,13.2
2025-06-12 19:50:00,22.9
2025-06-12 08:33:00,0.3
2025-06-12 17:38:00,85.4
2025-06-12 22:14:00,32.0
2025-06-12 21:17:00,93.0
2025-06-12 12:00:00,60.7
2025-06-12 13:10:00,53.1
2025-06-12 16:49:00,39.3
2025-06-12 21:35:00,10.2
2025-06-12 04:35:00,14.0
2025-06-12 20:17:00,56.7
2025-06-12 22:06:00,69.8
2025-06-12 02:40:00,97.1
2025-06-12 07:06:00,6.1
2025-06-12 17:09:00,20.3
2025-06-12 14:22:00,80.2
2025-06-12 10:51:00,80.7
2025-06-12 06:07:00,53.7
2025-06-12 09:22:00,49.54486036141751
2025-06-12 05:13:00,49.54486036141751
2025-06-12 17:00:00,62.5
2025-06-12 08:25:00,59.3
2025-06-12 22:16:00,80.0
2025-06-12 00:58:00,28.4
2025-06-12 23:19:00,49.54486036141751
2025-06-12 04:08:00,49.54486036141751
2025-06-12 07:22:00,33.2
2025-06-12 00:44:00,49.54486036141751
2025-06-12 14:54:00,94.6
2025-06-12 10:22:00,69.6
2025-06-12 16:38:00,12.2
2025-06-12 05:40:00,49.54486036141751
2025-06-12 05:00:00,72.4
2025-06-12 00:15:00,19.2
2025-06-12 21:58:00,98.5
2025-06-12 02:07:00,89.2
2025-06-12 09:51:00,49.54486036141751
2025-06-12 12:41:00,63.3
2025-06-12 09:46:00,16.2
2025-06-12 10:57:00,20.5
2025-06-12 00:31:00,49.54486036141751
2025-06-12 07:17:00,3.1
2025-06-12 20:32:00,47.1
2025-06-12 18:53:00,66.1
2025-06-12 20:57:00,43.2
2025-06-12 13:25:00,83.7
2025-06-12 07:23:00,50.1
2025-06-12 13:30:00,62.1
2025-06-12 04:20:00,90.2
2025-06-12 06:28:00,52.4
2025-06-12 06:24:00,76.9
2025-06-12 17:04:00,49.54486036141751
2025-06-12 18:38:00,71.7
2025-06-12 13:04:00,67.7
2025-06-12 15:00:00,55.1
2025-06-12 18:04:00,85.4
2025-06-12 07:52:00,47.4
2025-06-12 01:08:00,49.54486036141751
2025-06-12 23:12:00,49.54486036141751
2025-06-12 02:46:00,49.54486036141751
2025-06-12 01:53:00,49.54486036141751
2025-06-12 01:38:00,88.4
2025-06-12 08:00:00,32.1
2025-06-12 10:38:00,52.9
2025-06-12 07:09:00,74.0
2025-06-12 22:07:00,41.5
2025-06-12 23:14:00,96.4
2025-06-12 05:05:00,18.0
2025-06-12 13:31:00,32.8
2025-06-12 15:54:00,8.1
2025-06-12 08:22:00,58.1
2025-06-12 03:03:00,45.7
2025-06-12 19:29:00,74.3
2025-06-12 00:22:00,17.6
2025-06-12 20:39:00,21.3
2025-06-12 06:13:00,10.5
2025-06-12 12:47:00,55.0
2025-06-12 21:27:00,93.5
2025-06-12 08:27:00,50.136426804852206
2025-06-12 23:09:00,4.7
2025-06-12 11:52:00,1.2
2025-06-12 09:04:00,50.136426804852206
2025-06-12 17:37:00,40.3
2025-06-12 13:52:00,92.2
2025-06-12 17:35:00,76.0
2025-06-12 11:51:00,49.1
2025-06-12 13:21:00,54.0
2025-06-12 23:01:00,46.9
2025-06-12 06:23:00,17.7
2025-06-12 02:29:00,73.7
2025-06-12 05:18:00,85.0
2025-06-12 15:36:00,19.5
2025-06-12 12:49:00,43.4
2025-06-12 00:53:00,50.136426804852206
2025-06-12 01:39:00,74.8
2025-06-12 07:48:00,42.1
2025-06-12 02:26:00,21.4
2025-06-12 04:17:00,50.136426804852206
2025-06-12 01:46:00,62.2
2025-06-12 19:21:00,16.9
2025-06-12 21:41:00,50.136426804852206
2025-06-12 12:13:00,0.0
2025-06-12 16:36:00,64.4
2025-06-12 08:06:00,22.1
2025-06-12 21:47:00,64.7
2025-06-12 23:48:00,87.1
2025-06-12 07:06:00,50.136426804852206
2025-06-12 00:38:00,28.6
2025-06-12 15:25:00,52.2
2025-06-12 21:19:00,16.6
2025-06-12 11:56:00,9.9
2025-06-12 15:28:00,50.8
2025-06-12 04:25:00,70.0
2025-06-12 07:57:00,60.0
2025-06-12 00:19:00,28.1
2025-06-12 18:14:00,95.8
2025-06-12 15:32:00,46.0
2025-06-12 02:33:00,19.9
2025-06-12 18:25:00,74.6
2025-06-12 05:05:00,14.1
2025-06-12 15:49:00,81.4
2025-06-12 16:28:00,11.5
2025-06-12 11:10:00,94.2
2025-06-12 00:02:00,42.8
2025-06-12 02:12:00,90.3
2025-06-12 18:07:00,18.3
2025-06-12 10:58:00,71.3
2025-06-12 23:02:00,50.136426804852206
2025-06-12 03:34:00,50.136426804852206
2025-06-12 01:52:00,90.6
2025-06-12 11:50:00,50.136426804852206
2025-06-12 17:31:00,50.136426804852206
2025-06-12 16:22:00,46.9
2025-06-12 20:10:00,13.0
2025-06-12 23:03:00,50.136426804852206
2025-06-12 00:59:00,17.7
2025-06-12 23:38:00,28.5
2025-06-12 06:32:00,92.1
2025-06-12 17:53:00,92.2
2025-06-12 06:00:00,60.3
2025-06-12 10:59:00,50.136426804852206
2025-06-12 16:39:00,77.4
2025-06-12 23:22:00,89.5
2025-06-12 11:06:00,50.136426804852206
2025-06-12 02:21:00,22.6
2025-06-12 07:42:00,9.1
2025-06-12 17:38:00,70.5
2025-06-12 19:01:00,50.136426804852206
2025-06-12 07:50:00,90.6
2025-06-12 19:25:00,74.7
2025-06-12 22:07:00,50.136426804852206
2025-06-12 03:33:00,90.1
2025-06-12 11:37:00,82.9
2025-06-12 11:39:00,17.1
2025-06-12 21:17:00,91.4
2025-06-12 00:36:00,42.2
2025-06-12 08:53:00,64.4
2025-06-12 22:32:00,50.136426804852206
2025-06-12 22:50:00,72.7
2025-06-12 10:21:00,48.3
2025-06-12 04:43:00,39.6
2025-06-12 15:31:00,20.0
2025-06-12 17:46:00,6.0
2025-06-12 09:53:00,50.136426804852206
2025-06-12 16:20:00,57.4
2025-06-12 03:24:00,8.6
2025-06-12 22:48:00,50.136426804852206
2025-06-12 01:04:00,42.7
2025-06-12 18:55:00,34.4
2025-06-12 12:33:00,50.136426804852206
2025-06-12 18:51:00,40.5
2025-06-12 14:33:00,81.0
2025-06-12 10:45:00,50.136426804852206
2025-06-12 09:08:00,91.3
2025-06-12 22:59:00,90.5
2025-06-12 08:33:00,35.7
2025-06-12 12:57:00,48.8
2025-06-12 16:33:00,66.7
2025-06-12 16:59:00,96.5
2025-06-12 00:35:00,72.5
2025-06-12 19:06:00,59.6
2025-06-12 15:34:00,35.1
2025-06-12 10:02:00,10.2
2025-06-12 00:04:00,27.1
2025-06-12 20:32:00,87.7
2025-06-12 08:28:00,77.1
2025-06-12 15:09:00,92.6
2025-06-12 11:05:00,90.3
2025-06-12 13:31:00,97.3
2025-06-12 03:16:00,78.1
2025-06-12 07:29:00,50.136426804852206
2025-06-12 06:59:00,96.0
2025-06-12 21:33:00,7.7
2025-06-12 06:47:00,15.5
2025-06-12 02:41:00,72.9
2025-06-12 23:41:00,76.5
2025-06-12 03:14:00,11.0
2025-06-12 13:51:00,88.2
2025-06-12 04:38:00,4.5
2025-06-12 15:16:00,70.7
2025-06-12 18:03:00,50.136426804852206
2025-06-12 20:02:00,71.7
2025-06-12 03:13:00,49.9
2025-06-12 05:27:00,4.4
2025-06-12 14:12:00,68.2
2025-06-12 00:29:00,50.136426804852206
2025-06-12 11:20:00,50.136426804852206
2025-06-12 22:21:00,24.9
2025-06-12 01:40:00,50.136426804852206
2025-06-12 21:58:00,82.2
2025-06-12 01:01:00,65.2
2025-06-12 19:33:00,42.1
2025-06-12 16:42:00,59.3
2025-06-12 04:02:00,50.136426804852206
2025-06-12 00:05:00,70.5
2025-06-12 04:11:00,4.9
2025-06-12 00:48:00,43.4
2025-06-12 18:11:00,50.136426804852206
2025-06-12 18:00:00,61.0
2025-06-12 15:39:00,4.6
2025-06-12 01:30:00,62.5
2025-06-12 06:25:00,50.136426804852206
2025-06-12 20:04:00,24.4
2025-06-12 06:19:00,84.3
2025-06-12 09:13:00,11.1
2025-06-12 04:32:00,57.8
2025-06-12 07:26:00,43.8
2025-06-12 06:40:00,69.9
2025-06-12 23:17:00,63.0
2025-06-12 18:54:00,49.9
2025-06-12 11:58:00,41.8
2025-06-12 10:03:00,76.4
2025-06-12 12:45:00,45.6
2025-06-12 21:38:00,35.2
2025-06-12 00:17:00,54.3
2025-06-12 05:08:00,83.6
2025-06-12 19:02:00,64.1
2025-06-12 20:17:00,78.4
2025-06-12 10:35:00,27.0
2025-06-12 10:09:00,50.136426804852206
2025-06-12 16:17:00,85.2
2025-06-12 04:41:00,50.136426804852206
2025-06-12 17:13:00,4.0
2025-06-12 21:54:00,96.8
2025-06-12 14:03:00,44.5
2025-06-12 21:45:00,21.3
2025-06-12 10:36:00,30.6
2025-06-12 09:51:00,74.1
2025-06-12 22:16:00,80.4
2025-06-12 15:35:00,42.2
2025-06-12 03:30:00,88.8
2025-06-12 07:00:00,42.2
2025-06-12 08:57:00,85.4
2025-06-12 07:14:00,50.136426804852206
2025-06-12 02:08:00,49.1
2025-06-12 19:34:00,44.0
2025-06-12 17:42:00,50.136426804852206
2025-06-12 08:51:00,42.1
2025-06-12 18:33:00,93.6
2025-06-12 21:39:00,79.9
2025-06-12 17:59:00,75.2
2025-06-12 01:07:00,94.9
2025-06-12 00:09:00,50.136426804852206
2025-06-12 16:49:00,59.0
2025-06-12 17:21:00,7.8
2025-06-12 03:19:00,50.136426804852206
2025-06-12 20:05:00,55.6
2025-06-12 23:14:00,50.136426804852206
2025-06-12 13:08:00,62.5
2025-06-12 17:25:00,72.1
2025-06-12 01:48:00,50.136426804852206
2025-06-12 05:16:00,27.5
2025-06-12 03:44:00,50.136426804852206
2025-06-12 05:42:00,50.136426804852206
2025-06-12 21:49:00,36.1
2025-06-12 13:07:00,17.5
2025-06-12 09:21:00,15.4
2025-06-12 23:21:00,52.5
2025-06-12 05:32:00,59.0
2025-06-12 05:54:00,1.8
2025-06-12 17:55:00,30.8
2025-06-12 01:42:00,49.9
2025-06-12 18:24:00,43.1
2025-06-12 23:43:00,50.136426804852206
2025-06-12 05:12:00,67.3
2025-06-12 12:40:00,25.7
2025-06-12 19:57:00,90.4
2025-06-12 04:16:00,50.136426804852206
2025-06-12 12:11:00,23.4
2025-06-12 01:45:00,50.9
2025-06-12 07:51:00,14.3
2025-06-12 17:15:00,50.136426804852206
2025-06-12 05:36:00,88.2
2025-06-12 13:33:00,50.136426804852206
2025-06-12 12:06:00,48.0
2025-06-12 10:54:00,50.136426804852206
2025-06-12 17:32:00,26.6
2025-06-12 19:12:00,58.6
2025-06-12 07:53:00,23.0
2025-06-12 15:43:00,12.1
2025-06-12 19:43:00,97.6
2025-06-12 02:51:00,31.2
2025-06-12 20:38:00,39.9
2025-06-12 08:17:00,50.136426804852206
2025-06-12 22:29:00,40.8
2025-06-12 11:30:00,45.2
2025-06-12 12:56:00,50.136426804852206
2025-06-12 23:27:00,87.2
2025-06-12 13:12:00,85.7
2025-06-12 13:34:00,52.8
2025-06-12 19:27:00,50.136426804852206
2025-06-12 11:36:00,54.9
2025-06-12 07:46:00,71.7
2025-06-12 14:43:00,8.2
2025-06-12 14:24:00,47.1
2025-06-12 23:12:00,37.3
2025-06-12 08:36:00,43.5
2025-06-12 19:50:00,33.1
2025-06-12 18:10:00,29.7
2025-06-12 12:23:00,90.7
2025-06-12 02:59:00,2.8
2025-06-12 04:40:00,50.136426804852206
2025-06-12 06:31:00,12.3
2025-06-12 09:36:00,76.4
2025-06-12 21:04:00,50.136426804852206
2025-06-12 23:51:00,62.9
2025-06-12 23:40:00,50.136426804852206
2025-06-12 09:38:00,4.9
2025-06-12 11:55:00,61.2
2025-06-12 17:01:00,89.8
2025-06-12 23:47:00,71.3
2025-06-12 23:28:00,75.7
2025-06-12 23:11:00,78.0
2025-06-12 01:21:00,55.0
2025-06-12 22:10:00,70.4
2025-06-12 03:51:00,40.4
2025-06-12 03:17:00,61.4
2025-06-12 02:01:00,31.5
2025-06-12 09:37:00,44.2
2025-06-12 12:30:00,63.8
2025-06-12 02:03:00,58.9
2025-06-12 19:04:00,50.136426804852206
2025-06-12 23:13:00,15.6
2025-06-12 10:33:00,4.8
2025-06-12 17:20:00,88.6
2025-06-12 09:58:00,50.136426804852206
2025-06-12 19:53:00,31.6
2025-06-12 09:17:00,37.5
2025-06-12 01:28:00,25.5
2025-06-12 23:23:00,18.9
2025-06-12 17:00:00,33.7
2025-06-12 22:02:00,13.1
2025-06-12 06:14:00,40.6
2025-06-12 13:53:00,35.2
2025-06-12 23:36:00,28.2
2025-06-12 14:18:00,36.7
2025-06-12 07:36:00,50.136426804852206
2025-06-12 05:09:00,18.5
2025-06-12 18:08:00,10.4
2025-06-12 14:34:00,69.0
2025-06-12 18:52:00,50.136426804852206
2025-06-12 21:56:00,11.4
2025-06-12 20:43:00,1.1
2025-06-12 14:15:00,99.9
2025-06-12 14:20:00,50.136426804852206
2025-06-12 02:30:00,84.1
2025-06-12 16:46:00,94.8
2025-06-12 11:11:00,67.8
2025-06-12 23:20:00,80.0
2025-06-12 05:10:00,86.8
2025-06-12 11:15:00,50.136426804852206
2025-06-12 23:26:00,35.4
2025-06-12 02:54:00,61.3
2025-06-12 12:32:00,90.1
2025-06-12 04:08:00,64.8
2025-06-12 03:55:00,21.7
2025-06-12 21:18:00,37.7
2025-06-12 15:57:00,10.1
2025-06-12 03:43:00,7.9
2025-06-12 10:15:00,50.037891637220255
2025-06-12 11:37:00,30.0
2025-06-12 13:32:00,40.6
2025-06-12 03:23:00,65.5
2025-06-12 19:12:00,37.6
2025-06-12 11:27:00,60.9
2025-06-12 06:43:00,43.5
2025-06-12 19:44:00,56.8
2025-06-12 23:51:00,55.2
2025-06-12 04:05:00,15.5
2025-06-12 14:10:00,26.7
2025-06-12 19:31:00,4.2
2025-06-12 17:01:00,23.0
2025-06-12 02:28:00,50.037891637220255
2025-06-12 14:20:00,96.7
2025-06-12 07:38:00,20.7
2025-06-12 11:34:00,6.9
2025-06-12 11:22:00,50.0
2025-06-12 15:06:00,68.7
2025-06-12 17:56:00,50.037891637220255
2025-06-12 05:38:00,4.9
2025-06-12 02:23:00,39.1
2025-06-12 18:16:00,10.2
2025-06-12 10:02:00,50.037891637220255
2025-06-12 02:39:00,10.9
2025-06-12 21:51:00,47.9
2025-06-12 17:38:00,50.037891637220255
2025-06-12 23:11:00,63.7
2025-06-12 16:36:00,32.9
2025-06-12 11:11:00,50.037891637220255
2025-06-12 11:31:00,83.6
2025-06-12 08:07:00,72.1
2025-06-12 20:58:00,79.4
2025-06-12 11:56:00,43.4
2025-06-12 22:09:00,57.7
2025-06-12 19:20:00,11.0
2025-06-12 17:13:00,76.7
2025-06-12 01:39:00,11.8
2025-06-12 12:09:00,7.3
2025-06-12 13:20:00,66.9
2025-06-12 15:17:00,76.0
2025-06-12 16:48:00,90.1
2025-06-12 00:48:00,23.6
2025-06-12 05:16:00,40.3
2025-06-12 00:56:00,43.1
2025-06-12 19:25:00,95.8
2025-06-12 14:19:00,2.1
2025-06-12 07:28:00,58.2
2025-06-12 10:25:00,50.037891637220255
2025-06-12 16:07:00,0.6
2025-06-12 22:54:00,11.4
2025-06-12 10:22:00,10.2
2025-06-12 23:24:00,50.037891637220255
2025-06-12 14:38:00,99.1
2025-06-12 04:21:00,35.0
2025-06-12 14:00:00,50.037891637220255
2025-06-12 22:07:00,65.3
2025-06-12 13:17:00,77.2
2025-06-12 12:45:00,43.8
2025-06-12 14:40:00,50.037891637220255
2025-06-12 04:36:00,87.3
2025-06-12 04:03:00,17.7
2025-06-12 22:14:00,50.037891637220255
2025-06-12 03:18:00,2.2
2025-06-12 10:42:00,7.1
2025-06-12 21:01:00,34.5
2025-06-12 06:49:00,94.9
2025-06-12 06:55:00,50.6
2025-06-12 12:38:00,50.037891637220255
2025-06-12 11:39:00,68.6
2025-06-12 11:20:00,11.1
2025-06-12 20:59:00,53.0
2025-06-12 23:42:00,50.037891637220255
2025-06-12 13:49:00,68.1
2025-06-12 20:33:00,20.4
2025-06-12 10:36:00,50.037891637220255
2025-06-12 01:31:00,84.8
2025-06-12 17:22:00,2.5
2025-06-12 19:59:00,50.037891637220255
2025-06-12 00:10:00,76.5
2025-06-12 10:13:00,10.8
2025-06-12 20:38:00,47.8
2025-06-12 12:35:00,13.5
2025-06-12 01:20:00,44.3
2025-06-12 13:07:00,58.6
2025-06-12 20:48:00,57.4
2025-06-12 03:04:00,15.3
2025-06-12 06:45:00,19.8
2025-06-12 15:20:00,50.037891637220255
2025-06-12 19:07:00,97.6
2025-06-12 20:35:00,20.5
2025-06-12 16:09:00,85.1
2025-06-12 12:51:00,10.5
2025-06-12 07:29:00,40.3
2025-06-12 00:23:00,50.037891637220255
2025-06-12 13:27:00,48.4
2025-06-12 16:27:00,66.9
2025-06-12 23:03:00,50.037891637220255
2025-06-12 07:13:00,50.037891637220255
2025-06-12 00:13:00,82.3
2025-06-12 17:12:00,27.7
2025-06-12 19:37:00,67.6
2025-06-12 13:19:00,48.3
2025-06-12 12:18:00,29.1
2025-06-12 05:09:00,50.037891637220255
2025-06-12 03:13:00,22.3
2025-06-12 00:30:00,50.037891637220255
2025-06-12 23:25:00,65.0
2025-06-12 20:51:00,50.037891637220255
2025-06-12 03:12:00,50.037891637220255
2025-06-12 09:16:00,83.1
2025-06-12 00:38:00,41.6
2025-06-12 02:08:00,50.037891637220255
2025-06-12 14:36:00,50.037891637220255
2025-06-12 23:27:00,18.5
2025-06-12 12:26:00,77.0
2025-06-12 01:48:00,74.9
2025-06-12 04:22:00,42.6
2025-06-12 16:57:00,27.8
2025-06-12 11:15:00,92.1
2025-06-12 23:56:00,50.037891637220255
2025-06-12 14:22:00,82.7
2025-06-12 22:33:00,50.037891637220255
2025-06-12 20:01:00,43.3
2025-06-12 17:21:00,36.8
2025-06-12 14:13:00,35.3
2025-06-12 11:33:00,35.2
2025-06-12 15:51:00,71.0
2025-06-12 20:46:00,7.6
2025-06-12 05:59:00,50.037891637220255
2025-06-12 06:16:00,68.7
2025-06-12 11:10:00,52.4
2025-06-12 23:49:00,12.9
2025-06-12 09:15:00,39.0
2025-06-12 16:44:00,16.8
2025-06-12 07:26:00,76.1
2025-06-12 02:09:00,34.7
2025-06-12 04:13:00,7.5
2025-06-12 17:34:00,80.1
2025-06-12 09:38:00,46.1
2025-06-12 10:39:00,35.9
2025-06-12 15:14:00,16.2
2025-06-12 03:31:00,21.4
2025-06-12 13:45:00,65.5
2025-06-12 09:31:00,5.5
2025-06-12 15:31:00,19.3
2025-06-12 01:55:00,68.4
2025-06-12 16:40:00,46.5
2025-06-12 03:34:00,81.5
2025-06-12 01:43:00,50.037891637220255
2025-06-12 03:45:00,50.037891637220255
2025-06-12 02:50:00,70.2
2025-06-12 15:27:00,75.1
2025-06-12 13:57:00,53.9
2025-06-12 22:26:00,42.6
2025-06-12 11:01:00,18.7
2025-06-12 10:40:00,80.6
2025-06-12 01:42:00,56.9
2025-06-12 19:38:00,99.1
2025-06-12 07:14:00,72.7
2025-06-12 03:56:00,91.5
2025-06-12 06:21:00,81.2
2025-06-12 14:04:00,95.1
2025-06-12 05:41:00,93.3
2025-06-12 21:39:00,48.9
2025-06-12 18:46:00,42.8
2025-06-12 14:57:00,50.037891637220255
2025-06-12 18:10:00,14.1
2025-06-12 18:39:00,42.4
2025-06-12 04:34:00,90.0
2025-06-12 13:08:00,14.4
2025-06-12 01:26:00,51.0
2025-06-12 05:46:00,26.0
2025-06-12 23:41:00,50.037891637220255
2025-06-12 13:01:00,93.6
2025-06-12 04:45:00,82.5
2025-06-12 16:47:00,50.037891637220255
2025-06-12 12:02:00,73.0
2025-06-12 22:28:00,76.4
2025-06-12 05:37:00,50.037891637220255
2025-06-12 09:37:00,28.9
2025-06-12 06:22:00,47.8
2025-06-12 09:30:00,93.2
2025-06-12 03:48:00,1.7
2025-06-12 11:46:00,84.7
2025-06-12 12:43:00,28.6
2025-06-12 12:20:00,33.5
2025-06-12 21:44:00,20.3
2025-06-12 22:36:00,9.2
2025-06-12 08:14:00,15.8
2025-06-12 15:38:00,81.4
2025-06-12 01:53:00,0.8
2025-06-12 15:43:00,81.5
2025-06-12 06:46:00,38.5
2025-06-12 00:26:00,12.9
2025-06-12 10:50:00,43.8
2025-06-12 03:25:00,68.4
2025-06-12 21:52:00,69.5
2025-06-12 11:07:00,50.037891637220255
2025-06-12 09:45:00,56.9
2025-06-12 09:36:00,95.0
2025-06-12 09:52:00,26.4
2025-06-12 01:58:00,61.7
2025-06-12 06:08:00,68.3
2025-06-12 07:59:00,50.0
2025-06-12 10:06:00,98.1
2025-06-12 15:22:00,17.3
2025-06-12 04:59:00,56.7
2025-06-12 18:49:00,60.8
2025-06-12 23:20:00,6.1
2025-06-12 04:58:00,84.6
2025-06-12 00:20:00,10.6
2025-06-12 15:10:00,50.037891637220255
2025-06-12 16:30:00,64.9
2025-06-12 19:21:00,12.4
2025-06-12 05:49:00,4.8
2025-06-12 14:08:00,76.0
2025-06-12 16:43:00,65.7
2025-06-12 07:51:00,50.037891637220255
2025-06-12 08:39:00,50.037891637220255
2025-06-12 22:39:00,15.8
2025-06-12 04:35:00,70.9
2025-06-12 15:04:00,85.7
2025-06-12 02:30:00,59.8
2025-06-12 03:39:00,52.8
2025-06-12 15:59:00,37.9
2025-06-12 08:54:00,84.2
2025-06-12 02:26:00,26.1
2025-06-12 19:22:00,39.9
2025-06-12 02:42:00,69.4
2025-06-12 02:17:00,50.037891637220255
2025-06-12 04:16:00,56.5
2025-06-12 17:59:00,35.5
2025-06-12 10:16:00,12.8
2025-06-12 03:57:00,50.037891637220255
2025-06-12 13:06:00,85.8
2025-06-12 17:10:00,93.3
2025-06-12 15:15:00,82.7
2025-06-12 22:17:00,0.6
2025-06-12 18:53:00,19.7
2025-06-12 15:09:00,73.8
2025-06-12 03:41:00,26.0
2025-06-12 21:21:00,87.4
2025-06-12 08:50:00,50.037891637220255
2025-06-12 13:09:00,90.1
2025-06-12 14:28:00,3.8
2025-06-12 16:37:00,78.7
2025-06-12 21:19:00,15.1
2025-06-12 15:47:00,47.3
2025-06-12 03:44:00,60.3
2025-06-12 08:43:00,93.3
2025-06-12 16:53:00,68.4
2025-06-12 03:01:00,61.8
2025-06-12 19:53:00,44.1
2025-06-12 05:47:00,46.1
2025-06-12 10:44:00,50.037891637220255
2025-06-12 08:00:00,1.7
2025-06-12 07:12:00,50.037891637220255
2025-06-12 19:27:00,17.5
2025-06-12 20:08:00,50.037891637220255
2025-06-12 22:00:00,72.6
2025-06-12 00:45:00,78.2
2025-06-12 21:33:00,81.2
2025-06-12 00:28:00,14.4
2025-06-12 16:00:00,17.1
2025-06-12 16:50:00,50.037891637220255
2025-06-12 09:24:00,50.037891637220255
2025-06-12 18:50:00,37.6
2025-06-12 16:16:00,30.7
2025-06-12 06:33:00,41.0
2025-06-12 23:40:00,42.0
2025-06-12 13:37:00,42.9
2025-06-12 18:45:00,30.9
2025-06-12 20:41:00,75.0
2025-06-12 18:34:00,78.4
2025-06-12 06:41:00,41.7
2025-06-12 06:52:00,42.9
2025-06-12 22:21:00,20.1
2025-06-12 07:18:00,12.1
2025-06-12 13:30:00,84.3
2025-06-12 07:32:00,54.4
2025-06-12 13:58:00,1.8
2025-06-12 05:01:00,8.7
2025-06-12 07:21:00,96.2
2025-06-12 06:15:00,62.3
2025-06-12 04:56:00,15.7
2025-06-12 19:13:00,89.8
2025-06-12 01:45:00,40.9
2025-06-12 05:45:00,88.4
2025-06-12 23:22:00,28.2
2025-06-12 17:48:00,72.6
2025-06-12 14:11:00,1.3
2025-06-12 09:13:00,99.3
2025-06-12 10:57:00,23.3
2025-06-12 05:30:00,41.4
2025-06-12 00:59:00,63.7
2025-06-12 17:33:00,50.037891637220255
2025-06-12 08:17:00,49.0
2025-06-12 04:43:00,25.6
2025-06-12 06:32:00,39.5
2025-06-12 17:46:00,62.6
2025-06-12 21:35:00,96.0
2025-06-12 06:58:00,21.3
2025-06-12 10:47:00,79.6
2025-06-12 10:07:00,48.7
2025-06-12 07:10:00,50.037891637220255
2025-06-12 11:41:00,50.037891637220255
2025-06-12 21:12:00,21.0
2025-06-12 21:49:00,5.1
2025-06-12 02:07:00,50.037891637220255
2025-06-12 13:14:00,3.8
2025-06-12 04:49:00,2.7
2025-06-12 19:20:00,99.8
2025-06-12 15:22:00,2.5
2025-06-12 06:53:00,32.2
2025-06-12 15:57:00,43.0
2025-06-12 03:01:00,43.7
2025-06-12 01:32:00,22.1
2025-06-12 02:29:00,21.4
2025-06-12 17:48:00,43.2
2025-06-12 20:21:00,50.60542317173377
2025-06-12 11:54:00,93.9
2025-06-12 08:13:00,98.6
2025-06-12 06:23:00,60.1
2025-06-12 10:33:00,79.7
2025-06-12 19:48:00,50.60542317173377
2025-06-12 03:27:00,1.0
2025-06-12 21:50:00,50.60542317173377
2025-06-12 03:14:00,89.5
2025-06-12 10:19:00,86.2
2025-06-12 12:49:00,42.8
2025-06-12 21:13:00,32.9
2025-06-12 09:21:00,2.9
2025-06-12 11:18:00,50.60542317173377
2025-06-12 10:42:00,82.5
2025-06-12 11:32:00,20.9
2025-06-12 10:49:00,4.9
2025-06-12 00:04:00,74.9
2025-06-12 02:51:00,21.1
2025-06-12 06:04:00,62.1
2025-06-12 16:23:00,11.2
2025-06-12 20:33:00,64.6
2025-06-12 19:09:00,3.2
2025-06-12 11:03:00,67.0
2025-06-12 22:54:00,78.4
2025-06-12 12:03:00,50.60542317173377
2025-06-12 17:27:00,50.60542317173377
2025-06-12 00:46:00,96.1
2025-06-12 10:46:00,19.3
2025-06-12 10:05:00,50.60542317173377
2025-06-12 17:26:00,18.2
2025-06-12 10:09:00,80.7
2025-06-12 11:19:00,63.1
2025-06-12 23:54:00,67.3
2025-06-12 19:45:00,45.9
2025-06-12 05:46:00,50.60542317173377
2025-06-12 02:09:00,65.1
2025-06-12 23:09:00,35.1
2025-06-12 00:39:00,96.7
2025-06-12 19:37:00,50.60542317173377
2025-06-12 07:57:00,67.5
2025-06-12 07:55:00,82.3
2025-06-12 11:25:00,50.60542317173377
2025-06-12 14:41:00,3.7
2025-06-12 09:13:00,59.9
2025-06-12 12:28:00,86.4
2025-06-12 10:38:00,40.3
2025-06-12 08:58:00,27.7
2025-06-12 13:29:00,99.9
2025-06-12 19:38:00,3.0
2025-06-12 16:02:00,48.5
2025-06-12 06:48:00,50.60542317173377
2025-06-12 23:21:00,12.2
2025-06-12 20:12:00,26.5
2025-06-12 06:45:00,96.3
2025-06-12 14:07:00,50.60542317173377
2025-06-12 08:31:00,54.9
2025-06-12 15:51:00,50.60542317173377
2025-06-12 23:38:00,84.8
2025-06-12 13:06:00,51.4
2025-06-12 20:42:00,71.9
2025-06-12 05:26:00,50.60542317173377
2025-06-12 21:01:00,37.9
2025-06-12 16:12:00,35.2
2025-06-12 05:52:00,14.4
2025-06-12 20:35:00,76.4
2025-06-12 19:07:00,27.4
2025-06-12 10:51:00,45.2
2025-06-12 15:41:00,32.0
2025-06-12 12:34:00,48.2
2025-06-12 11:02:00,59.1
2025-06-12 18:43:00,50.60542317173377
2025-06-12 18:53:00,99.0
2025-06-12 16:55:00,27.6
2025-06-12 22:27:00,17.8
2025-06-12 14:16:00,76.3
2025-06-12 06:38:00,50.60542317173377
2025-06-12 05:09:00,53.1
2025-06-12 13:08:00,46.3
2025-06-12 21:41:00,30.4
2025-06-12 23:27:00,79.3
2025-06-12 19:03:00,85.9
2025-06-12 21:49:00,39.1
2025-06-12 07:45:00,76.2
2025-06-12 09:48:00,64.8
2025-06-12 22:28:00,97.4
2025-06-12 07:35:00,50.60542317173377
2025-06-12 19:36:00,56.8
2025-06-12 08:38:00,57.8
2025-06-12 18:06:00,74.6
2025-06-12 10:48:00,2.8
2025-06-12 11:51:00,10.5
2025-06-12 06:00:00,50.60542317173377
2025-06-12 18:34:00,28.6
2025-06-12 07:03:00,57.6
2025-06-12 10:00:00,88.7
2025-06-12 21:51:00,16.5
2025-06-12 00:18:00,51.3
2025-06-12 14:51:00,38.4
2025-06-12 11:08:00,53.7
2025-06-12 00:35:00,84.9
2025-06-12 17:20:00,9.7
2025-06-12 04:53:00,58.7
2025-06-12 13:16:00,9.1
2025-06-12 02:26:00,15.4
2025-06-12 09:23:00,30.9
2025-06-12 21:48:00,62.6
2025-06-12 11:57:00,79.4
2025-06-12 21:55:00,17.9
2025-06-12 14:43:00,50.60542317173377
2025-06-12 09:04:00,73.9
2025-06-12 22:05:00,28.6
2025-06-12 02:00:00,71.3
2025-06-12 18:09:00,25.0
2025-06-12 18:46:00,50.60542317173377
2025-06-12 18:35:00,63.5
2025-06-12 13:03:00,84.6
2025-06-12 22:09:00,75.4
2025-06-12 21:30:00,3.3
2025-06-12 07:32:00,50.60542317173377
2025-06-12 02:30:00,6.7
2025-06-12 17:51:00,64.9
2025-06-12 21:45:00,65.5
2025-06-12 10:34:00,95.9
2025-06-12 01:45:00,80.4
2025-06-12 09:49:00,8.2
2025-06-12 17:23:00,84.1
2025-06-12 11:41:00,62.5
2025-06-12 21:18:00,1.0
2025-06-12 04:28:00,11.9
2025-06-12 23:26:00,50.60542317173377
2025-06-12 11:05:00,29.4
2025-06-12 04:38:00,74.8
2025-06-12 12:29:00,74.1
2025-06-12 09:54:00,50.60542317173377
2025-06-12 02:23:00,60.7
2025-06-12 13:32:00,50.60542317173377
2025-06-12 22:03:00,34.2
2025-06-12 23:17:00,41.5
2025-06-12 17:36:00,76.8
2025-06-12 07:09:00,0.5
2025-06-12 18:03:00,35.3
2025-06-12 08:14:00,22.0
2025-06-12 08:52:00,25.5
2025-06-12 01:40:00,24.3
2025-06-12 08:57:00,94.3
2025-06-12 19:59:00,29.0
2025-06-12 00:58:00,93.3
2025-06-12 09:59:00,79.2
2025-06-12 21:35:00,83.8
2025-06-12 18:26:00,86.3
2025-06-12 17:52:00,39.6
2025-06-12 23:03:00,52.2
2025-06-12 09:08:00,17.4
2025-06-12 01:06:00,16.0
2025-06-12 18:02:00,47.5
2025-06-12 05:29:00,86.6
2025-06-12 14:27:00,54.7
2025-06-12 20:40:00,83.4
2025-06-12 08:42:00,32.3
2025-06-12 12:24:00,15.6
2025-06-12 21:22:00,53.3
2025-06-12 04:26:00,71.3
2025-06-12 18:50:00,48.5
2025-06-12 20:13:00,32.1
2025-06-12 10:18:00,50.60542317173377
2025-06-12 11:23:00,97.8
2025-06-12 04:24:00,64.0
2025-06-12 11:14:00,50.3
2025-06-12 21:57:00,27.2
2025-06-12 01:10:00,50.60542317173377
2025-06-12 12:50:00,57.2
2025-06-12 07:08:00,59.3
2025-06-12 10:07:00,50.60542317173377
2025-06-12 15:03:00,64.1
2025-06-12 23:18:00,14.8
2025-06-12 12:25:00,60.1
2025-06-12 21:16:00,44.8
2025-06-12 22:47:00,99.6
2025-06-12 05:05:00,27.4
2025-06-12 20:22:00,19.7
2025-06-12 18:00:00,36.5
2025-06-12 01:20:00,20.9
2025-06-12 22:50:00,84.1
2025-06-12 05:41:00,79.6
2025-06-12 20:44:00,32.7
2025-06-12 14:23:00,97.1
2025-06-12 10:27:00,68.4
2025-06-12 01:39:00,50.60542317173377
2025-06-12 00:26:00,61.5
2025-06-12 01:01:00,2.0
2025-06-12 05:19:00,86.0
2025-06-12 08:16:00,14.0
2025-06-12 22:01:00,95.3
2025-06-12 01:05:00,41.5
2025-06-12 15:19:00,91.0
2025-06-12 12:46:00,98.4
2025-06-12 17:13:00,1.4
2025-06-12 17:57:00,95.7
2025-06-12 16:44:00,7.2
2025-06-12 10:06:00,50.60542317173377
2025-06-12 16:29:00,19.2
2025-06-12 08:10:00,56.9
2025-06-12 07:12:00,58.6
2025-06-12 00:12:00,51.9
2025-06-12 19:17:00,94.8
2025-06-12 17:04:00,66.2
2025-06-12 04:50:00,94.9
2025-06-12 12:42:00,54.8
2025-06-12 14:31:00,56.5
2025-06-12 14:08:00,19.6
2025-06-12 19:46:00,75.8
2025-06-12 09:18:00,32.4
2025-06-12 03:30:00,44.3
2025-06-12 01:16:00,5.8
2025-06-12 03:28:00,96.5
2025-06-12 07:10:00,52.6
2025-06-12 14:11:00,77.5
2025-06-12 16:30:00,15.3
2025-06-12 07:56:00,50.60542317173377
2025-06-12 14:14:00,34.4
2025-06-12 07:36:00,31.8
2025-06-12 11:40:00,46.9
2025-06-12 09:10:00,70.6
2025-06-12 23:22:00,59.8
2025-06-12 04:13:00,9.5
2025-06-12 11:28:00,47.2
2025-06-12 04:33:00,50.60542317173377
2025-06-12 05:30:00,34.4
2025-06-12 04:23:00,35.0
2025-06-12 19:55:00,45.9
2025-06-12 07:21:00,21.5
2025-06-12 04:29:00,99.7
2025-06-12 18:39:00,93.9
2025-06-12 05:10:00,97.2
2025-06-12 01:56:00,80.7
2025-06-12 09:34:00,29.9
2025-06-12 17:35:00,0.9
2025-06-12 22:46:00,40.8
2025-06-12 05:45:00,35.5
2025-06-12 09:20:00,46.7
2025-06-12 03:16:00,27.4
2025-06-12 02:43:00,59.6
2025-06-12 00:49:00,50.60542317173377
2025-06-12 04:58:00,49.1
2025-06-12 19:29:00,47.0
2025-06-12 17:06:00,95.8
2025-06-12 11:52:00,23.1
2025-06-12 02:46:00,90.1
2025-06-12 13:20:00,98.4
2025-06-12 07:26:00,82.5
2025-06-12 13:41:00,7.6
2025-06-12 09:24:00,75.1
2025-06-12 20:48:00,35.1
2025-06-12 15:01:00,39.0
2025-06-12 21:46:00,52.3
2025-06-12 17:08:00,26.9
2025-06-12 07:52:00,58.2
2025-06-12 10:08:00,9.6
2025-06-12 11:22:00,50.60542317173377
2025-06-12 15:05:00,2.4
2025-06-12 02:52:00,15.8
2025-06-12 06:40:00,50.60542317173377
2025-06-12 06:10:00,59.3
2025-06-12 04:21:00,70.9
2025-06-12 23:36:00,50.60542317173377
2025-06-12 20:45:00,50.60542317173377
2025-06-12 12:19:00,50.60542317173377
2025-06-12 23:30:00,61.6
2025-06-12 04:15:00,25.5
2025-06-12 16:51:00,51.7
2025-06-12 23:12:00,52.7
2025-06-12 12:23:00,21.2
2025-06-12 13:48:00,16.0
2025-06-12 15:50:00,50.60542317173377
2025-06-12 00:45:00,77.9
2025-06-12 10:15:00,51.5
2025-06-12 02:28:00,15.5
2025-06-12 23:42:00,96.0
2025-06-12 10:04:00,50.60542317173377
2025-06-12 02:27:00,90.4
2025-06-12 22:30:00,41.0
2025-06-12 22:33:00,62.1
2025-06-12 15:25:00,81.0
2025-06-12 06:41:00,72.1
2025-06-12 13:37:00,88.8
2025-06-12 07:25:00,78.1
2025-06-12 05:31:00,20.7
2025-06-12 03:50:00,50.60542317173377
2025-06-12 16:18:00,20.9
2025-06-12 03:39:00,53.8
2025-06-12 11:31:00,90.7
2025-06-12 12:32:00,98.0
2025-06-12 07:47:00,3.1
2025-06-12 22:11:00,49.2
2025-06-12 18:18:00,93.0
2025-06-12 04:19:00,85.5
2025-06-12 21:28:00,65.6
2025-06-12 19:40:00,40.8
2025-06-12 18:27:00,50.60542317173377
2025-06-12 22:48:00,50.60542317173377
2025-06-12 08:30:00,50.60542317173377
2025-06-12 10:17:00,44.9
2025-06-12 07:27:00,65.2
2025-06-12 13:23:00,47.7
2025-06-12 16:39:00,90.4
2025-06-12 13:28:00,87.3
2025-06-12 21:00:00,4.1
2025-06-12 06:27:00,50.60542317173377
2025-06-12 14:36:00,0.8
2025-06-12 06:11:00,25.2
2025-06-12 08:17:00,50.4
2025-06-12 09:14:00,53.1
2025-06-12 22:12:00,79.9
2025-06-12 21:53:00,72.6
2025-06-12 04:12:00,14.6
2025-06-12 00:56:00,78.8
2025-06-12 05:04:00,91.3
2025-06-12 05:53:00,98.0
2025-06-12 23:16:00,12.2
2025-06-12 03:00:00,93.6
2025-06-12 14:28:00,58.7
2025-06-12 13:31:00,3.5
2025-06-12 01:47:00,52.4
2025-06-12 11:45:00,5.7
2025-06-12 20:18:00,76.8
2025-06-12 17:41:00,54.2
2025-06-12 14:25:00,31.9
2025-06-12 19:24:00,74.5
2025-06-12 13:36:00,29.7
2025-06-12 23:07:00,34.1
2025-06-12 01:55:00,28.5
2025-06-12 15:52:00,6.9
2025-06-12 00:29:00,14.3
2025-06-12 09:47:00,99.5
2025-06-12 17:40:00,53.3
2025-06-12 22:42:00,49.935598591549294
2025-06-12 19:07:00,49.935598591549294
2025-06-12 11:13:00,59.3
2025-06-12 23:13:00,49.935598591549294
2025-06-12 16:13:00,15.1
2025-06-12 06:21:00,49.935598591549294
2025-06-12 10:49:00,13.5
2025-06-12 02:35:00,6.2
2025-06-12 03:42:00,49.935598591549294
2025-06-12 15:10:00,30.2
2025-06-12 10:25:00,86.9
2025-06-12 23:28:00,66.1
2025-06-12 12:29:00,60.6
2025-06-12 04:44:00,76.1
2025-06-12 03:35:00,49.935598591549294
2025-06-12 01:11:00,0.7
2025-06-12 09:27:00,64.7
2025-06-12 19:51:00,59.0
2025-06-12 12:06:00,6.2
2025-06-12 11:27:00,10.1
2025-06-12 04:26:00,1.9
2025-06-12 14:42:00,3.5
2025-06-12 20:26:00,75.0
2025-06-12 14:56:00,94.4
2025-06-12 17:13:00,5.5
2025-06-12 16:52:00,49.935598591549294
2025-06-12 22:01:00,98.2
2025-06-12 08:02:00,1.3
2025-06-12 23:58:00,61.8
2025-06-12 03:22:00,35.4
2025-06-12 04:37:00,49.935598591549294
2025-06-12 06:49:00,14.6
2025-06-12 02:23:00,42.6
2025-06-12 14:58:00,87.4
2025-06-12 06:00:00,74.3
2025-06-12 22:46:00,9.1
2025-06-12 12:33:00,96.3
2025-06-12 21:04:00,69.5
2025-06-12 18:12:00,98.0
2025-06-12 15:23:00,21.2
2025-06-12 04:00:00,65.4
2025-06-12 06:38:00,51.2
2025-06-12 19:04:00,44.1
2025-06-12 19:11:00,69.0
2025-06-12 00:03:00,25.7
2025-06-12 15:22:00,63.8
2025-06-12 09:59:00,47.2
2025-06-12 20:21:00,85.5
2025-06-12 07:57:00,67.5
2025-06-12 12:01:00,20.4
2025-06-12 10:08:00,10.3
2025-06-12 02:41:00,7.1
2025-06-12 09:15:00,64.7
2025-06-12 07:38:00,15.9
2025-06-12 07:04:00,92.3
2025-06-12 20:38:00,49.935598591549294
2025-06-12 06:57:00,49.935598591549294
2025-06-12 16:38:00,86.1
2025-06-12 00:06:00,4.1
2025-06-12 20:01:00,3.4
2025-06-12 06:11:00,30.9
2025-06-12 15:02:00,6.1
2025-06-12 03:21:00,66.0
2025-06-12 11:23:00,63.9
2025-06-12 17:27:00,24.6
2025-06-12 22:13:00,79.1
2025-06-12 18:03:00,45.2
2025-06-12 15:39:00,66.0
2025-06-12 01:38:00,17.0
2025-06-12 20:25:00,41.0
2025-06-12 10:03:00,86.4
2025-06-12 13:01:00,35.7
2025-06-12 01:00:00,52.6
2025-06-12 09:26:00,59.0
2025-06-12 04:16:00,74.5
2025-06-12 07:53:00,78.0
2025-06-12 23:20:00,72.1
2025-06-12 21:23:00,49.935598591549294
2025-06-12 05:45:00,49.935598591549294
2025-06-12 12:00:00,29.8
2025-06-12 15:00:00,49.935598591549294
2025-06-12 17:28:00,66.7
2025-06-12 03:01:00,76.9
2025-06-12 10:21:00,45.3
2025-06-12 07:43:00,49.935598591549294
2025-06-12 00:32:00,69.1
2025-06-12 11:33:00,11.0
2025-06-12 04:32:00,23.7
2025-06-12 08:13:00,68.1
2025-06-12 00:25:00,100.0
2025-06-12 18:30:00,56.3
2025-06-12 03:45:00,20.4
2025-06-12 08:08:00,39.2
2025-06-12 06:25:00,0.6
2025-06-12 09:51:00,27.6
2025-06-12 13:05:00,18.0
2025-06-12 02:15:00,86.0
2025-06-12 09:30:00,34.8
2025-06-12 09:43:00,50.4
2025-06-12 17:39:00,8.3
2025-06-12 15:12:00,42.1
2025-06-12 21:15:00,49.935598591549294
2025-06-12 20:04:00,49.935598591549294
2025-06-12 05:51:00,73.1
2025-06-12 11:11:00,76.1
2025-06-12 13:04:00,75.4
2025-06-12 22:56:00,91.8
2025-06-12 20:10:00,94.3
2025-06-12 17:55:00,18.9
2025-06-12 23:31:00,61.1
2025-06-12 08:22:00,57.0
2025-06-12 16:26:00,5.1
2025-06-12 05:28:00,43.7
2025-06-12 00:57:00,49.935598591549294
2025-06-12 09:45:00,14.6
2025-06-12 04:29:00,49.935598591549294
2025-06-12 10:46:00,6.3
2025-06-12 23:27:00,38.3
2025-06-12 23:10:00,32.5
2025-06-12 01:56:00,49.935598591549294
2025-06-12 17:33:00,40.3
2025-06-12 09:37:00,30.5
2025-06-12 13:09:00,90.3
2025-06-12 07:55:00,7.0
2025-06-12 05:20:00,68.2
2025-06-12 04:25:00,27.9
2025-06-12 02:29:00,14.9
2025-06-12 14:34:00,2.0
2025-06-12 09:12:00,94.4
2025-06-12 09:13:00,28.2
2025-06-12 19:32:00,83.9
2025-06-12 03:02:00,49.935598591549294
2025-06-12 14:40:00,89.6
2025-06-12 12:10:00,4.8
2025-06-12 10:50:00,95.4
2025-06-12 00:45:00,39.4
2025-06-12 04:20:00,44.7
2025-06-12 18:10:00,52.3
2025-06-12 05:59:00,88.5
2025-06-12 23:00:00,41.3
2025-06-12 13:59:00,30.9
2025-06-12 18:47:00,57.8
2025-06-12 15:38:00,71.9
2025-06-12 00:42:00,8.7
2025-06-12 13:41:00,45.1
2025-06-12 18:16:00,55.5
2025-06-12 21:34:00,65.8
2025-06-12 15:51:00,79.2
2025-06-12 11:57:00,40.1
2025-06-12 08:41:00,99.3
2025-06-12 19:45:00,45.3
2025-06-12 03:30:00,55.5
2025-06-12 21:53:00,68.2
2025-06-12 11:01:00,28.8
2025-06-12 13:15:00,89.4
2025-06-12 11:35:00,49.6
2025-06-12 04:13:00,54.9
2025-06-12 03:33:00,89.0
2025-06-12 14:48:00,81.4
2025-06-12 23:26:00,10.9
2025-06-12 00:37:00,49.935598591549294
2025-06-12 21:48:00,26.3
2025-06-12 11:28:00,49.935598591549294
2025-06-12 22:52:00,23.8
2025-06-12 00:38:00,99.7
2025-06-12 09:54:00,83.7
2025-06-12 04:34:00,58.1
2025-06-12 13:30:00,35.3
2025-06-12 19:09:00,32.7
2025-06-12 23:35:00,63.6
2025-06-12 04:03:00,49.935598591549294
2025-06-12 15:36:00,24.9
2025-06-12 01:41:00,33.6
2025-06-12 04:50:00,41.1
2025-06-12 01:03:00,66.8
2025-06-12 12:23:00,16.8
2025-06-12 01:04:00,85.2
2025-06-12 14:18:00,19.9
2025-06-12 09:34:00,49.935598591549294
2025-06-12 23:09:00,88.9
2025-06-12 03:39:00,26.9
2025-06-12 19:30:00,50.0
2025-06-12 06:09:00,31.4
2025-06-12 13:20:00,32.2
2025-06-12 07:27:00,82.7
2025-06-12 06:39:00,51.9
2025-06-12 17:06:00,49.935598591549294
2025-06-12 19:37:00,49.935598591549294
2025-06-12 16:35:00,88.9
2025-06-12 22:25:00,75.3
2025-06-12 08:49:00,24.5
2025-06-12 01:27:00,82.6
2025-06-12 15:09:00,93.0
2025-06-12 23:07:00,1.9
2025-06-12 20:12:00,34.4
2025-06-12 10:18:00,99.0
2025-06-12 18:51:00,52.9
2025-06-12 23:17:00,5.1
2025-06-12 21:57:00,60.2
2025-06-12 07:00:00,49.935598591549294
2025-06-12 10:23:00,81.0
2025-06-12 20:31:00,67.3
2025-06-12 14:39:00,66.1
2025-06-12 02:44:00,49.8
2025-06-12 13:54:00,10.1
2025-06-12 11:00:00,49.935598591549294
2025-06-12 12:52:00,21.3
2025-06-12 00:43:00,75.0
2025-06-12 12:31:00,49.935598591549294
2025-06-12 09:46:00,49.935598591549294
2025-06-12 06:12:00,42.5
2025-06-12 15:04:00,46.1
2025-06-12 23:36:00,19.3
2025-06-12 14:19:00,49.935598591549294
2025-06-12 05:42:00,85.1
2025-06-12 17:32:00,46.7
2025-06-12 21:37:00,47.3
2025-06-12 09:48:00,65.8
2025-06-12 08:21:00,63.8
2025-06-12 10:06:00,49.935598591549294
2025-06-12 02:07:00,39.5
2025-06-12 09:38:00,99.7
2025-06-12 15:56:00,49.935598591549294
2025-06-12 18:50:00,64.8
2025-06-12 03:44:00,56.7
2025-06-12 01:42:00,64.7
2025-06-12 20:52:00,30.2
2025-06-12 21:13:00,2.5
2025-06-12 07:14:00,99.8
2025-06-12 05:50:00,30.2
2025-06-12 09:19:00,85.4
2025-06-12 18:23:00,20.8
2025-06-12 07:22:00,94.5
2025-06-12 02:14:00,19.5
2025-06-12 11:04:00,25.1
2025-06-12 13:55:00,4.0
2025-06-12 14:06:00,49.935598591549294
2025-06-12 06:50:00,49.935598591549294
2025-06-12 08:56:00,45.0
2025-06-12 04:43:00,68.2
2025-06-12 00:04:00,95.6
2025-06-12 11:59:00,76.9
2025-06-12 05:43:00,38.1
2025-06-12 07:24:00,49.935598591549294
2025-06-12 14:35:00,49.935598591549294
2025-06-12 06:52:00,59.1
2025-06-12 10:17:00,82.4
2025-06-12 01:52:00,19.6
2025-06-12 00:51:00,49.935598591549294
2025-06-12 17:49:00,95.9
2025-06-12 14:15:00,92.6
2025-06-12 09:49:00,9.2
2025-06-12 23:24:00,13.1
2025-06-12 06:06:00,86.4
2025-06-12 23:46:00,49.935598591549294
2025-06-12 19:40:00,13.6
2025-06-12 01:17:00,11.5
2025-06-12 16:12:00,91.6
2025-06-12 11:58:00,51.1
2025-06-12 07:23:00,6.0
2025-06-12 02:54:00,90.3
2025-06-12 07:47:00,78.2
2025-06-12 16:58:00,34.5
2025-06-12 06:10:00,88.9
2025-06-12 10:28:00,76.3
2025-06-12 03:55:00,37.4
2025-06-12 04:14:00,24.9
2025-06-12 22:54:00,49.935598591549294
2025-06-12 20:24:00,95.1
2025-06-12 21:27:00,38.8
2025-06-12 04:58:00,51.7
2025-06-12 20:13:00,18.5
2025-06-12 11:16:00,57.8
2025-06-12 15:49:00,60.1
2025-06-12 21:49:00,22.6
2025-06-12 17:15:00,49.935598591549294
2025-06-12 14:22:00,65.6
2025-06-12 13:13:00,25.4
2025-06-12 15:17:00,49.935598591549294
2025-06-12 16:33:00,94.7
2025-06-12 13:02:00,87.2
2025-06-12 04:54:00,26.1
2025-06-12 21:08:00,17.8
2025-06-12 20:33:00,43.9
2025-06-12 00:47:00,69.6
2025-06-12 02:48:00,69.7
2025-06-12 01:21:00,53.7
2025-06-12 13:08:00,51.7
2025-06-12 23:25:00,90.5
2025-06-12 05:38:00,62.8
2025-06-12 17:47:00,38.0
2025-06-12 19:16:00,9.5
2025-06-12 08:40:00,81.1
2025-06-12 21:19:00,24.9
2025-06-12 06:33:00,54.3
2025-06-12 18:46:00,78.9
2025-06-12 22:17:00,96.4
2025-06-12 20:36:00,75.6
2025-06-12 00:49:00,69.1
2025-06-12 04:46:00,42.5
2025-06-12 04:01:00,38.2
2025-06-12 01:58:00,5.0
2025-06-12 19:17:00,57.4
2025-06-12 11:40:00,49.935598591549294
2025-06-12 14:57:00,6.7
2025-06-12 16:19:00,5.7
2025-06-12 21:41:00,61.9
2025-06-12 20:14:00,93.3
2025-06-12 17:54:00,34.7
2025-06-12 07:42:00,66.1
2025-06-12 15:54:00,28.2
2025-06-12 09:13:00,65.5
2025-06-12 02:11:00,51.0
2025-06-12 15:52:00,32.0
2025-06-12 08:57:00,85.9
2025-06-12 09:20:00,67.7
2025-06-12 03:04:00,12.2
2025-06-12 10:21:00,49.740225962104276
2025-06-12 17:29:00,3.2
2025-06-12 22:22:00,70.6
2025-06-12 00:20:00,49.740225962104276
2025-06-12 00:57:00,4.4
2025-06-12 13:05:00,19.1
2025-06-12 17:50:00,96.0
2025-06-12 19:46:00,88.6
2025-06-12 13:03:00,73.9
2025-06-12 19:51:00,49.740225962104276
2025-06-12 03:13:00,47.7
2025-06-12 11:01:00,72.1
2025-06-12 15:16:00,49.740225962104276
2025-06-12 22:04:00,76.6
2025-06-12 10:12:00,86.8
2025-06-12 10:01:00,96.2
2025-06-12 12:14:00,26.7
2025-06-12 08:51:00,49.740225962104276
2025-06-12 09:35:00,40.8
2025-06-12 00:46:00,84.7
2025-06-12 15:12:00,32.1
2025-06-12 06:17:00,13.4
2025-06-12 11:40:00,49.740225962104276
2025-06-12 03:25:00,85.9
2025-06-12 14:09:00,33.7
2025-06-12 18:27:00,32.2
2025-06-12 20:53:00,49.740225962104276
2025-06-12 16:05:00,49.740225962104276
2025-06-12 05:13:00,40.1
2025-06-12 22:44:00,59.4
2025-06-12 00:29:00,70.2
2025-06-12 06:19:00,94.6
2025-06-12 07:34:00,77.1
2025-06-12 00:07:00,96.0
2025-06-12 04:58:00,19.5
2025-06-12 03:34:00,63.4
2025-06-12 19:15:00,70.8
2025-06-12 21:58:00,49.740225962104276
2025-06-12 13:57:00,66.8
2025-06-12 08:10:00,49.740225962104276
2025-06-12 21:46:00,97.7
2025-06-12 21:51:00,51.1
2025-06-12 18:08:00,55.2
2025-06-12 05:03:00,12.3
2025-06-12 20:10:00,64.2
2025-06-12 04:17:00,62.0
2025-06-12 07:04:00,1.8
2025-06-12 00:43:00,94.1
2025-06-12 04:31:00,32.5
2025-06-12 16:22:00,60.7
2025-06-12 19:20:00,11.9
2025-06-12 19:36:00,85.4
2025-06-12 13:11:00,21.3
2025-06-12 07:36:00,3.8
2025-06-12 09:08:00,49.740225962104276
2025-06-12 00:42:00,62.0
2025-06-12 07:23:00,9.2
2025-06-12 01:40:00,66.5
2025-06-12 20:35:00,89.6
2025-06-12 03:39:00,41.2
2025-06-12 20:19:00,2.7
2025-06-12 09:17:00,49.740225962104276
2025-06-12 09:43:00,49.740225962104276
2025-06-12 15:47:00,89.0
2025-06-12 14:13:00,50.9
2025-06-12 06:22:00,49.740225962104276
2025-06-12 18:18:00,95.4
2025-06-12 01:41:00,12.6
2025-06-12 21:04:00,98.8
2025-06-12 04:44:00,47.3
2025-06-12 12:06:00,49.740225962104276
2025-06-12 08:42:00,34.5
2025-06-12 03:07:00,33.7
2025-06-12 15:55:00,9.7
2025-06-12 12:58:00,49.740225962104276
2025-06-12 22:46:00,49.740225962104276
2025-06-12 15:45:00,27.0
2025-06-12 06:11:00,7.0
2025-06-12 17:04:00,61.3
2025-06-12 09:27:00,40.1
2025-06-12 13:36:00,81.2
2025-06-12 00:52:00,73.1
2025-06-12 11:35:00,87.6
2025-06-12 04:07:00,24.7
2025-06-12 11:39:00,77.5
2025-06-12 15:06:00,83.6
2025-06-12 01:32:00,44.3
2025-06-12 13:20:00,74.7
2025-06-12 17:41:00,35.9
2025-06-12 20:24:00,33.1
2025-06-12 12:13:00,75.6
2025-06-12 09:30:00,9.9
2025-06-12 16:19:00,49.740225962104276
2025-06-12 12:44:00,49.740225962104276
2025-06-12 15:07:00,2.5
2025-06-12 19:56:00,30.7
2025-06-12 09:21:00,10.1
2025-06-12 01:43:00,54.0
2025-06-12 00:33:00,9.9
2025-06-12 20:18:00,49.740225962104276
2025-06-12 21:27:00,16.8
2025-06-12 14:43:00,49.740225962104276
2025-06-12 11:25:00,3.7
2025-06-12 11:13:00,79.6
2025-06-12 05:55:00,79.7
2025-06-12 09:01:00,97.9
2025-06-12 11:15:00,90.7
2025-06-12 13:43:00,37.9
2025-06-12 13:27:00,49.740225962104276
2025-06-12 17:02:00,48.9
2025-06-12 19:39:00,21.8
2025-06-12 06:38:00,40.4
2025-06-12 02:23:00,49.740225962104276
2025-06-12 22:48:00,97.5
2025-06-12 00:32:00,51.5
2025-06-12 07:56:00,55.8
2025-06-12 15:59:00,87.6
2025-06-12 22:30:00,33.4
2025-06-12 08:40:00,61.2
2025-06-12 10:25:00,45.5
2025-06-12 14:00:00,65.6
2025-06-12 03:31:00,78.7
2025-06-12 11:42:00,2.0
2025-06-12 01:38:00,84.5
2025-06-12 16:27:00,37.2
2025-06-12 13:10:00,89.4
2025-06-12 02:59:00,92.3
2025-06-12 19:16:00,43.4
2025-06-12 05:05:00,59.2
2025-06-12 10:43:00,49.740225962104276
2025-06-12 23:58:00,7.7
2025-06-12 09:55:00,76.0
2025-06-12 13:56:00,25.6
2025-06-12 22:10:00,93.7
2025-06-12 04:49:00,93.9
2025-06-12 02:35:00,49.740225962104276
2025-06-12 11:12:00,100.0
2025-06-12 23:39:00,15.3
2025-06-12 21:19:00,49.740225962104276
2025-06-12 21:54:00,52.8
2025-06-12 18:42:00,15.4
2025-06-12 14:04:00,49.740225962104276
2025-06-12 07:08:00,70.9
2025-06-12 20:07:00,98.7
2025-06-12 18:03:00,49.740225962104276
2025-06-12 23:15:00,41.5
2025-06-12 03:41:00,14.5
2025-06-12 16:55:00,41.4
2025-06-12 06:06:00,96.6
2025-06-12 12:32:00,33.8
2025-06-12 19:18:00,49.740225962104276
2025-06-12 10:07:00,85.5
2025-06-12 20:43:00,15.6
2025-06-12 06:14:00,21.7
2025-06-12 00:14:00,9.7
2025-06-12 17:44:00,32.7
2025-06-12 02:19:00,98.2
2025-06-12 00:01:00,49.740225962104276
2025-06-12 03:56:00,64.8
2025-06-12 23:18:00,34.7
2025-06-12 04:41:00,5.2
2025-06-12 15:50:00,84.5
2025-06-12 22:19:00,59.3
2025-06-12 16:35:00,26.8
2025-06-12 03:42:00,5.0
2025-06-12 04:01:00,34.4
2025-06-12 05:43:00,22.8
2025-06-12 15:41:00,13.2
2025-06-12 18:53:00,7.7
2025-06-12 08:14:00,82.0
2025-06-12 14:07:00,79.8
2025-06-12 06:05:00,17.8
2025-06-12 15:24:00,26.5
2025-06-12 04:18:00,80.5
2025-06-12 23:51:00,9.5
2025-06-12 14:42:00,49.740225962104276
2025-06-12 15:19:00,49.740225962104276
2025-06-12 03:21:00,25.7
2025-06-12 03:11:00,29.8
2025-06-12 20:37:00,11.0
2025-06-12 06:47:00,42.8
2025-06-12 05:41:00,73.4
2025-06-12 18:35:00,51.7
2025-06-12 21:18:00,3.5
2025-06-12 07:15:00,85.4
2025-06-12 22:49:00,88.2
2025-06-12 08:18:00,49.740225962104276
2025-06-12 08:54:00,5.7
2025-06-12 11:08:00,49.740225962104276
2025-06-12 06:21:00,49.740225962104276
2025-06-12 04:37:00,16.3
2025-06-12 17:37:00,5.1
2025-06-12 04:20:00,58.3
2025-06-12 10:46:00,36.3
2025-06-12 08:41:00,7.7
2025-06-12 09:04:00,49.740225962104276
2025-06-12 19:41:00,40.9
2025-06-12 01:48:00,38.9
2025-06-12 00:38:00,49.740225962104276
2025-06-12 23:38:00,65.0
2025-06-12 23:37:00,6.6
2025-06-12 15:18:00,89.8
2025-06-12 07:07:00,95.8
2025-06-12 03:46:00,37.3
2025-06-12 06:18:00,49.740225962104276
2025-06-12 18:07:00,38.4
2025-06-12 13:55:00,49.740225962104276
2025-06-12 20:08:00,96.8
2025-06-12 09:41:00,64.2
2025-06-12 08:26:00,49.740225962104276
2025-06-12 03:40:00,36.5
2025-06-12 08:11:00,76.5
2025-06-12 12:51:00,84.6
2025-06-12 23:19:00,62.8
2025-06-12 11:06:00,67.2
2025-06-12 01:28:00,71.4
2025-06-12 09:28:00,7.0
2025-06-12 18:19:00,5.5
2025-06-12 14:06:00,26.7
2025-06-12 10:59:00,33.9
2025-06-12 19:00:00,87.2
2025-06-12 06:59:00,8.4
2025-06-12 07:21:00,93.8
2025-06-12 18:09:00,63.9
2025-06-12 21:45:00,52.2
2025-06-12 03:19:00,65.6
2025-06-12 07:46:00,34.0
2025-06-12 09:42:00,22.2
2025-06-12 04:05:00,14.2
2025-06-12 04:12:00,84.1
2025-06-12 14:12:00,49.740225962104276
2025-06-12 12:08:00,49.740225962104276
2025-06-12 08:13:00,8.1
2025-06-12 02:09:00,78.1
2025-06-12 05:40:00,87.5
2025-06-12 04:06:00,14.5
2025-06-12 12:27:00,91.0
2025-06-12 14:31:00,53.1
2025-06-12 22:01:00,49.740225962104276
2025-06-12 17:42:00,87.0
2025-06-12 04:56:00,16.6
2025-06-12 16:21:00,23.9
2025-06-12 23:53:00,23.7
2025-06-12 02:00:00,14.2
2025-06-12 07:09:00,87.5
2025-06-12 08:47:00,73.1
2025-06-12 05:12:00,50.3
2025-06-12 21:55:00,0.1
2025-06-12 08:58:00,49.740225962104276
2025-06-12 17:36:00,10.9
2025-06-12 23:29:00,49.740225962104276
2025-06-12 19:27:00,16.3
2025-06-12 23:55:00,73.7
2025-06-12 12:24:00,18.0
2025-06-12 09:39:00,76.0
2025-06-12 19:49:00,25.0
2025-06-12 00:12:00,28.9
2025-06-12 15:03:00,1.8
2025-06-12 19:12:00,27.8
2025-06-12 00:47:00,89.5
2025-06-12 14:11:00,86.3
2025-06-12 02:10:00,52.6
2025-06-12 21:47:00,75.2
2025-06-12 03:50:00,14.2
2025-06-12 03:08:00,4.7
2025-06-12 10:42:00,50.9
2025-06-12 20:41:00,38.1
2025-06-12 13:51:00,19.6
2025-06-12 06:50:00,62.3
2025-06-12 07:41:00,76.2
2025-06-12 00:11:00,11.6
2025-06-12 04:48:00,29.2
2025-06-12 03:54:00,21.6
2025-06-12 20:55:00,94.1
2025-06-12 13:47:00,39.2
2025-06-12 15:38:00,67.4
2025-06-12 07:02:00,45.3
2025-06-12 07:57:00,49.740225962104276
2025-06-12 16:49:00,49.740225962104276
2025-06-12 23:24:00,20.7
2025-06-12 03:52:00,77.7
2025-06-12 04:14:00,59.7
2025-06-12 15:22:00,50.18838223164841
2025-06-12 13:59:00,71.6
2025-06-12 15:08:00,37.8
2025-06-12 12:32:00,1.9
2025-06-12 15:02:00,2.5
2025-06-12 20:43:00,51.0
2025-06-12 23:19:00,93.2
2025-06-12 06:54:00,50.18838223164841
2025-06-12 20:10:00,75.5
2025-06-12 12:18:00,98.5
2025-06-12 09:23:00,39.4
2025-06-12 03:59:00,50.18838223164841
2025-06-12 20:16:00,50.18838223164841
2025-06-12 06:00:00,89.1
2025-06-12 00:35:00,79.2
2025-06-12 17:36:00,51.3
2025-06-12 21:51:00,32.4
2025-06-12 03:33:00,65.7
2025-06-12 12:01:00,21.0
2025-06-12 04:07:00,66.3
2025-06-12 18:13:00,80.4
2025-06-12 06:12:00,26.9
2025-06-12 20:04:00,10.1
2025-06-12 18:23:00,58.9
2025-06-12 23:34:00,3.5
2025-06-12 09:16:00,70.7
2025-06-12 07:07:00,83.7
2025-06-12 11:16:00,30.8
2025-06-12 15:00:00,27.0
2025-06-12 09:53:00,50.18838223164841
2025-06-12 17:57:00,70.4
2025-06-12 13:00:00,99.9
2025-06-12 08:20:00,93.9
2025-06-12 19:11:00,14.5
2025-06-12 17:30:00,82.9
2025-06-12 23:59:00,72.1
2025-06-12 03:20:00,50.6
2025-06-12 16:29:00,69.6
2025-06-12 08:22:00,50.18838223164841
2025-06-12 01:33:00,50.18838223164841
2025-06-12 15:57:00,48.6
2025-06-12 20:28:00,50.18838223164841
2025-06-12 22:38:00,79.7
2025-06-12 15:29:00,57.9
2025-06-12 16:28:00,50.18838223164841
2025-06-12 13:27:00,81.3
2025-06-12 21:16:00,50.18838223164841
2025-06-12 13:37:00,83.8
2025-06-12 05:09:00,69.8
2025-06-12 13:45:00,50.18838223164841
2025-06-12 16:30:00,45.3
2025-06-12 20:15:00,63.7
2025-06-12 17:02:00,50.18838223164841
2025-06-12 03:50:00,72.4
2025-06-12 04:01:00,35.5
2025-06-12 18:27:00,13.2
2025-06-12 11:14:00,2.1
2025-06-12 08:07:00,69.3
2025-06-12 16:51:00,14.3
2025-06-12 11:04:00,58.8
2025-06-12 12:51:00,61.0
2025-06-12 11:27:00,11.0
2025-06-12 03:09:00,39.3
2025-06-12 20:55:00,50.18838223164841
2025-06-12 11:03:00,31.7
2025-06-12 21:38:00,66.7
2025-06-12 02:34:00,91.9
2025-06-12 02:19:00,19.7
2025-06-12 21:48:00,8.2
2025-06-12 12:07:00,50.18838223164841
2025-06-12 14:34:00,15.0
2025-06-12 21:44:00,5.8
2025-06-12 11:48:00,87.6
2025-06-12 10:24:00,42.7
2025-06-12 22:57:00,92.7
2025-06-12 10:07:00,23.4
2025-06-12 03:23:00,50.18838223164841
2025-06-12 16:52:00,22.3
2025-06-12 17:19:00,50.18838223164841
2025-06-12 16:41:00,56.3
2025-06-12 15:58:00,87.6
2025-06-12 12:52:00,83.6
2025-06-12 03:28:00,93.3
2025-06-12 15:38:00,97.8
2025-06-12 17:24:00,50.4
2025-06-12 20:09:00,61.7
2025-06-12 09:17:00,59.6
2025-06-12 18:58:00,20.6
2025-06-12 01:06:00,32.7
2025-06-12 21:09:00,91.4
2025-06-12 19:51:00,18.9
2025-06-12 22:52:00,71.0
2025-06-12 08:19:00,76.2
2025-06-12 15:55:00,25.5
2025-06-12 11:10:00,94.2
2025-06-12 02:42:00,42.8
2025-06-12 06:05:00,75.5
2025-06-12 07:06:00,99.9
2025-06-12 12:58:00,50.18838223164841
2025-06-12 02:17:00,83.7
2025-06-12 17:03:00,76.3
2025-06-12 17:27:00,1.8
2025-06-12 08:31:00,18.2
2025-06-12 08:28:00,2.1
2025-06-12 06:53:00,50.18838223164841
2025-06-12 20:11:00,21.7
2025-06-12 08:39:00,98.3
2025-06-12 13:51:00,18.5
2025-06-12 02:14:00,89.4
2025-06-12 09:46:00,40.2
2025-06-12 12:09:00,39.1
2025-06-12 04:38:00,2.5
2025-06-12 04:13:00,5.2
2025-06-12 01:16:00,29.7
2025-06-12 10:42:00,7.8
2025-06-12 21:32:00,74.6
2025-06-12 00:01:00,65.4
2025-06-12 15:14:00,72.0
2025-06-12 22:42:00,52.5
2025-06-12 02:22:00,81.9
2025-06-12 16:23:00,58.7
2025-06-12 16:15:00,50.18838223164841
2025-06-12 15:21:00,50.18838223164841
2025-06-12 15:10:00,50.18838223164841
2025-06-12 09:45:00,50.18838223164841
2025-06-12 12:48:00,21.0
2025-06-12 19:31:00,25.5
2025-06-12 19:33:00,58.9
2025-06-12 18:25:00,32.8
2025-06-12 23:54:00,75.8
2025-06-12 14:12:00,7.8
2025-06-12 17:31:00,50.18838223164841
2025-06-12 19:35:00,77.0
2025-06-12 00:36:00,22.6
2025-06-12 05:50:00,45.6
2025-06-12 18:51:00,3.0
2025-06-12 07:55:00,40.7
2025-06-12 17:11:00,8.9
2025-06-12 04:45:00,88.7
2025-06-12 02:28:00,73.2
2025-06-12 14:01:00,15.8
2025-06-12 22:44:00,93.3
2025-06-12 05:56:00,92.9
2025-06-12 01:02:00,59.3
2025-06-12 17:40:00,78.6
2025-06-12 17:20:00,2.4
2025-06-12 20:41:00,47.4
2025-06-12 00:42:00,50.18838223164841
2025-06-12 08:37:00,24.7
2025-06-12 06:44:00,33.8
2025-06-12 11:59:00,56.0
2025-06-12 17:52:00,44.1
2025-06-12 17:28:00,88.8
2025-06-12 13:20:00,5.3
2025-06-12 07:39:00,24.1
2025-06-12 08:45:00,31.2
2025-06-12 13:31:00,44.6
2025-06-12 19:37:00,73.8
2025-06-12 08:53:00,33.4
2025-06-12 02:45:00,82.6
2025-06-12 21:43:00,24.7
2025-06-12 01:27:00,70.9
2025-06-12 03:36:00,55.8
2025-06-12 06:13:00,50.18838223164841
2025-06-12 05:04:00,72.9
2025-06-12 07:21:00,11.6
2025-06-12 02:43:00,10.6
2025-06-12 12:44:00,98.0
2025-06-12 06:31:00,69.1
2025-06-12 08:41:00,94.2
2025-06-12 18:04:00,36.4
2025-06-12 00:14:00,47.6
2025-06-12 20:40:00,12.6
2025-06-12 14:41:00,47.8
2025-06-12 21:59:00,50.18838223164841
2025-06-12 19:25:00,2.0
2025-06-12 03:32:00,87.6
2025-06-12 01:47:00,31.6
2025-06-12 03:41:00,83.9
2025-06-12 13:08:00,22.9
2025-06-12 19:21:00,60.8
2025-06-12 02:04:00,68.2
2025-06-12 07:33:00,16.5
2025-06-12 05:23:00,51.3
2025-06-12 04:04:00,75.3
2025-06-12 12:25:00,10.2
2025-06-12 20:24:00,50.18838223164841
2025-06-12 12:39:00,5.9
2025-06-12 22:18:00,50.18838223164841
2025-06-12 06:32:00,50.18838223164841
2025-06-12 12:00:00,21.7
2025-06-12 10:22:00,67.7
2025-06-12 11:57:00,89.4
2025-06-12 03:24:00,2.1
2025-06-12 13:21:00,23.7
2025-06-12 23:11:00,53.0
2025-06-12 08:55:00,76.3
2025-06-12 14:04:00,12.3
2025-06-12 08:25:00,7.3
2025-06-12 10:34:00,50.18838223164841
2025-06-12 11:44:00,32.4
2025-06-12 21:00:00,60.9
2025-06-12 22:08:00,73.3
2025-06-12 01:40:00,50.18838223164841
2025-06-12 15:18:00,83.5
2025-06-12 02:55:00,50.18838223164841
2025-06-12 14:52:00,50.18838223164841
2025-06-12 02:53:00,50.18838223164841
2025-06-12 07:50:00,41.8
2025-06-12 20:31:00,71.7
2025-06-12 01:22:00,50.18838223164841
2025-06-12 18:09:00,79.7
2025-06-12 00:08:00,35.0
2025-06-12 05:28:00,50.18838223164841
2025-06-12 10:03:00,50.18838223164841
2025-06-12 19:38:00,58.8
2025-06-12 14:56:00,80.8
2025-06-12 15:03:00,11.4
2025-06-12 18:01:00,50.18838223164841
2025-06-12 12:27:00,50.18838223164841
2025-06-12 12:10:00,35.7
2025-06-12 09:20:00,50.18838223164841
2025-06-12 04:10:00,93.1
2025-06-12 22:14:00,11.1
2025-06-12 22:21:00,43.1
2025-06-12 01:23:00,34.7
2025-06-12 08:36:00,77.8
2025-06-12 10:57:00,51.9
2025-06-12 05:46:00,50.18838223164841
2025-06-12 00:32:00,79.8
2025-06-12 04:40:00,27.1
2025-06-12 17:06:00,69.3
2025-06-12 07:49:00,50.18838223164841
2025-06-12 20:54:00,65.1
2025-06-12 20:46:00,85.8
2025-06-12 20:44:00,50.18838223164841
2025-06-12 20:02:00,6.4
2025-06-12 16:59:00,47.2
2025-06-12 05:41:00,76.4
2025-06-12 20:12:00,90.0
2025-06-12 17:04:00,75.8
2025-06-12 09:13:00,43.9
2025-06-12 16:06:00,73.6
2025-06-12 12:13:00,27.8
2025-06-12 13:47:00,27.1
2025-06-12 22:53:00,53.2
2025-06-12 10:56:00,28.1
2025-06-12 12:43:00,66.9
2025-06-12 21:08:00,78.0
2025-06-12 04:00:00,50.18838223164841
2025-06-12 16:07:00,50.18838223164841
2025-06-12 04:23:00,62.0
2025-06-12 15:59:00,54.8
2025-06-12 07:05:00,77.2
2025-06-12 13:11:00,18.8
2025-06-12 03:13:00,41.8
2025-06-12 14:21:00,92.3
2025-06-12 13:32:00,8.2
2025-06-12 21:23:00,88.0
2025-06-12 08:43:00,50.18838223164841
2025-06-12 13:06:00,76.3
2025-06-12 08:26:00,50.18838223164841
2025-06-12 11:07:00,29.4
2025-06-12 23:06:00,85.4
2025-06-12 00:33:00,66.8
2025-06-12 07:02:00,50.18838223164841
2025-06-12 18:28:00,37.1
2025-06-12 00:40:00,8.7
2025-06-12 13:05:00,45.7
2025-06-12 08:17:00,97.0
2025-06-12 23:41:00,53.9
2025-06-12 03:45:00,65.9
2025-06-12 15:34:00,31.6
2025-06-12 10:39:00,79.6
2025-06-12 18:30:00,23.7
2025-06-12 12:45:00,99.2
2025-06-12 00:49:00,14.6
2025-06-12 01:26:00,63.5
2025-06-12 20:13:00,41.5
2025-06-12 08:32:00,91.5
2025-06-12 23:13:00,99.8
2025-06-12 05:39:00,50.18838223164841
2025-06-12 16:18:00,85.7
2025-06-12 12:31:00,19.7
2025-06-12 04:12:00,89.7
2025-06-12 09:48:00,34.3
2025-06-12 15:41:00,63.0
2025-06-12 09:24:00,34.2
2025-06-12 21:51:00,31.4
2025-06-12 06:36:00,19.9
2025-06-12 17:00:00,49.927249175694776
2025-06-12 19:05:00,92.3
2025-06-12 22:27:00,49.927249175694776
2025-06-12 18:35:00,13.2
2025-06-12 13:08:00,72.3
2025-06-12 20:29:00,96.4
2025-06-12 12:31:00,90.6
2025-06-12 11:09:00,93.6
2025-06-12 22:58:00,54.2
2025-06-12 12:23:00,51.4
2025-06-12 23:52:00,20.7
2025-06-12 11:04:00,68.2
2025-06-12 20:17:00,52.0
2025-06-12 09:04:00,55.3
2025-06-12 15:36:00,51.4
2025-06-12 06:58:00,89.1
2025-06-12 16:01:00,93.7
2025-06-12 16:19:00,23.9
2025-06-12 02:42:00,68.4
2025-06-12 18:30:00,76.9
2025-06-12 08:37:00,51.7
2025-06-12 21:54:00,80.3
2025-06-12 11:01:00,49.927249175694776
2025-06-12 06:06:00,96.8
2025-06-12 23:25:00,28.1
2025-06-12 18:09:00,93.3
2025-06-12 12:19:00,82.3
2025-06-12 02:51:00,8.0
2025-06-12 04:47:00,49.927249175694776
2025-06-12 06:50:00,54.3
2025-06-12 03:32:00,22.1
2025-06-12 07:46:00,23.0
2025-06-12 01:36:00,16.5
2025-06-12 15:53:00,26.7
2025-06-12 13:49:00,49.927249175694776
2025-06-12 23:43:00,35.6
2025-06-12 19:44:00,64.5
2025-06-12 23:33:00,86.5
2025-06-12 22:21:00,49.927249175694776
2025-06-12 02:09:00,49.927249175694776
2025-06-12 12:05:00,64.0
2025-06-12 18:49:00,99.8
2025-06-12 17:05:00,40.8
2025-06-12 18:16:00,95.4
2025-06-12 12:47:00,49.927249175694776
2025-06-12 16:47:00,49.4
2025-06-12 20:48:00,44.4
2025-06-12 20:21:00,13.7
2025-06-12 18:43:00,80.2
2025-06-12 19:27:00,78.7
2025-06-12 02:17:00,71.3
2025-06-12 14:29:00,8.3
2025-06-12 17:57:00,92.7
2025-06-12 03:15:00,7.8
2025-06-12 22:48:00,49.927249175694776
2025-06-12 19:51:00,8.2
2025-06-12 09:58:00,34.9
2025-06-12 01:18:00,44.5
2025-06-12 18:06:00,7.7
2025-06-12 14:35:00,49.927249175694776
2025-06-12 09:20:00,12.6
2025-06-12 06:07:00,92.0
2025-06-12 10:12:00,93.5
2025-06-12 23:03:00,81.9
2025-06-12 16:12:00,23.2
2025-06-12 00:14:00,90.9
2025-06-12 18:41:00,49.927249175694776
2025-06-12 03:04:00,79.6
2025-06-12 15:43:00,35.9
2025-06-12 06:09:00,22.7
2025-06-12 11:06:00,47.1
2025-06-12 00:04:00,31.7
2025-06-12 01:42:00,41.3
2025-06-12 20:06:00,39.7
2025-06-12 04:12:00,49.927249175694776
2025-06-12 04:21:00,94.6
2025-06-12 15:32:00,6.7
2025-06-12 05:58:00,40.1
2025-06-12 16:16:00,20.6
2025-06-12 15:40:00,94.0
2025-06-12 04:18:00,41.2
2025-06-12 07:06:00,90.3
2025-06-12 17:37:00,77.5
2025-06-12 01:49:00,66.5
2025-06-12 12:11:00,59.4
2025-06-12 21:17:00,50.4
2025-06-12 11:53:00,66.4
2025-06-12 02:38:00,81.7
2025-06-12 00:26:00,80.8
2025-06-12 02:30:00,49.927249175694776
2025-06-12 03:08:00,49.927249175694776
2025-06-12 07:47:00,43.2
2025-06-12 22:16:00,18.9
2025-06-12 15:27:00,48.8
2025-06-12 07:20:00,97.3
2025-06-12 01:03:00,2.7
2025-06-12 03:17:00,98.5
2025-06-12 21:09:00,27.2
2025-06-12 16:06:00,3.6
2025-06-12 07:08:00,35.0
2025-06-12 08:38:00,67.4
2025-06-12 07:12:00,82.1
2025-06-12 17:42:00,41.9
2025-06-12 14:06:00,49.927249175694776
2025-06-12 03:54:00,34.6
2025-06-12 16:17:00,82.4
2025-06-12 04:29:00,47.6
2025-06-12 17:51:00,0.3
2025-06-12 16:07:00,49.927249175694776
2025-06-12 17:19:00,72.2
2025-06-12 06:26:00,40.7
2025-06-12 20:33:00,8.0
2025-06-12 03:47:00,32.7
2025-06-12 14:54:00,61.0
2025-06-12 16:40:00,49.927249175694776
2025-06-12 11:07:00,78.5
2025-06-12 23:40:00,29.0
2025-06-12 21:49:00,77.5
2025-06-12 01:44:00,38.6
2025-06-12 11:00:00,95.5
2025-06-12 16:02:00,11.0
2025-06-12 09:48:00,49.927249175694776
2025-06-12 13:55:00,43.6
2025-06-12 11:55:00,89.7
2025-06-12 12:52:00,49.927249175694776
2025-06-12 22:41:00,93.3
2025-06-12 10:10:00,46.0
2025-06-12 08:25:00,49.927249175694776
2025-06-12 22:35:00,45.0
2025-06-12 10:34:00,85.7
2025-06-12 02:41:00,78.4
2025-06-12 02:57:00,92.0
2025-06-12 20:04:00,82.7
2025-06-12 11:45:00,55.9
2025-06-12 06:02:00,61.5
2025-06-12 22:01:00,49.927249175694776
2025-06-12 20:13:00,60.0
2025-06-12 22:15:00,64.6
2025-06-12 00:09:00,17.6
2025-06-12 20:39:00,39.5
2025-06-12 02:29:00,53.6
2025-06-12 00:01:00,49.927249175694776
2025-06-12 15:14:00,88.0
2025-06-12 15:00:00,36.2
2025-06-12 20:11:00,98.3
2025-06-12 08:14:00,9.6
2025-06-12 08:20:00,54.6
2025-06-12 18:47:00,37.4
2025-06-12 09:03:00,96.0
2025-06-12 02:13:00,49.927249175694776
2025-06-12 03:29:00,8.0
2025-06-12 07:31:00,36.3
2025-06-12 02:33:00,49.927249175694776
2025-06-12 07:14:00,33.9
2025-06-12 02:24:00,73.2
2025-06-12 10:08:00,62.7
2025-06-12 15:02:00,97.6
2025-06-12 13:58:00,74.0
2025-06-12 16:27:00,73.7
2025-06-12 03:02:00,1.5
2025-06-12 10:21:00,25.4
2025-06-12 22:44:00,43.5
2025-06-12 22:38:00,25.3
2025-06-12 00:37:00,78.4
2025-06-12 17:23:00,45.6
2025-06-12 13:45:00,2.2
2025-06-12 07:32:00,58.0
2025-06-12 20:07:00,28.2
2025-06-12 01:13:00,16.8
2025-06-12 12:34:00,89.3
2025-06-12 03:45:00,49.927249175694776
2025-06-12 15:13:00,49.927249175694776
2025-06-12 20:40:00,6.4
2025-06-12 02:50:00,32.2
2025-06-12 04:55:00,53.9
2025-06-12 06:44:00,16.9
2025-06-12 14:53:00,58.3
2025-06-12 15:44:00,49.927249175694776
2025-06-12 06:15:00,6.6
2025-06-12 01:34:00,40.8
2025-06-12 23:22:00,49.927249175694776
2025-06-12 17:10:00,25.7
2025-06-12 12:42:00,75.8
2025-06-12 11:34:00,97.0
2025-06-12 06:22:00,46.5
2025-06-12 09:33:00,45.9
2025-06-12 09:34:00,48.5
2025-06-12 08:30:00,44.2
2025-06-12 09:30:00,10.0
2025-06-12 05:48:00,37.4
2025-06-12 14:47:00,42.6
2025-06-12 22:10:00,19.7
2025-06-12 17:18:00,84.9
2025-06-12 09:40:00,23.8
2025-06-12 00:32:00,15.1
2025-06-12 23:20:00,66.3
2025-06-12 12:43:00,11.8
2025-06-12 11:47:00,33.1
2025-06-12 19:34:00,22.4
2025-06-12 21:52:00,49.927249175694776
2025-06-12 10:33:00,18.7
2025-06-12 05:34:00,25.6
2025-06-12 11:59:00,3.0
2025-06-12 15:24:00,88.3
2025-06-12 10:07:00,49.8
2025-06-12 06:43:00,12.1
2025-06-12 00:49:00,19.2
2025-06-12 02:00:00,37.0
2025-06-12 09:55:00,20.8
2025-06-12 20:47:00,67.1
2025-06-12 02:55:00,98.5
2025-06-12 10:01:00,73.5
2025-06-12 03:23:00,8.3
2025-06-12 01:54:00,60.7
2025-06-12 17:40:00,32.9
2025-06-12 20:26:00,4.7
2025-06-12 05:17:00,24.6
2025-06-12 06:53:00,94.8
2025-06-12 11:57:00,94.8
2025-06-12 15:38:00,7.9
2025-06-12 08:52:00,81.7
2025-06-12 06:55:00,49.927249175694776
2025-06-12 16:59:00,41.1
2025-06-12 16:44:00,17.9
2025-06-12 00:00:00,0.1
2025-06-12 06:41:00,86.0
2025-06-12 02:26:00,66.2
2025-06-12 05:33:00,73.1
2025-06-12 10:04:00,33.6
2025-06-12 23:19:00,47.0
2025-06-12 08:18:00,52.3
2025-06-12 11:35:00,97.1
2025-06-12 22:50:00,4.0
2025-06-12 14:24:00,2.7
2025-06-12 13:40:00,70.5
2025-06-12 23:11:00,31.8
2025-06-12 05:57:00,63.6
2025-06-12 15:48:00,26.5
2025-06-12 10:59:00,60.3
2025-06-12 00:33:00,55.8
2025-06-12 16:37:00,32.7
2025-06-12 20:50:00,65.0
2025-06-12 15:18:00,49.7
2025-06-12 14:20:00,6.7
2025-06-12 05:18:00,69.0
2025-06-12 17:04:00,19.7
2025-06-12 04:38:00,44.8
2025-06-12 19:55:00,87.6
2025-06-12 03:46:00,30.0
2025-06-12 13:52:00,94.0
2025-06-12 04:30:00,55.3
2025-06-12 00:18:00,73.1
2025-06-12 05:37:00,31.4
2025-06-12 10:44:00,1.3
2025-06-12 09:53:00,49.927249175694776
2025-06-12 03:48:00,49.927249175694776
2025-06-12 04:04:00,15.4
2025-06-12 12:48:00,3.1
2025-06-12 10:15:00,65.7
2025-06-12 16:11:00,16.3
2025-06-12 03:36:00,49.927249175694776
2025-06-12 12:01:00,20.7
2025-06-12 15:50:00,5.7
2025-06-12 17:03:00,22.8
2025-06-12 08:15:00,93.3
2025-06-12 20:23:00,17.2
2025-06-12 07:51:00,2.8
2025-06-12 22:24:00,12.8
2025-06-12 12:45:00,24.0
2025-06-12 18:21:00,9.0
2025-06-12 01:50:00,33.6
2025-06-12 21:10:00,39.9
2025-06-12 22:22:00,49.927249175694776
2025-06-12 08:32:00,54.9
2025-06-12 17:12:00,87.3
2025-06-12 14:14:00,30.9
2025-06-12 09:14:00,33.8
2025-06-12 21:45:00,14.8
2025-06-12 10:53:00,64.4
2025-06-12 12:01:00,49.72265128325876
2025-06-12 21:06:00,49.72265128325876
2025-06-12 22:32:00,84.0
2025-06-12 15:10:00,0.3
2025-06-12 14:41:00,63.2
2025-06-12 20:34:00,94.3
2025-06-12 10:18:00,62.4
2025-06-12 14:27:00,87.7
2025-06-12 10:52:00,25.6
2025-06-12 20:47:00,9.9
2025-06-12 19:24:00,71.4
2025-06-12 17:37:00,39.5
2025-06-12 17:32:00,49.72265128325876
2025-06-12 17:33:00,98.7
2025-06-12 07:47:00,60.3
2025-06-12 01:32:00,6.8
2025-06-12 18:21:00,2.3
2025-06-12 09:39:00,46.7
2025-06-12 05:06:00,80.3
2025-06-12 12:32:00,49.72265128325876
2025-06-12 09:52:00,13.7
2025-06-12 02:44:00,84.1
2025-06-12 00:21:00,64.1
2025-06-12 00:16:00,49.72265128325876
2025-06-12 06:28:00,49.2
2025-06-12 18:17:00,67.6
2025-06-12 08:16:00,38.4
2025-06-12 00:28:00,57.5
2025-06-12 16:49:00,44.6
2025-06-12 18:46:00,94.2
2025-06-12 22:36:00,49.72265128325876
2025-06-12 12:33:00,76.4
2025-06-12 20:55:00,51.6
2025-06-12 23:18:00,90.6
2025-06-12 15:23:00,74.5
2025-06-12 06:41:00,3.5
2025-06-12 18:39:00,72.3
2025-06-12 22:33:00,49.72265128325876
2025-06-12 14:13:00,0.1
2025-06-12 15:37:00,49.72265128325876
2025-06-12 06:05:00,89.5
2025-06-12 01:22:00,58.7
2025-06-12 02:09:00,85.1
2025-06-12 07:55:00,74.8
2025-06-12 07:45:00,92.4
2025-06-12 03:06:00,0.9
2025-06-12 16:31:00,97.3
2025-06-12 13:08:00,86.3
2025-06-12 10:48:00,80.7
2025-06-12 18:38:00,13.3
2025-06-12 00:27:00,49.72265128325876
2025-06-12 20:36:00,39.7
2025-06-12 17:02:00,45.6
2025-06-12 15:47:00,21.4
2025-06-12 23:50:00,69.5
2025-06-12 11:51:00,6.0
2025-06-12 11:04:00,30.0
2025-06-12 02:13:00,69.0
2025-06-12 05:14:00,40.2
2025-06-12 05:04:00,73.6
2025-06-12 10:34:00,90.8
2025-06-12 22:12:00,39.9
2025-06-12 15:57:00,49.72265128325876
2025-06-12 14:55:00,82.5
2025-06-12 16:22:00,20.7
2025-06-12 22:48:00,29.8
2025-06-12 21:31:00,49.72265128325876
2025-06-12 04:04:00,31.6
2025-06-12 01:44:00,0.6
2025-06-12 09:19:00,10.0
2025-06-12 07:53:00,0.3
2025-06-12 09:02:00,62.5
2025-06-12 22:52:00,17.0
2025-06-12 05:34:00,50.2
2025-06-12 03:23:00,4.7
2025-06-12 11:02:00,77.3
2025-06-12 20:56:00,49.72265128325876
2025-06-12 04:23:00,49.72265128325876
2025-06-12 04:10:00,11.4
2025-06-12 04:11:00,85.6
2025-06-12 09:43:00,62.8
2025-06-12 08:44:00,49.72265128325876
2025-06-12 01:51:00,49.72265128325876
2025-06-12 00:45:00,16.7
2025-06-12 01:35:00,15.7
2025-06-12 03:37:00,90.7
2025-06-12 18:58:00,30.7
2025-06-12 11:55:00,28.9
2025-06-12 02:04:00,49.72265128325876
2025-06-12 12:17:00,79.1
2025-06-12 20:16:00,14.7
2025-06-12 10:38:00,45.4
2025-06-12 00:10:00,70.7
2025-06-12 14:49:00,86.5
2025-06-12 05:19:00,65.9
2025-06-12 17:00:00,49.0
2025-06-12 19:09:00,71.0
2025-06-12 13:39:00,62.8
2025-06-12 22:05:00,31.7
2025-06-12 17:30:00,49.72265128325876
2025-06-12 02:22:00,74.5
2025-06-12 01:05:00,85.1
2025-06-12 15:03:00,73.8
2025-06-12 12:58:00,49.72265128325876
2025-06-12 21:02:00,60.0
2025-06-12 14:25:00,0.6
2025-06-12 13:00:00,63.3
2025-06-12 17:17:00,67.9
2025-06-12 01:03:00,42.4
2025-06-12 04:13:00,49.72265128325876
2025-06-12 21:32:00,50.0
2025-06-12 06:24:00,43.0
2025-06-12 08:53:00,27.5
2025-06-12 10:33:00,52.5
2025-06-12 12:38:00,35.2
2025-06-12 02:51:00,22.7
2025-06-12 03:31:00,62.7
2025-06-12 17:58:00,46.9
2025-06-12 15:59:00,29.5
2025-06-12 09:15:00,94.6
2025-06-12 06:31:00,76.3
2025-06-12 11:29:00,71.5
2025-06-12 20:25:00,49.72265128325876
2025-06-12 19:49:00,1.6
2025-06-12 00:06:00,0.1
2025-06-12 15:19:00,93.4
2025-06-12 18:10:00,30.9
2025-06-12 14:42:00,57.1
2025-06-12 17:52:00,69.7
2025-06-12 11:43:00,37.1
2025-06-12 13:40:00,16.8
2025-06-12 08:57:00,49.72265128325876
2025-06-12 19:38:00,32.1
2025-06-12 21:43:00,41.3
2025-06-12 13:31:00,53.3
2025-06-12 05:16:00,68.1
2025-06-12 00:30:00,59.7
2025-06-12 03:18:00,48.2
2025-06-12 13:09:00,76.6
2025-06-12 11:14:00,71.6
2025-06-12 05:15:00,0.9
2025-06-12 23:57:00,38.8
2025-06-12 09:25:00,24.0
2025-06-12 03:08:00,36.6
2025-06-12 00:23:00,63.1
2025-06-12 19:53:00,81.2
2025-06-12 04:02:00,76.3
2025-06-12 02:31:00,47.1
2025-06-12 06:04:00,73.2
2025-06-12 00:38:00,95.4
2025-06-12 10:59:00,85.7
2025-06-12 10:22:00,77.9
2025-06-12 00:55:00,62.9
2025-06-12 06:51:00,99.3
2025-06-12 14:05:00,39.0
2025-06-12 23:20:00,0.7
2025-06-12 05:36:00,5.1
2025-06-12 02:30:00,12.9
2025-06-12 21:53:00,12.1
2025-06-12 23:27:00,85.1
2025-06-12 08:49:00,30.8
2025-06-12 09:41:00,99.5
2025-06-12 16:04:00,22.0
2025-06-12 14:52:00,14.3
2025-06-12 11:18:00,49.1
2025-06-12 05:00:00,61.8
2025-06-12 05:52:00,92.3
2025-06-12 05:44:00,84.6
2025-06-12 10:19:00,89.1
2025-06-12 10:56:00,1.1
2025-06-12 03:11:00,58.6
2025-06-12 01:54:00,48.0
2025-06-12 13:52:00,73.4
2025-06-12 20:03:00,1.1
2025-06-12 16:16:00,49.72265128325876
2025-06-12 10:43:00,10.2
2025-06-12 11:00:00,60.9
2025-06-12 00:32:00,95.9
2025-06-12 14:51:00,56.6
2025-06-12 19:15:00,62.4
2025-06-12 22:11:00,8.1
2025-06-12 17:43:00,66.4
2025-06-12 20:43:00,0.8
2025-06-12 05:27:00,37.1
2025-06-12 18:36:00,25.3
2025-06-12 04:32:00,0.4
2025-06-12 19:06:00,70.5
2025-06-12 17:10:00,43.3
2025-06-12 14:02:00,54.1
2025-06-12 20:14:00,77.0
2025-06-12 11:16:00,49.72265128325876
2025-06-12 15:12:00,47.8
2025-06-12 11:27:00,34.8
2025-06-12 01:41:00,47.7
2025-06-12 23:12:00,20.6
2025-06-12 13:10:00,30.3
2025-06-12 15:40:00,13.2
2025-06-12 13:53:00,85.2
2025-06-12 13:25:00,49.72265128325876
2025-06-12 22:57:00,90.3
2025-06-12 19:35:00,18.7
2025-06-12 01:38:00,25.8
2025-06-12 04:20:00,88.0
2025-06-12 03:30:00,69.6
2025-06-12 06:45:00,61.6
2025-06-12 13:59:00,89.2
2025-06-12 05:50:00,16.9
2025-06-12 08:17:00,27.6
2025-06-12 12:30:00,58.0
2025-06-12 12:07:00,6.3
2025-06-12 17:24:00,49.72265128325876
2025-06-12 08:13:00,49.72265128325876
2025-06-12 18:31:00,27.7
2025-06-12 12:08:00,36.6
2025-06-12 07:05:00,65.3
2025-06-12 16:32:00,68.8
2025-06-12 06:18:00,91.0
2025-06-12 12:27:00,62.4
2025-06-12 00:18:00,63.2
2025-06-12 22:18:00,32.1
2025-06-12 20:24:00,66.4
2025-06-12 17:55:00,83.1
2025-06-12 19:00:00,3.2
2025-06-12 21:13:00,89.2
2025-06-12 01:04:00,31.6
2025-06-12 05:22:00,21.0
2025-06-12 06:46:00,53.8
2025-06-12 19:11:00,72.3
2025-06-12 12:26:00,9.5
2025-06-12 04:19:00,96.7
2025-06-12 20:06:00,63.0
2025-06-12 06:40:00,49.72265128325876
2025-06-12 04:56:00,33.7
2025-06-12 20:50:00,58.0
2025-06-12 16:07:00,15.0
2025-06-12 23:55:00,56.0
2025-06-12 02:43:00,50.9
2025-06-12 12:10:00,49.72265128325876
2025-06-12 21:29:00,25.4
2025-06-12 23:10:00,14.5
2025-06-12 12:04:00,81.0
2025-06-12 10:07:00,25.5
2025-06-12 08:26:00,49.72265128325876
2025-06-12 19:26:00,67.1
2025-06-12 18:35:00,49.72265128325876
2025-06-12 07:32:00,48.5
2025-06-12 18:34:00,10.3
2025-06-12 23:48:00,49.72265128325876
2025-06-12 07:19:00,90.4
2025-06-12 09:03:00,70.9
2025-06-12 23:28:00,95.4
2025-06-12 05:02:00,2.2
2025-06-12 00:34:00,7.5
2025-06-12 23:29:00,57.7
2025-06-12 19:42:00,50.6
2025-06-12 08:51:00,53.1
2025-06-12 12:39:00,10.3
2025-06-12 03:45:00,65.6
2025-06-12 01:23:00,72.5
2025-06-12 04:42:00,47.1
2025-06-12 00:42:00,51.3
2025-06-12 09:17:00,4.3
2025-06-12 16:18:00,49.72265128325876
2025-06-12 11:21:00,49.72265128325876
2025-06-12 03:57:00,96.7
2025-06-12 09:06:00,76.9
2025-06-12 18:50:00,91.9
2025-06-12 01:55:00,80.5
2025-06-12 19:14:00,68.6
2025-06-12 11:25:00,49.2
2025-06-12 03:53:00,24.5
2025-06-12 03:52:00,49.72265128325876
2025-06-12 09:42:00,88.3
2025-06-12 10:45:00,38.0
2025-06-12 06:50:00,37.9
2025-06-12 10:09:00,78.8
2025-06-12 16:29:00,47.8
2025-06-12 23:00:00,49.72265128325876
2025-06-12 15:25:00,49.72265128325876
2025-06-12 09:26:00,96.2
2025-06-12 22:30:00,65.7
2025-06-12 03:26:00,49.72265128325876
2025-06-12 03:09:00,14.4
2025-06-12 12:18:00,49.72265128325876
2025-06-12 00:02:00,70.8
2025-06-12 09:49:00,51.3
2025-06-12 13:54:00,90.7
2025-06-12 18:40:00,26.7
2025-06-12 02:37:00,7.5
2025-06-12 07:12:00,75.3
2025-06-12 16:08:00,21.6
2025-06-12 20:02:00,49.72265128325876
2025-06-12 23:02:00,33.2
2025-06-12 16:58:00,62.0
2025-06-12 20:09:00,98.8
2025-06-12 15:30:00,27.2
2025-06-12 06:09:00,49.72265128325876
2025-06-12 09:20:00,59.0
2025-06-12 18:13:00,17.8
2025-06-12 18:22:00,22.6
2025-06-12 03:43:00,55.5
2025-06-12 03:23:00,96.3
2025-06-12 01:02:00,37.1
2025-06-12 15:05:00,50.25777465777466
2025-06-12 04:40:00,50.25777465777466
2025-06-12 08:07:00,39.7
2025-06-12 00:40:00,4.0
2025-06-12 23:17:00,57.3
2025-06-12 04:07:00,67.2
2025-06-12 12:47:00,80.5
2025-06-12 04:46:00,50.25777465777466
2025-06-12 14:12:00,50.25777465777466
2025-06-12 08:31:00,58.6
2025-06-12 04:12:00,27.8
2025-06-12 05:03:00,10.4
2025-06-12 10:39:00,33.6
2025-06-12 03:13:00,83.6
2025-06-12 19:45:00,45.3
2025-06-12 20:07:00,97.1
2025-06-12 17:42:00,97.8
2025-06-12 17:35:00,77.1
2025-06-12 10:56:00,40.4
2025-06-12 05:37:00,16.5
2025-06-12 14:06:00,3.4
2025-06-12 10:17:00,44.9
2025-06-12 15:04:00,89.3
2025-06-12 23:26:00,51.5
2025-06-12 13:35:00,45.6
2025-06-12 18:51:00,10.3
2025-06-12 19:33:00,53.7
2025-06-12 17:41:00,64.0
2025-06-12 06:35:00,50.25777465777466
2025-06-12 09:38:00,77.3
2025-06-12 13:05:00,37.4
2025-06-12 05:42:00,75.7
2025-06-12 06:09:00,56.1
2025-06-12 14:52:00,90.3
2025-06-12 18:57:00,48.4
2025-06-12 13:21:00,82.8
2025-06-12 23:54:00,73.0
2025-06-12 22:31:00,92.9
2025-06-12 12:44:00,50.25777465777466
2025-06-12 12:33:00,44.8
2025-06-12 20:11:00,13.9
2025-06-12 17:09:00,36.6
2025-06-12 06:12:00,33.9
2025-06-12 08:42:00,50.25777465777466
2025-06-12 05:50:00,64.3
2025-06-12 08:01:00,93.1
2025-06-12 22:26:00,46.7
2025-06-12 02:37:00,54.9
2025-06-12 01:24:00,10.4
2025-06-12 08:15:00,41.6
2025-06-12 18:32:00,50.25777465777466
2025-06-12 17:30:00,29.7
2025-06-12 00:48:00,98.9
2025-06-12 14:40:00,60.6
2025-06-12 07:19:00,66.5
2025-06-12 21:39:00,89.4
2025-06-12 21:20:00,20.4
2025-06-12 09:15:00,50.25777465777466
2025-06-12 08:10:00,50.25777465777466
2025-06-12 22:04:00,18.7
2025-06-12 20:43:00,50.25777465777466
2025-06-12 12:03:00,16.9
2025-06-12 23:03:00,50.25777465777466
2025-06-12 01:31:00,0.7
2025-06-12 15:01:00,30.3
2025-06-12 16:36:00,38.3
2025-06-12 11:14:00,39.7
2025-06-12 13:01:00,44.7
2025-06-12 08:33:00,35.6
2025-06-12 05:52:00,38.0
2025-06-12 00:19:00,50.25777465777466
2025-06-12 02:47:00,77.2
2025-06-12 18:43:00,39.1
2025-06-12 23:48:00,9.1
2025-06-12 12:52:00,44.3
2025-06-12 11:01:00,39.6
2025-06-12 07:11:00,80.6
2025-06-12 18:16:00,50.25777465777466
2025-06-12 18:52:00,50.25777465777466
2025-06-12 01:18:00,9.6
2025-06-12 10:55:00,31.2
2025-06-12 04:04:00,9.8
2025-06-12 13:18:00,50.25777465777466
2025-06-12 06:36:00,15.6
2025-06-12 15:52:00,3.4
2025-06-12 21:19:00,11.5
2025-06-12 20:48:00,45.1
2025-06-12 12:41:00,71.9
2025-06-12 21:42:00,49.3
2025-06-12 15:26:00,93.1
2025-06-12 07:45:00,18.5
2025-06-12 15:09:00,19.9
2025-06-12 18:44:00,19.8
2025-06-12 12:21:00,1.4
2025-06-12 00:15:00,89.0
2025-06-12 12:56:00,50.7
2025-06-12 22:48:00,68.6
2025-06-12 06:50:00,12.2
2025-06-12 11:45:00,51.8
2025-06-12 12:14:00,44.5
2025-06-12 22:32:00,38.5
2025-06-12 15:35:00,29.5
2025-06-12 08:40:00,1.8
2025-06-12 18:17:00,50.25777465777466
2025-06-12 02:31:00,2.1
2025-06-12 18:49:00,19.3
2025-06-12 08:08:00,73.5
2025-06-12 16:39:00,79.3
2025-06-12 09:27:00,62.0
2025-06-12 19:56:00,17.3
2025-06-12 08:13:00,50.25777465777466
2025-06-12 10:33:00,41.8
2025-06-12 17:26:00,23.6
2025-06-12 08:37:00,37.4
2025-06-12 06:21:00,79.6
2025-06-12 09:47:00,97.3
2025-06-12 19:57:00,50.25777465777466
2025-06-12 01:11:00,26.2
2025-06-12 22:03:00,95.1
2025-06-12 04:16:00,98.6
2025-06-12 06:25:00,3.4
2025-06-12 18:53:00,91.1
2025-06-12 21:35:00,28.3
2025-06-12 04:10:00,15.3
2025-06-12 21:53:00,75.7
2025-06-12 15:15:00,1.1
2025-06-12 11:13:00,59.5
2025-06-12 04:14:00,3.2
2025-06-12 06:06:00,3.5
2025-06-12 11:06:00,52.8
2025-06-12 06:41:00,69.2
2025-06-12 21:10:00,58.3
2025-06-12 03:24:00,70.7
2025-06-12 16:41:00,0.7
2025-06-12 18:37:00,4.4
2025-06-12 07:24:00,20.1
2025-06-12 18:36:00,29.0
2025-06-12 17:37:00,0.1
2025-06-12 15:14:00,86.8
2025-06-12 12:19:00,10.8
2025-06-12 18:15:00,50.25777465777466
2025-06-12 04:20:00,97.2
2025-06-12 01:47:00,14.8
2025-06-12 15:37:00,84.5
2025-06-12 12:30:00,44.4
2025-06-12 06:37:00,37.2
2025-06-12 17:11:00,29.5
2025-06-12 02:50:00,48.1
2025-06-12 07:14:00,60.7
2025-06-12 16:58:00,50.25777465777466
2025-06-12 11:17:00,53.2
2025-06-12 03:37:00,50.25777465777466
2025-06-12 23:08:00,35.9
2025-06-12 04:48:00,41.5
2025-06-12 09:37:00,72.4
2025-06-12 10:42:00,15.3
2025-06-12 15:13:00,60.7
2025-06-12 06:42:00,28.5
2025-06-12 02:48:00,74.3
2025-06-12 04:27:00,18.1
2025-06-12 06:57:00,41.4
2025-06-12 04:28:00,9.2
2025-06-12 10:52:00,42.7
2025-06-12 01:17:00,47.5
2025-06-12 07:02:00,23.4
2025-06-12 22:53:00,16.3
2025-06-12 06:02:00,42.3
2025-06-12 18:09:00,46.7
2025-06-12 21:00:00,92.8
2025-06-12 08:44:00,74.0
2025-06-12 16:53:00,86.7
2025-06-12 19:44:00,68.5
2025-06-12 05:24:00,86.2
2025-06-12 04:33:00,73.5
2025-06-12 19:48:00,50.3
2025-06-12 16:48:00,82.1
2025-06-12 16:23:00,30.2
2025-06-12 00:56:00,50.25777465777466
2025-06-12 06:18:00,38.4
2025-06-12 07:04:00,43.5
2025-06-12 08:14:00,1.0
2025-06-12 01:28:00,77.8
2025-06-12 14:00:00,82.4
2025-06-12 02:08:00,80.3
2025-06-12 08:36:00,25.6
2025-06-12 01:20:00,0.5
2025-06-12 06:55:00,51.4
2025-06-12 12:35:00,27.6
2025-06-12 05:23:00,48.5
2025-06-12 12:48:00,66.1
2025-06-12 01:09:00,50.25777465777466
2025-06-12 09:06:00,84.7
2025-06-12 17:44:00,50.25777465777466
2025-06-12 14:16:00,73.6
2025-06-12 08:47:00,48.4
2025-06-12 00:29:00,52.4
2025-06-12 20:36:00,10.8
2025-06-12 06:00:00,43.8
2025-06-12 06:40:00,50.25777465777466
2025-06-12 15:00:00,29.7
2025-06-12 18:54:00,10.9
2025-06-12 04:44:00,33.7
2025-06-12 05:04:00,99.0
2025-06-12 08:32:00,33.0
2025-06-12 06:32:00,50.25777465777466
2025-06-12 19:02:00,50.25777465777466
2025-06-12 20:25:00,35.8
2025-06-12 15:08:00,24.1
2025-06-12 11:34:00,50.25777465777466
2025-06-12 04:11:00,50.25777465777466
2025-06-12 02:03:00,27.6
2025-06-12 14:49:00,23.5
2025-06-12 19:31:00,35.1
2025-06-12 20:40:00,4.8
2025-06-12 09:21:00,71.0
2025-06-12 20:16:00,99.2
2025-06-12 19:27:00,50.25777465777466
2025-06-12 00:35:00,83.0
2025-06-12 05:30:00,58.7
2025-06-12 21:07:00,50.25777465777466
2025-06-12 10:30:00,62.5
2025-06-12 15:55:00,58.4
2025-06-12 23:19:00,53.1
2025-06-12 17:31:00,50.25777465777466
2025-06-12 19:28:00,2.8
2025-06-12 10:40:00,21.1
2025-06-12 20:09:00,50.25777465777466
2025-06-12 02:59:00,45.8
2025-06-12 19:36:00,72.1
2025-06-12 16:02:00,50.25777465777466
2025-06-12 09:28:00,34.9
2025-06-12 19:06:00,72.4
2025-06-12 23:05:00,39.3
2025-06-12 13:40:00,3.2
2025-06-12 18:50:00,75.6
2025-06-12 21:52:00,77.7
2025-06-12 12:25:00,50.25777465777466
2025-06-12 23:00:00,6.6
2025-06-12 06:33:00,83.7
2025-06-12 05:56:00,21.0
2025-06-12 18:11:00,43.3
2025-06-12 06:38:00,50.25777465777466
2025-06-12 15:46:00,11.3
2025-06-12 22:22:00,50.25777465777466
2025-06-12 09:45:00,6.2
2025-06-12 13:32:00,32.0
2025-06-12 04:36:00,62.2
2025-06-12 23:16:00,70.4
2025-06-12 06:08:00,50.25777465777466
2025-06-12 06:29:00,81.7
2025-06-12 17:57:00,93.1
2025-06-12 05:17:00,34.6
2025-06-12 22:19:00,50.25777465777466
2025-06-12 08:20:00,50.25777465777466
2025-06-12 19:32:00,62.3
2025-06-12 09:29:00,49.7
2025-06-12 23:23:00,2.1
2025-06-12 14:08:00,22.7
2025-06-12 11:42:00,92.9
2025-06-12 23:01:00,24.6
2025-06-12 00:43:00,49.4
2025-06-12 01:56:00,79.8
2025-06-12 09:07:00,98.0
2025-06-12 09:11:00,62.2
2025-06-12 18:03:00,16.1
2025-06-12 21:26:00,70.2
2025-06-12 20:46:00,28.3
2025-06-12 02:25:00,69.8
2025-06-12 07:54:00,25.3
2025-06-12 19:13:00,34.8
2025-06-12 02:27:00,2.3
2025-06-12 07:59:00,96.2
2025-06-12 03:41:00,72.6
2025-06-12 17:36:00,74.5
2025-06-12 04:35:00,23.9
2025-06-12 14:46:00,40.9
2025-06-12 08:11:00,28.2
2025-06-12 15:06:00,69.4
2025-06-12 05:25:00,50.25777465777466
2025-06-12 21:05:00,29.3
2025-06-12 17:22:00,50.25777465777466
2025-06-12 05:55:00,67.4
2025-06-12 12:08:00,71.9
2025-06-12 20:19:00,15.0
2025-06-12 23:28:00,76.3
2025-06-12 08:29:00,83.8
2025-06-12 01:19:00,58.0
2025-06-12 03:10:00,28.2
2025-06-12 01:21:00,50.25777465777466
2025-06-12 03:28:00,20.3
2025-06-12 10:35:00,36.3
2025-06-12 13:45:00,80.2
2025-06-12 10:11:00,65.5
2025-06-12 01:43:00,84.5
2025-06-12 10:38:00,9.0
2025-06-12 04:03:00,8.2
2025-06-12 16:54:00,86.3
2025-06-12 01:36:00,34.7
2025-06-12 15:22:00,50.5
2025-06-12 03:59:00,59.3
2025-06-12 11:26:00,77.6
2025-06-12 16:55:00,55.7
2025-06-12 04:23:00,78.1
2025-06-12 16:04:00,68.1
2025-06-12 21:56:00,7.1
2025-06-12 03:21:00,72.5
2025-06-12 05:45:00,50.25777465777466
2025-06-12 19:15:00,52.1
2025-06-12 03:34:00,50.25777465777466
2025-06-12 22:25:00,5.9
2025-06-12 01:57:00,35.9
2025-06-12 12:55:00,31.3
2025-06-12 15:03:00,74.5
2025-06-12 12:45:00,50.25777465777466
2025-06-12 07:20:00,69.7
2025-06-12 16:33:00,49.9464552238806
2025-06-12 11:17:00,73.9
2025-06-12 01:59:00,49.5
2025-06-12 23:17:00,34.4
2025-06-12 12:16:00,50.9
2025-06-12 13:14:00,75.1
2025-06-12 08:00:00,49.9464552238806
2025-06-12 02:24:00,25.0
2025-06-12 09:38:00,87.7
2025-06-12 07:22:00,30.6
2025-06-12 14:11:00,49.9464552238806
2025-06-12 01:31:00,54.7
2025-06-12 06:45:00,49.9464552238806
2025-06-12 17:12:00,14.9
2025-06-12 12:04:00,27.6
2025-06-12 16:35:00,14.2
2025-06-12 15:44:00,63.5
2025-06-12 15:18:00,57.6
2025-06-12 10:07:00,96.3
2025-06-12 23:10:00,49.9464552238806
2025-06-12 03:13:00,18.4
2025-06-12 06:20:00,63.9
2025-06-12 07:58:00,55.6
2025-06-12 12:21:00,28.5
2025-06-12 21:51:00,49.9464552238806
2025-06-12 07:04:00,20.2
2025-06-12 22:28:00,49.9464552238806
2025-06-12 06:13:00,66.3
2025-06-12 00:44:00,49.9464552238806
2025-06-12 17:43:00,5.6
2025-06-12 13:53:00,78.1
2025-06-12 19:14:00,92.1
2025-06-12 06:31:00,49.9464552238806
2025-06-12 15:15:00,10.7
2025-06-12 07:34:00,25.6
2025-06-12 17:23:00,60.6
2025-06-12 02:38:00,11.1
2025-06-12 07:50:00,9.0
2025-06-12 09:25:00,37.8
2025-06-12 00:35:00,63.2
2025-06-12 00:03:00,47.6
2025-06-12 13:38:00,11.2
2025-06-12 23:28:00,79.7
2025-06-12 09:06:00,38.3
2025-06-12 08:37:00,33.7
2025-06-12 01:56:00,25.9
2025-06-12 16:55:00,49.9464552238806
2025-06-12 04:12:00,82.7
2025-06-12 09:07:00,62.1
2025-06-12 10:48:00,8.9
2025-06-12 13:34:00,62.1
2025-06-12 16:52:00,29.3
2025-06-12 06:54:00,62.0
2025-06-12 05:37:00,45.3
2025-06-12 13:45:00,24.3
2025-06-12 17:25:00,11.1
2025-06-12 07:55:00,38.3
2025-06-12 22:58:00,49.2
2025-06-12 08:53:00,7.0
2025-06-12 15:40:00,72.5
2025-06-12 16:01:00,81.5
2025-06-12 00:37:00,56.2
2025-06-12 04:58:00,53.1
2025-06-12 04:26:00,57.1
2025-06-12 10:53:00,23.4
2025-06-12 19:22:00,49.9464552238806
2025-06-12 10:55:00,23.8
2025-06-12 09:09:00,100.0
2025-06-12 09:35:00,73.0
2025-06-12 22:44:00,11.7
2025-06-12 10:52:00,24.2
2025-06-12 01:44:00,82.0
2025-06-12 23:07:00,68.4
2025-06-12 11:24:00,92.4
2025-06-12 19:37:00,49.9464552238806
2025-06-12 20:41:00,33.2
2025-06-12 22:34:00,26.5
2025-06-12 09:52:00,58.2
2025-06-12 10:02:00,10.6
2025-06-12 04:54:00,73.5
2025-06-12 10:01:00,73.3
2025-06-12 16:32:00,91.1
2025-06-12 23:45:00,19.0
2025-06-12 00:48:00,49.9464552238806
2025-06-12 15:10:00,1.9
2025-06-12 22:48:00,49.9464552238806
2025-06-12 11:32:00,49.9464552238806
2025-06-12 15:17:00,19.9
2025-06-12 16:40:00,80.6
2025-06-12 16:27:00,27.6
2025-06-12 10:10:00,3.6
2025-06-12 19:59:00,17.4
2025-06-12 04:34:00,89.6
2025-06-12 08:49:00,40.8
2025-06-12 15:28:00,48.8
2025-06-12 15:07:00,36.8
2025-06-12 03:00:00,36.1
2025-06-12 02:23:00,20.0
2025-06-12 12:30:00,5.1
2025-06-12 22:00:00,64.4
2025-06-12 05:11:00,19.2
2025-06-12 12:46:00,84.6
2025-06-12 12:01:00,61.2
2025-06-12 23:39:00,38.5
2025-06-12 23:37:00,49.9464552238806
2025-06-12 18:46:00,49.9464552238806
2025-06-12 17:47:00,49.9464552238806
2025-06-12 01:39:00,30.4
2025-06-12 06:51:00,49.9464552238806
2025-06-12 06:09:00,12.6
2025-06-12 05:27:00,92.5
2025-06-12 16:38:00,95.6
2025-06-12 07:54:00,61.9
2025-06-12 10:27:00,2.2
2025-06-12 18:34:00,70.3
2025-06-12 13:17:00,6.6
2025-06-12 06:03:00,17.2
2025-06-12 07:41:00,64.2
2025-06-12 07:42:00,44.5
2025-06-12 00:08:00,85.2
2025-06-12 08:29:00,100.0
2025-06-12 23:54:00,66.3
2025-06-12 06:01:00,37.1
2025-06-12 09:54:00,51.6
2025-06-12 06:58:00,91.7
2025-06-12 00:18:00,49.9464552238806
2025-06-12 17:22:00,93.6
2025-06-12 13:11:00,17.4
2025-06-12 09:30:00,49.9464552238806
2025-06-12 04:56:00,82.1
2025-06-12 14:20:00,46.2
2025-06-12 12:26:00,49.9464552238806
2025-06-12 07:02:00,37.3
2025-06-12 18:41:00,49.9464552238806
2025-06-12 16:15:00,49.9464552238806
2025-06-12 01:45:00,49.9464552238806
2025-06-12 17:58:00,17.0
2025-06-12 06:33:00,73.3
2025-06-12 13:57:00,33.0
2025-06-12 01:50:00,60.7
2025-06-12 03:30:00,65.7
2025-06-12 02:48:00,49.9464552238806
2025-06-12 03:25:00,22.4
2025-06-12 14:17:00,32.0
2025-06-12 01:09:00,74.8
2025-06-12 05:21:00,64.9
2025-06-12 14:37:00,49.9464552238806
2025-06-12 18:54:00,49.9464552238806
2025-06-12 18:51:00,74.4
2025-06-12 13:35:00,47.8
2025-06-12 06:29:00,26.3
2025-06-12 19:42:00,90.5
2025-06-12 07:11:00,44.0
2025-06-12 02:09:00,71.0
2025-06-12 00:14:00,12.2
2025-06-12 02:46:00,55.1
2025-06-12 15:53:00,96.3
2025-06-12 17:49:00,8.2
2025-06-12 18:40:00,49.9464552238806
2025-06-12 21:00:00,12.5
2025-06-12 16:20:00,43.6
2025-06-12 13:27:00,27.1
2025-06-12 14:49:00,85.3
2025-06-12 01:07:00,46.2
2025-06-12 23:08:00,68.8
2025-06-12 20:18:00,74.9
2025-06-12 14:42:00,49.9464552238806
2025-06-12 09:39:00,75.2
2025-06-12 19:49:00,49.9464552238806
2025-06-12 09:23:00,42.8
2025-06-12 06:21:00,84.3
2025-06-12 08:35:00,46.7
2025-06-12 16:14:00,91.9
2025-06-12 01:01:00,15.6
2025-06-12 16:57:00,49.9464552238806
2025-06-12 13:22:00,41.6
2025-06-12 06:47:00,54.1
2025-06-12 20:20:00,18.6
2025-06-12 17:11:00,37.2
2025-06-12 01:24:00,1.8
2025-06-12 08:27:00,89.5
2025-06-12 14:52:00,49.9464552238806
2025-06-12 05:43:00,49.9464552238806
2025-06-12 23:51:00,99.6
2025-06-12 12:35:00,49.9464552238806
2025-06-12 06:53:00,68.6
2025-06-12 01:53:00,89.2
2025-06-12 06:10:00,52.7
2025-06-12 15:54:00,84.9
2025-06-12 00:56:00,50.7
2025-06-12 11:39:00,23.1
2025-06-12 00:34:00,49.9464552238806
2025-06-12 01:06:00,40.7
2025-06-12 21:33:00,24.0
2025-06-12 22:50:00,36.7
2025-06-12 21:46:00,12.3
2025-06-12 04:53:00,98.6
2025-06-12 10:46:00,94.3
2025-06-12 13:18:00,83.2
2025-06-12 17:18:00,55.2
2025-06-12 09:49:00,49.9464552238806
2025-06-12 03:21:00,92.8
2025-06-12 21:03:00,55.4
2025-06-12 19:17:00,76.7
2025-06-12 11:13:00,33.4
2025-06-12 07:37:00,96.3
2025-06-12 17:26:00,49.9464552238806
2025-06-12 23:02:00,12.0
2025-06-12 05:33:00,65.4
2025-06-12 12:36:00,74.8
2025-06-12 22:20:00,21.2
2025-06-12 03:38:00,43.3
2025-06-12 10:21:00,0.2
2025-06-12 22:46:00,49.9464552238806
2025-06-12 16:44:00,37.8
2025-06-12 14:16:00,50.9
2025-06-12 20:09:00,82.1
2025-06-12 20:19:00,49.9464552238806
2025-06-12 14:48:00,68.2
2025-06-12 09:34:00,39.6
2025-06-12 05:15:00,34.9
2025-06-12 13:01:00,64.8
2025-06-12 22:21:00,51.3
2025-06-12 17:57:00,0.9
2025-06-12 16:51:00,54.8
2025-06-12 21:47:00,56.0
2025-06-12 06:19:00,49.9464552238806
2025-06-12 09:44:00,76.8
2025-06-12 19:11:00,16.4
2025-06-12 10:39:00,11.3
2025-06-12 05:24:00,45.5
2025-06-12 13:43:00,22.2
2025-06-12 03:04:00,89.0
2025-06-12 22:41:00,4.4
2025-06-12 08:46:00,19.2
2025-06-12 05:20:00,2.6
2025-06-12 18:29:00,49.9464552238806
2025-06-12 12:38:00,19.7
2025-06-12 07:17:00,49.9464552238806
2025-06-12 15:12:00,2.1
2025-06-12 07:26:00,72.4
2025-06-12 09:31:00,11.9
2025-06-12 06:23:00,91.3
2025-06-12 15:16:00,70.5
2025-06-12 15:22:00,8.3
2025-06-12 08:41:00,18.1
2025-06-12 00:00:00,94.5
2025-06-12 02:37:00,49.1
2025-06-12 06:17:00,96.1
2025-06-12 03:24:00,13.1
2025-06-12 05:55:00,47.2
2025-06-12 17:29:00,94.8
2025-06-12 13:50:00,6.6
2025-06-12 07:23:00,68.3
2025-06-12 09:42:00,49.9464552238806
2025-06-12 14:26:00,17.7
2025-06-12 18:56:00,49.9464552238806
2025-06-12 04:32:00,49.9464552238806
2025-06-12 11:05:00,88.1
2025-06-12 19:30:00,2.0
2025-06-12 20:39:00,49.9464552238806
2025-06-12 17:03:00,36.3
2025-06-12 15:09:00,34.5
2025-06-12 19:29:00,46.2
2025-06-12 16:46:00,35.6
2025-06-12 02:21:00,49.9464552238806
2025-06-12 22:32:00,49.9464552238806
2025-06-12 05:02:00,11.2
2025-06-12 06:32:00,45.8
2025-06-12 16:31:00,78.2
2025-06-12 14:41:00,45.6
2025-06-12 19:53:00,49.9464552238806
2025-06-12 03:22:00,30.5
2025-06-12 06:40:00,19.3
2025-06-12 05:51:00,89.5
2025-06-12 18:25:00,49.9464552238806
2025-06-12 13:36:00,22.1
2025-06-12 01:47:00,67.1
2025-06-12 15:31:00,5.3
2025-06-12 10:44:00,25.7
2025-06-12 03:03:00,30.7
2025-06-12 07:09:00,52.7
2025-06-12 02:51:00,27.4
2025-06-12 17:40:00,8.3
2025-06-12 03:43:00,39.3
2025-06-12 02:42:00,68.9
2025-06-12 15:47:00,99.1
2025-06-12 21:38:00,57.6
2025-06-12 17:17:00,85.6
2025-06-12 18:44:00,55.3
2025-06-12 15:41:00,49.9464552238806
2025-06-12 17:48:00,11.4
2025-06-12 15:21:00,49.9464552238806
2025-06-12 17:04:00,78.2
2025-06-12 07:39:00,99.0
2025-06-12 02:59:00,1.5
2025-06-12 15:30:00,49.9464552238806
2025-06-12 14:21:00,15.7
2025-06-12 23:11:00,57.4
2025-06-12 16:42:00,98.2
2025-06-12 22:05:00,49.742524640779
2025-06-12 21:26:00,96.1
2025-06-12 11:03:00,64.5
2025-06-12 16:48:00,66.8
2025-06-12 16:47:00,11.5
2025-06-12 03:35:00,49.742524640779
2025-06-12 23:37:00,12.5
2025-06-12 16:50:00,32.2
2025-06-12 11:27:00,21.7
2025-06-12 23:49:00,78.2
2025-06-12 02:53:00,40.1
2025-06-12 01:43:00,61.7
2025-06-12 07:47:00,70.7
2025-06-12 10:10:00,83.4
2025-06-12 03:26:00,10.0
2025-06-12 00:48:00,28.0
2025-06-12 02:12:00,24.4
2025-06-12 13:15:00,21.3
2025-06-12 09:07:00,49.742524640779
2025-06-12 01:09:00,49.742524640779
2025-06-12 13:28:00,68.2
2025-06-12 07:14:00,49.742524640779
2025-06-12 22:57:00,19.2
2025-06-12 14:32:00,70.4
2025-06-12 17:03:00,2.4
2025-06-12 13:44:00,26.9
2025-06-12 20:09:00,66.0
2025-06-12 09:27:00,42.6
2025-06-12 00:09:00,13.3
2025-06-12 08:10:00,81.9
2025-06-12 18:05:00,58.2
2025-06-12 18:38:00,14.3
2025-06-12 06:47:00,30.9
2025-06-12 13:57:00,86.2
2025-06-12 06:34:00,99.0
2025-06-12 21:58:00,84.8
2025-06-12 20:06:00,46.5
2025-06-12 00:04:00,35.3
2025-06-12 21:06:00,50.9
2025-06-12 12:55:00,49.2
2025-06-12 10:32:00,42.8
2025-06-12 13:47:00,65.5
2025-06-12 07:29:00,32.3
2025-06-12 18:51:00,50.7
2025-06-12 19:35:00,4.6
2025-06-12 10:11:00,54.0
2025-06-12 07:35:00,49.742524640779
2025-06-12 12:05:00,30.9
2025-06-12 13:21:00,49.742524640779
2025-06-12 05:08:00,12.2
2025-06-12 08:12:00,43.9
2025-06-12 02:00:00,12.2
2025-06-12 17:46:00,49.742524640779
2025-06-12 15:04:00,53.9
2025-06-12 10:21:00,92.8
2025-06-12 21:45:00,56.9
2025-06-12 16:39:00,0.7
2025-06-12 08:42:00,11.1
2025-06-12 00:44:00,22.5
2025-06-12 06:51:00,96.2
2025-06-12 16:43:00,33.3
2025-06-12 21:57:00,28.9
2025-06-12 08:19:00,49.742524640779
2025-06-12 04:23:00,99.9
2025-06-12 15:17:00,49.742524640779
2025-06-12 02:31:00,1.1
2025-06-12 20:16:00,8.2
2025-06-12 22:15:00,49.742524640779
2025-06-12 22:32:00,46.2
2025-06-12 13:01:00,53.4
2025-06-12 19:59:00,38.9
2025-06-12 09:35:00,74.5
2025-06-12 13:27:00,85.1
2025-06-12 10:29:00,42.4
2025-06-12 23:06:00,46.7
2025-06-12 23:08:00,15.4
2025-06-12 04:51:00,46.6
2025-06-12 22:35:00,49.742524640779
2025-06-12 16:05:00,6.8
2025-06-12 21:01:00,24.4
2025-06-12 01:30:00,50.1
2025-06-12 18:19:00,9.6
2025-06-12 03:41:00,67.7
2025-06-12 02:18:00,92.9
2025-06-12 05:32:00,24.0
2025-06-12 10:47:00,70.7
2025-06-12 10:41:00,28.0
2025-06-12 21:51:00,7.6
2025-06-12 09:09:00,31.9
2025-06-12 13:07:00,49.742524640779
2025-06-12 10:39:00,48.4
2025-06-12 10:53:00,39.0
2025-06-12 00:37:00,17.8
2025-06-12 07:27:00,49.742524640779
2025-06-12 17:24:00,61.6
2025-06-12 17:06:00,35.1
2025-06-12 07:11:00,92.2
2025-06-12 10:07:00,96.0
2025-06-12 19:44:00,78.4
2025-06-12 04:05:00,90.3
2025-06-12 13:17:00,88.6
2025-06-12 14:55:00,69.9
2025-06-12 17:57:00,17.7
2025-06-12 23:53:00,42.6
2025-06-12 17:13:00,60.2
2025-06-12 21:38:00,16.8
2025-06-12 03:05:00,26.6
2025-06-12 09:46:00,25.0
2025-06-12 13:23:00,40.1
2025-06-12 19:04:00,67.9
2025-06-12 12:53:00,2.8
2025-06-12 17:59:00,71.1
2025-06-12 22:33:00,20.8
2025-06-12 21:03:00,45.7
2025-06-12 02:08:00,49.742524640779
2025-06-12 11:59:00,10.5
2025-06-12 03:22:00,82.6
2025-06-12 19:52:00,38.1
2025-06-12 22:09:00,48.4
2025-06-12 14:03:00,87.8
2025-06-12 21:12:00,88.6
2025-06-12 11:36:00,2.4
2025-06-12 20:48:00,49.742524640779
2025-06-12 10:00:00,69.4
2025-06-12 16:21:00,66.7
2025-06-12 07:18:00,25.8
2025-06-12 16:37:00,53.0
2025-06-12 09:40:00,32.3
2025-06-12 19:46:00,49.742524640779
2025-06-12 13:18:00,54.2
2025-06-12 06:06:00,39.6
2025-06-12 15:21:00,80.4
2025-06-12 22:54:00,12.7
2025-06-12 05:27:00,7.8
2025-06-12 17:25:00,32.4
2025-06-12 03:24:00,46.1
2025-06-12 09:41:00,49.742524640779
2025-06-12 08:55:00,7.1
2025-06-12 15:33:00,5.5
2025-06-12 21:08:00,71.5
2025-06-12 06:07:00,6.4
2025-06-12 02:09:00,34.1
2025-06-12 12:11:00,55.6
2025-06-12 11:54:00,57.7
2025-06-12 17:35:00,48.0
2025-06-12 05:09:00,49.742524640779
2025-06-12 01:46:00,39.8
2025-06-12 18:22:00,95.2
2025-06-12 02:25:00,87.4
2025-06-12 03:47:00,68.1
2025-06-12 15:11:00,86.9
2025-06-12 08:39:00,50.8
2025-06-12 19:05:00,38.5
2025-06-12 14:48:00,85.0
2025-06-12 04:18:00,54.2
2025-06-12 04:35:00,20.0
2025-06-12 04:29:00,73.5
2025-06-12 11:42:00,19.0
2025-06-12 06:09:00,0.2
2025-06-12 07:37:00,27.2
2025-06-12 16:10:00,13.0
2025-06-12 13:08:00,76.0
2025-06-12 19:20:00,79.2
2025-06-12 08:54:00,82.1
2025-06-12 09:42:00,71.3
2025-06-12 20:29:00,12.3
2025-06-12 18:03:00,85.0
2025-06-12 08:18:00,14.8
2025-06-12 20:22:00,49.5
2025-06-12 05:53:00,31.3
2025-06-12 05:33:00,87.3
2025-06-12 23:33:00,53.0
2025-06-12 01:10:00,35.9
2025-06-12 14:21:00,78.9
2025-06-12 19:34:00,39.5
2025-06-12 03:44:00,21.3
2025-06-12 14:36:00,81.3
2025-06-12 12:35:00,57.0
2025-06-12 07:57:00,0.7
2025-06-12 13:46:00,49.742524640779
2025-06-12 13:39:00,52.1
2025-06-12 21:10:00,20.8
2025-06-12 10:23:00,61.7
2025-06-12 06:05:00,22.9
2025-06-12 18:01:00,49.742524640779
2025-06-12 13:04:00,29.1
2025-06-12 01:52:00,91.7
2025-06-12 21:43:00,35.6
2025-06-12 07:06:00,46.1
2025-06-12 10:03:00,49.742524640779
2025-06-12 09:44:00,70.5
2025-06-12 06:13:00,98.3
2025-06-12 11:40:00,13.3
2025-06-12 03:21:00,4.1
2025-06-12 20:27:00,69.0
2025-06-12 23:38:00,70.6
2025-06-12 05:56:00,49.742524640779
2025-06-12 17:00:00,99.3
2025-06-12 23:36:00,93.1
2025-06-12 07:08:00,95.6
2025-06-12 22:23:00,49.742524640779
2025-06-12 23:47:00,49.742524640779
2025-06-12 09:38:00,31.0
2025-06-12 19:19:00,49.742524640779
2025-06-12 03:53:00,45.5
2025-06-12 05:02:00,61.4
2025-06-12 22:18:00,32.1
2025-06-12 11:51:00,36.0
2025-06-12 08:27:00,44.4
2025-06-12 22:21:00,89.5
2025-06-12 03:33:00,89.5
2025-06-12 11:49:00,1.7
2025-06-12 20:51:00,75.3
2025-06-12 05:28:00,3.1
2025-06-12 16:34:00,25.2
2025-06-12 02:46:00,52.8
2025-06-12 23:01:00,49.742524640779
2025-06-12 05:04:00,42.0
2025-06-12 01:34:00,62.3
2025-06-12 14:39:00,69.2
2025-06-12 04:54:00,36.3
2025-06-12 13:38:00,47.4
2025-06-12 01:02:00,49.742524640779
2025-06-12 18:46:00,23.4
2025-06-12 16:35:00,59.1
2025-06-12 21:52:00,40.1
2025-06-12 22:37:00,49.742524640779
2025-06-12 19:36:00,1.1
2025-06-12 15:53:00,96.6
2025-06-12 08:46:00,56.4
2025-06-12 06:45:00,68.2
2025-06-12 00:41:00,53.9
2025-06-12 13:33:00,49.742524640779
2025-06-12 04:42:00,49.742524640779
2025-06-12 03:58:00,3.3
2025-06-12 19:40:00,1.0
2025-06-12 17:55:00,17.3
2025-06-12 23:25:00,49.742524640779
2025-06-12 08:11:00,57.3
2025-06-12 21:20:00,49.742524640779
2025-06-12 17:22:00,92.3
2025-06-12 22:14:00,5.0
2025-06-12 18:00:00,71.6
2025-06-12 15:29:00,29.4
2025-06-12 22:46:00,62.5
2025-06-12 15:35:00,8.8
2025-06-12 06:32:00,56.0
2025-06-12 14:12:00,90.0
2025-06-12 02:44:00,52.8
2025-06-12 16:36:00,37.9
2025-06-12 03:37:00,6.6
2025-06-12 09:47:00,48.0
2025-06-12 12:06:00,85.5
2025-06-12 08:41:00,30.3
2025-06-12 19:31:00,26.4
2025-06-12 18:12:00,49.742524640779
2025-06-12 05:43:00,49.742524640779
2025-06-12 17:49:00,49.0
2025-06-12 13:50:00,49.742524640779
2025-06-12 16:06:00,46.9
2025-06-12 21:04:00,67.9
2025-06-12 13:16:00,20.0
2025-06-12 17:27:00,53.0
2025-06-12 00:12:00,98.2
2025-06-12 13:22:00,71.7
2025-06-12 20:49:00,38.7
2025-06-12 15:31:00,70.0
2025-06-12 01:26:00,22.7
2025-06-12 06:40:00,61.1
2025-06-12 07:43:00,83.8
2025-06-12 08:56:00,41.0
2025-06-12 12:57:00,65.4
2025-06-12 20:08:00,76.2
2025-06-12 07:23:00,49.742524640779
2025-06-12 08:23:00,72.4
2025-06-12 03:14:00,24.5
2025-06-12 04:43:00,49.742524640779
2025-06-12 16:13:00,62.1
2025-06-12 01:22:00,88.6
2025-06-12 01:59:00,49.742524640779
2025-06-12 23:13:00,15.6
2025-06-12 20:31:00,11.9
2025-06-12 15:23:00,10.4
2025-06-12 02:58:00,7.6
2025-06-12 13:55:00,40.2
2025-06-12 11:34:00,49.742524640779
2025-06-12 05:57:00,68.9
2025-06-12 22:24:00,93.2
2025-06-12 02:39:00,60.7
2025-06-12 03:59:00,6.5
2025-06-12 12:12:00,74.4
2025-06-12 09:00:00,50.1
2025-06-12 19:00:00,49.742524640779
2025-06-12 18:17:00,7.2
2025-06-12 16:52:00,6.7
2025-06-12 00:19:00,96.6
2025-06-12 17:52:00,64.7
2025-06-12 01:28:00,97.8
2025-06-12 17:42:00,0.0
2025-06-12 19:57:00,13.2
2025-06-12 18:48:00,95.7
2025-06-12 18:20:00,50.09606761356967
2025-06-12 09:31:00,5.9
2025-06-12 11:35:00,50.09606761356967
2025-06-12 06:50:00,44.9
2025-06-12 15:28:00,77.9
2025-06-12 03:12:00,50.09606761356967
2025-06-12 09:00:00,47.7
2025-06-12 05:31:00,42.1
2025-06-12 20:11:00,21.5
2025-06-12 03:21:00,75.7
2025-06-12 06:02:00,1.8
2025-06-12 11:11:00,70.0
2025-06-12 08:41:00,70.6
2025-06-12 23:17:00,45.2
2025-06-12 21:38:00,19.9
2025-06-12 13:09:00,50.09606761356967
2025-06-12 12:36:00,50.09606761356967
2025-06-12 16:09:00,84.1
2025-06-12 12:29:00,17.0
2025-06-12 13:32:00,53.3
2025-06-12 08:08:00,59.5
2025-06-12 10:24:00,32.5
2025-06-12 01:20:00,42.6
2025-06-12 02:43:00,57.6
2025-06-12 15:38:00,42.5
2025-06-12 15:36:00,59.7
2025-06-12 10:04:00,38.0
2025-06-12 17:38:00,35.5
2025-06-12 16:39:00,70.6
2025-06-12 08:55:00,69.7
2025-06-12 15:41:00,70.6
2025-06-12 02:59:00,50.09606761356967
2025-06-12 23:22:00,3.7
2025-06-12 16:02:00,66.5
2025-06-12 09:15:00,49.9
2025-06-12 07:35:00,94.8
2025-06-12 03:51:00,60.8
2025-06-12 07:47:00,9.7
2025-06-12 21:14:00,50.09606761356967
2025-06-12 07:06:00,33.6
2025-06-12 23:41:00,80.7
2025-06-12 15:10:00,11.6
2025-06-12 11:49:00,86.0
2025-06-12 11:50:00,10.3
2025-06-12 16:06:00,29.6
2025-06-12 04:24:00,50.09606761356967
2025-06-12 00:23:00,34.5
2025-06-12 21:44:00,70.6
2025-06-12 20:52:00,64.7
2025-06-12 09:18:00,56.0
2025-06-12 07:04:00,7.5
2025-06-12 08:43:00,32.6
2025-06-12 22:52:00,38.0
2025-06-12 23:31:00,13.6
2025-06-12 14:46:00,31.7
2025-06-12 02:18:00,34.2
2025-06-12 12:05:00,17.9
2025-06-12 10:45:00,48.6
2025-06-12 00:31:00,50.09606761356967
2025-06-12 11:18:00,94.2
2025-06-12 21:42:00,38.4
2025-06-12 15:52:00,73.4
2025-06-12 18:18:00,74.9
2025-06-12 05:34:00,53.3
2025-06-12 00:16:00,34.7
2025-06-12 16:41:00,6.1
2025-06-12 06:48:00,83.0
2025-06-12 19:37:00,57.5
2025-06-12 01:34:00,29.2
2025-06-12 14:22:00,3.5
2025-06-12 08:49:00,21.9
2025-06-12 23:42:00,68.0
2025-06-12 17:17:00,18.7
2025-06-12 18:50:00,48.5
2025-06-12 05:23:00,94.3
2025-06-12 22:12:00,55.4
2025-06-12 20:16:00,50.09606761356967
2025-06-12 06:07:00,24.6
2025-06-12 13:00:00,29.0
2025-06-12 05:42:00,50.09606761356967
2025-06-12 09:49:00,99.0
2025-06-12 10:47:00,96.4
2025-06-12 05:18:00,47.6
2025-06-12 09:52:00,2.8
2025-06-12 03:15:00,91.5
2025-06-12 21:53:00,17.2
2025-06-12 10:48:00,19.2
2025-06-12 07:02:00,50.09606761356967
2025-06-12 05:48:00,37.6
2025-06-12 03:33:00,79.9
2025-06-12 14:55:00,13.1
2025-06-12 19:27:00,92.8
2025-06-12 10:57:00,80.2
2025-06-12 02:06:00,72.1
2025-06-12 23:55:00,97.2
2025-06-12 23:46:00,51.6
2025-06-12 17:59:00,50.09606761356967
2025-06-12 23:33:00,26.3
2025-06-12 00:46:00,50.09606761356967
2025-06-12 07:09:00,47.7
2025-06-12 16:46:00,60.6
2025-06-12 17:13:00,41.6
2025-06-12 20:43:00,19.0
2025-06-12 01:56:00,56.8
2025-06-12 21:04:00,26.1
2025-06-12 01:47:00,81.7
2025-06-12 07:53:00,24.3
2025-06-12 00:18:00,69.4
2025-06-12 00:24:00,85.0
2025-06-12 04:11:00,53.4
2025-06-12 15:18:00,32.9
2025-06-12 17:23:00,6.8
2025-06-12 18:23:00,59.7
2025-06-12 17:34:00,88.7
2025-06-12 17:31:00,70.9
2025-06-12 12:08:00,46.3
2025-06-12 15:34:00,68.7
2025-06-12 09:06:00,50.09606761356967
2025-06-12 03:22:00,3.1
2025-06-12 10:42:00,50.09606761356967
2025-06-12 04:03:00,57.4
2025-06-12 00:11:00,37.8
2025-06-12 05:17:00,50.09606761356967
2025-06-12 22:49:00,43.7
2025-06-12 19:35:00,5.0
2025-06-12 21:41:00,9.2
2025-06-12 02:46:00,38.9
2025-06-12 01:51:00,61.8
2025-06-12 13:03:00,23.7
2025-06-12 00:04:00,50.09606761356967
2025-06-12 14:18:00,26.6
2025-06-12 19:33:00,47.3
2025-06-12 04:27:00,50.09606761356967
2025-06-12 13:31:00,5.6
2025-06-12 09:10:00,63.6
2025-06-12 15:15:00,69.5
2025-06-12 19:17:00,50.09606761356967
2025-06-12 02:39:00,31.8
2025-06-12 14:43:00,6.0
2025-06-12 12:48:00,50.09606761356967
2025-06-12 19:40:00,79.5
2025-06-12 20:34:00,21.3
2025-06-12 12:24:00,70.7
2025-06-12 18:59:00,50.09606761356967
2025-06-12 10:46:00,71.8
2025-06-12 16:05:00,33.1
2025-06-12 17:00:00,14.8
2025-06-12 13:44:00,51.3
2025-06-12 19:51:00,54.5
2025-06-12 02:02:00,17.0
2025-06-12 19:11:00,27.3
2025-06-12 09:32:00,91.0
2025-06-12 01:19:00,77.8
2025-06-12 21:16:00,57.9
2025-06-12 19:14:00,63.6
2025-06-12 02:47:00,12.6
2025-06-12 00:33:00,24.5
2025-06-12 19:28:00,26.2
2025-06-12 06:49:00,50.09606761356967
2025-06-12 01:06:00,83.3
2025-06-12 10:30:00,44.9
2025-06-12 14:29:00,50.09606761356967
2025-06-12 22:50:00,69.2
2025-06-12 11:39:00,8.8
2025-06-12 04:43:00,35.2
2025-06-12 17:53:00,77.9
2025-06-12 19:31:00,59.4
2025-06-12 12:20:00,85.8
2025-06-12 07:48:00,30.0
2025-06-12 18:33:00,50.09606761356967
2025-06-12 09:21:00,96.6
2025-06-12 11:34:00,57.2
2025-06-12 23:11:00,29.4
2025-06-12 08:26:00,2.0
2025-06-12 04:48:00,18.8
2025-06-12 14:24:00,12.8
2025-06-12 17:06:00,80.8
2025-06-12 20:09:00,34.7
2025-06-12 21:35:00,31.1
2025-06-12 13:49:00,83.3
2025-06-12 20:55:00,24.7
2025-06-12 22:39:00,63.4
2025-06-12 21:43:00,59.8
2025-06-12 08:34:00,13.1
2025-06-12 01:14:00,50.2
2025-06-12 06:30:00,82.9
2025-06-12 13:20:00,50.09606761356967
2025-06-12 21:55:00,17.4
2025-06-12 19:38:00,47.5
2025-06-12 03:23:00,50.09606761356967
2025-06-12 02:55:00,3.3
2025-06-12 10:31:00,84.8
2025-06-12 05:08:00,29.9
2025-06-12 14:41:00,3.5
2025-06-12 11:58:00,38.9
2025-06-12 06:34:00,56.1
2025-06-12 02:29:00,46.9
2025-06-12 09:53:00,37.5
2025-06-12 03:42:00,2.1
2025-06-12 02:58:00,59.4
2025-06-12 09:20:00,50.09606761356967
2025-06-12 10:58:00,50.09606761356967
2025-06-12 02:11:00,51.4
2025-06-12 05:52:00,29.3
2025-06-12 18:53:00,75.1
2025-06-12 04:25:00,98.8
2025-06-12 06:38:00,92.6
2025-06-12 07:58:00,50.09606761356967
2025-06-12 12:04:00,38.3
2025-06-12 12:07:00,50.09606761356967
2025-06-12 00:09:00,15.9
2025-06-12 04:39:00,43.2
2025-06-12 04:36:00,25.4
2025-06-12 02:54:00,71.8
2025-06-12 00:48:00,69.5
2025-06-12 11:57:00,72.7
2025-06-12 22:23:00,76.9
2025-06-12 17:22:00,26.4
2025-06-12 05:19:00,15.3
2025-06-12 00:45:00,5.6
2025-06-12 05:35:00,45.3
2025-06-12 23:47:00,1.5
2025-06-12 00:38:00,51.9
2025-06-12 17:47:00,33.7
2025-06-12 18:49:00,1.7
2025-06-12 14:30:00,14.5
2025-06-12 18:03:00,83.9
2025-06-12 10:29:00,2.4
2025-06-12 16:55:00,25.6
2025-06-12 16:49:00,50.09606761356967
2025-06-12 05:02:00,35.8
2025-06-12 22:08:00,50.09606761356967
2025-06-12 19:54:00,14.2
2025-06-12 05:28:00,75.9
2025-06-12 18:24:00,30.4
2025-06-12 20:06:00,24.3
2025-06-12 02:56:00,72.1
2025-06-12 19:34:00,62.5
2025-06-12 08:21:00,8.0
2025-06-12 19:02:00,40.9
2025-06-12 23:43:00,79.9
2025-06-12 06:21:00,50.09606761356967
2025-06-12 12:10:00,70.4
2025-06-12 23:15:00,25.3
2025-06-12 19:49:00,82.1
2025-06-12 03:55:00,3.4
2025-06-12 07:51:00,4.1
2025-06-12 00:41:00,50.09606761356967
2025-06-12 22:31:00,10.5
2025-06-12 14:07:00,50.09606761356967
2025-06-12 06:45:00,98.5
2025-06-12 23:02:00,85.3
2025-06-12 10:17:00,60.4
2025-06-12 00:34:00,51.4
2025-06-12 18:36:00,83.9
2025-06-12 02:36:00,38.8
2025-06-12 06:43:00,70.5
2025-06-12 21:09:00,97.4
2025-06-12 19:47:00,16.7
2025-06-12 06:31:00,2.2
2025-06-12 17:16:00,62.9
2025-06-12 21:56:00,60.2
2025-06-12 01:07:00,50.09606761356967
2025-06-12 09:16:00,57.8
2025-06-12 17:21:00,50.09606761356967
2025-06-12 20:42:00,80.2
2025-06-12 13:18:00,93.2
2025-06-12 07:39:00,50.09606761356967
2025-06-12 17:12:00,50.09606761356967
2025-06-12 05:33:00,78.6
2025-06-12 12:42:00,10.8
2025-06-12 14:06:00,50.09606761356967
2025-06-12 18:31:00,74.4
2025-06-12 15:08:00,25.5
2025-06-12 11:52:00,98.7
2025-06-12 18:11:00,50.09606761356967
2025-06-12 02:51:00,89.6
2025-06-12 15:17:00,92.7
2025-06-12 12:17:00,4.0
2025-06-12 16:53:00,50.09606761356967
2025-06-12 17:19:00,33.0
2025-06-12 16:48:00,78.2
2025-06-12 16:30:00,37.3
2025-06-12 01:01:00,92.6
2025-06-12 06:18:00,35.7
2025-06-12 18:48:00,33.3
2025-06-12 11:48:00,32.1
2025-06-12 22:32:00,17.7
2025-06-12 20:05:00,39.6
2025-06-12 16:26:00,6.3
2025-06-12 17:40:00,22.0
2025-06-12 09:42:00,10.1
2025-06-12 08:05:00,50.09606761356967
2025-06-12 15:04:00,11.1
2025-06-12 15:27:00,74.9
2025-06-12 08:39:00,49.952608030142464
2025-06-12 03:18:00,52.6
2025-06-12 01:15:00,83.6
2025-06-12 08:07:00,7.2
2025-06-12 09:25:00,22.0
2025-06-12 15:34:00,11.1
2025-06-12 13:16:00,91.6
2025-06-12 11:07:00,69.7
2025-06-12 19:58:00,24.3
2025-06-12 15:07:00,24.5
2025-06-12 15:29:00,60.7
2025-06-12 06:33:00,49.952608030142464
2025-06-12 15:50:00,49.952608030142464
2025-06-12 02:47:00,20.4
2025-06-12 12:32:00,98.3
2025-06-12 22:53:00,86.9
2025-06-12 09:15:00,42.9
2025-06-12 06:42:00,60.5
2025-06-12 02:01:00,76.6
2025-06-12 00:44:00,56.1
2025-06-12 09:11:00,20.9
2025-06-12 20:20:00,17.4
2025-06-12 13:21:00,49.952608030142464
2025-06-12 02:23:00,47.8
2025-06-12 07:25:00,49.952608030142464
2025-06-12 19:05:00,11.9
2025-06-12 16:25:00,66.8
2025-06-12 17:12:00,9.3
2025-06-12 03:11:00,42.1
2025-06-12 23:05:00,49.952608030142464
2025-06-12 13:04:00,65.9
2025-06-12 14:41:00,35.0
2025-06-12 15:06:00,95.5
2025-06-12 00:03:00,72.7
2025-06-12 20:02:00,60.8
2025-06-12 20:04:00,54.7
2025-06-12 14:22:00,49.952608030142464
2025-06-12 05:44:00,10.0
2025-06-12 09:46:00,27.4
2025-06-12 09:52:00,67.6
2025-06-12 05:58:00,86.9
2025-06-12 18:42:00,49.952608030142464
2025-06-12 12:39:00,19.2
2025-06-12 12:20:00,51.9
2025-06-12 03:23:00,39.9
2025-06-12 22:03:00,99.1
2025-06-12 05:14:00,49.952608030142464
2025-06-12 20:46:00,16.7
2025-06-12 07:31:00,49.952608030142464
2025-06-12 18:20:00,22.7
2025-06-12 05:17:00,52.2
2025-06-12 12:22:00,49.952608030142464
2025-06-12 11:21:00,49.952608030142464
2025-06-12 18:13:00,62.9
2025-06-12 17:50:00,14.5
2025-06-12 12:49:00,60.3
2025-06-12 19:32:00,61.5
2025-06-12 05:43:00,56.2
2025-06-12 23:28:00,92.7
2025-06-12 23:44:00,75.2
2025-06-12 19:33:00,49.952608030142464
2025-06-12 10:19:00,8.8
2025-06-12 10:56:00,59.8
2025-06-12 07:20:00,94.6
2025-06-12 04:46:00,66.2
2025-06-12 01:22:00,87.2
2025-06-12 09:30:00,5.8
2025-06-12 10:38:00,47.1
2025-06-12 06:31:00,15.1
2025-06-12 19:44:00,22.7
2025-06-12 07:02:00,15.9
2025-06-12 22:19:00,34.8
2025-06-12 08:05:00,69.0
2025-06-12 03:42:00,36.5
2025-06-12 12:45:00,51.3
2025-06-12 07:23:00,91.4
2025-06-12 22:37:00,33.9
2025-06-12 11:31:00,30.0
2025-06-12 06:59:00,10.1
2025-06-12 16:33:00,27.3
2025-06-12 01:40:00,12.7
2025-06-12 18:34:00,81.8
2025-06-12 04:36:00,60.3
2025-06-12 19:00:00,46.0
2025-06-12 13:57:00,59.3
2025-06-12 02:26:00,30.0
2025-06-12 08:56:00,85.3
2025-06-12 10:57:00,65.9
2025-06-12 03:53:00,62.2
2025-06-12 18:55:00,49.952608030142464
2025-06-12 00:04:00,55.3
2025-06-12 16:46:00,24.7
2025-06-12 07:01:00,79.3
2025-06-12 18:15:00,62.2
2025-06-12 08:24:00,17.5
2025-06-12 00:38:00,29.3
2025-06-12 14:01:00,63.3
2025-06-12 10:40:00,26.6
2025-06-12 05:41:00,81.6
2025-06-12 08:13:00,55.9
2025-06-12 06:57:00,95.9
2025-06-12 02:07:00,16.9
2025-06-12 21:24:00,78.1
2025-06-12 13:37:00,32.5
2025-06-12 19:36:00,9.6
2025-06-12 22:20:00,13.8
2025-06-12 15:24:00,49.952608030142464
2025-06-12 09:10:00,87.9
2025-06-12 04:27:00,39.5
2025-06-12 18:36:00,94.1
2025-06-12 14:21:00,62.8
2025-06-12 05:53:00,92.5
2025-06-12 22:47:00,8.5
2025-06-12 14:12:00,77.3
2025-06-12 10:41:00,49.952608030142464
2025-06-12 21:13:00,48.5
2025-06-12 22:46:00,55.5
2025-06-12 19:31:00,76.2
2025-06-12 15:21:00,22.1
2025-06-12 04:26:00,86.0
2025-06-12 09:20:00,54.5
2025-06-12 23:13:00,19.3
2025-06-12 20:47:00,30.5
2025-06-12 09:43:00,24.2
2025-06-12 19:04:00,19.2
2025-06-12 02:36:00,67.2
2025-06-12 08:00:00,85.1
2025-06-12 01:13:00,83.0
2025-06-12 08:51:00,47.0
2025-06-12 10:29:00,26.0
2025-06-12 14:46:00,49.952608030142464
2025-06-12 04:03:00,76.6
2025-06-12 17:00:00,49.952608030142464
2025-06-12 22:27:00,54.7
2025-06-12 03:57:00,31.0
2025-06-12 15:15:00,23.2
2025-06-12 11:34:00,54.5
2025-06-12 02:03:00,20.2
2025-06-12 00:24:00,86.2
2025-06-12 07:00:00,13.0
2025-06-12 08:42:00,49.952608030142464
2025-06-12 02:16:00,9.6
2025-06-12 05:39:00,13.8
2025-06-12 22:42:00,41.6
2025-06-12 18:22:00,88.3
2025-06-12 14:25:00,55.2
2025-06-12 01:18:00,10.6
2025-06-12 04:57:00,92.2
2025-06-12 08:25:00,24.7
2025-06-12 22:59:00,84.6
2025-06-12 05:47:00,7.3
2025-06-12 03:43:00,71.9
2025-06-12 01:02:00,32.1
2025-06-12 23:29:00,32.8
2025-06-12 19:55:00,79.2
2025-06-12 06:18:00,36.4
2025-06-12 17:27:00,96.9
2025-06-12 18:49:00,23.5
2025-06-12 01:36:00,66.1
2025-06-12 15:00:00,15.7
2025-06-12 22:14:00,65.3
2025-06-12 17:54:00,51.9
2025-06-12 18:03:00,68.3
2025-06-12 13:54:00,84.6
2025-06-12 17:35:00,57.9
2025-06-12 17:56:00,15.1
2025-06-12 09:19:00,89.9
2025-06-12 18:08:00,0.9
2025-06-12 18:23:00,3.6
2025-06-12 06:03:00,27.9
2025-06-12 04:50:00,92.1
2025-06-12 19:46:00,1.5
2025-06-12 01:31:00,9.7
2025-06-12 14:17:00,49.952608030142464
2025-06-12 22:40:00,38.0
2025-06-12 04:59:00,69.6
2025-06-12 10:33:00,50.7
2025-06-12 02:45:00,79.3
2025-06-12 04:09:00,93.0
2025-06-12 18:28:00,85.0
2025-06-12 04:30:00,91.7
2025-06-12 20:56:00,82.8
2025-06-12 04:40:00,59.7
2025-06-12 22:45:00,49.952608030142464
2025-06-12 18:46:00,35.0
2025-06-12 18:37:00,58.3
2025-06-12 15:36:00,49.952608030142464
2025-06-12 21:54:00,27.3
2025-06-12 15:14:00,95.1
2025-06-12 09:57:00,83.7
2025-06-12 03:00:00,49.952608030142464
2025-06-12 00:29:00,49.952608030142464
2025-06-12 04:51:00,17.1
2025-06-12 11:44:00,69.0
2025-06-12 11:18:00,58.4
2025-06-12 03:25:00,42.2
2025-06-12 07:41:00,94.8
2025-06-12 22:28:00,66.8
2025-06-12 02:11:00,49.952608030142464
2025-06-12 21:05:00,0.6
2025-06-12 20:36:00,88.9
2025-06-12 17:39:00,87.2
2025-06-12 02:54:00,70.2
2025-06-12 16:29:00,49.952608030142464
2025-06-12 00:58:00,49.952608030142464
2025-06-12 02:08:00,85.1
2025-06-12 19:03:00,48.6
2025-06-12 11:58:00,49.952608030142464
2025-06-12 02:24:00,77.3
2025-06-12 18:59:00,34.5
2025-06-12 15:03:00,88.3
2025-06-12 22:57:00,76.2
2025-06-12 00:05:00,49.952608030142464
2025-06-12 15:44:00,35.7
2025-06-12 11:20:00,25.2
2025-06-12 18:53:00,27.9
2025-06-12 19:47:00,34.1
2025-06-12 12:51:00,27.8
2025-06-12 02:04:00,49.952608030142464
2025-06-12 08:52:00,99.3
2025-06-12 18:27:00,5.0
2025-06-12 22:16:00,49.952608030142464
2025-06-12 20:52:00,49.952608030142464
2025-06-12 01:09:00,87.0
2025-06-12 16:54:00,50.8
2025-06-12 18:39:00,21.5
2025-06-12 22:33:00,42.4
2025-06-12 04:14:00,27.9
2025-06-12 17:01:00,49.952608030142464
2025-06-12 10:05:00,38.2
2025-06-12 19:43:00,49.952608030142464
2025-06-12 02:12:00,4.7
2025-06-12 02:41:00,49.952608030142464
2025-06-12 21:38:00,49.952608030142464
2025-06-12 11:47:00,49.952608030142464
2025-06-12 21:57:00,22.1
2025-06-12 21:09:00,15.5
2025-06-12 08:17:00,6.9
2025-06-12 13:51:00,34.8
2025-06-12 10:32:00,84.7
2025-06-12 16:53:00,95.5
2025-06-12 02:37:00,79.5
2025-06-12 01:30:00,70.2
2025-06-12 15:02:00,0.7
2025-06-12 07:28:00,5.4
2025-06-12 20:35:00,9.6
2025-06-12 05:26:00,10.3
2025-06-12 05:31:00,12.0
2025-06-12 16:07:00,77.6
2025-06-12 04:48:00,10.5
2025-06-12 09:05:00,76.1
2025-06-12 16:24:00,49.952608030142464
2025-06-12 18:56:00,27.2
2025-06-12 10:39:00,85.9
2025-06-12 15:35:00,24.9
2025-06-12 21:25:00,85.1
2025-06-12 00:16:00,5.9
2025-06-12 12:30:00,45.7
2025-06-12 20:19:00,88.0
2025-06-12 12:13:00,49.952608030142464
2025-06-12 17:51:00,84.3
2025-06-12 18:07:00,21.5
2025-06-12 18:48:00,14.2
2025-06-12 20:33:00,3.7
2025-06-12 06:56:00,79.6
2025-06-12 08:22:00,18.7
2025-06-12 02:48:00,20.6
2025-06-12 03:32:00,28.4
2025-06-12 21:18:00,49.952608030142464
2025-06-12 08:14:00,12.2
2025-06-12 03:07:00,47.7
2025-06-12 14:08:00,77.6
2025-06-12 03:52:00,28.1
2025-06-12 03:10:00,61.4
2025-06-12 00:07:00,82.0
2025-06-12 15:39:00,32.9
2025-06-12 09:37:00,97.9
2025-06-12 18:13:00,29.2
2025-06-12 06:41:00,50.21640523646657
2025-06-12 21:30:00,27.3
2025-06-12 16:21:00,50.21640523646657
2025-06-12 17:38:00,50.21640523646657
2025-06-12 17:00:00,40.3
2025-06-12 02:53:00,93.0
2025-06-12 14:21:00,82.4
2025-06-12 05:45:00,29.4
2025-06-12 18:41:00,59.0
2025-06-12 02:41:00,8.2
2025-06-12 19:55:00,64.1
2025-06-12 00:51:00,93.0
2025-06-12 06:36:00,90.5
2025-06-12 21:20:00,26.0
2025-06-12 15:23:00,76.1
2025-06-12 16:55:00,78.8
2025-06-12 21:42:00,69.5
2025-06-12 15:24:00,18.9
2025-06-12 00:19:00,38.3
2025-06-12 15:47:00,7.8
2025-06-12 13:26:00,55.6
2025-06-12 22:17:00,66.5
2025-06-12 04:26:00,18.8
2025-06-12 00:22:00,91.0
2025-06-12 18:10:00,93.6
2025-06-12 22:14:00,50.21640523646657
2025-06-12 15:50:00,50.21640523646657
2025-06-12 21:34:00,92.1
2025-06-12 21:37:00,97.7
2025-06-12 01:38:00,1.4
2025-06-12 01:51:00,36.8
2025-06-12 18:21:00,16.4
2025-06-12 04:32:00,50.21640523646657
2025-06-12 21:55:00,82.9
2025-06-12 04:27:00,76.5
2025-06-12 00:58:00,34.2
2025-06-12 20:08:00,94.4
2025-06-12 20:11:00,50.21640523646657
2025-06-12 10:52:00,80.4
2025-06-12 09:55:00,50.21640523646657
2025-06-12 03:00:00,97.9
2025-06-12 13:29:00,86.4
2025-06-12 00:38:00,76.4
2025-06-12 10:04:00,50.21640523646657
2025-06-12 23:37:00,99.2
2025-06-12 18:39:00,68.1
2025-06-12 20:52:00,4.6
2025-06-12 02:12:00,36.9
2025-06-12 14:03:00,50.21640523646657
2025-06-12 11:03:00,77.8
2025-06-12 08:17:00,11.2
2025-06-12 19:42:00,91.1
2025-06-12 14:37:00,9.6
2025-06-12 13:35:00,50.21640523646657
2025-06-12 06:20:00,26.5
2025-06-12 23:09:00,44.6
2025-06-12 05:23:00,34.4
2025-06-12 03:08:00,36.1
2025-06-12 11:11:00,50.21640523646657
2025-06-12 23:30:00,40.3
2025-06-12 07:41:00,19.0
2025-06-12 15:38:00,52.7
2025-06-12 00:31:00,66.7
2025-06-12 14:33:00,83.1
2025-06-12 03:07:00,16.8
2025-06-12 12:40:00,41.1
2025-06-12 12:20:00,50.21640523646657
2025-06-12 22:13:00,17.1
2025-06-12 08:07:00,55.2
2025-06-12 14:25:00,9.4
2025-06-12 03:19:00,50.21640523646657
2025-06-12 01:02:00,50.21640523646657
2025-06-12 01:10:00,26.8
2025-06-12 11:36:00,50.21640523646657
2025-06-12 23:16:00,70.2
2025-06-12 23:32:00,60.0
2025-06-12 00:03:00,64.0
2025-06-12 00:27:00,31.5
2025-06-12 06:08:00,75.9
2025-06-12 22:53:00,71.5
2025-06-12 09:42:00,92.7
2025-06-12 10:29:00,35.2
2025-06-12 08:24:00,40.8
2025-06-12 22:18:00,46.6
2025-06-12 05:12:00,81.1
2025-06-12 03:14:00,75.1
2025-06-12 23:17:00,50.21640523646657
2025-06-12 21:41:00,50.21640523646657
2025-06-12 11:58:00,50.21640523646657
2025-06-12 19:00:00,54.8
2025-06-12 11:12:00,30.2
2025-06-12 13:36:00,18.8
2025-06-12 18:12:00,13.4
2025-06-12 03:39:00,50.21640523646657
2025-06-12 12:21:00,51.6
2025-06-12 06:59:00,11.9
2025-06-12 06:21:00,30.9
2025-06-12 03:18:00,97.4
2025-06-12 17:18:00,81.8
2025-06-12 19:16:00,70.3
2025-06-12 21:24:00,98.3
2025-06-12 22:51:00,24.6
2025-06-12 10:55:00,30.8
2025-06-12 19:03:00,57.0
2025-06-12 02:03:00,40.0
2025-06-12 16:41:00,30.6
2025-06-12 01:20:00,21.5
2025-06-12 05:14:00,90.3
2025-06-12 13:12:00,23.5
2025-06-12 19:39:00,72.9
2025-06-12 06:28:00,50.21640523646657
2025-06-12 15:54:00,44.3
2025-06-12 16:17:00,60.4
2025-06-12 19:23:00,0.1
2025-06-12 19:25:00,28.9
2025-06-12 16:43:00,50.21640523646657
2025-06-12 11:49:00,36.1
2025-06-12 09:50:00,50.21640523646657
2025-06-12 00:33:00,68.0
2025-06-12 05:09:00,50.21640523646657
2025-06-12 16:48:00,36.0
2025-06-12 18:52:00,97.5
2025-06-12 08:28:00,76.1
2025-06-12 08:09:00,14.6
2025-06-12 11:13:00,10.1
2025-06-12 13:51:00,11.9
2025-06-12 16:53:00,91.6
2025-06-12 01:59:00,56.1
2025-06-12 03:09:00,67.4
2025-06-12 07:36:00,50.21640523646657
2025-06-12 14:12:00,47.6
2025-06-12 11:33:00,12.8
2025-06-12 07:01:00,50.21640523646657
2025-06-12 17:01:00,84.1
2025-06-12 00:05:00,50.21640523646657
2025-06-12 20:21:00,81.4
2025-06-12 08:46:00,94.7
2025-06-12 10:36:00,50.21640523646657
2025-06-12 04:52:00,50.21640523646657
2025-06-12 14:48:00,71.5
2025-06-12 02:17:00,89.6
2025-06-12 16:37:00,51.8
2025-06-12 12:54:00,63.7
2025-06-12 12:04:00,50.21640523646657
2025-06-12 06:46:00,82.2
2025-06-12 13:33:00,59.0
2025-06-12 21:48:00,33.4
2025-06-12 16:27:00,76.2
2025-06-12 03:41:00,27.6
2025-06-12 17:09:00,88.9
2025-06-12 21:18:00,37.4
2025-06-12 16:22:00,61.0
2025-06-12 06:56:00,40.9
2025-06-12 00:30:00,2.6
2025-06-12 14:36:00,82.3
2025-06-12 23:36:00,79.7
2025-06-12 21:16:00,26.5
2025-06-12 08:58:00,50.21640523646657
2025-06-12 22:41:00,58.8
2025-06-12 07:07:00,60.3
2025-06-12 19:11:00,65.2
2025-06-12 06:13:00,50.21640523646657
2025-06-12 03:13:00,24.0
2025-06-12 16:26:00,67.6
2025-06-12 17:46:00,9.4
2025-06-12 04:17:00,22.8
2025-06-12 01:21:00,45.0
2025-06-12 11:07:00,2.1
2025-06-12 01:45:00,42.1
2025-06-12 07:48:00,7.3
2025-06-12 01:32:00,50.21640523646657
2025-06-12 20:31:00,17.7
2025-06-12 05:32:00,13.6
2025-06-12 15:44:00,50.6
2025-06-12 23:27:00,62.6
2025-06-12 09:03:00,97.6
2025-06-12 21:44:00,75.4
2025-06-12 05:44:00,83.1
2025-06-12 02:02:00,96.9
2025-06-12 22:26:00,6.0
2025-06-12 17:58:00,5.8
2025-06-12 03:55:00,24.5
2025-06-12 10:47:00,50.21640523646657
2025-06-12 17:45:00,50.21640523646657
2025-06-12 19:50:00,50.21640523646657
2025-06-12 04:11:00,87.0
2025-06-12 19:35:00,64.1
2025-06-12 09:14:00,38.3
2025-06-12 06:57:00,46.0
2025-06-12 12:24:00,3.6
2025-06-12 05:58:00,24.2
2025-06-12 02:00:00,34.7
2025-06-12 21:52:00,48.9
2025-06-12 15:22:00,72.1
2025-06-12 19:45:00,16.0
2025-06-12 07:57:00,64.3
2025-06-12 08:05:00,78.1
2025-06-12 09:01:00,50.21640523646657
2025-06-12 12:46:00,54.4
2025-06-12 15:30:00,11.4
2025-06-12 18:08:00,85.2
2025-06-12 01:37:00,46.6
2025-06-12 03:35:00,60.1
2025-06-12 09:02:00,18.6
2025-06-12 01:35:00,70.8
2025-06-12 02:52:00,5.4
2025-06-12 23:19:00,31.5
2025-06-12 20:59:00,58.1
2025-06-12 19:36:00,42.8
2025-06-12 01:07:00,46.9
2025-06-12 17:24:00,3.7
2025-06-12 10:31:00,9.8
2025-06-12 05:02:00,98.3
2025-06-12 21:49:00,12.0
2025-06-12 15:29:00,81.3
2025-06-12 03:24:00,97.6
2025-06-12 07:16:00,22.4
2025-06-12 14:34:00,31.6
2025-06-12 19:01:00,50.21640523646657
2025-06-12 21:21:00,76.2
2025-06-12 15:10:00,4.5
2025-06-12 15:59:00,63.9
2025-06-12 13:19:00,41.1
2025-06-12 13:41:00,40.1
2025-06-12 07:09:00,50.21640523646657
2025-06-12 03:56:00,90.4
2025-06-12 02:45:00,99.2
2025-06-12 07:46:00,50.21640523646657
2025-06-12 08:29:00,50.21640523646657
2025-06-12 23:08:00,78.6
2025-06-12 16:09:00,85.4
2025-06-12 11:16:00,32.4
2025-06-12 04:48:00,50.21640523646657
2025-06-12 09:48:00,28.0
2025-06-12 03:21:00,55.7
2025-06-12 04:25:00,50.21640523646657
2025-06-12 07:03:00,93.4
2025-06-12 21:22:00,86.8
2025-06-12 09:13:00,96.3
2025-06-12 16:56:00,30.3
2025-06-12 21:59:00,19.1
2025-06-12 22:09:00,50.21640523646657
2025-06-12 22:23:00,77.9
2025-06-12 12:06:00,50.21640523646657
2025-06-12 07:28:00,25.0
2025-06-12 13:52:00,80.2
2025-06-12 00:52:00,32.2
2025-06-12 22:42:00,54.1
2025-06-12 17:20:00,3.4
2025-06-12 17:56:00,51.7
2025-06-12 08:12:00,50.21640523646657
2025-06-12 21:15:00,91.0
2025-06-12 09:52:00,19.6
2025-06-12 23:41:00,50.9
2025-06-12 05:10:00,87.8
2025-06-12 00:44:00,50.21640523646657
2025-06-12 12:48:00,60.1
2025-06-12 11:56:00,34.5
2025-06-12 12:01:00,70.1
2025-06-12 20:51:00,54.3
2025-06-12 08:59:00,61.1
2025-06-12 20:46:00,71.7
2025-06-12 14:13:00,46.5
2025-06-12 17:22:00,92.7
2025-06-12 09:33:00,81.4
2025-06-12 17:53:00,76.0
2025-06-12 17:39:00,92.6
2025-06-12 20:24:00,40.5
2025-06-12 19:59:00,79.2
2025-06-12 23:42:00,45.0
2025-06-12 18:16:00,17.0
2025-06-12 01:52:00,42.6
2025-06-12 10:23:00,42.7
2025-06-12 06:23:00,21.0
2025-06-12 06:12:00,56.1
2025-06-12 19:51:00,50.21640523646657
2025-06-12 22:44:00,50.21640523646657
2025-06-12 04:33:00,46.2
2025-06-12 18:47:00,91.5
2025-06-12 23:52:00,34.9
2025-06-12 00:35:00,90.2
2025-06-12 16:24:00,28.1
2025-06-12 02:56:00,22.1
2025-06-12 01:47:00,13.3
2025-06-12 01:26:00,92.2
2025-06-12 10:01:00,66.6
2025-06-12 18:56:00,4.9
2025-06-12 18:38:00,62.5
2025-06-12 10:11:00,39.0
2025-06-12 13:39:00,50.21640523646657
2025-06-12 00:40:00,14.7
2025-06-12 15:27:00,56.6
2025-06-12 22:00:00,66.8
2025-06-12 09:36:00,92.5
2025-06-12 02:40:00,22.3
2025-06-12 06:49:00,61.0
2025-06-12 11:17:00,59.7
2025-06-12 23:18:00,32.0
2025-06-12 18:42:00,3.4
2025-06-12 09:45:00,63.7
2025-06-12 21:31:00,8.0
2025-06-12 02:22:00,90.9
2025-06-12 15:16:00,49.70408187272085
2025-06-12 21:16:00,98.2
2025-06-12 14:06:00,93.2
2025-06-12 08:28:00,77.3
2025-06-12 04:54:00,31.3
2025-06-12 02:49:00,19.7
2025-06-12 02:08:00,49.70408187272085
2025-06-12 00:32:00,22.6
2025-06-12 04:47:00,80.3
2025-06-12 13:18:00,44.9
2025-06-12 15:06:00,79.1
2025-06-12 04:15:00,66.0
2025-06-12 23:13:00,72.8
2025-06-12 05:30:00,94.4
2025-06-12 13:56:00,80.3
2025-06-12 17:18:00,57.9
2025-06-12 10:58:00,56.4
2025-06-12 06:52:00,49.70408187272085
2025-06-12 16:32:00,49.9
2025-06-12 22:23:00,97.5
2025-06-12 19:41:00,55.6
2025-06-12 21:41:00,49.70408187272085
2025-06-12 10:55:00,3.9
2025-06-12 14:40:00,46.0
2025-06-12 18:35:00,8.8
2025-06-12 14:10:00,77.6
2025-06-12 20:28:00,58.3
2025-06-12 11:02:00,72.7
2025-06-12 03:31:00,64.3
2025-06-12 07:37:00,49.70408187272085
2025-06-12 23:02:00,10.4
2025-06-12 08:04:00,75.1
2025-06-12 10:51:00,70.3
2025-06-12 21:18:00,9.5
2025-06-12 15:48:00,60.5
2025-06-12 10:26:00,49.70408187272085
2025-06-12 19:24:00,97.1
2025-06-12 20:58:00,49.70408187272085
2025-06-12 21:56:00,43.9
2025-06-12 20:21:00,32.1
2025-06-12 03:42:00,31.1
2025-06-12 15:10:00,29.0
2025-06-12 21:22:00,32.2
2025-06-12 03:06:00,49.70408187272085
2025-06-12 04:00:00,4.4
2025-06-12 08:37:00,20.5
2025-06-12 12:57:00,51.7
2025-06-12 19:53:00,24.5
2025-06-12 03:50:00,56.0
2025-06-12 04:56:00,9.8
2025-06-12 05:53:00,76.7
2025-06-12 19:29:00,49.3
2025-06-12 16:24:00,82.9
2025-06-12 09:39:00,92.2
2025-06-12 10:41:00,49.70408187272085
2025-06-12 05:19:00,46.1
2025-06-12 19:59:00,78.5
2025-06-12 14:12:00,49.70408187272085
2025-06-12 14:16:00,78.4
2025-06-12 02:40:00,49.70408187272085
2025-06-12 00:46:00,56.2
2025-06-12 22:31:00,96.1
2025-06-12 05:08:00,19.7
2025-06-12 04:01:00,14.7
2025-06-12 15:30:00,36.8
2025-06-12 02:38:00,55.1
2025-06-12 20:17:00,96.1
2025-06-12 02:59:00,86.0
2025-06-12 09:46:00,94.7
2025-06-12 14:22:00,46.8
2025-06-12 01:07:00,50.0
2025-06-12 00:37:00,49.70408187272085
2025-06-12 12:53:00,10.3
2025-06-12 23:46:00,47.9
2025-06-12 13:05:00,0.6
2025-06-12 18:19:00,35.1
2025-06-12 04:57:00,22.2
2025-06-12 04:31:00,42.4
2025-06-12 20:25:00,73.7
2025-06-12 23:05:00,89.1
2025-06-12 07:12:00,71.3
2025-06-12 03:20:00,43.0
2025-06-12 18:00:00,91.4
2025-06-12 22:17:00,58.8
2025-06-12 14:43:00,49.70408187272085
2025-06-12 23:40:00,26.7
2025-06-12 05:54:00,8.3
2025-06-12 03:24:00,64.3
2025-06-12 17:29:00,49.70408187272085
2025-06-12 12:54:00,64.8
2025-06-12 13:22:00,49.70408187272085
2025-06-12 21:49:00,64.6
2025-06-12 06:05:00,65.6
2025-06-12 03:29:00,49.70408187272085
2025-06-12 23:21:00,49.70408187272085
2025-06-12 05:05:00,81.4
2025-06-12 23:25:00,27.7
2025-06-12 13:52:00,35.1
2025-06-12 06:40:00,61.2
2025-06-12 21:51:00,56.7
2025-06-12 17:22:00,47.0
2025-06-12 13:36:00,31.3
2025-06-12 21:29:00,28.8
2025-06-12 20:36:00,48.0
2025-06-12 12:16:00,3.0
2025-06-12 21:08:00,78.2
2025-06-12 12:50:00,81.0
2025-06-12 14:27:00,97.6
2025-06-12 04:40:00,77.5
2025-06-12 13:33:00,54.3
2025-06-12 20:07:00,17.5
2025-06-12 16:37:00,72.9
2025-06-12 18:32:00,88.4
2025-06-12 20:13:00,49.70408187272085
2025-06-12 00:56:00,0.5
2025-06-12 07:39:00,35.1
2025-06-12 03:16:00,56.8
2025-06-12 12:10:00,90.3
2025-06-12 22:56:00,49.70408187272085
2025-06-12 03:47:00,49.70408187272085
2025-06-12 20:01:00,23.8
2025-06-12 19:13:00,87.9
2025-06-12 06:41:00,49.70408187272085
2025-06-12 03:26:00,67.9
2025-06-12 22:48:00,50.6
2025-06-12 15:32:00,61.3
2025-06-12 08:15:00,74.5
2025-06-12 21:54:00,19.6
2025-06-12 04:14:00,91.0
2025-06-12 21:58:00,49.70408187272085
2025-06-12 23:35:00,49.70408187272085
2025-06-12 20:16:00,12.5
2025-06-12 03:59:00,19.3
2025-06-12 08:26:00,49.70408187272085
2025-06-12 03:12:00,47.3
2025-06-12 14:11:00,61.5
2025-06-12 13:04:00,5.3
2025-06-12 22:33:00,50.6
2025-06-12 01:05:00,82.6
2025-06-12 09:04:00,66.8
2025-06-12 12:52:00,49.70408187272085
2025-06-12 18:16:00,47.9
2025-06-12 03:44:00,63.8
2025-06-12 13:35:00,34.9
2025-06-12 15:23:00,86.2
2025-06-12 15:27:00,41.1
2025-06-12 02:03:00,0.8
2025-06-12 07:09:00,56.8
2025-06-12 10:09:00,31.1
2025-06-12 10:18:00,50.3
2025-06-12 06:21:00,96.0
2025-06-12 19:23:00,43.7
2025-06-12 15:29:00,49.70408187272085
2025-06-12 00:45:00,49.70408187272085
2025-06-12 04:48:00,24.9
2025-06-12 07:44:00,9.7
2025-06-12 05:52:00,31.8
2025-06-12 23:14:00,2.6
2025-06-12 04:24:00,49.70408187272085
2025-06-12 05:18:00,54.7
2025-06-12 05:07:00,76.4
2025-06-12 03:37:00,49.6
2025-06-12 13:47:00,63.6
2025-06-12 18:36:00,67.8
2025-06-12 06:29:00,56.0
2025-06-12 04:06:00,91.1
2025-06-12 03:49:00,61.9
2025-06-12 17:36:00,18.7
2025-06-12 00:59:00,77.3
2025-06-12 11:20:00,58.7
2025-06-12 07:11:00,29.1
2025-06-12 06:04:00,56.9
2025-06-12 22:18:00,13.5
2025-06-12 22:26:00,24.6
2025-06-12 01:58:00,49.70408187272085
2025-06-12 03:51:00,34.0
2025-06-12 22:44:00,2.6
2025-06-12 23:52:00,20.7
2025-06-12 05:09:00,1.9
2025-06-12 12:44:00,82.4
2025-06-12 01:53:00,10.7
2025-06-12 04:23:00,49.70408187272085
2025-06-12 05:33:00,61.2
2025-06-12 13:14:00,3.2
2025-06-12 22:50:00,49.70408187272085
2025-06-12 06:23:00,90.1
2025-06-12 07:21:00,4.5
2025-06-12 11:15:00,49.70408187272085
2025-06-12 20:48:00,19.9
2025-06-12 19:43:00,49.70408187272085
2025-06-12 07:50:00,25.2
2025-06-12 17:39:00,27.3
2025-06-12 06:22:00,16.6
2025-06-12 17:21:00,39.7
2025-06-12 06:31:00,34.8
2025-06-12 08:57:00,87.2
2025-06-12 20:20:00,49.70408187272085
2025-06-12 14:58:00,37.2
2025-06-12 16:14:00,34.2
2025-06-12 09:07:00,6.8
2025-06-12 06:59:00,88.6
2025-06-12 01:45:00,49.70408187272085
2025-06-12 17:25:00,33.1
2025-06-12 06:12:00,49.70408187272085
2025-06-12 12:40:00,70.5
2025-06-12 17:17:00,85.6
2025-06-12 18:51:00,13.3
2025-06-12 08:29:00,49.70408187272085
2025-06-12 08:16:00,26.0
2025-06-12 18:38:00,8.8
2025-06-12 12:34:00,42.8
2025-06-12 11:57:00,73.4
2025-06-12 10:21:00,60.0
2025-06-12 01:20:00,28.4
2025-06-12 00:03:00,89.4
2025-06-12 03:35:00,76.9
2025-06-12 18:15:00,58.6
2025-06-12 20:59:00,59.1
2025-06-12 17:52:00,22.7
2025-06-12 18:47:00,7.3
2025-06-12 02:54:00,33.2
2025-06-12 17:04:00,28.8
2025-06-12 17:43:00,49.70408187272085
2025-06-12 23:36:00,64.3
2025-06-12 05:14:00,14.8
2025-06-12 00:12:00,35.8
2025-06-12 00:14:00,49.70408187272085
2025-06-12 01:50:00,18.1
2025-06-12 03:25:00,19.0
2025-06-12 15:55:00,6.2
2025-06-12 11:51:00,10.1
2025-06-12 13:17:00,47.4
2025-06-12 04:35:00,53.5
2025-06-12 01:48:00,83.2
2025-06-12 11:44:00,16.9
2025-06-12 22:38:00,2.4
2025-06-12 12:00:00,27.3
2025-06-12 06:03:00,75.6
2025-06-12 19:15:00,49.70408187272085
2025-06-12 01:10:00,49.70408187272085
2025-06-12 16:01:00,13.1
2025-06-12 10:06:00,22.5
2025-06-12 13:29:00,40.6
2025-06-12 04:28:00,3.8
2025-06-12 17:45:00,51.3
2025-06-12 14:57:00,26.1
2025-06-12 21:26:00,7.9
2025-06-12 07:41:00,49.70408187272085
2025-06-12 16:38:00,79.6
2025-06-12 03:23:00,49.70408187272085
2025-06-12 15:34:00,4.9
2025-06-12 02:13:00,73.2
2025-06-12 18:25:00,0.2
2025-06-12 18:58:00,15.7
2025-06-12 09:55:00,85.3
2025-06-12 00:30:00,33.3
2025-06-12 04:43:00,55.9
2025-06-12 16:26:00,68.9
2025-06-12 12:36:00,87.1
2025-06-12 16:55:00,92.2
2025-06-12 22:08:00,92.3
2025-06-12 08:08:00,15.3
2025-06-12 06:01:00,94.4
2025-06-12 08:19:00,55.7
2025-06-12 18:43:00,69.1
2025-06-12 08:56:00,84.0
2025-06-12 08:48:00,91.0
2025-06-12 04:37:00,1.6
2025-06-12 04:30:00,55.7
2025-06-12 01:17:00,49.70408187272085
2025-06-12 06:57:00,88.9
2025-06-12 16:36:00,8.8
2025-06-12 00:40:00,56.4
2025-06-12 16:35:00,13.9
2025-06-12 22:21:00,23.8
2025-06-12 22:35:00,14.9
2025-06-12 04:51:00,39.6
2025-06-12 14:04:00,49.3
2025-06-12 16:16:00,49.70408187272085
2025-06-12 16:54:00,59.6
2025-06-12 17:31:00,4.2
2025-06-12 02:50:00,9.9
2025-06-12 13:39:00,49.70408187272085
2025-06-12 14:14:00,4.8
2025-06-12 08:32:00,59.4
2025-06-12 03:14:00,58.1
2025-06-12 17:35:00,50.4
2025-06-12 22:42:00,15.6
2025-06-12 18:37:00,6.2
2025-06-12 20:34:00,59.0
2025-06-12 22:40:00,38.4
2025-06-12 14:18:00,58.7
2025-06-12 08:41:00,85.8
2025-06-12 00:35:00,85.6
2025-06-12 09:40:00,15.3
2025-06-12 23:08:00,14.1
2025-06-12 07:05:00,32.2
2025-06-12 15:41:00,98.8
2025-06-12 22:03:00,62.3
2025-06-12 02:46:00,50.1110094970102
2025-06-12 16:43:00,50.1110094970102
2025-06-12 13:37:00,64.2
2025-06-12 19:28:00,50.1110094970102
2025-06-12 15:35:00,77.9
2025-06-12 08:56:00,83.3
2025-06-12 02:19:00,67.8
2025-06-12 01:07:00,17.3
2025-06-12 13:45:00,73.5
2025-06-12 09:56:00,85.6
2025-06-12 19:25:00,82.4
2025-06-12 04:16:00,24.0
2025-06-12 09:21:00,68.8
2025-06-12 19:13:00,9.4
2025-06-12 06:48:00,47.8
2025-06-12 09:04:00,50.1110094970102
2025-06-12 23:47:00,99.5
2025-06-12 09:07:00,52.3
2025-06-12 17:24:00,94.4
2025-06-12 14:16:00,81.0
2025-06-12 02:12:00,19.3
2025-06-12 19:54:00,3.5
2025-06-12 21:21:00,32.3
2025-06-12 07:37:00,50.1110094970102
2025-06-12 16:17:00,16.4
2025-06-12 11:11:00,68.0
2025-06-12 13:36:00,58.4
2025-06-12 22:42:00,92.1
2025-06-12 02:16:00,1.6
2025-06-12 09:53:00,80.8
2025-06-12 09:29:00,27.4
2025-06-12 21:54:00,99.2
2025-06-12 08:02:00,93.1
2025-06-12 01:53:00,94.2
2025-06-12 04:57:00,50.1110094970102
2025-06-12 14:47:00,50.1110094970102
2025-06-12 03:47:00,25.6
2025-06-12 10:31:00,87.9
2025-06-12 08:23:00,50.1110094970102
2025-06-12 21:32:00,47.1
2025-06-12 06:53:00,35.8
2025-06-12 08:58:00,40.1
2025-06-12 03:44:00,50.1110094970102
2025-06-12 23:22:00,41.0
2025-06-12 00:38:00,21.1
2025-06-12 20:53:00,99.1
2025-06-12 05:31:00,50.1110094970102
2025-06-12 04:04:00,34.8
2025-06-12 12:30:00,61.3
2025-06-12 08:53:00,35.0
2025-06-12 12:54:00,78.8
2025-06-12 12:06:00,18.2
2025-06-12 10:09:00,94.1
2025-06-12 16:31:00,12.2
2025-06-12 18:42:00,50.1110094970102
2025-06-12 01:47:00,50.1110094970102
2025-06-12 03:49:00,58.0
2025-06-12 19:31:00,59.0
2025-06-12 15:03:00,52.4
2025-06-12 20:19:00,86.4
2025-06-12 18:16:00,15.5
2025-06-12 12:29:00,4.5
2025-06-12 13:06:00,35.3
2025-06-12 23:02:00,50.1110094970102
2025-06-12 19:48:00,81.9
2025-06-12 14:39:00,92.1
2025-06-12 00:37:00,41.0
2025-06-12 00:40:00,41.6
2025-06-12 16:30:00,33.7
2025-06-12 06:06:00,50.1110094970102
2025-06-12 16:07:00,37.1
2025-06-12 15:55:00,21.8
2025-06-12 01:40:00,60.2
2025-06-12 18:41:00,74.0
2025-06-12 14:30:00,30.1
2025-06-12 12:43:00,50.1110094970102
2025-06-12 09:57:00,24.0
2025-06-12 11:00:00,26.0
2025-06-12 11:12:00,50.1110094970102
2025-06-12 02:37:00,78.5
2025-06-12 08:51:00,23.8
2025-06-12 14:35:00,93.8
2025-06-12 12:24:00,75.4
2025-06-12 06:34:00,62.4
2025-06-12 14:09:00,79.6
2025-06-12 23:13:00,50.1110094970102
2025-06-12 12:49:00,61.8
2025-06-12 13:04:00,85.7
2025-06-12 23:59:00,31.5
2025-06-12 00:11:00,95.6
2025-06-12 01:39:00,17.6
2025-06-12 01:10:00,14.7
2025-06-12 10:59:00,50.1110094970102
2025-06-12 09:08:00,74.0
2025-06-12 10:00:00,10.8
2025-06-12 10:14:00,17.9
2025-06-12 04:32:00,27.9
2025-06-12 09:02:00,81.6
2025-06-12 14:32:00,69.2
2025-06-12 08:59:00,60.8
2025-06-12 11:51:00,52.7
2025-06-12 09:41:00,76.2
2025-06-12 00:03:00,21.9
2025-06-12 05:02:00,11.0
2025-06-12 19:12:00,93.4
2025-06-12 14:04:00,50.1110094970102
2025-06-12 15:59:00,21.8
2025-06-12 09:24:00,84.0
2025-06-12 11:33:00,84.7
2025-06-12 03:46:00,62.5
2025-06-12 11:42:00,99.8
2025-06-12 00:13:00,13.4
2025-06-12 17:47:00,14.9
2025-06-12 11:52:00,29.7
2025-06-12 12:57:00,78.3
2025-06-12 15:18:00,94.4
2025-06-12 23:26:00,6.2
2025-06-12 07:08:00,90.3
2025-06-12 14:10:00,93.0
2025-06-12 13:55:00,31.4
2025-06-12 17:46:00,15.6
2025-06-12 11:39:00,50.1110094970102
2025-06-12 02:20:00,3.3
2025-06-12 02:31:00,81.9
2025-06-12 21:11:00,36.5
2025-06-12 07:43:00,69.8
2025-06-12 12:05:00,44.1
2025-06-12 15:21:00,15.8
2025-06-12 23:09:00,7.3
2025-06-12 12:19:00,77.2
2025-06-12 21:56:00,59.1
2025-06-12 14:06:00,88.3
2025-06-12 02:39:00,0.4
2025-06-12 08:07:00,77.3
2025-06-12 01:31:00,50.1110094970102
2025-06-12 00:56:00,35.7
2025-06-12 09:17:00,50.1110094970102
2025-06-12 08:20:00,70.5
2025-06-12 18:28:00,40.9
2025-06-12 11:48:00,21.3
2025-06-12 23:37:00,35.1
2025-06-12 20:36:00,1.8
2025-06-12 14:52:00,50.1110094970102
2025-06-12 20:46:00,61.0
2025-06-12 09:03:00,68.8
2025-06-12 12:01:00,54.3
2025-06-12 01:43:00,38.1
2025-06-12 06:30:00,58.9
2025-06-12 00:29:00,50.1110094970102
2025-06-12 09:28:00,83.0
2025-06-12 07:42:00,50.1110094970102
2025-06-12 23:11:00,41.1
2025-06-12 23:39:00,77.4
2025-06-12 12:58:00,76.5
2025-06-12 01:28:00,63.3
2025-06-12 23:29:00,50.1110094970102
2025-06-12 23:15:00,74.0
2025-06-12 11:53:00,31.4
2025-06-12 02:01:00,10.2
2025-06-12 04:13:00,69.4
2025-06-12 01:27:00,73.9
2025-06-12 03:29:00,50.4
2025-06-12 21:04:00,25.0
2025-06-12 22:20:00,14.8
2025-06-12 08:41:00,66.5
2025-06-12 05:51:00,94.7
2025-06-12 05:28:00,40.7
2025-06-12 12:03:00,47.4
2025-06-12 12:08:00,21.9
2025-06-12 18:18:00,93.8
2025-06-12 21:46:00,74.8
2025-06-12 13:54:00,22.4
2025-06-12 15:56:00,25.8
2025-06-12 06:43:00,50.1110094970102
2025-06-12 10:19:00,40.9
2025-06-12 21:26:00,38.4
2025-06-12 15:49:00,50.1110094970102
2025-06-12 03:42:00,70.7
2025-06-12 11:13:00,21.1
2025-06-12 16:45:00,39.4
2025-06-12 14:38:00,70.1
2025-06-12 15:34:00,62.8
2025-06-12 10:21:00,49.3
2025-06-12 07:24:00,48.1
2025-06-12 23:40:00,62.2
2025-06-12 08:18:00,67.8
2025-06-12 08:43:00,4.5
2025-06-12 03:05:00,45.3
2025-06-12 00:44:00,7.6
2025-06-12 03:37:00,42.2
2025-06-12 22:26:00,97.4
2025-06-12 10:18:00,66.8
2025-06-12 22:13:00,27.9
2025-06-12 23:28:00,28.0
2025-06-12 04:56:00,19.1
2025-06-12 16:21:00,14.5
2025-06-12 23:36:00,50.1110094970102
2025-06-12 16:06:00,40.5
2025-06-12 08:19:00,24.5
2025-06-12 02:21:00,0.4
2025-06-12 10:10:00,94.4
2025-06-12 23:53:00,29.2
2025-06-12 18:20:00,61.5
2025-06-12 12:48:00,79.4
2025-06-12 15:12:00,50.1110094970102
2025-06-12 21:42:00,15.8
2025-06-12 03:32:00,97.4
2025-06-12 00:23:00,72.6
2025-06-12 13:12:00,4.7
2025-06-12 06:12:00,11.5
2025-06-12 03:31:00,86.8
2025-06-12 11:15:00,94.7
2025-06-12 09:23:00,81.0
2025-06-12 10:38:00,69.1
2025-06-12 11:46:00,50.1110094970102
2025-06-12 10:13:00,73.9
2025-06-12 05:50:00,17.4
2025-06-12 14:57:00,50.1110094970102
2025-06-12 14:36:00,16.7
2025-06-12 17:58:00,46.3
2025-06-12 09:11:00,50.1110094970102
2025-06-12 12:20:00,17.7
2025-06-12 09:22:00,26.2
2025-06-12 14:50:00,42.8
2025-06-12 04:54:00,38.5
2025-06-12 14:58:00,37.0
2025-06-12 16:47:00,69.4
2025-06-12 17:02:00,50.1110094970102
2025-06-12 20:00:00,47.9
2025-06-12 13:38:00,50.1110094970102
2025-06-12 14:28:00,71.0
2025-06-12 02:47:00,40.6
2025-06-12 16:34:00,6.7
2025-06-12 19:07:00,50.1110094970102
2025-06-12 23:03:00,12.0
2025-06-12 08:08:00,18.6
2025-06-12 11:59:00,86.4
2025-06-12 16:20:00,81.3
2025-06-12 17:34:00,50.1110094970102
2025-06-12 10:08:00,48.0
2025-06-12 00:21:00,97.4
2025-06-12 06:25:00,13.2
2025-06-12 19:24:00,71.0
2025-06-12 13:44:00,28.2
2025-06-12 04:48:00,64.7
2025-06-12 22:47:00,49.0
2025-06-12 16:32:00,50.1110094970102
2025-06-12 02:18:00,32.5
2025-06-12 16:22:00,40.8
2025-06-12 18:47:00,19.2
2025-06-12 12:25:00,50.1110094970102
2025-06-12 03:56:00,2.5
2025-06-12 06:39:00,50.1110094970102
2025-06-12 21:12:00,89.1
2025-06-12 14:59:00,46.9
2025-06-12 04:12:00,50.1110094970102
2025-06-12 09:37:00,51.2
2025-06-12 20:49:00,40.7
2025-06-12 05:10:00,47.5
2025-06-12 21:51:00,50.1110094970102
2025-06-12 22:58:00,20.8
2025-06-12 23:00:00,50.0
2025-06-12 01:41:00,51.8
2025-06-12 17:26:00,99.8
2025-06-12 15:17:00,1.1
2025-06-12 09:39:00,41.8
2025-06-12 10:50:00,36.2
2025-06-12 16:44:00,87.4
2025-06-12 18:01:00,82.9
2025-06-12 05:33:00,34.5
2025-06-12 02:53:00,99.5
2025-06-12 17:40:00,7.6
2025-06-12 16:58:00,61.5
2025-06-12 06:40:00,50.1110094970102
2025-06-12 05:59:00,12.2
2025-06-12 00:53:00,88.9
2025-06-12 02:33:00,64.0
2025-06-12 01:19:00,0.9
2025-06-12 20:21:00,97.0
2025-06-12 15:40:00,55.7
2025-06-12 11:50:00,50.1110094970102
2025-06-12 02:59:00,86.5
2025-06-12 11:58:00,65.1
2025-06-12 12:41:00,50.1110094970102
2025-06-12 20:51:00,19.6
2025-06-12 01:49:00,36.8
2025-06-12 16:10:00,7.8
2025-06-12 20:55:00,37.4
2025-06-12 01:52:00,4.5
2025-06-12 18:31:00,50.1110094970102
2025-06-12 15:45:00,50.1110094970102
2025-06-12 01:37:00,50.1110094970102
2025-06-12 19:41:00,10.2
2025-06-12 06:07:00,47.1
2025-06-12 01:02:00,69.4
2025-06-12 01:46:00,16.4
2025-06-12 00:27:00,18.4
2025-06-12 04:11:00,9.7
2025-06-12 05:18:00,31.3
2025-06-12 05:26:00,94.9
2025-06-12 22:34:00,50.1110094970102
2025-06-12 07:19:00,50.1110094970102
2025-06-12 17:23:00,20.6
2025-06-12 17:10:00,11.9
2025-06-12 17:10:00,37.4
2025-06-12 08:43:00,6.5
2025-06-12 16:45:00,4.8
2025-06-12 04:00:00,9.4
2025-06-12 16:44:00,12.5
2025-06-12 00:56:00,32.0
2025-06-12 12:35:00,64.1
2025-06-12 20:15:00,87.9
2025-06-12 16:48:00,38.2
2025-06-12 20:16:00,27.5
2025-06-12 21:46:00,50.26990393626991
2025-06-12 16:14:00,28.0
2025-06-12 14:38:00,50.26990393626991
2025-06-12 23:20:00,83.9
2025-06-12 10:55:00,50.26990393626991
2025-06-12 16:42:00,59.8
2025-06-12 17:20:00,40.5
2025-06-12 10:11:00,6.6
2025-06-12 21:07:00,0.1
2025-06-12 08:32:00,29.0
2025-06-12 22:31:00,76.5
2025-06-12 14:44:00,51.3
2025-06-12 05:01:00,50.26990393626991
2025-06-12 03:38:00,50.26990393626991
2025-06-12 17:44:00,50.26990393626991
2025-06-12 05:23:00,65.1
2025-06-12 01:04:00,72.9
2025-06-12 11:54:00,29.2
2025-06-12 05:59:00,71.5
2025-06-12 22:59:00,10.8
2025-06-12 02:00:00,60.8
2025-06-12 14:06:00,11.1
2025-06-12 00:54:00,50.26990393626991
2025-06-12 20:54:00,16.6
2025-06-12 09:32:00,35.5
2025-06-12 13:03:00,30.5
2025-06-12 22:34:00,22.3
2025-06-12 00:38:00,24.8
2025-06-12 06:27:00,9.5
2025-06-12 02:54:00,50.26990393626991
2025-06-12 03:22:00,24.2
2025-06-12 01:47:00,69.0
2025-06-12 06:12:00,25.1
2025-06-12 05:45:00,50.26990393626991
2025-06-12 14:42:00,95.5
2025-06-12 22:11:00,46.3
2025-06-12 16:38:00,10.6
2025-06-12 20:24:00,66.0
2025-06-12 13:35:00,1.7
2025-06-12 11:41:00,30.1
2025-06-12 09:51:00,19.9
2025-06-12 17:05:00,6.4
2025-06-12 01:55:00,32.4
2025-06-12 00:55:00,49.6
2025-06-12 08:35:00,1.4
2025-06-12 12:12:00,68.0
2025-06-12 00:36:00,79.9
2025-06-12 20:43:00,23.5
2025-06-12 10:30:00,29.9
2025-06-12 06:54:00,21.0
2025-06-12 02:33:00,80.0
2025-06-12 20:31:00,21.0
2025-06-12 09:55:00,83.0
2025-06-12 12:10:00,73.8
2025-06-12 04:49:00,50.26990393626991
2025-06-12 20:02:00,25.7
2025-06-12 22:04:00,50.26990393626991
2025-06-12 12:38:00,18.0
2025-06-12 12:53:00,98.0
2025-06-12 07:12:00,96.1
2025-06-12 17:47:00,7.9
2025-06-12 23:04:00,49.0
2025-06-12 07:00:00,57.5
2025-06-12 01:36:00,68.2
2025-06-12 09:43:00,50.26990393626991
2025-06-12 08:45:00,50.26990393626991
2025-06-12 11:11:00,72.2
2025-06-12 06:44:00,22.4
2025-06-12 12:28:00,92.9
2025-06-12 00:08:00,20.0
2025-06-12 20:11:00,16.6
2025-06-12 17:45:00,88.5
2025-06-12 11:21:00,52.1
2025-06-12 09:18:00,8.0
2025-06-12 16:55:00,63.9
2025-06-12 04:41:00,2.8
2025-06-12 03:07:00,50.26990393626991
2025-06-12 18:10:00,7.4
2025-06-12 09:04:00,21.1
2025-06-12 19:56:00,70.5
2025-06-12 06:46:00,85.2
2025-06-12 10:34:00,50.26990393626991
2025-06-12 03:26:00,63.0
2025-06-12 15:24:00,62.0
2025-06-12 21:16:00,96.9
2025-06-12 17:41:00,96.7
2025-06-12 21:45:00,73.8
2025-06-12 22:25:00,33.4
2025-06-12 14:29:00,82.9
2025-06-12 21:11:00,8.5
2025-06-12 10:48:00,57.1
2025-06-12 12:15:00,95.4
2025-06-12 21:27:00,50.26990393626991
2025-06-12 15:02:00,5.8
2025-06-12 04:19:00,18.8
2025-06-12 08:41:00,98.6
2025-06-12 11:53:00,27.6
2025-06-12 11:50:00,94.7
2025-06-12 08:09:00,82.6
2025-06-12 00:53:00,21.7
2025-06-12 18:22:00,78.2
2025-06-12 21:13:00,50.26990393626991
2025-06-12 00:30:00,50.26990393626991
2025-06-12 06:53:00,65.3
2025-06-12 00:32:00,65.5
2025-06-12 13:09:00,69.8
2025-06-12 10:03:00,62.0
2025-06-12 05:32:00,41.5
2025-06-12 15:28:00,50.6
2025-06-12 14:37:00,13.2
2025-06-12 06:22:00,61.8
2025-06-12 08:10:00,49.3
2025-06-12 14:49:00,49.0
2025-06-12 05:28:00,50.26990393626991
2025-06-12 14:21:00,23.4
2025-06-12 11:17:00,65.2
2025-06-12 04:15:00,8.4
2025-06-12 10:57:00,6.0
2025-06-12 12:22:00,18.7
2025-06-12 19:36:00,87.1
2025-06-12 08:53:00,38.7
2025-06-12 10:25:00,35.6
2025-06-12 05:08:00,89.0
2025-06-12 16:58:00,16.8
2025-06-12 00:39:00,8.9
2025-06-12 02:35:00,94.7
2025-06-12 11:25:00,36.9
2025-06-12 09:03:00,50.26990393626991
2025-06-12 14:25:00,60.2
2025-06-12 11:56:00,38.8
2025-06-12 14:10:00,14.8
2025-06-12 16:09:00,21.2
2025-06-12 11:38:00,22.7
2025-06-12 01:18:00,35.9
2025-06-12 01:10:00,16.0
2025-06-12 01:44:00,52.5
2025-06-12 23:58:00,76.5
2025-06-12 02:03:00,44.2
2025-06-12 22:52:00,86.3
2025-06-12 02:21:00,32.3
2025-06-12 08:13:00,93.0
2025-06-12 12:49:00,50.26990393626991
2025-06-12 11:12:00,53.5
2025-06-12 22:56:00,11.7
2025-06-12 16:49:00,54.2
2025-06-12 17:33:00,50.26990393626991
2025-06-12 00:04:00,18.9
2025-06-12 10:15:00,20.2
2025-06-12 03:44:00,52.0
2025-06-12 01:52:00,5.1
2025-06-12 18:11:00,46.8
2025-06-12 13:17:00,14.4
2025-06-12 20:40:00,15.8
2025-06-12 14:41:00,66.5
2025-06-12 06:10:00,80.1
2025-06-12 02:44:00,20.3
2025-06-12 05:16:00,50.26990393626991
2025-06-12 20:35:00,90.6
2025-06-12 13:00:00,49.2
2025-06-12 10:58:00,10.8
2025-06-12 10:52:00,88.6
2025-06-12 13:14:00,98.4
2025-06-12 14:00:00,18.1
2025-06-12 18:32:00,24.4
2025-06-12 20:49:00,3.7
2025-06-12 18:49:00,62.9
2025-06-12 01:45:00,67.8
2025-06-12 01:30:00,17.4
2025-06-12 03:50:00,30.0
2025-06-12 16:05:00,28.2
2025-06-12 08:31:00,60.1
2025-06-12 10:16:00,50.26990393626991
2025-06-12 19:53:00,81.2
2025-06-12 16:00:00,38.6
2025-06-12 16:27:00,71.3
2025-06-12 05:30:00,50.26990393626991
2025-06-12 05:38:00,99.0
2025-06-12 02:05:00,56.6
2025-06-12 08:07:00,26.2
2025-06-12 10:18:00,99.2
2025-06-12 04:09:00,67.8
2025-06-12 05:54:00,50.26990393626991
2025-06-12 13:11:00,18.2
2025-06-12 17:30:00,18.6
2025-06-12 02:42:00,59.7
2025-06-12 02:49:00,68.4
2025-06-12 00:03:00,50.26990393626991
2025-06-12 13:54:00,89.3
2025-06-12 10:36:00,78.2
2025-06-12 07:08:00,50.26990393626991
2025-06-12 20:58:00,52.0
2025-06-12 06:42:00,20.8
2025-06-12 15:54:00,33.9
2025-06-12 15:19:00,4.0
2025-06-12 15:22:00,84.1
2025-06-12 08:16:00,4.0
2025-06-12 01:38:00,10.6
2025-06-12 08:12:00,81.7
2025-06-12 02:09:00,85.4
2025-06-12 04:35:00,57.2
2025-06-12 05:00:00,50.26990393626991
2025-06-12 22:12:00,99.1
2025-06-12 22:16:00,50.7
2025-06-12 20:23:00,40.2
2025-06-12 01:07:00,89.0
2025-06-12 05:09:00,42.9
2025-06-12 11:01:00,81.9
2025-06-12 09:42:00,42.0
2025-06-12 01:42:00,90.0
2025-06-12 01:26:00,61.9
2025-06-12 11:52:00,82.0
2025-06-12 15:23:00,79.2
2025-06-12 03:37:00,26.6
2025-06-12 01:24:00,15.9
2025-06-12 13:41:00,76.2
2025-06-12 08:56:00,54.0
2025-06-12 12:55:00,25.8
2025-06-12 08:57:00,50.26990393626991
2025-06-12 05:12:00,92.2
2025-06-12 05:53:00,60.1
2025-06-12 05:03:00,78.5
2025-06-12 16:20:00,52.5
2025-06-12 05:42:00,24.5
2025-06-12 01:27:00,37.7
2025-06-12 00:44:00,30.6
2025-06-12 00:59:00,39.8
2025-06-12 06:41:00,14.9
2025-06-12 18:02:00,69.1
2025-06-12 15:27:00,26.1
2025-06-12 06:15:00,50.26990393626991
2025-06-12 18:15:00,26.4
2025-06-12 05:31:00,50.26990393626991
2025-06-12 08:24:00,50.26990393626991
2025-06-12 19:20:00,50.26990393626991
2025-06-12 07:31:00,27.2
2025-06-12 15:31:00,0.3
2025-06-12 02:15:00,55.2
2025-06-12 13:48:00,49.2
2025-06-12 17:52:00,50.26990393626991
2025-06-12 03:09:00,24.0
2025-06-12 14:18:00,77.4
2025-06-12 06:20:00,11.8
2025-06-12 14:51:00,7.8
2025-06-12 19:24:00,7.7
2025-06-12 19:55:00,32.8
2025-06-12 05:44:00,92.5
2025-06-12 20:50:00,82.6
2025-06-12 12:54:00,32.7
2025-06-12 22:46:00,95.7
2025-06-12 00:49:00,66.8
2025-06-12 01:00:00,86.1
2025-06-12 08:34:00,49.3
2025-06-12 06:08:00,28.4
2025-06-12 05:46:00,79.4
2025-06-12 12:31:00,50.26990393626991
2025-06-12 22:03:00,11.7
2025-06-12 00:42:00,87.9
2025-06-12 03:01:00,50.26990393626991
2025-06-12 17:14:00,62.3
2025-06-12 19:15:00,50.26990393626991
2025-06-12 14:15:00,63.7
2025-06-12 10:39:00,55.0
2025-06-12 11:42:00,67.6
2025-06-12 23:18:00,66.7
2025-06-12 17:32:00,19.6
2025-06-12 12:59:00,10.3
2025-06-12 17:06:00,27.6
2025-06-12 07:25:00,50.26990393626991
2025-06-12 19:14:00,78.4
2025-06-12 02:18:00,67.7
2025-06-12 21:17:00,86.3
2025-06-12 18:36:00,8.5
2025-06-12 12:05:00,36.6
2025-06-12 00:45:00,65.0
2025-06-12 20:51:00,77.0
2025-06-12 04:40:00,50.26990393626991
2025-06-12 20:47:00,31.0
2025-06-12 22:37:00,19.2
2025-06-12 20:07:00,50.9
2025-06-12 06:35:00,49.3
2025-06-12 10:29:00,90.6
2025-06-12 05:40:00,10.3
2025-06-12 12:20:00,50.26990393626991
2025-06-12 00:26:00,2.5
2025-06-12 14:59:00,18.1
2025-06-12 18:52:00,85.8
2025-06-12 22:39:00,50.26990393626991
2025-06-12 15:33:00,95.3
2025-06-12 03:17:00,61.2
2025-06-12 22:40:00,50.26990393626991
2025-06-12 06:09:00,88.8
2025-06-12 13:32:00,50.26990393626991
2025-06-12 02:32:00,4.7
2025-06-12 00:43:00,77.7
2025-06-12 00:16:00,95.3
2025-06-12 07:44:00,76.1
2025-06-12 21:48:00,49.485271956675305
2025-06-12 05:32:00,49.485271956675305
2025-06-12 13:34:00,83.5
2025-06-12 21:24:00,67.7
2025-06-12 23:50:00,30.6
2025-06-12 09:14:00,93.6
2025-06-12 08:02:00,36.6
2025-06-12 18:22:00,49.485271956675305
2025-06-12 22:45:00,5.1
2025-06-12 05:18:00,36.9
2025-06-12 20:29:00,9.4
2025-06-12 18:56:00,30.1
2025-06-12 12:56:00,51.8
2025-06-12 12:52:00,30.6
2025-06-12 16:59:00,18.2
2025-06-12 02:14:00,62.2
2025-06-12 15:40:00,88.1
2025-06-12 20:30:00,23.1
2025-06-12 17:36:00,90.3
2025-06-12 05:56:00,69.1
2025-06-12 11:13:00,10.5
2025-06-12 01:58:00,55.8
2025-06-12 19:29:00,18.6
2025-06-12 22:47:00,25.4
2025-06-12 07:46:00,73.1
2025-06-12 14:07:00,1.5
2025-06-12 12:11:00,49.485271956675305
2025-06-12 18:08:00,21.7
2025-06-12 21:39:00,27.6
2025-06-12 00:06:00,80.5
2025-06-12 00:26:00,49.485271956675305
2025-06-12 19:17:00,34.3
2025-06-12 04:09:00,66.2
2025-06-12 08:10:00,90.5
2025-06-12 08:19:00,56.1
2025-06-12 08:08:00,49.485271956675305
2025-06-12 17:48:00,73.0
2025-06-12 03:26:00,49.485271956675305
2025-06-12 09:40:00,28.7
2025-06-12 11:57:00,20.7
2025-06-12 10:51:00,45.9
2025-06-12 09:05:00,16.7
2025-06-12 16:37:00,80.1
2025-06-12 04:46:00,49.485271956675305
2025-06-12 03:48:00,43.8
2025-06-12 07:34:00,93.0
2025-06-12 01:53:00,49.485271956675305
2025-06-12 15:26:00,13.3
2025-06-12 01:12:00,47.5
2025-06-12 15:36:00,49.485271956675305
2025-06-12 08:34:00,99.4
2025-06-12 17:14:00,26.4
2025-06-12 01:32:00,15.9
2025-06-12 00:08:00,72.4
2025-06-12 14:56:00,31.7
2025-06-12 03:24:00,90.9
2025-06-12 03:33:00,49.485271956675305
2025-06-12 21:28:00,63.3
2025-06-12 15:15:00,3.2
2025-06-12 16:23:00,17.5
2025-06-12 08:09:00,49.485271956675305
2025-06-12 20:58:00,73.3
2025-06-12 08:00:00,49.485271956675305
2025-06-12 22:15:00,79.3
2025-06-12 09:12:00,41.5
2025-06-12 18:44:00,49.485271956675305
2025-06-12 05:27:00,32.3
2025-06-12 13:01:00,49.9
2025-06-12 13:19:00,49.485271956675305
2025-06-12 01:04:00,68.7
2025-06-12 08:53:00,81.1
2025-06-12 19:06:00,50.7
2025-06-12 01:23:00,10.6
2025-06-12 12:10:00,70.7
2025-06-12 16:54:00,8.6
2025-06-12 16:21:00,20.3
2025-06-12 16:16:00,88.4
2025-06-12 21:12:00,87.1
2025-06-12 06:56:00,93.2
2025-06-12 21:26:00,97.8
2025-06-12 00:45:00,69.6
2025-06-12 11:52:00,69.2
2025-06-12 17:03:00,46.6
2025-06-12 06:21:00,39.4
2025-06-12 18:21:00,25.0
2025-06-12 05:36:00,49.485271956675305
2025-06-12 09:39:00,5.9
2025-06-12 16:08:00,63.5
2025-06-12 00:32:00,65.7
2025-06-12 17:58:00,49.485271956675305
2025-06-12 21:03:00,89.5
2025-06-12 04:15:00,12.2
2025-06-12 09:50:00,45.6
2025-06-12 10:13:00,9.4
2025-06-12 19:10:00,76.5
2025-06-12 16:33:00,28.5
2025-06-12 23:13:00,28.1
2025-06-12 20:24:00,49.485271956675305
2025-06-12 01:56:00,39.1
2025-06-12 20:45:00,49.485271956675305
2025-06-12 02:02:00,17.0
2025-06-12 12:04:00,11.8
2025-06-12 02:49:00,54.2
2025-06-12 02:53:00,49.485271956675305
2025-06-12 00:23:00,64.5
2025-06-12 07:30:00,49.485271956675305
2025-06-12 10:17:00,82.5
2025-06-12 10:12:00,77.5
2025-06-12 08:55:00,5.5
2025-06-12 02:57:00,84.2
2025-06-12 15:55:00,49.485271956675305
2025-06-12 13:08:00,48.8
2025-06-12 07:28:00,18.3
2025-06-12 13:54:00,59.5
2025-06-12 11:18:00,49.485271956675305
2025-06-12 12:54:00,49.485271956675305
2025-06-12 07:08:00,60.0
2025-06-12 10:53:00,15.7
2025-06-12 16:47:00,17.8
2025-06-12 14:42:00,49.485271956675305
2025-06-12 20:46:00,5.8
2025-06-12 01:29:00,54.4
2025-06-12 03:11:00,85.1
2025-06-12 17:49:00,7.0
2025-06-12 18:58:00,50.2
2025-06-12 18:23:00,40.1
2025-06-12 05:48:00,19.9
2025-06-12 05:47:00,49.485271956675305
2025-06-12 04:19:00,25.8
2025-06-12 22:01:00,71.4
2025-06-12 12:19:00,98.3
2025-06-12 14:57:00,37.4
2025-06-12 01:38:00,9.0
2025-06-12 16:41:00,78.5
2025-06-12 19:41:00,75.3
2025-06-12 06:17:00,59.8
2025-06-12 01:41:00,49.485271956675305
2025-06-12 00:12:00,74.1
2025-06-12 06:35:00,18.5
2025-06-12 09:52:00,48.6
2025-06-12 10:39:00,52.2
2025-06-12 23:33:00,52.6
2025-06-12 00:22:00,20.7
2025-06-12 03:52:00,36.8
2025-06-12 10:37:00,6.6
2025-06-12 06:59:00,49.485271956675305
2025-06-12 23:01:00,69.4
2025-06-12 00:50:00,9.4
2025-06-12 09:51:00,11.9
2025-06-12 16:40:00,88.4
2025-06-12 06:48:00,72.8
2025-06-12 16:45:00,88.2
2025-06-12 13:29:00,37.6
2025-06-12 09:00:00,74.5
2025-06-12 13:30:00,72.0
2025-06-12 17:53:00,42.2
2025-06-12 10:05:00,67.8
2025-06-12 19:16:00,2.9
2025-06-12 07:39:00,24.3
2025-06-12 08:59:00,49.485271956675305
2025-06-12 08:45:00,78.0
2025-06-12 06:11:00,96.7
2025-06-12 01:15:00,89.5
2025-06-12 01:50:00,3.3
2025-06-12 17:00:00,27.6
2025-06-12 18:33:00,49.485271956675305
2025-06-12 20:41:00,99.1
2025-06-12 09:17:00,78.4
2025-06-12 13:35:00,49.485271956675305
2025-06-12 23:16:00,39.5
2025-06-12 06:33:00,49.485271956675305
2025-06-12 22:05:00,93.8
2025-06-12 09:30:00,76.7
2025-06-12 05:39:00,42.1
2025-06-12 09:26:00,37.4
2025-06-12 06:00:00,81.7
2025-06-12 04:14:00,49.485271956675305
2025-06-12 17:13:00,74.7
2025-06-12 12:40:00,22.1
2025-06-12 14:22:00,99.0
2025-06-12 13:10:00,78.2
2025-06-12 18:16:00,55.3
2025-06-12 08:17:00,49.485271956675305
2025-06-12 19:53:00,49.485271956675305
2025-06-12 09:09:00,56.8
2025-06-12 15:13:00,77.9
2025-06-12 06:40:00,43.2
2025-06-12 20:14:00,98.5
2025-06-12 06:55:00,32.5
2025-06-12 06:47:00,70.6
2025-06-12 16:44:00,75.9
2025-06-12 11:48:00,49.4
2025-06-12 03:53:00,49.485271956675305
2025-06-12 12:24:00,21.3
2025-06-12 21:14:00,96.2
2025-06-12 05:37:00,17.7
2025-06-12 17:54:00,67.3
2025-06-12 03:28:00,42.6
2025-06-12 04:55:00,46.9
2025-06-12 09:53:00,75.6
2025-06-12 21:19:00,26.8
2025-06-12 13:56:00,67.8
2025-06-12 17:10:00,52.0
2025-06-12 19:13:00,49.485271956675305
2025-06-12 13:55:00,92.4
2025-06-12 01:47:00,0.7
2025-06-12 20:00:00,23.6
2025-06-12 23:02:00,42.7
2025-06-12 15:41:00,70.8
2025-06-12 15:37:00,54.4
2025-06-12 20:54:00,97.3
2025-06-12 12:30:00,10.7
2025-06-12 19:39:00,31.0
2025-06-12 13:51:00,91.3
2025-06-12 04:58:00,17.9
2025-06-12 21:25:00,46.8
2025-06-12 13:31:00,42.6
2025-06-12 06:12:00,39.7
2025-06-12 20:06:00,78.1
2025-06-12 13:27:00,7.5
2025-06-12 12:29:00,95.8
2025-06-12 00:13:00,98.1
2025-06-12 10:34:00,49.485271956675305
2025-06-12 01:44:00,60.7
2025-06-12 18:11:00,42.0
2025-06-12 04:17:00,79.6
2025-06-12 15:25:00,58.2
2025-06-12 13:46:00,90.4
2025-06-12 15:18:00,48.2
2025-06-12 07:38:00,45.7
2025-06-12 16:32:00,76.6
2025-06-12 07:21:00,60.3
2025-06-12 11:01:00,18.5
2025-06-12 03:51:00,79.6
2025-06-12 08:49:00,49.485271956675305
2025-06-12 20:26:00,26.2
2025-06-12 07:59:00,44.9
2025-06-12 22:38:00,18.5
2025-06-12 00:39:00,94.9
2025-06-12 15:45:00,54.4
2025-06-12 08:25:00,93.2
2025-06-12 14:11:00,49.485271956675305
2025-06-12 16:24:00,72.1
2025-06-12 07:09:00,25.3
2025-06-12 17:56:00,34.2
2025-06-12 21:06:00,64.4
2025-06-12 17:21:00,9.2
2025-06-12 19:00:00,36.5
2025-06-12 06:05:00,20.6
2025-06-12 15:43:00,38.4
2025-06-12 11:00:00,49.485271956675305
2025-06-12 19:21:00,93.3
2025-06-12 10:29:00,65.7
2025-06-12 18:48:00,41.5
2025-06-12 07:52:00,43.7
2025-06-12 15:33:00,79.2
2025-06-12 02:47:00,49.485271956675305
2025-06-12 09:27:00,41.9
2025-06-12 17:22:00,50.0997191011236
2025-06-12 21:32:00,50.0997191011236
2025-06-12 12:09:00,63.8
2025-06-12 12:04:00,25.5
2025-06-12 11:07:00,24.7
2025-06-12 19:42:00,27.5
2025-06-12 00:08:00,89.7
2025-06-12 17:10:00,90.7
2025-06-12 09:47:00,60.0
2025-06-12 00:09:00,80.8
2025-06-12 06:55:00,50.4
2025-06-12 07:55:00,34.7
2025-06-12 21:31:00,7.5
2025-06-12 02:25:00,94.5
2025-06-12 02:07:00,5.2
2025-06-12 17:39:00,44.9
2025-06-12 11:27:00,50.0997191011236
2025-06-12 23:38:00,89.1
2025-06-12 09:05:00,55.8
2025-06-12 03:56:00,50.0997191011236
2025-06-12 10:32:00,22.2
2025-06-12 06:58:00,3.9
2025-06-12 12:46:00,18.8
2025-06-12 11:47:00,50.0997191011236
2025-06-12 10:28:00,7.2
2025-06-12 13:36:00,32.9
2025-06-12 13:05:00,10.2
2025-06-12 02:49:00,42.4
2025-06-12 06:15:00,50.0997191011236
2025-06-12 16:26:00,26.2
2025-06-12 07:29:00,55.7
2025-06-12 10:48:00,74.3
2025-06-12 20:39:00,30.8
2025-06-12 06:04:00,57.7
2025-06-12 02:02:00,55.9
2025-06-12 12:57:00,80.8
2025-06-12 16:31:00,50.0997191011236
2025-06-12 14:00:00,50.0997191011236
2025-06-12 19:36:00,80.3
2025-06-12 22:14:00,19.6
2025-06-12 01:13:00,3.4
2025-06-12 09:16:00,88.1
2025-06-12 17:18:00,40.5
2025-06-12 03:11:00,50.0997191011236
2025-06-12 10:34:00,46.3
2025-06-12 17:21:00,50.0997191011236
2025-06-12 16:01:00,35.4
2025-06-12 14:35:00,96.9
2025-06-12 15:57:00,81.9
2025-06-12 00:03:00,79.4
2025-06-12 16:41:00,55.6
2025-06-12 21:06:00,13.6
2025-06-12 10:26:00,34.9
2025-06-12 19:58:00,50.0997191011236
2025-06-12 23:11:00,87.2
2025-06-12 18:19:00,47.8
2025-06-12 09:52:00,50.0997191011236
2025-06-12 20:01:00,12.5
2025-06-12 02:43:00,50.0997191011236
2025-06-12 22:26:00,67.2
2025-06-12 21:17:00,83.6
2025-06-12 13:14:00,50.0997191011236
2025-06-12 18:04:00,13.1
2025-06-12 15:36:00,96.4
2025-06-12 08:29:00,29.6
2025-06-12 15:02:00,9.8
2025-06-12 12:19:00,70.7
2025-06-12 17:55:00,44.9
2025-06-12 11:59:00,93.2
2025-06-12 15:29:00,47.0
2025-06-12 22:09:00,50.0997191011236
2025-06-12 01:18:00,50.9
2025-06-12 20:41:00,78.6
2025-06-12 19:10:00,96.7
2025-06-12 04:59:00,87.2
2025-06-12 01:11:00,5.6
2025-06-12 14:31:00,37.6
2025-06-12 09:19:00,49.0
2025-06-12 13:07:00,88.0
2025-06-12 12:22:00,8.8
2025-06-12 17:50:00,80.0
2025-06-12 04:51:00,50.0997191011236
2025-06-12 14:07:00,50.0997191011236
2025-06-12 10:05:00,42.5
2025-06-12 13:11:00,28.1
2025-06-12 21:23:00,93.0
2025-06-12 19:48:00,22.5
2025-06-12 15:30:00,49.3
2025-06-12 04:29:00,50.0997191011236
2025-06-12 20:23:00,50.0997191011236
2025-06-12 21:57:00,50.0997191011236
2025-06-12 18:41:00,5.0
2025-06-12 08:44:00,63.7
2025-06-12 14:23:00,89.7
2025-06-12 11:04:00,97.6
2025-06-12 08:15:00,1.7
2025-06-12 23:03:00,36.2
2025-06-12 19:52:00,50.0997191011236
2025-06-12 10:45:00,77.2
2025-06-12 15:59:00,42.7
2025-06-12 20:14:00,99.3
2025-06-12 11:17:00,50.0997191011236
2025-06-12 05:22:00,43.3
2025-06-12 00:02:00,42.4
2025-06-12 05:11:00,93.5
2025-06-12 16:59:00,22.2
2025-06-12 18:57:00,15.6
2025-06-12 11:28:00,56.9
2025-06-12 08:20:00,73.7
2025-06-12 08:52:00,27.4
2025-06-12 17:58:00,50.0997191011236
2025-06-12 20:06:00,15.4
2025-06-12 19:54:00,9.8
2025-06-12 02:16:00,50.0997191011236
2025-06-12 08:24:00,8.9
2025-06-12 23:30:00,81.8
2025-06-12 22:42:00,78.3
2025-06-12 15:20:00,50.0997191011236
2025-06-12 12:10:00,59.7
2025-06-12 01:03:00,9.1
2025-06-12 16:46:00,2.3
2025-06-12 11:42:00,50.0997191011236
2025-06-12 21:38:00,27.7
2025-06-12 15:06:00,0.6
2025-06-12 22:46:00,27.3
2025-06-12 20:52:00,58.2
2025-06-12 05:29:00,74.1
2025-06-12 04:28:00,50.0997191011236
2025-06-12 17:45:00,38.1
2025-06-12 02:01:00,22.4
2025-06-12 15:12:00,13.8
2025-06-12 11:22:00,3.9
2025-06-12 14:21:00,5.2
2025-06-12 04:32:00,75.3
2025-06-12 21:54:00,50.0997191011236
2025-06-12 04:13:00,27.7
2025-06-12 03:43:00,61.4
2025-06-12 20:37:00,81.4
2025-06-12 19:25:00,16.0
2025-06-12 15:55:00,85.7
2025-06-12 01:37:00,50.1
2025-06-12 16:52:00,58.1
2025-06-12 13:06:00,50.0997191011236
2025-06-12 03:26:00,99.9
2025-06-12 19:14:00,42.4
2025-06-12 22:25:00,50.0997191011236
2025-06-12 05:02:00,18.7
2025-06-12 09:02:00,17.6
2025-06-12 09:46:00,50.0997191011236
2025-06-12 05:49:00,14.7
2025-06-12 10:50:00,6.4
2025-06-12 19:31:00,21.7
2025-06-12 12:26:00,33.6
2025-06-12 13:37:00,36.1
2025-06-12 23:47:00,56.3
2025-06-12 15:44:00,49.3
2025-06-12 17:59:00,41.2
2025-06-12 16:32:00,26.2
2025-06-12 21:46:00,50.0997191011236
2025-06-12 14:15:00,7.0
2025-06-12 09:41:00,20.2
2025-06-12 15:53:00,6.4
2025-06-12 18:46:00,81.9
2025-06-12 20:10:00,50.0997191011236
2025-06-12 13:01:00,50.0997191011236
2025-06-12 18:13:00,74.9
2025-06-12 18:53:00,59.6
2025-06-12 11:13:00,26.2
2025-06-12 11:03:00,38.1
2025-06-12 12:17:00,88.5
2025-06-12 13:15:00,54.3
2025-06-12 00:24:00,26.6
2025-06-12 23:20:00,32.1
2025-06-12 13:31:00,94.6
2025-06-12 07:17:00,65.8
2025-06-12 07:08:00,0.3
2025-06-12 06:56:00,53.9
2025-06-12 04:48:00,50.0997191011236
2025-06-12 13:32:00,44.0
2025-06-12 22:03:00,97.9
2025-06-12 12:01:00,51.9
2025-06-12 20:36:00,80.6
2025-06-12 11:21:00,94.5
2025-06-12 17:00:00,50.0997191011236
2025-06-12 09:45:00,89.4
2025-06-12 01:19:00,50.0997191011236
2025-06-12 15:31:00,50.0997191011236
2025-06-12 12:24:00,52.1
2025-06-12 17:49:00,50.0997191011236
2025-06-12 01:46:00,62.0
2025-06-12 22:37:00,82.6
2025-06-12 17:35:00,50.0997191011236
2025-06-12 19:06:00,47.2
2025-06-12 01:45:00,95.3
2025-06-12 20:40:00,50.0997191011236
2025-06-12 14:44:00,99.1
2025-06-12 02:36:00,29.8
2025-06-12 17:04:00,78.5
2025-06-12 19:35:00,62.1
2025-06-12 20:35:00,26.4
2025-06-12 23:16:00,63.2
2025-06-12 03:20:00,21.1
2025-06-12 03:39:00,3.9
2025-06-12 14:36:00,50.0997191011236
2025-06-12 00:58:00,69.5
2025-06-12 18:10:00,51.3
2025-06-12 12:07:00,72.7
2025-06-12 04:25:00,46.4
2025-06-12 04:46:00,53.1
2025-06-12 10:04:00,64.1
2025-06-12 00:32:00,77.8
2025-06-12 14:34:00,34.1
2025-06-12 18:55:00,87.1
2025-06-12 23:25:00,50.0997191011236
2025-06-12 13:33:00,79.5
2025-06-12 16:21:00,77.5
2025-06-12 02:59:00,29.0
2025-06-12 22:34:00,97.1
2025-06-12 18:59:00,40.2
2025-06-12 06:19:00,93.0
2025-06-12 15:27:00,93.6
2025-06-12 20:56:00,18.1
2025-06-12 11:24:00,5.0
2025-06-12 18:45:00,27.0
2025-06-12 05:15:00,50.0997191011236
2025-06-12 09:20:00,65.0
2025-06-12 18:03:00,79.6
2025-06-12 14:30:00,8.3
2025-06-12 22:04:00,11.6
2025-06-12 12:49:00,84.3
2025-06-12 09:42:00,97.2
2025-06-12 20:38:00,76.3
2025-06-12 18:24:00,20.7
2025-06-12 09:57:00,22.1
2025-06-12 01:07:00,38.3
2025-06-12 16:13:00,13.0
2025-06-12 03:03:00,50.0997191011236
2025-06-12 00:15:00,58.7
2025-06-12 02:26:00,69.2
2025-06-12 02:50:00,92.3
2025-06-12 04:55:00,45.6
2025-06-12 10:14:00,11.5
2025-06-12 15:52:00,47.0
2025-06-12 07:46:00,50.0997191011236
2025-06-12 14:46:00,15.0
2025-06-12 04:07:00,19.2
2025-06-12 17:34:00,50.0997191011236
2025-06-12 05:57:00,50.0997191011236
2025-06-12 04:19:00,56.3
2025-06-12 04:53:00,60.2
2025-06-12 12:55:00,93.0
2025-06-12 06:00:00,51.1
2025-06-12 11:58:00,50.0997191011236
2025-06-12 19:12:00,77.9
2025-06-12 14:45:00,48.8
2025-06-12 21:21:00,9.8
2025-06-12 06:28:00,8.1
2025-06-12 07:54:00,52.1
2025-06-12 13:08:00,59.4
2025-06-12 20:43:00,50.0997191011236
2025-06-12 20:54:00,50.0997191011236
2025-06-12 18:31:00,42.4
2025-06-12 07:22:00,63.7
2025-06-12 01:02:00,76.4
2025-06-12 13:56:00,45.4
2025-06-12 08:04:00,64.6
2025-06-12 12:13:00,50.0997191011236
2025-06-12 19:08:00,25.7
2025-06-12 06:23:00,50.7
2025-06-12 22:01:00,50.0997191011236
2025-06-12 08:19:00,95.2
2025-06-12 11:32:00,80.1
2025-06-12 08:25:00,37.0
2025-06-12 10:21:00,83.0
2025-06-12 03:53:00,29.4
2025-06-12 02:13:00,97.6
2025-06-12 08:17:00,50.0997191011236
2025-06-12 14:10:00,20.3
2025-06-12 06:40:00,95.1
2025-06-12 10:15:00,47.2
2025-06-12 03:08:00,79.7
2025-06-12 09:07:00,69.7
2025-06-12 22:44:00,94.9
2025-06-12 02:15:00,50.0997191011236
2025-06-12 02:10:00,50.0997191011236
2025-06-12 03:40:00,50.0997191011236
2025-06-12 03:49:00,72.9
2025-06-12 06:38:00,51.9
2025-06-12 22:33:00,45.5
2025-06-12 08:56:00,74.6
2025-06-12 06:03:00,45.7
2025-06-12 15:09:00,6.8
2025-06-12 19:47:00,15.9
2025-06-12 05:37:00,0.4
2025-06-12 02:14:00,90.5
2025-06-12 03:06:00,62.7
2025-06-12 16:09:00,86.8
2025-06-12 02:11:00,33.4
2025-06-12 10:13:00,65.6
2025-06-12 06:57:00,67.5
2025-06-12 23:54:00,12.9
2025-06-12 08:26:00,11.9
2025-06-12 11:22:00,96.0
2025-06-12 12:10:00,49.889081537019685
2025-06-12 03:13:00,57.5
2025-06-12 08:19:00,85.1
2025-06-12 17:19:00,52.4
2025-06-12 19:39:00,88.0
2025-06-12 20:29:00,11.7
2025-06-12 22:33:00,67.4
2025-06-12 13:28:00,49.889081537019685
2025-06-12 05:38:00,38.4
2025-06-12 12:27:00,31.6
2025-06-12 20:32:00,81.9
2025-06-12 07:13:00,63.1
2025-06-12 13:39:00,32.6
2025-06-12 23:05:00,76.3
2025-06-12 03:16:00,49.6
2025-06-12 01:45:00,4.8
2025-06-12 23:57:00,49.889081537019685
2025-06-12 04:51:00,99.6
2025-06-12 02:38:00,48.7
2025-06-12 20:17:00,67.3
2025-06-12 02:34:00,64.8
2025-06-12 23:53:00,60.1
2025-06-12 22:03:00,98.9
2025-06-12 17:08:00,75.2
2025-06-12 02:14:00,79.0
2025-06-12 05:42:00,37.5
2025-06-12 15:14:00,47.2
2025-06-12 06:07:00,49.889081537019685
2025-06-12 10:11:00,35.8
2025-06-12 07:21:00,1.6
2025-06-12 10:31:00,5.8
2025-06-12 00:12:00,20.4
2025-06-12 11:32:00,55.4
2025-06-12 16:32:00,27.0
2025-06-12 14:40:00,21.3
2025-06-12 21:56:00,79.1
2025-06-12 04:13:00,81.7
2025-06-12 01:01:00,5.7
2025-06-12 15:39:00,49.889081537019685
2025-06-12 01:07:00,99.2
2025-06-12 21:11:00,20.6
2025-06-12 02:15:00,4.3
2025-06-12 19:54:00,16.5
2025-06-12 19:16:00,15.3
2025-06-12 00:01:00,49.889081537019685
2025-06-12 04:18:00,49.889081537019685
2025-06-12 12:56:00,45.3
2025-06-12 12:38:00,85.4
2025-06-12 15:13:00,57.9
2025-06-12 08:52:00,11.1
2025-06-12 12:16:00,49.889081537019685
2025-06-12 06:24:00,6.1
2025-06-12 05:45:00,49.889081537019685
2025-06-12 19:30:00,62.1
2025-06-12 05:19:00,79.1
2025-06-12 19:29:00,68.8
2025-06-12 07:09:00,92.1
2025-06-12 01:20:00,15.7
2025-06-12 17:57:00,51.5
2025-06-12 22:16:00,33.2
2025-06-12 08:24:00,5.7
2025-06-12 12:21:00,91.2
2025-06-12 17:54:00,28.6
2025-06-12 23:41:00,98.2
2025-06-12 03:49:00,26.9
2025-06-12 16:30:00,14.0
2025-06-12 03:40:00,2.1
2025-06-12 14:47:00,19.1
2025-06-12 06:15:00,71.1
2025-06-12 21:39:00,31.0
2025-06-12 06:20:00,32.7
2025-06-12 10:09:00,49.889081537019685
2025-06-12 16:47:00,83.1
2025-06-12 00:11:00,16.7
2025-06-12 08:09:00,48.5
2025-06-12 12:34:00,34.2
2025-06-12 15:12:00,32.0
2025-06-12 07:39:00,3.3
2025-06-12 16:27:00,44.0
2025-06-12 20:55:00,92.2
2025-06-12 10:50:00,65.2
2025-06-12 23:58:00,25.7
2025-06-12 09:23:00,49.889081537019685
2025-06-12 17:27:00,22.2
2025-06-12 14:18:00,49.889081537019685
2025-06-12 09:53:00,2.2
2025-06-12 15:47:00,21.1
2025-06-12 08:35:00,67.8
2025-06-12 18:04:00,38.5
2025-06-12 18:09:00,98.3
2025-06-12 03:15:00,9.2
2025-06-12 14:06:00,49.889081537019685
2025-06-12 09:32:00,73.3
2025-06-12 11:16:00,49.889081537019685
2025-06-12 18:38:00,92.9
2025-06-12 19:50:00,38.3
2025-06-12 07:57:00,1.6
2025-06-12 02:00:00,70.9
2025-06-12 13:57:00,97.0
2025-06-12 19:13:00,76.2
2025-06-12 22:02:00,49.889081537019685
2025-06-12 00:56:00,54.6
2025-06-12 04:36:00,54.6
2025-06-12 07:52:00,15.6
2025-06-12 20:56:00,50.0
2025-06-12 21:47:00,58.3
2025-06-12 06:08:00,12.9
2025-06-12 17:48:00,98.5
2025-06-12 16:59:00,4.3
2025-06-12 04:25:00,41.7
2025-06-12 19:48:00,11.4
2025-06-12 02:16:00,49.889081537019685
2025-06-12 06:06:00,97.0
2025-06-12 17:16:00,48.5
2025-06-12 16:55:00,66.7
2025-06-12 06:25:00,49.889081537019685
2025-06-12 06:11:00,73.0
2025-06-12 17:49:00,49.889081537019685
2025-06-12 13:09:00,39.1
2025-06-12 09:17:00,97.6
2025-06-12 10:33:00,8.5
2025-06-12 00:57:00,83.0
2025-06-12 17:46:00,35.7
2025-06-12 21:17:00,93.0
2025-06-12 14:39:00,9.5
2025-06-12 13:50:00,54.5
2025-06-12 22:37:00,76.2
2025-06-12 18:40:00,10.5
2025-06-12 18:15:00,34.8
2025-06-12 12:30:00,90.0
2025-06-12 20:47:00,13.1
2025-06-12 08:56:00,19.2
2025-06-12 16:41:00,77.1
2025-06-12 02:11:00,19.9
2025-06-12 01:26:00,94.4
2025-06-12 09:22:00,88.8
2025-06-12 03:09:00,49.889081537019685
2025-06-12 17:04:00,49.889081537019685
2025-06-12 08:32:00,13.9
2025-06-12 16:35:00,66.2
2025-06-12 07:37:00,71.2
2025-06-12 10:14:00,38.3
2025-06-12 20:43:00,8.1
2025-06-12 17:53:00,83.9
2025-06-12 11:23:00,49.889081537019685
2025-06-12 07:55:00,49.889081537019685
2025-06-12 11:47:00,77.3
2025-06-12 07:01:00,8.5
2025-06-12 12:37:00,15.6
2025-06-12 14:37:00,41.5
2025-06-12 10:19:00,54.0
2025-06-12 12:42:00,66.3
2025-06-12 16:49:00,35.8
2025-06-12 03:22:00,73.2
2025-06-12 06:38:00,49.889081537019685
2025-06-12 16:05:00,54.9
2025-06-12 13:19:00,18.4
2025-06-12 20:02:00,39.5
2025-06-12 03:51:00,7.0
2025-06-12 11:54:00,49.889081537019685
2025-06-12 17:28:00,59.1
2025-06-12 17:09:00,76.7
2025-06-12 15:36:00,78.6
2025-06-12 12:08:00,49.889081537019685
2025-06-12 01:47:00,81.9
2025-06-12 03:23:00,1.8
2025-06-12 12:59:00,26.8
2025-06-12 10:32:00,77.4
2025-06-12 18:21:00,6.2
2025-06-12 00:28:00,15.7
2025-06-12 11:05:00,74.5
2025-06-12 06:30:00,3.6
2025-06-12 00:22:00,21.8
2025-06-12 07:59:00,43.0
2025-06-12 00:58:00,58.1
2025-06-12 07:27:00,4.3
2025-06-12 08:43:00,49.889081537019685
2025-06-12 06:27:00,14.6
2025-06-12 15:17:00,49.889081537019685
2025-06-12 00:38:00,62.7
2025-06-12 14:53:00,47.4
2025-06-12 07:42:00,50.1
2025-06-12 15:09:00,49.889081537019685
2025-06-12 00:17:00,70.5
2025-06-12 19:46:00,44.9
2025-06-12 05:31:00,92.2
2025-06-12 19:53:00,16.0
2025-06-12 07:04:00,95.3
2025-06-12 19:38:00,52.1
2025-06-12 19:21:00,98.6
2025-06-12 14:28:00,33.2
2025-06-12 15:55:00,99.3
2025-06-12 22:45:00,28.5
2025-06-12 00:03:00,49.889081537019685
2025-06-12 23:08:00,69.8
2025-06-12 03:03:00,92.5
2025-06-12 00:59:00,21.5
2025-06-12 06:37:00,33.4
2025-06-12 07:00:00,48.6
2025-06-12 01:44:00,32.1
2025-06-12 13:37:00,82.3
2025-06-12 04:04:00,49.889081537019685
2025-06-12 04:29:00,49.889081537019685
2025-06-12 05:35:00,58.9
2025-06-12 08:06:00,49.889081537019685
2025-06-12 13:01:00,31.7
2025-06-12 02:27:00,47.5
2025-06-12 06:53:00,79.2
2025-06-12 23:13:00,62.0
2025-06-12 01:52:00,72.6
2025-06-12 01:58:00,76.7
2025-06-12 08:49:00,90.5
2025-06-12 01:37:00,79.9
2025-06-12 08:31:00,86.9
2025-06-12 15:07:00,69.7
2025-06-12 13:32:00,59.5
2025-06-12 15:45:00,52.5
2025-06-12 05:10:00,49.889081537019685
2025-06-12 05:09:00,71.8
2025-06-12 12:09:00,57.4
2025-06-12 16:00:00,96.1
2025-06-12 06:36:00,98.3
2025-06-12 15:58:00,49.889081537019685
2025-06-12 03:12:00,45.9
2025-06-12 03:39:00,49.889081537019685
2025-06-12 08:20:00,90.4
2025-06-12 08:08:00,70.1
2025-06-12 05:23:00,30.1
2025-06-12 05:08:00,5.5
2025-06-12 19:42:00,95.9
2025-06-12 16:26:00,19.2
2025-06-12 07:10:00,41.9
2025-06-12 10:24:00,60.2
2025-06-12 13:29:00,31.0
2025-06-12 01:31:00,87.5
2025-06-12 01:50:00,41.6
2025-06-12 08:27:00,12.2
2025-06-12 20:04:00,92.2
2025-06-12 11:28:00,80.4
2025-06-12 01:24:00,9.6
2025-06-12 02:19:00,16.7
2025-06-12 13:04:00,96.3
2025-06-12 20:52:00,79.6
2025-06-12 00:25:00,1.0
2025-06-12 13:46:00,45.8
2025-06-12 00:42:00,50.1
2025-06-12 23:15:00,60.3
2025-06-12 01:48:00,63.4
2025-06-12 10:22:00,35.6
2025-06-12 20:09:00,79.5
2025-06-12 03:30:00,24.4
2025-06-12 11:02:00,81.6
2025-06-12 04:32:00,15.5
2025-06-12 19:58:00,69.3
2025-06-12 15:08:00,11.7
2025-06-12 23:18:00,30.5
2025-06-12 00:09:00,70.2
2025-06-12 08:38:00,12.9
2025-06-12 11:37:00,5.3
2025-06-12 00:21:00,25.8
2025-06-12 21:03:00,82.5
2025-06-12 06:57:00,49.889081537019685
2025-06-12 15:40:00,85.8
2025-06-12 04:31:00,12.1
2025-06-12 14:26:00,92.4
2025-06-12 07:28:00,49.889081537019685
2025-06-12 17:45:00,3.7
2025-06-12 19:27:00,55.3
2025-06-12 05:01:00,49.889081537019685
2025-06-12 12:35:00,80.1
2025-06-12 19:43:00,28.1
2025-06-12 06:26:00,92.1
2025-06-12 12:00:00,72.1
2025-06-12 06:45:00,49.889081537019685
2025-06-12 09:48:00,83.1
2025-06-12 07:40:00,78.4
2025-06-12 15:50:00,61.6
2025-06-12 13:52:00,87.7
2025-06-12 11:08:00,71.9
2025-06-12 04:55:00,96.6
2025-06-12 13:45:00,52.9
2025-06-12 15:56:00,88.0
2025-06-12 18:00:00,49.889081537019685
2025-06-12 17:38:00,81.5
2025-06-12 18:41:00,60.7
2025-06-12 21:41:00,23.0
2025-06-12 22:05:00,49.889081537019685
2025-06-12 16:40:00,28.1
2025-06-12 08:21:00,49.889081537019685
2025-06-12 02:29:00,93.9
2025-06-12 17:02:00,26.9
2025-06-12 23:06:00,63.9
2025-06-12 03:05:00,24.7
2025-06-12 13:36:00,77.6
2025-06-12 12:46:00,28.7
2025-06-12 03:43:00,87.6
2025-06-12 09:58:00,91.0
2025-06-12 08:01:00,73.2
2025-06-12 03:31:00,65.6
2025-06-12 21:37:00,92.4
2025-06-12 01:35:00,37.5
2025-06-12 09:59:00,12.8
2025-06-12 13:53:00,19.9
2025-06-12 15:18:00,60.0
2025-06-12 08:29:00,88.6
2025-06-12 21:56:00,78.8
2025-06-12 01:44:00,4.3
2025-06-12 22:34:00,19.3
2025-06-12 06:39:00,56.9
2025-06-12 11:59:00,22.2
2025-06-12 02:35:00,50.12778039031272
2025-06-12 23:21:00,12.6
2025-06-12 05:08:00,78.9
2025-06-12 20:32:00,23.4
2025-06-12 05:31:00,17.2
2025-06-12 02:50:00,95.7
2025-06-12 19:48:00,33.4
2025-06-12 23:11:00,63.8
2025-06-12 03:59:00,23.7
2025-06-12 07:49:00,89.9
2025-06-12 03:09:00,86.6
2025-06-12 10:40:00,14.2
2025-06-12 17:57:00,50.12778039031272
2025-06-12 13:35:00,57.7
2025-06-12 13:20:00,69.0
2025-06-12 01:03:00,91.7
2025-06-12 01:42:00,61.4
2025-06-12 10:42:00,15.8
2025-06-12 12:25:00,95.0
2025-06-12 23:27:00,2.1
2025-06-12 08:18:00,2.4
2025-06-12 15:21:00,40.6
2025-06-12 11:12:00,50.12778039031272
2025-06-12 17:09:00,42.9
2025-06-12 13:00:00,29.0
2025-06-12 22:50:00,34.8
2025-06-12 12:34:00,90.6
2025-06-12 16:02:00,0.6
2025-06-12 13:37:00,34.9
2025-06-12 18:41:00,58.7
2025-06-12 00:13:00,18.3
2025-06-12 04:04:00,81.3
2025-06-12 13:51:00,50.12778039031272
2025-06-12 23:47:00,50.12778039031272
2025-06-12 14:24:00,91.8
2025-06-12 17:59:00,12.5
2025-06-12 01:01:00,16.9
2025-06-12 03:19:00,21.7
2025-06-12 11:27:00,59.3
2025-06-12 05:59:00,79.2
2025-06-12 07:04:00,97.9
2025-06-12 01:19:00,44.8
2025-06-12 12:58:00,67.7
2025-06-12 20:56:00,50.12778039031272
2025-06-12 05:12:00,94.8
2025-06-12 19:28:00,3.2
2025-06-12 12:38:00,70.8
2025-06-12 10:33:00,77.0
2025-06-12 20:59:00,69.7
2025-06-12 13:11:00,19.9
2025-06-12 13:29:00,62.8
2025-06-12 04:44:00,39.4
2025-06-12 16:12:00,50.12778039031272
2025-06-12 22:15:00,50.12778039031272
2025-06-12 21:44:00,59.5
2025-06-12 10:53:00,70.4
2025-06-12 05:48:00,26.9
2025-06-12 15:03:00,40.6
2025-06-12 05:09:00,68.2
2025-06-12 22:43:00,49.8
2025-06-12 22:13:00,64.7
2025-06-12 17:07:00,83.8
2025-06-12 09:39:00,13.6
2025-06-12 04:55:00,55.8
2025-06-12 00:24:00,28.5
2025-06-12 12:40:00,38.2
2025-06-12 15:48:00,45.1
2025-06-12 02:47:00,80.3
2025-06-12 21:32:00,62.5
2025-06-12 03:10:00,29.9
2025-06-12 08:52:00,50.12778039031272
2025-06-12 21:21:00,40.3
2025-06-12 14:51:00,91.9
2025-06-12 18:23:00,72.8
2025-06-12 21:06:00,19.7
2025-06-12 01:17:00,1.3
2025-06-12 23:36:00,50.12778039031272
2025-06-12 01:35:00,7.0
2025-06-12 09:20:00,50.12778039031272
2025-06-12 10:47:00,50.12778039031272
2025-06-12 18:48:00,50.12778039031272
2025-06-12 19:03:00,19.4
2025-06-12 00:36:00,20.2
2025-06-12 16:06:00,50.12778039031272
2025-06-12 01:52:00,77.8
2025-06-12 10:21:00,26.5
2025-06-12 21:18:00,86.2
2025-06-12 23:19:00,6.9
2025-06-12 19:50:00,48.7
2025-06-12 19:42:00,16.8
2025-06-12 13:28:00,52.8
2025-06-12 06:12:00,17.0
2025-06-12 00:37:00,50.12778039031272
2025-06-12 10:56:00,81.5
2025-06-12 17:16:00,22.8
2025-06-12 16:57:00,47.3
2025-06-12 09:17:00,40.7
2025-06-12 14:05:00,55.3
2025-06-12 14:33:00,99.8
2025-06-12 23:48:00,92.1
2025-06-12 21:20:00,22.0
2025-06-12 11:08:00,53.7
2025-06-12 20:12:00,78.1
2025-06-12 04:17:00,62.8
2025-06-12 06:02:00,20.1
2025-06-12 08:16:00,65.8
2025-06-12 06:17:00,61.7
2025-06-12 02:20:00,20.0
2025-06-12 12:46:00,66.4
2025-06-12 18:04:00,53.8
2025-06-12 23:58:00,62.8
2025-06-12 10:44:00,58.6
2025-06-12 00:42:00,50.12778039031272
2025-06-12 10:59:00,7.8
2025-06-12 15:25:00,10.5
2025-06-12 09:21:00,51.1
2025-06-12 12:33:00,64.3
2025-06-12 16:23:00,57.7
2025-06-12 23:50:00,88.1
2025-06-12 10:49:00,93.7
2025-06-12 10:51:00,3.3
2025-06-12 06:14:00,36.7
2025-06-12 11:58:00,35.2
2025-06-12 06:56:00,65.1
2025-06-12 22:42:00,64.7
2025-06-12 01:16:00,1.2
2025-06-12 10:09:00,78.4
2025-06-12 03:11:00,89.0
2025-06-12 14:23:00,58.5
2025-06-12 21:13:00,45.5
2025-06-12 05:15:00,23.2
2025-06-12 08:48:00,26.3
2025-06-12 21:35:00,72.7
2025-06-12 18:43:00,50.12778039031272
2025-06-12 16:40:00,21.4
2025-06-12 20:17:00,92.0
2025-06-12 03:29:00,40.7
2025-06-12 15:24:00,33.8
2025-06-12 15:22:00,35.4
2025-06-12 16:47:00,33.1
2025-06-12 17:37:00,74.0
2025-06-12 03:31:00,16.6
2025-06-12 11:07:00,90.8
2025-06-12 04:47:00,61.1
2025-06-12 08:03:00,45.2
2025-06-12 09:18:00,26.6
2025-06-12 20:13:00,33.0
2025-06-12 22:12:00,56.5
2025-06-12 14:25:00,45.6
2025-06-12 13:10:00,69.6
2025-06-12 14:34:00,14.3
2025-06-12 21:46:00,44.3
2025-06-12 06:51:00,50.12778039031272
2025-06-12 07:32:00,37.0
2025-06-12 06:53:00,34.3
2025-06-12 01:05:00,98.6
2025-06-12 11:49:00,90.9
2025-06-12 20:06:00,12.7
2025-06-12 16:26:00,58.7
2025-06-12 00:19:00,50.12778039031272
2025-06-12 10:12:00,54.4
2025-06-12 04:24:00,50.12778039031272
2025-06-12 10:06:00,31.1
2025-06-12 21:01:00,37.8
2025-06-12 16:03:00,50.4
2025-06-12 17:01:00,68.4
2025-06-12 15:00:00,95.1
2025-06-12 07:38:00,50.12778039031272
2025-06-12 01:38:00,84.7
2025-06-12 14:18:00,50.12778039031272
2025-06-12 00:44:00,56.7
2025-06-12 20:50:00,27.3
2025-06-12 16:11:00,28.9
2025-06-12 21:19:00,54.7
2025-06-12 05:25:00,50.12778039031272
2025-06-12 22:55:00,21.9
2025-06-12 22:23:00,95.8
2025-06-12 14:28:00,38.0
2025-06-12 19:11:00,75.0
2025-06-12 03:38:00,50.12778039031272
2025-06-12 04:46:00,44.4
2025-06-12 12:48:00,62.7
2025-06-12 04:57:00,0.4
2025-06-12 11:13:00,48.6
2025-06-12 16:35:00,69.3
2025-06-12 16:25:00,76.0
2025-06-12 02:59:00,87.1
2025-06-12 04:39:00,95.7
2025-06-12 05:37:00,50.12778039031272
2025-06-12 23:31:00,50.12778039031272
2025-06-12 06:45:00,80.7
2025-06-12 00:45:00,50.12778039031272
2025-06-12 02:10:00,73.0
2025-06-12 06:50:00,27.1
2025-06-12 19:44:00,50.12778039031272
2025-06-12 02:03:00,39.8
2025-06-12 08:50:00,50.12778039031272
2025-06-12 02:12:00,54.8
2025-06-12 17:26:00,99.4
2025-06-12 22:06:00,73.7
2025-06-12 02:55:00,50.12778039031272
2025-06-12 22:28:00,50.12778039031272
2025-06-12 03:56:00,1.7
2025-06-12 04:41:00,3.4
2025-06-12 17:04:00,28.7
2025-06-12 04:53:00,50.12778039031272
2025-06-12 12:47:00,89.9
2025-06-12 08:33:00,40.3
2025-06-12 09:16:00,65.9
2025-06-12 22:08:00,50.7
2025-06-12 06:37:00,57.5
2025-06-12 12:12:00,11.0
2025-06-12 10:41:00,26.0
2025-06-12 09:15:00,50.12778039031272
2025-06-12 06:30:00,50.12778039031272
2025-06-12 11:00:00,75.5
2025-06-12 07:54:00,9.0
2025-06-12 11:15:00,13.6
2025-06-12 18:25:00,50.12778039031272
2025-06-12 13:54:00,51.1
2025-06-12 13:46:00,66.5
2025-06-12 19:57:00,94.9
2025-06-12 14:41:00,19.3
2025-06-12 08:06:00,23.0
2025-06-12 08:41:00,58.6
2025-06-12 20:23:00,32.4
2025-06-12 10:37:00,28.9
2025-06-12 21:40:00,88.8
2025-06-12 10:35:00,50.12778039031272
2025-06-12 08:53:00,35.4
2025-06-12 04:25:00,53.8
2025-06-12 23:35:00,92.7
2025-06-12 06:43:00,50.12778039031272
2025-06-12 00:03:00,67.5
2025-06-12 23:32:00,97.9
2025-06-12 21:26:00,2.4
2025-06-12 03:04:00,50.12778039031272
2025-06-12 07:51:00,15.8
2025-06-12 07:42:00,17.9
2025-06-12 23:13:00,50.12778039031272
2025-06-12 03:15:00,76.4
2025-06-12 11:06:00,30.7
2025-06-12 04:12:00,59.9
2025-06-12 16:50:00,79.0
2025-06-12 23:12:00,50.12778039031272
2025-06-12 19:32:00,71.2
2025-06-12 18:21:00,47.0
2025-06-12 04:26:00,10.9
2025-06-12 01:09:00,80.8
2025-06-12 23:38:00,69.7
2025-06-12 06:19:00,72.7
2025-06-12 14:56:00,60.2
2025-06-12 11:02:00,30.8
2025-06-12 23:02:00,31.6
2025-06-12 19:23:00,38.8
2025-06-12 14:14:00,50.12778039031272
2025-06-12 17:35:00,50.12778039031272
2025-06-12 06:25:00,2.7
2025-06-12 23:09:00,50.12778039031272
2025-06-12 17:44:00,78.3
2025-06-12 17:36:00,50.12778039031272
2025-06-12 07:25:00,73.1
2025-06-12 22:16:00,20.3
2025-06-12 14:12:00,62.9
2025-06-12 21:17:00,42.8
2025-06-12 16:30:00,51.5
2025-06-12 15:13:00,50.12778039031272
2025-06-12 01:13:00,17.8
2025-06-12 14:32:00,50.12778039031272
2025-06-12 01:04:00,75.9
2025-06-12 07:52:00,87.6
2025-06-12 19:37:00,89.9
2025-06-12 18:39:00,12.6
2025-06-12 23:43:00,52.5
2025-06-12 20:57:00,50.12778039031272
2025-06-12 19:38:00,95.9
2025-06-12 00:47:00,95.3
2025-06-12 17:03:00,4.5
2025-06-12 13:07:00,61.4
2025-06-12 09:34:00,40.8
2025-06-12 20:08:00,88.6
2025-06-12 01:07:00,98.6
2025-06-12 14:45:00,49.8
2025-06-12 06:54:00,20.1
2025-06-12 04:58:00,50.1655304792927
2025-06-12 06:39:00,76.1
2025-06-12 20:22:00,59.4
2025-06-12 14:40:00,50.1655304792927
2025-06-12 15:07:00,89.7
2025-06-12 15:40:00,97.7
2025-06-12 21:25:00,38.1
2025-06-12 22:31:00,28.4
2025-06-12 00:47:00,84.8
2025-06-12 02:55:00,48.2
2025-06-12 15:01:00,50.1655304792927
2025-06-12 18:56:00,42.7
2025-06-12 03:08:00,63.3
2025-06-12 03:36:00,70.7
2025-06-12 07:55:00,59.4
2025-06-12 14:53:00,61.0
2025-06-12 23:00:00,53.8
2025-06-12 23:01:00,62.5
2025-06-12 11:57:00,10.3
2025-06-12 18:36:00,47.6
2025-06-12 03:44:00,74.4
2025-06-12 17:17:00,54.0
2025-06-12 01:55:00,25.8
2025-06-12 21:08:00,41.6
2025-06-12 17:35:00,45.5
2025-06-12 20:48:00,74.9
2025-06-12 14:15:00,45.4
2025-06-12 23:16:00,51.6
2025-06-12 23:39:00,26.0
2025-06-12 20:57:00,35.2
2025-06-12 20:56:00,10.4
2025-06-12 02:35:00,20.5
2025-06-12 04:03:00,50.1655304792927
2025-06-12 21:32:00,36.5
2025-06-12 11:20:00,12.8
2025-06-12 05:04:00,50.1655304792927
2025-06-12 21:33:00,48.7
2025-06-12 17:37:00,56.9
2025-06-12 05:11:00,6.1
2025-06-12 22:50:00,50.1655304792927
2025-06-12 08:57:00,40.0
2025-06-12 03:27:00,20.7
2025-06-12 19:15:00,79.0
2025-06-12 02:43:00,75.1
2025-06-12 10:35:00,99.8
2025-06-12 03:54:00,29.9
2025-06-12 18:54:00,41.0
2025-06-12 17:05:00,50.1655304792927
2025-06-12 10:26:00,14.7
2025-06-12 00:01:00,12.2
2025-06-12 09:41:00,7.3
2025-06-12 07:50:00,17.4
2025-06-12 02:18:00,94.1
2025-06-12 13:38:00,27.3
2025-06-12 23:34:00,65.8
2025-06-12 06:12:00,30.8
2025-06-12 09:49:00,50.1655304792927
2025-06-12 04:53:00,62.7
2025-06-12 02:36:00,17.0
2025-06-12 13:14:00,91.9
2025-06-12 04:35:00,56.5
2025-06-12 05:08:00,78.8
2025-06-12 12:54:00,48.5
2025-06-12 18:29:00,95.2
2025-06-12 14:13:00,91.4
2025-06-12 22:47:00,37.3
2025-06-12 23:17:00,15.0
2025-06-12 21:34:00,50.1655304792927
2025-06-12 17:33:00,74.4
2025-06-12 08:29:00,19.7
2025-06-12 03:41:00,46.5
2025-06-12 21:46:00,55.6
2025-06-12 17:47:00,72.5
2025-06-12 20:58:00,7.0
2025-06-12 19:10:00,47.1
2025-06-12 22:05:00,63.5
2025-06-12 22:06:00,26.4
2025-06-12 00:52:00,16.5
2025-06-12 01:48:00,50.1655304792927
2025-06-12 00:18:00,2.3
2025-06-12 00:36:00,61.2
2025-06-12 12:48:00,98.8
2025-06-12 03:31:00,89.5
2025-06-12 23:33:00,85.6
2025-06-12 03:48:00,4.3
2025-06-12 18:39:00,60.0
2025-06-12 14:55:00,74.2
2025-06-12 04:47:00,10.5
2025-06-12 11:38:00,24.9
2025-06-12 04:43:00,94.5
2025-06-12 20:29:00,50.1655304792927
2025-06-12 21:51:00,54.7
2025-06-12 13:09:00,70.8
2025-06-12 16:36:00,44.7
2025-06-12 23:35:00,41.5
2025-06-12 05:21:00,27.7
2025-06-12 01:29:00,75.9
2025-06-12 14:08:00,2.2
2025-06-12 21:44:00,32.1
2025-06-12 07:13:00,81.0
2025-06-12 05:54:00,89.5
2025-06-12 03:33:00,82.4
2025-06-12 18:59:00,78.1
2025-06-12 03:43:00,68.0
2025-06-12 03:32:00,66.9
2025-06-12 20:32:00,22.6
2025-06-12 00:25:00,40.8
2025-06-12 10:00:00,14.5
2025-06-12 19:55:00,36.4
2025-06-12 04:55:00,61.8
2025-06-12 17:21:00,48.7
2025-06-12 14:52:00,23.0
2025-06-12 11:54:00,1.2
2025-06-12 19:31:00,32.9
2025-06-12 08:56:00,42.8
2025-06-12 23:30:00,36.1
2025-06-12 16:22:00,32.7
2025-06-12 00:29:00,96.5
2025-06-12 05:50:00,57.2
2025-06-12 21:05:00,98.7
2025-06-12 15:49:00,5.9
2025-06-12 05:18:00,57.1
2025-06-12 16:31:00,29.8
2025-06-12 03:49:00,44.0
2025-06-12 12:38:00,24.7
2025-06-12 13:59:00,34.0
2025-06-12 19:09:00,8.0
2025-06-12 01:25:00,87.5
2025-06-12 01:56:00,30.9
2025-06-12 15:54:00,43.0
2025-06-12 00:00:00,58.9
2025-06-12 21:01:00,91.3
2025-06-12 22:46:00,26.3
2025-06-12 03:12:00,63.2
2025-06-12 10:32:00,63.1
2025-06-12 07:37:00,13.9
2025-06-12 19:36:00,93.6
2025-06-12 02:33:00,63.8
2025-06-12 06:24:00,0.5
2025-06-12 11:07:00,55.1
2025-06-12 04:31:00,72.5
2025-06-12 19:27:00,95.7
2025-06-12 22:25:00,96.1
2025-06-12 01:21:00,26.8
2025-06-12 15:43:00,94.5
2025-06-12 13:41:00,43.7
2025-06-12 14:28:00,49.1
2025-06-12 03:34:00,97.0
2025-06-12 12:55:00,71.1
2025-06-12 15:37:00,49.5
2025-06-12 04:14:00,88.6
2025-06-12 06:40:00,2.7
2025-06-12 00:40:00,77.4
2025-06-12 10:16:00,61.6
2025-06-12 09:06:00,77.9
2025-06-12 23:09:00,50.1655304792927
2025-06-12 01:43:00,68.1
2025-06-12 15:47:00,99.1
2025-06-12 06:33:00,53.9
2025-06-12 09:56:00,20.5
2025-06-12 11:35:00,64.1
2025-06-12 19:56:00,50.1655304792927
2025-06-12 14:35:00,35.7
2025-06-12 19:11:00,6.2
2025-06-12 08:53:00,50.1655304792927
2025-06-12 19:50:00,9.2
2025-06-12 02:45:00,9.0
2025-06-12 05:52:00,1.1
2025-06-12 06:29:00,68.3
2025-06-12 01:41:00,63.1
2025-06-12 04:04:00,86.8
2025-06-12 01:16:00,88.8
2025-06-12 13:46:00,8.9
2025-06-12 15:21:00,77.6
2025-06-12 07:24:00,25.3
2025-06-12 10:54:00,50.1655304792927
2025-06-12 05:41:00,54.8
2025-06-12 06:14:00,95.6
2025-06-12 23:56:00,54.2
2025-06-12 03:10:00,50.2
2025-06-12 17:56:00,63.1
2025-06-12 17:36:00,27.5
2025-06-12 18:52:00,50.1655304792927
2025-06-12 03:14:00,50.1655304792927
2025-06-12 15:59:00,50.1655304792927
2025-06-12 02:40:00,64.4
2025-06-12 21:12:00,17.3
2025-06-12 16:40:00,58.9
2025-06-12 23:43:00,51.8
2025-06-12 07:05:00,60.8
2025-06-12 00:16:00,40.4
2025-06-12 19:05:00,94.5
2025-06-12 01:26:00,3.2
2025-06-12 00:55:00,9.3
2025-06-12 14:42:00,7.4
2025-06-12 20:40:00,23.6
2025-06-12 08:20:00,2.2
2025-06-12 00:05:00,53.8
2025-06-12 08:25:00,90.6
2025-06-12 17:28:00,92.0
2025-06-12 03:35:00,74.5
2025-06-12 02:57:00,54.4
2025-06-12 04:56:00,64.7
2025-06-12 05:06:00,50.1655304792927
2025-06-12 19:43:00,50.1655304792927
2025-06-12 01:33:00,12.3
2025-06-12 20:16:00,72.1
2025-06-12 06:18:00,53.4
2025-06-12 01:27:00,50.1655304792927
2025-06-12 14:07:00,26.4
2025-06-12 08:34:00,54.0
2025-06-12 19:22:00,15.8
2025-06-12 12:59:00,50.1655304792927
2025-06-12 03:57:00,29.9
2025-06-12 15:23:00,40.9
2025-06-12 15:08:00,14.6
2025-06-12 01:12:00,56.4
2025-06-12 17:23:00,38.3
2025-06-12 08:15:00,54.6
2025-06-12 02:51:00,27.0
2025-06-12 17:45:00,38.3
2025-06-12 18:44:00,43.6
2025-06-12 04:10:00,37.3
2025-06-12 19:59:00,61.5
2025-06-12 13:52:00,73.7
2025-06-12 02:28:00,49.4
2025-06-12 19:51:00,36.8
2025-06-12 00:43:00,25.3
2025-06-12 07:22:00,87.8
2025-06-12 20:03:00,53.5
2025-06-12 12:40:00,14.6
2025-06-12 10:06:00,50.1655304792927
2025-06-12 20:49:00,54.8
2025-06-12 18:02:00,3.6
2025-06-12 15:06:00,50.1655304792927
2025-06-12 16:01:00,35.6
2025-06-12 22:54:00,22.4
2025-06-12 14:18:00,71.6
2025-06-12 16:11:00,50.1655304792927
2025-06-12 20:25:00,86.0
2025-06-12 01:32:00,11.5
2025-06-12 03:38:00,10.2
2025-06-12 21:09:00,94.4
2025-06-12 05:43:00,88.3
2025-06-12 01:50:00,94.0
2025-06-12 18:49:00,50.1655304792927
2025-06-12 03:42:00,73.0
2025-06-12 03:25:00,46.0
2025-06-12 00:41:00,13.4
2025-06-12 00:30:00,19.4
2025-06-12 02:30:00,79.4
2025-06-12 17:30:00,89.9
2025-06-12 10:30:00,21.5
2025-06-12 03:24:00,59.7
2025-06-12 23:47:00,50.1655304792927
2025-06-12 18:41:00,94.7
2025-06-12 22:19:00,50.1655304792927
2025-06-12 10:49:00,51.1
2025-06-12 03:55:00,50.1655304792927
2025-06-12 23:40:00,56.4
2025-06-12 04:49:00,50.1655304792927
2025-06-12 03:39:00,50.1655304792927
2025-06-12 06:28:00,83.6
2025-06-12 20:04:00,75.2
2025-06-12 19:14:00,42.9
2025-06-12 12:23:00,54.2
2025-06-12 19:21:00,35.9
2025-06-12 02:06:00,88.3
2025-06-12 06:56:00,25.3
2025-06-12 15:28:00,78.8
2025-06-12 23:14:00,64.7
2025-06-12 06:04:00,69.9
2025-06-12 01:59:00,43.8
2025-06-12 00:03:00,19.5
2025-06-12 23:18:00,82.9
2025-06-12 23:07:00,94.2
2025-06-12 23:31:00,75.9
2025-06-12 21:39:00,40.1
2025-06-12 14:12:00,68.3
2025-06-12 07:43:00,37.5
2025-06-12 02:04:00,50.2
2025-06-12 16:49:00,15.1
2025-06-12 22:58:00,67.9
2025-06-12 11:53:00,97.2
2025-06-12 03:29:00,32.9
2025-06-12 15:33:00,67.5
2025-06-12 13:42:00,44.6
2025-06-12 17:01:00,50.1655304792927
2025-06-12 12:42:00,50.0
2025-06-12 02:49:00,84.2
2025-06-12 19:01:00,55.2
2025-06-12 09:34:00,13.9
2025-06-12 21:57:00,13.0
2025-06-12 04:19:00,85.3
2025-06-12 02:57:00,68.2
2025-06-12 17:31:00,50.16485882352941
2025-06-12 18:36:00,50.16485882352941
2025-06-12 20:34:00,90.4
2025-06-12 01:38:00,57.6
2025-06-12 05:58:00,59.2
2025-06-12 17:59:00,50.16485882352941
2025-06-12 11:47:00,50.16485882352941
2025-06-12 17:08:00,50.16485882352941
2025-06-12 22:39:00,98.1
2025-06-12 15:03:00,6.4
2025-06-12 10:36:00,54.5
2025-06-12 14:41:00,67.3
2025-06-12 00:19:00,99.8
2025-06-12 23:50:00,82.5
2025-06-12 16:58:00,50.16485882352941
2025-06-12 17:30:00,50.16485882352941
2025-06-12 17:33:00,50.16485882352941
2025-06-12 19:51:00,19.6
2025-06-12 10:39:00,38.0
2025-06-12 18:55:00,3.3
2025-06-12 04:10:00,53.3
2025-06-12 03:03:00,28.9
2025-06-12 03:42:00,50.16485882352941
2025-06-12 05:35:00,78.0
2025-06-12 01:40:00,43.4
2025-06-12 19:15:00,74.8
2025-06-12 00:51:00,44.6
2025-06-12 00:49:00,15.7
2025-06-12 09:06:00,63.0
2025-06-12 07:57:00,67.0
2025-06-12 19:07:00,48.0
2025-06-12 00:42:00,99.1
2025-06-12 06:53:00,13.1
2025-06-12 00:52:00,7.9
2025-06-12 04:09:00,59.1
2025-06-12 11:07:00,25.1
2025-06-12 13:18:00,32.7
2025-06-12 10:27:00,3.0
2025-06-12 13:02:00,65.2
2025-06-12 00:09:00,45.9
2025-06-12 02:10:00,74.5
2025-06-12 20:46:00,45.9
2025-06-12 09:07:00,90.2
2025-06-12 21:26:00,35.2
2025-06-12 06:20:00,39.6
2025-06-12 08:43:00,67.5
2025-06-12 14:14:00,70.9
2025-06-12 00:10:00,13.0
2025-06-12 16:11:00,81.9
2025-06-12 03:11:00,48.6
2025-06-12 03:34:00,68.0
2025-06-12 08:21:00,5.9
2025-06-12 21:06:00,79.7
2025-06-12 12:58:00,50.9
2025-06-12 12:36:00,50.16485882352941
2025-06-12 07:49:00,41.3
2025-06-12 03:04:00,59.8
2025-06-12 00:58:00,98.5
2025-06-12 16:34:00,63.3
2025-06-12 02:03:00,0.3
2025-06-12 14:09:00,16.7
2025-06-12 03:45:00,19.7
2025-06-12 22:51:00,22.6
2025-06-12 06:10:00,72.0
2025-06-12 15:31:00,29.2
2025-06-12 06:04:00,77.6
2025-06-12 05:28:00,95.1
2025-06-12 09:37:00,26.7
2025-06-12 22:36:00,50.16485882352941
2025-06-12 01:57:00,18.4
2025-06-12 22:41:00,50.16485882352941
2025-06-12 01:32:00,85.4
2025-06-12 05:00:00,50.16485882352941
2025-06-12 11:32:00,98.1
2025-06-12 16:15:00,67.7
2025-06-12 01:28:00,86.6
2025-06-12 01:37:00,52.5
2025-06-12 07:40:00,50.1
2025-06-12 04:11:00,2.8
2025-06-12 18:45:00,46.5
2025-06-12 23:21:00,87.8
2025-06-12 20:26:00,24.9
2025-06-12 22:53:00,17.7
2025-06-12 03:23:00,67.4
2025-06-12 10:08:00,54.7
2025-06-12 06:26:00,50.16485882352941
2025-06-12 12:12:00,16.9
2025-06-12 21:45:00,5.3
2025-06-12 03:28:00,84.0
2025-06-12 19:56:00,39.2
2025-06-12 12:26:00,85.8
2025-06-12 07:41:00,38.7
2025-06-12 01:03:00,62.5
2025-06-12 03:37:00,39.7
2025-06-12 20:24:00,50.16485882352941
2025-06-12 04:18:00,70.4
2025-06-12 02:06:00,35.1
2025-06-12 16:40:00,50.16485882352941
2025-06-12 00:25:00,34.4
2025-06-12 07:46:00,17.4
2025-06-12 19:09:00,30.8
2025-06-12 09:42:00,65.7
2025-06-12 05:41:00,64.8
2025-06-12 21:48:00,92.8
2025-06-12 23:15:00,17.2
2025-06-12 04:37:00,33.6
2025-06-12 11:02:00,40.7
2025-06-12 07:31:00,90.9
2025-06-12 15:35:00,46.2
2025-06-12 01:00:00,72.6
2025-06-12 23:01:00,65.6
2025-06-12 00:38:00,92.5
2025-06-12 11:17:00,56.7
2025-06-12 06:30:00,53.4
2025-06-12 06:05:00,5.5
2025-06-12 00:15:00,50.16485882352941
2025-06-12 05:57:00,50.16485882352941
2025-06-12 21:34:00,98.1
2025-06-12 17:37:00,66.2
2025-06-12 23:59:00,6.9
2025-06-12 08:38:00,53.2
2025-06-12 07:00:00,44.7
2025-06-12 04:28:00,24.4
2025-06-12 06:08:00,66.9
2025-06-12 12:33:00,87.3
2025-06-12 20:13:00,22.9
2025-06-12 23:38:00,50.16485882352941
2025-06-12 14:47:00,98.1
2025-06-12 20:14:00,96.8
2025-06-12 00:54:00,78.0
2025-06-12 15:34:00,76.8
2025-06-12 00:18:00,20.1
2025-06-12 01:15:00,18.6
2025-06-12 00:16:00,23.4
2025-06-12 19:28:00,3.9
2025-06-12 06:02:00,68.0
2025-06-12 06:27:00,50.16485882352941
2025-06-12 16:49:00,50.16485882352941
2025-06-12 06:25:00,63.3
2025-06-12 18:11:00,50.16485882352941
2025-06-12 02:49:00,29.6
2025-06-12 02:46:00,9.5
2025-06-12 16:06:00,40.8
2025-06-12 01:22:00,74.8
2025-06-12 09:39:00,97.7
2025-06-12 18:31:00,50.16485882352941
2025-06-12 08:17:00,50.16485882352941
2025-06-12 00:36:00,49.9
2025-06-12 10:18:00,69.9
2025-06-12 17:32:00,29.0
2025-06-12 06:46:00,21.0
2025-06-12 06:43:00,50.16485882352941
2025-06-12 01:10:00,20.0
2025-06-12 06:12:00,14.2
2025-06-12 05:56:00,50.16485882352941
2025-06-12 21:42:00,78.6
2025-06-12 15:29:00,28.0
2025-06-12 15:50:00,59.3
2025-06-12 08:29:00,50.6
2025-06-12 23:40:00,43.6
2025-06-12 21:46:00,61.4
2025-06-12 20:57:00,69.4
2025-06-12 14:26:00,8.6
2025-06-12 21:49:00,9.9
2025-06-12 20:02:00,68.5
2025-06-12 17:46:00,72.9
2025-06-12 00:23:00,58.5
2025-06-12 03:17:00,50.16485882352941
2025-06-12 10:53:00,40.0
2025-06-12 05:36:00,35.9
2025-06-12 09:15:00,95.6
2025-06-12 23:18:00,49.5
2025-06-12 02:34:00,50.8
2025-06-12 07:01:00,22.4
2025-06-12 02:32:00,30.3
2025-06-12 12:50:00,9.5
2025-06-12 08:27:00,99.5
2025-06-12 04:13:00,33.3
2025-06-12 16:19:00,88.5
2025-06-12 18:26:00,70.9
2025-06-12 11:48:00,50.16485882352941
2025-06-12 22:43:00,77.8
2025-06-12 03:54:00,45.7
2025-06-12 08:23:00,66.5
2025-06-12 16:57:00,31.4
2025-06-12 21:35:00,46.0
2025-06-12 00:01:00,84.9
2025-06-12 12:59:00,50.16485882352941
2025-06-12 00:12:00,35.7
2025-06-12 19:30:00,45.8
2025-06-12 15:30:00,52.6
2025-06-12 08:35:00,66.0
2025-06-12 08:50:00,50.16485882352941
2025-06-12 07:23:00,87.7
2025-06-12 19:55:00,14.5
2025-06-12 16:07:00,50.16485882352941
2025-06-12 23:36:00,66.9
2025-06-12 16:28:00,88.8
2025-06-12 04:44:00,67.3
2025-06-12 08:10:00,50.16485882352941
2025-06-12 11:46:00,70.1
2025-06-12 07:03:00,39.3
2025-06-12 07:14:00,50.16485882352941
2025-06-12 06:34:00,46.8
2025-06-12 23:47:00,91.9
2025-06-12 10:46:00,65.3
2025-06-12 18:53:00,27.1
2025-06-12 00:31:00,7.0
2025-06-12 22:29:00,32.6
2025-06-12 23:24:00,46.0
2025-06-12 22:07:00,15.7
2025-06-12 10:10:00,50.16485882352941
2025-06-12 18:23:00,38.9
2025-06-12 13:56:00,88.8
2025-06-12 03:15:00,19.3
2025-06-12 17:35:00,8.6
2025-06-12 09:29:00,34.0
2025-06-12 10:43:00,49.8
2025-06-12 07:02:00,50.16485882352941
2025-06-12 12:51:00,88.0
2025-06-12 19:59:00,22.8
2025-06-12 05:51:00,82.1
2025-06-12 19:11:00,99.9
2025-06-12 18:04:00,76.1
2025-06-12 21:04:00,80.8
2025-06-12 22:24:00,15.1
2025-06-12 17:51:00,44.5
2025-06-12 23:03:00,15.2
2025-06-12 01:24:00,71.9
2025-06-12 06:15:00,18.9
2025-06-12 09:01:00,24.1
2025-06-12 07:22:00,29.9
2025-06-12 10:57:00,94.1
2025-06-12 07:48:00,89.1
2025-06-12 16:42:00,71.8
2025-06-12 20:10:00,79.3
2025-06-12 11:28:00,77.3
2025-06-12 07:28:00,45.9
2025-06-12 00:35:00,49.8
2025-06-12 23:07:00,50.16485882352941
2025-06-12 23:29:00,50.16485882352941
2025-06-12 04:30:00,78.7
2025-06-12 17:52:00,50.16485882352941
2025-06-12 06:03:00,47.3
2025-06-12 06:21:00,95.3
2025-06-12 22:45:00,32.0
2025-06-12 09:41:00,50.16485882352941
2025-06-12 04:27:00,79.6
2025-06-12 13:38:00,0.6
2025-06-12 11:42:00,14.7
2025-06-12 20:16:00,24.0
2025-06-12 23:49:00,14.6
2025-06-12 14:00:00,50.16485882352941
2025-06-12 19:31:00,63.3
2025-06-12 05:59:00,67.6
2025-06-12 02:35:00,48.9
2025-06-12 20:20:00,69.3
2025-06-12 00:17:00,16.9
2025-06-12 00:33:00,23.5
2025-06-12 22:04:00,50.16485882352941
2025-06-12 17:20:00,50.16485882352941
2025-06-12 13:44:00,16.2
2025-06-12 02:05:00,18.4
2025-06-12 21:55:00,2.9
2025-06-12 01:17:00,47.9
2025-06-12 20:33:00,82.0
2025-06-12 21:27:00,32.3
2025-06-12 08:39:00,50.16485882352941
2025-06-12 07:58:00,37.7
2025-06-12 21:07:00,37.9
2025-06-12 20:53:00,35.5
2025-06-12 17:04:00,84.9
2025-06-12 08:44:00,41.5
2025-06-12 15:40:00,27.5
2025-06-12 16:02:00,31.1
2025-06-12 23:44:00,50.16485882352941
2025-06-12 09:46:00,50.16485882352941
2025-06-12 11:56:00,50.16485882352941
2025-06-12 18:15:00,31.0
2025-06-12 16:12:00,50.16485882352941
2025-06-12 04:45:00,64.9
2025-06-12 09:00:00,14.9
2025-06-12 11:55:00,69.1
2025-06-12 11:40:00,56.0
2025-06-12 22:20:00,8.3
2025-06-12 21:03:00,16.0
2025-06-12 10:02:00,50.16485882352941
2025-06-12 02:08:00,97.6
2025-06-12 05:30:00,90.7
2025-06-12 08:49:00,4.4
2025-06-12 10:30:00,89.6
2025-06-12 00:13:00,32.5
2025-06-12 22:05:00,13.6
2025-06-12 01:05:00,64.2
2025-06-12 18:27:00,50.16485882352941
2025-06-12 10:17:00,12.1
2025-06-12 13:33:00,50.16485882352941
2025-06-12 13:07:00,50.16485882352941
2025-06-12 22:49:00,30.5
2025-06-12 04:43:00,78.5
2025-06-12 22:31:00,83.1
2025-06-12 19:25:00,78.6
2025-06-12 03:10:00,13.2
2025-06-12 06:16:00,50.16485882352941
2025-06-12 06:50:00,50.16485882352941
2025-06-12 07:34:00,77.5
2025-06-12 21:14:00,46.7
2025-06-12 08:34:00,9.5
2025-06-12 21:11:00,1.4
2025-06-12 09:59:00,55.5
2025-06-12 07:05:00,50.9
2025-06-12 20:19:00,49.7
2025-06-12 22:58:00,31.7
2025-06-12 14:36:00,49.40323484760014
2025-06-12 14:54:00,68.6
2025-06-12 09:39:00,25.7
2025-06-12 01:28:00,49.40323484760014
2025-06-12 17:56:00,49.40323484760014
2025-06-12 14:45:00,49.40323484760014
2025-06-12 16:35:00,9.0
2025-06-12 19:05:00,42.8
2025-06-12 19:22:00,52.6
2025-06-12 21:58:00,69.1
2025-06-12 06:43:00,91.4
2025-06-12 08:00:00,62.7
2025-06-12 08:32:00,45.0
2025-06-12 16:49:00,79.9
2025-06-12 04:38:00,33.0
2025-06-12 15:15:00,38.6
2025-06-12 00:01:00,49.40323484760014
2025-06-12 21:08:00,53.4
2025-06-12 08:55:00,84.9
2025-06-12 17:54:00,68.6
2025-06-12 16:54:00,49.40323484760014
2025-06-12 03:36:00,70.3
2025-06-12 17:44:00,29.0
2025-06-12 22:23:00,49.40323484760014
2025-06-12 18:42:00,30.1
2025-06-12 23:25:00,85.4
2025-06-12 23:27:00,59.5
2025-06-12 05:24:00,49.40323484760014
2025-06-12 06:14:00,42.1
2025-06-12 04:56:00,76.0
2025-06-12 06:46:00,14.3
2025-06-12 22:38:00,68.8
2025-06-12 14:28:00,31.8
2025-06-12 09:28:00,33.8
2025-06-12 21:10:00,13.7
2025-06-12 02:39:00,11.0
2025-06-12 17:53:00,6.1
2025-06-12 09:03:00,52.5
2025-06-12 20:13:00,49.40323484760014
2025-06-12 21:06:00,49.40323484760014
2025-06-12 09:13:00,11.1
2025-06-12 05:59:00,50.6
2025-06-12 19:58:00,71.5
2025-06-12 17:50:00,11.8
2025-06-12 11:42:00,48.9
2025-06-12 12:56:00,77.9
2025-06-12 06:01:00,96.6
2025-06-12 04:37:00,40.7
2025-06-12 19:46:00,13.3
2025-06-12 11:10:00,16.6
2025-06-12 13:13:00,96.2
2025-06-12 17:10:00,49.40323484760014
2025-06-12 23:05:00,99.5
2025-06-12 03:28:00,91.3
2025-06-12 06:31:00,64.1
2025-06-12 01:41:00,48.2
2025-06-12 08:46:00,97.5
2025-06-12 14:18:00,22.7
2025-06-12 02:59:00,36.6
2025-06-12 13:50:00,95.5
2025-06-12 16:38:00,28.8
2025-06-12 04:26:00,15.9
2025-06-12 19:00:00,50.3
2025-06-12 00:05:00,70.3
2025-06-12 00:12:00,73.2
2025-06-12 14:55:00,49.40323484760014
2025-06-12 07:56:00,49.40323484760014
2025-06-12 01:44:00,97.8
2025-06-12 06:54:00,13.6
2025-06-12 21:25:00,45.3
2025-06-12 00:16:00,38.6
2025-06-12 13:04:00,56.1
2025-06-12 15:52:00,66.9
2025-06-12 08:08:00,61.3
2025-06-12 03:26:00,95.0
2025-06-12 20:15:00,53.4
2025-06-12 15:24:00,54.6
2025-06-12 03:50:00,88.2
2025-06-12 10:48:00,93.3
2025-06-12 11:14:00,98.1
2025-06-12 08:59:00,50.7
2025-06-12 09:32:00,44.5
2025-06-12 09:07:00,96.6
2025-06-12 21:24:00,39.4
2025-06-12 14:51:00,49.40323484760014
2025-06-12 04:58:00,34.1
2025-06-12 18:08:00,49.40323484760014
2025-06-12 09:53:00,51.2
2025-06-12 23:17:00,76.0
2025-06-12 19:40:00,85.9
2025-06-12 22:15:00,0.7
2025-06-12 08:33:00,81.3
2025-06-12 22:02:00,31.8
2025-06-12 07:32:00,54.7
2025-06-12 10:46:00,49.40323484760014
2025-06-12 20:04:00,72.6
2025-06-12 19:02:00,49.40323484760014
2025-06-12 09:51:00,73.3
2025-06-12 16:03:00,35.7
2025-06-12 22:27:00,58.3
2025-06-12 17:51:00,34.8
2025-06-12 01:09:00,79.5
2025-06-12 01:56:00,81.0
2025-06-12 05:47:00,92.6
2025-06-12 01:10:00,55.3
2025-06-12 04:25:00,48.8
2025-06-12 22:03:00,62.9
2025-06-12 09:18:00,83.4
2025-06-12 23:20:00,49.40323484760014
2025-06-12 11:39:00,70.0
2025-06-12 03:15:00,83.9
2025-06-12 01:04:00,49.40323484760014
2025-06-12 05:17:00,79.6
2025-06-12 12:29:00,17.7
2025-06-12 15:35:00,9.7
2025-06-12 06:04:00,8.6
2025-06-12 10:14:00,13.2
2025-06-12 23:58:00,13.3
2025-06-12 01:46:00,64.4
2025-06-12 01:06:00,7.4
2025-06-12 12:37:00,49.1
2025-06-12 17:12:00,44.5
2025-06-12 14:34:00,75.2
2025-06-12 02:34:00,49.0
2025-06-12 03:53:00,11.2
2025-06-12 01:33:00,54.4
2025-06-12 22:50:00,59.4
2025-06-12 14:09:00,59.7
2025-06-12 08:15:00,61.3
2025-06-12 13:19:00,92.5
2025-06-12 17:23:00,59.5
2025-06-12 22:14:00,19.5
2025-06-12 17:32:00,43.0
2025-06-12 22:28:00,95.8
2025-06-12 14:06:00,49.40323484760014
2025-06-12 19:23:00,49.40323484760014
2025-06-12 08:17:00,42.4
2025-06-12 05:10:00,27.3
2025-06-12 05:50:00,31.3
2025-06-12 06:05:00,17.3
2025-06-12 00:29:00,68.1
2025-06-12 23:45:00,90.9
2025-06-12 06:39:00,49.40323484760014
2025-06-12 10:32:00,59.9
2025-06-12 01:22:00,15.5
2025-06-12 08:50:00,6.3
2025-06-12 14:11:00,49.40323484760014
2025-06-12 09:16:00,17.9
2025-06-12 12:01:00,33.5
2025-06-12 19:21:00,33.7
2025-06-12 20:39:00,23.1
2025-06-12 03:37:00,23.6
2025-06-12 19:31:00,78.2
2025-06-12 17:47:00,49.40323484760014
2025-06-12 03:45:00,12.6
2025-06-12 22:10:00,16.0
2025-06-12 10:36:00,15.5
2025-06-12 09:23:00,6.3
2025-06-12 22:21:00,49.40323484760014
2025-06-12 15:39:00,20.2
2025-06-12 20:41:00,66.3
2025-06-12 04:35:00,70.5
2025-06-12 03:09:00,94.3
2025-06-12 21:42:00,22.5
2025-06-12 21:33:00,52.7
2025-06-12 13:56:00,50.3
2025-06-12 23:07:00,49.40323484760014
2025-06-12 00:54:00,11.2
2025-06-12 04:52:00,87.5
2025-06-12 06:22:00,68.8
2025-06-12 15:19:00,55.4
2025-06-12 13:28:00,76.8
2025-06-12 04:17:00,47.9
2025-06-12 03:29:00,49.40323484760014
2025-06-12 09:45:00,48.6
2025-06-12 11:57:00,54.9
2025-06-12 21:46:00,14.3
2025-06-12 12:14:00,70.2
2025-06-12 10:00:00,47.7
2025-06-12 15:04:00,69.8
2025-06-12 13:18:00,38.1
2025-06-12 11:43:00,64.4
2025-06-12 09:08:00,42.3
2025-06-12 13:44:00,82.1
2025-06-12 06:50:00,86.1
2025-06-12 06:18:00,31.2
2025-06-12 21:19:00,31.6
2025-06-12 21:56:00,31.1
2025-06-12 02:32:00,39.8
2025-06-12 23:52:00,41.5
2025-06-12 14:16:00,18.1
2025-06-12 01:24:00,69.1
2025-06-12 11:45:00,49.40323484760014
2025-06-12 01:05:00,76.2
2025-06-12 21:05:00,30.9
2025-06-12 04:16:00,53.3
2025-06-12 22:39:00,49.40323484760014
2025-06-12 11:12:00,64.2
2025-06-12 20:22:00,49.40323484760014
2025-06-12 19:41:00,1.3
2025-06-12 21:13:00,49.40323484760014
2025-06-12 12:02:00,49.40323484760014
2025-06-12 11:17:00,49.40323484760014
2025-06-12 10:28:00,14.1
2025-06-12 09:05:00,84.6
2025-06-12 14:24:00,16.0
2025-06-12 16:12:00,86.2
2025-06-12 20:14:00,6.0
2025-06-12 08:49:00,49.40323484760014
2025-06-12 06:56:00,35.8
2025-06-12 04:59:00,58.1
2025-06-12 20:23:00,49.40323484760014
2025-06-12 18:09:00,93.5
2025-06-12 15:30:00,3.9
2025-06-12 08:13:00,92.9
2025-06-12 09:44:00,94.0
2025-06-12 21:18:00,77.2
2025-06-12 19:36:00,88.5
2025-06-12 17:38:00,73.8
2025-06-12 20:17:00,53.3
2025-06-12 05:11:00,47.1
2025-06-12 09:29:00,84.4
2025-06-12 12:05:00,49.40323484760014
2025-06-12 23:40:00,93.2
2025-06-12 13:10:00,5.3
2025-06-12 23:03:00,91.7
2025-06-12 13:15:00,7.4
2025-06-12 05:57:00,35.4
2025-06-12 06:25:00,77.5
2025-06-12 14:17:00,5.2
2025-06-12 00:50:00,69.6
2025-06-12 15:45:00,62.8
2025-06-12 23:42:00,70.5
2025-06-12 16:08:00,77.5
2025-06-12 11:18:00,24.9
2025-06-12 04:13:00,66.7
2025-06-12 01:47:00,49.8
2025-06-12 23:22:00,49.40323484760014
2025-06-12 20:42:00,64.3
2025-06-12 05:01:00,97.3
2025-06-12 10:25:00,51.7
2025-06-12 21:47:00,35.0
2025-06-12 01:31:00,54.6
2025-06-12 15:16:00,21.1
2025-06-12 13:35:00,14.3
2025-06-12 13:51:00,33.7
2025-06-12 00:40:00,86.7
2025-06-12 04:40:00,49.40323484760014
2025-06-12 03:42:00,27.7
2025-06-12 00:30:00,74.8
2025-06-12 18:41:00,83.4
2025-06-12 18:49:00,49.40323484760014
2025-06-12 15:13:00,65.8
2025-06-12 01:35:00,13.7
2025-06-12 07:48:00,49.40323484760014
2025-06-12 17:17:00,54.6
2025-06-12 11:35:00,66.1
2025-06-12 16:25:00,2.6
2025-06-12 22:34:00,86.4
2025-06-12 16:27:00,41.7
2025-06-12 19:55:00,29.5
2025-06-12 05:19:00,49.40323484760014
2025-06-12 13:47:00,50.4
2025-06-12 03:22:00,7.2
2025-06-12 07:06:00,57.4
2025-06-12 00:18:00,41.8
2025-06-12 17:26:00,58.0
2025-06-12 16:09:00,2.0
2025-06-12 12:27:00,18.8
2025-06-12 06:38:00,49.40323484760014
2025-06-12 07:42:00,21.4
2025-06-12 21:32:00,8.1
2025-06-12 05:42:00,50.6
2025-06-12 08:01:00,52.4
2025-06-12 11:58:00,20.1
2025-06-12 07:43:00,70.1
2025-06-12 16:24:00,48.0
2025-06-12 00:07:00,89.6
2025-06-12 04:34:00,75.6
2025-06-12 00:44:00,38.6
2025-06-12 04:15:00,49.40323484760014
2025-06-12 02:09:00,24.7
2025-06-12 12:18:00,51.7
2025-06-12 07:07:00,88.4
2025-06-12 11:55:00,63.8
2025-06-12 23:37:00,9.3
2025-06-12 16:24:00,95.9
2025-06-12 00:30:00,29.0
2025-06-12 23:54:00,39.8
2025-06-12 09:48:00,12.6
2025-06-12 05:36:00,91.5
2025-06-12 17:20:00,50.400661703887515
2025-06-12 09:05:00,76.8
2025-06-12 19:03:00,50.400661703887515
2025-06-12 03:13:00,91.9
2025-06-12 08:50:00,56.0
2025-06-12 06:42:00,76.4
2025-06-12 08:22:00,56.1
2025-06-12 03:27:00,73.0
2025-06-12 04:52:00,27.4
2025-06-12 15:56:00,4.1
2025-06-12 05:52:00,75.6
2025-06-12 18:20:00,39.5
2025-06-12 02:20:00,8.4
2025-06-12 11:33:00,27.3
2025-06-12 23:02:00,99.2
2025-06-12 02:36:00,76.8
2025-06-12 23:45:00,93.4
2025-06-12 03:44:00,23.5
2025-06-12 16:34:00,8.0
2025-06-12 21:12:00,79.4
2025-06-12 11:07:00,0.5
2025-06-12 17:50:00,10.8
2025-06-12 14:28:00,24.5
2025-06-12 00:41:00,50.400661703887515
2025-06-12 01:21:00,97.1
2025-06-12 09:23:00,23.1
2025-06-12 08:54:00,96.5
2025-06-12 06:38:00,50.400661703887515
2025-06-12 20:18:00,59.4
2025-06-12 20:08:00,3.6
2025-06-12 02:58:00,76.4
2025-06-12 05:22:00,12.0
2025-06-12 07:47:00,50.400661703887515
2025-06-12 22:57:00,71.6
2025-06-12 15:54:00,63.2
2025-06-12 10:10:00,27.2
2025-06-12 18:59:00,95.9
2025-06-12 21:17:00,22.5
2025-06-12 01:36:00,95.2
2025-06-12 19:27:00,39.4
2025-06-12 22:40:00,50.400661703887515
2025-06-12 14:56:00,50.400661703887515
2025-06-12 11:10:00,97.9
2025-06-12 09:25:00,74.9
2025-06-12 21:19:00,16.8
2025-06-12 09:13:00,76.3
2025-06-12 22:25:00,91.4
2025-06-12 11:45:00,59.6
2025-06-12 05:19:00,92.2
2025-06-12 22:48:00,20.6
2025-06-12 03:58:00,26.2
2025-06-12 09:12:00,37.0
2025-06-12 06:23:00,88.0
2025-06-12 06:18:00,17.5
2025-06-12 01:20:00,61.6
2025-06-12 22:03:00,75.5
2025-06-12 13:15:00,47.1
2025-06-12 05:00:00,50.400661703887515
2025-06-12 03:22:00,53.9
2025-06-12 16:25:00,14.0
2025-06-12 13:11:00,75.9
2025-06-12 06:37:00,33.1
2025-06-12 13:03:00,50.400661703887515
2025-06-12 07:58:00,88.4
2025-06-12 09:06:00,50.400661703887515
2025-06-12 10:46:00,50.1
2025-06-12 12:17:00,50.400661703887515
2025-06-12 13:46:00,39.7
2025-06-12 14:55:00,66.4
2025-06-12 07:51:00,13.4
2025-06-12 11:25:00,28.9
2025-06-12 13:28:00,17.5
2025-06-12 22:07:00,50.400661703887515
2025-06-12 05:21:00,99.5
2025-06-12 04:39:00,52.2
2025-06-12 08:25:00,20.2
2025-06-12 11:43:00,50.400661703887515
2025-06-12 17:13:00,50.400661703887515
2025-06-12 10:37:00,48.0
2025-06-12 03:25:00,50.8
2025-06-12 13:23:00,70.9
2025-06-12 18:41:00,86.6
2025-06-12 17:01:00,37.4
2025-06-12 22:47:00,80.5
2025-06-12 05:54:00,65.3
2025-06-12 23:31:00,58.3
2025-06-12 11:58:00,18.2
2025-06-12 01:37:00,55.9
2025-06-12 07:46:00,46.0
2025-06-12 20:41:00,97.9
2025-06-12 20:09:00,21.1
2025-06-12 12:21:00,21.9
2025-06-12 10:47:00,50.400661703887515
2025-06-12 05:31:00,36.7
2025-06-12 18:36:00,67.6
2025-06-12 04:51:00,91.7
2025-06-12 03:15:00,25.2
2025-06-12 13:29:00,44.2
2025-06-12 08:13:00,33.0
2025-06-12 12:01:00,33.0
2025-06-12 20:01:00,50.400661703887515
2025-06-12 15:48:00,43.2
2025-06-12 22:49:00,19.4
2025-06-12 23:00:00,81.4
2025-06-12 14:12:00,20.5
2025-06-12 03:37:00,16.6
2025-06-12 22:00:00,10.7
2025-06-12 02:12:00,54.0
2025-06-12 07:21:00,24.6
2025-06-12 14:53:00,76.0
2025-06-12 11:53:00,74.9
2025-06-12 01:12:00,86.5
2025-06-12 17:12:00,97.5
2025-06-12 01:09:00,30.6
2025-06-12 04:14:00,50.400661703887515
2025-06-12 07:18:00,20.1
2025-06-12 21:39:00,43.7
2025-06-12 06:29:00,59.8
2025-06-12 05:59:00,6.1
2025-06-12 09:27:00,10.0
2025-06-12 14:51:00,11.7
2025-06-12 13:08:00,50.400661703887515
2025-06-12 07:59:00,84.0
2025-06-12 11:09:00,67.5
2025-06-12 02:18:00,83.6
2025-06-12 22:38:00,41.6
2025-06-12 22:56:00,27.7
2025-06-12 15:17:00,61.9
2025-06-12 01:11:00,99.1
2025-06-12 15:31:00,50.400661703887515
2025-06-12 21:27:00,50.400661703887515
2025-06-12 21:13:00,42.0
2025-06-12 03:39:00,34.9
2025-06-12 10:52:00,55.0
2025-06-12 22:10:00,52.3
2025-06-12 03:10:00,50.400661703887515
2025-06-12 04:45:00,16.1
2025-06-12 09:40:00,14.7
2025-06-12 18:47:00,18.7
2025-06-12 21:11:00,11.0
2025-06-12 10:17:00,13.6
2025-06-12 13:25:00,26.3
2025-06-12 09:01:00,47.3
2025-06-12 15:30:00,22.3
2025-06-12 07:43:00,47.9
2025-06-12 03:24:00,0.6
2025-06-12 11:06:00,65.3
2025-06-12 00:58:00,50.400661703887515
2025-06-12 05:49:00,27.9
2025-06-12 19:12:00,37.1
2025-06-12 05:41:00,52.2
2025-06-12 06:12:00,40.1
2025-06-12 21:38:00,64.3
2025-06-12 18:22:00,96.4
2025-06-12 10:22:00,68.3
2025-06-12 21:42:00,3.0
2025-06-12 04:54:00,31.7
2025-06-12 04:58:00,56.7
2025-06-12 05:16:00,59.2
2025-06-12 08:26:00,10.6
2025-06-12 13:33:00,74.7
2025-06-12 19:05:00,50.400661703887515
2025-06-12 18:56:00,74.4
2025-06-12 12:06:00,85.8
2025-06-12 14:54:00,15.2
2025-06-12 14:00:00,34.0
2025-06-12 14:45:00,34.7
2025-06-12 07:14:00,15.5
2025-06-12 00:13:00,17.0
2025-06-12 04:24:00,51.0
2025-06-12 00:14:00,82.5
2025-06-12 23:25:00,40.7
2025-06-12 16:18:00,18.8
2025-06-12 09:29:00,88.8
2025-06-12 08:18:00,50.400661703887515
2025-06-12 00:01:00,54.0
2025-06-12 20:15:00,77.4
2025-06-12 08:12:00,19.7
2025-06-12 06:28:00,83.1
2025-06-12 21:20:00,56.8
2025-06-12 18:06:00,31.1
2025-06-12 14:31:00,82.7
2025-06-12 02:50:00,27.6
2025-06-12 07:13:00,30.2
2025-06-12 09:56:00,91.7
2025-06-12 04:26:00,68.3
2025-06-12 10:54:00,51.9
2025-06-12 13:40:00,7.3
2025-06-12 17:02:00,66.1
2025-06-12 15:19:00,50.400661703887515
2025-06-12 11:13:00,70.2
2025-06-12 04:47:00,93.1
2025-06-12 02:19:00,55.5
2025-06-12 01:41:00,50.400661703887515
2025-06-12 03:42:00,46.0
2025-06-12 00:19:00,53.9
2025-06-12 18:04:00,50.400661703887515
2025-06-12 16:29:00,61.7
2025-06-12 00:48:00,50.400661703887515
2025-06-12 13:21:00,90.9
2025-06-12 21:46:00,94.6
2025-06-12 19:52:00,50.400661703887515
2025-06-12 15:20:00,17.5
2025-06-12 15:13:00,48.4
2025-06-12 20:00:00,12.2
2025-06-12 16:03:00,50.400661703887515
2025-06-12 11:52:00,9.6
2025-06-12 16:22:00,20.1
2025-06-12 07:03:00,93.6
2025-06-12 14:37:00,68.9
2025-06-12 00:49:00,1.4
2025-06-12 21:21:00,36.8
2025-06-12 13:19:00,27.6
2025-06-12 03:33:00,99.0
2025-06-12 08:27:00,55.9
2025-06-12 23:53:00,12.4
2025-06-12 20:48:00,70.3
2025-06-12 18:05:00,78.0
2025-06-12 03:41:00,41.2
2025-06-12 12:50:00,46.6
2025-06-12 08:07:00,32.7
2025-06-12 20:14:00,50.400661703887515
2025-06-12 00:04:00,50.400661703887515
2025-06-12 02:01:00,50.400661703887515
2025-06-12 02:23:00,19.7
2025-06-12 19:10:00,74.6
2025-06-12 09:44:00,50.400661703887515
2025-06-12 03:09:00,46.8
2025-06-12 03:02:00,36.2
2025-06-12 19:15:00,81.1
2025-06-12 16:55:00,63.0
2025-06-12 22:28:00,23.0
2025-06-12 12:58:00,50.400661703887515
2025-06-12 01:01:00,50.400661703887515
2025-06-12 18:02:00,82.9
2025-06-12 16:08:00,50.400661703887515
2025-06-12 09:53:00,2.1
2025-06-12 13:07:00,50.400661703887515
2025-06-12 10:41:00,68.7
2025-06-12 04:56:00,45.8
2025-06-12 15:38:00,50.400661703887515
2025-06-12 12:46:00,46.2
2025-06-12 06:32:00,82.7
2025-06-12 08:57:00,0.0
2025-06-12 18:50:00,56.9
2025-06-12 22:17:00,4.5
2025-06-12 06:06:00,89.5
2025-06-12 03:08:00,94.5
2025-06-12 00:24:00,64.5
2025-06-12 05:15:00,85.3
2025-06-12 04:42:00,33.1
2025-06-12 07:39:00,77.2
2025-06-12 10:04:00,71.5
2025-06-12 15:28:00,29.3
2025-06-12 18:33:00,21.9
2025-06-12 01:42:00,10.1
2025-06-12 16:57:00,59.9
2025-06-12 05:58:00,40.9
2025-06-12 06:31:00,50.400661703887515
2025-06-12 18:28:00,9.2
2025-06-12 19:14:00,20.0
2025-06-12 19:25:00,39.3
2025-06-12 10:12:00,2.6
2025-06-12 07:15:00,10.7
2025-06-12 16:46:00,82.9
2025-06-12 07:38:00,15.5
2025-06-12 04:50:00,52.2
2025-06-12 09:39:00,15.9
2025-06-12 11:00:00,52.4
2025-06-12 21:10:00,14.1
2025-06-12 13:44:00,50.400661703887515
2025-06-12 21:40:00,73.9
2025-06-12 02:04:00,50.400661703887515
2025-06-12 11:18:00,63.0
2025-06-12 17:34:00,3.3
2025-06-12 18:30:00,37.7
2025-06-12 01:07:00,73.4
2025-06-12 01:30:00,3.1
2025-06-12 22:45:00,33.5
2025-06-12 08:53:00,19.6
2025-06-12 02:27:00,50.400661703887515
2025-06-12 06:57:00,97.7
2025-06-12 22:26:00,56.2
2025-06-12 04:31:00,84.9
2025-06-12 06:08:00,24.2
2025-06-12 09:04:00,62.9
2025-06-12 22:27:00,11.3
2025-06-12 10:56:00,50.400661703887515
2025-06-12 12:59:00,41.5
2025-06-12 03:32:00,49.84418741885991
2025-06-12 06:54:00,1.0
2025-06-12 15:39:00,19.0
2025-06-12 04:16:00,48.9
2025-06-12 15:19:00,1.4
2025-06-12 06:33:00,82.2
2025-06-12 20:45:00,49.84418741885991
2025-06-12 01:48:00,94.1
2025-06-12 17:55:00,14.5
2025-06-12 02:31:00,46.1
2025-06-12 08:05:00,13.5
2025-06-12 00:33:00,27.4
2025-06-12 10:57:00,84.1
2025-06-12 20:59:00,49.84418741885991
2025-06-12 14:46:00,82.9
2025-06-12 03:47:00,7.4
2025-06-12 03:08:00,49.84418741885991
2025-06-12 22:50:00,49.84418741885991
2025-06-12 06:14:00,6.9
2025-06-12 22:44:00,83.4
2025-06-12 06:59:00,91.0
2025-06-12 15:10:00,2.4
2025-06-12 21:39:00,30.6
2025-06-12 19:08:00,90.7
2025-06-12 07:55:00,32.3
2025-06-12 22:48:00,54.6
2025-06-12 19:39:00,74.8
2025-06-12 01:13:00,49.84418741885991
2025-06-12 20:14:00,49.84418741885991
2025-06-12 03:10:00,62.3
2025-06-12 17:36:00,49.84418741885991
2025-06-12 23:21:00,76.9
2025-06-12 19:44:00,37.9
2025-06-12 03:51:00,80.0
2025-06-12 17:44:00,2.4
2025-06-12 07:11:00,32.9
2025-06-12 08:02:00,66.9
2025-06-12 08:58:00,95.1
2025-06-12 05:56:00,22.9
2025-06-12 20:56:00,73.8
2025-06-12 06:58:00,98.8
2025-06-12 06:11:00,50.0
2025-06-12 16:04:00,68.6
2025-06-12 13:59:00,92.1
2025-06-12 00:50:00,64.8
2025-06-12 09:54:00,74.0
2025-06-12 21:31:00,23.3
2025-06-12 13:15:00,1.6
2025-06-12 20:31:00,43.9
2025-06-12 10:46:00,65.4
2025-06-12 08:36:00,28.0
2025-06-12 14:24:00,23.0
2025-06-12 14:31:00,86.0
2025-06-12 22:11:00,26.0
2025-06-12 16:41:00,49.84418741885991
2025-06-12 01:08:00,34.5
2025-06-12 17:38:00,55.7
2025-06-12 11:46:00,72.5
2025-06-12 13:49:00,39.9
2025-06-12 06:25:00,62.0
2025-06-12 23:46:00,23.3
2025-06-12 09:46:00,86.5
2025-06-12 05:24:00,9.5
2025-06-12 22:16:00,66.6
2025-06-12 17:53:00,0.5
2025-06-12 19:59:00,57.6
2025-06-12 11:33:00,4.4
2025-06-12 08:26:00,27.9
2025-06-12 11:42:00,32.9
2025-06-12 07:17:00,14.2
2025-06-12 19:04:00,53.6
2025-06-12 13:02:00,41.2
2025-06-12 05:52:00,71.6
2025-06-12 03:02:00,81.8
2025-06-12 20:18:00,92.8
2025-06-12 04:29:00,93.1
2025-06-12 14:14:00,49.84418741885991
2025-06-12 01:32:00,49.84418741885991
2025-06-12 19:02:00,49.84418741885991
2025-06-12 23:24:00,9.9
2025-06-12 19:27:00,46.0
2025-06-12 20:53:00,50.2
2025-06-12 15:37:00,49.84418741885991
2025-06-12 09:42:00,96.0
2025-06-12 23:34:00,37.3
2025-06-12 02:01:00,88.6
2025-06-12 22:00:00,46.0
2025-06-12 05:40:00,49.84418741885991
2025-06-12 00:10:00,9.0
2025-06-12 06:08:00,49.84418741885991
2025-06-12 18:32:00,92.7
2025-06-12 09:08:00,91.8
2025-06-12 07:46:00,11.4
2025-06-12 08:07:00,57.5
2025-06-12 11:08:00,64.9
2025-06-12 05:08:00,47.0
2025-06-12 04:32:00,49.84418741885991
2025-06-12 07:28:00,94.4
2025-06-12 09:59:00,64.3
2025-06-12 12:27:00,54.0
2025-06-12 16:40:00,49.84418741885991
2025-06-12 02:52:00,32.3
2025-06-12 12:34:00,19.1
2025-06-12 07:27:00,56.9
2025-06-12 11:21:00,47.0
2025-06-12 14:39:00,49.84418741885991
2025-06-12 06:17:00,26.3
2025-06-12 00:46:00,4.4
2025-06-12 06:36:00,98.7
2025-06-12 21:57:00,44.3
2025-06-12 16:29:00,3.2
2025-06-12 20:52:00,14.1
2025-06-12 14:11:00,88.2
2025-06-12 07:34:00,68.7
2025-06-12 05:21:00,73.6
2025-06-12 13:55:00,49.84418741885991
2025-06-12 09:18:00,5.8
2025-06-12 01:04:00,30.4
2025-06-12 01:11:00,82.3
2025-06-12 15:18:00,49.84418741885991
2025-06-12 02:54:00,43.5
2025-06-12 11:06:00,9.9
2025-06-12 03:22:00,0.0
2025-06-12 14:25:00,95.4
2025-06-12 03:27:00,93.8
2025-06-12 03:39:00,49.84418741885991
2025-06-12 00:11:00,43.6
2025-06-12 20:44:00,68.2
2025-06-12 12:36:00,28.6
2025-06-12 09:17:00,16.5
2025-06-12 06:31:00,13.1
2025-06-12 11:19:00,40.1
2025-06-12 16:02:00,78.8
2025-06-12 09:38:00,11.0
2025-06-12 13:17:00,40.0
2025-06-12 02:26:00,28.9
2025-06-12 01:41:00,92.8
2025-06-12 13:22:00,94.4
2025-06-12 10:12:00,40.8
2025-06-12 09:57:00,78.8
2025-06-12 02:57:00,56.2
2025-06-12 11:56:00,0.3
2025-06-12 22:10:00,76.5
2025-06-12 13:30:00,49.2
2025-06-12 06:16:00,31.9
2025-06-12 17:58:00,26.3
2025-06-12 16:36:00,66.6
2025-06-12 19:01:00,64.2
2025-06-12 14:59:00,49.84418741885991
2025-06-12 03:33:00,95.4
2025-06-12 21:29:00,95.4
2025-06-12 06:29:00,82.0
2025-06-12 06:45:00,47.9
2025-06-12 11:27:00,52.6
2025-06-12 07:00:00,49.84418741885991
2025-06-12 23:57:00,24.4
2025-06-12 12:05:00,49.84418741885991
2025-06-12 11:57:00,85.7
2025-06-12 21:23:00,19.5
2025-06-12 07:06:00,33.5
2025-06-12 19:32:00,68.1
2025-06-12 01:57:00,47.3
2025-06-12 13:01:00,63.9
2025-06-12 01:10:00,7.6
2025-06-12 00:32:00,94.8
2025-06-12 17:40:00,99.8
2025-06-12 13:46:00,57.5
2025-06-12 03:11:00,76.7
2025-06-12 11:41:00,60.4
2025-06-12 15:09:00,88.1
2025-06-12 07:41:00,10.5
2025-06-12 08:49:00,34.0
2025-06-12 15:44:00,96.2
2025-06-12 17:17:00,44.4
2025-06-12 19:06:00,20.2
2025-06-12 05:38:00,67.4
2025-06-12 17:52:00,49.84418741885991
2025-06-12 10:33:00,76.8
2025-06-12 16:35:00,71.7
2025-06-12 01:45:00,51.9
2025-06-12 23:26:00,20.3
2025-06-12 16:03:00,17.8
2025-06-12 10:44:00,33.9
2025-06-12 18:57:00,49.84418741885991
2025-06-12 01:31:00,67.6
2025-06-12 18:38:00,55.4
2025-06-12 22:33:00,49.84418741885991
2025-06-12 02:50:00,54.3
2025-06-12 16:33:00,49.84418741885991
2025-06-12 16:32:00,0.6
2025-06-12 23:20:00,10.7
2025-06-12 19:21:00,7.6
2025-06-12 08:41:00,8.0
2025-06-12 13:36:00,66.3
2025-06-12 22:12:00,65.9
2025-06-12 18:15:00,81.5
2025-06-12 15:15:00,49.84418741885991
2025-06-12 11:02:00,77.8
2025-06-12 23:00:00,52.7
2025-06-12 08:38:00,92.9
2025-06-12 20:07:00,58.5
2025-06-12 03:23:00,22.4
2025-06-12 15:24:00,75.4
2025-06-12 05:57:00,60.1
2025-06-12 13:37:00,51.1
2025-06-12 19:13:00,25.4
2025-06-12 18:29:00,13.2
2025-06-12 13:24:00,90.8
2025-06-12 02:13:00,49.84418741885991
2025-06-12 15:57:00,99.8
2025-06-12 16:00:00,49.84418741885991
2025-06-12 22:51:00,72.4
2025-06-12 21:22:00,52.2
2025-06-12 07:15:00,63.7
2025-06-12 14:49:00,37.7
2025-06-12 12:22:00,67.9
2025-06-12 22:54:00,13.1
2025-06-12 10:29:00,2.1
2025-06-12 00:45:00,49.84418741885991
2025-06-12 11:55:00,12.3
2025-06-12 23:47:00,49.84418741885991
2025-06-12 18:06:00,73.9
2025-06-12 14:03:00,75.9
2025-06-12 10:58:00,25.6
2025-06-12 06:27:00,46.3
2025-06-12 23:35:00,62.1
2025-06-12 12:18:00,35.9
2025-06-12 15:49:00,53.4
2025-06-12 21:10:00,60.7
2025-06-12 19:47:00,49.84418741885991
2025-06-12 06:26:00,49.84418741885991
2025-06-12 22:34:00,77.2
2025-06-12 05:54:00,66.4
2025-06-12 01:21:00,96.9
2025-06-12 22:26:00,75.4
2025-06-12 20:33:00,30.9
2025-06-12 17:25:00,68.4
2025-06-12 22:45:00,35.6
2025-06-12 02:43:00,38.7
2025-06-12 09:34:00,63.2
2025-06-12 13:12:00,95.1
2025-06-12 20:11:00,29.1
2025-06-12 16:16:00,13.8
2025-06-12 06:34:00,37.1
2025-06-12 22:07:00,13.2
2025-06-12 05:32:00,2.0
2025-06-12 12:29:00,32.3
2025-06-12 05:27:00,96.3
2025-06-12 00:34:00,49.84418741885991
2025-06-12 06:41:00,35.1
2025-06-12 19:43:00,20.5
2025-06-12 08:19:00,42.3
2025-06-12 23:08:00,7.3
2025-06-12 04:23:00,29.6
2025-06-12 02:33:00,26.4
2025-06-12 16:34:00,49.84418741885991
2025-06-12 17:50:00,74.6
2025-06-12 21:13:00,52.6
2025-06-12 05:43:00,86.7
2025-06-12 17:31:00,7.8
2025-06-12 09:31:00,10.7
2025-06-12 00:56:00,55.0
2025-06-12 00:08:00,3.9
2025-06-12 19:00:00,22.9
2025-06-12 18:18:00,49.84418741885991
2025-06-12 16:22:00,35.7
2025-06-12 18:23:00,44.4
2025-06-12 18:27:00,55.2
2025-06-12 03:26:00,28.1
2025-06-12 02:53:00,52.9
2025-06-12 09:05:00,54.6
2025-06-12 22:56:00,77.2
2025-06-12 14:04:00,34.0
2025-06-12 14:56:00,96.6
2025-06-12 01:06:00,14.2
2025-06-12 01:37:00,32.3
2025-06-12 05:07:00,98.1
2025-06-12 02:39:00,38.9
2025-06-12 06:20:00,57.9
2025-06-12 10:50:00,49.84418741885991
2025-06-12 12:31:00,59.9
2025-06-12 14:33:00,14.0
2025-06-12 01:14:00,29.3
2025-06-12 18:20:00,94.7
2025-06-12 07:43:00,94.0
2025-06-12 06:28:00,53.7
2025-06-12 15:51:00,32.7
2025-06-12 09:51:00,14.0
2025-06-12 07:58:00,64.1
2025-06-12 18:59:00,0.6
2025-06-12 14:50:00,67.8
2025-06-12 20:01:00,58.5
2025-06-12 06:13:00,3.0
2025-06-12 12:59:00,46.2
2025-06-12 08:01:00,75.6
2025-06-12 21:10:00,18.7
2025-06-12 11:48:00,5.0
2025-06-12 04:37:00,40.1
2025-06-12 13:25:00,59.7
2025-06-12 04:10:00,6.5
2025-06-12 19:06:00,28.0
2025-06-12 04:31:00,61.4
2025-06-12 02:17:00,50.31892714921527
2025-06-12 08:56:00,89.8
2025-06-12 15:39:00,10.0
2025-06-12 04:51:00,54.5
2025-06-12 07:24:00,0.8
2025-06-12 04:19:00,23.2
2025-06-12 01:04:00,65.7
2025-06-12 10:22:00,50.31892714921527
2025-06-12 09:41:00,50.31892714921527
2025-06-12 22:14:00,84.6
2025-06-12 14:31:00,61.6
2025-06-12 22:24:00,4.7
2025-06-12 03:56:00,89.3
2025-06-12 18:14:00,50.31892714921527
2025-06-12 08:30:00,50.31892714921527
2025-06-12 18:00:00,46.8
2025-06-12 13:01:00,94.1
2025-06-12 07:32:00,37.4
2025-06-12 02:46:00,83.4
2025-06-12 06:37:00,64.0
2025-06-12 22:59:00,5.3
2025-06-12 11:49:00,62.1
2025-06-12 17:19:00,50.2
2025-06-12 10:27:00,32.0
2025-06-12 10:59:00,11.0
2025-06-12 18:32:00,10.0
2025-06-12 06:36:00,66.1
2025-06-12 01:21:00,64.9
2025-06-12 04:43:00,66.1
2025-06-12 16:32:00,62.5
2025-06-12 11:32:00,26.9
2025-06-12 15:36:00,78.6
2025-06-12 05:12:00,19.1
2025-06-12 18:18:00,50.0
2025-06-12 13:31:00,50.31892714921527
2025-06-12 01:30:00,94.9
2025-06-12 08:59:00,26.4
2025-06-12 17:42:00,57.4
2025-06-12 21:13:00,37.8
2025-06-12 08:05:00,60.7
2025-06-12 13:21:00,74.3
2025-06-12 19:03:00,6.7
2025-06-12 03:22:00,83.6
2025-06-12 19:15:00,50.31892714921527
2025-06-12 20:44:00,43.1
2025-06-12 17:28:00,93.3
2025-06-12 11:17:00,44.3
2025-06-12 03:10:00,24.5
2025-06-12 03:11:00,41.2
2025-06-12 01:35:00,50.31892714921527
2025-06-12 14:03:00,88.1
2025-06-12 01:06:00,73.0
2025-06-12 09:29:00,70.9
2025-06-12 00:47:00,17.5
2025-06-12 01:12:00,16.8
2025-06-12 05:16:00,90.7
2025-06-12 02:28:00,35.7
2025-06-12 04:36:00,33.6
2025-06-12 00:41:00,61.0
2025-06-12 21:39:00,61.2
2025-06-12 10:55:00,67.8
2025-06-12 20:22:00,59.2
2025-06-12 00:57:00,21.0
2025-06-12 14:18:00,67.2
2025-06-12 21:11:00,78.6
2025-06-12 23:41:00,51.5
2025-06-12 18:15:00,56.9
2025-06-12 12:45:00,63.1
2025-06-12 14:27:00,46.6
2025-06-12 15:19:00,25.5
2025-06-12 08:39:00,73.7
2025-06-12 11:13:00,71.0
2025-06-12 09:45:00,50.31892714921527
2025-06-12 00:26:00,3.1
2025-06-12 03:18:00,4.1
2025-06-12 11:30:00,56.0
2025-06-12 13:29:00,94.7
2025-06-12 05:05:00,61.9
2025-06-12 01:46:00,83.0
2025-06-12 04:42:00,14.1
2025-06-12 08:41:00,50.31892714921527
2025-06-12 21:20:00,32.5
2025-06-12 04:20:00,6.6
2025-06-12 03:21:00,70.6
2025-06-12 18:16:00,91.9
2025-06-12 18:46:00,58.3
2025-06-12 10:09:00,50.31892714921527
2025-06-12 19:43:00,60.1
2025-06-12 14:41:00,85.8
2025-06-12 02:29:00,62.3
2025-06-12 02:07:00,89.1
2025-06-12 11:00:00,74.0
2025-06-12 01:29:00,64.0
2025-06-12 15:28:00,93.9
2025-06-12 02:55:00,5.1
2025-06-12 15:48:00,28.4
2025-06-12 09:39:00,49.9
2025-06-12 22:35:00,15.7
2025-06-12 06:51:00,23.1
2025-06-12 10:12:00,50.31892714921527
2025-06-12 01:47:00,58.2
2025-06-12 08:16:00,80.9
2025-06-12 03:23:00,61.9
2025-06-12 08:31:00,38.0
2025-06-12 09:26:00,98.2
2025-06-12 16:15:00,71.4
2025-06-12 12:30:00,95.6
2025-06-12 15:54:00,80.8
2025-06-12 00:24:00,24.3
2025-06-12 20:10:00,84.2
2025-06-12 20:45:00,42.9
2025-06-12 05:33:00,12.9
2025-06-12 00:02:00,50.31892714921527
2025-06-12 10:01:00,96.5
2025-06-12 20:00:00,26.3
2025-06-12 01:07:00,50.31892714921527
2025-06-12 16:05:00,24.7
2025-06-12 05:07:00,55.4
2025-06-12 12:41:00,67.1
2025-06-12 12:20:00,44.7
2025-06-12 19:14:00,4.1
2025-06-12 22:39:00,27.2
2025-06-12 02:23:00,8.7
2025-06-12 10:16:00,49.5
2025-06-12 17:02:00,86.4
2025-06-12 05:37:00,8.6
2025-06-12 03:17:00,15.8
2025-06-12 20:42:00,65.8
2025-06-12 14:40:00,50.31892714921527
2025-06-12 01:05:00,74.3
2025-06-12 00:34:00,99.8
2025-06-12 13:20:00,92.1
2025-06-12 06:14:00,63.8
2025-06-12 15:26:00,50.31892714921527
2025-06-12 03:16:00,6.4
2025-06-12 11:34:00,50.31892714921527
2025-06-12 03:35:00,39.7
2025-06-12 16:12:00,74.7
2025-06-12 05:51:00,5.4
2025-06-12 19:04:00,36.0
2025-06-12 10:47:00,50.4
2025-06-12 19:27:00,10.3
2025-06-12 11:44:00,50.31892714921527
2025-06-12 17:59:00,50.31892714921527
2025-06-12 08:18:00,51.9
2025-06-12 02:06:00,69.7
2025-06-12 14:29:00,55.4
2025-06-12 03:33:00,74.9
2025-06-12 07:07:00,92.6
2025-06-12 15:05:00,49.8
2025-06-12 18:49:00,80.4
2025-06-12 03:50:00,83.2
2025-06-12 21:03:00,34.8
2025-06-12 09:09:00,37.4
2025-06-12 08:47:00,8.6
2025-06-12 17:34:00,68.1
2025-06-12 01:22:00,75.9
2025-06-12 20:18:00,50.31892714921527
2025-06-12 19:29:00,0.9
2025-06-12 04:17:00,87.3
2025-06-12 07:29:00,54.4
2025-06-12 06:39:00,37.0
2025-06-12 23:20:00,92.2
2025-06-12 05:40:00,41.4
2025-06-12 04:12:00,49.3
2025-06-12 19:37:00,64.0
2025-06-12 10:23:00,91.8
2025-06-12 03:37:00,46.8
2025-06-12 04:56:00,76.6
2025-06-12 09:35:00,50.31892714921527
2025-06-12 17:45:00,72.3
2025-06-12 05:43:00,53.7
2025-06-12 01:03:00,90.8
2025-06-12 00:55:00,57.8
2025-06-12 11:28:00,74.3
2025-06-12 09:38:00,21.5
2025-06-12 21:42:00,99.7
2025-06-12 13:53:00,59.3
2025-06-12 03:34:00,32.4
2025-06-12 12:16:00,26.1
2025-06-12 11:04:00,50.31892714921527
2025-06-12 06:28:00,53.3
2025-06-12 14:19:00,45.6
2025-06-12 18:23:00,4.9
2025-06-12 04:05:00,68.8
2025-06-12 20:56:00,50.9
2025-06-12 16:37:00,23.0
2025-06-12 17:21:00,7.1
2025-06-12 15:59:00,28.2
2025-06-12 13:37:00,59.5
2025-06-12 00:13:00,86.5
2025-06-12 14:45:00,69.9
2025-06-12 19:57:00,50.31892714921527
2025-06-12 18:27:00,59.4
2025-06-12 08:17:00,68.5
2025-06-12 10:44:00,50.31892714921527
2025-06-12 08:51:00,50.31892714921527
2025-06-12 08:32:00,93.9
2025-06-12 15:35:00,93.8
2025-06-12 06:54:00,50.31892714921527
2025-06-12 06:11:00,56.8
2025-06-12 13:35:00,29.9
2025-06-12 21:41:00,97.8
2025-06-12 03:32:00,50.31892714921527
2025-06-12 03:55:00,7.2
2025-06-12 08:27:00,40.0
2025-06-12 18:30:00,8.9
2025-06-12 23:17:00,77.0
2025-06-12 02:22:00,63.8
2025-06-12 21:18:00,24.6
2025-06-12 07:06:00,50.31892714921527
2025-06-12 13:17:00,54.1
2025-06-12 13:22:00,85.3
2025-06-12 10:30:00,86.6
2025-06-12 07:55:00,50.31892714921527
2025-06-12 20:53:00,50.31892714921527
2025-06-12 04:22:00,13.3
2025-06-12 00:22:00,71.6
2025-06-12 15:31:00,92.3
2025-06-12 17:00:00,67.3
2025-06-12 18:35:00,30.4
2025-06-12 06:10:00,50.31892714921527
2025-06-12 03:08:00,1.9
2025-06-12 04:41:00,70.7
2025-06-12 06:55:00,71.7
2025-06-12 01:59:00,50.31892714921527
2025-06-12 15:38:00,45.2
2025-06-12 10:35:00,50.31892714921527
2025-06-12 14:05:00,41.8
2025-06-12 19:39:00,61.7
2025-06-12 16:54:00,46.7
2025-06-12 13:00:00,45.5
2025-06-12 21:33:00,91.5
2025-06-12 15:17:00,50.31892714921527
2025-06-12 16:16:00,95.6
2025-06-12 18:58:00,62.3
2025-06-12 12:33:00,87.3
2025-06-12 00:46:00,97.3
2025-06-12 06:32:00,61.8
2025-06-12 20:38:00,12.6
2025-06-12 01:14:00,36.4
2025-06-12 10:04:00,43.2
2025-06-12 08:44:00,4.0
2025-06-12 23:13:00,17.4
2025-06-12 11:54:00,31.6
2025-06-12 07:10:00,12.6
2025-06-12 19:36:00,63.6
2025-06-12 02:53:00,50.31892714921527
2025-06-12 20:11:00,50.31892714921527
2025-06-12 03:14:00,98.3
2025-06-12 08:58:00,12.3
2025-06-12 15:51:00,14.6
2025-06-12 05:31:00,40.5
2025-06-12 10:00:00,15.6
2025-06-12 01:53:00,60.9
2025-06-12 10:15:00,91.7
2025-06-12 00:39:00,98.3
2025-06-12 05:47:00,97.8
2025-06-12 16:13:00,77.0
2025-06-12 04:34:00,29.0
2025-06-12 18:50:00,50.31892714921527
2025-06-12 11:22:00,88.6
2025-06-12 04:40:00,24.7
2025-06-12 15:32:00,1.8
2025-06-12 16:25:00,41.3
2025-06-12 17:47:00,10.2
2025-06-12 00:52:00,52.2
2025-06-12 14:12:00,30.9
2025-06-12 00:06:00,33.6
2025-06-12 03:48:00,95.7
2025-06-12 11:36:00,64.2
2025-06-12 14:09:00,43.7
2025-06-12 22:52:00,68.4
2025-06-12 06:06:00,50.31892714921527
2025-06-12 22:12:00,11.3
2025-06-12 00:25:00,50.31892714921527
2025-06-12 21:57:00,33.0
2025-06-12 14:20:00,41.9
2025-06-12 18:40:00,25.7
2025-06-12 21:54:00,62.9
2025-06-12 23:50:00,36.5
2025-06-12 07:36:00,27.5
2025-06-12 17:09:00,9.6
2025-06-12 15:55:00,19.0
2025-06-12 06:30:00,54.9
2025-06-12 02:11:00,55.4
2025-06-12 11:31:00,68.1
2025-06-12 22:08:00,52.4
2025-06-12 23:14:00,98.1
2025-06-12 01:37:00,60.6
2025-06-12 19:49:00,46.6
2025-06-12 03:20:00,45.1
2025-06-12 07:53:00,83.9
2025-06-12 22:00:00,51.6
2025-06-12 23:40:00,50.31892714921527
2025-06-12 14:51:00,53.4
2025-06-12 23:15:00,54.2
2025-06-12 13:03:00,50.31892714921527
2025-06-12 11:53:00,91.3
2025-06-12 12:49:00,68.9
2025-06-12 19:13:00,7.5
2025-06-12 17:30:00,78.4
2025-06-12 22:53:00,50.31892714921527
2025-06-12 16:01:00,76.6
2025-06-12 19:23:00,19.1
2025-06-12 16:11:00,6.5
2025-06-12 01:51:00,67.3
2025-06-12 22:50:00,64.2
2025-06-12 03:46:00,69.0
2025-06-12 03:51:00,50.31892714921527
2025-06-12 10:21:00,26.8
2025-06-12 11:18:00,36.5
2025-06-12 15:08:00,1.1
2025-06-12 23:05:00,50.9
2025-06-12 11:38:00,25.6
2025-06-12 19:16:00,96.0
2025-06-12 19:58:00,99.4
2025-06-12 01:00:00,42.7
2025-06-12 06:33:00,57.1
2025-06-12 14:43:00,97.9
2025-06-12 22:10:00,20.7
2025-06-12 14:38:00,43.7
2025-06-12 09:36:00,88.3
2025-06-12 23:30:00,96.6
2025-06-12 20:07:00,31.1
2025-06-12 20:02:00,8.3
2025-06-12 22:17:00,6.1
2025-06-12 06:43:00,88.8
2025-06-12 17:34:00,30.3
2025-06-12 11:04:00,49.91221338324755
2025-06-12 09:03:00,70.6
2025-06-12 07:51:00,9.1
2025-06-12 07:28:00,23.8
2025-06-12 10:03:00,77.0
2025-06-12 00:04:00,5.4
2025-06-12 14:25:00,42.8
2025-06-12 19:09:00,8.4
2025-06-12 16:40:00,30.0
2025-06-12 16:19:00,34.8
2025-06-12 01:15:00,0.3
2025-06-12 15:42:00,88.4
2025-06-12 02:46:00,5.9
2025-06-12 14:23:00,75.2
2025-06-12 03:40:00,55.7
2025-06-12 22:49:00,57.5
2025-06-12 14:37:00,49.91221338324755
2025-06-12 10:02:00,59.9
2025-06-12 18:33:00,53.7
2025-06-12 08:05:00,47.0
2025-06-12 05:19:00,17.0
2025-06-12 09:06:00,49.91221338324755
2025-06-12 12:44:00,21.3
2025-06-12 01:07:00,33.8
2025-06-12 05:46:00,49.91221338324755
2025-06-12 22:03:00,18.4
2025-06-12 22:01:00,89.7
2025-06-12 14:44:00,47.6
2025-06-12 05:25:00,96.6
2025-06-12 15:43:00,51.1
2025-06-12 06:58:00,63.5
2025-06-12 03:25:00,14.3
2025-06-12 10:26:00,97.7
2025-06-12 07:12:00,39.8
2025-06-12 19:06:00,98.2
2025-06-12 21:04:00,28.6
2025-06-12 18:28:00,4.3
2025-06-12 15:03:00,51.5
2025-06-12 20:47:00,65.4
2025-06-12 17:06:00,31.4
2025-06-12 18:58:00,49.91221338324755
2025-06-12 01:21:00,46.7
2025-06-12 19:12:00,29.9
2025-06-12 06:18:00,90.5
2025-06-12 23:47:00,13.7
2025-06-12 23:20:00,9.4
2025-06-12 01:03:00,49.0
2025-06-12 13:03:00,5.7
2025-06-12 17:07:00,89.0
2025-06-12 04:58:00,97.1
2025-06-12 07:59:00,89.9
2025-06-12 09:00:00,9.9
2025-06-12 20:10:00,49.1
2025-06-12 11:01:00,22.5
2025-06-12 00:42:00,12.0
2025-06-12 22:24:00,18.3
2025-06-12 00:22:00,22.0
2025-06-12 17:44:00,9.8
2025-06-12 23:11:00,83.0
2025-06-12 19:03:00,15.6
2025-06-12 05:06:00,15.2
2025-06-12 21:38:00,49.91221338324755
2025-06-12 17:37:00,41.5
2025-06-12 04:56:00,3.6
2025-06-12 03:10:00,14.6
2025-06-12 23:35:00,49.91221338324755
2025-06-12 11:34:00,42.5
2025-06-12 06:02:00,49.91221338324755
2025-06-12 07:35:00,87.0
2025-06-12 04:12:00,90.2
2025-06-12 02:32:00,0.2
2025-06-12 04:37:00,86.7
2025-06-12 15:05:00,9.3
2025-06-12 10:33:00,6.1
2025-06-12 01:38:00,39.4
2025-06-12 01:55:00,49.91221338324755
2025-06-12 01:01:00,13.4
2025-06-12 10:12:00,49.91221338324755
2025-06-12 08:14:00,99.5
2025-06-12 21:45:00,42.2
2025-06-12 09:42:00,49.91221338324755
2025-06-12 12:48:00,61.5
2025-06-12 12:03:00,62.3
2025-06-12 06:05:00,35.0
2025-06-12 23:13:00,20.5
2025-06-12 15:47:00,16.0
2025-06-12 08:19:00,32.4
2025-06-12 18:07:00,33.3
2025-06-12 15:28:00,49.91221338324755
2025-06-12 03:20:00,11.5
2025-06-12 16:44:00,6.3
2025-06-12 16:48:00,34.8
2025-06-12 17:17:00,89.7
2025-06-12 01:11:00,42.4
2025-06-12 00:58:00,28.2
2025-06-12 12:15:00,6.8
2025-06-12 07:21:00,89.6
2025-06-12 21:06:00,35.9
2025-06-12 04:50:00,49.91221338324755
2025-06-12 05:14:00,23.9
2025-06-12 21:57:00,49.91221338324755
2025-06-12 06:10:00,26.5
2025-06-12 05:27:00,91.6
2025-06-12 18:24:00,61.3
2025-06-12 15:57:00,98.2
2025-06-12 23:04:00,98.3
2025-06-12 15:00:00,64.7
2025-06-12 17:59:00,46.3
2025-06-12 00:18:00,62.0
2025-06-12 00:52:00,49.91221338324755
2025-06-12 15:50:00,41.5
2025-06-12 18:09:00,41.6
2025-06-12 07:00:00,80.6
2025-06-12 07:11:00,80.1
2025-06-12 08:15:00,58.3
2025-06-12 14:33:00,49.91221338324755
2025-06-12 17:45:00,75.1
2025-06-12 18:04:00,93.9
2025-06-12 08:47:00,74.6
2025-06-12 14:06:00,57.6
2025-06-12 22:19:00,86.7
2025-06-12 17:23:00,41.5
2025-06-12 08:08:00,18.1
2025-06-12 21:32:00,39.8
2025-06-12 11:46:00,92.5
2025-06-12 07:46:00,94.2
2025-06-12 12:12:00,99.7
2025-06-12 18:11:00,24.0
2025-06-12 08:58:00,49.91221338324755
2025-06-12 13:15:00,27.0
2025-06-12 19:41:00,78.9
2025-06-12 08:04:00,49.91221338324755
2025-06-12 01:25:00,49.91221338324755
2025-06-12 11:10:00,22.2
2025-06-12 02:08:00,35.9
2025-06-12 07:36:00,23.4
2025-06-12 09:14:00,31.3
2025-06-12 00:25:00,71.6
2025-06-12 16:55:00,47.3
2025-06-12 21:58:00,22.0
2025-06-12 20:12:00,49.91221338324755
2025-06-12 12:26:00,58.5
2025-06-12 17:47:00,78.1
2025-06-12 04:18:00,68.8
2025-06-12 09:55:00,46.2
2025-06-12 02:47:00,20.1
2025-06-12 01:31:00,86.7
2025-06-12 10:57:00,63.0
2025-06-12 04:25:00,64.7
2025-06-12 22:40:00,67.9
2025-06-12 10:07:00,49.91221338324755
2025-06-12 13:44:00,79.9
2025-06-12 18:54:00,49.91221338324755
2025-06-12 08:41:00,49.91221338324755
2025-06-12 21:46:00,0.7
2025-06-12 15:36:00,54.9
2025-06-12 16:07:00,49.91221338324755
2025-06-12 10:43:00,53.5
2025-06-12 12:33:00,5.0
2025-06-12 11:21:00,38.8
2025-06-12 15:23:00,16.2
2025-06-12 17:41:00,88.1
2025-06-12 20:11:00,69.5
2025-06-12 23:37:00,28.4
2025-06-12 03:15:00,49.91221338324755
2025-06-12 15:17:00,24.8
2025-06-12 13:43:00,41.8
2025-06-12 15:51:00,16.9
2025-06-12 23:59:00,10.8
2025-06-12 05:52:00,72.8
2025-06-12 09:47:00,44.8
2025-06-12 16:11:00,83.1
2025-06-12 13:21:00,59.1
2025-06-12 11:37:00,25.1
2025-06-12 02:43:00,49.91221338324755
2025-06-12 16:23:00,17.3
2025-06-12 21:08:00,76.6
2025-06-12 15:48:00,94.7
2025-06-12 03:29:00,95.9
2025-06-12 17:05:00,96.7
2025-06-12 11:36:00,82.6
2025-06-12 10:21:00,49.91221338324755
2025-06-12 09:29:00,80.4
2025-06-12 04:16:00,26.1
2025-06-12 05:38:00,83.9
2025-06-12 17:15:00,43.0
2025-06-12 15:13:00,41.6
2025-06-12 07:57:00,88.5
2025-06-12 21:49:00,66.0
2025-06-12 18:51:00,49.91221338324755
2025-06-12 23:01:00,94.0
2025-06-12 15:59:00,52.1
2025-06-12 01:54:00,92.2
2025-06-12 19:28:00,55.4
2025-06-12 21:01:00,26.0
2025-06-12 14:07:00,88.6
2025-06-12 22:41:00,52.7
2025-06-12 06:22:00,31.1
2025-06-12 02:36:00,49.91221338324755
2025-06-12 04:22:00,81.4
2025-06-12 14:30:00,91.1
2025-06-12 19:01:00,97.6
2025-06-12 09:59:00,27.6
2025-06-12 13:30:00,67.3
2025-06-12 15:27:00,49.91221338324755
2025-06-12 19:51:00,67.5
2025-06-12 01:56:00,12.0
2025-06-12 20:40:00,49.91221338324755
2025-06-12 23:58:00,49.91221338324755
2025-06-12 15:07:00,53.3
2025-06-12 22:57:00,32.2
2025-06-12 19:55:00,25.7
2025-06-12 13:09:00,49.91221338324755
2025-06-12 00:17:00,68.6
2025-06-12 16:42:00,87.6
2025-06-12 19:59:00,48.6
2025-06-12 07:18:00,48.5
2025-06-12 07:30:00,49.91221338324755
2025-06-12 00:27:00,79.0
2025-06-12 09:23:00,76.1
2025-06-12 14:47:00,83.2
2025-06-12 19:36:00,49.91221338324755
2025-06-12 14:29:00,69.3
2025-06-12 19:14:00,37.5
2025-06-12 19:07:00,47.6
2025-06-12 14:24:00,10.4
2025-06-12 11:38:00,15.6
2025-06-12 21:43:00,7.6
2025-06-12 12:05:00,5.1
2025-06-12 02:53:00,13.2
2025-06-12 04:40:00,39.4
2025-06-12 03:32:00,26.7
2025-06-12 09:46:00,49.91221338324755
2025-06-12 23:19:00,53.4
2025-06-12 23:03:00,81.2
2025-06-12 11:14:00,49.91221338324755
2025-06-12 13:20:00,0.6
2025-06-12 22:31:00,35.6
2025-06-12 12:43:00,45.9
2025-06-12 06:16:00,49.91221338324755
2025-06-12 07:03:00,95.9
2025-06-12 08:28:00,39.4
2025-06-12 16:01:00,90.6
2025-06-12 04:53:00,26.0
2025-06-12 22:18:00,40.5
2025-06-12 18:18:00,52.7
2025-06-12 07:52:00,12.6
2025-06-12 22:21:00,73.5
2025-06-12 21:11:00,97.0
2025-06-12 14:58:00,35.8
2025-06-12 02:02:00,47.3
2025-06-12 08:33:00,15.2
2025-06-12 08:29:00,33.0
2025-06-12 07:43:00,45.6
2025-06-12 21:52:00,57.7
2025-06-12 14:51:00,17.9
2025-06-12 07:44:00,59.9
2025-06-12 21:02:00,3.0
2025-06-12 23:16:00,68.1
2025-06-12 10:22:00,68.2
2025-06-12 06:24:00,80.2
2025-06-12 21:30:00,12.1
2025-06-12 18:55:00,39.5
2025-06-12 09:38:00,41.5
2025-06-12 08:01:00,34.1
2025-06-12 02:31:00,49.91221338324755
2025-06-12 03:02:00,4.4
2025-06-12 11:07:00,44.9
2025-06-12 10:42:00,3.6
2025-06-12 01:33:00,0.4
2025-06-12 19:02:00,85.4
2025-06-12 16:45:00,8.2
2025-06-12 06:41:00,45.2
2025-06-12 02:27:00,77.3
2025-06-12 07:25:00,49.91221338324755
2025-06-12 23:46:00,37.9
2025-06-12 10:13:00,49.91221338324755
2025-06-12 17:41:00,65.4
2025-06-12 14:32:00,26.3
2025-06-12 16:06:00,52.5
2025-06-12 13:16:00,96.1
2025-06-12 16:22:00,95.3
2025-06-12 16:32:00,75.3
2025-06-12 22:01:00,76.9
2025-06-12 21:47:00,50.557353635505194
2025-06-12 10:30:00,14.0
2025-06-12 22:29:00,77.2
2025-06-12 03:37:00,52.2
2025-06-12 22:03:00,47.4
2025-06-12 06:22:00,1.9
2025-06-12 12:19:00,93.7
2025-06-12 11:25:00,52.0
2025-06-12 11:37:00,29.1
2025-06-12 08:17:00,70.3
2025-06-12 11:08:00,90.6
2025-06-12 00:54:00,80.8
2025-06-12 06:36:00,4.1
2025-06-12 20:36:00,96.2
2025-06-12 10:52:00,10.7
2025-06-12 07:44:00,28.7
2025-06-12 13:38:00,45.2
2025-06-12 01:07:00,18.6
2025-06-12 15:00:00,70.1
2025-06-12 10:58:00,64.2
2025-06-12 19:54:00,5.5
2025-06-12 23:52:00,34.9
2025-06-12 02:35:00,58.5
2025-06-12 16:41:00,54.2
2025-06-12 19:36:00,38.6
2025-06-12 03:22:00,46.8
2025-06-12 18:13:00,32.7
2025-06-12 00:18:00,17.9
2025-06-12 22:52:00,33.7
2025-06-12 16:20:00,88.8
2025-06-12 12:05:00,43.9
2025-06-12 05:42:00,68.7
2025-06-12 00:58:00,94.4
2025-06-12 17:16:00,74.2
2025-06-12 10:40:00,58.0
2025-06-12 18:56:00,76.2
2025-06-12 01:10:00,79.3
2025-06-12 02:36:00,47.9
2025-06-12 02:49:00,50.557353635505194
2025-06-12 10:56:00,84.1
2025-06-12 15:06:00,50.557353635505194
2025-06-12 04:31:00,9.6
2025-06-12 02:57:00,50.557353635505194
2025-06-12 01:19:00,58.6
2025-06-12 06:43:00,5.8
2025-06-12 03:07:00,40.0
2025-06-12 04:08:00,4.6
2025-06-12 18:31:00,25.0
2025-06-12 15:38:00,50.557353635505194
2025-06-12 02:27:00,2.1
2025-06-12 07:33:00,34.1
2025-06-12 03:29:00,18.9
2025-06-12 23:29:00,52.7
2025-06-12 15:25:00,1.4
2025-06-12 04:30:00,50.557353635505194
2025-06-12 12:33:00,42.8
2025-06-12 10:25:00,57.5
2025-06-12 02:58:00,83.1
2025-06-12 19:05:00,50.557353635505194
2025-06-12 01:57:00,47.7
2025-06-12 15:02:00,42.7
2025-06-12 01:00:00,15.4
2025-06-12 04:42:00,68.9
2025-06-12 18:27:00,1.2
2025-06-12 10:27:00,50.557353635505194
2025-06-12 00:56:00,84.6
2025-06-12 17:08:00,38.4
2025-06-12 21:31:00,24.4
2025-06-12 00:05:00,82.2
2025-06-12 06:40:00,75.8
2025-06-12 06:25:00,5.1
2025-06-12 14:15:00,96.5
2025-06-12 13:50:00,85.9
2025-06-12 23:54:00,23.2
2025-06-12 13:52:00,34.0
2025-06-12 09:22:00,19.3
2025-06-12 05:54:00,6.5
2025-06-12 00:53:00,60.5
2025-06-12 13:10:00,5.7
2025-06-12 23:01:00,50.557353635505194
2025-06-12 21:15:00,13.4
2025-06-12 05:09:00,50.557353635505194
2025-06-12 16:26:00,32.0
2025-06-12 05:56:00,50.557353635505194
2025-06-12 01:58:00,26.9
2025-06-12 00:15:00,41.8
2025-06-12 20:01:00,6.1
2025-06-12 03:57:00,9.0
2025-06-12 03:16:00,63.5
2025-06-12 10:17:00,72.3
2025-06-12 17:46:00,90.3
2025-06-12 18:28:00,2.3
2025-06-12 11:38:00,50.557353635505194
2025-06-12 02:59:00,22.6
2025-06-12 10:02:00,50.557353635505194
2025-06-12 02:45:00,80.5
2025-06-12 22:40:00,93.2
2025-06-12 10:34:00,73.2
2025-06-12 17:02:00,22.3
2025-06-12 04:37:00,35.7
2025-06-12 02:05:00,67.2
2025-06-12 16:14:00,15.4
2025-06-12 13:42:00,50.557353635505194
2025-06-12 07:57:00,2.3
2025-06-12 12:18:00,56.7
2025-06-12 21:12:00,19.1
2025-06-12 04:29:00,4.7
2025-06-12 22:55:00,23.9
2025-06-12 15:51:00,56.5
2025-06-12 11:41:00,30.9
2025-06-12 12:24:00,5.9
2025-06-12 12:08:00,54.5
2025-06-12 15:20:00,81.1
2025-06-12 20:43:00,64.1
2025-06-12 08:21:00,50.557353635505194
2025-06-12 01:02:00,84.6
2025-06-12 02:40:00,7.4
2025-06-12 06:06:00,87.2
2025-06-12 00:30:00,10.5
2025-06-12 03:45:00,88.7
2025-06-12 02:33:00,66.0
2025-06-12 09:24:00,50.557353635505194
2025-06-12 07:40:00,22.5
2025-06-12 07:59:00,50.557353635505194
2025-06-12 18:35:00,60.1
2025-06-12 09:01:00,50.557353635505194
2025-06-12 19:40:00,44.5
2025-06-12 19:39:00,94.6
2025-06-12 20:52:00,92.3
2025-06-12 04:56:00,5.1
2025-06-12 03:00:00,47.5
2025-06-12 13:54:00,28.3
2025-06-12 08:59:00,99.6
2025-06-12 14:42:00,99.8
2025-06-12 00:34:00,1.1
2025-06-12 10:35:00,79.5
2025-06-12 15:15:00,45.2
2025-06-12 09:53:00,50.557353635505194
2025-06-12 09:46:00,50.557353635505194
2025-06-12 06:27:00,57.0
2025-06-12 06:23:00,25.8
2025-06-12 10:47:00,61.0
2025-06-12 04:32:00,50.557353635505194
2025-06-12 06:21:00,6.9
2025-06-12 04:23:00,92.1
2025-06-12 08:55:00,24.9
2025-06-12 11:10:00,32.7
2025-06-12 00:26:00,86.3
2025-06-12 10:22:00,50.4
2025-06-12 21:03:00,99.1
2025-06-12 03:46:00,50.557353635505194
2025-06-12 13:11:00,26.4
2025-06-12 12:14:00,10.4
2025-06-12 03:10:00,60.3
2025-06-12 04:44:00,18.8
2025-06-12 21:37:00,3.7
2025-06-12 15:21:00,1.9
2025-06-12 06:39:00,22.7
2025-06-12 08:25:00,58.0
2025-06-12 02:46:00,50.557353635505194
2025-06-12 19:49:00,50.557353635505194
2025-06-12 20:38:00,33.9
2025-06-12 03:54:00,94.3
2025-06-12 22:54:00,50.557353635505194
2025-06-12 23:03:00,97.2
2025-06-12 02:54:00,41.1
2025-06-12 17:39:00,83.3
2025-06-12 11:00:00,12.8
2025-06-12 18:11:00,29.0
2025-06-12 14:59:00,11.5
2025-06-12 14:14:00,77.4
2025-06-12 09:27:00,47.9
2025-06-12 23:30:00,50.557353635505194
2025-06-12 06:09:00,23.5
2025-06-12 23:44:00,50.557353635505194
2025-06-12 07:49:00,22.9
2025-06-12 04:07:00,28.9
2025-06-12 20:28:00,36.4
2025-06-12 05:53:00,98.6
2025-06-12 01:21:00,50.557353635505194
2025-06-12 12:48:00,82.3
2025-06-12 20:59:00,50.557353635505194
2025-06-12 20:05:00,81.5
2025-06-12 07:12:00,41.4
2025-06-12 16:40:00,85.6
2025-06-12 14:57:00,32.8
2025-06-12 00:55:00,49.0
2025-06-12 07:11:00,50.557353635505194
2025-06-12 05:57:00,1.2
2025-06-12 06:32:00,54.9
2025-06-12 01:54:00,18.9
2025-06-12 19:16:00,94.4
2025-06-12 15:41:00,41.4
2025-06-12 15:52:00,34.9
2025-06-12 09:50:00,44.7
2025-06-12 12:21:00,50.557353635505194
2025-06-12 09:54:00,62.6
2025-06-12 02:11:00,85.9
2025-06-12 08:30:00,94.0
2025-06-12 14:34:00,50.557353635505194
2025-06-12 06:10:00,42.2
2025-06-12 05:00:00,50.557353635505194
2025-06-12 18:04:00,50.557353635505194
2025-06-12 22:58:00,80.2
2025-06-12 13:12:00,50.557353635505194
2025-06-12 00:00:00,37.4
2025-06-12 09:38:00,41.3
2025-06-12 20:14:00,82.9
2025-06-12 18:42:00,69.9
2025-06-12 18:51:00,33.6
2025-06-12 22:53:00,50.557353635505194
2025-06-12 16:13:00,50.557353635505194
2025-06-12 02:04:00,50.557353635505194
2025-06-12 07:52:00,92.6
2025-06-12 18:45:00,30.7
2025-06-12 22:14:00,46.6
2025-06-12 12:23:00,75.0
2025-06-12 07:10:00,8.6
2025-06-12 14:07:00,51.0
2025-06-12 11:04:00,98.9
2025-06-12 17:00:00,38.1
2025-06-12 12:15:00,77.3
2025-06-12 09:06:00,50.557353635505194
2025-06-12 21:51:00,74.0
2025-06-12 09:33:00,78.6
2025-06-12 05:11:00,70.5
2025-06-12 13:00:00,66.7
2025-06-12 02:41:00,95.2
2025-06-12 21:44:00,95.3
2025-06-12 16:55:00,57.0
2025-06-12 05:14:00,80.0
2025-06-12 09:19:00,78.0
2025-06-12 06:38:00,62.7
2025-06-12 18:07:00,35.3
2025-06-12 07:02:00,37.1
2025-06-12 15:04:00,52.9
2025-06-12 00:41:00,70.8
2025-06-12 02:44:00,61.7
2025-06-12 10:03:00,70.4
2025-06-12 00:13:00,75.1
2025-06-12 13:18:00,88.1
2025-06-12 20:48:00,70.9
2025-06-12 17:03:00,79.9
2025-06-12 07:32:00,77.5
2025-06-12 11:40:00,12.9
2025-06-12 20:41:00,93.9
2025-06-12 01:40:00,39.2
2025-06-12 15:42:00,87.2
2025-06-12 08:23:00,17.6
2025-06-12 16:34:00,67.3
2025-06-12 10:49:00,8.6
2025-06-12 22:59:00,96.5
2025-06-12 22:38:00,50.557353635505194
2025-06-12 11:19:00,13.6
2025-06-12 03:41:00,50.557353635505194
2025-06-12 09:32:00,12.9
2025-06-12 12:10:00,41.0
2025-06-12 15:37:00,54.9
2025-06-12 12:26:00,64.5
2025-06-12 16:54:00,19.6
2025-06-12 01:16:00,56.0
2025-06-12 19:00:00,91.2
2025-06-12 18:26:00,93.8
2025-06-12 14:51:00,86.0
2025-06-12 19:29:00,23.9
2025-06-12 00:27:00,50.557353635505194
2025-06-12 01:43:00,52.3
2025-06-12 17:13:00,93.2
2025-06-12 13:55:00,30.4
2025-06-12 09:39:00,60.8
2025-06-12 06:56:00,21.9
2025-06-12 15:43:00,53.8
2025-06-12 06:50:00,98.2
2025-06-12 20:56:00,76.7
2025-06-12 05:35:00,47.2
2025-06-12 10:46:00,13.2
2025-06-12 14:13:00,25.1
2025-06-12 12:12:00,50.557353635505194
2025-06-12 22:27:00,28.8
2025-06-12 00:07:00,90.1
2025-06-12 22:19:00,28.6
2025-06-12 12:33:00,85.7
2025-06-12 23:04:00,90.0
2025-06-12 21:36:00,1.5
2025-06-12 19:31:00,61.0
2025-06-12 15:40:00,80.6
2025-06-12 20:40:00,42.8
2025-06-12 12:14:00,38.0
2025-06-12 05:20:00,7.1
2025-06-12 16:18:00,42.9
2025-06-12 03:36:00,38.1
2025-06-12 12:48:00,73.0
2025-06-12 21:47:00,49.87196987526477
2025-06-12 07:32:00,67.4
2025-06-12 14:58:00,46.1
2025-06-12 11:01:00,97.8
2025-06-12 06:42:00,49.87196987526477
2025-06-12 21:02:00,64.1
2025-06-12 04:19:00,15.8
2025-06-12 17:20:00,84.1
2025-06-12 04:18:00,49.87196987526477
2025-06-12 22:00:00,62.4
2025-06-12 02:55:00,70.9
2025-06-12 00:25:00,49.87196987526477
2025-06-12 10:12:00,12.9
2025-06-12 06:24:00,77.0
2025-06-12 10:25:00,49.3
2025-06-12 00:36:00,49.87196987526477
2025-06-12 10:55:00,29.6
2025-06-12 16:41:00,48.3
2025-06-12 08:47:00,15.5
2025-06-12 15:07:00,39.7
2025-06-12 03:11:00,49.87196987526477
2025-06-12 07:33:00,16.5
2025-06-12 05:49:00,22.3
2025-06-12 21:32:00,55.6
2025-06-12 01:19:00,45.4
2025-06-12 21:42:00,49.87196987526477
2025-06-12 04:05:00,69.8
2025-06-12 03:35:00,34.3
2025-06-12 13:46:00,1.7
2025-06-12 02:01:00,96.1
2025-06-12 00:46:00,7.9
2025-06-12 18:09:00,61.1
2025-06-12 15:35:00,61.0
2025-06-12 11:00:00,73.5
2025-06-12 23:28:00,1.4
2025-06-12 16:13:00,12.5
2025-06-12 15:57:00,96.7
2025-06-12 17:50:00,79.9
2025-06-12 20:47:00,5.8
2025-06-12 20:17:00,84.3
2025-06-12 16:24:00,49.87196987526477
2025-06-12 14:31:00,82.7
2025-06-12 02:17:00,18.8
2025-06-12 18:39:00,77.5
2025-06-12 07:43:00,8.9
2025-06-12 12:57:00,23.1
2025-06-12 09:38:00,81.6
2025-06-12 08:05:00,99.3
2025-06-12 14:15:00,18.8
2025-06-12 08:00:00,49.87196987526477
2025-06-12 15:38:00,49.87196987526477
2025-06-12 13:47:00,75.0
2025-06-12 22:31:00,49.87196987526477
2025-06-12 14:56:00,72.6
2025-06-12 18:03:00,76.9
2025-06-12 21:33:00,97.4
2025-06-12 17:49:00,37.4
2025-06-12 10:39:00,65.8
2025-06-12 22:14:00,2.6
2025-06-12 02:46:00,49.87196987526477
2025-06-12 00:09:00,10.9
2025-06-12 08:03:00,49.87196987526477
2025-06-12 19:06:00,97.8
2025-06-12 14:42:00,1.3
2025-06-12 09:46:00,46.3
2025-06-12 16:38:00,67.2
2025-06-12 15:24:00,15.0
2025-06-12 07:45:00,36.2
2025-06-12 17:10:00,30.6
2025-06-12 11:59:00,62.0
2025-06-12 04:41:00,22.9
2025-06-12 07:36:00,49.87196987526477
2025-06-12 15:08:00,51.0
2025-06-12 20:09:00,61.8
2025-06-12 03:43:00,29.5
2025-06-12 23:23:00,56.4
2025-06-12 08:24:00,74.9
2025-06-12 16:23:00,58.8
2025-06-12 23:21:00,49.87196987526477
2025-06-12 11:52:00,81.6
2025-06-12 07:28:00,21.9
2025-06-12 20:23:00,66.9
2025-06-12 21:26:00,91.0
2025-06-12 19:11:00,4.5
2025-06-12 01:42:00,49.87196987526477
2025-06-12 08:34:00,49.87196987526477
2025-06-12 20:38:00,81.9
2025-06-12 09:37:00,70.9
2025-06-12 02:48:00,54.5
2025-06-12 22:36:00,49.87196987526477
2025-06-12 12:26:00,40.7
2025-06-12 19:32:00,49.87196987526477
2025-06-12 05:47:00,72.7
2025-06-12 10:45:00,49.87196987526477
2025-06-12 22:26:00,59.0
2025-06-12 15:25:00,27.9
2025-06-12 01:55:00,29.7
2025-06-12 02:35:00,14.6
2025-06-12 14:10:00,1.8
2025-06-12 10:27:00,49.87196987526477
2025-06-12 13:55:00,51.2
2025-06-12 16:22:00,13.7
2025-06-12 22:38:00,49.87196987526477
2025-06-12 14:35:00,44.0
2025-06-12 17:45:00,79.4
2025-06-12 20:24:00,81.2
2025-06-12 01:06:00,90.6
2025-06-12 19:45:00,49.87196987526477
2025-06-12 08:56:00,54.1
2025-06-12 13:00:00,95.0
2025-06-12 03:37:00,66.7
2025-06-12 03:23:00,35.6
2025-06-12 20:00:00,9.5
2025-06-12 09:26:00,51.0
2025-06-12 04:42:00,49.87196987526477
2025-06-12 09:18:00,35.3
2025-06-12 07:27:00,49.87196987526477
2025-06-12 22:53:00,36.6
2025-06-12 02:39:00,49.87196987526477
2025-06-12 10:07:00,77.4
2025-06-12 19:48:00,16.2
2025-06-12 00:27:00,75.7
2025-06-12 03:47:00,49.87196987526477
2025-06-12 04:26:00,2.3
2025-06-12 03:20:00,77.0
2025-06-12 06:12:00,17.6
2025-06-12 13:37:00,66.2
2025-06-12 02:44:00,5.5
2025-06-12 19:30:00,93.7
2025-06-12 16:10:00,49.87196987526477
2025-06-12 16:51:00,37.5
2025-06-12 10:48:00,45.7
2025-06-12 17:27:00,49.87196987526477
2025-06-12 01:26:00,22.7
2025-06-12 12:00:00,66.7
2025-06-12 12:21:00,14.5
2025-06-12 12:30:00,66.6
2025-06-12 04:17:00,45.5
2025-06-12 09:32:00,39.0
2025-06-12 10:56:00,45.5
2025-06-12 16:37:00,10.0
2025-06-12 04:11:00,59.3
2025-06-12 01:54:00,99.9
2025-06-12 04:57:00,30.3
2025-06-12 19:22:00,78.4
2025-06-12 16:55:00,89.2
2025-06-12 03:10:00,37.9
2025-06-12 11:37:00,93.4
2025-06-12 04:08:00,84.7
2025-06-12 03:41:00,85.1
2025-06-12 06:38:00,30.2
2025-06-12 09:21:00,16.5
2025-06-12 04:38:00,49.87196987526477
2025-06-12 21:13:00,26.9
2025-06-12 18:22:00,94.9
2025-06-12 06:08:00,64.1
2025-06-12 13:56:00,49.87196987526477
2025-06-12 00:01:00,49.87196987526477
2025-06-12 10:43:00,41.7
2025-06-12 15:32:00,26.9
2025-06-12 04:54:00,49.87196987526477
2025-06-12 23:10:00,87.8
2025-06-12 09:34:00,87.5
2025-06-12 20:37:00,95.2
2025-06-12 06:04:00,49.87196987526477
2025-06-12 16:04:00,87.3
2025-06-12 07:24:00,45.7
2025-06-12 03:25:00,91.8
2025-06-12 01:21:00,49.87196987526477
2025-06-12 19:20:00,49.87196987526477
2025-06-12 16:59:00,45.7
2025-06-12 10:47:00,56.7
2025-06-12 01:37:00,49.87196987526477
2025-06-12 17:38:00,49.87196987526477
2025-06-12 06:15:00,33.0
2025-06-12 14:22:00,0.6
2025-06-12 19:55:00,78.6
2025-06-12 22:10:00,60.5
2025-06-12 01:09:00,0.8
2025-06-12 19:42:00,14.5
2025-06-12 20:31:00,25.3
2025-06-12 09:41:00,83.7
2025-06-12 20:46:00,75.0
2025-06-12 22:17:00,62.2
2025-06-12 08:53:00,33.1
2025-06-12 20:22:00,40.5
2025-06-12 16:00:00,75.3
2025-06-12 12:49:00,49.87196987526477
2025-06-12 03:01:00,49.87196987526477
2025-06-12 12:39:00,44.0
2025-06-12 06:33:00,95.5
2025-06-12 16:56:00,26.5
2025-06-12 04:28:00,49.87196987526477
2025-06-12 01:28:00,8.1
2025-06-12 19:04:00,49.87196987526477
2025-06-12 08:04:00,37.2
2025-06-12 05:32:00,47.7
2025-06-12 00:10:00,69.6
2025-06-12 18:52:00,49.87196987526477
2025-06-12 17:02:00,17.6
2025-06-12 16:01:00,49.87196987526477
2025-06-12 14:43:00,79.3
2025-06-12 00:33:00,57.7
2025-06-12 12:45:00,11.8
2025-06-12 14:04:00,75.7
2025-06-12 20:53:00,34.3
2025-06-12 12:59:00,97.6
2025-06-12 18:41:00,10.3
2025-06-12 13:49:00,16.1
2025-06-12 22:43:00,13.9
2025-06-12 15:15:00,49.87196987526477
2025-06-12 02:28:00,99.4
2025-06-12 21:18:00,97.3
2025-06-12 10:02:00,49.87196987526477
2025-06-12 09:23:00,42.7
2025-06-12 11:33:00,41.0
2025-06-12 19:10:00,90.2
2025-06-12 20:21:00,94.2
2025-06-12 18:57:00,33.5
2025-06-12 07:10:00,63.5
2025-06-12 12:42:00,12.8
2025-06-12 04:40:00,49.87196987526477
2025-06-12 11:23:00,42.6
2025-06-12 13:07:00,17.9
2025-06-12 12:20:00,85.1
2025-06-12 19:58:00,50.6
2025-06-12 10:23:00,57.2
2025-06-12 20:36:00,83.8
2025-06-12 09:15:00,93.1
2025-06-12 10:46:00,70.5
2025-06-12 10:59:00,37.7
2025-06-12 06:36:00,17.1
2025-06-12 23:09:00,0.8
2025-06-12 22:09:00,70.8
2025-06-12 04:49:00,16.2
2025-06-12 20:28:00,33.0
2025-06-12 20:19:00,30.2
2025-06-12 14:12:00,68.3
2025-06-12 16:43:00,72.0
2025-06-12 11:21:00,77.8
2025-06-12 10:40:00,65.0
2025-06-12 04:43:00,48.7
2025-06-12 08:35:00,29.5
2025-06-12 18:14:00,40.1
2025-06-12 01:39:00,68.8
2025-06-12 08:57:00,56.5
2025-06-12 22:03:00,49.87196987526477
2025-06-12 19:21:00,69.3
2025-06-12 14:06:00,63.4
2025-06-12 00:45:00,49.87196987526477
2025-06-12 02:29:00,10.1
2025-06-12 15:41:00,97.7
2025-06-12 15:14:00,26.4
2025-06-12 13:24:00,87.7
2025-06-12 06:55:00,30.0
2025-06-12 14:00:00,5.8
2025-06-12 16:42:00,70.4
2025-06-12 15:28:00,73.8
2025-06-12 00:21:00,49.87196987526477
2025-06-12 17:41:00,49.87196987526477
2025-06-12 12:07:00,23.8
2025-06-12 05:25:00,37.4
2025-06-12 01:15:00,14.0
2025-06-12 05:42:00,2.1
2025-06-12 00:05:00,82.7
2025-06-12 17:19:00,42.0
2025-06-12 21:25:00,51.4
2025-06-12 20:49:00,98.7
2025-06-12 10:14:00,89.0
2025-06-12 14:39:00,12.2
2025-06-12 21:37:00,53.5
2025-06-12 13:36:00,23.4
2025-06-12 21:40:00,8.0
2025-06-12 06:14:00,49.87196987526477
2025-06-12 11:30:00,49.87196987526477
2025-06-12 15:47:00,36.8
2025-06-12 10:37:00,38.0
2025-06-12 11:41:00,64.8
2025-06-12 11:04:00,70.1
2025-06-12 03:19:00,49.93628109892701
2025-06-12 09:22:00,98.7
2025-06-12 09:00:00,49.93628109892701
2025-06-12 23:34:00,30.0
2025-06-12 13:11:00,2.7
2025-06-12 13:46:00,49.93628109892701
2025-06-12 08:40:00,3.5
2025-06-12 14:13:00,93.1
2025-06-12 18:28:00,17.6
2025-06-12 11:39:00,18.9
2025-06-12 00:51:00,49.93628109892701
2025-06-12 14:40:00,13.3
2025-06-12 03:32:00,49.93628109892701
2025-06-12 16:59:00,49.93628109892701
2025-06-12 18:21:00,0.8
2025-06-12 23:12:00,19.7
2025-06-12 17:35:00,93.8
2025-06-12 00:53:00,49.93628109892701
2025-06-12 16:46:00,77.7
2025-06-12 10:32:00,13.0
2025-06-12 05:53:00,74.1
2025-06-12 14:03:00,33.5
2025-06-12 09:57:00,73.5
2025-06-12 22:52:00,49.93628109892701
2025-06-12 18:10:00,92.0
2025-06-12 07:06:00,61.1
2025-06-12 22:22:00,17.5
2025-06-12 08:33:00,5.3
2025-06-12 14:42:00,41.1
2025-06-12 07:12:00,96.2
2025-06-12 12:44:00,56.8
2025-06-12 14:29:00,1.6
2025-06-12 06:31:00,30.3
2025-06-12 17:00:00,0.2
2025-06-12 08:48:00,49.93628109892701
2025-06-12 23:31:00,76.9
2025-06-12 15:53:00,89.7
2025-06-12 16:27:00,30.6
2025-06-12 01:53:00,58.3
2025-06-12 08:57:00,27.2
2025-06-12 12:03:00,49.93628109892701
2025-06-12 23:26:00,39.1
2025-06-12 17:57:00,25.4
2025-06-12 05:23:00,63.5
2025-06-12 03:50:00,40.9
2025-06-12 03:02:00,61.6
2025-06-12 18:14:00,48.9
2025-06-12 00:26:00,92.2
2025-06-12 14:37:00,91.7
2025-06-12 15:08:00,49.0
2025-06-12 17:45:00,49.93628109892701
2025-06-12 16:18:00,65.0
2025-06-12 16:28:00,29.9
2025-06-12 05:50:00,49.93628109892701
2025-06-12 07:18:00,49.93628109892701
2025-06-12 16:32:00,19.4
2025-06-12 03:37:00,66.7
2025-06-12 01:12:00,24.9
2025-06-12 03:14:00,49.93628109892701
2025-06-12 07:23:00,10.1
2025-06-12 06:33:00,13.1
2025-06-12 21:33:00,68.5
2025-06-12 04:55:00,39.0
2025-06-12 17:01:00,76.7
2025-06-12 10:43:00,49.93628109892701
2025-06-12 04:29:00,80.4
2025-06-12 19:19:00,79.8
2025-06-12 12:06:00,49.93628109892701
2025-06-12 06:36:00,5.8
2025-06-12 12:37:00,55.1
2025-06-12 10:20:00,59.0
2025-06-12 06:24:00,38.1
2025-06-12 00:46:00,68.0
2025-06-12 02:57:00,49.93628109892701
2025-06-12 08:15:00,4.8
2025-06-12 05:24:00,49.93628109892701
2025-06-12 08:03:00,52.7
2025-06-12 03:06:00,66.4
2025-06-12 10:08:00,82.7
2025-06-12 17:38:00,25.1
2025-06-12 01:29:00,82.6
2025-06-12 22:29:00,49.93628109892701
2025-06-12 22:54:00,96.0
2025-06-12 14:09:00,11.0
2025-06-12 16:22:00,65.2
2025-06-12 16:20:00,49.93628109892701
2025-06-12 15:41:00,1.6
2025-06-12 16:10:00,19.0
2025-06-12 07:19:00,75.9
2025-06-12 11:54:00,59.8
2025-06-12 14:54:00,26.1
2025-06-12 03:38:00,64.0
2025-06-12 14:52:00,54.3
2025-06-12 04:26:00,49.93628109892701
2025-06-12 13:35:00,49.93628109892701
2025-06-12 03:40:00,30.5
2025-06-12 06:59:00,55.8
2025-06-12 13:49:00,68.0
2025-06-12 18:06:00,53.6
2025-06-12 06:03:00,89.4
2025-06-12 10:11:00,34.9
2025-06-12 20:28:00,41.6
2025-06-12 08:13:00,9.3
2025-06-12 22:38:00,90.1
2025-06-12 20:56:00,7.8
2025-06-12 22:53:00,5.7
2025-06-12 07:37:00,68.4
2025-06-12 19:10:00,84.8
2025-06-12 08:21:00,47.6
2025-06-12 05:49:00,49.93628109892701
2025-06-12 03:48:00,49.93628109892701
2025-06-12 16:24:00,28.7
2025-06-12 12:40:00,8.8
2025-06-12 13:47:00,91.2
2025-06-12 04:57:00,51.5
2025-06-12 23:16:00,69.4
2025-06-12 01:52:00,28.0
2025-06-12 20:44:00,65.9
2025-06-12 02:25:00,69.9
2025-06-12 16:58:00,98.8
2025-06-12 12:34:00,49.93628109892701
2025-06-12 21:26:00,8.4
2025-06-12 22:44:00,38.6
2025-06-12 09:20:00,49.93628109892701
2025-06-12 23:35:00,51.5
2025-06-12 13:20:00,97.1
2025-06-12 09:30:00,70.9
2025-06-12 09:35:00,49.93628109892701
2025-06-12 15:54:00,88.0
2025-06-12 00:08:00,40.6
2025-06-12 02:49:00,48.4
2025-06-12 02:17:00,28.1
2025-06-12 16:05:00,1.8
2025-06-12 18:18:00,49.93628109892701
2025-06-12 02:09:00,25.8
2025-06-12 19:31:00,49.93628109892701
2025-06-12 19:52:00,49.93628109892701
2025-06-12 12:19:00,49.93628109892701
2025-06-12 18:09:00,0.9
2025-06-12 16:50:00,75.8
2025-06-12 14:43:00,49.93628109892701
2025-06-12 16:54:00,5.6
2025-06-12 12:17:00,49.93628109892701
2025-06-12 11:37:00,24.0
2025-06-12 00:59:00,10.4
2025-06-12 12:50:00,14.5
2025-06-12 00:37:00,42.9
2025-06-12 21:49:00,24.1
2025-06-12 06:10:00,84.7
2025-06-12 08:44:00,81.9
2025-06-12 05:03:00,49.93628109892701
2025-06-12 23:59:00,35.5
2025-06-12 08:54:00,35.6
2025-06-12 22:26:00,50.9
2025-06-12 20:23:00,75.1
2025-06-12 01:56:00,84.0
2025-06-12 20:12:00,84.5
2025-06-12 05:44:00,77.1
2025-06-12 19:43:00,13.6
2025-06-12 13:10:00,89.9
2025-06-12 11:15:00,54.1
2025-06-12 10:06:00,5.2
2025-06-12 14:59:00,34.7
2025-06-12 01:31:00,82.4
2025-06-12 01:17:00,49.93628109892701
2025-06-12 09:31:00,59.9
2025-06-12 19:48:00,95.1
2025-06-12 23:07:00,44.9
2025-06-12 14:21:00,76.0
2025-06-12 10:03:00,90.1
2025-06-12 18:32:00,49.93628109892701
2025-06-12 05:21:00,56.4
2025-06-12 09:18:00,49.93628109892701
2025-06-12 02:18:00,82.7
2025-06-12 07:47:00,49.93628109892701
2025-06-12 18:01:00,33.6
2025-06-12 07:22:00,3.5
2025-06-12 19:55:00,59.6
2025-06-12 22:14:00,49.93628109892701
2025-06-12 20:36:00,16.5
2025-06-12 00:01:00,47.2
2025-06-12 17:33:00,50.2
2025-06-12 20:31:00,62.9
2025-06-12 18:50:00,54.1
2025-06-12 00:48:00,3.3
2025-06-12 05:07:00,1.8
2025-06-12 11:49:00,92.0
2025-06-12 15:16:00,49.93628109892701
2025-06-12 07:27:00,53.5
2025-06-12 16:53:00,74.0
2025-06-12 14:10:00,30.8
2025-06-12 22:13:00,9.3
2025-06-12 14:47:00,92.0
2025-06-12 03:27:00,32.3
2025-06-12 04:33:00,45.1
2025-06-12 02:10:00,49.2
2025-06-12 09:56:00,21.7
2025-06-12 11:09:00,74.1
2025-06-12 21:35:00,49.93628109892701
2025-06-12 11:25:00,12.8
2025-06-12 01:18:00,37.7
2025-06-12 00:35:00,43.2
2025-06-12 16:21:00,47.2
2025-06-12 19:28:00,49.93628109892701
2025-06-12 01:10:00,0.5
2025-06-12 13:26:00,78.2
2025-06-12 17:14:00,84.9
2025-06-12 16:17:00,45.5
2025-06-12 05:38:00,27.4
2025-06-12 02:34:00,82.6
2025-06-12 12:59:00,23.9
2025-06-12 14:58:00,37.2
2025-06-12 11:00:00,40.2
2025-06-12 04:07:00,46.1
2025-06-12 12:32:00,4.9
2025-06-12 03:08:00,2.3
2025-06-12 15:59:00,8.6
2025-06-12 01:28:00,84.4
2025-06-12 16:13:00,49.93628109892701
2025-06-12 01:08:00,49.93628109892701
2025-06-12 07:17:00,49.93628109892701
2025-06-12 15:52:00,5.6
2025-06-12 03:36:00,18.2
2025-06-12 19:47:00,60.7
2025-06-12 02:07:00,66.3
2025-06-12 23:08:00,40.6
2025-06-12 21:02:00,49.93628109892701
2025-06-12 13:15:00,75.3
2025-06-12 13:22:00,70.4
2025-06-12 16:45:00,6.8
2025-06-12 18:39:00,41.5
2025-06-12 13:52:00,60.8
2025-06-12 01:40:00,15.4
2025-06-12 01:58:00,49.93628109892701
2025-06-12 15:26:00,14.6
2025-06-12 03:17:00,81.2
2025-06-12 23:05:00,10.1
2025-06-12 01:11:00,27.0
2025-06-12 15:06:00,42.4
2025-06-12 09:09:00,51.2
2025-06-12 21:16:00,44.1
2025-06-12 13:30:00,97.8
2025-06-12 14:51:00,58.7
2025-06-12 10:54:00,37.4
2025-06-12 16:44:00,49.93628109892701
2025-06-12 04:21:00,74.9
2025-06-12 07:43:00,98.0
2025-06-12 09:04:00,68.9
2025-06-12 20:48:00,49.7
2025-06-12 23:33:00,81.4
2025-06-12 05:05:00,18.3
2025-06-12 08:19:00,42.1
2025-06-12 09:58:00,59.1
2025-06-12 08:20:00,6.2
2025-06-12 13:51:00,53.0
2025-06-12 01:25:00,30.7
2025-06-12 13:42:00,48.8
2025-06-12 22:12:00,7.9
2025-06-12 13:29:00,95.4
2025-06-12 21:20:00,15.1
2025-06-12 07:44:00,66.7
2025-06-12 09:41:00,31.2
2025-06-12 23:54:00,11.8
2025-06-12 21:32:00,32.3
2025-06-12 02:42:00,49.93628109892701
2025-06-12 06:18:00,17.0
2025-06-12 08:09:00,92.5
2025-06-12 00:42:00,49.93628109892701
2025-06-12 03:29:00,79.8
2025-06-12 05:35:00,49.93628109892701
2025-06-12 23:38:00,91.8
2025-06-12 09:52:00,45.3
2025-06-12 07:07:00,15.9
2025-06-12 01:23:00,55.6
2025-06-12 02:52:00,22.8
2025-06-12 22:05:00,55.0
2025-06-12 02:20:00,89.1
2025-06-12 01:41:00,28.3
2025-06-12 04:14:00,49.93628109892701
2025-06-12 12:22:00,84.9
2025-06-12 08:43:00,72.3
2025-06-12 20:02:00,78.1
2025-06-12 18:12:00,49.93628109892701
2025-06-12 05:42:00,62.7
2025-06-12 11:06:00,59.1
2025-06-12 00:41:00,82.4
2025-06-12 15:21:00,30.4
2025-06-12 18:33:00,28.2
2025-06-12 06:08:00,5.7
2025-06-12 05:48:00,88.0
2025-06-12 06:16:00,49.797736698660984
2025-06-12 20:48:00,8.4
2025-06-12 10:46:00,49.797736698660984
2025-06-12 01:04:00,59.8
2025-06-12 17:19:00,47.2
2025-06-12 23:53:00,25.0
2025-06-12 07:38:00,49.797736698660984
2025-06-12 02:32:00,49.797736698660984
2025-06-12 03:40:00,16.6
2025-06-12 15:38:00,5.0
2025-06-12 00:44:00,92.8
2025-06-12 18:03:00,98.1
2025-06-12 14:34:00,49.797736698660984
2025-06-12 04:05:00,70.6
2025-06-12 10:16:00,64.9
2025-06-12 06:38:00,94.9
2025-06-12 21:03:00,60.5
2025-06-12 11:10:00,33.1
2025-06-12 10:09:00,64.6
2025-06-12 11:52:00,10.1
2025-06-12 21:51:00,49.4
2025-06-12 15:37:00,19.1
2025-06-12 17:51:00,54.7
2025-06-12 10:11:00,79.7
2025-06-12 22:11:00,1.3
2025-06-12 10:15:00,46.5
2025-06-12 09:17:00,66.6
2025-06-12 00:06:00,92.3
2025-06-12 09:24:00,8.0
2025-06-12 03:34:00,43.4
2025-06-12 20:47:00,46.8
2025-06-12 06:20:00,91.7
2025-06-12 19:11:00,65.9
2025-06-12 02:05:00,80.8
2025-06-12 10:07:00,59.4
2025-06-12 02:10:00,93.9
2025-06-12 09:25:00,70.5
2025-06-12 09:52:00,63.2
2025-06-12 22:49:00,63.6
2025-06-12 10:53:00,68.3
2025-06-12 06:34:00,87.6
2025-06-12 08:41:00,39.6
2025-06-12 05:19:00,15.6
2025-06-12 10:39:00,49.797736698660984
2025-06-12 23:48:00,33.7
2025-06-12 08:23:00,35.8
2025-06-12 02:02:00,66.8
2025-06-12 07:57:00,55.8
2025-06-12 16:03:00,39.1
2025-06-12 09:33:00,92.7
2025-06-12 06:01:00,0.4
2025-06-12 08:46:00,95.2
2025-06-12 16:09:00,22.0
2025-06-12 05:48:00,38.1
2025-06-12 12:16:00,37.5
2025-06-12 04:28:00,49.797736698660984
2025-06-12 23:49:00,68.3
2025-06-12 00:54:00,49.797736698660984
2025-06-12 16:45:00,6.0
2025-06-12 23:27:00,24.3
2025-06-12 00:25:00,62.7
2025-06-12 00:43:00,73.5
2025-06-12 10:21:00,92.3
2025-06-12 07:24:00,4.6
2025-06-12 00:09:00,60.0
2025-06-12 20:42:00,66.1
2025-06-12 16:58:00,78.9
2025-06-12 13:50:00,5.2
2025-06-12 04:03:00,70.8
2025-06-12 14:50:00,51.9
2025-06-12 18:14:00,72.0
2025-06-12 16:29:00,20.1
2025-06-12 06:25:00,31.7
2025-06-12 02:57:00,56.3
2025-06-12 22:21:00,49.797736698660984
2025-06-12 19:52:00,20.3
2025-06-12 03:27:00,37.4
2025-06-12 11:24:00,82.8
2025-06-12 14:22:00,43.0
2025-06-12 11:35:00,93.9
2025-06-12 08:19:00,98.8
2025-06-12 15:41:00,49.797736698660984
2025-06-12 14:55:00,2.1
2025-06-12 11:13:00,54.1
2025-06-12 11:51:00,71.1
2025-06-12 21:38:00,9.5
2025-06-12 11:59:00,7.8
2025-06-12 12:11:00,36.8
2025-06-12 10:27:00,99.2
2025-06-12 08:29:00,15.3
2025-06-12 07:40:00,87.2
2025-06-12 07:51:00,49.797736698660984
2025-06-12 12:51:00,25.4
2025-06-12 04:47:00,68.6
2025-06-12 20:15:00,56.6
2025-06-12 03:07:00,53.2
2025-06-12 17:55:00,18.5
2025-06-12 21:27:00,32.8
2025-06-12 18:08:00,49.797736698660984
2025-06-12 03:53:00,49.797736698660984
2025-06-12 21:23:00,71.8
2025-06-12 10:18:00,61.8
2025-06-12 08:17:00,56.2
2025-06-12 07:42:00,49.797736698660984
2025-06-12 09:51:00,0.1
2025-06-12 10:28:00,47.7
2025-06-12 02:13:00,99.8
2025-06-12 04:04:00,85.0
2025-06-12 01:52:00,65.7
2025-06-12 12:48:00,31.4
2025-06-12 00:08:00,49.797736698660984
2025-06-12 12:24:00,66.1
2025-06-12 21:19:00,82.2
2025-06-12 21:58:00,7.1
2025-06-12 21:11:00,22.0
2025-06-12 18:21:00,83.5
2025-06-12 13:42:00,49.797736698660984
2025-06-12 01:10:00,97.8
2025-06-12 04:11:00,73.5
2025-06-12 16:49:00,64.4
2025-06-12 20:25:00,47.1
2025-06-12 09:31:00,94.7
2025-06-12 01:19:00,27.2
2025-06-12 08:45:00,86.1
2025-06-12 23:33:00,96.7
2025-06-12 00:20:00,34.9
2025-06-12 07:14:00,42.9
2025-06-12 12:57:00,14.9
2025-06-12 18:35:00,52.6
2025-06-12 02:37:00,17.5
2025-06-12 16:54:00,5.9
2025-06-12 03:44:00,21.6
2025-06-12 04:45:00,12.6
2025-06-12 15:54:00,41.0
2025-06-12 17:26:00,59.5
2025-06-12 06:31:00,77.7
2025-06-12 20:43:00,50.9
2025-06-12 13:05:00,6.6
2025-06-12 02:45:00,76.3
2025-06-12 09:32:00,41.2
2025-06-12 06:04:00,49.797736698660984
2025-06-12 21:49:00,61.0
2025-06-12 01:12:00,62.7
2025-06-12 15:27:00,32.8
2025-06-12 01:01:00,86.2
2025-06-12 14:58:00,61.7
2025-06-12 00:19:00,71.2
2025-06-12 14:37:00,76.1
2025-06-12 11:15:00,49.797736698660984
2025-06-12 04:32:00,78.1
2025-06-12 19:50:00,49.797736698660984
2025-06-12 06:45:00,2.2
2025-06-12 14:57:00,20.4
2025-06-12 00:15:00,50.8
2025-06-12 13:03:00,2.9
2025-06-12 07:48:00,86.6
2025-06-12 20:00:00,49.1
2025-06-12 01:18:00,14.2
2025-06-12 14:09:00,36.0
2025-06-12 10:58:00,71.9
2025-06-12 19:03:00,72.1
2025-06-12 19:30:00,35.8
2025-06-12 22:53:00,49.797736698660984
2025-06-12 07:59:00,42.1
2025-06-12 13:11:00,30.9
2025-06-12 17:13:00,49.797736698660984
2025-06-12 07:31:00,88.3
2025-06-12 01:59:00,94.7
2025-06-12 19:31:00,49.797736698660984
2025-06-12 06:15:00,49.797736698660984
2025-06-12 11:47:00,71.6
2025-06-12 14:03:00,2.9
2025-06-12 21:34:00,34.5
2025-06-12 00:49:00,58.2
2025-06-12 20:41:00,37.1
2025-06-12 02:25:00,23.6
2025-06-12 07:50:00,18.7
2025-06-12 23:59:00,49.797736698660984
2025-06-12 19:05:00,49.797736698660984
2025-06-12 07:43:00,49.797736698660984
2025-06-12 01:41:00,49.797736698660984
2025-06-12 03:46:00,86.3
2025-06-12 10:30:00,49.797736698660984
2025-06-12 12:01:00,35.1
2025-06-12 21:47:00,52.5
2025-06-12 00:03:00,99.0
2025-06-12 00:30:00,80.2
2025-06-12 23:58:00,37.0
2025-06-12 08:28:00,35.8
2025-06-12 18:07:00,49.797736698660984
2025-06-12 07:53:00,49.797736698660984
2025-06-12 11:08:00,31.6
2025-06-12 11:26:00,81.4
2025-06-12 03:04:00,60.8
2025-06-12 22:35:00,65.9
2025-06-12 17:25:00,25.3
2025-06-12 18:48:00,1.6
2025-06-12 06:43:00,49.797736698660984
2025-06-12 00:34:00,49.797736698660984
2025-06-12 00:35:00,96.0
2025-06-12 13:30:00,1.2
2025-06-12 00:26:00,87.3
2025-06-12 00:27:00,23.1
2025-06-12 10:00:00,72.8
2025-06-12 23:13:00,49.797736698660984
2025-06-12 12:28:00,76.0
2025-06-12 08:01:00,37.1
2025-06-12 04:24:00,77.7
2025-06-12 03:30:00,93.2
2025-06-12 21:25:00,49.797736698660984
2025-06-12 22:32:00,47.4
2025-06-12 17:47:00,80.2
2025-06-12 19:42:00,59.0
2025-06-12 20:57:00,15.3
2025-06-12 23:47:00,49.797736698660984
2025-06-12 21:31:00,49.797736698660984
2025-06-12 01:37:00,74.9
2025-06-12 14:46:00,31.1
2025-06-12 07:07:00,35.7
2025-06-12 03:28:00,29.7
2025-06-12 17:02:00,29.2
2025-06-12 06:58:00,76.8
2025-06-12 14:02:00,51.3
2025-06-12 08:10:00,97.2
2025-06-12 08:11:00,58.1
2025-06-12 02:53:00,58.5
2025-06-12 20:29:00,49.797736698660984
2025-06-12 06:36:00,44.2
2025-06-12 22:20:00,10.8
2025-06-12 18:26:00,95.1
2025-06-12 05:55:00,49.797736698660984
2025-06-12 21:16:00,31.0
2025-06-12 06:21:00,36.0
2025-06-12 21:52:00,72.8
2025-06-12 19:18:00,14.4
2025-06-12 09:56:00,47.9
2025-06-12 04:35:00,61.9
2025-06-12 17:12:00,49.797736698660984
2025-06-12 04:21:00,56.2
2025-06-12 00:02:00,28.0
2025-06-12 12:27:00,93.3
2025-06-12 12:34:00,76.5
2025-06-12 13:45:00,45.1
2025-06-12 14:13:00,14.7
2025-06-12 23:05:00,52.5
2025-06-12 16:32:00,32.6
2025-06-12 08:31:00,57.5
2025-06-12 03:18:00,49.797736698660984
2025-06-12 20:19:00,64.3
2025-06-12 21:39:00,1.4
2025-06-12 03:52:00,60.2
2025-06-12 05:37:00,60.5
2025-06-12 16:25:00,42.4
2025-06-12 18:11:00,30.1
2025-06-12 22:06:00,31.7
2025-06-12 22:23:00,59.9
2025-06-12 02:47:00,49.797736698660984
2025-06-12 13:58:00,49.797736698660984
2025-06-12 19:23:00,75.9
2025-06-12 03:47:00,17.4
2025-06-12 12:58:00,49.797736698660984
2025-06-12 10:08:00,9.6
2025-06-12 12:33:00,30.5
2025-06-12 16:16:00,9.4
2025-06-12 07:01:00,28.4
2025-06-12 03:51:00,6.7
2025-06-12 00:24:00,24.7
2025-06-12 23:18:00,19.4
2025-06-12 17:23:00,49.797736698660984
2025-06-12 10:45:00,57.9
2025-06-12 12:35:00,55.7
2025-06-12 06:23:00,39.6
2025-06-12 09:07:00,42.9
2025-06-12 15:17:00,49.797736698660984
2025-06-12 01:35:00,91.5
2025-06-12 09:19:00,37.8
2025-06-12 18:55:00,66.3
2025-06-12 00:56:00,79.8
2025-06-12 18:53:00,17.8
2025-06-12 18:39:00,70.6
2025-06-12 20:24:00,94.8
2025-06-12 09:29:00,91.7
2025-06-12 14:10:00,68.3
2025-06-12 20:07:00,49.797736698660984
2025-06-12 21:50:00,92.5
2025-06-12 19:59:00,1.0
2025-06-12 19:45:00,3.1
2025-06-12 17:40:00,49.797736698660984
2025-06-12 10:38:00,61.0
2025-06-12 08:13:00,12.6
2025-06-12 06:24:00,74.1
2025-06-12 18:05:00,30.7
2025-06-12 00:28:00,21.1
2025-06-12 17:16:00,41.2
2025-06-12 18:57:00,67.0
2025-06-12 22:40:00,5.8
2025-06-12 13:29:00,27.2
2025-06-12 06:40:00,54.0
2025-06-12 09:58:00,90.1
2025-06-12 19:44:00,4.5
2025-06-12 03:22:00,35.5
2025-06-12 03:14:00,17.3
2025-06-12 18:03:00,50.18136565940501
2025-06-12 20:58:00,61.2
2025-06-12 14:47:00,19.4
2025-06-12 14:48:00,50.18136565940501
2025-06-12 11:40:00,53.4
2025-06-12 07:02:00,12.8
2025-06-12 15:09:00,50.18136565940501
2025-06-12 08:47:00,28.3
2025-06-12 05:17:00,18.0
2025-06-12 10:47:00,19.7
2025-06-12 05:38:00,47.1
2025-06-12 14:10:00,33.7
2025-06-12 19:48:00,89.8
2025-06-12 03:57:00,50.18136565940501
2025-06-12 06:47:00,13.0
2025-06-12 06:30:00,23.2
2025-06-12 10:27:00,70.0
2025-06-12 14:02:00,50.18136565940501
2025-06-12 12:04:00,48.3
2025-06-12 17:29:00,49.9
2025-06-12 13:23:00,6.7
2025-06-12 23:33:00,60.4
2025-06-12 00:15:00,50.18136565940501
2025-06-12 12:15:00,96.5
2025-06-12 00:02:00,50.18136565940501
2025-06-12 20:44:00,50.18136565940501
2025-06-12 14:16:00,67.5
2025-06-12 21:25:00,60.0
2025-06-12 23:31:00,35.1
2025-06-12 04:26:00,9.3
2025-06-12 08:09:00,50.18136565940501
2025-06-12 05:21:00,58.8
2025-06-12 14:46:00,14.9
2025-06-12 09:06:00,50.18136565940501
2025-06-12 22:42:00,98.1
2025-06-12 01:29:00,85.4
2025-06-12 16:38:00,99.4
2025-06-12 06:42:00,50.18136565940501
2025-06-12 11:29:00,50.18136565940501
2025-06-12 02:35:00,9.9
2025-06-12 23:53:00,85.9
2025-06-12 09:30:00,14.7
2025-06-12 03:53:00,86.7
2025-06-12 10:00:00,93.9
2025-06-12 15:19:00,4.1
2025-06-12 05:45:00,8.4
2025-06-12 02:09:00,55.3
2025-06-12 20:34:00,9.8
2025-06-12 03:28:00,55.6
2025-06-12 06:53:00,44.4
2025-06-12 08:34:00,50.18136565940501
2025-06-12 10:42:00,75.3
2025-06-12 11:16:00,50.18136565940501
2025-06-12 14:03:00,21.8
2025-06-12 20:54:00,50.18136565940501
2025-06-12 14:22:00,30.4
2025-06-12 18:02:00,50.18136565940501
2025-06-12 23:43:00,13.2
2025-06-12 13:46:00,84.7
2025-06-12 16:39:00,89.9
2025-06-12 12:20:00,39.0
2025-06-12 18:57:00,98.6
2025-06-12 20:53:00,36.1
2025-06-12 05:29:00,28.0
2025-06-12 21:20:00,76.0
2025-06-12 12:37:00,42.0
2025-06-12 21:02:00,77.6
2025-06-12 17:12:00,38.9
2025-06-12 07:01:00,84.0
2025-06-12 09:22:00,31.2
2025-06-12 17:22:00,43.7
2025-06-12 04:49:00,73.6
2025-06-12 01:19:00,95.7
2025-06-12 01:33:00,93.0
2025-06-12 09:43:00,69.3
2025-06-12 02:45:00,0.3
2025-06-12 10:56:00,56.8
2025-06-12 20:35:00,50.18136565940501
2025-06-12 21:57:00,13.8
2025-06-12 09:31:00,30.4
2025-06-12 12:13:00,55.7
2025-06-12 03:36:00,50.2
2025-06-12 16:56:00,50.18136565940501
2025-06-12 08:06:00,27.0
2025-06-12 08:50:00,43.2
2025-06-12 12:10:00,5.7
2025-06-12 14:37:00,43.0
2025-06-12 11:08:00,74.4
2025-06-12 03:39:00,52.7
2025-06-12 01:07:00,33.5
2025-06-12 09:20:00,50.18136565940501
2025-06-12 23:56:00,42.9
2025-06-12 02:27:00,99.1
2025-06-12 11:56:00,32.3
2025-06-12 17:04:00,50.18136565940501
2025-06-12 04:21:00,82.0
2025-06-12 14:51:00,86.6
2025-06-12 00:21:00,16.6
2025-06-12 03:27:00,69.4
2025-06-12 06:38:00,53.4
2025-06-12 01:43:00,51.7
2025-06-12 20:16:00,50.18136565940501
2025-06-12 10:17:00,41.2
2025-06-12 12:16:00,17.1
2025-06-12 04:40:00,50.18136565940501
2025-06-12 18:53:00,80.2
2025-06-12 19:12:00,48.2
2025-06-12 02:23:00,33.2
2025-06-12 04:03:00,59.0
2025-06-12 03:35:00,41.0
2025-06-12 05:03:00,58.7
2025-06-12 02:58:00,46.0
2025-06-12 09:16:00,59.5
2025-06-12 10:07:00,51.8
2025-06-12 05:41:00,43.4
2025-06-12 20:09:00,95.3
2025-06-12 02:05:00,3.0
2025-06-12 20:51:00,19.4
2025-06-12 05:58:00,50.18136565940501
2025-06-12 16:16:00,50.18136565940501
2025-06-12 05:59:00,77.8
2025-06-12 14:11:00,19.8
2025-06-12 16:02:00,89.8
2025-06-12 10:55:00,50.18136565940501
2025-06-12 21:47:00,41.2
2025-06-12 03:43:00,42.0
2025-06-12 11:33:00,50.18136565940501
2025-06-12 16:14:00,50.18136565940501
2025-06-12 06:12:00,15.9
2025-06-12 19:31:00,50.18136565940501
2025-06-12 15:51:00,1.4
2025-06-12 15:54:00,18.3
2025-06-12 04:00:00,53.3
2025-06-12 06:09:00,71.6
2025-06-12 21:28:00,10.6
2025-06-12 02:46:00,18.7
2025-06-12 06:44:00,51.7
2025-06-12 17:07:00,51.9
2025-06-12 08:16:00,30.5
2025-06-12 06:13:00,42.5
2025-06-12 09:53:00,50.18136565940501
2025-06-12 06:51:00,20.5
2025-06-12 11:45:00,50.18136565940501
2025-06-12 21:23:00,52.3
2025-06-12 21:35:00,50.18136565940501
2025-06-12 19:15:00,11.6
2025-06-12 00:49:00,6.8
2025-06-12 21:09:00,9.6
2025-06-12 18:25:00,94.1
2025-06-12 00:40:00,97.6
2025-06-12 18:19:00,41.4
2025-06-12 09:34:00,50.18136565940501
2025-06-12 13:33:00,46.2
2025-06-12 11:07:00,42.3
2025-06-12 09:01:00,2.4
2025-06-12 20:41:00,67.2
2025-06-12 23:25:00,50.18136565940501
2025-06-12 08:58:00,28.3
2025-06-12 08:41:00,92.1
2025-06-12 23:46:00,28.9
2025-06-12 21:44:00,81.7
2025-06-12 16:01:00,20.0
2025-06-12 06:21:00,37.9
2025-06-12 18:55:00,50.18136565940501
2025-06-12 06:07:00,64.9
2025-06-12 15:06:00,78.9
2025-06-12 07:59:00,59.8
2025-06-12 09:33:00,54.3
2025-06-12 00:48:00,50.4
2025-06-12 07:05:00,32.3
2025-06-12 19:08:00,50.18136565940501
2025-06-12 00:18:00,22.0
2025-06-12 20:08:00,76.6
2025-06-12 19:03:00,89.7
2025-06-12 17:02:00,40.8
2025-06-12 11:18:00,84.5
2025-06-12 15:15:00,98.7
2025-06-12 09:27:00,23.7
2025-06-12 13:42:00,6.2
2025-06-12 13:15:00,48.6
2025-06-12 18:38:00,15.5
2025-06-12 19:17:00,50.18136565940501
2025-06-12 11:32:00,95.1
2025-06-12 10:10:00,50.18136565940501
2025-06-12 09:38:00,94.8
2025-06-12 08:52:00,50.18136565940501
2025-06-12 13:41:00,6.5
2025-06-12 09:37:00,26.4
2025-06-12 17:21:00,14.6
2025-06-12 09:44:00,17.8
2025-06-12 16:48:00,35.5
2025-06-12 21:56:00,4.4
2025-06-12 18:35:00,27.7
2025-06-12 18:47:00,75.4
2025-06-12 07:52:00,50.18136565940501
2025-06-12 12:57:00,18.8
2025-06-12 19:46:00,69.5
2025-06-12 11:13:00,11.0
2025-06-12 05:06:00,63.4
2025-06-12 17:27:00,51.9
2025-06-12 19:36:00,12.0
2025-06-12 10:57:00,47.7
2025-06-12 15:26:00,10.1
2025-06-12 15:30:00,23.8
2025-06-12 06:04:00,75.9
2025-06-12 20:30:00,43.4
2025-06-12 18:39:00,22.1
2025-06-12 06:01:00,36.9
2025-06-12 04:18:00,76.0
2025-06-12 10:26:00,57.3
2025-06-12 03:15:00,60.2
2025-06-12 12:19:00,57.1
2025-06-12 16:54:00,14.6
2025-06-12 18:06:00,5.8
2025-06-12 05:33:00,58.9
2025-06-12 21:51:00,83.4
2025-06-12 09:39:00,83.7
2025-06-12 06:27:00,57.7
2025-06-12 22:00:00,61.5
2025-06-12 09:51:00,74.7
2025-06-12 12:07:00,4.1
2025-06-12 13:47:00,65.1
2025-06-12 03:37:00,50.18136565940501
2025-06-12 12:56:00,39.5
2025-06-12 17:25:00,63.3
2025-06-12 22:47:00,65.3
2025-06-12 10:06:00,46.4
2025-06-12 14:14:00,70.6
2025-06-12 06:11:00,94.3
2025-06-12 07:30:00,4.4
2025-06-12 14:20:00,61.3
2025-06-12 10:28:00,99.9
2025-06-12 07:23:00,19.8
2025-06-12 04:44:00,12.2
2025-06-12 13:54:00,44.9
2025-06-12 08:36:00,41.1
2025-06-12 20:45:00,30.5
2025-06-12 07:24:00,65.3
2025-06-12 19:18:00,66.4
2025-06-12 14:58:00,26.6
2025-06-12 10:54:00,52.4
2025-06-12 07:21:00,26.8
2025-06-12 02:52:00,54.0
2025-06-12 17:00:00,97.1
2025-06-12 21:14:00,61.0
2025-06-12 21:38:00,75.8
2025-06-12 00:04:00,85.9
2025-06-12 12:54:00,35.5
2025-06-12 18:00:00,16.5
2025-06-12 09:05:00,88.1
2025-06-12 14:49:00,46.6
2025-06-12 16:29:00,57.4
2025-06-12 18:01:00,51.2
2025-06-12 06:32:00,21.6
2025-06-12 19:58:00,2.3
2025-06-12 12:05:00,45.6
2025-06-12 01:28:00,94.9
2025-06-12 07:22:00,22.3
2025-06-12 20:20:00,21.1
2025-06-12 17:08:00,81.8
2025-06-12 17:01:00,95.8
2025-06-12 01:56:00,41.8
2025-06-12 23:12:00,11.5
2025-06-12 17:52:00,50.18136565940501
2025-06-12 07:26:00,65.3
2025-06-12 11:03:00,96.5
2025-06-12 21:58:00,33.4
2025-06-12 22:45:00,59.4
2025-06-12 04:19:00,99.1
2025-06-12 06:56:00,68.4
2025-06-12 17:05:00,94.3
2025-06-12 05:51:00,49.7
2025-06-12 04:02:00,20.9
2025-06-12 06:19:00,50.18136565940501
2025-06-12 09:57:00,77.7
2025-06-12 05:54:00,72.5
2025-06-12 05:35:00,87.8
2025-06-12 10:01:00,84.6
2025-06-12 15:08:00,7.7
2025-06-12 15:02:00,50.18136565940501
2025-06-12 18:32:00,34.0
2025-06-12 19:02:00,44.9
2025-06-12 11:24:00,99.1
2025-06-12 04:48:00,49.5
2025-06-12 07:50:00,68.9
2025-06-12 10:44:00,20.6
2025-06-12 23:19:00,99.7
2025-06-12 01:30:00,93.2
2025-06-12 18:02:00,49.66792053602915
2025-06-12 17:41:00,39.9
2025-06-12 07:57:00,24.0
2025-06-12 03:56:00,50.5
2025-06-12 18:42:00,3.1
2025-06-12 09:10:00,38.1
2025-06-12 03:58:00,49.66792053602915
2025-06-12 09:52:00,68.7
2025-06-12 04:14:00,41.0
2025-06-12 10:54:00,76.1
2025-06-12 13:23:00,17.3
2025-06-12 14:14:00,15.0
2025-06-12 14:21:00,49.66792053602915
2025-06-12 17:32:00,61.4
2025-06-12 19:12:00,19.1
2025-06-12 23:30:00,44.1
2025-06-12 17:21:00,49.66792053602915
2025-06-12 22:31:00,51.4
2025-06-12 09:09:00,68.6
2025-06-12 17:16:00,16.4
2025-06-12 11:45:00,85.8
2025-06-12 04:45:00,75.9
2025-06-12 18:55:00,15.6
2025-06-12 01:16:00,49.66792053602915
2025-06-12 08:05:00,9.1
2025-06-12 15:24:00,62.8
2025-06-12 06:44:00,55.5
2025-06-12 13:25:00,50.3
2025-06-12 12:42:00,49.66792053602915
2025-06-12 09:00:00,8.6
2025-06-12 15:13:00,49.66792053602915
2025-06-12 00:39:00,44.2
2025-06-12 21:51:00,55.3
2025-06-12 05:04:00,42.4
2025-06-12 15:47:00,49.66792053602915
2025-06-12 20:15:00,44.3
2025-06-12 07:01:00,48.7
2025-06-12 19:40:00,28.4
2025-06-12 19:52:00,36.4
2025-06-12 08:20:00,11.4
2025-06-12 20:09:00,33.8
2025-06-12 12:24:00,32.2
2025-06-12 21:15:00,25.1
2025-06-12 11:19:00,40.1
2025-06-12 16:22:00,63.9
2025-06-12 23:50:00,41.8
2025-06-12 01:13:00,9.9
2025-06-12 20:25:00,25.3
2025-06-12 09:31:00,8.9
2025-06-12 16:39:00,61.2
2025-06-12 16:24:00,49.66792053602915
2025-06-12 06:54:00,58.6
2025-06-12 22:44:00,43.6
2025-06-12 04:00:00,49.66792053602915
2025-06-12 08:24:00,59.3
2025-06-12 05:14:00,26.7
2025-06-12 11:31:00,77.2
2025-06-12 05:07:00,56.3
2025-06-12 08:58:00,34.0
2025-06-12 01:41:00,35.4
2025-06-12 10:13:00,60.6
2025-06-12 16:08:00,49.66792053602915
2025-06-12 00:13:00,60.0
2025-06-12 16:21:00,68.0
2025-06-12 05:06:00,3.7
2025-06-12 11:53:00,53.9
2025-06-12 14:10:00,49.66792053602915
2025-06-12 19:10:00,25.2
2025-06-12 00:10:00,32.6
2025-06-12 21:08:00,71.6
2025-06-12 18:57:00,27.0
2025-06-12 03:54:00,34.3
2025-06-12 07:46:00,14.9
2025-06-12 04:52:00,49.66792053602915
2025-06-12 06:47:00,85.4
2025-06-12 18:14:00,3.9
2025-06-12 19:33:00,64.4
2025-06-12 14:16:00,33.1
2025-06-12 09:20:00,32.7
2025-06-12 08:43:00,67.5
2025-06-12 06:38:00,65.2
2025-06-12 08:30:00,82.3
2025-06-12 04:08:00,49.66792053602915
2025-06-12 02:17:00,95.9
2025-06-12 17:50:00,49.66792053602915
2025-06-12 02:52:00,32.9
2025-06-12 22:14:00,36.5
2025-06-12 17:52:00,72.1
2025-06-12 08:33:00,11.4
2025-06-12 09:14:00,96.6
2025-06-12 14:34:00,22.3
2025-06-12 13:00:00,91.2
2025-06-12 22:20:00,90.3
2025-06-12 07:29:00,87.3
2025-06-12 18:34:00,49.66792053602915
2025-06-12 07:17:00,49.66792053602915
2025-06-12 23:29:00,8.8
2025-06-12 16:56:00,49.66792053602915
2025-06-12 23:52:00,87.0
2025-06-12 08:38:00,23.4
2025-06-12 04:16:00,9.5
2025-06-12 21:07:00,49.66792053602915
2025-06-12 18:37:00,12.7
2025-06-12 07:54:00,55.0
2025-06-12 01:27:00,49.5
2025-06-12 18:58:00,83.8
2025-06-12 01:12:00,32.6
2025-06-12 08:47:00,14.2
2025-06-12 11:10:00,52.9
2025-06-12 06:09:00,44.0
2025-06-12 11:06:00,49.66792053602915
2025-06-12 12:54:00,31.4
2025-06-12 02:33:00,49.66792053602915
2025-06-12 13:59:00,37.0
2025-06-12 18:33:00,27.5
2025-06-12 17:31:00,49.66792053602915
2025-06-12 16:10:00,49.66792053602915
2025-06-12 13:13:00,78.9
2025-06-12 21:20:00,68.6
2025-06-12 20:39:00,67.5
2025-06-12 14:46:00,22.6
2025-06-12 16:42:00,66.4
2025-06-12 03:35:00,98.0
2025-06-12 13:43:00,70.6
2025-06-12 10:22:00,73.5
2025-06-12 11:59:00,64.5
2025-06-12 16:58:00,81.0
2025-06-12 09:11:00,83.3
2025-06-12 13:57:00,30.0
2025-06-12 08:59:00,49.66792053602915
2025-06-12 20:57:00,17.4
2025-06-12 23:51:00,25.2
2025-06-12 22:29:00,71.8
2025-06-12 02:03:00,30.1
2025-06-12 13:12:00,14.5
2025-06-12 00:46:00,49.66792053602915
2025-06-12 17:09:00,91.9
2025-06-12 18:09:00,49.66792053602915
2025-06-12 00:54:00,61.3
2025-06-12 09:28:00,49.66792053602915
2025-06-12 09:03:00,42.2
2025-06-12 19:15:00,18.0
2025-06-12 14:17:00,45.8
2025-06-12 11:56:00,83.1
2025-06-12 10:43:00,61.2
2025-06-12 20:18:00,39.8
2025-06-12 18:08:00,49.66792053602915
2025-06-12 03:39:00,44.4
2025-06-12 10:09:00,18.4
2025-06-12 15:38:00,97.6
2025-06-12 13:30:00,10.5
2025-06-12 08:57:00,49.66792053602915
2025-06-12 13:11:00,42.6
2025-06-12 23:41:00,2.3
2025-06-12 15:33:00,23.0
2025-06-12 18:31:00,54.7
2025-06-12 11:01:00,0.5
2025-06-12 06:46:00,3.3
2025-06-12 14:13:00,38.2
2025-06-12 07:15:00,88.0
2025-06-12 22:26:00,49.66792053602915
2025-06-12 23:56:00,35.8
2025-06-12 04:19:00,50.9
2025-06-12 02:42:00,32.1
2025-06-12 00:05:00,58.7
2025-06-12 23:16:00,87.3
2025-06-12 21:59:00,76.7
2025-06-12 03:15:00,15.8
2025-06-12 12:34:00,56.2
2025-06-12 04:47:00,49.66792053602915
2025-06-12 18:32:00,25.4
2025-06-12 22:49:00,88.6
2025-06-12 04:43:00,51.8
2025-06-12 08:46:00,49.66792053602915
2025-06-12 00:56:00,7.9
2025-06-12 10:19:00,62.5
2025-06-12 20:28:00,39.3
2025-06-12 16:38:00,42.3
2025-06-12 06:04:00,17.5
2025-06-12 21:54:00,9.0
2025-06-12 00:37:00,32.4
2025-06-12 08:06:00,49.66792053602915
2025-06-12 02:46:00,2.5
2025-06-12 17:20:00,65.7
2025-06-12 11:26:00,45.7
2025-06-12 13:18:00,17.7
2025-06-12 01:30:00,49.66792053602915
2025-06-12 14:26:00,49.66792053602915
2025-06-12 12:43:00,58.3
2025-06-12 07:20:00,18.9
2025-06-12 12:21:00,3.9
2025-06-12 02:11:00,44.5
2025-06-12 06:49:00,8.1
2025-06-12 13:07:00,29.0
2025-06-12 02:16:00,16.4
2025-06-12 08:04:00,39.3
2025-06-12 20:42:00,57.3
2025-06-12 14:20:00,41.3
2025-06-12 01:56:00,68.0
2025-06-12 10:32:00,82.9
2025-06-12 13:50:00,51.7
2025-06-12 18:28:00,88.5
2025-06-12 18:01:00,49.66792053602915
2025-06-12 20:13:00,8.3
2025-06-12 03:00:00,9.1
2025-06-12 19:41:00,9.7
2025-06-12 06:10:00,49.66792053602915
2025-06-12 08:53:00,68.1
2025-06-12 08:13:00,24.6
2025-06-12 18:50:00,90.1
2025-06-12 05:10:00,23.8
2025-06-12 13:09:00,8.3
2025-06-12 21:04:00,6.9
2025-06-12 23:47:00,86.9
2025-06-12 04:58:00,32.3
2025-06-12 21:38:00,49.66792053602915
2025-06-12 04:23:00,49.66792053602915
2025-06-12 19:20:00,64.1
2025-06-12 20:30:00,6.5
2025-06-12 15:00:00,2.1
2025-06-12 21:18:00,9.2
2025-06-12 21:25:00,49.66792053602915
2025-06-12 17:19:00,57.8
2025-06-12 14:58:00,49.66792053602915
2025-06-12 10:12:00,55.0
2025-06-12 01:14:00,80.5
2025-06-12 15:44:00,30.2
2025-06-12 00:45:00,93.4
2025-06-12 14:51:00,73.4
2025-06-12 03:29:00,49.66792053602915
2025-06-12 13:35:00,11.5
2025-06-12 05:28:00,17.1
2025-06-12 06:33:00,72.8
2025-06-12 22:38:00,10.6
2025-06-12 09:18:00,49.66792053602915
2025-06-12 09:22:00,83.2
2025-06-12 00:23:00,67.9
2025-06-12 21:49:00,52.3
2025-06-12 05:26:00,80.5
2025-06-12 21:47:00,60.7
2025-06-12 21:11:00,49.66792053602915
2025-06-12 19:37:00,69.6
2025-06-12 10:07:00,9.0
2025-06-12 06:43:00,23.0
2025-06-12 06:57:00,39.2
2025-06-12 08:27:00,31.5
2025-06-12 07:55:00,95.0
2025-06-12 03:23:00,12.9
2025-06-12 00:32:00,64.0
2025-06-12 15:54:00,19.4
2025-06-12 07:36:00,17.9
2025-06-12 03:59:00,78.9
2025-06-12 21:10:00,79.8
2025-06-12 10:06:00,7.5
2025-06-12 06:21:00,2.2
2025-06-12 21:29:00,74.1
2025-06-12 07:45:00,49.66792053602915
2025-06-12 00:15:00,49.66792053602915
2025-06-12 00:06:00,37.2
2025-06-12 02:13:00,16.8
2025-06-12 08:51:00,49.66792053602915
2025-06-12 11:39:00,62.9
2025-06-12 22:16:00,69.1
2025-06-12 22:08:00,95.9
2025-06-12 20:35:00,46.1
2025-06-12 14:15:00,49.66792053602915
2025-06-12 15:08:00,80.1
2025-06-12 05:35:00,58.6
2025-06-12 20:54:00,60.8
2025-06-12 05:05:00,47.7
2025-06-12 03:08:00,10.7
2025-06-12 19:42:00,82.2
2025-06-12 10:29:00,41.0
2025-06-12 00:59:00,31.4
2025-06-12 18:52:00,4.7
2025-06-12 17:55:00,9.2
2025-06-12 15:27:00,65.8
2025-06-12 17:04:00,66.8
2025-06-12 18:46:00,16.6
2025-06-12 07:30:00,42.2
2025-06-12 04:11:00,7.2
2025-06-12 04:03:00,49.66792053602915
2025-06-12 07:51:00,56.7
2025-06-12 19:55:00,25.2
2025-06-12 08:36:00,29.8
2025-06-12 23:06:00,77.6
2025-06-12 05:30:00,36.7
2025-06-12 19:08:00,68.4
2025-06-12 19:02:00,20.6
2025-06-12 07:06:00,15.6
2025-06-12 02:38:00,13.5
2025-06-12 22:17:00,49.66792053602915
2025-06-12 08:10:00,80.3
2025-06-12 21:26:00,58.6
2025-06-12 07:53:00,68.8
2025-06-12 04:33:00,38.6
2025-06-12 03:40:00,45.3
2025-06-12 01:46:00,93.3
2025-06-12 16:47:00,93.6
2025-06-12 17:34:00,91.6
2025-06-12 10:34:00,49.66792053602915
2025-06-12 08:52:00,45.1
2025-06-12 12:05:00,49.66792053602915
2025-06-12 01:09:00,77.0
2025-06-12 01:34:00,70.3
2025-06-12 06:35:00,55.0
2025-06-12 05:50:00,3.8
2025-06-12 21:06:00,39.6
2025-06-12 22:18:00,19.0
2025-06-12 01:17:00,88.6
2025-06-12 20:29:00,49.66792053602915
2025-06-12 08:41:00,9.8
2025-06-12 10:25:00,97.7
2025-06-12 15:18:00,59.8
2025-06-12 03:20:00,49.1
2025-06-12 15:14:00,43.0
2025-06-12 08:14:00,6.8
2025-06-12 07:35:00,49.66792053602915
2025-06-12 16:14:00,80.3
2025-06-12 10:03:00,55.0
2025-06-12 11:22:00,49.66792053602915
2025-06-12 07:39:00,54.6
2025-06-12 19:48:00,49.66792053602915
2025-06-12 19:19:00,3.9
2025-06-12 12:25:00,49.66792053602915
2025-06-12 14:52:00,16.5
2025-06-12 23:58:00,66.8
2025-06-12 02:29:00,21.4
2025-06-12 16:27:00,12.1
2025-06-12 04:50:00,37.0
2025-06-12 03:50:00,56.5
2025-06-12 18:30:00,26.0
2025-06-12 18:41:00,58.2
2025-06-12 06:35:00,93.4
2025-06-12 10:34:00,33.8
2025-06-12 09:00:00,50.4
2025-06-12 00:01:00,19.2
2025-06-12 22:23:00,93.8
2025-06-12 16:10:00,25.3
2025-06-12 07:36:00,49.82591552591553
2025-06-12 22:57:00,35.7
2025-06-12 23:02:00,75.6
2025-06-12 12:11:00,62.2
2025-06-12 22:42:00,87.8
2025-06-12 00:11:00,89.9
2025-06-12 16:36:00,70.9
2025-06-12 09:19:00,40.5
2025-06-12 09:38:00,49.82591552591553
2025-06-12 11:24:00,10.1
2025-06-12 21:25:00,3.1
2025-06-12 18:42:00,84.1
2025-06-12 04:25:00,91.9
2025-06-12 22:48:00,40.5
2025-06-12 17:57:00,96.1
2025-06-12 15:17:00,76.1
2025-06-12 00:37:00,72.3
2025-06-12 09:01:00,51.0
2025-06-12 17:02:00,30.9
2025-06-12 21:05:00,2.2
2025-06-12 14:43:00,49.82591552591553
2025-06-12 13:39:00,19.2
2025-06-12 09:51:00,100.0
2025-06-12 10:29:00,49.82591552591553
2025-06-12 17:59:00,49.82591552591553
2025-06-12 03:15:00,46.3
2025-06-12 04:50:00,90.4
2025-06-12 18:29:00,93.6
2025-06-12 08:52:00,36.5
2025-06-12 06:47:00,10.5
2025-06-12 21:23:00,48.6
2025-06-12 09:31:00,49.82591552591553
2025-06-12 05:30:00,50.3
2025-06-12 12:22:00,4.0
2025-06-12 02:21:00,17.4
2025-06-12 05:01:00,3.9
2025-06-12 02:12:00,49.82591552591553
2025-06-12 14:22:00,49.82591552591553
2025-06-12 16:19:00,87.0
2025-06-12 14:31:00,44.3
2025-06-12 08:41:00,91.3
2025-06-12 07:03:00,49.82591552591553
2025-06-12 09:15:00,27.2
2025-06-12 06:17:00,49.82591552591553
2025-06-12 22:03:00,25.7
2025-06-12 23:05:00,49.82591552591553
2025-06-12 15:11:00,50.5
2025-06-12 17:46:00,46.4
2025-06-12 15:04:00,93.2
2025-06-12 13:44:00,69.5
2025-06-12 23:09:00,40.2
2025-06-12 13:11:00,98.9
2025-06-12 03:10:00,56.9
2025-06-12 13:27:00,92.9
2025-06-12 16:03:00,55.5
2025-06-12 15:00:00,61.5
2025-06-12 16:29:00,70.2
2025-06-12 07:32:00,72.4
2025-06-12 05:58:00,64.1
2025-06-12 17:52:00,49.82591552591553
2025-06-12 00:29:00,49.82591552591553
2025-06-12 14:27:00,94.9
2025-06-12 05:24:00,21.1
2025-06-12 02:49:00,46.6
2025-06-12 01:18:00,64.4
2025-06-12 07:38:00,83.2
2025-06-12 00:47:00,82.1
2025-06-12 02:08:00,53.8
2025-06-12 20:11:00,94.6
2025-06-12 04:57:00,24.1
2025-06-12 10:38:00,11.8
2025-06-12 05:17:00,63.6
2025-06-12 08:09:00,40.9
2025-06-12 11:43:00,49.82591552591553
2025-06-12 04:23:00,42.9
2025-06-12 23:48:00,59.3
2025-06-12 07:45:00,49.82591552591553
2025-06-12 09:45:00,49.82591552591553
2025-06-12 20:54:00,45.6
2025-06-12 03:33:00,22.4
2025-06-12 10:20:00,38.0
2025-06-12 16:17:00,38.5
2025-06-12 12:06:00,73.9
2025-06-12 13:20:00,49.82591552591553
2025-06-12 00:36:00,49.82591552591553
2025-06-12 09:33:00,58.1
2025-06-12 09:56:00,34.4
2025-06-12 15:27:00,86.9
2025-06-12 01:00:00,91.3
2025-06-12 05:41:00,59.9
2025-06-12 12:30:00,50.0
2025-06-12 04:26:00,85.5
2025-06-12 08:20:00,62.2
2025-06-12 01:44:00,70.1
2025-06-12 04:46:00,82.3
2025-06-12 18:48:00,49.82591552591553
2025-06-12 01:29:00,21.0
2025-06-12 12:05:00,19.5
2025-06-12 18:20:00,88.1
2025-06-12 10:44:00,90.9
2025-06-12 02:40:00,55.4
2025-06-12 22:32:00,89.7
2025-06-12 13:19:00,47.8
2025-06-12 17:06:00,32.8
2025-06-12 20:36:00,71.4
2025-06-12 14:18:00,49.82591552591553
2025-06-12 18:04:00,42.7
2025-06-12 23:01:00,75.5
2025-06-12 00:33:00,15.0
2025-06-12 19:33:00,79.3
2025-06-12 15:16:00,4.1
2025-06-12 22:19:00,16.7
2025-06-12 14:04:00,68.3
2025-06-12 19:46:00,7.1
2025-06-12 18:11:00,49.82591552591553
2025-06-12 06:51:00,77.6
2025-06-12 00:04:00,91.7
2025-06-12 15:53:00,49.82591552591553
2025-06-12 19:23:00,40.3
2025-06-12 23:52:00,71.9
2025-06-12 05:14:00,12.7
2025-06-12 21:37:00,79.4
2025-06-12 17:26:00,2.4
2025-06-12 04:04:00,11.7
2025-06-12 13:33:00,67.6
2025-06-12 07:47:00,80.0
2025-06-12 07:04:00,30.0
2025-06-12 03:57:00,25.6
2025-06-12 22:46:00,21.9
2025-06-12 08:40:00,19.1
2025-06-12 23:26:00,16.1
2025-06-12 03:30:00,49.82591552591553
2025-06-12 12:16:00,48.6
2025-06-12 08:51:00,27.2
2025-06-12 15:03:00,16.1
2025-06-12 15:52:00,88.0
2025-06-12 07:37:00,49.82591552591553
2025-06-12 11:23:00,25.4
2025-06-12 23:25:00,7.8
2025-06-12 06:38:00,60.0
2025-06-12 21:02:00,12.7
2025-06-12 20:12:00,73.0
2025-06-12 05:52:00,5.0
2025-06-12 08:58:00,49.82591552591553
2025-06-12 02:17:00,28.2
2025-06-12 13:49:00,70.1
2025-06-12 22:11:00,39.0
2025-06-12 12:35:00,83.9
2025-06-12 11:00:00,49.82591552591553
2025-06-12 01:21:00,97.3
2025-06-12 02:41:00,91.6
2025-06-12 13:47:00,81.7
2025-06-12 11:16:00,87.3
2025-06-12 16:24:00,49.82591552591553
2025-06-12 12:42:00,31.2
2025-06-12 17:11:00,19.3
2025-06-12 22:38:00,32.7
2025-06-12 16:50:00,98.2
2025-06-12 04:48:00,49.82591552591553
2025-06-12 18:46:00,58.1
2025-06-12 03:05:00,50.7
2025-06-12 05:55:00,13.4
2025-06-12 08:10:00,40.6
2025-06-12 01:06:00,93.1
2025-06-12 02:46:00,48.9
2025-06-12 05:39:00,74.1
2025-06-12 09:09:00,49.82591552591553
2025-06-12 03:37:00,95.6
2025-06-12 12:45:00,95.0
2025-06-12 00:43:00,25.5
2025-06-12 12:07:00,1.6
2025-06-12 10:56:00,17.2
2025-06-12 09:42:00,16.3
2025-06-12 12:09:00,49.82591552591553
2025-06-12 07:54:00,96.5
2025-06-12 20:42:00,99.2
2025-06-12 03:53:00,84.3
2025-06-12 02:56:00,49.82591552591553
2025-06-12 05:29:00,97.9
2025-06-12 11:09:00,98.7
2025-06-12 06:22:00,52.2
2025-06-12 23:49:00,25.0
2025-06-12 13:12:00,59.0
2025-06-12 23:55:00,77.7
2025-06-12 13:18:00,49.82591552591553
2025-06-12 21:08:00,26.9
2025-06-12 06:31:00,79.5
2025-06-12 05:00:00,15.0
2025-06-12 21:42:00,49.5
2025-06-12 10:39:00,90.9
2025-06-12 19:38:00,48.1
2025-06-12 14:05:00,0.4
2025-06-12 20:28:00,66.0
2025-06-12 07:49:00,46.9
2025-06-12 03:00:00,30.5
2025-06-12 05:28:00,79.6
2025-06-12 05:34:00,88.8
2025-06-12 18:32:00,18.9
2025-06-12 09:13:00,77.3
2025-06-12 12:27:00,27.4
2025-06-12 08:56:00,50.6
2025-06-12 16:58:00,21.5
2025-06-12 23:34:00,37.3
2025-06-12 22:05:00,85.8
2025-06-12 04:16:00,31.3
2025-06-12 04:09:00,2.3
2025-06-12 19:51:00,23.0
2025-06-12 09:40:00,49.82591552591553
2025-06-12 13:21:00,93.9
2025-06-12 22:13:00,66.9
2025-06-12 15:41:00,1.9
2025-06-12 18:34:00,62.1
2025-06-12 22:43:00,6.0
2025-06-12 01:03:00,92.4
2025-06-12 10:51:00,17.0
2025-06-12 05:57:00,77.8
2025-06-12 23:30:00,30.0
2025-06-12 11:42:00,25.9
2025-06-12 20:44:00,92.5
2025-06-12 00:25:00,49.82591552591553
2025-06-12 14:12:00,37.1
2025-06-12 21:54:00,0.4
2025-06-12 21:40:00,78.5
2025-06-12 20:00:00,55.9
2025-06-12 19:41:00,56.6
2025-06-12 04:03:00,99.3
2025-06-12 16:16:00,49.82591552591553
2025-06-12 16:42:00,90.9
2025-06-12 00:50:00,23.9
2025-06-12 04:33:00,93.9
2025-06-12 10:16:00,74.1
2025-06-12 02:07:00,47.9
2025-06-12 18:27:00,49.82591552591553
2025-06-12 21:28:00,32.6
2025-06-12 18:50:00,76.9
2025-06-12 23:42:00,50.7
2025-06-12 03:39:00,10.6
2025-06-12 19:03:00,55.2
2025-06-12 11:47:00,48.7
2025-06-12 17:27:00,49.82591552591553
2025-06-12 12:59:00,18.3
2025-06-12 18:49:00,73.9
2025-06-12 14:15:00,8.7
2025-06-12 00:28:00,31.8
2025-06-12 14:33:00,23.6
2025-06-12 18:09:00,67.7
2025-06-12 20:39:00,75.2
2025-06-12 17:23:00,74.8
2025-06-12 08:38:00,49.82591552591553
2025-06-12 12:18:00,83.3
2025-06-12 12:31:00,53.3
2025-06-12 21:47:00,79.7
2025-06-12 15:12:00,49.82591552591553
2025-06-12 18:21:00,5.9
2025-06-12 17:54:00,99.3
2025-06-12 07:12:00,94.0
2025-06-12 07:30:00,69.0
2025-06-12 18:28:00,37.7
2025-06-12 04:39:00,61.8
2025-06-12 08:27:00,81.0
2025-06-12 01:04:00,62.0
2025-06-12 12:53:00,7.3
2025-06-12 16:00:00,20.8
2025-06-12 20:47:00,77.7
2025-06-12 06:06:00,49.82591552591553
2025-06-12 18:55:00,60.2
2025-06-12 14:19:00,34.2
2025-06-12 22:17:00,13.1
2025-06-12 23:44:00,77.2
2025-06-12 07:34:00,83.8
2025-06-12 17:08:00,12.5
2025-06-12 15:34:00,73.3
2025-06-12 08:21:00,49.82591552591553
2025-06-12 21:07:00,44.3
2025-06-12 02:58:00,49.82591552591553
2025-06-12 20:24:00,47.0
2025-06-12 03:01:00,87.9
2025-06-12 07:41:00,75.2
2025-06-12 15:20:00,97.6
2025-06-12 15:36:00,57.4
2025-06-12 02:02:00,16.0
2025-06-12 09:21:00,11.4
2025-06-12 21:53:00,60.5
2025-06-12 23:50:00,49.82591552591553
2025-06-12 09:12:00,56.7
2025-06-12 06:03:00,55.7
2025-06-12 20:07:00,12.0
2025-06-12 13:54:00,4.6
2025-06-12 10:58:00,43.7
2025-06-12 06:44:00,70.6
2025-06-12 13:22:00,75.4
2025-06-12 13:59:00,49.2
2025-06-12 07:51:00,62.0
2025-06-12 08:02:00,90.3
2025-06-12 19:36:00,49.82264106490752
2025-06-12 08:26:00,10.4
2025-06-12 09:47:00,63.8
2025-06-12 17:00:00,82.1
2025-06-12 01:19:00,3.3
2025-06-12 10:26:00,18.8
2025-06-12 13:52:00,89.5
2025-06-12 01:12:00,49.82264106490752
2025-06-12 04:39:00,60.2
2025-06-12 08:50:00,46.0
2025-06-12 11:09:00,5.7
2025-06-12 05:42:00,35.2
2025-06-12 06:40:00,18.3
2025-06-12 01:42:00,54.4
2025-06-12 13:41:00,49.82264106490752
2025-06-12 20:00:00,49.82264106490752
2025-06-12 03:30:00,37.8
2025-06-12 23:13:00,78.8
2025-06-12 18:39:00,49.82264106490752
2025-06-12 19:52:00,7.5
2025-06-12 01:37:00,92.3
2025-06-12 16:43:00,36.1
2025-06-12 14:43:00,90.4
2025-06-12 15:31:00,2.1
2025-06-12 04:00:00,49.2
2025-06-12 21:12:00,79.9
2025-06-12 10:53:00,55.7
2025-06-12 08:07:00,85.1
2025-06-12 09:24:00,21.7
2025-06-12 05:36:00,49.1
2025-06-12 17:25:00,20.3
2025-06-12 13:27:00,48.8
2025-06-12 16:35:00,81.7
2025-06-12 01:13:00,49.82264106490752
2025-06-12 17:48:00,12.8
2025-06-12 00:09:00,79.8
2025-06-12 09:09:00,70.5
2025-06-12 13:21:00,78.7
2025-06-12 17:44:00,81.9
2025-06-12 12:51:00,18.1
2025-06-12 18:36:00,46.5
2025-06-12 21:03:00,69.4
2025-06-12 00:40:00,58.1
2025-06-12 06:21:00,49.82264106490752
2025-06-12 14:15:00,11.7
2025-06-12 01:16:00,96.9
2025-06-12 05:02:00,49.82264106490752
2025-06-12 18:57:00,60.4
2025-06-12 15:22:00,2.0
2025-06-12 19:05:00,5.7
2025-06-12 07:04:00,49.82264106490752
2025-06-12 05:03:00,49.82264106490752
2025-06-12 13:43:00,93.2
2025-06-12 13:40:00,67.6
2025-06-12 22:34:00,14.4
2025-06-12 19:20:00,91.9
2025-06-12 11:37:00,13.0
2025-06-12 00:25:00,49.82264106490752
2025-06-12 07:25:00,58.6
2025-06-12 09:18:00,45.6
2025-06-12 08:00:00,49.82264106490752
2025-06-12 11:39:00,80.4
2025-06-12 10:06:00,49.82264106490752
2025-06-12 03:36:00,44.7
2025-06-12 18:58:00,87.9
2025-06-12 22:12:00,49.82264106490752
2025-06-12 19:51:00,16.5
2025-06-12 06:52:00,95.8
2025-06-12 14:29:00,73.7
2025-06-12 15:27:00,20.4
2025-06-12 15:30:00,53.6
2025-06-12 03:09:00,10.3
2025-06-12 12:46:00,68.5
2025-06-12 04:59:00,84.7
2025-06-12 13:51:00,74.7
2025-06-12 20:29:00,36.6
2025-06-12 12:40:00,78.4
2025-06-12 10:37:00,57.9
2025-06-12 02:04:00,4.1
2025-06-12 07:21:00,39.5
2025-06-12 17:16:00,38.4
2025-06-12 01:39:00,17.6
2025-06-12 00:06:00,24.7
2025-06-12 21:02:00,49.82264106490752
2025-06-12 15:43:00,10.0
2025-06-12 15:59:00,60.8
2025-06-12 11:32:00,49.82264106490752
2025-06-12 11:43:00,8.4
2025-06-12 16:14:00,76.8
2025-06-12 10:05:00,41.6
2025-06-12 11:34:00,13.1
2025-06-12 03:02:00,68.2
2025-06-12 16:24:00,80.1
2025-06-12 18:37:00,47.7
2025-06-12 03:37:00,21.7
2025-06-12 01:50:00,50.0
2025-06-12 02:24:00,62.7
2025-06-12 21:28:00,2.6
2025-06-12 02:37:00,38.8
2025-06-12 11:26:00,27.2
2025-06-12 00:45:00,59.5
2025-06-12 23:03:00,82.4
2025-06-12 02:48:00,10.9
2025-06-12 19:09:00,49.82264106490752
2025-06-12 03:50:00,8.6
2025-06-12 01:14:00,68.6
2025-06-12 05:45:00,2.9
2025-06-12 22:33:00,65.2
2025-06-12 20:55:00,9.9
2025-06-12 22:19:00,93.3
2025-06-12 22:37:00,49.82264106490752
2025-06-12 06:35:00,83.6
2025-06-12 09:53:00,15.0
2025-06-12 13:37:00,5.0
2025-06-12 20:26:00,9.6
2025-06-12 02:35:00,49.82264106490752
2025-06-12 02:38:00,60.4
2025-06-12 02:34:00,29.5
2025-06-12 19:10:00,67.4
2025-06-12 07:59:00,88.5
2025-06-12 17:38:00,87.6
2025-06-12 09:13:00,35.9
2025-06-12 04:17:00,49.82264106490752
2025-06-12 12:07:00,87.3
2025-06-12 04:29:00,59.7
2025-06-12 21:57:00,2.3
2025-06-12 07:01:00,52.7
2025-06-12 17:34:00,15.5
2025-06-12 18:33:00,80.6
2025-06-12 18:23:00,76.3
2025-06-12 22:52:00,20.4
2025-06-12 19:57:00,12.5
2025-06-12 14:59:00,21.6
2025-06-12 22:27:00,6.4
2025-06-12 03:26:00,30.7
2025-06-12 10:00:00,9.0
2025-06-12 17:23:00,27.5
2025-06-12 06:39:00,49.82264106490752
2025-06-12 21:42:00,49.82264106490752
2025-06-12 15:02:00,58.2
2025-06-12 00:26:00,49.82264106490752
2025-06-12 19:32:00,48.7
2025-06-12 07:14:00,49.82264106490752
2025-06-12 11:03:00,2.4
2025-06-12 04:58:00,33.3
2025-06-12 23:40:00,1.3
2025-06-12 10:08:00,57.2
2025-06-12 14:08:00,34.9
2025-06-12 00:49:00,42.6
2025-06-12 13:45:00,49.82264106490752
2025-06-12 14:13:00,49.82264106490752
2025-06-12 00:34:00,88.9
2025-06-12 20:49:00,49.82264106490752
2025-06-12 00:44:00,3.8
2025-06-12 04:15:00,47.3
2025-06-12 19:58:00,4.6
2025-06-12 09:19:00,14.1
2025-06-12 14:06:00,49.82264106490752
2025-06-12 21:10:00,49.82264106490752
2025-06-12 15:11:00,56.2
2025-06-12 17:33:00,96.9
2025-06-12 19:53:00,49.82264106490752
2025-06-12 14:34:00,48.5
2025-06-12 21:38:00,48.8
2025-06-12 14:05:00,1.2
2025-06-12 10:21:00,49.82264106490752
2025-06-12 23:53:00,8.7
2025-06-12 00:15:00,45.2
2025-06-12 09:06:00,49.82264106490752
2025-06-12 08:20:00,49.82264106490752
2025-06-12 05:54:00,49.82264106490752
2025-06-12 15:29:00,11.1
2025-06-12 16:15:00,49.82264106490752
2025-06-12 06:04:00,64.7
2025-06-12 22:36:00,68.6
2025-06-12 01:31:00,5.4
2025-06-12 11:44:00,37.7
2025-06-12 10:09:00,94.0
2025-06-12 07:06:00,66.5
2025-06-12 12:37:00,32.4
2025-06-12 17:19:00,3.2
2025-06-12 14:55:00,90.2
2025-06-12 15:39:00,7.9
2025-06-12 19:26:00,49.82264106490752
2025-06-12 07:39:00,49.82264106490752
2025-06-12 06:06:00,5.6
2025-06-12 03:14:00,82.6
2025-06-12 06:32:00,63.2
2025-06-12 17:13:00,23.1
2025-06-12 04:23:00,15.7
2025-06-12 06:33:00,73.7
2025-06-12 23:36:00,49.82264106490752
2025-06-12 02:23:00,8.6
2025-06-12 13:00:00,96.8
2025-06-12 03:16:00,5.5
2025-06-12 05:32:00,56.0
2025-06-12 21:39:00,87.8
2025-06-12 16:30:00,41.0
2025-06-12 10:46:00,55.4
2025-06-12 14:56:00,74.0
2025-06-12 15:55:00,38.4
2025-06-12 17:54:00,49.82264106490752
2025-06-12 14:57:00,52.3
2025-06-12 14:12:00,62.7
2025-06-12 10:18:00,85.8
2025-06-12 09:28:00,91.7
2025-06-12 12:52:00,34.8
2025-06-12 07:11:00,19.5
2025-06-12 17:14:00,9.3
2025-06-12 08:54:00,13.4
2025-06-12 09:59:00,71.8
2025-06-12 14:01:00,19.3
2025-06-12 18:46:00,3.1
2025-06-12 07:13:00,49.82264106490752
2025-06-12 22:11:00,48.8
2025-06-12 12:36:00,3.0
2025-06-12 18:28:00,14.0
2025-06-12 09:14:00,49.82264106490752
2025-06-12 00:52:00,37.4
2025-06-12 21:31:00,96.7
2025-06-12 18:30:00,32.6
2025-06-12 17:01:00,49.82264106490752
2025-06-12 15:32:00,11.4
2025-06-12 07:54:00,28.3
2025-06-12 16:57:00,3.0
2025-06-12 17:51:00,49.82264106490752
2025-06-12 01:55:00,58.3
2025-06-12 06:45:00,81.9
2025-06-12 23:08:00,69.5
2025-06-12 08:29:00,15.4
2025-06-12 02:10:00,49.2
2025-06-12 17:10:00,67.3
2025-06-12 06:47:00,61.1
2025-06-12 03:51:00,75.5
2025-06-12 20:01:00,49.82264106490752
2025-06-12 16:31:00,49.82264106490752
2025-06-12 20:05:00,88.7
2025-06-12 03:29:00,35.2
2025-06-12 15:25:00,4.6
2025-06-12 05:04:00,98.4
2025-06-12 13:07:00,86.6
2025-06-12 09:01:00,64.9
2025-06-12 10:43:00,83.5
2025-06-12 10:10:00,9.1
2025-06-12 11:20:00,85.5
2025-06-12 17:24:00,21.5
2025-06-12 00:50:00,66.2
2025-06-12 14:04:00,43.0
2025-06-12 15:45:00,49.82264106490752
2025-06-12 00:19:00,43.6
2025-06-12 19:38:00,46.0
2025-06-12 07:02:00,30.2
2025-06-12 23:35:00,49.1
2025-06-12 08:22:00,46.9
2025-06-12 16:33:00,1.8
2025-06-12 02:01:00,3.3
2025-06-12 06:30:00,6.4
2025-06-12 00:16:00,2.8
2025-06-12 19:02:00,19.9
2025-06-12 08:12:00,21.9
2025-06-12 16:18:00,10.0
2025-06-12 20:31:00,82.5
2025-06-12 19:42:00,40.1
2025-06-12 04:18:00,49.82264106490752
2025-06-12 19:00:00,86.3
2025-06-12 08:28:00,29.5
2025-06-12 19:18:00,1.1
2025-06-12 10:07:00,44.6
2025-06-12 08:24:00,20.0
2025-06-12 20:19:00,75.0
2025-06-12 22:18:00,52.6
2025-06-12 15:14:00,85.5
2025-06-12 20:48:00,50.2
2025-06-12 17:40:00,25.8
2025-06-12 15:49:00,37.8
2025-06-12 21:15:00,49.82264106490752
2025-06-12 07:42:00,8.1
2025-06-12 21:50:00,20.8
2025-06-12 11:50:00,45.5
2025-06-12 01:02:00,49.82264106490752
2025-06-12 19:23:00,24.9
2025-06-12 20:36:00,22.8
2025-06-12 04:50:00,46.9
2025-06-12 18:43:00,1.8
2025-06-12 16:38:00,41.2
2025-06-12 13:17:00,26.4
2025-06-12 00:54:00,73.1
2025-06-12 15:38:00,80.8
2025-06-12 18:56:00,86.4
2025-06-12 16:09:00,91.8
2025-06-12 11:46:00,49.82264106490752
2025-06-12 22:41:00,49.82264106490752
2025-06-12 06:07:00,53.9
2025-06-12 08:08:00,11.1
2025-06-12 14:41:00,14.6
2025-06-12 05:28:00,90.1
2025-06-12 11:28:00,57.7
2025-06-12 10:02:00,57.8
2025-06-12 17:29:00,63.6
2025-06-12 11:58:00,30.8
2025-06-12 06:15:00,21.5
2025-06-12 11:23:00,2.9
2025-06-12 01:36:00,86.9
2025-06-12 00:35:00,18.1
2025-06-12 00:52:00,63.3
2025-06-12 19:21:00,73.4
2025-06-12 12:34:00,95.7
2025-06-12 15:33:00,38.5
2025-06-12 21:00:00,66.0
2025-06-12 11:03:00,78.9
2025-06-12 17:56:00,92.3
2025-06-12 03:18:00,18.2
2025-06-12 15:16:00,9.6
2025-06-12 04:07:00,60.9
2025-06-12 13:07:00,33.4
2025-06-12 14:25:00,94.4
2025-06-12 02:01:00,0.6
2025-06-12 12:20:00,49.73505924170616
2025-06-12 23:05:00,91.6
2025-06-12 05:58:00,34.4
2025-06-12 18:34:00,52.0
2025-06-12 16:39:00,76.3
2025-06-12 03:39:00,62.8
2025-06-12 13:23:00,36.3
2025-06-12 19:01:00,30.9
2025-06-12 22:44:00,68.7
2025-06-12 11:04:00,16.4
2025-06-12 09:24:00,19.4
2025-06-12 14:12:00,49.73505924170616
2025-06-12 01:04:00,48.3
2025-06-12 14:31:00,50.9
2025-06-12 20:49:00,49.73505924170616
2025-06-12 06:52:00,20.6
2025-06-12 04:08:00,60.7
2025-06-12 14:34:00,45.9
2025-06-12 00:10:00,24.3
2025-06-12 06:42:00,49.73505924170616
2025-06-12 00:25:00,15.3
2025-06-12 19:44:00,76.8
2025-06-12 17:55:00,26.9
2025-06-12 22:39:00,96.9
2025-06-12 10:45:00,64.5
2025-06-12 22:10:00,2.6
2025-06-12 21:46:00,72.7
2025-06-12 11:36:00,1.8
2025-06-12 10:14:00,6.1
2025-06-12 20:42:00,49.73505924170616
2025-06-12 21:54:00,82.6
2025-06-12 17:26:00,92.9
2025-06-12 15:07:00,78.4
2025-06-12 10:11:00,81.4
2025-06-12 06:47:00,71.5
2025-06-12 16:37:00,92.4
2025-06-12 07:54:00,15.3
2025-06-12 06:12:00,49.6
2025-06-12 07:36:00,49.73505924170616
2025-06-12 16:56:00,57.3
2025-06-12 01:39:00,68.1
2025-06-12 20:09:00,62.6
2025-06-12 21:23:00,52.0
2025-06-12 19:14:00,91.2
2025-06-12 15:54:00,70.5
2025-06-12 08:14:00,49.73505924170616
2025-06-12 11:48:00,22.4
2025-06-12 19:45:00,7.8
2025-06-12 15:11:00,3.2
2025-06-12 09:50:00,49.73505924170616
2025-06-12 04:14:00,31.3
2025-06-12 19:58:00,85.5
2025-06-12 02:22:00,17.7
2025-06-12 22:20:00,7.3
2025-06-12 12:49:00,52.0
2025-06-12 05:25:00,29.4
2025-06-12 07:48:00,83.5
2025-06-12 12:18:00,49.73505924170616
2025-06-12 15:25:00,83.0
2025-06-12 19:06:00,59.5
2025-06-12 07:13:00,49.73505924170616
2025-06-12 01:28:00,86.0
2025-06-12 16:55:00,86.0
2025-06-12 05:56:00,70.1
2025-06-12 18:12:00,36.2
2025-06-12 09:35:00,51.0
2025-06-12 00:14:00,34.2
2025-06-12 13:01:00,13.4
2025-06-12 07:17:00,71.3
2025-06-12 13:20:00,36.1
2025-06-12 19:04:00,58.1
2025-06-12 10:53:00,9.2
2025-06-12 04:00:00,87.3
2025-06-12 19:53:00,48.7
2025-06-12 14:26:00,58.8
2025-06-12 02:14:00,97.1
2025-06-12 07:39:00,74.2
2025-06-12 00:03:00,15.8
2025-06-12 12:05:00,17.2
2025-06-12 09:22:00,49.73505924170616
2025-06-12 06:49:00,28.2
2025-06-12 02:49:00,70.2
2025-06-12 16:42:00,75.8
2025-06-12 21:25:00,34.8
2025-06-12 07:44:00,28.7
2025-06-12 05:39:00,74.3
2025-06-12 17:22:00,91.9
2025-06-12 10:26:00,2.7
2025-06-12 08:49:00,57.0
2025-06-12 00:58:00,2.1
2025-06-12 10:07:00,45.1
2025-06-12 19:18:00,36.2
2025-06-12 07:08:00,29.4
2025-06-12 08:52:00,0.9
2025-06-12 12:48:00,4.3
2025-06-12 09:39:00,35.5
2025-06-12 14:36:00,26.0
2025-06-12 02:37:00,79.9
2025-06-12 22:49:00,59.1
2025-06-12 15:15:00,26.5
2025-06-12 02:17:00,15.8
2025-06-12 04:22:00,11.2
2025-06-12 21:36:00,67.9
2025-06-12 03:21:00,32.6
2025-06-12 13:32:00,61.4
2025-06-12 18:57:00,17.7
2025-06-12 01:57:00,34.7
2025-06-12 08:00:00,35.6
2025-06-12 16:01:00,49.73505924170616
2025-06-12 22:19:00,16.0
2025-06-12 08:08:00,1.0
2025-06-12 05:37:00,20.3
2025-06-12 18:05:00,33.7
2025-06-12 04:45:00,36.9
2025-06-12 12:54:00,21.2
2025-06-12 04:38:00,28.8
2025-06-12 15:59:00,50.1
2025-06-12 05:40:00,48.4
2025-06-12 05:34:00,61.7
2025-06-12 06:17:00,20.8
2025-06-12 15:56:00,42.6
2025-06-12 05:33:00,31.6
2025-06-12 03:04:00,44.1
2025-06-12 08:07:00,51.2
2025-06-12 15:29:00,10.2
2025-06-12 18:04:00,6.4
2025-06-12 20:50:00,49.73505924170616
2025-06-12 01:14:00,49.73505924170616
2025-06-12 15:14:00,12.3
2025-06-12 05:46:00,49.73505924170616
2025-06-12 03:13:00,81.1
2025-06-12 08:11:00,91.2
2025-06-12 13:26:00,49.73505924170616
2025-06-12 05:45:00,51.8
2025-06-12 02:34:00,82.4
2025-06-12 13:14:00,14.5
2025-06-12 05:16:00,25.3
2025-06-12 13:36:00,44.5
2025-06-12 18:20:00,62.8
2025-06-12 12:26:00,16.8
2025-06-12 06:22:00,3.3
2025-06-12 12:31:00,49.4
2025-06-12 08:55:00,91.4
2025-06-12 10:54:00,92.8
2025-06-12 17:54:00,49.73505924170616
2025-06-12 21:08:00,90.4
2025-06-12 23:10:00,52.8
2025-06-12 14:00:00,67.2
2025-06-12 09:59:00,86.1
2025-06-12 12:51:00,44.4
2025-06-12 17:48:00,42.9
2025-06-12 21:20:00,0.3
2025-06-12 11:38:00,25.2
2025-06-12 10:38:00,25.9
2025-06-12 20:02:00,36.3
2025-06-12 11:33:00,43.4
2025-06-12 00:33:00,2.8
2025-06-12 19:19:00,23.1
2025-06-12 17:17:00,40.2
2025-06-12 23:30:00,18.5
2025-06-12 06:21:00,88.1
2025-06-12 17:47:00,49.73505924170616
2025-06-12 05:19:00,93.8
2025-06-12 12:15:00,72.8
2025-06-12 09:03:00,46.6
2025-06-12 22:34:00,42.9
2025-06-12 17:33:00,10.3
2025-06-12 16:33:00,49.73505924170616
2025-06-12 11:24:00,32.9
2025-06-12 21:24:00,10.8
2025-06-12 14:58:00,85.1
2025-06-12 12:00:00,12.1
2025-06-12 13:48:00,62.7
2025-06-12 18:02:00,30.3
2025-06-12 01:01:00,47.2
2025-06-12 16:04:00,0.2
2025-06-12 06:32:00,70.6
2025-06-12 15:58:00,31.2
2025-06-12 20:48:00,9.5
2025-06-12 00:28:00,47.0
2025-06-12 07:23:00,49.73505924170616
2025-06-12 11:44:00,5.2
2025-06-12 07:45:00,54.4
2025-06-12 03:40:00,25.2
2025-06-12 15:40:00,53.6
2025-06-12 20:17:00,44.2
2025-06-12 22:46:00,42.5
2025-06-12 07:34:00,82.5
2025-06-12 11:05:00,49.73505924170616
2025-06-12 01:08:00,49.73505924170616
2025-06-12 06:50:00,49.0
2025-06-12 16:14:00,49.73505924170616
2025-06-12 21:14:00,22.3
2025-06-12 14:22:00,84.3
2025-06-12 12:19:00,5.6
2025-06-12 21:40:00,74.6
2025-06-12 23:37:00,35.8
2025-06-12 13:53:00,1.3
2025-06-12 06:44:00,48.1
2025-06-12 04:25:00,49.73505924170616
2025-06-12 04:57:00,54.3
2025-06-12 17:10:00,49.73505924170616
2025-06-12 18:28:00,0.9
2025-06-12 10:30:00,16.4
2025-06-12 02:12:00,38.5
2025-06-12 19:49:00,41.2
2025-06-12 23:54:00,49.73505924170616
2025-06-12 14:33:00,45.6
2025-06-12 21:34:00,16.0
2025-06-12 05:05:00,4.3
2025-06-12 17:02:00,27.9
2025-06-12 11:55:00,92.1
2025-06-12 13:22:00,97.9
2025-06-12 14:39:00,55.9
2025-06-12 00:26:00,83.0
2025-06-12 02:08:00,53.8
2025-06-12 12:44:00,99.7
2025-06-12 10:17:00,82.4
2025-06-12 09:41:00,5.0
2025-06-12 22:54:00,49.73505924170616
2025-06-12 04:32:00,88.8
2025-06-12 17:05:00,88.6
2025-06-12 01:32:00,6.9
2025-06-12 00:27:00,41.8
2025-06-12 03:36:00,74.6
2025-06-12 02:59:00,20.0
2025-06-12 22:00:00,17.5
2025-06-12 22:26:00,90.2
2025-06-12 08:01:00,49.73505924170616
2025-06-12 06:57:00,93.2
2025-06-12 20:36:00,35.7
2025-06-12 11:25:00,49.73505924170616
2025-06-12 17:52:00,49.73505924170616
2025-06-12 21:49:00,77.9
2025-06-12 00:18:00,87.5
2025-06-12 00:53:00,83.0
2025-06-12 16:59:00,91.8
2025-06-12 14:18:00,3.4
2025-06-12 14:08:00,36.7
2025-06-12 12:16:00,38.0
2025-06-12 23:46:00,29.9
2025-06-12 21:27:00,67.5
2025-06-12 00:40:00,41.9
2025-06-12 09:36:00,49.73505924170616
2025-06-12 20:58:00,49.73505924170616
2025-06-12 13:35:00,31.9
2025-06-12 16:51:00,69.3
2025-06-12 10:55:00,48.7
2025-06-12 21:31:00,22.4
2025-06-12 02:50:00,80.6
2025-06-12 08:40:00,67.5
2025-06-12 13:25:00,85.6
2025-06-12 08:05:00,70.6
2025-06-12 05:42:00,92.8
2025-06-12 19:19:00,66.6
2025-06-12 14:42:00,18.4
2025-06-12 23:15:00,28.3
2025-06-12 00:37:00,54.1
2025-06-12 16:16:00,2.3
2025-06-12 01:09:00,60.1
2025-06-12 00:41:00,50.04950773558369
2025-06-12 00:03:00,43.2
2025-06-12 19:56:00,31.0
2025-06-12 11:14:00,25.4
2025-06-12 02:51:00,92.8
2025-06-12 09:02:00,30.9
2025-06-12 10:58:00,84.2
2025-06-12 17:23:00,81.0
2025-06-12 19:03:00,13.2
2025-06-12 22:36:00,39.7
2025-06-12 08:21:00,40.0
2025-06-12 07:19:00,36.9
2025-06-12 06:46:00,49.6
2025-06-12 13:59:00,93.4
2025-06-12 11:01:00,18.1
2025-06-12 05:10:00,33.7
2025-06-12 12:22:00,21.5
2025-06-12 23:42:00,26.2
2025-06-12 06:00:00,27.5
2025-06-12 19:32:00,50.04950773558369
2025-06-12 04:46:00,51.2
2025-06-12 03:11:00,58.4
2025-06-12 16:25:00,50.04950773558369
2025-06-12 13:29:00,94.6
2025-06-12 13:47:00,50.04950773558369
2025-06-12 14:52:00,25.7
2025-06-12 16:33:00,73.7
2025-06-12 06:21:00,21.1
2025-06-12 14:05:00,50.04950773558369
2025-06-12 21:46:00,60.6
2025-06-12 06:56:00,96.1
2025-06-12 14:09:00,38.2
2025-06-12 18:16:00,50.04950773558369
2025-06-12 01:55:00,35.9
2025-06-12 15:54:00,39.2
2025-06-12 18:41:00,80.2
2025-06-12 02:19:00,87.9
2025-06-12 11:37:00,86.4
2025-06-12 18:06:00,89.4
2025-06-12 20:17:00,90.3
2025-06-12 01:29:00,26.1
2025-06-12 12:43:00,93.3
2025-06-12 01:36:00,37.8
2025-06-12 09:22:00,76.2
2025-06-12 13:05:00,30.6
2025-06-12 08:18:00,77.8
2025-06-12 01:00:00,27.9
2025-06-12 20:47:00,52.7
2025-06-12 22:40:00,6.2
2025-06-12 02:27:00,1.6
2025-06-12 18:04:00,58.7
2025-06-12 13:02:00,92.4
2025-06-12 17:54:00,44.1
2025-06-12 19:30:00,50.04950773558369
2025-06-12 01:03:00,71.1
2025-06-12 05:34:00,71.0
2025-06-12 17:46:00,13.0
2025-06-12 08:00:00,9.5
2025-06-12 09:38:00,86.4
2025-06-12 18:53:00,53.5
2025-06-12 20:05:00,30.2
2025-06-12 07:14:00,36.8
2025-06-12 14:00:00,99.1
2025-06-12 20:55:00,84.4
2025-06-12 04:52:00,36.7
2025-06-12 15:41:00,50.04950773558369
2025-06-12 14:07:00,50.04950773558369
2025-06-12 15:16:00,46.1
2025-06-12 01:41:00,50.04950773558369
2025-06-12 06:44:00,21.9
2025-06-12 17:05:00,7.0
2025-06-12 05:41:00,4.1
2025-06-12 17:47:00,75.8
2025-06-12 22:27:00,88.6
2025-06-12 02:06:00,47.9
2025-06-12 01:51:00,88.8
2025-06-12 23:54:00,51.6
2025-06-12 23:03:00,98.8
2025-06-12 03:41:00,10.1
2025-06-12 20:34:00,97.7
2025-06-12 20:40:00,73.5
2025-06-12 06:04:00,78.5
2025-06-12 02:58:00,50.04950773558369
2025-06-12 01:27:00,63.8
2025-06-12 14:38:00,72.5
2025-06-12 15:32:00,53.3
2025-06-12 00:42:00,60.5
2025-06-12 08:56:00,28.5
2025-06-12 09:26:00,94.7
2025-06-12 16:28:00,52.9
2025-06-12 12:52:00,50.04950773558369
2025-06-12 10:53:00,50.04950773558369
2025-06-12 07:32:00,6.1
2025-06-12 17:55:00,19.2
2025-06-12 09:12:00,59.0
2025-06-12 02:01:00,16.7
2025-06-12 01:16:00,50.04950773558369
2025-06-12 23:16:00,30.3
2025-06-12 17:22:00,42.8
2025-06-12 04:45:00,68.1
2025-06-12 23:17:00,51.2
2025-06-12 20:52:00,50.04950773558369
2025-06-12 07:48:00,81.7
2025-06-12 19:51:00,50.04950773558369
2025-06-12 16:34:00,88.5
2025-06-12 02:35:00,97.0
2025-06-12 03:32:00,37.9
2025-06-12 02:28:00,50.04950773558369
2025-06-12 06:48:00,97.3
2025-06-12 19:26:00,69.9
2025-06-12 11:26:00,53.0
2025-06-12 12:31:00,19.1
2025-06-12 09:30:00,80.0
2025-06-12 20:58:00,21.8
2025-06-12 19:46:00,41.6
2025-06-12 07:44:00,77.1
2025-06-12 12:07:00,50.04950773558369
2025-06-12 16:31:00,53.8
2025-06-12 13:28:00,32.0
2025-06-12 04:39:00,22.5
2025-06-12 16:42:00,12.0
2025-06-12 15:28:00,50.04950773558369
2025-06-12 06:19:00,73.2
2025-06-12 14:40:00,25.7
2025-06-12 08:53:00,50.04950773558369
2025-06-12 10:47:00,72.0
2025-06-12 06:34:00,5.1
2025-06-12 18:35:00,80.4
2025-06-12 03:28:00,50.04950773558369
2025-06-12 16:26:00,95.2
2025-06-12 10:43:00,50.04950773558369
2025-06-12 02:31:00,15.1
2025-06-12 23:39:00,98.1
2025-06-12 03:45:00,55.1
2025-06-12 23:51:00,23.6
2025-06-12 09:36:00,28.8
2025-06-12 05:55:00,50.04950773558369
2025-06-12 06:18:00,35.5
2025-06-12 11:15:00,1.8
2025-06-12 02:05:00,68.9
2025-06-12 17:53:00,6.6
2025-06-12 22:51:00,16.4
2025-06-12 00:07:00,42.8
2025-06-12 05:05:00,53.7
2025-06-12 06:58:00,2.0
2025-06-12 15:11:00,73.3
2025-06-12 09:27:00,50.04950773558369
2025-06-12 18:09:00,64.2
2025-06-12 15:40:00,40.2
2025-06-12 04:20:00,99.5
2025-06-12 05:00:00,4.0
2025-06-12 10:22:00,97.0
2025-06-12 05:12:00,10.9
2025-06-12 12:08:00,29.4
2025-06-12 00:51:00,77.5
2025-06-12 07:27:00,50.04950773558369
2025-06-12 12:19:00,84.8
2025-06-12 03:42:00,50.04950773558369
2025-06-12 23:41:00,84.6
2025-06-12 04:30:00,63.0
2025-06-12 09:45:00,48.7
2025-06-12 23:13:00,78.4
2025-06-12 08:23:00,71.5
2025-06-12 16:09:00,50.04950773558369
2025-06-12 13:23:00,50.04950773558369
2025-06-12 15:13:00,81.2
2025-06-12 04:00:00,57.9
2025-06-12 01:37:00,22.4
2025-06-12 11:45:00,91.5
2025-06-12 19:01:00,2.3
2025-06-12 23:36:00,50.04950773558369
2025-06-12 09:52:00,13.3
2025-06-12 13:00:00,77.4
2025-06-12 01:46:00,50.04950773558369
2025-06-12 18:25:00,12.2
2025-06-12 14:11:00,52.4
2025-06-12 02:09:00,64.9
2025-06-12 23:49:00,50.04950773558369
2025-06-12 06:47:00,70.8
2025-06-12 20:23:00,50.04950773558369
2025-06-12 19:04:00,69.2
2025-06-12 11:33:00,57.6
2025-06-12 08:47:00,0.4
2025-06-12 14:50:00,5.8
2025-06-12 18:02:00,95.0
2025-06-12 13:42:00,81.0
2025-06-12 19:54:00,43.5
2025-06-12 22:14:00,68.0
2025-06-12 06:23:00,26.4
2025-06-12 13:46:00,67.6
2025-06-12 10:11:00,31.1
2025-06-12 06:37:00,50.04950773558369
2025-06-12 10:41:00,48.9
2025-06-12 15:20:00,50.04950773558369
2025-06-12 05:29:00,50.04950773558369
2025-06-12 19:33:00,50.04950773558369
2025-06-12 22:23:00,12.3
2025-06-12 16:41:00,7.4
2025-06-12 06:35:00,53.7
2025-06-12 20:19:00,50.04950773558369
2025-06-12 10:28:00,50.04950773558369
2025-06-12 04:41:00,78.1
2025-06-12 17:31:00,72.7
2025-06-12 20:10:00,61.3
2025-06-12 17:59:00,9.0
2025-06-12 05:36:00,90.0
2025-06-12 15:05:00,95.2
2025-06-12 17:01:00,38.9
2025-06-12 14:37:00,61.6
2025-06-12 09:42:00,16.8
2025-06-12 19:20:00,50.04950773558369
2025-06-12 08:24:00,40.7
2025-06-12 23:04:00,64.1
2025-06-12 15:45:00,95.3
2025-06-12 16:24:00,93.9
2025-06-12 20:43:00,60.6
2025-06-12 09:15:00,95.9
2025-06-12 03:58:00,40.2
2025-06-12 06:32:00,48.9
2025-06-12 04:50:00,50.04950773558369
2025-06-12 05:16:00,71.6
2025-06-12 18:30:00,79.7
2025-06-12 03:15:00,7.9
2025-06-12 11:24:00,91.5
2025-06-12 19:42:00,50.04950773558369
2025-06-12 18:08:00,60.0
2025-06-12 14:36:00,10.2
2025-06-12 21:01:00,36.7
2025-06-12 01:17:00,50.04950773558369
2025-06-12 17:15:00,21.5
2025-06-12 15:49:00,87.1
2025-06-12 17:41:00,2.7
2025-06-12 21:38:00,50.04950773558369
2025-06-12 00:19:00,56.5
2025-06-12 07:09:00,89.5
2025-06-12 10:45:00,24.7
2025-06-12 02:59:00,7.6
2025-06-12 07:56:00,79.0
2025-06-12 07:34:00,50.04950773558369
2025-06-12 01:48:00,24.7
2025-06-12 10:25:00,51.3
2025-06-12 08:29:00,74.8
2025-06-12 13:35:00,53.2
2025-06-12 01:20:00,50.04950773558369
2025-06-12 16:40:00,82.3
2025-06-12 02:47:00,76.1
2025-06-12 21:43:00,45.2
2025-06-12 07:08:00,12.8
2025-06-12 08:12:00,1.0
2025-06-12 07:01:00,13.0
2025-06-12 08:26:00,91.4
2025-06-12 08:07:00,50.04950773558369
2025-06-12 12:11:00,87.6
2025-06-12 20:16:00,50.04950773558369
2025-06-12 14:16:00,74.2
2025-06-12 15:38:00,74.1
2025-06-12 12:03:00,94.2
2025-06-12 18:36:00,56.1
2025-06-12 19:57:00,65.8
2025-06-12 05:50:00,19.6
2025-06-12 00:13:00,61.0
2025-06-12 07:35:00,25.1
2025-06-12 04:36:00,6.4
2025-06-12 03:37:00,70.9
2025-06-12 05:48:00,46.8
2025-06-12 08:48:00,9.3
2025-06-12 00:15:00,3.1
2025-06-12 11:47:00,98.2
2025-06-12 23:56:00,33.6
2025-06-12 15:19:00,85.1
2025-06-12 08:57:00,50.04950773558369
2025-06-12 10:59:00,51.5
2025-06-12 09:39:00,11.1
2025-06-12 22:39:00,75.1
2025-06-12 12:49:00,50.04950773558369
2025-06-12 15:58:00,68.0
2025-06-12 22:56:00,97.5
2025-06-12 23:32:00,49.9
2025-06-12 12:32:00,19.5
2025-06-12 13:57:00,50.04950773558369
2025-06-12 18:26:00,26.1
2025-06-12 13:31:00,61.1
2025-06-12 11:56:00,83.0
2025-06-12 16:27:00,50.04950773558369
2025-06-12 01:02:00,42.5
2025-06-12 09:08:00,50.04950773558369
2025-06-12 22:43:00,52.1
2025-06-12 23:43:00,64.1
2025-06-12 16:08:00,62.1
2025-06-12 15:21:00,85.5
2025-06-12 01:39:00,50.04950773558369
2025-06-12 05:02:00,37.1
2025-06-12 21:11:00,0.5
2025-06-12 03:10:00,62.2
2025-06-12 01:12:00,49.64720650636492
2025-06-12 12:13:00,71.5
2025-06-12 09:28:00,85.2
2025-06-12 17:32:00,94.5
2025-06-12 22:11:00,6.0
2025-06-12 05:25:00,11.0
2025-06-12 02:18:00,21.5
2025-06-12 07:23:00,16.6
2025-06-12 02:06:00,67.0
2025-06-12 10:16:00,9.4
2025-06-12 12:01:00,57.6
2025-06-12 23:22:00,76.5
2025-06-12 00:46:00,49.64720650636492
2025-06-12 10:02:00,52.6
2025-06-12 13:15:00,26.0
2025-06-12 07:13:00,99.1
2025-06-12 14:37:00,76.3
2025-06-12 13:16:00,49.64720650636492
2025-06-12 02:25:00,8.3
2025-06-12 16:04:00,68.6
2025-06-12 14:44:00,63.0
2025-06-12 20:48:00,95.8
2025-06-12 08:57:00,43.8
2025-06-12 02:08:00,59.0
2025-06-12 08:03:00,25.6
2025-06-12 12:30:00,24.9
2025-06-12 17:36:00,49.64720650636492
2025-06-12 07:12:00,91.2
2025-06-12 03:24:00,12.9
2025-06-12 23:19:00,15.5
2025-06-12 18:51:00,38.2
2025-06-12 02:04:00,92.1
2025-06-12 19:09:00,0.4
2025-06-12 20:52:00,93.3
2025-06-12 05:57:00,43.7
2025-06-12 10:10:00,34.4
2025-06-12 22:59:00,49.64720650636492
2025-06-12 21:23:00,12.3
2025-06-12 04:23:00,7.0
2025-06-12 05:51:00,67.6
2025-06-12 22:43:00,14.4
2025-06-12 16:05:00,20.0
2025-06-12 16:11:00,49.64720650636492
2025-06-12 19:46:00,49.64720650636492
2025-06-12 05:26:00,41.6
2025-06-12 00:05:00,49.64720650636492
2025-06-12 15:32:00,49.64720650636492
2025-06-12 15:57:00,49.64720650636492
2025-06-12 06:45:00,82.6
2025-06-12 00:07:00,49.64720650636492
2025-06-12 21:34:00,12.5
2025-06-12 08:59:00,39.0
2025-06-12 05:27:00,32.4
2025-06-12 07:05:00,16.5
2025-06-12 14:54:00,35.9
2025-06-12 09:47:00,75.0
2025-06-12 10:06:00,84.7
2025-06-12 22:44:00,8.9
2025-06-12 07:16:00,39.2
2025-06-12 14:24:00,0.5
2025-06-12 16:53:00,93.4
2025-06-12 17:23:00,81.2
2025-06-12 20:29:00,49.64720650636492
2025-06-12 00:53:00,57.3
2025-06-12 19:16:00,29.5
2025-06-12 06:40:00,49.64720650636492
2025-06-12 11:59:00,45.6
2025-06-12 03:51:00,27.2
2025-06-12 17:02:00,23.0
2025-06-12 17:13:00,10.2
2025-06-12 00:36:00,63.1
2025-06-12 01:07:00,45.4
2025-06-12 04:16:00,49.64720650636492
2025-06-12 18:55:00,63.6
2025-06-12 19:36:00,23.7
2025-06-12 00:25:00,50.7
2025-06-12 06:15:00,49.64720650636492
2025-06-12 04:04:00,86.2
2025-06-12 21:42:00,90.1
2025-06-12 03:49:00,49.64720650636492
2025-06-12 03:23:00,38.0
2025-06-12 13:28:00,32.1
2025-06-12 12:07:00,49.64720650636492
2025-06-12 22:33:00,40.2
2025-06-12 06:28:00,29.9
2025-06-12 13:35:00,72.1
2025-06-12 21:19:00,13.6
2025-06-12 21:44:00,72.8
2025-06-12 16:02:00,65.4
2025-06-12 23:49:00,38.3
2025-06-12 22:07:00,54.0
2025-06-12 03:50:00,88.2
2025-06-12 16:15:00,41.8
2025-06-12 03:19:00,49.64720650636492
2025-06-12 19:34:00,23.0
2025-06-12 15:08:00,49.64720650636492
2025-06-12 09:03:00,87.4
2025-06-12 20:08:00,89.6
2025-06-12 06:13:00,6.2
2025-06-12 10:12:00,27.6
2025-06-12 13:42:00,49.64720650636492
2025-06-12 16:59:00,32.3
2025-06-12 08:37:00,69.6
2025-06-12 22:22:00,49.64720650636492
2025-06-12 07:55:00,65.2
2025-06-12 04:21:00,35.5
2025-06-12 21:59:00,86.7
2025-06-12 21:57:00,87.6
2025-06-12 23:04:00,49.64720650636492
2025-06-12 06:20:00,84.8
2025-06-12 13:20:00,71.4
2025-06-12 17:40:00,21.6
2025-06-12 00:57:00,49.64720650636492
2025-06-12 15:38:00,45.8
2025-06-12 04:43:00,52.6
2025-06-12 21:22:00,49.64720650636492
2025-06-12 22:17:00,88.0
2025-06-12 06:42:00,63.6
2025-06-12 19:19:00,31.2
2025-06-12 01:57:00,33.6
2025-06-12 14:21:00,27.7
2025-06-12 13:33:00,49.64720650636492
2025-06-12 12:53:00,56.4
2025-06-12 17:52:00,49.9
2025-06-12 02:38:00,95.5
2025-06-12 13:37:00,83.5
2025-06-12 22:20:00,77.3
2025-06-12 02:35:00,39.4
2025-06-12 14:31:00,51.4
2025-06-12 01:20:00,27.3
2025-06-12 10:51:00,51.6
2025-06-12 12:59:00,29.7
2025-06-12 09:30:00,14.5
2025-06-12 06:17:00,12.7
2025-06-12 03:27:00,49.64720650636492
2025-06-12 07:09:00,27.8
2025-06-12 18:26:00,49.64720650636492
2025-06-12 18:09:00,68.2
2025-06-12 02:51:00,71.7
2025-06-12 05:10:00,19.9
2025-06-12 23:13:00,57.0
2025-06-12 18:41:00,6.9
2025-06-12 10:04:00,35.7
2025-06-12 13:48:00,72.9
2025-06-12 01:58:00,97.7
2025-06-12 14:56:00,83.5
2025-06-12 06:30:00,49.64720650636492
2025-06-12 20:40:00,80.0
2025-06-12 11:25:00,33.5
2025-06-12 21:47:00,36.6
2025-06-12 00:47:00,49.64720650636492
2025-06-12 01:46:00,91.6
2025-06-12 14:42:00,78.5
2025-06-12 01:16:00,11.9
2025-06-12 15:14:00,64.7
2025-06-12 07:59:00,49.64720650636492
2025-06-12 20:50:00,2.8
2025-06-12 19:18:00,30.6
2025-06-12 13:26:00,38.6
2025-06-12 12:00:00,46.7
2025-06-12 08:10:00,1.2
2025-06-12 08:08:00,49.64720650636492
2025-06-12 00:18:00,47.4
2025-06-12 10:00:00,32.2
2025-06-12 21:41:00,91.8
2025-06-12 18:47:00,71.8
2025-06-12 12:39:00,49.64720650636492
2025-06-12 21:27:00,87.9
2025-06-12 03:59:00,36.4
2025-06-12 22:52:00,64.4
2025-06-12 12:20:00,82.2
2025-06-12 09:58:00,97.9
2025-06-12 10:49:00,94.8
2025-06-12 18:23:00,45.2
2025-06-12 16:55:00,24.9
2025-06-12 07:47:00,49.64720650636492
2025-06-12 02:17:00,49.64720650636492
2025-06-12 15:12:00,38.0
2025-06-12 06:51:00,89.2
2025-06-12 00:19:00,36.5
2025-06-12 14:07:00,2.6
2025-06-12 04:36:00,49.64720650636492
2025-06-12 08:17:00,69.9
2025-06-12 12:37:00,49.7
2025-06-12 22:53:00,87.0
2025-06-12 13:09:00,91.9
2025-06-12 10:05:00,69.9
2025-06-12 18:00:00,49.64720650636492
2025-06-12 03:31:00,69.4
2025-06-12 08:13:00,52.8
2025-06-12 17:01:00,59.0
2025-06-12 10:57:00,13.9
2025-06-12 12:45:00,48.8
2025-06-12 13:52:00,7.3
2025-06-12 04:26:00,3.5
2025-06-12 15:02:00,44.1
2025-06-12 03:54:00,49.64720650636492
2025-06-12 20:12:00,49.64720650636492
2025-06-12 07:36:00,62.9
2025-06-12 06:21:00,90.1
2025-06-12 05:16:00,60.1
2025-06-12 20:53:00,51.3
2025-06-12 02:26:00,5.4
2025-06-12 00:50:00,49.64720650636492
2025-06-12 17:14:00,18.3
2025-06-12 10:52:00,6.8
2025-06-12 11:11:00,17.1
2025-06-12 14:03:00,65.9
2025-06-12 16:10:00,49.64720650636492
2025-06-12 12:40:00,0.0
2025-06-12 06:07:00,14.5
2025-06-12 06:05:00,49.64720650636492
2025-06-12 20:41:00,34.3
2025-06-12 00:03:00,11.0
2025-06-12 22:19:00,66.4
2025-06-12 17:18:00,49.64720650636492
2025-06-12 06:44:00,86.6
2025-06-12 11:09:00,46.4
2025-06-12 10:07:00,93.2
2025-06-12 14:41:00,39.0
2025-06-12 07:42:00,84.3
2025-06-12 02:30:00,36.0
2025-06-12 15:03:00,12.1
2025-06-12 15:45:00,96.4
2025-06-12 19:58:00,94.3
2025-06-12 09:10:00,6.2
2025-06-12 00:30:00,49.64720650636492
2025-06-12 15:16:00,35.5
2025-06-12 09:18:00,43.1
2025-06-12 02:56:00,52.2
2025-06-12 21:30:00,97.7
2025-06-12 01:05:00,33.5
2025-06-12 18:33:00,26.9
2025-06-12 00:20:00,14.9
2025-06-12 02:54:00,49.6
2025-06-12 14:17:00,94.3
2025-06-12 20:10:00,49.64720650636492
2025-06-12 09:44:00,72.0
2025-06-12 04:10:00,60.6
2025-06-12 19:20:00,81.6
2025-06-12 07:41:00,47.5
2025-06-12 11:32:00,84.7
2025-06-12 05:43:00,41.3
2025-06-12 06:43:00,51.8
2025-06-12 01:19:00,24.2
2025-06-12 15:39:00,65.2
2025-06-12 19:07:00,72.6
2025-06-12 23:55:00,92.3
2025-06-12 05:52:00,28.2
2025-06-12 07:48:00,3.1
2025-06-12 04:59:00,21.2
2025-06-12 15:37:00,80.2
2025-06-12 01:21:00,88.0
2025-06-12 20:46:00,55.5
2025-06-12 01:47:00,74.6
2025-06-12 02:36:00,24.0
2025-06-12 14:14:00,66.0
2025-06-12 11:00:00,3.8
2025-06-12 08:39:00,69.2
2025-06-12 13:59:00,26.7
2025-06-12 07:30:00,90.3
2025-06-12 14:28:00,97.8
2025-06-12 05:07:00,45.5
2025-06-12 15:59:00,61.8
2025-06-12 01:25:00,82.5
2025-06-12 15:44:00,49.64720650636492
2025-06-12 21:50:00,0.6
2025-06-12 09:20:00,11.5
2025-06-12 20:58:00,3.7
2025-06-12 09:54:00,45.2
2025-06-12 21:08:00,99.1
2025-06-12 14:10:00,82.8
2025-06-12 14:26:00,21.6
2025-06-12 18:42:00,35.4
2025-06-12 14:45:00,4.8
2025-06-12 10:40:00,35.3
2025-06-12 08:45:00,44.6
2025-06-12 16:20:00,68.5
2025-06-12 18:14:00,37.7
2025-06-12 01:11:00,65.1
2025-06-12 04:11:00,91.7
2025-06-12 03:20:00,38.8
2025-06-12 14:33:00,9.6
2025-06-12 20:32:00,35.6
2025-06-12 08:52:00,36.6
2025-06-12 02:13:00,54.5
2025-06-12 09:48:00,46.7
2025-06-12 01:54:00,33.1
2025-06-12 20:43:00,6.5
2025-06-12 14:23:00,2.3
2025-06-12 06:23:00,43.6
2025-06-12 02:58:00,47.2
2025-06-12 16:54:00,16.8
2025-06-12 02:14:00,1.6
2025-06-12 22:23:00,71.1
2025-06-12 14:55:00,76.5
2025-06-12 07:08:00,13.9
2025-06-12 21:13:00,56.1
2025-06-12 00:54:00,20.4
2025-06-12 07:44:00,49.44888862615275
2025-06-12 15:40:00,88.6
2025-06-12 06:52:00,55.1
2025-06-12 23:38:00,49.44888862615275
2025-06-12 21:43:00,49.44888862615275
2025-06-12 10:43:00,44.0
2025-06-12 04:10:00,48.4
2025-06-12 12:50:00,1.8
2025-06-12 22:47:00,49.8
2025-06-12 00:57:00,85.5
2025-06-12 04:43:00,7.9
2025-06-12 05:10:00,49.44888862615275
2025-06-12 19:48:00,62.4
2025-06-12 04:36:00,33.7
2025-06-12 21:45:00,90.2
2025-06-12 22:45:00,40.6
2025-06-12 11:39:00,29.2
2025-06-12 20:21:00,23.3
2025-06-12 03:43:00,43.1
2025-06-12 22:22:00,16.0
2025-06-12 19:14:00,41.2
2025-06-12 20:14:00,89.5
2025-06-12 23:50:00,77.4
2025-06-12 20:42:00,47.1
2025-06-12 01:57:00,47.2
2025-06-12 14:38:00,9.6
2025-06-12 18:07:00,71.7
2025-06-12 09:32:00,18.7
2025-06-12 05:01:00,93.2
2025-06-12 10:44:00,86.4
2025-06-12 13:59:00,81.9
2025-06-12 00:51:00,60.8
2025-06-12 12:45:00,49.44888862615275
2025-06-12 01:36:00,74.9
2025-06-12 19:52:00,81.2
2025-06-12 22:20:00,66.1
2025-06-12 07:02:00,35.8
2025-06-12 18:21:00,67.6
2025-06-12 01:21:00,21.4
2025-06-12 20:53:00,39.6
2025-06-12 21:15:00,68.8
2025-06-12 17:29:00,73.9
2025-06-12 16:30:00,38.6
2025-06-12 15:55:00,98.6
2025-06-12 14:10:00,27.8
2025-06-12 12:51:00,83.6
2025-06-12 22:37:00,49.44888862615275
2025-06-12 17:37:00,58.6
2025-06-12 14:52:00,24.8
2025-06-12 09:19:00,21.8
2025-06-12 18:47:00,49.44888862615275
2025-06-12 12:31:00,49.44888862615275
2025-06-12 01:01:00,19.8
2025-06-12 17:12:00,49.44888862615275
2025-06-12 10:54:00,7.6
2025-06-12 01:24:00,63.7
2025-06-12 17:06:00,49.1
2025-06-12 09:58:00,58.7
2025-06-12 19:59:00,76.9
2025-06-12 10:32:00,21.4
2025-06-12 09:03:00,39.1
2025-06-12 05:26:00,55.4
2025-06-12 19:02:00,49.44888862615275
2025-06-12 02:18:00,42.1
2025-06-12 11:48:00,1.2
2025-06-12 12:10:00,49.44888862615275
2025-06-12 03:05:00,46.7
2025-06-12 04:39:00,28.2
2025-06-12 17:27:00,80.6
2025-06-12 18:10:00,49.44888862615275
2025-06-12 07:17:00,87.6
2025-06-12 17:31:00,80.1
2025-06-12 23:35:00,97.6
2025-06-12 08:39:00,75.5
2025-06-12 16:35:00,66.6
2025-06-12 09:12:00,1.6
2025-06-12 06:46:00,49.44888862615275
2025-06-12 17:26:00,3.1
2025-06-12 06:19:00,49.44888862615275
2025-06-12 05:37:00,99.4
2025-06-12 02:42:00,74.6
2025-06-12 04:09:00,8.9
2025-06-12 06:10:00,41.0
2025-06-12 20:31:00,26.0
2025-06-12 03:27:00,2.0
2025-06-12 15:31:00,75.4
2025-06-12 01:42:00,62.9
2025-06-12 08:52:00,12.5
2025-06-12 08:04:00,49.44888862615275
2025-06-12 15:18:00,37.0
2025-06-12 17:10:00,79.3
2025-06-12 20:23:00,69.2
2025-06-12 18:43:00,30.1
2025-06-12 18:44:00,76.6
2025-06-12 13:27:00,67.3
2025-06-12 06:40:00,61.5
2025-06-12 14:25:00,88.0
2025-06-12 14:36:00,26.9
2025-06-12 03:02:00,25.4
2025-06-12 20:47:00,35.8
2025-06-12 10:52:00,75.1
2025-06-12 00:21:00,57.0
2025-06-12 20:09:00,53.1
2025-06-12 12:06:00,92.9
2025-06-12 10:10:00,6.0
2025-06-12 06:33:00,49.6
2025-06-12 17:30:00,64.0
2025-06-12 03:14:00,43.2
2025-06-12 20:34:00,95.5
2025-06-12 17:40:00,49.44888862615275
2025-06-12 21:14:00,49.44888862615275
2025-06-12 04:01:00,20.6
2025-06-12 08:33:00,78.8
2025-06-12 13:06:00,54.8
2025-06-12 20:45:00,40.7
2025-06-12 21:17:00,49.44888862615275
2025-06-12 21:37:00,35.8
2025-06-12 01:47:00,3.6
2025-06-12 16:06:00,57.4
2025-06-12 17:17:00,91.1
2025-06-12 08:29:00,14.7
2025-06-12 18:45:00,56.4
2025-06-12 23:25:00,96.2
2025-06-12 13:53:00,77.2
2025-06-12 20:03:00,71.0
2025-06-12 05:41:00,7.4
2025-06-12 13:25:00,61.6
2025-06-12 04:35:00,54.0
2025-06-12 19:18:00,57.0
2025-06-12 17:02:00,17.2
2025-06-12 09:40:00,11.5
2025-06-12 18:55:00,17.8
2025-06-12 13:45:00,26.7
2025-06-12 09:33:00,38.9
2025-06-12 14:30:00,49.44888862615275
2025-06-12 16:20:00,48.7
2025-06-12 17:43:00,87.0
2025-06-12 10:03:00,6.7
2025-06-12 10:04:00,58.6
2025-06-12 04:54:00,75.5
2025-06-12 14:14:00,57.8
2025-06-12 11:13:00,81.8
2025-06-12 03:42:00,5.3
2025-06-12 17:18:00,37.1
2025-06-12 22:27:00,49.44888862615275
2025-06-12 02:47:00,38.1
2025-06-12 00:08:00,64.5
2025-06-12 11:45:00,49.44888862615275
2025-06-12 14:15:00,49.7
2025-06-12 03:56:00,32.9
2025-06-12 13:02:00,22.9
2025-06-12 07:47:00,36.0
2025-06-12 15:15:00,51.2
2025-06-12 02:43:00,42.5
2025-06-12 19:47:00,53.6
2025-06-12 21:55:00,39.0
2025-06-12 00:47:00,56.3
2025-06-12 14:58:00,14.8
2025-06-12 05:33:00,54.2
2025-06-12 12:54:00,99.3
2025-06-12 05:00:00,2.6
2025-06-12 21:54:00,43.0
2025-06-12 16:23:00,6.4
2025-06-12 00:58:00,49.44888862615275
2025-06-12 07:04:00,71.3
2025-06-12 16:22:00,30.7
2025-06-12 10:45:00,97.8
2025-06-12 13:09:00,17.6
2025-06-12 17:19:00,56.8
2025-06-12 22:02:00,23.6
2025-06-12 05:48:00,62.3
2025-06-12 02:26:00,25.5
2025-06-12 18:01:00,75.8
2025-06-12 17:07:00,24.2
2025-06-12 15:16:00,78.4
2025-06-12 21:28:00,57.6
2025-06-12 14:57:00,25.0
2025-06-12 12:40:00,49.44888862615275
2025-06-12 12:42:00,87.3
2025-06-12 18:57:00,49.44888862615275
2025-06-12 10:05:00,49.44888862615275
2025-06-12 10:47:00,49.44888862615275
2025-06-12 19:40:00,4.9
2025-06-12 10:36:00,49.44888862615275
2025-06-12 14:33:00,81.1
2025-06-12 07:45:00,89.3
2025-06-12 04:48:00,61.0
2025-06-12 04:55:00,17.1
2025-06-12 06:08:00,32.2
2025-06-12 16:46:00,28.4
2025-06-12 09:05:00,0.0
2025-06-12 15:52:00,13.3
2025-06-12 13:07:00,49.44888862615275
2025-06-12 07:18:00,66.9
2025-06-12 12:49:00,49.44888862615275
2025-06-12 10:24:00,40.3
2025-06-12 13:18:00,49.44888862615275
2025-06-12 20:26:00,77.9
2025-06-12 12:22:00,97.2
2025-06-12 22:03:00,56.5
2025-06-12 06:05:00,72.4
2025-06-12 18:30:00,28.6
2025-06-12 22:52:00,86.6
2025-06-12 20:18:00,48.9
2025-06-12 15:49:00,93.6
2025-06-12 23:55:00,14.8
2025-06-12 00:32:00,13.8
2025-06-12 20:15:00,59.4
2025-06-12 10:21:00,49.44888862615275
2025-06-12 07:27:00,49.44888862615275
2025-06-12 03:46:00,94.4
2025-06-12 15:13:00,40.8
2025-06-12 15:20:00,32.3
2025-06-12 18:56:00,27.8
2025-06-12 19:53:00,77.8
2025-06-12 07:09:00,93.8
2025-06-12 14:09:00,2.1
2025-06-12 12:24:00,21.3
2025-06-12 11:50:00,55.8
2025-06-12 22:12:00,7.2
2025-06-12 02:05:00,71.4
2025-06-12 03:39:00,11.9
2025-06-12 21:20:00,85.8
2025-06-12 05:25:00,69.2
2025-06-12 02:24:00,50.6
2025-06-12 06:51:00,77.1
2025-06-12 03:53:00,42.9
2025-06-12 08:31:00,25.0
2025-06-12 12:03:00,49.44888862615275
2025-06-12 20:04:00,34.4
2025-06-12 06:42:00,91.2
2025-06-12 14:42:00,8.0
2025-06-12 10:25:00,1.9
2025-06-12 20:52:00,0.7
2025-06-12 15:45:00,53.3
2025-06-12 20:36:00,58.7
2025-06-12 22:21:00,52.2
2025-06-12 04:57:00,49.44888862615275
2025-06-12 23:06:00,24.6
2025-06-12 21:49:00,35.9
2025-06-12 14:49:00,69.7
2025-06-12 23:53:00,67.8
2025-06-12 06:49:00,57.3
2025-06-12 14:34:00,77.3
2025-06-12 09:49:00,49.44888862615275
2025-06-12 11:35:00,43.0
2025-06-12 09:00:00,49.44888862615275
2025-06-12 13:35:00,78.3
2025-06-12 13:12:00,55.7
2025-06-12 20:39:00,44.3
2025-06-12 14:02:00,10.2
2025-06-12 19:01:00,4.7
2025-06-12 18:37:00,80.9
2025-06-12 06:53:00,99.4
2025-06-12 23:37:00,37.2
2025-06-12 01:45:00,44.7
2025-06-12 13:56:00,14.7
2025-06-12 07:33:00,50.4
2025-06-12 12:41:00,85.4
2025-06-12 13:20:00,5.5
2025-06-12 22:06:00,87.7
2025-06-12 11:42:00,49.44888862615275
2025-06-12 01:50:00,53.1
2025-06-12 17:57:00,49.44888862615275
2025-06-12 01:06:00,49.44888862615275
2025-06-12 07:38:00,38.4
2025-06-12 21:04:00,39.8
2025-06-12 09:18:00,55.1
2025-06-12 11:53:00,51.3
2025-06-12 14:29:00,26.0
2025-06-12 06:12:00,98.2
2025-06-12 20:38:00,14.1
2025-06-12 03:28:00,49.44888862615275
2025-06-12 07:56:00,98.0
2025-06-12 00:11:00,86.1
2025-06-12 11:20:00,83.4
2025-06-12 17:33:00,49.44888862615275
2025-06-12 19:37:00,61.3
2025-06-12 03:17:00,26.8
2025-06-12 00:49:00,60.1
2025-06-12 14:00:00,3.2
2025-06-12 21:01:00,64.9
2025-06-12 14:37:00,77.3
2025-06-12 00:53:00,49.44888862615275
2025-06-12 19:55:00,22.9
2025-06-12 19:32:00,33.2
2025-06-12 16:42:00,49.44888862615275
2025-06-12 16:36:00,84.1
2025-06-12 22:55:00,95.4
2025-06-12 17:52:00,72.5
2025-06-12 10:06:00,70.6
2025-06-12 07:38:00,96.9
2025-06-12 03:25:00,58.7
2025-06-12 15:23:00,59.1
2025-06-12 22:26:00,34.5
2025-06-12 12:00:00,92.6
2025-06-12 15:26:00,91.5
2025-06-12 02:09:00,85.1
2025-06-12 01:06:00,57.1
2025-06-12 02:27:00,55.4
2025-06-12 22:45:00,76.1
2025-06-12 04:33:00,11.2
2025-06-12 14:42:00,87.7
2025-06-12 03:13:00,47.9
2025-06-12 08:49:00,8.0
2025-06-12 02:51:00,23.5
2025-06-12 05:17:00,84.4
2025-06-12 07:35:00,66.3
2025-06-12 11:04:00,92.9
2025-06-12 18:58:00,45.5
2025-06-12 09:51:00,98.6
2025-06-12 08:12:00,98.8
2025-06-12 06:03:00,49.953150620754265
2025-06-12 00:04:00,16.0
2025-06-12 00:22:00,96.9
2025-06-12 21:40:00,49.953150620754265
2025-06-12 03:36:00,1.2
2025-06-12 11:39:00,64.0
2025-06-12 09:39:00,85.2
2025-06-12 05:41:00,62.4
2025-06-12 15:12:00,49.953150620754265
2025-06-12 22:51:00,31.8
2025-06-12 12:37:00,22.2
2025-06-12 02:06:00,47.4
2025-06-12 09:11:00,7.5
2025-06-12 19:24:00,35.7
2025-06-12 13:24:00,70.2
2025-06-12 19:36:00,77.4
2025-06-12 10:37:00,46.7
2025-06-12 05:54:00,49.953150620754265
2025-06-12 17:03:00,63.2
2025-06-12 22:14:00,39.9
2025-06-12 07:59:00,18.7
2025-06-12 10:24:00,23.6
2025-06-12 14:09:00,48.4
2025-06-12 03:38:00,63.8
2025-06-12 17:39:00,83.4
2025-06-12 01:19:00,49.953150620754265
2025-06-12 16:56:00,38.0
2025-06-12 18:23:00,24.6
2025-06-12 03:09:00,49.953150620754265
2025-06-12 07:32:00,57.5
2025-06-12 23:41:00,52.2
2025-06-12 14:03:00,32.5
2025-06-12 21:18:00,28.8
2025-06-12 12:13:00,74.6
2025-06-12 00:13:00,90.1
2025-06-12 13:03:00,45.7
2025-06-12 23:04:00,40.7
2025-06-12 23:14:00,71.4
2025-06-12 01:51:00,49.953150620754265
2025-06-12 07:06:00,49.953150620754265
2025-06-12 15:18:00,71.8
2025-06-12 20:00:00,94.7
2025-06-12 07:49:00,24.3
2025-06-12 05:50:00,1.9
2025-06-12 16:53:00,83.9
2025-06-12 20:50:00,36.0
2025-06-12 23:32:00,1.4
2025-06-12 06:47:00,87.2
2025-06-12 16:00:00,68.6
2025-06-12 00:33:00,73.7
2025-06-12 18:12:00,99.0
2025-06-12 01:17:00,98.2
2025-06-12 21:00:00,67.6
2025-06-12 08:32:00,30.6
2025-06-12 15:59:00,97.8
2025-06-12 20:25:00,26.8
2025-06-12 19:25:00,49.953150620754265
2025-06-12 18:32:00,1.5
2025-06-12 16:37:00,99.5
2025-06-12 17:44:00,21.2
2025-06-12 22:30:00,61.1
2025-06-12 04:02:00,98.9
2025-06-12 11:34:00,60.1
2025-06-12 12:58:00,53.0
2025-06-12 04:50:00,73.9
2025-06-12 18:40:00,74.7
2025-06-12 15:15:00,3.5
2025-06-12 05:19:00,18.5
2025-06-12 05:45:00,21.8
2025-06-12 18:10:00,77.3
2025-06-12 09:17:00,52.9
2025-06-12 15:37:00,6.8
2025-06-12 10:58:00,94.1
2025-06-12 23:31:00,76.8
2025-06-12 12:43:00,99.9
2025-06-12 13:56:00,13.9
2025-06-12 09:12:00,4.7
2025-06-12 12:32:00,93.0
2025-06-12 19:49:00,49.953150620754265
2025-06-12 22:41:00,14.5
2025-06-12 08:16:00,51.1
2025-06-12 00:41:00,82.8
2025-06-12 13:38:00,21.6
2025-06-12 08:19:00,91.5
2025-06-12 20:10:00,100.0
2025-06-12 05:03:00,16.1
2025-06-12 23:03:00,16.7
2025-06-12 03:48:00,68.9
2025-06-12 20:01:00,9.3
2025-06-12 19:06:00,82.0
2025-06-12 06:21:00,49.953150620754265
2025-06-12 17:43:00,91.8
2025-06-12 07:23:00,55.3
2025-06-12 12:07:00,94.0
2025-06-12 10:09:00,3.2
2025-06-12 10:08:00,49.953150620754265
2025-06-12 05:24:00,49.953150620754265
2025-06-12 03:24:00,58.6
2025-06-12 11:36:00,68.0
2025-06-12 06:23:00,78.5
2025-06-12 22:20:00,61.6
2025-06-12 07:19:00,49.953150620754265
2025-06-12 07:00:00,6.1
2025-06-12 16:44:00,15.9
2025-06-12 07:58:00,24.1
2025-06-12 16:21:00,8.3
2025-06-12 10:38:00,49.953150620754265
2025-06-12 15:50:00,60.9
2025-06-12 13:45:00,20.0
2025-06-12 01:37:00,94.0
2025-06-12 00:36:00,71.1
2025-06-12 17:02:00,31.1
2025-06-12 02:00:00,92.8
2025-06-12 19:16:00,69.8
2025-06-12 01:21:00,12.8
2025-06-12 13:26:00,5.8
2025-06-12 22:13:00,7.1
2025-06-12 12:09:00,33.1
2025-06-12 09:34:00,49.953150620754265
2025-06-12 03:18:00,46.7
2025-06-12 19:40:00,62.2
2025-06-12 00:35:00,46.7
2025-06-12 06:30:00,85.4
2025-06-12 21:54:00,35.8
2025-06-12 09:36:00,49.953150620754265
2025-06-12 13:47:00,64.1
2025-06-12 21:59:00,6.0
2025-06-12 23:35:00,49.953150620754265
2025-06-12 08:28:00,24.8
2025-06-12 01:22:00,47.9
2025-06-12 07:43:00,56.1
2025-06-12 01:16:00,12.0
2025-06-12 16:07:00,49.0
2025-06-12 19:27:00,8.6
2025-06-12 07:29:00,56.2
2025-06-12 19:15:00,49.953150620754265
2025-06-12 01:10:00,22.9
2025-06-12 06:52:00,7.8
2025-06-12 08:55:00,10.8
2025-06-12 14:14:00,21.9
2025-06-12 06:29:00,50.2
2025-06-12 04:49:00,77.6
2025-06-12 08:38:00,49.953150620754265
2025-06-12 13:41:00,82.7
2025-06-12 07:31:00,77.0
2025-06-12 01:48:00,45.8
2025-06-12 04:21:00,51.9
2025-06-12 07:30:00,19.5
2025-06-12 00:57:00,49.953150620754265
2025-06-12 10:01:00,93.3
2025-06-12 19:55:00,56.1
2025-06-12 18:37:00,41.9
2025-06-12 23:09:00,57.1
2025-06-12 10:25:00,37.5
2025-06-12 08:02:00,53.4
2025-06-12 03:30:00,20.0
2025-06-12 19:32:00,54.4
2025-06-12 13:35:00,74.9
2025-06-12 22:19:00,21.4
2025-06-12 15:00:00,7.7
2025-06-12 07:10:00,57.7
2025-06-12 14:31:00,53.1
2025-06-12 16:59:00,14.9
2025-06-12 12:57:00,49.953150620754265
2025-06-12 21:52:00,34.1
2025-06-12 06:27:00,10.2
2025-06-12 10:48:00,49.953150620754265
2025-06-12 18:24:00,52.6
2025-06-12 06:36:00,33.9
2025-06-12 06:05:00,49.953150620754265
2025-06-12 21:14:00,15.0
2025-06-12 04:06:00,42.0
2025-06-12 09:27:00,56.3
2025-06-12 19:23:00,46.0
2025-06-12 01:26:00,76.0
2025-06-12 04:12:00,68.2
2025-06-12 02:08:00,42.9
2025-06-12 12:55:00,21.2
2025-06-12 21:31:00,75.7
2025-06-12 15:38:00,49.953150620754265
2025-06-12 19:58:00,86.5
2025-06-12 14:02:00,92.6
2025-06-12 18:29:00,90.4
2025-06-12 00:28:00,77.0
2025-06-12 14:40:00,39.2
2025-06-12 13:21:00,0.6
2025-06-12 13:39:00,36.1
2025-06-12 22:23:00,79.8
2025-06-12 16:35:00,8.7
2025-06-12 20:28:00,49.953150620754265
2025-06-12 10:23:00,33.5
2025-06-12 01:27:00,49.953150620754265
2025-06-12 05:35:00,82.8
2025-06-12 03:51:00,41.9
2025-06-12 21:17:00,49.953150620754265
2025-06-12 06:58:00,75.0
2025-06-12 09:48:00,53.9
2025-06-12 21:25:00,49.953150620754265
2025-06-12 06:09:00,86.5
2025-06-12 20:23:00,56.1
2025-06-12 12:19:00,76.2
2025-06-12 11:53:00,59.8
2025-06-12 14:21:00,19.8
2025-06-12 17:22:00,93.2
2025-06-12 22:58:00,92.5
2025-06-12 00:39:00,50.1
2025-06-12 13:14:00,8.9
2025-06-12 01:11:00,66.1
2025-06-12 02:44:00,25.7
2025-06-12 14:36:00,77.6
2025-06-12 22:43:00,49.953150620754265
2025-06-12 20:52:00,89.9
2025-06-12 04:47:00,49.953150620754265
2025-06-12 02:10:00,80.1
2025-06-12 05:42:00,49.953150620754265
2025-06-12 11:32:00,2.2
2025-06-12 07:26:00,8.2
2025-06-12 02:03:00,49.953150620754265
2025-06-12 05:15:00,26.4
2025-06-12 10:42:00,10.3
2025-06-12 04:08:00,73.0
2025-06-12 09:15:00,54.8
2025-06-12 15:13:00,52.6
2025-06-12 09:22:00,97.6
2025-06-12 05:08:00,76.9
2025-06-12 05:43:00,34.3
2025-06-12 18:18:00,55.8
2025-06-12 22:09:00,63.3
2025-06-12 16:40:00,49.953150620754265
2025-06-12 14:49:00,49.953150620754265
2025-06-12 19:19:00,15.4
2025-06-12 19:28:00,91.1
2025-06-12 03:52:00,6.9
2025-06-12 10:56:00,13.8
2025-06-12 05:30:00,28.1
2025-06-12 09:52:00,13.3
2025-06-12 01:04:00,49.953150620754265
2025-06-12 06:57:00,2.5
2025-06-12 02:17:00,49.953150620754265
2025-06-12 07:16:00,64.4
2025-06-12 14:24:00,79.8
2025-06-12 04:29:00,93.3
2025-06-12 07:22:00,40.3
2025-06-12 11:13:00,79.8
2025-06-12 17:45:00,77.7
2025-06-12 13:55:00,61.7
2025-06-12 04:30:00,52.1
2025-06-12 04:15:00,49.953150620754265
2025-06-12 04:38:00,69.0
2025-06-12 23:28:00,74.8
2025-06-12 05:47:00,46.2
2025-06-12 02:42:00,27.6
2025-06-12 17:26:00,93.9
2025-06-12 07:56:00,14.5
2025-06-12 14:25:00,9.2
2025-06-12 06:53:00,27.1
2025-06-12 01:18:00,9.7
2025-06-12 07:13:00,49.953150620754265
2025-06-12 05:37:00,16.9
2025-06-12 21:49:00,16.5
2025-06-12 19:34:00,83.0
2025-06-12 06:42:00,49.953150620754265
2025-06-12 14:28:00,19.5
2025-06-12 02:34:00,21.5
2025-06-12 07:20:00,1.1
2025-06-12 03:11:00,74.8
2025-06-12 08:47:00,1.7
2025-06-12 16:57:00,59.3
2025-06-12 00:18:00,20.1
2025-06-12 23:15:00,49.58899212042808
2025-06-12 17:14:00,6.3
2025-06-12 00:09:00,49.58899212042808
2025-06-12 17:55:00,45.9
2025-06-12 21:38:00,73.6
2025-06-12 09:18:00,34.0
2025-06-12 05:12:00,40.6
2025-06-12 13:03:00,3.4
2025-06-12 03:36:00,5.0
2025-06-12 00:20:00,39.7
2025-06-12 06:29:00,49.58899212042808
2025-06-12 12:00:00,26.4
2025-06-12 02:58:00,74.1
2025-06-12 06:45:00,10.0
2025-06-12 20:26:00,29.6
2025-06-12 04:43:00,87.2
2025-06-12 03:27:00,49.9
2025-06-12 09:48:00,63.1
2025-06-12 19:00:00,49.58899212042808
2025-06-12 01:33:00,29.5
2025-06-12 18:25:00,49.58899212042808
2025-06-12 08:02:00,25.1
2025-06-12 02:54:00,65.6
2025-06-12 11:38:00,6.3
2025-06-12 02:40:00,81.1
2025-06-12 04:30:00,67.9
2025-06-12 10:24:00,49.58899212042808
2025-06-12 13:55:00,24.8
2025-06-12 08:47:00,49.58899212042808
2025-06-12 01:37:00,43.6
2025-06-12 09:08:00,7.0
2025-06-12 23:50:00,98.5
2025-06-12 19:56:00,98.4
2025-06-12 01:47:00,76.6
2025-06-12 13:12:00,39.6
2025-06-12 18:08:00,45.6
2025-06-12 11:06:00,38.5
2025-06-12 14:38:00,49.58899212042808
2025-06-12 22:50:00,9.3
2025-06-12 08:30:00,65.5
2025-06-12 01:53:00,49.58899212042808
2025-06-12 00:55:00,57.1
2025-06-12 23:33:00,71.5
2025-06-12 11:24:00,73.9
2025-06-12 15:09:00,85.2
2025-06-12 17:30:00,21.9
2025-06-12 01:23:00,35.9
2025-06-12 20:01:00,72.9
2025-06-12 07:33:00,15.5
2025-06-12 05:09:00,49.58899212042808
2025-06-12 06:52:00,11.4
2025-06-12 08:16:00,59.4
2025-06-12 16:35:00,49.58899212042808
2025-06-12 09:14:00,50.9
2025-06-12 23:09:00,47.7
2025-06-12 10:49:00,74.3
2025-06-12 09:33:00,31.8
2025-06-12 07:54:00,80.8
2025-06-12 08:39:00,34.1
2025-06-12 02:03:00,72.7
2025-06-12 18:33:00,70.1
2025-06-12 10:20:00,91.6
2025-06-12 10:27:00,86.6
2025-06-12 06:56:00,68.2
2025-06-12 11:33:00,40.8
2025-06-12 07:12:00,45.9
2025-06-12 05:28:00,52.8
2025-06-12 12:47:00,45.3
2025-06-12 01:39:00,96.5
2025-06-12 10:59:00,79.6
2025-06-12 20:45:00,19.2
2025-06-12 03:50:00,49.58899212042808
2025-06-12 14:37:00,44.3
2025-06-12 11:07:00,49.58899212042808
2025-06-12 01:55:00,99.3
2025-06-12 10:02:00,85.0
2025-06-12 07:19:00,81.1
2025-06-12 00:57:00,83.6
2025-06-12 10:46:00,53.9
2025-06-12 09:30:00,49.8
2025-06-12 15:32:00,83.5
2025-06-12 01:50:00,32.4
2025-06-12 11:35:00,20.6
2025-06-12 07:29:00,44.1
2025-06-12 22:47:00,97.8
2025-06-12 23:19:00,24.4
2025-06-12 09:02:00,42.5
2025-06-12 19:47:00,49.58899212042808
2025-06-12 17:11:00,49.58899212042808
2025-06-12 01:38:00,8.7
2025-06-12 02:09:00,3.9
2025-06-12 06:08:00,61.2
2025-06-12 08:53:00,49.58899212042808
2025-06-12 18:19:00,99.6
2025-06-12 16:55:00,25.2
2025-06-12 23:45:00,24.8
2025-06-12 17:33:00,20.4
2025-06-12 21:51:00,66.4
2025-06-12 23:38:00,49.58899212042808
2025-06-12 14:05:00,68.2
2025-06-12 20:05:00,49.58899212042808
2025-06-12 16:30:00,84.5
2025-06-12 16:03:00,32.6
2025-06-12 04:50:00,12.4
2025-06-12 08:09:00,26.4
2025-06-12 22:07:00,49.58899212042808
2025-06-12 04:42:00,30.2
2025-06-12 08:00:00,36.5
2025-06-12 09:22:00,99.7
2025-06-12 17:37:00,28.7
2025-06-12 21:58:00,68.8
2025-06-12 20:37:00,35.6
2025-06-12 21:07:00,66.9
2025-06-12 09:39:00,74.8
2025-06-12 18:32:00,86.5
2025-06-12 13:18:00,29.1
2025-06-12 06:42:00,89.9
2025-06-12 17:04:00,76.8
2025-06-12 01:15:00,16.2
2025-06-12 07:59:00,59.5
2025-06-12 08:20:00,21.5
2025-06-12 04:49:00,74.5
2025-06-12 09:44:00,34.4
2025-06-12 00:25:00,76.6
2025-06-12 01:24:00,49.58899212042808
2025-06-12 00:59:00,49.58899212042808
2025-06-12 18:05:00,1.1
2025-06-12 21:19:00,49.58899212042808
2025-06-12 18:26:00,73.1
2025-06-12 07:24:00,62.0
2025-06-12 14:15:00,18.4
2025-06-12 14:49:00,0.1
2025-06-12 04:06:00,71.7
2025-06-12 11:55:00,49.0
2025-06-12 16:17:00,84.5
2025-06-12 16:41:00,57.5
2025-06-12 06:19:00,43.6
2025-06-12 18:47:00,97.1
2025-06-12 14:43:00,28.9
2025-06-12 13:48:00,11.8
2025-06-12 16:13:00,78.6
2025-06-12 23:12:00,49.58899212042808
2025-06-12 23:55:00,48.9
2025-06-12 17:42:00,17.5
2025-06-12 19:38:00,75.4
2025-06-12 05:13:00,58.5
2025-06-12 19:03:00,95.1
2025-06-12 16:40:00,55.3
2025-06-12 21:42:00,46.2
2025-06-12 23:35:00,40.1
2025-06-12 19:43:00,35.2
2025-06-12 09:40:00,16.6
2025-06-12 17:47:00,51.6
2025-06-12 14:29:00,96.0
2025-06-12 22:36:00,49.58899212042808
2025-06-12 14:33:00,12.8
2025-06-12 10:04:00,79.5
2025-06-12 07:50:00,80.0
2025-06-12 12:07:00,93.2
2025-06-12 04:58:00,49.58899212042808
2025-06-12 22:03:00,28.6
2025-06-12 03:16:00,19.6
2025-06-12 23:08:00,83.8
2025-06-12 15:08:00,89.9
2025-06-12 16:20:00,57.5
2025-06-12 02:07:00,86.4
2025-06-12 20:39:00,71.8
2025-06-12 02:06:00,6.9
2025-06-12 13:21:00,62.8
2025-06-12 20:12:00,92.2
2025-06-12 17:05:00,37.2
2025-06-12 07:04:00,51.6
2025-06-12 18:20:00,13.0
2025-06-12 17:06:00,71.8
2025-06-12 02:57:00,58.7
2025-06-12 18:13:00,49.58899212042808
2025-06-12 08:55:00,97.3
2025-06-12 07:49:00,88.5
2025-06-12 12:33:00,75.6
2025-06-12 23:00:00,49.58899212042808
2025-06-12 17:51:00,37.0
2025-06-12 22:14:00,63.9
2025-06-12 21:35:00,11.1
2025-06-12 05:03:00,33.9
2025-06-12 17:15:00,22.1
2025-06-12 21:28:00,49.58899212042808
2025-06-12 14:22:00,68.8
2025-06-12 10:00:00,47.7
2025-06-12 13:37:00,93.9
2025-06-12 01:20:00,20.2
2025-06-12 22:41:00,92.4
2025-06-12 08:40:00,3.4
2025-06-12 05:53:00,27.6
2025-06-12 16:37:00,64.8
2025-06-12 11:49:00,96.7
2025-06-12 10:52:00,100.0
2025-06-12 03:37:00,49.58899212042808
2025-06-12 23:27:00,49.58899212042808
2025-06-12 03:07:00,35.2
2025-06-12 21:23:00,1.9
2025-06-12 16:51:00,7.0
2025-06-12 18:39:00,81.2
2025-06-12 23:51:00,9.3
2025-06-12 00:17:00,82.2
2025-06-12 14:40:00,19.0
2025-06-12 02:36:00,93.4
2025-06-12 07:42:00,49.58899212042808
2025-06-12 07:20:00,6.8
2025-06-12 19:08:00,22.9
2025-06-12 16:43:00,84.2
2025-06-12 17:08:00,3.2
2025-06-12 16:42:00,45.4
2025-06-12 07:41:00,23.6
2025-06-12 18:48:00,72.3
2025-06-12 06:39:00,52.8
2025-06-12 01:58:00,78.8
2025-06-12 18:53:00,30.3
2025-06-12 07:37:00,95.2
2025-06-12 17:50:00,49.58899212042808
2025-06-12 15:51:00,25.8
2025-06-12 04:32:00,41.7
2025-06-12 03:19:00,48.1
2025-06-12 23:53:00,56.1
2025-06-12 07:56:00,98.8
2025-06-12 06:02:00,25.8
2025-06-12 21:26:00,55.5
2025-06-12 15:07:00,49.58899212042808
2025-06-12 02:41:00,53.1
2025-06-12 12:34:00,49.58899212042808
2025-06-12 00:28:00,40.6
2025-06-12 13:01:00,16.9
2025-06-12 12:05:00,49.58899212042808
2025-06-12 01:51:00,97.5
2025-06-12 04:51:00,35.8
2025-06-12 15:19:00,70.6
2025-06-12 01:30:00,49.58899212042808
2025-06-12 05:10:00,60.8
2025-06-12 19:10:00,12.0
2025-06-12 00:29:00,95.7
2025-06-12 05:57:00,46.5
2025-06-12 23:11:00,7.3
2025-06-12 21:37:00,61.8
2025-06-12 23:04:00,15.9
2025-06-12 17:02:00,41.9
2025-06-12 19:54:00,67.6
2025-06-12 00:31:00,89.9
2025-06-12 19:11:00,49.58899212042808
2025-06-12 04:04:00,97.8
2025-06-12 18:04:00,83.1
2025-06-12 03:05:00,49.58899212042808
2025-06-12 03:22:00,70.7
2025-06-12 03:46:00,32.5
2025-06-12 04:33:00,96.3
2025-06-12 01:21:00,23.1
2025-06-12 11:15:00,43.0
2025-06-12 01:28:00,23.5
2025-06-12 21:36:00,49.58899212042808
2025-06-12 20:50:00,65.8
2025-06-12 02:21:00,73.2
2025-06-12 02:25:00,85.9
2025-06-12 02:42:00,73.9
2025-06-12 19:53:00,97.3
2025-06-12 02:08:00,4.0
2025-06-12 23:25:00,49.2
2025-06-12 21:53:00,20.2
2025-06-12 02:23:00,21.7
2025-06-12 22:05:00,65.5
2025-06-12 20:27:00,16.3
2025-06-12 08:35:00,26.7
2025-06-12 13:00:00,89.8
2025-06-12 06:41:00,11.1
2025-06-12 11:31:00,33.7
2025-06-12 10:41:00,92.7
2025-06-12 22:51:00,49.1
2025-06-12 00:10:00,86.9
2025-06-12 13:22:00,66.0
2025-06-12 03:38:00,49.58899212042808
2025-06-12 20:42:00,49.58899212042808
2025-06-12 00:14:00,26.7
2025-06-12 04:16:00,79.3
2025-06-12 19:20:00,67.8
2025-06-12 13:31:00,79.9
2025-06-12 21:15:00,74.1
2025-06-12 19:39:00,38.7
2025-06-12 10:47:00,49.58899212042808
2025-06-12 01:11:00,60.7
2025-06-12 05:56:00,81.7
2025-06-12 04:26:00,69.3
2025-06-12 11:26:00,32.2
2025-06-12 06:27:00,47.8
2025-06-12 22:42:00,25.1
2025-06-12 12:46:00,26.2
2025-06-12 22:24:00,23.3
2025-06-12 21:01:00,47.7
2025-06-12 13:39:00,15.8
2025-06-12 20:33:00,14.5
2025-06-12 06:49:00,59.2
2025-06-12 00:41:00,7.1
2025-06-12 23:34:00,92.0
2025-06-12 00:39:00,58.1
2025-06-12 21:52:00,89.0
2025-06-12 00:12:00,67.3
2025-06-12 17:40:00,66.2
2025-06-12 21:40:00,37.9
2025-06-12 19:02:00,93.4
2025-06-12 08:28:00,90.6
2025-06-12 01:07:00,42.4
2025-06-12 08:06:00,86.4
2025-06-12 08:44:00,56.0
2025-06-12 11:42:00,70.3
2025-06-12 06:06:00,83.3
2025-06-12 00:34:00,54.6
2025-06-12 06:05:00,87.9
2025-06-12 02:16:00,20.6
2025-06-12 03:29:00,91.8
2025-06-12 05:58:00,49.58899212042808
2025-06-12 19:36:00,24.2
2025-06-12 23:56:00,56.7
2025-06-12 10:21:00,24.5
2025-06-12 07:08:00,0.2
2025-06-12 19:50:00,61.0
2025-06-12 03:02:00,21.2
2025-06-12 07:05:00,58.2
2025-06-12 20:58:00,88.1
2025-06-12 05:05:00,12.3
2025-06-12 09:49:00,50.2977004785806
2025-06-12 15:19:00,60.3
2025-06-12 14:30:00,71.4
2025-06-12 00:44:00,37.2
2025-06-12 21:24:00,37.9
2025-06-12 01:49:00,24.3
2025-06-12 23:46:00,60.7
2025-06-12 12:56:00,81.2
2025-06-12 21:52:00,65.8
2025-06-12 18:40:00,41.7
2025-06-12 05:08:00,37.0
2025-06-12 08:39:00,89.5
2025-06-12 02:27:00,97.8
2025-06-12 08:45:00,50.2977004785806
2025-06-12 10:38:00,20.6
2025-06-12 00:29:00,60.8
2025-06-12 10:57:00,17.7
2025-06-12 10:14:00,55.6
2025-06-12 23:44:00,80.5
2025-06-12 14:59:00,64.8
2025-06-12 22:53:00,45.3
2025-06-12 14:22:00,34.5
2025-06-12 19:23:00,60.2
2025-06-12 15:24:00,17.9
2025-06-12 05:00:00,22.8
2025-06-12 21:08:00,33.8
2025-06-12 11:15:00,75.4
2025-06-12 22:48:00,50.2977004785806
2025-06-12 09:56:00,50.2977004785806
2025-06-12 00:18:00,94.5
2025-06-12 22:17:00,68.7
2025-06-12 06:22:00,17.0
2025-06-12 21:55:00,61.4
2025-06-12 12:36:00,56.8
2025-06-12 18:51:00,50.2977004785806
2025-06-12 21:54:00,50.2977004785806
2025-06-12 23:49:00,28.2
2025-06-12 18:06:00,64.0
2025-06-12 22:46:00,55.5
2025-06-12 16:14:00,50.2977004785806
2025-06-12 05:20:00,77.9
2025-06-12 12:48:00,62.6
2025-06-12 03:07:00,10.8
2025-06-12 09:10:00,57.0
2025-06-12 13:07:00,72.6
2025-06-12 02:04:00,31.9
2025-06-12 09:44:00,66.7
2025-06-12 09:42:00,80.1
2025-06-12 16:13:00,50.2977004785806
2025-06-12 19:49:00,35.2
2025-06-12 21:06:00,30.3
2025-06-12 08:43:00,20.4
2025-06-12 05:10:00,41.0
2025-06-12 05:09:00,46.6
2025-06-12 14:51:00,1.5
2025-06-12 14:09:00,32.1
2025-06-12 18:00:00,92.7
2025-06-12 20:05:00,18.7
2025-06-12 20:09:00,26.0
2025-06-12 08:13:00,49.8
2025-06-12 12:34:00,92.7
2025-06-12 23:10:00,50.2977004785806
2025-06-12 02:43:00,32.6
2025-06-12 01:19:00,74.6
2025-06-12 06:55:00,51.9
2025-06-12 08:35:00,99.8
2025-06-12 01:46:00,80.6
2025-06-12 03:37:00,65.8
2025-06-12 06:18:00,35.0
2025-06-12 19:31:00,2.6
2025-06-12 10:15:00,88.6
2025-06-12 12:17:00,50.3
2025-06-12 19:41:00,71.4
2025-06-12 13:09:00,11.7
2025-06-12 02:44:00,20.4
2025-06-12 21:16:00,98.7
2025-06-12 17:04:00,10.7
2025-06-12 07:14:00,71.1
2025-06-12 09:40:00,50.2977004785806
2025-06-12 14:10:00,64.3
2025-06-12 17:53:00,50.2977004785806
2025-06-12 19:30:00,39.9
2025-06-12 20:02:00,92.7
2025-06-12 03:09:00,21.3
2025-06-12 01:05:00,94.6
2025-06-12 02:48:00,66.6
2025-06-12 18:32:00,38.6
2025-06-12 13:12:00,50.9
2025-06-12 06:59:00,1.1
2025-06-12 16:41:00,19.1
2025-06-12 14:17:00,65.3
2025-06-12 09:07:00,50.2977004785806
2025-06-12 10:46:00,38.0
2025-06-12 00:55:00,85.1
2025-06-12 20:44:00,1.8
2025-06-12 09:33:00,18.5
2025-06-12 09:54:00,61.9
2025-06-12 00:00:00,50.2977004785806
2025-06-12 12:35:00,77.8
2025-06-12 04:58:00,97.0
2025-06-12 12:06:00,69.1
2025-06-12 12:54:00,50.2977004785806
2025-06-12 03:46:00,60.9
2025-06-12 11:57:00,99.1
2025-06-12 10:20:00,35.1
2025-06-12 18:14:00,2.1
2025-06-12 03:16:00,11.8
2025-06-12 03:28:00,66.5
2025-06-12 07:26:00,2.7
2025-06-12 02:58:00,73.0
2025-06-12 08:12:00,29.4
2025-06-12 16:34:00,82.3
2025-06-12 11:01:00,50.2977004785806
2025-06-12 18:49:00,93.3
2025-06-12 03:36:00,29.8
2025-06-12 03:13:00,62.7
2025-06-12 06:20:00,50.2977004785806
2025-06-12 02:22:00,13.6
2025-06-12 06:23:00,64.7
2025-06-12 14:41:00,93.8
2025-06-12 01:29:00,10.5
2025-06-12 21:09:00,11.9
2025-06-12 11:05:00,73.9
2025-06-12 19:06:00,27.2
2025-06-12 23:03:00,9.9
2025-06-12 17:00:00,43.2
2025-06-12 04:30:00,0.4
2025-06-12 22:12:00,40.1
2025-06-12 00:42:00,28.9
2025-06-12 07:42:00,37.2
2025-06-12 18:57:00,47.5
2025-06-12 00:51:00,50.2977004785806
2025-06-12 06:57:00,16.9
2025-06-12 12:52:00,51.7
2025-06-12 00:20:00,73.5
2025-06-12 06:53:00,89.0
2025-06-12 06:40:00,62.7
2025-06-12 23:14:00,98.2
2025-06-12 15:12:00,82.6
2025-06-12 17:01:00,25.6
2025-06-12 21:58:00,10.2
2025-06-12 12:02:00,98.5
2025-06-12 16:31:00,34.5
2025-06-12 02:36:00,70.3
2025-06-12 19:48:00,70.9
2025-06-12 04:41:00,32.0
2025-06-12 03:03:00,90.8
2025-06-12 17:33:00,14.5
2025-06-12 16:39:00,98.2
2025-06-12 02:05:00,19.6
2025-06-12 01:22:00,68.6
2025-06-12 13:05:00,11.4
2025-06-12 09:09:00,36.6
2025-06-12 19:22:00,11.8
2025-06-12 20:34:00,61.4
2025-06-12 11:18:00,61.8
2025-06-12 16:47:00,35.2
2025-06-12 10:07:00,90.4
2025-06-12 13:42:00,99.7
2025-06-12 16:04:00,3.8
2025-06-12 06:10:00,95.0
2025-06-12 15:11:00,96.1
2025-06-12 21:10:00,50.2977004785806
2025-06-12 15:02:00,65.0
2025-06-12 09:22:00,9.7
2025-06-12 23:39:00,50.2977004785806
2025-06-12 03:32:00,50.2977004785806
2025-06-12 23:57:00,91.6
2025-06-12 10:06:00,79.8
2025-06-12 04:50:00,65.9
2025-06-12 00:49:00,58.6
2025-06-12 22:02:00,98.2
2025-06-12 15:47:00,92.5
2025-06-12 00:19:00,13.2
2025-06-12 09:00:00,68.7
2025-06-12 01:54:00,54.2
2025-06-12 09:32:00,50.2977004785806
2025-06-12 22:07:00,50.2977004785806
2025-06-12 23:28:00,7.4
2025-06-12 22:41:00,78.2
2025-06-12 14:52:00,84.0
2025-06-12 03:04:00,37.7
2025-06-12 18:21:00,93.6
2025-06-12 13:44:00,16.3
2025-06-12 21:15:00,5.0
2025-06-12 14:11:00,21.0
2025-06-12 23:22:00,30.1
2025-06-12 17:24:00,4.9
2025-06-12 08:16:00,72.6
2025-06-12 04:22:00,50.2977004785806
2025-06-12 21:50:00,59.0
2025-06-12 12:28:00,61.4
2025-06-12 06:45:00,50.2977004785806
2025-06-12 15:21:00,58.8
2025-06-12 11:47:00,50.2977004785806
2025-06-12 17:22:00,82.4
2025-06-12 17:36:00,57.6
2025-06-12 03:14:00,48.4
2025-06-12 20:15:00,23.8
2025-06-12 00:40:00,47.2
2025-06-12 01:12:00,95.2
2025-06-12 15:22:00,65.8
2025-06-12 16:54:00,94.8
2025-06-12 00:13:00,14.4
2025-06-12 10:51:00,11.1
2025-06-12 22:20:00,96.1
2025-06-12 05:19:00,36.6
2025-06-12 13:27:00,30.3
2025-06-12 13:21:00,50.2977004785806
2025-06-12 03:43:00,50.2977004785806
2025-06-12 06:11:00,91.2
2025-06-12 19:19:00,6.0
2025-06-12 16:23:00,26.6
2025-06-12 08:10:00,40.1
2025-06-12 00:04:00,28.5
2025-06-12 07:04:00,45.3
2025-06-12 01:47:00,73.1
2025-06-12 08:05:00,50.2977004785806
2025-06-12 08:06:00,50.2977004785806
2025-06-12 07:20:00,97.8
2025-06-12 16:46:00,14.8
2025-06-12 15:48:00,73.8
2025-06-12 02:32:00,75.4
2025-06-12 01:25:00,8.1
2025-06-12 06:33:00,0.6
2025-06-12 06:08:00,69.5
2025-06-12 07:51:00,2.7
2025-06-12 23:24:00,98.4
2025-06-12 16:01:00,50.2977004785806
2025-06-12 04:21:00,82.1
2025-06-12 20:43:00,76.2
2025-06-12 12:41:00,6.3
2025-06-12 09:38:00,12.9
2025-06-12 00:59:00,12.5
2025-06-12 17:15:00,50.2977004785806
2025-06-12 00:35:00,73.4
2025-06-12 12:26:00,52.8
2025-06-12 21:37:00,50.2977004785806
2025-06-12 06:35:00,50.2977004785806
2025-06-12 19:58:00,40.1
2025-06-12 11:20:00,22.1
2025-06-12 21:19:00,58.6
2025-06-12 09:03:00,94.8
2025-06-12 01:59:00,30.6
2025-06-12 13:16:00,50.2977004785806
2025-06-12 18:48:00,28.9
2025-06-12 17:21:00,83.5
2025-06-12 00:33:00,97.6
2025-06-12 06:19:00,32.9
2025-06-12 23:55:00,15.2
2025-06-12 15:15:00,75.8
2025-06-12 12:05:00,60.7
2025-06-12 02:38:00,14.5
2025-06-12 21:39:00,50.2977004785806
2025-06-12 12:16:00,8.7
2025-06-12 21:04:00,69.4
2025-06-12 13:15:00,79.3
2025-06-12 22:28:00,43.3
2025-06-12 04:12:00,39.0
2025-06-12 16:37:00,92.4
2025-06-12 20:56:00,98.2
2025-06-12 23:32:00,50.2977004785806
2025-06-12 20:37:00,94.3
2025-06-12 02:35:00,2.2
2025-06-12 07:15:00,80.1
2025-06-12 03:38:00,75.4
2025-06-12 00:57:00,51.2
2025-06-12 19:57:00,14.5
2025-06-12 11:03:00,55.7
2025-06-12 18:44:00,81.5
2025-06-12 00:53:00,25.9
2025-06-12 13:06:00,74.6
2025-06-12 11:30:00,5.0
2025-06-12 07:31:00,17.7
2025-06-12 00:28:00,3.1
2025-06-12 20:40:00,76.5
2025-06-12 21:26:00,50.2977004785806
2025-06-12 11:25:00,28.7
2025-06-12 07:19:00,50.2977004785806
2025-06-12 14:16:00,43.3
2025-06-12 21:46:00,8.8
2025-06-12 02:07:00,28.1
2025-06-12 02:19:00,16.4
2025-06-12 07:00:00,50.2977004785806
2025-06-12 17:08:00,24.2
2025-06-12 17:40:00,8.9
2025-06-12 22:30:00,13.1
2025-06-12 08:24:00,60.1
2025-06-12 08:46:00,22.0
2025-06-12 13:08:00,50.2977004785806
2025-06-12 18:24:00,48.0
2025-06-12 07:23:00,50.2977004785806
2025-06-12 02:26:00,18.3
2025-06-12 13:23:00,32.8
2025-06-12 09:30:00,46.7
2025-06-12 10:22:00,92.7
2025-06-12 03:57:00,50.2977004785806
2025-06-12 01:04:00,49.82536769031651
2025-06-12 08:03:00,86.6
2025-06-12 21:08:00,9.3
2025-06-12 10:01:00,89.9
2025-06-12 20:53:00,2.3
2025-06-12 18:15:00,51.9
2025-06-12 05:11:00,54.0
2025-06-12 18:18:00,50.1
2025-06-12 12:01:00,59.9
2025-06-12 14:50:00,60.9
2025-06-12 08:19:00,70.1
2025-06-12 09:58:00,49.82536769031651
2025-06-12 01:46:00,58.9
2025-06-12 02:01:00,87.5
2025-06-12 01:59:00,33.7
2025-06-12 01:09:00,98.8
2025-06-12 23:35:00,49.82536769031651
2025-06-12 21:53:00,43.0
2025-06-12 02:39:00,34.7
2025-06-12 13:13:00,77.7
2025-06-12 18:52:00,47.0
2025-06-12 16:39:00,49.82536769031651
2025-06-12 18:51:00,78.7
2025-06-12 12:11:00,40.4
2025-06-12 09:55:00,62.2
2025-06-12 13:19:00,44.2
2025-06-12 07:51:00,86.9
2025-06-12 19:32:00,41.1
2025-06-12 10:59:00,49.82536769031651
2025-06-12 08:21:00,62.2
2025-06-12 05:01:00,92.3
2025-06-12 03:50:00,0.8
2025-06-12 07:53:00,66.3
2025-06-12 11:08:00,87.4
2025-06-12 07:02:00,18.9
2025-06-12 03:25:00,49.82536769031651
2025-06-12 23:22:00,74.3
2025-06-12 19:00:00,13.8
2025-06-12 06:07:00,40.1
2025-06-12 12:40:00,72.8
2025-06-12 18:50:00,47.2
2025-06-12 04:30:00,8.2
2025-06-12 06:03:00,83.3
2025-06-12 02:19:00,49.82536769031651
2025-06-12 10:13:00,12.8
2025-06-12 18:34:00,55.9
2025-06-12 15:01:00,49.82536769031651
2025-06-12 02:05:00,34.6
2025-06-12 18:20:00,52.2
2025-06-12 21:39:00,64.6
2025-06-12 20:39:00,25.3
2025-06-12 21:12:00,44.3
2025-06-12 08:53:00,98.9
2025-06-12 18:43:00,81.4
2025-06-12 15:21:00,44.3
2025-06-12 05:39:00,93.5
2025-06-12 14:13:00,7.3
2025-06-12 15:17:00,88.7
2025-06-12 07:18:00,14.8
2025-06-12 20:27:00,26.1
2025-06-12 12:02:00,5.1
2025-06-12 08:34:00,88.8
2025-06-12 01:37:00,49.82536769031651
2025-06-12 21:42:00,49.82536769031651
2025-06-12 10:09:00,1.8
2025-06-12 23:02:00,77.6
2025-06-12 00:38:00,7.4
2025-06-12 23:04:00,15.8
2025-06-12 08:20:00,70.7
2025-06-12 09:53:00,58.7
2025-06-12 12:39:00,89.3
2025-06-12 14:07:00,82.9
2025-06-12 13:08:00,17.0
2025-06-12 09:03:00,62.1
2025-06-12 14:25:00,82.8
2025-06-12 07:30:00,54.8
2025-06-12 05:19:00,47.2
2025-06-12 22:34:00,11.6
2025-06-12 01:12:00,49.82536769031651
2025-06-12 03:17:00,81.2
2025-06-12 23:56:00,40.2
2025-06-12 08:51:00,34.2
2025-06-12 19:22:00,55.0
2025-06-12 00:10:00,3.5
2025-06-12 17:42:00,19.8
2025-06-12 09:48:00,78.8
2025-06-12 05:36:00,37.3
2025-06-12 05:46:00,52.1
2025-06-12 22:57:00,96.0
2025-06-12 15:56:00,90.6
2025-06-12 02:13:00,21.1
2025-06-12 01:18:00,83.8
2025-06-12 21:54:00,64.3
2025-06-12 09:15:00,72.5
2025-06-12 05:47:00,86.2
2025-06-12 16:24:00,12.0
2025-06-12 20:16:00,49.82536769031651
2025-06-12 23:16:00,21.4
2025-06-12 14:01:00,38.5
2025-06-12 08:35:00,7.3
2025-06-12 01:10:00,91.6
2025-06-12 12:29:00,2.5
2025-06-12 00:44:00,8.4
2025-06-12 04:28:00,68.4
2025-06-12 01:50:00,53.0
2025-06-12 07:22:00,49.82536769031651
2025-06-12 19:31:00,36.8
2025-06-12 18:59:00,49.82536769031651
2025-06-12 16:31:00,49.82536769031651
2025-06-12 16:32:00,30.5
2025-06-12 08:18:00,89.1
2025-06-12 11:19:00,47.8
2025-06-12 23:28:00,76.6
2025-06-12 05:57:00,1.5
2025-06-12 20:08:00,49.82536769031651
2025-06-12 21:55:00,4.0
2025-06-12 00:01:00,35.4
2025-06-12 00:24:00,65.9
2025-06-12 13:49:00,49.82536769031651
2025-06-12 08:44:00,16.5
2025-06-12 20:44:00,49.82536769031651
2025-06-12 10:23:00,77.0
2025-06-12 09:16:00,67.1
2025-06-12 00:18:00,51.9
2025-06-12 15:16:00,22.9
2025-06-12 18:57:00,13.4
2025-06-12 22:55:00,38.1
2025-06-12 09:13:00,97.3
2025-06-12 07:41:00,92.9
2025-06-12 01:35:00,61.6
2025-06-12 16:55:00,49.82536769031651
2025-06-12 16:04:00,42.2
2025-06-12 14:48:00,4.5
2025-06-12 08:40:00,65.0
2025-06-12 22:16:00,67.6
2025-06-12 01:49:00,49.82536769031651
2025-06-12 09:46:00,2.8
2025-06-12 06:44:00,96.8
2025-06-12 03:41:00,30.4
2025-06-12 22:41:00,76.6
2025-06-12 13:46:00,92.4
2025-06-12 03:43:00,21.6
2025-06-12 22:26:00,65.4
2025-06-12 23:26:00,6.8
2025-06-12 17:16:00,49.82536769031651
2025-06-12 12:42:00,15.6
2025-06-12 19:29:00,68.9
2025-06-12 06:55:00,49.82536769031651
2025-06-12 19:25:00,68.4
2025-06-12 02:36:00,0.8
2025-06-12 05:31:00,11.5
2025-06-12 02:34:00,70.7
2025-06-12 11:26:00,60.9
2025-06-12 19:13:00,49.82536769031651
2025-06-12 04:20:00,49.82536769031651
2025-06-12 18:48:00,8.7
2025-06-12 20:07:00,59.1
2025-06-12 06:26:00,44.5
2025-06-12 16:23:00,92.8
2025-06-12 17:43:00,49.82536769031651
2025-06-12 17:17:00,31.0
2025-06-12 19:10:00,49.82536769031651
2025-06-12 23:53:00,49.82536769031651
2025-06-12 07:43:00,90.3
2025-06-12 14:57:00,98.9
2025-06-12 07:34:00,75.8
2025-06-12 08:50:00,37.6
2025-06-12 08:05:00,23.6
2025-06-12 20:12:00,75.9
2025-06-12 20:09:00,49.82536769031651
2025-06-12 15:08:00,82.6
2025-06-12 16:12:00,32.9
2025-06-12 15:12:00,37.3
2025-06-12 20:10:00,61.5
2025-06-12 19:35:00,27.4
2025-06-12 13:16:00,12.1
2025-06-12 04:00:00,40.7
2025-06-12 18:33:00,6.3
2025-06-12 06:19:00,89.3
2025-06-12 07:36:00,93.7
2025-06-12 11:48:00,49.82536769031651
2025-06-12 17:31:00,99.9
2025-06-12 22:49:00,49.82536769031651
2025-06-12 08:48:00,4.3
2025-06-12 03:57:00,75.0
2025-06-12 00:16:00,21.7
2025-06-12 09:04:00,49.82536769031651
2025-06-12 01:15:00,72.5
2025-06-12 08:27:00,96.1
2025-06-12 06:40:00,73.1
2025-06-12 14:19:00,20.4
2025-06-12 05:51:00,82.0
2025-06-12 03:21:00,44.2
2025-06-12 20:20:00,48.7
2025-06-12 06:12:00,55.4
2025-06-12 06:51:00,82.6
2025-06-12 18:38:00,18.6
2025-06-12 14:15:00,49.82536769031651
2025-06-12 21:38:00,23.6
2025-06-12 16:18:00,56.3
2025-06-12 13:41:00,95.7
2025-06-12 07:21:00,7.2
2025-06-12 22:09:00,79.5
2025-06-12 11:23:00,74.0
2025-06-12 08:33:00,52.3
2025-06-12 19:38:00,54.5
2025-06-12 02:54:00,4.0
2025-06-12 19:21:00,74.5
2025-06-12 02:08:00,46.5
2025-06-12 10:35:00,14.2
2025-06-12 12:00:00,96.4
2025-06-12 03:18:00,29.5
2025-06-12 04:38:00,40.9
2025-06-12 15:51:00,93.3
2025-06-12 00:09:00,96.1
2025-06-12 17:32:00,65.6
2025-06-12 18:46:00,74.3
2025-06-12 00:03:00,35.7
2025-06-12 16:33:00,49.0
2025-06-12 05:14:00,77.2
2025-06-12 14:23:00,84.2
2025-06-12 11:49:00,73.3
2025-06-12 11:45:00,3.5
2025-06-12 17:05:00,89.3
2025-06-12 01:26:00,50.9
2025-06-12 16:28:00,7.7
2025-06-12 13:47:00,45.7
2025-06-12 12:35:00,19.2
2025-06-12 08:41:00,19.6
2025-06-12 22:32:00,49.82536769031651
2025-06-12 15:59:00,49.82536769031651
2025-06-12 11:07:00,5.8
2025-06-12 07:55:00,39.3
2025-06-12 17:56:00,37.7
2025-06-12 00:55:00,75.8
2025-06-12 10:29:00,71.9
2025-06-12 12:44:00,49.3
2025-06-12 22:06:00,95.4
2025-06-12 12:08:00,27.3
2025-06-12 03:38:00,58.4
2025-06-12 18:08:00,24.0
2025-06-12 11:28:00,18.4
2025-06-12 17:20:00,61.3
2025-06-12 09:28:00,49.82536769031651
2025-06-12 11:58:00,76.0
2025-06-12 15:54:00,45.4
2025-06-12 03:19:00,49.82536769031651
2025-06-12 11:22:00,85.0
2025-06-12 09:25:00,32.5
2025-06-12 08:54:00,62.0
2025-06-12 03:26:00,59.5
2025-06-12 10:25:00,76.4
2025-06-12 08:28:00,93.9
2025-06-12 14:43:00,32.4
2025-06-12 01:19:00,48.7
2025-06-12 19:47:00,34.2
2025-06-12 17:06:00,82.8
2025-06-12 04:02:00,49.82536769031651
2025-06-12 07:56:00,6.3
2025-06-12 11:54:00,32.6
2025-06-12 22:19:00,26.7
2025-06-12 08:36:00,27.2
2025-06-12 12:47:00,38.2
2025-06-12 13:22:00,81.9
2025-06-12 21:17:00,93.8
2025-06-12 16:08:00,92.7
2025-06-12 12:45:00,97.3
2025-06-12 10:45:00,75.8
2025-06-12 10:07:00,75.5
2025-06-12 14:31:00,25.0
2025-06-12 14:32:00,73.7
2025-06-12 07:15:00,90.3
2025-06-12 20:41:00,84.1
2025-06-12 05:55:00,36.1
2025-06-12 05:58:00,6.3
2025-06-12 10:14:00,98.1
2025-06-12 17:21:00,34.3
2025-06-12 12:24:00,8.0
2025-06-12 06:15:00,86.5
2025-06-12 17:23:00,67.8
2025-06-12 23:31:00,20.8
2025-06-12 02:30:00,25.9
2025-06-12 04:35:00,71.6
2025-06-12 04:51:00,59.9
2025-06-12 18:21:00,67.1
2025-06-12 11:01:00,77.0
2025-06-12 14:12:00,59.5
2025-06-12 23:34:00,49.82536769031651
2025-06-12 00:13:00,49.82536769031651
2025-06-12 23:38:00,94.0
2025-06-12 10:42:00,43.1
2025-06-12 23:50:00,50.7
2025-06-12 04:21:00,17.5
2025-06-12 18:41:00,98.2
2025-06-12 16:45:00,45.5
2025-06-12 03:10:00,49.82536769031651
2025-06-12 12:05:00,17.2
2025-06-12 00:46:00,35.4
2025-06-12 09:24:00,7.7
2025-06-12 23:29:00,50.10362276498773
2025-06-12 18:34:00,72.7
2025-06-12 06:39:00,60.8
2025-06-12 05:37:00,88.7
2025-06-12 13:07:00,69.3
2025-06-12 21:45:00,70.4
2025-06-12 13:32:00,81.6
2025-06-12 02:58:00,89.3
2025-06-12 01:44:00,96.6
2025-06-12 20:50:00,50.10362276498773
2025-06-12 02:30:00,7.1
2025-06-12 13:05:00,22.4
2025-06-12 14:45:00,72.6
2025-06-12 21:46:00,14.7
2025-06-12 22:33:00,81.2
2025-06-12 11:31:00,50.6
2025-06-12 00:15:00,55.6
2025-06-12 11:48:00,92.2
2025-06-12 17:35:00,50.10362276498773
2025-06-12 09:33:00,50.10362276498773
2025-06-12 07:12:00,43.1
2025-06-12 07:58:00,87.0
2025-06-12 14:51:00,82.8
2025-06-12 05:52:00,58.9
2025-06-12 06:32:00,77.1
2025-06-12 00:59:00,72.5
2025-06-12 18:17:00,4.9
2025-06-12 21:20:00,99.4
2025-06-12 19:43:00,15.8
2025-06-12 03:20:00,81.0
2025-06-12 20:35:00,23.1
2025-06-12 17:17:00,31.7
2025-06-12 09:29:00,13.8
2025-06-12 17:16:00,10.4
2025-06-12 21:47:00,50.10362276498773
2025-06-12 08:45:00,50.10362276498773
2025-06-12 10:04:00,15.0
2025-06-12 16:18:00,85.8
2025-06-12 09:45:00,92.4
2025-06-12 04:07:00,46.1
2025-06-12 07:29:00,54.2
2025-06-12 12:45:00,51.7
2025-06-12 08:10:00,50.10362276498773
2025-06-12 17:02:00,78.3
2025-06-12 12:46:00,84.4
2025-06-12 18:56:00,58.6
2025-06-12 22:31:00,27.1
2025-06-12 10:48:00,6.5
2025-06-12 05:35:00,26.1
2025-06-12 14:02:00,94.6
2025-06-12 12:35:00,50.10362276498773
2025-06-12 01:24:00,29.1
2025-06-12 04:52:00,50.10362276498773
2025-06-12 19:16:00,48.9
2025-06-12 04:48:00,9.0
2025-06-12 15:56:00,93.7
2025-06-12 04:35:00,50.10362276498773
2025-06-12 11:55:00,0.7
2025-06-12 20:06:00,44.2
2025-06-12 04:01:00,50.10362276498773
2025-06-12 05:58:00,77.2
2025-06-12 22:05:00,4.3
2025-06-12 11:04:00,50.10362276498773
2025-06-12 08:17:00,4.4
2025-06-12 14:37:00,50.10362276498773
2025-06-12 11:02:00,69.9
2025-06-12 08:09:00,23.9
2025-06-12 06:48:00,50.10362276498773
2025-06-12 05:13:00,68.0
2025-06-12 07:01:00,42.7
2025-06-12 08:23:00,50.10362276498773
2025-06-12 13:42:00,43.7
2025-06-12 23:23:00,6.4
2025-06-12 19:03:00,50.10362276498773
2025-06-12 18:30:00,51.9
2025-06-12 06:02:00,24.1
2025-06-12 02:42:00,43.7
2025-06-12 06:45:00,39.1
2025-06-12 18:10:00,9.7
2025-06-12 01:13:00,81.7
2025-06-12 02:15:00,51.8
2025-06-12 14:46:00,94.2
2025-06-12 09:58:00,33.6
2025-06-12 09:00:00,51.4
2025-06-12 20:18:00,4.3
2025-06-12 17:34:00,21.0
2025-06-12 14:12:00,57.5
2025-06-12 14:11:00,29.9
2025-06-12 07:40:00,51.1
2025-06-12 05:45:00,46.6
2025-06-12 12:06:00,37.1
2025-06-12 00:29:00,65.1
2025-06-12 09:27:00,85.9
2025-06-12 22:09:00,97.2
2025-06-12 14:07:00,50.10362276498773
2025-06-12 23:04:00,1.6
2025-06-12 08:43:00,77.9
2025-06-12 04:26:00,25.2
2025-06-12 19:08:00,50.10362276498773
2025-06-12 11:25:00,9.2
2025-06-12 12:22:00,36.8
2025-06-12 19:02:00,10.2
2025-06-12 10:22:00,5.4
2025-06-12 14:44:00,3.7
2025-06-12 00:33:00,70.2
2025-06-12 15:06:00,30.9
2025-06-12 06:15:00,32.8
2025-06-12 08:27:00,74.4
2025-06-12 07:24:00,85.0
2025-06-12 14:13:00,50.10362276498773
2025-06-12 21:58:00,66.2
2025-06-12 03:28:00,70.8
2025-06-12 21:35:00,71.4
2025-06-12 12:16:00,2.3
2025-06-12 18:52:00,10.8
2025-06-12 20:19:00,89.3
2025-06-12 14:58:00,88.5
2025-06-12 06:29:00,35.4
2025-06-12 01:53:00,95.9
2025-06-12 21:41:00,32.5
2025-06-12 02:41:00,50.10362276498773
2025-06-12 02:54:00,26.2
2025-06-12 23:34:00,52.6
2025-06-12 16:16:00,88.6
2025-06-12 05:34:00,2.4
2025-06-12 21:57:00,81.2
2025-06-12 03:42:00,50.10362276498773
2025-06-12 11:44:00,42.0
2025-06-12 21:26:00,17.0
2025-06-12 07:14:00,50.10362276498773
2025-06-12 16:35:00,50.10362276498773
2025-06-12 15:35:00,57.9
2025-06-12 22:01:00,13.9
2025-06-12 09:59:00,4.5
2025-06-12 11:01:00,75.7
2025-06-12 02:59:00,88.9
2025-06-12 09:22:00,50.10362276498773
2025-06-12 07:23:00,50.10362276498773
2025-06-12 15:45:00,96.7
2025-06-12 10:20:00,83.3
2025-06-12 05:50:00,7.5
2025-06-12 16:11:00,98.8
2025-06-12 01:52:00,72.8
2025-06-12 07:56:00,38.9
2025-06-12 15:24:00,49.1
2025-06-12 07:54:00,50.10362276498773
2025-06-12 21:30:00,50.10362276498773
2025-06-12 07:37:00,36.7
2025-06-12 10:53:00,45.9
2025-06-12 15:23:00,16.7
2025-06-12 14:34:00,56.6
2025-06-12 09:31:00,38.1
2025-06-12 04:02:00,50.3
2025-06-12 00:31:00,50.10362276498773
2025-06-12 22:39:00,17.2
2025-06-12 00:52:00,57.3
2025-06-12 11:57:00,6.8
2025-06-12 19:20:00,74.3
2025-06-12 10:52:00,50.10362276498773
2025-06-12 18:16:00,50.10362276498773
2025-06-12 19:07:00,50.10362276498773
2025-06-12 23:53:00,34.9
2025-06-12 03:38:00,31.2
2025-06-12 17:40:00,81.7
2025-06-12 17:54:00,43.4
2025-06-12 22:30:00,5.3
2025-06-12 19:28:00,62.3
2025-06-12 08:05:00,96.1
2025-06-12 11:29:00,16.4
2025-06-12 10:44:00,78.0
2025-06-12 04:13:00,50.10362276498773
2025-06-12 19:52:00,16.5
2025-06-12 17:46:00,49.0
2025-06-12 19:21:00,9.9
2025-06-12 20:15:00,49.7
2025-06-12 19:05:00,43.9
2025-06-12 19:15:00,51.9
2025-06-12 06:51:00,50.10362276498773
2025-06-12 04:38:00,50.10362276498773
2025-06-12 02:26:00,2.9
2025-06-12 01:35:00,44.6
2025-06-12 03:09:00,3.1
2025-06-12 17:25:00,49.2
2025-06-12 22:10:00,15.9
2025-06-12 17:36:00,81.8
2025-06-12 07:06:00,83.3
2025-06-12 00:27:00,32.3
2025-06-12 14:30:00,63.1
2025-06-12 08:26:00,63.0
2025-06-12 09:17:00,50.10362276498773
2025-06-12 05:51:00,50.10362276498773
2025-06-12 20:21:00,50.10362276498773
2025-06-12 08:58:00,19.8
2025-06-12 20:58:00,50.10362276498773
2025-06-12 06:04:00,50.10362276498773
2025-06-12 18:51:00,50.10362276498773
2025-06-12 10:56:00,50.10362276498773
2025-06-12 11:07:00,50.10362276498773
2025-06-12 22:52:00,50.10362276498773
2025-06-12 12:59:00,62.4
2025-06-12 16:14:00,48.6
2025-06-12 20:39:00,11.8
2025-06-12 03:18:00,75.3
2025-06-12 22:35:00,50.10362276498773
2025-06-12 17:37:00,53.0
2025-06-12 20:44:00,59.7
2025-06-12 03:17:00,6.9
2025-06-12 08:00:00,20.0
2025-06-12 21:03:00,38.8
2025-06-12 00:48:00,87.4
2025-06-12 07:42:00,78.8
2025-06-12 12:27:00,84.5
2025-06-12 15:14:00,50.10362276498773
2025-06-12 06:49:00,43.3
2025-06-12 13:10:00,50.10362276498773
2025-06-12 14:39:00,45.7
2025-06-12 05:26:00,29.9
2025-06-12 02:52:00,78.2
2025-06-12 21:29:00,88.3
2025-06-12 07:33:00,50.10362276498773
2025-06-12 04:03:00,50.10362276498773
2025-06-12 19:18:00,6.1
2025-06-12 02:02:00,58.4
2025-06-12 03:57:00,43.4
2025-06-12 10:35:00,47.9
2025-06-12 18:26:00,25.0
2025-06-12 01:18:00,54.9
2025-06-12 19:58:00,98.2
2025-06-12 07:52:00,37.4
2025-06-12 08:56:00,26.6
2025-06-12 11:06:00,37.0
2025-06-12 07:31:00,50.0
2025-06-12 07:05:00,6.7
2025-06-12 20:07:00,45.7
2025-06-12 20:27:00,75.5
2025-06-12 08:02:00,31.2
2025-06-12 00:06:00,54.2
2025-06-12 15:34:00,50.10362276498773
2025-06-12 05:02:00,0.2
2025-06-12 12:43:00,69.6
2025-06-12 00:17:00,53.9
2025-06-12 23:54:00,37.5
2025-06-12 16:47:00,38.4
2025-06-12 16:43:00,5.8
2025-06-12 19:37:00,97.6
2025-06-12 22:47:00,17.8
2025-06-12 15:37:00,79.4
2025-06-12 06:07:00,98.4
2025-06-12 12:19:00,21.8
2025-06-12 16:51:00,43.8
2025-06-12 01:40:00,50.10362276498773
2025-06-12 01:33:00,83.7
2025-06-12 02:44:00,50.10362276498773
2025-06-12 03:44:00,13.6
2025-06-12 13:43:00,71.0
2025-06-12 10:41:00,40.3
2025-06-12 06:08:00,22.3
2025-06-12 02:32:00,71.0
2025-06-12 00:20:00,76.6
2025-06-12 19:54:00,50.10362276498773
2025-06-12 18:40:00,50.10362276498773
2025-06-12 04:40:00,56.4
2025-06-12 20:42:00,59.9
2025-06-12 05:07:00,37.6
2025-06-12 12:57:00,50.10362276498773
2025-06-12 04:51:00,50.10362276498773
2025-06-12 17:58:00,3.7
2025-06-12 07:45:00,44.0
2025-06-12 02:23:00,58.1
2025-06-12 20:33:00,92.4
2025-06-12 00:00:00,61.6
2025-06-12 08:28:00,73.2
2025-06-12 00:35:00,44.3
2025-06-12 13:15:00,10.9
2025-06-12 08:42:00,63.0
2025-06-12 06:30:00,24.1
2025-06-12 16:20:00,83.4
2025-06-12 12:08:00,32.7
2025-06-12 08:11:00,35.3
2025-06-12 07:00:00,72.6
2025-06-12 01:54:00,23.2
2025-06-12 09:28:00,50.10362276498773
2025-06-12 15:11:00,42.3
2025-06-12 08:18:00,72.3
2025-06-12 14:25:00,27.3
2025-06-12 23:57:00,44.0
2025-06-12 20:40:00,97.4
2025-06-12 22:51:00,50.10362276498773
2025-06-12 13:31:00,6.6
2025-06-12 20:22:00,69.3
2025-06-12 18:08:00,84.7
2025-06-12 10:15:00,51.1
2025-06-12 19:34:00,86.0
2025-06-12 16:26:00,51.4
2025-06-12 15:02:00,27.2
2025-06-12 21:49:00,63.0
2025-06-12 17:53:00,73.1
2025-06-12 11:32:00,35.1
2025-06-12 18:24:00,99.2
2025-06-12 11:18:00,62.2
2025-06-12 23:22:00,20.1
2025-06-12 13:11:00,56.7
2025-06-12 19:06:00,34.8
2025-06-12 05:47:00,79.3
2025-06-12 12:03:00,50.10362276498773
2025-06-12 07:57:00,77.8
2025-06-12 15:21:00,60.9
2025-06-12 15:44:00,98.8
2025-06-12 12:18:00,97.0
2025-06-12 19:51:00,13.3
2025-06-12 17:10:00,13.0
2025-06-12 20:13:00,50.10362276498773
2025-06-12 18:29:00,5.9
2025-06-12 05:04:00,43.8
2025-06-12 21:53:00,82.1
2025-06-12 18:14:00,34.6
2025-06-12 13:08:00,78.8
2025-06-12 13:30:00,2.1
2025-06-12 04:11:00,56.6
2025-06-12 06:38:00,93.4
2025-06-12 23:20:00,83.0
2025-06-12 06:22:00,53.3
2025-06-12 03:33:00,40.5
2025-06-12 02:31:00,50.12327810650887
2025-06-12 22:41:00,63.5
2025-06-12 09:16:00,74.3
2025-06-12 02:38:00,4.2
2025-06-12 08:38:00,17.2
2025-06-12 07:23:00,88.7
2025-06-12 10:31:00,75.1
2025-06-12 10:12:00,50.12327810650887
2025-06-12 12:55:00,83.4
2025-06-12 21:52:00,22.0
2025-06-12 03:22:00,50.12327810650887
2025-06-12 17:11:00,50.12327810650887
2025-06-12 19:56:00,50.3
2025-06-12 17:52:00,16.1
2025-06-12 23:05:00,40.7
2025-06-12 18:55:00,15.5
2025-06-12 00:30:00,2.1
2025-06-12 05:47:00,8.5
2025-06-12 08:37:00,13.1
2025-06-12 16:31:00,72.8
2025-06-12 21:59:00,49.3
2025-06-12 13:27:00,50.12327810650887
2025-06-12 03:30:00,14.2
2025-06-12 17:02:00,88.0
2025-06-12 17:47:00,50.12327810650887
2025-06-12 05:17:00,34.3
2025-06-12 05:28:00,69.6
2025-06-12 03:47:00,9.1
2025-06-12 02:18:00,32.8
2025-06-12 14:43:00,50.12327810650887
2025-06-12 23:00:00,17.0
2025-06-12 09:10:00,92.7
2025-06-12 03:32:00,12.8
2025-06-12 07:55:00,52.9
2025-06-12 12:20:00,1.7
2025-06-12 20:37:00,39.1
2025-06-12 05:24:00,27.9
2025-06-12 03:53:00,50.12327810650887
2025-06-12 20:08:00,10.6
2025-06-12 12:31:00,71.9
2025-06-12 18:57:00,9.3
2025-06-12 21:50:00,34.5
2025-06-12 08:14:00,14.6
2025-06-12 08:05:00,67.4
2025-06-12 04:52:00,50.12327810650887
2025-06-12 04:41:00,45.5
2025-06-12 17:08:00,21.4
2025-06-12 11:31:00,90.3
2025-06-12 02:24:00,50.12327810650887
2025-06-12 01:38:00,69.7
2025-06-12 01:12:00,71.4
2025-06-12 18:18:00,5.3
2025-06-12 16:32:00,66.4
2025-06-12 12:39:00,64.2
2025-06-12 23:52:00,37.7
2025-06-12 13:32:00,2.9
2025-06-12 08:57:00,9.2
2025-06-12 23:25:00,56.7
2025-06-12 11:47:00,50.12327810650887
2025-06-12 04:39:00,67.4
2025-06-12 02:43:00,35.2
2025-06-12 17:29:00,36.9
2025-06-12 21:14:00,91.1
2025-06-12 17:32:00,55.3
2025-06-12 23:46:00,16.7
2025-06-12 21:58:00,2.3
2025-06-12 15:18:00,41.1
2025-06-12 08:00:00,48.2
2025-06-12 22:42:00,8.3
2025-06-12 05:22:00,97.5
2025-06-12 14:08:00,50.8
2025-06-12 01:41:00,51.7
2025-06-12 01:48:00,3.5
2025-06-12 06:41:00,50.12327810650887
2025-06-12 15:47:00,77.0
2025-06-12 16:57:00,98.4
2025-06-12 13:25:00,86.3
2025-06-12 10:55:00,84.2
2025-06-12 14:53:00,61.8
2025-06-12 16:26:00,76.6
2025-06-12 06:08:00,38.0
2025-06-12 17:21:00,91.4
2025-06-12 19:24:00,82.5
2025-06-12 02:46:00,24.1
2025-06-12 06:13:00,83.9
2025-06-12 18:14:00,1.6
2025-06-12 04:43:00,35.8
2025-06-12 00:13:00,0.1
2025-06-12 11:36:00,93.5
2025-06-12 11:10:00,52.8
2025-06-12 15:30:00,92.0
2025-06-12 18:21:00,55.2
2025-06-12 05:13:00,54.7
2025-06-12 09:52:00,7.2
2025-06-12 18:34:00,99.1
2025-06-12 10:22:00,89.0
2025-06-12 15:36:00,1.4
2025-06-12 11:55:00,52.8
2025-06-12 11:50:00,64.0
2025-06-12 08:07:00,89.1
2025-06-12 03:35:00,70.7
2025-06-12 04:37:00,90.6
2025-06-12 14:13:00,89.7
2025-06-12 16:14:00,65.4
2025-06-12 03:59:00,50.12327810650887
2025-06-12 09:47:00,10.7
2025-06-12 19:15:00,34.9
2025-06-12 14:25:00,3.0
2025-06-12 02:11:00,49.2
2025-06-12 14:26:00,81.6
2025-06-12 02:37:00,58.5
2025-06-12 10:53:00,16.8
2025-06-12 06:10:00,50.12327810650887
2025-06-12 02:28:00,32.4
2025-06-12 02:29:00,30.1
2025-06-12 08:56:00,0.4
2025-06-12 14:45:00,88.5
2025-06-12 20:03:00,39.6
2025-06-12 10:42:00,93.4
2025-06-12 21:30:00,98.5
2025-06-12 13:45:00,53.9
2025-06-12 21:33:00,69.1
2025-06-12 01:07:00,66.8
2025-06-12 09:34:00,95.9
2025-06-12 22:08:00,7.5
2025-06-12 07:29:00,71.8
2025-06-12 03:41:00,90.0
2025-06-12 11:44:00,11.8
2025-06-12 01:31:00,50.12327810650887
2025-06-12 15:58:00,85.5
2025-06-12 14:38:00,59.9
2025-06-12 16:13:00,24.6
2025-06-12 10:18:00,50.12327810650887
2025-06-12 00:25:00,68.6
2025-06-12 15:52:00,68.0
2025-06-12 04:00:00,38.4
2025-06-12 04:16:00,69.8
2025-06-12 10:46:00,81.6
2025-06-12 15:09:00,50.12327810650887
2025-06-12 14:15:00,13.1
2025-06-12 08:52:00,34.6
2025-06-12 07:46:00,50.12327810650887
2025-06-12 05:38:00,72.8
2025-06-12 00:37:00,76.0
2025-06-12 17:39:00,85.7
2025-06-12 14:24:00,50.12327810650887
2025-06-12 10:23:00,95.0
2025-06-12 01:28:00,0.3
2025-06-12 00:12:00,88.3
2025-06-12 09:31:00,3.6
2025-06-12 06:30:00,16.9
2025-06-12 23:58:00,4.5
2025-06-12 05:33:00,25.9
2025-06-12 15:25:00,77.5
2025-06-12 00:51:00,1.5
2025-06-12 12:56:00,76.2
2025-06-12 17:48:00,70.0
2025-06-12 12:48:00,50.12327810650887
2025-06-12 21:42:00,75.2
2025-06-12 16:04:00,9.8
2025-06-12 14:20:00,35.0
2025-06-12 13:06:00,21.8
2025-06-12 22:49:00,71.8
2025-06-12 03:28:00,50.3
2025-06-12 05:42:00,50.12327810650887
2025-06-12 23:53:00,48.4
2025-06-12 01:20:00,84.7
2025-06-12 10:16:00,67.4
2025-06-12 04:38:00,71.8
2025-06-12 17:14:00,42.8
2025-06-12 03:46:00,49.3
2025-06-12 13:38:00,36.0
2025-06-12 02:02:00,31.8
2025-06-12 21:15:00,90.3
2025-06-12 14:01:00,98.3
2025-06-12 05:50:00,96.7
2025-06-12 10:49:00,60.1
2025-06-12 22:12:00,30.8
2025-06-12 09:08:00,22.8
2025-06-12 10:01:00,48.0
2025-06-12 23:49:00,29.7
2025-06-12 11:18:00,92.8
2025-06-12 04:23:00,20.4
2025-06-12 22:45:00,50.12327810650887
2025-06-12 00:31:00,28.8
2025-06-12 21:44:00,30.6
2025-06-12 21:57:00,0.5
2025-06-12 00:35:00,43.2
2025-06-12 12:13:00,74.4
2025-06-12 21:37:00,88.7
2025-06-12 22:26:00,3.7
2025-06-12 22:22:00,48.1
2025-06-12 06:04:00,53.1
2025-06-12 21:51:00,43.5
2025-06-12 03:18:00,9.2
2025-06-12 20:24:00,50.12327810650887
2025-06-12 15:34:00,57.7
2025-06-12 20:00:00,69.9
2025-06-12 11:45:00,98.1
2025-06-12 10:30:00,73.2
2025-06-12 03:09:00,88.9
2025-06-12 01:17:00,50.12327810650887
2025-06-12 18:46:00,37.2
2025-06-12 01:08:00,33.1
2025-06-12 01:56:00,2.8
2025-06-12 19:17:00,28.3
2025-06-12 10:20:00,95.1
2025-06-12 05:20:00,30.2
2025-06-12 14:17:00,50.12327810650887
2025-06-12 14:52:00,50.12327810650887
2025-06-12 07:22:00,89.9
2025-06-12 22:39:00,39.7
2025-06-12 02:49:00,98.4
2025-06-12 10:25:00,8.1
2025-06-12 11:17:00,5.3
2025-06-12 10:54:00,63.8
2025-06-12 22:17:00,91.1
2025-06-12 07:01:00,80.8
2025-06-12 15:27:00,8.4
2025-06-12 22:43:00,11.0
2025-06-12 00:36:00,67.5
2025-06-12 14:42:00,68.6
2025-06-12 04:29:00,32.2
2025-06-12 23:03:00,91.8
2025-06-12 01:50:00,95.2
2025-06-12 09:50:00,54.0
2025-06-12 06:56:00,66.5
2025-06-12 02:54:00,50.12327810650887
2025-06-12 16:30:00,36.8
2025-06-12 01:52:00,77.6
2025-06-12 17:55:00,70.9
2025-06-12 12:16:00,93.5
2025-06-12 22:01:00,77.7
2025-06-12 09:35:00,35.1
2025-06-12 19:12:00,57.1
2025-06-12 10:56:00,11.4
2025-06-12 02:44:00,41.8
2025-06-12 23:34:00,59.9
2025-06-12 23:14:00,34.5
2025-06-12 10:03:00,53.4
2025-06-12 03:51:00,50.12327810650887
2025-06-12 13:35:00,16.3
2025-06-12 21:05:00,68.2
2025-06-12 20:30:00,29.3
2025-06-12 18:19:00,94.7
2025-06-12 23:08:00,80.9
2025-06-12 09:00:00,68.0
2025-06-12 17:54:00,72.2
2025-06-12 13:33:00,10.1
2025-06-12 09:23:00,39.1
2025-06-12 03:03:00,6.6
2025-06-12 09:59:00,10.9
2025-06-12 11:56:00,86.8
2025-06-12 10:51:00,4.0
2025-06-12 07:30:00,45.5
2025-06-12 16:41:00,50.12327810650887
2025-06-12 23:35:00,50.12327810650887
2025-06-12 12:36:00,46.1
2025-06-12 09:46:00,95.1
2025-06-12 00:01:00,63.7
2025-06-12 07:18:00,54.9
2025-06-12 15:28:00,0.3
2025-06-12 21:55:00,91.9
2025-06-12 17:06:00,50.12327810650887
2025-06-12 20:34:00,50.12327810650887
2025-06-12 09:53:00,29.9
2025-06-12 10:00:00,90.4
2025-06-12 07:00:00,77.9
2025-06-12 22:51:00,66.0
2025-06-12 22:16:00,75.6
2025-06-12 23:33:00,20.5
2025-06-12 21:16:00,10.2
2025-06-12 15:39:00,50.12327810650887
2025-06-12 22:25:00,0.3
2025-06-12 20:17:00,66.1
2025-06-12 09:12:00,18.0
2025-06-12 15:40:00,77.4
2025-06-12 19:34:00,77.9
2025-06-12 14:48:00,49.63956792297757
2025-06-12 02:38:00,14.1
2025-06-12 14:09:00,66.0
2025-06-12 18:30:00,71.3
2025-06-12 23:29:00,32.2
2025-06-12 00:30:00,34.7
2025-06-12 05:00:00,12.8
2025-06-12 22:37:00,97.1
2025-06-12 02:54:00,20.1
2025-06-12 14:39:00,45.8
2025-06-12 22:48:00,73.1
2025-06-12 14:55:00,89.2
2025-06-12 08:28:00,81.3
2025-06-12 23:11:00,90.3
2025-06-12 07:51:00,10.3
2025-06-12 23:50:00,61.3
2025-06-12 18:19:00,22.0
2025-06-12 22:33:00,41.9
2025-06-12 02:45:00,31.2
2025-06-12 17:50:00,24.2
2025-06-12 10:55:00,9.0
2025-06-12 20:55:00,49.63956792297757
2025-06-12 08:13:00,98.4
2025-06-12 04:33:00,97.1
2025-06-12 05:29:00,2.7
2025-06-12 14:42:00,17.3
2025-06-12 18:43:00,10.2
2025-06-12 13:52:00,66.7
2025-06-12 04:35:00,12.4
2025-06-12 21:28:00,49.0
2025-06-12 03:08:00,95.1
2025-06-12 20:35:00,16.4
2025-06-12 07:42:00,19.5
2025-06-12 21:52:00,29.6
2025-06-12 15:26:00,89.1
2025-06-12 03:33:00,83.5
2025-06-12 20:56:00,13.0
2025-06-12 23:45:00,43.3
2025-06-12 05:41:00,50.5
2025-06-12 16:48:00,8.7
2025-06-12 07:16:00,5.6
2025-06-12 16:55:00,45.8
2025-06-12 17:52:00,46.8
2025-06-12 10:57:00,49.63956792297757
2025-06-12 10:38:00,76.6
2025-06-12 17:34:00,63.9
2025-06-12 05:05:00,41.3
2025-06-12 01:42:00,73.8
2025-06-12 00:27:00,84.8
2025-06-12 08:16:00,58.9
2025-06-12 09:11:00,2.1
2025-06-12 02:39:00,19.8
2025-06-12 13:27:00,49.63956792297757
2025-06-12 02:56:00,37.0
2025-06-12 16:14:00,0.7
2025-06-12 00:45:00,20.9
2025-06-12 17:19:00,88.9
2025-06-12 15:19:00,52.3
2025-06-12 05:39:00,55.9
2025-06-12 08:33:00,3.0
2025-06-12 09:00:00,3.1
2025-06-12 19:38:00,16.8
2025-06-12 05:30:00,83.9
2025-06-12 03:43:00,80.3
2025-06-12 07:41:00,47.5
2025-06-12 15:13:00,42.4
2025-06-12 07:25:00,97.6
2025-06-12 00:25:00,12.8
2025-06-12 03:47:00,62.8
2025-06-12 14:51:00,4.5
2025-06-12 13:53:00,27.1
2025-06-12 14:27:00,49.9
2025-06-12 04:58:00,40.2
2025-06-12 20:31:00,47.1
2025-06-12 22:55:00,77.6
2025-06-12 00:21:00,46.6
2025-06-12 13:29:00,80.4
2025-06-12 05:46:00,49.63956792297757
2025-06-12 00:26:00,49.63956792297757
2025-06-12 11:02:00,9.6
2025-06-12 07:15:00,77.0
2025-06-12 21:00:00,70.2
2025-06-12 08:56:00,13.0
2025-06-12 22:24:00,14.3
2025-06-12 13:43:00,82.0
2025-06-12 17:20:00,38.0
2025-06-12 06:12:00,54.0
2025-06-12 23:09:00,34.0
2025-06-12 17:09:00,50.1
2025-06-12 22:42:00,49.63956792297757
2025-06-12 10:31:00,76.7
2025-06-12 13:37:00,24.9
2025-06-12 21:24:00,40.6
2025-06-12 02:13:00,44.3
2025-06-12 18:20:00,3.8
2025-06-12 23:15:00,27.6
2025-06-12 01:46:00,22.8
2025-06-12 13:01:00,49.63956792297757
2025-06-12 12:10:00,72.4
2025-06-12 12:43:00,97.4
2025-06-12 14:23:00,24.5
2025-06-12 03:22:00,93.3
2025-06-12 14:56:00,58.0
2025-06-12 16:15:00,98.0
2025-06-12 13:45:00,38.7
2025-06-12 10:54:00,28.1
2025-06-12 01:52:00,98.0
2025-06-12 14:11:00,99.7
2025-06-12 03:21:00,37.0
2025-06-12 15:21:00,75.2
2025-06-12 09:29:00,38.8
2025-06-12 06:29:00,94.6
2025-06-12 00:04:00,23.1
2025-06-12 21:31:00,18.9
2025-06-12 19:52:00,9.6
2025-06-12 15:08:00,56.0
2025-06-12 02:43:00,8.3
2025-06-12 11:35:00,22.0
2025-06-12 22:05:00,26.0
2025-06-12 13:09:00,49.63956792297757
2025-06-12 04:06:00,62.5
2025-06-12 11:31:00,49.63956792297757
2025-06-12 09:02:00,95.4
2025-06-12 16:53:00,49.63956792297757
2025-06-12 00:43:00,49.63956792297757
2025-06-12 01:50:00,49.63956792297757
2025-06-12 05:54:00,22.2
2025-06-12 16:42:00,80.2
2025-06-12 16:33:00,22.3
2025-06-12 17:23:00,19.5
2025-06-12 10:44:00,62.0
2025-06-12 01:26:00,2.0
2025-06-12 02:27:00,69.1
2025-06-12 12:02:00,49.63956792297757
2025-06-12 18:59:00,43.5
2025-06-12 21:27:00,32.8
2025-06-12 13:38:00,19.9
2025-06-12 18:51:00,53.2
2025-06-12 05:51:00,19.3
2025-06-12 01:08:00,25.3
2025-06-12 21:02:00,97.9
2025-06-12 02:24:00,45.0
2025-06-12 11:26:00,0.5
2025-06-12 18:08:00,69.0
2025-06-12 17:15:00,49.63956792297757
2025-06-12 06:58:00,5.4
2025-06-12 10:22:00,68.0
2025-06-12 14:44:00,79.3
2025-06-12 20:36:00,43.4
2025-06-12 22:36:00,49.63956792297757
2025-06-12 12:38:00,21.2
2025-06-12 16:27:00,12.8
2025-06-12 07:36:00,55.5
2025-06-12 23:59:00,49.63956792297757
2025-06-12 11:39:00,28.2
2025-06-12 11:13:00,66.7
2025-06-12 06:16:00,81.5
2025-06-12 14:58:00,19.5
2025-06-12 20:51:00,71.3
2025-06-12 08:34:00,29.5
2025-06-12 05:50:00,21.0
2025-06-12 10:59:00,54.6
2025-06-12 18:05:00,13.7
2025-06-12 13:00:00,83.5
2025-06-12 19:45:00,61.4
2025-06-12 07:56:00,41.7
2025-06-12 04:45:00,19.3
2025-06-12 16:12:00,92.4
2025-06-12 23:01:00,49.63956792297757
2025-06-12 12:09:00,60.3
2025-06-12 10:24:00,96.8
2025-06-12 19:37:00,92.7
2025-06-12 19:00:00,93.5
2025-06-12 15:06:00,17.0
2025-06-12 11:47:00,82.3
2025-06-12 12:24:00,41.9
2025-06-12 10:04:00,0.0
2025-06-12 23:55:00,49.63956792297757
2025-06-12 05:18:00,57.3
2025-06-12 09:15:00,58.6
2025-06-12 04:04:00,5.5
2025-06-12 13:25:00,58.8
2025-06-12 01:03:00,49.63956792297757
2025-06-12 11:23:00,49.63956792297757
2025-06-12 06:53:00,91.7
2025-06-12 02:37:00,38.2
2025-06-12 05:55:00,85.2
2025-06-12 23:00:00,0.5
2025-06-12 00:33:00,86.6
2025-06-12 04:12:00,16.8
2025-06-12 15:00:00,7.9
2025-06-12 15:52:00,95.8
2025-06-12 09:24:00,97.0
2025-06-12 21:36:00,76.1
2025-06-12 03:52:00,24.6
2025-06-12 01:01:00,81.5
2025-06-12 15:45:00,79.9
2025-06-12 06:18:00,49.63956792297757
2025-06-12 13:51:00,80.3
2025-06-12 06:22:00,77.1
2025-06-12 21:39:00,49.63956792297757
2025-06-12 08:17:00,48.0
2025-06-12 07:02:00,1.2
2025-06-12 06:13:00,58.2
2025-06-12 16:30:00,4.6
2025-06-12 04:54:00,34.3
2025-06-12 04:48:00,38.2
2025-06-12 04:31:00,98.6
2025-06-12 15:12:00,49.63956792297757
2025-06-12 17:45:00,73.9
2025-06-12 08:14:00,15.6
2025-06-12 22:09:00,49.63956792297757
2025-06-12 15:36:00,97.2
2025-06-12 22:23:00,55.2
2025-06-12 09:37:00,28.7
2025-06-12 19:30:00,49.63956792297757
2025-06-12 18:07:00,91.4
2025-06-12 18:58:00,49.63956792297757
2025-06-12 04:00:00,4.7
2025-06-12 02:33:00,16.2
2025-06-12 10:32:00,70.1
2025-06-12 11:14:00,19.5
2025-06-12 23:28:00,87.8
2025-06-12 08:44:00,57.6
2025-06-12 03:56:00,1.6
2025-06-12 09:48:00,69.5
2025-06-12 20:28:00,54.6
2025-06-12 01:04:00,82.9
2025-06-12 20:16:00,30.8
2025-06-12 14:53:00,37.4
2025-06-12 16:07:00,78.6
2025-06-12 01:30:00,77.0
2025-06-12 06:41:00,30.7
2025-06-12 18:55:00,18.2
2025-06-12 18:41:00,8.1
2025-06-12 05:34:00,65.6
2025-06-12 11:11:00,49.63956792297757
2025-06-12 20:44:00,3.7
2025-06-12 01:51:00,49.63956792297757
2025-06-12 05:16:00,69.0
2025-06-12 13:26:00,3.1
2025-06-12 08:43:00,49.63956792297757
2025-06-12 21:05:00,49.63956792297757
2025-06-12 21:47:00,88.0
2025-06-12 19:23:00,5.6
2025-06-12 07:08:00,84.1
2025-06-12 00:12:00,63.7
2025-06-12 07:07:00,93.5
2025-06-12 09:01:00,15.4
2025-06-12 18:17:00,23.6
2025-06-12 03:42:00,56.3
2025-06-12 03:28:00,79.3
2025-06-12 01:59:00,59.0
2025-06-12 05:07:00,60.9
2025-06-12 15:51:00,15.4
2025-06-12 15:49:00,48.2
2025-06-12 13:59:00,31.4
2025-06-12 13:55:00,52.2
2025-06-12 18:33:00,56.8
2025-06-12 03:40:00,49.63956792297757
2025-06-12 12:14:00,3.0
2025-06-12 10:25:00,39.9
2025-06-12 00:23:00,19.8
2025-06-12 23:17:00,10.7
2025-06-12 09:19:00,73.4
2025-06-12 11:49:00,37.6
2025-06-12 12:59:00,49.63956792297757
2025-06-12 23:38:00,57.8
2025-06-12 21:08:00,28.9
2025-06-12 02:59:00,41.3
2025-06-12 03:45:00,64.6
2025-06-12 13:40:00,64.7
2025-06-12 14:37:00,49.8
2025-06-12 12:51:00,88.4
2025-06-12 05:06:00,50.29152382078261
2025-06-12 02:47:00,51.4
2025-06-12 01:20:00,72.9
2025-06-12 16:46:00,82.7
2025-06-12 01:35:00,64.0
2025-06-12 19:38:00,87.2
2025-06-12 15:48:00,20.2
2025-06-12 07:19:00,10.7
2025-06-12 04:11:00,48.2
2025-06-12 19:32:00,66.4
2025-06-12 02:06:00,39.6
2025-06-12 00:33:00,79.9
2025-06-12 02:02:00,55.0
2025-06-12 00:52:00,48.3
2025-06-12 18:01:00,94.8
2025-06-12 18:20:00,77.7
2025-06-12 18:21:00,85.6
2025-06-12 14:34:00,91.0
2025-06-12 11:50:00,5.7
2025-06-12 18:39:00,82.6
2025-06-12 16:56:00,40.7
2025-06-12 03:37:00,10.4
2025-06-12 02:51:00,50.29152382078261
2025-06-12 22:32:00,20.9
2025-06-12 14:19:00,89.8
2025-06-12 11:20:00,80.3
2025-06-12 21:11:00,87.0
2025-06-12 01:51:00,6.7
2025-06-12 20:13:00,8.0
2025-06-12 17:49:00,98.1
2025-06-12 05:40:00,39.4
2025-06-12 13:16:00,73.4
2025-06-12 02:35:00,29.0
2025-06-12 01:49:00,65.9
2025-06-12 14:17:00,50.29152382078261
2025-06-12 00:12:00,59.6
2025-06-12 22:13:00,30.1
2025-06-12 14:48:00,64.7
2025-06-12 18:16:00,34.5
2025-06-12 03:51:00,32.9
2025-06-12 22:52:00,43.6
2025-06-12 19:24:00,46.9
2025-06-12 13:45:00,50.29152382078261
2025-06-12 17:43:00,91.9
2025-06-12 19:12:00,50.29152382078261
2025-06-12 06:11:00,35.1
2025-06-12 15:39:00,67.6
2025-06-12 09:47:00,3.9
2025-06-12 00:19:00,26.0
2025-06-12 13:53:00,65.3
2025-06-12 12:37:00,2.9
2025-06-12 04:21:00,90.0
2025-06-12 15:41:00,99.9
2025-06-12 10:32:00,24.0
2025-06-12 16:07:00,42.3
2025-06-12 23:58:00,15.5
2025-06-12 09:35:00,71.6
2025-06-12 13:46:00,59.7
2025-06-12 21:16:00,64.3
2025-06-12 16:53:00,69.2
2025-06-12 09:55:00,37.8
2025-06-12 20:33:00,22.8
2025-06-12 07:11:00,91.6
2025-06-12 01:43:00,62.1
2025-06-12 10:33:00,96.3
2025-06-12 10:26:00,0.7
2025-06-12 17:12:00,98.9
2025-06-12 15:00:00,91.2
2025-06-12 15:11:00,79.6
2025-06-12 12:07:00,62.6
2025-06-12 20:24:00,86.9
2025-06-12 00:05:00,70.1
2025-06-12 22:07:00,50.29152382078261
2025-06-12 18:27:00,45.1
2025-06-12 09:26:00,50.29152382078261
2025-06-12 11:25:00,26.8
2025-06-12 01:33:00,83.2
2025-06-12 14:30:00,50.29152382078261
2025-06-12 07:27:00,61.6
2025-06-12 14:09:00,50.29152382078261
2025-06-12 06:38:00,50.29152382078261
2025-06-12 04:53:00,15.8
2025-06-12 05:09:00,70.7
2025-06-12 22:15:00,50.29152382078261
2025-06-12 10:20:00,9.0
2025-06-12 17:54:00,7.0
2025-06-12 03:42:00,43.6
2025-06-12 09:45:00,9.8
2025-06-12 15:40:00,66.6
2025-06-12 02:52:00,50.29152382078261
2025-06-12 07:15:00,71.8
2025-06-12 07:50:00,50.29152382078261
2025-06-12 00:06:00,67.8
2025-06-12 02:23:00,31.5
2025-06-12 19:22:00,72.0
2025-06-12 16:27:00,30.0
2025-06-12 19:06:00,51.6
2025-06-12 15:30:00,98.3
2025-06-12 05:07:00,50.29152382078261
2025-06-12 03:41:00,21.7
2025-06-12 09:59:00,30.4
2025-06-12 04:39:00,50.29152382078261
2025-06-12 12:14:00,84.8
2025-06-12 11:26:00,50.29152382078261
2025-06-12 13:08:00,74.7
2025-06-12 07:06:00,52.4
2025-06-12 06:00:00,41.8
2025-06-12 04:10:00,60.6
2025-06-12 03:28:00,30.9
2025-06-12 02:30:00,47.4
2025-06-12 18:09:00,23.2
2025-06-12 13:09:00,61.1
2025-06-12 07:57:00,42.7
2025-06-12 22:16:00,93.4
2025-06-12 00:40:00,14.4
2025-06-12 12:48:00,19.4
2025-06-12 20:02:00,93.7
2025-06-12 17:33:00,78.2
2025-06-12 04:05:00,44.3
2025-06-12 12:25:00,64.6
2025-06-12 00:43:00,50.29152382078261
2025-06-12 21:13:00,27.4
2025-06-12 10:07:00,46.3
2025-06-12 21:07:00,45.4
2025-06-12 14:04:00,91.0
2025-06-12 18:17:00,50.29152382078261
2025-06-12 20:48:00,4.8
2025-06-12 18:19:00,37.9
2025-06-12 00:25:00,59.7
2025-06-12 08:55:00,50.0
2025-06-12 21:32:00,67.5
2025-06-12 09:17:00,50.29152382078261
2025-06-12 05:22:00,62.5
2025-06-12 09:37:00,19.6
2025-06-12 13:01:00,63.1
2025-06-12 21:10:00,10.2
2025-06-12 02:42:00,6.2
2025-06-12 07:18:00,50.29152382078261
2025-06-12 01:36:00,50.29152382078261
2025-06-12 02:11:00,47.3
2025-06-12 22:10:00,50.29152382078261
2025-06-12 19:37:00,52.0
2025-06-12 14:08:00,29.3
2025-06-12 01:47:00,10.3
2025-06-12 23:29:00,1.9
2025-06-12 09:58:00,44.5
2025-06-12 09:09:00,50.29152382078261
2025-06-12 03:46:00,66.6
2025-06-12 23:04:00,65.9
2025-06-12 20:25:00,63.4
2025-06-12 17:31:00,20.8
2025-06-12 17:03:00,47.2
2025-06-12 04:22:00,30.4
2025-06-12 10:39:00,34.8
2025-06-12 17:57:00,13.8
2025-06-12 01:27:00,50.29152382078261
2025-06-12 18:52:00,50.29152382078261
2025-06-12 02:07:00,25.9
2025-06-12 06:30:00,88.4
2025-06-12 01:38:00,99.3
2025-06-12 11:51:00,74.6
2025-06-12 21:36:00,32.3
2025-06-12 21:24:00,23.8
2025-06-12 02:59:00,65.2
2025-06-12 12:39:00,56.5
2025-06-12 10:22:00,3.0
2025-06-12 12:08:00,27.8
2025-06-12 21:27:00,69.6
2025-06-12 11:47:00,50.29152382078261
2025-06-12 00:20:00,50.29152382078261
2025-06-12 12:32:00,38.9
2025-06-12 20:58:00,62.1
2025-06-12 00:56:00,89.8
2025-06-12 03:24:00,50.29152382078261
2025-06-12 02:54:00,62.2
2025-06-12 19:48:00,46.4
2025-06-12 04:34:00,50.29152382078261
2025-06-12 13:17:00,50.29152382078261
2025-06-12 02:04:00,65.7
2025-06-12 14:24:00,62.2
2025-06-12 23:09:00,2.7
2025-06-12 23:26:00,33.0
2025-06-12 19:33:00,67.2
2025-06-12 08:43:00,50.29152382078261
2025-06-12 13:14:00,21.7
2025-06-12 09:15:00,11.0
2025-06-12 12:22:00,52.4
2025-06-12 14:11:00,50.29152382078261
2025-06-12 13:30:00,49.8
2025-06-12 19:57:00,50.29152382078261
2025-06-12 22:42:00,1.5
2025-06-12 03:30:00,36.6
2025-06-12 10:31:00,32.9
2025-06-12 07:10:00,64.8
2025-06-12 13:59:00,48.9
2025-06-12 12:28:00,62.0
2025-06-12 22:26:00,50.29152382078261
2025-06-12 22:55:00,62.3
2025-06-12 05:50:00,25.3
2025-06-12 20:45:00,20.9
2025-06-12 09:20:00,29.9
2025-06-12 11:55:00,88.6
2025-06-12 04:33:00,46.7
2025-06-12 09:57:00,35.1
2025-06-12 23:35:00,21.7
2025-06-12 10:06:00,74.0
2025-06-12 04:47:00,17.8
2025-06-12 10:05:00,76.4
2025-06-12 07:33:00,97.7
2025-06-12 08:14:00,50.29152382078261
2025-06-12 05:27:00,32.1
2025-06-12 22:59:00,50.29152382078261
2025-06-12 12:23:00,2.7
2025-06-12 09:56:00,51.1
2025-06-12 03:20:00,28.3
2025-06-12 03:26:00,11.1
2025-06-12 05:04:00,50.29152382078261
2025-06-12 07:40:00,30.0
2025-06-12 22:33:00,24.9
2025-06-12 04:14:00,50.29152382078261
2025-06-12 15:53:00,8.3
2025-06-12 03:01:00,53.3
2025-06-12 00:55:00,49.1
2025-06-12 03:44:00,65.0
2025-06-12 05:21:00,43.1
2025-06-12 10:14:00,44.6
2025-06-12 01:10:00,66.2
2025-06-12 23:01:00,29.3
2025-06-12 04:56:00,50.29152382078261
2025-06-12 16:37:00,17.4
2025-06-12 03:10:00,8.7
2025-06-12 14:10:00,22.9
2025-06-12 23:59:00,74.8
2025-06-12 19:34:00,97.8
2025-06-12 12:50:00,77.7
2025-06-12 00:09:00,50.29152382078261
2025-06-12 06:52:00,17.8
2025-06-12 09:52:00,7.7
2025-06-12 05:57:00,90.4
2025-06-12 19:23:00,50.29152382078261
2025-06-12 17:22:00,22.3
2025-06-12 22:54:00,81.0
2025-06-12 01:56:00,78.5
2025-06-12 11:00:00,8.5
2025-06-12 17:05:00,17.1
2025-06-12 18:12:00,25.3
2025-06-12 11:49:00,80.4
2025-06-12 01:59:00,67.9
2025-06-12 18:33:00,50.29152382078261
2025-06-12 22:58:00,61.9
2025-06-12 00:54:00,49.0
2025-06-12 17:37:00,33.7
2025-06-12 21:59:00,45.4
2025-06-12 23:47:00,45.9
2025-06-12 15:49:00,52.5
2025-06-12 07:20:00,50.29152382078261
2025-06-12 08:16:00,50.29152382078261
2025-06-12 18:04:00,99.4
2025-06-12 14:55:00,50.29152382078261
2025-06-12 02:37:00,85.8
2025-06-12 18:30:00,35.0
2025-06-12 03:09:00,20.1
2025-06-12 15:34:00,10.2
2025-06-12 02:03:00,72.3
2025-06-12 10:13:00,93.8
2025-06-12 00:02:00,50.29152382078261
2025-06-12 05:08:00,95.8
2025-06-12 11:13:00,63.1
2025-06-12 23:32:00,81.1
2025-06-12 12:41:00,48.0
2025-06-12 17:44:00,92.5
2025-06-12 06:12:00,15.9
2025-06-12 01:21:00,19.2
2025-06-12 15:56:00,52.1
2025-06-12 18:59:00,40.1
2025-06-12 07:16:00,62.5
2025-06-12 20:11:00,53.0
2025-06-12 01:34:00,99.9
2025-06-12 03:13:00,62.0
2025-06-12 12:16:00,60.3
2025-06-12 17:36:00,25.4
2025-06-12 09:10:00,90.2
2025-06-12 05:49:00,63.9
2025-06-12 07:54:00,1.9
2025-06-12 08:03:00,6.1
2025-06-12 20:00:00,50.29152382078261
2025-06-12 19:15:00,97.7
2025-06-12 07:14:00,73.5
2025-06-12 05:10:00,58.9
2025-06-12 14:07:00,19.0
2025-06-12 15:14:00,50.29152382078261
2025-06-12 18:55:00,81.3
2025-06-12 19:51:00,12.2
2025-06-12 06:04:00,50.15830883217688
2025-06-12 18:43:00,92.7
2025-06-12 14:58:00,2.2
2025-06-12 19:42:00,80.5
2025-06-12 12:01:00,45.4
2025-06-12 07:25:00,15.7
2025-06-12 02:08:00,51.5
2025-06-12 17:31:00,3.7
2025-06-12 07:43:00,27.7
2025-06-12 22:12:00,13.3
2025-06-12 06:26:00,97.1
2025-06-12 04:18:00,77.3
2025-06-12 12:13:00,36.1
2025-06-12 21:20:00,38.6
2025-06-12 04:30:00,50.15830883217688
2025-06-12 05:10:00,1.3
2025-06-12 12:22:00,14.3
2025-06-12 01:56:00,41.1
2025-06-12 08:52:00,16.9
2025-06-12 02:58:00,50.15830883217688
2025-06-12 05:36:00,39.3
2025-06-12 00:40:00,42.6
2025-06-12 02:13:00,78.1
2025-06-12 19:02:00,50.15830883217688
2025-06-12 23:22:00,50.15830883217688
2025-06-12 03:16:00,88.0
2025-06-12 14:13:00,13.0
2025-06-12 00:51:00,9.5
2025-06-12 09:50:00,77.8
2025-06-12 21:43:00,93.4
2025-06-12 08:48:00,50.15830883217688
2025-06-12 09:59:00,18.6
2025-06-12 05:32:00,41.0
2025-06-12 14:16:00,97.0
2025-06-12 05:45:00,50.15830883217688
2025-06-12 01:08:00,82.5
2025-06-12 11:18:00,92.6
2025-06-12 18:33:00,97.5
2025-06-12 09:54:00,50.15830883217688
2025-06-12 05:21:00,20.2
2025-06-12 14:33:00,81.9
2025-06-12 18:44:00,99.1
2025-06-12 07:07:00,89.1
2025-06-12 09:57:00,58.8
2025-06-12 23:27:00,50.15830883217688
2025-06-12 12:32:00,32.2
2025-06-12 03:36:00,61.3
2025-06-12 13:12:00,45.5
2025-06-12 06:25:00,50.15830883217688
2025-06-12 20:50:00,38.4
2025-06-12 20:45:00,50.15830883217688
2025-06-12 22:10:00,49.9
2025-06-12 22:16:00,30.9
2025-06-12 09:40:00,86.0
2025-06-12 02:31:00,64.6
2025-06-12 08:00:00,50.15830883217688
2025-06-12 19:12:00,46.1
2025-06-12 18:27:00,50.15830883217688
2025-06-12 08:03:00,80.5
2025-06-12 18:23:00,51.3
2025-06-12 18:15:00,75.9
2025-06-12 05:09:00,3.3
2025-06-12 17:39:00,38.9
2025-06-12 12:24:00,21.4
2025-06-12 03:51:00,50.15830883217688
2025-06-12 00:38:00,50.15830883217688
2025-06-12 07:13:00,14.9
2025-06-12 10:12:00,66.1
2025-06-12 15:33:00,50.3
2025-06-12 07:22:00,47.0
2025-06-12 01:04:00,78.0
2025-06-12 02:07:00,20.1
2025-06-12 06:21:00,45.8
2025-06-12 04:07:00,3.9
2025-06-12 14:53:00,16.8
2025-06-12 23:39:00,74.7
2025-06-12 08:26:00,63.8
2025-06-12 02:42:00,59.2
2025-06-12 06:53:00,54.9
2025-06-12 16:42:00,72.1
2025-06-12 12:17:00,50.15830883217688
2025-06-12 19:01:00,37.4
2025-06-12 06:40:00,62.4
2025-06-12 07:42:00,12.0
2025-06-12 18:07:00,0.6
2025-06-12 16:51:00,90.6
2025-06-12 04:23:00,45.8
2025-06-12 04:04:00,99.9
2025-06-12 22:59:00,97.5
2025-06-12 05:18:00,28.4
2025-06-12 17:12:00,61.7
2025-06-12 18:47:00,89.4
2025-06-12 18:51:00,93.9
2025-06-12 19:18:00,99.0
2025-06-12 05:48:00,71.1
2025-06-12 06:16:00,50.15830883217688
2025-06-12 05:22:00,50.15830883217688
2025-06-12 05:54:00,37.3
2025-06-12 18:10:00,8.6
2025-06-12 12:33:00,6.2
2025-06-12 21:25:00,19.9
2025-06-12 10:57:00,50.15830883217688
2025-06-12 22:20:00,44.5
2025-06-12 12:50:00,33.6
2025-06-12 00:11:00,47.2
2025-06-12 04:45:00,74.4
2025-06-12 13:55:00,4.5
2025-06-12 06:28:00,66.8
2025-06-12 03:10:00,10.3
2025-06-12 23:28:00,75.7
2025-06-12 04:58:00,59.4
2025-06-12 03:41:00,79.7
2025-06-12 21:08:00,58.0
2025-06-12 20:42:00,28.6
2025-06-12 21:04:00,50.15830883217688
2025-06-12 13:35:00,34.0
2025-06-12 04:10:00,55.2
2025-06-12 13:16:00,8.4
2025-06-12 07:20:00,43.1
2025-06-12 18:06:00,66.5
2025-06-12 07:14:00,65.5
2025-06-12 13:47:00,28.7
2025-06-12 03:01:00,51.8
2025-06-12 21:50:00,7.9
2025-06-12 07:28:00,97.7
2025-06-12 07:00:00,15.9
2025-06-12 23:51:00,1.3
2025-06-12 06:45:00,8.0
2025-06-12 11:31:00,61.8
2025-06-12 01:10:00,5.6
2025-06-12 05:42:00,6.1
2025-06-12 16:39:00,48.3
2025-06-12 21:58:00,30.6
2025-06-12 17:36:00,95.8
2025-06-12 09:30:00,36.7
2025-06-12 20:49:00,55.7
2025-06-12 09:32:00,50.15830883217688
2025-06-12 00:28:00,50.15830883217688
2025-06-12 10:29:00,24.6
2025-06-12 16:46:00,67.8
2025-06-12 07:16:00,50.15830883217688
2025-06-12 03:05:00,42.7
2025-06-12 16:08:00,90.8
2025-06-12 02:22:00,24.2
2025-06-12 00:13:00,56.2
2025-06-12 07:56:00,38.5
2025-06-12 22:50:00,85.0
2025-06-12 23:36:00,92.8
2025-06-12 01:35:00,32.3
2025-06-12 09:29:00,84.9
2025-06-12 16:20:00,15.5
2025-06-12 11:39:00,46.7
2025-06-12 23:05:00,81.7
2025-06-12 10:48:00,50.15830883217688
2025-06-12 07:17:00,29.5
2025-06-12 00:21:00,62.4
2025-06-12 17:18:00,79.7
2025-06-12 17:33:00,90.8
2025-06-12 10:14:00,3.2
2025-06-12 17:00:00,8.8
2025-06-12 07:46:00,74.6
2025-06-12 05:15:00,33.4
2025-06-12 15:08:00,60.7
2025-06-12 00:18:00,95.0
2025-06-12 13:11:00,49.3
2025-06-12 19:23:00,50.15830883217688
2025-06-12 17:28:00,44.9
2025-06-12 16:15:00,25.8
2025-06-12 06:55:00,96.6
2025-06-12 00:29:00,59.5
2025-06-12 21:32:00,50.15830883217688
2025-06-12 22:39:00,77.9
2025-06-12 01:32:00,83.5
2025-06-12 15:16:00,97.0
2025-06-12 04:06:00,14.3
2025-06-12 20:56:00,86.7
2025-06-12 14:00:00,84.5
2025-06-12 08:39:00,58.1
2025-06-12 23:49:00,29.2
2025-06-12 07:24:00,92.2
2025-06-12 20:48:00,54.5
2025-06-12 17:05:00,98.8
2025-06-12 19:17:00,12.3
2025-06-12 20:18:00,50.15830883217688
2025-06-12 17:19:00,50.15830883217688
2025-06-12 18:36:00,22.0
2025-06-12 08:49:00,43.4
2025-06-12 18:45:00,48.1
2025-06-12 00:50:00,79.5
2025-06-12 10:23:00,41.1
2025-06-12 14:19:00,71.0
2025-06-12 01:18:00,55.1
2025-06-12 17:35:00,50.15830883217688
2025-06-12 19:56:00,57.2
2025-06-12 22:52:00,92.8
2025-06-12 06:42:00,84.5
2025-06-12 20:28:00,84.2
2025-06-12 04:28:00,25.8
2025-06-12 05:07:00,50.15830883217688
2025-06-12 16:02:00,43.5
2025-06-12 10:32:00,74.3
2025-06-12 12:56:00,9.7
2025-06-12 11:11:00,2.9
2025-06-12 08:15:00,70.0
2025-06-12 06:13:00,50.15830883217688
2025-06-12 09:51:00,78.8
2025-06-12 19:55:00,59.5
2025-06-12 01:46:00,90.1
2025-06-12 01:44:00,46.2
2025-06-12 11:57:00,39.2
2025-06-12 23:29:00,6.6
2025-06-12 20:43:00,39.8
2025-06-12 03:06:00,50.15830883217688
2025-06-12 12:59:00,8.4
2025-06-12 03:20:00,69.2
2025-06-12 12:16:00,50.15830883217688
2025-06-12 05:28:00,86.4
2025-06-12 07:59:00,90.7
2025-06-12 22:28:00,64.9
2025-06-12 21:52:00,66.7
2025-06-12 03:38:00,54.0
2025-06-12 21:10:00,1.3
2025-06-12 00:33:00,43.6
2025-06-12 19:31:00,59.0
2025-06-12 03:46:00,50.15830883217688
2025-06-12 22:47:00,48.5
2025-06-12 17:14:00,83.4
2025-06-12 08:18:00,61.7
2025-06-12 20:35:00,6.5
2025-06-12 06:18:00,80.5
2025-06-12 09:18:00,86.3
2025-06-12 09:05:00,37.2
2025-06-12 21:28:00,39.2
2025-06-12 13:57:00,40.0
2025-06-12 21:18:00,75.4
2025-06-12 14:50:00,98.8
2025-06-12 17:03:00,56.9
2025-06-12 19:33:00,72.5
2025-06-12 01:06:00,37.6
2025-06-12 04:56:00,50.15830883217688
2025-06-12 11:16:00,50.15830883217688
2025-06-12 22:05:00,30.0
2025-06-12 11:33:00,69.3
2025-06-12 03:34:00,32.8
2025-06-12 16:17:00,16.6
2025-06-12 13:31:00,50.15830883217688
2025-06-12 05:44:00,12.8
2025-06-12 08:58:00,28.3
2025-06-12 17:52:00,66.4
2025-06-12 19:35:00,27.1
2025-06-12 04:14:00,97.5
2025-06-12 03:23:00,85.2
2025-06-12 19:03:00,4.7
2025-06-12 06:12:00,50.15830883217688
2025-06-12 07:09:00,81.9
2025-06-12 06:09:00,86.8
2025-06-12 01:30:00,17.4
2025-06-12 15:42:00,50.15830883217688
2025-06-12 12:03:00,59.8
2025-06-12 11:43:00,50.15830883217688
2025-06-12 05:27:00,25.2
2025-06-12 10:03:00,70.5
2025-06-12 13:37:00,85.5
2025-06-12 08:55:00,97.2
2025-06-12 10:09:00,22.4
2025-06-12 19:45:00,8.3
2025-06-12 11:07:00,50.15830883217688
2025-06-12 15:15:00,82.9
2025-06-12 06:44:00,61.0
2025-06-12 15:32:00,75.3
2025-06-12 19:38:00,69.4
2025-06-12 03:17:00,42.9
2025-06-12 00:44:00,45.2
2025-06-12 13:54:00,50.15830883217688
2025-06-12 01:07:00,92.1
2025-06-12 09:04:00,83.2
2025-06-12 03:12:00,89.1
2025-06-12 06:05:00,40.7
2025-06-12 19:19:00,68.8
2025-06-12 05:57:00,92.9
2025-06-12 06:46:00,50.15830883217688
2025-06-12 08:10:00,94.9
2025-06-12 08:36:00,81.2
2025-06-12 21:41:00,42.3
2025-06-12 23:53:00,46.9
2025-06-12 09:27:00,16.9
2025-06-12 19:13:00,52.2
2025-06-12 05:59:00,85.0
2025-06-12 07:21:00,29.6
2025-06-12 09:11:00,15.9
2025-06-12 20:36:00,12.8
2025-06-12 06:19:00,76.9
2025-06-12 00:42:00,63.4
2025-06-12 03:22:00,98.4
2025-06-12 14:02:00,32.1
2025-06-12 10:06:00,3.4
2025-06-12 18:39:00,51.2
2025-06-12 13:06:00,36.5
2025-06-12 21:22:00,61.6
2025-06-12 02:30:00,31.5
2025-06-12 10:44:00,68.5
2025-06-12 02:12:00,4.6
2025-06-12 13:43:00,50.5
2025-06-12 03:18:00,50.8
2025-06-12 08:57:00,75.9
2025-06-12 07:11:00,19.9
2025-06-12 22:45:00,20.9
2025-06-12 14:51:00,83.4
2025-06-12 13:17:00,50.05645730416373
2025-06-12 18:18:00,47.7
2025-06-12 10:43:00,52.3
2025-06-12 01:47:00,36.0
2025-06-12 10:14:00,62.1
2025-06-12 09:55:00,50.05645730416373
2025-06-12 07:00:00,40.3
2025-06-12 14:13:00,1.5
2025-06-12 11:30:00,25.3
2025-06-12 08:54:00,80.8
2025-06-12 17:34:00,80.2
2025-06-12 22:40:00,64.2
2025-06-12 06:13:00,88.4
2025-06-12 03:56:00,41.7
2025-06-12 02:16:00,17.3
2025-06-12 04:16:00,47.6
2025-06-12 21:14:00,7.9
2025-06-12 07:05:00,50.05645730416373
2025-06-12 01:50:00,41.1
2025-06-12 23:32:00,9.2
2025-06-12 11:52:00,28.0
2025-06-12 23:50:00,47.1
2025-06-12 15:22:00,3.9
2025-06-12 16:00:00,87.0
2025-06-12 00:44:00,73.7
2025-06-12 16:10:00,72.3
2025-06-12 14:14:00,5.2
2025-06-12 19:45:00,55.2
2025-06-12 02:54:00,50.05645730416373
2025-06-12 22:42:00,81.9
2025-06-12 12:02:00,50.05645730416373
2025-06-12 18:55:00,50.05645730416373
2025-06-12 18:44:00,50.9
2025-06-12 02:50:00,25.6
2025-06-12 10:27:00,50.05645730416373
2025-06-12 10:45:00,58.5
2025-06-12 15:17:00,36.6
2025-06-12 08:28:00,17.8
2025-06-12 11:45:00,45.4
2025-06-12 03:12:00,42.9
2025-06-12 23:58:00,50.05645730416373
2025-06-12 22:56:00,64.3
2025-06-12 22:08:00,31.8
2025-06-12 20:29:00,50.05645730416373
2025-06-12 06:22:00,85.3
2025-06-12 00:47:00,37.4
2025-06-12 00:35:00,79.9
2025-06-12 14:30:00,47.9
2025-06-12 21:49:00,69.3
2025-06-12 20:49:00,50.05645730416373
2025-06-12 14:47:00,68.6
2025-06-12 23:07:00,17.7
2025-06-12 06:52:00,59.1
2025-06-12 19:24:00,75.8
2025-06-12 02:09:00,68.1
2025-06-12 12:27:00,58.4
2025-06-12 20:22:00,50.05645730416373
2025-06-12 06:17:00,50.05645730416373
2025-06-12 20:32:00,56.9
2025-06-12 17:01:00,85.7
2025-06-12 04:06:00,19.9
2025-06-12 12:23:00,41.1
2025-06-12 06:39:00,57.0
2025-06-12 03:51:00,44.6
2025-06-12 13:08:00,73.1
2025-06-12 04:37:00,90.5
2025-06-12 04:25:00,30.6
2025-06-12 11:03:00,26.9
2025-06-12 03:21:00,76.1
2025-06-12 22:24:00,69.7
2025-06-12 03:09:00,83.9
2025-06-12 22:20:00,30.9
2025-06-12 12:04:00,22.5
2025-06-12 22:15:00,28.7
2025-06-12 23:30:00,80.1
2025-06-12 22:01:00,93.3
2025-06-12 21:06:00,50.05645730416373
2025-06-12 01:33:00,17.5
2025-06-12 04:48:00,47.1
2025-06-12 19:34:00,99.7
2025-06-12 18:17:00,39.3
2025-06-12 11:25:00,24.8
2025-06-12 14:42:00,97.3
2025-06-12 03:11:00,39.1
2025-06-12 16:29:00,50.05645730416373
2025-06-12 06:33:00,50.05645730416373
2025-06-12 22:09:00,50.05645730416373
2025-06-12 18:16:00,94.8
2025-06-12 03:16:00,60.1
2025-06-12 16:36:00,31.6
2025-06-12 18:32:00,95.5
2025-06-12 17:30:00,60.3
2025-06-12 22:29:00,64.7
2025-06-12 09:17:00,25.1
2025-06-12 11:59:00,50.05645730416373
2025-06-12 10:26:00,26.4
2025-06-12 16:40:00,76.3
2025-06-12 09:07:00,80.2
2025-06-12 12:06:00,19.2
2025-06-12 18:47:00,22.2
2025-06-12 11:11:00,43.6
2025-06-12 04:07:00,73.9
2025-06-12 17:40:00,95.8
2025-06-12 08:37:00,93.6
2025-06-12 01:11:00,43.6
2025-06-12 21:34:00,60.1
2025-06-12 16:20:00,23.2
2025-06-12 12:52:00,5.3
2025-06-12 17:38:00,12.7
2025-06-12 14:44:00,49.5
2025-06-12 13:14:00,50.05645730416373
2025-06-12 08:16:00,86.4
2025-06-12 13:28:00,20.4
2025-06-12 05:41:00,13.8
2025-06-12 08:17:00,51.2
2025-06-12 03:20:00,72.6
2025-06-12 14:57:00,50.05645730416373
2025-06-12 05:37:00,37.0
2025-06-12 15:53:00,64.5
2025-06-12 11:01:00,2.8
2025-06-12 07:10:00,47.0
2025-06-12 11:43:00,93.3
2025-06-12 20:31:00,91.6
2025-06-12 09:56:00,13.4
2025-06-12 05:58:00,95.3
2025-06-12 14:20:00,50.05645730416373
2025-06-12 01:38:00,6.6
2025-06-12 05:17:00,56.3
2025-06-12 02:44:00,92.7
2025-06-12 08:43:00,49.2
2025-06-12 19:17:00,55.5
2025-06-12 23:23:00,97.4
2025-06-12 13:35:00,11.6
2025-06-12 23:13:00,87.8
2025-06-12 16:39:00,15.8
2025-06-12 02:34:00,61.3
2025-06-12 07:25:00,51.6
2025-06-12 12:49:00,21.9
2025-06-12 08:21:00,29.2
2025-06-12 18:58:00,11.3
2025-06-12 07:38:00,47.9
2025-06-12 15:39:00,9.5
2025-06-12 07:45:00,7.9
2025-06-12 03:01:00,16.4
2025-06-12 18:00:00,59.3
2025-06-12 14:03:00,16.5
2025-06-12 12:39:00,28.2
2025-06-12 01:13:00,50.05645730416373
2025-06-12 04:33:00,50.05645730416373
2025-06-12 04:13:00,89.7
2025-06-12 06:29:00,32.8
2025-06-12 14:23:00,20.3
2025-06-12 02:31:00,50.05645730416373
2025-06-12 07:04:00,68.8
2025-06-12 06:35:00,33.6
2025-06-12 16:19:00,85.4
2025-06-12 08:30:00,50.05645730416373
2025-06-12 10:00:00,77.8
2025-06-12 04:40:00,50.05645730416373
2025-06-12 21:05:00,15.9
2025-06-12 15:59:00,92.1
2025-06-12 01:42:00,87.2
2025-06-12 01:56:00,60.1
2025-06-12 20:13:00,31.1
2025-06-12 13:21:00,63.3
2025-06-12 21:33:00,5.1
2025-06-12 00:07:00,38.8
2025-06-12 19:42:00,50.05645730416373
2025-06-12 01:21:00,31.6
2025-06-12 08:42:00,28.7
2025-06-12 18:43:00,35.9
2025-06-12 09:48:00,49.7
2025-06-12 19:00:00,43.5
2025-06-12 15:18:00,50.05645730416373
2025-06-12 07:54:00,50.05645730416373
2025-06-12 19:23:00,35.4
2025-06-12 11:26:00,12.4
2025-06-12 03:14:00,21.6
2025-06-12 05:16:00,71.8
2025-06-12 21:47:00,74.7
2025-06-12 14:08:00,50.05645730416373
2025-06-12 22:50:00,38.4
2025-06-12 22:07:00,80.3
2025-06-12 18:41:00,1.9
2025-06-12 15:51:00,50.05645730416373
2025-06-12 15:52:00,69.5
2025-06-12 19:26:00,50.05645730416373
2025-06-12 08:22:00,68.0
2025-06-12 16:41:00,50.05645730416373
2025-06-12 00:52:00,2.8
2025-06-12 00:22:00,50.05645730416373
2025-06-12 09:16:00,83.5
2025-06-12 04:11:00,97.0
2025-06-12 09:35:00,27.4
2025-06-12 01:15:00,35.3
2025-06-12 09:37:00,71.5
2025-06-12 00:10:00,76.5
2025-06-12 06:58:00,90.1
2025-06-12 11:41:00,58.3
2025-06-12 20:53:00,0.7
2025-06-12 05:19:00,18.9
2025-06-12 16:54:00,50.05645730416373
2025-06-12 11:37:00,27.3
2025-06-12 14:28:00,50.05645730416373
2025-06-12 21:19:00,67.6
2025-06-12 19:21:00,46.6
2025-06-12 06:28:00,37.3
2025-06-12 01:48:00,67.8
2025-06-12 03:50:00,50.05645730416373
2025-06-12 21:04:00,98.1
2025-06-12 18:56:00,73.2
2025-06-12 21:43:00,58.7
2025-06-12 18:21:00,32.7
2025-06-12 13:15:00,61.5
2025-06-12 23:41:00,21.4
2025-06-12 05:51:00,16.5
2025-06-12 06:20:00,87.4
2025-06-12 13:05:00,56.6
2025-06-12 00:23:00,27.6
2025-06-12 18:39:00,56.5
2025-06-12 18:28:00,91.5
2025-06-12 02:57:00,50.05645730416373
2025-06-12 07:16:00,86.9
2025-06-12 00:14:00,4.7
2025-06-12 21:22:00,48.2
2025-06-12 04:08:00,18.3
2025-06-12 18:11:00,8.6
2025-06-12 10:38:00,1.2
2025-06-12 03:54:00,12.2
2025-06-12 00:01:00,89.9
2025-06-12 16:08:00,50.05645730416373
2025-06-12 10:11:00,39.3
2025-06-12 22:21:00,64.9
2025-06-12 23:57:00,7.1
2025-06-12 17:27:00,15.5
2025-06-12 16:52:00,75.6
2025-06-12 05:04:00,77.5
2025-06-12 01:23:00,63.1
2025-06-12 03:15:00,0.9
2025-06-12 03:52:00,50.05645730416373
2025-06-12 15:45:00,9.9
2025-06-12 23:29:00,50.05645730416373
2025-06-12 02:10:00,92.8
2025-06-12 23:53:00,58.2
2025-06-12 02:33:00,38.7
2025-06-12 03:57:00,50.05645730416373
2025-06-12 01:03:00,28.1
2025-06-12 20:25:00,72.1
2025-06-12 00:02:00,61.0
2025-06-12 19:15:00,24.9
2025-06-12 15:25:00,43.3
2025-06-12 07:07:00,73.3
2025-06-12 06:54:00,62.9
2025-06-12 16:18:00,60.1
2025-06-12 02:00:00,9.8
2025-06-12 23:02:00,50.05645730416373
2025-06-12 12:09:00,77.7
2025-06-12 19:58:00,28.4
2025-06-12 06:37:00,64.6
2025-06-12 15:44:00,40.8
2025-06-12 13:53:00,14.8
2025-06-12 11:07:00,28.6
2025-06-12 09:25:00,64.2
2025-06-12 15:35:00,31.3
2025-06-12 09:38:00,56.2
2025-06-12 00:36:00,3.7
2025-06-12 21:23:00,50.05645730416373
2025-06-12 23:42:00,67.8
2025-06-12 15:19:00,26.2
2025-06-12 03:04:00,37.7
2025-06-12 23:11:00,28.0
2025-06-12 20:58:00,66.4
2025-06-12 01:17:00,70.7
2025-06-12 06:19:00,59.1
2025-06-12 11:19:00,3.8
2025-06-12 05:57:00,7.9
2025-06-12 11:18:00,67.6
2025-06-12 18:03:00,34.8
2025-06-12 06:08:00,23.2
2025-06-12 11:02:00,50.05645730416373
2025-06-12 15:03:00,50.05645730416373
2025-06-12 17:08:00,50.05645730416373
2025-06-12 05:49:00,36.4
2025-06-12 02:58:00,64.5
2025-06-12 12:45:00,8.0
2025-06-12 11:05:00,21.4
2025-06-12 03:36:00,98.7
2025-06-12 21:25:00,55.2
2025-06-12 20:38:00,96.6
2025-06-12 14:18:00,24.1
2025-06-12 02:36:00,50.05645730416373
2025-06-12 19:36:00,68.1
2025-06-12 00:38:00,27.5
2025-06-12 22:28:00,99.1
2025-06-12 15:58:00,11.3
2025-06-12 15:50:00,85.0
2025-06-12 12:35:00,14.6
2025-06-12 13:09:00,87.8
2025-06-12 08:13:00,15.2
2025-06-12 01:51:00,43.3
2025-06-12 10:47:00,20.5
2025-06-12 16:04:00,10.8
2025-06-12 23:39:00,69.0
2025-06-12 05:39:00,40.8
2025-06-12 05:08:00,29.4
2025-06-12 08:27:00,38.3
2025-06-12 21:44:00,1.1
2025-06-12 10:24:00,20.3
2025-06-12 17:41:00,71.1
2025-06-12 14:58:00,49.90502819548872
2025-06-12 12:45:00,95.3
2025-06-12 01:00:00,84.1
2025-06-12 12:12:00,42.1
2025-06-12 12:34:00,49.90502819548872
2025-06-12 20:12:00,5.9
2025-06-12 08:58:00,98.1
2025-06-12 07:12:00,44.1
2025-06-12 13:03:00,5.7
2025-06-12 15:14:00,83.2
2025-06-12 15:48:00,26.8
2025-06-12 04:23:00,19.6
2025-06-12 18:24:00,72.0
2025-06-12 22:15:00,61.1
2025-06-12 01:28:00,28.3
2025-06-12 01:44:00,52.4
2025-06-12 07:32:00,49.90502819548872
2025-06-12 19:17:00,54.5
2025-06-12 10:51:00,49.0
2025-06-12 01:03:00,94.7
2025-06-12 22:46:00,5.8
2025-06-12 09:21:00,57.3
2025-06-12 22:39:00,49.90502819548872
2025-06-12 20:49:00,49.90502819548872
2025-06-12 14:40:00,68.5
2025-06-12 13:42:00,59.4
2025-06-12 02:08:00,62.5
2025-06-12 20:22:00,90.5
2025-06-12 03:35:00,49.90502819548872
2025-06-12 22:11:00,42.9
2025-06-12 03:50:00,11.8
2025-06-12 01:34:00,49.90502819548872
2025-06-12 16:35:00,27.7
2025-06-12 10:12:00,1.3
2025-06-12 01:05:00,14.2
2025-06-12 11:20:00,24.9
2025-06-12 08:32:00,53.2
2025-06-12 19:23:00,50.0
2025-06-12 09:29:00,42.7
2025-06-12 15:42:00,5.4
2025-06-12 09:34:00,76.8
2025-06-12 22:42:00,61.5
2025-06-12 14:06:00,11.8
2025-06-12 23:34:00,9.1
2025-06-12 10:14:00,49.90502819548872
2025-06-12 20:55:00,46.5
2025-06-12 10:42:00,4.5
2025-06-12 13:53:00,61.0
2025-06-12 23:11:00,84.9
2025-06-12 12:33:00,73.8
2025-06-12 09:47:00,33.7
2025-06-12 09:12:00,57.8
2025-06-12 06:18:00,49.90502819548872
2025-06-12 06:19:00,3.5
2025-06-12 17:23:00,49.90502819548872
2025-06-12 16:01:00,1.6
2025-06-12 07:03:00,27.1
2025-06-12 16:02:00,49.90502819548872
2025-06-12 16:40:00,85.6
2025-06-12 00:02:00,80.8
2025-06-12 07:08:00,58.9
2025-06-12 00:44:00,75.4
2025-06-12 05:55:00,47.0
2025-06-12 16:36:00,44.6
2025-06-12 04:49:00,8.4
2025-06-12 16:57:00,60.3
2025-06-12 14:24:00,23.3
2025-06-12 01:46:00,79.6
2025-06-12 09:08:00,63.1
2025-06-12 08:12:00,78.5
2025-06-12 12:20:00,46.3
2025-06-12 09:55:00,49.90502819548872
2025-06-12 21:01:00,52.9
2025-06-12 00:57:00,39.7
2025-06-12 19:50:00,70.0
2025-06-12 03:20:00,3.4
2025-06-12 15:07:00,49.90502819548872
2025-06-12 16:56:00,60.5
2025-06-12 04:25:00,49.90502819548872
2025-06-12 02:06:00,64.5
2025-06-12 03:38:00,49.90502819548872
2025-06-12 14:07:00,49.90502819548872
2025-06-12 19:48:00,5.0
2025-06-12 20:25:00,86.4
2025-06-12 04:50:00,34.5
2025-06-12 15:54:00,3.5
2025-06-12 19:42:00,89.7
2025-06-12 23:16:00,49.90502819548872
2025-06-12 14:37:00,3.3
2025-06-12 23:47:00,92.9
2025-06-12 05:43:00,19.6
2025-06-12 02:38:00,4.6
2025-06-12 20:26:00,68.1
2025-06-12 21:22:00,76.8
2025-06-12 08:27:00,80.0
2025-06-12 19:15:00,23.4
2025-06-12 11:53:00,51.7
2025-06-12 07:25:00,72.5
2025-06-12 17:34:00,39.0
2025-06-12 19:26:00,28.9
2025-06-12 03:22:00,80.8
2025-06-12 17:56:00,51.3
2025-06-12 11:03:00,49.90502819548872
2025-06-12 07:13:00,15.1
2025-06-12 01:33:00,89.1
2025-06-12 19:45:00,23.0
2025-06-12 20:51:00,17.6
2025-06-12 22:24:00,53.9
2025-06-12 14:18:00,89.2
2025-06-12 19:22:00,94.1
2025-06-12 06:26:00,49.90502819548872
2025-06-12 19:08:00,67.7
2025-06-12 18:41:00,94.7
2025-06-12 22:36:00,11.6
2025-06-12 05:40:00,29.1
2025-06-12 10:21:00,66.4
2025-06-12 11:59:00,59.1
2025-06-12 09:23:00,76.8
2025-06-12 19:24:00,92.2
2025-06-12 22:38:00,49.90502819548872
2025-06-12 15:09:00,29.7
2025-06-12 18:23:00,41.9
2025-06-12 18:59:00,49.90502819548872
2025-06-12 02:40:00,24.7
2025-06-12 19:31:00,9.3
2025-06-12 03:15:00,94.4
2025-06-12 12:02:00,70.4
2025-06-12 06:06:00,19.9
2025-06-12 06:36:00,86.0
2025-06-12 18:05:00,8.0
2025-06-12 10:05:00,49.90502819548872
2025-06-12 19:09:00,59.6
2025-06-12 16:05:00,97.6
2025-06-12 20:53:00,98.9
2025-06-12 09:39:00,49.90502819548872
2025-06-12 00:35:00,86.2
2025-06-12 05:13:00,54.4
2025-06-12 03:27:00,73.6
2025-06-12 17:07:00,84.0
2025-06-12 21:57:00,96.1
2025-06-12 10:55:00,89.4
2025-06-12 08:56:00,99.1
2025-06-12 18:46:00,47.0
2025-06-12 05:10:00,42.3
2025-06-12 06:01:00,14.4
2025-06-12 02:43:00,21.8
2025-06-12 22:13:00,29.3
2025-06-12 19:59:00,49.90502819548872
2025-06-12 22:43:00,92.5
2025-06-12 17:26:00,49.90502819548872
2025-06-12 19:13:00,32.2
2025-06-12 17:05:00,85.0
2025-06-12 10:20:00,4.0
2025-06-12 15:27:00,14.3
2025-06-12 08:43:00,36.1
2025-06-12 06:42:00,13.9
2025-06-12 09:44:00,31.6
2025-06-12 05:35:00,50.1
2025-06-12 21:04:00,11.3
2025-06-12 15:33:00,49.90502819548872
2025-06-12 09:46:00,49.90502819548872
2025-06-12 06:38:00,68.9
2025-06-12 02:10:00,29.8
2025-06-12 01:14:00,33.0
2025-06-12 03:02:00,24.5
2025-06-12 05:17:00,49.90502819548872
2025-06-12 05:23:00,49.90502819548872
2025-06-12 00:52:00,87.9
2025-06-12 08:17:00,83.2
2025-06-12 17:38:00,88.8
2025-06-12 00:22:00,90.2
2025-06-12 19:38:00,3.8
2025-06-12 06:12:00,88.0
2025-06-12 21:02:00,49.90502819548872
2025-06-12 23:18:00,61.2
2025-06-12 12:53:00,76.6
2025-06-12 20:38:00,63.0
2025-06-12 20:08:00,33.5
2025-06-12 13:20:00,0.2
2025-06-12 11:21:00,6.7
2025-06-12 11:48:00,16.2
2025-06-12 03:54:00,53.7
2025-06-12 01:18:00,13.2
2025-06-12 06:09:00,30.3
2025-06-12 15:55:00,19.5
2025-06-12 02:00:00,58.7
2025-06-12 16:54:00,60.3
2025-06-12 05:47:00,37.7
2025-06-12 01:11:00,80.8
2025-06-12 12:59:00,52.2
2025-06-12 10:23:00,32.6
2025-06-12 21:45:00,8.5
2025-06-12 10:11:00,49.90502819548872
2025-06-12 19:53:00,62.2
2025-06-12 05:01:00,41.8
2025-06-12 17:03:00,52.2
2025-06-12 19:30:00,29.7
2025-06-12 20:14:00,84.5
2025-06-12 20:50:00,48.0
2025-06-12 18:20:00,49.6
2025-06-12 21:56:00,39.3
2025-06-12 11:45:00,54.0
2025-06-12 13:05:00,15.3
2025-06-12 00:54:00,41.9
2025-06-12 20:01:00,96.3
2025-06-12 13:55:00,41.0
2025-06-12 23:57:00,70.0
2025-06-12 05:07:00,30.4
2025-06-12 22:50:00,88.9
2025-06-12 15:03:00,76.1
2025-06-12 20:16:00,70.5
2025-06-12 02:19:00,1.1
2025-06-12 08:04:00,35.3
2025-06-12 10:10:00,76.7
2025-06-12 11:30:00,76.4
2025-06-12 18:01:00,35.7
2025-06-12 15:18:00,25.3
2025-06-12 02:53:00,32.0
2025-06-12 06:02:00,55.0
2025-06-12 08:30:00,12.0
2025-06-12 15:17:00,8.4
2025-06-12 13:39:00,90.4
2025-06-12 16:28:00,83.9
2025-06-12 22:06:00,43.5
2025-06-12 22:00:00,49.90502819548872
2025-06-12 18:18:00,28.0
2025-06-12 07:07:00,49.90502819548872
2025-06-12 05:08:00,14.6
2025-06-12 23:26:00,11.5
2025-06-12 13:06:00,49.90502819548872
2025-06-12 03:29:00,29.2
2025-06-12 20:34:00,14.8
2025-06-12 22:44:00,75.1
2025-06-12 02:09:00,7.9
2025-06-12 01:15:00,49.90502819548872
2025-06-12 05:21:00,75.3
2025-06-12 17:54:00,45.7
2025-06-12 20:39:00,81.0
2025-06-12 06:31:00,49.90502819548872
2025-06-12 02:17:00,64.6
2025-06-12 17:14:00,32.9
2025-06-12 21:36:00,49.90502819548872
2025-06-12 12:52:00,57.0
2025-06-12 02:24:00,9.7
2025-06-12 21:49:00,49.90502819548872
2025-06-12 02:32:00,44.1
2025-06-12 00:27:00,47.6
2025-06-12 10:53:00,68.1
2025-06-12 19:57:00,40.3
2025-06-12 11:02:00,68.4
2025-06-12 23:58:00,87.2
2025-06-12 01:24:00,97.7
2025-06-12 22:54:00,56.3
2025-06-12 13:57:00,0.2
2025-06-12 15:34:00,19.2
2025-06-12 11:58:00,82.2
2025-06-12 09:24:00,57.9
2025-06-12 20:18:00,5.3
2025-06-12 10:43:00,35.4
2025-06-12 16:12:00,69.0
2025-06-12 21:25:00,44.3
2025-06-12 19:10:00,63.8
2025-06-12 22:58:00,34.0
2025-06-12 23:10:00,78.5
2025-06-12 16:32:00,71.4
2025-06-12 13:56:00,16.0
2025-06-12 20:06:00,19.3
2025-06-12 23:28:00,14.6
2025-06-12 11:17:00,49.90502819548872
2025-06-12 23:45:00,59.9
2025-06-12 03:00:00,51.9
2025-06-12 11:55:00,49.90502819548872
2025-06-12 08:33:00,7.2
2025-06-12 09:02:00,49.90502819548872
2025-06-12 09:26:00,3.9
2025-06-12 01:27:00,86.2
2025-06-12 00:43:00,35.6
2025-06-12 19:11:00,91.5
2025-06-12 03:44:00,52.7
2025-06-12 14:43:00,76.5
2025-06-12 01:04:00,49.90502819548872
2025-06-12 20:14:00,65.6
2025-06-12 14:43:00,80.8
2025-06-12 21:44:00,50.475078938135894
2025-06-12 02:21:00,40.3
2025-06-12 19:06:00,99.2
2025-06-12 16:14:00,85.5
2025-06-12 15:40:00,62.3
2025-06-12 22:29:00,66.5
2025-06-12 15:26:00,6.3
2025-06-12 12:54:00,76.2
2025-06-12 11:24:00,66.9
2025-06-12 19:12:00,85.2
2025-06-12 03:03:00,38.7
2025-06-12 16:23:00,32.4
2025-06-12 06:12:00,13.2
2025-06-12 06:57:00,73.6
2025-06-12 15:06:00,94.2
2025-06-12 17:38:00,50.475078938135894
2025-06-12 16:16:00,32.4
2025-06-12 01:52:00,73.6
2025-06-12 06:02:00,20.2
2025-06-12 02:10:00,50.475078938135894
2025-06-12 12:52:00,67.8
2025-06-12 18:41:00,64.1
2025-06-12 05:46:00,50.475078938135894
2025-06-12 01:08:00,65.7
2025-06-12 04:32:00,94.7
2025-06-12 01:04:00,84.4
2025-06-12 00:30:00,96.6
2025-06-12 18:27:00,50.475078938135894
2025-06-12 08:06:00,91.1
2025-06-12 13:13:00,1.1
2025-06-12 11:55:00,76.1
2025-06-12 20:01:00,50.475078938135894
2025-06-12 16:03:00,50.475078938135894
2025-06-12 18:51:00,0.7
2025-06-12 15:58:00,32.9
2025-06-12 21:56:00,55.9
2025-06-12 00:03:00,98.7
2025-06-12 06:06:00,98.0
2025-06-12 00:28:00,90.3
2025-06-12 19:31:00,50.2
2025-06-12 12:46:00,89.9
2025-06-12 19:04:00,50.475078938135894
2025-06-12 04:12:00,50.475078938135894
2025-06-12 06:42:00,61.2
2025-06-12 04:04:00,50.2
2025-06-12 16:52:00,16.3
2025-06-12 19:07:00,71.2
2025-06-12 07:44:00,18.1
2025-06-12 18:24:00,31.2
2025-06-12 09:22:00,87.5
2025-06-12 10:50:00,65.0
2025-06-12 22:41:00,39.3
2025-06-12 01:29:00,9.2
2025-06-12 22:09:00,50.475078938135894
2025-06-12 10:12:00,50.475078938135894
2025-06-12 13:04:00,89.0
2025-06-12 15:23:00,19.9
2025-06-12 22:33:00,98.7
2025-06-12 14:49:00,50.475078938135894
2025-06-12 07:19:00,45.7
2025-06-12 04:59:00,60.1
2025-06-12 13:06:00,69.1
2025-06-12 07:52:00,91.7
2025-06-12 22:16:00,22.0
2025-06-12 18:59:00,53.6
2025-06-12 18:55:00,23.7
2025-06-12 06:17:00,44.2
2025-06-12 05:39:00,12.7
2025-06-12 18:10:00,50.475078938135894
2025-06-12 19:28:00,99.5
2025-06-12 14:00:00,84.5
2025-06-12 00:43:00,67.4
2025-06-12 02:35:00,69.5
2025-06-12 20:18:00,19.9
2025-06-12 23:39:00,99.7
2025-06-12 05:38:00,43.4
2025-06-12 17:06:00,81.7
2025-06-12 13:55:00,89.7
2025-06-12 12:32:00,48.1
2025-06-12 20:07:00,50.475078938135894
2025-06-12 06:56:00,7.9
2025-06-12 20:36:00,29.0
2025-06-12 02:44:00,63.2
2025-06-12 11:07:00,50.475078938135894
2025-06-12 12:51:00,53.0
2025-06-12 14:03:00,75.0
2025-06-12 22:38:00,54.2
2025-06-12 10:57:00,19.1
2025-06-12 12:36:00,61.6
2025-06-12 00:42:00,50.475078938135894
2025-06-12 20:51:00,58.1
2025-06-12 04:50:00,5.2
2025-06-12 14:16:00,50.475078938135894
2025-06-12 00:34:00,35.8
2025-06-12 02:42:00,27.4
2025-06-12 05:40:00,84.3
2025-06-12 07:30:00,54.6
2025-06-12 23:45:00,95.1
2025-06-12 04:23:00,45.2
2025-06-12 01:43:00,25.7
2025-06-12 01:15:00,50.475078938135894
2025-06-12 10:51:00,39.5
2025-06-12 15:57:00,74.8
2025-06-12 23:30:00,16.5
2025-06-12 14:18:00,30.5
2025-06-12 06:10:00,64.6
2025-06-12 17:10:00,6.2
2025-06-12 16:10:00,37.6
2025-06-12 01:53:00,8.7
2025-06-12 23:43:00,50.475078938135894
2025-06-12 20:30:00,8.8
2025-06-12 06:31:00,38.0
2025-06-12 19:41:00,50.475078938135894
2025-06-12 16:46:00,65.6
2025-06-12 20:37:00,15.1
2025-06-12 14:39:00,38.0
2025-06-12 23:24:00,42.8
2025-06-12 07:34:00,20.3
2025-06-12 02:56:00,45.3
2025-06-12 15:19:00,83.6
2025-06-12 06:55:00,50.475078938135894
2025-06-12 21:12:00,74.9
2025-06-12 21:17:00,12.5
2025-06-12 09:14:00,91.1
2025-06-12 03:24:00,32.9
2025-06-12 05:06:00,53.8
2025-06-12 17:43:00,69.9
2025-06-12 05:47:00,10.6
2025-06-12 14:58:00,36.0
2025-06-12 12:59:00,18.9
2025-06-12 08:02:00,49.4
2025-06-12 13:15:00,50.475078938135894
2025-06-12 09:56:00,50.475078938135894
2025-06-12 09:13:00,36.8
2025-06-12 04:20:00,50.475078938135894
2025-06-12 09:36:00,3.1
2025-06-12 08:58:00,61.2
2025-06-12 13:56:00,48.1
2025-06-12 22:02:00,24.5
2025-06-12 20:00:00,97.3
2025-06-12 17:08:00,18.0
2025-06-12 02:40:00,72.1
2025-06-12 01:01:00,59.3
2025-06-12 13:47:00,58.5
2025-06-12 00:02:00,50.475078938135894
2025-06-12 01:07:00,75.3
2025-06-12 15:49:00,13.9
2025-06-12 21:37:00,33.0
2025-06-12 20:40:00,98.6
2025-06-12 13:23:00,34.2
2025-06-12 09:48:00,12.3
2025-06-12 17:55:00,63.1
2025-06-12 10:55:00,26.4
2025-06-12 07:08:00,79.3
2025-06-12 03:27:00,72.0
2025-06-12 16:13:00,50.475078938135894
2025-06-12 12:50:00,20.8
2025-06-12 21:21:00,50.475078938135894
2025-06-12 09:27:00,42.3
2025-06-12 01:00:00,93.1
2025-06-12 05:13:00,40.5
2025-06-12 19:02:00,60.8
2025-06-12 11:58:00,50.475078938135894
2025-06-12 05:32:00,75.4
2025-06-12 10:30:00,47.4
2025-06-12 08:54:00,20.1
2025-06-12 15:13:00,76.9
2025-06-12 23:05:00,10.7
2025-06-12 06:45:00,17.1
2025-06-12 19:26:00,21.4
2025-06-12 09:06:00,50.475078938135894
2025-06-12 07:27:00,50.475078938135894
2025-06-12 01:36:00,50.475078938135894
2025-06-12 21:58:00,58.8
2025-06-12 03:20:00,93.5
2025-06-12 17:31:00,97.1
2025-06-12 03:29:00,68.7
2025-06-12 01:09:00,67.5
2025-06-12 09:34:00,93.2
2025-06-12 11:34:00,80.3
2025-06-12 04:15:00,7.5
2025-06-12 19:00:00,79.8
2025-06-12 10:40:00,50.475078938135894
2025-06-12 16:19:00,0.5
2025-06-12 01:28:00,9.4
2025-06-12 06:41:00,21.6
2025-06-12 09:08:00,31.9
2025-06-12 17:01:00,0.9
2025-06-12 07:31:00,55.6
2025-06-12 21:01:00,15.5
2025-06-12 10:21:00,88.8
2025-06-12 05:59:00,29.6
2025-06-12 03:41:00,14.1
2025-06-12 18:52:00,76.1
2025-06-12 13:57:00,19.0
2025-06-12 15:22:00,95.8
2025-06-12 17:29:00,82.3
2025-06-12 09:30:00,35.0
2025-06-12 02:36:00,47.1
2025-06-12 04:46:00,99.4
2025-06-12 02:48:00,10.0
2025-06-12 04:41:00,50.475078938135894
2025-06-12 22:08:00,61.3
2025-06-12 12:15:00,63.0
2025-06-12 20:52:00,70.7
2025-06-12 23:08:00,96.0
2025-06-12 12:28:00,50.475078938135894
2025-06-12 02:26:00,86.4
2025-06-12 23:51:00,57.7
2025-06-12 13:26:00,85.2
2025-06-12 17:49:00,59.8
2025-06-12 20:09:00,49.8
2025-06-12 03:01:00,30.4
2025-06-12 04:55:00,50.475078938135894
2025-06-12 11:54:00,84.3
2025-06-12 09:47:00,7.4
2025-06-12 08:17:00,59.8
2025-06-12 17:03:00,38.1
2025-06-12 01:46:00,50.475078938135894
2025-06-12 15:09:00,50.475078938135894
2025-06-12 05:25:00,11.8
2025-06-12 16:40:00,46.5
2025-06-12 00:47:00,13.6
2025-06-12 17:40:00,13.1
2025-06-12 07:12:00,79.0
2025-06-12 19:47:00,76.2
2025-06-12 09:31:00,11.4
2025-06-12 10:38:00,14.5
2025-06-12 15:12:00,99.2
2025-06-12 13:34:00,0.8
2025-06-12 16:44:00,11.9
2025-06-12 18:16:00,37.2
2025-06-12 19:15:00,33.0
2025-06-12 09:29:00,93.6
2025-06-12 02:14:00,30.8
2025-06-12 08:59:00,37.2
2025-06-12 19:51:00,48.0
2025-06-12 16:05:00,26.0
2025-06-12 00:44:00,4.3
2025-06-12 03:06:00,43.9
2025-06-12 10:56:00,47.8
2025-06-12 22:17:00,57.5
2025-06-12 03:32:00,59.2
2025-06-12 04:03:00,2.4
2025-06-12 01:17:00,58.1
2025-06-12 16:38:00,55.0
2025-06-12 11:38:00,12.0
2025-06-12 15:53:00,50.475078938135894
2025-06-12 02:32:00,50.3
2025-06-12 08:39:00,20.2
2025-06-12 17:00:00,50.475078938135894
2025-06-12 00:05:00,17.6
2025-06-12 10:54:00,50.475078938135894
2025-06-12 08:13:00,68.5
2025-06-12 22:32:00,28.4
2025-06-12 13:43:00,49.5
2025-06-12 01:30:00,16.0
2025-06-12 12:33:00,64.8
2025-06-12 14:44:00,93.7
2025-06-12 21:48:00,26.9
2025-06-12 07:23:00,41.9
2025-06-12 18:22:00,59.9
2025-06-12 09:28:00,96.0
2025-06-12 14:17:00,76.1
2025-06-12 04:29:00,63.1
2025-06-12 12:14:00,46.4
2025-06-12 13:30:00,45.6
2025-06-12 03:38:00,1.0
2025-06-12 06:48:00,88.7
2025-06-12 11:14:00,13.4
2025-06-12 19:17:00,89.5
2025-06-12 13:41:00,53.4
2025-06-12 16:29:00,65.2
2025-06-12 03:10:00,59.5
2025-06-12 22:56:00,17.0
2025-06-12 15:34:00,53.7
2025-06-12 14:08:00,14.4
2025-06-12 10:36:00,50.475078938135894
2025-06-12 12:30:00,50.475078938135894
2025-06-12 02:11:00,50.475078938135894
2025-06-12 01:58:00,77.6
2025-06-12 03:11:00,31.1
2025-06-12 07:15:00,64.3
2025-06-12 09:11:00,85.3
2025-06-12 21:51:00,82.5
2025-06-12 14:55:00,24.3
2025-06-12 21:28:00,75.2
2025-06-12 19:37:00,93.2
2025-06-12 09:20:00,82.1
2025-06-12 00:14:00,50.475078938135894
2025-06-12 15:27:00,80.6
2025-06-12 14:45:00,38.7
2025-06-12 03:33:00,50.1
2025-06-12 13:19:00,65.8
2025-06-12 22:07:00,18.1
2025-06-12 00:00:00,38.5
2025-06-12 01:45:00,21.8
2025-06-12 02:50:00,4.3
2025-06-12 06:19:00,87.1
2025-06-12 20:49:00,2.7
2025-06-12 15:47:00,53.8
2025-06-12 22:59:00,50.492298592215775
2025-06-12 04:42:00,65.4
2025-06-12 16:20:00,92.5
2025-06-12 13:49:00,50.492298592215775
2025-06-12 02:49:00,95.3
2025-06-12 16:55:00,15.6
2025-06-12 12:14:00,58.9
2025-06-12 12:46:00,50.492298592215775
2025-06-12 12:40:00,14.5
2025-06-12 15:28:00,46.3
2025-06-12 11:32:00,96.7
2025-06-12 18:19:00,50.492298592215775
2025-06-12 17:59:00,29.7
2025-06-12 22:48:00,73.7
2025-06-12 03:24:00,35.5
2025-06-12 18:53:00,62.6
2025-06-12 12:48:00,63.6
2025-06-12 02:19:00,2.8
2025-06-12 20:27:00,33.7
2025-06-12 04:37:00,59.9
2025-06-12 14:01:00,30.9
2025-06-12 15:10:00,7.3
2025-06-12 19:17:00,54.2
2025-06-12 18:07:00,66.3
2025-06-12 07:26:00,78.3
2025-06-12 19:49:00,30.8
2025-06-12 14:14:00,88.2
2025-06-12 12:03:00,60.7
2025-06-12 06:38:00,98.1
2025-06-12 14:23:00,50.492298592215775
2025-06-12 00:28:00,87.6
2025-06-12 14:31:00,19.5
2025-06-12 23:41:00,84.1
2025-06-12 05:50:00,50.492298592215775
2025-06-12 11:16:00,88.3
2025-06-12 09:15:00,45.1
2025-06-12 05:45:00,20.6
2025-06-12 17:16:00,19.1
2025-06-12 01:48:00,69.4
2025-06-12 17:44:00,59.9
2025-06-12 11:21:00,95.3
2025-06-12 00:52:00,51.1
2025-06-12 15:25:00,81.4
2025-06-12 10:24:00,3.9
2025-06-12 22:14:00,37.8
2025-06-12 14:42:00,14.2
2025-06-12 23:49:00,62.9
2025-06-12 02:38:00,82.7
2025-06-12 14:28:00,26.0
2025-06-12 21:05:00,5.9
2025-06-12 03:08:00,50.492298592215775
2025-06-12 17:55:00,36.2
2025-06-12 21:06:00,46.1
2025-06-12 04:26:00,69.9
2025-06-12 08:24:00,50.492298592215775
2025-06-12 23:30:00,72.1
2025-06-12 15:24:00,89.5
2025-06-12 18:56:00,99.8
2025-06-12 16:16:00,95.4
2025-06-12 15:57:00,14.7
2025-06-12 01:31:00,75.4
2025-06-12 12:55:00,10.5
2025-06-12 17:22:00,89.6
2025-06-12 23:07:00,35.6
2025-06-12 15:00:00,17.9
2025-06-12 06:05:00,50.492298592215775
2025-06-12 21:16:00,14.6
2025-06-12 15:08:00,9.7
2025-06-12 09:18:00,25.1
2025-06-12 13:11:00,65.9
2025-06-12 20:39:00,49.6
2025-06-12 15:26:00,55.6
2025-06-12 02:24:00,70.3
2025-06-12 20:15:00,52.2
2025-06-12 16:13:00,54.1
2025-06-12 08:56:00,39.8
2025-06-12 07:29:00,49.2
2025-06-12 08:50:00,5.1
2025-06-12 13:41:00,36.6
2025-06-12 17:30:00,64.3
2025-06-12 10:29:00,57.0
2025-06-12 18:22:00,80.6
2025-06-12 10:18:00,50.492298592215775
2025-06-12 17:06:00,13.5
2025-06-12 10:31:00,59.0
2025-06-12 04:12:00,50.492298592215775
2025-06-12 15:46:00,62.7
2025-06-12 20:19:00,24.3
2025-06-12 20:09:00,50.492298592215775
2025-06-12 11:15:00,6.3
2025-06-12 02:00:00,50.492298592215775
2025-06-12 05:51:00,93.7
2025-06-12 10:30:00,38.1
2025-06-12 09:51:00,86.5
2025-06-12 22:25:00,70.1
2025-06-12 15:16:00,32.3
2025-06-12 20:38:00,4.5
2025-06-12 19:31:00,13.8
2025-06-12 20:13:00,50.492298592215775
2025-06-12 06:04:00,73.4
2025-06-12 23:06:00,69.4
2025-06-12 21:51:00,17.2
2025-06-12 22:36:00,79.4
2025-06-12 00:16:00,62.3
2025-06-12 18:15:00,93.8
2025-06-12 01:38:00,99.0
2025-06-12 08:36:00,4.0
2025-06-12 01:46:00,50.492298592215775
2025-06-12 10:20:00,98.5
2025-06-12 19:09:00,76.2
2025-06-12 05:53:00,13.9
2025-06-12 16:42:00,88.3
2025-06-12 03:39:00,83.3
2025-06-12 04:04:00,52.9
2025-06-12 20:59:00,35.9
2025-06-12 15:53:00,31.4
2025-06-12 15:34:00,81.0
2025-06-12 22:57:00,30.2
2025-06-12 09:42:00,6.7
2025-06-12 13:44:00,36.7
2025-06-12 11:44:00,29.9
2025-06-12 07:32:00,71.8
2025-06-12 01:27:00,27.3
2025-06-12 18:45:00,17.9
2025-06-12 16:53:00,87.3
2025-06-12 08:31:00,49.3
2025-06-12 14:51:00,72.1
2025-06-12 15:31:00,37.2
2025-06-12 22:30:00,98.5
2025-06-12 14:36:00,82.3
2025-06-12 23:37:00,65.7
2025-06-12 20:45:00,50.492298592215775
2025-06-12 10:58:00,96.0
2025-06-12 23:56:00,34.2
2025-06-12 15:18:00,82.6
2025-06-12 10:16:00,79.5
2025-06-12 08:37:00,8.8
2025-06-12 06:52:00,54.5
2025-06-12 08:02:00,79.7
2025-06-12 14:09:00,55.8
2025-06-12 06:59:00,95.8
2025-06-12 01:05:00,87.8
2025-06-12 17:19:00,33.7
2025-06-12 06:41:00,58.4
2025-06-12 23:02:00,40.2
2025-06-12 06:12:00,95.4
2025-06-12 22:00:00,62.8
2025-06-12 17:34:00,50.492298592215775
2025-06-12 10:23:00,92.6
2025-06-12 00:36:00,15.5
2025-06-12 16:37:00,50.492298592215775
2025-06-12 06:08:00,50.492298592215775
2025-06-12 03:45:00,22.5
2025-06-12 21:49:00,95.1
2025-06-12 22:20:00,50.492298592215775
2025-06-12 11:34:00,97.4
2025-06-12 14:08:00,50.492298592215775
2025-06-12 09:23:00,47.6
2025-06-12 13:36:00,9.6
2025-06-12 12:44:00,83.8
2025-06-12 08:21:00,80.2
2025-06-12 19:07:00,47.5
2025-06-12 03:21:00,50.492298592215775
2025-06-12 02:51:00,11.7
2025-06-12 08:58:00,50.492298592215775
2025-06-12 07:49:00,50.492298592215775
2025-06-12 18:40:00,61.0
2025-06-12 12:17:00,43.8
2025-06-12 20:47:00,91.9
2025-06-12 15:59:00,59.7
2025-06-12 13:52:00,67.1
2025-06-12 17:13:00,26.7
2025-06-12 07:46:00,73.6
2025-06-12 04:15:00,50.492298592215775
2025-06-12 09:54:00,79.3
2025-06-12 17:33:00,77.7
2025-06-12 11:05:00,97.0
2025-06-12 15:47:00,34.3
2025-06-12 07:50:00,50.492298592215775
2025-06-12 04:34:00,47.8
2025-06-12 08:03:00,48.3
2025-06-12 08:22:00,27.4
2025-06-12 02:30:00,12.2
2025-06-12 05:26:00,59.3
2025-06-12 12:13:00,92.1
2025-06-12 09:25:00,68.2
2025-06-12 08:34:00,41.4
2025-06-12 23:17:00,50.492298592215775
2025-06-12 21:20:00,46.0
2025-06-12 19:14:00,50.492298592215775
2025-06-12 01:32:00,74.0
2025-06-12 01:11:00,34.5
2025-06-12 21:14:00,20.5
2025-06-12 07:41:00,64.8
2025-06-12 20:20:00,42.4
2025-06-12 11:57:00,99.8
2025-06-12 07:16:00,27.6
2025-06-12 12:30:00,4.5
2025-06-12 22:13:00,76.5
2025-06-12 08:52:00,61.6
2025-06-12 04:45:00,72.9
2025-06-12 23:14:00,87.0
2025-06-12 18:02:00,31.2
2025-06-12 10:05:00,91.8
2025-06-12 10:04:00,50.492298592215775
2025-06-12 05:19:00,56.2
2025-06-12 04:36:00,81.1
2025-06-12 13:32:00,57.5
2025-06-12 12:21:00,95.8
2025-06-12 10:03:00,39.8
2025-06-12 15:05:00,21.7
2025-06-12 02:44:00,50.492298592215775
2025-06-12 05:12:00,8.0
2025-06-12 19:40:00,84.9
2025-06-12 03:47:00,2.1
2025-06-12 02:12:00,14.7
2025-06-12 01:37:00,82.2
2025-06-12 19:04:00,50.492298592215775
2025-06-12 20:36:00,48.7
2025-06-12 22:39:00,13.9
2025-06-12 11:48:00,37.7
2025-06-12 21:10:00,29.9
2025-06-12 15:20:00,50.492298592215775
2025-06-12 15:56:00,51.5
2025-06-12 06:58:00,7.8
2025-06-12 08:27:00,82.5
2025-06-12 21:19:00,10.4
2025-06-12 07:28:00,11.1
2025-06-12 19:57:00,27.3
2025-06-12 00:35:00,11.6
2025-06-12 20:30:00,50.492298592215775
2025-06-12 02:32:00,78.6
2025-06-12 06:39:00,86.5
2025-06-12 11:24:00,95.4
2025-06-12 13:28:00,0.2
2025-06-12 00:57:00,73.8
2025-06-12 19:34:00,50.492298592215775
2025-06-12 15:04:00,50.492298592215775
2025-06-12 12:45:00,13.3
2025-06-12 16:01:00,50.492298592215775
2025-06-12 11:01:00,47.7
2025-06-12 11:47:00,79.8
2025-06-12 01:39:00,45.2
2025-06-12 00:14:00,76.6
2025-06-12 12:16:00,46.5
2025-06-12 00:13:00,50.492298592215775
2025-06-12 21:45:00,34.7
2025-06-12 16:02:00,51.6
2025-06-12 22:06:00,64.1
2025-06-12 12:35:00,7.5
2025-06-12 11:19:00,30.9
2025-06-12 02:41:00,57.6
2025-06-12 07:08:00,36.4
2025-06-12 14:39:00,74.1
2025-06-12 03:12:00,88.5
2025-06-12 06:44:00,95.2
2025-06-12 11:18:00,50.492298592215775
2025-06-12 10:08:00,18.0
2025-06-12 19:11:00,69.1
2025-06-12 19:06:00,42.6
2025-06-12 20:28:00,4.8
2025-06-12 22:37:00,50.492298592215775
2025-06-12 01:01:00,27.9
2025-06-12 12:07:00,5.1
2025-06-12 02:31:00,53.7
2025-06-12 14:00:00,86.2
2025-06-12 12:33:00,69.2
2025-06-12 03:17:00,50.492298592215775
2025-06-12 00:58:00,69.7
2025-06-12 16:19:00,50.492298592215775
2025-06-12 07:19:00,44.2
2025-06-12 02:05:00,67.3
2025-06-12 09:39:00,68.9
2025-06-12 22:38:00,64.3
2025-06-12 16:08:00,71.8
2025-06-12 16:27:00,12.7
2025-06-12 03:38:00,88.8
2025-06-12 21:56:00,50.492298592215775
2025-06-12 20:26:00,0.9
2025-06-12 08:35:00,58.4
2025-06-12 03:52:00,26.8
2025-06-12 17:38:00,50.492298592215775
2025-06-12 19:19:00,27.3
2025-06-12 06:32:00,50.492298592215775
2025-06-12 21:55:00,50.492298592215775
2025-06-12 03:04:00,76.7
2025-06-12 09:52:00,4.7
2025-06-12 01:06:00,46.0
2025-06-12 21:41:00,83.4
2025-06-12 10:25:00,42.3
2025-06-12 07:31:00,88.5
2025-06-12 21:37:00,20.5
2025-06-12 01:02:00,77.4
2025-06-12 03:37:00,8.6
2025-06-12 17:15:00,95.0
2025-06-12 23:26:00,50.492298592215775
2025-06-12 14:12:00,50.492298592215775
2025-06-12 16:56:00,88.5
2025-06-12 12:39:00,61.5
2025-06-12 14:11:00,69.6
2025-06-12 11:17:00,91.1
2025-06-12 06:51:00,91.8
2025-06-12 17:37:00,99.8
2025-06-12 14:19:00,17.0
2025-06-12 01:16:00,52.2
2025-06-12 19:59:00,22.9
2025-06-12 13:40:00,89.4
2025-06-12 04:56:00,50.492298592215775
2025-06-12 03:40:00,87.5
2025-06-12 05:47:00,65.8
2025-06-12 15:37:00,50.492298592215775
2025-06-12 02:47:00,27.9
2025-06-12 10:32:00,50.8
2025-06-12 11:29:00,27.6
2025-06-12 02:06:00,3.7
2025-06-12 17:04:00,80.8
2025-06-12 01:35:00,50.492298592215775
2025-06-12 14:29:00,64.2
2025-06-12 14:58:00,74.3
2025-06-12 19:55:00,50.190676567656766
2025-06-12 09:24:00,73.7
2025-06-12 20:19:00,50.190676567656766
2025-06-12 02:35:00,50.190676567656766
2025-06-12 06:38:00,11.2
2025-06-12 13:05:00,18.5
2025-06-12 06:41:00,95.7
2025-06-12 05:04:00,98.7
2025-06-12 17:06:00,9.3
2025-06-12 13:44:00,14.4
2025-06-12 00:02:00,81.0
2025-06-12 18:42:00,39.7
2025-06-12 02:55:00,20.2
2025-06-12 17:18:00,19.1
2025-06-12 13:42:00,68.4
2025-06-12 12:05:00,2.0
2025-06-12 23:55:00,50.190676567656766
2025-06-12 15:15:00,32.2
2025-06-12 18:02:00,49.3
2025-06-12 03:51:00,50.190676567656766
2025-06-12 09:17:00,50.190676567656766
2025-06-12 22:24:00,15.5
2025-06-12 04:38:00,51.7
2025-06-12 09:31:00,22.5
2025-06-12 16:17:00,17.3
2025-06-12 13:01:00,68.5
2025-06-12 07:21:00,60.8
2025-06-12 19:41:00,27.9
2025-06-12 02:42:00,20.4
2025-06-12 00:37:00,36.2
2025-06-12 23:09:00,61.4
2025-06-12 09:00:00,92.0
2025-06-12 00:11:00,16.9
2025-06-12 11:11:00,25.7
2025-06-12 22:27:00,5.3
2025-06-12 15:31:00,41.6
2025-06-12 16:53:00,74.8
2025-06-12 14:52:00,2.1
2025-06-12 09:04:00,50.190676567656766
2025-06-12 14:04:00,88.5
2025-06-12 11:24:00,36.7
2025-06-12 21:50:00,39.7
2025-06-12 04:57:00,50.190676567656766
2025-06-12 18:10:00,58.1
2025-06-12 07:24:00,99.2
2025-06-12 04:35:00,21.8
2025-06-12 04:04:00,15.0
2025-06-12 03:18:00,56.9
2025-06-12 19:58:00,19.2
2025-06-12 10:54:00,50.190676567656766
2025-06-12 04:36:00,50.190676567656766
2025-06-12 14:08:00,50.190676567656766
2025-06-12 18:03:00,88.7
2025-06-12 01:49:00,14.7
2025-06-12 03:52:00,22.3
2025-06-12 00:40:00,17.2
2025-06-12 13:40:00,50.190676567656766
2025-06-12 18:18:00,73.6
2025-06-12 15:53:00,47.6
2025-06-12 15:11:00,66.8
2025-06-12 17:19:00,72.0
2025-06-12 05:07:00,9.4
2025-06-12 18:21:00,89.6
2025-06-12 15:54:00,30.5
2025-06-12 01:26:00,50.190676567656766
2025-06-12 01:51:00,43.0
2025-06-12 20:30:00,51.3
2025-06-12 07:49:00,74.2
2025-06-12 05:45:00,9.7
2025-06-12 21:35:00,50.190676567656766
2025-06-12 10:34:00,50.190676567656766
2025-06-12 19:08:00,54.4
2025-06-12 01:08:00,75.3
2025-06-12 11:55:00,50.190676567656766
2025-06-12 08:32:00,0.1
2025-06-12 08:24:00,25.9
2025-06-12 00:43:00,1.5
2025-06-12 21:07:00,22.1
2025-06-12 13:18:00,1.6
2025-06-12 05:19:00,50.190676567656766
2025-06-12 03:04:00,83.6
2025-06-12 23:03:00,50.190676567656766
2025-06-12 14:48:00,50.190676567656766
2025-06-12 00:32:00,29.0
2025-06-12 22:57:00,82.9
2025-06-12 16:59:00,44.6
2025-06-12 07:12:00,52.9
2025-06-12 12:57:00,50.8
2025-06-12 04:17:00,46.1
2025-06-12 09:10:00,13.0
2025-06-12 14:45:00,62.8
2025-06-12 18:40:00,82.6
2025-06-12 15:36:00,98.7
2025-06-12 15:41:00,19.2
2025-06-12 03:50:00,24.1
2025-06-12 18:09:00,50.190676567656766
2025-06-12 22:30:00,50.190676567656766
2025-06-12 04:34:00,50.190676567656766
2025-06-12 21:29:00,44.9
2025-06-12 14:39:00,75.1
2025-06-12 11:22:00,5.8
2025-06-12 00:50:00,95.3
2025-06-12 06:50:00,52.7
2025-06-12 15:33:00,50.190676567656766
2025-06-12 03:34:00,50.190676567656766
2025-06-12 20:50:00,83.0
2025-06-12 09:50:00,97.2
2025-06-12 14:22:00,95.0
2025-06-12 12:53:00,50.190676567656766
2025-06-12 12:25:00,13.3
2025-06-12 20:39:00,18.1
2025-06-12 22:36:00,25.5
2025-06-12 22:52:00,35.9
2025-06-12 05:38:00,88.0
2025-06-12 01:52:00,83.9
2025-06-12 07:18:00,40.0
2025-06-12 10:03:00,56.6
2025-06-12 06:57:00,50.190676567656766
2025-06-12 08:57:00,24.8
2025-06-12 09:44:00,89.7
2025-06-12 00:01:00,50.190676567656766
2025-06-12 05:58:00,32.4
2025-06-12 08:59:00,35.9
2025-06-12 00:35:00,76.4
2025-06-12 06:37:00,50.190676567656766
2025-06-12 17:27:00,50.190676567656766
2025-06-12 20:58:00,50.190676567656766
2025-06-12 02:44:00,34.9
2025-06-12 14:55:00,92.7
2025-06-12 20:35:00,50.190676567656766
2025-06-12 09:26:00,94.3
2025-06-12 23:36:00,22.4
2025-06-12 15:12:00,66.7
2025-06-12 19:54:00,68.7
2025-06-12 12:10:00,20.1
2025-06-12 23:44:00,59.0
2025-06-12 13:34:00,29.7
2025-06-12 19:18:00,35.5
2025-06-12 19:43:00,42.2
2025-06-12 06:49:00,50.190676567656766
2025-06-12 07:47:00,61.6
2025-06-12 07:02:00,21.0
2025-06-12 01:34:00,42.4
2025-06-12 21:24:00,89.2
2025-06-12 09:29:00,21.6
2025-06-12 18:25:00,62.9
2025-06-12 10:19:00,32.4
2025-06-12 17:58:00,31.3
2025-06-12 13:15:00,50.190676567656766
2025-06-12 22:16:00,50.190676567656766
2025-06-12 10:39:00,50.190676567656766
2025-06-12 13:19:00,94.2
2025-06-12 20:10:00,51.8
2025-06-12 05:28:00,14.2
2025-06-12 20:04:00,90.7
2025-06-12 03:54:00,95.1
2025-06-12 17:03:00,63.6
2025-06-12 04:23:00,9.9
2025-06-12 19:17:00,19.8
2025-06-12 11:15:00,60.6
2025-06-12 05:55:00,36.6
2025-06-12 03:19:00,66.6
2025-06-12 17:42:00,94.2
2025-06-12 10:21:00,50.190676567656766
2025-06-12 07:16:00,9.7
2025-06-12 14:23:00,51.6
2025-06-12 07:38:00,50.190676567656766
2025-06-12 03:27:00,43.1
2025-06-12 08:31:00,61.8
2025-06-12 01:35:00,54.3
2025-06-12 03:48:00,50.190676567656766
2025-06-12 02:56:00,95.7
2025-06-12 08:45:00,50.190676567656766
2025-06-12 02:29:00,8.5
2025-06-12 19:19:00,19.9
2025-06-12 05:03:00,13.8
2025-06-12 19:05:00,50.190676567656766
2025-06-12 23:46:00,50.190676567656766
2025-06-12 21:57:00,45.6
2025-06-12 04:16:00,17.8
2025-06-12 03:21:00,48.8
2025-06-12 17:23:00,48.8
2025-06-12 06:29:00,5.0
2025-06-12 05:51:00,50.190676567656766
2025-06-12 03:05:00,92.8
2025-06-12 03:11:00,45.8
2025-06-12 16:00:00,50.190676567656766
2025-06-12 16:03:00,25.6
2025-06-12 01:19:00,83.1
2025-06-12 15:10:00,39.9
2025-06-12 11:54:00,87.0
2025-06-12 17:57:00,8.1
2025-06-12 07:34:00,13.0
2025-06-12 07:37:00,2.1
2025-06-12 03:07:00,50.190676567656766
2025-06-12 10:32:00,57.0
2025-06-12 06:54:00,80.7
2025-06-12 02:59:00,15.1
2025-06-12 21:36:00,11.4
2025-06-12 08:23:00,18.8
2025-06-12 17:39:00,50.7
2025-06-12 11:20:00,50.190676567656766
2025-06-12 20:13:00,88.1
2025-06-12 10:24:00,9.8
2025-06-12 17:24:00,88.3
2025-06-12 02:39:00,69.7
2025-06-12 09:33:00,29.2
2025-06-12 10:51:00,82.3
2025-06-12 16:55:00,80.7
2025-06-12 07:06:00,74.0
2025-06-12 17:30:00,100.0
2025-06-12 12:49:00,46.8
2025-06-12 13:03:00,67.6
2025-06-12 08:34:00,50.190676567656766
2025-06-12 00:07:00,89.2
2025-06-12 11:47:00,10.3
2025-06-12 13:41:00,40.3
2025-06-12 13:04:00,43.5
2025-06-12 08:19:00,19.5
2025-06-12 23:48:00,50.190676567656766
2025-06-12 12:29:00,98.2
2025-06-12 11:33:00,64.5
2025-06-12 13:17:00,20.8
2025-06-12 11:25:00,50.190676567656766
2025-06-12 21:20:00,24.0
2025-06-12 12:59:00,50.190676567656766
2025-06-12 20:53:00,43.0
2025-06-12 21:49:00,45.9
2025-06-12 15:50:00,50.190676567656766
2025-06-12 10:18:00,80.6
2025-06-12 09:06:00,95.1
2025-06-12 00:42:00,24.1
2025-06-12 04:08:00,30.7
2025-06-12 05:02:00,33.9
2025-06-12 06:39:00,4.9
2025-06-12 07:15:00,46.7
2025-06-12 18:55:00,19.7
2025-06-12 21:30:00,69.0
2025-06-12 10:45:00,31.2
2025-06-12 09:27:00,50.190676567656766
2025-06-12 06:55:00,57.3
2025-06-12 09:51:00,62.2
2025-06-12 00:53:00,13.0
2025-06-12 20:27:00,98.3
2025-06-12 17:05:00,5.0
2025-06-12 12:33:00,58.0
2025-06-12 13:51:00,80.2
2025-06-12 14:24:00,2.8
2025-06-12 01:48:00,14.2
2025-06-12 19:39:00,32.4
2025-06-12 03:35:00,97.0
2025-06-12 08:22:00,50.190676567656766
2025-06-12 06:35:00,51.0
2025-06-12 11:51:00,57.4
2025-06-12 19:21:00,29.4
2025-06-12 14:40:00,3.8
2025-06-12 17:53:00,18.1
2025-06-12 17:29:00,50.190676567656766
2025-06-12 04:11:00,4.6
2025-06-12 00:06:00,25.8
2025-06-12 05:13:00,14.6
2025-06-12 03:12:00,96.5
2025-06-12 13:49:00,34.4
2025-06-12 06:25:00,59.3
2025-06-12 23:42:00,42.5
2025-06-12 12:56:00,25.1
2025-06-12 21:28:00,50.8
2025-06-12 22:00:00,50.7
2025-06-12 02:11:00,7.3
2025-06-12 19:28:00,50.190676567656766
2025-06-12 11:43:00,54.3
2025-06-12 21:23:00,81.2
2025-06-12 23:04:00,29.8
2025-06-12 03:47:00,13.3
2025-06-12 00:10:00,10.7
2025-06-12 09:41:00,15.8
2025-06-12 17:37:00,60.5
2025-06-12 11:46:00,95.9
2025-06-12 10:46:00,28.4
2025-06-12 00:56:00,50.190676567656766
2025-06-12 08:28:00,60.6
2025-06-12 09:35:00,33.6
2025-06-12 14:50:00,86.8
2025-06-12 05:53:00,12.4
2025-06-12 02:34:00,96.2
2025-06-12 12:45:00,4.4
2025-06-12 17:21:00,53.2
2025-06-12 02:31:00,60.6
2025-06-12 17:09:00,34.0
2025-06-12 07:11:00,7.4
2025-06-12 03:16:00,54.0
2025-06-12 15:29:00,50.190676567656766
2025-06-12 18:29:00,40.9
2025-06-12 16:33:00,52.3
2025-06-12 05:06:00,22.1
2025-06-12 01:58:00,97.9
2025-06-12 17:35:00,78.8
2025-06-12 11:31:00,6.6
2025-06-12 22:54:00,27.2
2025-06-12 06:14:00,66.0
2025-06-12 03:22:00,36.0
2025-06-12 04:41:00,91.0
2025-06-12 07:33:00,49.0
2025-06-12 21:18:00,65.7
2025-06-12 16:50:00,50.190676567656766
2025-06-12 20:54:00,99.9
2025-06-12 21:36:00,15.7
2025-06-12 02:42:00,23.7
2025-06-12 13:17:00,19.0
2025-06-12 18:07:00,49.69925181201777
2025-06-12 01:02:00,13.4
2025-06-12 01:29:00,58.5
2025-06-12 11:59:00,99.1
2025-06-12 17:44:00,17.3
2025-06-12 20:25:00,49.69925181201777
2025-06-12 09:33:00,42.7
2025-06-12 22:28:00,28.6
2025-06-12 19:53:00,49.69925181201777
2025-06-12 17:03:00,0.2
2025-06-12 08:49:00,1.9
2025-06-12 19:25:00,63.5
2025-06-12 10:56:00,96.5
2025-06-12 16:19:00,49.69925181201777
2025-06-12 20:04:00,76.2
2025-06-12 22:53:00,49.69925181201777
2025-06-12 20:31:00,69.7
2025-06-12 01:09:00,6.0
2025-06-12 15:12:00,47.5
2025-06-12 05:00:00,49.69925181201777
2025-06-12 07:26:00,29.5
2025-06-12 02:13:00,0.8
2025-06-12 16:35:00,44.7
2025-06-12 23:17:00,31.7
2025-06-12 02:51:00,61.3
2025-06-12 20:27:00,21.9
2025-06-12 12:18:00,49.3
2025-06-12 14:27:00,48.8
2025-06-12 09:54:00,66.3
2025-06-12 11:03:00,50.4
2025-06-12 09:06:00,94.6
2025-06-12 02:36:00,20.1
2025-06-12 20:22:00,36.8
2025-06-12 17:28:00,49.69925181201777
2025-06-12 21:37:00,23.2
2025-06-12 20:00:00,76.5
2025-06-12 23:53:00,18.1
2025-06-12 08:53:00,100.0
2025-06-12 16:47:00,71.1
2025-06-12 14:50:00,87.0
2025-06-12 15:28:00,69.4
2025-06-12 19:32:00,36.3
2025-06-12 13:07:00,86.8
2025-06-12 15:16:00,20.1
2025-06-12 07:27:00,35.3
2025-06-12 06:10:00,49.69925181201777
2025-06-12 21:18:00,18.6
2025-06-12 23:50:00,65.9
2025-06-12 08:44:00,84.8
2025-06-12 16:05:00,89.6
2025-06-12 15:58:00,25.0
2025-06-12 01:17:00,17.8
2025-06-12 22:43:00,51.2
2025-06-12 07:17:00,49.69925181201777
2025-06-12 20:08:00,41.0
2025-06-12 11:50:00,49.9
2025-06-12 21:38:00,4.7
2025-06-12 04:18:00,79.4
2025-06-12 13:33:00,92.6
2025-06-12 08:22:00,29.4
2025-06-12 14:40:00,8.6
2025-06-12 04:04:00,70.5
2025-06-12 01:41:00,85.2
2025-06-12 19:04:00,4.1
2025-06-12 23:03:00,49.69925181201777
2025-06-12 14:25:00,23.8
2025-06-12 01:12:00,15.0
2025-06-12 05:56:00,45.3
2025-06-12 20:42:00,48.9
2025-06-12 22:18:00,30.2
2025-06-12 14:26:00,34.1
2025-06-12 22:22:00,29.0
2025-06-12 17:46:00,78.2
2025-06-12 12:56:00,80.6
2025-06-12 01:00:00,8.8
2025-06-12 23:41:00,98.9
2025-06-12 06:12:00,49.69925181201777
2025-06-12 02:53:00,41.6
2025-06-12 13:53:00,53.2
2025-06-12 11:49:00,10.0
2025-06-12 02:46:00,24.3
2025-06-12 21:44:00,28.1
2025-06-12 19:05:00,40.0
2025-06-12 06:30:00,60.6
2025-06-12 03:08:00,26.1
2025-06-12 17:13:00,1.1
2025-06-12 16:58:00,43.4
2025-06-12 03:12:00,29.6
2025-06-12 03:56:00,81.8
2025-06-12 21:25:00,90.2
2025-06-12 06:29:00,49.69925181201777
2025-06-12 10:35:00,63.0
2025-06-12 10:25:00,30.2
2025-06-12 04:53:00,60.0
2025-06-12 18:13:00,86.4
2025-06-12 13:37:00,79.2
2025-06-12 03:36:00,49.69925181201777
2025-06-12 09:09:00,26.1
2025-06-12 03:07:00,64.0
2025-06-12 10:33:00,47.0
2025-06-12 19:58:00,39.7
2025-06-12 12:44:00,49.69925181201777
2025-06-12 16:26:00,68.5
2025-06-12 01:39:00,81.5
2025-06-12 22:32:00,42.8
2025-06-12 15:22:00,26.9
2025-06-12 02:15:00,49.69925181201777
2025-06-12 23:34:00,29.5
2025-06-12 04:14:00,26.5
2025-06-12 07:39:00,58.1
2025-06-12 05:22:00,49.69925181201777
2025-06-12 22:30:00,60.1
2025-06-12 20:35:00,86.2
2025-06-12 01:04:00,69.4
2025-06-12 04:48:00,59.6
2025-06-12 20:55:00,98.2
2025-06-12 11:41:00,49.69925181201777
2025-06-12 04:34:00,17.0
2025-06-12 18:58:00,25.6
2025-06-12 17:58:00,91.0
2025-06-12 03:04:00,79.8
2025-06-12 22:49:00,10.9
2025-06-12 08:26:00,45.2
2025-06-12 02:47:00,64.4
2025-06-12 04:01:00,61.5
2025-06-12 04:36:00,43.4
2025-06-12 14:18:00,49.69925181201777
2025-06-12 07:41:00,13.1
2025-06-12 01:23:00,98.6
2025-06-12 14:47:00,68.5
2025-06-12 13:03:00,25.2
2025-06-12 16:43:00,12.2
2025-06-12 18:48:00,71.6
2025-06-12 06:54:00,60.6
2025-06-12 19:15:00,13.9
2025-06-12 19:33:00,49.69925181201777
2025-06-12 19:36:00,0.7
2025-06-12 11:07:00,85.0
2025-06-12 19:23:00,49.69925181201777
2025-06-12 11:11:00,68.8
2025-06-12 17:48:00,95.6
2025-06-12 04:22:00,61.0
2025-06-12 09:12:00,24.1
2025-06-12 11:34:00,79.7
2025-06-12 15:46:00,27.7
2025-06-12 08:15:00,49.69925181201777
2025-06-12 17:40:00,41.7
2025-06-12 22:20:00,37.6
2025-06-12 11:54:00,94.2
2025-06-12 17:18:00,24.7
2025-06-12 16:22:00,49.69925181201777
2025-06-12 22:50:00,65.3
2025-06-12 01:40:00,95.9
2025-06-12 04:46:00,49.69925181201777
2025-06-12 14:04:00,49.69925181201777
2025-06-12 20:45:00,45.0
2025-06-12 10:38:00,22.2
2025-06-12 04:16:00,49.69925181201777
2025-06-12 06:07:00,10.9
2025-06-12 07:20:00,71.9
2025-06-12 23:49:00,87.7
2025-06-12 13:12:00,99.1
2025-06-12 15:20:00,45.9
2025-06-12 01:30:00,54.2
2025-06-12 01:01:00,50.6
2025-06-12 05:41:00,50.8
2025-06-12 04:58:00,51.8
2025-06-12 22:08:00,53.8
2025-06-12 05:49:00,53.6
2025-06-12 01:51:00,49.69925181201777
2025-06-12 12:33:00,11.9
2025-06-12 22:26:00,36.4
2025-06-12 11:27:00,83.9
2025-06-12 12:02:00,19.2
2025-06-12 07:21:00,70.3
2025-06-12 21:05:00,94.9
2025-06-12 19:02:00,95.7
2025-06-12 11:36:00,49.69925181201777
2025-06-12 11:46:00,26.9
2025-06-12 02:30:00,90.0
2025-06-12 11:30:00,61.2
2025-06-12 04:09:00,9.6
2025-06-12 16:20:00,38.5
2025-06-12 00:03:00,61.7
2025-06-12 10:02:00,93.1
2025-06-12 21:17:00,94.9
2025-06-12 18:35:00,49.69925181201777
2025-06-12 04:29:00,55.5
2025-06-12 17:56:00,49.69925181201777
2025-06-12 20:03:00,96.3
2025-06-12 08:11:00,38.6
2025-06-12 17:42:00,47.7
2025-06-12 08:32:00,49.69925181201777
2025-06-12 15:04:00,60.4
2025-06-12 09:18:00,49.69925181201777
2025-06-12 02:22:00,28.7
2025-06-12 23:23:00,33.9
2025-06-12 13:54:00,73.6
2025-06-12 03:02:00,87.7
2025-06-12 17:43:00,99.0
2025-06-12 17:26:00,56.4
2025-06-12 06:14:00,9.9
2025-06-12 16:39:00,69.5
2025-06-12 18:53:00,78.5
2025-06-12 19:55:00,82.9
2025-06-12 16:29:00,45.1
2025-06-12 09:20:00,58.0
2025-06-12 03:09:00,52.5
2025-06-12 06:27:00,76.8
2025-06-12 14:08:00,14.6
2025-06-12 01:33:00,18.1
2025-06-12 08:03:00,0.4
2025-06-12 06:35:00,74.1
2025-06-12 03:50:00,79.3
2025-06-12 02:11:00,96.5
2025-06-12 04:59:00,87.6
2025-06-12 14:22:00,46.5
2025-06-12 06:56:00,99.4
2025-06-12 05:09:00,49.69925181201777
2025-06-12 01:57:00,2.8
2025-06-12 15:38:00,49.69925181201777
2025-06-12 15:55:00,49.69925181201777
2025-06-12 14:58:00,57.3
2025-06-12 05:23:00,67.7
2025-06-12 22:17:00,6.6
2025-06-12 04:20:00,69.4
2025-06-12 16:37:00,35.2
2025-06-12 07:43:00,63.8
2025-06-12 15:00:00,5.5
2025-06-12 14:35:00,67.1
2025-06-12 07:13:00,69.7
2025-06-12 00:08:00,83.9
2025-06-12 01:47:00,4.3
2025-06-12 22:41:00,22.2
2025-06-12 16:38:00,50.2
2025-06-12 23:01:00,19.4
2025-06-12 22:06:00,88.1
2025-06-12 15:54:00,35.4
2025-06-12 15:30:00,36.5
2025-06-12 06:11:00,18.6
2025-06-12 22:39:00,58.2
2025-06-12 11:42:00,23.5
2025-06-12 05:59:00,3.2
2025-06-12 10:34:00,75.5
2025-06-12 01:16:00,49.69925181201777
2025-06-12 07:31:00,49.69925181201777
2025-06-12 17:05:00,27.8
2025-06-12 06:32:00,93.6
2025-06-12 18:55:00,6.4
2025-06-12 11:05:00,42.0
2025-06-12 15:08:00,49.69925181201777
2025-06-12 11:56:00,44.1
2025-06-12 09:24:00,69.6
2025-06-12 08:17:00,28.3
2025-06-12 08:41:00,49.69925181201777
2025-06-12 17:49:00,61.2
2025-06-12 10:48:00,83.6
2025-06-12 04:25:00,34.4
2025-06-12 17:39:00,24.1
2025-06-12 00:47:00,79.0
2025-06-12 03:52:00,18.3
2025-06-12 12:55:00,49.69925181201777
2025-06-12 13:40:00,83.0
2025-06-12 18:16:00,84.2
2025-06-12 19:38:00,72.4
2025-06-12 13:16:00,85.6
2025-06-12 05:01:00,2.7
2025-06-12 10:16:00,9.8
2025-06-12 11:39:00,1.7
2025-06-12 10:45:00,63.2
2025-06-12 14:46:00,74.5
2025-06-12 07:56:00,9.6
2025-06-12 14:41:00,85.5
2025-06-12 23:57:00,97.7
2025-06-12 15:56:00,9.7
2025-06-12 03:54:00,22.1
2025-06-12 08:28:00,18.7
2025-06-12 20:14:00,1.7
2025-06-12 02:06:00,8.5
2025-06-12 05:10:00,39.8
2025-06-12 08:19:00,79.3
2025-06-12 17:41:00,18.2
2025-06-12 02:19:00,86.6
2025-06-12 17:19:00,49.69925181201777
2025-06-12 16:08:00,82.5
2025-06-12 09:37:00,91.4
2025-06-12 15:02:00,54.1
2025-06-12 19:27:00,49.69925181201777
2025-06-12 18:47:00,97.5
2025-06-12 14:02:00,27.7
2025-06-12 13:10:00,11.8
2025-06-12 12:27:00,30.6
2025-06-12 22:40:00,29.7
2025-06-12 11:20:00,61.8
2025-06-12 10:47:00,46.5
2025-06-12 18:37:00,50.9
2025-06-12 12:31:00,49.69925181201777
2025-06-12 12:53:00,49.69925181201777
2025-06-12 00:17:00,4.1
2025-06-12 19:52:00,33.4
2025-06-12 15:45:00,81.9
2025-06-12 13:15:00,48.5
2025-06-12 16:04:00,87.9
2025-06-12 20:44:00,65.2
2025-06-12 23:35:00,8.1
2025-06-12 05:05:00,67.1
2025-06-12 00:36:00,98.8
2025-06-12 02:31:00,39.6
2025-06-12 19:14:00,50.15234640140434
2025-06-12 05:52:00,83.9
2025-06-12 18:40:00,11.3
2025-06-12 09:54:00,21.8
2025-06-12 14:14:00,94.8
2025-06-12 05:54:00,4.5
2025-06-12 18:17:00,50.15234640140434
2025-06-12 11:11:00,8.0
2025-06-12 13:54:00,36.6
2025-06-12 14:27:00,67.6
2025-06-12 06:49:00,50.15234640140434
2025-06-12 14:35:00,88.8
2025-06-12 18:56:00,57.9
2025-06-12 23:18:00,82.4
2025-06-12 23:50:00,42.8
2025-06-12 18:18:00,5.6
2025-06-12 06:48:00,50.15234640140434
2025-06-12 21:48:00,50.15234640140434
2025-06-12 15:33:00,67.3
2025-06-12 10:10:00,61.4
2025-06-12 22:32:00,71.9
2025-06-12 11:37:00,14.7
2025-06-12 11:24:00,65.7
2025-06-12 20:05:00,9.6
2025-06-12 05:29:00,16.9
2025-06-12 02:20:00,12.8
2025-06-12 18:32:00,10.4
2025-06-12 23:22:00,49.3
2025-06-12 11:16:00,50.15234640140434
2025-06-12 13:37:00,58.7
2025-06-12 12:27:00,59.0
2025-06-12 05:46:00,33.5
2025-06-12 12:49:00,50.15234640140434
2025-06-12 09:40:00,50.15234640140434
2025-06-12 17:25:00,67.9
2025-06-12 18:49:00,72.3
2025-06-12 15:24:00,16.4
2025-06-12 23:36:00,35.9
2025-06-12 22:53:00,4.5
2025-06-12 15:13:00,39.8
2025-06-12 13:26:00,83.4
2025-06-12 16:57:00,90.5
2025-06-12 21:13:00,78.4
2025-06-12 16:29:00,35.5
2025-06-12 19:36:00,97.3
2025-06-12 14:09:00,50.15234640140434
2025-06-12 12:08:00,50.7
2025-06-12 13:58:00,71.8
2025-06-12 08:09:00,47.4
2025-06-12 23:01:00,89.5
2025-06-12 21:53:00,93.1
2025-06-12 07:09:00,61.0
2025-06-12 23:15:00,50.15234640140434
2025-06-12 02:59:00,50.15234640140434
2025-06-12 04:36:00,43.4
2025-06-12 01:57:00,68.6
2025-06-12 15:31:00,50.15234640140434
2025-06-12 18:58:00,42.8
2025-06-12 19:53:00,94.6
2025-06-12 15:02:00,51.7
2025-06-12 05:47:00,98.8
2025-06-12 15:19:00,50.5
2025-06-12 03:08:00,0.0
2025-06-12 13:21:00,50.15234640140434
2025-06-12 11:36:00,18.8
2025-06-12 10:38:00,87.9
2025-06-12 17:06:00,68.6
2025-06-12 10:05:00,87.4
2025-06-12 01:18:00,63.9
2025-06-12 22:38:00,75.3
2025-06-12 13:32:00,50.15234640140434
2025-06-12 15:47:00,50.15234640140434
2025-06-12 12:31:00,4.8
2025-06-12 14:15:00,87.5
2025-06-12 10:52:00,15.2
2025-06-12 21:21:00,25.1
2025-06-12 21:22:00,50.15234640140434
2025-06-12 22:30:00,7.2
2025-06-12 02:19:00,50.15234640140434
2025-06-12 23:40:00,89.0
2025-06-12 10:36:00,50.15234640140434
2025-06-12 05:37:00,91.1
2025-06-12 17:59:00,47.4
2025-06-12 11:01:00,3.7
2025-06-12 11:03:00,97.0
2025-06-12 19:01:00,5.1
2025-06-12 05:44:00,50.15234640140434
2025-06-12 10:15:00,90.6
2025-06-12 00:40:00,21.2
2025-06-12 19:57:00,11.3
2025-06-12 07:06:00,87.0
2025-06-12 10:49:00,99.0
2025-06-12 22:21:00,89.9
2025-06-12 00:17:00,6.5
2025-06-12 10:17:00,95.0
2025-06-12 04:50:00,58.5
2025-06-12 13:47:00,43.2
2025-06-12 11:51:00,57.0
2025-06-12 22:35:00,84.9
2025-06-12 01:42:00,34.6
2025-06-12 20:46:00,3.8
2025-06-12 23:05:00,13.6
2025-06-12 02:52:00,46.5
2025-06-12 02:17:00,16.5
2025-06-12 22:06:00,67.0
2025-06-12 06:51:00,89.1
2025-06-12 08:16:00,32.9
2025-06-12 11:48:00,34.7
2025-06-12 10:39:00,15.3
2025-06-12 22:20:00,68.5
2025-06-12 02:16:00,23.0
2025-06-12 11:33:00,98.5
2025-06-12 19:07:00,72.8
2025-06-12 17:58:00,50.15234640140434
2025-06-12 08:23:00,62.4
2025-06-12 16:30:00,28.6
2025-06-12 10:18:00,14.7
2025-06-12 20:58:00,7.6
2025-06-12 03:06:00,50.15234640140434
2025-06-12 12:04:00,54.4
2025-06-12 19:13:00,50.15234640140434
2025-06-12 05:21:00,50.15234640140434
2025-06-12 02:56:00,50.15234640140434
2025-06-12 16:52:00,88.5
2025-06-12 11:58:00,11.8
2025-06-12 04:33:00,66.5
2025-06-12 08:55:00,50.15234640140434
2025-06-12 10:23:00,6.5
2025-06-12 20:03:00,44.4
2025-06-12 09:53:00,0.8
2025-06-12 02:34:00,69.3
2025-06-12 00:47:00,50.4
2025-06-12 11:02:00,19.2
2025-06-12 11:04:00,46.2
2025-06-12 10:57:00,47.9
2025-06-12 05:43:00,39.9
2025-06-12 07:12:00,50.15234640140434
2025-06-12 08:46:00,27.4
2025-06-12 11:46:00,72.4
2025-06-12 04:02:00,68.6
2025-06-12 05:18:00,48.5
2025-06-12 15:30:00,57.7
2025-06-12 17:44:00,55.7
2025-06-12 17:11:00,2.4
2025-06-12 15:29:00,43.2
2025-06-12 19:59:00,40.9
2025-06-12 02:40:00,13.4
2025-06-12 05:03:00,76.5
2025-06-12 21:11:00,50.15234640140434
2025-06-12 22:17:00,4.6
2025-06-12 20:36:00,37.9
2025-06-12 05:36:00,40.6
2025-06-12 04:48:00,50.15234640140434
2025-06-12 16:07:00,70.8
2025-06-12 11:25:00,54.3
2025-06-12 19:39:00,11.8
2025-06-12 15:00:00,37.8
2025-06-12 13:08:00,19.4
2025-06-12 19:02:00,56.3
2025-06-12 07:46:00,43.8
2025-06-12 07:38:00,76.8
2025-06-12 19:35:00,18.2
2025-06-12 23:55:00,50.15234640140434
2025-06-12 15:42:00,98.0
2025-06-12 09:49:00,33.3
2025-06-12 05:02:00,67.1
2025-06-12 14:38:00,50.15234640140434
2025-06-12 15:57:00,32.3
2025-06-12 17:38:00,59.7
2025-06-12 10:03:00,50.15234640140434
2025-06-12 01:06:00,26.6
2025-06-12 19:03:00,60.0
2025-06-12 11:44:00,19.9
2025-06-12 20:34:00,14.8
2025-06-12 23:20:00,52.4
2025-06-12 02:10:00,15.3
2025-06-12 09:39:00,49.2
2025-06-12 03:15:00,21.3
2025-06-12 06:07:00,60.8
2025-06-12 08:43:00,62.1
2025-06-12 12:10:00,50.15234640140434
2025-06-12 07:52:00,32.3
2025-06-12 00:11:00,44.5
2025-06-12 11:06:00,25.7
2025-06-12 08:32:00,50.15234640140434
2025-06-12 08:26:00,50.15234640140434
2025-06-12 07:04:00,45.4
2025-06-12 12:18:00,50.15234640140434
2025-06-12 04:11:00,77.9
2025-06-12 14:44:00,59.5
2025-06-12 13:00:00,45.3
2025-06-12 21:54:00,50.15234640140434
2025-06-12 20:39:00,13.7
2025-06-12 08:53:00,61.1
2025-06-12 03:45:00,96.6
2025-06-12 14:36:00,50.15234640140434
2025-06-12 10:51:00,95.4
2025-06-12 14:37:00,50.15234640140434
2025-06-12 15:34:00,50.15234640140434
2025-06-12 12:12:00,80.7
2025-06-12 12:05:00,14.5
2025-06-12 19:23:00,50.15234640140434
2025-06-12 23:14:00,94.6
2025-06-12 20:52:00,17.7
2025-06-12 13:24:00,85.7
2025-06-12 02:06:00,57.8
2025-06-12 12:20:00,35.7
2025-06-12 01:01:00,51.0
2025-06-12 16:01:00,85.9
2025-06-12 22:31:00,4.1
2025-06-12 16:44:00,50.15234640140434
2025-06-12 06:43:00,50.15234640140434
2025-06-12 19:29:00,34.9
2025-06-12 12:56:00,61.4
2025-06-12 19:28:00,73.5
2025-06-12 11:13:00,54.8
2025-06-12 09:36:00,70.6
2025-06-12 02:28:00,88.3
2025-06-12 07:42:00,99.5
2025-06-12 04:09:00,6.3
2025-06-12 23:58:00,67.5
2025-06-12 23:07:00,40.1
2025-06-12 13:45:00,10.2
2025-06-12 04:45:00,34.2
2025-06-12 13:44:00,99.2
2025-06-12 10:13:00,63.8
2025-06-12 22:46:00,68.1
2025-06-12 18:50:00,50.15234640140434
2025-06-12 09:06:00,33.2
2025-06-12 01:47:00,86.8
2025-06-12 21:25:00,26.2
2025-06-12 06:32:00,86.4
2025-06-12 12:47:00,50.15234640140434
2025-06-12 01:55:00,71.3
2025-06-12 12:24:00,11.1
2025-06-12 11:21:00,40.6
2025-06-12 19:50:00,47.5
2025-06-12 16:43:00,65.7
2025-06-12 15:14:00,50.15234640140434
2025-06-12 00:42:00,67.3
2025-06-12 20:27:00,59.0
2025-06-12 12:03:00,50.8
2025-06-12 23:31:00,66.0
2025-06-12 10:55:00,65.2
2025-06-12 18:30:00,19.9
2025-06-12 23:16:00,61.0
2025-06-12 18:12:00,9.2
2025-06-12 04:44:00,61.5
2025-06-12 11:05:00,39.2
2025-06-12 05:25:00,9.6
2025-06-12 06:37:00,16.6
2025-06-12 13:23:00,89.3
2025-06-12 21:44:00,82.8
2025-06-12 03:12:00,37.6
2025-06-12 12:59:00,73.9
2025-06-12 14:20:00,50.15234640140434
2025-06-12 03:18:00,83.4
2025-06-12 19:48:00,27.3
2025-06-12 18:06:00,69.2
2025-06-12 00:50:00,82.2
2025-06-12 22:15:00,17.0
2025-06-12 18:45:00,6.9
2025-06-12 01:15:00,5.3
2025-06-12 21:32:00,50.15234640140434
2025-06-12 03:17:00,94.9
2025-06-12 23:24:00,41.2
2025-06-12 01:34:00,43.8
2025-06-12 12:57:00,53.2
2025-06-12 10:43:00,50.15234640140434
2025-06-12 03:54:00,53.2
2025-06-12 19:37:00,50.15234640140434
2025-06-12 04:46:00,22.2
2025-06-12 14:22:00,50.15234640140434
2025-06-12 17:03:00,50.15234640140434
2025-06-12 07:20:00,72.6
2025-06-12 02:11:00,59.5
2025-06-12 21:59:00,62.0
2025-06-12 08:24:00,88.3
2025-06-12 08:45:00,70.5
2025-06-12 22:41:00,69.4
2025-06-12 01:33:00,23.2
2025-06-12 08:13:00,14.1
2025-06-12 12:02:00,50.15234640140434
2025-06-12 06:20:00,43.0
2025-06-12 22:48:00,36.8
2025-06-12 17:00:00,67.7
2025-06-12 17:36:00,81.0
2025-06-12 06:53:00,41.8
2025-06-12 03:14:00,76.9
2025-06-12 20:06:00,89.5
2025-06-12 11:30:00,76.4
2025-06-12 02:38:00,88.4
2025-06-12 12:29:00,28.1
2025-06-12 11:00:00,24.4
2025-06-12 17:27:00,74.5
2025-06-12 00:41:00,57.1
2025-06-12 10:04:00,22.7
2025-06-12 01:49:00,14.2
2025-06-12 00:03:00,75.5
2025-06-12 10:33:00,49.8
2025-06-12 07:23:00,20.7
2025-06-12 15:21:00,75.4
2025-06-12 07:11:00,69.2
2025-06-12 20:29:00,50.15747328871669
2025-06-12 11:37:00,15.4
2025-06-12 12:08:00,90.0
2025-06-12 00:04:00,91.5
2025-06-12 05:31:00,10.5
2025-06-12 00:28:00,82.5
2025-06-12 00:53:00,32.5
2025-06-12 22:32:00,68.4
2025-06-12 23:41:00,35.7
2025-06-12 10:27:00,95.4
2025-06-12 10:14:00,85.3
2025-06-12 17:25:00,31.5
2025-06-12 16:44:00,42.4
2025-06-12 14:11:00,50.15747328871669
2025-06-12 15:30:00,93.1
2025-06-12 10:25:00,8.5
2025-06-12 09:18:00,46.8
2025-06-12 02:10:00,30.6
2025-06-12 16:39:00,11.5
2025-06-12 21:27:00,97.9
2025-06-12 03:01:00,40.6
2025-06-12 16:29:00,56.7
2025-06-12 16:36:00,88.8
2025-06-12 05:00:00,16.4
2025-06-12 03:51:00,27.6
2025-06-12 21:19:00,74.9
2025-06-12 12:48:00,37.7
2025-06-12 08:16:00,48.9
2025-06-12 17:31:00,45.4
2025-06-12 13:44:00,3.8
2025-06-12 01:27:00,69.3
2025-06-12 12:32:00,77.7
2025-06-12 23:57:00,6.9
2025-06-12 18:44:00,26.4
2025-06-12 16:13:00,34.8
2025-06-12 17:51:00,15.2
2025-06-12 08:08:00,98.8
2025-06-12 09:51:00,48.6
2025-06-12 01:52:00,43.3
2025-06-12 21:25:00,47.9
2025-06-12 18:55:00,73.8
2025-06-12 19:48:00,29.4
2025-06-12 12:19:00,62.8
2025-06-12 17:04:00,15.8
2025-06-12 19:39:00,73.9
2025-06-12 19:52:00,50.15747328871669
2025-06-12 20:43:00,70.5
2025-06-12 18:46:00,85.5
2025-06-12 22:54:00,75.8
2025-06-12 20:56:00,74.7
2025-06-12 13:37:00,57.9
2025-06-12 07:42:00,62.7
2025-06-12 02:53:00,79.5
2025-06-12 01:39:00,6.5
2025-06-12 11:01:00,50.15747328871669
2025-06-12 23:27:00,34.9
2025-06-12 01:47:00,10.6
2025-06-12 11:53:00,32.0
2025-06-12 22:06:00,83.5
2025-06-12 06:45:00,70.0
2025-06-12 14:27:00,45.0
2025-06-12 22:48:00,47.8
2025-06-12 14:57:00,32.5
2025-06-12 15:45:00,5.3
2025-06-12 13:07:00,50.15747328871669
2025-06-12 16:50:00,50.15747328871669
2025-06-12 05:33:00,53.6
2025-06-12 20:49:00,50.15747328871669
2025-06-12 08:54:00,63.7
2025-06-12 04:03:00,50.15747328871669
2025-06-12 12:52:00,96.4
2025-06-12 20:46:00,54.8
2025-06-12 10:03:00,16.0
2025-06-12 17:49:00,33.1
2025-06-12 21:52:00,8.0
2025-06-12 20:14:00,79.7
2025-06-12 07:36:00,96.5
2025-06-12 01:50:00,70.3
2025-06-12 16:20:00,95.6
2025-06-12 03:10:00,63.5
2025-06-12 07:34:00,67.8
2025-06-12 18:48:00,2.6
2025-06-12 01:48:00,16.5
2025-06-12 12:28:00,50.15747328871669
2025-06-12 11:55:00,35.4
2025-06-12 16:15:00,10.1
2025-06-12 08:58:00,77.0
2025-06-12 16:18:00,43.0
2025-06-12 01:55:00,54.7
2025-06-12 21:59:00,1.9
2025-06-12 19:09:00,78.6
2025-06-12 09:02:00,73.3
2025-06-12 22:10:00,90.5
2025-06-12 15:29:00,54.9
2025-06-12 04:33:00,50.15747328871669
2025-06-12 11:59:00,81.6
2025-06-12 03:02:00,97.6
2025-06-12 12:34:00,65.8
2025-06-12 17:28:00,4.6
2025-06-12 12:15:00,73.8
2025-06-12 03:11:00,50.15747328871669
2025-06-12 10:12:00,32.9
2025-06-12 04:54:00,18.2
2025-06-12 21:34:00,68.5
2025-06-12 18:42:00,23.5
2025-06-12 21:02:00,50.15747328871669
2025-06-12 10:39:00,74.5
2025-06-12 08:39:00,81.0
2025-06-12 09:41:00,26.3
2025-06-12 04:34:00,30.0
2025-06-12 10:32:00,59.3
2025-06-12 19:05:00,47.4
2025-06-12 19:44:00,55.5
2025-06-12 13:29:00,40.3
2025-06-12 20:25:00,3.1
2025-06-12 18:45:00,28.5
2025-06-12 07:24:00,50.15747328871669
2025-06-12 02:28:00,18.2
2025-06-12 02:06:00,79.2
2025-06-12 15:33:00,96.6
2025-06-12 08:41:00,58.0
2025-06-12 03:31:00,74.2
2025-06-12 18:05:00,14.9
2025-06-12 13:54:00,59.1
2025-06-12 04:57:00,25.4
2025-06-12 07:15:00,50.15747328871669
2025-06-12 20:58:00,52.0
2025-06-12 05:05:00,46.4
2025-06-12 09:45:00,22.9
2025-06-12 02:12:00,50.15747328871669
2025-06-12 14:03:00,21.7
2025-06-12 08:30:00,35.3
2025-06-12 03:19:00,51.6
2025-06-12 09:13:00,48.8
2025-06-12 12:02:00,99.7
2025-06-12 11:17:00,33.2
2025-06-12 13:53:00,50.15747328871669
2025-06-12 22:27:00,98.9
2025-06-12 10:43:00,26.4
2025-06-12 14:53:00,54.0
2025-06-12 06:51:00,60.2
2025-06-12 09:09:00,78.2
2025-06-12 12:47:00,1.5
2025-06-12 01:35:00,5.2
2025-06-12 07:30:00,50.15747328871669
2025-06-12 02:37:00,46.6
2025-06-12 15:28:00,50.15747328871669
2025-06-12 15:20:00,59.8
2025-06-12 10:05:00,50.2
2025-06-12 08:33:00,77.6
2025-06-12 11:08:00,15.8
2025-06-12 21:11:00,84.5
2025-06-12 03:52:00,65.9
2025-06-12 09:49:00,67.9
2025-06-12 17:45:00,48.8
2025-06-12 05:38:00,24.3
2025-06-12 05:14:00,23.4
2025-06-12 14:10:00,50.15747328871669
2025-06-12 19:38:00,10.2
2025-06-12 04:27:00,37.5
2025-06-12 17:03:00,20.2
2025-06-12 12:18:00,40.0
2025-06-12 23:52:00,79.3
2025-06-12 15:44:00,50.15747328871669
2025-06-12 20:22:00,20.3
2025-06-12 05:55:00,41.0
2025-06-12 21:28:00,50.15747328871669
2025-06-12 07:06:00,95.1
2025-06-12 11:11:00,93.4
2025-06-12 23:34:00,30.2
2025-06-12 03:07:00,58.8
2025-06-12 05:27:00,44.3
2025-06-12 05:51:00,69.3
2025-06-12 18:18:00,45.3
2025-06-12 02:45:00,93.8
2025-06-12 14:46:00,37.2
2025-06-12 03:13:00,41.7
2025-06-12 21:50:00,66.2
2025-06-12 13:43:00,92.1
2025-06-12 21:05:00,49.0
2025-06-12 12:49:00,60.0
2025-06-12 06:33:00,85.5
2025-06-12 23:23:00,50.15747328871669
2025-06-12 00:21:00,93.3
2025-06-12 17:21:00,34.3
2025-06-12 16:23:00,50.15747328871669
2025-06-12 14:23:00,6.3
2025-06-12 14:45:00,11.8
2025-06-12 00:03:00,49.4
2025-06-12 23:40:00,14.8
2025-06-12 18:41:00,92.7
2025-06-12 21:20:00,73.7
2025-06-12 03:56:00,2.0
2025-06-12 11:18:00,15.6
2025-06-12 06:43:00,50.15747328871669
2025-06-12 16:21:00,58.7
2025-06-12 08:52:00,86.6
2025-06-12 22:43:00,70.6
2025-06-12 01:49:00,67.2
2025-06-12 11:23:00,50.15747328871669
2025-06-12 12:37:00,75.1
2025-06-12 01:36:00,93.6
2025-06-12 09:23:00,50.15747328871669
2025-06-12 14:21:00,71.8
2025-06-12 05:07:00,19.3
2025-06-12 15:07:00,50.15747328871669
2025-06-12 01:00:00,78.4
2025-06-12 19:54:00,6.9
2025-06-12 17:34:00,50.15747328871669
2025-06-12 13:34:00,92.6
2025-06-12 07:26:00,50.15747328871669
2025-06-12 23:59:00,50.15747328871669
2025-06-12 21:08:00,6.6
2025-06-12 16:54:00,87.7
2025-06-12 12:51:00,50.15747328871669
2025-06-12 12:09:00,70.7
2025-06-12 05:30:00,23.1
2025-06-12 16:02:00,83.1
2025-06-12 12:39:00,50.15747328871669
2025-06-12 04:52:00,1.6
2025-06-12 19:04:00,50.15747328871669
2025-06-12 09:22:00,50.15747328871669
2025-06-12 04:19:00,59.9
2025-06-12 00:45:00,13.1
2025-06-12 16:12:00,67.0
2025-06-12 04:14:00,47.5
2025-06-12 04:46:00,8.7
2025-06-12 04:13:00,26.5
2025-06-12 06:57:00,61.2
2025-06-12 21:43:00,17.0
2025-06-12 07:18:00,50.15747328871669
2025-06-12 10:34:00,93.5
2025-06-12 00:13:00,62.7
2025-06-12 19:35:00,3.6
2025-06-12 21:18:00,87.8
2025-06-12 01:17:00,69.4
2025-06-12 15:51:00,7.9
2025-06-12 11:33:00,67.1
2025-06-12 22:46:00,72.4
2025-06-12 19:18:00,81.7
2025-06-12 00:14:00,37.8
2025-06-12 18:31:00,76.3
2025-06-12 15:13:00,6.9
2025-06-12 18:11:00,6.5
2025-06-12 18:04:00,62.6
2025-06-12 05:45:00,68.5
2025-06-12 03:42:00,30.3
2025-06-12 04:58:00,50.15747328871669
2025-06-12 16:22:00,66.4
2025-06-12 13:38:00,67.8
2025-06-12 12:27:00,45.4
2025-06-12 16:35:00,91.8
2025-06-12 18:33:00,8.0
2025-06-12 09:27:00,50.15747328871669
2025-06-12 18:54:00,31.9
2025-06-12 22:29:00,35.8
2025-06-12 06:56:00,41.0
2025-06-12 11:05:00,86.0
2025-06-12 05:39:00,78.4
2025-06-12 10:15:00,94.5
2025-06-12 17:39:00,5.6
2025-06-12 02:56:00,40.4
2025-06-12 09:59:00,9.3
2025-06-12 07:49:00,50.15747328871669
2025-06-12 00:36:00,70.8
2025-06-12 06:26:00,17.3
2025-06-12 15:35:00,2.5
2025-06-12 20:15:00,98.9
2025-06-12 21:09:00,63.6
2025-06-12 08:18:00,52.1
2025-06-12 05:22:00,50.15747328871669
2025-06-12 01:05:00,82.1
2025-06-12 07:20:00,50.15747328871669
2025-06-12 13:47:00,50.3
2025-06-12 01:41:00,50.15747328871669
2025-06-12 22:52:00,39.0
2025-06-12 01:25:00,6.2
2025-06-12 09:05:00,47.6
2025-06-12 13:30:00,79.3
2025-06-12 00:39:00,77.3
2025-06-12 17:48:00,24.0
2025-06-12 02:17:00,24.8
2025-06-12 02:03:00,15.4
2025-06-12 20:33:00,82.9
2025-06-12 19:37:00,54.6
2025-06-12 00:17:00,56.0
2025-06-12 12:12:00,76.9
2025-06-12 04:09:00,79.6
2025-06-12 07:22:00,70.4
2025-06-12 14:59:00,63.0
2025-06-12 06:09:00,33.4
2025-06-12 01:34:00,0.9
2025-06-12 09:14:00,50.15747328871669
2025-06-12 18:34:00,60.5
2025-06-12 22:00:00,41.8
2025-06-12 14:54:00,26.7
2025-06-12 08:24:00,16.5
2025-06-12 09:08:00,37.6
2025-06-12 05:48:00,70.5
2025-06-12 10:06:00,89.2
2025-06-12 12:10:00,99.9
2025-06-12 21:44:00,33.4
2025-06-12 05:17:00,50.15747328871669
2025-06-12 22:44:00,11.9
2025-06-12 09:00:00,61.6
2025-06-12 17:24:00,64.9
2025-06-12 07:07:00,75.1
2025-06-12 15:37:00,79.2
2025-06-12 04:23:00,40.2
2025-06-12 01:31:00,68.5
2025-06-12 23:28:00,13.7
2025-06-12 05:10:00,50.15747328871669
2025-06-12 16:28:00,40.5
2025-06-12 13:51:00,99.2
2025-06-12 18:06:00,11.1
2025-06-12 03:36:00,50.15747328871669
2025-06-12 10:24:00,68.2
2025-06-12 10:37:00,69.9
2025-06-12 17:50:00,48.4
2025-06-12 13:33:00,50.15747328871669
2025-06-12 14:17:00,20.4
2025-06-12 22:23:00,27.0
2025-06-12 04:00:00,95.1
2025-06-12 15:22:00,61.8
2025-06-12 04:31:00,2.5
2025-06-12 23:36:00,50.07997412982127
2025-06-12 10:21:00,75.8
2025-06-12 14:22:00,81.7
2025-06-12 03:13:00,18.8
2025-06-12 00:40:00,63.2
2025-06-12 18:41:00,16.8
2025-06-12 00:12:00,26.5
2025-06-12 01:19:00,49.5
2025-06-12 07:38:00,50.07997412982127
2025-06-12 03:38:00,94.4
2025-06-12 21:36:00,50.07997412982127
2025-06-12 14:05:00,36.1
2025-06-12 06:37:00,50.07997412982127
2025-06-12 18:35:00,50.07997412982127
2025-06-12 18:18:00,3.9
2025-06-12 20:31:00,68.4
2025-06-12 18:19:00,36.8
2025-06-12 23:53:00,61.6
2025-06-12 09:28:00,6.4
2025-06-12 14:00:00,94.0
2025-06-12 00:44:00,37.4
2025-06-12 05:52:00,50.07997412982127
2025-06-12 10:41:00,17.8
2025-06-12 00:18:00,77.8
2025-06-12 12:41:00,5.6
2025-06-12 01:13:00,74.4
2025-06-12 19:58:00,57.5
2025-06-12 23:51:00,90.2
2025-06-12 05:37:00,36.3
2025-06-12 17:16:00,50.07997412982127
2025-06-12 04:40:00,15.2
2025-06-12 15:33:00,54.6
2025-06-12 08:33:00,50.07997412982127
2025-06-12 22:55:00,57.8
2025-06-12 09:58:00,99.4
2025-06-12 16:34:00,50.07997412982127
2025-06-12 09:14:00,17.4
2025-06-12 02:47:00,50.07997412982127
2025-06-12 12:20:00,50.07997412982127
2025-06-12 09:56:00,50.07997412982127
2025-06-12 06:30:00,32.2
2025-06-12 07:01:00,86.7
2025-06-12 03:27:00,71.4
2025-06-12 10:56:00,31.2
2025-06-12 23:02:00,50.07997412982127
2025-06-12 01:59:00,68.0
2025-06-12 19:13:00,50.07997412982127
2025-06-12 14:29:00,30.5
2025-06-12 18:45:00,16.4
2025-06-12 12:03:00,82.0
2025-06-12 10:07:00,59.5
2025-06-12 11:58:00,56.7
2025-06-12 01:15:00,21.0
2025-06-12 16:43:00,15.4
2025-06-12 11:03:00,50.07997412982127
2025-06-12 20:21:00,21.0
2025-06-12 06:47:00,80.4
2025-06-12 20:37:00,29.8
2025-06-12 23:11:00,60.8
2025-06-12 06:50:00,94.4
2025-06-12 21:12:00,57.5
2025-06-12 02:14:00,75.3
2025-06-12 08:40:00,97.4
2025-06-12 20:08:00,66.6
2025-06-12 22:04:00,58.1
2025-06-12 09:47:00,93.1
2025-06-12 20:55:00,50.07997412982127
2025-06-12 01:22:00,10.3
2025-06-12 16:53:00,45.8
2025-06-12 19:35:00,2.6
2025-06-12 23:12:00,50.07997412982127
2025-06-12 18:42:00,87.3
2025-06-12 10:20:00,50.07997412982127
2025-06-12 01:32:00,58.2
2025-06-12 22:34:00,44.5
2025-06-12 18:15:00,29.7
2025-06-12 02:54:00,26.1
2025-06-12 04:30:00,66.7
2025-06-12 09:59:00,50.07997412982127
2025-06-12 00:47:00,33.8
2025-06-12 04:18:00,50.07997412982127
2025-06-12 01:18:00,46.0
2025-06-12 21:21:00,50.07997412982127
2025-06-12 10:02:00,82.5
2025-06-12 18:17:00,50.07997412982127
2025-06-12 21:17:00,50.07997412982127
2025-06-12 18:16:00,12.6
2025-06-12 09:06:00,50.07997412982127
2025-06-12 13:55:00,56.3
2025-06-12 20:52:00,50.07997412982127
2025-06-12 20:26:00,16.3
2025-06-12 18:28:00,92.1
2025-06-12 18:22:00,90.5
2025-06-12 15:44:00,21.9
2025-06-12 07:10:00,30.1
2025-06-12 17:05:00,70.2
2025-06-12 14:44:00,1.1
2025-06-12 04:27:00,62.3
2025-06-12 17:48:00,8.6
2025-06-12 09:35:00,54.5
2025-06-12 11:59:00,27.4
2025-06-12 05:05:00,81.0
2025-06-12 19:02:00,50.07997412982127
2025-06-12 16:14:00,34.9
2025-06-12 02:16:00,50.07997412982127
2025-06-12 02:22:00,50.07997412982127
2025-06-12 11:00:00,82.8
2025-06-12 21:13:00,58.3
2025-06-12 15:19:00,65.8
2025-06-12 15:05:00,41.1
2025-06-12 09:04:00,50.07997412982127
2025-06-12 19:54:00,30.1
2025-06-12 05:26:00,5.1
2025-06-12 21:55:00,64.6
2025-06-12 08:08:00,5.3
2025-06-12 18:47:00,2.1
2025-06-12 00:22:00,4.5
2025-06-12 08:38:00,57.5
2025-06-12 23:06:00,97.8
2025-06-12 02:44:00,67.3
2025-06-12 01:20:00,50.07997412982127
2025-06-12 15:43:00,40.8
2025-06-12 23:04:00,4.4
2025-06-12 10:37:00,50.07997412982127
2025-06-12 06:06:00,94.1
2025-06-12 21:58:00,96.9
2025-06-12 06:01:00,33.8
2025-06-12 15:24:00,99.6
2025-06-12 00:08:00,74.6
2025-06-12 07:49:00,78.0
2025-06-12 21:14:00,50.07997412982127
2025-06-12 11:18:00,28.9
2025-06-12 08:23:00,55.2
2025-06-12 11:57:00,81.5
2025-06-12 09:13:00,39.5
2025-06-12 15:38:00,45.5
2025-06-12 15:51:00,50.07997412982127
2025-06-12 12:57:00,50.07997412982127
2025-06-12 04:32:00,13.8
2025-06-12 12:37:00,42.7
2025-06-12 23:43:00,85.9
2025-06-12 13:52:00,80.0
2025-06-12 07:14:00,13.8
2025-06-12 01:55:00,62.9
2025-06-12 21:46:00,80.3
2025-06-12 23:54:00,95.8
2025-06-12 09:42:00,30.7
2025-06-12 09:38:00,89.8
2025-06-12 09:37:00,85.5
2025-06-12 23:21:00,50.07997412982127
2025-06-12 14:19:00,8.3
2025-06-12 01:53:00,76.9
2025-06-12 20:20:00,85.5
2025-06-12 06:25:00,93.4
2025-06-12 21:18:00,17.4
2025-06-12 03:08:00,50.07997412982127
2025-06-12 03:48:00,46.5
2025-06-12 13:12:00,2.5
2025-06-12 15:03:00,11.4
2025-06-12 06:24:00,43.3
2025-06-12 15:30:00,80.2
2025-06-12 16:06:00,38.5
2025-06-12 18:36:00,50.07997412982127
2025-06-12 10:29:00,61.7
2025-06-12 12:36:00,11.0
2025-06-12 03:53:00,61.4
2025-06-12 20:41:00,51.0
2025-06-12 11:41:00,41.8
2025-06-12 00:19:00,24.1
2025-06-12 01:48:00,38.3
2025-06-12 20:25:00,42.8
2025-06-12 02:29:00,22.6
2025-06-12 07:57:00,50.07997412982127
2025-06-12 19:26:00,94.4
2025-06-12 00:23:00,77.2
2025-06-12 10:24:00,13.6
2025-06-12 10:43:00,32.9
2025-06-12 18:39:00,88.0
2025-06-12 03:12:00,29.8
2025-06-12 16:51:00,90.9
2025-06-12 03:18:00,50.07997412982127
2025-06-12 22:29:00,67.0
2025-06-12 00:15:00,17.5
2025-06-12 03:05:00,22.2
2025-06-12 14:43:00,97.6
2025-06-12 15:56:00,55.4
2025-06-12 22:07:00,81.3
2025-06-12 08:21:00,54.1
2025-06-12 23:47:00,61.6
2025-06-12 16:03:00,93.5
2025-06-12 21:44:00,1.5
2025-06-12 08:36:00,50.07997412982127
2025-06-12 17:28:00,65.2
2025-06-12 09:25:00,50.07997412982127
2025-06-12 10:08:00,57.6
2025-06-12 03:45:00,50.07997412982127
2025-06-12 09:01:00,50.07997412982127
2025-06-12 15:16:00,27.3
2025-06-12 23:18:00,50.07997412982127
2025-06-12 22:15:00,51.9
2025-06-12 04:50:00,17.6
2025-06-12 18:38:00,92.6
2025-06-12 15:08:00,97.2
2025-06-12 08:30:00,43.1
2025-06-12 07:13:00,94.0
2025-06-12 08:05:00,45.8
2025-06-12 18:34:00,27.5
2025-06-12 15:07:00,29.8
2025-06-12 16:08:00,15.0
2025-06-12 21:30:00,30.2
2025-06-12 03:51:00,64.7
2025-06-12 10:09:00,47.2
2025-06-12 17:14:00,30.6
2025-06-12 03:21:00,32.8
2025-06-12 08:54:00,66.3
2025-06-12 23:09:00,11.6
2025-06-12 03:47:00,88.0
2025-06-12 10:33:00,37.4
2025-06-12 06:07:00,13.7
2025-06-12 12:08:00,20.6
2025-06-12 12:32:00,25.6
2025-06-12 23:05:00,64.7
2025-06-12 04:13:00,6.1
2025-06-12 06:48:00,18.0
2025-06-12 12:38:00,97.4
2025-06-12 02:10:00,50.07997412982127
2025-06-12 23:48:00,75.6
2025-06-12 01:37:00,2.4
2025-06-12 20:39:00,65.4
2025-06-12 17:51:00,11.4
2025-06-12 15:54:00,80.6
2025-06-12 07:11:00,25.0
2025-06-12 14:18:00,50.07997412982127
2025-06-12 19:59:00,94.7
2025-06-12 20:04:00,4.5
2025-06-12 00:59:00,44.4
2025-06-12 12:28:00,26.0
2025-06-12 15:40:00,87.5
2025-06-12 21:49:00,88.7
2025-06-12 08:42:00,13.3
2025-06-12 01:38:00,97.7
2025-06-12 12:27:00,18.3
2025-06-12 22:42:00,68.5
2025-06-12 10:38:00,75.7
2025-06-12 00:13:00,70.7
2025-06-12 03:24:00,20.1
2025-06-12 06:12:00,70.2
2025-06-12 12:34:00,99.5
2025-06-12 00:49:00,6.9
2025-06-12 22:59:00,42.3
2025-06-12 03:17:00,87.9
2025-06-12 22:11:00,22.3
2025-06-12 07:56:00,50.07997412982127
2025-06-12 06:41:00,50.07997412982127
2025-06-12 05:11:00,65.2
2025-06-12 06:49:00,54.5
2025-06-12 08:55:00,50.07997412982127
2025-06-12 09:03:00,11.1
2025-06-12 05:55:00,84.4
2025-06-12 23:26:00,59.8
2025-06-12 13:33:00,26.5
2025-06-12 18:24:00,35.3
2025-06-12 14:46:00,20.7
2025-06-12 01:45:00,40.6
2025-06-12 10:12:00,66.0
2025-06-12 15:00:00,59.1
2025-06-12 22:38:00,50.07997412982127
2025-06-12 17:54:00,50.07997412982127
2025-06-12 07:22:00,50.07997412982127
2025-06-12 07:20:00,50.07997412982127
2025-06-12 05:54:00,14.1
2025-06-12 10:59:00,88.2
2025-06-12 00:28:00,91.5
2025-06-12 07:54:00,73.0
2025-06-12 12:05:00,55.9
2025-06-12 02:48:00,99.4
2025-06-12 16:45:00,2.7
2025-06-12 11:46:00,56.8
2025-06-12 15:14:00,48.8
2025-06-12 13:39:00,50.07997412982127
2025-06-12 18:05:00,31.6
2025-06-12 19:32:00,2.2
2025-06-12 18:56:00,16.9
2025-06-12 18:42:00,45.3
2025-06-12 23:46:00,43.3
2025-06-12 13:17:00,54.2
2025-06-12 13:31:00,58.9
2025-06-12 03:08:00,17.9
2025-06-12 14:42:00,83.2
2025-06-12 13:16:00,76.2
2025-06-12 22:29:00,42.9
2025-06-12 08:08:00,27.8
2025-06-12 03:41:00,90.2
2025-06-12 19:19:00,24.4
2025-06-12 19:29:00,48.4
2025-06-12 09:25:00,49.822039706925075
2025-06-12 02:16:00,16.3
2025-06-12 21:46:00,3.6
2025-06-12 10:06:00,8.6
2025-06-12 14:34:00,9.8
2025-06-12 23:49:00,49.822039706925075
2025-06-12 10:59:00,54.5
2025-06-12 08:48:00,7.6
2025-06-12 04:33:00,49.822039706925075
2025-06-12 13:37:00,43.2
2025-06-12 04:35:00,81.6
2025-06-12 11:28:00,26.1
2025-06-12 14:31:00,7.9
2025-06-12 04:08:00,84.8
2025-06-12 23:14:00,87.7
2025-06-12 03:37:00,19.6
2025-06-12 16:25:00,5.6
2025-06-12 01:47:00,67.0
2025-06-12 11:53:00,28.9
2025-06-12 11:46:00,98.8
2025-06-12 17:31:00,49.822039706925075
2025-06-12 05:26:00,33.0
2025-06-12 19:32:00,44.3
2025-06-12 20:26:00,79.4
2025-06-12 00:40:00,13.3
2025-06-12 11:48:00,45.1
2025-06-12 11:33:00,11.8
2025-06-12 08:31:00,32.9
2025-06-12 01:55:00,13.0
2025-06-12 19:50:00,91.4
2025-06-12 14:00:00,26.9
2025-06-12 09:53:00,46.0
2025-06-12 22:57:00,46.7
2025-06-12 13:22:00,7.3
2025-06-12 07:55:00,45.9
2025-06-12 09:54:00,49.822039706925075
2025-06-12 02:20:00,43.1
2025-06-12 06:25:00,67.6
2025-06-12 12:40:00,49.822039706925075
2025-06-12 11:02:00,74.7
2025-06-12 21:43:00,94.5
2025-06-12 23:24:00,78.9
2025-06-12 17:57:00,92.8
2025-06-12 09:27:00,49.822039706925075
2025-06-12 06:23:00,81.1
2025-06-12 05:28:00,89.8
2025-06-12 07:40:00,16.9
2025-06-12 18:13:00,74.9
2025-06-12 09:35:00,49.822039706925075
2025-06-12 23:08:00,81.1
2025-06-12 16:23:00,84.0
2025-06-12 13:26:00,17.6
2025-06-12 15:12:00,65.5
2025-06-12 03:29:00,70.3
2025-06-12 14:26:00,49.822039706925075
2025-06-12 18:15:00,85.3
2025-06-12 09:04:00,49.822039706925075
2025-06-12 12:34:00,88.2
2025-06-12 22:43:00,19.1
2025-06-12 06:43:00,95.3
2025-06-12 06:30:00,94.8
2025-06-12 07:12:00,49.822039706925075
2025-06-12 04:36:00,72.1
2025-06-12 07:44:00,63.0
2025-06-12 19:17:00,27.3
2025-06-12 16:09:00,77.1
2025-06-12 09:37:00,51.6
2025-06-12 01:22:00,31.1
2025-06-12 03:47:00,6.6
2025-06-12 11:41:00,69.1
2025-06-12 09:32:00,64.2
2025-06-12 12:03:00,78.1
2025-06-12 02:31:00,50.8
2025-06-12 03:52:00,31.6
2025-06-12 02:01:00,88.2
2025-06-12 21:48:00,70.0
2025-06-12 21:17:00,44.9
2025-06-12 23:31:00,22.8
2025-06-12 00:01:00,24.0
2025-06-12 20:35:00,49.822039706925075
2025-06-12 10:34:00,52.9
2025-06-12 20:22:00,19.0
2025-06-12 18:48:00,52.1
2025-06-12 07:46:00,82.1
2025-06-12 19:37:00,90.4
2025-06-12 15:48:00,23.8
2025-06-12 03:15:00,49.6
2025-06-12 10:49:00,49.822039706925075
2025-06-12 23:13:00,9.7
2025-06-12 22:47:00,76.9
2025-06-12 01:34:00,5.5
2025-06-12 19:57:00,21.9
2025-06-12 00:27:00,9.4
2025-06-12 21:04:00,58.3
2025-06-12 00:29:00,49.822039706925075
2025-06-12 20:16:00,60.0
2025-06-12 09:23:00,27.3
2025-06-12 12:57:00,40.4
2025-06-12 09:52:00,45.0
2025-06-12 18:11:00,19.1
2025-06-12 07:23:00,4.2
2025-06-12 06:20:00,90.5
2025-06-12 03:49:00,92.8
2025-06-12 15:37:00,62.6
2025-06-12 14:56:00,72.8
2025-06-12 01:12:00,49.822039706925075
2025-06-12 04:32:00,79.5
2025-06-12 17:44:00,48.9
2025-06-12 19:04:00,6.9
2025-06-12 12:15:00,90.8
2025-06-12 05:29:00,86.7
2025-06-12 21:35:00,49.822039706925075
2025-06-12 01:38:00,48.5
2025-06-12 06:14:00,21.1
2025-06-12 18:50:00,60.8
2025-06-12 04:46:00,52.9
2025-06-12 03:36:00,34.3
2025-06-12 06:05:00,73.7
2025-06-12 21:52:00,2.4
2025-06-12 17:37:00,49.822039706925075
2025-06-12 13:19:00,37.3
2025-06-12 06:24:00,59.7
2025-06-12 00:20:00,12.1
2025-06-12 13:49:00,49.822039706925075
2025-06-12 12:11:00,92.0
2025-06-12 14:54:00,49.822039706925075
2025-06-12 05:53:00,5.5
2025-06-12 21:57:00,49.822039706925075
2025-06-12 22:39:00,89.0
2025-06-12 09:07:00,42.9
2025-06-12 09:43:00,80.5
2025-06-12 23:38:00,59.5
2025-06-12 07:04:00,49.822039706925075
2025-06-12 16:45:00,87.2
2025-06-12 19:43:00,67.9
2025-06-12 10:27:00,6.2
2025-06-12 11:05:00,24.7
2025-06-12 15:05:00,49.822039706925075
2025-06-12 01:50:00,49.4
2025-06-12 12:13:00,68.1
2025-06-12 09:03:00,43.1
2025-06-12 00:04:00,6.0
2025-06-12 11:42:00,17.4
2025-06-12 00:57:00,85.3
2025-06-12 09:26:00,55.8
2025-06-12 12:55:00,16.3
2025-06-12 22:40:00,81.7
2025-06-12 04:48:00,56.0
2025-06-12 14:43:00,49.822039706925075
2025-06-12 15:28:00,4.1
2025-06-12 17:07:00,90.7
2025-06-12 11:49:00,16.3
2025-06-12 19:00:00,50.9
2025-06-12 17:18:00,88.5
2025-06-12 02:36:00,28.1
2025-06-12 09:39:00,57.1
2025-06-12 01:40:00,18.5
2025-06-12 16:19:00,1.7
2025-06-12 12:02:00,60.8
2025-06-12 01:13:00,94.4
2025-06-12 10:40:00,75.4
2025-06-12 04:24:00,26.5
2025-06-12 04:37:00,49.822039706925075
2025-06-12 18:25:00,28.7
2025-06-12 20:46:00,54.7
2025-06-12 14:27:00,26.8
2025-06-12 13:11:00,51.6
2025-06-12 11:36:00,79.0
2025-06-12 07:18:00,71.6
2025-06-12 09:24:00,45.4
2025-06-12 14:35:00,30.7
2025-06-12 04:15:00,49.4
2025-06-12 21:56:00,1.3
2025-06-12 12:10:00,95.3
2025-06-12 02:58:00,26.0
2025-06-12 22:16:00,53.7
2025-06-12 21:45:00,49.822039706925075
2025-06-12 07:49:00,35.6
2025-06-12 07:56:00,49.822039706925075
2025-06-12 12:23:00,79.3
2025-06-12 23:03:00,11.0
2025-06-12 09:11:00,44.0
2025-06-12 14:02:00,84.0
2025-06-12 09:47:00,14.6
2025-06-12 01:41:00,49.822039706925075
2025-06-12 00:25:00,71.9
2025-06-12 04:13:00,49.822039706925075
2025-06-12 01:11:00,91.2
2025-06-12 10:51:00,63.5
2025-06-12 07:39:00,69.8
2025-06-12 08:13:00,70.4
2025-06-12 18:27:00,55.4
2025-06-12 22:58:00,98.7
2025-06-12 13:14:00,80.2
2025-06-12 23:02:00,49.822039706925075
2025-06-12 23:34:00,60.9
2025-06-12 23:54:00,89.8
2025-06-12 07:16:00,18.8
2025-06-12 05:00:00,49.822039706925075
2025-06-12 22:08:00,98.1
2025-06-12 15:21:00,97.3
2025-06-12 19:13:00,65.3
2025-06-12 04:34:00,53.1
2025-06-12 20:12:00,74.3
2025-06-12 20:10:00,76.4
2025-06-12 17:59:00,71.0
2025-06-12 08:30:00,49.822039706925075
2025-06-12 16:20:00,49.822039706925075
2025-06-12 21:58:00,49.822039706925075
2025-06-12 06:13:00,11.9
2025-06-12 17:52:00,31.5
2025-06-12 09:29:00,21.9
2025-06-12 15:11:00,36.0
2025-06-12 17:10:00,67.7
2025-06-12 11:23:00,72.3
2025-06-12 02:24:00,90.4
2025-06-12 19:07:00,14.6
2025-06-12 07:17:00,33.7
2025-06-12 14:07:00,49.822039706925075
2025-06-12 13:47:00,36.3
2025-06-12 03:44:00,96.8
2025-06-12 01:20:00,56.2
2025-06-12 16:37:00,82.9
2025-06-12 01:18:00,58.2
2025-06-12 17:14:00,63.3
2025-06-12 04:01:00,34.9
2025-06-12 10:05:00,25.0
2025-06-12 11:44:00,88.1
2025-06-12 06:59:00,72.0
2025-06-12 23:51:00,31.2
2025-06-12 18:46:00,67.8
2025-06-12 16:36:00,53.9
2025-06-12 13:33:00,62.8
2025-06-12 04:12:00,49.822039706925075
2025-06-12 12:17:00,48.4
2025-06-12 22:59:00,67.2
2025-06-12 06:06:00,33.9
2025-06-12 14:22:00,49.822039706925075
2025-06-12 11:03:00,42.7
2025-06-12 01:30:00,32.2
2025-06-12 14:20:00,38.8
2025-06-12 16:35:00,71.7
2025-06-12 15:07:00,25.7
2025-06-12 21:00:00,87.3
2025-06-12 01:57:00,49.822039706925075
2025-06-12 21:03:00,52.1
2025-06-12 05:50:00,73.5
2025-06-12 04:43:00,78.8
2025-06-12 16:51:00,63.0
2025-06-12 22:55:00,49.822039706925075
2025-06-12 22:03:00,49.4
2025-06-12 15:43:00,49.822039706925075
2025-06-12 21:30:00,13.5
2025-06-12 04:39:00,41.2
2025-06-12 08:49:00,91.5
2025-06-12 23:00:00,22.0
2025-06-12 21:11:00,23.8
2025-06-12 18:47:00,68.3
2025-06-12 16:34:00,81.9
2025-06-12 02:17:00,49.822039706925075
2025-06-12 01:33:00,77.4
2025-06-12 14:28:00,84.7
2025-06-12 05:31:00,74.1
2025-06-12 18:35:00,61.2
2025-06-12 21:24:00,97.6
2025-06-12 00:45:00,27.9
2025-06-12 20:01:00,91.3
2025-06-12 06:10:00,6.3
2025-06-12 10:53:00,9.4
2025-06-12 12:30:00,30.9
2025-06-12 04:44:00,61.5
2025-06-12 11:30:00,20.3
2025-06-12 22:07:00,73.8
2025-06-12 12:34:00,50.313785814936594
2025-06-12 02:56:00,95.5
2025-06-12 10:49:00,0.3
2025-06-12 21:31:00,77.5
2025-06-12 14:32:00,50.313785814936594
2025-06-12 12:36:00,50.313785814936594
2025-06-12 06:43:00,6.1
2025-06-12 15:17:00,50.313785814936594
2025-06-12 08:56:00,65.3
2025-06-12 11:00:00,11.0
2025-06-12 13:22:00,50.313785814936594
2025-06-12 07:16:00,23.4
2025-06-12 04:53:00,46.9
2025-06-12 13:56:00,37.6
2025-06-12 06:19:00,54.0
2025-06-12 10:35:00,50.4
2025-06-12 08:22:00,94.2
2025-06-12 02:05:00,23.1
2025-06-12 23:32:00,43.2
2025-06-12 18:05:00,33.5
2025-06-12 09:52:00,50.313785814936594
2025-06-12 13:18:00,22.7
2025-06-12 23:37:00,24.7
2025-06-12 04:46:00,3.4
2025-06-12 03:22:00,54.0
2025-06-12 19:39:00,50.313785814936594
2025-06-12 18:31:00,63.2
2025-06-12 02:32:00,32.9
2025-06-12 23:02:00,86.1
2025-06-12 08:01:00,64.8
2025-06-12 02:53:00,50.313785814936594
2025-06-12 23:45:00,67.6
2025-06-12 13:23:00,47.2
2025-06-12 09:18:00,94.6
2025-06-12 18:50:00,24.5
2025-06-12 03:58:00,3.5
2025-06-12 02:45:00,51.3
2025-06-12 15:43:00,72.6
2025-06-12 06:28:00,18.5
2025-06-12 01:05:00,64.4
2025-06-12 02:48:00,98.7
2025-06-12 08:32:00,58.2
2025-06-12 01:46:00,50.313785814936594
2025-06-12 06:58:00,68.1
2025-06-12 09:09:00,40.3
2025-06-12 13:01:00,90.3
2025-06-12 11:51:00,50.313785814936594
2025-06-12 10:24:00,86.8
2025-06-12 13:59:00,63.7
2025-06-12 03:02:00,69.7
2025-06-12 02:42:00,3.1
2025-06-12 03:31:00,53.1
2025-06-12 09:48:00,47.2
2025-06-12 07:11:00,88.9
2025-06-12 07:56:00,50.313785814936594
2025-06-12 08:25:00,13.4
2025-06-12 01:50:00,40.4
2025-06-12 08:33:00,90.3
2025-06-12 10:53:00,39.2
2025-06-12 11:44:00,28.3
2025-06-12 17:09:00,63.0
2025-06-12 17:33:00,28.5
2025-06-12 14:10:00,23.7
2025-06-12 13:58:00,21.9
2025-06-12 08:05:00,40.1
2025-06-12 11:39:00,85.2
2025-06-12 06:42:00,84.3
2025-06-12 18:54:00,69.4
2025-06-12 22:23:00,50.313785814936594
2025-06-12 11:43:00,37.7
2025-06-12 21:30:00,52.5
2025-06-12 03:33:00,8.7
2025-06-12 00:37:00,50.313785814936594
2025-06-12 23:58:00,43.4
2025-06-12 22:43:00,42.1
2025-06-12 04:02:00,48.7
2025-06-12 12:04:00,14.2
2025-06-12 16:25:00,2.5
2025-06-12 16:34:00,47.3
2025-06-12 02:08:00,0.8
2025-06-12 02:00:00,50.313785814936594
2025-06-12 19:30:00,20.4
2025-06-12 05:59:00,81.5
2025-06-12 20:20:00,75.1
2025-06-12 05:01:00,88.7
2025-06-12 16:02:00,30.0
2025-06-12 22:52:00,49.7
2025-06-12 00:29:00,37.0
2025-06-12 23:33:00,65.1
2025-06-12 18:42:00,18.4
2025-06-12 22:59:00,66.4
2025-06-12 21:44:00,58.8
2025-06-12 08:27:00,60.3
2025-06-12 04:30:00,71.6
2025-06-12 11:20:00,12.8
2025-06-12 22:49:00,57.8
2025-06-12 00:39:00,67.5
2025-06-12 19:36:00,31.0
2025-06-12 20:21:00,46.4
2025-06-12 07:58:00,69.3
2025-06-12 06:06:00,69.1
2025-06-12 04:50:00,29.4
2025-06-12 22:32:00,30.6
2025-06-12 05:51:00,91.9
2025-06-12 16:59:00,80.0
2025-06-12 01:15:00,40.8
2025-06-12 18:08:00,56.3
2025-06-12 12:40:00,11.7
2025-06-12 17:58:00,58.0
2025-06-12 08:57:00,59.2
2025-06-12 08:12:00,34.5
2025-06-12 03:18:00,18.4
2025-06-12 18:36:00,88.1
2025-06-12 12:17:00,82.9
2025-06-12 16:48:00,50.313785814936594
2025-06-12 05:21:00,50.313785814936594
2025-06-12 00:46:00,50.313785814936594
2025-06-12 01:11:00,50.313785814936594
2025-06-12 08:52:00,10.3
2025-06-12 17:11:00,15.4
2025-06-12 04:49:00,50.313785814936594
2025-06-12 09:54:00,88.0
2025-06-12 17:35:00,94.9
2025-06-12 14:27:00,50.313785814936594
2025-06-12 18:20:00,88.9
2025-06-12 18:41:00,42.5
2025-06-12 18:14:00,94.6
2025-06-12 11:05:00,32.9
2025-06-12 03:25:00,4.5
2025-06-12 09:10:00,50.313785814936594
2025-06-12 21:08:00,5.4
2025-06-12 07:15:00,23.5
2025-06-12 12:09:00,42.7
2025-06-12 00:26:00,54.5
2025-06-12 22:45:00,13.7
2025-06-12 22:46:00,9.5
2025-06-12 21:56:00,16.1
2025-06-12 19:22:00,81.2
2025-06-12 05:35:00,56.2
2025-06-12 07:38:00,84.8
2025-06-12 23:48:00,55.0
2025-06-12 04:18:00,22.4
2025-06-12 08:38:00,50.313785814936594
2025-06-12 08:43:00,59.3
2025-06-12 12:02:00,60.4
2025-06-12 19:34:00,96.9
2025-06-12 01:49:00,55.4
2025-06-12 03:32:00,11.4
2025-06-12 21:34:00,89.3
2025-06-12 14:51:00,50.313785814936594
2025-06-12 10:38:00,63.1
2025-06-12 07:21:00,60.9
2025-06-12 17:56:00,57.5
2025-06-12 10:14:00,32.7
2025-06-12 12:19:00,50.313785814936594
2025-06-12 02:14:00,8.6
2025-06-12 01:38:00,30.7
2025-06-12 22:04:00,11.5
2025-06-12 12:58:00,64.7
2025-06-12 20:25:00,63.3
2025-06-12 04:04:00,50.313785814936594
2025-06-12 19:12:00,50.313785814936594
2025-06-12 08:45:00,21.2
2025-06-12 05:11:00,87.8
2025-06-12 09:23:00,85.9
2025-06-12 11:37:00,49.9
2025-06-12 15:23:00,19.9
2025-06-12 10:48:00,90.0
2025-06-12 11:32:00,0.5
2025-06-12 19:19:00,8.2
2025-06-12 06:08:00,39.4
2025-06-12 04:25:00,25.6
2025-06-12 06:22:00,19.9
2025-06-12 17:00:00,17.0
2025-06-12 12:03:00,48.7
2025-06-12 08:02:00,76.3
2025-06-12 20:12:00,50.313785814936594
2025-06-12 01:20:00,99.3
2025-06-12 15:09:00,99.8
2025-06-12 09:07:00,0.2
2025-06-12 20:35:00,81.9
2025-06-12 13:08:00,50.313785814936594
2025-06-12 04:35:00,34.3
2025-06-12 21:20:00,50.313785814936594
2025-06-12 10:45:00,84.6
2025-06-12 10:51:00,64.1
2025-06-12 16:57:00,93.1
2025-06-12 21:46:00,13.0
2025-06-12 10:15:00,88.8
2025-06-12 19:40:00,66.1
2025-06-12 04:08:00,63.8
2025-06-12 04:58:00,76.0
2025-06-12 14:31:00,51.3
2025-06-12 21:49:00,36.6
2025-06-12 05:37:00,72.7
2025-06-12 14:56:00,78.7
2025-06-12 18:52:00,59.9
2025-06-12 21:01:00,83.8
2025-06-12 17:17:00,8.8
2025-06-12 01:31:00,48.5
2025-06-12 20:05:00,82.1
2025-06-12 17:30:00,30.1
2025-06-12 04:24:00,68.2
2025-06-12 16:20:00,61.2
2025-06-12 05:14:00,90.6
2025-06-12 00:17:00,11.0
2025-06-12 06:18:00,2.4
2025-06-12 12:49:00,73.5
2025-06-12 12:46:00,24.7
2025-06-12 10:08:00,8.4
2025-06-12 02:24:00,50.313785814936594
2025-06-12 02:16:00,50.313785814936594
2025-06-12 17:15:00,39.9
2025-06-12 04:28:00,85.9
2025-06-12 17:14:00,77.5
2025-06-12 11:45:00,3.0
2025-06-12 16:22:00,35.6
2025-06-12 07:49:00,50.313785814936594
2025-06-12 12:55:00,88.1
2025-06-12 13:17:00,89.0
2025-06-12 04:09:00,33.7
2025-06-12 19:02:00,66.3
2025-06-12 02:59:00,7.0
2025-06-12 11:53:00,22.3
2025-06-12 05:48:00,16.0
2025-06-12 11:22:00,75.9
2025-06-12 20:48:00,50.313785814936594
2025-06-12 12:57:00,99.3
2025-06-12 16:56:00,59.7
2025-06-12 23:29:00,4.1
2025-06-12 19:28:00,0.3
2025-06-12 05:43:00,86.4
2025-06-12 13:20:00,50.313785814936594
2025-06-12 10:25:00,32.3
2025-06-12 20:23:00,97.8
2025-06-12 20:57:00,93.8
2025-06-12 05:36:00,79.8
2025-06-12 04:12:00,22.3
2025-06-12 09:21:00,81.6
2025-06-12 17:29:00,41.1
2025-06-12 01:02:00,60.7
2025-06-12 23:56:00,74.9
2025-06-12 01:13:00,93.7
2025-06-12 05:27:00,36.3
2025-06-12 11:52:00,68.5
2025-06-12 14:12:00,50.313785814936594
2025-06-12 00:09:00,32.1
2025-06-12 03:48:00,61.5
2025-06-12 01:39:00,93.1
2025-06-12 13:30:00,43.6
2025-06-12 15:14:00,90.4
2025-06-12 09:38:00,26.6
2025-06-12 08:58:00,50.313785814936594
2025-06-12 21:54:00,50.6
2025-06-12 19:48:00,70.9
2025-06-12 05:03:00,25.2
2025-06-12 04:23:00,23.0
2025-06-12 19:04:00,50.313785814936594
2025-06-12 05:28:00,64.6
2025-06-12 10:30:00,58.2
2025-06-12 18:04:00,85.8
2025-06-12 08:33:00,39.3
2025-06-12 22:54:00,19.6
2025-06-12 01:53:00,49.947505013566115
2025-06-12 03:18:00,51.2
2025-06-12 08:14:00,40.7
2025-06-12 03:15:00,25.1
2025-06-12 16:54:00,49.947505013566115
2025-06-12 06:34:00,17.4
2025-06-12 10:29:00,41.9
2025-06-12 06:43:00,76.1
2025-06-12 13:01:00,69.8
2025-06-12 22:26:00,9.2
2025-06-12 05:30:00,85.0
2025-06-12 22:07:00,7.7
2025-06-12 09:05:00,31.2
2025-06-12 20:24:00,34.6
2025-06-12 15:03:00,55.6
2025-06-12 10:32:00,54.8
2025-06-12 18:16:00,0.1
2025-06-12 08:24:00,20.3
2025-06-12 20:09:00,76.2
2025-06-12 01:24:00,5.2
2025-06-12 13:16:00,22.9
2025-06-12 01:13:00,29.4
2025-06-12 02:38:00,45.4
2025-06-12 14:57:00,1.7
2025-06-12 10:12:00,49.947505013566115
2025-06-12 13:29:00,49.947505013566115
2025-06-12 05:03:00,75.2
2025-06-12 02:01:00,40.6
2025-06-12 22:17:00,49.0
2025-06-12 20:12:00,24.7
2025-06-12 06:11:00,9.1
2025-06-12 19:50:00,31.5
2025-06-12 17:12:00,49.6
2025-06-12 06:05:00,53.1
2025-06-12 16:55:00,20.1
2025-06-12 02:35:00,49.947505013566115
2025-06-12 23:14:00,74.2
2025-06-12 03:45:00,12.9
2025-06-12 02:00:00,27.9
2025-06-12 06:55:00,26.3
2025-06-12 01:10:00,49.947505013566115
2025-06-12 23:54:00,39.8
2025-06-12 06:46:00,49.947505013566115
2025-06-12 09:23:00,76.2
2025-06-12 01:51:00,29.7
2025-06-12 23:34:00,36.6
2025-06-12 02:47:00,27.1
2025-06-12 05:47:00,28.1
2025-06-12 07:52:00,36.0
2025-06-12 00:11:00,49.947505013566115
2025-06-12 14:08:00,49.947505013566115
2025-06-12 08:15:00,76.7
2025-06-12 20:06:00,49.947505013566115
2025-06-12 00:16:00,49.947505013566115
2025-06-12 05:37:00,93.0
2025-06-12 09:41:00,70.2
2025-06-12 05:29:00,93.1
2025-06-12 02:18:00,54.0
2025-06-12 07:35:00,49.947505013566115
2025-06-12 10:06:00,97.7
2025-06-12 06:40:00,85.9
2025-06-12 15:02:00,86.1
2025-06-12 22:56:00,79.9
2025-06-12 02:48:00,85.0
2025-06-12 07:02:00,5.5
2025-06-12 14:09:00,21.0
2025-06-12 09:19:00,33.8
2025-06-12 07:03:00,49.947505013566115
2025-06-12 10:41:00,32.6
2025-06-12 19:09:00,22.0
2025-06-12 18:37:00,42.4
2025-06-12 00:43:00,36.9
2025-06-12 16:33:00,22.6
2025-06-12 20:01:00,49.947505013566115
2025-06-12 03:26:00,69.8
2025-06-12 15:20:00,27.4
2025-06-12 05:27:00,60.3
2025-06-12 18:35:00,69.0
2025-06-12 14:05:00,67.7
2025-06-12 18:46:00,49.947505013566115
2025-06-12 17:11:00,55.3
2025-06-12 03:35:00,49.947505013566115
2025-06-12 05:43:00,6.8
2025-06-12 05:01:00,49.947505013566115
2025-06-12 19:17:00,98.5
2025-06-12 16:46:00,29.2
2025-06-12 05:38:00,4.3
2025-06-12 07:50:00,63.7
2025-06-12 21:06:00,89.7
2025-06-12 06:52:00,77.2
2025-06-12 08:59:00,49.947505013566115
2025-06-12 06:57:00,49.947505013566115
2025-06-12 06:58:00,92.8
2025-06-12 23:31:00,13.3
2025-06-12 01:08:00,49.947505013566115
2025-06-12 00:17:00,55.7
2025-06-12 10:53:00,1.9
2025-06-12 09:09:00,12.7
2025-06-12 04:46:00,49.947505013566115
2025-06-12 05:12:00,61.2
2025-06-12 16:30:00,45.3
2025-06-12 09:33:00,49.947505013566115
2025-06-12 08:12:00,34.4
2025-06-12 22:25:00,49.947505013566115
2025-06-12 06:17:00,16.7
2025-06-12 23:08:00,61.7
2025-06-12 04:19:00,17.3
2025-06-12 01:15:00,30.4
2025-06-12 07:11:00,37.8
2025-06-12 06:04:00,16.6
2025-06-12 01:05:00,17.9
2025-06-12 01:39:00,36.5
2025-06-12 21:34:00,85.5
2025-06-12 03:28:00,68.3
2025-06-12 21:52:00,49.947505013566115
2025-06-12 12:47:00,89.0
2025-06-12 07:13:00,1.3
2025-06-12 19:45:00,78.4
2025-06-12 03:37:00,31.2
2025-06-12 01:30:00,49.947505013566115
2025-06-12 17:51:00,39.1
2025-06-12 19:06:00,50.7
2025-06-12 12:06:00,19.5
2025-06-12 01:40:00,49.947505013566115
2025-06-12 21:09:00,63.9
2025-06-12 12:20:00,20.5
2025-06-12 14:11:00,71.4
2025-06-12 10:43:00,49.947505013566115
2025-06-12 13:02:00,68.6
2025-06-12 17:22:00,1.0
2025-06-12 15:56:00,77.6
2025-06-12 10:40:00,91.7
2025-06-12 19:15:00,80.6
2025-06-12 02:58:00,27.2
2025-06-12 07:25:00,8.9
2025-06-12 19:51:00,39.3
2025-06-12 12:59:00,11.0
2025-06-12 03:31:00,50.1
2025-06-12 15:43:00,63.1
2025-06-12 19:03:00,5.1
2025-06-12 23:06:00,71.0
2025-06-12 08:07:00,81.3
2025-06-12 20:51:00,89.8
2025-06-12 11:20:00,76.5
2025-06-12 02:17:00,6.5
2025-06-12 01:56:00,80.7
2025-06-12 16:34:00,93.9
2025-06-12 09:44:00,49.947505013566115
2025-06-12 09:53:00,49.947505013566115
2025-06-12 08:19:00,12.1
2025-06-12 16:27:00,67.5
2025-06-12 20:42:00,21.5
2025-06-12 12:36:00,78.4
2025-06-12 23:42:00,56.0
2025-06-12 00:03:00,49.947505013566115
2025-06-12 00:35:00,8.5
2025-06-12 12:53:00,73.7
2025-06-12 12:56:00,9.1
2025-06-12 21:31:00,5.6
2025-06-12 05:48:00,3.8
2025-06-12 19:23:00,51.2
2025-06-12 23:32:00,64.7
2025-06-12 00:19:00,28.2
2025-06-12 05:22:00,3.9
2025-06-12 10:16:00,49.947505013566115
2025-06-12 20:29:00,53.0
2025-06-12 23:36:00,43.3
2025-06-12 10:39:00,25.1
2025-06-12 20:56:00,1.0
2025-06-12 22:27:00,22.6
2025-06-12 09:48:00,79.3
2025-06-12 00:27:00,86.0
2025-06-12 22:08:00,5.6
2025-06-12 18:03:00,86.9
2025-06-12 17:30:00,7.6
2025-06-12 22:53:00,49.5
2025-06-12 14:39:00,49.947505013566115
2025-06-12 14:03:00,49.947505013566115
2025-06-12 23:09:00,29.9
2025-06-12 20:26:00,73.5
2025-06-12 15:38:00,49.947505013566115
2025-06-12 15:41:00,70.8
2025-06-12 05:28:00,83.0
2025-06-12 19:47:00,49.947505013566115
2025-06-12 12:04:00,51.7
2025-06-12 08:03:00,30.5
2025-06-12 21:14:00,49.947505013566115
2025-06-12 11:26:00,41.3
2025-06-12 14:43:00,49.947505013566115
2025-06-12 00:45:00,52.9
2025-06-12 08:56:00,2.7
2025-06-12 22:30:00,78.4
2025-06-12 21:16:00,32.4
2025-06-12 01:02:00,81.1
2025-06-12 13:09:00,67.7
2025-06-12 05:46:00,97.8
2025-06-12 22:09:00,84.3
2025-06-12 03:21:00,84.9
2025-06-12 05:34:00,64.6
2025-06-12 18:50:00,42.3
2025-06-12 17:07:00,53.1
2025-06-12 00:28:00,49.947505013566115
2025-06-12 16:53:00,92.0
2025-06-12 06:09:00,84.3
2025-06-12 15:04:00,30.1
2025-06-12 14:21:00,24.9
2025-06-12 19:36:00,8.2
2025-06-12 00:04:00,45.4
2025-06-12 14:50:00,42.6
2025-06-12 03:19:00,3.0
2025-06-12 14:59:00,5.3
2025-06-12 10:51:00,39.0
2025-06-12 10:03:00,2.0
2025-06-12 14:02:00,49.947505013566115
2025-06-12 18:44:00,55.5
2025-06-12 22:15:00,89.0
2025-06-12 04:50:00,86.2
2025-06-12 13:40:00,15.3
2025-06-12 14:37:00,49.947505013566115
2025-06-12 02:04:00,61.7
2025-06-12 02:40:00,19.4
2025-06-12 13:05:00,90.3
2025-06-12 09:49:00,60.1
2025-06-12 11:49:00,18.9
2025-06-12 01:44:00,16.3
2025-06-12 15:32:00,73.0
2025-06-12 12:54:00,63.9
2025-06-12 02:05:00,10.9
2025-06-12 06:01:00,54.3
2025-06-12 15:46:00,76.4
2025-06-12 10:35:00,3.6
2025-06-12 04:33:00,49.947505013566115
2025-06-12 00:46:00,96.2
2025-06-12 18:24:00,49.947505013566115
2025-06-12 00:10:00,4.3
2025-06-12 21:15:00,15.7
2025-06-12 10:05:00,11.1
2025-06-12 12:05:00,76.4
2025-06-12 20:04:00,39.4
2025-06-12 10:44:00,49.947505013566115
2025-06-12 13:31:00,56.1
2025-06-12 16:50:00,98.3
2025-06-12 04:48:00,41.7
2025-06-12 02:19:00,3.6
2025-06-12 11:56:00,37.4
2025-06-12 15:08:00,74.0
2025-06-12 07:58:00,89.2
2025-06-12 12:28:00,81.2
2025-06-12 12:17:00,90.0
2025-06-12 04:14:00,32.2
2025-06-12 00:02:00,84.8
2025-06-12 02:33:00,95.1
2025-06-12 20:32:00,57.1
2025-06-12 02:22:00,95.0
2025-06-12 03:41:00,25.8
2025-06-12 00:12:00,36.3
2025-06-12 12:24:00,63.9
2025-06-12 20:18:00,49.947505013566115
2025-06-12 09:38:00,44.5
2025-06-12 11:52:00,49.947505013566115
2025-06-12 23:35:00,43.0
2025-06-12 17:48:00,41.1
2025-06-12 16:44:00,96.7
2025-06-12 00:54:00,57.9
2025-06-12 19:07:00,49.947505013566115
2025-06-12 04:09:00,41.8
2025-06-12 22:18:00,49.947505013566115
2025-06-12 16:45:00,38.3
2025-06-12 03:16:00,49.947505013566115
2025-06-12 19:37:00,48.0
2025-06-12 00:38:00,49.947505013566115
2025-06-12 14:33:00,13.7
2025-06-12 22:43:00,56.8
2025-06-12 21:05:00,96.9
2025-06-12 09:59:00,85.2
2025-06-12 14:52:00,49.947505013566115
2025-06-12 23:25:00,43.2
2025-06-12 18:57:00,77.9
2025-06-12 14:49:00,93.1
2025-06-12 11:01:00,42.3
2025-06-12 05:39:00,17.8
2025-06-12 16:26:00,59.0
2025-06-12 23:23:00,8.2
2025-06-12 11:02:00,20.7
2025-06-12 19:01:00,5.1
2025-06-12 12:25:00,10.1
2025-06-12 18:27:00,7.4
2025-06-12 12:45:00,49.947505013566115
2025-06-12 17:00:00,49.947505013566115
2025-06-12 01:01:00,35.3
2025-06-12 21:23:00,70.7
2025-06-12 06:33:00,56.8
2025-06-12 10:22:00,19.1
2025-06-12 09:59:00,55.5
2025-06-12 21:07:00,20.8
2025-06-12 08:51:00,57.9
2025-06-12 21:55:00,76.3
2025-06-12 13:45:00,36.4
2025-06-12 15:09:00,96.8
2025-06-12 21:57:00,95.0
2025-06-12 08:43:00,32.4
2025-06-12 07:50:00,27.7
2025-06-12 04:55:00,91.6
2025-06-12 13:38:00,3.0
2025-06-12 09:53:00,49.0
2025-06-12 07:58:00,99.5
2025-06-12 00:05:00,50.31471380077256
2025-06-12 09:51:00,75.5
2025-06-12 15:19:00,49.4
2025-06-12 01:51:00,81.3
2025-06-12 03:21:00,22.5
2025-06-12 18:19:00,49.9
2025-06-12 10:03:00,58.9
2025-06-12 21:48:00,61.5
2025-06-12 22:41:00,7.7
2025-06-12 12:25:00,8.4
2025-06-12 17:47:00,50.31471380077256
2025-06-12 10:45:00,48.0
2025-06-12 01:00:00,65.6
2025-06-12 15:21:00,89.0
2025-06-12 02:34:00,36.8
2025-06-12 00:04:00,48.2
2025-06-12 23:07:00,40.3
2025-06-12 06:32:00,16.0
2025-06-12 14:32:00,50.31471380077256
2025-06-12 19:39:00,15.6
2025-06-12 13:19:00,50.31471380077256
2025-06-12 19:02:00,92.7
2025-06-12 06:54:00,7.1
2025-06-12 10:01:00,23.8
2025-06-12 13:44:00,87.3
2025-06-12 14:38:00,4.8
2025-06-12 00:54:00,78.2
2025-06-12 22:29:00,98.0
2025-06-12 15:23:00,50.31471380077256
2025-06-12 18:06:00,2.2
2025-06-12 12:56:00,99.4
2025-06-12 06:13:00,50.31471380077256
2025-06-12 13:17:00,72.9
2025-06-12 18:54:00,54.9
2025-06-12 15:27:00,68.2
2025-06-12 00:26:00,21.2
2025-06-12 00:41:00,3.9
2025-06-12 22:54:00,92.1
2025-06-12 12:15:00,51.2
2025-06-12 07:55:00,37.2
2025-06-12 21:08:00,50.31471380077256
2025-06-12 06:29:00,98.2
2025-06-12 20:47:00,92.8
2025-06-12 02:00:00,70.2
2025-06-12 07:29:00,53.7
2025-06-12 00:50:00,66.4
2025-06-12 07:08:00,40.9
2025-06-12 07:02:00,90.4
2025-06-12 06:12:00,19.4
2025-06-12 22:27:00,93.3
2025-06-12 03:52:00,50.31471380077256
2025-06-12 18:37:00,6.7
2025-06-12 14:07:00,23.4
2025-06-12 06:37:00,46.4
2025-06-12 11:15:00,11.2
2025-06-12 11:10:00,14.3
2025-06-12 15:25:00,55.9
2025-06-12 12:33:00,75.5
2025-06-12 15:42:00,75.6
2025-06-12 18:15:00,37.7
2025-06-12 01:59:00,50.31471380077256
2025-06-12 05:26:00,29.0
2025-06-12 10:55:00,50.31471380077256
2025-06-12 14:37:00,10.0
2025-06-12 04:25:00,95.0
2025-06-12 09:27:00,23.1
2025-06-12 07:27:00,50.31471380077256
2025-06-12 21:12:00,50.31471380077256
2025-06-12 18:48:00,5.1
2025-06-12 23:05:00,28.2
2025-06-12 14:35:00,37.8
2025-06-12 01:39:00,70.9
2025-06-12 07:59:00,41.0
2025-06-12 23:59:00,16.0
2025-06-12 00:58:00,80.9
2025-06-12 07:04:00,54.9
2025-06-12 13:59:00,50.31471380077256
2025-06-12 11:55:00,46.3
2025-06-12 15:37:00,31.9
2025-06-12 07:11:00,44.8
2025-06-12 08:29:00,76.8
2025-06-12 19:07:00,89.5
2025-06-12 17:52:00,50.31471380077256
2025-06-12 03:18:00,3.7
2025-06-12 05:33:00,15.4
2025-06-12 03:11:00,57.6
2025-06-12 09:08:00,68.0
2025-06-12 18:30:00,14.5
2025-06-12 22:36:00,72.6
2025-06-12 12:34:00,60.7
2025-06-12 22:48:00,85.2
2025-06-12 16:47:00,28.1
2025-06-12 18:14:00,48.1
2025-06-12 09:21:00,73.8
2025-06-12 01:44:00,26.2
2025-06-12 21:15:00,63.1
2025-06-12 11:24:00,50.31471380077256
2025-06-12 19:32:00,45.0
2025-06-12 05:36:00,50.31471380077256
2025-06-12 11:49:00,1.3
2025-06-12 10:20:00,50.31471380077256
2025-06-12 22:57:00,83.0
2025-06-12 06:00:00,45.2
2025-06-12 17:59:00,41.8
2025-06-12 13:01:00,39.8
2025-06-12 05:40:00,28.4
2025-06-12 15:10:00,84.8
2025-06-12 02:43:00,84.9
2025-06-12 12:39:00,93.0
2025-06-12 04:48:00,43.0
2025-06-12 01:45:00,8.4
2025-06-12 03:56:00,83.7
2025-06-12 16:57:00,12.9
2025-06-12 23:08:00,86.7
2025-06-12 10:26:00,26.8
2025-06-12 07:03:00,50.31471380077256
2025-06-12 22:35:00,3.7
2025-06-12 19:14:00,71.8
2025-06-12 05:04:00,70.4
2025-06-12 18:43:00,73.7
2025-06-12 19:11:00,0.7
2025-06-12 14:00:00,26.1
2025-06-12 10:19:00,42.2
2025-06-12 06:59:00,60.4
2025-06-12 23:54:00,45.7
2025-06-12 14:24:00,59.0
2025-06-12 11:37:00,59.2
2025-06-12 00:44:00,80.8
2025-06-12 22:39:00,6.2
2025-06-12 13:50:00,34.6
2025-06-12 06:18:00,82.8
2025-06-12 21:51:00,50.31471380077256
2025-06-12 23:36:00,5.1
2025-06-12 02:17:00,63.0
2025-06-12 08:25:00,50.31471380077256
2025-06-12 20:23:00,88.1
2025-06-12 14:23:00,35.7
2025-06-12 16:33:00,67.0
2025-06-12 04:16:00,6.5
2025-06-12 06:55:00,94.3
2025-06-12 10:37:00,50.31471380077256
2025-06-12 23:13:00,28.7
2025-06-12 18:38:00,87.3
2025-06-12 14:01:00,55.2
2025-06-12 16:24:00,19.4
2025-06-12 09:49:00,44.4
2025-06-12 01:08:00,81.5
2025-06-12 18:16:00,9.1
2025-06-12 16:29:00,44.7
2025-06-12 09:23:00,97.6
2025-06-12 18:35:00,50.31471380077256
2025-06-12 22:21:00,83.6
2025-06-12 18:32:00,27.1
2025-06-12 02:52:00,8.0
2025-06-12 12:06:00,37.9
2025-06-12 20:04:00,65.2
2025-06-12 15:29:00,83.4
2025-06-12 08:07:00,73.3
2025-06-12 07:23:00,50.8
2025-06-12 00:29:00,35.5
2025-06-12 12:46:00,37.4
2025-06-12 18:52:00,19.0
2025-06-12 00:28:00,50.31471380077256
2025-06-12 03:37:00,68.4
2025-06-12 12:44:00,58.6
2025-06-12 12:47:00,32.7
2025-06-12 09:58:00,3.4
2025-06-12 07:22:00,42.7
2025-06-12 21:18:00,13.7
2025-06-12 10:33:00,50.31471380077256
2025-06-12 17:09:00,1.0
2025-06-12 03:48:00,68.1
2025-06-12 02:06:00,50.31471380077256
2025-06-12 04:03:00,7.4
2025-06-12 06:14:00,22.9
2025-06-12 15:48:00,63.9
2025-06-12 07:34:00,92.9
2025-06-12 06:30:00,48.7
2025-06-12 11:27:00,64.0
2025-06-12 16:43:00,20.6
2025-06-12 23:29:00,66.7
2025-06-12 01:57:00,76.5
2025-06-12 20:58:00,65.8
2025-06-12 09:15:00,59.3
2025-06-12 19:23:00,40.4
2025-06-12 08:54:00,50.31471380077256
2025-06-12 18:17:00,11.0
2025-06-12 03:58:00,95.6
2025-06-12 04:17:00,99.5
2025-06-12 13:52:00,69.5
2025-06-12 20:18:00,62.2
2025-06-12 08:41:00,69.1
2025-06-12 08:02:00,37.7
2025-06-12 06:41:00,13.9
2025-06-12 14:52:00,53.8
2025-06-12 23:14:00,55.2
2025-06-12 09:16:00,37.2
2025-06-12 03:16:00,74.3
2025-06-12 21:50:00,30.9
2025-06-12 13:37:00,84.5
2025-06-12 23:48:00,53.4
2025-06-12 04:10:00,98.2
2025-06-12 18:04:00,50.31471380077256
2025-06-12 20:29:00,66.3
2025-06-12 03:54:00,6.6
2025-06-12 11:48:00,38.9
2025-06-12 18:51:00,36.3
2025-06-12 20:46:00,89.8
2025-06-12 01:38:00,30.8
2025-06-12 18:41:00,42.2
2025-06-12 09:34:00,16.7
2025-06-12 06:58:00,51.0
2025-06-12 12:52:00,95.4
2025-06-12 06:46:00,52.3
2025-06-12 10:50:00,14.9
2025-06-12 17:18:00,50.31471380077256
2025-06-12 23:47:00,10.7
2025-06-12 17:25:00,50.4
2025-06-12 11:51:00,24.3
2025-06-12 11:19:00,24.5
2025-06-12 10:57:00,50.31471380077256
2025-06-12 19:25:00,50.31471380077256
2025-06-12 13:08:00,30.8
2025-06-12 17:39:00,50.31471380077256
2025-06-12 23:38:00,19.4
2025-06-12 02:56:00,11.4
2025-06-12 16:19:00,79.8
2025-06-12 01:43:00,1.3
2025-06-12 03:03:00,78.8
2025-06-12 12:10:00,44.0
2025-06-12 10:13:00,1.8
2025-06-12 02:24:00,50.31471380077256
2025-06-12 07:37:00,64.0
2025-06-12 06:26:00,68.8
2025-06-12 00:32:00,90.8
2025-06-12 19:53:00,26.7
2025-06-12 18:34:00,86.1
2025-06-12 10:46:00,19.7
2025-06-12 16:08:00,71.7
2025-06-12 15:45:00,18.4
2025-06-12 05:58:00,67.1
2025-06-12 00:39:00,40.7
2025-06-12 19:28:00,22.3
2025-06-12 21:43:00,86.4
2025-06-12 03:12:00,50.31471380077256
2025-06-12 13:33:00,56.4
2025-06-12 13:30:00,9.5
2025-06-12 02:57:00,17.9
2025-06-12 05:15:00,61.5
2025-06-12 17:22:00,3.9
2025-06-12 07:57:00,97.9
2025-06-12 18:55:00,93.0
2025-06-12 16:44:00,84.6
2025-06-12 10:43:00,39.2
2025-06-12 01:16:00,78.1
2025-06-12 00:12:00,26.3
2025-06-12 16:59:00,50.31471380077256
2025-06-12 23:00:00,50.31471380077256
2025-06-12 14:43:00,88.9
2025-06-12 17:53:00,20.1
2025-06-12 10:54:00,50.4
2025-06-12 23:51:00,84.3
2025-06-12 15:47:00,43.3
2025-06-12 18:08:00,23.8
2025-06-12 00:07:00,20.8
2025-06-12 09:33:00,43.0
2025-06-12 00:52:00,72.7
2025-06-12 12:02:00,43.2
2025-06-12 01:29:00,55.4
2025-06-12 21:39:00,41.2
2025-06-12 07:06:00,26.9
2025-06-12 07:52:00,7.5
2025-06-12 07:00:00,48.5
2025-06-12 18:23:00,45.3
2025-06-12 13:15:00,50.31471380077256
2025-06-12 18:42:00,16.7
2025-06-12 16:22:00,28.7
2025-06-12 20:22:00,32.2
2025-06-12 01:10:00,23.5
2025-06-12 20:50:00,21.9
2025-06-12 13:14:00,9.2
2025-06-12 13:00:00,51.9
2025-06-12 00:12:00,37.8
2025-06-12 09:01:00,33.5
2025-06-12 20:01:00,40.5
2025-06-12 18:43:00,11.4
2025-06-12 01:30:00,5.1
2025-06-12 04:52:00,73.0
2025-06-12 19:36:00,49.873700916999766
2025-06-12 13:26:00,49.873700916999766
2025-06-12 16:55:00,34.9
2025-06-12 05:42:00,53.3
2025-06-12 01:34:00,83.7
2025-06-12 17:11:00,24.1
2025-06-12 22:04:00,65.4
2025-06-12 14:06:00,26.5
2025-06-12 03:51:00,68.6
2025-06-12 22:25:00,1.3
2025-06-12 20:49:00,52.0
2025-06-12 14:24:00,63.9
2025-06-12 00:52:00,15.4
2025-06-12 08:08:00,76.5
2025-06-12 13:00:00,49.873700916999766
2025-06-12 01:43:00,9.2
2025-06-12 19:38:00,34.8
2025-06-12 15:18:00,15.7
2025-06-12 19:57:00,49.873700916999766
2025-06-12 08:09:00,66.1
2025-06-12 10:17:00,28.0
2025-06-12 13:54:00,49.873700916999766
2025-06-12 07:45:00,49.873700916999766
2025-06-12 11:14:00,81.0
2025-06-12 14:38:00,15.8
2025-06-12 13:44:00,53.6
2025-06-12 15:28:00,49.873700916999766
2025-06-12 08:35:00,81.1
2025-06-12 07:38:00,82.4
2025-06-12 08:36:00,49.873700916999766
2025-06-12 21:08:00,92.8
2025-06-12 15:55:00,24.4
2025-06-12 09:05:00,65.6
2025-06-12 02:11:00,5.3
2025-06-12 18:17:00,46.1
2025-06-12 11:48:00,97.6
2025-06-12 00:10:00,66.9
2025-06-12 19:49:00,68.7
2025-06-12 04:44:00,49.873700916999766
2025-06-12 06:46:00,49.873700916999766
2025-06-12 06:11:00,84.1
2025-06-12 01:29:00,35.1
2025-06-12 14:51:00,9.7
2025-06-12 03:32:00,36.2
2025-06-12 21:30:00,39.4
2025-06-12 20:02:00,95.7
2025-06-12 09:11:00,50.5
2025-06-12 01:23:00,52.5
2025-06-12 08:10:00,22.3
2025-06-12 11:43:00,41.4
2025-06-12 14:00:00,80.4
2025-06-12 12:32:00,73.8
2025-06-12 11:24:00,93.4
2025-06-12 11:00:00,2.9
2025-06-12 23:15:00,65.2
2025-06-12 00:57:00,68.0
2025-06-12 15:46:00,87.4
2025-06-12 10:20:00,55.6
2025-06-12 08:58:00,49.873700916999766
2025-06-12 22:58:00,52.3
2025-06-12 21:58:00,50.5
2025-06-12 16:42:00,2.0
2025-06-12 09:39:00,64.1
2025-06-12 15:37:00,26.2
2025-06-12 17:12:00,18.4
2025-06-12 06:02:00,89.5
2025-06-12 13:24:00,19.4
2025-06-12 19:03:00,32.5
2025-06-12 05:26:00,88.3
2025-06-12 01:26:00,54.7
2025-06-12 02:56:00,23.4
2025-06-12 10:09:00,3.0
2025-06-12 13:42:00,47.8
2025-06-12 17:08:00,80.4
2025-06-12 00:48:00,45.1
2025-06-12 12:53:00,88.9
2025-06-12 20:33:00,49.7
2025-06-12 17:59:00,46.9
2025-06-12 01:53:00,69.6
2025-06-12 09:41:00,68.6
2025-06-12 10:51:00,63.4
2025-06-12 04:58:00,49.873700916999766
2025-06-12 14:12:00,51.5
2025-06-12 13:17:00,88.2
2025-06-12 20:55:00,38.1
2025-06-12 17:41:00,42.7
2025-06-12 10:30:00,64.8
2025-06-12 00:22:00,37.7
2025-06-12 04:01:00,4.1
2025-06-12 08:37:00,82.0
2025-06-12 02:13:00,64.5
2025-06-12 13:29:00,69.3
2025-06-12 09:08:00,57.7
2025-06-12 12:34:00,19.5
2025-06-12 16:40:00,7.4
2025-06-12 11:35:00,59.8
2025-06-12 06:13:00,98.4
2025-06-12 12:41:00,40.4
2025-06-12 13:43:00,80.4
2025-06-12 18:06:00,32.6
2025-06-12 09:23:00,84.6
2025-06-12 20:13:00,87.3
2025-06-12 12:50:00,76.8
2025-06-12 05:33:00,49.873700916999766
2025-06-12 19:43:00,33.9
2025-06-12 12:02:00,8.1
2025-06-12 09:03:00,82.5
2025-06-12 22:49:00,79.5
2025-06-12 18:55:00,52.4
2025-06-12 18:52:00,49.873700916999766
2025-06-12 16:53:00,14.7
2025-06-12 23:06:00,69.8
2025-06-12 23:28:00,41.8
2025-06-12 05:01:00,17.5
2025-06-12 14:13:00,55.0
2025-06-12 19:54:00,6.0
2025-06-12 04:42:00,0.1
2025-06-12 06:27:00,11.9
2025-06-12 03:43:00,49.873700916999766
2025-06-12 02:08:00,71.2
2025-06-12 13:59:00,48.4
2025-06-12 04:31:00,57.5
2025-06-12 11:04:00,49.873700916999766
2025-06-12 20:45:00,81.5
2025-06-12 19:41:00,84.2
2025-06-12 10:55:00,49.873700916999766
2025-06-12 10:39:00,49.873700916999766
2025-06-12 11:37:00,70.0
2025-06-12 07:03:00,49.873700916999766
2025-06-12 02:38:00,52.8
2025-06-12 11:27:00,5.3
2025-06-12 15:06:00,49.873700916999766
2025-06-12 09:56:00,54.7
2025-06-12 02:25:00,49.873700916999766
2025-06-12 10:13:00,10.0
2025-06-12 22:31:00,29.5
2025-06-12 08:00:00,61.8
2025-06-12 22:56:00,16.0
2025-06-12 05:10:00,1.2
2025-06-12 19:08:00,0.7
2025-06-12 16:24:00,49.873700916999766
2025-06-12 17:27:00,58.0
2025-06-12 11:11:00,17.2
2025-06-12 21:47:00,49.873700916999766
2025-06-12 13:12:00,80.3
2025-06-12 08:18:00,47.8
2025-06-12 01:25:00,3.2
2025-06-12 18:12:00,29.9
2025-06-12 11:38:00,26.3
2025-06-12 14:34:00,44.8
2025-06-12 20:21:00,76.7
2025-06-12 18:18:00,3.4
2025-06-12 01:02:00,73.9
2025-06-12 01:35:00,52.0
2025-06-12 02:53:00,6.5
2025-06-12 18:48:00,23.2
2025-06-12 14:57:00,86.5
2025-06-12 20:46:00,91.0
2025-06-12 09:47:00,39.9
2025-06-12 02:50:00,49.873700916999766
2025-06-12 14:37:00,49.873700916999766
2025-06-12 00:44:00,26.0
2025-06-12 01:00:00,68.7
2025-06-12 15:04:00,93.0
2025-06-12 01:07:00,20.0
2025-06-12 17:33:00,78.9
2025-06-12 22:33:00,12.1
2025-06-12 04:37:00,49.873700916999766
2025-06-12 17:00:00,34.8
2025-06-12 08:41:00,8.0
2025-06-12 23:10:00,2.5
2025-06-12 12:59:00,96.9
2025-06-12 05:04:00,56.2
2025-06-12 15:49:00,66.6
2025-06-12 08:14:00,4.0
2025-06-12 01:47:00,56.4
2025-06-12 02:20:00,75.3
2025-06-12 10:31:00,50.3
2025-06-12 11:42:00,69.9
2025-06-12 18:26:00,74.7
2025-06-12 13:11:00,99.8
2025-06-12 18:33:00,75.4
2025-06-12 23:26:00,3.8
2025-06-12 16:19:00,71.5
2025-06-12 11:09:00,6.4
2025-06-12 07:11:00,78.8
2025-06-12 19:12:00,82.5
2025-06-12 16:51:00,16.3
2025-06-12 23:34:00,1.2
2025-06-12 16:29:00,76.5
2025-06-12 18:47:00,42.0
2025-06-12 19:52:00,22.6
2025-06-12 00:37:00,86.5
2025-06-12 11:26:00,19.6
2025-06-12 16:43:00,63.4
2025-06-12 07:49:00,53.8
2025-06-12 21:03:00,28.8
2025-06-12 08:47:00,50.3
2025-06-12 14:20:00,45.1
2025-06-12 20:29:00,58.4
2025-06-12 18:09:00,85.2
2025-06-12 13:52:00,4.1
2025-06-12 22:02:00,49.1
2025-06-12 00:45:00,29.9
2025-06-12 21:25:00,93.9
2025-06-12 02:33:00,19.1
2025-06-12 18:56:00,87.5
2025-06-12 04:03:00,6.9
2025-06-12 08:27:00,83.7
2025-06-12 01:33:00,45.3
2025-06-12 17:43:00,17.1
2025-06-12 15:03:00,67.5
2025-06-12 11:31:00,34.0
2025-06-12 18:46:00,45.7
2025-06-12 00:31:00,80.9
2025-06-12 16:05:00,74.6
2025-06-12 20:19:00,49.873700916999766
2025-06-12 11:29:00,49.873700916999766
2025-06-12 13:08:00,64.9
2025-06-12 01:19:00,49.873700916999766
2025-06-12 03:36:00,12.2
2025-06-12 23:19:00,95.5
2025-06-12 07:48:00,38.6
2025-06-12 18:23:00,25.7
2025-06-12 22:17:00,16.6
2025-06-12 06:08:00,91.2
2025-06-12 17:42:00,1.8
2025-06-12 14:46:00,80.2
2025-06-12 13:39:00,11.9
2025-06-12 21:11:00,66.9
2025-06-12 00:29:00,46.2
2025-06-12 11:05:00,36.3
2025-06-12 03:19:00,70.4
2025-06-12 12:15:00,71.4
2025-06-12 19:46:00,35.3
2025-06-12 03:25:00,28.2
2025-06-12 07:39:00,49.5
2025-06-12 05:43:00,45.7
2025-06-12 01:42:00,21.8
2025-06-12 02:02:00,49.873700916999766
2025-06-12 06:35:00,83.0
2025-06-12 05:09:00,17.5
2025-06-12 22:24:00,34.7
2025-06-12 05:19:00,11.0
2025-06-12 09:26:00,94.6
2025-06-12 13:06:00,91.6
2025-06-12 23:07:00,88.7
2025-06-12 03:08:00,15.9
2025-06-12 10:50:00,88.0
2025-06-12 00:15:00,21.2
2025-06-12 03:59:00,22.6
2025-06-12 03:41:00,4.6
2025-06-12 11:33:00,31.2
2025-06-12 09:43:00,90.0
2025-06-12 00:24:00,69.8
2025-06-12 07:15:00,74.2
2025-06-12 17:31:00,42.1
2025-06-12 08:44:00,20.4
2025-06-12 02:10:00,12.0
2025-06-12 00:23:00,53.1
2025-06-12 09:38:00,49.873700916999766
2025-06-12 05:45:00,23.2
2025-06-12 14:35:00,17.9
2025-06-12 16:13:00,35.3
2025-06-12 05:14:00,60.1
2025-06-12 11:17:00,97.9
2025-06-12 20:43:00,60.4
2025-06-12 01:58:00,62.5
2025-06-12 06:18:00,49.873700916999766
2025-06-12 01:15:00,82.1
2025-06-12 10:59:00,63.8
2025-06-12 10:12:00,88.8
2025-06-12 20:48:00,56.1
2025-06-12 21:57:00,12.2
2025-06-12 17:51:00,95.6
2025-06-12 17:20:00,10.4
2025-06-12 03:49:00,65.8
2025-06-12 14:32:00,99.9
2025-06-12 22:36:00,36.5
2025-06-12 02:05:00,53.8
2025-06-12 14:26:00,37.8
2025-06-12 06:49:00,46.4
2025-06-12 00:41:00,14.5
2025-06-12 05:23:00,33.5
2025-06-12 13:37:00,94.0
2025-06-12 14:58:00,78.3
2025-06-12 13:04:00,66.8
2025-06-12 07:50:00,3.1
2025-06-12 11:04:00,82.2
2025-06-12 05:52:00,98.8
2025-06-12 15:04:00,19.2
2025-06-12 14:43:00,67.3
2025-06-12 01:41:00,21.0
2025-06-12 22:12:00,14.9
2025-06-12 21:01:00,11.0
2025-06-12 17:07:00,82.8
2025-06-12 12:35:00,84.0
2025-06-12 10:59:00,35.1
2025-06-12 20:12:00,49.660353652861794
2025-06-12 01:47:00,40.2
2025-06-12 15:12:00,47.1
2025-06-12 09:04:00,0.9
2025-06-12 18:18:00,58.1
2025-06-12 20:40:00,12.6
2025-06-12 11:06:00,87.0
2025-06-12 08:38:00,49.660353652861794
2025-06-12 06:46:00,1.0
2025-06-12 17:57:00,96.9
2025-06-12 07:25:00,63.5
2025-06-12 06:16:00,2.1
2025-06-12 04:06:00,76.0
2025-06-12 03:30:00,0.9
2025-06-12 19:35:00,49.660353652861794
2025-06-12 23:28:00,93.6
2025-06-12 04:32:00,49.660353652861794
2025-06-12 04:50:00,87.6
2025-06-12 17:17:00,73.0
2025-06-12 18:05:00,3.1
2025-06-12 11:37:00,50.2
2025-06-12 09:31:00,49.0
2025-06-12 12:37:00,76.6
2025-06-12 18:16:00,3.9
2025-06-12 11:22:00,82.6
2025-06-12 16:28:00,98.3
2025-06-12 13:02:00,54.6
2025-06-12 20:57:00,52.4
2025-06-12 14:36:00,22.2
2025-06-12 08:48:00,0.8
2025-06-12 06:06:00,59.4
2025-06-12 22:01:00,0.6
2025-06-12 22:48:00,49.660353652861794
2025-06-12 18:17:00,0.4
2025-06-12 23:45:00,38.5
2025-06-12 05:43:00,49.660353652861794
2025-06-12 21:42:00,49.6
2025-06-12 22:14:00,49.660353652861794
2025-06-12 22:08:00,85.7
2025-06-12 14:20:00,70.7
2025-06-12 04:03:00,95.8
2025-06-12 03:31:00,88.8
2025-06-12 23:41:00,49.660353652861794
2025-06-12 12:38:00,29.8
2025-06-12 08:45:00,59.3
2025-06-12 19:24:00,61.1
2025-06-12 08:04:00,49.660353652861794
2025-06-12 07:02:00,43.2
2025-06-12 12:55:00,71.1
2025-06-12 10:52:00,59.7
2025-06-12 16:19:00,57.2
2025-06-12 00:21:00,49.660353652861794
2025-06-12 04:22:00,68.5
2025-06-12 10:31:00,75.0
2025-06-12 17:02:00,52.4
2025-06-12 22:36:00,96.5
2025-06-12 20:11:00,49.660353652861794
2025-06-12 08:51:00,1.8
2025-06-12 01:29:00,49.660353652861794
2025-06-12 03:16:00,67.7
2025-06-12 08:25:00,53.0
2025-06-12 19:06:00,29.8
2025-06-12 00:46:00,13.2
2025-06-12 14:16:00,72.7
2025-06-12 18:44:00,48.2
2025-06-12 03:45:00,67.4
2025-06-12 08:59:00,92.8
2025-06-12 09:06:00,20.6
2025-06-12 21:44:00,24.2
2025-06-12 14:37:00,72.5
2025-06-12 12:05:00,40.2
2025-06-12 17:20:00,24.8
2025-06-12 06:54:00,62.2
2025-06-12 06:07:00,85.6
2025-06-12 06:11:00,1.9
2025-06-12 01:09:00,16.3
2025-06-12 06:49:00,89.9
2025-06-12 19:41:00,0.5
2025-06-12 03:02:00,52.0
2025-06-12 00:01:00,18.5
2025-06-12 16:33:00,81.1
2025-06-12 04:17:00,53.4
2025-06-12 21:14:00,49.660353652861794
2025-06-12 14:57:00,2.3
2025-06-12 05:17:00,78.7
2025-06-12 22:10:00,89.2
2025-06-12 10:04:00,66.8
2025-06-12 10:08:00,84.4
2025-06-12 20:45:00,48.5
2025-06-12 01:32:00,68.4
2025-06-12 06:43:00,14.3
2025-06-12 06:39:00,54.5
2025-06-12 16:34:00,63.6
2025-06-12 09:22:00,42.5
2025-06-12 16:29:00,6.5
2025-06-12 14:07:00,61.3
2025-06-12 23:24:00,49.660353652861794
2025-06-12 22:19:00,46.1
2025-06-12 12:41:00,70.2
2025-06-12 17:46:00,49.660353652861794
2025-06-12 08:19:00,14.5
2025-06-12 17:27:00,52.7
2025-06-12 04:27:00,49.660353652861794
2025-06-12 06:33:00,3.4
2025-06-12 15:38:00,68.6
2025-06-12 12:22:00,27.4
2025-06-12 15:50:00,32.5
2025-06-12 13:36:00,23.1
2025-06-12 17:42:00,49.660353652861794
2025-06-12 07:08:00,91.1
2025-06-12 14:38:00,87.0
2025-06-12 11:05:00,57.5
2025-06-12 11:09:00,50.4
2025-06-12 12:03:00,44.1
2025-06-12 18:48:00,13.9
2025-06-12 13:27:00,49.6
2025-06-12 06:02:00,27.4
2025-06-12 06:44:00,66.3
2025-06-12 20:14:00,81.7
2025-06-12 20:52:00,34.7
2025-06-12 03:46:00,49.660353652861794
2025-06-12 19:34:00,52.0
2025-06-12 04:45:00,36.4
2025-06-12 07:04:00,13.8
2025-06-12 21:39:00,58.5
2025-06-12 02:06:00,33.4
2025-06-12 23:18:00,61.7
2025-06-12 10:39:00,20.1
2025-06-12 19:11:00,3.2
2025-06-12 05:08:00,37.0
2025-06-12 01:49:00,17.4
2025-06-12 04:43:00,78.5
2025-06-12 21:04:00,71.0
2025-06-12 06:10:00,41.4
2025-06-12 19:27:00,48.1
2025-06-12 23:25:00,80.7
2025-06-12 23:23:00,11.0
2025-06-12 00:04:00,18.2
2025-06-12 18:51:00,49.660353652861794
2025-06-12 07:19:00,16.3
2025-06-12 14:23:00,72.3
2025-06-12 15:40:00,19.3
2025-06-12 23:03:00,78.4
2025-06-12 06:14:00,79.2
2025-06-12 21:32:00,0.8
2025-06-12 11:42:00,64.9
2025-06-12 11:03:00,14.7
2025-06-12 19:58:00,94.7
2025-06-12 14:39:00,49.660353652861794
2025-06-12 15:08:00,98.0
2025-06-12 06:13:00,52.7
2025-06-12 19:21:00,32.1
2025-06-12 00:59:00,49.660353652861794
2025-06-12 18:50:00,49.660353652861794
2025-06-12 14:35:00,18.3
2025-06-12 08:15:00,56.1
2025-06-12 22:51:00,67.1
2025-06-12 14:30:00,28.6
2025-06-12 09:18:00,91.7
2025-06-12 14:50:00,26.2
2025-06-12 14:08:00,61.3
2025-06-12 15:31:00,49.660353652861794
2025-06-12 10:43:00,78.7
2025-06-12 22:32:00,11.9
2025-06-12 13:59:00,64.9
2025-06-12 08:44:00,22.9
2025-06-12 05:16:00,49.660353652861794
2025-06-12 20:35:00,49.6
2025-06-12 13:14:00,49.660353652861794
2025-06-12 10:47:00,61.8
2025-06-12 19:49:00,15.4
2025-06-12 16:23:00,50.8
2025-06-12 18:37:00,37.2
2025-06-12 23:36:00,17.0
2025-06-12 13:17:00,49.660353652861794
2025-06-12 15:53:00,58.6
2025-06-12 01:46:00,49.660353652861794
2025-06-12 07:55:00,24.9
2025-06-12 05:27:00,46.7
2025-06-12 09:46:00,82.1
2025-06-12 21:35:00,55.6
2025-06-12 23:16:00,70.4
2025-06-12 16:54:00,92.3
2025-06-12 20:50:00,19.5
2025-06-12 11:35:00,95.4
2025-06-12 00:52:00,82.4
2025-06-12 02:45:00,29.8
2025-06-12 08:21:00,32.1
2025-06-12 10:30:00,28.2
2025-06-12 22:15:00,6.9
2025-06-12 21:24:00,41.5
2025-06-12 00:08:00,56.8
2025-06-12 06:58:00,26.6
2025-06-12 16:49:00,53.8
2025-06-12 17:25:00,86.6
2025-06-12 02:24:00,56.6
2025-06-12 02:56:00,36.9
2025-06-12 01:27:00,57.0
2025-06-12 15:41:00,49.660353652861794
2025-06-12 10:45:00,49.660353652861794
2025-06-12 06:34:00,61.8
2025-06-12 12:20:00,48.1
2025-06-12 07:49:00,96.1
2025-06-12 01:39:00,46.7
2025-06-12 11:27:00,99.3
2025-06-12 08:31:00,11.7
2025-06-12 07:16:00,38.1
2025-06-12 20:26:00,62.2
2025-06-12 19:48:00,49.660353652861794
2025-06-12 16:42:00,55.0
2025-06-12 07:10:00,87.0
2025-06-12 02:39:00,8.9
2025-06-12 11:40:00,58.6
2025-06-12 15:28:00,24.5
2025-06-12 21:23:00,7.0
2025-06-12 00:14:00,20.4
2025-06-12 16:48:00,73.9
2025-06-12 08:08:00,11.7
2025-06-12 07:59:00,86.8
2025-06-12 08:16:00,34.6
2025-06-12 01:25:00,2.0
2025-06-12 03:52:00,33.5
2025-06-12 23:19:00,49.9
2025-06-12 11:51:00,46.4
2025-06-12 23:00:00,13.2
2025-06-12 08:35:00,49.660353652861794
2025-06-12 00:20:00,9.8
2025-06-12 20:00:00,58.4
2025-06-12 07:09:00,27.8
2025-06-12 15:47:00,73.4
2025-06-12 22:41:00,77.4
2025-06-12 02:57:00,59.3
2025-06-12 10:36:00,7.7
2025-06-12 00:56:00,58.8
2025-06-12 21:43:00,49.660353652861794
2025-06-12 06:32:00,25.7
2025-06-12 23:44:00,27.0
2025-06-12 03:49:00,17.2
2025-06-12 05:25:00,44.4
2025-06-12 09:55:00,67.5
2025-06-12 10:03:00,55.3
2025-06-12 20:18:00,26.9
2025-06-12 08:03:00,7.4
2025-06-12 12:44:00,95.6
2025-06-12 01:33:00,57.7
2025-06-12 23:11:00,94.9
2025-06-12 02:22:00,89.8
2025-06-12 02:05:00,45.2
2025-06-12 12:59:00,43.4
2025-06-12 15:24:00,44.3
2025-06-12 10:07:00,30.2
2025-06-12 23:17:00,90.8
2025-06-12 07:53:00,81.9
2025-06-12 08:01:00,96.7
2025-06-12 08:29:00,84.6
2025-06-12 13:19:00,81.2
2025-06-12 00:18:00,72.2
2025-06-12 09:37:00,78.7
2025-06-12 04:51:00,43.5
2025-06-12 09:56:00,34.1
2025-06-12 09:01:00,77.5
2025-06-12 06:29:00,49.660353652861794
2025-06-12 19:31:00,59.1
2025-06-12 11:14:00,34.0
2025-06-12 14:47:00,34.4
2025-06-12 20:38:00,33.3
2025-06-12 09:53:00,61.8
2025-06-12 17:51:00,49.660353652861794
2025-06-12 07:20:00,57.9
2025-06-12 23:55:00,62.5
2025-06-12 04:44:00,88.2
2025-06-12 05:06:00,20.3
2025-06-12 23:27:00,34.3
2025-06-12 08:39:00,50.5
2025-06-12 04:16:00,76.5
2025-06-12 15:59:00,49.660353652861794
2025-06-12 15:33:00,33.8
2025-06-12 01:50:00,30.1
2025-06-12 16:46:00,30.7
2025-06-12 20:20:00,22.0
2025-06-12 16:16:00,49.9804001872221
2025-06-12 20:04:00,64.6
2025-06-12 16:13:00,49.9804001872221
2025-06-12 18:00:00,67.9
2025-06-12 02:12:00,30.2
2025-06-12 20:06:00,49.9804001872221
2025-06-12 12:30:00,3.7
2025-06-12 13:07:00,49.9804001872221
2025-06-12 20:27:00,70.2
2025-06-12 08:44:00,17.2
2025-06-12 10:41:00,38.0
2025-06-12 02:58:00,49.9804001872221
2025-06-12 15:30:00,37.2
2025-06-12 14:07:00,10.2
2025-06-12 04:47:00,40.7
2025-06-12 01:30:00,19.6
2025-06-12 23:35:00,49.9804001872221
2025-06-12 12:26:00,87.1
2025-06-12 19:04:00,61.7
2025-06-12 14:29:00,23.8
2025-06-12 09:48:00,19.5
2025-06-12 09:58:00,49.9804001872221
2025-06-12 01:33:00,31.8
2025-06-12 03:59:00,49.7
2025-06-12 15:31:00,35.3
2025-06-12 04:19:00,92.6
2025-06-12 21:10:00,49.9804001872221
2025-06-12 18:05:00,64.9
2025-06-12 02:22:00,49.9804001872221
2025-06-12 00:11:00,59.7
2025-06-12 17:01:00,86.8
2025-06-12 15:07:00,88.5
2025-06-12 01:19:00,88.5
2025-06-12 16:47:00,49.9804001872221
2025-06-12 05:36:00,67.0
2025-06-12 00:23:00,58.3
2025-06-12 09:45:00,24.2
2025-06-12 10:55:00,70.6
2025-06-12 13:21:00,49.9804001872221
2025-06-12 10:29:00,0.6
2025-06-12 09:38:00,62.7
2025-06-12 02:44:00,63.5
2025-06-12 17:31:00,28.3
2025-06-12 15:09:00,41.8
2025-06-12 08:41:00,49.9804001872221
2025-06-12 15:12:00,76.7
2025-06-12 07:08:00,43.1
2025-06-12 19:52:00,71.0
2025-06-12 09:15:00,61.4
2025-06-12 11:55:00,38.8
2025-06-12 07:48:00,49.9804001872221
2025-06-12 12:11:00,62.3
2025-06-12 12:17:00,63.3
2025-06-12 02:09:00,65.1
2025-06-12 06:44:00,91.6
2025-06-12 08:09:00,1.5
2025-06-12 11:09:00,84.3
2025-06-12 09:51:00,78.3
2025-06-12 23:36:00,94.9
2025-06-12 05:33:00,28.0
2025-06-12 02:51:00,90.6
2025-06-12 13:24:00,43.7
2025-06-12 11:02:00,49.9804001872221
2025-06-12 00:58:00,8.3
2025-06-12 19:13:00,82.4
2025-06-12 17:29:00,82.9
2025-06-12 03:10:00,69.1
2025-06-12 02:52:00,51.1
2025-06-12 08:04:00,39.0
2025-06-12 11:05:00,15.1
2025-06-12 21:25:00,37.1
2025-06-12 01:07:00,64.1
2025-06-12 18:59:00,43.5
2025-06-12 12:55:00,40.4
2025-06-12 08:33:00,40.4
2025-06-12 21:55:00,65.2
2025-06-12 12:10:00,18.0
2025-06-12 17:27:00,96.4
2025-06-12 10:36:00,91.2
2025-06-12 19:48:00,45.4
2025-06-12 08:24:00,5.2
2025-06-12 15:48:00,59.3
2025-06-12 23:40:00,91.6
2025-06-12 20:14:00,51.8
2025-06-12 02:38:00,17.9
2025-06-12 06:58:00,21.7
2025-06-12 03:47:00,13.1
2025-06-12 16:18:00,49.9804001872221
2025-06-12 03:51:00,60.8
2025-06-12 16:31:00,45.4
2025-06-12 07:03:00,69.6
2025-06-12 00:06:00,46.4
2025-06-12 00:51:00,63.9
2025-06-12 20:08:00,77.6
2025-06-12 12:15:00,75.3
2025-06-12 15:33:00,33.9
2025-06-12 07:52:00,49.9804001872221
2025-06-12 03:46:00,52.5
2025-06-12 04:22:00,49.9804001872221
2025-06-12 01:00:00,11.1
2025-06-12 22:49:00,49.9804001872221
2025-06-12 04:20:00,29.1
2025-06-12 09:13:00,9.8
2025-06-12 14:31:00,88.0
2025-06-12 19:06:00,50.8
2025-06-12 18:27:00,40.7
2025-06-12 22:48:00,75.6
2025-06-12 00:20:00,54.3
2025-06-12 19:50:00,88.2
2025-06-12 19:37:00,18.7
2025-06-12 07:06:00,65.1
2025-06-12 14:30:00,71.6
2025-06-12 06:06:00,88.6
2025-06-12 06:55:00,34.4
2025-06-12 02:18:00,21.4
2025-06-12 01:02:00,9.3
2025-06-12 05:00:00,84.6
2025-06-12 08:16:00,49.9804001872221
2025-06-12 18:29:00,12.7
2025-06-12 03:55:00,52.9
2025-06-12 10:30:00,41.4
2025-06-12 13:38:00,49.1
2025-06-12 23:49:00,27.8
2025-06-12 08:07:00,86.0
2025-06-12 05:46:00,46.9
2025-06-12 00:30:00,6.4
2025-06-12 18:56:00,76.6
2025-06-12 00:28:00,76.7
2025-06-12 13:18:00,49.9804001872221
2025-06-12 05:30:00,45.3
2025-06-12 03:20:00,68.0
2025-06-12 15:54:00,55.9
2025-06-12 21:31:00,49.9804001872221
2025-06-12 11:20:00,64.2
2025-06-12 00:36:00,77.3
2025-06-12 07:38:00,49.9804001872221
2025-06-12 19:45:00,24.5
2025-06-12 03:16:00,55.7
2025-06-12 18:46:00,72.3
2025-06-12 15:34:00,89.3
2025-06-12 14:20:00,49.9804001872221
2025-06-12 21:13:00,24.2
2025-06-12 22:01:00,87.9
2025-06-12 23:06:00,98.5
2025-06-12 12:00:00,14.4
2025-06-12 00:50:00,63.0
2025-06-12 05:07:00,82.8
2025-06-12 02:02:00,82.9
2025-06-12 23:34:00,61.3
2025-06-12 08:56:00,7.7
2025-06-12 08:54:00,78.3
2025-06-12 03:57:00,78.6
2025-06-12 13:22:00,86.1
2025-06-12 07:42:00,9.2
2025-06-12 22:30:00,31.0
2025-06-12 04:48:00,79.5
2025-06-12 14:12:00,68.9
2025-06-12 11:22:00,93.9
2025-06-12 16:49:00,49.9804001872221
2025-06-12 16:12:00,49.9804001872221
2025-06-12 04:36:00,95.3
2025-06-12 07:49:00,63.3
2025-06-12 10:14:00,0.9
2025-06-12 22:52:00,44.8
2025-06-12 01:05:00,65.9
2025-06-12 19:38:00,65.5
2025-06-12 02:26:00,90.9
2025-06-12 18:58:00,24.5
2025-06-12 06:24:00,46.7
2025-06-12 10:09:00,2.6
2025-06-12 15:49:00,45.7
2025-06-12 18:06:00,12.3
2025-06-12 06:45:00,49.9804001872221
2025-06-12 18:40:00,49.9804001872221
2025-06-12 16:33:00,73.0
2025-06-12 09:27:00,15.5
2025-06-12 02:00:00,1.3
2025-06-12 00:35:00,46.9
2025-06-12 14:43:00,71.1
2025-06-12 08:43:00,13.7
2025-06-12 03:48:00,39.6
2025-06-12 15:26:00,29.9
2025-06-12 08:36:00,22.5
2025-06-12 17:46:00,55.9
2025-06-12 14:40:00,4.7
2025-06-12 06:20:00,87.2
2025-06-12 15:17:00,71.2
2025-06-12 05:50:00,70.0
2025-06-12 07:04:00,16.3
2025-06-12 06:49:00,2.8
2025-06-12 07:20:00,26.7
2025-06-12 15:45:00,65.9
2025-06-12 04:06:00,80.6
2025-06-12 14:33:00,35.2
2025-06-12 13:34:00,89.3
2025-06-12 06:35:00,15.7
2025-06-12 08:29:00,10.4
2025-06-12 11:07:00,85.3
2025-06-12 09:26:00,78.8
2025-06-12 22:54:00,81.8
2025-06-12 14:06:00,49.9804001872221
2025-06-12 11:37:00,28.4
2025-06-12 16:48:00,86.8
2025-06-12 02:01:00,6.3
2025-06-12 21:41:00,35.8
2025-06-12 09:18:00,97.2
2025-06-12 20:02:00,42.1
2025-06-12 23:43:00,11.9
2025-06-12 03:49:00,94.9
2025-06-12 04:45:00,61.3
2025-06-12 23:01:00,64.5
2025-06-12 01:56:00,17.8
2025-06-12 03:07:00,56.2
2025-06-12 09:39:00,60.5
2025-06-12 02:47:00,83.1
2025-06-12 23:58:00,51.3
2025-06-12 00:53:00,85.4
2025-06-12 02:37:00,38.5
2025-06-12 17:04:00,12.9
2025-06-12 01:45:00,63.4
2025-06-12 11:51:00,96.9
2025-06-12 16:36:00,33.9
2025-06-12 03:00:00,0.3
2025-06-12 06:53:00,49.9804001872221
2025-06-12 04:35:00,67.1
2025-06-12 03:35:00,47.2
2025-06-12 19:59:00,18.7
2025-06-12 14:50:00,69.6
2025-06-12 19:14:00,65.4
2025-06-12 07:17:00,84.1
2025-06-12 05:59:00,57.8
2025-06-12 18:45:00,49.9804001872221
2025-06-12 21:22:00,50.5
2025-06-12 01:52:00,60.5
2025-06-12 23:52:00,49.9804001872221
2025-06-12 02:36:00,82.0
2025-06-12 05:42:00,86.5
2025-06-12 13:09:00,21.9
2025-06-12 05:47:00,62.3
2025-06-12 04:57:00,49.9804001872221
2025-06-12 15:46:00,34.8
2025-06-12 10:19:00,49.9804001872221
2025-06-12 19:58:00,11.1
2025-06-12 23:37:00,26.7
2025-06-12 01:21:00,87.7
2025-06-12 20:25:00,18.1
2025-06-12 00:44:00,72.5
2025-06-12 00:00:00,41.2
2025-06-12 11:35:00,91.7
2025-06-12 05:02:00,72.1
2025-06-12 12:57:00,68.2
2025-06-12 15:20:00,32.1
2025-06-12 12:12:00,51.1
2025-06-12 11:46:00,32.9
2025-06-12 23:25:00,98.7
2025-06-12 18:09:00,62.4
2025-06-12 11:44:00,47.9
2025-06-12 19:55:00,82.8
2025-06-12 12:56:00,29.9
2025-06-12 09:55:00,31.8
2025-06-12 16:52:00,38.6
2025-06-12 16:26:00,41.8
2025-06-12 17:23:00,30.6
2025-06-12 04:30:00,74.6
2025-06-12 14:39:00,43.4
2025-06-12 12:43:00,66.4
2025-06-12 19:10:00,76.9
2025-06-12 01:54:00,77.4
2025-06-12 17:30:00,49.9804001872221
2025-06-12 12:59:00,54.4
2025-06-12 10:48:00,87.6
2025-06-12 11:32:00,10.6
2025-06-12 15:11:00,49.9804001872221
2025-06-12 20:26:00,3.3
2025-06-12 15:27:00,70.0
2025-06-12 11:18:00,49.9804001872221
2025-06-12 17:47:00,11.4
2025-06-12 19:40:00,63.0
2025-06-12 00:14:00,76.3
2025-06-12 08:57:00,5.3
2025-06-12 17:58:00,5.8
2025-06-12 16:25:00,42.2
2025-06-12 03:33:00,49.9804001872221
2025-06-12 15:44:00,92.1
2025-06-12 23:12:00,47.1
2025-06-12 05:17:00,49.9804001872221
2025-06-12 09:19:00,93.5
2025-06-12 12:37:00,30.9
2025-06-12 03:06:00,86.5
2025-06-12 03:29:00,6.7
2025-06-12 17:43:00,35.4
2025-06-12 13:26:00,20.2
2025-06-12 01:36:00,49.9804001872221
2025-06-12 22:40:00,40.9
2025-06-12 08:38:00,39.3
2025-06-12 08:02:00,8.6
2025-06-12 05:25:00,31.2
2025-06-12 04:38:00,49.9804001872221
2025-06-12 22:38:00,13.5
2025-06-12 21:36:00,59.7
2025-06-12 02:21:00,99.4
2025-06-12 02:40:00,52.2
2025-06-12 07:30:00,61.5
2025-06-12 07:29:00,82.5
2025-06-12 04:05:00,73.5
2025-06-12 23:53:00,48.7
2025-06-12 06:13:00,91.1
2025-06-12 16:52:00,62.8
2025-06-12 17:30:00,83.4
2025-06-12 10:37:00,12.1
2025-06-12 10:57:00,71.1
2025-06-12 02:40:00,68.9
2025-06-12 13:32:00,32.3
2025-06-12 00:38:00,37.9
2025-06-12 11:36:00,5.9
2025-06-12 04:28:00,13.0
2025-06-12 13:48:00,86.1
2025-06-12 17:52:00,83.0
2025-06-12 06:56:00,49.6
2025-06-12 06:39:00,52.6
2025-06-12 14:14:00,49.659483264826775
2025-06-12 22:04:00,49.659483264826775
2025-06-12 10:04:00,41.4
2025-06-12 18:24:00,49.659483264826775
2025-06-12 10:28:00,45.3
2025-06-12 03:07:00,97.0
2025-06-12 04:09:00,62.5
2025-06-12 20:19:00,49.659483264826775
2025-06-12 05:35:00,52.4
2025-06-12 11:13:00,51.0
2025-06-12 01:12:00,53.5
2025-06-12 08:26:00,12.1
2025-06-12 11:32:00,72.8
2025-06-12 19:21:00,49.659483264826775
2025-06-12 22:35:00,49.659483264826775
2025-06-12 00:20:00,49.659483264826775
2025-06-12 00:34:00,49.659483264826775
2025-06-12 08:55:00,75.8
2025-06-12 02:39:00,0.0
2025-06-12 10:47:00,88.3
2025-06-12 11:55:00,91.2
2025-06-12 20:18:00,77.6
2025-06-12 16:35:00,49.659483264826775
2025-06-12 12:51:00,49.659483264826775
2025-06-12 21:33:00,64.2
2025-06-12 16:50:00,75.0
2025-06-12 03:40:00,80.0
2025-06-12 01:31:00,5.1
2025-06-12 15:45:00,97.2
2025-06-12 15:56:00,65.8
2025-06-12 12:16:00,69.4
2025-06-12 02:23:00,60.8
2025-06-12 01:17:00,96.2
2025-06-12 03:45:00,76.8
2025-06-12 16:27:00,79.2
2025-06-12 07:30:00,77.0
2025-06-12 09:34:00,46.8
2025-06-12 20:09:00,7.1
2025-06-12 05:45:00,2.4
2025-06-12 03:00:00,49.659483264826775
2025-06-12 08:10:00,82.3
2025-06-12 06:16:00,51.6
2025-06-12 06:55:00,82.6
2025-06-12 23:19:00,62.2
2025-06-12 00:24:00,83.4
2025-06-12 08:28:00,92.4
2025-06-12 07:05:00,49.659483264826775
2025-06-12 03:06:00,2.2
2025-06-12 09:02:00,49.659483264826775
2025-06-12 16:45:00,67.0
2025-06-12 20:38:00,49.659483264826775
2025-06-12 01:10:00,84.9
2025-06-12 19:10:00,76.0
2025-06-12 17:53:00,55.6
2025-06-12 17:16:00,39.9
2025-06-12 19:58:00,36.5
2025-06-12 02:59:00,13.7
2025-06-12 13:46:00,10.0
2025-06-12 20:15:00,62.6
2025-06-12 12:45:00,34.2
2025-06-12 23:33:00,49.659483264826775
2025-06-12 02:51:00,32.0
2025-06-12 14:41:00,97.2
2025-06-12 07:28:00,18.3
2025-06-12 17:13:00,63.8
2025-06-12 06:06:00,96.7
2025-06-12 07:25:00,16.3
2025-06-12 14:39:00,31.0
2025-06-12 09:33:00,35.7
2025-06-12 10:18:00,49.659483264826775
2025-06-12 03:14:00,32.3
2025-06-12 23:18:00,49.659483264826775
2025-06-12 13:23:00,26.1
2025-06-12 20:35:00,2.7
2025-06-12 00:56:00,49.659483264826775
2025-06-12 14:44:00,8.5
2025-06-12 07:53:00,98.4
2025-06-12 09:59:00,82.7
2025-06-12 03:26:00,90.9
2025-06-12 03:01:00,80.0
2025-06-12 07:18:00,49.659483264826775
2025-06-12 22:08:00,85.4
2025-06-12 18:10:00,71.4
2025-06-12 01:08:00,46.3
2025-06-12 07:32:00,88.0
2025-06-12 18:18:00,49.659483264826775
2025-06-12 09:17:00,49.659483264826775
2025-06-12 14:06:00,86.8
2025-06-12 13:43:00,61.3
2025-06-12 15:05:00,8.0
2025-06-12 10:11:00,74.3
2025-06-12 21:10:00,65.9
2025-06-12 14:59:00,57.8
2025-06-12 09:40:00,50.0
2025-06-12 03:09:00,70.2
2025-06-12 13:35:00,25.6
2025-06-12 02:54:00,52.4
2025-06-12 11:39:00,46.4
2025-06-12 06:53:00,69.8
2025-06-12 13:37:00,23.5
2025-06-12 15:41:00,82.6
2025-06-12 14:35:00,51.5
2025-06-12 17:05:00,36.1
2025-06-12 12:15:00,19.5
2025-06-12 06:28:00,64.0
2025-06-12 07:08:00,94.1
2025-06-12 21:37:00,49.7
2025-06-12 10:33:00,49.659483264826775
2025-06-12 08:23:00,6.4
2025-06-12 12:30:00,2.3
2025-06-12 06:08:00,58.1
2025-06-12 11:31:00,49.659483264826775
2025-06-12 07:07:00,0.2
2025-06-12 12:52:00,79.5
2025-06-12 06:09:00,49.659483264826775
2025-06-12 21:21:00,30.9
2025-06-12 20:56:00,84.6
2025-06-12 12:53:00,62.3
2025-06-12 22:12:00,95.9
2025-06-12 20:17:00,43.2
2025-06-12 09:54:00,73.5
2025-06-12 10:38:00,4.4
2025-06-12 19:17:00,8.0
2025-06-12 16:26:00,49.659483264826775
2025-06-12 13:02:00,49.659483264826775
2025-06-12 17:08:00,31.7
2025-06-12 06:02:00,90.1
2025-06-12 20:55:00,49.659483264826775
2025-06-12 18:50:00,41.6
2025-06-12 01:57:00,42.9
2025-06-12 16:11:00,67.1
2025-06-12 21:50:00,54.3
2025-06-12 18:26:00,30.8
2025-06-12 15:54:00,34.3
2025-06-12 17:23:00,37.8
2025-06-12 03:04:00,32.2
2025-06-12 13:06:00,25.3
2025-06-12 03:18:00,64.2
2025-06-12 08:03:00,13.1
2025-06-12 19:30:00,49.659483264826775
2025-06-12 01:49:00,71.9
2025-06-12 08:25:00,95.4
2025-06-12 06:19:00,8.0
2025-06-12 17:01:00,49.659483264826775
2025-06-12 10:40:00,19.1
2025-06-12 15:06:00,97.6
2025-06-12 08:52:00,99.6
2025-06-12 12:03:00,60.1
2025-06-12 18:57:00,15.4
2025-06-12 16:05:00,83.2
2025-06-12 16:24:00,41.3
2025-06-12 16:04:00,49.659483264826775
2025-06-12 00:58:00,84.3
2025-06-12 13:31:00,60.4
2025-06-12 04:52:00,36.6
2025-06-12 18:00:00,51.1
2025-06-12 06:25:00,85.9
2025-06-12 05:55:00,14.7
2025-06-12 07:11:00,28.1
2025-06-12 16:43:00,35.3
2025-06-12 11:54:00,95.0
2025-06-12 14:27:00,94.2
2025-06-12 18:13:00,73.0
2025-06-12 10:10:00,38.8
2025-06-12 21:36:00,58.2
2025-06-12 13:07:00,39.2
2025-06-12 02:31:00,56.8
2025-06-12 19:45:00,42.6
2025-06-12 04:27:00,88.2
2025-06-12 16:10:00,55.5
2025-06-12 05:48:00,62.7
2025-06-12 21:31:00,49.659483264826775
2025-06-12 02:02:00,51.7
2025-06-12 19:55:00,49.6
2025-06-12 09:49:00,71.6
2025-06-12 03:37:00,47.3
2025-06-12 22:56:00,49.659483264826775
2025-06-12 15:29:00,24.9
2025-06-12 07:46:00,10.6
2025-06-12 18:15:00,18.1
2025-06-12 04:12:00,7.8
2025-06-12 21:12:00,53.6
2025-06-12 07:12:00,96.9
2025-06-12 05:32:00,57.1
2025-06-12 19:35:00,0.9
2025-06-12 05:50:00,49.659483264826775
2025-06-12 09:51:00,9.8
2025-06-12 10:19:00,64.7
2025-06-12 19:50:00,44.2
2025-06-12 16:54:00,54.4
2025-06-12 16:06:00,72.3
2025-06-12 14:49:00,45.2
2025-06-12 02:30:00,81.6
2025-06-12 12:11:00,84.1
2025-06-12 22:07:00,30.3
2025-06-12 08:32:00,72.3
2025-06-12 07:40:00,27.7
2025-06-12 21:04:00,28.0
2025-06-12 05:22:00,81.8
2025-06-12 18:56:00,49.659483264826775
2025-06-12 11:17:00,66.8
2025-06-12 23:41:00,41.2
2025-06-12 22:36:00,49.659483264826775
2025-06-12 17:10:00,49.659483264826775
2025-06-12 01:43:00,44.7
2025-06-12 02:26:00,16.8
2025-06-12 04:36:00,92.8
2025-06-12 14:18:00,1.8
2025-06-12 18:04:00,6.7
2025-06-12 02:24:00,47.5
2025-06-12 22:57:00,58.5
2025-06-12 07:27:00,49.659483264826775
2025-06-12 03:12:00,49.659483264826775
2025-06-12 20:53:00,62.5
2025-06-12 11:41:00,49.659483264826775
2025-06-12 16:16:00,49.659483264826775
2025-06-12 07:51:00,33.0
2025-06-12 01:07:00,32.4
2025-06-12 14:11:00,69.1
2025-06-12 14:46:00,26.1
2025-06-12 18:11:00,44.7
2025-06-12 22:10:00,49.659483264826775
2025-06-12 19:28:00,25.0
2025-06-12 17:09:00,46.8
2025-06-12 03:22:00,55.8
2025-06-12 15:50:00,96.6
2025-06-12 02:58:00,73.8
2025-06-12 08:27:00,96.7
2025-06-12 06:54:00,99.5
2025-06-12 03:52:00,96.1
2025-06-12 22:06:00,67.4
2025-06-12 16:02:00,49.659483264826775
2025-06-12 13:54:00,26.9
2025-06-12 05:27:00,42.8
2025-06-12 00:15:00,40.1
2025-06-12 15:37:00,38.9
2025-06-12 15:07:00,46.1
2025-06-12 05:12:00,82.6
2025-06-12 15:08:00,21.0
2025-06-12 21:30:00,97.3
2025-06-12 11:25:00,76.5
2025-06-12 21:16:00,94.8
2025-06-12 14:40:00,22.4
2025-06-12 17:03:00,70.5
2025-06-12 02:32:00,85.0
2025-06-12 01:56:00,70.7
2025-06-12 04:23:00,25.4
2025-06-12 17:26:00,45.4
2025-06-12 02:38:00,88.8
2025-06-12 07:14:00,26.1
2025-06-12 06:59:00,49.659483264826775
2025-06-12 14:25:00,48.2
2025-06-12 19:39:00,72.9
2025-06-12 03:16:00,4.8
2025-06-12 14:12:00,62.0
2025-06-12 19:53:00,49.659483264826775
2025-06-12 09:41:00,80.0
2025-06-12 23:40:00,56.1
2025-06-12 14:02:00,54.2
2025-06-12 15:10:00,6.5
2025-06-12 01:16:00,4.1
2025-06-12 23:36:00,28.5
2025-06-12 21:56:00,39.0
2025-06-12 18:06:00,9.4
2025-06-12 16:51:00,45.1
2025-06-12 05:42:00,31.7
2025-06-12 16:15:00,69.8
2025-06-12 03:32:00,20.8
2025-06-12 04:39:00,22.6
2025-06-12 05:33:00,40.5
2025-06-12 21:08:00,99.8
2025-06-12 15:46:00,55.9
2025-06-12 02:28:00,49.659483264826775
2025-06-12 05:34:00,73.5
2025-06-12 04:24:00,15.3
2025-06-12 10:20:00,21.4
2025-06-12 12:01:00,33.1
2025-06-12 06:36:00,94.1
2025-06-12 04:45:00,45.4
2025-06-12 14:48:00,49.732274758880266
2025-06-12 08:48:00,32.3
2025-06-12 20:46:00,89.2
2025-06-12 01:49:00,17.6
2025-06-12 21:46:00,17.8
2025-06-12 06:52:00,81.2
2025-06-12 22:00:00,64.5
2025-06-12 21:32:00,87.5
2025-06-12 05:23:00,49.732274758880266
2025-06-12 12:36:00,19.8
2025-06-12 10:28:00,0.2
2025-06-12 15:18:00,40.5
2025-06-12 18:15:00,17.9
2025-06-12 19:20:00,49.2
2025-06-12 17:13:00,70.8
2025-06-12 04:16:00,14.2
2025-06-12 14:02:00,16.4
2025-06-12 20:50:00,49.732274758880266
2025-06-12 01:04:00,70.5
2025-06-12 13:05:00,62.5
2025-06-12 23:21:00,58.8
2025-06-12 11:26:00,38.1
2025-06-12 16:03:00,91.7
2025-06-12 01:39:00,12.1
2025-06-12 05:11:00,80.2
2025-06-12 07:58:00,42.8
2025-06-12 21:01:00,83.9
2025-06-12 06:22:00,16.6
2025-06-12 19:43:00,10.1
2025-06-12 07:37:00,8.9
2025-06-12 08:36:00,41.5
2025-06-12 16:41:00,49.732274758880266
2025-06-12 13:38:00,49.732274758880266
2025-06-12 18:06:00,49.732274758880266
2025-06-12 11:35:00,72.9
2025-06-12 18:56:00,63.2
2025-06-12 18:17:00,49.732274758880266
2025-06-12 01:03:00,81.7
2025-06-12 09:45:00,49.732274758880266
2025-06-12 01:46:00,42.7
2025-06-12 13:08:00,60.6
2025-06-12 11:12:00,88.5
2025-06-12 01:25:00,49.732274758880266
2025-06-12 12:46:00,55.1
2025-06-12 17:14:00,20.3
2025-06-12 02:30:00,58.4
2025-06-12 23:49:00,12.7
2025-06-12 04:26:00,23.4
2025-06-12 05:58:00,98.8
2025-06-12 21:35:00,73.5
2025-06-12 19:56:00,15.4
2025-06-12 10:14:00,49.732274758880266
2025-06-12 06:28:00,89.6
2025-06-12 13:50:00,49.732274758880266
2025-06-12 14:32:00,46.6
2025-06-12 06:02:00,60.9
2025-06-12 07:14:00,52.8
2025-06-12 07:38:00,95.4
2025-06-12 03:43:00,51.8
2025-06-12 21:18:00,1.1
2025-06-12 16:59:00,94.5
2025-06-12 21:36:00,49.2
2025-06-12 17:40:00,8.8
2025-06-12 14:01:00,14.6
2025-06-12 17:17:00,68.1
2025-06-12 23:03:00,49.732274758880266
2025-06-12 04:20:00,19.8
2025-06-12 05:15:00,92.9
2025-06-12 23:26:00,51.2
2025-06-12 17:24:00,89.8
2025-06-12 13:44:00,49.732274758880266
2025-06-12 16:50:00,99.5
2025-06-12 11:08:00,49.732274758880266
2025-06-12 10:36:00,18.6
2025-06-12 18:31:00,67.7
2025-06-12 10:48:00,49.732274758880266
2025-06-12 08:09:00,62.3
2025-06-12 14:43:00,18.2
2025-06-12 08:05:00,15.6
2025-06-12 04:33:00,51.8
2025-06-12 23:08:00,49.732274758880266
2025-06-12 09:59:00,38.9
2025-06-12 18:28:00,41.7
2025-06-12 05:54:00,44.7
2025-06-12 02:15:00,82.6
2025-06-12 21:58:00,59.9
2025-06-12 18:52:00,75.5
2025-06-12 07:01:00,16.2
2025-06-12 11:39:00,7.9
2025-06-12 19:41:00,85.0
2025-06-12 23:53:00,74.9
2025-06-12 11:53:00,90.4
2025-06-12 13:43:00,49.732274758880266
2025-06-12 15:47:00,6.3
2025-06-12 00:31:00,42.1
2025-06-12 09:40:00,56.4
2025-06-12 21:53:00,70.1
2025-06-12 06:58:00,72.7
2025-06-12 23:10:00,88.8
2025-06-12 01:12:00,46.7
2025-06-12 07:28:00,62.9
2025-06-12 03:40:00,80.0
2025-06-12 18:02:00,49.732274758880266
2025-06-12 13:42:00,52.0
2025-06-12 00:18:00,68.4
2025-06-12 18:34:00,32.5
2025-06-12 05:26:00,80.2
2025-06-12 11:16:00,48.4
2025-06-12 21:26:00,80.0
2025-06-12 02:08:00,66.3
2025-06-12 00:52:00,48.0
2025-06-12 15:50:00,19.9
2025-06-12 08:34:00,61.7
2025-06-12 17:44:00,82.9
2025-06-12 10:26:00,8.2
2025-06-12 11:18:00,64.1
2025-06-12 09:21:00,66.7
2025-06-12 08:02:00,43.4
2025-06-12 00:25:00,25.2
2025-06-12 02:02:00,49.732274758880266
2025-06-12 16:22:00,17.0
2025-06-12 06:44:00,7.7
2025-06-12 19:09:00,76.6
2025-06-12 13:19:00,49.732274758880266
2025-06-12 10:49:00,48.5
2025-06-12 20:14:00,30.5
2025-06-12 03:00:00,43.1
2025-06-12 05:24:00,63.5
2025-06-12 18:41:00,76.4
2025-06-12 07:20:00,50.8
2025-06-12 04:07:00,31.1
2025-06-12 02:07:00,63.4
2025-06-12 08:21:00,37.4
2025-06-12 13:29:00,76.8
2025-06-12 14:46:00,66.6
2025-06-12 22:18:00,48.2
2025-06-12 18:05:00,96.6
2025-06-12 03:32:00,49.732274758880266
2025-06-12 11:32:00,46.0
2025-06-12 18:25:00,60.2
2025-06-12 20:10:00,55.9
2025-06-12 04:36:00,6.6
2025-06-12 02:54:00,49.732274758880266
2025-06-12 16:21:00,11.9
2025-06-12 19:29:00,42.8
2025-06-12 10:17:00,48.0
2025-06-12 12:48:00,71.6
2025-06-12 03:33:00,11.5
2025-06-12 20:53:00,49.732274758880266
2025-06-12 18:26:00,7.5
2025-06-12 23:00:00,93.5
2025-06-12 11:57:00,7.1
2025-06-12 20:48:00,37.1
2025-06-12 15:42:00,54.5
2025-06-12 03:34:00,21.0
2025-06-12 19:04:00,54.5
2025-06-12 15:14:00,31.4
2025-06-12 14:30:00,94.2
2025-06-12 17:35:00,93.5
2025-06-12 01:08:00,15.2
2025-06-12 04:25:00,49.732274758880266
2025-06-12 10:21:00,30.3
2025-06-12 02:55:00,49.732274758880266
2025-06-12 04:29:00,86.2
2025-06-12 03:58:00,12.6
2025-06-12 00:27:00,89.4
2025-06-12 16:49:00,90.0
2025-06-12 07:08:00,42.8
2025-06-12 05:46:00,49.732274758880266
2025-06-12 18:20:00,59.3
2025-06-12 01:16:00,49.732274758880266
2025-06-12 13:21:00,25.5
2025-06-12 02:16:00,80.6
2025-06-12 16:14:00,44.3
2025-06-12 15:03:00,42.7
2025-06-12 15:26:00,63.1
2025-06-12 20:17:00,49.732274758880266
2025-06-12 08:52:00,76.5
2025-06-12 12:12:00,76.1
2025-06-12 07:54:00,39.8
2025-06-12 10:59:00,63.6
2025-06-12 20:24:00,97.9
2025-06-12 22:19:00,37.9
2025-06-12 18:32:00,57.6
2025-06-12 12:56:00,33.8
2025-06-12 17:07:00,49.732274758880266
2025-06-12 21:22:00,3.3
2025-06-12 03:54:00,76.1
2025-06-12 17:42:00,58.6
2025-06-12 18:54:00,30.1
2025-06-12 01:20:00,39.2
2025-06-12 22:21:00,10.4
2025-06-12 21:24:00,15.1
2025-06-12 06:32:00,79.1
2025-06-12 23:58:00,77.5
2025-06-12 00:36:00,49.732274758880266
2025-06-12 06:45:00,43.7
2025-06-12 14:20:00,0.3
2025-06-12 15:32:00,40.1
2025-06-12 11:58:00,49.732274758880266
2025-06-12 10:24:00,49.732274758880266
2025-06-12 13:15:00,76.8
2025-06-12 04:23:00,10.5
2025-06-12 23:29:00,60.8
2025-06-12 22:23:00,7.5
2025-06-12 12:53:00,34.9
2025-06-12 21:00:00,81.9
2025-06-12 19:07:00,12.5
2025-06-12 22:14:00,15.8
2025-06-12 20:27:00,51.2
2025-06-12 10:29:00,45.2
2025-06-12 15:58:00,52.6
2025-06-12 17:56:00,49.732274758880266
2025-06-12 04:49:00,58.9
2025-06-12 06:54:00,94.1
2025-06-12 21:27:00,79.8
2025-06-12 09:28:00,31.2
2025-06-12 08:19:00,57.5
2025-06-12 06:30:00,49.732274758880266
2025-06-12 18:46:00,49.732274758880266
2025-06-12 06:05:00,49.732274758880266
2025-06-12 10:31:00,49.732274758880266
2025-06-12 18:19:00,52.0
2025-06-12 23:19:00,47.5
2025-06-12 10:45:00,49.732274758880266
2025-06-12 12:31:00,49.732274758880266
2025-06-12 13:06:00,4.6
2025-06-12 08:54:00,76.1
2025-06-12 10:02:00,33.2
2025-06-12 08:38:00,49.4
2025-06-12 08:45:00,97.3
2025-06-12 16:35:00,15.6
2025-06-12 00:21:00,90.3
2025-06-12 12:11:00,36.8
2025-06-12 06:35:00,30.3
2025-06-12 21:37:00,83.7
2025-06-12 21:52:00,32.5
2025-06-12 05:14:00,71.1
2025-06-12 04:35:00,67.1
2025-06-12 09:51:00,87.9
2025-06-12 18:48:00,5.4
2025-06-12 11:17:00,74.2
2025-06-12 16:28:00,89.4
2025-06-12 21:45:00,31.5
2025-06-12 17:31:00,97.5
2025-06-12 15:46:00,64.7
2025-06-12 15:08:00,43.0
2025-06-12 15:28:00,42.7
2025-06-12 16:40:00,49.732274758880266
2025-06-12 10:44:00,22.6
2025-06-12 21:10:00,12.2
2025-06-12 08:18:00,49.6
2025-06-12 07:22:00,29.2
2025-06-12 16:09:00,78.6
2025-06-12 21:13:00,69.1
2025-06-12 13:16:00,42.7
2025-06-12 16:07:00,1.4
2025-06-12 22:13:00,99.2
2025-06-12 19:36:00,34.0
2025-06-12 02:39:00,56.3
2025-06-12 02:52:00,56.1
2025-06-12 00:37:00,73.4
2025-06-12 19:40:00,49.732274758880266
2025-06-12 15:35:00,85.5
2025-06-12 15:29:00,49.732274758880266
2025-06-12 11:40:00,49.732274758880266
2025-06-12 02:23:00,2.9
2025-06-12 04:05:00,97.7
2025-06-12 21:34:00,49.732274758880266
2025-06-12 17:57:00,49.732274758880266
2025-06-12 15:10:00,34.7
2025-06-12 08:29:00,58.2
2025-06-12 17:23:00,71.7
2025-06-12 03:15:00,98.6
2025-06-12 11:45:00,16.1
2025-06-12 13:32:00,82.6
2025-06-12 22:07:00,43.0
2025-06-12 02:06:00,8.9
2025-06-12 15:31:00,88.5
2025-06-12 03:04:00,81.7
2025-06-12 08:26:00,68.8
2025-06-12 08:12:00,58.8
2025-06-12 02:45:00,55.5
2025-06-12 19:45:00,28.0
2025-06-12 02:53:00,49.732274758880266
2025-06-12 02:35:00,12.6
2025-06-12 19:22:00,2.9
2025-06-12 20:03:00,6.6
2025-06-12 19:31:00,49.38053801169591
2025-06-12 08:09:00,72.3
2025-06-12 07:43:00,49.38053801169591
2025-06-12 11:24:00,4.0
2025-06-12 12:11:00,49.38053801169591
2025-06-12 13:07:00,32.7
2025-06-12 01:01:00,88.7
2025-06-12 22:13:00,10.3
2025-06-12 11:22:00,73.3
2025-06-12 19:52:00,24.8
2025-06-12 15:58:00,81.5
2025-06-12 16:44:00,70.8
2025-06-12 21:48:00,99.5
2025-06-12 11:58:00,19.6
2025-06-12 15:44:00,17.3
2025-06-12 01:09:00,87.9
2025-06-12 10:42:00,70.9
2025-06-12 02:11:00,5.4
2025-06-12 09:34:00,82.0
2025-06-12 02:52:00,1.3
2025-06-12 09:28:00,52.3
2025-06-12 15:01:00,82.6
2025-06-12 21:52:00,64.7
2025-06-12 09:45:00,64.0
2025-06-12 15:06:00,49.38053801169591
2025-06-12 23:32:00,17.5
2025-06-12 02:31:00,58.7
2025-06-12 23:43:00,96.8
2025-06-12 02:06:00,14.2
2025-06-12 19:21:00,45.4
2025-06-12 20:23:00,33.7
2025-06-12 17:21:00,49.38053801169591
2025-06-12 05:55:00,32.7
2025-06-12 20:25:00,33.2
2025-06-12 12:43:00,14.4
2025-06-12 05:29:00,17.4
2025-06-12 18:21:00,36.2
2025-06-12 16:17:00,24.5
2025-06-12 17:37:00,41.8
2025-06-12 19:25:00,84.4
2025-06-12 22:18:00,54.8
2025-06-12 21:11:00,42.4
2025-06-12 05:48:00,67.2
2025-06-12 10:27:00,15.3
2025-06-12 04:27:00,84.6
2025-06-12 07:19:00,96.1
2025-06-12 02:57:00,73.3
2025-06-12 23:36:00,36.9
2025-06-12 17:57:00,15.8
2025-06-12 05:59:00,71.0
2025-06-12 20:55:00,95.4
2025-06-12 08:12:00,85.4
2025-06-12 19:33:00,50.9
2025-06-12 04:28:00,55.7
2025-06-12 14:48:00,97.4
2025-06-12 13:23:00,50.2
2025-06-12 11:11:00,63.5
2025-06-12 23:37:00,56.1
2025-06-12 01:32:00,8.8
2025-06-12 03:05:00,69.9
2025-06-12 03:56:00,14.0
2025-06-12 23:38:00,49.38053801169591
2025-06-12 12:34:00,9.4
2025-06-12 16:30:00,86.8
2025-06-12 16:57:00,49.38053801169591
2025-06-12 15:15:00,76.4
2025-06-12 12:22:00,14.5
2025-06-12 18:57:00,45.8
2025-06-12 12:40:00,49.38053801169591
2025-06-12 20:42:00,29.8
2025-06-12 19:03:00,44.2
2025-06-12 13:12:00,14.2
2025-06-12 18:09:00,49.5
2025-06-12 08:00:00,33.3
2025-06-12 05:54:00,78.1
2025-06-12 19:17:00,36.6
2025-06-12 08:44:00,29.1
2025-06-12 06:06:00,6.9
2025-06-12 03:48:00,92.9
2025-06-12 20:45:00,83.9
2025-06-12 21:47:00,71.2
2025-06-12 10:50:00,49.38053801169591
2025-06-12 23:07:00,22.5
2025-06-12 20:16:00,75.9
2025-06-12 21:54:00,49.38053801169591
2025-06-12 11:57:00,75.0
2025-06-12 02:40:00,49.38053801169591
2025-06-12 19:08:00,20.3
2025-06-12 02:54:00,9.7
2025-06-12 06:00:00,89.1
2025-06-12 14:41:00,25.4
2025-06-12 21:15:00,45.0
2025-06-12 19:37:00,15.4
2025-06-12 17:28:00,49.38053801169591
2025-06-12 15:11:00,46.3
2025-06-12 13:35:00,8.6
2025-06-12 17:17:00,82.4
2025-06-12 18:53:00,4.4
2025-06-12 10:46:00,44.2
2025-06-12 20:50:00,49.38053801169591
2025-06-12 22:12:00,74.2
2025-06-12 17:35:00,47.1
2025-06-12 07:01:00,49.38053801169591
2025-06-12 07:11:00,63.2
2025-06-12 17:31:00,52.8
2025-06-12 06:51:00,49.38053801169591
2025-06-12 21:46:00,49.38053801169591
2025-06-12 20:44:00,49.38053801169591
2025-06-12 01:28:00,49.38053801169591
2025-06-12 18:16:00,33.3
2025-06-12 00:15:00,49.38053801169591
2025-06-12 13:39:00,86.1
2025-06-12 17:46:00,52.3
2025-06-12 16:43:00,98.0
2025-06-12 12:54:00,49.38053801169591
2025-06-12 05:58:00,79.2
2025-06-12 09:52:00,49.38053801169591
2025-06-12 12:32:00,25.8
2025-06-12 14:08:00,49.2
2025-06-12 04:00:00,49.38053801169591
2025-06-12 14:21:00,49.38053801169591
2025-06-12 11:45:00,49.38053801169591
2025-06-12 08:51:00,75.0
2025-06-12 08:06:00,73.7
2025-06-12 22:27:00,80.7
2025-06-12 00:29:00,67.4
2025-06-12 19:36:00,88.7
2025-06-12 16:45:00,42.5
2025-06-12 14:17:00,59.6
2025-06-12 22:55:00,69.3
2025-06-12 14:51:00,50.0
2025-06-12 11:46:00,49.38053801169591
2025-06-12 01:10:00,49.1
2025-06-12 08:54:00,17.5
2025-06-12 07:06:00,97.2
2025-06-12 06:33:00,3.0
2025-06-12 16:24:00,52.2
2025-06-12 14:25:00,87.9
2025-06-12 14:24:00,76.2
2025-06-12 23:29:00,57.7
2025-06-12 16:31:00,82.3
2025-06-12 08:45:00,49.38053801169591
2025-06-12 22:39:00,74.3
2025-06-12 05:04:00,4.6
2025-06-12 15:57:00,13.3
2025-06-12 14:26:00,30.7
2025-06-12 14:23:00,17.3
2025-06-12 23:41:00,29.3
2025-06-12 14:19:00,49.38053801169591
2025-06-12 23:12:00,84.4
2025-06-12 05:08:00,87.9
2025-06-12 16:26:00,21.0
2025-06-12 08:29:00,23.9
2025-06-12 05:23:00,29.0
2025-06-12 02:36:00,49.38053801169591
2025-06-12 17:32:00,26.2
2025-06-12 14:11:00,92.0
2025-06-12 09:55:00,96.5
2025-06-12 11:00:00,37.5
2025-06-12 10:32:00,60.7
2025-06-12 16:51:00,96.6
2025-06-12 08:22:00,2.2
2025-06-12 10:18:00,37.7
2025-06-12 13:30:00,14.5
2025-06-12 13:02:00,32.2
2025-06-12 21:32:00,77.8
2025-06-12 01:31:00,47.5
2025-06-12 07:49:00,18.2
2025-06-12 10:09:00,94.2
2025-06-12 15:28:00,53.5
2025-06-12 05:15:00,93.9
2025-06-12 02:02:00,7.2
2025-06-12 16:34:00,37.7
2025-06-12 18:06:00,42.9
2025-06-12 12:23:00,53.4
2025-06-12 06:40:00,61.9
2025-06-12 01:05:00,46.7
2025-06-12 22:35:00,40.7
2025-06-12 12:27:00,59.5
2025-06-12 08:28:00,13.1
2025-06-12 20:57:00,59.5
2025-06-12 10:08:00,46.6
2025-06-12 18:22:00,84.5
2025-06-12 13:52:00,48.8
2025-06-12 00:16:00,39.5
2025-06-12 05:18:00,4.5
2025-06-12 20:21:00,16.6
2025-06-12 19:15:00,49.38053801169591
2025-06-12 09:49:00,32.2
2025-06-12 07:31:00,90.5
2025-06-12 15:34:00,27.7
2025-06-12 17:52:00,77.0
2025-06-12 19:24:00,1.7
2025-06-12 19:47:00,58.1
2025-06-12 15:21:00,47.2
2025-06-12 04:39:00,60.9
2025-06-12 03:06:00,23.8
2025-06-12 23:54:00,0.6
2025-06-12 20:28:00,24.1
2025-06-12 00:28:00,40.3
2025-06-12 21:14:00,67.6
2025-06-12 05:56:00,49.38053801169591
2025-06-12 09:57:00,27.1
2025-06-12 22:01:00,90.9
2025-06-12 18:27:00,0.4
2025-06-12 14:07:00,18.3
2025-06-12 19:58:00,49.38053801169591
2025-06-12 08:02:00,69.4
2025-06-12 03:57:00,77.7
2025-06-12 22:36:00,86.3
2025-06-12 20:09:00,25.0
2025-06-12 12:21:00,62.9
2025-06-12 06:03:00,8.0
2025-06-12 20:47:00,27.2
2025-06-12 07:42:00,88.4
2025-06-12 04:26:00,11.9
2025-06-12 09:46:00,90.5
2025-06-12 11:19:00,94.0
2025-06-12 05:06:00,21.3
2025-06-12 01:54:00,64.4
2025-06-12 18:11:00,83.8
2025-06-12 03:51:00,68.3
2025-06-12 21:12:00,76.8
2025-06-12 07:03:00,22.4
2025-06-12 10:49:00,1.4
2025-06-12 00:06:00,4.3
2025-06-12 02:49:00,39.6
2025-06-12 23:27:00,0.9
2025-06-12 12:01:00,27.9
2025-06-12 10:36:00,42.4
2025-06-12 11:16:00,49.38053801169591
2025-06-12 19:11:00,79.9
2025-06-12 16:33:00,49.38053801169591
2025-06-12 18:17:00,56.7
2025-06-12 16:29:00,49.38053801169591
2025-06-12 01:27:00,42.0
2025-06-12 17:08:00,23.7
2025-06-12 09:59:00,78.1
2025-06-12 13:11:00,67.3
2025-06-12 14:27:00,50.7
2025-06-12 04:42:00,9.3
2025-06-12 18:01:00,52.6
2025-06-12 08:52:00,43.6
2025-06-12 03:00:00,37.5
2025-06-12 11:17:00,29.3
2025-06-12 15:12:00,30.4
2025-06-12 10:30:00,62.5
2025-06-12 20:29:00,87.9
2025-06-12 05:30:00,87.8
2025-06-12 18:00:00,94.5
2025-06-12 01:18:00,59.3
2025-06-12 08:16:00,22.1
2025-06-12 09:53:00,49.38053801169591
2025-06-12 23:48:00,98.7
2025-06-12 19:20:00,49.38053801169591
2025-06-12 01:43:00,44.7
2025-06-12 03:24:00,66.0
2025-06-12 07:05:00,22.7
2025-06-12 02:43:00,17.5
2025-06-12 12:44:00,49.38053801169591
2025-06-12 22:20:00,71.5
2025-06-12 07:32:00,50.4
2025-06-12 04:31:00,80.3
2025-06-12 08:20:00,88.9
2025-06-12 07:12:00,51.0
2025-06-12 04:20:00,39.6
2025-06-12 17:45:00,49.38053801169591
2025-06-12 05:35:00,11.3
2025-06-12 00:51:00,86.0
2025-06-12 21:06:00,33.0
2025-06-12 05:12:00,63.0
2025-06-12 07:17:00,7.2
2025-06-12 15:47:00,6.8
2025-06-12 11:59:00,39.7
2025-06-12 05:31:00,1.7
2025-06-12 11:13:00,55.8
2025-06-12 16:42:00,49.38053801169591
2025-06-12 19:01:00,22.3
2025-06-12 03:41:00,32.0
2025-06-12 14:01:00,85.0
2025-06-12 14:52:00,39.4
2025-06-12 14:13:00,49.38053801169591
2025-06-12 01:49:00,49.38053801169591
2025-06-12 12:02:00,81.6
2025-06-12 16:52:00,79.6
2025-06-12 04:06:00,98.0
2025-06-12 19:59:00,7.6
2025-06-12 22:59:00,49.38053801169591
2025-06-12 03:40:00,49.38053801169591
2025-06-12 09:09:00,17.0
2025-06-12 05:52:00,31.4
2025-06-12 00:11:00,99.0
2025-06-12 00:25:00,92.0
2025-06-12 14:54:00,85.4
2025-06-12 18:45:00,52.2
2025-06-12 12:33:00,41.1
2025-06-12 17:55:00,26.4
2025-06-12 15:50:00,2.0
2025-06-12 01:56:00,63.5
2025-06-12 18:44:00,19.3
2025-06-12 23:24:00,28.3
2025-06-12 19:09:00,44.4
2025-06-12 16:12:00,49.38053801169591
2025-06-12 15:16:00,46.6
2025-06-12 05:11:00,44.4
2025-06-12 01:03:00,0.9
2025-06-12 23:30:00,44.6
2025-06-12 05:50:00,0.7
2025-06-12 13:06:00,17.6
2025-06-12 18:07:00,83.8
2025-06-12 10:51:00,80.2
2025-06-12 07:00:00,78.2
2025-06-12 07:58:00,24.6
2025-06-12 12:31:00,73.4
2025-06-12 08:36:00,25.3
2025-06-12 08:33:00,70.7
2025-06-12 23:39:00,50.4
2025-06-12 01:37:00,7.3
2025-06-12 00:26:00,84.9
2025-06-12 09:52:00,78.5
2025-06-12 17:47:00,61.1
2025-06-12 07:31:00,20.0
2025-06-12 11:45:00,57.0
2025-06-12 07:42:00,95.9
2025-06-12 20:53:00,57.5
2025-06-12 22:03:00,26.6
2025-06-12 05:48:00,0.8
2025-06-12 05:46:00,65.3
2025-06-12 11:03:00,92.4
2025-06-12 05:04:00,49.594186729301235
2025-06-12 07:59:00,26.3
2025-06-12 19:51:00,49.594186729301235
2025-06-12 00:54:00,99.5
2025-06-12 17:48:00,56.9
2025-06-12 21:11:00,38.5
2025-06-12 09:42:00,59.9
2025-06-12 16:14:00,14.1
2025-06-12 02:21:00,14.9
2025-06-12 19:41:00,77.3
2025-06-12 08:08:00,66.0
2025-06-12 13:29:00,49.594186729301235
2025-06-12 03:44:00,40.5
2025-06-12 02:40:00,79.6
2025-06-12 01:41:00,25.0
2025-06-12 11:59:00,43.8
2025-06-12 03:26:00,61.6
2025-06-12 06:37:00,48.5
2025-06-12 22:10:00,44.7
2025-06-12 07:50:00,39.3
2025-06-12 23:24:00,24.5
2025-06-12 23:04:00,32.1
2025-06-12 16:16:00,17.3
2025-06-12 04:13:00,56.7
2025-06-12 08:00:00,49.594186729301235
2025-06-12 11:17:00,86.9
2025-06-12 13:05:00,49.594186729301235
2025-06-12 19:05:00,14.4
2025-06-12 13:21:00,60.9
2025-06-12 14:51:00,15.4
2025-06-12 17:35:00,64.6
2025-06-12 13:24:00,85.7
2025-06-12 10:44:00,61.6
2025-06-12 22:11:00,76.2
2025-06-12 21:15:00,12.9
2025-06-12 10:52:00,69.3
2025-06-12 04:59:00,49.594186729301235
2025-06-12 10:35:00,52.4
2025-06-12 07:45:00,72.2
2025-06-12 19:04:00,54.4
2025-06-12 07:01:00,54.7
2025-06-12 23:36:00,70.8
2025-06-12 17:38:00,49.594186729301235
2025-06-12 10:26:00,49.594186729301235
2025-06-12 05:32:00,49.594186729301235
2025-06-12 09:27:00,93.0
2025-06-12 10:39:00,66.9
2025-06-12 16:55:00,28.3
2025-06-12 17:27:00,63.4
2025-06-12 14:46:00,0.9
2025-06-12 14:43:00,60.4
2025-06-12 15:15:00,13.2
2025-06-12 20:00:00,66.4
2025-06-12 10:50:00,71.5
2025-06-12 10:47:00,87.6
2025-06-12 02:13:00,44.5
2025-06-12 01:28:00,64.9
2025-06-12 23:31:00,1.7
2025-06-12 16:01:00,26.7
2025-06-12 03:13:00,28.4
2025-06-12 01:52:00,49.594186729301235
2025-06-12 02:56:00,1.6
2025-06-12 13:51:00,86.3
2025-06-12 23:33:00,9.4
2025-06-12 16:58:00,14.2
2025-06-12 15:54:00,92.4
2025-06-12 11:38:00,11.7
2025-06-12 09:58:00,49.594186729301235
2025-06-12 21:28:00,32.4
2025-06-12 22:05:00,49.594186729301235
2025-06-12 03:42:00,49.594186729301235
2025-06-12 17:46:00,43.5
2025-06-12 12:07:00,67.8
2025-06-12 14:08:00,49.594186729301235
2025-06-12 08:52:00,50.9
2025-06-12 06:59:00,0.8
2025-06-12 21:27:00,5.2
2025-06-12 09:45:00,49.594186729301235
2025-06-12 08:03:00,49.594186729301235
2025-06-12 17:33:00,49.594186729301235
2025-06-12 02:11:00,64.3
2025-06-12 23:09:00,96.1
2025-06-12 02:18:00,0.5
2025-06-12 16:24:00,62.2
2025-06-12 00:10:00,41.4
2025-06-12 06:54:00,1.5
2025-06-12 05:22:00,49.594186729301235
2025-06-12 23:52:00,90.8
2025-06-12 00:16:00,72.5
2025-06-12 02:58:00,81.1
2025-06-12 05:19:00,56.4
2025-06-12 11:54:00,50.5
2025-06-12 08:18:00,80.6
2025-06-12 22:29:00,74.3
2025-06-12 01:57:00,83.1
2025-06-12 09:05:00,49.594186729301235
2025-06-12 09:49:00,48.7
2025-06-12 10:59:00,49.4
2025-06-12 00:11:00,23.2
2025-06-12 13:30:00,32.1
2025-06-12 12:01:00,99.6
2025-06-12 22:54:00,78.3
2025-06-12 02:37:00,2.7
2025-06-12 06:02:00,7.0
2025-06-12 22:38:00,27.8
2025-06-12 03:14:00,82.4
2025-06-12 22:37:00,49.594186729301235
2025-06-12 10:14:00,21.3
2025-06-12 14:39:00,91.9
2025-06-12 09:43:00,36.8
2025-06-12 07:36:00,26.7
2025-06-12 16:39:00,60.6
2025-06-12 04:30:00,55.9
2025-06-12 10:22:00,10.7
2025-06-12 15:29:00,50.3
2025-06-12 21:17:00,79.0
2025-06-12 07:23:00,20.0
2025-06-12 02:52:00,71.6
2025-06-12 11:02:00,49.594186729301235
2025-06-12 18:24:00,86.3
2025-06-12 00:21:00,39.1
2025-06-12 19:46:00,54.8
2025-06-12 07:09:00,18.4
2025-06-12 04:45:00,95.4
2025-06-12 10:55:00,42.3
2025-06-12 03:27:00,17.6
2025-06-12 06:01:00,12.8
2025-06-12 13:02:00,49.594186729301235
2025-06-12 21:34:00,5.3
2025-06-12 13:18:00,88.5
2025-06-12 00:08:00,72.2
2025-06-12 14:30:00,49.594186729301235
2025-06-12 02:02:00,18.3
2025-06-12 00:33:00,43.6
2025-06-12 00:23:00,1.4
2025-06-12 12:14:00,54.3
2025-06-12 11:55:00,65.9
2025-06-12 19:56:00,18.0
2025-06-12 13:28:00,49.594186729301235
2025-06-12 00:43:00,63.9
2025-06-12 15:06:00,35.9
2025-06-12 03:57:00,38.2
2025-06-12 02:43:00,7.7
2025-06-12 08:54:00,77.0
2025-06-12 10:51:00,49.594186729301235
2025-06-12 21:23:00,90.4
2025-06-12 02:03:00,55.0
2025-06-12 04:58:00,49.594186729301235
2025-06-12 17:00:00,8.2
2025-06-12 20:26:00,70.9
2025-06-12 19:49:00,57.5
2025-06-12 14:50:00,8.6
2025-06-12 14:56:00,24.7
2025-06-12 18:35:00,24.3
2025-06-12 01:04:00,66.4
2025-06-12 02:08:00,62.9
2025-06-12 21:42:00,93.1
2025-06-12 10:45:00,87.6
2025-06-12 05:55:00,23.6
2025-06-12 13:03:00,68.8
2025-06-12 16:08:00,66.3
2025-06-12 04:04:00,63.8
2025-06-12 00:37:00,66.7
2025-06-12 02:29:00,88.5
2025-06-12 08:47:00,49.594186729301235
2025-06-12 14:25:00,40.4
2025-06-12 20:06:00,76.4
2025-06-12 04:52:00,52.5
2025-06-12 17:30:00,82.1
2025-06-12 16:56:00,31.6
2025-06-12 20:29:00,33.5
2025-06-12 00:51:00,90.9
2025-06-12 06:53:00,51.1
2025-06-12 06:48:00,64.4
2025-06-12 15:01:00,25.8
2025-06-12 08:32:00,20.2
2025-06-12 13:14:00,37.8
2025-06-12 19:34:00,4.4
2025-06-12 20:57:00,12.6
2025-06-12 04:39:00,49.594186729301235
2025-06-12 23:12:00,6.1
2025-06-12 01:54:00,98.1
2025-06-12 23:14:00,6.6
2025-06-12 17:18:00,49.594186729301235
2025-06-12 19:07:00,34.4
2025-06-12 20:32:00,76.6
2025-06-12 07:10:00,81.5
2025-06-12 09:35:00,63.2
2025-06-12 01:49:00,31.2
2025-06-12 21:26:00,49.594186729301235
2025-06-12 11:36:00,15.2
2025-06-12 11:31:00,91.9
2025-06-12 20:36:00,1.4
2025-06-12 14:49:00,66.3
2025-06-12 16:48:00,78.8
2025-06-12 18:08:00,87.7
2025-06-12 02:17:00,49.594186729301235
2025-06-12 06:17:00,54.3
2025-06-12 15:30:00,87.8
2025-06-12 01:20:00,79.4
2025-06-12 21:44:00,55.6
2025-06-12 02:15:00,99.9
2025-06-12 02:30:00,28.9
2025-06-12 11:40:00,53.7
2025-06-12 22:40:00,26.7
2025-06-12 14:31:00,58.0
2025-06-12 04:10:00,86.6
2025-06-12 14:42:00,49.594186729301235
2025-06-12 02:39:00,46.5
2025-06-12 16:07:00,35.7
2025-06-12 16:22:00,83.3
2025-06-12 20:38:00,49.594186729301235
2025-06-12 11:58:00,49.594186729301235
2025-06-12 17:15:00,44.1
2025-06-12 16:30:00,0.2
2025-06-12 11:00:00,55.4
2025-06-12 20:07:00,50.3
2025-06-12 17:23:00,22.8
2025-06-12 22:50:00,17.6
2025-06-12 06:10:00,87.4
2025-06-12 12:50:00,43.0
2025-06-12 12:20:00,92.1
2025-06-12 14:35:00,40.4
2025-06-12 17:05:00,96.6
2025-06-12 05:15:00,27.5
2025-06-12 11:05:00,16.8
2025-06-12 21:05:00,24.0
2025-06-12 12:18:00,20.5
2025-06-12 06:19:00,33.9
2025-06-12 18:43:00,94.6
2025-06-12 14:21:00,8.7
2025-06-12 08:09:00,27.7
2025-06-12 07:48:00,96.6
2025-06-12 21:38:00,49.594186729301235
2025-06-12 10:18:00,44.1
2025-06-12 00:42:00,91.3
2025-06-12 05:02:00,77.5
2025-06-12 12:51:00,99.1
2025-06-12 13:52:00,49.594186729301235
2025-06-12 18:56:00,8.0
2025-06-12 12:00:00,0.4
2025-06-12 00:46:00,69.2
2025-06-12 00:03:00,49.3
2025-06-12 00:31:00,17.2
2025-06-12 09:30:00,74.5
2025-06-12 02:26:00,20.7
2025-06-12 20:42:00,98.4
2025-06-12 12:43:00,49.594186729301235
2025-06-12 19:48:00,21.4
2025-06-12 01:31:00,46.3
2025-06-12 03:38:00,94.3
2025-06-12 01:19:00,83.3
2025-06-12 17:52:00,98.1
2025-06-12 00:41:00,14.6
2025-06-12 02:31:00,49.594186729301235
2025-06-12 08:46:00,41.8
2025-06-12 19:35:00,83.3
2025-06-12 17:41:00,2.4
2025-06-12 05:40:00,67.3
2025-06-12 13:12:00,49.594186729301235
2025-06-12 10:49:00,49.594186729301235
2025-06-12 22:31:00,12.9
2025-06-12 15:22:00,56.9
2025-06-12 13:33:00,49.594186729301235
2025-06-12 13:32:00,34.9
2025-06-12 12:21:00,23.0
2025-06-12 22:13:00,87.2
2025-06-12 22:48:00,50.03812089971884
2025-06-12 09:51:00,50.03812089971884
2025-06-12 01:38:00,96.1
2025-06-12 15:59:00,50.03812089971884
2025-06-12 23:56:00,50.03812089971884
2025-06-12 00:16:00,28.8
2025-06-12 15:02:00,60.7
2025-06-12 05:01:00,84.0
2025-06-12 18:31:00,24.9
2025-06-12 10:30:00,50.03812089971884
2025-06-12 07:07:00,91.0
2025-06-12 00:00:00,12.2
2025-06-12 10:49:00,89.1
2025-06-12 10:01:00,5.4
2025-06-12 22:58:00,94.8
2025-06-12 23:14:00,16.1
2025-06-12 13:42:00,50.03812089971884
2025-06-12 12:56:00,60.6
2025-06-12 13:21:00,96.1
2025-06-12 22:54:00,80.6
2025-06-12 14:30:00,50.03812089971884
2025-06-12 16:14:00,80.5
2025-06-12 22:32:00,44.6
2025-06-12 04:38:00,50.03812089971884
2025-06-12 15:32:00,27.8
2025-06-12 10:17:00,62.9
2025-06-12 06:57:00,47.8
2025-06-12 04:33:00,89.3
2025-06-12 04:45:00,41.6
2025-06-12 01:53:00,74.4
2025-06-12 00:49:00,23.3
2025-06-12 16:12:00,69.4
2025-06-12 11:50:00,80.4
2025-06-12 21:59:00,78.7
2025-06-12 19:53:00,5.6
2025-06-12 10:44:00,50.03812089971884
2025-06-12 04:07:00,49.3
2025-06-12 06:35:00,50.03812089971884
2025-06-12 12:49:00,50.03812089971884
2025-06-12 07:12:00,58.8
2025-06-12 08:06:00,18.9
2025-06-12 06:49:00,50.03812089971884
2025-06-12 19:18:00,50.03812089971884
2025-06-12 05:16:00,61.3
2025-06-12 12:14:00,36.6
2025-06-12 05:02:00,74.0
2025-06-12 13:03:00,68.9
2025-06-12 08:04:00,12.5
2025-06-12 02:32:00,13.3
2025-06-12 00:42:00,37.2
2025-06-12 09:32:00,40.0
2025-06-12 09:45:00,56.2
2025-06-12 05:03:00,50.03812089971884
2025-06-12 02:42:00,82.4
2025-06-12 18:21:00,29.2
2025-06-12 18:55:00,38.5
2025-06-12 00:17:00,11.3
2025-06-12 17:45:00,19.8
2025-06-12 13:35:00,16.7
2025-06-12 16:30:00,33.9
2025-06-12 05:30:00,99.3
2025-06-12 22:15:00,57.3
2025-06-12 19:10:00,41.5
2025-06-12 22:08:00,30.3
2025-06-12 22:57:00,98.5
2025-06-12 07:36:00,41.9
2025-06-12 11:45:00,44.7
2025-06-12 12:31:00,75.3
2025-06-12 21:48:00,75.8
2025-06-12 03:24:00,74.9
2025-06-12 04:58:00,87.2
2025-06-12 12:24:00,50.03812089971884
2025-06-12 13:43:00,95.5
2025-06-12 00:28:00,47.2
2025-06-12 06:40:00,78.3
2025-06-12 08:45:00,50.03812089971884
2025-06-12 09:19:00,89.6
2025-06-12 00:32:00,64.3
2025-06-12 04:31:00,97.7
2025-06-12 11:18:00,69.0
2025-06-12 02:00:00,35.0
2025-06-12 18:01:00,9.9
2025-06-12 18:52:00,50.03812089971884
2025-06-12 04:22:00,18.2
2025-06-12 04:21:00,42.2
2025-06-12 05:42:00,50.03812089971884
2025-06-12 12:39:00,2.2
2025-06-12 20:41:00,82.8
2025-06-12 07:32:00,97.9
2025-06-12 22:49:00,83.4
2025-06-12 17:17:00,50.03812089971884
2025-06-12 11:26:00,50.2
2025-06-12 03:42:00,45.9
2025-06-12 21:26:00,50.03812089971884
2025-06-12 17:29:00,50.03812089971884
2025-06-12 11:01:00,11.4
2025-06-12 21:28:00,44.0
2025-06-12 20:02:00,44.3
2025-06-12 03:14:00,50.03812089971884
2025-06-12 03:23:00,88.8
2025-06-12 23:19:00,95.6
2025-06-12 04:35:00,50.03812089971884
2025-06-12 11:51:00,50.03812089971884
2025-06-12 23:49:00,95.2
2025-06-12 10:39:00,52.4
2025-06-12 04:08:00,50.03812089971884
2025-06-12 19:32:00,91.3
2025-06-12 08:03:00,50.03812089971884
2025-06-12 06:04:00,50.03812089971884
2025-06-12 09:34:00,77.1
2025-06-12 19:12:00,50.03812089971884
2025-06-12 16:45:00,64.6
2025-06-12 07:30:00,96.4
2025-06-12 08:46:00,60.4
2025-06-12 16:16:00,50.03812089971884
2025-06-12 23:18:00,6.3
2025-06-12 18:47:00,16.2
2025-06-12 06:21:00,92.6
2025-06-12 11:17:00,59.1
2025-06-12 06:42:00,50.03812089971884
2025-06-12 04:01:00,25.6
2025-06-12 04:20:00,77.8
2025-06-12 02:19:00,32.8
2025-06-12 20:40:00,7.8
2025-06-12 01:32:00,80.8
2025-06-12 18:34:00,68.2
2025-06-12 03:03:00,50.03812089971884
2025-06-12 03:28:00,50.03812089971884
2025-06-12 19:14:00,29.5
2025-06-12 20:10:00,1.7
2025-06-12 11:35:00,50.03812089971884
2025-06-12 07:39:00,42.9
2025-06-12 17:59:00,52.1
2025-06-12 15:28:00,67.0
2025-06-12 21:42:00,71.3
2025-06-12 01:31:00,67.1
2025-06-12 07:04:00,99.5
2025-06-12 22:04:00,78.0
2025-06-12 00:03:00,24.9
2025-06-12 10:48:00,55.1
2025-06-12 20:47:00,92.6
2025-06-12 08:24:00,18.4
2025-06-12 19:45:00,55.0
2025-06-12 07:38:00,13.4
2025-06-12 08:56:00,31.7
2025-06-12 10:59:00,22.5
2025-06-12 02:14:00,52.9
2025-06-12 14:59:00,63.2
2025-06-12 18:04:00,50.03812089971884
2025-06-12 20:29:00,12.7
2025-06-12 06:26:00,38.3
2025-06-12 02:38:00,16.8
2025-06-12 03:31:00,83.5
2025-06-12 10:12:00,73.0
2025-06-12 05:15:00,3.1
2025-06-12 02:37:00,50.03812089971884
2025-06-12 20:27:00,56.1
2025-06-12 14:39:00,22.2
2025-06-12 20:26:00,19.1
2025-06-12 19:43:00,17.6
2025-06-12 22:16:00,73.4
2025-06-12 02:47:00,32.1
2025-06-12 13:34:00,22.6
2025-06-12 21:54:00,52.6
2025-06-12 01:29:00,83.9
2025-06-12 14:20:00,80.6
2025-06-12 13:41:00,3.5
2025-06-12 02:18:00,73.4
2025-06-12 09:43:00,5.5
2025-06-12 21:53:00,87.5
2025-06-12 02:58:00,96.2
2025-06-12 01:20:00,81.3
2025-06-12 08:11:00,52.4
2025-06-12 17:36:00,50.03812089971884
2025-06-12 06:07:00,16.1
2025-06-12 02:15:00,73.9
2025-06-12 14:27:00,3.4
2025-06-12 23:46:00,31.5
2025-06-12 18:45:00,10.0
2025-06-12 09:24:00,30.5
2025-06-12 17:16:00,62.3
2025-06-12 19:28:00,27.3
2025-06-12 14:08:00,50.03812089971884
2025-06-12 21:44:00,68.4
2025-06-12 05:08:00,71.5
2025-06-12 15:50:00,2.0
2025-06-12 12:02:00,59.5
2025-06-12 11:30:00,81.1
2025-06-12 17:37:00,32.7
2025-06-12 06:55:00,0.4
2025-06-12 20:34:00,94.6
2025-06-12 03:59:00,89.7
2025-06-12 13:48:00,50.03812089971884
2025-06-12 03:55:00,99.0
2025-06-12 07:19:00,42.8
2025-06-12 05:50:00,46.3
2025-06-12 11:42:00,84.6
2025-06-12 15:39:00,86.1
2025-06-12 07:47:00,56.6
2025-06-12 06:52:00,79.9
2025-06-12 02:29:00,3.8
2025-06-12 19:33:00,73.7
2025-06-12 21:02:00,59.2
2025-06-12 07:21:00,13.3
2025-06-12 12:58:00,95.4
2025-06-12 15:25:00,28.7
2025-06-12 15:57:00,32.7
2025-06-12 03:33:00,19.3
2025-06-12 01:03:00,18.4
2025-06-12 23:52:00,50.03812089971884
2025-06-12 01:04:00,42.2
2025-06-12 07:57:00,20.7
2025-06-12 18:11:00,29.2
2025-06-12 12:53:00,94.2
2025-06-12 02:12:00,92.3
2025-06-12 09:52:00,50.03812089971884
2025-06-12 13:19:00,79.0
2025-06-12 11:28:00,50.03812089971884
2025-06-12 12:09:00,79.7
2025-06-12 18:26:00,58.8
2025-06-12 03:12:00,50.03812089971884
2025-06-12 06:01:00,99.1
2025-06-12 17:28:00,59.8
2025-06-12 06:25:00,26.2
2025-06-12 14:42:00,59.5
2025-06-12 18:14:00,50.03812089971884
2025-06-12 16:42:00,73.3
2025-06-12 00:21:00,5.3
2025-06-12 14:46:00,38.0
2025-06-12 16:23:00,89.1
2025-06-12 22:02:00,89.9
2025-06-12 17:33:00,49.0
2025-06-12 14:56:00,3.7
2025-06-12 22:18:00,70.8
2025-06-12 18:13:00,63.2
2025-06-12 22:13:00,82.4
2025-06-12 01:12:00,90.9
2025-06-12 08:08:00,55.5
2025-06-12 17:12:00,72.3
2025-06-12 18:16:00,53.9
2025-06-12 12:28:00,5.7
2025-06-12 12:46:00,34.7
2025-06-12 14:36:00,70.9
2025-06-12 08:30:00,28.0
2025-06-12 06:39:00,50.03812089971884
2025-06-12 11:53:00,97.8
2025-06-12 13:00:00,98.7
2025-06-12 21:07:00,60.5
2025-06-12 15:11:00,78.7
2025-06-12 15:24:00,23.5
2025-06-12 04:06:00,62.6
2025-06-12 02:11:00,82.6
2025-06-12 11:16:00,29.2
2025-06-12 16:29:00,18.8
2025-06-12 11:13:00,16.6
2025-06-12 14:14:00,74.3
2025-06-12 07:31:00,33.7
2025-06-12 10:25:00,43.9
2025-06-12 12:15:00,28.4
2025-06-12 14:52:00,74.1
2025-06-12 12:41:00,21.5
2025-06-12 14:58:00,7.9
2025-06-12 11:31:00,88.9
2025-06-12 18:42:00,30.2
2025-06-12 08:43:00,30.9
2025-06-12 04:11:00,20.1
2025-06-12 00:57:00,77.4
2025-06-12 12:07:00,18.7
2025-06-12 02:05:00,60.1
2025-06-12 21:36:00,26.4
2025-06-12 05:26:00,46.2
2025-06-12 08:13:00,58.4
2025-06-12 08:26:00,1.7
2025-06-12 13:07:00,41.3
2025-06-12 18:24:00,74.1
2025-06-12 18:39:00,53.8
2025-06-12 20:28:00,0.7
2025-06-12 01:23:00,50.03812089971884
2025-06-12 12:00:00,50.03812089971884
2025-06-12 02:08:00,88.9
2025-06-12 19:23:00,65.9
2025-06-12 07:05:00,31.4
2025-06-12 23:07:00,6.3
2025-06-12 15:14:00,50.03812089971884
2025-06-12 10:14:00,92.1
2025-06-12 08:33:00,40.2
2025-06-12 00:20:00,50.03812089971884
2025-06-12 19:22:00,28.1
2025-06-12 01:43:00,62.1
2025-06-12 11:15:00,53.3
2025-06-12 05:27:00,50.03812089971884
2025-06-12 09:09:00,23.1
2025-06-12 03:30:00,0.4
2025-06-12 14:34:00,40.4
2025-06-12 19:13:00,78.1
2025-06-12 23:02:00,40.6
2025-06-12 00:40:00,68.6
2025-06-12 20:55:00,64.7
2025-06-12 07:41:00,46.9
2025-06-12 06:54:00,15.5
2025-06-12 03:08:00,50.03812089971884
2025-06-12 11:15:00,65.7
2025-06-12 11:55:00,87.9
2025-06-12 17:33:00,4.6
2025-06-12 05:35:00,49.697634180790956
2025-06-12 13:40:00,84.1
2025-06-12 14:09:00,49.697634180790956
2025-06-12 06:32:00,59.4
2025-06-12 21:26:00,78.5
2025-06-12 08:56:00,8.8
2025-06-12 15:24:00,30.9
2025-06-12 19:47:00,49.697634180790956
2025-06-12 08:31:00,54.7
2025-06-12 10:55:00,93.1
2025-06-12 13:53:00,58.8
2025-06-12 16:16:00,89.3
2025-06-12 00:37:00,76.7
2025-06-12 06:35:00,33.3
2025-06-12 08:42:00,7.0
2025-06-12 20:52:00,49.697634180790956
2025-06-12 21:25:00,75.2
2025-06-12 11:36:00,15.8
2025-06-12 16:27:00,49.6
2025-06-12 09:06:00,78.0
2025-06-12 11:17:00,55.4
2025-06-12 21:10:00,63.9
2025-06-12 09:24:00,25.9
2025-06-12 06:48:00,60.8
2025-06-12 09:14:00,79.3
2025-06-12 23:09:00,6.8
2025-06-12 23:04:00,92.1
2025-06-12 20:37:00,61.5
2025-06-12 22:19:00,48.1
2025-06-12 17:13:00,36.3
2025-06-12 22:08:00,81.4
2025-06-12 04:40:00,96.4
2025-06-12 13:49:00,48.7
2025-06-12 22:25:00,83.0
2025-06-12 08:13:00,25.7
2025-06-12 04:09:00,82.4
2025-06-12 18:37:00,10.3
2025-06-12 15:54:00,79.5
2025-06-12 01:39:00,49.697634180790956
2025-06-12 22:31:00,12.3
2025-06-12 19:03:00,36.2
2025-06-12 17:39:00,95.9
2025-06-12 18:22:00,40.8
2025-06-12 20:44:00,74.9
2025-06-12 10:30:00,98.4
2025-06-12 21:55:00,67.9
2025-06-12 20:50:00,22.6
2025-06-12 01:26:00,40.3
2025-06-12 01:34:00,5.2
2025-06-12 07:58:00,49.697634180790956
2025-06-12 03:33:00,95.9
2025-06-12 03:52:00,11.8
2025-06-12 04:04:00,48.9
2025-06-12 11:52:00,42.5
2025-06-12 01:38:00,88.9
2025-06-12 06:08:00,40.9
2025-06-12 01:27:00,68.0
2025-06-12 02:10:00,20.2
2025-06-12 19:19:00,49.697634180790956
2025-06-12 19:37:00,76.7
2025-06-12 08:19:00,3.6
2025-06-12 08:12:00,96.7
2025-06-12 23:37:00,5.9
2025-06-12 17:06:00,35.8
2025-06-12 06:51:00,49.697634180790956
2025-06-12 10:47:00,98.2
2025-06-12 14:56:00,34.9
2025-06-12 16:47:00,60.1
2025-06-12 18:10:00,29.0
2025-06-12 02:03:00,58.1
2025-06-12 21:06:00,73.2
2025-06-12 08:20:00,87.2
2025-06-12 05:12:00,53.9
2025-06-12 09:29:00,6.0
2025-06-12 11:32:00,85.4
2025-06-12 08:39:00,51.0
2025-06-12 15:52:00,42.2
2025-06-12 00:33:00,11.8
2025-06-12 21:08:00,60.6
2025-06-12 09:48:00,36.7
2025-06-12 12:32:00,0.1
2025-06-12 23:17:00,89.1
2025-06-12 01:24:00,74.5
2025-06-12 04:16:00,28.1
2025-06-12 06:30:00,54.9
2025-06-12 03:37:00,53.4
2025-06-12 17:12:00,64.8
2025-06-12 06:50:00,49.697634180790956
2025-06-12 09:07:00,49.697634180790956
2025-06-12 06:20:00,95.8
2025-06-12 21:16:00,21.6
2025-06-12 19:39:00,94.7
2025-06-12 14:05:00,75.7
2025-06-12 05:07:00,18.6
2025-06-12 08:44:00,3.3
2025-06-12 09:15:00,29.8
2025-06-12 03:22:00,55.0
2025-06-12 08:54:00,49.697634180790956
2025-06-12 00:02:00,49.697634180790956
2025-06-12 16:01:00,3.5
2025-06-12 22:21:00,63.0
2025-06-12 14:59:00,34.1
2025-06-12 18:00:00,26.4
2025-06-12 13:29:00,3.7
2025-06-12 11:51:00,75.2
2025-06-12 15:45:00,15.3
2025-06-12 19:36:00,5.2
2025-06-12 07:10:00,46.7
2025-06-12 01:55:00,11.8
2025-06-12 09:19:00,12.6
2025-06-12 01:13:00,49.697634180790956
2025-06-12 14:28:00,3.2
2025-06-12 01:06:00,29.4
2025-06-12 21:37:00,15.4
2025-06-12 14:43:00,29.1
2025-06-12 01:02:00,49.697634180790956
2025-06-12 09:20:00,35.8
2025-06-12 01:30:00,18.7
2025-06-12 09:55:00,83.2
2025-06-12 01:03:00,84.8
2025-06-12 13:41:00,41.6
2025-06-12 14:02:00,38.4
2025-06-12 01:50:00,84.5
2025-06-12 13:31:00,0.6
2025-06-12 03:02:00,49.697634180790956
2025-06-12 21:58:00,58.3
2025-06-12 09:23:00,49.697634180790956
2025-06-12 08:35:00,53.5
2025-06-12 14:12:00,88.0
2025-06-12 05:15:00,40.2
2025-06-12 13:35:00,94.8
2025-06-12 09:11:00,99.0
2025-06-12 17:47:00,69.6
2025-06-12 19:00:00,1.0
2025-06-12 05:23:00,74.9
2025-06-12 06:42:00,18.9
2025-06-12 04:45:00,60.6
2025-06-12 15:57:00,38.2
2025-06-12 16:32:00,18.3
2025-06-12 04:37:00,88.0
2025-06-12 12:43:00,41.2
2025-06-12 07:35:00,17.7
2025-06-12 12:26:00,49.697634180790956
2025-06-12 19:42:00,73.3
2025-06-12 08:03:00,97.4
2025-06-12 22:42:00,97.6
2025-06-12 21:17:00,63.9
2025-06-12 18:44:00,49.697634180790956
2025-06-12 09:39:00,45.4
2025-06-12 19:40:00,71.9
2025-06-12 18:26:00,41.8
2025-06-12 14:37:00,88.6
2025-06-12 23:10:00,5.0
2025-06-12 02:29:00,43.5
2025-06-12 22:36:00,50.6
2025-06-12 18:35:00,0.7
2025-06-12 19:56:00,12.7
2025-06-12 22:56:00,67.5
2025-06-12 06:14:00,61.9
2025-06-12 12:34:00,57.5
2025-06-12 06:17:00,7.3
2025-06-12 08:55:00,13.6
2025-06-12 02:47:00,49.697634180790956
2025-06-12 09:17:00,10.2
2025-06-12 03:17:00,62.9
2025-06-12 13:10:00,43.4
2025-06-12 11:37:00,62.0
2025-06-12 05:46:00,49.4
2025-06-12 08:17:00,44.4
2025-06-12 18:19:00,5.8
2025-06-12 02:23:00,84.5
2025-06-12 09:50:00,8.4
2025-06-12 03:56:00,78.5
2025-06-12 18:49:00,49.697634180790956
2025-06-12 14:24:00,71.3
2025-06-12 19:59:00,73.9
2025-06-12 08:32:00,30.0
2025-06-12 10:37:00,72.4
2025-06-12 17:20:00,97.5
2025-06-12 12:46:00,49.697634180790956
2025-06-12 23:11:00,49.697634180790956
2025-06-12 00:58:00,93.7
2025-06-12 18:11:00,49.697634180790956
2025-06-12 16:41:00,89.5
2025-06-12 12:15:00,82.1
2025-06-12 20:56:00,52.2
2025-06-12 10:43:00,43.2
2025-06-12 20:40:00,15.8
2025-06-12 08:49:00,42.6
2025-06-12 04:30:00,93.5
2025-06-12 20:21:00,7.6
2025-06-12 20:27:00,28.8
2025-06-12 12:41:00,21.2
2025-06-12 17:08:00,24.8
2025-06-12 06:28:00,49.697634180790956
2025-06-12 12:53:00,35.8
2025-06-12 16:10:00,49.697634180790956
2025-06-12 23:08:00,49.697634180790956
2025-06-12 18:02:00,3.7
2025-06-12 16:31:00,6.9
2025-06-12 16:58:00,55.5
2025-06-12 18:45:00,49.697634180790956
2025-06-12 23:36:00,57.1
2025-06-12 06:15:00,13.1
2025-06-12 14:27:00,94.5
2025-06-12 03:01:00,72.8
2025-06-12 13:21:00,28.7
2025-06-12 12:24:00,64.1
2025-06-12 09:58:00,25.8
2025-06-12 02:05:00,1.4
2025-06-12 07:15:00,1.8
2025-06-12 20:20:00,2.6
2025-06-12 13:50:00,46.9
2025-06-12 17:02:00,49.697634180790956
2025-06-12 00:34:00,49.697634180790956
2025-06-12 21:18:00,51.8
2025-06-12 13:47:00,33.7
2025-06-12 09:53:00,49.697634180790956
2025-06-12 10:56:00,75.6
2025-06-12 10:13:00,62.2
2025-06-12 08:50:00,46.1
2025-06-12 04:47:00,75.1
2025-06-12 10:28:00,24.5
2025-06-12 05:50:00,3.5
2025-06-12 15:47:00,49.697634180790956
2025-06-12 11:29:00,49.697634180790956
2025-06-12 11:50:00,70.5
2025-06-12 17:38:00,57.7
2025-06-12 22:59:00,64.9
2025-06-12 22:04:00,14.9
2025-06-12 18:32:00,23.4
2025-06-12 18:17:00,8.3
2025-06-12 18:43:00,41.5
2025-06-12 23:48:00,45.2
2025-06-12 23:23:00,55.1
2025-06-12 21:14:00,19.3
2025-06-12 14:14:00,4.6
2025-06-12 04:53:00,73.6
2025-06-12 15:27:00,84.9
2025-06-12 11:08:00,99.3
2025-06-12 23:43:00,80.8
2025-06-12 15:10:00,28.6
2025-06-12 18:14:00,75.0
2025-06-12 14:51:00,49.697634180790956
2025-06-12 19:16:00,15.6
2025-06-12 15:23:00,83.2
2025-06-12 12:59:00,76.6
2025-06-12 07:19:00,48.4
2025-06-12 21:03:00,49.697634180790956
2025-06-12 19:55:00,29.1
2025-06-12 20:57:00,19.4
2025-06-12 22:14:00,74.1
2025-06-12 16:37:00,12.7
2025-06-12 17:17:00,89.8
2025-06-12 05:05:00,13.6
2025-06-12 09:09:00,36.8
2025-06-12 07:21:00,49.697634180790956
2025-06-12 15:15:00,49.697634180790956
2025-06-12 22:48:00,56.6
2025-06-12 09:31:00,52.2
2025-06-12 15:03:00,11.6
2025-06-12 13:22:00,45.7
2025-06-12 14:52:00,48.6
2025-06-12 11:34:00,5.6
2025-06-12 03:19:00,47.0
2025-06-12 00:42:00,52.2
2025-06-12 20:00:00,49.697634180790956
2025-06-12 10:15:00,84.0
2025-06-12 17:48:00,60.0
2025-06-12 23:30:00,37.9
2025-06-12 08:43:00,13.4
2025-06-12 12:25:00,76.8
2025-06-12 13:46:00,81.3
2025-06-12 10:35:00,88.4
2025-06-12 07:33:00,96.8
2025-06-12 11:06:00,88.2
2025-06-12 09:10:00,49.697634180790956
2025-06-12 23:25:00,81.5
2025-06-12 14:04:00,9.1
2025-06-12 17:54:00,65.7
2025-06-12 13:04:00,80.2
2025-06-12 18:09:00,15.3
2025-06-12 03:18:00,66.0
2025-06-12 14:55:00,36.6
2025-06-12 10:07:00,49.697634180790956
2025-06-12 06:34:00,74.5
2025-06-12 17:04:00,79.9
2025-06-12 09:02:00,64.9
2025-06-12 17:43:00,49.697634180790956
2025-06-12 23:09:00,95.4
2025-06-12 09:37:00,49.81454693687398
2025-06-12 01:06:00,84.7
2025-06-12 18:30:00,11.8
2025-06-12 05:25:00,30.0
2025-06-12 03:26:00,75.8
2025-06-12 12:10:00,84.4
2025-06-12 14:17:00,11.6
2025-06-12 23:27:00,89.6
2025-06-12 09:01:00,29.8
2025-06-12 18:55:00,47.4
2025-06-12 10:41:00,21.0
2025-06-12 15:27:00,37.8
2025-06-12 05:27:00,16.4
2025-06-12 02:04:00,96.2
2025-06-12 08:19:00,30.9
2025-06-12 19:27:00,95.5
2025-06-12 05:35:00,77.1
2025-06-12 20:09:00,68.5
2025-06-12 12:08:00,32.2
2025-06-12 06:55:00,49.81454693687398
2025-06-12 21:48:00,66.1
2025-06-12 03:33:00,53.8
2025-06-12 11:48:00,49.81454693687398
2025-06-12 03:19:00,70.7
2025-06-12 16:26:00,18.3
2025-06-12 06:45:00,71.9
2025-06-12 00:07:00,18.8
2025-06-12 18:09:00,2.3
2025-06-12 03:06:00,63.0
2025-06-12 21:11:00,80.0
2025-06-12 02:51:00,99.7
2025-06-12 02:33:00,10.9
2025-06-12 01:29:00,86.4
2025-06-12 08:20:00,49.81454693687398
2025-06-12 16:08:00,19.0
2025-06-12 07:56:00,92.5
2025-06-12 02:11:00,21.8
2025-06-12 08:47:00,36.4
2025-06-12 00:41:00,15.7
2025-06-12 02:26:00,7.9
2025-06-12 18:44:00,10.4
2025-06-12 16:37:00,73.2
2025-06-12 11:27:00,12.8
2025-06-12 18:45:00,19.2
2025-06-12 10:10:00,40.7
2025-06-12 21:51:00,76.8
2025-06-12 17:25:00,60.5
2025-06-12 00:57:00,17.0
2025-06-12 19:54:00,15.6
2025-06-12 06:57:00,6.2
2025-06-12 16:28:00,15.2
2025-06-12 16:00:00,47.3
2025-06-12 15:10:00,58.1
2025-06-12 16:51:00,7.0
2025-06-12 10:46:00,72.4
2025-06-12 12:06:00,95.5
2025-06-12 18:54:00,35.3
2025-06-12 12:20:00,10.4
2025-06-12 10:00:00,49.81454693687398
2025-06-12 03:39:00,4.2
2025-06-12 01:01:00,49.81454693687398
2025-06-12 03:34:00,25.0
2025-06-12 13:28:00,42.5
2025-06-12 23:49:00,5.1
2025-06-12 08:26:00,66.4
2025-06-12 19:05:00,79.3
2025-06-12 20:00:00,0.9
2025-06-12 04:23:00,96.0
2025-06-12 07:59:00,25.3
2025-06-12 05:53:00,62.1
2025-06-12 22:18:00,13.4
2025-06-12 19:08:00,85.1
2025-06-12 00:23:00,49.6
2025-06-12 13:35:00,52.4
2025-06-12 08:45:00,1.6
2025-06-12 03:00:00,31.0
2025-06-12 18:48:00,27.3
2025-06-12 11:52:00,11.6
2025-06-12 08:08:00,33.0
2025-06-12 16:23:00,49.81454693687398
2025-06-12 09:23:00,49.81454693687398
2025-06-12 03:21:00,98.9
2025-06-12 08:21:00,12.4
2025-06-12 08:31:00,94.0
2025-06-12 19:37:00,1.1
2025-06-12 02:21:00,80.2
2025-06-12 06:09:00,62.0
2025-06-12 19:24:00,37.7
2025-06-12 08:07:00,18.9
2025-06-12 18:40:00,12.0
2025-06-12 22:02:00,38.9
2025-06-12 16:56:00,42.7
2025-06-12 04:31:00,89.4
2025-06-12 04:22:00,16.6
2025-06-12 17:56:00,16.2
2025-06-12 22:34:00,71.4
2025-06-12 16:31:00,36.5
2025-06-12 19:29:00,49.81454693687398
2025-06-12 13:43:00,77.2
2025-06-12 19:57:00,81.5
2025-06-12 18:10:00,17.1
2025-06-12 00:19:00,72.0
2025-06-12 22:16:00,86.2
2025-06-12 17:24:00,79.7
2025-06-12 15:57:00,77.8
2025-06-12 06:11:00,53.4
2025-06-12 08:52:00,21.8
2025-06-12 15:37:00,29.8
2025-06-12 14:24:00,5.7
2025-06-12 02:15:00,86.4
2025-06-12 05:58:00,9.0
2025-06-12 14:52:00,49.81454693687398
2025-06-12 04:12:00,17.4
2025-06-12 13:38:00,33.4
2025-06-12 01:28:00,63.4
2025-06-12 20:57:00,25.3
2025-06-12 17:03:00,49.81454693687398
2025-06-12 21:55:00,49.81454693687398
2025-06-12 14:19:00,49.81454693687398
2025-06-12 22:13:00,49.81454693687398
2025-06-12 05:06:00,86.3
2025-06-12 02:53:00,10.6
2025-06-12 00:54:00,36.7
2025-06-12 02:20:00,52.0
2025-06-12 04:55:00,15.0
2025-06-12 21:09:00,24.0
2025-06-12 13:09:00,23.7
2025-06-12 15:36:00,40.8
2025-06-12 00:47:00,74.1
2025-06-12 15:44:00,77.0
2025-06-12 03:36:00,14.5
2025-06-12 09:36:00,7.1
2025-06-12 21:40:00,24.0
2025-06-12 18:39:00,49.81454693687398
2025-06-12 04:18:00,39.0
2025-06-12 19:42:00,48.0
2025-06-12 20:36:00,44.1
2025-06-12 08:15:00,49.81454693687398
2025-06-12 07:34:00,16.5
2025-06-12 04:24:00,49.81454693687398
2025-06-12 00:22:00,90.0
2025-06-12 00:50:00,30.7
2025-06-12 16:34:00,69.4
2025-06-12 07:29:00,0.7
2025-06-12 13:27:00,64.2
2025-06-12 04:27:00,33.4
2025-06-12 06:44:00,49.81454693687398
2025-06-12 17:14:00,6.3
2025-06-12 21:36:00,16.7
2025-06-12 21:22:00,49.81454693687398
2025-06-12 02:39:00,74.5
2025-06-12 12:13:00,74.5
2025-06-12 04:37:00,49.81454693687398
2025-06-12 11:32:00,95.4
2025-06-12 21:12:00,21.6
2025-06-12 04:15:00,99.5
2025-06-12 12:48:00,30.6
2025-06-12 00:14:00,69.8
2025-06-12 04:07:00,26.5
2025-06-12 10:34:00,83.9
2025-06-12 11:35:00,34.1
2025-06-12 19:22:00,94.2
2025-06-12 05:18:00,19.5
2025-06-12 05:37:00,23.5
2025-06-12 22:39:00,37.9
2025-06-12 16:27:00,18.9
2025-06-12 13:40:00,49.81454693687398
2025-06-12 01:09:00,36.6
2025-06-12 03:29:00,32.6
2025-06-12 16:11:00,26.1
2025-06-12 22:40:00,3.7
2025-06-12 16:20:00,49.81454693687398
2025-06-12 22:35:00,71.2
2025-06-12 01:15:00,54.7
2025-06-12 17:15:00,96.9
2025-06-12 07:16:00,5.8
2025-06-12 06:37:00,81.0
2025-06-12 23:47:00,45.9
2025-06-12 10:31:00,37.4
2025-06-12 09:30:00,9.0
2025-06-12 15:16:00,87.7
2025-06-12 01:25:00,29.3
2025-06-12 02:14:00,49.81454693687398
2025-06-12 12:07:00,18.0
2025-06-12 16:36:00,49.81454693687398
2025-06-12 23:57:00,60.2
2025-06-12 17:49:00,33.0
2025-06-12 08:50:00,49.81454693687398
2025-06-12 07:48:00,22.9
2025-06-12 02:34:00,81.1
2025-06-12 13:54:00,55.5
2025-06-12 17:26:00,95.1
2025-06-12 14:07:00,49.81454693687398
2025-06-12 09:51:00,60.3
2025-06-12 21:21:00,26.3
2025-06-12 18:07:00,10.1
2025-06-12 23:38:00,1.0
2025-06-12 06:59:00,49.81454693687398
2025-06-12 06:53:00,55.8
2025-06-12 17:01:00,62.3
2025-06-12 04:58:00,24.4
2025-06-12 19:51:00,4.8
2025-06-12 23:48:00,7.5
2025-06-12 07:46:00,7.3
2025-06-12 19:25:00,17.9
2025-06-12 01:31:00,6.0
2025-06-12 13:21:00,35.4
2025-06-12 15:02:00,36.0
2025-06-12 00:34:00,70.7
2025-06-12 15:20:00,15.9
2025-06-12 05:45:00,12.1
2025-06-12 10:38:00,51.7
2025-06-12 01:49:00,49.81454693687398
2025-06-12 06:51:00,49.81454693687398
2025-06-12 21:32:00,30.7
2025-06-12 13:51:00,58.6
2025-06-12 23:35:00,68.2
2025-06-12 18:41:00,73.9
2025-06-12 13:49:00,28.1
2025-06-12 04:05:00,9.3
2025-06-12 21:53:00,60.0
2025-06-12 21:44:00,26.1
2025-06-12 15:45:00,76.5
2025-06-12 18:34:00,14.6
2025-06-12 20:24:00,87.9
2025-06-12 00:45:00,94.2
2025-06-12 21:18:00,49.81454693687398
2025-06-12 22:20:00,40.6
2025-06-12 21:03:00,81.7
2025-06-12 07:10:00,49.1
2025-06-12 22:56:00,49.3
2025-06-12 09:17:00,52.7
2025-06-12 06:15:00,19.5
2025-06-12 22:51:00,55.1
2025-06-12 21:46:00,49.81454693687398
2025-06-12 08:58:00,5.7
2025-06-12 05:02:00,93.4
2025-06-12 00:01:00,69.7
2025-06-12 13:18:00,65.4
2025-06-12 04:47:00,14.8
2025-06-12 06:07:00,76.7
2025-06-12 09:04:00,48.8
2025-06-12 11:14:00,25.8
2025-06-12 01:07:00,53.7
2025-06-12 16:16:00,21.4
2025-06-12 02:48:00,72.4
2025-06-12 10:22:00,90.0
2025-06-12 02:37:00,53.0
2025-06-12 06:00:00,49.81454693687398
2025-06-12 10:06:00,12.0
2025-06-12 08:33:00,13.1
2025-06-12 06:43:00,85.4
2025-06-12 15:51:00,86.4
2025-06-12 00:02:00,7.5
2025-06-12 21:25:00,88.5
2025-06-12 15:49:00,58.8
2025-06-12 15:38:00,49.81454693687398
2025-06-12 09:48:00,70.1
2025-06-12 00:51:00,60.5
2025-06-12 16:15:00,49.81454693687398
2025-06-12 01:08:00,44.5
2025-06-12 13:45:00,54.1
2025-06-12 15:32:00,49.81454693687398
2025-06-12 15:01:00,82.7
2025-06-12 01:42:00,49.81454693687398
2025-06-12 23:28:00,37.2
2025-06-12 14:00:00,51.5
2025-06-12 22:28:00,18.5
2025-06-12 06:40:00,35.4
2025-06-12 07:54:00,95.5
2025-06-12 23:15:00,49.81454693687398
2025-06-12 09:44:00,49.81454693687398
2025-06-12 02:50:00,30.4
2025-06-12 06:08:00,40.9
2025-06-12 03:12:00,88.9
2025-06-12 02:05:00,89.5
2025-06-12 04:38:00,1.9
2025-06-12 07:44:00,12.8
2025-06-12 04:09:00,5.2
2025-06-12 07:40:00,64.3
2025-06-12 23:41:00,49.81454693687398
2025-06-12 14:56:00,74.3
2025-06-12 01:23:00,72.7
2025-06-12 03:56:00,86.4
2025-06-12 00:29:00,5.8
2025-06-12 12:29:00,28.8
2025-06-12 12:40:00,56.3
2025-06-12 15:43:00,20.8
2025-06-12 17:29:00,67.6
2025-06-12 23:50:00,63.9
2025-06-12 16:22:00,0.4
2025-06-12 04:11:00,67.3
2025-06-12 14:08:00,50.17466168922071
2025-06-12 11:34:00,3.8
2025-06-12 06:34:00,13.9
2025-06-12 15:42:00,11.0
2025-06-12 07:51:00,51.6
2025-06-12 23:00:00,53.2
2025-06-12 22:30:00,50.3
2025-06-12 21:32:00,38.0
2025-06-12 19:11:00,48.6
2025-06-12 01:39:00,30.6
2025-06-12 15:36:00,18.5
2025-06-12 06:25:00,20.5
2025-06-12 01:21:00,52.3
2025-06-12 01:45:00,91.7
2025-06-12 02:15:00,99.4
2025-06-12 00:14:00,74.1
2025-06-12 01:48:00,44.4
2025-06-12 18:30:00,2.0
2025-06-12 00:12:00,23.1
2025-06-12 02:25:00,50.17466168922071
2025-06-12 07:37:00,6.0
2025-06-12 11:05:00,48.0
2025-06-12 22:54:00,50.17466168922071
2025-06-12 03:50:00,42.3
2025-06-12 21:50:00,91.1
2025-06-12 17:58:00,53.0
2025-06-12 09:30:00,2.6
2025-06-12 21:22:00,44.4
2025-06-12 16:19:00,3.0
2025-06-12 21:51:00,5.4
2025-06-12 19:38:00,24.5
2025-06-12 21:58:00,50.17466168922071
2025-06-12 16:11:00,68.3
2025-06-12 10:51:00,31.4
2025-06-12 13:05:00,47.3
2025-06-12 01:11:00,88.5
2025-06-12 13:50:00,3.5
2025-06-12 02:50:00,58.9
2025-06-12 22:44:00,66.9
2025-06-12 00:19:00,67.5
2025-06-12 00:10:00,97.4
2025-06-12 14:17:00,66.3
2025-06-12 02:41:00,57.0
2025-06-12 00:09:00,16.0
2025-06-12 01:49:00,53.7
2025-06-12 05:01:00,50.17466168922071
2025-06-12 05:46:00,70.3
2025-06-12 20:24:00,51.5
2025-06-12 03:36:00,95.2
2025-06-12 19:29:00,94.8
2025-06-12 21:00:00,95.8
2025-06-12 16:41:00,60.7
2025-06-12 15:27:00,47.5
2025-06-12 19:28:00,14.7
2025-06-12 20:31:00,55.9
2025-06-12 06:28:00,30.5
2025-06-12 07:54:00,25.6
2025-06-12 10:45:00,0.9
2025-06-12 12:12:00,64.9
2025-06-12 14:26:00,50.17466168922071
2025-06-12 05:58:00,66.1
2025-06-12 10:42:00,22.2
2025-06-12 11:58:00,44.7
2025-06-12 22:34:00,40.7
2025-06-12 00:05:00,29.4
2025-06-12 16:30:00,80.5
2025-06-12 11:09:00,56.4
2025-06-12 14:14:00,12.2
2025-06-12 12:34:00,73.2
2025-06-12 20:48:00,93.6
2025-06-12 02:23:00,92.0
2025-06-12 00:57:00,11.2
2025-06-12 14:34:00,71.8
2025-06-12 05:04:00,71.3
2025-06-12 08:48:00,42.9
2025-06-12 18:36:00,49.6
2025-06-12 21:14:00,10.6
2025-06-12 08:24:00,31.9
2025-06-12 15:16:00,58.8
2025-06-12 06:31:00,92.4
2025-06-12 10:12:00,36.1
2025-06-12 04:05:00,89.6
2025-06-12 04:47:00,91.4
2025-06-12 16:23:00,30.8
2025-06-12 10:55:00,71.7
2025-06-12 22:09:00,24.5
2025-06-12 20:43:00,81.2
2025-06-12 19:57:00,5.1
2025-06-12 11:14:00,74.1
2025-06-12 07:32:00,94.8
2025-06-12 15:08:00,83.7
2025-06-12 04:07:00,50.17466168922071
2025-06-12 02:42:00,26.5
2025-06-12 06:07:00,50.17466168922071
2025-06-12 17:01:00,11.0
2025-06-12 02:01:00,89.0
2025-06-12 02:09:00,81.7
2025-06-12 20:10:00,61.5
2025-06-12 07:47:00,50.17466168922071
2025-06-12 23:52:00,27.3
2025-06-12 15:54:00,20.5
2025-06-12 23:12:00,19.4
2025-06-12 23:20:00,44.8
2025-06-12 16:44:00,38.6
2025-06-12 20:55:00,54.7
2025-06-12 03:40:00,63.1
2025-06-12 23:25:00,55.7
2025-06-12 04:36:00,37.4
2025-06-12 05:37:00,2.1
2025-06-12 19:04:00,52.5
2025-06-12 04:06:00,50.1
2025-06-12 21:47:00,18.3
2025-06-12 13:31:00,71.6
2025-06-12 00:30:00,19.4
2025-06-12 23:21:00,46.6
2025-06-12 19:25:00,50.17466168922071
2025-06-12 22:47:00,24.7
2025-06-12 22:21:00,93.4
2025-06-12 13:48:00,66.2
2025-06-12 14:15:00,61.8
2025-06-12 05:10:00,37.3
2025-06-12 21:36:00,3.2
2025-06-12 14:16:00,92.5
2025-06-12 17:57:00,71.3
2025-06-12 15:38:00,57.4
2025-06-12 10:24:00,12.3
2025-06-12 06:36:00,19.3
2025-06-12 15:17:00,22.2
2025-06-12 22:57:00,8.6
2025-06-12 14:38:00,26.2
2025-06-12 14:28:00,52.6
2025-06-12 22:50:00,21.0
2025-06-12 21:33:00,67.9
2025-06-12 16:14:00,11.9
2025-06-12 09:14:00,67.5
2025-06-12 18:01:00,15.2
2025-06-12 12:26:00,74.9
2025-06-12 07:48:00,2.7
2025-06-12 21:01:00,6.9
2025-06-12 05:48:00,60.1
2025-06-12 07:59:00,38.3
2025-06-12 19:59:00,9.4
2025-06-12 12:57:00,47.5
2025-06-12 06:42:00,50.17466168922071
2025-06-12 08:25:00,41.8
2025-06-12 19:30:00,74.1
2025-06-12 15:04:00,42.6
2025-06-12 23:29:00,41.2
2025-06-12 02:57:00,39.7
2025-06-12 20:23:00,50.17466168922071
2025-06-12 13:08:00,84.2
2025-06-12 10:49:00,60.5
2025-06-12 15:00:00,50.17466168922071
2025-06-12 05:51:00,50.17466168922071
2025-06-12 16:07:00,50.17466168922071
2025-06-12 21:15:00,67.7
2025-06-12 18:14:00,99.8
2025-06-12 20:35:00,70.1
2025-06-12 06:20:00,84.2
2025-06-12 16:57:00,29.4
2025-06-12 17:55:00,10.1
2025-06-12 17:08:00,68.6
2025-06-12 11:13:00,50.17466168922071
2025-06-12 02:22:00,40.6
2025-06-12 06:23:00,3.6
2025-06-12 04:52:00,17.5
2025-06-12 20:49:00,22.4
2025-06-12 10:47:00,50.17466168922071
2025-06-12 16:45:00,86.8
2025-06-12 20:47:00,90.2
2025-06-12 10:56:00,77.6
2025-06-12 10:26:00,70.6
2025-06-12 08:31:00,93.1
2025-06-12 22:16:00,63.4
2025-06-12 19:22:00,81.6
2025-06-12 14:43:00,50.17466168922071
2025-06-12 09:01:00,78.5
2025-06-12 01:55:00,23.4
2025-06-12 02:34:00,73.8
2025-06-12 14:07:00,24.3
2025-06-12 15:29:00,27.6
2025-06-12 01:27:00,95.6
2025-06-12 01:35:00,45.0
2025-06-12 08:53:00,81.2
2025-06-12 13:17:00,74.3
2025-06-12 04:44:00,14.7
2025-06-12 03:23:00,63.6
2025-06-12 04:12:00,91.4
2025-06-12 19:26:00,98.7
2025-06-12 10:13:00,50.17466168922071
2025-06-12 06:27:00,83.2
2025-06-12 04:46:00,52.8
2025-06-12 00:23:00,5.9
2025-06-12 09:52:00,23.7
2025-06-12 15:23:00,92.6
2025-06-12 07:04:00,20.4
2025-06-12 10:04:00,54.3
2025-06-12 15:59:00,91.4
2025-06-12 19:43:00,71.6
2025-06-12 22:02:00,50.17466168922071
2025-06-12 20:37:00,30.6
2025-06-12 22:23:00,4.8
2025-06-12 03:01:00,79.1
2025-06-12 00:11:00,37.0
2025-06-12 00:24:00,10.8
2025-06-12 05:54:00,36.2
2025-06-12 17:26:00,50.17466168922071
2025-06-12 19:44:00,50.17466168922071
2025-06-12 13:27:00,14.1
2025-06-12 16:06:00,42.2
2025-06-12 11:52:00,3.8
2025-06-12 10:10:00,71.9
2025-06-12 09:56:00,50.6
2025-06-12 00:56:00,2.4
2025-06-12 03:48:00,62.8
2025-06-12 15:26:00,49.9
2025-06-12 19:18:00,22.0
2025-06-12 04:01:00,50.17466168922071
2025-06-12 21:21:00,75.1
2025-06-12 00:55:00,71.1
2025-06-12 18:05:00,35.1
2025-06-12 11:59:00,65.5
2025-06-12 17:41:00,50.17466168922071
2025-06-12 00:27:00,50.17466168922071
2025-06-12 12:29:00,25.8
2025-06-12 00:43:00,5.0
2025-06-12 17:29:00,30.9
2025-06-12 09:40:00,23.8
2025-06-12 23:34:00,74.9
2025-06-12 13:45:00,18.2
2025-06-12 08:37:00,82.4
2025-06-12 02:56:00,18.4
2025-06-12 16:18:00,76.3
2025-06-12 17:54:00,58.5
2025-06-12 13:02:00,85.0
2025-06-12 20:29:00,50.17466168922071
2025-06-12 14:29:00,86.3
2025-06-12 09:07:00,28.5
2025-06-12 04:40:00,46.7
2025-06-12 03:41:00,55.0
2025-06-12 16:09:00,16.5
2025-06-12 21:29:00,21.1
2025-06-12 04:10:00,25.5
2025-06-12 03:02:00,50.17466168922071
2025-06-12 18:57:00,50.17466168922071
2025-06-12 21:03:00,36.9
2025-06-12 15:43:00,30.5
2025-06-12 12:14:00,9.0
2025-06-12 02:46:00,23.9
2025-06-12 19:33:00,52.1
2025-06-12 20:14:00,75.3
2025-06-12 22:41:00,93.7
2025-06-12 16:20:00,28.2
2025-06-12 07:05:00,50.17466168922071
2025-06-12 12:22:00,41.7
2025-06-12 18:20:00,84.5
2025-06-12 15:56:00,84.7
2025-06-12 09:37:00,4.8
2025-06-12 10:39:00,73.2
2025-06-12 18:27:00,18.1
2025-06-12 09:17:00,68.6
2025-06-12 00:40:00,4.8
2025-06-12 12:25:00,50.17466168922071
2025-06-12 04:25:00,83.7
2025-06-12 22:51:00,3.1
2025-06-12 02:17:00,40.2
2025-06-12 09:43:00,54.9
2025-06-12 20:53:00,50.17466168922071
2025-06-12 13:11:00,23.8
2025-06-12 23:18:00,44.3
2025-06-12 11:19:00,50.17466168922071
2025-06-12 11:30:00,50.17466168922071
2025-06-12 15:25:00,77.7
2025-06-12 18:18:00,27.8
2025-06-12 10:33:00,34.2
2025-06-12 12:07:00,81.9
2025-06-12 18:49:00,97.1
2025-06-12 06:49:00,56.6
2025-06-12 09:00:00,78.3
2025-06-12 16:26:00,31.5
2025-06-12 09:46:00,51.4
2025-06-12 08:01:00,58.0
2025-06-12 01:52:00,92.3
2025-06-12 11:43:00,14.3
2025-06-12 13:49:00,34.6
2025-06-12 18:39:00,1.9
2025-06-12 01:00:00,11.8
2025-06-12 02:04:00,97.1
2025-06-12 16:35:00,15.4
2025-06-12 14:51:00,52.6
2025-06-12 06:29:00,50.17466168922071
2025-06-12 05:53:00,34.9
2025-06-12 22:13:00,50.17466168922071
2025-06-12 18:48:00,50.17466168922071
2025-06-12 11:23:00,90.9
2025-06-12 10:16:00,21.7
2025-06-12 10:34:00,78.1
2025-06-12 10:03:00,39.8
2025-06-12 12:04:00,9.1
2025-06-12 04:51:00,21.9
2025-06-12 01:12:00,96.7
2025-06-12 10:32:00,64.4
2025-06-12 03:11:00,60.4
2025-06-12 16:54:00,92.5
2025-06-12 04:42:00,50.17466168922071
2025-06-12 03:15:00,41.1
2025-06-12 03:44:00,80.7
2025-06-12 13:00:00,50.17466168922071
2025-06-12 12:00:00,33.4
2025-06-12 13:15:00,93.3
2025-06-12 15:48:00,87.3
2025-06-12 16:28:00,33.2
2025-06-12 21:17:00,49.28634215500945
2025-06-12 08:03:00,16.3
2025-06-12 23:13:00,99.4
2025-06-12 01:23:00,18.8
2025-06-12 10:18:00,63.2
2025-06-12 18:02:00,49.28634215500945
2025-06-12 15:56:00,97.5
2025-06-12 00:24:00,6.2
2025-06-12 04:18:00,62.6
2025-06-12 03:31:00,20.4
2025-06-12 18:30:00,58.0
2025-06-12 00:36:00,39.3
2025-06-12 21:09:00,3.3
2025-06-12 22:14:00,7.4
2025-06-12 13:03:00,13.2
2025-06-12 07:54:00,59.8
2025-06-12 17:41:00,49.28634215500945
2025-06-12 10:39:00,55.0
2025-06-12 06:30:00,24.2
2025-06-12 01:50:00,67.2
2025-06-12 07:55:00,49.28634215500945
2025-06-12 13:16:00,93.3
2025-06-12 18:25:00,49.28634215500945
2025-06-12 03:51:00,26.0
2025-06-12 12:18:00,54.2
2025-06-12 03:08:00,40.2
2025-06-12 21:34:00,63.8
2025-06-12 22:35:00,95.2
2025-06-12 08:15:00,70.7
2025-06-12 08:11:00,93.9
2025-06-12 14:42:00,45.8
2025-06-12 10:20:00,8.8
2025-06-12 12:20:00,10.5
2025-06-12 20:00:00,87.4
2025-06-12 08:24:00,49.28634215500945
2025-06-12 00:53:00,26.7
2025-06-12 13:46:00,49.28634215500945
2025-06-12 19:10:00,31.0
2025-06-12 10:42:00,49.28634215500945
2025-06-12 07:32:00,23.6
2025-06-12 19:45:00,34.0
2025-06-12 16:43:00,97.7
2025-06-12 03:36:00,16.8
2025-06-12 02:56:00,14.5
2025-06-12 03:45:00,49.28634215500945
2025-06-12 01:45:00,33.5
2025-06-12 06:58:00,62.3
2025-06-12 22:25:00,61.9
2025-06-12 14:00:00,25.3
2025-06-12 00:02:00,72.1
2025-06-12 19:35:00,11.4
2025-06-12 16:49:00,13.1
2025-06-12 04:01:00,49.28634215500945
2025-06-12 14:58:00,22.3
2025-06-12 21:32:00,49.28634215500945
2025-06-12 20:50:00,34.0
2025-06-12 02:29:00,2.5
2025-06-12 22:08:00,30.4
2025-06-12 19:31:00,45.2
2025-06-12 10:50:00,49.28634215500945
2025-06-12 02:10:00,56.0
2025-06-12 01:24:00,71.1
2025-06-12 11:05:00,19.8
2025-06-12 12:36:00,47.2
2025-06-12 09:45:00,39.4
2025-06-12 15:30:00,49.28634215500945
2025-06-12 12:14:00,4.7
2025-06-12 13:52:00,32.8
2025-06-12 09:27:00,49.28634215500945
2025-06-12 02:40:00,39.5
2025-06-12 17:56:00,52.7
2025-06-12 12:33:00,49.28634215500945
2025-06-12 18:48:00,49.9
2025-06-12 06:16:00,29.9
2025-06-12 23:17:00,72.2
2025-06-12 06:39:00,47.5
2025-06-12 06:40:00,45.6
2025-06-12 22:59:00,87.0
2025-06-12 00:20:00,89.7
2025-06-12 10:41:00,47.7
2025-06-12 10:14:00,86.3
2025-06-12 16:07:00,49.28634215500945
2025-06-12 23:58:00,72.0
2025-06-12 18:51:00,68.5
2025-06-12 19:49:00,77.9
2025-06-12 08:18:00,95.1
2025-06-12 23:10:00,94.7
2025-06-12 19:38:00,48.8
2025-06-12 14:49:00,61.1
2025-06-12 15:03:00,24.0
2025-06-12 20:56:00,53.1
2025-06-12 09:37:00,49.28634215500945
2025-06-12 16:40:00,2.8
2025-06-12 09:15:00,58.4
2025-06-12 10:47:00,92.2
2025-06-12 11:26:00,67.2
2025-06-12 19:43:00,98.4
2025-06-12 17:17:00,42.6
2025-06-12 08:00:00,77.9
2025-06-12 22:46:00,78.9
2025-06-12 23:59:00,16.0
2025-06-12 01:39:00,49.28634215500945
2025-06-12 17:29:00,27.2
2025-06-12 04:27:00,13.7
2025-06-12 05:24:00,66.7
2025-06-12 04:02:00,49.28634215500945
2025-06-12 19:00:00,52.9
2025-06-12 15:06:00,49.28634215500945
2025-06-12 05:58:00,49.28634215500945
2025-06-12 10:45:00,49.28634215500945
2025-06-12 11:19:00,49.28634215500945
2025-06-12 19:17:00,24.3
2025-06-12 12:04:00,88.5
2025-06-12 08:39:00,50.6
2025-06-12 00:48:00,1.6
2025-06-12 03:38:00,80.4
2025-06-12 23:48:00,42.7
2025-06-12 16:18:00,40.3
2025-06-12 07:14:00,30.2
2025-06-12 13:31:00,49.28634215500945
2025-06-12 18:59:00,52.1
2025-06-12 04:19:00,97.6
2025-06-12 00:55:00,92.0
2025-06-12 09:02:00,49.28634215500945
2025-06-12 23:03:00,38.6
2025-06-12 17:37:00,89.9
2025-06-12 13:17:00,41.9
2025-06-12 15:04:00,51.9
2025-06-12 15:45:00,41.7
2025-06-12 07:36:00,15.9
2025-06-12 18:44:00,6.4
2025-06-12 16:00:00,9.4
2025-06-12 17:20:00,33.8
2025-06-12 09:50:00,35.0
2025-06-12 22:55:00,84.8
2025-06-12 15:02:00,49.28634215500945
2025-06-12 18:36:00,43.4
2025-06-12 18:53:00,12.1
2025-06-12 21:42:00,79.1
2025-06-12 19:11:00,9.9
2025-06-12 13:34:00,67.5
2025-06-12 05:25:00,60.0
2025-06-12 02:23:00,20.0
2025-06-12 13:04:00,72.2
2025-06-12 07:53:00,49.28634215500945
2025-06-12 03:56:00,9.5
2025-06-12 03:47:00,24.3
2025-06-12 20:10:00,99.4
2025-06-12 08:53:00,50.1
2025-06-12 22:31:00,62.9
2025-06-12 18:17:00,96.2
2025-06-12 13:47:00,86.4
2025-06-12 02:43:00,49.28634215500945
2025-06-12 17:36:00,49.28634215500945
2025-06-12 12:07:00,35.1
2025-06-12 10:30:00,39.3
2025-06-12 22:12:00,16.8
2025-06-12 17:27:00,64.1
2025-06-12 23:14:00,81.2
2025-06-12 15:14:00,9.5
2025-06-12 23:11:00,49.28634215500945
2025-06-12 05:16:00,49.28634215500945
2025-06-12 03:58:00,49.28634215500945
2025-06-12 07:19:00,23.4
2025-06-12 21:19:00,38.9
2025-06-12 02:57:00,82.6
2025-06-12 14:01:00,20.0
2025-06-12 01:00:00,66.0
2025-06-12 17:47:00,49.28634215500945
2025-06-12 00:11:00,94.6
2025-06-12 21:16:00,12.6
2025-06-12 13:41:00,65.4
2025-06-12 22:18:00,57.6
2025-06-12 14:10:00,99.6
2025-06-12 07:27:00,31.1
2025-06-12 01:29:00,49.28634215500945
2025-06-12 02:31:00,49.28634215500945
2025-06-12 19:25:00,49.28634215500945
2025-06-12 15:32:00,49.28634215500945
2025-06-12 02:11:00,27.5
2025-06-12 11:12:00,43.0
2025-06-12 06:11:00,34.4
2025-06-12 18:20:00,69.5
2025-06-12 04:31:00,60.6
2025-06-12 06:43:00,49.28634215500945
2025-06-12 10:56:00,92.6
2025-06-12 11:58:00,59.1
2025-06-12 23:29:00,15.3
2025-06-12 23:49:00,39.7
2025-06-12 15:39:00,16.8
2025-06-12 02:46:00,88.7
2025-06-12 17:18:00,49.28634215500945
2025-06-12 17:34:00,70.9
2025-06-12 19:32:00,6.6
2025-06-12 14:02:00,0.3
2025-06-12 17:55:00,49.28634215500945
2025-06-12 05:40:00,7.8
2025-06-12 00:05:00,44.6
2025-06-12 08:51:00,31.2
2025-06-12 22:10:00,86.0
2025-06-12 21:27:00,18.4
2025-06-12 00:58:00,18.1
2025-06-12 13:56:00,53.9
2025-06-12 01:48:00,88.4
2025-06-12 06:32:00,74.8
2025-06-12 06:42:00,43.7
2025-06-12 01:19:00,72.4
2025-06-12 14:37:00,49.28634215500945
2025-06-12 05:44:00,34.2
2025-06-12 03:15:00,28.7
2025-06-12 02:20:00,49.28634215500945
2025-06-12 09:11:00,25.1
2025-06-12 20:17:00,72.4
2025-06-12 01:15:00,29.8
2025-06-12 14:28:00,49.28634215500945
2025-06-12 15:09:00,9.5
2025-06-12 04:06:00,65.6
2025-06-12 10:33:00,75.8
2025-06-12 15:42:00,68.3
2025-06-12 12:50:00,6.9
2025-06-12 06:01:00,49.28634215500945
2025-06-12 22:37:00,78.7
2025-06-12 05:39:00,37.2
2025-06-12 01:37:00,93.3
2025-06-12 03:04:00,44.8
2025-06-12 14:11:00,49.28634215500945
2025-06-12 01:31:00,71.5
2025-06-12 02:02:00,58.1
2025-06-12 20:04:00,49.28634215500945
2025-06-12 03:39:00,44.6
2025-06-12 00:14:00,48.5
2025-06-12 14:46:00,75.8
2025-06-12 21:46:00,44.3
2025-06-12 09:34:00,42.1
2025-06-12 05:37:00,49.28634215500945
2025-06-12 13:09:00,30.2
2025-06-12 04:53:00,97.0
2025-06-12 09:14:00,24.1
2025-06-12 11:13:00,95.6
2025-06-12 04:38:00,60.1
2025-06-12 06:21:00,4.4
2025-06-12 16:48:00,2.4
2025-06-12 09:33:00,72.5
2025-06-12 04:39:00,26.4
2025-06-12 20:06:00,49.28634215500945
2025-06-12 03:54:00,49.28634215500945
2025-06-12 15:08:00,4.2
2025-06-12 20:57:00,3.8
2025-06-12 17:16:00,36.9
2025-06-12 05:33:00,78.0
2025-06-12 00:18:00,21.4
2025-06-12 16:22:00,75.0
2025-06-12 16:17:00,37.1
2025-06-12 03:42:00,58.6
2025-06-12 07:31:00,80.8
2025-06-12 17:05:00,49.28634215500945
2025-06-12 16:53:00,6.9
2025-06-12 06:13:00,92.3
2025-06-12 03:59:00,49.28634215500945
2025-06-12 21:30:00,56.0
2025-06-12 11:41:00,40.8
2025-06-12 15:16:00,15.2
2025-06-12 08:25:00,39.4
2025-06-12 22:50:00,91.8
2025-06-12 06:52:00,20.6
2025-06-12 12:39:00,64.3
2025-06-12 21:07:00,34.4
2025-06-12 06:44:00,42.3
2025-06-12 08:35:00,17.0
2025-06-12 06:49:00,81.5
2025-06-12 23:57:00,46.8
2025-06-12 19:46:00,49.28634215500945
2025-06-12 04:04:00,49.28634215500945
2025-06-12 13:37:00,49.28634215500945
2025-06-12 20:26:00,18.4
2025-06-12 05:07:00,51.3
2025-06-12 11:49:00,25.4
2025-06-12 19:42:00,79.3
2025-06-12 16:46:00,47.9
2025-06-12 23:04:00,13.7
2025-06-12 11:10:00,49.28634215500945
2025-06-12 17:44:00,33.7
2025-06-12 17:53:00,90.6
2025-06-12 06:57:00,49.28634215500945
2025-06-12 12:54:00,51.5
2025-06-12 14:54:00,28.4
2025-06-12 11:35:00,93.8
2025-06-12 00:21:00,70.2
2025-06-12 14:39:00,49.28634215500945
2025-06-12 02:09:00,19.0
2025-06-12 23:35:00,29.8
2025-06-12 00:40:00,51.7
2025-06-12 08:30:00,49.28634215500945
2025-06-12 04:44:00,49.28634215500945
2025-06-12 22:57:00,99.3
2025-06-12 02:53:00,73.4
2025-06-12 23:25:00,20.5
2025-06-12 13:43:00,49.28634215500945
2025-06-12 01:17:00,61.3
2025-06-12 15:55:00,5.7
2025-06-12 08:46:00,49.28634215500945
2025-06-12 08:52:00,38.5
2025-06-12 15:15:00,97.5
2025-06-12 19:01:00,85.2
2025-06-12 15:37:00,72.4
2025-06-12 11:08:00,49.28634215500945
2025-06-12 21:04:00,59.8
2025-06-12 20:33:00,13.5
2025-06-12 19:11:00,41.2
2025-06-12 07:23:00,37.4
2025-06-12 00:30:00,32.7
2025-06-12 10:06:00,51.8
2025-06-12 16:10:00,28.0
2025-06-12 10:22:00,42.3
2025-06-12 08:21:00,41.8
2025-06-12 07:56:00,50.0812925170068
2025-06-12 17:21:00,1.6
2025-06-12 16:36:00,26.8
2025-06-12 21:16:00,81.7
2025-06-12 10:39:00,27.3
2025-06-12 19:55:00,91.7
2025-06-12 00:02:00,69.0
2025-06-12 21:14:00,71.0
2025-06-12 04:16:00,64.0
2025-06-12 12:31:00,99.5
2025-06-12 06:51:00,16.5
2025-06-12 02:57:00,58.1
2025-06-12 08:22:00,12.1
2025-06-12 03:21:00,52.3
2025-06-12 16:47:00,5.0
2025-06-12 02:37:00,64.5
2025-06-12 15:50:00,94.5
2025-06-12 11:55:00,70.1
2025-06-12 03:30:00,96.1
2025-06-12 09:16:00,34.0
2025-06-12 23:47:00,50.0812925170068
2025-06-12 13:42:00,94.7
2025-06-12 04:21:00,26.8
2025-06-12 03:43:00,3.6
2025-06-12 09:04:00,77.5
2025-06-12 20:47:00,55.8
2025-06-12 01:33:00,67.9
2025-06-12 01:51:00,94.2
2025-06-12 06:43:00,4.1
2025-06-12 08:53:00,68.1
2025-06-12 08:16:00,7.6
2025-06-12 20:43:00,3.4
2025-06-12 15:25:00,98.0
2025-06-12 05:30:00,50.0812925170068
2025-06-12 22:57:00,77.6
2025-06-12 17:14:00,21.7
2025-06-12 17:09:00,49.3
2025-06-12 21:29:00,60.4
2025-06-12 19:01:00,39.9
2025-06-12 22:04:00,8.9
2025-06-12 21:59:00,77.8
2025-06-12 17:02:00,50.0812925170068
2025-06-12 19:14:00,75.3
2025-06-12 17:55:00,50.0812925170068
2025-06-12 13:25:00,3.3
2025-06-12 08:29:00,28.0
2025-06-12 09:17:00,81.7
2025-06-12 13:02:00,69.9
2025-06-12 00:57:00,61.8
2025-06-12 13:45:00,84.0
2025-06-12 00:12:00,93.3
2025-06-12 22:08:00,99.2
2025-06-12 05:21:00,72.0
2025-06-12 02:25:00,52.1
2025-06-12 17:04:00,11.1
2025-06-12 01:34:00,46.8
2025-06-12 12:03:00,67.4
2025-06-12 02:50:00,50.0812925170068
2025-06-12 10:27:00,77.4
2025-06-12 18:42:00,77.0
2025-06-12 06:18:00,66.3
2025-06-12 23:25:00,38.7
2025-06-12 16:56:00,4.9
2025-06-12 22:49:00,5.6
2025-06-12 02:45:00,50.0812925170068
2025-06-12 00:26:00,50.0812925170068
2025-06-12 09:43:00,5.5
2025-06-12 20:31:00,37.4
2025-06-12 20:21:00,12.7
2025-06-12 02:28:00,72.2
2025-06-12 16:33:00,89.4
2025-06-12 03:10:00,67.3
2025-06-12 22:59:00,5.4
2025-06-12 23:07:00,71.5
2025-06-12 19:04:00,77.6
2025-06-12 20:59:00,35.2
2025-06-12 01:50:00,50.0812925170068
2025-06-12 20:04:00,13.8
2025-06-12 12:20:00,23.4
2025-06-12 03:23:00,38.3
2025-06-12 04:26:00,64.1
2025-06-12 19:36:00,58.1
2025-06-12 17:54:00,35.7
2025-06-12 04:13:00,69.5
2025-06-12 10:47:00,50.0812925170068
2025-06-12 22:01:00,96.3
2025-06-12 06:56:00,62.1
2025-06-12 22:20:00,28.6
2025-06-12 17:27:00,0.5
2025-06-12 04:05:00,56.7
2025-06-12 11:47:00,84.2
2025-06-12 11:50:00,50.0812925170068
2025-06-12 04:06:00,61.6
2025-06-12 11:51:00,57.3
2025-06-12 07:59:00,72.1
2025-06-12 04:19:00,33.6
2025-06-12 12:59:00,39.5
2025-06-12 22:23:00,88.2
2025-06-12 17:10:00,46.8
2025-06-12 07:29:00,6.2
2025-06-12 08:08:00,93.0
2025-06-12 18:16:00,69.0
2025-06-12 02:10:00,71.5
2025-06-12 22:53:00,50.0812925170068
2025-06-12 05:53:00,82.3
2025-06-12 21:12:00,33.8
2025-06-12 11:53:00,91.5
2025-06-12 19:40:00,97.6
2025-06-12 08:20:00,40.0
2025-06-12 21:56:00,59.8
2025-06-12 12:01:00,92.0
2025-06-12 21:07:00,35.5
2025-06-12 23:27:00,44.9
2025-06-12 11:58:00,16.3
2025-06-12 08:28:00,81.7
2025-06-12 20:20:00,80.5
2025-06-12 22:52:00,93.2
2025-06-12 19:32:00,20.7
2025-06-12 03:04:00,32.4
2025-06-12 15:02:00,91.5
2025-06-12 09:14:00,26.6
2025-06-12 05:39:00,45.9
2025-06-12 04:09:00,69.4
2025-06-12 14:22:00,76.9
2025-06-12 08:40:00,61.9
2025-06-12 18:03:00,5.7
2025-06-12 21:23:00,58.6
2025-06-12 10:36:00,26.6
2025-06-12 09:58:00,12.4
2025-06-12 16:01:00,81.3
2025-06-12 15:21:00,20.8
2025-06-12 22:13:00,22.7
2025-06-12 11:06:00,60.7
2025-06-12 23:33:00,50.0812925170068
2025-06-12 09:29:00,7.6
2025-06-12 01:20:00,12.4
2025-06-12 04:17:00,53.2
2025-06-12 14:17:00,8.0
2025-06-12 07:09:00,30.8
2025-06-12 13:35:00,36.8
2025-06-12 13:22:00,81.7
2025-06-12 15:55:00,28.8
2025-06-12 10:23:00,8.2
2025-06-12 21:03:00,76.8
2025-06-12 22:37:00,28.9
2025-06-12 01:00:00,8.8
2025-06-12 07:35:00,23.5
2025-06-12 01:52:00,82.8
2025-06-12 03:32:00,81.9
2025-06-12 05:45:00,32.7
2025-06-12 23:58:00,22.1
2025-06-12 11:45:00,6.2
2025-06-12 21:20:00,82.0
2025-06-12 19:09:00,75.2
2025-06-12 20:19:00,44.2
2025-06-12 02:13:00,55.9
2025-06-12 04:58:00,64.8
2025-06-12 13:58:00,60.6
2025-06-12 14:31:00,53.5
2025-06-12 16:26:00,46.6
2025-06-12 10:00:00,41.2
2025-06-12 03:02:00,65.5
2025-06-12 01:46:00,50.0812925170068
2025-06-12 12:50:00,62.2
2025-06-12 05:13:00,17.9
2025-06-12 06:59:00,53.8
2025-06-12 08:39:00,11.5
2025-06-12 14:04:00,66.1
2025-06-12 21:28:00,50.0812925170068
2025-06-12 09:12:00,57.7
2025-06-12 16:46:00,28.5
2025-06-12 20:18:00,30.8
2025-06-12 09:51:00,36.4
2025-06-12 03:25:00,82.3
2025-06-12 07:47:00,77.4
2025-06-12 11:34:00,67.7
2025-06-12 23:35:00,43.2
2025-06-12 03:29:00,2.3
2025-06-12 14:55:00,15.2
2025-06-12 07:01:00,97.1
2025-06-12 03:55:00,45.7
2025-06-12 00:52:00,50.0812925170068
2025-06-12 08:14:00,91.0
2025-06-12 15:59:00,50.0812925170068
2025-06-12 10:45:00,26.7
2025-06-12 04:41:00,30.8
2025-06-12 15:42:00,4.4
2025-06-12 16:11:00,4.3
2025-06-12 05:04:00,71.0
2025-06-12 00:44:00,50.0812925170068
2025-06-12 01:09:00,50.0812925170068
2025-06-12 14:00:00,14.9
2025-06-12 08:44:00,0.4
2025-06-12 19:31:00,6.2
2025-06-12 23:37:00,53.4
2025-06-12 08:19:00,50.0812925170068
2025-06-12 14:29:00,5.7
2025-06-12 01:28:00,73.6
2025-06-12 12:16:00,24.7
2025-06-12 13:53:00,16.5
2025-06-12 15:36:00,63.7
2025-06-12 17:12:00,47.1
2025-06-12 00:59:00,81.8
2025-06-12 16:06:00,62.7
2025-06-12 12:56:00,29.9
2025-06-12 21:30:00,51.0
2025-06-12 19:18:00,50.0812925170068
2025-06-12 02:11:00,31.5
2025-06-12 07:27:00,43.8
2025-06-12 14:13:00,19.2
2025-06-12 20:09:00,91.5
2025-06-12 19:48:00,17.6
2025-06-12 22:12:00,67.4
2025-06-12 08:01:00,33.6
2025-06-12 05:08:00,20.8
2025-06-12 00:09:00,34.2
2025-06-12 03:44:00,32.0
2025-06-12 08:11:00,51.8
2025-06-12 13:55:00,14.7
2025-06-12 03:24:00,28.1
2025-06-12 04:01:00,3.6
2025-06-12 15:28:00,39.3
2025-06-12 01:48:00,93.8
2025-06-12 08:54:00,64.8
2025-06-12 20:42:00,50.0812925170068
2025-06-12 08:06:00,2.5
2025-06-12 13:24:00,41.3
2025-06-12 23:05:00,50.0812925170068
2025-06-12 22:02:00,49.0
2025-06-12 22:46:00,3.6
2025-06-12 06:26:00,1.1
2025-06-12 18:18:00,50.6
2025-06-12 10:29:00,34.0
2025-06-12 23:11:00,68.2
2025-06-12 14:09:00,73.4
2025-06-12 12:34:00,49.7
2025-06-12 23:04:00,85.7
2025-06-12 08:09:00,44.5
2025-06-12 04:11:00,50.0812925170068
2025-06-12 16:07:00,91.7
2025-06-12 12:09:00,50.0812925170068
2025-06-12 18:31:00,9.2
2025-06-12 03:01:00,50.0812925170068
2025-06-12 02:05:00,77.6
2025-06-12 07:25:00,50.0812925170068
2025-06-12 02:14:00,61.8
2025-06-12 10:48:00,21.9
2025-06-12 03:26:00,0.7
2025-06-12 16:54:00,50.0812925170068
2025-06-12 18:51:00,50.0812925170068
2025-06-12 11:13:00,87.2
2025-06-12 14:56:00,24.1
2025-06-12 04:33:00,17.8
2025-06-12 02:34:00,23.6
2025-06-12 09:55:00,20.5
2025-06-12 09:21:00,6.2
2025-06-12 11:31:00,69.6
2025-06-12 17:08:00,54.4
2025-06-12 07:14:00,50.0812925170068
2025-06-12 03:22:00,60.8
2025-06-12 15:29:00,50.0812925170068
2025-06-12 12:52:00,98.4
2025-06-12 15:46:00,70.1
2025-06-12 05:15:00,82.2
2025-06-12 04:44:00,50.0812925170068
2025-06-12 05:24:00,67.1
2025-06-12 04:00:00,86.2
2025-06-12 06:40:00,84.8
2025-06-12 10:43:00,97.1
2025-06-12 14:32:00,50.0812925170068
2025-06-12 04:25:00,88.3
2025-06-12 08:18:00,48.8
2025-06-12 11:22:00,75.8
2025-06-12 03:34:00,36.9
2025-06-12 05:16:00,45.3
2025-06-12 11:26:00,41.4
2025-06-12 15:40:00,36.6
2025-06-12 22:06:00,1.3
2025-06-12 09:47:00,51.1
2025-06-12 16:48:00,49.0
2025-06-12 23:01:00,74.8
2025-06-12 23:31:00,50.0812925170068
2025-06-12 00:53:00,75.8
2025-06-12 18:39:00,50.0812925170068
2025-06-12 11:38:00,82.3
2025-06-12 15:35:00,39.6
2025-06-12 10:03:00,50.0812925170068
2025-06-12 13:47:00,65.8
2025-06-12 22:44:00,96.1
2025-06-12 10:13:00,8.3
2025-06-12 22:22:00,84.3
2025-06-12 01:36:00,33.4
2025-06-12 04:06:00,23.9
2025-06-12 10:13:00,27.7
2025-06-12 22:22:00,5.5
2025-06-12 17:59:00,98.7
2025-06-12 00:00:00,80.2
2025-06-12 20:20:00,49.63695830886671
2025-06-12 03:34:00,59.3
2025-06-12 00:42:00,85.0
2025-06-12 23:39:00,66.8
2025-06-12 12:06:00,99.2
2025-06-12 08:38:00,71.8
2025-06-12 03:32:00,71.7
2025-06-12 18:06:00,68.9
2025-06-12 18:19:00,79.7
2025-06-12 02:12:00,49.63695830886671
2025-06-12 08:47:00,58.8
2025-06-12 18:11:00,12.1
2025-06-12 23:32:00,16.6
2025-06-12 16:29:00,57.0
2025-06-12 21:03:00,6.0
2025-06-12 10:28:00,49.63695830886671
2025-06-12 07:00:00,61.4
2025-06-12 19:16:00,38.4
2025-06-12 19:36:00,87.8
2025-06-12 14:37:00,92.1
2025-06-12 11:17:00,28.7
2025-06-12 20:01:00,49.63695830886671
2025-06-12 09:16:00,36.2
2025-06-12 19:54:00,17.0
2025-06-12 11:49:00,18.3
2025-06-12 12:52:00,1.5
2025-06-12 10:39:00,49.63695830886671
2025-06-12 05:59:00,40.3
2025-06-12 22:59:00,75.3
2025-06-12 09:17:00,75.7
2025-06-12 01:51:00,20.8
2025-06-12 19:38:00,94.2
2025-06-12 11:33:00,26.7
2025-06-12 23:55:00,30.8
2025-06-12 15:52:00,48.9
2025-06-12 05:56:00,23.0
2025-06-12 16:22:00,13.3
2025-06-12 01:47:00,58.6
2025-06-12 12:54:00,32.4
2025-06-12 14:12:00,55.5
2025-06-12 06:31:00,38.8
2025-06-12 13:32:00,69.6
2025-06-12 16:21:00,68.3
2025-06-12 08:10:00,83.2
2025-06-12 21:05:00,82.2
2025-06-12 11:36:00,39.5
2025-06-12 10:04:00,60.1
2025-06-12 01:26:00,32.7
2025-06-12 22:49:00,57.3
2025-06-12 14:40:00,86.2
2025-06-12 05:32:00,37.4
2025-06-12 13:49:00,40.2
2025-06-12 16:28:00,39.0
2025-06-12 05:37:00,46.1
2025-06-12 03:14:00,76.4
2025-06-12 13:22:00,44.9
2025-06-12 03:35:00,30.6
2025-06-12 01:19:00,30.5
2025-06-12 22:35:00,38.8
2025-06-12 23:29:00,57.6
2025-06-12 13:50:00,18.6
2025-06-12 08:42:00,82.5
2025-06-12 07:50:00,72.7
2025-06-12 09:51:00,32.6
2025-06-12 02:05:00,84.4
2025-06-12 18:38:00,30.4
2025-06-12 00:11:00,72.1
2025-06-12 22:09:00,81.4
2025-06-12 11:46:00,68.5
2025-06-12 07:29:00,72.0
2025-06-12 05:38:00,19.7
2025-06-12 10:23:00,35.9
2025-06-12 11:20:00,36.1
2025-06-12 17:46:00,73.8
2025-06-12 17:38:00,50.3
2025-06-12 06:34:00,69.7
2025-06-12 08:22:00,86.0
2025-06-12 12:24:00,55.2
2025-06-12 07:39:00,0.9
2025-06-12 01:52:00,57.0
2025-06-12 00:14:00,1.5
2025-06-12 04:46:00,49.63695830886671
2025-06-12 22:11:00,49.63695830886671
2025-06-12 04:45:00,83.6
2025-06-12 19:46:00,49.63695830886671
2025-06-12 21:32:00,15.6
2025-06-12 05:24:00,47.4
2025-06-12 02:25:00,25.9
2025-06-12 10:14:00,33.7
2025-06-12 21:35:00,13.7
2025-06-12 07:43:00,67.5
2025-06-12 17:06:00,68.0
2025-06-12 10:07:00,80.2
2025-06-12 03:28:00,49.63695830886671
2025-06-12 08:49:00,21.3
2025-06-12 08:02:00,54.2
2025-06-12 07:42:00,15.5
2025-06-12 20:53:00,48.1
2025-06-12 13:17:00,13.4
2025-06-12 23:54:00,94.2
2025-06-12 03:49:00,66.8
2025-06-12 19:34:00,33.8
2025-06-12 01:40:00,8.0
2025-06-12 07:36:00,98.6
2025-06-12 23:14:00,49.63695830886671
2025-06-12 13:18:00,62.2
2025-06-12 20:33:00,85.0
2025-06-12 10:59:00,49.63695830886671
2025-06-12 06:06:00,89.3
2025-06-12 06:47:00,12.6
2025-06-12 05:44:00,36.2
2025-06-12 03:44:00,49.2
2025-06-12 07:09:00,59.6
2025-06-12 06:01:00,1.4
2025-06-12 13:27:00,22.6
2025-06-12 20:28:00,50.7
2025-06-12 01:17:00,67.7
2025-06-12 18:51:00,91.2
2025-06-12 13:47:00,49.63695830886671
2025-06-12 16:14:00,94.6
2025-06-12 17:53:00,50.1
2025-06-12 17:07:00,5.9
2025-06-12 09:14:00,28.1
2025-06-12 10:24:00,29.9
2025-06-12 08:46:00,72.3
2025-06-12 09:06:00,20.2
2025-06-12 22:12:00,82.4
2025-06-12 23:43:00,24.1
2025-06-12 09:41:00,34.0
2025-06-12 10:52:00,23.7
2025-06-12 00:05:00,10.7
2025-06-12 04:24:00,49.63695830886671
2025-06-12 00:27:00,88.5
2025-06-12 00:21:00,98.1
2025-06-12 10:45:00,2.2
2025-06-12 02:27:00,49.63695830886671
2025-06-12 17:56:00,78.2
2025-06-12 13:48:00,86.0
2025-06-12 00:47:00,45.2
2025-06-12 06:54:00,59.7
2025-06-12 11:08:00,83.0
2025-06-12 06:35:00,73.9
2025-06-12 20:24:00,3.6
2025-06-12 03:56:00,25.9
2025-06-12 02:00:00,86.6
2025-06-12 12:37:00,49.63695830886671
2025-06-12 08:32:00,27.9
2025-06-12 08:15:00,49.63695830886671
2025-06-12 18:50:00,7.1
2025-06-12 18:12:00,87.0
2025-06-12 08:41:00,38.1
2025-06-12 08:55:00,12.7
2025-06-12 07:52:00,1.9
2025-06-12 05:04:00,5.5
2025-06-12 09:39:00,61.9
2025-06-12 17:09:00,79.6
2025-06-12 01:44:00,49.63695830886671
2025-06-12 16:54:00,96.3
2025-06-12 01:56:00,49.63695830886671
2025-06-12 18:09:00,33.7
2025-06-12 10:19:00,73.8
2025-06-12 05:07:00,64.8
2025-06-12 15:55:00,56.1
2025-06-12 13:19:00,4.4
2025-06-12 07:44:00,84.0
2025-06-12 18:55:00,26.0
2025-06-12 20:07:00,21.8
2025-06-12 02:26:00,49.63695830886671
2025-06-12 16:34:00,75.7
2025-06-12 11:00:00,91.7
2025-06-12 00:49:00,49.63695830886671
2025-06-12 18:15:00,49.63695830886671
2025-06-12 19:05:00,87.6
2025-06-12 10:26:00,49.63695830886671
2025-06-12 11:37:00,7.2
2025-06-12 01:34:00,99.1
2025-06-12 06:18:00,92.7
2025-06-12 12:15:00,8.0
2025-06-12 05:51:00,52.4
2025-06-12 05:47:00,21.3
2025-06-12 06:32:00,26.3
2025-06-12 12:31:00,88.4
2025-06-12 11:05:00,56.6
2025-06-12 23:41:00,88.6
2025-06-12 16:15:00,49.63695830886671
2025-06-12 08:23:00,13.4
2025-06-12 05:33:00,37.4
2025-06-12 18:13:00,93.2
2025-06-12 08:44:00,65.1
2025-06-12 07:51:00,97.9
2025-06-12 00:58:00,6.8
2025-06-12 07:16:00,28.4
2025-06-12 04:43:00,49.63695830886671
2025-06-12 20:23:00,16.4
2025-06-12 12:23:00,55.8
2025-06-12 09:00:00,48.1
2025-06-12 21:46:00,91.9
2025-06-12 11:48:00,92.6
2025-06-12 18:21:00,28.9
2025-06-12 14:36:00,96.0
2025-06-12 14:22:00,68.9
2025-06-12 13:29:00,12.5
2025-06-12 17:11:00,49.63695830886671
2025-06-12 18:30:00,4.7
2025-06-12 01:27:00,81.7
2025-06-12 17:51:00,46.1
2025-06-12 21:30:00,60.1
2025-06-12 16:19:00,44.7
2025-06-12 02:07:00,43.6
2025-06-12 23:47:00,78.5
2025-06-12 02:47:00,80.6
2025-06-12 19:19:00,35.2
2025-06-12 21:04:00,0.2
2025-06-12 03:13:00,41.4
2025-06-12 15:14:00,53.6
2025-06-12 11:42:00,78.7
2025-06-12 02:06:00,22.9
2025-06-12 12:04:00,60.6
2025-06-12 08:13:00,49.1
2025-06-12 02:37:00,44.7
2025-06-12 16:24:00,39.5
2025-06-12 21:23:00,95.3
2025-06-12 00:15:00,58.2
2025-06-12 17:57:00,33.5
2025-06-12 16:31:00,10.5
2025-06-12 06:10:00,94.9
2025-06-12 10:06:00,49.63695830886671
2025-06-12 16:27:00,43.5
2025-06-12 15:38:00,47.3
2025-06-12 23:30:00,4.7
2025-06-12 11:39:00,49.63695830886671
2025-06-12 04:54:00,31.0
2025-06-12 00:59:00,54.1
2025-06-12 23:15:00,65.2
2025-06-12 10:57:00,88.0
2025-06-12 23:57:00,49.63695830886671
2025-06-12 14:13:00,49.63695830886671
2025-06-12 12:56:00,60.5
2025-06-12 02:41:00,49.63695830886671
2025-06-12 05:28:00,49.63695830886671
2025-06-12 13:05:00,17.6
2025-06-12 23:07:00,58.0
2025-06-12 12:51:00,47.5
2025-06-12 21:58:00,80.1
2025-06-12 01:58:00,32.4
2025-06-12 22:21:00,45.1
2025-06-12 02:20:00,69.2
2025-06-12 02:19:00,21.3
2025-06-12 07:49:00,91.4
2025-06-12 00:18:00,68.1
2025-06-12 14:07:00,72.7
2025-06-12 20:46:00,10.9
2025-06-12 07:46:00,27.2
2025-06-12 10:33:00,49.63695830886671
2025-06-12 22:08:00,4.1
2025-06-12 18:53:00,86.1
2025-06-12 07:17:00,20.7
2025-06-12 19:28:00,10.5
2025-06-12 19:21:00,68.8
2025-06-12 19:45:00,80.9
2025-06-12 16:51:00,70.0
2025-06-12 10:44:00,49.63695830886671
2025-06-12 08:43:00,52.5
2025-06-12 23:40:00,20.4
2025-06-12 01:25:00,87.4
2025-06-12 19:08:00,49.63695830886671
2025-06-12 12:12:00,19.1
2025-06-12 17:54:00,14.5
2025-06-12 11:59:00,90.3
2025-06-12 12:53:00,49.63695830886671
2025-06-12 13:02:00,6.4
2025-06-12 00:10:00,49.63695830886671
2025-06-12 03:26:00,23.7
2025-06-12 07:25:00,49.63695830886671
2025-06-12 10:36:00,66.0
2025-06-12 10:20:00,41.6
2025-06-12 07:23:00,12.2
2025-06-12 18:35:00,63.5
2025-06-12 22:01:00,75.3
2025-06-12 10:09:00,9.5
2025-06-12 15:41:00,87.9
2025-06-12 09:23:00,94.4
2025-06-12 17:02:00,79.7
2025-06-12 10:01:00,49.63695830886671
2025-06-12 12:40:00,80.2
2025-06-12 11:03:00,80.6
2025-06-12 19:20:00,75.6
2025-06-12 04:55:00,75.2
2025-06-12 02:35:00,29.6
2025-06-12 16:39:00,88.1
2025-06-12 09:02:00,40.5
2025-06-12 14:42:00,47.3
2025-06-12 22:24:00,81.7
2025-06-12 21:42:00,49.63695830886671
2025-06-12 08:00:00,56.7
2025-06-12 13:54:00,61.9
2025-06-12 07:27:00,94.4
2025-06-12 08:39:00,47.7
2025-06-12 18:42:00,99.0
2025-06-12 04:58:00,49.63695830886671
2025-06-12 11:18:00,4.9
2025-06-12 10:32:00,22.2
2025-06-12 10:18:00,83.8
2025-06-12 18:45:00,84.2
2025-06-12 22:05:00,16.8
2025-06-12 06:58:00,49.63695830886671
2025-06-12 11:16:00,60.1
2025-06-12 07:48:00,61.9
2025-06-12 13:46:00,30.6
2025-06-12 09:58:00,1.1
2025-06-12 17:34:00,38.9
2025-06-12 20:31:00,49.63695830886671
2025-06-12 09:22:00,89.7
2025-06-12 05:52:00,96.4
2025-06-12 18:29:00,47.4
2025-06-12 05:38:00,50.5
2025-06-12 23:34:00,78.6
2025-06-12 13:37:00,30.9
2025-06-12 01:40:00,45.2
2025-06-12 18:50:00,96.0
2025-06-12 15:59:00,67.0
2025-06-12 04:05:00,96.9
2025-06-12 21:51:00,58.2
2025-06-12 20:03:00,72.9
2025-06-12 01:23:00,58.2
2025-06-12 12:48:00,50.41405513666353
2025-06-12 17:38:00,12.5
2025-06-12 19:45:00,53.5
2025-06-12 10:55:00,38.2
2025-06-12 17:52:00,1.5
2025-06-12 06:29:00,47.1
2025-06-12 02:06:00,16.1
2025-06-12 21:26:00,15.4
2025-06-12 00:50:00,88.4
2025-06-12 08:39:00,95.1
2025-06-12 06:22:00,99.4
2025-06-12 06:05:00,50.41405513666353
2025-06-12 01:37:00,40.5
2025-06-12 03:30:00,76.5
2025-06-12 20:29:00,4.6
2025-06-12 01:34:00,15.7
2025-06-12 19:24:00,92.7
2025-06-12 08:12:00,97.5
2025-06-12 01:16:00,99.5
2025-06-12 09:50:00,11.5
2025-06-12 06:23:00,89.4
2025-06-12 13:16:00,47.4
2025-06-12 04:07:00,58.2
2025-06-12 05:41:00,56.5
2025-06-12 21:54:00,42.8
2025-06-12 08:47:00,94.6
2025-06-12 21:47:00,95.6
2025-06-12 03:05:00,28.7
2025-06-12 21:27:00,39.6
2025-06-12 20:30:00,51.1
2025-06-12 10:06:00,9.4
2025-06-12 11:25:00,50.41405513666353
2025-06-12 16:26:00,93.5
2025-06-12 13:24:00,60.6
2025-06-12 20:42:00,51.7
2025-06-12 04:10:00,71.7
2025-06-12 16:16:00,81.0
2025-06-12 14:49:00,19.7
2025-06-12 21:39:00,84.2
2025-06-12 13:32:00,64.6
2025-06-12 15:55:00,66.9
2025-06-12 22:45:00,50.41405513666353
2025-06-12 17:07:00,50.41405513666353
2025-06-12 21:18:00,83.9
2025-06-12 13:01:00,44.3
2025-06-12 09:02:00,33.7
2025-06-12 08:50:00,50.41405513666353
2025-06-12 17:15:00,63.7
2025-06-12 19:26:00,50.41405513666353
2025-06-12 11:19:00,85.7
2025-06-12 07:20:00,33.1
2025-06-12 11:51:00,50.41405513666353
2025-06-12 10:49:00,98.3
2025-06-12 23:09:00,8.0
2025-06-12 05:45:00,50.41405513666353
2025-06-12 08:31:00,100.0
2025-06-12 20:41:00,51.2
2025-06-12 00:07:00,0.7
2025-06-12 15:13:00,99.2
2025-06-12 19:22:00,97.8
2025-06-12 18:24:00,27.6
2025-06-12 21:07:00,40.6
2025-06-12 08:04:00,16.1
2025-06-12 01:30:00,15.9
2025-06-12 22:59:00,44.0
2025-06-12 21:15:00,64.9
2025-06-12 14:39:00,12.9
2025-06-12 19:47:00,51.4
2025-06-12 12:00:00,18.5
2025-06-12 02:49:00,27.7
2025-06-12 23:12:00,94.2
2025-06-12 14:47:00,83.1
2025-06-12 20:51:00,75.4
2025-06-12 01:56:00,13.9
2025-06-12 09:45:00,81.7
2025-06-12 13:10:00,50.41405513666353
2025-06-12 13:17:00,45.7
2025-06-12 16:44:00,68.9
2025-06-12 17:58:00,31.7
2025-06-12 06:43:00,92.9
2025-06-12 07:39:00,60.3
2025-06-12 10:59:00,79.4
2025-06-12 08:11:00,30.1
2025-06-12 17:09:00,79.7
2025-06-12 22:29:00,62.9
2025-06-12 12:45:00,32.8
2025-06-12 15:46:00,50.41405513666353
2025-06-12 05:33:00,89.8
2025-06-12 15:17:00,71.9
2025-06-12 01:15:00,99.8
2025-06-12 06:49:00,4.8
2025-06-12 07:46:00,93.3
2025-06-12 18:10:00,88.6
2025-06-12 23:19:00,13.3
2025-06-12 17:01:00,23.8
2025-06-12 03:06:00,47.1
2025-06-12 06:42:00,48.9
2025-06-12 16:04:00,57.8
2025-06-12 17:56:00,4.2
2025-06-12 22:31:00,32.8
2025-06-12 17:34:00,84.0
2025-06-12 17:28:00,50.41405513666353
2025-06-12 05:00:00,49.5
2025-06-12 18:09:00,21.0
2025-06-12 09:00:00,80.3
2025-06-12 08:15:00,15.8
2025-06-12 16:28:00,63.6
2025-06-12 03:59:00,50.41405513666353
2025-06-12 20:07:00,32.3
2025-06-12 04:46:00,7.9
2025-06-12 12:38:00,30.1
2025-06-12 20:12:00,70.6
2025-06-12 10:45:00,27.5
2025-06-12 19:53:00,56.6
2025-06-12 12:21:00,70.9
2025-06-12 14:13:00,50.41405513666353
2025-06-12 07:57:00,5.6
2025-06-12 22:52:00,82.6
2025-06-12 14:08:00,56.0
2025-06-12 05:02:00,39.2
2025-06-12 13:02:00,7.3
2025-06-12 04:59:00,94.7
2025-06-12 18:48:00,1.6
2025-06-12 08:07:00,50.41405513666353
2025-06-12 09:20:00,68.0
2025-06-12 01:54:00,16.4
2025-06-12 10:39:00,6.8
2025-06-12 06:53:00,2.3
2025-06-12 11:59:00,52.0
2025-06-12 00:34:00,45.6
2025-06-12 00:20:00,22.1
2025-06-12 21:19:00,98.7
2025-06-12 16:15:00,96.7
2025-06-12 01:27:00,50.41405513666353
2025-06-12 17:26:00,12.1
2025-06-12 14:58:00,22.2
2025-06-12 08:57:00,83.7
2025-06-12 08:52:00,67.8
2025-06-12 01:02:00,68.0
2025-06-12 18:13:00,41.3
2025-06-12 14:11:00,39.8
2025-06-12 00:19:00,44.8
2025-06-12 20:18:00,91.1
2025-06-12 08:34:00,40.4
2025-06-12 04:43:00,50.41405513666353
2025-06-12 04:40:00,5.2
2025-06-12 04:26:00,32.3
2025-06-12 22:48:00,50.41405513666353
2025-06-12 21:11:00,57.1
2025-06-12 12:17:00,42.8
2025-06-12 22:20:00,19.1
2025-06-12 22:23:00,30.2
2025-06-12 06:40:00,33.4
2025-06-12 12:57:00,39.6
2025-06-12 11:06:00,78.9
2025-06-12 01:49:00,20.1
2025-06-12 05:34:00,81.1
2025-06-12 16:22:00,34.4
2025-06-12 04:56:00,18.9
2025-06-12 23:20:00,34.5
2025-06-12 23:16:00,58.0
2025-06-12 06:51:00,3.2
2025-06-12 16:00:00,20.9
2025-06-12 10:23:00,3.2
2025-06-12 17:00:00,86.5
2025-06-12 20:11:00,90.5
2025-06-12 23:48:00,2.4
2025-06-12 01:51:00,17.6
2025-06-12 11:55:00,14.7
2025-06-12 23:39:00,3.2
2025-06-12 21:03:00,41.5
2025-06-12 18:47:00,12.8
2025-06-12 11:07:00,51.2
2025-06-12 21:10:00,2.0
2025-06-12 03:46:00,23.2
2025-06-12 11:32:00,68.2
2025-06-12 02:34:00,35.8
2025-06-12 07:49:00,47.9
2025-06-12 13:19:00,64.2
2025-06-12 01:03:00,49.4
2025-06-12 13:54:00,94.9
2025-06-12 06:54:00,61.1
2025-06-12 17:03:00,81.7
2025-06-12 12:58:00,4.2
2025-06-12 20:17:00,62.8
2025-06-12 07:38:00,31.6
2025-06-12 06:44:00,24.8
2025-06-12 09:54:00,81.2
2025-06-12 11:24:00,14.9
2025-06-12 10:43:00,25.5
2025-06-12 17:35:00,50.41405513666353
2025-06-12 07:11:00,50.41405513666353
2025-06-12 17:21:00,27.4
2025-06-12 01:44:00,47.8
2025-06-12 09:39:00,63.2
2025-06-12 20:08:00,14.9
2025-06-12 16:38:00,13.3
2025-06-12 08:54:00,88.6
2025-06-12 15:35:00,47.7
2025-06-12 16:25:00,8.6
2025-06-12 02:05:00,74.9
2025-06-12 05:42:00,35.2
2025-06-12 06:59:00,50.41405513666353
2025-06-12 13:08:00,46.2
2025-06-12 23:14:00,43.7
2025-06-12 01:53:00,24.6
2025-06-12 22:09:00,64.0
2025-06-12 06:57:00,86.5
2025-06-12 04:53:00,50.41405513666353
2025-06-12 07:16:00,70.8
2025-06-12 21:56:00,69.7
2025-06-12 06:58:00,27.1
2025-06-12 20:33:00,61.5
2025-06-12 18:54:00,77.5
2025-06-12 13:20:00,23.5
2025-06-12 20:23:00,44.5
2025-06-12 03:44:00,50.41405513666353
2025-06-12 04:22:00,76.8
2025-06-12 23:43:00,5.6
2025-06-12 19:34:00,85.3
2025-06-12 18:38:00,46.4
2025-06-12 12:50:00,66.7
2025-06-12 02:51:00,66.2
2025-06-12 05:48:00,7.6
2025-06-12 20:46:00,20.1
2025-06-12 22:06:00,17.7
2025-06-12 03:36:00,84.0
2025-06-12 14:31:00,86.5
2025-06-12 02:21:00,50.41405513666353
2025-06-12 15:08:00,70.5
2025-06-12 05:26:00,74.1
2025-06-12 15:27:00,90.6
2025-06-12 00:25:00,0.4
2025-06-12 00:05:00,33.5
2025-06-12 07:13:00,37.8
2025-06-12 22:21:00,84.3
2025-06-12 00:38:00,17.6
2025-06-12 02:43:00,29.8
2025-06-12 20:26:00,50.41405513666353
2025-06-12 17:45:00,31.5
2025-06-12 21:05:00,67.5
2025-06-12 00:15:00,92.2
2025-06-12 15:22:00,88.5
2025-06-12 06:16:00,49.2
2025-06-12 15:47:00,15.1
2025-06-12 04:57:00,48.8
2025-06-12 13:46:00,53.9
2025-06-12 05:44:00,50.41405513666353
2025-06-12 07:18:00,50.41405513666353
2025-06-12 02:56:00,50.41405513666353
2025-06-12 14:22:00,68.5
2025-06-12 04:01:00,50.41405513666353
2025-06-12 22:37:00,26.7
2025-06-12 15:09:00,38.7
2025-06-12 20:37:00,59.4
2025-06-12 11:42:00,87.1
2025-06-12 14:51:00,50.41405513666353
2025-06-12 23:35:00,25.5
2025-06-12 12:10:00,41.5
2025-06-12 07:02:00,12.6
2025-06-12 02:59:00,59.2
2025-06-12 15:02:00,72.5
2025-06-12 00:21:00,0.0
2025-06-12 13:06:00,77.1
2025-06-12 23:06:00,45.4
2025-06-12 15:18:00,27.5
2025-06-12 00:33:00,30.5
2025-06-12 19:09:00,89.7
2025-06-12 06:01:00,73.5
2025-06-12 07:37:00,12.1
2025-06-12 22:50:00,3.3
2025-06-12 13:09:00,19.6
2025-06-12 02:17:00,94.8
2025-06-12 23:57:00,34.3
2025-06-12 06:40:00,35.0
2025-06-12 06:37:00,48.3
2025-06-12 22:42:00,74.7
2025-06-12 00:07:00,9.4
2025-06-12 17:37:00,79.8
2025-06-12 09:59:00,11.9
2025-06-12 12:23:00,96.2
2025-06-12 02:09:00,49.776157380139004
2025-06-12 00:24:00,8.4
2025-06-12 15:24:00,42.3
2025-06-12 01:11:00,6.2
2025-06-12 08:46:00,71.6
2025-06-12 07:13:00,43.7
2025-06-12 18:24:00,81.0
2025-06-12 14:10:00,47.0
2025-06-12 21:08:00,39.9
2025-06-12 07:03:00,14.3
2025-06-12 09:53:00,7.7
2025-06-12 21:58:00,67.5
2025-06-12 10:08:00,18.4
2025-06-12 09:01:00,46.7
2025-06-12 16:26:00,57.2
2025-06-12 09:31:00,27.5
2025-06-12 23:42:00,69.0
2025-06-12 03:30:00,43.6
2025-06-12 23:59:00,30.3
2025-06-12 13:16:00,25.4
2025-06-12 07:29:00,68.3
2025-06-12 22:14:00,49.776157380139004
2025-06-12 14:03:00,20.5
2025-06-12 02:01:00,56.2
2025-06-12 15:58:00,49.776157380139004
2025-06-12 13:21:00,26.8
2025-06-12 02:27:00,12.2
2025-06-12 19:32:00,13.6
2025-06-12 08:57:00,49.776157380139004
2025-06-12 06:55:00,91.5
2025-06-12 03:04:00,2.0
2025-06-12 05:27:00,53.6
2025-06-12 14:15:00,49.776157380139004
2025-06-12 10:14:00,24.5
2025-06-12 14:01:00,89.8
2025-06-12 17:23:00,49.776157380139004
2025-06-12 04:49:00,23.1
2025-06-12 21:09:00,70.8
2025-06-12 21:05:00,62.0
2025-06-12 14:34:00,44.4
2025-06-12 15:41:00,16.3
2025-06-12 13:52:00,78.6
2025-06-12 19:04:00,32.8
2025-06-12 15:01:00,41.9
2025-06-12 07:05:00,28.5
2025-06-12 00:46:00,49.776157380139004
2025-06-12 04:56:00,49.0
2025-06-12 12:16:00,45.0
2025-06-12 12:37:00,49.776157380139004
2025-06-12 13:28:00,44.2
2025-06-12 14:28:00,90.1
2025-06-12 04:37:00,66.8
2025-06-12 23:26:00,40.1
2025-06-12 10:03:00,49.776157380139004
2025-06-12 09:56:00,92.9
2025-06-12 13:31:00,9.0
2025-06-12 04:32:00,70.1
2025-06-12 23:18:00,43.2
2025-06-12 05:18:00,71.4
2025-06-12 07:50:00,95.4
2025-06-12 07:54:00,74.3
2025-06-12 00:17:00,28.7
2025-06-12 01:51:00,65.8
2025-06-12 17:55:00,56.7
2025-06-12 13:42:00,7.2
2025-06-12 13:04:00,59.7
2025-06-12 04:22:00,57.1
2025-06-12 12:18:00,45.2
2025-06-12 16:19:00,44.8
2025-06-12 18:37:00,29.5
2025-06-12 14:54:00,35.1
2025-06-12 20:31:00,87.7
2025-06-12 22:40:00,51.3
2025-06-12 10:43:00,99.5
2025-06-12 14:17:00,2.5
2025-06-12 12:33:00,90.9
2025-06-12 07:38:00,64.8
2025-06-12 23:43:00,25.6
2025-06-12 13:49:00,60.9
2025-06-12 15:35:00,49.776157380139004
2025-06-12 06:08:00,81.9
2025-06-12 01:35:00,49.776157380139004
2025-06-12 01:14:00,17.8
2025-06-12 08:45:00,47.4
2025-06-12 21:48:00,57.2
2025-06-12 07:28:00,88.3
2025-06-12 09:32:00,49.776157380139004
2025-06-12 18:30:00,49.776157380139004
2025-06-12 19:46:00,83.5
2025-06-12 21:35:00,34.0
2025-06-12 02:48:00,45.5
2025-06-12 09:27:00,34.9
2025-06-12 18:54:00,65.4
2025-06-12 08:00:00,70.3
2025-06-12 18:36:00,43.9
2025-06-12 20:23:00,19.8
2025-06-12 05:46:00,58.8
2025-06-12 04:41:00,34.3
2025-06-12 01:49:00,49.776157380139004
2025-06-12 02:07:00,23.1
2025-06-12 03:48:00,97.5
2025-06-12 11:21:00,22.0
2025-06-12 07:18:00,49.776157380139004
2025-06-12 12:28:00,62.7
2025-06-12 03:10:00,2.9
2025-06-12 23:19:00,72.6
2025-06-12 18:04:00,63.0
2025-06-12 22:30:00,39.9
2025-06-12 09:29:00,6.7
2025-06-12 06:15:00,0.5
2025-06-12 15:02:00,53.6
2025-06-12 03:20:00,79.8
2025-06-12 04:45:00,77.9
2025-06-12 17:31:00,50.8
2025-06-12 18:31:00,90.4
2025-06-12 17:50:00,16.9
2025-06-12 03:17:00,44.7
2025-06-12 12:13:00,54.7
2025-06-12 19:16:00,95.5
2025-06-12 11:35:00,38.1
2025-06-12 00:03:00,26.4
2025-06-12 06:35:00,87.0
2025-06-12 00:04:00,89.7
2025-06-12 17:05:00,32.9
2025-06-12 02:31:00,49.776157380139004
2025-06-12 01:17:00,21.2
2025-06-12 16:24:00,11.9
2025-06-12 04:19:00,16.4
2025-06-12 08:40:00,50.2
2025-06-12 13:08:00,70.6
2025-06-12 01:33:00,40.5
2025-06-12 18:03:00,96.1
2025-06-12 21:21:00,14.0
2025-06-12 15:45:00,66.7
2025-06-12 17:04:00,59.7
2025-06-12 16:39:00,44.5
2025-06-12 07:39:00,49.776157380139004
2025-06-12 04:30:00,85.1
2025-06-12 04:52:00,48.8
2025-06-12 21:18:00,29.3
2025-06-12 09:49:00,11.5
2025-06-12 17:46:00,58.0
2025-06-12 08:31:00,91.2
2025-06-12 13:19:00,91.0
2025-06-12 21:02:00,96.4
2025-06-12 15:28:00,4.4
2025-06-12 20:08:00,61.8
2025-06-12 17:11:00,91.8
2025-06-12 10:53:00,30.5
2025-06-12 15:32:00,49.776157380139004
2025-06-12 23:20:00,24.3
2025-06-12 20:34:00,28.7
2025-06-12 01:45:00,4.1
2025-06-12 13:00:00,49.776157380139004
2025-06-12 22:32:00,15.0
2025-06-12 12:19:00,49.776157380139004
2025-06-12 04:59:00,0.7
2025-06-12 18:19:00,24.0
2025-06-12 05:00:00,28.1
2025-06-12 00:57:00,49.776157380139004
2025-06-12 07:14:00,49.776157380139004
2025-06-12 19:48:00,5.3
2025-06-12 00:25:00,49.776157380139004
2025-06-12 00:28:00,73.1
2025-06-12 16:13:00,49.776157380139004
2025-06-12 20:49:00,15.2
2025-06-12 22:21:00,48.0
2025-06-12 14:36:00,79.4
2025-06-12 17:32:00,8.9
2025-06-12 15:50:00,44.1
2025-06-12 11:37:00,52.0
2025-06-12 10:52:00,42.7
2025-06-12 10:19:00,46.3
2025-06-12 00:32:00,57.4
2025-06-12 19:44:00,88.3
2025-06-12 19:12:00,95.1
2025-06-12 01:37:00,71.0
2025-06-12 20:20:00,90.9
2025-06-12 22:41:00,49.776157380139004
2025-06-12 21:54:00,50.0
2025-06-12 00:42:00,30.9
2025-06-12 23:35:00,49.776157380139004
2025-06-12 05:57:00,93.1
2025-06-12 20:24:00,83.6
2025-06-12 02:08:00,40.0
2025-06-12 01:27:00,98.0
2025-06-12 22:22:00,63.2
2025-06-12 22:48:00,49.776157380139004
2025-06-12 16:51:00,26.7
2025-06-12 13:17:00,1.1
2025-06-12 02:28:00,96.7
2025-06-12 14:08:00,66.5
2025-06-12 12:01:00,35.8
2025-06-12 08:39:00,85.8
2025-06-12 03:32:00,43.9
2025-06-12 00:22:00,64.2
2025-06-12 18:44:00,49.3
2025-06-12 11:10:00,51.8
2025-06-12 12:56:00,96.9
2025-06-12 06:33:00,85.8
2025-06-12 13:07:00,10.6
2025-06-12 11:47:00,90.3
2025-06-12 08:48:00,74.5
2025-06-12 13:58:00,52.7
2025-06-12 04:07:00,28.2
2025-06-12 06:36:00,98.7
2025-06-12 18:22:00,85.0
2025-06-12 22:03:00,49.776157380139004
2025-06-12 16:20:00,82.4
2025-06-12 12:08:00,23.7
2025-06-12 15:39:00,49.776157380139004
2025-06-12 05:31:00,49.3
2025-06-12 13:40:00,19.7
2025-06-12 22:37:00,95.4
2025-06-12 08:01:00,5.2
2025-06-12 20:00:00,19.9
2025-06-12 20:02:00,63.8
2025-06-12 14:20:00,62.3
2025-06-12 23:14:00,71.3
2025-06-12 04:38:00,43.0
2025-06-12 18:34:00,35.3
2025-06-12 21:51:00,19.5
2025-06-12 18:33:00,25.6
2025-06-12 20:16:00,49.776157380139004
2025-06-12 19:53:00,71.5
2025-06-12 10:16:00,36.0
2025-06-12 14:32:00,49.776157380139004
2025-06-12 00:00:00,68.3
2025-06-12 20:09:00,11.4
2025-06-12 17:02:00,85.9
2025-06-12 18:11:00,49.776157380139004
2025-06-12 05:11:00,56.1
2025-06-12 06:58:00,64.7
2025-06-12 21:17:00,67.2
2025-06-12 21:15:00,49.776157380139004
2025-06-12 15:23:00,49.1
2025-06-12 12:34:00,45.6
2025-06-12 04:06:00,66.8
2025-06-12 12:49:00,65.9
2025-06-12 04:54:00,3.3
2025-06-12 22:27:00,26.9
2025-06-12 06:03:00,58.2
2025-06-12 13:44:00,4.3
2025-06-12 19:23:00,11.1
2025-06-12 05:44:00,49.776157380139004
2025-06-12 21:56:00,34.9
2025-06-12 14:13:00,49.776157380139004
2025-06-12 10:35:00,3.4
2025-06-12 06:54:00,49.776157380139004
2025-06-12 18:50:00,65.8
2025-06-12 16:56:00,24.3
2025-06-12 04:29:00,77.6
2025-06-12 19:22:00,82.6
2025-06-12 21:13:00,3.9
2025-06-12 06:16:00,59.7
2025-06-12 18:38:00,49.776157380139004
2025-06-12 12:09:00,33.4
2025-06-12 13:39:00,72.2
2025-06-12 22:58:00,1.3
2025-06-12 19:27:00,8.8
2025-06-12 02:24:00,61.3
2025-06-12 13:11:00,59.5
2025-06-12 01:59:00,60.4
2025-06-12 06:17:00,31.1
2025-06-12 10:36:00,10.0
2025-06-12 19:51:00,98.8
2025-06-12 11:27:00,49.776157380139004
2025-06-12 14:04:00,84.5
2025-06-12 12:05:00,49.776157380139004
2025-06-12 14:29:00,62.6
2025-06-12 16:52:00,22.4
2025-06-12 16:06:00,74.1
2025-06-12 02:50:00,65.4
2025-06-12 23:09:00,92.5
2025-06-12 12:42:00,33.8
2025-06-12 01:29:00,46.9
2025-06-12 18:16:00,95.0
2025-06-12 07:13:00,35.6
2025-06-12 11:14:00,85.0
2025-06-12 15:09:00,49.81767540251498
2025-06-12 21:47:00,32.2
2025-06-12 18:36:00,12.9
2025-06-12 06:57:00,49.81767540251498
2025-06-12 13:26:00,18.0
2025-06-12 09:26:00,26.7
2025-06-12 22:24:00,84.6
2025-06-12 22:11:00,59.4
2025-06-12 23:13:00,35.1
2025-06-12 11:01:00,25.0
2025-06-12 09:32:00,6.9
2025-06-12 06:36:00,49.81767540251498
2025-06-12 23:05:00,71.4
2025-06-12 19:18:00,98.1
2025-06-12 16:37:00,17.1
2025-06-12 05:15:00,66.6
2025-06-12 17:51:00,49.81767540251498
2025-06-12 03:19:00,49.81767540251498
2025-06-12 18:07:00,33.9
2025-06-12 03:58:00,56.9
2025-06-12 16:19:00,49.81767540251498
2025-06-12 04:24:00,74.8
2025-06-12 07:18:00,93.8
2025-06-12 04:13:00,38.3
2025-06-12 07:24:00,72.4
2025-06-12 20:54:00,69.4
2025-06-12 23:57:00,64.6
2025-06-12 22:44:00,83.6
2025-06-12 02:56:00,66.7
2025-06-12 10:59:00,31.8
2025-06-12 04:28:00,71.6
2025-06-12 12:40:00,55.2
2025-06-12 06:40:00,24.5
2025-06-12 23:53:00,29.2
2025-06-12 20:52:00,33.1
2025-06-12 06:37:00,49.81767540251498
2025-06-12 18:34:00,29.3
2025-06-12 01:45:00,40.5
2025-06-12 11:33:00,31.4
2025-06-12 00:31:00,87.1
2025-06-12 06:19:00,41.8
2025-06-12 17:02:00,0.4
2025-06-12 05:43:00,0.3
2025-06-12 01:16:00,49.81767540251498
2025-06-12 12:30:00,47.9
2025-06-12 04:01:00,35.4
2025-06-12 23:34:00,11.3
2025-06-12 21:48:00,38.5
2025-06-12 13:37:00,60.0
2025-06-12 07:33:00,50.4
2025-06-12 02:22:00,20.3
2025-06-12 08:38:00,95.0
2025-06-12 02:33:00,49.81767540251498
2025-06-12 14:05:00,27.1
2025-06-12 19:53:00,82.6
2025-06-12 07:51:00,24.2
2025-06-12 19:38:00,48.5
2025-06-12 19:43:00,44.9
2025-06-12 11:57:00,40.0
2025-06-12 03:53:00,74.3
2025-06-12 01:59:00,49.81767540251498
2025-06-12 08:47:00,49.81767540251498
2025-06-12 02:59:00,35.5
2025-06-12 09:59:00,92.4
2025-06-12 10:26:00,15.8
2025-06-12 23:02:00,70.6
2025-06-12 07:35:00,35.9
2025-06-12 03:14:00,30.4
2025-06-12 20:04:00,59.2
2025-06-12 08:34:00,69.0
2025-06-12 08:07:00,49.81767540251498
2025-06-12 14:08:00,13.7
2025-06-12 06:38:00,12.3
2025-06-12 07:11:00,88.7
2025-06-12 00:35:00,63.8
2025-06-12 22:07:00,33.9
2025-06-12 12:29:00,72.2
2025-06-12 23:51:00,60.1
2025-06-12 15:00:00,49.81767540251498
2025-06-12 16:03:00,77.7
2025-06-12 16:07:00,30.1
2025-06-12 07:30:00,37.7
2025-06-12 14:03:00,98.8
2025-06-12 21:23:00,49.81767540251498
2025-06-12 16:40:00,97.1
2025-06-12 11:36:00,29.3
2025-06-12 09:20:00,65.9
2025-06-12 19:21:00,99.3
2025-06-12 07:15:00,3.8
2025-06-12 11:43:00,25.0
2025-06-12 23:30:00,66.8
2025-06-12 01:35:00,42.8
2025-06-12 07:45:00,55.2
2025-06-12 01:30:00,68.1
2025-06-12 06:53:00,31.0
2025-06-12 20:45:00,62.4
2025-06-12 01:56:00,69.0
2025-06-12 06:05:00,28.4
2025-06-12 13:48:00,27.4
2025-06-12 07:27:00,48.4
2025-06-12 20:16:00,82.9
2025-06-12 18:19:00,26.8
2025-06-12 10:05:00,43.6
2025-06-12 07:57:00,78.1
2025-06-12 05:59:00,3.8
2025-06-12 23:01:00,90.4
2025-06-12 00:54:00,99.2
2025-06-12 17:57:00,60.7
2025-06-12 00:11:00,49.5
2025-06-12 01:20:00,37.0
2025-06-12 20:59:00,54.7
2025-06-12 09:09:00,49.81767540251498
2025-06-12 02:10:00,7.9
2025-06-12 05:28:00,81.9
2025-06-12 12:22:00,19.2
2025-06-12 22:57:00,67.7
2025-06-12 12:19:00,28.8
2025-06-12 16:17:00,23.1
2025-06-12 03:39:00,19.0
2025-06-12 08:29:00,56.6
2025-06-12 19:15:00,94.9
2025-06-12 13:16:00,83.0
2025-06-12 20:53:00,96.6
2025-06-12 14:09:00,80.5
2025-06-12 16:34:00,49.81767540251498
2025-06-12 12:45:00,88.0
2025-06-12 04:25:00,39.7
2025-06-12 09:19:00,32.5
2025-06-12 14:29:00,52.8
2025-06-12 05:19:00,8.5
2025-06-12 16:14:00,52.2
2025-06-12 01:28:00,40.7
2025-06-12 08:57:00,84.7
2025-06-12 08:25:00,39.8
2025-06-12 21:32:00,39.3
2025-06-12 10:03:00,7.9
2025-06-12 07:47:00,5.4
2025-06-12 17:44:00,95.8
2025-06-12 18:02:00,49.81767540251498
2025-06-12 14:28:00,69.3
2025-06-12 17:23:00,49.81767540251498
2025-06-12 07:52:00,32.4
2025-06-12 11:00:00,72.1
2025-06-12 23:21:00,52.7
2025-06-12 04:35:00,46.2
2025-06-12 17:19:00,79.4
2025-06-12 07:55:00,49.81767540251498
2025-06-12 02:36:00,49.81767540251498
2025-06-12 04:11:00,12.9
2025-06-12 01:11:00,83.6
2025-06-12 00:07:00,51.8
2025-06-12 08:33:00,49.81767540251498
2025-06-12 16:11:00,1.5
2025-06-12 01:26:00,40.2
2025-06-12 21:20:00,45.6
2025-06-12 13:54:00,14.0
2025-06-12 11:39:00,69.6
2025-06-12 16:20:00,49.81767540251498
2025-06-12 14:58:00,82.4
2025-06-12 10:15:00,67.1
2025-06-12 13:41:00,81.0
2025-06-12 01:15:00,49.81767540251498
2025-06-12 11:40:00,92.1
2025-06-12 09:03:00,88.1
2025-06-12 03:09:00,18.5
2025-06-12 03:15:00,20.1
2025-06-12 12:26:00,29.5
2025-06-12 04:52:00,49.81767540251498
2025-06-12 19:32:00,61.0
2025-06-12 19:02:00,54.3
2025-06-12 09:29:00,72.6
2025-06-12 02:43:00,72.5
2025-06-12 00:19:00,84.5
2025-06-12 20:57:00,50.7
2025-06-12 00:10:00,25.9
2025-06-12 20:15:00,90.8
2025-06-12 13:34:00,13.7
2025-06-12 04:34:00,7.4
2025-06-12 20:11:00,49.81767540251498
2025-06-12 13:21:00,49.81767540251498
2025-06-12 23:00:00,47.1
2025-06-12 05:12:00,82.0
2025-06-12 12:49:00,26.1
2025-06-12 16:38:00,49.81767540251498
2025-06-12 16:27:00,49.81767540251498
2025-06-12 21:40:00,26.9
2025-06-12 05:25:00,53.2
2025-06-12 01:44:00,95.3
2025-06-12 22:58:00,96.4
2025-06-12 08:05:00,15.6
2025-06-12 22:59:00,49.81767540251498
2025-06-12 22:49:00,67.9
2025-06-12 21:02:00,49.81767540251498
2025-06-12 11:58:00,86.8
2025-06-12 06:23:00,58.9
2025-06-12 11:26:00,49.81767540251498
2025-06-12 09:11:00,62.5
2025-06-12 21:37:00,81.4
2025-06-12 16:55:00,49.81767540251498
2025-06-12 02:03:00,93.7
2025-06-12 13:51:00,47.8
2025-06-12 01:33:00,86.0
2025-06-12 18:06:00,0.6
2025-06-12 19:23:00,49.81767540251498
2025-06-12 18:35:00,13.1
2025-06-12 08:44:00,23.1
2025-06-12 05:50:00,49.81767540251498
2025-06-12 14:06:00,95.1
2025-06-12 05:42:00,98.3
2025-06-12 00:18:00,60.7
2025-06-12 21:16:00,7.2
2025-06-12 19:24:00,61.6
2025-06-12 08:00:00,70.3
2025-06-12 01:25:00,58.1
2025-06-12 02:27:00,49.81767540251498
2025-06-12 05:33:00,24.8
2025-06-12 10:55:00,45.4
2025-06-12 18:55:00,63.7
2025-06-12 23:55:00,49.81767540251498
2025-06-12 12:58:00,49.81767540251498
2025-06-12 06:22:00,49.81767540251498
2025-06-12 09:21:00,94.4
2025-06-12 17:15:00,48.1
2025-06-12 16:29:00,0.6
2025-06-12 13:35:00,87.0
2025-06-12 20:34:00,92.1
2025-06-12 14:36:00,40.7
2025-06-12 00:21:00,24.2
2025-06-12 17:03:00,21.6
2025-06-12 01:54:00,91.9
2025-06-12 16:59:00,34.7
2025-06-12 18:50:00,7.6
2025-06-12 09:13:00,10.8
2025-06-12 23:48:00,35.9
2025-06-12 16:04:00,54.8
2025-06-12 20:08:00,89.1
2025-06-12 19:47:00,66.8
2025-06-12 18:00:00,0.4
2025-06-12 10:14:00,23.3
2025-06-12 04:51:00,86.6
2025-06-12 17:49:00,16.7
2025-06-12 05:24:00,93.4
2025-06-12 16:42:00,9.7
2025-06-12 12:01:00,80.0
2025-06-12 12:15:00,91.9
2025-06-12 14:24:00,49.81767540251498
2025-06-12 11:12:00,37.3
2025-06-12 23:40:00,61.1
2025-06-12 09:05:00,97.0
2025-06-12 15:48:00,62.2
2025-06-12 17:10:00,49.81767540251498
2025-06-12 01:52:00,51.0
2025-06-12 06:35:00,49.81767540251498
2025-06-12 22:10:00,88.7
2025-06-12 17:46:00,39.0
2025-06-12 23:22:00,79.3
2025-06-12 14:19:00,98.6
2025-06-12 10:10:00,80.5
2025-06-12 23:16:00,49.81767540251498
2025-06-12 18:53:00,49.81767540251498
2025-06-12 03:11:00,94.2
2025-06-12 02:08:00,76.4
2025-06-12 10:52:00,49.81767540251498
2025-06-12 13:45:00,56.1
2025-06-12 19:00:00,49.81767540251498
2025-06-12 06:00:00,55.3
2025-06-12 08:48:00,66.0
2025-06-12 11:13:00,49.81767540251498
2025-06-12 09:24:00,32.6
2025-06-12 23:27:00,49.81767540251498
2025-06-12 00:55:00,36.8
2025-06-12 12:35:00,72.6
2025-06-12 11:15:00,49.81767540251498
2025-06-12 10:49:00,49.9
2025-06-12 21:14:00,67.2
2025-06-12 03:22:00,13.4
2025-06-12 17:53:00,49.81767540251498
2025-06-12 22:05:00,89.1
2025-06-12 08:30:00,96.2
2025-06-12 13:07:00,83.5
2025-06-12 08:24:00,13.9
2025-06-12 03:16:00,0.0
2025-06-12 09:34:00,39.1
2025-06-12 06:21:00,71.6
2025-06-12 17:47:00,69.1
2025-06-12 15:05:00,66.2
2025-06-12 20:50:00,47.9
2025-06-12 17:13:00,49.81767540251498
2025-06-12 15:43:00,37.4
2025-06-12 21:54:00,49.81767540251498
2025-06-12 18:10:00,64.2
2025-06-12 04:18:00,16.8
2025-06-12 14:42:00,12.8
2025-06-12 04:03:00,50.0
2025-06-12 23:45:00,77.5
2025-06-12 01:58:00,49.81767540251498
2025-06-12 14:44:00,59.0
2025-06-12 08:50:00,9.0
2025-06-12 06:54:00,74.9
2025-06-12 18:23:00,96.8
2025-06-12 10:41:00,67.6
2025-06-12 13:10:00,64.9
2025-06-12 10:44:00,24.0
2025-06-12 07:32:00,65.7
2025-06-12 21:58:00,49.81767540251498
2025-06-12 17:22:00,10.9
2025-06-12 13:20:00,86.8
2025-06-12 08:04:00,14.1
2025-06-12 00:08:00,68.7
2025-06-12 03:52:00,49.791111632270166
2025-06-12 19:00:00,66.4
2025-06-12 17:02:00,94.5
2025-06-12 11:04:00,49.791111632270166
2025-06-12 11:44:00,19.2
2025-06-12 05:43:00,5.3
2025-06-12 01:16:00,16.2
2025-06-12 00:39:00,66.1
2025-06-12 10:17:00,32.6
2025-06-12 18:01:00,72.4
2025-06-12 17:29:00,75.5
2025-06-12 03:48:00,60.8
2025-06-12 20:25:00,49.791111632270166
2025-06-12 12:11:00,73.2
2025-06-12 22:03:00,71.1
2025-06-12 00:32:00,26.3
2025-06-12 20:32:00,53.5
2025-06-12 05:39:00,11.0
2025-06-12 01:02:00,96.9
2025-06-12 21:10:00,44.1
2025-06-12 02:02:00,13.5
2025-06-12 15:38:00,11.1
2025-06-12 23:00:00,88.7
2025-06-12 03:53:00,49.791111632270166
2025-06-12 03:29:00,52.7
2025-06-12 11:59:00,56.7
2025-06-12 23:12:00,6.6
2025-06-12 19:55:00,79.4
2025-06-12 11:33:00,31.0
2025-06-12 09:57:00,46.2
2025-06-12 07:01:00,93.4
2025-06-12 18:18:00,7.0
2025-06-12 03:04:00,80.4
2025-06-12 14:11:00,49.791111632270166
2025-06-12 21:14:00,72.2
2025-06-12 21:50:00,62.0
2025-06-12 04:00:00,25.7
2025-06-12 18:36:00,94.9
2025-06-12 20:52:00,1.3
2025-06-12 17:10:00,94.6
2025-06-12 19:47:00,41.5
2025-06-12 19:42:00,49.791111632270166
2025-06-12 14:45:00,78.4
2025-06-12 12:35:00,60.3
2025-06-12 17:47:00,46.8
2025-06-12 21:33:00,62.1
2025-06-12 08:40:00,42.6
2025-06-12 20:16:00,97.5
2025-06-12 04:38:00,90.2
2025-06-12 03:20:00,49.791111632270166
2025-06-12 09:42:00,99.8
2025-06-12 12:40:00,53.9
2025-06-12 13:15:00,40.8
2025-06-12 13:47:00,23.9
2025-06-12 16:55:00,49.791111632270166
2025-06-12 18:40:00,27.4
2025-06-12 21:25:00,49.791111632270166
2025-06-12 06:04:00,49.791111632270166
2025-06-12 23:16:00,60.0
2025-06-12 02:58:00,52.6
2025-06-12 12:39:00,25.6
2025-06-12 12:44:00,49.791111632270166
2025-06-12 04:09:00,43.1
2025-06-12 14:56:00,94.6
2025-06-12 03:42:00,64.8
2025-06-12 13:59:00,49.791111632270166
2025-06-12 05:22:00,33.5
2025-06-12 03:36:00,49.791111632270166
2025-06-12 10:07:00,7.0
2025-06-12 02:10:00,12.3
2025-06-12 19:36:00,20.7
2025-06-12 13:14:00,35.2
2025-06-12 19:33:00,43.3
2025-06-12 03:19:00,73.5
2025-06-12 20:12:00,40.9
2025-06-12 10:28:00,43.1
2025-06-12 02:04:00,82.3
2025-06-12 04:41:00,59.2
2025-06-12 22:57:00,51.9
2025-06-12 13:05:00,47.6
2025-06-12 19:38:00,22.2
2025-06-12 12:09:00,44.5
2025-06-12 16:53:00,35.8
2025-06-12 19:57:00,59.1
2025-06-12 11:18:00,68.2
2025-06-12 15:56:00,87.9
2025-06-12 22:53:00,49.791111632270166
2025-06-12 22:36:00,2.6
2025-06-12 00:07:00,78.5
2025-06-12 02:59:00,12.5
2025-06-12 10:20:00,15.2
2025-06-12 00:04:00,10.9
2025-06-12 09:09:00,89.3
2025-06-12 01:40:00,49.791111632270166
2025-06-12 03:09:00,9.3
2025-06-12 22:54:00,4.9
2025-06-12 01:49:00,40.0
2025-06-12 02:13:00,15.7
2025-06-12 08:03:00,49.791111632270166
2025-06-12 05:50:00,14.5
2025-06-12 14:30:00,2.0
2025-06-12 06:43:00,46.3
2025-06-12 06:59:00,3.6
2025-06-12 19:02:00,3.7
2025-06-12 07:10:00,73.2
2025-06-12 01:45:00,8.7
2025-06-12 08:06:00,60.3
2025-06-12 05:01:00,22.9
2025-06-12 15:07:00,13.9
2025-06-12 19:40:00,62.0
2025-06-12 03:00:00,67.5
2025-06-12 23:01:00,69.4
2025-06-12 06:52:00,2.6
2025-06-12 11:10:00,94.2
2025-06-12 20:09:00,83.9
2025-06-12 11:26:00,61.2
2025-06-12 14:01:00,20.7
2025-06-12 07:34:00,42.5
2025-06-12 17:59:00,59.6
2025-06-12 06:56:00,54.9
2025-06-12 05:41:00,34.9
2025-06-12 21:47:00,95.1
2025-06-12 21:08:00,49.791111632270166
2025-06-12 16:05:00,67.3
2025-06-12 06:38:00,74.0
2025-06-12 16:21:00,30.4
2025-06-12 21:11:00,16.8
2025-06-12 20:39:00,57.8
2025-06-12 07:59:00,65.4
2025-06-12 16:50:00,60.8
2025-06-12 06:18:00,18.7
2025-06-12 13:57:00,16.4
2025-06-12 06:41:00,49.791111632270166
2025-06-12 19:19:00,41.1
2025-06-12 09:24:00,7.2
2025-06-12 05:54:00,19.2
2025-06-12 12:16:00,49.791111632270166
2025-06-12 05:34:00,10.5
2025-06-12 12:59:00,82.6
2025-06-12 16:39:00,40.0
2025-06-12 03:08:00,83.1
2025-06-12 23:38:00,51.9
2025-06-12 17:30:00,21.2
2025-06-12 01:47:00,75.5
2025-06-12 02:55:00,59.2
2025-06-12 05:18:00,58.0
2025-06-12 08:51:00,54.1
2025-06-12 11:55:00,50.0
2025-06-12 02:52:00,49.791111632270166
2025-06-12 00:38:00,64.8
2025-06-12 04:25:00,77.8
2025-06-12 15:06:00,6.0
2025-06-12 08:27:00,49.791111632270166
2025-06-12 04:49:00,61.2
2025-06-12 12:13:00,45.7
2025-06-12 20:17:00,12.7
2025-06-12 23:02:00,67.0
2025-06-12 02:01:00,49.791111632270166
2025-06-12 23:14:00,73.9
2025-06-12 19:43:00,63.4
2025-06-12 23:44:00,30.1
2025-06-12 10:23:00,30.5
2025-06-12 02:51:00,33.7
2025-06-12 16:25:00,99.8
2025-06-12 14:57:00,54.2
2025-06-12 19:54:00,28.3
2025-06-12 06:32:00,21.6
2025-06-12 22:08:00,95.5
2025-06-12 07:36:00,49.791111632270166
2025-06-12 06:33:00,29.6
2025-06-12 15:17:00,49.791111632270166
2025-06-12 10:35:00,39.4
2025-06-12 00:10:00,14.8
2025-06-12 20:08:00,96.7
2025-06-12 02:28:00,24.0
2025-06-12 00:00:00,99.6
2025-06-12 07:37:00,76.9
2025-06-12 06:21:00,46.7
2025-06-12 11:05:00,70.1
2025-06-12 04:47:00,97.8
2025-06-12 06:03:00,79.9
2025-06-12 00:20:00,42.9
2025-06-12 11:35:00,31.1
2025-06-12 07:05:00,36.3
2025-06-12 06:53:00,49.791111632270166
2025-06-12 18:03:00,84.5
2025-06-12 14:23:00,38.1
2025-06-12 02:54:00,68.0
2025-06-12 06:00:00,72.1
2025-06-12 19:23:00,97.0
2025-06-12 16:46:00,49.791111632270166
2025-06-12 17:43:00,49.791111632270166
2025-06-12 18:05:00,21.8
2025-06-12 05:40:00,90.5
2025-06-12 13:33:00,49.791111632270166
2025-06-12 18:52:00,6.2
2025-06-12 16:09:00,14.2
2025-06-12 03:31:00,19.6
2025-06-12 09:06:00,86.6
2025-06-12 10:37:00,77.7
2025-06-12 22:24:00,39.8
2025-06-12 06:11:00,2.8
2025-06-12 08:17:00,49.791111632270166
2025-06-12 21:32:00,80.5
2025-06-12 01:31:00,46.0
2025-06-12 15:20:00,49.791111632270166
2025-06-12 01:58:00,80.2
2025-06-12 12:43:00,17.6
2025-06-12 19:22:00,98.7
2025-06-12 07:06:00,49.791111632270166
2025-06-12 02:20:00,29.1
2025-06-12 19:41:00,66.7
2025-06-12 02:08:00,49.791111632270166
2025-06-12 04:34:00,74.3
2025-06-12 02:30:00,49.791111632270166
2025-06-12 04:31:00,95.1
2025-06-12 19:37:00,96.2
2025-06-12 10:15:00,9.7
2025-06-12 18:56:00,66.8
2025-06-12 14:16:00,68.7
2025-06-12 05:56:00,39.5
2025-06-12 18:17:00,51.1
2025-06-12 16:31:00,6.5
2025-06-12 13:31:00,49.791111632270166
2025-06-12 23:41:00,82.8
2025-06-12 11:08:00,49.791111632270166
2025-06-12 12:52:00,95.4
2025-06-12 19:53:00,49.791111632270166
2025-06-12 22:22:00,99.8
2025-06-12 16:11:00,69.6
2025-06-12 20:26:00,6.1
2025-06-12 08:38:00,46.3
2025-06-12 17:56:00,5.3
2025-06-12 09:43:00,20.7
2025-06-12 22:40:00,49.791111632270166
2025-06-12 10:34:00,44.4
2025-06-12 02:21:00,47.8
2025-06-12 19:49:00,76.4
2025-06-12 09:04:00,14.1
2025-06-12 12:21:00,89.8
2025-06-12 21:02:00,53.0
2025-06-12 10:04:00,28.0
2025-06-12 09:40:00,2.5
2025-06-12 12:56:00,49.791111632270166
2025-06-12 23:10:00,61.8
2025-06-12 20:43:00,7.9
2025-06-12 10:59:00,1.7
2025-06-12 12:46:00,16.1
2025-06-12 08:56:00,33.5
2025-06-12 09:46:00,72.9
2025-06-12 09:05:00,4.5
2025-06-12 15:00:00,63.5
2025-06-12 23:23:00,91.3
2025-06-12 07:22:00,70.6
2025-06-12 01:33:00,5.6
2025-06-12 15:31:00,55.3
2025-06-12 16:42:00,97.9
2025-06-12 19:15:00,65.5
2025-06-12 06:01:00,4.8
2025-06-12 23:35:00,59.7
2025-06-12 12:08:00,36.0
2025-06-12 16:36:00,98.5
2025-06-12 21:21:00,73.0
2025-06-12 08:13:00,6.6
2025-06-12 07:43:00,77.0
2025-06-12 09:55:00,17.6
2025-06-12 13:10:00,52.4
2025-06-12 08:25:00,55.2
2025-06-12 18:30:00,38.6
2025-06-12 03:23:00,94.1
2025-06-12 04:55:00,49.6
2025-06-12 07:53:00,88.5
2025-06-12 02:34:00,2.5
2025-06-12 13:01:00,14.4
2025-06-12 16:10:00,29.1
2025-06-12 14:24:00,50.406503298774744
2025-06-12 00:26:00,9.9
2025-06-12 04:16:00,6.6
2025-06-12 23:43:00,5.8
2025-06-12 03:41:00,50.406503298774744
2025-06-12 15:06:00,79.8
2025-06-12 14:46:00,64.5
2025-06-12 10:46:00,56.3
2025-06-12 00:29:00,64.9
2025-06-12 11:11:00,50.406503298774744
2025-06-12 02:19:00,50.406503298774744
2025-06-12 04:35:00,41.3
2025-06-12 00:52:00,50.406503298774744
2025-06-12 01:34:00,50.406503298774744
2025-06-12 04:40:00,78.6
2025-06-12 14:08:00,12.0
2025-06-12 12:35:00,18.0
2025-06-12 19:37:00,50.406503298774744
2025-06-12 19:29:00,68.8
2025-06-12 08:54:00,15.7
2025-06-12 14:31:00,38.8
2025-06-12 00:28:00,9.4
2025-06-12 11:38:00,1.4
2025-06-12 19:58:00,58.7
2025-06-12 07:37:00,41.8
2025-06-12 00:15:00,43.6
2025-06-12 18:59:00,78.5
2025-06-12 02:51:00,49.8
2025-06-12 11:59:00,78.8
2025-06-12 21:50:00,35.5
2025-06-12 07:56:00,50.406503298774744
2025-06-12 16:18:00,3.7
2025-06-12 17:00:00,18.3
2025-06-12 13:49:00,50.406503298774744
2025-06-12 03:46:00,89.8
2025-06-12 03:33:00,44.2
2025-06-12 17:39:00,50.406503298774744
2025-06-12 20:54:00,50.406503298774744
2025-06-12 13:16:00,90.7
2025-06-12 13:33:00,18.6
2025-06-12 06:13:00,18.3
2025-06-12 09:29:00,50.406503298774744
2025-06-12 12:24:00,34.7
2025-06-12 12:00:00,1.1
2025-06-12 07:11:00,50.406503298774744
2025-06-12 20:23:00,38.5
2025-06-12 06:53:00,92.9
2025-06-12 03:43:00,57.1
2025-06-12 09:23:00,30.6
2025-06-12 21:35:00,95.8
2025-06-12 00:59:00,25.9
2025-06-12 01:08:00,50.406503298774744
2025-06-12 06:30:00,50.406503298774744
2025-06-12 02:14:00,60.5
2025-06-12 19:52:00,33.0
2025-06-12 01:52:00,60.5
2025-06-12 03:48:00,50.406503298774744
2025-06-12 21:36:00,50.406503298774744
2025-06-12 15:29:00,50.406503298774744
2025-06-12 15:47:00,95.2
2025-06-12 14:35:00,84.7
2025-06-12 11:01:00,90.6
2025-06-12 03:11:00,65.3
2025-06-12 19:45:00,0.3
2025-06-12 04:36:00,73.9
2025-06-12 02:40:00,50.406503298774744
2025-06-12 23:10:00,69.9
2025-06-12 02:37:00,70.4
2025-06-12 12:36:00,40.7
2025-06-12 18:07:00,11.8
2025-06-12 03:40:00,78.0
2025-06-12 11:08:00,2.8
2025-06-12 01:02:00,50.406503298774744
2025-06-12 16:00:00,65.5
2025-06-12 15:50:00,30.2
2025-06-12 07:48:00,50.406503298774744
2025-06-12 22:36:00,19.7
2025-06-12 01:33:00,63.7
2025-06-12 08:59:00,91.8
2025-06-12 21:52:00,50.406503298774744
2025-06-12 11:21:00,82.5
2025-06-12 20:03:00,57.5
2025-06-12 11:22:00,50.406503298774744
2025-06-12 08:18:00,65.0
2025-06-12 15:14:00,14.0
2025-06-12 19:17:00,21.9
2025-06-12 17:06:00,50.406503298774744
2025-06-12 23:57:00,86.0
2025-06-12 02:06:00,65.7
2025-06-12 12:39:00,53.4
2025-06-12 05:13:00,68.2
2025-06-12 09:16:00,77.1
2025-06-12 21:01:00,48.1
2025-06-12 16:38:00,86.5
2025-06-12 08:52:00,13.8
2025-06-12 15:38:00,51.1
2025-06-12 06:20:00,4.0
2025-06-12 14:26:00,50.406503298774744
2025-06-12 01:15:00,37.7
2025-06-12 18:16:00,80.9
2025-06-12 03:15:00,4.0
2025-06-12 04:53:00,35.3
2025-06-12 02:36:00,73.9
2025-06-12 16:23:00,48.5
2025-06-12 14:44:00,15.7
2025-06-12 13:11:00,50.406503298774744
2025-06-12 04:48:00,74.7
2025-06-12 00:35:00,11.4
2025-06-12 07:55:00,64.2
2025-06-12 08:36:00,58.9
2025-06-12 21:47:00,75.3
2025-06-12 01:46:00,84.2
2025-06-12 09:18:00,76.1
2025-06-12 06:14:00,81.1
2025-06-12 04:14:00,50.406503298774744
2025-06-12 02:47:00,50.406503298774744
2025-06-12 16:14:00,92.7
2025-06-12 03:38:00,18.5
2025-06-12 14:18:00,8.7
2025-06-12 12:49:00,15.6
2025-06-12 17:46:00,83.0
2025-06-12 13:24:00,45.7
2025-06-12 21:43:00,83.8
2025-06-12 17:35:00,50.406503298774744
2025-06-12 02:33:00,50.406503298774744
2025-06-12 16:05:00,50.406503298774744
2025-06-12 19:19:00,2.5
2025-06-12 13:45:00,13.1
2025-06-12 22:15:00,37.6
2025-06-12 21:07:00,89.2
2025-06-12 23:15:00,8.2
2025-06-12 22:40:00,99.2
2025-06-12 04:32:00,73.1
2025-06-12 14:34:00,50.406503298774744
2025-06-12 08:03:00,13.4
2025-06-12 01:06:00,10.7
2025-06-12 03:57:00,27.5
2025-06-12 20:00:00,5.0
2025-06-12 11:41:00,90.6
2025-06-12 14:58:00,23.3
2025-06-12 02:59:00,13.6
2025-06-12 05:41:00,74.9
2025-06-12 13:34:00,45.4
2025-06-12 23:32:00,3.3
2025-06-12 01:00:00,31.1
2025-06-12 02:07:00,32.9
2025-06-12 16:33:00,21.9
2025-06-12 16:06:00,37.8
2025-06-12 20:24:00,16.7
2025-06-12 04:29:00,14.5
2025-06-12 12:44:00,50.406503298774744
2025-06-12 14:19:00,91.1
2025-06-12 17:30:00,76.7
2025-06-12 14:42:00,15.2
2025-06-12 08:00:00,21.7
2025-06-12 14:20:00,17.6
2025-06-12 15:31:00,0.1
2025-06-12 19:55:00,88.7
2025-06-12 11:28:00,50.406503298774744
2025-06-12 05:50:00,7.3
2025-06-12 08:23:00,64.9
2025-06-12 21:44:00,50.406503298774744
2025-06-12 14:11:00,80.4
2025-06-12 09:06:00,31.1
2025-06-12 06:12:00,80.0
2025-06-12 00:38:00,27.0
2025-06-12 15:46:00,50.406503298774744
2025-06-12 07:57:00,12.3
2025-06-12 02:39:00,53.5
2025-06-12 06:15:00,58.9
2025-06-12 19:04:00,46.3
2025-06-12 23:44:00,61.2
2025-06-12 00:49:00,22.6
2025-06-12 13:14:00,23.4
2025-06-12 01:37:00,30.3
2025-06-12 22:27:00,14.6
2025-06-12 17:57:00,23.7
2025-06-12 18:34:00,48.1
2025-06-12 04:51:00,31.6
2025-06-12 18:49:00,50.406503298774744
2025-06-12 03:05:00,28.8
2025-06-12 23:47:00,50.406503298774744
2025-06-12 09:14:00,50.406503298774744
2025-06-12 14:41:00,92.7
2025-06-12 16:21:00,52.3
2025-06-12 07:16:00,78.2
2025-06-12 19:20:00,78.3
2025-06-12 04:00:00,95.4
2025-06-12 14:50:00,79.5
2025-06-12 18:40:00,2.5
2025-06-12 18:15:00,79.0
2025-06-12 02:48:00,45.1
2025-06-12 13:28:00,4.5
2025-06-12 11:32:00,20.6
2025-06-12 21:17:00,35.7
2025-06-12 22:23:00,45.4
2025-06-12 09:10:00,33.8
2025-06-12 13:26:00,99.2
2025-06-12 05:15:00,39.6
2025-06-12 23:34:00,21.0
2025-06-12 23:22:00,50.406503298774744
2025-06-12 07:28:00,50.406503298774744
2025-06-12 11:13:00,76.6
2025-06-12 22:17:00,57.3
2025-06-12 07:44:00,50.406503298774744
2025-06-12 20:55:00,67.9
2025-06-12 10:57:00,69.6
2025-06-12 22:16:00,83.6
2025-06-12 03:06:00,30.0
2025-06-12 15:40:00,50.406503298774744
2025-06-12 21:03:00,49.1
2025-06-12 20:20:00,42.1
2025-06-12 09:22:00,50.0
2025-06-12 14:21:00,6.1
2025-06-12 11:54:00,69.3
2025-06-12 18:25:00,51.0
2025-06-12 21:46:00,1.3
2025-06-12 00:34:00,47.8
2025-06-12 08:39:00,78.5
2025-06-12 19:57:00,42.9
2025-06-12 06:39:00,60.8
2025-06-12 20:51:00,28.3
2025-06-12 19:15:00,77.6
2025-06-12 09:53:00,65.7
2025-06-12 14:04:00,74.4
2025-06-12 01:14:00,19.7
2025-06-12 22:55:00,81.2
2025-06-12 00:13:00,21.4
2025-06-12 02:20:00,15.2
2025-06-12 00:24:00,99.7
2025-06-12 08:35:00,8.2
2025-06-12 18:14:00,81.8
2025-06-12 04:41:00,49.0
2025-06-12 23:53:00,76.7
2025-06-12 12:52:00,50.406503298774744
2025-06-12 19:44:00,48.3
2025-06-12 14:07:00,99.7
2025-06-12 04:05:00,93.2
2025-06-12 04:38:00,50.406503298774744
2025-06-12 10:48:00,97.8
2025-06-12 10:31:00,50.406503298774744
2025-06-12 13:31:00,50.406503298774744
2025-06-12 05:03:00,21.8
2025-06-12 12:56:00,46.2
2025-06-12 11:48:00,77.5
2025-06-12 06:08:00,50.406503298774744
2025-06-12 12:20:00,62.4
2025-06-12 22:48:00,22.0
2025-06-12 17:42:00,13.4
2025-06-12 07:54:00,35.9
2025-06-12 04:04:00,23.1
2025-06-12 02:49:00,73.7
2025-06-12 00:36:00,71.1
2025-06-12 03:31:00,10.1
2025-06-12 04:37:00,28.5
2025-06-12 11:26:00,35.3
2025-06-12 13:04:00,95.6
2025-06-12 12:47:00,46.3
2025-06-12 18:00:00,77.9
2025-06-12 05:18:00,79.3
2025-06-12 06:55:00,70.3
2025-06-12 07:12:00,92.7
2025-06-12 18:33:00,85.0
2025-06-12 08:12:00,21.0
2025-06-12 22:09:00,77.8
2025-06-12 05:55:00,24.8
2025-06-12 12:26:00,85.0
2025-06-12 22:00:00,89.7
2025-06-12 18:11:00,33.3
2025-06-12 08:48:00,42.0
2025-06-12 07:08:00,61.8
2025-06-12 03:19:00,10.3
2025-06-12 17:32:00,98.8
2025-06-12 06:25:00,24.9
2025-06-12 19:46:00,73.9
2025-06-12 06:37:00,12.0
2025-06-12 05:05:00,14.4
2025-06-12 04:13:00,19.6
2025-06-12 20:05:00,11.7
2025-06-12 14:06:00,41.9
2025-06-12 04:45:00,61.3
2025-06-12 22:35:00,13.1
2025-06-12 10:04:00,75.4
2025-06-12 13:40:00,50.406503298774744
2025-06-12 17:10:00,33.8
2025-06-12 14:38:00,70.5
2025-06-12 19:07:00,50.406503298774744
2025-06-12 10:32:00,29.6
2025-06-12 03:23:00,31.5
2025-06-12 09:25:00,50.406503298774744
2025-06-12 20:02:00,50.406503298774744
2025-06-12 04:25:00,16.6
2025-06-12 01:20:00,55.5
2025-06-12 01:54:00,70.5
2025-06-12 03:26:00,16.2
2025-06-12 02:29:00,80.8
2025-06-12 06:06:00,36.7
2025-06-12 18:10:00,2.2
2025-06-12 00:54:00,56.0
2025-06-12 04:18:00,50.406503298774744
2025-06-12 13:44:00,72.7
2025-06-12 19:28:00,56.1
2025-06-12 20:58:00,7.3
2025-06-12 06:40:00,20.3
2025-06-12 05:36:00,36.3
2025-06-12 10:55:00,79.9
2025-06-12 16:20:00,30.9
2025-06-12 09:19:00,94.5
2025-06-12 19:35:00,92.9
2025-06-12 23:58:00,49.4
2025-06-12 07:18:00,68.0
2025-06-12 22:31:00,59.9
2025-06-12 14:05:00,60.9
2025-06-12 13:12:00,5.4
2025-06-12 19:50:00,6.0
2025-06-12 21:52:00,67.5
2025-06-12 17:25:00,34.6
2025-06-12 09:14:00,25.7
2025-06-12 07:42:00,79.0
2025-06-12 10:16:00,73.4
2025-06-12 15:41:00,50.3160582227961
2025-06-12 03:59:00,8.5
2025-06-12 07:29:00,43.5
2025-06-12 13:20:00,50.3160582227961
2025-06-12 14:53:00,7.4
2025-06-12 00:13:00,29.6
2025-06-12 04:18:00,66.6
2025-06-12 06:24:00,66.4
2025-06-12 12:53:00,50.3160582227961
2025-06-12 00:39:00,50.3160582227961
2025-06-12 23:27:00,88.6
2025-06-12 01:42:00,58.7
2025-06-12 00:25:00,69.6
2025-06-12 23:46:00,20.0
2025-06-12 20:35:00,93.4
2025-06-12 17:41:00,50.3160582227961
2025-06-12 12:51:00,26.9
2025-06-12 15:28:00,84.9
2025-06-12 08:56:00,50.3160582227961
2025-06-12 23:59:00,50.3160582227961
2025-06-12 12:06:00,73.1
2025-06-12 10:38:00,99.9
2025-06-12 10:27:00,22.6
2025-06-12 00:06:00,3.6
2025-06-12 05:57:00,25.9
2025-06-12 10:22:00,73.0
2025-06-12 09:07:00,74.9
2025-06-12 01:04:00,21.8
2025-06-12 19:39:00,96.3
2025-06-12 08:03:00,89.9
2025-06-12 04:37:00,64.2
2025-06-12 20:16:00,15.3
2025-06-12 22:12:00,80.8
2025-06-12 18:50:00,86.8
2025-06-12 14:16:00,50.3160582227961
2025-06-12 06:33:00,28.7
2025-06-12 05:19:00,78.4
2025-06-12 13:24:00,50.3160582227961
2025-06-12 14:13:00,50.3160582227961
2025-06-12 21:00:00,51.4
2025-06-12 12:16:00,38.9
2025-06-12 16:54:00,55.7
2025-06-12 19:57:00,2.1
2025-06-12 06:52:00,50.3160582227961
2025-06-12 13:56:00,50.3160582227961
2025-06-12 19:02:00,3.0
2025-06-12 07:31:00,84.4
2025-06-12 12:22:00,4.9
2025-06-12 15:12:00,70.0
2025-06-12 00:14:00,15.2
2025-06-12 02:35:00,89.8
2025-06-12 20:44:00,33.9
2025-06-12 07:16:00,0.2
2025-06-12 21:05:00,48.2
2025-06-12 12:37:00,55.4
2025-06-12 08:32:00,50.3160582227961
2025-06-12 19:34:00,89.6
2025-06-12 14:22:00,87.6
2025-06-12 19:20:00,24.3
2025-06-12 01:49:00,34.8
2025-06-12 02:57:00,60.4
2025-06-12 07:02:00,97.0
2025-06-12 19:56:00,55.3
2025-06-12 21:19:00,99.4
2025-06-12 12:27:00,22.8
2025-06-12 18:57:00,50.3160582227961
2025-06-12 04:04:00,50.3160582227961
2025-06-12 15:13:00,71.8
2025-06-12 08:54:00,1.7
2025-06-12 00:43:00,2.3
2025-06-12 09:57:00,26.2
2025-06-12 06:54:00,16.9
2025-06-12 22:15:00,13.3
2025-06-12 00:55:00,0.2
2025-06-12 19:22:00,70.9
2025-06-12 06:20:00,47.2
2025-06-12 07:52:00,66.9
2025-06-12 22:28:00,85.8
2025-06-12 16:13:00,92.1
2025-06-12 12:09:00,58.9
2025-06-12 21:24:00,99.9
2025-06-12 22:05:00,61.7
2025-06-12 07:55:00,25.1
2025-06-12 07:05:00,40.2
2025-06-12 15:36:00,75.9
2025-06-12 19:47:00,43.4
2025-06-12 00:32:00,96.8
2025-06-12 05:24:00,54.6
2025-06-12 04:43:00,42.5
2025-06-12 21:02:00,0.8
2025-06-12 20:53:00,65.0
2025-06-12 01:11:00,65.2
2025-06-12 11:40:00,21.6
2025-06-12 19:06:00,4.1
2025-06-12 10:28:00,46.1
2025-06-12 03:30:00,54.4
2025-06-12 17:55:00,27.9
2025-06-12 02:06:00,50.3160582227961
2025-06-12 19:29:00,50.3160582227961
2025-06-12 22:41:00,45.1
2025-06-12 10:15:00,31.2
2025-06-12 06:49:00,56.7
2025-06-12 01:23:00,70.7
2025-06-12 07:49:00,46.0
2025-06-12 01:58:00,48.0
2025-06-12 01:28:00,80.1
2025-06-12 14:35:00,50.3160582227961
2025-06-12 08:23:00,8.7
2025-06-12 13:11:00,19.6
2025-06-12 18:24:00,2.4
2025-06-12 02:26:00,44.1
2025-06-12 19:38:00,80.3
2025-06-12 15:30:00,50.3160582227961
2025-06-12 22:59:00,78.2
2025-06-12 03:57:00,31.2
2025-06-12 11:08:00,44.4
2025-06-12 21:57:00,20.5
2025-06-12 16:08:00,50.3160582227961
2025-06-12 15:54:00,77.6
2025-06-12 18:44:00,55.4
2025-06-12 20:56:00,85.6
2025-06-12 20:29:00,50.3160582227961
2025-06-12 14:44:00,19.7
2025-06-12 15:38:00,46.1
2025-06-12 20:15:00,88.0
2025-06-12 23:30:00,95.9
2025-06-12 00:28:00,50.3160582227961
2025-06-12 11:09:00,70.1
2025-06-12 04:45:00,98.5
2025-06-12 05:30:00,19.9
2025-06-12 20:07:00,95.0
2025-06-12 10:01:00,50.3160582227961
2025-06-12 16:55:00,50.3160582227961
2025-06-12 05:25:00,90.6
2025-06-12 17:11:00,7.8
2025-06-12 06:44:00,34.2
2025-06-12 23:48:00,1.2
2025-06-12 04:15:00,50.3160582227961
2025-06-12 06:14:00,58.2
2025-06-12 14:43:00,46.9
2025-06-12 11:43:00,50.3160582227961
2025-06-12 21:26:00,96.4
2025-06-12 02:19:00,68.6
2025-06-12 08:02:00,89.0
2025-06-12 09:32:00,51.9
2025-06-12 05:21:00,18.5
2025-06-12 09:44:00,30.1
2025-06-12 20:39:00,98.6
2025-06-12 05:03:00,89.6
2025-06-12 22:14:00,16.2
2025-06-12 20:21:00,2.2
2025-06-12 19:05:00,96.1
2025-06-12 16:25:00,71.0
2025-06-12 02:42:00,92.1
2025-06-12 22:52:00,64.4
2025-06-12 03:53:00,7.1
2025-06-12 20:58:00,3.5
2025-06-12 21:48:00,32.4
2025-06-12 12:34:00,33.7
2025-06-12 19:25:00,3.9
2025-06-12 04:38:00,50.3160582227961
2025-06-12 17:09:00,7.9
2025-06-12 19:36:00,33.8
2025-06-12 13:48:00,26.4
2025-06-12 10:46:00,3.8
2025-06-12 13:58:00,45.7
2025-06-12 11:35:00,50.3160582227961
2025-06-12 05:50:00,41.6
2025-06-12 06:07:00,50.3160582227961
2025-06-12 10:02:00,77.4
2025-06-12 10:47:00,50.3160582227961
2025-06-12 01:01:00,98.2
2025-06-12 12:30:00,20.0
2025-06-12 04:42:00,20.0
2025-06-12 21:23:00,50.3160582227961
2025-06-12 23:32:00,6.8
2025-06-12 09:35:00,98.2
2025-06-12 10:51:00,53.5
2025-06-12 23:15:00,11.1
2025-06-12 01:06:00,88.1
2025-06-12 10:07:00,16.6
2025-06-12 01:59:00,88.5
2025-06-12 18:34:00,89.8
2025-06-12 14:51:00,94.6
2025-06-12 15:55:00,66.5
2025-06-12 03:47:00,25.4
2025-06-12 16:16:00,63.1
2025-06-12 09:56:00,63.8
2025-06-12 14:37:00,32.3
2025-06-12 18:13:00,50.3160582227961
2025-06-12 17:15:00,88.2
2025-06-12 03:31:00,39.9
2025-06-12 15:03:00,85.9
2025-06-12 20:27:00,93.6
2025-06-12 02:45:00,81.0
2025-06-12 20:13:00,18.5
2025-06-12 10:32:00,45.8
2025-06-12 12:24:00,47.1
2025-06-12 04:11:00,55.7
2025-06-12 06:45:00,39.7
2025-06-12 20:05:00,88.6
2025-06-12 21:06:00,50.3160582227961
2025-06-12 23:56:00,11.8
2025-06-12 08:31:00,46.2
2025-06-12 13:29:00,25.1
2025-06-12 19:07:00,93.0
2025-06-12 23:50:00,47.1
2025-06-12 08:13:00,71.6
2025-06-12 00:26:00,65.1
2025-06-12 06:13:00,96.8
2025-06-12 10:13:00,78.2
2025-06-12 01:27:00,27.9
2025-06-12 23:12:00,95.7
2025-06-12 02:28:00,3.0
2025-06-12 18:06:00,61.5
2025-06-12 14:46:00,8.7
2025-06-12 09:13:00,30.7
2025-06-12 05:40:00,74.8
2025-06-12 04:54:00,27.7
2025-06-12 20:48:00,37.1
2025-06-12 17:47:00,50.3
2025-06-12 12:08:00,73.4
2025-06-12 05:32:00,50.3160582227961
2025-06-12 11:21:00,62.7
2025-06-12 14:29:00,47.8
2025-06-12 00:12:00,78.8
2025-06-12 16:06:00,47.4
2025-06-12 08:22:00,39.7
2025-06-12 13:18:00,96.7
2025-06-12 03:09:00,52.4
2025-06-12 05:00:00,83.6
2025-06-12 17:44:00,70.1
2025-06-12 20:12:00,35.9
2025-06-12 04:00:00,28.0
2025-06-12 06:38:00,35.2
2025-06-12 07:15:00,5.6
2025-06-12 14:18:00,45.4
2025-06-12 08:28:00,83.2
2025-06-12 12:17:00,13.9
2025-06-12 05:20:00,50.3160582227961
2025-06-12 04:35:00,35.9
2025-06-12 23:40:00,52.6
2025-06-12 08:52:00,38.8
2025-06-12 23:16:00,80.9
2025-06-12 14:10:00,27.4
2025-06-12 08:17:00,1.0
2025-06-12 09:37:00,56.9
2025-06-12 03:45:00,93.7
2025-06-12 11:20:00,50.4
2025-06-12 12:29:00,18.0
2025-06-12 20:31:00,63.6
2025-06-12 05:39:00,91.6
2025-06-12 11:52:00,86.2
2025-06-12 20:11:00,50.3160582227961
2025-06-12 12:01:00,30.8
2025-06-12 01:21:00,82.3
2025-06-12 06:43:00,7.6
2025-06-12 03:46:00,86.8
2025-06-12 14:24:00,76.9
2025-06-12 03:11:00,49.3
2025-06-12 09:23:00,36.6
2025-06-12 02:48:00,78.9
2025-06-12 21:55:00,77.3
2025-06-12 14:58:00,26.4
2025-06-12 21:04:00,14.0
2025-06-12 21:12:00,32.7
2025-06-12 21:08:00,47.1
2025-06-12 12:23:00,87.6
2025-06-12 14:07:00,67.4
2025-06-12 05:48:00,51.6
2025-06-12 08:30:00,37.5
2025-06-12 20:25:00,86.7
2025-06-12 23:55:00,86.7
2025-06-12 14:08:00,33.4
2025-06-12 23:51:00,55.9
2025-06-12 04:55:00,56.3
2025-06-12 09:31:00,50.3160582227961
2025-06-12 03:08:00,64.5
2025-06-12 02:55:00,50.3160582227961
2025-06-12 15:56:00,88.5
2025-06-12 04:53:00,89.1
2025-06-12 10:03:00,40.1
2025-06-12 00:50:00,30.8
2025-06-12 18:11:00,36.4
2025-06-12 06:59:00,42.5
2025-06-12 15:50:00,27.1
2025-06-12 22:17:00,1.0
2025-06-12 12:52:00,74.5
2025-06-12 08:44:00,24.8
2025-06-12 09:10:00,99.6
2025-06-12 22:44:00,83.7
2025-06-12 14:03:00,72.5
2025-06-12 06:16:00,89.5
2025-06-12 16:27:00,35.7
2025-06-12 08:04:00,21.1
2025-06-12 17:13:00,78.2
2025-06-12 11:37:00,42.7
2025-06-12 09:53:00,92.3
2025-06-12 18:22:00,20.3
2025-06-12 05:45:00,16.9
2025-06-12 03:49:00,24.1
2025-06-12 18:26:00,35.0
2025-06-12 16:40:00,86.6
2025-06-12 04:00:00,19.1
2025-06-12 21:47:00,75.7
2025-06-12 06:00:00,33.4
2025-06-12 13:41:00,37.7
2025-06-12 18:57:00,23.1
2025-06-12 10:59:00,60.8
2025-06-12 09:11:00,82.2
2025-06-12 16:37:00,53.3
2025-06-12 10:44:00,50.04954009433962
2025-06-12 20:33:00,4.3
2025-06-12 14:43:00,87.4
2025-06-12 16:58:00,5.8
2025-06-12 22:16:00,97.1
2025-06-12 16:48:00,27.4
2025-06-12 16:26:00,21.3
2025-06-12 19:28:00,94.4
2025-06-12 22:59:00,27.4
2025-06-12 14:48:00,50.04954009433962
2025-06-12 03:55:00,11.9
2025-06-12 05:50:00,96.8
2025-06-12 05:15:00,75.6
2025-06-12 07:15:00,82.4
2025-06-12 03:34:00,36.3
2025-06-12 23:07:00,76.4
2025-06-12 22:57:00,30.2
2025-06-12 08:41:00,72.7
2025-06-12 09:52:00,76.6
2025-06-12 09:47:00,50.04954009433962
2025-06-12 02:03:00,94.3
2025-06-12 01:07:00,24.7
2025-06-12 23:05:00,94.6
2025-06-12 23:49:00,75.5
2025-06-12 07:43:00,4.4
2025-06-12 13:28:00,96.8
2025-06-12 01:57:00,50.04954009433962
2025-06-12 04:20:00,74.1
2025-06-12 10:01:00,69.7
2025-06-12 14:40:00,14.5
2025-06-12 13:50:00,5.1
2025-06-12 02:09:00,31.9
2025-06-12 15:41:00,15.4
2025-06-12 07:17:00,79.9
2025-06-12 18:11:00,33.9
2025-06-12 18:03:00,49.9
2025-06-12 06:13:00,60.5
2025-06-12 21:53:00,98.9
2025-06-12 18:04:00,42.1
2025-06-12 17:46:00,24.2
2025-06-12 15:55:00,50.04954009433962
2025-06-12 11:16:00,10.6
2025-06-12 02:22:00,61.5
2025-06-12 01:43:00,19.2
2025-06-12 15:38:00,50.04954009433962
2025-06-12 22:27:00,10.3
2025-06-12 17:48:00,66.7
2025-06-12 15:58:00,20.5
2025-06-12 08:07:00,58.6
2025-06-12 09:27:00,14.6
2025-06-12 07:18:00,47.1
2025-06-12 22:35:00,34.0
2025-06-12 14:51:00,79.6
2025-06-12 12:54:00,2.5
2025-06-12 05:30:00,15.8
2025-06-12 15:00:00,68.9
2025-06-12 08:24:00,50.04954009433962
2025-06-12 05:06:00,33.7
2025-06-12 02:42:00,67.1
2025-06-12 03:41:00,50.04954009433962
2025-06-12 03:52:00,38.9
2025-06-12 04:28:00,50.04954009433962
2025-06-12 16:45:00,89.1
2025-06-12 12:21:00,4.9
2025-06-12 05:59:00,97.3
2025-06-12 23:31:00,50.04954009433962
2025-06-12 20:52:00,78.0
2025-06-12 03:47:00,78.2
2025-06-12 04:13:00,90.9
2025-06-12 03:56:00,31.2
2025-06-12 13:43:00,40.6
2025-06-12 12:04:00,45.8
2025-06-12 23:55:00,91.2
2025-06-12 20:04:00,45.1
2025-06-12 07:34:00,92.5
2025-06-12 06:01:00,88.5
2025-06-12 12:03:00,50.04954009433962
2025-06-12 21:13:00,16.7
2025-06-12 01:55:00,22.6
2025-06-12 14:19:00,49.0
2025-06-12 05:55:00,54.0
2025-06-12 14:24:00,77.3
2025-06-12 14:31:00,80.7
2025-06-12 16:44:00,55.1
2025-06-12 04:10:00,50.04954009433962
2025-06-12 19:58:00,53.7
2025-06-12 10:09:00,61.7
2025-06-12 14:08:00,35.6
2025-06-12 22:08:00,55.7
2025-06-12 08:45:00,0.4
2025-06-12 00:46:00,50.6
2025-06-12 14:05:00,19.1
2025-06-12 07:31:00,96.9
2025-06-12 23:16:00,82.4
2025-06-12 22:12:00,66.5
2025-06-12 11:03:00,8.0
2025-06-12 05:03:00,98.1
2025-06-12 13:11:00,90.1
2025-06-12 23:20:00,58.1
2025-06-12 00:37:00,9.7
2025-06-12 06:11:00,1.9
2025-06-12 07:14:00,53.5
2025-06-12 01:34:00,94.6
2025-06-12 02:46:00,18.7
2025-06-12 02:36:00,50.04954009433962
2025-06-12 01:46:00,98.5
2025-06-12 10:25:00,50.04954009433962
2025-06-12 04:37:00,36.0
2025-06-12 00:43:00,42.3
2025-06-12 02:14:00,12.5
2025-06-12 00:02:00,29.4
2025-06-12 08:09:00,50.04954009433962
2025-06-12 17:52:00,78.9
2025-06-12 07:56:00,94.3
2025-06-12 00:24:00,86.3
2025-06-12 05:28:00,50.04954009433962
2025-06-12 03:33:00,32.5
2025-06-12 06:04:00,50.04954009433962
2025-06-12 01:20:00,50.04954009433962
2025-06-12 19:55:00,91.7
2025-06-12 13:34:00,38.9
2025-06-12 20:20:00,31.9
2025-06-12 05:17:00,58.6
2025-06-12 05:23:00,35.6
2025-06-12 09:30:00,86.7
2025-06-12 16:06:00,1.8
2025-06-12 19:49:00,96.6
2025-06-12 10:23:00,32.5
2025-06-12 11:26:00,77.2
2025-06-12 08:36:00,80.8
2025-06-12 00:31:00,34.6
2025-06-12 23:12:00,47.3
2025-06-12 21:12:00,21.7
2025-06-12 12:53:00,31.7
2025-06-12 08:29:00,24.5
2025-06-12 17:09:00,2.2
2025-06-12 19:21:00,87.5
2025-06-12 01:32:00,19.5
2025-06-12 10:47:00,52.5
2025-06-12 02:38:00,72.3
2025-06-12 23:30:00,9.4
2025-06-12 03:08:00,40.9
2025-06-12 11:06:00,89.6
2025-06-12 16:39:00,34.1
2025-06-12 09:06:00,67.4
2025-06-12 21:50:00,98.2
2025-06-12 03:45:00,60.7
2025-06-12 18:20:00,75.4
2025-06-12 00:41:00,42.8
2025-06-12 07:03:00,56.5
2025-06-12 18:17:00,54.1
2025-06-12 15:40:00,44.0
2025-06-12 06:45:00,46.7
2025-06-12 17:59:00,96.2
2025-06-12 01:25:00,97.2
2025-06-12 08:00:00,17.9
2025-06-12 22:51:00,50.04954009433962
2025-06-12 09:40:00,9.7
2025-06-12 21:10:00,97.1
2025-06-12 20:41:00,60.7
2025-06-12 15:11:00,6.4
2025-06-12 22:30:00,58.8
2025-06-12 13:09:00,82.5
2025-06-12 21:44:00,59.0
2025-06-12 04:52:00,70.9
2025-06-12 00:48:00,25.1
2025-06-12 13:29:00,65.3
2025-06-12 09:16:00,82.7
2025-06-12 12:16:00,21.9
2025-06-12 20:36:00,50.04954009433962
2025-06-12 06:39:00,69.4
2025-06-12 07:48:00,6.6
2025-06-12 15:36:00,91.8
2025-06-12 20:24:00,97.5
2025-06-12 20:18:00,56.4
2025-06-12 04:56:00,80.2
2025-06-12 07:10:00,50.04954009433962
2025-06-12 23:19:00,25.1
2025-06-12 09:58:00,68.1
2025-06-12 07:33:00,36.1
2025-06-12 02:40:00,0.1
2025-06-12 21:42:00,50.04954009433962
2025-06-12 03:48:00,48.5
2025-06-12 10:45:00,32.0
2025-06-12 16:01:00,76.3
2025-06-12 10:15:00,26.1
2025-06-12 11:42:00,98.9
2025-06-12 04:39:00,44.8
2025-06-12 14:03:00,35.9
2025-06-12 11:34:00,15.6
2025-06-12 15:49:00,20.7
2025-06-12 23:22:00,50.04954009433962
2025-06-12 19:54:00,50.04954009433962
2025-06-12 08:02:00,64.4
2025-06-12 08:04:00,34.9
2025-06-12 05:20:00,86.0
2025-06-12 09:07:00,19.5
2025-06-12 06:17:00,33.9
2025-06-12 00:15:00,57.7
2025-06-12 12:20:00,85.6
2025-06-12 00:14:00,50.04954009433962
2025-06-12 21:19:00,58.4
2025-06-12 17:45:00,50.04954009433962
2025-06-12 21:48:00,31.0
2025-06-12 06:55:00,59.8
2025-06-12 06:51:00,57.6
2025-06-12 12:49:00,9.8
2025-06-12 07:02:00,65.7
2025-06-12 21:06:00,50.04954009433962
2025-06-12 07:26:00,7.1
2025-06-12 14:37:00,42.6
2025-06-12 09:02:00,84.9
2025-06-12 18:45:00,41.3
2025-06-12 11:54:00,36.1
2025-06-12 10:20:00,77.8
2025-06-12 07:59:00,20.1
2025-06-12 14:42:00,76.4
2025-06-12 07:06:00,34.4
2025-06-12 02:53:00,30.8
2025-06-12 15:07:00,97.5
2025-06-12 03:25:00,41.4
2025-06-12 09:29:00,83.0
2025-06-12 14:36:00,59.0
2025-06-12 20:09:00,46.4
2025-06-12 22:47:00,18.5
2025-06-12 10:13:00,85.3
2025-06-12 00:53:00,74.8
2025-06-12 18:59:00,42.8
2025-06-12 23:44:00,50.04954009433962
2025-06-12 14:27:00,34.9
2025-06-12 15:24:00,61.7
2025-06-12 15:47:00,50.04954009433962
2025-06-12 16:15:00,61.9
2025-06-12 07:27:00,50.04954009433962
2025-06-12 06:18:00,5.2
2025-06-12 19:41:00,2.4
2025-06-12 07:20:00,30.6
2025-06-12 09:28:00,26.9
2025-06-12 05:47:00,50.04954009433962
2025-06-12 14:23:00,21.3
2025-06-12 06:05:00,32.6
2025-06-12 19:57:00,51.6
2025-06-12 21:51:00,50.04954009433962
2025-06-12 09:05:00,11.0
2025-06-12 08:50:00,50.04954009433962
2025-06-12 02:12:00,39.7
2025-06-12 20:58:00,27.4
2025-06-12 19:39:00,26.6
2025-06-12 15:14:00,50.04954009433962
2025-06-12 10:02:00,31.8
2025-06-12 20:16:00,77.4
2025-06-12 21:29:00,47.8
2025-06-12 21:37:00,2.1
2025-06-12 19:51:00,8.2
2025-06-12 18:29:00,50.04954009433962
2025-06-12 14:30:00,67.7
2025-06-12 03:09:00,20.1
2025-06-12 20:34:00,16.2
2025-06-12 13:42:00,50.04954009433962
2025-06-12 04:22:00,60.6
2025-06-12 03:37:00,54.5
2025-06-12 20:43:00,0.6
2025-06-12 23:42:00,77.6
2025-06-12 19:29:00,50.04954009433962
2025-06-12 00:00:00,26.5
2025-06-12 17:40:00,31.6
2025-06-12 13:35:00,88.8
2025-06-12 08:42:00,55.6
2025-06-12 16:17:00,73.7
2025-06-12 02:28:00,35.8
2025-06-12 15:53:00,25.5
2025-06-12 00:52:00,23.6
2025-06-12 21:28:00,50.04954009433962
2025-06-12 00:21:00,48.8
2025-06-12 18:15:00,77.7
2025-06-12 08:59:00,78.4
2025-06-12 20:11:00,92.2
2025-06-12 22:15:00,26.9
2025-06-12 01:26:00,85.2
2025-06-12 02:43:00,61.3
2025-06-12 19:52:00,6.6
2025-06-12 20:14:00,1.5
2025-06-12 18:40:00,76.0
2025-06-12 01:44:00,7.7
2025-06-12 09:13:00,50.04954009433962
2025-06-12 02:08:00,27.8
2025-06-12 09:48:00,27.2
2025-06-12 19:43:00,50.04954009433962
2025-06-12 14:17:00,36.2
2025-06-12 04:17:00,4.4
2025-06-12 16:03:00,77.4
2025-06-12 01:18:00,50.06682414078186
2025-06-12 10:44:00,93.5
2025-06-12 10:01:00,20.7
2025-06-12 03:10:00,90.9
2025-06-12 06:40:00,46.4
2025-06-12 21:08:00,68.0
2025-06-12 03:50:00,9.8
2025-06-12 11:39:00,41.7
2025-06-12 02:01:00,50.06682414078186
2025-06-12 07:32:00,72.5
2025-06-12 21:02:00,82.0
2025-06-12 21:29:00,29.5
2025-06-12 07:59:00,61.1
2025-06-12 13:14:00,95.4
2025-06-12 00:30:00,91.8
2025-06-12 15:36:00,50.06682414078186
2025-06-12 02:49:00,50.06682414078186
2025-06-12 02:15:00,12.3
2025-06-12 05:33:00,62.3
2025-06-12 08:36:00,13.4
2025-06-12 19:30:00,22.7
2025-06-12 08:10:00,79.4
2025-06-12 19:32:00,36.6
2025-06-12 22:28:00,66.8
2025-06-12 12:37:00,25.1
2025-06-12 05:14:00,3.4
2025-06-12 14:45:00,50.06682414078186
2025-06-12 11:33:00,87.2
2025-06-12 15:31:00,76.2
2025-06-12 18:02:00,80.2
2025-06-12 04:15:00,35.9
2025-06-12 20:12:00,50.06682414078186
2025-06-12 00:00:00,15.8
2025-06-12 20:37:00,12.0
2025-06-12 04:34:00,94.6
2025-06-12 07:08:00,70.5
2025-06-12 05:51:00,33.0
2025-06-12 08:04:00,80.7
2025-06-12 11:31:00,10.2
2025-06-12 05:53:00,84.7
2025-06-12 07:25:00,40.0
2025-06-12 21:43:00,89.6
2025-06-12 16:00:00,51.9
2025-06-12 01:27:00,64.0
2025-06-12 22:31:00,16.2
2025-06-12 13:15:00,25.7
2025-06-12 14:25:00,82.4
2025-06-12 22:41:00,50.06682414078186
2025-06-12 03:08:00,40.0
2025-06-12 11:34:00,22.4
2025-06-12 06:35:00,62.9
2025-06-12 00:47:00,50.6
2025-06-12 19:58:00,92.1
2025-06-12 14:28:00,68.6
2025-06-12 13:42:00,52.8
2025-06-12 07:15:00,7.5
2025-06-12 19:24:00,82.0
2025-06-12 04:14:00,7.3
2025-06-12 20:08:00,19.9
2025-06-12 19:14:00,48.1
2025-06-12 18:52:00,15.6
2025-06-12 02:14:00,95.6
2025-06-12 15:55:00,92.8
2025-06-12 16:39:00,50.06682414078186
2025-06-12 00:01:00,50.06682414078186
2025-06-12 01:06:00,52.7
2025-06-12 03:54:00,38.2
2025-06-12 16:28:00,50.06682414078186
2025-06-12 17:02:00,90.1
2025-06-12 01:51:00,75.5
2025-06-12 13:17:00,39.3
2025-06-12 10:47:00,50.06682414078186
2025-06-12 00:36:00,50.06682414078186
2025-06-12 12:22:00,69.8
2025-06-12 02:58:00,70.2
2025-06-12 01:31:00,19.9
2025-06-12 00:04:00,52.2
2025-06-12 21:07:00,27.8
2025-06-12 09:43:00,79.1
2025-06-12 22:26:00,71.5
2025-06-12 14:09:00,4.0
2025-06-12 20:35:00,41.4
2025-06-12 20:26:00,50.06682414078186
2025-06-12 06:45:00,7.2
2025-06-12 05:36:00,18.6
2025-06-12 20:54:00,64.1
2025-06-12 18:55:00,50.2
2025-06-12 00:39:00,15.0
2025-06-12 04:09:00,89.9
2025-06-12 13:56:00,69.5
2025-06-12 13:58:00,95.0
2025-06-12 05:42:00,1.2
2025-06-12 13:53:00,46.3
2025-06-12 16:16:00,50.06682414078186
2025-06-12 15:16:00,97.5
2025-06-12 09:38:00,70.5
2025-06-12 10:13:00,10.7
2025-06-12 15:04:00,22.3
2025-06-12 14:17:00,97.4
2025-06-12 08:09:00,70.9
2025-06-12 09:32:00,50.06682414078186
2025-06-12 13:26:00,98.9
2025-06-12 12:50:00,9.8
2025-06-12 04:10:00,22.4
2025-06-12 06:26:00,26.7
2025-06-12 13:32:00,77.9
2025-06-12 00:38:00,1.9
2025-06-12 06:18:00,50.06682414078186
2025-06-12 11:30:00,14.1
2025-06-12 19:35:00,47.7
2025-06-12 08:27:00,87.0
2025-06-12 23:30:00,12.9
2025-06-12 07:13:00,7.0
2025-06-12 19:17:00,12.1
2025-06-12 03:58:00,64.3
2025-06-12 06:41:00,50.06682414078186
2025-06-12 10:19:00,74.1
2025-06-12 19:47:00,43.5
2025-06-12 11:36:00,47.9
2025-06-12 14:47:00,92.5
2025-06-12 11:56:00,80.3
2025-06-12 10:36:00,67.8
2025-06-12 06:33:00,99.1
2025-06-12 16:25:00,10.9
2025-06-12 09:57:00,40.2
2025-06-12 08:20:00,99.3
2025-06-12 01:05:00,19.1
2025-06-12 06:15:00,24.9
2025-06-12 16:57:00,31.4
2025-06-12 20:39:00,57.7
2025-06-12 14:44:00,84.5
2025-06-12 07:34:00,50.06682414078186
2025-06-12 02:33:00,76.8
2025-06-12 06:47:00,80.4
2025-06-12 23:49:00,57.5
2025-06-12 22:57:00,50.06682414078186
2025-06-12 22:46:00,39.8
2025-06-12 07:01:00,35.1
2025-06-12 00:24:00,17.8
2025-06-12 12:29:00,63.7
2025-06-12 03:03:00,46.6
2025-06-12 06:29:00,47.9
2025-06-12 10:16:00,22.9
2025-06-12 11:53:00,30.7
2025-06-12 17:03:00,29.8
2025-06-12 06:25:00,88.6
2025-06-12 16:10:00,21.2
2025-06-12 22:55:00,2.5
2025-06-12 07:14:00,43.3
2025-06-12 18:04:00,50.06682414078186
2025-06-12 00:31:00,50.06682414078186
2025-06-12 06:32:00,96.3
2025-06-12 00:49:00,50.3
2025-06-12 15:59:00,50.06682414078186
2025-06-12 22:06:00,10.5
2025-06-12 13:50:00,30.9
2025-06-12 04:44:00,6.4
2025-06-12 05:31:00,87.1
2025-06-12 08:58:00,9.9
2025-06-12 03:36:00,70.9
2025-06-12 10:42:00,19.6
2025-06-12 17:39:00,96.0
2025-06-12 02:56:00,89.2
2025-06-12 02:10:00,92.6
2025-06-12 17:58:00,14.1
2025-06-12 19:12:00,35.1
2025-06-12 03:38:00,60.8
2025-06-12 08:07:00,52.7
2025-06-12 13:31:00,78.4
2025-06-12 01:12:00,50.06682414078186
2025-06-12 05:46:00,50.06682414078186
2025-06-12 19:41:00,88.2
2025-06-12 02:40:00,64.7
2025-06-12 01:36:00,30.1
2025-06-12 12:00:00,80.3
2025-06-12 15:44:00,38.8
2025-06-12 03:42:00,28.7
2025-06-12 16:32:00,54.9
2025-06-12 01:46:00,79.1
2025-06-12 18:22:00,5.3
2025-06-12 13:30:00,50.06682414078186
2025-06-12 00:35:00,9.2
2025-06-12 00:08:00,64.2
2025-06-12 18:14:00,87.3
2025-06-12 01:24:00,39.0
2025-06-12 21:56:00,21.4
2025-06-12 16:59:00,5.0
2025-06-12 20:15:00,6.0
2025-06-12 03:45:00,86.8
2025-06-12 05:32:00,82.9
2025-06-12 11:14:00,27.1
2025-06-12 07:18:00,72.1
2025-06-12 18:46:00,41.7
2025-06-12 23:03:00,47.5
2025-06-12 22:18:00,11.9
2025-06-12 12:18:00,50.0
2025-06-12 13:24:00,48.6
2025-06-12 10:39:00,32.4
2025-06-12 06:17:00,71.4
2025-06-12 18:12:00,60.5
2025-06-12 05:10:00,41.8
2025-06-12 00:16:00,4.4
2025-06-12 21:11:00,79.9
2025-06-12 06:08:00,38.7
2025-06-12 00:23:00,93.2
2025-06-12 22:37:00,5.3
2025-06-12 13:29:00,98.2
2025-06-12 15:09:00,92.0
2025-06-12 07:56:00,93.2
2025-06-12 17:45:00,52.9
2025-06-12 10:34:00,65.7
2025-06-12 08:45:00,68.9
2025-06-12 20:44:00,14.3
2025-06-12 16:54:00,50.06682414078186
2025-06-12 22:47:00,31.8
2025-06-12 09:46:00,50.06682414078186
2025-06-12 04:38:00,84.9
2025-06-12 11:06:00,71.0
2025-06-12 12:32:00,50.06682414078186
2025-06-12 16:42:00,78.7
2025-06-12 02:37:00,8.1
2025-06-12 03:21:00,50.06682414078186
2025-06-12 01:13:00,58.0
2025-06-12 03:18:00,41.1
2025-06-12 03:29:00,50.06682414078186
2025-06-12 16:45:00,30.3
2025-06-12 00:55:00,29.8
2025-06-12 02:17:00,47.9
2025-06-12 15:30:00,41.1
2025-06-12 15:22:00,50.06682414078186
2025-06-12 03:26:00,98.4
2025-06-12 23:29:00,64.6
2025-06-12 19:59:00,50.06682414078186
2025-06-12 09:20:00,77.4
2025-06-12 11:41:00,50.06682414078186
2025-06-12 21:57:00,71.5
2025-06-12 17:17:00,71.9
2025-06-12 07:06:00,28.9
2025-06-12 06:20:00,59.4
2025-06-12 14:37:00,50.06682414078186
2025-06-12 08:13:00,21.4
2025-06-12 23:27:00,52.3
2025-06-12 04:47:00,55.9
2025-06-12 00:59:00,92.5
2025-06-12 22:54:00,13.8
2025-06-12 12:35:00,98.9
2025-06-12 21:05:00,50.06682414078186
2025-06-12 03:02:00,11.7
2025-06-12 18:27:00,40.1
2025-06-12 18:33:00,56.6
2025-06-12 14:18:00,50.06682414078186
2025-06-12 08:47:00,42.7
2025-06-12 06:51:00,17.1
2025-06-12 15:40:00,81.0
2025-06-12 12:48:00,40.2
2025-06-12 00:46:00,21.1
2025-06-12 04:41:00,90.1
2025-06-12 04:48:00,78.9
2025-06-12 03:04:00,60.0
2025-06-12 20:01:00,54.6
2025-06-12 22:05:00,43.9
2025-06-12 05:04:00,4.4
2025-06-12 02:02:00,42.9
2025-06-12 11:35:00,51.6
2025-06-12 08:21:00,32.3
2025-06-12 04:13:00,81.7
2025-06-12 23:41:00,14.0
2025-06-12 18:56:00,72.1
2025-06-12 08:11:00,13.5
2025-06-12 15:54:00,64.7
2025-06-12 14:14:00,52.8
2025-06-12 18:40:00,90.8
2025-06-12 21:40:00,76.2
2025-06-12 07:40:00,27.3
2025-06-12 09:25:00,99.6
2025-06-12 00:43:00,95.1
2025-06-12 19:52:00,50.06682414078186
2025-06-12 23:42:00,26.8
2025-06-12 20:20:00,20.0
2025-06-12 09:58:00,4.2
2025-06-12 10:43:00,63.8
2025-06-12 03:52:00,55.9
2025-06-12 11:02:00,53.7
2025-06-12 00:41:00,40.7
2025-06-12 01:17:00,49.6
2025-06-12 06:43:00,30.2
2025-06-12 09:26:00,1.7
2025-06-12 16:19:00,50.06682414078186
2025-06-12 18:54:00,17.8
2025-06-12 06:31:00,92.7
2025-06-12 21:54:00,85.2
2025-06-12 04:04:00,54.2
2025-06-12 07:50:00,23.4
2025-06-12 14:53:00,16.9
2025-06-12 20:30:00,69.2
2025-06-12 03:20:00,49.378098152289034
2025-06-12 15:04:00,39.7
2025-06-12 18:04:00,94.1
2025-06-12 20:58:00,39.6
2025-06-12 12:59:00,45.6
2025-06-12 06:58:00,49.378098152289034
2025-06-12 02:53:00,37.0
2025-06-12 04:42:00,49.378098152289034
2025-06-12 14:16:00,35.5
2025-06-12 10:29:00,49.378098152289034
2025-06-12 01:10:00,41.1
2025-06-12 20:37:00,31.6
2025-06-12 06:11:00,4.2
2025-06-12 21:32:00,39.7
2025-06-12 03:28:00,49.378098152289034
2025-06-12 15:14:00,49.378098152289034
2025-06-12 19:29:00,88.0
2025-06-12 02:59:00,4.3
2025-06-12 15:09:00,49.378098152289034
2025-06-12 20:12:00,81.5
2025-06-12 08:58:00,74.0
2025-06-12 23:24:00,36.6
2025-06-12 23:16:00,49.378098152289034
2025-06-12 20:06:00,46.4
2025-06-12 19:22:00,7.9
2025-06-12 17:20:00,83.8
2025-06-12 05:24:00,38.0
2025-06-12 08:16:00,82.7
2025-06-12 15:18:00,7.0
2025-06-12 09:23:00,21.9
2025-06-12 03:01:00,17.2
2025-06-12 19:00:00,49.378098152289034
2025-06-12 06:27:00,98.9
2025-06-12 17:30:00,49.378098152289034
2025-06-12 05:08:00,76.9
2025-06-12 18:13:00,75.0
2025-06-12 04:11:00,49.378098152289034
2025-06-12 11:29:00,18.1
2025-06-12 15:47:00,49.378098152289034
2025-06-12 22:21:00,49.378098152289034
2025-06-12 21:19:00,13.5
2025-06-12 18:54:00,49.378098152289034
2025-06-12 06:19:00,49.378098152289034
2025-06-12 20:29:00,41.3
2025-06-12 03:29:00,53.3
2025-06-12 17:45:00,15.7
2025-06-12 15:22:00,47.6
2025-06-12 03:40:00,23.7
2025-06-12 05:52:00,91.0
2025-06-12 23:52:00,49.378098152289034
2025-06-12 22:16:00,48.7
2025-06-12 08:44:00,74.6
2025-06-12 08:09:00,42.4
2025-06-12 13:03:00,49.378098152289034
2025-06-12 18:23:00,83.3
2025-06-12 22:22:00,49.378098152289034
2025-06-12 20:55:00,49.378098152289034
2025-06-12 18:05:00,18.0
2025-06-12 03:39:00,3.7
2025-06-12 04:15:00,95.9
2025-06-12 08:54:00,43.2
2025-06-12 09:48:00,64.9
2025-06-12 11:35:00,52.2
2025-06-12 07:35:00,79.2
2025-06-12 03:32:00,2.7
2025-06-12 09:18:00,49.378098152289034
2025-06-12 18:40:00,49.378098152289034
2025-06-12 17:03:00,49.378098152289034
2025-06-12 07:36:00,7.4
2025-06-12 04:03:00,81.7
2025-06-12 22:47:00,49.378098152289034
2025-06-12 21:15:00,49.378098152289034
2025-06-12 09:28:00,67.3
2025-06-12 21:24:00,95.8
2025-06-12 00:08:00,62.2
2025-06-12 12:41:00,56.5
2025-06-12 18:59:00,43.8
2025-06-12 01:46:00,62.6
2025-06-12 08:11:00,53.4
2025-06-12 11:26:00,55.8
2025-06-12 10:33:00,33.6
2025-06-12 14:06:00,62.3
2025-06-12 15:31:00,1.1
2025-06-12 14:40:00,45.3
2025-06-12 07:31:00,75.4
2025-06-12 00:20:00,97.3
2025-06-12 03:46:00,85.3
2025-06-12 21:58:00,49.378098152289034
2025-06-12 23:34:00,84.5
2025-06-12 05:15:00,49.378098152289034
2025-06-12 13:53:00,49.378098152289034
2025-06-12 08:51:00,57.7
2025-06-12 04:18:00,49.378098152289034
2025-06-12 16:56:00,49.378098152289034
2025-06-12 21:06:00,68.3
2025-06-12 11:02:00,83.3
2025-06-12 17:59:00,36.4
2025-06-12 23:04:00,8.9
2025-06-12 06:04:00,65.7
2025-06-12 13:49:00,49.378098152289034
2025-06-12 21:09:00,21.1
2025-06-12 21:26:00,62.3
2025-06-12 06:01:00,49.378098152289034
2025-06-12 08:04:00,52.0
2025-06-12 08:36:00,83.4
2025-06-12 05:22:00,22.1
2025-06-12 07:40:00,49.378098152289034
2025-06-12 14:17:00,99.9
2025-06-12 09:59:00,61.9
2025-06-12 03:13:00,38.2
2025-06-12 09:31:00,9.3
2025-06-12 00:24:00,82.5
2025-06-12 04:02:00,75.8
2025-06-12 13:56:00,81.9
2025-06-12 14:13:00,30.7
2025-06-12 19:19:00,17.1
2025-06-12 16:28:00,51.4
2025-06-12 08:34:00,78.3
2025-06-12 22:05:00,26.7
2025-06-12 20:08:00,59.8
2025-06-12 14:27:00,75.4
2025-06-12 09:51:00,43.6
2025-06-12 14:52:00,71.3
2025-06-12 20:03:00,49.378098152289034
2025-06-12 23:30:00,71.1
2025-06-12 13:14:00,54.8
2025-06-12 00:22:00,23.9
2025-06-12 20:53:00,41.2
2025-06-12 10:43:00,49.378098152289034
2025-06-12 22:46:00,18.5
2025-06-12 15:56:00,49.378098152289034
2025-06-12 05:09:00,56.6
2025-06-12 11:36:00,22.3
2025-06-12 23:36:00,37.5
2025-06-12 18:33:00,65.2
2025-06-12 18:35:00,49.378098152289034
2025-06-12 22:52:00,90.3
2025-06-12 16:58:00,79.3
2025-06-12 23:27:00,5.1
2025-06-12 14:26:00,68.3
2025-06-12 14:43:00,71.9
2025-06-12 02:49:00,60.0
2025-06-12 00:48:00,83.5
2025-06-12 23:22:00,48.0
2025-06-12 06:21:00,93.8
2025-06-12 10:57:00,45.0
2025-06-12 00:57:00,93.3
2025-06-12 16:21:00,29.0
2025-06-12 11:05:00,41.5
2025-06-12 10:22:00,38.4
2025-06-12 03:30:00,76.6
2025-06-12 15:25:00,74.8
2025-06-12 16:55:00,63.8
2025-06-12 11:24:00,45.2
2025-06-12 07:59:00,49.378098152289034
2025-06-12 15:16:00,55.1
2025-06-12 17:56:00,38.2
2025-06-12 14:45:00,82.5
2025-06-12 16:49:00,49.378098152289034
2025-06-12 08:33:00,58.4
2025-06-12 05:34:00,37.9
2025-06-12 04:50:00,53.2
2025-06-12 15:37:00,49.378098152289034
2025-06-12 09:08:00,94.7
2025-06-12 12:06:00,22.3
2025-06-12 05:58:00,23.5
2025-06-12 09:11:00,16.2
2025-06-12 11:34:00,28.6
2025-06-12 04:47:00,43.4
2025-06-12 06:39:00,15.1
2025-06-12 01:14:00,21.9
2025-06-12 03:21:00,33.4
2025-06-12 03:05:00,16.3
2025-06-12 02:18:00,49.8
2025-06-12 10:31:00,79.5
2025-06-12 14:44:00,59.9
2025-06-12 21:35:00,49.378098152289034
2025-06-12 21:29:00,87.3
2025-06-12 21:21:00,46.8
2025-06-12 19:37:00,22.6
2025-06-12 20:34:00,0.8
2025-06-12 07:47:00,37.3
2025-06-12 02:56:00,18.6
2025-06-12 05:43:00,60.7
2025-06-12 13:13:00,49.378098152289034
2025-06-12 16:59:00,89.9
2025-06-12 01:30:00,49.378098152289034
2025-06-12 14:49:00,6.3
2025-06-12 15:07:00,19.0
2025-06-12 11:22:00,49.378098152289034
2025-06-12 02:29:00,49.378098152289034
2025-06-12 02:00:00,26.6
2025-06-12 19:10:00,0.0
2025-06-12 21:03:00,49.378098152289034
2025-06-12 23:21:00,3.2
2025-06-12 07:55:00,39.3
2025-06-12 07:11:00,22.8
2025-06-12 05:48:00,49.378098152289034
2025-06-12 11:41:00,73.7
2025-06-12 12:27:00,19.5
2025-06-12 01:48:00,29.3
2025-06-12 12:35:00,85.5
2025-06-12 10:03:00,57.7
2025-06-12 04:19:00,48.2
2025-06-12 21:23:00,64.1
2025-06-12 07:43:00,32.9
2025-06-12 00:19:00,29.3
2025-06-12 13:34:00,76.6
2025-06-12 11:11:00,23.9
2025-06-12 06:05:00,63.4
2025-06-12 18:30:00,31.4
2025-06-12 17:23:00,93.2
2025-06-12 03:02:00,54.8
2025-06-12 22:42:00,1.3
2025-06-12 21:07:00,30.8
2025-06-12 01:15:00,40.2
2025-06-12 23:05:00,55.5
2025-06-12 22:32:00,94.6
2025-06-12 17:50:00,23.7
2025-06-12 16:09:00,29.7
2025-06-12 21:08:00,58.3
2025-06-12 02:24:00,55.0
2025-06-12 08:00:00,6.1
2025-06-12 22:08:00,2.4
2025-06-12 23:46:00,12.3
2025-06-12 12:57:00,22.4
2025-06-12 03:11:00,13.9
2025-06-12 16:38:00,49.378098152289034
2025-06-12 00:11:00,88.2
2025-06-12 00:00:00,58.2
2025-06-12 15:30:00,18.2
2025-06-12 02:05:00,66.9
2025-06-12 23:07:00,94.2
2025-06-12 19:11:00,51.0
2025-06-12 01:11:00,2.4
2025-06-12 11:07:00,83.1
2025-06-12 18:27:00,55.2
2025-06-12 00:40:00,46.5
2025-06-12 00:10:00,29.5
2025-06-12 11:47:00,4.8
2025-06-12 01:17:00,49.378098152289034
2025-06-12 04:13:00,68.7
2025-06-12 03:08:00,71.7
2025-06-12 12:17:00,95.7
2025-06-12 16:05:00,34.8
2025-06-12 02:34:00,63.7
2025-06-12 00:02:00,96.2
2025-06-12 01:59:00,49.378098152289034
2025-06-12 06:28:00,7.0
2025-06-12 15:29:00,73.8
2025-06-12 14:28:00,75.0
2025-06-12 11:16:00,93.6
2025-06-12 16:42:00,31.0
2025-06-12 02:31:00,83.3
2025-06-12 07:18:00,68.0
2025-06-12 09:30:00,10.5
2025-06-12 06:08:00,49.378098152289034
2025-06-12 20:28:00,91.7
2025-06-12 05:17:00,21.6
2025-06-12 03:59:00,32.7
2025-06-12 22:10:00,24.0
2025-06-12 14:15:00,16.4
2025-06-12 23:58:00,28.6
2025-06-12 14:24:00,1.9
2025-06-12 01:09:00,11.9
2025-06-12 11:15:00,49.378098152289034
2025-06-12 08:50:00,24.1
2025-06-12 13:51:00,75.9
2025-06-12 09:12:00,88.1
2025-06-12 21:28:00,35.8
2025-06-12 19:30:00,86.2
2025-06-12 09:09:00,40.9
2025-06-12 01:56:00,87.4
2025-06-12 13:25:00,11.2
2025-06-12 19:59:00,49.378098152289034
2025-06-12 20:42:00,45.5
2025-06-12 11:21:00,13.1
2025-06-12 08:10:00,49.378098152289034
2025-06-12 09:19:00,49.378098152289034
2025-06-12 19:44:00,71.3
2025-06-12 17:01:00,49.378098152289034
2025-06-12 09:03:00,51.7
2025-06-12 04:28:00,9.6
2025-06-12 21:22:00,99.5
2025-06-12 14:14:00,96.8
2025-06-12 17:24:00,60.2
2025-06-12 07:33:00,23.0
2025-06-12 03:57:00,98.3
2025-06-12 12:53:00,49.378098152289034
2025-06-12 00:38:00,99.3
2025-06-12 16:14:00,49.378098152289034
2025-06-12 18:34:00,75.7
2025-06-12 02:16:00,17.6
2025-06-12 11:43:00,31.0
2025-06-12 20:30:00,57.6
2025-06-12 22:48:00,1.8
2025-06-12 19:23:00,47.1
2025-06-12 15:57:00,49.378098152289034
2025-06-12 16:06:00,16.4
2025-06-12 02:03:00,69.0
2025-06-12 06:25:00,88.7
2025-06-12 07:42:00,84.7
2025-06-12 05:23:00,11.3
2025-06-12 07:20:00,15.2
2025-06-12 10:27:00,9.8
2025-06-12 15:38:00,95.9
